285	20
1	0.00395011	0.00162866	0.011735	0.00141461	0.00167774	0.053491	0.05265	0.00387196	0.00892169	0.0029411	0.00207785	0.804922	0.000790385	0.00962922	0.0169872	0.00483261	0.00586416	0.00255177	0.00067208	0.00939043
2	0.0400799	0.0619006	0.00347825	0.00300175	0.00418035	0.00301809	0.00681693	0.00619514	0.0591789	0.0391763	0.038094	0.00500968	0.00137728	0.0358691	0.516361	0.00774255	0.123391	0.0389659	0.0012413	0.00492176
3	0.0370954	0.0040789	0.000720318	0.0401187	0.0190205	0.00125055	0.00647973	0.102883	0.0233293	0.368354	0.114745	0.00188176	0.00341709	0.0226615	0.0314226	0.015884	0.0639628	0.113441	0.00125339	0.0280009
4	0.109644	0.00170099	0.0824886	0.1277	0.00168031	0.00147818	0.00218606	0.00431175	0.0541579	0.0179795	0.00266012	0.0430976	0.464315	0.0190357	0.00891374	0.0196297	0.0184205	0.0182294	0.000629032	0.00174189
5	0.14058	0.00160059	0.0243269	0.0168075	0.0012665	0.0560785	0.0154018	0.0321044	0.0066165	0.024451	0.0519689	0.013012	0.402442	0.00842752	0.0112128	0.0830871	0.0712161	0.0238561	0.00217593	0.0133679
6	0.0312783	0.00494825	0.0269002	0.004311	0.00480101	0.00394441	0.292175	0.00752269	0.0118394	0.010695	0.00754149	0.00738821	0.00189132	0.00779413	0.462584	0.00999847	0.0425302	0.027623	0.00627661	0.0279573
7	0.431015	0.0415492	0.0148376	0.00470062	0.00995466	0.0187927	0.00820761	0.00592228	0.00333178	0.0162377	0.00346591	0.00541968	0.0148777	0.00249354	0.0017343	0.231861	0.13195	0.049141	0.000491974	0.00401597
8	0.0578733	0.00188083	0.0527428	0.0625936	0.00966121	0.00149394	0.0446365	0.0106367	0.121442	0.0103141	0.00931551	0.0552681	0.206315	0.115294	0.0616119	0.0265464	0.131662	0.0105204	0.000591076	0.00960082
9	0.0140544	0.00240943	0.0011984	0.00312975	0.0120426	0.00106303	0.00310775	0.431657	0.00120407	0.0507486	0.010207	0.0034429	0.00488225	0.00301841	0.00162849	0.0116383	0.0349713	0.403562	0.00181707	0.00421734
10	0.0737137	0.0046599	0.019732	0.0292516	0.00920842	0.0121641	0.00631467	0.0366857	0.0138578	0.0498436	0.0167877	0.012715	0.560016	0.0108351	0.00762941	0.028618	0.0279011	0.0576904	0.0162851	0.00609097
11	0.279693	0.00574387	0.00108594	0.00159594	0.00213449	0.388521	0.0190819	0.00199788	0.00152689	0.0175601	0.00199944	0.0182195	0.00147067	0.0223912	0.00154881	0.213283	0.0127947	0.00641116	0.000616157	0.00232473
12	0.045174	0.14202	0.0032663	0.00718779	0.0163335	0.0126632	0.0342666	0.0237014	0.0017738	0.134158	0.082737	0.214963	0.00367072	0.00489523	0.00223883	0.117712	0.0921926	0.0578996	0.000802925	0.00234386
13	0.0349431	0.0157441	0.00459901	0.0100351	0.0910856	0.00335215	0.0248353	0.0968632	0.00666457	0.269318	0.072163	0.0128376	0.13382	0.0372367	0.00546088	0.0178028	0.0109035	0.034703	0.0970619	0.0205703
14	0.0161368	0.00613123	0.0521887	0.582968	0.00350334	0.0111446	0.0255948	0.00469446	0.00727897	0.00892911	0.00580143	0.0293046	0.0182749	0.174893	0.0058955	0.00952108	0.0271901	0.00588055	0.00133374	0.00333467
15	0.00576448	0.051785	0.00147692	0.00191776	0.0418593	0.00188604	0.00274949	0.0225219	0.00148391	0.38348	0.259061	0.0142144	0.000764509	0.00199726	0.0114688	0.00401614	0.0988775	0.0802359	0.000817898	0.0136229
16	0.115487	0.0387791	0.00512116	0.00681135	0.0383725	0.00451066	0.0741322	0.0819453	0.0273533	0.158989	0.094796	0.0547263	0.208214	0.0311341	0.00580747	0.0151513	0.00947176	0.0149371	0.00790932	0.0063503
17	0.0741278	0.0107977	0.00416009	0.0113584	0.0789357	0.00630411	0.101578	0.0578231	0.0414075	0.0890129	0.066236	0.0766205	0.00315122	0.157429	0.0576301	0.0111602	0.0117743	0.104226	0.00367428	0.0325933
18	0.00997118	0.0105751	0.00177139	0.00283858	0.233638	0.00183813	0.0124374	0.00983923	0.0017169	0.0440034	0.02275	0.00309691	0.000737492	0.0041847	0.00604461	0.00933533	0.00924604	0.0188765	0.0521076	0.544991
19	0.137729	0.0403369	0.00674677	0.0077711	0.00618519	0.00513201	0.0077606	0.103041	0.0323721	0.0982566	0.00797801	0.0346727	0.00820274	0.0112427	0.0619189	0.191644	0.126063	0.101575	0.00315932	0.00821181
20	0.0303343	0.00956289	0.359329	0.0992216	0.0177939	0.0294205	0.0449789	0.00453968	0.00359433	0.0121559	0.00243758	0.13828	0.00527715	0.0122142	0.0128308	0.178402	0.0118199	0.00718675	0.00449563	0.0161249
21	0.0232362	0.00236026	0.00185813	0.0330005	0.0285214	0.0013669	0.0145759	0.260893	0.0012463	0.0320965	0.0242872	0.00894238	0.00156798	0.00253414	0.00205099	0.0542087	0.136186	0.358611	0.00087676	0.0115792
22	0.0750557	0.00351188	0.00169041	0.0231523	0.00366577	0.036412	0.00353969	0.0439225	0.0806341	0.0476957	0.0359231	0.0540905	0.020467	0.205809	0.0806963	0.0582876	0.0883506	0.105264	0.0167602	0.0150711
23	0.0146479	0.0149573	0.00464635	0.00720033	0.227541	0.00419058	0.0957531	0.00942668	0.0197222	0.0156375	0.180088	0.0319498	0.00212342	0.0864846	0.00767098	0.0209397	0.0115166	0.033748	0.00552818	0.206228
24	0.0985633	0.00215239	0.0339332	0.0266639	0.00266715	0.0340411	0.0100559	0.0427255	0.00752565	0.0429411	0.043915	0.020499	0.447458	0.0174237	0.00717262	0.0656783	0.0546719	0.0275708	0.0020218	0.0123193
25	0.0152034	0.00824396	0.00546507	0.00662953	0.189442	0.0053494	0.0423535	0.379278	0.00530452	0.0176052	0.041511	0.00998344	0.00308792	0.00795715	0.00706127	0.0134503	0.0118432	0.0122905	0.174169	0.043772
26	0.178259	0.016165	0.000887223	0.00160473	0.0362864	0.0229401	0.00163796	0.14528	0.00146446	0.0426475	0.121626	0.0242226	0.000528184	0.0122859	0.00143262	0.0132801	0.0665269	0.30521	0.000475919	0.0072386
27	0.0482569	0.001575	0.193085	0.16212	0.00736981	0.022268	0.0299359	0.0159133	0.0616752	0.00586124	0.00379901	0.0851487	0.00366329	0.0391872	0.0535684	0.166808	0.0641834	0.0149663	0.000523748	0.0200922
28	0.121959	0.0207377	0.00108076	0.00118236	0.00178317	0.135538	0.0234404	0.00168779	0.00118983	0.00311932	0.0014967	0.039088	0.00324926	0.00177684	0.00123184	0.540285	0.0950364	0.00213202	0.000519067	0.00346694
29	0.285875	0.132195	0.0069593	0.00680418	0.0880394	0.144594	0.00925915	0.00625388	0.00394717	0.0305516	0.00723609	0.0535607	0.00181379	0.00575557	0.0301556	0.111541	0.0101282	0.029892	0.00211394	0.0333249
30	0.0763731	0.0376298	0.00101173	0.0012909	0.200078	0.0373635	0.00192625	0.103669	0.000899496	0.124313	0.180663	0.00208254	0.000558038	0.00157094	0.00137236	0.0576161	0.016498	0.0620897	0.0065795	0.086415
31	0.0564576	0.0112995	0.030051	0.0555785	0.15994	0.0120202	0.0636613	0.0340035	0.0209479	0.053327	0.0224647	0.0358295	0.00284926	0.0305043	0.0158871	0.0304664	0.0698059	0.0406502	0.0569282	0.197329
32	0.0112062	0.0090624	0.000514351	0.000799244	0.00536966	0.00412436	0.00517117	0.173677	0.000673509	0.284878	0.0097457	0.00114884	0.000321763	0.00132887	0.000870983	0.0015368	0.00147744	0.486739	0.000365554	0.000989867
33	0.00463956	0.00162947	0.00118338	0.00144501	0.165414	0.0012514	0.0158709	0.00227971	0.00126477	0.00701531	0.00487132	0.00204535	0.000666328	0.0017241	0.0084265	0.00403885	0.00253781	0.00287413	0.3299	0.440922
34	0.0111713	0.00907868	0.000512459	0.000786773	0.00528261	0.0041414	0.00518587	0.174236	0.000678229	0.284174	0.00997865	0.00114654	0.000304369	0.00133588	0.000867094	0.00154136	0.00149608	0.486714	0.000370272	0.000998393
35	0.0195005	0.00389939	0.557838	0.00561431	0.00375933	0.00706902	0.00722637	0.00432166	0.0268151	0.00519522	0.00402476	0.305891	0.00128942	0.00426801	0.00349347	0.0118859	0.00585259	0.00498082	0.00158497	0.0154906
36	0.021137	0.00389986	0.213861	0.05015	0.00420023	0.438714	0.0346001	0.00441408	0.0313434	0.00964811	0.00359814	0.0377406	0.00540279	0.0848674	0.0117627	0.0174598	0.013184	0.00595934	0.000898643	0.0071593
37	0.0408635	0.000562495	0.0481447	0.157658	0.00390976	0.00944257	0.0610571	0.0200119	0.161701	0.00587067	0.00747801	0.0582787	0.000213998	0.0787128	0.101163	0.107486	0.103719	0.0273042	0.000634349	0.0057891
38	0.0442506	0.00173812	0.00124178	0.00178643	0.00260606	0.00103965	0.00188192	0.207167	0.00102359	0.0618649	0.00345421	0.0023357	0.00200157	0.005363	0.00142106	0.00854475	0.0229424	0.621858	0.00438479	0.00309441
39	0.0307846	0.000349263	0.00167464	0.00362673	0.00113295	0.948422	0.00216403	0.000487828	0.000484774	0.000578476	0.000545286	0.00143852	0.000141861	0.00075162	0.000525708	0.00353499	0.00213702	0.000650022	0.000155704	0.000413578
40	0.00769209	0.00652439	0.001509	0.00146726	0.19804	0.00122152	0.00856433	0.0134507	0.000902293	0.0720201	0.0487824	0.00275945	0.000632995	0.00181546	0.00791842	0.00787319	0.0133006	0.0340241	0.0288649	0.542637
41	0.119923	0.0185513	0.00103143	0.00125894	0.00192344	0.142577	0.0261955	0.00171803	0.0012326	0.00337303	0.00162603	0.043489	0.0030789	0.00186433	0.00134917	0.526281	0.0981193	0.00240597	0.000546951	0.00345553
42	0.0325367	0.0048149	0.00857223	0.293854	0.00404914	0.00338654	0.0143139	0.0105408	0.258454	0.0162023	0.0197234	0.0105622	0.00109517	0.117062	0.0575496	0.0404117	0.0404192	0.0421042	0.00248081	0.0218666
43	0.0164477	0.00892769	0.141797	0.00764906	0.0074006	0.398534	0.0102182	0.0898619	0.00671001	0.0128756	0.00867454	0.0869278	0.00374928	0.00962147	0.00948379	0.0160302	0.013731	0.139713	0.00293655	0.00871121
44	0.138779	0.0154655	0.00134575	0.00140069	0.001698	0.138151	0.0221456	0.00152321	0.0010912	0.00348034	0.00160281	0.0316593	0.00363822	0.00221009	0.00120748	0.5421	0.0854789	0.00278357	0.000454122	0.00378464
45	0.0328583	0.0505006	0.00177305	0.00221413	0.0394966	0.0016641	0.110688	0.0100396	0.176948	0.00371794	0.0126454	0.0476093	0.000863334	0.0366974	0.375017	0.00402528	0.00667535	0.00360919	0.0113865	0.0715716
46	0.0547471	0.111093	0.00336823	0.0128737	0.0225977	0.0205794	0.0190345	0.0223239	0.00112835	0.192201	0.105521	0.141853	0.00647775	0.00619316	0.00159119	0.097877	0.130988	0.0470666	0.000816208	0.00166873
47	0.156518	0.00182089	0.0258994	0.0215311	0.00192577	0.0524035	0.0188275	0.0337729	0.00537859	0.0198801	0.0432428	0.0107109	0.388213	0.00730921	0.0123607	0.0746762	0.0877726	0.0240964	0.00295123	0.0107092
48	0.401861	0.0310612	0.00447847	0.00313996	0.0279157	0.00661988	0.0708486	0.00354995	0.00255797	0.00597063	0.0157751	0.028844	0.00241464	0.0271694	0.0027237	0.309456	0.0214789	0.0297043	0.00106003	0.00336988
49	0.0166125	0.00524812	0.0114291	0.0749005	0.0014661	0.00109087	0.0133351	0.0748053	0.115089	0.173086	0.0301287	0.024782	0.000435632	0.0509514	0.124235	0.0245582	0.154735	0.101185	0.000457224	0.00146965
50	0.0062513	0.000968259	0.00268498	0.000620128	0.0284182	0.000511104	0.00603053	0.393012	0.000774553	0.313729	0.0277123	0.00422006	0.000569489	0.00828512	0.000773306	0.00142246	0.00201991	0.198542	0.000313262	0.00314288
51	0.33852	0.0518575	0.0270009	0.0130718	0.00381526	0.00726043	0.00416368	0.0264976	0.00406186	0.020867	0.00375161	0.0146169	0.00551901	0.0029018	0.00467637	0.207307	0.135699	0.115373	0.000795875	0.0122443
52	0.173662	0.0149274	0.000956783	0.00188373	0.0358878	0.0200403	0.00180698	0.146129	0.00140311	0.0496056	0.11795	0.0218144	0.000582348	0.011292	0.00155448	0.0122365	0.060566	0.31776	0.000476202	0.00946547
53	0.0615897	0.0194838	0.00149195	0.0601515	0.0128476	0.0100122	0.0224935	0.0279105	0.177044	0.0629204	0.0575068	0.0249825	0.00296406	0.248849	0.0992045	0.0129815	0.0228524	0.0658443	0.00215309	0.00671712
54	0.147096	0.0295728	0.0017672	0.00294195	0.0386127	0.0193732	0.00447975	0.149145	0.00181069	0.0780847	0.126175	0.0245238	0.00152605	0.0105881	0.00307739	0.0186352	0.0646437	0.267312	0.000655723	0.00997955
55	0.0330504	0.0204329	0.000886199	0.00343967	0.282138	0.000746979	0.0363473	0.0910177	0.000830407	0.14179	0.0660235	0.00462628	0.000375093	0.00145296	0.00934984	0.0101106	0.0181657	0.129763	0.00121446	0.148239
56	0.0330839	0.0221259	0.00175662	0.0509965	0.00319841	0.00346005	0.0213774	0.00934956	0.332898	0.0167117	0.0219019	0.0283861	0.000583384	0.205767	0.172784	0.0187745	0.0110585	0.0430338	0.000719811	0.00203313
57	0.00454234	0.00159219	0.00117407	0.00144105	0.167429	0.00124271	0.0155421	0.00239979	0.00123809	0.00742176	0.00520082	0.00204456	0.000643536	0.00173567	0.0086829	0.00402581	0.00257849	0.00300059	0.333261	0.434803
58	0.0631956	0.280321	0.00247134	0.00275692	0.0044138	0.00427768	0.00457437	0.00383295	0.00231016	0.00508014	0.00419882	0.0235579	0.00118465	0.00359358	0.00298665	0.474658	0.10664	0.00538026	0.00110382	0.00346291
59	0.316699	0.024176	0.0972206	0.00897649	0.00664768	0.0394484	0.00969846	0.00644748	0.0193313	0.0146904	0.00778307	0.00784092	0.00959859	0.0051814	0.00396922	0.234364	0.133315	0.0485014	0.00137908	0.0047321
60	0.290065	0.00593461	0.00111523	0.00184065	0.00206243	0.425445	0.0156683	0.00205577	0.00168976	0.0157137	0.00203578	0.0167784	0.000887943	0.0234594	0.00162412	0.173273	0.010493	0.00736027	0.000631947	0.00186527
61	0.0463808	0.00359525	0.00236348	0.00254697	0.00334846	0.00286752	0.0035628	0.00395717	0.00270311	0.00484541	0.00332037	0.0435277	0.00104443	0.00318774	0.00306644	0.498869	0.347526	0.0183206	0.00132373	0.00364241
62	0.00477395	0.00163319	0.00198879	0.00159588	0.176875	0.00136368	0.0133257	0.00528694	0.00126985	0.012246	0.00649642	0.00282273	0.000809495	0.00191548	0.00733364	0.00414604	0.00454421	0.00485547	0.342813	0.403905
63	0.00567098	0.0199286	0.000843141	0.000954528	0.12282	0.000950454	0.00148101	0.305728	0.00148736	0.264098	0.0949891	0.00144479	0.000443849	0.00175082	0.00280953	0.0104977	0.00356766	0.155725	0.00119177	0.00361635
64	0.00924658	0.00405003	0.0500078	0.848769	0.00149621	0.0111064	0.0034875	0.00155668	0.00244429	0.00227969	0.00467295	0.00983481	0.00272022	0.0221882	0.00178398	0.00819515	0.0122403	0.00181475	0.000513155	0.00159216
65	0.0700304	0.0329336	0.379069	0.0198559	0.00419993	0.200461	0.0143389	0.00414003	0.00602232	0.021504	0.00354848	0.111998	0.0014883	0.0300302	0.00345472	0.0783372	0.00520422	0.00573674	0.00138922	0.00625721
66	0.103268	0.019879	0.0239506	0.0560637	0.0181273	0.0204305	0.0285102	0.0245923	0.0522693	0.0373398	0.0264767	0.0266826	0.0118895	0.340988	0.0703083	0.0391914	0.0394645	0.035346	0.00961164	0.0156101
67	0.0310422	0.00668676	0.557174	0.034777	0.00676094	0.0539965	0.012749	0.00536781	0.0193461	0.008715	0.0049009	0.171762	0.00277883	0.0169362	0.00645455	0.0297064	0.00846305	0.00694453	0.00141065	0.0140272
68	0.0110068	0.0230843	0.00315687	0.00439247	0.192147	0.00317987	0.05958	0.00540237	0.0377474	0.00696917	0.296867	0.0149015	0.00187328	0.138798	0.00461776	0.0275623	0.00669552	0.0163005	0.0018101	0.143908
69	0.00847436	0.00409124	0.00647668	0.00316879	0.325196	0.00253105	0.00707124	0.0372308	0.00194976	0.0707854	0.0324101	0.00759496	0.00237554	0.00370635	0.00435038	0.00759613	0.0161801	0.023061	0.328515	0.107235
70	0.0142239	0.0156216	0.00445777	0.00368471	0.0161211	0.00282208	0.0937686	0.0068904	0.131627	0.00760688	0.00638353	0.0135293	0.00154113	0.0108691	0.526207	0.0075589	0.00804101	0.00683282	0.0822746	0.0399383
71	0.0253134	0.00887623	0.000723705	0.00440444	0.146033	0.000908737	0.0176708	0.0559701	0.000641077	0.479524	0.158181	0.00110857	0.000843776	0.0117045	0.000834367	0.00594074	0.00887482	0.0357128	0.00924372	0.0274914
72	0.210063	0.0150997	0.00821134	0.00377714	0.00586961	0.0999743	0.0317916	0.00224314	0.0024136	0.00694564	0.00343681	0.0199829	0.0120403	0.00411845	0.00228464	0.48682	0.0651968	0.00870039	0.000645609	0.0103851
73	0.0296922	0.000468993	0.00239712	0.00404571	0.00113804	0.946695	0.00221386	0.000542559	0.000884696	0.000623411	0.00051182	0.0015417	0.000200129	0.00117486	0.000691856	0.0032739	0.00243186	0.000728097	0.000169983	0.000574159
74	0.00781714	0.0031037	0.00271066	0.00122477	0.0292953	0.000927203	0.00566568	0.356884	0.00137661	0.318468	0.0337551	0.0039401	0.00170858	0.00752136	0.00144422	0.00248434	0.0030872	0.214587	0.000434341	0.00356459
75	0.0560006	0.0110512	0.0302171	0.0550216	0.159039	0.0123244	0.0625368	0.0341295	0.0197371	0.0546623	0.0232055	0.0367327	0.0029078	0.0297372	0.0153698	0.031229	0.069269	0.0421382	0.057791	0.1969
76	0.0449387	0.00967161	0.0820684	0.0930428	0.0100499	0.00730243	0.0481827	0.0153654	0.0844092	0.0260959	0.0110128	0.0280513	0.00550137	0.137244	0.273461	0.0402213	0.0430012	0.0216841	0.00497353	0.0137221
77	0.0423979	0.00192262	0.333662	0.148568	0.016015	0.0330318	0.0185028	0.00501105	0.00463546	0.00678006	0.00184451	0.113407	0.00772103	0.014091	0.0185603	0.194714	0.0118485	0.00792084	0.000608858	0.0187574
78	0.046134	0.139484	0.0145219	0.0120481	0.015745	0.0115448	0.0166621	0.062394	0.00952978	0.0420785	0.0296286	0.0285781	0.00683087	0.0156855	0.012145	0.0956402	0.0444833	0.37912	0.00442918	0.0133167
79	0.0559535	0.0110693	0.0301838	0.0550164	0.159007	0.0123377	0.0625158	0.0341549	0.0197498	0.0546692	0.0231829	0.0367101	0.00290028	0.0297193	0.0153678	0.0312422	0.0693497	0.0421306	0.0577381	0.197002
80	0.0068389	0.00142141	0.0025591	0.000612438	0.0281166	0.000541726	0.00553728	0.394925	0.00135821	0.315088	0.0327644	0.00390466	0.000364306	0.00775786	0.00119522	0.00211038	0.00196084	0.188983	0.000328694	0.0036331
81	0.0394611	0.0042186	0.00495471	0.049148	0.108007	0.0154519	0.009676	0.0629667	0.0187838	0.24283	0.0476533	0.0198892	0.00196679	0.0338061	0.0073391	0.0479587	0.0542424	0.135764	0.0313341	0.0645479
82	0.0138847	0.00420297	0.00979724	0.0119371	0.0996426	0.00366357	0.013809	0.0152008	0.00526688	0.0185685	0.0135307	0.00699659	0.00224703	0.0140498	0.0147888	0.012512	0.0155968	0.0170156	0.567625	0.139664
83	0.0235574	0.00685248	0.0018886	0.00223179	0.0027231	0.00466437	0.00357512	0.00391376	0.00202696	0.00457983	0.00368281	0.0977843	0.000992268	0.00321388	0.00313559	0.435575	0.385312	0.0100355	0.00124675	0.00300832
84	0.352862	0.0361696	0.1007	0.00737091	0.00797213	0.0138846	0.0318682	0.00731082	0.00588964	0.0106732	0.00726094	0.0297363	0.05189	0.00818295	0.0064592	0.228957	0.0640388	0.0204819	0.00196163	0.00633044
85	0.010313	0.00476441	0.0509764	0.832588	0.00144133	0.017639	0.00412154	0.00198866	0.00166947	0.00332297	0.00414568	0.0111717	0.00277111	0.0234109	0.00203468	0.0103281	0.0131606	0.00211325	0.000539714	0.0014997
86	0.0397947	0.00170846	0.092952	0.0868248	0.00223429	0.00323158	0.049759	0.061829	0.0774156	0.0251168	0.0030232	0.0805639	0.000824843	0.0553385	0.0371914	0.0860832	0.25954	0.0247292	0.000963266	0.0108763
87	0.0716499	0.00602835	0.0157362	0.0262367	0.00865231	0.0107623	0.00574842	0.0377777	0.0120456	0.0512196	0.0161269	0.0114672	0.571821	0.00984924	0.00517739	0.0264135	0.0260768	0.0628373	0.0185641	0.0058091
88	0.0734934	0.00198705	0.0272666	0.0189472	0.0283348	0.00167773	0.0670403	0.00264656	0.0181941	0.00324769	0.0024775	0.310407	0.000842785	0.0191286	0.0328626	0.0386882	0.0827064	0.020514	0.000799217	0.248738
89	0.0365919	0.228803	0.00934554	0.00716826	0.0243669	0.0113989	0.0159961	0.0420858	0.00651181	0.211519	0.116126	0.0577458	0.00388129	0.00990263	0.00925972	0.0468718	0.0603999	0.0901485	0.00246775	0.00940959
90	0.00741445	0.00635743	0.00134642	0.00251082	0.131672	0.00196198	0.00694937	0.00504821	0.00132211	0.0652175	0.034583	0.00284387	0.000708887	0.00252618	0.00565329	0.00972166	0.0101319	0.0178319	0.0316192	0.65458
91	0.030797	0.000332148	0.00128533	0.00347375	0.00112157	0.951792	0.00206913	0.00043349	0.000279051	0.000519837	0.000440379	0.000564594	0.000134182	0.000472862	0.000399653	0.00294881	0.00176647	0.000604606	0.000146995	0.000418227
92	0.00404375	0.0125029	0.000942715	0.00151945	0.225587	0.00104265	0.00203375	0.326339	0.00094698	0.20076	0.0572029	0.00151744	0.000418418	0.00151866	0.00150967	0.00827284	0.00286045	0.143184	0.000870048	0.00692672
93	0.102772	0.0115792	0.0128904	0.0452278	0.00888572	0.00772134	0.0285135	0.0114436	0.234726	0.0240448	0.0145065	0.0199616	0.0215812	0.0584271	0.258602	0.0595527	0.0327112	0.0280253	0.00410832	0.0147191
94	0.0399788	0.000580079	0.048956	0.156994	0.00374018	0.00952551	0.0593717	0.0201067	0.161096	0.00534974	0.0076982	0.0594917	0.000220543	0.0769357	0.100353	0.110656	0.106165	0.0269454	0.000537045	0.00529869
95	0.00156367	0.000755152	0.000630206	0.0006285	0.0138345	0.000551177	0.000934699	0.559409	0.000475758	0.0349019	0.00107096	0.0010865	0.00580455	0.0011692	0.0007768	0.00733052	0.0185507	0.345815	0.000547139	0.00416404
96	0.0504711	0.00075223	0.0476551	0.172813	0.00390741	0.00887115	0.0583532	0.0156808	0.160198	0.015576	0.00560158	0.0461698	0.000341044	0.0836891	0.119932	0.0880939	0.0831635	0.0256017	0.00195646	0.0111728
97	0.0177209	0.010623	0.0010938	0.00248036	0.0151079	0.00121214	0.00245309	0.419853	0.014007	0.17972	0.126099	0.00279778	0.000813558	0.00233993	0.0100355	0.0169329	0.0124905	0.160393	0.0004933	0.00333292
98	0.0213953	0.00957046	0.000632908	0.00351996	0.160395	0.000712846	0.0151008	0.0815339	0.000657306	0.458318	0.144133	0.00113313	0.000798494	0.0112176	0.000910759	0.00483526	0.00726551	0.0455725	0.010474	0.0218222
99	0.00438283	0.052764	0.00151813	0.00190102	0.00245441	0.00180627	0.0259004	0.00297242	0.125907	0.408024	0.0215892	0.00301269	0.000978941	0.00219078	0.0969708	0.00370361	0.09784	0.0133431	0.0196088	0.113131
100	0.0063613	0.00121885	0.00277799	0.000589482	0.0279218	0.000718002	0.00654677	0.386026	0.000683632	0.307134	0.0259108	0.00421713	0.000507327	0.0086596	0.000697611	0.00114131	0.00192476	0.213625	0.000302558	0.00303618
101	0.00757307	0.0047596	0.0249193	0.00287027	0.00281522	0.0441098	0.0440458	0.00652477	0.00914364	0.00457036	0.00403616	0.778958	0.00111897	0.0092737	0.0152577	0.0100991	0.0137074	0.00480121	0.00119031	0.0102262
102	0.0142997	0.00582911	0.0411719	0.0251035	0.00435953	0.62277	0.0101183	0.00693384	0.0245781	0.00708004	0.0042858	0.109746	0.00139972	0.0289352	0.0205598	0.0346921	0.0242855	0.00892438	0.00104585	0.00388203
103	0.0334451	0.0220487	0.00171935	0.0513263	0.00312371	0.00341659	0.0216547	0.00957097	0.332367	0.016861	0.0222342	0.02819	0.000561583	0.204858	0.172256	0.0187274	0.0110102	0.0438133	0.000748912	0.0020673
104	0.304533	0.00486807	0.00277589	0.0209264	0.00328162	0.00307466	0.0044435	0.00469503	0.116702	0.0371426	0.00454249	0.0055002	0.137397	0.0207008	0.193616	0.0726568	0.0219348	0.0203712	0.00148313	0.0193546
105	0.00170817	0.00076689	0.000806653	0.000710294	0.0186567	0.000512438	0.00156549	0.534278	0.000591643	0.0601973	0.0020607	0.00178868	0.00602576	0.00183977	0.000691412	0.00578494	0.0181752	0.339734	0.000688748	0.00341723
106	0.026962	0.00325572	0.000932741	0.0322181	0.0188894	0.00160969	0.00550447	0.0940494	0.0640834	0.343617	0.113025	0.00214366	0.00239045	0.016735	0.0271985	0.0166731	0.07639	0.108027	0.00142936	0.0448661
107	0.00283606	0.0136994	0.000754407	0.00101062	0.203435	0.000862827	0.00130148	0.345265	0.000820177	0.216143	0.0592608	0.00122058	0.000382634	0.00147347	0.00097925	0.00607527	0.00169402	0.137895	0.000889352	0.00400147
108	0.0319387	0.0463821	0.00179656	0.00212035	0.031949	0.00177103	0.125385	0.0117784	0.183888	0.00388112	0.0100123	0.0524007	0.000852738	0.0364955	0.366214	0.00427367	0.00590837	0.00354982	0.0130489	0.0663541
109	0.0302598	0.00036305	0.00194374	0.00362957	0.00111002	0.949095	0.0021171	0.000461824	0.000482985	0.000575112	0.000474308	0.0013986	0.000157335	0.000942307	0.000586684	0.00313574	0.0019696	0.000692665	0.000176151	0.000428548
110	0.18041	0.0155375	0.00103014	0.00177572	0.0366918	0.0214697	0.00193723	0.142763	0.00142112	0.0407643	0.119194	0.0232163	0.000546757	0.012011	0.00155767	0.0126435	0.0730786	0.306175	0.000663199	0.00711352
111	0.0188357	0.00346928	0.556507	0.00501807	0.00365758	0.00935819	0.00631153	0.00392064	0.026788	0.00508528	0.00383109	0.311586	0.00126076	0.00376321	0.00338453	0.00983022	0.00537247	0.00499338	0.00124776	0.0157786
112	0.0550813	0.00980613	0.00729672	0.011416	0.0117626	0.00600414	0.0682605	0.0733937	0.0466559	0.131056	0.0841315	0.0122387	0.00246114	0.0130221	0.291246	0.0490761	0.0569325	0.0238379	0.00473313	0.0415884
113	0.0263249	0.010516	0.0113527	0.0167862	0.0143006	0.0126886	0.472819	0.0239985	0.015773	0.0184656	0.0458544	0.0583119	0.00768762	0.170443	0.017835	0.0192668	0.0166988	0.0141145	0.00669246	0.0200697
114	0.0198087	0.00299893	0.0941316	0.784363	0.000942124	0.00871425	0.00433896	0.00169887	0.00636467	0.0041308	0.00526134	0.00946649	0.00187487	0.0240074	0.00658349	0.0104077	0.0117303	0.00133564	0.000371562	0.00146931
115	0.0548	0.00974145	0.0265664	0.0465197	0.182229	0.0107136	0.0631016	0.0378023	0.0172827	0.0513561	0.0272188	0.0381532	0.00267231	0.0300355	0.0138466	0.0348256	0.0708832	0.0451179	0.067164	0.16997
116	0.00757074	0.0273476	0.371215	0.02071	0.0159723	0.0208988	0.128345	0.00386636	0.00229088	0.0215647	0.00395518	0.178418	0.00148268	0.00791963	0.0031858	0.131949	0.0178485	0.00492575	0.0144191	0.0161147
117	0.0454281	0.00177778	0.0402773	0.16469	0.00346889	0.00355682	0.0506246	0.00903298	0.17698	0.0371498	0.00372566	0.0240974	0.000609348	0.143441	0.15927	0.0450892	0.0401067	0.0252812	0.00679514	0.0185989
118	0.072433	0.00165928	0.276904	0.385358	0.00271082	0.00873054	0.0157192	0.00608408	0.0333439	0.0162845	0.00648652	0.020274	0.0117375	0.0603282	0.0321558	0.0264012	0.0144526	0.00304374	0.00071769	0.00517605
119	0.00746895	0.00133514	0.00256909	0.000629291	0.0272478	0.000604123	0.00567262	0.393623	0.0011874	0.311551	0.0306223	0.00379115	0.000379869	0.00779889	0.000999602	0.00162035	0.00194093	0.197323	0.000317256	0.00331798
120	0.0184608	0.00676026	0.00829294	0.0827426	0.00147667	0.00107921	0.00998432	0.0834049	0.134477	0.169005	0.0337604	0.0201875	0.000399762	0.0612621	0.12756	0.0213961	0.128643	0.0893051	0.000417758	0.00138464
121	0.036906	0.00408989	0.000730599	0.0395113	0.0191472	0.00124211	0.00638849	0.103155	0.0233926	0.368234	0.115048	0.00191389	0.00341415	0.0224997	0.0313677	0.0159185	0.0640631	0.113769	0.00125585	0.027952
122	0.0222691	0.0115107	0.000641295	0.00387384	0.142879	0.000681976	0.0156791	0.0755742	0.000650061	0.449292	0.175894	0.00154532	0.00161185	0.012398	0.000899409	0.0052641	0.00772018	0.0388421	0.011249	0.0215238
123	0.0263568	0.00967935	0.00309251	0.0081123	0.0089651	0.00938215	0.0294662	0.00640775	0.485916	0.028456	0.0198357	0.0106922	0.0013284	0.03404	0.249427	0.0155243	0.00723123	0.0263093	0.00731399	0.0124636
124	0.0440367	0.00216393	0.0123492	0.0445191	0.00215904	0.00164873	0.00322902	0.00275943	0.0832861	0.041395	0.00285142	0.0124431	0.000911833	0.479767	0.214759	0.0131746	0.0311557	0.00387707	0.000905638	0.00260811
125	0.0849598	0.0300907	0.00221616	0.00287089	0.150275	0.0284064	0.145296	0.00391813	0.00228785	0.0572542	0.0286126	0.237991	0.00111958	0.00451698	0.00293938	0.0328732	0.0184148	0.00506613	0.00106478	0.159827
126	0.0570328	0.0172811	0.0586971	0.00541028	0.0063292	0.242356	0.026277	0.00725873	0.00590997	0.016899	0.00550965	0.37941	0.00362287	0.0114165	0.00777858	0.112182	0.0204803	0.00755902	0.00144559	0.00714364
127	0.00284616	0.0141313	0.000720704	0.000958941	0.194088	0.000869135	0.00128335	0.355776	0.000795374	0.208799	0.061613	0.00121983	0.000368287	0.00133791	0.00114503	0.00633422	0.00173023	0.141034	0.000766227	0.0041836
128	0.00660543	0.00365884	0.0159813	0.00227363	0.00211782	0.0460162	0.0458529	0.00558237	0.00849579	0.00417862	0.00302666	0.795236	0.0011037	0.00948425	0.0149449	0.00865402	0.0128195	0.0036863	0.000967412	0.00931421
129	0.414131	0.0465922	0.0115713	0.00475452	0.0151383	0.0349802	0.016573	0.00325123	0.00295269	0.0169037	0.00542967	0.00831433	0.0112498	0.00397437	0.00163369	0.256062	0.11093	0.0320308	0.000469727	0.00305781
130	0.00257047	0.000774796	0.000703704	0.000584525	0.0159023	0.000584941	0.00136464	0.532157	0.000534213	0.0540134	0.00203451	0.0013176	0.00515034	0.00181134	0.000674272	0.00599346	0.0176526	0.351824	0.000839896	0.00351164
131	0.029575	0.0241822	0.00985836	0.0099422	0.0181238	0.0048411	0.0657863	0.0116184	0.0886386	0.018162	0.0173259	0.015347	0.00374894	0.0239307	0.534098	0.0176169	0.0317753	0.0181964	0.0273392	0.0298939
132	0.060462	0.168875	0.0037031	0.00858283	0.0326851	0.015761	0.017852	0.0193461	0.00170176	0.14122	0.0870122	0.135376	0.00441231	0.0052468	0.00222655	0.101356	0.151447	0.0396175	0.00063118	0.0024846
133	0.133905	0.154921	0.000897039	0.00117011	0.00428729	0.00453371	0.0015496	0.00149628	0.00110885	0.00217049	0.00143636	0.00268037	0.000466	0.00142907	0.00112991	0.667225	0.0157984	0.00213112	0.000461777	0.00120294
134	0.0240664	0.00839709	0.00912054	0.0148378	0.0257514	0.0093371	0.563657	0.0233145	0.0130673	0.0163621	0.0432727	0.0284445	0.00363486	0.0888329	0.0335773	0.025469	0.0153155	0.0141494	0.00656501	0.0328272
135	0.00657352	0.00585992	0.00256342	0.00273777	0.114718	0.00153329	0.00728545	0.00377316	0.00242887	0.0445029	0.0270218	0.00434467	0.000949464	0.00253507	0.00690106	0.00908651	0.00972485	0.0140675	0.0407869	0.692606
136	0.101452	0.00849795	0.0289968	0.0351682	0.00635436	0.0206184	0.012731	0.0357777	0.0219416	0.0355819	0.0227561	0.0240101	0.40898	0.0471656	0.0189629	0.0765964	0.0438305	0.0328721	0.00845396	0.00925238
137	0.0581984	0.00248547	0.0586065	0.0560747	0.0091925	0.00174356	0.0494304	0.010499	0.118661	0.00988048	0.0125468	0.0818215	0.190028	0.109324	0.0611561	0.0272393	0.123455	0.0101239	0.000678453	0.00885551
138	0.182873	0.0391249	0.149395	0.00472341	0.00455904	0.0233268	0.12365	0.0248052	0.00334653	0.00774954	0.00530729	0.171671	0.00214222	0.0838138	0.0238195	0.0929216	0.00679519	0.0433076	0.00184796	0.0048201
139	0.00851159	0.0125179	0.00148294	0.00228483	0.0996421	0.00176511	0.00623603	0.00874234	0.00196605	0.119154	0.0514716	0.0028279	0.000829554	0.0028481	0.00536139	0.0130394	0.0171206	0.0260314	0.0188697	0.599297
140	0.0844939	0.000637851	0.299648	0.377983	0.000720881	0.000566322	0.0131776	0.00569657	0.0366833	0.0168588	0.00684398	0.0154912	0.00289275	0.0601825	0.03821	0.0223844	0.0126799	0.00109063	0.000273891	0.00348449
141	0.0315358	0.017845	0.0011111	0.00346601	0.105532	0.00362501	0.0104397	0.0553432	0.00143018	0.427332	0.193986	0.00370341	0.000689846	0.00696008	0.0033799	0.00866358	0.0234142	0.0598391	0.00534278	0.0363609
142	0.329733	0.338805	0.00510706	0.00648862	0.0758917	0.00747075	0.0408348	0.00841359	0.00536449	0.0125022	0.0097329	0.0113311	0.00442818	0.00748099	0.00675602	0.0246172	0.0801865	0.0133736	0.0030497	0.00843254
143	0.0196046	0.0033069	0.575708	0.00297401	0.00320028	0.0077835	0.00463285	0.0039741	0.0277643	0.00505095	0.00386203	0.300459	0.00114106	0.00341793	0.00297906	0.00698853	0.00537656	0.00460058	0.00121761	0.0159584
144	0.0386456	0.00801862	0.00415715	0.371605	0.00147414	0.00792396	0.0238185	0.0339953	0.10999	0.0469576	0.0158523	0.00339569	0.000769524	0.164453	0.0948538	0.00694023	0.0155331	0.0302453	0.00146013	0.0199113
145	0.0218523	0.00833216	0.00069989	0.00372231	0.151107	0.000753349	0.018681	0.0485151	0.000691058	0.416139	0.134678	0.00121447	0.000728668	0.00986785	0.00164195	0.00625064	0.00899624	0.0348753	0.0134186	0.117835
146	0.0297753	0.000360501	0.00196098	0.0036288	0.00114931	0.949391	0.00215768	0.000564454	0.000552443	0.0005621	0.000468736	0.00128569	0.000138304	0.00093749	0.000550258	0.00311681	0.00193554	0.00084629	0.000170957	0.000447279
147	0.00395079	0.0159372	0.000721212	0.000901764	0.172315	0.000814553	0.00141921	0.326539	0.000776072	0.258607	0.0693546	0.00128106	0.000379663	0.00204988	0.00109468	0.00549039	0.00171188	0.131116	0.00169288	0.0038462
148	0.00515268	0.0050134	0.000897459	0.0012074	0.11341	0.000945841	0.00502684	0.0018438	0.000810044	0.059261	0.0348707	0.00173681	0.000502198	0.00138512	0.00463197	0.00776494	0.00898752	0.0144011	0.0362548	0.695896
149	0.0269631	0.0103769	0.00109956	0.00366451	0.0167979	0.00152211	0.00323996	0.161477	0.00420032	0.320748	0.122956	0.00182793	0.0012279	0.00329825	0.00553054	0.010138	0.00865482	0.284994	0.000856956	0.0104267
150	0.0105482	0.0240897	0.00150141	0.00161458	0.014882	0.00143772	0.0026277	0.364853	0.00706792	0.128129	0.16866	0.00353462	0.000781357	0.00189423	0.00787705	0.0202267	0.0101756	0.227179	0.000697798	0.00222215
151	0.344027	0.0344456	0.100602	0.0226211	0.00576521	0.0826918	0.00678936	0.00305936	0.00346135	0.0270068	0.0131986	0.00923227	0.00308555	0.0100054	0.00305278	0.253248	0.0377295	0.0342781	0.00082277	0.00487777
152	0.00902504	0.0045274	0.0478816	0.852112	0.00128026	0.0111212	0.00333259	0.00156081	0.00225694	0.0027605	0.00427614	0.00967278	0.00222419	0.0221451	0.00227106	0.00769063	0.0119408	0.00214439	0.000526653	0.0012502
153	0.655837	0.0457221	0.00452539	0.00442566	0.00678667	0.0244935	0.00621217	0.00542061	0.00346036	0.00844701	0.0397088	0.0402318	0.00216575	0.00456016	0.00451264	0.0424641	0.0661463	0.0278755	0.00158829	0.00541651
154	0.036299	0.0122527	0.259154	0.0234577	0.00591258	0.155107	0.0268585	0.00712734	0.0089892	0.0117393	0.00422122	0.329378	0.00250971	0.0166746	0.00890198	0.0605358	0.00881543	0.01038	0.00150882	0.010178
155	0.00630279	0.0010733	0.00506912	0.000924559	0.0269838	0.000779843	0.00864298	0.373079	0.000818709	0.327285	0.0240798	0.0076038	0.00081332	0.0124925	0.000947761	0.00190518	0.00233997	0.195395	0.000430137	0.00303371
156	0.011336	0.00513138	0.0462346	0.844382	0.00157838	0.0162301	0.00390553	0.00156996	0.00117362	0.00322863	0.00401964	0.00986905	0.00238005	0.0208617	0.0015788	0.00998671	0.0121916	0.00231843	0.000618399	0.00140551
157	0.0323237	0.0201738	0.000874288	0.00345901	0.28505	0.000707106	0.0360619	0.0904387	0.000841349	0.14193	0.0652149	0.00449051	0.000373196	0.00142379	0.00936499	0.0103605	0.01809	0.127497	0.00132113	0.150003
158	0.0107149	0.0207993	0.0013097	0.00235697	0.0245571	0.00154182	0.00240518	0.259928	0.00521929	0.224128	0.165573	0.00232718	0.000752422	0.00215111	0.011267	0.033845	0.0132559	0.214806	0.000789794	0.00227182
159	0.0844939	0.000637851	0.299648	0.377983	0.000720881	0.000566322	0.0131776	0.00569657	0.0366833	0.0168588	0.00684398	0.0154912	0.00289275	0.0601825	0.03821	0.0223844	0.0126799	0.00109063	0.000273891	0.00348449
160	0.0241607	0.0244602	0.0082971	0.00664633	0.017373	0.00334478	0.069871	0.0102981	0.0913594	0.018288	0.0146679	0.0138037	0.00362037	0.0203585	0.547148	0.0143828	0.0264179	0.0168053	0.0358165	0.0328806
161	0.178848	0.0164089	0.000893221	0.00160252	0.0367363	0.0228612	0.00166737	0.147301	0.00140265	0.0435021	0.123912	0.0249652	0.000533097	0.0125757	0.00144605	0.0134815	0.0669728	0.296968	0.000483298	0.00743941
162	0.0551712	0.118212	0.00338586	0.0108629	0.0244496	0.0191479	0.0215786	0.0218537	0.0012166	0.190979	0.117206	0.13751	0.00544927	0.00544688	0.0017136	0.0934287	0.12445	0.0453293	0.000636408	0.00197195
163	0.0484456	0.00725035	0.0014259	0.0143644	0.15108	0.00141204	0.00946814	0.138089	0.00144559	0.0981812	0.039639	0.0042566	0.00118501	0.00240124	0.00346558	0.00529137	0.0169372	0.369768	0.000859863	0.0850346
164	0.0595411	0.017763	0.00109793	0.286707	0.00671472	0.0160711	0.0351642	0.0378586	0.090398	0.0629545	0.0418386	0.00723924	0.00200752	0.191574	0.0678799	0.00347888	0.0157277	0.0395817	0.000860864	0.0155409
165	0.154402	0.0474648	0.013901	0.0414686	0.00929269	0.00909454	0.0127953	0.0318129	0.0183462	0.0295998	0.0120147	0.0523377	0.0952334	0.0624497	0.170165	0.160136	0.0213211	0.036204	0.0119266	0.0100347
166	0.0249462	0.0107213	0.35464	0.0801833	0.0353746	0.0328023	0.0559823	0.00408471	0.00275123	0.0185249	0.00264984	0.14745	0.00479429	0.0184444	0.00915367	0.158323	0.00996426	0.0075388	0.00537504	0.0162954
167	0.0204797	0.0414356	0.0029304	0.00299124	0.0427274	0.00249095	0.068315	0.00870054	0.1683	0.00524644	0.0115826	0.0283795	0.00112847	0.0183989	0.471733	0.00584118	0.00625278	0.00588766	0.0199385	0.0672406
168	0.00747681	0.00399188	0.0210868	0.00287293	0.00350576	0.0480179	0.0569956	0.00542706	0.00905277	0.00479328	0.00337505	0.769755	0.00138173	0.0111727	0.0160088	0.0091368	0.0100586	0.00370052	0.000859836	0.0113299
169	0.0452622	0.0077387	0.00638864	0.0350943	0.113874	0.00509695	0.31244	0.00972301	0.0384696	0.0126692	0.0329187	0.0154299	0.0024236	0.0424326	0.0871314	0.0619538	0.0149063	0.0126607	0.00841395	0.134973
170	0.366267	0.0426008	0.00815527	0.00314746	0.0136747	0.0196787	0.00671433	0.00481005	0.00252533	0.00998411	0.00274583	0.00427992	0.18953	0.00235924	0.00190149	0.15099	0.123955	0.0399339	0.00368995	0.00305678
171	0.133874	0.155014	0.000897084	0.00117227	0.00428149	0.00453127	0.00155118	0.00149746	0.00110953	0.00217756	0.00143624	0.00267268	0.000467131	0.0014131	0.00112933	0.667139	0.0157921	0.00213956	0.000461777	0.00124308
172	0.00155014	0.00072532	0.000613564	0.000558002	0.0134532	0.00056077	0.000899686	0.56233	0.000473374	0.0348303	0.000967345	0.0010645	0.00562797	0.00114267	0.000684764	0.00693972	0.0178315	0.345228	0.00054926	0.00397046
173	0.00340188	0.00419659	0.00143706	0.000593304	0.071396	0.00053019	0.00313029	0.441801	0.000629812	0.209493	0.0272086	0.00239238	0.00150744	0.00406088	0.00069917	0.00297022	0.00487243	0.214757	0.000428424	0.00449473
174	0.0755259	0.036631	0.00103507	0.00127244	0.194469	0.0367644	0.00168676	0.110496	0.000866663	0.124475	0.182706	0.00204271	0.000567775	0.00162062	0.00137896	0.0588288	0.0181847	0.0615896	0.00644107	0.0834167
175	0.0155897	0.00419245	0.00901081	0.0123556	0.103708	0.00268811	0.0113932	0.0171078	0.00597298	0.0206898	0.0139869	0.00619837	0.00290931	0.0139025	0.0140093	0.0115857	0.017598	0.0173578	0.572633	0.12711
176	0.115595	0.0792184	0.00746363	0.00670262	0.00711773	0.0337405	0.0114606	0.00497674	0.00276926	0.00922629	0.00526983	0.0201293	0.00367896	0.00603631	0.00483533	0.600492	0.0637177	0.00959708	0.00198609	0.00598635
177	0.043706	0.0174311	0.00127219	0.00412868	0.0485839	0.00125259	0.00837943	0.0960333	0.00226611	0.463204	0.189822	0.00294196	0.00270398	0.00979095	0.00352939	0.00744131	0.00861835	0.0606291	0.00445646	0.0238097
178	0.0314514	0.000663842	0.00212928	0.0036826	0.00116346	0.944019	0.00240474	0.000561712	0.000863778	0.000653369	0.000539897	0.00185591	0.000145183	0.0013075	0.00075447	0.00412749	0.00222533	0.000740376	0.000179019	0.000532002
179	0.00662988	0.00410151	0.0157773	0.00216143	0.00349024	0.0474504	0.0459344	0.00639428	0.00859285	0.00527476	0.00331931	0.788885	0.00133131	0.00937289	0.0152184	0.00836657	0.0122908	0.0042872	0.000796583	0.0103253
180	0.0098095	0.00452339	0.0495785	0.847404	0.00168919	0.0111764	0.00363765	0.00151247	0.00236906	0.00280675	0.00421761	0.00971904	0.00235592	0.0228617	0.00184574	0.00798386	0.0121073	0.0025867	0.000531055	0.0012838
181	0.249131	0.115851	0.00264418	0.00166189	0.00982772	0.0120265	0.00603755	0.00164581	0.00113874	0.00538282	0.00255793	0.00338135	0.00291869	0.00234056	0.00120475	0.531922	0.0398917	0.00847472	0.000472907	0.0014878
182	0.212529	0.0219234	0.032019	0.0338777	0.123602	0.167547	0.0366969	0.00892671	0.00560471	0.0132783	0.00783858	0.0141208	0.00328673	0.00766488	0.033942	0.17968	0.0104193	0.0123669	0.00235137	0.0723248
183	0.0560006	0.0110512	0.0302171	0.0550216	0.159039	0.0123244	0.0625368	0.0341295	0.0197371	0.0546623	0.0232055	0.0367327	0.0029078	0.0297372	0.0153698	0.031229	0.069269	0.0421382	0.057791	0.1969
184	0.032521	0.000568552	0.00248335	0.00469113	0.00179715	0.942283	0.00252107	0.000487064	0.000454907	0.000638266	0.000459435	0.00104218	0.000672662	0.00066776	0.000593135	0.00432303	0.00191334	0.000804722	0.000220778	0.000857713
185	0.0272762	0.00380521	0.00240946	0.00475863	0.0591042	0.00279515	0.0046256	0.0967893	0.0031563	0.212129	0.0195431	0.00487198	0.44157	0.00365031	0.00351298	0.0193133	0.00639344	0.0592008	0.00884879	0.0162466
186	0.0291916	0.00142269	0.00117681	0.00148263	0.00388945	0.00106572	0.00176064	0.266505	0.000922282	0.0648039	0.00209153	0.00247324	0.00287076	0.00621041	0.00123813	0.00707475	0.0278858	0.570704	0.005291	0.00193968
187	0.0102196	0.00568673	0.00425144	0.00436404	0.00526836	0.00425029	0.620895	0.0281269	0.00423992	0.00779	0.0734244	0.0176851	0.0023523	0.171328	0.00486603	0.00987017	0.00874492	0.00784213	0.00198139	0.00681385
188	0.0300858	0.00789485	0.0115525	0.0203101	0.153759	0.00623104	0.0272148	0.015924	0.0076969	0.0461259	0.026306	0.0147158	0.00152668	0.0115639	0.00897837	0.0228087	0.029035	0.0231283	0.0690821	0.46606
189	0.014958	0.0153328	0.034343	0.725804	0.00365796	0.022985	0.0130589	0.00826931	0.01129	0.010825	0.00790058	0.0123654	0.00419069	0.0684251	0.0104583	0.00843812	0.0139436	0.00762516	0.00163766	0.00449125
190	0.0236789	0.00511165	0.00357279	0.00607815	0.00394629	0.00945925	0.0236859	0.00611798	0.540454	0.0401971	0.0245992	0.00665739	0.00152732	0.0255291	0.218481	0.0150023	0.00687308	0.0316344	0.00218268	0.00521186
