237	20
1	0.0188114	0.00851096	0.0084793	0.0493739	0.0117611	0.0901643	0.037606	0.0823969	0.0654018	0.0899397	0.0646833	0.0835894	0.0293725	0.0245671	0.101827	0.0129089	0.0442803	0.0783379	0.00167844	0.0963096
2	0.0866533	0.0133135	0.00706036	0.0268347	0.00907197	0.00534829	0.00434693	0.217163	0.0619861	0.074716	0.0710115	0.00231728	0.0124487	0.0182522	0.0733189	0.112661	0.0745531	0.10913	0.00407397	0.0157393
3	0.0192423	0.0243153	0.000994241	0.00128387	0.0337076	0.00421596	0.00116267	0.478391	0.00201529	0.154335	0.0216642	0.00100752	0.00242423	0.00186765	0.00173939	0.00293194	0.0129654	0.210848	0.000778568	0.024111
4	0.00545386	0.0116774	0.00210617	0.00198701	0.409873	0.00108006	0.00661477	0.0784827	0.0048045	0.12625	0.0387306	0.00171259	0.000930799	0.00157599	0.00314832	0.0025767	0.0138514	0.135728	0.00138883	0.152028
5	0.239369	0.186499	0.00317296	0.0121929	0.0190672	0.365555	0.00332825	0.0293837	0.00448601	0.0122945	0.00511656	0.0032396	0.00295577	0.00417561	0.00728668	0.0161628	0.0132472	0.0659506	0.000845401	0.00567155
6	0.0257483	0.0247389	0.00127522	0.00217068	0.0650973	0.00282999	0.00138059	0.271109	0.00638649	0.340268	0.12426	0.00124753	0.00427923	0.0185623	0.00516907	0.00411275	0.00922625	0.0762455	0.00183853	0.0140545
7	0.138656	0.241087	0.00633695	0.039538	0.0159371	0.338733	0.00776627	0.0227372	0.0101571	0.0181913	0.00754895	0.00784524	0.00507885	0.00850346	0.0118097	0.0233821	0.0178484	0.0683657	0.00198606	0.00849203
8	0.0440229	0.0300388	0.0162809	0.0233307	0.0160184	0.0142973	0.239766	0.0335661	0.0417754	0.0443061	0.0204229	0.173803	0.00879906	0.0321659	0.0156633	0.136747	0.0412303	0.0513127	0.00404416	0.012409
9	0.101891	0.0156476	0.0158934	0.0145869	0.0127563	0.0121832	0.00486308	0.0217791	0.0184443	0.0557785	0.00764094	0.0104996	0.543526	0.00613447	0.00813041	0.0358514	0.0141417	0.0855605	0.00168489	0.0130068
10	0.0131603	0.0119555	0.00185544	0.00544583	0.0375548	0.0013981	0.0019499	0.187856	0.00477558	0.519454	0.088439	0.00191089	0.00674529	0.00842622	0.00312339	0.00562834	0.0121463	0.0754085	0.00173527	0.0110315
11	0.0333634	0.0169518	0.00879265	0.0141264	0.0296324	0.00633742	0.00908249	0.10459	0.0206502	0.441774	0.0692959	0.0104755	0.00801057	0.0208101	0.0099076	0.0262751	0.0673158	0.0808901	0.00396313	0.0177551
12	0.0295415	0.00638227	0.609766	0.0411365	0.0049719	0.0209221	0.00717414	0.00905636	0.0159437	0.0118703	0.00616616	0.0966482	0.0124138	0.0098287	0.0246877	0.0457038	0.0280059	0.0125082	0.0012638	0.00600876
13	0.00448807	0.00299434	0.00323121	0.00463586	0.0141355	0.00102775	0.00354843	0.288708	0.00185271	0.233298	0.0943978	0.00069834	0.00365046	0.00203332	0.00677062	0.00196264	0.0490353	0.260477	0.0055447	0.0175092
14	0.0172579	0.0331204	0.00506234	0.00692354	0.00526284	0.0063589	0.0062753	0.116496	0.0111271	0.0699946	0.0318159	0.00723697	0.00491136	0.0930903	0.0331443	0.301212	0.166992	0.0522439	0.00259354	0.0288802
15	0.325892	0.0949088	0.00789868	0.00215264	0.0033731	0.101171	0.00618143	0.0762108	0.00257004	0.00441361	0.00861202	0.00280671	0.00275982	0.00340169	0.00183137	0.0417832	0.0565587	0.254513	0.000538685	0.00242297
16	0.0558089	0.00495839	0.0553845	0.155969	0.00601096	0.0307451	0.0358692	0.0676463	0.00632819	0.00936112	0.00610166	0.0999777	0.0381759	0.0428203	0.0323636	0.0861751	0.128968	0.118858	0.00137023	0.0171071
17	0.310788	0.0983299	0.00932321	0.00235928	0.00292997	0.108834	0.0069418	0.0745089	0.00272344	0.004648	0.00850547	0.00304318	0.00307137	0.00331834	0.001869	0.0420732	0.0569685	0.257152	0.00052417	0.00208828
18	0.0253094	0.00690498	0.00158294	0.00917645	0.183114	0.00161136	0.0579198	0.020484	0.02657	0.0417708	0.00212494	0.0276888	0.00113532	0.0138119	0.00646937	0.0114011	0.0109019	0.0103371	0.0489172	0.492769
19	0.0316465	0.00219708	0.0701287	0.118857	0.00807402	0.436956	0.0158509	0.00331614	0.046202	0.00974675	0.00189679	0.132149	0.00791796	0.0304075	0.00896005	0.0580443	0.0106338	0.00484286	0.00061954	0.00155287
20	0.0167493	0.00544444	0.00213759	0.00517702	0.0131258	0.00193313	0.00214491	0.093897	0.00445857	0.654201	0.0524042	0.00228615	0.0038809	0.00751735	0.00285068	0.00512728	0.00965967	0.112562	0.00110857	0.00333525
21	0.0474262	0.000690959	0.0608835	0.148778	0.00506527	0.0112561	0.0175046	0.015508	0.331421	0.0140858	0.00458091	0.0439046	0.00865252	0.0943786	0.106454	0.0370405	0.0407335	0.00696676	0.000261612	0.00440709
22	0.107392	0.017135	0.0172442	0.0743887	0.00829167	0.00275218	0.00344503	0.00569928	0.0663351	0.0940146	0.0456211	0.00355011	0.392909	0.0135513	0.0362699	0.0861959	0.0070919	0.00855727	0.00125289	0.00830304
23	0.0255523	0.00317658	0.253553	0.0214275	0.00168846	0.0991648	0.0103237	0.00298699	0.0234476	0.00346266	0.00197339	0.44513	0.013821	0.0195881	0.00347283	0.0406008	0.0223303	0.00451817	0.000511511	0.00326979
24	0.0286961	0.00332415	0.562538	0.00977308	0.00192189	0.0371706	0.00472002	0.0038709	0.0100014	0.00417185	0.00248609	0.219401	0.00601873	0.00852522	0.014859	0.0475921	0.026237	0.00556784	0.000651037	0.00247391
25	0.294977	0.0648698	0.00953359	0.0133827	0.00903427	0.0555501	0.011533	0.055702	0.0150625	0.0197408	0.0111507	0.0121251	0.00791233	0.167695	0.0139282	0.0378114	0.110346	0.076914	0.00297521	0.00975677
26	0.0292181	0.031619	0.00234485	0.00301374	0.025957	0.00343763	0.00409362	0.344507	0.00728837	0.069398	0.0132633	0.00444265	0.00975999	0.00366738	0.00243576	0.010061	0.0510265	0.303802	0.00158492	0.07908
27	0.0106698	0.00723425	0.00203562	0.00791543	0.031514	0.0011859	0.00217743	0.20702	0.00281976	0.449214	0.0965066	0.00108747	0.00535688	0.00512795	0.0038221	0.0044063	0.0227026	0.127497	0.00303607	0.00867019
28	0.229807	0.132923	0.00191815	0.00228218	0.0394793	0.0188786	0.00482616	0.0405739	0.00394572	0.0637	0.0443939	0.00822376	0.026604	0.00492833	0.00267762	0.170359	0.0687254	0.119426	0.000795046	0.0155317
29	0.0387387	0.00136594	0.24559	0.333025	0.000786554	0.037375	0.0107143	0.00167599	0.058708	0.0124744	0.00391658	0.0577135	0.0408135	0.0311155	0.0205374	0.0624281	0.0348049	0.00697565	0.000316376	0.000924372
30	0.0170617	0.0211299	0.00693711	0.0148237	0.00504275	0.0134568	0.0936397	0.00853317	0.0921326	0.0142264	0.00544979	0.0283298	0.0250054	0.409447	0.135831	0.0288536	0.0432123	0.0293256	0.00255865	0.00500279
31	0.0682925	0.00519987	0.0173677	0.0179829	0.00367959	0.00337762	0.0180506	0.064199	0.192427	0.107913	0.231761	0.031739	0.00224207	0.0490416	0.0540883	0.036998	0.0516428	0.0387076	0.00125946	0.00402953
32	0.101303	0.00909059	0.11359	0.0522838	0.00153289	0.077786	0.00807228	0.00281888	0.00308581	0.00938993	0.00192744	0.05931	0.293709	0.00223946	0.00861455	0.183318	0.0472593	0.0227817	0.0003865	0.0015008
33	0.0126364	0.0129494	0.000678321	0.00239105	0.0362112	0.000924491	0.000746809	0.205486	0.00225194	0.528152	0.108286	0.000742936	0.00650795	0.00668733	0.00253135	0.00469897	0.00842658	0.0542106	0.00101943	0.00446074
34	0.00788813	0.00967261	0.00123479	0.00768835	0.47655	0.00124272	0.00833586	0.0522635	0.00353629	0.0282486	0.00932799	0.011438	0.00105866	0.00223869	0.0022367	0.00565196	0.00435312	0.0657366	0.00100677	0.300291
35	0.039813	0.000963784	0.242322	0.356558	0.000796646	0.0348312	0.0108353	0.00154496	0.0605553	0.013514	0.00424187	0.0339109	0.0427298	0.0313955	0.0221747	0.0621576	0.0331082	0.00743938	0.000303081	0.000804394
36	0.0376946	0.000922309	0.229324	0.359871	0.0011575	0.0286923	0.0112532	0.0043503	0.0673864	0.0120699	0.00403774	0.0329031	0.0351185	0.0384699	0.0218311	0.0590519	0.0406451	0.0132944	0.000298923	0.00162767
37	0.0118765	0.0127835	0.00065817	0.0023989	0.0365704	0.000810893	0.000724176	0.199348	0.0021325	0.534877	0.108494	0.000731096	0.00686382	0.0062927	0.00236854	0.0048697	0.00911913	0.0536667	0.00107291	0.00434139
38	0.0812101	0.00776573	0.0120103	0.0348484	0.0149845	0.0103554	0.00579266	0.20091	0.0381134	0.0967555	0.0736202	0.00259278	0.00657644	0.0318132	0.0461267	0.0902042	0.0775551	0.15073	0.0097658	0.0082693
39	0.0340317	0.0152803	0.209511	0.0508386	0.00273713	0.016649	0.0158955	0.00509912	0.133443	0.00556351	0.00359748	0.253438	0.0602229	0.0406855	0.00418845	0.0813274	0.0563227	0.00724503	0.00103233	0.00289094
40	0.111458	0.053104	0.00293301	0.00399047	0.00612098	0.00549747	0.0103591	0.109626	0.00816848	0.0382649	0.00973814	0.00691347	0.0960798	0.00619162	0.00433091	0.0150572	0.0894678	0.413286	0.00201386	0.00739914
41	0.0278963	0.00118318	0.127827	0.351561	0.00415237	0.00174775	0.00738249	0.0260689	0.0950899	0.00877129	0.00441337	0.0248617	0.00180127	0.0778781	0.0286726	0.0579665	0.0916449	0.0527561	0.000383277	0.00794202
42	0.0194686	0.0078918	0.0011834	0.00655243	0.213131	0.00119516	0.0512134	0.0223265	0.0221066	0.0437303	0.00192878	0.0272526	0.000867756	0.0113881	0.00656263	0.0117096	0.00749154	0.0137063	0.0238486	0.506445
43	0.0316758	0.00848065	0.00542527	0.0103724	0.00641808	0.0061797	0.0218217	0.170656	0.0132485	0.114442	0.0351901	0.00513737	0.00502159	0.0297742	0.0283415	0.139875	0.0802826	0.278309	0.00318903	0.00616037
44	0.0929514	0.0143347	0.00251608	0.00371714	0.0130646	0.00271709	0.00313166	0.0247341	0.0147672	0.0621322	0.00346975	0.00292282	0.61748	0.0033425	0.00338709	0.00750921	0.00668742	0.105542	0.000801712	0.0147919
45	0.156643	0.0160967	0.0106725	0.0100166	0.00305427	0.682584	0.00214726	0.00384448	0.00795733	0.00418698	0.00178995	0.00880067	0.0015224	0.00964697	0.0157157	0.0492814	0.00425251	0.00950101	0.000343702	0.00194254
46	0.165014	0.00983212	0.0092375	0.00695475	0.00194864	0.694978	0.00141404	0.00301352	0.00543648	0.00334131	0.00157226	0.00748571	0.000911373	0.00855648	0.0153927	0.0519777	0.00359673	0.00757875	0.000304086	0.00145367
47	0.635446	0.00763988	0.000895141	0.00126691	0.00131813	0.0728632	0.00376886	0.00185576	0.00266551	0.00686716	0.0010713	0.00372717	0.000663264	0.00121424	0.00150742	0.243302	0.00263009	0.00557374	0.000284689	0.00544012
48	0.33979	0.103744	0.00625421	0.0027724	0.00362612	0.130346	0.00484265	0.0617932	0.00317529	0.00615087	0.0101361	0.00436764	0.0022044	0.00539793	0.00221089	0.0485499	0.0699318	0.191282	0.000642668	0.00278197
49	0.0113105	0.00645872	0.00857223	0.0268152	0.0282935	0.00228181	0.00323725	0.0661905	0.0189077	0.501392	0.129652	0.00288113	0.00297947	0.0555739	0.0038998	0.00875826	0.0284433	0.0729034	0.00466312	0.0167867
50	0.031194	0.014563	0.0967594	0.0442062	0.00928725	0.0564143	0.0315462	0.0152274	0.106354	0.02409	0.00980237	0.340534	0.0139131	0.0351432	0.0273562	0.0593282	0.0405441	0.0249533	0.00547184	0.013312
51	0.171938	0.00768945	0.00245636	0.00510045	0.0032243	0.00862466	0.00462384	0.00839795	0.00666303	0.0178535	0.00873953	0.0265191	0.0100722	0.00470447	0.00340491	0.183081	0.480947	0.0388979	0.000972837	0.00608985
52	0.102405	0.0766995	0.00142026	0.00217391	0.0937192	0.00562283	0.00284124	0.191866	0.00332583	0.083493	0.0818126	0.00226425	0.0250174	0.00264552	0.00190031	0.0730877	0.0555942	0.186625	0.00152445	0.00596154
53	0.0357703	0.0208285	0.0100799	0.0334496	0.0044186	0.0172116	0.0186686	0.00958166	0.3018	0.0131004	0.00755339	0.00901835	0.00688095	0.0431077	0.38547	0.0388865	0.0144914	0.0179976	0.0029298	0.00875591
54	0.0469814	0.0240327	0.00137053	0.00168962	0.0702436	0.00871646	0.00215786	0.370933	0.00464616	0.094297	0.0580564	0.00219051	0.011017	0.00271728	0.00183206	0.00796836	0.0327986	0.252711	0.00115157	0.00448832
55	0.134463	0.162155	0.00123709	0.00171649	0.0759293	0.00203849	0.00199657	0.0618861	0.0026612	0.0710823	0.052578	0.00176486	0.0383573	0.00191414	0.00190216	0.158573	0.06893	0.150616	0.000626869	0.00957196
56	0.0998632	0.0485978	0.028141	0.0886853	0.00686792	0.0270128	0.0315617	0.025381	0.094859	0.0381112	0.0163544	0.0269291	0.0103348	0.169446	0.0955054	0.0527761	0.0811754	0.0422754	0.00449674	0.0116261
57	0.0422428	0.0179044	0.0124227	0.0279456	0.0245777	0.0136863	0.0151296	0.036708	0.227835	0.0433398	0.0178327	0.0169163	0.0102156	0.056267	0.104832	0.0820032	0.0376008	0.0456601	0.113724	0.053156
58	0.0263691	0.0250807	0.00139227	0.00238815	0.0604542	0.00284561	0.00136655	0.281755	0.00721384	0.324381	0.126006	0.00130977	0.00401257	0.0185741	0.0052449	0.00427762	0.00915325	0.0819053	0.00166292	0.0146067
59	0.0249955	0.0223432	0.00138837	0.00246545	0.0509571	0.00226117	0.00106628	0.260032	0.00566253	0.383109	0.117041	0.00107716	0.00458766	0.0170839	0.00653976	0.00456422	0.00865776	0.0734738	0.00153954	0.0111551
60	0.0103033	0.00629102	0.0338067	0.0578217	0.0322756	0.0953936	0.0748667	0.00624827	0.196018	0.0347134	0.00358605	0.218433	0.0027414	0.0626063	0.0412661	0.0670447	0.0103269	0.0249942	0.0172582	0.00400477
61	0.166435	0.0251806	0.00585005	0.0258393	0.0312394	0.0064796	0.0227646	0.0849773	0.0337887	0.0553176	0.0163149	0.0057021	0.0227824	0.042371	0.0494931	0.163294	0.0719071	0.162342	0.00243657	0.00548377
62	0.246944	0.0983113	0.00483585	0.00210524	0.00293511	0.069961	0.0181171	0.0494922	0.00590493	0.00865776	0.00986935	0.0108259	0.00686857	0.00418655	0.00241252	0.0945765	0.133218	0.224502	0.00069715	0.00557949
63	0.139636	0.0709837	0.00302982	0.00363959	0.00310642	0.0555344	0.00937496	0.0249216	0.0196604	0.0115027	0.0209545	0.0240284	0.00532487	0.00528471	0.00354092	0.12485	0.327029	0.127583	0.00131766	0.0186971
64	0.0079858	0.00995428	0.00120903	0.007395	0.476489	0.00122092	0.0078045	0.0519207	0.00331908	0.0278296	0.00897761	0.0108919	0.00111324	0.00216661	0.00216101	0.0056597	0.00414234	0.0642033	0.000809301	0.304747
65	0.0554108	0.0144474	0.00235155	0.0033114	0.14577	0.00817906	0.00475636	0.300876	0.00459949	0.0843678	0.0988854	0.00291863	0.0107068	0.00399551	0.00307768	0.00994978	0.0515531	0.187264	0.00160728	0.00597218
66	0.162309	0.00570948	0.0094761	0.00725535	0.00164667	0.702328	0.00159873	0.00246699	0.00582363	0.00309041	0.00136478	0.00636039	0.000948276	0.00888542	0.0156738	0.0538712	0.00309544	0.00608561	0.000397876	0.00161238
67	0.302248	0.24732	0.00251547	0.00363692	0.00246828	0.0756763	0.00417877	0.00498087	0.0141509	0.0134441	0.00406817	0.00583756	0.00176669	0.00374333	0.00308867	0.272962	0.0162515	0.0168229	0.000870262	0.00396948
68	0.0201707	0.0241568	0.00104235	0.001309	0.00567029	0.00146729	0.00121008	0.312753	0.0205604	0.0236427	0.0160404	0.00503965	0.00116	0.00149933	0.0013133	0.00941375	0.013401	0.538153	0.000468055	0.00152912
69	0.170276	0.00679288	0.0121603	0.0127493	0.00221046	0.60164	0.00457553	0.00491972	0.025302	0.0066603	0.00540792	0.00867758	0.00298029	0.0181766	0.0287767	0.0654924	0.00927681	0.0100684	0.00112189	0.00273516
70	0.031643	0.00597849	0.603394	0.0403034	0.00383611	0.0231935	0.00749016	0.00800154	0.0155218	0.0100048	0.00540503	0.106205	0.013489	0.0103405	0.0231193	0.0454642	0.0278977	0.0118629	0.000803869	0.00604562
71	0.0474262	0.000690959	0.0608835	0.148778	0.00506527	0.0112561	0.0175046	0.015508	0.331421	0.0140858	0.00458091	0.0439046	0.00865252	0.0943786	0.106454	0.0370405	0.0407335	0.00696676	0.000261612	0.00440709
72	0.0194868	0.00826939	0.00116956	0.00647205	0.214012	0.0011666	0.0507342	0.0227874	0.0220604	0.0439032	0.00199947	0.0272898	0.000870766	0.0114586	0.00666584	0.0115967	0.00750586	0.0143004	0.0236322	0.504619
73	0.221256	0.00614391	0.00860039	0.00594709	0.00181005	0.644311	0.00124882	0.00211167	0.00425707	0.00341392	0.00121144	0.00457583	0.000767677	0.00810029	0.01444	0.0612863	0.00257431	0.0057848	0.000404406	0.001755
74	0.0470416	0.0007601	0.0645496	0.154171	0.00492219	0.0112287	0.0168911	0.0158247	0.324289	0.014	0.00449863	0.0436429	0.00829516	0.094123	0.103672	0.0376574	0.0414069	0.00818237	0.000320477	0.00452398
75	0.0429025	0.0096785	0.0171503	0.0849787	0.027522	0.00525168	0.0243132	0.19011	0.0491689	0.0700907	0.0693879	0.0108708	0.00877159	0.0763655	0.0691654	0.0272304	0.058441	0.0976369	0.00293983	0.0580246
76	0.0132655	0.0119638	0.000963654	0.00315059	0.0357815	0.00107124	0.00090371	0.197166	0.00273721	0.512343	0.111548	0.000931626	0.00616246	0.00735385	0.00264778	0.00517872	0.0115311	0.068461	0.00129058	0.00554849
77	0.0604398	0.00218929	0.0466317	0.151352	0.00942368	0.0134058	0.0210848	0.0193892	0.314463	0.0200543	0.00674587	0.0347428	0.00926022	0.0896376	0.0916307	0.0373988	0.0485612	0.0140193	0.000388635	0.00918101
78	0.099165	0.0117428	0.00615274	0.0161449	0.00693083	0.00640293	0.00974633	0.0929115	0.195392	0.0511016	0.0176927	0.00705244	0.0082919	0.0140464	0.071074	0.127744	0.146706	0.0757161	0.00523873	0.0307474
79	0.0847496	0.291893	0.00853089	0.00934393	0.0161727	0.0318467	0.00946165	0.0935299	0.0130515	0.0468255	0.0195239	0.01268	0.0129707	0.00822777	0.00835771	0.0720677	0.0400905	0.208392	0.00220548	0.0100789
80	0.287307	0.16428	0.00293011	0.0109344	0.0173745	0.358843	0.00297774	0.0230038	0.0043629	0.0141618	0.00466139	0.00279089	0.00247144	0.00371143	0.00766931	0.0171768	0.0114414	0.0567474	0.000853656	0.00630111
81	0.30369	0.09711	0.0071668	0.00264587	0.00322484	0.0946724	0.00598954	0.0750802	0.00290045	0.00531971	0.00830529	0.0030208	0.00379625	0.0038474	0.00221719	0.036784	0.0511766	0.290348	0.000540851	0.00216361
82	0.0398701	0.117131	0.00247529	0.00252086	0.00929017	0.0044765	0.00313992	0.397592	0.00429423	0.15141	0.0202245	0.00289165	0.00191775	0.00433671	0.0031449	0.00769799	0.0153706	0.205616	0.00112001	0.00547933
83	0.0213501	0.0352905	0.000745217	0.000752373	0.0088761	0.00324766	0.000839947	0.509336	0.00125313	0.174032	0.0130918	0.000791127	0.00110952	0.00101644	0.000870697	0.00237492	0.00893397	0.210623	0.000345212	0.00511936
84	0.0358201	0.0526673	0.00434146	0.00593369	0.00455381	0.00572383	0.0274784	0.0100386	0.0792432	0.0571629	0.00611031	0.144506	0.00501621	0.00743875	0.00639066	0.173298	0.213246	0.132615	0.0232052	0.00521088
85	0.0458373	0.0812849	0.00102955	0.00108399	0.00295095	0.00149772	0.00105554	0.292335	0.00606691	0.0485244	0.0230804	0.00219854	0.00161773	0.00143571	0.00124114	0.00970604	0.0193711	0.454319	0.00129717	0.00406748
86	0.163373	0.0141053	0.00634532	0.0106025	0.00680094	0.0127926	0.00894642	0.0199056	0.0142854	0.0265956	0.0121876	0.0269917	0.0355876	0.0108009	0.00784553	0.145	0.41947	0.0464052	0.00226799	0.00969128
87	0.0468921	0.00966857	0.209789	0.0367058	0.00698246	0.00602662	0.123552	0.0124104	0.0384516	0.039328	0.00713588	0.145427	0.00458358	0.0360068	0.0423834	0.0146851	0.0144865	0.0184809	0.00212412	0.18488
88	0.0166616	0.0170013	0.00157868	0.00295077	0.0292452	0.00228482	0.00182554	0.254791	0.00296821	0.448118	0.0794543	0.00138544	0.00492784	0.00648252	0.00318381	0.00525045	0.0123974	0.100474	0.0016519	0.00736663
89	0.171198	0.00207524	0.0151102	0.00608513	0.00157224	0.674622	0.00147534	0.00238343	0.00522581	0.00296402	0.00152509	0.00808156	0.000996495	0.0125883	0.0144507	0.0690018	0.00282373	0.00561413	0.000503257	0.00170275
90	0.549696	0.0285795	0.0042243	0.00666795	0.00668348	0.0716703	0.00727443	0.0154463	0.00838113	0.0163643	0.00659786	0.00844808	0.00496753	0.00878417	0.00727078	0.176412	0.0281999	0.03408	0.00170808	0.00854369
91	0.534672	0.0449343	0.00162644	0.00249597	0.00208498	0.0674041	0.00517708	0.00522379	0.00479584	0.0117464	0.00547625	0.00771503	0.00231725	0.00400885	0.00249431	0.240546	0.0266299	0.0242404	0.000650196	0.00576066
92	0.078053	0.0231167	0.044218	0.137147	0.00765059	0.0650047	0.0244815	0.0123643	0.108306	0.0229683	0.0172027	0.111631	0.00407128	0.0914394	0.0928128	0.0681149	0.0392564	0.0323198	0.0152067	0.00463477
93	0.0246314	0.0459141	0.0193923	0.0662969	0.0192067	0.0037915	0.198239	0.0066608	0.134285	0.132107	0.0351231	0.154192	0.00261495	0.00461088	0.00369239	0.0442007	0.0896675	0.0105365	0.00118083	0.00365717
94	0.00495754	0.0123568	0.00157945	0.00174045	0.340598	0.00114279	0.0037928	0.0536967	0.00892196	0.227122	0.0358159	0.00184044	0.000996223	0.00431012	0.00498585	0.00575164	0.0111714	0.0741737	0.00960596	0.19544
95	0.039694	0.000958388	0.241915	0.356719	0.000800292	0.0346328	0.010879	0.00158517	0.0607989	0.0135864	0.00424827	0.0338457	0.0425033	0.0315563	0.0221996	0.0621036	0.033249	0.00760293	0.00030543	0.000817114
96	0.0270934	0.0311802	0.0170439	0.00434033	0.00322753	0.00412779	0.0516553	0.15068	0.019383	0.00810424	0.0552835	0.249074	0.00288494	0.0530433	0.00399487	0.090895	0.0391834	0.184089	0.00134401	0.00337248
97	0.0142794	0.00752402	0.00454836	0.0277453	0.075026	0.00455892	0.00465295	0.0571896	0.10678	0.033562	0.0284665	0.00614046	0.00377317	0.18084	0.0740353	0.0380747	0.0120334	0.0673395	0.244027	0.00940348
98	0.183258	0.0415421	0.0586123	0.0718322	0.00202661	0.0218931	0.0367078	0.0184179	0.157615	0.00597619	0.0259206	0.0123111	0.0479617	0.0307282	0.0474346	0.140041	0.0399912	0.0548967	0.000638659	0.00219506
99	0.131153	0.0291809	0.00439288	0.00656459	0.108608	0.00986501	0.0516675	0.182747	0.0289683	0.139912	0.0302439	0.00550628	0.00446762	0.00702447	0.00550368	0.0344062	0.0601084	0.066498	0.0452542	0.0479283
100	0.00575305	0.00346469	0.00338303	0.00448815	0.0145844	0.00108816	0.00337759	0.296831	0.00149099	0.222399	0.0822075	0.000799616	0.00370554	0.00125444	0.00642761	0.00215177	0.0478102	0.273607	0.00630021	0.0188753
101	0.0340234	0.00100304	0.152831	0.360431	0.0030731	0.00828567	0.00922015	0.0182068	0.0940009	0.00899722	0.00389545	0.0288614	0.00941771	0.0706664	0.024582	0.0543796	0.0731077	0.0391034	0.000358968	0.0055547
102	0.0474262	0.000690959	0.0608835	0.148778	0.00506527	0.0112561	0.0175046	0.015508	0.331421	0.0140858	0.00458091	0.0439046	0.00865252	0.0943786	0.106454	0.0370405	0.0407335	0.00696676	0.000261612	0.00440709
103	0.509232	0.0518784	0.00110896	0.00165443	0.00170273	0.07683	0.00449229	0.00610747	0.00420732	0.0125997	0.00704252	0.0084207	0.00102292	0.0042979	0.00219186	0.227362	0.0367763	0.0366948	0.00042529	0.00595235
104	0.0465008	0.00124507	0.0583993	0.137025	0.00480129	0.0106729	0.0162577	0.0142347	0.319539	0.0133081	0.00450764	0.0439516	0.00783877	0.107811	0.116229	0.0435694	0.0421244	0.00730408	0.000379757	0.00430042
105	0.00544904	0.0115704	0.0020296	0.0020182	0.411183	0.00108897	0.00665397	0.0786484	0.00472623	0.124489	0.0382648	0.00171102	0.000918902	0.00154183	0.00309775	0.00252657	0.0138051	0.13531	0.00132732	0.15364
106	0.00858441	0.0150163	0.00107268	0.0048116	0.395981	0.000916736	0.00726595	0.0648733	0.00425647	0.0682863	0.0180357	0.00724442	0.000854968	0.00200049	0.0029528	0.00388222	0.00635828	0.0744816	0.00083206	0.312292
107	0.0138574	0.010037	0.00129106	0.00532499	0.281192	0.000985824	0.028913	0.0380804	0.0142996	0.100414	0.014676	0.016584	0.000871869	0.00813226	0.0054083	0.00853657	0.00762741	0.0396696	0.0152578	0.388841
108	0.125025	0.163217	0.00120193	0.00166868	0.0755935	0.00197938	0.00189818	0.0626014	0.00253111	0.0716791	0.0539155	0.0018227	0.0399712	0.00187697	0.00169135	0.163766	0.0687293	0.150852	0.000627294	0.00935169
109	0.102587	0.0069032	0.019113	0.0856761	0.0043456	0.0735994	0.00994928	0.0105052	0.00669676	0.0100299	0.00824601	0.00914579	0.00371914	0.00518438	0.00834831	0.377357	0.20806	0.044223	0.00151398	0.00479678
110	0.222327	0.0247314	0.00962132	0.00859613	0.00293491	0.45343	0.00493963	0.00873409	0.00821768	0.00891484	0.00520769	0.0108482	0.00557147	0.0114413	0.0131684	0.128045	0.0321684	0.0355999	0.000604878	0.00489796
111	0.013107	0.0070619	0.0012571	0.00724179	0.367583	0.00117729	0.0335259	0.0282645	0.0132501	0.0312583	0.0031476	0.0203144	0.000925616	0.00700558	0.00443671	0.00983742	0.00531905	0.0315652	0.0130832	0.400639
112	0.0292326	0.00982919	0.00629119	0.00829832	0.20845	0.0139817	0.162708	0.0595872	0.0118075	0.0565754	0.0734085	0.00844162	0.0390724	0.00960786	0.00855249	0.0170444	0.134311	0.13098	0.00320968	0.00861096
113	0.0151362	0.013373	0.000750472	0.00255008	0.036117	0.00126092	0.00076582	0.214439	0.00246269	0.517848	0.0987486	0.000791194	0.00577923	0.00733648	0.00265876	0.0044083	0.00812133	0.0615073	0.00104992	0.00489618
114	0.122133	0.011016	0.0083492	0.0122514	0.00739487	0.0112936	0.00989426	0.075317	0.043808	0.0157548	0.00818576	0.146699	0.0384962	0.0450248	0.00885717	0.171649	0.197957	0.0281797	0.00231899	0.0354204
115	0.121058	0.0580776	0.00818464	0.0117952	0.0077712	0.0432158	0.0866524	0.0573843	0.0104213	0.0147399	0.00887905	0.0407234	0.0465862	0.0091549	0.00845468	0.0657894	0.114002	0.276809	0.00175691	0.00854397
116	0.0511121	0.264955	0.0542735	0.00785397	0.00637761	0.0444685	0.0098395	0.0139112	0.0146901	0.0157196	0.0096466	0.166663	0.00518847	0.012053	0.0454573	0.157711	0.0857832	0.022625	0.00294947	0.00872168
117	0.0897748	0.015422	0.00230221	0.00318757	0.0141028	0.00277443	0.00297542	0.0267157	0.0152986	0.0668639	0.00305127	0.00269253	0.606241	0.00306874	0.00323971	0.00617993	0.00645362	0.113	0.000836063	0.0158192
118	0.0397382	0.000968584	0.243185	0.356267	0.000804827	0.0346481	0.0108489	0.00156192	0.0604373	0.0133338	0.0041933	0.0339331	0.0433921	0.0313977	0.02198	0.0618704	0.0329118	0.00742419	0.000302705	0.000801107
119	0.336821	0.0476708	0.00197083	0.00572104	0.00194897	0.0431714	0.015202	0.00881262	0.00432314	0.0235613	0.010423	0.0310285	0.00279655	0.00649528	0.00270826	0.245281	0.136825	0.0600776	0.000716356	0.0144456
120	0.0632766	0.028731	0.00103658	0.00142526	0.0170834	0.00406835	0.00113384	0.335977	0.00271445	0.121211	0.0437851	0.00323295	0.00326971	0.00147003	0.00140994	0.012235	0.032651	0.317119	0.00168386	0.00648708
121	0.00714782	0.00340463	0.0130063	0.0426392	0.0181889	0.00244187	0.00264258	0.0321957	0.0294946	0.463012	0.164473	0.00266723	0.00169113	0.0643315	0.00264272	0.00798293	0.0234803	0.0940023	0.00543473	0.01912
122	0.109574	0.017321	0.0115447	0.120836	0.0169272	0.00948306	0.040565	0.0306059	0.196546	0.0663104	0.0145207	0.00518029	0.00509846	0.071413	0.0787318	0.0313534	0.103608	0.0336576	0.00219059	0.0345328
123	0.0217468	0.0341293	0.000801145	0.000800866	0.00890885	0.00323211	0.000876546	0.504216	0.0012691	0.174266	0.0145823	0.000885427	0.0011434	0.00101467	0.000946438	0.00243946	0.00970894	0.213422	0.000449567	0.00516133
124	0.34469	0.0699984	0.00409393	0.00696614	0.0259688	0.294611	0.00404567	0.0103456	0.00734331	0.0474148	0.00527054	0.00460312	0.00326005	0.00543278	0.0244617	0.0671585	0.010437	0.0392874	0.00166544	0.0229461
125	0.0474479	0.000690846	0.0608348	0.148841	0.00507433	0.0112619	0.0175347	0.0155458	0.331274	0.0141224	0.00458171	0.0438541	0.00866128	0.0943785	0.106386	0.0370667	0.0407589	0.00700154	0.000261824	0.004421
126	0.0307692	0.0115159	0.0142285	0.100256	0.0342351	0.00454322	0.0928763	0.144245	0.0486496	0.0446107	0.0484131	0.0146449	0.0149168	0.10577	0.0488225	0.00624182	0.048659	0.0912421	0.000800385	0.0945588
127	0.374653	0.100523	0.00157979	0.00182466	0.00174563	0.0595686	0.0060806	0.0125124	0.00377631	0.0222969	0.0166208	0.0159131	0.0019727	0.00853425	0.00204141	0.192215	0.0934932	0.0771366	0.000499572	0.0070127
128	0.186173	0.104909	0.0377809	0.00405759	0.0345499	0.00348727	0.139335	0.00642793	0.023394	0.0673979	0.00461248	0.0892138	0.00284261	0.0398057	0.0294724	0.1146	0.00947631	0.0805375	0.0012842	0.0206438
129	0.0255137	0.00317712	0.253104	0.0214053	0.00168923	0.0993734	0.0103341	0.00298072	0.0235192	0.00346365	0.00198995	0.445379	0.0138272	0.0195998	0.00344714	0.0405913	0.0223128	0.00450835	0.000511291	0.00327203
130	0.0583185	0.0407586	0.00312908	0.034488	0.00309253	0.034187	0.0323367	0.00632181	0.34172	0.0147362	0.0109001	0.00410952	0.00897453	0.0664649	0.256321	0.0351376	0.0121771	0.0233123	0.00236025	0.0111542
131	0.0260876	0.0253504	0.00259731	0.00283004	0.0168173	0.00303672	0.0157348	0.183203	0.0302424	0.104946	0.0151512	0.0155099	0.0945475	0.0155478	0.00308091	0.00744855	0.153834	0.252953	0.00108648	0.0299954
132	0.00485293	0.0118371	0.001842	0.00196785	0.398807	0.00109087	0.00590519	0.070893	0.00565025	0.146909	0.0384021	0.00171634	0.000910786	0.00205186	0.0034756	0.00303402	0.0135576	0.120893	0.0028534	0.163349
133	0.114895	0.219132	0.00244282	0.00311165	0.00676327	0.0168834	0.00335835	0.105396	0.00444036	0.123318	0.124264	0.00321066	0.00389794	0.00334989	0.00310185	0.0609098	0.135957	0.0606848	0.00156645	0.00331772
134	0.0113384	0.0053201	0.00188111	0.0134054	0.138564	0.00179965	0.00198584	0.0894469	0.0111894	0.394803	0.181288	0.00202898	0.00196824	0.0140425	0.00227262	0.00855548	0.0239829	0.0383392	0.0135439	0.0442439
135	0.0260487	0.0165547	0.0878698	0.0198749	0.00576279	0.107905	0.0140502	0.0105996	0.0243028	0.0115839	0.00567321	0.432674	0.00829263	0.017224	0.01148	0.10888	0.0560027	0.0173016	0.00247029	0.0154482
136	0.0134303	0.010521	0.0011826	0.00367518	0.054449	0.00133404	0.00261558	0.199646	0.00308499	0.4597	0.109307	0.00109783	0.00613557	0.00707886	0.00311172	0.00520771	0.0229403	0.0832218	0.00297478	0.00928525
137	0.52178	0.0218564	0.00134234	0.00321953	0.00145552	0.0644821	0.0120931	0.0040845	0.00377591	0.0114699	0.00413258	0.0156981	0.00152714	0.00322789	0.00207731	0.266979	0.0318793	0.0207582	0.00051217	0.00764844
138	0.371618	0.0513906	0.00646948	0.0132895	0.00676399	0.0439679	0.00913427	0.0206953	0.00925925	0.0210128	0.0134082	0.0161604	0.00767755	0.0094057	0.00566401	0.179754	0.135991	0.0689474	0.00109991	0.00829109
139	0.0614934	0.0307517	0.00970148	0.0152466	0.0148735	0.0128643	0.0188614	0.0446067	0.0171363	0.0340586	0.0161652	0.0219147	0.126254	0.0126146	0.0112648	0.0889264	0.211555	0.237206	0.00348141	0.0110234
140	0.015651	0.00763279	0.00123832	0.00674225	0.307891	0.00135842	0.0384769	0.0249467	0.0163399	0.0352802	0.00281193	0.0255155	0.000919588	0.00893773	0.00549392	0.0127624	0.00637869	0.0240478	0.0166189	0.440956
141	0.0213501	0.0352905	0.000745217	0.000752373	0.0088761	0.00324766	0.000839947	0.509336	0.00125313	0.174032	0.0130918	0.000791127	0.00110952	0.00101644	0.000870697	0.00237492	0.00893397	0.210623	0.000345212	0.00511936
142	0.084209	0.168774	0.00189585	0.00213328	0.0589943	0.00192166	0.00223853	0.063149	0.0035777	0.0723088	0.0615416	0.00256122	0.070859	0.00259852	0.00251383	0.21292	0.0495425	0.12432	0.000587396	0.0133538
143	0.0273616	0.00124227	0.125327	0.346639	0.00405446	0.00176035	0.00741103	0.0258597	0.0942279	0.008792	0.00485583	0.0247924	0.00181988	0.08571	0.0288559	0.059434	0.0907404	0.0528815	0.000387789	0.00784724
144	0.0370654	0.00905969	0.0499312	0.00622959	0.168012	0.00524304	0.0289639	0.0434409	0.0759255	0.167091	0.0348366	0.00627561	0.004159	0.00789547	0.03093	0.0125429	0.0148575	0.204388	0.00252418	0.0906282
145	0.103767	0.0329647	0.00116642	0.00155311	0.00805207	0.00450223	0.00178281	0.155759	0.00271253	0.125154	0.0277105	0.00987246	0.00182052	0.00191026	0.00150669	0.0355985	0.0452591	0.422586	0.00243417	0.0138887
146	0.0115162	0.00630918	0.00128502	0.0106117	0.115743	0.00107533	0.00112764	0.105633	0.00903903	0.468203	0.137734	0.00125179	0.00245738	0.0138584	0.00201827	0.00685906	0.0114683	0.0369604	0.0138429	0.0430071
147	0.0508821	0.0105256	0.0113222	0.0761858	0.0284833	0.0060099	0.00836063	0.0163031	0.134992	0.0973765	0.0190726	0.00899283	0.267508	0.0531683	0.0432876	0.0969174	0.0170031	0.02299	0.0026034	0.0280155
148	0.0195024	0.00791443	0.00117454	0.00653834	0.212367	0.00116951	0.0513344	0.0221394	0.0221609	0.0436789	0.0019387	0.0272997	0.000874627	0.0114328	0.00656267	0.0117317	0.00754359	0.0136019	0.0240045	0.50703
149	0.125209	0.0704456	0.0012237	0.00208756	0.00694728	0.00350562	0.00165212	0.170679	0.00276948	0.0755581	0.035926	0.00449453	0.00594595	0.00180683	0.00175262	0.0268901	0.0786869	0.369357	0.00674221	0.00832029
150	0.0290946	0.0137422	0.486383	0.0151938	0.00328807	0.0328291	0.0075436	0.00770866	0.0175029	0.00718298	0.00383983	0.212845	0.00762126	0.0119195	0.0256695	0.0618095	0.0391443	0.0104159	0.00115687	0.00510931
151	0.0075479	0.00771613	0.00281153	0.00337708	0.0703929	0.00316864	0.00346143	0.410298	0.00488026	0.0446356	0.00383082	0.00375969	0.0023362	0.00375167	0.0034406	0.00678963	0.0150753	0.226359	0.00105906	0.175309
152	0.00281364	0.00129419	0.00335265	0.00460804	0.0109109	0.000771582	0.00395883	0.286332	0.00123772	0.230371	0.0876696	0.000704237	0.00353899	0.000962505	0.00697958	0.00174421	0.0542376	0.275375	0.00579196	0.0173466
153	0.00673799	0.00795281	0.00231953	0.0041157	0.369702	0.00192943	0.00574779	0.178479	0.00426449	0.0593082	0.0208468	0.00411461	0.00152169	0.00212345	0.00266798	0.00413578	0.012129	0.169516	0.000801373	0.141587
154	0.239627	0.166334	0.00263024	0.0109859	0.0153143	0.399873	0.00321753	0.0215003	0.00482166	0.0124812	0.00486676	0.00368096	0.00259065	0.00429015	0.00810835	0.0248489	0.0137134	0.054906	0.000931465	0.00527844
155	0.0388291	0.0206604	0.0616569	0.0225726	0.0101522	0.102081	0.0166255	0.018807	0.0269692	0.0198218	0.0120951	0.359992	0.0124241	0.019403	0.0183038	0.109695	0.0501883	0.0281696	0.00425822	0.0472941
156	0.0455849	0.00221372	0.216218	0.342216	0.00124599	0.0317861	0.0111128	0.00499556	0.0676157	0.0134252	0.00566079	0.0318805	0.0364539	0.0394385	0.0258888	0.0670575	0.0390617	0.0159657	0.000462052	0.00171761
157	0.075478	0.00454266	0.079282	0.158914	0.00313408	0.0341963	0.0246162	0.0316048	0.00783943	0.00776093	0.0185187	0.0210169	0.00731994	0.0131323	0.0242955	0.196856	0.208048	0.0763122	0.00101619	0.00611649
158	0.0372355	0.0013412	0.202044	0.353148	0.00197933	0.0268259	0.0105544	0.00909552	0.0728203	0.0135714	0.00450815	0.0320627	0.0305891	0.0447786	0.0251602	0.0593306	0.0492531	0.0217467	0.00060853	0.00334647
159	0.139461	0.0174665	0.00707923	0.00824872	0.188743	0.0400136	0.0766886	0.103653	0.0158307	0.0860166	0.03113	0.00884956	0.0132564	0.0113511	0.00974838	0.0255159	0.0854595	0.0992483	0.0128016	0.0194384
160	0.133666	0.0206359	0.0706142	0.1097	0.00369506	0.0179155	0.00717807	0.0655538	0.160796	0.145845	0.00473474	0.00387601	0.00252977	0.0493258	0.100699	0.0121285	0.0308324	0.0266938	0.0155178	0.018063
161	0.402269	0.00435201	0.0202846	0.119397	0.00330086	0.00398538	0.0189568	0.0352027	0.019261	0.00707676	0.00442664	0.00392208	0.0028	0.0208183	0.00462275	0.0407985	0.244623	0.0395622	0.000942271	0.00339841
162	0.00523816	0.00919191	0.00158349	0.00403508	0.226064	0.00119882	0.00215795	0.0448115	0.0132779	0.355621	0.054384	0.00178666	0.000978921	0.00931595	0.0052081	0.00925754	0.00901962	0.0392219	0.0204081	0.187239
163	0.636829	0.00758304	0.000879258	0.00127193	0.00129416	0.0729074	0.00370855	0.00184515	0.00257779	0.00686809	0.00107325	0.00370157	0.000662265	0.00118045	0.00149207	0.242203	0.00261294	0.00556415	0.000291461	0.00545482
164	0.0474262	0.000690959	0.0608835	0.148778	0.00506527	0.0112561	0.0175046	0.015508	0.331421	0.0140858	0.00458091	0.0439046	0.00865252	0.0943786	0.106454	0.0370405	0.0407335	0.00696676	0.000261612	0.00440709
165	0.00279678	0.00127885	0.00336156	0.00462128	0.0109197	0.000767873	0.00396523	0.286095	0.0012384	0.230439	0.0877229	0.000703899	0.0035374	0.00096435	0.00698278	0.00174334	0.0542764	0.275427	0.00580776	0.0173506
166	0.067145	0.0033689	0.0428944	0.150636	0.0111591	0.0143633	0.0234725	0.02013	0.299344	0.0224126	0.00720533	0.0307887	0.0103739	0.0908309	0.085727	0.0381285	0.0530911	0.0178575	0.000463534	0.0106085
167	0.0279236	0.00122584	0.126945	0.35181	0.00425731	0.00157508	0.00723954	0.02632	0.0950531	0.00865371	0.00434205	0.0246256	0.00158617	0.0781552	0.0288357	0.0573944	0.0920976	0.0535182	0.000378256	0.00806311
168	0.0699324	0.0417309	0.000769375	0.00104836	0.00646586	0.00306202	0.00140169	0.271543	0.0028648	0.11012	0.0231246	0.00500146	0.00156309	0.00121709	0.00127845	0.0221116	0.0359075	0.388806	0.00210648	0.00994469
169	0.331868	0.0972272	0.00749213	0.00293346	0.00363188	0.124122	0.00526348	0.0818913	0.00321477	0.00486935	0.0124895	0.0031629	0.00231504	0.00457993	0.00223128	0.0337172	0.0555489	0.220402	0.000645766	0.00239291
170	0.0307129	0.0300153	0.00894525	0.0257983	0.00357805	0.0147922	0.0184817	0.0952147	0.27922	0.162277	0.0167242	0.00357544	0.00190299	0.049023	0.0738707	0.0481318	0.0677482	0.0501935	0.0140334	0.00576173
171	0.168416	0.0168253	0.0417565	0.0742329	0.00238062	0.0741472	0.0246658	0.0131098	0.0785584	0.0276691	0.0432386	0.0492992	0.00467935	0.120758	0.0691577	0.113924	0.0396404	0.0310168	0.00428116	0.00224237
172	0.00819045	0.00312535	0.00420796	0.0409248	0.109087	0.00192193	0.00254172	0.0334902	0.0273626	0.398514	0.19764	0.00249939	0.00144131	0.024813	0.00234568	0.0144121	0.0127521	0.0457001	0.0240441	0.0449871
173	0.0322317	0.00183504	0.181783	0.328162	0.00277148	0.0210346	0.00933595	0.00971985	0.0654647	0.0259796	0.00449144	0.0323453	0.0669859	0.0428659	0.0258518	0.0625148	0.056887	0.0254139	0.000550837	0.00377499
174	0.0610796	0.0102807	0.0116308	0.0573614	0.0435126	0.00870923	0.0152376	0.0866568	0.184276	0.0591595	0.0110873	0.0423389	0.0935931	0.0207626	0.0472477	0.0724972	0.0300876	0.127018	0.00228962	0.0151745
175	0.157778	0.00617128	0.0196045	0.176384	0.0186283	0.0312632	0.0330273	0.034066	0.163073	0.0368863	0.0187198	0.0216595	0.00618299	0.0532912	0.0210574	0.0549665	0.0373583	0.0838109	0.00115253	0.0249194
176	0.0399813	0.0175123	0.020642	0.0583638	0.00472681	0.0160759	0.0189143	0.0119003	0.309754	0.0152247	0.00756043	0.0161516	0.0070418	0.0627296	0.308082	0.0342254	0.0218281	0.0175829	0.00299471	0.00870792
177	0.00290084	0.00131974	0.00334174	0.00460527	0.010843	0.000770812	0.00399523	0.286297	0.00124837	0.23003	0.0875882	0.000708595	0.00353302	0.000979686	0.00695828	0.001744	0.0544791	0.275509	0.00575711	0.0173916
178	0.295052	0.078142	0.00544779	0.00210222	0.0061944	0.0597657	0.00481291	0.0912723	0.00277092	0.0123652	0.0100304	0.00310069	0.00582537	0.00272542	0.00221541	0.0312731	0.0574925	0.323372	0.00135203	0.00468773
179	0.0200901	0.0285365	0.000990289	0.00120342	0.00489167	0.00147615	0.00115236	0.319719	0.0167231	0.022769	0.0181636	0.00409944	0.0011999	0.0014407	0.00130546	0.0104	0.0123933	0.531318	0.000477224	0.00165032
180	0.0247449	0.0306403	0.000962614	0.00120072	0.0405525	0.00585655	0.00137943	0.454585	0.00289204	0.201279	0.0359191	0.000966185	0.00209934	0.00578762	0.00226795	0.00261547	0.00947811	0.168158	0.000668731	0.00794682
181	0.101423	0.0296332	0.0127272	0.0191739	0.0118431	0.0175615	0.0131762	0.0439493	0.0223361	0.0398156	0.0187257	0.0229797	0.0208834	0.0151447	0.0119916	0.0946908	0.35586	0.133351	0.00331126	0.0114238
182	0.0220446	0.0970454	0.0393909	0.022461	0.00593167	0.0103803	0.0627474	0.0130609	0.0644632	0.0423572	0.00697444	0.104785	0.00670277	0.235442	0.128299	0.0332802	0.0614961	0.033238	0.00268565	0.00721543
183	0.17437	0.00250138	0.0149597	0.00552864	0.0015521	0.668312	0.00157562	0.00267278	0.00604363	0.00315984	0.00213987	0.00645116	0.0011686	0.0136698	0.0152782	0.0693041	0.00327963	0.00600447	0.00042589	0.00160191
184	0.185354	0.044787	0.0581859	0.0678675	0.00212857	0.0198345	0.0376248	0.019932	0.153641	0.00566569	0.0246507	0.0105768	0.0508579	0.0292167	0.0484233	0.141166	0.0409926	0.0563978	0.000617706	0.00207923
185	0.10017	0.00914424	0.114091	0.0515863	0.00151298	0.0775193	0.00796763	0.00268101	0.00219577	0.00909935	0.00161915	0.0593264	0.296717	0.00176661	0.00824888	0.18441	0.0476205	0.0224565	0.000387642	0.00147969
186	0.032369	0.0269581	0.00125536	0.00151838	0.00657072	0.0019271	0.00201501	0.262483	0.0231019	0.0369885	0.0146981	0.0061902	0.00490691	0.00231657	0.00195903	0.0110324	0.0468656	0.511747	0.000881437	0.00421594
187	0.0213501	0.0352905	0.000745217	0.000752373	0.0088761	0.00324766	0.000839947	0.509336	0.00125313	0.174032	0.0130918	0.000791127	0.00110952	0.00101644	0.000870697	0.00237492	0.00893397	0.210623	0.000345212	0.00511936
188	0.0883513	0.0363452	0.00123815	0.00142823	0.00580181	0.00348822	0.00175715	0.158072	0.00290386	0.108483	0.0249876	0.00698964	0.00205053	0.00191407	0.00169965	0.0297833	0.0412274	0.460377	0.00221723	0.0208847
189	0.388244	0.0327528	0.0032057	0.00446667	0.0699548	0.00623182	0.00575345	0.0535368	0.00606453	0.0144606	0.00656197	0.00424308	0.00552062	0.0052641	0.00479468	0.051072	0.0676563	0.232374	0.00166192	0.0361805
190	0.0318446	0.0306765	0.0372872	0.0653191	0.00454649	0.00363657	0.0496511	0.0343462	0.146416	0.0739154	0.00486584	0.0105236	0.0027843	0.168879	0.0699249	0.0568196	0.130468	0.0691712	0.00206995	0.00685479
191	0.0453841	0.000825679	0.0761172	0.17932	0.00482273	0.00977202	0.0151283	0.0178781	0.295441	0.0159757	0.00431947	0.0420394	0.00737013	0.0919841	0.0887971	0.0406924	0.044479	0.0138268	0.000339155	0.00548768
