286	20
1	0.110212	0.0394301	0.0257183	0.0400956	0.0276461	0.0253365	0.0200808	0.158819	0.0559832	0.0158859	0.00845373	0.0426649	0.00438246	0.0131019	0.0794509	0.0605737	0.131664	0.13324	0.00158667	0.00567452
2	0.033357	0.0109879	0.00174427	0.00172164	0.00593975	0.00202904	0.00164567	0.25611	0.00671758	0.0472214	0.00676756	0.00267752	0.0011158	0.0104559	0.00360639	0.00930469	0.0134628	0.583121	0.000503651	0.00151053
3	0.0403839	0.0361915	0.00196796	0.0135315	0.0923013	0.0115115	0.00537275	0.0692283	0.00884611	0.464272	0.0423251	0.00750846	0.00468514	0.00849269	0.00772102	0.0152188	0.0212671	0.105983	0.00985894	0.0333332
4	0.0353823	0.00557312	0.0781452	0.0833002	0.00510622	0.0364766	0.0148227	0.016759	0.113056	0.0269118	0.0093008	0.0968596	0.0210891	0.0564893	0.0891353	0.102975	0.178778	0.018562	0.00163687	0.0096419
5	0.109202	0.00225709	0.0506045	0.105881	0.00900653	0.0194921	0.00675715	0.07102	0.0694236	0.0901052	0.0558234	0.0358755	0.018233	0.0443875	0.0421453	0.0884146	0.0727605	0.0929874	0.000632047	0.0149915
6	0.060646	0.0013981	0.0674833	0.219088	0.0058557	0.0341795	0.0191316	0.0116163	0.174276	0.0193348	0.00484719	0.0422165	0.00428435	0.0936619	0.104941	0.0575397	0.0492044	0.0229084	0.00233338	0.00505462
7	0.0329476	0.0107784	0.00176489	0.00170808	0.00645426	0.00213498	0.00163303	0.256754	0.00669803	0.0504177	0.00781474	0.00274798	0.00111017	0.0105244	0.00393498	0.00942285	0.013736	0.577414	0.00050604	0.00149811
8	0.18605	0.0860311	0.00632724	0.0109799	0.00787481	0.0525482	0.00523223	0.0219907	0.0398962	0.00936047	0.0382853	0.0145799	0.0239329	0.0115527	0.0217665	0.264633	0.11475	0.0776319	0.00191718	0.00465998
9	0.0617593	0.0105204	0.24744	0.339227	0.00544747	0.0494121	0.00946645	0.00228202	0.0584964	0.00888132	0.0124856	0.04599	0.000943752	0.0327909	0.0128581	0.0609471	0.0169381	0.0198852	0.000245602	0.00398233
10	0.0212362	0.0039782	0.00115344	0.00143499	0.0452078	0.00923519	0.00100387	0.301147	0.00838831	0.264031	0.0728063	0.00759777	0.000966965	0.00879782	0.0194087	0.0121928	0.0250749	0.190331	0.000790831	0.00521679
11	0.0279933	0.0238932	0.00831742	0.00751298	0.130956	0.0145296	0.00602927	0.0962011	0.0142667	0.293507	0.0490177	0.0185433	0.0106374	0.011741	0.00850573	0.0317615	0.0765557	0.119801	0.0142631	0.0359681
12	0.106835	0.0824835	0.0308342	0.029997	0.0992967	0.0500599	0.0119924	0.0207032	0.0174419	0.115645	0.0258174	0.0644657	0.0122194	0.0497075	0.0150675	0.146625	0.0176159	0.00940741	0.00214938	0.0916355
13	0.0212936	0.00380955	0.00115985	0.00136794	0.044798	0.00927314	0.000990384	0.302907	0.00835405	0.262489	0.072932	0.00763795	0.0009832	0.00878954	0.0193733	0.0122687	0.0249747	0.190873	0.000716956	0.00500908
14	0.053906	0.00244509	0.109347	0.00425442	0.00273672	0.0270995	0.00295317	0.00360948	0.0328845	0.0116706	0.00248732	0.0449056	0.270562	0.0269401	0.0173384	0.248088	0.132355	0.00295151	0.000622872	0.00284255
15	0.0399623	0.0168067	0.0107779	0.0421034	0.0234221	0.0287911	0.0445223	0.0633442	0.106056	0.176059	0.0735932	0.0144159	0.00299279	0.0920343	0.107634	0.0381124	0.0213482	0.0769607	0.00170572	0.0193571
16	0.0392452	0.00811502	0.00762572	0.0193146	0.0332341	0.00743883	0.350313	0.00678875	0.0317464	0.0215509	0.00552814	0.0691321	0.00447775	0.0449455	0.0803999	0.0423682	0.0352485	0.00602072	0.00159393	0.184913
17	0.00961183	0.0668519	0.00678825	0.00164381	0.249568	0.00869223	0.10503	0.00446892	0.0175951	0.0366333	0.0153152	0.049715	0.00623257	0.00420411	0.0180449	0.0147331	0.00878958	0.00608798	0.00426095	0.365733
18	0.0540748	0.00720249	0.0134547	0.0487072	0.00486622	0.0650398	0.0315444	0.00860997	0.286847	0.0106879	0.00431133	0.0719049	0.00219216	0.0568409	0.218326	0.0650439	0.0234863	0.0116311	0.00108563	0.0141435
19	0.0124458	0.0199088	0.00746751	0.00648815	0.0800624	0.00790925	0.0176691	0.0193424	0.0169669	0.0351797	0.00909017	0.0308262	0.0116377	0.00744793	0.00969244	0.0261486	0.0163013	0.0136168	0.553482	0.0983171
20	0.0134287	0.0536397	0.13595	0.00840827	0.00641831	0.0105612	0.0225127	0.0137025	0.0105566	0.0098942	0.0202133	0.407999	0.00466755	0.0079273	0.0244091	0.203804	0.031918	0.00660653	0.0015708	0.00581193
21	0.109427	0.00179263	0.0488489	0.0935115	0.00953492	0.0140241	0.00191027	0.0866217	0.0527908	0.101209	0.0610797	0.0335765	0.0171945	0.0336134	0.034514	0.100155	0.0717135	0.113784	0.000384011	0.0143137
22	0.083945	0.0173336	0.132342	0.112236	0.0195324	0.150779	0.00729973	0.0228523	0.0354826	0.0303005	0.0127991	0.0736495	0.019191	0.0361021	0.0247758	0.121657	0.0663293	0.0217117	0.000508513	0.0111725
23	0.0673057	0.00860076	0.0302636	0.0857247	0.00565015	0.0415192	0.0251353	0.0104182	0.287287	0.0172162	0.00515843	0.0347388	0.00326009	0.0583125	0.206275	0.0496024	0.0372361	0.0209617	0.001088	0.00424685
24	0.0403811	0.0337448	0.00162815	0.0118212	0.0841634	0.0122435	0.0046138	0.0814064	0.00821628	0.465723	0.0441647	0.00650914	0.00409165	0.00785899	0.00779062	0.0143123	0.0201828	0.114651	0.00883196	0.0276649
25	0.0185196	0.0287836	0.0288894	0.107627	0.0474187	0.0113178	0.049188	0.0499397	0.0386171	0.050939	0.0075637	0.208569	0.00563996	0.141665	0.0145827	0.0598102	0.073242	0.0291795	0.0191811	0.00932607
26	0.0574712	0.0103716	0.243661	0.345143	0.0055726	0.045495	0.0104464	0.00278809	0.0591994	0.00944573	0.0120623	0.0455835	0.000729535	0.0374737	0.0149231	0.0582024	0.0168872	0.0189814	0.000349357	0.00521375
27	0.0497496	0.0122792	0.241937	0.0496868	0.00607701	0.130253	0.011978	0.00891383	0.0557006	0.0116985	0.00786219	0.200444	0.016227	0.023783	0.0184885	0.101583	0.0313693	0.0111232	0.00173574	0.00910986
28	0.0844504	0.00563988	0.0666407	0.164985	0.0134349	0.0265162	0.0211144	0.0167208	0.0629709	0.0288135	0.0164402	0.0359918	0.0525825	0.111815	0.0685226	0.123709	0.0324961	0.0180545	0.00412062	0.0449815
29	0.0568692	0.00714167	0.201385	0.315604	0.00723143	0.0411928	0.0142892	0.00587288	0.0795857	0.012136	0.0105051	0.0444276	0.00245064	0.0542265	0.0343945	0.0585863	0.0259173	0.0201241	0.00063491	0.00742518
30	0.0764677	0.00593913	0.0179802	0.0788251	0.00609969	0.0535091	0.0297087	0.00908553	0.295578	0.0106323	0.00372596	0.0393886	0.00117784	0.0659896	0.189741	0.0563201	0.036057	0.0184944	0.000493625	0.00478658
31	0.0342788	0.0111923	0.00174801	0.00170334	0.00592335	0.00209966	0.00167652	0.255909	0.00676051	0.0472559	0.00698794	0.00268	0.00111295	0.0104024	0.0036029	0.00938817	0.0136528	0.581526	0.000516664	0.00158296
32	0.00240244	0.948144	0.00107235	0.00123293	0.00113741	0.0014561	0.00395003	0.00145367	0.00180712	0.00409305	0.00108325	0.00367	0.00262645	0.00142914	0.00439768	0.00547845	0.00472028	0.00403016	0.00025982	0.00555554
33	0.0914931	0.0167872	0.0963417	0.100878	0.0211605	0.171195	0.00694974	0.0243075	0.0434735	0.031345	0.0108806	0.0600624	0.0299498	0.0346176	0.0331323	0.125553	0.0716381	0.0194986	0.000475829	0.0102598
34	0.0346764	0.00858098	0.00163229	0.0017845	0.0266867	0.00690949	0.00155954	0.289826	0.00775569	0.164023	0.0460558	0.00532851	0.00116348	0.00874879	0.01449	0.0134696	0.0206516	0.342828	0.000431774	0.0033975
35	0.0126724	0.813788	0.00326914	0.00415113	0.0101971	0.00532755	0.00448725	0.010755	0.0064958	0.0350182	0.00698306	0.00605934	0.00411229	0.00429007	0.007467	0.0131454	0.0186447	0.0227056	0.00177992	0.00865086
36	0.020102	0.0268338	0.0101943	0.00686728	0.382344	0.0199335	0.0223951	0.0214888	0.0151953	0.0795341	0.0245433	0.0181662	0.0172316	0.0202362	0.0116615	0.0206685	0.061752	0.0266535	0.019786	0.174413
37	0.0606428	0.0105585	0.249465	0.342971	0.00535646	0.0483464	0.00959766	0.0020026	0.0590569	0.00873198	0.0124526	0.0455989	0.000641935	0.0327963	0.0126688	0.0593054	0.015695	0.0198325	0.000244995	0.00403467
38	0.100369	0.0103704	0.120641	0.117016	0.0174068	0.127573	0.00714761	0.0253256	0.0307876	0.0243165	0.00842093	0.0662676	0.0215804	0.0301381	0.0263929	0.137653	0.0971343	0.0241038	0.000253014	0.00710208
39	0.00240244	0.948144	0.00107235	0.00123293	0.00113741	0.0014561	0.00395003	0.00145367	0.00180712	0.00409305	0.00108325	0.00367	0.00262645	0.00142914	0.00439768	0.00547845	0.00472028	0.00403016	0.00025982	0.00555554
40	0.012019	0.0196067	0.00548352	0.00470823	0.115509	0.0058973	0.0173214	0.0202829	0.0157232	0.0474844	0.00650957	0.0276801	0.0107234	0.00684093	0.00788167	0.0201311	0.0128171	0.00940965	0.519853	0.114118
41	0.07867	0.00413851	0.0237424	0.102942	0.00680217	0.046307	0.0257314	0.00935444	0.269542	0.0132192	0.00367711	0.0374501	0.00118601	0.0691962	0.173239	0.063446	0.0445289	0.0230293	0.000725751	0.00307268
42	0.0869442	0.0129479	0.0996657	0.0822517	0.0159824	0.133026	0.0105227	0.0271224	0.0464631	0.0329207	0.0147373	0.0807933	0.0229073	0.0372372	0.0368944	0.148499	0.0760614	0.0224553	0.00118545	0.0113825
43	0.0133119	0.0496028	0.0121314	0.00407816	0.253743	0.00763144	0.119239	0.00671358	0.017175	0.0373853	0.013775	0.0432439	0.0057	0.00888217	0.0212982	0.0200452	0.0162485	0.00683153	0.00724683	0.335717
44	0.0213453	0.00375498	0.00116166	0.0013565	0.0447806	0.00929485	0.00100489	0.30323	0.00837411	0.262161	0.0729517	0.00762998	0.000971095	0.00876859	0.0194072	0.0122613	0.0249525	0.190872	0.000730476	0.00499104
45	0.0854759	0.020581	0.0343106	0.103228	0.00677208	0.0651099	0.0881506	0.0115741	0.12437	0.0146743	0.0229632	0.0523562	0.0067842	0.0206871	0.0762803	0.104811	0.138181	0.013927	0.00200591	0.00775767
46	0.0995254	0.0110052	0.117222	0.111324	0.0166799	0.134885	0.00672948	0.0232563	0.033661	0.0252896	0.00891107	0.0707585	0.0204572	0.0335943	0.0256695	0.140732	0.0914039	0.0213571	0.000258972	0.00728005
47	0.060292	0.0106297	0.249799	0.340996	0.00537201	0.0491486	0.00947391	0.00202313	0.059209	0.00873016	0.0123329	0.0465865	0.000757221	0.0327706	0.012669	0.0595895	0.0156823	0.0197768	0.000236311	0.00392531
48	0.0588965	0.00916055	0.0534494	0.109673	0.0254121	0.081928	0.0250732	0.0354252	0.145532	0.0408273	0.0158252	0.0654029	0.0121151	0.085082	0.079058	0.0596417	0.0445073	0.0325185	0.00375159	0.0167206
49	0.14129	0.00672986	0.0103223	0.0533256	0.048395	0.029228	0.0228669	0.0210118	0.0241538	0.111629	0.0170663	0.0209838	0.29507	0.0316688	0.0469749	0.0481737	0.0234908	0.0116005	0.00238561	0.0336334
50	0.0937391	0.010182	0.110141	0.136985	0.0173574	0.101939	0.0158585	0.0257918	0.0535205	0.0303095	0.0115807	0.0653103	0.0274454	0.0439475	0.0368796	0.106037	0.074014	0.0269962	0.000645639	0.0113189
51	0.0233479	0.00435856	0.00160888	0.00243646	0.0443944	0.0098739	0.00118357	0.297743	0.00922804	0.260695	0.0723661	0.00788621	0.00112315	0.00957379	0.019866	0.0136961	0.025249	0.189178	0.000775297	0.005417
52	0.0421294	0.0142831	0.0353605	0.00952171	0.120885	0.0265909	0.0179122	0.0639958	0.0292007	0.0635693	0.0529812	0.0258824	0.0104606	0.0169332	0.0225207	0.106424	0.14303	0.152391	0.0206044	0.0253237
53	0.0653456	0.0139378	0.0207539	0.0301735	0.0586104	0.0174621	0.00705518	0.147246	0.0506561	0.0897019	0.0341954	0.0247552	0.0076145	0.0413044	0.0233242	0.100513	0.112264	0.14401	0.0028017	0.00827514
54	0.0421764	0.00723163	0.0387138	0.0748907	0.00652274	0.0284892	0.0182022	0.01855	0.199578	0.0434699	0.0124309	0.0572945	0.0338176	0.0764679	0.171766	0.0490878	0.0923962	0.0181574	0.00332722	0.00742894
55	0.00240244	0.948144	0.00107235	0.00123293	0.00113741	0.0014561	0.00395003	0.00145367	0.00180712	0.00409305	0.00108325	0.00367	0.00262645	0.00142914	0.00439768	0.00547845	0.00472028	0.00403016	0.00025982	0.00555554
56	0.0901234	0.0164044	0.0103989	0.0228393	0.0774182	0.0157435	0.0176279	0.112429	0.0262789	0.193035	0.0531812	0.024402	0.107382	0.0279866	0.0308606	0.0398775	0.0335275	0.0695412	0.00500112	0.0259424
57	0.0474385	0.00396176	0.143234	0.207566	0.0356335	0.0263331	0.0516818	0.0188202	0.0657451	0.0372914	0.0194685	0.045698	0.0101592	0.0970894	0.0389077	0.0481656	0.0311787	0.0205381	0.00147823	0.0496106
58	0.0884612	0.0091364	0.0536681	0.108202	0.0171909	0.0201986	0.0370942	0.0233999	0.0382262	0.0708446	0.0551422	0.0457564	0.117231	0.0546741	0.0312133	0.0412026	0.108802	0.0229928	0.00278597	0.0537783
59	0.0904388	0.0219495	0.0867931	0.0920315	0.0221895	0.184803	0.00661031	0.0246953	0.0481582	0.0335554	0.0109979	0.0565442	0.0276902	0.0328762	0.037435	0.122429	0.0725882	0.0190873	0.000658431	0.00846904
60	0.00240244	0.948144	0.00107235	0.00123293	0.00113741	0.0014561	0.00395003	0.00145367	0.00180712	0.00409305	0.00108325	0.00367	0.00262645	0.00142914	0.00439768	0.00547845	0.00472028	0.00403016	0.00025982	0.00555554
61	0.0514665	0.00844155	0.0665118	0.022284	0.00684962	0.0596963	0.0329028	0.0165055	0.0890006	0.016119	0.0110867	0.156584	0.0215153	0.0293226	0.0858438	0.185098	0.0865329	0.0266615	0.00360478	0.0239734
62	0.0748593	0.00713935	0.0270684	0.0713564	0.0178583	0.0240413	0.0167886	0.0698709	0.0841352	0.140174	0.0646553	0.0220812	0.00791208	0.0740485	0.0699933	0.0657563	0.043244	0.0980629	0.000524808	0.0204293
63	0.0486138	0.00744277	0.0699334	0.062027	0.00435645	0.0436223	0.0255249	0.0225948	0.11187	0.0303407	0.0236441	0.104599	0.00937186	0.0806777	0.11687	0.0990822	0.06338	0.0241946	0.0134892	0.0383652
64	0.0178442	0.00729782	0.00845084	0.00195964	0.478555	0.00450626	0.0274494	0.0143662	0.0146563	0.0718501	0.00536518	0.00878527	0.00320152	0.0116955	0.012183	0.0145153	0.0218173	0.0165381	0.0292819	0.229681
65	0.0367203	0.026406	0.00138314	0.00971212	0.0939668	0.00906713	0.00464553	0.094992	0.00943958	0.450617	0.0485858	0.00769577	0.00424304	0.00963629	0.00767562	0.0135619	0.0213331	0.110728	0.00889474	0.0306957
66	0.0454848	0.0529708	0.00231309	0.0166166	0.0814142	0.0168257	0.00519375	0.0576707	0.00805023	0.457321	0.037015	0.00643371	0.00426838	0.00734062	0.00987663	0.0175149	0.02175	0.114012	0.0115546	0.0263739
67	0.0367184	0.0446252	0.0238832	0.0284927	0.0134835	0.0569753	0.0473878	0.0230971	0.109944	0.0330292	0.0795293	0.0385474	0.0113113	0.067187	0.16509	0.0455703	0.0683401	0.0198336	0.0673788	0.0195759
68	0.107976	0.00344517	0.0491997	0.0850177	0.0113769	0.0214459	0.00425848	0.0761619	0.0577602	0.0912273	0.0533734	0.0395417	0.0155701	0.0345667	0.0431993	0.115293	0.0758783	0.0993579	0.000878073	0.0144723
69	0.0170415	0.00634595	0.00855546	0.00199989	0.486279	0.00449928	0.0252566	0.0139977	0.0140785	0.0722209	0.00528224	0.0076348	0.003244	0.0117085	0.0114937	0.0147361	0.0220225	0.0165599	0.0298643	0.227179
70	0.033357	0.0109879	0.00174427	0.00172164	0.00593975	0.00202904	0.00164567	0.25611	0.00671758	0.0472214	0.00676756	0.00267752	0.0011158	0.0104559	0.00360639	0.00930469	0.0134628	0.583121	0.000503651	0.00151053
71	0.0603671	0.0104988	0.248767	0.343	0.00532711	0.0481836	0.00959119	0.00207049	0.0596753	0.00872841	0.0123905	0.0453523	0.000643003	0.033162	0.0131304	0.0592293	0.0159244	0.0198041	0.000241143	0.00391294
72	0.091382	0.0124807	0.132554	0.143212	0.0158739	0.118761	0.0101245	0.0224156	0.0400517	0.0241488	0.0103544	0.0681827	0.0195734	0.0326481	0.027525	0.119314	0.076669	0.0254705	0.000272757	0.0089864
73	0.0487686	0.00977325	0.0653951	0.0332215	0.00497466	0.0587015	0.0240975	0.0202375	0.100431	0.0191634	0.020479	0.135894	0.0103058	0.0514436	0.0984935	0.134434	0.0926141	0.0264484	0.010996	0.0341284
74	0.0212795	0.00371185	0.00115533	0.00133406	0.0446166	0.00929042	0.000986431	0.30368	0.00838063	0.261791	0.0730473	0.00763293	0.000968504	0.00877023	0.0194324	0.0122587	0.0249788	0.191062	0.00070074	0.00492303
75	0.0629043	0.0109804	0.0188956	0.0607208	0.00488009	0.0507987	0.030053	0.010236	0.336281	0.0106224	0.00503095	0.0322905	0.00216696	0.0600654	0.207828	0.0468071	0.0259803	0.0155219	0.000633697	0.00730368
76	0.0164981	0.0484617	0.0075868	0.00601381	0.0927978	0.00970871	0.0301668	0.017027	0.0254888	0.0363794	0.010159	0.036309	0.020451	0.00847678	0.0123354	0.0255076	0.0163101	0.00932693	0.429031	0.141964
77	0.0029063	0.925765	0.0014996	0.00194177	0.00399453	0.00207482	0.00719603	0.00149612	0.00249733	0.00494207	0.00166574	0.00527596	0.00274047	0.00295404	0.00577306	0.0067088	0.0051891	0.00430619	0.000263046	0.0108097
78	0.0490226	0.00665142	0.054421	0.0129929	0.00918109	0.0355991	0.00782269	0.00979833	0.0329424	0.0196076	0.00654305	0.05065	0.353701	0.0396355	0.0220111	0.120939	0.145806	0.0102209	0.00123417	0.0112211
79	0.346794	0.0218603	0.00859586	0.0145251	0.00717907	0.181832	0.00774208	0.036889	0.0134088	0.0241762	0.00734331	0.118684	0.00580884	0.0111058	0.017408	0.139932	0.0155899	0.0124435	0.00205519	0.00662759
80	0.155722	0.00630117	0.00703207	0.0123165	0.0131793	0.0109182	0.00979025	0.0218676	0.109462	0.0191112	0.00742377	0.0517811	0.333072	0.0721836	0.0457155	0.032431	0.0430155	0.0381917	0.00152106	0.00896433
81	0.0519176	0.0152488	0.202191	0.0436874	0.00699725	0.262793	0.00589941	0.00975794	0.0452171	0.0164428	0.00644711	0.137629	0.0248874	0.0316037	0.0179093	0.0809244	0.0223444	0.0110006	0.00105749	0.00604374
82	0.00240244	0.948144	0.00107235	0.00123293	0.00113741	0.0014561	0.00395003	0.00145367	0.00180712	0.00409305	0.00108325	0.00367	0.00262645	0.00142914	0.00439768	0.00547845	0.00472028	0.00403016	0.00025982	0.00555554
83	0.100674	0.0104117	0.121108	0.117027	0.0171837	0.127502	0.00719658	0.0247645	0.0311798	0.0241786	0.00836739	0.06715	0.0217173	0.0304017	0.0263929	0.137594	0.0958875	0.0238638	0.000250696	0.00714719
84	0.0202724	0.0789662	0.00547285	0.00320842	0.207961	0.0117274	0.100592	0.00856713	0.0250678	0.0464815	0.0164336	0.0663222	0.00806991	0.00542111	0.0298784	0.025485	0.00807699	0.00973941	0.00216659	0.32009
85	0.13459	0.0131611	0.0478922	0.0634159	0.0154426	0.0214969	0.00725103	0.126049	0.0404735	0.0749426	0.0469647	0.0305632	0.0134823	0.0281666	0.0302008	0.0921031	0.0662449	0.119348	0.00161466	0.0265967
86	0.0334748	0.0105412	0.00173344	0.00168866	0.00699713	0.00227877	0.00162209	0.261239	0.00670717	0.0534466	0.0088649	0.00275582	0.00112593	0.0103238	0.00413078	0.0094491	0.0136935	0.567822	0.000496801	0.00160834
87	0.0356858	0.0023263	0.114349	0.289015	0.0111051	0.0188131	0.0303975	0.0179227	0.0734268	0.0348705	0.00987225	0.0476788	0.00577346	0.112778	0.0661616	0.0495797	0.035225	0.013282	0.00138998	0.030348
88	0.103871	0.0833291	0.011092	0.0124419	0.113519	0.0171985	0.0204873	0.0392482	0.0280529	0.114186	0.0135352	0.0664471	0.0226008	0.0191791	0.0227277	0.114591	0.011711	0.00927729	0.00264955	0.173855
89	0.0551744	0.00736669	0.0583729	0.0256492	0.00602057	0.0609849	0.0268287	0.0228208	0.089322	0.0207581	0.0126761	0.138372	0.0168641	0.0388574	0.100466	0.176018	0.0847199	0.0283728	0.00477305	0.0255824
90	0.0177552	0.00735809	0.008219	0.00221441	0.478679	0.00476677	0.0249672	0.0156644	0.0146399	0.0793289	0.00636435	0.0077335	0.00338403	0.0121361	0.0119327	0.0147595	0.0224015	0.0192657	0.029093	0.219337
91	0.00240244	0.948144	0.00107235	0.00123293	0.00113741	0.0014561	0.00395003	0.00145367	0.00180712	0.00409305	0.00108325	0.00367	0.00262645	0.00142914	0.00439768	0.00547845	0.00472028	0.00403016	0.00025982	0.00555554
92	0.0228753	0.0124254	0.00649778	0.0043904	0.401149	0.00616651	0.016796	0.0292371	0.0130984	0.176255	0.0162442	0.0071574	0.00409636	0.0112812	0.0101491	0.0146342	0.0227266	0.0424663	0.0271934	0.15516
93	0.0716985	0.00655333	0.0254546	0.0378449	0.00671585	0.0339922	0.0166001	0.0121569	0.106885	0.0130885	0.0142759	0.110025	0.018279	0.0306684	0.165659	0.2218	0.034456	0.0162729	0.00949307	0.0480796
94	0.00240244	0.948144	0.00107235	0.00123293	0.00113741	0.0014561	0.00395003	0.00145367	0.00180712	0.00409305	0.00108325	0.00367	0.00262645	0.00142914	0.00439768	0.00547845	0.00472028	0.00403016	0.00025982	0.00555554
95	0.0854879	0.0271831	0.0534653	0.0549103	0.0130516	0.208741	0.0057424	0.0246346	0.0705576	0.0503658	0.0083686	0.0798214	0.01554	0.0427631	0.0545488	0.11041	0.0627241	0.0206629	0.000845911	0.0101754
96	0.060264	0.0106539	0.250879	0.338161	0.00539336	0.0498642	0.00939411	0.00206532	0.0587633	0.00886603	0.012248	0.0482592	0.00104679	0.0324971	0.0126461	0.0595694	0.0158138	0.0194911	0.000252624	0.00387158
97	0.108013	0.0232977	0.0900321	0.1043	0.0272198	0.0556307	0.0303763	0.0227514	0.0640346	0.0387494	0.0112288	0.0595513	0.0734967	0.0423323	0.0429938	0.0770063	0.0633292	0.0541427	0.00105693	0.0104567
98	0.0422567	0.024958	0.0198557	0.034115	0.0543807	0.0180203	0.278592	0.0147131	0.0451019	0.0317469	0.0138997	0.0641267	0.00897771	0.0441635	0.0619726	0.045462	0.0375258	0.012887	0.0033351	0.14391
99	0.078638	0.00813162	0.0222048	0.0473974	0.012909	0.0241063	0.0163784	0.0154926	0.0533694	0.0149868	0.027834	0.0759177	0.0357669	0.049048	0.154487	0.243662	0.0332017	0.0151415	0.0218828	0.0494434
100	0.0880881	0.00766734	0.0185999	0.0324053	0.0327163	0.0235445	0.0179257	0.020403	0.0289894	0.0863909	0.016826	0.0311265	0.378002	0.0338091	0.0329469	0.0523347	0.0502014	0.015487	0.00249769	0.0300381
101	0.197093	0.0781751	0.00439615	0.00615946	0.00684165	0.0104075	0.011851	0.173868	0.0144248	0.0736611	0.0631468	0.0059161	0.0026506	0.00424447	0.00550988	0.0163245	0.0418682	0.2751	0.00101258	0.00734856
102	0.0537686	0.00251057	0.108986	0.0042152	0.00285485	0.0279048	0.00307631	0.00364357	0.0333674	0.012089	0.00257355	0.0451972	0.268863	0.0266054	0.0172185	0.246885	0.133651	0.00298971	0.000617138	0.00298338
103	0.00240244	0.948144	0.00107235	0.00123293	0.00113741	0.0014561	0.00395003	0.00145367	0.00180712	0.00409305	0.00108325	0.00367	0.00262645	0.00142914	0.00439768	0.00547845	0.00472028	0.00403016	0.00025982	0.00555554
104	0.060668	0.0105516	0.249504	0.343114	0.005323	0.048386	0.00950535	0.00200222	0.0590765	0.00873122	0.0124394	0.0455781	0.000642383	0.0327373	0.0126666	0.0593353	0.0157064	0.019842	0.000244919	0.00394599
105	0.0884008	0.00346394	0.0477376	0.0864686	0.0112944	0.0164404	0.0104489	0.0749806	0.0629295	0.106921	0.0674424	0.0393501	0.0121024	0.0642852	0.0505996	0.0847839	0.0647095	0.0851026	0.00111991	0.0214187
106	0.194415	0.0761598	0.00461836	0.00627534	0.00667794	0.0102258	0.0121861	0.175015	0.0146813	0.0720451	0.0610918	0.00622693	0.00265321	0.00441723	0.00599568	0.0165967	0.0422409	0.280172	0.00100978	0.00729544
107	0.126789	0.00509949	0.0265184	0.0795466	0.00672772	0.039973	0.0258594	0.0119176	0.216566	0.0164066	0.00598766	0.0391243	0.00398293	0.0526365	0.149033	0.0982086	0.0514085	0.0374359	0.000981327	0.00579677
108	0.0765106	0.00274959	0.0338025	0.144952	0.00681574	0.0389814	0.0242985	0.00889849	0.243394	0.0162719	0.00344391	0.0361854	0.00151165	0.0814997	0.142658	0.0616042	0.0477843	0.0251262	0.00142537	0.00208594
109	0.0118064	0.018885	0.0063287	0.0052213	0.0954913	0.006691	0.0185004	0.0176416	0.0159706	0.0343086	0.00611887	0.0295486	0.010727	0.00703394	0.00839578	0.022513	0.0131905	0.00823055	0.554379	0.109018
110	0.0631384	0.0080406	0.0186161	0.0515995	0.0333321	0.0150801	0.0118522	0.0943455	0.0635759	0.208221	0.0742242	0.0309707	0.00651222	0.0540246	0.0441147	0.0485718	0.0342999	0.114509	0.0018718	0.0230997
111	0.110288	0.00138055	0.0471349	0.0970143	0.00946085	0.013847	0.00139668	0.0840393	0.050214	0.10283	0.0631982	0.0349174	0.0151105	0.0347165	0.0334203	0.100019	0.074921	0.111237	0.000269088	0.0145856
112	0.0879422	0.00441556	0.0373866	0.0897977	0.0136458	0.0166667	0.00855098	0.0736877	0.0684985	0.121101	0.0707235	0.0309839	0.0122228	0.0467657	0.0438729	0.0921654	0.0589784	0.0993284	0.000824176	0.0224415
113	0.0661212	0.137859	0.0117217	0.0411366	0.0186535	0.0134759	0.117161	0.0413799	0.0180613	0.0494364	0.0353757	0.199123	0.00859282	0.0337439	0.017642	0.0441954	0.0653334	0.0131058	0.00468639	0.0631945
114	0.0257114	0.029019	0.108652	0.0195948	0.00690099	0.0303177	0.0214937	0.0171738	0.0353215	0.0131568	0.0151517	0.329504	0.00962079	0.0161229	0.0325351	0.190878	0.0762344	0.0108361	0.00187636	0.00989855
115	0.11013	0.00138266	0.047089	0.0969839	0.00946169	0.0138097	0.00141292	0.084064	0.0501668	0.103009	0.0634264	0.0350042	0.0151108	0.0346656	0.0333548	0.0999941	0.074904	0.111172	0.000270194	0.0145884
116	0.0644767	0.00744567	0.0572985	0.0302474	0.00576514	0.0327399	0.0145226	0.0223944	0.129708	0.0660478	0.0126965	0.126266	0.00866443	0.0518069	0.0958089	0.0713102	0.172475	0.0177467	0.00268175	0.00989751
117	0.010771	0.0225462	0.00609974	0.00486443	0.089942	0.0063398	0.0235266	0.0172484	0.0156072	0.0343345	0.00711118	0.0330646	0.0108096	0.00628595	0.00898083	0.0209615	0.0123219	0.00700445	0.534297	0.127884
118	0.0212795	0.00371185	0.00115533	0.00133406	0.0446166	0.00929042	0.000986431	0.30368	0.00838063	0.261791	0.0730473	0.00763293	0.000968504	0.00877023	0.0194324	0.0122587	0.0249788	0.191062	0.00070074	0.00492303
119	0.0368019	0.0133202	0.00783265	0.0396529	0.0266444	0.0255948	0.0327777	0.0674923	0.104842	0.195688	0.0798446	0.0126277	0.00171032	0.098114	0.0962013	0.0340398	0.0192355	0.0856396	0.000772179	0.0211688
120	0.112179	0.00187587	0.0472593	0.0968067	0.0100984	0.0149906	0.00198888	0.0795285	0.0497557	0.103504	0.05941	0.0354363	0.014722	0.0372089	0.0330486	0.102546	0.0746569	0.110508	0.000385635	0.0140894
121	0.0339598	0.0175307	0.00915748	0.0150257	0.066027	0.00864196	0.272573	0.00746123	0.0345428	0.0229562	0.00796501	0.0858545	0.00483284	0.0411035	0.0739471	0.0365343	0.0347665	0.00728374	0.00221472	0.217622
122	0.109974	0.0651193	0.00921828	0.00995328	0.00847912	0.0379285	0.00857218	0.0319012	0.0147957	0.0147923	0.00911952	0.0197348	0.00650594	0.0128292	0.0144187	0.104586	0.490426	0.0217159	0.00212684	0.00780319
123	0.0686448	0.0104589	0.0273467	0.0769501	0.0143495	0.0375825	0.0249155	0.0321867	0.233667	0.0485241	0.0202384	0.0353552	0.00949814	0.0636962	0.125257	0.0578528	0.046406	0.0554376	0.00174972	0.00988251
124	0.132287	0.00715736	0.0116479	0.0278133	0.0507618	0.0169194	0.0456288	0.039177	0.048197	0.126568	0.0319957	0.0351841	0.203116	0.0578841	0.0565986	0.0503076	0.0240723	0.0132906	0.00246116	0.0189318
125	0.00240244	0.948144	0.00107235	0.00123293	0.00113741	0.0014561	0.00395003	0.00145367	0.00180712	0.00409305	0.00108325	0.00367	0.00262645	0.00142914	0.00439768	0.00547845	0.00472028	0.00403016	0.00025982	0.00555554
126	0.0782632	0.0100724	0.0174469	0.0290497	0.0341296	0.0227614	0.0195214	0.0162465	0.0284521	0.0628364	0.0150396	0.0314404	0.396447	0.0338431	0.0328715	0.0470991	0.0539861	0.0134332	0.0038167	0.0532439
127	0.0743382	0.00315939	0.0328572	0.13419	0.00843324	0.0396854	0.0244198	0.00907269	0.254075	0.0134499	0.00322529	0.0385648	0.00112124	0.0767058	0.153484	0.0611671	0.0456266	0.0227082	0.00140302	0.00231313
128	0.00240244	0.948144	0.00107235	0.00123293	0.00113741	0.0014561	0.00395003	0.00145367	0.00180712	0.00409305	0.00108325	0.00367	0.00262645	0.00142914	0.00439768	0.00547845	0.00472028	0.00403016	0.00025982	0.00555554
129	0.0491388	0.00687767	0.0193409	0.0326968	0.00500098	0.107629	0.0230788	0.00964538	0.2158	0.0197257	0.00582071	0.12024	0.00359762	0.0540937	0.172614	0.0868088	0.0321743	0.0121527	0.00188492	0.0216799
130	0.0355396	0.0171977	0.00891588	0.0388317	0.02402	0.0252408	0.0317349	0.0594937	0.115028	0.187488	0.0749635	0.0125786	0.00243079	0.097991	0.104953	0.0369029	0.0228813	0.0824799	0.00173747	0.0195918
131	0.143231	0.00923846	0.0127848	0.0280668	0.0682336	0.0202463	0.0446797	0.026352	0.0336898	0.0496145	0.0153812	0.0314155	0.197758	0.0626082	0.0877886	0.0688976	0.0549192	0.0193113	0.00451823	0.0212654
132	0.0518122	0.0168014	0.00358318	0.00421549	0.0218405	0.0071099	0.0036556	0.259231	0.0114515	0.111251	0.0355445	0.00770072	0.00184652	0.0106236	0.0112665	0.0173941	0.0314497	0.388166	0.000971289	0.0040856
133	0.0591382	0.0052226	0.0772514	0.212182	0.0134257	0.0273341	0.0286433	0.0197473	0.0811894	0.0359368	0.0152612	0.0437354	0.0402029	0.112229	0.0748618	0.0630382	0.0400469	0.0216481	0.00255331	0.0263525
134	0.0603983	0.00888784	0.023072	0.0683781	0.00560844	0.0469591	0.0266603	0.0111463	0.306403	0.0137157	0.0058298	0.0370705	0.00378715	0.0546461	0.223096	0.0493697	0.030295	0.016595	0.000956108	0.00712609
135	0.0494576	0.0274217	0.0454974	0.0187752	0.0166333	0.0277762	0.0179119	0.0761662	0.0317283	0.0223468	0.016335	0.187313	0.0100913	0.0241634	0.0314692	0.262149	0.0914397	0.0281206	0.00391722	0.0112864
136	0.0369738	0.00740497	0.0829318	0.0287744	0.0271445	0.0641212	0.113236	0.00959682	0.0132882	0.105587	0.0975344	0.012558	0.00587343	0.257063	0.0492609	0.0367651	0.0329414	0.00870937	0.00205599	0.0081808
137	0.0647525	0.013944	0.189906	0.0941337	0.00863609	0.240452	0.00648173	0.0110637	0.044724	0.0178935	0.0082131	0.101685	0.0179421	0.032873	0.0198648	0.0772998	0.0286842	0.0142106	0.0012614	0.00597888
138	0.0173175	0.654423	0.00540001	0.00523073	0.0429877	0.00743866	0.0279693	0.00920274	0.0101013	0.0213873	0.00765606	0.0307654	0.015113	0.00608363	0.0100544	0.0210013	0.0130964	0.00823159	0.00354362	0.0829962
139	0.0551167	0.00820708	0.0341575	0.0485421	0.0102114	0.0450369	0.0111087	0.0513252	0.0952075	0.0549161	0.0330618	0.049701	0.0114364	0.0372335	0.111476	0.118802	0.146258	0.0663695	0.00211348	0.00971875
140	0.00240244	0.948144	0.00107235	0.00123293	0.00113741	0.0014561	0.00395003	0.00145367	0.00180712	0.00409305	0.00108325	0.00367	0.00262645	0.00142914	0.00439768	0.00547845	0.00472028	0.00403016	0.00025982	0.00555554
141	0.0810161	0.00768844	0.010573	0.0142867	0.0274834	0.0548122	0.0110892	0.0558861	0.141013	0.057517	0.046815	0.0189522	0.0464545	0.0176853	0.226295	0.10484	0.0524739	0.0143462	0.00323827	0.00753518
142	0.171666	0.00857292	0.00695861	0.0116998	0.0124107	0.0118192	0.00839759	0.0274331	0.12002	0.0141351	0.00744214	0.0559161	0.283356	0.0742015	0.0378247	0.0434218	0.0525662	0.0432432	0.00199929	0.00691639
143	0.0816407	0.0110871	0.07032	0.0723091	0.0156211	0.0549967	0.0140887	0.0237226	0.0467763	0.0305928	0.0156494	0.0717003	0.120451	0.0397205	0.0432047	0.16489	0.0754787	0.028645	0.00319385	0.0159106
144	0.00240244	0.948144	0.00107235	0.00123293	0.00113741	0.0014561	0.00395003	0.00145367	0.00180712	0.00409305	0.00108325	0.00367	0.00262645	0.00142914	0.00439768	0.00547845	0.00472028	0.00403016	0.00025982	0.00555554
145	0.0351554	0.00846937	0.0083291	0.00920379	0.00604488	0.261779	0.00707894	0.00860926	0.129431	0.0563153	0.00551292	0.13673	0.00394819	0.0187144	0.137643	0.0733744	0.0285682	0.00910262	0.0016238	0.0543654
146	0.00941348	0.0707622	0.00650941	0.00173303	0.236618	0.00939727	0.110606	0.00385762	0.0187758	0.0351559	0.0155108	0.0539017	0.00657373	0.00400136	0.0192764	0.0149237	0.00791455	0.00585976	0.00302554	0.366184
147	0.0362391	0.00300107	0.110881	0.282411	0.0171052	0.0147437	0.0397758	0.0152945	0.0484632	0.0325932	0.0156607	0.0385893	0.00884521	0.13101	0.0606538	0.0628402	0.0278937	0.014745	0.00130697	0.0379464
148	0.0176781	0.00667265	0.009097	0.0022706	0.472783	0.00516564	0.0246769	0.0146844	0.0146629	0.0706767	0.00578932	0.0086491	0.00383336	0.0122279	0.0119911	0.015713	0.023435	0.0172375	0.0478792	0.214876
149	0.00240244	0.948144	0.00107235	0.00123293	0.00113741	0.0014561	0.00395003	0.00145367	0.00180712	0.00409305	0.00108325	0.00367	0.00262645	0.00142914	0.00439768	0.00547845	0.00472028	0.00403016	0.00025982	0.00555554
150	0.0112065	0.0220111	0.00622012	0.00477286	0.0858218	0.00672126	0.0225974	0.0176607	0.0161832	0.0333374	0.00709993	0.0317472	0.0112229	0.00631887	0.00825578	0.0217673	0.0123855	0.00819112	0.547077	0.119402
151	0.0212795	0.00371185	0.00115533	0.00133406	0.0446166	0.00929042	0.000986431	0.30368	0.00838063	0.261791	0.0730473	0.00763293	0.000968504	0.00877023	0.0194324	0.0122587	0.0249788	0.191062	0.00070074	0.00492303
152	0.00240244	0.948144	0.00107235	0.00123293	0.00113741	0.0014561	0.00395003	0.00145367	0.00180712	0.00409305	0.00108325	0.00367	0.00262645	0.00142914	0.00439768	0.00547845	0.00472028	0.00403016	0.00025982	0.00555554
153	0.0363254	0.0147364	0.00798682	0.0396946	0.0277928	0.0258433	0.0336172	0.0642992	0.102798	0.203644	0.079283	0.0121819	0.0015538	0.0958259	0.0948934	0.0348202	0.0192149	0.0835132	0.000932761	0.0210431
154	0.0372812	0.0223945	0.083642	0.0431794	0.00799657	0.317059	0.00938311	0.0126701	0.0936815	0.0326628	0.006381	0.0767467	0.0135746	0.072716	0.0520698	0.0590719	0.0259582	0.0236787	0.00180906	0.00804362
155	0.055325	0.00248497	0.110928	0.00428094	0.00276461	0.0268003	0.00291418	0.00365508	0.0335389	0.0116187	0.00251863	0.0441577	0.272425	0.027315	0.0176154	0.246691	0.128318	0.00303879	0.000687908	0.00292103
156	0.0523572	0.0130951	0.0551786	0.0279448	0.00904154	0.23017	0.0110973	0.01502	0.092785	0.0467212	0.00894764	0.129687	0.0103581	0.0315489	0.0754178	0.108953	0.0388001	0.0156709	0.00171223	0.0254931
157	0.0493948	0.0201328	0.198034	0.0435841	0.00867515	0.255302	0.00672223	0.00997459	0.0409305	0.0163489	0.00685137	0.143981	0.0255178	0.0290806	0.0181004	0.0853728	0.0237896	0.0115072	0.0010357	0.00566575
158	0.00964671	0.0707744	0.00658097	0.00172231	0.236453	0.00942915	0.110282	0.00404635	0.0188039	0.0355094	0.0154883	0.0543147	0.00669893	0.00404645	0.0193579	0.0150633	0.00795537	0.00589532	0.00308331	0.364848
159	0.0310531	0.021148	0.0596444	0.00618516	0.172384	0.00780505	0.10338	0.0195932	0.012251	0.0318565	0.0388851	0.0298444	0.00571425	0.015432	0.0229671	0.0155849	0.0252904	0.00749715	0.0173298	0.356155
160	0.050262	0.00749973	0.0712223	0.0251731	0.00738342	0.0604973	0.0321696	0.015991	0.0931934	0.0154303	0.0110089	0.164387	0.0182074	0.0305335	0.0799542	0.176978	0.0880967	0.026098	0.00333593	0.022578
161	0.09314	0.0183529	0.0905288	0.0948617	0.0227466	0.183607	0.00673074	0.024216	0.045352	0.0309006	0.0127366	0.0573212	0.0290589	0.0330841	0.0353427	0.124027	0.0688481	0.0192023	0.00058482	0.00935853
162	0.110473	0.00236404	0.0556274	0.106132	0.0092483	0.0244763	0.00635758	0.0698625	0.0654549	0.0836277	0.0514226	0.0365552	0.018833	0.0437952	0.0404531	0.087265	0.0737344	0.100458	0.00041573	0.0134454
163	0.128387	0.00988638	0.0265205	0.071457	0.0690957	0.0374916	0.0384055	0.0514748	0.0540814	0.0425209	0.0304704	0.0450683	0.0455118	0.0856557	0.067026	0.0628598	0.0332547	0.0370082	0.00445646	0.0593674
164	0.0527865	0.0061902	0.095779	0.0474223	0.00535292	0.0537481	0.0245883	0.0179979	0.09003	0.0170352	0.0141453	0.158027	0.0106673	0.0529009	0.0668867	0.136868	0.0904366	0.0246167	0.00443745	0.0300846
165	0.0959899	0.00788388	0.10629	0.216883	0.00890077	0.0358741	0.0279188	0.0221173	0.0904484	0.0401227	0.0105127	0.0540742	0.0621594	0.0543615	0.0408184	0.0338151	0.0493451	0.0298963	0.00115783	0.0114309
166	0.118493	0.00798681	0.121608	0.136882	0.0137023	0.101763	0.0078577	0.0193805	0.0385882	0.0205577	0.00805234	0.056641	0.0224344	0.0448838	0.027743	0.137348	0.0885367	0.0196573	0.000456723	0.00742711
167	0.0765692	0.00234371	0.0642655	0.189516	0.00611094	0.0352312	0.0217104	0.0157788	0.164744	0.028175	0.0105443	0.0439625	0.0107354	0.0821615	0.096047	0.058239	0.0512885	0.0330577	0.00166215	0.00785703
168	0.0719726	0.00291847	0.0461614	0.152186	0.00855096	0.0376222	0.0229121	0.010169	0.231891	0.0151335	0.00419565	0.0406271	0.00293691	0.0810961	0.138298	0.0587884	0.0462507	0.0230148	0.00174469	0.00353019
169	0.0836714	0.00465966	0.0353679	0.09433	0.00707847	0.0382233	0.0216576	0.0246097	0.212725	0.0404938	0.0177306	0.0375911	0.0076978	0.0653412	0.140865	0.0682782	0.0551905	0.0364353	0.00131954	0.00673432
170	0.0625705	0.00167627	0.0744741	0.223577	0.00603696	0.0328678	0.01983	0.0129496	0.166942	0.0201338	0.00569688	0.0439679	0.00540538	0.0894031	0.0998085	0.0560155	0.0479069	0.022416	0.00232101	0.0060008
171	0.0583484	0.0060687	0.0678785	0.103148	0.00536554	0.0273698	0.032049	0.0269205	0.134633	0.0651169	0.0282196	0.0592083	0.018503	0.0861593	0.114892	0.0612584	0.05674	0.0266107	0.00474641	0.0167645
172	0.122189	0.0066902	0.0356793	0.0771245	0.0281557	0.0195868	0.0057005	0.0665525	0.0520837	0.108583	0.0439208	0.0299335	0.0148649	0.0337476	0.0294109	0.131271	0.0812632	0.0983583	0.00133887	0.0135456
173	0.0762472	0.00382423	0.0297646	0.123431	0.00694843	0.0416153	0.0257594	0.00889838	0.262514	0.0139414	0.00365043	0.0356262	0.0011272	0.0755003	0.15883	0.0609795	0.043699	0.0236892	0.0010842	0.00286927
174	0.0584499	0.00399887	0.0976687	0.168801	0.0101999	0.0315109	0.0319251	0.024028	0.0896168	0.0489086	0.0218404	0.0581779	0.0124668	0.106744	0.0695462	0.0666601	0.0469154	0.0188188	0.0033341	0.0303882
175	0.114673	0.00168567	0.0502288	0.0973578	0.00923028	0.0143667	0.00193803	0.0835239	0.048142	0.101671	0.0629609	0.0354225	0.015131	0.0334794	0.0322476	0.0992363	0.0735407	0.107642	0.000301261	0.0172212
176	0.073027	0.0129359	0.0237798	0.0574322	0.041526	0.0113219	0.00458959	0.0889795	0.034046	0.25976	0.0627236	0.0227	0.0097992	0.025365	0.0240032	0.0692993	0.0478175	0.106401	0.00369355	0.0208
177	0.0590943	0.00913424	0.229254	0.332962	0.00566448	0.045041	0.0124239	0.00403807	0.0639483	0.0117901	0.0124575	0.0458851	0.00202815	0.0423438	0.0196321	0.0575953	0.0193499	0.0204881	0.000336708	0.00653246
178	0.0606776	0.0108003	0.0232861	0.058028	0.00530846	0.0466154	0.0272875	0.010624	0.333497	0.0125676	0.00557906	0.0310834	0.00284334	0.0522076	0.22654	0.0436081	0.025774	0.0158711	0.000756039	0.00704548
179	0.0112869	0.0716611	0.00639315	0.00190422	0.241444	0.00983245	0.104477	0.0048695	0.0186432	0.0387319	0.0153572	0.0527393	0.0070868	0.00419724	0.0190556	0.0165449	0.00875622	0.00633815	0.00366211	0.35702
180	0.104371	0.00204799	0.0443254	0.0921954	0.0109177	0.0136262	0.00207497	0.0868106	0.0498785	0.103075	0.0678407	0.039739	0.014366	0.0358874	0.032053	0.0976167	0.0781468	0.109169	0.000861826	0.0149974
181	0.0159372	0.0258327	0.0176695	0.00225722	0.371691	0.00572217	0.0648549	0.0112429	0.0146183	0.0535807	0.0117335	0.0219982	0.00419596	0.0100257	0.0138078	0.0145197	0.01763	0.0114566	0.018275	0.292952
182	0.00952053	0.0697093	0.00658827	0.0017196	0.240145	0.00925051	0.109543	0.00399452	0.0184747	0.0355158	0.0153608	0.0529739	0.00647505	0.00404202	0.0190208	0.0148574	0.00810412	0.00590573	0.0033431	0.365457
183	0.0179889	0.0116629	0.00799118	0.00196177	0.457954	0.00482336	0.0337402	0.0130272	0.0154311	0.0696129	0.00602681	0.012027	0.00335817	0.0117073	0.0123411	0.0154081	0.0197301	0.0171628	0.0264206	0.241625
184	0.0658434	0.00614932	0.101646	0.200258	0.00826735	0.0535775	0.0233565	0.0208853	0.102895	0.0289297	0.0121191	0.0539317	0.0166376	0.0711921	0.0625778	0.0670984	0.0567783	0.0342441	0.00135264	0.0122604
185	0.0452263	0.00934048	0.0237419	0.0350359	0.00820554	0.120551	0.0172925	0.0209502	0.16165	0.0715452	0.0161081	0.0897807	0.00796572	0.0432969	0.155476	0.0796179	0.0458899	0.0201616	0.00275759	0.0254067
186	0.0171618	0.00601125	0.0086349	0.00201233	0.487225	0.00452444	0.0247809	0.0141296	0.0141461	0.0726036	0.00524555	0.00744629	0.00329429	0.0118237	0.011535	0.014587	0.0222004	0.0166843	0.0300843	0.225869
187	0.116412	0.0035715	0.0611985	0.0926065	0.0168472	0.024888	0.00455992	0.0657885	0.0505825	0.0798079	0.0543916	0.0405871	0.0145977	0.0314142	0.0411638	0.0873155	0.0893159	0.111817	0.000893539	0.0122416
188	0.10702	0.010356	0.116164	0.109614	0.0181855	0.125659	0.007112	0.0252314	0.0305366	0.0259061	0.00894124	0.0707188	0.0200983	0.0295052	0.0281975	0.136804	0.09748	0.0248145	0.00034978	0.00730614
189	0.0641056	0.13085	0.0120522	0.0318252	0.0173439	0.0132641	0.152681	0.0307532	0.0180162	0.0371119	0.0248727	0.196445	0.00741067	0.0438538	0.0196221	0.0539471	0.0643509	0.011404	0.0033459	0.0667439
190	0.0557168	0.00309088	0.0908205	0.207026	0.00997915	0.0268197	0.033839	0.020389	0.080722	0.0553682	0.0162291	0.0502424	0.0114159	0.115252	0.0781672	0.0571553	0.0387698	0.0161134	0.00314544	0.0297381
191	0.243684	0.0163083	0.0256279	0.0476389	0.0137771	0.134509	0.00960875	0.040755	0.0241965	0.0603931	0.0103432	0.0564793	0.0135818	0.0193324	0.0394085	0.180556	0.0320583	0.0200661	0.00182542	0.00984945
192	0.0394005	0.0122523	0.00872434	0.0436149	0.0256374	0.030396	0.0304492	0.0652307	0.104325	0.182425	0.0869533	0.0128058	0.00215501	0.0980846	0.0946062	0.034464	0.0200127	0.0839227	0.00105839	0.0234824
193	0.0714587	0.00204107	0.0422904	0.168803	0.00622036	0.0370273	0.0234295	0.0101111	0.218513	0.0195191	0.00414184	0.0385548	0.00273164	0.0892723	0.127391	0.0597041	0.0487539	0.0248027	0.00207322	0.00316156
194	0.0358471	0.0134725	0.0524848	0.025868	0.0779835	0.0204185	0.0303105	0.122971	0.0917654	0.0537379	0.0201813	0.0678076	0.00905705	0.0602857	0.0422485	0.0659756	0.0763879	0.115903	0.0042871	0.0130065
195	0.132769	0.00511116	0.0497072	0.0923813	0.0105281	0.0190267	0.00313411	0.0845255	0.0449405	0.0857809	0.0527217	0.033684	0.0164268	0.0316807	0.03237	0.107491	0.0750679	0.108135	0.000675722	0.0138433
