472	20
1	0.0933928	0.0016159	0.16972	0.163563	0.00364199	0.0694623	0.0227794	0.0157382	0.0525016	0.0173303	0.0121149	0.0629564	0.0199678	0.0646984	0.0232719	0.0881774	0.0808286	0.036779	0.000465453	0.000994933
2	0.0392364	0.00330398	0.246545	0.201904	0.00248783	0.0600851	0.022481	0.00703937	0.06241	0.0166694	0.00721002	0.119958	0.0261328	0.0494599	0.0245777	0.0498717	0.0393415	0.0175376	0.000813242	0.00293615
3	0.0046665	0.0416622	0.0012139	0.00997641	0.305752	0.00724903	0.0584571	0.0522584	0.0177044	0.150821	0.0412362	0.00870521	0.00619973	0.0208391	0.0199883	0.0803774	0.0284218	0.0525573	0.000764458	0.0911497
4	0.0084398	0.00173993	0.374879	0.52122	0.000446958	0.00975913	0.00532175	0.000669904	0.00953658	0.00320346	0.0034274	0.014066	0.000481005	0.0102256	0.00989517	0.0104589	0.00832801	0.00600394	0.000171633	0.00172583
5	0.0116453	0.0342047	0.00216401	0.00913083	0.27386	0.00967648	0.0463154	0.0617284	0.022966	0.160213	0.0369612	0.00978865	0.00722675	0.0189097	0.0269767	0.086898	0.036334	0.0653079	0.00115745	0.0785352
6	0.156157	0.0444152	0.0146706	0.047784	0.00920969	0.031702	0.021118	0.0260333	0.0135834	0.0893377	0.043341	0.0423575	0.0270991	0.0214462	0.00951151	0.174258	0.166519	0.0537082	0.00100406	0.00674424
7	0.0672925	0.00640086	0.00649235	0.0329424	0.0325791	0.0169618	0.0166572	0.00675661	0.167278	0.0648909	0.0121244	0.0121837	0.0619025	0.028259	0.321825	0.107227	0.0216103	0.011144	0.00148017	0.00399137
8	0.119398	0.00566192	0.00676302	0.0111039	0.0501756	0.0137019	0.0427968	0.0909158	0.0442698	0.200189	0.045049	0.0412757	0.0365706	0.0101534	0.0840074	0.0338404	0.0345117	0.118658	0.00521881	0.00573943
9	0.0252907	0.00533888	0.00471886	0.00756301	0.132682	0.00600902	0.0695285	0.251182	0.0102391	0.109547	0.0264621	0.0145944	0.00734476	0.00744468	0.0374861	0.0201049	0.0243066	0.203892	0.0303083	0.00595678
10	0.0733142	0.00723809	0.00489606	0.00348043	0.00338941	0.00415799	0.091445	0.021879	0.214216	0.00798429	0.00713649	0.103104	0.0506089	0.0879533	0.057862	0.0674498	0.173245	0.0144808	0.000955799	0.00520306
11	0.0238458	0.0191441	0.000815608	0.00122066	0.00139411	0.000774785	0.00143397	0.361802	0.0010261	0.187393	0.130774	0.0016772	0.000698951	0.0143236	0.00574515	0.00266337	0.0182622	0.217385	0.00492602	0.00469419
12	0.00857397	0.00181726	0.368742	0.526545	0.000446706	0.00929827	0.00554873	0.000704191	0.00991611	0.00306438	0.00365232	0.0150306	0.000491393	0.0106426	0.00972126	0.00991003	0.00810157	0.00577795	0.000166133	0.00185031
13	0.046475	0.0118705	0.0192527	0.0185522	0.0136108	0.0187765	0.0258475	0.0218159	0.0679856	0.0798911	0.0896733	0.0612461	0.0159374	0.0222397	0.160018	0.145806	0.129923	0.0377789	0.00277429	0.0105257
14	0.0238357	0.0213123	0.00234619	0.0248581	0.00276025	0.00645458	0.108045	0.00373641	0.216264	0.0354429	0.0124036	0.0640495	0.00844336	0.271717	0.0980789	0.0198341	0.0306778	0.0106938	0.000839529	0.038207
15	0.0228097	0.00948413	0.0152199	0.0245801	0.00904816	0.0589263	0.113834	0.0101947	0.129765	0.0852502	0.0142138	0.170153	0.0117163	0.0489874	0.192978	0.0298016	0.0261145	0.0146153	0.00237649	0.00993116
16	0.187776	0.023098	0.0168633	0.0366371	0.0177204	0.0315034	0.0257332	0.0253779	0.0139352	0.0651651	0.0248972	0.0311016	0.0169665	0.0264592	0.016186	0.176727	0.160278	0.090246	0.0041409	0.00918795
17	0.0868684	0.224803	0.00558088	0.00713438	0.15613	0.0448276	0.0174551	0.0111228	0.00819131	0.20953	0.0116921	0.0112654	0.00745389	0.00806903	0.0113798	0.024726	0.0191987	0.0135748	0.00287767	0.118118
18	0.00855873	0.00180702	0.372054	0.52193	0.000451021	0.00946125	0.00562066	0.000674432	0.0100636	0.00318335	0.00355363	0.0149221	0.00052297	0.0106252	0.00984347	0.0101799	0.00833377	0.00625891	0.000177816	0.00177869
19	0.0373983	0.00278838	0.0834249	0.0889523	0.00309912	0.195886	0.0468535	0.00959909	0.031504	0.0056235	0.0116677	0.272388	0.0417126	0.0124883	0.0198955	0.0873444	0.0277817	0.0135763	0.00167603	0.00633967
20	0.142282	0.00450984	0.0643562	0.0893407	0.00754361	0.0588512	0.0235606	0.0220527	0.0232728	0.0339226	0.0239865	0.0465329	0.0175057	0.0475835	0.0179285	0.160874	0.139459	0.0723653	0.00194286	0.00212887
21	0.0457514	0.00242302	0.117678	0.13056	0.00738991	0.123123	0.0428518	0.00809323	0.0640805	0.0117817	0.00984586	0.157313	0.0815195	0.0352507	0.0314838	0.0689872	0.0398285	0.0157615	0.00148097	0.00479607
22	0.13016	0.00410689	0.0178885	0.00981887	0.0644845	0.101197	0.0102119	0.0253877	0.0422096	0.076075	0.0107032	0.0239942	0.0087462	0.00917241	0.111778	0.0673474	0.134807	0.146171	0.00176977	0.00397097
23	0.0891856	0.00934226	0.00928201	0.0212555	0.0671549	0.0564763	0.0243565	0.00792211	0.0317554	0.034727	0.00688714	0.0175733	0.271664	0.0163677	0.0900945	0.157632	0.0645047	0.014805	0.00180446	0.00720956
24	0.133424	0.0610832	0.0334768	0.00578665	0.00911436	0.147131	0.0384888	0.0326613	0.00722005	0.0706448	0.00623416	0.00944752	0.21191	0.00745634	0.011041	0.116704	0.0445586	0.00789854	0.00241533	0.0433033
25	0.00971	0.0241389	0.00294872	0.007938	0.245318	0.0215939	0.0363707	0.0318445	0.0125933	0.164174	0.0663645	0.00846918	0.0203367	0.0526684	0.0155521	0.084394	0.0267362	0.0695639	0.00126126	0.0980234
26	0.0536799	0.0017006	0.259177	0.239543	0.00129034	0.0671097	0.0269122	0.0109594	0.0642047	0.00642967	0.00454052	0.050165	0.0157233	0.0804206	0.023244	0.0369092	0.0359186	0.0202369	0.000358522	0.00147649
27	0.0979672	0.00304891	0.0257675	0.0562033	0.0240634	0.049387	0.023102	0.00863327	0.0537817	0.0430491	0.0106973	0.0296138	0.195129	0.0368132	0.0946594	0.147247	0.0737439	0.0229472	0.00106749	0.00307787
28	0.0299124	0.0056356	0.0374653	0.0375605	0.00828124	0.11803	0.130316	0.0102926	0.0216794	0.0135752	0.0113479	0.300288	0.093697	0.0097971	0.0169411	0.0788779	0.026252	0.0119262	0.0020108	0.0361139
29	0.110698	0.0036497	0.00906418	0.0190556	0.00911582	0.0151468	0.0504437	0.00488544	0.00939943	0.0343325	0.0042874	0.0282074	0.518435	0.00707062	0.0141545	0.0757118	0.0699809	0.012361	0.000698498	0.00330118
30	0.0256866	0.0175885	0.000947715	0.00128667	0.00171112	0.000845351	0.001495	0.348789	0.00112331	0.204625	0.132726	0.00177214	0.00076562	0.0151108	0.00553874	0.00286814	0.018544	0.209263	0.00489144	0.00442218
31	0.0487555	0.0102634	0.00809611	0.0310675	0.123353	0.00502737	0.0188324	0.228019	0.0258995	0.0494347	0.0950196	0.0172934	0.00520599	0.0136086	0.0100964	0.0247787	0.0873237	0.186492	0.00692732	0.00450614
32	0.147784	0.00347056	0.0490179	0.0231235	0.05276	0.135466	0.0101959	0.0480924	0.0501426	0.0521176	0.0110448	0.0550564	0.00930623	0.0154868	0.0510955	0.0972441	0.107757	0.0763434	0.00144587	0.00304856
33	0.00947964	0.00208804	0.355821	0.534229	0.000438684	0.00822411	0.00625887	0.000693418	0.0112848	0.00290083	0.00418664	0.0174799	0.000566158	0.012027	0.00966533	0.00901658	0.00778774	0.00565259	0.000146207	0.00205428
34	0.20885	0.0178651	0.0195397	0.0220898	0.00764309	0.452887	0.0103872	0.00761154	0.0108161	0.0146398	0.00574868	0.0215516	0.0135388	0.0144532	0.0247323	0.0911953	0.0321427	0.0164643	0.0017706	0.00607284
35	0.0145582	0.0403533	0.00668024	0.00567727	0.0485183	0.00664777	0.0114401	0.0119759	0.0058342	0.0126041	0.00751029	0.00854598	0.00572383	0.00873682	0.0142797	0.0196593	0.0137014	0.0122302	0.740615	0.00470746
36	0.008495	0.00183234	0.368885	0.526653	0.000443918	0.00927121	0.0055584	0.000671233	0.00977393	0.00309016	0.00360285	0.0148649	0.000476532	0.0105751	0.0099296	0.0100691	0.00804463	0.00578	0.000155476	0.0018283
37	0.178644	0.00530782	0.0287455	0.0676629	0.0105983	0.0435134	0.0262776	0.0255158	0.0172824	0.0439118	0.0272792	0.0427346	0.0177558	0.0417373	0.0169203	0.160325	0.158932	0.0814597	0.000807861	0.00458771
38	0.0129371	0.00816378	0.00222285	0.00477637	0.0317145	0.00351388	0.00943161	0.0875185	0.00693614	0.583172	0.0997042	0.00450891	0.00405775	0.00997798	0.0156599	0.0143895	0.0170777	0.0706487	0.00374574	0.00984303
39	0.0085984	0.0170873	0.0100131	0.019774	0.0140443	0.0106253	0.0433049	0.0166365	0.274458	0.0201398	0.0463749	0.0170904	0.0021134	0.0289458	0.436053	0.0137999	0.0139448	0.00472245	0.000477626	0.0017959
40	0.00970124	0.00995866	0.0135329	0.0229873	0.00628001	0.0119943	0.0327892	0.0102471	0.275836	0.0251506	0.0268188	0.0110717	0.0023108	0.0524673	0.448219	0.0209043	0.00922268	0.0070822	0.000419406	0.00300595
41	0.082066	0.00766536	0.00727113	0.00688859	0.00431565	0.011673	0.00913525	0.0142238	0.0123965	0.01063	0.00638331	0.0356411	0.00439632	0.00893656	0.0172424	0.403868	0.340118	0.0120058	0.00101532	0.00412722
42	0.024552	0.0179241	0.000806243	0.00118952	0.00134417	0.000805485	0.00142292	0.357298	0.00107068	0.195456	0.131801	0.00163014	0.000755207	0.0154163	0.00557952	0.00268275	0.0175302	0.213312	0.00492079	0.00450239
43	0.0378508	0.012367	0.00516336	0.00855213	0.0147878	0.00600287	0.00734733	0.245745	0.0070921	0.209353	0.110022	0.00821372	0.00474962	0.016247	0.0105484	0.0199651	0.0359682	0.230023	0.00548209	0.00451945
44	0.00564967	0.0438492	0.0015338	0.00498174	0.32239	0.0041082	0.125066	0.0182961	0.0072379	0.1243	0.0161046	0.0239657	0.00374225	0.00813237	0.00850017	0.0675455	0.0211513	0.0382759	0.000723372	0.154446
45	0.00348605	0.00222069	0.00120275	0.00154605	0.348971	0.00167956	0.0300216	0.00232601	0.00166051	0.0119588	0.00165626	0.0025554	0.00141213	0.00190483	0.00236188	0.00821396	0.011053	0.00284871	0.0010109	0.56191
46	0.00906532	0.0173576	0.00979633	0.0193393	0.010495	0.0101621	0.0458681	0.0143587	0.281645	0.0218445	0.0362695	0.0202222	0.00219726	0.0380025	0.429925	0.0135349	0.0123433	0.00448729	0.000411101	0.00267487
47	0.0381295	0.0144738	0.16707	0.0959271	0.00346567	0.180265	0.0365584	0.00775838	0.0236553	0.014355	0.00640186	0.0599339	0.0090878	0.0219096	0.0445582	0.229945	0.0205658	0.0103549	0.0124295	0.00315638
48	0.0157721	0.0156683	0.00429604	0.0409388	0.0031118	0.00766949	0.0958209	0.00280404	0.193565	0.037358	0.0176893	0.058084	0.00545479	0.299939	0.128628	0.0174877	0.0165413	0.00981394	0.000999444	0.0283581
49	0.0967964	0.00733444	0.0117863	0.0240087	0.0214153	0.0306526	0.0422314	0.00983851	0.0297532	0.0355234	0.00675405	0.0248224	0.378398	0.0241976	0.0801578	0.0917188	0.0580959	0.0177717	0.00168843	0.00705542
50	0.0143867	0.00538768	0.000432083	0.00310482	0.0011397	0.000785937	0.00137523	0.433742	0.000746868	0.0680472	0.0295887	0.00110211	0.000644033	0.00318523	0.00192015	0.00175982	0.00924818	0.420286	0.00199046	0.00112693
51	0.0716859	0.00668491	0.0118866	0.0121122	0.00253452	0.721703	0.00887705	0.00510526	0.0100227	0.0064741	0.00664389	0.0289649	0.0144061	0.00710361	0.0321941	0.0295611	0.0125707	0.00703419	0.00153546	0.00289952
52	0.101109	0.0212722	0.0216848	0.0331744	0.0242235	0.0403143	0.0329183	0.0422418	0.0417534	0.0553476	0.0324317	0.0382775	0.0362364	0.0307334	0.0387171	0.132403	0.196868	0.0510661	0.0101593	0.0190678
53	0.0232751	0.0166589	0.000726076	0.00129632	0.00117112	0.000748081	0.00133711	0.367679	0.000939762	0.180936	0.118701	0.00140621	0.000790142	0.0135441	0.005226	0.00244998	0.0160286	0.238213	0.00477907	0.0040935
54	0.377908	0.019356	0.0145309	0.0211829	0.0186339	0.0623659	0.0229853	0.0198426	0.0175457	0.0339555	0.01399	0.0300282	0.0313396	0.0181255	0.0184391	0.156823	0.0673081	0.0395227	0.00431575	0.0118017
55	0.37922	0.0218339	0.0167934	0.0287282	0.0114253	0.0700777	0.0212855	0.0188369	0.0314637	0.0281665	0.0130573	0.0203383	0.0345495	0.0227661	0.0336511	0.149232	0.0543385	0.0334275	0.00412475	0.00668427
56	0.181694	0.00437571	0.0324862	0.0816326	0.0101217	0.0401713	0.0189213	0.0328656	0.0242167	0.039572	0.0339308	0.036979	0.0229616	0.0429911	0.0136567	0.142772	0.140048	0.0966897	0.000638485	0.00327556
57	0.0134284	0.00687308	0.000567345	0.0015595	0.0110839	0.000711405	0.0033369	0.215276	0.00122687	0.440617	0.0930463	0.00182315	0.00126245	0.00647611	0.00545494	0.00335912	0.0107022	0.179157	0.00239383	0.00164506
58	0.0545567	0.00852064	0.0684276	0.0753614	0.0122933	0.0870667	0.0558783	0.0191597	0.0476015	0.025351	0.0175959	0.197569	0.0517388	0.0327274	0.0486071	0.0893172	0.0626164	0.0252742	0.00454027	0.0157966
59	0.0180818	0.0112915	0.00333403	0.00573004	0.286846	0.00800519	0.0371805	0.0169071	0.0103374	0.0272356	0.0114769	0.0116473	0.00459172	0.0135511	0.0112685	0.022503	0.0221943	0.0125469	0.00280626	0.462465
60	0.0323029	0.00559379	0.152921	0.100491	0.00413226	0.107795	0.0532353	0.0104864	0.0258218	0.0128765	0.0128979	0.301211	0.0252365	0.0173648	0.0189923	0.0649019	0.0259884	0.0176239	0.00163353	0.00849516
61	0.049612	0.0149933	0.0440268	0.0617513	0.0184281	0.0231892	0.063048	0.0273088	0.100844	0.0494291	0.0244414	0.0424678	0.0298221	0.157383	0.107366	0.052259	0.0568224	0.040552	0.0137575	0.0224987
62	0.0412891	0.0117327	0.0163614	0.0260838	0.0278097	0.0116607	0.0130522	0.249816	0.0109117	0.12037	0.0488085	0.0156685	0.0144196	0.0159524	0.0141151	0.0334016	0.0439855	0.268554	0.00772811	0.00827896
63	0.0213736	0.0290629	0.00467765	0.00823183	0.290037	0.0125582	0.0368756	0.033746	0.0166197	0.0713151	0.0264664	0.0132363	0.0195683	0.0130851	0.0250419	0.0408116	0.0301816	0.0376487	0.0293137	0.240149
64	0.0239257	0.0161946	0.0015576	0.00257022	0.00434109	0.000950993	0.00240164	0.360901	0.00165236	0.167412	0.122855	0.0024456	0.00104345	0.0138069	0.00576152	0.00370089	0.0199077	0.239478	0.00489856	0.00419531
65	0.024229	0.012835	0.0170413	0.0286212	0.0167236	0.0294395	0.0391848	0.0153162	0.207399	0.035834	0.0317675	0.0252174	0.0171556	0.0516868	0.348785	0.0403171	0.0284395	0.0167196	0.00284938	0.0104387
66	0.0222438	0.00283155	0.319364	0.406382	0.0044962	0.0237914	0.0141998	0.00563508	0.0258072	0.00993357	0.00603568	0.0323294	0.00975209	0.0240341	0.021509	0.031931	0.023321	0.0115653	0.000798809	0.00403878
67	0.0187998	0.0296595	0.00590191	0.0104983	0.284711	0.00928631	0.0388655	0.0427817	0.015592	0.092136	0.0315357	0.0130598	0.0157602	0.0111413	0.0213635	0.0385343	0.0296252	0.0431027	0.0316254	0.21602
68	0.0210257	0.0239566	0.00387958	0.0112499	0.217355	0.00570219	0.036753	0.234929	0.0115126	0.0691678	0.0408918	0.0110261	0.00503488	0.00759302	0.0183179	0.0207716	0.0392555	0.199299	0.0134312	0.00884846
69	0.0744453	0.00670089	0.0139618	0.0244342	0.0141966	0.0244464	0.053246	0.00692535	0.0202557	0.0324328	0.00660501	0.0275135	0.461976	0.0141603	0.0288318	0.104409	0.0639657	0.0139735	0.00123188	0.00628742
70	0.167269	0.0483693	0.0260473	0.0301027	0.0224508	0.0389939	0.0299895	0.0164784	0.0274958	0.0376134	0.0153556	0.0369806	0.0456266	0.0258844	0.03968	0.251129	0.0866128	0.0275298	0.0106755	0.0157161
71	0.0769998	0.0066132	0.00136795	0.00163072	0.00154723	0.836012	0.00221966	0.00178266	0.00187319	0.00273014	0.00138069	0.0131807	0.00219992	0.00151247	0.0273935	0.0106735	0.00632182	0.0022813	0.000542742	0.00173629
72	0.0112045	0.00867141	0.000621398	0.000826348	0.00937969	0.000645196	0.002538	0.188299	0.000781606	0.508084	0.121827	0.0011976	0.000764084	0.00792171	0.00541676	0.00323929	0.011223	0.113172	0.00207056	0.00211633
73	0.411298	0.0252428	0.0123192	0.0215458	0.013949	0.0524792	0.0199559	0.0202353	0.0218038	0.0312938	0.0154471	0.0190351	0.0236137	0.0171389	0.0248301	0.156621	0.065166	0.0367677	0.00371256	0.00754516
74	0.0169013	0.026095	0.00367451	0.00822414	0.298472	0.00671732	0.0809559	0.0382204	0.0136005	0.0722117	0.0217842	0.0183023	0.0133095	0.0105871	0.0190603	0.0449797	0.0313094	0.0390968	0.00968235	0.226816
75	0.00623007	0.00615446	0.000512271	0.000966502	0.0197338	0.00069754	0.00421246	0.122518	0.00114121	0.611886	0.112659	0.00144345	0.000907294	0.00603277	0.00568423	0.005591	0.0102652	0.0794683	0.000992856	0.00290426
76	0.0201817	0.0154592	0.00131359	0.00181979	0.00768781	0.000947025	0.00327153	0.311824	0.00149726	0.268693	0.134727	0.00257014	0.000908337	0.0126003	0.00561091	0.00385813	0.0173317	0.18047	0.00408402	0.00514465
77	0.0803132	0.00811932	0.00584431	0.00606876	0.00429999	0.00696591	0.0864899	0.0161936	0.222198	0.00982125	0.00830303	0.106565	0.0359539	0.0808111	0.0568925	0.0787483	0.165265	0.013396	0.00110808	0.00664325
78	0.0620842	0.00507369	0.00272342	0.00356101	0.00207418	0.778174	0.00736849	0.00311925	0.01002	0.00500958	0.00286073	0.0269206	0.00416611	0.00479757	0.0574237	0.0114907	0.00731611	0.00281045	0.000833641	0.0021724
79	0.0264767	0.00319189	0.304325	0.442011	0.00427334	0.0205248	0.0115641	0.00819826	0.0210646	0.00955271	0.00846413	0.02819	0.00661392	0.0214694	0.0154505	0.0268034	0.0237674	0.0132057	0.00177454	0.00307863
80	0.0688366	0.00194696	0.0120523	0.0236073	0.00780448	0.0106296	0.0795677	0.00211027	0.00774524	0.0252965	0.00246523	0.0193899	0.5689	0.00663665	0.0103009	0.0681799	0.0738175	0.0081545	0.000726022	0.00183215
81	0.00841775	0.0017423	0.374666	0.52163	0.00045035	0.00977984	0.00530325	0.00066798	0.00948156	0.00321858	0.00342361	0.0140046	0.00048162	0.0101635	0.00986107	0.0104666	0.00837044	0.00598772	0.000171649	0.0017115
82	0.018452	0.00975424	0.000596189	0.00270236	0.00158452	0.000821158	0.00117832	0.410604	0.00104463	0.103476	0.0646026	0.00129719	0.00072488	0.00678565	0.0029748	0.00256321	0.0130823	0.351859	0.00356598	0.00233201
83	0.14061	0.010995	0.0134696	0.0236614	0.016991	0.0230732	0.0141617	0.144353	0.0120976	0.0853751	0.0382999	0.020844	0.0179628	0.0183265	0.0166302	0.0624628	0.0855959	0.246549	0.00287792	0.00566376
84	0.0109268	0.010531	0.0108089	0.0193226	0.00706072	0.00965929	0.0308835	0.0106666	0.291536	0.0231785	0.0268415	0.020978	0.00195799	0.0375088	0.449699	0.0160355	0.0144412	0.00518598	0.000451662	0.00232728
85	0.0264407	0.00935025	0.0672893	0.0175787	0.0100306	0.0364729	0.252146	0.0115351	0.0183913	0.0246644	0.0107437	0.353165	0.0279889	0.0166264	0.020028	0.0386626	0.0254623	0.0134932	0.00295469	0.0169762
86	0.0222396	0.0318363	0.00320304	0.00865577	0.306765	0.0100179	0.0417582	0.0334002	0.0106307	0.075228	0.0277453	0.0103218	0.0197287	0.0125546	0.0126298	0.036911	0.028689	0.0351374	0.0232473	0.249301
87	0.00142195	0.00244845	0.000374958	0.000445676	0.0151352	0.00046109	0.00297592	0.069554	0.000531556	0.726826	0.113344	0.000678531	0.000653398	0.00354074	0.00495986	0.00348406	0.00706362	0.0454175	0.000243453	0.000440171
88	0.00135082	0.00236975	0.000373077	0.000445811	0.0151935	0.000465365	0.00298879	0.0687819	0.000533419	0.728091	0.113506	0.000682003	0.000651611	0.00350538	0.00495906	0.00347391	0.00703035	0.0449355	0.000234209	0.000427801
89	0.00793864	0.0124856	0.0112547	0.0245915	0.0103256	0.012226	0.0438856	0.0161909	0.276812	0.0185024	0.0520252	0.0138392	0.00197103	0.033481	0.429918	0.0150675	0.0120776	0.00483865	0.00047464	0.00209372
90	0.254867	0.0267617	0.0120752	0.0204799	0.0109572	0.0213795	0.0200533	0.0214871	0.0237571	0.0348401	0.0170237	0.0274522	0.0211916	0.0225977	0.0185332	0.135313	0.243002	0.0549988	0.00515717	0.00807246
91	0.0285615	0.0114489	0.00081574	0.00191187	0.00543222	0.000946932	0.00279155	0.31677	0.00169501	0.235526	0.0913927	0.00236095	0.00141092	0.0101819	0.00548097	0.00316145	0.0137595	0.260166	0.00326158	0.00292399
92	0.017182	0.010342	0.00379359	0.017759	0.00543473	0.00787007	0.199857	0.00630581	0.0762557	0.0481267	0.0125065	0.0289544	0.00597287	0.276524	0.138197	0.0194408	0.0185785	0.0106585	0.00245805	0.0937825
93	0.0119778	0.00643406	0.00128408	0.00223443	0.0212993	0.0016236	0.00554234	0.131518	0.00226495	0.571498	0.106525	0.00317745	0.001551	0.00638771	0.00676536	0.010216	0.0142639	0.0896573	0.00162896	0.00415066
94	0.0540443	0.0128801	0.0434913	0.0599131	0.0179038	0.0246356	0.0626728	0.0309379	0.101736	0.0524746	0.0260069	0.0476991	0.0309074	0.155147	0.111217	0.0546421	0.0495246	0.0374434	0.00697294	0.0197505
95	0.111004	0.0174	0.0565615	0.0211664	0.00880689	0.13446	0.0195212	0.00963726	0.00809912	0.0691644	0.00682343	0.0172932	0.0154478	0.0149164	0.0178504	0.420084	0.0286094	0.0114429	0.00633298	0.00537884
96	0.0206509	0.00984127	0.0458629	0.00963222	0.0103532	0.0107916	0.0516566	0.0532811	0.0162435	0.0594042	0.0107005	0.0118484	0.00787005	0.050359	0.190582	0.149034	0.0181065	0.0514223	0.21563	0.00672946
97	0.0198824	0.0020579	0.337808	0.460444	0.000946672	0.0199806	0.0094328	0.00298513	0.0195962	0.00524001	0.00527477	0.0251248	0.00382264	0.0227585	0.0131355	0.0195148	0.0161479	0.0132439	0.000282672	0.00232037
98	0.0304124	0.0135463	0.0288718	0.0422684	0.0166564	0.0194611	0.0432018	0.0172312	0.23653	0.030516	0.0260541	0.0367582	0.0147305	0.0578309	0.269158	0.0404929	0.0446996	0.0201683	0.00278543	0.00862718
99	0.00852657	0.0120821	0.0100577	0.0193028	0.00981661	0.0187929	0.0342675	0.0225307	0.25834	0.0165253	0.0840043	0.0127004	0.00235937	0.0323114	0.409162	0.0166562	0.0240977	0.00509472	0.000995515	0.0023767
100	0.0131288	0.00272845	0.000453972	0.00379085	0.000725404	0.000811935	0.000964561	0.440683	0.000732567	0.0429954	0.0109781	0.000963509	0.000583861	0.00104644	0.00104814	0.00165943	0.00810865	0.466981	0.00114463	0.000471666
101	0.0250203	0.00328018	0.313115	0.405551	0.00206603	0.0295176	0.0162189	0.00714649	0.0251747	0.00840778	0.00909466	0.0368454	0.00666871	0.0221416	0.0209616	0.0283841	0.0227933	0.0133135	0.000803434	0.00349634
102	0.016285	0.0278712	0.00453509	0.0196579	0.00466758	0.00832926	0.0598478	0.00537599	0.236787	0.0396075	0.0160853	0.0529289	0.00443072	0.157416	0.281509	0.0175577	0.0208824	0.00870467	0.000633291	0.0168878
103	0.00481009	0.00659405	0.00195358	0.00205879	0.349042	0.00229052	0.0356858	0.00526656	0.00240136	0.0242065	0.00417377	0.00389069	0.0017126	0.00303889	0.00359522	0.0139121	0.0119889	0.00683279	0.000993854	0.515552
104	0.0848908	0.0341089	0.0057082	0.0131513	0.0126664	0.00708228	0.129855	0.0178252	0.100293	0.0258414	0.0455224	0.052084	0.0202774	0.0844724	0.0251833	0.0882771	0.20178	0.0291674	0.00189503	0.0199188
105	0.0715797	0.0118846	0.0141489	0.0210558	0.025981	0.0266425	0.0423399	0.0286734	0.0222726	0.135235	0.0222541	0.0279968	0.316683	0.0171308	0.0353692	0.0724118	0.0545922	0.0386044	0.00348186	0.0116631
106	0.0753774	0.00818671	0.00413182	0.00392574	0.00213619	0.818712	0.00260331	0.00225171	0.00267731	0.00518788	0.00187124	0.0139024	0.00378153	0.00265372	0.0270328	0.012557	0.00793246	0.00269243	0.000455139	0.00193113
107	0.0813245	0.003019	0.240244	0.20632	0.00227322	0.0523	0.0268944	0.0103243	0.0633163	0.00916159	0.00619101	0.0438911	0.0162226	0.122269	0.0211739	0.0335795	0.0397965	0.0174071	0.00123999	0.00305181
108	0.0779893	0.0109133	0.0168702	0.0195374	0.00468691	0.685998	0.00933091	0.00485317	0.0105907	0.00775654	0.00483679	0.0327187	0.00843222	0.00684818	0.0296351	0.0370698	0.0202442	0.00866801	0.00107037	0.00195056
109	0.16338	0.0101359	0.00565068	0.00886859	0.0159478	0.0109918	0.0118337	0.124507	0.00993609	0.150988	0.0372656	0.0126861	0.00943949	0.0128789	0.0145422	0.0292671	0.0465053	0.317361	0.00286971	0.00494543
110	0.00857961	0.00689413	0.0022753	0.00223239	0.0230553	0.00321302	0.00558409	0.105161	0.00320897	0.599692	0.119095	0.00373447	0.00157338	0.00793252	0.00906148	0.0103593	0.0128828	0.0701114	0.00116634	0.00418689
111	0.0768338	0.00512499	0.0143858	0.0237653	0.0137555	0.0235883	0.0522081	0.00683232	0.0177306	0.0281421	0.00668067	0.0280108	0.476009	0.0146837	0.0250716	0.101132	0.0666815	0.0132574	0.00138294	0.00472271
112	0.427816	0.0207177	0.0140165	0.0201328	0.0116725	0.0563492	0.0172414	0.0223819	0.0186333	0.0297923	0.0137495	0.017941	0.0279399	0.0164134	0.0182047	0.158997	0.0579883	0.0380465	0.00631719	0.00564951
113	0.0353698	0.00294665	0.101194	0.127306	0.00345153	0.151622	0.0483604	0.00731179	0.0837406	0.0131487	0.0105992	0.193267	0.0283639	0.0309385	0.0462196	0.0579306	0.0393754	0.0138077	0.00116107	0.00388703
114	0.0750775	0.0135738	0.00247766	0.0300245	0.0334556	0.00483725	0.0848664	0.0390216	0.0174381	0.0570661	0.0450885	0.0599598	0.0179225	0.0358269	0.00482406	0.139994	0.210434	0.0684936	0.000916674	0.0587011
115	0.00889765	0.00195155	0.359454	0.533882	0.000455301	0.00858533	0.00590345	0.000690111	0.0103249	0.00295131	0.0039668	0.0163545	0.000529106	0.0113607	0.00975257	0.00939057	0.00790265	0.00551694	0.000148543	0.00198126
116	0.0325279	0.00410227	0.00570317	0.00696772	0.0045251	0.0108688	0.0335957	0.0572991	0.045121	0.0102341	0.00727625	0.0728261	0.00768291	0.00967396	0.0386558	0.237352	0.400297	0.00895301	0.00136776	0.00497066
117	0.00666466	0.00638092	0.000419895	0.000558405	0.0115478	0.000519518	0.0024202	0.135404	0.000593484	0.604828	0.115558	0.000865392	0.000609745	0.00612293	0.00485097	0.00319452	0.00929254	0.0876136	0.00118096	0.00137341
118	0.0606015	0.00501177	0.0189251	0.0285292	0.0344277	0.00594189	0.0234251	0.20917	0.0112048	0.0723613	0.12372	0.027226	0.00431628	0.0258941	0.00777029	0.0427326	0.0990684	0.191719	0.00408987	0.00386562
119	0.140852	0.0101911	0.015087	0.0281671	0.0142905	0.0298021	0.0440015	0.0115142	0.0188045	0.0355046	0.00917113	0.0252288	0.372774	0.0185929	0.0309983	0.0915188	0.0704767	0.0245726	0.00198173	0.00647039
120	0.0292747	0.00329848	0.304734	0.367321	0.00347237	0.0368952	0.0150084	0.00623892	0.0300567	0.00942799	0.00679174	0.0399084	0.00854512	0.0269407	0.0242423	0.0404594	0.0264057	0.0129172	0.00496626	0.00309539
121	0.0189136	0.0346772	0.00300659	0.00750365	0.300758	0.0118259	0.0412523	0.0333657	0.00983393	0.0909007	0.0286508	0.011075	0.0116971	0.0115497	0.0146226	0.0355041	0.028866	0.0366206	0.0212455	0.248131
122	0.0777645	0.00866024	0.00655923	0.0069876	0.00353489	0.752767	0.00650465	0.00485697	0.00622796	0.0114744	0.00420879	0.0202907	0.00798291	0.0054427	0.0327083	0.0231059	0.0112391	0.00632606	0.00090751	0.002451
123	0.0125786	0.00206135	0.354105	0.502428	0.000513617	0.0133953	0.00767617	0.0013425	0.0154404	0.0035644	0.0042923	0.0202967	0.0019288	0.0168781	0.0123104	0.0119767	0.0102135	0.00685354	0.000168787	0.00197607
124	0.200794	0.0175535	0.0120913	0.0261486	0.0105166	0.0224519	0.0206339	0.0351698	0.0158252	0.0308153	0.0170471	0.0321566	0.0108851	0.0208572	0.0140463	0.19982	0.254784	0.0482516	0.00216463	0.0079872
125	0.408577	0.0256966	0.0214531	0.0296705	0.010425	0.052842	0.0183365	0.0188204	0.0164285	0.0266683	0.0128526	0.0208227	0.0327642	0.0173976	0.0182427	0.161914	0.0619459	0.0325941	0.00604353	0.00650498
126	0.0268188	0.0112309	0.00480552	0.00792586	0.0248626	0.00416161	0.00982004	0.321674	0.0100074	0.166096	0.0822504	0.00824556	0.00517359	0.0111677	0.0149152	0.0141692	0.0271983	0.239898	0.00431302	0.0052659
127	0.0780506	0.00573138	0.00564731	0.0063445	0.00361285	0.783125	0.00390553	0.00296228	0.00391321	0.00492935	0.00220015	0.0171196	0.00343677	0.00372831	0.0269575	0.019944	0.0129715	0.00638361	0.0076956	0.00134079
128	0.0276238	0.0111165	0.0238288	0.0345369	0.0127385	0.0263597	0.0400675	0.0184381	0.19817	0.0336714	0.0282392	0.0281105	0.0197491	0.055105	0.337184	0.0433163	0.0332205	0.0172453	0.00412246	0.00715657
129	0.0404449	0.0148432	0.0101541	0.0147074	0.0252666	0.00941452	0.010933	0.253248	0.0122589	0.138971	0.0557866	0.011971	0.00862697	0.0159305	0.0160709	0.0311807	0.041427	0.27331	0.0056521	0.0098013
130	0.396549	0.0183779	0.016182	0.0288545	0.0113766	0.0541156	0.0247171	0.0192936	0.0155344	0.0304498	0.0121749	0.0239462	0.0362349	0.0214393	0.018074	0.155142	0.065838	0.0369918	0.00573472	0.00897318
131	0.0750453	0.0120025	0.027465	0.0344566	0.0167329	0.0987057	0.045203	0.0101389	0.0259776	0.0295026	0.00827224	0.0596938	0.326119	0.0193185	0.0359304	0.0897538	0.0552021	0.0195601	0.00177088	0.00914904
132	0.0250549	0.00597516	0.00108197	0.00449071	0.00570152	0.0016159	0.00236925	0.404947	0.00175984	0.0693016	0.032418	0.00295393	0.00125244	0.00446453	0.00280626	0.00477158	0.014402	0.411419	0.00191144	0.00130281
133	0.0276721	0.00288813	0.299758	0.37695	0.00360343	0.0316065	0.0163584	0.00675879	0.0291363	0.0101573	0.00767371	0.0407	0.0142308	0.0251317	0.0262808	0.0362864	0.0236642	0.0154412	0.00273932	0.00296293
134	0.170178	0.0484911	0.0230196	0.0304142	0.0235983	0.0359067	0.0257099	0.0200192	0.0226988	0.0378893	0.0192454	0.0484181	0.0294454	0.0193468	0.0264691	0.260018	0.114453	0.029246	0.00330652	0.0121259
135	0.070663	0.00840517	0.015739	0.0168706	0.00510859	0.728836	0.00707628	0.00446794	0.00680385	0.00951674	0.00397767	0.023006	0.00946076	0.00630769	0.0321634	0.0262047	0.0136051	0.00637631	0.00171377	0.00369736
136	0.010414	0.0295016	0.00180647	0.00420007	0.159884	0.00385643	0.0246434	0.0633876	0.00682724	0.461736	0.0793426	0.00627176	0.00378016	0.00845497	0.011373	0.0251509	0.0173559	0.0507641	0.00165221	0.0295972
137	0.0135277	0.0398639	0.0109494	0.00813742	0.0451937	0.0083405	0.0121458	0.0123845	0.00644195	0.0158235	0.00748726	0.00864767	0.00528765	0.00967191	0.0186704	0.0230858	0.012666	0.012457	0.724548	0.00466954
138	0.017906	0.0400152	0.00594372	0.00622195	0.0478529	0.00623517	0.0126022	0.0127769	0.00895567	0.0143677	0.00759609	0.00891439	0.0067365	0.0100646	0.0176667	0.0196223	0.0143695	0.0135824	0.722863	0.00570708
139	0.025103	0.013496	0.00760798	0.00878441	0.0201393	0.00569387	0.00981528	0.340067	0.00843615	0.136452	0.0779069	0.00916765	0.00344024	0.0121856	0.0128677	0.0165699	0.0268483	0.253128	0.00584841	0.00644237
140	0.0199978	0.0365771	0.00410566	0.0107667	0.246807	0.005894	0.0344848	0.214372	0.0119826	0.0778024	0.0471457	0.0104407	0.00444301	0.00836125	0.0163205	0.0240632	0.0391886	0.160806	0.0112279	0.0152127
141	0.00703103	0.00552994	0.000715721	0.00100056	0.013209	0.000747071	0.0031019	0.139993	0.00104662	0.596132	0.11326	0.00150769	0.0012739	0.00588526	0.00540125	0.00393906	0.00979846	0.0875517	0.00141902	0.0014562
142	0.0198723	0.00914187	0.00359479	0.00701234	0.02994	0.00866735	0.0112648	0.0839317	0.00962331	0.558316	0.0956165	0.0101758	0.00915738	0.0111678	0.0176538	0.0180393	0.0205069	0.0655318	0.00335032	0.00743571
143	0.0226329	0.0121582	0.0118647	0.0230015	0.0147683	0.0160481	0.0720924	0.0132329	0.207386	0.0293951	0.0263413	0.0289761	0.0174995	0.0647861	0.357319	0.0315938	0.0222194	0.014511	0.00270897	0.0114651
144	0.437689	0.0185742	0.0148309	0.022671	0.00950514	0.0547004	0.019991	0.0187698	0.0144988	0.0268184	0.00972229	0.0172186	0.0303625	0.0178641	0.0158248	0.17237	0.0563211	0.0302534	0.0041236	0.0078904
145	0.0161379	0.00923765	0.00422229	0.00635654	0.290116	0.0062844	0.0375343	0.0100131	0.010346	0.0319806	0.00878204	0.00952114	0.00716911	0.0117383	0.0143854	0.0246692	0.0218058	0.012203	0.00666411	0.460833
146	0.128005	0.0088434	0.0276312	0.0430937	0.0237553	0.0869755	0.0204246	0.0272341	0.0246917	0.0486005	0.0244936	0.0377935	0.0192075	0.0265554	0.0332847	0.100146	0.175537	0.134306	0.00223113	0.00719072
147	0.00797984	0.0135432	0.0103885	0.0202619	0.0102537	0.0105941	0.0449853	0.0188154	0.292855	0.0192296	0.0408877	0.01484	0.00206054	0.0308215	0.430811	0.0135843	0.0115234	0.00409942	0.000564046	0.00190231
148	0.256663	0.0641944	0.00622781	0.00816369	0.0197568	0.0193345	0.0603195	0.0170307	0.0081289	0.0360293	0.00887932	0.01612	0.0124214	0.00849277	0.0104105	0.221254	0.0819202	0.0298411	0.0405409	0.0742707
149	0.0885264	0.0213502	0.0265832	0.0358853	0.024449	0.0344419	0.0320433	0.0357249	0.0510815	0.0432779	0.0275469	0.0489712	0.0447886	0.0290872	0.0494284	0.136343	0.194591	0.0505711	0.0123556	0.0129537
150	0.0699624	0.00520697	0.00100438	0.00105664	0.00109518	0.856799	0.00166416	0.00128977	0.00147577	0.0024151	0.00123964	0.0121118	0.00128031	0.00139885	0.027503	0.00712256	0.0043826	0.00164354	0.000383346	0.0009655
151	0.025875	0.00434391	0.318431	0.396455	0.002046	0.0283348	0.0139859	0.00535971	0.0273751	0.00850235	0.00678972	0.0350423	0.00961802	0.0243155	0.0243599	0.0292778	0.0213337	0.0133273	0.00242048	0.00280719
152	0.072989	0.0153913	0.00190745	0.0279028	0.0340301	0.00411652	0.0868745	0.0391325	0.0180204	0.0600869	0.0452058	0.061237	0.0187379	0.0340936	0.00483409	0.141165	0.207191	0.0666771	0.00096623	0.0594406
153	0.0536533	0.00286916	0.0063706	0.00556722	0.00317586	0.0117268	0.00812762	0.0139914	0.00979485	0.00653495	0.0042353	0.0417371	0.0033199	0.00459683	0.016497	0.454026	0.343409	0.00576889	0.000891457	0.00370618
154	0.0153229	0.0065125	0.00133079	0.00161003	0.013932	0.00125681	0.0040323	0.167093	0.00173391	0.500393	0.0987597	0.00244805	0.00227361	0.00691939	0.00662973	0.00588429	0.013114	0.146941	0.00183009	0.00198244
155	0.640156	0.00352995	0.00214707	0.00317586	0.00314333	0.0162578	0.00879613	0.00185622	0.00239155	0.00521821	0.00181068	0.00223031	0.00137437	0.0116721	0.00249327	0.282069	0.00703175	0.00245568	0.000746457	0.00144435
156	0.00997027	0.0021816	0.349327	0.531696	0.000467395	0.00861648	0.00721539	0.00076658	0.0123654	0.00294125	0.00445958	0.0199776	0.000930794	0.0138065	0.00997442	0.00914478	0.00813373	0.00571645	0.000139869	0.00216918
157	0.0130109	0.00485441	0.0338792	0.00618727	0.00577615	0.00788794	0.00925631	0.0072358	0.108692	0.0641553	0.158277	0.0174646	0.00605991	0.00713363	0.203281	0.216562	0.103025	0.0198712	0.00243486	0.00495543
158	0.0934761	0.00242117	0.0111845	0.0285303	0.00824795	0.013539	0.0601474	0.00532555	0.00841774	0.0269385	0.00542814	0.0220853	0.510585	0.00951628	0.00969646	0.0787717	0.0825541	0.0206287	0.000614227	0.0018916
159	0.0112987	0.00259952	0.344141	0.522049	0.000487187	0.00853538	0.00835971	0.000960514	0.014541	0.00308556	0.00534423	0.0225001	0.00149517	0.0182451	0.0105147	0.00891934	0.00851734	0.00560402	0.000150401	0.00265183
160	0.031227	0.061796	0.00280896	0.00409721	0.031761	0.00428709	0.00674304	0.303661	0.00484384	0.130072	0.0839022	0.00558206	0.00357924	0.0117339	0.0105701	0.0296098	0.0264572	0.232823	0.00758115	0.00686357
161	0.0519338	0.0136924	0.04397	0.0620049	0.0185398	0.0264485	0.0594981	0.0211456	0.107132	0.0523218	0.0228674	0.0437865	0.0326442	0.144877	0.123519	0.0572423	0.0579601	0.0329612	0.00575229	0.0217024
162	0.0204653	0.0126449	0.00461803	0.00835838	0.00510333	0.00635885	0.0179492	0.00584794	0.295731	0.0347122	0.0108579	0.0796445	0.0025371	0.0338839	0.400629	0.0106896	0.0420611	0.00474665	0.000694435	0.00246689
163	0.142631	0.0433805	0.00232749	0.00271764	0.00712257	0.633794	0.00464279	0.00434468	0.00351777	0.00896228	0.00390198	0.0109429	0.00722288	0.00294787	0.0224906	0.0623507	0.024841	0.00653921	0.00123416	0.00408839
164	0.0120974	0.0063933	0.00333716	0.00422507	0.00498252	0.00378703	0.00577659	0.478517	0.00465892	0.035456	0.318246	0.0224604	0.0031826	0.00698593	0.0063028	0.0103628	0.0124508	0.0381884	0.00287255	0.0197171
165	0.00824608	0.0130492	0.010273	0.0199984	0.00985862	0.0104396	0.0450082	0.0190405	0.29809	0.0195748	0.0394876	0.016369	0.00212281	0.0309842	0.425322	0.0131402	0.0123027	0.00428013	0.000472354	0.0019403
166	0.0111098	0.00636084	0.00373166	0.00451989	0.0213266	0.00630971	0.00864467	0.0744934	0.0276791	0.55273	0.114816	0.00690489	0.0040686	0.0100801	0.0566754	0.0180858	0.0159119	0.0518703	0.000663314	0.0040183
167	0.0332326	0.0769868	0.00458728	0.0053663	0.0554687	0.00784238	0.0106658	0.268126	0.0105746	0.131218	0.0871999	0.00787579	0.00502494	0.0121002	0.0159581	0.0427491	0.0297521	0.173683	0.0124121	0.00917675
168	0.00308058	0.0047016	0.00122853	0.00168589	0.0177425	0.000905918	0.00429506	0.081922	0.00226266	0.679753	0.116166	0.00148844	0.000827152	0.00483293	0.0065956	0.00665503	0.00978349	0.0537483	0.000666115	0.0016598
169	0.0510988	0.00286295	0.00613931	0.0469111	0.00334287	0.0302869	0.0082753	0.00602066	0.0512061	0.00743901	0.00575685	0.181689	0.00483997	0.0163377	0.0396075	0.37576	0.134294	0.00573642	0.00128991	0.0211047
170	0.0345661	0.0133192	0.00357073	0.00663581	0.0189572	0.00551654	0.00766409	0.191809	0.00485479	0.293393	0.0978416	0.00911304	0.0138091	0.0311077	0.0113335	0.0209567	0.034819	0.189588	0.00299682	0.00814734
171	0.0240974	0.0741453	0.00567036	0.00579129	0.0484558	0.00760842	0.0127442	0.0135872	0.00806656	0.0148753	0.00914793	0.00905519	0.00475386	0.00955159	0.0148273	0.032628	0.0165832	0.0139089	0.667424	0.00707815
172	0.0121147	0.00812136	0.00243869	0.00396694	0.0221809	0.00273238	0.00944156	0.088926	0.0106698	0.593626	0.100547	0.0045098	0.00607572	0.00912375	0.0199313	0.0135508	0.0153412	0.0653862	0.00368323	0.00763311
173	0.661447	0.00453777	0.00126737	0.0101525	0.00338188	0.0101764	0.0137757	0.00251229	0.00373595	0.00469218	0.00183562	0.00299648	0.00188418	0.0077558	0.002501	0.249303	0.0105207	0.00399215	0.00127778	0.00225423
174	0.00903636	0.00189322	0.36771	0.521696	0.000460632	0.00957691	0.00595134	0.000776447	0.0110324	0.0031567	0.00377925	0.0158367	0.0006408	0.011761	0.00986708	0.0100992	0.00859304	0.00612907	0.00017442	0.00182964
175	0.0727537	0.00803549	0.0128964	0.0152539	0.00494833	0.682688	0.00841459	0.00636386	0.0149753	0.010744	0.00640726	0.0317295	0.00684891	0.00956587	0.0395837	0.028782	0.0199873	0.0134357	0.0034025	0.00318378
176	0.0259598	0.126151	0.00337724	0.00665086	0.334186	0.0121818	0.0327119	0.0496705	0.00995258	0.0966383	0.0479763	0.010316	0.00462062	0.00920205	0.0120079	0.0488915	0.036232	0.0410022	0.0400556	0.0522155
177	0.0309416	0.0052586	0.298456	0.368313	0.00717672	0.0327002	0.0143411	0.00729769	0.028833	0.0107283	0.00877931	0.0387378	0.00890461	0.0266328	0.0244076	0.0373956	0.0267745	0.0163046	0.000851352	0.00716566
178	0.073493	0.0236356	0.0124029	0.0222121	0.0429294	0.0199407	0.032433	0.0815128	0.0307163	0.0965318	0.102796	0.0299391	0.0140989	0.0244054	0.0344091	0.0953862	0.166798	0.0748799	0.00428197	0.0171986
179	0.0111253	0.0259526	0.00194899	0.0057062	0.325582	0.00630379	0.0640288	0.0205236	0.00707951	0.0801206	0.0182709	0.0123325	0.00654814	0.0115139	0.0101178	0.0579708	0.0224825	0.0291577	0.00146529	0.281769
180	0.0757356	0.00745258	0.0150607	0.0279673	0.0164133	0.0326684	0.0566593	0.0105994	0.0215344	0.0301543	0.00901882	0.03369	0.448128	0.0190551	0.0265859	0.0833566	0.0585144	0.0157973	0.00587519	0.00573324
181	0.184458	0.0255723	0.0128403	0.0232994	0.0101197	0.0236701	0.0200887	0.0201776	0.0231802	0.0284768	0.0152392	0.0380103	0.0191281	0.0253965	0.0210139	0.227032	0.234747	0.038638	0.00190299	0.00700798
182	0.0169755	0.00821031	0.00470402	0.00541633	0.0339726	0.012042	0.0105634	0.0814258	0.00758505	0.558588	0.0967232	0.00515842	0.0155976	0.0101869	0.0151787	0.0228858	0.0192657	0.063092	0.00171174	0.0107175
183	0.0140325	0.0088187	0.00291979	0.00332709	0.0234712	0.00353825	0.00962837	0.102367	0.00837985	0.570442	0.10189	0.00557182	0.00508571	0.00909548	0.0131794	0.0107533	0.0171878	0.0751936	0.0033802	0.0117377
184	0.0771013	0.146127	0.00773501	0.0127028	0.0520844	0.0148652	0.0183342	0.131025	0.0104855	0.0817732	0.0512108	0.0160908	0.0124085	0.0151627	0.013813	0.101116	0.0596444	0.150674	0.011978	0.0156682
185	0.22468	0.0242471	0.0104434	0.0165082	0.0117112	0.0190593	0.0222147	0.0199412	0.0282769	0.0316103	0.0165786	0.0309772	0.0153331	0.0250576	0.0208413	0.137303	0.281931	0.0516105	0.00210099	0.00957461
186	0.0254083	0.00343386	0.309076	0.376103	0.00282877	0.0341497	0.0148754	0.00758999	0.0281793	0.0090841	0.00818084	0.0389189	0.00887424	0.0262222	0.0229562	0.0407939	0.0235886	0.0133497	0.00326056	0.00312665
187	0.0699673	0.00630978	0.0134624	0.0127826	0.00220958	0.751853	0.00551115	0.0037384	0.00626124	0.00590806	0.00442435	0.0253648	0.00470277	0.00501167	0.0275825	0.0297158	0.0123626	0.00635051	0.00455752	0.00192415
188	0.100355	0.363723	0.00466787	0.00544899	0.0163408	0.0280663	0.0105546	0.0166495	0.00574873	0.0174606	0.0233793	0.00883602	0.00704202	0.0073578	0.00930448	0.292799	0.049056	0.0240298	0.00251178	0.00666878
189	0.0708699	0.453276	0.00153318	0.00260723	0.0087529	0.0257797	0.00385266	0.0140327	0.00303667	0.00536781	0.0264444	0.00434256	0.00287728	0.00389702	0.00429401	0.316997	0.0313054	0.0169692	0.00157895	0.00218607
190	0.030671	0.0189235	0.0123668	0.017776	0.035616	0.013541	0.0211508	0.150838	0.0282049	0.257128	0.141776	0.0181424	0.00911481	0.021014	0.0461217	0.0355634	0.0345105	0.0890254	0.00435411	0.0141609
191	0.0131333	0.00274101	0.000455458	0.00376733	0.000729688	0.0008097	0.000965778	0.440724	0.000732028	0.0431277	0.0110772	0.00096023	0.000583837	0.00105926	0.00104923	0.00166106	0.00810485	0.466705	0.00114867	0.000463958
192	0.023516	0.00429967	0.308447	0.381042	0.00540693	0.0293345	0.0188058	0.00607472	0.0295528	0.0100243	0.00772961	0.0338502	0.0160084	0.0249137	0.0262061	0.0328886	0.0219234	0.0142959	0.00234421	0.0033355
193	0.0255322	0.0137024	0.0197141	0.0334991	0.0115433	0.0278426	0.0403285	0.0155304	0.207081	0.0345044	0.0314344	0.0324473	0.0194908	0.0464025	0.345742	0.0355183	0.0280366	0.0154554	0.00979666	0.00639753
