379	20
1	0.00424786	0.0673589	0.00619231	0.0561529	0.00289112	0.00838153	0.176697	0.005284	0.1045	0.0295229	0.00831336	0.00831871	0.025323	0.321123	0.140222	0.0191026	0.00742216	0.00352657	0.00400688	0.00141234
2	0.0207853	0.00783401	0.168985	0.201145	0.0116389	0.041268	0.0189715	0.019683	0.0564995	0.0311699	0.0184581	0.0655168	0.0238189	0.126339	0.0371172	0.0945949	0.0196955	0.0240803	0.00387426	0.00852524
3	0.0173851	0.0307368	0.053279	0.126653	0.0111259	0.0198881	0.0845196	0.0212487	0.0993902	0.0510372	0.0190789	0.0299716	0.0237182	0.231671	0.0824956	0.0472322	0.0221423	0.0186474	0.00379074	0.00598794
4	0.0564832	0.011382	0.0210396	0.0263125	0.045145	0.0250621	0.0158972	0.0542002	0.111564	0.0660253	0.019804	0.087425	0.0533173	0.0215374	0.0500426	0.197642	0.101506	0.0151171	0.00409045	0.0164078
5	0.021241	0.00447322	0.00258529	0.0431871	0.00156663	0.0207405	0.00395842	0.0136903	0.469738	0.0162083	0.0184701	0.0978113	0.00554147	0.0179072	0.146951	0.0672189	0.0388365	0.00389905	0.00539997	0.000576344
6	0.00853309	0.00316808	0.217325	0.294159	0.00713156	0.045565	0.0279218	0.0152087	0.0540043	0.00999197	0.0154243	0.090783	0.00348599	0.0994839	0.0239996	0.0376947	0.00677193	0.0229048	0.00173782	0.0147054
7	0.166029	0.0122379	0.0242182	0.0258594	0.0537588	0.0375111	0.00966577	0.0384914	0.0421909	0.0710126	0.0100229	0.0249513	0.0619334	0.0138185	0.0284935	0.196795	0.119113	0.0442595	0.00294956	0.0166882
8	0.0349655	0.0513463	0.0321781	0.0507683	0.0147484	0.105339	0.0481348	0.0170905	0.049283	0.0688915	0.0108718	0.0259791	0.0805659	0.118549	0.0721432	0.150471	0.0354082	0.0146467	0.0142918	0.00432816
9	0.259883	0.00996042	0.0377811	0.0212269	0.0149233	0.0382559	0.00457044	0.0566591	0.01298	0.0510383	0.0126007	0.00748978	0.0367396	0.00754424	0.0162924	0.102496	0.188773	0.116639	0.00220893	0.0019381
10	0.0240327	0.0037335	0.00562082	0.0441652	0.00308058	0.0211256	0.00361253	0.0202518	0.43491	0.0172246	0.0195134	0.110148	0.00774004	0.0134051	0.13505	0.0817596	0.0439599	0.00443394	0.00461215	0.00162057
11	0.0244484	0.00659129	0.0122244	0.0682813	0.00305651	0.0212139	0.00922232	0.0160043	0.421633	0.0175749	0.0185548	0.085912	0.00865926	0.031759	0.132577	0.0677899	0.0391726	0.00919089	0.00515584	0.000978225
12	0.0458725	0.0139316	0.0232895	0.0175674	0.101191	0.0597205	0.0151693	0.0553071	0.0171559	0.171691	0.0292	0.0701319	0.0600016	0.0286621	0.0233459	0.159988	0.0488541	0.022705	0.00922113	0.026994
13	0.183888	0.0090551	0.039238	0.035503	0.0139752	0.130313	0.00724394	0.0374939	0.0370038	0.0486778	0.00910263	0.0165985	0.0490286	0.012771	0.050837	0.118209	0.122506	0.0590898	0.0146907	0.00477578
14	0.0131771	0.00610245	0.00659526	0.00600628	0.05077	0.003663	0.00779923	0.196365	0.0049642	0.157344	0.116074	0.00657519	0.00253195	0.00728113	0.00722101	0.018726	0.027545	0.355097	0.00350901	0.00265363
15	0.0356146	0.00625948	0.0102633	0.00858989	0.0624848	0.0069936	0.00855794	0.175812	0.00786555	0.204259	0.0929846	0.0135199	0.00713509	0.0116387	0.00799237	0.0458248	0.0459333	0.238952	0.00386094	0.00545736
16	0.162772	0.00975572	0.0253975	0.0255826	0.0107513	0.0637724	0.00712011	0.0277766	0.0885104	0.0549439	0.00756846	0.022233	0.0946138	0.0178169	0.0448802	0.142687	0.14428	0.0443334	0.00304196	0.0021625
17	0.182646	0.0166614	0.0292436	0.0158709	0.0232166	0.0464547	0.0109446	0.0287031	0.0190833	0.0821191	0.00786032	0.0184992	0.124934	0.0196597	0.023829	0.164338	0.122425	0.0575334	0.00287605	0.00310072
18	0.00994192	0.0186908	0.10715	0.258211	0.00531961	0.0281832	0.0484227	0.00693458	0.111911	0.014878	0.0144478	0.0252015	0.0114948	0.203356	0.0648522	0.032515	0.00819814	0.0252741	0.00205926	0.0029577
19	0.0248875	0.00467514	0.145242	0.280298	0.00917415	0.04085	0.012602	0.0226794	0.0841831	0.0250079	0.0375245	0.0312772	0.00621855	0.101538	0.0388675	0.0409995	0.0198307	0.0677698	0.00272655	0.00364879
20	0.0237457	0.00408654	0.018946	0.0699334	0.00233187	0.0360237	0.00399651	0.0186237	0.39508	0.0172171	0.0215932	0.10068	0.00731879	0.0223125	0.13136	0.0742838	0.0401307	0.0063871	0.00429111	0.00165815
21	0.0304556	0.00895175	0.0528425	0.153254	0.0287283	0.0425277	0.0160816	0.0430547	0.126851	0.0304173	0.0610504	0.0499453	0.0149202	0.0532978	0.0704137	0.122553	0.0355827	0.0298292	0.00926631	0.0199779
22	0.0811231	0.0176087	0.00941772	0.00889088	0.142315	0.0205258	0.0186046	0.0292911	0.00749935	0.132885	0.0110494	0.025896	0.0810414	0.0164771	0.0107075	0.258352	0.0593123	0.0111625	0.0032159	0.0546242
23	0.0220014	0.00349002	0.00785055	0.0475983	0.00181181	0.0192541	0.00296714	0.0153807	0.457495	0.0173394	0.0197053	0.102065	0.0055168	0.0177658	0.14036	0.0694404	0.0397418	0.00455902	0.00477419	0.000883507
24	0.0617831	0.00446495	0.0101821	0.0734973	0.00653743	0.0334458	0.0046476	0.0388733	0.323178	0.0190967	0.0203744	0.0776006	0.0129751	0.0170042	0.124264	0.0991807	0.0538071	0.0115659	0.0055282	0.00199405
25	0.00722027	0.00388262	0.0052084	0.00334312	0.0821391	0.00312457	0.00417177	0.179938	0.00348093	0.298989	0.121544	0.00770994	0.00198831	0.0132689	0.00715667	0.0165744	0.0179999	0.215774	0.00313203	0.00335462
26	0.0412759	0.0201082	0.0170704	0.0533141	0.00909038	0.028021	0.034035	0.0171868	0.183339	0.0540412	0.0133831	0.0410183	0.0853145	0.124223	0.0738635	0.108885	0.077335	0.011225	0.0043721	0.00289824
27	0.0596554	0.018899	0.0174517	0.0104857	0.0661728	0.0304594	0.0109702	0.0194971	0.0140515	0.12223	0.00655903	0.0460192	0.178205	0.0297615	0.0202745	0.269129	0.0617278	0.00829677	0.00214795	0.00800641
28	0.0361654	0.014677	0.0312405	0.0164377	0.0346981	0.0228079	0.0121215	0.0511044	0.0228308	0.19567	0.0299274	0.08286	0.0866806	0.0839735	0.0254977	0.170657	0.0545257	0.0126822	0.00491835	0.0105241
29	0.0640337	0.00870193	0.0117901	0.032112	0.00779507	0.0420161	0.00867084	0.018883	0.232289	0.0426592	0.0126267	0.0550487	0.0808039	0.0260677	0.0994082	0.147275	0.0935318	0.0110208	0.00359513	0.00167148
30	0.060618	0.00460039	0.0113855	0.047702	0.00805289	0.0425395	0.00438819	0.0405954	0.313859	0.0229057	0.0210666	0.0981779	0.0162508	0.0142184	0.111223	0.108739	0.0542245	0.0108543	0.00591326	0.00268553
31	0.0249085	0.00882941	0.0103915	0.0414161	0.0143732	0.0244586	0.00985522	0.0853315	0.272091	0.0691845	0.0822281	0.0712007	0.00793864	0.0221764	0.0951682	0.0647208	0.0410593	0.0412885	0.00861296	0.00476687
32	0.0703846	0.00450832	0.012583	0.0591033	0.00505595	0.0268025	0.00400979	0.0258165	0.355773	0.0209496	0.0196484	0.0775907	0.012586	0.0169989	0.111694	0.0832752	0.0660245	0.0221205	0.00372736	0.00134792
33	0.0344169	0.0120734	0.0084267	0.0138539	0.21905	0.00553481	0.0492383	0.0583096	0.00521667	0.0870243	0.0466574	0.028026	0.00467231	0.00941095	0.00916045	0.15661	0.0281967	0.0163121	0.0104724	0.197337
34	0.214013	0.0074483	0.030486	0.024849	0.00772588	0.0422212	0.0056463	0.0458162	0.0777917	0.0404173	0.00987966	0.023575	0.0432343	0.0108393	0.0536213	0.11115	0.184068	0.0638886	0.00194591	0.00138296
35	0.0782391	0.0166823	0.010138	0.00902842	0.144941	0.0191115	0.0173342	0.0283064	0.00751994	0.139012	0.0114603	0.025027	0.0799418	0.0161389	0.00994342	0.261288	0.0573068	0.0110152	0.00324577	0.05432
36	0.0694636	0.0161696	0.0205893	0.0177704	0.0861705	0.0234756	0.0513752	0.046314	0.0258652	0.0692824	0.0169469	0.0396549	0.0655229	0.0257497	0.024646	0.21532	0.100351	0.0196925	0.00404543	0.0615943
37	0.0446489	0.0152036	0.0101811	0.0165718	0.203084	0.00788643	0.0519138	0.0435411	0.00700129	0.0687152	0.0223859	0.0311944	0.00821952	0.00897723	0.00835538	0.19906	0.0351316	0.00709056	0.00952428	0.201314
38	0.261603	0.00760093	0.0383743	0.0191588	0.011761	0.032983	0.00530845	0.0582922	0.013918	0.0454688	0.00862933	0.00934202	0.0337499	0.00773177	0.0172514	0.106005	0.233153	0.0860149	0.00138108	0.00227307
39	0.0168335	0.0066129	0.140925	0.269725	0.0470985	0.0343913	0.0141537	0.016474	0.0979644	0.0161993	0.017342	0.0301725	0.00942855	0.0979444	0.0346965	0.0923816	0.0161038	0.0284722	0.00261297	0.0104676
40	0.138991	0.00912553	0.0313307	0.0542336	0.0234621	0.0323591	0.0104561	0.0814843	0.0308815	0.0500615	0.0146402	0.029233	0.0746143	0.0179841	0.026144	0.141809	0.174099	0.0498885	0.00295309	0.00624819
41	0.0227976	0.0054152	0.0408451	0.157844	0.0034734	0.0231069	0.0052144	0.0129372	0.356987	0.0131506	0.0186384	0.0669208	0.00693824	0.0562367	0.104159	0.0567349	0.0295747	0.014492	0.00345198	0.00108268
42	0.0235773	0.021048	0.0813651	0.0404633	0.0120189	0.0214275	0.0336109	0.0153681	0.0399634	0.0990999	0.012079	0.0838421	0.118437	0.165429	0.0755	0.106182	0.0318087	0.0106976	0.00360395	0.00447813
43	0.139964	0.015859	0.0238762	0.0179021	0.0192218	0.0395439	0.0100482	0.0336325	0.024574	0.0875582	0.00784912	0.0190033	0.140178	0.0224937	0.0257075	0.177756	0.147287	0.0421917	0.0024169	0.00293576
44	0.0335696	0.0113684	0.0318412	0.0404268	0.0577157	0.0331338	0.0320817	0.109573	0.0415572	0.0597972	0.0402401	0.121748	0.0214258	0.0258137	0.0359794	0.177601	0.0547407	0.0153074	0.0103446	0.0457346
45	0.140141	0.0129483	0.0235162	0.0204643	0.0320267	0.0366528	0.0106922	0.0351844	0.0317448	0.0790802	0.00986523	0.0275439	0.0867078	0.0441373	0.0254689	0.194696	0.138668	0.0367493	0.00340955	0.0103024
46	0.275755	0.00723247	0.0422997	0.0202427	0.0104649	0.0327774	0.00344631	0.0602956	0.0198378	0.0452453	0.0101596	0.008796	0.0275771	0.0065061	0.0157741	0.0851817	0.22972	0.0955118	0.00160844	0.00156849
47	0.171079	0.0092831	0.034219	0.0286912	0.0200671	0.0304717	0.00930025	0.0626772	0.0620546	0.0553603	0.0193874	0.028609	0.0379907	0.0198699	0.0347225	0.105044	0.193922	0.0669954	0.00328244	0.00697372
48	0.0229325	0.00782594	0.00880067	0.0106192	0.131502	0.00692484	0.0159625	0.151778	0.00947864	0.22321	0.0840871	0.0209534	0.00672898	0.0141904	0.00896656	0.0770083	0.0312901	0.117683	0.00548778	0.04457
49	0.0627224	0.0111381	0.120147	0.0969534	0.034654	0.0582787	0.0210895	0.0318196	0.037491	0.0469897	0.017446	0.053948	0.0360367	0.0565222	0.0394668	0.166844	0.0570088	0.0254343	0.00820755	0.0178022
50	0.00913635	0.00336973	0.19556	0.32019	0.00785421	0.0550293	0.0204485	0.00900762	0.0730357	0.0102679	0.0152841	0.0522964	0.00326054	0.109735	0.0326559	0.0383132	0.00630553	0.0282105	0.00275987	0.0072787
51	0.0252221	0.00436223	0.165266	0.304523	0.00719243	0.0480742	0.0148665	0.0129995	0.0795231	0.0124553	0.0177483	0.0381162	0.00559981	0.110732	0.0379442	0.0394871	0.0166055	0.0512191	0.00313163	0.00493275
52	0.112047	0.0132385	0.0192013	0.0196297	0.0501321	0.0337655	0.0144008	0.0418462	0.0313912	0.0767104	0.0101851	0.0262937	0.0771899	0.0185043	0.0279455	0.234102	0.140362	0.0328676	0.00295411	0.0172324
53	0.0260291	0.00710267	0.0116807	0.0624691	0.00313161	0.0227242	0.00763014	0.0147176	0.424387	0.0178702	0.0182575	0.0865481	0.00953113	0.0313659	0.13009	0.0713702	0.0403471	0.00768444	0.00590918	0.00115374
54	0.0874461	0.0142142	0.0140152	0.0180973	0.130036	0.0153585	0.0212988	0.0676392	0.0193434	0.0693708	0.015177	0.0553833	0.0312305	0.0122794	0.0143009	0.232982	0.0975038	0.0181635	0.00350165	0.0626585
55	0.218252	0.00975335	0.0323542	0.0179043	0.0154659	0.0587419	0.00638914	0.03855	0.0286139	0.0600021	0.0069208	0.0128951	0.0643795	0.0111587	0.028382	0.144973	0.172521	0.0672388	0.00191046	0.00359313
56	0.0246213	0.0373551	0.0215013	0.046984	0.0203788	0.0742825	0.109997	0.0253464	0.0657137	0.0359967	0.0203203	0.0263373	0.0350262	0.12998	0.144706	0.112672	0.0279999	0.0110118	0.0141542	0.015615
57	0.171802	0.0126952	0.0496408	0.0209396	0.0158391	0.0990472	0.00816119	0.0272049	0.0178044	0.0635197	0.00623352	0.0151039	0.106134	0.0177439	0.0338508	0.167228	0.11088	0.0491382	0.00528251	0.00175074
58	0.0129977	0.0124163	0.00729074	0.00897559	0.0507395	0.00510798	0.00674555	0.217438	0.00798474	0.229571	0.1343	0.027647	0.0052357	0.0185943	0.0138465	0.0344426	0.0705733	0.123331	0.00728324	0.00547983
59	0.0247197	0.00307923	0.00395601	0.0442021	0.00241668	0.0204938	0.00195109	0.0161158	0.449748	0.0166739	0.0191798	0.103865	0.00626674	0.012545	0.142422	0.0785585	0.0444781	0.00422733	0.00449347	0.000607735
60	0.161685	0.00984784	0.0272626	0.0201419	0.0286072	0.0214701	0.0101026	0.127686	0.0207707	0.0719747	0.0379106	0.0257482	0.0184074	0.00884707	0.0175498	0.0848321	0.187479	0.10118	0.00573384	0.0127635
61	0.00780318	0.00995674	0.00923282	0.0110014	0.0640465	0.020351	0.00730718	0.172249	0.015781	0.276914	0.142249	0.0259988	0.00451486	0.0243667	0.0413655	0.0353298	0.0291616	0.0853807	0.0093746	0.00761505
62	0.098563	0.0201105	0.0184909	0.0113373	0.0344983	0.0420852	0.0356334	0.0180646	0.016369	0.104231	0.00597102	0.0230669	0.168194	0.0312621	0.0289257	0.233532	0.0751537	0.020418	0.00352141	0.0105717
63	0.0343699	0.0130572	0.028678	0.0529258	0.00980021	0.213812	0.0186079	0.0305947	0.0789787	0.0652313	0.0163021	0.0290448	0.0396118	0.0333736	0.139103	0.106982	0.0340275	0.019793	0.0308115	0.0048955
64	0.0203861	0.0074618	0.00723106	0.0066341	0.0458143	0.00493948	0.0102842	0.209227	0.00592244	0.115008	0.0909506	0.00681021	0.00393318	0.00587606	0.0068564	0.0219807	0.0365809	0.388116	0.00399703	0.00199069
65	0.0489929	0.00757755	0.0188625	0.0299056	0.03482	0.0208377	0.00946234	0.153616	0.0237257	0.102904	0.0734478	0.00986317	0.00881512	0.0166028	0.0170353	0.0356649	0.0524732	0.326838	0.00584605	0.00270946
66	0.0219085	0.00648073	0.00987269	0.0612317	0.00357587	0.0203166	0.0074836	0.0155088	0.438222	0.0176604	0.0194318	0.0897273	0.00702219	0.0320123	0.133533	0.0653847	0.0374701	0.0072687	0.00498361	0.000905201
67	0.0214227	0.00987811	0.00759661	0.0539385	0.00240047	0.0234378	0.0201218	0.0148412	0.406252	0.0166368	0.0207243	0.0835597	0.00875728	0.0455157	0.150111	0.066069	0.035135	0.00648703	0.00625508	0.00086064
68	0.0339063	0.00417617	0.00488742	0.0427641	0.00585586	0.0217839	0.00272872	0.0220459	0.420911	0.0257551	0.020882	0.0942231	0.00893119	0.0139106	0.129112	0.0796884	0.054926	0.00704528	0.00446779	0.00199906
69	0.0119981	0.00496459	0.00663443	0.00613859	0.0822058	0.00771566	0.00545885	0.180078	0.00665316	0.347911	0.107203	0.0187873	0.00492063	0.0232035	0.0106212	0.0277705	0.0289528	0.10515	0.0056295	0.00800327
70	0.0168562	0.0326095	0.0604861	0.125021	0.014465	0.0224042	0.0769534	0.0197765	0.0930038	0.0497636	0.0200299	0.0355235	0.0243404	0.229768	0.0793049	0.0488519	0.0181399	0.0180288	0.00553974	0.00913318
71	0.0207052	0.00767211	0.00783727	0.0566365	0.00468134	0.0198143	0.0112786	0.0149406	0.430206	0.018725	0.0183163	0.0872501	0.00944756	0.0378895	0.134618	0.0680704	0.0384027	0.00676999	0.00494563	0.00179283
72	0.00917518	0.00574591	0.00558562	0.00663139	0.0782158	0.00584235	0.00468884	0.1808	0.0123253	0.351124	0.111465	0.0194785	0.00552391	0.0251046	0.012785	0.0267359	0.0292109	0.0984048	0.0052486	0.00590928
73	0.0214778	0.00850622	0.00749536	0.0574403	0.0021058	0.0245596	0.014803	0.0143208	0.41416	0.0172477	0.0177664	0.0862453	0.00837705	0.0413741	0.147267	0.0680739	0.0359967	0.00580169	0.00623416	0.000747961
74	0.0698791	0.0218193	0.0141332	0.0101904	0.0293982	0.0413737	0.0132013	0.0146465	0.0155739	0.150725	0.00654762	0.0233897	0.206791	0.0360586	0.0244161	0.237762	0.066642	0.0123155	0.00204501	0.00309206
75	0.0419371	0.00706444	0.0131512	0.0103401	0.0448356	0.00774799	0.00994884	0.191582	0.00611448	0.119996	0.0862195	0.00862347	0.00513781	0.00752189	0.00866457	0.0278669	0.0516683	0.344513	0.0038493	0.00321771
76	0.0300268	0.00695949	0.0098368	0.00844515	0.0428353	0.00569782	0.0107482	0.197191	0.006582	0.105991	0.0875822	0.00747527	0.00441851	0.00621416	0.00672757	0.0253331	0.0428117	0.38936	0.00380853	0.00195594
77	0.0187543	0.00619011	0.130782	0.282323	0.0127731	0.0483522	0.0183505	0.0163978	0.114199	0.0153428	0.0183445	0.0433294	0.00632985	0.107573	0.051282	0.051409	0.0154914	0.0275302	0.00561581	0.00962969
78	0.0369943	0.0158683	0.0185968	0.0232174	0.157076	0.010024	0.085761	0.0457543	0.00651902	0.0693379	0.0246151	0.0445132	0.00619394	0.0150389	0.0100907	0.135611	0.0260016	0.00590286	0.0150107	0.247872
79	0.0257636	0.00826948	0.070001	0.0661444	0.0207889	0.024892	0.0255536	0.0492107	0.184427	0.0452655	0.0330575	0.154411	0.013493	0.0401098	0.072114	0.0847203	0.0411512	0.0154526	0.0055519	0.019622
80	0.021332	0.00634084	0.0109039	0.0604552	0.00256715	0.0209667	0.0071951	0.0157356	0.435383	0.0192238	0.0196677	0.0913119	0.00786097	0.0312659	0.131256	0.0682893	0.036333	0.00791446	0.00471215	0.00128578
81	0.0203494	0.0095306	0.0225082	0.037067	0.0133296	0.0358272	0.0195226	0.0489607	0.169855	0.033799	0.10575	0.103331	0.0108237	0.0239509	0.168308	0.10863	0.0332513	0.011741	0.0104645	0.0130003
82	0.0203214	0.00719684	0.0314815	0.0598295	0.00445011	0.383917	0.00842874	0.0354368	0.0261426	0.0172728	0.0115097	0.0121326	0.0126934	0.00999856	0.150019	0.111049	0.0150085	0.019014	0.0617952	0.00230238
83	0.022527	0.00331698	0.0026744	0.0434154	0.00137023	0.0191179	0.00204854	0.0140679	0.469872	0.0159369	0.0190108	0.102071	0.00575574	0.0146127	0.145573	0.0689704	0.0398019	0.00441319	0.00480682	0.000636407
84	0.0774347	0.0187872	0.0187951	0.015011	0.0206834	0.0997516	0.0116817	0.0153219	0.0211958	0.101486	0.00441887	0.0217756	0.186387	0.0247406	0.0393191	0.226644	0.0693984	0.0174594	0.00781947	0.00189004
85	0.0380068	0.00976922	0.0162843	0.0159027	0.042269	0.0142351	0.0334844	0.184905	0.00955578	0.0884705	0.07336	0.0219596	0.00893552	0.0117851	0.0124386	0.0422728	0.0512342	0.309029	0.00692684	0.00917597
86	0.0387718	0.00791741	0.0882515	0.0862348	0.00992525	0.299661	0.0102937	0.029626	0.0211126	0.022269	0.00914979	0.0214224	0.0204062	0.0280856	0.0971726	0.116195	0.0258789	0.0247139	0.0393749	0.00353794
87	0.0146743	0.0206767	0.0450188	0.135195	0.00627198	0.0221118	0.0395482	0.0181467	0.227545	0.0322765	0.0418757	0.0434756	0.0144943	0.15607	0.0879548	0.043724	0.0243232	0.0206784	0.00398172	0.00195692
88	0.279826	0.0077378	0.0420173	0.0193352	0.0115277	0.035637	0.00444451	0.0556939	0.0150761	0.0478404	0.0088982	0.00974825	0.0324845	0.00713778	0.0155022	0.0892212	0.217325	0.0959	0.0015198	0.00312683
89	0.0529647	0.0186745	0.0107605	0.0146523	0.17456	0.00740043	0.081197	0.0380572	0.00597994	0.0703125	0.0204417	0.0346387	0.00695865	0.0103489	0.00848783	0.150422	0.0285758	0.00542512	0.0111034	0.249039
90	0.173696	0.00895722	0.0281696	0.0152571	0.0219225	0.0217096	0.00651767	0.131389	0.0103723	0.0667411	0.0369759	0.00960334	0.0179319	0.00636248	0.0116523	0.0749755	0.169849	0.183196	0.00269045	0.00203122
91	0.00908252	0.00919297	0.135113	0.30948	0.0070099	0.035534	0.0270015	0.00639038	0.105342	0.012242	0.0150471	0.0306739	0.00820295	0.165677	0.0467939	0.0355566	0.00704517	0.0286327	0.00210292	0.00387874
92	0.0107192	0.0114823	0.0100839	0.0133319	0.0541818	0.00878449	0.0100101	0.189724	0.016642	0.215422	0.145	0.0269403	0.00524408	0.0216736	0.0181458	0.0381394	0.0371232	0.14736	0.0109698	0.00902222
93	0.00498703	0.05916	0.0156856	0.0651974	0.00482479	0.0113112	0.167736	0.00831847	0.0942903	0.0327731	0.0109555	0.0156257	0.023731	0.313169	0.12818	0.0224324	0.00883431	0.00492273	0.00382039	0.00404472
94	0.0743079	0.0149433	0.025115	0.0290209	0.0708202	0.0447063	0.0192709	0.0357781	0.0469425	0.089235	0.0163904	0.0358596	0.0760677	0.0253538	0.0350076	0.232016	0.0693939	0.0241971	0.00590271	0.0296714
95	0.0393288	0.0162883	0.0157979	0.0204115	0.183685	0.0103963	0.0614543	0.0433272	0.0106891	0.0733902	0.0263734	0.0368092	0.00841259	0.0137223	0.0112025	0.152568	0.028084	0.00765029	0.0114278	0.228982
96	0.12512	0.0129751	0.0260004	0.021739	0.032113	0.0209204	0.0114454	0.1583	0.0202517	0.0840357	0.0497951	0.0300434	0.0165762	0.0119691	0.0169029	0.0781458	0.166282	0.0977501	0.00783647	0.0117978
97	0.0364071	0.00864022	0.0359989	0.0567291	0.0117888	0.343765	0.00973432	0.0318896	0.0283378	0.0249437	0.0109391	0.0170902	0.0244015	0.0134078	0.120286	0.123627	0.0256543	0.0228324	0.0484094	0.0051178
98	0.016941	0.00599452	0.0112104	0.0176249	0.0480603	0.00553904	0.00821284	0.18179	0.00924421	0.145225	0.105225	0.00682722	0.00301821	0.0110688	0.00795823	0.0198637	0.0317681	0.358597	0.00379988	0.00203182
99	0.0279463	0.00910815	0.0130592	0.0182125	0.0786668	0.0145837	0.0092975	0.125171	0.0291612	0.291477	0.0792985	0.0261255	0.0256824	0.0326956	0.0187626	0.0727049	0.0369611	0.0712369	0.00437818	0.015471
100	0.198269	0.00843239	0.0574416	0.0994748	0.0139523	0.0433397	0.0127451	0.0422861	0.0680952	0.0341224	0.0127286	0.0242632	0.0206923	0.0326042	0.037104	0.0777646	0.133762	0.0683937	0.00549306	0.00903606
101	0.00630109	0.0888168	0.0079275	0.0481448	0.0047151	0.010807	0.178481	0.00698836	0.0930988	0.0311063	0.0119241	0.0115856	0.0257139	0.273597	0.153443	0.0242675	0.0103035	0.00476935	0.00484474	0.00316453
102	0.0727824	0.0150115	0.015262	0.0167284	0.14803	0.0183852	0.0227798	0.0420287	0.0118461	0.088541	0.0147077	0.0326881	0.0537131	0.0134726	0.0116405	0.255812	0.0818474	0.0166479	0.00348698	0.0645891
103	0.0224704	0.00397811	0.00343141	0.0452308	0.00177791	0.0189377	0.00400181	0.0153797	0.463615	0.0165521	0.0190529	0.0970138	0.00576303	0.0187586	0.146205	0.0677432	0.0390973	0.00524732	0.00491737	0.000827263
104	0.106899	0.00793451	0.0191228	0.00984231	0.0286405	0.013841	0.0076114	0.166433	0.00677595	0.0806043	0.0625179	0.00605527	0.00871631	0.00532161	0.00853019	0.0397034	0.11324	0.303071	0.00284546	0.00229419
105	0.0749835	0.0233346	0.0158214	0.0165088	0.0261198	0.0412628	0.0223979	0.0198108	0.0323872	0.112187	0.00691855	0.0241416	0.196319	0.0454521	0.03304	0.209686	0.0725407	0.020764	0.0030074	0.00331644
106	0.0265015	0.00771202	0.011489	0.0102025	0.0767889	0.0114708	0.00698207	0.131487	0.0144754	0.329182	0.0857761	0.0202494	0.0289114	0.0296811	0.0145186	0.0656684	0.0316778	0.0815085	0.00425793	0.0114592
107	0.012083	0.00479978	0.006713	0.00456402	0.0648456	0.00308037	0.00539204	0.18211	0.00427699	0.227175	0.116869	0.00738926	0.0023756	0.00979089	0.00714789	0.0174866	0.0235459	0.294974	0.00296056	0.00242076
108	0.014605	0.00353017	0.204357	0.30481	0.00676473	0.0482524	0.0223308	0.0132869	0.0646281	0.0117028	0.014627	0.0578034	0.00485009	0.107169	0.0286018	0.0391152	0.012088	0.0288176	0.00249941	0.0101602
109	0.0217108	0.00431236	0.00397391	0.0424442	0.00217072	0.0194031	0.00219024	0.0176392	0.445878	0.0278611	0.0303931	0.107837	0.00601648	0.0191043	0.131672	0.0660397	0.0403353	0.00489975	0.00476422	0.00135372
110	0.0254441	0.00500855	0.0102214	0.061338	0.00298787	0.0229514	0.00467873	0.0158496	0.437197	0.0163592	0.0190034	0.0885267	0.00711001	0.0242808	0.134899	0.0691799	0.0403754	0.00794892	0.00539066	0.00124958
111	0.0262851	0.0211437	0.0294093	0.0532475	0.0254356	0.180385	0.0180554	0.0523967	0.0747034	0.052265	0.0382557	0.0294477	0.0105257	0.0301765	0.094087	0.0819003	0.0298566	0.0276754	0.098031	0.0267178
112	0.255963	0.00743071	0.038155	0.0199011	0.0214598	0.0296787	0.00563511	0.0688783	0.0131544	0.0464938	0.00910579	0.0136712	0.0268888	0.00712516	0.0143131	0.106795	0.217488	0.090334	0.0014307	0.00609838
113	0.00801023	0.0152735	0.11922	0.269235	0.00704769	0.0296693	0.0425162	0.0078519	0.104492	0.0147796	0.0155122	0.0315294	0.0110415	0.192772	0.055689	0.0362538	0.0076955	0.0248655	0.00192075	0.00462498
114	0.0174324	0.00537563	0.00765457	0.00591703	0.0781708	0.00550729	0.00556893	0.184251	0.00985489	0.325267	0.108764	0.019099	0.00412621	0.0230165	0.0109923	0.0273347	0.0325217	0.115436	0.00452649	0.00918435
115	0.0662223	0.0219896	0.0107956	0.0060098	0.0321217	0.0409674	0.0101103	0.00978317	0.012963	0.147641	0.00338689	0.0222307	0.221511	0.0285021	0.0208331	0.264316	0.0665897	0.0098679	0.00175742	0.00240063
116	0.0228216	0.00369554	0.00591697	0.0493921	0.0018541	0.0201433	0.00186423	0.0153459	0.460984	0.0162144	0.0192271	0.102686	0.00618516	0.0152312	0.139034	0.0688913	0.0400803	0.00464774	0.00472262	0.0010624
117	0.0413475	0.00549621	0.181603	0.211041	0.0118234	0.0516698	0.0240256	0.0261546	0.0541087	0.0260692	0.0195599	0.0689987	0.0123983	0.0846599	0.0336594	0.0610811	0.0324788	0.0363154	0.00481311	0.0126967
118	0.0060939	0.00511644	0.00513569	0.00491006	0.0847512	0.00435389	0.00376353	0.185833	0.00524739	0.375322	0.11356	0.0186841	0.00251399	0.0261014	0.009289	0.0213091	0.0231101	0.0948245	0.004089	0.0059915
119	0.0221796	0.00644887	0.009017	0.0628999	0.00232079	0.0191928	0.0069124	0.0143051	0.445241	0.0185188	0.0182249	0.0874427	0.00676514	0.0322246	0.133984	0.0639932	0.0369881	0.00713508	0.00513484	0.00107146
120	0.0186253	0.00636649	0.0982841	0.269607	0.00622633	0.0311302	0.0105526	0.0105185	0.211086	0.0113513	0.0170013	0.0405683	0.00623001	0.10306	0.0677129	0.0451921	0.0161854	0.0249661	0.00260203	0.00273369
121	0.00502903	0.0503317	0.0378073	0.106606	0.00363386	0.0140454	0.14651	0.00679044	0.093822	0.0279404	0.0108961	0.0187067	0.0213174	0.302306	0.110579	0.0217994	0.00723243	0.00784013	0.0034844	0.00332226
122	0.041469	0.0110453	0.0170222	0.0195664	0.0541743	0.0283529	0.0125777	0.179088	0.0261884	0.17149	0.0808287	0.0343166	0.00930678	0.0190909	0.0270786	0.0580226	0.0600821	0.12628	0.0107248	0.0132939
123	0.0250147	0.0663015	0.0246537	0.0383973	0.0321476	0.0990405	0.0384957	0.0605829	0.0492272	0.0546071	0.0385405	0.0313635	0.0165421	0.0534362	0.0704688	0.078527	0.0333609	0.0271535	0.123088	0.0390513
124	0.0164668	0.00584605	0.100507	0.269468	0.00746981	0.0322104	0.00935562	0.009604	0.20921	0.0122366	0.0171923	0.04182	0.00613224	0.101577	0.0658484	0.0458632	0.0167621	0.0265701	0.00295011	0.00291064
125	0.253194	0.00884375	0.036278	0.0179035	0.0160857	0.0272415	0.00461254	0.0775388	0.010255	0.0542277	0.0240502	0.00617892	0.0217177	0.00533431	0.0109621	0.0669675	0.181746	0.173147	0.00241331	0.00130222
126	0.0498679	0.00763731	0.0180159	0.0289175	0.0411056	0.0174955	0.00822063	0.15752	0.0215834	0.108191	0.0771807	0.00957897	0.00874291	0.0141449	0.0146499	0.0327647	0.0507092	0.326649	0.00383704	0.00318732
127	0.00694261	0.0028811	0.222378	0.290106	0.00657915	0.0529257	0.0260087	0.011155	0.0552779	0.0102586	0.0137462	0.086062	0.00339095	0.108051	0.0251421	0.0375792	0.00531069	0.0230127	0.00261189	0.0105806
128	0.00566671	0.00703644	0.00489367	0.00432516	0.0738642	0.00417032	0.00388348	0.195666	0.00550256	0.319662	0.14578	0.0158335	0.00248114	0.0201017	0.012293	0.0207416	0.0277864	0.120678	0.00586522	0.00376868
129	0.293617	0.00637268	0.0485682	0.0198091	0.00760829	0.0306732	0.00351306	0.0652397	0.0100523	0.0408664	0.00894812	0.00545769	0.0225403	0.00504932	0.0123363	0.0748959	0.239587	0.102796	0.00114091	0.000927983
130	0.0395167	0.0128298	0.00713653	0.0118889	0.23653	0.00539514	0.0567799	0.0370946	0.00436581	0.072512	0.0230254	0.0241865	0.00414825	0.00678927	0.00583373	0.172505	0.0279472	0.00419254	0.0104693	0.236853
131	0.0555626	0.00794019	0.0171957	0.019805	0.0375086	0.0176987	0.0097052	0.157399	0.00918057	0.104617	0.0754989	0.00867981	0.0108538	0.010942	0.0114957	0.0376175	0.0592415	0.341961	0.00439684	0.00270066
132	0.0226869	0.00670279	0.00808277	0.00739587	0.044604	0.005556	0.00936223	0.195415	0.00570686	0.125456	0.093821	0.0067288	0.00426035	0.0070048	0.00667127	0.0215342	0.03746	0.386135	0.00358991	0.00182742
133	0.020027	0.00725369	0.0339627	0.0635413	0.00427376	0.374201	0.00867312	0.0342212	0.0271972	0.0191489	0.011261	0.0122728	0.0167748	0.0128993	0.148321	0.11287	0.0139779	0.018728	0.0585619	0.00183378
134	0.00723519	0.0232293	0.090443	0.22675	0.00510587	0.0239342	0.0639232	0.00600022	0.104062	0.019441	0.0132173	0.023892	0.015149	0.240744	0.0718134	0.0311678	0.00811405	0.0209644	0.00222357	0.00259029
135	0.0163898	0.00558713	0.0736464	0.145719	0.00526513	0.309417	0.0121562	0.0260126	0.0347706	0.0128632	0.0124442	0.0166887	0.00864014	0.0445755	0.110833	0.0794253	0.0102886	0.0287583	0.0435346	0.0029845
136	0.0383845	0.00874545	0.0473472	0.0687194	0.00738086	0.345074	0.0106104	0.0326502	0.0268709	0.0239184	0.0113232	0.018666	0.0181925	0.0180817	0.120171	0.0961555	0.0261703	0.0275368	0.0502675	0.00373444
137	0.0248571	0.00534311	0.00843859	0.0554282	0.00286068	0.0221828	0.00350847	0.0146902	0.44712	0.0171728	0.0188119	0.0911986	0.00857988	0.0224861	0.134789	0.0686373	0.0395105	0.00792249	0.00531487	0.00114785
138	0.0233853	0.00296619	0.00265472	0.0410045	0.00156742	0.0204944	0.00144607	0.0153806	0.464933	0.0152716	0.0186795	0.104425	0.00528328	0.0117816	0.143595	0.0745476	0.0436744	0.00366907	0.00464132	0.000598852
139	0.0242357	0.00893406	0.0113163	0.0165603	0.140567	0.00805538	0.0231662	0.137987	0.00691976	0.170193	0.0828461	0.0325515	0.00561319	0.0137256	0.0118184	0.125694	0.0364515	0.0713233	0.00671613	0.0653253
140	0.0296015	0.00752219	0.00798929	0.00718038	0.0443321	0.00520917	0.0109061	0.200919	0.00559723	0.109819	0.0874444	0.00753386	0.00345767	0.00592351	0.00632399	0.0243144	0.0445557	0.384625	0.00336063	0.00338524
141	0.025996	0.00759351	0.0125627	0.0120043	0.0730139	0.0140571	0.00983293	0.127103	0.0251659	0.307163	0.0839389	0.0231408	0.0264776	0.0349404	0.0211203	0.0619871	0.0357928	0.0794097	0.00670886	0.0119903
142	0.141529	0.0147208	0.0197808	0.0113843	0.052723	0.0327014	0.00877041	0.0305627	0.0126471	0.110632	0.00614282	0.0202257	0.103426	0.0170777	0.0176837	0.232443	0.121596	0.0347614	0.00150303	0.0096874
143	0.0414856	0.0124029	0.00852648	0.0142035	0.258503	0.00514338	0.0503199	0.0358976	0.00475819	0.0637109	0.0208779	0.0227591	0.00495597	0.00605291	0.00563963	0.202221	0.0288043	0.00364201	0.00756646	0.202529
144	0.207735	0.011667	0.0290583	0.0199685	0.0370335	0.0381991	0.00920843	0.0383206	0.0312066	0.0663508	0.00830494	0.018349	0.0621073	0.0126192	0.0224129	0.162901	0.142596	0.0647236	0.00242982	0.0148086
145	0.283702	0.00736406	0.0405406	0.0197888	0.00836889	0.040317	0.00400287	0.0521882	0.0119086	0.0487735	0.00801708	0.00534819	0.0365672	0.00622051	0.0145814	0.0918998	0.213039	0.105232	0.00122342	0.000916759
146	0.0239405	0.00596781	0.0101441	0.0592778	0.00514961	0.0197553	0.0069045	0.0166099	0.433286	0.0192	0.0213484	0.088528	0.00717254	0.0286512	0.131886	0.0659674	0.0385766	0.0101318	0.00525327	0.00224967
147	0.0171748	0.00985837	0.0356796	0.0962619	0.00332682	0.0200218	0.0184036	0.0154009	0.344978	0.0258856	0.0199394	0.0874252	0.0121553	0.0839465	0.106293	0.0569702	0.0312771	0.00895275	0.00370439	0.00234521
148	0.0150846	0.00997889	0.0308165	0.0598827	0.00587049	0.378954	0.0103074	0.0413531	0.0182095	0.018406	0.0156984	0.0117185	0.00978213	0.0115241	0.141826	0.097347	0.0117397	0.0202184	0.0873894	0.00389275
149	0.0212353	0.00570132	0.00415487	0.047921	0.00160995	0.0188592	0.00879564	0.0136336	0.461652	0.0158377	0.0185138	0.0932959	0.00631428	0.0235211	0.146434	0.0647689	0.0370318	0.00512675	0.004999	0.000594287
150	0.249099	0.00832688	0.069971	0.0286523	0.0144612	0.0351419	0.0102875	0.0745122	0.0126101	0.043397	0.0134938	0.0178776	0.0237901	0.0104875	0.0151092	0.0804635	0.190409	0.0931875	0.00249552	0.00622737
151	0.0530234	0.0131516	0.0132155	0.0155881	0.219845	0.0113482	0.0353877	0.0381206	0.00633548	0.0871663	0.0173351	0.0274936	0.0282065	0.0104019	0.0072173	0.244169	0.0427844	0.00726723	0.005249	0.116695
152	0.0234765	0.00547063	0.0132974	0.065756	0.00296354	0.0220542	0.00628428	0.0149335	0.428837	0.0182057	0.0212653	0.0886653	0.00773222	0.0298706	0.130293	0.0680585	0.0375672	0.00913729	0.00529849	0.00083388
153	0.0567327	0.013573	0.0172854	0.01843	0.194586	0.012555	0.029702	0.0367558	0.0101604	0.0924638	0.0171156	0.0270851	0.0389685	0.0139709	0.0103234	0.246994	0.0472729	0.0113343	0.00498563	0.0997053
154	0.272229	0.00753805	0.041248	0.0191943	0.0117276	0.0299256	0.00448938	0.0737068	0.0113447	0.0423999	0.011369	0.00971718	0.0237052	0.00594215	0.0128515	0.0796422	0.239019	0.0998553	0.00170567	0.00238863
155	0.00601471	0.00771256	0.00791602	0.0104582	0.0717818	0.00629071	0.0107422	0.152209	0.0177931	0.371664	0.11452	0.0232995	0.00552343	0.0622384	0.0187604	0.0242088	0.0210783	0.0581354	0.00481098	0.00484253
156	0.073729	0.0136867	0.0197468	0.0247595	0.0318451	0.0175342	0.011333	0.112983	0.069407	0.101642	0.0953191	0.0441474	0.0126979	0.0209231	0.0358989	0.0705131	0.140304	0.0783366	0.0111364	0.0140572
157	0.0197464	0.00943479	0.00453378	0.0505089	0.0016591	0.025846	0.0169557	0.0146844	0.422001	0.016879	0.0187438	0.0858843	0.00792298	0.0426551	0.149496	0.064386	0.0357898	0.00523175	0.00696764	0.000673681
158	0.0041418	0.0665669	0.00623735	0.0564787	0.00289236	0.00827048	0.176352	0.00526728	0.10446	0.0302763	0.00866932	0.00850657	0.0249988	0.322794	0.138537	0.0192573	0.00739255	0.00349822	0.00400253	0.00140119
159	0.0394827	0.0130473	0.00777339	0.0129775	0.233509	0.00515407	0.0632612	0.0367564	0.00450226	0.066523	0.0227948	0.0257594	0.0041333	0.00703604	0.00635853	0.173541	0.0265566	0.0038021	0.00971335	0.237318
160	0.0405569	0.00981389	0.0185922	0.0219659	0.0521468	0.0219358	0.0139369	0.184855	0.0341337	0.144567	0.0744526	0.0398129	0.00849612	0.0225275	0.0266268	0.0627545	0.0591546	0.141619	0.00814192	0.0139092
161	0.0108928	0.0051426	0.00909219	0.00709975	0.0828162	0.00527995	0.00504773	0.171525	0.00574948	0.373593	0.108961	0.0192861	0.00495674	0.0297081	0.0104833	0.0270007	0.025196	0.0874066	0.00446002	0.00630316
162	0.0706358	0.0206873	0.0116701	0.00840473	0.0320412	0.0456234	0.0112094	0.0138391	0.020631	0.128351	0.00471315	0.0227339	0.211776	0.0268031	0.0253056	0.258106	0.0698174	0.0117406	0.00187228	0.00403876
163	0.0403592	0.0125471	0.00776998	0.0118779	0.239593	0.00547196	0.0570256	0.0381094	0.00467447	0.0696304	0.0221412	0.0251206	0.00453261	0.00690693	0.0064762	0.174311	0.0275105	0.00525166	0.00950942	0.23118
164	0.27327	0.00646865	0.0410225	0.0197445	0.00973297	0.0290827	0.00445197	0.0734425	0.0127897	0.0421893	0.0109832	0.0104751	0.02261	0.00571925	0.0131059	0.0802028	0.243215	0.0983259	0.00132846	0.00183965
165	0.0239233	0.00449387	0.00754643	0.0497276	0.0026319	0.0218606	0.00537644	0.0209715	0.42707	0.0188284	0.0203243	0.111739	0.00656832	0.0193324	0.133713	0.0727971	0.0411211	0.00508776	0.00491502	0.00197238
166	0.00813748	0.00368355	0.21418	0.318051	0.00640799	0.0488176	0.0213076	0.00907621	0.0669708	0.00948786	0.0142965	0.0605396	0.00332664	0.108413	0.0295415	0.0356707	0.00529958	0.0266405	0.00199394	0.00815737
167	0.0185946	0.0108953	0.0112268	0.0503173	0.00341512	0.0671487	0.016499	0.0213716	0.356189	0.0177041	0.0206473	0.0719373	0.00783892	0.0383676	0.15255	0.0660911	0.0300313	0.00741093	0.0295881	0.0021759
168	0.00833917	0.0037009	0.18474	0.337681	0.00729253	0.0454656	0.0174883	0.00798636	0.0827625	0.009669	0.0151775	0.0468529	0.00340176	0.116107	0.0334254	0.0363686	0.00478757	0.0296146	0.00231002	0.00682994
169	0.0203877	0.00542381	0.00659231	0.0525997	0.0016069	0.0233867	0.00668399	0.0133345	0.454022	0.0154731	0.0189979	0.0926466	0.00523903	0.0227958	0.146676	0.0657481	0.0364161	0.00557734	0.00578976	0.000602864
170	0.0274575	0.00818978	0.00992651	0.010174	0.0750384	0.0163291	0.0094334	0.128013	0.0185195	0.314908	0.0834398	0.0229046	0.0253822	0.03305	0.0193157	0.0641482	0.0363136	0.078466	0.00630068	0.0126901
171	0.0273063	0.00551585	0.0145223	0.055643	0.00379932	0.101931	0.00489641	0.0238394	0.304208	0.0207786	0.0203614	0.0724974	0.0164781	0.0170232	0.143098	0.100919	0.0415724	0.00869097	0.0155468	0.00137264
172	0.00734308	0.0246156	0.0824002	0.222652	0.0048048	0.025912	0.0639903	0.00627555	0.112617	0.0180159	0.0138933	0.0216376	0.0140361	0.226131	0.0877071	0.0317802	0.00808575	0.0216003	0.00379182	0.00271146
173	0.0733339	0.0341507	0.0148962	0.00928092	0.0321512	0.0403809	0.0129991	0.0123072	0.0175742	0.123581	0.00598417	0.0221938	0.207491	0.0343021	0.0236361	0.246841	0.0662308	0.0149521	0.0027613	0.00495187
174	0.0655409	0.0198648	0.0129175	0.00708755	0.0322287	0.0350913	0.0104579	0.019531	0.0155354	0.169418	0.00948795	0.0217398	0.206764	0.0325642	0.0204408	0.233866	0.0644315	0.0170308	0.00215182	0.00385047
175	0.0108399	0.0428417	0.0300239	0.148123	0.00452617	0.0125678	0.0745152	0.00735112	0.218267	0.0217413	0.0150251	0.0241461	0.0180704	0.209876	0.0959688	0.0330341	0.0145515	0.0126986	0.00424922	0.00158238
176	0.0995752	0.0109426	0.0189823	0.0176656	0.0485344	0.0192923	0.010565	0.117734	0.0169729	0.147018	0.0392395	0.0377541	0.0336162	0.0199693	0.0176185	0.133851	0.136892	0.0538773	0.00491524	0.0149849
177	0.0411628	0.013429	0.00777451	0.0120266	0.233317	0.00527159	0.0588005	0.0372453	0.00453049	0.0733541	0.0218463	0.024763	0.00459407	0.00640905	0.00559166	0.171966	0.0258303	0.00465121	0.0096789	0.237758
178	0.0225868	0.00341482	0.00912859	0.0503094	0.00210777	0.0195678	0.00257039	0.0160913	0.455234	0.0174291	0.0218477	0.104486	0.00579758	0.0162953	0.137282	0.0670538	0.0382224	0.00474024	0.00479716	0.00103762
179	0.080039	0.0138541	0.0108422	0.0112876	0.181331	0.0129143	0.0257945	0.0447772	0.00685673	0.12847	0.0221699	0.0217246	0.0353445	0.0110818	0.00909832	0.20281	0.0547623	0.0276627	0.00537296	0.0938069
180	0.0473583	0.00944368	0.015965	0.0170397	0.0526106	0.0187653	0.0150275	0.182165	0.0240487	0.153169	0.0784164	0.0298332	0.00886185	0.0156968	0.0204332	0.0584411	0.0689602	0.159243	0.00927213	0.0152482
181	0.00851193	0.00416999	0.158951	0.352009	0.00661503	0.0379548	0.0113084	0.00419841	0.105893	0.00746123	0.0161827	0.0262102	0.0038188	0.13849	0.0394071	0.0364449	0.00442742	0.0338013	0.00134391	0.00280056
182	0.0208337	0.00452673	0.00412222	0.0478183	0.00166344	0.0207725	0.00471926	0.0136424	0.466899	0.0157536	0.0185525	0.0948354	0.00546971	0.0196136	0.145715	0.0665378	0.038151	0.00465752	0.00508595	0.000630174
183	0.261518	0.00987378	0.0385702	0.0201353	0.0141152	0.0388385	0.00534437	0.0565868	0.0161514	0.0494024	0.0120362	0.00908798	0.0365676	0.00718754	0.019711	0.104674	0.181326	0.113514	0.00234978	0.00300979
184	0.00816367	0.00490279	0.170193	0.330804	0.00627733	0.039334	0.0179285	0.0058546	0.0921322	0.0102195	0.0156154	0.0376096	0.0050671	0.14167	0.0379741	0.0342427	0.00499841	0.0308157	0.00161779	0.00457923
185	0.02552	0.0193993	0.0284443	0.0540648	0.0283135	0.209543	0.0213795	0.0497148	0.0547017	0.046895	0.0286423	0.023984	0.0115032	0.0231394	0.0986571	0.0891712	0.024708	0.0241235	0.0998042	0.0382913
186	0.0148732	0.00637376	0.225502	0.129035	0.00988077	0.0344818	0.0424114	0.0368555	0.0237277	0.0288181	0.0269498	0.192469	0.0140572	0.0728714	0.0256987	0.0607326	0.0171045	0.0138587	0.00416061	0.020138
187	0.282946	0.00733884	0.0406327	0.0193761	0.0107538	0.0347148	0.00385118	0.05652	0.0158	0.0473641	0.00872405	0.00766956	0.0311228	0.00610596	0.0153462	0.0879891	0.220884	0.0986913	0.00135643	0.00281274
188	0.0443134	0.0116442	0.0161692	0.0187731	0.189506	0.0118867	0.0326986	0.0710009	0.0108841	0.126836	0.0399384	0.0242033	0.0166876	0.0171429	0.0114943	0.157425	0.0382942	0.0466798	0.00586014	0.108562
189	0.0532721	0.00712783	0.0146024	0.0166122	0.0381169	0.0186683	0.00841808	0.159305	0.0156749	0.105222	0.0781646	0.00877731	0.00985751	0.00919093	0.0137944	0.035705	0.0550101	0.345739	0.00447373	0.0022677
190	0.290414	0.00676043	0.0475277	0.0191349	0.00989399	0.0323012	0.00442065	0.0586422	0.0108353	0.0463192	0.0091672	0.00595378	0.0260563	0.00524837	0.0126762	0.081291	0.227241	0.103032	0.00115867	0.00192653
191	0.0393074	0.0183104	0.0493894	0.0687077	0.0315164	0.0343059	0.0302988	0.0293134	0.0490822	0.0896766	0.0174579	0.0448785	0.0814337	0.113295	0.043024	0.178235	0.0473901	0.0139611	0.00620489	0.0142116
192	0.0204349	0.00721428	0.0333682	0.0689127	0.00442232	0.330753	0.0117833	0.0334886	0.0621005	0.0191669	0.013635	0.0206612	0.0133407	0.01904	0.158924	0.0943672	0.0152376	0.0203587	0.0509042	0.00188658
193	0.0329652	0.0144934	0.00904425	0.0135343	0.144706	0.008853	0.0462208	0.0603563	0.00703839	0.185601	0.0411163	0.0277044	0.0104406	0.019269	0.00990067	0.120666	0.0288013	0.0210483	0.0175209	0.18072
194	0.0729143	0.0209556	0.0140228	0.00978331	0.033551	0.0477235	0.0130834	0.0139615	0.0164904	0.124537	0.00446008	0.0235263	0.201906	0.0294709	0.0260828	0.259372	0.0679788	0.0135949	0.00294074	0.00364401
195	0.00931846	0.0380749	0.0348985	0.147488	0.00410142	0.0119579	0.0929112	0.00759665	0.145935	0.0238191	0.0128053	0.0156471	0.0343337	0.26771	0.0900249	0.0288504	0.0153925	0.0136242	0.00349539	0.00201526
196	0.010058	0.00568827	0.222588	0.158431	0.00846777	0.0333235	0.0378232	0.0267173	0.0287214	0.0276531	0.0228741	0.171106	0.0134291	0.106828	0.026411	0.0538479	0.0137622	0.0132005	0.00274617	0.0163232
