202	20
1	0.0435943	0.00182633	0.00129525	0.0694915	0.00219212	0.0199441	0.0226374	0.0117992	0.0808892	0.00377707	0.00264112	0.0114918	0.00101286	0.150146	0.0869732	0.108965	0.33739	0.0121759	0.000572884	0.0311843
2	0.0206991	0.0994897	0.00427521	0.00613532	0.290209	0.0378608	0.0119752	0.0802388	0.00541441	0.0518428	0.0557477	0.00897304	0.0338606	0.00900711	0.00728348	0.162198	0.0181949	0.0814631	0.00351604	0.0116158
3	0.00681955	0.0522341	0.00206507	0.00240185	0.165264	0.00277704	0.128483	0.0720297	0.00177933	0.212939	0.017225	0.0266273	0.0128391	0.0027881	0.00362406	0.0163534	0.00531671	0.0215803	0.030954	0.2159
4	0.0283825	0.0030561	0.00298948	0.00328798	0.00148037	0.914635	0.00184576	0.00118557	0.00401476	0.00146527	0.000854139	0.00285968	0.00132451	0.00129986	0.00254698	0.0244014	0.0011498	0.00155377	0.000271826	0.00139541
5	0.382416	0.00171853	0.00130675	0.00280553	0.00274878	0.514736	0.000808207	0.00138132	0.00137291	0.0131418	0.00123141	0.00397279	0.0049254	0.00108163	0.00118324	0.0384179	0.00141873	0.022445	0.000355217	0.00253344
6	0.60216	0.0150622	0.0518434	0.00271723	0.00322052	0.00248464	0.00220667	0.0181051	0.00232405	0.00560191	0.00340158	0.0172431	0.00149372	0.00299278	0.00329092	0.0697413	0.136656	0.0563558	0.000866257	0.00223269
7	0.0158498	0.0065117	0.000817461	0.00162911	0.0136623	0.00238432	0.00192099	0.262093	0.00115107	0.115924	0.0333597	0.00636159	0.00159442	0.00162719	0.00409367	0.00482675	0.0108703	0.504901	0.00104029	0.00938142
8	0.11557	0.0135368	0.0039306	0.00356804	0.0164421	0.00733914	0.00975514	0.0151132	0.00296228	0.0263349	0.00659595	0.017893	0.00239096	0.00757416	0.00710085	0.209134	0.508124	0.0230155	0.00125566	0.00236418
9	0.0287769	0.00280795	0.00325146	0.00339439	0.00179894	0.908851	0.00207306	0.00142049	0.00419053	0.002257	0.00139021	0.00309793	0.00188091	0.00156235	0.00287243	0.025268	0.00172843	0.0019498	0.000230132	0.00119766
10	0.138398	0.0186263	0.00707844	0.00529705	0.0396844	0.0182912	0.0112136	0.0167158	0.00397908	0.02194	0.0115744	0.0154308	0.00242947	0.00781828	0.011259	0.461328	0.176718	0.0217511	0.00216136	0.00830587
11	0.0833178	0.0841109	0.00391057	0.00573752	0.025817	0.0048086	0.0240713	0.0109652	0.124343	0.0297605	0.0679025	0.0552329	0.00451585	0.0455792	0.22101	0.174272	0.0134173	0.0134836	0.00142649	0.00631804
12	0.0489493	0.0037631	0.00268539	0.00363254	0.324617	0.00411938	0.346222	0.0428401	0.00311909	0.00723689	0.0229402	0.00440702	0.00223962	0.00411767	0.0043212	0.00656362	0.0829527	0.00749561	0.00165512	0.0761225
13	0.0205459	0.0177314	0.00173942	0.0155852	0.0609055	0.00339639	0.0045839	0.102628	0.00306525	0.450411	0.0714916	0.0028412	0.00281407	0.0185888	0.0660329	0.0074331	0.00873699	0.0914663	0.00101031	0.0489928
14	0.00738103	0.00299903	0.00025231	0.000359642	0.047396	0.00037891	0.000944627	0.275404	0.00029463	0.418213	0.0313465	0.000640274	0.0010196	0.00100844	0.000427786	0.00131493	0.00328957	0.19682	0.000943633	0.00956708
15	0.0104773	0.00470026	0.000271038	0.000416745	0.0550555	0.00043196	0.00217244	0.367675	0.000298213	0.260088	0.0152233	0.00126915	0.000228561	0.00215293	0.000496228	0.00136114	0.00534212	0.247816	0.00219597	0.0223276
16	0.0308479	0.00250711	0.000909922	0.00324283	0.0108051	0.00994105	0.00310066	0.0649304	0.00295613	0.651224	0.155504	0.00128122	0.00334157	0.00632919	0.00274197	0.00887213	0.012503	0.0219488	0.0012556	0.00575723
17	0.00252845	0.000527432	0.000293997	0.00156912	0.00566706	0.000414657	0.000627579	0.547537	0.000280641	0.204227	0.0127255	0.000594723	0.000207618	0.000710118	0.000492754	0.000732667	0.00544463	0.213644	0.000170444	0.0016047
18	0.029148	0.00381095	0.736212	0.124131	0.0011344	0.0135293	0.00440121	0.00148981	0.00782766	0.0031394	0.00144739	0.022994	0.00152021	0.0188643	0.00997385	0.011508	0.00399669	0.00345275	0.000362614	0.00105651
19	0.228478	0.121727	0.0167153	0.0145222	0.0953897	0.0174956	0.0242767	0.0346861	0.00628749	0.0447275	0.0246861	0.0117869	0.00351317	0.0155385	0.0100349	0.0597005	0.0351649	0.0792343	0.00671565	0.14932
20	0.026622	0.0028306	0.00442379	0.00338947	0.00152691	0.908962	0.00284207	0.00107893	0.00383272	0.00179855	0.00186325	0.00529887	0.0017029	0.00170921	0.00276071	0.0231865	0.00206954	0.00198589	0.0010893	0.00102712
21	0.0353421	0.0018189	0.00119203	0.00173893	0.00247615	0.00605719	0.00168199	0.0287794	0.00153719	0.62349	0.235464	0.00180857	0.00128087	0.0108316	0.00203394	0.0118838	0.0117762	0.00937612	0.00136519	0.0100652
22	0.013708	0.0101862	0.0184007	0.0320484	0.340358	0.00316753	0.0403654	0.0479329	0.00286832	0.0149732	0.0110596	0.00367855	0.0169684	0.00472021	0.0219106	0.00560589	0.00729959	0.0465283	0.00396675	0.354254
23	0.0552343	0.0176782	0.0704469	0.0215189	0.166841	0.0144272	0.0275996	0.0303707	0.00924222	0.038468	0.0217259	0.0151301	0.00655968	0.201936	0.018223	0.0292607	0.0273037	0.0970952	0.00653081	0.124407
24	0.00228624	0.000399206	0.000284463	0.00156494	0.00516791	0.000414487	0.000609852	0.557184	0.000282481	0.205256	0.0126808	0.000596448	0.000207791	0.000689009	0.00047956	0.000681335	0.00544649	0.204476	0.000133777	0.00115871
25	0.0829721	0.000702389	0.42005	0.234283	0.000828515	0.0310692	0.0169768	0.00104945	0.0267263	0.00483222	0.00110538	0.0610454	0.000349371	0.0290492	0.0315999	0.0384945	0.0119288	0.00460918	0.00169987	0.000628916
26	0.399884	0.0502334	0.0142655	0.00307791	0.0881635	0.0244572	0.0163194	0.0278863	0.00188859	0.0406271	0.0276185	0.0135564	0.00140434	0.0163198	0.00306291	0.0282319	0.0399746	0.0353007	0.0115913	0.156137
27	0.0121005	0.00334847	0.000374346	0.000566692	0.0103254	0.000634035	0.000566376	0.211028	0.00053902	0.171823	0.0315444	0.0030919	0.000310747	0.000823368	0.00202512	0.00198943	0.00710338	0.536157	0.000247206	0.0054015
28	0.0104313	0.0049592	0.000250724	0.000397148	0.0547315	0.000398899	0.00197368	0.359569	0.000271091	0.264524	0.0156387	0.00110316	0.000202205	0.00193585	0.000481413	0.00140131	0.00493792	0.25445	0.00196871	0.0203737
29	0.00816053	0.00267588	0.000257692	0.00082605	0.0218715	0.000668517	0.00100556	0.392878	0.00028918	0.253225	0.0204656	0.000728652	0.000198469	0.000971149	0.000478861	0.00128999	0.00531489	0.2796	0.000661572	0.00843325
30	0.00664554	0.00792902	0.0059382	0.00151178	0.00432504	0.0357645	0.00470075	0.00236368	0.00141183	0.00358062	0.00199099	0.00293245	0.000737564	0.00328668	0.00194393	0.668088	0.24176	0.0031204	0.000713264	0.0012553
31	0.024404	0.00490654	0.00394344	0.00596637	0.0137199	0.00589704	0.826252	0.00943584	0.00576888	0.0121696	0.00813095	0.00608709	0.00321185	0.00759509	0.00903412	0.00942494	0.0113023	0.010277	0.00228213	0.0201911
32	0.560892	0.00152019	0.00109228	0.0042895	0.00416014	0.273578	0.00141281	0.00204867	0.00130152	0.0198791	0.0022112	0.0068315	0.00773632	0.00157403	0.0017862	0.0643868	0.00246471	0.0386339	0.000593292	0.00360758
33	0.0235443	0.00456642	0.00435229	0.00609197	0.0116206	0.00712673	0.836871	0.00882733	0.00599057	0.0122067	0.0065607	0.00527629	0.00240631	0.00592572	0.00856267	0.00849456	0.00954994	0.0100306	0.00196786	0.0200271
34	0.0172365	0.00361812	0.00101633	0.00182355	0.0346858	0.00201295	0.00310386	0.438003	0.00148879	0.234442	0.0386246	0.00841923	0.00123223	0.00330155	0.00253705	0.00362527	0.0213021	0.163007	0.00145772	0.0190623
35	0.00644645	0.00685173	0.918405	0.0133141	0.00150961	0.00384729	0.00170443	0.00218285	0.00177765	0.00267442	0.00183607	0.0157598	0.000605584	0.00962655	0.00247021	0.0037339	0.00257041	0.00300898	0.000471453	0.00120346
36	0.0228891	0.00433651	0.0043304	0.00549985	0.0137332	0.00828069	0.832154	0.0083657	0.00521729	0.0108671	0.0067719	0.00702245	0.00283847	0.00610816	0.00935677	0.0097998	0.010204	0.0095088	0.00214341	0.0205721
37	0.077213	0.350388	0.002527	0.00338277	0.00398675	0.00695832	0.00392245	0.0437311	0.00300721	0.0310252	0.00954493	0.00360542	0.00345223	0.00364457	0.00369884	0.183733	0.145637	0.115694	0.00108127	0.0037674
38	0.0391932	0.00276063	0.00293002	0.0036415	0.00169153	0.899428	0.00222853	0.00142192	0.00345869	0.00190972	0.00135067	0.0029774	0.00273611	0.00127815	0.00155963	0.0252368	0.00228545	0.00223087	0.000176975	0.00150451
39	0.0895049	0.00649991	0.00166113	0.0175446	0.0296355	0.00861209	0.0023036	0.00767021	0.0929153	0.270742	0.0538424	0.0613254	0.0152379	0.0394574	0.20276	0.00761903	0.0107576	0.0338005	0.0141085	0.0340021
40	0.00437255	0.000675534	0.000347041	0.000494182	0.0108751	0.000545436	0.000426037	0.259007	0.000347116	0.583055	0.050107	0.000590348	0.000824094	0.00158385	0.000623085	0.00147904	0.00444812	0.0794301	0.00018854	0.00058027
41	0.0962312	0.00700372	0.00951955	0.024063	0.0119157	0.0258645	0.0104811	0.0201293	0.0167179	0.0728884	0.0158613	0.0116282	0.568452	0.0159282	0.021175	0.0197634	0.0179492	0.02296	0.00289214	0.00857548
42	0.0731941	0.0128365	0.00108703	0.0211405	0.0163524	0.0109584	0.0016421	0.00923017	0.143268	0.255583	0.0393824	0.0280214	0.0104949	0.0401698	0.19664	0.00600411	0.0193491	0.0764114	0.00368433	0.0345506
43	0.00650011	0.00162389	0.000491774	0.00158883	0.0825722	0.00220407	0.00147581	0.167017	0.00159995	0.59149	0.0703131	0.000990178	0.0042236	0.00126498	0.00187963	0.00276324	0.00688446	0.0534706	0.000251219	0.00139598
44	0.0589879	0.041899	0.00126347	0.0017073	0.0191602	0.0106545	0.0102844	0.0506572	0.00149381	0.0130105	0.0309329	0.001819	0.011605	0.00232334	0.00238629	0.0144848	0.0600606	0.586027	0.00969738	0.0715453
45	0.0781256	0.00212635	0.116738	0.202614	0.000823579	0.02279	0.0289596	0.000807859	0.122272	0.0252121	0.0058435	0.0510461	0.00204002	0.140002	0.107179	0.0503793	0.0304346	0.00546144	0.00569021	0.00145451
46	0.0257297	0.00288749	0.0294579	0.0067545	0.00149466	0.82887	0.0143942	0.00203138	0.00315943	0.00303732	0.0019544	0.0329012	0.00217836	0.00747612	0.00350089	0.0236338	0.00568619	0.00264263	0.000599826	0.00161007
47	0.00318416	0.008352	0.000875151	0.00154937	0.311494	0.000765574	0.0458893	0.0226554	0.00063851	0.0440005	0.00864056	0.000812966	0.000917598	0.000922227	0.00202854	0.00130382	0.00709398	0.0170177	0.0290336	0.492825
48	0.0644794	0.0111969	0.0163619	0.0363637	0.00128971	0.0173057	0.0255713	0.00556656	0.260561	0.00971079	0.00147013	0.122864	0.000613649	0.0367734	0.321907	0.0315338	0.0285692	0.00254907	0.000462615	0.00485002
49	0.0217938	0.018042	0.00346282	0.0196834	0.00226032	0.401386	0.0661176	0.00373898	0.106663	0.0118316	0.0029857	0.0580845	0.0154295	0.0390201	0.200935	0.0143489	0.00647986	0.00478073	0.000616328	0.00233912
50	0.0183878	0.000923628	0.0442221	0.0537449	0.0173876	0.000933071	0.0199728	0.00788678	0.166107	0.00484473	0.00182863	0.0197613	0.386455	0.061458	0.106268	0.0146845	0.0539515	0.0199368	0.000336207	0.000909685
51	0.00525816	0.000425577	0.000308309	0.000934693	0.00229861	0.00294264	0.000509073	0.565309	0.000343311	0.0259599	0.0189437	0.000538907	0.000214803	0.000523158	0.000554155	0.000861557	0.00420996	0.367399	0.000185499	0.00228007
52	0.00165014	0.0138581	0.000614748	0.00078318	0.228052	0.000803375	0.0707752	0.0338104	0.000543621	0.0689239	0.00702833	0.00247357	0.00136126	0.000785817	0.000855091	0.00203113	0.00777906	0.0231175	0.0318416	0.502912
53	0.262225	0.326893	0.00146379	0.00216649	0.00227774	0.0416846	0.00219101	0.00993096	0.00149142	0.0211952	0.0370187	0.00213119	0.00112813	0.00252606	0.00199761	0.100228	0.167918	0.0135275	0.000584526	0.00142108
54	0.0237238	0.0059446	0.00557451	0.00696161	0.00787665	0.0353215	0.110747	0.0108872	0.00731401	0.0145837	0.00832674	0.00880417	0.00245819	0.050796	0.0112107	0.251083	0.418026	0.0131202	0.00175531	0.00548422
55	0.137503	0.000929694	0.0603688	0.123452	0.014473	0.0129244	0.0186279	0.00785614	0.0577095	0.0257846	0.00589887	0.0189167	0.236604	0.0529664	0.0946932	0.0809752	0.0147213	0.019719	0.00042531	0.0154519
56	0.234652	0.00430905	0.00326439	0.025883	0.00515035	0.1923	0.00452465	0.0502538	0.0035228	0.0110684	0.00603225	0.00613519	0.344599	0.00515576	0.00580936	0.0103313	0.0281927	0.0534283	0.00159981	0.00378781
57	0.0597585	0.00529516	0.00875606	0.00738375	0.0167452	0.0106922	0.0107644	0.0125451	0.00341842	0.0244478	0.00540861	0.0349449	0.00180691	0.00942957	0.00648599	0.253885	0.509269	0.0157553	0.00106482	0.00214411
58	0.207943	0.0539882	0.00127251	0.0172994	0.0306086	0.0178097	0.0122389	0.0864313	0.0627417	0.0908413	0.0335275	0.0224832	0.000941918	0.0198004	0.160972	0.0303086	0.0234105	0.102187	0.000566451	0.0246291
59	0.0762832	0.000563897	0.441117	0.246857	0.000728478	0.0303677	0.0124956	0.000980799	0.0238213	0.00425832	0.00094923	0.0606594	0.000317576	0.0262811	0.0278632	0.0339014	0.00741649	0.00426346	0.000291561	0.00058284
60	0.0051124	0.0010851	0.000304873	0.000533092	0.0115528	0.000552864	0.00042616	0.294555	0.000371137	0.518297	0.0500046	0.000614616	0.000673286	0.00154936	0.000616783	0.00154833	0.00482948	0.10577	0.000226305	0.00137715
61	0.317279	0.160365	0.00186382	0.00237473	0.00247886	0.0173868	0.00221536	0.0398952	0.00213217	0.13431	0.0319352	0.00275363	0.00163089	0.0037297	0.00272467	0.068842	0.108903	0.0961752	0.000817056	0.00218823
62	0.00951981	0.00410343	0.000276114	0.000658398	0.0484994	0.00050115	0.00279523	0.384209	0.000298739	0.244564	0.0140428	0.00141539	0.000240199	0.00278741	0.00052566	0.00134541	0.00675289	0.253149	0.00196741	0.0223487
63	0.00668329	0.0230485	0.000643885	0.0016015	0.00613092	0.00164694	0.00159937	0.261038	0.00143732	0.369763	0.195621	0.00118848	0.000684776	0.00272986	0.00172343	0.0185926	0.0223715	0.082141	0.000319388	0.00103543
64	0.0359123	0.0124529	0.00816046	0.0131531	0.0242754	0.0174334	0.0138474	0.0230858	0.012535	0.245693	0.156572	0.0174102	0.00774136	0.0162554	0.015921	0.0246673	0.0219474	0.0303336	0.2868	0.0158025
65	0.0857983	0.00407168	0.00102146	0.0388796	0.0160961	0.0135564	0.00148929	0.010806	0.115746	0.252585	0.0649651	0.0297396	0.0646338	0.0597738	0.15676	0.0113499	0.00945935	0.0387879	0.00316401	0.0213167
66	0.00526902	0.00705532	0.925385	0.0111698	0.00142964	0.00236392	0.00150523	0.00220599	0.00162909	0.00261186	0.00171523	0.0158131	0.000582965	0.00915649	0.00219501	0.00312756	0.00220035	0.00288157	0.00047899	0.00122406
67	0.330105	0.0255779	0.00128749	0.00308608	0.00263917	0.00919729	0.00122176	0.00404052	0.00111755	0.00261037	0.00540178	0.0114555	0.000510515	0.00136719	0.00719647	0.520029	0.0491289	0.0223275	0.000433414	0.00126679
68	0.590461	0.00141705	0.0011512	0.00386406	0.00352491	0.248231	0.00131515	0.00221191	0.00116719	0.0239085	0.00194405	0.00574103	0.00691167	0.00187424	0.00171182	0.057333	0.00232304	0.0412773	0.000527598	0.00310377
69	0.00924407	0.00594779	0.0170384	0.0174131	0.0562252	0.0510272	0.261192	0.00361062	0.093498	0.00485369	0.0149965	0.0453151	0.00138859	0.0372521	0.186068	0.0505612	0.0185295	0.0270836	0.0124932	0.0862612
70	0.00253533	0.000424822	0.000302682	0.0013118	0.00526278	0.000470385	0.000538424	0.574628	0.000273685	0.201402	0.0170695	0.000717386	0.000238692	0.000673293	0.000457461	0.000673653	0.00497628	0.186705	0.000150274	0.00118763
71	0.0512765	0.00226136	0.00240331	0.0215071	0.0152997	0.0277849	0.0755577	0.00404234	0.0023024	0.0423536	0.0293644	0.0268395	0.00132877	0.651273	0.00327834	0.0170544	0.00464108	0.00546324	0.00085155	0.0151168
72	0.127937	0.00276064	0.00924546	0.279012	0.0037741	0.0343765	0.00615081	0.0126682	0.0646658	0.0678675	0.0458739	0.0226295	0.0634212	0.0877596	0.0710425	0.0191583	0.0331243	0.0432884	0.000828735	0.00441619
73	0.0315573	0.00969134	0.0605893	0.136069	0.0209197	0.00508811	0.0282265	0.0136817	0.119823	0.0196861	0.0280379	0.0730051	0.00136149	0.129085	0.0811052	0.129284	0.0411146	0.00468556	0.00118599	0.0658031
74	0.0763248	0.000555443	0.44068	0.24729	0.000728043	0.0302995	0.0125016	0.000980267	0.023845	0.00425595	0.000951626	0.0606312	0.000317574	0.0263266	0.0278759	0.033844	0.00739947	0.00431475	0.000291557	0.000586365
75	0.256088	0.0114052	0.0019036	0.00519713	0.0472212	0.00553628	0.0235159	0.100874	0.0228777	0.0842451	0.0128031	0.0438037	0.00134438	0.0182102	0.038595	0.0412596	0.0579664	0.18667	0.00287106	0.0376125
76	0.0855524	0.00168512	0.141078	0.398628	0.00109839	0.0096642	0.0153179	0.00139781	0.074121	0.0136778	0.0083405	0.0318869	0.000963179	0.0812654	0.0774811	0.019715	0.0169646	0.0139435	0.00174853	0.00547113
77	0.0257001	0.00251737	0.108775	0.143285	0.0203178	0.00397438	0.0242098	0.00519762	0.00385294	0.0227253	0.00463082	0.231804	0.153418	0.0196557	0.111016	0.0534645	0.0218595	0.0225398	0.00144436	0.0196109
78	0.407175	0.0184679	0.0131467	0.00465155	0.00466097	0.00852206	0.00424011	0.0210237	0.00437312	0.00861791	0.00871821	0.0360306	0.00311356	0.00388849	0.00792953	0.333005	0.0678387	0.0398511	0.00112254	0.00362233
79	0.246454	0.00318325	0.00218406	0.00857918	0.00273905	0.557622	0.00187414	0.0106995	0.00218659	0.00806219	0.00209	0.0053935	0.0738322	0.00219556	0.00213087	0.0363528	0.00721536	0.0246267	0.000450087	0.00212914
80	0.0219655	0.00516868	0.00351705	0.00473802	0.0140768	0.00827036	0.837033	0.00799126	0.00472059	0.0125437	0.00734883	0.00551814	0.00272962	0.00505562	0.00806744	0.00871079	0.00990351	0.00970333	0.00212183	0.0208162
81	0.00691664	0.0212705	0.000793458	0.00123027	0.00651331	0.00151137	0.00149525	0.352069	0.00105481	0.291646	0.190547	0.00163553	0.000780364	0.00257093	0.00191022	0.0162108	0.0190268	0.0802106	0.000376732	0.00223056
82	0.0244187	0.00426278	0.0014779	0.00463786	0.0437109	0.00545247	0.00510243	0.149494	0.00536498	0.546715	0.0748164	0.00240109	0.0375926	0.00386487	0.00807948	0.00749015	0.0122781	0.056864	0.000813104	0.00516362
83	0.0525243	0.0120648	0.00253802	0.00399874	0.00278301	0.849694	0.00310808	0.00295881	0.00432036	0.00731416	0.00486317	0.0033445	0.00256059	0.00231661	0.00363181	0.0288339	0.00547086	0.00454573	0.000549691	0.00257882
84	0.362795	0.0224152	0.00121147	0.00323929	0.00243374	0.00791667	0.00115253	0.00360892	0.000972202	0.00232503	0.00573014	0.00982942	0.000545864	0.00130917	0.00589322	0.495329	0.048391	0.0233688	0.00040219	0.00113153
85	0.565266	0.021868	0.00086061	0.00600679	0.00122904	0.00850303	0.00100625	0.00391771	0.00078057	0.00215351	0.0117912	0.00561191	0.000748496	0.00106284	0.00311579	0.308644	0.0384859	0.0175806	0.000338588	0.0010294
86	0.0387997	0.0294437	0.0017205	0.00199396	0.109645	0.0148288	0.0481136	0.0868341	0.00216796	0.0838747	0.137905	0.0244929	0.00272105	0.0137813	0.00347159	0.214422	0.0516448	0.0850698	0.0118767	0.0371918
87	0.0086582	0.00112977	0.000867951	0.00660736	0.006529	0.00640315	0.0304595	0.00704523	0.285297	0.0179101	0.00119122	0.0330444	0.000652394	0.0187304	0.380301	0.0519542	0.113748	0.0232147	0.0053836	0.000872696
88	0.00921874	0.00345598	0.000228526	0.000539213	0.0392375	0.000353789	0.0012351	0.400737	0.000250215	0.267975	0.0156994	0.000793634	0.000170473	0.00125017	0.000364911	0.00110311	0.0043632	0.238775	0.00126636	0.0129826
89	0.135003	0.0360284	0.00136908	0.00191416	0.0144786	0.0368798	0.0229592	0.096976	0.00208897	0.180849	0.00325863	0.00282835	0.00148376	0.00275676	0.00308844	0.00902663	0.0412302	0.404644	0.0008623	0.00227503
90	0.0316275	0.0490151	0.00297633	0.00472407	0.573753	0.00291877	0.00595421	0.0225496	0.00185741	0.0215273	0.0226653	0.00227445	0.0030851	0.00277796	0.00829921	0.00687266	0.00493103	0.018826	0.0022849	0.21108
91	0.00940145	0.00720671	0.00546179	0.00153274	0.00453969	0.0321157	0.0034834	0.00295294	0.00140166	0.00492053	0.00184193	0.00390995	0.000719241	0.00279029	0.00199832	0.629838	0.280271	0.00367913	0.000700986	0.00123418
92	0.0344826	0.00302187	0.00304839	0.0037644	0.00174112	0.903868	0.0012292	0.00208118	0.00347339	0.00192026	0.00181407	0.00275019	0.00188282	0.00130763	0.00152087	0.0263039	0.00161085	0.00239458	0.000237783	0.00154679
93	0.00875247	0.0063902	0.906726	0.0175463	0.00225217	0.00367161	0.00223403	0.00227051	0.00250463	0.00325465	0.00196292	0.0152125	0.000848201	0.0102809	0.00431595	0.00379785	0.0023896	0.00352766	0.000655697	0.00140574
94	0.00267099	0.000432718	0.000291805	0.00116041	0.00498836	0.000620076	0.000462954	0.568728	0.000288078	0.20123	0.0155831	0.000678862	0.000226097	0.000563324	0.000489275	0.00069185	0.00441106	0.195416	0.000133194	0.000934744
95	0.0262545	0.00287506	0.00334594	0.0033	0.00136237	0.913375	0.00308169	0.00103928	0.00445796	0.00146912	0.000941162	0.00383487	0.00168522	0.00176404	0.00447243	0.0229338	0.00116824	0.00138343	0.000176018	0.00108025
96	0.0368761	0.00434332	0.0034625	0.00563282	0.00539895	0.0275485	0.0270691	0.0073398	0.0257033	0.00997367	0.0304065	0.054451	0.100992	0.0867282	0.455631	0.030632	0.029795	0.00852573	0.0020945	0.0473966
97	0.0134941	0.00627356	0.804805	0.0312111	0.00280045	0.00481425	0.00456819	0.00260823	0.0142928	0.00619806	0.00298671	0.0254327	0.00363002	0.0335579	0.0134822	0.0133391	0.00791408	0.00475027	0.000937846	0.00290386
98	0.0711086	0.0108057	0.0118148	0.0103236	0.0915999	0.00244342	0.0488578	0.112228	0.00322032	0.0976495	0.030734	0.0168918	0.00103243	0.00963013	0.0131828	0.0367034	0.0466176	0.159868	0.00999935	0.215289
99	0.013743	0.00489713	0.000219475	0.000401841	0.0235969	0.000410361	0.000815384	0.268076	0.000335066	0.268076	0.0262982	0.000711299	0.000221732	0.000905397	0.00048747	0.00193496	0.00577357	0.371517	0.000657548	0.0109214
100	0.0105638	0.00512854	0.000251168	0.000373688	0.0516691	0.000404519	0.00170305	0.343728	0.000249632	0.266636	0.0175088	0.000946403	0.000197323	0.00172578	0.000467885	0.00145578	0.00476571	0.271671	0.00169511	0.0188591
101	0.00539951	0.0500029	0.000989404	0.00130047	0.00378987	0.0016116	0.00151588	0.260471	0.00126337	0.25493	0.251365	0.00164627	0.000759174	0.00270904	0.00186688	0.0282197	0.0293155	0.100938	0.000503697	0.00140227
102	0.0726375	0.0033636	0.184318	0.476983	0.00368549	0.0375869	0.00634827	0.00712542	0.0184943	0.0130433	0.00936791	0.0128279	0.0104147	0.0641826	0.025695	0.0180549	0.0158532	0.0148332	0.00126654	0.00391863
103	0.0070312	0.00963934	0.00600969	0.00151971	0.00385439	0.0408123	0.00354476	0.00264975	0.00143456	0.00348928	0.00216936	0.00247751	0.000772866	0.00305382	0.00205347	0.689726	0.214409	0.00331786	0.000690811	0.00134467
104	0.0671217	0.00714004	0.00517276	0.00632466	0.0180761	0.0121185	0.013503	0.0161844	0.00617538	0.0287713	0.00828654	0.0172454	0.0037513	0.0119821	0.0121936	0.157223	0.57765	0.0232757	0.00233361	0.00547095
105	0.0128503	0.0161833	0.00118833	0.0181716	0.00191575	0.475657	0.0776411	0.00244418	0.0772123	0.0115097	0.0026056	0.0377817	0.0192271	0.0426217	0.183528	0.0113688	0.00273113	0.00329604	0.000683385	0.00138299
106	0.0281429	0.00276348	0.00201073	0.00335209	0.00144059	0.922202	0.000592021	0.00102371	0.00334853	0.00119124	0.000910088	0.00143581	0.00120853	0.000577214	0.00076039	0.0254753	0.000913861	0.0012412	0.000194742	0.00121526
107	0.0789433	0.0287085	0.003303	0.00422861	0.00707078	0.00401818	0.00669515	0.0451819	0.218906	0.0108936	0.010046	0.092693	0.0216839	0.0289941	0.144427	0.167273	0.0675672	0.0543415	0.00146014	0.00356404
108	0.0156967	0.00560812	0.000233442	0.000413387	0.0240688	0.000687857	0.000914847	0.270215	0.00035974	0.258193	0.027791	0.000818663	0.000271006	0.00087803	0.000517874	0.00203236	0.00657786	0.373164	0.000653771	0.0109043
109	0.0128042	0.0048925	0.000217437	0.000361517	0.0321475	0.000382345	0.000910552	0.290745	0.000250707	0.268048	0.0252272	0.000633607	0.000179166	0.00094513	0.000409256	0.00189975	0.00527171	0.341609	0.000847768	0.012218
110	0.00537885	0.00049366	0.000300642	0.000932864	0.00242995	0.00282604	0.000509052	0.560796	0.000343886	0.0313097	0.0194657	0.000525582	0.000214429	0.000537311	0.000536974	0.000914861	0.00420757	0.36573	0.000189398	0.0023583
111	0.0485986	0.00509262	0.0134833	0.021325	0.0107243	0.0218234	0.0106497	0.0139174	0.0394642	0.0340419	0.00966659	0.0109498	0.639891	0.0206085	0.0332271	0.015734	0.0243121	0.0190745	0.00221734	0.0051983
112	0.421867	0.0206001	0.00136417	0.00361586	0.00176273	0.00685216	0.000909976	0.00373519	0.000844955	0.00208147	0.00647539	0.00793666	0.000545423	0.0012449	0.00426828	0.421451	0.0602965	0.032765	0.000372265	0.00101156
113	0.0510237	0.0308536	0.00451598	0.00498962	0.547026	0.00517491	0.0213067	0.0265786	0.00341782	0.0226057	0.0200632	0.00364679	0.00349046	0.00422301	0.010581	0.00836592	0.0105537	0.0225848	0.00290574	0.196093
114	0.428899	0.0194995	0.00335404	0.00348559	0.00182709	0.0064729	0.00108603	0.00463572	0.000992982	0.00235945	0.0060791	0.00871316	0.00059493	0.0012829	0.0041361	0.403283	0.0666655	0.0352487	0.000356157	0.00102859
115	0.0140823	0.00462467	0.000258065	0.000430041	0.0221671	0.000419618	0.000813619	0.287676	0.000379951	0.243463	0.0315406	0.0011042	0.00020503	0.000954445	0.000618627	0.00199727	0.00648244	0.371219	0.000619634	0.0109451
116	0.0682348	0.000969862	0.248864	0.505962	0.00143484	0.0538544	0.00164793	0.00202043	0.00195742	0.0026324	0.00176531	0.00328763	0.00546549	0.0708496	0.00750874	0.0079357	0.00681406	0.0071941	0.000491051	0.00110998
117	0.0550907	0.0102211	0.0123857	0.0162253	0.0146337	0.0317844	0.0203143	0.01312	0.0562557	0.0302003	0.0189081	0.0291744	0.0296359	0.0357483	0.52817	0.0270489	0.0259996	0.0218462	0.00561551	0.0176219
118	0.114451	0.00507694	0.00438889	0.00237382	0.0154971	0.00501339	0.008357	0.0215583	0.00164411	0.0322185	0.00552308	0.0137099	0.00122121	0.00552545	0.00759945	0.140864	0.584885	0.0273483	0.000796124	0.00194844
119	0.056636	0.00450888	0.0375712	0.101676	0.0148783	0.0252207	0.0486894	0.00837633	0.0248238	0.0346273	0.0194005	0.0276017	0.00720831	0.488265	0.0241385	0.028569	0.0182723	0.0121467	0.00247334	0.0149166
120	0.113628	0.0136938	0.135316	0.286222	0.00252673	0.0189109	0.00591323	0.00389771	0.0184941	0.0487494	0.0325498	0.0281847	0.00305064	0.0918442	0.0445508	0.0362439	0.0804473	0.0319135	0.00124529	0.00261747
121	0.00453368	0.000736532	0.000340399	0.000527264	0.0112733	0.000602147	0.000410112	0.257313	0.000398412	0.577894	0.0561504	0.000607664	0.0008038	0.00168651	0.000670124	0.00180023	0.00486559	0.0787738	0.000177979	0.000434455
122	0.0106729	0.008354	0.000480015	0.00198179	0.00884272	0.00253006	0.00199948	0.248021	0.001906	0.496451	0.121436	0.000873899	0.00137986	0.00437971	0.00166826	0.00917605	0.0161503	0.0624522	0.000239561	0.00100548
123	0.00164963	0.0138117	0.000614106	0.000776726	0.228524	0.000796783	0.0706194	0.0337178	0.000544474	0.0687408	0.00703648	0.00245657	0.00135206	0.000791458	0.00085983	0.00201702	0.00779906	0.0230504	0.0318663	0.502976
124	0.093223	0.0342582	0.0459396	0.0481128	0.0793672	0.00249967	0.0724558	0.081117	0.00148338	0.08517	0.0252326	0.00456353	0.00095021	0.0214572	0.00491985	0.0365559	0.0489209	0.140108	0.00334435	0.170321
125	0.00512036	0.00188492	0.00137718	0.0015633	0.165494	0.00179362	0.00188087	0.217401	0.00173773	0.501387	0.0460905	0.00207929	0.0025963	0.00179967	0.00223199	0.00322902	0.00653786	0.0330843	0.000726168	0.0019847
126	0.0183878	0.000923628	0.0442221	0.0537449	0.0173876	0.000933071	0.0199728	0.00788678	0.166107	0.00484473	0.00182863	0.0197613	0.386455	0.061458	0.106268	0.0146845	0.0539515	0.0199368	0.000336207	0.000909685
127	0.00605376	0.000504803	0.000321011	0.000958789	0.00393936	0.00243568	0.000490916	0.485929	0.000405623	0.0375618	0.0208074	0.00107826	0.000237821	0.000574882	0.000993923	0.00090934	0.00542205	0.428175	0.000197022	0.00300335
128	0.0186062	0.0221861	0.00322363	0.00581249	0.565249	0.00129565	0.008522	0.0299695	0.00120252	0.0131748	0.0175944	0.00136034	0.00310165	0.0018888	0.00995119	0.00224832	0.00402483	0.0218104	0.00342924	0.265349
129	0.0125622	0.00476434	0.000274422	0.000431061	0.032124	0.000411139	0.000952019	0.288785	0.000263394	0.25703	0.0258692	0.000940961	0.000219521	0.00102768	0.000618183	0.0025517	0.00630458	0.351844	0.000823202	0.012203
130	0.0034544	0.00749904	0.937091	0.00488272	0.00143159	0.00165646	0.0012317	0.0022924	0.0010487	0.00257789	0.00174328	0.0148743	0.000587472	0.00883876	0.00164058	0.00230962	0.00210958	0.00290289	0.000477631	0.00134965
131	0.0231389	0.0092863	0.0061539	0.00210343	0.00436605	0.0345008	0.00436657	0.00355277	0.00203574	0.00389602	0.00261348	0.00369968	0.00100289	0.00390259	0.00277893	0.672443	0.212582	0.00521492	0.000676384	0.00168586
132	0.0502989	0.00570889	0.015772	0.0217622	0.0134338	0.0218438	0.00991266	0.0156994	0.0361709	0.0289528	0.00896973	0.0114304	0.640947	0.0188939	0.0318051	0.016589	0.023381	0.0195488	0.00272453	0.00615577
133	0.0381002	0.00351041	0.00265703	0.00350494	0.00407811	0.00535646	0.00355589	0.0131257	0.00291496	0.325348	0.542082	0.00398982	0.00169067	0.00821001	0.004309	0.0107226	0.00979435	0.00871859	0.00161896	0.0067122
134	0.194151	0.0127857	0.0020866	0.0031157	0.00961663	0.0110539	0.00890672	0.108368	0.00367043	0.108768	0.00608883	0.00734404	0.00322884	0.00519626	0.00528104	0.0412731	0.0931521	0.369247	0.0013333	0.00533229
135	0.0738383	0.00542727	0.00429435	0.00247957	0.0333839	0.00582622	0.00907939	0.0171256	0.00184001	0.0427792	0.00634494	0.0245645	0.00139561	0.0067399	0.00774633	0.183184	0.552217	0.0184165	0.00111715	0.00220019
136	0.081459	0.00201636	0.119269	0.206705	0.000635956	0.0238113	0.0295386	0.000723265	0.120791	0.023159	0.00568839	0.0503754	0.00219252	0.133534	0.107245	0.0492824	0.0306596	0.00597594	0.00572793	0.00121098
137	0.0031758	0.000425487	0.00029268	0.00231451	0.00448972	0.000977605	0.000670438	0.536713	0.000290194	0.155553	0.0131276	0.000616207	0.000188399	0.000724097	0.000518965	0.00073051	0.00824567	0.268784	0.000167867	0.00199363
138	0.00600072	0.0118516	0.00153078	0.00250707	0.337309	0.000750596	0.0426362	0.0301469	0.000625737	0.0482989	0.015337	0.00151999	0.00163536	0.00103044	0.00346643	0.00178333	0.00859315	0.0220023	0.02169	0.441285
139	0.0879117	0.00146372	0.186812	0.362307	0.000781895	0.0152404	0.0155445	0.0010183	0.0686298	0.011584	0.00598697	0.0375102	0.000887836	0.0791797	0.0650317	0.0257478	0.0188695	0.0102273	0.00178528	0.00348026
140	0.0698907	0.000952456	0.245089	0.51576	0.00130974	0.0499857	0.00127893	0.00163179	0.00085379	0.00227146	0.00157049	0.00109763	0.00581355	0.07374	0.00663992	0.00702756	0.00659304	0.00706505	0.000501636	0.000927347
141	0.0416378	0.0103929	0.0304746	0.0142363	0.00670496	0.0287128	0.00691081	0.00748295	0.00584937	0.00943353	0.00559976	0.0237048	0.00229455	0.0113887	0.00740379	0.590013	0.1836	0.00887244	0.00135418	0.00393336
142	0.0176187	0.00252564	0.0140829	0.0269035	0.00299608	0.00265861	0.00216079	0.122946	0.196158	0.0337389	0.20287	0.0146697	0.00115239	0.108485	0.208503	0.00452209	0.00411559	0.0173363	0.0145873	0.00197045
143	0.424002	0.00165168	0.0180795	0.127431	0.00202949	0.0359338	0.010346	0.00280225	0.0788398	0.0379554	0.0140412	0.0020888	0.00955857	0.0503816	0.103638	0.0363611	0.0297304	0.00407604	0.00941801	0.001635
144	0.0054917	0.000733439	0.000351626	0.000818327	0.00320954	0.000593598	0.000477067	0.358688	0.000393262	0.479763	0.0409221	0.000742693	0.000456262	0.00158878	0.000647143	0.00155403	0.00635119	0.0962158	0.000173794	0.000829383
145	0.168705	0.00406259	0.16268	0.00430552	0.00564982	0.0239952	0.00409111	0.029166	0.0233102	0.0272233	0.024701	0.225582	0.0219797	0.00559681	0.0253761	0.156313	0.0521847	0.0295855	0.0016924	0.00379994
146	0.14889	0.161664	0.00261691	0.0195	0.00452385	0.0204014	0.100389	0.00667994	0.0980165	0.105655	0.097073	0.00386013	0.00202621	0.0207792	0.0238691	0.0402091	0.0234225	0.101034	0.00116268	0.0182264
147	0.00526433	0.000426614	0.000308309	0.000934638	0.0023067	0.00294133	0.00050906	0.565014	0.000343565	0.0261588	0.0189653	0.000535515	0.000214818	0.000523301	0.000554175	0.000859526	0.00420447	0.367465	0.000185499	0.00228563
148	0.00523469	0.000423784	0.00030426	0.000939641	0.00231272	0.00294377	0.000505532	0.565347	0.000343012	0.0264483	0.018935	0.000538336	0.00021724	0.000522888	0.000554278	0.000860668	0.00421711	0.366889	0.000184487	0.00227913
149	0.00308758	0.000512415	0.000354356	0.0011167	0.00612057	0.000464808	0.000520878	0.594224	0.000333902	0.203789	0.0246774	0.0011207	0.000273314	0.000619182	0.000524519	0.000771591	0.00472857	0.155168	0.000166426	0.00142605
150	0.564715	0.0213336	0.000915445	0.00584394	0.00123244	0.00809272	0.000990033	0.00397381	0.000770522	0.00219204	0.0117119	0.00546563	0.000729777	0.00106945	0.00304088	0.309356	0.039214	0.0180135	0.000317013	0.00102186
151	0.530095	0.00186586	0.00122164	0.0052461	0.00533812	0.280977	0.00174046	0.00229276	0.00168661	0.0175403	0.00221684	0.00878884	0.00874616	0.00182898	0.00195852	0.0832779	0.00268909	0.0372775	0.0005793	0.00463286
152	0.241824	0.00658022	0.103692	0.00576032	0.00684338	0.0166458	0.00635371	0.0215214	0.0140941	0.0201573	0.0171181	0.220397	0.0124841	0.00664453	0.016037	0.215407	0.0362545	0.0243751	0.00193711	0.00587288
153	0.0298068	0.0027525	0.00214716	0.0034057	0.00141691	0.917286	0.000931761	0.0013184	0.00357696	0.00133264	0.000925172	0.00185322	0.00137734	0.000849691	0.00148608	0.0255416	0.00107462	0.00150411	0.000202656	0.00121068
154	0.040317	0.0135866	0.00710691	0.0118106	0.0163972	0.0126963	0.0129977	0.052693	0.011405	0.15263	0.524074	0.0109548	0.00625969	0.0137383	0.0160457	0.0224998	0.0195804	0.0385735	0.00571807	0.0109148
155	0.406549	0.101947	0.00248555	0.00453918	0.00416376	0.00612581	0.00379638	0.061111	0.00304091	0.161644	0.093812	0.00392685	0.0022115	0.00518147	0.00421117	0.0178755	0.0234882	0.0892682	0.00131935	0.0033036
156	0.0129842	0.00462093	0.101848	0.166979	0.00629188	0.00515927	0.00574378	0.00770255	0.0324579	0.0104668	0.00778835	0.21788	0.00222324	0.0782082	0.0106798	0.171789	0.138245	0.00907315	0.00171244	0.00814679
157	0.307487	0.00570032	0.00575692	0.00822739	0.0285256	0.371324	0.00543167	0.00782845	0.00471797	0.016287	0.00736757	0.0357626	0.00746589	0.00634325	0.00655597	0.110966	0.0085587	0.0261494	0.00174987	0.0277939
158	0.0311729	0.00324165	0.00245308	0.00338886	0.00147935	0.909587	0.00116594	0.00108384	0.0033085	0.00131915	0.00102058	0.00221018	0.00138286	0.000948083	0.00102908	0.0295692	0.00207043	0.00191175	0.000227467	0.00143045
159	0.104711	0.0102114	0.0135741	0.0218056	0.0179436	0.0241821	0.0134651	0.0157755	0.0608584	0.0310968	0.017939	0.0319992	0.016647	0.0326254	0.494631	0.0307353	0.0202245	0.0194321	0.00871511	0.0134276
160	0.00525816	0.000425577	0.000308309	0.000934693	0.00229861	0.00294264	0.000509073	0.565309	0.000343311	0.0259599	0.0189437	0.000538907	0.000214803	0.000523158	0.000554155	0.000861557	0.00420996	0.367399	0.000185499	0.00228007
161	0.0236841	0.00621144	0.00198265	0.0194544	0.0063494	0.00543814	0.00318062	0.0194734	0.128004	0.233637	0.0253141	0.00966504	0.00300776	0.0530973	0.256198	0.00528876	0.0356041	0.150761	0.0014467	0.0122018
162	0.0269018	0.0163988	0.0385412	0.0681233	0.0392175	0.0165139	0.138557	0.0105609	0.0838597	0.0126821	0.0222096	0.0683493	0.00137212	0.095483	0.0985408	0.103931	0.0351818	0.0124664	0.00466259	0.106448
163	0.0469792	0.00771939	0.00507557	0.00623966	0.0371341	0.00590581	0.732073	0.0138814	0.00487569	0.0133747	0.010242	0.00540874	0.00307066	0.00677688	0.00832179	0.0102566	0.0169511	0.0153702	0.00259182	0.0477514
164	0.00537345	0.00139426	0.000579123	0.00124794	0.0918578	0.00177794	0.00112827	0.172915	0.00123989	0.584299	0.0667207	0.000972023	0.0040642	0.00105851	0.00165213	0.00230947	0.00588488	0.0542101	0.000248152	0.00106756
165	0.169561	0.0014124	0.0160714	0.0547588	0.0131956	0.00160202	0.00722326	0.0312291	0.213923	0.0370251	0.00773488	0.0181047	0.000749454	0.0469747	0.287545	0.0337756	0.00836561	0.0235199	0.000571048	0.0266577
166	0.119046	0.0168152	0.0162174	0.00301773	0.0227334	0.0177356	0.0378694	0.047252	0.00244144	0.0397053	0.0183801	0.0213489	0.00201463	0.0190006	0.0306824	0.211717	0.333443	0.0369676	0.00113635	0.00247588
167	0.00239733	0.000456485	0.000277771	0.0016231	0.00596902	0.000423346	0.000664424	0.549635	0.00028689	0.205639	0.0120932	0.000598098	0.000213962	0.000750469	0.000484865	0.000696911	0.00568448	0.210375	0.000161616	0.00156881
168	0.0154456	0.00561078	0.000258114	0.000386018	0.0237243	0.000590509	0.00090206	0.264268	0.000355928	0.251184	0.0274114	0.000844153	0.000195507	0.000870116	0.000628855	0.00200833	0.00609393	0.387651	0.00067273	0.0108983
169	0.00629949	0.00402468	0.0008198	0.00243682	0.117533	0.00266908	0.00243194	0.217137	0.00259346	0.473149	0.0912973	0.0011461	0.00265401	0.0018434	0.00203889	0.00538597	0.0132567	0.0518309	0.000332377	0.00111973
170	0.160468	0.0745628	0.00249977	0.00337688	0.00486246	0.00409378	0.00386107	0.0421744	0.00282744	0.00965354	0.0382899	0.00357612	0.0648883	0.00380465	0.00431804	0.120761	0.129462	0.319259	0.00175397	0.00550703
171	0.0274914	0.00322444	0.00212145	0.00352232	0.00162837	0.862789	0.0012447	0.00159033	0.00314942	0.00178583	0.00117706	0.00198583	0.00167118	0.000980737	0.000925112	0.0650596	0.0160114	0.0020187	0.000247377	0.00137546
172	0.00246203	0.00857953	0.000833761	0.00136618	0.284062	0.000774753	0.0513695	0.022935	0.000628699	0.046916	0.00720638	0.00083076	0.00083757	0.000816414	0.00158772	0.00129752	0.00685395	0.0178072	0.0298934	0.512942
173	0.278632	0.0887301	0.00891144	0.0118476	0.0153672	0.0150124	0.0160194	0.0228501	0.0124773	0.0874188	0.0970426	0.0104892	0.00445385	0.162107	0.0139762	0.0262676	0.0708473	0.0356314	0.00358236	0.0183367
174	0.464061	0.00290876	0.00245124	0.0195951	0.00568705	0.188849	0.00269492	0.00496251	0.00233522	0.0128527	0.00395389	0.0191227	0.0368022	0.00355755	0.00402256	0.139027	0.00572762	0.075453	0.00102328	0.00491313
175	0.142149	0.0011393	0.0226988	0.246825	0.00493583	0.0308362	0.0111041	0.0146384	0.0618782	0.0338674	0.0269313	0.021522	0.125428	0.0838506	0.0694865	0.0323097	0.0260097	0.039532	0.000405816	0.00445227
176	0.035589	0.00280915	0.0853032	0.00268492	0.00332062	0.550349	0.0657419	0.00425417	0.00253233	0.00591739	0.00387167	0.141201	0.00157568	0.0294834	0.00358345	0.0345996	0.0180222	0.00532615	0.0010676	0.00276808
177	0.00761091	0.0082813	0.00605874	0.00167331	0.00407408	0.037786	0.0059467	0.00242073	0.00138558	0.0034618	0.00199473	0.00269314	0.000715341	0.0038143	0.00209118	0.661272	0.243383	0.00337458	0.0006882	0.00127431
178	0.0327349	0.00454175	0.0230859	0.0343591	0.0372511	0.00683573	0.0131059	0.0389648	0.0986524	0.130553	0.0138233	0.015782	0.300097	0.0331876	0.0916139	0.0186768	0.0525396	0.0461313	0.00209256	0.00597128
179	0.0346911	0.00275699	0.00200901	0.00325314	0.00135831	0.916884	0.000598093	0.000971776	0.00324072	0.00136777	0.000912974	0.00129074	0.00121128	0.000561244	0.000780186	0.0242133	0.000912883	0.00168361	0.000196575	0.00110643
180	0.157518	0.00455065	0.0529281	0.0307009	0.0557605	0.105096	0.00543516	0.00758832	0.00512885	0.0106399	0.00667642	0.0554183	0.00267756	0.0548176	0.336392	0.0348949	0.00847425	0.0103474	0.0498712	0.00508331
181	0.165522	0.00179272	0.0177094	0.0480472	0.0124811	0.00167384	0.00835304	0.031677	0.211048	0.0382161	0.00810495	0.0223276	0.000652521	0.0499442	0.292205	0.035769	0.00945941	0.0214158	0.000468774	0.023132
182	0.00517084	0.000859446	0.000351962	0.000575217	0.0109577	0.000719746	0.000496614	0.257221	0.000422951	0.584046	0.0560659	0.000589835	0.00108757	0.00186022	0.000646577	0.00188457	0.00505254	0.0712326	0.000176191	0.000582951
183	0.087282	0.0023757	0.00157549	0.0150311	0.0030871	0.00298767	0.0028316	0.113677	0.0548054	0.30419	0.0178104	0.00314633	0.00117454	0.066488	0.0338102	0.0184891	0.058685	0.209181	0.00100073	0.00237196
184	0.0762832	0.000563897	0.441117	0.246857	0.000728478	0.0303677	0.0124956	0.000980799	0.0238213	0.00425832	0.00094923	0.0606594	0.000317576	0.0262811	0.0278632	0.0339014	0.00741649	0.00426346	0.000291561	0.00058284
185	0.0132507	0.016001	0.00120218	0.0178245	0.00195661	0.472256	0.0777133	0.0024536	0.0768975	0.0120904	0.00280009	0.0375058	0.0199816	0.042854	0.184641	0.0117105	0.00315552	0.00343151	0.000645205	0.00162947
186	0.0116994	0.00316815	0.000372593	0.000585577	0.0101988	0.00061871	0.000564167	0.222157	0.000531164	0.170919	0.03097	0.0031053	0.000294142	0.00081498	0.00201959	0.00189368	0.00731488	0.527382	0.000249086	0.00514164
187	0.0087852	0.00117072	0.000922631	0.00672069	0.00654139	0.00642977	0.0304112	0.00700374	0.28582	0.0178752	0.00117148	0.0332782	0.000645744	0.0187624	0.380433	0.0516992	0.113063	0.0229782	0.00541505	0.00087235
