327	20
1	0.171382	0.000891406	0.0386437	0.0389948	0.0150837	0.0208586	0.0242643	0.0513356	0.148787	0.0264073	0.00589004	0.0158671	0.0193773	0.0241509	0.123007	0.0223955	0.0848851	0.129418	0.00031039	0.0380507
2	0.0458519	0.0150113	0.0465613	0.013923	0.00449226	0.0295074	0.0223514	0.00781446	0.0178044	0.00997939	0.00712769	0.54607	0.0106888	0.0234398	0.0211693	0.125289	0.0335864	0.00999374	0.00200866	0.00732979
3	0.0866524	0.00718075	0.0580933	0.208654	0.00680861	0.0526682	0.0173249	0.013355	0.0820879	0.0168195	0.00794892	0.0560214	0.00728343	0.217835	0.0501347	0.0446766	0.0414791	0.0122107	0.00365451	0.0091118
4	0.0914873	0.00317074	0.0130745	0.0246819	0.000497	0.0212833	0.0161962	0.0010807	0.0516424	0.0136649	0.00541386	0.011727	0.604139	0.00759457	0.0190464	0.0618263	0.0264511	0.0182777	0.000290795	0.00845465
5	0.0421398	0.00405281	0.0031579	0.0049222	0.00351031	0.0204276	0.00336429	0.167707	0.00424973	0.102178	0.159171	0.0402484	0.0520709	0.0236449	0.00633289	0.0149922	0.0657575	0.246318	0.0010122	0.0347425
6	0.262638	0.00229034	0.0167481	0.111386	0.0124443	0.0494458	0.00317877	0.00428934	0.0819314	0.042888	0.0221531	0.0489494	0.0321797	0.0177558	0.128079	0.0685393	0.0625127	0.0283466	0.000646148	0.00359768
7	0.0527255	0.0014419	0.00202469	0.0727925	0.00122376	0.00239723	0.00202089	0.00817101	0.110312	0.00297944	0.0015273	0.00264887	0.498582	0.0169754	0.125911	0.048459	0.0242648	0.0233486	0.000439786	0.00175388
8	0.0299126	0.00372636	0.0850567	0.0077258	0.000527223	0.728537	0.00359716	0.000803163	0.00725089	0.00126489	0.000522339	0.0900264	0.000412819	0.0041395	0.000710507	0.0291614	0.00142826	0.00106026	0.000223928	0.00391315
9	0.00988354	0.0184991	0.00400334	0.016062	0.00299796	0.0174881	0.00197598	0.0442055	0.0031573	0.0221813	0.00199363	0.00744002	0.00224925	0.00476793	0.00299062	0.568284	0.243218	0.0244106	0.000938156	0.00325378
10	0.134456	0.00383336	0.0257416	0.0395868	0.000860333	0.0252162	0.024415	0.00128095	0.101422	0.0264574	0.00570738	0.0124643	0.395992	0.0107677	0.0213312	0.0888865	0.0321244	0.0421991	0.000382145	0.00687557
11	0.0163777	0.000906479	0.2141	0.531297	0.000612758	0.00452936	0.0454965	0.00657336	0.0280179	0.0086351	0.00295232	0.0203306	0.00317399	0.029766	0.0207226	0.0394045	0.0184475	0.00742423	0.000352762	0.000878951
12	0.0419032	0.00131621	0.00575993	0.0115394	0.00114953	0.0015866	0.0445285	0.0121498	0.212117	0.0134869	0.00548364	0.0161795	0.00167298	0.0447106	0.476261	0.0362519	0.0419827	0.0140653	0.0133777	0.00447727
13	0.212373	0.0030744	0.0610399	0.140856	0.00109934	0.0122401	0.00360822	0.0297051	0.162127	0.0286476	0.00369966	0.0241873	0.00171336	0.100067	0.0533213	0.0766908	0.0502148	0.0309402	0.000825306	0.00356997
14	0.231932	0.0140591	0.0744242	0.18033	0.000769409	0.0589723	0.00576375	0.0161932	0.128928	0.046721	0.00101767	0.0346864	0.00159746	0.0337788	0.0434001	0.0972155	0.0190563	0.00461389	0.000334408	0.00620607
15	0.0213445	0.00847725	0.000501595	0.0012784	0.0141909	0.000631917	0.00152484	0.236545	0.000449148	0.380843	0.0514131	0.00221584	0.00152087	0.000957921	0.00211678	0.00253471	0.0140011	0.256236	0.00257121	0.000646159
16	0.0641913	0.0010938	0.0475661	0.14411	0.000907178	0.0013253	0.0016928	0.0309817	0.106315	0.0961349	0.0296803	0.017117	0.000840706	0.256459	0.056937	0.0440916	0.0513599	0.0306263	0.00588196	0.0126885
17	0.0198021	0.000628934	0.256806	0.480279	0.000526803	0.00517306	0.0525755	0.00482669	0.0306097	0.00584177	0.00349379	0.0266682	0.00390167	0.0268015	0.0191328	0.0373975	0.0176603	0.00683607	0.000243057	0.000795641
18	0.0214778	0.00570056	0.000746729	0.000403013	0.00614637	0.000335403	0.000249613	0.490386	0.00104601	0.0450629	0.00675777	0.000413663	0.00100666	0.00123019	0.00113115	0.00237506	0.00900841	0.403037	0.000506166	0.00297955
19	0.0576612	0.00228247	0.011191	0.0150523	0.000860337	0.0189722	0.0164426	0.00132739	0.0213611	0.00751556	0.00290907	0.00589339	0.754354	0.0082728	0.0122207	0.0308273	0.0183514	0.00838321	0.00102776	0.005094
20	0.0518752	0.0864293	0.00167556	0.00182739	0.0227849	0.00244871	0.0433289	0.186746	0.00202158	0.251636	0.0411556	0.0440461	0.011976	0.0586797	0.0032383	0.0348918	0.0162905	0.136039	0.0007237	0.00218521
21	0.0376574	0.0175533	0.0025435	0.00286254	0.0446275	0.00668787	0.0329035	0.261461	0.00331116	0.0206897	0.0336045	0.00400446	0.00243433	0.0194684	0.0487464	0.00731982	0.0723816	0.340894	0.000894883	0.0399544
22	0.00566501	0.00369556	0.000217647	0.000261219	0.0052821	0.000359339	0.0002299	0.647515	0.00146205	0.030887	0.00537988	0.000370848	0.00149192	0.00164297	0.001651	0.00142939	0.00191553	0.287039	7.57339e-05	0.003429
23	0.0358258	0.00358292	0.0896474	0.00726769	0.000637763	0.709421	0.00381362	0.000956992	0.00687043	0.00143172	0.000626836	0.0989677	0.000520864	0.00407656	0.000790753	0.0284938	0.00171551	0.00132842	0.000237767	0.00378641
24	0.0299126	0.00372636	0.0850567	0.0077258	0.000527223	0.728537	0.00359716	0.000803163	0.00725089	0.00126489	0.000522339	0.0900264	0.000412819	0.0041395	0.000710507	0.0291614	0.00142826	0.00106026	0.000223928	0.00391315
25	0.576783	0.0227849	0.00207933	0.00136612	0.00190332	0.0335658	0.00113691	0.00369099	0.00358078	0.00428953	0.0015481	0.00897039	0.00468108	0.00280191	0.00124732	0.256648	0.0537306	0.0151704	0.000440079	0.00358186
26	0.00571019	0.00370979	0.000216926	0.000263238	0.00528934	0.000359503	0.000230315	0.647311	0.00147185	0.0310601	0.00539365	0.000369976	0.00148636	0.0016557	0.00165355	0.00142958	0.00190626	0.286982	7.57165e-05	0.00342522
27	0.0777517	0.000597905	0.184446	0.295522	0.00100207	0.0165281	0.0139138	0.0109661	0.125824	0.00480423	0.000484153	0.0397021	0.0154137	0.0672593	0.0669012	0.0292229	0.0373474	0.004969	0.000212517	0.00713153
28	0.406783	0.02461	0.0135205	0.033804	0.00205281	0.0462646	0.00224881	0.00253612	0.0154216	0.0140456	0.00183321	0.0682057	0.00160406	0.00289842	0.0324422	0.160551	0.104208	0.0641969	0.000629743	0.00214292
29	0.682644	0.0271427	0.00131892	0.000372781	0.000265636	0.0452271	0.000273981	0.00212906	0.000433946	0.000764552	0.000281689	0.00360543	0.001477	0.000463041	0.000374537	0.196467	0.022881	0.0118902	0.00011464	0.00187216
30	0.0232375	0.00270959	0.000690051	0.0264766	0.00855236	0.000964041	0.00506259	0.0476392	0.045093	0.567943	0.056714	0.00494191	0.000565453	0.0340859	0.0293147	0.0198772	0.0609662	0.0604924	0.000278037	0.00439637
31	0.229659	0.0143908	0.0762535	0.181007	0.000693803	0.0594136	0.00557779	0.0170689	0.132148	0.0452089	0.000868643	0.035439	0.00132721	0.0334639	0.0412898	0.0965248	0.0189089	0.00448071	0.000333512	0.00594273
32	0.663102	0.0152774	0.0016965	0.00233614	0.00457353	0.0205372	0.00286988	0.0364727	0.0118181	0.00672027	0.00196528	0.00557691	0.00742607	0.00349936	0.00448526	0.0537923	0.033066	0.119495	0.00133678	0.00395395
33	0.0528963	0.00138984	0.00448644	0.00880488	0.0010072	0.00138153	0.0525735	0.013439	0.208009	0.0136711	0.00658513	0.0114023	0.00190241	0.0619551	0.444648	0.0476543	0.0399831	0.00977514	0.0129281	0.00550767
34	0.0193334	0.000642666	0.258624	0.480637	0.000528329	0.00519616	0.0531631	0.00471831	0.030241	0.00576647	0.00359215	0.0262188	0.00369824	0.0265329	0.0185654	0.0374539	0.0173448	0.00676461	0.000244883	0.000733902
35	0.016172	0.00135617	0.00358302	0.008519	0.00152082	0.00191997	0.0240531	0.00602542	0.391548	0.00589615	0.00248205	0.0267491	0.00324722	0.0252963	0.404754	0.0322304	0.0303778	0.00710944	0.00350404	0.00365602
36	0.235486	0.0347029	0.00341358	0.00375088	0.0299377	0.0112938	0.00461905	0.0960869	0.00758389	0.112465	0.00691758	0.00735598	0.00807679	0.00675889	0.0276163	0.164238	0.0252024	0.207146	0.00180953	0.00553893
37	0.258332	0.00326467	0.0571565	0.0724285	0.00109169	0.0561772	0.00638166	0.00488959	0.112816	0.00970597	0.00134818	0.0672408	0.00694955	0.0454447	0.0591679	0.176186	0.0442159	0.00977577	0.000444279	0.00698301
38	0.00566501	0.00369556	0.000217647	0.000261219	0.0052821	0.000359339	0.0002299	0.647515	0.00146205	0.030887	0.00537988	0.000370848	0.00149192	0.00164297	0.001651	0.00142939	0.00191553	0.287039	7.57339e-05	0.003429
39	0.00308722	0.014043	0.0020352	0.000800069	0.431617	0.000899718	0.00587057	0.0524908	0.00525417	0.303202	0.0528421	0.00122405	0.00062263	0.00450231	0.00260548	0.00420321	0.0050026	0.0206739	0.031982	0.0570421
40	0.0267044	0.00675166	0.00174472	0.0281192	0.0159478	0.00204593	0.00439423	0.0402485	0.0562254	0.529606	0.0642911	0.0125145	0.00142791	0.0349544	0.047223	0.0175425	0.0443049	0.052485	0.000528998	0.01294
41	0.0184479	0.00110578	0.00355698	0.00673975	0.00117386	0.00146617	0.031094	0.00665187	0.348923	0.00644746	0.00295026	0.0243435	0.00226512	0.0252475	0.440012	0.0300497	0.0348234	0.00733446	0.00469765	0.00267043
42	0.298958	0.0175302	0.00202254	0.00255645	0.00563741	0.00736327	0.00272415	0.157794	0.00388818	0.0336788	0.0135545	0.00272904	0.00735101	0.00526874	0.0041092	0.0217374	0.0702302	0.336968	0.00145562	0.0044436
43	0.639945	0.0269544	0.00188653	0.00101745	0.000920696	0.0715716	0.000899736	0.00352463	0.00173168	0.00247695	0.000875117	0.00472687	0.00261943	0.00165004	0.0011517	0.18251	0.0328876	0.0198642	0.000330365	0.00245656
44	0.0192199	0.00067301	0.257078	0.483091	0.000534381	0.00513182	0.0530254	0.0048261	0.0297307	0.0058402	0.00372319	0.0256454	0.00369347	0.0264481	0.0187249	0.0374304	0.0174274	0.00674317	0.000246436	0.000767349
45	0.0135733	0.00403439	0.000518242	0.000637942	0.0220251	0.00170463	0.00114047	0.0932033	0.00145495	0.698325	0.0805711	0.00245968	0.000743184	0.00356242	0.00293125	0.00533615	0.0119235	0.054392	0.000878852	0.000584396
46	0.0287835	0.00572256	0.000349405	0.00238753	0.0115116	0.000458077	0.00097579	0.348057	0.000801425	0.282286	0.0299445	0.00163009	0.000929838	0.00123735	0.00159546	0.00318367	0.00935648	0.268939	0.00114641	0.000705208
47	0.0153696	0.00842721	0.000388642	0.000510081	0.018402	0.00071537	0.00271791	0.217255	0.000828608	0.489229	0.0828821	0.0022265	0.00168293	0.00127343	0.0025288	0.00166946	0.0120579	0.137973	0.00320714	0.000654762
48	0.0595975	0.0368484	0.00233148	0.00286582	0.00334891	0.00402185	0.00394704	0.1133	0.0174106	0.398586	0.0931265	0.0994606	0.00240011	0.00992979	0.0472174	0.0267298	0.00633042	0.0688273	0.000804132	0.00291679
49	0.569364	0.0229345	0.00445868	0.00568742	0.00861781	0.0253095	0.00486728	0.0426167	0.00961976	0.0167219	0.00641769	0.00838574	0.0112242	0.00761669	0.00701826	0.0804014	0.0417205	0.118303	0.00145556	0.0072589
50	0.482212	0.00979912	0.0020963	0.00361842	0.00913754	0.00416315	0.00282982	0.00209647	0.015931	0.012355	0.00219215	0.0370475	0.00118705	0.00265139	0.00442371	0.247692	0.139794	0.0129523	0.00046536	0.00735604
51	0.0968526	0.173318	0.00698319	0.00670925	0.011133	0.0288274	0.00604199	0.0200725	0.00845853	0.157952	0.0134675	0.0278777	0.00825783	0.00901064	0.00916522	0.0550793	0.214302	0.136844	0.00226997	0.00737737
52	0.0171288	0.00425083	0.000666155	0.00202858	0.00616355	0.0033133	0.00218834	0.568833	0.00177236	0.0665041	0.0241359	0.00253814	0.00277675	0.00449019	0.00341896	0.00675432	0.00966943	0.268865	0.000431448	0.00407095
53	0.0181192	0.0101822	0.000395466	0.000633586	0.0188603	0.000887362	0.0037218	0.21093	0.000715138	0.486136	0.0815625	0.0028345	0.00195674	0.00253562	0.00251404	0.00267745	0.0123338	0.139157	0.00304662	0.000799981
54	0.109152	0.00956425	0.000933305	0.00108323	0.000525598	0.80287	0.000580818	0.000798223	0.000728657	0.00233453	0.000435382	0.0101355	0.00668198	0.00134999	0.000976564	0.0368923	0.00889376	0.00495379	0.000178202	0.000932614
55	0.0441219	0.0287398	0.00732234	0.0197007	0.0193756	0.00723169	0.0158229	0.143928	0.0220421	0.315244	0.0443768	0.0211382	0.0112969	0.117599	0.0223494	0.0328092	0.0319906	0.0792432	0.00242413	0.0132431
56	0.315859	0.0136294	0.000563717	0.00061713	0.00320764	0.528518	0.000475701	0.000666651	0.000624942	0.00721443	0.000464266	0.000881521	0.000487778	0.00639442	0.000615418	0.105857	0.00408207	0.00354991	0.000167785	0.00612379
57	0.128449	0.00613887	0.0441914	0.0948608	0.0053879	0.0220887	0.0184254	0.0145225	0.232534	0.020239	0.00963386	0.028934	0.0114737	0.110881	0.102155	0.0692448	0.0447594	0.0225141	0.00260265	0.0109626
58	0.0341641	0.00210421	0.0318649	0.0164078	0.00171874	0.00248785	0.00235258	0.0029143	0.0110884	0.00387527	0.00167825	0.148151	0.00148086	0.0395991	0.00255282	0.17408	0.506546	0.00457603	0.000589215	0.0117684
59	0.171469	0.0436368	0.00158169	0.000761633	0.00561501	0.00164226	0.00077234	0.208649	0.000884081	0.0415167	0.0124616	0.00340369	0.0116041	0.00113182	0.00100791	0.00778271	0.0345595	0.448105	0.00160545	0.00180979
60	0.0180446	0.00241526	0.0138693	0.00244517	0.204654	0.0150835	0.0730381	0.0916152	0.00250774	0.0374759	0.0831222	0.0033911	0.0018178	0.0525635	0.0152464	0.00575422	0.0174633	0.0780904	0.0401055	0.241297
61	0.0420915	0.00146425	0.0998659	0.159694	0.0026103	0.0306024	0.0199593	0.00582805	0.153174	0.0122596	0.00217685	0.0858823	0.00754058	0.192514	0.0802655	0.0412737	0.0505554	0.00527593	0.00245486	0.00451199
62	0.437037	0.0361286	0.00421727	0.00236996	0.00238672	0.0607055	0.00128884	0.00715084	0.00258886	0.00948088	0.00582278	0.0101039	0.0552851	0.00495896	0.00235943	0.251387	0.0829846	0.0193564	0.00112793	0.00325982
63	0.0276871	0.00484659	0.203357	0.501826	0.00184924	0.00867206	0.0309845	0.00612213	0.040674	0.0068583	0.00272192	0.0258274	0.00683143	0.031578	0.0242521	0.036008	0.0293349	0.007082	0.000616861	0.00287061
64	0.0514942	0.0128854	0.00893623	0.0107848	0.0177548	0.0666252	0.01962	0.264121	0.0151334	0.0575605	0.089319	0.0199534	0.013319	0.0261045	0.0726783	0.0338836	0.0408644	0.1548	0.00306301	0.0210996
65	0.0301803	0.00668143	0.281969	0.381039	0.00176982	0.0124388	0.0362119	0.00537224	0.0491113	0.0078868	0.00301918	0.0404027	0.0136773	0.0293067	0.0250331	0.0417406	0.0230912	0.00739685	0.000665264	0.00300647
66	0.683145	0.0272787	0.00129016	0.000375268	0.000267064	0.0447745	0.000280929	0.00213442	0.00043069	0.000775675	0.000275142	0.00355863	0.00148662	0.000466036	0.000374453	0.195907	0.0230998	0.012082	0.000112488	0.00188553
67	0.374567	0.0366365	0.00151119	0.0015158	0.00288375	0.036086	0.00329657	0.120361	0.00659105	0.00765072	0.00181447	0.00964667	0.0622898	0.00372868	0.00443544	0.0877369	0.0497283	0.181611	0.00592647	0.00198265
68	0.241938	0.30935	0.00492634	0.00551744	0.0045866	0.00803779	0.00464043	0.00707213	0.00616664	0.0117204	0.0315454	0.00742686	0.0874819	0.00673612	0.0332582	0.0215628	0.130051	0.0701569	0.00213273	0.00569183
69	0.0243141	0.00232965	0.132274	0.606957	0.00119743	0.00717382	0.0219263	0.00480931	0.0419481	0.00569881	0.00174159	0.0178809	0.00955577	0.0347035	0.0329988	0.0273993	0.0192356	0.00524236	0.00063405	0.00197965
70	0.0242272	0.0079329	0.00114211	0.00152169	0.0644694	0.00944357	0.00144786	0.0678723	0.00199523	0.613349	0.0579944	0.0041838	0.00109325	0.00352403	0.00177406	0.0352145	0.0633267	0.0373089	0.000569486	0.00161008
71	0.32975	0.050371	0.00107213	0.00117579	0.00486417	0.015393	0.003327	0.157762	0.00663517	0.0216297	0.00435524	0.00987572	0.0219817	0.00361756	0.00443646	0.0549174	0.0430532	0.261618	0.00240352	0.00176108
72	0.0539683	0.0166218	0.284982	0.0482837	0.0200856	0.019127	0.0276899	0.0199782	0.0290224	0.0267552	0.0134351	0.0388357	0.0214969	0.035371	0.0250224	0.0644755	0.130678	0.0289176	0.0057835	0.0894694
73	0.021863	0.00575432	0.00569125	0.00470711	0.593869	0.00732406	0.00968285	0.0113212	0.00793001	0.0400585	0.00508736	0.0108741	0.00420993	0.00760604	0.00596382	0.0495125	0.0391101	0.0160955	0.0121243	0.141215
74	0.00398241	0.0147299	0.00161026	0.000769983	0.357603	0.000875801	0.00631754	0.0659805	0.00388996	0.349901	0.0549172	0.00117218	0.000601677	0.00431339	0.00375598	0.00322401	0.0056924	0.0255849	0.037855	0.0572225
75	0.072536	0.0163504	0.0126325	0.0118562	0.0106429	0.0883752	0.0135606	0.0116038	0.0148687	0.0146875	0.0124214	0.281481	0.0850353	0.027259	0.0137437	0.189473	0.0944263	0.0165137	0.00208458	0.0104484
76	0.0570251	0.00167022	0.00519879	0.00897829	0.00124895	0.002529	0.0454371	0.0224706	0.188965	0.00979133	0.0142817	0.00861983	0.00186302	0.0742047	0.394532	0.0680993	0.0647455	0.0112568	0.00791908	0.0111633
77	0.0552471	0.0184957	0.000749522	0.000975028	0.0306763	0.00686158	0.0051149	0.0696913	0.000900479	0.287128	0.192281	0.00297194	0.000727469	0.00113891	0.000989583	0.0303512	0.0992296	0.191009	0.000272098	0.00518892
78	0.0223024	0.000998872	0.206458	0.491978	0.000669007	0.00551597	0.04112	0.0110032	0.0377843	0.0102332	0.00275312	0.0216256	0.00439125	0.0396125	0.0272463	0.0394957	0.0240853	0.0106293	0.000366191	0.00173254
79	0.00960979	0.00176557	0.00144387	0.0171146	0.061049	0.00227964	0.0968842	0.00276524	0.0078868	0.0583136	0.00242761	0.0243112	0.00109308	0.0852482	0.00259876	0.0244547	0.0090852	0.00812142	0.128001	0.455547
80	0.0420563	0.00631716	0.0159275	0.0402852	0.00370919	0.0100489	0.033453	0.0186967	0.153088	0.0266212	0.0103457	0.0248118	0.00688695	0.0969816	0.400251	0.0395436	0.0409808	0.0163308	0.00623288	0.00743176
81	0.438521	0.00444065	0.00269838	0.00372304	0.00309792	0.0329694	0.00245629	0.00547754	0.00420586	0.015854	0.0146079	0.00507993	0.235775	0.00410772	0.00306509	0.185951	0.0236005	0.00877494	0.00236688	0.0032274
82	0.0256928	0.0311544	0.00110658	0.00375293	0.00392951	0.00157048	0.00157564	0.109087	0.0235203	0.541355	0.0927606	0.0281412	0.00145984	0.0110003	0.0371529	0.0142742	0.00795813	0.061653	0.000605396	0.00224964
83	0.053692	0.0066582	0.00984483	0.00128006	0.000706572	0.867705	0.000831736	0.000687055	0.0013125	0.00229144	0.000411971	0.0166086	0.00623131	0.00154955	0.00080905	0.0214903	0.00423131	0.00221979	0.000187947	0.00125096
84	0.00438265	0.000767089	0.000852558	0.000684632	0.796065	0.00309582	0.00210252	0.00198875	0.000678291	0.00513053	0.00219696	0.00129414	0.000448201	0.00146907	0.000825409	0.00504359	0.00504027	0.00184596	0.0112052	0.154884
85	0.0722788	0.0193976	0.00212297	0.000555939	0.00516984	0.000576948	0.000421358	0.224745	0.000510731	0.0465003	0.0124072	0.000741317	0.0026036	0.000642514	0.000639548	0.00206609	0.0342646	0.569177	0.00272383	0.00245509
86	0.0755609	0.0033096	0.00392586	0.00322374	0.091505	0.00339864	0.0314662	0.00953769	0.00631052	0.34314	0.00357987	0.00441385	0.0117746	0.00371326	0.0127867	0.0382795	0.0522072	0.0902463	0.00335751	0.208263
87	0.664983	0.0264072	0.00170113	0.000790488	0.00107005	0.0395076	0.000437729	0.00389084	0.00182262	0.00256872	0.00126413	0.00467235	0.00187723	0.000778604	0.000854206	0.188382	0.0373883	0.0188461	0.000161113	0.00259726
88	0.0147163	0.00448216	0.000489426	0.000382037	0.00577304	0.000353265	0.000253647	0.547435	0.00118887	0.0440817	0.00590958	0.00039027	0.00109168	0.00134857	0.00129347	0.0018501	0.0052389	0.360482	0.000243089	0.00299696
89	0.275172	0.00779233	0.00346378	0.00177801	0.000923409	0.00521884	0.000906405	0.00153	0.00129219	0.00295245	0.00186966	0.00501747	0.0106231	0.00296335	0.00121547	0.622458	0.0422106	0.00507662	0.000455892	0.00708015
90	0.0590236	0.00397428	0.00964221	0.0146848	0.00287565	0.0136881	0.0105496	0.00294154	0.0160859	0.00521757	0.00670854	0.00551499	0.766327	0.00822915	0.0150968	0.0286358	0.0136635	0.0103531	0.00294761	0.0038399
91	0.00442406	0.00151957	0.000839743	0.000811774	0.785782	0.00321312	0.00133205	0.00463785	0.00154709	0.0174723	0.00355344	0.000913761	0.000389129	0.0012306	0.000827082	0.00601264	0.00589506	0.00297714	0.0121887	0.144433
92	0.041395	0.013783	0.084837	0.0945337	0.00641466	0.0239449	0.020398	0.0109779	0.0421347	0.0194941	0.00954775	0.437286	0.0133375	0.0370626	0.0312889	0.0531378	0.0329963	0.0161218	0.00234659	0.00896145
93	0.014082	0.00583778	0.00421475	0.00380886	0.69475	0.00674329	0.00666838	0.00954685	0.00561317	0.0278325	0.00718549	0.00766722	0.00362894	0.00526808	0.00449283	0.0363153	0.0140154	0.00910973	0.0111489	0.122071
94	0.0684336	0.031066	0.00858118	0.0104584	0.00969751	0.0247086	0.00631631	0.0273735	0.0128033	0.0697296	0.011079	0.0153844	0.00963865	0.0105057	0.00993275	0.257911	0.265079	0.134411	0.00277407	0.0141169
95	0.6406	0.0220898	0.00176505	0.000530692	0.000445994	0.0403816	0.000388811	0.00206737	0.000898406	0.00126851	0.000562251	0.00401214	0.00282336	0.000684059	0.000480464	0.24388	0.0213811	0.0112053	0.000191721	0.0043437
96	0.0194331	0.00896702	0.000573476	0.00210163	0.0264253	0.00144268	0.00255724	0.218416	0.00299266	0.454392	0.0585869	0.00375502	0.00131208	0.00362068	0.00502102	0.00566407	0.0120935	0.167886	0.00269603	0.00206423
97	0.317692	0.0136786	0.000549584	0.00063391	0.00327186	0.527442	0.000468803	0.000670735	0.000600447	0.00716218	0.000434127	0.000860361	0.000485268	0.00635653	0.000588814	0.105185	0.00416338	0.00357286	0.000165282	0.00601773
98	0.318098	0.0134176	0.000580108	0.000643267	0.00311966	0.527312	0.000477772	0.000764273	0.000652074	0.00854184	0.000466181	0.00087575	0.000567697	0.00629049	0.000661438	0.103655	0.00411437	0.00361554	0.000154559	0.00599315
99	0.0442046	0.00834725	0.0225892	0.0147065	0.00521012	0.0343085	0.153797	0.0068603	0.0197877	0.0123362	0.00852719	0.285066	0.00672806	0.0802761	0.0245946	0.152278	0.0857905	0.014306	0.0056319	0.0146547
100	0.0172671	0.00854963	0.00103379	0.00263182	0.0366143	0.00196073	0.00232171	0.133178	0.00513428	0.582121	0.0682932	0.00495868	0.00144769	0.00603023	0.00581634	0.00706086	0.0157263	0.0934253	0.00264807	0.0037803
101	0.36559	0.0482727	0.00151765	0.00155016	0.00276201	0.0311116	0.0030327	0.115313	0.00592062	0.00727384	0.00210199	0.0124555	0.0783567	0.00358372	0.00401474	0.0820911	0.044462	0.179681	0.00889489	0.00201369
102	0.173823	0.0908489	0.00782135	0.00159926	0.00817497	0.0974857	0.000991286	0.0142175	0.00143702	0.0185917	0.00754709	0.00204622	0.0105531	0.0022635	0.00128609	0.320238	0.195441	0.0367102	0.000319622	0.00860466
103	0.405915	0.0710888	0.0044964	0.00112365	0.00298903	0.061711	0.00081527	0.00705186	0.00139773	0.00797225	0.00360509	0.00273041	0.0125695	0.00146969	0.00195494	0.242053	0.132415	0.034104	0.000315554	0.00422261
104	0.1517	0.0263874	0.0055229	0.00907828	0.00310772	0.0117336	0.00630152	0.00788759	0.015794	0.0092202	0.0450748	0.00793286	0.546134	0.00625862	0.00813104	0.0591875	0.0179997	0.052692	0.00544771	0.00440829
105	0.271638	0.0111993	0.00137224	0.0026511	0.00693327	0.00391837	0.0017855	0.10716	0.00358388	0.0410934	0.0448438	0.00401637	0.00379666	0.00453796	0.00259854	0.0188945	0.260696	0.200483	0.000554698	0.00824311
106	0.0096811	0.00116152	0.000471926	0.000615729	0.0252428	0.00182446	0.000886373	0.0784628	0.000549807	0.741147	0.0786043	0.00104537	0.000467254	0.00391048	0.00112746	0.00508713	0.0116635	0.0369573	0.000588372	0.00050514
107	0.0456497	0.0249737	0.000967639	0.00148326	0.0268599	0.00558548	0.00405231	0.0770007	0.00292283	0.327725	0.208029	0.00417945	0.00127829	0.00312189	0.00348631	0.0219032	0.0706354	0.164426	0.00208146	0.00363779
108	0.0512821	0.00724468	0.00953218	0.00150509	0.000571574	0.868867	0.000859004	0.000965748	0.00129872	0.00252145	0.000468713	0.0166258	0.00657696	0.00130288	0.000749041	0.0211449	0.00481621	0.00250457	0.000198729	0.00096508
109	0.0275276	0.045239	0.0534114	0.011526	0.00564681	0.0167492	0.0185431	0.0114416	0.0126513	0.0162339	0.00744025	0.64329	0.00668613	0.0122956	0.0201093	0.0477119	0.0213756	0.0144486	0.00155762	0.00611548
110	0.0919807	0.0173892	0.00241471	0.00223247	0.004025	0.0170274	0.00194298	0.022965	0.00322288	0.00657063	0.0026826	0.00331122	0.00319257	0.00321521	0.00293604	0.0492044	0.147311	0.615021	0.000718602	0.00263605
111	0.211528	0.0248368	0.00117745	0.00143679	0.00336403	0.0182165	0.00359447	0.0853118	0.00719536	0.00681378	0.00158485	0.00447965	0.0127322	0.00423425	0.00515291	0.0721665	0.0591265	0.473519	0.0019007	0.00162875
112	0.0228477	0.00136745	0.00033416	0.00355077	0.00945977	0.000364745	0.000306903	0.328937	0.000381636	0.255134	0.0078696	0.000746652	0.000220718	0.000487401	0.000699944	0.0026067	0.00712924	0.356896	0.00011698	0.000543382
113	0.00877234	0.0131874	0.00288864	0.00140057	0.333615	0.0023317	0.0135563	0.0643793	0.00505858	0.292181	0.0577879	0.0023564	0.000946658	0.00959657	0.00552511	0.005251	0.00780559	0.0301156	0.0551866	0.0880582
114	0.0675011	0.0170927	0.0400547	0.0413415	0.0124331	0.02333	0.0161516	0.0936265	0.243987	0.0399124	0.0174117	0.107984	0.0115753	0.0386652	0.0579947	0.0587414	0.0487942	0.0409251	0.00401695	0.0184607
115	0.0881409	0.00627343	0.0124751	0.0197106	0.00289249	0.0163835	0.011988	0.00282318	0.029706	0.0101029	0.00780088	0.0106151	0.652338	0.0082098	0.0166203	0.0584252	0.0215303	0.0149401	0.00268315	0.00634146
116	0.297069	0.00826523	0.00342035	0.00146318	0.000654936	0.00230807	0.00065974	0.00105814	0.00099823	0.00229263	0.000878726	0.00517447	0.0084475	0.00137036	0.000864455	0.63133	0.0208403	0.00472692	0.000311359	0.00786694
117	0.0679214	0.0242348	0.261397	0.0772102	0.0529794	0.00394093	0.0195155	0.021306	0.00398282	0.0217155	0.00257125	0.0565876	0.109916	0.0382247	0.0213314	0.0821328	0.065923	0.0435594	0.00126292	0.0242871
118	0.140322	0.00407049	0.00402937	0.0222389	0.0210938	0.0231767	0.0629001	0.00470614	0.0346366	0.00642601	0.0423341	0.123528	0.00283935	0.00575826	0.0401755	0.252767	0.17444	0.0113281	0.00179879	0.0214302
119	0.216767	0.0109287	0.00427783	0.00588233	0.0042961	0.0339787	0.00728557	0.00638679	0.00669392	0.00803899	0.00539775	0.0767625	0.0107995	0.131414	0.00609316	0.369634	0.0558422	0.0331087	0.0012703	0.00514189
120	0.101548	0.00190562	0.00209865	0.0136199	0.00215295	0.0031996	0.00160738	0.270118	0.00195177	0.106722	0.0884055	0.0133974	0.00588604	0.0207337	0.00221624	0.0459621	0.051631	0.262148	0.00053262	0.0041637
121	0.0704923	0.00255103	0.00268294	0.00239693	0.0755642	0.00278844	0.0435058	0.00380464	0.00411848	0.415212	0.00193246	0.00322596	0.0155156	0.00321999	0.0159381	0.0322621	0.039524	0.065632	0.00137267	0.19826
122	0.311025	0.0077055	0.00366163	0.00137822	0.000586631	0.00154045	0.00063044	0.00090253	0.000882824	0.0020624	0.000735119	0.0050532	0.00835303	0.00105667	0.000897908	0.62451	0.0154984	0.00491077	0.000273903	0.00833571
123	0.119325	0.00972133	0.00263028	0.00371935	0.00346891	0.0634438	0.00570071	0.00608138	0.00409991	0.00728512	0.00515889	0.193456	0.0326504	0.0577541	0.00408979	0.417718	0.0472702	0.0109778	0.0012631	0.00418578
124	0.0133566	0.00155407	0.00156864	0.0265659	0.0465368	0.00243121	0.1131	0.00216919	0.0140078	0.0382191	0.00128322	0.0290054	0.00119114	0.0855272	0.0020725	0.0375216	0.0122488	0.0103644	0.147154	0.414122
125	0.0136314	0.0025838	0.00352169	0.00129527	0.233868	0.00214119	0.013041	0.150868	0.00710271	0.240902	0.0183322	0.00226741	0.00103635	0.00401139	0.016537	0.00588301	0.0213718	0.0924073	0.0634327	0.105766
126	0.0210044	0.0147137	0.000414353	0.000826553	0.0194172	0.00108119	0.00255591	0.209121	0.000620709	0.438312	0.0628867	0.00430669	0.00230453	0.00215802	0.00233935	0.00403551	0.0156857	0.194398	0.00318177	0.000636228
127	0.012687	0.00357205	0.00755423	0.00309924	0.145318	0.00916429	0.0772378	0.0721448	0.00287022	0.0867968	0.100324	0.0043585	0.00205566	0.0394435	0.00937856	0.00640172	0.0123805	0.0613057	0.0155489	0.328359
128	0.0153353	0.0010706	0.0696347	0.153791	0.00108321	0.0189056	0.0186916	0.00187281	0.201903	0.0125954	0.000929756	0.0860456	0.00358225	0.229598	0.111274	0.0260015	0.0396433	0.00226373	0.00258647	0.0031927
129	0.033224	0.00207688	0.000374266	0.00385369	0.00917002	0.000451451	0.000327019	0.356292	0.000634276	0.228433	0.0104321	0.00112851	0.0002746	0.00135313	0.00080158	0.00441506	0.00872689	0.337249	0.000116432	0.000666111
130	0.00302955	0.0209542	0.00105863	0.00117489	0.357815	0.00120788	0.00417457	0.0276838	0.00164364	0.434425	0.0734845	0.00138497	0.000808414	0.00390217	0.00131428	0.00301562	0.00236798	0.00745537	0.0172204	0.0358794
131	0.0130831	0.00283516	0.00329597	0.279502	0.00246662	0.00336859	0.0044787	0.0817624	0.0711934	0.0952121	0.0373208	0.00464869	0.00224603	0.10697	0.232727	0.00848766	0.0396554	0.00595581	0.00120653	0.00358305
132	0.0174843	0.00106998	0.055552	0.801645	0.000766076	0.00340036	0.00627814	0.00258917	0.0243149	0.00316035	0.000979461	0.00445518	0.001485	0.0190095	0.0211762	0.0179088	0.0143653	0.00277476	0.000292479	0.00129351
133	0.670238	0.0305087	0.00152276	0.000431182	0.000397137	0.0444795	0.000398055	0.00244304	0.000716002	0.00120351	0.000423878	0.00373578	0.00179773	0.000485193	0.000461493	0.198898	0.0267501	0.0129055	0.000125973	0.00207873
134	0.0511596	0.00649353	0.00815432	0.00120497	0.000505266	0.874779	0.000982204	0.00110941	0.00126158	0.00212432	0.0007056	0.0151097	0.00642455	0.00131529	0.000613852	0.0200827	0.00435867	0.00230604	0.000191931	0.00111734
135	0.00968186	0.00116119	0.000471089	0.00061583	0.0252362	0.00181878	0.000886535	0.078595	0.000549873	0.740941	0.0786256	0.00103811	0.000467254	0.00391053	0.00112606	0.00507303	0.0116402	0.037068	0.000588372	0.000505111
136	0.0603228	0.00542682	0.00940629	0.0134677	0.0024042	0.0135931	0.0110169	0.00458743	0.0161215	0.00701866	0.00690457	0.00559623	0.759832	0.00723998	0.0138535	0.0280623	0.0160074	0.0113918	0.00376731	0.00397906
137	0.107664	0.00651211	0.203213	0.121951	0.00114904	0.0228478	0.00896033	0.00167579	0.0968235	0.00414631	0.0011195	0.0300579	0.285791	0.0146582	0.0372704	0.0403289	0.00904801	0.00489678	0.000567907	0.00131865
138	0.0309941	0.00368744	0.0867028	0.00754599	0.000537246	0.723922	0.0039074	0.000787503	0.00706752	0.00128244	0.000561503	0.0922497	0.000422104	0.00408446	0.000717099	0.0289633	0.00142399	0.00107796	0.000215628	0.00384978
139	0.0519033	0.0115194	0.00149053	0.00101716	0.0062489	0.000899483	0.00086126	0.349968	0.000951712	0.0681248	0.0102991	0.00118454	0.00215316	0.00166204	0.00146479	0.0033203	0.0198607	0.463187	0.00106939	0.00281442
140	0.00566501	0.00369556	0.000217647	0.000261219	0.0052821	0.000359339	0.0002299	0.647515	0.00146205	0.030887	0.00537988	0.000370848	0.00149192	0.00164297	0.001651	0.00142939	0.00191553	0.287039	7.57339e-05	0.003429
141	0.0334029	0.00752975	0.0136694	0.0161192	0.00517298	0.0135302	0.0199139	0.0100036	0.0140126	0.0117827	0.00648273	0.30846	0.00660699	0.223437	0.0118727	0.142967	0.13042	0.0142476	0.00208938	0.00828007
142	0.00705199	0.0295864	0.00170527	0.00179064	0.336245	0.00205365	0.00376333	0.0262854	0.00267013	0.321793	0.174603	0.00239372	0.00136998	0.00450213	0.00223798	0.0053354	0.00599876	0.0193724	0.0221171	0.029125
143	0.0228477	0.00136745	0.00033416	0.00355077	0.00945977	0.000364745	0.000306903	0.328937	0.000381636	0.255134	0.0078696	0.000746652	0.000220718	0.000487401	0.000699944	0.0026067	0.00712924	0.356896	0.00011698	0.000543382
144	0.0659746	0.0057534	0.00522113	0.00626158	0.120524	0.0310504	0.0530802	0.0307428	0.00586599	0.0537253	0.00409814	0.105928	0.343668	0.00608445	0.005968	0.0396428	0.0682996	0.00844102	0.00155732	0.0381126
145	0.182417	0.0908188	0.00776876	0.00136216	0.00607904	0.0943841	0.000900814	0.0115217	0.00135425	0.0155796	0.00590603	0.00170851	0.0112616	0.00210981	0.00124406	0.321256	0.198565	0.0389415	0.000340623	0.00647998
146	0.175426	0.0886282	0.0088786	0.00146644	0.00611736	0.0931232	0.000904811	0.0115162	0.00134131	0.0164585	0.00610789	0.00195205	0.0113698	0.00218971	0.00137259	0.322902	0.20462	0.038721	0.000320583	0.00658398
147	0.0472175	0.000783337	0.410801	0.105891	0.000560847	0.040204	0.00765294	0.00285725	0.123577	0.00623972	0.000505153	0.130093	0.00396462	0.011236	0.0284339	0.0560206	0.0185477	0.00443735	0.000224408	0.000752616
148	0.16917	0.00180197	0.00770148	0.03781	0.00161507	0.00293976	0.0105141	0.0729271	0.0110504	0.0395803	0.00143862	0.00250413	0.0458992	0.0466211	0.037806	0.021716	0.172111	0.314495	0.000401218	0.00189709
149	0.126444	0.0371515	0.0017854	0.000654714	0.00525126	0.000671647	0.000510756	0.221791	0.000601026	0.0458877	0.0129325	0.00189809	0.00639994	0.000854362	0.000675852	0.00336515	0.0329188	0.496732	0.0014808	0.00199355
150	0.0352169	0.0366849	0.00130045	0.00164698	0.0795255	0.00663609	0.00477035	0.0929826	0.00189671	0.344019	0.107391	0.0126284	0.00207887	0.00509903	0.0021639	0.0304161	0.0830171	0.147823	0.00128089	0.00342144
151	0.255741	0.00267454	0.0560635	0.0651667	0.00123276	0.0581513	0.00688814	0.00389804	0.111836	0.00773094	0.00158867	0.0741352	0.00783857	0.0459539	0.0607354	0.17833	0.0449323	0.0101718	0.000465123	0.00646633
152	0.0313216	0.00332621	0.0830718	0.00560781	0.0028219	0.00640406	0.43342	0.00392944	0.00643092	0.00576882	0.00264538	0.0822811	0.00272052	0.00670639	0.0392839	0.264717	0.00848446	0.00587857	0.0013495	0.00383046
153	0.0490826	0.0013278	0.00143094	0.0751326	0.00127839	0.00128196	0.00119487	0.00807027	0.112249	0.00221243	0.00130423	0.00199084	0.497963	0.0170337	0.133082	0.0469668	0.0240336	0.0224494	0.0004639	0.00145187
154	0.0304596	0.0147336	0.253863	0.168846	0.0138939	0.00412977	0.215788	0.00304474	0.0491656	0.0365413	0.00191603	0.050931	0.00155006	0.0341351	0.0277293	0.0188132	0.00598974	0.00401011	0.0119718	0.0524879
155	0.00302955	0.0209542	0.00105863	0.00117489	0.357815	0.00120788	0.00417457	0.0276838	0.00164364	0.434425	0.0734845	0.00138497	0.000808414	0.00390217	0.00131428	0.00301562	0.00236798	0.00745537	0.0172204	0.0358794
156	0.680678	0.0265021	0.00142359	0.000447559	0.00025391	0.0472325	0.000281098	0.00209849	0.000402174	0.000753411	0.000276514	0.00365266	0.00144524	0.000513802	0.000384795	0.19769	0.0226454	0.011392	0.000106755	0.00182011
157	0.312272	0.0137124	0.000545091	0.000592386	0.00317252	0.534543	0.000444134	0.000672166	0.000618976	0.00719146	0.000460527	0.000947812	0.000649844	0.00625067	0.000608749	0.103626	0.00404039	0.00352189	0.00016762	0.00596184
158	0.0228162	0.00139799	0.000334384	0.00354345	0.00949017	0.000370843	0.000317924	0.328414	0.000381591	0.25571	0.00811679	0.000759517	0.000224646	0.000486794	0.000705942	0.00262046	0.00712885	0.356511	0.000127331	0.000543006
159	0.164446	0.0105019	0.0109093	0.0155244	0.0121405	0.0273657	0.0969352	0.0100244	0.020373	0.0123149	0.0148901	0.163896	0.00807837	0.0231075	0.0238821	0.203347	0.118513	0.0500085	0.00182114	0.011921
160	0.00401624	0.00115645	0.000443994	0.000640434	0.746911	0.0026685	0.00194697	0.000687444	0.000643307	0.00266601	0.00052091	0.00095931	0.000353907	0.000994849	0.000684887	0.0053908	0.00550868	0.00107053	0.0104774	0.212259
161	0.0765167	0.00991903	0.00753689	0.0181853	0.00839924	0.00871712	0.0109478	0.148123	0.0203744	0.0280859	0.0204777	0.0133405	0.0125742	0.0536321	0.0178479	0.0364574	0.306572	0.188525	0.00239759	0.0113706
162	0.090768	0.00784658	0.00324761	0.00117806	0.0014567	0.830785	0.000594769	0.00113565	0.00105656	0.00305691	0.000584639	0.00898154	0.0060604	0.00181056	0.000816691	0.0314245	0.00480171	0.00268309	0.000191098	0.00152017
163	0.33489	0.0258092	0.00523878	0.00444585	0.00405882	0.0308265	0.00296199	0.00590396	0.00911132	0.00826415	0.00474608	0.0142931	0.0113569	0.00539835	0.00603272	0.417368	0.0869507	0.015979	0.000614045	0.00575055
164	0.0851709	0.00936669	0.00153273	0.00208984	0.0101023	0.00378623	0.00173467	0.126486	0.00186615	0.0192565	0.0238363	0.00197768	0.00177898	0.00415775	0.00209688	0.0181659	0.295803	0.383233	0.000922195	0.00663614
165	0.00652183	0.0148315	0.00261611	0.00109976	0.381923	0.00139248	0.00875619	0.0473092	0.00649531	0.331017	0.0543377	0.00168006	0.00117727	0.00500233	0.00335891	0.00656769	0.00754544	0.0218597	0.0283737	0.0681354
166	0.0212341	0.000843263	0.0585273	0.0892645	0.00095056	0.0355199	0.0285022	0.00139656	0.16473	0.0118786	0.000758913	0.092776	0.00361117	0.239688	0.145223	0.0335766	0.0632216	0.00163219	0.00307838	0.00358701
167	0.0392254	0.00188684	0.0378538	0.0339795	0.00181488	0.109073	0.180613	0.00255129	0.0555615	0.0137469	0.0128695	0.0359589	0.001381	0.0747813	0.0655	0.139647	0.121073	0.0139507	0.0220557	0.0364777
168	0.0107964	0.00393702	0.000456747	0.000573601	0.0250749	0.00112398	0.00186614	0.153984	0.000735496	0.616674	0.0830092	0.00139469	0.000951627	0.00260168	0.00162207	0.002988	0.0106414	0.0791706	0.00174379	0.000655155
169	0.0103371	0.00167953	0.00169002	0.018913	0.0597663	0.00252699	0.100436	0.00318401	0.00868172	0.0554459	0.00280658	0.0270217	0.00104899	0.086824	0.00248648	0.0268816	0.00961385	0.00914759	0.134966	0.436543
170	0.0650114	0.00108555	0.0480372	0.142679	0.000908651	0.00145827	0.00217327	0.0294153	0.105998	0.0943706	0.0299299	0.0183757	0.000982833	0.259506	0.0555724	0.0443623	0.0516394	0.0300194	0.00613274	0.0123412
171	0.074514	0.0186065	0.00231194	0.000502399	0.00526408	0.000433187	0.00038673	0.237449	0.000449724	0.0479537	0.0130156	0.000594299	0.00239897	0.000615553	0.000529334	0.00157761	0.0306375	0.558487	0.00173012	0.00254281
172	0.317656	0.0136781	0.000549937	0.000600102	0.00325968	0.527571	0.000446966	0.000664957	0.000598797	0.00717274	0.000432333	0.00085854	0.000482539	0.00635632	0.000601224	0.105148	0.00415562	0.00357342	0.000165301	0.00602823
173	0.0722842	0.00123497	0.126948	0.18391	0.00902397	0.0545457	0.00614172	0.0109648	0.097866	0.00236661	0.000939084	0.126635	0.00295691	0.135637	0.0188699	0.0639334	0.0784869	0.00477489	0.000410565	0.0020703
174	0.110346	0.0122654	0.0131812	0.00653773	0.00529531	0.11754	0.101906	0.00624565	0.00888463	0.0105146	0.00522682	0.409137	0.0050048	0.0146608	0.0687638	0.0682136	0.017476	0.011226	0.00168521	0.0058889
175	0.0162714	0.00993539	0.000380926	0.000591383	0.0169366	0.000780766	0.00221625	0.209599	0.000892851	0.469552	0.0721579	0.0025327	0.00184954	0.00104382	0.00323608	0.00205611	0.0130506	0.173011	0.0033247	0.00058183
176	0.0227557	0.00188202	0.0759861	0.66658	0.00172104	0.00658041	0.0133495	0.00664875	0.0350289	0.00830098	0.00335793	0.0138196	0.00367212	0.0523126	0.0317278	0.0253885	0.0219073	0.00540458	0.000935339	0.00264138
177	0.126436	0.100108	0.0344781	0.0076079	0.00695386	0.0998454	0.00376256	0.0127787	0.00506405	0.0180137	0.0064105	0.0216921	0.0113668	0.00749437	0.00723827	0.244631	0.241582	0.0345057	0.00161695	0.00841387
178	0.0516662	0.00844979	0.00218255	0.00148837	0.00108185	0.845147	0.0013828	0.00169143	0.00218185	0.00415605	0.00125617	0.0107006	0.0185535	0.00178099	0.00161081	0.0296624	0.0107167	0.00419491	0.000699382	0.00139665
179	0.0307123	0.00437153	0.0774159	0.00734725	0.000550194	0.742513	0.00335062	0.000900844	0.00684459	0.00177955	0.000576637	0.0825039	0.00108529	0.00410428	0.00081807	0.0278556	0.00200766	0.00121818	0.000217866	0.00382699
180	0.0736399	0.00633826	0.0358054	0.0712752	0.00511008	0.0231003	0.0191883	0.0136362	0.26344	0.0172676	0.00960588	0.0381605	0.00928755	0.119013	0.104778	0.0984097	0.0551436	0.0208209	0.00339395	0.0125852
181	0.0132922	0.0186929	0.0853254	0.0103795	0.00259001	0.00713938	0.016259	0.0041803	0.0170616	0.00546494	0.00411105	0.720335	0.00334211	0.00532942	0.0317436	0.036803	0.00803932	0.00535075	0.000817044	0.00374312
182	0.00422891	0.000521399	0.000431395	0.000528695	0.810684	0.00296148	0.000485041	0.000600333	0.000616479	0.000870332	0.000472433	0.000770606	0.00036989	0.000715082	0.000585658	0.00497135	0.00492167	0.000950734	0.0108849	0.153429
183	0.0172287	0.00657366	0.00468794	0.00482591	0.00820489	0.0370651	0.133077	0.54452	0.00678242	0.0106279	0.0105474	0.00663738	0.00427006	0.0353803	0.0129582	0.0142944	0.0458262	0.0866093	0.00182515	0.00805812
184	0.0162121	0.0126917	0.000469978	0.000476875	0.0410086	0.00102988	0.00291876	0.185242	0.00070885	0.475182	0.0712236	0.00287779	0.00206567	0.0011288	0.00312576	0.00281744	0.0134574	0.151417	0.010302	0.00564365
185	0.0688859	0.0167851	0.00224594	0.000712726	0.00524739	0.000405209	0.000420699	0.237246	0.000455984	0.0526279	0.012016	0.000561372	0.00245449	0.000776151	0.000491253	0.00185006	0.0290922	0.562973	0.00171956	0.00303346
186	0.0453647	0.0107061	0.0337873	0.0253423	0.0380681	0.0914042	0.219594	0.0207393	0.0241097	0.0302047	0.0197026	0.051674	0.0110161	0.0448975	0.0314947	0.0606462	0.0474996	0.0263848	0.016064	0.151301
187	0.114572	0.00546093	0.0128255	0.0305905	0.000643831	0.0283517	0.0190008	0.0012024	0.0724139	0.0172081	0.0104191	0.0211151	0.47541	0.00922341	0.0213027	0.0931462	0.0319077	0.0246126	0.000374818	0.010219
188	0.0258764	0.00283896	0.0345326	0.0119783	0.00175178	0.00312664	0.00207561	0.00576558	0.00846405	0.00447739	0.00169742	0.0881405	0.00156282	0.033483	0.0025208	0.317883	0.439154	0.00494687	0.00064384	0.00907979
