221	20
1	0.0337941	0.0121848	0.01623	0.0518461	0.00424322	0.0234096	0.0264015	0.0155274	0.283932	0.0277193	0.0145145	0.00796762	0.0519562	0.0542793	0.287589	0.0456148	0.0136851	0.00944233	0.00066211	0.0190017
2	0.0398927	0.0346381	0.00662408	0.00676438	0.0088472	0.0440333	0.00738576	0.00984359	0.0140944	0.0120702	0.00738766	0.122784	0.0583613	0.0246157	0.00902862	0.234678	0.339544	0.0123082	0.00158385	0.00551483
3	0.157996	0.00692476	0.0849407	0.0562745	0.00914736	0.0554549	0.0120868	0.0149478	0.0361008	0.0271075	0.0149725	0.0545454	0.118461	0.0420472	0.0201349	0.132453	0.102826	0.0426206	0.00194173	0.00901605
4	0.136392	0.0109368	0.029607	0.0422512	0.0210068	0.0376534	0.0313278	0.0474522	0.0365281	0.0852521	0.0269095	0.0273556	0.0290704	0.104824	0.0241977	0.139319	0.0681973	0.090586	0.000621161	0.0105121
5	0.0457297	0.00125658	0.356093	0.375301	0.00574244	0.00948276	0.0055307	0.00786615	0.0190679	0.00612183	0.00465289	0.0251894	0.00765823	0.0321827	0.0116384	0.0444936	0.0313788	0.00687349	0.00019768	0.00354272
6	0.00992603	0.0127913	0.00422809	0.00153213	0.0108496	0.004401	0.00635666	0.412423	0.00603193	0.144458	0.0290363	0.00724041	0.00114769	0.00453937	0.00364757	0.0113717	0.024494	0.287289	0.000381385	0.0178551
7	0.0969588	0.0205116	0.00924023	0.010032	0.0265349	0.00644137	0.0110702	0.225865	0.0141073	0.152629	0.0432824	0.0150145	0.014155	0.0216505	0.0143191	0.0588741	0.0615661	0.186215	0.00267727	0.00885549
8	0.0288153	0.00796513	0.0146987	0.00452048	0.00129218	0.00284061	0.00673672	0.0101505	0.436811	0.0228864	0.00213144	0.0055985	0.00666994	0.0506722	0.343832	0.0225011	0.015654	0.0135885	0.000310635	0.00232455
9	0.130155	0.0473251	0.0186482	0.0307092	0.0128502	0.0195177	0.0526807	0.0528055	0.0248672	0.041461	0.0116214	0.125522	0.00555215	0.0481842	0.0155188	0.199609	0.0926405	0.0441369	0.000470253	0.0257257
10	0.0617641	0.0340061	0.00117514	0.000934905	0.0327651	0.000823948	0.0015103	0.263171	0.00553808	0.24898	0.0636814	0.0105463	0.00188974	0.00339107	0.0079959	0.0388179	0.056427	0.156771	0.00434082	0.00547046
11	0.0670697	0.0190031	0.0326718	0.0243366	0.00747287	0.00225365	0.0126513	0.0253717	0.250977	0.0210104	0.0108396	0.0801061	0.00540143	0.0682874	0.22525	0.0500444	0.0544729	0.0371548	0.00270086	0.00292514
12	0.0457297	0.00125658	0.356093	0.375301	0.00574244	0.00948276	0.0055307	0.00786615	0.0190679	0.00612183	0.00465289	0.0251894	0.00765823	0.0321827	0.0116384	0.0444936	0.0313788	0.00687349	0.00019768	0.00354272
13	0.129208	0.0415784	0.0186491	0.0292536	0.0111169	0.0178345	0.0517938	0.0386065	0.0161427	0.0600661	0.021638	0.181135	0.00401422	0.0456346	0.0159116	0.170685	0.0551012	0.0556411	0.00134674	0.0346431
14	0.00947197	0.000781203	0.00290666	0.0008695	0.0646934	0.000673406	0.00172302	0.125364	0.00226096	0.628725	0.0702373	0.00306352	0.00623374	0.00516615	0.00143552	0.0054779	0.00644759	0.0634643	0.000255781	0.000749388
15	0.0456896	0.00127784	0.355412	0.373555	0.00576823	0.00946385	0.00559596	0.00855576	0.0199096	0.00626822	0.00481841	0.0251941	0.0076178	0.0322278	0.0115939	0.0439682	0.0316717	0.00764026	0.000205376	0.00356583
16	0.0457297	0.00125658	0.356093	0.375301	0.00574244	0.00948276	0.0055307	0.00786615	0.0190679	0.00612183	0.00465289	0.0251894	0.00765823	0.0321827	0.0116384	0.0444936	0.0313788	0.00687349	0.00019768	0.00354272
17	0.0582635	0.0339933	0.00119397	0.000902673	0.0316086	0.000877778	0.00163926	0.272722	0.00534233	0.244002	0.0627595	0.0103768	0.00164816	0.00342365	0.00748852	0.0368863	0.0533958	0.16392	0.00412649	0.00542909
18	0.174243	0.00497222	0.0718073	0.0731852	0.00415976	0.118405	0.00508714	0.00470971	0.0236696	0.0165424	0.0025644	0.0391858	0.0564817	0.0253475	0.0193066	0.251843	0.0971127	0.00624455	0.000557953	0.00457396
19	0.030611	0.00826614	0.0158677	0.00560423	0.00154065	0.00277979	0.0068566	0.0107269	0.431523	0.0229426	0.00259919	0.00820832	0.00653465	0.0512001	0.336808	0.0235657	0.0170243	0.0146651	0.000366304	0.00230982
20	0.120032	0.0655593	0.0193207	0.0232724	0.0119456	0.0258489	0.042416	0.0515041	0.0155944	0.0497778	0.0169908	0.145755	0.00213888	0.0469281	0.0170022	0.17905	0.0725635	0.0519791	0.000767604	0.0415535
21	0.0104105	0.00145686	0.00285938	0.000876337	0.0641562	0.000664756	0.00171265	0.129805	0.0023039	0.61949	0.0702071	0.00320192	0.00615444	0.00504015	0.00147401	0.00611602	0.00741376	0.065527	0.000310475	0.000818794
22	0.134448	0.0198943	0.0210452	0.0247723	0.018793	0.0524767	0.0260643	0.0399857	0.0297056	0.0966767	0.0269176	0.0389066	0.00877227	0.0880875	0.0341756	0.188349	0.0626302	0.0777378	0.00102439	0.009537
23	0.0599137	0.0309591	0.00122192	0.00112192	0.0350977	0.000895854	0.00190804	0.268392	0.0067908	0.231217	0.0825282	0.0101131	0.00180705	0.00419746	0.00915821	0.0358732	0.0528424	0.156497	0.00390369	0.00556188
24	0.0318163	0.00812524	0.0156708	0.00640402	0.00174981	0.00271467	0.00720056	0.0112039	0.425743	0.022559	0.00284167	0.0106162	0.0067536	0.0505672	0.335956	0.0237543	0.0174264	0.0160397	0.000446873	0.00241147
25	0.119145	0.0264704	0.0277853	0.0368817	0.0181992	0.0323226	0.0386375	0.058273	0.032298	0.0882296	0.0360277	0.0628925	0.00747594	0.0613229	0.0185287	0.150598	0.0887027	0.0832521	0.000453135	0.0125045
26	0.0555488	0.029112	0.0014348	0.00124531	0.0399103	0.00115701	0.00283043	0.258183	0.0133912	0.224919	0.0746806	0.0113759	0.00174524	0.00564864	0.0198689	0.0380628	0.0493625	0.158213	0.00312835	0.0101814
27	0.0414039	0.0200365	0.00178586	0.00092192	0.0436138	0.000941164	0.00164572	0.215408	0.00418992	0.398201	0.0646756	0.00726506	0.00339629	0.00407867	0.00528023	0.0243162	0.0341814	0.122118	0.00252425	0.00401666
28	0.0617044	0.117161	0.0113529	0.0312857	0.0345712	0.012682	0.0935551	0.0291761	0.0376015	0.0636936	0.031711	0.0416699	0.00882923	0.081606	0.017895	0.104871	0.0997516	0.0446395	0.00214644	0.0740967
29	0.115861	0.010403	0.07078	0.0618923	0.00862952	0.0908836	0.0197539	0.0171137	0.0452141	0.0380218	0.0104754	0.0685998	0.0343404	0.0377607	0.0324684	0.235155	0.0702848	0.0227779	0.00103691	0.00854778
30	0.0865034	0.00388795	0.0756968	0.134081	0.0150104	0.0155005	0.045907	0.0156851	0.0523044	0.0357451	0.0234858	0.0666609	0.00609704	0.195217	0.0443331	0.0749741	0.0535588	0.034707	0.0101821	0.0104626
31	0.0134007	0.00363954	0.00288435	0.000913811	0.0598605	0.0008488	0.00182561	0.156867	0.00286024	0.560584	0.066372	0.00355237	0.00546386	0.00493556	0.00195429	0.00819713	0.0117116	0.0918751	0.000518301	0.00173551
32	0.14745	0.078767	0.00353838	0.00363838	0.0199624	0.0389076	0.00467366	0.0287838	0.0096779	0.0532523	0.0326672	0.0251439	0.00217049	0.0186616	0.0271937	0.24454	0.103333	0.107633	0.00510642	0.0448988
33	0.0698094	0.0040624	0.0797581	0.108454	0.0241505	0.0209813	0.054506	0.0172364	0.0554508	0.0466369	0.0223273	0.0765334	0.00462876	0.157366	0.0465118	0.0782048	0.0667053	0.048186	0.00449949	0.0139907
34	0.128624	0.0108159	0.0404703	0.0612892	0.024533	0.0431802	0.0359948	0.0449408	0.0427848	0.0931225	0.0269505	0.0491149	0.0117105	0.0875376	0.0273573	0.12475	0.0604057	0.0755718	0.00122196	0.00962432
35	0.0607051	0.031251	0.00121521	0.00109819	0.0372018	0.000924099	0.00168333	0.266669	0.00689887	0.233316	0.0759539	0.00985594	0.00181093	0.00442124	0.00980819	0.0366324	0.0527241	0.15831	0.00382094	0.00570024
36	0.0549807	0.0715156	0.00956991	0.012652	0.0953615	0.0308133	0.113613	0.145053	0.0213789	0.0582078	0.0745103	0.0448805	0.00778916	0.020137	0.017522	0.0561786	0.0288046	0.0522151	0.00393169	0.0808857
37	0.102822	0.00260187	0.0668357	0.146607	0.00268499	0.0250376	0.0238166	0.022645	0.106562	0.0163311	0.0202131	0.10107	0.00491421	0.098906	0.0681856	0.119635	0.0511361	0.0130676	0.000994404	0.00593426
38	0.0587184	0.0330274	0.0011706	0.000920838	0.0318539	0.00081599	0.00150985	0.272154	0.00537144	0.242425	0.062995	0.0103768	0.0017422	0.00346947	0.00740359	0.0372435	0.0551068	0.164277	0.00417205	0.0052465
39	0.00947197	0.000781203	0.00290666	0.0008695	0.0646934	0.000673406	0.00172302	0.125364	0.00226096	0.628725	0.0702373	0.00306352	0.00623374	0.00516615	0.00143552	0.0054779	0.00644759	0.0634643	0.000255781	0.000749388
40	0.0604691	0.0062685	0.0164636	0.0458134	0.0789273	0.0248078	0.0729318	0.0725569	0.0594323	0.0688635	0.00774899	0.0153203	0.0840767	0.0671171	0.0362988	0.0880313	0.0336287	0.077955	0.00927946	0.0740093
41	0.125991	0.00566643	0.0327332	0.0384306	0.0216458	0.019891	0.0374916	0.0795211	0.0250957	0.132041	0.0502996	0.0267643	0.0109715	0.0882	0.0216652	0.110041	0.0759568	0.0873557	0.000452535	0.0097859
42	0.00947197	0.000781203	0.00290666	0.0008695	0.0646934	0.000673406	0.00172302	0.125364	0.00226096	0.628725	0.0702373	0.00306352	0.00623374	0.00516615	0.00143552	0.0054779	0.00644759	0.0634643	0.000255781	0.000749388
43	0.0120673	0.012306	0.0045592	0.00096208	0.0125509	0.00203134	0.00404843	0.42749	0.00510972	0.102884	0.0322775	0.00738685	0.00101844	0.00447866	0.00156869	0.0121356	0.0322273	0.316465	0.000215072	0.00821776
44	0.0355284	0.0106211	0.108289	0.079426	0.0205178	0.012226	0.145949	0.0200066	0.0457631	0.0206807	0.00960271	0.128529	0.00591126	0.0712724	0.0443997	0.128108	0.0410519	0.0245648	0.00261287	0.0449392
45	0.0680797	0.0334969	0.00195166	0.00180417	0.0343535	0.00176348	0.00294535	0.248744	0.00702492	0.233892	0.0596615	0.0116485	0.00243998	0.00499392	0.0104869	0.0409481	0.0598429	0.163039	0.0041265	0.00875616
46	0.14866	0.0788898	0.0031887	0.00304836	0.0200993	0.0399618	0.00386658	0.0282468	0.0105656	0.0534954	0.0340472	0.0228354	0.00217337	0.018509	0.0277678	0.240413	0.103752	0.110985	0.00518532	0.0443095
47	0.119432	0.0113969	0.0317825	0.0407784	0.0228951	0.0280067	0.0481597	0.0624045	0.0269692	0.109638	0.038994	0.0418886	0.00932292	0.0959621	0.0245731	0.123152	0.073128	0.0798601	0.000957594	0.0106982
48	0.00960814	0.0129612	0.00430551	0.00133552	0.0106174	0.00395076	0.00590701	0.419377	0.00562065	0.139798	0.0290585	0.00688424	0.0010717	0.00443283	0.00273817	0.0109016	0.0247733	0.289942	0.000357312	0.0163589
49	0.0255028	0.0100347	0.00192983	0.00663624	0.363865	0.00652761	0.0232949	0.0683011	0.0205579	0.0954068	0.0239029	0.018615	0.0109492	0.0158426	0.0114793	0.0229336	0.0250769	0.0302382	0.0256922	0.193213
50	0.170754	0.0374528	0.0103634	0.00960409	0.0107811	0.0890413	0.0126313	0.0232519	0.0135448	0.045426	0.014574	0.0396969	0.00423601	0.0222288	0.0339857	0.335741	0.0668348	0.0424005	0.00200741	0.0154441
51	0.119563	0.0519136	0.016981	0.0247572	0.0154102	0.0340431	0.0517357	0.0825037	0.0244494	0.0468209	0.0162597	0.127048	0.00358085	0.0436384	0.016037	0.151303	0.0853911	0.0536383	0.000695602	0.0342297
52	0.0554525	0.0315916	0.00120392	0.00102035	0.0331238	0.00109664	0.00179013	0.256443	0.00516111	0.28263	0.060717	0.0099672	0.00201873	0.0037007	0.00735133	0.0364532	0.0495947	0.150629	0.0039891	0.00606492
53	0.00947197	0.000781203	0.00290666	0.0008695	0.0646934	0.000673406	0.00172302	0.125364	0.00226096	0.628725	0.0702373	0.00306352	0.00623374	0.00516615	0.00143552	0.0054779	0.00644759	0.0634643	0.000255781	0.000749388
54	0.027263	0.0133888	0.0140526	0.0444528	0.00430548	0.0281801	0.0346836	0.0166826	0.285595	0.027369	0.0165444	0.00701036	0.0398116	0.0422027	0.311731	0.0434982	0.0105504	0.00768063	0.00163231	0.0233651
55	0.0265376	0.0183515	0.0202879	0.0185537	0.0493454	0.00834207	0.208421	0.0430493	0.0272091	0.0256243	0.0111336	0.111094	0.0137203	0.0842841	0.065176	0.0918722	0.0575516	0.0241237	0.00277583	0.0925459
56	0.121516	0.00954322	0.0398574	0.0390308	0.025412	0.0415204	0.0314763	0.0566637	0.0414547	0.112432	0.0300785	0.0465848	0.0108592	0.0834153	0.0308288	0.126013	0.0588826	0.0837065	0.000931434	0.00979323
57	0.143784	0.00461034	0.0932362	0.0786805	0.00546648	0.109063	0.00604588	0.00491642	0.0343934	0.0190876	0.00499509	0.0416463	0.10033	0.0350331	0.0245945	0.187121	0.0823191	0.012363	0.00130235	0.0110124
58	0.0934033	0.0194699	0.0789255	0.0924138	0.00689997	0.0289767	0.0347257	0.0328267	0.0756164	0.0227143	0.0143566	0.102754	0.00396705	0.0486671	0.0632265	0.167648	0.0704825	0.0318806	0.000939637	0.0101052
59	0.0286894	0.0256557	0.0258928	0.0663442	0.00718571	0.0315412	0.0329936	0.0321163	0.209247	0.0407637	0.0320745	0.0105126	0.05267	0.0508964	0.227059	0.057904	0.0163295	0.0108146	0.0018675	0.0394421
60	0.145991	0.0794985	0.00294016	0.0028125	0.0211458	0.0404547	0.00391628	0.0284728	0.00943138	0.053501	0.0339051	0.023857	0.00209286	0.0179915	0.0289422	0.243784	0.102247	0.107985	0.00571071	0.0453213
61	0.0492748	0.00220341	0.221232	0.273245	0.0109293	0.0150296	0.0223606	0.00973191	0.0471153	0.0160054	0.00788585	0.0616781	0.00964818	0.0960573	0.0379917	0.0641574	0.0312727	0.0119381	0.00159019	0.0106528
62	0.015039	0.0140013	0.00429379	0.000906323	0.0143618	0.00192981	0.00379799	0.417766	0.00516275	0.112524	0.0355636	0.00753783	0.000912483	0.00436448	0.00196417	0.0139326	0.0345801	0.302922	0.000558159	0.00788226
63	0.00958837	0.000831896	0.00290901	0.000867799	0.0646178	0.000677345	0.00172211	0.125615	0.00227272	0.627996	0.0702242	0.00307185	0.00623575	0.00515908	0.00145215	0.00554154	0.00654723	0.063646	0.000267873	0.000755715
64	0.0551964	0.0056498	0.121667	0.104362	0.052887	0.0253136	0.0339142	0.135341	0.0450811	0.0543735	0.00833788	0.0314028	0.0305502	0.037166	0.01316	0.0696921	0.0311043	0.0605495	0.0197657	0.0644858
65	0.128419	0.00545806	0.0324793	0.0381823	0.0221216	0.0185638	0.0369109	0.0836237	0.0237371	0.133552	0.051547	0.0258838	0.0103907	0.0856908	0.0216369	0.106034	0.0766695	0.0872708	0.000498578	0.0113295
66	0.0607061	0.0343563	0.00109583	0.000969676	0.0325523	0.000844161	0.0016005	0.264093	0.00546625	0.249242	0.0680465	0.0108	0.00175119	0.00334542	0.00782315	0.0378913	0.0551973	0.154348	0.00450246	0.00536895
67	0.0554942	0.0304088	0.00132128	0.00110916	0.0374893	0.00113739	0.00249258	0.261177	0.011261	0.229883	0.0729292	0.0109226	0.00171911	0.00484444	0.016953	0.0366784	0.0494809	0.16192	0.00333885	0.00943944
68	0.0683176	0.0156565	0.0365168	0.0245129	0.00908032	0.00223045	0.00930029	0.0227576	0.255644	0.0261716	0.0107934	0.0808547	0.00763326	0.0694538	0.207701	0.0561274	0.0468844	0.045294	0.00243767	0.00263265
69	0.129781	0.0649411	0.0116649	0.014921	0.025131	0.056236	0.0264792	0.050402	0.0162849	0.0451408	0.0220669	0.0881852	0.00341916	0.0290453	0.0290641	0.183888	0.0850309	0.0749059	0.00266866	0.0407438
70	0.108117	0.00455226	0.039975	0.0165275	0.00605773	0.0099971	0.0340935	0.0123727	0.0779497	0.0551602	0.0456404	0.027427	0.170399	0.116468	0.0316226	0.153671	0.0387787	0.0437699	0.00131683	0.00610318
71	0.0457297	0.00125658	0.356093	0.375301	0.00574244	0.00948276	0.0055307	0.00786615	0.0190679	0.00612183	0.00465289	0.0251894	0.00765823	0.0321827	0.0116384	0.0444936	0.0313788	0.00687349	0.00019768	0.00354272
72	0.0137925	0.0134347	0.00457943	0.000902389	0.0130503	0.00195398	0.00387906	0.423208	0.0051484	0.107128	0.0341669	0.00771821	0.000927488	0.00449976	0.00172216	0.013415	0.0333927	0.308792	0.000396008	0.0078933
73	0.19901	0.0200083	0.024956	0.0274779	0.0440995	0.0652236	0.0146591	0.0182566	0.0228574	0.0286219	0.0119328	0.0568257	0.0461077	0.0322341	0.0175306	0.221575	0.100197	0.0314894	0.00352611	0.013411
74	0.059731	0.033591	0.00117122	0.000998526	0.0348441	0.000813356	0.00161877	0.261614	0.00586162	0.25251	0.0647786	0.0110115	0.00185521	0.00362127	0.00836505	0.038023	0.0548704	0.153903	0.00451856	0.00629968
75	0.0269859	0.0427244	0.0123927	0.0140389	0.0179474	0.00822126	0.17131	0.0437213	0.0642426	0.0477878	0.0134718	0.0774128	0.0338532	0.0520261	0.0431058	0.0683749	0.168093	0.0428579	0.00252109	0.0489111
76	0.144931	0.0834948	0.00333158	0.00374133	0.0221406	0.0369065	0.00622918	0.0267824	0.00991475	0.0532188	0.0325737	0.0226523	0.00214339	0.0206558	0.0269062	0.237609	0.104581	0.106473	0.00507625	0.0506386
77	0.15632	0.0216837	0.0320789	0.0316185	0.00920491	0.10352	0.0112919	0.0134872	0.019651	0.0278951	0.00931844	0.0429097	0.0296309	0.0248785	0.0253054	0.301079	0.104482	0.0242882	0.00127266	0.010084
78	0.116655	0.0142798	0.0289855	0.0401108	0.0148259	0.0344809	0.0279507	0.0601129	0.0324599	0.0868892	0.0506267	0.0577515	0.00914974	0.0644376	0.017186	0.142604	0.112536	0.0793992	0.000919044	0.00863959
79	0.0136235	0.0132395	0.00434557	0.00102504	0.0132779	0.00216509	0.00449261	0.423491	0.00600717	0.108565	0.0462459	0.00786107	0.000932525	0.00439112	0.00211147	0.0124738	0.0311903	0.295585	0.000466781	0.00850925
80	0.0311556	0.0105633	0.00601242	0.00458611	0.076056	0.00642533	0.00850322	0.141314	0.0184658	0.423139	0.0695581	0.0121359	0.00612981	0.0176868	0.0148856	0.0313005	0.0216182	0.0804814	0.00193407	0.0180489
81	0.0321701	0.0357726	0.014114	0.0306727	0.0142326	0.0149083	0.0327739	0.0723675	0.2049	0.0804907	0.0466757	0.0217939	0.0170036	0.0320547	0.215258	0.0439377	0.026679	0.0358842	0.00187534	0.0264346
82	0.0457297	0.00125658	0.356093	0.375301	0.00574244	0.00948276	0.0055307	0.00786615	0.0190679	0.00612183	0.00465289	0.0251894	0.00765823	0.0321827	0.0116384	0.0444936	0.0313788	0.00687349	0.00019768	0.00354272
83	0.148113	0.0804476	0.00316255	0.00294759	0.020379	0.039322	0.00425079	0.0276159	0.00971965	0.0532599	0.0340301	0.0234692	0.00205726	0.0188001	0.0274674	0.243942	0.102255	0.107679	0.0052226	0.0458601
84	0.0612135	0.0344406	0.00103388	0.000919842	0.0331154	0.00080498	0.00145564	0.263911	0.00549202	0.250539	0.064409	0.0106539	0.00174011	0.00336518	0.00799789	0.0383592	0.0554494	0.155292	0.00437929	0.00542876
85	0.136165	0.00720777	0.0336908	0.0402081	0.0168695	0.0256449	0.03123	0.0577759	0.0402457	0.0927327	0.0362433	0.0310313	0.036663	0.0929138	0.0216706	0.134157	0.0697052	0.0875763	0.000534274	0.00773491
86	0.0569922	0.0328005	0.0013151	0.000912473	0.0309886	0.000925713	0.00172519	0.277531	0.00545795	0.236758	0.0620265	0.0104492	0.00170275	0.00350081	0.00743216	0.035633	0.05309	0.171318	0.00392965	0.00551099
87	0.132382	0.0631771	0.0189298	0.0320918	0.0245644	0.0332165	0.0510475	0.0509858	0.0212561	0.0440108	0.0176414	0.118414	0.00459675	0.0395163	0.0170166	0.156701	0.0799254	0.0644444	0.000830004	0.0292524
88	0.0279961	0.0138782	0.0145076	0.0485034	0.00408409	0.02812	0.0355294	0.0171701	0.275395	0.027836	0.0178725	0.00755141	0.0402113	0.0423704	0.30887	0.045547	0.0106101	0.00729762	0.000832126	0.0258178
89	0.0433218	0.0300986	0.00406227	0.00478452	0.0364993	0.00402774	0.0141197	0.200242	0.0484513	0.15156	0.0434032	0.0338165	0.0037433	0.00812746	0.0797784	0.0549145	0.0596804	0.123783	0.00186533	0.0537209
90	0.0102653	0.0122295	0.00458816	0.000926319	0.0119397	0.00212307	0.00413427	0.432411	0.00517109	0.104414	0.0325612	0.00736681	0.000848005	0.00441504	0.00148694	0.0111911	0.0307036	0.314341	0.000220955	0.00866283
91	0.0134685	0.0068431	0.00303335	0.000925428	0.0471755	0.00116644	0.00258723	0.218279	0.00338456	0.47481	0.0585394	0.00488028	0.00429252	0.00461909	0.00216227	0.00905781	0.0154167	0.125029	0.000606138	0.00372345
92	0.010623	0.00130828	0.00296386	0.00104293	0.0757193	0.00111391	0.00247623	0.123782	0.0029589	0.60648	0.0694505	0.00371498	0.00625889	0.00605295	0.00200171	0.00672571	0.00727892	0.0632347	0.000952569	0.00586056
93	0.0433391	0.00628253	0.00984939	0.0316275	0.140585	0.0247108	0.0374517	0.031006	0.0603452	0.0538038	0.0105081	0.0337217	0.034636	0.0556942	0.0521437	0.0501689	0.0201126	0.043688	0.150113	0.110213
94	0.0528639	0.0123049	0.053233	0.0427581	0.00574607	0.00208722	0.0135524	0.0141064	0.290554	0.0196136	0.0137544	0.071806	0.00368032	0.0744183	0.174326	0.0576636	0.0632227	0.027795	0.00267672	0.0038376
95	0.0254699	0.00927523	0.00174307	0.0063693	0.365726	0.00640271	0.0232083	0.0671618	0.0205703	0.0962458	0.0242827	0.0185956	0.0111309	0.0159932	0.0114029	0.0228593	0.0246581	0.0294479	0.0244923	0.194964
96	0.0264473	0.00935119	0.00208998	0.00710365	0.361974	0.00650857	0.02346	0.0678469	0.0210704	0.0959987	0.0240141	0.0185306	0.0122698	0.0167005	0.0116886	0.0235435	0.0250771	0.0297953	0.0243828	0.192147
97	0.0410419	0.00411131	0.163018	0.130089	0.00959765	0.020971	0.0457629	0.00811135	0.113253	0.0195745	0.0118408	0.113562	0.00270883	0.03712	0.0599575	0.0961744	0.0793988	0.0306105	0.000905717	0.0121909
98	0.0255774	0.0093798	0.00173025	0.00636444	0.365584	0.00643521	0.0235514	0.0668275	0.0206343	0.095888	0.0241009	0.0188407	0.0108916	0.0158887	0.0113858	0.0230078	0.0246853	0.0294278	0.0245545	0.195245
99	0.0416751	0.0235196	0.00249644	0.000900304	0.0255466	0.00121985	0.00239485	0.333032	0.00601321	0.171368	0.0583845	0.00919401	0.0015736	0.00419684	0.00596978	0.0283556	0.0468599	0.2287	0.00239335	0.00620621
100	0.0775327	0.00364405	0.0822908	0.135226	0.0137922	0.0159972	0.0499883	0.0118649	0.0596002	0.0272641	0.0175164	0.0707779	0.00574511	0.214186	0.0505842	0.0742165	0.0488078	0.0252213	0.00564704	0.0100976
101	0.0542322	0.00393975	0.0211576	0.00916799	0.0844499	0.0427886	0.026609	0.025351	0.0275165	0.280835	0.0826942	0.0444471	0.00405185	0.0933466	0.0279801	0.0662795	0.0182643	0.0521327	0.00135329	0.0334031
102	0.138773	0.00404666	0.0940836	0.0980744	0.00381571	0.112434	0.00351159	0.00382312	0.0286813	0.0174041	0.00268084	0.0440642	0.0949088	0.0363913	0.020591	0.19023	0.0922012	0.00825363	0.000534292	0.00549762
103	0.120928	0.0508458	0.0320186	0.0354915	0.0119835	0.0210386	0.0401392	0.050248	0.0200394	0.0401887	0.0147562	0.140006	0.00410019	0.0429188	0.0155316	0.181729	0.0867511	0.0601424	0.000889197	0.0302537
104	0.0256585	0.00931675	0.00192893	0.00662434	0.363823	0.00649117	0.023602	0.0666089	0.0211313	0.0954533	0.0238851	0.0188675	0.0109699	0.0165227	0.0120737	0.0236461	0.0248855	0.0301519	0.0250741	0.193285
105	0.0457926	0.00132164	0.354182	0.374238	0.00578936	0.00960736	0.0056869	0.00789069	0.0192663	0.0063085	0.00465009	0.025674	0.00767621	0.0330511	0.0120241	0.0446216	0.0313233	0.00707049	0.000198654	0.00362709
106	0.0104747	0.0122009	0.0046094	0.000930538	0.0121345	0.0020811	0.00408057	0.432542	0.00520052	0.1026	0.0326037	0.00742131	0.000865338	0.0044159	0.00147414	0.0113558	0.031121	0.315318	0.000201297	0.00836894
107	0.320974	0.016945	0.010794	0.0128647	0.00940864	0.0886273	0.00941894	0.0108251	0.0113119	0.0212612	0.00590809	0.0206147	0.00922026	0.0196381	0.02173	0.331349	0.0536005	0.0191302	0.00108494	0.00529367
108	0.248292	0.0450212	0.00763709	0.0093544	0.0127542	0.0579928	0.00851492	0.0180876	0.0108998	0.0315972	0.015563	0.0290539	0.0072932	0.0190188	0.0202834	0.292368	0.0901238	0.0537965	0.00249475	0.0198534
109	0.0702471	0.0243056	0.176415	0.168627	0.00841405	0.0237723	0.0281084	0.0204563	0.0469929	0.0196512	0.0109434	0.0850967	0.0134557	0.0421543	0.0336977	0.131034	0.054151	0.0263688	0.00131765	0.0147908
110	0.284491	0.0592696	0.00413539	0.00396137	0.0163189	0.0411181	0.00518142	0.0202607	0.00922152	0.03734	0.0223184	0.0197643	0.00360695	0.0180176	0.019657	0.236054	0.0807479	0.086532	0.00341698	0.0285865
111	0.0455546	0.00638523	0.00920761	0.00675678	0.230617	0.0207935	0.0223758	0.0383217	0.0199072	0.209034	0.0649379	0.029608	0.00680293	0.0600149	0.0176228	0.0447735	0.0253634	0.0322891	0.0101151	0.0995192
112	0.144089	0.0149773	0.0307101	0.0329409	0.0159578	0.0398244	0.0263247	0.0479623	0.044813	0.0843533	0.0272506	0.0446498	0.014641	0.0729275	0.0289136	0.162025	0.0743162	0.0839992	0.000887744	0.00843714
113	0.11773	0.0666195	0.00997265	0.010561	0.0164716	0.0324419	0.0133568	0.0397683	0.0137535	0.0444865	0.0255795	0.0586209	0.00546784	0.0229338	0.022257	0.231009	0.131578	0.100802	0.00344616	0.0331446
114	0.0457297	0.00125658	0.356093	0.375301	0.00574244	0.00948276	0.0055307	0.00786615	0.0190679	0.00612183	0.00465289	0.0251894	0.00765823	0.0321827	0.0116384	0.0444936	0.0313788	0.00687349	0.00019768	0.00354272
115	0.0609678	0.0342469	0.00105095	0.000918919	0.0333131	0.000801223	0.00146192	0.263203	0.00559392	0.252367	0.064559	0.0106213	0.0017616	0.00336765	0.00813213	0.0382575	0.0550686	0.154493	0.00433926	0.00547514
116	0.00947197	0.000781203	0.00290666	0.0008695	0.0646934	0.000673406	0.00172302	0.125364	0.00226096	0.628725	0.0702373	0.00306352	0.00623374	0.00516615	0.00143552	0.0054779	0.00644759	0.0634643	0.000255781	0.000749388
117	0.0654917	0.0292433	0.00492793	0.00496662	0.0290664	0.00354186	0.00566572	0.255178	0.00879046	0.200978	0.0569658	0.0127122	0.00336071	0.0119108	0.0102579	0.0491032	0.0650841	0.171393	0.00346151	0.00790076
118	0.0613406	0.0133634	0.030067	0.0186527	0.00659179	0.00173999	0.00851515	0.0234209	0.293623	0.0219243	0.00926186	0.0652751	0.00571841	0.0598751	0.250671	0.0419742	0.0426025	0.0406003	0.00239043	0.00239188
119	0.106923	0.00333688	0.0645365	0.141275	0.00319764	0.0251467	0.0244988	0.0250011	0.105512	0.0182652	0.0188602	0.10198	0.00463357	0.0993796	0.0649668	0.117323	0.0513992	0.0156954	0.000995394	0.00707284
120	0.011924	0.00425543	0.0243954	0.00944894	0.0303082	0.0042905	0.239046	0.0135899	0.0249084	0.010438	0.00574522	0.410142	0.00518658	0.0445749	0.0268551	0.0505814	0.0185936	0.0100541	0.00132458	0.0543381
121	0.0255067	0.00927622	0.00173084	0.00635918	0.366241	0.00640259	0.0233841	0.066734	0.0205478	0.0960241	0.0239666	0.0186972	0.0109542	0.0158439	0.0114406	0.0228968	0.0247117	0.0293934	0.024536	0.195353
122	0.0445972	0.00139789	0.350699	0.361577	0.00589085	0.00949088	0.0067126	0.00953321	0.0234257	0.00672123	0.00491613	0.0276822	0.00753408	0.0348615	0.0127057	0.0439493	0.0340553	0.0102128	0.000293276	0.00374442
123	0.0600882	0.00848066	0.0314758	0.0627388	0.0143549	0.00295004	0.00947822	0.0173583	0.215804	0.0242329	0.0258282	0.0649019	0.00378634	0.0721241	0.189588	0.0431322	0.0823251	0.0527256	0.0149002	0.00372669
124	0.108097	0.0389227	0.0593415	0.0474523	0.0131118	0.0280592	0.0541827	0.0352803	0.0672631	0.0386841	0.017285	0.0779775	0.0151493	0.0492153	0.0424373	0.183626	0.0644828	0.0412155	0.001653	0.0165635
125	0.13007	0.00297574	0.129991	0.120273	0.00351819	0.107387	0.00349502	0.00368773	0.0241406	0.0148385	0.00279354	0.0490089	0.0791033	0.0330411	0.0149415	0.180263	0.0875378	0.00700799	0.000509857	0.00541615
126	0.0627545	0.0181631	0.0777128	0.0647549	0.011451	0.0202962	0.0602057	0.0254096	0.04683	0.0277315	0.0131485	0.127536	0.00757727	0.041279	0.0603802	0.219948	0.0483856	0.0450033	0.00169612	0.0197362
127	0.0368166	0.0276703	0.00379964	0.00930855	0.289591	0.0095716	0.0364495	0.0615129	0.022845	0.086811	0.0253732	0.0258651	0.0106872	0.0227397	0.016591	0.0436371	0.0359764	0.0354384	0.0211538	0.178162
128	0.0644587	0.0230954	0.0127929	0.0194777	0.166207	0.0171476	0.0852353	0.10806	0.0303998	0.0696063	0.0314695	0.0296609	0.0196798	0.032015	0.0252156	0.0545345	0.0346808	0.0776376	0.0103689	0.0882557
129	0.0383856	0.0159342	0.00960781	0.00869992	0.0195909	0.00598901	0.00904661	0.307596	0.0137763	0.115007	0.0409827	0.0198454	0.00495514	0.0230943	0.0115071	0.034853	0.0633019	0.245307	0.00199296	0.0105272
130	0.0288702	0.00772035	0.0142986	0.00492205	0.00130963	0.00308889	0.00706251	0.00986958	0.439652	0.0224779	0.00212572	0.00560827	0.00723761	0.0501	0.341865	0.0223286	0.0153664	0.0133077	0.000309956	0.00247877
131	0.0535751	0.022642	0.00816864	0.00791239	0.0330238	0.00607596	0.0109886	0.205175	0.0475171	0.177085	0.0453149	0.0252158	0.00444647	0.0189644	0.0726264	0.0484746	0.0474872	0.139882	0.00246917	0.0229562
132	0.0639486	0.01752	0.0306989	0.0412301	0.0673748	0.0193029	0.10543	0.0362389	0.0351885	0.0612964	0.0239198	0.0663672	0.0150341	0.124939	0.0366752	0.106608	0.0513265	0.0426416	0.00526135	0.0489983
133	0.347127	0.0216617	0.0102203	0.0121214	0.0100371	0.0733249	0.00933689	0.0124311	0.0121384	0.0218935	0.00788249	0.020366	0.00880787	0.0185171	0.0193274	0.301735	0.056968	0.027489	0.00115606	0.00745845
134	0.0124451	0.00256095	0.00298223	0.00107041	0.0626117	0.000937067	0.00209529	0.138782	0.00285248	0.595296	0.06805	0.00378846	0.00593788	0.00550385	0.0021982	0.00814542	0.00947806	0.0724249	0.000509803	0.00233001
135	0.0111243	0.00148586	0.00294062	0.00106776	0.0624052	0.000982666	0.00225449	0.124171	0.00275992	0.619486	0.0726104	0.00417805	0.00605751	0.00617176	0.00192002	0.00687265	0.00765992	0.0642642	0.000345043	0.00124218
136	0.152527	0.0178109	0.020729	0.0179472	0.00920364	0.126016	0.024746	0.0176781	0.0193983	0.0333989	0.00909383	0.033295	0.00873268	0.0232169	0.0524555	0.34977	0.0511333	0.0223927	0.00168218	0.00877178
137	0.0457703	0.00152797	0.326168	0.345911	0.00625465	0.0105667	0.0113317	0.00792821	0.0298486	0.00782825	0.005868	0.0349385	0.00693626	0.0384285	0.0172434	0.0518366	0.0369705	0.00963746	0.000363132	0.00464179
138	0.0190001	0.00862419	0.0025991	0.00091988	0.055361	0.00084427	0.00174032	0.186961	0.00325002	0.497864	0.070573	0.0045836	0.00480269	0.00439573	0.00289906	0.012036	0.0177449	0.102298	0.00108788	0.00241493
139	0.0191444	0.00966521	0.00281502	0.00102779	0.0458952	0.00116332	0.00251807	0.224355	0.00360498	0.438453	0.0589902	0.00558645	0.00409973	0.00508204	0.00307427	0.0126042	0.0203479	0.136558	0.000971558	0.00404316
140	0.0552638	0.00528518	0.0192551	0.0163197	0.0712974	0.0260448	0.0242091	0.0488118	0.023072	0.299502	0.0754739	0.0328281	0.00815558	0.0882772	0.0321298	0.0565701	0.0286946	0.062542	0.00163694	0.0246313
141	0.0739532	0.0028503	0.190411	0.232772	0.00518063	0.0179217	0.018697	0.0193401	0.068468	0.0129892	0.0122789	0.0761324	0.00715718	0.074319	0.0421735	0.0827513	0.042442	0.0125345	0.00108428	0.00654381
142	0.0302915	0.0157944	0.016771	0.0472808	0.00589677	0.026259	0.0485219	0.020282	0.245956	0.02887	0.019578	0.0138138	0.0463564	0.0445544	0.279423	0.0558281	0.017524	0.0113098	0.00130548	0.0243841
143	0.177446	0.00979701	0.0192381	0.0423631	0.00759977	0.0125579	0.0355788	0.0258875	0.0402467	0.0257932	0.00968276	0.0953515	0.0350404	0.0761153	0.0112675	0.240773	0.110168	0.0176943	0.000842913	0.00655707
144	0.0228893	0.00937321	0.0127105	0.00901914	0.160516	0.00731639	0.104822	0.0375755	0.0238382	0.0473497	0.015637	0.280321	0.00844259	0.0269987	0.0179927	0.0376806	0.0224231	0.0230301	0.0120637	0.120001
145	0.0297105	0.00882389	0.00211192	0.00739775	0.333455	0.00874285	0.0242327	0.0648613	0.0229313	0.09452	0.0223401	0.0220373	0.0109018	0.0198284	0.0161657	0.0291431	0.0266099	0.033232	0.0232346	0.19972
146	0.169823	0.00770763	0.0241084	0.0452476	0.00571396	0.0188774	0.0306456	0.0187885	0.0435508	0.0220694	0.00755577	0.100154	0.0402208	0.0665553	0.0107987	0.253453	0.117136	0.0118419	0.000807396	0.00494496
147	0.0389397	0.0200743	0.00321721	0.00108937	0.0243904	0.00143483	0.0027999	0.347383	0.00552099	0.14766	0.0443774	0.00871391	0.00201827	0.00432208	0.00487917	0.0272326	0.0487355	0.259051	0.0019289	0.00623142
148	0.0178355	0.00458178	0.0042174	0.00186306	0.0649574	0.00362546	0.00476283	0.128792	0.00468738	0.556254	0.0747951	0.00768859	0.00565949	0.0122212	0.00497787	0.0141325	0.0134413	0.0697341	0.00087515	0.00489774
149	0.056464	0.00772006	0.0372538	0.0189196	0.0132915	0.0112027	0.0117674	0.0474213	0.0437523	0.0664208	0.0947718	0.134527	0.0284596	0.025925	0.0167898	0.0574395	0.21463	0.0989746	0.00629656	0.00797299
150	0.0291471	0.00818256	0.014792	0.00443374	0.00133197	0.00282634	0.00669193	0.0104179	0.434778	0.0232079	0.00222319	0.00611309	0.00664326	0.0508799	0.343032	0.022861	0.0160042	0.0137959	0.000303705	0.00233476
151	0.025594	0.0096257	0.00174562	0.0065552	0.363608	0.00654961	0.0242956	0.0667684	0.0206341	0.0958231	0.0241378	0.0189775	0.0110993	0.0162405	0.0115654	0.023261	0.0248303	0.0295585	0.0243793	0.194751
152	0.0109318	0.0122351	0.00459247	0.00095267	0.012379	0.00207023	0.00403933	0.431149	0.00517273	0.102623	0.0326856	0.00746559	0.00092134	0.00439493	0.00148049	0.0116112	0.0314118	0.315366	0.000204397	0.00831269
153	0.153972	0.00432273	0.0866452	0.0839762	0.0036693	0.117774	0.00447605	0.00460715	0.0241828	0.0192608	0.00256553	0.0475775	0.0668626	0.0290729	0.0175418	0.228267	0.0921867	0.00758235	0.000488845	0.00496832
154	0.0437617	0.00649707	0.106136	0.138455	0.00658521	0.0157804	0.0288417	0.0137083	0.0689155	0.0151272	0.0118977	0.106563	0.00593922	0.0515483	0.0762162	0.229333	0.0355322	0.0187371	0.00135214	0.0190725
155	0.141297	0.0070841	0.0475116	0.0537464	0.00908905	0.0442652	0.016925	0.0193445	0.0589669	0.0504049	0.0178872	0.0261545	0.118753	0.0782182	0.0323495	0.141835	0.0669053	0.0614493	0.000797753	0.00701589
156	0.0457297	0.00125658	0.356093	0.375301	0.00574244	0.00948276	0.0055307	0.00786615	0.0190679	0.00612183	0.00465289	0.0251894	0.00765823	0.0321827	0.0116384	0.0444936	0.0313788	0.00687349	0.00019768	0.00354272
157	0.012066	0.00421869	0.024252	0.00947281	0.0307874	0.00430447	0.239385	0.0137604	0.024552	0.0103373	0.00579858	0.409587	0.0051469	0.0441883	0.0270269	0.0505634	0.018378	0.0102333	0.00132838	0.0546132
158	0.0121423	0.00252237	0.0030083	0.000973905	0.063022	0.000921739	0.00195466	0.131733	0.00269031	0.603731	0.0709714	0.00426893	0.00611377	0.00547729	0.00207791	0.00839087	0.00936927	0.0688314	0.00049305	0.00130694
159	0.0302159	0.0377519	0.0200428	0.0505232	0.0124935	0.0202122	0.0579156	0.0545208	0.205524	0.0584032	0.0543738	0.01867	0.025315	0.0372363	0.195671	0.0477693	0.0254152	0.0181342	0.00180435	0.0280074
160	0.021321	0.0090976	0.00240484	0.000921531	0.057946	0.00067131	0.00152726	0.167705	0.00345419	0.519097	0.0745213	0.00455156	0.00489376	0.00432598	0.003411	0.0131653	0.019219	0.0886439	0.00121494	0.00190767
161	0.021385	0.0176277	0.00371562	0.000993089	0.0172503	0.00204506	0.0054721	0.394331	0.00592697	0.128955	0.054914	0.00926724	0.00104284	0.00433276	0.0035436	0.0161359	0.0355123	0.268013	0.00111071	0.00842627
162	0.0300992	0.0179416	0.00381936	0.00204895	0.031015	0.0023094	0.00583493	0.320136	0.00717417	0.216479	0.068494	0.00978296	0.00233469	0.00614126	0.00712525	0.020904	0.0350217	0.20261	0.00182595	0.00890215
163	0.0559772	0.00686542	0.037481	0.0478912	0.0259762	0.00689805	0.012059	0.0523279	0.105756	0.0304108	0.0486127	0.124685	0.0112379	0.0506078	0.083806	0.036969	0.154035	0.0795535	0.0213776	0.00747277
164	0.0262093	0.00244521	0.00845311	0.00331986	0.0713282	0.0164717	0.0156163	0.0622583	0.0109824	0.498663	0.0894416	0.0283953	0.00498591	0.0474403	0.0125853	0.0283849	0.0111293	0.0453045	0.00079675	0.0157889
165	0.0132661	0.00247171	0.00333095	0.00109997	0.0627485	0.00155871	0.00278533	0.125155	0.003382	0.60184	0.0754755	0.00512632	0.00595949	0.00783835	0.00269737	0.00848525	0.00891656	0.0653788	0.000473176	0.00201045
166	0.0304075	0.00805461	0.0168723	0.00617328	0.00145145	0.00273923	0.00705289	0.010206	0.432169	0.022338	0.00259428	0.00884291	0.00629663	0.0508935	0.335487	0.023843	0.0178461	0.0140275	0.000356527	0.00234874
167	0.0457485	0.00142371	0.357699	0.370607	0.0057014	0.00954892	0.00622386	0.00784765	0.0191794	0.00608906	0.00470857	0.0258956	0.00775118	0.0322901	0.0116585	0.0454099	0.0314723	0.00686503	0.000246058	0.0036343
168	0.0627976	0.00945575	0.0554758	0.0640579	0.00542265	0.0060989	0.0142899	0.0151334	0.252714	0.0186569	0.0151217	0.0720084	0.0038284	0.0824057	0.159777	0.0679942	0.0625068	0.0254318	0.00266207	0.00416109
169	0.0801666	0.00635143	0.0587195	0.132191	0.00504603	0.0227751	0.0222196	0.018955	0.14079	0.0185233	0.0179232	0.071385	0.0210833	0.0794282	0.119395	0.112051	0.0457674	0.0171552	0.0015987	0.00847558
170	0.030651	0.00740666	0.0139543	0.00645156	0.0015015	0.00420433	0.0085149	0.0104229	0.435422	0.0221933	0.00248745	0.00648712	0.00912752	0.0485301	0.337843	0.0231809	0.0150222	0.0131258	0.000336242	0.00313818
171	0.140688	0.0592366	0.0109697	0.013493	0.0154426	0.0495721	0.019513	0.035642	0.0144875	0.0503283	0.0264073	0.0773887	0.00392504	0.0358211	0.0232004	0.230179	0.0855179	0.0757057	0.00259344	0.0298881
172	0.0194337	0.0159991	0.00369818	0.000985976	0.0181882	0.00200418	0.00397603	0.392186	0.0055266	0.154586	0.0456371	0.00758561	0.00118951	0.00419451	0.00297664	0.0155181	0.0323714	0.2646	0.00102669	0.00831766
173	0.0642778	0.01293	0.033296	0.0260196	0.00695438	0.00231972	0.00963976	0.0205752	0.283144	0.0221128	0.0101711	0.0689002	0.00594916	0.0674499	0.229584	0.0466875	0.04552	0.0393936	0.00243263	0.00264248
174	0.0257401	0.0097914	0.00185185	0.00637436	0.35598	0.00671679	0.0240931	0.0694419	0.0206908	0.0968958	0.0243638	0.0196572	0.0105926	0.0159061	0.0120869	0.0241352	0.0247207	0.0311761	0.023726	0.19606
175	0.0531576	0.00180404	0.297721	0.327773	0.00622214	0.0168762	0.00950786	0.00946973	0.0333135	0.00896289	0.00668463	0.0383694	0.0112105	0.0459718	0.0220154	0.0619497	0.0349328	0.00853456	0.000476802	0.00504709
176	0.333745	0.017087	0.0188862	0.0209246	0.00908567	0.087233	0.00734682	0.00907637	0.0127598	0.0187085	0.00529496	0.0214893	0.0156209	0.0176709	0.0180978	0.2943	0.0644862	0.0216192	0.000985494	0.00558235
177	0.0304288	0.0110623	0.00513975	0.0094964	0.328629	0.00835331	0.0255536	0.069593	0.0219733	0.112336	0.026887	0.0225279	0.0112005	0.0212358	0.0143512	0.0310246	0.0279746	0.0362108	0.0209096	0.165113
178	0.0280782	0.00824982	0.0330868	0.0268874	0.0284427	0.0088672	0.210058	0.0213105	0.0404618	0.0182488	0.00904232	0.260045	0.0073023	0.073966	0.0542235	0.0695254	0.0332716	0.018034	0.00211325	0.0487857
179	0.0109995	0.0125069	0.00455684	0.000931194	0.0123171	0.00207406	0.00405823	0.430761	0.00519437	0.103675	0.0329901	0.00749284	0.000871672	0.00441294	0.00161572	0.0116827	0.0314432	0.313886	0.00022586	0.00830562
180	0.0282218	0.00988607	0.00581271	0.00959467	0.338522	0.00721765	0.024907	0.0719858	0.0216604	0.102973	0.0255164	0.0217509	0.0113164	0.0183479	0.0131995	0.0280174	0.0277829	0.0358186	0.0224131	0.175056
181	0.037658	0.00928839	0.0250967	0.0221286	0.0033871	0.00618718	0.0122018	0.0138303	0.384734	0.024797	0.00711864	0.0226778	0.0110639	0.0525105	0.285767	0.0343599	0.0238264	0.0173415	0.000927972	0.0050975
182	0.0225616	0.00982755	0.00260908	0.00112378	0.0654485	0.00112141	0.00253295	0.178082	0.00453181	0.477989	0.0668092	0.00523675	0.00474985	0.00534609	0.00407679	0.0142543	0.0201792	0.103766	0.0017388	0.00801562
183	0.170552	0.0628768	0.0102791	0.0131421	0.0200737	0.0455636	0.0146355	0.038385	0.0184343	0.0671346	0.0294611	0.0332417	0.00671057	0.0315716	0.0271821	0.195504	0.0816069	0.0982639	0.00381088	0.0315711
184	0.0644186	0.0121744	0.0477878	0.0602007	0.0141218	0.0177731	0.0621178	0.0215965	0.102076	0.0248383	0.0139101	0.210635	0.0107829	0.0546717	0.0676023	0.115535	0.0525878	0.026718	0.00228683	0.0181656
185	0.0600154	0.0148241	0.0313166	0.096306	0.0112082	0.0295104	0.0123755	0.0162997	0.129577	0.0261057	0.0176924	0.0106781	0.171445	0.117919	0.136764	0.0545259	0.0333754	0.0204144	0.000944901	0.00870246
186	0.0462533	0.00909759	0.0764779	0.0669388	0.00570239	0.00807882	0.0294115	0.0130253	0.259042	0.0184563	0.0141594	0.0842687	0.00592536	0.0625549	0.152899	0.0609531	0.0554147	0.022636	0.0016587	0.00704611
187	0.0334008	0.00869717	0.0187542	0.0141889	0.00236087	0.0047005	0.00958447	0.0119755	0.406397	0.0225866	0.00513518	0.0138437	0.0102403	0.0555182	0.311834	0.0292343	0.0205297	0.0152008	0.000873466	0.0049448
188	0.116407	0.011977	0.0528187	0.0497481	0.00734353	0.0933906	0.00526143	0.00568978	0.027363	0.0145014	0.00379049	0.0667699	0.0899148	0.0257715	0.0136803	0.23587	0.165406	0.00837192	0.000745295	0.00518011
189	0.0571988	0.0161195	0.0313293	0.116038	0.012712	0.0321638	0.00884701	0.0186848	0.129241	0.0227129	0.017107	0.0072188	0.172261	0.110119	0.144837	0.0412412	0.0349753	0.0177441	0.000821023	0.00862855
190	0.111626	0.0146314	0.061841	0.133406	0.0071921	0.0474511	0.00862003	0.0120642	0.0736425	0.0197431	0.0108731	0.0310725	0.131373	0.0834581	0.0601286	0.106348	0.0636265	0.0167111	0.00104573	0.00514616
191	0.0104993	0.0121821	0.00461122	0.000941754	0.0121631	0.0020887	0.0040799	0.43238	0.00520098	0.1025	0.0325633	0.00741075	0.000871013	0.00442251	0.00149734	0.0113834	0.0311148	0.315528	0.000201297	0.00836099
192	0.126147	0.00548337	0.0324994	0.0382953	0.0219839	0.0191655	0.037856	0.081364	0.0246009	0.133027	0.0507788	0.0259973	0.0106842	0.0881249	0.0218481	0.108218	0.0754733	0.0877892	0.000518592	0.0101453
193	0.0988004	0.00291203	0.0724228	0.149563	0.00287111	0.0256979	0.0245712	0.0216758	0.105873	0.0158779	0.0207451	0.101049	0.00490403	0.0926626	0.0677868	0.120994	0.0513689	0.0133209	0.000929726	0.00597384
194	0.0106992	0.0122055	0.00460192	0.000975354	0.0123502	0.00208831	0.00407736	0.43167	0.00521978	0.10265	0.0328119	0.00742457	0.000918137	0.0044697	0.00152914	0.0114495	0.0312504	0.315069	0.000204497	0.00833574
