403	20
1	0.0676671	0.00374483	0.0438715	0.0689646	0.00721355	0.0228908	0.0253635	0.0335971	0.0565943	0.0245735	0.00636311	0.0511372	0.142528	0.0689648	0.0656813	0.162892	0.101415	0.0430247	0.00232031	0.00119234
2	0.0244538	0.00046467	0.0368943	0.0164685	0.000781201	0.804994	0.00983574	0.00368224	0.0110641	0.00453894	0.000668267	0.0165608	0.0016945	0.00212235	0.00848511	0.039304	0.00539633	0.0020262	0.00507488	0.00549066
3	0.0393875	0.00119117	0.0157394	0.0765211	0.00571617	0.0140646	0.00793292	0.0713607	0.110869	0.0273939	0.020024	0.0607473	0.0350509	0.0760054	0.0595598	0.103478	0.202473	0.0658069	0.000582929	0.00609445
4	0.0059775	0.00958103	0.00210299	0.00126324	0.0866873	0.00160105	0.00111803	0.458358	0.00244746	0.271706	0.00712468	0.0051101	0.00428567	0.00269431	0.00365381	0.00373264	0.00545501	0.117438	0.00038343	0.00927958
5	0.0484771	0.00859794	0.0174075	0.0161836	0.00549126	0.0159059	0.0131305	0.0104375	0.0192604	0.016351	0.0026684	0.0482314	0.499505	0.0182857	0.0256799	0.173118	0.038061	0.0179882	0.00111014	0.00410926
6	0.0693347	0.00196376	0.0471318	0.0890365	0.00589754	0.0186786	0.0311288	0.0292047	0.0501676	0.0245803	0.0050755	0.0455206	0.193645	0.0722327	0.0491218	0.142441	0.0780824	0.0410698	0.00482639	0.000860329
7	0.069902	0.00560055	0.181641	0.353417	0.0052389	0.0293824	0.0319309	0.00702007	0.0113546	0.00921116	0.00136259	0.0416338	0.00510929	0.0712509	0.00821481	0.0929277	0.0316978	0.0176449	0.00910564	0.0163541
8	0.0124036	0.000869163	0.00084686	0.000685976	0.188296	0.00250044	0.00216229	0.14659	0.000983238	0.539631	0.0332658	0.00106796	0.000530706	0.00130722	0.00232242	0.00323534	0.00615146	0.0544551	0.000252995	0.00244351
9	0.156314	0.0032356	0.0110157	0.0566959	0.0325517	0.144321	0.00312883	0.0532654	0.0192795	0.0459501	0.0266575	0.0304398	0.0021237	0.0736766	0.0428166	0.0672604	0.0496415	0.153181	0.0264391	0.00200569
10	0.0268174	0.00499033	0.377892	0.0864685	0.00412359	0.0314585	0.0246478	0.0143028	0.0516172	0.00572091	0.00349672	0.146893	0.0121534	0.0333369	0.0349861	0.0753222	0.0350951	0.0160405	0.00129967	0.0133379
11	0.012948	0.00094192	0.000910756	0.000980133	0.212774	0.00227663	0.00199191	0.107179	0.00106999	0.564025	0.0310784	0.0012443	0.000565012	0.001243	0.00326014	0.00457803	0.00601144	0.0441109	0.000257815	0.00255305
12	0.146007	0.0268397	0.021094	0.00940218	0.0306656	0.124577	0.00612133	0.0145926	0.003646	0.0105975	0.0266514	0.0715465	0.0124629	0.0278409	0.0314939	0.317261	0.0646334	0.0289317	0.00686532	0.0187704
13	0.0740603	0.00260281	0.0289532	0.0421048	0.0315594	0.0379985	0.0170118	0.0160846	0.075642	0.148791	0.0131382	0.108934	0.00699604	0.0925438	0.109884	0.073882	0.0167325	0.0249051	0.0318825	0.0462938
14	0.0153214	0.0109312	0.0369295	0.0201155	0.00520758	0.0162659	0.0220047	0.00796109	0.029998	0.0169142	0.00716196	0.654252	0.00681117	0.0131751	0.0252192	0.0739356	0.0276199	0.00335642	0.000993088	0.00582627
15	0.0559786	0.00343403	0.0438527	0.0607763	0.00403377	0.548753	0.014569	0.00892894	0.038151	0.00979197	0.00316997	0.0302187	0.00563147	0.0136584	0.0245022	0.0908999	0.0192511	0.0105635	0.00505439	0.00878113
16	0.0947611	0.00148849	0.0404082	0.0258881	0.0133981	0.0183001	0.00430651	0.0261054	0.0305109	0.0392179	0.0022481	0.0667052	0.1204	0.0172611	0.0248622	0.32177	0.115795	0.0294208	0.000508122	0.00664542
17	0.00883476	0.00829621	0.00150827	0.00243251	0.0536264	0.00149597	0.00100984	0.519243	0.0019115	0.199929	0.0107397	0.00829777	0.00286801	0.00239037	0.00225232	0.00702894	0.00949142	0.152722	0.000340071	0.00558254
18	0.0305079	0.0109155	0.00926777	0.0153549	0.00302498	0.01404	0.0180289	0.00610288	0.0121991	0.00830915	0.00269643	0.0329207	0.676067	0.0236622	0.0227257	0.0804803	0.012682	0.0175099	0.00116217	0.00234281
19	0.171192	0.00259246	0.0143867	0.0229524	0.0146038	0.0427806	0.0270118	0.0133959	0.0695553	0.0165155	0.0223047	0.00530401	0.184729	0.0472871	0.0640388	0.199014	0.0452692	0.0230556	0.000595763	0.013416
20	0.0571379	0.0116907	0.0792773	0.0580941	0.00971666	0.0761252	0.0243385	0.0122826	0.0522489	0.0204725	0.00957586	0.320636	0.0163064	0.028886	0.0451043	0.11195	0.0352659	0.013593	0.00350504	0.0137932
21	0.0448059	0.00585052	0.028142	0.0376471	0.0128381	0.0199919	0.0406947	0.0152154	0.0877194	0.0538625	0.0237975	0.274152	0.0289373	0.0696643	0.0769745	0.125327	0.0261683	0.00922912	0.00156045	0.0174214
22	0.00768025	0.00541087	0.00177959	0.000969085	0.122959	0.00199785	0.00151715	0.334792	0.00205922	0.388995	0.0168189	0.00266999	0.00270557	0.00226192	0.00340582	0.00288494	0.00509851	0.089181	0.000346577	0.00646643
23	0.0433744	0.00364868	0.00674035	0.0025157	0.0240499	0.0150579	0.00802628	0.0373951	0.0694618	0.0175693	0.0130308	0.0199963	0.0215498	0.0178052	0.0494497	0.206997	0.37045	0.0650127	0.000809485	0.00705918
24	0.0287897	0.00153948	0.0407588	0.017927	0.002149	0.754497	0.0102521	0.00460792	0.0116062	0.00528285	0.00135334	0.0237514	0.00269179	0.00411435	0.0102253	0.0565102	0.00962634	0.00342997	0.00487561	0.00601193
25	0.00533848	0.0149459	0.00140426	0.0017372	0.0610963	0.00262864	0.00299689	0.0756143	0.00179407	0.621906	0.148624	0.00169381	0.00149395	0.00148463	0.00305923	0.00916478	0.0061028	0.0327794	0.00443225	0.001703
26	0.0483985	0.00337346	0.00614739	0.00283547	0.022787	0.0170614	0.00780709	0.0442991	0.0804687	0.0141466	0.0153558	0.0222724	0.0290419	0.0195917	0.0531633	0.197403	0.343045	0.0661825	0.000448182	0.00617093
27	0.0455514	0.00657829	0.0987846	0.0689669	0.025136	0.0461465	0.00375433	0.0212779	0.0642193	0.0172617	0.0249811	0.18175	0.0271625	0.0444314	0.0386129	0.181438	0.0706325	0.0135652	0.00969757	0.0100518
28	0.00673062	0.00667129	0.00106923	0.000819266	0.039893	0.0029542	0.00127017	0.0709653	0.00109912	0.73571	0.0762062	0.000895793	0.000808028	0.000942879	0.00393854	0.00446207	0.00900813	0.0310812	0.00281683	0.00265775
29	0.0595455	0.000932243	0.0151589	0.0633641	0.00737852	0.00594621	0.0063164	0.078616	0.166594	0.0270833	0.0297607	0.0370558	0.0042733	0.0795239	0.109297	0.0524434	0.140709	0.101089	0.00130492	0.013608
30	0.0640898	0.0294108	0.0367462	0.0239398	0.0291948	0.0244764	0.0282119	0.0799259	0.0241558	0.0891166	0.0566809	0.0991396	0.00173588	0.0317571	0.0238296	0.102724	0.109355	0.103758	0.00300197	0.0387498
31	0.00649982	0.00638879	0.000879112	0.000647409	0.0371176	0.00268242	0.00103289	0.0694541	0.00104407	0.74473	0.0748002	0.00072235	0.00060604	0.000924584	0.00357874	0.00452931	0.00885929	0.0300506	0.00287153	0.0025814
32	0.0550246	0.00486169	0.106299	0.0271266	0.0123702	0.0781298	0.00580897	0.0438761	0.0297096	0.0111039	0.0170621	0.157417	0.0100078	0.0240062	0.0244958	0.207017	0.123997	0.0428777	0.0041298	0.0146787
33	0.0123237	0.000588537	0.000738273	0.000680036	0.187175	0.00248778	0.00217826	0.136462	0.00091515	0.555767	0.0340153	0.000959181	0.000367542	0.00113877	0.00221081	0.00323573	0.00577304	0.0503844	0.000338579	0.00226118
34	0.147705	0.00549154	0.0683282	0.0712907	0.00984161	0.130384	0.0102452	0.0133617	0.040941	0.0141562	0.00865723	0.0328802	0.013693	0.0369731	0.0338339	0.265546	0.0698897	0.0187428	0.00245089	0.00558697
35	0.13619	0.0276285	0.0237185	0.0142353	0.0342783	0.119477	0.00781336	0.0187283	0.00532355	0.0167014	0.028022	0.0761872	0.0120928	0.0317748	0.028599	0.285884	0.0715933	0.0341096	0.00684396	0.0207994
36	0.0158566	0.03111	0.0167848	0.00670771	0.0047466	0.00780352	0.0186186	0.0080216	0.00646323	0.0189889	0.00671776	0.735243	0.00154051	0.00273965	0.00908017	0.0633394	0.0379992	0.00539836	0.000799974	0.00204075
37	0.0462954	0.00187308	0.0259936	0.0352247	0.0301764	0.0275123	0.0397777	0.0142721	0.0737254	0.119855	0.0225312	0.220801	0.0189908	0.0907219	0.0620043	0.0902206	0.0192564	0.0108341	0.00616982	0.0437637
38	0.0128073	0.000666936	0.000885735	0.000835658	0.21692	0.00226483	0.00205948	0.116775	0.00112298	0.543503	0.0324242	0.00120912	0.000451516	0.00130864	0.00318765	0.00386153	0.00575952	0.05064	0.000328235	0.00298877
39	0.0289012	0.00107701	0.027282	0.0269049	0.0216394	0.0300286	0.0162557	0.043771	0.0246178	0.0108364	0.00470902	0.103402	0.0112981	0.00960162	0.0199193	0.352383	0.21091	0.0387512	0.000525913	0.017185
40	0.0274365	0.00106261	0.0370007	0.0234818	0.00187661	0.762234	0.0103998	0.00496266	0.0140569	0.00606141	0.00149242	0.0177099	0.00399331	0.00610909	0.0123939	0.0450626	0.0081865	0.0051326	0.00525579	0.00609102
41	0.0644876	0.00224938	0.0446385	0.0836548	0.00636817	0.0209063	0.0299697	0.0328212	0.0525601	0.0235844	0.00560132	0.0496997	0.172718	0.0746767	0.0528037	0.146796	0.0891499	0.04321	0.00338439	0.000720145
42	0.00603146	0.00951389	0.00209394	0.00131386	0.0854405	0.00159488	0.00111162	0.460573	0.00243555	0.26894	0.00728531	0.00519954	0.00430287	0.00269525	0.00361214	0.0038254	0.00561039	0.118882	0.000366608	0.00917127
43	0.0267131	0.0112498	0.0119788	0.0143395	0.00344369	0.0162438	0.0205695	0.00589892	0.011464	0.00963723	0.00333873	0.0449192	0.665935	0.0234462	0.0231586	0.0762121	0.0109277	0.0163523	0.00112169	0.00305001
44	0.0682064	0.00197378	0.0468701	0.0887332	0.00586985	0.0191134	0.0317096	0.0294633	0.0500086	0.0247887	0.00512413	0.0460724	0.192824	0.0724459	0.0491258	0.142402	0.0790345	0.0407171	0.00466968	0.000847143
45	0.0531525	0.0120857	0.133278	0.399027	0.00670527	0.0240097	0.0206318	0.0121227	0.0149036	0.0084227	0.00176682	0.052727	0.00448249	0.0919557	0.0089794	0.0924688	0.0345089	0.0154384	0.00687192	0.00646111
46	0.0089994	0.00336939	0.0013393	0.000898288	0.148819	0.00200732	0.00179781	0.265504	0.0017023	0.448339	0.0217128	0.00201609	0.00184813	0.00169103	0.00298956	0.00282062	0.00500098	0.0737745	0.000298415	0.00507225
47	0.0245279	0.000475541	0.0369363	0.0164868	0.000793326	0.804438	0.009811	0.00368099	0.0110851	0.00454278	0.000668805	0.0165307	0.00169902	0.00216637	0.00851989	0.0394693	0.00540532	0.00205775	0.0051446	0.00556049
48	0.0257475	0.00126776	0.0314601	0.0312771	0.004603	0.0281815	0.0260545	0.00522067	0.147733	0.0304342	0.0234911	0.343939	0.00792241	0.0466927	0.0943063	0.121835	0.014358	0.00575889	0.000372635	0.00934462
49	0.00983977	0.095173	0.00445463	0.004216	0.0318223	0.00649345	0.00504919	0.0761861	0.00695076	0.533188	0.144766	0.00602783	0.00308097	0.004981	0.00706483	0.0143347	0.0123773	0.0278332	0.00269914	0.00346183
50	0.047903	0.0034007	0.00732187	0.00482256	0.0212359	0.0190801	0.00773571	0.046611	0.0834995	0.0138656	0.017543	0.0270189	0.0312393	0.0246122	0.0590685	0.187696	0.319227	0.0719238	0.000443118	0.00575198
51	0.0254009	0.00123345	0.0308823	0.0361098	0.00650546	0.0238131	0.0267501	0.00668467	0.145172	0.0351914	0.020963	0.326456	0.0101894	0.0479283	0.0907291	0.131436	0.0183624	0.00442775	0.000413553	0.0113513
52	0.00646656	0.00670775	0.00103488	0.000688761	0.028017	0.003088	0.000963245	0.0676492	0.00108287	0.757649	0.0724914	0.000735978	0.000651398	0.000871052	0.00401354	0.00456993	0.00904591	0.0288691	0.00258004	0.00282417
53	0.0206697	0.00139138	0.0406081	0.237673	0.015769	0.0417094	0.0226337	0.0241972	0.133508	0.0289007	0.0160041	0.0430095	0.0145873	0.145417	0.081016	0.030329	0.0576171	0.0376293	0.00444522	0.00288506
54	0.0304715	0.00154441	0.0684431	0.130515	0.0417657	0.0154344	0.0283471	0.0399683	0.129134	0.0387955	0.011598	0.0487489	0.00504191	0.088142	0.0733974	0.0612544	0.0774964	0.0511156	0.00396685	0.0548193
55	0.00543602	0.00821045	0.000870485	0.000925294	0.0422336	0.00259147	0.00115931	0.074017	0.00117039	0.708477	0.0999398	0.000888898	0.000858771	0.000985952	0.00326064	0.00660065	0.00783051	0.027106	0.00551105	0.00192649
56	0.0406917	0.00719524	0.0792803	0.0182318	0.0767545	0.00823283	0.148532	0.0840767	0.0145192	0.076231	0.0294499	0.0672287	0.00463211	0.0344446	0.064614	0.0147197	0.0333671	0.0931402	0.00150645	0.103152
57	0.0122826	0.000846004	0.000752048	0.000706757	0.185364	0.00246055	0.00217308	0.134981	0.000931202	0.55493	0.0364723	0.000988762	0.000401895	0.00119804	0.00218119	0.00334403	0.00618714	0.051055	0.000495201	0.00224867
58	0.0789874	0.0209583	0.0940207	0.0179297	0.00775372	0.0799076	0.0459313	0.00450542	0.00749235	0.00462166	0.00557501	0.215925	0.0147002	0.0165459	0.0273108	0.291049	0.0324938	0.00706735	0.00230783	0.0249173
59	0.143183	0.0202441	0.0250363	0.00976758	0.0234222	0.135882	0.00539095	0.011952	0.00564816	0.00968026	0.0188968	0.0654483	0.0112644	0.0254164	0.025923	0.341949	0.0761948	0.0258312	0.00497549	0.0138941
60	0.0844987	0.0770532	0.0168948	0.00475526	0.00697727	0.0105009	0.0102128	0.00644087	0.00587759	0.0226592	0.00919583	0.524678	0.00370046	0.00458631	0.00920287	0.121205	0.0649503	0.0120623	0.00127001	0.0032779
61	0.0302023	0.00339762	0.0485931	0.0624022	0.0228555	0.107384	0.0401975	0.0469628	0.158743	0.00966149	0.00498359	0.143261	0.00339617	0.0551083	0.0984856	0.0217972	0.017284	0.0237105	0.00162789	0.0999466
62	0.0132256	0.000764582	0.000847151	0.000839757	0.20907	0.00227294	0.00200524	0.114095	0.000951776	0.559506	0.0317071	0.00112462	0.000473428	0.00120476	0.00291849	0.00409551	0.0057863	0.0463297	0.000253575	0.00252736
63	0.0235222	0.000778377	0.0249151	0.0413315	0.00497092	0.0312042	0.0205514	0.00298595	0.196853	0.0473562	0.0163734	0.2425	0.000913168	0.0522825	0.137786	0.128989	0.0117564	0.0036914	0.00037385	0.0108648
64	0.00997038	0.00650885	0.00170518	0.000775609	0.0943091	0.00344429	0.00148013	0.121527	0.00354905	0.543819	0.0656405	0.00142974	0.00116844	0.00364825	0.00497549	0.00693467	0.0126515	0.111051	0.00166721	0.00374435
65	0.045152	0.00191476	0.0256442	0.0416397	0.00591553	0.0235772	0.0143554	0.0421519	0.147031	0.0274905	0.0170192	0.0397718	0.0637031	0.0964959	0.0921028	0.116381	0.140183	0.0544146	0.00185906	0.00319779
66	0.0574297	0.0382472	0.0482854	0.0480471	0.0132016	0.0674349	0.0147513	0.0157407	0.201172	0.00588098	0.00289181	0.1169	0.00326307	0.037882	0.117385	0.156692	0.044877	0.00581725	0.00067806	0.00342322
67	0.00483512	0.0173111	0.00194632	0.00189588	0.047498	0.00317893	0.00404254	0.076392	0.00198438	0.596877	0.174793	0.00200254	0.00219472	0.00170324	0.00368254	0.00896367	0.00712437	0.037646	0.00415445	0.00177414
68	0.0382646	0.00123051	0.0259061	0.0615471	0.00739296	0.00811582	0.00799565	0.0689388	0.177475	0.0269494	0.0216443	0.051204	0.0101843	0.0896138	0.0639481	0.0781299	0.195214	0.0577467	0.00079067	0.0077087
69	0.0129058	0.000614114	0.000823385	0.000710894	0.207282	0.0023023	0.00211683	0.124289	0.00106284	0.542063	0.0338435	0.00107393	0.000426228	0.00120679	0.00290305	0.00356985	0.00595355	0.053866	0.000325219	0.0026622
70	0.0425507	0.00780403	0.114053	0.061674	0.031258	0.0535191	0.00526617	0.0258862	0.0418817	0.0323928	0.0255984	0.137327	0.021449	0.0452319	0.0467489	0.174189	0.0672789	0.0175083	0.0272234	0.0211593
71	0.0168281	0.0125407	0.00347096	0.00257442	0.048401	0.00471331	0.00157433	0.249162	0.00873776	0.302218	0.055443	0.00329283	0.00393998	0.00703503	0.00664792	0.00677216	0.0181288	0.242071	0.000495354	0.00595373
72	0.142492	0.0283274	0.0214378	0.0096893	0.0321466	0.123402	0.00631249	0.0151485	0.00387471	0.0108363	0.0271455	0.0729887	0.0124493	0.0271935	0.0298765	0.320424	0.0626386	0.0279629	0.00660076	0.0190538
73	0.0408782	0.0144824	0.1161	0.0592345	0.0134453	0.154774	0.0317005	0.00845258	0.061865	0.006381	0.00457658	0.173614	0.0140646	0.0227446	0.0853666	0.124848	0.0279357	0.00788846	0.00261308	0.0290347
74	0.0078887	0.0143256	0.00837601	0.00548802	0.00470382	0.00525644	0.0217441	0.00830144	0.00540355	0.0160251	0.00544564	0.810061	0.000904188	0.0016542	0.00855822	0.0416602	0.0305267	0.00212872	0.000470105	0.00107841
75	0.0365111	0.00239732	0.0332556	0.0402202	0.011971	0.022407	0.0395989	0.0119642	0.0921696	0.0537663	0.0247549	0.31324	0.0245246	0.0659575	0.0639328	0.112564	0.0218426	0.00723682	0.00137111	0.0203144
76	0.0123111	0.000699721	0.000754032	0.000661766	0.185998	0.0025025	0.00216846	0.135915	0.000914931	0.557006	0.0345295	0.000978911	0.000377804	0.00121386	0.00224182	0.00335042	0.00573612	0.0499861	0.000390376	0.00226365
77	0.0269019	0.000710115	0.0251059	0.0268057	0.0217049	0.0270231	0.0166154	0.043777	0.0246154	0.0105252	0.00413699	0.10388	0.0117242	0.00828136	0.0190286	0.35646	0.217091	0.0388659	0.000355913	0.0163916
78	0.0253384	0.000634257	0.0367705	0.0164909	0.00095746	0.798247	0.0105741	0.00390546	0.0114153	0.00461216	0.000931275	0.016948	0.00183062	0.00234906	0.00898855	0.0408154	0.00625908	0.00227456	0.00502008	0.00563805
79	0.0444243	0.00269221	0.0237338	0.0370692	0.00476909	0.0269292	0.0122513	0.0361742	0.121465	0.0232698	0.013895	0.0462061	0.0876482	0.0926178	0.100216	0.133858	0.144556	0.0450275	0.00123927	0.00195809
80	0.00600292	0.00922549	0.00198026	0.00124859	0.0908069	0.00155066	0.00114571	0.450742	0.00240262	0.279714	0.00725883	0.00497724	0.00411586	0.00255303	0.00353726	0.00365386	0.0052642	0.114416	0.000380211	0.00902439
81	0.0430593	0.00842952	0.0189661	0.0294625	0.00827686	0.0242761	0.0266444	0.0150004	0.0335423	0.0179672	0.00703484	0.0390719	0.463423	0.0668546	0.0523437	0.0846766	0.0307326	0.0213356	0.00261356	0.00628878
82	0.0660921	0.00558054	0.281122	0.167099	0.00278038	0.0478165	0.0394521	0.00878991	0.0399861	0.00520431	0.00198346	0.0784301	0.00710037	0.036962	0.0225645	0.0956262	0.0439429	0.0245788	0.00394483	0.0209439
83	0.0132475	0.0196607	0.0360877	0.0162544	0.315118	0.013047	0.00760437	0.0355213	0.00931653	0.0814452	0.0328496	0.0390307	0.00902287	0.00621343	0.00416496	0.0302352	0.0185123	0.0231567	0.0375029	0.252008
84	0.024006	0.000963248	0.0240129	0.0414819	0.00483474	0.0291333	0.020386	0.00257387	0.193739	0.0468497	0.0164565	0.248116	0.00137425	0.0536529	0.132523	0.134358	0.0116681	0.00355992	0.00035172	0.00995827
85	0.00672935	0.00638593	0.000989079	0.000663426	0.0353006	0.00292459	0.000974942	0.0717279	0.00101841	0.747821	0.0696777	0.000761313	0.000607455	0.000888054	0.00391431	0.00430004	0.00876991	0.0312414	0.00247296	0.00283219
86	0.0234742	0.00101015	0.0445368	0.226692	0.0177668	0.0421773	0.0204052	0.0269695	0.132193	0.0302474	0.0163361	0.0385363	0.0157431	0.144169	0.0797278	0.0304973	0.0592969	0.0402279	0.00492015	0.00507291
87	0.0334265	0.000786956	0.0690177	0.11235	0.0382505	0.0100894	0.0195471	0.0549785	0.123697	0.0340089	0.0108831	0.0435705	0.00425434	0.0760688	0.0701227	0.0680721	0.110367	0.0653478	0.00307526	0.0520852
88	0.00593033	0.00788001	0.000880982	0.000873149	0.0514967	0.00263134	0.00116077	0.0788841	0.001149	0.703	0.0922528	0.000880974	0.000815452	0.000991795	0.00328982	0.00648887	0.00754534	0.0271387	0.00474962	0.00196015
89	0.0362983	0.000854117	0.077672	0.114782	0.0483808	0.0122526	0.0304057	0.0465652	0.114618	0.0387796	0.00862996	0.0447654	0.00460248	0.0783222	0.0694493	0.0637296	0.0846076	0.0568688	0.00435531	0.0640612
90	0.112472	0.00700649	0.0330464	0.158722	0.0241471	0.0380114	0.156554	0.00854817	0.00948569	0.0423149	0.00526158	0.00969182	0.00454294	0.0468399	0.0104457	0.192558	0.0128856	0.0293284	0.0254578	0.0726796
91	0.056401	0.00564906	0.0239941	0.0542696	0.00948175	0.435686	0.0278077	0.0106069	0.0555526	0.0116883	0.00438893	0.0300355	0.00721774	0.0288838	0.0425608	0.0677473	0.0282813	0.0311331	0.00348108	0.0651339
92	0.0370467	0.0546047	0.0156488	0.00935273	0.0109919	0.0559583	0.00817969	0.0187625	0.0222762	0.0143772	0.0315055	0.26914	0.00886974	0.0118544	0.0372823	0.143451	0.215753	0.0255591	0.00247542	0.00691045
93	0.0515163	0.00230684	0.0217562	0.0410737	0.0194149	0.0499331	0.0270751	0.0111645	0.0898243	0.113658	0.0157768	0.207443	0.0125564	0.102588	0.0710317	0.105343	0.015827	0.0102133	0.00552162	0.0259764
94	0.0123844	0.000544566	0.000753914	0.000683088	0.191628	0.00247357	0.0022426	0.136886	0.000900835	0.550606	0.0340031	0.000975146	0.000377956	0.00115865	0.00220669	0.00323581	0.00581043	0.0506187	0.000270553	0.00224076
95	0.0462155	0.00397502	0.114809	0.275844	0.0152679	0.0131402	0.0199157	0.0213745	0.0532312	0.0116281	0.00321987	0.0475437	0.00748899	0.0927883	0.0426387	0.126829	0.0622955	0.0256676	0.00304231	0.0130853
96	0.0256342	0.000691347	0.0395519	0.0199126	0.00103279	0.788648	0.0105522	0.00398484	0.0114275	0.00469499	0.000821011	0.0182194	0.00195796	0.0030915	0.00888021	0.0411591	0.00637907	0.0024463	0.00510268	0.005812
97	0.0741205	0.00214402	0.0423032	0.0752208	0.00706831	0.0205837	0.0276747	0.0298852	0.0521135	0.023271	0.00624624	0.0430431	0.185423	0.070355	0.0534367	0.157799	0.0831231	0.0409716	0.00332246	0.00189445
98	0.00763279	0.00812103	0.00167837	0.00175801	0.069082	0.00167754	0.00103135	0.496465	0.00211666	0.231729	0.010031	0.00592537	0.00333764	0.00246262	0.00279731	0.00493913	0.00882037	0.133224	0.000334876	0.00683688
99	0.0513757	0.00941396	0.0781315	0.0338388	0.00873194	0.0820251	0.0186135	0.0120565	0.0276505	0.013342	0.00776135	0.0705048	0.347921	0.0299668	0.0307606	0.117918	0.0288349	0.0178884	0.00562716	0.00763783
100	0.105975	0.00146508	0.0412208	0.0315339	0.0106171	0.0149083	0.00537736	0.0254331	0.0341203	0.0460978	0.00196571	0.0569479	0.151158	0.0207126	0.0250245	0.302539	0.0921251	0.0260805	0.000652328	0.0060466
101	0.0508336	0.00176405	0.0276111	0.0358415	0.0291027	0.0300404	0.0357962	0.0147547	0.0738194	0.122413	0.0204339	0.217091	0.0184378	0.0891181	0.0622893	0.0921197	0.0203715	0.0129461	0.00659869	0.0386172
102	0.00659265	0.0072987	0.00121436	0.000792599	0.0310978	0.00404404	0.00154294	0.0732293	0.00141778	0.729432	0.0839166	0.000867011	0.000927931	0.00105785	0.00403831	0.00525441	0.00942242	0.0325208	0.00268472	0.00264745
103	0.032767	0.00104198	0.0101526	0.0521708	0.00739456	0.0174001	0.00530826	0.0721367	0.113703	0.0225663	0.0263649	0.0777082	0.0168385	0.0613404	0.0577181	0.106494	0.234049	0.07536	0.000585866	0.00889994
104	0.0259199	0.00124481	0.0332865	0.0385613	0.00618346	0.0244462	0.0247473	0.00613498	0.143058	0.0323724	0.0218736	0.329409	0.0112577	0.0461809	0.0866567	0.134029	0.0196242	0.00408684	0.000326107	0.0106
105	0.00628069	0.00687188	0.0010487	0.000673078	0.0274742	0.00297447	0.00110986	0.0682061	0.00103131	0.753338	0.0759973	0.000734025	0.000785121	0.000929154	0.00416174	0.00440395	0.00911248	0.0296482	0.00252022	0.00269996
106	0.0370122	0.000866432	0.0273268	0.0791057	0.0149991	0.0105437	0.0091577	0.0760977	0.128204	0.0272477	0.0204667	0.0486769	0.00917021	0.0754021	0.0549132	0.0784824	0.205321	0.0789085	0.00111455	0.0169828
107	0.0348599	0.00244658	0.143647	0.134528	0.0317052	0.0184166	0.0274284	0.0359773	0.0968735	0.0239609	0.0060204	0.0557134	0.00413497	0.0717855	0.0569696	0.0795486	0.0768782	0.0448952	0.00248372	0.0517273
108	0.00631406	0.00709082	0.000887095	0.000674221	0.0337464	0.00281174	0.00111732	0.0688417	0.00108636	0.742049	0.0817352	0.000799443	0.000632467	0.000936294	0.00367627	0.00499458	0.00864298	0.0283227	0.00322906	0.00241198
109	0.0186308	0.00489141	0.127305	0.0132338	0.0152461	0.0108324	0.0290434	0.0906883	0.0756358	0.11479	0.0845945	0.0780685	0.00586885	0.0149917	0.0870067	0.0478558	0.0414222	0.0502714	0.0519601	0.0376629
110	0.0370352	0.00676026	0.0490504	0.0304214	0.0287128	0.0118204	0.00816546	0.201231	0.0116248	0.0836421	0.0670518	0.0570056	0.00288312	0.00968834	0.00844791	0.0810438	0.0731903	0.172425	0.0320967	0.0277038
111	0.00798257	0.00520229	0.000874582	0.000828326	0.0915766	0.00245745	0.00131658	0.0827456	0.00103121	0.67809	0.0703933	0.000894452	0.000698285	0.00100672	0.00333128	0.00535265	0.00733476	0.033382	0.00315126	0.00235037
112	0.0865757	0.0126123	0.0313846	0.0259179	0.0199571	0.11593	0.032447	0.0152867	0.129699	0.0113738	0.00516852	0.0579635	0.0166841	0.0531972	0.169156	0.147103	0.0470167	0.0146839	0.00195957	0.00588285
113	0.0266273	0.0043928	0.0528892	0.036603	0.00471176	0.0691436	0.0253784	0.00471638	0.137426	0.023471	0.0190589	0.310143	0.00852312	0.0373176	0.0954257	0.115077	0.0142807	0.00506909	0.000566373	0.00917883
114	0.0534418	0.134486	0.0362765	0.00768502	0.00942099	0.0131024	0.008546	0.0167163	0.0101319	0.0764294	0.0256555	0.280276	0.00366368	0.0102836	0.0125816	0.190831	0.050897	0.0481339	0.00207354	0.00936824
115	0.0243738	0.000870638	0.0276957	0.0389928	0.00530402	0.0282087	0.0219852	0.00360367	0.173099	0.046301	0.0198134	0.276429	0.00408077	0.050127	0.116172	0.134906	0.0134591	0.00376337	0.00041723	0.0103972
116	0.0123183	0.000665694	0.000772007	0.000665849	0.189898	0.0025545	0.00219697	0.135291	0.000921418	0.553971	0.0343161	0.000989808	0.000388796	0.0012036	0.00225435	0.0034805	0.00576434	0.0497638	0.000298392	0.00228513
117	0.0268299	0.000717187	0.02515	0.0268061	0.0216486	0.0270644	0.0166707	0.0436968	0.0245946	0.0105116	0.00414727	0.103991	0.0116321	0.00821431	0.0190851	0.35637	0.217188	0.0389129	0.000355826	0.0164136
118	0.0295067	0.00585565	0.272629	0.0915793	0.00763213	0.0394713	0.0222341	0.0124491	0.0628992	0.0103311	0.00602509	0.191698	0.0185209	0.0346784	0.0333507	0.0891327	0.0333631	0.0144124	0.00244406	0.0217875
119	0.0139929	0.00768771	0.00236141	0.00123941	0.0643258	0.00314047	0.00130027	0.162683	0.00439633	0.51576	0.0523838	0.00194782	0.00198242	0.00360127	0.00407578	0.00473151	0.0127545	0.137043	0.000719909	0.00387288
120	0.036054	0.00341491	0.0275758	0.0343843	0.0192929	0.0370667	0.0151089	0.0388313	0.0297328	0.0130313	0.00750797	0.100604	0.0156278	0.0146855	0.0331704	0.317172	0.202557	0.0375777	0.00143197	0.0151721
121	0.0347412	0.00236582	0.0383504	0.00827653	0.176955	0.0250862	0.0585012	0.0125593	0.0261586	0.0488687	0.0186464	0.102723	0.00351996	0.0290865	0.0506921	0.115018	0.0264304	0.0162846	0.00479016	0.200945
122	0.0115632	0.0154902	0.012497	0.00822509	0.005952	0.00735745	0.0218398	0.00901698	0.0152881	0.0204526	0.00665979	0.750172	0.00260858	0.00572081	0.0144775	0.0542376	0.0308518	0.00392688	0.000711142	0.00295105
123	0.0233749	0.000794604	0.0239774	0.0411986	0.00504416	0.0291393	0.0201382	0.00245998	0.197123	0.0473423	0.0168723	0.246013	0.000909729	0.0525436	0.135549	0.131767	0.0113685	0.00354601	0.000369137	0.0104684
124	0.0127823	0.000912402	0.000907713	0.000963011	0.212003	0.0023126	0.00199943	0.108802	0.00110629	0.562772	0.0315487	0.00123801	0.000544016	0.00124692	0.00325894	0.00459784	0.00591377	0.0442749	0.000268781	0.00254792
125	0.0267414	0.000740702	0.0250516	0.0268776	0.0214825	0.0270406	0.016832	0.0433518	0.0246001	0.0104092	0.00430464	0.103914	0.0115853	0.00815798	0.0191791	0.356088	0.218052	0.03903	0.000356639	0.0162035
126	0.0244538	0.00046467	0.0368943	0.0164685	0.000781201	0.804994	0.00983574	0.00368224	0.0110641	0.00453894	0.000668267	0.0165608	0.0016945	0.00212235	0.00848511	0.039304	0.00539633	0.0020262	0.00507488	0.00549066
127	0.0644205	0.00214511	0.0454352	0.0862512	0.00617174	0.020996	0.0302866	0.0319526	0.0524801	0.0237087	0.00538178	0.0494625	0.174847	0.0751383	0.0519868	0.145185	0.0874502	0.0424899	0.00351592	0.000695429
128	0.013676	0.0033773	0.00105819	0.00396864	0.0149982	0.00145779	0.000899278	0.594873	0.00145602	0.0881463	0.0210942	0.00987008	0.000684886	0.00224684	0.00132952	0.0103472	0.0160523	0.213484	0.000274154	0.000706253
129	0.0367195	0.00237911	0.0343558	0.0034891	0.236342	0.0139206	0.059814	0.013587	0.0252043	0.0339355	0.011947	0.0681893	0.00148519	0.0136088	0.0344926	0.0878571	0.0379022	0.0192592	0.00289701	0.262614
130	0.00578591	0.00744947	0.00106077	0.000771767	0.0295382	0.00296044	0.00154638	0.0726679	0.00110706	0.723085	0.0945132	0.000892958	0.000932064	0.000984737	0.00374293	0.00461647	0.00976717	0.0329369	0.00329453	0.0023461
131	0.0111154	0.0208181	0.0427165	0.0138475	0.293729	0.0159167	0.00780672	0.0377958	0.00775148	0.102388	0.0392578	0.0340233	0.010389	0.00741557	0.00333388	0.0253294	0.0138636	0.0196597	0.0312737	0.261568
132	0.00832	0.00463858	0.000924825	0.000683085	0.0655857	0.00266847	0.00104896	0.0733114	0.000985225	0.726023	0.0577971	0.000736896	0.000505566	0.00100333	0.00354133	0.00374316	0.00837912	0.035005	0.00196225	0.00313717
133	0.0611269	0.0150667	0.0888967	0.0204192	0.00701009	0.0646667	0.0443481	0.011469	0.0137685	0.00492681	0.00309843	0.213009	0.0134025	0.0137652	0.0247386	0.305285	0.0603539	0.00975197	0.00121216	0.0236846
134	0.0601981	0.0187261	0.124156	0.0242812	0.00371273	0.0681624	0.0504707	0.00317197	0.0102299	0.00349504	0.00188042	0.257593	0.0151397	0.0138786	0.0290325	0.261357	0.0203245	0.00357308	0.00151728	0.0290996
135	0.0124105	0.0175681	0.0127905	0.0105966	0.00579957	0.00823288	0.0204642	0.00920227	0.00906089	0.0170465	0.00686479	0.748857	0.00207458	0.00448478	0.010716	0.0578227	0.0388378	0.00421373	0.000798544	0.0021578
136	0.0469302	0.00174689	0.0262412	0.0351106	0.0285234	0.0273163	0.0368388	0.0150643	0.0768261	0.121596	0.0224685	0.222509	0.0179979	0.0901133	0.0621274	0.0930823	0.0198771	0.0108269	0.00653264	0.0382711
137	0.0128911	0.000944033	0.000910947	0.000990746	0.214049	0.00227526	0.00198015	0.10728	0.00111466	0.562647	0.0308468	0.0012737	0.000572085	0.00127911	0.0032982	0.00457383	0.00604757	0.0441429	0.000261988	0.00262069
138	0.0823775	0.00629877	0.030279	0.0292923	0.0122689	0.435123	0.0141677	0.030424	0.0354856	0.0162187	0.00893533	0.0330966	0.0142014	0.0374729	0.0457101	0.0721006	0.048944	0.0339213	0.00552468	0.00815792
139	0.0647589	0.00209122	0.0460638	0.0875334	0.00603346	0.0207739	0.030708	0.031444	0.0519047	0.0237762	0.00532974	0.0492272	0.176857	0.0749462	0.0515219	0.144455	0.0864307	0.0417769	0.00367267	0.000694257
140	0.00603709	0.00958981	0.00209147	0.00127584	0.0863422	0.00160776	0.0011248	0.458786	0.00243091	0.271077	0.00717129	0.00512134	0.00426342	0.00268902	0.00361086	0.00374678	0.00549486	0.117918	0.000382915	0.00923878
141	0.028238	0.0114368	0.00995833	0.0165293	0.0028728	0.014225	0.0191771	0.0059818	0.0126467	0.00838487	0.00254838	0.0354402	0.674001	0.0250348	0.0229372	0.0777467	0.0121704	0.0170079	0.00112352	0.00253973
142	0.0504475	0.00844307	0.115236	0.0704026	0.025612	0.0573528	0.00125639	0.0243826	0.0460029	0.0212758	0.0225875	0.136554	0.0252473	0.0484912	0.0389377	0.185481	0.0777935	0.018162	0.014161	0.0121729
143	0.0449839	0.00807497	0.176829	0.0710218	0.0174386	0.0508651	0.0111925	0.0228785	0.05569	0.0246765	0.0234826	0.144621	0.0174254	0.0364474	0.0348067	0.144585	0.0674062	0.0269099	0.00842957	0.0122355
144	0.0135468	0.012113	0.00324088	0.00136304	0.0514182	0.00420261	0.000948982	0.274359	0.00749277	0.293704	0.0517322	0.00332775	0.00317557	0.00580252	0.00616617	0.00642583	0.015911	0.238646	0.000322484	0.00610089
145	0.100059	0.00312343	0.041352	0.0184155	0.0114717	0.0242161	0.00503051	0.019533	0.0217614	0.0266533	0.00371511	0.0810438	0.0805395	0.0129376	0.019798	0.3877	0.112906	0.0213457	0.00120086	0.0071973
146	0.0367195	0.00237911	0.0343558	0.0034891	0.236342	0.0139206	0.059814	0.013587	0.0252043	0.0339355	0.011947	0.0681893	0.00148519	0.0136088	0.0344926	0.0878571	0.0379022	0.0192592	0.00289701	0.262614
147	0.0157666	0.0104138	0.0182319	0.0123153	0.00683183	0.0165596	0.0284263	0.0114541	0.024163	0.0212559	0.00781238	0.685513	0.00484666	0.0134258	0.0258956	0.0607809	0.0251308	0.00484404	0.00088822	0.00544439
148	0.051476	0.0118049	0.109778	0.0708504	0.0286882	0.0564151	0.00147173	0.0238178	0.0463675	0.0201141	0.0213126	0.137038	0.0258082	0.0500493	0.0368004	0.183599	0.0780498	0.0186354	0.01547	0.0124546
149	0.0132345	0.00470627	0.00235864	0.00117312	0.1725	0.0036625	0.00226564	0.140496	0.00543227	0.405011	0.058424	0.00211847	0.00146546	0.00381574	0.0100009	0.00666331	0.0143822	0.144629	0.00225736	0.00540327
150	0.091074	0.00435689	0.0253289	0.00546975	0.160214	0.0276048	0.0648932	0.0132898	0.0195421	0.0394428	0.0112205	0.083785	0.00288515	0.0130398	0.0270678	0.123875	0.035334	0.0161562	0.00217111	0.23325
151	0.0180762	0.00455825	0.00096631	0.00566824	0.013983	0.00303534	0.00112497	0.501461	0.00464128	0.0809908	0.0245376	0.00755309	0.00304868	0.00315467	0.00209093	0.00862746	0.016364	0.299187	0.000304049	0.000627082
152	0.00747843	0.0135793	0.00888063	0.00522109	0.00563863	0.004984	0.0238691	0.0083847	0.00657978	0.0164883	0.0049576	0.813068	0.000986197	0.0017496	0.00917912	0.038121	0.0269681	0.0022553	0.000471001	0.00114025
153	0.0980982	0.109364	0.0227646	0.0134777	0.0216598	0.0867837	0.0111319	0.0250591	0.0123488	0.0446732	0.0193995	0.0623992	0.0148306	0.0178961	0.0214596	0.290165	0.0509886	0.0566643	0.00652757	0.014308
154	0.0406848	0.00418066	0.0350971	0.018526	0.00524026	0.68879	0.0129915	0.00816111	0.0147687	0.00875227	0.00384582	0.0249461	0.00695922	0.00919427	0.0152291	0.0586945	0.0214984	0.00865325	0.00492824	0.00885878
155	0.0244538	0.00046467	0.0368943	0.0164685	0.000781201	0.804994	0.00983574	0.00368224	0.0110641	0.00453894	0.000668267	0.0165608	0.0016945	0.00212235	0.00848511	0.039304	0.00539633	0.0020262	0.00507488	0.00549066
156	0.0165121	0.0778104	0.00795699	0.00542444	0.257331	0.00654176	0.0224593	0.00965954	0.00508906	0.0184273	0.00774251	0.00926289	0.00331949	0.00527871	0.00484749	0.0188656	0.00793943	0.0113964	0.00616628	0.497969
157	0.048315	0.00619647	0.131413	0.427007	0.0087758	0.0127606	0.017442	0.0118214	0.0220631	0.00885066	0.0013255	0.0467562	0.00370562	0.0918044	0.0123704	0.0822829	0.0396464	0.0174058	0.00563596	0.00442176
158	0.223002	0.002135	0.0994891	0.13721	0.00291682	0.0977439	0.00742894	0.0258247	0.0535318	0.0206465	0.0190632	0.0123548	0.0299814	0.0230721	0.0377753	0.116626	0.060863	0.026672	0.00105507	0.00260863
159	0.0569003	0.00641406	0.169555	0.341366	0.00746118	0.0285694	0.0263531	0.01025	0.0266937	0.00925499	0.00236499	0.0531851	0.00617955	0.0695273	0.0167044	0.0919156	0.037216	0.0219034	0.00624245	0.0119444
160	0.0504377	0.0084352	0.115211	0.070378	0.0255857	0.057347	0.0012532	0.0243891	0.0460752	0.0213114	0.0225801	0.136529	0.0252699	0.0485156	0.038939	0.185482	0.0777837	0.0181484	0.0141634	0.0121649
161	0.0771563	0.0464103	0.0246267	0.0181585	0.231586	0.0274523	0.012919	0.0385858	0.0154703	0.0609437	0.023633	0.0283588	0.0116892	0.0127304	0.0158783	0.0722278	0.0409019	0.0730797	0.0671128	0.101079
162	0.161111	0.0225029	0.0121326	0.038597	0.0343969	0.308796	0.0113531	0.0200794	0.0171018	0.0356328	0.0088828	0.01719	0.00513343	0.0416839	0.023888	0.0874387	0.0238242	0.114854	0.00734607	0.00805542
163	0.0833948	0.0098934	0.0117246	0.00423283	0.0714348	0.0149718	0.012889	0.157496	0.0121394	0.138431	0.0371252	0.0112292	0.0040658	0.00385038	0.0067356	0.0356935	0.111902	0.210292	0.0257699	0.0367293
164	0.0915078	0.00220896	0.0334939	0.0296936	0.011891	0.0170144	0.0080176	0.0370594	0.0395306	0.0358551	0.00353824	0.0595156	0.132468	0.0220211	0.0260564	0.29578	0.115704	0.0310979	0.00090259	0.00664383
165	0.0264906	0.000825552	0.0252671	0.0265453	0.0213274	0.0267372	0.0171539	0.0433995	0.024794	0.0104295	0.00415909	0.106071	0.0121183	0.00862051	0.0188415	0.355651	0.216502	0.0385476	0.000396815	0.0161225
166	0.0712619	0.0111689	0.0114232	0.0116931	0.0156234	0.0171896	0.0084973	0.0430145	0.0568934	0.0147493	0.0123308	0.0296496	0.0603755	0.0277525	0.04812	0.179638	0.285189	0.0896407	0.00108625	0.00470263
167	0.0546102	0.00915079	0.050009	0.0199747	0.0204464	0.352492	0.0291448	0.00873929	0.0189929	0.0139641	0.00737577	0.102858	0.00835333	0.014145	0.0253707	0.159825	0.0267199	0.011535	0.00631613	0.0599774
168	0.142875	0.0130964	0.0204093	0.00749694	0.0136443	0.0649934	0.00626656	0.0093932	0.00813975	0.0110725	0.0114504	0.106254	0.0229841	0.0129817	0.0227666	0.412974	0.0841795	0.0159159	0.00289548	0.0102107
169	0.387948	0.0147892	0.00639757	0.0138622	0.00469629	0.0376738	0.00649116	0.00762259	0.016075	0.00803219	0.0151825	0.0135416	0.166036	0.0116181	0.0262172	0.166567	0.0636363	0.0281783	0.000944087	0.00449109
170	0.0191648	0.0224059	0.0294491	0.0107826	0.0118888	0.0959699	0.00967776	0.194443	0.0134639	0.127962	0.0344447	0.0611986	0.00457705	0.0435349	0.0117865	0.10899	0.108112	0.0797448	0.00261023	0.00979346
171	0.100798	0.0067431	0.0262375	0.0175712	0.0157359	0.0411981	0.00757715	0.0255296	0.0275266	0.037873	0.00712399	0.0755444	0.0518513	0.0129399	0.019906	0.349829	0.125083	0.026328	0.00176494	0.0228396
172	0.0507046	0.00937997	0.022241	0.0119474	0.0860614	0.0130096	0.0439352	0.137345	0.0258144	0.156684	0.0312507	0.0468764	0.00763815	0.018008	0.035463	0.0259898	0.0691654	0.155124	0.0107839	0.0425784
173	0.0557921	0.00401301	0.024056	0.0350107	0.0169092	0.0187735	0.0137072	0.0599978	0.115272	0.101325	0.0230324	0.0480827	0.0108523	0.0630183	0.109443	0.0743226	0.07887	0.0903178	0.0441972	0.0130082
174	0.0794379	0.0105648	0.0182007	0.0104799	0.075738	0.0158296	0.0132792	0.155567	0.0152949	0.121254	0.0377407	0.0181235	0.00492064	0.00792754	0.0142916	0.0402023	0.0875915	0.181732	0.0350354	0.0567888
175	0.0133298	0.0204097	0.0293953	0.0095178	0.277491	0.0184988	0.033479	0.031525	0.0133339	0.095902	0.0295754	0.0306326	0.00732588	0.0187392	0.0131666	0.0303333	0.013559	0.0155611	0.0191193	0.279105
176	0.277161	0.00655687	0.0328734	0.0135954	0.0389194	0.151418	0.0266753	0.0451984	0.0332483	0.0175084	0.00629604	0.0320749	0.00318064	0.0335272	0.0537889	0.0695452	0.0628541	0.0864303	0.00478016	0.004368
177	0.0336236	0.00582839	0.031715	0.00836492	0.138909	0.0188953	0.0443161	0.0906078	0.0148912	0.187959	0.0260542	0.0639806	0.0190892	0.0238678	0.0839094	0.0123199	0.0214685	0.125411	0.00609529	0.0426939
178	0.135286	0.0518414	0.0583416	0.0436473	0.0222195	0.135587	0.0569611	0.0136143	0.0120842	0.0193546	0.0129725	0.0542206	0.0132821	0.0228961	0.0237408	0.20807	0.0357575	0.0290138	0.0280751	0.0230356
179	0.00472835	0.0178192	0.00180498	0.00183226	0.0508811	0.00281582	0.00349003	0.0745645	0.00192364	0.608521	0.167248	0.0018252	0.00172571	0.00156366	0.00316716	0.00914685	0.00638063	0.034356	0.00442096	0.00178436
180	0.0310704	0.001254	0.0411739	0.226482	0.0193458	0.0572167	0.0207371	0.0314366	0.117375	0.0341491	0.0201607	0.0349622	0.0230208	0.13033	0.0817851	0.0295022	0.0502619	0.0426869	0.00425077	0.00279899
181	0.0309241	0.00366747	0.0975908	0.0499258	0.0106645	0.0350116	0.0180452	0.0107126	0.0796852	0.0143844	0.0180607	0.3309	0.0286227	0.0407784	0.0436545	0.13708	0.0321682	0.00562134	0.00240257	0.0100996
182	0.0588284	0.00334576	0.0343061	0.0355416	0.0067683	0.558637	0.0234283	0.00987137	0.0269463	0.038324	0.00488305	0.0479368	0.00527021	0.0170127	0.0349787	0.0500049	0.014198	0.0115071	0.00586585	0.0123455
183	0.0431344	0.00549963	0.0854913	0.0628755	0.0224734	0.0417017	0.00749799	0.0207995	0.0777668	0.0161721	0.0241168	0.214076	0.0273008	0.0421141	0.0399681	0.175286	0.0657901	0.0115062	0.00708583	0.00934343
184	0.0395154	0.0119436	0.0198008	0.0166793	0.0821495	0.0172047	0.0227684	0.102998	0.0215508	0.158329	0.0314703	0.0336154	0.0405735	0.0199654	0.0293837	0.0341114	0.044569	0.161938	0.010004	0.101429
185	0.0273154	0.00163266	0.0137338	0.0440137	0.0069861	0.0135277	0.0085593	0.0656791	0.143864	0.0249472	0.0242	0.110325	0.0130879	0.0677273	0.0638583	0.107223	0.200204	0.0559122	0.000762202	0.00644135
186	0.0133088	0.00931774	0.00224583	0.00250249	0.0446965	0.0034969	0.00115482	0.362967	0.00557586	0.220487	0.0295667	0.00737165	0.00351165	0.00433328	0.00387846	0.00854256	0.0127319	0.25872	0.000514145	0.0050767
187	0.0268356	0.00337236	0.0242609	0.0666811	0.00998331	0.00914619	0.0212261	0.0513833	0.204256	0.0239538	0.0192094	0.106231	0.00633119	0.0758251	0.0623729	0.084393	0.150597	0.0465468	0.00103081	0.00636349
188	0.0387352	0.00880727	0.00465683	0.00605371	0.0329668	0.00655083	0.00451211	0.280717	0.00865204	0.241178	0.0362783	0.00792453	0.00492167	0.00574369	0.00572887	0.0221078	0.0294158	0.24558	0.00332624	0.00614314
189	0.0298032	0.00248291	0.0605363	0.0894658	0.0623315	0.0207166	0.0903836	0.0341073	0.0925867	0.0487784	0.0112485	0.0362214	0.00510665	0.0928539	0.0700985	0.0581672	0.0627261	0.0395649	0.00421899	0.0886016
190	0.0138481	0.0179786	0.0301317	0.0110868	0.26714	0.0150647	0.0223069	0.0441323	0.0136208	0.147344	0.0351836	0.0299516	0.0078296	0.0147705	0.0135752	0.0277068	0.0141447	0.0244338	0.0229773	0.226772
191	0.363522	0.0394891	0.00677056	0.0109316	0.00872335	0.0654926	0.00330902	0.0158079	0.00553147	0.0090604	0.0152659	0.0165891	0.0949805	0.00731287	0.0187614	0.177768	0.0816685	0.0507858	0.00245267	0.00577706
192	0.0369384	0.00736054	0.151289	0.130864	0.00915136	0.0417839	0.0230395	0.0148989	0.0889458	0.0153958	0.00962329	0.196534	0.0180013	0.0460356	0.0475849	0.0957374	0.0363063	0.0159762	0.00254218	0.011992
