410	20
1	0.0323599	0.151893	0.00264965	0.00450702	0.0202509	0.00480683	0.00400651	0.224381	0.0165059	0.0656462	0.0335452	0.00633825	0.00241741	0.00482641	0.00523366	0.0262871	0.0331307	0.327056	0.00136319	0.0327941
2	0.0903516	0.00655435	0.0683953	0.0634809	0.00644177	0.117849	0.0245634	0.00754235	0.061205	0.0160204	0.00605541	0.0974814	0.00877138	0.0348896	0.0920926	0.221266	0.0501475	0.0149278	0.000852999	0.0111111
3	0.0377376	0.00726717	0.141476	0.532109	0.00751551	0.0160323	0.0199028	0.00862295	0.0140768	0.00581921	0.00119693	0.0330884	0.00936582	0.0472033	0.0229431	0.0444162	0.0129267	0.0103595	0.00168064	0.026259
4	0.0142647	0.00112015	0.000797157	0.00366405	0.0133932	0.00215273	0.0011577	0.661645	0.00254506	0.139011	0.0252636	0.00214771	0.00138042	0.0018884	0.001496	0.00189174	0.0150313	0.108831	0.000805134	0.00151423
5	0.0778115	0.0123885	0.000810797	0.00440426	0.00350869	0.000851773	0.0089305	0.233407	0.00252736	0.0445923	0.018777	0.012471	0.00275398	0.00177387	0.00813247	0.0282966	0.0649171	0.459022	0.00032987	0.014293
6	0.464182	0.102944	0.00102078	0.0068693	0.00712363	0.0117315	0.000985044	0.00189816	0.00120299	0.00641513	0.00348702	0.0175033	0.00078475	0.00310632	0.0066223	0.313624	0.0402404	0.00437477	0.000403036	0.00548197
7	0.0690976	0.0141317	0.00228249	0.00355947	0.0093283	0.0186113	0.00976257	0.0120392	0.217781	0.0508684	0.020583	0.00336596	0.00218287	0.0503433	0.377077	0.0771512	0.0149309	0.030387	0.00362171	0.0128956
8	0.0152989	0.00180211	0.0318067	0.0824024	0.00191612	0.00388498	0.0319341	0.0227057	0.280598	0.0350826	0.0153751	0.0230291	0.00469916	0.0792728	0.278821	0.0374898	0.0252114	0.0177453	0.000680185	0.0102443
9	0.00764754	0.00446868	0.02153	0.0234678	0.144647	0.00264813	0.124978	0.00394608	0.0030692	0.060852	0.0142185	0.0695261	0.00194275	0.00647246	0.0165175	0.00784289	0.00583876	0.00399948	0.0199242	0.456462
10	0.062014	0.00533507	0.041421	0.0285116	0.0151175	0.128186	0.079975	0.00792657	0.13053	0.0115595	0.00515541	0.0915808	0.00391719	0.0270769	0.152052	0.15218	0.0219137	0.00935324	0.00271179	0.023482
11	0.042105	0.011289	0.0597176	0.0294452	0.0127598	0.010054	0.0354569	0.156869	0.0671474	0.0780502	0.0455792	0.103244	0.00454722	0.0487022	0.0538323	0.0552406	0.0263181	0.144073	0.00485443	0.0107152
12	0.147536	0.012948	0.00530038	0.0256084	0.00704039	0.0246234	0.0209271	0.0456696	0.0368172	0.0198666	0.0311425	0.00773702	0.00406131	0.0142796	0.0404894	0.197088	0.250601	0.104296	0.00101923	0.00294963
13	0.0256107	0.00533463	0.390394	0.278235	0.0114174	0.0118556	0.0245146	0.00548354	0.0307697	0.00426249	0.00174629	0.0743895	0.00370321	0.0291117	0.0307362	0.0165259	0.0190628	0.013417	0.00324473	0.0201846
14	0.0141514	0.00144933	0.000722289	0.00293044	0.0167909	0.00250217	0.00153486	0.595166	0.00321278	0.1792	0.0398644	0.00176632	0.00134929	0.00188366	0.00255476	0.00183023	0.0142183	0.114406	0.00157554	0.00289105
15	0.00771981	0.00238858	0.000493716	0.00112904	0.0231031	0.00231455	0.00398802	0.261832	0.00858652	0.429025	0.0888073	0.00162663	0.00239036	0.000948292	0.00786264	0.00132424	0.0189796	0.122734	0.00680333	0.00794305
16	0.0874727	0.00650305	0.0705621	0.0634824	0.0055261	0.118331	0.0264275	0.00794125	0.0645912	0.0169765	0.00620276	0.101034	0.00723614	0.0363085	0.0929552	0.215096	0.0481004	0.0126477	0.00081237	0.011793
17	0.298859	0.0258333	0.00533238	0.025059	0.0477719	0.105294	0.115503	0.00757825	0.00619926	0.0112503	0.0256534	0.00667514	0.00356241	0.0423343	0.00678277	0.114088	0.0104787	0.0681668	0.00187105	0.0717066
18	0.0799791	0.0103998	0.00146702	0.00254821	0.0322807	0.0218684	0.00189801	0.377849	0.0034186	0.128089	0.0341974	0.0023938	0.00104453	0.00604157	0.00284689	0.0130196	0.00746617	0.239893	0.00128249	0.032017
19	0.0753252	0.0103917	0.0203333	0.0542848	0.0108948	0.00759308	0.0120907	0.117947	0.0832083	0.080879	0.0284976	0.0243943	0.000570438	0.0257228	0.120152	0.0521603	0.0405181	0.213566	0.0071012	0.0143698
20	0.0186722	0.00740646	0.00160545	0.00422253	0.0921727	0.00259454	0.00327834	0.16559	0.00372527	0.367561	0.0480753	0.00234162	0.0014725	0.0023273	0.00395311	0.00632734	0.00939114	0.130192	0.00276996	0.126322
21	0.0751543	0.0103483	0.0202627	0.0545177	0.0108384	0.00757547	0.0121137	0.118291	0.0831349	0.0810434	0.0287013	0.0242988	0.000570638	0.0255878	0.120308	0.052103	0.0404418	0.213252	0.00712966	0.0143279
22	0.0480914	0.00434551	0.0908639	0.117736	0.00954078	0.0363362	0.0108244	0.0228231	0.146764	0.0259084	0.00530528	0.0553313	0.13435	0.0436492	0.080592	0.0742005	0.0478889	0.0268211	0.014616	0.00401193
23	0.0289391	0.00141415	0.00465906	0.00730659	0.0576545	0.00643016	0.0164989	0.159351	0.0211333	0.345151	0.1259	0.0027221	0.00628309	0.0474192	0.0625684	0.00697204	0.00431593	0.0473487	0.00691365	0.0410186
24	0.0649914	0.0129305	0.00333869	0.00657901	0.0118709	0.0109987	0.0057996	0.203673	0.0147231	0.217371	0.0314031	0.0222474	0.0108221	0.0116796	0.015364	0.0185144	0.0739128	0.231946	0.00984833	0.021987
25	0.0142255	0.0129477	0.00419414	0.00306847	0.00354978	0.00611972	0.0063209	0.0200991	0.19162	0.0404585	0.0635795	0.00400216	0.0024284	0.0666331	0.444648	0.0329944	0.0106587	0.0665087	0.00138453	0.00455955
26	0.0562005	0.00906071	0.0178424	0.0447074	0.00872853	0.00693529	0.0132897	0.080086	0.132976	0.0637236	0.0269403	0.0179122	0.00132558	0.0425024	0.212712	0.0516833	0.0337832	0.162979	0.00495536	0.0116563
27	0.0490302	0.00346591	0.025672	0.131343	0.00504985	0.0107831	0.0123975	0.0132997	0.219133	0.016366	0.00702708	0.0173058	0.191303	0.0245988	0.205545	0.0258866	0.0194358	0.0130252	0.00401573	0.00531638
28	0.0202654	0.0064647	0.0187544	0.042485	0.00300294	0.00766393	0.0179077	0.0164292	0.231607	0.0295279	0.0237669	0.015016	0.0107904	0.0540473	0.418914	0.0349448	0.0169513	0.0224093	0.00153947	0.00751251
29	0.054523	0.0115198	0.00440121	0.00651693	0.0132544	0.00681586	0.0187613	0.0565602	0.00652657	0.00897231	0.0663052	0.0209195	0.0034352	0.00821063	0.00627419	0.359363	0.297926	0.0316424	0.00218084	0.0158911
30	0.34207	0.0272632	0.00536825	0.00990586	0.00581902	0.00714322	0.00547467	0.16216	0.00757685	0.301313	0.00809904	0.0062569	0.00343549	0.00576677	0.00672316	0.0636369	0.0107483	0.0136018	0.00253582	0.00510137
31	0.124514	0.0256948	0.0177001	0.0283587	0.0153182	0.0274976	0.0176333	0.0556134	0.0256342	0.0419931	0.0234427	0.0235171	0.0178498	0.0168084	0.0236589	0.253949	0.1028	0.139205	0.00405257	0.0147605
32	0.0581854	0.0106507	0.0248986	0.0169374	0.00303046	0.724177	0.00709677	0.0037741	0.0193664	0.00855393	0.0034698	0.0200489	0.00552556	0.00595859	0.0147431	0.0450323	0.0154366	0.00740813	0.00241341	0.00329298
33	0.00410944	0.000425962	0.000477814	0.00224962	0.00538151	0.000536271	0.00156684	0.286137	0.000689949	0.0231975	0.00453983	0.000584061	0.00171058	0.000530627	0.0016416	0.00108566	0.007035	0.657305	0.000196623	0.000598618
34	0.232541	0.0191958	0.00855598	0.0116698	0.00720821	0.0141638	0.0132068	0.050981	0.00419137	0.0360646	0.0088301	0.0103828	0.00868859	0.0135906	0.00305154	0.200156	0.209819	0.144266	0.000769222	0.00266766
35	0.024071	0.0136743	0.00184404	0.00438328	0.00504011	0.00176316	0.00284495	0.275966	0.0025221	0.0415911	0.00509428	0.00451554	0.0587975	0.00171144	0.00290676	0.00623717	0.0302281	0.514092	0.000535833	0.00218171
36	0.00459733	0.000475598	0.000476256	0.00222461	0.00610185	0.000586102	0.00160994	0.294653	0.000727533	0.0280859	0.00500997	0.000604644	0.00180768	0.000587638	0.00167025	0.00121921	0.00760021	0.640908	0.000191599	0.000862097
37	0.393583	0.0568078	0.0108166	0.0158265	0.00708063	0.0253148	0.00484396	0.0103357	0.0139212	0.013891	0.00778011	0.0194161	0.00503079	0.00906274	0.0289146	0.27913	0.0712009	0.0204892	0.000996099	0.00555839
38	0.0805726	0.0111176	0.00106417	0.0039023	0.00894132	0.00652083	0.00605815	0.277773	0.00317908	0.0606596	0.0233653	0.00849794	0.0026615	0.00409389	0.00634995	0.0220682	0.0443017	0.412983	0.000465263	0.0154248
39	0.0573071	0.00648272	0.00453202	0.0139046	0.0303016	0.00595117	0.00870188	0.175448	0.0159267	0.289223	0.201197	0.00484627	0.00415978	0.0212407	0.0268816	0.016909	0.016049	0.0720523	0.00610377	0.0227817
40	0.179534	0.127094	0.0022019	0.0109111	0.00638819	0.0172361	0.00377914	0.0198697	0.0030242	0.0235364	0.00693708	0.0067626	0.0164777	0.00558013	0.00307048	0.222119	0.263593	0.07789	0.000802748	0.00319222
41	0.0322509	0.00624126	0.042464	0.0749152	0.00493437	0.0414119	0.0439706	0.0161686	0.202957	0.0267472	0.0109867	0.042532	0.0238108	0.0706753	0.192783	0.110517	0.0285165	0.0161104	0.002297	0.00970967
42	0.0723136	0.0079468	0.0270651	0.0356793	0.00943984	0.0246708	0.00776566	0.0104243	0.028294	0.023644	0.0123624	0.0101405	0.551459	0.00723621	0.0207364	0.0835828	0.0347817	0.0219641	0.00225899	0.00823479
43	0.1049	0.00848517	0.0458199	0.0599451	0.00446519	0.50056	0.0121997	0.00707412	0.029347	0.010305	0.00444606	0.0320692	0.00695333	0.0136588	0.0297342	0.0885979	0.0212144	0.0122788	0.00258274	0.00536344
44	0.0442912	0.0309358	0.00391589	0.0565449	0.0255547	0.0381888	0.00419493	0.0616923	0.0766894	0.0378318	0.00466121	0.00487893	0.290208	0.0199575	0.0268609	0.0107257	0.0956197	0.161959	0.00188095	0.00340867
45	0.0796712	0.00798829	0.317649	0.22977	0.00214066	0.0501487	0.00888237	0.00568609	0.0179884	0.0194211	0.00344269	0.0418376	0.00801669	0.00578777	0.0187233	0.120351	0.0414247	0.013078	0.000821336	0.00717044
46	0.0339685	0.00795131	0.0524842	0.0916971	0.0362195	0.0503554	0.0858394	0.015507	0.0627344	0.0370231	0.00876944	0.0559613	0.00576956	0.0193156	0.0431782	0.187394	0.0991353	0.0623723	0.00798381	0.0363408
47	0.0770358	0.00785754	0.113631	0.158209	0.0134136	0.0191331	0.00968689	0.0536063	0.0507657	0.040755	0.00566248	0.0439684	0.0451475	0.0159355	0.0345116	0.100825	0.127977	0.0676786	0.006142	0.00805749
48	0.0679219	0.0156767	0.0966013	0.0655886	0.0197786	0.106116	0.0180043	0.0287704	0.0994046	0.0176866	0.00543805	0.091644	0.0500805	0.0381502	0.0627939	0.117767	0.0473945	0.0202924	0.00636988	0.0245201
49	0.164247	0.0212215	0.00686759	0.0107912	0.00789109	0.0141969	0.0118625	0.0517495	0.00506549	0.0261482	0.0178408	0.0193911	0.00825552	0.0167687	0.00419899	0.267521	0.218563	0.122185	0.000936408	0.00429904
50	0.144288	0.0139689	0.00555927	0.0119216	0.003045	0.0407162	0.00470375	0.00437683	0.0238058	0.00675267	0.00820602	0.0082794	0.511761	0.00365521	0.00527656	0.126107	0.0540606	0.0203169	0.000950956	0.00224799
51	0.0302987	0.00322381	0.0550129	0.092866	0.00428477	0.01393	0.0246071	0.0214729	0.223401	0.0341526	0.0120915	0.0366959	0.0363821	0.0909138	0.210089	0.0477646	0.0293989	0.0201622	0.00479218	0.00846013
52	0.221861	0.0291541	0.025354	0.0292586	0.00957386	0.0273806	0.0102971	0.0189962	0.0184924	0.0588034	0.0116831	0.0452147	0.00800592	0.0144315	0.0257392	0.355032	0.0409452	0.0381351	0.00198276	0.00965949
53	0.0234502	0.0113789	0.018024	0.025923	0.138968	0.00452691	0.103535	0.0199616	0.0127457	0.0500527	0.0130499	0.042413	0.0036155	0.0117439	0.0227485	0.0229785	0.0156839	0.0219829	0.031085	0.406132
54	0.0170228	0.00470977	0.00195745	0.00426895	0.0543247	0.0036293	0.00471584	0.175515	0.00886047	0.34971	0.113037	0.00330487	0.0112521	0.00455604	0.0104675	0.00714115	0.0610318	0.107592	0.00621694	0.0506855
55	0.03992	0.008773	0.0940551	0.0958316	0.0100069	0.123486	0.0478411	0.022772	0.0705078	0.0478676	0.00901034	0.0400667	0.173671	0.0279418	0.0464072	0.0592094	0.0406454	0.0261632	0.00819931	0.00762522
56	0.0340899	0.0050484	0.0474488	0.155588	0.0708642	0.0165149	0.0626286	0.0244069	0.0969406	0.120212	0.0375927	0.0366484	0.00178884	0.0443895	0.115172	0.0223916	0.0246049	0.0141143	0.0230459	0.0465094
57	0.0685081	0.00548088	0.0775011	0.200786	0.00653174	0.0721091	0.0201024	0.0112447	0.0870517	0.0172426	0.0053961	0.0670051	0.0152253	0.0588093	0.082062	0.144183	0.0339317	0.0128456	0.00303272	0.0109508
58	0.0722017	0.00762487	0.0299264	0.0365325	0.00710469	0.0212051	0.00692727	0.0105488	0.0319672	0.0208522	0.00798722	0.00938619	0.563612	0.00590403	0.0226506	0.0842454	0.0331317	0.0198726	0.00172567	0.00659348
59	0.263393	0.0333777	0.00330862	0.00822447	0.00838684	0.0250594	0.00884977	0.0413282	0.00530141	0.0252812	0.00979946	0.00935369	0.0100489	0.0104112	0.00528016	0.219154	0.194406	0.114929	0.000563577	0.00354295
60	0.202717	0.0286517	0.00967168	0.0127703	0.00849484	0.0121322	0.00903568	0.0461138	0.00339415	0.0392003	0.00946272	0.00988759	0.00795632	0.00852103	0.00412972	0.177065	0.216129	0.190591	0.00070873	0.00336792
61	0.0422807	0.00809824	0.00545139	0.00825358	0.0243604	0.00893837	0.0121976	0.0873765	0.0587282	0.234523	0.280652	0.00730891	0.0044924	0.0459843	0.0862385	0.0104441	0.0111873	0.0264689	0.00413125	0.0328844
62	0.0669668	0.00807384	0.0511791	0.0777251	0.00851296	0.0368558	0.0176173	0.0145303	0.0832764	0.0271532	0.0151618	0.059025	0.00969011	0.0468518	0.346729	0.073696	0.0262094	0.0170667	0.00311309	0.0105658
63	0.14296	0.00992013	0.00926194	0.00752021	0.00135997	0.775559	0.00249574	0.00195602	0.00586226	0.00417855	0.00156374	0.00174829	0.000721231	0.0014197	0.00686632	0.0174724	0.00289028	0.00436205	0.000622685	0.00125906
64	0.0768238	0.0103547	0.0196804	0.0528998	0.0112411	0.00734426	0.0117812	0.122361	0.0834247	0.0786821	0.0280262	0.0243822	0.000582521	0.0261426	0.119881	0.0527544	0.0394491	0.213469	0.00684095	0.0138795
65	0.0286864	0.0035317	0.0343102	0.0939706	0.00231085	0.00595	0.0286196	0.0192446	0.245834	0.0313868	0.0159241	0.0281721	0.00728995	0.103544	0.257954	0.0425168	0.0231855	0.0150849	0.000819709	0.0116636
66	0.078035	0.0812141	0.00786355	0.0275547	0.102803	0.00617568	0.142284	0.00717782	0.00607401	0.0495877	0.00626061	0.118175	0.00309385	0.0365547	0.0252725	0.116046	0.021627	0.0095225	0.00248203	0.152197
67	0.070175	0.00700738	0.0835043	0.06644	0.00508204	0.122985	0.0305014	0.00868816	0.0636278	0.0179345	0.0053062	0.113031	0.00478296	0.0371395	0.0988206	0.196525	0.0458194	0.0100644	0.000946172	0.01162
68	0.0102767	0.0119103	0.00149156	0.00185787	0.262507	0.00136123	0.00805643	0.030533	0.00739899	0.0276946	0.00971671	0.00163496	0.0013006	0.0018461	0.0017117	0.00354704	0.00849389	0.0254248	0.0125653	0.570671
69	0.0143619	0.00448404	0.683892	0.0476904	0.00676485	0.0056236	0.0844871	0.0226794	0.00651524	0.00667333	0.00474048	0.0462784	0.00288617	0.0221091	0.00913556	0.00843024	0.00697782	0.00956257	0.00215054	0.00455772
70	0.133414	0.00966574	0.00610242	0.0112561	0.00248067	0.0297912	0.00476315	0.00428812	0.0183587	0.00812534	0.00941057	0.00503553	0.584397	0.00233444	0.00308353	0.10639	0.0398417	0.0177326	0.000982721	0.00254766
71	0.0107557	0.0118057	0.00155879	0.00204044	0.262079	0.00140322	0.0084642	0.0304005	0.00753112	0.0270471	0.00948182	0.00159562	0.00129511	0.00207195	0.0019376	0.00387321	0.00882038	0.0259476	0.0124476	0.569443
72	0.0752881	0.0105013	0.0203109	0.0544251	0.0108564	0.00786012	0.012176	0.117816	0.0832839	0.0813341	0.0285307	0.0244381	0.000569467	0.0257612	0.119846	0.0520291	0.0405064	0.212985	0.00705403	0.0144281
73	0.0481065	0.00767556	0.0220534	0.0801241	0.0255318	0.0123607	0.015648	0.154662	0.0397349	0.146652	0.0552162	0.0162581	0.00673129	0.169013	0.049413	0.0313686	0.0307	0.0616175	0.00545013	0.0216833
74	0.187396	0.0315299	0.00323489	0.00626978	0.0120443	0.0100632	0.00540382	0.0422918	0.00328377	0.0167512	0.0166933	0.00522737	0.00437482	0.00529106	0.00206649	0.137678	0.197352	0.308493	0.000597701	0.00395662
75	0.0514283	0.0204155	0.00347691	0.00771793	0.0168473	0.0133265	0.0163836	0.0151117	0.226084	0.0630917	0.0281087	0.00424264	0.00209042	0.0610222	0.320773	0.0554252	0.0320861	0.0339504	0.00484542	0.023573
76	0.0774032	0.00766456	0.0768026	0.0655639	0.00478749	0.127294	0.0286205	0.00814738	0.0569295	0.0203526	0.00518035	0.111399	0.00464996	0.0375297	0.0935981	0.204394	0.0464151	0.0110458	0.000852544	0.0113702
77	0.0199286	0.00570227	0.0167363	0.0408155	0.00381925	0.00724057	0.0180793	0.0161756	0.192287	0.0325564	0.0226669	0.0146174	0.00976337	0.0485833	0.473102	0.031063	0.016024	0.0204784	0.00183204	0.00852908
78	0.00580758	0.00233897	0.000479723	0.000802683	0.0208519	0.00187185	0.00424281	0.272367	0.00879286	0.431044	0.0894325	0.00128102	0.00239638	0.000581268	0.00832038	0.00100026	0.0173196	0.121536	0.00546981	0.00406443
79	0.112609	0.00182403	0.0757305	0.22072	0.00189001	0.013737	0.00863933	0.0069976	0.151802	0.0207467	0.00551396	0.0530488	0.00188945	0.0935892	0.127113	0.0770887	0.015318	0.00477394	0.0009649	0.00600516
80	0.0480183	0.00618822	0.0621235	0.0978632	0.00885575	0.0185301	0.0164499	0.0543315	0.109409	0.0454457	0.0126587	0.04588	0.0247375	0.183492	0.0910241	0.0630638	0.0310704	0.0664482	0.00632436	0.00808589
81	0.0147835	0.00594942	0.00188193	0.00430112	0.143386	0.00264721	0.00594924	0.134022	0.00441894	0.307745	0.0476983	0.00212811	0.00177349	0.00642394	0.00821794	0.00557031	0.0060666	0.083292	0.00783749	0.205907
82	0.0152489	0.00181839	0.0317678	0.0826645	0.00194507	0.00388628	0.0320292	0.0227531	0.279982	0.0350965	0.0155251	0.0230994	0.00471699	0.0793362	0.278793	0.0375949	0.0251382	0.0176318	0.000679049	0.0102935
83	0.128828	0.00152546	0.0703347	0.213294	0.00123423	0.0138	0.00614314	0.00632458	0.146781	0.0171857	0.00533466	0.0560459	0.00191254	0.102918	0.124429	0.0812404	0.013661	0.00432474	0.000583086	0.00409946
84	0.0162017	0.00475286	0.0039706	0.00564756	0.0351981	0.0199458	0.0137875	0.23819	0.012456	0.315172	0.113527	0.035289	0.00328112	0.0147886	0.0361582	0.00702222	0.0141272	0.0888648	0.00460591	0.0170139
85	0.037338	0.0097432	0.0333419	0.0264942	0.00622904	0.678704	0.0239328	0.00704166	0.0269085	0.00991908	0.00444403	0.0326873	0.00355557	0.009435	0.0208841	0.0353478	0.0136665	0.0087068	0.00404975	0.00757116
86	0.0491524	0.0155483	0.0263514	0.0474789	0.0324199	0.0204008	0.252096	0.0439252	0.0534389	0.0361079	0.0243822	0.0257806	0.0156146	0.085378	0.0634511	0.0493922	0.0356926	0.0793189	0.006763	0.0373075
87	0.0443985	0.00709815	0.180282	0.00356684	0.0102866	0.026475	0.0383923	0.0117658	0.0129217	0.0034902	0.00253447	0.145189	0.127554	0.00365179	0.0306876	0.195255	0.149264	0.00377647	0.000918098	0.00249225
88	0.0622917	0.0389286	0.00267878	0.00422161	0.00305144	0.00263851	0.00442217	0.21947	0.00594627	0.0668117	0.0118136	0.0130694	0.0587478	0.00423046	0.00465599	0.0246498	0.105097	0.360291	0.000874959	0.00610974
89	0.0504142	0.00548246	0.000632762	0.00542922	0.00493597	0.000782898	0.0071718	0.263422	0.00160886	0.0380141	0.0142729	0.00734546	0.00174668	0.00150242	0.00624653	0.015895	0.0421401	0.523827	0.000285805	0.00884289
90	0.0360056	0.00555246	0.236149	0.356296	0.0111538	0.0166317	0.016586	0.00718111	0.0434325	0.00899181	0.00300392	0.0564312	0.00720759	0.0389456	0.0561076	0.0373391	0.0230102	0.0109791	0.00442887	0.0245665
91	0.018682	0.0107658	0.00166531	0.00384607	0.149931	0.00229575	0.00540007	0.130227	0.00307278	0.279991	0.0313184	0.00202429	0.00122859	0.00229041	0.00233288	0.00662472	0.00743555	0.107143	0.00649205	0.227233
92	0.0136996	0.00178292	0.000595534	0.00192522	0.013607	0.00192636	0.00188101	0.384385	0.00113444	0.0975296	0.0126907	0.00136571	0.0030236	0.0015406	0.00192881	0.00347678	0.0201699	0.433529	0.000339412	0.00346836
93	0.00646093	0.000893583	0.000577832	0.00121506	0.0193784	0.00205262	0.000924024	0.435344	0.00090111	0.141695	0.0144051	0.000710614	0.00300627	0.00159783	0.00122371	0.00160209	0.0234993	0.342666	0.000331745	0.00151471
94	0.0389454	0.0107684	0.00875247	0.0189627	0.0318316	0.0133674	0.0176943	0.0922401	0.0316372	0.216471	0.173474	0.0140867	0.0063074	0.118322	0.055996	0.0230265	0.0206578	0.0706846	0.00599011	0.0307844
95	0.0419063	0.00946916	0.00876547	0.00764578	0.00192067	0.850328	0.00403003	0.00355264	0.0118278	0.00590908	0.00237635	0.00791002	0.000906438	0.00338968	0.0107914	0.0152531	0.00428151	0.00594715	0.00132691	0.00246229
96	0.0413398	0.00958821	0.0130827	0.0106571	0.00293717	0.82219	0.00722271	0.0034764	0.0145907	0.00646857	0.00354043	0.0114455	0.00148444	0.00441233	0.0111227	0.0186887	0.00688186	0.00589208	0.00185859	0.00312044
97	0.077902	0.0378288	0.0218436	0.0352813	0.0212581	0.0207356	0.0150212	0.0608312	0.0279099	0.04197	0.0258083	0.0242436	0.0305821	0.0188365	0.0290154	0.11572	0.271891	0.10056	0.00415596	0.0186051
98	0.0190228	0.00489613	0.00368267	0.00639949	0.0855751	0.00516675	0.00984338	0.200727	0.014909	0.253207	0.13386	0.00517096	0.0206181	0.0123272	0.0192778	0.0113988	0.0187942	0.0952128	0.0224573	0.0574547
99	0.0574485	0.0102977	0.00803756	0.0129928	0.00945495	0.00932152	0.00825958	0.0515263	0.0111468	0.302908	0.0572969	0.0452463	0.0901801	0.00967467	0.0108575	0.120523	0.149637	0.0224769	0.00382768	0.00888714
100	0.464077	0.102481	0.00104124	0.00704018	0.00727926	0.0116724	0.000978334	0.00189265	0.00121272	0.00636797	0.0035286	0.0172431	0.000793703	0.00322897	0.00654399	0.314173	0.0401675	0.00447103	0.000403628	0.00540303
101	0.0560312	0.0415136	0.00853385	0.0158436	0.0141889	0.0106469	0.0376732	0.0307905	0.0730374	0.126583	0.163166	0.0376507	0.00566794	0.0494271	0.119923	0.0241584	0.073913	0.0627895	0.0049104	0.0435517
102	0.0271677	0.00210543	0.109604	0.062339	0.00245961	0.0188255	0.00293567	0.00327314	0.002343	0.00951488	0.00262797	0.0101955	0.548915	0.0021097	0.00237321	0.1574	0.0290227	0.0040307	0.000902166	0.00185554
103	0.0864397	0.00445053	0.0976312	0.122216	0.014357	0.0214419	0.0183423	0.0874394	0.103009	0.0550077	0.0035264	0.0341011	0.0842066	0.035647	0.0801456	0.0520784	0.0357367	0.0533819	0.0067399	0.00410179
104	0.0641408	0.0113087	0.311786	0.290772	0.0022593	0.0411933	0.00955796	0.00447884	0.0141133	0.010416	0.00169702	0.0198985	0.00693393	0.00375036	0.0108959	0.126931	0.0444851	0.0180762	0.000605142	0.00670025
105	0.0253948	0.00884205	0.00681268	0.0126758	0.177473	0.00554225	0.046057	0.051181	0.0111552	0.0527108	0.0177039	0.00727804	0.00713747	0.0098548	0.0125897	0.0170868	0.0212591	0.0608156	0.0598585	0.388571
106	0.0245619	0.00571068	0.024394	0.0599842	0.00386076	0.00635079	0.0294465	0.0190806	0.260012	0.0397701	0.0162981	0.0188065	0.00471502	0.119445	0.274728	0.0395359	0.0217493	0.0189526	0.00134518	0.0112533
107	0.0330013	0.00942626	0.176061	0.360862	0.0278598	0.0113909	0.0416963	0.00707634	0.0464033	0.0128908	0.00176952	0.0517201	0.00380778	0.0447828	0.0640427	0.0366388	0.0220058	0.0121811	0.00841396	0.0279691
108	0.0261287	0.00431563	0.0595036	0.0859633	0.145634	0.0469921	0.00887923	0.00754335	0.0435088	0.0100949	0.00515837	0.0787788	0.00332572	0.0229216	0.0261709	0.0940147	0.0431423	0.0094296	0.234364	0.0441305
109	0.0112721	0.0101799	0.00434117	0.00492336	0.25827	0.00192575	0.0247224	0.0353671	0.00613299	0.0426995	0.0124023	0.00913721	0.00156795	0.00333379	0.00421129	0.00578093	0.00917167	0.0247746	0.0155098	0.514276
110	0.070776	0.0180259	0.0010035	0.00398029	0.00326821	0.000956728	0.00763568	0.232697	0.00306426	0.0422671	0.0207479	0.0126819	0.00458116	0.00224863	0.00708131	0.0300958	0.0785431	0.447516	0.00038228	0.0124471
111	0.146707	0.00389898	0.00576619	0.0183461	0.0043564	0.0553392	0.00995933	0.0191656	0.115692	0.0454757	0.0203097	0.00675287	0.00374937	0.0130581	0.130723	0.180551	0.175286	0.0385121	0.00191182	0.00443924
112	0.0699677	0.00780279	0.0764907	0.0637781	0.00494693	0.124508	0.029187	0.00815308	0.060914	0.0174459	0.00572147	0.114313	0.0047459	0.0383534	0.102194	0.203774	0.0450231	0.0100306	0.000768977	0.0118813
113	0.335762	0.0791512	0.00573111	0.00903438	0.00695371	0.00731949	0.00573761	0.171284	0.00913793	0.246468	0.00885363	0.00660873	0.0038218	0.00729043	0.00756644	0.0466609	0.0143427	0.0183448	0.00330429	0.00662743
114	0.0115725	0.00757705	0.00151502	0.00329309	0.265177	0.00168865	0.0179065	0.0754346	0.00411658	0.121048	0.0176783	0.00170801	0.00189006	0.00372486	0.00339683	0.00596706	0.00848971	0.0391571	0.0184809	0.390178
115	0.0245376	0.0033846	0.277513	0.284631	0.00732302	0.0123528	0.0115344	0.00405662	0.0723699	0.00895991	0.00257289	0.0832413	0.00193188	0.0463776	0.0703269	0.01533	0.0270808	0.0101474	0.00528993	0.0310383
116	0.462503	0.0158697	0.0442417	0.0331241	0.0063538	0.138759	0.0101993	0.00760169	0.0119771	0.0165963	0.00493828	0.0160059	0.00314403	0.00974806	0.0181759	0.152798	0.0228437	0.016761	0.00139582	0.00696263
117	0.0432519	0.0177478	0.00279183	0.00498325	0.0251516	0.0048147	0.00566341	0.147251	0.00995519	0.374981	0.196287	0.00594686	0.00393019	0.00868003	0.0131185	0.00817629	0.0198348	0.0836644	0.0070116	0.0167592
118	0.0767457	0.0608628	0.00911818	0.0133769	0.011868	0.0128852	0.0109944	0.0422627	0.00762646	0.0267892	0.017028	0.191583	0.00925922	0.00922207	0.00714036	0.15067	0.238035	0.0935066	0.00209067	0.00893457
119	0.0388824	0.00457303	0.187952	0.0943334	0.00374411	0.301497	0.0155979	0.0070357	0.0456642	0.0146742	0.00373803	0.0707857	0.00631142	0.0157992	0.0365648	0.0962895	0.0388658	0.0071518	0.00384499	0.00669545
120	0.0510476	0.0026965	0.00580937	0.0203205	0.224392	0.00607761	0.10082	0.0608574	0.009399	0.0188897	0.00697805	0.00217013	0.00590534	0.017847	0.0253823	0.0375694	0.0479313	0.0877245	0.0318661	0.236316
121	0.00539552	0.00211111	0.000494593	0.000831481	0.0232277	0.00180184	0.00403272	0.270755	0.00904512	0.421484	0.073353	0.00118305	0.00281772	0.000699004	0.0085976	0.00108483	0.018861	0.144922	0.00470482	0.00459775
122	0.0379138	0.00720333	0.140565	0.533537	0.00747286	0.0160648	0.0199136	0.00860588	0.0138929	0.00577613	0.00119049	0.0326415	0.00946496	0.04726	0.0227895	0.0446803	0.012808	0.0103563	0.00168476	0.0261791
123	0.0384226	0.00712092	0.137836	0.536804	0.00729598	0.0163763	0.019486	0.00851682	0.0131404	0.00569837	0.00126399	0.0317583	0.00954307	0.0485438	0.0226357	0.0451135	0.0124738	0.0104389	0.00174055	0.0257917
124	0.244666	0.00695373	0.00523421	0.119562	0.0042781	0.00536487	0.00457541	0.0985429	0.0069933	0.090534	0.0586278	0.0134917	0.0107069	0.0162706	0.0060573	0.138629	0.0134515	0.151449	0.00142637	0.00318657
125	0.0506003	0.00614598	0.0100249	0.0103132	0.0378848	0.00692245	0.0334012	0.390177	0.0873145	0.0175783	0.0658942	0.00880561	0.00386811	0.153698	0.00960737	0.015368	0.0113635	0.0718603	0.00286095	0.00631115
126	0.0773706	0.0123682	0.000815134	0.00441084	0.00350796	0.00084198	0.00925154	0.233228	0.00245559	0.0449584	0.0187526	0.0126164	0.00292545	0.0017315	0.00810178	0.0283928	0.0651073	0.458433	0.000326158	0.0144048
127	0.0171083	0.0070764	0.0118838	0.029013	0.00297434	0.00692653	0.0145459	0.0131315	0.175369	0.0269528	0.0237917	0.011063	0.00698728	0.0464304	0.537806	0.0296318	0.0119172	0.0199285	0.00121004	0.00625258
128	0.0722872	0.23278	0.0102948	0.0160372	0.0109468	0.0127362	0.0127284	0.0262283	0.0157784	0.0750786	0.108619	0.142691	0.00770973	0.0130162	0.0153667	0.0277767	0.027108	0.156152	0.00418527	0.0124796
129	0.00410944	0.000425962	0.000477814	0.00224962	0.00538151	0.000536271	0.00156684	0.286137	0.000689949	0.0231975	0.00453983	0.000584061	0.00171058	0.000530627	0.0016416	0.00108566	0.007035	0.657305	0.000196623	0.000598618
130	0.579722	0.00484537	0.0686868	0.042169	0.00514531	0.151457	0.00453337	0.0065367	0.00529635	0.00771523	0.00469266	0.00481899	0.00277272	0.0072666	0.00551267	0.0757291	0.00885115	0.00792223	0.00189508	0.0044314
131	0.0119521	0.00344268	0.000940897	0.00154558	0.0247472	0.00226885	0.00438014	0.240794	0.00784557	0.400221	0.138571	0.00212013	0.00232667	0.00153798	0.00777455	0.00183692	0.0375743	0.0987573	0.00564182	0.00572213
132	0.0855099	0.177537	0.0236809	0.0745645	0.0150796	0.0185296	0.0132021	0.0256597	0.0151935	0.0404806	0.01337	0.0183097	0.0147031	0.0122052	0.017594	0.0905	0.277893	0.0498313	0.00434353	0.0118133
133	0.010187	0.00239818	0.000871002	0.001836	0.0579686	0.00307646	0.00135896	0.399597	0.00149688	0.17152	0.0191426	0.00125758	0.00319161	0.00209883	0.00178763	0.0039468	0.0226934	0.28083	0.000649549	0.0140915
134	0.0506746	0.00857176	0.108021	0.449022	0.0106679	0.0217186	0.0172274	0.015275	0.0427002	0.0166367	0.00777579	0.0309494	0.014139	0.0471602	0.0463949	0.0438813	0.0230864	0.0237017	0.00447714	0.0179194
135	0.0832479	0.0340511	0.0228642	0.0373132	0.0157431	0.0206952	0.0176092	0.0535393	0.0287454	0.0496523	0.0267875	0.0251658	0.0189912	0.016744	0.0366172	0.119647	0.291804	0.0795706	0.00535578	0.0158566
136	0.0169232	0.00560254	0.0171194	0.0428718	0.00292601	0.00517304	0.0191296	0.0169562	0.332555	0.0284649	0.0229667	0.0148387	0.0101163	0.0555336	0.331641	0.0338882	0.0158887	0.0186336	0.00113843	0.007633
137	0.0686299	0.00602385	0.0319031	0.0356689	0.0056397	0.0218521	0.0059879	0.00734216	0.0324214	0.0207235	0.00731696	0.0100676	0.581026	0.00589301	0.0209277	0.0855847	0.030609	0.0151953	0.00220116	0.00498563
138	0.0381263	0.00871285	0.394731	0.135977	0.0109376	0.027113	0.0368322	0.0164987	0.0388283	0.0168424	0.00838998	0.0726903	0.0171135	0.0261577	0.0386517	0.0490004	0.0286684	0.0180035	0.00380999	0.0129152
139	0.0164172	0.0129662	0.00217387	0.00385088	0.246857	0.00361582	0.0310445	0.0496301	0.00491477	0.0448629	0.0129966	0.00280078	0.0037163	0.00550784	0.00650619	0.00885537	0.0117848	0.0380699	0.0816625	0.411767
140	0.244235	0.103464	0.00354596	0.00728053	0.0192824	0.0413532	0.00609511	0.0510479	0.004377	0.0333827	0.00845744	0.010308	0.00874274	0.00839001	0.00489892	0.207205	0.138244	0.0917222	0.00123399	0.00673403
141	0.0480025	0.00447026	0.090808	0.118139	0.00960928	0.0360483	0.0107015	0.0231397	0.148167	0.024674	0.00515449	0.0553432	0.129944	0.0451844	0.0809091	0.0741039	0.0491522	0.0275598	0.0147932	0.00409625
142	0.0337422	0.00762771	0.118349	0.394598	0.0117509	0.0122647	0.136371	0.0103735	0.0187437	0.0109201	0.00361102	0.0248005	0.00722068	0.0872004	0.0270188	0.0455731	0.0134956	0.013146	0.00328843	0.0199041
143	0.0515414	0.00672669	0.0019294	0.00389962	0.0182177	0.00882424	0.00324453	0.437363	0.00761168	0.0893123	0.0298064	0.00295336	0.00188311	0.0218064	0.00357838	0.011714	0.015303	0.266783	0.000884295	0.0166169
144	0.0667933	0.00576405	0.181882	0.0617717	0.00441351	0.0943346	0.0249865	0.0142349	0.0554293	0.0180957	0.00519687	0.115471	0.00789505	0.0303417	0.0827754	0.153615	0.0565243	0.00899218	0.00136481	0.010119
145	0.0635699	0.00472476	0.100861	0.253176	0.0349561	0.00990637	0.0314505	0.0125342	0.107283	0.0324313	0.00235664	0.0371891	0.00644302	0.0821689	0.119173	0.0442823	0.0177297	0.0103862	0.0160745	0.0133035
146	0.0312061	0.00344418	0.00296515	0.0051187	0.0446989	0.00505437	0.0102712	0.165826	0.0140229	0.368363	0.173675	0.00208115	0.00315989	0.0259562	0.0366639	0.00540435	0.0101775	0.0579724	0.00518206	0.0287568
147	0.0228194	0.00374712	0.00738946	0.0165543	0.0586184	0.00695905	0.017252	0.161459	0.0241649	0.344974	0.1069	0.00652435	0.00697435	0.0325278	0.0585804	0.00941976	0.0117222	0.0595773	0.00580263	0.0380333
148	0.073807	0.00675019	0.0781076	0.0657749	0.00489892	0.120714	0.028739	0.00855259	0.0641369	0.0190828	0.00525435	0.10985	0.00498015	0.0373302	0.100666	0.201069	0.0473116	0.0103836	0.000808185	0.0117832
149	0.00774847	0.00753595	0.0027349	0.00461298	0.208889	0.00235542	0.018006	0.0508983	0.00646388	0.162831	0.0499807	0.00727228	0.00276083	0.00314977	0.00440615	0.00443012	0.00657322	0.0234437	0.0235011	0.402407
150	0.0442444	0.00917101	0.010274	0.00883986	0.00204363	0.852303	0.00392387	0.00224164	0.0117281	0.00540056	0.00169253	0.00779933	0.000780775	0.00240182	0.00947904	0.0152496	0.00463794	0.00452715	0.00149642	0.00176528
151	0.205358	0.061251	0.00479148	0.00861837	0.0369196	0.0832934	0.00559656	0.0199128	0.00742478	0.0144225	0.0123338	0.00598634	0.00477007	0.00689085	0.00636448	0.0698986	0.204644	0.23448	0.00182378	0.00521962
152	0.0556108	0.0200236	0.0302767	0.0540505	0.0143517	0.0270924	0.0249205	0.0343262	0.0922289	0.0409318	0.0280516	0.0285227	0.0169165	0.0333862	0.150113	0.0715419	0.217631	0.0388018	0.00518485	0.0160376
153	0.0192656	0.00555664	0.0165747	0.0443449	0.00349104	0.00513256	0.0182126	0.0164633	0.346115	0.0291809	0.0212092	0.01418	0.013701	0.0547048	0.314209	0.0352298	0.015978	0.0170356	0.00129139	0.00812411
154	0.0113913	0.00594755	0.00106317	0.00161579	0.0146208	0.00181987	0.00228283	0.335131	0.00361896	0.19924	0.0296206	0.00303571	0.0177932	0.00190057	0.00330336	0.00426088	0.0343961	0.324862	0.00162728	0.00246933
155	0.0538305	0.00541782	0.100115	0.438923	0.0103403	0.0156675	0.0182709	0.0113683	0.0565035	0.0139696	0.00545424	0.0359175	0.0106363	0.0651595	0.0580455	0.0469963	0.0195249	0.0140648	0.00322575	0.0165683
156	0.006725	0.000938509	0.000571623	0.00130649	0.0164471	0.00202723	0.0014566	0.399603	0.00257163	0.204964	0.0194229	0.000780813	0.00364938	0.00149651	0.0022891	0.0017027	0.0270449	0.303977	0.000918519	0.00210733
157	0.042455	0.00932274	0.0119324	0.0108761	0.00136548	0.847262	0.0047794	0.00209833	0.0117502	0.00515975	0.00152799	0.00922741	0.001256	0.00284775	0.0100997	0.0157954	0.00480105	0.00467486	0.00113517	0.00163295
158	0.0081278	0.00254414	0.0009743	0.00177375	0.02211	0.00189821	0.00238631	0.320286	0.00456588	0.187499	0.0312751	0.00148634	0.00481384	0.00200254	0.00390252	0.00299095	0.0257689	0.367622	0.00191172	0.00606037
159	0.0473919	0.0131134	0.0472736	0.0778462	0.0179573	0.0213707	0.0267126	0.0455668	0.0868416	0.049986	0.0312335	0.0334169	0.0183257	0.22714	0.100248	0.0591837	0.0315234	0.0393606	0.00489575	0.0206118
160	0.0336074	0.00929887	0.0129623	0.0119796	0.00874841	0.0108691	0.063274	0.0556262	0.0110279	0.0150051	0.0539381	0.070322	0.00821718	0.0122269	0.0103362	0.353623	0.217117	0.0283761	0.00298347	0.0104615
161	0.00864121	0.00389434	0.00127897	0.00177022	0.0124669	0.00152329	0.00141762	0.427973	0.00150868	0.174378	0.0119853	0.00222751	0.00797061	0.00166094	0.00158185	0.00372417	0.056492	0.278093	0.000383871	0.001029
162	0.0171125	0.00709218	0.105867	0.031786	0.192661	0.00552509	0.0862611	0.00665283	0.00667096	0.0296016	0.00878241	0.0712651	0.00309368	0.0228823	0.0363419	0.0224831	0.00980107	0.00810453	0.00946739	0.318548
163	0.0194972	0.00476494	0.40846	0.271757	0.00625612	0.0157291	0.0139328	0.00378273	0.0303095	0.00405342	0.00155657	0.0847279	0.00469544	0.0260994	0.0317136	0.0144565	0.0223429	0.0106298	0.00357136	0.0216633
164	0.0437291	0.0057549	0.273866	0.15138	0.0796462	0.00675148	0.0695469	0.010081	0.0261217	0.0138567	0.00520281	0.0230574	0.00300831	0.0243198	0.132635	0.056972	0.0141198	0.0100077	0.00591675	0.0440274
165	0.00584933	0.000642216	0.00050754	0.00190004	0.0139833	0.00113821	0.00134627	0.378577	0.00073482	0.0842104	0.0100543	0.000644476	0.00239285	0.00126002	0.00152423	0.00140587	0.0145016	0.477951	0.00021461	0.00116123
166	0.0840801	0.09072	0.0080247	0.0172363	0.0579053	0.00662635	0.101658	0.0120877	0.00821541	0.194518	0.0117248	0.0821584	0.00443405	0.0204104	0.0171824	0.054492	0.0228289	0.0152556	0.00714364	0.183299
167	0.0277008	0.00241466	0.04867	0.120592	0.00469076	0.00959949	0.0310331	0.0189228	0.246479	0.0375101	0.0126079	0.0304228	0.00608841	0.0719968	0.230668	0.0442003	0.0274229	0.0149891	0.00240305	0.0115874
168	0.0266786	0.00259533	0.0304254	0.109201	0.083614	0.0120402	0.0432417	0.0460563	0.109336	0.180116	0.0532479	0.023892	0.00153801	0.048474	0.122345	0.0117045	0.0136491	0.00861327	0.0150056	0.0582263
169	0.0408178	0.0550913	0.00393919	0.00618269	0.00473051	0.00489393	0.00745962	0.230003	0.00804227	0.0312983	0.0657958	0.0507109	0.00886798	0.00647769	0.00699878	0.0654236	0.142659	0.251829	0.00142716	0.00735117
170	0.0166018	0.00201639	0.0341451	0.0846267	0.00241283	0.00440569	0.0360504	0.0212869	0.274669	0.0363568	0.0145338	0.0363902	0.00458221	0.0759633	0.265433	0.0374143	0.0243469	0.0166919	0.00117332	0.0108998
171	0.0300129	0.00921639	0.021551	0.0367768	0.00947406	0.0147042	0.0178403	0.0157774	0.128827	0.0298558	0.0218286	0.0176114	0.0141928	0.0413087	0.496231	0.0370644	0.0204918	0.0223477	0.00277129	0.0121171
172	0.0395534	0.00848093	0.013305	0.0103341	0.00229385	0.835275	0.00502328	0.00203801	0.0135023	0.00627185	0.00199389	0.0125495	0.000626372	0.00351475	0.0111897	0.019985	0.00598623	0.00413651	0.00157347	0.0023669
173	0.0607286	0.0938127	0.0241492	0.0351616	0.0421306	0.022146	0.282243	0.0310696	0.0239266	0.0399334	0.0186447	0.0424188	0.0113027	0.0333235	0.0338507	0.0668398	0.0362988	0.0386745	0.00565826	0.0576873
174	0.0270572	0.00470319	0.0797932	0.0458693	0.00468583	0.474333	0.0183047	0.00327206	0.0507121	0.0105092	0.00510316	0.0705932	0.00184217	0.0167696	0.0411202	0.0951009	0.0347907	0.00424545	0.00501931	0.00617597
175	0.0778503	0.0123332	0.000828305	0.00419634	0.00363688	0.000902165	0.00853917	0.227721	0.00326312	0.0467199	0.0183771	0.012487	0.0032255	0.00224847	0.00790495	0.0274751	0.0641594	0.463062	0.000415311	0.0146554
176	0.121833	0.00165398	0.0672631	0.205576	0.00179132	0.0132586	0.00834173	0.00759504	0.154347	0.0183736	0.00566971	0.0536218	0.00207061	0.0994204	0.137782	0.0763906	0.014062	0.00547623	0.000803185	0.00466932
177	0.112409	0.00827179	0.26999	0.286706	0.00313051	0.0332568	0.00800746	0.00602134	0.0123826	0.0114596	0.00251186	0.0185952	0.00673131	0.00556415	0.00982207	0.13316	0.0417189	0.0147177	0.00103424	0.0145094
178	0.10037	0.0323739	0.00686369	0.00919267	0.00868323	0.0078846	0.0074157	0.0780821	0.00349552	0.0223217	0.0177787	0.0112821	0.00635661	0.00605946	0.002677	0.174362	0.271294	0.229379	0.000646616	0.00348087
179	0.157139	0.0419611	0.00482302	0.0264073	0.00479499	0.00383722	0.00455703	0.250647	0.037578	0.0371466	0.040619	0.00688208	0.00270165	0.0219295	0.0273382	0.0866175	0.0261881	0.211829	0.0017446	0.00525857
180	0.0377017	0.00434446	0.0627489	0.191476	0.0195951	0.0100553	0.0429104	0.0153192	0.185904	0.0401081	0.00838646	0.0309615	0.00263157	0.0644595	0.187415	0.0351833	0.0232134	0.0157971	0.00802831	0.0137603
181	0.442834	0.110135	0.00112276	0.00719347	0.00674814	0.011777	0.00102979	0.00250751	0.00127096	0.00757449	0.00356493	0.0173962	0.00132986	0.0030011	0.00636719	0.305224	0.057269	0.00801292	0.000418257	0.00522352
182	0.0327201	0.02396	0.019985	0.0243298	0.136414	0.00946221	0.0579875	0.016474	0.0161052	0.0750235	0.0154768	0.179405	0.0059552	0.0167661	0.0209493	0.040934	0.113968	0.0205462	0.0108399	0.162698
183	0.0623896	0.0561018	0.00316834	0.0428771	0.00367607	0.0291575	0.0763193	0.00491732	0.0585029	0.00595634	0.00447863	0.0187852	0.00287426	0.247008	0.273557	0.0660906	0.0210146	0.0190008	0.00109283	0.00303094
184	0.0249946	0.00127936	0.00429146	0.00730869	0.0574645	0.005939	0.0157612	0.151399	0.0192613	0.365312	0.142042	0.00206695	0.00408892	0.0458084	0.06086	0.00713776	0.00207852	0.0388923	0.00402228	0.0399913
185	0.221232	0.00608634	0.00462516	0.00633067	0.00486164	0.0775249	0.00524587	0.008755	0.00636794	0.225288	0.00545283	0.00678888	0.00350453	0.00489471	0.0143953	0.327384	0.0133327	0.0511809	0.00194601	0.00480306
186	0.0160393	0.0104257	0.00472829	0.0108544	0.00356603	0.00610846	0.00935252	0.0132046	0.305307	0.0253954	0.0341971	0.00738425	0.00401417	0.0463556	0.430036	0.033212	0.00945849	0.0233265	0.00143509	0.00559913
187	0.0245245	0.00492172	0.399341	0.246647	0.00639103	0.0184428	0.015299	0.00550929	0.0326058	0.00558937	0.00215494	0.0818676	0.00701693	0.0255279	0.0332864	0.0243892	0.0302672	0.0124741	0.00354731	0.0201971
188	0.463757	0.102851	0.00103511	0.00684004	0.00714416	0.0119075	0.000986994	0.00197363	0.00120283	0.00645435	0.00348037	0.0175976	0.000853352	0.00312186	0.00660954	0.313469	0.0402993	0.00446328	0.000403545	0.00554883
189	0.119202	0.0133991	0.00746588	0.00537697	0.00168631	0.794922	0.0032723	0.00205097	0.00598029	0.00440142	0.0016899	0.00133518	0.000927237	0.00184756	0.00700689	0.0181133	0.0037908	0.00531212	0.000632503	0.00158749
190	0.0064841	0.00805778	0.00116484	0.00189291	0.278663	0.00122827	0.00977681	0.066192	0.00361214	0.0973098	0.0193716	0.00171235	0.00155521	0.00172193	0.00155194	0.00295018	0.00480993	0.0240752	0.0201808	0.447689
191	0.0303284	0.00638001	0.0303242	0.0684731	0.00778399	0.0246137	0.0230421	0.0237673	0.31267	0.0325191	0.0219272	0.0264133	0.0186038	0.0545811	0.214791	0.045116	0.0226549	0.0203887	0.00401837	0.0116037
192	0.00466977	0.000562272	0.000486887	0.00216075	0.00627882	0.000741183	0.00149012	0.294276	0.000746855	0.0276284	0.00563619	0.000570991	0.00164429	0.000619876	0.00152586	0.00127753	0.00712092	0.641121	0.000219025	0.0012232
193	0.0688821	0.0906354	0.0491454	0.0149654	0.0105221	0.184149	0.0530423	0.124427	0.0148263	0.0188397	0.0126636	0.0903091	0.00610992	0.0116987	0.011616	0.0675069	0.0213578	0.135298	0.0038814	0.0101236
