352	20
1	0.179705	0.00184075	0.00184756	0.00747281	0.0025362	0.195045	0.00237711	0.023432	0.0545084	0.00475451	0.00670454	0.0114849	0.026241	0.0271575	0.0668505	0.149847	0.206447	0.0294445	0.000716952	0.00158724
2	0.00846696	0.000760401	0.0116516	0.0237851	0.00074084	0.0137651	0.0420322	0.0030253	0.338348	0.00853319	0.0115345	0.0670583	0.00142388	0.0392119	0.367981	0.024866	0.0206288	0.00608311	0.000272548	0.00983063
3	0.0271669	0.0263194	0.00119449	0.00151231	0.120954	0.00313027	0.00405107	0.202727	0.00489016	0.307235	0.0341659	0.00342387	0.00876994	0.00170773	0.00418366	0.0176967	0.0214847	0.188093	0.00125788	0.0200365
4	0.0616633	0.0201003	0.00129909	0.00240577	0.0967866	0.0106959	0.00210605	0.196986	0.00792755	0.276657	0.0402111	0.00312443	0.00570025	0.00373977	0.00952027	0.0240155	0.0439046	0.180513	0.000938086	0.0117046
5	0.0287267	0.0295571	0.00100307	0.000749399	0.12946	0.00320438	0.00154737	0.205111	0.00398552	0.301848	0.0238187	0.00350948	0.00850006	0.000714045	0.00424632	0.0187824	0.0220667	0.194152	0.00118976	0.0178283
6	0.0807118	0.00116994	0.00275013	0.015033	0.118365	0.00384196	0.0130876	0.00305867	0.00497586	0.463463	0.018659	0.00383083	0.00230766	0.00334674	0.0113181	0.130948	0.053459	0.0428605	0.00109933	0.0257145
7	0.028553	0.0289515	0.00100459	0.00073795	0.12864	0.00319549	0.00153142	0.206066	0.00390846	0.302133	0.0239676	0.00352603	0.00857643	0.000711747	0.00414666	0.0185627	0.0221835	0.194591	0.00118078	0.0178323
8	0.0923163	0.001728	0.00312108	0.0212298	0.145724	0.00454508	0.0114909	0.00549984	0.00595173	0.432747	0.0157222	0.00507548	0.00304434	0.0038472	0.0112037	0.115789	0.0587268	0.0387463	0.00130366	0.0221873
9	0.0250894	0.0208071	0.00143972	0.00100653	0.0949701	0.00291554	0.00141782	0.206092	0.00353408	0.353521	0.0292027	0.00265954	0.00635532	0.00144945	0.00394122	0.0163504	0.0205275	0.193218	0.00174836	0.0137549
10	0.349373	0.044929	0.00143786	0.00921951	0.0326594	0.0311874	0.00212777	0.119727	0.00404359	0.060818	0.0139833	0.00342148	0.00151934	0.0108066	0.00539527	0.0816493	0.0427714	0.182605	0.000472224	0.00185292
11	0.026203	0.0229284	0.00125564	0.000916962	0.103714	0.00303969	0.00138953	0.203738	0.0036051	0.34196	0.0277481	0.0029372	0.00686206	0.00129576	0.0038501	0.0163116	0.0216726	0.194073	0.00154753	0.0149504
12	0.0284336	0.0283169	0.00108253	0.000772681	0.125739	0.00322865	0.00164961	0.206285	0.00407048	0.303014	0.0251053	0.00358462	0.0084766	0.000775194	0.00406608	0.0183518	0.0228548	0.194954	0.00117979	0.0180604
13	0.0322128	0.039693	0.0012548	0.00137244	0.147265	0.00337562	0.00191982	0.188574	0.00436544	0.290161	0.0212487	0.00374621	0.00806618	0.00121783	0.00758572	0.0220714	0.0206923	0.187676	0.00126054	0.0162414
14	0.0292269	0.0306812	0.000986723	0.000790657	0.131253	0.00323758	0.0015627	0.203108	0.00395074	0.301247	0.0233871	0.00347355	0.00835545	0.000769911	0.00451709	0.0203855	0.0221092	0.192378	0.00121055	0.0173698
15	0.0508407	0.000704494	0.446006	0.245411	0.00169943	0.00420084	0.0323233	0.00221124	0.025411	0.00389998	0.0021662	0.0204322	0.0031598	0.0485578	0.0197557	0.0622773	0.00907436	0.0111372	0.000632444	0.0100998
16	0.010757	0.00156475	0.0160959	0.0326799	0.000788852	0.0141102	0.0338832	0.00409335	0.353012	0.0154958	0.00967264	0.0668738	0.00155119	0.0509393	0.331085	0.0222237	0.0218708	0.00773967	0.000280806	0.00528238
17	0.0360969	0.00636931	0.0411927	0.0857303	0.0014367	0.00708793	0.0541384	0.018947	0.292187	0.0204631	0.00805096	0.0844911	0.00279803	0.0783512	0.157929	0.0308778	0.0371354	0.0344785	0.000513145	0.00172504
18	0.00566789	0.000579483	0.000534794	0.000608967	0.00271393	0.000648973	0.000554137	0.302278	0.000765617	0.0593806	0.0112238	0.000582015	0.000453199	0.000535898	0.000759449	0.00505555	0.0100704	0.59648	0.000324153	0.000782988
19	0.0928653	0.00145977	0.00616894	0.0179671	0.00778241	0.00913154	0.0417706	0.096632	0.0926213	0.164038	0.0431332	0.00970223	0.00308126	0.0311854	0.141536	0.0497039	0.11052	0.0768189	0.00144015	0.00244264
20	0.151949	0.000608646	0.024714	0.0565782	0.000884128	0.0164961	0.0604385	0.010979	0.121265	0.0174934	0.0119986	0.0361539	0.00281674	0.0941947	0.154754	0.154986	0.0627953	0.019649	0.000586198	0.000659982
21	0.165053	0.00668173	0.0421173	0.0319062	0.0170677	0.0790717	0.0201955	0.0150339	0.0411103	0.0334046	0.0100573	0.0582086	0.0408645	0.0198792	0.048153	0.199903	0.12045	0.034948	0.00204865	0.0138464
22	0.652578	0.0235918	0.00133702	0.00185019	0.00164758	0.0226012	0.00172531	0.00647816	0.00739512	0.0033142	0.00160342	0.00291435	0.00149504	0.00237517	0.00677465	0.226886	0.015058	0.0181412	0.000603972	0.00162927
23	0.127096	0.000874275	0.0161776	0.0462071	0.00151222	0.0102242	0.0575616	0.0413457	0.11955	0.0544454	0.011978	0.0166846	0.0028843	0.0730095	0.145046	0.107292	0.117016	0.0490145	0.000811232	0.00126969
24	0.0248077	0.00131156	0.00277114	0.0161301	0.0918516	0.00344827	0.0478883	0.120437	0.0213093	0.296398	0.204076	0.00292558	0.00241075	0.022639	0.0123368	0.0188359	0.0137007	0.0665591	0.00153069	0.0286321
25	0.127491	0.017772	0.00562382	0.0106104	0.00595773	0.00578036	0.00149532	0.0167342	0.00180656	0.00639773	0.0150703	0.00287646	0.00149836	0.00120451	0.0146582	0.212408	0.503346	0.0481016	0.000435941	0.000730996
26	0.0464758	0.0144358	0.00764109	0.0103486	0.0841357	0.010498	0.032474	0.10377	0.0172263	0.177068	0.032816	0.0150849	0.0142854	0.0143547	0.017677	0.0364626	0.0287164	0.172734	0.00779807	0.155998
27	0.0172957	0.0124433	0.00143061	0.00320471	0.230288	0.00375296	0.00721992	0.0573742	0.00392712	0.515232	0.0235695	0.00700061	0.00309819	0.00342956	0.00490648	0.0190478	0.0114902	0.0502576	0.0014603	0.0235708
28	0.0388192	0.00506578	0.0043275	0.00768949	0.0214641	0.00602349	0.00549544	0.220005	0.0127328	0.111643	0.0225333	0.00710828	0.0118726	0.00897071	0.0150249	0.0273892	0.0294504	0.433951	0.00162831	0.00880437
29	0.101412	0.0101538	0.0265772	0.0260376	0.0132717	0.035427	0.0143395	0.0299865	0.0422675	0.0397694	0.0160101	0.0349138	0.0226626	0.0146217	0.0457277	0.152755	0.313757	0.0535738	0.00163922	0.00509703
30	0.0979902	0.00181974	0.0288864	0.0293535	0.00314772	0.538472	0.0148223	0.00595596	0.0282196	0.0143462	0.0055393	0.0266414	0.00744457	0.0187426	0.0605405	0.0680445	0.0270593	0.0140288	0.00432924	0.00461575
31	0.441467	0.00403568	0.0155162	0.0167087	0.00294885	0.270254	0.00590561	0.00807538	0.0180886	0.0133395	0.00358848	0.015677	0.00722045	0.0107582	0.0251309	0.08847	0.032423	0.0170848	0.00112232	0.00218568
32	0.545789	0.0045943	0.00548139	0.0076272	0.00187823	0.0812163	0.00289906	0.00730482	0.0197935	0.00464615	0.00283944	0.00919878	0.00596433	0.00997793	0.0240549	0.188243	0.0610818	0.0153856	0.000507217	0.00151681
33	0.102359	0.00245256	0.0274211	0.0314648	0.00316565	0.530355	0.0130983	0.00592641	0.0316783	0.014402	0.00562309	0.0233532	0.00484856	0.0173198	0.0628728	0.0758191	0.0247802	0.0162317	0.00428009	0.00254867
34	0.0272902	0.0109734	0.0033522	0.00792459	0.233102	0.00687147	0.00902311	0.0557904	0.0112456	0.244045	0.022292	0.00788846	0.00885444	0.00884768	0.0142126	0.0284981	0.0157219	0.0561626	0.00797114	0.219934
35	0.00517515	0.000175329	0.000340191	0.000558617	0.000429758	0.000503887	0.000501177	0.298493	0.000661157	0.0485357	0.00986645	0.000500304	0.000317272	0.000464047	0.000717099	0.00484504	0.00920226	0.618088	0.000259653	0.000366435
36	0.0954714	0.0018785	0.033264	0.0300873	0.00430459	0.548282	0.0139252	0.0048053	0.0277169	0.0127036	0.00411104	0.0286313	0.00537319	0.017321	0.060428	0.071922	0.0206271	0.0113475	0.00428881	0.0035114
37	0.125067	0.0173652	0.00558041	0.0103882	0.00675625	0.00576384	0.00162652	0.0155731	0.00190909	0.00684723	0.0153933	0.00349945	0.00146426	0.00120106	0.0140079	0.212768	0.509727	0.0439529	0.000383244	0.000725345
38	0.0458236	0.00434862	0.0297815	0.019289	0.0192279	0.0199286	0.247025	0.019758	0.0407254	0.0362148	0.0230036	0.0849767	0.015142	0.0267804	0.0486644	0.0465472	0.0278991	0.0199737	0.0139195	0.210971
39	0.272618	0.112156	0.00440168	0.0108132	0.0194905	0.0267389	0.00606562	0.0714263	0.0104134	0.0365428	0.0111247	0.0125313	0.00590892	0.0111385	0.0130011	0.143859	0.0434574	0.180831	0.00262211	0.00485875
40	0.691225	0.00540242	0.00103949	0.00122094	0.00105408	0.0174864	0.00116373	0.000929863	0.00704144	0.00164754	0.000777561	0.00205505	0.00135753	0.00130884	0.00706943	0.237237	0.0142055	0.00628917	0.000226989	0.00126157
41	0.0468969	0.00287572	0.00285132	0.00520966	0.0239348	0.00859461	0.00488914	0.168092	0.0159979	0.336883	0.102454	0.00192712	0.00135857	0.0145267	0.0240207	0.0345462	0.0621528	0.13891	0.00132766	0.00255116
42	0.60061	0.0121746	0.0029351	0.00517691	0.00350737	0.039201	0.0022425	0.00877204	0.0106127	0.00611365	0.00265801	0.00642309	0.00283065	0.00486296	0.0114608	0.21904	0.0298508	0.029175	0.000474124	0.00187849
43	0.0325362	0.00962059	0.0052212	0.00926393	0.126297	0.00701101	0.00950884	0.0887253	0.0122096	0.423522	0.0495293	0.00783559	0.010049	0.0108743	0.0133811	0.0343642	0.0275595	0.1007	0.0013441	0.0204465
44	0.0216237	0.000429885	0.00521452	0.0246865	0.000809664	0.0160058	0.0233174	0.00124622	0.33568	0.00874069	0.0089152	0.0461693	0.00857317	0.0262472	0.417628	0.0327977	0.0121738	0.00502488	0.000356391	0.00436084
45	0.0293767	0.000693369	0.00737679	0.0410839	0.00124663	0.0253086	0.024219	0.00236728	0.278273	0.00965186	0.00802955	0.0434362	0.0115392	0.0303497	0.424032	0.0361313	0.014551	0.00803757	0.000676526	0.00361921
46	0.0558307	0.00299967	0.0154096	0.0353406	0.00679646	0.0483193	0.0328515	0.0133074	0.167193	0.0249235	0.0178136	0.041064	0.0173423	0.0477453	0.31075	0.0732052	0.049872	0.0265497	0.00240272	0.0102843
47	0.0319649	0.000789123	0.0269007	0.0276143	0.00191038	0.620953	0.0156355	0.00248946	0.0307995	0.00752373	0.00203901	0.0209531	0.00258527	0.0181021	0.0883951	0.0711138	0.0145538	0.00910845	0.00548282	0.00108604
48	0.105386	0.00222617	0.364304	0.0503901	0.00381836	0.0309048	0.0243984	0.00586535	0.0336941	0.0117941	0.00467351	0.171991	0.012341	0.0149824	0.0197932	0.0686922	0.0317201	0.0344044	0.00172211	0.006898
49	0.0374412	0.000890464	0.0248301	0.027	0.00189287	0.609878	0.0166346	0.0031231	0.0317934	0.00744278	0.00286889	0.0207137	0.00275144	0.0191301	0.0965919	0.0685693	0.0112011	0.0100654	0.00569187	0.00148974
50	0.0393022	0.00694891	0.00429826	0.0124064	0.0546359	0.00725229	0.0420447	0.102016	0.0195255	0.31438	0.0735723	0.00833341	0.00580055	0.0171447	0.021098	0.0394024	0.0319862	0.16436	0.00295174	0.0325413
51	0.00518783	0.000175329	0.000331851	0.000554936	0.000369205	0.000500058	0.000481557	0.297576	0.000622123	0.0481709	0.00989262	0.000491292	0.000295258	0.000440721	0.000693423	0.00478282	0.00908699	0.619747	0.00025102	0.000349444
52	0.104822	0.00244433	0.0377074	0.0284692	0.00323736	0.545742	0.0131047	0.00507589	0.0277525	0.0107888	0.00388093	0.029685	0.00768827	0.015951	0.0565796	0.0684146	0.0190784	0.0121198	0.00444895	0.0030085
53	0.0203107	0.0156256	0.0019425	0.00125846	0.0750322	0.00276881	0.00155398	0.239433	0.00339878	0.356524	0.0279644	0.00236725	0.00494711	0.00170767	0.00381976	0.0137307	0.0213685	0.193447	0.00217698	0.0106217
54	0.0532311	0.00133739	0.469259	0.0870555	0.0022839	0.0468788	0.034207	0.00449189	0.0313455	0.00842118	0.00343476	0.104686	0.0120156	0.0150799	0.0211611	0.0592439	0.0239981	0.0128985	0.00159477	0.00737616
55	0.0920953	0.0716565	0.0521972	0.0241738	0.0111569	0.0287201	0.0215588	0.0181299	0.0374985	0.0272167	0.011531	0.188716	0.0256489	0.016248	0.0312098	0.18849	0.0995972	0.0395419	0.00327971	0.0113338
56	0.0324673	0.0263732	0.00122464	0.00132271	0.119618	0.00370398	0.0026955	0.20103	0.00451966	0.30654	0.0290619	0.00389228	0.00758264	0.00148586	0.00492026	0.0197564	0.0231168	0.192453	0.00125378	0.0169831
57	0.0746374	0.00376936	0.144344	0.0288132	0.00735556	0.055593	0.0305677	0.00970065	0.0807847	0.0197489	0.0085493	0.201644	0.0191408	0.021576	0.0667326	0.115571	0.0718445	0.0210472	0.00253437	0.016046
58	0.127076	0.000943258	0.206995	0.0153836	0.00175108	0.0593602	0.0358747	0.00408341	0.0396786	0.00645386	0.00323475	0.216356	0.0215406	0.0270972	0.0386632	0.157756	0.0233595	0.00560822	0.000566781	0.00821855
59	0.0141117	0.00126325	0.00436229	0.00481992	0.170458	0.00494732	0.0269719	0.00785176	0.0059197	0.023154	0.00927444	0.00706243	0.00696	0.0111042	0.00663564	0.0125821	0.00555594	0.010305	0.0173932	0.649267
60	0.0150255	0.00173015	0.0067334	0.00523481	0.171954	0.00524948	0.0239757	0.00783574	0.0078064	0.0213588	0.00756037	0.0100386	0.0093113	0.0117791	0.00740812	0.0159506	0.00763129	0.00863478	0.0157073	0.639075
61	0.0525633	0.00308234	0.210832	0.136096	0.00348942	0.0118935	0.0133988	0.00430015	0.0675185	0.00884336	0.00340573	0.0733049	0.0511036	0.015389	0.0287175	0.118027	0.166834	0.0255074	0.00117678	0.0045162
62	0.0998499	0.00412987	0.00722895	0.014881	0.00615834	0.012348	0.0114242	0.00933396	0.01893	0.0195394	0.0114153	0.0199083	0.121932	0.0105743	0.0665483	0.0433455	0.200762	0.312845	0.00289419	0.00595113
63	0.182852	0.00100486	0.0488276	0.062399	0.0126182	0.13535	0.0198868	0.00766407	0.0530575	0.0165799	0.00548343	0.0835845	0.00331536	0.0195813	0.0518619	0.184837	0.0869124	0.0209722	0.00117895	0.00203284
64	0.0463421	0.0101651	0.00644307	0.0135575	0.108	0.0188605	0.0116094	0.102677	0.0144548	0.369785	0.0422468	0.0129655	0.00762181	0.0102186	0.0164566	0.0345747	0.0324212	0.115467	0.00280656	0.0233269
65	0.0582976	0.00316826	0.0312959	0.0518506	0.00528198	0.0421046	0.0343941	0.0136803	0.239922	0.0258316	0.0132242	0.0543818	0.0255077	0.04118	0.204133	0.0669179	0.0549352	0.0252523	0.0027281	0.005913
66	0.00946315	0.000406101	0.00535127	0.0189817	0.000740317	0.0183846	0.0361643	0.00164317	0.247272	0.00831156	0.011686	0.0334314	0.00231117	0.0357577	0.50001	0.0433921	0.0175915	0.00470437	0.00030083	0.00409658
67	0.132477	0.000727785	0.105973	0.0486718	0.00305621	0.108482	0.0350255	0.00193261	0.0495131	0.0146239	0.0062557	0.135265	0.00616227	0.0244415	0.058085	0.200352	0.05719	0.00878705	0.00073372	0.00224519
68	0.0587841	0.00223497	0.0208206	0.036552	0.00548542	0.0510171	0.0391095	0.0128817	0.160776	0.0263741	0.016285	0.0392865	0.0206944	0.0514507	0.301501	0.0709153	0.0458008	0.0294811	0.00303314	0.00751719
69	0.0813108	0.00128781	0.00838788	0.0429424	0.00370159	0.00766916	0.0229173	0.0391574	0.0863835	0.04255	0.0624707	0.0116153	0.00402071	0.178376	0.252597	0.066407	0.0362641	0.0473973	0.00151469	0.00302906
70	0.122747	0.000470491	0.0823077	0.0663985	0.00312949	0.120027	0.032514	0.0017324	0.0604974	0.017842	0.00653084	0.121676	0.00185202	0.0246523	0.061997	0.195462	0.0686175	0.0100747	0.000743417	0.000727392
71	0.0228214	0.00108445	0.0028731	0.00996381	0.0473287	0.00406399	0.0215571	0.10632	0.0252876	0.32	0.206057	0.00204354	0.00145873	0.0277638	0.0297144	0.0204662	0.0321826	0.106564	0.000947644	0.0115017
72	0.0358857	0.0101194	0.00472965	0.0113796	0.12091	0.0126401	0.0104265	0.0989618	0.0156857	0.400323	0.0466646	0.00707405	0.0067805	0.0102328	0.0155365	0.0330105	0.0267002	0.111335	0.00183829	0.0197669
73	0.243017	0.00101161	0.0763708	0.106364	0.00256303	0.0417193	0.0133643	0.0225809	0.0504658	0.0554371	0.00722896	0.0720709	0.00334464	0.0287023	0.0282333	0.133053	0.0762702	0.0222304	0.0133329	0.00263912
74	0.0112828	0.000412942	0.0276169	0.032691	0.00117886	0.684496	0.0130808	0.00126272	0.0235469	0.00401742	0.00117675	0.0181567	0.00100423	0.0175185	0.0743082	0.0704004	0.00240756	0.0075885	0.00696002	0.000892447
75	0.00518783	0.000175329	0.000331851	0.000554936	0.000369205	0.000500058	0.000481557	0.297576	0.000622123	0.0481709	0.00989262	0.000491292	0.000295258	0.000440721	0.000693423	0.00478282	0.00908699	0.619747	0.00025102	0.000349444
76	0.0520079	0.00513168	0.00228898	0.00878796	0.0930689	0.00447577	0.04006	0.0604906	0.00791354	0.370113	0.0719052	0.00392925	0.00343091	0.0106308	0.00995857	0.0588686	0.0211552	0.0944278	0.0030992	0.0782565
77	0.00518783	0.000175329	0.000331851	0.000554936	0.000369205	0.000500058	0.000481557	0.297576	0.000622123	0.0481709	0.00989262	0.000491292	0.000295258	0.000440721	0.000693423	0.00478282	0.00908699	0.619747	0.00025102	0.000349444
78	0.00521264	0.000189212	0.000335606	0.000554993	0.000461105	0.000501035	0.000484611	0.297405	0.000621793	0.0484659	0.00991023	0.00049285	0.000295094	0.000440592	0.000693648	0.00478022	0.00907696	0.619453	0.00025102	0.000374009
79	0.0468059	0.000563188	0.529618	0.203368	0.00144132	0.00561286	0.0341304	0.0015275	0.0232684	0.00315685	0.00167924	0.0211374	0.00275757	0.0314655	0.0157727	0.0508837	0.00786508	0.0108774	0.000470502	0.00759823
80	0.433804	0.00090802	0.0142991	0.0126804	0.00186655	0.469252	0.00253608	0.00222801	0.0045029	0.0136203	0.00224672	0.00340524	0.00171888	0.00275728	0.0164193	0.00690442	0.00475055	0.00389257	0.000570918	0.0016374
81	0.0478144	0.00113203	0.491966	0.193389	0.00178594	0.0128809	0.0322231	0.00236291	0.0280563	0.00537802	0.00317459	0.0316036	0.00467849	0.0330725	0.0193576	0.0543496	0.0159902	0.0121991	0.000901798	0.00768453
82	0.00684251	0.00215052	0.000638213	0.000688851	0.00867297	0.000900479	0.000807151	0.327777	0.00133805	0.0889563	0.0107087	0.000911338	0.000954063	0.000630264	0.00133698	0.00628257	0.0131716	0.524899	0.000636358	0.00169752
83	0.128399	0.00271887	0.264639	0.021225	0.00291172	0.037179	0.0211147	0.00662265	0.031982	0.00782856	0.00403971	0.263239	0.0180773	0.0152995	0.0229443	0.102828	0.0244102	0.0133294	0.00167329	0.00953928
84	0.0556464	0.0015395	0.424463	0.012725	0.00163993	0.0320595	0.0229592	0.00670433	0.0277636	0.00388224	0.00212486	0.283697	0.0182783	0.00609036	0.00720521	0.0616286	0.011959	0.00812498	0.000726866	0.0107823
85	0.29586	0.00163242	0.00502683	0.053905	0.00472683	0.201586	0.00308239	0.0337396	0.0406168	0.0227084	0.00300069	0.0222127	0.00403182	0.0199002	0.0131083	0.0932419	0.0876469	0.0901524	0.00161106	0.00221014
86	0.155943	0.00134935	0.0491699	0.134446	0.0179002	0.00463207	0.0234295	0.0108487	0.0811492	0.0457412	0.00544362	0.0115106	0.086798	0.00728308	0.0442052	0.159333	0.0760434	0.0659861	0.00133586	0.0174516
87	0.0533239	0.00507208	0.00612549	0.0144031	0.0278625	0.0108796	0.0170499	0.142752	0.0553552	0.271604	0.0758026	0.00940424	0.00395931	0.0216835	0.0447542	0.0362721	0.080963	0.114646	0.00296892	0.00511731
88	0.0183872	0.0108715	0.00258623	0.0025332	0.0524079	0.00226248	0.0023815	0.195147	0.00395794	0.389031	0.0425655	0.00189561	0.00372391	0.00560814	0.00552711	0.0131394	0.0218523	0.213609	0.00461492	0.0078984
89	0.145908	0.000874347	0.0240838	0.0632456	0.00082102	0.0162593	0.05606	0.0140727	0.133722	0.0174397	0.0122741	0.0284864	0.00315886	0.0905263	0.164101	0.141657	0.0623079	0.0237364	0.000576074	0.000689437
90	0.119292	0.000932688	0.0152252	0.0416255	0.00118145	0.0298069	0.0596146	0.00725009	0.151159	0.0140965	0.0104559	0.0284057	0.00679901	0.0873809	0.231162	0.12883	0.0463559	0.018035	0.000628136	0.0017639
91	0.0213051	0.0139566	0.00172803	0.00191318	0.0652765	0.00296677	0.00215874	0.239875	0.00523483	0.326434	0.0339709	0.00223442	0.00468985	0.00332401	0.00582721	0.0151886	0.0240156	0.218064	0.00213826	0.00969816
92	0.0120577	0.00797987	0.00146996	0.003186	0.278288	0.00293127	0.0045628	0.0141692	0.00307884	0.57995	0.014777	0.00869775	0.00142004	0.00231393	0.0041652	0.0173067	0.00826064	0.0120008	0.000670358	0.0227137
93	0.0502689	0.000550424	0.522548	0.202327	0.00137041	0.00348882	0.0282712	0.00172318	0.0272202	0.00323944	0.00178497	0.0152191	0.00283555	0.0312989	0.0179669	0.0604203	0.00748438	0.0134901	0.00064898	0.00784317
94	0.0644996	0.00612438	0.00236758	0.00399078	0.03543	0.0132528	0.00489318	0.190285	0.0195842	0.248677	0.0912584	0.00238298	0.00200953	0.0100572	0.0248283	0.0327481	0.0692243	0.173096	0.000818676	0.00447244
95	0.359872	0.0494184	0.00181212	0.0103967	0.0252686	0.0388773	0.00241551	0.11255	0.00456804	0.0402666	0.0103917	0.00435221	0.00188158	0.00969347	0.00527272	0.0798975	0.0375538	0.20309	0.000763682	0.00165831
96	0.160842	0.000793	0.00135796	0.0296691	0.000999764	0.00588178	0.0110982	0.00117666	0.0193855	0.0178717	0.00109442	0.00572166	0.47971	0.0474754	0.0543405	0.0774688	0.0555353	0.0224197	0.000416248	0.00674208
97	0.0298919	0.026256	0.00108557	0.00108431	0.118064	0.00374951	0.00180662	0.220882	0.00448601	0.286136	0.0257669	0.00362882	0.0077823	0.00103706	0.00466634	0.0187656	0.0243943	0.203036	0.00120311	0.0162783
98	0.0646417	0.00565197	0.0130241	0.0103146	0.00342237	0.0105081	0.0101892	0.00515613	0.0198392	0.00595523	0.00494383	0.111595	0.0100226	0.00397412	0.0176216	0.286342	0.39877	0.0150464	0.00087937	0.0021032
99	0.0827364	0.00740579	0.0441786	0.0374442	0.0132737	0.0329792	0.117829	0.0212872	0.0671852	0.0457764	0.01909	0.0547367	0.0280099	0.0321494	0.0794016	0.102742	0.142199	0.0401428	0.00524122	0.026192
100	0.00518783	0.000175329	0.000331851	0.000554936	0.000369205	0.000500058	0.000481557	0.297576	0.000622123	0.0481709	0.00989262	0.000491292	0.000295258	0.000440721	0.000693423	0.00478282	0.00908699	0.619747	0.00025102	0.000349444
101	0.0205633	0.00507337	0.00308059	0.00574363	0.0360438	0.00308276	0.00627611	0.136004	0.00881684	0.41617	0.111415	0.00178044	0.00228806	0.0149992	0.0119714	0.0164683	0.0315107	0.159957	0.00247559	0.00628011
102	0.0628464	0.00515251	0.0832767	0.0426602	0.0158783	0.0431552	0.153091	0.0208222	0.0754498	0.0480055	0.0241621	0.0575707	0.0213799	0.0352889	0.0904846	0.073664	0.0436402	0.032369	0.0069399	0.0641633
103	0.0274226	0.00431406	0.00339079	0.00856611	0.0693957	0.00466188	0.014495	0.102527	0.0137244	0.399434	0.128542	0.00442164	0.00418396	0.0167324	0.0163009	0.0277539	0.0311195	0.107499	0.00145349	0.0140617
104	0.440259	0.00900216	0.0209304	0.0169903	0.00870904	0.059236	0.011506	0.0199938	0.0244214	0.0283459	0.00732828	0.0254862	0.0218627	0.0166834	0.0270638	0.155329	0.0590229	0.0413953	0.00151694	0.00491737
105	0.474719	0.00910561	0.0143838	0.015177	0.00895792	0.0523183	0.00908514	0.0182827	0.0191858	0.0221141	0.00566893	0.0183035	0.0350187	0.013285	0.0243446	0.160558	0.0497384	0.0403027	0.00170767	0.00774318
106	0.0827245	0.00407151	0.0378811	0.0657259	0.012788	0.0426675	0.0381058	0.0204959	0.0892667	0.049284	0.0307635	0.0323799	0.0802725	0.125072	0.104536	0.0735432	0.0449309	0.0383706	0.00429197	0.0228279
107	0.446331	0.00873024	0.0148515	0.0187978	0.0137846	0.06261	0.00997808	0.0163705	0.0268326	0.0317166	0.00777663	0.0212126	0.0338149	0.0152114	0.0293539	0.149679	0.0528384	0.0336955	0.0019462	0.0044693
108	0.0898257	0.00176433	0.0286536	0.02638	0.00313635	0.56919	0.0140102	0.00530002	0.0268851	0.00933098	0.00362762	0.0232715	0.00629711	0.0163261	0.0679071	0.0713995	0.0172787	0.0132181	0.00435362	0.00184456
109	0.0367422	0.0054028	0.00431131	0.00561157	0.0185855	0.0130805	0.00692573	0.22696	0.0103882	0.10336	0.0194535	0.0092277	0.00887075	0.006521	0.0135316	0.0212964	0.0242656	0.46014	0.000844137	0.00448179
110	0.0756827	0.0018627	0.0229712	0.0334853	0.00605585	0.0750338	0.0306351	0.0123866	0.159928	0.0255455	0.0152339	0.0404743	0.0174692	0.0406009	0.28191	0.0776018	0.0513333	0.0238463	0.00262194	0.00532199
111	0.0373129	0.00309034	0.00722396	0.0121634	0.0421996	0.0108984	0.25021	0.0222113	0.0136288	0.0426447	0.0265521	0.0323125	0.0105727	0.0241213	0.0251318	0.0300937	0.0171073	0.0149373	0.0190678	0.35852
112	0.441836	0.00981562	0.0155075	0.018702	0.0124761	0.0524192	0.00970052	0.020617	0.0266561	0.0267561	0.00910831	0.0175148	0.0295146	0.0147415	0.0313243	0.154081	0.0591654	0.0422688	0.00243042	0.00536525
113	0.0250166	0.00390554	0.00312889	0.00605556	0.0280526	0.00422471	0.00515972	0.144798	0.0107643	0.401854	0.10702	0.0016001	0.00173578	0.0172594	0.0156815	0.020282	0.0446233	0.152371	0.00215328	0.00431315
114	0.0317286	0.00275593	0.012803	0.157594	0.0147329	0.015382	0.0352249	0.00791909	0.219316	0.0243476	0.00573833	0.0273579	0.00386463	0.20935	0.11032	0.0253153	0.0355858	0.0451745	0.00673615	0.00875235
115	0.0960496	0.00164931	0.324138	0.016009	0.00227126	0.031125	0.0211802	0.00698005	0.0409874	0.0051238	0.00251545	0.278004	0.020869	0.0136204	0.0160474	0.0846819	0.0160568	0.0104967	0.000847109	0.0113482
116	0.118606	0.00420024	0.0146162	0.0333194	0.00463863	0.0175715	0.0149081	0.00619388	0.0343362	0.0214403	0.0106157	0.0219231	0.357675	0.0369617	0.0479079	0.0855602	0.120386	0.0395927	0.00183154	0.0077149
117	0.140664	0.00158648	0.0163615	0.0152108	0.00291412	0.145411	0.0498902	0.00330703	0.0797776	0.0430855	0.0393709	0.0590275	0.00334715	0.1092	0.0483802	0.21189	0.0194872	0.00763012	0.000895526	0.0025643
118	0.323302	0.00803553	0.00847696	0.0125774	0.00982036	0.0263956	0.00563885	0.00983946	0.0173797	0.00814725	0.00627485	0.0245192	0.00879475	0.00690322	0.0213993	0.284675	0.188236	0.0265054	0.000877953	0.00220179
119	0.01294	0.00160865	0.00712791	0.00618213	0.16605	0.00477507	0.0258364	0.00633888	0.00792199	0.0224525	0.00918628	0.00905511	0.00872898	0.0120351	0.00825068	0.0149272	0.00718432	0.0100476	0.0164602	0.642891
120	0.00518783	0.000175329	0.000331851	0.000554936	0.000369205	0.000500058	0.000481557	0.297576	0.000622123	0.0481709	0.00989262	0.000491292	0.000295258	0.000440721	0.000693423	0.00478282	0.00908699	0.619747	0.00025102	0.000349444
121	0.137116	0.000730407	0.106991	0.0395777	0.00215328	0.0709161	0.04826	0.00335488	0.0478242	0.0152276	0.00796735	0.151713	0.00808964	0.039088	0.0654566	0.187735	0.0559134	0.00816383	0.000716915	0.00300533
122	0.652038	0.00710953	0.00334014	0.00359214	0.00273078	0.0219802	0.00226582	0.00286073	0.00908658	0.00309425	0.00139178	0.0060219	0.00269108	0.00290656	0.00923821	0.238311	0.0199022	0.00912298	0.00037252	0.00194335
123	0.0992679	0.00373682	0.120809	0.0285989	0.00592401	0.0503352	0.0241509	0.00893129	0.0419234	0.0147433	0.00726575	0.203183	0.0241226	0.0188515	0.0400265	0.182657	0.0946968	0.0177831	0.00297363	0.010019
124	0.00518783	0.000175329	0.000331851	0.000554936	0.000369205	0.000500058	0.000481557	0.297576	0.000622123	0.0481709	0.00989262	0.000491292	0.000295258	0.000440721	0.000693423	0.00478282	0.00908699	0.619747	0.00025102	0.000349444
125	0.264621	0.0058202	0.0851655	0.0207025	0.00604704	0.0907829	0.0209403	0.0107575	0.0284337	0.0178184	0.00965114	0.130604	0.0154872	0.0167605	0.0245612	0.145405	0.0372045	0.0213005	0.00319527	0.0447411
126	0.32129	0.00203505	0.0171775	0.0200044	0.00315173	0.431319	0.00597029	0.00747254	0.0160874	0.0130743	0.00367142	0.0128824	0.00457772	0.0100149	0.0322165	0.0533428	0.0269615	0.0145947	0.00167965	0.00247526
127	0.005234	0.00925046	0.00123651	0.00225469	0.297796	0.00306958	0.00166853	0.00976349	0.00279174	0.614101	0.0106836	0.00842701	0.00137188	0.00191175	0.00296247	0.00464709	0.004021	0.00283821	0.000496355	0.0154741
128	0.0134232	0.00263982	0.000530666	0.00124378	0.00887078	0.00168418	0.0011713	0.286979	0.0020202	0.0736061	0.0145602	0.00115959	0.000804509	0.00133616	0.00236874	0.00812875	0.0125016	0.564694	0.000361404	0.00191599
129	0.0625683	0.00464548	0.00712552	0.00623065	0.00323829	0.00670782	0.0113066	0.00375714	0.0124885	0.00639153	0.00334557	0.167436	0.00588484	0.00510124	0.0133977	0.331109	0.337271	0.00840703	0.000987229	0.00260012
130	0.0177413	0.0104691	0.00251901	0.00243963	0.051796	0.00228484	0.00187311	0.191755	0.00324599	0.386483	0.0430624	0.00194057	0.00353397	0.00556218	0.00501519	0.0130531	0.0211613	0.225837	0.00274748	0.00748081
131	0.00511721	0.00925945	0.00126681	0.00227751	0.295854	0.00309245	0.00202135	0.0101894	0.00288133	0.613863	0.0118466	0.00831835	0.00135031	0.00197407	0.00300336	0.00466587	0.00392817	0.00317342	0.000482912	0.0154348
132	0.0716799	0.0031368	0.119784	0.15174	0.0101418	0.0694049	0.0321457	0.0121627	0.093573	0.0269234	0.0116707	0.0421018	0.0410449	0.0497131	0.0796454	0.0787977	0.056058	0.0317298	0.00331681	0.0152292
133	0.387575	0.0339389	0.0016776	0.0158164	0.0275258	0.0267614	0.0024537	0.122017	0.00444783	0.0355922	0.00892795	0.00422083	0.00165442	0.00870395	0.00508625	0.0683273	0.0459833	0.19707	0.000715967	0.0015052
134	0.305168	0.0867929	0.00286301	0.00980257	0.0188497	0.0290559	0.00419837	0.0857337	0.00751543	0.0324013	0.00953696	0.00775399	0.00397338	0.00981848	0.00912231	0.153329	0.0470822	0.173049	0.00112416	0.00283016
135	0.0698689	0.00208407	0.00767679	0.0344049	0.00397795	0.0128609	0.0198438	0.0131223	0.241959	0.0252236	0.0167541	0.0256299	0.0187925	0.0311928	0.332714	0.0370159	0.0255007	0.0761794	0.00174768	0.00345064
136	0.140241	0.000429721	0.072373	0.0630109	0.00235283	0.0704214	0.0394471	0.0073513	0.0595879	0.0255881	0.0130404	0.110369	0.00193309	0.0355191	0.0709283	0.201351	0.0716734	0.0120758	0.00156751	0.00073917
137	0.262182	0.00501089	0.00408577	0.00734449	0.00461862	0.00924059	0.00640631	0.010926	0.00913459	0.0311417	0.0303817	0.0505863	0.00831452	0.00712675	0.0567912	0.128787	0.109567	0.252123	0.00175932	0.00447191
138	0.0512123	0.00204223	0.290916	0.00490954	0.00176911	0.0362243	0.0137279	0.013071	0.0371687	0.00411988	0.00183229	0.304814	0.0404015	0.00912439	0.0103253	0.130646	0.0165959	0.00518913	0.000720339	0.0251896
139	0.134894	0.00238717	0.00631662	0.0252351	0.00341127	0.0152627	0.0470594	0.00321503	0.0286777	0.0196764	0.0038255	0.0200616	0.393746	0.0441732	0.074569	0.0957211	0.0470616	0.0263851	0.00110573	0.00721621
140	0.0491213	0.00281348	0.00803189	0.0241035	0.0119712	0.0105884	0.0178033	0.0807696	0.0639414	0.11438	0.116273	0.0172492	0.00518593	0.14203	0.170058	0.042588	0.0432218	0.0713259	0.00223173	0.00631219
141	0.0882561	0.00221433	0.0151374	0.033184	0.0109633	0.0105524	0.014123	0.00617994	0.0337405	0.0330132	0.0300584	0.0199703	0.455353	0.0548073	0.0377527	0.0586847	0.0542092	0.0296079	0.00192407	0.0102687
142	0.687878	0.00541278	0.00101776	0.00119074	0.00078078	0.0171751	0.00123161	0.000805123	0.00728424	0.00168021	0.000881626	0.0020727	0.00136025	0.00127413	0.00750157	0.240916	0.013846	0.00620869	0.000233003	0.00124938
143	0.00518783	0.000175329	0.000331851	0.000554936	0.000369205	0.000500058	0.000481557	0.297576	0.000622123	0.0481709	0.00989262	0.000491292	0.000295258	0.000440721	0.000693423	0.00478282	0.00908699	0.619747	0.00025102	0.000349444
144	0.00554982	0.000542524	0.000391861	0.000634705	0.00162381	0.000671043	0.000552913	0.300056	0.000748727	0.0527476	0.0100552	0.000811149	0.000368559	0.000519244	0.000794086	0.00521129	0.0100909	0.6078	0.00028457	0.000546718
145	0.0449142	0.00572752	0.0110022	0.0304191	0.137247	0.0290545	0.0433252	0.016096	0.038511	0.0434043	0.0237914	0.0218783	0.0120907	0.0464378	0.111107	0.0467034	0.0278394	0.0361039	0.148862	0.125485
146	0.219887	0.00284376	0.010777	0.028052	0.00457556	0.0214064	0.0143517	0.00597315	0.0284316	0.0228335	0.00389232	0.0182154	0.336611	0.0383508	0.050848	0.0905209	0.0611842	0.0338695	0.001091	0.00628581
147	0.418198	0.00651039	0.0202761	0.0163734	0.017134	0.040631	0.0107469	0.0091196	0.0287428	0.0152131	0.00511802	0.0279247	0.0160349	0.0130733	0.0335894	0.228863	0.0604119	0.0255629	0.00181046	0.00466693
148	0.100321	0.0038949	0.0204451	0.0320258	0.00699003	0.0730445	0.0318177	0.0129579	0.0912476	0.0265515	0.0139485	0.0396319	0.022989	0.042889	0.178126	0.179215	0.0867619	0.0293254	0.00219508	0.00562157
149	0.108362	0.00340265	0.0308712	0.0340181	0.00890534	0.0711833	0.0296106	0.00927891	0.0868392	0.023651	0.0112132	0.0432054	0.024515	0.0379009	0.184831	0.168189	0.0845408	0.0320876	0.00172898	0.00566568
150	0.156278	0.00855467	0.0431588	0.0283243	0.0168159	0.0607517	0.0213762	0.0228047	0.0455838	0.0431005	0.0118175	0.0553054	0.0294409	0.0224369	0.0556842	0.198313	0.12719	0.0424181	0.0026301	0.00801456
151	0.0390569	0.0060361	0.00615425	0.00823854	0.0162509	0.00665772	0.00510516	0.22644	0.0101198	0.107584	0.0219174	0.00672639	0.00745419	0.00601077	0.0119499	0.0227435	0.0320062	0.454136	0.000946194	0.00446621
152	0.00977637	0.00118419	0.0055127	0.00299454	0.185201	0.00345635	0.0161845	0.00507024	0.0064799	0.0229304	0.00601476	0.00896155	0.00687591	0.00910205	0.00696888	0.0132914	0.00577334	0.00749609	0.0160145	0.660712
153	0.0990056	0.00169886	0.032255	0.0261903	0.00582004	0.520087	0.0158449	0.00607248	0.0316487	0.0147191	0.00480917	0.0258962	0.00786245	0.0196994	0.0623039	0.0714973	0.024363	0.0145932	0.00428339	0.0113498
154	0.0375606	0.0094058	0.00652047	0.00907467	0.106087	0.00865101	0.0113205	0.100822	0.0159432	0.390892	0.0484012	0.00874742	0.0146619	0.0137483	0.0221139	0.0356885	0.0288196	0.112115	0.00244064	0.0169865
155	0.0834358	0.00572448	0.135818	0.0372977	0.00828472	0.0542786	0.029174	0.0101059	0.073824	0.0198181	0.010042	0.193709	0.0210196	0.0210449	0.0624162	0.116585	0.0767309	0.0258688	0.00210268	0.0127199
156	0.0429833	0.00395393	0.114069	0.0779923	0.00231924	0.019758	0.00593647	0.00329445	0.0916776	0.00615809	0.00310267	0.0922871	0.0458569	0.00684175	0.0277315	0.163355	0.267846	0.0216827	0.000847198	0.00230721
157	0.0294913	0.00541875	0.0426706	0.0902661	0.00112365	0.00683263	0.0559677	0.020134	0.306672	0.0192843	0.00784392	0.0922279	0.00296015	0.0686773	0.155953	0.0236973	0.0358172	0.0327648	0.000451875	0.00174512
158	0.257052	0.00584901	0.00555495	0.00968254	0.00442272	0.01182	0.00633633	0.0122487	0.0103581	0.03702	0.0237937	0.0505308	0.00889155	0.00726644	0.0555582	0.134892	0.103362	0.249815	0.00157477	0.0039709
159	0.101109	0.00245596	0.0136407	0.0315081	0.00889866	0.0113734	0.018395	0.00779626	0.032247	0.0318187	0.0248677	0.0155723	0.451231	0.0536622	0.042773	0.0635593	0.0506777	0.0279095	0.00224478	0.0082597
160	0.0759337	0.0138833	0.00754028	0.0148157	0.160758	0.0155606	0.0145925	0.0785508	0.0192889	0.170272	0.0240589	0.0171868	0.0112701	0.0104113	0.0228517	0.0818885	0.127115	0.085544	0.00600708	0.0424706
161	0.0796089	0.0527816	0.0318648	0.0266991	0.0104172	0.0245791	0.0163649	0.0157537	0.035884	0.018497	0.00905545	0.0525341	0.0886069	0.0151109	0.03144	0.237357	0.211046	0.0348823	0.00151295	0.0060049
162	0.0945073	0.00557857	0.0513745	0.110856	0.0106532	0.0384712	0.0217473	0.0155783	0.072576	0.0269341	0.00927512	0.0479039	0.0439348	0.0368812	0.0619629	0.116471	0.188348	0.038173	0.00367595	0.00509767
163	0.125487	0.000801724	0.0625139	0.119168	0.00425361	0.00947121	0.0294019	0.035807	0.0799287	0.0482828	0.0154572	0.0343475	0.0151864	0.0252296	0.0805123	0.188587	0.0738865	0.0458514	0.00203102	0.00379471
164	0.0243202	0.00137905	0.62954	0.0573878	0.00266988	0.0276459	0.0772272	0.00322477	0.0170096	0.00628872	0.00330048	0.0666741	0.00368104	0.00914711	0.010086	0.0213373	0.0251394	0.00943533	0.00109294	0.00341352
165	0.103399	0.00189551	0.00658617	0.0190422	0.00278869	0.0835282	0.0233758	0.0109389	0.100032	0.0128358	0.00693119	0.016422	0.0738104	0.0659859	0.244868	0.108311	0.0770587	0.0386488	0.00098535	0.00255739
166	0.168212	0.00995314	0.0155867	0.0250276	0.00856441	0.0362993	0.0103034	0.0225512	0.0286621	0.0257103	0.0144548	0.0228755	0.0281087	0.0157502	0.0365502	0.158673	0.316757	0.0510469	0.00129302	0.00362066
167	0.109223	0.00275777	0.369288	0.0903495	0.0036652	0.0348911	0.0287722	0.00634884	0.0349751	0.010075	0.00401238	0.112228	0.0118031	0.0223548	0.0254719	0.0786743	0.0262484	0.0187341	0.0016337	0.00849376
168	0.0136364	0.000641527	0.00369696	0.0175887	0.00131256	0.0214142	0.0423987	0.00197745	0.182414	0.00805203	0.011593	0.0229364	0.00457302	0.0582628	0.521948	0.0597505	0.0163063	0.00726267	0.000691322	0.00354358
169	0.0952775	0.00252895	0.0119576	0.0316061	0.0094694	0.0128336	0.0161822	0.00579862	0.0363573	0.0341106	0.0268729	0.0187239	0.450687	0.053781	0.0503063	0.0572506	0.0471113	0.0266112	0.00349501	0.00903859
170	0.580254	0.00693084	0.00852465	0.00787001	0.00427188	0.0247104	0.00613034	0.0052339	0.0165572	0.0083944	0.00414722	0.0131795	0.00725086	0.00825179	0.0186177	0.220696	0.037695	0.0181429	0.000472748	0.00266806
171	0.0875558	0.00416427	0.024367	0.0376059	0.00997395	0.0706186	0.0316849	0.0127724	0.0953734	0.0231442	0.0123183	0.0410921	0.0244801	0.0405648	0.189588	0.167539	0.0821193	0.0343249	0.00354934	0.00716344
172	0.105791	0.00963275	0.0191274	0.027252	0.0553466	0.167753	0.0197008	0.0491861	0.0350994	0.214657	0.0259397	0.0241936	0.00946459	0.0221255	0.0379184	0.0619807	0.0354235	0.0616869	0.00322133	0.0144998
173	0.0500658	0.00416631	0.0233175	0.0132969	0.1011	0.0148359	0.0373235	0.0136327	0.0162205	0.0531899	0.0140592	0.0269979	0.0215943	0.0141254	0.020235	0.0810693	0.0247634	0.02438	0.0109792	0.434647
174	0.445987	0.00825576	0.0166664	0.0184562	0.00550066	0.0593758	0.0125911	0.0151746	0.0293883	0.0201758	0.00887383	0.0214324	0.0220858	0.0166649	0.0365709	0.161206	0.0558869	0.0370216	0.00149749	0.00718845
175	0.590069	0.00710473	0.00532102	0.00778363	0.00451004	0.0236368	0.00581738	0.00531369	0.0142297	0.00735223	0.00262149	0.00968077	0.0120927	0.00670419	0.0154804	0.222104	0.0427114	0.0140528	0.000505908	0.0029078
176	0.0971065	0.00995156	0.00966604	0.0135031	0.00520366	0.0164604	0.00694839	0.0111102	0.0155941	0.00969143	0.0103887	0.043172	0.0092962	0.00597842	0.0247029	0.241978	0.434771	0.031604	0.000863508	0.00200979
177	0.0808625	0.00331516	0.0224207	0.0438113	0.00820281	0.0258351	0.0147001	0.0076354	0.137383	0.0280427	0.0208097	0.0329741	0.273972	0.0442387	0.0882428	0.073249	0.0586763	0.0270864	0.00187688	0.00666467
178	0.0905137	0.00442621	0.0394312	0.0442778	0.00466088	0.0558057	0.0319628	0.013984	0.163511	0.0207531	0.0124199	0.0546264	0.0228179	0.0409483	0.158256	0.133468	0.0757706	0.0257231	0.00145143	0.00519124
179	0.554971	0.00699669	0.00391226	0.0048202	0.00212869	0.0263352	0.00253869	0.00499894	0.00997067	0.00480749	0.00409725	0.0108853	0.00586639	0.00411528	0.0127393	0.220023	0.101257	0.0176049	0.000459944	0.00147283
180	0.0482776	0.0015223	0.189289	0.0268407	0.0029768	0.343955	0.024504	0.00422635	0.0304576	0.00710016	0.00273341	0.131582	0.00999001	0.0161909	0.0472648	0.0805459	0.0161645	0.00861438	0.00273772	0.00502678
181	0.063265	0.00367159	0.1269	0.154615	0.011993	0.0348038	0.0921932	0.0137258	0.0863485	0.0295234	0.0151112	0.0459087	0.0178296	0.0544442	0.0752211	0.0727296	0.0450892	0.0289043	0.00674036	0.0209829
182	0.445269	0.00107039	0.011728	0.0333594	0.00235279	0.379887	0.0035012	0.00611551	0.00951542	0.0234677	0.0030718	0.00689726	0.00232045	0.00550133	0.0146571	0.0181024	0.0152205	0.0146259	0.000899458	0.0024372
183	0.0230617	0.00666605	0.00613059	0.00518488	0.0425586	0.00391457	0.00614764	0.172797	0.00958237	0.381816	0.0910258	0.00203021	0.00271498	0.012362	0.012024	0.0181265	0.0327152	0.16169	0.00229938	0.00715329
184	0.651576	0.00706849	0.00319102	0.00415294	0.00264723	0.0271871	0.00240378	0.00663534	0.00975447	0.00573681	0.00349033	0.00603609	0.0042444	0.00457529	0.0108333	0.191971	0.0360649	0.0197597	0.000722598	0.00194961
185	0.0921947	0.00429676	0.0147032	0.0283868	0.00881972	0.0199843	0.13251	0.00787497	0.0531393	0.023328	0.0102377	0.0361447	0.216972	0.03664	0.134146	0.079891	0.0430484	0.0329895	0.00334464	0.0213481
186	0.127592	0.0171901	0.00572196	0.0107772	0.00607351	0.00576173	0.00142365	0.016394	0.00169982	0.0063387	0.0153107	0.00233536	0.00132162	0.00115975	0.0140732	0.207891	0.51175	0.0461127	0.000373649	0.000699244
187	0.00819509	0.000707627	0.00222976	0.0034443	0.179649	0.00370183	0.0242204	0.00408906	0.00392549	0.0125211	0.00687041	0.00463661	0.00637608	0.0109993	0.00603596	0.00994346	0.00459247	0.00573981	0.0278472	0.674275
188	0.0734336	0.00724547	0.110917	0.0203594	0.00530058	0.0318898	0.0807789	0.00942369	0.0377235	0.0147652	0.0079246	0.211565	0.0954546	0.0215678	0.0427514	0.1462	0.0473901	0.0179387	0.00215031	0.0152202
189	0.0886794	0.00474005	0.0534459	0.0412463	0.0136943	0.0641468	0.112873	0.0120671	0.0609355	0.0395279	0.0166826	0.0617082	0.0215702	0.0392086	0.082813	0.16527	0.05901	0.0273359	0.00683122	0.0282134
190	0.019441	0.00407369	0.00139399	0.00219204	0.0144919	0.00270115	0.00270117	0.285473	0.00550157	0.0927259	0.0166304	0.00248467	0.00163717	0.00267795	0.00519998	0.0113446	0.0193696	0.506632	0.000592199	0.00273659
191	0.035656	0.0038459	0.00737177	0.0127018	0.0456949	0.0114091	0.245788	0.0232047	0.0119274	0.0421858	0.028898	0.0278691	0.00933875	0.0242379	0.0181673	0.0257408	0.0162822	0.0158223	0.022987	0.370872
192	0.0904403	0.00130621	0.0347736	0.0316108	0.00314319	0.570162	0.0128203	0.00530726	0.0273959	0.0109997	0.00289731	0.0232446	0.00320104	0.0156481	0.0619502	0.0666314	0.0180356	0.0115374	0.00456581	0.00432953
