344	20
1	0.102602	0.00308201	0.0312819	0.0514563	0.00070683	0.00374243	0.00419142	0.00514899	0.0726377	0.0146892	0.00128261	0.00996665	0.489668	0.041051	0.0152025	0.0532283	0.0716411	0.0274902	0.000432985	0.000498114
2	0.0262334	0.00115822	0.46177	0.0979083	0.000748058	0.0258611	0.00552232	0.00159417	0.0359547	0.00154328	0.00119433	0.230711	0.000768188	0.0489383	0.00974154	0.0222517	0.0173241	0.00986791	0.00034709	0.000562353
3	0.042747	0.0104345	0.0182193	0.0417636	0.00621562	0.00844582	0.0284584	0.0114724	0.133596	0.0161506	0.0136568	0.0484356	0.0112231	0.0552164	0.441776	0.0401113	0.0429392	0.0231922	0.00226812	0.00367802
4	0.0447344	0.00139507	0.0223112	0.0871585	0.00112791	0.00149479	0.00682533	0.0201342	0.145303	0.027483	0.0239636	0.0122643	0.00102672	0.349045	0.119755	0.0338904	0.0948836	0.00579978	0.000575651	0.000828811
5	0.0383413	0.0111038	0.0174233	0.0138762	0.0942421	0.0112202	0.0511836	0.0243357	0.0142462	0.0297401	0.0308688	0.0166781	0.00725249	0.031284	0.0150293	0.0314812	0.0307065	0.0218702	0.315376	0.193741
6	0.0338563	0.00641244	0.00790766	0.00873264	0.00541603	0.0080121	0.00706337	0.026356	0.010173	0.0314408	0.0445609	0.00703906	0.694313	0.0128795	0.0109808	0.0233019	0.0343444	0.0231006	0.00178032	0.0023296
7	0.050447	0.0016884	0.327371	0.0231023	0.0011615	0.0504899	0.00214568	0.00221961	0.00160274	0.00257859	0.00219211	0.181189	0.00132397	0.00275375	0.00185271	0.258743	0.0841084	0.00370934	0.000510136	0.000811393
8	0.0260207	0.000654713	0.00421897	0.00970924	0.000495304	0.00066945	0.0235278	0.000891978	0.294471	0.000972708	0.00084876	0.126666	0.000565284	0.0627111	0.372887	0.0303803	0.0421929	0.00153778	0.00022681	0.000351973
9	0.0254639	0.00199417	0.0120218	0.049869	0.00110863	0.0016574	0.0128801	0.0227923	0.0114895	0.00255623	0.00211211	0.00252937	0.00115572	0.0521065	0.145434	0.0725749	0.369233	0.211829	0.000560925	0.000631364
10	0.0106818	0.00801193	0.0026875	0.00237383	0.00756054	0.0017215	0.0134529	0.466205	0.00546744	0.255482	0.0413758	0.00263691	0.0113002	0.0288904	0.00619673	0.00877047	0.0209833	0.102955	0.000682812	0.00256489
11	0.0221283	0.00149565	0.0792091	0.157285	0.000834946	0.0080839	0.024469	0.00155548	0.0267065	0.00174223	0.00169656	0.0899623	0.000865064	0.0451063	0.0253425	0.0773294	0.432603	0.00245516	0.000405119	0.000724253
12	0.0774066	0.000707905	0.0189698	0.0909138	0.0010121	0.00178988	0.0447042	0.0087291	0.352376	0.0117024	0.00428932	0.00883605	0.0004494	0.099232	0.17307	0.0324627	0.0375867	0.0351597	0.000272572	0.000329676
13	0.625741	0.00297055	0.00374869	0.00337864	0.00189688	0.00362669	0.00372674	0.0199334	0.00268105	0.00378005	0.00300827	0.00411536	0.167868	0.00405377	0.00328993	0.0862706	0.0223803	0.0353592	0.0007864	0.00138504
14	0.0294405	0.00204536	0.00440453	0.0142936	0.000724984	0.0015459	0.00250732	0.00413663	0.0070447	0.0131071	0.00448425	0.00207567	0.863326	0.00639514	0.00355844	0.0154738	0.018587	0.00610196	0.000145415	0.000601635
15	0.0311139	0.0113772	0.00186666	0.00111585	0.00564549	0.000571384	0.0051706	0.431606	0.0249729	0.0698482	0.0286584	0.00149504	0.010578	0.0231034	0.036821	0.0274975	0.0407919	0.245421	0.000737797	0.00160846
16	0.0335857	0.00957368	0.0131445	0.0147852	0.0925131	0.0111904	0.0498991	0.0241249	0.0126424	0.0335193	0.0318642	0.0166428	0.00732915	0.02684	0.015375	0.0281908	0.032133	0.0284846	0.321388	0.196774
17	0.117926	0.350136	0.00640067	0.00624915	0.0103356	0.00730369	0.00936374	0.0218174	0.00412724	0.125396	0.0434304	0.00711779	0.00338357	0.00614103	0.00804584	0.0888576	0.0479684	0.127126	0.00160243	0.00727213
18	0.521259	0.00912129	0.00236134	0.00179919	0.000841654	0.0121425	0.00371972	0.0051323	0.0013735	0.00344503	0.00315205	0.00445945	0.0454413	0.00192603	0.00223106	0.356272	0.0145982	0.00868859	0.000535583	0.00150036
19	0.055059	0.026046	0.00576275	0.00648782	0.00457297	0.00549458	0.00747406	0.0502099	0.00434826	0.0102641	0.00684601	0.00709547	0.0035891	0.00668691	0.00677463	0.192916	0.188174	0.406838	0.00155326	0.00380703
20	0.0513524	0.217739	0.337952	0.0349462	0.00884165	0.0177714	0.057037	0.01727	0.0128238	0.0197189	0.0144268	0.0307734	0.00952992	0.0195447	0.0174437	0.0571031	0.0382327	0.0270253	0.0033845	0.00708316
21	0.010684	0.00659329	0.00147794	0.00339825	0.0150046	0.00137208	0.00364885	0.0704444	0.00399621	0.528085	0.279608	0.00240569	0.00368183	0.0146563	0.00872077	0.00444657	0.00573448	0.0291054	0.00131282	0.00562322
22	0.0382625	0.0104723	0.0192668	0.0410192	0.00645477	0.00716873	0.0217161	0.0129587	0.146315	0.0147399	0.0109547	0.0416259	0.00774364	0.0582856	0.467921	0.0337331	0.036379	0.0186051	0.00222197	0.00415622
23	0.0438437	0.0166035	0.473842	0.14081	0.00353181	0.0237133	0.0258582	0.00618392	0.0310983	0.00748289	0.00489619	0.0628642	0.0110597	0.0358859	0.0249264	0.0426029	0.0245244	0.0127464	0.00302438	0.00450176
24	0.0541837	0.00303798	0.0123328	0.00290873	0.000642875	0.864492	0.0044673	0.00148769	0.00458804	0.00171642	0.00144747	0.0219909	0.00075854	0.00287181	0.0030265	0.0137321	0.00330326	0.00234361	0.000353965	0.000313867
25	0.0503019	0.0111473	0.08591	0.0446117	0.00674697	0.0470615	0.0737944	0.0135516	0.0519723	0.0166772	0.010979	0.294008	0.00805506	0.0425209	0.051193	0.0739558	0.0791317	0.0266286	0.00367447	0.0080788
26	0.0467106	0.00782078	0.040495	0.0928288	0.0106515	0.0151389	0.0413179	0.0179303	0.0568672	0.0251441	0.0184068	0.0308045	0.017115	0.408691	0.0536976	0.0360792	0.0386573	0.0229647	0.00927554	0.00940345
27	0.549451	0.00656102	0.000834773	0.000995827	0.000528211	0.00548732	0.000885236	0.000982459	0.000777982	0.00137329	0.000840452	0.00113233	0.00465892	0.00108287	0.000868968	0.416125	0.00475345	0.00204157	0.000246728	0.00037295
28	0.016324	0.0102141	0.0013258	0.00170632	0.0250014	0.00135735	0.00348585	0.27432	0.00395924	0.341336	0.0836878	0.001885	0.00564479	0.00893552	0.00423988	0.00558342	0.0137868	0.191368	0.000264013	0.00557427
29	0.143186	0.00544141	0.00279963	0.00308262	0.0317441	0.00240954	0.0163549	0.274389	0.00590535	0.0274612	0.0525391	0.00316787	0.046143	0.00669205	0.0072109	0.0668861	0.0185536	0.283918	0.000892446	0.00122354
30	0.0241619	0.00134678	0.400794	0.123675	0.000941511	0.0224608	0.00837245	0.00178611	0.036638	0.00203703	0.00148185	0.248385	0.00100784	0.0519757	0.0104561	0.0252191	0.0248378	0.0132785	0.000508364	0.00063634
31	0.0331332	0.00187944	0.00474937	0.0125874	0.00100932	0.00130298	0.0069198	0.00404265	0.0095917	0.014624	0.00626006	0.00240873	0.846785	0.00669321	0.00417315	0.0160054	0.0181043	0.00826976	0.000480586	0.000980368
32	0.048353	0.0166413	0.011599	0.0164288	0.0352421	0.0098465	0.0125131	0.0944507	0.0152632	0.265859	0.213288	0.010012	0.0158116	0.0308266	0.0185331	0.0313805	0.0396893	0.0896983	0.00901197	0.0155528
33	0.0444542	0.00149721	0.0227495	0.0988198	0.00117544	0.00191345	0.00794394	0.017863	0.143742	0.026831	0.0226881	0.0118665	0.00101266	0.371845	0.112731	0.0310522	0.0742322	0.00609289	0.00062286	0.000867878
34	0.0512992	0.00384701	0.0405429	0.0657676	0.00512526	0.015156	0.0341995	0.0139876	0.296451	0.016623	0.013068	0.054671	0.0334635	0.0720177	0.176598	0.0341932	0.0435592	0.0220822	0.00153385	0.00581406
35	0.0165129	0.014028	0.00158093	0.0276371	0.0199389	0.001162	0.0183967	0.0476076	0.0231384	0.427563	0.161405	0.013584	0.00075862	0.0408187	0.0375561	0.00270251	0.0358102	0.0489327	0.034931	0.0259356
36	0.130327	0.0015422	0.039402	0.135118	0.00237721	0.00930815	0.0245217	0.0118288	0.208356	0.0301533	0.00755042	0.00973707	0.000527971	0.0689754	0.169447	0.0494306	0.0708691	0.0242859	0.00143835	0.00480406
37	0.00801541	0.00397699	0.00204546	0.00224661	0.546975	0.00176494	0.00284273	0.0359775	0.00153793	0.154958	0.0930706	0.00253351	0.00105582	0.0161678	0.00200843	0.00444613	0.00946853	0.0378352	0.00200864	0.0710651
38	0.00260405	0.00381927	0.00106398	0.00128988	0.392801	0.000806597	0.0446919	0.00421255	0.00090101	0.0350341	0.0057681	0.00319189	0.000559604	0.00220916	0.00104738	0.00215204	0.00471881	0.0146773	0.0620376	0.416414
39	0.09228	0.000376326	0.190531	0.206636	0.000254209	0.0179817	0.0236454	0.000499182	0.139316	0.000617645	0.000406492	0.0551673	0.000215376	0.129836	0.0753419	0.0380208	0.0278423	0.000738214	0.000108718	0.000184583
40	0.0339241	0.00670887	0.00521222	0.0505884	0.00746292	0.00419577	0.0673732	0.0347863	0.0514784	0.259697	0.224565	0.00887766	0.00223041	0.0557265	0.0113525	0.00930681	0.131927	0.0174392	0.00941674	0.00773041
41	0.0144909	0.00902394	0.00184968	0.00224295	0.023471	0.00162902	0.00362124	0.290607	0.00388475	0.325186	0.0812026	0.00177986	0.00596636	0.0098787	0.00399105	0.00601861	0.0148511	0.194682	0.000467237	0.0051565
42	0.00972787	0.0795293	0.00243815	0.00257073	0.001172	0.00170872	0.00267287	0.106641	0.00190819	0.147553	0.00406709	0.00277036	0.0015159	0.00241043	0.00223723	0.00518556	0.0204744	0.604214	0.000427353	0.000776634
43	0.09228	0.000376326	0.190531	0.206636	0.000254209	0.0179817	0.0236454	0.000499182	0.139316	0.000617645	0.000406492	0.0551673	0.000215376	0.129836	0.0753419	0.0380208	0.0278423	0.000738214	0.000108718	0.000184583
44	0.0370263	0.0181933	0.000628173	0.000771368	0.0325985	0.000399864	0.00149207	0.250889	0.000476357	0.239101	0.105491	0.000715798	0.000343915	0.00157621	0.00056679	0.00272501	0.0224266	0.27877	0.000148224	0.00566064
45	0.00892688	0.00119884	0.0122228	0.00202165	0.000466933	0.923301	0.00459873	0.00124192	0.00407065	0.00127018	0.0011404	0.02646	0.000516179	0.00261569	0.00226656	0.00348558	0.0019605	0.00177849	0.000237352	0.000219287
46	0.00788702	0.00594874	0.00131257	0.00130036	0.643677	0.000950855	0.0015559	0.0650846	0.000972667	0.0637629	0.0418894	0.00197807	0.000676817	0.00150933	0.00114155	0.0026289	0.0118979	0.067027	0.00141102	0.0773875
47	0.00626911	0.00164556	0.0171738	0.00285552	0.000987433	0.0015836	0.0596217	0.00219353	0.513054	0.00269967	0.00210427	0.0383453	0.0876764	0.0129505	0.202336	0.0129279	0.0307171	0.0034722	0.00044465	0.000942185
48	0.0335786	0.00232367	0.0793646	0.529526	0.00114109	0.00982164	0.0228779	0.00225193	0.0400388	0.00704562	0.00470067	0.0386664	0.00284469	0.166414	0.0237765	0.0163811	0.0129061	0.00473183	0.000488492	0.00111989
49	0.0300729	0.0140873	0.00530808	0.00591574	0.0177979	0.0055006	0.00554663	0.34484	0.00876153	0.12502	0.0377742	0.00766297	0.00729805	0.014122	0.0119168	0.0183708	0.044193	0.290384	0.000986633	0.00444128
50	0.0453771	0.00752723	0.114652	0.545802	0.00306488	0.00825005	0.0162913	0.00599439	0.0307142	0.00952349	0.00581994	0.0223613	0.0172469	0.0646873	0.0306375	0.0297237	0.0249553	0.0116113	0.00141623	0.0043446
51	0.120596	0.0219897	0.00148343	0.00164626	0.00106143	0.00123828	0.00190721	0.144824	0.0011	0.00480576	0.01252	0.00164738	0.00143141	0.0015719	0.00136236	0.00436277	0.00970009	0.665951	0.000300169	0.00050152
52	0.370697	0.0125451	0.00107714	0.0012575	0.00060987	0.529361	0.00152827	0.00137669	0.000788732	0.00131912	0.000952333	0.00157494	0.000652693	0.00140436	0.00113857	0.0686737	0.00231117	0.00179638	0.000308327	0.000627575
53	0.0022919	0.00429963	0.000907996	0.000951567	0.401731	0.000671478	0.0450932	0.0048683	0.000627726	0.030708	0.00384724	0.00359269	0.000468444	0.00110309	0.000698407	0.00175869	0.005434	0.0193043	0.0255813	0.446061
54	0.0361078	0.00236741	0.00422576	0.0115443	0.0010603	0.00137268	0.00673679	0.00282031	0.00933058	0.01091	0.00320473	0.00288539	0.856801	0.0065526	0.00449368	0.0161383	0.0160292	0.00664259	0.000339087	0.000436907
55	0.531478	0.00747448	0.000877748	0.00104287	0.000519792	0.00607712	0.00092938	0.00106007	0.000764782	0.00157097	0.000895094	0.00133296	0.00482588	0.00111336	0.000903158	0.432242	0.00465592	0.00151626	0.000235277	0.000485212
56	0.547703	0.00710887	0.000985152	0.00101497	0.000577254	0.00665473	0.00143377	0.00113773	0.000806095	0.0014756	0.00117333	0.00198731	0.0044297	0.00111576	0.00089182	0.411167	0.00721102	0.00232883	0.000234493	0.000563685
57	0.345103	0.01475	0.00224943	0.00198558	0.00148593	0.469752	0.00364977	0.00250346	0.00115928	0.00268614	0.00318632	0.00710593	0.00165203	0.00260686	0.00220986	0.124993	0.00609235	0.00488001	0.000358294	0.00159036
58	0.0925089	0.000377013	0.19134	0.206258	0.000254271	0.0180682	0.0235311	0.000516045	0.138761	0.000628989	0.000412995	0.0557698	0.000220948	0.129615	0.0750553	0.0378843	0.0277456	0.000757386	0.00011461	0.000179823
59	0.0272233	0.00471941	0.0137048	0.00299279	0.00917161	0.00210804	0.00344419	0.347884	0.00937382	0.0400983	0.0212083	0.0038911	0.0242415	0.00981823	0.011641	0.0370951	0.230353	0.187348	0.00116403	0.012519
60	0.0231249	0.00159819	0.551979	0.340692	0.000718247	0.00574634	0.00256206	0.0013909	0.00324881	0.00148119	0.0011582	0.00239005	0.0224461	0.0133491	0.00441181	0.00761399	0.0081013	0.00696669	0.000406033	0.000615262
61	0.00200399	0.00428066	0.00083705	0.000864257	0.400464	0.000616726	0.0455788	0.00226273	0.000659797	0.0303223	0.00199665	0.00345948	0.000435698	0.000965136	0.000746344	0.00169713	0.0050016	0.0174814	0.0240544	0.456271
62	0.0588042	0.00169767	0.432415	0.115202	0.00102052	0.0523224	0.00663399	0.00234592	0.0218265	0.0023886	0.00199363	0.178802	0.00143012	0.0770007	0.00935473	0.015734	0.0133641	0.00633643	0.000460629	0.000867175
63	0.0079721	0.00578929	0.00131503	0.00133198	0.643463	0.000970172	0.00139531	0.0669911	0.000980475	0.0634576	0.0434683	0.00192742	0.000680526	0.00152724	0.00110955	0.00262253	0.0123189	0.0673225	0.0010707	0.0742856
64	0.100442	0.0661408	0.00222397	0.0068973	0.00102611	0.00108913	0.00120256	0.191091	0.0011979	0.0982739	0.0457654	0.00640604	0.00148292	0.00178157	0.00126971	0.0140395	0.120896	0.337854	0.000247661	0.00067267
65	0.0358651	0.00642995	0.0141437	0.0424804	0.00372275	0.00566954	0.014929	0.0122514	0.0859461	0.016707	0.0157596	0.0255915	0.00355678	0.203422	0.403143	0.0555034	0.035738	0.0147853	0.00115796	0.00319747
66	0.0749023	0.011844	0.0500556	0.104035	0.0194273	0.0132639	0.0530702	0.0169957	0.0808378	0.0399724	0.0228491	0.0320961	0.000405892	0.0676663	0.067674	0.125336	0.126491	0.0384864	0.0212406	0.0333507
67	0.00694871	0.0022383	0.155249	0.00270972	0.00133417	0.272416	0.02626	0.00318829	0.131731	0.00279274	0.00213272	0.286601	0.00133531	0.0396677	0.0482369	0.00550598	0.00504419	0.00464058	0.00071835	0.00125068
68	0.0987148	0.00260779	0.0158343	0.0351342	0.014402	0.00213055	0.176822	0.0157895	0.0154808	0.308973	0.0284124	0.0171664	0.0140943	0.0152218	0.192829	0.00566678	0.0059278	0.0201907	0.000617575	0.0139833
69	0.00634032	0.00686877	0.000452581	0.000663168	0.00379255	0.000368815	0.00248465	0.418594	0.000654258	0.0262978	0.00543258	0.00415006	0.000270487	0.000719	0.00422639	0.00153203	0.0294433	0.487312	0.000158827	0.000238717
70	0.0253951	0.000766655	0.0023375	0.00210807	0.000577315	0.000731159	0.00181613	0.001957	0.00302065	0.0136797	0.00312037	0.00127432	0.906535	0.0026111	0.000979749	0.015363	0.0143125	0.00276121	0.000307465	0.000346385
71	0.0277274	0.00119847	0.684712	0.214819	0.000706088	0.0116433	0.00140216	0.00128435	0.000874454	0.00132249	0.00110063	0.00387499	0.0122287	0.0167975	0.00117034	0.00734749	0.00693478	0.00410183	0.000285589	0.000468681
72	0.0449418	0.0016202	0.45933	0.115241	0.00108471	0.0743038	0.00610185	0.00266861	0.0248922	0.00356995	0.00423903	0.144018	0.00133839	0.0702535	0.0110356	0.0154897	0.0123432	0.00609816	0.000473692	0.000955925
73	0.0668005	0.0296348	0.00832633	0.0124917	0.0100587	0.00735637	0.00935257	0.160014	0.00839911	0.0543926	0.0245295	0.0137137	0.00749227	0.0115866	0.0148166	0.0559627	0.155247	0.342385	0.00204843	0.00539137
74	0.0841052	0.00958108	0.0425991	0.068835	0.0289019	0.016366	0.0525671	0.0138572	0.0693255	0.0363703	0.0241379	0.0249136	0.00114671	0.0561064	0.0602548	0.12033	0.129566	0.0568411	0.037843	0.0663522
75	0.0151903	0.0164836	0.00246008	0.00253228	0.00320749	0.00184142	0.00599624	0.432867	0.00672539	0.199757	0.0138254	0.00256295	0.0389849	0.0109244	0.00876761	0.0114123	0.0148625	0.209248	0.00079459	0.00155743
76	0.0356855	0.00887951	0.013137	0.0809495	0.00654266	0.00726063	0.0159356	0.107909	0.017934	0.0211034	0.0596504	0.0134547	0.00855378	0.346935	0.0252116	0.125171	0.0283035	0.0704336	0.0025433	0.00440574
77	0.120981	0.0412581	0.0015303	0.002376	0.00173622	0.00233822	0.00252416	0.138781	0.00123811	0.0364855	0.0349615	0.00242857	0.00123635	0.00141417	0.00178243	0.0111687	0.0273702	0.567217	0.00027988	0.00289273
78	0.00655221	0.00636719	0.000845308	0.000930454	0.0244517	0.000571659	0.00155676	0.141693	0.00281422	0.51538	0.192919	0.000973654	0.0028359	0.012837	0.00183288	0.00218916	0.00489198	0.0733604	0.000344826	0.00665326
79	0.066247	0.0324954	0.00485682	0.00541247	0.00291955	0.00462605	0.00530004	0.0247475	0.00341276	0.00918128	0.00589254	0.00595786	0.00288125	0.00529668	0.0049899	0.140045	0.263834	0.407442	0.00101848	0.00344359
80	0.0765425	0.00637834	0.0169252	0.049113	0.00254772	0.00556868	0.00773889	0.00852286	0.041681	0.0101345	0.00447887	0.00951717	0.489208	0.150168	0.0201075	0.0319915	0.037283	0.0287378	0.00112559	0.00222962
81	0.279367	0.144953	0.00650882	0.0041213	0.00184146	0.01178	0.0112134	0.00825059	0.00292661	0.0229216	0.00395532	0.0162089	0.00306712	0.00459861	0.00401878	0.440992	0.0214484	0.00851602	0.0011589	0.00215207
82	0.041895	0.0103201	0.018881	0.039778	0.00506838	0.00764845	0.0207526	0.0150675	0.140686	0.0203734	0.0145641	0.042545	0.00889089	0.0583538	0.457586	0.0316703	0.0396884	0.0213937	0.00116674	0.00367083
83	0.0587861	0.00158942	0.105344	0.524529	0.00923981	0.00158768	0.0243811	0.0020599	0.0179694	0.0022226	0.00167106	0.00244675	0.154374	0.0376259	0.00232928	0.0249814	0.0127144	0.00750939	0.000403613	0.00823513
84	0.0404686	0.00208945	0.197164	0.368282	0.00347352	0.00256606	0.208061	0.00297272	0.00570891	0.00338855	0.00266868	0.00330545	0.108651	0.0220031	0.00258422	0.01064	0.00775831	0.00464216	0.000639679	0.00293149
85	0.0103739	0.00549206	0.00315863	0.00283552	0.441268	0.00264025	0.0114062	0.0444541	0.00235562	0.186783	0.0725512	0.00376212	0.00153628	0.0263801	0.00264339	0.00643186	0.00999649	0.0444677	0.00870859	0.112755
86	0.0208812	0.0112714	0.000603379	0.000605053	0.0396331	0.000374708	0.00234649	0.301181	0.00160053	0.256769	0.0652708	0.000706203	0.0022095	0.00375092	0.00227704	0.00353548	0.0173264	0.262716	0.00015324	0.00678908
87	0.177264	0.00156464	0.0621964	0.183937	0.00152323	0.00743949	0.0200861	0.00663218	0.118229	0.0265226	0.00265243	0.00361867	0.00101326	0.0238586	0.20506	0.0451716	0.0843414	0.0173571	0.00047387	0.0110591
88	0.0416881	0.000986702	0.00974648	0.0361893	0.000989525	0.00157239	0.0223352	0.00459595	0.293442	0.00807059	0.00621276	0.0704283	0.000974321	0.0622921	0.361008	0.0258084	0.0408764	0.0120297	0.0002852	0.000468404
89	0.0413158	0.0260974	0.00289497	0.00323035	0.00138651	0.00300462	0.0030427	0.0218088	0.00198948	0.00293292	0.00635593	0.0281483	0.00188812	0.00356372	0.00316403	0.41454	0.409505	0.0231804	0.000844985	0.00110519
90	0.00845656	0.00567464	0.00132567	0.00139621	0.634451	0.00103483	0.00135587	0.0705684	0.00101	0.0645348	0.0485766	0.00194543	0.000681346	0.00154944	0.00115648	0.00282176	0.0124776	0.0695253	0.000374011	0.0710838
91	0.0407456	0.0050116	0.0950545	0.723921	0.000535075	0.000835674	0.00191016	0.00102052	0.022199	0.00121806	0.000820334	0.00503929	0.00395494	0.0466472	0.0268324	0.0150973	0.00226198	0.00615459	0.000254889	0.000485331
92	0.52936	0.00767452	0.000889777	0.00103904	0.000523336	0.00635652	0.00102072	0.00110085	0.000768393	0.00160872	0.000929224	0.00142846	0.00480299	0.00110919	0.000906099	0.433489	0.00472797	0.00151443	0.000238135	0.000512129
93	0.0199057	0.00985045	0.000511564	0.000561567	0.0324776	0.000435123	0.00166128	0.285972	0.00158047	0.297103	0.0455551	0.00063836	0.00288027	0.00174754	0.00243734	0.00196078	0.0123421	0.276668	0.000138321	0.00557276
94	0.0772712	0.000721119	0.0190705	0.0912991	0.00102016	0.00178346	0.0439975	0.00883999	0.351187	0.0119428	0.00443814	0.00877955	0.000450624	0.0996177	0.174205	0.0323659	0.0374455	0.0349822	0.000259885	0.000322508
95	0.0071217	0.000606959	0.0094301	0.000653882	0.000350106	0.950299	0.00354453	0.000715792	0.000510954	0.000809736	0.000576024	0.0181261	0.000403117	0.000782489	0.000631319	0.00277409	0.0012333	0.00107502	0.00013178	0.00022421
96	0.251005	0.10239	0.00178817	0.00207421	0.00969488	0.0303112	0.0135491	0.0408738	0.00142357	0.0461091	0.0191835	0.00210828	0.00113238	0.00200077	0.0076786	0.0751519	0.0298125	0.332478	0.000504518	0.0307304
97	0.00526339	0.00167838	0.0175012	0.00210987	0.000980474	0.00159725	0.0619467	0.00220746	0.520045	0.00242478	0.00186155	0.0369061	0.0923369	0.0111267	0.194124	0.0127576	0.0304213	0.00332206	0.000442488	0.000947287
98	0.0260207	0.000654713	0.00421897	0.00970924	0.000495304	0.00066945	0.0235278	0.000891978	0.294471	0.000972708	0.00084876	0.126666	0.000565284	0.0627111	0.372887	0.0303803	0.0421929	0.00153778	0.00022681	0.000351973
99	0.0161748	0.00880723	0.000425326	0.000377353	0.0461546	0.000292642	0.00177743	0.299851	0.000266622	0.257516	0.0572447	0.000558507	0.000911122	0.00179826	0.000490159	0.00190686	0.0143452	0.283604	0.000116176	0.0073817
100	0.0445089	0.0193924	0.0497522	0.0420472	0.0148546	0.0160065	0.403566	0.0136762	0.0259861	0.0216686	0.0118285	0.0754854	0.0579433	0.0440728	0.0259389	0.05367	0.0276676	0.0219687	0.00867197	0.0212938
101	0.0183129	0.0101581	0.00039189	0.000363208	0.0592692	0.000294872	0.00203245	0.276252	0.000295692	0.27856	0.0675454	0.000362907	0.000236976	0.00243909	0.000307546	0.0022497	0.0155658	0.255587	8.76536e-05	0.00968819
102	0.0109	0.00574749	0.00654499	0.0070783	0.326868	0.00424268	0.0478453	0.0111578	0.0028911	0.0345364	0.00870595	0.00605372	0.00176574	0.00569773	0.00561748	0.00812909	0.0109289	0.0256217	0.0523573	0.417311
103	0.0603264	0.023215	0.0142726	0.0165568	0.00763051	0.00973377	0.0137811	0.0482603	0.0131813	0.0878534	0.0276958	0.196932	0.0106207	0.0212098	0.013358	0.042732	0.260633	0.122346	0.00345472	0.00620559
104	0.564611	0.00427658	0.00386684	0.00329704	0.00169799	0.00817114	0.00377053	0.0133093	0.00287015	0.00492931	0.00457498	0.00371654	0.137292	0.00363123	0.00339589	0.19212	0.0178221	0.0241411	0.000887297	0.00161787
105	0.0978494	0.0710396	0.00302486	0.00686042	0.0031853	0.00181063	0.00215379	0.171501	0.00329847	0.0959185	0.0419768	0.0120039	0.0024361	0.00513341	0.00327138	0.0317687	0.130796	0.313438	0.000497859	0.00203558
106	0.138187	0.0800152	0.00284903	0.00255408	0.00107227	0.0329612	0.0146931	0.00297448	0.00170578	0.00789947	0.00227336	0.0568478	0.00167692	0.00303208	0.0025045	0.635143	0.00803581	0.00357412	0.000571287	0.00142955
107	0.0672863	0.00892842	0.0226067	0.0857562	0.000922386	0.00484128	0.00569981	0.0179724	0.0693904	0.00594469	0.00165988	0.00729517	0.475163	0.0416612	0.0271264	0.0366531	0.0548899	0.0650959	0.000374227	0.000732433
108	0.133742	0.0388085	0.0197537	0.0214449	0.00268303	0.00292372	0.00383403	0.0603806	0.00382099	0.128773	0.0842735	0.0266163	0.0185035	0.00557738	0.00441761	0.0656266	0.143734	0.232846	0.000858154	0.00138206
109	0.0225113	0.00680423	0.00918851	0.00919364	0.200697	0.00685351	0.0697271	0.0145572	0.0073472	0.0325392	0.0650508	0.0099258	0.00548246	0.0907526	0.00770117	0.020325	0.01819	0.0154753	0.245501	0.142177
110	0.0414655	0.00555304	0.0275847	0.0539308	0.00463031	0.00636731	0.0185703	0.00864771	0.141088	0.0157905	0.0124822	0.0471321	0.00399597	0.141423	0.384532	0.0326877	0.03774	0.0126762	0.00160062	0.00210236
111	0.09228	0.000376326	0.190531	0.206636	0.000254209	0.0179817	0.0236454	0.000499182	0.139316	0.000617645	0.000406492	0.0551673	0.000215376	0.129836	0.0753419	0.0380208	0.0278423	0.000738214	0.000108718	0.000184583
112	0.0136871	0.00248334	0.00221676	0.012506	0.0134067	0.00111174	0.00795936	0.215504	0.025314	0.047148	0.00710886	0.00188462	0.00344545	0.0272181	0.0205326	0.0110037	0.0874593	0.484497	0.00681313	0.00869995
113	0.0104547	0.00751792	0.000686166	0.00165149	0.00474043	0.000409345	0.00295954	0.389003	0.00242121	0.0332724	0.00771302	0.00375452	0.00114106	0.00265943	0.0054741	0.00296629	0.0382501	0.48335	0.000501092	0.00107435
114	0.09228	0.000376326	0.190531	0.206636	0.000254209	0.0179817	0.0236454	0.000499182	0.139316	0.000617645	0.000406492	0.0551673	0.000215376	0.129836	0.0753419	0.0380208	0.0278423	0.000738214	0.000108718	0.000184583
115	0.00265042	0.00520273	0.00082213	0.000858827	0.00738177	0.00062192	0.0017018	0.132307	0.00420068	0.574602	0.200957	0.00100848	0.00303004	0.0168822	0.00130669	0.00155929	0.00220534	0.0370291	0.000220887	0.00545228
116	0.566028	0.0216527	0.00345994	0.00502091	0.00653234	0.0976628	0.00458409	0.0347565	0.00255553	0.0148973	0.00506959	0.00348207	0.00271541	0.00468091	0.00438825	0.0503155	0.0331685	0.13503	0.000663038	0.00333654
117	0.0124099	0.00224508	0.00157126	0.0165911	0.0139999	0.00134295	0.0101455	0.173082	0.0204375	0.0498235	0.00226009	0.00235372	0.00104739	0.0222626	0.0154648	0.0115471	0.0980772	0.532655	0.00568504	0.00699795
118	0.09228	0.000376326	0.190531	0.206636	0.000254209	0.0179817	0.0236454	0.000499182	0.139316	0.000617645	0.000406492	0.0551673	0.000215376	0.129836	0.0753419	0.0380208	0.0278423	0.000738214	0.000108718	0.000184583
119	0.408977	0.0280591	0.00652374	0.00166345	0.000796631	0.0809576	0.0356183	0.00779298	0.00142592	0.00381903	0.00551604	0.0368981	0.00296678	0.00208706	0.00357575	0.307503	0.0538789	0.00461187	0.000408274	0.00692
120	0.531751	0.00982384	0.0023722	0.00267816	0.00547254	0.0694207	0.00266756	0.0210967	0.00155696	0.00767069	0.00230368	0.00287613	0.0014658	0.00284329	0.00237692	0.0539404	0.102645	0.174728	0.000591604	0.00171853
121	0.0645201	0.000615843	0.021938	0.0846307	0.00203459	0.00171537	0.0245351	0.0114305	0.327808	0.0263705	0.0149925	0.0175004	0.000398896	0.112578	0.200066	0.0290094	0.0366009	0.0227525	0.000181926	0.000320695
122	0.0165156	0.0142683	0.00157402	0.0278189	0.0197775	0.00116086	0.0186979	0.047751	0.0229527	0.428214	0.16128	0.0133133	0.000752448	0.0408695	0.0364983	0.00267928	0.0359651	0.0485191	0.0353014	0.0260904
123	0.0189364	0.0103623	0.000393957	0.000374866	0.0571324	0.000291609	0.00200671	0.277758	0.000286679	0.274688	0.068445	0.000368132	0.000247483	0.00225105	0.000334689	0.00221776	0.0152675	0.259182	9.42017e-05	0.00936175
124	0.0727007	0.00180282	0.0117877	0.033609	0.00282726	0.00187125	0.00852495	0.0172608	0.30958	0.0305682	0.0523681	0.0371567	0.00138924	0.0665381	0.250767	0.0148735	0.0343976	0.0503913	0.000517526	0.00106803
125	0.00231863	0.00388824	0.000916268	0.00110767	0.406812	0.000727715	0.0432933	0.00232361	0.000678391	0.0427595	0.00514772	0.00318585	0.000470307	0.00121065	0.000792771	0.00177195	0.00471761	0.0153729	0.0285974	0.433908
126	0.0186318	0.00307733	0.0398265	0.717034	0.00137032	0.00261579	0.00920707	0.00210231	0.0119187	0.00502861	0.00299913	0.00801431	0.00246128	0.143789	0.0109514	0.00933277	0.00547259	0.00481226	0.000505616	0.000849764
127	0.00224429	0.00421993	0.000901426	0.000925677	0.405438	0.000665721	0.0439637	0.00603843	0.000646346	0.0322853	0.0052717	0.00349593	0.00051752	0.00109759	0.000737138	0.00175212	0.00551387	0.0202335	0.0232188	0.440833
128	0.227439	0.0344861	0.0269707	0.0202416	0.00531726	0.032343	0.0201288	0.0205743	0.0153588	0.0127266	0.0114903	0.0363273	0.0129337	0.0180371	0.0172872	0.363373	0.0824141	0.0344584	0.00227551	0.0058167
129	0.0272824	0.00176113	0.00508965	0.00816114	0.00144846	0.00182749	0.0108266	0.00698989	0.00579813	0.0135387	0.00450337	0.00250198	0.861722	0.00495399	0.00333576	0.0155604	0.0161648	0.00757252	0.000435076	0.000526131
130	0.0455885	0.00774947	0.122799	0.513518	0.00373649	0.014408	0.0179469	0.00628663	0.037954	0.00907637	0.00675692	0.0219111	0.0183287	0.0764334	0.034154	0.0237089	0.0224237	0.0125501	0.00117519	0.00349495
131	0.109558	0.127336	0.00423458	0.00490863	0.00284026	0.00338022	0.00414366	0.056963	0.00339687	0.0149444	0.0300039	0.011965	0.00272469	0.00482521	0.00388663	0.153837	0.378289	0.0802306	0.000706249	0.00182669
132	0.00233877	0.0039913	0.000905576	0.00112241	0.413362	0.000674658	0.0437964	0.00278814	0.000666503	0.0359809	0.00396561	0.0031501	0.000471606	0.00136323	0.000874058	0.00183467	0.00468414	0.0156137	0.0349557	0.427461
133	0.0264087	0.0454708	0.00298237	0.00305667	0.00140312	0.00251933	0.00312495	0.0264691	0.00269546	0.00349117	0.00392516	0.0477488	0.00186763	0.00365241	0.00290585	0.475774	0.316573	0.0276783	0.000951203	0.00130206
134	0.14574	0.00519443	0.0921208	0.0435646	0.0394202	0.171637	0.0325739	0.00714382	0.0144277	0.0302526	0.0775569	0.0362158	0.00418806	0.0864732	0.0130247	0.101996	0.0762569	0.0136673	0.00390626	0.00463924
135	0.264061	0.0361709	0.00507338	0.00367719	0.00109521	0.010336	0.00514649	0.0113273	0.00158895	0.00305673	0.00937203	0.0183283	0.00132272	0.00302919	0.00265977	0.191543	0.404947	0.0256233	0.000512533	0.00112876
136	0.0395592	0.00389138	0.107802	0.659788	0.00138757	0.00403516	0.00576077	0.00204888	0.0181427	0.00250746	0.00142608	0.0132756	0.0234061	0.0398221	0.0284045	0.0289128	0.00874719	0.00862709	0.000368788	0.00208724
137	0.0117328	0.00412575	0.00485632	0.00521977	0.0022237	0.0220031	0.00476871	0.113108	0.00361127	0.181679	0.109636	0.00541084	0.229851	0.00551302	0.0262391	0.0292867	0.149205	0.0885847	0.00108936	0.00185542
138	0.0199386	0.00122201	0.574912	0.319753	0.000875879	0.00436784	0.00230439	0.00163741	0.00117809	0.00178855	0.0015062	0.00209194	0.033948	0.00633337	0.00168187	0.00563304	0.0106985	0.0092302	0.000364577	0.000534253
139	0.00260071	0.00435254	0.000937296	0.000884004	0.423882	0.000637171	0.0408714	0.00858277	0.000647619	0.030249	0.00577207	0.00433778	0.000442439	0.000949807	0.000721898	0.00179776	0.00564665	0.0252318	0.0196044	0.42185
140	0.2489	0.0155066	0.00773155	0.00785775	0.00501332	0.0156862	0.00817399	0.0179219	0.00555702	0.00929929	0.00696436	0.00819213	0.00569367	0.00809449	0.00657059	0.297292	0.0530974	0.266477	0.0021534	0.00381737
141	0.0669085	0.0038404	0.00307443	0.00288621	0.00196793	0.00226905	0.00346142	0.152622	0.0182087	0.404188	0.00580608	0.00333316	0.00270918	0.00342321	0.0286294	0.00546347	0.0109962	0.278025	0.000728389	0.0014597
142	0.0391892	0.00464473	0.0916493	0.727866	0.000516841	0.000874509	0.00195967	0.000967331	0.0220652	0.00125706	0.00087535	0.00527975	0.00387895	0.0461107	0.028378	0.015796	0.00217819	0.00575547	0.000250773	0.000507356
143	0.00443817	0.00531746	0.000435253	0.000429735	0.00351462	0.000289932	0.00196044	0.431359	0.00035281	0.025264	0.0048885	0.00353289	0.00025452	0.000440942	0.00332385	0.00087916	0.0252637	0.487775	9.90796e-05	0.000181102
144	0.122713	0.138296	0.00472069	0.00421826	0.011167	0.00923116	0.0116117	0.0851861	0.00287953	0.0374406	0.0197222	0.00485001	0.00368838	0.00482618	0.00674277	0.128278	0.0467346	0.338482	0.000853394	0.0183594
145	0.0378982	0.00314972	0.192904	0.16865	0.00210309	0.0295419	0.037747	0.00410844	0.0188323	0.00480935	0.00365668	0.316089	0.00187851	0.0623848	0.0234566	0.0310356	0.0496056	0.0094169	0.00106193	0.00167091
146	0.218274	0.00161294	0.0883517	0.160384	0.00209264	0.025323	0.0226578	0.00630184	0.113848	0.011486	0.00495506	0.027825	0.00407759	0.0786859	0.0994309	0.062822	0.0527107	0.0142336	0.00144618	0.00348184
147	0.116597	0.0443567	0.00184678	0.00433859	0.00639626	0.00389874	0.00428633	0.170989	0.00254252	0.111148	0.0493919	0.00337231	0.00220418	0.0023036	0.00400002	0.0198594	0.0484753	0.398542	0.00034334	0.00510737
148	0.0864194	0.0592661	0.0044237	0.00526189	0.019715	0.00282864	0.00414629	0.169869	0.0437063	0.13698	0.0522679	0.0437218	0.00277514	0.054446	0.0215159	0.0528912	0.139919	0.0966715	0.00110344	0.00207199
149	0.0683712	0.00459767	0.018773	0.0812202	0.000815672	0.00517155	0.00578599	0.00815448	0.0693853	0.00566961	0.00155623	0.00744246	0.524497	0.0509401	0.0313165	0.0350752	0.0420107	0.0384605	0.000285311	0.000470917
150	0.0944581	0.0467157	0.00169724	0.00389839	0.00182279	0.000745027	0.00128389	0.206986	0.000998993	0.138968	0.126354	0.00339805	0.00122531	0.00129474	0.00111102	0.00843759	0.0580563	0.301665	0.00024032	0.000642824
151	0.00583794	0.00592022	0.000523486	0.000951604	0.0042129	0.000395488	0.00262481	0.415093	0.00140054	0.0301905	0.00570004	0.00362283	0.00059289	0.00172081	0.00457097	0.00190006	0.0312568	0.482724	0.000329207	0.000432133
152	0.0181788	0.0100755	0.000408562	0.00037142	0.0588594	0.00029589	0.0021292	0.278082	0.000293795	0.278791	0.0667421	0.000369578	0.000337669	0.00246629	0.000319048	0.00225563	0.0152952	0.255008	9.69492e-05	0.00962422
153	0.0601633	0.0120017	0.0906029	0.0408368	0.00534592	0.0438354	0.0835245	0.0133983	0.0541507	0.0141375	0.0100733	0.285581	0.0151401	0.0422864	0.0518963	0.0747918	0.071592	0.022	0.00218522	0.00645739
154	0.0284264	0.0137108	0.00391857	0.00883328	0.0321926	0.00541137	0.00768738	0.128918	0.00739437	0.416839	0.152181	0.00889429	0.00512149	0.0172864	0.0106089	0.0157831	0.0204134	0.100789	0.00442035	0.0111702
155	0.0300482	0.00243699	0.00321441	0.00842397	0.000801644	0.00167426	0.00451192	0.002764	0.0063756	0.012049	0.00360269	0.0022059	0.87252	0.00638435	0.00373185	0.0151141	0.0172103	0.00628571	0.000169865	0.000474831
156	0.434698	0.0313201	0.00533172	0.00103772	0.000514381	0.0284576	0.0122361	0.00379532	0.000816519	0.00214991	0.00656777	0.0175304	0.00139336	0.00118672	0.00159987	0.280836	0.150833	0.0165539	0.000365268	0.00277674
157	0.0868001	0.032837	0.0196971	0.0325889	0.0083025	0.0132978	0.0146334	0.0443644	0.0224272	0.0218327	0.0214567	0.0465887	0.0206045	0.0253809	0.0258568	0.107507	0.378722	0.0673675	0.00419356	0.00554082
158	0.032314	0.0157607	0.00194904	0.00224828	0.0131026	0.00136596	0.00393527	0.327328	0.00457316	0.0792954	0.0253688	0.00401195	0.00393023	0.00469067	0.00603101	0.0104648	0.037415	0.422564	0.000712871	0.00293871
159	0.0453269	0.0065941	0.101944	0.541064	0.00315535	0.00973092	0.0266914	0.00666471	0.0302363	0.0114131	0.00629466	0.0172981	0.0250158	0.0668619	0.0294688	0.0271334	0.0229903	0.0164412	0.00171984	0.00395503
160	0.155787	0.133157	0.0024521	0.00274602	0.00960849	0.0184673	0.0199764	0.0334844	0.00177981	0.052076	0.0562514	0.002996	0.00151286	0.00299761	0.0134079	0.0789428	0.03147	0.348732	0.000677284	0.0334772
161	0.391784	0.0268489	0.00732769	0.00135536	0.000671576	0.0607206	0.0222665	0.00852574	0.00102324	0.00375869	0.00603295	0.0366006	0.00331245	0.00141651	0.00363848	0.359929	0.0521893	0.00367224	0.000347154	0.00857864
162	0.0118891	0.00449799	0.00421637	0.0256421	0.00290455	0.00389358	0.00536265	0.00485014	0.00415702	0.00549472	0.149321	0.00538994	0.0236018	0.025463	0.0257871	0.136427	0.549338	0.0081698	0.00140554	0.00218804
163	0.0901013	0.0014937	0.00338468	0.00413542	0.000636605	0.00149919	0.00152735	0.00311598	0.00399922	0.0108556	0.0030002	0.00221643	0.82205	0.00474188	0.00186735	0.0226355	0.0157727	0.00610501	0.000295659	0.00056665
164	0.0715851	0.0184743	0.058848	0.0414441	0.00458473	0.0162748	0.0260191	0.0173581	0.0217587	0.0125424	0.0110423	0.152252	0.00648555	0.0236818	0.0231656	0.223886	0.234834	0.0285786	0.00284693	0.00433826
165	0.00500833	0.00546716	0.000474027	0.00119233	0.00462848	0.000372968	0.00349721	0.403511	0.0013532	0.0258121	0.00548282	0.00435121	0.000281971	0.0014992	0.00548155	0.0014227	0.0334728	0.495749	0.000445504	0.000496375
166	0.00196143	0.00435912	0.000834609	0.000893801	0.386407	0.000625745	0.0473444	0.0019254	0.000660881	0.0297344	0.00195722	0.00367789	0.000481512	0.000955642	0.000723753	0.0017325	0.00506223	0.0177821	0.0232278	0.469653
167	0.465528	0.0189731	0.0156916	0.0171733	0.00444789	0.0808314	0.0153568	0.0174586	0.0120397	0.0123735	0.00964087	0.0135736	0.0211288	0.0125949	0.0105525	0.16994	0.0501423	0.0475403	0.00139025	0.0036226
168	0.047951	0.00939863	0.45184	0.164853	0.00376386	0.0250262	0.0284281	0.00556157	0.0266671	0.00756569	0.00557497	0.0662068	0.016405	0.0343171	0.0173807	0.0425413	0.0233254	0.0139303	0.00484744	0.00441674
169	0.052831	0.00289938	0.0198144	0.0807396	0.00286221	0.0029551	0.0122354	0.0164613	0.119793	0.0500796	0.0335485	0.0161622	0.00180795	0.32442	0.151675	0.0480874	0.0474206	0.0125631	0.00133953	0.00230434
170	0.00501243	0.00529634	0.000508105	0.000450563	0.00397606	0.000294687	0.00219001	0.4267	0.000689583	0.0265606	0.00587619	0.00361108	0.000457765	0.000810803	0.00401738	0.00113956	0.0268362	0.485169	0.000145346	0.000257983
171	0.0434134	0.00854818	0.106866	0.551398	0.00314497	0.00805305	0.0187143	0.00616297	0.0325146	0.00815166	0.005672	0.0158209	0.0246629	0.0720327	0.0276736	0.0248019	0.0245204	0.0137763	0.0012236	0.00284907
172	0.00689244	0.00337226	0.00309597	0.0028706	0.196048	0.00181518	0.0606031	0.0142391	0.00190805	0.0156037	0.0205658	0.0039334	0.00134971	0.00959521	0.00267426	0.00563861	0.00634493	0.010065	0.23973	0.393654
173	0.00846285	0.00567592	0.00133614	0.00139535	0.634647	0.00102995	0.00135508	0.0705635	0.00100942	0.064424	0.0484877	0.00194875	0.000681346	0.00153772	0.00115688	0.00282194	0.0124839	0.0695054	0.000374011	0.071103
174	0.0978315	0.326366	0.0392426	0.00398608	0.00252225	0.0481421	0.116318	0.0725045	0.00310519	0.0208729	0.00311282	0.020852	0.00188981	0.00424071	0.00332852	0.219062	0.00716981	0.00697112	0.000909763	0.00157267
175	0.0261134	0.00082974	0.011135	0.0196692	0.000594784	0.00125711	0.021182	0.00103659	0.257074	0.00112643	0.00100708	0.122116	0.000614923	0.0566223	0.362971	0.0352354	0.0788466	0.0018049	0.000264105	0.000499425
176	0.0145774	0.00175541	0.00221267	0.00301395	0.00119297	0.00149623	0.327573	0.00240414	0.0207295	0.00247725	0.00235724	0.467617	0.00100259	0.0317384	0.0310332	0.0604335	0.0137675	0.00354124	0.000552662	0.0105238
177	0.0182422	0.0100224	0.000394548	0.000363898	0.058709	0.000294593	0.00207674	0.278486	0.000286139	0.277871	0.0671836	0.000373767	0.000244952	0.00239267	0.000320872	0.00224285	0.0152355	0.255701	0.000100702	0.00945739
178	0.0316526	0.0176397	0.00161779	0.00133825	0.00489964	0.000683435	0.0073533	0.440997	0.0216657	0.0773348	0.0231634	0.00161838	0.0103078	0.0180106	0.0311433	0.0363642	0.0403241	0.232353	0.000395515	0.0011372
179	0.00779291	0.00650048	0.000546527	0.000642742	0.0123267	0.000397434	0.00193278	0.395329	0.000549472	0.143199	0.0187338	0.00217299	0.00372517	0.00137431	0.00231906	0.00137868	0.0169851	0.382145	0.000161837	0.00178764
180	0.157469	0.124302	0.0115179	0.00696683	0.0055803	0.0324251	0.0201744	0.0220968	0.00522704	0.019494	0.0117706	0.033616	0.00381124	0.00788034	0.00958641	0.400369	0.0748804	0.0462875	0.00207431	0.0044705
181	0.0453645	0.0238778	0.00117761	0.00222047	0.0171559	0.000721467	0.00176585	0.182715	0.00304074	0.254141	0.0499367	0.0019137	0.000632695	0.00184224	0.00449293	0.00426103	0.042771	0.358083	0.00033885	0.00354757
182	0.0528575	0.0175438	0.0510293	0.0366302	0.0169338	0.0245623	0.380804	0.0193703	0.0301116	0.0189445	0.0106726	0.0688613	0.0535429	0.0409534	0.0323517	0.0539553	0.0327958	0.027618	0.0100068	0.0204554
183	0.113386	0.122546	0.00595436	0.00677555	0.00291498	0.00446411	0.00585596	0.00593835	0.00463252	0.00744763	0.0050325	0.0780259	0.292468	0.00653717	0.00475845	0.0116297	0.308264	0.00951963	0.00159487	0.00225453
184	0.0507622	0.0181279	0.0605359	0.0346562	0.020995	0.018231	0.390692	0.0156055	0.0216691	0.0232161	0.012492	0.0840847	0.0492702	0.0315561	0.0244525	0.0561358	0.0277673	0.0226607	0.0103999	0.0266898
185	0.0428703	0.00490982	0.342816	0.0835513	0.00239379	0.0434604	0.0257554	0.00495585	0.037813	0.00496672	0.00567397	0.212678	0.00375564	0.0420455	0.0195395	0.0657575	0.0367615	0.0122365	0.00446078	0.00359805
186	0.0433379	0.0122081	0.493099	0.164661	0.00252439	0.0236481	0.0216937	0.00634905	0.0245555	0.00690414	0.00528984	0.0646339	0.0106389	0.0345861	0.0156179	0.0372883	0.0196646	0.00999459	0.00129123	0.00201388
187	0.0406833	0.0161743	0.0177036	0.0446819	0.00661922	0.00766098	0.024794	0.012357	0.132673	0.0245612	0.0145071	0.0429793	0.0108044	0.0515169	0.452995	0.0366896	0.0373395	0.0176869	0.00274156	0.00483126
188	0.0107475	0.00112955	0.0234474	0.00621436	0.00107597	0.89525	0.00527099	0.00101489	0.00472343	0.00178177	0.00229071	0.0254163	0.00135537	0.0055754	0.00259518	0.00592352	0.00358109	0.00210713	0.000232716	0.000267127
