259	20
1	0.105579	0.00271486	0.048607	0.0301197	0.00683417	0.0577521	0.0210704	0.0224889	0.00605249	0.0398992	0.0471824	0.118471	0.0279192	0.132648	0.0578808	0.213456	0.0300577	0.00684742	0.00709863	0.0173217
2	0.0174916	0.00429164	0.00117928	0.00164512	0.0697632	0.00145472	0.0105797	0.152646	0.00164391	0.505003	0.157671	0.00548116	0.00113074	0.00835384	0.00144221	0.0164466	0.0126697	0.0299688	0.000237474	0.000901268
3	0.110471	0.00648981	0.0115365	0.0937268	0.0304475	0.0151347	0.117946	0.0119571	0.0165945	0.116733	0.100888	0.0506754	0.00694053	0.121266	0.0767817	0.0659554	0.0189796	0.0151786	0.00590261	0.0063948
4	0.0890348	0.00318753	0.0417204	0.0331615	0.00681862	0.0703867	0.0179129	0.0263269	0.00647664	0.042783	0.0472821	0.117248	0.0305797	0.12904	0.0646398	0.218041	0.0263134	0.00730071	0.00668688	0.0150597
5	0.0174916	0.00429164	0.00117928	0.00164512	0.0697632	0.00145472	0.0105797	0.152646	0.00164391	0.505003	0.157671	0.00548116	0.00113074	0.00835384	0.00144221	0.0164466	0.0126697	0.0299688	0.000237474	0.000901268
6	0.0616358	0.00121495	0.240215	0.306958	0.00369232	0.0266801	0.00949407	0.0143907	0.0123955	0.0093676	0.0140182	0.0761538	0.0111303	0.0426707	0.0142098	0.0983272	0.032142	0.0184587	0.000280789	0.00656417
7	0.175471	0.0147677	0.00269181	0.0228917	0.00684726	0.0575871	0.0033261	0.0424097	0.0177542	0.036546	0.0816191	0.0297795	0.00195078	0.0453435	0.021876	0.157637	0.181781	0.0811206	0.000646258	0.0179535
8	0.0728535	0.00237743	0.0767514	0.0448051	0.00100123	0.0286451	0.0687318	0.00363455	0.0875692	0.00542961	0.0172572	0.070565	0.318441	0.0323913	0.0283296	0.0773259	0.0501644	0.0115614	0.000771495	0.00139357
9	0.0850345	0.00709017	0.00434827	0.00944845	0.0053957	0.0065425	0.0327003	0.0880623	0.0109337	0.231316	0.0890694	0.0230768	0.00469196	0.123457	0.0405144	0.015755	0.099802	0.119263	0.00088049	0.00261699
10	0.244091	0.00523732	0.0525087	0.0316681	0.0026142	0.0106054	0.0200869	0.0261566	0.0176142	0.0314248	0.0249938	0.0366275	0.313916	0.0167299	0.00971853	0.0860457	0.0149941	0.0426543	0.00228779	0.0100251
11	0.056336	0.00705919	0.160461	0.279136	0.00924351	0.0229863	0.0162883	0.0184694	0.0598501	0.0268136	0.0166457	0.0526294	0.023035	0.0680354	0.0287092	0.0757168	0.0403621	0.0235628	0.00266775	0.0119919
12	0.0270247	0.0449013	0.00913185	0.013881	0.00450659	0.0405793	0.00895087	0.0448881	0.0800648	0.0227175	0.0802934	0.0182068	0.0115047	0.10007	0.0126818	0.0300794	0.39941	0.0434468	0.00241039	0.00525004
13	0.016606	0.0224875	0.000986772	0.00679387	0.00418544	0.00112873	0.000978465	0.331669	0.0011886	0.0402109	0.0135257	0.00320361	0.00646609	0.0113071	0.00186729	0.00796806	0.0374062	0.478929	0.000244079	0.0128476
14	0.0290156	0.00641687	0.0379526	0.00537695	0.0022777	0.0128489	0.266076	0.0146655	0.0784846	0.0183722	0.00520331	0.138088	0.00318071	0.125351	0.0486345	0.0558995	0.0670346	0.00726941	0.00243134	0.0754209
15	0.0184479	0.0218084	0.000991026	0.00687133	0.00503216	0.00115284	0.00102311	0.330224	0.00209065	0.0538626	0.0182028	0.00309001	0.00703012	0.0122205	0.0026968	0.00834072	0.0383326	0.456557	0.000233275	0.0117924
16	0.153721	0.0125001	0.0415324	0.0339459	0.00609903	0.0563998	0.0343857	0.0155401	0.0326491	0.0216328	0.0174358	0.0585685	0.176859	0.0340835	0.0234398	0.20191	0.0461609	0.0185555	0.0047249	0.00985599
17	0.340899	0.00860959	0.0191968	0.0219467	0.00290986	0.0381568	0.0172617	0.0118505	0.00923809	0.0150949	0.0118719	0.0282582	0.168828	0.0370956	0.00966096	0.209671	0.0149939	0.0187803	0.00218615	0.0134902
18	0.0207013	0.00569661	0.0012018	0.0023036	0.0635622	0.00153273	0.0100497	0.16413	0.00332886	0.477223	0.150267	0.00541383	0.00220093	0.010372	0.00290272	0.017888	0.015829	0.0439928	0.000305152	0.0010977
19	0.249251	0.0106768	0.0347855	0.0288127	0.00515737	0.0333575	0.0322811	0.0168942	0.0269988	0.0220343	0.0184955	0.0430832	0.249603	0.0281741	0.0172226	0.116791	0.0270558	0.0244914	0.00288077	0.0119535
20	0.0947569	0.0187889	0.0233122	0.0271493	0.0222373	0.0265723	0.0213617	0.0874533	0.0307155	0.169946	0.0554705	0.0377305	0.107862	0.040668	0.0253679	0.0639539	0.0442926	0.0740649	0.0114012	0.0168948
21	0.0253861	0.00804561	0.00118387	0.00241876	0.0525617	0.00152712	0.00800931	0.183695	0.00637089	0.433573	0.140432	0.00453222	0.00370744	0.0150707	0.00555988	0.0167079	0.0215299	0.0685557	0.000243538	0.000890429
22	0.0474941	0.00731079	0.0377299	0.0425489	0.00520128	0.0253083	0.112101	0.0195708	0.182854	0.0257143	0.0156695	0.0807547	0.0354333	0.084977	0.117484	0.0594591	0.0520167	0.0219234	0.0035192	0.0229281
23	0.0530695	0.0143217	0.00300927	0.00742859	0.0277368	0.00550591	0.00578929	0.229066	0.0149191	0.258057	0.111049	0.00729714	0.00875302	0.0233163	0.013812	0.0266604	0.0409126	0.145146	0.000750151	0.0033996
24	0.02583	0.00880118	0.00253507	0.00431827	0.0819077	0.00409158	0.0140589	0.148463	0.00451299	0.444734	0.135847	0.00713724	0.00297937	0.0115867	0.0047031	0.0209526	0.01719	0.0396878	0.00402099	0.0166419
25	0.0332101	0.00171221	0.00534232	0.00842121	0.000988572	0.0249736	0.0230694	0.0195001	0.344304	0.00801634	0.0150906	0.035932	0.00243029	0.0939458	0.321207	0.0360909	0.0147974	0.00778947	0.00135473	0.00182415
26	0.0590795	0.0157968	0.03538	0.0310057	0.0265646	0.0263884	0.163969	0.0276423	0.0666026	0.0473267	0.0229991	0.0934248	0.0375043	0.0681574	0.0644939	0.0755389	0.0596852	0.0224318	0.0102749	0.0457341
27	0.344044	0.0175424	0.014762	0.0242595	0.00402919	0.183882	0.00939166	0.00965949	0.00789822	0.0113873	0.00631918	0.0305771	0.0307259	0.0224959	0.00919164	0.226378	0.0243624	0.0160719	0.000906607	0.00611631
28	0.0536805	0.00973675	0.0251067	0.036059	0.0040215	0.0302887	0.0446062	0.0257669	0.202998	0.0298124	0.020475	0.0553475	0.0110494	0.083683	0.222123	0.0615101	0.0414939	0.027967	0.00459328	0.00968102
29	0.202873	0.0137566	0.0296053	0.0271112	0.0111784	0.0293925	0.141997	0.0161462	0.032726	0.0281149	0.022879	0.0693789	0.0527561	0.0472371	0.030887	0.147008	0.0458216	0.0250325	0.00659224	0.0195072
30	0.0865629	0.0228102	0.0318552	0.0304309	0.0098014	0.299277	0.0195837	0.0175446	0.0327793	0.0275522	0.0187568	0.0745919	0.0321094	0.0416238	0.0323865	0.126311	0.0535442	0.0237011	0.00594065	0.0128379
31	0.0170458	0.0223131	0.000976475	0.00683934	0.00436073	0.00112187	0.00104102	0.330619	0.00135816	0.0425795	0.0143504	0.00319375	0.0064121	0.0115797	0.00203565	0.00798826	0.0377084	0.475513	0.000241354	0.0127221
32	0.129586	0.0101779	0.0509513	0.0373254	0.00485831	0.0352522	0.0463515	0.0190848	0.0564806	0.0237947	0.0223709	0.0538837	0.272572	0.0342807	0.0266818	0.0906546	0.0419725	0.0271865	0.00544507	0.0110887
33	0.0179479	0.00446412	0.00120285	0.00189913	0.0691534	0.00160343	0.0104437	0.152262	0.0018091	0.502951	0.156783	0.00553036	0.0012074	0.00870352	0.00161436	0.0166629	0.0130885	0.0313184	0.000320759	0.00103426
34	0.0582661	0.0074192	0.153605	0.276193	0.00829067	0.0247885	0.0184	0.0251459	0.0546922	0.027279	0.0171091	0.0519336	0.0204709	0.0614718	0.0297735	0.081119	0.0374561	0.0325796	0.0032268	0.0107797
35	0.036639	0.0222087	0.00816946	0.0150213	0.0096724	0.0088191	0.00700177	0.254757	0.017109	0.0832153	0.0342011	0.0175365	0.010507	0.0212085	0.0124564	0.029191	0.0493667	0.348828	0.00175998	0.0123317
36	0.0568336	0.0156109	0.0126589	0.0198826	0.0301763	0.020534	0.020639	0.127049	0.0311701	0.235777	0.11633	0.0333591	0.0143003	0.037892	0.0252077	0.0518872	0.0542034	0.0863102	0.00261126	0.007567
37	0.0925271	0.0220408	0.0325	0.0321552	0.0160992	0.283963	0.018233	0.0200543	0.032488	0.0328005	0.0215151	0.0692114	0.0272398	0.0377696	0.0299221	0.130382	0.0545619	0.0244999	0.00656663	0.0154708
38	0.0420815	0.0115096	0.0068974	0.0142149	0.0492607	0.0115119	0.0143107	0.144035	0.0145371	0.354053	0.10807	0.0173488	0.00809032	0.0215672	0.0145186	0.0372128	0.0369946	0.0765405	0.00425429	0.012992
39	0.0189174	0.0045391	0.00123553	0.00193562	0.0678869	0.00164386	0.0106027	0.151695	0.00185281	0.499377	0.157683	0.00572748	0.00127778	0.00932139	0.00196519	0.017333	0.0135583	0.0321991	0.000346012	0.000901989
40	0.0301798	0.0093768	0.00384645	0.00642751	0.0468981	0.00304751	0.00874012	0.189897	0.0104832	0.378854	0.120629	0.00792996	0.00447839	0.0166478	0.00833659	0.0226667	0.0253905	0.102687	0.000547872	0.00293618
41	0.0880807	0.0205235	0.0323533	0.0296142	0.0141219	0.313279	0.0184454	0.0178924	0.0307326	0.0293966	0.0154043	0.0774193	0.0304828	0.0373071	0.0283911	0.120539	0.0518374	0.0200677	0.00627664	0.0178344
42	0.0289554	0.00216792	0.283935	0.48542	0.00139449	0.0082057	0.00503346	0.00719575	0.00635524	0.00552407	0.00628825	0.0188495	0.00948893	0.0594473	0.00629274	0.0397294	0.0101616	0.00715054	0.000647118	0.00775805
43	0.0331938	0.030695	0.0084606	0.0342538	0.219223	0.0209513	0.0399402	0.11199	0.0136544	0.126026	0.0190987	0.0160445	0.00967673	0.0121885	0.0113384	0.0364656	0.017637	0.0183882	0.0297724	0.191001
44	0.0166275	0.022465	0.000987143	0.0067907	0.00419963	0.0011302	0.000970701	0.331636	0.00119337	0.0404192	0.0135964	0.00319122	0.00646298	0.0113167	0.00187515	0.00797879	0.0374113	0.47868	0.00024408	0.0128245
45	0.0649347	0.00814867	0.205072	0.200673	0.00627298	0.0313877	0.0210538	0.016679	0.0464276	0.0238405	0.0175565	0.0656583	0.0355976	0.0538338	0.0282681	0.0907605	0.0453195	0.0249711	0.00325626	0.0102892
46	0.0286143	0.00201432	0.380594	0.401016	0.00129069	0.00792155	0.00484628	0.00666708	0.00592302	0.00558004	0.00607597	0.0179639	0.0112367	0.0478347	0.0064885	0.0386461	0.0102008	0.00717827	0.000575153	0.00933277
47	0.0374185	0.0433678	0.00504746	0.0145689	0.28205	0.02699	0.0618311	0.0515606	0.00610176	0.0501965	0.00658817	0.0091904	0.00656814	0.00714538	0.00649017	0.03806	0.0105585	0.0077766	0.055619	0.272871
48	0.0463848	0.0118572	0.0321331	0.0293478	0.00483707	0.0298798	0.132575	0.0198158	0.0860266	0.0290647	0.0166157	0.111086	0.0286036	0.0718808	0.106643	0.0680061	0.118875	0.0272115	0.00720866	0.0219483
49	0.016606	0.0224875	0.000986772	0.00679387	0.00418544	0.00112873	0.000978465	0.331669	0.0011886	0.0402109	0.0135257	0.00320361	0.00646609	0.0113071	0.00186729	0.00796806	0.0374062	0.478929	0.000244079	0.0128476
50	0.0183265	0.00513268	0.0289848	0.0138765	0.00122887	0.0304832	0.104147	0.00982216	0.0960792	0.00682858	0.00559219	0.278806	0.00587036	0.0794936	0.0552922	0.0829435	0.135052	0.0246028	0.00154828	0.0158901
51	0.0225788	0.0304568	0.00198363	0.00764086	0.00505717	0.00292907	0.00205824	0.314222	0.00308075	0.0428144	0.0149219	0.00666008	0.00700535	0.0116789	0.00292948	0.0142362	0.0397684	0.456764	0.000629221	0.0125853
52	0.016606	0.0224875	0.000986772	0.00679387	0.00418544	0.00112873	0.000978465	0.331669	0.0011886	0.0402109	0.0135257	0.00320361	0.00646609	0.0113071	0.00186729	0.00796806	0.0374062	0.478929	0.000244079	0.0128476
53	0.06079	0.00830671	0.230793	0.214583	0.00416858	0.0299439	0.0201543	0.0146097	0.0462664	0.0186679	0.0137187	0.0615837	0.0350895	0.0522614	0.0282686	0.0876277	0.0417597	0.0204962	0.00154957	0.00936192
54	0.0292973	0.0308944	0.00346545	0.00929359	0.0107875	0.00769946	0.00432543	0.27742	0.00616755	0.0386937	0.017567	0.0109304	0.00786444	0.014611	0.0066995	0.0214996	0.0519758	0.421434	0.00276254	0.0266117
55	0.0367275	0.0423905	0.00533073	0.0190518	0.269654	0.0244203	0.0560317	0.0719154	0.00677429	0.0608788	0.00950079	0.0107734	0.00707564	0.00873296	0.0077519	0.0376547	0.0121856	0.014564	0.0468142	0.251772
56	0.323791	0.0140063	0.0326682	0.0538726	0.00464429	0.0603015	0.0127982	0.00954652	0.0130705	0.0130821	0.012966	0.039853	0.0318502	0.0297961	0.0146947	0.266047	0.0389713	0.018928	0.00152815	0.00758477
57	0.0529132	0.0180048	0.0148318	0.0229763	0.034516	0.0193945	0.0185387	0.131147	0.0238435	0.254126	0.122717	0.0309706	0.0135137	0.0361789	0.0178243	0.0508713	0.0485308	0.0791981	0.00335131	0.00655206
58	0.132801	0.0100096	0.0474166	0.0355727	0.00646005	0.0447758	0.0416162	0.0219724	0.0512869	0.0233919	0.019576	0.0530686	0.267938	0.0315791	0.025129	0.0977243	0.0406935	0.0308945	0.00640979	0.0116842
59	0.0791596	0.009371	0.03194	0.0560365	0.00685317	0.0340679	0.0345951	0.0405452	0.099932	0.0642383	0.0312032	0.061765	0.020178	0.153906	0.0747374	0.0818514	0.057206	0.0440012	0.00616912	0.0122437
60	0.0524833	0.0225625	0.0283032	0.0280276	0.00912003	0.0626346	0.0238172	0.0134671	0.0382049	0.0178034	0.0158189	0.116184	0.0117262	0.0317273	0.0233791	0.310888	0.161238	0.0239039	0.00182129	0.00689006
61	0.197948	0.0182319	0.0262478	0.0353706	0.00860071	0.227403	0.0170089	0.0157799	0.0225712	0.0227241	0.0173023	0.0577484	0.0317888	0.0341557	0.0258443	0.15995	0.0426908	0.0247727	0.00309985	0.010761
62	0.0535813	0.0290585	0.0191363	0.0169798	0.00888299	0.0994412	0.00396437	0.00443683	0.00569953	0.00901528	0.00509257	0.0648185	0.0113752	0.008671	0.0177981	0.486927	0.146331	0.00597491	0.000759661	0.00205608
63	0.0682158	0.010388	0.0529212	0.120757	0.00471963	0.0279681	0.0190177	0.0596226	0.067616	0.0401778	0.0274203	0.0502221	0.0111706	0.0963261	0.0323363	0.112143	0.0577047	0.130158	0.00291031	0.00820617
64	0.0481325	0.0425428	0.0163379	0.0149327	0.0118804	0.0732794	0.00500277	0.00689315	0.00694914	0.0136226	0.00840357	0.0629307	0.00894885	0.00882367	0.0175153	0.453007	0.1842	0.0119497	0.00100845	0.00363966
65	0.0313633	0.0217787	0.00203729	0.00824976	0.00745852	0.00437205	0.00264026	0.303717	0.00708893	0.0703755	0.0279226	0.00583792	0.00692852	0.0148851	0.00592322	0.0183257	0.0441589	0.405529	0.000298169	0.0111087
66	0.0589541	0.0135481	0.0713948	0.14768	0.0181022	0.0238953	0.0160392	0.113819	0.0648041	0.0563264	0.0271176	0.0424843	0.0137332	0.0471475	0.030265	0.0687499	0.0512689	0.112165	0.00413115	0.0183752
67	0.25188	0.0292056	0.0277966	0.0263404	0.00571498	0.084011	0.00729067	0.00634545	0.00629333	0.01006	0.00538032	0.0334925	0.0192546	0.013629	0.0135523	0.372865	0.0711252	0.0105794	0.00122599	0.00395775
68	0.0199482	0.0212729	0.000980012	0.00700568	0.00697158	0.00118795	0.00109953	0.329165	0.00246273	0.0586701	0.020313	0.00383089	0.00667264	0.0125503	0.00308034	0.00904863	0.0382127	0.445624	0.000263841	0.0116395
69	0.0603859	0.00970932	0.139725	0.128814	0.0050313	0.0366273	0.0294395	0.0171977	0.104459	0.025994	0.0163776	0.0759885	0.0290578	0.0639985	0.0849164	0.0862583	0.0477047	0.0232846	0.00464799	0.0103823
70	0.0796847	0.00304532	0.0862678	0.0569182	0.00167778	0.0327797	0.0747513	0.00545587	0.0708947	0.00762427	0.0179848	0.0602528	0.316402	0.0296955	0.0246117	0.0727541	0.0439735	0.011627	0.00136531	0.00223395
71	0.0459992	0.0200689	0.00278896	0.0148372	0.00712304	0.00343828	0.00342795	0.30734	0.00554782	0.0605893	0.021293	0.00662124	0.00671246	0.0147292	0.00508906	0.0213129	0.0450026	0.397596	0.000394191	0.0100892
72	0.0419962	0.00346849	0.0755827	0.18007	0.000797072	0.0207846	0.0205736	0.0104783	0.234847	0.0152473	0.00359375	0.0944478	0.00483115	0.0808999	0.0827438	0.0623068	0.0552637	0.00830971	0.000437057	0.00332128
73	0.0279025	0.0100523	0.00492433	0.00797427	0.0827079	0.00776898	0.0304915	0.14368	0.00809774	0.385733	0.142076	0.0140737	0.00390307	0.0147883	0.0083087	0.0252766	0.0194039	0.0362938	0.00494313	0.0215996
74	0.0182453	0.00460673	0.00117049	0.00165314	0.0682283	0.00147394	0.0103526	0.154098	0.00195249	0.499721	0.157547	0.00536224	0.00134301	0.008784	0.0017738	0.0166258	0.0133894	0.0325597	0.000239784	0.000874654
75	0.0344617	0.00186679	0.364146	0.380159	0.00159949	0.0105272	0.00538408	0.00769266	0.00653602	0.00589677	0.00719864	0.026181	0.0124072	0.0479301	0.00757415	0.0480105	0.0130004	0.00864437	0.00054324	0.0102405
76	0.0716859	0.0128045	0.0161329	0.0548396	0.00620106	0.0152933	0.0109992	0.103596	0.106599	0.139072	0.087406	0.0199287	0.00852456	0.0939214	0.0421965	0.043898	0.0684666	0.0889231	0.00203869	0.00747277
77	0.0453731	0.014541	0.00592352	0.0099729	0.0250604	0.00547802	0.00970121	0.19189	0.0253575	0.266999	0.0796908	0.0125376	0.00751362	0.0250267	0.0167484	0.0275151	0.0436996	0.179622	0.000660581	0.00668873
78	0.0326494	0.00163535	0.00437417	0.0052989	0.000814053	0.027689	0.0212179	0.0156531	0.356589	0.00536114	0.0112297	0.0443915	0.00304384	0.100602	0.313605	0.0366894	0.0136857	0.00274224	0.00123428	0.00149449
79	0.108853	0.00846224	0.0251148	0.0500263	0.00350511	0.01936	0.0109474	0.0295826	0.127732	0.11884	0.0252936	0.0297209	0.00512613	0.146504	0.0976758	0.0680395	0.0450843	0.0722795	0.00149085	0.0063615
80	0.0535438	0.0159339	0.0122364	0.0179446	0.00569074	0.0183462	0.0225422	0.0890724	0.0206675	0.0302967	0.0198788	0.0734223	0.00817999	0.024247	0.015792	0.0754481	0.257869	0.228557	0.00171194	0.00861934
81	0.165037	0.0153181	0.0433767	0.0722667	0.00453641	0.235988	0.00911995	0.0126525	0.0241125	0.0178235	0.0125792	0.0514931	0.0239351	0.0378598	0.0187277	0.183886	0.0448312	0.0181786	0.00186193	0.00641655
82	0.0700057	0.0134581	0.0293261	0.0377841	0.00657897	0.117739	0.0336999	0.0196171	0.137729	0.0269132	0.0213869	0.0648523	0.0178472	0.0663223	0.166765	0.0840263	0.0484835	0.0222855	0.00525663	0.00992401
83	0.0741402	0.00245257	0.0780901	0.041651	0.00100411	0.0285063	0.0725977	0.00320026	0.081455	0.00495554	0.018361	0.0668967	0.330568	0.0308524	0.0264307	0.0775339	0.048393	0.010705	0.000783236	0.00142343
84	0.0394428	0.00370023	0.19209	0.413791	0.00231754	0.014374	0.0105166	0.0110919	0.0385156	0.0163036	0.0107112	0.033671	0.00878638	0.0889024	0.0210726	0.0489727	0.0223105	0.0144508	0.00157538	0.00740328
85	0.0386507	0.0291971	0.0659324	0.0215942	0.00454634	0.0222657	0.0268457	0.0623297	0.0720502	0.0640298	0.0667394	0.206388	0.00889193	0.0244295	0.0186568	0.10568	0.0791427	0.073155	0.00187252	0.00760277
86	0.0236446	0.0245692	0.00214259	0.00818515	0.00528355	0.00209768	0.00147087	0.318944	0.0038482	0.0472219	0.0169203	0.00537555	0.00641734	0.01212	0.00311347	0.0127136	0.0402323	0.453336	0.00026444	0.0120987
87	0.0183039	0.0227265	0.00103854	0.00677318	0.00454356	0.00126439	0.00104135	0.329396	0.00137098	0.0429224	0.0146534	0.00326887	0.00651724	0.0114581	0.00203754	0.00897486	0.0373874	0.473456	0.000246464	0.0126192
88	0.0889917	0.0206036	0.0319446	0.0353678	0.0124605	0.288655	0.0168614	0.0212562	0.0386267	0.0276277	0.016908	0.0731325	0.0276687	0.0403157	0.0352169	0.123611	0.0524848	0.0282952	0.00309651	0.016875
89	0.0588972	0.0287232	0.0178147	0.0282706	0.122119	0.0355663	0.0553176	0.0388901	0.0278008	0.0672714	0.0287952	0.0388749	0.0306578	0.0369293	0.0403629	0.0701275	0.0364302	0.0212968	0.0953615	0.120493
90	0.065588	0.0310645	0.0171771	0.0251567	0.130889	0.110533	0.0457457	0.0384686	0.0206689	0.0466144	0.0202963	0.0376023	0.0132721	0.0323462	0.0205798	0.0785794	0.0425162	0.0217542	0.0287543	0.172394
91	0.0601554	0.0159077	0.0328009	0.028528	0.0292073	0.0286269	0.169952	0.0288366	0.0610813	0.0419013	0.0237783	0.092521	0.0410706	0.0709959	0.0578865	0.073686	0.0587949	0.0272095	0.0118211	0.0452386
92	0.109541	0.0205969	0.0355341	0.0436099	0.0099908	0.0634767	0.0183449	0.025294	0.0339908	0.0388113	0.0273742	0.070678	0.0277128	0.0459517	0.0333613	0.268241	0.0829225	0.0301025	0.00455995	0.00990502
93	0.0655557	0.0159517	0.0312411	0.029829	0.0310531	0.0267274	0.150518	0.0313307	0.0647185	0.0533556	0.0253134	0.0914072	0.0454458	0.0648346	0.0607635	0.0728309	0.0573916	0.0266305	0.0112079	0.0438943
94	0.133048	0.013372	0.0502182	0.0375506	0.00946867	0.0437045	0.040578	0.0226172	0.0533261	0.0281737	0.02264	0.0556486	0.250274	0.0322754	0.0255425	0.0921353	0.0404614	0.029263	0.00744788	0.0122546
95	0.0980255	0.0198361	0.024161	0.0258362	0.00576004	0.19967	0.00776564	0.00803175	0.0137625	0.0130043	0.0097816	0.0594925	0.0228644	0.0210861	0.0201706	0.347589	0.0836264	0.0125008	0.00260757	0.00442815
96	0.0383531	0.0442521	0.00579729	0.0157526	0.272747	0.0268209	0.0603383	0.0556087	0.0069255	0.0541422	0.00961993	0.012314	0.00693622	0.00846987	0.00855695	0.0401649	0.012456	0.0106893	0.0511092	0.258946
97	0.0901341	0.0202411	0.0357381	0.0334958	0.0097158	0.299657	0.0185387	0.0165732	0.0343731	0.0260071	0.0179506	0.0816293	0.0309229	0.0421588	0.031864	0.123261	0.049334	0.0210724	0.00425868	0.0130743
98	0.09887	0.0768099	0.0334439	0.0286392	0.0159329	0.0556854	0.0273929	0.0429649	0.0339102	0.0550987	0.0350855	0.0732977	0.130774	0.0324265	0.0268414	0.0887671	0.0610742	0.0554927	0.0102064	0.0172864
99	0.0603864	0.0278734	0.0205693	0.0284297	0.107663	0.0380148	0.0601162	0.0343537	0.0304081	0.0676164	0.0275178	0.0416654	0.0358215	0.03507	0.0435508	0.0713323	0.0375957	0.0263251	0.0980527	0.107637
100	0.024013	0.00782751	0.00245626	0.00471704	0.0816815	0.00486815	0.0139696	0.145609	0.00381564	0.45022	0.137129	0.00814199	0.00319082	0.0107338	0.0043105	0.0204126	0.0173484	0.0383578	0.00390616	0.0172905
101	0.10959	0.0209116	0.0417892	0.0484933	0.00983535	0.0747695	0.0187955	0.0290526	0.0372991	0.0324499	0.0238861	0.072584	0.0241643	0.0425493	0.0293612	0.254678	0.0833715	0.0334577	0.00328739	0.00967476
102	0.0433966	0.0275018	0.0184727	0.0166929	0.00864194	0.0973744	0.00391743	0.0042607	0.00649024	0.00919773	0.0048344	0.0683757	0.0118359	0.00891963	0.0219493	0.498523	0.141707	0.00501986	0.000810533	0.00207914
103	0.0329105	0.0176949	0.00382794	0.0207611	0.00552704	0.00551498	0.00596788	0.272013	0.00769599	0.0471227	0.0182015	0.0130826	0.00643617	0.0177288	0.005869	0.0278335	0.10181	0.379876	0.000747926	0.00937886
104	0.0634207	0.0100112	0.204184	0.196523	0.00472458	0.0300304	0.0215127	0.0177278	0.0578445	0.0241509	0.0166877	0.0678934	0.0343414	0.0532562	0.0317613	0.0854657	0.042406	0.0248469	0.00202237	0.0111895
105	0.0186567	0.0209295	0.00102925	0.00731565	0.00501487	0.00127256	0.00115771	0.328705	0.00219832	0.0516671	0.0202882	0.00351216	0.0065436	0.0136514	0.00270438	0.00870929	0.038853	0.455933	0.000256708	0.0116017
106	0.132368	0.00566452	0.0570577	0.0347327	0.00690906	0.0440891	0.018308	0.0159025	0.0130125	0.0326308	0.0457853	0.128981	0.0195834	0.117619	0.0367667	0.218097	0.0419664	0.0110902	0.00551317	0.0139237
107	0.0779557	0.0227658	0.0317766	0.0435671	0.0115196	0.0383102	0.0231712	0.0578172	0.0557596	0.0504784	0.0366399	0.0706575	0.0151937	0.0463423	0.0349414	0.131687	0.164823	0.0742358	0.00204064	0.010318
108	0.20748	0.0133987	0.0295419	0.045339	0.00728994	0.0426355	0.0230409	0.0271259	0.0408212	0.0465454	0.0298757	0.0548205	0.0328823	0.13484	0.0321749	0.124427	0.0573982	0.0370752	0.00272279	0.0105648
109	0.0700807	0.00505504	0.0175451	0.0371656	0.00292905	0.0191314	0.0305278	0.0262502	0.165627	0.063041	0.0403032	0.0342603	0.00525761	0.19718	0.121389	0.0694012	0.0502356	0.0362198	0.00117326	0.00722631
110	0.0890426	0.0273886	0.0220888	0.0226834	0.00893654	0.0970251	0.00543053	0.00977497	0.0100622	0.0134931	0.0113186	0.0547922	0.0132501	0.014775	0.0198579	0.422702	0.137494	0.0143504	0.00120354	0.00433023
111	0.0388393	0.0431505	0.00537429	0.0153767	0.274308	0.0283567	0.0610327	0.0523093	0.00783236	0.0530939	0.00781645	0.0118833	0.00708903	0.00820148	0.00780302	0.0398022	0.0118117	0.010647	0.0521434	0.263129
112	0.0547223	0.00691861	0.151786	0.294291	0.00665553	0.0277908	0.0153084	0.0228343	0.0624934	0.0236546	0.0151793	0.0474032	0.0179844	0.0641353	0.0305233	0.0781508	0.0389377	0.0282068	0.00283838	0.0101857
113	0.107675	0.0100786	0.0185573	0.0431666	0.00262374	0.0201567	0.0116077	0.0130775	0.0891094	0.0872413	0.0213353	0.0569998	0.00533322	0.32817	0.0441731	0.0494926	0.0661298	0.0172418	0.00140262	0.00642877
114	0.0467373	0.0111996	0.0103701	0.0139029	0.0444471	0.00970675	0.0127654	0.142181	0.0207586	0.347369	0.105713	0.0187477	0.0106325	0.0284362	0.0163736	0.0353494	0.0362476	0.0770044	0.00335267	0.00870445
115	0.0261029	0.0236027	0.0219444	0.00911112	0.00251563	0.016383	0.205492	0.00947639	0.0460234	0.0146743	0.00873361	0.272523	0.00523811	0.0749635	0.0293188	0.0839996	0.113614	0.0152564	0.00159405	0.0194326
116	0.0860027	0.00280499	0.0719455	0.046353	0.00124302	0.0245022	0.0580759	0.00473182	0.0967596	0.00674816	0.0161578	0.0608205	0.329121	0.0315312	0.022518	0.0873098	0.0398817	0.0105497	0.000965137	0.00197856
117	0.0304051	0.00212944	0.0116561	0.0181559	0.00119097	0.0203603	0.0215135	0.015989	0.367286	0.0117478	0.0124333	0.039039	0.00567008	0.0781282	0.289066	0.0402741	0.0209622	0.0100829	0.00130179	0.00260819
118	0.267032	0.070984	0.00768909	0.0114359	0.0457277	0.0306231	0.00917562	0.0843095	0.00672947	0.0568235	0.0136353	0.0161943	0.00594689	0.0114978	0.0106781	0.151111	0.106522	0.0816621	0.00269683	0.00952559
119	0.0167348	0.0223333	0.000990737	0.00678515	0.00424714	0.00112563	0.000959599	0.331556	0.00124533	0.0414001	0.0139809	0.00316799	0.00645475	0.0112938	0.00194932	0.00795763	0.037438	0.477406	0.000243656	0.0127298
120	0.340226	0.0192745	0.0172098	0.0280283	0.00540719	0.0969704	0.010564	0.0126943	0.00823977	0.0131526	0.00865622	0.0286405	0.0283005	0.0220568	0.0103873	0.281309	0.0400155	0.0209005	0.00148825	0.00647916
121	0.032556	0.0137201	0.00159221	0.00502742	0.0274325	0.00171548	0.00454994	0.242831	0.0105057	0.274807	0.0884709	0.00436492	0.0069283	0.0176946	0.00943253	0.0152019	0.0354672	0.203747	0.00027003	0.00368572
122	0.0481311	0.0216152	0.00747696	0.0159936	0.00899345	0.0114092	0.0130681	0.229487	0.0182485	0.078264	0.0341792	0.0242071	0.0135365	0.0234248	0.0121644	0.040144	0.0596938	0.326662	0.000976555	0.0123242
123	0.016606	0.0224875	0.000986772	0.00679387	0.00418544	0.00112873	0.000978465	0.331669	0.0011886	0.0402109	0.0135257	0.00320361	0.00646609	0.0113071	0.00186729	0.00796806	0.0374062	0.478929	0.000244079	0.0128476
124	0.0629735	0.0106029	0.21701	0.194346	0.00641676	0.0341487	0.024876	0.0184514	0.0520653	0.024075	0.0155325	0.0686752	0.0254957	0.0528121	0.0266507	0.0818009	0.0433781	0.0250528	0.00256396	0.0130723
125	0.132008	0.0124249	0.051064	0.0363623	0.00866788	0.0385282	0.0397505	0.0280548	0.0475581	0.0273677	0.0215237	0.0533166	0.26685	0.027598	0.0237	0.0900796	0.0418351	0.037343	0.00582405	0.0101437
126	0.0286706	0.0182292	0.00107652	0.00684939	0.00925559	0.00132507	0.00146491	0.318306	0.0067788	0.123637	0.0434153	0.00318348	0.00734444	0.0165925	0.00743743	0.0104808	0.0414156	0.347004	0.000240215	0.00729297
127	0.0717744	0.0106011	0.0472804	0.0775598	0.00684403	0.0341427	0.041217	0.0395215	0.0874781	0.0514112	0.0322932	0.068754	0.0244199	0.139501	0.0637001	0.0801176	0.0599441	0.0435778	0.00566126	0.0142006
128	0.110738	0.0197582	0.0392795	0.0452869	0.0149135	0.0613386	0.0254977	0.0315044	0.0377394	0.0355909	0.0251793	0.063487	0.0345726	0.0364906	0.0319991	0.246792	0.0848808	0.0363539	0.00417374	0.0144243
129	0.0535459	0.0203559	0.0109018	0.0196217	0.0101354	0.00894281	0.00595131	0.242289	0.0177295	0.0786333	0.0290552	0.0173171	0.0126127	0.0197567	0.011876	0.0402851	0.0534627	0.336272	0.000852959	0.0104025
130	0.0289585	0.00156404	0.00423726	0.00511091	0.000948472	0.0234094	0.023733	0.0142154	0.361911	0.0052921	0.0113356	0.0360386	0.00294943	0.0858053	0.338744	0.0354278	0.0139831	0.00314607	0.001308	0.00188233
131	0.089269	0.0192263	0.0390474	0.044861	0.0149987	0.258554	0.0192033	0.0195576	0.0324768	0.0316304	0.0225457	0.0753603	0.0283914	0.0399929	0.029978	0.136713	0.055206	0.0231067	0.00543449	0.0144479
132	0.0359355	0.00282434	0.01653	0.0256229	0.00156368	0.0231129	0.0231464	0.0184339	0.341325	0.0171296	0.0139751	0.0425949	0.00611681	0.0806021	0.263652	0.0434615	0.0234477	0.0141862	0.00243315	0.00390579
133	0.0419087	0.0203563	0.00681416	0.0123832	0.00891182	0.00718434	0.00522998	0.255019	0.0155939	0.0964878	0.0346519	0.0122883	0.0101692	0.0230499	0.0120929	0.0289535	0.0480288	0.349689	0.000905411	0.010281
134	0.0489245	0.0179174	0.00965755	0.0154215	0.0157065	0.00813371	0.00760289	0.216639	0.0244711	0.161688	0.0765871	0.0173489	0.00989294	0.0284132	0.0172247	0.0330018	0.050116	0.23302	0.00164828	0.00658405
135	0.0410416	0.0135066	0.00143182	0.00430203	0.0282167	0.00182861	0.00446295	0.24015	0.0140438	0.287835	0.117628	0.00368338	0.00845446	0.0222988	0.0124578	0.0173886	0.0375784	0.142161	0.00028562	0.00124515
136	0.0406483	0.0029616	0.302191	0.353209	0.00182813	0.014965	0.00926726	0.0104683	0.0252242	0.00956499	0.00868497	0.036389	0.0181258	0.0504888	0.0150706	0.0581257	0.0215094	0.0122247	0.000733248	0.0083202
137	0.255053	0.112615	0.0135969	0.0215967	0.0185095	0.0551629	0.0111712	0.0420831	0.0170719	0.0402381	0.0186723	0.0298899	0.0163678	0.0237946	0.0224464	0.122317	0.120928	0.047151	0.00316764	0.00816693
138	0.0470533	0.0308278	0.0103216	0.0189097	0.199139	0.0235068	0.0430496	0.0854969	0.0107142	0.136393	0.0413215	0.0198131	0.00809709	0.0164835	0.0108873	0.0521191	0.0304965	0.0367491	0.0290055	0.149616
139	0.0546833	0.0109426	0.0252577	0.0350109	0.00547655	0.0386524	0.0393105	0.0230754	0.203929	0.0307165	0.0196132	0.0601354	0.0180942	0.0763827	0.207405	0.0705107	0.0431313	0.023428	0.00491377	0.00933074
140	0.0413344	0.0231755	0.015047	0.0158792	0.0085175	0.0399345	0.00924081	0.0131557	0.0113513	0.082584	0.0135902	0.0406532	0.00870385	0.0157671	0.0164132	0.332601	0.282306	0.0224893	0.00175053	0.00550541
141	0.0343815	0.0177741	0.00160804	0.00703356	0.0112243	0.00169372	0.00241278	0.299972	0.0101974	0.149022	0.0584069	0.00403806	0.00784239	0.0200324	0.00993628	0.0134581	0.0475069	0.297557	0.000227836	0.005675
142	0.0416187	0.00589257	0.111441	0.0266562	0.00201504	0.0379959	0.0538106	0.00678394	0.08473	0.00797703	0.0152316	0.172794	0.167116	0.0523278	0.0214098	0.0907627	0.0844115	0.0138683	0.00100843	0.00214857
143	0.0759701	0.00249489	0.0766736	0.0398514	0.00103998	0.0276477	0.072389	0.00329781	0.07782	0.00493696	0.0189029	0.0693097	0.328419	0.0325179	0.0268766	0.0784359	0.0505367	0.0104449	0.000854868	0.00158052
144	0.121963	0.00328105	0.0444852	0.0326539	0.0044901	0.0484257	0.0237013	0.015925	0.0131033	0.0399983	0.0385127	0.122783	0.0242404	0.160822	0.0418206	0.188419	0.0505955	0.00890388	0.00380308	0.0120725
145	0.0549123	0.007114	0.0301477	0.0414958	0.00575252	0.0315746	0.0394611	0.0263744	0.2	0.0369421	0.0208548	0.0569327	0.013277	0.0745571	0.206353	0.0660966	0.0418024	0.0302508	0.00671398	0.00938716
146	0.0770802	0.00990579	0.0226054	0.0455435	0.00790866	0.0242687	0.0355335	0.03629	0.0857589	0.113393	0.043441	0.0486452	0.0101671	0.16942	0.0991065	0.06266	0.0522353	0.0422313	0.0032425	0.0105635
147	0.0989577	0.0131674	0.00813925	0.0136851	0.00770078	0.0177031	0.0268475	0.0631018	0.0109629	0.0250286	0.020216	0.0462062	0.00417702	0.0149278	0.0101927	0.130616	0.311638	0.169168	0.00134705	0.0062166
148	0.0791934	0.0209758	0.0286274	0.0359456	0.00958783	0.0357149	0.0246238	0.0575092	0.0528723	0.063355	0.0331922	0.0675739	0.0192371	0.0491277	0.0291907	0.116577	0.182489	0.0806613	0.00335485	0.0101915
149	0.114042	0.0194682	0.0300367	0.032753	0.00861101	0.187935	0.0128106	0.0149984	0.0195581	0.0230006	0.0167996	0.059389	0.0232776	0.0305481	0.0216112	0.280447	0.0732313	0.0182586	0.00348359	0.00974025
150	0.0446905	0.0439568	0.0153658	0.0152909	0.00827458	0.0138836	0.0121451	0.223091	0.0210124	0.0645356	0.0298602	0.0833014	0.0112022	0.0164793	0.0131117	0.0478322	0.0505209	0.273722	0.00110462	0.0106198
151	0.0301837	0.0176512	0.000907216	0.00794762	0.00938116	0.00114528	0.00139407	0.320984	0.00693969	0.12286	0.0444174	0.00268452	0.00742425	0.0178137	0.00753625	0.00981846	0.0437539	0.340152	0.000212382	0.00679295
152	0.0944924	0.0198585	0.0321412	0.0357992	0.0116438	0.293725	0.0152479	0.0192413	0.03345	0.0283359	0.0217288	0.0672222	0.0267174	0.0417004	0.0325823	0.128158	0.0517493	0.026523	0.00457248	0.0151104
153	0.0436991	0.0403856	0.00595559	0.0155381	0.251714	0.032377	0.0809345	0.0469512	0.00747448	0.0541954	0.0085943	0.0128134	0.00744138	0.0101378	0.0109454	0.0446774	0.0121567	0.00789251	0.055724	0.250392
154	0.0394583	0.0143733	0.0015131	0.00444694	0.0261716	0.00206367	0.00540938	0.225444	0.0123327	0.294787	0.0998587	0.00512179	0.00788597	0.0284403	0.0130984	0.016832	0.0450839	0.155785	0.000267435	0.00162645
155	0.023685	0.00539025	0.0195115	0.0145914	0.00142097	0.035089	0.0799716	0.00962306	0.0764036	0.0074274	0.00622268	0.273732	0.00527836	0.111918	0.0370598	0.0913071	0.154794	0.0394735	0.000825992	0.00627589
156	0.0230434	0.00243435	0.0374599	0.0598395	0.00159738	0.0105233	0.0105945	0.00687889	0.437633	0.0156154	0.00490643	0.0638921	0.0242171	0.0509139	0.138467	0.0555366	0.048197	0.00525029	0.00070966	0.00229032
157	0.301344	0.00666316	0.0290305	0.0210868	0.00261469	0.018041	0.0349274	0.0139612	0.0162951	0.0185839	0.0151531	0.0275954	0.302213	0.0204879	0.0109603	0.108513	0.0162475	0.020461	0.00212821	0.013692
158	0.0361635	0.0423635	0.0149518	0.0137828	0.0148072	0.074506	0.00396676	0.00561221	0.00717411	0.0125528	0.00584492	0.0763574	0.00883801	0.00754175	0.016069	0.465723	0.182687	0.0076621	0.000918194	0.0024777
159	0.0495035	0.0169729	0.00146935	0.00445352	0.0185419	0.00198993	0.00306566	0.249854	0.0192916	0.245964	0.100669	0.00377826	0.0116204	0.0275517	0.0167403	0.0180113	0.0449516	0.164106	0.000311024	0.00115332
160	0.0362105	0.00848947	0.0158345	0.105046	0.002698	0.0153648	0.0357805	0.104078	0.0780156	0.0392753	0.0429041	0.0483738	0.00558188	0.127661	0.0264614	0.0867993	0.0584156	0.154449	0.00159994	0.00696165
161	0.33144	0.0118267	0.024925	0.0461662	0.00490234	0.0513659	0.0112424	0.0143397	0.0107607	0.0146592	0.0138201	0.0360786	0.0244852	0.0279659	0.0113481	0.279531	0.0402337	0.0352391	0.00124421	0.00842584
162	0.0474819	0.0168156	0.00210001	0.00631894	0.0166516	0.00204789	0.00327554	0.248668	0.0229504	0.236999	0.0996623	0.00360114	0.0106486	0.031877	0.0196964	0.0172839	0.0457434	0.166893	0.000271888	0.00101341
163	0.0168372	0.0224168	0.000979932	0.00678521	0.00423906	0.00113591	0.000980346	0.332134	0.00130479	0.0420321	0.014233	0.00319416	0.00644989	0.0115213	0.00196409	0.00806013	0.0374872	0.475304	0.000240327	0.0127006
164	0.0402393	0.00999634	0.0203454	0.0199927	0.00886797	0.024588	0.214373	0.0155882	0.0621992	0.0241037	0.0186562	0.0885289	0.0136546	0.0496859	0.223918	0.0482052	0.0372199	0.0161542	0.0462478	0.0174362
165	0.0593177	0.0450006	0.0302553	0.0152297	0.00529594	0.410973	0.0124048	0.0139327	0.0153699	0.0174595	0.0139462	0.148241	0.0335997	0.0199947	0.0189173	0.0722841	0.0329934	0.0242987	0.00198034	0.00850504
166	0.0419569	0.017187	0.00513808	0.00929438	0.0137019	0.0045015	0.00649266	0.229397	0.0181599	0.188292	0.0538677	0.010676	0.00858217	0.0228163	0.0154634	0.023009	0.0504162	0.273005	0.00101474	0.00702901
167	0.063353	0.0225681	0.0382497	0.0151286	0.00395391	0.509528	0.0086732	0.00960147	0.0101079	0.013529	0.00971375	0.117949	0.0417576	0.0186728	0.0136645	0.0648976	0.0187672	0.0121745	0.00156022	0.00615049
168	0.0533381	0.00794112	0.0294058	0.0527764	0.00271147	0.0125283	0.0161667	0.0807132	0.204901	0.103131	0.0250094	0.0201857	0.0117962	0.0361633	0.0916631	0.0533012	0.0486184	0.121423	0.000908401	0.0273186
169	0.0294542	0.00578746	0.040391	0.00630525	0.00235539	0.0132274	0.252997	0.0184408	0.078176	0.0230863	0.00612379	0.132529	0.00406602	0.126528	0.0455386	0.0650619	0.0602056	0.00736801	0.00224233	0.0801168
170	0.0552898	0.0316508	0.0189944	0.0295538	0.156524	0.033462	0.0739817	0.0520365	0.0278706	0.0529141	0.0163535	0.0364323	0.0161923	0.0336181	0.0218026	0.0575541	0.0310584	0.0327526	0.0323157	0.189642
171	0.0474817	0.0248948	0.0126495	0.020133	0.0331894	0.0149161	0.0138664	0.199247	0.0236441	0.0499324	0.0225422	0.0209836	0.0125804	0.0217197	0.0186684	0.0394071	0.0510786	0.302791	0.00772484	0.0625492
172	0.163271	0.0129325	0.033817	0.0278089	0.00426777	0.0631884	0.0193262	0.0104947	0.0207192	0.0155886	0.0151998	0.0765228	0.125343	0.0338462	0.0204113	0.279658	0.0517912	0.0158544	0.0022165	0.00774291
173	0.0174916	0.00429164	0.00117928	0.00164512	0.0697632	0.00145472	0.0105797	0.152646	0.00164391	0.505003	0.157671	0.00548116	0.00113074	0.00835384	0.00144221	0.0164466	0.0126697	0.0299688	0.000237474	0.000901268
174	0.160005	0.0579342	0.00977497	0.00996392	0.00416701	0.0890233	0.0077588	0.00953858	0.010436	0.0117818	0.00892529	0.217792	0.103004	0.0124371	0.0567794	0.0488681	0.0600041	0.114639	0.00223438	0.00493322
175	0.0397262	0.018185	0.00121689	0.00527331	0.0154912	0.00149143	0.00240903	0.276374	0.0136871	0.20864	0.0822085	0.00316132	0.00902982	0.0236043	0.0131744	0.0141869	0.0439596	0.22502	0.000205687	0.00295591
176	0.158086	0.0035153	0.114512	0.122861	0.00635868	0.0454589	0.0116491	0.0070569	0.0283064	0.00986226	0.0138339	0.111241	0.00580343	0.0347196	0.0137323	0.198539	0.0857202	0.0183004	0.00115177	0.00929141
177	0.036708	0.049689	0.00514609	0.0149379	0.281557	0.0260629	0.0652662	0.0561608	0.00624237	0.0507093	0.00717334	0.00923308	0.00663397	0.00721653	0.00665709	0.0375767	0.0110743	0.00746908	0.0503806	0.264106
178	0.0296113	0.00156576	0.00409132	0.00509754	0.000896905	0.0235924	0.0237955	0.0144116	0.363675	0.00517216	0.0112689	0.0362971	0.00275795	0.0864362	0.336371	0.0355405	0.0138347	0.00275389	0.00128556	0.00154427
179	0.0390393	0.0616785	0.00843032	0.0126729	0.00961203	0.0143406	0.00832097	0.125804	0.0815653	0.15689	0.127204	0.0165345	0.03231	0.0568041	0.0177091	0.0294329	0.121578	0.073699	0.00269372	0.00368081
180	0.0154676	0.00476626	0.02422	0.0180779	0.00123956	0.0439694	0.0630291	0.0101884	0.0926837	0.00491539	0.00664204	0.290427	0.00710784	0.0762006	0.0322722	0.102243	0.168411	0.0338628	0.000729286	0.00354639
181	0.0624159	0.0012793	0.237215	0.305517	0.00383295	0.0270455	0.00967267	0.014577	0.0111408	0.00963243	0.0142581	0.0773873	0.0117409	0.0419405	0.0141359	0.0998315	0.0325081	0.0191176	0.000276153	0.00647488
182	0.0916797	0.0092866	0.0133646	0.0170077	0.0352773	0.0416394	0.0432633	0.0284446	0.0864261	0.194585	0.0461565	0.105026	0.00874649	0.0194885	0.0512305	0.0392223	0.0305737	0.0982488	0.00279437	0.0375388
183	0.0333112	0.00202136	0.280477	0.464626	0.0014391	0.0100611	0.00536199	0.00766387	0.00929181	0.00604411	0.00698972	0.0235594	0.00959341	0.0584924	0.00776147	0.044272	0.0126948	0.0080691	0.000605085	0.00766466
184	0.042746	0.00614551	0.0107426	0.0842264	0.00353172	0.0344079	0.0155402	0.0345361	0.0530356	0.0760317	0.0593679	0.0676103	0.00645669	0.310649	0.0425081	0.0348296	0.0764815	0.0161279	0.00184635	0.0231794
185	0.0474685	0.00250968	0.00575764	0.00773644	0.00124282	0.0349414	0.0193437	0.0193169	0.316137	0.0100408	0.0119365	0.0494459	0.00292227	0.130772	0.275142	0.0405542	0.0163316	0.00505704	0.00138141	0.00196167
186	0.0331786	0.00897835	0.00374098	0.00702317	0.0505395	0.0068495	0.0109943	0.150061	0.0118675	0.410366	0.144925	0.0105748	0.00455374	0.0205296	0.00916795	0.0260363	0.0284339	0.0575132	0.00213062	0.00253562
187	0.0394811	0.0113292	0.0108443	0.0167885	0.0499826	0.0120733	0.0141829	0.137598	0.0230571	0.355233	0.109374	0.0181116	0.00850356	0.0263145	0.0166701	0.0376448	0.032058	0.0663427	0.00383362	0.0105769
188	0.083353	0.00602472	0.0146924	0.0441413	0.0070285	0.0420401	0.0154747	0.0120939	0.0118547	0.243813	0.16262	0.0511785	0.0121618	0.0785666	0.0213091	0.121339	0.0194859	0.0117743	0.0340475	0.00700156
189	0.0425213	0.0745418	0.0764703	0.0196265	0.00429733	0.0204841	0.0249501	0.0238832	0.0965111	0.038033	0.0570475	0.208395	0.0128129	0.0272023	0.0170104	0.169474	0.0500684	0.0286002	0.00272315	0.00534727
190	0.0443014	0.0166162	0.00709477	0.0110239	0.0229843	0.00588243	0.010358	0.20073	0.0221159	0.244185	0.0792387	0.0131911	0.00964234	0.0261981	0.0161468	0.0277813	0.0430387	0.192008	0.000928889	0.00653381
191	0.0213108	0.00230515	0.0342585	0.0565733	0.00148774	0.00913282	0.00908657	0.00619006	0.455519	0.0160509	0.00434914	0.0625882	0.0201131	0.0522627	0.141724	0.0567941	0.0431361	0.00437432	0.000693118	0.00205072
192	0.0125377	0.00518091	0.0341265	0.0281098	0.00185762	0.0934932	0.0159884	0.0100208	0.133305	0.00748102	0.0188305	0.183083	0.0202952	0.0394925	0.0250847	0.138777	0.213781	0.0154885	0.000859094	0.00220754
193	0.0729647	0.0237764	0.0237182	0.0337055	0.0444559	0.0376194	0.0361268	0.0321856	0.0308828	0.120716	0.0405816	0.042146	0.0977916	0.0393231	0.0355568	0.0794444	0.0406707	0.0292201	0.0972685	0.0418459
194	0.177098	0.0153885	0.00304645	0.0182775	0.00780872	0.0488999	0.003743	0.042726	0.0176924	0.028567	0.0796527	0.0360876	0.00209602	0.0426353	0.0224639	0.167149	0.189215	0.0755214	0.000567142	0.0213638
195	0.0625588	0.00113474	0.230135	0.300272	0.00376795	0.0276859	0.0101508	0.0137049	0.0181363	0.00974159	0.0137805	0.078507	0.0107655	0.044009	0.0169937	0.100325	0.0338398	0.0180351	0.000309924	0.00614619
