292	20
1	0.0294266	0.00171676	0.000806028	0.00990755	0.0153999	0.00262482	0.00310206	0.369245	0.00448174	0.120588	0.0199613	0.000810965	0.000712666	0.00718211	0.000914247	0.00924173	0.0181839	0.382183	0.000502507	0.0030088
2	0.0500128	0.00537657	0.0204239	0.0403844	0.00647615	0.0237658	0.0156882	0.00735231	0.234689	0.0273767	0.0228217	0.0258468	0.00417164	0.0781304	0.277042	0.0673918	0.0360749	0.0352941	0.00706384	0.0146174
3	0.0337516	0.00194067	0.419961	0.110925	0.00420897	0.0349302	0.0600103	0.00591213	0.055515	0.00906436	0.00397974	0.0620179	0.00382238	0.0268488	0.0381548	0.0528756	0.0365013	0.0346003	0.00169431	0.00328573
4	0.00934414	0.0123656	0.0121061	0.00696917	0.436084	0.00401251	0.0268051	0.0172052	0.00353277	0.0700552	0.025916	0.00389481	0.00143314	0.00908293	0.00352734	0.0053707	0.0118271	0.0337874	0.0154299	0.291251
5	0.025122	0.0140626	0.0293411	0.021379	0.0598628	0.0260314	0.0541537	0.0375527	0.0523688	0.0459511	0.0252462	0.192354	0.0047538	0.0683312	0.0733145	0.044199	0.03793	0.0233893	0.023751	0.140906
6	0.0390485	0.000915213	0.0386923	0.172533	0.00167322	0.00463957	0.0235475	0.00360083	0.217667	0.0214892	0.00781541	0.0262093	0.000712385	0.11273	0.182027	0.0757904	0.0385755	0.0274336	0.00203378	0.00286677
7	0.0409572	0.00386811	0.0110591	0.0304447	0.00506306	0.0124044	0.0126192	0.00639238	0.290298	0.0266292	0.028609	0.0233135	0.0034501	0.100616	0.27542	0.0476972	0.033038	0.0271793	0.0108534	0.0100882
8	0.0474682	0.00599071	0.0529639	0.120182	0.0189408	0.0260792	0.0350147	0.026012	0.109215	0.0417185	0.0194128	0.0502678	0.0157698	0.139586	0.10345	0.0714857	0.0500985	0.0389022	0.00738849	0.0200541
9	0.0130703	0.00374756	0.0626426	0.10979	0.0435656	0.0530721	0.0113838	0.0841331	0.0350053	0.140662	0.0550481	0.110045	0.00688518	0.0511069	0.0307817	0.039685	0.0467427	0.0622481	0.0234883	0.0168965
10	0.0440157	0.000753327	0.0577294	0.245145	0.00105504	0.00460167	0.0348324	0.00459108	0.145911	0.0244505	0.00209463	0.0283361	0.000881424	0.134362	0.121183	0.0765774	0.0377744	0.0343729	0.00059887	0.0007348
11	0.0597326	0.0160135	0.00292935	0.00503653	0.0647024	0.0193604	0.00651364	0.184515	0.0114163	0.264884	0.076659	0.0062076	0.00217035	0.0063856	0.0190763	0.0203876	0.0509835	0.161749	0.00845031	0.0128266
12	0.0437995	0.00752409	0.000718965	0.00317602	0.0387424	0.00769416	0.00272531	0.274367	0.00198198	0.213202	0.0334409	0.000908547	0.00166768	0.00232527	0.000702919	0.00711019	0.0143989	0.336355	0.0010471	0.00811257
13	0.044129	0.000727274	0.0580773	0.247133	0.00101888	0.00433431	0.0351488	0.00476733	0.143464	0.0252711	0.00206841	0.0264686	0.000782901	0.138006	0.121243	0.0742614	0.036653	0.035159	0.000577867	0.000709189
14	0.119972	0.00978923	0.0511182	0.038091	0.0188704	0.0638304	0.0318526	0.0279372	0.0311775	0.0488298	0.0285199	0.0628638	0.00414893	0.0442383	0.0361446	0.221328	0.11608	0.0311825	0.0042995	0.00972595
15	0.00901868	0.0121294	0.0121765	0.00695762	0.437006	0.00394208	0.0266504	0.0168729	0.00348018	0.069522	0.0265084	0.0038761	0.00143405	0.00920683	0.003367	0.00540308	0.0117759	0.0336319	0.0150668	0.291975
16	0.0493891	0.00105568	0.141953	0.137011	0.00188685	0.0180456	0.0439483	0.00774848	0.0129265	0.00399783	0.011654	0.161187	0.0072499	0.0610459	0.0349377	0.181692	0.102266	0.0196129	0.000852999	0.00153845
17	0.0309067	0.00105899	0.18417	0.570017	0.00221195	0.0178305	0.00265663	0.0028971	0.0150311	0.0135334	0.00227964	0.0456523	0.00637345	0.051177	0.0021216	0.00548141	0.024335	0.0199575	0.00101687	0.0012922
18	0.0360176	0.00904433	0.00123595	0.00232631	0.0274261	0.00602656	0.00242699	0.197509	0.00181297	0.358662	0.0882652	0.00126791	0.0075533	0.0019029	0.00128167	0.0046444	0.00764278	0.236901	0.00116343	0.00688929
19	0.0316791	0.00111041	0.193061	0.547991	0.00256501	0.0186257	0.00407312	0.00350005	0.015832	0.013201	0.00248755	0.0481676	0.00762168	0.052249	0.00213418	0.00693637	0.0246368	0.0213836	0.00120254	0.00154285
20	0.160759	0.00654341	0.0270154	0.0392605	0.00401676	0.016518	0.00467368	0.0345383	0.0191915	0.0433717	0.0130999	0.0261509	0.00152267	0.0134227	0.0262466	0.333607	0.213014	0.0101482	0.00444932	0.00245057
21	0.0229425	0.0109714	0.00550053	0.0108515	0.0747539	0.0122959	0.0128947	0.196628	0.0259048	0.253171	0.112197	0.0136218	0.000980651	0.0138474	0.0453043	0.0128619	0.0542876	0.0744132	0.0191599	0.0274115
22	0.013716	0.005187	0.0516423	0.0742312	0.0491574	0.0304477	0.0107689	0.120619	0.0372815	0.185651	0.075935	0.0594448	0.0075372	0.0444209	0.0202919	0.0335771	0.077672	0.0736337	0.0141861	0.0145996
23	0.044195	0.00072838	0.0580808	0.247394	0.00101876	0.00438679	0.0352476	0.00477845	0.143168	0.0252519	0.00203833	0.0264887	0.000787933	0.137996	0.12102	0.0743592	0.0366462	0.0351159	0.000599382	0.000697921
24	0.0445224	0.0150873	0.0281357	0.0258149	0.010572	0.0669057	0.0383519	0.020007	0.158948	0.0390306	0.0311778	0.0566359	0.0120351	0.08235	0.21501	0.0714292	0.0299708	0.0275745	0.0137261	0.0127153
25	0.0464023	0.0150597	0.023061	0.0393232	0.00854325	0.0945804	0.0525338	0.0127904	0.122305	0.0508042	0.0206944	0.0858485	0.00858767	0.0824774	0.169805	0.0798971	0.0301883	0.0204294	0.0107203	0.0259487
26	0.0512578	0.000758039	0.0953004	0.202238	0.00131024	0.0109462	0.0404772	0.0056304	0.0791629	0.0150189	0.00556977	0.0851074	0.00453989	0.108034	0.0758256	0.121644	0.0653221	0.0302209	0.000764721	0.000871017
27	0.0483259	0.00588955	0.029049	0.0670893	0.0069526	0.0350749	0.0238519	0.00782056	0.220616	0.0266433	0.0176607	0.0480447	0.00567027	0.0885609	0.196114	0.0942993	0.0434454	0.0203443	0.00565489	0.00889243
28	0.0229141	0.0109618	0.00550041	0.0108386	0.0747308	0.0122978	0.0128902	0.196832	0.0258977	0.253089	0.112201	0.0136057	0.000980651	0.0138391	0.0453453	0.0128707	0.0542991	0.074369	0.0191487	0.0273887
29	0.169828	0.0329839	0.00804012	0.00298595	0.0548832	0.0732104	0.00690873	0.0977346	0.00976094	0.0705471	0.0151711	0.0179016	0.00362949	0.00765066	0.0072695	0.16149	0.0837115	0.125232	0.0119054	0.039156
30	0.0435006	0.00550577	0.00103773	0.00501059	0.0276056	0.00731563	0.00715311	0.321484	0.00461419	0.158109	0.0366176	0.00128391	0.00102876	0.00426296	0.00247998	0.0133581	0.0196212	0.330786	0.0014985	0.00772656
31	0.0122055	0.0122987	0.0225313	0.0108702	0.0151184	0.0186892	0.082662	0.0262459	0.0730101	0.0305494	0.0291268	0.21982	0.0045077	0.116227	0.121139	0.0307983	0.0418988	0.00784823	0.0125413	0.111912
32	0.105388	0.0185557	0.000516994	0.000988585	0.0380125	0.0342944	0.00139365	0.224878	0.000770883	0.159094	0.0276142	0.000619584	0.000663627	0.000667475	0.000510757	0.0218586	0.0439916	0.311806	0.00201831	0.00635706
33	0.084876	0.00924074	0.0733916	0.0689593	0.0129544	0.0255474	0.0237264	0.018609	0.0361971	0.0202575	0.0133301	0.106909	0.0105659	0.0386686	0.039826	0.233689	0.147203	0.0232143	0.00388557	0.00894977
34	0.035521	0.0274513	0.00585914	0.00839814	0.159243	0.00903562	0.00571534	0.150951	0.0109214	0.317216	0.0411664	0.0159157	0.00134088	0.00781213	0.0132695	0.0128223	0.0319336	0.123423	0.00830636	0.0136973
35	0.0825622	0.0236008	0.0019996	0.00177156	0.067846	0.0156086	0.00281556	0.206638	0.00310653	0.168292	0.0391797	0.00141241	0.0016016	0.00206172	0.00227269	0.0080911	0.0151258	0.257454	0.0354539	0.0631067
36	0.145085	0.0246524	0.00104996	0.000976936	0.0307695	0.0450626	0.00132813	0.193302	0.00155375	0.110816	0.0237721	0.00214567	0.000776544	0.000989675	0.00128662	0.0474702	0.0752888	0.286128	0.00375209	0.00379465
37	0.0312771	0.0135362	0.0322012	0.0235817	0.0322664	0.0335661	0.0544668	0.0396821	0.0571743	0.0480544	0.0256533	0.199023	0.00519061	0.0709667	0.0802876	0.0539514	0.0423631	0.0248558	0.0241497	0.107753
38	0.0459937	0.00720802	0.000572969	0.00199572	0.0396878	0.00794925	0.00315021	0.26587	0.000754403	0.226449	0.0398029	0.000691504	0.00168122	0.00147078	0.000542302	0.00368926	0.00628103	0.33272	0.0013762	0.0121131
39	0.0625268	0.0150486	0.000544094	0.00153117	0.0480736	0.0131829	0.00259578	0.249453	0.000719527	0.207067	0.0315191	0.000683634	0.00104427	0.00121743	0.000505559	0.00849033	0.0176005	0.324825	0.00186366	0.0115086
40	0.0188804	0.0115858	0.00133064	0.0016316	0.0169937	0.00307686	0.00234919	0.128968	0.00198781	0.540241	0.128219	0.00159833	0.00900245	0.00187622	0.00276784	0.00349622	0.00693191	0.114724	0.00135734	0.00298182
41	0.0352894	0.0450273	0.00287447	0.00247063	0.242981	0.00292078	0.00372876	0.118003	0.00260814	0.36014	0.00590027	0.00561024	0.00106365	0.00260117	0.00277088	0.00603064	0.019566	0.118118	0.00330935	0.0189863
42	0.145093	0.0224396	0.000551632	0.000733084	0.0325994	0.0475052	0.000540125	0.196497	0.000915388	0.118897	0.0232429	0.000725424	0.000504937	0.000655457	0.00068634	0.0360463	0.0679287	0.30064	0.00202696	0.00177253
43	0.137083	0.0303514	0.003505	0.000885506	0.0514194	0.053502	0.00387378	0.154762	0.00461572	0.101527	0.0242042	0.00774447	0.000724015	0.00291445	0.00224756	0.10407	0.0852386	0.213538	0.00483656	0.0129567
44	0.0469301	0.00749169	0.0400839	0.0637719	0.0108037	0.0285213	0.0233387	0.0186259	0.207218	0.0388172	0.0230212	0.0457516	0.0166398	0.0846646	0.175708	0.0652586	0.0470014	0.0305135	0.00896625	0.016873
45	0.0819229	0.0115416	0.000843406	0.00313272	0.0194581	0.0204096	0.0013183	0.257376	0.00425719	0.107495	0.0174063	0.000904747	0.000717733	0.00255713	0.00122571	0.0390847	0.0761363	0.351475	0.00141004	0.00132722
46	0.0594347	0.0242121	0.00564934	0.00816415	0.168608	0.0142206	0.0121572	0.0896423	0.00800403	0.138486	0.0297201	0.00287127	0.00360472	0.00530398	0.0082088	0.00879776	0.0181572	0.127081	0.100013	0.167663
47	0.223689	0.0183392	0.00242451	0.00728526	0.0203821	0.0303845	0.00246056	0.138335	0.00452313	0.0891613	0.0156947	0.00310768	0.0050053	0.0037991	0.00333313	0.0558714	0.111387	0.259431	0.00221532	0.00317015
48	0.13126	0.0453701	0.00982345	0.00195867	0.0733538	0.069945	0.00795578	0.0785641	0.0106548	0.0467971	0.0126188	0.0244642	0.00139271	0.0051079	0.00717387	0.229081	0.103101	0.0854112	0.0120257	0.0439405
49	0.0465873	0.00780622	0.00056219	0.00193309	0.0408659	0.00747098	0.00355899	0.272341	0.000742519	0.209518	0.0360185	0.000768584	0.00122744	0.00150721	0.000543986	0.00404699	0.00723181	0.341589	0.00159297	0.0140881
50	0.0477189	0.0079885	0.0195259	0.0353645	0.00965751	0.0328492	0.021428	0.00987936	0.226718	0.0409727	0.0388129	0.0285691	0.00522285	0.100373	0.235165	0.0585996	0.0326349	0.0274714	0.0103113	0.010738
51	0.134292	0.0169038	0.00969359	0.0125377	0.00390922	0.0119233	0.00284503	0.00985136	0.013746	0.0207245	0.00680096	0.014598	0.00167483	0.00632251	0.0347949	0.350226	0.328544	0.0106791	0.00761697	0.00231584
52	0.0391397	0.0120344	0.0289032	0.0244487	0.00951257	0.158824	0.033129	0.0149227	0.128167	0.0526102	0.0240663	0.050274	0.00872982	0.0788963	0.19857	0.0613759	0.0252016	0.0308699	0.0084474	0.0118771
53	0.347991	0.0328179	0.0118907	0.0124773	0.0275646	0.0705712	0.00585257	0.0228981	0.0108356	0.0258689	0.00970297	0.0142413	0.0102158	0.0106332	0.0129463	0.240179	0.0902597	0.0330465	0.00322575	0.0067814
54	0.0121666	0.0119618	0.00130812	0.00134532	0.0106433	0.00163179	0.00248548	0.102677	0.00148241	0.609586	0.143204	0.00136136	0.0104524	0.00196346	0.00232617	0.00240065	0.00464	0.0766807	0.000681244	0.00100135
55	0.357721	0.0219356	0.00433442	0.0127921	0.0126971	0.0254782	0.00372907	0.0175272	0.00859007	0.0417	0.00695986	0.00724419	0.00743575	0.00666824	0.00794283	0.166456	0.187203	0.0958964	0.00261421	0.00507466
56	0.0325363	0.0020122	0.000802574	0.00660674	0.013461	0.00261207	0.0024129	0.351489	0.00561191	0.100221	0.0130134	0.000869828	0.000553833	0.00509565	0.000996087	0.0114472	0.0233173	0.42378	0.000546037	0.00261583
57	0.0359062	0.00312297	0.000763633	0.00814993	0.0196986	0.00439804	0.00283895	0.337702	0.00402675	0.141101	0.0222418	0.000780857	0.000912701	0.00543434	0.000904676	0.00919329	0.0190727	0.378004	0.000949301	0.00479847
58	0.390165	0.0276725	0.00492142	0.00845021	0.0166297	0.0437888	0.00242284	0.0113109	0.00724237	0.0223826	0.00728543	0.00674559	0.00272321	0.00537144	0.00981306	0.233075	0.161833	0.0332908	0.00253942	0.00233709
59	0.43186	0.037019	0.00453468	0.00580612	0.0263292	0.0803852	0.00344789	0.0145439	0.00541149	0.0205836	0.00978234	0.00567894	0.00319295	0.00517491	0.00596649	0.24075	0.0713467	0.0233434	0.00211418	0.00272902
60	0.340197	0.0159633	0.00330133	0.0136499	0.00961341	0.0170941	0.00378865	0.0371647	0.0106606	0.071505	0.0100524	0.00447955	0.00712721	0.00777188	0.00747178	0.0842222	0.206859	0.141811	0.00277265	0.00449422
61	0.0236157	0.0103969	0.00117727	0.0015592	0.0196574	0.00337144	0.0018101	0.146848	0.00175066	0.493448	0.120326	0.00125683	0.0088125	0.00160073	0.0019836	0.00314739	0.00600354	0.148759	0.00110103	0.00337435
62	0.0335341	0.00168551	0.318088	0.322566	0.00324069	0.0240616	0.0276996	0.00482803	0.0298893	0.0123838	0.00385845	0.0537688	0.0063125	0.0421631	0.0195134	0.0332086	0.0339545	0.0252211	0.00188463	0.00213882
63	0.191609	0.0221479	0.026785	0.0313006	0.0312716	0.0504747	0.0130378	0.0388582	0.0375379	0.0391787	0.017038	0.0349423	0.0152162	0.0266157	0.0357952	0.21831	0.100763	0.0468717	0.00695788	0.0152879
64	0.0512416	0.0408934	0.00231755	0.00183095	0.210754	0.00825158	0.00275148	0.125017	0.00295334	0.34383	0.00885036	0.0061007	0.000810322	0.00255096	0.00275199	0.0208856	0.0298942	0.12906	0.00304984	0.0062054
65	0.0171967	0.0113173	0.001556	0.00208523	0.0138964	0.00288428	0.00208439	0.11669	0.00200364	0.56174	0.134945	0.0016148	0.010903	0.00216968	0.00211481	0.00306747	0.00518683	0.106006	0.000926799	0.00161139
66	0.0423151	0.00410528	0.390703	0.135106	0.00620284	0.0311247	0.0441847	0.0104286	0.0338797	0.0194397	0.00864116	0.0600227	0.00914355	0.0317761	0.030392	0.0540818	0.0458875	0.0333779	0.00283854	0.00634957
67	0.0356762	0.039667	0.00175481	0.0018562	0.220609	0.0020567	0.00173721	0.131422	0.00206866	0.387612	0.00737213	0.00571555	0.00104235	0.00186754	0.00221972	0.00406841	0.0185885	0.129327	0.00220213	0.00313714
68	0.0226927	0.0104628	0.00113558	0.00137923	0.0191001	0.00302951	0.00165101	0.142633	0.00126177	0.504181	0.121123	0.0011889	0.00899883	0.00146513	0.00130131	0.00240803	0.00418056	0.148016	0.000732538	0.00305954
69	0.425171	0.0396368	0.00543849	0.00613788	0.0279395	0.0751734	0.00400994	0.0186481	0.00613541	0.0202848	0.0100516	0.00633584	0.00926315	0.00512648	0.00543495	0.24018	0.0634672	0.0251173	0.00266887	0.00377912
70	0.063115	0.0105251	0.0412587	0.0512729	0.0146229	0.0941496	0.0268665	0.0345329	0.0565517	0.0467293	0.0245655	0.0505628	0.0204352	0.125161	0.0879731	0.0809964	0.099255	0.0484951	0.00835494	0.0145768
71	0.0728346	0.0155375	0.00160158	0.00250955	0.0554243	0.0195724	0.0035041	0.2279	0.00361204	0.191864	0.0445703	0.00215438	0.00129527	0.00224063	0.00448682	0.0108912	0.0219397	0.270127	0.0155086	0.0324267
72	0.0442253	0.00752855	0.000657507	0.00353338	0.0404821	0.00778009	0.00285252	0.293449	0.00237305	0.179865	0.0276935	0.000918448	0.000930555	0.00266989	0.00115776	0.00816498	0.0165355	0.349781	0.00114114	0.00826045
73	0.0123061	0.01206	0.00136126	0.00150963	0.0117834	0.00174721	0.00265937	0.104545	0.00194369	0.603625	0.142531	0.00159794	0.0102379	0.00211271	0.00298356	0.00263125	0.00552138	0.0765734	0.000972229	0.00129817
74	0.0511798	0.0268805	0.00656705	0.0100136	0.197981	0.0133882	0.0176885	0.061465	0.00828805	0.128798	0.0280247	0.00365092	0.00329935	0.00690473	0.0107207	0.0115456	0.0212719	0.0919725	0.107715	0.192645
75	0.0611921	0.0221281	0.00616327	0.00769464	0.131327	0.0195745	0.0106183	0.117977	0.0110172	0.151181	0.0520203	0.00525639	0.00352828	0.0067236	0.0152267	0.0137495	0.0271979	0.118129	0.0865031	0.132792
76	0.22334	0.0219216	0.00945769	0.0139176	0.0216092	0.0292501	0.00504602	0.0378399	0.0111059	0.0444489	0.00973931	0.0144249	0.00600297	0.00798328	0.0145102	0.208272	0.21114	0.0941056	0.00533819	0.0105458
77	0.0601742	0.00158895	0.131848	0.115826	0.00260822	0.0240656	0.0464112	0.00775799	0.0143033	0.00735822	0.0118627	0.155576	0.00771795	0.0585248	0.0346494	0.205485	0.0929542	0.0183952	0.00106953	0.00182365
78	0.0115796	0.0186363	0.0130067	0.00810863	0.0336885	0.0101711	0.103936	0.0526564	0.0542112	0.0683516	0.0309194	0.170514	0.00334957	0.0775114	0.127064	0.0243617	0.0247955	0.00918897	0.0253226	0.132627
79	0.267959	0.00760946	0.0107825	0.0142567	0.0109145	0.0230435	0.0105034	0.0204487	0.0514383	0.0924538	0.0148652	0.0126415	0.00546648	0.0363684	0.0310789	0.156852	0.161008	0.0648061	0.00340863	0.00409479
80	0.0569635	0.00930231	0.00743584	0.0096306	0.0346103	0.0137713	0.00899026	0.290686	0.0324606	0.0884491	0.166017	0.00975561	0.00344328	0.0113975	0.0151415	0.045311	0.0381973	0.139711	0.00783336	0.0108924
81	0.0337814	0.00151113	0.00820326	0.0379012	0.00310434	0.00409532	0.00739045	0.0026761	0.337793	0.0202693	0.0190229	0.0175978	0.000998036	0.0897304	0.278915	0.0663003	0.0364277	0.0204051	0.00523364	0.00864336
82	0.0178981	0.00290432	0.0566654	0.0299808	0.0112354	0.0149242	0.0181596	0.00590408	0.25611	0.00852965	0.00598555	0.112947	0.0114702	0.0328359	0.143019	0.159595	0.090086	0.00826016	0.00189823	0.0115909
83	0.032946	0.00658089	0.0106427	0.0402967	0.00866517	0.052806	0.00818536	0.0562064	0.0145525	0.0210164	0.0113803	0.0111476	0.0800545	0.186043	0.136603	0.0774951	0.151011	0.082964	0.00516062	0.00624252
84	0.0433715	0.00152995	0.253052	0.107413	0.0035886	0.0200057	0.0394179	0.00983008	0.0251559	0.00757623	0.00856774	0.150102	0.00701774	0.0586289	0.0341726	0.116812	0.0797346	0.0272475	0.001467	0.00530952
85	0.0396157	0.0182818	0.0119645	0.0142329	0.171711	0.018161	0.02355	0.0443702	0.0163063	0.0865798	0.0317166	0.0238369	0.00513001	0.0144262	0.0200015	0.019639	0.0294244	0.0677259	0.124053	0.219273
86	0.0869964	0.00415281	0.0288333	0.0626792	0.0125082	0.0141878	0.0132508	0.00855254	0.0380462	0.0560462	0.011314	0.0154687	0.406634	0.0451729	0.0340145	0.0948037	0.0375597	0.0212209	0.00336614	0.00519246
87	0.149004	0.0135486	0.0169184	0.017808	0.0196418	0.0729717	0.0139608	0.121071	0.0258071	0.0511322	0.0201285	0.0181389	0.0165686	0.0957254	0.0784333	0.0655578	0.100535	0.0841417	0.00665809	0.0122496
88	0.165374	0.018284	0.0324793	0.0306469	0.0279219	0.1539	0.0171195	0.0482723	0.0377619	0.0537122	0.0251454	0.0322137	0.0099319	0.0306935	0.047964	0.114444	0.0591973	0.0655571	0.0126559	0.0167248
89	0.0541079	0.00438888	0.0232556	0.0623353	0.00598484	0.0189182	0.0193016	0.00886395	0.241969	0.0304064	0.021612	0.0254902	0.00391244	0.0942898	0.233132	0.0584501	0.0378491	0.0377139	0.00700377	0.0110151
90	0.0473328	0.0124347	0.0270169	0.0323513	0.00974961	0.070977	0.0386411	0.0138222	0.160689	0.0418715	0.024655	0.064147	0.00975225	0.0835915	0.196455	0.0863786	0.0344573	0.0217668	0.00894035	0.0149703
91	0.0390259	0.00415781	0.0137176	0.0370029	0.00504365	0.0178896	0.0144398	0.00643968	0.274454	0.0266679	0.0229225	0.0250833	0.00330632	0.0880686	0.284445	0.0589437	0.0340343	0.0257443	0.00702642	0.0115868
92	0.0594898	0.0212395	0.012456	0.0102129	0.0241624	0.044025	0.0110245	0.0600091	0.0155843	0.185646	0.292541	0.010445	0.00626476	0.0147465	0.014655	0.0219163	0.0965357	0.08196	0.00716246	0.00992465
93	0.0375996	0.00191241	0.109754	0.369153	0.0041772	0.0144989	0.019366	0.0066102	0.0826703	0.0242274	0.00529752	0.0412831	0.00696608	0.0980414	0.0671929	0.0454087	0.0333245	0.0271686	0.00160087	0.00374667
94	0.0878534	0.00279061	0.0300387	0.0617624	0.00802782	0.0126561	0.0124521	0.008495	0.0347239	0.054239	0.00843229	0.0137766	0.428347	0.0457904	0.030433	0.0975269	0.0380782	0.0204691	0.00191362	0.00219397
95	0.0472047	0.00966621	0.000662222	0.00225373	0.0473177	0.00843507	0.00262555	0.256303	0.00140903	0.219392	0.0331364	0.00102279	0.00140178	0.00170239	0.00076433	0.00680128	0.0138732	0.335419	0.00127868	0.00933138
96	0.390758	0.0271838	0.00542164	0.00420994	0.030962	0.146702	0.00426855	0.0210675	0.00597406	0.0190765	0.00868073	0.00866136	0.00324397	0.00585627	0.00649387	0.221873	0.0578668	0.022079	0.00290629	0.00671519
97	0.040591	0.00413896	0.000690659	0.00584777	0.0195213	0.00603151	0.00276775	0.33134	0.00398141	0.130403	0.0202153	0.000953222	0.000746213	0.00431836	0.000884891	0.011326	0.0212209	0.389177	0.000986011	0.0048585
98	0.0323358	0.00157135	0.000821984	0.00694979	0.0111699	0.00196446	0.00214377	0.354546	0.00615476	0.0902755	0.0111636	0.000874183	0.000496986	0.00523541	0.00105586	0.0130437	0.0271729	0.430703	0.000499238	0.00182122
99	0.0483303	0.00358407	0.000962434	0.00619303	0.0104987	0.00513335	0.0020312	0.343115	0.00672107	0.0807678	0.0102245	0.00103033	0.000569525	0.00487363	0.0012629	0.0183549	0.0296146	0.42474	0.000642352	0.0013505
100	0.0436216	0.0407511	0.00261218	0.00290216	0.204845	0.00671775	0.00466298	0.134833	0.00441998	0.330013	0.014071	0.00595363	0.000836482	0.00323868	0.00553845	0.0104685	0.0255985	0.130296	0.00848543	0.020135
101	0.465883	0.0420634	0.00291363	0.00316821	0.029113	0.0847557	0.00270309	0.0116461	0.00303851	0.0139562	0.00956942	0.003362	0.00258401	0.00341694	0.00331321	0.24836	0.0514638	0.0148092	0.00146518	0.00241569
102	0.235241	0.0411714	0.003262	0.00670671	0.0273869	0.0338904	0.00331841	0.102505	0.00566695	0.0808239	0.0157897	0.00715389	0.00532091	0.00434783	0.00375182	0.105617	0.124067	0.181845	0.0036311	0.00850299
103	0.0304815	0.0014586	0.000756766	0.00723078	0.0136647	0.00199442	0.00256039	0.368041	0.00538542	0.0982888	0.01405	0.000841803	0.000519519	0.00552278	0.000991225	0.0111615	0.0223214	0.411928	0.000466032	0.00233503
104	0.0394737	0.0115139	0.00793862	0.00936957	0.0404461	0.015196	0.00749991	0.211225	0.0144612	0.247418	0.120642	0.00964616	0.00460591	0.0110462	0.0155635	0.021235	0.0372905	0.154795	0.00767719	0.0129559
105	0.408775	0.0269381	0.00349085	0.00244771	0.0350235	0.147688	0.00340592	0.0236801	0.00388281	0.0176965	0.00786309	0.0061949	0.00230424	0.00330781	0.00347736	0.220323	0.0541251	0.0196263	0.00266449	0.00708595
106	0.110489	0.0360837	0.00669791	0.00405305	0.0710049	0.046131	0.00691892	0.127416	0.0102616	0.113644	0.0449565	0.0138134	0.00187117	0.00688473	0.00970889	0.12437	0.0970989	0.132958	0.0108003	0.0248388
107	0.170727	0.0391064	0.00298694	0.00427391	0.0561356	0.0281169	0.00282098	0.145663	0.00401092	0.162225	0.0232335	0.00409784	0.00344447	0.0029354	0.00318676	0.0548249	0.065763	0.210306	0.00568533	0.0104564
108	0.271683	0.0313871	0.00684604	0.00324565	0.0581106	0.111839	0.00604365	0.0452825	0.00819355	0.0337502	0.011672	0.0144268	0.00218227	0.00599109	0.00638622	0.223603	0.0822334	0.0501461	0.00689853	0.0200796
109	0.036563	0.0418148	0.00174931	0.00174256	0.22985	0.00182547	0.00156768	0.128887	0.00196547	0.386953	0.00316545	0.00550098	0.000774139	0.0017557	0.00182449	0.00414465	0.0188824	0.127942	0.00150648	0.00158431
110	0.13963	0.0119118	0.0200034	0.0251321	0.0209481	0.0922142	0.0251625	0.0369996	0.0519887	0.0857034	0.0244514	0.0330718	0.022898	0.135814	0.0641094	0.0800099	0.0578438	0.04737	0.00810714	0.0166301
111	0.0349194	0.00329952	0.000672548	0.00541675	0.0213737	0.00385865	0.00283407	0.326265	0.00374457	0.138669	0.0224806	0.00080195	0.000788899	0.00418218	0.000797962	0.00898217	0.0184261	0.396543	0.000717246	0.0052265
112	0.0365382	0.0359969	0.00152944	0.001549	0.204318	0.00235948	0.00177104	0.145882	0.00194948	0.379764	0.00725424	0.00465508	0.0008759	0.00162845	0.00192535	0.00375867	0.0178667	0.146095	0.00151634	0.00276727
113	0.0218216	0.00958698	0.00524909	0.0101784	0.0675716	0.0110253	0.0118567	0.220988	0.0249472	0.239033	0.0996138	0.0120301	0.0010766	0.0146419	0.0459884	0.0129468	0.0535817	0.0982257	0.016139	0.0234979
114	0.0311361	0.000909495	0.151984	0.536758	0.00205471	0.0143866	0.0069654	0.00350025	0.0381787	0.0166006	0.00227043	0.0420424	0.00489204	0.0628164	0.0185951	0.0142043	0.0278517	0.0226361	0.000971023	0.00124726
115	0.467269	0.027204	0.00240423	0.0024838	0.026492	0.144473	0.00225334	0.0124711	0.00271866	0.0131578	0.0069722	0.00322222	0.00299832	0.00278823	0.00263097	0.221608	0.0427269	0.0124466	0.00136536	0.00231397
116	0.142547	0.0221571	0.000534464	0.000733904	0.033267	0.0473286	0.000524816	0.196934	0.000889126	0.119954	0.0237265	0.000693881	0.000427756	0.000622171	0.000628827	0.0357267	0.0685579	0.300628	0.00218521	0.00193333
117	0.0438158	0.000782927	0.0571352	0.243627	0.00112391	0.00478324	0.0349754	0.00483159	0.145423	0.0254216	0.00253959	0.0267263	0.000854562	0.137683	0.123186	0.0739324	0.0366036	0.0349919	0.00068865	0.000873953
118	0.0440108	0.000751601	0.0574537	0.24613	0.00101244	0.00435497	0.0350205	0.00505197	0.142856	0.0253613	0.0020481	0.0262435	0.000765792	0.13971	0.120772	0.0742781	0.0377762	0.0351122	0.000586755	0.000703981
119	0.0173233	0.0111457	0.00117913	0.00148177	0.0145473	0.00241101	0.00243125	0.132682	0.00159057	0.544822	0.126659	0.00123696	0.00916629	0.0019422	0.00212887	0.0028839	0.00551624	0.118045	0.000708137	0.00209935
120	0.0465298	0.00785298	0.000564034	0.00188858	0.0410618	0.00749194	0.00362279	0.27126	0.000722211	0.21181	0.0362435	0.000729616	0.00123879	0.00147821	0.000530698	0.00405323	0.00700684	0.340333	0.00154755	0.0140346
121	0.0250721	0.0119612	0.00680867	0.0104525	0.0699179	0.0114685	0.0184376	0.190089	0.0288043	0.239397	0.109063	0.0207975	0.00114862	0.0170005	0.0495016	0.0149542	0.0519352	0.0710299	0.0199076	0.0322533
122	0.0407622	0.0222429	0.0307615	0.0170464	0.128785	0.0421624	0.0115156	0.0728934	0.0173041	0.0975622	0.0504176	0.0227568	0.0207158	0.0109299	0.0144099	0.0764003	0.0381717	0.0584966	0.0986329	0.128033
123	0.0204417	0.00544193	0.0505873	0.0620993	0.0277924	0.0577104	0.00958754	0.0740982	0.0374925	0.194657	0.0796272	0.0330178	0.0222584	0.0457339	0.0134921	0.0450019	0.101862	0.101523	0.00956211	0.00801366
124	0.0615988	0.0209206	0.0032169	0.00505955	0.0594122	0.0227477	0.00588857	0.229543	0.0113652	0.182971	0.0727787	0.0062005	0.000974181	0.00634083	0.0195491	0.0171236	0.0503626	0.186725	0.0127348	0.0244871
125	0.12091	0.0398711	0.0135442	0.0025567	0.0675863	0.0768021	0.00813889	0.0845492	0.0140024	0.0493576	0.0129537	0.0314916	0.00167207	0.00602842	0.00744279	0.219996	0.100686	0.0892903	0.0141551	0.038965
126	0.0871452	0.0131803	0.000752902	0.00280224	0.0230796	0.0235546	0.0014314	0.259746	0.00374487	0.106009	0.018721	0.000872276	0.000524772	0.00229218	0.00125245	0.0386653	0.0688205	0.344348	0.00147333	0.00158406
127	0.0157422	0.0157855	0.00238715	0.00297255	0.021726	0.00431124	0.00393812	0.12367	0.00484645	0.518422	0.152904	0.00326771	0.00836316	0.00353487	0.00767424	0.00481488	0.0152299	0.0813976	0.00340686	0.00560598
128	0.1427	0.0222291	0.000530667	0.00072865	0.0333013	0.0474457	0.000521967	0.196642	0.000881219	0.120075	0.0237348	0.000691714	0.00042885	0.000625424	0.000620152	0.0355468	0.0683045	0.300899	0.00215848	0.00193506
129	0.11511	0.0405143	0.00962797	0.00150572	0.0823874	0.072862	0.00818956	0.0808789	0.0106523	0.0522791	0.0138916	0.02512	0.00123357	0.00531352	0.0067398	0.233262	0.105273	0.0828794	0.0117933	0.0404865
130	0.364251	0.0145688	0.00374411	0.0192358	0.00511413	0.0110981	0.00383214	0.0148805	0.0102464	0.0558432	0.00586553	0.00590596	0.00920537	0.00770947	0.00707881	0.0981818	0.226973	0.130711	0.00211477	0.00343958
131	0.135736	0.0214937	0.000978751	0.00167257	0.026959	0.0349356	0.00161833	0.205543	0.00252227	0.107572	0.0222203	0.00165419	0.0010288	0.00177626	0.00181856	0.0507859	0.0915545	0.284822	0.00256593	0.0027426
132	0.141033	0.0219024	0.000533031	0.000734844	0.0337741	0.0469497	0.000563338	0.197506	0.000873164	0.121707	0.0239077	0.000684732	0.0004457	0.000656046	0.000616619	0.0347774	0.0668953	0.302094	0.00216351	0.00218244
133	0.0545594	0.00616827	0.000722956	0.00481312	0.0202389	0.0106787	0.00185235	0.307572	0.0039969	0.113983	0.0158275	0.000746057	0.0004949	0.00349754	0.000870758	0.0162189	0.0364834	0.397491	0.000908133	0.00287641
134	0.0450241	0.00642255	0.0343492	0.0669792	0.00984687	0.025962	0.0243422	0.017782	0.224161	0.0381848	0.0225924	0.0393527	0.0111227	0.0886911	0.177808	0.0729897	0.0434725	0.0317312	0.00647839	0.0127078
135	0.0365096	0.0419025	0.00176786	0.00174101	0.230397	0.00182165	0.00163292	0.128379	0.00197282	0.386836	0.0031744	0.00553961	0.000771736	0.00176128	0.00189801	0.00416278	0.0190274	0.127613	0.00151684	0.00157487
136	0.14215	0.0223704	0.00053652	0.00073515	0.0339412	0.0472471	0.000570969	0.196738	0.000898468	0.121055	0.0240752	0.00067981	0.000443798	0.000620567	0.000620813	0.0349621	0.0672507	0.30052	0.00222716	0.00235692
137	0.012789	0.0118765	0.0013377	0.00134579	0.0108538	0.00183529	0.00242725	0.103573	0.00150941	0.604461	0.143555	0.00139431	0.0106296	0.00194443	0.00225973	0.00243195	0.00495359	0.0791313	0.000685826	0.00100473
138	0.0596638	0.0168996	0.00729932	0.00989514	0.149916	0.0123823	0.0127453	0.0371729	0.00823999	0.0711819	0.0492569	0.00505743	0.0044436	0.00726264	0.0228654	0.0143069	0.0501133	0.0862569	0.156504	0.218536
139	0.0368654	0.0366332	0.00151472	0.00150133	0.206471	0.00215038	0.00156914	0.142731	0.00175075	0.383771	0.00657088	0.0046715	0.000881273	0.00153869	0.00156189	0.00365818	0.0179373	0.144139	0.00156953	0.00251482
140	0.0543064	0.023263	0.00624981	0.00939758	0.179734	0.0144464	0.0147401	0.0732116	0.00860871	0.128562	0.0292679	0.00326576	0.00387294	0.00628423	0.0097784	0.0102403	0.0201677	0.104899	0.111577	0.188127
141	0.146155	0.0676557	0.011281	0.014449	0.0766898	0.035167	0.012994	0.07663	0.0224025	0.122675	0.0323824	0.0193342	0.00888383	0.017865	0.0277834	0.097303	0.0618356	0.094906	0.0129394	0.0406689
142	0.0338904	0.00166791	0.00731161	0.0341966	0.00330825	0.00413276	0.00832552	0.00286924	0.333435	0.0239614	0.0219642	0.0144617	0.00104805	0.0991384	0.286114	0.0510653	0.033215	0.0235712	0.00594166	0.0103813
143	0.138992	0.0127578	0.0118897	0.0145181	0.00335614	0.0158489	0.00273675	0.01141	0.0187366	0.0252316	0.00726064	0.0188123	0.00120621	0.00801164	0.0477132	0.338925	0.302382	0.00784746	0.0104065	0.00195785
144	0.0777164	0.0597838	0.0155511	0.00352896	0.119679	0.0462986	0.00656946	0.0753562	0.0218993	0.0377272	0.0281088	0.0170192	0.00309295	0.00604597	0.00691025	0.226134	0.0825557	0.0804686	0.0180961	0.0674585
145	0.0248572	0.00511873	0.0700008	0.0342122	0.0152764	0.0350461	0.023937	0.00937927	0.184928	0.0157326	0.00992326	0.123049	0.0157247	0.0483638	0.122289	0.149193	0.0789543	0.0120028	0.00386507	0.0181474
146	0.0629934	0.00174796	0.150768	0.100584	0.00296292	0.0172773	0.0342031	0.0127735	0.0149254	0.0084019	0.00933096	0.192548	0.00694342	0.0618786	0.0269255	0.171717	0.088306	0.0263152	0.00137398	0.00802398
147	0.0519827	0.000966091	0.151126	0.14975	0.00204582	0.0202867	0.0419446	0.00594044	0.0207042	0.00535076	0.00906284	0.152681	0.0193796	0.0648183	0.0324669	0.158975	0.0883337	0.0217821	0.000847784	0.00155478
148	0.132593	0.0215263	0.00246833	0.00388233	0.0293884	0.0369061	0.00277015	0.175078	0.00505149	0.0913206	0.0189112	0.00606631	0.00205067	0.0033389	0.00326836	0.0941735	0.101476	0.258189	0.00365776	0.00788313
149	0.0592638	0.00577898	0.000812959	0.00524564	0.0136486	0.00972089	0.00164031	0.319287	0.0054846	0.0880815	0.0116928	0.000945172	0.000585665	0.00423244	0.00105931	0.019568	0.0379744	0.412805	0.000764861	0.00140833
150	0.0447333	0.00402988	0.0475654	0.191093	0.00361164	0.0262304	0.0398156	0.00732184	0.142041	0.0322494	0.00879672	0.034411	0.00294297	0.126271	0.139355	0.0780302	0.0330941	0.031056	0.00312607	0.00422595
151	0.341246	0.0158464	0.00540826	0.014384	0.00757914	0.0168597	0.00378251	0.0123918	0.0105612	0.0414206	0.00605114	0.00843592	0.00555948	0.00786989	0.0133626	0.141721	0.260165	0.0800521	0.00345787	0.00384597
152	0.0446562	0.0309602	0.0067932	0.00893685	0.177708	0.0130388	0.0182997	0.0778097	0.00820067	0.150749	0.0344536	0.00535226	0.0033827	0.00860491	0.0103126	0.015981	0.0217427	0.113352	0.063392	0.186274
153	0.431001	0.0276591	0.00364604	0.00325711	0.0290818	0.135043	0.00344538	0.0190818	0.00509398	0.0184684	0.00820183	0.00575857	0.00292611	0.00487596	0.00624618	0.216783	0.0508733	0.0212084	0.0021535	0.00519553
154	0.0260776	0.00598586	0.0913218	0.0970108	0.0204481	0.0324794	0.0242264	0.0446267	0.113896	0.0773033	0.0413645	0.0848652	0.0048526	0.116796	0.0753776	0.0441864	0.0391673	0.038357	0.00678852	0.0148691
155	0.0413388	0.00373406	0.400238	0.121796	0.00770664	0.0299232	0.0472757	0.0148158	0.0354213	0.0176022	0.00842951	0.0617012	0.00739865	0.0323142	0.03057	0.0534762	0.0427437	0.0348572	0.00268256	0.00597431
156	0.125939	0.014458	0.0606369	0.0544302	0.0291475	0.048908	0.0817063	0.035952	0.0533407	0.0531947	0.0239951	0.0448374	0.0196002	0.0550468	0.0626059	0.0945832	0.0575031	0.0525801	0.0101471	0.021388
157	0.021055	0.0128287	0.00673487	0.0261699	0.117	0.0226821	0.065019	0.0935906	0.0197675	0.212114	0.0457389	0.0212554	0.00337162	0.0300975	0.0630126	0.01502	0.0286704	0.0430888	0.0458941	0.106889
158	0.0429089	0.0183221	0.0327857	0.0300713	0.105431	0.0318758	0.0280451	0.0571935	0.0408655	0.0813664	0.0286598	0.145835	0.00840306	0.0423549	0.0472987	0.0683918	0.0545579	0.0500014	0.019019	0.0666138
159	0.0379634	0.00399448	0.395094	0.125805	0.0134743	0.0300487	0.0476765	0.0126504	0.0372145	0.0166126	0.00801672	0.0568134	0.00723716	0.0309025	0.0315683	0.0517062	0.0436921	0.0349719	0.00421458	0.0103434
160	0.145109	0.0269218	0.00149224	0.00164543	0.0313333	0.0403573	0.00152666	0.196484	0.00292051	0.101324	0.0204179	0.00286514	0.00103503	0.00170789	0.00151956	0.0585881	0.0690605	0.286935	0.00292161	0.00583542
161	0.0453822	0.00713468	0.000617078	0.00215256	0.0389803	0.00751617	0.00335463	0.270908	0.000851876	0.221776	0.0387898	0.00072728	0.00160092	0.00163064	0.000542851	0.00390691	0.00629495	0.334247	0.00137067	0.0122159
162	0.153039	0.0359137	0.0110604	0.00725906	0.0747395	0.0581543	0.0077701	0.060361	0.0152565	0.0483216	0.0190995	0.0195997	0.00340332	0.00843546	0.0143478	0.227037	0.127044	0.0679028	0.0112107	0.0300443
163	0.0448085	0.00913118	0.0886201	0.0904673	0.017813	0.0309233	0.0380727	0.0264089	0.0582419	0.0369805	0.0192414	0.172408	0.00981842	0.0633533	0.0668384	0.0889002	0.0634456	0.0286753	0.00952203	0.0363304
164	0.127527	0.0215777	0.000632894	0.000875554	0.0307805	0.0392381	0.000781132	0.201346	0.00172654	0.116723	0.0259917	0.000914289	0.000531329	0.0008412	0.000668933	0.0486701	0.0833931	0.293342	0.00237222	0.00206724
165	0.114071	0.0180899	0.00067085	0.00126234	0.0355712	0.0388011	0.00110124	0.219815	0.00113104	0.137712	0.0251395	0.000687864	0.000539404	0.000995044	0.000658017	0.0261281	0.0522092	0.319024	0.00195935	0.00443318
166	0.416505	0.0261627	0.00465872	0.00378225	0.030131	0.140441	0.00415573	0.020364	0.0056526	0.020739	0.00858899	0.00652434	0.00686587	0.00517425	0.00545563	0.214606	0.0502955	0.0218437	0.00267801	0.00537629
167	0.0138459	0.0137585	0.00137467	0.0016576	0.0184119	0.00262055	0.00301158	0.109953	0.00270822	0.582878	0.136927	0.00185078	0.00938403	0.0025622	0.00444752	0.00310102	0.00822813	0.079012	0.00175545	0.00251263
168	0.151882	0.0231554	0.000732025	0.000813888	0.0288259	0.0441718	0.000742567	0.202827	0.00141214	0.108747	0.021528	0.00100293	0.000595459	0.000958965	0.00104552	0.038993	0.0657553	0.303077	0.00198311	0.00175062
169	0.47255	0.0526904	0.0024956	0.00262443	0.034905	0.0658003	0.00232225	0.0110316	0.00260594	0.0126891	0.0116892	0.00291692	0.00197821	0.00280283	0.00289692	0.256496	0.0470875	0.0110835	0.00144076	0.00189375
170	0.317247	0.0188967	0.00572018	0.0131653	0.0144303	0.0629554	0.00529014	0.0389534	0.0111917	0.071657	0.0134034	0.00957213	0.0295479	0.00984833	0.00770492	0.119882	0.0846154	0.154596	0.00377424	0.00754828
171	0.0458357	0.00794902	0.00063925	0.00209699	0.0422287	0.00781349	0.00356235	0.265331	0.00146684	0.222958	0.0412541	0.000953039	0.00147783	0.00161471	0.00186755	0.0040024	0.00771202	0.325076	0.00196978	0.0141908
172	0.017473	0.0132408	0.00144131	0.00183746	0.0211706	0.00303605	0.00274471	0.126889	0.00303208	0.533305	0.134975	0.00215145	0.00887105	0.00260418	0.00575565	0.00305768	0.00882524	0.10308	0.00223995	0.00427027
173	0.455291	0.0237984	0.00350629	0.00324601	0.0244458	0.155446	0.00298225	0.0131106	0.00388025	0.0158999	0.00724681	0.00412904	0.00354309	0.00540504	0.00405582	0.200016	0.0516914	0.0177012	0.00190324	0.00270174
174	0.0776572	0.00603634	0.0885283	0.0214069	0.0146616	0.0194484	0.011994	0.0751188	0.0475365	0.0445528	0.0135183	0.179492	0.00511122	0.0765529	0.0175888	0.109112	0.0785	0.0509294	0.00573068	0.0565235
175	0.0255109	0.00855241	0.0509208	0.0549928	0.0193736	0.0896596	0.0261487	0.024236	0.0661331	0.0399767	0.0183084	0.144273	0.00767081	0.0420018	0.0475197	0.0647284	0.0267972	0.0208717	0.12931	0.0930139
176	0.0402359	0.0182433	0.00840839	0.0115589	0.151013	0.0164937	0.0199124	0.0990331	0.0205817	0.155161	0.0484189	0.0105156	0.00426516	0.00972003	0.0223855	0.0164268	0.029398	0.0804745	0.0944505	0.143303
177	0.024523	0.0105511	0.00114342	0.00200413	0.0246839	0.00369095	0.00233838	0.151914	0.00277656	0.474993	0.121807	0.00182687	0.00821062	0.00198435	0.00418195	0.00313686	0.00796959	0.145187	0.00218332	0.00489401
178	0.0396985	0.00414306	0.406853	0.134058	0.00783971	0.0288298	0.0458503	0.0121521	0.0336475	0.0184065	0.00882144	0.0593366	0.00587514	0.0281973	0.0265455	0.0500719	0.045288	0.035472	0.00315725	0.00575559
179	0.185725	0.00846173	0.021809	0.0481886	0.00849475	0.0241347	0.00926652	0.00685607	0.0276059	0.0452779	0.00771802	0.0123076	0.34419	0.0345136	0.0227957	0.108335	0.047708	0.0317297	0.00236094	0.00252102
180	0.120862	0.0189899	0.000582366	0.000922263	0.0278259	0.0351587	0.000804401	0.210887	0.00189674	0.115773	0.0233145	0.000778353	0.000517784	0.000840747	0.000720527	0.0442833	0.0843554	0.307645	0.00208813	0.00175366
181	0.167303	0.0186849	0.0333542	0.0308498	0.0276426	0.165608	0.0185457	0.0411352	0.0396	0.049925	0.0198038	0.0317467	0.0098679	0.0331268	0.054601	0.121823	0.055398	0.0574723	0.00987125	0.0136406
182	0.454053	0.025797	0.00312702	0.00330945	0.0259788	0.147302	0.00271243	0.0132749	0.00373086	0.0161735	0.00723894	0.00435079	0.00383663	0.00362849	0.00398932	0.215087	0.0452257	0.0166184	0.00159996	0.00296533
183	0.038886	0.00571008	0.000656756	0.00437298	0.0326122	0.00617564	0.00359303	0.31662	0.00166907	0.188407	0.0358567	0.000780983	0.00109631	0.00328242	0.000638598	0.00509138	0.00893006	0.334546	0.00119047	0.00988447
184	0.0469407	0.00760598	0.000550122	0.00188503	0.0402971	0.00804264	0.00319414	0.265195	0.00070802	0.225646	0.0390896	0.000688642	0.00163098	0.00139515	0.000525615	0.00389806	0.00656473	0.332182	0.00142343	0.0125372
185	0.0306057	0.0117195	0.0021952	0.00391317	0.0434073	0.00653434	0.00459561	0.21507	0.00491697	0.352024	0.0696296	0.00365242	0.00407234	0.00438928	0.00721206	0.00757429	0.0169815	0.199614	0.00357601	0.00831729
186	0.420833	0.0517002	0.00351985	0.00297229	0.0344485	0.0647325	0.00286224	0.0171721	0.00452185	0.0172655	0.0107638	0.00529373	0.00308353	0.00336197	0.00527349	0.260622	0.0639429	0.0199928	0.00259151	0.00504576
187	0.0459931	0.00729913	0.000585863	0.001945	0.0401458	0.00794031	0.00317892	0.265285	0.00071958	0.228162	0.0399201	0.000689845	0.00169535	0.00142499	0.000536467	0.00366297	0.00610189	0.331172	0.00136291	0.0121792
188	0.0407881	0.0174304	0.0140116	0.0169592	0.159704	0.0215712	0.0232213	0.0407334	0.0170523	0.084288	0.0330521	0.0256231	0.0046821	0.0134557	0.0202363	0.0230188	0.0345287	0.0665044	0.130578	0.212561
189	0.0702804	0.00983219	0.00168824	0.00514371	0.0203804	0.0173001	0.00242933	0.283059	0.00546907	0.101802	0.0186035	0.0019056	0.00091769	0.00405787	0.00250761	0.0306048	0.0578862	0.361467	0.00181206	0.00285303
190	0.0317397	0.00900211	0.00586498	0.0100256	0.042792	0.0114918	0.00737037	0.342158	0.0189172	0.0974956	0.205912	0.00807426	0.00333517	0.010836	0.0122491	0.022065	0.0283336	0.114494	0.00721034	0.0106325
191	0.10679	0.0387474	0.00944418	0.00180661	0.068017	0.0769057	0.0106464	0.0896174	0.0105987	0.0458657	0.0118756	0.0279117	0.0011851	0.00510698	0.00978024	0.228935	0.104022	0.0963106	0.0112882	0.0451464
192	0.0595427	0.00352064	0.099242	0.112391	0.00402383	0.0174644	0.032378	0.0107143	0.0178487	0.0104053	0.020809	0.157329	0.00754738	0.0455443	0.0305358	0.211558	0.135279	0.0186627	0.00261828	0.00258583
193	0.0628014	0.0187931	0.0179601	0.0220699	0.0927863	0.0302281	0.018946	0.0607802	0.0276592	0.0953624	0.043422	0.033262	0.00962001	0.0194511	0.0296098	0.047687	0.0479634	0.0694047	0.136343	0.115851
