979	20
1	0.0929635	0.00492737	0.0149172	0.055314	0.0164125	0.0164478	0.0219488	0.130557	0.0618198	0.112886	0.0269183	0.021701	0.0244834	0.0507149	0.0486554	0.0721644	0.0419895	0.177886	0.00204648	0.0052471
2	0.105429	0.0106903	0.0596577	0.0759658	0.00836252	0.24337	0.0195044	0.0106357	0.0621433	0.0296935	0.00727853	0.0729955	0.00795825	0.0305556	0.0347163	0.14822	0.0410226	0.0240835	0.00221557	0.00550223
3	0.19695	0.0139812	0.0335513	0.0406405	0.00576248	0.0438222	0.0163981	0.0138829	0.0445605	0.0364338	0.0080657	0.0520528	0.0130397	0.0324256	0.0245106	0.253975	0.136727	0.0277244	0.000846472	0.00464967
4	0.0287085	0.0363283	0.00585575	0.0433239	0.0302284	0.019301	0.0712592	0.0235653	0.169952	0.079436	0.0313046	0.0378595	0.00409873	0.111341	0.171743	0.0485327	0.0305522	0.0205418	0.0109503	0.0251178
5	0.0975789	0.0646967	0.00285213	0.00939944	0.0134533	0.00828875	0.0101201	0.200001	0.00445101	0.0460973	0.0360824	0.00418265	0.00236561	0.0118252	0.00398282	0.0611435	0.0377541	0.373004	0.00118258	0.0115387
6	0.0195901	0.00897144	0.0116723	0.0111823	0.323801	0.00521936	0.015979	0.0278295	0.0111214	0.167214	0.0396023	0.0106817	0.00924593	0.0221347	0.0132473	0.0233964	0.0154279	0.03017	0.107274	0.12624
7	0.0862971	0.0384489	0.00272536	0.0119717	0.0194724	0.00492142	0.0144122	0.23518	0.00460441	0.0722692	0.0291789	0.00381528	0.00230517	0.0205086	0.00423517	0.0599922	0.0384403	0.329527	0.00116461	0.0205302
8	0.112456	0.00714021	0.0303967	0.0639601	0.0225015	0.0344988	0.0315287	0.0366057	0.072964	0.0756968	0.0162296	0.0261512	0.144793	0.073048	0.0537148	0.101048	0.0534993	0.0330611	0.00170098	0.00900477
9	0.0163123	0.0251519	0.193299	0.0649658	0.0320571	0.0102596	0.253105	0.0093641	0.01419	0.018578	0.00777982	0.112796	0.0116357	0.0356316	0.0204866	0.0626359	0.0288345	0.00883233	0.00483589	0.069249
10	0.143703	0.00678907	0.0473638	0.0602109	0.00933281	0.0148297	0.0262986	0.014975	0.0663204	0.0314854	0.00902024	0.0292015	0.158064	0.0569615	0.0433342	0.181816	0.0757189	0.017345	0.000603312	0.00662705
11	0.0443676	0.0133458	0.081733	0.0541706	0.00853039	0.0842454	0.0355422	0.0132651	0.138112	0.0124545	0.0108718	0.184394	0.00695191	0.0192019	0.0693117	0.150682	0.0417276	0.0181408	0.00437241	0.00857869
12	0.0462234	0.00687625	0.0023061	0.00462872	0.0351686	0.00111083	0.00218402	0.254177	0.00320682	0.317071	0.0504838	0.00250433	0.0064317	0.007419	0.00453294	0.0113567	0.0408961	0.194096	0.00253468	0.00679181
13	0.017273	0.00829678	0.0123612	0.0224485	0.188769	0.0158648	0.231238	0.0175433	0.0091021	0.0949033	0.00981169	0.0427482	0.0863867	0.0599651	0.0150206	0.0261622	0.0277567	0.0166231	0.00557075	0.0921546
14	0.122328	0.00605641	0.0198744	0.0433878	0.0239664	0.021406	0.0280238	0.0665741	0.0454771	0.102461	0.0218153	0.0162625	0.185583	0.0552168	0.0426216	0.0955475	0.0399827	0.0510186	0.00171068	0.0106868
15	0.0206949	0.0213089	0.00692987	0.0264511	0.0095769	0.0127125	0.0229684	0.0599458	0.201165	0.0759782	0.0409646	0.0509389	0.00339275	0.0527183	0.193522	0.0621527	0.0828236	0.0400403	0.00514588	0.0105697
16	0.0554824	0.035444	0.0918832	0.0505313	0.0145376	0.0793552	0.0267843	0.0169144	0.0727902	0.0248649	0.0616043	0.132423	0.0121355	0.026002	0.0998132	0.113042	0.04615	0.0227332	0.0045539	0.0129549
17	0.146315	0.00751966	0.0248868	0.0271546	0.00637481	0.00730438	0.00744001	0.00870888	0.00974584	0.0112294	0.0913044	0.150382	0.0630428	0.0111713	0.00798766	0.0196761	0.269423	0.122188	0.00195293	0.00619255
18	0.164411	0.0198739	0.0676926	0.133856	0.0148261	0.0932149	0.0196914	0.0194138	0.0308514	0.0720117	0.0177063	0.0586343	0.00179075	0.0359044	0.00795081	0.167611	0.0163389	0.046678	0.00207043	0.00947275
19	0.121581	0.00962611	0.0727249	0.0415857	0.00565473	0.210655	0.0314698	0.00642827	0.0183806	0.0230712	0.00811434	0.0474596	0.0800767	0.0486303	0.0594213	0.0917578	0.0947863	0.0173433	0.00219696	0.00903635
20	0.138532	0.0103564	0.0348899	0.0509518	0.0255077	0.0190154	0.0152907	0.0863416	0.0398395	0.0742338	0.0188281	0.0319424	0.0340198	0.0408019	0.0234924	0.133207	0.0899128	0.11718	0.00382311	0.0118338
21	0.0323362	0.00297167	0.337709	0.286042	0.00447901	0.0176581	0.00797198	0.0079112	0.0359044	0.00900446	0.00370529	0.0746064	0.0131046	0.0396678	0.0167702	0.0559477	0.0339967	0.0151899	0.000271211	0.00475249
22	0.0346509	0.00720627	0.30967	0.135679	0.00577438	0.029281	0.0218837	0.013105	0.036357	0.0166832	0.00659817	0.15196	0.0181991	0.0378536	0.023444	0.081205	0.0405925	0.0146509	0.00132288	0.0138839
23	0.017297	0.00657764	0.00209752	0.00609518	0.0496999	0.0034296	0.00589955	0.074098	0.00578304	0.608367	0.0930214	0.00536571	0.00393926	0.0159118	0.00737214	0.01391	0.0154549	0.05568	0.00213037	0.00787026
24	0.0600357	0.0151065	0.00866707	0.0221439	0.014832	0.010668	0.0117084	0.162244	0.0516416	0.0842401	0.0328515	0.0253169	0.00907933	0.0224298	0.0515854	0.0715338	0.140273	0.194669	0.00270454	0.00826976
25	0.0696033	0.00770906	0.0150754	0.0405222	0.0285323	0.0475113	0.0148396	0.0172372	0.102964	0.014839	0.01474	0.0690388	0.0165759	0.0308644	0.206634	0.140476	0.137696	0.0143213	0.00265892	0.00816152
26	0.0155668	0.0070841	0.00158167	0.00469207	0.0498877	0.00298273	0.00347912	0.0708996	0.00516949	0.653808	0.0740342	0.00459479	0.00324936	0.011569	0.00393803	0.0134948	0.013306	0.0520212	0.00154271	0.00709841
27	0.16497	0.0159225	0.0270643	0.0245713	0.00894126	0.0396012	0.00695408	0.010228	0.0260459	0.0202101	0.00530216	0.0430656	0.0380848	0.0284409	0.0143741	0.372949	0.11789	0.0287642	0.00213677	0.0044837
28	0.0062295	0.0207178	0.0308681	0.0310413	0.109838	0.00394616	0.324711	0.00678355	0.00426187	0.0262545	0.00942644	0.0927782	0.0131471	0.0363089	0.02118	0.0295743	0.00925485	0.0116893	0.00815345	0.203836
29	0.0242914	0.00746363	0.00159733	0.00498323	0.0438589	0.00218143	0.00459394	0.178031	0.00611097	0.474251	0.0606288	0.00415582	0.00439441	0.0104622	0.0069101	0.012875	0.0240652	0.119816	0.0021654	0.00716473
30	0.00894882	0.0237887	0.0388464	0.041376	0.0560358	0.00677572	0.37627	0.00642086	0.00712288	0.0235255	0.00887352	0.138209	0.0133329	0.0489315	0.0235448	0.0367571	0.0132616	0.0114543	0.00650531	0.11002
31	0.0415241	0.00457512	0.162099	0.41967	0.00515564	0.0285092	0.0134607	0.0166327	0.0410383	0.020043	0.0113316	0.0321154	0.0133327	0.0617828	0.020566	0.0457464	0.0276338	0.0236789	0.00241584	0.00868855
32	0.174379	0.0048687	0.00919815	0.0257932	0.0065739	0.0124061	0.0103255	0.0271101	0.0163937	0.0134799	0.0119154	0.020389	0.480631	0.0187149	0.0175711	0.0820939	0.0388684	0.0244126	0.000939214	0.00393667
33	0.51671	0.0247162	0.00831162	0.0134882	0.00196052	0.102235	0.00248118	0.0123204	0.0093643	0.0108465	0.00151304	0.00604187	0.00412905	0.00548002	0.00476614	0.201685	0.0441747	0.0272904	0.000433005	0.00205207
34	0.0149325	0.00293307	0.00121107	0.00345123	0.0114612	0.00091411	0.00192603	0.458379	0.0026937	0.158865	0.0218814	0.00135397	0.00262253	0.00281969	0.00332603	0.00660068	0.0295393	0.271315	0.000383034	0.00339085
35	0.0324741	0.00745087	0.00194788	0.00627069	0.0368723	0.00252017	0.00440685	0.251076	0.00759317	0.318981	0.0508486	0.00432731	0.00611198	0.00960165	0.009445	0.0168193	0.0361735	0.186768	0.00331158	0.00700005
36	0.00543812	0.0272017	0.0485362	0.0533202	0.0529979	0.00324198	0.383552	0.00477394	0.00401429	0.0223662	0.0077077	0.103797	0.0106542	0.0576482	0.0266328	0.034078	0.00857633	0.0100933	0.00971247	0.125658
37	0.267025	0.0504478	0.0218665	0.0160773	0.00649863	0.0463041	0.00927017	0.0127287	0.0140749	0.0159015	0.00663853	0.156796	0.00968161	0.0112416	0.0152758	0.252516	0.0538544	0.0216064	0.0011969	0.0109978
38	0.0199343	0.0065276	0.00133984	0.00400624	0.0475576	0.00221406	0.00420626	0.159504	0.00535011	0.517885	0.0739367	0.00363935	0.00361126	0.0115321	0.00600139	0.0114216	0.0195771	0.0919945	0.00241296	0.00734768
39	0.0259025	0.0114553	0.0315132	0.0545918	0.00579804	0.0132486	0.0456071	0.0107713	0.237999	0.0140783	0.0162102	0.0730117	0.00521574	0.0922093	0.20433	0.0970692	0.0452944	0.00437367	0.00246176	0.00885886
40	0.14837	0.0126765	0.0190732	0.0352637	0.0228967	0.0207281	0.0163145	0.0959828	0.0448022	0.0841781	0.0278547	0.0381419	0.00470649	0.0257843	0.0253371	0.0989546	0.112382	0.153288	0.00635796	0.00690811
41	0.0242323	0.0144804	0.0108367	0.023398	0.0114326	0.014729	0.024228	0.0194924	0.183825	0.0250185	0.0124019	0.0292965	0.00514378	0.0830549	0.417521	0.0443355	0.0278477	0.0158301	0.0033708	0.00952496
42	0.00234592	0.00156531	0.00161014	0.00146315	0.316625	0.00429416	0.0131171	0.0136286	0.00127345	0.019079	0.00552457	0.00535821	0.000915117	0.00182893	0.00141295	0.00682509	0.00520582	0.00762038	0.0036032	0.586704
43	0.165978	0.0196065	0.0673487	0.133772	0.0145484	0.0931056	0.0194659	0.0190721	0.0307058	0.0714601	0.0179232	0.0591445	0.00193493	0.0358325	0.00804923	0.167183	0.0169363	0.0463417	0.00202694	0.0095642
44	0.0897183	0.0149353	0.0370418	0.0381477	0.0165138	0.0299107	0.0200809	0.0537538	0.0454718	0.0471886	0.0195555	0.0584453	0.0191884	0.0357085	0.0343196	0.158633	0.211899	0.0533961	0.00269916	0.0133922
45	0.0361808	0.0200349	0.0524779	0.030612	0.123616	0.0139299	0.0590417	0.0232511	0.0324568	0.0521142	0.0141919	0.0197264	0.00683819	0.0267987	0.0455609	0.0879281	0.0256768	0.0204331	0.106985	0.202145
46	0.107408	0.0958	0.0111651	0.0152943	0.0404649	0.0165034	0.0263054	0.0868791	0.0138658	0.0408607	0.0164174	0.0284963	0.00954887	0.0185345	0.0160618	0.194161	0.14535	0.0956404	0.00394169	0.0173013
47	0.120615	0.0221274	0.0419406	0.0523354	0.0138704	0.237674	0.0209298	0.0193032	0.0411807	0.0231729	0.0135939	0.0559156	0.0138723	0.0293746	0.0501201	0.142825	0.054709	0.02764	0.00302765	0.0157727
48	0.0815464	0.0123687	0.0405102	0.0249532	0.00838079	0.02496	0.0129356	0.050172	0.0413504	0.0158868	0.00773525	0.0706492	0.0567336	0.028738	0.0262833	0.334786	0.135907	0.0197617	0.00112241	0.00521922
49	0.00770616	0.0022044	0.00130254	0.00342587	0.00632634	0.00136113	0.00146592	0.511001	0.00195862	0.114064	0.0198803	0.000933698	0.0013494	0.00200452	0.00216201	0.00733503	0.0206709	0.292295	0.000236993	0.00231691
50	0.02023	0.00714421	0.0030706	0.00781706	0.051265	0.00349131	0.00448255	0.0790105	0.00572164	0.615094	0.0718128	0.0062425	0.00385122	0.0132334	0.00625298	0.0149661	0.0155558	0.061015	0.00184629	0.00789744
51	0.0113643	0.00269829	0.00160918	0.00285005	0.0112041	0.00103139	0.00178684	0.509171	0.00191289	0.15324	0.0218725	0.00110851	0.00204564	0.00265702	0.00263206	0.00651271	0.0227091	0.240499	0.000593446	0.00250137
52	0.371779	0.028304	0.0177391	0.0239724	0.00762054	0.049399	0.00795695	0.0240744	0.0232618	0.0259395	0.00817712	0.021903	0.0183995	0.0159692	0.0135145	0.227189	0.0692548	0.0375112	0.00107568	0.00695918
53	0.0101162	0.00179459	0.00122154	0.00279781	0.00761582	0.00094489	0.0011213	0.485089	0.00175281	0.14133	0.0175522	0.000672789	0.00169097	0.00262693	0.00326197	0.0051793	0.0281578	0.283866	0.000166245	0.00304248
54	0.0359449	0.0191984	0.0489028	0.0343718	0.0105889	0.0353338	0.0286691	0.0198606	0.0374743	0.0184322	0.00906583	0.41905	0.0105085	0.0278038	0.0402655	0.12907	0.0436971	0.0166968	0.00205863	0.0130068
55	0.115831	0.00904922	0.0289164	0.0361955	0.0163403	0.0238723	0.0153489	0.0343394	0.0331709	0.0375653	0.014444	0.0316957	0.348842	0.0297982	0.0326567	0.0983978	0.0501726	0.0297184	0.00257188	0.011073
56	0.00356882	0.00177038	0.00206936	0.0018793	0.318476	0.0041002	0.0148438	0.0158733	0.00179098	0.0224909	0.00623847	0.00528338	0.00113537	0.00245533	0.00208086	0.00791126	0.00631032	0.00938732	0.0048312	0.567504
57	0.122834	0.00579173	0.0318104	0.0401018	0.00728511	0.0107167	0.0118588	0.0318636	0.184685	0.0156774	0.00965004	0.0205058	0.00726889	0.25473	0.0574512	0.0480636	0.114016	0.0172907	0.00171487	0.00668374
58	0.0531426	0.0037728	0.0583881	0.105186	0.00556532	0.0200512	0.0264923	0.0121723	0.157495	0.0150115	0.00998864	0.057571	0.0357621	0.0932477	0.158917	0.121683	0.0486464	0.0109701	0.000800769	0.00513652
59	0.0269506	0.0129467	0.0027308	0.0122038	0.0500507	0.00392688	0.00816834	0.114877	0.00701418	0.443642	0.0791725	0.00826902	0.00422869	0.0129939	0.00862033	0.0193354	0.0327893	0.136475	0.00534525	0.0102589
60	0.0905627	0.00863915	0.162621	0.0640158	0.00391591	0.095623	0.0230593	0.00753761	0.014777	0.0208781	0.00609108	0.075424	0.144865	0.0495662	0.0292046	0.118608	0.0534516	0.0162958	0.0031239	0.0117397
61	0.0249574	0.0177092	0.0412829	0.0494292	0.0285837	0.0195778	0.196751	0.0144046	0.0553986	0.0223219	0.0113591	0.124878	0.0102309	0.0864407	0.0637715	0.130846	0.0386599	0.0120516	0.00536285	0.0459837
62	0.0123638	0.0064996	0.000571922	0.00236225	0.047131	0.00183486	0.00226756	0.0663007	0.00286409	0.696064	0.0750974	0.00351638	0.00182697	0.00902283	0.00192274	0.00818718	0.00959892	0.0477911	0.00054364	0.00423277
63	0.0622543	0.0250129	0.0260036	0.0275556	0.0983489	0.0202452	0.0345623	0.067557	0.021411	0.0717388	0.0239451	0.0348253	0.012018	0.0298212	0.023499	0.111158	0.0517187	0.0892123	0.00696347	0.162149
64	0.0827404	0.00828692	0.1244	0.0654836	0.0056842	0.185542	0.0124479	0.00633054	0.0246528	0.0124774	0.0072837	0.135195	0.0166305	0.020861	0.0240619	0.164698	0.0613874	0.0355357	0.00186228	0.00443846
65	0.052798	0.00725399	0.00437835	0.0106739	0.0359793	0.00571329	0.0077504	0.199525	0.013128	0.182797	0.134015	0.00672645	0.00373719	0.0120201	0.0112465	0.0225938	0.0905829	0.180136	0.00947703	0.00946795
66	0.0227047	0.00898135	0.00196281	0.00867969	0.0250258	0.00328015	0.00756367	0.289255	0.0134564	0.170221	0.0492332	0.00471697	0.00412704	0.012103	0.0166288	0.0175292	0.0609562	0.266309	0.0047137	0.0125525
67	0.0556807	0.00533708	0.135591	0.244303	0.00316936	0.0325281	0.0276639	0.0172267	0.0809684	0.0178602	0.00446433	0.0377083	0.00999134	0.15177	0.0392388	0.0525954	0.0590601	0.0217677	0.000442253	0.00263294
68	0.0889295	0.0103102	0.0171348	0.0581479	0.015228	0.0181254	0.0267125	0.097369	0.0850991	0.133487	0.0409882	0.0245812	0.0246842	0.063292	0.0627965	0.084147	0.0460832	0.0912371	0.00381912	0.00782791
69	0.00416484	0.00247233	0.00312593	0.00263588	0.316391	0.00428408	0.0160183	0.0145425	0.00220861	0.0299387	0.00775924	0.00709049	0.00157206	0.00273429	0.00263947	0.00850922	0.00616797	0.00932428	0.00739458	0.551026
70	0.0584536	0.0241449	0.00643166	0.0162411	0.00846044	0.042286	0.0290142	0.0104609	0.236959	0.0219958	0.037793	0.0427666	0.00185537	0.0606138	0.231951	0.103765	0.0181649	0.0100992	0.0173471	0.021196
71	0.0796919	0.00680667	0.0982443	0.117492	0.00595416	0.208461	0.0230348	0.00962327	0.0510629	0.0154788	0.00546236	0.0832224	0.0151887	0.0493206	0.0420646	0.0946219	0.0649133	0.0229689	0.00166437	0.00472262
72	0.0733715	0.0105846	0.027363	0.053673	0.00796004	0.0254422	0.0285916	0.0587885	0.152815	0.0425958	0.0198082	0.0474857	0.00897861	0.11446	0.123632	0.0651141	0.0562216	0.0755676	0.00226723	0.0052787
73	0.109699	0.00832532	0.0900234	0.0408381	0.00277297	0.143685	0.0298148	0.00461546	0.00600749	0.0324853	0.00422317	0.0558847	0.12225	0.0756408	0.0524422	0.102758	0.085311	0.0193092	0.00302525	0.010888
74	0.0381951	0.00336236	0.277168	0.293952	0.0043813	0.0224152	0.0119314	0.0118641	0.0403324	0.0150871	0.00561716	0.052327	0.0144728	0.0669293	0.0180092	0.0513754	0.0432586	0.0229088	0.000505548	0.00590758
75	0.0238025	0.00777757	0.00340137	0.00933512	0.0459593	0.00570079	0.0148751	0.0610876	0.0286552	0.483736	0.121266	0.00873873	0.0047605	0.0631721	0.0267009	0.0208168	0.0173359	0.0326929	0.00254895	0.0176371
76	0.124021	0.00802061	0.158231	0.110316	0.00508013	0.076486	0.0122593	0.00724177	0.0178507	0.0131969	0.0133771	0.117151	0.0312152	0.0249131	0.0164376	0.185642	0.0484056	0.0224977	0.000959794	0.00669635
77	0.120378	0.00755908	0.0251035	0.0389714	0.0182393	0.0187552	0.0179591	0.0308212	0.0332104	0.0336648	0.0133691	0.0334721	0.361706	0.0299767	0.0270939	0.0971547	0.0483461	0.0289757	0.00174388	0.0134997
78	0.0470569	0.0176064	0.0473947	0.0540483	0.0551178	0.024644	0.197735	0.0294015	0.0444624	0.0467731	0.0163402	0.0749378	0.0185542	0.0660956	0.042397	0.0751739	0.0410573	0.0307475	0.00693849	0.0635184
79	0.0265393	0.00517053	0.00253622	0.00506779	0.01862	0.00164105	0.00366362	0.327462	0.0079159	0.216111	0.0310223	0.00334279	0.0130455	0.00741119	0.0105666	0.0118325	0.0403664	0.261385	0.00108829	0.00521255
80	0.00234592	0.00156531	0.00161014	0.00146315	0.316625	0.00429416	0.0131171	0.0136286	0.00127345	0.019079	0.00552457	0.00535821	0.000915117	0.00182893	0.00141295	0.00682509	0.00520582	0.00762038	0.0036032	0.586704
81	0.424652	0.0232093	0.0125689	0.0175242	0.00337408	0.0734713	0.00308645	0.0125273	0.0179481	0.0150498	0.00258733	0.0181637	0.00689429	0.0106355	0.00998651	0.245979	0.0697415	0.028862	0.00109869	0.00264036
82	0.00526029	0.00110227	0.00122046	0.00318277	0.00578544	0.00120071	0.00101266	0.522491	0.00132655	0.113267	0.0191845	0.000673273	0.00108005	0.0012936	0.00163357	0.00573765	0.0183583	0.294218	0.000131782	0.00184022
83	0.459614	0.019083	0.00955053	0.0154233	0.00471246	0.104111	0.00324604	0.0126549	0.0150927	0.0135428	0.00473014	0.0105813	0.00562644	0.00907108	0.0177349	0.181768	0.0794111	0.0290813	0.000765837	0.00419917
84	0.0254677	0.0016235	0.179627	0.562051	0.001443	0.0294131	0.00638814	0.00937013	0.0230452	0.0111219	0.0117559	0.0127826	0.00386492	0.0504428	0.00530233	0.0288362	0.00952137	0.0174073	0.00205691	0.00847849
85	0.200181	0.00722347	0.0872534	0.0918505	0.00677907	0.0164104	0.0261284	0.037425	0.0371943	0.0234137	0.010722	0.0260953	0.0228049	0.0309309	0.0606548	0.160743	0.073165	0.0730671	0.00160201	0.00635583
86	0.521628	0.0317573	0.00990905	0.00841783	0.00431715	0.0340489	0.000997944	0.0189005	0.00605628	0.0176311	0.00241272	0.00777623	0.00582295	0.00314549	0.00241931	0.239213	0.0473687	0.032617	0.000425777	0.00513517
87	0.00236483	0.0015711	0.00162891	0.00146468	0.316965	0.00428964	0.0131197	0.0136558	0.00128038	0.0191897	0.00553718	0.00534545	0.000927826	0.0018374	0.00141475	0.00681671	0.00520505	0.00762707	0.00371289	0.586046
88	0.0298793	0.00341026	0.352016	0.277133	0.00537648	0.0157759	0.00894016	0.00935094	0.0292394	0.012207	0.00505987	0.0672399	0.018011	0.0423917	0.0149122	0.0523865	0.0327764	0.0168209	0.000253239	0.00681891
89	0.0588602	0.00616148	0.082574	0.0847066	0.00466099	0.184105	0.0511403	0.00602374	0.111809	0.00823345	0.00476267	0.132334	0.0139828	0.0383872	0.0575984	0.103886	0.0278177	0.0158541	0.00316877	0.0039335
90	0.0224693	0.0486766	0.0036271	0.0176837	0.00727308	0.0211096	0.00737477	0.0863089	0.240398	0.0497132	0.0262153	0.0262514	0.00171133	0.0363665	0.169394	0.0309885	0.0938205	0.101813	0.000691855	0.00811386
91	0.0125235	0.0271614	0.0364621	0.0041695	0.00276927	0.0313969	0.022957	0.0112763	0.00430231	0.00454013	0.00292074	0.619469	0.00798346	0.0101631	0.0280776	0.147886	0.0146424	0.00395783	0.000863946	0.00647713
92	0.0299653	0.00562404	0.0274333	0.0724252	0.00801226	0.0126949	0.02944	0.0225268	0.128875	0.0409249	0.0182077	0.0603724	0.00654577	0.367232	0.0729224	0.0426533	0.0262539	0.0211466	0.00185712	0.00488717
93	0.341972	0.0394844	0.0132874	0.0124774	0.00606804	0.0400462	0.00243055	0.0118075	0.0168228	0.0173099	0.00347457	0.0156873	0.0070459	0.00646532	0.00879778	0.350209	0.0731808	0.0265205	0.000764356	0.00614775
94	0.00913674	0.00301786	0.00157699	0.00359529	0.008876	0.00127687	0.00180608	0.502602	0.00257844	0.121351	0.0192873	0.0014408	0.00148629	0.0023525	0.00261855	0.00768825	0.0243762	0.282291	0.000195949	0.00244539
95	0.0220284	0.00441253	0.00132227	0.00455202	0.0202627	0.00150736	0.00282953	0.393239	0.0039791	0.194676	0.0329895	0.00205688	0.00409046	0.00551202	0.00519055	0.0101354	0.032426	0.252367	0.00149904	0.00492481
96	0.0120832	0.00334897	0.00166838	0.0038831	0.00898912	0.00148509	0.00225054	0.485263	0.00337638	0.129029	0.0217263	0.00184772	0.00206442	0.00322966	0.00345883	0.00886546	0.0254879	0.278391	0.000642064	0.00291042
97	0.107955	0.0184869	0.0322066	0.0278948	0.0118087	0.0345808	0.0162401	0.021188	0.0338904	0.0229746	0.0107171	0.0652215	0.0164169	0.0312243	0.0210007	0.317618	0.17097	0.0260929	0.00381918	0.00969275
98	0.1057	0.0221332	0.04491	0.0566525	0.0136254	0.254559	0.0246171	0.0171125	0.0441458	0.0239136	0.011212	0.0652404	0.0148134	0.0349638	0.0463839	0.127972	0.0526847	0.0240179	0.00336767	0.011975
99	0.0444466	0.00437915	0.153652	0.439521	0.00509131	0.027657	0.013284	0.0167413	0.0392438	0.021474	0.0118595	0.0302876	0.00832149	0.0564624	0.0196511	0.0482177	0.0246393	0.0228576	0.00205183	0.0101617
100	0.133559	0.025487	0.0324354	0.0343885	0.0127228	0.0486485	0.0180464	0.0280719	0.0432794	0.0254376	0.0125329	0.0607085	0.0221996	0.0334308	0.0293017	0.283609	0.107317	0.0317202	0.00237553	0.0147277
101	0.117631	0.0211663	0.0467212	0.0541251	0.0124058	0.259423	0.0244348	0.0161717	0.0422753	0.023324	0.0107898	0.0545927	0.0164331	0.0342483	0.0439331	0.130086	0.0533248	0.0230265	0.0028569	0.0130312
102	0.385257	0.0269758	0.0184173	0.0184293	0.00577757	0.0522556	0.00529946	0.0196311	0.0180164	0.0206108	0.00478735	0.0226915	0.0108727	0.0121879	0.010938	0.259883	0.0654446	0.0354724	0.00183489	0.0052172
103	0.119682	0.0229393	0.0370266	0.046061	0.016785	0.280397	0.0208873	0.0151194	0.0393321	0.0232466	0.0107906	0.0456365	0.0183856	0.0284403	0.042432	0.132531	0.0582705	0.0232228	0.00298855	0.0158259
104	0.03629	0.00912066	0.0240559	0.0430192	0.00926317	0.0170129	0.0216853	0.0175695	0.313071	0.0284767	0.016363	0.0520619	0.00964718	0.0700837	0.205112	0.0608285	0.0378113	0.0166649	0.00374291	0.00812032
105	0.0753966	0.0182829	0.0307515	0.0349216	0.0200123	0.0268605	0.0191612	0.0560295	0.0461747	0.059705	0.026739	0.0599657	0.0165293	0.03893	0.0373228	0.15032	0.20384	0.061267	0.00270184	0.0150889
106	0.0502857	0.0103385	0.0948533	0.235264	0.0104172	0.0203701	0.013062	0.0856754	0.0329807	0.0497229	0.0201481	0.0236054	0.00869856	0.0495207	0.0186271	0.0433376	0.0386722	0.18304	0.00188097	0.00949914
107	0.032652	0.0131653	0.0246942	0.00867313	0.00392669	0.0295996	0.00914399	0.0119061	0.0311313	0.00506625	0.00546487	0.109951	0.0144562	0.0286992	0.0139356	0.359362	0.287867	0.00671001	0.000509067	0.00308588
108	0.464005	0.0229526	0.0115105	0.0137183	0.00507405	0.044257	0.00369272	0.0234207	0.0137219	0.0197878	0.0051901	0.0135181	0.00672337	0.00958877	0.007545	0.211297	0.0813541	0.037297	0.000776958	0.00456928
109	0.0268783	0.00679073	0.0201738	0.0293168	0.00950089	0.0132454	0.019097	0.0126644	0.34549	0.024214	0.0121455	0.0580401	0.00831968	0.0611522	0.240994	0.0522375	0.0359145	0.0110371	0.0039558	0.00883155
110	0.0167472	0.0292675	0.00567879	0.0135948	0.171299	0.00436669	0.0436933	0.0805215	0.00643399	0.20881	0.0823456	0.027715	0.00311055	0.0337799	0.0157576	0.0659728	0.0285958	0.0572671	0.00468789	0.100356
111	0.0372924	0.00558779	0.00110476	0.00372383	0.0276068	0.000956326	0.00218722	0.316237	0.00329186	0.266481	0.0395128	0.00209036	0.00614714	0.00585807	0.00407121	0.00878151	0.0382796	0.223661	0.00173721	0.00539207
112	0.0134718	0.00670663	0.000973301	0.00336088	0.0574669	0.00226393	0.0040362	0.0613336	0.00325401	0.6572	0.0908966	0.00458034	0.00220219	0.0125063	0.0032541	0.00969992	0.0110666	0.046809	0.00132763	0.00759024
113	0.00362848	0.0182855	0.00128013	0.0093918	0.00655627	0.00929033	0.0267823	0.00921194	0.0920063	0.011714	0.00142281	0.00733443	0.00122513	0.114762	0.648082	0.0187037	0.00876846	0.00401066	0.000754254	0.00678965
114	0.0050922	0.00292518	0.00329638	0.00301818	0.311032	0.00444277	0.0155459	0.0153403	0.00273078	0.0268009	0.00808823	0.00609254	0.00160243	0.00338128	0.00308017	0.0100422	0.00762111	0.00989811	0.00611299	0.553857
115	0.0153841	0.00482308	0.002516	0.00692825	0.264638	0.00178334	0.0147923	0.0639204	0.0052685	0.408992	0.0520206	0.00455885	0.00542297	0.00901181	0.00715912	0.0103832	0.0153361	0.0432885	0.00926286	0.0545109
116	0.20589	0.0182569	0.0174799	0.0214671	0.0135534	0.0377819	0.0116969	0.0477951	0.0242305	0.035165	0.0223013	0.0433233	0.0124497	0.0219742	0.0211439	0.147129	0.228103	0.0585398	0.00186522	0.00985401
117	0.0538739	0.00457972	0.0194131	0.0161715	0.253565	0.00467298	0.0807656	0.0423883	0.031905	0.0108502	0.0237345	0.00750839	0.00481143	0.0316364	0.00976417	0.0690129	0.114252	0.0401773	0.00603998	0.174878
118	0.0416352	0.0108886	0.00345813	0.0101375	0.0583968	0.00549039	0.0118952	0.153629	0.0205968	0.262969	0.111707	0.00498791	0.00674521	0.0228826	0.0401801	0.0267205	0.0415536	0.141537	0.0111541	0.0134353
119	0.17491	0.0340821	0.0321304	0.055122	0.00659714	0.142481	0.00878507	0.0066353	0.0211969	0.0155207	0.00514343	0.0629807	0.0119835	0.0209072	0.0189229	0.284125	0.0674087	0.0237973	0.00159181	0.00567877
120	0.12404	0.0116705	0.0269612	0.0556989	0.0150836	0.0226283	0.0254678	0.064381	0.0737488	0.0777814	0.0287423	0.0464674	0.017964	0.0463558	0.0522018	0.127742	0.0860214	0.0847397	0.0038839	0.0084199
121	0.0405702	0.012564	0.0269153	0.0211833	0.00399347	0.0293866	0.00824526	0.00954847	0.0273115	0.00468343	0.00436734	0.111224	0.0126794	0.0331	0.0173585	0.376591	0.250966	0.00616209	0.000730111	0.00242039
122	0.0130564	0.00813748	0.00123784	0.00850481	0.00835307	0.00153298	0.00580211	0.34525	0.0151789	0.124726	0.0249512	0.00548278	0.00324897	0.00861213	0.0135544	0.0150158	0.0765719	0.314403	0.000310555	0.00606985
123	0.0276269	0.00214945	0.144915	0.504965	0.00275229	0.0263917	0.0144991	0.0122188	0.0385237	0.0158137	0.0143579	0.0219127	0.00460103	0.076345	0.0165225	0.0323188	0.0160306	0.0179999	0.00195632	0.00809973
124	0.0465015	0.00292095	0.12986	0.235595	0.00266906	0.0185301	0.0204778	0.0140209	0.126381	0.0164213	0.00720241	0.0463065	0.011816	0.135483	0.0590329	0.0589302	0.0449078	0.0191111	0.000490131	0.00334283
125	0.015691	0.00336819	0.0113448	0.0276204	0.00715967	0.00264223	0.0101079	0.00856279	0.413603	0.0260391	0.00829702	0.0429299	0.00776904	0.0733703	0.269654	0.0285398	0.0264825	0.00792895	0.00177872	0.00711076
126	0.0562144	0.0154262	0.0315867	0.0209269	0.00677361	0.035492	0.0123299	0.0138322	0.0328906	0.0116402	0.00791182	0.104817	0.0147067	0.0296044	0.0192076	0.296669	0.268113	0.0142802	0.00144009	0.00613661
127	0.0661184	0.0142541	0.0410764	0.0343258	0.0126088	0.0249316	0.0210215	0.0348616	0.0378025	0.0488019	0.0158954	0.200814	0.018269	0.0300182	0.0270408	0.157113	0.167217	0.0340195	0.00252463	0.0112847
128	0.0899981	0.0141112	0.0423996	0.0378908	0.0115601	0.0390467	0.0168099	0.023873	0.0403878	0.0263895	0.0132425	0.108853	0.17383	0.0304344	0.0315346	0.185093	0.0766487	0.0257859	0.00273829	0.0093731
129	0.0104274	0.00254091	0.00134833	0.00328628	0.00960004	0.00109995	0.00184808	0.481426	0.00289002	0.14341	0.0218305	0.0012575	0.00284541	0.00311102	0.00359032	0.00716069	0.0251889	0.273972	0.000316896	0.00284898
130	0.023687	0.00654721	0.00156137	0.00515343	0.0492016	0.00266017	0.00521622	0.10918	0.00657686	0.487668	0.130964	0.00404452	0.00402957	0.0203723	0.0089641	0.0146651	0.0298337	0.0783692	0.00326533	0.00804048
131	0.0573841	0.00844733	0.140183	0.248809	0.00895247	0.0314485	0.0195415	0.0253486	0.0602608	0.0308287	0.0126752	0.0522177	0.0172091	0.0694838	0.0341098	0.0727083	0.0652763	0.0324687	0.00235292	0.0102941
132	0.265631	0.0253991	0.0268459	0.0279465	0.00818192	0.0495387	0.0111432	0.0178943	0.023148	0.0257261	0.00808319	0.0342151	0.0836609	0.0235152	0.0152356	0.249345	0.0674817	0.0289854	0.0012115	0.00681182
133	0.0326446	0.00810838	0.00415367	0.00888953	0.143576	0.00308044	0.0132469	0.203892	0.00783018	0.241835	0.0483799	0.00462137	0.00751709	0.0106959	0.0105598	0.0192885	0.0326901	0.157421	0.00485682	0.0367121
134	0.0763066	0.0188821	0.0347267	0.0372207	0.0762232	0.19022	0.0409965	0.0274181	0.0324924	0.0552532	0.0200613	0.0494911	0.013006	0.0409086	0.0388382	0.0962018	0.0581731	0.0345748	0.00578026	0.0532249
135	0.034524	0.0199877	0.0522738	0.0367481	0.0105451	0.0323197	0.0246363	0.0180255	0.0434528	0.0179345	0.0092273	0.41679	0.0141569	0.029459	0.0443966	0.11908	0.0436514	0.017176	0.00260658	0.0130083
136	0.233316	0.0231383	0.026384	0.0333349	0.0085608	0.0418501	0.0128783	0.0195642	0.0306283	0.026824	0.00908299	0.0323251	0.137074	0.0277117	0.0202206	0.212302	0.0651356	0.0305264	0.00125878	0.00788363
137	0.0156765	0.00330923	0.0129182	0.0156703	0.00944248	0.0019679	0.00973761	0.00944296	0.419287	0.0236041	0.00554608	0.038248	0.00975626	0.0527648	0.302426	0.0264242	0.0261853	0.00694084	0.0023633	0.00828857
138	0.0827188	0.0155869	0.0295937	0.033431	0.0170993	0.0240559	0.0181225	0.0676334	0.0479141	0.0517318	0.0231934	0.0551647	0.0197532	0.0320841	0.0389747	0.152058	0.215044	0.0610078	0.00275094	0.0120816
139	0.0469543	0.00716349	0.00426458	0.0101015	0.0352897	0.00264985	0.00391354	0.207979	0.00739995	0.293985	0.0683279	0.00451847	0.00544208	0.0121542	0.00685188	0.0170725	0.0749567	0.180464	0.00400574	0.00650603
140	0.0127398	0.00858859	0.00744187	0.0131493	0.00781214	0.00601905	0.0155309	0.0110375	0.305334	0.0199478	0.0100487	0.0257232	0.00615816	0.0642404	0.418376	0.0251927	0.020723	0.0075068	0.00620328	0.00822712
141	0.0499839	0.0150067	0.0509814	0.040711	0.00828979	0.0360726	0.0218946	0.0226482	0.0434618	0.0218813	0.0129872	0.272718	0.0163917	0.0364096	0.0406736	0.153917	0.118507	0.0240609	0.00231904	0.0110842
142	0.0204835	0.00573691	0.452021	0.0820867	0.00399481	0.012335	0.0177068	0.0115015	0.0173599	0.0135762	0.00512338	0.179406	0.0173056	0.0256424	0.0105581	0.0633425	0.0359398	0.00759291	0.000892093	0.0173946
143	0.0304232	0.0175603	0.0523345	0.0360897	0.012976	0.0375324	0.0312328	0.0178906	0.0356586	0.0213381	0.0101418	0.425019	0.0137166	0.0262364	0.0381655	0.118022	0.041264	0.0162274	0.00306175	0.0151093
144	0.129445	0.0281348	0.0345921	0.0352135	0.0152177	0.0450331	0.0196834	0.0259913	0.0352037	0.0293654	0.0133449	0.0608189	0.0202427	0.0338259	0.0221824	0.294905	0.105281	0.0351694	0.00256162	0.0137887
145	0.153137	0.0262825	0.0354604	0.0316497	0.00881011	0.114372	0.0139771	0.0116727	0.039276	0.0197217	0.00798665	0.0667058	0.0243498	0.0237948	0.0293616	0.280085	0.0802053	0.0228972	0.00247971	0.0077753
146	0.0241519	0.0173581	0.0160023	0.030493	0.01236	0.0161067	0.0432411	0.0180277	0.14563	0.0288105	0.0141955	0.0354375	0.00702197	0.0882055	0.390712	0.0497611	0.0283701	0.01376	0.00577248	0.0145829
147	0.021783	0.00956867	0.010082	0.0134449	0.319508	0.00918816	0.0292287	0.0505551	0.0114837	0.11989	0.0285041	0.0156254	0.0122488	0.0183618	0.0124542	0.0297852	0.0243961	0.0401992	0.0150982	0.208594
148	0.125295	0.0254328	0.0394108	0.0461319	0.00908385	0.267656	0.0199115	0.0146497	0.0455382	0.0228152	0.0116362	0.0508795	0.0169486	0.0291768	0.0480969	0.139841	0.0524004	0.022902	0.00273507	0.00945786
149	0.0357378	0.0110925	0.0202393	0.0416515	0.0106015	0.0184769	0.0207492	0.022453	0.308121	0.0350345	0.0183403	0.0457812	0.011554	0.0695095	0.202554	0.0532042	0.0391026	0.0212624	0.00449929	0.010036
150	0.00247901	0.00162645	0.00170797	0.00151996	0.31841	0.00426189	0.0130884	0.0135336	0.0013735	0.0202631	0.00578515	0.00544168	0.00102117	0.00187618	0.00150698	0.00680639	0.00521525	0.00765955	0.00423766	0.582186
151	0.0152844	0.00623793	0.00230955	0.00657722	0.00966784	0.00158505	0.00461255	0.432659	0.00919541	0.135683	0.0232993	0.00417942	0.00305115	0.00657947	0.00886191	0.0139133	0.0532752	0.25768	0.000377097	0.00497119
152	0.0436263	0.00251815	0.130701	0.338062	0.00303282	0.0218222	0.0149088	0.01609	0.0930879	0.0175633	0.00976663	0.0458467	0.00815281	0.102087	0.0472514	0.046228	0.0294868	0.0248429	0.000744639	0.00418066
153	0.0111903	0.00541257	0.00152565	0.00226884	0.0373458	0.00142362	0.00291446	0.247465	0.00218168	0.516171	0.0610635	0.00303191	0.00162084	0.00717826	0.00186443	0.00672019	0.012997	0.0733946	0.000478584	0.00375168
154	0.0678283	0.0219782	0.0235319	0.024664	0.00944974	0.242382	0.018833	0.010513	0.0958554	0.0166653	0.019963	0.0479421	0.0136351	0.0374306	0.159611	0.103432	0.0471287	0.022967	0.00577655	0.0104119
155	0.370372	0.0240484	0.0218072	0.0351841	0.00779328	0.110015	0.0108452	0.0186849	0.0236268	0.0193655	0.00729559	0.0258742	0.0145394	0.0194547	0.0208343	0.175206	0.0568251	0.0305243	0.00124017	0.00646323
156	0.044072	0.00615043	0.0174647	0.0353476	0.00652207	0.0163544	0.0336109	0.0108152	0.350749	0.018204	0.0182554	0.0564684	0.00713319	0.0704878	0.189789	0.0656849	0.0352386	0.00857814	0.00327125	0.00580294
157	0.005282	0.00110444	0.00122194	0.00324134	0.0057876	0.00121382	0.0010167	0.520095	0.00138886	0.112803	0.0194095	0.000683381	0.00108124	0.00132285	0.00164087	0.00583362	0.0183838	0.296481	0.00013215	0.00187586
158	0.0444755	0.00395118	0.103616	0.184548	0.00444953	0.017884	0.0270788	0.0184341	0.13588	0.030646	0.0104939	0.055677	0.0115187	0.128449	0.105854	0.052725	0.0367487	0.0223489	0.000940313	0.00428066
159	0.134093	0.0189148	0.0206554	0.0270375	0.0621767	0.0242075	0.0224892	0.0654743	0.0349586	0.064846	0.0277922	0.0319157	0.0122049	0.0317152	0.0286472	0.122703	0.163619	0.0721693	0.0052442	0.0291359
160	0.0147331	0.00746049	0.00980515	0.00911194	0.270135	0.0107391	0.0233769	0.0206123	0.00797192	0.0349848	0.00925015	0.0132388	0.00335736	0.00947729	0.00840052	0.0235845	0.0133664	0.0184092	0.00786847	0.484117
161	0.0187773	0.00773146	0.0021284	0.00501603	0.046575	0.00292283	0.00448193	0.0886098	0.00757149	0.600857	0.0753817	0.00583622	0.0036363	0.0139412	0.00806116	0.0160588	0.0166778	0.0670723	0.00169794	0.00696557
162	0.0159961	0.00704068	0.00211446	0.00469627	0.0531913	0.00265896	0.00347703	0.0800916	0.0043038	0.634689	0.0716529	0.00458643	0.00357575	0.0110426	0.00427559	0.0106685	0.0136823	0.0616632	0.00245422	0.00813949
163	0.0428921	0.00569222	0.150703	0.415074	0.00656983	0.0313235	0.0156212	0.0166835	0.040031	0.0190214	0.0110174	0.0316609	0.00948294	0.0653551	0.0213273	0.0530515	0.0295167	0.0239613	0.0024179	0.00859764
164	0.0164367	0.00394021	0.0124332	0.0157349	0.00882656	0.00296855	0.010437	0.00946467	0.415242	0.0230462	0.00630496	0.0386452	0.00845316	0.0526527	0.302215	0.0284413	0.026426	0.00701513	0.00289286	0.00842392
165	0.141402	0.0180993	0.0211752	0.0244765	0.0144517	0.0281125	0.0135181	0.0740375	0.0317242	0.0462184	0.0186157	0.0362712	0.0178365	0.0247261	0.0196104	0.218184	0.136841	0.101352	0.00262188	0.0107254
166	0.0183442	0.0156895	0.00869152	0.0193571	0.00850306	0.0129176	0.0239262	0.0192413	0.166128	0.0240153	0.0100641	0.0233078	0.00562573	0.0859249	0.464741	0.0375987	0.0286633	0.0154581	0.00312326	0.00867942
167	0.0225846	0.00385844	0.00129616	0.00383978	0.0194592	0.0010956	0.00201926	0.393115	0.00314698	0.213958	0.0305884	0.00173834	0.00422458	0.00451867	0.00379448	0.00832341	0.0296416	0.248095	0.00102132	0.00368102
168	0.0926394	0.0579602	0.00316239	0.00885227	0.0168546	0.00774132	0.0099924	0.203906	0.00497503	0.0639529	0.0392456	0.00489174	0.00301885	0.0106409	0.00453202	0.0659622	0.0419962	0.345078	0.00160831	0.0129894
169	0.0478365	0.0174582	0.00831769	0.0211467	0.0833516	0.0223622	0.0738205	0.0212466	0.117813	0.0422946	0.0162558	0.0218241	0.00466484	0.0648367	0.131264	0.106229	0.034152	0.0185784	0.0459021	0.100646
170	0.0191179	0.00863091	0.00364409	0.0114815	0.0148787	0.00375575	0.0173432	0.183656	0.016529	0.181351	0.0293451	0.00912822	0.017543	0.101671	0.0178368	0.0190798	0.0614306	0.274151	0.00169992	0.00772646
171	0.150915	0.00932608	0.0414351	0.035158	0.00444375	0.0882691	0.00669769	0.00504071	0.0108736	0.0124273	0.0156108	0.156697	0.0674785	0.0202867	0.0158944	0.260229	0.0591149	0.0334533	0.0015387	0.00511028
172	0.0404595	0.00300554	0.193786	0.19645	0.00966057	0.0119626	0.0201645	0.0159896	0.0615847	0.0367859	0.0177632	0.108037	0.0201548	0.0618032	0.0219518	0.0797936	0.0695037	0.0187408	0.000558076	0.0118441
173	0.0610302	0.0200641	0.0655272	0.0465154	0.011846	0.0923152	0.0317501	0.0195777	0.0943505	0.0228088	0.0121895	0.159352	0.0249574	0.0215903	0.0580508	0.161057	0.0501572	0.0287987	0.00421689	0.0138454
174	0.0450629	0.00601554	0.142814	0.419275	0.00736185	0.0306827	0.0137057	0.0196867	0.0436408	0.0229815	0.01264	0.0305228	0.00798124	0.0610892	0.0211597	0.0514487	0.0288474	0.0233549	0.00215421	0.00957513
175	0.0198134	0.0158645	0.0140846	0.0229693	0.00937228	0.0171756	0.0228782	0.0175906	0.170342	0.0262316	0.0118217	0.0304469	0.00790944	0.0800775	0.434679	0.0416999	0.0292386	0.0143546	0.00390766	0.00954266
176	0.0490466	0.0184998	0.0575256	0.039277	0.00856956	0.0897643	0.0265137	0.0135846	0.0466293	0.0161646	0.00985755	0.311877	0.0140494	0.0267086	0.0422668	0.14991	0.0476018	0.0190619	0.00327923	0.00981286
177	0.00255842	0.00162607	0.00175084	0.00156975	0.317791	0.00426781	0.0131193	0.0136875	0.00138384	0.02064	0.00594315	0.0053882	0.00102179	0.00193535	0.00147405	0.00692226	0.00523627	0.00788797	0.00435443	0.581442
178	0.0367618	0.0189762	0.0414197	0.0516713	0.0540049	0.0190703	0.207258	0.0312385	0.0447908	0.0486526	0.0171564	0.0731419	0.0173672	0.0724223	0.0443388	0.0706382	0.0373208	0.0313127	0.00794995	0.0745074
179	0.0362488	0.0189112	0.00203939	0.00724385	0.0151173	0.00315029	0.00655706	0.374205	0.00717119	0.103278	0.0273237	0.00409235	0.00299624	0.00868856	0.00661954	0.025694	0.0417251	0.300868	0.000839711	0.00722984
180	0.0359818	0.0352277	0.0040457	0.0121979	0.0764243	0.00568945	0.0168515	0.13477	0.0109462	0.285282	0.0689435	0.014346	0.00545265	0.0201073	0.0154873	0.0543149	0.0448814	0.126366	0.00616284	0.0265229
181	0.23097	0.0263944	0.0234198	0.0198719	0.00794888	0.0441321	0.00306673	0.00426053	0.032512	0.0178646	0.00212302	0.0311326	0.00759283	0.0135585	0.022027	0.394072	0.0927568	0.0231642	0.00115866	0.00197307
182	0.253774	0.0609343	0.00667608	0.010918	0.00337454	0.292935	0.00947441	0.00346424	0.0127426	0.00556301	0.00292468	0.0123859	0.0144065	0.00471055	0.0106947	0.253249	0.027887	0.00850227	0.00106681	0.00431685
183	0.194554	0.0528833	0.0126386	0.0435478	0.0619228	0.0517049	0.0169554	0.0199058	0.0239991	0.0620878	0.0738581	0.020089	0.0536175	0.0238352	0.1382	0.075252	0.0380212	0.0233218	0.00251477	0.011092
184	0.13003	0.00561004	0.0589413	0.0889924	0.00501014	0.0149417	0.0376278	0.0223887	0.0635693	0.0368138	0.0116756	0.0445607	0.0692439	0.0751486	0.0438196	0.181158	0.0872658	0.0179541	0.000416604	0.00483211
185	0.0305289	0.00225699	0.27956	0.38884	0.00336003	0.0179631	0.00720803	0.0134613	0.0220319	0.0186707	0.0081726	0.0299758	0.0129196	0.0530175	0.00883782	0.0356194	0.0249598	0.0305044	0.00116427	0.0109476
186	0.0404134	0.0339558	0.00158647	0.0149127	0.0248748	0.00894057	0.0193756	0.175049	0.148946	0.124314	0.0388699	0.00375679	0.00172512	0.0169302	0.11593	0.0193582	0.0790983	0.118647	0.000454033	0.0128622
187	0.0494119	0.00257324	0.143697	0.2643	0.00167746	0.0134506	0.015088	0.0119527	0.147568	0.00971141	0.00464865	0.0331027	0.0130632	0.111714	0.0605865	0.063406	0.0301579	0.0196838	0.000522218	0.00368503
188	0.0121033	0.00390023	0.0135612	0.0318106	0.0070309	0.00197898	0.0098952	0.0100423	0.380983	0.02813	0.00742207	0.0300508	0.0085854	0.0661902	0.319081	0.0238792	0.0264272	0.00831939	0.00210521	0.00850429
189	0.0164642	0.00372056	0.00989073	0.00645879	0.416719	0.00245345	0.00550214	0.0101602	0.00678245	0.195207	0.0391158	0.00522727	0.0104204	0.00958604	0.00494626	0.0091714	0.00797529	0.0180114	0.0682955	0.153892
190	0.0490104	0.00750893	0.0390752	0.0887527	0.00676191	0.0236467	0.0340067	0.0282545	0.185313	0.0443387	0.0198476	0.0973975	0.00664709	0.129374	0.114744	0.0613288	0.0271504	0.0295975	0.00244351	0.00480001
191	0.0256312	0.0101409	0.00179405	0.00507607	0.051303	0.0031264	0.00528953	0.119869	0.00415146	0.528705	0.0679726	0.00356904	0.00376017	0.0101127	0.00543777	0.0130299	0.0218777	0.103681	0.00465938	0.0108129
192	0.236788	0.00430228	0.00540357	0.0383413	0.00514449	0.00700049	0.018998	0.0756369	0.00977095	0.00989514	0.0266893	0.0104405	0.346966	0.0256672	0.0304341	0.0291508	0.0461172	0.067228	0.00135615	0.00466997
193	0.0167214	0.00635646	0.0468917	0.0714913	0.00397339	0.00982514	0.0410162	0.00810479	0.193952	0.00658985	0.0114745	0.087061	0.0102249	0.0886926	0.205297	0.124564	0.0577998	0.00184602	0.000784264	0.00733338
194	0.0603321	0.00782632	0.0956134	0.0929277	0.00500135	0.00628824	0.0627904	0.0282941	0.0479622	0.0303817	0.0173399	0.0895966	0.00672291	0.0721613	0.0177692	0.166718	0.171913	0.00667739	0.000494438	0.0131896
