229	20
1	0.00695692	0.00186118	0.00163538	0.00151515	0.00201439	0.0027175	0.00230894	0.158868	0.00182054	0.0189907	0.00300384	0.00142079	0.00118321	0.00233774	0.00282666	0.00435395	0.00435077	0.779015	0.00092838	0.00189063
2	0.01473	0.00441676	0.000532174	0.00089359	0.00682342	0.00270022	0.00085865	0.396736	0.00185101	0.183725	0.070768	0.000639267	0.00180821	0.000866099	0.0040981	0.00339164	0.00928101	0.291216	0.000228391	0.00443654
3	0.037784	0.00162712	0.00137288	0.000911788	0.000658567	0.91557	0.000656308	0.00373209	0.00266757	0.002717	0.00109422	0.0035441	0.000643255	0.000840631	0.00305409	0.0152034	0.00329918	0.00371575	0.000299052	0.000608605
4	0.616464	0.00189591	0.000851591	0.000996185	0.0116221	0.288688	0.00459696	0.00128953	0.00104875	0.0022921	0.00462696	0.000769726	0.000740404	0.00137317	0.00150269	0.0465682	0.00279238	0.0104657	0.00046859	0.000946714
5	0.0377448	0.00160903	0.00119093	0.000805219	0.000653509	0.915689	0.000647803	0.00369738	0.00259955	0.00270246	0.00116631	0.00351974	0.000599414	0.000836904	0.00297054	0.0156917	0.00333868	0.00362536	0.000307362	0.000604013
6	0.0236559	0.0051234	0.000441485	0.000735209	0.00712341	0.00256518	0.000790247	0.376299	0.00146001	0.158131	0.0507713	0.000573227	0.00180244	0.000752461	0.0032438	0.00494828	0.0174602	0.340051	0.000241335	0.00383045
7	0.0635867	0.00713963	0.000909179	0.00108996	0.00783144	0.00289243	0.00145871	0.258407	0.000946407	0.0803941	0.0246414	0.001043	0.00099212	0.00164642	0.00142909	0.0123531	0.0603132	0.471037	0.000450151	0.00143946
8	0.0377022	0.00160455	0.00142035	0.000862077	0.000653087	0.915912	0.000653485	0.00367877	0.00262097	0.00269046	0.00109193	0.00365599	0.00060296	0.000835493	0.00299317	0.0152246	0.00328129	0.00361371	0.000298458	0.00060475
9	0.0627156	0.00752805	0.000884371	0.00108824	0.00797	0.00323568	0.00145589	0.255633	0.000844943	0.08336	0.0258285	0.00114003	0.000946372	0.0015255	0.00137502	0.0114593	0.0644364	0.466545	0.000461672	0.00156671
10	0.185211	0.0209923	0.00158358	0.00226225	0.00114513	0.0130312	0.00115307	0.00132144	0.000902625	0.00712398	0.00293653	0.000861532	0.000908994	0.00145578	0.00150396	0.195782	0.528111	0.0324224	0.000487509	0.000803848
11	0.174425	0.0199288	0.00181678	0.00195853	0.00114926	0.0126318	0.00128	0.00124083	0.000916222	0.00772075	0.00319847	0.000912856	0.000921522	0.00153996	0.00155846	0.193074	0.542706	0.0316532	0.000522867	0.000844724
12	0.616432	0.013649	0.00429436	0.00461771	0.00933818	0.134812	0.00569513	0.0061323	0.00406759	0.0080446	0.00526403	0.00510513	0.00362488	0.00617518	0.0091964	0.110622	0.0244245	0.0242828	0.00105027	0.00317262
13	0.00779588	0.00190178	0.00176758	0.00207863	0.0723354	0.00317797	0.0644019	0.00228331	0.00197683	0.0172673	0.0171274	0.00151241	0.00141056	0.00285567	0.0295046	0.010264	0.00359008	0.00379658	0.407857	0.347096
14	0.162787	0.0290774	0.0217724	0.147293	0.164757	0.0484432	0.0348252	0.00584672	0.0100627	0.0355366	0.00543034	0.0036447	0.00428173	0.0759185	0.0380693	0.051417	0.0338416	0.00708302	0.0452846	0.0746282
15	0.047558	0.0060401	0.0024419	0.00572063	0.0203479	0.0057371	0.00571626	0.0737056	0.00318025	0.633251	0.0559787	0.00252483	0.00547325	0.0136167	0.0139231	0.00887589	0.0231444	0.0526607	0.0110438	0.00906008
16	0.422824	0.0189038	0.00373738	0.0192806	0.00455592	0.00658661	0.007847	0.031608	0.0176475	0.0591544	0.0063416	0.0512384	0.0021181	0.0532899	0.103215	0.0954375	0.0103383	0.0663876	0.0152587	0.0042293
17	0.0764814	0.000964937	0.0216981	0.0801907	0.00216493	0.0193723	0.0212129	0.00946129	0.177725	0.019147	0.011363	0.0232345	0.00965956	0.166477	0.251208	0.060605	0.0302272	0.0160875	0.00114853	0.00157133
18	0.300707	0.000789147	0.143643	0.152276	0.000852363	0.0238551	0.000748301	0.00471962	0.0187854	0.022944	0.0119089	0.019942	0.000508359	0.14234	0.0742342	0.0514197	0.0231117	0.00621016	0.000290505	0.000714138
19	0.0377333	0.00165996	0.00147585	0.000828601	0.000662227	0.915016	0.000663892	0.00369334	0.00266444	0.00273086	0.00115543	0.00360885	0.000672395	0.000839009	0.00311806	0.0155068	0.00330009	0.00375333	0.000305289	0.000612255
20	0.0328877	0.0545347	0.00322906	0.00468488	0.146156	0.00512573	0.448607	0.00460085	0.00749452	0.0286107	0.0227341	0.00535097	0.00561765	0.00812607	0.0555425	0.0086741	0.00682975	0.0594056	0.00155849	0.0902296
21	0.0554574	0.000991356	0.347048	0.263947	0.0012713	0.02895	0.0120154	0.00458297	0.0262073	0.00884608	0.00266982	0.00368222	0.000876418	0.12652	0.0522631	0.0504765	0.00812487	0.00426799	0.000684762	0.00111793
22	0.0127959	0.00301276	0.00179036	0.00136048	0.00615519	0.00296777	0.0021996	0.182708	0.00178571	0.0487187	0.00986802	0.00161318	0.00135979	0.00213979	0.00331966	0.00479145	0.010372	0.697233	0.00130709	0.00450159
23	0.0333772	0.0404158	0.0227902	0.0359752	0.00486538	0.00731808	0.0193937	0.0238883	0.00383503	0.03265	0.0061764	0.00352488	0.00255372	0.0229609	0.00870996	0.101703	0.476375	0.146825	0.00214791	0.00451338
24	0.0340539	0.00526195	0.00111674	0.00266612	0.0182798	0.00325016	0.00141125	0.180722	0.0016578	0.489634	0.0382571	0.000741609	0.00383304	0.00279693	0.00827939	0.00472598	0.00947553	0.183504	0.0032814	0.00705131
25	0.0178042	0.00455727	0.00070796	0.000843242	0.0145535	0.00263777	0.000782894	0.358139	0.00280022	0.220192	0.0410103	0.000652751	0.00184476	0.000652713	0.00609469	0.00279906	0.0114753	0.30411	0.000180758	0.00816286
26	0.0406921	0.00229737	0.185265	0.598491	0.0027058	0.0554852	0.00335744	0.00307496	0.00401258	0.00645661	0.00379949	0.00200901	0.00204888	0.0455493	0.00708287	0.0167985	0.00445786	0.0119277	0.00154396	0.00294355
27	0.0801064	0.00111526	0.0206874	0.060174	0.0022911	0.0219993	0.021686	0.00930454	0.14891	0.0215217	0.0148038	0.0192833	0.0116598	0.131223	0.329715	0.060956	0.0259159	0.0146392	0.00184243	0.00216619
28	0.126433	0.0424631	0.00374357	0.15816	0.0050248	0.00662836	0.233408	0.00551704	0.00428383	0.0294102	0.0262337	0.0781241	0.00284818	0.123765	0.106778	0.0126997	0.00891385	0.00728372	0.00184923	0.0164317
29	0.0510983	0.00226407	0.196691	0.543678	0.00202714	0.0644548	0.00394598	0.00275546	0.00621165	0.00524146	0.00291355	0.00203413	0.00113767	0.0620187	0.01333	0.0225663	0.00394665	0.0105097	0.00110981	0.00206596
30	0.328681	0.0186323	0.00180101	0.00263118	0.00140862	0.0295607	0.00151627	0.0020371	0.00107822	0.00653164	0.0028721	0.00245706	0.000973213	0.00191173	0.00246547	0.187257	0.377553	0.029009	0.00047815	0.00114562
31	0.112031	0.0231677	0.0147334	0.00799891	0.00608227	0.0393593	0.00597401	0.00543938	0.00437436	0.0148484	0.0148788	0.00622702	0.00403285	0.00708932	0.00923021	0.400373	0.290016	0.0282627	0.00194618	0.00393453
32	0.0225331	0.00189493	0.00195553	0.00577279	0.197116	0.0137966	0.117257	0.00240215	0.0201792	0.0732812	0.0109539	0.0210443	0.00135327	0.0576207	0.0312526	0.0134036	0.010571	0.00614301	0.0236851	0.367785
33	0.415646	0.00206812	0.000694301	0.000853833	0.00718126	0.50397	0.00286869	0.00322926	0.00115222	0.00288489	0.00313002	0.00185193	0.00061841	0.00119629	0.00164286	0.0370414	0.0028772	0.00989125	0.000425789	0.000775889
34	0.0427194	0.00895619	0.174516	0.0603414	0.0038417	0.0969463	0.0839874	0.00981114	0.0205101	0.0168303	0.00794174	0.143058	0.00428458	0.0709224	0.0126416	0.176737	0.0514042	0.00958384	0.00136977	0.00359615
35	0.586594	0.00631433	0.00243017	0.00192862	0.00885072	0.245083	0.00426773	0.00239697	0.00146777	0.00344558	0.00399995	0.00285934	0.00200191	0.00230065	0.00362396	0.0960783	0.0119047	0.0128619	0.000519596	0.00107169
36	0.368118	0.0243958	0.00386493	0.00351674	0.00609288	0.416392	0.00485576	0.00964038	0.00195576	0.011335	0.00638845	0.00446428	0.0025513	0.00549209	0.00604551	0.0872335	0.016633	0.0188808	0.000701451	0.0014431
37	0.0762863	0.0084532	0.0101811	0.0296341	0.0388506	0.0343377	0.0124608	0.0835286	0.00458318	0.286734	0.0549014	0.00815359	0.0116595	0.0749297	0.0309605	0.0223223	0.0383909	0.133119	0.0275448	0.0129688
38	0.00950687	0.00237065	0.000806525	0.00123224	0.0105038	0.00162002	0.000964119	0.246002	0.00156774	0.493794	0.0277171	0.000781397	0.00122497	0.000987624	0.00675123	0.00340582	0.00922653	0.17591	0.000765498	0.00486177
39	0.281257	0.0449799	0.0386169	0.0304035	0.00536606	0.108603	0.0404768	0.0124731	0.0112333	0.0241203	0.0170005	0.0153282	0.00215727	0.0416669	0.0315746	0.210496	0.0602793	0.0186306	0.0018373	0.00349877
40	0.105469	0.00706606	0.00750893	0.0108703	0.146793	0.0100105	0.0087819	0.0413983	0.00668806	0.0223262	0.00992897	0.00543697	0.203513	0.0127063	0.0116902	0.0445393	0.0149417	0.0677793	0.0311483	0.231404
41	0.181381	0.0740293	0.0292023	0.0130907	0.00324703	0.126985	0.0164282	0.0115395	0.00661758	0.012411	0.010632	0.00722326	0.00188479	0.0190422	0.0299432	0.364518	0.0715049	0.0161106	0.00128751	0.00292158
42	0.0493853	0.00321616	0.0403568	0.0633918	0.0936807	0.0084233	0.10378	0.00922742	0.00665973	0.0904999	0.0325312	0.0274527	0.0221419	0.0213664	0.0565243	0.0352624	0.0369501	0.0308807	0.00270748	0.265561
43	0.332744	0.0768902	0.0029054	0.00214272	0.025116	0.0527072	0.0132261	0.0496511	0.00329467	0.065891	0.0373548	0.00984214	0.0294018	0.00721506	0.00298301	0.104026	0.0605248	0.112032	0.00600725	0.0060449
44	0.303032	0.00513275	0.0475473	0.0803018	0.00590368	0.02745	0.00600141	0.00588824	0.00387373	0.011612	0.0266423	0.00418103	0.00344672	0.0687241	0.0292987	0.0708313	0.217387	0.0367706	0.00240191	0.0435728
45	0.275632	0.0291253	0.0143692	0.00544724	0.0179229	0.0322419	0.0152854	0.0222166	0.0166125	0.0422513	0.0212012	0.00888915	0.161603	0.013818	0.0487418	0.0583877	0.0769835	0.121933	0.00616061	0.0111777
46	0.0403143	0.0101708	0.00703505	0.00479256	0.0603519	0.015102	0.0165784	0.0361755	0.00548612	0.244335	0.0499854	0.00433877	0.00841416	0.0100109	0.016426	0.0225594	0.0186913	0.0375242	0.292893	0.0988156
47	0.252267	0.0119302	0.00845506	0.0160611	0.0347028	0.113773	0.0099232	0.00879247	0.0134138	0.0283604	0.0122218	0.0696292	0.048184	0.0165289	0.0203675	0.208957	0.0911286	0.0248821	0.00460877	0.00581322
48	0.12191	0.016629	0.119338	0.0567035	0.00227127	0.159313	0.0654841	0.00930208	0.014523	0.0202507	0.0140551	0.0614398	0.00152389	0.0665022	0.0130666	0.203883	0.0379724	0.0135077	0.000947848	0.00137659
49	0.126333	0.00407059	0.028433	0.0181915	0.00580644	0.0382503	0.0145664	0.00526428	0.0430312	0.0181504	0.00747367	0.0173007	0.407426	0.0360959	0.0661877	0.0836659	0.0486694	0.0127332	0.0134506	0.00489944
50	0.25115	0.0307256	0.0455842	0.032699	0.00233053	0.173199	0.0403646	0.00955285	0.009767	0.0162545	0.0143439	0.014265	0.00139624	0.0432637	0.0336721	0.215081	0.051633	0.0125045	0.000837335	0.00137557
51	0.0650087	0.00680734	0.000846567	0.00101751	0.0100943	0.00407665	0.00144794	0.260971	0.00119056	0.101385	0.0303772	0.00116448	0.00106097	0.00146115	0.00169234	0.010357	0.0591037	0.438921	0.000507531	0.00251006
52	0.0571635	0.00306126	0.00247851	0.00923874	0.0746602	0.0373861	0.00972361	0.0957436	0.00513062	0.362333	0.0631891	0.00160693	0.0212096	0.0121802	0.0303149	0.0172976	0.0256395	0.129487	0.0326702	0.00948562
53	0.0630264	0.00225526	0.0011877	0.00297452	0.151356	0.0681777	0.0111044	0.0245274	0.0137332	0.330046	0.0621547	0.00115195	0.0229604	0.0206858	0.0489057	0.0240494	0.0387306	0.0533399	0.0487886	0.0108444
54	0.0846957	0.000532858	0.0376421	0.0728222	0.00292138	0.0240669	0.0360662	0.0154803	0.153603	0.02386	0.0155647	0.0219185	0.0181464	0.138431	0.212605	0.0656384	0.0506712	0.0226394	0.00132862	0.00136689
55	0.0864981	0.00528088	0.00275902	0.0141783	0.0454437	0.0351946	0.00653314	0.116333	0.00276245	0.337987	0.0532335	0.00241915	0.0126522	0.00864235	0.0215633	0.0172093	0.0256198	0.174955	0.0223441	0.00839143
56	0.0761878	0.00685404	0.00197696	0.0083504	0.0354251	0.0101797	0.00306233	0.143337	0.0019405	0.386282	0.0589175	0.000915749	0.0155084	0.00548492	0.0179366	0.0080292	0.0090861	0.191977	0.0106337	0.00791531
57	0.0724821	0.00122462	0.023419	0.0259281	0.00405106	0.0408889	0.0313749	0.00375202	0.167518	0.0250139	0.014209	0.0418688	0.0353386	0.0682969	0.312611	0.0843055	0.0179758	0.0120214	0.00613437	0.0115859
58	0.125305	0.0702395	0.0348412	0.00665344	0.0126623	0.0399241	0.0192154	0.0397875	0.00756645	0.0685239	0.0733649	0.0133536	0.0365757	0.00900421	0.0130108	0.128593	0.032084	0.0424506	0.153246	0.0735977
59	0.0419626	0.00375412	0.00135983	0.00267551	0.0131018	0.00276993	0.00346656	0.0462207	0.001522	0.665501	0.125088	0.00122456	0.0013595	0.00982984	0.01645	0.00650711	0.0241614	0.0181573	0.00779287	0.00709596
60	0.0627299	0.00224336	0.00118908	0.0030005	0.154219	0.0673193	0.0108693	0.024696	0.0134072	0.330224	0.0619751	0.00113978	0.0226324	0.0201905	0.0484522	0.0238218	0.0386518	0.0528369	0.0488643	0.0115378
61	0.042087	0.00205086	0.278066	0.0549261	0.0115373	0.155372	0.0630088	0.00644692	0.0506591	0.0084701	0.0026911	0.0760634	0.034423	0.0372499	0.075102	0.0212756	0.0562991	0.00786176	0.000958183	0.0154524
62	0.258847	0.00346147	0.0035602	0.021741	0.0254829	0.0804142	0.00376185	0.0044241	0.0138701	0.0400071	0.0053146	0.0454556	0.096637	0.0206966	0.0299163	0.254817	0.0684616	0.015644	0.00342469	0.00406235
63	0.134111	0.00225894	0.00140474	0.00170732	0.00188443	0.0469532	0.00187299	0.00202983	0.00330324	0.0109598	0.0149407	0.00478104	0.747075	0.0035441	0.00385369	0.00637234	0.00455253	0.00379649	0.0015313	0.00306765
64	0.0626982	0.00612064	0.00230282	0.00813234	0.0509081	0.0106882	0.00359606	0.147973	0.00185279	0.382138	0.0594211	0.0012299	0.0151453	0.00596229	0.018803	0.00858289	0.0114946	0.180078	0.0118102	0.0110628
65	0.067079	0.00430714	0.00353751	0.00395996	0.0225292	0.00677028	0.00549303	0.0659931	0.143403	0.117133	0.00585709	0.0235409	0.00337056	0.00694203	0.198452	0.120625	0.086166	0.107492	0.00246293	0.00488599
66	0.0065271	0.0121881	0.00529256	0.000730449	0.148193	0.00135429	0.00151553	0.186938	0.000856694	0.289403	0.0424921	0.00463645	0.000822772	0.00117356	0.00201585	0.00892819	0.0221549	0.191699	0.0102207	0.0628583
67	0.0646738	0.00137626	0.0213853	0.0237754	0.00286048	0.0408044	0.0273501	0.00454749	0.170156	0.0292357	0.0170222	0.0428177	0.0291024	0.0782905	0.314842	0.0858202	0.0157325	0.014642	0.00766307	0.00790278
68	0.059678	0.00234165	0.00180947	0.00249824	0.0158779	0.00367559	0.0031757	0.0141209	0.0141393	0.173524	0.00517847	0.00226096	0.594083	0.0148241	0.015561	0.00541809	0.00475279	0.0162117	0.0360885	0.0147809
69	0.0470341	0.00607448	0.00274285	0.00420897	0.169528	0.034524	0.00881605	0.0744941	0.00692135	0.311471	0.0564734	0.00286944	0.012222	0.0130393	0.0257077	0.0170496	0.0348862	0.0901743	0.0448157	0.0369478
70	0.0319177	0.00375649	0.00181083	0.00444654	0.0207861	0.00757739	0.00385839	0.083031	0.00115996	0.62774	0.0547553	0.00146122	0.00367562	0.00978202	0.0134664	0.00891421	0.0286059	0.0646696	0.0193645	0.00922105
71	0.272735	0.00225142	0.00236984	0.014286	0.00236618	0.0796137	0.0140278	0.00287763	0.0957499	0.069567	0.0243091	0.00192235	0.00161414	0.0715649	0.264208	0.0580692	0.0152704	0.00386899	0.00105158	0.00227729
72	0.132655	0.0107622	0.00512237	0.0922436	0.0054273	0.007903	0.0932539	0.00703326	0.00584624	0.0160726	0.0100889	0.152886	0.00370919	0.227166	0.0731333	0.0357371	0.0117169	0.00966186	0.00244947	0.097131
73	0.368815	0.0978346	0.00203279	0.00517655	0.0223794	0.0760874	0.00363306	0.054282	0.0025514	0.0801315	0.0437354	0.00491405	0.0185233	0.010518	0.00600296	0.0764748	0.0368429	0.08469	0.00182223	0.00355255
74	0.00958115	0.00207586	0.000685735	0.00116941	0.00589223	0.00115651	0.00112114	0.169458	0.000780257	0.644166	0.0313865	0.000646482	0.00100673	0.00221328	0.00554216	0.00420639	0.0120322	0.101424	0.00292494	0.00253056
75	0.390032	0.0419612	0.0133336	0.0063371	0.00209684	0.118654	0.00757136	0.0107389	0.00292725	0.00690264	0.00527366	0.00570139	0.00131639	0.00887776	0.01886	0.287974	0.047667	0.021355	0.000841659	0.00157834
76	0.109901	0.0175142	0.05064	0.0839352	0.0411818	0.022959	0.0300463	0.0276863	0.00575923	0.0938911	0.0321081	0.0325122	0.0193785	0.0649188	0.0840766	0.060545	0.0649557	0.0894055	0.0146964	0.0538891
77	0.0443865	0.00401634	0.0309277	0.0550633	0.0946162	0.00644453	0.117427	0.00659969	0.008257	0.0926086	0.0290666	0.0251928	0.0155779	0.0178515	0.0640428	0.0307312	0.032522	0.0215839	0.0028081	0.300276
78	0.259719	0.0346855	0.0154015	0.00947533	0.00616951	0.118959	0.0113251	0.00897035	0.00544416	0.0131534	0.0108291	0.0112029	0.00807583	0.0118733	0.0173305	0.34149	0.0911434	0.0203529	0.0012541	0.00314523
79	0.068516	0.00566	0.00798536	0.0129464	0.00728243	0.0415705	0.046886	0.00830396	0.0281325	0.0893026	0.0103157	0.00783465	0.00658026	0.183473	0.413942	0.0238682	0.015609	0.0121005	0.00304181	0.00664923
80	0.205632	0.000896994	0.221854	0.193054	0.00101986	0.0236658	0.00399049	0.00882962	0.0227687	0.0181248	0.00765099	0.0143623	0.000801069	0.133411	0.0628995	0.0482193	0.0243489	0.00701027	0.000490598	0.000969363
81	0.155785	0.0727417	0.0118701	0.0505164	0.0262858	0.0229764	0.0249551	0.0295931	0.0135319	0.0627127	0.0366958	0.0199195	0.00382701	0.0365785	0.133154	0.066541	0.092775	0.103834	0.00898891	0.0267183
82	0.0853556	0.000487731	0.0373068	0.0706471	0.0030748	0.023783	0.0362663	0.0155191	0.154391	0.0234251	0.0153599	0.0219556	0.0182681	0.139237	0.218217	0.0632257	0.0481997	0.0225101	0.00134322	0.00142664
83	0.300707	0.000789147	0.143643	0.152276	0.000852363	0.0238551	0.000748301	0.00471962	0.0187854	0.022944	0.0119089	0.019942	0.000508359	0.14234	0.0742342	0.0514197	0.0231117	0.00621016	0.000290505	0.000714138
84	0.0416694	0.00475188	0.00348462	0.00926597	0.0473143	0.0120765	0.00652585	0.131274	0.00145191	0.422847	0.0607392	0.00230844	0.00983608	0.00884099	0.0138646	0.011055	0.0222357	0.150233	0.0213856	0.018839
85	0.105531	0.0159427	0.0480968	0.0828841	0.0311865	0.0226895	0.0298615	0.0271753	0.0201126	0.0885174	0.031928	0.0326427	0.0194321	0.0719046	0.0984735	0.0640454	0.0663064	0.0860831	0.0151808	0.0420063
86	0.300707	0.000789147	0.143643	0.152276	0.000852363	0.0238551	0.000748301	0.00471962	0.0187854	0.022944	0.0119089	0.019942	0.000508359	0.14234	0.0742342	0.0514197	0.0231117	0.00621016	0.000290505	0.000714138
87	0.0742951	0.000768989	0.0247182	0.0370501	0.00228618	0.0393751	0.0285302	0.0072264	0.167605	0.0346177	0.0186048	0.0326036	0.0323727	0.104872	0.264399	0.079797	0.0253794	0.0151998	0.0048707	0.00542784
88	0.0376737	0.00160943	0.00120029	0.000805859	0.000744889	0.915478	0.000661435	0.00366753	0.00261203	0.00271056	0.00110352	0.00353139	0.000604714	0.000864269	0.0030688	0.0152771	0.00356153	0.00391826	0.000302412	0.000604571
89	0.139349	0.0174942	0.00616355	0.00726758	0.0156562	0.0160563	0.0125489	0.129663	0.0548399	0.171542	0.020908	0.010688	0.0148846	0.0103439	0.0302815	0.0635209	0.109205	0.124123	0.00642455	0.0390397
90	0.0354634	0.00418404	0.00153273	0.00347085	0.0232911	0.00525062	0.00282489	0.087645	0.00103357	0.631234	0.0570284	0.000942994	0.00330876	0.00833744	0.012108	0.00710288	0.0248419	0.0669358	0.0144676	0.00899605
91	0.0269282	0.00976415	0.00613749	0.0432431	0.0170456	0.00973355	0.245673	0.0664266	0.057524	0.0545837	0.0121316	0.0389342	0.00801369	0.0815897	0.0628511	0.0153709	0.0472054	0.099216	0.00453858	0.0930894
92	0.0527473	0.00864939	0.00173455	0.00292235	0.0466853	0.0044027	0.00160847	0.187573	0.00278872	0.334412	0.052711	0.00148768	0.00514545	0.0019684	0.00962808	0.00546709	0.0117577	0.2439	0.00463631	0.0197748
93	0.0195497	0.0294887	0.00147064	0.00183406	0.66564	0.00295136	0.0201699	0.0139986	0.00199124	0.0876967	0.0146983	0.00183961	0.00103096	0.00844401	0.0035232	0.00319916	0.00883765	0.0287261	0.00136228	0.0835479
94	0.0707755	0.00164587	0.0794381	0.0386488	0.0163489	0.0245731	0.0885725	0.0033155	0.0730288	0.00658081	0.00337565	0.0510647	0.0504655	0.0179636	0.310924	0.080315	0.0450621	0.0108814	0.00279126	0.0242295
95	0.0149025	0.00246186	0.258742	0.0461379	0.00223647	0.0288426	0.0174643	0.00320639	0.0263439	0.00545394	0.00292939	0.0591889	0.00128628	0.0541647	0.031576	0.229949	0.2081	0.00399068	0.00106904	0.00195331
96	0.0881181	0.000531745	0.0387852	0.0791765	0.00276695	0.0247133	0.0364474	0.0152562	0.142546	0.0253065	0.0127427	0.0191395	0.0228392	0.126289	0.210116	0.0697068	0.0587686	0.0241355	0.00119514	0.00141989
97	0.00632502	0.0121095	0.00526896	0.000712175	0.147472	0.00134192	0.00151598	0.190501	0.000872719	0.292564	0.042093	0.00450866	0.000837501	0.00116449	0.00208849	0.00893572	0.0221832	0.18787	0.0102105	0.0614262
98	0.457821	0.00273685	0.00274303	0.00233708	0.0173881	0.00480478	0.0159858	0.0170121	0.0397987	0.0195828	0.0170855	0.00249798	0.00206841	0.0188363	0.0304401	0.0447247	0.0450865	0.22895	0.00131647	0.0287846
99	0.0647904	0.00513908	0.00395654	0.00306843	0.00146501	0.807401	0.00354785	0.00431064	0.00376866	0.00475338	0.0031667	0.00530944	0.00207545	0.00384117	0.00766365	0.0452644	0.0219977	0.00631089	0.000814126	0.00135541
100	0.616477	0.00189373	0.000844844	0.000995332	0.0116673	0.288751	0.00462139	0.00130082	0.00104917	0.00229832	0.00466087	0.000761871	0.000745157	0.00137772	0.00148885	0.0463418	0.00277302	0.010532	0.000468181	0.000951039
101	0.00836546	0.0133548	0.00808021	0.000891525	0.124888	0.00174864	0.00165736	0.195259	0.00118608	0.276636	0.0419281	0.00405943	0.000966317	0.00118094	0.00241396	0.00955246	0.0261477	0.207359	0.00917847	0.0651466
102	0.0220524	0.00155224	0.00190014	0.00576417	0.186436	0.0125956	0.124145	0.00254975	0.020532	0.0732097	0.00973566	0.0199312	0.00147079	0.0620114	0.0325792	0.0147312	0.00987388	0.00602373	0.0245615	0.368345
103	0.151258	0.0684672	0.00583707	0.00748927	0.0958432	0.0122705	0.00887097	0.0110061	0.0063535	0.0978702	0.0109645	0.00651123	0.00462499	0.0093506	0.0106838	0.141348	0.224365	0.0156438	0.0034433	0.107798
104	0.055461	0.00547493	0.0568566	0.0308512	0.00107127	0.0186494	0.0212026	0.00649909	0.0230593	0.0123999	0.00661412	0.0150232	0.522688	0.0632586	0.0630395	0.0443399	0.0477484	0.00215237	0.00256698	0.00104315
105	0.0483741	0.0100692	0.175707	0.077547	0.00219119	0.126392	0.0776096	0.0107788	0.0222303	0.0172761	0.00747893	0.0928122	0.00171791	0.0723391	0.00559548	0.188773	0.0521524	0.00824046	0.000887336	0.00182779
106	0.057841	0.00141895	0.341388	0.319627	0.00195061	0.0431584	0.0101049	0.00421788	0.016894	0.00873127	0.00258751	0.00437979	0.0013349	0.0939158	0.0361928	0.0393666	0.00816177	0.00626844	0.000753696	0.00170634
107	0.166348	0.0315059	0.051639	0.129944	0.0358839	0.110042	0.0129116	0.0269212	0.00928463	0.0183997	0.0337793	0.00868416	0.00303349	0.139559	0.0870193	0.0875153	0.0208229	0.0123847	0.00623566	0.00808549
108	0.187422	0.0207387	0.00229147	0.00325903	0.00147923	0.0132319	0.00143744	0.00139271	0.0012518	0.00896882	0.00315337	0.00138234	0.00120564	0.00186637	0.00191512	0.200634	0.509429	0.0373091	0.000587384	0.00104467
109	0.0385145	0.00163059	0.00126687	0.000809023	0.000657092	0.914947	0.000660521	0.00372994	0.00258621	0.00276494	0.00110957	0.00350896	0.000599791	0.000908978	0.00294727	0.0154056	0.00338515	0.00364873	0.000298907	0.000619928
110	0.0341201	0.00694929	0.256152	0.0311913	0.0126632	0.0930328	0.0360693	0.0110212	0.021646	0.0153306	0.00819565	0.235037	0.0188239	0.0389447	0.0356936	0.0730335	0.0439916	0.0140923	0.0028683	0.0111438
111	0.355581	0.132935	0.00288291	0.0034471	0.0209024	0.062269	0.00410919	0.0759597	0.00242657	0.059151	0.0269221	0.00345468	0.025626	0.00925866	0.00527944	0.0859929	0.0313724	0.086441	0.00214016	0.00384848
112	0.0380035	0.0318439	0.00218267	0.00548452	0.0830905	0.00370233	0.233517	0.00565812	0.0439339	0.0316922	0.00581041	0.0304129	0.0400084	0.0547361	0.208587	0.00720165	0.0102316	0.0231629	0.00337846	0.137362
113	0.0310198	0.00276296	0.00204774	0.00272756	0.00309591	0.0166501	0.00293948	0.0274439	0.149471	0.389534	0.114885	0.00242338	0.00198742	0.0987946	0.12138	0.0057632	0.00511878	0.0180908	0.00106652	0.0027978
114	0.0177666	0.0268304	0.00130331	0.00158098	0.688725	0.00226988	0.0133437	0.0146809	0.00149372	0.0904076	0.0148219	0.00138841	0.000939565	0.00853415	0.00213455	0.00287723	0.00898621	0.0273229	0.00118511	0.0734077
115	0.182879	0.0472342	0.00228053	0.00490267	0.0017072	0.0186813	0.00360764	0.00383265	0.00279895	0.00821487	0.00518986	0.00137241	0.00108027	0.00387234	0.00349609	0.198347	0.469089	0.0393803	0.000778462	0.00125595
116	0.377779	0.08871	0.00281174	0.00418395	0.0543048	0.0390112	0.00552556	0.0328487	0.00332222	0.0564236	0.0306692	0.00479226	0.033274	0.0121348	0.00609459	0.0552876	0.0333832	0.153166	0.00246853	0.0038097
117	0.0804596	0.000567365	0.0374275	0.0922884	0.00234666	0.0193066	0.0323653	0.0151285	0.14928	0.0200877	0.0109302	0.0205326	0.0140048	0.13311	0.212671	0.0700492	0.0602432	0.0275705	0.000763155	0.000867083
118	0.0176761	0.0269974	0.00128462	0.00160183	0.690516	0.00219063	0.0132344	0.0147605	0.00144014	0.0904773	0.0145732	0.00120228	0.000945611	0.00868161	0.00217571	0.00289053	0.00870435	0.0273261	0.00112599	0.0721956
119	0.0282051	0.00217494	0.00208851	0.109672	0.00257732	0.00342355	0.135365	0.0495711	0.0364364	0.236149	0.0528982	0.00246523	0.00135646	0.0486763	0.186274	0.0155223	0.00446574	0.0791278	0.00111873	0.00243403
120	0.0109825	0.00225236	0.00177372	0.00221745	0.312335	0.0230611	0.0581851	0.00269432	0.014626	0.0991631	0.0387837	0.0222316	0.00135822	0.0157429	0.00749024	0.00609107	0.0251968	0.0039369	0.0160072	0.33587
121	0.00790305	0.00458738	0.0954851	0.0604181	0.0023763	0.432908	0.01753	0.00228438	0.00601033	0.00513337	0.00352848	0.256749	0.00175573	0.0142673	0.0154413	0.0524958	0.0140866	0.00412625	0.000982432	0.00193102
122	0.0869584	0.000705842	0.0391045	0.0973424	0.0024676	0.0218238	0.0359093	0.0157226	0.130812	0.0242476	0.00960881	0.0162275	0.0182278	0.114377	0.196622	0.0813353	0.0758092	0.0307878	0.000850686	0.00106015
123	0.594276	0.00250522	0.00153483	0.00182346	0.0278923	0.269747	0.00969451	0.00194821	0.00187987	0.00415468	0.00951953	0.00104828	0.00120284	0.00239564	0.00256333	0.0409748	0.00399126	0.0202501	0.000772062	0.00182577
124	0.0571542	0.00190237	0.263488	0.430146	0.00188457	0.0466754	0.00672771	0.00366298	0.0129645	0.00742096	0.00275654	0.00288002	0.00114898	0.0849934	0.0262559	0.0317273	0.00637212	0.00862682	0.00129465	0.00191723
125	0.365046	0.0347617	0.0316636	0.0259841	0.00174879	0.074598	0.0481194	0.0129293	0.0160913	0.0193512	0.0158816	0.0154607	0.0009598	0.0516625	0.0425025	0.175479	0.0505833	0.0148022	0.00110256	0.00127298
126	0.0310482	0.0273118	0.00348901	0.00227987	0.18587	0.00358003	0.00247839	0.103678	0.0024524	0.0969397	0.0254441	0.00290952	0.00275396	0.00315941	0.00367412	0.00815702	0.0112576	0.298278	0.0143851	0.170854
127	0.011584	0.002729	0.00106857	0.0013753	0.00735575	0.00237591	0.00136941	0.210871	0.00172979	0.137167	0.0192858	0.000950701	0.00136689	0.00136398	0.00356126	0.00356481	0.00662922	0.580324	0.000882339	0.00444523
128	0.0953122	0.0138087	0.00105931	0.00383779	0.0294895	0.0058632	0.00142157	0.132092	0.00349818	0.360232	0.0611032	0.000676897	0.00705143	0.00252946	0.0126069	0.00573701	0.0054062	0.245421	0.0031001	0.00975314
129	0.326431	0.249689	0.00645309	0.00884639	0.00684741	0.019788	0.00928395	0.013201	0.00755424	0.0165261	0.0103847	0.00494014	0.00564415	0.0100264	0.0123731	0.230578	0.0338415	0.0178975	0.00337602	0.00631843
130	0.239031	0.0350115	0.00275273	0.00455323	0.0439278	0.0371484	0.00561475	0.00368835	0.00322335	0.27988	0.200848	0.00330148	0.00209331	0.00812475	0.00811866	0.0275425	0.0839557	0.00675902	0.00141478	0.00301098
131	0.0377311	0.00160708	0.0012981	0.000847912	0.000651571	0.91596	0.000645107	0.00369661	0.00259875	0.00269169	0.00110058	0.00357843	0.000600464	0.000847354	0.00300007	0.0153272	0.00329869	0.00361976	0.00029917	0.000600229
132	0.21459	0.0565911	0.00998941	0.0107137	0.0197779	0.0292882	0.048166	0.0302507	0.0081638	0.055981	0.0446496	0.0354716	0.0256914	0.008003	0.021375	0.123468	0.0863076	0.122805	0.0241111	0.0246059
133	0.158898	0.0150894	0.0374742	0.11321	0.148053	0.0965415	0.0397219	0.00495579	0.0167194	0.0320766	0.004855	0.00338238	0.00432135	0.050077	0.0440812	0.0494808	0.0354747	0.00616578	0.0651539	0.0742672
134	0.13013	0.0219016	0.00389302	0.00378396	0.0023892	0.0468542	0.00267923	0.00260707	0.00219623	0.00856485	0.0131128	0.00257069	0.00157023	0.00265395	0.00511034	0.415587	0.304476	0.0271137	0.0009666	0.00183989
135	0.242554	0.00288575	0.0350777	0.0039378	0.00378065	0.0370381	0.0202763	0.00413754	0.0346931	0.0247055	0.00464015	0.00308024	0.195798	0.0202606	0.142074	0.0266917	0.0987373	0.078116	0.00321712	0.0182985
136	0.0539967	0.00554249	0.0571696	0.0303975	0.00104976	0.0187313	0.0215787	0.00624684	0.0233052	0.0123453	0.00670038	0.0152194	0.522957	0.0639803	0.0630303	0.0446206	0.0476943	0.00190805	0.00254064	0.000985784
137	0.0265423	0.00496403	0.000754165	0.00111024	0.0150614	0.00106299	0.00140601	0.0898748	0.000894033	0.703996	0.0443713	0.000655406	0.00124374	0.00655861	0.00931592	0.00523788	0.0199229	0.0475138	0.0113751	0.00813916
138	0.0322501	0.00264845	0.216199	0.0619197	0.0066589	0.292063	0.0538828	0.00420157	0.0538833	0.00636367	0.00235095	0.0700046	0.0240243	0.0425597	0.0643336	0.0123265	0.0389021	0.00553139	0.000793023	0.00910301
139	0.0613986	0.004631	0.0042349	0.0142162	0.0335734	0.0155874	0.00587887	0.137889	0.00197968	0.394197	0.0596621	0.00146699	0.0142948	0.012593	0.0174285	0.00908953	0.0158097	0.1719	0.0156942	0.00847448
140	0.072472	0.00152827	0.0858915	0.0385139	0.0161075	0.0238169	0.0930445	0.00327131	0.0733379	0.00628207	0.00298535	0.0517234	0.0465556	0.0182939	0.304833	0.0799472	0.0435587	0.0111754	0.00261998	0.0240418
141	0.0758386	0.00840338	0.00151417	0.00596357	0.0304525	0.00637741	0.0020102	0.144036	0.00223261	0.421322	0.051624	0.000634518	0.0129508	0.0040707	0.0157036	0.00741623	0.00696789	0.187927	0.00692787	0.00762707
142	0.0457626	0.0423534	0.00813699	0.0103542	0.00870188	0.0563051	0.00985156	0.00998552	0.00851782	0.0610231	0.0568626	0.162619	0.35252	0.0521359	0.0129756	0.0180264	0.0152173	0.0154725	0.00506553	0.0481127
143	0.0177279	0.00536038	0.000455213	0.000752717	0.00704641	0.0025785	0.000718667	0.390278	0.00171207	0.171188	0.0568519	0.000588447	0.00181968	0.000696643	0.00371785	0.00348698	0.0125703	0.317899	0.000211538	0.00434013
144	0.107353	0.0556663	0.0134439	0.0347842	0.0541346	0.0173629	0.068873	0.0351099	0.0139997	0.0746023	0.0409281	0.0202531	0.00980238	0.0273115	0.14425	0.0427861	0.0700845	0.0654521	0.00802747	0.0957756
145	0.128378	0.00228716	0.00176597	0.00198104	0.00194858	0.0441348	0.00211965	0.00219757	0.00367527	0.0122656	0.0149389	0.00481832	0.752246	0.00416055	0.00419385	0.00585174	0.00452267	0.00346188	0.0019667	0.00308618
146	0.072539	0.00634986	0.00319524	0.00974834	0.0247933	0.0396244	0.00645369	0.126016	0.00274363	0.308908	0.0670109	0.00386075	0.00792004	0.0075694	0.0140112	0.0110061	0.0294353	0.23683	0.012813	0.00917234
147	0.0584399	0.00798962	0.0254798	0.0220815	0.0230872	0.0246024	0.0979752	0.0095029	0.11604	0.026068	0.0108009	0.0324464	0.0504573	0.0691264	0.237171	0.0517999	0.0397878	0.0189122	0.0216822	0.0565494
148	0.120536	0.0177032	0.00634382	0.00727127	0.00997636	0.543041	0.00741324	0.0356936	0.00549397	0.0486479	0.0131745	0.0106982	0.00583205	0.00889096	0.0117522	0.0885566	0.0201245	0.0287145	0.00390909	0.00622737
149	0.0197871	0.00304864	0.00307213	0.00742365	0.223679	0.0147553	0.107936	0.0027601	0.0166142	0.0823135	0.0184684	0.0203504	0.00196957	0.0422377	0.0261718	0.0119527	0.0151919	0.00690703	0.0201152	0.355246
150	0.136436	0.0503345	0.0112647	0.0064583	0.00432693	0.0727371	0.00688219	0.00671796	0.00400648	0.0115581	0.0121479	0.00490455	0.00222731	0.00757718	0.0132661	0.399193	0.222026	0.0232165	0.00170597	0.00301423
151	0.0663919	0.00686579	0.00132716	0.00610152	0.023675	0.00532478	0.00163704	0.202309	0.00245892	0.377735	0.0484161	0.000537458	0.00841954	0.00307126	0.0121093	0.00559135	0.0063948	0.209804	0.00451681	0.00731264
152	0.071697	0.0197098	0.0260325	0.0141316	0.0045635	0.0143927	0.00945636	0.0102955	0.00344825	0.0358186	0.0133309	0.00457236	0.00300024	0.00995328	0.00623657	0.225753	0.453234	0.0692323	0.00156599	0.00357512
153	0.10654	0.0114091	0.00107304	0.00425285	0.0330037	0.00455804	0.00120335	0.136668	0.0037971	0.362732	0.0543701	0.000587601	0.00771327	0.0026786	0.0137899	0.00636135	0.00525646	0.229848	0.00326336	0.0108949
154	0.0539967	0.00554249	0.0571696	0.0303975	0.00104976	0.0187313	0.0215787	0.00624684	0.0233052	0.0123453	0.00670038	0.0152194	0.522957	0.0639803	0.0630303	0.0446206	0.0476943	0.00190805	0.00254064	0.000985784
155	0.024123	0.00530514	0.000614945	0.00096349	0.0140929	0.00303185	0.000942418	0.337021	0.00314134	0.242566	0.0493314	0.000719307	0.00222388	0.000682928	0.00747565	0.00247213	0.00888047	0.287326	0.000262018	0.0088236
156	0.258723	0.0134055	0.0062698	0.0128238	0.0204464	0.0695206	0.0128421	0.00948802	0.0261262	0.0332968	0.0151412	0.0613781	0.072429	0.0133373	0.0205935	0.214147	0.0804817	0.0463396	0.00662707	0.00658402
157	0.0191207	0.004605	0.000477404	0.000898767	0.00944733	0.00347215	0.000868189	0.371476	0.00211239	0.195749	0.0483709	0.00067113	0.00263113	0.000677674	0.00489345	0.00312947	0.0129054	0.312198	0.000242699	0.00605289
158	0.0541455	0.00728305	0.00460883	0.00626969	0.024294	0.0246179	0.0157636	0.193217	0.00597153	0.242183	0.0532267	0.0136237	0.00631128	0.00620507	0.0120316	0.0145545	0.050592	0.228597	0.0107385	0.0257665
159	0.0610793	0.00124598	0.352744	0.257987	0.00206202	0.0367814	0.0134055	0.00457568	0.0225681	0.00983733	0.00330615	0.00785101	0.00178821	0.108851	0.0459292	0.0487173	0.0131565	0.00577277	0.000656428	0.00168449
160	0.0965861	0.00443304	0.127959	0.225987	0.0181482	0.0128914	0.0129151	0.0288817	0.00447316	0.0736832	0.013233	0.0128551	0.0302344	0.0466822	0.0266289	0.082685	0.0669041	0.0476805	0.0236006	0.0435383
161	0.0306628	0.00455547	0.01325	0.0297559	0.111896	0.00560925	0.140559	0.0040864	0.0183302	0.0791362	0.0147173	0.0330658	0.00877075	0.0348992	0.0764571	0.0218545	0.0202876	0.0173506	0.00909466	0.325661
162	0.0648591	0.00237649	0.022042	0.0509038	0.00502332	0.0249452	0.0557648	0.0147801	0.140612	0.061946	0.0190217	0.0219535	0.018949	0.10611	0.266943	0.0553585	0.0250358	0.0316202	0.00302863	0.00872745
163	0.026901	0.00582686	0.00040513	0.000594261	0.00614391	0.00233423	0.000749212	0.370493	0.00105005	0.139	0.047719	0.00051496	0.00156978	0.000714146	0.00233321	0.00503569	0.0228208	0.36287	0.000237497	0.00268691
164	0.347897	0.0689165	0.0029247	0.00341765	0.0284665	0.0540627	0.011047	0.0493672	0.00536923	0.0591013	0.0362772	0.00887743	0.0233281	0.00909702	0.00619499	0.0936213	0.0561671	0.123787	0.0048677	0.00721249
165	0.00751141	0.0133726	0.00628396	0.000778354	0.13767	0.00156414	0.00185772	0.184508	0.000958348	0.275742	0.0451252	0.00422268	0.000751544	0.00122407	0.00191513	0.0107038	0.0266532	0.198288	0.0109643	0.0699057
166	0.293477	0.0326439	0.00921906	0.0204804	0.00405594	0.0371931	0.0100758	0.00681078	0.00578556	0.0114131	0.00868435	0.00767235	0.00822112	0.0126946	0.0115698	0.250179	0.228005	0.0366927	0.00161192	0.00351478
167	0.0645004	0.00516619	0.0479027	0.0266401	0.0068212	0.0210898	0.0481233	0.00687991	0.039346	0.015233	0.00824819	0.0214608	0.340935	0.0451601	0.171071	0.0622344	0.0433887	0.0114267	0.00438025	0.00999187
168	0.0276645	0.00428405	0.000996949	0.00233196	0.0193635	0.00168604	0.00296934	0.065113	0.00127824	0.711456	0.0575645	0.000795706	0.0010201	0.0114941	0.012362	0.00567523	0.0236771	0.0295911	0.0112541	0.00942298
169	0.0552188	0.00669794	0.0171108	0.0210054	0.011657	0.0249445	0.0315279	0.0119469	0.0542293	0.0440215	0.0127294	0.0163623	0.0168036	0.0710865	0.501394	0.0438564	0.0217492	0.0183254	0.00680746	0.0125259
170	0.0498042	0.00592741	0.000560052	0.000938897	0.00963368	0.00242925	0.00103267	0.310132	0.00117545	0.125478	0.0357474	0.00073544	0.00124963	0.0010174	0.00240556	0.00704735	0.0366154	0.404903	0.00031678	0.00284953
171	0.63355	0.012482	0.00149078	0.0017722	0.00279101	0.0946812	0.00240993	0.00375983	0.00146753	0.00344417	0.00234429	0.00568299	0.0013181	0.00231812	0.00437994	0.16752	0.0328345	0.0240097	0.000505715	0.00123816
172	0.108878	0.00188923	0.00125332	0.000877229	0.00220835	0.834921	0.00113776	0.00291548	0.00264122	0.0027508	0.00167508	0.00329699	0.000646162	0.000884334	0.00312473	0.0219377	0.00389272	0.00410073	0.000293371	0.000675614
173	0.0785502	0.0397631	0.00604113	0.00876196	0.0460077	0.110791	0.00855015	0.00891066	0.00821533	0.112926	0.211805	0.00618799	0.0043934	0.0692089	0.0419612	0.0581333	0.15645	0.0124835	0.00367707	0.00718206
174	0.333724	0.0802139	0.00155501	0.00402808	0.0226837	0.0614724	0.00304509	0.0838628	0.00208587	0.0988388	0.0331119	0.00353222	0.0172943	0.00894316	0.00538533	0.0604445	0.033486	0.140132	0.00228904	0.00387231
175	0.0454675	0.00189631	0.196574	0.556145	0.00200245	0.0603095	0.00445501	0.00257704	0.00607709	0.00517035	0.00263639	0.00212449	0.00134822	0.0604702	0.0119813	0.0207538	0.00437396	0.0120338	0.00132335	0.00228032
176	0.00760755	0.00843548	0.00356351	0.000839165	0.110877	0.00133428	0.00115446	0.212887	0.00114887	0.362496	0.0339801	0.00320819	0.00100378	0.0012362	0.00348196	0.0061938	0.0164781	0.178249	0.00660165	0.0392239
177	0.25333	0.00140912	0.171019	0.163757	0.0015576	0.0281964	0.00225401	0.00474464	0.0180066	0.0192579	0.0142881	0.020303	0.000729072	0.140731	0.0756214	0.0587228	0.0192898	0.00547082	0.00040915	0.00090328
178	0.0997065	0.0370623	0.0231434	0.025888	0.0177097	0.0172049	0.0338665	0.0440613	0.0191037	0.135873	0.0406432	0.0318216	0.0105193	0.0245953	0.0746082	0.0556741	0.0759787	0.159159	0.0320232	0.0413579
179	0.0176876	0.0269788	0.00127993	0.00158318	0.690436	0.00219232	0.0132779	0.01473	0.00144007	0.0903638	0.0146155	0.00120789	0.000950066	0.00860153	0.00215728	0.00288499	0.00867421	0.0274064	0.0011259	0.0724063
180	0.129806	0.00229803	0.0015665	0.0019774	0.00201307	0.0475221	0.00207567	0.00219131	0.00346942	0.0109067	0.015088	0.0050353	0.749411	0.00381377	0.00398977	0.00605633	0.00458426	0.00345047	0.00165116	0.00309416
181	0.0311309	0.00274595	0.153427	0.0906963	0.00200735	0.313999	0.0756949	0.00187831	0.0596282	0.00426276	0.00247377	0.0635204	0.0091433	0.0744414	0.0658925	0.00631067	0.0337655	0.00337427	0.0009067	0.0047007
182	0.38703	0.099553	0.00127728	0.00507522	0.0217773	0.0870586	0.00205648	0.0513369	0.00135451	0.0771826	0.0319435	0.00416064	0.0173674	0.0119732	0.00505174	0.0717894	0.0323805	0.0879609	0.000912743	0.00275768
183	0.259384	0.116038	0.00442801	0.0439903	0.0330278	0.0716841	0.0125737	0.0375832	0.00602999	0.0669173	0.0304448	0.0281802	0.00523713	0.0138531	0.0568733	0.0606474	0.058891	0.0686417	0.00520514	0.0203699
184	0.0441316	0.00215166	0.365431	0.0178755	0.0243647	0.047867	0.044564	0.0131519	0.0389314	0.0160985	0.00381836	0.0942375	0.0529445	0.0280032	0.0840085	0.0361999	0.0489709	0.0158208	0.00145933	0.0199696
185	0.107483	0.00411466	0.0498533	0.0760969	0.108928	0.0236072	0.0389548	0.023619	0.00349989	0.0908944	0.0183481	0.016912	0.0590765	0.0516902	0.0426495	0.0442507	0.0509141	0.0466179	0.0100903	0.1324
186	0.0278518	0.00752899	0.0086659	0.00661771	0.064014	0.00947623	0.0359481	0.00804614	0.00556288	0.0586242	0.0238802	0.00470458	0.00606486	0.00825152	0.0209046	0.0196703	0.00900543	0.00900442	0.46965	0.196528
187	0.264218	0.108361	0.014756	0.0241221	0.0027625	0.0355463	0.027021	0.0162419	0.0179052	0.0113579	0.0198883	0.00622768	0.00149018	0.0275666	0.0257845	0.239313	0.130215	0.0234937	0.00137915	0.00235028
188	0.0363559	0.00268757	0.0106546	0.00817966	0.00140991	0.830824	0.00436752	0.00413543	0.00561667	0.00435908	0.00345182	0.0363953	0.00119266	0.00344275	0.00930644	0.0266642	0.00506623	0.00446463	0.000517716	0.000907565
189	0.0902747	0.0296656	0.0044144	0.0275661	0.137132	0.0173433	0.0536069	0.0102074	0.00597549	0.351099	0.065577	0.00427391	0.00554799	0.0125266	0.0368552	0.0483517	0.0672526	0.0149415	0.00851128	0.00887692
190	0.0780192	0.00211864	0.0267027	0.0554119	0.00488226	0.0233407	0.0274869	0.0215069	0.137995	0.027688	0.0145149	0.0202963	0.0142287	0.119253	0.293503	0.06913	0.0354322	0.0218647	0.00282513	0.0038001
191	0.135883	0.00977321	0.00318017	0.00397248	0.00940592	0.034155	0.00383772	0.0116392	0.00647683	0.0743196	0.0305295	0.0082952	0.588648	0.00943618	0.010292	0.0119456	0.0127453	0.0196136	0.0081625	0.00768962
