243	20
1	0.00865219	0.00165572	0.021128	0.072573	0.0113236	0.00487282	0.0511754	0.0181166	0.221911	0.0530833	0.0462566	0.0282998	0.0422415	0.0421839	0.288464	0.0058386	0.060209	0.00840913	0.0101025	0.00350353
2	0.00444544	0.000695583	0.000545629	0.000754623	0.0103514	0.00315258	0.000835553	0.499772	0.0032621	0.122902	0.019655	0.000774853	0.000533953	0.000708146	0.000623703	0.004029	0.00202375	0.314009	0.00243225	0.00849376
3	0.115981	0.0153687	0.010964	0.00350633	0.0214567	0.011846	0.00868765	0.203012	0.00374727	0.0629794	0.0256326	0.0196262	0.00272904	0.00124588	0.00323859	0.0523264	0.160053	0.272035	0.00431877	0.00124514
4	0.00520436	0.00087558	0.000748781	0.00117722	0.0119305	0.00313904	0.00136677	0.528259	0.00307531	0.110085	0.0174458	0.00115644	0.000742438	0.00100229	0.000777704	0.00445606	0.00320077	0.286733	0.00883826	0.0097861
5	0.0362016	0.00247286	0.354709	0.114457	0.0231363	0.0526665	0.0166129	0.00968478	0.0410267	0.0114964	0.0145987	0.154474	0.00336754	0.0208388	0.0143706	0.0663244	0.0294243	0.0181581	0.00188077	0.014099
6	0.0979429	0.000969322	0.00438971	0.00275936	0.00570433	0.016185	0.00181543	0.0137222	0.00259049	0.0118266	0.00749605	0.00279988	0.72788	0.0122928	0.00187506	0.0197194	0.0148441	0.0449984	0.00129696	0.0088925
7	0.00514588	0.00120523	0.000535087	0.000896421	0.0104664	0.00302066	0.000953045	0.493701	0.0031506	0.123031	0.020001	0.000766152	0.000616436	0.0007684	0.00063923	0.00407727	0.00255903	0.317586	0.0023686	0.00851261
8	0.0551633	0.00282636	0.00952008	0.00780253	0.00683211	0.033814	0.0111052	0.015047	0.0113268	0.0123677	0.0113707	0.0465566	0.0941094	0.0209661	0.00664221	0.275117	0.321396	0.043586	0.00393849	0.0105125
9	0.0123517	0.00225734	0.00194849	0.00471353	0.00963875	0.00258609	0.0128637	0.0209817	0.0821366	0.0079798	0.00555602	0.00909353	0.00190765	0.0119988	0.76191	0.0094321	0.0177248	0.00783877	0.00586385	0.0112162
10	0.0167689	0.00610389	0.000804601	0.00399045	0.0103289	0.00300188	0.00236474	0.445599	0.00370225	0.119868	0.0241494	0.00181446	0.00405184	0.00431988	0.00169147	0.0055762	0.0118326	0.322478	0.00241579	0.00913858
11	0.0979887	0.013049	0.0408364	0.199337	0.0129807	0.0240736	0.0423173	0.0632279	0.0670291	0.0276505	0.0216714	0.0248486	0.00842294	0.0294922	0.0217946	0.131282	0.0621534	0.089668	0.00846521	0.0137114
12	0.077633	0.00218123	0.0483647	0.0316349	0.00493866	0.299524	0.0197105	0.0105229	0.0569131	0.0184207	0.0104288	0.0584287	0.110669	0.0308691	0.0171064	0.112582	0.0529363	0.0183052	0.00356133	0.0152704
13	0.0467241	0.00243092	0.00830777	0.0496126	0.0208824	0.0512047	0.307848	0.0150313	0.0406548	0.0460404	0.00989109	0.123241	0.0560791	0.0381118	0.0168711	0.0685112	0.0371936	0.017794	0.00317365	0.0403969
14	0.0247909	0.00464904	0.00299141	0.00522886	0.0298029	0.0143052	0.0190454	0.117565	0.0062722	0.418249	0.189689	0.00835979	0.0057787	0.00733948	0.00689924	0.00972287	0.0177615	0.0636999	0.00722342	0.0406266
15	0.09649	0.000923483	0.00268162	0.0439933	0.00164779	0.0899961	0.0104765	0.00969701	0.365813	0.013931	0.00574492	0.0382577	0.00792537	0.0718577	0.121114	0.0453158	0.0438564	0.0271376	0.000951644	0.0021894
16	0.0395652	0.0235701	0.00043185	0.0091586	0.008417	0.000858939	0.00607596	0.303327	0.000666138	0.0924742	0.036941	0.000965051	0.00471074	0.00423629	0.00231304	0.00672031	0.0292979	0.420846	0.000325395	0.0090986
17	0.0468225	0.00102839	0.171313	0.220498	0.00785458	0.0263564	0.0270032	0.0134111	0.137252	0.0190182	0.00732017	0.0360937	0.00500445	0.0835369	0.0627543	0.0509599	0.044403	0.0143362	0.000379511	0.0246545
18	0.120871	0.0241913	0.00769444	0.00294366	0.0144121	0.0100083	0.00557724	0.191897	0.00274257	0.0799539	0.0395354	0.0163076	0.00207438	0.00164414	0.00315514	0.0454347	0.12283	0.303567	0.00229353	0.0028653
19	0.0189076	0.00201157	0.0648443	0.356884	0.00321598	0.00388784	0.029105	0.0629966	0.0614861	0.0172619	0.036178	0.0160802	0.00204283	0.0492218	0.0148887	0.0212764	0.059376	0.16551	0.0118008	0.0030254
20	0.039215	0.0213356	0.000595784	0.00843105	0.00768971	0.000906955	0.0055534	0.284091	0.000687077	0.0917763	0.0362945	0.00150075	0.00826435	0.00426617	0.00296063	0.00659634	0.0304514	0.439891	0.000376281	0.00911716
21	0.0230546	0.00122849	0.486931	0.263804	0.00372461	0.0132981	0.00224108	0.00369914	0.0575736	0.00383576	0.00265158	0.0636163	0.00159308	0.00245517	0.00246632	0.0107315	0.0440724	0.00903271	0.000928321	0.00306281
22	0.139751	0.0452706	0.00190361	0.0426852	0.0258684	0.0551253	0.0108997	0.0474155	0.0284505	0.028325	0.0247848	0.042132	0.0019537	0.00925923	0.0168287	0.282457	0.127467	0.0389218	0.0148178	0.0156832
23	0.384389	0.0454432	0.0155108	0.00621774	0.00214788	0.0742756	0.00217261	0.00207821	0.00110509	0.00294453	0.00373233	0.00843362	0.00580416	0.00200955	0.00186369	0.379217	0.0408872	0.0185304	0.000681543	0.0025554
24	0.0231241	0.00334818	0.0320709	0.0303469	0.0317021	0.10389	0.0109041	0.0164266	0.00569366	0.0868136	0.0820059	0.043523	0.0388879	0.101256	0.00522809	0.0539969	0.272526	0.0433829	0.00467528	0.0101983
25	0.0330401	0.0149802	0.00166809	0.0018251	0.016289	0.00715264	0.00309177	0.0695032	0.00168437	0.338426	0.284893	0.00255527	0.0013341	0.0177315	0.00532444	0.0199399	0.0082393	0.157885	0.00546011	0.00897656
26	0.0164328	0.00188339	0.00128385	0.00169121	0.538935	0.00282001	0.00824313	0.0176597	0.00600285	0.0402248	0.00539665	0.00188256	0.00337057	0.00209695	0.0013317	0.00921475	0.00815257	0.0220906	0.100268	0.211019
27	0.0123378	0.00192191	0.00181663	0.00438206	0.00937392	0.00240254	0.0125544	0.0202793	0.0814767	0.00741531	0.00543115	0.00844725	0.00189315	0.0112343	0.767529	0.00963135	0.0175124	0.00798329	0.00567022	0.0107068
28	0.0390545	0.000808583	0.00311133	0.00266241	0.00151787	0.865996	0.00143936	0.0025845	0.00215375	0.00797647	0.00194263	0.00371308	0.00159122	0.0019514	0.00151592	0.0519217	0.0036053	0.00286497	0.00062369	0.00296541
29	0.02194	0.0112704	0.00065223	0.00270341	0.18794	0.00492873	0.00440927	0.199295	0.00148219	0.267693	0.0538456	0.00252636	0.00187603	0.00510383	0.00357348	0.00424768	0.00895445	0.0736035	0.0279671	0.115987
30	0.0688336	0.00308699	0.197081	0.250572	0.00598148	0.0300745	0.0136779	0.0127127	0.0807075	0.0158277	0.0109671	0.0516372	0.00537992	0.043089	0.0293599	0.0917438	0.0460567	0.0306577	0.00222474	0.0103277
31	0.0226938	0.0014112	0.0144271	0.065586	0.00780567	0.00634301	0.00518617	0.154107	0.0937734	0.160671	0.0427074	0.0405064	0.00884501	0.0445989	0.0288482	0.00446743	0.137822	0.145043	0.0057169	0.00943986
32	0.0497092	0.00656243	0.0058659	0.00664498	0.177645	0.0108315	0.00612754	0.308607	0.00712051	0.043949	0.196548	0.00907876	0.00606789	0.0105483	0.00687097	0.0132872	0.016063	0.100395	0.00554881	0.0125287
33	0.0341552	0.0111938	0.00199843	0.00191522	0.0124884	0.00627625	0.00301881	0.0656882	0.00163754	0.387032	0.247996	0.00238104	0.0016744	0.0134574	0.00422954	0.0196491	0.00760548	0.164312	0.00489212	0.0083999
34	0.0316958	0.00092471	0.00166728	0.0364768	0.0020456	0.026655	0.0109302	0.045642	0.426394	0.0288819	0.00455904	0.00574134	0.00243458	0.156724	0.15224	0.00872186	0.0249849	0.0298986	0.00107512	0.00230786
35	0.029303	0.00210255	0.258893	0.0279495	0.00500943	0.20242	0.0140262	0.0059264	0.0176778	0.00790141	0.0150695	0.29258	0.00284371	0.0138925	0.00682197	0.0439569	0.0293269	0.0187621	0.00165588	0.00388147
36	0.016557	0.0039672	0.00263773	0.00523636	0.0130973	0.00242485	0.0185212	0.0300646	0.118622	0.0117482	0.00530638	0.0161528	0.00155835	0.0228924	0.658505	0.0122992	0.0239914	0.0108959	0.00796274	0.0175597
37	0.0942508	0.00178751	0.0888024	0.0145925	0.00719306	0.0558741	0.0162951	0.0197853	0.0295497	0.0231964	0.0196978	0.0859194	0.192874	0.067657	0.014902	0.125847	0.0862772	0.0300433	0.00629991	0.0191556
38	0.109207	0.00223825	0.00388492	0.0025061	0.0129538	0.0218762	0.00397727	0.0178661	0.00184858	0.0112755	0.00865628	0.00532618	0.676913	0.0145863	0.00155392	0.0217483	0.0170534	0.0481562	0.00168337	0.0166889
39	0.00957436	0.00194727	0.0231965	0.0855926	0.0170843	0.00445337	0.0477679	0.0219839	0.170265	0.0779988	0.0592965	0.0240884	0.0390773	0.0422764	0.279135	0.00714959	0.0567973	0.0115253	0.0152777	0.00551306
40	0.0274797	0.0017238	0.354783	0.309093	0.00400251	0.0120591	0.00920053	0.018279	0.0548781	0.00864975	0.00981497	0.0409913	0.00192466	0.0151211	0.00761191	0.0170553	0.0489956	0.0508605	0.00356218	0.00391474
41	0.668736	0.0344373	0.00125084	0.00133746	0.00349967	0.0222662	0.00136812	0.00704945	0.0026347	0.0220173	0.0169635	0.0106461	0.00130528	0.00338424	0.00298495	0.0769667	0.0411931	0.0781195	0.000708739	0.00313129
42	0.0831878	0.00136399	0.00787699	0.0078966	0.0150249	0.0421018	0.0550677	0.0870276	0.00241196	0.0268308	0.031212	0.0562823	0.151534	0.0946142	0.00174833	0.100773	0.081618	0.0982425	0.0220493	0.0331364
43	0.021767	0.0112622	0.00067561	0.00271565	0.185862	0.0049233	0.00448267	0.200993	0.00150413	0.267312	0.0540174	0.00257772	0.00190147	0.00507887	0.00357942	0.0043277	0.00913986	0.0739087	0.027791	0.11618
44	0.0687958	0.018115	0.00316539	0.00324707	0.00704677	0.00465449	0.00385673	0.0294775	0.00307266	0.0227874	0.0439489	0.00777308	0.00344147	0.00383039	0.00285136	0.03989	0.416937	0.312347	0.00179012	0.00297168
45	0.0178668	0.00441242	0.00789579	0.199445	0.00772199	0.0981896	0.00770423	0.0121283	0.00866137	0.0144415	0.0408996	0.0096918	0.00574948	0.403863	0.007288	0.113536	0.0143305	0.0148664	0.00389251	0.00741612
46	0.0113653	0.00178954	0.0017981	0.00434745	0.00952995	0.00230123	0.0122886	0.0202077	0.0824234	0.00683445	0.00541753	0.00847494	0.00187132	0.0111332	0.771024	0.00899634	0.0165522	0.00730711	0.00568089	0.0106568
47	0.105944	0.0156195	0.00819065	0.00801153	0.0308259	0.00972844	0.00709049	0.259098	0.00387297	0.0570028	0.0202968	0.0161799	0.00362059	0.00281382	0.00327476	0.0561851	0.142366	0.244187	0.00363207	0.00205932
48	0.016525	0.838397	0.00505413	0.00631799	0.00687103	0.00810954	0.0058583	0.0114934	0.00617648	0.0122641	0.00835419	0.00723224	0.0048359	0.00785274	0.00495267	0.0114628	0.0126519	0.0145791	0.00296501	0.00804606
49	0.0374816	0.00082184	0.00324831	0.00266226	0.00187504	0.864244	0.00179163	0.00266396	0.00208246	0.00800916	0.00222558	0.00392525	0.00208721	0.00283687	0.00138845	0.0511785	0.00454893	0.00310108	0.000767744	0.00306034
50	0.0448355	0.0253066	0.0011561	0.00883274	0.00929789	0.0017047	0.00585921	0.294087	0.000901749	0.0912067	0.0414612	0.00212282	0.00557777	0.00498656	0.00263323	0.00909152	0.0333034	0.40785	0.000661352	0.00912375
51	0.015023	0.841502	0.0049298	0.00627213	0.00660267	0.00779832	0.006039	0.0112387	0.00599979	0.0124056	0.00848258	0.00776906	0.00453783	0.00788173	0.00500517	0.0115632	0.0123236	0.0139353	0.00299367	0.00769656
52	0.12178	0.0037157	0.0231575	0.0269656	0.00670847	0.105423	0.0280104	0.0163961	0.0381662	0.0227293	0.0152063	0.0542291	0.173987	0.0319055	0.0191872	0.159335	0.0991156	0.0276087	0.0063055	0.0200674
53	0.14766	0.0296576	0.0144601	0.00407904	0.0214811	0.00896437	0.013312	0.105855	0.00382362	0.0320369	0.0167644	0.0281569	0.0151067	0.00412617	0.00293111	0.1117	0.2041	0.230882	0.00273059	0.00217282
54	0.0253175	0.00832973	0.00310862	0.010493	0.0149863	0.0111199	0.661414	0.0157573	0.00766034	0.0126174	0.00563619	0.0315872	0.00894943	0.0146809	0.0473379	0.0501364	0.0101265	0.00797473	0.00840767	0.0443593
55	0.566624	0.0316471	0.00212633	0.00250996	0.00929404	0.0883504	0.00121819	0.0049728	0.00184712	0.00665817	0.0116146	0.0128256	0.00474781	0.00622076	0.00629494	0.148462	0.0576688	0.0297414	0.000478982	0.00669747
56	0.0297609	0.00125559	0.00645992	0.0486196	0.0328219	0.00906028	0.0166658	0.135136	0.0638779	0.189514	0.0742259	0.0293708	0.00551488	0.0358182	0.0627093	0.0212356	0.103048	0.0930901	0.0169769	0.0248389
57	0.661127	0.0446052	0.000588146	0.000689177	0.00428642	0.036525	0.000465127	0.00798507	0.00268671	0.0110616	0.0165003	0.0135424	0.000504296	0.00348108	0.00380738	0.0764952	0.0649713	0.0470836	0.000280049	0.0033148
58	0.450699	0.0341287	0.00846638	0.00776093	0.00311017	0.0530707	0.0019937	0.00196474	0.000956912	0.00270448	0.00493093	0.0109392	0.00621127	0.00216068	0.00203616	0.352337	0.0378206	0.0157397	0.000475244	0.00249326
59	0.120964	0.0185217	0.00895025	0.00279634	0.0175361	0.0116626	0.00670678	0.19644	0.00329682	0.0698874	0.0299812	0.0189753	0.00227305	0.00101092	0.00381646	0.0518393	0.147518	0.283682	0.00288934	0.00125286
60	0.0270867	0.00291569	0.0138982	0.0518505	0.0392645	0.0130182	0.0378242	0.106827	0.0438414	0.160928	0.0584449	0.0351215	0.00228141	0.0584276	0.113264	0.0439539	0.068511	0.0629504	0.00847815	0.051113
61	0.688188	0.0424875	0.000628324	0.00119993	0.00358554	0.0319776	0.000727373	0.0063427	0.00226165	0.0124942	0.012397	0.0175684	0.00125988	0.00274088	0.00296022	0.0820773	0.052904	0.0352308	0.000352807	0.00261639
62	0.0735156	0.0232054	0.00224412	0.0133208	0.00801313	0.00650494	0.00477878	0.31662	0.010217	0.130949	0.0397202	0.0051341	0.00911811	0.0670671	0.00867441	0.00909538	0.0334192	0.227759	0.00180704	0.00883708
63	0.0230043	0.00127913	0.478845	0.256645	0.00414736	0.0130655	0.00368452	0.00375155	0.0518737	0.0039493	0.00411068	0.0746112	0.00169551	0.0048407	0.00359121	0.0160238	0.0408823	0.0100315	0.000913689	0.00305392
64	0.0469331	0.000857463	0.356632	0.042885	0.00368083	0.0140468	0.0235398	0.00354248	0.021029	0.00392843	0.0372616	0.301452	0.00129235	0.0178683	0.00631197	0.0680604	0.0208234	0.0274954	0.000857983	0.00150166
65	0.453961	0.0268731	0.0078343	0.0112281	0.0115987	0.0355637	0.00717915	0.0349683	0.0104334	0.0736055	0.0203862	0.0210402	0.012259	0.00893421	0.0100792	0.0963339	0.0814771	0.062813	0.00432091	0.00911038
66	0.0349134	0.0177968	0.000726314	0.00277326	0.170153	0.00958051	0.00424477	0.159863	0.00171385	0.260192	0.0604736	0.00434985	0.00202798	0.00799643	0.00328199	0.0046332	0.0102354	0.0842806	0.0158184	0.144946
67	0.0145612	0.000772084	0.123185	0.0734574	0.00128318	0.430372	0.011524	0.00583101	0.135801	0.00234443	0.00148212	0.053984	0.0157776	0.0414972	0.0169048	0.0461161	0.0171571	0.00228637	0.000607369	0.00505603
68	0.0470743	0.003491	0.0044348	0.00575699	0.00640886	0.00419927	0.00236343	0.265136	0.00293652	0.123948	0.0227332	0.0125671	0.149788	0.00575267	0.00227598	0.00675288	0.0206149	0.307944	0.00228689	0.0035352
69	0.120203	0.00110126	0.0394757	0.0247418	0.00260545	0.0854155	0.0103947	0.00923435	0.0606907	0.0282511	0.0112747	0.0607485	0.219781	0.0285822	0.0257276	0.137281	0.0892845	0.0175079	0.005147	0.022551
70	0.057052	0.00156908	0.0968229	0.0991892	0.0127985	0.00311721	0.0242895	0.036297	0.152944	0.0718986	0.00338338	0.0595341	0.192209	0.0188893	0.0230794	0.0160083	0.0511899	0.0438258	0.00155049	0.034352
71	0.0778621	0.00195859	0.0305801	0.00912975	0.0195852	0.0389789	0.0392355	0.0580593	0.00329318	0.0756483	0.0743545	0.119346	0.085897	0.095196	0.00283026	0.0894015	0.0740032	0.0716856	0.00804898	0.0249063
72	0.363132	0.00827714	0.0353953	0.00857226	0.0127287	0.265593	0.023943	0.0141585	0.0144087	0.0544144	0.0138631	0.0423217	0.00526136	0.0323524	0.0164352	0.0328172	0.0248877	0.0192722	0.00258342	0.00958278
73	0.0121266	0.00745593	0.0423579	0.112948	0.0273561	0.0164432	0.0629535	0.093843	0.0552898	0.0966855	0.0206573	0.0499227	0.00144466	0.106887	0.117205	0.0326831	0.0424635	0.0571362	0.00154729	0.0425929
74	0.0292553	0.016172	0.000905232	0.00542687	0.0891701	0.0062549	0.00998314	0.230525	0.00218501	0.277179	0.0533402	0.00392775	0.00240508	0.00910953	0.00477412	0.00898366	0.0148144	0.0982283	0.0215915	0.115768
75	0.0499017	0.0123154	0.000851319	0.0159239	0.00499736	0.00547971	0.0036005	0.325274	0.0122813	0.147249	0.0599886	0.00149997	0.00961248	0.0206331	0.00964508	0.00606611	0.0292495	0.278201	0.000395389	0.00683462
76	0.0297021	0.00562319	0.0142258	0.0427431	0.0394285	0.0124655	0.0417799	0.120501	0.0430967	0.127936	0.0420985	0.0328908	0.00373515	0.0481853	0.162658	0.0320822	0.0705277	0.0842241	0.00868425	0.0374122
77	0.0326576	0.00289559	0.145319	0.0865635	0.00609583	0.0141208	0.0103455	0.0284707	0.067096	0.0348624	0.0100961	0.275746	0.0056613	0.0204762	0.0155576	0.12289	0.0975277	0.0138765	0.00232031	0.00742066
78	0.021052	0.000604323	0.000656249	0.000979352	0.0312748	0.00623243	0.00485608	0.20904	0.0009056	0.41652	0.196704	0.00464736	0.00573534	0.00119535	0.000873775	0.00168755	0.0133275	0.0676418	0.0028729	0.0131932
79	0.0287445	0.0030971	0.00107101	0.00209747	0.0308746	0.0163693	0.00948729	0.214046	0.00279086	0.33158	0.214079	0.00901991	0.004759	0.00476561	0.00283702	0.00444923	0.0219791	0.0815035	0.0037597	0.0126891
80	0.0654485	0.00356961	0.00477068	0.00717284	0.066623	0.0350144	0.135073	0.013338	0.0598963	0.0111516	0.0438817	0.00832331	0.00437613	0.390067	0.00639005	0.0112268	0.0120801	0.013144	0.00561606	0.102837
81	0.0514561	0.00276758	0.308657	0.053433	0.00843236	0.0232759	0.0170279	0.0101611	0.0239237	0.0112994	0.0214121	0.22011	0.0104127	0.0195702	0.0111306	0.14258	0.0356742	0.0212628	0.00209938	0.00531441
82	0.0406844	0.0122646	0.00429539	0.00922323	0.0136392	0.00940217	0.539821	0.00790654	0.0079476	0.0120051	0.00617589	0.0417416	0.00752925	0.00747018	0.0726428	0.0942967	0.0109085	0.0096078	0.00284278	0.0895951
83	0.0667798	0.00197061	0.00425151	0.00703802	0.0121526	0.00587037	0.00226393	0.322117	0.00492933	0.160182	0.0231679	0.0174317	0.127973	0.0064711	0.00299974	0.0153786	0.0387396	0.173822	0.00320752	0.00325274
84	0.0527911	0.00382727	0.000843297	0.021916	0.00223561	0.0106789	0.00178443	0.354236	0.0253025	0.178714	0.079477	0.00158409	0.0157615	0.0364519	0.0192054	0.00589018	0.0244135	0.15843	0.000545101	0.00591156
85	0.0302198	0.00547163	0.00825487	0.0105036	0.0760834	0.0173295	0.294909	0.108511	0.0168077	0.0287806	0.02443	0.0162092	0.0131818	0.106608	0.0116905	0.0252459	0.0230114	0.0276793	0.0861731	0.0688997
86	0.0600685	0.00490275	0.0111156	0.019568	0.0648359	0.0210337	0.0288996	0.113045	0.0173076	0.145286	0.0441161	0.0615567	0.0352801	0.0788505	0.0300894	0.0678784	0.0692433	0.0644279	0.0108893	0.0516056
87	0.0386995	0.00749872	0.0965249	0.0937169	0.105295	0.076296	0.027413	0.0259157	0.0210468	0.0387693	0.0237565	0.0908221	0.0130846	0.0290438	0.024801	0.0396319	0.0799188	0.0320326	0.00622732	0.129506
88	0.0671385	0.0483643	0.00618782	0.00584909	0.00520608	0.00591969	0.0743876	0.0561414	0.00520914	0.13588	0.0341571	0.106131	0.00345916	0.271769	0.00450626	0.00755125	0.0967044	0.0393676	0.00280136	0.0232684
89	0.0362144	0.0140249	0.00202348	0.00449711	0.144552	0.0271228	0.00608337	0.105015	0.00505015	0.265346	0.0950235	0.00918116	0.00457541	0.00718792	0.00529634	0.00826075	0.0141263	0.0783251	0.0118061	0.156288
90	0.139718	0.0483751	0.00218759	0.0424215	0.0257285	0.0566966	0.0126128	0.0497616	0.0272186	0.0294823	0.0237138	0.0430858	0.00216705	0.00936051	0.0156277	0.274192	0.123689	0.0424127	0.0159856	0.0155633
91	0.283385	0.0281672	0.00274084	0.0025631	0.0652124	0.207	0.00790789	0.0488591	0.00215978	0.11434	0.054285	0.0127885	0.00152192	0.00282364	0.00259176	0.0900074	0.00666295	0.0626249	0.00107579	0.00328305
92	0.0251325	0.00527281	0.00883364	0.0100854	0.0732908	0.0128024	0.00874204	0.0201639	0.00910787	0.127164	0.189482	0.0100094	0.282165	0.0497616	0.00823417	0.0162114	0.0162714	0.109623	0.00644991	0.0111959
93	0.0423202	0.00175544	0.37934	0.179335	0.00819188	0.0292538	0.0110178	0.00754323	0.0575301	0.00827005	0.0101409	0.0942677	0.00373253	0.0238784	0.0164588	0.0654778	0.0356875	0.0163694	0.00137567	0.00805389
94	0.0134175	0.00129167	0.0013845	0.00180919	0.513897	0.00220008	0.00990937	0.0171043	0.0072636	0.0447163	0.00514373	0.00190685	0.00348967	0.00213408	0.00138155	0.0100452	0.00665037	0.0196616	0.113755	0.222839
95	0.116142	0.0517124	0.00549932	0.00646313	0.0561309	0.0174004	0.007041	0.217389	0.00406477	0.071278	0.0266387	0.0113284	0.00451516	0.00603055	0.00410278	0.0614209	0.0747278	0.248785	0.00296659	0.00636369
96	0.0456831	0.000947515	0.333735	0.0667654	0.00438682	0.015201	0.0204521	0.00445732	0.0298748	0.00582503	0.0238042	0.283094	0.00141303	0.0195744	0.012382	0.0802775	0.0253929	0.0236422	0.000963622	0.00212782
97	0.0530913	0.00201417	0.00183913	0.0186043	0.00342459	0.0114576	0.00148372	0.353871	0.0211848	0.164228	0.0630176	0.00429937	0.0552072	0.0287602	0.013829	0.00665476	0.0247047	0.166588	0.00132612	0.00441451
98	0.0380356	0.0212644	0.000437772	0.00833813	0.00832308	0.000897354	0.00545759	0.300199	0.000733483	0.0946932	0.0353168	0.00128392	0.00589388	0.00403174	0.00250025	0.00643605	0.0294996	0.427629	0.000340981	0.00868801
99	0.059073	0.000872888	0.0014428	0.0334486	0.00170872	0.0450268	0.00906347	0.0332744	0.432679	0.0284527	0.00428717	0.0125171	0.00351846	0.131827	0.129235	0.0173539	0.0277861	0.0256616	0.000847291	0.0019239
100	0.0529791	0.000426164	0.186576	0.231697	0.00316167	0.0259477	0.0216216	0.00655626	0.149735	0.0133988	0.00422385	0.0338775	0.00556364	0.0818007	0.0560713	0.0514951	0.0482315	0.011318	0.000317478	0.0150009
101	0.0122751	0.00191992	0.00153056	0.00442194	0.0134274	0.00256841	0.0113996	0.0359135	0.192327	0.0100553	0.0055137	0.00933366	0.00225458	0.0119993	0.616839	0.00779629	0.0236937	0.0117749	0.00894823	0.0160072
102	0.0116134	0.00405089	0.000533218	0.00238807	0.0146159	0.00243059	0.0019369	0.429066	0.00253079	0.150446	0.0336588	0.00105266	0.00186875	0.00170347	0.00092134	0.00416425	0.00660455	0.316979	0.00221643	0.0112189
103	0.0898489	0.0008787	0.00224959	0.0460407	0.00146004	0.0744968	0.00874045	0.0101713	0.376144	0.0159212	0.00627662	0.0340252	0.00612095	0.0822295	0.109014	0.0492107	0.055135	0.029083	0.000993553	0.00195974
104	0.0662867	0.00842558	0.00762883	0.0455161	0.0240823	0.0297854	0.0132339	0.0990986	0.0472833	0.200092	0.0524669	0.0377959	0.0058596	0.0302006	0.0346202	0.0679455	0.103953	0.080269	0.00939894	0.0360576
105	0.1443	0.00183284	0.0325699	0.0172087	0.0022343	0.125751	0.00891515	0.00683518	0.0479207	0.0232616	0.0118078	0.0498963	0.189275	0.0239916	0.0287111	0.172176	0.0694451	0.0152526	0.00513173	0.0234842
106	0.0437197	0.00228075	0.0192205	0.0211551	0.00581622	0.00644615	0.00348846	0.266945	0.00474442	0.130066	0.0131271	0.00860537	0.308327	0.00701991	0.0035077	0.00988288	0.016632	0.108228	0.0164268	0.00436103
107	0.0238505	0.010286	0.000969775	0.00244119	0.169251	0.00731133	0.00460639	0.162003	0.00251624	0.297671	0.102302	0.00448322	0.00405606	0.00477592	0.00388391	0.00419206	0.0158545	0.0791985	0.015986	0.084362
108	0.139246	0.0449135	0.00168484	0.0412929	0.0244236	0.0574678	0.0106648	0.0490743	0.0295767	0.0287623	0.0252986	0.0438555	0.00197238	0.00978688	0.0165936	0.276514	0.127498	0.0387215	0.015449	0.0172045
109	0.13205	0.000827842	0.0327501	0.0191132	0.00153717	0.0997779	0.0101049	0.00702064	0.0595078	0.0240541	0.0121789	0.0601413	0.211496	0.028959	0.0290813	0.147491	0.0819424	0.0159756	0.00587425	0.0201165
110	0.378226	0.00335157	0.035509	0.00673724	0.00569138	0.194241	0.0462785	0.00825034	0.0281077	0.0383232	0.00719511	0.0857021	0.0045358	0.0669697	0.0344785	0.00961124	0.0296858	0.00896324	0.00254262	0.00560012
111	0.0145712	0.00768817	0.00147715	0.00162622	0.410967	0.00479691	0.00728732	0.0591585	0.00498955	0.118652	0.0257466	0.0018086	0.00295257	0.00242833	0.0016777	0.00833874	0.0076542	0.0413182	0.0874287	0.189433
112	0.0184619	0.000699116	0.132644	0.0869388	0.00153072	0.403942	0.0115558	0.00644847	0.129636	0.00264658	0.0015742	0.049967	0.0163709	0.0430164	0.0161802	0.048106	0.0208326	0.00251381	0.000515408	0.00641982
113	0.0371168	0.00164033	0.00565269	0.0528714	0.0122082	0.0516357	0.330098	0.00593308	0.0562815	0.0454534	0.0043296	0.141572	0.049074	0.0345952	0.0195349	0.0596001	0.0345114	0.00785855	0.00112578	0.0489069
114	0.132237	0.000826581	0.0328432	0.0190327	0.00153009	0.0997187	0.00990929	0.00704135	0.0587438	0.0241231	0.0122361	0.0601072	0.21244	0.0288754	0.0287878	0.147597	0.0819593	0.0158851	0.00591977	0.0201866
115	0.053899	0.000474034	0.186432	0.229684	0.0030489	0.0286566	0.0216693	0.00675071	0.148174	0.0135689	0.00421373	0.0335252	0.00585281	0.0819454	0.0551222	0.0519232	0.0481764	0.0115667	0.000368085	0.014948
116	0.0445866	0.0195565	0.00262892	0.00388723	0.198166	0.0346876	0.00642351	0.0377985	0.00341023	0.13295	0.1125	0.0180151	0.00376875	0.00584664	0.00300054	0.00959269	0.0161356	0.0864126	0.00951831	0.251115
117	0.0337004	0.0219872	0.00759839	0.00335812	0.00336069	0.00294103	0.0305325	0.034376	0.0645685	0.0426723	0.00287488	0.04825	0.00124177	0.0747597	0.472192	0.0379868	0.0477321	0.0322822	0.0148664	0.0227191
118	0.0801142	0.00100175	0.170445	0.258692	0.00309573	0.0274158	0.0176124	0.00746965	0.141472	0.0126255	0.00399844	0.0284546	0.0049199	0.0641783	0.046163	0.0531766	0.045904	0.0155227	0.000568069	0.0171704
119	0.0507923	0.00271825	0.022105	0.0835955	0.00498558	0.0183813	0.00390094	0.134005	0.0534519	0.175332	0.0203496	0.0213901	0.00641582	0.0567911	0.0123558	0.0071571	0.0886653	0.213258	0.00298352	0.0213656
120	0.0452284	0.00112542	0.342495	0.0391936	0.00406564	0.0178744	0.0261649	0.003985	0.0194168	0.00469219	0.0279731	0.312237	0.00250589	0.0203377	0.00651517	0.0663955	0.0231191	0.0334913	0.00133439	0.00184918
121	0.0230126	0.00324753	0.0261985	0.0808005	0.0107692	0.0113505	0.019406	0.122492	0.0783362	0.155985	0.0272518	0.0419741	0.0079672	0.0726708	0.0473657	0.013576	0.105793	0.121175	0.0030422	0.0275859
122	0.0510587	0.00167585	0.00128912	0.0237373	0.00401483	0.0132839	0.00215497	0.344928	0.032589	0.186894	0.0832613	0.00332187	0.0171997	0.0381787	0.0231897	0.00816195	0.0285183	0.126736	0.00167819	0.00812884
123	0.260911	0.0352005	0.00260333	0.00249874	0.0669741	0.193626	0.0124837	0.0559976	0.00232471	0.14526	0.055937	0.00855832	0.00176692	0.00311696	0.00210643	0.0597311	0.00460133	0.0826486	0.00123392	0.00242102
124	0.118504	0.0163454	0.00959719	0.00331843	0.0197174	0.0124889	0.00779779	0.198636	0.00364645	0.0664797	0.0266206	0.0195298	0.00259797	0.00109775	0.00344757	0.0529497	0.15744	0.275403	0.00337527	0.00100736
125	0.154992	0.00230243	0.05578	0.13862	0.00375925	0.0214541	0.00298959	0.00649626	0.0560939	0.0178159	0.0177482	0.0587606	0.00601863	0.0612838	0.0553414	0.250864	0.0736007	0.00887842	0.00176427	0.00543661
126	0.0575948	0.00238853	0.0296815	0.0196549	0.0365254	0.0464205	0.113957	0.0690284	0.0119319	0.0640404	0.0493889	0.125984	0.0457239	0.0722491	0.018663	0.0804301	0.0517941	0.0602582	0.00586914	0.0384155
127	0.0383546	0.04186	0.003564	0.00436804	0.228063	0.0309704	0.0186072	0.0179119	0.00491243	0.0331633	0.0329572	0.00571681	0.00531825	0.0048084	0.00395634	0.0423404	0.0260419	0.0757653	0.0775496	0.303771
128	0.040669	0.00434216	0.00310335	0.0277063	0.0557309	0.0106579	0.0149338	0.173121	0.0294763	0.247436	0.0616781	0.0158935	0.00454601	0.0312516	0.0482594	0.0250213	0.0471577	0.0894144	0.0136265	0.055974
129	0.0526919	0.000451261	0.184013	0.237682	0.00322738	0.0261545	0.0211921	0.00651125	0.148102	0.0138204	0.00461946	0.0334541	0.00543206	0.0827426	0.0552136	0.0508287	0.0471064	0.0110393	0.000323196	0.0153948
130	0.663256	0.0426485	0.000537928	0.000783667	0.00468008	0.0384447	0.00049275	0.00765113	0.00247993	0.0116612	0.0157225	0.016078	0.000591788	0.00333139	0.00343062	0.0799144	0.0626128	0.0421668	0.000300689	0.0032153
131	0.0275694	0.00498477	0.000654841	0.00278346	0.0627654	0.00587734	0.00511391	0.222163	0.00154977	0.366587	0.127633	0.00458908	0.00478336	0.00478765	0.00282075	0.00354034	0.0114163	0.0836198	0.00826247	0.0484983
132	0.0529791	0.000426164	0.186576	0.231697	0.00316167	0.0259477	0.0216216	0.00655626	0.149735	0.0133988	0.00422385	0.0338775	0.00556364	0.0818007	0.0560713	0.0514951	0.0482315	0.011318	0.000317478	0.0150009
133	0.663949	0.0437981	0.000572858	0.000691693	0.00418498	0.0356813	0.000485895	0.00753156	0.00294624	0.0117945	0.0158218	0.0136795	0.000688842	0.00331496	0.00349408	0.0772731	0.0629558	0.047728	0.000280195	0.0031277
134	0.00439992	0.000665605	0.000544852	0.000754626	0.0103496	0.00314959	0.000830687	0.50003	0.00325708	0.122954	0.019623	0.000772411	0.000523768	0.000709552	0.000625623	0.00403405	0.00197777	0.313832	0.0024395	0.00852628
135	0.0121095	0.00528699	0.00100282	0.00136833	0.416513	0.00240874	0.00499006	0.0823032	0.00379613	0.135524	0.0293976	0.00155322	0.00258358	0.00213752	0.00138835	0.00532487	0.00654707	0.0401712	0.0769308	0.168663
136	0.181648	0.00574159	0.0443245	0.0822705	0.00537285	0.314905	0.0047862	0.00792687	0.0198982	0.0183135	0.00717508	0.0144113	0.0224864	0.012006	0.0121291	0.141756	0.0473739	0.0172842	0.00252966	0.0376618
137	0.03692	0.000715109	0.00196753	0.00208864	0.00128964	0.877838	0.00117621	0.002232	0.00119759	0.00750149	0.00152754	0.00222815	0.0015649	0.00149236	0.0012037	0.0503644	0.00314989	0.00237765	0.000591431	0.002574
138	0.0121688	0.00220957	0.00190341	0.00551203	0.0106379	0.0023273	0.0139563	0.0281086	0.1611	0.0104893	0.00640383	0.00950902	0.00225401	0.0149873	0.656117	0.00918114	0.0208381	0.0122091	0.00670173	0.0133863
139	0.0861765	0.00228295	0.0248479	0.00767243	0.0421896	0.0221715	0.0573893	0.0363795	0.00352705	0.0243237	0.0748486	0.131187	0.0524677	0.081221	0.00357148	0.165303	0.0743747	0.0692212	0.00628767	0.0345565
140	0.0871293	0.00350062	0.0116786	0.00871127	0.0101549	0.0345343	0.0153258	0.0279341	0.0115129	0.0201521	0.0156199	0.0305825	0.327463	0.0310702	0.00641491	0.124064	0.125388	0.087768	0.00568422	0.015311
141	0.0361295	0.00226121	0.0149653	0.0545166	0.0140111	0.0587707	0.354613	0.00831631	0.0488817	0.0405229	0.00650155	0.12571	0.0421948	0.0323556	0.0200518	0.055697	0.0304849	0.0100387	0.00176308	0.0422143
142	0.0816533	0.000895892	0.00965752	0.00792051	0.0165694	0.0366476	0.0497613	0.0762071	0.00184436	0.0286756	0.0395479	0.067911	0.147707	0.100424	0.00134463	0.108241	0.082584	0.0966706	0.0147249	0.0310117
143	0.0823401	0.00103807	0.0136079	0.00830811	0.0210187	0.0308765	0.059199	0.0620618	0.00188764	0.0283225	0.0562638	0.089754	0.107488	0.101494	0.00149771	0.122317	0.0835592	0.0857662	0.011584	0.0316156
144	0.041731	0.0218511	0.000651991	0.0110462	0.0174017	0.0014708	0.00888481	0.282364	0.000796266	0.114285	0.0375338	0.00132915	0.00419698	0.00850937	0.00223618	0.00670999	0.0274007	0.379874	0.0016659	0.0300614
145	0.0854145	0.00214302	0.0185524	0.00594084	0.00889194	0.0108319	0.00341172	0.0581563	0.00364688	0.0505792	0.0296934	0.00614889	0.438081	0.0252439	0.00302904	0.0130232	0.0134211	0.214198	0.00294775	0.0066452
146	0.0407793	0.000899235	0.00339193	0.00320147	0.00148098	0.863003	0.00152384	0.00246115	0.00205764	0.00808889	0.00218555	0.00309382	0.00189962	0.00233658	0.00147079	0.0517989	0.00371779	0.00296997	0.000672616	0.0029666
147	0.0377281	0.00092318	0.00312797	0.00242185	0.00174821	0.86622	0.00163718	0.00242443	0.00296138	0.00807385	0.00222671	0.00425756	0.00163054	0.00200076	0.00196616	0.0500119	0.00369562	0.00276345	0.000644557	0.00353699
148	0.0639016	0.0324144	0.00170721	0.00726886	0.00782057	0.00212108	0.00526069	0.252374	0.00119909	0.083391	0.0481161	0.00328707	0.00346581	0.00404082	0.00275672	0.015599	0.0413552	0.413481	0.000521872	0.00991749
149	0.279746	0.0134081	0.0120562	0.00958219	0.00394747	0.0867949	0.00529478	0.00519507	0.0139826	0.00901443	0.006456	0.0288392	0.101742	0.00910614	0.00839163	0.257552	0.111341	0.0278955	0.00211717	0.00753614
150	0.0322583	0.0226444	0.00115957	0.00140586	0.250945	0.0151465	0.00322626	0.07608	0.00172519	0.202078	0.0729515	0.0056253	0.00154525	0.00419515	0.0017962	0.00469639	0.014497	0.0841552	0.0153973	0.188472
151	0.019756	0.00172033	0.000961315	0.00102329	0.015816	0.011432	0.00521109	0.135263	0.00106206	0.47977	0.214066	0.00343444	0.0035111	0.00232049	0.000926552	0.00443903	0.0124056	0.0632275	0.00643446	0.0172199
152	0.398803	0.050538	0.0170136	0.00737502	0.00137326	0.0320272	0.00266525	0.00188401	0.00099737	0.00200801	0.00322912	0.00587145	0.00481326	0.00135039	0.00115715	0.404486	0.0443529	0.0181576	0.00053834	0.00135887
153	0.0465103	0.0460761	0.00271049	0.00295627	0.245966	0.0402801	0.0192411	0.0197558	0.00302896	0.0387232	0.0449477	0.00565914	0.00327517	0.00343239	0.00237265	0.0315241	0.0310693	0.0878507	0.0530358	0.271585
154	0.0325869	0.00069944	0.1119	0.0721307	0.00134769	0.367616	0.0106762	0.00592359	0.120975	0.00562527	0.00308709	0.0523516	0.0490519	0.0408502	0.0195418	0.0630597	0.029093	0.00436994	0.00140777	0.00770667
155	0.0953509	0.0136585	0.104405	0.234448	0.0383455	0.101232	0.0155027	0.0281674	0.00359875	0.0651596	0.0396009	0.00441918	0.00228608	0.029393	0.00268222	0.0560412	0.0430461	0.0932796	0.0126301	0.0167533
156	0.0313284	0.0173906	0.00272989	0.00439848	0.0175812	0.00573602	0.518467	0.00597625	0.00379725	0.00670159	0.00447616	0.0490997	0.00291162	0.00432139	0.112754	0.0992353	0.00656881	0.00639621	0.00225896	0.0978713
157	0.443377	0.0351618	0.00989442	0.00875059	0.00161378	0.0333358	0.00271273	0.00157216	0.000795832	0.00174789	0.00376771	0.00737181	0.00630294	0.00135539	0.00110838	0.390953	0.0355707	0.0127152	0.000443099	0.00144984
158	0.0123748	0.00198446	0.00160581	0.00199299	0.46529	0.00295994	0.0155482	0.0163738	0.010008	0.0447344	0.00576267	0.00204093	0.00391131	0.00262137	0.00194283	0.0167197	0.00664356	0.019316	0.146676	0.221493
159	0.0111068	0.00253247	0.00150758	0.00184756	0.374933	0.00290012	0.00700446	0.0150734	0.00484547	0.0377062	0.00563069	0.00200396	0.00617638	0.00203503	0.00139959	0.00881067	0.00575851	0.0209698	0.0820614	0.405696
160	0.0529518	0.000420513	0.185829	0.230752	0.00316694	0.0257732	0.0218299	0.00659094	0.150688	0.0133946	0.00411058	0.0336769	0.00552571	0.0815303	0.0569543	0.0515973	0.0485239	0.0115491	0.000324052	0.0148109
161	0.132237	0.000826581	0.0328432	0.0190327	0.00153009	0.0997187	0.00990929	0.00704135	0.0587438	0.0241231	0.0122361	0.0601072	0.21244	0.0288754	0.0287878	0.147597	0.0819593	0.0158851	0.00591977	0.0201866
162	0.0159091	0.00519822	0.0222104	0.0676434	0.0195072	0.0188148	0.0468665	0.0751362	0.0682391	0.126915	0.0195115	0.0474256	0.00174991	0.0874453	0.169536	0.0344579	0.0430549	0.0529169	0.00220603	0.0752559
163	0.0371944	0.00163968	0.00548427	0.0523614	0.0120638	0.0509521	0.331749	0.00568858	0.0566968	0.0454727	0.0041406	0.140624	0.0492786	0.0347806	0.0196738	0.0595391	0.0349918	0.00773995	0.00112712	0.0488011
164	0.0731406	0.00144837	0.00716759	0.00522201	0.0115541	0.0217981	0.015468	0.0255717	0.00509723	0.0162283	0.0319798	0.0239675	0.522828	0.033988	0.00362049	0.0636229	0.0344876	0.0714944	0.00510804	0.0262076
165	0.0270539	0.00249634	0.0183145	0.0045595	0.10768	0.0387305	0.00666417	0.0384188	0.0364031	0.0558112	0.0367818	0.00498714	0.0192341	0.0206371	0.0453162	0.104463	0.0373484	0.00887669	0.146854	0.23937
166	0.0172177	0.000756024	0.130942	0.0826577	0.0015127	0.418191	0.0113398	0.00650305	0.129279	0.00228042	0.00148467	0.0502953	0.0160869	0.0413648	0.01485	0.0467929	0.0195073	0.00227754	0.000540941	0.00612108
167	0.0964074	0.000995369	0.00183258	0.0424676	0.00175843	0.0882475	0.0111025	0.00988276	0.371948	0.0139402	0.00594061	0.0382943	0.00866968	0.0704776	0.122865	0.0436088	0.0422744	0.026147	0.000932463	0.00220761
168	0.0263295	0.0119777	0.00638934	0.0090884	0.16671	0.0189932	0.0169538	0.0298473	0.0083965	0.0458606	0.0269334	0.0120515	0.0141674	0.00981207	0.00950552	0.0263793	0.0214413	0.0422534	0.0395382	0.457372
169	0.00535872	0.00143275	0.00214623	0.00205965	0.00209509	0.0159487	0.0021157	0.00373236	0.00200877	0.00418542	0.0026795	0.0242179	0.00739035	0.00264264	0.00195183	0.44814	0.461474	0.00712955	0.00104325	0.00224761
170	0.0134813	0.00159769	0.00145	0.00180902	0.500024	0.00238791	0.012028	0.018309	0.00673987	0.0438853	0.00577108	0.00204653	0.0036827	0.00213048	0.00129505	0.0115279	0.00690733	0.0197834	0.139153	0.20599
171	0.122106	0.0214776	0.00902364	0.00275759	0.0159175	0.0113206	0.00594785	0.195002	0.00300738	0.0772019	0.0353765	0.0191169	0.00224578	0.00125377	0.0035005	0.0501795	0.134722	0.285564	0.0025824	0.00169775
172	0.0985805	0.00474355	0.00806241	0.0252397	0.00983628	0.0233329	0.0124459	0.031165	0.284664	0.0394342	0.101195	0.0181768	0.00883579	0.028683	0.0881826	0.0247986	0.1062	0.0670699	0.00684889	0.0125053
173	0.522768	0.0247177	0.00620709	0.0179556	0.001669	0.0182238	0.00869307	0.0020356	0.00113079	0.00277759	0.00323616	0.00482632	0.00831825	0.00166989	0.00150307	0.316296	0.046955	0.00885845	0.00049197	0.00166657
174	0.0990757	0.00104867	0.00352445	0.00178515	0.0063836	0.0157569	0.00194444	0.0119149	0.0016132	0.00950091	0.00771517	0.00269222	0.724088	0.0120318	0.00137665	0.0234097	0.0163184	0.0488612	0.00107144	0.00988769
175	0.0301965	0.0193551	0.0069445	0.00234225	0.00376524	0.0021948	0.0255323	0.0320428	0.0574968	0.0369289	0.00333516	0.0448499	0.00128518	0.0653545	0.524007	0.0357618	0.0495101	0.0286212	0.0141954	0.0162804
176	0.134859	0.00191628	0.00602795	0.00353491	0.00648895	0.029962	0.00275453	0.00993896	0.00557399	0.0096788	0.00704638	0.00644121	0.651158	0.0144139	0.0038602	0.036107	0.0203368	0.0380816	0.00124368	0.0105766
177	0.0323527	0.00738923	0.000994766	0.00406791	0.0743739	0.00700795	0.00602807	0.217107	0.00294093	0.339515	0.0938482	0.00804441	0.00724782	0.00714301	0.00545106	0.00563564	0.0120047	0.0863312	0.0107993	0.071717
178	0.5402	0.0220353	0.0054667	0.0114994	0.00276054	0.0356377	0.00552185	0.00198086	0.0014634	0.00386887	0.00335524	0.00795461	0.0175816	0.00207929	0.00195485	0.277401	0.0438652	0.0126052	0.000570175	0.00219823
179	0.0311741	0.0226049	0.00835939	0.0022711	0.00320563	0.00229432	0.0280379	0.0326464	0.0567677	0.0374197	0.00289587	0.0478418	0.00121803	0.0734253	0.496939	0.0390207	0.0488922	0.0306564	0.0163377	0.0179918
180	0.0335071	0.0222102	0.00163826	0.00208893	0.0393688	0.01323	0.00334057	0.0990727	0.00339472	0.187324	0.328995	0.00322194	0.00220783	0.0270332	0.0103926	0.0178309	0.0131957	0.168463	0.0100354	0.0134495
181	0.0745314	0.00324091	0.00295872	0.0106246	0.0484185	0.051544	0.0351092	0.119859	0.0811924	0.118323	0.16499	0.00839237	0.0193465	0.029204	0.0303358	0.012543	0.021522	0.0771325	0.0456811	0.0450518
182	0.0788497	0.000983197	0.0114548	0.0109152	0.024937	0.0350429	0.0520221	0.0637168	0.00214311	0.0299164	0.040418	0.0847526	0.12554	0.0979371	0.0015844	0.118885	0.0831845	0.0816694	0.0149246	0.041123
183	0.00767874	0.0017093	0.00350769	0.00304965	0.00321172	0.0301844	0.0027215	0.00481926	0.00274256	0.0062061	0.00365614	0.0555956	0.00826049	0.00377274	0.00212782	0.422436	0.426096	0.00844879	0.00123617	0.00253863
184	0.128202	0.0220725	0.0076652	0.00268775	0.0189558	0.00758893	0.00701754	0.114502	0.00275947	0.0446957	0.0297565	0.0189285	0.00494111	0.002229	0.0026499	0.0558927	0.271468	0.253984	0.00230816	0.00169478
185	0.0209653	0.000834606	0.000677341	0.000966943	0.0310433	0.00624352	0.00485703	0.205284	0.000891532	0.416618	0.198598	0.00461515	0.00584822	0.00135076	0.000922649	0.00191591	0.0130073	0.0688839	0.0029632	0.013513
186	0.0930696	0.00307795	0.1444	0.186014	0.0113313	0.125009	0.0152612	0.0103855	0.0824454	0.0189516	0.00946844	0.0269824	0.0110275	0.0602322	0.0307129	0.0534615	0.0570726	0.0209365	0.00287346	0.0372879
187	0.0124484	0.0021848	0.0020466	0.00454462	0.00912112	0.00255402	0.0126622	0.0202471	0.0825016	0.00758316	0.00551849	0.00869792	0.00232567	0.0123482	0.763919	0.00992199	0.0174564	0.00763468	0.00576971	0.0105147
188	0.0240116	0.00831524	0.040741	0.0105795	0.00976751	0.013961	0.0803443	0.125955	0.0123727	0.114536	0.060673	0.173573	0.00907703	0.0588221	0.00809993	0.0175574	0.115711	0.100622	0.00391763	0.011363
189	0.0420282	0.0102161	0.000956267	0.00604486	0.0962897	0.00998045	0.00664239	0.20916	0.00401003	0.303414	0.0469185	0.00528453	0.00289506	0.0105723	0.0226435	0.00839884	0.0113869	0.0832188	0.0213415	0.0985985
190	0.669198	0.0454111	0.000687749	0.000807696	0.00416615	0.03692	0.000522855	0.00684424	0.0024688	0.0111219	0.0142253	0.0149141	0.000842383	0.00317637	0.00334392	0.0827246	0.0581029	0.0412574	0.000302419	0.00296226
191	0.0120002	0.00214448	0.00191511	0.00450766	0.0091867	0.00311709	0.0164107	0.0205905	0.0819032	0.0071584	0.00563661	0.00849157	0.0017714	0.0114285	0.762192	0.00967254	0.0174903	0.00786632	0.00540943	0.0111076
192	0.640617	0.0419097	0.000881962	0.00122709	0.00469339	0.0376346	0.000875833	0.0122096	0.00284613	0.0101591	0.0298662	0.0118635	0.00106578	0.00669502	0.00372865	0.0676312	0.0664981	0.0526137	0.000537832	0.0064459
