272	20
1	0.0615227	0.00515543	0.00327673	0.0106936	0.0489291	0.00749783	0.0198285	0.171152	0.00762664	0.196088	0.114869	0.005218	0.0122449	0.00914328	0.0279914	0.0192805	0.030511	0.243402	0.00188582	0.00368317
2	0.0620709	0.0020377	0.00129139	0.00754893	0.033772	0.00922563	0.00978438	0.209386	0.00769872	0.164132	0.11918	0.00457834	0.00521855	0.00186364	0.0295357	0.0152519	0.0355634	0.278451	0.0021323	0.00127765
3	0.0435561	0.00445274	0.00294097	0.0121479	0.0132569	0.00528199	0.00325563	0.0306706	0.2631	0.0930227	0.06229	0.0742245	0.00204555	0.0170794	0.230627	0.0256567	0.0359529	0.0588923	0.0161106	0.00543471
4	0.0360424	0.0130311	0.0289954	0.0439093	0.0030698	0.040187	0.0162654	0.0162829	0.22234	0.0127497	0.0186722	0.0651871	0.0188852	0.0678663	0.246033	0.0732846	0.0536012	0.0170255	0.000659176	0.00591239
5	0.0188367	0.0386354	0.0210345	0.0109755	0.0601497	0.0222285	0.0158351	0.0295992	0.00481028	0.113089	0.014849	0.00837171	0.0376267	0.00895454	0.0113648	0.076705	0.0324587	0.063629	0.383341	0.027506
6	0.0208305	0.0037253	0.00357801	0.0118865	0.136684	0.00658843	0.0117071	0.0772124	0.0158904	0.500358	0.0533173	0.00214714	0.00602865	0.0166011	0.0140498	0.021006	0.0103784	0.0773	0.0009788	0.00973244
7	0.0457093	0.0119457	0.0340202	0.0119679	0.00898135	0.0551795	0.0175121	0.0400906	0.0920952	0.0170024	0.00983065	0.29053	0.00595931	0.0155694	0.0384789	0.248528	0.0276851	0.0181653	0.00333834	0.00741033
8	0.0551734	0.00179028	0.00133311	0.00879438	0.0398838	0.00722932	0.00915963	0.227262	0.00864797	0.190484	0.113931	0.00348292	0.00453636	0.00263071	0.0269718	0.0134356	0.0278434	0.253623	0.00265092	0.00113639
9	0.0392921	0.0156467	0.0275896	0.0423379	0.00298748	0.0472781	0.0186595	0.0140811	0.198909	0.0116977	0.0206662	0.0676699	0.0200202	0.0692001	0.240697	0.0838859	0.0590641	0.0128981	0.000271171	0.00714801
10	0.0192946	0.000704439	0.000441831	0.00054597	0.000634716	0.000727992	0.00124899	0.346362	0.000802673	0.0362264	0.00754706	0.00251257	0.000446294	0.00110449	0.00113943	0.00427958	0.00340081	0.571802	0.000253377	0.000524788
11	0.05918	0.0853014	0.0389944	0.0125825	0.156177	0.00886659	0.0610161	0.0305527	0.0120295	0.125653	0.0539873	0.0252881	0.0200301	0.015844	0.0472345	0.0671855	0.0527358	0.0343749	0.00525611	0.0877107
12	0.289711	0.00235376	0.00130066	0.00852709	0.00242495	0.0161635	0.0031102	0.10195	0.00247011	0.0228497	0.00267473	0.00309477	0.00173164	0.00254851	0.00938315	0.022041	0.0978247	0.407124	0.000963264	0.0017533
13	0.362928	0.0114423	0.00626911	0.00534426	0.00477025	0.176995	0.024259	0.0108409	0.0053075	0.0318873	0.00321551	0.00801348	0.00291298	0.00323497	0.010427	0.236904	0.0574794	0.0336975	0.00154442	0.00252752
14	0.0559543	0.0651559	0.003922	0.00466303	0.0119312	0.00786269	0.00773747	0.0367167	0.0178791	0.0309104	0.0211055	0.0205642	0.00476895	0.00936444	0.0119007	0.349545	0.31152	0.0191424	0.00214099	0.00721501
15	0.00873765	0.0194928	0.0100809	0.0109876	0.0909391	0.0116284	0.00738245	0.0134954	0.00551949	0.0764345	0.00507384	0.00589985	0.0241252	0.0039944	0.00683532	0.0619562	0.0148908	0.0222076	0.523334	0.0769843
16	0.0371715	0.0334555	0.056896	0.0270918	0.0590473	0.0439679	0.0818802	0.0212677	0.0518582	0.0530493	0.0186855	0.118061	0.0159578	0.0202124	0.0586583	0.0883196	0.0366183	0.028465	0.0111436	0.138193
17	0.174445	0.00700471	0.00622824	0.0131645	0.0231946	0.0183966	0.0109217	0.115105	0.0138539	0.0852275	0.0332495	0.00900361	0.00951806	0.00915638	0.0213039	0.0356033	0.084507	0.320376	0.00545699	0.00428363
18	0.41108	0.00903896	0.0047665	0.0063175	0.0063081	0.246461	0.0166118	0.0126837	0.00666677	0.0206262	0.00498837	0.00946957	0.00730507	0.00361963	0.0244124	0.120018	0.0481777	0.0337321	0.0042073	0.00350932
19	0.107805	0.0179109	0.0619812	0.0630718	0.0103568	0.287675	0.0343544	0.0178382	0.0360978	0.0327889	0.00992513	0.0501314	0.0105109	0.0230304	0.0555389	0.0820165	0.0362045	0.036141	0.0102856	0.0163358
20	0.0325923	0.00470807	0.00599845	0.0345199	0.00468586	0.00932519	0.00558724	0.0508751	0.329001	0.0389752	0.022369	0.0481061	0.00375044	0.0357258	0.243218	0.0215823	0.0365934	0.0654646	0.00420809	0.00271352
21	0.119536	0.0412001	0.0213393	0.022145	0.0669034	0.00761958	0.0782505	0.0346803	0.00624125	0.103628	0.0194325	0.0110758	0.120413	0.0104561	0.027842	0.113599	0.0596816	0.121999	0.00521017	0.00874674
22	0.0428661	0.0230419	0.0107187	0.0139392	0.119474	0.0115079	0.0440128	0.0527661	0.0127468	0.223663	0.0406606	0.0145707	0.0952287	0.0186038	0.0280698	0.0641578	0.0379157	0.0716436	0.0310542	0.0433586
23	0.0584639	0.034917	0.0479108	0.00809537	0.0101049	0.0114954	0.0899321	0.0101918	0.0282172	0.0732587	0.00481614	0.0863366	0.164554	0.00869888	0.0101275	0.228681	0.0540837	0.0313649	0.00289096	0.035859
24	0.0181203	0.0288523	0.225273	0.0397885	0.00405885	0.213225	0.113689	0.0080399	0.00497214	0.0116881	0.00479089	0.138591	0.00451913	0.00545505	0.0176068	0.0736891	0.043106	0.00765825	0.00149902	0.0353765
25	0.0270208	0.00552282	0.0046358	0.0124244	0.0834184	0.00433276	0.0192801	0.120521	0.010649	0.461223	0.0602194	0.00466147	0.0116523	0.0206818	0.0156106	0.0192382	0.0168297	0.0923267	0.00216842	0.00758401
26	0.0146004	0.00953136	0.31856	0.0380112	0.00163135	0.0184836	0.00293291	0.00939242	0.0475386	0.00926559	0.00170252	0.259995	0.00143768	0.0292084	0.0797388	0.132001	0.0148832	0.00872322	0.000675766	0.00168698
27	0.0278013	0.00206867	0.00172789	0.0045704	0.0464877	0.00746655	0.00590401	0.288084	0.00687953	0.300276	0.0737171	0.00339959	0.00289833	0.0054724	0.0128005	0.00733258	0.0191734	0.177386	0.00521716	0.00133761
28	0.0399807	0.00749051	0.290497	0.364028	0.00093355	0.0552562	0.0132765	0.00181168	0.0243668	0.0118265	0.000898128	0.0407455	0.00557236	0.0597461	0.018809	0.0511811	0.00552663	0.00220867	0.0003652	0.0054803
29	0.0391938	0.00740009	0.288473	0.372022	0.000869736	0.0567222	0.0124332	0.00158496	0.0242733	0.0112894	0.000871347	0.0397554	0.00563274	0.0600057	0.0175924	0.0493272	0.00447461	0.00217596	0.000348625	0.00555521
30	0.0106804	0.0178944	0.00954021	0.00986672	0.119875	0.0115267	0.00844465	0.0231819	0.00691419	0.122713	0.0116872	0.0050765	0.0223707	0.00563224	0.00825379	0.0537357	0.0160725	0.0356182	0.447782	0.0531346
31	0.0127928	0.0020889	0.00128123	0.00325792	0.0582106	0.0058117	0.00368768	0.223582	0.00769002	0.461224	0.049272	0.00266697	0.00283614	0.00570149	0.00947171	0.00634033	0.0135308	0.125936	0.00345627	0.00116168
32	0.0921708	0.0308055	0.164754	0.067137	0.0102845	0.0767882	0.0595271	0.00954255	0.0459886	0.0579042	0.00584514	0.0571311	0.0239882	0.0449174	0.0783221	0.0643354	0.0652862	0.0305811	0.00360559	0.0110853
33	0.0527001	0.0135796	0.179182	0.192367	0.00880112	0.0650038	0.0769238	0.0368945	0.0315714	0.0508785	0.0100162	0.0458755	0.0095211	0.0703888	0.0340037	0.0454126	0.027721	0.0323215	0.00223366	0.0146043
34	0.0485604	0.00189205	0.0012214	0.00690155	0.04154	0.0077519	0.00809294	0.265136	0.0074532	0.188885	0.110181	0.00335608	0.00389207	0.00240854	0.0226163	0.011039	0.0263081	0.237623	0.00360098	0.00154115
35	0.00961264	0.0231547	0.00532807	0.00334183	0.214347	0.00520565	0.0640791	0.0210872	0.0189654	0.0834188	0.0162641	0.0126404	0.00620229	0.00688692	0.0262933	0.0173327	0.0107492	0.0223801	0.021012	0.411699
36	0.0330356	0.00082936	0.000486594	0.00125091	0.00302765	0.00169452	0.00174334	0.300993	0.00132823	0.0401241	0.0125481	0.00307004	0.000647762	0.00122845	0.00273715	0.0053515	0.00877171	0.580168	0.00035425	0.000609873
37	0.0109898	0.0022623	0.00142589	0.00364571	0.0619277	0.00553807	0.00371723	0.214588	0.00807002	0.481093	0.045163	0.00279194	0.00268136	0.00675357	0.00848219	0.00675845	0.0121614	0.117486	0.00327707	0.00118726
38	0.152811	0.0313775	0.0282586	0.0234658	0.0117576	0.186973	0.0322134	0.0167033	0.0290002	0.0332191	0.0127678	0.0558259	0.0137303	0.0155648	0.0323008	0.226076	0.0458115	0.0296246	0.00956797	0.0129504
39	0.0126254	0.00320753	0.00247613	0.00639481	0.24845	0.00401217	0.0132952	0.090044	0.0111745	0.379911	0.0517337	0.00246909	0.00469307	0.0110303	0.00809596	0.0152522	0.0141313	0.087654	0.00150343	0.0318468
40	0.0517756	0.0220107	0.0550637	0.0881379	0.0194198	0.036243	0.0455912	0.0251952	0.0847835	0.0608167	0.0194184	0.0377594	0.0167214	0.137274	0.133633	0.0614756	0.0416465	0.0363477	0.00542529	0.0212608
41	0.0543823	0.00996813	0.182749	0.331357	0.00465965	0.0533039	0.0226198	0.0100886	0.0436203	0.0268357	0.00663456	0.038814	0.00878924	0.0640469	0.0419564	0.0508248	0.0170731	0.0179835	0.00543292	0.00886093
42	0.0194091	0.000690741	0.000441084	0.000515241	0.000632456	0.000713347	0.00116205	0.339845	0.000784934	0.0346825	0.0072073	0.00254079	0.000448244	0.00111745	0.00110258	0.00412789	0.00349477	0.580327	0.000256841	0.000501583
43	0.0239375	0.000794445	0.000477457	0.00076053	0.00274873	0.00108744	0.00163692	0.323607	0.00114387	0.0403883	0.0105988	0.00265783	0.000594024	0.00121868	0.00187696	0.00482994	0.00532708	0.575235	0.000377049	0.000702863
44	0.0963646	0.0338466	0.0252205	0.0288107	0.0327999	0.0274214	0.0385326	0.0352133	0.0436805	0.0824284	0.0223207	0.0350128	0.153152	0.0298237	0.060625	0.100982	0.0503132	0.0555293	0.0249879	0.0229349
45	0.033502	0.00936299	0.0100485	0.0171779	0.0867238	0.0120138	0.018962	0.103662	0.0211661	0.379751	0.0500864	0.0121012	0.0105245	0.0214818	0.0328788	0.0327482	0.0274405	0.0948979	0.010026	0.0154442
46	0.0458925	0.0249774	0.0361258	0.0145367	0.0115263	0.0440324	0.0206671	0.0275569	0.0475923	0.0259393	0.0128857	0.238403	0.0128038	0.0126653	0.0265446	0.313542	0.0472351	0.0216707	0.00435321	0.0110502
47	0.457704	0.0122066	0.00540308	0.00452946	0.00831296	0.0184853	0.0110812	0.0531786	0.00760183	0.0238435	0.0194758	0.00939725	0.132741	0.00626654	0.00984451	0.103105	0.0643151	0.0445916	0.00231867	0.00559776
48	0.0418498	0.0275152	0.0780204	0.033851	0.00904827	0.212233	0.06314	0.0156528	0.0427274	0.0195458	0.0106172	0.156642	0.00847957	0.0151902	0.0449205	0.145379	0.034444	0.0175684	0.00362082	0.0195549
49	0.0651413	0.0220369	0.0359214	0.0265086	0.0232899	0.0393644	0.0271577	0.0654848	0.0690843	0.0728478	0.0333325	0.111192	0.0165609	0.0235114	0.0716085	0.0846048	0.0515193	0.134732	0.00651993	0.0195815
50	0.0206762	0.00069332	0.000451371	0.000515373	0.0006164	0.000695635	0.00114636	0.317872	0.000778391	0.0325157	0.00648115	0.0026909	0.000432819	0.0010926	0.00108202	0.00390634	0.00378818	0.603789	0.000271209	0.00050526
51	0.0182212	0.00361449	0.00376685	0.0103215	0.146432	0.00503997	0.0108404	0.0726582	0.0128816	0.506175	0.0462638	0.00250712	0.00559105	0.0156385	0.012785	0.0211665	0.0109358	0.082695	0.00116759	0.0112982
52	0.0387505	0.0693043	0.0107726	0.0140049	0.0332213	0.107768	0.0217911	0.0590429	0.0156945	0.17758	0.0310781	0.0184594	0.0175944	0.0162655	0.0310618	0.0517682	0.0357868	0.228676	0.00883819	0.0125405
53	0.471689	0.00700471	0.00308799	0.00350309	0.00452475	0.0295744	0.00493403	0.083317	0.00490305	0.0246025	0.0308811	0.00589127	0.0721565	0.00436729	0.00743534	0.0906861	0.0529452	0.0931595	0.00154438	0.00379246
54	0.0963812	0.012704	0.136296	0.246444	0.00853264	0.0549692	0.0289797	0.0156077	0.0467772	0.0386314	0.00807425	0.0365972	0.0131811	0.0622757	0.0458891	0.0650622	0.0302763	0.0395539	0.00471395	0.00905326
55	0.0163846	0.0112336	0.323781	0.0385687	0.00208173	0.0292043	0.0113961	0.0090442	0.0418574	0.0102219	0.00198855	0.247208	0.00176667	0.0261791	0.0718764	0.126046	0.0175297	0.00886878	0.000809565	0.00395402
56	0.0175682	0.00870592	0.285184	0.0342317	0.00182281	0.0196579	0.00308872	0.00949728	0.0472399	0.0106396	0.00193082	0.276908	0.00151593	0.0286062	0.0793806	0.144376	0.0163599	0.0105983	0.000800424	0.00188729
57	0.126492	0.00790468	0.0464999	0.10298	0.0116187	0.0996341	0.0301287	0.0203328	0.101785	0.0609896	0.00653238	0.0257418	0.0190696	0.0504531	0.0812607	0.0620296	0.0562139	0.0760212	0.00450165	0.0098117
58	0.0923002	0.0441662	0.028261	0.0191312	0.0250965	0.0276627	0.0430853	0.0247317	0.0366	0.0656877	0.0175914	0.0394069	0.157991	0.0261176	0.0461404	0.172765	0.0536555	0.0395519	0.0200806	0.0199775
59	0.308724	0.00412178	0.00186342	0.00690374	0.00356891	0.0367333	0.00449896	0.12694	0.00449505	0.0212757	0.0109626	0.00620442	0.00973467	0.0027949	0.00951346	0.0409486	0.0804426	0.317235	0.000979041	0.00205987
60	0.125719	0.0175742	0.0031112	0.00528876	0.00343132	0.00967456	0.0223824	0.0361435	0.0718007	0.0882905	0.0346067	0.0115066	0.0334564	0.0897622	0.178387	0.112343	0.0849879	0.0492674	0.00602646	0.0162409
61	0.0486897	0.00348567	0.00472855	0.0379114	0.00508998	0.00549947	0.00398993	0.0506548	0.309575	0.0477213	0.0252197	0.0397939	0.00505678	0.0227353	0.244386	0.0114192	0.0289282	0.0974628	0.00514307	0.00250988
62	0.0187455	0.0215916	0.0141154	0.0127464	0.0659168	0.0215722	0.010975	0.0221873	0.0109764	0.073653	0.00898052	0.00966722	0.0261564	0.00799508	0.0220943	0.0696235	0.0198028	0.0299963	0.485656	0.0475484
63	0.0511624	0.010605	0.0486286	0.145198	0.0369371	0.0174784	0.06268	0.0769043	0.0194269	0.218048	0.0382721	0.0123422	0.0127351	0.0763142	0.0244314	0.0278992	0.0231646	0.0852655	0.00264152	0.00986567
64	0.142166	0.0468735	0.0952913	0.0836662	0.0234296	0.0299264	0.0464212	0.00492128	0.018599	0.0250433	0.00297788	0.0807933	0.00331734	0.0164089	0.0273627	0.246607	0.0596222	0.00575146	0.0177066	0.0231147
65	0.0178196	0.00249882	0.00206738	0.0056345	0.0563194	0.00538945	0.00530276	0.204985	0.0117724	0.445638	0.0516543	0.00260098	0.00332383	0.00801438	0.0107471	0.00894343	0.0161114	0.136913	0.00298313	0.00128044
66	0.023883	0.000934075	0.000524303	0.00101337	0.0045814	0.00156276	0.00182722	0.350596	0.00140689	0.050455	0.014214	0.00265207	0.000610081	0.00134981	0.00289627	0.00525825	0.00603636	0.528954	0.00056605	0.000679129
67	0.0412113	0.0550374	0.0486257	0.0258677	0.00919015	0.225903	0.0470521	0.0158806	0.0546729	0.0232312	0.0144934	0.11349	0.0104071	0.0230011	0.135239	0.0732475	0.0366861	0.0258884	0.00543883	0.0154371
68	0.0334382	0.0107977	0.0480942	0.0730865	0.0025027	0.038846	0.0181136	0.00705624	0.16657	0.00906775	0.0135354	0.0603743	0.0286544	0.09656	0.270766	0.0676186	0.039735	0.00963677	0.000465406	0.00508138
69	0.286852	0.0396542	0.00443463	0.00335574	0.00466045	0.0081338	0.00572114	0.0124959	0.00616981	0.0138598	0.0226778	0.00761914	0.00836147	0.00670548	0.00889591	0.151075	0.355651	0.0312481	0.00186168	0.0205665
70	0.0357826	0.0109517	0.0114634	0.0154792	0.0926899	0.0126122	0.0223942	0.105248	0.0227536	0.339687	0.0466924	0.0166084	0.013094	0.0213791	0.030195	0.0355151	0.026302	0.103547	0.0150778	0.0225275
71	0.0200732	0.0134632	0.297745	0.0361673	0.00270663	0.0304094	0.0151041	0.00909285	0.0407855	0.0133754	0.00269449	0.24303	0.00343246	0.0272564	0.0846685	0.116005	0.0275309	0.00971289	0.00134554	0.0054023
72	0.0393158	0.0156423	0.0275664	0.0422995	0.00298355	0.0472869	0.0187032	0.0141165	0.198953	0.0117238	0.0206938	0.0677272	0.0199922	0.0691444	0.24033	0.084043	0.0591346	0.0129122	0.00027161	0.0071599
73	0.0649722	0.0230433	0.0135448	0.02835	0.00319814	0.0386041	0.0351676	0.0404654	0.15205	0.0430121	0.0301265	0.0455441	0.016545	0.0729445	0.187578	0.0879902	0.0698824	0.0340081	0.00382589	0.00914805
74	0.040973	0.00778941	0.00745514	0.023688	0.0856316	0.00371725	0.0281203	0.085002	0.0168596	0.442047	0.064671	0.00435213	0.00865544	0.0367709	0.0167893	0.0239245	0.0146734	0.0847356	0.00132297	0.00282199
75	0.127948	0.00648031	0.0612818	0.110201	0.00978987	0.0864558	0.0278578	0.0155806	0.1028	0.0579309	0.00733443	0.0302799	0.0232887	0.0565251	0.0765153	0.0617026	0.0579888	0.0681799	0.00298257	0.00887661
76	0.0363475	0.0132278	0.0343953	0.0491347	0.00259347	0.0432425	0.0194792	0.0108665	0.189489	0.0100838	0.0168183	0.0623427	0.0266603	0.0788608	0.260985	0.0761268	0.050765	0.0122135	0.000381013	0.0059866
77	0.0664149	0.0402045	0.00230752	0.00452139	0.00335325	0.00760127	0.0563473	0.052262	0.0992696	0.0793811	0.0349241	0.0124258	0.0079696	0.0914975	0.233185	0.050602	0.0571584	0.0659013	0.0199013	0.014772
78	0.005594	0.00364728	0.00170027	0.00183454	0.365356	0.00364588	0.0207322	0.0713011	0.00955815	0.25247	0.0586339	0.00297951	0.00393339	0.00473905	0.00539233	0.0160027	0.0189848	0.0789146	0.00177931	0.0728012
79	0.0636549	0.0468954	0.0513426	0.0434206	0.0112038	0.0777072	0.0472468	0.0312059	0.0824117	0.0569557	0.00927906	0.0368872	0.0531931	0.0462695	0.0567765	0.174518	0.0428065	0.0334493	0.00450128	0.0302754
80	0.0489524	0.0388641	0.0019788	0.00285171	0.0437953	0.0355899	0.0163956	0.0690438	0.0162792	0.103685	0.0795296	0.0781549	0.00333641	0.006153	0.0294451	0.201618	0.092969	0.0769495	0.0129337	0.0414744
81	0.0395197	0.0158498	0.0272418	0.042214	0.00296818	0.0470683	0.0191922	0.0145456	0.198184	0.0118935	0.020883	0.0678726	0.0199242	0.0695259	0.238876	0.0843539	0.0592882	0.0130128	0.000285257	0.00730159
82	0.0113581	0.0225415	0.00589576	0.00452577	0.165516	0.0057213	0.0598732	0.010798	0.0179041	0.051998	0.00719169	0.0138316	0.00619574	0.00754917	0.0225281	0.018178	0.0101566	0.010596	0.0308264	0.516815
83	0.0400199	0.0521232	0.00390746	0.00332866	0.0523492	0.0259775	0.0136372	0.0593323	0.0129645	0.116615	0.0581141	0.0795097	0.00716289	0.00498231	0.0348334	0.194293	0.0642739	0.101992	0.0218998	0.0526833
84	0.0452079	0.013559	0.00603857	0.0106232	0.0415379	0.0112057	0.0195489	0.0751957	0.0504817	0.191316	0.111273	0.0285752	0.00807016	0.0310746	0.170987	0.0341365	0.0350559	0.0934592	0.00853741	0.0141161
85	0.06712	0.00176198	0.00105282	0.00751768	0.0292274	0.00700147	0.0102843	0.24486	0.00688224	0.158395	0.102288	0.00396736	0.00366129	0.00199513	0.0234264	0.0158946	0.0292574	0.281838	0.00241229	0.00115782
86	0.277193	0.00371575	0.00175857	0.00713285	0.00404314	0.030678	0.00425599	0.133243	0.00475256	0.0278927	0.0166462	0.00539433	0.00664155	0.0027833	0.0106422	0.037279	0.0825531	0.34042	0.000986664	0.00198768
87	0.0616084	0.126331	0.0414286	0.0537913	0.0213081	0.0750501	0.0333515	0.0151112	0.0206917	0.0318566	0.00755914	0.0541522	0.0199457	0.0183879	0.0276938	0.306353	0.0411303	0.0166067	0.010374	0.0172684
88	0.0985327	0.0168839	0.0356846	0.0556739	0.0127152	0.0475981	0.0254341	0.0289774	0.167656	0.0461315	0.0188632	0.0467395	0.0187186	0.0474408	0.139049	0.0703363	0.0522056	0.0526762	0.00531947	0.0133646
89	0.0285663	0.0158767	0.0172699	0.0267105	0.00327059	0.0217653	0.0299473	0.0171872	0.204584	0.020398	0.0132612	0.0337326	0.0113069	0.0813219	0.368604	0.042061	0.0352415	0.0181199	0.00395437	0.00682089
90	0.0521171	0.0100564	0.00531247	0.0099375	0.055061	0.0129065	0.0169241	0.157085	0.0210577	0.17184	0.100956	0.0155194	0.00982597	0.0110808	0.0353673	0.0354725	0.0381268	0.222886	0.00694879	0.0115195
91	0.0648252	0.00674514	0.0070622	0.0116134	0.0250655	0.0122081	0.010916	0.211492	0.014966	0.0820346	0.0247008	0.00985261	0.00610018	0.0095178	0.0223697	0.0251318	0.0264893	0.418111	0.00453314	0.00626545
92	0.0728375	0.0249436	0.0302464	0.0289184	0.0250111	0.172633	0.0315142	0.0458485	0.0498796	0.0717632	0.0709264	0.0491552	0.0151448	0.0249919	0.0703821	0.0806338	0.047803	0.0640777	0.00743967	0.0158497
93	0.0202261	0.000751237	0.000512192	0.00067948	0.000750016	0.000755761	0.00162646	0.348554	0.000859467	0.0400693	0.0081741	0.00242929	0.000494064	0.0011586	0.00142705	0.004937	0.00343308	0.562288	0.000283434	0.00059086
94	0.00888747	0.0170823	0.00510831	0.00344561	0.238813	0.00448556	0.0646471	0.017277	0.0167412	0.0846303	0.0133797	0.0119394	0.00581431	0.00665951	0.0210755	0.0150329	0.00957582	0.0178174	0.019547	0.418041
95	0.0329531	0.00179047	0.000975194	0.00322292	0.0319495	0.00530871	0.00519614	0.322709	0.00468342	0.189768	0.0551428	0.00271039	0.00206583	0.00240132	0.0104715	0.0076407	0.0151756	0.301297	0.00329171	0.00124604
96	0.0584696	0.0788675	0.00231845	0.00278026	0.0109721	0.00433246	0.00418342	0.0292121	0.0105515	0.0304136	0.0237962	0.0153946	0.00378307	0.00971949	0.00719051	0.337579	0.344528	0.0179413	0.00146505	0.00650198
97	0.0206762	0.00069332	0.000451371	0.000515373	0.0006164	0.000695635	0.00114636	0.317872	0.000778391	0.0325157	0.00648115	0.0026909	0.000432819	0.0010926	0.00108202	0.00390634	0.00378818	0.603789	0.000271209	0.00050526
98	0.0158977	0.0208195	0.0118701	0.0129511	0.0696491	0.0181891	0.00939133	0.0217857	0.0103295	0.0754025	0.00993268	0.0106609	0.0254192	0.00617483	0.01624	0.0676229	0.019074	0.0308458	0.498225	0.0495186
99	0.0392495	0.00740746	0.288572	0.371697	0.000872023	0.0567195	0.0124491	0.00158458	0.0242981	0.0113001	0.000871345	0.0398257	0.00563097	0.0600298	0.0176087	0.0493472	0.00447688	0.00215727	0.000348587	0.00555412
100	0.0287201	0.00287514	0.00223683	0.00802128	0.0623152	0.00510306	0.010088	0.160122	0.00936019	0.421502	0.071002	0.00281591	0.00526523	0.0098266	0.0184181	0.0125532	0.0191019	0.146797	0.0018447	0.00203107
101	0.0568393	0.0419098	0.00249461	0.00393708	0.00429259	0.00620255	0.0604648	0.0493999	0.100752	0.0768038	0.0327536	0.00989712	0.0067055	0.0913663	0.256506	0.0429995	0.0490689	0.0657224	0.0223983	0.0194863
102	0.0338018	0.0108215	0.0475847	0.0727119	0.00244514	0.0391649	0.0182955	0.00710259	0.166866	0.00912461	0.0136089	0.060515	0.0288186	0.0960461	0.269609	0.0680053	0.0402238	0.00971669	0.00043264	0.00510611
103	0.00722483	0.0248847	0.0310494	0.00305822	0.0631875	0.00403288	0.361492	0.00490633	0.0150648	0.0239651	0.00349918	0.0348245	0.00287179	0.0529757	0.082467	0.0491294	0.00636539	0.00635054	0.00167498	0.220976
104	0.0191659	0.000705551	0.000440156	0.000508761	0.000624574	0.000718604	0.0011562	0.345677	0.000784842	0.0352953	0.00739011	0.00254061	0.000448512	0.00109562	0.00111155	0.00413726	0.00342303	0.573999	0.000253936	0.000523183
105	0.0368301	0.0276162	0.00733258	0.0103122	0.00481774	0.0346169	0.161856	0.0186453	0.165023	0.0298914	0.0106864	0.0881441	0.00559738	0.111812	0.108387	0.0728258	0.0851932	0.0135601	0.00204646	0.0048059
106	0.0299982	0.0262194	0.094583	0.0257972	0.00679977	0.254733	0.101981	0.0128351	0.0140951	0.0144242	0.00748024	0.176881	0.00516358	0.00605396	0.0190797	0.137187	0.0296599	0.0131	0.00225268	0.0216763
107	0.0253395	0.00193677	0.00148459	0.00528543	0.0516145	0.00511675	0.00521432	0.160074	0.00819534	0.420932	0.0650067	0.00265306	0.00313016	0.00467781	0.0150136	0.00967997	0.0158107	0.196196	0.00149265	0.00114649
108	0.0378481	0.0152896	0.03033	0.0482037	0.00285043	0.0457933	0.0188017	0.0132073	0.194738	0.011288	0.0193796	0.0666087	0.0207874	0.0738965	0.244502	0.0811385	0.0551539	0.0125209	0.000320504	0.00734194
109	0.0482956	0.00309905	0.00237729	0.00563387	0.10363	0.00567469	0.00785876	0.159946	0.00574786	0.149575	0.0504085	0.00467846	0.00399153	0.00448707	0.0147528	0.0112328	0.0293735	0.384383	0.00178649	0.00306702
110	0.0474763	0.189051	0.0152513	0.018723	0.0218773	0.0291877	0.026574	0.0237896	0.0220313	0.0468944	0.0150349	0.0282899	0.0875318	0.0169493	0.0233394	0.269981	0.055873	0.0308916	0.0107688	0.0204842
111	0.170424	0.0771017	0.0166373	0.0211776	0.0144451	0.0232543	0.0221677	0.0242019	0.0314852	0.041815	0.0173867	0.0485912	0.0569391	0.0450309	0.0394061	0.120954	0.149489	0.0628233	0.00378909	0.0128806
112	0.0641934	0.00163952	0.000970971	0.00475778	0.0174682	0.00639415	0.00643249	0.236691	0.00598905	0.0988192	0.0713551	0.00500347	0.00246956	0.00159096	0.0167982	0.0157318	0.0375898	0.403552	0.00146705	0.00108639
113	0.112067	0.0238469	0.0471601	0.0396593	0.00959752	0.25447	0.0378777	0.0187299	0.0344135	0.0275599	0.0115448	0.064409	0.0106602	0.0183425	0.0455557	0.149308	0.0442786	0.0307815	0.0067394	0.0129989
114	0.0578557	0.069747	0.00720082	0.0101567	0.0225925	0.0176065	0.0372951	0.0818289	0.0404736	0.121593	0.0405086	0.0215226	0.0144665	0.0454996	0.135859	0.0554888	0.0683682	0.127279	0.00923858	0.0154203
115	0.0966753	0.0203746	0.0643375	0.0526302	0.0107577	0.292815	0.0383674	0.0173684	0.038136	0.0311432	0.0117204	0.0572125	0.0118904	0.0230531	0.0547013	0.0805455	0.0364974	0.0339195	0.0102973	0.0175577
116	0.0839685	0.00279241	0.00127604	0.00680363	0.0196988	0.0068797	0.012924	0.25032	0.00559788	0.127791	0.0705446	0.00423618	0.00346742	0.00239535	0.0182947	0.0165826	0.0287789	0.334537	0.00173764	0.00137324
117	0.0423157	0.015879	0.00856871	0.0159359	0.0575114	0.00728972	0.0455257	0.119693	0.0134896	0.303492	0.0870605	0.0169731	0.0131603	0.0495215	0.0304312	0.0332912	0.0405354	0.0790566	0.00493841	0.0153306
118	0.0256254	0.0278775	0.127858	0.0299594	0.00769443	0.229891	0.134917	0.0117871	0.0160327	0.0180796	0.0082533	0.14267	0.00655923	0.0126304	0.0257288	0.0876801	0.0372642	0.0147928	0.00337559	0.0313234
119	0.00774924	0.047134	0.00732138	0.00346893	0.173658	0.00378768	0.167856	0.00498062	0.0492971	0.0276659	0.00394416	0.025989	0.00375888	0.0099522	0.061029	0.0213255	0.00667013	0.00671867	0.0073673	0.360326
120	0.0703685	0.0500056	0.00984559	0.0119383	0.0391838	0.0138887	0.0458472	0.0883611	0.010858	0.17871	0.147135	0.0324785	0.0138162	0.027309	0.0379148	0.0605781	0.0427295	0.0593524	0.00581052	0.0538688
121	0.134193	0.017079	0.0175901	0.0281971	0.0116925	0.327309	0.0193691	0.0168894	0.0425556	0.0330408	0.0132052	0.0209481	0.0108349	0.0203699	0.122434	0.0445722	0.0373487	0.0391446	0.0334142	0.00981258
122	0.0324898	0.0145712	0.218501	0.0660317	0.00520538	0.0356504	0.0129285	0.0103401	0.0833175	0.0156299	0.00688812	0.190895	0.00897799	0.0388584	0.0935605	0.116097	0.0281277	0.0138679	0.00158243	0.00647924
123	0.0323767	0.0136113	0.0179497	0.0290477	0.00518614	0.0244127	0.0253775	0.0213816	0.241991	0.0256318	0.0156772	0.0456383	0.0108872	0.0516061	0.316107	0.0449892	0.0376045	0.0281298	0.00391552	0.00847949
124	0.22235	0.0107048	0.0151386	0.0305094	0.0117937	0.257879	0.0170377	0.0403668	0.0254976	0.0327124	0.0113852	0.0179978	0.0117367	0.0136412	0.0385595	0.0695721	0.0490703	0.107763	0.00970343	0.00658182
125	0.381109	0.0385644	0.00700408	0.00456616	0.00499037	0.0414583	0.00908805	0.0242365	0.00661069	0.0235121	0.00712511	0.00814754	0.0128601	0.00392439	0.00727156	0.324391	0.0587804	0.0293836	0.00156009	0.00541654
126	0.0191874	0.000706332	0.000442688	0.000508509	0.000622711	0.000718343	0.00115687	0.345286	0.000782029	0.0352708	0.00736399	0.00254144	0.000448522	0.00109562	0.0011172	0.00412385	0.003425	0.574426	0.000253938	0.000523227
127	0.427084	0.0175816	0.00788178	0.00229626	0.0032142	0.0552065	0.0100884	0.0131366	0.00327059	0.026363	0.00462183	0.00437878	0.0102895	0.00248018	0.00464198	0.324498	0.0536614	0.0249858	0.00109465	0.00322426
128	0.0206762	0.00069332	0.000451371	0.000515373	0.0006164	0.000695635	0.00114636	0.317872	0.000778391	0.0325157	0.00648115	0.0026909	0.000432819	0.0010926	0.00108202	0.00390634	0.00378818	0.603789	0.000271209	0.00050526
129	0.101218	0.0501541	0.015806	0.0137289	0.0155459	0.0277578	0.019177	0.0290746	0.0294583	0.0427495	0.0224828	0.0313043	0.0139351	0.0168704	0.0341546	0.274205	0.213825	0.0303908	0.00533233	0.0128293
130	0.0433506	0.0080274	0.00641023	0.0176439	0.103997	0.00606346	0.0226925	0.0874364	0.0150034	0.399364	0.0845827	0.00549736	0.00969935	0.0266272	0.0194914	0.0250296	0.0180686	0.0902845	0.00204512	0.00868515
131	0.059824	0.0926146	0.00230289	0.00302942	0.0187208	0.00518742	0.00463982	0.0231222	0.0108346	0.0574289	0.0271612	0.0254091	0.00515052	0.0159503	0.00887479	0.329748	0.272723	0.0278487	0.00221256	0.00721704
132	0.03068	0.00421542	0.00250146	0.00391715	0.122032	0.00562469	0.00499032	0.156028	0.00510202	0.180881	0.0315766	0.00460853	0.00281377	0.00362651	0.0100344	0.00823364	0.0203822	0.397423	0.00231098	0.00301796
133	0.006826	0.0240356	0.0289755	0.00294063	0.0728288	0.00368031	0.352784	0.00452779	0.0172785	0.0231318	0.00327183	0.0376728	0.00288558	0.0488911	0.0793075	0.0444312	0.00602462	0.00586044	0.00197018	0.232676
134	0.0904446	0.00658083	0.0862696	0.165709	0.00624164	0.0660494	0.0473455	0.0117231	0.0773876	0.0460857	0.0064656	0.0271482	0.0218652	0.125452	0.0808235	0.0502191	0.0350271	0.0407026	0.00199972	0.0064599
135	0.0568271	0.0469216	0.0117478	0.0114674	0.0129566	0.0136523	0.014234	0.0303485	0.0655347	0.0284846	0.0190474	0.0367818	0.00709752	0.016258	0.0325717	0.29549	0.265584	0.022551	0.00243205	0.0100116
136	0.0229105	0.0137657	0.00715605	0.00826891	0.0459573	0.0107624	0.0921129	0.0161615	0.00962299	0.156207	0.0419238	0.0114777	0.061658	0.0107449	0.0740798	0.212469	0.164146	0.026184	0.00475728	0.00963453
137	0.00745161	0.00362464	0.00184341	0.00223463	0.349175	0.00382763	0.0191782	0.0804386	0.00952935	0.25469	0.0624354	0.00298974	0.00405869	0.00560509	0.00651529	0.0148872	0.0186969	0.0875777	0.00162462	0.0636169
138	0.0693614	0.113626	0.0333895	0.0297962	0.0345297	0.045567	0.0455749	0.0325306	0.040035	0.0644716	0.0248786	0.0459435	0.0243606	0.027469	0.0620505	0.128035	0.0761317	0.0460229	0.0184071	0.0378189
139	0.0192961	0.00770515	0.00457334	0.00796871	0.24594	0.00559675	0.0192629	0.0840517	0.0123676	0.317817	0.0526866	0.00657623	0.00788763	0.0125384	0.016556	0.0231403	0.0178362	0.0878012	0.00936268	0.0410355
140	0.0206762	0.00069332	0.000451371	0.000515373	0.0006164	0.000695635	0.00114636	0.317872	0.000778391	0.0325157	0.00648115	0.0026909	0.000432819	0.0010926	0.00108202	0.00390634	0.00378818	0.603789	0.000271209	0.00050526
141	0.0578429	0.107678	0.0594071	0.0292107	0.0281531	0.056623	0.0467642	0.0252752	0.0487898	0.0508837	0.0201803	0.108768	0.0251918	0.027361	0.0526046	0.126669	0.0557274	0.0331189	0.0123494	0.0274015
142	0.0803418	0.0832921	0.00257509	0.00271388	0.00975686	0.00361272	0.00380089	0.0221821	0.00897552	0.0283617	0.0207259	0.0141734	0.00396654	0.00963202	0.00692868	0.306075	0.365707	0.0185477	0.00139339	0.00723709
143	0.049661	0.0352535	0.0181755	0.0145054	0.116686	0.0139306	0.120754	0.0377244	0.0215551	0.124331	0.0309853	0.024553	0.0821372	0.0185503	0.042364	0.0695029	0.0414079	0.0612748	0.00941285	0.0672354
144	0.0352118	0.0120101	0.00860137	0.0150979	0.0901736	0.0126511	0.0203711	0.101047	0.0205891	0.370785	0.0478473	0.0122147	0.0104559	0.0212953	0.0314459	0.039031	0.0251771	0.0912311	0.0136871	0.0210763
145	0.418838	0.016891	0.00894431	0.00188969	0.0025058	0.0530613	0.00969347	0.00876146	0.00302857	0.028183	0.00395492	0.00366948	0.00357484	0.00224742	0.00393095	0.318446	0.0835219	0.024403	0.000740556	0.00371473
146	0.430039	0.0168829	0.00810537	0.00317609	0.00306823	0.0551138	0.0100031	0.0152455	0.00374184	0.0253531	0.00464322	0.00405918	0.0121931	0.00272824	0.00503245	0.310504	0.0540827	0.0317596	0.00104685	0.00322241
147	0.10892	0.0179457	0.0630897	0.059997	0.0132833	0.283869	0.0358558	0.021658	0.0350717	0.0355867	0.0110063	0.0494693	0.0101296	0.0225409	0.0486895	0.0814026	0.0360368	0.0463396	0.00555814	0.0135498
148	0.0505515	0.00507711	0.15461	0.372847	0.00256496	0.0401946	0.06089	0.0129664	0.021811	0.0437443	0.00259761	0.0182572	0.00649202	0.13685	0.0151436	0.0238833	0.00570947	0.0195984	0.00119794	0.00501417
149	0.0302313	0.0109941	0.0168262	0.0303025	0.0061356	0.0288609	0.010858	0.0191453	0.27283	0.0234891	0.0190634	0.0742027	0.0112979	0.0441881	0.259649	0.0509932	0.049094	0.0284272	0.0028648	0.0105461
150	0.0391938	0.00740009	0.288473	0.372022	0.000869736	0.0567222	0.0124332	0.00158496	0.0242733	0.0112894	0.000871347	0.0397554	0.00563274	0.0600057	0.0175924	0.0493272	0.00447461	0.00217596	0.000348625	0.00555521
151	0.229468	0.00972857	0.0137131	0.0280381	0.00823272	0.350776	0.0132785	0.0191584	0.025844	0.0203503	0.00685404	0.0170589	0.00925257	0.0103364	0.0655054	0.0435298	0.050005	0.0666987	0.00774142	0.0044302
152	0.0522953	0.0327106	0.231783	0.0492292	0.0130404	0.0993335	0.0980209	0.00820725	0.0136799	0.0231817	0.00559652	0.125656	0.0107805	0.0168761	0.0262322	0.0887495	0.041038	0.00983077	0.00423723	0.0495207
153	0.0644134	0.00529882	0.13008	0.330638	0.00352156	0.0469547	0.0547471	0.0144057	0.0343311	0.0500446	0.00341925	0.017964	0.00907083	0.1316	0.0249964	0.027722	0.0135716	0.0306783	0.00143858	0.00510412
154	0.0486457	0.0131985	0.00961839	0.0238764	0.0716945	0.00373719	0.0564216	0.088681	0.0111125	0.354851	0.0700629	0.0120334	0.0141122	0.0470889	0.02547	0.0281905	0.0259726	0.0811712	0.002066	0.011996
155	0.0125674	0.0121746	0.00356071	0.0119493	0.00392988	0.00669255	0.0239782	0.0179776	0.310423	0.0180729	0.00734001	0.0242634	0.00230855	0.0379411	0.437264	0.0135255	0.0195078	0.0241223	0.00404479	0.00835702
156	0.0438948	0.0189585	0.0312136	0.0326792	0.0176264	0.0273221	0.0336446	0.0250162	0.154321	0.0435735	0.0215776	0.0456515	0.012254	0.0521369	0.286655	0.0570148	0.0404074	0.0358415	0.00510638	0.0151055
157	0.041331	0.0319159	0.0806811	0.0298136	0.0292267	0.0977467	0.117818	0.0187392	0.0447105	0.044895	0.0149396	0.131735	0.0193638	0.0283207	0.051941	0.0985887	0.041239	0.0245218	0.00503832	0.0474341
158	0.428206	0.0156805	0.00966217	0.00173573	0.00228136	0.0604344	0.0102543	0.00779214	0.00259717	0.0306551	0.00331806	0.00298389	0.00318616	0.00210816	0.00357642	0.321503	0.0649456	0.0253836	0.000784789	0.00291128
159	0.0333494	0.0267359	0.24969	0.0714633	0.00933902	0.115491	0.0949126	0.0096319	0.0195497	0.0203785	0.00603774	0.121953	0.0102995	0.0210677	0.0338573	0.0728862	0.0369465	0.0110415	0.00276506	0.0326037
160	0.0646192	0.0111144	0.00600236	0.00835068	0.150065	0.00953368	0.0151409	0.0933956	0.00989174	0.139399	0.029939	0.00961215	0.0124323	0.00938808	0.0184924	0.0241891	0.0302838	0.334351	0.00892457	0.0148746
161	0.0741078	0.0300985	0.0158184	0.0190262	0.0344178	0.00536751	0.0952515	0.0804759	0.00827716	0.187073	0.0874857	0.0358251	0.0176856	0.0556693	0.0527031	0.0409287	0.0421077	0.0739775	0.00351151	0.0401922
162	0.0384908	0.00652468	0.257307	0.412811	0.000914429	0.0553248	0.0143442	0.00167328	0.0231982	0.0116083	0.000882792	0.0382335	0.00515995	0.0586417	0.0174582	0.0432626	0.00437988	0.0023549	0.000375642	0.0070549
163	0.0508943	0.00612772	0.00318156	0.00660476	0.100094	0.00855929	0.0126019	0.198527	0.00926143	0.186892	0.0665181	0.00709648	0.00745083	0.00622469	0.0186892	0.0213117	0.0398774	0.232597	0.00629837	0.0111917
164	0.0220955	0.00816315	0.0053257	0.0108094	0.0378029	0.00582934	0.0365621	0.185194	0.00962578	0.445427	0.05053	0.0220916	0.00610905	0.0463822	0.0136405	0.0180455	0.0169823	0.0502917	0.00270053	0.00639153
165	0.00458331	0.015743	0.00171066	0.00162162	0.00210118	0.00232864	0.0378342	0.00711858	0.246104	0.0139744	0.00231119	0.00279184	0.00152098	0.048709	0.578384	0.00532237	0.0119881	0.00495305	0.00452598	0.00637389
166	0.0511518	0.0055978	0.00536118	0.0238432	0.00799585	0.00844786	0.00692809	0.0374331	0.255691	0.0715094	0.040749	0.061592	0.00519673	0.0252913	0.247073	0.0241777	0.0362507	0.0723895	0.00950342	0.00381763
167	0.0963545	0.024066	0.0109166	0.014359	0.02795	0.0193891	0.0196037	0.120962	0.0327596	0.0942653	0.0434103	0.0196434	0.0120264	0.0204104	0.0437987	0.0870338	0.147224	0.147809	0.00608134	0.011936
168	0.062238	0.0430847	0.00246104	0.00379017	0.00343334	0.00704487	0.0620462	0.0577253	0.0891622	0.0732844	0.0286997	0.00980231	0.00712149	0.0989686	0.24795	0.0465292	0.0536775	0.0717347	0.0172076	0.0140384
169	0.0244225	0.018176	0.0096487	0.00910074	0.249688	0.0142913	0.0423149	0.0610281	0.0198613	0.187435	0.0410907	0.0143851	0.0109067	0.0133001	0.0241227	0.0400923	0.0251517	0.0756904	0.0264344	0.09286
170	0.0474402	0.0274242	0.0114114	0.0196142	0.0583053	0.0162399	0.0599083	0.0667916	0.00684741	0.205074	0.0724265	0.0189145	0.0434995	0.0334651	0.0327434	0.0832027	0.0642747	0.104036	0.0122287	0.0161526
171	0.141681	0.012079	0.0324896	0.0583745	0.0126261	0.05054	0.0266931	0.0221399	0.0854769	0.0713003	0.0135369	0.0246007	0.0864375	0.043275	0.0890537	0.0813907	0.0576842	0.076392	0.00427708	0.00995188
172	0.0718886	0.0105301	0.0570217	0.102444	0.00489485	0.0534897	0.0215028	0.00945552	0.136195	0.0311831	0.0154387	0.0472612	0.0209858	0.0884768	0.17945	0.0658815	0.0498892	0.0268664	0.00112251	0.00602199
173	0.0387092	0.0139752	0.0272334	0.0391913	0.00355941	0.0455377	0.0231172	0.0153844	0.187204	0.0136635	0.0207447	0.0731266	0.0169671	0.0614238	0.211811	0.0921887	0.0961799	0.0127411	0.000511836	0.0067292
174	0.0568902	0.00805425	0.00497542	0.01065	0.032442	0.0108582	0.0133313	0.240377	0.0217195	0.141595	0.0406062	0.01058	0.00846861	0.0132073	0.0318661	0.0276391	0.0293928	0.285124	0.00496682	0.00725602
175	0.0315141	0.0371152	0.0105247	0.00950614	0.0826949	0.00620867	0.083592	0.0523231	0.005735	0.261384	0.0522478	0.0288534	0.0519663	0.0208152	0.0345095	0.0473667	0.0265298	0.0545118	0.00437178	0.0982296
176	0.0395111	0.00845289	0.297571	0.348524	0.000885905	0.0551246	0.0125072	0.001826	0.0246663	0.011436	0.00091251	0.0464709	0.00556046	0.0610359	0.0198705	0.0524107	0.00518825	0.0024044	0.000373976	0.00526708
177	0.0521193	0.0324775	0.0481421	0.041354	0.0454287	0.0513812	0.158031	0.0291006	0.0442208	0.0706374	0.0203293	0.0487166	0.0182139	0.0453929	0.0780149	0.0689401	0.037451	0.0392996	0.00783432	0.0629142
178	0.0395915	0.00722783	0.284239	0.376011	0.000883733	0.0563774	0.0129624	0.00165182	0.0242894	0.011719	0.000878477	0.0393657	0.00553808	0.060597	0.0174552	0.0484654	0.00441458	0.00230706	0.000335185	0.00569044
179	0.00582553	0.0163251	0.00223583	0.00251009	0.00215412	0.00350904	0.0402014	0.00782633	0.242124	0.0142675	0.00289481	0.00470453	0.00182705	0.0497387	0.565798	0.00771531	0.0134862	0.00574924	0.00459981	0.00650745
180	0.0193423	0.000698774	0.000439571	0.000513851	0.000633477	0.000709423	0.0011607	0.341595	0.00078326	0.0347664	0.00727957	0.0025276	0.000451885	0.00110421	0.00109546	0.00414868	0.00347273	0.578519	0.000255355	0.000503026
181	0.0162986	0.00338279	0.0020368	0.00302931	0.206841	0.00525182	0.00818755	0.158355	0.00741257	0.26344	0.0457988	0.00282873	0.00263154	0.00484368	0.00804809	0.00916767	0.0166729	0.21106	0.00267707	0.0220373
182	0.0234508	0.0235341	0.0136446	0.0126275	0.0673502	0.0156809	0.0104807	0.0172419	0.00865216	0.0742015	0.00681725	0.00903682	0.053333	0.00678723	0.0113002	0.070919	0.0219304	0.0290002	0.481985	0.042027
183	0.0155593	0.00317751	0.00327452	0.0087007	0.231155	0.00423223	0.0128445	0.0682277	0.0124208	0.410744	0.0507777	0.00229662	0.00467442	0.0158321	0.00997648	0.0187901	0.012704	0.0875581	0.00138462	0.0256703
184	0.0655839	0.0107737	0.137317	0.200164	0.0058374	0.221151	0.0281663	0.0080573	0.039662	0.02355	0.00491734	0.0437737	0.00899429	0.0463061	0.0440784	0.0531453	0.0230067	0.0221833	0.0040603	0.00927219
185	0.0474983	0.0179767	0.2542	0.152646	0.00883408	0.0586473	0.0352245	0.0126677	0.0391041	0.0282361	0.00718124	0.0941278	0.00936671	0.0441024	0.0503746	0.0763209	0.0274481	0.0188391	0.00261672	0.0145875
186	0.0194609	0.0074584	0.00516319	0.00937895	0.180044	0.00577983	0.0201667	0.0858744	0.0118318	0.381724	0.0494014	0.00519513	0.00882602	0.0148887	0.0140399	0.0210485	0.0174603	0.0893575	0.0161478	0.036753
187	0.270825	0.00324841	0.00211025	0.00746875	0.00299354	0.0136387	0.00347513	0.086673	0.00325831	0.020807	0.00355238	0.0037852	0.00240473	0.00318819	0.0151476	0.0200545	0.186914	0.346867	0.00124627	0.00234149
188	0.0211319	0.0378367	0.00281629	0.00309763	0.00806194	0.00543163	0.0815104	0.0319151	0.188757	0.0323003	0.0110916	0.00610052	0.00268689	0.0514067	0.402744	0.0171654	0.0207224	0.0283002	0.021952	0.0249715
189	0.132453	0.00662296	0.0554444	0.113796	0.0099562	0.0896454	0.0292649	0.0211224	0.105392	0.0546817	0.00675337	0.0267183	0.0204689	0.0519788	0.072637	0.0566433	0.0613028	0.0709085	0.00331945	0.0108904
190	0.0152701	0.00516389	0.00403596	0.0082179	0.241983	0.00489838	0.0166207	0.073201	0.0120537	0.377037	0.0499678	0.00374205	0.0065141	0.0126019	0.0108594	0.0196166	0.0151212	0.0836498	0.00353471	0.0359104
191	0.0374664	0.00143723	0.000892179	0.00307736	0.0194227	0.00288676	0.00493409	0.279809	0.00299919	0.10419	0.0345795	0.00313301	0.00180243	0.00174616	0.00854248	0.00802609	0.0117961	0.471206	0.00101758	0.00103585
192	0.129751	0.0244298	0.0722244	0.100685	0.018438	0.0686635	0.0313302	0.0107702	0.0809992	0.0506457	0.00546054	0.0474951	0.0165724	0.0480969	0.0596842	0.113916	0.0568717	0.0458629	0.00618486	0.0119181
193	0.0145266	0.00973419	0.318758	0.0383008	0.00162172	0.0185004	0.00295393	0.00934299	0.0476866	0.00930836	0.00171836	0.259051	0.00143477	0.0293971	0.0798913	0.131852	0.0148446	0.00872666	0.000675917	0.00167486
194	0.0349073	0.0254395	0.0264326	0.0566898	0.0498208	0.0251412	0.0174039	0.0181314	0.0250099	0.0633782	0.00935299	0.0199041	0.027764	0.016963	0.026871	0.0789405	0.0288621	0.0314402	0.378747	0.0388002
