317	20
1	0.019851	0.00364841	0.000420183	0.000897857	0.061856	0.00299996	0.00679553	0.158539	0.000639572	0.450206	0.101351	0.00325213	0.000503913	0.00489173	0.0128279	0.00567982	0.0318057	0.115361	0.000201205	0.0182728
2	0.01968	0.00402793	0.000396273	0.000837484	0.0655284	0.00280745	0.00679734	0.156429	0.000704976	0.453069	0.102815	0.00331173	0.000493817	0.00473555	0.0125219	0.00558717	0.0301403	0.111667	0.000228938	0.0182208
3	0.112992	0.000297517	0.154918	0.199274	0.00195532	0.0815891	0.0272005	0.00499852	0.0535884	0.0166568	0.00921877	0.0401285	0.00507385	0.046871	0.0755089	0.109849	0.0467819	0.00751834	0.00282406	0.00275559
4	0.161957	0.00158786	0.0347584	0.0651863	0.0218207	0.0255814	0.0181233	0.037315	0.0338341	0.0543478	0.0199965	0.0455453	0.00267632	0.0244113	0.0446627	0.205937	0.132556	0.0431418	0.0152167	0.0113448
5	0.136143	0.0137025	0.00507339	0.0069835	0.00939577	0.02766	0.00629137	0.116079	0.00660333	0.0637527	0.0539305	0.0110192	0.0416694	0.00568352	0.00578759	0.0810581	0.251899	0.150333	0.00102193	0.00591419
6	0.0350504	0.0114237	0.00430836	0.0651913	0.0198705	0.1195	0.0474179	0.0108806	0.153742	0.0269346	0.00577566	0.0630375	0.00219871	0.11407	0.180076	0.0560478	0.00808176	0.0113026	0.0304628	0.0346281
7	0.0943016	0.000359594	0.247277	0.289092	0.000641773	0.0751874	0.0245867	0.00340597	0.0379658	0.00679685	0.000948457	0.0446393	0.00514385	0.0430412	0.0221566	0.0642263	0.0320704	0.00377137	0.00143735	0.00294995
8	0.035533	0.00340463	0.00424333	0.00972266	0.148081	0.00886665	0.136928	0.00902246	0.0076108	0.012514	0.00632783	0.026868	0.00358374	0.014508	0.0587065	0.0633184	0.0301729	0.015767	0.184646	0.220175
9	0.0211783	0.00397326	0.000474511	0.000844914	0.0566866	0.00267523	0.00603198	0.160773	0.000637071	0.448755	0.114372	0.00301818	0.000503826	0.00489542	0.0102243	0.00543053	0.0295083	0.116339	0.000219518	0.0134593
10	0.0346083	0.0016766	0.00431014	0.0555915	0.00478377	0.00425259	0.00392494	0.167646	0.174511	0.0663159	0.00560916	0.0146562	0.00208667	0.00627929	0.151883	0.00972783	0.172556	0.116078	0.00125264	0.00224964
11	0.108566	0.000685646	0.0660799	0.104992	0.00313807	0.105067	0.0313825	0.00724459	0.079911	0.0265653	0.0212086	0.0360327	0.00665	0.051109	0.131743	0.135594	0.0628322	0.0165322	0.0017372	0.0029293
12	0.0152994	0.000358597	0.00211046	0.000586015	0.00871576	0.000561862	0.00147789	0.221448	0.0013629	0.0644248	0.00298257	0.00356082	0.00394059	0.000722241	0.00144921	0.00679647	0.0211408	0.641	0.000890754	0.00117124
13	0.0566651	0.00485858	0.0210325	0.0628683	0.0142072	0.0512014	0.036951	0.0315618	0.135337	0.0386418	0.017993	0.0236652	0.0113786	0.0684184	0.283782	0.0492247	0.0372601	0.0349416	0.00684313	0.0131695
14	0.045939	0.00708624	0.0126528	0.0334336	0.041953	0.0458259	0.0906358	0.0268471	0.0588859	0.0288924	0.0137775	0.0539409	0.00738706	0.059524	0.206426	0.0528559	0.0355718	0.0275012	0.0891217	0.0617418
15	0.0468287	0.0111413	0.0119416	0.139706	0.00125919	0.0179795	0.025933	0.0119701	0.228017	0.0247111	0.00564345	0.0104042	0.000725858	0.174568	0.208305	0.028286	0.0327475	0.0184436	0.000431736	0.000957368
16	0.016025	0.00569639	0.000522139	0.000736224	0.0365617	0.00151898	0.00268313	0.326954	0.000671948	0.259418	0.0629759	0.00165745	0.00111793	0.00502893	0.0111174	0.00308959	0.0191152	0.233308	0.00367466	0.00812677
17	0.0387901	0.00377874	0.0318029	0.0262219	0.0586205	0.0226683	0.352815	0.00967633	0.0342377	0.0610441	0.011164	0.0686121	0.0107266	0.045592	0.0359461	0.0394974	0.0248345	0.0163823	0.00781278	0.0997771
18	0.0327584	0.00166213	0.0358148	0.438724	0.0032672	0.0108814	0.0198673	0.00262213	0.0521371	0.0301628	0.0075751	0.0120921	0.000955396	0.224821	0.0927356	0.00586047	0.0195185	0.00703133	0.00036296	0.00115076
19	0.0167053	0.00487477	0.00420434	0.0104656	0.0366665	0.0111451	0.263221	0.0280047	0.00951927	0.0130273	0.00558612	0.158248	0.00410936	0.0816617	0.156423	0.0209553	0.012563	0.00986832	0.0810607	0.0716897
20	0.0468413	0.00283557	0.0060071	0.00860792	0.00629449	0.00887052	0.0104147	0.00389887	0.01626	0.017393	0.00355342	0.00633865	0.768511	0.0133656	0.0129102	0.0328946	0.0173606	0.0115201	0.0012873	0.00483478
21	0.0522511	0.0023131	0.10366	0.344253	0.00556594	0.0378932	0.0292402	0.00859072	0.0501501	0.0320675	0.00758435	0.0319147	0.00793216	0.135307	0.0611959	0.0373473	0.0325942	0.0141673	0.00223077	0.00374043
22	0.0752978	0.00833087	0.0120644	0.0198759	0.037806	0.0213652	0.0170276	0.0764264	0.0218044	0.193088	0.0671268	0.0209149	0.0143935	0.0187953	0.0273309	0.0762895	0.18255	0.0890484	0.00432133	0.0161434
23	0.305447	0.0248825	0.00591162	0.0105526	0.011649	0.177395	0.0138977	0.0133691	0.0252702	0.048468	0.0450172	0.0116174	0.00421923	0.012597	0.0663079	0.116036	0.0503745	0.0378578	0.00136618	0.0177637
24	0.0261734	0.0012808	0.00203968	0.00373231	0.384843	0.00308296	0.082353	0.0163654	0.00287766	0.0412039	0.00863534	0.0116117	0.00188183	0.00410923	0.021583	0.034843	0.020555	0.0290391	0.0687401	0.235049
25	0.0241059	0.00050474	0.0455975	0.485634	0.00348654	0.0108809	0.0216633	0.00140536	0.0360868	0.0278422	0.00432364	0.0139587	0.000695742	0.23362	0.0656211	0.00261176	0.0148964	0.00587548	0.000357515	0.000831696
26	0.0424774	0.00799551	0.020546	0.233648	0.0330054	0.0177407	0.0346857	0.0316648	0.026564	0.24533	0.0270068	0.0174889	0.00723418	0.0915293	0.0403397	0.0267673	0.0424874	0.0306799	0.00780373	0.015006
27	0.0116314	0.00207678	0.00315674	0.0229076	0.145109	0.00537144	0.144326	0.0426832	0.00484338	0.03246	0.00568204	0.0250124	0.00377564	0.0250645	0.0459204	0.032742	0.0125441	0.13708	0.00892718	0.288686
28	0.0418783	0.012575	0.0137726	0.124313	0.00302024	0.0292523	0.0287906	0.0126234	0.220868	0.0198624	0.00919076	0.0217105	0.00100518	0.15361	0.216729	0.0324624	0.0277196	0.0242635	0.00276646	0.00358732
29	0.135545	0.0105171	0.0226991	0.0297748	0.0230727	0.035665	0.0205342	0.0645587	0.0313663	0.0548609	0.0314869	0.0259525	0.0225898	0.0238009	0.0345477	0.0934169	0.205506	0.101271	0.00841824	0.0244151
30	0.216246	0.0123138	0.010375	0.014529	0.00662824	0.0250625	0.00918591	0.00972298	0.0107567	0.0257086	0.00897115	0.0661082	0.0131932	0.0248736	0.0127059	0.424175	0.0883485	0.0137964	0.00281055	0.00448885
31	0.0718689	0.00872032	0.0111175	0.152936	0.00163116	0.0267107	0.0239001	0.0097752	0.206101	0.0343526	0.00537224	0.00908546	0.000947224	0.165477	0.189477	0.0315347	0.0340062	0.0150079	0.000538925	0.0014394
32	0.0183368	0.00409991	0.000400378	0.000928165	0.064938	0.00264205	0.00693972	0.185796	0.0010615	0.411044	0.0906586	0.00328784	0.000508284	0.00562007	0.0167587	0.00647224	0.0300046	0.128274	0.00103566	0.0211933
33	0.0155945	0.000267461	0.00212794	0.000590181	0.00849512	0.000558557	0.0015021	0.219652	0.00137018	0.0633193	0.00262671	0.00360024	0.00396867	0.000656932	0.00134042	0.00691267	0.0211039	0.644326	0.000844486	0.00114281
34	0.0430596	0.0139767	0.0110733	0.12101	0.00326887	0.0275596	0.0299973	0.0118776	0.21842	0.0227503	0.00708065	0.0158309	0.00112257	0.166419	0.224689	0.0285212	0.0277833	0.0191519	0.00286417	0.00354464
35	0.116349	0.00034128	0.119428	0.162516	0.0026946	0.0807118	0.026958	0.00621289	0.0639114	0.0205615	0.013543	0.0395646	0.00549025	0.0501921	0.099211	0.122932	0.0542497	0.0101949	0.00226745	0.00267066
36	0.0614462	0.00253341	0.0328757	0.359418	0.00357766	0.0274464	0.0229286	0.0040844	0.0927151	0.0463989	0.00452758	0.0110711	0.00112321	0.192995	0.0897162	0.0151405	0.0218155	0.0074704	0.000949703	0.00176676
37	0.0324608	0.00634898	0.00826104	0.0101048	0.081234	0.00955117	0.0153182	0.144602	0.00891414	0.343757	0.0752515	0.00996811	0.0118633	0.0138252	0.0190236	0.0194911	0.0374161	0.11856	0.00336957	0.0306796
38	0.0592042	0.000350106	0.306625	0.209641	0.000690616	0.0644177	0.0397274	0.00341645	0.0430105	0.00525768	0.00309483	0.092051	0.00851088	0.0352561	0.0205095	0.0628407	0.0284091	0.0102597	0.00087635	0.00585132
39	0.124767	0.00481045	0.0101463	0.142518	0.0029048	0.0508333	0.0255511	0.00735245	0.162493	0.0701528	0.00646857	0.00754183	0.00212904	0.153457	0.1407	0.0385505	0.035477	0.0101009	0.00112103	0.00292505
40	0.0189917	0.00366355	0.000421472	0.000825047	0.0554967	0.00251574	0.00572804	0.179565	0.000602517	0.44791	0.102186	0.00286083	0.000483523	0.00442311	0.0104259	0.00496083	0.0281226	0.117184	0.000304493	0.0133283
41	0.0824769	0.000568265	0.259454	0.221753	0.00112707	0.0760399	0.0325361	0.00392802	0.0441931	0.0082219	0.00430071	0.0687329	0.011251	0.0384002	0.0311151	0.0691849	0.032898	0.00813441	0.00141319	0.00427179
42	0.0148329	0.000578441	0.00201786	0.000559615	0.00898192	0.000556327	0.0013979	0.233114	0.00131113	0.0657486	0.00416647	0.0034434	0.00374715	0.000856045	0.00184583	0.00656788	0.0206322	0.627445	0.000997045	0.00120059
43	0.125	0.00207595	0.0428254	0.0893465	0.00371783	0.0794659	0.0104694	0.00582146	0.0796471	0.0137653	0.0201552	0.0155739	0.0987015	0.042935	0.0716501	0.225428	0.04716	0.00806977	0.00169149	0.0165007
44	0.0346186	0.00233733	0.00457903	0.00622444	0.459682	0.00739569	0.0240403	0.0306595	0.00483628	0.0800625	0.0191127	0.00628213	0.00213437	0.00647617	0.0104583	0.0268763	0.029918	0.0568735	0.0106621	0.176771
45	0.0910354	0.00391002	0.0154177	0.110694	0.015645	0.0234332	0.013226	0.0531387	0.0907374	0.0469162	0.017843	0.00485004	0.0011795	0.0341055	0.112865	0.096116	0.141687	0.12461	0.000967554	0.00162276
46	0.0226168	0.00205544	0.00323923	0.00628061	0.165089	0.00483559	0.159206	0.00742855	0.00434244	0.00864682	0.00421493	0.0250476	0.00297662	0.00807708	0.0484715	0.0575381	0.0263424	0.016404	0.181163	0.246024
47	0.13681	0.00913554	0.0316508	0.0501753	0.00454797	0.0356785	0.0172896	0.00452577	0.0245201	0.0371905	0.00676543	0.0342804	0.350135	0.0174866	0.0358573	0.131213	0.0427717	0.0236411	0.00206574	0.00425959
48	0.0168125	0.00665931	0.00153669	0.000775924	0.0287577	0.000847034	0.00133574	0.278547	0.00113078	0.108478	0.0234631	0.00211127	0.00247448	0.00368462	0.0082996	0.00413959	0.0201466	0.479106	0.00606109	0.00563389
49	0.0457349	0.00261711	0.00420203	0.0454865	0.00383285	0.105353	0.0286878	0.0505745	0.276449	0.0169027	0.00893054	0.0150292	0.00139655	0.0960883	0.207367	0.0298635	0.00988064	0.0439683	0.00341282	0.00422332
50	0.0596133	0.00407399	0.0259133	0.0614258	0.0179067	0.02048	0.0223968	0.0194046	0.0283635	0.0269572	0.0141614	0.0225082	0.0559432	0.0347776	0.0219158	0.144798	0.297315	0.0258209	0.0186157	0.0776083
51	0.0740016	0.00504227	0.00494934	0.0111024	0.00273829	0.718822	0.00539314	0.00302811	0.00640021	0.00631884	0.00358654	0.00739489	0.0120234	0.00410863	0.0166577	0.0835218	0.0252946	0.00551705	0.000856597	0.00324291
52	0.0120609	0.00447187	0.000888021	0.000555953	0.0174758	0.000648546	0.000786848	0.347433	0.000960099	0.105796	0.0243413	0.00208558	0.00170684	0.00351005	0.00762641	0.00355063	0.0167393	0.442899	0.0033486	0.00311521
53	0.0138647	0.00576893	0.000903503	0.00201502	0.0224089	0.000901491	0.000929878	0.357484	0.000987827	0.113302	0.0304612	0.003426	0.00146615	0.00416935	0.0112162	0.00385733	0.01747	0.399586	0.00476375	0.00501771
54	0.666619	0.00698098	0.00291453	0.00484784	0.00106251	0.164079	0.00128528	0.000940107	0.00428343	0.00432057	0.00118555	0.000932999	0.00384222	0.0010278	0.00251996	0.0981535	0.00923171	0.0209373	0.00260445	0.00223131
55	0.0494524	0.00235212	0.0407652	0.048968	0.0282652	0.00531989	0.0239334	0.00533089	0.0229624	0.0102227	0.00479838	0.022936	0.0101207	0.0454683	0.00807788	0.0829904	0.41843	0.0077727	0.0414772	0.120356
56	0.012539	0.0070579	0.0005271	0.000587714	0.0279172	0.000743757	0.000712193	0.414716	0.000736197	0.147431	0.0421066	0.000898891	0.00062781	0.00505419	0.0119048	0.00165831	0.0139375	0.299781	0.00566988	0.00539314
57	0.0150686	0.014949	0.00116169	0.00165805	0.0419409	0.00143347	0.00151253	0.374964	0.00165664	0.127561	0.0403377	0.00181217	0.000876852	0.00648364	0.0135562	0.00462764	0.0250809	0.308427	0.0102868	0.00660555
58	0.034056	0.00545677	0.00395855	0.00196995	0.038252	0.00142891	0.00278534	0.195321	0.0019162	0.107051	0.0220491	0.00339856	0.00341391	0.00277466	0.00440162	0.0189695	0.0422014	0.501243	0.00311443	0.00623808
59	0.672357	0.00629673	0.00289021	0.00476089	0.000874751	0.16356	0.0009143	0.00105764	0.00402979	0.00423743	0.000890052	0.000835908	0.00374117	0.000928325	0.00215663	0.0986143	0.00816376	0.0189174	0.0029956	0.00177805
60	0.0176657	0.00421217	0.000538527	0.00132542	0.0501613	0.00244032	0.00518001	0.195348	0.00082289	0.437657	0.0882562	0.00280518	0.000682444	0.00474067	0.0111517	0.00507572	0.0278149	0.130188	0.0011617	0.0127733
61	0.0542702	0.00629393	0.0191437	0.0679335	0.0132213	0.0508854	0.0336674	0.0288393	0.129623	0.0382002	0.0176731	0.0249977	0.0152507	0.0688022	0.29325	0.0494552	0.0356871	0.0347583	0.00655721	0.0114899
62	0.415668	0.0160507	0.00638184	0.0114954	0.00482334	0.0578826	0.00513678	0.00825536	0.00998292	0.0158892	0.00657181	0.0189369	0.00804731	0.0119089	0.0105676	0.220636	0.117572	0.0472694	0.00263373	0.00429018
63	0.0923693	0.00209632	0.257616	0.0955442	0.00490473	0.0402623	0.0341858	0.0069751	0.0655082	0.0145353	0.0101936	0.0899321	0.132277	0.0201621	0.0192204	0.0553944	0.0265657	0.0200467	0.00640438	0.00580666
64	0.0193738	0.00834701	0.00261643	0.0042859	0.108331	0.00354912	0.00819617	0.231909	0.00421373	0.248701	0.0988806	0.00669959	0.00241774	0.00775711	0.0148976	0.0118344	0.0258987	0.133708	0.00323497	0.0551488
65	0.0711856	0.00343428	0.191692	0.143817	0.00776944	0.050335	0.0383048	0.0128338	0.061338	0.0260991	0.0129718	0.0701793	0.0181041	0.0495369	0.0833308	0.0761227	0.0496885	0.0217045	0.00333904	0.0082134
66	0.635509	0.00668582	0.00280753	0.00486635	0.00104733	0.192397	0.00109783	0.000942756	0.00422317	0.0045898	0.00122738	0.0013202	0.00430717	0.00104616	0.00303752	0.09981	0.0114014	0.0192109	0.00255901	0.00191349
67	0.0312172	0.00594138	0.00432211	0.00782375	0.0742368	0.0078417	0.0173194	0.14118	0.009153	0.371404	0.0815081	0.00873959	0.00745848	0.0145052	0.0190147	0.0180844	0.0354028	0.113102	0.00298095	0.0287642
68	0.0317337	0.000913359	0.00233254	0.00330142	0.00529092	0.00583726	0.00476106	0.00207942	0.0158234	0.0117622	0.00217666	0.0031149	0.856939	0.0116439	0.00829953	0.0203362	0.00581507	0.0052232	0.000765239	0.00185139
69	0.0122539	0.00703965	0.000425426	0.000605067	0.0286709	0.000833368	0.000793181	0.423119	0.0006469	0.170534	0.0467598	0.000752364	0.000433912	0.00533664	0.012476	0.00142337	0.0134964	0.26326	0.00553857	0.0056017
70	0.0281863	0.00237591	0.0274194	0.351622	0.0162024	0.013042	0.0515937	0.00560523	0.0554388	0.0694593	0.00628422	0.0123023	0.00264692	0.223721	0.0655307	0.0130827	0.0396599	0.0105882	0.00137796	0.00386089
71	0.104428	0.015266	0.00437029	0.00611728	0.00895769	0.0292351	0.00561014	0.12406	0.0046964	0.0583797	0.0645142	0.0157744	0.0428734	0.00519744	0.00360832	0.0683666	0.250916	0.181336	0.000786369	0.00550667
72	0.0355434	0.000638973	0.339324	0.148485	0.00105363	0.0535806	0.0426156	0.00465991	0.0518613	0.00604406	0.00702793	0.141398	0.0258111	0.0284174	0.0141483	0.0553475	0.0181368	0.0177957	0.00131467	0.00679572
73	0.0292228	0.0742672	0.0613625	0.0507668	0.111651	0.0503056	0.0206381	0.0148459	0.0151795	0.157181	0.0524597	0.0207366	0.00642059	0.0159259	0.0179466	0.0775723	0.0515007	0.0624192	0.0710021	0.0385956
74	0.119814	0.00123497	0.220373	0.117998	0.00219061	0.0381161	0.031591	0.00295109	0.0977178	0.00658289	0.0116355	0.0725402	0.171006	0.014714	0.0145996	0.0304833	0.0136959	0.0212284	0.0092735	0.00225439
75	0.0166341	0.000849612	0.00732655	0.00298315	0.123156	0.00877402	0.395136	0.00438125	0.0159653	0.0436252	0.00188314	0.051999	0.00166792	0.021371	0.026988	0.0289285	0.018107	0.010507	0.0239203	0.195797
76	0.0391727	0.00125289	0.00400676	0.0176698	0.00423921	0.0117844	0.0259265	0.0453539	0.365827	0.0263833	0.00981569	0.0104447	0.00121911	0.0338257	0.308875	0.0341929	0.0116971	0.0459529	0.000887495	0.00147282
77	0.103172	0.00494114	0.0334332	0.0575232	0.0174702	0.0620539	0.0266499	0.0253944	0.0774031	0.0401207	0.0215037	0.0364883	0.0175968	0.0416232	0.117063	0.177968	0.0771837	0.0353732	0.0116224	0.0154164
78	0.051359	0.010172	0.0112926	0.144869	0.00136157	0.0198934	0.0252195	0.011411	0.222357	0.0284267	0.00548098	0.00958199	0.00079569	0.17666	0.20251	0.0277784	0.032082	0.017089	0.000503701	0.0011553
79	0.0173501	0.0032255	0.00361545	0.0610896	0.00651647	0.00666777	0.00763757	0.318457	0.00728811	0.0373835	0.0135189	0.104524	0.00414197	0.00752312	0.0089547	0.0158903	0.0603453	0.286463	0.00210566	0.0273023
80	0.125126	0.00141562	0.213827	0.0833249	0.00275741	0.0376723	0.0237339	0.00322399	0.0863556	0.00765734	0.0101108	0.0842587	0.192132	0.0171051	0.0135496	0.0527361	0.0172793	0.0174388	0.0072725	0.00302277
81	0.0850836	0.00974298	0.0343658	0.0349268	0.0170192	0.169929	0.0645495	0.0197455	0.0450149	0.03213	0.0565721	0.0657762	0.0102607	0.0363893	0.111852	0.0729457	0.0474413	0.0640359	0.00595773	0.0162621
82	0.0376983	0.00280967	0.00562207	0.0351769	0.00407153	0.0146117	0.0260409	0.0415758	0.350221	0.024134	0.0114659	0.00921966	0.000959929	0.0639652	0.277847	0.0284348	0.0136919	0.0506228	0.00061226	0.0012191
83	0.05094	0.00850311	0.010148	0.0129699	0.0851053	0.0209794	0.020676	0.115263	0.0224686	0.215664	0.134776	0.0159324	0.00828499	0.018851	0.0302417	0.0419073	0.0581064	0.0903822	0.00427062	0.0345295
84	0.0317478	0.00337641	0.0292279	0.0215396	0.0637618	0.0204275	0.382725	0.0091884	0.0324095	0.0602162	0.00862906	0.0665806	0.00833998	0.0380438	0.0334822	0.037561	0.0256207	0.0132836	0.00803862	0.1058
85	0.658163	0.00635935	0.00286645	0.00485084	0.00099648	0.178567	0.00098599	0.000862603	0.00395427	0.0042052	0.00103714	0.000966146	0.00380289	0.00085694	0.00276693	0.0975245	0.00829537	0.0185264	0.00263993	0.00177277
86	0.156242	0.0818437	0.0156707	0.0243045	0.0369348	0.0603238	0.0200255	0.0555438	0.0285499	0.0765359	0.0319593	0.0231151	0.0280673	0.0309673	0.0381186	0.100898	0.0721528	0.0880669	0.01056	0.0201196
87	0.489904	0.00734174	0.00287607	0.00635228	0.0018648	0.319402	0.00212134	0.00245249	0.00535728	0.00598701	0.0027102	0.00296497	0.00537561	0.00250862	0.00784359	0.0950224	0.0177987	0.017103	0.00212864	0.00288466
88	0.0334436	0.00341335	0.0219428	0.0205837	0.0604441	0.0252853	0.339752	0.0167334	0.0345857	0.0638788	0.0120028	0.0651189	0.0102918	0.0429095	0.042041	0.0375998	0.0314325	0.0286908	0.0110232	0.0988275
89	0.0647102	0.00328436	0.270146	0.143146	0.00602493	0.047218	0.0401006	0.0115215	0.0484072	0.0182362	0.00991047	0.0922732	0.0261939	0.0375765	0.031908	0.0742439	0.0400812	0.0225594	0.00374942	0.00870916
90	0.257364	0.0114346	0.00292062	0.0312521	0.0104633	0.0824548	0.00969974	0.0510812	0.0172277	0.0449102	0.0216705	0.00582118	0.00801476	0.0197327	0.0244058	0.109914	0.121643	0.159985	0.000972358	0.00903344
91	0.0354582	0.00346698	0.0290305	0.0242688	0.0644058	0.0204546	0.350596	0.0118388	0.0341436	0.0588592	0.00877457	0.0694173	0.0133364	0.0423758	0.038056	0.0397572	0.0296842	0.0213876	0.00604008	0.0986483
92	0.10281	0.0129298	0.00546087	0.00640696	0.0112849	0.0230311	0.00515249	0.114016	0.00481052	0.0706604	0.0613193	0.00882705	0.031678	0.00426293	0.00343504	0.0682233	0.289773	0.170047	0.000608493	0.00526342
93	0.485243	0.0186513	0.00145575	0.00244247	0.00216006	0.0350881	0.00245858	0.00285477	0.0040296	0.00446328	0.00180468	0.00251315	0.00210709	0.00277261	0.00306391	0.10705	0.24722	0.0722376	0.000798323	0.00158538
94	0.0347759	0.00728561	0.00472735	0.00922587	0.0640859	0.00727734	0.00817162	0.212185	0.00760292	0.249976	0.103801	0.00700436	0.0051217	0.0104672	0.0148452	0.0218266	0.0529135	0.153288	0.00269925	0.0227198
95	0.0313013	0.00408953	0.00243241	0.00175529	0.033363	0.00304582	0.00431386	0.207255	0.00195462	0.239867	0.0479561	0.00360154	0.00464718	0.00401935	0.00789087	0.0115128	0.0319118	0.348912	0.00226518	0.00790527
96	0.0170881	0.00458686	0.00041543	0.000834341	0.047768	0.00215369	0.00447061	0.247088	0.000673199	0.368902	0.0851442	0.00257637	0.00053222	0.0046973	0.0111988	0.00393067	0.0247443	0.159821	0.00191286	0.0114615
97	0.164754	0.00567228	0.00316594	0.00954464	0.00241857	0.635279	0.00329155	0.00233863	0.00590273	0.0054973	0.00370376	0.00564556	0.0115108	0.00394011	0.0149638	0.0860271	0.024279	0.00858524	0.000869812	0.00261017
98	0.552919	0.0111224	0.00721055	0.0102135	0.00299578	0.116499	0.00417426	0.00445502	0.00789037	0.0111155	0.00463043	0.0107546	0.0100844	0.00583687	0.00735021	0.145718	0.0469204	0.0347456	0.00219436	0.0031701
99	0.502888	0.0108079	0.0122256	0.0218387	0.00433694	0.108806	0.00776834	0.011382	0.0152337	0.0160801	0.006648	0.00940587	0.0157562	0.0142309	0.0186766	0.112308	0.049987	0.0545941	0.00250922	0.00451592
100	0.0438298	0.00119269	0.00351507	0.0118793	0.00388283	0.00892229	0.0259906	0.0361577	0.386114	0.0228794	0.00856629	0.0124798	0.00129075	0.0241775	0.325418	0.0353995	0.00797712	0.0378558	0.000848523	0.00162322
101	0.0147634	0.00576236	0.000370273	0.000619441	0.0401323	0.0015786	0.00293889	0.310952	0.0005866	0.304664	0.0703366	0.00176495	0.000432245	0.00498269	0.011477	0.00286271	0.0196314	0.194315	0.00330447	0.00852528
102	0.0197059	0.00523363	0.000937937	0.00198156	0.0598981	0.00288694	0.00605383	0.2046	0.00292326	0.382132	0.0821403	0.00358629	0.00142921	0.00545963	0.0130708	0.00664414	0.029595	0.152765	0.00157347	0.0173835
103	0.030769	0.00258782	0.00303673	0.0057234	0.00544944	0.0318334	0.188594	0.00654417	0.0850377	0.026358	0.0129522	0.105356	0.027411	0.217931	0.0140912	0.142875	0.0778107	0.00981645	0.00155873	0.00426509
104	0.0813767	0.0054513	0.00570631	0.0126563	0.00298474	0.685374	0.00361311	0.00424008	0.00716281	0.00928393	0.00480777	0.00790481	0.0116178	0.00500455	0.0166734	0.0873434	0.0352124	0.00988371	0.000904991	0.00279786
105	0.173464	0.00582377	0.0199153	0.0481796	0.0142837	0.0345249	0.0144096	0.0413307	0.0498014	0.0411946	0.0205203	0.0246391	0.00620381	0.0260103	0.0440582	0.158448	0.172153	0.0910514	0.00531947	0.00866888
106	0.0177996	0.00144819	0.0020065	0.000787662	0.011254	0.000600938	0.00143415	0.25374	0.00127164	0.0735145	0.0090156	0.00311301	0.00350506	0.0014588	0.00329094	0.00638702	0.0198001	0.586287	0.0014853	0.00179991
107	0.0339034	0.00114226	0.00358847	0.0260817	0.00410474	0.00841324	0.0172907	0.0975724	0.310511	0.0494871	0.00853677	0.0101413	0.00156388	0.0224437	0.245972	0.0209375	0.0551816	0.0806096	0.000845044	0.00167337
108	0.0141104	0.0116599	0.00145878	0.00219319	0.321466	0.00269363	0.00881594	0.0888563	0.00215309	0.280654	0.0904586	0.00364253	0.00189636	0.00347088	0.00881194	0.00833469	0.0114321	0.0355306	0.00143976	0.100921
109	0.0128938	0.0071551	0.000403428	0.000619283	0.028781	0.000799438	0.00077759	0.419927	0.000652396	0.16113	0.0465728	0.000767306	0.000478987	0.00541571	0.0125119	0.00145653	0.0137562	0.274226	0.00577622	0.00589867
110	0.0348489	0.00320505	0.00338793	0.00577456	0.461834	0.00627228	0.0183202	0.0437618	0.00784837	0.123068	0.0362031	0.00653901	0.00253962	0.00833446	0.0109821	0.0243354	0.0211284	0.0434107	0.00573449	0.132472
111	0.0527564	0.00536263	0.0355734	0.180539	0.0142899	0.0368882	0.0534127	0.0179091	0.0714209	0.0464701	0.0151118	0.0321747	0.0171664	0.188955	0.0882177	0.0545944	0.047121	0.0246691	0.00383496	0.013533
112	0.0515464	0.00280656	0.0129714	0.0110151	0.00683022	0.0159387	0.00932145	0.00373981	0.0183977	0.0179412	0.00390954	0.008435	0.737635	0.0130971	0.014072	0.0359157	0.0184047	0.0124364	0.00145099	0.0041347
113	0.673755	0.00633579	0.00286305	0.00476746	0.00084535	0.16359	0.000892664	0.00079556	0.00392759	0.00390923	0.000766177	0.000813466	0.00373046	0.00081194	0.0020964	0.0988152	0.00792188	0.0189132	0.00268105	0.00176836
114	0.0614053	0.00239166	0.102695	0.33522	0.0093262	0.0345594	0.0243186	0.00788148	0.0443313	0.0283308	0.00917634	0.0299502	0.0124251	0.131106	0.0564944	0.0470722	0.0391407	0.0150462	0.00316754	0.00596131
115	0.057879	0.00219037	0.0976269	0.334176	0.00558372	0.0344325	0.0258148	0.0107434	0.0534269	0.0283366	0.00850008	0.0311369	0.0103062	0.133333	0.064531	0.0377508	0.036265	0.0197845	0.00284563	0.00533658
116	0.128001	0.0024121	0.0348516	0.0743837	0.011374	0.0888397	0.016506	0.0322453	0.0571028	0.0340033	0.0164331	0.0294741	0.00616705	0.0384151	0.0807738	0.189978	0.0928997	0.0561441	0.00425362	0.00574194
117	0.0259359	0.00233521	0.0172722	0.00713724	0.0726045	0.0317459	0.401428	0.0038393	0.0397834	0.0778861	0.00491882	0.0712855	0.00368729	0.0436811	0.0241892	0.0216213	0.0130698	0.00447539	0.00259628	0.130508
118	0.339553	0.0262846	0.00267871	0.00497956	0.0180645	0.171694	0.0215807	0.0152776	0.0103658	0.0304738	0.0356443	0.0121304	0.00207281	0.0122372	0.0377555	0.100712	0.0660435	0.0620167	0.000882204	0.0295534
119	0.085639	0.0046105	0.00626739	0.0150668	0.00500764	0.687372	0.00511708	0.00345462	0.00696595	0.00920373	0.00470897	0.00784996	0.0118509	0.00663603	0.0175104	0.0840235	0.0270883	0.00727977	0.00108684	0.00326051
120	0.673858	0.00624573	0.0028686	0.00477049	0.0008427	0.163941	0.000892156	0.000794197	0.00390822	0.0039146	0.000766539	0.000814106	0.00371493	0.000812814	0.00207629	0.0986169	0.00785052	0.0188732	0.00268332	0.00175576
121	0.0248457	0.0024057	0.00386641	0.0117319	0.0751369	0.00816761	0.0535949	0.0560808	0.0813039	0.138479	0.0370508	0.039095	0.00495267	0.047922	0.128365	0.115498	0.0687305	0.0281565	0.00304598	0.0715701
122	0.0163427	0.00771769	0.000596438	0.00108205	0.0326736	0.00113456	0.00124045	0.40082	0.00104132	0.151736	0.0607594	0.00105966	0.00057826	0.00598302	0.0134397	0.00274841	0.0170521	0.271344	0.00650043	0.00614945
123	0.0133468	0.00738022	0.0004032	0.000605426	0.0298371	0.000820067	0.000777093	0.419615	0.000641884	0.155327	0.0476297	0.000752615	0.000420376	0.00559484	0.0133544	0.00134972	0.0138811	0.275973	0.00606262	0.00622726
124	0.0244273	0.000495771	0.0450416	0.487857	0.00341636	0.0107876	0.0212054	0.00130036	0.036562	0.02812	0.00432408	0.0136029	0.000683799	0.232192	0.0662863	0.00250536	0.014136	0.00587028	0.000353811	0.000832137
125	0.092319	0.000355867	0.254091	0.282063	0.000635509	0.0748219	0.025797	0.00337375	0.0372715	0.00648753	0.000975493	0.0477384	0.00519795	0.0417554	0.0215796	0.064892	0.0320229	0.00410603	0.00135528	0.00316103
126	0.0774962	0.000808713	0.205869	0.285289	0.00197859	0.0748242	0.0259975	0.00409966	0.043259	0.0125954	0.00405873	0.0459432	0.00883633	0.0706281	0.0371818	0.0578411	0.0304592	0.0078818	0.00163249	0.00331906
127	0.246729	0.0091833	0.00767057	0.00141335	0.0156588	0.00525402	0.00817406	0.0878429	0.00187751	0.0406934	0.0121406	0.00200535	0.00340225	0.00529008	0.00194805	0.0236195	0.0228524	0.498082	0.00046394	0.00569853
128	0.016822	0.00583254	0.000527225	0.00117433	0.0414537	0.00182899	0.00326409	0.28202	0.00203201	0.282605	0.0661195	0.00215351	0.000952598	0.00510849	0.0144072	0.00396357	0.0224004	0.233398	0.00369051	0.0102466
129	0.061008	0.000405801	0.294275	0.244791	0.000737623	0.0646557	0.0339596	0.00322408	0.0460331	0.00570018	0.00271063	0.0785132	0.00972811	0.0388434	0.019282	0.0538184	0.0270482	0.00970918	0.000937806	0.00461992
130	0.0193984	0.000807964	0.368311	0.0950526	0.00141128	0.0622351	0.0497654	0.0059906	0.0442532	0.00700272	0.0115898	0.179588	0.00869442	0.024874	0.0126834	0.0655315	0.0166739	0.0170752	0.000702309	0.00835936
131	0.0718648	0.00186869	0.00485736	0.000683114	0.0144278	0.000929478	0.0042359	0.163877	0.00175349	0.0588627	0.00639089	0.00281733	0.00557724	0.00103114	0.00118987	0.0115918	0.0232684	0.621545	0.0007637	0.00246462
132	0.0943415	0.000366859	0.239644	0.28679	0.000748067	0.0753457	0.02466	0.00381827	0.0389674	0.00772358	0.00136009	0.0442727	0.00503709	0.0447334	0.0251028	0.0662762	0.0325069	0.00393592	0.00152946	0.00283956
133	0.331688	0.0246721	0.00275023	0.00504608	0.021588	0.166786	0.0223342	0.0139158	0.00969857	0.0295879	0.0371392	0.0113767	0.00215383	0.0117016	0.0370042	0.100997	0.0701733	0.06703	0.00100686	0.033351
134	0.109643	0.00728088	0.00673663	0.0127441	0.02122	0.0169959	0.0116325	0.182345	0.0115155	0.119101	0.139493	0.0142142	0.0129161	0.0130444	0.0154514	0.0720826	0.108422	0.109675	0.00250048	0.0129859
135	0.0141647	0.0114398	0.00149374	0.00253278	0.371531	0.00239399	0.00825496	0.0693391	0.00208817	0.257241	0.0849183	0.00317426	0.00160492	0.00320411	0.00780474	0.00792543	0.00812416	0.0245504	0.00140506	0.116809
136	0.671718	0.00641905	0.00286719	0.00477379	0.000854538	0.165374	0.000922792	0.000894586	0.00397892	0.00390798	0.00077415	0.000848361	0.00380839	0.000868077	0.00206941	0.0986038	0.00785671	0.0189998	0.00266426	0.00179648
137	0.0211914	0.00397553	0.000434249	0.000844612	0.0568202	0.00266428	0.00604615	0.160668	0.000638507	0.449083	0.114053	0.00296197	0.000497727	0.00487977	0.0102604	0.00538048	0.029533	0.116345	0.000219581	0.0135015
138	0.0373088	0.00294426	0.0247161	0.0200956	0.0627737	0.0216373	0.355938	0.011797	0.0347883	0.0577517	0.00795828	0.0676571	0.0116057	0.0441184	0.0392027	0.038106	0.0283131	0.0147739	0.0162315	0.102283
139	0.0153151	0.000333782	0.00212045	0.000583756	0.00876601	0.000559724	0.00149071	0.220557	0.0013601	0.0642523	0.00294334	0.00362479	0.00394788	0.000691542	0.00147386	0.00684491	0.0211179	0.641891	0.000913991	0.00121242
140	0.148058	0.000645536	0.0371975	0.0552386	0.0177133	0.0294362	0.0174515	0.0356753	0.0387866	0.043203	0.0194627	0.0462534	0.00256752	0.027689	0.0388516	0.232506	0.145315	0.0430721	0.0115969	0.0092798
141	0.0215068	0.00278794	0.000835564	0.00127967	0.0674175	0.0029553	0.0128867	0.149003	0.00663314	0.380778	0.0907603	0.00633053	0.000838814	0.0144594	0.0322926	0.0222472	0.0437179	0.0993052	0.000444049	0.0435204
142	0.0963494	0.00984062	0.0022257	0.0219685	0.00313111	0.0140794	0.0160654	0.00243633	0.00995913	0.0253389	0.00224059	0.00628864	0.587317	0.0152809	0.0444026	0.0826172	0.0359083	0.0216078	0.000634839	0.00230717
143	0.0579268	0.00958996	0.0117792	0.00875859	0.0401631	0.00794511	0.00320503	0.141833	0.00478479	0.0900935	0.0458683	0.00596976	0.00748543	0.00500138	0.00367326	0.113717	0.187233	0.251624	0.000726945	0.00262192
144	0.0589583	0.00412955	0.00130776	0.00688285	0.00110842	0.776299	0.00132854	0.00118134	0.00368355	0.0028004	0.00161917	0.00507027	0.0120436	0.00143134	0.0127612	0.0843407	0.021821	0.00185961	0.000403469	0.000969978
145	0.185847	0.00345621	0.00530796	0.0709631	0.00941658	0.0518685	0.0101732	0.0499554	0.0399141	0.0486116	0.0126997	0.00538231	0.00139142	0.0381808	0.0447979	0.116993	0.12859	0.172745	0.00151694	0.00218952
146	0.0739008	0.00261468	0.00476456	0.000710553	0.0163455	0.00106715	0.00408925	0.171213	0.00172773	0.0657074	0.00854125	0.0026285	0.0051751	0.00141184	0.00183645	0.0110426	0.0227189	0.600357	0.00125984	0.00288822
147	0.500147	0.0147765	0.00290752	0.00502138	0.00731126	0.17019	0.00745768	0.00585787	0.0068464	0.0126423	0.0122067	0.00450181	0.0035836	0.00476567	0.0181447	0.126696	0.0382698	0.0429758	0.00173611	0.013962
148	0.152231	0.00558985	0.018641	0.0264213	0.0122496	0.0339253	0.0121339	0.0579914	0.020569	0.0633952	0.0376482	0.0271691	0.0145633	0.0175901	0.019399	0.189072	0.203763	0.0677204	0.00536674	0.0145606
149	0.0396297	0.00108453	0.00430632	0.0172816	0.00472002	0.0106198	0.0268611	0.045234	0.367369	0.0292734	0.0107622	0.00893147	0.00114072	0.0333821	0.303802	0.0334964	0.0100012	0.0501414	0.000693206	0.00126984
150	0.147666	0.0197878	0.00224571	0.038405	0.00255537	0.0112904	0.0152202	0.00257752	0.0122473	0.0305433	0.00244744	0.0063672	0.445643	0.0090436	0.0513346	0.10847	0.0540031	0.0369561	0.000838086	0.002358
151	0.0913998	0.00480279	0.00521305	0.0110406	0.00311559	0.701592	0.00541007	0.00304473	0.00596647	0.00784503	0.00350379	0.00743664	0.0124089	0.00520233	0.014673	0.0833176	0.02409	0.00679218	0.000637712	0.00250738
152	0.147857	0.0166825	0.00204587	0.0375755	0.0028445	0.0100545	0.0172553	0.00280322	0.0101834	0.0317047	0.00233339	0.00595401	0.455295	0.00852484	0.0472688	0.0948989	0.0569576	0.046618	0.000823652	0.00231994
153	0.0206563	0.00405288	0.000421198	0.000823586	0.0592697	0.00262476	0.00637011	0.159498	0.000568142	0.452285	0.108059	0.00305903	0.00049634	0.00474525	0.0109201	0.00555844	0.0298723	0.115874	0.000199878	0.0146463
154	0.0428449	0.00277242	0.00490725	0.00747983	0.127018	0.00833138	0.00789859	0.0118078	0.0366352	0.235559	0.252676	0.00708677	0.00384921	0.0352024	0.0153714	0.045294	0.126334	0.0145061	0.00268556	0.0117403
155	0.528522	0.0115913	0.00557508	0.0095357	0.00303038	0.105924	0.00387112	0.00407035	0.00771103	0.00997877	0.0041105	0.0151567	0.0074354	0.00844015	0.00789377	0.193663	0.0428319	0.0253944	0.00237204	0.00289164
156	0.60391	0.0128244	0.00248922	0.00442939	0.00196345	0.181294	0.00196783	0.00146657	0.00484507	0.00494389	0.002431	0.00165336	0.00482152	0.00153508	0.00472703	0.105531	0.0264044	0.0274901	0.00204695	0.00322485
157	0.508642	0.0327437	0.00145333	0.00292317	0.00279739	0.0456039	0.00261074	0.00258319	0.00465866	0.00426948	0.00228266	0.00218031	0.00331393	0.00268879	0.00348249	0.127367	0.166205	0.0810871	0.000622342	0.00248448
158	0.0987313	0.00738901	0.00162531	0.00944031	0.00230737	0.680456	0.0023841	0.00261904	0.00528209	0.00567614	0.00340783	0.00640619	0.0108652	0.0031367	0.0157479	0.101993	0.030554	0.00883318	0.000481094	0.00266347
159	0.0845646	0.00311702	0.017181	0.0340105	0.0658997	0.0124779	0.0151	0.0739015	0.0413455	0.0729723	0.0403599	0.031583	0.00360454	0.040326	0.112596	0.132418	0.11709	0.0738406	0.0040642	0.0235481
160	0.0352917	0.00194563	0.00116036	0.00167305	0.562453	0.00196966	0.00496503	0.0292645	0.002006	0.0994344	0.0218664	0.00200406	0.00112293	0.00224116	0.00262327	0.0166613	0.0126337	0.0381173	0.00314259	0.159424
161	0.0749706	0.00132536	0.0499292	0.139752	0.0095453	0.0405275	0.0343884	0.0209653	0.0972046	0.0469062	0.0251783	0.01791	0.00335019	0.0494045	0.121837	0.103577	0.104573	0.054473	0.00159771	0.00258587
162	0.134608	0.00455214	0.00468521	0.00105808	0.0127489	0.00247429	0.00485675	0.156444	0.00174616	0.0511283	0.00790733	0.00289344	0.00403074	0.00259206	0.00173748	0.0148157	0.0217603	0.566088	0.000498462	0.00337488
163	0.0346048	0.00169014	0.00423734	0.0555998	0.00476027	0.00423811	0.0039418	0.1677	0.175104	0.066246	0.00559173	0.0147647	0.00209785	0.00628436	0.151487	0.00964276	0.172469	0.116028	0.00125268	0.00225766
164	0.0130965	0.00748394	0.000424245	0.000611292	0.029287	0.000795145	0.000660507	0.424227	0.000635766	0.14727	0.0458961	0.000715997	0.000442009	0.00561222	0.0130648	0.00131059	0.0136222	0.28263	0.00614527	0.00606958
165	0.0428507	0.00209804	0.00299237	0.0253652	0.0223813	0.00589688	0.116271	0.0408236	0.123303	0.0137531	0.00457703	0.130089	0.00397448	0.0376261	0.143059	0.102029	0.134525	0.0405799	0.00178967	0.00601327
166	0.0866733	0.0054262	0.00499443	0.0102703	0.00232544	0.68899	0.00385714	0.00300034	0.00787371	0.00532936	0.00374221	0.00864351	0.0112998	0.00502296	0.0176971	0.100712	0.0255954	0.00565348	0.000775852	0.00211763
167	0.0405831	0.00150294	0.0042372	0.028062	0.00387929	0.0445425	0.0270702	0.053704	0.351116	0.0193549	0.0102198	0.0113895	0.00108792	0.0608329	0.247499	0.0256975	0.00920704	0.0572987	0.00107806	0.00163727
168	0.114085	0.00166808	0.0499483	0.0798778	0.00408137	0.245146	0.0189946	0.00912945	0.0551638	0.0245152	0.0188032	0.0271959	0.00919222	0.0337915	0.0870316	0.141521	0.0606902	0.0131491	0.00236456	0.00365054
169	0.0593048	0.00411793	0.00133972	0.00687189	0.00113548	0.775989	0.00132925	0.00117669	0.0036811	0.00276388	0.00161935	0.00507004	0.0120791	0.00143092	0.0127499	0.0842953	0.0217858	0.00186236	0.000426495	0.000971298
170	0.0837092	0.00357942	0.085272	0.0425597	0.0120346	0.066287	0.154954	0.0102265	0.0612762	0.109927	0.0427669	0.0244554	0.0390981	0.0275316	0.0805563	0.0847544	0.0384018	0.0190258	0.00383972	0.00974436
171	0.436147	0.00491337	0.00232614	0.00638872	0.000974236	0.401581	0.0010721	0.000994685	0.00370905	0.00371142	0.00110737	0.00243793	0.00630957	0.00117388	0.00667942	0.0935444	0.0127892	0.0110065	0.0018375	0.00129593
172	0.660557	0.00694844	0.00396327	0.00569964	0.00116764	0.160758	0.00119206	0.00125584	0.00434109	0.00439725	0.00121766	0.00113471	0.00397586	0.000946882	0.00282266	0.10133	0.0108216	0.0226975	0.00253393	0.00223827
173	0.0152516	0.000262266	0.00212601	0.000580859	0.00846812	0.00055784	0.00148199	0.219962	0.00137279	0.0633321	0.00259516	0.0036105	0.00396178	0.000658389	0.00135	0.00688911	0.0211405	0.644422	0.000840805	0.00113605
174	0.0534662	0.00179745	0.00412737	0.000768607	0.0147189	0.00141922	0.00406135	0.162832	0.00205786	0.0898692	0.0100758	0.00333237	0.00793077	0.00126346	0.00185784	0.0102328	0.0225214	0.603636	0.00127704	0.00275441
175	0.122912	0.0186649	0.00403284	0.00477526	0.00769455	0.0305601	0.00422386	0.109511	0.00387567	0.0596367	0.063804	0.01001	0.0479873	0.00435464	0.00311389	0.0652422	0.261319	0.172472	0.000751379	0.00505844
176	0.480759	0.023386	0.0014805	0.00351939	0.00270841	0.0407839	0.00256491	0.00851977	0.00455288	0.00730659	0.00412533	0.0024672	0.00429596	0.00307928	0.00352439	0.110461	0.199887	0.0935963	0.000703565	0.00227825
177	0.397882	0.0332812	0.00154665	0.00287684	0.00239645	0.0317395	0.00225099	0.0021595	0.00429386	0.00539046	0.00187734	0.0254968	0.00889257	0.00988927	0.00256241	0.347833	0.0833648	0.0340642	0.000633644	0.00156873
178	0.192642	0.00311385	0.00490317	0.00725921	0.0355344	0.0136874	0.0236894	0.00774626	0.0074341	0.12239	0.0389679	0.053912	0.0210591	0.0316685	0.00791366	0.305482	0.106574	0.00902982	0.00227191	0.00472104
179	0.114205	0.0120046	0.00580069	0.00468343	0.013076	0.0239101	0.00299335	0.125909	0.00356154	0.0646906	0.0531098	0.00776961	0.0304982	0.00386264	0.00256277	0.0804041	0.266978	0.17948	0.000517095	0.00398286
180	0.0187888	0.000331396	0.00239798	0.000565305	0.00895536	0.000568411	0.00163305	0.214965	0.00140377	0.0627511	0.00293746	0.0035527	0.0042735	0.000665208	0.00135289	0.00726753	0.0214823	0.644023	0.000847273	0.00123778
181	0.0156908	0.00865842	0.000546328	0.000781396	0.0325386	0.00113064	0.00124811	0.378924	0.000774407	0.182243	0.0548096	0.00115269	0.000534435	0.00705579	0.0125379	0.00316468	0.0189082	0.267068	0.00590941	0.00632379
182	0.240534	0.0156629	0.00179534	0.0032196	0.00322547	0.0238243	0.0040781	0.00264894	0.00259533	0.0151978	0.00442487	0.0693568	0.0166881	0.0253662	0.00350413	0.494172	0.0669952	0.00406372	0.000807355	0.00183889
183	0.0858333	0.00740939	0.00852034	0.0161374	0.0928881	0.0216663	0.0179227	0.0787358	0.0135227	0.271812	0.0784045	0.0122767	0.00786586	0.0183367	0.0205804	0.0523094	0.0871527	0.0807749	0.0049355	0.0229151
184	0.0572582	0.00998465	0.0222443	0.0321556	0.0375733	0.0308015	0.0560924	0.0272026	0.0315868	0.0573902	0.0220283	0.031799	0.118685	0.144668	0.0351488	0.0657302	0.0655401	0.0346986	0.010933	0.108479
185	0.0416049	0.00294205	0.00320496	0.00499288	0.00439722	0.0547797	0.166706	0.00495549	0.0427251	0.0408462	0.0196044	0.112076	0.0440574	0.240011	0.00644852	0.136819	0.0606397	0.00733394	0.00148313	0.00437281
186	0.0123869	0.00686212	0.000441017	0.000682949	0.0298461	0.00106767	0.00116175	0.409931	0.000652793	0.190335	0.0488538	0.000932905	0.0004734	0.00515372	0.011851	0.00182547	0.0150943	0.251265	0.00520924	0.00597418
187	0.0154884	0.000307724	0.0021339	0.000581058	0.00859553	0.000557352	0.00149076	0.219367	0.00137757	0.0633516	0.00260612	0.00360377	0.00395461	0.000651397	0.00135637	0.00688759	0.0212006	0.64448	0.000864669	0.00114456
188	0.238799	0.0174027	0.00163519	0.00312689	0.00305643	0.0213749	0.00386767	0.00251236	0.00223715	0.0131607	0.00407972	0.0637671	0.016366	0.0226763	0.00319002	0.515009	0.0613183	0.00378275	0.000673734	0.00196401
189	0.081491	0.0080837	0.0180114	0.104359	0.00851663	0.0450689	0.032914	0.0150382	0.14195	0.0318373	0.012325	0.0178383	0.00447118	0.128598	0.232279	0.0462688	0.0352665	0.0256819	0.00392221	0.00607849
190	0.0403	0.00272737	0.0334208	0.349914	0.0111276	0.0162927	0.0347512	0.00883338	0.0542726	0.0637558	0.00902866	0.0138724	0.00270275	0.187303	0.0738886	0.0244883	0.0501102	0.0170253	0.00164988	0.00453511
191	0.0831536	0.0094388	0.0112569	0.00612504	0.0284034	0.0129429	0.0027215	0.141906	0.00373933	0.0787752	0.0514495	0.0057377	0.0156448	0.00437453	0.00206412	0.0999472	0.226811	0.211992	0.00048399	0.0030316
