475	20
1	0.0576833	0.0192081	0.0057298	0.0132961	0.0129044	0.0160308	0.0332469	0.164149	0.0235572	0.0901887	0.0591986	0.0328605	0.00121316	0.0493211	0.0149835	0.102616	0.16468	0.131197	0.00016168	0.00777407
2	0.0152072	0.0131126	0.00947778	0.0316077	0.00317572	0.014591	0.0148584	0.0105138	0.267443	0.033046	0.00300961	0.0258458	0.0211076	0.0619527	0.364905	0.0542263	0.0332349	0.0126078	0.000331636	0.0097457
3	0.0175647	0.0184998	0.00107442	0.00895021	0.0548102	0.00362576	0.00328252	0.0602256	0.00765994	0.670829	0.0694732	0.00736119	0.00109645	0.00403489	0.00257132	0.0120808	0.0117976	0.0379949	0.000157523	0.00691043
4	0.0107598	0.0101004	0.00642766	0.025921	0.0017933	0.0121137	0.0151674	0.00996957	0.286167	0.0340021	0.0030004	0.0193213	0.0143329	0.0695621	0.389441	0.0391559	0.03049	0.0128706	0.000107014	0.00929715
5	0.0204905	0.000788491	0.402411	0.369498	0.00418232	0.0134663	0.0138783	0.00354389	0.0144065	0.00425585	0.000737286	0.038485	0.0125611	0.0337473	0.00683678	0.0417431	0.0118683	0.00352729	7.80772e-05	0.00349462
6	0.0126983	0.010964	0.00053683	0.0037086	0.0652935	0.00211221	0.00502204	0.153561	0.00367462	0.526382	0.099758	0.00556881	0.00170646	0.00797314	0.00146937	0.0096258	0.0106088	0.0701357	0.000150719	0.00905025
7	0.0340595	0.0127099	0.0026261	0.0071023	0.0167555	0.00349878	0.00735573	0.307048	0.00870581	0.182854	0.0545685	0.00767319	0.00534791	0.0100257	0.00528543	0.0230094	0.0407709	0.263825	0.000396136	0.00638204
8	0.0130379	0.0093304	0.00930675	0.0296164	0.00170303	0.0128097	0.0181061	0.00927944	0.286913	0.0322492	0.00322603	0.0235753	0.0113234	0.0703675	0.376631	0.0396616	0.0320503	0.0115323	0.000129047	0.00915158
9	0.126867	0.00661265	0.0190979	0.0436529	0.00336432	0.054837	0.0170322	0.012168	0.0686707	0.0443031	0.00820699	0.125996	0.00705957	0.0969714	0.0312128	0.186566	0.123435	0.0192105	0.000253673	0.00448237
10	0.0165584	0.00174696	0.000922394	0.00203502	0.00189368	0.000985421	0.00166906	0.353195	0.00415015	0.017715	0.00470036	0.00148687	0.0023757	0.00428128	0.000766712	0.00654218	0.0201062	0.556141	0.000147593	0.00258101
11	0.0135605	0.00743418	0.00738486	0.0221305	0.00155099	0.0102738	0.0172438	0.00847216	0.357494	0.0259571	0.00761496	0.0197059	0.00803576	0.0564368	0.352059	0.0344993	0.0306002	0.0118491	0.000137519	0.00755895
12	0.524251	0.0231537	0.00799774	0.0224818	0.00279864	0.141845	0.00137479	0.00531927	0.00674687	0.00202032	0.0046608	0.0141656	0.00391728	0.0135244	0.000996729	0.179509	0.0398769	0.00313863	0.000145735	0.0020762
13	0.255207	0.234915	0.00759847	0.0237149	0.00218693	0.0175771	0.00667129	0.0118189	0.0047373	0.00866007	0.004649	0.0146228	0.00403939	0.00630354	0.00613369	0.231323	0.119226	0.0366552	0.000430592	0.00352887
14	0.0116119	0.00314275	0.00111064	0.0075174	0.000982057	0.00388412	0.0119948	0.00642229	0.548762	0.0148793	0.0155155	0.0105229	0.0021528	0.0296725	0.276572	0.0212748	0.0205038	0.0108943	0.000157837	0.00242706
15	0.122843	0.0355425	0.0195125	0.0238116	0.00843504	0.0283568	0.0164784	0.0747875	0.0337062	0.0473168	0.0237908	0.0540908	0.0167994	0.0329228	0.0284894	0.136753	0.205184	0.0812728	0.00106434	0.00884255
16	0.115583	0.0123601	0.00657869	0.0169669	0.012336	0.0122605	0.0207278	0.196493	0.0218891	0.0812971	0.0686254	0.0260284	0.0168239	0.0704034	0.0164924	0.0623065	0.149334	0.0822703	0.000767706	0.0104554
17	0.500021	0.0249776	0.00813032	0.0243061	0.00303765	0.144509	0.00231074	0.00525077	0.00963099	0.0039995	0.00486917	0.0181343	0.00662345	0.0197392	0.00212085	0.17648	0.0383671	0.00445764	0.00016768	0.00286819
18	0.0186148	0.00110234	0.356027	0.443758	0.00374027	0.0130329	0.0111808	0.00375996	0.0120748	0.00403652	0.00109904	0.0308454	0.00998101	0.0333009	0.00636249	0.0341828	0.010106	0.00358395	0.000123835	0.00308658
19	0.031659	0.00282141	0.295618	0.381329	0.00731992	0.0190996	0.0170315	0.0068996	0.0232215	0.0107866	0.00396752	0.0384585	0.014134	0.0439351	0.0129312	0.0510078	0.0224308	0.0097686	0.000610197	0.00697034
20	0.0227369	0.00706031	0.0127803	0.0274305	0.00178196	0.0132308	0.0300746	0.00871801	0.331839	0.0212973	0.00875897	0.0292705	0.00659436	0.0629337	0.314076	0.0434161	0.0376339	0.0112983	0.000187492	0.00888134
21	0.464371	0.0154549	0.0273217	0.0540587	0.00301671	0.126343	0.00434543	0.0107764	0.00638315	0.00371725	0.00482871	0.015683	0.00427332	0.0109901	0.00378886	0.169806	0.0649066	0.00509195	0.000233546	0.00460982
22	0.0482712	0.0226986	0.000897777	0.00667759	0.0139696	0.00233011	0.00475707	0.272114	0.00552624	0.183689	0.0528734	0.00363278	0.00344486	0.00735588	0.000794384	0.0223434	0.0479172	0.292976	0.000715385	0.00701591
23	0.0156477	0.00150457	0.000906207	0.00200478	0.00164457	0.00100273	0.00165219	0.373707	0.00381036	0.0187757	0.00438966	0.00144995	0.00234165	0.00426813	0.00078218	0.00625972	0.0201384	0.537291	0.00014165	0.0022819
24	0.0821307	0.00932004	0.0333168	0.0375983	0.00550326	0.0449762	0.0436362	0.0103957	0.0986729	0.040425	0.0110593	0.120129	0.00652693	0.0998157	0.0769552	0.136059	0.109228	0.0237767	0.000314998	0.0101601
25	0.0113504	0.00453076	0.00196394	0.0103808	0.00116875	0.00557035	0.0133789	0.00710813	0.497024	0.0181823	0.0127948	0.0114643	0.00381468	0.0369074	0.30295	0.0231485	0.0239075	0.0104039	0.000133611	0.00381687
26	0.437455	0.0274433	0.0093714	0.0155306	0.00340619	0.0837349	0.00484038	0.0255116	0.00888568	0.0131057	0.00848992	0.0190791	0.0127027	0.0138157	0.00466195	0.195983	0.0760022	0.0348925	0.000617898	0.00447053
27	0.0523626	0.00455534	0.129588	0.125377	0.0141259	0.0213235	0.0277076	0.0241052	0.036436	0.110906	0.0389684	0.0629306	0.0130521	0.149217	0.0107943	0.085377	0.0172951	0.0600682	0.000350886	0.0154604
28	0.0134443	0.0103897	0.000567222	0.00326531	0.0300071	0.00106694	0.00612003	0.276861	0.00273889	0.370364	0.0946903	0.00414416	0.00328947	0.0102246	0.000877792	0.00967339	0.0151071	0.139257	0.000141422	0.0077694
29	0.0189693	0.00946863	0.0112809	0.0283855	0.00284024	0.0130898	0.0212311	0.00915436	0.302644	0.0285318	0.0067585	0.0255981	0.0112622	0.0630537	0.34655	0.0422678	0.0365685	0.013085	0.000222079	0.0090392
30	0.0950571	0.0145552	0.0574604	0.0969697	0.00216241	0.0166578	0.00922041	0.00591605	0.0491374	0.011994	0.0105078	0.0742309	0.0121026	0.0282288	0.0212015	0.230456	0.242666	0.00933528	0.00457811	0.00756236
31	0.115776	0.00907426	0.0127547	0.0107513	0.00258528	0.0812136	0.0208452	0.00807773	0.0197037	0.0260809	0.00938472	0.0634105	0.00519875	0.0212096	0.0161423	0.4516	0.110754	0.00788068	0.000790407	0.00676681
32	0.0106687	0.00747983	0.000757789	0.0043429	0.101455	0.00117577	0.00947746	0.231498	0.00213457	0.350013	0.114559	0.00355936	0.00249617	0.0121024	0.00200324	0.0113902	0.0135719	0.100276	0.000148601	0.0208893
33	0.0185999	0.0109365	0.0142889	0.0272595	0.00319417	0.0130081	0.0134867	0.0144477	0.241078	0.0375766	0.0036437	0.0397223	0.0276652	0.0558326	0.360789	0.0622583	0.0301849	0.0128177	0.000483341	0.0127265
34	0.0193877	0.000670982	0.407338	0.368961	0.00422672	0.0132895	0.0131988	0.00358106	0.0139573	0.00424686	0.000723084	0.0385911	0.0126674	0.0331344	0.00659864	0.0411823	0.0113704	0.00336682	7.64922e-05	0.00343231
35	0.0836669	0.00448969	0.0780717	0.105704	0.0031374	0.125176	0.0297186	0.00589871	0.0295396	0.02639	0.0102904	0.128467	0.0950559	0.0667318	0.0135946	0.11593	0.0457618	0.0243848	0.00031299	0.00767853
36	0.012538	0.00667492	0.00581161	0.0195382	0.00160321	0.00895392	0.0144774	0.00841291	0.39053	0.0239097	0.00860768	0.0179778	0.00784118	0.0504739	0.336324	0.0354005	0.028791	0.0154443	0.000125816	0.0065637
37	0.0939172	0.0437598	0.0156681	0.0222985	0.0121566	0.024194	0.127755	0.0153402	0.090942	0.036793	0.0131836	0.037909	0.065436	0.101384	0.0844834	0.0761602	0.0642168	0.0267544	0.00122082	0.0464279
38	0.0293283	0.00739159	0.0198818	0.0353141	0.00156656	0.0169869	0.0410933	0.00858536	0.276386	0.0193782	0.00806347	0.0418244	0.00670701	0.0749738	0.292939	0.0524629	0.0452522	0.0105648	0.000147727	0.0111527
39	0.0207148	0.0141935	0.153096	0.0651097	0.00590378	0.0257506	0.0548295	0.00949026	0.0165936	0.0147889	0.00504745	0.306055	0.00534939	0.047602	0.0064824	0.175265	0.0540234	0.0133548	0.00025065	0.00609838
40	0.0174206	0.0132619	0.000472271	0.00600368	0.0160867	0.000537521	0.00437428	0.321781	0.00530288	0.206795	0.0624054	0.00220676	0.00362941	0.00638161	0.000410155	0.00970373	0.0286139	0.28899	0.000162207	0.00546055
41	0.1989	0.0169989	0.0233505	0.0405247	0.0099611	0.0413273	0.0241077	0.0603284	0.0411339	0.0574377	0.0586876	0.039733	0.0448049	0.0913588	0.0212887	0.0928431	0.0758291	0.0494365	0.00105575	0.0108924
42	0.0203731	0.00553912	0.01122	0.027305	0.00315761	0.010022	0.0181595	0.0110312	0.421202	0.0291397	0.012949	0.0232528	0.00746188	0.0466628	0.259781	0.0385757	0.0329614	0.0136999	0.000408021	0.00709894
43	0.026901	0.0143694	0.00199738	0.00590912	0.0277354	0.00245052	0.00615647	0.213411	0.00475017	0.37907	0.0743153	0.00623778	0.00270202	0.00968415	0.00200851	0.0169928	0.0263501	0.171686	0.000430894	0.00684178
44	0.0111208	0.00979915	0.000559077	0.00195838	0.033263	0.000808299	0.00685978	0.243171	0.0017859	0.428026	0.112823	0.0037983	0.00253886	0.0108575	0.000892057	0.0078536	0.0113522	0.104552	7.13988e-05	0.00790996
45	0.0181627	0.0171555	0.00187405	0.00522438	0.371229	0.00188692	0.00919596	0.0253527	0.00255654	0.0489705	0.0168186	0.00380551	0.00181988	0.00276449	0.00364985	0.012059	0.0178831	0.00732336	0.0396183	0.39265
46	0.010863	0.00959882	0.000391528	0.00202666	0.0301668	0.000548093	0.00695584	0.278096	0.00156818	0.373961	0.114054	0.00327048	0.00264449	0.0118368	0.000414063	0.00749181	0.0105258	0.127426	9.35269e-05	0.0080665
47	0.0489849	0.0145373	0.0621877	0.0316746	0.0371427	0.0371048	0.127732	0.010454	0.0317142	0.0464502	0.0109793	0.113808	0.00859997	0.126775	0.04377	0.100341	0.0360983	0.0314924	0.00112427	0.0790293
48	0.039039	0.0157851	0.00156599	0.00558713	0.0365748	0.00326608	0.00878645	0.192932	0.00596505	0.351543	0.103206	0.00970998	0.00223211	0.0123054	0.00279112	0.0234081	0.0499545	0.125769	0.000313974	0.00926547
49	0.0134195	0.0127983	0.00102861	0.00427669	0.0435356	0.0025479	0.00383841	0.114904	0.00425668	0.616002	0.0960539	0.00655834	0.00155174	0.00612715	0.00161681	0.00922191	0.0090331	0.0472736	0.000102921	0.00585248
50	0.18461	0.0170896	0.0392719	0.0438905	0.00839	0.164505	0.0247946	0.0192609	0.0335156	0.0246938	0.0135535	0.0678619	0.0269547	0.0396971	0.0251175	0.159791	0.0699573	0.0249315	0.000665771	0.0114487
51	0.0146111	0.00516935	0.0109642	0.0167931	0.240728	0.00208871	0.0997608	0.00748358	0.00659731	0.0134834	0.00341594	0.020231	0.00526285	0.00350296	0.00219505	0.0267138	0.00998444	0.0189646	0.000604962	0.491445
52	0.140555	0.00675162	0.0269646	0.0618061	0.00636221	0.0408637	0.0169964	0.0158624	0.037974	0.0312771	0.0115119	0.0776965	0.242046	0.044576	0.0541657	0.092718	0.0473116	0.0367055	0.000725484	0.00712983
53	0.317941	0.042236	0.00751836	0.0125494	0.00368793	0.0475314	0.00730239	0.0344559	0.0113127	0.014914	0.00963756	0.0235967	0.0146998	0.0157011	0.00553577	0.175207	0.192218	0.0583231	0.000724317	0.00490728
54	0.0485434	0.0130307	0.123818	0.109462	0.0143021	0.0281206	0.0802067	0.014901	0.0465997	0.0452967	0.0154696	0.0748658	0.0181207	0.14712	0.0392912	0.0805656	0.0414791	0.0345564	0.000811899	0.0234385
55	0.0182608	0.0174261	0.00180093	0.00519394	0.37424	0.00190236	0.007548	0.0263975	0.00250853	0.0505571	0.0173554	0.00347011	0.00176616	0.00279916	0.00371164	0.0119274	0.0181377	0.00722416	0.0403815	0.387391
56	0.516185	0.0253695	0.00729876	0.0182757	0.00292866	0.140165	0.00152973	0.00864817	0.00723414	0.0026513	0.00509769	0.0130824	0.00451524	0.0129275	0.00139763	0.175028	0.0452724	0.00984454	0.000152756	0.00239682
57	0.0771539	0.01568	0.0524382	0.0732853	0.0101036	0.0324752	0.0329299	0.0290158	0.0778495	0.0547817	0.0203796	0.0573367	0.0284521	0.169698	0.0654521	0.0949618	0.0555167	0.0385409	0.000823373	0.0131258
58	0.00912298	0.00949097	0.000437491	0.0011475	0.0320165	0.000502525	0.00679432	0.263702	0.000792795	0.399332	0.140976	0.0035064	0.00291019	0.0126483	0.000450089	0.0065823	0.00670668	0.0947057	7.30918e-05	0.00810175
59	0.0363405	0.00633149	0.287618	0.367705	0.00699617	0.019777	0.0166349	0.00949281	0.0247081	0.0134395	0.00496071	0.0384045	0.0124543	0.0429951	0.0166488	0.0519011	0.0261181	0.0105747	0.000310397	0.00658903
60	0.234567	0.16903	0.00519566	0.012588	0.00294932	0.0191366	0.00636132	0.0372859	0.0107887	0.0241563	0.00950877	0.0136434	0.00494168	0.011782	0.00686442	0.132004	0.218519	0.0755678	0.000793787	0.00431616
61	0.0157802	0.0116087	0.000474845	0.00265103	0.0298337	0.000855029	0.0062906	0.250454	0.00234284	0.386483	0.102889	0.00358762	0.0027216	0.0102377	0.000555608	0.00932103	0.0149096	0.141223	0.000115991	0.00766474
62	0.042103	0.00572851	0.0246586	0.041895	0.00262625	0.0175392	0.0395307	0.00872451	0.311665	0.0121638	0.0112502	0.0511327	0.00475389	0.0637029	0.220428	0.0615038	0.0599398	0.0112099	0.000430318	0.00901337
63	0.0272918	0.0147126	0.00335317	0.00847638	0.0452237	0.00458552	0.00664259	0.110758	0.00845342	0.541393	0.0830188	0.00934627	0.00294294	0.0117838	0.0033681	0.0241582	0.023022	0.062301	0.000334334	0.00883466
64	0.0758759	0.0222049	0.000831645	0.00564994	0.0103118	0.00208674	0.00354793	0.286608	0.00436865	0.130354	0.0474732	0.00381392	0.00355156	0.00390142	0.0010225	0.026493	0.0777234	0.286223	0.000671551	0.00728774
65	0.372062	0.0408743	0.00421741	0.00500544	0.00229385	0.0318669	0.00347045	0.0532447	0.00567853	0.0154604	0.00867014	0.0143575	0.00520482	0.00790262	0.00293106	0.167035	0.161342	0.0946404	0.000721369	0.00302187
66	0.1211	0.00831132	0.0130121	0.0214859	0.00343268	0.0786986	0.0219658	0.00949893	0.0270962	0.0253604	0.00937993	0.0605053	0.00809542	0.037889	0.0197559	0.395829	0.118705	0.0119891	0.000832181	0.00705709
67	0.10087	0.00338232	0.00443955	0.0101586	0.00191571	0.0767127	0.0352272	0.00450183	0.0113328	0.00766612	0.0111138	0.0731816	0.350568	0.041571	0.00419242	0.168434	0.0631805	0.0232087	0.000355333	0.00798805
68	0.0439015	0.00413869	0.0332433	0.0521498	0.000615328	0.0204034	0.0430891	0.00947769	0.271432	0.00692807	0.011491	0.0604271	0.00295051	0.0722215	0.20395	0.0744882	0.067404	0.0104306	0.000118313	0.011139
69	0.0180538	0.0144443	0.00352191	0.0063975	0.351186	0.00172971	0.0264088	0.0184712	0.00321038	0.0374214	0.013177	0.00677107	0.00250605	0.00233979	0.00271333	0.013857	0.0146467	0.00934461	0.0295596	0.42424
70	0.145379	0.00508307	0.0227826	0.0161867	0.0044472	0.0660286	0.0116737	0.0280683	0.0183896	0.029925	0.0248961	0.0860411	0.0411792	0.0345915	0.00720321	0.222259	0.180897	0.049584	0.000256969	0.00512769
71	0.0270667	0.00200274	0.355868	0.353709	0.00709035	0.0140158	0.0195535	0.00451586	0.0186346	0.00695428	0.00204255	0.0431491	0.016031	0.040556	0.00861487	0.0481425	0.0188938	0.00815684	0.000105935	0.00489686
72	0.029413	0.00656541	0.0154737	0.0300257	0.00353427	0.0143028	0.0361114	0.0107023	0.381032	0.0194833	0.0135425	0.0347292	0.00755456	0.0530583	0.231628	0.0486035	0.0414088	0.0140577	0.000573685	0.00820023
73	0.0272806	0.0114401	0.0140887	0.0349686	0.00466166	0.0162999	0.0183443	0.0124234	0.226821	0.0372927	0.00508158	0.0306081	0.0447704	0.066113	0.331016	0.0515799	0.0365968	0.0175883	0.00082733	0.0121974
74	0.0173253	0.0138014	0.000522802	0.00664161	0.0137438	0.000585711	0.00420762	0.342146	0.00574767	0.175438	0.0555124	0.00209398	0.00386827	0.00543319	0.000410006	0.0103044	0.0314829	0.305539	0.000138582	0.00505694
75	0.121397	0.00865463	0.0327751	0.0479635	0.00588146	0.123773	0.0242166	0.0115307	0.0253222	0.0224021	0.0131215	0.0586751	0.205261	0.0490977	0.0170404	0.135428	0.0607135	0.0282159	0.000624751	0.00790713
76	0.0170172	0.0060074	0.0111708	0.0151269	0.238268	0.00460174	0.0957298	0.00851382	0.00838509	0.0160686	0.00488823	0.0218521	0.00562194	0.00751351	0.00455738	0.0305575	0.013061	0.0206984	0.00210716	0.468254
77	0.0410914	0.017902	0.00799222	0.0138898	0.0436023	0.0120583	0.00999837	0.0852795	0.0154702	0.469955	0.0636148	0.0223344	0.00723335	0.0199481	0.00875017	0.0522869	0.0379431	0.0586224	0.000742344	0.0112851
78	0.524532	0.0254426	0.00641446	0.0175584	0.0027177	0.140705	0.00122734	0.00724411	0.00680899	0.00215942	0.00499377	0.0127182	0.00489238	0.012659	0.000902708	0.178747	0.0410813	0.00702964	0.000165469	0.00200145
79	0.139436	0.0297949	0.00188508	0.00480206	0.0113997	0.00365667	0.00548628	0.168829	0.00387525	0.137819	0.0705561	0.00746466	0.00209052	0.00802841	0.00233403	0.0454071	0.130984	0.215436	0.000890287	0.00982503
80	0.106719	0.0470391	0.0103713	0.0136086	0.00704849	0.0543257	0.0187565	0.0945431	0.0242709	0.0495009	0.0523374	0.0365089	0.00695573	0.0327087	0.0166211	0.175909	0.164298	0.0778447	0.00084352	0.00978892
81	0.0119262	0.0104423	0.00039821	0.00147885	0.0326818	0.000571457	0.00733686	0.25151	0.00127425	0.421206	0.119168	0.0035091	0.0024915	0.0135455	0.000467135	0.00813213	0.00780867	0.0973779	8.09668e-05	0.00859293
82	0.0175349	0.0143857	0.0010147	0.00548765	0.0456527	0.00367715	0.00418664	0.10736	0.00600571	0.608483	0.0760183	0.00901666	0.00132265	0.00628396	0.00254456	0.0129224	0.0130521	0.0590826	0.00024086	0.00572785
83	0.0152099	0.0127152	0.000763681	0.00456885	0.0613373	0.00288955	0.00446045	0.120508	0.00454856	0.575275	0.0816158	0.00610814	0.00140856	0.00623279	0.00176489	0.0108269	0.011764	0.0653961	0.000553737	0.0120531
84	0.0226702	0.0153229	0.134464	0.0378144	0.00577854	0.0258435	0.0639641	0.0104136	0.0183223	0.0120513	0.0035561	0.320387	0.00431113	0.035098	0.00767309	0.193433	0.0676254	0.0132385	0.000246654	0.00778601
85	0.0330483	0.00280202	0.298063	0.357574	0.00511866	0.0165956	0.0215232	0.00572134	0.0329328	0.00780097	0.00359	0.0434578	0.0120346	0.0432509	0.0251607	0.0525126	0.0244722	0.00882359	0.000234157	0.0052836
86	0.0438753	0.0040078	0.0350505	0.0511974	0.000840227	0.0209185	0.0434916	0.00924314	0.265454	0.0076684	0.0114228	0.0656805	0.00242823	0.0746692	0.20044	0.0748413	0.0668861	0.0104611	0.000123254	0.0113013
87	0.0934185	0.0125505	0.0306728	0.0627869	0.0049769	0.037217	0.0294852	0.0121869	0.0589347	0.0253195	0.0095891	0.057603	0.0534381	0.104337	0.0366557	0.190172	0.153112	0.0191176	0.00110768	0.00731949
88	0.0186795	0.00078665	0.372973	0.424265	0.00373153	0.0133422	0.0115113	0.00366103	0.0126246	0.00403833	0.00097366	0.0325401	0.0105708	0.0322035	0.00614318	0.0353018	0.0100705	0.00327062	0.000107301	0.00320551
89	0.105693	0.0237363	0.00316485	0.00598276	0.00790651	0.00522255	0.00543662	0.231088	0.00495398	0.0747782	0.0340286	0.00759705	0.00490744	0.00771127	0.00251167	0.0513701	0.11088	0.304766	0.00110195	0.00716304
90	0.0636456	0.016813	0.00915398	0.0152186	0.0166424	0.0190645	0.0370164	0.148303	0.0232142	0.129833	0.0534201	0.035905	0.00531056	0.040593	0.0137589	0.104	0.135604	0.119241	0.000618455	0.0126437
91	0.085882	0.0178413	0.0015079	0.00542627	0.0162419	0.00226469	0.00875315	0.211621	0.00632678	0.137327	0.090442	0.00910033	0.00247048	0.00689668	0.00226081	0.0303519	0.119514	0.237062	0.0004663	0.00824349
92	0.0128043	0.0127114	0.000541138	0.00391223	0.0447629	0.00241427	0.00367224	0.118517	0.00430188	0.613163	0.096841	0.0060302	0.00143873	0.0058548	0.0014759	0.00868173	0.0079421	0.0491601	0.000118703	0.00565656
93	0.120968	0.0292988	0.00105364	0.00415236	0.0104089	0.00223973	0.00302636	0.22001	0.00299487	0.116261	0.0557766	0.00407673	0.00277645	0.00386041	0.00122832	0.0377774	0.101781	0.271942	0.000717589	0.00964981
94	0.0804361	0.0150849	0.0262407	0.0639518	0.0136468	0.022797	0.0244949	0.115284	0.0431068	0.0507931	0.0293852	0.0389056	0.0143448	0.0750432	0.0273372	0.0938014	0.176769	0.0696314	0.000748762	0.0181977
95	0.0647097	0.0129356	0.0650448	0.0355141	0.00486834	0.0788121	0.0404683	0.0103658	0.0304773	0.0198536	0.0094711	0.236926	0.0104319	0.0369647	0.0159417	0.229082	0.0760328	0.0136717	0.000530132	0.00789762
96	0.118942	0.190071	0.0112627	0.0201552	0.00645677	0.0582275	0.0447554	0.0150503	0.0169676	0.0197688	0.0116031	0.0365127	0.00879853	0.0143727	0.0381987	0.250958	0.102134	0.0249034	0.00132078	0.00954035
97	0.00916725	0.00904854	0.000369942	0.00108875	0.0327997	0.000462366	0.00716006	0.267774	0.000671318	0.407143	0.126329	0.00323083	0.00257028	0.0128695	0.000410795	0.00673688	0.00599733	0.0975546	7.71876e-05	0.00853811
98	0.0369491	0.00747515	0.243517	0.208664	0.0300106	0.0235534	0.0302381	0.0134383	0.045424	0.0290188	0.0114316	0.0634988	0.0191426	0.0621503	0.0227548	0.073374	0.0319264	0.0238798	0.000360388	0.0231929
99	0.00950042	0.0104803	0.000395435	0.0025292	0.0376531	0.00157248	0.00477725	0.171673	0.00207544	0.558639	0.0996994	0.00504465	0.00182322	0.00810372	0.000956946	0.00696644	0.00568288	0.0662784	7.29579e-05	0.00607585
100	0.0426628	0.00383378	0.0466234	0.0665908	0.0131375	0.0955438	0.0335035	0.002599	0.0540172	0.0325181	0.0193815	0.266034	0.00231818	0.0716743	0.0364028	0.146514	0.0504795	0.00683832	0.000243554	0.00908422
101	0.0132357	0.0180577	0.119783	0.0191635	0.00388966	0.0224844	0.0667694	0.00921404	0.0106274	0.00743019	0.00142562	0.38746	0.00128936	0.0303793	0.0015571	0.212714	0.0607239	0.00851795	0.000212319	0.00506521
102	0.033499	0.0202771	0.0236038	0.0113033	0.00333734	0.0233862	0.00885741	0.00695263	0.0412292	0.0104751	0.00486955	0.0423256	0.150344	0.117036	0.0366025	0.253725	0.196763	0.00988703	0.00090878	0.00461754
103	0.0597631	0.00570882	0.0579656	0.0251045	0.0120047	0.0153049	0.0150324	0.0680786	0.0136995	0.0345889	0.0163918	0.236812	0.00853154	0.0142367	0.0171296	0.163369	0.136647	0.0920988	0.000662714	0.00686918
104	0.0776892	0.013874	0.0162137	0.0256759	0.00739804	0.0179164	0.0791931	0.0525778	0.1109	0.0347218	0.0447523	0.0606102	0.105593	0.175373	0.018455	0.0509366	0.0403473	0.0527795	0.00104935	0.0139443
105	0.0124877	0.00616235	0.00890696	0.0127707	0.258688	0.00183024	0.0922826	0.00696256	0.00638253	0.0124884	0.00351027	0.0191818	0.00549056	0.0023428	0.00181331	0.0242963	0.00840003	0.0202515	0.0017585	0.493993
106	0.0165235	0.00132434	0.000911047	0.0018404	0.0016819	0.00101356	0.00160838	0.353639	0.0040633	0.0139271	0.00358156	0.00145892	0.00237897	0.00429325	0.000782533	0.00642085	0.0196426	0.562236	0.000145453	0.00252662
107	0.151174	0.0420768	0.00515415	0.0213536	0.00603157	0.018784	0.00944175	0.117942	0.0244966	0.0615573	0.0129367	0.0303222	0.003635	0.0466006	0.00702365	0.126494	0.120211	0.18381	0.00246862	0.00848636
108	0.209253	0.018471	0.013945	0.0208676	0.00347501	0.116781	0.0167501	0.00818667	0.0152449	0.0160083	0.0157577	0.0483629	0.00748032	0.016611	0.0110857	0.364602	0.0806803	0.00983213	0.000572041	0.00603375
109	0.0525523	0.0161654	0.00823622	0.0159489	0.016903	0.0136665	0.0326586	0.153658	0.020902	0.15412	0.0580893	0.0317426	0.00286549	0.0475873	0.0125576	0.090968	0.134733	0.127025	0.000324359	0.00929604
110	0.517524	0.0238052	0.00652563	0.0185026	0.00283638	0.14609	0.00145578	0.00463773	0.00918423	0.00258927	0.00480908	0.0147096	0.00415927	0.0158218	0.00139494	0.183153	0.0371732	0.00342702	0.000142651	0.00205835
111	0.0152264	0.0150675	0.000539433	0.00567469	0.0494116	0.00307008	0.0029294	0.0777409	0.00585781	0.670815	0.0734785	0.00686073	0.000844281	0.00404465	0.00174781	0.010344	0.00930121	0.0416042	9.24154e-05	0.00534963
112	0.125941	0.0367003	0.00233308	0.00615792	0.0071738	0.00688825	0.00835435	0.155342	0.00871778	0.0878827	0.070338	0.0117529	0.00204013	0.0162985	0.0072468	0.0676263	0.179184	0.190068	0.000588654	0.0093666
113	0.482567	0.0381315	0.00241851	0.00574359	0.00125786	0.0480306	0.00130313	0.0419717	0.00317632	0.00458905	0.00964929	0.00576922	0.00229238	0.00452139	0.00101127	0.140115	0.139473	0.0658638	0.000143296	0.00197307
114	0.0108153	0.00969175	0.000445519	0.00238758	0.046146	0.00111748	0.0063257	0.22008	0.00188009	0.463689	0.106176	0.00407616	0.00205318	0.0108259	0.00102753	0.0080042	0.0075871	0.0879456	9.61168e-05	0.00962945
115	0.463305	0.0224147	0.00695918	0.0187873	0.00345288	0.154878	0.00293466	0.00572029	0.0135577	0.00592016	0.00579012	0.0231575	0.00531609	0.0211107	0.00297992	0.190645	0.0446612	0.00595354	0.000192502	0.00226351
116	0.0777579	0.0186689	0.0613557	0.0689216	0.00200017	0.0244728	0.019793	0.00748728	0.0524999	0.0124499	0.00945657	0.150709	0.00986225	0.032077	0.0185629	0.232197	0.18188	0.0114697	0.00238196	0.00599674
117	0.016849	0.0126843	0.000468592	0.0061776	0.0146571	0.000533632	0.00429742	0.342153	0.00538537	0.19134	0.0593823	0.00218139	0.00371161	0.00628429	0.000394362	0.0100283	0.0300297	0.288114	0.000131042	0.00519677
118	0.507016	0.0277809	0.00658026	0.0176741	0.00319639	0.15895	0.00130599	0.00468433	0.0072888	0.0019906	0.00461112	0.013374	0.00455654	0.0130623	0.00107471	0.184317	0.0367284	0.00358359	0.000147062	0.00207806
119	0.0868328	0.0137592	0.0206497	0.0213607	0.00310447	0.0850599	0.0195442	0.0102466	0.038733	0.019422	0.0112362	0.0749071	0.00730159	0.024508	0.0170834	0.354997	0.167297	0.0143474	0.00127312	0.00833632
120	0.10276	0.003336	0.00464183	0.0100891	0.00204454	0.0778812	0.0345545	0.00479556	0.0119758	0.00784894	0.0116967	0.0731456	0.343266	0.0413616	0.00412408	0.16821	0.0658605	0.0237847	0.000376809	0.00824585
121	0.0366011	0.00377579	0.296888	0.360014	0.00626023	0.0146002	0.026517	0.00441347	0.0246277	0.00816311	0.00239553	0.0424892	0.0123599	0.0487739	0.0135481	0.0538989	0.0262584	0.012605	0.000181291	0.00563004
122	0.0165456	0.00141089	0.000904402	0.00187593	0.00174659	0.00101121	0.00160149	0.353237	0.00407346	0.0148372	0.00389971	0.00146844	0.00238665	0.0043065	0.000777167	0.00644704	0.0196891	0.561073	0.000144817	0.0025631
123	0.0593337	0.00549673	0.165486	0.191275	0.0144466	0.0308796	0.026429	0.0143594	0.0307507	0.0840526	0.0310745	0.045403	0.018484	0.124426	0.00944787	0.0688026	0.0232665	0.0432977	0.000628228	0.0126597
124	0.043656	0.00398257	0.0324888	0.0513106	0.000596892	0.01932	0.0416959	0.0100038	0.279544	0.00699463	0.0111584	0.0584119	0.0030455	0.0706752	0.205174	0.0741015	0.0661655	0.0106948	0.000135345	0.0108441
125	0.013151	0.0152006	0.000706519	0.00212078	0.0326193	0.00090572	0.0103944	0.250592	0.00143799	0.402126	0.118788	0.00422006	0.0030172	0.0143471	0.000634228	0.00979258	0.00922503	0.101404	9.01861e-05	0.00922677
126	0.00888932	0.0095118	0.000455063	0.00119671	0.0325309	0.000507273	0.00696694	0.262397	0.000761378	0.39971	0.143654	0.00351223	0.00313677	0.0128485	0.00045173	0.00675706	0.00647259	0.0917405	7.97337e-05	0.00842178
127	0.0607238	0.0167305	0.0347042	0.0178771	0.00954163	0.0468829	0.101611	0.00674201	0.112425	0.0716373	0.0099609	0.0734837	0.00471289	0.14275	0.115257	0.0821395	0.0320137	0.0354687	0.000312504	0.0250257
128	0.227688	0.00602226	0.0181446	0.0283112	0.0103582	0.0334551	0.00544574	0.0103556	0.0164214	0.00800095	0.0156566	0.0386476	0.300595	0.0254816	0.012143	0.118261	0.0799023	0.0424498	0.00026954	0.00239081
129	0.0131057	0.00542494	0.00997842	0.0140865	0.250346	0.00189853	0.0955434	0.00697225	0.0064604	0.0124585	0.00305397	0.0204095	0.00534439	0.00280061	0.00180891	0.0258737	0.00880793	0.0197125	0.000641425	0.495273
130	0.0186363	0.0130912	0.000515481	0.00772101	0.0108001	0.00053987	0.00367551	0.355535	0.00638781	0.1533	0.0449192	0.00200716	0.00422022	0.00443984	0.000403389	0.0108549	0.0358371	0.322227	0.000149076	0.00473944
131	0.010296	0.00522916	0.0027523	0.0131721	0.00119871	0.00635382	0.0113937	0.00789425	0.454752	0.0210008	0.0112073	0.0136284	0.00576194	0.0419459	0.320521	0.0288972	0.0237205	0.0155874	0.000136285	0.00455085
132	0.0133168	0.00466073	0.00409515	0.0138377	0.00114702	0.0067583	0.0177205	0.00674435	0.475276	0.0174525	0.0121395	0.0152543	0.00404206	0.0414308	0.301272	0.0262617	0.0244607	0.00952479	0.000140495	0.00446521
133	0.0437007	0.0112589	0.0131871	0.028416	0.00576401	0.0158682	0.0225603	0.0578709	0.26915	0.0470472	0.0214989	0.0323904	0.0125761	0.0852688	0.163852	0.0576523	0.0623157	0.0405527	0.000511024	0.00855829
134	0.358959	0.0426371	0.00636825	0.00987888	0.00394259	0.0407182	0.00444225	0.0597144	0.00801337	0.0242072	0.0133446	0.0154361	0.00924979	0.0124782	0.00510399	0.144735	0.134806	0.100298	0.00101676	0.00465082
135	0.224229	0.0389932	0.00261579	0.00513599	0.00620828	0.012513	0.00408903	0.161948	0.00442232	0.0683482	0.0293603	0.00805803	0.00983295	0.00593907	0.00259223	0.0780674	0.141411	0.187886	0.00105727	0.00729268
136	0.0129329	0.0100997	0.000403408	0.00147984	0.0321672	0.000597342	0.00755852	0.256368	0.00134781	0.413641	0.117587	0.00354917	0.00249015	0.0140412	0.000560762	0.00886825	0.00840979	0.0989331	0.00010007	0.00886507
137	0.409075	0.0937599	0.00144567	0.00360607	0.0010962	0.0295613	0.00178123	0.0457335	0.00244378	0.00654462	0.00768265	0.00418126	0.00185026	0.00286198	0.00150265	0.134827	0.171174	0.0789842	0.000197651	0.00169154
138	0.528992	0.0295076	0.00628229	0.0145797	0.00221438	0.109866	0.00115348	0.0102139	0.00542658	0.00223066	0.00699562	0.0119371	0.00338708	0.00997473	0.000944859	0.189651	0.0504071	0.0136645	0.000142864	0.00242907
139	0.147517	0.0435906	0.00143017	0.00387675	0.0130623	0.00550882	0.00325634	0.177914	0.00223233	0.111578	0.0423347	0.00558759	0.00189359	0.00412926	0.00136944	0.0585359	0.110814	0.249557	0.00182723	0.0139843
140	0.0114124	0.0128353	0.00636263	0.023996	0.00202279	0.0127798	0.0186774	0.00942978	0.275417	0.0375996	0.00248953	0.0198509	0.0115969	0.0777375	0.393416	0.0358825	0.026739	0.0126475	0.000162476	0.00894496
141	0.0193966	0.0149537	0.000583636	0.00738717	0.0124653	0.00060037	0.00406191	0.342124	0.00639444	0.154349	0.0484751	0.0020254	0.00394994	0.00452813	0.000438252	0.0109617	0.0350567	0.327184	0.000151202	0.00491206
142	0.0190404	0.0147032	0.000516691	0.00744829	0.0118736	0.000575927	0.00390439	0.336376	0.00653952	0.156651	0.047404	0.00198495	0.00403333	0.00468299	0.000426485	0.0108689	0.034249	0.333751	0.000147168	0.00482267
143	0.0087382	0.00946784	0.00568913	0.0244314	0.00173154	0.0118602	0.0149131	0.00894063	0.289194	0.0340356	0.00260927	0.017788	0.0118747	0.0692894	0.40419	0.0353231	0.0282376	0.011529	9.78127e-05	0.0100597
144	0.0128168	0.0034497	0.00229521	0.0103759	0.000999966	0.00477147	0.0140205	0.00648597	0.527107	0.0153205	0.0151864	0.0124289	0.00244809	0.0333824	0.279278	0.0234011	0.0224063	0.0104971	0.000157745	0.00317129
145	0.0701426	0.118343	0.0302815	0.0543724	0.0104451	0.0125242	0.0118976	0.147069	0.0126106	0.0858248	0.0217357	0.0167299	0.00694188	0.0198921	0.0083187	0.0535061	0.08845	0.218104	0.00288676	0.00992473
146	0.0954285	0.00456669	0.0149382	0.0250364	0.00305205	0.0814423	0.0373469	0.00546201	0.0160924	0.014495	0.0110676	0.0771739	0.307264	0.0510124	0.00781613	0.157048	0.0591977	0.0227475	0.000355724	0.00845634
147	0.0193639	0.000671038	0.406949	0.369671	0.00421555	0.0132809	0.0131654	0.00361147	0.0139252	0.00423203	0.000727385	0.0385174	0.0126317	0.0331043	0.0066015	0.0411135	0.011349	0.00336833	7.68518e-05	0.00342497
148	0.0288505	0.0180088	0.000867893	0.00715739	0.0591267	0.00299595	0.00768427	0.0853481	0.0110342	0.574778	0.0831281	0.00795955	0.002031	0.0085607	0.00171078	0.0197503	0.0179852	0.0498609	0.000156659	0.0130053
149	0.104383	0.03396	0.00649765	0.0209861	0.0115877	0.0173998	0.0171713	0.161336	0.0136986	0.0930267	0.0384455	0.0203968	0.00136552	0.0324075	0.00832683	0.103333	0.124954	0.177328	0.00135372	0.0120432
150	0.019325	0.000723515	0.406033	0.368864	0.00426665	0.0134434	0.0132961	0.00358533	0.0139892	0.00423646	0.000822281	0.0386664	0.0132135	0.0330833	0.00657369	0.0416441	0.0113735	0.0033593	7.6078e-05	0.00342572
151	0.0305321	0.00576456	0.04105	0.0473835	0.00821064	0.0219064	0.0341837	0.173427	0.0275493	0.0922815	0.0752175	0.096552	0.00558557	0.0516457	0.0069544	0.0639455	0.0641561	0.135362	0.000581999	0.0177108
152	0.0182354	0.0169039	0.00191565	0.00539033	0.371508	0.00180925	0.00883294	0.0268217	0.0025089	0.0510347	0.01783	0.00349705	0.00177112	0.00271267	0.00379084	0.0119033	0.0179536	0.00779665	0.0387618	0.389023
153	0.0211295	0.0127009	0.000543634	0.0088409	0.0121317	0.000538158	0.005276	0.316683	0.00823159	0.167783	0.0525883	0.00262573	0.00408922	0.00422837	0.000429167	0.012186	0.0400722	0.32415	0.000158929	0.00561365
154	0.156836	0.00655491	0.0104984	0.0426491	0.00378079	0.0602962	0.01439	0.0165288	0.0523009	0.0472573	0.00622214	0.0859404	0.0144975	0.0751411	0.0193293	0.221298	0.140187	0.0217348	0.000251196	0.00430648
155	0.0148924	0.0145833	0.000576714	0.00533753	0.0529614	0.00330901	0.00262737	0.0643653	0.00579296	0.691894	0.0723793	0.00740671	0.00069906	0.00334056	0.00187033	0.0100054	0.00898376	0.0338387	8.32531e-05	0.00505312
156	0.00870575	0.00916761	0.000337051	0.00127628	0.0331022	0.000599165	0.00681114	0.249903	0.000680635	0.441054	0.11828	0.00339445	0.00241848	0.0118965	0.000494876	0.00648838	0.00548363	0.0917914	6.69764e-05	0.00804812
157	0.0739821	0.0069785	0.0432767	0.0489262	0.00491149	0.0631586	0.0250634	0.00436201	0.0727403	0.0214631	0.0156853	0.173583	0.00527265	0.0635098	0.0347603	0.22501	0.102015	0.0107359	0.000254122	0.00431252
158	0.019374	0.000720334	0.407208	0.368971	0.00422977	0.0132886	0.0132077	0.0035729	0.0139541	0.00424127	0.000723333	0.0385556	0.012711	0.0331251	0.00659514	0.0412565	0.0113826	0.00336538	7.64922e-05	0.00344116
159	0.0169372	0.0121166	0.00058259	0.00507129	0.0271617	0.000768356	0.00552128	0.305182	0.00435975	0.243791	0.0782338	0.00273533	0.00328231	0.0077267	0.000577214	0.0101968	0.0260498	0.242317	0.000145149	0.00724389
160	0.0133041	0.00978453	0.000753815	0.00199222	0.0322095	0.000950512	0.00877405	0.253744	0.00239733	0.399149	0.114913	0.00520125	0.00262736	0.0165813	0.000920538	0.0106733	0.0110271	0.105602	7.8002e-05	0.0093172
161	0.0102217	0.00895046	0.00041845	0.00163397	0.033026	0.000529961	0.00817793	0.263718	0.00125796	0.40668	0.118861	0.00361402	0.00260591	0.0132081	0.000395113	0.00827819	0.00730607	0.101336	9.13526e-05	0.00969011
162	0.497497	0.0297576	0.00651689	0.0170326	0.00323369	0.152517	0.00148178	0.00570902	0.00675185	0.00233592	0.00462216	0.0129938	0.00528754	0.0122502	0.00131507	0.187638	0.0445855	0.00622628	0.000151814	0.00209579
163	0.446307	0.0446509	0.00115115	0.00153141	0.00100235	0.0349119	0.00124195	0.0537769	0.00226645	0.00561327	0.00851606	0.00334517	0.00208515	0.00232894	0.00103898	0.13149	0.170885	0.0860796	0.000154249	0.00162302
164	0.0238065	0.0159362	0.000556324	0.0074445	0.011328	0.00063406	0.00366992	0.319063	0.00668977	0.161588	0.0460368	0.00200466	0.00415626	0.00468206	0.000441461	0.0114387	0.0366686	0.338648	0.000249974	0.00495663
165	0.0967853	0.0314322	0.0049916	0.0140723	0.00382247	0.0309196	0.016101	0.0944507	0.0505046	0.057174	0.0184725	0.0307615	0.00297265	0.0759615	0.0196771	0.153948	0.212967	0.0788185	0.00034435	0.00582326
166	0.0160696	0.0140844	0.000990156	0.00672306	0.0966508	0.00351268	0.00462668	0.0653135	0.00589132	0.603633	0.0688899	0.00681398	0.00158594	0.0046719	0.00274706	0.012561	0.0125031	0.0360472	0.00273709	0.033948
167	0.155024	0.0350665	0.00122714	0.00304267	0.00904041	0.0027418	0.00283177	0.179758	0.00164918	0.103246	0.06828	0.00520843	0.00227348	0.00342532	0.00166379	0.042354	0.126985	0.244792	0.000914076	0.0104763
168	0.0597533	0.00956621	0.00547519	0.0235903	0.0174438	0.00921909	0.0159966	0.212681	0.0366168	0.0610143	0.0525261	0.0180364	0.00380581	0.0504192	0.0432216	0.0594576	0.233575	0.070115	0.000604679	0.0168818
169	0.073517	0.00923353	0.121378	0.359764	0.00705704	0.0185739	0.0458315	0.00390642	0.0408093	0.00896956	0.00287662	0.047719	0.00975269	0.0661707	0.0216095	0.0884596	0.0480808	0.0166395	0.000197995	0.00945382
170	0.009208	0.00948674	0.000410118	0.00108304	0.032095	0.000501562	0.00689137	0.264764	0.000687922	0.402953	0.137958	0.00338216	0.00280376	0.0126932	0.000438232	0.00658436	0.00615795	0.0936002	7.02604e-05	0.00823066
171	0.108625	0.0418869	0.0025137	0.00706293	0.0122683	0.00617449	0.00950778	0.20232	0.00517608	0.12781	0.0522707	0.00809965	0.00256655	0.00920168	0.00235437	0.0500271	0.0909889	0.249508	0.00128597	0.0103522
172	0.0835028	0.00668024	0.0371965	0.0345644	0.00263431	0.0645153	0.0143874	0.03977	0.056165	0.0442298	0.0311729	0.0836402	0.0561238	0.0671044	0.0121533	0.140068	0.166114	0.0490697	0.000315989	0.0105919
173	0.00920114	0.00990627	0.000456835	0.00224751	0.0352747	0.00144768	0.00518719	0.194609	0.00157088	0.523017	0.111272	0.00437285	0.002119	0.00899379	0.000783188	0.00664957	0.00570639	0.0705577	7.43335e-05	0.00655332
174	0.0214243	0.0156824	0.000516618	0.00759639	0.0114746	0.000671363	0.0038034	0.321005	0.00686333	0.16497	0.0470491	0.0020753	0.00415771	0.00480622	0.000436561	0.0110295	0.0352816	0.336152	0.000239394	0.00476483
175	0.0262073	0.00580945	0.0172451	0.0333433	0.0010303	0.0162806	0.0340736	0.00807571	0.293913	0.0176676	0.00752125	0.0373606	0.00567425	0.0686045	0.312079	0.0503327	0.0438347	0.00926032	0.000105875	0.0115812
176	0.0527231	0.0135008	0.00718978	0.0144012	0.0149138	0.0135073	0.0364088	0.182711	0.0211154	0.093759	0.0637476	0.0369303	0.00126954	0.0462913	0.0148844	0.0904512	0.140672	0.147407	0.000192236	0.00792387
177	0.0103044	0.0108872	0.000430415	0.00334408	0.0413392	0.00200807	0.00419995	0.143153	0.00287203	0.597271	0.0917556	0.00535076	0.00153713	0.00663662	0.00116827	0.00767956	0.00626738	0.0578079	6.77273e-05	0.00592037
178	0.0114266	0.00298765	0.0010191	0.0072688	0.000976948	0.00390122	0.0121484	0.00617218	0.548206	0.0146482	0.0156852	0.0107554	0.00213556	0.0292965	0.278596	0.02117	0.0199175	0.010922	0.000162301	0.00260389
179	0.0972465	0.00549871	0.0359049	0.0359699	0.0042651	0.0702352	0.0211174	0.00807404	0.0534058	0.0282471	0.0164728	0.160156	0.00878872	0.0641017	0.0259326	0.232357	0.111471	0.0162151	0.00022719	0.00431323
180	0.0180279	0.0153511	0.000536564	0.00434722	0.0439585	0.00295148	0.00344699	0.104272	0.00475426	0.626647	0.0759767	0.00730379	0.0010644	0.00542636	0.00147996	0.0112133	0.0111127	0.0567314	0.000128871	0.0052693
181	0.147887	0.0454705	0.00148952	0.00427584	0.0121232	0.00768585	0.0033296	0.174767	0.0027991	0.109636	0.0348472	0.00699315	0.00205172	0.00465125	0.00135249	0.069021	0.109567	0.246409	0.00214079	0.0135028
182	0.0501141	0.0159135	0.00700973	0.0126948	0.0112858	0.0142675	0.0293723	0.140165	0.0217609	0.0831355	0.0585743	0.0463742	0.00273838	0.0497447	0.0239443	0.108595	0.193541	0.118815	0.000298147	0.0116554
183	0.131579	0.0102655	0.0138768	0.011955	0.0041831	0.082722	0.0207329	0.0120322	0.0147781	0.0207356	0.0194067	0.069127	0.018539	0.0197426	0.015001	0.348158	0.157864	0.0236187	0.000626905	0.00505563
184	0.21271	0.00808148	0.0166666	0.0268866	0.00647353	0.0400907	0.00830801	0.0120947	0.0237038	0.0124278	0.0122818	0.0469457	0.253382	0.0260751	0.0101142	0.15081	0.0829324	0.0463126	0.00035888	0.00334433
185	0.0181449	0.000795999	0.365836	0.435544	0.00369367	0.0133268	0.0111214	0.00370419	0.0124161	0.00399685	0.00104308	0.0315229	0.0102855	0.0317405	0.00618672	0.0342986	0.00983776	0.00330555	0.00010886	0.00308982
186	0.0130386	0.00567404	0.00949436	0.0136391	0.252977	0.00189701	0.0940483	0.00717755	0.00623867	0.0128668	0.00335477	0.0191819	0.00513848	0.00252176	0.00185793	0.0243236	0.00902303	0.0192459	0.00165928	0.496642
187	0.0368319	0.00946613	0.20129	0.104501	0.0126222	0.020225	0.0296449	0.0288051	0.0179533	0.0310509	0.00907632	0.166253	0.0116599	0.0392606	0.0123389	0.121949	0.0725765	0.0646994	0.000717259	0.00907812
188	0.0165221	0.00138477	0.000909743	0.00187765	0.00177702	0.00101011	0.0016141	0.353194	0.0040628	0.0146703	0.00383735	0.00147025	0.00238736	0.00430988	0.000777448	0.00644285	0.0196896	0.561361	0.000144423	0.00255697
189	0.0910949	0.0222445	0.0189077	0.00497764	0.00143111	0.111884	0.0346809	0.00939481	0.0176162	0.0240219	0.0115118	0.0960821	0.0021511	0.00811342	0.014124	0.415953	0.100025	0.006377	0.000403285	0.00900566
190	0.0667649	0.0100128	0.0429471	0.059609	0.00857378	0.132329	0.0321943	0.012743	0.0882173	0.0265944	0.0137387	0.147959	0.0156816	0.0577495	0.0511147	0.135295	0.0714338	0.0155293	0.000613416	0.0108996
191	0.0183569	0.0142153	0.00059174	0.00733052	0.0121128	0.000623598	0.00426998	0.344356	0.00621953	0.147651	0.0463715	0.00202172	0.00389102	0.0045211	0.000436561	0.0106572	0.0338116	0.337645	0.00015249	0.00476372
