270	20
1	0.042007	0.00110096	0.273008	0.331377	0.00127238	0.021729	0.00784914	0.00354448	0.0386549	0.0070592	0.00320949	0.0490699	0.0118658	0.0598818	0.0196568	0.0584316	0.0576721	0.00951936	0.000356147	0.00273556
2	0.00976944	0.00801619	0.00221292	0.00249158	0.286191	0.0144278	0.0434594	0.00216356	0.00291375	0.0551042	0.0129956	0.00335631	0.0058927	0.00293255	0.0033571	0.00493726	0.0106109	0.0159936	0.000319038	0.512855
3	0.0106393	0.00841644	0.00252227	0.00281344	0.283027	0.0142431	0.0432135	0.00394433	0.00357071	0.0569788	0.0138522	0.00371034	0.0061351	0.0032622	0.00451244	0.005875	0.0112523	0.0169887	0.0003861	0.504657
4	0.0894756	0.000524866	0.243686	0.227044	0.00116405	0.0503524	0.00806969	0.00211442	0.0479587	0.00919733	0.00151168	0.0545151	0.0268205	0.0648204	0.0221001	0.0912751	0.0523265	0.00529672	0.000306075	0.00144132
5	0.050915	0.00435024	0.00318723	0.00484369	0.00883094	0.00249132	0.00190284	0.179539	0.0135467	0.126128	0.0174543	0.0248696	0.00781492	0.00527354	0.0482094	0.0113026	0.225289	0.261548	0.000540827	0.00196298
6	0.0298365	0.0863798	0.00725458	0.012758	0.0549784	0.00865184	0.0133888	0.145746	0.0180726	0.281654	0.0519709	0.0126293	0.00880637	0.0176243	0.0260247	0.0266923	0.0278608	0.127003	0.0020923	0.0405752
7	0.0215372	0.00247201	0.0517624	0.030376	0.0032604	0.49032	0.0240246	0.00394355	0.0290007	0.00273297	0.00221583	0.120641	0.00149623	0.0351008	0.059717	0.0858271	0.0161797	0.00959871	0.000340462	0.00945367
8	0.0228845	0.000770301	0.00100294	0.00159242	0.0073672	0.000730403	0.00055414	0.27767	0.00195369	0.0542172	0.00774573	0.00143908	0.000630646	0.00188461	0.00204517	0.00793583	0.0156607	0.591029	0.00012616	0.00276
9	0.157077	0.00559683	0.0499918	0.0306369	0.00207511	0.056632	0.00685507	0.00885633	0.0587447	0.0167017	0.00553159	0.0336088	0.159525	0.0338372	0.0320578	0.285555	0.0361474	0.0131898	0.000607086	0.00677188
10	0.00367471	0.00108323	0.00199251	0.00884722	0.00097176	0.00171169	0.00157734	0.00211516	0.156899	0.00861387	0.00482438	0.0023347	0.0105227	0.0166069	0.761444	0.00865139	0.00379828	0.00278161	0.000359889	0.00118969
11	0.0619265	0.00172563	0.172738	0.0468915	0.00400499	0.0781732	0.0183481	0.00432528	0.0229516	0.0162085	0.00970244	0.195806	0.00222125	0.0138872	0.0216289	0.19441	0.122366	0.00344516	0.000322365	0.00891714
12	0.615701	0.00742148	0.00672102	0.00475964	0.00199823	0.0299939	0.00231274	0.00476531	0.0053227	0.00634127	0.00704395	0.0129132	0.00435822	0.00617303	0.00616939	0.198945	0.0342174	0.0421242	0.000606889	0.00211187
13	0.0833436	0.000438581	0.100808	0.200404	0.00406877	0.0247502	0.0157825	0.0117879	0.13377	0.0432694	0.0157975	0.0544142	0.00942972	0.0612194	0.0899528	0.084212	0.0465004	0.012593	0.00504994	0.00240785
14	0.0296982	0.000741568	0.269427	0.408188	0.000763252	0.0134479	0.00355238	0.00354644	0.0320284	0.0043641	0.00305735	0.0339063	0.00550457	0.0582026	0.014925	0.03971	0.0661765	0.0100139	0.000157638	0.00258877
15	0.0117507	0.00397811	0.00111188	0.00125731	0.0275379	0.000677511	0.000676726	0.274564	0.00198546	0.363086	0.0555857	0.00123362	0.000864948	0.00457458	0.00462118	0.00278666	0.00940186	0.227688	0.000213876	0.0064039
16	0.027927	0.00302892	0.011697	0.0512588	0.00218511	0.00642767	0.0110532	0.0110328	0.290385	0.0310261	0.0119754	0.0269252	0.00611502	0.0988537	0.312005	0.0344829	0.0417805	0.018254	0.00058966	0.00299654
17	0.161475	0.0263543	0.0160675	0.0292616	0.0039008	0.00685341	0.0211278	0.00487364	0.119607	0.00484647	0.0061143	0.0529531	0.0114546	0.0635352	0.119387	0.188485	0.144003	0.0124411	0.000486787	0.00677217
18	0.616645	0.00801251	0.00753969	0.00591099	0.0019667	0.0292083	0.00267971	0.00489652	0.00693379	0.00644391	0.006772	0.0126898	0.00646619	0.00676368	0.00783422	0.194198	0.032591	0.0395811	0.00065062	0.00221628
19	0.00978568	0.00825554	0.00223475	0.00276734	0.285325	0.0143173	0.0435026	0.00303148	0.00309652	0.0559109	0.0131297	0.00339554	0.00582937	0.00298165	0.00374757	0.00534622	0.0107309	0.016576	0.00031487	0.509721
20	0.0155971	0.00337325	0.00846078	0.0315204	0.00301053	0.00605877	0.00990671	0.00891044	0.148807	0.0295711	0.021745	0.0132468	0.00765945	0.0586981	0.568877	0.0191081	0.0254585	0.0169205	0.000523353	0.00254714
21	0.0503777	0.00444726	0.0164734	0.0250338	0.00145058	0.00471601	0.00336785	0.0217924	0.444032	0.00665972	0.00192017	0.0644315	0.0014845	0.0534155	0.174038	0.0729841	0.0428628	0.00745227	0.000373205	0.00268672
22	0.0516123	0.00428398	0.0153282	0.0303265	0.0113806	0.00720759	0.0100691	0.0963054	0.125085	0.180189	0.085612	0.0159655	0.00702297	0.0778469	0.063958	0.0332167	0.0516737	0.124938	0.00115247	0.00682512
23	0.450197	0.0121954	0.0177042	0.0169437	0.0023628	0.0276295	0.00545281	0.0113843	0.0228832	0.00876629	0.0132531	0.0229683	0.0149036	0.0205604	0.0251255	0.178024	0.103845	0.0415748	0.000795801	0.00342911
24	0.0146141	0.00216347	0.0067355	0.013635	0.00132354	0.00318431	0.00284406	0.00631279	0.233253	0.0087991	0.00416428	0.0162958	0.00811753	0.0244489	0.604242	0.0271161	0.0156732	0.00462079	0.000460033	0.00199694
25	0.00969582	0.00832462	0.00222063	0.00264968	0.285324	0.0144428	0.0434852	0.00263779	0.00306535	0.055942	0.0132056	0.0034933	0.0058584	0.00298805	0.00355438	0.00515678	0.010664	0.0164293	0.000316584	0.510546
26	0.0547625	0.0143323	0.0800469	0.0591735	0.0196758	0.0608604	0.108007	0.0207398	0.0604121	0.03007	0.0148212	0.0793168	0.0240804	0.0482991	0.0691798	0.140647	0.0604158	0.0287571	0.00318592	0.0232166
27	0.196325	0.0595372	0.0111736	0.0122204	0.00303985	0.0165466	0.0037365	0.0145491	0.0362558	0.0186174	0.00567218	0.0126516	0.389007	0.0120104	0.0211848	0.116563	0.0264385	0.0377759	0.00110717	0.00558783
28	0.0346924	0.0147769	0.302736	0.0666356	0.0501465	0.0205802	0.0390049	0.0141517	0.0346575	0.0256177	0.0147024	0.131046	0.0116575	0.0254001	0.0380609	0.083609	0.0516167	0.0208629	0.00242223	0.0176231
29	0.0197417	0.0078294	0.00221302	0.00444375	0.035046	0.00101943	0.00123098	0.22965	0.0096321	0.330556	0.0704766	0.00295686	0.000975609	0.0111722	0.0109498	0.00654878	0.0201881	0.226266	0.000254565	0.00884855
30	0.0320707	0.0633719	0.0771337	0.0295797	0.108104	0.0166929	0.0388582	0.0422153	0.0319735	0.062077	0.0239732	0.142817	0.00966403	0.0251662	0.04402	0.069116	0.0430994	0.0440062	0.00294279	0.0931184
31	0.379177	0.00535489	0.0429741	0.0164383	0.00278307	0.0591926	0.00634844	0.00686334	0.0174282	0.00858628	0.00823345	0.0682222	0.00863927	0.0143972	0.0179169	0.219321	0.0848824	0.0282731	0.000446655	0.00452159
32	0.0451537	0.000627618	0.245684	0.36369	0.000761949	0.0174423	0.00530282	0.00346127	0.0437473	0.00870646	0.00309367	0.0369447	0.0102966	0.0767984	0.0180333	0.0469761	0.0602435	0.0101529	0.00044299	0.00244093
33	0.0200592	0.00066359	0.266918	0.440531	0.000664861	0.00854061	0.00339933	0.00292472	0.0306885	0.00428693	0.00338262	0.0309655	0.00149072	0.0638617	0.0143755	0.0308725	0.0621972	0.01123	0.000130663	0.00281676
34	0.0233077	0.00159571	0.0116154	0.0931287	0.00281318	0.00556579	0.00787133	0.00738037	0.388016	0.0295516	0.00883205	0.0173377	0.00485404	0.118687	0.184004	0.0244405	0.0534043	0.0144085	0.000441993	0.0027445
35	0.0121337	0.0093827	0.00246181	0.00462996	0.282329	0.0138858	0.0420137	0.00888049	0.0042236	0.0641683	0.0153037	0.00482829	0.0063671	0.00405119	0.00665822	0.0081081	0.0120344	0.0202774	0.000340172	0.477922
36	0.0432001	0.00348381	0.0338113	0.0837317	0.00477518	0.0134875	0.0120869	0.0181104	0.306572	0.0261959	0.0123188	0.040229	0.0110187	0.100426	0.14637	0.060668	0.0547817	0.0214196	0.00122438	0.00608925
37	0.0685187	0.000403453	0.192148	0.287277	0.00180062	0.0233198	0.00922852	0.00482842	0.0759276	0.0228774	0.00654942	0.0435593	0.0123219	0.080357	0.0440054	0.0642987	0.0501739	0.00877887	0.00178541	0.00184131
38	0.0125624	0.00405878	0.00115392	0.00145683	0.0307307	0.000721863	0.000672569	0.265465	0.00217504	0.373929	0.0583068	0.0013738	0.000806964	0.00489176	0.00496439	0.00272564	0.00968339	0.216849	0.000195047	0.00727676
39	0.0590748	0.00301721	0.0981139	0.0246523	0.00368985	0.100491	0.0114026	0.00915896	0.0181171	0.0124996	0.00754261	0.158851	0.00598669	0.0152118	0.0201932	0.307904	0.129486	0.00664037	0.000881255	0.00708583
40	0.102676	0.00342982	0.0615739	0.144681	0.00335638	0.0178872	0.0201924	0.00806142	0.104129	0.0220693	0.0118754	0.0659957	0.0162135	0.0621421	0.0990592	0.133716	0.101412	0.0133456	0.00247035	0.00571317
41	0.47194	0.0107258	0.0112484	0.0140627	0.00493909	0.0309505	0.00553826	0.0264188	0.0208483	0.0221741	0.0139161	0.0160011	0.0333435	0.0146256	0.0203804	0.137893	0.0563252	0.0838994	0.0008123	0.00395745
42	0.0377031	0.0110281	0.0699287	0.0280059	0.0195324	0.0595604	0.0243922	0.0264272	0.0350221	0.0331463	0.0286784	0.243867	0.0108666	0.0428119	0.0413224	0.0846321	0.0577725	0.0341205	0.00262057	0.108561
43	0.0271762	0.000683549	0.266815	0.415024	0.000717174	0.0122678	0.00384224	0.0029562	0.0332644	0.00504932	0.00301224	0.0329683	0.00457229	0.0659854	0.0145096	0.0374592	0.0600738	0.0108695	0.000181241	0.00257249
44	0.0230111	0.00051589	0.000867205	0.00133133	0.00715497	0.000721367	0.000475697	0.285378	0.0011283	0.0432816	0.00525623	0.000996663	0.000580634	0.00117314	0.00128788	0.00712645	0.0131355	0.603784	0.000144594	0.00264959
45	0.0218445	0.00733295	0.00603275	0.0108649	0.0443577	0.00333855	0.00508379	0.200692	0.0150175	0.345018	0.0627676	0.00823384	0.00513604	0.0150639	0.0209378	0.0143272	0.0197293	0.177837	0.00068783	0.0156966
46	0.116258	0.0120524	0.0347833	0.0404966	0.00375891	0.0221002	0.0101502	0.0144739	0.0948213	0.0112268	0.0169869	0.0504566	0.032263	0.0401623	0.0636223	0.212069	0.181452	0.0360458	0.000710928	0.00610889
47	0.0114233	0.0130206	0.456246	0.0473171	0.00733058	0.00786501	0.0616696	0.00350924	0.0072351	0.00422813	0.00292048	0.244299	0.003122	0.00702978	0.00811897	0.0668042	0.0394254	0.00496993	0.000421685	0.00304397
48	0.0791779	0.000555079	0.251615	0.252625	0.000834289	0.0419501	0.00606911	0.0022399	0.0481463	0.00818633	0.00126735	0.0515027	0.0328682	0.0646604	0.0195534	0.0771221	0.0536964	0.00645024	0.000217416	0.00126333
49	0.0269925	0.000661728	0.241505	0.412874	0.000798095	0.00929379	0.00537243	0.00298174	0.0397115	0.00690507	0.00301689	0.0348213	0.00388519	0.0893361	0.0137694	0.0364679	0.054824	0.0135773	0.000232124	0.00297393
50	0.0267403	0.00304344	0.00612593	0.0154533	0.0179584	0.00313592	0.00657624	0.148136	0.0922437	0.183687	0.133763	0.0163179	0.0023009	0.0736139	0.0603381	0.025209	0.0607308	0.11606	0.000508236	0.0080583
51	0.00384902	0.00108536	0.00199048	0.00899015	0.00096936	0.0017536	0.00158969	0.00212857	0.159753	0.00870361	0.00487539	0.00244761	0.0104965	0.0169752	0.756894	0.00890134	0.004156	0.00289353	0.000356009	0.0011922
52	0.138442	0.00405073	0.0148261	0.0645768	0.00243247	0.0186466	0.00964161	0.00735141	0.0876449	0.00867829	0.00904761	0.0347394	0.0314021	0.122726	0.150444	0.159348	0.0963561	0.0289886	0.00073019	0.00992741
53	0.0302464	0.00390902	0.00706555	0.0126037	0.0271276	0.00345791	0.00461972	0.171646	0.0449307	0.182555	0.130979	0.0290686	0.00298988	0.059477	0.0389076	0.0328401	0.0654777	0.134963	0.000323026	0.0168124
54	0.0105128	0.00859563	0.00231086	0.00328737	0.282771	0.0142169	0.0430506	0.00470349	0.00352612	0.057585	0.01403	0.00397579	0.00592618	0.00340802	0.0045126	0.00609496	0.0109125	0.0177814	0.000321519	0.502478
55	0.0182095	0.0114098	0.424061	0.0732694	0.00676108	0.0140117	0.0508289	0.00424206	0.0122444	0.00623048	0.00355208	0.219379	0.00353139	0.015783	0.0122086	0.0697804	0.044431	0.00614946	0.000363484	0.00355412
56	0.0243644	0.00539856	0.0052373	0.0296597	0.00209898	0.00699253	0.0250066	0.0111827	0.137061	0.0695669	0.0425011	0.0243157	0.00373084	0.145273	0.379754	0.0138551	0.0427252	0.0288585	0.000360534	0.00205711
57	0.0114821	0.00775161	0.00222772	0.00285705	0.289413	0.0147257	0.0419294	0.003387	0.0029566	0.0587209	0.0149173	0.00333447	0.00628424	0.0029063	0.00385392	0.00541506	0.0114296	0.0178978	0.00032797	0.498182
58	0.00854798	0.0041267	0.0171158	0.00716571	0.00056206	0.903595	0.00218962	0.000792587	0.00202935	0.00108795	0.00153376	0.0124883	0.000698382	0.00172702	0.00743022	0.016377	0.00479018	0.00689606	0.000147481	0.000698963
59	0.0860618	0.00688818	0.0873385	0.194752	0.0077227	0.0580288	0.0930125	0.0152933	0.0492181	0.0225479	0.0447741	0.0245215	0.112859	0.0283374	0.033927	0.0664784	0.0347372	0.0203513	0.00217257	0.0109769
60	0.0822361	0.00059565	0.243611	0.248456	0.00117077	0.0402937	0.00650704	0.00288274	0.0484022	0.00903745	0.00207306	0.0511477	0.0312131	0.0613679	0.023862	0.0801307	0.0566922	0.00832455	0.000412082	0.00158386
61	0.303788	0.00734375	0.0659456	0.0276741	0.00415404	0.182998	0.00870151	0.00705967	0.0199531	0.00998211	0.00709881	0.0656401	0.0121634	0.0205804	0.0216891	0.138007	0.0673921	0.0237021	0.00109596	0.00503118
62	0.0252034	0.0045468	0.00165664	0.0041459	0.095312	0.00289353	0.00355393	0.15735	0.00343947	0.374106	0.0823724	0.00242644	0.00156934	0.0051064	0.0127157	0.00834259	0.0143684	0.174185	0.000231779	0.0264748
63	0.0209848	0.000790585	0.0648929	0.045041	0.00423416	0.310748	0.0360484	0.00474114	0.0484564	0.00188309	0.0012895	0.154548	0.00112694	0.0558681	0.0933309	0.116282	0.0154887	0.00992169	0.000258458	0.0140655
64	0.0156319	0.0107536	0.00292241	0.00667628	0.262287	0.012183	0.0402179	0.0228849	0.00620314	0.0963404	0.023864	0.00629254	0.00524781	0.00528689	0.0108619	0.0120119	0.0138893	0.0357319	0.000334359	0.410379
65	0.0403697	0.000573302	0.275271	0.363604	0.000799102	0.0212778	0.00421727	0.0026099	0.0347574	0.00543708	0.00263309	0.0386554	0.0103319	0.0602755	0.0174231	0.0512622	0.0594546	0.00872036	0.000163676	0.00216417
66	0.123681	0.0078771	0.0117432	0.0219715	0.00271363	0.00640249	0.00302701	0.00944648	0.0136865	0.00941358	0.0245975	0.020103	0.00443568	0.0314436	0.0135647	0.320856	0.350753	0.0211115	0.000577991	0.00259368
67	0.0230058	0.00789201	0.00178273	0.00696788	0.100706	0.00305416	0.00835858	0.165865	0.00677651	0.328341	0.0796973	0.00514894	0.00162288	0.00771693	0.0165946	0.0124677	0.0151216	0.165008	0.000199681	0.0436723
68	0.0600592	0.0123615	0.0108168	0.0166855	0.134109	0.0129742	0.0155505	0.137724	0.0186944	0.188424	0.0575901	0.0155079	0.00781863	0.0194818	0.0302219	0.032716	0.0365667	0.137746	0.00135904	0.0535926
69	0.0312604	0.00197026	0.0390107	0.113449	0.00271287	0.0127126	0.0209392	0.00942869	0.0722907	0.0255634	0.00603434	0.0463726	0.0593448	0.24853	0.226312	0.0240306	0.0260896	0.0282578	0.000718791	0.00497263
70	0.0115642	0.00404537	0.0224542	0.00920448	0.00065017	0.875859	0.00293092	0.00106673	0.00297465	0.0012804	0.00168956	0.0173731	0.000642663	0.00298034	0.00860937	0.0204426	0.00765116	0.00747842	0.000151909	0.000951156
71	0.0649509	0.000429759	0.251409	0.310372	0.00067946	0.0294398	0.0075332	0.00166569	0.0427213	0.0117305	0.00152922	0.0405277	0.0166484	0.0832939	0.0164101	0.0603303	0.0510561	0.00748215	0.000186422	0.00160433
72	0.010478	0.0134459	0.451292	0.0369127	0.00755015	0.0108114	0.0600992	0.00349218	0.00688198	0.00459816	0.00345467	0.255415	0.00215718	0.00722676	0.0083724	0.067789	0.0407222	0.00510088	0.000501864	0.00369834
73	0.0395822	0.00283568	0.0143804	0.0258854	0.0126338	0.00231683	0.00493433	0.158533	0.0566921	0.197118	0.0897793	0.0100479	0.00302753	0.0630205	0.0226377	0.0275708	0.0535579	0.20955	0.000474633	0.00542139
74	0.0888649	0.00427249	0.0508249	0.113036	0.00683394	0.0614661	0.0178381	0.0178305	0.0902943	0.0492336	0.0281369	0.039912	0.023412	0.0464414	0.102248	0.132475	0.0717293	0.0264026	0.00250021	0.0262476
75	0.0293931	0.016472	0.00228678	0.0154289	0.141355	0.00553557	0.0242394	0.105148	0.0117964	0.255966	0.0684081	0.0116398	0.00198933	0.00985038	0.030174	0.0267669	0.0192308	0.119868	0.000376518	0.104075
76	0.0556611	0.0015575	0.115521	0.0657202	0.00338897	0.0311329	0.0162475	0.0114572	0.0847249	0.00926742	0.0103623	0.134139	0.0167009	0.0350308	0.0575619	0.169363	0.157717	0.0155959	0.000435717	0.00841382
77	0.018664	0.00448331	0.00137499	0.0020711	0.0701518	0.00130374	0.00121762	0.192755	0.00259916	0.380723	0.0848135	0.00172356	0.00103065	0.0049871	0.0100753	0.00429683	0.0105366	0.19115	0.000209047	0.0158336
78	0.042134	0.000965601	0.0505903	0.0719075	0.0106546	0.03173	0.0463013	0.0597008	0.0948941	0.0464768	0.00918942	0.0489641	0.0372278	0.0702473	0.123111	0.0753743	0.0914882	0.0706581	0.00201879	0.0163658
79	0.01074	0.00426997	0.00106661	0.00104534	0.0286144	0.000664607	0.000577013	0.270368	0.00126285	0.384648	0.0580748	0.00107226	0.000645447	0.00416677	0.00416472	0.00231352	0.00768896	0.211806	0.000202507	0.00660895
80	0.0764424	0.000483343	0.255401	0.258491	0.000745636	0.041036	0.00589945	0.00207894	0.0473684	0.00816654	0.00116808	0.0496804	0.0285214	0.0663396	0.0191533	0.0773203	0.0542949	0.00600782	0.000189821	0.00121178
81	0.0251066	0.00709468	0.00216805	0.00635641	0.099457	0.00336383	0.00646866	0.148536	0.00510133	0.360026	0.0831908	0.0048925	0.00179651	0.00742733	0.0149018	0.011783	0.0160973	0.161088	0.000340329	0.0348037
82	0.0776755	0.000489254	0.0801141	0.180926	0.00481954	0.0256785	0.0203021	0.0172929	0.138303	0.0464129	0.0179049	0.0542523	0.0118618	0.0583128	0.100291	0.0841704	0.0519725	0.0194753	0.00550408	0.00424166
83	0.0220794	0.000616409	0.269196	0.432175	0.000704098	0.00898488	0.0034168	0.00310181	0.0316175	0.00431469	0.00336564	0.0314082	0.00230181	0.062578	0.0144417	0.0320362	0.0636444	0.011025	0.000141157	0.00285138
84	0.596654	0.010766	0.00805759	0.00525451	0.00299732	0.0511484	0.00265783	0.00728402	0.00742464	0.00755748	0.00917803	0.0128435	0.00470869	0.00661381	0.00624078	0.162722	0.0366794	0.0577058	0.000613852	0.00289168
85	0.0223556	0.000470012	0.000802006	0.000902033	0.00887877	0.000639891	0.000444865	0.315809	0.000920795	0.047515	0.00605286	0.000957511	0.000525762	0.00103962	0.00123131	0.00576464	0.0117654	0.570667	0.000137761	0.00312009
86	0.0410125	0.0198146	0.00693185	0.0233927	0.155159	0.00995118	0.0336556	0.0874423	0.0232927	0.174219	0.0495099	0.0194721	0.00561223	0.0179397	0.0537791	0.0409879	0.0399334	0.0819613	0.00109328	0.11484
87	0.00832654	0.00418316	0.0174108	0.00700535	0.000631403	0.901973	0.0022605	0.000867366	0.00244859	0.00104977	0.00153426	0.0125601	0.000470678	0.00185755	0.00791297	0.0166548	0.00474826	0.00690376	0.000126785	0.00107441
88	0.115001	0.0379997	0.00503292	0.00612724	0.0122284	0.141342	0.00313121	0.0583504	0.0364099	0.0101909	0.0389153	0.00685246	0.00260339	0.0242812	0.00708983	0.121258	0.159148	0.200888	0.000682902	0.0124679
89	0.0401989	0.000573191	0.231779	0.373439	0.000947295	0.0144598	0.0075306	0.00328911	0.0471947	0.0102555	0.00330988	0.0376435	0.00761592	0.088004	0.0184639	0.0471889	0.052223	0.0131154	0.000383885	0.00238449
90	0.0238924	0.00354741	0.00779256	0.0862307	0.00207847	0.00704702	0.0181745	0.00584627	0.244768	0.0377836	0.0133656	0.013084	0.00367599	0.123659	0.300019	0.0239585	0.050053	0.031285	0.000384885	0.00335422
91	0.0254876	0.000632471	0.255221	0.396603	0.000872361	0.0105955	0.00440054	0.00460101	0.0411072	0.00538396	0.00368703	0.0383876	0.0041386	0.0692032	0.0191287	0.0386105	0.0648039	0.0123668	0.000186269	0.00458363
92	0.0133423	0.00313886	0.000952206	0.00107986	0.0285984	0.000676325	0.000540775	0.290313	0.00133315	0.302493	0.0470079	0.0011409	0.000601472	0.00327324	0.00366551	0.0027211	0.00878207	0.283596	0.000199493	0.00654406
93	0.0386254	0.000792898	0.239643	0.307176	0.0016961	0.0165141	0.00529545	0.0135146	0.0562817	0.00842068	0.00516611	0.048656	0.00985117	0.050828	0.0312199	0.0687018	0.0785704	0.0154513	0.000554638	0.00304093
94	0.0221952	0.000492506	0.000802624	0.000852335	0.00918129	0.000646617	0.00044442	0.316748	0.000902717	0.0499242	0.00634755	0.000958643	0.000529384	0.00106049	0.00125195	0.0056742	0.0117558	0.566859	0.000144213	0.00322905
95	0.0258388	0.00973062	0.0833402	0.00577333	0.05004	0.0106415	0.00306833	0.00490737	0.00682374	0.0210315	0.0407417	0.0499727	0.0543238	0.0227642	0.0828508	0.324878	0.140478	0.0438054	0.0157484	0.00324149
96	0.0774181	0.0857399	0.0509777	0.0194924	0.0475531	0.0115936	0.0788195	0.0124858	0.0403964	0.0174141	0.00985138	0.0234006	0.00907868	0.0579234	0.180865	0.128897	0.0779591	0.0198139	0.00328027	0.0470399
97	0.03973	0.0208125	0.00363204	0.0286865	0.153289	0.0151558	0.0394287	0.0673559	0.015828	0.213545	0.0470804	0.0163602	0.00291087	0.0135139	0.0310606	0.0505685	0.0297214	0.0883485	0.0006052	0.122367
98	0.0776663	0.00234558	0.133827	0.214191	0.00291653	0.0109783	0.00687909	0.0590162	0.0566856	0.0267617	0.0109952	0.0387988	0.00668395	0.0595368	0.0340946	0.0688015	0.0948623	0.0898253	0.00121928	0.0039148
99	0.0740216	0.008271	0.02325	0.049966	0.00301723	0.0225705	0.00427992	0.0408374	0.0420078	0.0105235	0.0239714	0.0499965	0.0159472	0.0347098	0.0544605	0.103438	0.348907	0.0886931	0.000210954	0.000920827
100	0.00589293	0.905757	0.00355374	0.00352278	0.00246104	0.00310709	0.00243938	0.00347512	0.00483739	0.00474231	0.00282554	0.00467933	0.00208019	0.0045619	0.00509101	0.0173294	0.0062199	0.00541555	0.0101061	0.00190269
101	0.0822111	0.000560475	0.248901	0.244154	0.000905524	0.0457714	0.00634193	0.00213601	0.0468294	0.00802454	0.0013766	0.0534324	0.0346329	0.0621152	0.020331	0.0796285	0.0552902	0.00589434	0.000248964	0.00121492
102	0.0765044	0.00684979	0.0298502	0.0503009	0.00302765	0.0221394	0.00417285	0.0421932	0.04189	0.00994111	0.0259248	0.0527597	0.0144419	0.0372161	0.0534518	0.0996359	0.341338	0.0873362	0.000181862	0.000844454
103	0.00698877	0.89918	0.00454471	0.00395793	0.00228906	0.0043069	0.00239608	0.00321218	0.00545368	0.00452307	0.00297814	0.00463596	0.00209251	0.00514531	0.00545582	0.0181108	0.00699448	0.0057373	0.0101262	0.00187095
104	0.0708485	0.000806385	0.180212	0.0731957	0.00396965	0.0803646	0.0228011	0.00298214	0.0306639	0.0144899	0.00519455	0.165802	0.00260316	0.0242254	0.0292436	0.181734	0.0988811	0.00286866	0.000293636	0.00881958
105	0.0142551	0.00480199	0.0195897	0.00927138	0.00105118	0.848381	0.00310848	0.00224013	0.0050089	0.00219543	0.00277231	0.0179701	0.00100849	0.00446747	0.0103699	0.0257607	0.0140867	0.0119651	0.000235542	0.00146068
106	0.0404477	0.00340121	0.0324372	0.0106302	0.00542831	0.0164662	0.0031383	0.00776641	0.00832137	0.0206348	0.0118386	0.0517134	0.00690729	0.0293502	0.0143102	0.436865	0.283014	0.0125203	0.00144387	0.00336538
107	0.0728688	0.0632332	0.0191632	0.0156211	0.0115464	0.344852	0.00751088	0.0272341	0.0211561	0.0164746	0.0469235	0.0202565	0.00909408	0.0180872	0.0175725	0.111529	0.0773951	0.0851828	0.00199419	0.0123054
108	0.264487	0.0386932	0.00826812	0.00609264	0.00845738	0.0804136	0.003066	0.0291721	0.0206	0.019954	0.036886	0.0107461	0.00931571	0.0162512	0.0110686	0.176247	0.115815	0.134993	0.000716061	0.00875642
109	0.103784	0.00409444	0.0168183	0.0751036	0.00382839	0.0179937	0.0118564	0.0106613	0.167236	0.0181696	0.00770041	0.0295968	0.0157629	0.104977	0.210824	0.0857659	0.0608165	0.0343517	0.00100195	0.0196582
110	0.210392	0.0214321	0.013233	0.0130689	0.00124185	0.0195694	0.00326302	0.0233985	0.0332492	0.0294574	0.0051739	0.0143252	0.319559	0.0150981	0.0223727	0.164747	0.0371604	0.0507282	0.00032681	0.00220333
111	0.0434691	0.00205207	0.077746	0.0508637	0.00363976	0.318902	0.0225785	0.00644107	0.05446	0.00801449	0.00451961	0.104083	0.0177862	0.0374676	0.0612341	0.126724	0.0392343	0.0107434	0.000800572	0.00924018
112	0.0780476	0.00656831	0.0216135	0.0482714	0.00355803	0.0194381	0.00460634	0.0400446	0.0442859	0.0102338	0.0275733	0.04489	0.0168468	0.0411517	0.0585451	0.104965	0.339616	0.0887362	0.000159421	0.000848311
113	0.00575051	0.908949	0.00349667	0.00343464	0.00226767	0.00312814	0.00222338	0.00300553	0.00481008	0.00432284	0.00271731	0.00461171	0.00204164	0.00443677	0.00494367	0.0172288	0.00593011	0.00479815	0.0101408	0.00176238
114	0.06567	0.00184261	0.0473993	0.0519427	0.00104672	0.0308598	0.00512724	0.00249158	0.104273	0.00296949	0.0180544	0.0616332	0.0601868	0.0334041	0.0549174	0.231866	0.211183	0.00926715	0.000231094	0.0056348
115	0.0753357	0.00488291	0.0385164	0.0638175	0.00315342	0.0269567	0.0099597	0.0421943	0.0533874	0.0172421	0.0251099	0.0546665	0.0170973	0.046718	0.0662575	0.0919987	0.280733	0.0783387	0.000578866	0.00305568
116	0.00638019	0.901937	0.00383358	0.00355638	0.00236352	0.00412605	0.002328	0.00348181	0.00490043	0.00462773	0.00339293	0.00463204	0.00252785	0.00487063	0.00520984	0.017876	0.0069215	0.00522281	0.0100331	0.00177861
117	0.0204668	0.000705781	0.0629813	0.03946	0.0044865	0.321852	0.0369508	0.00490044	0.044227	0.00146027	0.00104142	0.160347	0.000869831	0.0538612	0.0933391	0.115225	0.0137997	0.00952642	0.000232117	0.0142677
118	0.00818659	0.00424416	0.016629	0.00669944	0.000534365	0.909793	0.00190762	0.000794357	0.00166098	0.000967341	0.00156551	0.0108845	0.000441833	0.00128181	0.00667355	0.0153333	0.00465109	0.00699932	0.000127606	0.000624649
119	0.107229	0.00457167	0.0091733	0.0227385	0.00316658	0.00891695	0.00520477	0.0281703	0.0749272	0.00894749	0.0420232	0.0205247	0.00953644	0.0826738	0.0881543	0.217352	0.186865	0.0761082	0.00053502	0.0031817
120	0.00834027	0.00422279	0.0168949	0.0067745	0.00051889	0.906441	0.00207441	0.000871135	0.00179326	0.00144362	0.00159571	0.0114222	0.000455889	0.00152935	0.00706939	0.0158767	0.00480928	0.00706339	0.000128392	0.00067462
121	0.0376756	0.00436287	0.0328144	0.0657155	0.006994	0.0647261	0.0537953	0.0306536	0.0787485	0.0328596	0.0106138	0.0406773	0.0201981	0.108346	0.183643	0.0785335	0.0597906	0.0767331	0.00139908	0.0117197
122	0.0346731	0.00277276	0.00655868	0.0191024	0.0116308	0.00202745	0.00213015	0.186592	0.0441451	0.162692	0.0882462	0.0126706	0.00322845	0.0396282	0.0249534	0.0235622	0.076207	0.253884	0.000395365	0.00490056
123	0.0316975	0.00299421	0.00636724	0.014949	0.0225622	0.00297177	0.00314242	0.172366	0.0525722	0.181135	0.125015	0.0127159	0.0023094	0.0567108	0.037125	0.0237449	0.0659129	0.177663	0.000296033	0.00775008
124	0.112275	0.00472281	0.0350248	0.0657818	0.00344364	0.0195912	0.0125238	0.00859826	0.0864609	0.00954699	0.00696876	0.0645191	0.024165	0.125303	0.14295	0.119773	0.118766	0.019546	0.000964049	0.0190764
125	0.120819	0.00840691	0.0109968	0.0172889	0.00342305	0.0168786	0.00323569	0.0290983	0.0272912	0.00908359	0.0373965	0.0299655	0.00717859	0.0453955	0.0310685	0.266264	0.236495	0.0960925	0.000602235	0.00302059
126	0.0854259	0.00575545	0.0187988	0.0441724	0.00359666	0.0169714	0.00441957	0.0368987	0.0451578	0.0098255	0.0343741	0.0388445	0.0145071	0.050213	0.0609573	0.115231	0.320956	0.0926925	0.000265207	0.000936404
127	0.0212626	0.00219178	0.0367773	0.103844	0.00217961	0.00972588	0.0128503	0.00441874	0.0780241	0.0187284	0.00833459	0.0584991	0.0324598	0.27428	0.280149	0.0163084	0.0184619	0.0171634	0.000655811	0.00368519
128	0.119286	0.0117995	0.028547	0.0338002	0.00355866	0.0171056	0.00645398	0.0183634	0.0404299	0.0108321	0.0181734	0.0424858	0.0196871	0.0331618	0.0410407	0.231242	0.283156	0.0354899	0.000926511	0.00446039
129	0.0944251	0.00748342	0.0220221	0.0276556	0.00757862	0.0178542	0.03594	0.108874	0.0338824	0.0753759	0.0150232	0.0281521	0.175525	0.0526606	0.040613	0.124865	0.0539411	0.0677377	0.00120954	0.00918195
130	0.0264563	0.00900404	0.00213427	0.00830023	0.12305	0.003821	0.0109905	0.14471	0.00691997	0.316578	0.076916	0.00603816	0.00207511	0.00699479	0.0187297	0.0146828	0.016843	0.149931	0.000276809	0.0555486
131	0.0134545	0.00538166	0.0162742	0.00684583	0.000885866	0.885169	0.00201958	0.00166683	0.00245545	0.00159297	0.00278604	0.0107066	0.000659653	0.0019614	0.00726806	0.0182543	0.00886699	0.0123433	0.000134512	0.00127283
132	0.0373022	0.00246398	0.0211722	0.00527334	0.00413017	0.0169078	0.00322934	0.0994488	0.00796006	0.0968423	0.127614	0.162433	0.00990565	0.0881889	0.0239693	0.0837964	0.108077	0.081753	0.000782408	0.0187495
133	0.0237637	0.00411277	0.00253209	0.0059712	0.0705795	0.00163845	0.00189882	0.172554	0.0174817	0.304156	0.113843	0.00433557	0.00143631	0.0202682	0.0222365	0.0105912	0.0269372	0.179218	0.000235187	0.0162106
134	0.0897424	0.00553767	0.0153632	0.0287128	0.00580305	0.0134625	0.00447412	0.0379785	0.0432482	0.0212772	0.0606576	0.0366542	0.0115947	0.0691678	0.0657199	0.156478	0.238884	0.0903665	0.000923054	0.00395449
135	0.00986666	0.881054	0.00449968	0.00424772	0.00264816	0.00378861	0.00252664	0.00405391	0.00621026	0.00484249	0.00317392	0.005258	0.00375718	0.00493471	0.00604168	0.0238082	0.0100013	0.00705848	0.00982484	0.00240338
136	0.143315	0.0103971	0.0268282	0.0281981	0.00215374	0.0278074	0.00593547	0.032629	0.0314092	0.043448	0.008744	0.028147	0.259334	0.0266085	0.0297157	0.172399	0.0817767	0.0360256	0.000616999	0.00451156
137	0.0715992	0.00314178	0.0391742	0.048764	0.0015073	0.0142994	0.00884733	0.0141924	0.0835634	0.00425222	0.0203282	0.0782892	0.0309125	0.0400098	0.0616397	0.173416	0.262819	0.039063	0.00018947	0.00399137
138	0.00627339	0.90128	0.00356743	0.00399016	0.00239453	0.00328892	0.00272642	0.00311649	0.00548828	0.00481308	0.00290646	0.00532205	0.00234568	0.00462466	0.00549317	0.017653	0.00637145	0.00503998	0.0113397	0.0019649
139	0.0207206	0.00069397	0.0652782	0.0430006	0.00441243	0.317005	0.035983	0.00472879	0.0455235	0.00144475	0.00108865	0.158056	0.000840368	0.0546058	0.0923894	0.115774	0.014077	0.0101585	0.000205742	0.0140131
140	0.0081518	0.00421716	0.0166552	0.00675663	0.000504262	0.909603	0.00191722	0.00080739	0.00164207	0.000970491	0.00156196	0.0109246	0.0004464	0.00132238	0.00672099	0.0153229	0.0048029	0.00693796	0.000127033	0.000607134
141	0.0788824	0.00149041	0.17215	0.100742	0.0103369	0.0446239	0.0232654	0.00397732	0.0284464	0.0184173	0.00492861	0.13496	0.00302755	0.0178112	0.0382951	0.192426	0.103738	0.00472953	0.00057665	0.0171754
142	0.0089586	0.00417857	0.017849	0.00771394	0.000554682	0.901512	0.00227622	0.000887681	0.00227179	0.00100796	0.00156396	0.0121343	0.000469182	0.00198807	0.00719219	0.0165147	0.00509814	0.0069745	0.000127389	0.000727452
143	0.0366118	0.00145783	0.0507361	0.269161	0.00754729	0.0179015	0.00754524	0.00684416	0.14666	0.0207658	0.0215554	0.02016	0.00761696	0.118532	0.139983	0.0426768	0.0612565	0.0174563	0.00207924	0.00345374
144	0.00575051	0.908949	0.00349667	0.00343464	0.00226767	0.00312814	0.00222338	0.00300553	0.00481008	0.00432284	0.00271731	0.00461171	0.00204164	0.00443677	0.00494367	0.0172288	0.00593011	0.00479815	0.0101408	0.00176238
145	0.0443281	0.00106112	0.0504934	0.0742839	0.00921745	0.0358126	0.0454964	0.0544257	0.0986689	0.0429782	0.00908559	0.0469236	0.0381801	0.0672392	0.12549	0.0757598	0.0945174	0.067829	0.00202744	0.0161825
146	0.0677903	0.00164797	0.0456655	0.0572616	0.000896801	0.0151761	0.00740441	0.00353247	0.112669	0.0021895	0.0181783	0.0756721	0.0400302	0.0355767	0.0631293	0.200011	0.231175	0.0162763	0.000191044	0.00552602
147	0.00632969	0.900468	0.00381116	0.00355351	0.00228392	0.00326864	0.00220229	0.00317073	0.00802511	0.00439448	0.00271579	0.00542716	0.00215759	0.00479406	0.00661074	0.0179189	0.00618792	0.00485763	0.0100783	0.00174419
148	0.0211655	0.0006763	0.0633607	0.0393455	0.00474779	0.319874	0.0370626	0.00514813	0.0441832	0.00144322	0.00103904	0.159593	0.000843564	0.0542188	0.0926442	0.116581	0.0136872	0.00946458	0.000211414	0.0147104
149	0.00816476	0.0042072	0.0167783	0.00678338	0.000507036	0.908728	0.00202066	0.000784355	0.00172787	0.000966492	0.00153264	0.0113769	0.000442279	0.00144682	0.00688743	0.0154972	0.0045066	0.00684617	0.000122088	0.000673527
150	0.0804134	0.000452631	0.0985182	0.200963	0.00395796	0.0241192	0.0167922	0.0120743	0.13335	0.0434624	0.0156727	0.0563584	0.00954002	0.0617646	0.0907014	0.0849012	0.0464131	0.0129449	0.0049792	0.00262091
151	0.0080954	0.00421724	0.0166442	0.00670273	0.000502341	0.91044	0.00191696	0.000770317	0.0016079	0.000966743	0.00153882	0.0108922	0.000441834	0.00127285	0.0066717	0.0152389	0.00449575	0.00684978	0.000127033	0.000607139
152	0.0305627	0.0140825	0.00493621	0.028276	0.00367593	0.0178613	0.0294115	0.00842781	0.105654	0.0565739	0.0189424	0.0120212	0.00290487	0.123874	0.385105	0.0244669	0.0587296	0.0700313	0.000800365	0.00366199
153	0.0437139	0.00175259	0.00379034	0.00659089	0.00780673	0.00240328	0.00205821	0.167426	0.0218682	0.14138	0.0214495	0.0386671	0.00687695	0.00849651	0.0437999	0.00985221	0.162376	0.306732	0.000527328	0.00243149
154	0.0339968	0.00442515	0.00789239	0.0711754	0.00210342	0.00955076	0.017382	0.00593387	0.169138	0.0413041	0.0134305	0.0148227	0.00576706	0.142028	0.328841	0.0377917	0.0512256	0.0380926	0.000453079	0.00464592
155	0.0817238	0.00347766	0.0343933	0.0585154	0.00146891	0.0119582	0.0136321	0.00339563	0.110448	0.00301143	0.0122879	0.0777137	0.0350048	0.0560699	0.100937	0.187373	0.187554	0.0141141	0.000268622	0.00665173
156	0.0207287	0.00313154	0.00922924	0.0785182	0.00232606	0.00670161	0.0154196	0.00721086	0.24033	0.0500547	0.0180514	0.0156283	0.00447028	0.142761	0.288664	0.0207771	0.0497245	0.0237311	0.000407552	0.00213438
157	0.0596341	0.00135101	0.0482014	0.059142	0.000991318	0.0162227	0.00695913	0.00185639	0.117873	0.00192729	0.0171756	0.0749062	0.046119	0.0380598	0.0635905	0.199967	0.227556	0.0111697	0.000318496	0.00697955
158	0.0114735	0.00433707	0.00113143	0.00133487	0.0310983	0.000728894	0.000595266	0.2637	0.00205375	0.383981	0.0605165	0.00126784	0.000646361	0.00464228	0.00497477	0.00286942	0.00897086	0.208212	0.000209367	0.00725552
159	0.0594764	0.000978771	0.0597432	0.0952345	0.00180442	0.0216601	0.00903565	0.00480876	0.126775	0.0123057	0.0185344	0.0632202	0.0397305	0.0407967	0.0716155	0.175828	0.180043	0.0114537	0.00135086	0.00560462
160	0.0108344	0.0043568	0.00107895	0.00104014	0.029352	0.000661152	0.000601724	0.26794	0.00133524	0.386302	0.0588464	0.00120005	0.00065817	0.00417728	0.00432459	0.0023043	0.00772909	0.210259	0.000208826	0.00678945
161	0.0289739	0.0016647	0.0841407	0.0684385	0.00765794	0.012473	0.0316789	0.0446443	0.15009	0.0215725	0.00760391	0.0951162	0.013615	0.051338	0.111808	0.096118	0.111996	0.0483533	0.00150215	0.0112146
162	0.0223096	0.000472633	0.000800233	0.000868599	0.00893461	0.000637308	0.000438588	0.316232	0.000903377	0.0474714	0.00600229	0.000945118	0.000526418	0.00103483	0.00122805	0.00574654	0.0117493	0.57044	0.000134928	0.00312378
163	0.148239	0.0175773	0.0287999	0.0321502	0.00343258	0.021792	0.010319	0.0144111	0.0726957	0.0233275	0.00839173	0.0225	0.308468	0.0246571	0.0392831	0.130035	0.0534911	0.0313112	0.000862556	0.00825642
164	0.225061	0.0292761	0.00739692	0.00809117	0.0012872	0.0161221	0.00214496	0.0120802	0.0334319	0.0151224	0.0031141	0.00823236	0.433929	0.00900978	0.0138202	0.119645	0.0204112	0.0385272	0.000398642	0.00289874
165	0.00834263	0.004271	0.0175129	0.00746427	0.000711435	0.9035	0.00228811	0.000968463	0.00181847	0.00124037	0.00163559	0.0117868	0.000687345	0.00200853	0.00725662	0.0159225	0.00485133	0.00690826	0.000125298	0.000699576
166	0.0226049	0.000623764	0.000864311	0.00113829	0.00836815	0.000706138	0.000445863	0.306854	0.00141978	0.0511997	0.00662468	0.00122114	0.000644497	0.00127581	0.00190595	0.00632022	0.0142619	0.57041	0.000151422	0.00295921
167	0.0738003	0.000861985	0.219447	0.159014	0.00298952	0.0554537	0.0176614	0.00259627	0.0429266	0.0127084	0.00354866	0.110539	0.0133634	0.0445215	0.0295829	0.132145	0.0686517	0.00477337	0.000488479	0.00492812
168	0.0690299	0.00120858	0.163698	0.0451498	0.00431	0.0572007	0.0215724	0.00392114	0.0338986	0.0126747	0.00663925	0.178889	0.00361523	0.0143753	0.0238762	0.210805	0.131666	0.00391365	0.000313398	0.013242
169	0.0109573	0.00412825	0.021437	0.0108588	0.00102553	0.841519	0.00517572	0.00201388	0.00657842	0.00254713	0.00195752	0.0234133	0.00100041	0.00694419	0.0165851	0.0253699	0.00710695	0.00915074	0.000174524	0.0020566
170	0.0449668	0.00375133	0.0371534	0.00843694	0.00477085	0.013508	0.00394646	0.0573981	0.0100137	0.0804127	0.110703	0.160383	0.011855	0.0942299	0.0201776	0.140756	0.11035	0.0569394	0.00108362	0.0291641
171	0.057687	0.00443105	0.0230561	0.0422623	0.00435857	0.00933176	0.0108918	0.0301598	0.327391	0.0247014	0.00964787	0.0482039	0.00566637	0.0560623	0.1848	0.0675105	0.066073	0.0211041	0.00149684	0.00516414
172	0.0115441	0.00427734	0.00118329	0.00150949	0.0319193	0.000702392	0.000656238	0.26162	0.00205686	0.38345	0.0619807	0.00122334	0.000646407	0.00487103	0.005135	0.00273496	0.00860273	0.208427	0.000210578	0.00724914
173	0.0126992	0.00299047	0.00811232	0.0285951	0.00139264	0.00502177	0.010092	0.00406214	0.116163	0.0239262	0.0121336	0.0152949	0.0105818	0.111197	0.587527	0.0117073	0.0192919	0.017197	0.000334143	0.00168037
174	0.0111237	0.00435996	0.0011239	0.00131846	0.0293441	0.000658646	0.000609669	0.266939	0.00206785	0.383345	0.0607661	0.00116374	0.000638652	0.00503896	0.00475601	0.00262781	0.00860485	0.208461	0.000192695	0.00686014
175	0.134489	0.00398305	0.0144179	0.054649	0.00319209	0.0462764	0.00910586	0.00780625	0.0480387	0.00967159	0.00650288	0.0400792	0.0462987	0.151374	0.179039	0.111018	0.100774	0.0206875	0.000952447	0.0116442
176	0.0205618	0.000656027	0.063317	0.0397938	0.00444635	0.321929	0.0368736	0.00489998	0.0445231	0.00137036	0.00102207	0.159616	0.000848537	0.0539457	0.0930424	0.115307	0.0138064	0.00953539	0.000209391	0.0142967
177	0.0404009	0.00198616	0.0462583	0.127196	0.004401	0.16119	0.0215617	0.00749695	0.0847836	0.0120729	0.00793726	0.0761928	0.00939632	0.10234	0.129427	0.0915151	0.0360297	0.0177542	0.000925098	0.0211357
178	0.00816354	0.00417525	0.0168382	0.00675235	0.00051121	0.908771	0.00206364	0.00078299	0.00171023	0.000969313	0.00151996	0.0112415	0.000443972	0.00143004	0.00690442	0.0155554	0.00449498	0.0068791	0.000127005	0.000665484
179	0.00654339	0.0146342	0.474909	0.0371216	0.0080773	0.00376067	0.0648603	0.00318312	0.00463168	0.00361922	0.00261378	0.257936	0.00187883	0.00457193	0.00568799	0.0622109	0.0357967	0.00478425	0.000447587	0.00273214
180	0.0206458	0.000753862	0.0622071	0.0389678	0.00447782	0.325434	0.0362881	0.00493802	0.0439853	0.00150871	0.00121029	0.159019	0.000887535	0.0530803	0.0940726	0.114729	0.0138904	0.00956671	0.000228145	0.0141105
181	0.108502	0.010729	0.0442593	0.0468045	0.00503367	0.140644	0.0115626	0.0187617	0.0444191	0.0128824	0.0164651	0.0514169	0.0245709	0.0683654	0.0573519	0.149177	0.130459	0.0487983	0.00113989	0.0086585
182	0.164661	0.0116306	0.0202814	0.0344984	0.0021616	0.0159052	0.00655118	0.0342655	0.040537	0.0440549	0.0163476	0.0176941	0.219641	0.0241906	0.0658211	0.149859	0.0781336	0.049102	0.000740351	0.0039236
183	0.199619	0.0177259	0.0152707	0.015284	0.00119302	0.0189891	0.00348925	0.0258299	0.0341322	0.0323264	0.00619519	0.02087	0.282248	0.0164311	0.0253744	0.189641	0.0431123	0.0494888	0.00037402	0.00240635
184	0.00854584	0.00414699	0.0169764	0.00719543	0.00053858	0.905361	0.00218604	0.000783527	0.00200302	0.00102146	0.00152315	0.0117479	0.000442784	0.00169592	0.00738508	0.0159542	0.00454419	0.00702161	0.000126109	0.000800698
185	0.0121965	0.0135711	0.445273	0.0420776	0.00782592	0.00992785	0.0585673	0.00373993	0.00952135	0.00520854	0.00338386	0.247026	0.00262246	0.00821887	0.00880866	0.0700779	0.0421454	0.00537963	0.00055766	0.00387089
186	0.0171373	0.00370946	0.00205087	0.0024198	0.0320566	0.00088193	0.000708705	0.24822	0.0046917	0.305424	0.0529217	0.00220929	0.00111641	0.0059481	0.00596218	0.00560995	0.0137142	0.287168	0.000197289	0.00785272
187	0.00976944	0.00801619	0.00221292	0.00249158	0.286191	0.0144278	0.0434594	0.00216356	0.00291375	0.0551042	0.0129956	0.00335631	0.0058927	0.00293255	0.0033571	0.00493726	0.0106109	0.0159936	0.000319038	0.512855
188	0.0215794	0.000801466	0.000809214	0.000985346	0.0104758	0.000614656	0.000446131	0.310962	0.00122779	0.0788284	0.0105495	0.0011412	0.000619329	0.00135957	0.00168175	0.00539594	0.0127884	0.536259	0.000139954	0.00333475
189	0.0175333	0.0357505	0.00279257	0.0317249	0.141137	0.0062265	0.0550978	0.0975965	0.0249446	0.137965	0.0367938	0.0267598	0.00136734	0.0208636	0.0433645	0.0497833	0.0208056	0.0713666	0.000484084	0.177643
190	0.010719	0.00420253	0.0010432	0.00102861	0.0289774	0.000697338	0.000588922	0.271999	0.00119318	0.382873	0.0579641	0.00105147	0.000637029	0.00412639	0.0041708	0.00228912	0.00764111	0.211928	0.000201867	0.00666761
