243	20
1	0.0330586	0.0213645	0.00344421	0.0106621	0.0453797	0.00756445	0.00576408	0.18546	0.010589	0.24985	0.0792402	0.00521374	0.00671794	0.00849748	0.0179493	0.0264777	0.0399132	0.186071	0.0210599	0.0357223
2	0.0314337	0.0103795	0.00244951	0.00295634	0.00857851	0.00144727	0.00141262	0.32823	0.00261858	0.0799675	0.0117586	0.0020368	0.00317618	0.00258336	0.00379035	0.00811914	0.0271292	0.469723	0.000566797	0.0016431
3	0.030465	0.0122546	0.0125205	0.0315416	0.0138044	0.0253348	0.0535336	0.0199398	0.141719	0.0284546	0.0108434	0.0414484	0.00590359	0.093884	0.310628	0.0663331	0.047704	0.0187312	0.0111134	0.0238428
4	0.0299657	0.0170418	0.000732306	0.0028323	0.0375066	0.0015162	0.000774012	0.257468	0.000797101	0.356839	0.0523151	0.000893894	0.00333129	0.00533156	0.00454792	0.00400089	0.0114264	0.202454	0.0011878	0.0090383
5	0.0317927	0.0137436	0.00211663	0.00662237	0.0298022	0.00161792	0.00274776	0.225105	0.00364296	0.352184	0.0711797	0.00304179	0.00314137	0.00601164	0.0103228	0.0123867	0.0254151	0.186852	0.00243001	0.00984365
6	0.0899403	0.0122996	0.0251327	0.103301	0.00980821	0.0352634	0.00850433	0.131397	0.00715425	0.145072	0.0257953	0.0171632	0.00898439	0.0170811	0.0180361	0.0560739	0.137229	0.14029	0.00379343	0.00767966
7	0.045714	0.0113859	0.0880178	0.234952	0.00930295	0.0226853	0.0566518	0.0128233	0.0909604	0.020192	0.00566192	0.0252583	0.0116307	0.116116	0.0919329	0.0499602	0.0200587	0.0319485	0.00961695	0.0451301
8	0.295733	0.0914061	0.0122554	0.0438202	0.0261035	0.0469206	0.0323389	0.0112562	0.00495029	0.0107579	0.00420809	0.0225956	0.00714015	0.0170213	0.0146816	0.163294	0.0865715	0.020829	0.0063188	0.0817976
9	0.0208754	0.011127	0.00248154	0.0104618	0.0839591	0.00203811	0.0049251	0.0906505	0.00428702	0.554703	0.084484	0.00346109	0.00584629	0.00408412	0.00732695	0.0102047	0.01452	0.0657931	0.00247985	0.0162911
10	0.020123	0.0166472	0.005936	0.0296063	0.0278475	0.0231004	0.115246	0.029043	0.117393	0.0725812	0.0136974	0.0567936	0.00407042	0.0669907	0.150379	0.0717942	0.0573208	0.0353319	0.0202007	0.0658969
11	0.0312184	0.0116617	0.253325	0.0851149	0.00728563	0.112385	0.0148901	0.0342851	0.00890019	0.0236878	0.00634032	0.0896918	0.00435579	0.0104228	0.0185342	0.209926	0.0447537	0.014106	0.00234874	0.0167665
12	0.0287981	0.012154	0.00228265	0.0134172	0.0364532	0.00278169	0.00322037	0.199118	0.00404691	0.384453	0.0828539	0.00354021	0.00351205	0.00543388	0.0103183	0.0135	0.0249147	0.149272	0.00470012	0.0152296
13	0.034783	0.00379489	0.0335411	0.0085586	0.00264317	0.68863	0.0232291	0.00399642	0.0155969	0.0112806	0.00827813	0.0428814	0.00673123	0.00417606	0.0212937	0.0601854	0.0118599	0.00496649	0.00703954	0.00653409
14	0.213153	0.0116867	0.00307553	0.0128483	0.00364908	0.00345099	0.00343653	0.0255627	0.00325311	0.0318342	0.0110373	0.00432794	0.0125694	0.00390521	0.0109498	0.236345	0.376097	0.0282598	0.0016391	0.00291911
15	0.518571	0.106141	0.00621903	0.00846932	0.0104165	0.0543173	0.00630457	0.0126912	0.00196018	0.023145	0.0105692	0.00636625	0.0017808	0.0095098	0.00655175	0.078135	0.0156969	0.100119	0.00291355	0.0201229
16	0.100812	0.00658128	0.154926	0.181038	0.00266558	0.046728	0.0273532	0.00497833	0.0633298	0.0235237	0.0136007	0.0540672	0.0087722	0.0692303	0.0689396	0.0973668	0.0447016	0.0282697	0.00088829	0.00222768
17	0.103369	0.0322106	0.0137867	0.0678534	0.0274164	0.0105625	0.0200533	0.0422326	0.0317126	0.0758284	0.0428591	0.0281307	0.0140195	0.10281	0.0896465	0.10805	0.089613	0.0860424	0.00561716	0.00818526
18	0.0306052	0.0175513	0.00253971	0.00580338	0.033954	0.00201063	0.0029206	0.220914	0.00377171	0.337834	0.0543616	0.0031156	0.00441831	0.00714766	0.00929215	0.0109554	0.0225117	0.21771	0.00197445	0.0106093
19	0.0854612	0.0382198	0.013589	0.073869	0.0278876	0.0160305	0.0141331	0.0463139	0.0192428	0.0596548	0.0569953	0.0236449	0.0204555	0.129564	0.0522194	0.131979	0.0895343	0.087697	0.0048693	0.00863937
20	0.0963651	0.0247827	0.0100255	0.0901474	0.0347286	0.00450354	0.0222075	0.0346286	0.0796186	0.0693834	0.0203644	0.0391193	0.00214524	0.10673	0.147294	0.0766853	0.0584408	0.0637893	0.00967005	0.00937108
21	0.0590183	0.0100907	0.0973621	0.247828	0.00901622	0.0288157	0.0390372	0.0112469	0.0828549	0.0213404	0.00830886	0.0298133	0.00991354	0.11402	0.0809585	0.0590043	0.0284585	0.0286029	0.0063818	0.0279285
22	0.182309	0.0852921	0.018104	0.0105154	0.00598844	0.0722252	0.0144112	0.0117941	0.00432966	0.0223876	0.0101296	0.0155635	0.00867629	0.0095996	0.0123445	0.380299	0.0926591	0.0352449	0.00152807	0.00659951
23	0.0369435	0.00484955	0.033625	0.0110162	0.00284775	0.661776	0.0219675	0.00332798	0.0227565	0.0111011	0.00783826	0.0446048	0.010694	0.00757894	0.0282728	0.0593456	0.0130761	0.00487407	0.00673236	0.00677199
24	0.032159	0.0456749	0.00383061	0.0106913	0.0326907	0.011713	0.00271348	0.229778	0.00433791	0.191999	0.0409362	0.00314491	0.00298171	0.00597024	0.00667683	0.0217438	0.0274643	0.264876	0.0132787	0.0473398
25	0.071559	0.0340642	0.0200445	0.0548049	0.0131559	0.0203912	0.0290599	0.0371763	0.0178623	0.0620193	0.0583979	0.0419588	0.0346408	0.103127	0.0566596	0.161838	0.101839	0.0629818	0.00364557	0.0147733
26	0.0570065	0.0643721	0.00675708	0.0148194	0.0888486	0.00589248	0.0521262	0.0293279	0.0202201	0.247181	0.0888856	0.0173916	0.00582651	0.0149139	0.030248	0.0627563	0.0313576	0.0554751	0.0152167	0.0913773
27	0.0242273	0.0127811	0.0834639	0.276456	0.0119283	0.0120994	0.0728748	0.0182715	0.0852338	0.022289	0.00286424	0.0132876	0.015109	0.096435	0.0863322	0.0337227	0.00703428	0.0308642	0.0161701	0.0785553
28	0.0308436	0.00224316	0.001101	0.00138571	0.00974936	0.00145508	0.00128452	0.361327	0.00113329	0.0754128	0.00848831	0.00138945	0.00353511	0.00148818	0.00195695	0.00582712	0.0107809	0.477872	0.000521798	0.00220382
29	0.0370376	0.0113702	0.00644365	0.00886484	0.0332246	0.00236142	0.00953721	0.14185	0.0142501	0.309269	0.0894166	0.0079277	0.0120179	0.0157164	0.034943	0.0424096	0.0529873	0.150414	0.0061036	0.0138561
30	0.0947682	0.0057689	0.151117	0.188566	0.00195026	0.048511	0.0278899	0.00474676	0.0631898	0.0234578	0.0135831	0.0571123	0.00872344	0.0724406	0.0730324	0.0996287	0.0390463	0.0242185	0.000888838	0.00136
31	0.035279	0.00334449	0.0245199	0.00548855	0.00273487	0.720784	0.0230863	0.00334912	0.0155877	0.0119097	0.00819114	0.0391295	0.00599174	0.00361656	0.0212639	0.0470847	0.0101786	0.00453372	0.00744875	0.00647759
32	0.0886417	0.00565117	0.149971	0.194477	0.0022022	0.0478469	0.0302304	0.0049748	0.068136	0.0237185	0.0130616	0.0547593	0.00932669	0.0714844	0.0782415	0.0929822	0.0354606	0.0239267	0.00144751	0.00345997
33	0.0124373	0.0145971	0.004817	0.0154989	0.176569	0.0107666	0.00721555	0.00622508	0.014105	0.045172	0.00556774	0.00608978	0.00361239	0.0066085	0.0132484	0.0135679	0.0182153	0.0166745	0.530285	0.0787268
34	0.0458051	0.0192406	0.323187	0.0884114	0.0119907	0.028145	0.0203609	0.0149966	0.0224357	0.013319	0.00758854	0.163808	0.00259125	0.0229972	0.0445576	0.105537	0.0365554	0.0252775	0.000889808	0.00230503
35	0.0933155	0.00575276	0.151436	0.188426	0.00194595	0.0492858	0.0283023	0.00465694	0.0652146	0.0237798	0.0134265	0.0565255	0.00910891	0.0715177	0.0747234	0.0975297	0.0386118	0.0243191	0.000879309	0.00124204
36	0.448066	0.139645	0.00549503	0.00630258	0.00905971	0.0584346	0.00498679	0.0204308	0.00314248	0.0195177	0.00952928	0.00849806	0.00163975	0.00715497	0.00521387	0.0984671	0.0418164	0.0977997	0.00216542	0.0126349
37	0.0649133	0.00774034	0.118422	0.190272	0.00595679	0.00962571	0.00692535	0.118802	0.00600686	0.152134	0.0485594	0.0278395	0.00572777	0.00929608	0.0127061	0.0229047	0.0477334	0.136426	0.00264415	0.00536474
38	0.0873174	0.0311816	0.012357	0.00802458	0.0204897	0.00700467	0.00691813	0.160883	0.00733907	0.128206	0.0732305	0.0064787	0.00839201	0.0161144	0.0199078	0.090962	0.073877	0.209755	0.00609639	0.0254657
39	0.0819588	0.025996	0.00639306	0.0522892	0.0180338	0.00595615	0.0185643	0.0509442	0.102637	0.0656963	0.0126617	0.024759	0.0028789	0.0895977	0.252162	0.0852599	0.0345314	0.0528516	0.00730383	0.00952538
40	0.0119349	0.0261262	0.00717483	0.0173361	0.374549	0.0031431	0.0292741	0.0130616	0.00260651	0.182647	0.0102028	0.0100876	0.00522465	0.00904872	0.0126307	0.0118436	0.00517176	0.020975	0.0172322	0.22973
41	0.026633	0.0475796	0.00562433	0.0112887	0.0298272	0.00544878	0.0440876	0.0512919	0.0819588	0.211509	0.153294	0.00926276	0.00616563	0.0171007	0.0381334	0.0259028	0.0225506	0.095399	0.038734	0.0782087
42	0.0298642	0.0169362	0.000761018	0.00293313	0.037287	0.00150296	0.000810616	0.256452	0.00087267	0.357169	0.0529366	0.000924685	0.00332719	0.00536422	0.00469465	0.00426253	0.0116589	0.202016	0.00121256	0.00901374
43	0.0670265	0.0306919	0.0065666	0.0215488	0.0820946	0.0071927	0.0428416	0.0381467	0.0761128	0.116701	0.0275365	0.0223453	0.00518627	0.0845425	0.107862	0.0592894	0.0304465	0.0415544	0.0449557	0.0873579
44	0.0761402	0.0113107	0.0184696	0.182377	0.0102836	0.0246775	0.00991168	0.00767792	0.149597	0.0137445	0.00493225	0.0195055	0.00349827	0.22722	0.11771	0.0419404	0.0383552	0.0322025	0.00327881	0.00716671
45	0.0855823	0.0253476	0.0448818	0.164033	0.0121706	0.0386546	0.0221187	0.0124239	0.0908761	0.0230865	0.0116959	0.0300409	0.00837589	0.160091	0.100878	0.0634704	0.044661	0.0458146	0.00434208	0.0114557
46	0.0233334	0.0215345	0.00679749	0.0484073	0.0218348	0.0114496	0.1019	0.0321096	0.124751	0.0752941	0.0160679	0.0439411	0.00261982	0.0706428	0.155989	0.0683517	0.0502518	0.0432932	0.0248334	0.056597
47	0.00373189	0.0277295	0.0084582	0.00912448	0.424742	0.00159419	0.0222888	0.0142901	0.00128036	0.0857336	0.00545921	0.00441379	0.00561443	0.0106701	0.0141052	0.00681099	0.00260236	0.0195382	0.0203676	0.311445
48	0.0198122	0.00964713	0.00221866	0.0101364	0.0914625	0.00209406	0.00326486	0.0922123	0.00419899	0.563369	0.0839948	0.00291608	0.00604767	0.00344883	0.00592925	0.00762003	0.011737	0.0625033	0.00266676	0.0147204
49	0.0528912	0.017053	0.311148	0.102424	0.00554795	0.0307244	0.0191824	0.0084683	0.0432533	0.0150066	0.010651	0.122896	0.00388542	0.0345126	0.045903	0.114021	0.0296773	0.0277511	0.00139594	0.00360733
50	0.0520693	0.0453791	0.00645773	0.0189822	0.182182	0.00572221	0.0742794	0.0129922	0.00325491	0.258887	0.0236189	0.0319919	0.00412595	0.00962472	0.0218216	0.055154	0.0208226	0.0418311	0.0101655	0.120638
51	0.0385428	0.0125252	0.00536678	0.0095636	0.0310919	0.00260876	0.00528235	0.173146	0.00758519	0.354968	0.0763762	0.00597663	0.00680252	0.0100766	0.0193672	0.0286642	0.0374724	0.159696	0.00368191	0.0112066
52	0.0909911	0.00617241	0.149015	0.187386	0.00254835	0.0507843	0.0296146	0.00519038	0.0659847	0.0241809	0.0131127	0.0559563	0.0100514	0.0701588	0.0779711	0.0937991	0.0386723	0.0249151	0.0011488	0.00234637
53	0.153453	0.0193053	0.0342318	0.0285812	0.0129193	0.0614158	0.0250969	0.0112946	0.0653567	0.022232	0.00752145	0.0510862	0.196875	0.0248429	0.0473456	0.159502	0.0485315	0.0153466	0.00221312	0.012849
54	0.0353318	0.0113866	0.00699943	0.00944191	0.0280647	0.00166565	0.00567718	0.159072	0.00927318	0.351594	0.0843815	0.00699427	0.00717486	0.0107563	0.025433	0.0305061	0.0454756	0.156837	0.00384695	0.010088
55	0.0365798	0.0291255	0.0298182	0.0466562	0.0190456	0.068516	0.0907194	0.0171273	0.0684489	0.0107473	0.0134957	0.137681	0.00461572	0.0784812	0.142046	0.079339	0.0693683	0.0191582	0.00564976	0.0333809
56	0.0365122	0.0454917	0.00868216	0.0115639	0.00547521	0.00234457	0.00195365	0.201472	0.00767522	0.124574	0.0284095	0.00458612	0.00220135	0.00782415	0.0109316	0.0203416	0.0690268	0.403404	0.00177449	0.00575611
57	0.0223651	0.0129144	0.00292016	0.0130619	0.109268	0.00325088	0.011623	0.0749151	0.00401217	0.531902	0.0699974	0.00690631	0.00638254	0.00449727	0.00780423	0.0118246	0.0130407	0.0568003	0.00339279	0.0331213
58	0.0232746	0.00820986	0.00611279	0.00960754	0.0079149	0.011603	0.00953282	0.018654	0.0650134	0.0124341	0.0101912	0.0123249	0.0208576	0.201949	0.446385	0.0482073	0.0495839	0.0119258	0.0206229	0.00559528
59	0.0445244	0.0449821	0.034844	0.0635565	0.00953507	0.056569	0.068814	0.0124085	0.0714455	0.0118088	0.0137367	0.143837	0.00613694	0.0694009	0.107454	0.114188	0.0839788	0.0170039	0.00280804	0.0229676
60	0.0555639	0.0112861	0.0423049	0.249137	0.0146849	0.01996	0.0283141	0.0104529	0.132086	0.0156559	0.00388077	0.0148886	0.00675988	0.162023	0.103953	0.041539	0.025421	0.0294932	0.00631211	0.0262846
61	0.0349408	0.0137254	0.00659372	0.0215524	0.0300221	0.00373333	0.00347291	0.2178	0.00465812	0.32946	0.0810873	0.00468437	0.00390715	0.0060817	0.0115553	0.0161395	0.0277616	0.164026	0.0049069	0.0138914
62	0.21169	0.0137979	0.00327044	0.0134004	0.00333661	0.00319823	0.00329798	0.0235026	0.00322356	0.0327898	0.0117547	0.00445397	0.0140468	0.0037971	0.0120856	0.230039	0.374624	0.0331915	0.00165103	0.00284853
63	0.107844	0.0191267	0.0165018	0.0197851	0.0229739	0.0384431	0.0260385	0.0454911	0.0256837	0.0798531	0.0209367	0.0235126	0.193934	0.0573869	0.0599905	0.117725	0.0599402	0.0461419	0.00385729	0.0148343
64	0.0412206	0.0154029	0.00743461	0.0187577	0.0317304	0.00353986	0.0175806	0.125422	0.0201973	0.265327	0.0703868	0.0219429	0.0127746	0.0343896	0.0495201	0.047153	0.0508995	0.142575	0.0059436	0.017802
65	0.0412171	0.0285239	0.0154008	0.118869	0.0130116	0.0129667	0.0356042	0.0188631	0.189832	0.0355402	0.00848476	0.0264362	0.00499251	0.0766838	0.164047	0.0707389	0.0519291	0.0424081	0.0101944	0.0342573
66	0.0336045	0.012611	0.00407601	0.00775133	0.0274414	0.00163348	0.004755	0.19313	0.0074561	0.335963	0.0732548	0.00570599	0.00619164	0.00973983	0.0206301	0.0244142	0.0367269	0.181147	0.00357108	0.0101967
67	0.0412408	0.0525875	0.0249177	0.0628913	0.0119225	0.0441416	0.0921168	0.0165112	0.075497	0.022926	0.0146945	0.118489	0.0054441	0.0798171	0.123133	0.0859168	0.0729405	0.0235075	0.00598082	0.0253243
68	0.098126	0.0203378	0.0149555	0.0857396	0.0549554	0.00527373	0.0151142	0.046171	0.0631698	0.0722752	0.0168656	0.0405861	0.0033451	0.107542	0.134624	0.0726821	0.0652555	0.0562979	0.0165105	0.0101733
69	0.0203811	0.0111275	0.00235662	0.0106085	0.0924083	0.0022927	0.00638934	0.0790248	0.00674866	0.549466	0.0887613	0.00346199	0.00602306	0.00447625	0.00887061	0.0100235	0.0140812	0.0558195	0.00479594	0.0228832
70	0.311093	0.0315536	0.0130733	0.0122909	0.0328301	0.0191026	0.0123932	0.00970222	0.0118024	0.0215244	0.00766713	0.0112226	0.124537	0.0107256	0.0202704	0.252862	0.0674203	0.0180634	0.00251414	0.00935111
71	0.0589576	0.0545593	0.00830685	0.0072797	0.187957	0.00243711	0.0587206	0.0201312	0.00572126	0.120451	0.0391992	0.0212843	0.0018292	0.0150794	0.0444849	0.0757836	0.0318971	0.067754	0.0207229	0.157443
72	0.0296425	0.0165309	0.000790769	0.00359025	0.0415853	0.00156109	0.000907878	0.25295	0.00115228	0.358423	0.0538016	0.00106266	0.0034817	0.0052647	0.00498322	0.00415898	0.011391	0.197877	0.00149542	0.00934995
73	0.14505	0.0170752	0.036004	0.0165073	0.0249924	0.0243059	0.022313	0.00645248	0.0295524	0.0185137	0.00740927	0.0305157	0.305487	0.0138805	0.0464423	0.200524	0.0372462	0.00787757	0.00154471	0.00830644
74	0.196716	0.00659504	0.0114918	0.00676215	0.0109713	0.0148747	0.0295607	0.00604545	0.0281683	0.0269159	0.0107605	0.00455576	0.420226	0.00574248	0.0404712	0.11561	0.0541862	0.00623599	0.00123873	0.00287164
75	0.106594	0.0137181	0.0432661	0.100781	0.00493419	0.0417985	0.0608737	0.00935838	0.0173318	0.0336748	0.0118108	0.043089	0.0230531	0.0525394	0.0472123	0.216845	0.133495	0.0178826	0.0150856	0.00665708
76	0.0357003	0.0124828	0.00628762	0.0078684	0.0377457	0.00276732	0.011235	0.13973	0.0143007	0.284159	0.10275	0.00790456	0.0139785	0.0175578	0.0390209	0.042857	0.0532199	0.147294	0.00733406	0.0158065
77	0.0300024	0.016962	0.00073198	0.00269883	0.037595	0.00150567	0.000704224	0.259682	0.000744629	0.353747	0.0514033	0.000858936	0.00343191	0.00535457	0.00450051	0.00384077	0.0109421	0.205361	0.00106559	0.00886746
78	0.119504	0.0119945	0.0616471	0.0729239	0.00968201	0.0314824	0.0421093	0.00900067	0.0378253	0.0368614	0.0117909	0.0328081	0.229526	0.0311018	0.0492839	0.130913	0.0498214	0.017884	0.00385142	0.00998827
79	0.0808439	0.0212375	0.0479752	0.0523184	0.00601299	0.053819	0.0291057	0.00631991	0.0771928	0.0126949	0.00624492	0.079707	0.171009	0.0370469	0.0611082	0.175468	0.0569536	0.00889036	0.00160495	0.0144464
80	0.0322317	0.017517	0.0284813	0.0268665	0.0256664	0.0940896	0.096631	0.0102394	0.0731043	0.00882432	0.0077905	0.126341	0.00479296	0.0846391	0.191346	0.0640076	0.049072	0.0128336	0.0103568	0.0351695
81	0.107224	0.0229623	0.0174083	0.0359873	0.0714839	0.0264966	0.0383009	0.029781	0.0515998	0.0550035	0.0176825	0.0354032	0.0169257	0.0657527	0.206577	0.0712182	0.0424424	0.0421055	0.0122727	0.0333725
82	0.026645	0.013493	0.0039998	0.0102872	0.0680633	0.00347635	0.00685778	0.0953306	0.00721448	0.493896	0.0830838	0.00496472	0.0174135	0.00916688	0.0135691	0.018556	0.0222517	0.0811768	0.00423606	0.0163176
83	0.0317144	0.012332	0.0764902	0.269723	0.0114554	0.0115538	0.0727559	0.0194564	0.0866292	0.0242745	0.00317331	0.0123193	0.0193503	0.0919221	0.0928068	0.0349351	0.00810268	0.0338377	0.0167506	0.0704172
84	0.0597671	0.0353374	0.0165004	0.0453535	0.0103124	0.0214663	0.0700639	0.0281573	0.0617202	0.0467395	0.036377	0.0900245	0.00729746	0.0840396	0.0817144	0.129829	0.0924012	0.0511104	0.00744759	0.0243406
85	0.0285231	0.0142331	0.00218159	0.00564042	0.0434628	0.00191128	0.00217571	0.211021	0.00262654	0.397208	0.0596098	0.00230272	0.00468686	0.00628273	0.00763563	0.00925988	0.0167213	0.172564	0.00172231	0.010231
86	0.0297483	0.0170409	0.000744715	0.00293066	0.0391745	0.00154406	0.000720959	0.256837	0.000769164	0.357663	0.0521502	0.000841915	0.00336283	0.00531675	0.00447037	0.00392692	0.0109635	0.201565	0.0011321	0.0090975
87	0.0723609	0.0133597	0.0379757	0.0457438	0.00157342	0.0247402	0.0266178	0.00669649	0.189004	0.0257262	0.0056511	0.0691408	0.0117861	0.0604738	0.150588	0.175492	0.0680946	0.00661351	0.000955959	0.00740591
88	0.290178	0.0845258	0.0695543	0.0364658	0.0104912	0.043464	0.0201218	0.0120768	0.014076	0.0203367	0.00911341	0.0219961	0.0117725	0.0428276	0.0242317	0.176707	0.0506395	0.0384779	0.00473503	0.0182092
89	0.0429394	0.0150466	0.0144783	0.00441788	0.0462599	0.0047895	0.0181377	0.111853	0.0124312	0.21121	0.0474811	0.00777771	0.03885	0.0445658	0.0528799	0.0656672	0.0604726	0.165844	0.00352318	0.0313756
90	0.00373414	0.0277061	0.00845362	0.00912151	0.424547	0.00158888	0.0223019	0.014292	0.00128288	0.0857171	0.00546125	0.00443276	0.00562156	0.0106617	0.0141145	0.00681943	0.00260322	0.0195536	0.0204438	0.311543
91	0.0439259	0.0200152	0.017926	0.0187075	0.0968015	0.0606345	0.1447	0.0218161	0.0273713	0.107152	0.0132473	0.0748927	0.0475648	0.0381891	0.0663597	0.0554868	0.0358483	0.0278157	0.00721917	0.0743266
92	0.0148906	0.040303	0.00989558	0.01134	0.355328	0.00167655	0.0335231	0.0150634	0.00183077	0.0865777	0.0114568	0.0101438	0.00417267	0.0163198	0.0250385	0.0229491	0.0078301	0.0321263	0.0216862	0.277848
93	0.0379726	0.0433285	0.00799487	0.0101096	0.00818141	0.00221968	0.00174137	0.208464	0.00629029	0.149061	0.0292936	0.00395032	0.00244182	0.00721706	0.0101507	0.0186688	0.0628834	0.382834	0.00150306	0.00569344
94	0.0882348	0.0121675	0.0124564	0.16297	0.0113715	0.0235632	0.00725333	0.00967275	0.142982	0.0162027	0.0054998	0.0183238	0.00294473	0.234527	0.12639	0.0429278	0.039643	0.0355453	0.00301729	0.00430717
95	0.00857141	0.0185254	0.00523812	0.0110433	0.284998	0.00562548	0.00985124	0.00760033	0.00814066	0.062883	0.00475961	0.00495887	0.00364423	0.00707557	0.0119121	0.0089752	0.0108954	0.0173866	0.355085	0.152831
96	0.143201	0.0462617	0.0335213	0.0298416	0.00597614	0.0643271	0.0236643	0.0090013	0.0189557	0.025171	0.0139465	0.0346924	0.0177679	0.0368266	0.0278979	0.365898	0.0639511	0.0288636	0.00284006	0.00739504
97	0.0194529	0.0102743	0.00766696	0.00920743	0.00954562	0.00968721	0.333569	0.0112669	0.0304918	0.0170317	0.031881	0.186002	0.143402	0.00981322	0.0599146	0.0438767	0.0388678	0.0159882	0.00327805	0.00878291
98	0.0271506	0.0249888	0.411604	0.0443589	0.00702862	0.0173987	0.0132076	0.00917367	0.0264096	0.00832733	0.0100448	0.190975	0.00101085	0.0150796	0.0311552	0.121169	0.0193489	0.0193259	0.000706783	0.00153498
99	0.0373487	0.00455814	0.0238272	0.00675552	0.00477227	0.701455	0.0221496	0.00359303	0.0154009	0.0117877	0.00830008	0.0376519	0.00633762	0.0041288	0.0220896	0.0502486	0.0110972	0.00555978	0.0152058	0.00773197
100	0.0713083	0.0113108	0.0384566	0.0474706	0.00158792	0.0214274	0.0229628	0.00700975	0.210958	0.0244155	0.0015525	0.0626665	0.0125765	0.0541438	0.170181	0.158997	0.0696903	0.00390525	0.000903091	0.00847577
101	0.0289238	0.0142191	0.00335105	0.0108998	0.0745563	0.00299318	0.0648989	0.0156037	0.0757024	0.125842	0.103178	0.00577873	0.00234433	0.0285782	0.105795	0.0217696	0.010218	0.0571334	0.0264142	0.2218
102	0.0257109	0.0130979	0.00264103	0.00922824	0.0536958	0.0019149	0.0040818	0.141269	0.00530642	0.475845	0.0779339	0.00335392	0.00482232	0.00521273	0.00935136	0.0121676	0.0196051	0.119658	0.00252732	0.0125775
103	0.408449	0.110168	0.00659819	0.00891221	0.0109107	0.0460923	0.00678545	0.0242152	0.00533812	0.0434641	0.01635	0.0198013	0.00532981	0.0105099	0.0104177	0.0921723	0.0355184	0.123582	0.00243046	0.0129545
104	0.175004	0.0240976	0.00561078	0.0101976	0.0030364	0.0107066	0.0051618	0.0196392	0.00276506	0.0259027	0.00957679	0.00609247	0.0102353	0.00459211	0.0112548	0.347165	0.298502	0.0267807	0.00133996	0.0023393
105	0.376271	0.124434	0.00915308	0.0131312	0.0100544	0.0778478	0.00955663	0.0146438	0.0037639	0.00948927	0.00238263	0.00823602	0.00215768	0.0135067	0.0081579	0.159962	0.0890276	0.0492083	0.00337207	0.0156436
106	0.118643	0.072079	0.0315939	0.00607575	0.00232653	0.073134	0.00798949	0.0140174	0.00209576	0.0391714	0.0210781	0.0102418	0.0103664	0.00563965	0.017406	0.453222	0.0702131	0.0417034	0.00110967	0.00189391
107	0.0728502	0.02043	0.0313616	0.0382727	0.00241341	0.0252334	0.0198993	0.00835169	0.213892	0.0263198	0.00338825	0.0645128	0.0113418	0.0516732	0.170105	0.174861	0.050186	0.00623431	0.00113315	0.00753934
108	0.081494	0.0132772	0.219234	0.132565	0.00559235	0.0530504	0.0252789	0.0083286	0.0451713	0.018663	0.0103736	0.0792031	0.0107214	0.0475116	0.0612573	0.121337	0.0380921	0.0233245	0.001343	0.00418149
109	0.123157	0.023448	0.0366768	0.0324588	0.00919363	0.0664731	0.0223299	0.00443871	0.049153	0.00884631	0.00321346	0.0772668	0.197578	0.025609	0.0350668	0.212149	0.0461455	0.00622637	0.00196387	0.0186067
110	0.050095	0.00534596	0.0028932	0.00269943	0.00860545	0.00182	0.00158483	0.33895	0.00197066	0.075757	0.0126151	0.00247163	0.00573788	0.00243726	0.00437286	0.0133007	0.0207519	0.445119	0.000802914	0.00266931
111	0.118537	0.0736093	0.0318035	0.00564632	0.00231153	0.0734305	0.00744018	0.0146408	0.00207789	0.0397785	0.0220027	0.0102314	0.0107498	0.00523196	0.0173178	0.449155	0.0712083	0.0420168	0.000968206	0.00184302
112	0.0612994	0.059483	0.0101958	0.00788942	0.193143	0.00267193	0.0601098	0.0216603	0.00409662	0.111298	0.0365853	0.0236575	0.00200816	0.0157679	0.0370722	0.0845645	0.0347502	0.0615943	0.0178999	0.154253
113	0.0299906	0.0171945	0.000725045	0.00274637	0.0377861	0.00151797	0.00069151	0.258269	0.000744192	0.35605	0.0518346	0.000837797	0.00336887	0.00538993	0.00450437	0.00382743	0.0110428	0.203314	0.00112695	0.00903778
114	0.245703	0.058053	0.0188426	0.0200664	0.00373065	0.0238379	0.0162405	0.00750481	0.00245349	0.0442684	0.00844906	0.00767265	0.00758216	0.013166	0.0177502	0.373048	0.0751522	0.0511824	0.00129386	0.00400261
115	0.0112454	0.0140997	0.00419669	0.0149116	0.182616	0.010228	0.00606071	0.00606141	0.0137005	0.046004	0.00491863	0.00578897	0.00354388	0.0062202	0.0124121	0.0117233	0.0175933	0.0158249	0.531384	0.0814661
116	0.0856146	0.0242102	0.0442258	0.0326737	0.00967781	0.0478214	0.0278797	0.00866121	0.0544616	0.0167266	0.00799182	0.0756665	0.132037	0.0276961	0.0637075	0.261799	0.0493212	0.0141097	0.00260473	0.0131136
117	0.119974	0.0177846	0.0453797	0.0226958	0.013587	0.0373709	0.0240819	0.00807665	0.0365562	0.0197718	0.00814737	0.0430972	0.286927	0.0182283	0.0399569	0.192967	0.0423729	0.0106617	0.00179779	0.010565
118	0.0268693	0.0241725	0.405646	0.0455694	0.00772382	0.0172586	0.0134996	0.0100594	0.0258237	0.00869759	0.00968723	0.194307	0.00106445	0.0151373	0.0330278	0.117223	0.0212335	0.0203678	0.000718992	0.00191293
119	0.0397769	0.013562	0.234547	0.0578198	0.0050375	0.19947	0.0194161	0.0217031	0.0083421	0.016101	0.00553885	0.0723264	0.00594448	0.00862027	0.0158055	0.218672	0.0326699	0.00897227	0.00293238	0.0127424
120	0.0216237	0.0138131	0.00382917	0.0159314	0.0500705	0.00380917	0.0729338	0.0194908	0.0982787	0.142301	0.127926	0.00557135	0.00271117	0.038543	0.0779667	0.0154377	0.00847979	0.0514583	0.0205019	0.209322
121	0.0299598	0.0171123	0.000724507	0.00273031	0.0377707	0.00152042	0.000687164	0.258589	0.000746809	0.355494	0.0517563	0.000852047	0.00339263	0.00537414	0.00451782	0.0038508	0.0110526	0.203768	0.00111267	0.0089876
122	0.0315574	0.0176475	0.000888145	0.00306883	0.0366862	0.00164991	0.00084206	0.254058	0.00101091	0.351702	0.0523871	0.00103909	0.00329629	0.00551543	0.00500005	0.00502169	0.012396	0.205181	0.00129176	0.00976052
123	0.123321	0.0902458	0.021901	0.0056724	0.00632502	0.0224357	0.00549951	0.0536637	0.00415474	0.0337134	0.0211118	0.0113609	0.00846157	0.0073971	0.0181745	0.229906	0.190826	0.139698	0.00180062	0.00433098
124	0.226217	0.196806	0.00334456	0.00311193	0.0114046	0.0937274	0.0035216	0.0280129	0.00716836	0.00950714	0.00242657	0.01368	0.00179916	0.00309619	0.00366971	0.157791	0.164686	0.066182	0.00123027	0.00261741
125	0.319531	0.137799	0.00937827	0.0107168	0.00984306	0.0876091	0.00826412	0.0168871	0.00460718	0.010615	0.00353354	0.0097208	0.00307173	0.0104195	0.00792727	0.181855	0.104409	0.0490333	0.00268337	0.012096
126	0.0919109	0.0409095	0.012274	0.0475562	0.0163321	0.0290937	0.0165126	0.0316364	0.0115881	0.0812902	0.0545691	0.0353848	0.034519	0.113056	0.0411198	0.142082	0.115587	0.070932	0.00543479	0.00821221
127	0.167301	0.027656	0.164578	0.0664369	0.0152912	0.0192082	0.0401647	0.00608037	0.0287649	0.00883367	0.00499744	0.0395467	0.00351426	0.00841195	0.0407977	0.10246	0.132532	0.101643	0.00185775	0.0199238
128	0.0406974	0.00661517	0.00151981	0.00189062	0.0146191	0.00151616	0.00114826	0.333405	0.0011297	0.136075	0.0185258	0.00133673	0.00367535	0.0024708	0.00338574	0.00699149	0.0139448	0.406104	0.00071141	0.00423749
129	0.0245316	0.0206041	0.00221369	0.0353672	0.0221306	0.00899812	0.0997866	0.0326514	0.12915	0.0800818	0.0179522	0.0424796	0.00175607	0.0654513	0.158842	0.0727613	0.0568708	0.0476471	0.0257424	0.0549822
130	0.0307085	0.0183514	0.00114366	0.00311227	0.0351956	0.00148055	0.000807424	0.256529	0.00109514	0.340914	0.0504183	0.0012405	0.00366723	0.00555939	0.00547584	0.00506244	0.0132856	0.216103	0.00116684	0.00868293
131	0.00857103	0.0248555	0.00576467	0.00766906	0.282338	0.0032098	0.0135452	0.00872644	0.0050575	0.0664711	0.00590284	0.00518097	0.00369939	0.00782479	0.0134554	0.00975961	0.00781472	0.0223794	0.317861	0.179913
132	0.0268348	0.0233662	0.407747	0.0466223	0.00775945	0.017162	0.0134201	0.010157	0.0252746	0.00882781	0.0092813	0.194438	0.000992392	0.0149959	0.0331893	0.115771	0.0214053	0.0204231	0.000672895	0.00165898
133	0.101673	0.023426	0.0125441	0.0103422	0.00444349	0.00376061	0.00271416	0.216153	0.00448345	0.0953722	0.0379309	0.0052022	0.00392218	0.00611893	0.0159334	0.0431846	0.0896528	0.316965	0.00134353	0.00483445
134	0.211408	0.199563	0.00344979	0.00271869	0.0113618	0.0863884	0.00335389	0.0280848	0.00804746	0.011718	0.00240725	0.0139293	0.00229684	0.00241842	0.00502061	0.162037	0.177441	0.0654368	0.00105156	0.00186724
135	0.463975	0.150994	0.00368104	0.00422711	0.00757761	0.0627434	0.00424152	0.020359	0.00329408	0.034974	0.0251012	0.00818092	0.00249587	0.00444018	0.00550707	0.0449096	0.00904648	0.131748	0.00175247	0.0107511
136	0.447549	0.0845706	0.0172844	0.0244894	0.0100052	0.0453811	0.0170156	0.00751716	0.00187438	0.0123226	0.0022215	0.00465296	0.00268658	0.0265615	0.0139746	0.166194	0.0428949	0.0429169	0.00545723	0.0244309
137	0.0113665	0.0152466	0.00478453	0.0144345	0.201178	0.0094041	0.00731621	0.00674805	0.0127089	0.0517557	0.00530855	0.00536994	0.0035272	0.00629867	0.0115989	0.0113455	0.0161575	0.016161	0.495486	0.0938038
138	0.0653001	0.0457914	0.00779457	0.00785103	0.164441	0.00364532	0.0620191	0.0264567	0.00961291	0.137571	0.0306289	0.0272387	0.00394505	0.0179068	0.0494975	0.093157	0.0432689	0.062166	0.0193353	0.122373
139	0.175277	0.00558833	0.0127574	0.00716882	0.00877152	0.0170436	0.0351533	0.00623865	0.0297864	0.0272471	0.0120574	0.00529103	0.439292	0.00624452	0.0470496	0.105075	0.049659	0.00581229	0.00133444	0.00315257
140	0.0234608	0.0123731	0.0165259	0.0248984	0.0304967	0.0694162	0.0995675	0.0146235	0.0940792	0.0263436	0.00821284	0.0833361	0.00347726	0.083595	0.217399	0.064748	0.0466838	0.0199483	0.0164234	0.0443915
141	0.0302701	0.017614	0.000813947	0.0030242	0.0468715	0.00210747	0.000973399	0.250908	0.00168013	0.345035	0.0525017	0.000914224	0.00350685	0.00533011	0.00477679	0.0051399	0.0118113	0.201941	0.002457	0.0123239
142	0.0357116	0.0188882	0.00123828	0.00535019	0.0336316	0.00737863	0.00147792	0.256817	0.00171883	0.254574	0.0439078	0.00161171	0.00278939	0.00450471	0.00438311	0.00979567	0.0165324	0.266012	0.00693022	0.0267463
143	0.201182	0.203312	0.0038065	0.0026035	0.013866	0.086385	0.00315367	0.0346958	0.00702563	0.00959216	0.00245251	0.0155438	0.00211153	0.00254419	0.00430178	0.159116	0.17017	0.0750584	0.00115991	0.00191946
144	0.298413	0.105408	0.0117626	0.0116361	0.00847093	0.201974	0.0111134	0.0126333	0.00516855	0.00823294	0.00340741	0.0133362	0.00388201	0.0116482	0.00945165	0.149322	0.0782532	0.0384567	0.00371939	0.0137112
145	0.116262	0.0706523	0.0321801	0.00712078	0.00290687	0.0737016	0.00731449	0.0204065	0.00247594	0.0474464	0.0257732	0.0103526	0.0113436	0.00949435	0.0168264	0.420109	0.0740246	0.0476859	0.0012883	0.00263515
146	0.12125	0.0606379	0.00615567	0.0191695	0.00965115	0.0385932	0.00706934	0.0279823	0.00497969	0.121814	0.0430972	0.0376138	0.048373	0.104141	0.0180587	0.121382	0.148975	0.0428028	0.0133434	0.00491086
147	0.0849541	0.00769837	0.198183	0.166559	0.00246698	0.0452431	0.0250319	0.00522444	0.0653287	0.0212749	0.0141597	0.0654172	0.00779859	0.065271	0.0683526	0.0936142	0.034899	0.0260854	0.00095438	0.00148312
148	0.0518618	0.0113164	0.0163055	0.0603231	0.0175943	0.00604278	0.00647844	0.166541	0.00973809	0.201061	0.0533656	0.021234	0.0146776	0.0204176	0.0340432	0.044384	0.0657566	0.185799	0.00356533	0.00949551
149	0.0392085	0.0110676	0.0062061	0.0119151	0.0251772	0.00252739	0.00775579	0.169441	0.0113223	0.306301	0.0769013	0.00958339	0.00850843	0.0128757	0.0270708	0.0343472	0.049702	0.174514	0.00469064	0.0108847
150	0.0233808	0.012327	0.0860282	0.267742	0.012799	0.0129573	0.0750505	0.0192317	0.0865405	0.0218607	0.00327219	0.0127483	0.0146759	0.0944412	0.0852344	0.0351222	0.00714607	0.0315446	0.0154779	0.0824201
151	0.0531495	0.0312179	0.033081	0.0492655	0.00484564	0.0360764	0.0390465	0.0121402	0.0517688	0.0302575	0.0501398	0.09537	0.00852207	0.0769599	0.0356701	0.257481	0.0815811	0.0433603	0.00177915	0.00828723
152	0.0346995	0.0156207	0.0159809	0.100637	0.0909991	0.0443607	0.0249872	0.018668	0.0724273	0.0677515	0.0116604	0.0195687	0.00810385	0.0298059	0.0472063	0.0395877	0.0657512	0.0266039	0.234655	0.0309245
153	0.0807393	0.0114846	0.12576	0.173781	0.00320484	0.0475471	0.0370312	0.00761452	0.0666038	0.0237903	0.0136439	0.0584893	0.0115025	0.0754103	0.0803166	0.101756	0.0469339	0.0260197	0.00171658	0.00665498
154	0.0551648	0.0123342	0.0861768	0.0184823	0.0318634	0.195089	0.0404837	0.0586907	0.0629319	0.0183827	0.0360035	0.0433334	0.0446372	0.038271	0.0189186	0.114532	0.0521315	0.05999	0.00376578	0.0088167
155	0.0609609	0.0152655	0.0190863	0.0112291	0.0475401	0.0111528	0.0505202	0.0657964	0.0145884	0.143968	0.0250908	0.0226018	0.0415807	0.0670737	0.0715685	0.0888111	0.0844613	0.111397	0.00355469	0.0437537
156	0.0253728	0.00751722	0.00537774	0.00967904	0.00662102	0.0208558	0.0182169	0.0253529	0.128904	0.00955082	0.0133881	0.0245113	0.00735553	0.11069	0.461358	0.052565	0.048388	0.00946864	0.00750116	0.00732638
157	0.0332823	0.00578182	0.00157861	0.002158	0.0117445	0.00199677	0.00138547	0.333644	0.00175934	0.0821911	0.0127445	0.00162118	0.0032652	0.00187541	0.00273702	0.00716633	0.0185256	0.471283	0.00108781	0.00417217
158	0.0433667	0.0142309	0.00915988	0.0128318	0.0229356	0.00843233	0.0653701	0.0614847	0.0388884	0.128564	0.017322	0.0985215	0.0251999	0.0783052	0.0872174	0.0833358	0.0760813	0.0748054	0.00685307	0.047094
159	0.127228	0.0284096	0.163153	0.0435608	0.00523212	0.128901	0.0620919	0.00960241	0.0123328	0.0116455	0.00545529	0.0583453	0.00849951	0.0177883	0.014319	0.229561	0.0509701	0.0115428	0.00280053	0.00856102
160	0.0300312	0.0171707	0.000732108	0.00280818	0.0376923	0.00152536	0.000705197	0.257956	0.000757445	0.356227	0.0520368	0.000867667	0.00335821	0.00537595	0.00453735	0.00386745	0.011113	0.20305	0.00113165	0.00905625
161	0.434087	0.0977198	0.0132821	0.0262603	0.0151985	0.0557544	0.0184965	0.0113502	0.00233262	0.00707682	0.00229098	0.0075032	0.00276121	0.0246363	0.0146049	0.138074	0.0468513	0.0335331	0.00819507	0.0399919
162	0.0354658	0.0394211	0.0033328	0.0155119	0.0346947	0.0157325	0.00378545	0.228567	0.00512468	0.182469	0.0521746	0.00380013	0.00345736	0.00563165	0.00777432	0.0221711	0.031029	0.237273	0.0191511	0.0534327
163	0.0851595	0.0175282	0.0452428	0.036499	0.00487545	0.055752	0.0222118	0.00427615	0.103225	0.0111715	0.00198986	0.0885543	0.169917	0.0320783	0.0729902	0.182439	0.0443459	0.00444088	0.00124106	0.0160621
164	0.047971	0.0213715	0.302053	0.0649857	0.0345184	0.0250255	0.0336006	0.0277151	0.019084	0.0163028	0.00876063	0.177466	0.00387465	0.0188075	0.0402027	0.0915856	0.0322787	0.0251026	0.00238768	0.0069058
165	0.0443474	0.00642619	0.0398449	0.0139919	0.00398576	0.565645	0.0235199	0.00563547	0.0199414	0.00965699	0.00695102	0.0616085	0.0277876	0.0095756	0.0289323	0.0868532	0.0226335	0.005417	0.00552912	0.0117171
166	0.0716157	0.0114415	0.0377937	0.0472104	0.00156403	0.02144	0.0228239	0.00712409	0.21149	0.0243021	0.00162444	0.0630768	0.0122673	0.0552171	0.170849	0.159038	0.0682619	0.00389147	0.000893378	0.00807512
167	0.0280659	0.0214707	0.00228072	0.034963	0.0225123	0.00829583	0.100505	0.0332788	0.117014	0.0814282	0.0209298	0.045598	0.00208775	0.0654257	0.154141	0.0762473	0.056983	0.0506803	0.0252361	0.0528571
168	0.0301485	0.0160478	0.00100235	0.00372763	0.036682	0.00149544	0.00113908	0.248356	0.00131512	0.360072	0.0576245	0.00122265	0.00332626	0.00533291	0.0056381	0.00546555	0.0134549	0.197417	0.00150422	0.00902691
169	0.0342772	0.0164697	0.000891679	0.00356143	0.0323897	0.00462746	0.000973509	0.266453	0.0010397	0.271063	0.0426815	0.00112643	0.00280215	0.00444824	0.00386077	0.00631713	0.0134008	0.270453	0.00387018	0.0192937
170	0.21991	0.180655	0.00502367	0.00452339	0.0159961	0.0829055	0.00420124	0.0367041	0.00637453	0.0107674	0.00331558	0.0211438	0.00225124	0.00476381	0.00501593	0.155268	0.156575	0.0786175	0.00153151	0.00445744
171	0.0866083	0.023063	0.0212284	0.0116652	0.0073112	0.00378012	0.00342243	0.17768	0.00585302	0.133551	0.0580364	0.00660569	0.00425747	0.00908652	0.0165321	0.0615307	0.0860359	0.274668	0.00186352	0.00722022
172	0.143887	0.0267437	0.148247	0.0833105	0.0120443	0.0207031	0.0460904	0.00667	0.0314654	0.0106174	0.0065076	0.0500204	0.00446095	0.0172908	0.0513742	0.108373	0.124156	0.0915409	0.00183704	0.0146597
173	0.0300957	0.0040935	0.0012663	0.00178334	0.0107409	0.00160572	0.00125283	0.352635	0.00147429	0.0821137	0.0100381	0.0014404	0.00336273	0.00178605	0.00221033	0.00597695	0.0129397	0.471612	0.000677917	0.0028948
174	0.0523249	0.0300725	0.0047691	0.0208933	0.0337143	0.00527469	0.0852905	0.0344854	0.0669702	0.100507	0.0568191	0.0379564	0.00459488	0.0427146	0.127963	0.0769295	0.0494247	0.0854726	0.0261216	0.0577014
175	0.0919514	0.0163599	0.00872252	0.00522071	0.0745643	0.0167922	0.0192074	0.101526	0.0155356	0.16609	0.0340748	0.00678987	0.0267679	0.0343462	0.0360262	0.108909	0.0553519	0.144235	0.00386486	0.033664
176	0.00715879	0.0293149	0.00847537	0.00927674	0.397179	0.00160841	0.0255553	0.0159495	0.0013313	0.0869132	0.00720396	0.00602947	0.00495727	0.0125274	0.0201891	0.0114975	0.00416869	0.0246913	0.021704	0.304269
177	0.0303162	0.0227912	0.37983	0.0547442	0.0108681	0.019864	0.0164526	0.0138621	0.0198053	0.00969536	0.00759169	0.19575	0.00103643	0.0138994	0.0396285	0.109611	0.0274281	0.0242	0.000758189	0.0018671
178	0.0454545	0.0151039	0.00548053	0.00676983	0.0711407	0.0044002	0.0119101	0.128206	0.0239406	0.277188	0.079887	0.00685108	0.0173913	0.016924	0.0344798	0.039575	0.0413425	0.139781	0.0136852	0.0204895
179	0.0874448	0.0463049	0.0153729	0.0198732	0.0125882	0.0121272	0.00989867	0.0940899	0.00909591	0.0612619	0.070092	0.0153134	0.0121591	0.0525368	0.0228378	0.170289	0.139043	0.135127	0.00342853	0.0111155
180	0.14728	0.0928948	0.015968	0.00741575	0.00400289	0.042068	0.0148034	0.0114839	0.00319643	0.0239915	0.00870057	0.0166049	0.00681375	0.00740919	0.0143352	0.4316	0.108059	0.0388685	0.00131755	0.00318602
181	0.030375	0.0167632	0.000789659	0.00327022	0.0386105	0.00162739	0.000952531	0.2548	0.00114098	0.35417	0.0542179	0.00103118	0.0034164	0.00538039	0.00501267	0.00445007	0.0119337	0.200988	0.00154944	0.00952021
182	0.114479	0.0949279	0.0235046	0.00548295	0.00284446	0.0341652	0.00766807	0.0142536	0.00260715	0.0318653	0.0171341	0.019995	0.0148704	0.00541147	0.0301283	0.384248	0.136568	0.0564259	0.00128617	0.00213497
183	0.0305741	0.0181866	0.00100929	0.00327523	0.0331076	0.00194268	0.000773585	0.25951	0.00122106	0.325754	0.047116	0.00118678	0.00302535	0.00587253	0.00458058	0.00485617	0.0145225	0.231226	0.00152746	0.0107332
184	0.0283518	0.0264058	0.340965	0.0386062	0.00648886	0.0309252	0.0133328	0.0108492	0.018615	0.00933275	0.00846904	0.150468	0.00313057	0.0124617	0.0252238	0.236159	0.0198151	0.015899	0.00118538	0.00331575
185	0.0858119	0.00909829	0.0848954	0.0965876	0.00138456	0.038746	0.0247949	0.00485151	0.154054	0.0240487	0.00522496	0.0631821	0.0146148	0.0568328	0.136346	0.140443	0.0440436	0.00941603	0.000694398	0.00492931
186	0.0399456	0.0269866	0.00518124	0.00791003	0.139614	0.00241352	0.0667755	0.0146261	0.0306308	0.120025	0.0597799	0.0119952	0.00185738	0.0237029	0.0917062	0.0439535	0.0173529	0.0605154	0.0272493	0.207779
187	0.0301897	0.0180392	0.000833857	0.00285771	0.0377229	0.00152031	0.000731256	0.256443	0.00087159	0.353809	0.0518813	0.000941512	0.00338028	0.00555532	0.00473685	0.00408951	0.0114825	0.204583	0.00116266	0.00916886
188	0.0293323	0.0150234	0.000897646	0.00274382	0.0316256	0.00161752	0.00096786	0.277214	0.00103527	0.302283	0.0436838	0.0012137	0.00335876	0.00475728	0.00428631	0.00457249	0.0125462	0.253531	0.00124395	0.00806544
189	0.0333129	0.0368998	0.00668187	0.00924985	0.0107031	0.00207228	0.00151208	0.220345	0.00611704	0.166521	0.0321052	0.00380044	0.00236496	0.00704522	0.00950996	0.0162465	0.0555469	0.372493	0.00137414	0.00609933
190	0.0753854	0.0287594	0.0644502	0.0377805	0.00395094	0.0802212	0.0437865	0.0101463	0.0218235	0.0187034	0.0172048	0.0875469	0.012175	0.0305653	0.0218372	0.333283	0.0812678	0.0220302	0.00229173	0.0067907
191	0.0401444	0.0172271	0.00975567	0.00496509	0.0465032	0.0039437	0.016973	0.125175	0.0155226	0.232712	0.0618652	0.00821701	0.0286216	0.0337723	0.0473935	0.0565848	0.0573792	0.16082	0.00611207	0.0263117
192	0.0782664	0.00993476	0.0386247	0.209545	0.00877338	0.0390084	0.0108377	0.00559733	0.129926	0.0123935	0.00607136	0.0214127	0.00431427	0.196339	0.100908	0.0493625	0.0379634	0.0328682	0.00274586	0.00510813
193	0.0316062	0.0172809	0.0014134	0.00400884	0.0303241	0.00173399	0.00109705	0.255385	0.00174528	0.322332	0.0490383	0.00174469	0.00303705	0.00567601	0.00565632	0.00674025	0.0193112	0.231484	0.00130636	0.00907972
194	0.0545666	0.016086	0.00840994	0.0177298	0.0398984	0.0147533	0.192873	0.0219135	0.0401868	0.0930272	0.0145608	0.0527967	0.00976368	0.0926575	0.143676	0.0456594	0.034245	0.0675264	0.0106995	0.0289699
