319	20
1	0.0586015	0.00474044	0.0198084	0.0228713	0.0173733	0.0305662	0.0230836	0.113096	0.0172173	0.0575909	0.0706114	0.0506094	0.0497296	0.0183282	0.0154268	0.0991404	0.196438	0.105203	0.00420665	0.0253568
2	0.174034	0.0156656	0.00702389	0.0099495	0.0219619	0.0542957	0.0125801	0.0209047	0.00160527	0.0242057	0.00390001	0.0168522	0.118034	0.00794208	0.00153335	0.337579	0.118378	0.0331345	0.000463243	0.0199583
3	0.100526	0.00695015	0.00144903	0.00101609	0.10443	0.0110123	0.00138468	0.184334	0.00105999	0.198442	0.0268839	0.00700659	0.0112046	0.000868162	0.00256737	0.0254211	0.0200369	0.289298	0.000567111	0.00554354
4	0.00544618	0.0024456	0.00373124	0.00292685	0.624889	0.00338612	0.00746764	0.0247473	0.00638619	0.205251	0.00324489	0.00416563	0.0032646	0.00254786	0.00287231	0.0380459	0.00514284	0.0491855	0.00124969	0.00360346
5	0.0439228	0.0267824	0.050624	0.0199272	0.0116188	0.462778	0.0430508	0.00784879	0.020385	0.00839198	0.00469737	0.0932562	0.0051555	0.0123205	0.0245173	0.116132	0.0241287	0.00715577	0.00796084	0.00934546
6	0.047828	0.00689445	0.00125729	0.00124872	0.0566276	0.012022	0.00246036	0.132895	0.00160017	0.537145	0.0507242	0.00243094	0.00365438	0.000904867	0.00310936	0.0153567	0.0117282	0.10648	0.00227544	0.00335759
7	0.00597067	0.00950578	0.00687184	0.0078005	0.000896838	0.00820018	0.0545313	0.00976653	0.233696	0.0227385	0.00114929	0.0246183	0.0100176	0.0684579	0.462831	0.0456603	0.0223224	0.00369363	0.00059456	0.000676426
8	0.0425161	0.00152319	0.00147771	0.00148132	0.0128423	0.00233136	0.0040402	0.137096	0.00170115	0.553135	0.0696243	0.00324299	0.00162156	0.00126714	0.0103147	0.00390129	0.0165604	0.116532	0.0143565	0.0044352
9	0.0646195	0.00321214	0.0192827	0.0443634	0.0294013	0.0117471	0.0417374	0.0505573	0.0243458	0.108924	0.0739025	0.0451958	0.068818	0.0400358	0.0335493	0.0794855	0.056414	0.0721321	0.0986772	0.0335996
10	0.0866376	0.00275476	0.00365056	0.068269	0.00399842	0.00496379	0.00411229	0.116524	0.00339587	0.0236134	0.0258164	0.00509204	0.00611336	0.0412847	0.00377782	0.00935791	0.0131254	0.572673	0.00201981	0.0028199
11	0.0497313	0.00232914	0.00174883	0.00181736	0.0120276	0.0036749	0.00426556	0.150103	0.00179329	0.510762	0.0662515	0.00357973	0.00166256	0.00170304	0.0102219	0.00575838	0.0191951	0.130133	0.0184495	0.0047917
12	0.0255591	0.00791389	0.000764287	0.000756104	0.00923197	0.000937011	0.00343967	0.471408	0.00313691	0.125737	0.0334187	0.000977074	0.000757129	0.00345385	0.000962315	0.00209993	0.0386217	0.269734	0.000351833	0.000738912
13	0.238629	0.075838	0.00224309	0.00548737	0.0457972	0.157864	0.00225145	0.0526908	0.00191993	0.0708344	0.00207892	0.00239387	0.00254752	0.00165457	0.00269544	0.143028	0.0300928	0.150349	0.00801529	0.0035901
14	0.113216	0.0079323	0.00170542	0.00101938	0.0757402	0.0115327	0.00110933	0.218152	0.00106269	0.194473	0.0290709	0.00412137	0.00494001	0.000758039	0.0020312	0.0236614	0.0245842	0.281894	0.000400292	0.00259518
15	0.234935	0.0768925	0.00220417	0.00456235	0.0472557	0.160801	0.00226314	0.05293	0.00192249	0.0703584	0.00204589	0.00243201	0.0026143	0.00158352	0.00265848	0.1433	0.0294486	0.150171	0.00807908	0.00354294
16	0.123011	0.0108134	0.0010259	0.000685249	0.0868938	0.0165719	0.000674158	0.180127	0.000738309	0.221153	0.0224793	0.00321253	0.00465698	0.000441454	0.00251512	0.0290042	0.0218437	0.271133	0.00050835	0.00251155
17	0.231034	0.0656163	0.00220344	0.00439366	0.0507258	0.141703	0.00257177	0.0669353	0.00188947	0.0887381	0.00414755	0.00258045	0.0029995	0.00158035	0.00290835	0.131132	0.0286902	0.157107	0.00914867	0.0038953
18	0.193579	0.0238725	0.00112218	0.000938368	0.0759888	0.0350715	0.00114601	0.14225	0.000906247	0.186915	0.014802	0.00243959	0.00394295	0.000807446	0.00269029	0.0577218	0.0285396	0.221584	0.00181938	0.00386337
19	0.128395	0.017807	0.000955232	0.000768073	0.0963806	0.0252254	0.000818838	0.162804	0.000784764	0.24805	0.0222079	0.00245761	0.00358636	0.000557603	0.00377515	0.0372729	0.0222483	0.222847	0.000893794	0.00216527
20	0.112175	0.0110797	0.000990923	0.000677215	0.0992513	0.0160138	0.000683072	0.18214	0.000727249	0.225971	0.0238401	0.00347707	0.00535297	0.000424114	0.00271385	0.0288978	0.0237845	0.258391	0.000446339	0.00296301
21	0.115128	0.00825489	0.000953947	0.000673118	0.0889579	0.0125528	0.000712797	0.182	0.000731055	0.211404	0.0215035	0.00342953	0.00533207	0.000512053	0.00208365	0.0241598	0.0224937	0.295787	0.000379726	0.00295073
22	0.1265	0.0181912	0.00093509	0.000740841	0.0970141	0.0251258	0.000816379	0.162894	0.000810708	0.250901	0.0223728	0.00239845	0.0035192	0.000556684	0.00391608	0.0366203	0.0222184	0.221467	0.000920838	0.00208154
23	0.112143	0.00896149	0.000951612	0.00058371	0.0955301	0.0134901	0.000642231	0.186815	0.000626648	0.217067	0.0233143	0.00378852	0.00595633	0.000430614	0.0022545	0.0264772	0.0229675	0.274367	0.000400856	0.0032312
24	0.0321611	0.00906224	0.000727684	0.000885317	0.0589032	0.00994067	0.00241426	0.0724494	0.00180639	0.680956	0.0348141	0.0010398	0.00378639	0.000746654	0.00204484	0.0116846	0.00909258	0.0646374	0.0016754	0.00117224
25	0.1265	0.0181912	0.00093509	0.000740841	0.0970141	0.0251258	0.000816379	0.162894	0.000810708	0.250901	0.0223728	0.00239845	0.0035192	0.000556684	0.00391608	0.0366203	0.0222184	0.221467	0.000920838	0.00208154
26	0.164459	0.00248188	0.0542282	0.0761697	0.0073175	0.0208812	0.0257009	0.0161231	0.0333562	0.0318188	0.0222739	0.0284086	0.185613	0.0528828	0.0169702	0.133652	0.0681134	0.051242	0.00175649	0.00655133
27	0.0258402	0.0011523	0.101493	0.114619	0.00266362	0.0115727	0.111027	0.00771084	0.066626	0.016359	0.0167959	0.0565882	0.0198593	0.170978	0.149963	0.0209178	0.0357588	0.0147172	0.000501582	0.0548569
28	0.0678106	0.00229085	0.0106861	0.00912591	0.0374495	0.00682652	0.0092886	0.178513	0.00693107	0.290054	0.115043	0.0229078	0.008702	0.00537297	0.0134245	0.0209535	0.0295966	0.150596	0.00726819	0.00715874
29	0.0623346	0.0327562	0.0245128	0.00599797	0.0220643	0.548646	0.0327472	0.00820605	0.00865811	0.0153508	0.0091716	0.0289637	0.00378134	0.00829065	0.0315744	0.0569421	0.0154581	0.00912709	0.0613514	0.0140653
30	0.0307066	0.0105449	0.013579	0.0235409	0.0111507	0.0264935	0.034298	0.0249698	0.0476742	0.0669124	0.0236714	0.0279536	0.0155354	0.0146952	0.104315	0.0942991	0.0778955	0.0236758	0.317742	0.0103469
31	0.0803321	0.0274439	0.0334425	0.0140963	0.0147882	0.50384	0.0255076	0.0105741	0.0136526	0.0140716	0.00665202	0.0424645	0.0106827	0.0101213	0.027484	0.103486	0.026254	0.0158534	0.0106269	0.00862568
32	0.00824436	0.00832941	0.00992937	0.0118835	0.00156377	0.0123766	0.054387	0.0114652	0.233185	0.0223113	0.00492829	0.0390418	0.0081725	0.0552135	0.420607	0.0640516	0.0268424	0.00351934	0.00264552	0.00130272
33	0.00663944	0.0147284	0.0182761	0.00361152	0.44859	0.00360756	0.0120884	0.0199855	0.00314311	0.0116674	0.00298192	0.00406058	0.00335935	0.00251439	0.00342114	0.0168274	0.00608925	0.00686536	0.0130543	0.398489
34	0.0769928	0.0200931	0.0644919	0.0725528	0.00223522	0.0680799	0.0244068	0.0317009	0.0241669	0.0087976	0.00420901	0.0942942	0.0235402	0.0188719	0.037851	0.224752	0.162435	0.0244906	0.00199495	0.0140435
35	0.0530728	0.00218528	0.0213414	0.0367134	0.0503687	0.010995	0.0540658	0.0734053	0.0264094	0.166923	0.0814975	0.0440722	0.0524874	0.0565159	0.0455701	0.0637598	0.0536849	0.0684279	0.00732407	0.0311806
36	0.0258045	0.00878414	0.0135392	0.0713339	0.00221478	0.0463121	0.0212829	0.0416287	0.221691	0.0102692	0.0273272	0.0485996	0.002517	0.00413103	0.257002	0.100391	0.0657896	0.00503811	0.0247015	0.00164263
37	0.0148067	0.00188759	0.449711	0.387051	0.00136696	0.0114773	0.0133207	0.00460274	0.00481221	0.0115512	0.0114164	0.0206175	0.000933505	0.0175487	0.0134946	0.0180847	0.00501878	0.010256	0.000453091	0.00158979
38	0.0482564	0.0027428	0.00231894	0.00180956	0.0296395	0.00422341	0.00368246	0.197251	0.00157155	0.44392	0.0810363	0.00444923	0.00237232	0.00129244	0.00623063	0.00790395	0.0150085	0.13359	0.0076776	0.00502316
39	0.0243344	0.0111834	0.192351	0.522971	0.00573312	0.0449126	0.0239573	0.00193437	0.0265714	0.00699752	0.00724558	0.00183707	0.00142867	0.0949823	0.00140684	0.00362699	0.00229725	0.0191263	0.000555289	0.00654692
40	0.125717	0.00126727	0.0382972	0.0309141	0.0258721	0.0168793	0.013761	0.161341	0.00896299	0.0791116	0.0970335	0.0413662	0.0109974	0.00144661	0.00256704	0.0445948	0.0901206	0.207038	0.000879791	0.00183235
41	0.566593	0.00533073	0.00625623	0.00565148	0.00397281	0.0282239	0.00214902	0.0290829	0.00152602	0.0304273	0.00608809	0.00211364	0.0164311	0.00211005	0.00287767	0.220662	0.0127631	0.0489065	0.000977551	0.00785618
42	0.0521391	0.0164397	0.047903	0.0354848	0.0134714	0.0232765	0.0229627	0.0492681	0.0290567	0.0367535	0.0209355	0.065603	0.030078	0.0192688	0.0404025	0.123945	0.301797	0.0552219	0.00473369	0.0112592
43	0.0401122	0.03254	0.222146	0.0533659	0.00155883	0.26742	0.0441925	0.00534413	0.0360952	0.00469288	0.00191756	0.182935	0.0073528	0.00782086	0.0213923	0.0466861	0.0177839	0.00406762	0.000991295	0.00158545
44	0.053989	0.0435054	0.0332925	0.00277264	0.0290968	0.536197	0.0519083	0.00403466	0.00489287	0.0115521	0.0106656	0.0375941	0.0016956	0.013496	0.037689	0.0718982	0.0103228	0.00406011	0.023119	0.0182184
45	0.00562195	0.0029418	0.0045311	0.00292427	0.632979	0.00358387	0.00677312	0.0235694	0.00576724	0.191221	0.00334817	0.00441054	0.00335346	0.00238921	0.00301167	0.0373631	0.00536131	0.0454579	0.00178843	0.0136038
46	0.387485	0.0349335	0.0197838	0.0311758	0.00343958	0.0175483	0.00347542	0.00909341	0.00281364	0.00998365	0.0029682	0.00436373	0.006098	0.00481542	0.0269228	0.33717	0.0447416	0.0492654	0.00128311	0.00263976
47	0.165521	0.00183618	0.119405	0.0966223	0.00355324	0.0130744	0.0397215	0.00639054	0.0508889	0.0178123	0.00594717	0.0259119	0.195849	0.0469609	0.0284379	0.0916763	0.0375339	0.0395397	0.00104803	0.0122704
48	0.024983	0.011637	0.192888	0.517152	0.00592773	0.0466372	0.0240025	0.00201252	0.0267595	0.00717031	0.0075274	0.00194508	0.00146356	0.0953054	0.00143479	0.00372829	0.00242105	0.0196271	0.000555816	0.00682109
49	0.0123115	0.00483662	0.0132057	0.0127048	0.0260237	0.0489571	0.228477	0.00881542	0.106173	0.0109158	0.00625635	0.265321	0.00509748	0.0147875	0.108819	0.0492435	0.0162719	0.00871761	0.003276	0.0497888
50	0.0248973	0.00594022	0.000879991	0.000849158	0.0119364	0.00126811	0.00337907	0.416987	0.0027134	0.178035	0.0583032	0.00170708	0.00107731	0.0028564	0.00160769	0.00259739	0.0291036	0.252685	0.00082237	0.00235412
51	0.0228391	0.00774318	0.000751733	0.000777335	0.00779957	0.000904172	0.00332118	0.480495	0.00306425	0.127574	0.0332005	0.000974677	0.000720127	0.00337312	0.000983832	0.00206436	0.0375407	0.264771	0.000328578	0.000773416
52	0.209971	0.0190001	0.0210716	0.017683	0.013432	0.334938	0.0116208	0.023286	0.0069996	0.0233702	0.0119409	0.0171031	0.0232028	0.0141359	0.0120829	0.0991808	0.0769933	0.0527459	0.00535033	0.00589142
53	0.0286882	0.0344205	0.131192	0.113834	0.00194483	0.104959	0.0775293	0.0252998	0.0348881	0.0183858	0.00315986	0.0883947	0.0087478	0.0845336	0.049156	0.146938	0.0272905	0.0135371	0.000919573	0.00618154
54	0.0758688	0.027903	0.0286975	0.0117904	0.0160525	0.581031	0.0261988	0.0108233	0.00898857	0.0147143	0.00701656	0.0330757	0.00569733	0.00954139	0.0249024	0.0597845	0.016662	0.0211	0.0120123	0.00813923
55	0.0492002	0.0411516	0.214613	0.070493	0.00668932	0.308834	0.0351092	0.00664048	0.0204829	0.00684426	0.00369913	0.101189	0.0092947	0.0165647	0.0201085	0.0561188	0.01783	0.00596402	0.0046847	0.00448809
56	0.0182872	0.0141727	0.0206742	0.00644802	0.330626	0.00979166	0.0503088	0.0211213	0.00564707	0.0169424	0.00608729	0.00939645	0.00903889	0.00642756	0.00726467	0.0419728	0.0143353	0.0146091	0.0128322	0.384016
57	0.219343	0.0204983	0.0147413	0.010361	0.0121716	0.367158	0.0127623	0.0146463	0.0044025	0.0185242	0.0046744	0.0203731	0.0203819	0.00746509	0.0139386	0.161895	0.0347892	0.0276567	0.00579098	0.00842674
58	0.024527	0.00907203	0.00112479	0.00111294	0.00730984	0.000963244	0.00394445	0.466696	0.00347678	0.115993	0.0321631	0.00170551	0.000820385	0.00410214	0.00119237	0.00233907	0.0432646	0.27886	0.000524384	0.000808498
59	0.118956	0.00796087	0.00704775	0.014168	0.0285609	0.0221746	0.00620033	0.171507	0.00453623	0.0894104	0.0306282	0.00982259	0.00998786	0.0100278	0.0056125	0.0382426	0.0355975	0.381503	0.003468	0.00458882
60	0.00661935	0.0152472	0.0178145	0.00360178	0.417938	0.00356885	0.0152744	0.0182566	0.0029226	0.00614414	0.00301525	0.00403329	0.00363103	0.00263249	0.00343653	0.0169826	0.00614317	0.00555211	0.0140618	0.433125
61	0.0063163	0.0102959	0.00560483	0.00688948	0.000891497	0.00766049	0.0613183	0.00923287	0.223763	0.0230665	0.00106956	0.0212806	0.00939323	0.0699581	0.472272	0.044185	0.0211492	0.0043977	0.000552241	0.000703459
62	0.173929	0.0258202	0.0174564	0.00777272	0.0148212	0.497208	0.0137654	0.0142505	0.0044359	0.0186151	0.00615638	0.0183349	0.00735012	0.00721664	0.0164958	0.0808955	0.0300226	0.0298544	0.00866018	0.00693849
63	0.00887032	0.0196945	0.0355248	0.0386959	0.0203625	0.00451888	0.0582347	0.263198	0.066811	0.0571554	0.00410779	0.0420217	0.00430223	0.0348063	0.0647788	0.0404898	0.0945648	0.135808	0.00190026	0.0041545
64	0.00254057	0.00171681	0.000600195	0.000629336	0.0352495	0.00158641	0.0022056	0.0319553	0.00145131	0.844729	0.0410953	0.000607718	0.00503951	0.000368707	0.000729337	0.00116529	0.00239302	0.0230168	0.00211849	0.000801733
65	0.075351	0.00128097	0.0267638	0.0420152	0.0347979	0.013972	0.0493101	0.0562389	0.0271532	0.0972044	0.0770543	0.0592003	0.0840097	0.0524395	0.0371829	0.0801385	0.0759442	0.0830101	0.00811729	0.0188156
66	0.0388625	0.0301696	0.215482	0.0482956	0.00225939	0.287325	0.042661	0.00548472	0.0368362	0.00440844	0.00229324	0.179489	0.00700791	0.00707214	0.0192815	0.0471327	0.0186462	0.00415319	0.00122188	0.00191827
67	0.0378205	0.0243181	0.14378	0.031845	0.00500502	0.367072	0.0496343	0.0053652	0.0462347	0.00587436	0.00300166	0.147855	0.00547164	0.00687506	0.0185605	0.0650378	0.0244298	0.00457518	0.00356387	0.00368129
68	0.0572407	0.0344673	0.0234588	0.0652743	0.00251808	0.0269461	0.0310526	0.0131696	0.0234641	0.00599609	0.00302236	0.111643	0.0184215	0.00424112	0.0356966	0.27087	0.176529	0.0505487	0.00137413	0.0440661
69	0.0481076	0.000977037	0.0602208	0.0938373	0.0183882	0.0102355	0.0790049	0.0365892	0.0521816	0.0660482	0.0517115	0.0582663	0.050796	0.103208	0.0916906	0.0446095	0.0520017	0.0439243	0.00435526	0.0338466
70	0.0211341	0.000937709	0.000716185	0.0016871	0.00267417	0.00073169	0.000841567	0.293022	0.000992796	0.0141371	0.00853182	0.00687334	0.00347788	0.00162817	0.000741412	0.00587543	0.00587373	0.623952	0.00313492	0.00303709
71	0.262241	0.023111	0.0243559	0.0172685	0.0156715	0.249457	0.0139373	0.0247259	0.00935687	0.0288759	0.00915412	0.0209069	0.0309183	0.0109554	0.0145653	0.128569	0.0482711	0.0566591	0.00479803	0.00620215
72	0.0199067	0.0012577	0.000648032	0.000987512	0.00283218	0.000719107	0.000943036	0.306736	0.0010157	0.0186318	0.00962489	0.00662719	0.00325949	0.00118529	0.000726172	0.0056603	0.0073111	0.605947	0.00303157	0.00294845
73	0.0194371	0.00887229	0.0220913	0.0280926	0.00684967	0.0210647	0.0367354	0.0206117	0.340732	0.0155222	0.014467	0.0462656	0.0142862	0.0403012	0.241039	0.0616184	0.0396604	0.00996468	0.00608925	0.00629924
74	0.00795351	0.00814056	0.0142611	0.0148595	0.00108203	0.0110472	0.0529223	0.0114284	0.232405	0.0209068	0.00478296	0.0366101	0.00860629	0.0614535	0.419527	0.0573118	0.0278582	0.00382285	0.00227325	0.00274726
75	0.00747139	0.00198205	0.000940512	0.000985295	0.0361794	0.00220806	0.00317135	0.143719	0.00178625	0.678311	0.0636927	0.00153843	0.00339052	0.00115413	0.00182399	0.00236589	0.00373942	0.0388781	0.00189824	0.00476398
76	0.00751219	0.00249318	0.00252791	0.00368149	0.217344	0.00335908	0.0156898	0.0419728	0.0122886	0.577651	0.0254684	0.00436756	0.00552959	0.00551473	0.00324891	0.0170798	0.00520646	0.0412794	0.00161249	0.00617243
77	0.0351121	0.00929418	0.129139	0.0787991	0.00609886	0.0252698	0.0238034	0.0480976	0.0130957	0.0144654	0.0108539	0.279389	0.0452513	0.0113511	0.0117741	0.150745	0.0764503	0.0201221	0.00179729	0.00909014
78	0.0289361	0.036907	0.128265	0.0844131	0.00204959	0.118831	0.0806132	0.0287787	0.0299552	0.0188709	0.00218764	0.0944376	0.00748795	0.0798769	0.0463909	0.166587	0.0287353	0.0125872	0.000981796	0.0031083
79	0.0580213	0.0502015	0.0268746	0.00917776	0.0371442	0.506681	0.0352601	0.0110093	0.0110878	0.0183316	0.0089108	0.0339363	0.00335055	0.00933474	0.046115	0.0590651	0.0325013	0.0129903	0.0165872	0.0134194
80	0.0296399	0.00596221	0.0802978	0.104558	0.00900595	0.0155981	0.101586	0.0147059	0.0706998	0.0295421	0.0168386	0.0513451	0.0223353	0.154757	0.119762	0.0356089	0.0403687	0.0334011	0.00218143	0.0618051
81	0.259495	0.00767573	0.0448729	0.0550925	0.0107036	0.054111	0.0151092	0.0483446	0.00891091	0.0291521	0.0383699	0.0252587	0.0389811	0.0170265	0.00768655	0.0829415	0.103363	0.147311	0.00121111	0.00438257
82	0.0240363	0.0109314	0.196475	0.520011	0.00565683	0.0441252	0.023865	0.00201764	0.0264259	0.00711412	0.0072945	0.00226113	0.00150939	0.0939929	0.00194038	0.00390055	0.00239888	0.018913	0.000560096	0.00657147
83	0.00939227	0.00881397	0.00540792	0.00470792	0.000891563	0.00535953	0.0346029	0.00619174	0.384701	0.014553	0.00293188	0.0232461	0.00676666	0.0564471	0.374971	0.0286412	0.0275509	0.00353004	0.000606754	0.000686552
84	0.0166497	0.00353689	0.416749	0.392979	0.00208704	0.0189412	0.0186595	0.00444464	0.00785842	0.0108636	0.0105942	0.0177043	0.00121627	0.0299404	0.011867	0.0167739	0.00476574	0.011568	0.000388892	0.0024122
85	0.025369	0.0101578	0.0127172	0.00529679	0.459667	0.0209081	0.0162124	0.0405538	0.0068423	0.129897	0.0111304	0.00970239	0.00806201	0.00516246	0.00622918	0.0344451	0.0122001	0.0508754	0.00646577	0.128105
86	0.00677994	0.00959061	0.00689641	0.00955947	0.000997584	0.0101005	0.0488676	0.0140837	0.240981	0.0222522	0.0023684	0.0244786	0.00895941	0.0631403	0.448278	0.0477603	0.0284415	0.00369131	0.0020639	0.000709717
87	0.202022	0.0025864	0.0221076	0.0296376	0.0183781	0.0376906	0.0148061	0.0999383	0.00527496	0.0471898	0.0795919	0.0193604	0.0101398	0.00392489	0.00294778	0.0301354	0.127925	0.243434	0.0009258	0.00198359
88	0.022708	0.00760728	0.0395697	0.0790509	0.00314864	0.0271788	0.0507238	0.0221167	0.189477	0.0174522	0.017895	0.0508581	0.0117629	0.0566157	0.253946	0.0735032	0.0438438	0.00969708	0.00938527	0.0134599
89	0.197263	0.0043244	0.0147126	0.020824	0.0254775	0.0197211	0.00971764	0.131356	0.00506011	0.0739465	0.0690776	0.0156795	0.00944796	0.00670821	0.00373926	0.0324447	0.0660433	0.29	0.0016824	0.0027748
90	0.0318951	0.0100994	0.198767	0.475785	0.00543429	0.0427667	0.027438	0.00305622	0.0270564	0.00820777	0.00792906	0.00699689	0.00844581	0.0933269	0.00899166	0.0101587	0.00583701	0.01922	0.000533818	0.00805382
91	0.222561	0.00169506	0.0309823	0.0246973	0.0174943	0.0220229	0.012186	0.120367	0.00682497	0.0532794	0.0894735	0.0288274	0.00939922	0.0019336	0.00228982	0.0438488	0.103896	0.205164	0.000973322	0.00208495
92	0.0430562	0.00593467	0.00287005	0.00303951	0.0302507	0.00520258	0.0047778	0.328886	0.00322531	0.25152	0.0581859	0.00528596	0.00361368	0.00382511	0.00430269	0.0122852	0.0270337	0.199725	0.00261793	0.00436212
93	0.192031	0.0372232	0.0147899	0.0101463	0.0292894	0.279153	0.0134441	0.0365158	0.00642021	0.0616678	0.00839051	0.0154289	0.015181	0.0080086	0.0139263	0.135944	0.0333006	0.0738138	0.00747986	0.00784571
94	0.0127094	0.00559927	0.0133836	0.0117965	0.0316032	0.0520338	0.230458	0.00990978	0.127356	0.0133694	0.00713667	0.186611	0.00571988	0.0150341	0.153287	0.0491159	0.0184987	0.00908348	0.00336048	0.0439339
95	0.114464	0.00828229	0.00398113	0.00536312	0.05842	0.0143162	0.0025515	0.186762	0.00204762	0.162804	0.029675	0.00704006	0.00597408	0.00245457	0.00255739	0.0297831	0.0263697	0.333024	0.0012018	0.0029284
96	0.00831404	0.00876732	0.00835512	0.00978234	0.00199128	0.00999527	0.0603294	0.0108424	0.2352	0.0209993	0.00389223	0.0317748	0.00936122	0.0603984	0.436014	0.0504859	0.0250611	0.00470729	0.00171377	0.00201474
97	0.0301149	0.0119246	0.048189	0.0360091	0.032866	0.0331285	0.29179	0.020717	0.0498841	0.0223914	0.0129686	0.0538343	0.0194032	0.0393613	0.0774496	0.0438288	0.0345855	0.0204773	0.0116826	0.109394
98	0.0116577	0.00854472	0.0102137	0.0142117	0.0030029	0.0127239	0.0409393	0.0114337	0.324775	0.0156519	0.00748903	0.034323	0.0100496	0.0497504	0.351933	0.0485602	0.0321797	0.00552585	0.00416298	0.00287183
99	0.0184111	0.00657315	0.0330225	0.0209494	0.026063	0.0434392	0.263373	0.016013	0.0646746	0.0148766	0.0080286	0.211146	0.00973922	0.0215043	0.0801021	0.0445569	0.0276165	0.0135969	0.00321292	0.0731008
100	0.0312002	0.00429568	0.00172863	0.0022281	0.040472	0.00551498	0.00453625	0.101961	0.00337625	0.616671	0.0486735	0.00352977	0.00593384	0.0021494	0.00391105	0.0111047	0.0130972	0.0920314	0.00459924	0.00298541
101	0.159557	0.00782001	0.0164564	0.0247024	0.0246152	0.0299719	0.0136907	0.123326	0.00733421	0.0681368	0.0475017	0.0189644	0.0200397	0.00992656	0.00650592	0.0588215	0.0943418	0.259076	0.00220641	0.00700559
102	0.0110551	0.00873381	0.0104991	0.0234056	0.0014811	0.0257102	0.0408763	0.0167808	0.231793	0.0178633	0.00946696	0.037576	0.00635129	0.0406832	0.389826	0.079706	0.0357156	0.0036029	0.00773886	0.00113502
103	0.0127044	0.00273783	0.00159964	0.00200949	0.0406899	0.00297985	0.00456714	0.0612559	0.00295579	0.748567	0.0455227	0.00210724	0.00559455	0.00235134	0.00481676	0.00515262	0.00564843	0.04284	0.00347035	0.00242859
104	0.0215814	0.00156701	0.00117472	0.00114976	0.0213881	0.00221339	0.00605897	0.172459	0.00166013	0.549043	0.0938162	0.00268403	0.00258338	0.00130201	0.00521324	0.00324933	0.0101424	0.0898718	0.00737975	0.00546224
105	0.0663079	0.0269657	0.0364914	0.0137425	0.0139566	0.58077	0.0260529	0.0111042	0.012094	0.0135375	0.00760354	0.0396792	0.00707629	0.00795696	0.0243905	0.0597201	0.0194608	0.0138091	0.0112982	0.00798213
106	0.00719541	0.0148777	0.018786	0.0038466	0.398277	0.00374633	0.0292293	0.0182997	0.00321434	0.00629138	0.00342798	0.0049663	0.00362144	0.00350555	0.00413474	0.0175618	0.00739824	0.00621373	0.0137311	0.431676
107	0.0416181	0.0971439	0.0585592	0.038146	0.0228389	0.136373	0.125855	0.0287966	0.0415507	0.0307276	0.00971423	0.0582286	0.0154317	0.0375073	0.0672738	0.0802229	0.0363855	0.0279769	0.00816834	0.037481
108	0.0991983	0.00142992	0.0144145	0.0125505	0.0301235	0.00793882	0.0056905	0.215376	0.00379359	0.0686486	0.0622844	0.0231042	0.00778381	0.0020939	0.00217752	0.0316958	0.038562	0.369584	0.0012387	0.00231182
109	0.0234014	0.00462413	0.424388	0.331292	0.00152066	0.0216404	0.0164201	0.00677498	0.00738392	0.0130049	0.0107166	0.0375389	0.00905486	0.0163774	0.0146312	0.0353181	0.0115586	0.0113687	0.000829849	0.00215509
110	0.0321658	0.0164135	0.0407446	0.0932714	0.00320305	0.138748	0.0294333	0.0441511	0.117885	0.0130537	0.0156123	0.0540538	0.00966788	0.0206058	0.146023	0.129272	0.0659134	0.0114982	0.0133661	0.00491803
111	0.116055	0.0241793	0.0582218	0.098357	0.0044143	0.0566084	0.0298554	0.0325266	0.0217652	0.0122011	0.0090972	0.10508	0.0661074	0.0168574	0.020795	0.157364	0.0900842	0.0634339	0.00117234	0.0158244
112	0.0185601	0.00940874	0.0156254	0.0208089	0.0040288	0.0156107	0.0573429	0.0169191	0.200292	0.0235872	0.00697855	0.0319068	0.0132883	0.0627793	0.392152	0.0577925	0.0305909	0.0111409	0.00392032	0.00726689
113	0.0194962	0.00141632	0.00189743	0.00167849	0.0116782	0.00246484	0.00377184	0.228501	0.0025475	0.283212	0.301802	0.0034883	0.00162246	0.0014749	0.00828498	0.00375846	0.0114435	0.0928271	0.010086	0.0085481
114	0.0270508	0.00353849	0.00121053	0.00106713	0.039812	0.00440707	0.00334155	0.140479	0.00192731	0.602574	0.0535085	0.00227081	0.00367197	0.00124579	0.00306986	0.0065771	0.009814	0.0872832	0.00386696	0.00328392
115	0.0607898	0.00669437	0.00223665	0.00257969	0.0489636	0.00897982	0.00365995	0.169699	0.00253054	0.38982	0.0438124	0.00452038	0.00430774	0.00252069	0.00500539	0.0159356	0.0190072	0.201292	0.00444169	0.00320431
116	0.0532671	0.0197573	0.0540305	0.0848384	0.0105434	0.030217	0.0416008	0.0214107	0.0307057	0.0166001	0.0110559	0.146096	0.025103	0.0269308	0.04167	0.207319	0.0771653	0.0347045	0.0022078	0.0647771
117	0.0214257	0.00862898	0.255036	0.484284	0.0042871	0.0366438	0.022188	0.00246344	0.0213678	0.00792576	0.00814537	0.00704909	0.00149329	0.0780928	0.00738837	0.00708875	0.00350019	0.016722	0.000506067	0.00576337
118	0.00681981	0.0149674	0.0180544	0.00357589	0.444096	0.00355927	0.0123584	0.0195913	0.00303398	0.010277	0.00297197	0.00405063	0.00347715	0.00250746	0.00341883	0.0172653	0.00608713	0.00647104	0.0130894	0.404328
119	0.0454562	0.00405811	0.00214487	0.00218276	0.0210875	0.00292211	0.0032665	0.325652	0.00236857	0.181634	0.0764011	0.00440858	0.00285651	0.0023571	0.00299131	0.008098	0.0259684	0.279995	0.00300909	0.00314136
120	0.0116631	0.00421323	0.171376	0.107887	0.00285333	0.00841018	0.0214304	0.0302334	0.00519891	0.00568203	0.00315374	0.383665	0.0268559	0.00340705	0.00435124	0.110754	0.085058	0.00695918	0.00130353	0.00554605
121	0.0269385	0.00982267	0.0249385	0.0348524	0.00449893	0.0330005	0.0437841	0.0187739	0.197823	0.0126979	0.0181363	0.159972	0.00701448	0.0100606	0.159215	0.161204	0.050115	0.0101749	0.00906517	0.0079115
122	0.0424426	0.0233705	0.0941909	0.0389131	0.0066374	0.297706	0.0428755	0.0136932	0.0496968	0.0108761	0.00520637	0.0959424	0.00904198	0.0227538	0.0345968	0.155896	0.0352774	0.0094539	0.00486446	0.00656447
123	0.0258989	0.00782958	0.102343	0.0373759	0.0040181	0.0119001	0.0122784	0.0269276	0.00797862	0.00879737	0.0045182	0.263883	0.0150315	0.00486757	0.00610613	0.123619	0.318117	0.0112177	0.00168652	0.00560461
124	0.0104619	0.00235837	0.00153581	0.00173541	0.0359488	0.00385856	0.00353954	0.055903	0.00204689	0.774903	0.0436453	0.00197478	0.00524537	0.00155657	0.00252077	0.0035156	0.00552694	0.0388656	0.00308912	0.00176849
125	0.0253788	0.0120096	0.193291	0.49192	0.00682336	0.052603	0.0331913	0.00276905	0.0253363	0.00866298	0.00724449	0.00316603	0.00188571	0.0984401	0.00312518	0.00571324	0.0030509	0.0181115	0.000670275	0.00660784
126	0.0282391	0.00286096	0.097566	0.126095	0.0034719	0.0137877	0.109764	0.0092592	0.0649973	0.0183632	0.016296	0.0528207	0.023446	0.168869	0.132104	0.0282026	0.0336037	0.0157713	0.000682961	0.0537994
127	0.0348086	0.015066	0.0179254	0.0201711	0.0221761	0.0666508	0.102785	0.0303412	0.0319474	0.0484441	0.0206192	0.0311408	0.0170088	0.0179627	0.0490809	0.0622616	0.0388662	0.0277124	0.307908	0.0371242
128	0.00924665	0.00248042	0.000751286	0.000755318	0.0275149	0.00171304	0.00283009	0.141604	0.00156007	0.676851	0.0475082	0.00104859	0.0034644	0.00100653	0.00141712	0.00191092	0.00769849	0.0658698	0.00265412	0.00211525
129	0.018274	0.00565786	0.0372246	0.0245842	0.0317569	0.0187152	0.348115	0.011725	0.0383113	0.0127917	0.00724426	0.0712653	0.0083176	0.0488999	0.0838371	0.0277408	0.0324311	0.0162833	0.00327601	0.153549
130	0.028536	0.0166029	0.220949	0.369288	0.00477258	0.0923267	0.0401369	0.0064305	0.0236124	0.00957065	0.0064913	0.033049	0.00540172	0.0730766	0.011494	0.0279571	0.0090018	0.0148035	0.000893797	0.00560571
131	0.0525479	0.0411656	0.248978	0.0851316	0.00147632	0.19882	0.0337557	0.0116214	0.0239816	0.0065673	0.00219515	0.125949	0.0189452	0.0167315	0.0175122	0.0733838	0.0284392	0.0094382	0.000877202	0.00248312
132	0.12098	0.00300911	0.0275235	0.0196471	0.0361278	0.0187926	0.0104383	0.167659	0.00737421	0.118962	0.0853896	0.0324599	0.0150271	0.00260718	0.00367188	0.0458091	0.0695178	0.211091	0.00106438	0.00284832
133	0.0295916	0.0343695	0.0905435	0.0644321	0.00382121	0.161292	0.0958649	0.0289373	0.0209126	0.0154203	0.00345738	0.0569254	0.00410969	0.0943355	0.0708954	0.18043	0.0273269	0.0103022	0.00264771	0.004384
134	0.0685204	0.00160553	0.0644967	0.0996726	0.0181256	0.00931352	0.086864	0.028068	0.0473429	0.0604705	0.0308219	0.0474798	0.0913787	0.117368	0.0804433	0.0470628	0.0373727	0.0335258	0.00306113	0.0270066
135	0.0248541	0.0266894	0.00414062	0.0046233	0.00495897	0.00420271	0.098768	0.028395	0.0759848	0.0611762	0.00398477	0.0246896	0.0235786	0.104888	0.104619	0.0674402	0.0831341	0.179739	0.00153858	0.0725952
136	0.0263067	0.00689376	0.0168519	0.045884	0.00225834	0.0373025	0.0333917	0.0235298	0.22004	0.0128995	0.0287507	0.0818881	0.00265369	0.00524797	0.211473	0.164961	0.0558857	0.00546565	0.0150003	0.00331524
137	0.0674052	0.00126486	0.0264181	0.0381733	0.0384266	0.0134219	0.0502561	0.0570548	0.0265712	0.0984356	0.0770013	0.0585765	0.090247	0.0512589	0.0366633	0.0817497	0.0774574	0.0801006	0.00822878	0.0212889
138	0.00275708	0.0017578	0.00071096	0.00096749	0.0354845	0.00169368	0.00232532	0.0319274	0.00148093	0.841282	0.041432	0.000716549	0.00632005	0.000412507	0.000819522	0.00177824	0.0025123	0.0227094	0.00210126	0.000811105
139	0.120895	0.0146057	0.014254	0.0155454	0.0125509	0.0555596	0.00921598	0.0212521	0.00625736	0.0151421	0.00350897	0.0442798	0.0750902	0.00663691	0.00612953	0.311023	0.228545	0.0231893	0.000723589	0.0155959
140	0.0356815	0.0132768	0.0144622	0.0194005	0.0228426	0.0472798	0.042531	0.0377458	0.0257752	0.0708191	0.0312684	0.0205438	0.0196111	0.0128348	0.0449061	0.0578825	0.0432775	0.0396985	0.362445	0.0377181
141	0.0162378	0.000789703	0.498124	0.338444	0.00100291	0.00800846	0.0131179	0.00548663	0.00135423	0.0140757	0.0128667	0.0248433	0.00119262	0.00681903	0.016773	0.0227092	0.00632141	0.0104901	0.000441037	0.000902257
142	0.106969	0.00201382	0.0346915	0.0252007	0.0215187	0.0152461	0.0209022	0.153336	0.0172154	0.068198	0.107192	0.0525	0.0194013	0.00700767	0.00706655	0.0526854	0.10393	0.177651	0.0023974	0.00487806
143	0.0145201	0.00954478	0.0173027	0.020202	0.00414998	0.0181331	0.0570745	0.0174463	0.205151	0.0224429	0.00963311	0.0350575	0.016371	0.0570545	0.385429	0.0538495	0.0306742	0.0138105	0.00611872	0.00603402
144	0.0177326	0.00196663	0.00334372	0.00260098	0.0062569	0.00270772	0.00370781	0.173454	0.00430102	0.161625	0.451425	0.00462068	0.00227454	0.00187526	0.0129442	0.00518347	0.0173798	0.105163	0.0123448	0.00909294
145	0.0171444	0.00471712	0.019559	0.0261469	0.00223479	0.020218	0.036159	0.0165863	0.326461	0.00940348	0.0188174	0.0805142	0.00262856	0.0100275	0.241518	0.103318	0.0502524	0.00287459	0.00991144	0.00150705
146	0.0188307	0.00201477	0.000694227	0.00104213	0.00374981	0.000761454	0.00109646	0.3495	0.0012757	0.0307456	0.0122028	0.00596539	0.00291471	0.00127264	0.000695599	0.00528571	0.0110685	0.545593	0.00268624	0.00260463
147	0.0797239	0.00583251	0.00216044	0.00175231	0.0433859	0.00543128	0.00242174	0.298038	0.00195539	0.172944	0.0385352	0.00414921	0.00341255	0.00175666	0.00181169	0.0134207	0.0324691	0.287749	0.00103301	0.00201653
148	0.0281756	0.00863703	0.00296375	0.0032181	0.00757281	0.00178538	0.0103515	0.428802	0.00699785	0.117879	0.029101	0.00424579	0.00136958	0.0147975	0.0040053	0.00509036	0.0552268	0.26788	0.000621347	0.00127903
149	0.0746174	0.0425879	0.0196125	0.0028821	0.0194591	0.632283	0.0258847	0.00565489	0.00389642	0.0118716	0.00572478	0.0248416	0.00190532	0.00540832	0.0250553	0.0517149	0.0119041	0.0113555	0.0136757	0.00966484
150	0.108966	0.00239804	0.0278966	0.0209143	0.0194668	0.0155717	0.0138414	0.184631	0.0116038	0.0763563	0.118402	0.0380432	0.0168021	0.00279176	0.00379873	0.0548309	0.0991958	0.178748	0.00189793	0.00384381
151	0.467332	0.0126346	0.00773995	0.00984702	0.00982502	0.0427206	0.00414143	0.030409	0.00245934	0.0417528	0.0048469	0.00667598	0.0250285	0.00435299	0.00461036	0.241652	0.0231881	0.0502268	0.00162819	0.00892877
152	0.00861524	0.00951492	0.00495535	0.00496257	0.000900374	0.00582295	0.0377546	0.00677254	0.361344	0.0159627	0.00233332	0.021618	0.00715282	0.0593364	0.39138	0.0311437	0.0256257	0.00349226	0.000626611	0.000685669
153	0.0805555	0.0270125	0.018658	0.00358832	0.014427	0.671045	0.0213727	0.00464112	0.00442381	0.00900754	0.00464044	0.0233022	0.00311015	0.00554437	0.0274966	0.0437751	0.0127554	0.00535651	0.0120936	0.00719432
154	0.0226525	0.00411457	0.00122661	0.00137354	0.0155368	0.00199619	0.00363622	0.345475	0.0019127	0.332595	0.0614968	0.0020352	0.00138627	0.00220779	0.00298202	0.0034758	0.0203269	0.167422	0.00382119	0.00432621
155	0.369457	0.00486083	0.0194526	0.0170546	0.0128655	0.0249263	0.0132589	0.0580905	0.00872184	0.0602842	0.10244	0.0183888	0.0113128	0.00824027	0.00795457	0.0393531	0.105044	0.108863	0.00308599	0.00634457
156	0.017817	0.0131998	0.0270239	0.0154491	0.262333	0.00894294	0.0790711	0.0208413	0.010408	0.0153078	0.00901917	0.0168044	0.00907208	0.0161439	0.0170721	0.0260853	0.0215678	0.015984	0.0126562	0.385201
157	0.01466	0.00301145	0.00089469	0.000843108	0.0527663	0.00337652	0.00280673	0.0714129	0.0018488	0.734358	0.0422163	0.00130036	0.00439557	0.000722063	0.00133444	0.00497595	0.00514494	0.0502793	0.00174865	0.00190347
158	0.0284887	0.0124101	0.0485248	0.0381704	0.0301684	0.0380092	0.292777	0.0223144	0.0443628	0.0253517	0.0170165	0.0612818	0.0177656	0.0383227	0.0733613	0.0465466	0.0344928	0.0255379	0.00641215	0.0986846
159	0.0153283	0.002047	0.449468	0.381838	0.00129097	0.0136688	0.0140458	0.00472203	0.00459546	0.0114722	0.0112674	0.0215311	0.00102915	0.0183485	0.0136021	0.0181453	0.00517546	0.0105024	0.000396117	0.00152662
160	0.0478469	0.0343759	0.25661	0.072471	0.00162557	0.244813	0.0371282	0.00754234	0.0279522	0.00519687	0.00200459	0.14277	0.0110488	0.0123573	0.0172374	0.0505778	0.0201838	0.00543786	0.000972749	0.00184704
161	0.0530344	0.0110884	0.000799605	0.000690213	0.030414	0.00624073	0.0026675	0.375193	0.0025248	0.177836	0.0302561	0.00143953	0.00154781	0.0025982	0.00185337	0.010639	0.035445	0.253356	0.000994797	0.00138214
162	0.0354106	0.0108896	0.173384	0.328971	0.00703382	0.0417205	0.0613696	0.0126897	0.0325146	0.0162933	0.0124929	0.0340035	0.0177299	0.0819766	0.0350659	0.036796	0.0211725	0.0220012	0.00201687	0.0164671
163	0.0594422	0.00372905	0.01157	0.0143881	0.007925	0.00929788	0.0106329	0.0117169	0.0205035	0.0148676	0.0060474	0.0106173	0.650097	0.0209438	0.0207147	0.0757442	0.024348	0.0157365	0.00524261	0.00643526
164	0.0106744	0.00878268	0.00670352	0.00628515	0.00115547	0.00556106	0.0373354	0.00665454	0.36812	0.0154187	0.00296671	0.0231038	0.00779054	0.06056	0.375019	0.0294332	0.0269162	0.00499247	0.00065691	0.0018698
165	0.0257472	0.00397587	0.000793219	0.00110176	0.0125849	0.00124457	0.00201583	0.380606	0.00196472	0.0764931	0.0221526	0.00428157	0.00222785	0.00205573	0.00116822	0.0055403	0.0199776	0.432395	0.00156872	0.0021046
166	0.0207393	0.00682547	0.000761215	0.000811175	0.00670501	0.000888649	0.0029797	0.461635	0.0028131	0.105046	0.0265204	0.00180055	0.00103443	0.00299341	0.00105742	0.00253043	0.0333246	0.319695	0.000752321	0.00108649
167	0.0320378	0.012668	0.0471987	0.0379418	0.0289741	0.050984	0.272658	0.0209534	0.0493797	0.0249492	0.0147187	0.0566319	0.0172153	0.0448953	0.0857331	0.051981	0.0352093	0.020781	0.00643881	0.0886511
168	0.011579	0.0086885	0.0255548	0.0289141	0.00173948	0.0102352	0.0654649	0.00943336	0.182315	0.0226987	0.00543384	0.0280281	0.0132723	0.104026	0.392501	0.0414856	0.0269534	0.00816807	0.000806593	0.0127025
169	0.0283713	0.00653969	0.132439	0.0717079	0.0131502	0.0235942	0.143081	0.0163618	0.0356748	0.015785	0.0123266	0.106974	0.0152002	0.0772895	0.073676	0.0515502	0.0616497	0.0168689	0.00222633	0.0955337
170	0.0204011	0.00662861	0.000703613	0.000769698	0.00690432	0.000819399	0.00274236	0.464949	0.00264618	0.103833	0.0271961	0.00177031	0.00108267	0.00282683	0.000935127	0.00254729	0.0318211	0.319593	0.000791293	0.00103872
171	0.0148127	0.00744314	0.0122409	0.0201982	0.0021598	0.0153495	0.0309365	0.0151245	0.350623	0.0127168	0.0123958	0.0424839	0.00720113	0.0317159	0.298538	0.0610545	0.0485765	0.00574178	0.0086955	0.00199185
172	0.504013	0.0051398	0.0105322	0.00489392	0.00382666	0.0290002	0.00264694	0.0203026	0.00177723	0.020906	0.00321905	0.00253925	0.0614335	0.00227044	0.00343737	0.275419	0.015427	0.0258277	0.000793561	0.00659509
173	0.107467	0.0175832	0.0373764	0.0350835	0.0202309	0.0558364	0.0260691	0.0323075	0.0309221	0.0318941	0.0142793	0.06669	0.0497157	0.0216238	0.0430353	0.255414	0.0906301	0.0408838	0.00685215	0.0161045
174	0.0371002	0.0147086	0.0583068	0.068675	0.00351857	0.0516846	0.0370581	0.0213567	0.121746	0.0131909	0.0144807	0.152748	0.0142925	0.0201225	0.106292	0.170418	0.0588765	0.0162694	0.00627429	0.0128801
175	0.0325413	0.00371815	0.00114802	0.00187519	0.0111765	0.0017113	0.00203321	0.353501	0.00182184	0.0724308	0.0223396	0.00490854	0.00290502	0.00252666	0.00110499	0.00649115	0.0194	0.45415	0.00179971	0.00241669
176	0.0122603	0.00242966	0.00603555	0.00459948	0.0348668	0.00321741	0.00335624	0.0597952	0.00188733	0.7556	0.0435461	0.00199977	0.00651183	0.00133417	0.00211973	0.00563573	0.00634338	0.0429032	0.00354482	0.0020129
177	0.0272028	0.00200803	0.00117517	0.00118167	0.0160745	0.0026097	0.00425507	0.252685	0.00131106	0.443039	0.0861054	0.00265321	0.00126011	0.00162946	0.00594091	0.00364144	0.0125512	0.119375	0.00873809	0.00656342
178	0.0228941	0.0115989	0.181239	0.0846313	0.00319242	0.0487261	0.0240046	0.0243052	0.0136597	0.0080974	0.00457792	0.295989	0.0182399	0.00953482	0.0120101	0.143504	0.0776689	0.00790489	0.00133153	0.00689067
179	0.0277872	0.00117617	0.0994244	0.116106	0.00303992	0.012441	0.110088	0.00856231	0.0669086	0.0176658	0.0176244	0.0563405	0.022042	0.165827	0.148808	0.0213114	0.0362202	0.0145908	0.00051831	0.0535179
180	0.0258402	0.0011523	0.101493	0.114619	0.00266362	0.0115727	0.111027	0.00771084	0.066626	0.016359	0.0167959	0.0565882	0.0198593	0.170978	0.149963	0.0209178	0.0357588	0.0147172	0.000501582	0.0548569
181	0.00903794	0.0142297	0.0182458	0.0050125	0.365273	0.00907474	0.0289023	0.0185242	0.00405767	0.0087388	0.00430253	0.00553847	0.00553853	0.00409754	0.0047131	0.0201409	0.00741454	0.0074785	0.0537305	0.405949
182	0.00974593	0.00421413	0.161539	0.097198	0.00276469	0.00939262	0.0231857	0.0314717	0.00545798	0.00560328	0.00289991	0.394026	0.0239757	0.00499517	0.00464317	0.118689	0.0874041	0.00602938	0.00120351	0.00556082
183	0.505113	0.00419857	0.0105559	0.00475163	0.00330585	0.0298954	0.00229644	0.0202331	0.00174743	0.0210628	0.00267002	0.00231572	0.0662663	0.00204536	0.00291798	0.275187	0.0129915	0.0254657	0.000685726	0.0062952
184	0.00908377	0.00894051	0.00535005	0.00500815	0.000974219	0.00581588	0.0374491	0.00647632	0.36541	0.0157133	0.00267969	0.0226162	0.00731389	0.0589373	0.386494	0.0307451	0.0259231	0.00365712	0.000575992	0.000836038
185	0.0245733	0.00651613	0.000827915	0.000801498	0.0108119	0.00127234	0.00312575	0.440234	0.00247246	0.179171	0.0423704	0.00128578	0.000891959	0.00300161	0.00159262	0.00259156	0.0314167	0.244177	0.00118014	0.00168696
186	0.107511	0.012917	0.0113799	0.015311	0.0491132	0.0265708	0.0186222	0.140185	0.0142958	0.168094	0.0415895	0.0194104	0.0306728	0.0136797	0.0160194	0.120848	0.0489761	0.127546	0.00645467	0.0108023
187	0.0235975	0.00781911	0.408243	0.282593	0.00388982	0.0332956	0.0213309	0.0103596	0.0128271	0.0155409	0.014474	0.0454482	0.00679236	0.0214047	0.021409	0.0341629	0.0149563	0.0132834	0.00292414	0.00564897
188	0.0732554	0.00719421	0.00210997	0.0017384	0.223235	0.010179	0.00285244	0.162914	0.00235285	0.225742	0.023893	0.00398303	0.00503284	0.00117041	0.00307615	0.026111	0.0182808	0.202186	0.00136316	0.00333096
189	0.0530962	0.0286674	0.0967826	0.0354815	0.0112886	0.431476	0.0364676	0.00773492	0.0219465	0.00975532	0.00534954	0.0718759	0.00853337	0.0154837	0.0249831	0.0924834	0.0233416	0.00843961	0.00855662	0.00825683
190	0.0122874	0.00225079	0.00089651	0.000960958	0.0350273	0.00266372	0.00307502	0.144249	0.0015708	0.655834	0.0654236	0.00169158	0.00336423	0.000796315	0.00215807	0.00310536	0.00492157	0.0526624	0.00294982	0.00411116
191	0.284261	0.0112156	0.0115244	0.0121013	0.015016	0.0423754	0.0105738	0.0343699	0.0044301	0.025919	0.00839374	0.0160159	0.0884684	0.00847762	0.00450962	0.286062	0.0873427	0.0337929	0.00111176	0.0140391
192	0.0176507	0.00724897	0.0245418	0.0298527	0.0057559	0.0489125	0.0604997	0.0164072	0.257363	0.0107986	0.0147422	0.0967728	0.00500244	0.0203902	0.233011	0.0896753	0.0403204	0.00481855	0.00840319	0.00783209
