308	20
1	0.02678	0.00713811	0.222488	0.089621	0.00960881	0.0820452	0.0264026	0.0167812	0.0471922	0.0126007	0.00401362	0.222891	0.00773316	0.0111343	0.0265561	0.100366	0.0509491	0.0167636	0.00162259	0.017312
2	0.0030356	0.00965174	0.00135204	0.00448593	0.0825056	0.00433406	0.010583	0.0659431	0.0120556	0.636526	0.0545208	0.00507281	0.0118197	0.00779191	0.00717859	0.0209816	0.00766624	0.0427741	0.0067626	0.00495949
3	0.0257957	0.00376094	0.0584457	0.152079	0.00454439	0.0305663	0.0224463	0.0136955	0.216879	0.0208138	0.0320951	0.0730041	0.00681807	0.0905294	0.118468	0.0516673	0.0507175	0.0179272	0.00344565	0.006301
4	0.00458447	0.911604	0.00152707	0.00183451	0.0128785	0.00171895	0.00144069	0.00847096	0.00185039	0.00621483	0.00135172	0.00568439	0.000999824	0.00136456	0.00444302	0.0104374	0.00269873	0.0125718	0.00396098	0.00436315
5	0.0600489	0.0068108	0.0246166	0.0219047	0.0149193	0.0121749	0.022207	0.0225913	0.0503838	0.0488224	0.00733556	0.0254126	0.291307	0.038618	0.0371299	0.191279	0.0652609	0.0380449	0.00961828	0.0115133
6	0.0223324	0.0106743	0.00413446	0.00891877	0.0228068	0.00369947	0.0044506	0.323707	0.00451463	0.155954	0.0315858	0.00670286	0.00627399	0.00523235	0.00518561	0.0208363	0.0187549	0.340102	0.00186101	0.00227262
7	0.00458447	0.911604	0.00152707	0.00183451	0.0128785	0.00171895	0.00144069	0.00847096	0.00185039	0.00621483	0.00135172	0.00568439	0.000999824	0.00136456	0.00444302	0.0104374	0.00269873	0.0125718	0.00396098	0.00436315
8	0.00715121	0.00909395	0.003213	0.00614539	0.0813315	0.00595155	0.0157375	0.0576133	0.016225	0.568922	0.0520412	0.00873099	0.0110267	0.0193168	0.0158604	0.0299645	0.0174978	0.0467835	0.0159068	0.0114874
9	0.0212404	0.00618204	0.289612	0.0964471	0.00835479	0.0870753	0.0316925	0.0129097	0.0616967	0.00848143	0.00219819	0.186393	0.00720171	0.0168471	0.0328889	0.0653995	0.0338807	0.0111559	0.00144213	0.0189005
10	0.0452717	0.00121597	0.00481356	0.039683	0.0643904	0.0236796	0.00985032	0.130133	0.0418563	0.214791	0.0727818	0.0260308	0.00419011	0.0380838	0.0326772	0.0441275	0.102838	0.0976233	0.00119799	0.00476553
11	0.0171431	0.0240381	0.00521993	0.00478805	0.213627	0.00526912	0.0125685	0.0961942	0.00765095	0.281274	0.0555932	0.013538	0.0270112	0.00926849	0.0124884	0.034866	0.0214115	0.0746867	0.00315744	0.0802068
12	0.0433583	0.0224331	0.0681068	0.139716	0.0105092	0.0321296	0.0205607	0.0313012	0.131007	0.0347576	0.0208597	0.0784212	0.00618456	0.0691445	0.0732284	0.0861516	0.0770415	0.0348352	0.00389606	0.0163579
13	0.0422592	0.00453793	0.182088	0.254387	0.00586867	0.0382877	0.017348	0.017579	0.0978427	0.0141105	0.0155249	0.0789623	0.00376878	0.0583959	0.0509941	0.0452424	0.0317147	0.0343924	0.00139868	0.0052972
14	0.162589	0.00987898	0.0142448	0.0147018	0.0114163	0.00999187	0.0123135	0.0332147	0.0182281	0.046758	0.00696591	0.0155115	0.436538	0.0145655	0.0172611	0.0568298	0.0563658	0.0317239	0.0224727	0.00842836
15	0.0196229	0.00431479	0.0325545	0.102935	0.00514803	0.0307942	0.0228105	0.0229277	0.229376	0.022358	0.0455829	0.078391	0.00947195	0.0771211	0.152091	0.0565122	0.0635168	0.014386	0.00333777	0.00674685
16	0.0139242	0.0241301	0.00837068	0.00994918	0.0713272	0.00838258	0.012886	0.112796	0.0098298	0.196271	0.107103	0.166449	0.0087481	0.0343326	0.0116799	0.0453767	0.041085	0.0655206	0.00225039	0.0495884
17	0.00350432	0.00945125	0.00129011	0.0043719	0.0807116	0.00421505	0.0102373	0.0678789	0.0120955	0.635506	0.0549293	0.00476842	0.0116273	0.00759824	0.00723366	0.0202612	0.00780911	0.0455869	0.00669012	0.0042342
18	0.189002	0.0164995	0.0331616	0.0213591	0.0123382	0.043051	0.0103065	0.0642059	0.0247569	0.0581338	0.0249437	0.0154625	0.0455332	0.0198552	0.0564441	0.189794	0.106637	0.0601757	0.00124158	0.00709861
19	0.00458447	0.911604	0.00152707	0.00183451	0.0128785	0.00171895	0.00144069	0.00847096	0.00185039	0.00621483	0.00135172	0.00568439	0.000999824	0.00136456	0.00444302	0.0104374	0.00269873	0.0125718	0.00396098	0.00436315
20	0.0387773	0.0130315	0.0310746	0.0536425	0.082666	0.132945	0.0114278	0.0238035	0.0292893	0.06117	0.0193011	0.0648451	0.0115795	0.0139014	0.0268238	0.259644	0.0750043	0.0351815	0.00402431	0.0118671
21	0.0180938	0.00885416	0.0108871	0.0121623	0.0125254	0.0341807	0.605135	0.0134732	0.026358	0.0192905	0.00822265	0.0383523	0.00556662	0.0104227	0.0414226	0.0590617	0.028662	0.0357201	0.0020744	0.00953496
22	0.0801927	0.0204798	0.0249649	0.023557	0.0165958	0.0141758	0.0072004	0.0409032	0.0369715	0.029203	0.00791486	0.0965433	0.00904503	0.0130527	0.0280634	0.254317	0.253741	0.0321432	0.00250756	0.00842719
23	0.0276492	0.0615002	0.0113439	0.00250245	0.342634	0.0051261	0.0240469	0.0544053	0.00640504	0.0834236	0.0169846	0.0029833	0.010366	0.00267226	0.0124202	0.0195623	0.0127826	0.0702094	0.000654742	0.232328
24	0.00458447	0.911604	0.00152707	0.00183451	0.0128785	0.00171895	0.00144069	0.00847096	0.00185039	0.00621483	0.00135172	0.00568439	0.000999824	0.00136456	0.00444302	0.0104374	0.00269873	0.0125718	0.00396098	0.00436315
25	0.0306013	0.00458741	0.0369516	0.115024	0.0118245	0.0307178	0.0283943	0.0203131	0.211747	0.0469694	0.0381859	0.0655862	0.00688581	0.0860588	0.126668	0.0516654	0.0553409	0.0200091	0.00323917	0.00923072
26	0.0973987	0.00555203	0.109192	0.100412	0.0164227	0.112632	0.0094757	0.00881725	0.101823	0.0440905	0.0247478	0.0600199	0.0107738	0.0276168	0.0488221	0.068986	0.091062	0.0489664	0.00173255	0.0114575
27	0.00458447	0.911604	0.00152707	0.00183451	0.0128785	0.00171895	0.00144069	0.00847096	0.00185039	0.00621483	0.00135172	0.00568439	0.000999824	0.00136456	0.00444302	0.0104374	0.00269873	0.0125718	0.00396098	0.00436315
28	0.00798295	0.00806042	0.00224603	0.00696226	0.074072	0.0061653	0.0129975	0.0912619	0.0136763	0.560179	0.0553765	0.00772662	0.0109884	0.0135642	0.00978988	0.0224943	0.014802	0.0691788	0.00709393	0.00538141
29	0.0365542	0.00634143	0.0769978	0.172574	0.00632647	0.039086	0.0192304	0.0168965	0.177579	0.0242234	0.0253445	0.0682949	0.00550312	0.079197	0.095387	0.0566384	0.0521415	0.029794	0.00435731	0.00753262
30	0.0218277	0.00331726	0.04258	0.119263	0.00432037	0.0311479	0.0234176	0.0150073	0.228162	0.0221419	0.0339769	0.0857215	0.00850209	0.0871498	0.132854	0.0586509	0.0583734	0.0126028	0.00379068	0.00719307
31	0.0308147	0.0201686	0.00281144	0.00730877	0.0701577	0.00630977	0.00535311	0.205874	0.00817461	0.205346	0.0701387	0.0127943	0.0217593	0.00396466	0.0101693	0.0257643	0.0332509	0.216684	0.00320244	0.0399542
32	0.0656425	0.010992	0.0503958	0.0178012	0.128079	0.0138676	0.0597053	0.0343459	0.0178845	0.119736	0.04706	0.0218637	0.00899972	0.0686484	0.0193512	0.0713992	0.0558037	0.168811	0.00422243	0.0153913
33	0.0542183	0.00571523	0.136076	0.237928	0.00686951	0.0446717	0.0167905	0.019053	0.12086	0.0227433	0.0188834	0.0504859	0.00218422	0.0650717	0.0587633	0.0466835	0.0390803	0.0474726	0.00134399	0.0051061
34	0.0343987	0.00596498	0.00145267	0.00526226	0.0238444	0.00314873	0.00181287	0.232501	0.00749567	0.294884	0.0750421	0.00533139	0.00536803	0.00201593	0.0121701	0.00957519	0.0211797	0.254371	0.00215359	0.00202743
35	0.117677	0.0126571	0.0194661	0.0226633	0.0194444	0.038377	0.0107174	0.0802104	0.0427409	0.10714	0.0442294	0.0134069	0.0390229	0.0136338	0.0572162	0.172921	0.0857004	0.0939343	0.00154861	0.00729292
36	0.00458447	0.911604	0.00152707	0.00183451	0.0128785	0.00171895	0.00144069	0.00847096	0.00185039	0.00621483	0.00135172	0.00568439	0.000999824	0.00136456	0.00444302	0.0104374	0.00269873	0.0125718	0.00396098	0.00436315
37	0.158973	0.0101176	0.0138035	0.0145924	0.0109319	0.0122224	0.0103279	0.0438482	0.0128932	0.0495922	0.00763111	0.0127303	0.440285	0.0100243	0.0170032	0.0560016	0.0616891	0.0349674	0.0152966	0.00706939
38	0.0382338	0.00506233	0.00222199	0.0114681	0.0301433	0.00811754	0.00348827	0.201229	0.0170644	0.294907	0.0769764	0.0110346	0.00626062	0.00937988	0.0170192	0.0161462	0.043213	0.203393	0.00207498	0.00256614
39	0.00458447	0.911604	0.00152707	0.00183451	0.0128785	0.00171895	0.00144069	0.00847096	0.00185039	0.00621483	0.00135172	0.00568439	0.000999824	0.00136456	0.00444302	0.0104374	0.00269873	0.0125718	0.00396098	0.00436315
40	0.0210643	0.00356909	0.037047	0.11794	0.00442623	0.0311003	0.0244659	0.0135793	0.236605	0.0228389	0.03836	0.0726936	0.00750827	0.0911666	0.147833	0.0539281	0.052719	0.0128166	0.00376925	0.00656947
41	0.0463961	0.0152548	0.0534139	0.208757	0.00969012	0.0327177	0.0208741	0.0455041	0.158281	0.0278665	0.012459	0.0394097	0.00756179	0.0622076	0.0647869	0.0646023	0.062414	0.0585556	0.0016839	0.00756355
42	0.0536897	0.0263748	0.0200829	0.190332	0.0146616	0.0200735	0.0191143	0.0798065	0.133724	0.0384326	0.00279923	0.0297792	0.0115545	0.0635011	0.0475034	0.0803845	0.0808758	0.0812899	0.000875095	0.00514508
43	0.0993459	0.0240013	0.0301737	0.0228725	0.01594	0.0173503	0.00788516	0.0579161	0.0322485	0.0279453	0.0119188	0.0654572	0.0125926	0.0116373	0.0242129	0.219537	0.266745	0.0408307	0.00272886	0.00866093
44	0.0479024	0.00577324	0.024997	0.0292644	0.0165703	0.00510049	0.0374089	0.0177124	0.0751512	0.0596375	0.00227286	0.0364709	0.21495	0.0534867	0.0529015	0.189581	0.0812058	0.01866	0.0138684	0.017085
45	0.0371946	0.00306789	0.00112067	0.00450883	0.0253881	0.00312624	0.00133518	0.19231	0.0101952	0.368028	0.0877113	0.00559446	0.00641554	0.00182035	0.0159207	0.00796189	0.0217947	0.202587	0.00231947	0.00160019
46	0.0455583	0.00469348	0.024966	0.030018	0.0154835	0.00515299	0.0366075	0.0171795	0.0755435	0.0592033	0.00230128	0.036795	0.21727	0.0542293	0.0548696	0.19267	0.0826387	0.0176434	0.0115813	0.0155949
47	0.0191661	0.00528574	0.300223	0.0835481	0.00890044	0.0920125	0.0337283	0.0127899	0.055747	0.00671888	0.000686495	0.201926	0.00756193	0.0106073	0.0285951	0.0678884	0.0344268	0.00806205	0.00124307	0.0208821
48	0.0211097	0.0101078	0.0395587	0.0896011	0.00499064	0.120592	0.0239322	0.0110059	0.170113	0.0196972	0.0260763	0.0863774	0.00703563	0.0766347	0.159287	0.060553	0.0453054	0.0189008	0.00345327	0.0056691
49	0.0187758	0.00530623	0.301335	0.0833772	0.00889691	0.0921604	0.0337005	0.0127574	0.0556842	0.00663094	0.000559685	0.202264	0.00755989	0.0105564	0.0284498	0.0676782	0.0342752	0.00791927	0.00124732	0.0208662
50	0.0584479	0.0216451	0.00377031	0.00943332	0.0167422	0.00700595	0.00240548	0.225372	0.00408291	0.0990207	0.0463962	0.00435251	0.00555274	0.00328187	0.00426033	0.0222833	0.0298023	0.427987	0.00327989	0.00487725
51	0.0624958	0.0181926	0.0581626	0.0444739	0.0253521	0.108993	0.00650636	0.0201231	0.0388689	0.0472948	0.0441217	0.0496396	0.0233134	0.00838693	0.032099	0.310162	0.0337268	0.0602963	0.00175758	0.00603294
52	0.0284823	0.00461086	0.04914	0.0904021	0.0073628	0.0722638	0.019086	0.0131765	0.209366	0.0228021	0.0346815	0.0983675	0.012348	0.0662312	0.121092	0.0535523	0.0693155	0.0175635	0.00331745	0.00683823
53	0.00564476	0.00876254	0.00150462	0.0062006	0.0793179	0.00485172	0.00973669	0.0766067	0.0121924	0.608074	0.0576433	0.00553645	0.0109447	0.00808784	0.00881992	0.0204498	0.0110127	0.0541821	0.00616632	0.00426522
54	0.0457351	0.00470265	0.0248387	0.0296398	0.0155744	0.00502825	0.0367026	0.0172204	0.0749021	0.0593832	0.00214306	0.0365774	0.217977	0.0540313	0.0544115	0.193412	0.0827322	0.0176464	0.0116342	0.0157077
55	0.0204021	0.0180089	0.191641	0.0590874	0.0095712	0.0577002	0.0368135	0.0184095	0.0485821	0.0112377	0.00348011	0.28284	0.00639147	0.0179155	0.0355115	0.10006	0.0428612	0.0122325	0.00299769	0.024256
56	0.0476548	0.00146636	0.00507463	0.0373877	0.0666509	0.0242124	0.0101412	0.129194	0.0391871	0.209846	0.0705342	0.0281136	0.00432757	0.0419111	0.0319001	0.0429596	0.100688	0.102255	0.00113252	0.00536348
57	0.234296	0.0235451	0.0169056	0.0291704	0.0117968	0.0350659	0.018256	0.0932893	0.0200616	0.0834928	0.0129396	0.0136223	0.0675299	0.0101996	0.041421	0.108546	0.111044	0.058675	0.00270362	0.00743923
58	0.0404465	0.00307049	0.00137949	0.00646183	0.0279114	0.00436656	0.00188379	0.186308	0.0116092	0.355367	0.0854281	0.00735569	0.00609731	0.00409314	0.0179462	0.0100868	0.0255605	0.20057	0.00226626	0.00179138
59	0.0274379	0.00339504	0.0404662	0.120113	0.00473029	0.0317674	0.0223892	0.0133564	0.232591	0.0217955	0.0382488	0.0794859	0.00768092	0.0932185	0.130399	0.0522025	0.0544248	0.0160984	0.00372005	0.00647917
60	0.163749	0.0216936	0.0191928	0.0326112	0.0146649	0.0510928	0.0185449	0.0760071	0.0344644	0.0886461	0.016233	0.01422	0.0369773	0.0137936	0.0544352	0.1757	0.0908315	0.0682325	0.0010451	0.00786445
61	0.0234108	0.00509296	0.00123733	0.00460602	0.0434285	0.00367862	0.0045275	0.139402	0.0155622	0.459668	0.0876423	0.00512844	0.00993783	0.0041474	0.0128757	0.0121405	0.0185446	0.141795	0.00431465	0.00286063
62	0.047313	0.0213662	0.00255987	0.00836614	0.0182515	0.00516977	0.00201068	0.239208	0.0028255	0.112475	0.0370572	0.00413167	0.00447163	0.00354572	0.00388489	0.0147758	0.0281919	0.439223	0.0021317	0.00304076
63	0.048572	0.00425311	0.157191	0.267876	0.00474668	0.0350764	0.0177506	0.0183403	0.110946	0.0165541	0.0197053	0.0543298	0.0016526	0.0727948	0.0564578	0.0388602	0.0296623	0.0407943	0.00104578	0.00339038
64	0.130207	0.00774957	0.136777	0.0762035	0.0125514	0.125788	0.0119336	0.0140113	0.0655546	0.0405772	0.0208843	0.061898	0.0110005	0.0202936	0.0393202	0.0750192	0.0773628	0.0594119	0.0017275	0.0117287
65	0.0508033	0.0201415	0.00294509	0.01007	0.0233044	0.0067862	0.00227922	0.221719	0.00543725	0.147725	0.0679919	0.0039101	0.00703376	0.00234709	0.00702921	0.0184439	0.0273	0.361717	0.0047974	0.00821908
66	0.0235799	0.00320069	0.0398183	0.122472	0.00453162	0.0306295	0.0226605	0.0133904	0.240536	0.0214487	0.036653	0.0772712	0.00769935	0.091557	0.133467	0.0526754	0.0546095	0.0136975	0.00380471	0.00629728
67	0.0521019	0.00802633	0.124403	0.200118	0.00899497	0.0544463	0.017305	0.0139383	0.126402	0.0333104	0.0206043	0.0535257	0.00302958	0.0663281	0.0687608	0.0473491	0.0449218	0.0439404	0.00220884	0.0102854
68	0.0518798	0.00731575	0.0300642	0.10013	0.017234	0.0269484	0.107303	0.0139568	0.133272	0.112065	0.0264227	0.0213304	0.00339534	0.102033	0.13743	0.041454	0.0219741	0.0122372	0.00167239	0.0318821
69	0.0434848	0.00435146	0.150572	0.257964	0.00467955	0.0317731	0.0169256	0.0199034	0.120376	0.0158333	0.0194945	0.0612271	0.00208599	0.0710778	0.0636842	0.0397979	0.0348824	0.0370592	0.0014177	0.00340957
70	0.021498	0.0405863	0.00575379	0.0408939	0.153009	0.016383	0.0964283	0.00748249	0.0100106	0.0353367	0.00755696	0.0867133	0.0150326	0.102352	0.00865165	0.0365242	0.00996939	0.0326618	0.0361833	0.236973
71	0.0269437	0.0355735	0.00689918	0.00623073	0.245434	0.00600851	0.0131134	0.112412	0.0060969	0.139781	0.0544327	0.0134544	0.0204403	0.0081362	0.0165274	0.030881	0.0302003	0.102472	0.00116755	0.123796
72	0.00458447	0.911604	0.00152707	0.00183451	0.0128785	0.00171895	0.00144069	0.00847096	0.00185039	0.00621483	0.00135172	0.00568439	0.000999824	0.00136456	0.00444302	0.0104374	0.00269873	0.0125718	0.00396098	0.00436315
73	0.0621637	0.0255822	0.0211484	0.122728	0.019921	0.017871	0.0172011	0.0921342	0.100061	0.0464781	0.00658832	0.0460423	0.014179	0.056916	0.0528537	0.109862	0.0987117	0.0795003	0.0016188	0.00844014
74	0.0210655	0.00624341	0.256102	0.0885593	0.00870795	0.0819295	0.0285631	0.0184769	0.0503563	0.011558	0.00183668	0.214339	0.00689195	0.011447	0.0285872	0.083934	0.0509721	0.0112901	0.00145775	0.017682
75	0.00458447	0.911604	0.00152707	0.00183451	0.0128785	0.00171895	0.00144069	0.00847096	0.00185039	0.00621483	0.00135172	0.00568439	0.000999824	0.00136456	0.00444302	0.0104374	0.00269873	0.0125718	0.00396098	0.00436315
76	0.0214605	0.00328255	0.0380326	0.118518	0.00446167	0.0308147	0.0234126	0.0132257	0.243687	0.0216766	0.0361199	0.0793787	0.00792349	0.0923909	0.134494	0.0539884	0.0546799	0.0123036	0.00386618	0.00628277
77	0.0164217	0.00883432	0.0142123	0.0768702	0.0112237	0.0129081	0.0144769	0.104464	0.166223	0.0259111	0.101644	0.0356262	0.0103021	0.0193444	0.236003	0.0440618	0.0322579	0.058356	0.00306488	0.00779486
78	0.0539775	0.0350512	0.011418	0.0111198	0.199655	0.00958063	0.0216832	0.0655233	0.0111196	0.139856	0.0516838	0.018315	0.0119013	0.0243881	0.0267923	0.0692891	0.0289037	0.0689803	0.00186347	0.138899
79	0.0472528	0.0211989	0.00260505	0.00803256	0.0178416	0.00530587	0.00196252	0.248172	0.00278978	0.111827	0.0368831	0.00432443	0.0041483	0.00338284	0.00367903	0.0151226	0.0279891	0.432199	0.00210302	0.00318049
80	0.00458447	0.911604	0.00152707	0.00183451	0.0128785	0.00171895	0.00144069	0.00847096	0.00185039	0.00621483	0.00135172	0.00568439	0.000999824	0.00136456	0.00444302	0.0104374	0.00269873	0.0125718	0.00396098	0.00436315
81	0.0200991	0.080942	0.0112718	0.0176346	0.122719	0.0220496	0.0355615	0.0545483	0.0198974	0.0766915	0.0829546	0.0126856	0.0168436	0.0315327	0.0493686	0.144088	0.0517691	0.0467192	0.00191225	0.100711
82	0.0195186	0.00377971	0.0350074	0.113735	0.00509697	0.0273865	0.0211059	0.0195873	0.229211	0.022641	0.0493648	0.0641912	0.00709182	0.0828369	0.175646	0.0502036	0.0483741	0.0157228	0.00348053	0.00601857
83	0.00458447	0.911604	0.00152707	0.00183451	0.0128785	0.00171895	0.00144069	0.00847096	0.00185039	0.00621483	0.00135172	0.00568439	0.000999824	0.00136456	0.00444302	0.0104374	0.00269873	0.0125718	0.00396098	0.00436315
84	0.14938	0.0210209	0.0288219	0.0592395	0.0183417	0.0739215	0.0111708	0.0795008	0.0400534	0.0723223	0.0145719	0.0308811	0.0168339	0.0197171	0.0527912	0.117688	0.104147	0.0813015	0.00139441	0.00690108
85	0.039964	0.00370859	0.00237682	0.0124303	0.0287409	0.00894947	0.0031822	0.171131	0.0148885	0.331545	0.0972447	0.0084841	0.00665846	0.00790792	0.0194876	0.0175718	0.0414706	0.176146	0.00500952	0.00310259
86	0.038451	0.00394398	0.00718999	0.0353372	0.0676716	0.0219434	0.0120606	0.132974	0.0335382	0.211216	0.0827339	0.0239142	0.00514809	0.0341429	0.0307382	0.0501258	0.0942318	0.09853	0.0018934	0.0142151
87	0.0436537	0.00679724	0.192222	0.113866	0.0133955	0.0711042	0.0234035	0.0150116	0.0698474	0.0395308	0.0132378	0.105014	0.0129883	0.0267808	0.0321019	0.0863232	0.0681015	0.0304578	0.00387971	0.0322829
88	0.0173832	0.00729157	0.0200626	0.0160008	0.0113344	0.0267392	0.577052	0.0134683	0.0386989	0.0175992	0.00831176	0.0621012	0.00638177	0.0126932	0.0369032	0.0543827	0.0351406	0.0273192	0.00197074	0.00916567
89	0.0564444	0.024172	0.027738	0.178061	0.0156687	0.0266019	0.0185379	0.0698986	0.129013	0.0391302	0.00427873	0.033596	0.0121106	0.0623078	0.0516019	0.0810685	0.0832515	0.0795168	0.00112791	0.00587368
90	0.0558192	0.0190754	0.141514	0.108036	0.00747796	0.138488	0.0398659	0.0132338	0.0585628	0.0172992	0.0114308	0.0948948	0.00497332	0.0431563	0.0944859	0.0707143	0.0333875	0.0357331	0.00236484	0.0094876
91	0.0174034	0.00739775	0.0106873	0.0113747	0.014168	0.0254358	0.620888	0.0129853	0.0281185	0.0188527	0.00773987	0.0410225	0.00847313	0.0100112	0.033919	0.0582545	0.0295772	0.0312029	0.00227751	0.0102104
92	0.0479664	0.0217129	0.0808641	0.0873494	0.00864297	0.0291337	0.0172338	0.0627712	0.0954395	0.0292146	0.00812621	0.105342	0.00480543	0.0483889	0.0546477	0.127968	0.101791	0.0481777	0.00769206	0.0127326
93	0.0456635	0.0215759	0.00270161	0.00814257	0.0188259	0.00503861	0.0020744	0.245986	0.00266432	0.111187	0.0361363	0.0041018	0.00439498	0.00325239	0.0037127	0.0150073	0.0277616	0.436695	0.00201648	0.0030612
94	0.0399517	0.00153219	0.00548819	0.0491687	0.0609733	0.0245296	0.00970874	0.130945	0.0536509	0.198411	0.0761388	0.0291795	0.00386575	0.039018	0.0352486	0.0421676	0.0996804	0.0947918	0.00111515	0.00443437
95	0.0251947	0.00534622	0.287264	0.113925	0.00827916	0.0830263	0.0295081	0.0125801	0.0571046	0.00784068	0.00290331	0.17741	0.00948382	0.016813	0.0311238	0.0666153	0.0335418	0.0119748	0.00184492	0.0182211
96	0.113493	0.00697014	0.00877015	0.0349431	0.0398023	0.0335002	0.0100476	0.13158	0.0323916	0.151583	0.0510092	0.0255007	0.00961797	0.0311752	0.0296451	0.0659255	0.100622	0.115102	0.00220935	0.00611172
97	0.108418	0.00503515	0.109511	0.089868	0.0162157	0.122367	0.00819136	0.0102286	0.0951706	0.040316	0.0254691	0.0518855	0.0201601	0.0186427	0.0406445	0.0770865	0.0949144	0.053712	0.00184019	0.0103236
98	0.0567963	0.00641204	0.13786	0.309468	0.00883128	0.0177818	0.012186	0.014316	0.0419775	0.0143783	0.0118847	0.0398053	0.00369804	0.0416121	0.0543493	0.0261296	0.0781459	0.117906	0.00194001	0.00452198
99	0.0310536	0.0554448	0.0101836	0.010449	0.141796	0.00864344	0.0781048	0.0141569	0.0272619	0.0475061	0.0275594	0.031585	0.00542102	0.0234281	0.0267433	0.0474009	0.0236326	0.0277064	0.00622637	0.355697
100	0.0467094	0.0040213	0.145485	0.256086	0.00472773	0.0346321	0.0181855	0.0184526	0.123662	0.0175301	0.0203213	0.0554296	0.00127629	0.0726635	0.0636525	0.0385844	0.0319198	0.0416739	0.00129764	0.00368894
101	0.0228055	0.00722829	0.148229	0.147991	0.0337623	0.0230055	0.013172	0.0284095	0.0859092	0.0726211	0.0251705	0.0539456	0.039806	0.0159026	0.0155178	0.0978198	0.0876296	0.0227441	0.00667256	0.051657
102	0.0298151	0.00453232	0.00118242	0.00448037	0.0393782	0.00348212	0.00396347	0.152493	0.0110775	0.448424	0.079468	0.00528188	0.00752498	0.00370944	0.0138984	0.0113205	0.0186526	0.155373	0.00366661	0.00227537
103	0.054986	0.0224371	0.0191201	0.167269	0.0179136	0.0192347	0.0200086	0.0841524	0.123311	0.0524265	0.00726986	0.0348328	0.0109303	0.0674669	0.0516139	0.0760444	0.0817791	0.0825941	0.000985635	0.00562453
104	0.103385	0.0108459	0.040817	0.153491	0.0562009	0.0148523	0.00998567	0.0368606	0.0180537	0.0650828	0.0322705	0.081885	0.00792961	0.0569433	0.0148275	0.199677	0.0229726	0.0186806	0.00345811	0.0517814
105	0.021921	0.00333739	0.0390526	0.122271	0.00436929	0.0307465	0.0233559	0.0125558	0.242391	0.0217603	0.0357703	0.0763091	0.00799938	0.0919494	0.133431	0.0547419	0.0548352	0.0125957	0.00410088	0.00650622
106	0.138676	0.0778718	0.0442877	0.0264057	0.00779982	0.106732	0.00528267	0.0702891	0.0186127	0.0263331	0.00839001	0.0245605	0.00994066	0.00772112	0.0341416	0.17006	0.106308	0.10962	0.00205201	0.00491485
107	0.021998	0.00328655	0.0375631	0.120092	0.00453684	0.0303583	0.0231096	0.0134441	0.242544	0.021791	0.037131	0.0769266	0.00789127	0.0920915	0.135778	0.0534874	0.0548547	0.0128695	0.00384808	0.00639837
108	0.0404528	0.00391094	0.122716	0.230183	0.0044932	0.0331912	0.0202356	0.0169776	0.150621	0.0174672	0.0236592	0.0603773	0.00264063	0.0783816	0.0765368	0.0424654	0.0351249	0.0345205	0.00187802	0.00416711
109	0.0224137	0.00483882	0.0365962	0.117901	0.00552984	0.0285556	0.0337891	0.0129745	0.233122	0.0295806	0.035541	0.0699054	0.00739471	0.0900566	0.141346	0.053917	0.0525336	0.0119763	0.00365448	0.00837485
110	0.0851007	0.0302614	0.00602086	0.00908458	0.0150499	0.0111482	0.00265915	0.183693	0.0055004	0.103874	0.0393149	0.00877694	0.00685767	0.00486867	0.00699648	0.0240203	0.0366889	0.413578	0.00200499	0.00450081
111	0.0441726	0.0170765	0.0626668	0.0839241	0.00908749	0.0141272	0.0346459	0.0735036	0.0700309	0.0379003	0.008626	0.114699	0.00554374	0.0611341	0.0822028	0.110179	0.104623	0.0394593	0.00438533	0.0220131
112	0.0192532	0.00555838	0.285788	0.0847299	0.00848855	0.0878221	0.0329236	0.0140484	0.0569234	0.00698309	0.000838326	0.208618	0.00746627	0.0116959	0.0311083	0.070486	0.0372118	0.00836988	0.00140632	0.0202802
113	0.0418835	0.00373791	0.123181	0.228715	0.00473813	0.0321456	0.0190513	0.0177216	0.147844	0.0177397	0.0239559	0.062087	0.00270029	0.0768067	0.0782699	0.0423316	0.0366804	0.0344053	0.00186252	0.00414294
114	0.216054	0.0232227	0.0460763	0.0320732	0.0119645	0.0332993	0.00522444	0.0774646	0.0402378	0.0293115	0.0178642	0.0294227	0.0173565	0.00659445	0.0154596	0.115962	0.188281	0.0885008	0.000956262	0.00467334
115	0.0292676	0.0658017	0.012577	0.00220336	0.317708	0.00549851	0.0291507	0.0489361	0.00751018	0.0811414	0.0155301	0.00317106	0.00676795	0.00280631	0.013002	0.0195142	0.0112972	0.0629027	0.000559468	0.264655
116	0.0514642	0.00414739	0.151117	0.258484	0.00508868	0.0361407	0.0177169	0.0184511	0.114363	0.0183983	0.0200538	0.0543289	0.00132954	0.0702417	0.0589883	0.0396634	0.0315662	0.0437364	0.0011382	0.00358201
117	0.0474728	0.00474323	0.146231	0.256313	0.00495802	0.0336475	0.0176667	0.0217843	0.118963	0.0173399	0.0193677	0.0564724	0.00141705	0.0706356	0.0617512	0.0400552	0.0337402	0.0427468	0.00117616	0.00351851
118	0.150235	0.0162579	0.0262664	0.0274428	0.0250626	0.0343393	0.0166706	0.0627411	0.039895	0.0837696	0.0150607	0.0177866	0.0278579	0.0132155	0.0459904	0.226104	0.0949311	0.0677724	0.00107963	0.00752095
119	0.0567568	0.0217396	0.0027262	0.00813785	0.019061	0.00716886	0.00205426	0.214589	0.00501193	0.158065	0.0561494	0.00469555	0.00622716	0.00246407	0.00772848	0.0175143	0.0272818	0.374917	0.00298919	0.00472164
120	0.0456802	0.0152026	0.0281456	0.132125	0.013675	0.0185391	0.0313373	0.0648359	0.147027	0.0403184	0.0141186	0.0610522	0.0114683	0.0868575	0.0854127	0.0708829	0.0690254	0.0497729	0.00178829	0.0127354
121	0.0302178	0.00365063	0.00148695	0.00491733	0.0262054	0.00264878	0.00190009	0.229376	0.00838696	0.326765	0.0776935	0.00565524	0.00570902	0.00234321	0.0136095	0.00908772	0.020473	0.226129	0.00202442	0.00171966
122	0.0398605	0.00385528	0.128054	0.219933	0.00461541	0.0307392	0.018133	0.0237123	0.141401	0.0175539	0.0221448	0.071022	0.00265458	0.0714601	0.0792582	0.0432622	0.0425054	0.0332928	0.00208384	0.00445777
123	0.0432519	0.00393024	0.142548	0.256221	0.00493129	0.0316457	0.0174458	0.0186255	0.130191	0.0162853	0.0207093	0.0587397	0.00203708	0.0734939	0.0668541	0.0385262	0.0330365	0.0366393	0.00141292	0.00347512
124	0.0209036	0.003364	0.0379243	0.119882	0.00428976	0.0297663	0.0235736	0.0128518	0.240155	0.0212051	0.0363989	0.0767931	0.00798095	0.091726	0.14111	0.054712	0.0547094	0.012115	0.00411555	0.00642374
125	0.0211189	0.00389988	0.0364419	0.117283	0.00431296	0.0298739	0.0244817	0.0130756	0.236303	0.0218838	0.0366453	0.0757147	0.0077927	0.0909802	0.148308	0.0543579	0.0549249	0.0122176	0.00395425	0.0064296
126	0.0900273	0.00588535	0.112819	0.111009	0.0173509	0.110219	0.00942474	0.0061356	0.104527	0.0426735	0.0266202	0.0578173	0.0086485	0.029368	0.0557926	0.0648939	0.0849715	0.0485594	0.00187739	0.0113805
127	0.0703912	0.00344328	0.00638222	0.0447595	0.0591935	0.0238788	0.0129358	0.135178	0.0429761	0.173695	0.0648844	0.0273179	0.00595811	0.0355966	0.0302772	0.0564919	0.0999385	0.10004	0.00102682	0.00563558
128	0.00354892	0.00944348	0.00128532	0.00440325	0.0809325	0.00426446	0.0102741	0.0673084	0.0122124	0.635829	0.0546071	0.00476745	0.0116422	0.00767991	0.00720514	0.0205617	0.00806153	0.0450005	0.00675267	0.00421959
129	0.0261162	0.00566122	0.0479714	0.122029	0.056	0.0172657	0.0275005	0.114908	0.0737182	0.145468	0.0487118	0.0500666	0.00534552	0.0236712	0.0500006	0.0311553	0.0515038	0.0891591	0.0015953	0.0121528
130	0.0265108	0.00487438	0.0436861	0.138356	0.0059842	0.0318546	0.0218889	0.0128002	0.221581	0.0247846	0.0329239	0.0792554	0.00780341	0.0877874	0.11191	0.0651662	0.050647	0.0147273	0.00545366	0.0120052
131	0.051401	0.00505002	0.142047	0.253926	0.00611889	0.0329577	0.0221953	0.018185	0.107138	0.0189589	0.0233444	0.0552602	0.0018682	0.0733982	0.0592637	0.0425821	0.0350988	0.0456812	0.00128526	0.00424054
132	0.0473507	0.0288305	0.0029292	0.00840649	0.0198366	0.00893534	0.00225021	0.235591	0.00387236	0.11714	0.0380552	0.00469814	0.00510371	0.00324222	0.00477846	0.0161848	0.0311342	0.415351	0.002395	0.00391462
133	0.0196973	0.00637719	0.264111	0.0825748	0.0080888	0.0850512	0.0324208	0.0143434	0.0653098	0.00845442	0.00243967	0.206555	0.00845394	0.0140162	0.0361012	0.0758329	0.0395801	0.0086981	0.0015604	0.0203341
134	0.0231367	0.0844106	0.0963998	0.0223673	0.0051485	0.163727	0.00357023	0.0453107	0.0798965	0.0154402	0.0208155	0.041818	0.0110411	0.0100118	0.0390633	0.261551	0.0344897	0.0371942	0.0012831	0.00332516
135	0.0573315	0.00238932	0.00573575	0.038542	0.0607823	0.0239551	0.0101981	0.126562	0.0426551	0.204186	0.0670013	0.0268426	0.00543806	0.0357353	0.0333563	0.0520969	0.102828	0.0982806	0.00103065	0.00505409
136	0.0203522	0.00519884	0.0429311	0.102527	0.00423515	0.0261868	0.030481	0.0175174	0.215419	0.0231961	0.0319325	0.108791	0.0075411	0.0830776	0.130171	0.0688227	0.0589031	0.0107462	0.00381494	0.0081547
137	0.0757233	0.0265091	0.00868212	0.0155913	0.0297249	0.0344559	0.00950242	0.183219	0.0347827	0.085531	0.0454132	0.00864238	0.0142	0.00741569	0.011279	0.0745582	0.0427029	0.253727	0.0055765	0.0327636
138	0.0518595	0.00564111	0.0235227	0.0277331	0.0211044	0.00714677	0.0332544	0.0208965	0.0672751	0.0667852	0.00535123	0.0382175	0.215928	0.0531281	0.0554894	0.181955	0.0775969	0.0212656	0.0106519	0.0151981
139	0.00353822	0.00983077	0.00137644	0.00459764	0.0818877	0.00435518	0.0104724	0.0683035	0.0121267	0.631232	0.0535863	0.00471611	0.01191	0.00761397	0.00709762	0.0213845	0.0084399	0.0461842	0.00667041	0.00467636
140	0.0651082	0.00783203	0.121699	0.178849	0.0131392	0.0766785	0.0130033	0.00978576	0.109282	0.0356184	0.0204878	0.0602678	0.0054908	0.0511357	0.0571748	0.057249	0.0591844	0.0425845	0.00225576	0.0131734
141	0.0962486	0.00641687	0.116073	0.0804406	0.0177277	0.132893	0.00880238	0.00985477	0.096735	0.0378285	0.0272543	0.0633626	0.0109588	0.019908	0.0501497	0.0714769	0.0939206	0.0476322	0.00160563	0.0107111
142	0.0513162	0.00386727	0.157862	0.257866	0.00498356	0.0360642	0.0185284	0.0188166	0.110786	0.0166675	0.0210825	0.0548317	0.00145137	0.069889	0.0585789	0.0393977	0.0304923	0.0429207	0.00103281	0.00356631
143	0.172808	0.0207267	0.0641715	0.0261612	0.0150748	0.0426563	0.0068725	0.0704702	0.040095	0.0482933	0.0168445	0.0391215	0.0404884	0.00957493	0.0214723	0.152592	0.120557	0.0857782	0.00121947	0.00502158
144	0.0274766	0.00539799	0.00276776	0.0108507	0.0376321	0.00481163	0.00440097	0.215949	0.0105188	0.312874	0.0623368	0.00663943	0.00674992	0.00654107	0.0155267	0.0182185	0.023477	0.222129	0.00239849	0.00330382
145	0.113306	0.0190393	0.0389253	0.0381966	0.0152994	0.0200973	0.0247866	0.096764	0.052308	0.0555216	0.0117324	0.0781757	0.00904932	0.0353905	0.0459368	0.133138	0.119879	0.0706728	0.00344685	0.0183349
146	0.195849	0.0158175	0.0171092	0.0328195	0.0204163	0.0627431	0.0115173	0.0854591	0.0234209	0.0922652	0.0144222	0.0177347	0.023835	0.0119077	0.0451308	0.125022	0.115171	0.081743	0.000946292	0.00667073
147	0.0570783	0.00924271	0.0200723	0.0615213	0.0314042	0.0206493	0.224767	0.0147693	0.0782691	0.112	0.0175591	0.0144917	0.0042597	0.074531	0.13936	0.040288	0.0191372	0.012923	0.00174427	0.0459325
148	0.0231497	0.00576654	0.266029	0.087051	0.0082724	0.0848335	0.0302937	0.0181512	0.059447	0.00933519	0.00180691	0.195236	0.00739687	0.0136825	0.0368347	0.0744226	0.0466157	0.0109739	0.00153769	0.0191644
149	0.119532	0.0246856	0.0286719	0.0311989	0.0227974	0.0190785	0.00680219	0.0425929	0.0413024	0.0425955	0.00811896	0.0956813	0.0101235	0.0128664	0.0268626	0.225127	0.184953	0.0481382	0.00189211	0.00698054
150	0.040893	0.00114195	0.0047745	0.0406918	0.0640368	0.0236812	0.00921492	0.130018	0.0423614	0.219416	0.0749457	0.0251595	0.00402036	0.0365972	0.0332933	0.0431462	0.105242	0.0956293	0.00129918	0.00443884
151	0.0177587	0.104794	0.0129979	0.0114772	0.106019	0.0199687	0.0550961	0.0241172	0.0142385	0.0549324	0.0607365	0.0163825	0.00887626	0.0349414	0.0562176	0.157716	0.0646883	0.0397168	0.00142141	0.137903
152	0.0535312	0.0316795	0.10234	0.22976	0.0121193	0.061628	0.0129654	0.0192837	0.0763131	0.0380219	0.0153931	0.052676	0.00564986	0.0688261	0.0410017	0.0773221	0.0511094	0.0379167	0.00230188	0.0101617
153	0.0459781	0.0037541	0.148065	0.260061	0.00462874	0.0327626	0.0180018	0.0191822	0.122882	0.016442	0.0204405	0.0566176	0.00123268	0.0724777	0.0633478	0.0378086	0.0313806	0.0404619	0.00121306	0.00326206
154	0.0107669	0.00824949	0.00149467	0.00479841	0.0695625	0.00435244	0.0101585	0.0933878	0.0118305	0.567522	0.0624501	0.005396	0.0105499	0.00762807	0.00881989	0.0189528	0.0112641	0.0796856	0.00772357	0.00540715
155	0.0352568	0.00384924	0.107712	0.209719	0.00453893	0.0318177	0.0211982	0.0156926	0.167321	0.0176352	0.0253848	0.0648971	0.0040553	0.0825396	0.0873841	0.0463644	0.0393785	0.0281575	0.00222847	0.00486974
156	0.0652943	0.00382525	0.152637	0.23231	0.00583029	0.0442867	0.0206223	0.0200564	0.10494	0.0187641	0.0214675	0.0544959	0.00201407	0.0633961	0.0601094	0.044707	0.0332156	0.0468156	0.00124986	0.00396275
157	0.0570078	0.0202059	0.00298412	0.00855003	0.0197184	0.00980437	0.00261067	0.208613	0.00862023	0.188176	0.0650826	0.00474242	0.00965089	0.00254492	0.00834529	0.0219781	0.0313428	0.318572	0.0041464	0.00730406
158	0.0304057	0.00473098	0.00146331	0.00544157	0.031508	0.00286041	0.00252876	0.215415	0.00783482	0.33135	0.0721459	0.00541048	0.00587358	0.00266429	0.014167	0.0102285	0.0184495	0.233005	0.00235924	0.00215733
159	0.0269656	0.00686604	0.276384	0.0818395	0.00861186	0.0887869	0.0330208	0.0157196	0.0634186	0.00875812	0.00187496	0.189799	0.00747296	0.0137266	0.0277841	0.0785125	0.0369481	0.0110056	0.00140296	0.0211021
160	0.0286847	0.0051534	0.07474	0.174722	0.00546399	0.0315762	0.0200692	0.0138733	0.192492	0.0229152	0.0298545	0.0704631	0.00746235	0.0843345	0.100938	0.055334	0.0489126	0.0216926	0.00347397	0.00784434
161	0.0658503	0.00552329	0.00873711	0.0294864	0.0545236	0.0447368	0.0270485	0.114225	0.0424165	0.197794	0.0585333	0.0349992	0.0187018	0.0602103	0.0303966	0.0582882	0.0675253	0.0694482	0.00257259	0.00898341
162	0.159715	0.0125138	0.0504498	0.0212034	0.0155622	0.0417652	0.00925102	0.0493671	0.0267049	0.0830533	0.0193599	0.0156443	0.103699	0.0100449	0.0285097	0.167719	0.0809499	0.094582	0.00321643	0.0066892
163	0.0137878	0.00779635	0.0122004	0.0459177	0.0100541	0.013847	0.0288319	0.106434	0.130067	0.0369334	0.113534	0.0919706	0.0240735	0.0145139	0.136767	0.108909	0.0698788	0.0241864	0.0027793	0.00751827
164	0.0397375	0.00326224	0.126754	0.21621	0.00460871	0.0308976	0.0182713	0.0217775	0.144193	0.0170039	0.0222109	0.0696457	0.00296759	0.0731767	0.0823083	0.0441601	0.0432485	0.0330251	0.00218565	0.00435593
165	0.0483985	0.0132079	0.00682962	0.0134714	0.0165428	0.0233271	0.00752275	0.22464	0.015891	0.126609	0.0453113	0.00756153	0.0104892	0.0076811	0.0102973	0.0907794	0.0760609	0.221184	0.023248	0.0109481
166	0.126287	0.0133751	0.0300923	0.0402384	0.0319015	0.046297	0.0106012	0.0656725	0.0695648	0.0848601	0.0234186	0.0250907	0.0199111	0.0201789	0.0425943	0.128482	0.110346	0.101179	0.00160595	0.0083036
167	0.044787	0.0038497	0.140078	0.246992	0.00478404	0.0330591	0.0180256	0.0188963	0.131062	0.0172878	0.0213426	0.0587458	0.00180809	0.0732514	0.0687866	0.0394233	0.0338161	0.0387279	0.00154783	0.00372886
168	0.0444862	0.00851581	0.0257152	0.0863501	0.0216559	0.0235133	0.13521	0.0142023	0.0940752	0.131501	0.0213039	0.0104766	0.00262607	0.110926	0.152717	0.0445568	0.0155789	0.00844367	0.00140332	0.0467426
169	0.226295	0.0218944	0.018513	0.0270583	0.0145359	0.0736267	0.00987003	0.086663	0.0194769	0.0717106	0.0145017	0.0168832	0.0182058	0.013624	0.0420177	0.0976668	0.105812	0.112449	0.00208341	0.00711243
170	0.0375533	0.00600393	0.0903738	0.189183	0.00620298	0.0394822	0.0212937	0.0138963	0.169396	0.0254952	0.0253066	0.0640789	0.0042804	0.0802035	0.0917268	0.0485223	0.0457298	0.0307151	0.00272439	0.00783246
171	0.0226551	0.00559985	0.0374919	0.124786	0.00577543	0.0289426	0.0253927	0.015086	0.229872	0.0223821	0.0348532	0.0778924	0.00828006	0.0929538	0.126237	0.0609898	0.0544106	0.0138396	0.00375695	0.00880245
172	0.0960604	0.00535798	0.127698	0.0980638	0.0156442	0.099286	0.013969	0.00910862	0.0897919	0.0432607	0.0265243	0.0669052	0.00781559	0.0327534	0.0504839	0.0729102	0.0807224	0.0464475	0.00200873	0.0151883
173	0.0360231	0.00305031	0.00110184	0.00460278	0.0256899	0.00303583	0.00141284	0.196106	0.00975183	0.363691	0.0871186	0.00555967	0.00630064	0.00191977	0.0157202	0.00826979	0.0211864	0.205531	0.00230071	0.00162885
174	0.040647	0.0210527	0.0518981	0.0300909	0.0016762	0.642859	0.00549826	0.00867358	0.00314465	0.00526434	0.00142132	0.0280441	0.00581839	0.00185422	0.0375504	0.0645472	0.00940728	0.030053	0.00940063	0.00109836
175	0.0220501	0.00482544	0.0369298	0.123505	0.0052201	0.0287168	0.025547	0.0137421	0.235072	0.0218864	0.0352048	0.0770058	0.00840806	0.0942675	0.129367	0.0588291	0.0548201	0.0128609	0.00373079	0.0080112
176	0.032986	0.00294115	0.00119445	0.0046158	0.0262992	0.00278095	0.00152811	0.208891	0.00925266	0.352187	0.0835649	0.00555785	0.00603273	0.00205031	0.0150404	0.00814524	0.0211077	0.212039	0.00212779	0.00165794
177	0.0372486	0.0274495	0.072482	0.0344855	0.00649948	0.0134694	0.027813	0.0555646	0.0702577	0.0219974	0.00573129	0.176697	0.00278946	0.0392653	0.0602339	0.181661	0.111963	0.0256512	0.00952372	0.0192161
178	0.0733052	0.0988207	0.0860594	0.0321222	0.00482193	0.153857	0.003503	0.0498117	0.0343882	0.0111016	0.0101455	0.0267207	0.00634568	0.00642487	0.0319021	0.21109	0.0763563	0.0790226	0.00147033	0.00273103
179	0.0374171	0.00300115	0.0011503	0.00495596	0.0243729	0.00347196	0.00143949	0.186687	0.0114889	0.366288	0.095256	0.00567863	0.00686129	0.00206985	0.0164173	0.00823554	0.0238508	0.197056	0.00262385	0.00167829
180	0.320722	0.038265	0.0376454	0.0180447	0.0142453	0.030301	0.00383899	0.0516414	0.0289111	0.0162217	0.0100377	0.018894	0.0120937	0.00823848	0.00979526	0.0877348	0.160899	0.121604	0.00158061	0.00928581
181	0.197056	0.0225868	0.0190685	0.0277474	0.013323	0.0447017	0.0121085	0.0886458	0.0247169	0.0763756	0.0167192	0.0137719	0.0327621	0.015073	0.047722	0.157431	0.0917963	0.0868394	0.000907288	0.0106475
182	0.0342656	0.0707146	0.0338725	0.0119953	0.0763331	0.0136893	0.0362189	0.028308	0.0124417	0.0781761	0.0896849	0.0180059	0.0106178	0.0225051	0.0338408	0.151038	0.117208	0.0501886	0.00229683	0.108599
183	0.0457251	0.00473847	0.0246284	0.0293693	0.0157511	0.00516569	0.0363962	0.0171967	0.0744924	0.0602262	0.00228711	0.0364971	0.217521	0.0537439	0.0542188	0.194089	0.0828462	0.0179421	0.0114757	0.0156891
184	0.018745	0.00530887	0.301298	0.0832946	0.00890178	0.0921573	0.0337375	0.0127642	0.0556806	0.00664408	0.000555635	0.202355	0.00754406	0.0105527	0.0284371	0.0676696	0.0342883	0.00792274	0.00124676	0.020896
185	0.0309441	0.0145149	0.157311	0.0510229	0.00481669	0.400502	0.0169886	0.0107936	0.0259722	0.00622473	0.00151579	0.105295	0.00826027	0.00555673	0.031873	0.0722849	0.0206264	0.0200457	0.00532523	0.0101271
186	0.0217273	0.00476606	0.0367291	0.104263	0.00550652	0.0544492	0.0213257	0.0119353	0.221704	0.0248109	0.0344792	0.0793783	0.00828129	0.0822078	0.148092	0.0578276	0.058669	0.0143277	0.00337018	0.00615048
187	0.0329309	0.00301824	0.00121015	0.00484944	0.0245381	0.00305727	0.00145421	0.204562	0.0103823	0.348008	0.0931074	0.00557894	0.00670051	0.00209363	0.0152169	0.00819373	0.0224911	0.208325	0.00239797	0.00188457
188	0.477037	0.0512141	0.0276546	0.00775031	0.0205708	0.0362012	0.00409792	0.0289505	0.0113326	0.0128991	0.00593716	0.00775881	0.0133207	0.0119892	0.0091275	0.0540012	0.074301	0.125026	0.00245089	0.0183798
189	0.0252913	0.00974583	0.0031168	0.00764879	0.0228916	0.00330578	0.00351112	0.299956	0.00474101	0.188648	0.0421398	0.00544426	0.00548761	0.00369411	0.00644527	0.01582	0.0193892	0.32905	0.0015797	0.00209346
190	0.12646	0.0415943	0.0414786	0.0232348	0.00602078	0.487853	0.00521933	0.015425	0.00494381	0.00810612	0.00261125	0.0223571	0.00699215	0.00539962	0.032966	0.0648147	0.0245939	0.0639539	0.0112633	0.00471187
191	0.0203533	0.109803	0.0162581	0.00648739	0.0857089	0.0104211	0.0860382	0.0107785	0.00892799	0.0537535	0.0379745	0.0230011	0.00459269	0.0327823	0.0504429	0.144843	0.0702879	0.0325299	0.00115703	0.193859
192	0.0346452	0.00775367	0.0532497	0.113465	0.00566747	0.157227	0.021115	0.0150755	0.171615	0.0212187	0.0252347	0.0621094	0.0071979	0.0648008	0.0979135	0.0564837	0.0499708	0.0241367	0.00433452	0.00678565
193	0.0415873	0.01965	0.0609436	0.0386099	0.00233171	0.605774	0.00623094	0.00877148	0.00848421	0.00634364	0.00241946	0.0330729	0.00597568	0.00379525	0.0377061	0.0651563	0.0121678	0.0305186	0.00870542	0.00175603
194	0.0342977	0.0126604	0.00249592	0.00703821	0.021185	0.00403076	0.00254109	0.272917	0.00463567	0.183637	0.0497946	0.00508251	0.00456855	0.0028885	0.0061924	0.0138229	0.0248662	0.342781	0.0020249	0.00253947
