270	20
1	0.145543	0.0168271	0.00445486	0.0406678	0.00387599	0.0469219	0.0652174	0.0070514	0.0142453	0.0426544	0.0923789	0.0705913	0.00218296	0.0702679	0.0455991	0.189132	0.0980166	0.0391443	0.0011915	0.00403656
2	0.183518	0.101174	0.00239722	0.00434261	0.00939461	0.00318934	0.00262934	0.0502467	0.00385113	0.040084	0.00370399	0.00369567	0.00167133	0.00387004	0.00325039	0.106377	0.251978	0.221015	0.000877955	0.00273484
3	0.0123399	0.00654664	0.00177473	0.000766926	0.0229596	0.0035334	0.000598512	0.325865	0.00132689	0.310997	0.04829	0.00131222	0.000381984	0.00241178	0.00158907	0.00432171	0.00856362	0.242515	0.000943022	0.00296295
4	0.167787	0.00940849	0.0426744	0.0628938	0.00466868	0.0477762	0.00842898	0.0190519	0.0912388	0.0224239	0.00999138	0.0285861	0.231269	0.0242302	0.0276297	0.0987932	0.0632393	0.0347244	0.00138299	0.00380239
5	0.0708601	0.0123175	0.00569589	0.00939246	0.0472234	0.0107737	0.10899	0.0379712	0.0186884	0.197473	0.0865097	0.0343449	0.00287489	0.10887	0.105199	0.0455259	0.0258212	0.0463766	0.00266472	0.0224272
6	0.0176459	0.0129613	0.000975129	0.00171292	0.213697	0.00210163	0.000826219	0.0917123	0.00104934	0.456021	0.10887	0.00110985	0.003199	0.00765366	0.00163685	0.00345538	0.00868159	0.0580293	0.00234824	0.00631305
7	0.0208908	0.030059	0.0300705	0.0503483	0.154931	0.0384995	0.267569	0.00597793	0.0282614	0.0236346	0.00523853	0.0711676	0.00132125	0.0327513	0.0368553	0.0327434	0.00670199	0.0122499	0.000762318	0.149967
8	0.0438403	0.0119166	0.0633783	0.0659053	0.00909458	0.0168127	0.104669	0.006551	0.13903	0.0125318	0.00601575	0.129014	0.0151562	0.0975617	0.0465697	0.132787	0.052416	0.0137048	0.000639825	0.032405
9	0.0336179	0.0038246	0.497124	0.138877	0.00393069	0.0406016	0.0292609	0.00492374	0.0183944	0.00868167	0.00431669	0.0805644	0.0133877	0.0230626	0.010488	0.0489014	0.0186921	0.0155041	0.00103084	0.00481511
10	0.0657822	0.0366184	0.0011478	0.00511304	0.0214138	0.00152929	0.0041471	0.189402	0.00518069	0.146944	0.0524973	0.00644988	0.000741057	0.0058786	0.00815285	0.0305225	0.0416699	0.368115	0.000478266	0.00821641
11	0.169883	0.126191	0.00158276	0.00204856	0.0170393	0.00227951	0.0016672	0.0894139	0.00207224	0.0616902	0.00270731	0.00346487	0.00144404	0.00270434	0.00262207	0.102882	0.0638508	0.343866	0.000712967	0.00187706
12	0.134261	0.0987146	0.00220576	0.00361732	0.0151047	0.00429893	0.00287595	0.0889843	0.00410692	0.0598941	0.010709	0.00532625	0.00436002	0.00693599	0.00518756	0.0719655	0.0539365	0.421821	0.00138521	0.00430929
13	0.00682431	0.0193886	0.0922008	0.44171	0.00314125	0.00322612	0.00271787	0.00395547	0.00315391	0.00579191	0.00307532	0.0466401	0.00178136	0.287049	0.037664	0.00612263	0.0268164	0.00507435	0.000870557	0.00279619
14	0.484139	0.0122708	0.0014724	0.00634483	0.00499525	0.0501149	0.0016335	0.00266655	0.00272404	0.00830446	0.00264766	0.00873179	0.00118364	0.00992922	0.00255001	0.325301	0.0522683	0.019488	0.000835493	0.00239882
15	0.0838838	0.107901	0.00854074	0.0120671	0.0111249	0.0125003	0.00992243	0.0944578	0.0494115	0.0231006	0.0145066	0.0127522	0.139943	0.15279	0.0109833	0.0230877	0.0191469	0.200172	0.00401506	0.00969228
16	0.0772061	0.020894	0.0108989	0.017261	0.0109017	0.0236115	0.0108818	0.0224221	0.0150306	0.0319613	0.0164383	0.0129684	0.0118246	0.0198757	0.0120534	0.12357	0.50358	0.0465565	0.0027199	0.00934449
17	0.110407	0.0251695	0.0071914	0.00825371	0.00750345	0.63686	0.0177864	0.0145265	0.0174199	0.0126488	0.00615168	0.0088044	0.0082303	0.00851785	0.00732984	0.0504015	0.0276701	0.0174148	0.0020634	0.00564954
18	0.17224	0.0232279	0.0134605	0.0254514	0.00998918	0.0430048	0.0161633	0.0138024	0.030503	0.0231938	0.0130276	0.0275374	0.00932231	0.027383	0.0166902	0.25363	0.23552	0.0341366	0.00282568	0.00889089
19	0.109707	0.0250186	0.00528977	0.00683631	0.0079919	0.645968	0.0173591	0.0154446	0.0133064	0.014021	0.00662363	0.00703332	0.00976176	0.00900972	0.00532441	0.0464995	0.0279843	0.0187332	0.00136474	0.00672269
20	0.0688999	0.00635111	0.0189178	0.0434719	0.00457305	0.0155365	0.0181271	0.0100278	0.343045	0.0273417	0.00913066	0.0411856	0.0138851	0.0678342	0.201863	0.0529959	0.0278815	0.017009	0.00189645	0.0100273
21	0.0771173	0.0196197	0.0122392	0.0194533	0.00647408	0.0119917	0.00898475	0.0158891	0.0178137	0.017378	0.0100941	0.0150026	0.00519616	0.0196098	0.0109215	0.167378	0.519691	0.0364258	0.00173036	0.00698983
22	0.0192111	0.0105758	0.00105738	0.000982772	0.038545	0.00216836	0.0010461	0.221364	0.00122596	0.425215	0.0832919	0.00155852	0.000347419	0.00425432	0.00289705	0.00592935	0.0135936	0.161859	0.00181285	0.00306452
23	0.513797	0.0100051	0.000868804	0.00438329	0.00266812	0.0452959	0.00103061	0.00212696	0.00150416	0.00678366	0.00158448	0.0075171	0.000875632	0.00826026	0.00151224	0.317275	0.0529431	0.0192888	0.000551328	0.00172901
24	0.00589086	0.00392151	0.000882538	0.000961534	0.489976	0.000976391	0.0385893	0.0151273	0.000927458	0.043858	0.0179137	0.00105585	0.000580549	0.00131991	0.00443195	0.00918169	0.00776271	0.01071	0.0311987	0.314733
25	0.0222906	0.00929555	0.00113545	0.0015051	0.0318627	0.00189001	0.00150522	0.243613	0.00182454	0.380294	0.0632585	0.0020875	0.000396684	0.0037841	0.0042968	0.0089721	0.0256059	0.190687	0.00165798	0.00403757
26	0.00977451	0.00500139	0.00201589	0.000536162	0.0127633	0.00289549	0.000411052	0.380165	0.000559041	0.241632	0.0241462	0.000952612	0.000260263	0.000977959	0.000899138	0.0022558	0.00474183	0.3082	0.000134636	0.00167765
27	0.133028	0.0113742	0.0253589	0.0274402	0.00630966	0.0245579	0.010065	0.0176538	0.0555689	0.024578	0.0151442	0.0252785	0.384677	0.0242065	0.0174636	0.110787	0.0490429	0.0304946	0.00154218	0.00542873
28	0.0540759	0.0219546	0.000456896	0.00439084	0.0288391	0.000824218	0.00630235	0.231472	0.0065832	0.193101	0.0848294	0.00884147	0.000332223	0.00830457	0.0136773	0.0235206	0.0351373	0.265267	0.000176247	0.0119145
29	0.0158958	0.00231866	0.000804498	0.00125684	0.143127	0.00127891	0.000904662	0.303778	0.00419781	0.273264	0.0288763	0.00141542	0.000708897	0.00149159	0.00204872	0.0153349	0.0258032	0.128115	0.0138343	0.0355458
30	0.00682431	0.0193886	0.0922008	0.44171	0.00314125	0.00322612	0.00271787	0.00395547	0.00315391	0.00579191	0.00307532	0.0466401	0.00178136	0.287049	0.037664	0.00612263	0.0268164	0.00507435	0.000870557	0.00279619
31	0.0194747	0.00410616	0.00349511	0.00728663	0.0182627	0.00488754	0.00375768	0.167466	0.157425	0.147795	0.204247	0.00684704	0.00211383	0.0297321	0.130339	0.0128398	0.0442695	0.0266537	0.00148203	0.00751954
32	0.014505	0.00656741	0.00125275	0.00084864	0.0475098	0.00219183	0.000868964	0.287062	0.0013695	0.355616	0.0575143	0.00146159	0.000406138	0.00255146	0.00216491	0.00844145	0.0154176	0.183428	0.00314903	0.00767319
33	0.0593274	0.00261895	0.00443615	0.0140802	0.00234156	0.00841665	0.00278695	0.174524	0.0991125	0.193913	0.0774156	0.0250034	0.000979925	0.0685391	0.0529139	0.06065	0.0552124	0.0749646	0.00669929	0.0160645
34	0.087004	0.00416644	0.01439	0.0488091	0.00153709	0.0165463	0.00403475	0.00369968	0.386082	0.0158614	0.00490084	0.0439481	0.00964858	0.0732222	0.183475	0.051625	0.0296055	0.0136633	0.000561293	0.00722022
35	0.0889869	0.0370695	0.00993098	0.00936535	0.111902	0.0606365	0.0448608	0.0364176	0.0155269	0.126517	0.0466839	0.0184015	0.00279259	0.0316403	0.0476037	0.041932	0.0490928	0.101039	0.0066092	0.112991
36	0.362927	0.017907	0.00175748	0.00896625	0.00619706	0.271997	0.00190751	0.00289697	0.00414641	0.0126585	0.00224983	0.00433563	0.00559387	0.00651663	0.00181051	0.214943	0.0431505	0.0258378	0.000586954	0.00361487
37	0.00951037	0.00472147	0.00211846	0.000478826	0.0125304	0.00297122	0.000403809	0.370044	0.000526368	0.267189	0.028301	0.000851771	0.000226622	0.000953987	0.000939538	0.00256245	0.00551907	0.288461	0.000166082	0.0015252
38	0.0100411	0.000911628	0.000592619	0.00315197	0.00540606	0.00100181	0.000594436	0.476544	0.000897568	0.0136012	0.00183045	0.00143508	0.00300032	0.00147311	0.000820518	0.00730428	0.00357345	0.463861	0.000248735	0.00371138
39	0.0100556	0.00497316	0.0018979	0.000585639	0.0131344	0.00286639	0.000436306	0.388352	0.000582198	0.225416	0.0222831	0.00105798	0.000318379	0.00104886	0.000860482	0.00227951	0.00494238	0.316872	0.000149597	0.00188764
40	0.252426	0.034961	0.00412771	0.0403973	0.00442507	0.0219464	0.00443486	0.0082388	0.00526185	0.0611677	0.00616876	0.00693325	0.00441825	0.010281	0.00466322	0.362263	0.10291	0.0588176	0.00166347	0.00449433
41	0.128376	0.0183692	0.0335676	0.0279459	0.00977154	0.0259937	0.00936829	0.0228812	0.0477377	0.0276507	0.0165423	0.0244013	0.391486	0.0265869	0.0142544	0.0851664	0.0411946	0.0396628	0.00193376	0.0071096
42	0.0486612	0.0014069	0.325611	0.311439	0.00592115	0.023749	0.00975321	0.00417117	0.0486635	0.0107759	0.0041931	0.0415737	0.00449976	0.0408705	0.0177134	0.0591901	0.0225898	0.0175156	0.00048773	0.00121401
43	0.0234531	0.0130155	0.00345706	0.00446244	0.05053	0.00318389	0.00291686	0.182755	0.00635896	0.419133	0.0894167	0.00433743	0.00207778	0.00869223	0.00697662	0.0103662	0.0167698	0.139592	0.00432651	0.00817971
44	0.435712	0.0318054	0.00201751	0.00770698	0.00347636	0.0450151	0.00229224	0.00584818	0.00286813	0.0133275	0.00368271	0.00768984	0.00161017	0.0126	0.00277404	0.321228	0.0667952	0.0303256	0.000707632	0.00251735
45	0.0754438	0.00625176	0.0265871	0.0790611	0.00426256	0.0201905	0.0152585	0.0723813	0.096892	0.0696151	0.0288764	0.0363901	0.000716166	0.0933104	0.0559577	0.114469	0.109407	0.083735	0.00214282	0.00905164
46	0.0393625	0.0135685	0.0693235	0.25589	0.00662385	0.0164074	0.0156784	0.0173241	0.0480463	0.0309967	0.0150489	0.0447826	0.00496986	0.216696	0.0434363	0.0582044	0.0659626	0.0284444	0.00134184	0.00789198
47	0.0396074	0.0167426	0.0064707	0.0143442	0.0118848	0.00825551	0.00646717	0.246019	0.0100708	0.04201	0.0230961	0.00935087	0.00552474	0.0114906	0.00871012	0.0258819	0.23186	0.271819	0.00257599	0.00781773
48	0.0243206	0.0267006	0.0374669	0.0577786	0.167041	0.0356502	0.264558	0.00363582	0.0220832	0.0135831	0.00318356	0.0748054	0.00131522	0.0345427	0.0253095	0.0338609	0.00589193	0.0140288	0.000778924	0.153465
49	0.314055	0.0767477	0.00239689	0.00392145	0.0124028	0.366906	0.00240214	0.00578912	0.00919974	0.00710824	0.00366826	0.00429372	0.0546514	0.00318116	0.00273463	0.0543262	0.0387001	0.0295917	0.000844843	0.00707872
50	0.058204	0.0391901	0.0859712	0.0236284	0.00445768	0.00954597	0.133942	0.0230129	0.0614924	0.04359	0.00607658	0.251188	0.011226	0.0676361	0.0202227	0.115718	0.0242918	0.0110921	0.00130693	0.00820667
51	0.0123586	0.00398306	0.000992312	0.00194052	0.0138522	0.0022671	0.00049692	0.43064	0.000795125	0.108546	0.0114049	0.00146162	0.00151202	0.00146245	0.000626274	0.0042573	0.00357994	0.396632	0.000180082	0.00301096
52	0.0119979	0.00561405	0.00202781	0.000800711	0.0142863	0.00269924	0.000714021	0.361434	0.000771738	0.262938	0.0308718	0.00129106	0.000257668	0.00125188	0.00154172	0.00354094	0.00685581	0.288968	0.000191163	0.00194681
53	0.010018	0.000918729	0.000592445	0.00313968	0.00544529	0.00100403	0.000593966	0.476566	0.000893959	0.0137454	0.00183733	0.00143453	0.00298648	0.00147262	0.00082354	0.00728235	0.00357876	0.4637	0.000248723	0.0037183
54	0.353073	0.062046	0.00123521	0.0034572	0.0145162	0.384153	0.00174504	0.00279828	0.00964018	0.00559992	0.00236598	0.00212509	0.0261411	0.00233411	0.00185762	0.0585903	0.0398994	0.019862	0.000653025	0.00790756
55	0.0933408	0.0186944	0.0106436	0.0170316	0.00699803	0.0177964	0.00983633	0.0139428	0.01583	0.0178195	0.0111442	0.0149651	0.00760001	0.0179062	0.0106765	0.173196	0.497174	0.0362327	0.00193773	0.00723402
56	0.148871	0.0898294	0.0140358	0.0186475	0.00892945	0.0514282	0.00868481	0.0432373	0.0271829	0.029773	0.0191551	0.0161358	0.236501	0.0514209	0.0103701	0.0505306	0.0385551	0.121787	0.00288241	0.0120424
57	0.0697115	0.0186217	0.0141365	0.0186278	0.00915711	0.513482	0.0227725	0.0130773	0.0925066	0.0153825	0.00828016	0.0302342	0.0118554	0.0245945	0.0375127	0.0467826	0.0268748	0.0158485	0.00173527	0.00880666
58	0.059736	0.00499719	0.0109593	0.0363857	0.00389624	0.0135761	0.0205001	0.00905459	0.347539	0.0254161	0.00857817	0.0382735	0.00635632	0.0679085	0.245406	0.0488615	0.0270644	0.0140542	0.0021238	0.00931241
59	0.0143317	0.0126432	0.000503631	0.00073061	0.0670511	0.00220277	0.000345574	0.126931	0.00053405	0.549027	0.124459	0.000601012	0.000820989	0.0057819	0.00119248	0.0036124	0.0127342	0.0698972	0.00361421	0.00298549
60	0.0486742	0.0305734	0.041023	0.0379227	0.102908	0.00933921	0.027467	0.0599471	0.0231847	0.213744	0.0694644	0.0159288	0.00552558	0.0423137	0.0303896	0.0233719	0.0165994	0.129381	0.0246074	0.0476346
61	0.0490439	0.00110283	0.32974	0.321749	0.00583657	0.0238842	0.00798793	0.00356136	0.0476776	0.00983926	0.00359104	0.0395365	0.00382077	0.0398266	0.0172561	0.0572762	0.0209244	0.0164092	0.000220751	0.000715877
62	0.0146398	0.0135161	0.000479597	0.000711727	0.0593575	0.00228386	0.000340425	0.119343	0.000496074	0.563178	0.131186	0.000568451	0.000609875	0.00625709	0.00116938	0.00305727	0.0112896	0.0665972	0.00327857	0.00164058
63	0.0145737	0.0135085	0.000480028	0.000713003	0.0594016	0.00228366	0.000332206	0.1191	0.000483391	0.563939	0.131256	0.00054895	0.000610478	0.0062471	0.00112604	0.00302616	0.0112392	0.0662079	0.00328568	0.00163634
64	0.0700965	0.00457764	0.0473676	0.132675	0.00760647	0.023387	0.0219486	0.0350198	0.100366	0.037496	0.0176983	0.0331344	0.000447121	0.113353	0.0579765	0.1232	0.0935606	0.0695444	0.000681841	0.00986289
65	0.054144	0.0219601	0.000456484	0.00436179	0.0287935	0.000830131	0.00635095	0.231757	0.00662192	0.192048	0.0846449	0.00893009	0.000331871	0.00834698	0.0137691	0.0236002	0.0350876	0.265765	0.000170522	0.0120304
66	0.0345622	0.017144	0.0123296	0.0122904	0.109446	0.00606706	0.0120613	0.0930104	0.00773347	0.406881	0.0857063	0.00647887	0.00320315	0.0172701	0.0204393	0.0116747	0.013196	0.0991564	0.0100097	0.0213408
67	0.0100411	0.000911628	0.000592619	0.00315197	0.00540606	0.00100181	0.000594436	0.476544	0.000897568	0.0136012	0.00183045	0.00143508	0.00300032	0.00147311	0.000820518	0.00730428	0.00357345	0.463861	0.000248735	0.00371138
68	0.0131612	0.0107566	0.00173404	0.00244148	0.071869	0.0025761	0.00133513	0.0997832	0.00167625	0.496931	0.172821	0.00448713	0.00935303	0.00609216	0.00251697	0.00723024	0.0126259	0.0641535	0.00311195	0.0153441
69	0.0200317	0.00240369	0.587534	0.106415	0.00210447	0.0199804	0.0380298	0.00234704	0.00874756	0.00381922	0.00177595	0.0978021	0.0145304	0.0179956	0.00547972	0.0392009	0.013904	0.0119287	0.000455115	0.00551424
70	0.0357254	0.00945909	0.195527	0.319552	0.00595196	0.0176293	0.0176284	0.00715662	0.0456549	0.0132085	0.00554552	0.0625601	0.00824842	0.124084	0.0310778	0.0497605	0.0299708	0.0153546	0.00110608	0.00479942
71	0.423107	0.0181179	0.00454247	0.00980791	0.00487061	0.136952	0.00337144	0.00463551	0.00788218	0.0106947	0.0036215	0.00906391	0.00894922	0.010926	0.00405729	0.253629	0.0572978	0.02439	0.000661528	0.00342173
72	0.0344261	0.0013498	0.444768	0.239931	0.00381562	0.0255765	0.0185943	0.00276245	0.0288712	0.00656656	0.00238286	0.0613817	0.00663201	0.0284235	0.012756	0.0500822	0.0158431	0.0134812	0.000251178	0.00210454
73	0.0147813	0.00570807	0.0045492	0.00648447	0.0909006	0.00392935	0.00341835	0.0456675	0.00421713	0.358231	0.251885	0.0173564	0.0363397	0.00682745	0.00391847	0.0206503	0.0218286	0.0662227	0.00237179	0.0347128
74	0.0772726	0.016869	0.0746555	0.0832674	0.00380276	0.124201	0.0351003	0.0043082	0.0743319	0.0298778	0.00423228	0.0859635	0.0159249	0.0614134	0.0575258	0.19902	0.029007	0.0121587	0.00416348	0.00690482
75	0.0109095	0.0103144	0.00948148	0.0140348	0.403792	0.00971153	0.0997942	0.0133818	0.00796144	0.039591	0.0154095	0.0198748	0.000919773	0.0115039	0.0121391	0.0153673	0.00893706	0.0120698	0.0230463	0.26176
76	0.0700965	0.00457764	0.0473676	0.132675	0.00760647	0.023387	0.0219486	0.0350198	0.100366	0.037496	0.0176983	0.0331344	0.000447121	0.113353	0.0579765	0.1232	0.0935606	0.0695444	0.000681841	0.00986289
77	0.0145737	0.0135085	0.000480028	0.000713003	0.0594016	0.00228366	0.000332206	0.1191	0.000483391	0.563939	0.131256	0.00054895	0.000610478	0.0062471	0.00112604	0.00302616	0.0112392	0.0662079	0.00328568	0.00163634
78	0.106736	0.0226018	0.0508203	0.0789139	0.00180941	0.150718	0.00887568	0.00239725	0.0641722	0.0440144	0.00224738	0.0465994	0.0157391	0.0533258	0.075718	0.23872	0.017871	0.00995769	0.00696502	0.00179686
79	0.0168309	0.030107	0.00359691	0.00598194	0.100406	0.00956396	0.170615	0.040689	0.0929156	0.158636	0.0447473	0.0249701	0.00256758	0.0313507	0.102043	0.0290922	0.0262032	0.0141388	0.00172709	0.0938182
80	0.0226862	0.00905382	0.00147286	0.00181087	0.0319288	0.00225677	0.00150873	0.289216	0.00361685	0.304054	0.0552333	0.00278753	0.000465533	0.00440988	0.00383869	0.00901959	0.0153128	0.234046	0.00167349	0.00560766
81	0.121066	0.0181491	0.0277371	0.0310401	0.0090226	0.0226341	0.0120496	0.0270317	0.0458916	0.0274197	0.0152154	0.0258738	0.398652	0.0260413	0.0145922	0.0864762	0.0399203	0.0412517	0.00213534	0.00780091
82	0.0827719	0.00777631	0.0171883	0.048387	0.00222487	0.0195371	0.00483828	0.00470389	0.386364	0.0166332	0.00548991	0.0404804	0.00864174	0.0685847	0.183434	0.0494137	0.0319822	0.0143473	0.000681524	0.00651929
83	0.0369079	0.0117675	0.0129489	0.0626908	0.0129539	0.0516985	0.0124365	0.024719	0.0232728	0.181366	0.0704	0.0163157	0.00701886	0.299939	0.0222508	0.0360435	0.0735297	0.0276334	0.00404728	0.0120608
84	0.0369262	0.0130883	0.0100058	0.0224877	0.0946012	0.0124075	0.0472014	0.0328756	0.161899	0.0661842	0.0272167	0.0277098	0.00428642	0.0493373	0.22644	0.043719	0.0263944	0.0346784	0.00731738	0.0552233
85	0.0320434	0.00606558	0.00521236	0.0201058	0.00899643	0.00653557	0.0326066	0.0400276	0.278736	0.0462346	0.0242418	0.0260966	0.00643285	0.0593214	0.304351	0.0430373	0.0217668	0.0215832	0.00368516	0.0129205
86	0.0961081	0.0204592	0.0102752	0.0173395	0.00864927	0.0197831	0.010171	0.0138112	0.0166943	0.0181709	0.0108457	0.0133252	0.00760185	0.0170658	0.010135	0.17896	0.485563	0.0354843	0.00192858	0.0076283
87	0.041531	0.051544	0.0090725	0.0115383	0.0183123	0.503804	0.0598308	0.0588402	0.0198137	0.0304537	0.0178041	0.015715	0.0108092	0.0197096	0.0148996	0.0283393	0.0322353	0.0352243	0.00391031	0.0166128
88	0.022693	0.0133353	0.00290536	0.00479905	0.0607625	0.00351103	0.00373692	0.135047	0.0104073	0.475774	0.109381	0.00341687	0.00442391	0.010824	0.00821414	0.0118466	0.0165194	0.0881189	0.00378384	0.0105002
89	0.0154082	0.0082403	0.00347316	0.00585722	0.422465	0.00673396	0.039542	0.036912	0.00497506	0.086117	0.0289408	0.00576458	0.00197937	0.00794492	0.0101113	0.0159562	0.0115163	0.0269794	0.0241841	0.236899
90	0.206147	0.0279233	0.0323817	0.0378435	0.0221574	0.0488784	0.0153066	0.0176237	0.0351895	0.0296327	0.0128792	0.0317644	0.0101682	0.029722	0.0219157	0.286663	0.0779526	0.0380888	0.00325541	0.0145068
91	0.413924	0.022337	0.0127756	0.0185336	0.0084477	0.080944	0.00638757	0.0144348	0.0225231	0.0254069	0.00977069	0.0122491	0.0215073	0.0148446	0.0123011	0.202595	0.0562584	0.0370374	0.00107983	0.00664282
92	0.0877277	0.0200965	0.00898878	0.0144135	0.00794627	0.0121118	0.0102369	0.013765	0.0162872	0.0186227	0.00890901	0.0140188	0.00520364	0.015626	0.00971167	0.179158	0.512972	0.0348426	0.00176403	0.0075982
93	0.111299	0.0305011	0.00199449	0.00442952	0.0510154	0.00774645	0.0137987	0.173282	0.0133024	0.140078	0.0619786	0.0143495	0.00245779	0.0229077	0.0132067	0.0511963	0.0658045	0.177655	0.00113701	0.0418601
94	0.0479525	0.0190602	0.0162311	0.0212292	0.0102483	0.514425	0.0569536	0.0220035	0.029071	0.0190767	0.0168377	0.0282283	0.00859993	0.0256311	0.0170248	0.0509277	0.0612065	0.022354	0.00252433	0.0104141
95	0.0141165	0.0134453	0.000547051	0.000902273	0.0595677	0.00231239	0.000402487	0.11484	0.000567198	0.555352	0.140779	0.00113315	0.002205	0.00608755	0.00117442	0.00354094	0.0112473	0.0653328	0.00320079	0.00324601
96	0.0831097	0.0113045	0.0312333	0.0488628	0.00669891	0.0264009	0.0378988	0.00991356	0.212365	0.0258958	0.0160657	0.0794724	0.0105648	0.0688869	0.140536	0.11181	0.0430088	0.0208773	0.00251096	0.0125851
97	0.0452529	0.0126705	0.0536515	0.0716935	0.02603	0.0186852	0.105253	0.00885167	0.101842	0.0175943	0.00881831	0.130603	0.0127541	0.0884189	0.0469696	0.116169	0.0620369	0.0196608	0.00201955	0.0510247
98	0.170002	0.0101531	0.0405432	0.0595596	0.0051169	0.0324763	0.0128407	0.0205523	0.048035	0.0241729	0.0104094	0.0403739	0.271719	0.0205122	0.0150537	0.118935	0.0555588	0.0380761	0.00163078	0.00427881
99	0.0905675	0.0355133	0.00314791	0.00406081	0.0671372	0.0093024	0.0175904	0.162167	0.0176861	0.113675	0.061331	0.0154706	0.0021518	0.019649	0.0138115	0.0426631	0.0625023	0.183087	0.00124825	0.0772379
100	0.0255918	0.00502466	0.000944481	0.0135492	0.00656427	0.00492461	0.0380669	0.0166581	0.308764	0.0361983	0.0106103	0.0257771	0.00193263	0.0625803	0.348714	0.045218	0.0140588	0.01804	0.00521389	0.0115684
101	0.0100587	0.000994455	0.000568946	0.00307331	0.00585634	0.00105615	0.000602433	0.47514	0.000894162	0.0154391	0.00199227	0.00148213	0.00288706	0.0014637	0.000812495	0.00715858	0.0036117	0.462823	0.000237636	0.00384747
102	0.0930882	0.0100236	0.0373363	0.102006	0.00533702	0.0231259	0.0174759	0.0418721	0.0920118	0.0380976	0.017921	0.0392152	0.00144959	0.104497	0.0485228	0.130964	0.106729	0.0789003	0.00182891	0.00959716
103	0.0723067	0.0341348	0.000992122	0.00518289	0.0262391	0.00158887	0.0051332	0.215185	0.00705069	0.161556	0.0658248	0.0105645	0.000575305	0.0079981	0.0108889	0.0358616	0.0428396	0.284673	0.000433504	0.0109722
104	0.0942588	0.00676466	0.0171822	0.0505211	0.000894148	0.0202546	0.00204407	0.00305368	0.374553	0.0135044	0.00625871	0.0486504	0.00924266	0.0744004	0.152442	0.0632256	0.0410881	0.0157297	0.000286676	0.00564508
105	0.00991746	0.00402496	0.00337048	0.0426534	0.204152	0.00476567	0.0378202	0.00591556	0.00502217	0.0422424	0.00593206	0.070819	0.00258756	0.0762679	0.0347649	0.0767587	0.0382279	0.0224953	0.0164659	0.295797
106	0.0102658	0.00344387	0.00330421	0.00222856	0.3947	0.00161777	0.0318161	0.0279961	0.00152212	0.0672676	0.0303731	0.00326435	0.00077758	0.00368861	0.00465652	0.0197068	0.00757174	0.0177304	0.0214234	0.346645
107	0.0538809	0.0225544	0.000462441	0.00435481	0.0288702	0.000882798	0.00646222	0.231311	0.0066823	0.191415	0.0852822	0.00877877	0.00033458	0.00847234	0.0140704	0.024045	0.0356967	0.264214	0.000172267	0.0120583
108	0.0474858	0.0201341	0.000780941	0.0168259	0.026562	0.00146898	0.00401893	0.269856	0.00801616	0.143833	0.0676019	0.00642129	0.000866968	0.0062004	0.00838452	0.0198752	0.0476812	0.295247	0.000354535	0.00838563
109	0.169977	0.126358	0.0015828	0.00204148	0.0170256	0.00227974	0.00166337	0.0892846	0.00206725	0.0615373	0.00264254	0.00345998	0.00147574	0.00270775	0.00260718	0.102904	0.0638359	0.343963	0.000712965	0.0018747
110	0.0937147	0.0354296	0.00467295	0.00400732	0.0861081	0.0225179	0.0582901	0.0498572	0.0199722	0.0778885	0.0306872	0.0326513	0.00159786	0.0936938	0.0415845	0.0452142	0.113651	0.101586	0.00284559	0.0840304
111	0.0145802	0.0134972	0.000492151	0.000723312	0.0593728	0.00228353	0.000332212	0.119043	0.000483353	0.563914	0.131325	0.000560868	0.000635795	0.00625422	0.00112602	0.00305171	0.0112344	0.0661584	0.00328601	0.00164605
112	0.054144	0.0219601	0.000456484	0.00436179	0.0287935	0.000830131	0.00635095	0.231757	0.00662192	0.192048	0.0846449	0.00893009	0.000331871	0.00834698	0.0137691	0.0236002	0.0350876	0.265765	0.000170522	0.0120304
113	0.0443503	0.0115153	0.0722687	0.0711194	0.00202431	0.0222	0.125117	0.00307807	0.118847	0.00931005	0.0040747	0.152651	0.0183948	0.0749891	0.0533218	0.135743	0.0553968	0.00985145	0.00037482	0.0153727
114	0.0160611	0.00273827	0.000804539	0.00128053	0.140213	0.00128896	0.000920451	0.299387	0.00415361	0.279527	0.0313041	0.00142281	0.000734636	0.00157422	0.0021425	0.0149868	0.0252146	0.128647	0.0134338	0.0341659
115	0.0107827	0.00544661	0.00188998	0.000544746	0.0177368	0.00276499	0.000461947	0.343706	0.000628277	0.302533	0.0381141	0.000930886	0.000241814	0.00143491	0.00121021	0.00345183	0.00748541	0.258094	0.000620845	0.00192068
116	0.0551318	0.00493999	0.0100781	0.0329261	0.00502185	0.0114369	0.02234	0.00979108	0.345354	0.0267716	0.00784142	0.0347237	0.00585343	0.066413	0.266245	0.0470658	0.0218065	0.014044	0.00232705	0.00988927
117	0.10008	0.0439774	0.00460456	0.00390586	0.0822482	0.0197618	0.0407355	0.0938325	0.0199764	0.0963099	0.0399093	0.0290027	0.00202383	0.0474766	0.0259589	0.0499855	0.100796	0.118655	0.00287649	0.0778839
118	0.0151351	0.012863	0.000649808	0.000825423	0.0583408	0.00223847	0.000489162	0.141446	0.000697079	0.533552	0.122787	0.000745635	0.000565843	0.00579291	0.00147036	0.00390953	0.0117649	0.0808561	0.00325818	0.00261232
119	0.0155884	0.00710556	0.00146259	0.00271106	0.0211787	0.00328222	0.000649599	0.369273	0.00118519	0.174935	0.0221868	0.00197274	0.000712629	0.00191144	0.000940205	0.00416727	0.00820412	0.3591	0.000243281	0.00319082
120	0.00562022	0.00409214	0.000802806	0.000929433	0.498675	0.000978585	0.0391152	0.0148698	0.000886418	0.0431883	0.0176251	0.00101504	0.000578808	0.00140174	0.00453891	0.00881799	0.00804066	0.0103666	0.031941	0.306516
121	0.0168736	0.0127432	0.000771557	0.00123488	0.216055	0.00212233	0.00079495	0.0909749	0.000960768	0.455239	0.109715	0.0011221	0.00325952	0.00723855	0.00162236	0.00342815	0.00867422	0.0585892	0.00230529	0.0062752
122	0.222179	0.00414593	0.00644292	0.007897	0.00454099	0.0199875	0.00419648	0.0156003	0.10211	0.0495208	0.0395003	0.0401743	0.252766	0.0398878	0.0214345	0.119012	0.0334375	0.0117504	0.00132826	0.00408819
123	0.113545	0.0204231	0.00646471	0.0110523	0.00740741	0.0176528	0.00710481	0.00933491	0.00747647	0.0160985	0.00927425	0.0105746	0.00408749	0.0120778	0.00653595	0.229389	0.476839	0.0280678	0.00164693	0.00494729
124	0.0759576	0.108313	0.0128407	0.0187907	0.0358274	0.0183213	0.0211045	0.0730126	0.049889	0.0823859	0.0386305	0.022929	0.0157452	0.036409	0.0839215	0.0532776	0.0508407	0.1686	0.00672976	0.0264737
125	0.143135	0.0256983	0.0376685	0.044752	0.0195001	0.0309142	0.016933	0.0431491	0.0471854	0.036558	0.0227944	0.0424608	0.00430593	0.0810757	0.0376276	0.125005	0.107591	0.088077	0.0169123	0.0286567
126	0.305837	0.082638	0.0016745	0.00691944	0.00611065	0.0801855	0.00228442	0.0038469	0.00281316	0.0114097	0.0029375	0.00703653	0.00170831	0.0307716	0.00269566	0.368456	0.0529942	0.0252061	0.000862339	0.00361236
127	0.0841102	0.0394897	0.00958555	0.0167166	0.0192001	0.00941047	0.00797836	0.135243	0.0200286	0.0960823	0.0331473	0.0118095	0.00495247	0.0168578	0.0157937	0.0620323	0.118715	0.285351	0.00258297	0.0109133
128	0.0485864	0.00109616	0.331757	0.319944	0.00575351	0.0238545	0.00826428	0.00346039	0.0471747	0.00964698	0.0034366	0.0401995	0.00430414	0.0397744	0.0170609	0.0573205	0.0208128	0.0166185	0.000234758	0.000700479
129	0.0055982	0.00395018	0.000792576	0.000924937	0.494244	0.00097165	0.039025	0.014482	0.000881408	0.0430245	0.0172979	0.00103028	0.000554045	0.00130126	0.00449975	0.00870676	0.00781788	0.0104207	0.0318822	0.312594
130	0.00559825	0.00402066	0.000782728	0.000928949	0.498605	0.000973902	0.0392525	0.0148148	0.000877847	0.0432249	0.0175811	0.00101649	0.000546062	0.0012964	0.00455776	0.00869789	0.0079248	0.0103458	0.0320202	0.306934
131	0.0138243	0.00640726	0.00157241	0.00188438	0.0175627	0.00320164	0.00046001	0.383673	0.000796935	0.176951	0.0189621	0.00149933	0.000665037	0.00141646	0.000607517	0.00285236	0.00501329	0.359857	0.000154436	0.00263911
132	0.0142817	0.0128113	0.00152838	0.00180742	0.0676059	0.00251188	0.00114347	0.106545	0.00186682	0.524022	0.153091	0.00285941	0.00569719	0.00679836	0.00235264	0.00572049	0.0126673	0.065078	0.00344161	0.00817039
133	0.0139524	0.0111126	0.000554467	0.00068348	0.0742713	0.0021515	0.000400629	0.153293	0.000909933	0.509922	0.11384	0.00069677	0.000551652	0.00508301	0.00130857	0.00470268	0.0129446	0.0832648	0.0043216	0.00603461
134	0.161055	0.174233	0.0060851	0.00986277	0.00860305	0.0223477	0.00600185	0.0231509	0.00780784	0.0285466	0.0092373	0.00873366	0.00538604	0.01496	0.00645481	0.204428	0.210687	0.0837517	0.00196625	0.00670086
135	0.0726052	0.0179754	0.0158161	0.0200793	0.0116563	0.0197324	0.0120732	0.0276459	0.0237487	0.0281172	0.014149	0.0161371	0.00856666	0.0175838	0.0145148	0.125535	0.496052	0.0459894	0.00226621	0.00975591
136	0.0242447	0.00478296	0.507683	0.0963859	0.00496393	0.0192667	0.0547127	0.00420584	0.0223657	0.00660296	0.00299254	0.101964	0.0152691	0.0259449	0.0110352	0.0561094	0.0187202	0.0130162	0.000736144	0.00899812
137	0.0104233	0.00549497	0.00194232	0.000508038	0.0181656	0.00278107	0.000419682	0.336379	0.000523995	0.311267	0.0382476	0.000847558	0.000238242	0.00154195	0.000993471	0.00311991	0.00719779	0.257692	0.000567311	0.00164882
138	0.0229894	0.0134605	0.00135201	0.00158714	0.0557378	0.0024336	0.00120779	0.119952	0.00141779	0.525518	0.131921	0.00214849	0.00191284	0.00685763	0.00271164	0.0053626	0.0129553	0.0842204	0.00305552	0.00319858
139	0.504492	0.0105345	0.000904403	0.00474557	0.00252805	0.0522357	0.00105871	0.00212993	0.00146192	0.00725373	0.00155913	0.00708711	0.00149104	0.00866271	0.00143298	0.316676	0.0535075	0.0197925	0.000511439	0.00193489
140	0.0395972	0.00842344	0.00647547	0.0218457	0.0110564	0.0098364	0.0391022	0.0186916	0.269718	0.0402082	0.0133603	0.0318486	0.00489094	0.0622249	0.309444	0.0471319	0.0244179	0.0227704	0.00393072	0.0150257
141	0.10411	0.0261258	0.00766286	0.0100422	0.00891659	0.635616	0.0192039	0.0154051	0.0183987	0.0136457	0.00591966	0.00945351	0.00952	0.00937837	0.0103008	0.0455049	0.0255382	0.0162712	0.00171616	0.00726963
142	0.00935556	0.00476763	0.00217447	0.000476351	0.0127661	0.00294777	0.000411746	0.373794	0.000528265	0.262755	0.0274379	0.000858661	0.000229033	0.000930194	0.000897801	0.00240978	0.00509051	0.290425	0.000170207	0.00157349
143	0.0285937	0.00335562	0.521104	0.145648	0.00284316	0.0219609	0.0323486	0.00372129	0.0176048	0.00723612	0.0029259	0.0847606	0.0125934	0.02691	0.00861156	0.0448761	0.0163487	0.0128958	0.000566699	0.00509516
144	0.0157759	0.00311753	0.000930031	0.00127711	0.129732	0.00152501	0.000889887	0.309793	0.0036381	0.264109	0.0300161	0.00159179	0.000641171	0.00163275	0.00209744	0.0138257	0.0225431	0.154749	0.0118297	0.030285
145	0.102698	0.0122665	0.133512	0.0626154	0.00590864	0.0166227	0.0592092	0.0129863	0.0425354	0.0382112	0.00838818	0.0843142	0.155633	0.04959	0.0139543	0.115438	0.0371471	0.0402815	0.00168637	0.00700208
146	0.0209581	0.00173027	0.569534	0.139913	0.00198393	0.023303	0.0318785	0.00206263	0.0104569	0.0036316	0.00154192	0.0896366	0.0114073	0.0185798	0.00569562	0.0398395	0.0121027	0.0112364	0.000347331	0.00416028
147	0.0114986	0.0050509	0.00148583	0.00155821	0.0151379	0.00278893	0.000505559	0.396231	0.000752077	0.174598	0.0196645	0.00149888	0.000794293	0.00140848	0.000637282	0.00356118	0.00482547	0.355121	0.000247981	0.00263333
148	0.0149652	0.00189836	0.635699	0.0870472	0.0012446	0.0191335	0.0389924	0.00165993	0.0012665	0.00239718	0.00135947	0.101825	0.0148754	0.0132723	0.00258106	0.0338915	0.0111456	0.011016	0.000414718	0.00531502
149	0.0450913	0.0385375	0.0290709	0.0255147	0.106728	0.0121072	0.0482558	0.0441132	0.0197658	0.195028	0.0504429	0.0158824	0.00451196	0.0334418	0.0291612	0.0249214	0.0209787	0.150187	0.0368387	0.0694209
150	0.015257	0.00489295	0.000908978	0.00342366	0.0064322	0.00170707	0.00114265	0.383692	0.0014377	0.0283394	0.00638821	0.00175492	0.00269525	0.00175204	0.00134869	0.0068971	0.0137012	0.514238	0.000307966	0.00368365
151	0.00962383	0.00505366	0.00228023	0.00048369	0.0130161	0.00292027	0.000401553	0.373853	0.000526567	0.257479	0.0265042	0.00086143	0.00023234	0.000929956	0.000836624	0.00239216	0.00486025	0.295973	0.000148292	0.00162426
152	0.0469585	0.0156535	0.0710932	0.055806	0.00177347	0.0149055	0.104233	0.00341443	0.134626	0.0102073	0.00463433	0.167329	0.0177862	0.0822247	0.0500635	0.141054	0.0527678	0.00830096	0.000351001	0.0168177
153	0.190232	0.00853828	0.0518808	0.0564278	0.00374718	0.0286866	0.00472564	0.0279448	0.0189515	0.0223377	0.00811287	0.0188429	0.29152	0.00740793	0.003658	0.116038	0.0803718	0.0561583	0.00107107	0.00334651
154	0.0915097	0.0157031	0.0513658	0.0567587	0.00118523	0.0325068	0.0432831	0.00287831	0.214037	0.0147236	0.00430832	0.104189	0.0116979	0.0684612	0.0901144	0.138179	0.0381031	0.0102589	0.00141601	0.00932159
155	0.0773456	0.00715862	0.0911686	0.0267245	0.0583932	0.00768372	0.00500901	0.0304849	0.00714004	0.0114898	0.0758653	0.0702059	0.00325541	0.0114164	0.00750813	0.194998	0.152959	0.0949067	0.038599	0.0276882
156	0.00592163	0.00384696	0.00103805	0.00100598	0.481408	0.000989188	0.0378397	0.0157991	0.000941647	0.0457934	0.0182712	0.001048	0.000544751	0.00134914	0.00437531	0.0096225	0.00765577	0.0112133	0.0304639	0.320872
157	0.0292107	0.0116059	0.000678851	0.00436769	0.022808	0.00185959	0.00266473	0.340871	0.00360371	0.130978	0.0414721	0.0062415	0.00109183	0.00579142	0.00545486	0.014249	0.0178506	0.35215	0.00016408	0.00688549
158	0.0463825	0.0206188	0.0594091	0.0467684	0.0799328	0.0407879	0.144516	0.0249476	0.067268	0.043819	0.022509	0.0705739	0.0153036	0.0485909	0.0520898	0.0687913	0.0357231	0.0299136	0.0059161	0.0761385
159	0.0381248	0.00539208	0.00489772	0.0220185	0.00614042	0.00953241	0.0308386	0.0159119	0.317443	0.0345832	0.0119111	0.0293282	0.00403664	0.062914	0.31559	0.04421	0.0180895	0.0144051	0.00324541	0.011388
160	0.173127	0.126633	0.00157541	0.0021315	0.0166706	0.0025622	0.00182747	0.0929742	0.0021984	0.0595081	0.00305804	0.00368406	0.00158741	0.00307249	0.0027322	0.104558	0.061397	0.337787	0.000692837	0.00222193
161	0.108188	0.0266865	0.00562454	0.00779021	0.00815448	0.653349	0.0179524	0.0135842	0.0146005	0.0114209	0.00612791	0.00806059	0.0095606	0.00771159	0.00651948	0.0448274	0.0251725	0.01698	0.00141345	0.00627563
162	0.0399762	0.00688477	0.0100661	0.0284241	0.0123302	0.0136684	0.035387	0.015458	0.283941	0.0370592	0.0119733	0.0337307	0.00487445	0.0620024	0.296898	0.0478788	0.0206278	0.0183808	0.00364761	0.0167911
163	0.385287	0.0110075	0.00139636	0.00519669	0.00308082	0.0409986	0.0014828	0.00288637	0.00210133	0.00817665	0.00215651	0.00645432	0.00106701	0.00864036	0.00186218	0.301219	0.195285	0.0186705	0.000682674	0.00234791
164	0.348436	0.0420036	0.00140597	0.00606329	0.0110357	0.369889	0.00207368	0.00313867	0.00759095	0.00815224	0.00263814	0.0027166	0.0175167	0.00342174	0.00195853	0.105649	0.0380545	0.0212561	0.000811133	0.00618789
165	0.0426242	0.00715362	0.0103175	0.0340946	0.00778293	0.0120417	0.0333398	0.0179615	0.269279	0.0357406	0.0128472	0.034778	0.00645114	0.0768336	0.287195	0.0510433	0.0240161	0.0209023	0.00373159	0.0118662
166	0.0998914	0.0405957	0.00598927	0.00907459	0.0125709	0.0300772	0.00696316	0.136503	0.0453274	0.086099	0.187856	0.0544556	0.00523203	0.0660066	0.0153102	0.0245772	0.0272164	0.108715	0.00343079	0.0341089
167	0.0400518	0.00441806	0.374014	0.191181	0.00450943	0.04796	0.0278291	0.00395298	0.0385939	0.0108147	0.00322263	0.0778439	0.00995237	0.0363202	0.0206649	0.0689689	0.020472	0.0138332	0.00100637	0.00439119
168	0.0235548	0.00492511	0.00066923	0.0131295	0.00719063	0.00432563	0.041954	0.0122785	0.311324	0.0325083	0.00794509	0.0251734	0.00188185	0.0628311	0.3715	0.0399354	0.0106765	0.011435	0.00441298	0.012349
169	0.0700965	0.00457764	0.0473676	0.132675	0.00760647	0.023387	0.0219486	0.0350198	0.100366	0.037496	0.0176983	0.0331344	0.000447121	0.113353	0.0579765	0.1232	0.0935606	0.0695444	0.000681841	0.00986289
170	0.098414	0.0246907	0.0105923	0.00961205	0.00942439	0.640297	0.0203031	0.0154861	0.0180168	0.012756	0.0059955	0.011344	0.00787595	0.00952643	0.00812573	0.0464967	0.026287	0.0167094	0.00117919	0.00686812
171	0.0519924	0.0167655	0.0686637	0.0529006	0.00154816	0.0155441	0.0981649	0.00301322	0.141908	0.0105714	0.00517586	0.159473	0.0159388	0.0774987	0.0568608	0.150003	0.048845	0.00894369	0.000490077	0.0156979
172	0.508756	0.0102022	0.00088383	0.00449051	0.00292336	0.0433436	0.00104376	0.00218219	0.00151613	0.0069109	0.00166047	0.00803133	0.000886219	0.00850495	0.00156922	0.322474	0.0528381	0.0194119	0.000554226	0.00181752
173	0.0103512	0.00503717	0.00195548	0.000836999	0.0131775	0.00285868	0.00043921	0.376292	0.00058114	0.238675	0.0247066	0.00099663	0.000309395	0.0010517	0.000843985	0.00259568	0.0050121	0.312399	0.000148687	0.0017316
174	0.0336456	0.011081	0.0011181	0.00347364	0.0328322	0.00180407	0.00325936	0.273592	0.00423438	0.270713	0.046223	0.00478803	0.00063758	0.00465534	0.00842819	0.0189413	0.0516764	0.217	0.00218092	0.00971655
175	0.0117088	0.00656509	0.00241532	0.00347016	0.255159	0.00281206	0.00250909	0.0371521	0.00287093	0.322347	0.199667	0.0101042	0.0258499	0.00597071	0.00291097	0.0124855	0.0124487	0.0504999	0.00114934	0.0319045
176	0.0228624	0.0143567	0.00108258	0.00185089	0.0483232	0.00273678	0.00120845	0.19213	0.00174083	0.447348	0.0938076	0.00188534	0.00087478	0.00522037	0.00288301	0.00759189	0.0152528	0.132016	0.00263785	0.00419011
177	0.128936	0.0191526	0.0025306	0.0346646	0.00415639	0.0505831	0.0699546	0.00582547	0.0111863	0.0474749	0.10407	0.0747501	0.00212479	0.0748489	0.0435968	0.174254	0.108926	0.0379629	0.00120999	0.00379193
178	0.01863	0.0160548	0.102307	0.39527	0.00461814	0.0088903	0.00630226	0.00798031	0.0224194	0.0135505	0.00570526	0.0445605	0.00333029	0.23888	0.0378037	0.0233218	0.0322011	0.0119608	0.00105615	0.00515733
179	0.0574258	0.00625819	0.0766061	0.327659	0.00589769	0.00794327	0.00624913	0.0309064	0.0333858	0.135591	0.0488492	0.00851641	0.00299137	0.0388934	0.0289679	0.0618704	0.0999049	0.0147211	0.00175393	0.00560942
180	0.270313	0.00880545	0.0888749	0.082772	0.00368631	0.0454459	0.00422178	0.0245562	0.0246417	0.0299915	0.00864244	0.0170428	0.0958351	0.00666298	0.00324	0.136712	0.0913163	0.0525476	0.00144155	0.00325057
181	0.00571899	0.00403037	0.000821705	0.00100266	0.493828	0.0010242	0.0380526	0.0145652	0.000915974	0.0464279	0.0179506	0.00106442	0.000595716	0.00142573	0.00444711	0.00866871	0.00770719	0.0109922	0.0310992	0.309661
182	0.0134296	0.00190332	0.000611257	0.0044066	0.00758386	0.00125617	0.000626165	0.453704	0.00104707	0.0246494	0.00377344	0.00162729	0.0034849	0.00161057	0.00078907	0.00784248	0.00471816	0.463166	0.000229851	0.00354069
183	0.041742	0.00680272	0.131047	0.147367	0.0075637	0.0184504	0.0817141	0.00612574	0.102729	0.014552	0.00331115	0.118772	0.0504397	0.0597889	0.023683	0.115281	0.0504187	0.0114607	0.00055021	0.0082017
184	0.0167281	0.00310092	0.00706059	0.00188666	0.308504	0.00212235	0.0286791	0.0520401	0.00199232	0.106121	0.0533559	0.00213782	0.00112303	0.00238529	0.00338326	0.0249086	0.00627116	0.0209556	0.0122272	0.345017
185	0.0145737	0.0135085	0.000480028	0.000713003	0.0594016	0.00228366	0.000332206	0.1191	0.000483391	0.563939	0.131256	0.00054895	0.000610478	0.0062471	0.00112604	0.00302616	0.0112392	0.0662079	0.00328568	0.00163634
186	0.0945504	0.00440961	0.0192293	0.068644	0.000911223	0.0210549	0.000758567	0.0029429	0.376006	0.0132267	0.0048007	0.0437739	0.00912122	0.0751305	0.160447	0.0514003	0.0325716	0.0137234	0.000266434	0.00703102
187	0.0523169	0.00252906	0.00466668	0.0154956	0.00207004	0.00982656	0.00265304	0.189486	0.104142	0.17119	0.0754429	0.029251	0.000965267	0.0640319	0.0533416	0.0569659	0.0603593	0.0854884	0.00512338	0.0146553
188	0.0355117	0.00807075	0.023236	0.0289518	0.00488189	0.00899423	0.060995	0.00808815	0.263489	0.0224435	0.00638558	0.0740095	0.0072885	0.0718964	0.244571	0.0771982	0.0257158	0.0101447	0.00275397	0.0153742
189	0.0147458	0.00634171	0.0284495	0.00814644	0.00603311	0.206286	0.0294998	0.00811206	0.127983	0.0128597	0.0296644	0.23022	0.00428293	0.0814952	0.132178	0.0399848	0.0125662	0.0128177	0.00249397	0.00583925
190	0.0548455	0.0228245	0.000843619	0.00986496	0.0234289	0.0013774	0.00450908	0.241801	0.00685572	0.141897	0.0703146	0.00682745	0.000769993	0.00650686	0.00908682	0.0201263	0.0541923	0.314453	0.0003186	0.00915702
191	0.0565604	0.00622185	0.053216	0.149967	0.0383336	0.0104221	0.0799283	0.0237233	0.156404	0.0135178	0.00619041	0.0593435	0.0845568	0.0266663	0.01129	0.151408	0.0523364	0.0120508	0.00177718	0.00608612
