451	20
1	0.00496067	0.00803516	0.02954	0.229628	0.00385053	0.00228861	0.0536575	0.0338753	0.0449805	0.0207748	0.00129351	0.0503802	0.00112098	0.132484	0.172407	0.0761415	0.0472503	0.0730946	0.000469967	0.0137664
2	0.0157434	0.00227878	0.00144375	0.000481929	0.00759866	0.00537968	0.00100211	0.247609	0.000469924	0.147276	0.0296819	0.00101806	0.000984429	0.00744646	0.00286225	0.00464378	0.0130461	0.510682	9.56015e-05	0.0002562
3	0.0175431	0.000778333	0.00173621	0.0148122	0.0158701	0.00192111	0.0319482	0.0738387	0.137663	0.0410635	0.00131557	0.00584135	0.00112857	0.0840976	0.4152	0.0305225	0.0500752	0.0471621	0.00596714	0.0215156
4	0.0289727	0.000659845	0.153683	0.0619219	0.00370886	0.547349	0.0146368	0.00111061	0.0315058	0.00136348	0.00328569	0.0691169	0.00748204	0.0113845	0.00926104	0.0452733	0.00703881	0.0014773	0.000179423	0.000588473
5	0.549841	0.0228953	0.0095095	0.00341941	0.00693672	0.0509694	0.00722777	0.0315831	0.0026102	0.0294348	0.00284303	0.00333532	0.0141158	0.00223493	0.00656152	0.101281	0.0535097	0.0924586	0.00267402	0.00655808
6	0.0107213	0.00207862	0.00423897	0.00664875	0.00823926	0.00435865	0.118743	0.00945159	0.134981	0.01199	0.00235367	0.0370958	0.00220728	0.0478897	0.429545	0.0815661	0.0321662	0.00859351	0.00127333	0.045859
7	0.075053	0.00189311	0.0201688	0.168201	0.00307155	0.00449823	0.00442723	0.0374243	0.00513296	0.0231624	0.00331104	0.00539756	0.00248545	0.232738	0.00632877	0.0252678	0.113474	0.264363	0.000872704	0.00272952
8	0.00736385	0.00134764	0.00421163	0.00347407	0.0363503	0.00608053	0.219407	0.00325822	0.0153515	0.00618392	0.00202107	0.601864	0.00148148	0.00678732	0.0388269	0.00651731	0.00573644	0.00461561	0.00063167	0.0284896
9	0.0239929	0.00372016	0.0470249	0.0160106	0.0227607	0.0364547	0.128749	0.00813855	0.0228993	0.0148917	0.00489109	0.49675	0.00561006	0.0152004	0.0370017	0.0519061	0.0316797	0.00962123	0.00138469	0.0213118
10	0.0163536	0.00416913	0.00328452	0.00394495	0.0402626	0.00345033	0.00289322	0.121117	0.00298458	0.572859	0.0843924	0.00455076	0.00477279	0.00660253	0.00726376	0.0103422	0.0118185	0.093235	0.000492605	0.00520982
11	0.0402835	0.00100962	0.00932943	0.0101345	0.00138064	0.00202524	0.00204454	0.00812272	0.649973	0.0178132	0.00129954	0.0105477	0.00103854	0.0361329	0.180635	0.0120122	0.0114131	0.00314713	0.00033886	0.00131888
12	0.0217654	0.000643726	0.199051	0.0212172	0.000872547	0.183254	0.0903376	0.00587193	0.0201642	0.00168175	0.000982099	0.361678	0.00641372	0.0193505	0.0228153	0.0263757	0.00905457	0.00187077	0.000275549	0.00632468
13	0.00766269	0.000178831	0.000464895	0.000468976	0.00416281	0.000945567	0.00035856	0.480014	0.00039415	0.0738394	0.00225859	0.000464043	0.000609941	0.000554405	0.000604299	0.00079125	0.000807135	0.425078	8.88893e-05	0.000253891
14	0.00833418	0.00589251	0.377111	0.0165585	0.00646546	0.0018331	0.00641049	0.00158139	0.0209125	0.00179955	0.000774173	0.123058	0.000870681	0.0113897	0.0178387	0.282217	0.10917	0.00208276	0.00485196	0.000847819
15	0.0242487	0.00195703	0.00128459	0.000415788	0.0102419	0.00599483	0.001529	0.269227	0.000390888	0.182855	0.0341148	0.0017876	0.00102063	0.00305613	0.00318911	0.00511591	0.01814	0.434907	6.96726e-05	0.000454389
16	0.0527019	0.00527037	0.385878	0.190368	0.00228486	0.026784	0.0204762	0.00329934	0.048526	0.00636351	0.000225058	0.0515145	0.00141295	0.0536075	0.0546357	0.0507891	0.0342875	0.00596035	5.67272e-05	0.00555875
17	0.0190024	0.000450725	0.000538753	0.00170536	0.00728925	0.00165877	0.000886234	0.635365	0.000691914	0.117369	0.0206987	0.00324537	0.00512732	0.00224025	0.00357863	0.00153342	0.00291667	0.171872	0.000124474	0.00370665
18	0.0772676	0.00723278	0.0165552	0.0312454	0.00705313	0.0123362	0.0128223	0.0758881	0.0568016	0.137094	0.0253936	0.0147608	0.227026	0.0585702	0.0453208	0.0686115	0.0447024	0.0696022	0.00211379	0.00960261
19	0.0336372	0.00129435	0.00831983	0.0119323	0.00399779	0.00323281	0.00846882	0.0240658	0.543066	0.0338247	0.00158654	0.0111047	0.00156405	0.0417802	0.220645	0.0147822	0.0184201	0.0129326	0.00131081	0.00403349
20	0.0161478	0.00110844	0.130042	0.0277359	0.00204075	0.199286	0.133781	0.00440077	0.030794	0.00300271	0.00133969	0.343937	0.00388456	0.0139075	0.0332257	0.0154812	0.00728583	0.00307883	0.000368966	0.0291518
21	0.128651	0.0255608	0.00971681	0.0826303	0.00221348	0.0250946	0.0058474	0.0038751	0.230887	0.0285003	0.00386344	0.0105952	0.00371371	0.161029	0.180897	0.0642774	0.0228351	0.00521613	0.000478283	0.00411831
22	0.00568732	0.000526383	0.00105041	0.00137485	0.228211	0.00302722	0.0119088	0.307809	0.00117433	0.195659	0.0309219	0.00138682	0.00343166	0.00239993	0.00223179	0.00536635	0.00928696	0.124919	0.0197424	0.0438847
23	0.0288165	0.00133151	0.00250391	0.00341078	0.0066683	0.0111611	0.00268276	0.189252	0.00280689	0.00903446	0.0481678	0.0130916	0.00157753	0.0071265	0.00372965	0.0289273	0.132844	0.496059	0.00935882	0.00144982
24	0.198018	0.00924586	0.00368816	0.00170293	0.00134078	0.025858	0.00155405	0.127171	0.00414517	0.0625788	0.00530102	0.00207032	0.0013867	0.00195151	0.00260419	0.0158093	0.0365362	0.483827	0.00033025	0.014881
25	0.00515293	0.000615881	0.00121835	0.00151247	0.231002	0.00493469	0.00857439	0.375191	0.00126522	0.151216	0.0286732	0.00145987	0.00279259	0.00181671	0.00204877	0.00474142	0.00793733	0.126668	0.0146241	0.0285553
26	0.296214	0.0165083	0.00281172	0.00596077	0.00759664	0.0218359	0.0027434	0.0607245	0.00444646	0.0439785	0.00463682	0.0037127	0.0190694	0.00296879	0.0128993	0.128413	0.138702	0.2231	0.000480162	0.00319826
27	0.00416715	0.00218938	0.0027455	0.00311064	0.000387832	0.959141	0.00499972	0.000568439	0.00155565	0.00139544	0.000613098	0.00207053	0.000474907	0.000748576	0.00738095	0.00321139	0.00315692	0.00147694	7.54683e-05	0.000530101
28	0.0375002	0.00693735	0.00382972	0.0287712	0.00657277	0.00677751	0.00604486	0.145331	0.0227126	0.174533	0.0434379	0.00572678	0.111214	0.0246111	0.0656353	0.0134849	0.0260117	0.261865	0.00249416	0.00650837
29	0.0492759	0.00275375	0.0180671	0.00888259	0.0034799	0.0250348	0.00866002	0.0113637	0.00731533	0.0172538	0.00719346	0.0310193	0.0296946	0.0121962	0.0106006	0.406568	0.33463	0.0118297	0.00135398	0.00282651
30	0.00512099	0.00180892	0.00252237	0.00279275	0.000309788	0.962981	0.00476677	0.000693187	0.00224798	0.00106887	0.000271232	0.00143537	0.000284214	0.000651769	0.00704205	0.00293207	0.00191007	0.000772946	6.32822e-05	0.000324709
31	0.2531	0.00735741	0.0146198	0.0178892	0.00482427	0.0658527	0.0064231	0.0130193	0.00766246	0.0164514	0.00751072	0.0218104	0.0204464	0.0159557	0.0126099	0.416758	0.0476367	0.0390413	0.00481048	0.00622126
32	0.00343575	0.00187168	0.00318913	0.00320345	0.000237864	0.966929	0.0046871	0.000363976	0.00143321	0.000907848	0.000232178	0.00153389	0.000273356	0.000490639	0.00658038	0.00212002	0.00169126	0.000512033	5.89651e-05	0.000248453
33	0.0515984	0.00531678	0.0188617	0.0219504	0.00384534	0.0396034	0.013704	0.0120618	0.515173	0.0214804	0.00405407	0.0188177	0.00410827	0.0437995	0.151329	0.0326152	0.0246513	0.0123352	0.000767754	0.00392632
34	0.0209294	0.00245803	0.00864052	0.00490707	0.00404595	0.015791	0.00674755	0.00986755	0.00214214	0.012464	0.00399893	0.0141696	0.0173911	0.0063936	0.00439669	0.365243	0.491799	0.00690971	0.000212407	0.00149282
35	0.0275102	0.00308069	0.0104642	0.00668773	0.00376352	0.0166384	0.0075061	0.0107414	0.0045405	0.0136178	0.00472677	0.0178601	0.0145699	0.00843742	0.00747262	0.379212	0.45252	0.00831939	0.000322004	0.00200954
36	0.0149754	0.00273583	0.000974107	0.00151831	0.0246582	0.0026503	0.0011623	0.187711	0.000958754	0.507317	0.0508353	0.00253886	0.00180819	0.00313888	0.0043805	0.0040902	0.011057	0.170488	0.000749108	0.00625173
37	0.349696	0.0155022	0.00763125	0.00809104	0.00711203	0.0300126	0.00645614	0.0656797	0.00685144	0.0457815	0.00651695	0.00698596	0.012387	0.00666501	0.0121698	0.0739813	0.0512406	0.275045	0.00147314	0.0107218
38	0.0305694	0.0046821	0.00355228	0.00548971	0.370781	0.0042615	0.0232312	0.0877982	0.0100405	0.105622	0.0647536	0.0128148	0.0121213	0.00795489	0.0562034	0.00996886	0.00857796	0.0623981	0.00519465	0.113985
39	0.0757673	0.000673878	0.48202	0.0723917	0.00118866	0.0918165	0.014459	0.0022443	0.0025161	0.00223598	0.00145255	0.113349	0.00281147	0.00395205	0.00945953	0.106202	0.00819213	0.00234799	0.000335456	0.0065836
40	0.0573548	0.00513033	0.00299597	0.00454318	0.00902962	0.00766474	0.00246744	0.212338	0.00538884	0.172655	0.0428655	0.00383987	0.00305078	0.00822486	0.00706553	0.0157116	0.0511685	0.383602	0.000557724	0.00434628
41	0.00511664	0.00254343	0.000613057	0.000733835	0.0212879	0.00200789	0.000673899	0.185447	0.000643225	0.589894	0.0308853	0.00203574	0.00127095	0.00114376	0.00431386	0.00190058	0.00596058	0.136987	0.000124843	0.00641665
42	0.119078	0.00135247	0.020449	0.00241532	0.238481	0.0451716	0.0963564	0.00269446	0.00252361	0.0139393	0.0131628	0.00291626	0.00137965	0.0105887	0.00313215	0.0253739	0.0188691	0.0191004	0.00608604	0.356929
43	0.246995	0.00365582	0.0310735	0.13895	0.00566112	0.036361	0.0277557	0.0158133	0.0607445	0.0303498	0.0059554	0.0540425	0.00796321	0.0592308	0.0457121	0.105693	0.0576176	0.0525243	0.00296732	0.0109345
44	0.107073	0.00990295	0.0231659	0.139257	0.0169283	0.0404459	0.0209931	0.10372	0.0186095	0.120355	0.0677529	0.0181196	0.0318088	0.0276766	0.029105	0.0416348	0.0405147	0.12385	0.0057947	0.0132929
45	0.233712	0.00101173	0.00259944	0.00305755	0.0016749	0.321104	0.00251104	0.00528019	0.00297577	0.0125175	0.00207137	0.00447175	0.00269479	0.0234391	0.0147917	0.343722	0.0146825	0.00395231	0.00211712	0.00161319
46	0.0622368	0.00803127	0.0166613	0.0612016	0.0051564	0.0769897	0.0153554	0.00788479	0.076286	0.040678	0.0350135	0.0401887	0.00365042	0.145587	0.225764	0.0760448	0.0474895	0.0108221	0.00124448	0.0437144
47	0.0177751	0.00214602	0.00720241	0.0189278	0.0262225	0.0092721	0.14682	0.0181692	0.0901537	0.0421811	0.00376195	0.0243326	0.00245346	0.0921066	0.409391	0.0264028	0.0272909	0.019107	0.00211706	0.014167
48	0.0553154	0.00354604	0.0123726	0.0792362	0.00635401	0.0102451	0.011561	0.0114312	0.0679213	0.16897	0.265705	0.0108681	0.00533642	0.078613	0.118753	0.050366	0.0166608	0.0139623	0.00367216	0.00911034
49	0.00804152	0.00118252	0.00111008	0.00140043	0.23365	0.00286162	0.0135381	0.289308	0.00125932	0.181224	0.0272603	0.00183274	0.00326935	0.00312391	0.00305345	0.00557781	0.00934888	0.126518	0.0223867	0.0640536
50	0.0239424	0.00263337	0.0055827	0.0070301	0.0305384	0.0039552	0.00367896	0.14222	0.0052965	0.37662	0.144497	0.0663115	0.00237679	0.0227396	0.00782527	0.0255858	0.0405334	0.0842049	0.000875746	0.0035521
51	0.0503536	0.00254328	0.346006	0.327788	0.00132023	0.0200367	0.0120397	0.00283921	0.0237026	0.00383862	0.000598389	0.0368582	0.00310628	0.0618439	0.0277982	0.0468705	0.0218522	0.00694114	0.000265262	0.00339818
52	0.0871766	0.00320506	0.0085173	0.0113118	0.00416467	0.0782611	0.00819595	0.0175028	0.00640389	0.0445921	0.0304489	0.0393134	0.0174967	0.0108671	0.0084814	0.327336	0.262309	0.0139531	0.00145832	0.0190041
53	0.0143836	0.00415263	0.00330447	0.00179622	0.331926	0.00213044	0.0212191	0.111049	0.00430839	0.112578	0.0231802	0.00634455	0.0042683	0.00994816	0.0162636	0.00561428	0.0074269	0.0648724	0.0240396	0.231194
54	0.0368346	0.000471232	0.0398989	0.00138216	0.000735402	0.0348189	0.00564693	0.00505195	0.00638597	0.00845498	0.00401914	0.0454058	0.198691	0.00130117	0.00190178	0.344441	0.258173	0.00506293	0.000305385	0.00101754
55	0.141219	0.00144627	0.0288419	0.00563607	0.0038971	0.0179827	0.00441501	0.00534446	0.0161422	0.0344087	0.0353355	0.0308156	0.119966	0.00491423	0.00829999	0.279554	0.241478	0.0165173	0.000705901	0.00308009
56	0.0544959	0.00554769	0.0100704	0.00164731	0.345772	0.0153724	0.0498523	0.0105944	0.00178968	0.0355372	0.00830763	0.00406384	0.00092313	0.0115476	0.00225208	0.0107912	0.0104194	0.0170898	0.022981	0.380945
57	0.0761899	0.00415298	0.0016871	0.00283826	0.00866028	0.0046074	0.00132255	0.23232	0.00130467	0.274296	0.105965	0.0040948	0.000714203	0.00416866	0.00305213	0.0446624	0.0849802	0.143723	0.000288745	0.000971487
58	0.0736174	0.00921875	0.0134122	0.0650233	0.00737989	0.02224	0.029459	0.0179637	0.137008	0.0294382	0.00690277	0.0255905	0.00478341	0.187627	0.26364	0.0369686	0.0394362	0.0200765	0.00152251	0.00869187
59	0.0866294	0.00631615	0.0382399	0.0342373	0.0155065	0.0963018	0.0516584	0.0260851	0.0509374	0.0182582	0.0183199	0.138671	0.00156586	0.112584	0.0863849	0.11428	0.0727066	0.0223258	0.00254216	0.00644973
60	0.0309509	0.00274538	0.00517911	0.00534258	0.329886	0.0054373	0.032958	0.0493659	0.0231307	0.0766396	0.0601407	0.0139526	0.0110069	0.00891587	0.129203	0.0112582	0.0103422	0.0450328	0.00179086	0.146722
61	0.01712	0.00470309	0.00149427	0.00408684	0.0662975	0.00113165	0.000664882	0.0955353	0.000767461	0.549145	0.178382	0.00174385	0.00364192	0.00569266	0.00221	0.00754106	0.0102787	0.0490001	0.000166913	0.000396802
62	0.058378	0.00213671	0.0315807	0.0763276	0.00449204	0.0175726	0.0395803	0.0219145	0.207851	0.0314485	0.00325045	0.0361581	0.0237076	0.102753	0.243309	0.0213236	0.0500271	0.0257517	0.000458755	0.00197827
63	0.318792	0.00642345	0.0606	0.0255264	0.0140637	0.0587998	0.013714	0.0210866	0.0124758	0.0199057	0.00564761	0.0250167	0.0930883	0.01444	0.0173561	0.132621	0.0511157	0.0658908	0.00376418	0.0396724
64	0.0524036	0.0050717	0.388396	0.192465	0.00190873	0.0271316	0.0211376	0.00289229	0.0483977	0.00650259	0.00018291	0.0507745	0.00123254	0.0549008	0.0523602	0.0494768	0.0331146	0.00574022	5.55852e-05	0.00585538
65	0.179684	0.0112739	0.003129	0.00133766	0.00108508	0.016708	0.00117061	0.113546	0.00239286	0.0685738	0.00582002	0.0014404	0.000789023	0.00162966	0.00165402	0.0077292	0.0350537	0.533612	0.000303528	0.0130679
66	0.048919	0.00430633	0.388778	0.190239	0.00204672	0.0432061	0.0180585	0.00319099	0.0431307	0.00570098	0.000273271	0.0505161	0.00564792	0.0489636	0.0489552	0.0518718	0.0357845	0.00538478	0.000115541	0.00491059
67	0.14262	0.00056377	0.0349777	0.0778598	0.0241744	0.0121288	0.0474547	0.035409	0.0496478	0.09259	0.0170954	0.0360018	0.00529337	0.0574358	0.0570904	0.143764	0.05394	0.0839158	0.00352497	0.0245122
68	0.0296163	0.00176392	0.179201	0.501177	0.00127581	0.0127894	0.0258856	0.0024485	0.0523862	0.0111907	0.00112573	0.0111688	0.00103169	0.053313	0.0437418	0.0256543	0.0326688	0.00471107	0.000383358	0.0084672
69	0.0162873	0.00217851	0.0806832	0.0216875	0.0040712	0.245743	0.155918	0.00540796	0.0246466	0.00705357	0.0031589	0.283533	0.00376138	0.0118608	0.0264396	0.0131315	0.01027	0.00715234	0.000882276	0.0761335
70	0.00582158	0.00257781	0.000687032	0.000844147	0.0222598	0.00180644	0.000516398	0.164949	0.000597167	0.607501	0.0377449	0.00225513	0.00123976	0.00141084	0.00457342	0.00210764	0.00727371	0.129279	0.000124969	0.00643076
71	0.0342543	0.000476272	0.0396559	0.00173897	0.000813251	0.0353212	0.00531382	0.00678971	0.00670981	0.0102533	0.00389738	0.0459754	0.205056	0.00148222	0.00213957	0.331916	0.261035	0.00576455	0.000329939	0.00107668
72	0.264077	0.00630434	0.00775217	0.00819137	0.0200255	0.00978151	0.00433712	0.0212631	0.00913473	0.0388882	0.025876	0.00774528	0.125808	0.00733334	0.0117841	0.117598	0.170567	0.139021	0.000953945	0.00355767
73	0.291751	0.00634959	0.00868059	0.00775901	0.0112318	0.0134174	0.00469623	0.0219106	0.00570593	0.0274311	0.0132402	0.00890284	0.0760977	0.00469255	0.0103704	0.166243	0.179132	0.13674	0.000655154	0.00499259
74	0.0233623	0.00177737	0.00133733	0.000743478	0.0103676	0.00542942	0.00130628	0.273655	0.000422066	0.170046	0.0324747	0.00154771	0.00189402	0.003253	0.00416411	0.00520438	0.0154632	0.447082	6.7136e-05	0.00040379
75	0.3122	0.0204939	0.00158301	0.00614493	0.00834779	0.0256879	0.00213923	0.061991	0.00253652	0.0444223	0.00350448	0.00196535	0.0183688	0.00190841	0.0154884	0.133982	0.0895261	0.246841	0.000351702	0.00251758
76	0.0162746	0.00166687	0.00132608	0.000447508	0.00806326	0.00525141	0.0010818	0.282686	0.000418047	0.15208	0.0272728	0.00120592	0.000996266	0.00471831	0.0028259	0.00395895	0.0119871	0.477357	7.57575e-05	0.000306151
77	0.346361	0.00743946	0.00942522	0.0233707	0.00646316	0.0228693	0.00457496	0.0456142	0.0035306	0.0171759	0.00243436	0.00884506	0.0460862	0.00282142	0.0176017	0.196518	0.0606683	0.168865	0.000505729	0.00882988
78	0.0218804	0.00393903	0.014426	0.0188166	0.0190285	0.0157385	0.293908	0.0106127	0.0452789	0.0220485	0.00561766	0.0313017	0.00512391	0.042783	0.308448	0.0400209	0.0224788	0.0137581	0.019514	0.045276
79	0.138791	0.00417898	0.0152364	0.0181859	0.00428268	0.0332765	0.00916216	0.0131068	0.0111954	0.019819	0.0106253	0.0303459	0.0311534	0.0170846	0.0138652	0.402797	0.189504	0.0289344	0.00285219	0.00560326
80	0.0114363	0.00552267	0.00925033	0.00364607	0.00648973	0.00872409	0.00602638	0.0144263	0.00193534	0.00801807	0.00608393	0.0157052	0.00105064	0.0026711	0.00373982	0.262447	0.609724	0.0212929	0.00022921	0.00158045
81	0.0210861	0.00214714	0.00145182	0.000610822	0.0118482	0.00536109	0.00121411	0.22784	0.000423821	0.200918	0.0382821	0.00149229	0.00124791	0.0046651	0.00358459	0.00540741	0.0151307	0.456618	8.12333e-05	0.00059031
82	0.330455	0.00164434	0.00456949	0.00292912	0.00181323	0.43311	0.00263018	0.0124254	0.0050649	0.00629336	0.00183497	0.00511707	0.00495749	0.00850706	0.016601	0.145633	0.00873923	0.0051936	0.000887917	0.00159399
83	0.0197096	0.00287884	0.00931881	0.00680393	0.00501611	0.013229	0.00723675	0.0100999	0.00658656	0.0128922	0.00505066	0.0120941	0.00565016	0.00695477	0.0180817	0.298565	0.547357	0.00939201	0.000421009	0.00266124
84	0.178554	0.00493065	0.00576322	0.00385691	0.00153614	0.0307929	0.00189419	0.183278	0.0182223	0.0713611	0.0131725	0.00532361	0.0011874	0.00231796	0.0054935	0.0397115	0.0608544	0.34344	0.000267363	0.0280424
85	0.0100926	0.0093382	0.00708289	0.00731284	0.0202381	0.00536963	0.0106398	0.0168451	0.0037305	0.00575021	0.0161869	0.019844	0.00101813	0.00248944	0.00376659	0.234933	0.576916	0.0446049	0.000316977	0.00352372
86	0.0504962	0.00269721	0.245416	0.150038	0.00287256	0.170261	0.0567667	0.00346072	0.0396052	0.010623	0.00206392	0.0780277	0.00743057	0.0434534	0.043903	0.0493499	0.0318965	0.00519265	0.000339177	0.00610649
87	0.0777679	0.00452664	0.00171789	0.00404049	0.0120358	0.00160279	0.00100145	0.295722	0.000955477	0.239288	0.122597	0.00208784	0.000746259	0.00390222	0.00231761	0.0197656	0.05824	0.150831	0.000198705	0.0006563
88	0.0653697	0.00288072	0.00447122	0.00505675	0.058369	0.0219482	0.00623835	0.065276	0.0192695	0.234456	0.0241158	0.00511124	0.00202605	0.00624735	0.0080356	0.136246	0.0407275	0.144114	0.00148907	0.148552
89	0.00515319	0.00279567	0.000576972	0.000651592	0.0239613	0.00182791	0.000491323	0.155892	0.000575516	0.624255	0.0310038	0.00210719	0.00126215	0.00115752	0.00470761	0.00155872	0.00588406	0.129168	0.000122577	0.00684829
90	0.118761	0.133814	0.0140589	0.0243656	0.00787413	0.013815	0.0146142	0.0885637	0.0314084	0.0734398	0.0123932	0.0364489	0.00548722	0.0898513	0.10912	0.0986566	0.0325485	0.0850056	0.00230148	0.00747267
91	0.0122516	0.00243762	0.00106424	0.00168984	0.0204382	0.00212708	0.000753332	0.161084	0.000863606	0.554252	0.0515274	0.00386269	0.00122128	0.00213448	0.0056674	0.00357336	0.0117053	0.158046	0.000166884	0.00513365
92	0.0221242	0.00306393	0.00187404	0.00389548	0.0387697	0.000925556	0.000603086	0.126114	0.000609795	0.509496	0.176595	0.00251677	0.00213383	0.00649378	0.00282102	0.0071639	0.018743	0.0752561	0.000138301	0.000662264
93	0.0162777	0.00954784	0.00635689	0.00159118	0.418993	0.00175805	0.0105338	0.0148828	0.00143762	0.0526695	0.00226058	0.00546569	0.000909522	0.00599649	0.00180825	0.00300404	0.00787538	0.0187359	0.0379852	0.381911
94	0.246457	0.00423897	0.010158	0.007411	0.00446913	0.0944184	0.00565554	0.00789146	0.00565347	0.0108314	0.00790844	0.0206407	0.0134399	0.0111005	0.00827804	0.473785	0.0303632	0.016356	0.016398	0.00454521
95	0.0247884	0.00172242	0.0109047	0.0334351	0.0253632	0.0142817	0.0789109	0.0268169	0.135344	0.0688255	0.00551095	0.0429052	0.00294656	0.0813732	0.323893	0.0200607	0.0523382	0.0391738	0.00180005	0.00960555
96	0.112833	0.000449335	0.0462071	0.0604147	0.0304111	0.0235095	0.0500064	0.055534	0.0279748	0.0946444	0.0402381	0.0278137	0.00452932	0.0597087	0.0476981	0.123911	0.0545356	0.103958	0.00651781	0.029106
97	0.0162935	0.00940702	0.00632177	0.00159052	0.420766	0.0017801	0.0107204	0.0149224	0.00142903	0.0524226	0.00247344	0.00545977	0.000934259	0.00602085	0.00204699	0.00300009	0.00778118	0.0186806	0.0373639	0.380585
98	0.248486	0.00287152	0.0335092	0.0353218	0.00551021	0.0227605	0.0083254	0.0146315	0.00865508	0.00922452	0.00569919	0.0202912	0.0207803	0.0105242	0.0125808	0.43387	0.0316464	0.0623684	0.00358964	0.00935354
99	0.097062	0.00268074	0.00628433	0.00645235	0.302704	0.0065289	0.00700419	0.0252055	0.00705067	0.0326693	0.00672916	0.0257635	0.133148	0.00736457	0.0308776	0.0829483	0.0691549	0.010323	0.00111908	0.13893
100	0.0437768	0.0072378	0.0205195	0.0196345	0.0507027	0.0281348	0.0747459	0.0291643	0.0231254	0.0971746	0.0164365	0.308762	0.00744732	0.0262331	0.0357369	0.0402946	0.0346955	0.0358237	0.0061116	0.094243
101	0.11948	0.00580056	0.0590932	0.0451295	0.0053236	0.0725055	0.0430052	0.0244745	0.0748034	0.0243298	0.0104839	0.124397	0.000433433	0.0620908	0.068849	0.146622	0.0758101	0.0299036	0.002589	0.0048758
102	0.028383	0.00202191	0.0925839	0.0346437	0.00304622	0.602641	0.0260304	0.00293854	0.0263521	0.00493128	0.00227682	0.0868832	0.00568422	0.0123367	0.0164284	0.03314	0.0101787	0.00416953	0.000277515	0.00505318
103	0.165415	0.00432782	0.0105273	0.0158146	0.0069333	0.0461431	0.0101631	0.0853305	0.0459719	0.0612445	0.322834	0.0109978	0.00984091	0.052003	0.015883	0.0206334	0.0198873	0.0523274	0.00267579	0.0410467
104	0.0246148	0.896944	0.00238983	0.00303024	0.00168684	0.00299993	0.0120177	0.00290013	0.00249027	0.00376655	0.0016308	0.00342513	0.00128368	0.0031488	0.013007	0.0049786	0.00498424	0.0122882	0.000500888	0.00191276
105	0.0645039	0.00138071	0.0196148	0.0458923	0.00341925	0.02225	0.00601416	0.00173062	0.0219039	0.0156635	0.00881692	0.000814302	0.642498	0.0352307	0.0184225	0.0642527	0.0227537	0.00416516	0.000132875	0.000539589
106	0.0609098	0.00106491	0.0651152	0.140159	0.00265417	0.0143719	0.0620489	0.00262336	0.0698068	0.00565032	0.00132259	0.0447602	0.0010148	0.0589893	0.0949456	0.0751627	0.244289	0.0408669	0.000537425	0.0137075
107	0.0248525	0.897771	0.00235726	0.00301723	0.00163814	0.0028685	0.0118901	0.00267421	0.00255847	0.00345551	0.0017384	0.00304424	0.00130426	0.00306792	0.0128742	0.00508249	0.0053932	0.0121824	0.000510612	0.00171919
108	0.0767163	0.00350836	0.0789838	0.0951785	0.00406756	0.122603	0.13412	0.00858212	0.0813585	0.0287326	0.00568416	0.0946136	0.000464774	0.0804529	0.0570777	0.0759095	0.0324691	0.00988733	0.000801479	0.0087883
109	0.00322662	0.00182174	0.00199862	0.00264334	0.000219991	0.970284	0.0046748	0.000338339	0.00121567	0.000683319	0.000221581	0.00105262	0.000230186	0.00044455	0.00659117	0.00174898	0.00173772	0.000564492	5.93941e-05	0.000242552
110	0.0262026	0.000487242	0.00297537	0.00517409	0.011467	0.000804153	0.000665909	0.180936	0.000730444	0.409261	0.188961	0.00397021	0.000462765	0.00890653	0.00428702	0.00859224	0.0377389	0.107764	0.000179216	0.000435056
111	0.00341235	0.00193352	0.00298408	0.00300369	0.000303242	0.966816	0.00469909	0.000344242	0.00147633	0.000717904	0.000385486	0.00186079	0.000240214	0.000481514	0.00658169	0.00205322	0.00176547	0.000642398	5.82772e-05	0.000240217
112	0.0802319	0.00113074	0.0144007	0.0501133	0.0603433	0.00313786	0.0257361	0.0290579	0.126307	0.00910337	0.0133215	0.0335085	0.00192954	0.0569263	0.160984	0.0798981	0.0975121	0.0867279	0.000902606	0.0687281
113	0.0115331	0.00125449	0.00140666	0.00185483	0.210488	0.003275	0.0203163	0.28287	0.00161964	0.19248	0.0238344	0.00216047	0.00321624	0.00338731	0.00300133	0.00999896	0.0122002	0.13778	0.0193527	0.0579703
114	0.0209695	0.000552704	0.669345	0.0353988	0.00422697	0.0173195	0.0128263	0.00138026	0.0189762	0.00550835	0.00109337	0.0757831	0.0344183	0.00301918	0.0151066	0.036676	0.0434438	0.00280869	0.000276539	0.000870554
115	0.0696812	0.0161269	0.00190714	0.025964	0.018141	0.0250236	0.00259349	0.119689	0.022173	0.152054	0.09831	0.0247725	0.186326	0.0167153	0.0301585	0.0059923	0.0567312	0.104117	0.0146869	0.00883752
116	0.0203461	0.00049772	0.669967	0.0360478	0.00508241	0.0174881	0.016069	0.00119522	0.0201315	0.00615996	0.00090293	0.0878297	0.0233754	0.00403703	0.0132941	0.0327083	0.0418043	0.0019782	0.000260436	0.000824264
117	0.085734	0.030208	0.00504638	0.0455831	0.00241183	0.0059764	0.0036703	0.0870686	0.20214	0.065459	0.00315061	0.0058842	0.00241098	0.0288315	0.0259005	0.0678348	0.159107	0.170682	0.000667125	0.00223338
118	0.0868827	0.0178016	0.0136313	0.040785	0.00357757	0.0138183	0.00764314	0.00558301	0.135291	0.012842	0.00650263	0.00715967	0.468951	0.021755	0.0739269	0.0527284	0.0199683	0.00820825	0.000748105	0.00219593
119	0.0061853	0.000604224	0.00104615	0.00124565	0.230319	0.00291343	0.0130062	0.304613	0.00116828	0.1838	0.0269134	0.00151544	0.00328833	0.00274007	0.0022094	0.00560113	0.00941571	0.129184	0.0217975	0.0524335
120	0.108612	0.0219445	0.0354717	0.0534417	0.00079702	0.0171454	0.0321746	0.00201773	0.249646	0.0129609	0.00853915	0.0407807	0.0065128	0.0225135	0.219784	0.105034	0.0441786	0.0106697	0.00022185	0.00755363
121	0.0524036	0.0050717	0.388396	0.192465	0.00190873	0.0271316	0.0211376	0.00289229	0.0483977	0.00650259	0.00018291	0.0507745	0.00123254	0.0549008	0.0523602	0.0494768	0.0331146	0.00574022	5.55852e-05	0.00585538
122	0.0170954	0.0100499	0.00657622	0.00160001	0.409086	0.00177913	0.0106641	0.0178468	0.00144703	0.0573269	0.00236489	0.00571884	0.000866104	0.0060491	0.00186945	0.00310914	0.00781052	0.0212005	0.0387403	0.378799
123	0.0335316	0.000463581	0.0412501	0.00132453	0.000730456	0.0349881	0.00523874	0.00515233	0.00647524	0.00825564	0.00362737	0.0462441	0.203197	0.00120868	0.00177664	0.33424	0.26593	0.00514444	0.000253217	0.000967585
124	0.124902	0.000984625	0.059659	0.113215	0.00181328	0.00255584	0.0110217	0.0727267	0.00277846	0.0144442	0.00175471	0.00284501	0.200372	0.0253988	0.0204832	0.0392038	0.143637	0.160258	0.000402492	0.00154438
125	0.025317	0.895879	0.00235518	0.00325093	0.00160226	0.00310997	0.0116909	0.00285618	0.00271353	0.00346127	0.00176543	0.00315245	0.00132267	0.00291542	0.0131659	0.00528441	0.00521	0.0125504	0.000502594	0.00189495
126	0.0652484	0.00134957	0.020144	0.0456835	0.00318236	0.02266	0.00611947	0.00173946	0.0216688	0.015393	0.00838883	0.000796514	0.643156	0.0348379	0.0178361	0.0647182	0.0224191	0.0040031	0.000141461	0.000513874
127	0.0885159	0.00502386	0.194239	0.155305	0.00544386	0.0200896	0.0287698	0.0317606	0.00608272	0.0327158	0.0103084	0.00154203	0.000667239	0.0452125	0.0108299	0.0694555	0.124571	0.168415	0.000329923	0.000723565
128	0.0273962	0.888739	0.00258434	0.00303531	0.00207212	0.00322595	0.0117713	0.00317553	0.0029126	0.00479724	0.00181376	0.00340897	0.0016645	0.00334912	0.0137616	0.00586851	0.0050802	0.0128764	0.00058299	0.00188434
129	0.0416821	0.00359034	0.0855024	0.119849	0.00297466	0.164839	0.216093	0.000938537	0.0684465	0.0277081	0.00389177	0.0868947	0.000434134	0.0823768	0.0463858	0.0285423	0.00788556	0.00111008	0.000180487	0.0106749
130	0.0276871	0.00189792	0.0119045	0.0069374	0.00199814	0.877793	0.00647292	0.00171348	0.00565927	0.00296376	0.00125354	0.00779545	0.00222003	0.00355702	0.00933116	0.0179679	0.00650627	0.0037047	0.000300736	0.00233576
131	0.0962942	0.0016152	0.0358842	0.0394394	0.0133681	0.0192859	0.0360787	0.0042942	0.10534	0.0276185	0.00329175	0.0262952	0.00159304	0.0712819	0.0885466	0.135737	0.244559	0.0130157	0.00073265	0.0357289
132	0.0472114	0.00528647	0.00818897	0.00871867	0.00307921	0.334226	0.0249541	0.0152785	0.237169	0.00857461	0.00334952	0.00861226	0.00349548	0.0229618	0.170698	0.0443349	0.0328143	0.0168822	0.000964857	0.00319961
133	0.00995974	0.00183196	0.00125385	0.00182552	0.132865	0.00217549	0.0108873	0.194298	0.00198383	0.38812	0.0272345	0.00286079	0.00262931	0.00375418	0.00606845	0.00790404	0.0102298	0.122899	0.0126929	0.0585265
134	0.0585701	0.0114847	0.00300583	0.00294755	0.00165084	0.0138894	0.0133018	0.00309375	0.168983	0.00366288	0.00169976	0.378012	0.00165041	0.0033165	0.166573	0.0887235	0.0726979	0.00424761	0.000632004	0.00185805
135	0.0279085	0.00516249	0.0660625	0.00150594	0.00093411	0.0185355	0.029641	0.00163474	0.00939633	0.00182671	0.00536613	0.381193	0.0155783	0.00539652	0.00715269	0.297412	0.121937	0.00218014	0.000265903	0.00091068
136	0.00893061	0.000573905	0.000996188	0.00152368	0.164587	0.00268203	0.00861994	0.409172	0.00115116	0.17288	0.0282164	0.00186821	0.00539785	0.00243803	0.00260586	0.00450306	0.00723886	0.125932	0.0133198	0.0373631
137	0.560854	0.0132632	0.0290779	0.00372024	0.0100907	0.0738105	0.0178623	0.0203553	0.0023405	0.0277402	0.00273087	0.00651438	0.0338323	0.00213085	0.00399374	0.0792715	0.0498641	0.034789	0.00803269	0.019726
138	0.0313414	0.000600767	0.39855	0.430294	0.000641114	0.0012996	0.00552362	0.00119257	0.0014736	0.00151933	0.000767765	0.00748531	0.000683956	0.0780652	0.00236942	0.0158959	0.0109232	0.0102906	0.000317068	0.000765348
139	0.136373	0.0334396	0.000949961	0.0148433	0.0661156	0.00765648	0.0201107	0.10917	0.000929927	0.25726	0.0550951	0.00102651	0.000506814	0.0165698	0.0319826	0.0145296	0.0181903	0.168794	0.0171907	0.0292648
140	0.0240071	0.00300148	0.00181805	0.00411181	0.0474635	0.000798168	0.000641923	0.124219	0.000698729	0.494716	0.182072	0.00250069	0.00228109	0.00634413	0.00300685	0.00932819	0.019301	0.0731441	0.000159586	0.000387531
141	0.0535335	0.00189594	0.0204129	0.0734896	0.0016118	0.00369574	0.0028431	0.199669	0.021523	0.13469	0.0589905	0.0388776	0.00151876	0.012403	0.0130593	0.030546	0.0459106	0.272882	0.000407001	0.0120405
142	0.0524036	0.0050717	0.388396	0.192465	0.00190873	0.0271316	0.0211376	0.00289229	0.0483977	0.00650259	0.00018291	0.0507745	0.00123254	0.0549008	0.0523602	0.0494768	0.0331146	0.00574022	5.55852e-05	0.00585538
143	0.0536525	0.00409253	0.00186469	0.00372862	0.0129665	0.00319128	0.00148521	0.244389	0.0012875	0.275074	0.102336	0.00353023	0.000830794	0.00487641	0.00375974	0.0212875	0.0474055	0.212477	0.000409553	0.00135456
144	0.0341924	0.00225593	0.111006	0.0476806	0.00385347	0.482674	0.0316533	0.00395319	0.0571868	0.00796686	0.00395145	0.0898261	0.0070147	0.0225771	0.0302481	0.0408584	0.0120822	0.00629859	0.000458603	0.00426134
145	0.0130115	0.00231559	0.000868494	0.00134578	0.0243763	0.00262892	0.00100259	0.217648	0.000643749	0.48675	0.0471465	0.0022086	0.00155469	0.00242257	0.00378677	0.00362039	0.0106225	0.171602	0.000752509	0.00569218
146	0.0289727	0.000659845	0.153683	0.0619219	0.00370886	0.547349	0.0146368	0.00111061	0.0315058	0.00136348	0.00328569	0.0691169	0.00748204	0.0113845	0.00926104	0.0452733	0.00703881	0.0014773	0.000179423	0.000588473
147	0.020365	0.00217986	0.0187079	0.0307776	0.0455862	0.00847555	0.400841	0.00651981	0.0193731	0.012128	0.00515521	0.0159747	0.0029844	0.0368938	0.0379159	0.0263446	0.0108247	0.00768438	0.0859159	0.205352
148	0.0171304	0.00285418	0.00109789	0.00128336	0.0186583	0.00325082	0.000874461	0.187438	0.000696007	0.452127	0.0520262	0.00199244	0.00138463	0.00331907	0.00399428	0.00456353	0.0143518	0.228573	0.000172052	0.00421312
149	0.0619166	0.0027779	0.00304656	0.00822613	0.00200925	0.0223251	0.0213145	0.0117891	0.00258948	0.00828486	0.00445896	0.0317568	0.00983219	0.029805	0.00394211	0.377112	0.39233	0.00369446	0.000436095	0.00235305
150	0.0314209	0.00744722	0.00868372	0.00516069	0.0586697	0.00280464	0.00487761	0.0433371	0.00289198	0.54021	0.222116	0.00584223	0.0113597	0.0105695	0.00364299	0.0105321	0.00541874	0.0207505	0.00187928	0.00238605
151	0.0774456	0.000730669	0.489808	0.0723754	0.00114331	0.0814885	0.0144903	0.00227029	0.00197347	0.00224656	0.00146822	0.114529	0.00260467	0.00367943	0.00895129	0.107157	0.00796062	0.00241087	0.000342582	0.006925
152	0.0339227	0.00666735	0.0247799	0.0244628	0.0117057	0.0368039	0.0597349	0.022054	0.0926585	0.0304469	0.00725167	0.0286006	0.0103249	0.0474778	0.442655	0.0428412	0.0392469	0.021157	0.00275404	0.014454
153	0.168987	0.000632396	0.0462258	0.0437795	0.00106052	0.0461423	0.00171543	0.0140132	0.0169309	0.00810039	0.00650556	0.0796036	0.188536	0.0337664	0.0396851	0.19545	0.0863277	0.020838	0.00027508	0.00142536
154	0.147195	0.000694589	0.0934701	0.0616525	0.00114633	0.0614149	0.00213071	0.00738816	0.0142982	0.00579904	0.0155955	0.0757452	0.117504	0.0299769	0.0425954	0.188633	0.121583	0.0115592	0.000384346	0.00123375
155	0.0118281	0.00168218	0.00742615	0.00234153	0.00321632	0.0113227	0.00370884	0.00898356	0.00097132	0.0112159	0.00179029	0.00800614	0.000976033	0.00254837	0.00404405	0.327223	0.586786	0.00506816	0.000180459	0.000681392
156	0.0144613	0.0024144	0.000945135	0.00171586	0.0222437	0.00319877	0.00142374	0.235747	0.00082381	0.448258	0.0437529	0.00267641	0.00239169	0.00247982	0.00437142	0.00409242	0.0113034	0.192206	0.000715088	0.00477863
157	0.198662	0.00427328	0.017114	0.0148762	0.00528749	0.0592543	0.00769665	0.01248	0.0108045	0.0170104	0.00876412	0.0246635	0.0200331	0.0137955	0.0146728	0.467486	0.06514	0.0273623	0.00495016	0.00567364
158	0.0257875	0.00425681	0.0093584	0.0100377	0.00491668	0.501251	0.0078828	0.00931481	0.0127295	0.0485757	0.00573239	0.0099708	0.038595	0.0106352	0.0431266	0.0833269	0.122493	0.0438023	0.00219092	0.00601657
159	0.00964277	0.00172846	0.0211498	0.0138649	0.00113465	0.893857	0.00830341	0.00122615	0.00666537	0.00199686	0.000897182	0.0104113	0.00120431	0.00389897	0.00912897	0.0086617	0.00387747	0.00145834	0.000129527	0.000763308
160	0.0459657	0.00463916	0.102512	0.362892	0.00537121	0.0181519	0.0315573	0.0132011	0.0532952	0.0184925	0.00673429	0.0292857	0.00888086	0.078581	0.0996013	0.0422614	0.044966	0.0228928	0.00104606	0.00967265
161	0.259756	0.00232548	0.00504221	0.00565314	0.0222976	0.0284158	0.00608788	0.0161796	0.00520248	0.195944	0.0271768	0.00719782	0.00254323	0.00630965	0.0544869	0.22735	0.0480821	0.0544151	0.000936126	0.024598
162	0.0702662	0.010883	0.0265649	0.0831847	0.0119068	0.0265063	0.0266044	0.0259972	0.0463598	0.0331249	0.0122486	0.0364813	0.0138652	0.220005	0.0628343	0.0784759	0.147179	0.0509128	0.00208966	0.0145103
163	0.0338875	0.0068637	0.0180997	0.0266143	0.0127915	0.028332	0.0533571	0.0213181	0.103233	0.02646	0.00676097	0.0276579	0.00722079	0.0509349	0.454039	0.0434294	0.038671	0.0230187	0.00223745	0.0150728
164	0.0464099	0.00331231	0.000939197	0.0010794	0.0116021	0.00422639	0.00139037	0.317719	0.000500484	0.191257	0.0510296	0.00185115	0.00130611	0.00213049	0.00268123	0.00856729	0.0257744	0.327365	9.10918e-05	0.000766901
165	0.0280598	0.00154545	0.0103608	0.0417432	0.0238464	0.0123565	0.0549692	0.0444118	0.14828	0.0451904	0.00486501	0.0410384	0.00327444	0.10343	0.308562	0.0243643	0.0472234	0.0417103	0.00205517	0.0127134
166	0.0134528	0.00161106	0.00180133	0.00301475	0.0180673	0.00125261	0.000574783	0.158339	0.00061691	0.534891	0.116116	0.00289768	0.000850814	0.00522525	0.00403378	0.00443955	0.0232013	0.105604	0.000150398	0.00385985
167	0.19531	0.0067987	0.00494965	0.00220941	0.00210268	0.0337746	0.00195773	0.168171	0.0162918	0.0657806	0.00938736	0.0043009	0.00226975	0.00197845	0.00617874	0.0498216	0.0646877	0.338182	0.000298275	0.0255501
168	0.0958955	0.0210072	0.0346413	0.0465406	0.00136429	0.0361133	0.025258	0.00384738	0.224613	0.0142158	0.00776399	0.037365	0.00530008	0.0410885	0.214319	0.116522	0.057932	0.00928768	0.000389379	0.0065368
169	0.0987901	0.00187383	0.0223236	0.0314853	0.0343788	0.0113415	0.13562	0.0468417	0.0233314	0.0686533	0.0139643	0.0422932	0.00514429	0.11621	0.033556	0.0846378	0.0783543	0.0847351	0.00361755	0.0628473
170	0.00520416	0.00279714	0.00059049	0.000661235	0.023919	0.0018313	0.000492848	0.156008	0.00058012	0.623765	0.0311332	0.00210491	0.00124745	0.00115607	0.00470116	0.00156841	0.00598196	0.12929	0.000123332	0.00684396
171	0.11678	0.00664424	0.0577339	0.0457647	0.00597895	0.074527	0.0427301	0.0243182	0.0726563	0.0219794	0.00984317	0.129299	0.00031297	0.0672116	0.0736552	0.136931	0.0743656	0.0299609	0.00311819	0.00618934
172	0.196671	0.00218505	0.00904457	0.00771948	0.00314374	0.0619685	0.00522925	0.00480055	0.00562601	0.00983013	0.0205725	0.0596561	0.00983123	0.00690123	0.00660504	0.50631	0.0628767	0.0112543	0.00484925	0.00492552
173	0.227437	0.00196278	0.0112801	0.0250197	0.00217003	0.142326	0.00375041	0.00485187	0.0637176	0.00592618	0.00281441	0.0717377	0.0777982	0.107156	0.0512402	0.179726	0.0111077	0.00676745	0.00087887	0.00233144
174	0.0296693	0.00283678	0.00221015	0.00425682	0.0197389	0.00341903	0.00268205	0.184031	0.0034961	0.447508	0.0794812	0.00485514	0.00322387	0.00646576	0.0068805	0.0194531	0.0603432	0.112923	0.000714759	0.00581178
175	0.0106212	0.00836188	0.0178054	0.0238675	0.031692	0.00459236	0.00633721	0.0376631	0.0191185	0.00579419	0.0756649	0.061225	0.00197303	0.00473194	0.00563998	0.17955	0.365673	0.122309	0.000700145	0.0166803
176	0.029512	0.000670108	0.155735	0.0646519	0.00374701	0.539124	0.01488	0.00115504	0.0313623	0.00141038	0.0032355	0.0707281	0.00757211	0.0116799	0.00952825	0.0450911	0.00739966	0.00152612	0.000230068	0.000761791
177	0.0510846	0.00448626	0.00113791	0.000930727	0.0114639	0.0043036	0.00114858	0.249826	0.000507125	0.19292	0.0576866	0.00135324	0.0010366	0.00359575	0.00265315	0.0113201	0.0319015	0.372132	0.000107635	0.00040514
178	0.0436545	0.00163351	0.00234507	0.00387776	0.00971356	0.000992975	0.00095458	0.189633	0.000912906	0.373758	0.161557	0.00323738	0.000506815	0.00670217	0.00398318	0.0183249	0.0645088	0.112929	0.000249095	0.000524777
179	0.0146606	0.00675462	0.00463422	0.00140177	0.352986	0.00189551	0.0124518	0.0936201	0.00175953	0.0918312	0.0105669	0.0050945	0.00191885	0.00581511	0.00356969	0.00374707	0.00777537	0.055023	0.0356359	0.288858
180	0.00817323	0.000194431	0.000502872	0.000870938	0.00417836	0.000975365	0.000555979	0.474956	0.000723717	0.0727109	0.00240534	0.000796694	0.000615658	0.000635307	0.000783147	0.000885979	0.00133094	0.42835	0.000105884	0.000249089
181	0.0139916	0.00576845	0.000870561	0.00426435	0.112576	0.00130464	0.000914173	0.0624502	0.000909925	0.589604	0.158978	0.00133527	0.00533319	0.00397026	0.00171595	0.00866751	0.00244168	0.0241259	0.000264424	0.000513453
182	0.0362735	0.00244304	0.525854	0.0991207	0.00401523	0.0414686	0.0160501	0.00307769	0.0246958	0.00699939	0.00220705	0.0711522	0.0201588	0.0229641	0.0244162	0.0513023	0.0365321	0.00623362	0.000989841	0.00404568
183	0.0516621	0.00374957	0.159911	0.446304	0.00342469	0.0157131	0.0196034	0.0116755	0.0318388	0.0145573	0.00450936	0.0164392	0.0124747	0.0689089	0.0332796	0.0422858	0.035916	0.0200989	0.0012235	0.00642386
184	0.0698048	0.00251645	0.0216969	0.0431496	0.00503424	0.021603	0.00797457	0.0103276	0.0225036	0.0225387	0.0112454	0.00424162	0.578095	0.0330393	0.0186286	0.0710327	0.0363467	0.017134	0.000775784	0.00231104
185	0.02071	0.00176445	0.00541667	0.00530874	0.00284393	0.0150555	0.00628657	0.00888954	0.00166195	0.0175692	0.00309413	0.0110298	0.00293241	0.00752596	0.00544002	0.444125	0.433515	0.00480329	0.000228747	0.00179884
186	0.264656	0.0199952	0.00213987	0.00557991	0.00607624	0.0192075	0.00302439	0.132414	0.00428678	0.0338971	0.00421692	0.00312561	0.0130491	0.00274688	0.012018	0.131132	0.116361	0.222096	0.000597747	0.00337945
187	0.00349998	0.00181104	0.00298247	0.00292884	0.000235904	0.966043	0.00474844	0.000406873	0.00147245	0.000848131	0.000264634	0.00165521	0.000342039	0.000502547	0.00670828	0.00239019	0.00218577	0.000619495	6.23137e-05	0.000292745
188	0.0193167	0.00616651	0.00483708	0.00438927	0.0548436	0.00175959	0.00290923	0.0817196	0.00162998	0.536274	0.198947	0.00425085	0.00432675	0.00884071	0.00333832	0.00891263	0.0109079	0.0444224	0.000826734	0.00138177
189	0.0571744	0.00583256	0.030619	0.0322703	0.0204184	0.0333123	0.294915	0.0232059	0.0379964	0.0362331	0.0119562	0.0557513	0.0124677	0.0362593	0.0531974	0.130382	0.0523646	0.0300596	0.00963272	0.0359509
190	0.0658918	0.00149312	0.0199926	0.0458537	0.0031824	0.0224649	0.00610826	0.00173145	0.0223615	0.0153031	0.00832441	0.000820482	0.642284	0.0347277	0.0179636	0.0644272	0.0223701	0.00402655	0.000143314	0.000530299
