556	20
1	0.203036	0.023864	0.0162581	0.0219059	0.0316255	0.0325316	0.0017217	0.0705152	0.0163927	0.060559	0.0208571	0.0264561	0.0176853	0.00130177	0.00993521	0.219453	0.122012	0.0968089	0.000342301	0.00673813
2	0.207498	0.0193774	0.0345777	0.0450135	0.00600446	0.192162	0.0061761	0.0087922	0.0122608	0.00736457	0.00843605	0.0443413	0.00799913	0.0101216	0.0259864	0.212987	0.0734883	0.0720744	0.00212948	0.00320983
3	0.125337	0.0194118	0.0274016	0.137277	0.0169362	0.285927	0.0586114	0.00591878	0.0257918	0.0194137	0.0102429	0.0227541	0.00662923	0.0483639	0.0661154	0.0661202	0.0159294	0.0339418	0.00243629	0.00543968
4	0.0527591	0.0145678	0.00662377	0.0205356	0.0272101	0.012874	0.030774	0.0946357	0.0579986	0.223637	0.0590681	0.0338247	0.00906637	0.0479991	0.0686619	0.103444	0.0459293	0.0586765	0.00655674	0.0251578
5	0.0997255	0.0966873	0.00796732	0.00784506	0.0194182	0.0468853	0.00688894	0.0102294	0.00730569	0.0158456	0.00527391	0.0304746	0.0150163	0.00563399	0.0324083	0.498468	0.0354651	0.0523127	0.00147888	0.0046695
6	0.195878	0.0296649	0.0239795	0.0322334	0.0222823	0.0574826	0.00174306	0.0477815	0.0135078	0.0361279	0.0188304	0.0222664	0.0236637	0.00334246	0.0163571	0.249071	0.118684	0.0815928	0.000853353	0.00465865
7	0.0553405	0.00652513	0.00398955	0.0105671	0.0792386	0.00424595	0.0123751	0.149329	0.011116	0.34848	0.0387855	0.00552812	0.0242414	0.0180613	0.0111231	0.0379784	0.0337544	0.124062	0.00364806	0.0216115
8	0.0268983	0.00976492	0.402004	0.15083	0.0040924	0.0550267	0.0267519	0.0044578	0.0295017	0.0119627	0.00516398	0.120827	0.00384708	0.031233	0.0121631	0.0642771	0.0163807	0.00827452	0.000815655	0.0157265
9	0.0388566	0.00729453	0.258983	0.158007	0.00326235	0.0593733	0.0348641	0.00796513	0.0449663	0.0128414	0.00742343	0.127095	0.0113899	0.0521737	0.0265083	0.0896258	0.0307171	0.0153945	0.00135346	0.0119057
10	0.187898	0.0242648	0.0268405	0.0276843	0.0259302	0.0893457	0.00171394	0.0500994	0.0116743	0.0357622	0.015583	0.0307402	0.0141435	0.00264909	0.016586	0.230874	0.111402	0.0898795	0.000726733	0.00620202
11	0.035964	0.0120187	0.100267	0.0537949	0.0130333	0.075911	0.0685017	0.0151809	0.0641738	0.0125203	0.00597227	0.180459	0.016437	0.0444565	0.0626209	0.152664	0.050139	0.0134128	0.00201688	0.0204559
12	0.033541	0.00243751	0.00277148	0.00209765	0.0458966	0.00126493	0.00150103	0.32837	0.00110491	0.227514	0.0707723	0.00464617	0.000964888	0.00156156	0.00299567	0.00949472	0.0326995	0.22318	0.00202152	0.00516421
13	0.0313269	0.00612359	0.148233	0.456568	0.00187876	0.0241892	0.0308628	0.0047726	0.0490685	0.0155957	0.0111027	0.043737	0.00419572	0.0808383	0.0282794	0.0364186	0.00865899	0.0120009	0.00185248	0.00429713
14	0.0202521	0.000626078	0.134937	0.647914	0.000715298	0.022122	0.00928955	0.00400885	0.0282755	0.00429752	0.00602226	0.00863957	0.00550476	0.0641436	0.00743332	0.0127917	0.00870602	0.0119184	0.00118655	0.00121652
15	0.6809	0.00282514	0.000674383	0.00238646	0.00144109	0.0345516	0.000607717	0.0226767	0.00141291	0.0171004	0.00552613	0.00147008	0.00137128	0.000575321	0.00224546	0.082146	0.0569932	0.079513	0.00202276	0.00356046
16	0.0852082	0.00960079	0.0868912	0.301791	0.00739726	0.04234	0.0191902	0.0219671	0.0380508	0.0218378	0.0107265	0.0361756	0.0483975	0.0456831	0.022654	0.114031	0.0484999	0.0300538	0.00165523	0.00784906
17	0.167775	0.0327295	0.0205258	0.0226189	0.041748	0.0253436	0.00414443	0.0673519	0.0190107	0.0775955	0.0195846	0.0305249	0.00935753	0.00300815	0.0115156	0.242475	0.108862	0.0835603	0.000858578	0.0114104
18	0.171745	0.0206689	0.0430576	0.0502525	0.0166023	0.0571996	0.00465479	0.0479576	0.0253568	0.0282637	0.0168941	0.0279704	0.0358928	0.00865054	0.0171763	0.239765	0.118778	0.0616875	0.00100079	0.0064268
19	0.0143288	0.00937771	0.00438518	0.00563598	0.0512799	0.0031917	0.0397789	0.0432445	0.0082497	0.635442	0.0364953	0.0110857	0.00495515	0.0140168	0.0164996	0.0313105	0.0106225	0.0357849	0.0041711	0.0201443
20	0.0117777	0.00165861	0.0104297	0.0364863	0.00106941	0.0265854	0.00932481	0.0258178	0.319343	0.0147052	0.0203451	0.0361251	0.0062365	0.0558506	0.339991	0.0388386	0.0302451	0.00818564	0.000812772	0.00617179
21	0.0194895	0.00157325	0.158682	0.612013	0.000918431	0.0260606	0.0107753	0.00316417	0.0281687	0.00463428	0.00584042	0.0176596	0.00444266	0.0613023	0.00883454	0.0144875	0.00776963	0.0106171	0.00135015	0.00221745
22	0.343881	0.0175434	0.0187033	0.026888	0.00751514	0.121391	0.00157369	0.0183151	0.007756	0.0144153	0.0102701	0.0234465	0.00792006	0.00288194	0.0177627	0.188496	0.0921113	0.0741856	0.0014876	0.00345545
23	0.0501861	0.00640973	0.00371747	0.00774045	0.0835457	0.0100363	0.00666472	0.161909	0.00578878	0.36225	0.0447787	0.00565587	0.00699946	0.00739051	0.00748133	0.0447211	0.0330714	0.128946	0.00503678	0.0176708
24	0.163719	0.0340225	0.015014	0.0162736	0.048988	0.0233729	0.0121949	0.0763041	0.0158545	0.0615822	0.0188592	0.0341754	0.00803322	0.0024981	0.00847311	0.229736	0.115647	0.0870644	0.000762516	0.0274255
25	0.00556836	0.00120644	0.000642038	0.000980479	0.0404034	0.000759777	0.0043066	0.06414	0.00167386	0.7666	0.0427179	0.00122072	0.0021344	0.00194855	0.00233716	0.00668979	0.00656766	0.0451509	0.00312975	0.00182201
26	0.0297832	0.0108965	0.170323	0.0672551	0.0115619	0.0560407	0.0492146	0.0121836	0.039656	0.0152424	0.00687453	0.255594	0.00973963	0.0299386	0.0301157	0.132124	0.0405227	0.0120457	0.00176818	0.0191198
27	0.0358813	0.0630448	0.0418127	0.0106041	0.0719806	0.0162738	0.109093	0.0254522	0.0142082	0.0595018	0.0105526	0.106378	0.00477844	0.0113805	0.0192108	0.139029	0.0212278	0.0120933	0.00208846	0.225409
28	0.018772	0.000624703	0.13713	0.658083	0.000590981	0.0220025	0.0087839	0.00317906	0.0280058	0.00391176	0.00588229	0.00731557	0.00437113	0.0642081	0.00718203	0.00959813	0.0071536	0.0109102	0.00123245	0.00106279
29	0.738288	0.0028861	0.000537011	0.00232908	0.000820255	0.041888	0.000463089	0.00529385	0.000749008	0.00856576	0.00573033	0.00150939	0.000761599	0.000429891	0.00192519	0.0958503	0.0451813	0.0429331	0.00103338	0.00282584
30	0.027892	0.0138591	0.02045	0.0396648	0.00956377	0.043548	0.0315402	0.0260011	0.200406	0.0313109	0.0211194	0.0549148	0.00703095	0.0667779	0.259636	0.0816094	0.0308174	0.0174873	0.00472882	0.0116414
31	0.735432	0.00288952	0.000499465	0.00239512	0.000980107	0.0418622	0.00120724	0.00521955	0.00126835	0.00940572	0.00616897	0.0017023	0.00083889	0.000716936	0.00275426	0.0973357	0.0446634	0.0410937	0.0010468	0.0025196
32	0.0032082	0.000860322	0.000377288	0.000616401	0.0435328	0.000580612	0.00482316	0.0420443	0.000425934	0.814829	0.0366402	0.000542067	0.00182457	0.00100922	0.00135465	0.00587577	0.00358588	0.0326971	0.00351614	0.00165627
33	0.00300338	0.00079015	0.000422992	0.000514775	0.0412045	0.000600959	0.0046993	0.0460636	0.000461787	0.810671	0.0382973	0.000580515	0.00176324	0.00101748	0.00140764	0.00553765	0.00390679	0.0343593	0.0032227	0.00147502
34	0.0542329	0.0149031	0.0400138	0.0188047	0.00205012	0.684901	0.0028981	0.00242317	0.00625485	0.00836833	0.00339169	0.0243139	0.00536577	0.00458225	0.0262006	0.0736874	0.00688331	0.0156375	0.000813271	0.00427432
35	0.0089204	0.0013078	0.00594975	0.0291964	0.00131236	0.0131528	0.00549317	0.0148759	0.474882	0.0101665	0.0143283	0.0296009	0.00283621	0.0305491	0.30247	0.0250132	0.0191051	0.00559458	0.000632349	0.0046128
36	0.0351841	0.00488944	0.0085732	0.00658113	0.0616661	0.00273855	0.00828751	0.23152	0.00646728	0.316694	0.0621937	0.00574234	0.00440908	0.00678411	0.006473	0.0206523	0.0280725	0.161691	0.00382948	0.0175514
37	0.0267745	0.00328109	0.119201	0.563768	0.0061342	0.0235114	0.0119518	0.0186605	0.0367036	0.0195736	0.011379	0.0130964	0.00604683	0.0615026	0.0137845	0.0228292	0.0150753	0.0212675	0.00198225	0.00347691
38	0.00463758	0.0130596	0.00223759	0.00192898	0.356484	0.00181038	0.0499691	0.00324379	0.00190924	0.130863	0.0114411	0.00411449	0.00613878	0.00154446	0.00257446	0.0113834	0.00778827	0.00824718	0.00749981	0.373124
39	0.0174662	0.0151512	0.0531314	0.0908426	0.0256695	0.0195238	0.0718775	0.0101769	0.101187	0.0445922	0.0151702	0.0403024	0.00715758	0.323107	0.0851235	0.038531	0.0124486	0.00914121	0.00499223	0.0144084
40	0.00974812	0.00211916	0.00991001	0.0413097	0.00121516	0.0238081	0.0115152	0.0229478	0.335201	0.0140417	0.0205622	0.0409649	0.00362702	0.0667131	0.310749	0.039711	0.0301067	0.007215	0.000983254	0.00755239
41	0.0591024	0.0126494	0.058733	0.157524	0.00415602	0.447366	0.0149465	0.00620806	0.0206388	0.0107244	0.0073342	0.0237057	0.00557361	0.0246072	0.0322941	0.0668881	0.0145555	0.0282839	0.00108993	0.00361905
42	0.032335	0.01496	0.12499	0.0718536	0.013624	0.0575363	0.0695634	0.0139286	0.0780548	0.0178797	0.00820519	0.184967	0.00907833	0.0517944	0.0739969	0.112703	0.0296202	0.0125589	0.00216159	0.0201885
43	0.0423493	0.00545048	0.00285989	0.00574574	0.116142	0.00287212	0.00377563	0.213259	0.00182386	0.279376	0.0504168	0.00449489	0.00366574	0.00580237	0.00290232	0.024698	0.028678	0.170683	0.00775027	0.0272554
44	0.0186968	0.000566092	0.133888	0.661993	0.000574365	0.0214744	0.00873179	0.00311824	0.0281473	0.00408413	0.00594133	0.00650029	0.00427083	0.065448	0.0071086	0.00921516	0.00695516	0.011036	0.00124102	0.00100998
45	0.24259	0.0194471	0.0266822	0.0387813	0.0052909	0.218451	0.00294818	0.00802437	0.00549846	0.0076799	0.00803393	0.035033	0.00555774	0.00478765	0.018891	0.204227	0.0723095	0.0711529	0.00206352	0.00255051
46	0.730692	0.00295032	0.000770431	0.00274122	0.000842757	0.0427453	0.000439453	0.00602006	0.000870724	0.00872356	0.00581854	0.00189504	0.00119907	0.000434625	0.00215189	0.0979498	0.0461729	0.0442619	0.000942235	0.00237867
47	0.00548327	0.00128516	0.000563614	0.000886222	0.0467817	0.000636238	0.00508653	0.0504732	0.000598993	0.78758	0.0374366	0.000598092	0.0021692	0.00142008	0.00137522	0.00662442	0.00480248	0.039666	0.00344913	0.00308342
48	0.0118185	0.0251838	0.0166101	0.0714539	0.0216906	0.0147826	0.121884	0.00820049	0.110135	0.0614111	0.0117908	0.032683	0.0036329	0.247531	0.162728	0.0316133	0.009584	0.00857608	0.00631751	0.022373
49	0.0344269	0.00204507	0.00270983	0.00179725	0.0331143	0.00130634	0.00164652	0.33908	0.00175309	0.213852	0.0712756	0.00560951	0.0009664	0.00125283	0.00382477	0.0100462	0.0351094	0.236237	0.00141419	0.00253267
50	0.00815846	0.0113088	0.00187764	0.00234351	0.373818	0.00188837	0.0431731	0.0176798	0.00174295	0.207845	0.0215423	0.00274468	0.00662903	0.0022737	0.00371699	0.0144225	0.0093124	0.0195569	0.00610524	0.243861
51	0.0198236	0.00120994	0.14275	0.621567	0.000741161	0.021967	0.0124437	0.00353245	0.033203	0.00608491	0.00672823	0.0132762	0.00381016	0.0683586	0.0102949	0.0132643	0.00716607	0.0108343	0.00157739	0.00136688
52	0.0270239	0.015374	0.0429252	0.0150001	0.00199765	0.715686	0.00352803	0.0018476	0.00885073	0.0070279	0.00203457	0.0266981	0.00554859	0.00426486	0.0333001	0.0684597	0.00288693	0.0125748	0.000695824	0.00427591
53	0.0430941	0.0033491	0.0034075	0.00428662	0.0317322	0.00449543	0.00308987	0.317869	0.00881671	0.194229	0.072889	0.00889826	0.00242389	0.00381412	0.011248	0.0204045	0.0453532	0.214846	0.0017597	0.00399381
54	0.0292388	0.0102907	0.253859	0.112568	0.00790343	0.0521483	0.0561324	0.00873969	0.0487968	0.0151446	0.0069976	0.152964	0.0081654	0.0573837	0.0413984	0.0851224	0.0262396	0.0104419	0.00187168	0.0145927
55	0.033829	0.00184758	0.00261927	0.00161556	0.0347995	0.00103229	0.00105927	0.348162	0.00103832	0.208254	0.0701414	0.00522852	0.000773711	0.000748005	0.00280595	0.00808149	0.0346015	0.239431	0.00122423	0.00270797
56	0.078701	0.011879	0.0957036	0.0846008	0.0039238	0.105336	0.0448978	0.0089479	0.0878971	0.0103784	0.00664257	0.0870323	0.0327012	0.058715	0.0847563	0.127227	0.0332501	0.0243627	0.00310632	0.00994147
57	0.23497	0.0211796	0.0253597	0.0383316	0.00620719	0.185759	0.00165905	0.0100916	0.0046842	0.00872595	0.00865976	0.0374199	0.00691456	0.00367739	0.0167502	0.22463	0.0833469	0.0772248	0.0019815	0.00242629
58	0.0435575	0.00519357	0.00355358	0.00741069	0.0754645	0.00305029	0.00520911	0.230676	0.00287538	0.323254	0.048577	0.00357109	0.00510483	0.00587709	0.00370288	0.0217834	0.0285236	0.166772	0.00364562	0.0121986
59	0.149775	0.0110853	0.00577936	0.0158045	0.0257742	0.026812	0.0014475	0.149443	0.0170777	0.0818081	0.0524274	0.0156877	0.0185066	0.0010837	0.0202423	0.13635	0.131531	0.135014	0.00129485	0.00305577
60	0.0979675	0.0104334	0.0551657	0.0841535	0.0110895	0.0380809	0.00897402	0.0533773	0.0526281	0.028601	0.0225068	0.0240175	0.0905089	0.037812	0.0314821	0.180851	0.106715	0.0580422	0.00142929	0.00616407
61	0.00995217	0.00185961	0.00853807	0.0368305	0.00118706	0.0232347	0.00860751	0.0250602	0.334892	0.0195951	0.0259994	0.0391251	0.0035788	0.058941	0.312693	0.0395363	0.0340696	0.00924473	0.000848307	0.00620697
62	0.030177	0.00174225	0.00270234	0.00145042	0.0333037	0.00102543	0.00124007	0.354709	0.000971591	0.214606	0.0781687	0.00531316	0.000713576	0.000633156	0.00341411	0.0069278	0.0322585	0.226926	0.0015058	0.00221169
63	0.0414678	0.0139747	0.00510411	0.0155635	0.035184	0.00427723	0.0203231	0.12719	0.0638996	0.253892	0.0870219	0.0217016	0.0103262	0.0461803	0.0605216	0.0538057	0.0457255	0.0722426	0.00758595	0.0140125
64	0.0312106	0.0155018	0.0254702	0.0329583	0.0252547	0.0187841	0.199954	0.0202852	0.0263526	0.0544077	0.011436	0.118669	0.0361886	0.10663	0.066451	0.0908549	0.0412012	0.0186338	0.0017037	0.0580526
65	0.217855	0.0201589	0.0296299	0.0451791	0.0127664	0.0554242	0.00293658	0.035127	0.00991282	0.0224895	0.0130848	0.0208996	0.0356996	0.00492863	0.0127942	0.270559	0.128428	0.0559441	0.00165198	0.00453135
66	0.44192	0.00518846	0.00222863	0.00632033	0.00994285	0.0224138	0.00117346	0.101181	0.00458711	0.0448278	0.0133254	0.0053191	0.00728432	0.000900925	0.00481701	0.083845	0.0798308	0.159091	0.00196954	0.00383252
67	0.0243078	0.0122872	0.00971086	0.00674552	0.0050553	0.053591	0.0123215	0.0307129	0.012233	0.0220792	0.00516443	0.0548249	0.0038509	0.00378102	0.00576765	0.572671	0.139992	0.00671036	0.00163473	0.0165588
68	0.0222312	0.00262258	0.00173896	0.00423599	0.0501413	0.00219037	0.00709082	0.0869336	0.00469671	0.64241	0.0392634	0.00193647	0.012131	0.00537894	0.00505075	0.0178064	0.0164476	0.0684952	0.00292992	0.00626842
69	0.0444589	0.00580595	0.00338496	0.00859175	0.0401967	0.00332796	0.020049	0.177057	0.0155804	0.339822	0.0500559	0.00696573	0.00613845	0.0130028	0.0152611	0.0264807	0.0479246	0.159547	0.00278253	0.0135668
70	0.027171	0.00270956	0.00263722	0.00258529	0.0508111	0.0015337	0.00290459	0.254975	0.00154565	0.36729	0.065708	0.00338681	0.00196188	0.00280045	0.00291183	0.0106049	0.0257693	0.16541	0.00216412	0.00511913
71	0.0182605	0.00144503	0.157728	0.636208	0.000888859	0.0213302	0.00921247	0.00312124	0.0268923	0.00417428	0.00574833	0.0117288	0.00406618	0.0622962	0.00692066	0.00980791	0.00668851	0.0103238	0.00116975	0.00198914
72	0.665671	0.00542285	0.00294865	0.00575351	0.0017018	0.0507893	0.000785889	0.012942	0.00315814	0.0122317	0.00557136	0.00405338	0.00201304	0.00122698	0.00444802	0.100975	0.0576273	0.0577358	0.00154617	0.00339904
73	0.0460497	0.00194534	0.002213	0.00159756	0.0254875	0.000801537	0.000878432	0.346917	0.00164998	0.165075	0.0543802	0.00621556	0.000399164	0.000422862	0.00198744	0.0120162	0.0428337	0.286989	0.000713088	0.00142842
74	0.00465588	0.0133011	0.00192117	0.00195281	0.359645	0.00176416	0.0567335	0.00450529	0.00204914	0.150315	0.0137735	0.00487905	0.00643726	0.00271341	0.0050348	0.0119646	0.00798014	0.0098598	0.00690009	0.333614
75	0.0028594	0.00113362	0.000437874	0.000685719	0.0464391	0.000570592	0.00522734	0.0403743	0.000652376	0.812476	0.0363598	0.000761231	0.0019573	0.000898218	0.00137305	0.00599286	0.00353729	0.0310972	0.00343334	0.00373381
76	0.0143918	0.00340788	0.0139776	0.0481719	0.00303596	0.0145005	0.00933412	0.0151275	0.489528	0.0154493	0.0147159	0.029468	0.00775554	0.0429345	0.215178	0.029678	0.018778	0.00798155	0.00153783	0.00504766
77	0.743717	0.00269732	0.000420389	0.00229517	0.000439432	0.0424736	0.000354081	0.00404607	0.000679469	0.00759298	0.00583696	0.00143903	0.000750927	0.000316357	0.00193025	0.0985943	0.0441098	0.0392966	0.000852354	0.00215816
78	0.0230268	0.0115442	0.00493072	0.0175878	0.0070815	0.0117247	0.00825509	0.0662528	0.254773	0.0842665	0.0715137	0.0298417	0.0035036	0.0514091	0.220527	0.0345665	0.0525511	0.0324472	0.00931211	0.00488542
79	0.0753679	0.414486	0.00497522	0.00503936	0.0145176	0.0267353	0.00755077	0.00705256	0.00525481	0.0111146	0.010624	0.0142304	0.00387533	0.00378802	0.00919293	0.308463	0.0340346	0.0244918	0.00144477	0.0177609
80	0.00470225	0.00192838	0.000854517	0.00133652	0.0722507	0.00110238	0.00806867	0.0408313	0.000870169	0.757643	0.0358551	0.000928109	0.00213957	0.00163671	0.00209794	0.00991823	0.00460417	0.0317777	0.00404596	0.0174091
81	0.0197353	0.0181081	0.0514967	0.118449	0.0101769	0.0281449	0.076739	0.00742258	0.130985	0.0281878	0.0129975	0.0498389	0.00323804	0.247659	0.121322	0.0417085	0.00989163	0.00646374	0.0057759	0.01166
82	0.0933818	0.0122138	0.0813479	0.104139	0.00640954	0.143878	0.0512282	0.0115306	0.0798412	0.0193082	0.0168092	0.0571118	0.0198853	0.0479378	0.0806242	0.101637	0.0319432	0.0297692	0.00286117	0.00814283
83	0.00360238	0.000884727	0.000474922	0.000542575	0.0413746	0.000608704	0.00439878	0.0497745	0.000505305	0.80182	0.0390211	0.000642641	0.00180469	0.001091	0.00143572	0.00567788	0.00433172	0.0374367	0.00310501	0.00146723
84	0.0795614	0.0126111	0.0809693	0.10416	0.00515536	0.236169	0.032355	0.00993651	0.0650673	0.0165292	0.0101895	0.0610829	0.017848	0.0565934	0.0529933	0.100605	0.0245031	0.0238166	0.00168903	0.00816533
85	0.0117426	0.0119319	0.0169825	0.0695281	0.00655064	0.0216708	0.0511445	0.0119707	0.206152	0.0227898	0.0134522	0.0378389	0.00198832	0.20168	0.24572	0.034714	0.0151073	0.0056134	0.00457603	0.00884498
86	0.0133512	0.0132422	0.521108	0.215675	0.00466175	0.0253929	0.0123288	0.00177124	0.00880656	0.00373575	0.00170814	0.101352	0.000908789	0.0259332	0.00522432	0.0221452	0.00503672	0.0039129	0.00102197	0.0126832
87	0.734934	0.00295385	0.000655072	0.00262842	0.000620707	0.0427287	0.000448255	0.0053429	0.000924473	0.00886533	0.0058543	0.00161773	0.000903369	0.000414364	0.0021137	0.0984722	0.0454372	0.0418107	0.000912229	0.00236261
88	0.441523	0.0119457	0.0125983	0.0205948	0.0108907	0.0406684	0.00431797	0.0354255	0.0101671	0.0305935	0.0113202	0.0120994	0.0272478	0.00440622	0.00996375	0.148286	0.0952999	0.0660674	0.0014976	0.00508608
89	0.00709455	0.0176607	0.0242516	0.106665	0.0112098	0.0168424	0.071265	0.0077831	0.157115	0.0295752	0.0124541	0.0338338	0.000340265	0.30257	0.142241	0.0272396	0.00817185	0.0045718	0.0074503	0.0116654
90	0.0220337	0.00145699	0.145951	0.554508	0.00153159	0.0274502	0.0142916	0.00528655	0.0322416	0.00705987	0.00698486	0.0272635	0.00801703	0.0686098	0.0118431	0.0283832	0.0181472	0.0151331	0.00130816	0.00249814
91	0.0168528	0.709119	0.00522681	0.00727418	0.0218383	0.00582533	0.00637428	0.00905064	0.0090382	0.0140293	0.0237711	0.00736469	0.00315561	0.00599061	0.0102699	0.0899332	0.00992	0.00903346	0.00321445	0.0327176
92	0.0100925	0.00118624	0.00852496	0.0358396	0.000888033	0.0249344	0.00874959	0.023122	0.338383	0.0146548	0.0221613	0.0423784	0.00385469	0.0544907	0.322576	0.0402718	0.0328209	0.00797846	0.000550937	0.00654195
93	0.0891626	0.00607716	0.00760833	0.00898674	0.0229624	0.0292745	0.00223487	0.175096	0.0186167	0.0949086	0.0965086	0.0332361	0.00627904	0.00178566	0.0338437	0.092725	0.158613	0.114816	0.00416415	0.00310102
94	0.0401127	0.00182227	0.00246359	0.00152621	0.0291222	0.000857566	0.000918657	0.350071	0.00132228	0.183481	0.0607799	0.0056866	0.000431571	0.000497822	0.00222176	0.00952083	0.0380169	0.268722	0.000779903	0.00164591
95	0.037901	0.00210633	0.0025724	0.002322	0.0374824	0.00146696	0.0032207	0.288912	0.00144282	0.285265	0.0542962	0.00471939	0.0018978	0.00156123	0.00253677	0.0123632	0.0338791	0.220539	0.00161648	0.00389975
96	0.0141946	0.0129378	0.525783	0.172404	0.00463135	0.0314422	0.015038	0.00226338	0.009929	0.00480261	0.0021327	0.115979	0.00129289	0.0246463	0.00652237	0.0291719	0.00755229	0.0047904	0.0010896	0.0133975
97	0.111445	0.00674466	0.00294455	0.00680281	0.016494	0.0138292	0.00143121	0.23009	0.00989686	0.0761813	0.0553021	0.0165659	0.00705315	0.000823725	0.0128342	0.0886541	0.126238	0.212893	0.0016683	0.00210708
98	0.033323	0.00170722	0.00261844	0.00141407	0.0313493	0.000921368	0.00116035	0.354509	0.00102299	0.203493	0.0706267	0.00536162	0.000499385	0.0005093	0.00286822	0.00731306	0.0340574	0.244483	0.000969377	0.0017931
99	0.0177733	0.00259818	0.198254	0.580182	0.00108045	0.0255105	0.0106634	0.00290892	0.0247564	0.0039217	0.0050704	0.0241602	0.00379955	0.0579505	0.00705159	0.0131799	0.00724763	0.00961923	0.0011849	0.00308686
100	0.181735	0.0230854	0.0226442	0.0345341	0.00862963	0.0726755	0.0080534	0.0189329	0.0249461	0.0337583	0.00710165	0.0285326	0.0105913	0.00771272	0.0323588	0.336367	0.102525	0.0366778	0.00280086	0.00633748
101	0.13437	0.00742646	0.00422826	0.0101225	0.0192413	0.018654	0.00198919	0.196709	0.0132997	0.086708	0.0628341	0.0153563	0.0109137	0.00209634	0.0169259	0.0992981	0.116661	0.178149	0.00223578	0.00278207
102	0.0424454	0.00645986	0.00279102	0.00664392	0.138072	0.0034796	0.00502812	0.172517	0.00179674	0.315487	0.0438209	0.00401908	0.00457199	0.00706332	0.00290406	0.0297384	0.0252821	0.144707	0.010445	0.0327273
103	0.0374964	0.00179348	0.0119195	0.011858	0.00782035	0.0124597	0.0418225	0.00744438	0.0106322	0.0465892	0.00196457	0.00411684	0.651889	0.0197952	0.023679	0.0615805	0.0239461	0.0125674	0.000594541	0.0100316
104	0.0722709	0.0178268	0.141443	0.165978	0.00635644	0.0334309	0.0704137	0.00842173	0.0647982	0.0387746	0.0223585	0.0982293	0.0124201	0.0684946	0.0362778	0.0976171	0.014891	0.0117428	0.000845617	0.0174088
105	0.0277558	0.0152671	0.050164	0.0227659	0.00260766	0.702835	0.0034099	0.00222631	0.00715914	0.00834139	0.00266833	0.0274676	0.00559122	0.0043774	0.0263896	0.0691263	0.00357892	0.0130171	0.000599179	0.00465173
106	0.0604656	0.00541867	0.00267188	0.00609657	0.0205589	0.0120658	0.00593608	0.232194	0.0255738	0.170524	0.112148	0.0193213	0.00670201	0.0121561	0.0329899	0.0543787	0.0881578	0.119604	0.00776454	0.00527186
107	0.0370109	0.00175777	0.0112421	0.0119771	0.00795586	0.0119183	0.0424755	0.00746522	0.010082	0.0468236	0.00188821	0.00425561	0.654232	0.0191896	0.0240014	0.0617644	0.0230506	0.0126848	0.00057785	0.00964723
108	0.0193457	0.00668898	0.416958	0.15096	0.0023056	0.0565299	0.0277439	0.00345784	0.0187433	0.00568054	0.00351344	0.132443	0.00356462	0.0355183	0.013705	0.057901	0.0213179	0.01031	0.00102992	0.0122828
109	0.0101639	0.00137385	0.00617162	0.0314494	0.00121832	0.0131231	0.00550944	0.0149238	0.513226	0.0107246	0.0144427	0.0322345	0.00249781	0.0305192	0.25667	0.0257075	0.0190034	0.00571528	0.00069974	0.00462596
110	0.00923911	0.0014596	0.00120167	0.0013573	0.0425168	0.000967	0.0045456	0.0868247	0.00255806	0.708714	0.0455631	0.00219746	0.00246477	0.00235041	0.00321656	0.00832987	0.0103533	0.0601166	0.00291267	0.00311189
111	0.045501	0.0146099	0.0133371	0.0351902	0.0247196	0.0096612	0.025119	0.0965737	0.0976858	0.18929	0.0749726	0.0296213	0.00937486	0.0844962	0.0776944	0.0553222	0.0411572	0.0556764	0.00827475	0.0117227
112	0.0184662	0.000526226	0.135621	0.66215	0.000576976	0.0216489	0.00878944	0.00312205	0.0279969	0.00395786	0.00607645	0.00641089	0.00419751	0.0645995	0.00703277	0.00879971	0.00689253	0.0108942	0.0012435	0.000997281
113	0.0329538	0.00179754	0.00254874	0.00159168	0.0310106	0.00217563	0.0012242	0.353901	0.0020319	0.203288	0.0815589	0.00627371	0.00099683	0.000721657	0.0047741	0.0106692	0.0393963	0.2197	0.00151114	0.00187467
114	0.0391358	0.00451885	0.00322308	0.00472732	0.0892838	0.00258391	0.0048153	0.234496	0.00140362	0.293895	0.0494922	0.0038838	0.00380904	0.00480013	0.00256595	0.0208886	0.026716	0.183908	0.00530883	0.0205441
115	0.017513	0.0258136	0.0331758	0.0162235	0.0199459	0.0752935	0.10102	0.0193663	0.0753131	0.00978666	0.00627872	0.194612	0.00155302	0.0298306	0.152738	0.154712	0.0311157	0.0127245	0.00253983	0.0204436
116	0.0181026	0.0213959	0.0308021	0.0481907	0.0148743	0.0540412	0.081967	0.0186172	0.132903	0.0145877	0.00781347	0.12458	0.00146607	0.113081	0.172829	0.0951323	0.0207043	0.0110861	0.004182	0.0136444
117	0.651173	0.00576468	0.00308353	0.00690375	0.0042982	0.0431861	0.000603086	0.013192	0.002978	0.0152145	0.00957093	0.0052163	0.00317937	0.000749577	0.00315636	0.121598	0.0557697	0.0506791	0.000999186	0.00268489
118	0.0582033	0.00543786	0.00393861	0.00780199	0.060262	0.00505158	0.00700866	0.205616	0.00684945	0.299359	0.0445937	0.00563055	0.00796953	0.0079381	0.00847645	0.0389778	0.0412183	0.169559	0.00334042	0.0127671
119	0.0291491	0.00412857	0.108081	0.493445	0.00377125	0.0267489	0.0146402	0.0180865	0.0647497	0.0201478	0.0141659	0.0175194	0.00789967	0.0672703	0.0364181	0.0311268	0.0185175	0.0191894	0.00178485	0.00316017
120	0.0180977	0.0208164	0.00475695	0.00443161	0.287781	0.00315103	0.0447657	0.0350151	0.00284208	0.234232	0.0323513	0.00954856	0.00662149	0.00634814	0.00883668	0.0364962	0.0127583	0.0297398	0.00631421	0.195096
121	0.00393128	0.0048184	0.00115056	0.00109028	0.154501	0.00125996	0.0255064	0.0271314	0.00106421	0.617191	0.0291105	0.00251542	0.00345162	0.00204896	0.003694	0.00874369	0.00530398	0.0231926	0.00468556	0.0796086
122	0.0371988	0.00172267	0.0113279	0.012024	0.00788087	0.0119783	0.0415205	0.00757363	0.0100686	0.0468787	0.00185052	0.00403495	0.655836	0.0188577	0.0236761	0.0615636	0.0231908	0.0127873	0.000577354	0.00945141
123	0.0709818	0.0136725	0.130545	0.164819	0.00555468	0.0537386	0.0456406	0.0084504	0.0788042	0.0287852	0.0145054	0.101354	0.0154256	0.0720496	0.0390521	0.106748	0.0219008	0.0140686	0.00133224	0.0125712
124	0.0280478	0.00472925	0.00282442	0.00475395	0.0651395	0.00255724	0.0073197	0.120835	0.00408691	0.559813	0.0415227	0.00310427	0.0042871	0.00616685	0.0046311	0.0190902	0.0178913	0.0894024	0.0035782	0.0102199
125	0.00562087	0.0431027	0.00253525	0.00283941	0.145763	0.00270544	0.0153193	0.00379113	0.00282689	0.0833896	0.00629549	0.00411776	0.00281235	0.00870484	0.0280328	0.0170283	0.0122769	0.00596293	0.510895	0.0959803
126	0.0472464	0.0132872	0.00674938	0.014046	0.0147481	0.0108931	0.0111352	0.125289	0.147182	0.133063	0.0977284	0.0245896	0.00584675	0.0399025	0.109016	0.0467419	0.07615	0.059908	0.00986484	0.0066122
127	0.00709455	0.0176607	0.0242516	0.106665	0.0112098	0.0168424	0.071265	0.0077831	0.157115	0.0295752	0.0124541	0.0338338	0.000340265	0.30257	0.142241	0.0272396	0.00817185	0.0045718	0.0074503	0.0116654
128	0.521681	0.0102979	0.00838658	0.0186264	0.00734967	0.0555071	0.00115531	0.0182865	0.00615881	0.0218531	0.0119124	0.0106425	0.00605251	0.0011358	0.00735313	0.161232	0.0754942	0.0524268	0.00137389	0.00307363
129	0.0210284	0.0299239	0.286162	0.0794279	0.00497821	0.366627	0.0113894	0.00333204	0.0101167	0.00929142	0.0036138	0.0635762	0.00381053	0.0137584	0.0169337	0.0480963	0.00798049	0.00939474	0.00110044	0.00945812
130	0.0917874	0.12114	0.0609406	0.00714891	0.103875	0.00943306	0.0775058	0.0109998	0.00778564	0.0946579	0.0136955	0.0734626	0.00330363	0.00918684	0.0328865	0.13111	0.00968756	0.00982318	0.00264932	0.128921
131	0.0485336	0.0125252	0.0976826	0.0904887	0.0202596	0.0228627	0.168166	0.0114545	0.0418171	0.047076	0.0154458	0.086724	0.0370098	0.0995573	0.0465924	0.0910113	0.0201945	0.0120291	0.00142774	0.0291425
132	0.0184528	0.000838765	0.138429	0.652027	0.000677979	0.0211699	0.0093229	0.0032369	0.0300567	0.004294	0.00597068	0.00859241	0.00406024	0.0652597	0.00829658	0.00936452	0.00688637	0.0107364	0.00134366	0.000983774
133	0.697287	0.0027306	0.00070679	0.00197543	0.000781497	0.0355675	0.000647735	0.0156001	0.00126943	0.0149912	0.0045597	0.00140062	0.000992326	0.000611168	0.00200205	0.0803698	0.0574856	0.0744056	0.00250448	0.00411091
134	0.0332564	0.00165531	0.00260937	0.00142019	0.0305362	0.00087057	0.00104334	0.35622	0.0010612	0.202317	0.0709831	0.00538494	0.000491415	0.000463864	0.00286696	0.00715074	0.0340397	0.244981	0.000982552	0.00166576
135	0.172119	0.0153536	0.00961195	0.0202809	0.0315832	0.0235511	0.00152137	0.106755	0.0146789	0.0808619	0.0313695	0.0171311	0.0275765	0.00109382	0.0126825	0.174732	0.128197	0.12583	0.000691075	0.00437981
136	0.602329	0.00879807	0.00546518	0.0126787	0.00221736	0.0511401	0.00139938	0.00620414	0.00307506	0.011677	0.00651852	0.00670925	0.0043184	0.00129637	0.00575466	0.163668	0.0633572	0.0396703	0.00124834	0.00247486
137	0.00656536	0.0229714	0.00417569	0.0022395	0.321236	0.0025222	0.0518159	0.00584808	0.00283133	0.123332	0.0128255	0.0100619	0.00530943	0.00200928	0.00312405	0.0196788	0.00815236	0.0096367	0.00693218	0.378733
138	0.0240156	0.018759	0.0216746	0.0442206	0.0181656	0.0417145	0.0898245	0.015436	0.120119	0.0418604	0.0128694	0.0672708	0.0109415	0.113987	0.235326	0.0645703	0.0200091	0.0156265	0.00380902	0.0198006
139	0.00763167	0.0173524	0.0211871	0.0929893	0.00982597	0.0181381	0.0682771	0.00752282	0.154159	0.0288336	0.0112184	0.0335251	0.000655342	0.286563	0.185318	0.0274397	0.00810619	0.00446829	0.00650087	0.010289
140	0.73547	0.00294209	0.00074314	0.00273966	0.000546251	0.0446639	0.000403563	0.00442756	0.000724242	0.00780239	0.00577089	0.00192552	0.0010365	0.000393571	0.00213332	0.0998735	0.0447782	0.0405532	0.000899402	0.00217319
141	0.0026728	0.000817028	0.000404532	0.000482704	0.0414986	0.000552383	0.00478007	0.0430237	0.000502442	0.816726	0.0373807	0.000575337	0.00176301	0.00103109	0.00143853	0.00542784	0.00364922	0.0326459	0.00333131	0.00129718
142	0.0723126	0.0058247	0.00260711	0.00813905	0.0236476	0.0120193	0.00707156	0.212066	0.0234042	0.183713	0.0850788	0.014777	0.00809881	0.0121558	0.0312344	0.063013	0.0815127	0.143107	0.00452147	0.00569629
143	0.0185031	0.025877	0.0300946	0.015065	0.0201675	0.0761755	0.100943	0.0190232	0.0821491	0.00941727	0.00687071	0.187668	0.00109241	0.0283646	0.167042	0.148496	0.0283964	0.0140288	0.00253485	0.0180911
144	0.0526017	0.0180186	0.0138062	0.0373197	0.022664	0.00361584	0.202105	0.0179257	0.0115729	0.0644532	0.0124939	0.0803538	0.0798461	0.126028	0.046758	0.0950047	0.0343972	0.0177999	0.00091852	0.0623171
145	0.0064612	0.0495458	0.00401275	0.00514848	0.0667448	0.00445261	0.00475846	0.00522488	0.00613942	0.0537911	0.00434644	0.00663005	0.00213851	0.0150377	0.0445486	0.0197874	0.0161086	0.00594625	0.653034	0.0261428
146	0.0603902	0.0207353	0.113853	0.109913	0.0132938	0.0778478	0.037323	0.0147835	0.101516	0.0258797	0.0128208	0.114255	0.0150518	0.0373159	0.0444367	0.133805	0.0349406	0.0134661	0.00140711	0.0169658
147	0.0183811	0.00208938	0.0023082	0.00478264	0.0431334	0.0027187	0.00994444	0.0689324	0.00450353	0.643832	0.0381026	0.00241036	0.051345	0.00571581	0.00641655	0.0186386	0.0142872	0.0543421	0.00276561	0.00534991
148	0.0166456	0.00865702	0.475444	0.148961	0.00275908	0.0516748	0.0236965	0.00244169	0.0142906	0.00486782	0.00242482	0.128477	0.00176209	0.0280706	0.00893624	0.044501	0.0141765	0.0071444	0.000901376	0.014168
149	0.13806	0.0136581	0.0619342	0.0744645	0.0190969	0.0466762	0.00730539	0.0530015	0.0269028	0.0247655	0.0217283	0.0363296	0.0588478	0.0174831	0.0152619	0.204976	0.105661	0.0660685	0.00101473	0.00676489
150	0.0423514	0.0208784	0.00901384	0.0138162	0.0244143	0.00557668	0.0183169	0.112124	0.087349	0.189627	0.087495	0.0330104	0.0066671	0.0489827	0.0948851	0.0588627	0.0597481	0.060265	0.0167376	0.00987909
151	0.732175	0.00348739	0.000673306	0.00255361	0.000656874	0.0440871	0.000414657	0.00454509	0.000747318	0.00811321	0.00571725	0.00162214	0.000865469	0.000534984	0.00275722	0.0997924	0.0465259	0.041243	0.000952466	0.00253557
152	0.0509932	0.0220574	0.0488419	0.0326361	0.0111105	0.0915987	0.0692017	0.0146376	0.109702	0.00854925	0.00536684	0.133196	0.00981024	0.0394759	0.17856	0.11742	0.0238292	0.0198417	0.00325888	0.00991328
153	0.0300804	0.00184871	0.00273597	0.00167089	0.033304	0.00105218	0.00170183	0.349501	0.00116693	0.223731	0.0766847	0.0052102	0.000909207	0.000856067	0.00354292	0.007121	0.0320223	0.223311	0.00135167	0.00219791
154	0.00909419	0.0140164	0.0292079	0.136469	0.0117477	0.0145749	0.065605	0.00619525	0.123739	0.0324286	0.0134107	0.0265001	0.00135108	0.359626	0.104105	0.0227444	0.00829187	0.00597267	0.0053862	0.00953346
155	0.0237093	0.0089113	0.00759072	0.0268791	0.00773344	0.0148963	0.0107967	0.0575299	0.286217	0.0758824	0.0592124	0.0297843	0.0045208	0.0536829	0.211411	0.0373446	0.043297	0.0290296	0.00602928	0.00554135
156	0.0671741	0.0110345	0.150142	0.147064	0.00432171	0.0772416	0.0425292	0.00708526	0.0703643	0.0188395	0.0104638	0.0979531	0.0191959	0.0609606	0.0494415	0.110795	0.025766	0.0167795	0.00187808	0.0109703
157	0.00392586	0.00926041	0.00137035	0.00171325	0.417903	0.00145088	0.0493873	0.00447163	0.00170598	0.154601	0.0153224	0.00196329	0.00755069	0.00163457	0.00231278	0.0098129	0.00924297	0.0100297	0.00620384	0.290138
158	0.736164	0.00292158	0.000589181	0.00239607	0.00077156	0.0414132	0.00037106	0.00559438	0.000818871	0.0086437	0.00578418	0.00162568	0.000813779	0.000350281	0.00195255	0.0978769	0.0453399	0.0433068	0.00097283	0.00229346
159	0.100162	0.00512868	0.000930543	0.00298671	0.0127065	0.00292816	0.000826172	0.287419	0.00461442	0.0609526	0.0286626	0.00781948	0.001538	0.000652187	0.00317721	0.0399491	0.0939282	0.344477	0.000330616	0.000811581
160	0.0575148	0.00592528	0.00330563	0.00622588	0.0767208	0.00490906	0.00463379	0.212618	0.00563126	0.269888	0.0542119	0.00551052	0.00594006	0.00674307	0.006371	0.037892	0.0468854	0.169882	0.00418564	0.0150069
161	0.00252391	0.000809653	0.000398147	0.00043474	0.041006	0.000532491	0.00459672	0.0422781	0.000607486	0.8183	0.0379529	0.000566698	0.00177049	0.000976224	0.00155532	0.00538139	0.00358921	0.0320896	0.00326271	0.00136866
162	0.00260568	0.000738161	0.000356044	0.000447373	0.0405501	0.000561735	0.00429901	0.0432795	0.000447876	0.816655	0.0387451	0.000517746	0.00179908	0.000975406	0.00139829	0.00542472	0.0035275	0.0331716	0.00313438	0.00136586
163	0.00860114	0.0225814	0.00606087	0.00305489	0.283161	0.00398006	0.0772746	0.00595658	0.00380301	0.117625	0.0114399	0.0189793	0.0059961	0.00592445	0.0071674	0.0293238	0.00869427	0.00990858	0.00624279	0.364226
164	0.0522631	0.100578	0.00320744	0.00337467	0.00776512	0.0780952	0.00696182	0.00832733	0.00464719	0.00904396	0.00284456	0.032492	0.00505495	0.00306136	0.0139814	0.596408	0.0391869	0.0269169	0.00117141	0.0046186
165	0.0658585	0.0241118	0.0368463	0.0171756	0.00365551	0.58994	0.00340988	0.00380849	0.00877039	0.0087585	0.00334968	0.0314162	0.00590899	0.00418856	0.0243037	0.120912	0.0175601	0.0237998	0.000844869	0.00538151
166	0.177216	0.0291635	0.0167994	0.0200889	0.0433595	0.0257364	0.00337382	0.0794855	0.0187819	0.0702804	0.0211145	0.0305099	0.00992435	0.00120009	0.00868321	0.218992	0.118249	0.0944096	0.000418236	0.0122145
167	0.0183926	0.000500133	0.133626	0.666263	0.00055591	0.0212878	0.00856126	0.00308168	0.0280179	0.00385927	0.00588766	0.00572694	0.00422281	0.0646348	0.00698766	0.00855784	0.00679583	0.0108684	0.00122782	0.000944215
168	0.671812	0.00299551	0.00106867	0.00272578	0.00156687	0.0358692	0.00126384	0.0165119	0.00193715	0.0173023	0.00492413	0.00205834	0.00124951	0.00123381	0.00254838	0.0783701	0.0644001	0.0808637	0.00484476	0.006454
169	0.0384647	0.00178544	0.0109743	0.0122693	0.00942685	0.0119339	0.0417598	0.00966917	0.0104291	0.0515305	0.00270196	0.00429146	0.639368	0.0187555	0.0245098	0.0628318	0.024389	0.0148394	0.00058041	0.0094899
170	0.0383196	0.00209777	0.011639	0.012479	0.00800577	0.0119109	0.0424633	0.00749841	0.0099943	0.0465438	0.00202191	0.00450884	0.649326	0.0192707	0.0236782	0.0633318	0.02373	0.0127885	0.000564176	0.00982778
171	0.0949635	0.0214218	0.0770685	0.0984106	0.00773019	0.05027	0.0298106	0.0112468	0.0724106	0.0312556	0.00952493	0.115782	0.0584664	0.0580785	0.0294111	0.156886	0.0397071	0.0156816	0.00180684	0.020067
172	0.0324501	0.00866105	0.0537446	0.0609229	0.0542365	0.0113452	0.0966366	0.028935	0.0277728	0.155882	0.0516706	0.0428674	0.0788493	0.0700294	0.0365655	0.0915576	0.035888	0.0257335	0.00258016	0.0336718
173	0.153835	0.0138965	0.0123333	0.0582526	0.0613061	0.267318	0.0756709	0.00874997	0.0122836	0.0473386	0.0114148	0.0147297	0.00483148	0.0694496	0.0695272	0.0707267	0.0168125	0.0199505	0.00335277	0.00822046
174	0.227395	0.0387848	0.0260686	0.0172727	0.0308257	0.0957048	0.00640771	0.0158809	0.0114756	0.0228058	0.0070216	0.0299114	0.00769106	0.0267858	0.0170078	0.284814	0.0661109	0.0503	0.00190354	0.0158317
175	0.032708	0.0132272	0.0143734	0.0368931	0.0319111	0.00501554	0.182491	0.0239025	0.0176373	0.0984352	0.0213604	0.0477465	0.0555105	0.185187	0.04257	0.0737035	0.0313591	0.0336832	0.00163877	0.050646
176	0.0631779	0.0130645	0.00362382	0.0196396	0.0214786	0.00384404	0.0279687	0.112436	0.0537519	0.173783	0.0754272	0.0134078	0.00630336	0.039172	0.0498085	0.038619	0.0961328	0.157015	0.00442573	0.0269206
177	0.0194049	0.00378628	0.218292	0.493439	0.00158392	0.0281068	0.015231	0.00346645	0.0329216	0.00675755	0.00603758	0.0428373	0.00300342	0.0630024	0.014439	0.0232524	0.00808702	0.00986205	0.00273503	0.00375388
178	0.0259394	0.0151736	0.0414994	0.0139895	0.00159976	0.73782	0.00138371	0.00157902	0.00528472	0.00719226	0.00198457	0.024479	0.0056612	0.00235243	0.026587	0.0683013	0.00231362	0.0121967	0.000540496	0.00412204
179	0.182513	0.0318042	0.0216417	0.0183458	0.0299145	0.0336126	0.00686764	0.0552616	0.0277025	0.0695011	0.0145465	0.0262568	0.00794543	0.00384939	0.0165438	0.266814	0.109208	0.0628935	0.000764075	0.014014
180	0.12139	0.0222133	0.00478543	0.00644079	0.108491	0.0046424	0.0443975	0.0904553	0.00657336	0.109963	0.0242729	0.0308805	0.00405511	0.00808801	0.00646111	0.0838445	0.0970643	0.110444	0.00474452	0.110792
181	0.108169	0.00638203	0.00124234	0.00457429	0.0141982	0.00520642	0.00113425	0.268146	0.00586744	0.0597002	0.0310323	0.00865913	0.00380201	0.000701355	0.00462355	0.0533924	0.104305	0.31726	0.000393982	0.00121054
182	0.036911	0.00181469	0.0113515	0.0120192	0.00888402	0.0119277	0.0417434	0.00756822	0.0100085	0.0467346	0.00204706	0.00431078	0.654791	0.018658	0.0235978	0.06123	0.0232247	0.0128664	0.000558118	0.00975347
183	0.00997368	0.00127762	0.00863268	0.0367184	0.000836711	0.0242283	0.00836592	0.0235996	0.340723	0.0148991	0.0227881	0.0415423	0.00365429	0.0556001	0.319725	0.0398423	0.0325313	0.00793523	0.000554415	0.00657195
184	0.0149758	0.00824224	0.0998752	0.0269674	0.0139568	0.0591278	0.0644591	0.0153475	0.0327303	0.0127419	0.00580141	0.312682	0.00796029	0.0267659	0.028806	0.17626	0.0611175	0.00886236	0.00173359	0.0215868
185	0.047896	0.039776	0.0228795	0.0125626	0.00830352	0.0743443	0.0197089	0.0127439	0.0154754	0.0162512	0.0049111	0.120318	0.00509075	0.00804699	0.0189309	0.477859	0.0654968	0.0172826	0.00155324	0.0105692
186	0.0297701	0.00169944	0.00272869	0.00139568	0.0315747	0.000965101	0.00123466	0.356924	0.0009803	0.214727	0.0784754	0.00536664	0.00067773	0.000522263	0.00347928	0.00644534	0.0324551	0.227451	0.0013056	0.00182287
187	0.0190407	0.00100939	0.136238	0.648257	0.000823058	0.0217082	0.00998195	0.00366299	0.0295011	0.00462118	0.00616735	0.00832911	0.00444302	0.0662657	0.00819535	0.0104356	0.00731373	0.0112036	0.0012849	0.00151795
188	0.0188915	0.000779684	0.134007	0.657701	0.000606668	0.0228003	0.00894	0.00350513	0.0287655	0.00437412	0.00623538	0.00639465	0.00429194	0.064519	0.00801324	0.00943585	0.00728566	0.0112136	0.00122271	0.00101681
189	0.732609	0.00282405	0.000836432	0.00425853	0.000753011	0.046183	0.000892922	0.00466914	0.00076698	0.00830027	0.00598013	0.00166257	0.00103124	0.000845673	0.00243335	0.0968844	0.0447323	0.0405706	0.00123586	0.00253057
190	0.0612261	0.00263395	0.00171249	0.00164218	0.0197171	0.000909183	0.000965422	0.331962	0.00236339	0.126268	0.0407457	0.00648445	0.000421998	0.000465707	0.0016022	0.0184176	0.055026	0.32565	0.000522536	0.00126351
191	0.00600161	0.00115981	0.000735326	0.000914382	0.0426849	0.00094779	0.00487825	0.0516874	0.000931145	0.785926	0.0386972	0.00106696	0.0022773	0.0017296	0.0020781	0.00774915	0.00588645	0.0394586	0.0032729	0.00191726
