320	20
1	0.101596	0.00783807	0.143865	0.115469	0.00722255	0.113682	0.0844169	0.00752454	0.0125367	0.0548377	0.00650068	0.0587833	0.00527043	0.159734	0.0325618	0.0353226	0.0319993	0.00984309	0.00311374	0.00788279
2	0.0157832	0.0108809	0.0010427	0.00177395	0.128315	0.00176895	0.00484041	0.156701	0.00236162	0.401928	0.0863174	0.00204811	0.00334313	0.00383008	0.0149444	0.0131847	0.00857079	0.0960997	0.0216899	0.0245761
3	0.0708417	0.0877535	0.0144956	0.00837542	0.0276794	0.0330983	0.0909138	0.00587911	0.0633345	0.15843	0.00637876	0.00697801	0.02074	0.176976	0.166549	0.022383	0.00918187	0.00884313	0.00582164	0.0153472
4	0.0430545	0.00748925	0.0391579	0.056577	0.018082	0.0247099	0.0344889	0.0192813	0.189464	0.0242787	0.013362	0.0493224	0.0250411	0.0774766	0.194308	0.0850073	0.0687955	0.013206	0.00108542	0.0158121
5	0.0201337	0.0238032	0.00168531	0.00239286	0.168263	0.0035435	0.00706595	0.140162	0.00296902	0.332773	0.0640142	0.00256013	0.00283132	0.00358307	0.00910506	0.013636	0.0141792	0.0963126	0.0204869	0.0705006
6	0.0257882	0.0257814	0.0717353	0.0606817	0.00757708	0.0245726	0.260993	0.00374941	0.0682984	0.036057	0.0077655	0.0341023	0.0201744	0.0686795	0.0892055	0.0773703	0.0131281	0.00515429	0.0219875	0.0771985
7	0.0250619	0.00330351	0.0358022	0.0419894	0.0122483	0.00441025	0.191142	0.00410877	0.0351453	0.00718202	0.00420899	0.0516188	0.00287987	0.466108	0.0529388	0.0193487	0.0229214	0.00508682	0.00120766	0.0132872
8	0.0393647	0.0104769	0.318536	0.0690838	0.0086679	0.025543	0.0339957	0.0114697	0.0560074	0.0177151	0.0068236	0.164978	0.0109124	0.0613257	0.0419746	0.0592232	0.0340901	0.0122422	0.00290759	0.0146626
9	0.0282468	0.0172152	0.00643688	0.00763744	0.0793002	0.00583182	0.0107873	0.131845	0.0124487	0.359032	0.10665	0.0104482	0.00900338	0.0131526	0.0244385	0.0200156	0.0231606	0.0950431	0.0180179	0.0212886
10	0.0354222	0.0296826	0.0704563	0.00778328	0.00410975	0.079147	0.0482763	0.00375847	0.0623634	0.0074858	0.00399668	0.227816	0.00614243	0.013505	0.0316082	0.199854	0.144856	0.0109179	0.00114525	0.0116729
11	0.0785122	0.0309425	0.0479222	0.0103644	0.0388651	0.0137142	0.0821708	0.00554331	0.0666893	0.119827	0.0086866	0.00801732	0.00823196	0.192786	0.157944	0.0568349	0.0107029	0.0114032	0.0113855	0.039456
12	0.0863883	0.00773531	0.0225166	0.0598938	0.00817545	0.00860705	0.0245583	0.0123686	0.0397444	0.0365603	0.00458585	0.0162668	0.447462	0.0320184	0.0591859	0.0663966	0.0462973	0.00833875	0.00356081	0.00933914
13	0.0116515	0.0117371	0.000782457	0.00110828	0.0503402	0.000842666	0.000907217	0.151673	0.00124803	0.558851	0.0870539	0.00237567	0.00271418	0.00831243	0.00667429	0.0054044	0.00491737	0.0767738	0.00694342	0.00968928
14	0.134357	0.0152347	0.0113262	0.0115336	0.0059346	0.018732	0.0104933	0.00838743	0.0218972	0.0146966	0.00584485	0.0552077	0.0851756	0.0609046	0.0231685	0.409927	0.0814338	0.00976887	0.00491869	0.011058
15	0.0273593	0.0191529	0.0808176	0.0627351	0.00627092	0.0239758	0.261591	0.00274676	0.0660733	0.0315639	0.00630089	0.0396938	0.0164108	0.109781	0.078135	0.071483	0.0100137	0.00374253	0.0168824	0.0652701
16	0.0233381	0.0254151	0.00945365	0.0118534	0.227981	0.0173495	0.0516732	0.0211254	0.0167669	0.0738288	0.0138044	0.0221258	0.0134891	0.0186452	0.0299146	0.0341274	0.0161456	0.0174326	0.0187215	0.336809
17	0.00914067	0.0273305	0.00176783	0.00568714	0.32826	0.0175261	0.0282165	0.00696902	0.00634925	0.0605201	0.00767454	0.00221923	0.00717781	0.00854262	0.0197757	0.0164185	0.00766061	0.00307041	0.0242174	0.411476
18	0.015407	0.0110871	0.000823684	0.00324919	0.02776	0.00141219	0.000847314	0.376033	0.00215501	0.121772	0.0310318	0.000949258	0.00248248	0.00260254	0.00465025	0.00217191	0.00971491	0.383395	0.000273278	0.00218166
19	0.0350899	0.0247594	0.00879653	0.0101388	0.141299	0.00331098	0.163926	0.00334266	0.00450627	0.0430949	0.00286316	0.11171	0.00211671	0.0100067	0.0303005	0.079094	0.00594624	0.00411495	0.00107327	0.31451
20	0.111174	0.0194382	0.0287791	0.00389997	0.00173122	0.0292817	0.00282706	0.00819061	0.0477225	0.00468577	0.00573613	0.0574679	0.0572861	0.00862424	0.0366139	0.333936	0.232581	0.00545878	0.00168595	0.00287904
21	0.019714	0.0261812	0.00943135	0.0111644	0.00499847	0.10185	0.00820605	0.00526409	0.0106037	0.0100749	0.00535476	0.021106	0.0198335	0.0130252	0.0207353	0.665137	0.0188907	0.00691858	0.00209455	0.0194159
22	0.0418775	0.0312201	0.0322573	0.0341437	0.0477516	0.0218846	0.152057	0.0288943	0.0582583	0.127783	0.0249882	0.0336137	0.0264243	0.0663723	0.0735106	0.0585797	0.0359121	0.0306122	0.0147259	0.0591339
23	0.0418299	0.0163334	0.0849547	0.056999	0.0125292	0.0412566	0.0340962	0.0201901	0.146817	0.0274396	0.0143363	0.13571	0.0181475	0.0485125	0.105637	0.0895239	0.06485	0.0200171	0.0046214	0.0161987
24	0.087458	0.0193222	0.0271589	0.00704727	0.0036449	0.0266276	0.00651182	0.00911688	0.0447753	0.00951462	0.00909923	0.0629247	0.0624554	0.00921854	0.0390034	0.255092	0.307587	0.00701221	0.0021303	0.00429992
25	0.0249486	0.0283307	0.00961074	0.0148109	0.220335	0.0196566	0.0564173	0.0154894	0.0186334	0.0658356	0.0117295	0.0265118	0.010194	0.0180663	0.0308598	0.0432404	0.0204365	0.0146188	0.0169657	0.333308
26	0.0187345	0.0253466	0.0026801	0.00528525	0.221308	0.00906779	0.024157	0.0816744	0.0067453	0.226954	0.045203	0.00850604	0.00527752	0.00799455	0.0181708	0.0199199	0.0121916	0.0573034	0.0244718	0.179008
27	0.0195231	0.00752646	0.0242584	0.0512411	0.00697965	0.0101453	0.0559957	0.0723453	0.0664768	0.0656925	0.0430956	0.020428	0.00711942	0.0129366	0.0368938	0.0743133	0.33802	0.0772666	0.00265573	0.00708688
28	0.125439	0.0120626	0.0670538	0.0294755	0.00709043	0.432172	0.0135779	0.0130376	0.0458829	0.0152344	0.00701898	0.0301467	0.0124281	0.0172513	0.027074	0.0892755	0.0272568	0.0208183	0.00121134	0.00649316
29	0.0271688	0.0192827	0.132312	0.0421809	0.00696289	0.127227	0.139313	0.00384076	0.0487685	0.0205542	0.00555022	0.13225	0.00796094	0.0330047	0.062887	0.117769	0.0285607	0.00770917	0.00725376	0.0294432
30	0.0362949	0.0120441	0.039561	0.0491644	0.0146918	0.0219616	0.0832254	0.0161734	0.123867	0.0261665	0.0123787	0.0763663	0.0162294	0.194295	0.1412	0.0530055	0.0434709	0.0162574	0.0057632	0.0178831
31	0.015402	0.0116293	0.000736429	0.00129826	0.123968	0.00131183	0.00331911	0.167188	0.00121801	0.415122	0.0736714	0.00159478	0.00260346	0.00345414	0.00961721	0.0105661	0.00806013	0.104061	0.0206309	0.0245479
32	0.0631003	0.0375862	0.0122618	0.0110593	0.0733406	0.0381337	0.0145566	0.0220594	0.057084	0.0454989	0.00952606	0.211835	0.00656066	0.0135973	0.0421617	0.0981237	0.134192	0.06679	0.0285633	0.0139689
33	0.0236637	0.0207867	0.0198612	0.0102537	0.00580265	0.195405	0.0103044	0.00564431	0.01377	0.0106694	0.00524096	0.0230239	0.0168823	0.0120531	0.0222661	0.561095	0.0171193	0.00802379	0.0018308	0.0163038
34	0.0706462	0.00692166	0.120887	0.128113	0.00528299	0.0390024	0.00973071	0.0285717	0.133957	0.0146016	0.00771021	0.101085	0.059359	0.0320551	0.0852237	0.0716635	0.0368812	0.0297931	0.0016476	0.0168687
35	0.0204715	0.0392512	0.00575167	0.00927372	0.00507199	0.0635868	0.0072185	0.00560864	0.00838306	0.0102433	0.00493439	0.0147286	0.0257013	0.014749	0.0230929	0.689272	0.0192895	0.00622403	0.00195559	0.0251925
36	0.0922529	0.0261243	0.0423647	0.00727517	0.00264361	0.0543672	0.0125317	0.00796961	0.0532902	0.00730977	0.00533062	0.0818211	0.0390777	0.0092511	0.0364663	0.324614	0.183895	0.00693905	0.000909539	0.00556653
37	0.0870086	0.0031145	0.0294547	0.205738	0.00345401	0.0456871	0.0225578	0.129323	0.00571781	0.0542426	0.00378998	0.00526148	0.00275409	0.0141466	0.0336557	0.0631267	0.109552	0.167249	0.0106557	0.00351188
38	0.0883356	0.00287424	0.0286471	0.206975	0.00328835	0.0459488	0.023312	0.129657	0.00557728	0.055399	0.00346107	0.0052992	0.0026804	0.0142917	0.0352573	0.0625043	0.106134	0.165984	0.010941	0.00343325
39	0.241415	0.0393634	0.0117625	0.0162013	0.0205253	0.117729	0.0190871	0.0163907	0.0225643	0.0766433	0.0705411	0.019993	0.0638499	0.0201027	0.0254881	0.0798457	0.0917211	0.0282138	0.00463013	0.0139325
40	0.0289609	0.0204147	0.00347895	0.00537179	0.0733362	0.00369587	0.00396746	0.275832	0.00553903	0.1656	0.0389496	0.00376555	0.00641863	0.0046859	0.00717496	0.00971001	0.0210822	0.260794	0.00472425	0.0564976
41	0.060555	0.0111325	0.00257167	0.00370825	0.00286296	0.00551535	0.00355956	0.47589	0.0362012	0.0358062	0.0124854	0.0036068	0.00974161	0.00553259	0.0213007	0.0185268	0.0203841	0.264228	0.00080675	0.00558445
42	0.0404951	0.00189911	0.0713131	0.0839106	0.00674354	0.00855805	0.0163452	0.0241191	0.28739	0.0163764	0.00727226	0.0513673	0.00330788	0.0725362	0.197975	0.036995	0.0491458	0.0117461	0.00478043	0.00772317
43	0.443491	0.0260435	0.00686611	0.0287388	0.00475958	0.0160494	0.00702887	0.0475385	0.00938798	0.0246517	0.00698992	0.0139502	0.00374244	0.00701336	0.00604784	0.142053	0.0679919	0.129247	0.0011347	0.007275
44	0.0189873	0.0147657	0.00183593	0.00270336	0.132044	0.00264992	0.00592049	0.136298	0.0037435	0.409433	0.0791371	0.00262889	0.00448399	0.00578224	0.0115444	0.0114404	0.0102193	0.0876581	0.0244117	0.0343125
45	0.0242741	0.00360837	0.00589747	0.125672	0.00461387	0.017879	0.0402433	0.0204948	0.189087	0.117194	0.00605175	0.00890853	0.00477538	0.16989	0.185623	0.0139897	0.0231819	0.0196987	0.00247822	0.0164394
46	0.0291991	0.012895	0.0340659	0.028362	0.00692847	0.0291132	0.0317675	0.0140013	0.232237	0.0144196	0.0142316	0.0863964	0.00322472	0.0774645	0.272444	0.0503998	0.0518993	0.00335308	0.00105456	0.00654301
47	0.0413871	0.0191816	0.0607558	0.0161418	0.00843249	0.243686	0.0393674	0.00678018	0.0398553	0.0164698	0.00597504	0.116996	0.0118809	0.0130844	0.0404973	0.231346	0.0572807	0.0123387	0.00264232	0.0159018
48	0.0561584	0.149457	0.0111612	0.0132141	0.087516	0.0110332	0.022903	0.089808	0.0173021	0.158988	0.0420301	0.0162873	0.0112757	0.0198429	0.0276566	0.0381473	0.0302051	0.121278	0.0104274	0.0653089
49	0.0165234	0.00560485	0.0148912	0.0301926	0.00894182	0.0112875	0.0307928	0.0144313	0.415738	0.0365467	0.0194764	0.0208448	0.00809546	0.0504178	0.233632	0.022352	0.0403875	0.00815519	0.00345549	0.00823312
50	0.248225	0.0839064	0.011111	0.0199187	0.0351074	0.0424102	0.0110013	0.0634996	0.013458	0.0472291	0.0482639	0.0146507	0.0188428	0.0154674	0.0128977	0.0741662	0.0310343	0.198076	0.00169339	0.00904027
51	0.0144521	0.00928655	0.000658807	0.0041001	0.038931	0.000688004	0.00069092	0.291497	0.000915018	0.153174	0.0342162	0.000806067	0.00168852	0.0013117	0.004482	0.00136221	0.0089684	0.430815	0.000244503	0.00171192
52	0.0752127	0.0108864	0.083928	0.246812	0.013022	0.023488	0.0252852	0.0276329	0.0969777	0.0307689	0.0141905	0.0417613	0.0243142	0.0680986	0.0484867	0.0624432	0.0471022	0.0385097	0.00830263	0.012777
53	0.0144255	0.0121614	0.000866501	0.0017354	0.0561119	0.000917047	0.00120781	0.19259	0.00129218	0.436801	0.0814587	0.00235699	0.002918	0.006462	0.00749045	0.00560379	0.0063364	0.150379	0.0074002	0.0114854
54	0.0713177	0.0161454	0.316966	0.0895434	0.00907219	0.0275301	0.0230583	0.0130676	0.0507544	0.0246304	0.00822362	0.120853	0.0171862	0.0387538	0.0382175	0.0710115	0.032306	0.0154813	0.0031311	0.0127508
55	0.0223267	0.0673783	0.00153021	0.00200248	0.0389403	0.00128642	0.00217193	0.166371	0.0022865	0.458366	0.0968167	0.00365835	0.00327688	0.00800347	0.00708654	0.00604816	0.00536497	0.0928221	0.00558619	0.00867714
56	0.0248583	0.0339983	0.0321895	0.0283207	0.0632119	0.017282	0.123698	0.00821898	0.0498348	0.0828048	0.0249817	0.0195301	0.00955959	0.0838302	0.0974444	0.0449985	0.0203018	0.0236366	0.0720977	0.139202
57	0.0768617	0.00320001	0.247425	0.197912	0.00939723	0.0124551	0.0172777	0.0123053	0.0700353	0.0106489	0.00295236	0.0953151	0.0592165	0.0524764	0.0201501	0.0632742	0.0266343	0.0113094	0.00665446	0.00449856
58	0.019141	0.0151649	0.109751	0.013943	0.0150914	0.342319	0.0542085	0.00474379	0.041763	0.0180724	0.00491054	0.103244	0.00408443	0.0086783	0.0495804	0.132498	0.0304946	0.00943655	0.00238471	0.0204903
59	0.0454634	0.0121533	0.00287191	0.00318977	0.003294	0.00680558	0.00232899	0.478302	0.0104245	0.0374732	0.0191252	0.00268767	0.0594018	0.00517389	0.00891752	0.00717683	0.0225813	0.266275	0.000745586	0.00560863
60	0.0102176	0.0382832	0.120419	0.134612	0.00499282	0.00610048	0.0339395	0.126492	0.0650186	0.0784091	0.0358676	0.0926527	0.00440174	0.0482724	0.0100899	0.0350295	0.00962311	0.138096	0.00209334	0.00538983
61	0.0274927	0.0137019	0.00100455	0.00259144	0.015219	0.00294458	0.00106624	0.430418	0.00481469	0.0818495	0.0229048	0.00121902	0.00667912	0.00334687	0.00504816	0.00337723	0.0172716	0.355074	0.00032419	0.00365202
62	0.0190042	0.0576714	0.02284	0.0195889	0.0444019	0.0122141	0.0781674	0.0305268	0.0865814	0.0821823	0.0367324	0.0330225	0.00981113	0.0473399	0.110425	0.0381098	0.0614178	0.0728934	0.0218076	0.115262
63	0.0622005	0.0185691	0.0289082	0.0438587	0.0224811	0.0182705	0.123881	0.0198474	0.070336	0.0453531	0.011274	0.0238846	0.188418	0.0641787	0.0855519	0.074122	0.0441961	0.0183635	0.0082	0.0281049
64	0.0524499	0.0119094	0.0516324	0.0348689	0.0134636	0.246236	0.0336247	0.0125214	0.107987	0.0244549	0.0115066	0.0537881	0.0158475	0.0365463	0.101293	0.113124	0.0417858	0.016324	0.00330804	0.0173284
65	0.00600404	0.00457996	0.00462694	0.0342675	0.0219224	0.353413	0.0609754	0.0038741	0.0529631	0.00638494	0.0321007	0.146866	0.00277245	0.00605296	0.139816	0.0133082	0.00627046	0.00375729	0.0314105	0.0686343
66	0.177905	0.0201501	0.0252463	0.0217656	0.00946319	0.0327875	0.0151877	0.0238011	0.0418029	0.0287475	0.0149552	0.0821074	0.0322366	0.0209018	0.0331892	0.161999	0.198809	0.042993	0.00357814	0.0123735
67	0.0332255	0.0141327	0.00221767	0.00289078	0.140645	0.00352131	0.0100095	0.103818	0.00360511	0.369949	0.0986111	0.00341079	0.00217093	0.00547317	0.0147832	0.0102822	0.00844033	0.0779441	0.0595767	0.0352928
68	0.148502	0.0173133	0.0261788	0.085371	0.0142612	0.0286854	0.0215052	0.0503174	0.0432336	0.0439399	0.0157728	0.0486516	0.0146982	0.0288948	0.0293074	0.08444	0.133374	0.144542	0.0054191	0.0155918
69	0.109019	0.0195867	0.0308639	0.00269223	0.00150039	0.0300751	0.00189213	0.0073375	0.0507996	0.00348317	0.00545375	0.0597521	0.0578336	0.00647326	0.0382428	0.328055	0.241355	0.00285785	0.000739895	0.00198619
70	0.109612	0.00896465	0.00565527	0.0346311	0.00569314	0.00688476	0.0393014	0.0123509	0.0565016	0.0329589	0.00434814	0.00989133	0.35443	0.0408405	0.0908462	0.103082	0.0673838	0.00688898	0.00266751	0.00706797
71	0.0139804	0.00902136	0.000651324	0.0043644	0.0383433	0.000697644	0.000714467	0.288625	0.000891564	0.166126	0.0366828	0.000803378	0.00155978	0.00163174	0.00444204	0.00139285	0.00854041	0.419354	0.000254051	0.00192445
72	0.0775694	0.00447918	0.09581	0.0445516	0.00454833	0.0728251	0.00590553	0.00552569	0.14697	0.133053	0.00467488	0.0119828	0.109024	0.0607769	0.0181291	0.133873	0.0569447	0.00727061	0.00159728	0.00448828
73	0.0181795	0.0167626	0.00108952	0.00199345	0.157665	0.00234297	0.00594881	0.156447	0.00175327	0.358008	0.0718123	0.00216997	0.00263752	0.00383617	0.00969926	0.0121673	0.0102883	0.110472	0.0212505	0.035477
74	0.0483165	0.00642816	0.0431073	0.13229	0.0069605	0.0326017	0.0159956	0.0318988	0.161805	0.0556935	0.0428524	0.0246265	0.0162716	0.10186	0.0786499	0.0840185	0.0480574	0.058105	0.000939839	0.00952142
75	0.0399733	0.00186017	0.0705484	0.0863837	0.00685697	0.00799982	0.0157617	0.0255987	0.286558	0.0159794	0.00706486	0.0511735	0.00318781	0.0731624	0.197317	0.0356103	0.0500885	0.0129767	0.00458434	0.00731483
76	0.122884	0.0592804	0.00310215	0.0067289	0.0312864	0.00832805	0.00706129	0.293072	0.00808819	0.0593771	0.0328246	0.00631928	0.0149258	0.00707237	0.00803506	0.0255368	0.023501	0.270762	0.00175147	0.0100631
77	0.0144762	0.0112293	0.000844049	0.00343084	0.029781	0.00111045	0.000802159	0.353919	0.00160242	0.132993	0.0314773	0.000949674	0.00229049	0.00229161	0.00434273	0.00198167	0.00906718	0.395151	0.00027342	0.00198588
78	0.0422523	0.00202192	0.0665696	0.0922165	0.00724783	0.00785336	0.0146432	0.0287611	0.281649	0.0154985	0.00671414	0.0511707	0.00320582	0.0731991	0.195084	0.0333181	0.0513977	0.0156633	0.00437611	0.00715779
79	0.447696	0.0245713	0.00638411	0.0278797	0.00416051	0.0159985	0.00722035	0.0465056	0.00943804	0.0242491	0.00582237	0.0145584	0.00369048	0.00643479	0.00615266	0.144671	0.0719424	0.124041	0.0010898	0.007494
80	0.0156393	0.0100685	0.000691343	0.00390214	0.0386542	0.000915672	0.000790562	0.3077	0.00137384	0.14507	0.0331562	0.00085087	0.00177335	0.0017232	0.00470398	0.0018225	0.0097697	0.419318	0.000279865	0.00179694
81	0.0259034	0.0120207	0.0316821	0.0275581	0.00537102	0.0309451	0.0345712	0.0145092	0.244759	0.0142543	0.0124179	0.100481	0.00312388	0.0793976	0.266404	0.0403562	0.0447075	0.00442146	0.00176846	0.00534802
82	0.0926123	0.00319622	0.152255	0.33448	0.00948098	0.00887645	0.0114809	0.00823534	0.0965976	0.0123799	0.00773355	0.0487847	0.0202471	0.077775	0.0171264	0.0465677	0.022916	0.0186223	0.00801163	0.00262107
83	0.0278972	0.0222167	0.00989576	0.00985228	0.121914	0.00282274	0.183305	0.00325974	0.00419391	0.0401652	0.00259851	0.10851	0.00206856	0.00997377	0.0314214	0.0686308	0.00523883	0.00349026	0.00105588	0.34149
84	0.258512	0.0167229	0.0220043	0.0209054	0.0211686	0.158326	0.0195669	0.0182669	0.0297921	0.114474	0.026853	0.0225762	0.0306841	0.0228866	0.0250101	0.0907265	0.0469885	0.0350105	0.00352345	0.0160018
85	0.0243855	0.0289791	0.00910199	0.0135557	0.214636	0.0153045	0.0626564	0.0421538	0.0202931	0.119858	0.0740521	0.0126477	0.00731577	0.0227365	0.0423955	0.0289439	0.0193628	0.0444452	0.0791655	0.118011
86	0.127795	0.0416533	0.026951	0.0575192	0.028147	0.00430642	0.034592	0.070567	0.0324	0.0204557	0.0285269	0.0111004	0.00599656	0.0467354	0.0076335	0.0868181	0.151165	0.183778	0.00215445	0.0317047
87	0.217344	0.0320743	0.0130493	0.0279133	0.0188879	0.00684168	0.033618	0.0503646	0.0291916	0.0203706	0.0167276	0.0238397	0.00972577	0.0188344	0.00951134	0.139959	0.156479	0.146197	0.00338177	0.0256881
88	0.103119	0.0247859	0.0261906	0.0054877	0.00298169	0.0288267	0.00564843	0.00773355	0.0440098	0.00809758	0.00607361	0.0513606	0.0646713	0.0117964	0.0354689	0.350406	0.211564	0.00589824	0.00113836	0.00474169
89	0.084073	0.00231258	0.172495	0.236274	0.0110123	0.00652924	0.0189619	0.014162	0.0792782	0.00981058	0.0028385	0.0713037	0.0980642	0.0688218	0.0118032	0.0576037	0.0341611	0.00995464	0.00769678	0.00284387
90	0.0103321	0.0363194	0.00229922	0.00675331	0.310073	0.0162878	0.0280382	0.0216972	0.00699913	0.0797029	0.0126699	0.00408313	0.00645095	0.00794875	0.0189001	0.0182495	0.00951414	0.0142926	0.0222953	0.367093
91	0.0759191	0.0100561	0.00874096	0.0307047	0.00641217	0.0124951	0.0267311	0.0152386	0.0321337	0.0385963	0.00464427	0.00992229	0.489504	0.0316574	0.0671652	0.0700756	0.0496506	0.0102479	0.00243194	0.0076735
92	0.0124426	0.0101567	0.000726846	0.00240005	0.0468374	0.000851316	0.000904424	0.218524	0.00108617	0.371456	0.0673577	0.00183001	0.00254632	0.00532849	0.0060797	0.00428135	0.00612704	0.229829	0.00431851	0.00691646
93	0.0261849	0.0142426	0.00117773	0.00224336	0.0098298	0.00338078	0.00122152	0.491851	0.00573209	0.0663837	0.021629	0.0012098	0.00711765	0.00399567	0.00530177	0.00391675	0.0177538	0.312707	0.000327419	0.00379427
94	0.0117785	0.00832827	0.000722612	0.00375463	0.0362593	0.000785432	0.000831478	0.273228	0.000972563	0.223478	0.0442687	0.00097672	0.00145126	0.00305639	0.00458469	0.00191949	0.00690668	0.372661	0.000899903	0.00313558
95	0.112486	0.0190873	0.0272595	0.0138879	0.00791613	0.0275551	0.0106084	0.0136459	0.0548778	0.0162371	0.0093272	0.0565006	0.0529485	0.0185577	0.0565355	0.278411	0.196384	0.0150218	0.00410521	0.00864731
96	0.0177774	0.0156175	0.000911826	0.00170182	0.150939	0.00193706	0.00475352	0.166711	0.0014647	0.376394	0.06784	0.001687	0.0023566	0.00296382	0.00942291	0.0122431	0.0115062	0.102159	0.019647	0.0319667
97	0.0564484	0.00568932	0.0676105	0.17538	0.00941414	0.0167599	0.0201873	0.0217502	0.212124	0.0291621	0.0133093	0.039148	0.0148775	0.0813079	0.10623	0.0477293	0.042742	0.0253762	0.0045396	0.0102147
98	0.0300218	0.0141557	0.208909	0.0396045	0.00926036	0.0298589	0.0195858	0.0410831	0.0705906	0.0189684	0.0134041	0.249708	0.0139922	0.0203719	0.0376588	0.0875383	0.0591388	0.0167701	0.00221646	0.0171631
99	0.0276693	0.0260906	0.0602973	0.0208365	0.00774793	0.14832	0.0883236	0.00600399	0.0485866	0.0140043	0.00810754	0.199099	0.00503744	0.0184934	0.0661308	0.158689	0.0552527	0.0128678	0.00549526	0.0229465
100	0.0920923	0.101682	0.00428875	0.00713514	0.0644873	0.00948721	0.0097851	0.142363	0.00629209	0.258894	0.0776995	0.00979534	0.0113385	0.00958693	0.0098987	0.0209304	0.0162202	0.122994	0.00629867	0.01873
101	0.0921993	0.0200788	0.0337858	0.00325503	0.00168752	0.0317403	0.00408897	0.00605752	0.0508531	0.00378448	0.00802544	0.0858342	0.0588498	0.00639328	0.0412553	0.256364	0.28962	0.00286877	0.00100958	0.00224867
102	0.113029	0.0110956	0.00263255	0.0218115	0.00282407	0.00423668	0.0415416	0.012418	0.0326936	0.0321122	0.00277612	0.0045078	0.416961	0.0480044	0.0952218	0.0870865	0.0627098	0.00411003	0.00117536	0.00305306
103	0.0869165	0.00168841	0.178502	0.28284	0.0155648	0.00659073	0.0181925	0.0109544	0.0891564	0.0114865	0.00356639	0.0606071	0.0423523	0.0774893	0.00991424	0.0553124	0.0244161	0.0130807	0.00985229	0.00151699
104	0.0291887	0.0196738	0.0159528	0.0442495	0.0742373	0.0143239	0.109443	0.0234124	0.0768843	0.0897816	0.0481146	0.0491372	0.0211323	0.129865	0.0652619	0.0505822	0.0627466	0.0315394	0.0110853	0.0333888
105	0.0387972	0.0557218	0.0280902	0.0227081	0.0189509	0.0207283	0.101784	0.00985722	0.0864741	0.079066	0.0123739	0.028283	0.0187324	0.149035	0.204906	0.0406323	0.0230665	0.0128082	0.0131471	0.0348374
106	0.18244	0.0319829	0.0759342	0.103487	0.0157253	0.101704	0.00431394	0.0482196	0.0807028	0.00832437	0.0123054	0.018352	0.00370548	0.0546428	0.0292235	0.1546	0.0210372	0.0477185	0.00152743	0.00405363
107	0.035714	0.00330038	0.0412326	0.0940254	0.00609209	0.0131807	0.0239645	0.0299574	0.266761	0.0320684	0.0110721	0.0442282	0.0107218	0.0839578	0.172792	0.0447047	0.0454847	0.0294264	0.0035465	0.00776915
108	0.329312	0.011974	0.00360826	0.00581073	0.0533663	0.00924792	0.00691078	0.0453544	0.00593563	0.149565	0.0659218	0.00562261	0.00792929	0.0321249	0.00623702	0.0220399	0.0408743	0.189018	0.00201723	0.00713007
109	0.171882	0.0218873	0.0234994	0.0212844	0.0102557	0.0271372	0.0199186	0.022704	0.0452721	0.0308905	0.0132505	0.0753753	0.0313427	0.0418276	0.0361037	0.18242	0.170684	0.0384884	0.00375037	0.0120252
110	0.0131619	0.0568846	0.0222712	0.0471227	0.0796223	0.00742108	0.0283447	0.111433	0.0330059	0.200674	0.098119	0.00871415	0.121559	0.0101998	0.0353099	0.0155666	0.0355702	0.0666482	0.0016631	0.00670833
111	0.0628771	0.00539518	0.0677096	0.196065	0.00585905	0.0258988	0.0191303	0.0254397	0.155991	0.0325546	0.0218151	0.0340033	0.0212099	0.0919553	0.0557334	0.0673605	0.0532628	0.0470616	0.000363086	0.0103148
112	0.0629757	0.00612803	0.0675766	0.199359	0.00588817	0.0250451	0.0205562	0.0252126	0.154077	0.0323953	0.0214529	0.0335975	0.0206177	0.0924365	0.05699	0.0661979	0.0522953	0.0465784	0.000473331	0.0101466
113	0.0230051	0.0162475	0.00160263	0.00184803	0.136734	0.00280961	0.00602713	0.119936	0.00265782	0.409072	0.0792081	0.00278573	0.00209387	0.00471549	0.0141956	0.0104117	0.00863805	0.0802216	0.0417934	0.0359968
114	0.0737461	0.00720478	0.00915467	0.0354153	0.00472339	0.00938805	0.0220527	0.0145924	0.038476	0.0615128	0.00493387	0.00774753	0.504953	0.0270939	0.0660876	0.0540994	0.0437473	0.00902495	0.00133677	0.00470992
115	0.059939	0.0594773	0.0162705	0.0191513	0.017105	0.0274736	0.0587392	0.0234857	0.0299773	0.0410316	0.0151803	0.0507171	0.0212274	0.0560062	0.0370172	0.28656	0.117788	0.0356363	0.00359971	0.0236175
116	0.0758888	0.00900463	0.00846165	0.0301529	0.00708385	0.0112538	0.0243704	0.0162485	0.0320937	0.0398474	0.00585712	0.00911413	0.503374	0.0284639	0.0653378	0.0642223	0.0493128	0.0102579	0.00235211	0.00730225
117	0.0988268	0.00327657	0.153979	0.350064	0.0107688	0.00598858	0.0120702	0.00768144	0.0836701	0.0100703	0.00587084	0.0526697	0.0259463	0.0699156	0.0123861	0.0497428	0.0193568	0.0130719	0.0130172	0.00162704
118	0.111841	0.00656237	0.14648	0.235325	0.0634234	0.0228651	0.00827912	0.00834482	0.0415366	0.0108158	0.0185533	0.0166585	0.0080837	0.144719	0.0105638	0.10506	0.0111545	0.022391	0.00335364	0.00398757
119	0.0201767	0.0168495	0.00322802	0.00509061	0.117827	0.00433067	0.0082443	0.139619	0.0075997	0.39713	0.0722829	0.0058507	0.00580399	0.00915723	0.0140418	0.0150055	0.0122997	0.0909943	0.0170021	0.0374662
120	0.0056148	0.00521458	0.00313675	0.00680485	0.00930347	0.00789741	0.0214563	0.00486228	0.53077	0.0423762	0.0320776	0.00463992	0.00262903	0.026032	0.220156	0.0103223	0.046182	0.00959933	0.00155365	0.00937112
121	0.00589802	0.00443288	0.00472354	0.0351195	0.0215047	0.355022	0.0597477	0.003803	0.0532355	0.00620743	0.031381	0.149028	0.00252906	0.00598556	0.14029	0.01353	0.00600327	0.00365637	0.0293973	0.0685052
122	0.0065188	0.00478828	0.00390337	0.00880573	0.00991027	0.00748929	0.0201013	0.00555043	0.533809	0.0395273	0.0307648	0.00465006	0.00276419	0.0277489	0.218485	0.010471	0.0421914	0.0105725	0.001802	0.0101462
123	0.0249816	0.0132296	0.00110938	0.00246536	0.0116917	0.00327903	0.00116768	0.472379	0.00533396	0.0691665	0.0215282	0.00128259	0.00621262	0.00464185	0.00517367	0.00388624	0.016856	0.331858	0.000329143	0.00342801
124	0.0117313	0.0121015	0.000824993	0.0012653	0.0398221	0.000939656	0.000981187	0.180288	0.0013158	0.511501	0.0959451	0.00255478	0.00283214	0.00942089	0.00648172	0.00507907	0.00447037	0.0956291	0.00591057	0.0109055
125	0.0133877	0.0102274	0.000646851	0.00391633	0.041673	0.000704351	0.000693464	0.297324	0.00094738	0.157271	0.0352085	0.000809453	0.00150681	0.00150968	0.00492158	0.0014463	0.00890769	0.41668	0.000339185	0.00187928
126	0.0354173	0.0103225	0.0307765	0.0387374	0.0115594	0.0211454	0.0267151	0.0150042	0.256317	0.024048	0.0158326	0.0459157	0.0119712	0.0621134	0.234476	0.0713166	0.0661644	0.00892245	0.00195422	0.0112904
127	0.0728385	0.0286221	0.061966	0.00853767	0.00309929	0.0711653	0.026812	0.00575771	0.0550292	0.00589236	0.00436763	0.15128	0.0280664	0.00868306	0.0398209	0.23977	0.169084	0.00921781	0.00109564	0.00889483
128	0.0230613	0.0130389	0.0218339	0.0270402	0.00932301	0.0197521	0.0242054	0.0111725	0.34344	0.024418	0.0201359	0.0420803	0.00463392	0.0569803	0.239014	0.0451106	0.0575249	0.00621213	0.00150878	0.0095149
129	0.0667584	0.0059128	0.0600148	0.0550814	0.0118427	0.050393	0.019438	0.0156587	0.133004	0.0972343	0.0116558	0.0305044	0.0826232	0.0742716	0.06082	0.116385	0.0750145	0.022504	0.00118422	0.00969874
130	0.0800712	0.00851197	0.0336482	0.0568879	0.0172172	0.0410655	0.0213455	0.0303175	0.0989906	0.0820127	0.0206268	0.0290784	0.130703	0.0642816	0.0591738	0.0799062	0.0734967	0.0562369	0.00203439	0.014394
131	0.0385758	0.00843434	0.0342301	0.0797536	0.009537	0.0250629	0.019662	0.0209399	0.267619	0.0267643	0.0177984	0.0329593	0.0111785	0.0784419	0.156963	0.0546849	0.0828468	0.0141039	0.00233013	0.0181136
132	0.0695244	0.00515011	0.084358	0.179402	0.00623787	0.0329213	0.0159561	0.020632	0.147698	0.044397	0.0165681	0.0347806	0.0360515	0.0826911	0.0521642	0.0747179	0.0511935	0.0359085	0.000973102	0.00867517
133	0.0710743	0.0497456	0.0158847	0.0462113	0.0729253	0.0283265	0.0707492	0.0752849	0.0150261	0.0731923	0.00950717	0.0162078	0.0236843	0.0255303	0.0644038	0.138442	0.0787853	0.0400642	0.00375949	0.0811955
134	0.0383561	0.0223815	0.00891207	0.032836	0.0846161	0.0128064	0.0668834	0.0550548	0.0578033	0.144163	0.0260928	0.0219843	0.0669242	0.0506746	0.0847294	0.0808979	0.0485127	0.0726755	0.00272743	0.020968
135	0.0773221	0.00495702	0.0652174	0.202918	0.00540057	0.024846	0.0166102	0.0211093	0.165848	0.0307058	0.0180801	0.0309911	0.0162803	0.101687	0.0540453	0.060113	0.0499734	0.0399374	0.00209176	0.0118667
136	0.108829	0.0198709	0.0310102	0.00269219	0.00153166	0.0303926	0.00190669	0.00737137	0.0507427	0.00350038	0.00544375	0.0595856	0.0577396	0.00633849	0.038131	0.328035	0.241253	0.00282591	0.000730384	0.00207032
137	0.0847397	0.00484598	0.112971	0.320014	0.00678393	0.0156227	0.0113912	0.0122419	0.11349	0.0192478	0.0142671	0.0397538	0.0123956	0.0841245	0.0294591	0.047535	0.0311665	0.0295443	0.00515831	0.00524739
138	0.0191012	0.0295145	0.00192116	0.00398287	0.253415	0.0118731	0.0165619	0.0900269	0.00483408	0.21763	0.0471946	0.0027473	0.00370099	0.0045148	0.0129333	0.0165216	0.0135887	0.0602736	0.0263806	0.163284
139	0.0845589	0.00576986	0.0392808	0.0365733	0.015623	0.0378917	0.0141415	0.0111061	0.245766	0.0216237	0.00801123	0.027559	0.012424	0.0637986	0.190595	0.130655	0.0314275	0.00617653	0.00205285	0.0149655
140	0.0276421	0.0214649	0.0892341	0.0661792	0.00460566	0.0240571	0.274233	0.00232469	0.0753406	0.0318597	0.00615991	0.0317334	0.015782	0.069956	0.0896355	0.0854072	0.00723815	0.00245798	0.0177467	0.0569422
141	0.0115821	0.0117999	0.000752697	0.00113755	0.0433131	0.000754988	0.000968051	0.165798	0.00120165	0.537256	0.0876696	0.00232208	0.00275759	0.00828812	0.00621017	0.00494103	0.00488667	0.0927777	0.00607372	0.00950878
142	0.0414379	0.0128412	0.00137664	0.00236462	0.00810298	0.00413493	0.00139416	0.455207	0.00821729	0.0652758	0.0186676	0.00157134	0.0112013	0.00355761	0.00632908	0.00487482	0.0243223	0.323607	0.000397057	0.00512009
143	0.204641	0.0217088	0.00830262	0.0141683	0.0103586	0.0208861	0.0157443	0.0541127	0.0186021	0.0519905	0.0135268	0.043734	0.00538759	0.0109098	0.014222	0.200163	0.157705	0.08599	0.00577243	0.0420752
144	0.0233091	0.031201	0.00147158	0.00243856	0.176953	0.00346602	0.00805196	0.157752	0.00253627	0.27085	0.0565732	0.00253917	0.00187142	0.00293851	0.00732099	0.0141399	0.01929	0.11839	0.0156269	0.0832801
145	0.0269393	0.0256217	0.0091815	0.0519663	0.0208719	0.0118689	0.0888443	0.0230235	0.117362	0.0344236	0.00672836	0.0381267	0.0796572	0.130107	0.146496	0.0672534	0.0705042	0.0232165	0.00204103	0.0257668
146	0.124958	0.0676167	0.0125734	0.0126301	0.0142101	0.0399896	0.065209	0.0160809	0.0410956	0.0720955	0.0139648	0.12556	0.0118604	0.093257	0.0258263	0.155114	0.0465596	0.0452679	0.00282293	0.013308
147	0.221074	0.0137904	0.0160735	0.0383192	0.00709146	0.115038	0.0110311	0.0192401	0.0341031	0.0350146	0.010161	0.0366877	0.008081	0.03473	0.0455293	0.127997	0.111964	0.103503	0.00261979	0.00795125
148	0.0467399	0.00541653	0.0636834	0.145376	0.00653842	0.0159099	0.0151083	0.0258158	0.219757	0.0226696	0.0127104	0.0550275	0.0119997	0.0663849	0.106614	0.0436635	0.0684455	0.0569833	0.00255819	0.00859852
149	0.0721516	0.0236344	0.00525642	0.0201499	0.056132	0.0251589	0.0570737	0.0351065	0.0673068	0.0904107	0.0217965	0.0358711	0.04373	0.0642203	0.1051	0.127569	0.075484	0.0467019	0.00227445	0.0248712
150	0.0587727	0.0121803	0.00769267	0.0312172	0.0571298	0.0181498	0.0516581	0.0320662	0.0950738	0.0649755	0.0189377	0.0363956	0.0511595	0.0674121	0.118567	0.124145	0.0864254	0.0367575	0.00153588	0.0297475
151	0.0312821	0.00651688	0.0162474	0.0645671	0.0297393	0.0189709	0.0728898	0.0323412	0.157251	0.0313629	0.0108705	0.0373563	0.0640629	0.107765	0.11754	0.081942	0.073305	0.029878	0.000720084	0.0153913
152	0.0358901	0.0419805	0.0110181	0.0210626	0.0295882	0.0154778	0.0292175	0.0559252	0.0337456	0.0493183	0.118388	0.0515048	0.0155324	0.112303	0.0779642	0.116956	0.0726937	0.0889506	0.00399938	0.0184843
153	0.111496	0.0947428	0.00549435	0.0136502	0.0745343	0.0216593	0.0464521	0.0892975	0.0164349	0.0742744	0.0424075	0.028076	0.0351642	0.0317804	0.0442323	0.0878105	0.0343858	0.122294	0.00265933	0.0231537
154	0.0444318	0.0186418	0.0549698	0.050506	0.0090704	0.130825	0.030143	0.0115409	0.0449278	0.0184437	0.00916163	0.10513	0.0146321	0.0219614	0.0436573	0.310387	0.0390486	0.0180811	0.00494717	0.0194938
155	0.0263319	0.0131707	0.00138661	0.00181013	0.124861	0.00231369	0.00505732	0.128058	0.00244114	0.401381	0.0986078	0.00292242	0.00212382	0.00411311	0.0117242	0.00960328	0.00784267	0.0858151	0.043118	0.0273184
156	0.063317	0.0174692	0.0908154	0.0385489	0.00469782	0.103118	0.0279908	0.0109792	0.0777876	0.0102902	0.00373003	0.172643	0.0138215	0.0102286	0.0483573	0.21254	0.0448829	0.022676	0.00131522	0.0247909
157	0.0606174	0.00586912	0.071974	0.182223	0.00853703	0.0172112	0.0190815	0.0213289	0.205599	0.0265938	0.0134397	0.038589	0.0158025	0.0795941	0.0998935	0.0490851	0.0454571	0.024073	0.00473654	0.0102948
158	0.0469162	0.00704428	0.0108009	0.0631114	0.0216325	0.0148553	0.0482532	0.0178145	0.112037	0.0547948	0.0101239	0.0452542	0.0803765	0.0958651	0.11851	0.110438	0.103115	0.0213693	0.00127925	0.0164077
159	0.161932	0.00472985	0.0116317	0.116098	0.00512387	0.0234109	0.00770015	0.00861562	0.24187	0.0291143	0.00628372	0.0249491	0.00497315	0.173731	0.0491257	0.0163717	0.0627629	0.0247324	0.0189104	0.00793371
160	0.108514	0.0402782	0.00195241	0.00552798	0.158519	0.00504612	0.0163655	0.130812	0.00328009	0.204287	0.0600392	0.00590427	0.00505837	0.00799012	0.00888456	0.0253296	0.0193465	0.129259	0.0156518	0.0479543
161	0.0650018	0.0059423	0.0683033	0.191308	0.00636961	0.0279603	0.0185468	0.0268124	0.155022	0.0323933	0.0215987	0.0339039	0.0211437	0.089997	0.0564061	0.068229	0.0524792	0.0476728	0.000379008	0.0105317
162	0.0404215	0.00385691	0.069869	0.0671599	0.00841576	0.0139343	0.0191985	0.0190119	0.278203	0.0161086	0.00864782	0.0532519	0.00356508	0.0692464	0.205749	0.0477384	0.054001	0.00817178	0.00339605	0.0100524
163	0.313129	0.0144501	0.00380158	0.00624166	0.0565447	0.00744091	0.00664747	0.0542875	0.00562641	0.152704	0.0580596	0.00597677	0.0083071	0.0325105	0.00583223	0.0237512	0.0394218	0.195265	0.00193853	0.00806368
164	0.0791693	0.00242627	0.16039	0.270117	0.0131008	0.0124112	0.017276	0.0134252	0.104036	0.0176412	0.0078164	0.0512586	0.0290195	0.084092	0.0194834	0.056942	0.0295869	0.0222645	0.00594132	0.00360236
165	0.0157144	0.0120979	0.000718285	0.00127905	0.128991	0.0014133	0.00356768	0.166282	0.00120927	0.409004	0.0731614	0.00159922	0.0025213	0.0033608	0.00967499	0.0105554	0.00828762	0.10234	0.0218054	0.0264172
166	0.0359318	0.0116503	0.00112875	0.00226163	0.0109567	0.00332803	0.00120288	0.438994	0.00651442	0.0767019	0.020785	0.00134794	0.0100464	0.00285595	0.00567108	0.00389207	0.0213792	0.339548	0.00033113	0.00547264
167	0.0575933	0.00873758	0.046702	0.133343	0.0118228	0.0284377	0.0207207	0.0237402	0.176198	0.032295	0.0190977	0.0364953	0.0196568	0.0868857	0.109363	0.0851088	0.0554188	0.036522	0.000861195	0.0109998
168	0.0124803	0.0328408	0.00343122	0.00747434	0.301052	0.0152217	0.0629799	0.00757779	0.00713024	0.059656	0.00777896	0.0183125	0.00613456	0.00904625	0.0214159	0.0257363	0.0118746	0.00377291	0.0199766	0.366107
169	0.091777	0.0195335	0.0330491	0.00398531	0.00176158	0.0309539	0.00464738	0.00673316	0.0504951	0.00484536	0.00871374	0.0851998	0.058665	0.00671419	0.0416945	0.251469	0.292597	0.00360594	0.00102758	0.00253089
170	0.0465744	0.00856266	0.0309597	0.0768699	0.0188372	0.0271697	0.0301531	0.0246063	0.196661	0.0327219	0.0260628	0.0350245	0.0219073	0.084628	0.143067	0.0857141	0.0710312	0.0239711	0.00103442	0.0144436
171	0.0285366	0.012903	0.0310503	0.0274747	0.00621927	0.0271156	0.0326002	0.0144432	0.233995	0.0140716	0.0139131	0.0881507	0.00321704	0.0766114	0.281118	0.0464439	0.0516827	0.00326711	0.00128586	0.00590107
172	0.0205403	0.0106198	0.0319329	0.0298556	0.0508876	0.011716	0.13042	0.034086	0.178656	0.0291404	0.0100447	0.0488834	0.0428295	0.108477	0.132117	0.0412377	0.0377231	0.0305856	0.00417456	0.0160729
173	0.0118373	0.00921157	0.000708869	0.00120005	0.0782802	0.000812245	0.000865097	0.172262	0.00112405	0.486813	0.0872503	0.00208065	0.0036346	0.0061225	0.00908355	0.00729162	0.00524553	0.0953319	0.0107359	0.0101084
174	0.0399358	0.00536171	0.0438082	0.0269886	0.0106469	0.0265222	0.00517004	0.102953	0.0342936	0.169327	0.0508317	0.04311	0.0482128	0.0146358	0.0268307	0.0783965	0.116594	0.137425	0.00219214	0.0167636
175	0.031424	0.00782948	0.028248	0.0488141	0.00938557	0.0172966	0.0262823	0.0193089	0.29818	0.0325493	0.0153572	0.0376712	0.0174436	0.0643858	0.230099	0.043353	0.0461713	0.0113458	0.00376509	0.0110901
176	0.0410682	0.0149647	0.00157369	0.0021772	0.00222783	0.00644089	0.00171548	0.498659	0.010037	0.0381632	0.0161696	0.00212012	0.0110822	0.00456166	0.00704989	0.0059574	0.0354052	0.294836	0.000495618	0.00529542
177	0.00929523	0.0270865	0.00185708	0.00575157	0.326198	0.0173482	0.0297161	0.00689952	0.00629119	0.0599857	0.00756267	0.00316798	0.00708289	0.00853417	0.0199093	0.0167227	0.0076297	0.00305198	0.0240039	0.411906
178	0.0633654	0.0135779	0.0164028	0.0280898	0.0121866	0.0189748	0.0258015	0.0506837	0.0377091	0.0468434	0.0122946	0.016062	0.399671	0.0346848	0.0884422	0.0529307	0.0440643	0.0263133	0.0028392	0.00906331
179	0.0887997	0.00633548	0.0357297	0.0301302	0.0224166	0.0434148	0.0161103	0.0110818	0.217724	0.0273025	0.00963501	0.0251082	0.0199963	0.0578128	0.183143	0.14039	0.036046	0.00754054	0.00156914	0.0197135
180	0.220504	0.00645492	0.0101328	0.00818462	0.00569604	0.478933	0.0165803	0.00603489	0.0136728	0.0189336	0.00797064	0.0210717	0.0189443	0.00843344	0.0252099	0.0506826	0.0453753	0.0304288	0.0014433	0.00531267
181	0.0449845	0.0161159	0.0111871	0.0291364	0.00400686	0.0198239	0.00581584	0.0721468	0.0477065	0.140319	0.0699469	0.0610051	0.00465423	0.0142786	0.0234916	0.135657	0.249659	0.0289657	0.00847958	0.0126193
182	0.0407792	0.0311804	0.0258754	0.03173	0.0346704	0.0205123	0.0983059	0.0204812	0.0915918	0.112839	0.0214268	0.0252853	0.0255639	0.0828918	0.169913	0.0510779	0.0337547	0.0255349	0.0151426	0.0414435
183	0.0133066	0.00958905	0.000656847	0.00417165	0.0432	0.000655784	0.000679503	0.288041	0.000857249	0.155847	0.0349826	0.000770442	0.00132497	0.00133022	0.00473047	0.00129483	0.00895396	0.427782	0.000247908	0.00157805
184	0.0110986	0.00546664	0.218625	0.0414709	0.021726	0.0236989	0.00710259	0.0269001	0.0484436	0.0111132	0.0379964	0.237636	0.00521083	0.0256906	0.0104251	0.0343049	0.216099	0.00749677	0.00209918	0.00739578
185	0.100631	0.0237459	0.0259222	0.0193788	0.0289916	0.0365544	0.0465556	0.0215602	0.0303394	0.0283875	0.00913955	0.0843266	0.0220208	0.0233936	0.0345955	0.273602	0.0748492	0.0315977	0.00606568	0.0783424
186	0.108438	0.0199467	0.0311788	0.00276691	0.00153577	0.0307291	0.00197887	0.00734439	0.0499564	0.0034663	0.00569428	0.0609171	0.057992	0.00643289	0.0381126	0.324819	0.242871	0.00296717	0.000729682	0.00212308
187	0.0631819	0.010145	0.0913887	0.138541	0.0123722	0.0259645	0.0266144	0.0220323	0.0772134	0.0304164	0.0125331	0.0949035	0.128866	0.0528662	0.0495214	0.0713479	0.0508565	0.02319	0.00495648	0.0130892
188	0.00961269	0.0269659	0.00181483	0.00587643	0.32793	0.0179604	0.0277605	0.00711046	0.00678379	0.0613732	0.00763751	0.00243205	0.00826963	0.00862103	0.0194416	0.0164382	0.00770361	0.00328772	0.0236598	0.409321
189	0.0233914	0.0196943	0.440278	0.0280566	0.00229256	0.018713	0.0236267	0.00480347	0.038967	0.00923556	0.00213429	0.252845	0.00197371	0.0126927	0.0323663	0.0530367	0.0173969	0.00258047	0.000815129	0.0150998
190	0.075918	0.00847998	0.00968707	0.0348625	0.00622126	0.0112813	0.0260611	0.0189375	0.033424	0.0417113	0.0075137	0.00937058	0.491201	0.0300251	0.0647017	0.0590406	0.0494394	0.013484	0.00217634	0.00646396
191	0.0112301	0.00738994	0.00590424	0.00807346	0.106817	0.00631024	0.050121	0.0764857	0.0109617	0.096087	0.224098	0.0273857	0.0044304	0.0830629	0.0130504	0.0437814	0.0785946	0.104479	0.00268195	0.0390549
192	0.0412781	0.00267068	0.0524529	0.0254169	0.0129652	0.0166763	0.00282648	0.113912	0.0372107	0.178651	0.0443197	0.0466071	0.0702126	0.0177836	0.0309913	0.0476028	0.0759069	0.161612	0.000804421	0.0200993
193	0.426166	0.0125231	0.00714314	0.0092188	0.0700619	0.0792984	0.0315017	0.0131235	0.0114411	0.102448	0.0591981	0.00986122	0.0335602	0.0138926	0.0127128	0.0260415	0.0255463	0.0266699	0.00230441	0.0272866
194	0.0543849	0.0214478	0.105466	0.0829636	0.0285422	0.0289653	0.0789082	0.0191826	0.060642	0.0501431	0.019162	0.0435572	0.0206157	0.0584129	0.0697506	0.0669008	0.0379659	0.0264326	0.0857036	0.0408533
