207	20
1	0.182272	0.039593	0.00800798	0.00876642	0.0218898	0.0116427	0.0087062	0.0916688	0.015202	0.106737	0.0399369	0.0159171	0.00462808	0.018364	0.00926371	0.0489308	0.136523	0.213072	0.00344194	0.0154369
2	0.0409649	0.0369063	0.00480494	0.00600996	0.23174	0.00543611	0.0517896	0.0194093	0.0173813	0.0590867	0.0174025	0.0160858	0.0841871	0.0103859	0.012552	0.0447217	0.027038	0.0316347	0.0233774	0.259086
3	0.0588538	0.0132492	0.0620954	0.026888	0.00929836	0.0372441	0.0297955	0.0167047	0.0570919	0.0187515	0.0100432	0.112955	0.0287945	0.0317032	0.0307712	0.279152	0.141547	0.0198	0.00321761	0.0120438
4	0.0812893	0.0113117	0.0140433	0.029874	0.0136354	0.019509	0.0147788	0.0207793	0.139748	0.0192209	0.00603281	0.0759548	0.152565	0.0277611	0.0465022	0.198149	0.0956324	0.0209117	0.00481858	0.00748224
5	0.0423102	0.00394075	0.132022	0.296776	0.00676899	0.0217282	0.0188794	0.0090503	0.101521	0.0318456	0.00899656	0.0285946	0.00706877	0.120037	0.053482	0.0630994	0.0270034	0.0166178	0.00287537	0.00738213
6	0.0923689	0.00937669	0.118496	0.0851317	0.00755558	0.0882906	0.0186838	0.0133087	0.0775333	0.0165213	0.00945953	0.054662	0.00936904	0.0648202	0.10013	0.109396	0.0764223	0.0330806	0.00696124	0.00843285
7	0.0361868	0.00705355	0.0239141	0.0350806	0.00479459	0.05851	0.0234703	0.0104041	0.174984	0.0116989	0.00603292	0.0160227	0.00457838	0.071899	0.392453	0.0486598	0.0224779	0.0239079	0.0221697	0.00570166
8	0.0178652	0.00779649	0.000608672	0.000925172	0.00955078	0.0023873	0.00302141	0.4979	0.00112977	0.11105	0.0337952	0.00251317	0.000426196	0.00431974	0.00375475	0.0104733	0.0228394	0.268534	0.000234228	0.000875113
9	0.0250294	0.055728	0.00410973	0.00482877	0.250297	0.00454851	0.11103	0.0183937	0.0217688	0.114542	0.0198876	0.0174609	0.0117077	0.0160173	0.0200106	0.0466585	0.0164704	0.0202553	0.00846403	0.212792
10	0.0463318	0.00745376	0.0842309	0.212558	0.00827792	0.0239747	0.0315309	0.0180755	0.11182	0.0343687	0.0122049	0.0305684	0.00828074	0.15342	0.0517089	0.0895757	0.0392642	0.0242398	0.00311059	0.00900467
11	0.0218722	0.0104486	0.00203442	0.00372527	0.0105586	0.0031026	0.0052913	0.45702	0.00682161	0.0888626	0.0382544	0.00568384	0.000898477	0.00900042	0.0140357	0.0165264	0.0319057	0.270426	0.000726142	0.00280536
12	0.0425849	0.00784044	0.132287	0.316011	0.00688342	0.0259359	0.0200935	0.0155388	0.0750229	0.0264157	0.010157	0.0350314	0.00936356	0.0856497	0.0328118	0.0874716	0.0387498	0.0200018	0.00316422	0.0089856
13	0.0342612	0.061713	0.0110932	0.0115057	0.151977	0.0105107	0.075144	0.018636	0.0318489	0.0354155	0.0110446	0.050185	0.0128037	0.0263258	0.0173792	0.0433628	0.0329638	0.0285095	0.0165033	0.318817
14	0.301713	0.046277	0.0110897	0.0093937	0.00748077	0.0447569	0.014132	0.0158498	0.0202547	0.0259591	0.0124496	0.0201518	0.0176875	0.0268997	0.0127627	0.258966	0.108449	0.0353696	0.00298447	0.00737232
15	0.00700341	0.00237685	0.000991464	0.00501107	0.0184817	0.00402077	0.0048804	0.149898	0.00259918	0.57656	0.140436	0.00464597	0.00072472	0.0160648	0.00366562	0.0104686	0.00877866	0.0420672	0.000457949	0.000867947
16	0.0497534	0.00455345	0.0909964	0.216858	0.00676452	0.0397645	0.0240007	0.0106884	0.140623	0.0327	0.0114237	0.0358613	0.00708908	0.141353	0.0409548	0.0862846	0.0288079	0.0209536	0.00302916	0.00754105
17	0.214774	0.0289233	0.0346879	0.0417602	0.00949945	0.044712	0.0212014	0.017515	0.0880704	0.0227643	0.0122139	0.0322406	0.025271	0.0518914	0.0447852	0.181901	0.0797982	0.0338283	0.00605252	0.00810984
18	0.0355393	0.0102758	0.00309361	0.00228156	0.0137541	0.00273304	0.00334764	0.416089	0.00389884	0.093603	0.050361	0.00617622	0.00135341	0.00831576	0.00533742	0.0222803	0.0510137	0.266011	0.000838539	0.00369751
19	0.0706341	0.0121885	0.0419947	0.0573921	0.00729472	0.028418	0.0218251	0.024314	0.126781	0.0251185	0.00752572	0.0848157	0.0330603	0.0831631	0.046243	0.168929	0.110489	0.0365376	0.00527926	0.00799616
20	0.0127017	0.0044676	0.00296465	0.0103014	0.0286439	0.00499173	0.00817867	0.122708	0.00865646	0.546004	0.127799	0.00591622	0.00193514	0.0241135	0.00643842	0.0234593	0.0125215	0.0426265	0.00072249	0.00484958
21	0.128294	0.0251028	0.0259164	0.0265293	0.0145008	0.168821	0.022573	0.0218173	0.0569891	0.0254824	0.0134109	0.0307509	0.0197335	0.0359676	0.0674439	0.148472	0.0668431	0.0386699	0.0483015	0.0143806
22	0.0998619	0.0186066	0.00757712	0.00797908	0.0126461	0.0252048	0.0169394	0.0117777	0.0396913	0.0196684	0.00745797	0.0286974	0.104154	0.0342195	0.0184354	0.253493	0.209057	0.0532388	0.0239045	0.00738975
23	0.168421	0.0148939	0.0232269	0.0168985	0.0056988	0.0411403	0.0264656	0.0190869	0.0365037	0.0314831	0.0102775	0.0444663	0.0256466	0.0885397	0.0185317	0.194407	0.173977	0.0496402	0.0043603	0.00633521
24	0.222204	0.0155398	0.0121248	0.0080304	0.00364594	0.0563964	0.0270111	0.0112758	0.0201674	0.0235424	0.00759165	0.03598	0.0305518	0.0837829	0.00740924	0.224914	0.153733	0.0471752	0.00437044	0.00455406
25	0.0175868	0.00780719	0.000606275	0.00058245	0.00888724	0.00207599	0.00251367	0.522191	0.000809133	0.0847785	0.0294207	0.00229449	0.000323576	0.00333025	0.00368246	0.0098115	0.0230147	0.27967	0.000203825	0.000409934
26	0.35833	0.0398805	0.002344	0.0022698	0.00785268	0.399364	0.00318218	0.0233742	0.00390408	0.00388015	0.00803195	0.00411223	0.00984489	0.00279937	0.00353174	0.0713445	0.0100027	0.0418639	0.00234594	0.00174097
27	0.0176985	0.00774878	0.000604062	0.000577361	0.0088795	0.00206688	0.00250829	0.524028	0.000780131	0.0849574	0.0290188	0.00228069	0.000324011	0.00325108	0.00360752	0.00980515	0.0229175	0.278332	0.000205555	0.000408135
28	0.117907	0.0924428	0.00391648	0.0115748	0.00436484	0.0054545	0.0170048	0.0128971	0.180317	0.0417316	0.0214692	0.00785645	0.00238247	0.122033	0.169207	0.10061	0.0439364	0.0386225	0.00179119	0.00448063
29	0.0946618	0.0974539	0.0103532	0.0140523	0.00886526	0.0144308	0.015392	0.0412489	0.0326486	0.0498205	0.0157922	0.0224274	0.0122999	0.0233987	0.0255223	0.143479	0.200947	0.160339	0.00635878	0.0105082
30	0.0655948	0.00273113	0.0114944	0.0362861	0.0110242	0.0134119	0.0136846	0.0340951	0.222041	0.017624	0.00296949	0.132181	0.132454	0.0268633	0.0688905	0.153274	0.0467331	0.00514123	0.00097376	0.00253242
31	0.0189367	0.00164429	0.238806	0.521138	0.001898	0.0175373	0.0135087	0.00811343	0.0256234	0.00950739	0.00317033	0.0201589	0.00083516	0.057323	0.00510071	0.0270262	0.0121295	0.00365451	0.000514559	0.013374
32	0.353184	0.0458042	0.00303775	0.00243206	0.0107546	0.366398	0.0042351	0.0223024	0.0056249	0.00616684	0.00829746	0.00460033	0.00955812	0.00404289	0.00457567	0.0889894	0.014228	0.0408366	0.00225195	0.00267977
33	0.0299344	0.01579	0.00224868	0.00158774	0.0089291	0.00224642	0.00284551	0.426797	0.00187996	0.0693002	0.0276487	0.00462205	0.000745825	0.00414377	0.00372279	0.0209331	0.0608085	0.313842	0.000394285	0.00157973
34	0.0176609	0.00850376	0.000652173	0.000614597	0.00882123	0.00222853	0.00238345	0.512075	0.000831905	0.0829294	0.0296342	0.00246389	0.000342422	0.00328532	0.00355366	0.0101267	0.0239771	0.289286	0.000203942	0.0004251
35	0.00682944	0.00232114	0.000879244	0.00476322	0.0189378	0.00401085	0.00485962	0.139157	0.00197787	0.599421	0.138918	0.00461361	0.000637949	0.0147778	0.00267999	0.00990424	0.00708962	0.0370354	0.000368069	0.000818315
36	0.404267	0.0420352	0.00242709	0.00222549	0.00664435	0.328825	0.00349558	0.0240586	0.00502095	0.00694239	0.00946634	0.00399154	0.00935734	0.00334436	0.00357557	0.0680924	0.0161127	0.0566979	0.00172325	0.00169712
37	0.369042	0.0546099	0.00475889	0.00342454	0.00574023	0.200447	0.00528801	0.0231184	0.00730618	0.0164089	0.0122495	0.00624218	0.0084297	0.00830359	0.00600609	0.14408	0.0449965	0.0742151	0.00191963	0.00341349
38	0.0321263	0.00516879	0.185397	0.424307	0.00459603	0.0204352	0.0178482	0.0160006	0.0489769	0.0191596	0.00808724	0.0262586	0.00324716	0.0704676	0.0172911	0.0433269	0.0254421	0.0196868	0.000883533	0.0112928
39	0.0122886	0.00477169	0.00523451	0.0053831	0.00356389	0.0599285	0.0208683	0.00595298	0.220182	0.00686596	0.00459224	0.00660425	0.00248735	0.0446836	0.501372	0.0291614	0.0112653	0.0227617	0.0277351	0.00429706
40	0.0159101	0.00531934	0.00699595	0.00930049	0.00412984	0.0599915	0.0213144	0.00782828	0.215942	0.00789606	0.00541704	0.00833258	0.00398644	0.047872	0.472769	0.0337248	0.015359	0.0268822	0.0258011	0.00522797
41	0.0287295	0.00953999	0.00158403	0.0015027	0.0109807	0.00203072	0.00324392	0.459074	0.0011537	0.0869746	0.0302492	0.0031086	0.000453539	0.00397256	0.00323939	0.0167731	0.0395812	0.295698	0.000293317	0.00181776
42	0.0434869	0.00591313	0.0296908	0.0391494	0.00612848	0.0245209	0.0116383	0.0287476	0.106216	0.0213685	0.00456023	0.118925	0.0775036	0.0315051	0.0360694	0.260383	0.138821	0.00921379	0.00176354	0.00439592
43	0.242348	0.0877028	0.0137442	0.0117012	0.0110371	0.0433652	0.0206845	0.0166813	0.0226865	0.0215189	0.00987431	0.0164607	0.013816	0.0208054	0.0221969	0.313987	0.0672395	0.0243451	0.00354591	0.0162594
44	0.0548446	0.02104	0.00337639	0.00501666	0.0185496	0.0114711	0.00591919	0.00652366	0.0673769	0.00784329	0.00432535	0.0309129	0.224169	0.0081886	0.0285564	0.251515	0.19455	0.0420512	0.00758979	0.00618026
45	0.056506	0.0101986	0.00650011	0.0106741	0.0258758	0.00660598	0.00967545	0.117683	0.00915032	0.437707	0.12122	0.009093	0.00404302	0.0169977	0.00676818	0.0338153	0.03617	0.070152	0.00212683	0.00903792
46	0.0115996	0.00383044	0.00321998	0.0112628	0.0172269	0.00464171	0.00660022	0.240403	0.0183311	0.290986	0.174165	0.00604182	0.0017812	0.0362837	0.0282986	0.0266748	0.023442	0.0908838	0.00144648	0.00288045
47	0.0276765	0.0101831	0.203313	0.132168	0.00874122	0.00787146	0.0116514	0.148728	0.0461365	0.0826893	0.0110432	0.0443521	0.00525534	0.0143374	0.0123417	0.0284723	0.0264369	0.169121	0.00321861	0.00626253
48	0.20103	0.00770371	0.00432529	0.00495579	0.00352657	0.0556836	0.0401951	0.00799904	0.0233708	0.0271666	0.00506818	0.0424604	0.061034	0.0907913	0.00431075	0.219797	0.163492	0.0283724	0.00428849	0.00442853
49	0.0276308	0.0050293	0.0867106	0.0203543	0.00111321	0.0435302	0.0099962	0.0101457	0.052197	0.0030234	0.00185758	0.112337	0.0200016	0.00524641	0.0265578	0.363869	0.204641	0.00231502	0.000468602	0.002975
50	0.0862009	0.0202053	0.0259188	0.0220922	0.00908024	0.0183349	0.0560236	0.0176294	0.119027	0.0264347	0.0387639	0.0404329	0.0144186	0.0375754	0.073376	0.215693	0.13284	0.0262422	0.00571033	0.0139998
51	0.0187416	0.00813922	0.000810736	0.000632785	0.00943346	0.00227531	0.00230112	0.493368	0.000924045	0.0829451	0.0335534	0.00281659	0.000328634	0.00363554	0.00343667	0.0111305	0.027076	0.297812	0.000206428	0.000433277
52	0.0432192	0.0094586	0.0578793	0.212502	0.00673136	0.020389	0.0333212	0.0341626	0.126949	0.0405161	0.0135593	0.0367756	0.00411137	0.146786	0.0447877	0.0774773	0.038013	0.0417681	0.00268611	0.00890721
53	0.0332246	0.0105744	0.0194238	0.0405075	0.00700892	0.0417307	0.0288361	0.0144845	0.209059	0.0158175	0.00756249	0.0220138	0.0130365	0.065001	0.328296	0.057899	0.0312795	0.0259805	0.0179989	0.0102652
54	0.0191153	0.00833296	0.000761717	0.00106284	0.00972132	0.0020829	0.00383104	0.512414	0.00108554	0.0885284	0.0294249	0.00225951	0.000510445	0.00355128	0.00364216	0.0101252	0.0234016	0.278434	0.000342841	0.00137202
55	0.0795552	0.032186	0.00443421	0.00472345	0.0840423	0.00294511	0.0101255	0.0648341	0.00648829	0.165107	0.118379	0.00498655	0.0128973	0.0206293	0.0040225	0.0338565	0.0605384	0.245073	0.00333092	0.0418448
56	0.0256041	0.0107069	0.0367912	0.191936	0.00664883	0.0144789	0.0507899	0.0226147	0.198409	0.0566919	0.0368444	0.020982	0.00634331	0.127751	0.0381277	0.0756689	0.0394745	0.0307297	0.00244166	0.00696556
57	0.0176783	0.00777124	0.000603896	0.000577351	0.00885964	0.00207993	0.00252533	0.52369	0.000784965	0.0847619	0.0290589	0.00229542	0.00032365	0.00325295	0.00359199	0.00981193	0.0229066	0.278815	0.000203585	0.000407702
58	0.0326592	0.00464662	0.25725	0.378432	0.00602131	0.0246049	0.0145998	0.00959238	0.0322735	0.0137911	0.00545941	0.0522673	0.00269451	0.0488426	0.0113967	0.0412388	0.0239994	0.0100684	0.00211474	0.0280471
59	0.137212	0.00712564	0.148806	0.0554214	0.00892655	0.0562091	0.0220108	0.00730244	0.0779037	0.00618215	0.00361985	0.0588879	0.00235506	0.0658379	0.0728802	0.118102	0.101963	0.0291417	0.0077034	0.0124097
60	0.0579801	0.143687	0.0161599	0.0185509	0.0530508	0.0179104	0.155501	0.0287919	0.0427484	0.0497915	0.0185059	0.0311736	0.0163038	0.0429177	0.0271458	0.0798578	0.049807	0.049557	0.00873032	0.0918289
61	0.0179937	0.00773922	0.000652639	0.000572951	0.00900117	0.00209109	0.00245671	0.520021	0.000781845	0.0848186	0.0298547	0.00233106	0.000327721	0.00331982	0.00358874	0.0100484	0.0236259	0.280165	0.000198991	0.000411467
62	0.360997	0.042623	0.0024243	0.00229901	0.00748253	0.380141	0.00290982	0.0257115	0.00427952	0.00637672	0.0105869	0.00433962	0.00918057	0.00304564	0.00331109	0.0633714	0.0142935	0.0527659	0.00226957	0.00159131
63	0.389672	0.0579666	0.00379226	0.00332132	0.00418819	0.0231177	0.00418036	0.0445819	0.012007	0.0508598	0.0374059	0.00738236	0.00213532	0.0110424	0.00359808	0.0580835	0.102212	0.17908	0.00115465	0.00421821
64	0.358957	0.0543645	0.00447477	0.00585055	0.00272729	0.027356	0.00469248	0.0458563	0.0133973	0.0458519	0.031708	0.0112192	0.00200911	0.013473	0.00556499	0.0599011	0.125047	0.182137	0.0013763	0.00403621
65	0.0809045	0.0334978	0.00456284	0.00470046	0.0821523	0.00301923	0.0101291	0.0660904	0.00648548	0.163694	0.11579	0.00517341	0.0135835	0.019611	0.00397789	0.0344479	0.0632861	0.245713	0.00327472	0.0399064
66	0.382144	0.0568045	0.00367891	0.00267021	0.0066685	0.187009	0.00723016	0.0145851	0.00641692	0.00993241	0.00697786	0.00504018	0.00945346	0.00626673	0.00715602	0.216447	0.0379982	0.02691	0.00187984	0.00473032
67	0.239205	0.0353652	0.0247339	0.0148173	0.00839168	0.253114	0.0128362	0.0211473	0.0211956	0.0168789	0.00923443	0.0261639	0.0175036	0.0198353	0.0150075	0.164347	0.0555634	0.0337255	0.00430129	0.00663229
68	0.0178163	0.0120771	0.00374998	0.00791393	0.0413069	0.00400649	0.0341505	0.176261	0.00942367	0.430361	0.10435	0.0071484	0.00209591	0.0155092	0.00864348	0.0207949	0.02204	0.0621452	0.00331391	0.0168927
69	0.0253472	0.00898111	0.00159537	0.00136344	0.0115191	0.00224229	0.00268141	0.457283	0.00212083	0.0780559	0.0417387	0.00415556	0.000501539	0.00759775	0.00431856	0.0171939	0.0522383	0.279478	0.000545163	0.00104313
70	0.365922	0.0391248	0.00354369	0.00260702	0.00600296	0.25775	0.00905241	0.0165414	0.00749763	0.00750985	0.00595261	0.00906444	0.022548	0.01402	0.00619955	0.149235	0.0362763	0.0348956	0.00285051	0.00340561
71	0.0541649	0.00550655	0.298622	0.116437	0.004161	0.0507676	0.0113362	0.0138973	0.0386856	0.0133605	0.00686508	0.149886	0.00491613	0.0287113	0.0158583	0.0916928	0.0606111	0.0170639	0.00229288	0.0151635
72	0.371505	0.0613045	0.00393652	0.00312767	0.00634776	0.0300385	0.0102446	0.0129084	0.0103018	0.0253516	0.0185227	0.00639072	0.00538437	0.0102637	0.00886861	0.291791	0.0866086	0.0282613	0.00143654	0.00740598
73	0.0129593	0.00485181	0.00562606	0.00708855	0.00346924	0.0585715	0.0229697	0.00615036	0.222654	0.00733445	0.00448803	0.00716754	0.00252005	0.0486365	0.48738	0.030067	0.0126404	0.0220665	0.0288673	0.00449109
74	0.0338575	0.00737469	0.00903449	0.00941086	0.0163164	0.00566212	0.0197845	0.166782	0.0243868	0.0987132	0.0660173	0.0750437	0.0034148	0.0109843	0.00803795	0.0834673	0.252503	0.0693364	0.00986207	0.0300109
75	0.00671219	0.00225167	0.000917765	0.00469656	0.0187958	0.00394523	0.00489695	0.134961	0.00184089	0.604974	0.142435	0.00462725	0.000653892	0.0144836	0.00239526	0.00990053	0.0068474	0.0334294	0.00038884	0.000846793
76	0.0184036	0.00819018	0.000715571	0.000626004	0.00905289	0.00253387	0.00229639	0.496345	0.000926059	0.0822188	0.0314288	0.00264855	0.000339044	0.0033465	0.0034135	0.0106809	0.0261114	0.300058	0.00020358	0.00046194
77	0.0189367	0.00164429	0.238806	0.521138	0.001898	0.0175373	0.0135087	0.00811343	0.0256234	0.00950739	0.00317033	0.0201589	0.00083516	0.057323	0.00510071	0.0270262	0.0121295	0.00365451	0.000514559	0.013374
78	0.016311	0.0287573	0.0145436	0.0124449	0.041888	0.00710695	0.189108	0.00976806	0.169171	0.0150677	0.00923478	0.0678918	0.00416142	0.0356005	0.0914696	0.0696503	0.0497156	0.0115306	0.00351231	0.153066
79	0.383711	0.0396816	0.00268238	0.00247241	0.00764838	0.359989	0.00369851	0.0249017	0.00466541	0.00498828	0.00758459	0.00408951	0.0104513	0.00318171	0.0039859	0.0776819	0.0118541	0.0421867	0.00219253	0.00235283
80	0.0302662	0.00958704	0.020574	0.0309987	0.00791922	0.0461884	0.0210649	0.0104181	0.173055	0.0116604	0.00543508	0.0157031	0.00513488	0.0704929	0.39865	0.0488924	0.0265811	0.0246167	0.0364964	0.00626543
81	0.0795994	0.0176614	0.018178	0.00866547	0.0143976	0.00484162	0.00790881	0.203426	0.0109956	0.10225	0.0510173	0.0331339	0.00350663	0.0114818	0.00682561	0.035786	0.128997	0.247006	0.00311301	0.0112089
82	0.0901501	0.00740096	0.0925055	0.173332	0.0494741	0.0284956	0.0138448	0.0119225	0.0623073	0.0168451	0.00748649	0.0568398	0.00534993	0.0774207	0.0576493	0.0849243	0.0930668	0.0477843	0.0135218	0.00967852
83	0.366811	0.0858236	0.00274435	0.00217579	0.00647001	0.0380361	0.00820602	0.00957513	0.0064088	0.0156766	0.00611944	0.00371138	0.00389884	0.00455667	0.00918172	0.349219	0.0655225	0.00587657	0.00101726	0.00896895
84	0.234453	0.025838	0.00817816	0.0158056	0.0044464	0.0211521	0.00847771	0.0683503	0.024447	0.0590077	0.0242974	0.0590355	0.00570574	0.0753266	0.0118867	0.0744891	0.156304	0.115546	0.00277332	0.0044799
85	0.0346573	0.0119845	0.0126496	0.0103717	0.00713664	0.0131658	0.136069	0.0127291	0.0200887	0.022071	0.0434598	0.151458	0.00763498	0.114316	0.0156388	0.281204	0.0734832	0.0173678	0.0040278	0.0104876
86	0.0183564	0.0329821	0.00215874	0.00273513	0.262275	0.00231083	0.0789397	0.0122673	0.0196111	0.0582848	0.0116943	0.0160171	0.00569289	0.00953329	0.019252	0.0222659	0.0125554	0.018222	0.0187851	0.376061
87	0.0823707	0.00687452	0.0946679	0.0665301	0.0525234	0.0135631	0.0130029	0.0102081	0.0838788	0.0325443	0.00706249	0.0492005	0.00405825	0.0326927	0.122926	0.104126	0.0882219	0.0189224	0.0888111	0.0278148
88	0.0286905	0.0398403	0.00604714	0.00775695	0.244158	0.0061884	0.0792223	0.0406822	0.0149926	0.160127	0.0327658	0.0142931	0.00934339	0.012415	0.0173339	0.0384229	0.0196771	0.041856	0.00918413	0.177003
89	0.0194715	0.00598144	0.00812164	0.00803501	0.0126601	0.00580635	0.0292352	0.128656	0.0314069	0.0983723	0.0607963	0.103971	0.0035382	0.00770535	0.00692467	0.0968712	0.252097	0.063465	0.00859517	0.0482898
90	0.0180481	0.0187389	0.00119871	0.0015147	0.303125	0.00143445	0.0256052	0.0108834	0.00631366	0.0283377	0.00707106	0.0118654	0.00329934	0.00195346	0.00512154	0.0101726	0.00818322	0.0208295	0.0295238	0.48678
91	0.0558017	0.00398768	0.371653	0.0751367	0.00354781	0.0754149	0.0047012	0.00573109	0.0310285	0.00689453	0.00410566	0.208948	0.00198377	0.0177328	0.00568021	0.0608824	0.043093	0.00750126	0.00153783	0.0146376
92	0.0481612	0.00412749	0.156329	0.309038	0.00661071	0.0249184	0.01787	0.0121113	0.0790458	0.0218368	0.019632	0.0311757	0.00714392	0.0892348	0.0527315	0.0575152	0.0298521	0.0207691	0.00283397	0.00906331
93	0.0653175	0.00281221	0.0126097	0.0370294	0.0117064	0.01284	0.0134998	0.0352537	0.223193	0.0171284	0.00305032	0.131752	0.133193	0.0269102	0.0696607	0.148247	0.0468844	0.00523028	0.00115839	0.00252388
94	0.0168702	0.00652025	0.00104403	0.0026098	0.00987088	0.00239497	0.0027425	0.459424	0.00412158	0.110192	0.0693209	0.00278008	0.000558017	0.0121558	0.00821156	0.0129865	0.0232971	0.253795	0.000335843	0.000769412
95	0.030919	0.00701068	0.0432376	0.0136755	0.00375465	0.0574576	0.00692581	0.0089383	0.0580044	0.00580177	0.00269855	0.101971	0.0617774	0.0136964	0.0467427	0.310488	0.207127	0.00836882	0.00206333	0.00934242
96	0.0196982	0.00770941	0.000963151	0.000624966	0.00877448	0.00232867	0.00225	0.481231	0.000898646	0.0815463	0.0311729	0.00272603	0.000343436	0.00350502	0.00338156	0.0110471	0.0273256	0.31381	0.000197505	0.000465441
97	0.0382658	0.00872804	0.0348974	0.169807	0.00618647	0.0145383	0.0527474	0.0291426	0.155626	0.0506539	0.0161643	0.0173339	0.005419	0.186613	0.0750859	0.0638786	0.0348216	0.0288381	0.00161098	0.00964203
98	0.194526	0.00824872	0.127016	0.0669332	0.00460191	0.097233	0.0140412	0.0118238	0.0325306	0.00658054	0.00956009	0.0475198	0.00689711	0.0470155	0.0544652	0.108405	0.081219	0.0733147	0.00217872	0.0058903
99	0.0595548	0.143138	0.0056438	0.00747479	0.0201528	0.00495276	0.0114254	0.123505	0.00923728	0.195256	0.0192249	0.00751258	0.00518298	0.00974186	0.00626051	0.0423925	0.112239	0.194801	0.00278184	0.0195216
100	0.291063	0.0340876	0.0056243	0.00855118	0.0034931	0.0188066	0.00516653	0.05828	0.0135059	0.053287	0.0343582	0.0274936	0.00271664	0.0325216	0.00574532	0.0682462	0.184242	0.147894	0.00127375	0.00364374
101	0.0231131	0.00897013	0.0514908	0.203815	0.00500326	0.0162382	0.0389452	0.0208998	0.169042	0.0730512	0.0302644	0.0212481	0.00451717	0.160908	0.0313446	0.0655845	0.0393631	0.0294133	0.00158973	0.00519828
102	0.363773	0.0822702	0.00288571	0.00217009	0.0068367	0.038296	0.00837608	0.00995603	0.00653979	0.0158701	0.00620875	0.00387553	0.00397119	0.0048214	0.00919521	0.352645	0.0658734	0.00595877	0.0010924	0.00938556
103	0.0218174	0.0084065	0.000958277	0.000874416	0.0101068	0.00220684	0.00267676	0.479395	0.000948931	0.085393	0.0313074	0.0026892	0.000350269	0.00352596	0.00335818	0.012832	0.0296142	0.302304	0.000255572	0.00097919
104	0.320562	0.0843218	0.00383008	0.0033713	0.00709201	0.0375546	0.00966144	0.0102994	0.00930977	0.0146577	0.00692101	0.00588293	0.0069298	0.00637585	0.0179671	0.376764	0.0596717	0.00848074	0.00164393	0.00870258
105	0.0582617	0.00289393	0.262302	0.128173	0.00462303	0.0542303	0.00830959	0.00609867	0.0571493	0.0106441	0.00456154	0.135162	0.00500461	0.0442559	0.0186039	0.108433	0.0647617	0.0107829	0.00290963	0.0128402
106	0.0586331	0.0621398	0.00809659	0.00696994	0.0532057	0.00557184	0.0219287	0.0789359	0.0112721	0.192797	0.053397	0.00818142	0.00758769	0.0320487	0.00750732	0.0311506	0.0503385	0.243807	0.00562759	0.0608028
107	0.320916	0.0652017	0.00637697	0.00431479	0.0166778	0.0341274	0.0105018	0.0108824	0.011672	0.0163828	0.00748157	0.00982927	0.0131518	0.0103896	0.011192	0.346479	0.0813199	0.011454	0.0026038	0.00904522
108	0.0136901	0.0038757	0.00144118	0.00517963	0.0172291	0.00370791	0.00492232	0.198251	0.00431676	0.476146	0.128714	0.00484038	0.000801017	0.0190699	0.00579929	0.0124952	0.0129603	0.0840553	0.000490435	0.00201414
109	0.0959158	0.0192826	0.0851221	0.105426	0.00882163	0.0268681	0.0251469	0.0217806	0.0948186	0.0150603	0.00469317	0.0509962	0.00477849	0.129206	0.104528	0.11204	0.0523536	0.0273793	0.00688269	0.00890069
110	0.0270448	0.0407879	0.00534833	0.00602316	0.252696	0.00602586	0.0801024	0.0361245	0.0153694	0.144562	0.0273854	0.013882	0.0101475	0.0112767	0.0159877	0.037667	0.0203614	0.0435527	0.0103821	0.195273
111	0.196423	0.0589355	0.0148159	0.00883741	0.00889997	0.0897876	0.0133045	0.0128015	0.0306334	0.0142933	0.00741297	0.0289342	0.0525067	0.01632	0.0423443	0.286359	0.081154	0.021257	0.00591052	0.00906896
112	0.08861	0.0239068	0.0396773	0.0653373	0.00845361	0.0293739	0.0317992	0.0197097	0.128307	0.0229268	0.00890696	0.0248108	0.00729361	0.120642	0.208488	0.0787912	0.0417935	0.0314225	0.00931703	0.0104323
113	0.0827335	0.0239884	0.019013	0.0263234	0.0257615	0.0310364	0.0233954	0.0251252	0.0748565	0.0341329	0.0142923	0.0485676	0.201717	0.0294066	0.0346988	0.141425	0.090789	0.034992	0.0104201	0.0273258
114	0.0183025	0.0209359	0.00163344	0.00223815	0.29492	0.00176409	0.0287194	0.0185987	0.00781852	0.037535	0.0105006	0.0122378	0.00449031	0.00309208	0.00675446	0.0125983	0.0113415	0.0242464	0.0283023	0.453971
115	0.281332	0.0360529	0.0122715	0.0113961	0.00965347	0.329732	0.00835668	0.0366083	0.0130511	0.0162558	0.0125684	0.0126601	0.00968764	0.0141711	0.0129013	0.0689798	0.0325845	0.0735124	0.00364222	0.00458229
116	0.135956	0.0741427	0.0101105	0.0091188	0.0333424	0.0112673	0.0205307	0.0691631	0.0183793	0.0998509	0.0374122	0.0134884	0.00856197	0.0200805	0.0110299	0.0534474	0.107306	0.210376	0.00567395	0.0507623
117	0.259458	0.0407627	0.0209214	0.0199351	0.00804013	0.0415354	0.0159295	0.0136922	0.05712	0.0197468	0.00805679	0.0282553	0.0206051	0.0312942	0.0271222	0.276668	0.0812842	0.0191714	0.00348062	0.00692112
118	0.0077979	0.0025579	0.000984485	0.0052679	0.0187	0.0049912	0.00469435	0.150361	0.00273619	0.57097	0.137613	0.00470031	0.000718619	0.0153105	0.00344828	0.0106963	0.00823948	0.0486999	0.000459652	0.00105369
119	0.00686789	0.0022737	0.000905252	0.00471712	0.0187961	0.00397297	0.0048851	0.135921	0.00193507	0.601372	0.143165	0.00463589	0.00065384	0.0145691	0.00253066	0.0100975	0.00686694	0.0345661	0.000399982	0.00086832
120	0.0181804	0.00766391	0.000698246	0.000672313	0.00947238	0.00206259	0.00254587	0.514533	0.000887187	0.0867052	0.0316985	0.00239196	0.000354787	0.00371783	0.00368975	0.0102821	0.0238132	0.279871	0.000225284	0.000533805
121	0.396577	0.0392968	0.00230408	0.0022118	0.00738143	0.366066	0.0033786	0.0226105	0.00427394	0.00376279	0.00760162	0.00378191	0.0101817	0.00277285	0.00341796	0.0690389	0.00865444	0.0429591	0.00210768	0.00162124
122	0.114314	0.017684	0.113347	0.0509696	0.00842123	0.168982	0.0160543	0.0187329	0.0443606	0.0150612	0.00996078	0.103884	0.0132487	0.0315573	0.0294028	0.12686	0.073816	0.0278066	0.0052796	0.0102567
123	0.0191655	0.0889523	0.0189303	0.00507905	0.0787239	0.00434288	0.0595686	0.129224	0.0233463	0.0719647	0.0304105	0.00649776	0.00360537	0.00958292	0.00603496	0.0151497	0.0220131	0.304733	0.0190935	0.0835819
124	0.0283464	0.0024028	0.23341	0.423997	0.00303701	0.0217503	0.0131238	0.00803595	0.042504	0.0124801	0.00450497	0.0354259	0.00264531	0.0666438	0.0153363	0.0459877	0.0191922	0.00699749	0.00131804	0.0128615
125	0.140082	0.00484183	0.155182	0.115851	0.00550453	0.0871634	0.0137941	0.00809789	0.0595224	0.00997336	0.00726483	0.0605815	0.0058451	0.0806571	0.0388762	0.0886793	0.0732405	0.0357188	0.00276749	0.00635716
126	0.0845679	0.0604912	0.00845461	0.00970866	0.111308	0.00971173	0.0650601	0.0175314	0.0194509	0.0387734	0.0121991	0.0169142	0.185434	0.0152956	0.0147655	0.0774145	0.0306436	0.0249284	0.0376409	0.159707
127	0.108729	0.0553753	0.00758581	0.0471886	0.00607771	0.0100757	0.0582838	0.0378123	0.101122	0.0220548	0.00860897	0.0154434	0.00235172	0.157023	0.140742	0.118788	0.0349066	0.0557289	0.0020151	0.0100872
128	0.00752474	0.00233623	0.000896957	0.00469429	0.0188058	0.00413954	0.00497446	0.139688	0.00193836	0.595056	0.140931	0.00475775	0.000838264	0.0146684	0.00280812	0.0104208	0.00776944	0.0364982	0.00038174	0.000871778
129	0.0183107	0.0178904	0.00112098	0.0014684	0.293217	0.00127172	0.0224878	0.0108345	0.00555994	0.0224909	0.00656842	0.0110176	0.00283225	0.00184819	0.00447017	0.00829038	0.00826038	0.0213281	0.031893	0.508839
130	0.0197607	0.0756042	0.00659156	0.00692452	0.068293	0.00726188	0.197055	0.00958703	0.0831917	0.0209946	0.00745379	0.0480907	0.00692059	0.074027	0.0305611	0.0584594	0.0470534	0.0122962	0.00374993	0.216123
131	0.167086	0.00972399	0.0118148	0.0117778	0.00817183	0.00804253	0.0165958	0.026331	0.0187669	0.28323	0.0579574	0.011207	0.00561607	0.010091	0.00910571	0.149886	0.156831	0.0256956	0.0060491	0.0060199
132	0.025532	0.00170481	0.254753	0.46903	0.00229372	0.0205998	0.012541	0.00758663	0.0281494	0.00920728	0.00348349	0.0358421	0.00109071	0.0539435	0.00677085	0.0313812	0.0163919	0.00477711	0.000800974	0.0141198
133	0.0612164	0.0289847	0.0125349	0.019385	0.0242572	0.0142645	0.0221049	0.103756	0.0426537	0.133638	0.0322241	0.0358499	0.113242	0.0244731	0.0183927	0.0832383	0.117254	0.0828558	0.00812996	0.021545
134	0.103589	0.0209071	0.0494143	0.0188866	0.00908201	0.0379123	0.0173338	0.0167601	0.0433663	0.0225773	0.00936961	0.0684598	0.0247972	0.0239167	0.0264788	0.30128	0.167919	0.0237622	0.00375824	0.0104293
135	0.344718	0.0388342	0.00923316	0.00472557	0.00764712	0.376273	0.00414	0.0227647	0.00700405	0.00534266	0.00842201	0.00789862	0.0103817	0.00655357	0.00588469	0.0752629	0.0169833	0.0430863	0.00254086	0.00230385
136	0.0559858	0.0116604	0.0472168	0.0124421	0.0101165	0.0105212	0.0573966	0.0293116	0.0268607	0.148402	0.0597606	0.0302705	0.00744074	0.0189808	0.0160335	0.227641	0.18651	0.0258982	0.00618562	0.011365
137	0.0190881	0.0189957	0.00128092	0.00150149	0.288009	0.00133351	0.024969	0.0110546	0.00597613	0.0298902	0.00885135	0.0120357	0.00274091	0.00194743	0.00567133	0.0093147	0.00806069	0.0227081	0.0292802	0.497291
138	0.0226548	0.0165671	0.00655453	0.00644849	0.0712168	0.00450865	0.0170496	0.160418	0.0301877	0.106235	0.0910729	0.0213723	0.00487559	0.00826989	0.0058181	0.0327478	0.185031	0.11137	0.0408225	0.0567805
139	0.0373626	0.00352478	0.0832565	0.174008	0.00562317	0.0140241	0.0195269	0.00629062	0.179872	0.0170826	0.00615028	0.0196481	0.0216864	0.142921	0.142675	0.0817577	0.0263052	0.0112888	0.00329353	0.00370217
140	0.0183316	0.0179568	0.00111948	0.00147588	0.292871	0.00126769	0.0225392	0.0108442	0.00557038	0.0226829	0.00662127	0.0110484	0.00279971	0.00184921	0.00449383	0.00834079	0.00825133	0.0213906	0.0317166	0.508829
141	0.0466753	0.00287237	0.100888	0.202655	0.0060178	0.0347822	0.0237684	0.00720434	0.143947	0.0385072	0.0141115	0.0449299	0.00692806	0.145374	0.0344983	0.0933535	0.0241993	0.0188089	0.00192135	0.00855778
142	0.380757	0.0403828	0.00808013	0.00671235	0.00743377	0.307959	0.00559837	0.0214546	0.00986065	0.00677526	0.00883232	0.00688565	0.0107485	0.00792184	0.00922364	0.0902184	0.0217321	0.0444958	0.00225109	0.00267659
143	0.0749779	0.0174851	0.0221083	0.0620863	0.00944963	0.0209906	0.0609973	0.0297777	0.175673	0.0222137	0.00729848	0.0368071	0.00883063	0.122668	0.131388	0.0765827	0.0580966	0.0424189	0.00480851	0.0153414
144	0.379799	0.0727979	0.0038434	0.00236883	0.00616649	0.0699049	0.0128882	0.00971322	0.00735275	0.0139678	0.00611726	0.00608035	0.007599	0.00918704	0.00901075	0.305323	0.0570831	0.0118057	0.00141009	0.00758166
145	0.0275228	0.0134136	0.00226903	0.00514811	0.0140355	0.00300168	0.00725472	0.372743	0.00660159	0.192577	0.0513895	0.00724854	0.00148045	0.00813042	0.0054104	0.0219118	0.0487339	0.203355	0.00249771	0.00527536
146	0.288264	0.0332892	0.0203517	0.0127793	0.00941775	0.318724	0.0106078	0.0241451	0.0190721	0.0130799	0.0110031	0.0182707	0.0131657	0.0178643	0.0202433	0.0827648	0.0315547	0.0444544	0.00499075	0.00595718
147	0.370826	0.0810731	0.00286621	0.00216307	0.00645329	0.0491071	0.00854367	0.00996394	0.0062118	0.0141512	0.00593016	0.00398396	0.00477198	0.00469019	0.00959541	0.344054	0.0585879	0.00774178	0.00102628	0.00825869
148	0.359076	0.0394131	0.00235011	0.00227134	0.00788321	0.402078	0.00304156	0.0238865	0.00402744	0.00421868	0.00833777	0.00408711	0.00973233	0.00280361	0.00342291	0.0662472	0.00985306	0.0432853	0.00232167	0.00166371
149	0.178896	0.0589517	0.0544259	0.016734	0.0073301	0.0530399	0.04087	0.0113934	0.027532	0.0143542	0.00669963	0.0485295	0.0095455	0.0733856	0.0227932	0.237657	0.0846141	0.0203952	0.00404497	0.0288079
150	0.0436953	0.00333842	0.209806	0.354535	0.00495198	0.0292782	0.0130414	0.0102917	0.0454311	0.0136443	0.00613623	0.0454444	0.00370476	0.0614126	0.0227831	0.0590693	0.0441066	0.0144454	0.00316612	0.0117185
151	0.289183	0.0283989	0.00362983	0.00298672	0.00656396	0.271178	0.0135275	0.0155884	0.00995807	0.0111156	0.00657858	0.0151082	0.0287902	0.0311327	0.00492434	0.146656	0.0668881	0.040692	0.003958	0.0031413
152	0.172092	0.0248447	0.0795448	0.0402403	0.0127242	0.0367455	0.0141017	0.119639	0.0255969	0.0589809	0.0252787	0.0354826	0.00599079	0.0245678	0.0201715	0.0542251	0.0749876	0.160167	0.00359364	0.0110262
153	0.0443155	0.0038078	0.100712	0.240651	0.0115896	0.0242271	0.0210516	0.00933173	0.122341	0.0395256	0.0116927	0.0321935	0.00714988	0.158327	0.0423151	0.0752486	0.0274697	0.0189842	0.00303332	0.00603199
154	0.192112	0.0079853	0.00470386	0.00513881	0.00308892	0.0515307	0.0363588	0.00754438	0.0190057	0.0256151	0.00539575	0.0447699	0.0401341	0.104075	0.00359794	0.239311	0.169958	0.0311553	0.00433462	0.00418404
155	0.167946	0.02646	0.00853074	0.0265564	0.00304815	0.0235327	0.00723312	0.0762526	0.0312267	0.0492158	0.0257886	0.0883772	0.00433167	0.0560057	0.0157804	0.0959056	0.192109	0.094579	0.00325603	0.0038642
156	0.0155255	0.00677008	0.00256572	0.00812505	0.0343228	0.00490075	0.010094	0.152029	0.00676768	0.508536	0.11599	0.00628102	0.00186544	0.0154536	0.00524647	0.0168782	0.0194071	0.0558855	0.00221371	0.0111432
157	0.0164654	0.0126316	0.0175377	0.196002	0.00479052	0.00826264	0.0517436	0.0358088	0.175719	0.0840732	0.0353652	0.0123631	0.0022202	0.165546	0.0323332	0.0524736	0.0460268	0.0433529	0.00148511	0.00579925
158	0.0272125	0.00176341	0.298784	0.393881	0.00194675	0.0268248	0.0104568	0.00683972	0.0279671	0.00780221	0.00298283	0.0679246	0.000908095	0.0419998	0.00417631	0.0354379	0.0208446	0.00394153	0.000680691	0.0176256
159	0.069634	0.0101568	0.00907394	0.0896819	0.00925632	0.021442	0.084164	0.0500895	0.132149	0.0266357	0.00480402	0.0200318	0.00160083	0.184254	0.103656	0.0796352	0.0427058	0.0362553	0.00131002	0.0234638
160	0.0183107	0.0178904	0.00112098	0.0014684	0.293217	0.00127172	0.0224878	0.0108345	0.00555994	0.0224909	0.00656842	0.0110176	0.00283225	0.00184819	0.00447017	0.00829038	0.00826038	0.0213281	0.031893	0.508839
161	0.0125345	0.00577796	0.0609449	0.0256659	0.00786583	0.00583463	0.162229	0.00771916	0.0835933	0.0288173	0.0267001	0.187603	0.00225163	0.0101795	0.106901	0.158897	0.0407834	0.00953032	0.00270716	0.0534639
162	0.0373875	0.00351859	0.0840661	0.173812	0.00553825	0.0138688	0.0193989	0.00635436	0.179066	0.0170174	0.00611598	0.0195906	0.0217367	0.143686	0.142138	0.0819418	0.0266956	0.0111752	0.00330004	0.00359251
163	0.0634742	0.00342048	0.366152	0.0846069	0.00312402	0.0506965	0.00446335	0.00525127	0.0261487	0.00628367	0.00382827	0.169481	0.00201618	0.0222598	0.0063833	0.0960557	0.0596547	0.00677232	0.00139475	0.0185335
164	0.00690993	0.002145	0.00120838	0.0046595	0.0172079	0.00399315	0.00491363	0.128454	0.00254449	0.566896	0.188437	0.00472099	0.000857433	0.0136393	0.00264476	0.0120148	0.00749455	0.0296168	0.000528579	0.00111383
165	0.0258647	0.00505697	0.0858038	0.0194294	0.00102021	0.0447401	0.00902003	0.0103119	0.0508447	0.00311916	0.00160779	0.114915	0.0211843	0.00503965	0.02498	0.361861	0.209562	0.002134	0.000534299	0.00297004
166	0.00675492	0.00226552	0.000877629	0.00475882	0.0190282	0.00399749	0.0049254	0.136341	0.0018763	0.605253	0.138841	0.00465327	0.000652242	0.0146982	0.00243543	0.00980635	0.00693449	0.0347003	0.000382201	0.000818036
167	0.0617007	0.00246899	0.101369	0.208645	0.00738696	0.030801	0.0196652	0.00581706	0.135971	0.0313401	0.00856757	0.0397825	0.00908097	0.148907	0.0471558	0.0830217	0.0290376	0.0213422	0.00277172	0.00516826
168	0.0197197	0.0016699	0.23647	0.515606	0.00205764	0.0178892	0.0133842	0.00792303	0.0269381	0.00996573	0.00323857	0.0206445	0.000905465	0.059562	0.00548147	0.0283275	0.0125316	0.00392392	0.000569018	0.013192
169	0.405292	0.039429	0.0022457	0.00221651	0.00734862	0.356977	0.003567	0.0222603	0.00448703	0.0038667	0.00744165	0.00393847	0.0101403	0.00279695	0.00350736	0.0697552	0.00856229	0.0425042	0.00208207	0.00158148
170	0.0128416	0.018532	0.0146243	0.197863	0.00578546	0.0059377	0.0412485	0.0413876	0.16819	0.109806	0.0395677	0.00998324	0.00238257	0.15337	0.0308955	0.0452948	0.0505361	0.0452847	0.00196864	0.00449992
171	0.0859884	0.0248717	0.0198681	0.0363865	0.00257901	0.0103289	0.00444976	0.0837809	0.0894341	0.0672691	0.00810621	0.0663095	0.00171169	0.0298007	0.0540319	0.0837384	0.169708	0.154512	0.00386808	0.00325626
172	0.0419369	0.00541834	0.00594546	0.0308245	0.00904277	0.00446832	0.0263145	0.104179	0.0433964	0.356335	0.0363735	0.0135829	0.00352429	0.0081713	0.00682061	0.0932296	0.128319	0.0532128	0.0202248	0.00867982
173	0.408691	0.0526524	0.0034692	0.0028319	0.00208732	0.0219642	0.00356039	0.0475963	0.0110916	0.0465646	0.0314418	0.00689466	0.00161432	0.010505	0.00295537	0.0594731	0.10071	0.181752	0.000919285	0.00322544
174	0.0170921	0.010876	0.00121839	0.00260412	0.015379	0.00273029	0.00511267	0.330985	0.00210744	0.298139	0.073604	0.0030439	0.000673227	0.00910004	0.00356103	0.0115144	0.0204382	0.187652	0.000629656	0.00354024
175	0.0691449	0.023385	0.0251969	0.0390558	0.00436204	0.0307838	0.00789819	0.0411464	0.126949	0.0443796	0.00513029	0.0637005	0.00338096	0.0855279	0.0443453	0.150311	0.123538	0.0941541	0.0137537	0.00385615
176	0.0312878	0.0177744	0.00226547	0.00189939	0.00957183	0.00235948	0.00311879	0.436072	0.00228527	0.0640451	0.0284619	0.00488206	0.000767074	0.00528267	0.00409676	0.0236697	0.0811975	0.278822	0.000690801	0.00144966
177	0.0289911	0.0264369	0.0069414	0.00928002	0.177229	0.00716116	0.0454029	0.0620102	0.0143869	0.283546	0.0570256	0.0132137	0.00823286	0.0145809	0.0147875	0.057773	0.028202	0.0485152	0.00693667	0.089347
178	0.0127126	0.00498009	0.00557139	0.00588622	0.00362705	0.0586007	0.0206776	0.00628747	0.220075	0.00708894	0.00479773	0.00676774	0.00253599	0.0445971	0.499384	0.0303355	0.0117303	0.0226957	0.0272279	0.00442176
179	0.0616716	0.00355061	0.110386	0.21919	0.00697123	0.0302288	0.023333	0.00733598	0.123936	0.0283389	0.00837773	0.0424769	0.00766363	0.14601	0.0444233	0.0780713	0.028759	0.0196544	0.00266421	0.00695726
180	0.0766669	0.0361695	0.0163371	0.0200581	0.0241782	0.0164905	0.0746577	0.0848015	0.0319118	0.0736312	0.0279601	0.027071	0.0125863	0.0323412	0.0214689	0.0783783	0.13178	0.179419	0.00802677	0.0260666
181	0.0457921	0.0135228	0.0128984	0.0202714	0.0242428	0.0152582	0.0173353	0.141129	0.0231877	0.263558	0.155855	0.0170236	0.00455652	0.028766	0.0148672	0.0469296	0.0480412	0.0881357	0.00482713	0.013802
182	0.0339237	0.00687385	0.121951	0.300136	0.00670376	0.021048	0.0217732	0.0171996	0.114075	0.0309257	0.0125938	0.0327561	0.0103388	0.100493	0.041002	0.064428	0.0317233	0.0197681	0.00325474	0.00903244
183	0.0202017	0.00169493	0.234635	0.510741	0.00211396	0.0180716	0.0136012	0.00794626	0.0285308	0.0103809	0.00338912	0.0207072	0.00110657	0.0610103	0.0061661	0.0294441	0.0126687	0.00411366	0.000568407	0.0129087
184	0.117297	0.0166081	0.0220869	0.0227961	0.00998355	0.0239946	0.0165824	0.0272164	0.146188	0.0332975	0.0125297	0.0388119	0.0172018	0.0793225	0.031563	0.104616	0.216443	0.0497754	0.00591744	0.00776914
185	0.0211167	0.00798807	0.000685324	0.00184804	0.0107163	0.00234826	0.00365455	0.448319	0.00130727	0.166007	0.0412728	0.00269465	0.000399092	0.00530988	0.00360436	0.0112797	0.0230813	0.246353	0.000241938	0.00177292
186	0.0247396	0.005036	0.0868017	0.0192529	0.00099686	0.045209	0.00874189	0.0104219	0.0508055	0.00298777	0.00145674	0.116825	0.0216591	0.00479341	0.0251674	0.359439	0.210109	0.00203216	0.000532736	0.00299187
187	0.0289238	0.00668609	0.0910211	0.0218241	0.00109477	0.0423312	0.0104811	0.0116737	0.0540213	0.00325898	0.00167568	0.117504	0.0193031	0.00865925	0.0261967	0.346484	0.201949	0.00270487	0.000594909	0.00361278
188	0.059902	0.0107808	0.0665846	0.0354193	0.00684252	0.034346	0.0270589	0.0228949	0.0665065	0.0202566	0.0117257	0.142236	0.0290993	0.0360214	0.0325518	0.239936	0.122386	0.0213856	0.0041314	0.00993467
189	0.0191202	0.00789329	0.000884656	0.000623582	0.00843958	0.00219387	0.00236267	0.489623	0.000839934	0.0813941	0.0292312	0.00251631	0.000334935	0.0032927	0.00345946	0.0102999	0.0252924	0.311539	0.000202189	0.000456855
190	0.0280931	0.00188623	0.213972	0.456451	0.00318084	0.0212993	0.0145711	0.007466	0.0452587	0.0130216	0.0044362	0.0243444	0.00248425	0.0735372	0.0156925	0.0372744	0.0172187	0.007184	0.00100325	0.0116248
191	0.0191058	0.00743124	0.00125857	0.00183752	0.0102094	0.00260381	0.00258361	0.42209	0.0031149	0.123303	0.0665305	0.00337497	0.000738545	0.00840599	0.00549331	0.0128385	0.0260629	0.281596	0.000377338	0.00104379
192	0.39578	0.0540184	0.00346607	0.00305413	0.00252079	0.0244352	0.00367919	0.0437465	0.013072	0.0468901	0.0354434	0.00747946	0.00161578	0.0101471	0.00320331	0.0602762	0.103782	0.182896	0.000944525	0.00354898
193	0.0941779	0.047899	0.0101883	0.0297714	0.00230299	0.00909807	0.00700096	0.069075	0.0942591	0.0554215	0.00629347	0.0393902	0.0017498	0.0388775	0.0873489	0.0943102	0.152473	0.153617	0.0037411	0.00300508
