293	20
1	0.274466	0.100221	0.00141951	0.0108706	0.0151273	0.0197233	0.00242823	0.106518	0.00167226	0.0256064	0.00736328	0.00332843	0.0088159	0.00230569	0.00230058	0.124276	0.118373	0.172816	0.000595616	0.00177302
2	0.138623	0.0395574	0.00964889	0.0251453	0.00473422	0.0498077	0.0135973	0.00315915	0.0385534	0.00913689	0.00325989	0.0397811	0.0520957	0.0340179	0.0145692	0.310136	0.183412	0.0211268	0.00164582	0.00799217
3	0.122637	0.043434	0.0148759	0.0189843	0.00822012	0.14329	0.0108338	0.00968978	0.022489	0.0387062	0.0107293	0.0465992	0.0439233	0.0764026	0.0365605	0.213204	0.0592724	0.0703129	0.0022624	0.00757353
4	0.00988379	0.00180571	0.000627799	0.000826486	0.0524602	0.00108621	0.000748298	0.484075	0.000948596	0.132707	0.0230544	0.0010515	0.00362583	0.000931883	0.000716846	0.00541736	0.0101708	0.267883	0.000207716	0.00177169
5	0.0263598	0.00472242	0.00161397	0.00895535	0.466406	0.00572144	0.0492177	0.00740091	0.00534079	0.0700497	0.0151366	0.0227421	0.00130264	0.0124843	0.0106305	0.0118198	0.0120274	0.0119107	0.0120889	0.244069
6	0.00921459	0.00182683	0.000612322	0.000808139	0.0517059	0.00101185	0.000751936	0.485386	0.000943607	0.130674	0.0222759	0.000995092	0.00361107	0.000935053	0.000709696	0.00528613	0.0101396	0.271158	0.000205755	0.00174881
7	0.0227792	0.0508784	0.000748767	0.00118412	0.0448421	0.00121298	0.00183162	0.180454	0.000927943	0.397326	0.129308	0.00147013	0.00068591	0.00204878	0.00237212	0.00873181	0.0214371	0.128088	0.000456454	0.00321738
8	0.0433138	0.0215796	0.120935	0.0402247	0.0137863	0.0296883	0.0241659	0.0106657	0.0363068	0.0128867	0.00797735	0.187398	0.00629218	0.0529153	0.0189488	0.235317	0.102436	0.0243768	0.00233914	0.00844744
9	0.0669359	0.008011	0.00578331	0.035598	0.00916272	0.0059682	0.0241292	0.132418	0.00946732	0.0852067	0.0886796	0.0523728	0.0900853	0.0452652	0.00975743	0.132102	0.0452799	0.144135	0.00346963	0.00617298
10	0.0217893	0.00154403	0.0241977	0.0420617	0.00358488	0.0237443	0.0208952	0.00870183	0.264548	0.0149448	0.0145973	0.0747924	0.0064628	0.0972972	0.201513	0.085116	0.0639897	0.0220705	0.00362348	0.00452615
11	0.0501756	0.00954211	0.00445508	0.0293102	0.00710659	0.00588473	0.0075017	0.0887037	0.00998736	0.0870096	0.0213061	0.0517183	0.240664	0.0158662	0.0291488	0.0723015	0.144402	0.116685	0.00200457	0.00622703
12	0.0140946	0.0166851	0.000601965	0.000834638	0.0456732	0.00100232	0.00102896	0.3681	0.000922033	0.240016	0.0536617	0.00103631	0.00240243	0.00160139	0.00157007	0.00590233	0.0138192	0.228671	0.000228444	0.00214911
13	0.00892008	0.00298361	0.000539154	0.000997674	0.0447279	0.000950996	0.00113441	0.471333	0.0011604	0.130447	0.0242086	0.00100863	0.00357407	0.0011179	0.000916785	0.0054008	0.0127908	0.285855	0.000190916	0.00174248
14	0.0716625	0.0960025	0.00674795	0.00808873	0.0582191	0.00720078	0.0463944	0.0110788	0.0088374	0.0323966	0.0241148	0.0278313	0.009902	0.0560245	0.0259007	0.32417	0.0936106	0.0387759	0.0234565	0.0295853
15	0.016095	0.000855811	0.0209029	0.0327165	0.00302538	0.0199216	0.0119521	0.00592661	0.307045	0.0117289	0.0163455	0.0410763	0.00658859	0.0788744	0.310496	0.0585642	0.0394294	0.0138213	0.00394268	0.000692244
16	0.0400382	0.0477401	0.27271	0.0263864	0.0249106	0.0234642	0.0164207	0.00988268	0.0121618	0.0261063	0.00731005	0.163751	0.00510852	0.0593733	0.00820615	0.153809	0.0499875	0.0414469	0.00580331	0.00538423
17	0.0143828	0.00505194	0.00117027	0.00894707	0.305979	0.00420729	0.0638666	0.00581687	0.0088208	0.0507999	0.0200069	0.0371275	0.00100151	0.0195958	0.0167143	0.0146443	0.00654858	0.0147189	0.0210512	0.379549
18	0.0158304	0.000949943	0.0184579	0.0288865	0.00310703	0.016919	0.0116613	0.0062576	0.293727	0.0111179	0.017308	0.0339343	0.00632493	0.0740413	0.347801	0.060026	0.0374408	0.0118714	0.00351831	0.000819492
19	0.119735	0.0104644	0.055576	0.0533436	0.00306387	0.369574	0.0107506	0.00486436	0.0367182	0.0107962	0.00739693	0.0510192	0.039127	0.0381084	0.0295439	0.104948	0.0330748	0.0147554	0.00089524	0.00624418
20	0.0266834	0.00139874	0.20582	0.415031	0.00590646	0.0222641	0.0180574	0.00821379	0.0291392	0.0110583	0.00368653	0.0573312	0.0111235	0.0513755	0.0167582	0.0558596	0.0382482	0.0194955	0.000208778	0.00234031
21	0.093073	0.0267871	0.00749319	0.00963652	0.00725302	0.00304451	0.0178198	0.296304	0.00330883	0.0831672	0.0148683	0.00591166	0.0288224	0.00954285	0.0109624	0.0434609	0.0607433	0.263172	0.000530715	0.0140984
22	0.0258536	0.0011914	0.207052	0.428037	0.00526629	0.0216273	0.0166685	0.00836694	0.0286558	0.0108057	0.00355835	0.0522826	0.0116229	0.0499704	0.0163684	0.0535763	0.0373374	0.0191767	0.00021193	0.002371
23	0.0581897	0.00342622	0.0257483	0.0792963	0.00592814	0.0101629	0.0338695	0.0321707	0.173632	0.0173848	0.0118613	0.0427971	0.00506589	0.0700299	0.131396	0.112754	0.0981368	0.0810769	0.000686756	0.00638562
24	0.0292683	0.00622016	0.00193122	0.00831752	0.447114	0.00779609	0.02953	0.0576746	0.00482305	0.114193	0.0304433	0.0140487	0.00217665	0.00873055	0.00926046	0.0147248	0.017725	0.0347849	0.00768528	0.153553
25	0.013519	0.00629754	0.00417979	0.00837153	0.168031	0.0101494	0.00683922	0.0811931	0.0342	0.190536	0.0798968	0.0377831	0.0500546	0.0715588	0.0305571	0.0430469	0.053934	0.0677384	0.00301815	0.0390956
26	0.0228376	0.00147848	0.0236377	0.0470489	0.0038985	0.0213762	0.017149	0.0111974	0.297451	0.0171796	0.017825	0.056019	0.00973009	0.0849111	0.210188	0.069094	0.0533627	0.0291956	0.00472616	0.00169393
27	0.0416891	0.00965646	0.0184097	0.0274893	0.00821335	0.0271194	0.0209223	0.0109431	0.0620748	0.0127436	0.00972877	0.168543	0.00634135	0.0847273	0.0478458	0.239716	0.147391	0.0251986	0.00178938	0.0294569
28	0.276543	0.101732	0.00128489	0.0113104	0.0153994	0.0199191	0.00224149	0.101251	0.00160721	0.0239804	0.00691657	0.00332044	0.00853086	0.00211155	0.00212862	0.126119	0.120673	0.172719	0.000615863	0.00159724
29	0.0343202	0.0671799	0.187429	0.0222948	0.0360146	0.0220907	0.0191076	0.0127688	0.0114487	0.0423948	0.00997679	0.165873	0.00430211	0.0544841	0.00946041	0.187687	0.0496569	0.0476746	0.0084611	0.00737523
30	0.164444	0.0495314	0.00502975	0.0104178	0.00636239	0.0067663	0.0110242	0.19815	0.00355744	0.0504664	0.0117441	0.00987175	0.074647	0.0100324	0.00836558	0.106665	0.0725995	0.189877	0.000823362	0.00962515
31	0.0614944	0.0227401	0.00295213	0.016563	0.0214916	0.035541	0.00775642	0.0697728	0.0145955	0.126082	0.192067	0.016253	0.00204873	0.0169312	0.00957112	0.126698	0.135244	0.107414	0.00205476	0.0127283
32	0.0503342	0.0124854	0.00284358	0.0222643	0.0255992	0.0309613	0.00778752	0.0760121	0.0175828	0.15428	0.185248	0.0190435	0.00172565	0.0229269	0.00930537	0.112017	0.136899	0.102102	0.00235056	0.00823153
33	0.0309434	0.0110036	0.00221028	0.0110032	0.0161466	0.00554006	0.0123126	0.264225	0.00610974	0.124636	0.0384055	0.0059455	0.00648177	0.0082575	0.00749622	0.0150707	0.0613474	0.370676	0.000235224	0.00195385
34	0.0123959	0.00883051	0.00164308	0.00501219	0.296616	0.00643648	0.00273082	0.174355	0.00322523	0.171366	0.0719509	0.00981993	0.00311962	0.00499115	0.00969771	0.0166332	0.018122	0.0828336	0.0028242	0.0973963
35	0.2299	0.00714782	0.0199094	0.0478227	0.0352833	0.00372771	0.0214002	0.0240531	0.00524773	0.0301466	0.0241551	0.0286748	0.00370688	0.0256117	0.0070486	0.246734	0.11942	0.114341	0.00147972	0.00419048
36	0.0256161	0.00498859	0.00152876	0.00825269	0.436994	0.00556614	0.0451092	0.0241664	0.00539239	0.0799127	0.0227211	0.0219718	0.00132561	0.0119519	0.0107863	0.0122217	0.0122342	0.018973	0.0116137	0.238673
37	0.0165204	0.0322502	0.00131859	0.00338921	0.0567817	0.00238526	0.00534187	0.112776	0.00406061	0.469559	0.137692	0.00383504	0.00148257	0.00476662	0.00441793	0.0137122	0.0249926	0.0997556	0.000705125	0.00425738
38	0.0169191	0.0101327	0.024808	0.0290539	0.0250328	0.0194167	0.136993	0.012606	0.0448742	0.0751476	0.0150199	0.123879	0.00302711	0.0932405	0.0982876	0.108645	0.101053	0.0269685	0.00830088	0.0265946
39	0.0159949	0.000778876	0.02042	0.0319516	0.00302327	0.0183471	0.0129223	0.00573119	0.299202	0.0118445	0.0157698	0.0369905	0.00666758	0.0776051	0.331597	0.0582	0.0364645	0.0121852	0.00363056	0.000674107
40	0.0246417	0.0520331	0.000678749	0.00101876	0.0446167	0.00094441	0.00158563	0.191031	0.000859803	0.376684	0.132556	0.00138269	0.000625821	0.00206439	0.00213632	0.00873655	0.0209855	0.133702	0.000316524	0.00339958
41	0.108276	0.0333193	0.0072149	0.00864134	0.00647908	0.00318914	0.0190502	0.315279	0.00313991	0.0688378	0.00972233	0.00653427	0.0276271	0.0123129	0.0100991	0.0509299	0.056576	0.233705	0.000893778	0.0181729
42	0.0625649	0.00539403	0.146994	0.283602	0.00360874	0.0282651	0.020681	0.00735478	0.0479835	0.0124514	0.00675226	0.0541778	0.0290394	0.0891382	0.0318975	0.0875777	0.0541956	0.0212606	0.000266918	0.0067941
43	0.0581665	0.0033913	0.0258773	0.0795706	0.00593497	0.0103355	0.0338074	0.0319712	0.173614	0.017272	0.0119351	0.0427196	0.00507886	0.0699083	0.13077	0.113389	0.0982533	0.0810653	0.000690341	0.0062493
44	0.0126019	0.0215681	0.000859334	0.00157854	0.0722981	0.00147946	0.00377242	0.121131	0.00132594	0.503843	0.104166	0.0021543	0.0008583	0.00201702	0.00508192	0.00646052	0.0162884	0.117077	0.000673103	0.00476509
45	0.0539221	0.00904288	0.0466594	0.0664474	0.0104284	0.00899976	0.0383828	0.0645679	0.0611269	0.0693616	0.0453205	0.0895972	0.00472231	0.0533816	0.0442759	0.095824	0.101422	0.119554	0.00383435	0.0131289
46	0.0463496	0.00414186	0.0731791	0.160799	0.00578759	0.0198735	0.023917	0.0146922	0.159752	0.0220293	0.0124876	0.0505085	0.0154464	0.0805812	0.123592	0.0830191	0.0599414	0.0361412	0.00222193	0.00553979
47	0.0371616	0.00298765	0.132776	0.275203	0.00487338	0.0213076	0.0201669	0.0113597	0.103237	0.0163819	0.00899873	0.053608	0.0149932	0.0726687	0.0671304	0.0698086	0.0535408	0.028689	0.00105292	0.00405504
48	0.138766	0.0358177	0.010811	0.0263178	0.00438429	0.0527236	0.0139021	0.0045628	0.0451592	0.0141347	0.00493985	0.0450295	0.0475402	0.0363049	0.0173449	0.297616	0.172973	0.0223527	0.00129864	0.00802115
49	0.00601262	0.00234038	0.000431389	0.00067588	0.0394328	0.000645885	0.000661707	0.478492	0.00104829	0.113033	0.0176067	0.000837469	0.00345662	0.000831523	0.000651457	0.00387893	0.0097989	0.318059	0.000152249	0.00195322
50	0.018284	0.00148091	0.0172188	0.0291549	0.00410928	0.0141056	0.0126049	0.00876204	0.273075	0.011793	0.0193657	0.0297213	0.00606634	0.0730785	0.359182	0.0641674	0.0394697	0.0139299	0.00301158	0.00141893
51	0.0289097	0.00256786	0.0364553	0.0575516	0.0049313	0.0224982	0.0202981	0.00980883	0.25891	0.0200751	0.0152017	0.05688	0.0112585	0.0905956	0.199898	0.0780953	0.0544055	0.0242796	0.00357526	0.00380499
52	0.0323958	0.00956908	0.0163716	0.0217711	0.166858	0.0140855	0.0460986	0.022207	0.025411	0.0467206	0.0235945	0.0974574	0.00543732	0.039626	0.0249653	0.0783474	0.0524293	0.035	0.0129781	0.228677
53	0.0232257	0.00857622	0.00325691	0.0100556	0.374052	0.00620106	0.0374709	0.0524524	0.00799666	0.103259	0.0322607	0.0229856	0.00273009	0.0131791	0.0122285	0.0215562	0.0183437	0.0379478	0.0105594	0.201662
54	0.0403957	0.011786	0.0117932	0.0156317	0.0172624	0.00606409	0.0221659	0.219612	0.0088825	0.122635	0.0408844	0.0323277	0.00813699	0.0156046	0.0107156	0.0368263	0.0732067	0.296555	0.00117527	0.00833832
55	0.0110476	0.00577884	0.000565287	0.00209648	0.0338651	0.00139922	0.00222346	0.422236	0.00189002	0.131113	0.0247421	0.00120091	0.00337276	0.00192864	0.00158385	0.00553544	0.0187789	0.328881	0.000144157	0.00161722
56	0.0081694	0.00345699	0.000456558	0.00144003	0.0362369	0.0009965	0.00156435	0.45301	0.00145769	0.11741	0.0198685	0.00102201	0.00352291	0.0013323	0.00111236	0.00464644	0.0149021	0.327441	0.000148534	0.00180579
57	0.0184627	0.00548193	0.00177247	0.00907565	0.353223	0.00848517	0.0517146	0.0229685	0.00778587	0.0667416	0.0238281	0.0299857	0.00142856	0.0162228	0.0135065	0.0149995	0.0109572	0.0213521	0.015393	0.306615
58	0.0381899	0.00590728	0.169778	0.33945	0.00666545	0.0552991	0.019884	0.00869853	0.0371623	0.012416	0.00516422	0.066881	0.0153306	0.0537173	0.0236609	0.072409	0.0431836	0.0206375	0.00123178	0.00433352
59	0.0219927	0.018719	0.0020599	0.0044441	0.0397861	0.00368747	0.00574959	0.231924	0.00393857	0.29583	0.0687848	0.00529588	0.00475182	0.00526647	0.00587221	0.0133384	0.0309653	0.234027	0.000533556	0.00303385
60	0.00974182	0.0228362	0.00106393	0.00199798	0.0661088	0.00144028	0.00646033	0.0796549	0.00170287	0.549921	0.135694	0.00261856	0.00105985	0.00253964	0.00415701	0.00674046	0.0161829	0.0870783	0.000652222	0.00234894
61	0.0343081	0.00542682	0.19336	0.354925	0.00737008	0.0234335	0.019463	0.00945699	0.0331383	0.0130788	0.00518614	0.0650442	0.0138659	0.052165	0.0187722	0.0815459	0.0434367	0.0211964	0.000764091	0.00406276
62	0.0381437	0.00546061	0.163613	0.342186	0.00850959	0.0232053	0.0195368	0.0132062	0.0393611	0.0163522	0.00854368	0.0567037	0.0169419	0.0549272	0.0255088	0.0715305	0.0603775	0.0292101	0.0014569	0.00522485
63	0.0256044	0.0108476	0.00170268	0.00767888	0.0220341	0.00398963	0.00854604	0.306562	0.00451632	0.134856	0.0412225	0.00426074	0.00522566	0.00586096	0.00554785	0.0128854	0.0482885	0.348401	0.000210567	0.00175857
64	0.0246855	0.0518831	0.000678853	0.00103377	0.044382	0.000955729	0.00159029	0.191637	0.000875925	0.375518	0.132242	0.00137374	0.000638042	0.00207084	0.00213876	0.00877878	0.0211206	0.134688	0.00031156	0.00339715
65	0.0392753	0.0108966	0.197081	0.287063	0.0112525	0.0280389	0.0188412	0.0130165	0.0380201	0.0181743	0.00830795	0.0719561	0.0130914	0.0525584	0.0259983	0.0840251	0.0468944	0.0281679	0.00207837	0.0052629
66	0.013549	0.00468754	0.00107806	0.00922263	0.29544	0.00361776	0.0664434	0.00225962	0.00903725	0.0462971	0.0197818	0.0390538	0.000890653	0.0205996	0.0174268	0.0147239	0.00551892	0.0138743	0.0200254	0.396472
67	0.0833451	0.0167663	0.0320203	0.0388933	0.0126204	0.399662	0.0169916	0.0144459	0.0394357	0.0177297	0.0112491	0.0709242	0.0168783	0.0287184	0.0343419	0.0841142	0.045329	0.0247459	0.00295786	0.00883075
68	0.012717	0.00853944	0.0015651	0.00504956	0.314101	0.00691154	0.00421755	0.16392	0.00332382	0.159033	0.0673546	0.0101216	0.0029502	0.00521517	0.00975995	0.0162538	0.018942	0.0775805	0.00342924	0.109016
69	0.0486138	0.0137516	0.00461691	0.00902043	0.0215553	0.00303089	0.00927233	0.321154	0.00463703	0.097275	0.0230951	0.0100023	0.0606343	0.00933214	0.00840599	0.0308771	0.0461234	0.271108	0.000581894	0.00691263
70	0.051846	0.0168768	0.0305466	0.0489557	0.022283	0.0225148	0.0234089	0.0704931	0.077122	0.0570669	0.034378	0.0547348	0.0162235	0.0945607	0.057576	0.0903701	0.0828779	0.125804	0.0042255	0.0181356
71	0.0557121	0.00806517	0.00518806	0.0216627	0.21009	0.0312157	0.00729065	0.153842	0.00556235	0.114988	0.0293749	0.0131144	0.00354749	0.00894864	0.00809802	0.0543746	0.0991703	0.111094	0.00326539	0.0553951
72	0.0419945	0.0190214	0.0102935	0.0172483	0.0222921	0.0162471	0.0191766	0.0383419	0.0245929	0.117166	0.0880393	0.033372	0.0120684	0.0244407	0.046943	0.200009	0.192676	0.0545991	0.00682727	0.014651
73	0.0258536	0.0011914	0.207052	0.428037	0.00526629	0.0216273	0.0166685	0.00836694	0.0286558	0.0108057	0.00355835	0.0522826	0.0116229	0.0499704	0.0163684	0.0535763	0.0373374	0.0191767	0.00021193	0.002371
74	0.134131	0.0384943	0.00434952	0.0241933	0.010322	0.0538309	0.0146731	0.00367981	0.0287643	0.00647049	0.00289503	0.0329322	0.0648386	0.0290437	0.0113201	0.274718	0.2194	0.0266869	0.0028286	0.0164284
75	0.0173761	0.000709704	0.0242566	0.03992	0.00306927	0.0239745	0.0131433	0.00619504	0.319854	0.0132539	0.0161172	0.0531128	0.00789775	0.0861923	0.24946	0.0600727	0.0435247	0.0168477	0.00432125	0.000700751
76	0.0619207	0.00961235	0.0211705	0.0221772	0.0144307	0.00575628	0.0177193	0.175476	0.0106153	0.10204	0.0543746	0.0489852	0.00697483	0.0180402	0.0162785	0.0521816	0.0928943	0.255187	0.00201283	0.0121529
77	0.0215172	0.0263465	0.00165497	0.0027466	0.0577957	0.00263317	0.00368179	0.259896	0.00222901	0.295844	0.0828471	0.00419832	0.00278668	0.00295181	0.00368809	0.0108284	0.0225711	0.187255	0.000858735	0.00766895
78	0.0163532	0.00062396	0.0235337	0.0378487	0.00302292	0.0241135	0.0125482	0.00544917	0.324136	0.0129952	0.0154542	0.0518383	0.00781988	0.0854312	0.258089	0.0589252	0.0415515	0.0152309	0.00447514	0.000560333
79	0.0977235	0.0085577	0.119983	0.191981	0.00238638	0.0389925	0.0196743	0.00609539	0.0536279	0.0133096	0.00898162	0.0577378	0.0485018	0.0899574	0.0317437	0.12078	0.0602338	0.0205373	0.000384313	0.00881104
80	0.0140348	0.00468971	0.00112063	0.00910732	0.303254	0.00357941	0.0658982	0.00233989	0.00880975	0.0471183	0.0194382	0.0381694	0.000919586	0.0201098	0.0170528	0.014777	0.00580772	0.0137238	0.0195747	0.390475
81	0.00905567	0.00365271	0.000636211	0.00163788	0.0362378	0.00106778	0.00183942	0.455444	0.00155388	0.113555	0.0193111	0.00121311	0.00383933	0.00142465	0.00132142	0.00498698	0.014572	0.32649	0.000182122	0.00197902
82	0.0262844	0.0160755	0.00636386	0.0112202	0.0882336	0.00762218	0.0182703	0.0277559	0.202708	0.0783031	0.0500785	0.0384273	0.00880563	0.0811684	0.0668157	0.0373162	0.122399	0.0544595	0.00628922	0.0514036
83	0.070268	0.00879705	0.0154226	0.0202343	0.0162905	0.00627327	0.0159242	0.132194	0.0125972	0.049269	0.0319956	0.106637	0.00719577	0.0531627	0.0132816	0.0604871	0.17199	0.181043	0.00289954	0.0240381
84	0.151843	0.0145844	0.0570886	0.0391286	0.00802355	0.00417885	0.0177096	0.0629942	0.0151604	0.0834323	0.0698763	0.0566748	0.00259257	0.0167838	0.0180322	0.0859498	0.100742	0.173606	0.00307746	0.018521
85	0.150262	0.0208171	0.0195947	0.021032	0.0136926	0.0104492	0.00978648	0.0860722	0.0131334	0.131193	0.0993515	0.0296902	0.00503083	0.0140732	0.0233093	0.088457	0.0858366	0.165159	0.00192853	0.0111314
86	0.219498	0.0863914	0.00284123	0.0120231	0.015029	0.0168065	0.00449483	0.0939628	0.00568637	0.0242058	0.0105914	0.0156205	0.00977357	0.00665278	0.00514134	0.134256	0.17565	0.154743	0.000841649	0.00579072
87	0.0463612	0.0302653	0.0748315	0.0617893	0.01366	0.181308	0.0545912	0.00508067	0.0208613	0.0103399	0.00586946	0.234577	0.00273711	0.0577301	0.00851356	0.111906	0.0541124	0.020943	0.00135441	0.00316823
88	0.0769038	0.00949143	0.021428	0.0627204	0.00679651	0.0165754	0.0280571	0.0257722	0.146066	0.0169004	0.011813	0.0452633	0.011667	0.0661837	0.104038	0.152117	0.115482	0.074337	0.000913579	0.00747424
89	0.0347531	0.0109482	0.00294345	0.0116487	0.0301869	0.0135099	0.0122815	0.27248	0.00604329	0.107029	0.0330914	0.00907911	0.0062848	0.00818038	0.00725659	0.0241321	0.071195	0.333099	0.000685016	0.00517235
90	0.133142	0.0341577	0.0108581	0.0256778	0.00526755	0.0500382	0.0130286	0.00332388	0.0505959	0.0122376	0.00662789	0.0376777	0.0693142	0.0358055	0.0155542	0.293273	0.168181	0.0251785	0.00185958	0.00820137
91	0.0393996	0.0239935	0.0148419	0.0276459	0.0259955	0.0530361	0.076293	0.0347368	0.0326191	0.0618905	0.0699562	0.0807225	0.0119631	0.032048	0.0355317	0.0822134	0.116145	0.0871014	0.0757352	0.0181313
92	0.0319283	0.0021719	0.0582367	0.104679	0.0034933	0.023201	0.0164093	0.00792098	0.230961	0.0128338	0.0129825	0.0498194	0.0133048	0.0841526	0.200638	0.0736623	0.0474369	0.0206116	0.00277693	0.00277905
93	0.106443	0.013197	0.0127806	0.0191334	0.00745399	0.0393424	0.00987896	0.0116311	0.138909	0.0363952	0.0431915	0.0567457	0.15783	0.041885	0.0193591	0.152147	0.101777	0.0216348	0.00253082	0.00773468
94	0.0501939	0.00352643	0.182533	0.335126	0.00408624	0.0280179	0.0183333	0.00725876	0.0387298	0.010536	0.0053882	0.0572958	0.0261932	0.064393	0.0215412	0.0768016	0.045785	0.0192912	0.000246238	0.00472327
95	0.0656328	0.00836427	0.025482	0.0282401	0.00610466	0.379892	0.0171072	0.00667328	0.0908159	0.0107179	0.00927845	0.0904904	0.0142636	0.0424425	0.0673799	0.0751377	0.0385929	0.0148075	0.00245118	0.00612558
96	0.0134641	0.00468646	0.00122259	0.00956343	0.292514	0.00362822	0.0672939	0.00227952	0.00910853	0.0459118	0.0198138	0.0395286	0.000925073	0.0210937	0.0181248	0.0155034	0.00612541	0.0138722	0.0198946	0.395446
97	0.0161501	0.000605326	0.0233708	0.0371218	0.00298994	0.0244302	0.012259	0.0052899	0.324385	0.0127482	0.0151918	0.0524226	0.00779813	0.0857074	0.258964	0.0588148	0.0416137	0.0149696	0.00455894	0.000609022
98	0.0168152	0.000662618	0.0236312	0.0376621	0.00309851	0.0234122	0.0129667	0.00594224	0.320093	0.0128956	0.0152168	0.0510108	0.0078792	0.0843434	0.262352	0.0594033	0.0417674	0.0158698	0.0043583	0.000619549
99	0.0347051	0.00488515	0.178381	0.337168	0.00706336	0.0310077	0.0219429	0.00854606	0.0373965	0.0127707	0.00510147	0.0831699	0.012647	0.0553218	0.0223211	0.077435	0.0443475	0.0214986	0.000736593	0.00355396
100	0.0393355	0.00494146	0.150141	0.307721	0.00680924	0.0230662	0.0202701	0.0130008	0.0557776	0.0162387	0.00886185	0.0569971	0.016956	0.0684404	0.0386939	0.0741324	0.0617473	0.0297528	0.00140908	0.00570698
101	0.0225468	0.00853396	0.00139267	0.00349047	0.0415436	0.00234514	0.00337374	0.386364	0.00208464	0.15069	0.0357476	0.0022814	0.00380371	0.0026546	0.00234638	0.00819405	0.0242301	0.295782	0.000299376	0.0022959
102	0.0174249	0.00586861	0.0018555	0.00898814	0.335621	0.00477889	0.0540547	0.0203449	0.0115888	0.0634743	0.0246078	0.031627	0.00178591	0.0183274	0.0200695	0.0157147	0.0124674	0.0205347	0.0162968	0.314569
103	0.0219821	0.0167152	0.00110746	0.0047541	0.0304335	0.00274227	0.0055837	0.296216	0.00308646	0.204903	0.0552574	0.00258052	0.00371096	0.00437844	0.00390231	0.0100366	0.0334201	0.29699	0.000230686	0.00196884
104	0.0430857	0.0119432	0.182129	0.24259	0.0113449	0.026617	0.0216852	0.0170524	0.0465959	0.0209159	0.0105102	0.0756432	0.0189098	0.0530412	0.0313227	0.0937162	0.0510864	0.0334465	0.00225402	0.00611053
105	0.012225	0.00531709	0.000717739	0.00268754	0.033924	0.00146008	0.00278642	0.424577	0.00205046	0.124491	0.0242878	0.00148024	0.00394321	0.0021271	0.00186522	0.00615425	0.0194649	0.32832	0.000156571	0.00196438
106	0.00608429	0.00231463	0.000430093	0.000663574	0.0403624	0.000689739	0.000659864	0.480511	0.00103638	0.114185	0.017973	0.000871125	0.00348911	0.000832508	0.000652111	0.00405047	0.00978188	0.313246	0.000152422	0.00201426
107	0.0305888	0.00210929	0.188012	0.387068	0.0071962	0.0221324	0.0174631	0.00992708	0.039992	0.0136971	0.00653119	0.0534039	0.0144751	0.0525611	0.0256546	0.060623	0.0417075	0.0216911	0.000633605	0.00453216
108	0.0249582	0.00108327	0.0228811	0.045931	0.00431809	0.01983	0.0157039	0.00987463	0.294168	0.0137716	0.0146899	0.0479845	0.00803932	0.0806446	0.242537	0.0717714	0.0499857	0.0267165	0.0036005	0.00151091
109	0.0296003	0.0269382	0.00134729	0.00527261	0.0278099	0.00288507	0.00603824	0.239959	0.00314126	0.243515	0.0713102	0.00287273	0.00369221	0.00608219	0.00438138	0.0113044	0.0373359	0.273784	0.000227348	0.00250246
110	0.0544019	0.0159696	0.0947316	0.0649157	0.00842135	0.0460867	0.0412771	0.0079864	0.0312747	0.00964197	0.00571276	0.197872	0.0075896	0.0416416	0.0154839	0.240902	0.0915036	0.0180227	0.000937024	0.00562789
111	0.0246417	0.0520331	0.000678749	0.00101876	0.0446167	0.00094441	0.00158563	0.191031	0.000859803	0.376684	0.132556	0.00138269	0.000625821	0.00206439	0.00213632	0.00873655	0.0209855	0.133702	0.000316524	0.00339958
112	0.0276427	0.0247217	0.00165016	0.00651769	0.0320645	0.00380476	0.0067559	0.205799	0.00427878	0.281835	0.0839231	0.00489157	0.0037541	0.00599131	0.00503837	0.0189525	0.0478823	0.23143	0.000504101	0.00256193
113	0.144692	0.0349581	0.0129306	0.0297756	0.00393836	0.0494069	0.0137896	0.00242938	0.0424598	0.00902155	0.00380831	0.0381188	0.0552997	0.0387379	0.0157502	0.306371	0.170662	0.0194363	0.00104321	0.00737018
114	0.041982	0.00403408	0.0195066	0.0308948	0.00261711	0.0255688	0.013198	0.00722105	0.0510962	0.00382175	0.00630848	0.208726	0.0025789	0.0846992	0.0306435	0.26155	0.17078	0.016048	0.000608512	0.0181177
115	0.124578	0.014559	0.0459937	0.0374734	0.00468725	0.402416	0.0106715	0.00659372	0.0303503	0.0120764	0.00735377	0.0520377	0.0309569	0.0289245	0.0260455	0.104165	0.0361931	0.0179247	0.00123417	0.00576457
116	0.0337472	0.00394226	0.0172515	0.0312068	0.00271925	0.0351558	0.0119327	0.00460555	0.0855544	0.0048909	0.00872357	0.168921	0.00170172	0.128687	0.0465924	0.218618	0.139425	0.0244563	0.000695331	0.0311746
117	0.0299207	0.010807	0.00206283	0.0108101	0.0158746	0.00498821	0.0113916	0.273686	0.00591801	0.126537	0.0365686	0.00532513	0.00642787	0.00758955	0.00718435	0.0141825	0.0579821	0.370588	0.000234362	0.00192183
118	0.0304953	0.0113625	0.00213696	0.0108629	0.0156032	0.00516836	0.0118253	0.26621	0.00603643	0.128386	0.0383823	0.00568045	0.00644902	0.00773663	0.00758981	0.0145574	0.0595237	0.369822	0.000223587	0.00194924
119	0.0164485	0.00775507	0.0219138	0.0369016	0.0179706	0.0145942	0.124049	0.0136494	0.0610472	0.0702425	0.0133788	0.131791	0.00265683	0.109964	0.100751	0.107734	0.0966189	0.029811	0.00606322	0.0166588
120	0.169814	0.013028	0.0156938	0.0192741	0.00909431	0.0147792	0.0652693	0.0127074	0.0134355	0.0147373	0.0117847	0.150471	0.0120874	0.0161874	0.0235235	0.309377	0.0788675	0.0420486	0.00193013	0.00588939
121	0.0337115	0.00260607	0.187587	0.389534	0.0068522	0.0257042	0.0176389	0.00903955	0.031153	0.0116406	0.00472683	0.0523873	0.0151221	0.0600981	0.0185606	0.0612317	0.0440418	0.0228824	0.000264494	0.00521751
122	0.00646764	0.00252836	0.000480413	0.000835555	0.0387194	0.000643258	0.00091846	0.474559	0.0011328	0.113057	0.018125	0.000945633	0.00354458	0.000950168	0.00075456	0.00405315	0.0108711	0.319294	0.000154792	0.00196417
123	0.0561543	0.0307335	0.0577806	0.0180124	0.00851918	0.00530577	0.0511363	0.088193	0.0117951	0.158315	0.0374585	0.132577	0.00355595	0.0325828	0.0247406	0.067706	0.0611318	0.127258	0.00304299	0.0240015
124	0.0797517	0.0157444	0.032885	0.0428696	0.00981552	0.412165	0.0161042	0.0133305	0.0407717	0.0156282	0.0102248	0.0713905	0.0178894	0.0267301	0.0322144	0.0829374	0.0452525	0.0255782	0.00258384	0.0061327
125	0.136079	0.0435949	0.00381816	0.023148	0.00473209	0.0464953	0.0127076	0.00250216	0.0379426	0.00685815	0.00226778	0.0356088	0.0473101	0.0320239	0.0137084	0.317855	0.202856	0.0211034	0.00108435	0.00830436
126	0.00592843	0.00236877	0.000433922	0.00067256	0.039067	0.000582561	0.000653084	0.478357	0.00105446	0.112684	0.0176435	0.000830586	0.0034742	0.00083111	0.000657447	0.00388954	0.00974489	0.319024	0.000152245	0.00195119
127	0.0349522	0.00262386	0.0236406	0.0573932	0.00461028	0.0152247	0.0240816	0.0210234	0.237562	0.0170434	0.0142215	0.0545191	0.00754265	0.0865962	0.181904	0.0863204	0.0705113	0.0542812	0.00238129	0.00356694
128	0.0246391	0.0518926	0.00068351	0.00102729	0.0446699	0.000949663	0.00160847	0.1909	0.000861686	0.376762	0.132344	0.00138881	0.000640324	0.00206366	0.00214051	0.00875573	0.0210007	0.133963	0.00031662	0.00339305
129	0.0159743	0.000641506	0.0231644	0.0370004	0.00313144	0.0243395	0.0121738	0.00530644	0.326016	0.0128308	0.0151778	0.0523279	0.00790084	0.0852954	0.25908	0.0581839	0.0412619	0.0149628	0.00466677	0.000563903
130	0.0417061	0.165211	0.00738489	0.0121768	0.0185413	0.00816896	0.0154531	0.0153704	0.0156353	0.0180512	0.0126583	0.0219666	0.0106606	0.0193222	0.0130098	0.398078	0.114907	0.072089	0.00614995	0.0134597
131	0.0135165	0.00467351	0.00108342	0.0092022	0.295343	0.0036292	0.0664288	0.00228919	0.00913424	0.046252	0.019865	0.0389532	0.000890436	0.0206797	0.01745	0.0147924	0.00555837	0.0139193	0.0199423	0.396397
132	0.0216567	0.0289132	0.00146089	0.00346478	0.0585369	0.0022376	0.00396762	0.223319	0.002494	0.336947	0.0937174	0.00436764	0.00394661	0.00379571	0.00417907	0.0116883	0.0237014	0.163829	0.000916005	0.00686043
133	0.0898851	0.0275843	0.00550031	0.0161782	0.00904968	0.0218448	0.011517	0.0293001	0.0285685	0.00916526	0.00910007	0.0743283	0.0217641	0.0236759	0.0107311	0.278744	0.275025	0.0451974	0.00155843	0.011282
134	0.0721243	0.010562	0.0306232	0.0374369	0.00587251	0.322358	0.0134358	0.00741989	0.0953208	0.0110852	0.00984859	0.0627162	0.0183407	0.0441272	0.0637445	0.114326	0.0543248	0.0176222	0.00248778	0.00622356
135	0.0877129	0.0186337	0.0212422	0.0269621	0.0178822	0.0163387	0.030123	0.0477035	0.0383491	0.0962792	0.089934	0.0836338	0.0121247	0.033281	0.0544597	0.118766	0.103899	0.0826316	0.00562402	0.0144201
136	0.0745925	0.0204002	0.0187109	0.0241125	0.0115812	0.0135454	0.00855724	0.0303589	0.0341758	0.0360569	0.0235224	0.0242779	0.417143	0.039798	0.028749	0.0663016	0.0658797	0.0505018	0.00418461	0.00755002
137	0.03217	0.00273143	0.187695	0.362001	0.00524788	0.0207443	0.0200749	0.0143325	0.0301997	0.0121424	0.00532279	0.0507281	0.0199746	0.0686686	0.0177981	0.0568299	0.0534528	0.0353956	0.000403832	0.00408691
138	0.0221712	0.0538169	0.000761672	0.00127505	0.0446123	0.00108901	0.00261806	0.172902	0.000986822	0.400028	0.137161	0.00162219	0.000685943	0.00235814	0.00217308	0.00844649	0.0214591	0.122068	0.000477071	0.00328868
139	0.0163997	0.000653784	0.0232964	0.0373149	0.00304091	0.0236251	0.0125235	0.00561712	0.322015	0.0128356	0.0152885	0.0517024	0.00774419	0.085403	0.260927	0.0590802	0.0421718	0.015331	0.00441553	0.00061509
140	0.0528601	0.0213132	0.111409	0.0459884	0.011607	0.0367594	0.0325547	0.00817485	0.0348579	0.0118361	0.00679137	0.188164	0.00753245	0.0413287	0.0144563	0.262526	0.0823285	0.0208855	0.0017923	0.00683446
141	0.0261962	0.00120581	0.206194	0.425402	0.00546347	0.021634	0.0171393	0.00827364	0.0289278	0.0108445	0.00363952	0.0526194	0.0114739	0.0510403	0.0168053	0.0535229	0.0376765	0.019304	0.000204354	0.00243252
142	0.0175385	0.000814756	0.0243499	0.040213	0.00310419	0.0246248	0.0131495	0.00628079	0.31862	0.0141017	0.0161859	0.0523876	0.00800807	0.0851568	0.24817	0.0608517	0.0430077	0.018198	0.00441534	0.000821775
143	0.0697427	0.0122635	0.00365916	0.00980213	0.0598233	0.0126711	0.00772305	0.269775	0.00409236	0.155141	0.0439721	0.0068347	0.00529254	0.00548029	0.00569842	0.0198555	0.0495188	0.250827	0.000911447	0.00691491
144	0.0347532	0.0091883	0.00432401	0.0156239	0.0627067	0.0272657	0.00888062	0.0704004	0.0219644	0.170933	0.14925	0.0371326	0.0119151	0.0374953	0.0211122	0.0879626	0.113211	0.0934128	0.0027682	0.0196996
145	0.0123554	0.00858317	0.00170213	0.00507703	0.297478	0.0064622	0.00279808	0.171604	0.00338956	0.170888	0.0706695	0.0105252	0.00339869	0.0054344	0.0103379	0.016583	0.0182827	0.0810695	0.00292978	0.100431
146	0.0996137	0.00901911	0.123417	0.195034	0.00233644	0.0391238	0.0195191	0.00600516	0.0523586	0.0134872	0.00859379	0.0548827	0.0487645	0.0895486	0.0326075	0.118806	0.0572802	0.0204966	0.000341474	0.00876463
147	0.00996185	0.0236335	0.00105225	0.00194127	0.0649738	0.00137303	0.00629564	0.0810433	0.00169982	0.548204	0.136548	0.0024429	0.00103376	0.00244794	0.00408979	0.00664358	0.0161519	0.0875877	0.000619949	0.00225546
148	0.0258536	0.0011914	0.207052	0.428037	0.00526629	0.0216273	0.0166685	0.00836694	0.0286558	0.0108057	0.00355835	0.0522826	0.0116229	0.0499704	0.0163684	0.0535763	0.0373374	0.0191767	0.00021193	0.002371
149	0.0675845	0.00990963	0.0674033	0.0725836	0.00747138	0.0480306	0.0216357	0.00870058	0.0703066	0.0156091	0.0123654	0.0925036	0.0259452	0.104094	0.054912	0.174882	0.0927135	0.0262849	0.00200596	0.0250588
150	0.0342766	0.0149137	0.00194586	0.00930202	0.0173561	0.00482672	0.0100049	0.271845	0.00512314	0.134033	0.0429772	0.00433117	0.00634659	0.00675983	0.00627048	0.0159615	0.0540586	0.357437	0.000235519	0.00199512
151	0.0300896	0.0027544	0.0235906	0.0494044	0.00567815	0.0176793	0.0327223	0.0201135	0.22681	0.0171296	0.0137724	0.0744451	0.00596836	0.0847817	0.169269	0.0968215	0.0826007	0.0398543	0.00250088	0.00401504
152	0.027207	0.00930785	0.0108788	0.0331146	0.323097	0.0100318	0.0309744	0.0705164	0.01427	0.117045	0.0370353	0.023135	0.00517605	0.0166305	0.0158693	0.0272459	0.0318182	0.0570917	0.00833261	0.131223
153	0.0344058	0.0112153	0.0418225	0.0534762	0.0146106	0.033019	0.0750365	0.0129651	0.112082	0.0304715	0.0135326	0.14548	0.00603749	0.0791883	0.0891769	0.119076	0.0831053	0.0284351	0.00500306	0.0118607
154	0.062426	0.00486026	0.161378	0.302806	0.00371675	0.0289012	0.018509	0.00722013	0.0440058	0.0119754	0.00650434	0.0530102	0.0317624	0.0759597	0.0256354	0.0845235	0.0500389	0.0206279	0.000248746	0.00588998
155	0.112401	0.0816522	0.019559	0.0469264	0.0117256	0.035105	0.0193648	0.0231928	0.0328393	0.0185577	0.0111687	0.0436569	0.0297905	0.0318289	0.0190275	0.240465	0.155173	0.0523955	0.00364238	0.0115278
156	0.162984	0.0393291	0.0126012	0.0166646	0.0153351	0.00952817	0.0112379	0.141399	0.00862302	0.100544	0.0398461	0.0202275	0.0212959	0.0119304	0.0125617	0.0712542	0.0760384	0.217655	0.0019724	0.0089726
157	0.0196266	0.000914506	0.0302514	0.0484907	0.00298929	0.0253784	0.0132468	0.00599042	0.304323	0.0129618	0.0148679	0.0550341	0.00823596	0.0874726	0.23971	0.0635518	0.0450358	0.0165315	0.0041569	0.00123061
158	0.0332586	0.0535088	0.0146157	0.0221959	0.0637001	0.0142557	0.0894497	0.0315894	0.033726	0.12491	0.0342509	0.0411878	0.00742998	0.0377896	0.0454616	0.0884687	0.091955	0.0488598	0.0511124	0.0722742
159	0.13803	0.025507	0.0333463	0.0424673	0.00386776	0.03815	0.0219704	0.00375981	0.0364891	0.00850363	0.00515283	0.0666085	0.0518376	0.0373353	0.0162953	0.29498	0.147951	0.0192592	0.00084864	0.00764037
160	0.0175575	0.000746139	0.0238342	0.0397912	0.00300815	0.0228003	0.0133555	0.00629895	0.316084	0.0132251	0.016095	0.0505392	0.00773544	0.0848237	0.25808	0.0610191	0.0431309	0.0169483	0.00417418	0.000753975
161	0.0266216	0.0111699	0.00568118	0.0112417	0.281755	0.0263292	0.0145647	0.110732	0.00927918	0.177215	0.046642	0.0171157	0.00840307	0.0128082	0.0142673	0.0326352	0.0393914	0.0639806	0.0253345	0.0648319
162	0.0258566	0.00119166	0.206985	0.42796	0.0052735	0.0216302	0.0166958	0.00837548	0.0286546	0.0108247	0.00356679	0.0523455	0.0115973	0.0499899	0.0163836	0.053549	0.0373479	0.0191855	0.000211963	0.00237532
163	0.0195832	0.0244097	0.0147686	0.0111071	0.0266017	0.0054954	0.0207291	0.0427451	0.0944405	0.00815544	0.0226348	0.126454	0.00278732	0.0118214	0.0166533	0.321576	0.182722	0.0402571	0.00140047	0.00565876
164	0.0263743	0.00119692	0.205822	0.421616	0.00571371	0.0218448	0.0176172	0.00818183	0.0290726	0.0109163	0.00371902	0.05401	0.0112688	0.0518807	0.0170584	0.0537049	0.0379345	0.019429	0.000204479	0.00243529
165	0.0332063	0.00191274	0.0289861	0.0562923	0.0035577	0.0164868	0.0218052	0.0130234	0.250472	0.014416	0.0144708	0.0442566	0.00916444	0.079023	0.241047	0.0790603	0.0555261	0.0321659	0.00257463	0.00255224
166	0.0439482	0.0107191	0.0209525	0.0310746	0.0146577	0.00658237	0.0304689	0.155967	0.0131244	0.107943	0.042679	0.0648402	0.00703341	0.0425486	0.0126457	0.0502075	0.11301	0.204993	0.00328582	0.023318
167	0.0137091	0.0117704	0.000614085	0.00112417	0.0533287	0.00119938	0.00110009	0.410174	0.00103959	0.195433	0.0431716	0.00137239	0.00297549	0.00133884	0.00140209	0.00616785	0.0133674	0.237403	0.000285071	0.00302461
168	0.102703	0.033327	0.00771576	0.0270346	0.00480339	0.0428059	0.0130908	0.00351574	0.0444272	0.0058724	0.00350169	0.0741491	0.0345929	0.0506587	0.0187219	0.295921	0.199755	0.0207824	0.00125309	0.0153679
169	0.0423391	0.0164624	0.00271313	0.00838243	0.248216	0.00903596	0.0100952	0.167345	0.00421532	0.188173	0.0593927	0.0088186	0.00392085	0.00672728	0.00650351	0.0223234	0.0331501	0.109781	0.00330874	0.0490967
170	0.0277615	0.00970138	0.00213345	0.0102689	0.0218785	0.00604293	0.0123169	0.291343	0.00549483	0.117742	0.0345965	0.0058899	0.00632703	0.00719346	0.0070391	0.0152376	0.0599246	0.356458	0.000305187	0.00234659
171	0.104952	0.0170323	0.0723357	0.0812003	0.00587915	0.0295851	0.0157615	0.0166008	0.0349903	0.0233315	0.0170583	0.0387943	0.266628	0.0572645	0.024519	0.0876006	0.0561576	0.0375226	0.00204394	0.0107434
172	0.0782997	0.0205134	0.0185383	0.0251231	0.0105649	0.0157853	0.00856348	0.033549	0.0267126	0.0401521	0.0253118	0.0255619	0.415796	0.039245	0.0235755	0.0621828	0.0663284	0.0549587	0.00289291	0.00634536
173	0.0305792	0.002869	0.19875	0.388177	0.00638567	0.0232356	0.018312	0.0087741	0.0337108	0.0117349	0.00449414	0.0572207	0.0128495	0.0535833	0.0204478	0.0640217	0.0408113	0.0203347	0.000340237	0.00336874
174	0.0295738	0.00205495	0.194544	0.380949	0.00513605	0.0212841	0.0179108	0.0126882	0.0297981	0.0111732	0.00475026	0.0527512	0.0173369	0.0624973	0.0171447	0.0552554	0.0522466	0.029347	0.000273281	0.00328511
175	0.0115703	0.0210807	0.000930817	0.00193183	0.0707049	0.0017016	0.00437562	0.115668	0.00161157	0.510728	0.106943	0.00258042	0.00115035	0.0026166	0.00473701	0.00679437	0.0168436	0.112739	0.000676974	0.00461446
176	0.0248646	0.0518075	0.000739447	0.00147474	0.044694	0.00143552	0.00208652	0.180981	0.00102147	0.381953	0.137956	0.00176401	0.0009249	0.00244452	0.00223276	0.0105811	0.0219326	0.127393	0.000321872	0.00339104
177	0.0493362	0.00725244	0.0174151	0.0305013	0.00409331	0.0196655	0.019267	0.0113864	0.0389603	0.00575555	0.00632552	0.205745	0.00469544	0.0615732	0.02262	0.272157	0.19167	0.0178806	0.000828001	0.012872
178	0.0180387	0.00739271	0.00416185	0.0115909	0.270307	0.00473644	0.0596385	0.0159082	0.0115875	0.0524164	0.0237645	0.040113	0.00234711	0.0222696	0.0187896	0.0218513	0.013945	0.0245113	0.018374	0.358256
179	0.0225466	0.0018189	0.0235442	0.0418231	0.00458519	0.0193745	0.0241774	0.0101717	0.266094	0.0161749	0.015353	0.0505527	0.0066814	0.0853686	0.252728	0.0739038	0.053369	0.0245109	0.00369676	0.00352494
180	0.0246417	0.0520331	0.000678749	0.00101876	0.0446167	0.00094441	0.00158563	0.191031	0.000859803	0.376684	0.132556	0.00138269	0.000625821	0.00206439	0.00213632	0.00873655	0.0209855	0.133702	0.000316524	0.00339958
181	0.0489266	0.00921044	0.012321	0.0194501	0.0434362	0.00924582	0.0128347	0.245097	0.00986044	0.120142	0.049365	0.0224523	0.00642631	0.0119893	0.00857342	0.0304654	0.06921	0.262033	0.00128452	0.00767695
182	0.0165212	0.000619392	0.0227115	0.0369515	0.00315687	0.023661	0.0122204	0.00539491	0.322033	0.0129546	0.0151336	0.050162	0.00776388	0.0844983	0.266276	0.0586767	0.0411398	0.0150251	0.00448274	0.000617205
183	0.0835195	0.0312821	0.0140172	0.0151481	0.0104516	0.00938628	0.00779756	0.0279112	0.021628	0.0345771	0.0347291	0.0203735	0.42987	0.0558805	0.017428	0.0514197	0.0654511	0.0584893	0.0032312	0.00740884
184	0.0538707	0.0119141	0.00542759	0.0196441	0.0160956	0.00566847	0.0101573	0.116502	0.00996602	0.102356	0.0482442	0.0309102	0.234835	0.0246389	0.0169937	0.0573449	0.0730163	0.153581	0.00256419	0.00627053
185	0.00643933	0.00225433	0.000484262	0.000684115	0.0415619	0.000649615	0.000672972	0.478253	0.00104833	0.11535	0.0184299	0.000862889	0.00350126	0.000826058	0.000676669	0.00421567	0.00997335	0.312046	0.000154718	0.0019154
186	0.0264799	0.0189698	0.0111015	0.0288528	0.0432541	0.00985797	0.108139	0.0315182	0.0736976	0.113212	0.0442159	0.0547076	0.00339397	0.0611175	0.0792997	0.0916199	0.0900353	0.0484266	0.0321374	0.0299633
187	0.0272414	0.00264106	0.211001	0.40271	0.00790945	0.0213954	0.0176395	0.00804738	0.0282352	0.0116248	0.00368749	0.0598068	0.0109428	0.0517899	0.0177279	0.0573883	0.0383214	0.0192093	0.000306781	0.00237408
188	0.153793	0.16983	0.00470052	0.00992643	0.034409	0.00901157	0.0294588	0.0302378	0.00796023	0.0211811	0.0117861	0.0139044	0.045003	0.0177544	0.0294881	0.181549	0.116888	0.0617583	0.00702545	0.0443349
189	0.0556908	0.015951	0.0182738	0.0272222	0.0316626	0.018012	0.0251627	0.115979	0.053666	0.112233	0.0915907	0.0424167	0.00296282	0.0356306	0.022254	0.103557	0.0991018	0.115085	0.00404348	0.0095038
190	0.0121272	0.00229705	0.000810777	0.00164537	0.0497487	0.00137481	0.00158499	0.468271	0.00130958	0.130344	0.0254455	0.00145696	0.00429698	0.001327	0.0011789	0.00671377	0.0142134	0.273908	0.000198	0.00174782
191	0.0329322	0.00234955	0.187435	0.378028	0.00505563	0.0229944	0.0178025	0.0114538	0.0322366	0.0117938	0.0051788	0.0556613	0.0158175	0.0606438	0.018083	0.0611238	0.0491915	0.0284932	0.000258982	0.00346592
192	0.032148	0.00169548	0.0240338	0.0585675	0.00392643	0.016146	0.0212774	0.0161253	0.258536	0.0162469	0.0150843	0.0487417	0.00945881	0.0800359	0.19873	0.0863988	0.0629775	0.0444929	0.00281116	0.00256567
193	0.0160553	0.000627051	0.0228158	0.0364487	0.00304802	0.0240811	0.0120914	0.00529849	0.32324	0.0127251	0.015136	0.0511087	0.00784947	0.0851522	0.264975	0.0583146	0.0409982	0.0147791	0.00468073	0.000574383
