366	20
1	0.3159	0.00311371	0.00301325	0.0368278	0.00452914	0.0914428	0.00199674	0.0547735	0.00242422	0.076359	0.0387893	0.00320093	0.0163614	0.00325956	0.00253099	0.060877	0.0578906	0.154344	0.0593834	0.0129828
2	0.030559	0.00895826	0.256306	0.0800679	0.0147425	0.0266597	0.0238281	0.00801866	0.0248081	0.04432	0.0100736	0.207527	0.0061242	0.0740786	0.0178836	0.0799474	0.041058	0.0258691	0.00191044	0.0172601
3	0.0096522	0.0025501	0.000464375	0.00392726	0.0438714	0.00560448	0.00279732	0.353998	0.00198164	0.231617	0.0555535	0.00233056	0.00345182	0.00388326	0.00145545	0.00471695	0.0241271	0.227323	0.00585696	0.0148375
4	0.235581	0.0292328	0.0014818	0.000788894	0.0156984	0.0977389	0.0049359	0.104231	0.00318969	0.0987073	0.0100521	0.00206914	0.0039048	0.00774399	0.000718585	0.0542533	0.0509874	0.27726	0.000574674	0.000849924
5	0.0477455	0.0188376	0.000910679	0.00247016	0.0151059	0.00588119	0.000922483	0.277359	0.00114607	0.041925	0.0281446	0.00324836	0.00325359	0.00307463	0.00203108	0.0150213	0.047129	0.482466	0.00131739	0.00201
6	0.0103673	0.00265045	0.000192568	0.00251477	0.0308196	0.00255331	0.00201848	0.363372	0.000877209	0.196731	0.037899	0.000515111	0.00159037	0.00219368	0.00100337	0.00273211	0.0240114	0.310098	0.00372696	0.00413285
7	0.251506	0.0337422	0.00195925	0.000687615	0.0181167	0.119934	0.00305837	0.0904845	0.0030697	0.0989648	0.0127326	0.00107862	0.00352086	0.00655598	0.000628337	0.0407204	0.0411046	0.270843	0.000479284	0.000812296
8	0.0857859	0.0235695	0.000267798	0.000576419	0.0392789	0.0322673	0.00203199	0.190629	0.000391398	0.307099	0.0243739	0.000387663	0.000680421	0.00194279	0.000402242	0.026839	0.0375398	0.225463	0.000169916	0.000303682
9	0.0359186	0.0622619	0.0114091	0.00823546	0.134875	0.0165908	0.0649697	0.0357807	0.00934184	0.0545087	0.0208834	0.043378	0.00730509	0.0112665	0.0114226	0.0741568	0.0379207	0.0410018	0.0320502	0.286723
10	0.0356803	0.023251	0.000707666	0.00158469	0.12372	0.00770298	0.00200067	0.176713	0.00226858	0.364602	0.0805113	0.00314157	0.00354968	0.00256002	0.00311833	0.00936192	0.0202901	0.120516	0.0103795	0.00834154
11	0.099931	0.0192693	0.000246241	0.0019851	0.0433636	0.0399121	0.0026491	0.236535	0.000286172	0.148394	0.0115262	0.000736789	0.00166647	0.00160721	0.00112086	0.0208997	0.0285292	0.339589	0.000748529	0.00100455
12	0.0790611	0.0229206	0.000277954	0.000515152	0.0413019	0.0269243	0.00209073	0.179586	0.000390644	0.337857	0.0269079	0.000400345	0.000536131	0.00193883	0.000438248	0.0271836	0.0372087	0.2139	0.000177308	0.000384102
13	0.0371857	0.0304446	0.00115592	0.00210769	0.0122967	0.0054397	0.0014815	0.24943	0.00210611	0.0977229	0.0413908	0.00985175	0.00398808	0.00397223	0.00287798	0.0162586	0.0582919	0.418674	0.00158617	0.0037376
14	0.0119586	0.00602754	0.00203643	0.0112951	0.00349914	0.0233058	0.00482083	0.015478	0.219925	0.0384405	0.00665834	0.00511991	0.00219841	0.0203117	0.552893	0.0117084	0.0335844	0.0131231	0.00266709	0.0149484
15	0.17068	0.00337953	0.0295879	0.0415881	0.0102453	0.102018	0.0223102	0.0163201	0.0254976	0.0178801	0.0153283	0.0299958	0.099184	0.00572389	0.0274051	0.2182	0.0781455	0.0432242	0.0228608	0.0204259
16	0.025417	0.00120614	0.0545102	0.0249661	0.01428	0.0443314	0.0241908	0.00167281	0.168663	0.0256086	0.0105987	0.199154	0.00525766	0.0440723	0.110735	0.189242	0.0419624	0.0066519	0.000437674	0.00704249
17	0.0530495	0.00925712	0.0214225	0.0571103	0.00319862	0.0312932	0.047438	0.0112303	0.178896	0.0189732	0.0125782	0.063197	0.00674834	0.126072	0.179262	0.0752887	0.0722048	0.0202036	0.00140067	0.0111767
18	0.086653	0.00217031	0.0396139	0.0112878	0.00536542	0.394253	0.00184987	0.00351229	0.029411	0.00724023	0.00423126	0.110714	0.00224071	0.0122056	0.00378689	0.242476	0.0305953	0.00872452	0.00101363	0.00265526
19	0.0170483	0.00509978	0.0499622	0.0272913	0.00462635	0.0475384	0.0149114	0.00625695	0.00444953	0.0226264	0.00479241	0.0946619	0.0179515	0.00723323	0.00374707	0.405788	0.250178	0.0111602	0.00156252	0.00311476
20	0.0766429	0.0128669	0.000587264	0.00473845	0.018497	0.00763515	0.00237074	0.253141	0.00101847	0.0595896	0.0173913	0.00465015	0.00600989	0.00234406	0.00170396	0.03327	0.0497382	0.430083	0.00472124	0.0130009
21	0.0254615	0.00121529	0.0545038	0.0249944	0.014267	0.0443229	0.0241722	0.00168009	0.168743	0.0256246	0.0105912	0.198988	0.0052635	0.0441464	0.110777	0.189105	0.042003	0.00665123	0.000437965	0.00705159
22	0.046728	0.00682733	0.178438	0.125848	0.00891751	0.208151	0.0224174	0.0131061	0.0117257	0.0218451	0.00549854	0.0430077	0.016103	0.0114253	0.00517509	0.158717	0.0441654	0.0656906	0.00196957	0.00424288
23	0.00277117	0.00207568	0.00771134	0.00320931	0.28683	0.00166255	0.0207218	0.00228228	0.000910112	0.0173094	0.0095663	0.0132601	0.0121441	0.00120601	0.00179752	0.0076807	0.0102864	0.00319598	0.0112436	0.584136
24	0.0183967	0.00937685	0.00175811	0.00329208	0.441655	0.0145607	0.00286128	0.0784755	0.00303974	0.1524	0.0338537	0.00506758	0.00387141	0.00432398	0.0034591	0.0117909	0.0114457	0.0663229	0.0288756	0.105173
25	0.031715	0.00926475	0.00549165	0.00724501	0.0874696	0.0182513	0.00876141	0.129947	0.00623246	0.347137	0.0525627	0.0114689	0.0475549	0.0107815	0.00769276	0.0298345	0.0338914	0.0679544	0.0164272	0.070317
26	0.0198684	0.0140165	0.00599853	0.00132883	0.00449175	0.00325043	0.00253165	0.152567	0.00842958	0.153686	0.512233	0.00249992	0.00158783	0.00785195	0.00154386	0.0252238	0.00770051	0.068674	0.00076309	0.00575252
27	0.0764254	0.00234696	0.00366388	0.0124059	0.0361782	0.0107653	0.0313398	0.0527126	0.0141389	0.0816319	0.0202376	0.0621372	0.0424699	0.00253148	0.00284637	0.198732	0.262115	0.0570587	0.0242102	0.00605246
28	0.0141376	0.00271916	0.000956481	0.0027897	0.490732	0.0232131	0.00109764	0.0580684	0.00270109	0.118084	0.0259095	0.00758173	0.0047501	0.00404098	0.00284063	0.0111256	0.00642502	0.0505287	0.0664044	0.105894
29	0.0263391	0.00220479	0.000742939	0.00119326	0.313669	0.0157475	0.00102105	0.133224	0.000847371	0.270405	0.0405978	0.00649497	0.0143721	0.00118181	0.00109046	0.00657071	0.00845196	0.0557854	0.0650732	0.0349874
30	0.177465	0.008759	0.00487123	0.0365132	0.00858411	0.0135299	0.00548156	0.012392	0.00643112	0.203708	0.038572	0.00897194	0.16094	0.0726213	0.00846638	0.0527507	0.112547	0.0535669	0.00729436	0.0065341
31	0.0116231	0.0102904	0.000513001	0.00205862	0.0482232	0.00425029	0.00335248	0.263969	0.00399418	0.376097	0.0839644	0.00334415	0.00293927	0.00413989	0.00221791	0.00610682	0.019829	0.139004	0.00262212	0.0114617
32	0.011546	0.00225172	0.000642381	0.00329928	0.589966	0.0173902	0.00104694	0.0425391	0.00317202	0.0464608	0.0138073	0.00485604	0.000562952	0.00522734	0.00330385	0.0126307	0.00486634	0.059427	0.0272561	0.149748
33	0.489375	0.00556702	0.00743232	0.0169003	0.00700064	0.0284076	0.00410314	0.0132451	0.00645159	0.0562815	0.0214926	0.00706666	0.00442918	0.0328991	0.0310427	0.15781	0.0306502	0.0742703	0.00206872	0.00350644
34	0.0562057	0.00378685	0.00374311	0.00622283	0.00557054	0.0143182	0.00575177	0.0167206	0.0243933	0.0170516	0.00886601	0.0128106	0.0105199	0.0707519	0.00745796	0.494876	0.22175	0.0100044	0.00166895	0.00752986
35	0.0211493	0.0238916	0.1401	0.0467081	0.00879317	0.0211984	0.012466	0.00592683	0.0160226	0.0209066	0.00620651	0.33807	0.00580495	0.0191128	0.0128196	0.215443	0.0603998	0.0149934	0.00165523	0.00833199
36	0.0499369	0.0176249	0.00178325	0.00799296	0.0439701	0.00800064	0.000970556	0.318746	0.00129915	0.0876669	0.0649969	0.00670286	0.0161125	0.0140117	0.00107081	0.0213887	0.0521022	0.279984	0.00302567	0.0026137
37	0.0859629	0.0184477	0.0138509	0.0078236	0.0218651	0.441007	0.0121422	0.0146233	0.010486	0.0243797	0.0138182	0.0217203	0.0137514	0.00937367	0.00861511	0.125128	0.0835159	0.030184	0.00392565	0.039379
38	0.148069	0.0280171	0.00502403	0.00461249	0.0144934	0.0259268	0.00470493	0.0196139	0.0101498	0.0322702	0.0120181	0.0153707	0.00949878	0.0201333	0.00600463	0.372647	0.221035	0.0435064	0.00196401	0.00494016
39	0.0245808	0.00633622	0.032658	0.142531	0.00948845	0.0839541	0.0379085	0.0132586	0.00601315	0.0767452	0.00997427	0.0892171	0.0469184	0.0622387	0.0332539	0.151818	0.0250062	0.137568	0.00356008	0.00697138
40	0.0511683	0.00648935	0.00555572	0.0088561	0.0490641	0.0151464	0.0877042	0.0302212	0.0108339	0.12365	0.0458633	0.0796569	0.0218556	0.00819958	0.00600157	0.208767	0.156592	0.0620402	0.0138869	0.00844864
41	0.0125845	0.00623347	0.00108128	0.00367211	0.575453	0.0199086	0.00157886	0.039578	0.00353008	0.048983	0.0137485	0.00518716	0.000825803	0.00487803	0.00379826	0.0143767	0.00951443	0.0567844	0.0259619	0.152322
42	0.0201964	0.0127986	0.000280918	0.000728346	0.0104804	0.00394237	0.000748571	0.299337	0.00155513	0.0774603	0.0282432	0.00137729	0.000597366	0.000892874	0.00247716	0.00693646	0.0316658	0.497566	0.00130638	0.00140959
43	0.210094	0.00498277	0.0132355	0.00399476	0.00721053	0.632982	0.00241166	0.00341226	0.0172709	0.0094525	0.00519167	0.0125012	0.00559763	0.00384923	0.00249376	0.0349724	0.0107551	0.0129201	0.000899212	0.00577217
44	0.00757827	0.00624399	0.000425892	0.0015591	0.0452185	0.00718471	0.00434002	0.265226	0.00248021	0.403476	0.0866057	0.00588301	0.00547666	0.00648765	0.00259681	0.00736519	0.0157163	0.100321	0.00186703	0.0239476
45	0.409833	0.0135241	0.00258004	0.00143127	0.00312859	0.143228	0.0040838	0.00585388	0.00372185	0.00782499	0.00215635	0.00888445	0.00483404	0.00333155	0.00389173	0.329632	0.0383259	0.0104229	0.000808185	0.00250207
46	0.115965	0.0154426	0.0154387	0.00459885	0.0227171	0.603413	0.00602538	0.0084287	0.0075389	0.0153131	0.00839814	0.0163231	0.00492003	0.00449564	0.00300678	0.0796805	0.0346971	0.0256186	0.00129234	0.00668661
47	0.0734715	0.00380811	0.0026536	0.00278409	0.00877024	0.0141376	0.00558324	0.0163333	0.00874867	0.0134884	0.00386911	0.0157886	0.00811333	0.0527738	0.00357857	0.616937	0.134609	0.00911068	0.00143878	0.00400179
48	0.282892	0.00375887	0.0114775	0.00124643	0.00407583	0.608211	0.00157702	0.0021848	0.0102046	0.00874351	0.00446273	0.00504121	0.00578159	0.00168374	0.0013198	0.0251208	0.00546269	0.0103643	0.000593504	0.00579763
49	0.40897	0.0100666	0.00720039	0.0149857	0.0102484	0.045644	0.00648999	0.0179717	0.00851918	0.0544804	0.0148506	0.0095541	0.0089269	0.0340044	0.0223548	0.183445	0.0604482	0.0735327	0.00316566	0.00514096
50	0.3411	0.007445	0.0264723	0.0471458	0.0220981	0.072266	0.0032685	0.0408763	0.00659476	0.0814792	0.0270477	0.0143182	0.0158272	0.0148693	0.0162913	0.140288	0.0485959	0.0517625	0.0128557	0.00939846
51	0.127283	0.00520349	0.00750221	0.00280863	0.00319409	0.191855	0.00467808	0.00568002	0.00478832	0.0130011	0.00443892	0.0527178	0.00260742	0.00638039	0.0139055	0.416754	0.104215	0.0295422	0.00128393	0.00216043
52	0.122058	0.0101717	0.014225	0.00346943	0.0123873	0.719082	0.00445379	0.00317147	0.00824435	0.00712585	0.00546921	0.00802963	0.00449824	0.00277959	0.0019979	0.0343059	0.0168803	0.0144066	0.000849134	0.00639457
53	0.00512748	0.00172786	0.000406128	0.00186443	0.0500073	0.00664524	0.00472331	0.310959	0.00205146	0.352966	0.0782262	0.00651686	0.0060547	0.0061325	0.00220934	0.0075916	0.0167325	0.107876	0.00350208	0.0286796
54	0.53231	0.00416289	0.00113581	0.000567415	0.000970425	0.196989	0.003488	0.00121039	0.00277995	0.00825413	0.0028126	0.0107502	0.00752116	0.00273416	0.000971477	0.185243	0.0174017	0.0171583	0.000299629	0.00324031
55	0.0677734	0.0158715	0.00222371	0.00733109	0.022345	0.0151056	0.00186753	0.253952	0.00160695	0.0381762	0.0469251	0.0133252	0.0296105	0.0201144	0.0012139	0.0325967	0.0663942	0.357428	0.00104822	0.00509075
56	0.370961	0.0200489	0.00163766	0.00348555	0.00411776	0.0698665	0.00176889	0.0831248	0.00290832	0.0245711	0.0273304	0.00368555	0.00341863	0.00353015	0.00166808	0.0781482	0.0958435	0.194702	0.00698329	0.00220052
57	0.243975	0.0430221	0.00744828	0.00370535	0.0148719	0.107513	0.00167751	0.0495798	0.0051755	0.0604508	0.0426779	0.032005	0.00498407	0.00581201	0.00291993	0.17656	0.106428	0.0826069	0.00208686	0.00650067
58	0.0115612	0.00257767	0.000591162	0.0034566	0.563874	0.0163457	0.00147266	0.0438323	0.00305352	0.0507927	0.0142134	0.0049311	0.000606167	0.00515203	0.00310957	0.0129592	0.00568195	0.0602809	0.0320314	0.163477
59	0.100954	0.00451882	0.181905	0.246214	0.00804728	0.0314451	0.0175591	0.0182764	0.0258916	0.0492299	0.00818883	0.0241503	0.0409876	0.0254286	0.0141565	0.0989042	0.0381346	0.0542497	0.00472623	0.00703225
60	0.0245866	0.0037189	0.000808408	0.00119119	0.313188	0.0143645	0.00160176	0.131025	0.00097231	0.264348	0.0398576	0.00675746	0.0135543	0.00126773	0.00118849	0.00806276	0.0094521	0.0555103	0.0660847	0.0424604
61	0.541489	0.00367302	0.000923041	0.000569734	0.000985676	0.18599	0.00313665	0.00128768	0.00312156	0.00863353	0.00271331	0.0118314	0.00825984	0.00306923	0.00109683	0.184049	0.0174186	0.0179509	0.00031232	0.00348926
62	0.0690049	0.0271351	0.00284256	0.00294362	0.0308741	0.00801963	0.00040589	0.231582	0.00208623	0.197781	0.134894	0.0123122	0.00878295	0.00961732	0.00363064	0.0378086	0.0566582	0.15678	0.0019424	0.0048994
63	0.0217152	0.00199205	0.000776866	0.00110777	0.330383	0.0125039	0.000979155	0.136185	0.000841768	0.267863	0.0436737	0.00769097	0.015222	0.00131374	0.00102342	0.0058004	0.00761777	0.0562323	0.0504283	0.036649
64	0.0680542	0.0264579	0.00329364	0.00275482	0.031316	0.00743553	0.000491543	0.229656	0.00197481	0.198674	0.137303	0.0126005	0.0081035	0.00898074	0.00381771	0.0374607	0.0570029	0.157481	0.00205915	0.00508168
65	0.010733	0.00274902	0.000238818	0.00230418	0.0291236	0.00299715	0.00209875	0.356822	0.000989936	0.208384	0.0402528	0.000718357	0.00163045	0.0024456	0.00107905	0.00339689	0.024701	0.301329	0.0035018	0.00450395
66	0.00604486	0.00199327	0.000516527	0.00144526	0.0329204	0.00834185	0.00529644	0.289673	0.00214865	0.37691	0.0880548	0.00762883	0.00772928	0.00838628	0.00251066	0.00926726	0.016989	0.101303	0.000997744	0.0318423
67	0.0245338	0.0310542	0.000263238	0.00195247	0.0918752	0.00329351	0.00261551	0.150242	0.00393917	0.46379	0.0969406	0.000928843	0.000258065	0.00187281	0.00377398	0.00210049	0.0141326	0.0971647	0.00564982	0.00361893
68	0.0587524	0.0144732	0.0153921	0.00480637	0.0293375	0.0094526	0.00266634	0.0941916	0.00262546	0.375591	0.124003	0.014593	0.00441058	0.00525545	0.00682557	0.0309989	0.0647935	0.134285	0.00266977	0.00487659
69	0.363351	0.0033123	0.00680567	0.000874207	0.00298797	0.471327	0.00247536	0.00177912	0.00671672	0.00786032	0.00392517	0.00914126	0.0057136	0.00181887	0.00111869	0.084457	0.0102231	0.0112526	0.000465195	0.00439499
70	0.029302	0.0600448	0.00538368	0.00345425	0.263352	0.00677081	0.0162647	0.0493323	0.00418763	0.0710871	0.0178489	0.0101365	0.00176764	0.00235109	0.0062665	0.036797	0.0340609	0.0436385	0.0556617	0.282292
71	0.0126259	0.00323261	0.000163589	0.00205994	0.0323986	0.00259971	0.00174783	0.356256	0.000716458	0.199098	0.0336225	0.000362045	0.00159761	0.00188729	0.00119831	0.002555	0.023735	0.317263	0.00398965	0.00289128
72	0.0398445	0.0135763	0.00110323	0.00192834	0.237983	0.0142066	0.00192912	0.169095	0.00215256	0.242119	0.0460239	0.00531724	0.00772947	0.00287712	0.00237018	0.0130705	0.0194311	0.119425	0.0252061	0.0346127
73	0.0525231	0.0170943	0.000770415	0.00217955	0.00767329	0.00709991	0.00250596	0.193337	0.00148999	0.0805836	0.0148198	0.00931626	0.00547174	0.00166546	0.00193615	0.0164526	0.038186	0.534488	0.00152737	0.0108789
74	0.0481665	0.00730325	0.0111779	0.00685282	0.00477144	0.048675	0.00769056	0.00626281	0.0335326	0.0176587	0.00605932	0.00684577	0.56897	0.0112345	0.0792181	0.0627511	0.0422587	0.0206754	0.00611776	0.00377808
75	0.0244908	0.0104613	0.000294721	0.00112677	0.0150638	0.00541139	0.00110628	0.317431	0.00112845	0.0926221	0.0233065	0.00139857	0.00107003	0.000923042	0.00176505	0.00904201	0.0271822	0.46162	0.00191758	0.00263847
76	0.0291874	0.0423029	0.00912792	0.00567412	0.214427	0.0123837	0.0193958	0.0336558	0.00749123	0.0526072	0.0202771	0.0149279	0.00698651	0.00726362	0.0218766	0.0565449	0.0314868	0.0331496	0.0292041	0.352029
77	0.0410951	0.0145216	0.0148635	0.00235214	0.02752	0.00513566	0.00231228	0.184531	0.00160118	0.233666	0.139144	0.0223903	0.00321396	0.00474542	0.00901318	0.0339778	0.0591119	0.192979	0.00196996	0.00585535
78	0.266933	0.00688483	0.0120237	0.0083419	0.013412	0.0280053	0.0229926	0.00799684	0.0407455	0.0139359	0.0062311	0.00389297	0.010499	0.0247124	0.0535372	0.341667	0.086947	0.0432623	0.00155611	0.00642329
79	0.238295	0.0488957	0.00416551	0.00571718	0.00194623	0.0759623	0.00171713	0.0124816	0.00715806	0.00831109	0.00162386	0.00254062	0.00336519	0.00277403	0.0118721	0.515609	0.0487587	0.00706765	0.000618594	0.00111952
80	0.052129	0.0178065	0.000596732	0.00244073	0.0121345	0.00534758	0.00168789	0.254572	0.00110618	0.046648	0.0229747	0.0039422	0.00318947	0.00229372	0.00192836	0.017272	0.0486413	0.500445	0.0013394	0.00350455
81	0.0462362	0.0842497	0.0064668	0.00183143	0.22486	0.0152411	0.00924099	0.066476	0.0104299	0.0712105	0.0197635	0.0155579	0.000901965	0.00188101	0.00755614	0.0574014	0.0621225	0.0521191	0.0294397	0.217014
82	0.0630809	0.0157188	0.00996608	0.013725	0.0372815	0.0366032	0.012242	0.0262475	0.0139621	0.0505859	0.0209184	0.0215271	0.131288	0.0156399	0.017335	0.105295	0.276776	0.0440477	0.0118958	0.0758639
83	0.00913886	0.0107296	0.00116109	0.00168003	0.0367223	0.00417037	0.00313459	0.242736	0.00362281	0.373556	0.156543	0.00362394	0.00325458	0.00477753	0.00215542	0.00977923	0.013402	0.106546	0.00186019	0.0114076
84	0.0502458	0.0560778	0.010809	0.0126727	0.0155501	0.0390181	0.0539401	0.019302	0.0191554	0.0429036	0.0143392	0.0161122	0.381397	0.0196057	0.0266066	0.0600593	0.0542027	0.0812586	0.0169466	0.00979755
85	0.039223	0.0047859	0.00492347	0.485734	0.00827795	0.107193	0.00468706	0.0343252	0.0307211	0.0144332	0.00866406	0.00651163	0.00762724	0.133688	0.0057942	0.0668738	0.0139607	0.0133966	0.00311964	0.00606073
86	0.00411393	0.00490459	0.00745311	0.00320983	0.286872	0.00180762	0.0201957	0.00499227	0.000962982	0.0205427	0.00974202	0.0128549	0.0114434	0.00114083	0.00200066	0.00921042	0.0112828	0.00550102	0.0149464	0.566822
87	0.0250187	0.0220679	0.000915174	0.0020682	0.0750133	0.00453209	0.00233158	0.165534	0.0032617	0.442061	0.0987806	0.00261218	0.00201948	0.00263042	0.00327957	0.0076555	0.0239081	0.106019	0.00480759	0.00548372
88	0.0535724	0.0108743	0.0223854	0.0612408	0.00192339	0.027595	0.050769	0.0122157	0.183896	0.0155093	0.0139089	0.0537176	0.001673	0.159286	0.168657	0.0670235	0.0646962	0.0182566	0.000677189	0.0121229
89	0.0136429	0.00367357	0.00461441	0.0162583	0.00803262	0.0148982	0.00861406	0.0146222	0.262838	0.0810965	0.0192104	0.0101443	0.00380251	0.0194395	0.431329	0.0173859	0.034673	0.017755	0.00582072	0.0121488
90	0.0234161	0.00384001	0.0135349	0.0396087	0.0146735	0.017086	0.0156439	0.0236939	0.192466	0.0847149	0.0251773	0.0384994	0.00649304	0.0508509	0.309075	0.0367038	0.0437175	0.0408724	0.00672102	0.0132122
91	0.00989559	0.00187586	0.0010473	0.00511478	0.610862	0.015751	0.00137319	0.0351445	0.0048218	0.0421996	0.0138059	0.00439369	0.00103219	0.00461385	0.00468995	0.0112827	0.00543876	0.0500353	0.0236043	0.153018
92	0.158	0.0126238	0.0163042	0.0580177	0.0608626	0.23199	0.0101202	0.0212961	0.0166488	0.0401643	0.0600888	0.0624705	0.0138158	0.0574123	0.0183179	0.0699944	0.0399203	0.0337129	0.00655318	0.0116855
93	0.170003	0.00851476	0.0150255	0.0181011	0.00806857	0.106027	0.0156031	0.0116054	0.0607786	0.0219683	0.0228472	0.0337575	0.0158066	0.0239719	0.0790115	0.271435	0.0724276	0.0290629	0.00353572	0.0124482
94	0.0520563	0.0107686	0.0232596	0.0617655	0.0019259	0.0265224	0.0497964	0.0127641	0.184365	0.0155209	0.0134943	0.0533363	0.00162141	0.161587	0.167692	0.0683083	0.0644636	0.018012	0.000658759	0.0120806
95	0.0247946	0.00286741	0.0373287	0.033844	0.0118701	0.0313679	0.0217673	0.00720777	0.183346	0.0506951	0.0169409	0.121954	0.00587365	0.047122	0.216175	0.118652	0.0435695	0.0139474	0.00282656	0.00785013
96	0.0139935	0.00399626	0.000744175	0.0019572	0.0272958	0.00655268	0.00329337	0.285158	0.00209462	0.360699	0.0746838	0.00405667	0.00383375	0.00492692	0.00160347	0.0111174	0.0257184	0.154176	0.00139263	0.0127066
97	0.0138208	0.00498082	0.0221975	0.00549369	0.00568229	0.0419534	0.0581752	0.00684591	0.027049	0.0115169	0.0246918	0.00571233	0.0220588	0.283828	0.351928	0.0826706	0.01331	0.011494	0.00221726	0.00437359
98	0.00896518	0.00253908	0.000598629	0.00281036	0.024431	0.003576	0.00274151	0.350893	0.00284483	0.190133	0.0543592	0.00174692	0.00164399	0.00282021	0.00121363	0.0048242	0.0367068	0.29426	0.0030458	0.00984672
99	0.0474714	0.0861525	0.00757022	0.00170237	0.219962	0.0158231	0.0100819	0.0582673	0.00933331	0.069713	0.0184413	0.0139204	0.000919685	0.00144744	0.00916502	0.0528255	0.0592322	0.0458688	0.0321758	0.239927
100	0.0233093	0.0302328	0.000290961	0.00240061	0.093831	0.00326864	0.00306916	0.149017	0.00410199	0.467515	0.0936969	0.000942433	0.00028899	0.00187064	0.00371853	0.0021321	0.0141172	0.0949051	0.00623433	0.00505735
101	0.257132	0.021742	0.00715754	0.00495874	0.00687446	0.0400482	0.00968544	0.00918581	0.0246268	0.0105261	0.00420855	0.00333082	0.0122588	0.0154959	0.0307213	0.416899	0.086892	0.0346915	0.00090634	0.00265866
102	0.10112	0.0187222	0.000219935	0.00115542	0.0483782	0.0479507	0.00340798	0.253015	0.000208805	0.112651	0.0078892	0.000406543	0.00215525	0.0017879	0.00116985	0.0219723	0.0316461	0.344942	0.00050002	0.000701408
103	0.0739545	0.022056	0.0010034	0.00152087	0.0354976	0.0161688	0.00138825	0.215696	0.00116738	0.269929	0.0672925	0.00445141	0.00390436	0.00487824	0.0013354	0.0290675	0.0441787	0.203186	0.000972039	0.00235229
104	0.186783	0.0033107	0.0032015	0.00285757	0.0543472	0.023941	0.0347658	0.00774567	0.00515117	0.0394218	0.00540983	0.0225819	0.00397184	0.0242117	0.005184	0.464791	0.0618246	0.0235548	0.00508773	0.021857
105	0.00824863	0.00312768	0.000596117	0.00191309	0.0292672	0.00537123	0.00379456	0.325026	0.00224896	0.316931	0.0742674	0.00460501	0.00430181	0.00678724	0.00157726	0.00852692	0.022437	0.164133	0.0017057	0.0151343
106	0.0363529	0.0262035	0.00024369	0.00145777	0.0840893	0.00744241	0.00290326	0.162989	0.00281718	0.432032	0.0758242	0.000746365	0.000265038	0.00182188	0.0030272	0.00731235	0.0192119	0.128418	0.00391069	0.00293161
107	0.0365326	0.0139218	0.005277	0.00229635	0.034524	0.0109677	0.0023962	0.224724	0.00180026	0.260285	0.132364	0.0164464	0.00568117	0.00742889	0.00788812	0.0381437	0.0439966	0.145072	0.0018119	0.00844214
108	0.141932	0.0508055	0.00726208	0.00324751	0.0519567	0.0859547	0.0044866	0.0356264	0.0156842	0.0703342	0.0307942	0.0357907	0.00962357	0.0072243	0.00649709	0.192227	0.150165	0.0451747	0.00271496	0.0524984
109	0.0360252	0.0138564	0.000469874	0.000900009	0.0156697	0.0138847	0.00102839	0.334303	0.00112913	0.0403008	0.011918	0.00162011	0.00114323	0.000645244	0.00150822	0.00955848	0.0199896	0.493286	0.00100107	0.00176244
110	0.0618783	0.0205249	0.000329522	0.00072058	0.0500492	0.0191064	0.00199556	0.17856	0.000892177	0.371881	0.0361226	0.000463081	0.000440095	0.00197537	0.000976596	0.020622	0.0322949	0.198989	0.00109178	0.00108663
111	0.177751	0.0577746	0.0046932	0.00375668	0.0309816	0.0153842	0.000684362	0.0218396	0.00436816	0.0350501	0.0246443	0.00597705	0.00571225	0.00939967	0.00175199	0.140901	0.357671	0.0977571	0.000434446	0.00346707
112	0.0256793	0.00151634	0.0490207	0.025311	0.0130739	0.042116	0.0247241	0.0025039	0.169904	0.0280024	0.0124431	0.18451	0.011092	0.0461487	0.124833	0.177083	0.0459436	0.00810039	0.00115164	0.00684248
113	0.0604281	0.0283453	0.00302235	0.00326148	0.0281957	0.00865809	0.00095234	0.237527	0.00223609	0.213002	0.124775	0.014247	0.00809209	0.0112884	0.00339635	0.0366866	0.0554806	0.153926	0.00164719	0.00483325
114	0.256723	0.014592	0.00821672	0.0064685	0.0070216	0.0408301	0.0122763	0.00857478	0.0282742	0.0115669	0.00458181	0.00468624	0.0154516	0.0198477	0.0364662	0.403294	0.079412	0.0368394	0.00145397	0.0034229
115	0.436475	0.00411905	0.00221071	0.00156217	0.036686	0.0232899	0.0127847	0.00372993	0.00372344	0.00812668	0.00212341	0.00338721	0.00229816	0.0121078	0.00431674	0.359974	0.0508377	0.00834743	0.00779661	0.016103
116	0.0978069	0.0223074	0.0158774	0.00469128	0.024982	0.588763	0.0079876	0.00768622	0.008307	0.0151988	0.0105246	0.0162238	0.00419565	0.00461873	0.00340373	0.0815034	0.0519443	0.0250076	0.00133758	0.0076336
117	0.276896	0.0451013	0.00665821	0.00295662	0.00949243	0.104826	0.00241226	0.0276885	0.00642857	0.0385355	0.0179379	0.0203686	0.00508639	0.00524692	0.00638861	0.259335	0.11141	0.0471247	0.000977728	0.00512881
118	0.00653419	0.00254139	0.00036075	0.00320073	0.0281608	0.00447326	0.00318842	0.337625	0.00188633	0.278335	0.065059	0.0026971	0.00261831	0.00413921	0.00131982	0.00556045	0.0229381	0.214641	0.00257349	0.0121468
119	0.0216285	0.0081168	0.000937356	0.00252902	0.342057	0.0118549	0.00157048	0.136903	0.00202032	0.196355	0.0378744	0.00578642	0.00892639	0.00304104	0.00232419	0.010139	0.0120055	0.0902315	0.0391665	0.0665332
120	0.0095533	0.0025946	0.000278138	0.00241762	0.0289456	0.00357727	0.00252007	0.355762	0.00125619	0.225729	0.0485136	0.00115734	0.00183654	0.00305425	0.00107001	0.00414707	0.0247102	0.272954	0.00330764	0.00661533
121	0.00361955	0.00243753	0.000524456	0.00135008	0.0292717	0.00580328	0.0049474	0.311344	0.00256752	0.364788	0.0952408	0.00709398	0.00554084	0.00717541	0.00232711	0.009621	0.0179272	0.106366	0.000842407	0.0212118
122	0.0265004	0.0183533	0.0102284	0.0562543	0.208573	0.0139762	0.0388793	0.0289561	0.00748733	0.0515669	0.0210131	0.0168415	0.0102895	0.00979877	0.00847483	0.0305072	0.0233703	0.0359752	0.0562644	0.32669
123	0.073719	0.0207103	0.00029959	0.000523138	0.0404108	0.023812	0.00184184	0.173873	0.000373621	0.357692	0.0272373	0.000425331	0.000479379	0.0021695	0.000424013	0.0265265	0.0375088	0.211396	0.000176991	0.000400659
124	0.255628	0.0407745	0.00448215	0.0041565	0.00199525	0.0754422	0.0018586	0.0121839	0.00868243	0.00775535	0.0014687	0.00230822	0.00363123	0.00337584	0.0120359	0.501922	0.0527814	0.00796204	0.000531314	0.00102381
125	0.0246835	0.0155385	0.000367586	0.000882799	0.00748426	0.00447467	0.000638599	0.26762	0.00244387	0.0591985	0.0323226	0.00201552	0.0008558	0.00130584	0.00307869	0.00902996	0.0421286	0.522589	0.00109986	0.0022426
126	0.103582	0.0190849	0.000220687	0.00106027	0.0495259	0.0499721	0.0035407	0.251319	0.000216218	0.115714	0.00779204	0.000326222	0.00204858	0.00189878	0.00118345	0.0219349	0.0322053	0.337264	0.000491034	0.000619755
127	0.0860969	0.0236948	0.000272195	0.000644966	0.0385127	0.0326075	0.00197095	0.195449	0.000391786	0.296176	0.0236359	0.000406522	0.000730263	0.00189985	0.000459905	0.0281559	0.0362487	0.232163	0.000175604	0.000306808
128	0.00563956	0.00299389	0.000860202	0.00172288	0.0258674	0.00567149	0.00463236	0.308782	0.00241278	0.34387	0.0897462	0.0059757	0.00443424	0.00596567	0.00225053	0.0108793	0.0218011	0.137168	0.000961698	0.0183659
129	0.0236133	0.00700064	0.000445217	0.00199888	0.0289645	0.00689002	0.00214917	0.313057	0.00113583	0.211756	0.0392456	0.00144495	0.00162892	0.00258196	0.00137535	0.00821537	0.030163	0.311385	0.0027725	0.00417685
130	0.283654	0.0359581	0.00235111	0.000642532	0.0173997	0.13053	0.00266797	0.075637	0.00352553	0.103794	0.0126912	0.000970607	0.00400941	0.00538795	0.000731319	0.0424818	0.0376829	0.238668	0.000477637	0.000739288
131	0.0121141	0.00283759	0.000175575	0.002454	0.0460906	0.00332338	0.00158817	0.368164	0.000805943	0.187565	0.0471181	0.000499233	0.00393611	0.0035851	0.000868632	0.0031665	0.0236202	0.283869	0.00489753	0.00332114
132	0.192838	0.0492376	0.00558997	0.00349427	0.0244859	0.0186785	0.00162529	0.0284877	0.00559375	0.0367948	0.021057	0.00963706	0.00641411	0.00704931	0.00198259	0.151133	0.329154	0.101397	0.00136301	0.0039868
133	0.238599	0.0616666	0.0250096	0.00472954	0.0136979	0.382989	0.0217779	0.0078203	0.00377144	0.0209285	0.0252738	0.006176	0.00415385	0.00423454	0.00366484	0.0541775	0.0592996	0.0544405	0.00182903	0.00576026
134	0.227271	0.0583156	0.00943143	0.00254177	0.0221167	0.024671	0.000896878	0.0258487	0.0072071	0.0297597	0.0254782	0.00674874	0.00579686	0.0054636	0.00299038	0.145232	0.307828	0.0854044	0.000892452	0.00610505
135	0.0409177	0.0251282	0.00113703	0.00185609	0.0540984	0.00857076	0.0019291	0.191265	0.0026227	0.339138	0.0915304	0.00346035	0.00206438	0.00327283	0.00326598	0.0144894	0.0288048	0.179543	0.00334986	0.00355659
136	0.0149355	0.0139604	0.00566106	0.00119897	0.00173933	0.00263438	0.00291235	0.195091	0.010667	0.139788	0.506596	0.00138457	0.00115085	0.00603855	0.00130363	0.0216273	0.00357068	0.0634284	0.000689668	0.005622
137	0.0195499	0.0309203	0.00244644	0.00381987	0.374652	0.00981496	0.0110531	0.0510605	0.00275329	0.0695476	0.0169659	0.00764532	0.000718168	0.00435832	0.00411889	0.0269247	0.0182491	0.055411	0.0604614	0.229529
138	0.13173	0.0203681	0.0124155	0.0171159	0.0184591	0.0865051	0.0116806	0.0218392	0.0165688	0.0739535	0.0203988	0.0566422	0.0729077	0.0142505	0.0537691	0.09151	0.167677	0.086695	0.0101483	0.0153661
139	0.0362124	0.00230912	0.267218	0.181703	0.00391183	0.0347962	0.0370592	0.0175034	0.0100725	0.0302015	0.00346187	0.0490126	0.0186669	0.0172965	0.00479256	0.14743	0.0493266	0.0841504	0.00139831	0.0034773
140	0.219722	0.0554315	0.00929611	0.00257946	0.0236326	0.0210038	0.000930288	0.0264667	0.0084499	0.0288013	0.025995	0.00651959	0.0056882	0.005392	0.00298559	0.144039	0.32221	0.0827488	0.00071825	0.00738903
141	0.0363537	0.0253955	0.000335534	0.00168152	0.0940581	0.00626955	0.00254526	0.16996	0.00290513	0.403254	0.0791932	0.000934134	0.000982562	0.00202714	0.00391459	0.00521749	0.0182067	0.138937	0.00460003	0.00322928
142	0.0588171	0.0144787	0.0214495	0.0548931	0.0031378	0.0315916	0.0501345	0.0125715	0.168739	0.017695	0.0146949	0.0489805	0.0036375	0.158699	0.162871	0.0757953	0.0694876	0.0189784	0.00101333	0.0123346
143	0.188978	0.066782	0.00441941	0.00465086	0.0307509	0.0210817	0.000774674	0.0240216	0.00518927	0.0357666	0.0213225	0.00607022	0.00774904	0.00744739	0.00248628	0.136765	0.334173	0.0971646	0.000487502	0.00391915
144	0.100866	0.0154747	0.000340475	0.00104144	0.0730612	0.0393007	0.00238539	0.234815	0.000352007	0.111851	0.0075475	0.000472869	0.00169525	0.0012811	0.00261233	0.0162169	0.0248658	0.364229	0.000820604	0.000771042
145	0.0151704	0.00402317	0.000170818	0.00209896	0.0288854	0.00412481	0.00239424	0.361036	0.000848565	0.183169	0.0335766	0.000559654	0.0016125	0.00192682	0.00101842	0.00374416	0.0239348	0.324839	0.00340017	0.00346652
146	0.015345	0.0133153	0.0064722	0.00116145	0.00191869	0.0025462	0.00287932	0.149445	0.00928561	0.144836	0.544381	0.00150168	0.00106227	0.0068581	0.00132488	0.023686	0.00388893	0.0637578	0.000699885	0.00563455
147	0.00750305	0.00194651	0.000398151	0.00257726	0.0261465	0.00407256	0.00332416	0.352111	0.00145661	0.230615	0.054699	0.0015629	0.00181317	0.00371082	0.00108382	0.00482949	0.0264559	0.265012	0.00293032	0.007752
148	0.104399	0.018418	0.000217493	0.00105735	0.0485858	0.0509879	0.00321871	0.255457	0.000229864	0.115492	0.0079596	0.000301455	0.00199426	0.00185665	0.00120197	0.0218474	0.0313254	0.334322	0.000504815	0.000623728
149	0.105471	0.0295653	0.0154223	0.00433899	0.0176831	0.65014	0.00795959	0.00627443	0.00724139	0.0129335	0.00905457	0.00695387	0.00440811	0.00358716	0.00280647	0.0478072	0.0315987	0.0245413	0.00168178	0.0105311
150	0.463846	0.00587911	0.00218312	0.000629657	0.00101552	0.195706	0.00561237	0.00228489	0.00230207	0.00727684	0.00247914	0.0103179	0.00545798	0.00221428	0.00124541	0.249443	0.0277461	0.0116955	0.000371465	0.00229347
151	0.0757589	0.0238961	0.000378407	0.00047104	0.0440245	0.0242516	0.00186861	0.17875	0.000412352	0.341375	0.0302028	0.000672789	0.000648743	0.00191017	0.000629809	0.0277972	0.0386141	0.207376	0.000442266	0.000518874
152	0.130446	0.0111252	0.000625311	0.00267343	0.0437411	0.00736845	0.00127496	0.26377	0.000672909	0.0528597	0.00857711	0.00229619	0.00228032	0.000988083	0.00303727	0.0392303	0.060116	0.331052	0.0141913	0.0236734
153	0.0237882	0.0107568	0.00127097	0.00393483	0.0441358	0.00462873	0.00209228	0.244531	0.00175591	0.326829	0.0655777	0.00227949	0.00240111	0.00279735	0.00193474	0.00782913	0.0272567	0.217575	0.00377179	0.00485456
154	0.177613	0.0575443	0.00472724	0.00371514	0.0312035	0.015276	0.00068179	0.0216859	0.0044163	0.0348213	0.0250867	0.00590497	0.00568372	0.00934704	0.00175291	0.140854	0.358355	0.0974262	0.00042038	0.00348503
155	0.0354643	0.00175588	0.0213548	0.0319142	0.0607014	0.00494256	0.0173749	0.0966285	0.072915	0.175313	0.0737262	0.0273171	0.00157296	0.0555686	0.0581146	0.0273058	0.0551171	0.0839745	0.0188325	0.0801062
156	0.0585092	0.01227	0.00953629	0.0430578	0.0183645	0.0169581	0.0116086	0.125864	0.0121625	0.0970728	0.0255208	0.0174874	0.141006	0.0151866	0.00921885	0.0533618	0.130598	0.181279	0.0108677	0.0100706
157	0.0202937	0.00775712	0.0302074	0.033728	0.0088761	0.0122909	0.0562617	0.00984588	0.132394	0.0186192	0.00838005	0.0368711	0.215776	0.065757	0.114055	0.0475157	0.103218	0.0423311	0.0299181	0.00590488
158	0.184604	0.00181233	0.149462	0.195844	0.00257676	0.0197479	0.0242308	0.00341963	0.0374172	0.0148823	0.00273909	0.0186097	0.146802	0.0820298	0.0180647	0.066007	0.0231863	0.00561613	0.00107685	0.0018718
159	0.00546558	0.00294639	0.325821	0.128678	0.0119579	0.0288291	0.0357846	0.00315455	0.0192481	0.00887921	0.0107558	0.194763	0.00163578	0.0684315	0.0020688	0.0679439	0.0426786	0.0222415	0.000968123	0.0177482
160	0.476719	0.00203054	0.00175834	0.00159703	0.0422917	0.0204865	0.0154818	0.00328116	0.00217636	0.00877634	0.00267279	0.00340821	0.00179977	0.00989246	0.00246412	0.317098	0.0471042	0.00694093	0.0107516	0.02327
161	0.0198231	0.00409356	0.00190429	0.00341506	0.275615	0.0350982	0.00227059	0.0778656	0.00229835	0.263533	0.0665541	0.0162669	0.011576	0.00308221	0.00304151	0.0102752	0.00987945	0.0365913	0.111593	0.0452235
162	0.0238236	0.00143233	0.0532645	0.0235123	0.0138219	0.0404252	0.0505313	0.00195472	0.159803	0.0259906	0.0102296	0.196741	0.00504726	0.0437558	0.109463	0.18072	0.043404	0.00876666	0.000541474	0.00677177
163	0.00311802	0.00364486	0.000494135	0.00125603	0.0258218	0.00518582	0.00385796	0.302648	0.00303602	0.383063	0.10758	0.00594946	0.00589678	0.00593943	0.00207835	0.0111609	0.0144209	0.0970514	0.00071462	0.0170826
164	0.0197405	0.00336097	0.000612747	0.00145905	0.319519	0.0104223	0.00145207	0.133792	0.00101812	0.299432	0.0430056	0.00542699	0.011958	0.000964696	0.0010257	0.00486977	0.00806968	0.0582368	0.0427777	0.0328551
165	0.149023	0.00219887	0.0383062	0.0492212	0.0102862	0.0999358	0.025873	0.0184323	0.0260202	0.0168019	0.0127806	0.0270103	0.117651	0.00545517	0.0268689	0.235659	0.0657998	0.0356772	0.0203393	0.0166597
166	0.00639349	0.00280138	0.322404	0.133592	0.0121657	0.0302607	0.0356487	0.0036568	0.0191793	0.00938152	0.0101897	0.186677	0.00221946	0.0644781	0.00205706	0.0725792	0.0437387	0.0240535	0.000926449	0.0175975
167	0.0042393	0.00164739	0.000488285	0.00134394	0.0319437	0.00792109	0.00540598	0.289841	0.00216304	0.385143	0.0885455	0.00790096	0.00747266	0.00834082	0.00258078	0.00871761	0.0160923	0.0971065	0.000788928	0.0323173
168	0.0508028	0.00813607	0.00883897	0.0040738	0.00428419	0.0543517	0.00423407	0.00510051	0.0165237	0.0176636	0.00437663	0.00442021	0.62308	0.00758454	0.0379546	0.0673438	0.0487411	0.0220234	0.00706393	0.00340251
169	0.0744312	0.010604	0.0104597	0.017253	0.0200848	0.0267959	0.0151792	0.0295804	0.0128578	0.108142	0.0214649	0.0248985	0.148112	0.0158585	0.0126803	0.135151	0.0726339	0.106876	0.125647	0.0112907
170	0.05749	0.00163562	0.00134318	0.00170839	0.00793768	0.00476242	0.00155765	0.00287793	0.0137147	0.0332357	0.00219435	0.00282948	0.679148	0.00169745	0.00297427	0.0126833	0.144231	0.0217277	0.00444828	0.0018037
171	0.25395	0.0050915	0.0152381	0.00392499	0.0059568	0.591833	0.00279616	0.00388314	0.0108313	0.0111226	0.00555274	0.005559	0.0130639	0.00233055	0.00290007	0.0299074	0.0106349	0.0126158	0.00213418	0.0106741
172	0.0549797	0.0199774	0.00751064	0.00229745	0.0322874	0.0059339	0.000916287	0.211326	0.00174021	0.207207	0.145286	0.0163026	0.00541288	0.00632664	0.00610835	0.0386765	0.0596903	0.17106	0.00243867	0.0045224
173	0.012058	0.00295761	0.00016073	0.00209548	0.0321068	0.00241451	0.00175084	0.357215	0.000721492	0.199145	0.0339041	0.000361216	0.00160099	0.00191526	0.00119282	0.00240487	0.0239897	0.316891	0.004104	0.00301046
174	0.0208744	0.0101783	0.000391505	0.00119634	0.235677	0.00588017	0.0016427	0.158074	0.00191185	0.35576	0.0567396	0.00296253	0.00680164	0.00130373	0.00164135	0.00367738	0.0119705	0.083615	0.0207587	0.0189427
175	0.0424521	0.0091147	0.0103896	0.0153601	0.0702633	0.114652	0.00939904	0.0465102	0.0244706	0.137098	0.100337	0.0176473	0.00986383	0.0675699	0.1024	0.0444254	0.0797326	0.0708926	0.0076712	0.0197514
176	0.0649358	0.023393	0.00343389	0.00563951	0.0288904	0.014276	0.000674581	0.21907	0.00194449	0.198291	0.128019	0.016398	0.0096914	0.0162348	0.00375136	0.047154	0.0550491	0.15739	0.00169084	0.00407178
177	0.0541431	0.00421373	0.00319466	0.00649523	0.0394345	0.0201388	0.0116564	0.0429595	0.00660318	0.0521734	0.0205755	0.0328527	0.0603507	0.00434488	0.00263772	0.241972	0.337255	0.031807	0.0094941	0.0176975
178	0.0486983	0.00796276	0.00063861	0.00343423	0.0445677	0.0113596	0.00204641	0.312823	0.00115882	0.110282	0.0273331	0.00342783	0.0224959	0.00593635	0.00133001	0.0186628	0.0433894	0.325778	0.00336978	0.00530536
179	0.0523639	0.0186241	0.00211205	0.0115158	0.0233121	0.0656025	0.00204519	0.180042	0.00255119	0.154483	0.0863901	0.0350601	0.0226639	0.0349966	0.00285324	0.11495	0.0360916	0.149609	0.00160521	0.00312911
180	0.281141	0.0320701	0.00651905	0.00300904	0.00145413	0.129693	0.00403826	0.00950478	0.00519012	0.00708622	0.00192139	0.00520489	0.00191477	0.0015668	0.00732458	0.443646	0.0506569	0.00653751	0.000526063	0.000995044
181	0.0796238	0.0255237	0.000478062	0.00108505	0.0355178	0.0252698	0.00153819	0.195311	0.000743922	0.302337	0.04541	0.00265458	0.00247975	0.004086	0.000697412	0.0308477	0.0449045	0.20003	0.000398156	0.00106387
182	0.0176109	0.0203863	0.0040083	0.0083572	0.150779	0.00732299	0.141735	0.0386155	0.00420449	0.0663066	0.0243888	0.0249528	0.00342755	0.0200198	0.00485013	0.023499	0.0183657	0.0511216	0.0714108	0.298637
183	0.0513951	0.0881188	0.00686643	0.00265236	0.208105	0.020057	0.0109085	0.0538159	0.00903501	0.0678217	0.0173821	0.0224425	0.00216793	0.00244075	0.00892181	0.0497476	0.0590932	0.0524716	0.0289595	0.237598
184	0.0331566	0.0165616	0.00152188	0.0015086	0.0129006	0.00487402	0.000930374	0.238207	0.00180195	0.0743289	0.0426435	0.00435238	0.00214546	0.00271782	0.00348762	0.0123348	0.0500898	0.492535	0.00137657	0.00252599
185	0.0133265	0.0154721	0.00501117	0.00113598	0.00367358	0.00245942	0.00282968	0.207389	0.00928334	0.162936	0.464468	0.00175562	0.00168318	0.00550201	0.0013637	0.0214275	0.00491968	0.0693117	0.000670194	0.00538162
186	0.062449	0.0158619	0.000654191	0.0022528	0.0201017	0.0139227	0.00220511	0.252727	0.00112893	0.0709618	0.0187511	0.00337671	0.00391403	0.00232637	0.00176918	0.0189597	0.0380965	0.464623	0.0017416	0.00417652
187	0.0727615	0.0116213	0.0158844	0.0305532	0.0123257	0.0366701	0.0159866	0.0248882	0.0433197	0.0393692	0.0187559	0.0266795	0.014307	0.165067	0.0439429	0.241443	0.13847	0.0309388	0.00391944	0.0130959
188	0.0165888	0.00637695	0.00606681	0.0134474	0.00599494	0.0244219	0.0100196	0.0148656	0.183846	0.0397916	0.0106802	0.00916859	0.00592085	0.0418512	0.523781	0.021433	0.0343586	0.0150555	0.00376385	0.0125676
189	0.17869	0.0558643	0.00515876	0.00357198	0.0294218	0.0147452	0.000778666	0.0218297	0.00468416	0.0348509	0.0227584	0.00696365	0.00559177	0.0082016	0.0017883	0.142727	0.359911	0.0984101	0.00040973	0.00364325
190	0.0211313	0.0169814	0.00112554	0.00197949	0.0608499	0.00550264	0.00299269	0.183002	0.00355969	0.432469	0.113662	0.00342277	0.00265839	0.00354533	0.00298341	0.00923265	0.0198595	0.101767	0.00452995	0.00874549
191	0.380239	0.0272549	0.00351141	0.00246006	0.00364567	0.101763	0.00275852	0.00880491	0.00472723	0.00686511	0.00137693	0.00431393	0.00300143	0.00252268	0.00538596	0.393096	0.0386039	0.00673488	0.00095403	0.00198072
