376	20
1	0.103372	0.000401691	0.000579537	0.0031604	0.0535698	0.00962545	0.00083433	0.163448	0.00271138	0.204722	0.058384	0.00209791	0.00117164	0.00637067	0.00817486	0.0145937	0.039697	0.324154	0.00032001	0.00261053
2	0.0712891	0.00591305	0.00109812	0.00282256	0.199713	0.00180307	0.00203577	0.116561	0.00254575	0.338607	0.0273414	0.00454916	0.00105642	0.00354258	0.00204048	0.0336119	0.0030501	0.173262	0.000495398	0.00866233
3	0.0714217	0.00589018	0.00112394	0.00282074	0.200155	0.00178357	0.00204359	0.116447	0.00251857	0.339603	0.026986	0.00457162	0.00105632	0.00353364	0.00199096	0.0336489	0.00291684	0.172284	0.000497558	0.00870746
4	0.163928	0.0233453	0.00735216	0.00550497	0.021328	0.294061	0.00560461	0.00688312	0.00696805	0.0406697	0.00541246	0.0115763	0.00387695	0.00598626	0.0189662	0.181138	0.0927457	0.0979636	0.0026894	0.00400008
5	0.0713428	0.0057988	0.00110424	0.00287775	0.198286	0.00176779	0.00205216	0.117017	0.00252802	0.339639	0.027426	0.00456041	0.00106569	0.00358424	0.00201556	0.033153	0.0031795	0.17349	0.000482846	0.00862901
6	0.00933915	0.000450529	0.508856	0.145191	0.0020131	0.0401382	0.0195246	0.00335163	0.0108299	0.00373521	0.00276304	0.160496	0.0101217	0.015647	0.00835276	0.0379521	0.00904492	0.00661167	0.000464963	0.00511639
7	0.00463705	0.00065798	0.00134431	0.0106441	0.137064	0.00330401	0.134163	0.0575487	0.0693984	0.0693587	0.0102569	0.00405706	0.00623866	0.0139168	0.0622521	0.00648075	0.0131151	0.0355967	0.0720855	0.28788
8	0.0200657	0.000435693	0.000599916	0.00183489	0.0199142	0.00140153	0.0032467	0.449326	0.00217605	0.156926	0.0748593	0.00179353	0.00105424	0.00499934	0.0044984	0.0111114	0.0366511	0.20241	0.000516582	0.00617931
9	0.0501518	0.000376534	0.00602863	0.0169781	0.00546646	0.0103984	0.0133131	0.00401462	0.020114	0.0292642	0.0041646	0.00664077	0.658832	0.0327227	0.024328	0.0740384	0.0200356	0.0172237	0.00137756	0.00453098
10	0.0056302	0.870304	0.00162292	0.00399083	0.00370878	0.00506442	0.00247423	0.0128105	0.0035797	0.00718791	0.00392792	0.00289402	0.00199958	0.0114408	0.00512284	0.0343574	0.00559335	0.00739112	0.00864105	0.00225805
11	0.0437077	0.0147506	0.0242148	0.0761124	0.0248793	0.0180949	0.016032	0.0933024	0.0882311	0.119847	0.0600658	0.0304771	0.0157342	0.0329301	0.0853285	0.0477188	0.0437512	0.140474	0.00367841	0.0206695
12	0.024458	0.000713351	0.519434	0.109877	0.00488897	0.0385535	0.0162112	0.00682197	0.0234287	0.0095388	0.00463349	0.100392	0.0120675	0.020372	0.0182349	0.0531137	0.0197182	0.0116463	0.000965092	0.00493168
13	0.0394011	0.0027123	0.0192791	0.0258745	0.137104	0.0211274	0.0220108	0.0297928	0.0420934	0.0859949	0.0669505	0.118493	0.080502	0.0220365	0.0839019	0.100944	0.0279287	0.0323435	0.013698	0.0278122
14	0.113483	0.000555092	0.0800001	0.13935	0.0112137	0.0956185	0.0197696	0.0192142	0.0836552	0.0395177	0.0160533	0.0282412	0.0272644	0.0746875	0.0602154	0.0920043	0.0325185	0.0476592	0.00207609	0.0169023
15	0.0178292	0.00138506	0.00186095	0.00399688	0.0101966	0.00290894	0.0130148	0.401711	0.00674238	0.151056	0.0751886	0.00481597	0.003594	0.0260787	0.0178629	0.026497	0.0563238	0.168263	0.00125313	0.0094214
16	0.0222407	0.000368143	0.00961916	0.0640572	0.00316089	0.0238411	0.00848508	0.00527623	0.404068	0.0334562	0.023442	0.0455041	0.0117105	0.0609157	0.192279	0.052233	0.0294151	0.00705493	0.00158472	0.00128872
17	0.0213491	0.000334593	0.0100112	0.0690806	0.00343275	0.0244067	0.010154	0.00447087	0.39471	0.0374948	0.0227382	0.0436813	0.0156048	0.072202	0.182633	0.0464218	0.0314072	0.00737832	0.00146203	0.00102661
18	0.0191296	0.00432132	0.0132636	0.0471436	0.094262	0.0121216	0.0753934	0.0901194	0.0868337	0.109036	0.0215348	0.0150259	0.0134388	0.0178378	0.095264	0.0264201	0.0210929	0.0428656	0.0454289	0.149467
19	0.00966206	0.000266664	0.007845	0.0629809	0.0108073	0.0192982	0.0371458	0.00211012	0.259866	0.0520509	0.0261913	0.0349106	0.0857022	0.0795641	0.218983	0.0334743	0.0467039	0.0105452	0.000853933	0.00103871
20	0.00840777	0.00106119	0.01381	0.00593486	0.0033833	0.0127502	0.163539	0.0246885	0.179836	0.0266126	0.00631534	0.13408	0.00371113	0.0246035	0.229982	0.0432875	0.0165986	0.0803011	0.0012205	0.0198775
21	0.0597649	0.00485523	0.0268576	0.028912	0.0522314	0.127362	0.0317827	0.0330649	0.0393075	0.0541638	0.123171	0.0452029	0.0171743	0.0295498	0.0407256	0.062777	0.0395152	0.046817	0.0129695	0.123796
22	0.0449221	0.000582242	0.0476635	0.172468	0.00570869	0.0405603	0.0155847	0.014216	0.219183	0.0280209	0.0148083	0.0585127	0.0200158	0.100275	0.0914224	0.0600355	0.0388392	0.019315	0.00238139	0.00548561
23	0.00534181	0.000601167	0.0148428	0.00517711	0.00182658	0.0138476	0.25374	0.0245144	0.147117	0.0121522	0.00309456	0.124203	0.00417593	0.0293044	0.239321	0.0465206	0.0100043	0.0388799	0.000577516	0.024758
24	0.00522019	0.000741959	0.00311819	0.0109458	0.12994	0.00373065	0.143798	0.0565808	0.0709156	0.0631758	0.0145071	0.00461201	0.00642715	0.0118494	0.0987757	0.00726139	0.0119727	0.0340634	0.0927717	0.229593
25	0.0467018	0.00120151	0.120524	0.301186	0.0094627	0.0362793	0.0184572	0.0300581	0.0679585	0.0290629	0.0124584	0.0543093	0.0247782	0.0586773	0.0432647	0.0736024	0.034576	0.0250157	0.00239308	0.0100326
26	0.0376614	0.004557	0.0550118	0.0328816	0.00644507	0.0231633	0.0642759	0.00896985	0.0441268	0.0143	0.00711031	0.0505575	0.00948948	0.0404227	0.518086	0.0413175	0.017851	0.012365	0.00146575	0.0099422
27	0.0454278	0.00194554	0.0543635	0.0335048	0.0162383	0.0410985	0.152265	0.0164735	0.053102	0.0197744	0.0116622	0.168946	0.0101588	0.057324	0.0727077	0.130052	0.0305412	0.0241755	0.00415106	0.056089
28	0.010715	0.790585	0.00330911	0.00626168	0.00631509	0.00655969	0.00694708	0.027327	0.00753738	0.010744	0.00755076	0.00509536	0.00280959	0.0128548	0.0088375	0.0333434	0.00741825	0.013033	0.0235986	0.00915712
29	0.0465669	0.000386698	0.00443869	0.0157087	0.00450992	0.00916566	0.0139143	0.00280518	0.0176111	0.029935	0.00386022	0.00571068	0.680557	0.0374076	0.0220902	0.0670764	0.0169046	0.0175212	0.000762381	0.00306764
30	0.0530818	0.000165791	0.0988335	0.140085	0.0131405	0.0444724	0.0223862	0.0255244	0.109521	0.0519654	0.0153531	0.03997	0.0476889	0.077048	0.0785149	0.0994528	0.034063	0.0350208	0.00254914	0.011164
31	0.00466662	0.881275	0.00145259	0.00340144	0.00207931	0.00302539	0.0025379	0.0118264	0.00334869	0.00474521	0.00314764	0.00280701	0.0024723	0.0118716	0.00463027	0.034816	0.00539818	0.00536394	0.00892311	0.00221132
32	0.0442979	0.000466659	0.00060538	0.0030303	0.0443497	0.00367194	0.00132372	0.161308	0.00302181	0.332127	0.0532602	0.00227768	0.00152767	0.00522115	0.00721733	0.0114053	0.0380209	0.279761	0.000359442	0.00674632
33	0.0671768	0.000265687	0.000467318	0.00143074	0.0215837	0.00132938	0.000712914	0.234908	0.00157766	0.101347	0.0311185	0.000912857	0.00295658	0.00280879	0.00300788	0.0067333	0.0134817	0.505979	0.000292682	0.0019092
34	0.043397	0.00108208	0.0209883	0.0345226	0.0094369	0.0481091	0.0200903	0.0109707	0.0567704	0.0376433	0.0288211	0.0236201	0.322553	0.0571391	0.0910509	0.129199	0.0304974	0.0244706	0.0034555	0.00618296
35	0.143397	0.00111592	0.00327048	0.00659846	0.0125201	0.00842875	0.00481188	0.0675653	0.0153188	0.113328	0.0683329	0.00960946	0.136562	0.0120712	0.0601839	0.089775	0.0764498	0.117431	0.0219158	0.0313154
36	0.0488949	0.000438103	0.00573377	0.0171865	0.00554659	0.00908113	0.0125568	0.0047697	0.0169043	0.0365143	0.00474156	0.006652	0.657784	0.032777	0.0223737	0.0714837	0.0222155	0.0188219	0.000807396	0.00471738
37	0.0544254	0.000153488	0.0995477	0.140399	0.0132459	0.045458	0.0220179	0.0256529	0.111026	0.0516058	0.0154851	0.0402719	0.0472656	0.0764491	0.0769576	0.0995083	0.0338256	0.0334515	0.00252766	0.0107261
38	0.0341261	0.000438807	0.165709	0.0633661	0.0102217	0.119462	0.0741562	0.00864896	0.0366123	0.00955675	0.0162972	0.265365	0.00171558	0.0345962	0.0565949	0.0510514	0.0176412	0.00612713	0.000517864	0.0277953
39	0.0133871	0.000492347	0.00179887	0.00320626	0.303746	0.00327002	0.0164432	0.00970646	0.00967824	0.0505433	0.015022	0.0112421	0.00430736	0.00353758	0.00849595	0.00981926	0.0140874	0.0108629	0.0126438	0.49771
40	0.0184757	0.000326063	0.0101518	0.0634741	0.00392306	0.0235082	0.0116665	0.00395326	0.398477	0.0385861	0.0238999	0.0368779	0.0180732	0.0688599	0.193693	0.0466317	0.0299805	0.00688059	0.00146839	0.00109306
41	0.0802313	0.00107192	0.00307596	0.00784255	0.00415636	0.00666408	0.00795162	0.0693309	0.0687535	0.12107	0.00716141	0.0215572	0.162876	0.0703439	0.0701764	0.14021	0.0890372	0.0588008	0.00469727	0.00499103
42	0.0236398	0.00152259	0.0172748	0.0183	0.00582056	0.0112349	0.0403764	0.00452951	0.0504756	0.036434	0.00820604	0.0226548	0.487265	0.031512	0.146468	0.0542448	0.0188744	0.013598	0.00146226	0.00610643
43	0.0557004	0.000732706	0.000448965	0.00333372	0.0644087	0.00255045	0.000911128	0.197545	0.00280282	0.223941	0.0571751	0.0014373	0.000988836	0.00544465	0.00593005	0.0105936	0.0296568	0.331939	0.000267802	0.00419161
44	0.0237097	0.000273272	0.0131994	0.0610401	0.00939193	0.0199723	0.0363266	0.00678841	0.192592	0.0536627	0.0204631	0.037805	0.153768	0.0744885	0.178388	0.0512035	0.048112	0.0164178	0.000888703	0.00150933
45	0.121606	0.0115841	0.0123913	0.0188427	0.0344903	0.0487314	0.0130051	0.0335309	0.0234243	0.0409449	0.0209273	0.0225963	0.0209724	0.0160178	0.0317769	0.0591776	0.0392725	0.0402747	0.360673	0.0297605
46	0.0449185	0.000431941	0.00350996	0.0164962	0.00445688	0.0079953	0.0133923	0.00192792	0.01967	0.0291718	0.00370623	0.0057967	0.685944	0.0363332	0.0258604	0.0647628	0.0158144	0.0162114	0.000504677	0.00309595
47	0.0423556	0.000401532	0.00250679	0.164269	0.00161741	0.0222937	0.00258075	0.0100556	0.329475	0.0220137	0.0157829	0.0303846	0.00138153	0.20023	0.104338	0.0223033	0.00682019	0.016272	0.00356406	0.00135478
48	0.0591598	0.00262172	0.0593826	0.0477743	0.0115129	0.0401487	0.0396192	0.0185516	0.0896534	0.0210481	0.0144287	0.128161	0.0203081	0.0365855	0.131602	0.174218	0.054081	0.0291313	0.0101332	0.0118789
49	0.0261794	0.00020559	0.0316209	0.0893897	0.00741909	0.0334111	0.0213257	0.00916571	0.27533	0.0482055	0.0203807	0.0377028	0.0374568	0.0825639	0.162911	0.0594565	0.037322	0.0150215	0.00162311	0.00330884
50	0.0499829	0.000997438	0.295461	0.140996	0.00822995	0.0272436	0.0204435	0.0112183	0.0457352	0.0156408	0.00566584	0.104257	0.0186892	0.0310577	0.0219303	0.137343	0.0438408	0.0160137	0.00104442	0.00420922
51	0.0431956	0.000433245	0.00248788	0.161011	0.00172942	0.0216321	0.00282997	0.00989496	0.327682	0.0211924	0.0168069	0.0294258	0.00148581	0.202639	0.106464	0.0222822	0.00693078	0.0166228	0.00380487	0.00145032
52	0.0844073	0.000276478	0.000527426	0.00104603	0.00404525	0.00098956	0.000709206	0.241451	0.00124783	0.0348903	0.012906	0.00117494	0.00234038	0.00136281	0.00145787	0.00677927	0.00273409	0.600672	0.000311131	0.00067063
53	0.0390756	0.00355687	0.0115047	0.0183541	0.0359943	0.0753105	0.0243048	0.0283526	0.0288935	0.0735996	0.0183902	0.0225074	0.0152668	0.0204327	0.0836852	0.0510574	0.0275439	0.0307115	0.349331	0.0421272
54	0.00489048	0.00065654	0.00147831	0.0105233	0.13656	0.00341419	0.131138	0.0576627	0.069248	0.0702641	0.00996411	0.00427355	0.00605181	0.0154872	0.0615711	0.00686689	0.0131054	0.035853	0.0688167	0.292175
55	0.0616931	0.000783556	0.104063	0.0429195	0.0113591	0.0716673	0.0817798	0.00660873	0.0400595	0.00965197	0.0100636	0.303861	0.00259709	0.0390589	0.0420825	0.111337	0.0207214	0.0114752	0.000760784	0.0274564
56	0.0528731	0.00210042	0.0929561	0.0560214	0.0102374	0.0338863	0.0340608	0.014557	0.0561371	0.0156978	0.00954437	0.326199	0.0177941	0.0289052	0.042603	0.126268	0.0447206	0.020761	0.00320346	0.0114746
57	0.0582968	0.000226705	0.000365422	0.00223551	0.0409696	0.00187968	0.000751228	0.217404	0.00195943	0.150346	0.0449839	0.00119509	0.00151671	0.00409633	0.00456687	0.00716366	0.0235643	0.43496	0.000219423	0.00329968
58	0.410441	0.00119452	0.004692	0.00999606	0.00487584	0.102954	0.00991183	0.0126226	0.0137033	0.0146393	0.00930466	0.00892115	0.129079	0.0105888	0.011067	0.155199	0.0423712	0.0373872	0.00446976	0.00658212
59	0.0248476	0.00221698	0.0257623	0.0245075	0.021108	0.0223577	0.270146	0.0206321	0.0637617	0.0327157	0.0111254	0.0936573	0.0469815	0.0295777	0.132599	0.0541521	0.0257319	0.0233496	0.00868774	0.0660819
60	0.107783	0.00118844	0.0222059	0.0116267	0.00445833	0.022412	0.0127026	0.00894318	0.0193388	0.0456819	0.00454772	0.0125938	0.353581	0.0175733	0.0179951	0.197091	0.110097	0.0214234	0.00220922	0.00654709
61	0.00969102	0.00026257	0.0077556	0.0632162	0.0108565	0.0193954	0.0370027	0.00206445	0.259603	0.0521986	0.0259846	0.0347232	0.085789	0.0796445	0.218909	0.0335913	0.046915	0.0105557	0.000839395	0.00100255
62	0.0226209	0.00325563	0.000924053	0.00232342	0.09309	0.00415796	0.00227101	0.0982189	0.00285784	0.547348	0.0858558	0.00262564	0.00102038	0.00274972	0.0037025	0.0097402	0.00775507	0.0991029	0.000966828	0.00941364
63	0.352235	0.000858125	0.00288822	0.0195803	0.0206164	0.0385579	0.00392684	0.0985884	0.00554921	0.12582	0.0245009	0.00794379	0.0043453	0.00558644	0.00698526	0.0508057	0.0297636	0.194373	0.0034036	0.00367217
64	0.0682086	0.00136312	0.174607	0.117802	0.0124547	0.0335321	0.023918	0.0164435	0.0657474	0.023026	0.00862599	0.102622	0.0180603	0.0393849	0.0379241	0.165777	0.0614336	0.0211285	0.00157708	0.00636417
65	0.109963	0.00208943	0.0848711	0.0871371	0.0532528	0.0676589	0.0192939	0.0475	0.0431897	0.0273749	0.0146191	0.0332396	0.0149816	0.0292148	0.0652557	0.0534395	0.0293835	0.0769399	0.00387007	0.136725
66	0.118052	0.00219414	0.00808683	0.0207718	0.0142241	0.0754685	0.0206815	0.0851254	0.132615	0.0304789	0.0247212	0.0354056	0.00727794	0.0281098	0.0594842	0.0591292	0.0485202	0.205343	0.00441166	0.0198988
67	0.162406	0.00212593	0.00914453	0.0298208	0.0057526	0.172583	0.0268666	0.0438839	0.130522	0.0114354	0.0160271	0.0198653	0.0106497	0.0574583	0.0388755	0.181485	0.023138	0.0460215	0.00384687	0.0080918
68	0.0531832	0.00082422	0.141828	0.131925	0.00959178	0.0791419	0.0432869	0.0159065	0.101241	0.0235914	0.00947309	0.0693179	0.019523	0.0509834	0.0471793	0.110352	0.0632708	0.0189938	0.00147403	0.00891165
69	0.0318726	0.00113813	0.0568201	0.0699564	0.00815969	0.0498068	0.15217	0.012058	0.104671	0.0224235	0.014228	0.108984	0.0201889	0.106703	0.129153	0.0543474	0.0265871	0.0144948	0.00145685	0.0147811
70	0.0613417	0.000642809	0.088397	0.0375318	0.0119849	0.0772324	0.0947666	0.00741597	0.0436146	0.00934923	0.0106975	0.30501	0.00261174	0.0426576	0.0460518	0.101732	0.0186197	0.0118422	0.000786171	0.0277141
71	0.0164791	0.00148684	0.00318085	0.00941346	0.134022	0.0132203	0.0637178	0.0376585	0.0378366	0.0481563	0.014225	0.00998321	0.00949334	0.00946634	0.0395321	0.0189793	0.0134068	0.0230623	0.355399	0.141281
72	0.0507211	0.000410649	0.000386118	0.0024153	0.0569966	0.00243475	0.000936795	0.210179	0.00250114	0.210594	0.0593887	0.00111778	0.00104434	0.00542842	0.00592207	0.00859432	0.0306947	0.345331	0.000286532	0.00461729
73	0.0598446	0.000713265	0.00133878	0.00933786	0.0132496	0.0126823	0.0234101	0.0750136	0.143527	0.0320742	0.0433608	0.0759957	0.00128496	0.0270619	0.102252	0.065121	0.1226	0.162865	0.000621138	0.0276466
74	0.0869759	0.00277622	0.0667523	0.0383919	0.00334697	0.528525	0.00643909	0.0052731	0.053963	0.00927225	0.00651269	0.0603047	0.00298143	0.0153095	0.0336969	0.0534665	0.013671	0.0072205	0.0014975	0.00362383
75	0.0125024	0.000439326	0.511211	0.17897	0.00128826	0.0288651	0.00718115	0.00386531	0.0135483	0.00343883	0.00161486	0.125132	0.0132889	0.0241975	0.00452242	0.0466932	0.0116145	0.00939145	0.000449907	0.0017867
76	0.00538431	0.000654063	0.0015464	0.0103803	0.13547	0.00368152	0.138528	0.0554052	0.0719238	0.0690431	0.0100974	0.00430329	0.00633379	0.014204	0.0619299	0.00729497	0.0150969	0.0363026	0.0687215	0.283699
77	0.0388045	0.00366535	0.00101347	0.00376916	0.216165	0.0021077	0.00411839	0.108818	0.00215544	0.396013	0.0350894	0.00286508	0.00176571	0.00269931	0.00247021	0.0210853	0.00644652	0.132208	0.000846935	0.0178948
78	0.0543283	0.00114827	0.00166037	0.0090566	0.0209069	0.00955145	0.0172475	0.0989072	0.124409	0.0396098	0.0470226	0.0720067	0.00304477	0.0197526	0.0930754	0.0581757	0.120176	0.179532	0.00106565	0.029323
79	0.0370636	0.00138472	0.00144462	0.00528679	0.300626	0.0027325	0.00715699	0.138036	0.00651124	0.180159	0.031065	0.00401247	0.00322191	0.0043831	0.00692225	0.0161908	0.0196797	0.201591	0.00536635	0.0271663
80	0.0457671	0.000520882	0.00647093	0.0185696	0.00446388	0.0103774	0.0139198	0.00396252	0.0215671	0.0340377	0.00366896	0.00755687	0.659476	0.0382209	0.0244375	0.066645	0.0173664	0.0179676	0.00166096	0.00334318
81	0.0502974	0.00105119	0.0610051	0.0580252	0.00783859	0.0947282	0.0203225	0.0152577	0.0610759	0.0540218	0.0114746	0.0439015	0.189098	0.0553529	0.0466965	0.135844	0.0568605	0.0260499	0.00300631	0.00809241
82	0.0103308	0.000631158	0.494012	0.12951	0.00198635	0.0818012	0.011552	0.00381895	0.010392	0.00482743	0.00402346	0.161492	0.00765408	0.0160723	0.00856762	0.0329338	0.00925861	0.00694789	0.00059249	0.0035954
83	0.0562595	0.000688993	0.0909975	0.123361	0.00753902	0.15014	0.0190689	0.0160456	0.110544	0.0330972	0.0129023	0.0580872	0.0249754	0.0649189	0.0664423	0.0830736	0.0516674	0.0210219	0.00160346	0.00756485
84	0.0446038	0.00335742	0.0131318	0.0175883	0.0145983	0.0164732	0.0152144	0.0658889	0.0320606	0.0474129	0.01913	0.0232722	0.0859172	0.0568432	0.043786	0.172699	0.189216	0.0337566	0.0868784	0.018172
85	0.0990113	0.00162407	0.0615084	0.110142	0.0111699	0.0352355	0.0530545	0.0455905	0.0736383	0.0261774	0.0351913	0.0874409	0.0150082	0.0762624	0.0530172	0.0827734	0.0724547	0.0442691	0.00263849	0.013792
86	0.0419016	0.00160491	0.00899189	0.0143156	0.326325	0.0135227	0.0285359	0.0317549	0.0233518	0.0648258	0.0187827	0.0196793	0.0783678	0.00982613	0.0215359	0.088017	0.038115	0.0308037	0.016467	0.123275
87	0.0554986	0.000730788	0.0561561	0.0941877	0.0125569	0.0287576	0.0356608	0.0551719	0.124304	0.0734769	0.0145852	0.0436272	0.0863145	0.0606181	0.0794328	0.0947914	0.0392633	0.0312631	0.00323453	0.010368
88	0.0423994	0.000476406	0.149877	0.0642205	0.0114555	0.0776344	0.0852921	0.00931392	0.0441204	0.00869485	0.0138069	0.271595	0.00191578	0.0400687	0.0547446	0.0617022	0.0226958	0.00704695	0.00049659	0.0324431
89	0.0593623	0.00141023	0.0667995	0.0585141	0.0056568	0.429014	0.0184171	0.0073481	0.0539376	0.0134395	0.00839476	0.0834755	0.00682901	0.0261534	0.0472256	0.0709246	0.0248344	0.0101299	0.00156273	0.00657055
90	0.165114	0.0004931	0.00111359	0.00673486	0.0169947	0.0119604	0.00177793	0.177191	0.00341482	0.0831011	0.0234914	0.00517315	0.00306629	0.00389098	0.00459793	0.0307876	0.0185076	0.439813	0.001032	0.00174485
91	0.0655735	0.00154372	0.173782	0.0814218	0.0152457	0.0413436	0.0431043	0.01333	0.0425592	0.0174059	0.0100751	0.174499	0.0083616	0.0326734	0.0361365	0.156338	0.0553239	0.0170758	0.00136898	0.012839
92	0.0434098	0.00038534	0.0306997	0.0992328	0.00367482	0.0229022	0.0741	0.0198882	0.197859	0.0210194	0.0111059	0.0850753	0.01301	0.0938911	0.126503	0.0830698	0.0540793	0.0143014	0.00193094	0.00386231
93	0.0244036	0.0055719	0.00844145	0.0102825	0.22745	0.0103376	0.0317092	0.0229774	0.0223224	0.051605	0.0172827	0.019096	0.00737382	0.00956423	0.0237138	0.0238709	0.0204658	0.0249528	0.0174624	0.421116
94	0.0202978	0.00018348	0.000433822	0.00136848	0.0327559	0.00118697	0.00267112	0.397627	0.00152109	0.186301	0.0518809	0.000841302	0.00080891	0.00458627	0.00393588	0.00802773	0.0328661	0.245251	0.000524428	0.00693009
95	0.0630607	0.000940191	0.286826	0.163273	0.00736702	0.0276159	0.0144896	0.0132676	0.0355975	0.00902565	0.004236	0.11209	0.0119075	0.032142	0.0198298	0.123236	0.0485841	0.0199277	0.000938344	0.00564586
96	0.0905875	0.00229098	0.00471778	0.00956886	0.0562916	0.0700659	0.160198	0.0137096	0.068564	0.0132589	0.00740459	0.0152175	0.0387295	0.0385559	0.0134214	0.19339	0.0992046	0.0427005	0.00209048	0.0600318
97	0.00552945	0.000197693	0.000537786	0.000820054	0.00967901	0.000775375	0.00407931	0.557916	0.000981612	0.15623	0.0604951	0.0008899	0.000585884	0.00426606	0.00281724	0.00954583	0.0302203	0.147421	0.000493906	0.00651752
98	0.0832371	0.000372311	0.0952499	0.160017	0.00923834	0.0798528	0.02958	0.0170886	0.0913702	0.0305728	0.0165386	0.034373	0.0268869	0.0935831	0.0516291	0.109564	0.0319494	0.0281074	0.00199147	0.00879703
99	0.0406233	0.000526472	0.00254252	0.168986	0.00175106	0.0226022	0.00270033	0.0111201	0.329875	0.0210328	0.0152594	0.0306315	0.00144485	0.202021	0.100256	0.0214531	0.00667054	0.0157955	0.00328084	0.00142779
100	0.127795	0.00112471	0.00243026	0.005659	0.0234697	0.00527563	0.00516921	0.118597	0.0145184	0.0856439	0.0987529	0.00886828	0.0360205	0.00687036	0.0304694	0.0873984	0.151702	0.122172	0.00677312	0.061291
101	0.0563723	0.000871682	0.000442718	0.00267076	0.0706703	0.00243476	0.00080266	0.183418	0.00343977	0.231494	0.0582774	0.00136228	0.000955933	0.00548881	0.00597729	0.0111275	0.0293004	0.330343	0.000249258	0.00430167
102	0.0363626	0.00124101	0.0309817	0.0250131	0.00642748	0.0396653	0.0391719	0.00958609	0.0823978	0.0386192	0.00718946	0.0745703	0.331774	0.0283871	0.0487726	0.131304	0.0386554	0.0215102	0.00220303	0.00616706
103	0.0901567	0.000729757	0.24896	0.199141	0.00570895	0.0303762	0.0107279	0.0348145	0.0334128	0.00823402	0.00467111	0.105904	0.00743035	0.0317969	0.0153696	0.0728718	0.0573336	0.0279068	0.00110186	0.0133512
104	0.0287047	0.000247811	0.000380487	0.00198173	0.0410239	0.00141035	0.00190441	0.333428	0.00188492	0.193567	0.051373	0.000758272	0.000860862	0.00448538	0.00432401	0.00689863	0.0294896	0.291026	0.000423326	0.00582743
105	0.0627635	0.000735695	0.106742	0.121453	0.00596907	0.0371673	0.0188927	0.0175001	0.124161	0.0183881	0.00734994	0.110704	0.00759115	0.0492957	0.0494255	0.1409	0.10419	0.0127571	0.00103963	0.00297513
106	0.036467	0.00216356	0.0127003	0.0198374	0.0937086	0.0143277	0.0385399	0.0693037	0.0635519	0.0413538	0.0536932	0.0548214	0.0591385	0.0175499	0.0422981	0.0803559	0.0323009	0.0314165	0.141323	0.0951483
107	0.0759109	0.00204319	0.0685145	0.0496138	0.00341889	0.53776	0.00619593	0.00537772	0.048472	0.012253	0.0077772	0.0517021	0.00403175	0.0200645	0.029773	0.0483738	0.0159318	0.00788874	0.00136053	0.003537
108	0.044609	0.000844936	0.00536602	0.00739183	0.00431228	0.0356467	0.070653	0.0369238	0.184194	0.0113459	0.0171466	0.0715113	0.00201243	0.0494205	0.17024	0.0907641	0.0689148	0.0930525	0.00108711	0.0345636
109	0.00606526	0.000665844	0.0199917	0.00628633	0.00186749	0.0122295	0.183527	0.0246556	0.151725	0.0124769	0.00315194	0.157611	0.00283707	0.0321121	0.25728	0.0568336	0.0100645	0.0405709	0.00066331	0.0193861
110	0.0351745	0.00064305	0.00148396	0.00338304	0.00925029	0.00237013	0.00423388	0.41229	0.00352527	0.116112	0.0401901	0.00409751	0.00583752	0.0068271	0.0064706	0.0315845	0.11459	0.188795	0.00141401	0.011728
111	0.00803869	0.00473276	0.00971317	0.00910904	0.00390615	0.00654906	0.0743881	0.00719011	0.0792576	0.00930042	0.00559603	0.027282	0.00729555	0.0415016	0.662663	0.0159254	0.00850024	0.0103726	0.00129675	0.00738157
112	0.074708	0.000569881	0.0014932	0.0213225	0.0159383	0.0029385	0.00262894	0.183707	0.0102372	0.012412	0.0232013	0.0245439	0.0015192	0.0128183	0.00954893	0.0209976	0.122434	0.455524	0.000866117	0.00259045
113	0.0859938	0.000279011	0.000529261	0.000958213	0.00408366	0.00127142	0.000712194	0.24104	0.00124366	0.0351864	0.0128821	0.00110835	0.00233934	0.0013291	0.00142817	0.00692365	0.00236999	0.599346	0.000318313	0.000657262
114	0.0027161	0.00362417	0.000720933	0.00165739	0.0577981	0.00477393	0.00104213	0.0639983	0.00137316	0.683383	0.132476	0.00110498	0.000608538	0.00141538	0.00142968	0.00243959	0.00178415	0.0304692	0.000402975	0.00678255
115	0.0232521	0.000861767	0.520828	0.112782	0.00572727	0.0345372	0.0134987	0.00784439	0.0235243	0.0106792	0.00514338	0.105095	0.0122197	0.0204958	0.0160944	0.0518988	0.0179939	0.0114638	0.000900294	0.00516003
116	0.0691798	0.000221916	0.000515136	0.00249092	0.0225658	0.00124755	0.000821265	0.235076	0.00194525	0.0830822	0.0284427	0.00201266	0.00172956	0.0030952	0.00304651	0.00730348	0.0178315	0.517013	0.000333649	0.00204603
117	0.0652958	0.00158839	0.0601405	0.0477984	0.0051422	0.414172	0.0194188	0.0093366	0.0676994	0.0125724	0.0077444	0.0802239	0.0127811	0.0229537	0.0409763	0.0807019	0.0297232	0.0144345	0.0012834	0.00601354
118	0.00487829	0.874863	0.00250522	0.00369377	0.00223462	0.0029907	0.00363319	0.0117531	0.00469443	0.00484322	0.00311399	0.0035543	0.00203866	0.0120586	0.00509209	0.0361603	0.00533777	0.00546651	0.00896616	0.002122
119	0.0524592	0.00132104	0.0690446	0.0976985	0.00609916	0.184348	0.0182279	0.0137691	0.127814	0.0235988	0.010613	0.0619125	0.0153124	0.0446986	0.054625	0.107385	0.0875678	0.0162982	0.00165201	0.00555488
120	0.0613806	0.00123593	0.116204	0.122997	0.0149397	0.053503	0.0207602	0.0312115	0.0795223	0.0484746	0.0132694	0.0583821	0.0295565	0.0557728	0.0527005	0.127555	0.0530973	0.0475781	0.00226206	0.00959715
121	0.537332	0.00276233	0.00279115	0.00811608	0.00418082	0.0978853	0.00444986	0.00762421	0.00888433	0.00882272	0.00908376	0.00835296	0.0084507	0.00610366	0.0101426	0.178794	0.0397146	0.0511291	0.00193996	0.00344014
122	0.0861804	0.00455349	0.0341656	0.0398206	0.0098194	0.222028	0.0250872	0.0161247	0.0590178	0.0242698	0.0133991	0.0450611	0.0231047	0.0330929	0.0862288	0.179339	0.0464917	0.0358985	0.00672863	0.0095892
123	0.00905116	0.00337677	0.00207029	0.0106381	0.346115	0.00645598	0.0756626	0.0535495	0.0410087	0.0718527	0.0130112	0.00884441	0.011463	0.0101724	0.0390773	0.0182153	0.0110195	0.0255817	0.0916455	0.151189
124	0.162268	0.00776869	0.0139853	0.0177484	0.011047	0.299225	0.0149226	0.0143037	0.027042	0.0225879	0.0113884	0.0223062	0.0129401	0.0197274	0.0254916	0.18381	0.0498281	0.0726184	0.00385137	0.00714073
125	0.25557	0.00401223	0.00865689	0.015426	0.0146178	0.224158	0.0124393	0.0708905	0.0246242	0.0385779	0.018142	0.0180896	0.00822694	0.0161526	0.0224046	0.0578166	0.0224583	0.118586	0.0407102	0.00844077
126	0.0949001	0.00115995	0.00503805	0.00653306	0.262426	0.00744695	0.00623965	0.00987285	0.00876194	0.0279369	0.0118974	0.00968491	0.00711374	0.00501123	0.0107575	0.0330094	0.0335706	0.0316321	0.00339108	0.423616
127	0.00442811	0.00363109	0.000762983	0.00173492	0.0610794	0.00471807	0.00120926	0.0692862	0.00147348	0.662574	0.127401	0.00132674	0.000900316	0.00170546	0.0019997	0.0034933	0.00262073	0.0410651	0.000737787	0.00785279
128	0.00432698	0.00372461	0.00125661	0.00254948	0.0633077	0.00785047	0.00219486	0.0626823	0.00226194	0.66515	0.131089	0.00187397	0.0012957	0.00208179	0.00258169	0.00394156	0.00215756	0.0313466	0.000617136	0.00771019
129	0.0618261	0.000518478	0.159122	0.147276	0.0103883	0.0424786	0.0221636	0.0177221	0.0913006	0.0303298	0.0103854	0.0617318	0.0341193	0.0582055	0.0509284	0.128585	0.0402823	0.0235892	0.00162702	0.00742048
130	0.00945808	0.0009901	0.00953643	0.0497302	0.00894278	0.017067	0.0730494	0.00551419	0.237097	0.0455208	0.0266301	0.0401437	0.0525221	0.0695103	0.264917	0.0375929	0.0335369	0.0132329	0.00123182	0.00377631
131	0.00597192	0.000539582	0.533252	0.122126	0.00149404	0.0547051	0.0117214	0.00277694	0.00835636	0.00338528	0.00304783	0.180673	0.00782964	0.0120624	0.00698178	0.0296841	0.00570292	0.00558452	0.000520449	0.00358443
132	0.0811428	0.000457079	0.00145008	0.0122453	0.0216946	0.0033521	0.00181373	0.206318	0.00651547	0.0605128	0.0276785	0.0117373	0.00263281	0.00873734	0.00816057	0.0171161	0.0721056	0.451894	0.000669984	0.00376504
133	0.0117522	0.000213173	0.000514342	0.000932668	0.0129063	0.000948223	0.00406619	0.505005	0.00117291	0.172516	0.0581753	0.00100028	0.00120704	0.00476944	0.00367192	0.0141142	0.0363601	0.163242	0.000523675	0.00690938
134	0.387196	0.00199252	0.00862831	0.0104856	0.00520395	0.0566052	0.0088267	0.00954473	0.0144019	0.0141155	0.0108086	0.0138327	0.0252199	0.00890635	0.0154919	0.224052	0.141793	0.0343671	0.00233851	0.00618938
135	0.00305072	0.0030583	0.000804685	0.00161106	0.0465882	0.00405946	0.00104915	0.0683468	0.00144752	0.654086	0.153391	0.00115938	0.000718809	0.00138475	0.00197724	0.00292228	0.00432	0.0422547	0.000416452	0.00735365
136	0.054173	0.0668972	0.0440921	0.0291461	0.0145419	0.03998	0.0672139	0.0181275	0.029421	0.0247684	0.0143275	0.0458131	0.0232226	0.0233273	0.0297247	0.306159	0.112927	0.0329102	0.0077965	0.015431
137	0.0494652	0.00145771	0.00046982	0.00242476	0.0827123	0.00182269	0.000968641	0.186812	0.0026659	0.251071	0.0543347	0.00135637	0.000997533	0.0048292	0.00492335	0.0115194	0.0255208	0.311193	0.000271734	0.0051832
138	0.315238	0.0032274	0.0172456	0.0174096	0.00777433	0.290481	0.00738094	0.013146	0.0232103	0.0194909	0.00934487	0.0212302	0.0117831	0.011054	0.0183979	0.129361	0.035609	0.0405987	0.0033477	0.00467068
139	0.0914409	0.00112249	0.00747534	0.0144229	0.00840916	0.0151021	0.0120124	0.0246182	0.0198174	0.106182	0.0122792	0.00936864	0.416472	0.0287913	0.0247956	0.0948161	0.058408	0.0375663	0.00363355	0.0132664
140	0.0757598	0.00146453	0.00802228	0.0154057	0.0136803	0.01657	0.0212607	0.0545505	0.151376	0.0285678	0.0760681	0.0800988	0.00721242	0.0239078	0.0988375	0.0607758	0.117229	0.105436	0.0032881	0.0404896
141	0.0335519	0.00166848	0.355585	0.0959027	0.00641757	0.0759307	0.0243389	0.00627906	0.0251062	0.00788495	0.00590092	0.183047	0.010165	0.0205441	0.0208889	0.0852563	0.0230293	0.00942768	0.00119924	0.0078761
142	0.0634334	0.00283515	0.148655	0.141971	0.0453295	0.060142	0.0176989	0.0187789	0.0516859	0.0280308	0.0118752	0.0578438	0.0191151	0.0365374	0.0370787	0.148039	0.0441555	0.051289	0.00376513	0.011741
143	0.0477515	0.00317838	0.0401161	0.0527535	0.0186034	0.0326056	0.133845	0.0218522	0.0643151	0.0770133	0.0146906	0.0499625	0.0469738	0.108765	0.0590148	0.120912	0.0444023	0.0322639	0.00517675	0.0258044
144	0.0439877	0.000393719	0.0484483	0.155286	0.00618212	0.0291327	0.0149271	0.0179361	0.170576	0.0305833	0.0121463	0.0818545	0.0198102	0.0987912	0.0873109	0.069557	0.0754318	0.0298547	0.00197055	0.00582003
145	0.0779019	0.00198777	0.236145	0.117555	0.0110719	0.0313095	0.0215303	0.0133658	0.0356503	0.0109054	0.0055507	0.148265	0.0121535	0.0247235	0.0235182	0.147076	0.0532067	0.0181621	0.00194636	0.00797616
146	0.038126	0.00283777	0.0416459	0.0531298	0.0188992	0.192435	0.0151695	0.0263365	0.0487313	0.180587	0.0676682	0.0327125	0.0161317	0.0952452	0.0391344	0.0509694	0.0287136	0.0338201	0.00613841	0.0115689
147	0.0959831	0.000307716	0.000708003	0.00284663	0.0101254	0.00350919	0.000987152	0.241918	0.00201704	0.0525684	0.0187459	0.00236339	0.00224736	0.00258295	0.00268411	0.0103422	0.0124313	0.535458	0.000680896	0.00149375
148	0.0490166	0.00289805	0.0282203	0.0537702	0.0128267	0.0387058	0.033524	0.0204754	0.106365	0.0301438	0.0210555	0.0370261	0.0419084	0.250009	0.130906	0.0568439	0.0312159	0.0373272	0.00528786	0.0124734
149	0.026949	0.00389296	0.000800115	0.00211539	0.0957373	0.00407654	0.00107603	0.0930316	0.00185736	0.527529	0.103144	0.00174387	0.000785366	0.00256898	0.00206721	0.0103084	0.00526025	0.109407	0.00028873	0.00736131
150	0.501403	0.00112188	0.00483844	0.0106181	0.00644549	0.0604381	0.00571908	0.0210023	0.0121472	0.0197407	0.0140617	0.01266	0.0143227	0.00892933	0.012247	0.16751	0.0426413	0.076798	0.00171906	0.00563674
151	0.00547446	0.0033254	0.000792215	0.00180362	0.0511788	0.00497346	0.0016156	0.0806888	0.00186124	0.634099	0.142427	0.00158571	0.00152808	0.0022669	0.00274469	0.00426991	0.00621034	0.045616	0.00045958	0.00707917
152	0.0394945	0.0017755	0.130417	0.315461	0.0107776	0.0426176	0.0226242	0.0194924	0.0713237	0.0227603	0.0107678	0.0617871	0.020373	0.043977	0.0457968	0.0661047	0.0324363	0.0254931	0.00318699	0.0133342
153	0.0151678	0.0085719	0.0127412	0.0172927	0.00649074	0.0107338	0.0505213	0.00870935	0.0745619	0.012409	0.00804623	0.0238761	0.0101564	0.0410632	0.636449	0.0230829	0.014661	0.0126563	0.00279388	0.010015
154	0.0831354	0.00340898	0.0599547	0.039846	0.00562812	0.49804	0.0102554	0.0097418	0.0402867	0.0189894	0.0105715	0.0476188	0.0058993	0.0227865	0.031134	0.0593852	0.023367	0.0213134	0.00229678	0.0063406
155	0.0218124	0.000897729	0.000887733	0.00302308	0.0463007	0.00181184	0.00644724	0.378591	0.00474293	0.171912	0.0475389	0.00234115	0.00170788	0.00487977	0.00657373	0.00983716	0.0308425	0.2389	0.00268857	0.0182643
156	0.0514718	0.000662006	0.00580635	0.0156188	0.00454591	0.00902095	0.0130853	0.00420241	0.0151593	0.0301611	0.00383047	0.00713274	0.672262	0.0310702	0.0210181	0.0708612	0.0193179	0.0196544	0.000877379	0.00424125
157	0.601438	0.000405337	0.00216075	0.00685401	0.0018031	0.0579125	0.00264812	0.00281582	0.0043991	0.00466745	0.00788235	0.00614933	0.0143157	0.00221538	0.00454027	0.201404	0.0433138	0.0320055	0.000728382	0.00234137
158	0.062496	0.000770945	0.00170725	0.00312883	0.0838215	0.00276959	0.0020061	0.161082	0.00450237	0.185198	0.0858551	0.00261844	0.00279558	0.0052939	0.00771455	0.0194551	0.0847998	0.265295	0.000905141	0.017785
159	0.143086	0.00308612	0.00120468	0.00436971	0.113193	0.0118368	0.00165326	0.120376	0.00276029	0.264824	0.0348352	0.00816202	0.00167601	0.00500897	0.00480999	0.0319605	0.021514	0.220053	0.000804606	0.0047846
160	0.495612	0.00321143	0.00214779	0.00589147	0.00381224	0.134717	0.00211259	0.00301528	0.00287169	0.0069863	0.00692763	0.00861952	0.00895287	0.00196104	0.00716039	0.213513	0.0473983	0.0425357	0.000844294	0.00170946
161	0.22401	0.00185688	0.00546531	0.00961482	0.043938	0.0219744	0.0106771	0.0335782	0.0124586	0.029499	0.0474424	0.0461657	0.0472323	0.00899783	0.019522	0.144992	0.0259831	0.248045	0.00538816	0.0131597
162	0.0285494	0.00347379	0.000841404	0.0024419	0.121216	0.00258445	0.00188279	0.120589	0.00208271	0.47058	0.0696123	0.00190938	0.000959372	0.00246037	0.00247404	0.0128673	0.00850127	0.132428	0.000633262	0.0139125
163	0.268968	0.0115501	0.0068687	0.00752077	0.0109421	0.243343	0.00527429	0.00717383	0.0110169	0.022612	0.00574043	0.012177	0.0099276	0.00642114	0.0261026	0.189643	0.0768955	0.0713039	0.00235008	0.00416818
164	0.0337935	0.00485618	0.0133866	0.0178892	0.00879757	0.0195292	0.0139496	0.0181315	0.0279127	0.0214425	0.0498996	0.0302342	0.0193575	0.0174982	0.0824714	0.347481	0.223365	0.0241692	0.014536	0.0112996
165	0.0127008	0.00177644	0.00703152	0.0423982	0.01353	0.0157548	0.0476665	0.00341387	0.247888	0.0348761	0.0323304	0.0242315	0.0467676	0.117314	0.273291	0.027185	0.0365167	0.0116463	0.00191282	0.00176813
166	0.0089311	0.0088109	0.0063608	0.00341701	0.00342905	0.00349655	0.0477955	0.00336199	0.0443974	0.00485244	0.0057257	0.00493974	0.00223557	0.0511084	0.780686	0.00654043	0.00491802	0.005918	0.000821428	0.00225355
167	0.0200536	0.00269707	0.00233283	0.0045336	0.0547215	0.00972961	0.00554068	0.0855081	0.00761315	0.554232	0.102896	0.00542407	0.0178724	0.00541981	0.00887471	0.0144699	0.0127075	0.0681219	0.00439101	0.0128607
168	0.0496345	0.000243032	0.00309575	0.0140983	0.00402002	0.00640015	0.0115344	0.00114611	0.011561	0.0290278	0.00189038	0.00340051	0.712695	0.0327534	0.0164834	0.0661752	0.0160265	0.0170001	0.00027998	0.00253477
169	0.011786	0.000428623	0.00126005	0.00196854	0.372285	0.00210358	0.00219974	0.00332197	0.00271582	0.0444567	0.0147247	0.0107591	0.0023511	0.00184807	0.00237542	0.00789613	0.0116404	0.00651092	0.00505828	0.49431
170	0.0669668	0.000528551	0.00511332	0.0125442	0.00399455	0.0133123	0.0129466	0.00353401	0.0135682	0.0292373	0.00267914	0.00563445	0.635147	0.0260663	0.017241	0.0934542	0.0347394	0.0179402	0.00101176	0.00434068
171	0.102672	0.0241373	0.0868838	0.0304906	0.0136093	0.229277	0.0108371	0.00832955	0.0253072	0.0188904	0.00741236	0.0739749	0.00841313	0.0130536	0.0229923	0.209358	0.0675323	0.0366817	0.00517094	0.00497658
172	0.0471657	0.000300021	0.107287	0.108394	0.0152713	0.0804998	0.0468745	0.0210919	0.081836	0.0314494	0.0140772	0.128032	0.0252287	0.0629245	0.0707636	0.0852583	0.0289892	0.0230878	0.00163125	0.0198379
173	0.623178	0.000353601	0.00109	0.00653892	0.00162783	0.0602008	0.00137523	0.00286372	0.00230274	0.00372729	0.00805978	0.00604209	0.00806621	0.00173479	0.00393479	0.191515	0.0369877	0.0383487	0.000747977	0.00130433
174	0.00869271	0.000511648	0.0012109	0.00392385	0.528496	0.00210359	0.00452124	0.00910729	0.00248218	0.0592123	0.0100412	0.0071766	0.00370696	0.00164001	0.00236559	0.0096229	0.00862361	0.008288	0.00779546	0.320478
175	0.00937395	0.000606819	0.596657	0.154684	0.00157878	0.0271189	0.00651464	0.00393656	0.0104208	0.00359446	0.00202417	0.10142	0.00921852	0.0153564	0.00411226	0.034245	0.00918455	0.00736716	0.000602305	0.00198399
176	0.0608654	0.000324564	0.000386332	0.00269943	0.0558591	0.00310321	0.000730077	0.186203	0.00284849	0.210507	0.0646822	0.00113549	0.00122747	0.0062274	0.00719291	0.0101436	0.0354363	0.346153	0.000272843	0.0040024
177	0.0841503	0.000277662	0.000526144	0.000936942	0.0042073	0.000992032	0.000717752	0.241422	0.00123814	0.0355387	0.0130449	0.00110923	0.00236394	0.00133521	0.00143768	0.00671464	0.00244983	0.600544	0.000312376	0.000680499
178	0.0205146	0.00155533	0.0133278	0.0172207	0.0766025	0.0166108	0.263993	0.0389316	0.0603603	0.0485626	0.0123964	0.0366457	0.0141976	0.0232747	0.0777725	0.0324204	0.0216475	0.0318074	0.0424728	0.149686
179	0.00505177	0.872089	0.00169133	0.0038379	0.00220749	0.00306112	0.00271512	0.0126014	0.00503358	0.00545387	0.00456248	0.00298204	0.0021782	0.0134794	0.00724453	0.0331618	0.0047475	0.00653691	0.00915071	0.00221426
180	0.428898	0.00357215	0.00627739	0.00837329	0.00384478	0.139209	0.00562237	0.00519731	0.0100713	0.00808436	0.00716148	0.0227194	0.00981239	0.00614731	0.0128114	0.237998	0.042368	0.0381157	0.00117941	0.00253748
181	0.115586	0.00201043	0.164675	0.12272	0.00945935	0.18237	0.0158266	0.0126059	0.0511994	0.0155905	0.00865396	0.0561764	0.0122472	0.0303178	0.0585478	0.0770565	0.028636	0.0232871	0.00194088	0.011094
182	0.00470134	0.881025	0.0014012	0.00340182	0.00222581	0.00313812	0.00273936	0.0118815	0.00337603	0.00467169	0.00328198	0.00301906	0.00212141	0.0122289	0.00519048	0.0342693	0.00477486	0.00551076	0.00889078	0.00215015
183	0.0374148	0.000622649	0.0975616	0.047794	0.0111874	0.0784752	0.0991	0.0116745	0.0629271	0.0209009	0.0117317	0.211959	0.00726356	0.0465665	0.117175	0.0772251	0.0228721	0.0142313	0.000860954	0.0224568
184	0.0806193	0.000291306	0.000518875	0.00232391	0.00927431	0.00136267	0.000894581	0.251687	0.00170214	0.0506651	0.016951	0.00213873	0.00203409	0.00244234	0.00219689	0.00797269	0.0110374	0.554114	0.000373546	0.00139996
185	0.0760355	0.00150928	0.150307	0.106293	0.0106258	0.0319239	0.0410742	0.0136335	0.0537845	0.02203	0.00753721	0.0985522	0.089604	0.0341155	0.0340371	0.151433	0.0485054	0.019918	0.00185861	0.00722168
186	0.017301	0.00146544	0.00285948	0.00902267	0.134312	0.0122655	0.0634733	0.0373066	0.0377053	0.0456174	0.0132318	0.0112604	0.0087127	0.0102982	0.0383796	0.0163381	0.0128346	0.0224524	0.357834	0.14733
187	0.0594212	0.00214159	0.0697465	0.0551307	0.0153711	0.0287667	0.244552	0.0140329	0.0252823	0.0782536	0.0128655	0.100498	0.0113931	0.0255342	0.0652487	0.0413982	0.0774631	0.0155421	0.00330576	0.054052
188	0.182183	0.00130776	0.005051	0.0244282	0.00440495	0.140845	0.0413971	0.0374679	0.0783744	0.00805249	0.0169637	0.0316562	0.00858738	0.0577531	0.0621641	0.182064	0.029141	0.0750679	0.00311873	0.00997204
189	0.0370325	0.000686108	0.203008	0.0697849	0.009602	0.0668186	0.0741341	0.00900488	0.0369028	0.00774671	0.0127851	0.277265	0.00261354	0.0316592	0.0502286	0.0514673	0.0192063	0.006543	0.000535381	0.0329761
190	0.0357303	0.00113467	0.227252	0.0830149	0.00326153	0.369511	0.0109532	0.00425208	0.0241639	0.0153085	0.0124945	0.100145	0.00449526	0.0263925	0.0196386	0.0363528	0.0139094	0.00642266	0.000784759	0.00478211
191	0.259313	0.0023822	0.0226385	0.0184256	0.00387843	0.410416	0.00444428	0.00953918	0.0255049	0.0152862	0.0074962	0.0238902	0.00753795	0.00890333	0.0176357	0.103875	0.0256676	0.0281052	0.00260531	0.00245508
192	0.0566655	0.0011705	0.0035168	0.0202732	0.00750111	0.0164994	0.0186514	0.0579367	0.245496	0.0208541	0.0525927	0.0491097	0.00287792	0.0335468	0.164742	0.0642668	0.0743754	0.0898651	0.00187589	0.0181829
