401	20
1	0.0138673	0.0107652	0.0132741	0.0240217	0.0120528	0.00828474	0.0207947	0.0407605	0.22801	0.0313976	0.0215065	0.0436701	0.00301078	0.0672027	0.284084	0.0331668	0.0852553	0.0353608	0.0167612	0.00675226
2	0.0281038	0.00627303	0.00321754	0.0146956	0.0212909	0.00940853	0.0101759	0.223997	0.0226767	0.101247	0.0159496	0.00284578	0.00261753	0.0307586	0.0212105	0.0295297	0.0588505	0.384506	0.000935154	0.011711
3	0.0811339	0.0506353	0.0018872	0.00320451	0.0142516	0.00874596	0.00526815	0.0887036	0.00188325	0.041025	0.0149285	0.00109205	0.00479751	0.00569123	0.0122484	0.0327707	0.0501734	0.571257	0.000326093	0.00997707
4	0.0341356	0.00959985	0.0189052	0.0496509	0.0118403	0.0196011	0.0538271	0.0110855	0.156541	0.020215	0.0117937	0.0592268	0.00773122	0.0758289	0.345426	0.0535246	0.0302466	0.00988565	0.0102818	0.0106529
5	0.0694338	0.00756149	0.135092	0.185702	0.00822303	0.0199532	0.0305073	0.0148409	0.0465793	0.0199498	0.0113743	0.0676636	0.00867111	0.162163	0.0328334	0.114076	0.0399279	0.0138278	0.00193235	0.00968779
6	0.0149471	0.0064721	0.00640089	0.0303335	0.0303983	0.0299248	0.163354	0.101596	0.0106044	0.129208	0.00629873	0.00945443	0.00384418	0.139024	0.132749	0.0140947	0.0137553	0.125651	0.002574	0.0293162
7	0.0417567	0.0253735	0.00622691	0.0112566	0.124829	0.00870428	0.0248844	0.171062	0.0116097	0.0984707	0.029155	0.0100267	0.00525121	0.0123106	0.0138698	0.0211666	0.0416506	0.184756	0.0154271	0.142212
8	0.0141039	0.00690163	0.00111505	0.00233634	0.01843	0.00110738	0.00324853	0.217573	0.00495452	0.479053	0.059905	0.00255469	0.00319109	0.00377253	0.00325692	0.00797235	0.0247359	0.135377	0.00124951	0.00916196
9	0.0551084	0.0154018	0.0220347	0.0427451	0.0154886	0.0228936	0.0353791	0.0195651	0.141987	0.0327581	0.0145781	0.0443455	0.0134384	0.0629019	0.280985	0.0940918	0.0347565	0.0264695	0.00949142	0.0155812
10	0.020388	0.0013022	0.317212	0.101773	0.0261676	0.0131527	0.0425155	0.0214671	0.0313595	0.0182984	0.0037931	0.116459	0.0165342	0.0585089	0.0345825	0.0722357	0.0669705	0.0160507	0.00715662	0.0140729
11	0.0243948	0.0051709	0.247759	0.074975	0.0277869	0.0190057	0.056057	0.0180694	0.0582697	0.0240404	0.00742342	0.0965499	0.0114953	0.0602528	0.0739666	0.0757312	0.0611396	0.016602	0.00691108	0.0343995
12	0.00776769	0.00182333	0.000983039	0.000943761	0.0292899	0.00101324	0.000851681	0.478705	0.00247428	0.219069	0.0315756	0.0020204	0.000311048	0.00173557	0.00356114	0.00614778	0.0158874	0.1877	0.000579754	0.00756159
13	0.0152487	0.0269727	0.00100539	0.00397743	0.274339	0.00172172	0.0114289	0.0989603	0.00412041	0.16345	0.0448696	0.00491785	0.00392971	0.00224721	0.00358247	0.00884274	0.0218533	0.0651742	0.0391826	0.204175
14	0.0144365	0.00399828	0.000701303	0.0015814	0.0167724	0.000750131	0.00131855	0.271862	0.00300096	0.45796	0.0493126	0.00159166	0.0025951	0.0022926	0.00263891	0.00568321	0.0184698	0.139778	0.000434948	0.00482136
15	0.0124872	0.00968895	0.00103733	0.00206629	0.0193248	0.00123343	0.000699844	0.35507	0.00188604	0.152741	0.0484604	0.00188954	0.00251683	0.00345771	0.00204575	0.00788481	0.0136941	0.361225	0.000242725	0.00234818
16	0.00832667	0.0128228	0.00948799	0.00554885	0.129891	0.00133751	0.00173788	0.164895	0.00262622	0.389861	0.040409	0.0021696	0.0911973	0.00709683	0.00842142	0.00484082	0.0149078	0.100518	0.00046348	0.00344088
17	0.0212545	0.00910712	0.619488	0.0740271	0.00476521	0.0410251	0.00629742	0.00324415	0.0142617	0.00461014	0.00268576	0.093839	0.00335584	0.0332913	0.0089634	0.0383622	0.0150068	0.00373075	0.000556635	0.00212807
18	0.222701	0.084484	0.0129939	0.0111388	0.0206275	0.0171234	0.027375	0.0547492	0.00258588	0.0450598	0.025582	0.00338716	0.0406688	0.0117379	0.00371842	0.172947	0.10968	0.0953334	0.0195677	0.0185381
19	0.0738453	0.00627733	0.126626	0.105471	0.00742875	0.0403027	0.0186238	0.017719	0.0533664	0.0128778	0.00392419	0.214068	0.00268114	0.0686314	0.0285663	0.119005	0.0726833	0.0222843	0.00134407	0.00427492
20	0.0859169	0.0194087	0.0045265	0.00228539	0.0098985	0.00471367	0.00280773	0.0993486	0.00208564	0.031915	0.0062392	0.00149522	0.00200852	0.00766272	0.00568799	0.0239735	0.0618349	0.621557	0.000350895	0.00628343
21	0.0825793	0.0235185	0.0011565	0.00172235	0.0683566	0.00105746	0.00139911	0.207545	0.00161785	0.196127	0.00443537	0.00168512	0.000649363	0.00290072	0.00150043	0.00797591	0.00748559	0.385136	0.000402193	0.0027502
22	0.0799968	0.00966812	0.0378697	0.0696638	0.00691101	0.019864	0.0224456	0.0714665	0.0452997	0.165756	0.0447605	0.0774165	0.0069561	0.0460101	0.0633806	0.0856801	0.0730035	0.0552451	0.0107756	0.00783093
23	0.019089	0.00293754	0.0770925	0.068698	0.00391104	0.0137084	0.132722	0.0139696	0.0841065	0.0546375	0.00309243	0.204511	0.00167281	0.0839318	0.105821	0.0616171	0.0187721	0.00650191	0.00138967	0.0418182
24	0.0985276	0.0512542	0.00963466	0.0185906	0.136232	0.056535	0.0712744	0.0129343	0.0058725	0.0444707	0.00576702	0.0607282	0.00288097	0.0555719	0.0121696	0.0452667	0.0154711	0.0287174	0.00567064	0.26243
25	0.0298753	0.0111595	0.00906229	0.00296863	0.0534191	0.00308817	0.0337215	0.219271	0.0403182	0.203757	0.173262	0.0121298	0.000853312	0.0138279	0.0252059	0.0129506	0.0209291	0.0819325	0.0133619	0.0389057
26	0.0377113	0.00213978	0.309625	0.125082	0.0215574	0.0148676	0.0443203	0.0177851	0.0335577	0.0154346	0.00376676	0.107612	0.012667	0.0573868	0.0300135	0.0699541	0.0602523	0.0181786	0.00559292	0.0124951
27	0.0825793	0.0235185	0.0011565	0.00172235	0.0683566	0.00105746	0.00139911	0.207545	0.00161785	0.196127	0.00443537	0.00168512	0.000649363	0.00290072	0.00150043	0.00797591	0.00748559	0.385136	0.000402193	0.0027502
28	0.00882064	0.0101862	0.00559586	0.00412803	0.13892	0.00075461	0.00136552	0.182414	0.00104484	0.438758	0.0515395	0.00172382	0.00686386	0.0063828	0.00802703	0.0021599	0.0170836	0.11032	0.000323938	0.00358833
29	0.0825793	0.0235185	0.0011565	0.00172235	0.0683566	0.00105746	0.00139911	0.207545	0.00161785	0.196127	0.00443537	0.00168512	0.000649363	0.00290072	0.00150043	0.00797591	0.00748559	0.385136	0.000402193	0.0027502
30	0.0171109	0.00540156	0.000990768	0.000788427	0.0146217	0.00165715	0.00044424	0.355197	0.00183648	0.0828129	0.0172196	0.000552041	0.00351864	0.00230105	0.00116514	0.00891977	0.0151003	0.468352	0.000123848	0.0018869
31	0.0076298	0.00177438	0.000971285	0.00093771	0.0294028	0.00101478	0.000853248	0.47973	0.00245981	0.218977	0.0317242	0.00204756	0.000299338	0.00171848	0.00356075	0.0061488	0.0159964	0.18656	0.000582706	0.00761136
32	0.0338415	0.0501155	0.00597599	0.00847365	0.0516939	0.00656414	0.00659817	0.0100821	0.00715887	0.365125	0.0910792	0.00730185	0.16387	0.00975045	0.00875428	0.014222	0.115749	0.0345762	0.00210243	0.00696597
33	0.078855	0.0263588	0.039807	0.0694473	0.00980426	0.0182748	0.0410088	0.0128564	0.0583614	0.043951	0.0126416	0.0338381	0.012245	0.154775	0.0347758	0.22035	0.0843456	0.0189733	0.0027071	0.0266234
34	0.030031	0.00887411	0.00614183	0.0146256	0.00694097	0.0118049	0.0277942	0.111987	0.00717373	0.0183825	0.00767339	0.00824433	0.0030791	0.0227265	0.014375	0.279355	0.260475	0.150704	0.0022291	0.00738236
35	0.103645	0.0200521	0.00644317	0.00299747	0.00957751	0.00525654	0.00321596	0.0959024	0.00240386	0.0303271	0.00688239	0.00212645	0.00250993	0.0100966	0.0060081	0.0292129	0.0655826	0.591611	0.000766504	0.00538231
36	0.0266997	0.0281816	0.00455439	0.00316121	0.146833	0.00182967	0.0167284	0.137701	0.0216163	0.198468	0.10662	0.00667075	0.00276387	0.00582754	0.0113276	0.0181035	0.0220853	0.0907515	0.0364188	0.113657
37	0.0609766	0.00250894	0.202885	0.120087	0.00421889	0.0125789	0.0521515	0.0104489	0.0537447	0.00569558	0.0124325	0.11598	0.00385557	0.157404	0.0275769	0.102108	0.04365	0.00744463	0.00131753	0.00293519
38	0.0444753	0.00610879	0.0734196	0.118698	0.0818356	0.0381273	0.0504003	0.0269776	0.0559957	0.0127073	0.014107	0.0527406	0.00288676	0.0380547	0.059754	0.107259	0.0395447	0.0303109	0.00273111	0.143866
39	0.0597193	0.0394403	0.00132006	0.00275803	0.0316608	0.00440689	0.00512441	0.168273	0.0035957	0.117433	0.012975	0.00406619	0.00307232	0.00772084	0.00720926	0.0226557	0.0595474	0.435059	0.00044744	0.0135161
40	0.0490232	0.00282493	0.00981284	0.0565581	0.00277053	0.0236021	0.0190293	0.00484463	0.368242	0.0165995	0.00252241	0.0186276	0.00153951	0.0854927	0.252871	0.0484496	0.0269536	0.0063832	0.000995757	0.00285803
41	0.0656862	0.00643348	0.0361351	0.0670455	0.00649476	0.0175164	0.0922686	0.00964378	0.125583	0.0289775	0.0063926	0.175099	0.0032817	0.0751095	0.124255	0.0989281	0.0167445	0.00717784	0.00231215	0.0349152
42	0.00902314	0.00799321	0.00335198	0.00288872	0.087979	0.000693928	0.00123641	0.216566	0.00155872	0.45337	0.0545656	0.00174455	0.00469211	0.00478401	0.00587025	0.00373493	0.019577	0.116098	0.000358359	0.00391368
43	0.00491792	0.0160897	0.00102684	0.0118881	0.00434937	0.00384758	0.0195408	0.0189234	0.301885	0.0270279	0.0121148	0.0347162	0.000470037	0.0565381	0.424948	0.011976	0.0173331	0.0145724	0.00539921	0.0124351
44	0.113001	0.0146228	0.0534478	0.0531327	0.00629389	0.0742295	0.0167489	0.00833216	0.0400409	0.0186448	0.00137797	0.170149	0.000912806	0.0595602	0.0425919	0.225542	0.0841295	0.012029	0.000609839	0.00460309
45	0.0144374	0.00461815	0.000590373	0.00168304	0.00494253	0.000572932	0.00179314	0.181687	0.00395294	0.572474	0.0550491	0.00115844	0.00374888	0.00216224	0.00190862	0.00612558	0.0183023	0.11995	0.000214389	0.00462863
46	0.0213767	0.0455722	0.00105775	0.00582307	0.0206229	0.00160758	0.00296617	0.318237	0.00201168	0.21076	0.0711676	0.011396	0.00307085	0.00581441	0.00380933	0.0185922	0.0602336	0.189439	0.000891156	0.00555131
47	0.0252005	0.0339304	0.00277709	0.00449071	0.187919	0.00823885	0.056658	0.155734	0.00355958	0.0188958	0.0127826	0.00390841	0.0102936	0.00438976	0.0113972	0.00825896	0.0797587	0.129176	0.0203318	0.222299
48	0.0601583	0.0231908	0.00198761	0.00360598	0.0279849	0.00786534	0.0101258	0.115567	0.0074075	0.0755394	0.0202831	0.00135246	0.00727923	0.019207	0.0132189	0.0396087	0.069366	0.473046	0.000587873	0.022619
49	0.0106367	0.0154121	0.00118137	0.00380318	0.385359	0.0018472	0.00810098	0.0585642	0.00307486	0.113991	0.0231563	0.00370429	0.00253309	0.00271896	0.00723367	0.00877104	0.015157	0.052225	0.0285353	0.253995
50	0.180423	0.0834232	0.0172739	0.015276	0.0236892	0.015581	0.0327678	0.0566966	0.00343873	0.0471728	0.0246797	0.00491672	0.0473987	0.0159102	0.00462081	0.211913	0.0906056	0.0816814	0.0209119	0.0216198
51	0.00925615	0.00739898	0.671631	0.072341	0.00471446	0.0342894	0.00420924	0.00312663	0.00943089	0.00288688	0.00273849	0.103467	0.00415412	0.0307169	0.00493342	0.0202163	0.00805707	0.00441062	0.000469879	0.00155153
52	0.0387692	0.00183788	0.299851	0.200942	0.0162293	0.0165006	0.0317156	0.0174081	0.035555	0.0157062	0.00291355	0.0756687	0.0246827	0.0622122	0.0300724	0.0553327	0.0492403	0.0129988	0.00384663	0.00851643
53	0.0319358	0.00798213	0.0052631	0.0202997	0.295164	0.0062998	0.13272	0.0161811	0.0145558	0.025355	0.00396772	0.0586175	0.00164414	0.0235692	0.0263841	0.0573089	0.0177611	0.0451422	0.0034515	0.206398
54	0.0881086	0.00515865	0.0930141	0.227937	0.00620755	0.0724765	0.0141752	0.0597573	0.0154277	0.0605	0.00482729	0.144499	0.00246209	0.0733444	0.00906934	0.0681967	0.0228023	0.0167392	0.00200992	0.0132871
55	0.0902953	0.00322279	0.234299	0.238485	0.00424727	0.016984	0.037738	0.0186541	0.0595146	0.00554324	0.00428378	0.070907	0.00478707	0.0773239	0.0164124	0.0534401	0.0463209	0.01032	0.000989727	0.00623196
56	0.065365	0.0360754	0.00649551	0.0754491	0.0748523	0.0072517	0.103079	0.00954147	0.00909861	0.0694241	0.0251024	0.0170888	0.00342465	0.0594462	0.0808021	0.0244663	0.0278074	0.0562517	0.0331703	0.215808
57	0.0173687	0.00305285	0.10298	0.0679274	0.00736618	0.0166358	0.117854	0.0180073	0.0792317	0.0538443	0.00363813	0.193045	0.00350115	0.0836102	0.0957085	0.0619035	0.0249563	0.00780626	0.00230609	0.0392563
58	0.0280278	0.00220206	0.270622	0.0913522	0.0341338	0.0176868	0.0399103	0.0249628	0.0324921	0.0274046	0.00553825	0.103999	0.0185485	0.0553853	0.0490933	0.077862	0.0768911	0.01965	0.00757189	0.0166663
59	0.0309021	0.00867334	0.0147191	0.0467254	0.00991883	0.0192964	0.0432676	0.0113357	0.215359	0.0206553	0.00993744	0.0498376	0.00676743	0.0701659	0.346019	0.0434136	0.0259322	0.00941922	0.00830816	0.00934678
60	0.0152291	0.0117408	0.0015164	0.00511274	0.0269028	0.00188724	0.00224701	0.410755	0.00482585	0.203604	0.0318608	0.00685517	0.000802379	0.00536662	0.00504317	0.0100642	0.0350832	0.210492	0.000819121	0.00979249
61	0.0497329	0.012055	0.0240778	0.0211429	0.0452457	0.00819325	0.0223599	0.15272	0.0421288	0.166653	0.099368	0.025649	0.00410329	0.0197822	0.0438978	0.0620941	0.0336874	0.102904	0.0205929	0.0436114
62	0.0706201	0.00476621	0.00589658	0.0480649	0.00134116	0.00165793	0.0361784	0.0598438	0.196929	0.0780732	0.0185571	0.0322892	0.00324571	0.0757921	0.0987692	0.0363605	0.0600659	0.158604	0.00196374	0.010981
63	0.407652	0.0723264	0.000899244	0.00122465	0.00134559	0.0215205	0.00392041	0.0328991	0.000858671	0.026746	0.0140187	0.00102202	0.00139901	0.00421786	0.00399801	0.0957885	0.166376	0.138978	0.00337098	0.00143835
64	0.407168	0.0734681	0.000891115	0.00118717	0.00134801	0.0214988	0.00389447	0.0330415	0.000853053	0.0264581	0.013942	0.00101546	0.00131712	0.00424838	0.00384672	0.094569	0.166654	0.13974	0.00344344	0.00141517
65	0.0787175	0.00496428	0.0145638	0.0948307	0.00270645	0.00492098	0.0184617	0.0418026	0.141589	0.0973548	0.0113409	0.0254737	0.00170111	0.113955	0.106291	0.0545353	0.046448	0.134904	0.00102314	0.00441595
66	0.00524525	0.0034929	0.00186106	0.00281341	0.488908	0.00184881	0.00361247	0.0143394	0.00219082	0.0646158	0.00314864	0.00284761	0.00079505	0.00313222	0.0129464	0.00892742	0.00428349	0.0275678	0.034474	0.312949
67	0.00508193	0.00595444	0.00129064	0.00215295	0.474046	0.00153936	0.00316539	0.0253118	0.00212209	0.0934271	0.0104176	0.00240049	0.000816248	0.00282047	0.0104294	0.0076157	0.00412563	0.0284737	0.0121022	0.306707
68	0.0180842	0.00581702	0.0009831	0.000767645	0.0151218	0.00158606	0.000440981	0.35159	0.00177144	0.0835819	0.0171537	0.000633446	0.00357543	0.00222944	0.00108884	0.00882509	0.0152912	0.469602	0.000119607	0.00173692
69	0.0219386	0.0101452	0.00143742	0.0038149	0.0206176	0.0042969	0.00370516	0.268951	0.00917083	0.10156	0.0211262	0.00136804	0.00287084	0.0130176	0.0074062	0.0186742	0.0391834	0.442913	0.000402716	0.00739992
70	0.00956295	0.0100746	0.00596821	0.00420677	0.1432	0.000907827	0.00142252	0.180593	0.00111075	0.428182	0.0534804	0.00182384	0.0068067	0.0066708	0.0082756	0.00225241	0.0165833	0.114964	0.000345915	0.00356856
71	0.0145132	0.00436349	0.000595581	0.00164898	0.00404193	0.000562815	0.00180425	0.185379	0.00388006	0.5694	0.0546961	0.00116296	0.00372881	0.00212821	0.0018349	0.00606279	0.0181497	0.121368	0.000208921	0.00447057
72	0.0687657	0.124105	0.014336	0.00547008	0.00999902	0.0174905	0.0163194	0.0203033	0.00324469	0.0229463	0.00580721	0.00525937	0.0229468	0.0069056	0.00431577	0.436001	0.112712	0.0859453	0.0027558	0.0143714
73	0.184957	0.00920052	0.0397746	0.0787249	0.013203	0.0248117	0.0205758	0.0155989	0.0656253	0.0579819	0.0253567	0.050265	0.0128499	0.0755041	0.0781675	0.160466	0.0547265	0.0246115	0.00126684	0.00633211
74	0.108027	0.0397981	0.0196481	0.0990154	0.011523	0.137589	0.0171444	0.022121	0.0826794	0.0959895	0.0141943	0.0264803	0.00788609	0.0798369	0.0403866	0.0516341	0.0609558	0.0706947	0.00407099	0.010325
75	0.00764703	0.00179085	0.000968712	0.000947501	0.0293497	0.00101477	0.000850278	0.47956	0.00246016	0.219035	0.0317752	0.0020521	0.000302664	0.00171923	0.00357617	0.00614891	0.0160202	0.186585	0.000582711	0.00761323
76	0.0527647	0.00291029	0.0122406	0.0601346	0.00383925	0.0257223	0.0204998	0.00532133	0.35536	0.0169194	0.00376675	0.0211537	0.00253526	0.0811344	0.244915	0.0520748	0.0283701	0.00626228	0.000801518	0.00327433
77	0.113055	0.0146778	0.0531242	0.0526717	0.00638455	0.074365	0.0170689	0.00821014	0.0396631	0.0186884	0.00139008	0.169798	0.000893662	0.0596795	0.0425867	0.226594	0.0839518	0.0118635	0.000648387	0.0046859
78	0.0481068	0.00425127	0.0890532	0.0559973	0.00659665	0.35856	0.0201959	0.00510371	0.0825922	0.0143076	0.00299714	0.145908	0.001586	0.0240145	0.0462698	0.0592771	0.0125171	0.00750624	0.00259627	0.0125632
79	0.0367104	0.0088322	0.0266307	0.0584787	0.0186916	0.0353516	0.0413815	0.0167244	0.175281	0.0301624	0.0205189	0.061506	0.0125142	0.0666611	0.259091	0.0686053	0.0301803	0.0158052	0.00648814	0.0103848
80	0.0706044	0.0444023	0.0016724	0.004052	0.0207469	0.00947055	0.00863361	0.11208	0.00514139	0.0584794	0.0232312	0.00115392	0.00839738	0.0122927	0.0132502	0.0406898	0.0679904	0.479593	0.000367397	0.0177511
81	0.109518	0.0122044	0.0440758	0.0306911	0.00455508	0.0699885	0.00990241	0.0136768	0.0210986	0.0124488	0.00182956	0.183506	0.000916662	0.0528174	0.0232557	0.32978	0.0617149	0.012384	0.000723829	0.0049124
82	0.0369496	0.00926814	0.0270956	0.058457	0.0177714	0.0347568	0.0389828	0.0169746	0.181331	0.0296384	0.0200606	0.0583493	0.013092	0.0670371	0.260039	0.0666741	0.0313982	0.0152585	0.00646168	0.0104051
83	0.0133679	0.0018042	0.262996	0.0906135	0.0582803	0.0136344	0.0511927	0.0272245	0.0271188	0.0218643	0.00595124	0.101715	0.0117922	0.0388104	0.0463928	0.074782	0.0702986	0.0308081	0.00716749	0.0441854
84	0.0406244	0.0150441	0.104058	0.0452014	0.0173926	0.0406291	0.0361067	0.0263726	0.0538571	0.0315756	0.0163791	0.330505	0.00609665	0.0381045	0.0394412	0.0611155	0.0484256	0.0266184	0.00403248	0.0184201
85	0.0599506	0.0091473	0.0260099	0.0443544	0.0154408	0.018449	0.0398052	0.0234844	0.151487	0.043646	0.0148874	0.0337046	0.0863019	0.0483462	0.247963	0.0575553	0.0375517	0.0202132	0.00685808	0.0148437
86	0.258734	0.037783	0.00654906	0.00618146	0.00655765	0.061713	0.00883139	0.00892517	0.00751482	0.00733757	0.00196725	0.0210736	0.00549053	0.0354944	0.00290578	0.446449	0.0326501	0.0349011	0.00093638	0.00800477
87	0.0144314	0.00653542	0.000996292	0.000989175	0.0188339	0.00135692	0.000504973	0.369498	0.0019918	0.118957	0.0292208	0.000923319	0.00265308	0.0028933	0.00146999	0.0081765	0.01517	0.402694	0.000215487	0.00248923
88	0.067742	0.00293321	0.180484	0.091702	0.00457066	0.00787086	0.148788	0.0100912	0.0318271	0.00800091	0.00822996	0.132788	0.0031825	0.120288	0.0179394	0.111886	0.0379859	0.00796179	0.00137133	0.00435691
89	0.0302516	0.0022668	0.125393	0.0717787	0.00720718	0.424547	0.0162557	0.00614477	0.0490623	0.013813	0.00196517	0.134422	0.00372968	0.017655	0.021382	0.040031	0.0120022	0.00853947	0.00282678	0.0107266
90	0.030262	0.0110947	0.234204	0.0668122	0.0348494	0.0300737	0.0426218	0.0241634	0.0468479	0.0308289	0.0142235	0.073837	0.0130106	0.0454461	0.0877839	0.0629308	0.0498347	0.0265478	0.00633444	0.0682931
91	0.0176489	0.00370064	0.00642981	0.0263258	0.0147988	0.00790316	0.00837289	0.262116	0.0268986	0.144177	0.017061	0.00552177	0.00123446	0.0318329	0.0221452	0.0300936	0.0653489	0.295227	0.00136658	0.0117966
92	0.030123	0.0169107	0.00109993	0.00193883	0.0183362	0.00256555	0.00219918	0.2728	0.00208442	0.0913301	0.0194693	0.00166819	0.00254764	0.00368997	0.00285568	0.0118862	0.022014	0.490473	0.000372939	0.00563575
93	0.273698	0.0783127	0.00249809	0.00428584	0.0142814	0.0139808	0.0124182	0.102875	0.00335894	0.0322985	0.00792124	0.00347081	0.00255161	0.00486959	0.00622713	0.0187371	0.0364415	0.334404	0.000920276	0.0464485
94	0.024316	0.00941026	0.000904978	0.000786624	0.0152316	0.00213177	0.000574	0.280518	0.00163736	0.0839478	0.0133311	0.000706086	0.00233855	0.00202211	0.001583	0.00767661	0.0138946	0.536336	0.000180284	0.00247266
95	0.0715545	0.0021825	0.0396456	0.386689	0.00338076	0.00296506	0.00351484	0.0123575	0.0783893	0.0288241	0.0104692	0.00896168	0.00144657	0.224263	0.0620808	0.0192427	0.0192822	0.0184285	0.000809742	0.00551258
96	0.0142378	0.0043216	0.000613232	0.00166336	0.00517984	0.000557205	0.00182639	0.178171	0.00378719	0.57665	0.0571624	0.00114638	0.00398084	0.00211323	0.00187271	0.00577494	0.0194248	0.116789	0.000208374	0.00452
97	0.0272527	0.0278653	0.00340583	0.022671	0.29848	0.00302392	0.0230095	0.0808035	0.00675649	0.278793	0.0488446	0.0199727	0.00261239	0.0104327	0.00490293	0.00857039	0.015976	0.0501351	0.00672842	0.0597635
98	0.400561	0.0232643	0.00716453	0.00883619	0.00449342	0.349659	0.0055603	0.0108217	0.00762819	0.0100424	0.0038557	0.00801986	0.00266386	0.0235185	0.00586738	0.0785498	0.0197132	0.0208877	0.00209665	0.00679535
99	0.0100381	0.0118397	0.00233512	0.0177197	0.00471491	0.00659073	0.0183733	0.0166718	0.33738	0.02508	0.00884928	0.0295907	0.000364565	0.0562617	0.395256	0.01589	0.0175982	0.0122967	0.00380679	0.00934214
100	0.0117167	0.00388611	0.000965315	0.00230027	0.0130206	0.00337435	0.00111871	0.385648	0.00360028	0.0643457	0.0128158	0.00111497	0.00214194	0.00310922	0.00479991	0.00858681	0.0118581	0.461034	0.000309897	0.00425337
101	0.0122453	0.00421377	0.00118221	0.00349896	0.0147478	0.00506662	0.00127031	0.360085	0.00353212	0.0761759	0.0167544	0.00130377	0.00228909	0.00368749	0.00344277	0.00949883	0.0135506	0.460136	0.000449384	0.00687044
102	0.213762	0.0164303	0.0206516	0.00730237	0.00533458	0.359721	0.00659346	0.0175508	0.0124431	0.00573428	0.00229561	0.0184641	0.00217754	0.0168566	0.00445298	0.249219	0.0124962	0.0142254	0.00173119	0.0125581
103	0.0120207	0.00448707	0.000964352	0.00222782	0.0143605	0.00234809	0.000745095	0.434682	0.003477	0.0623526	0.0151613	0.000849207	0.0024656	0.00252581	0.00228127	0.00897014	0.0107075	0.415735	0.000217479	0.00342202
104	0.0149748	0.00744726	0.0028272	0.00885011	0.0298463	0.0061625	0.0115383	0.340015	0.0176309	0.211588	0.075618	0.00699058	0.00143788	0.0144936	0.00991016	0.0132457	0.038686	0.172589	0.00521463	0.0109332
105	0.042324	0.00492789	0.0157062	0.0565775	0.00798859	0.0271581	0.0262906	0.00869499	0.296103	0.0212737	0.00786606	0.0311344	0.00531902	0.0827548	0.261943	0.05663	0.0289704	0.0102402	0.00269296	0.00540445
106	0.00788246	0.00177108	0.00101065	0.0012675	0.0293671	0.00120739	0.000977814	0.477947	0.00292444	0.216408	0.0312055	0.00206662	0.000303471	0.00212279	0.00375778	0.0064145	0.0166913	0.188347	0.00063066	0.00769607
107	0.0952629	0.0205227	0.00716573	0.0318368	0.0132253	0.022238	0.0129343	0.0352051	0.0172935	0.0667744	0.00858041	0.0150539	0.430357	0.0258209	0.0215645	0.0732805	0.0322384	0.0589805	0.00196291	0.00970221
108	0.0652833	0.0032533	0.0198189	0.023523	0.0108427	0.00633106	0.0490237	0.0169838	0.295371	0.0505592	0.0141144	0.021324	0.0641357	0.029386	0.246395	0.0238757	0.0240566	0.00588722	0.0107335	0.019102
109	0.0250748	0.0104268	0.00149383	0.00663869	0.0242458	0.00467313	0.00348057	0.351579	0.00516865	0.0568435	0.0120762	0.00141868	0.00281326	0.00682494	0.00583013	0.018475	0.0240274	0.427008	0.00041076	0.0114916
110	0.0321552	0.00957879	0.0231548	0.0516785	0.0169008	0.0306378	0.0358279	0.017665	0.196134	0.0309265	0.0194596	0.0547175	0.0107282	0.0648337	0.288842	0.0573501	0.0272112	0.0148399	0.00617442	0.0111843
111	0.0079629	0.00183769	0.00096903	0.00093337	0.0297528	0.00101424	0.000858163	0.478709	0.00245741	0.219166	0.0315732	0.00203968	0.000299298	0.00173446	0.00355003	0.0061935	0.0159059	0.186895	0.000589272	0.00755879
112	0.0365263	0.00897145	0.0278232	0.0591713	0.0185906	0.0371477	0.0395094	0.0166069	0.177666	0.0300747	0.0193596	0.0605819	0.0130362	0.0664769	0.256323	0.0683355	0.0304922	0.0160335	0.00645792	0.0108163
113	0.0221317	0.0175381	0.013212	0.0193449	0.0331517	0.00339921	0.0539795	0.00653553	0.268586	0.00825263	0.0477778	0.0177498	0.00229882	0.393755	0.0470327	0.00831883	0.00735157	0.00635585	0.00119032	0.0220378
114	0.0120374	0.0119218	0.00318574	0.0166569	0.00527408	0.0056419	0.0216146	0.0167268	0.324412	0.0285819	0.00973976	0.0297702	0.00421616	0.054144	0.394822	0.0160656	0.0178536	0.0123621	0.0043169	0.0106566
115	0.00927936	0.00235849	0.000970997	0.00100116	0.0300275	0.00102423	0.000891686	0.469141	0.00242969	0.215414	0.0312923	0.00207005	0.000368748	0.00175057	0.00345615	0.00608229	0.0157313	0.198469	0.000572862	0.00766866
116	0.016045	0.00857895	0.00114737	0.00138788	0.018388	0.00123818	0.000526987	0.343226	0.00196192	0.127883	0.0341815	0.000898289	0.00257019	0.00361397	0.00151957	0.00864254	0.0130864	0.412961	0.000172364	0.00197066
117	0.0647262	0.0216991	0.00174263	0.00154819	0.0223771	0.00311609	0.0019774	0.141261	0.0013242	0.0708186	0.00509004	0.00101633	0.00150448	0.0035191	0.00372542	0.0143733	0.0235664	0.611658	0.000315342	0.00464121
118	0.0802103	0.00923106	0.00427303	0.0243881	0.00553357	0.0228287	0.0105775	0.0691704	0.0054975	0.028119	0.00926505	0.00817051	0.00256994	0.0410876	0.0314199	0.308909	0.176294	0.154639	0.00149918	0.00631697
119	0.00762607	0.00178214	0.000976793	0.000939395	0.0293783	0.00101445	0.000847822	0.479868	0.00246739	0.218593	0.031722	0.00204662	0.00030249	0.00173464	0.00355643	0.00616979	0.0159643	0.186831	0.000582143	0.00759788
120	0.0439837	0.011342	0.21855	0.134965	0.0220785	0.0230921	0.0231511	0.0305489	0.0402895	0.0374924	0.0112802	0.0497304	0.012423	0.0594517	0.038225	0.0509349	0.0435672	0.125587	0.004454	0.0188542
121	0.115351	0.0222221	0.0588162	0.0315232	0.00449533	0.0772393	0.0163364	0.00696794	0.0320447	0.0176746	0.00165111	0.168475	0.00102896	0.0510574	0.0406002	0.268021	0.0694034	0.00861459	0.000798485	0.00767876
122	0.0776327	0.0284309	0.0324243	0.034011	0.0354505	0.0345224	0.0302158	0.0383614	0.0347914	0.059367	0.023226	0.0338895	0.0140352	0.0354889	0.0502985	0.152968	0.0814812	0.0416434	0.128308	0.0334542
123	0.0559044	0.00221086	0.306725	0.244762	0.00221625	0.0410124	0.00385955	0.00405211	0.0218925	0.0285632	0.00212581	0.0166546	0.133913	0.0337439	0.0236448	0.046292	0.0208408	0.00812289	0.000739618	0.00272538
124	0.0100933	0.00193558	0.238866	0.055143	0.0340251	0.024402	0.0559071	0.0210104	0.0211158	0.0277564	0.00889898	0.136991	0.00768324	0.0407256	0.0272035	0.106282	0.113211	0.012176	0.0176984	0.0388745
125	0.0912072	0.0462061	0.0241216	0.0630692	0.0165305	0.0238628	0.0720654	0.0160672	0.0445811	0.0335209	0.0143479	0.0266598	0.0426241	0.0691275	0.0752807	0.229562	0.0356529	0.0286108	0.00493554	0.0419669
126	0.0366842	0.00884499	0.0278906	0.0577674	0.0185009	0.0347923	0.0388843	0.0169993	0.179411	0.0314513	0.0201768	0.0594068	0.0128037	0.066921	0.256846	0.0669685	0.03059	0.0177067	0.0064946	0.0108591
127	0.0224202	0.00710072	0.010062	0.0179801	0.265815	0.00482735	0.139	0.0229749	0.020146	0.0167703	0.00420854	0.0559063	0.00173064	0.0167893	0.0285916	0.064311	0.0210161	0.0403291	0.00194305	0.238078
128	0.128684	0.0175014	0.0164372	0.0511025	0.013279	0.028197	0.0114228	0.0253868	0.0230714	0.0415344	0.00871052	0.0184305	0.385616	0.0303357	0.0184728	0.0826505	0.0549944	0.0339943	0.00139112	0.00878779
129	0.0720547	0.00850477	0.0343785	0.0562487	0.005238	0.02151	0.0290689	0.0638817	0.0301201	0.174509	0.0563324	0.0995632	0.00572627	0.0365091	0.0651059	0.0922887	0.08111	0.0472414	0.0135496	0.00705849
130	0.105499	0.0619299	0.0325291	0.0251442	0.0575062	0.162204	0.0700165	0.0189974	0.0212126	0.0302792	0.0109037	0.0859278	0.00590784	0.0328186	0.0195256	0.0591276	0.0245042	0.0231272	0.00520237	0.147636
131	0.0179796	0.0118319	0.0085719	0.028688	0.00751077	0.0092868	0.0521375	0.0113051	0.196423	0.0178942	0.00814867	0.0493501	0.00381338	0.0745629	0.417481	0.0293033	0.0241471	0.00833142	0.0120177	0.0112159
132	0.0161634	0.029828	0.00104822	0.00397376	0.24202	0.00176567	0.010833	0.107298	0.00438349	0.169966	0.0491282	0.00483251	0.00483163	0.0019046	0.00268343	0.0107652	0.0281888	0.0777799	0.0479044	0.184701
133	0.0692946	0.00525702	0.00708	0.0559498	0.00164699	0.00202193	0.0317152	0.0579766	0.187823	0.0886371	0.0208279	0.0280871	0.00257643	0.0705944	0.117514	0.0295981	0.0573208	0.154903	0.00254785	0.00862823
134	0.0909235	0.00445192	0.226326	0.375842	0.00136069	0.0236563	0.0161869	0.00581672	0.0632286	0.00346647	0.00113461	0.0450523	0.00481912	0.0481348	0.0121115	0.0262869	0.0311024	0.0101688	0.000410197	0.00952029
135	0.38796	0.0708576	0.00104392	0.00130764	0.00156699	0.0245972	0.00395355	0.0328928	0.00101457	0.0258745	0.0139016	0.00115102	0.00147462	0.00432315	0.00399396	0.0952495	0.187104	0.137013	0.00327924	0.00144034
136	0.114556	0.0157456	0.0695733	0.248779	0.0278222	0.0264763	0.0273988	0.0235856	0.0403501	0.0352017	0.0157937	0.0330149	0.0127275	0.0684475	0.0374721	0.0572338	0.0359672	0.0307353	0.00454453	0.0745754
137	0.0701906	0.00464539	0.00422327	0.0397482	0.00446679	0.0157563	0.00387239	0.0904183	0.00380603	0.0788458	0.0894936	0.0384706	0.00171832	0.0682916	0.0135013	0.142811	0.28988	0.034213	0.00138017	0.0042673
138	0.101465	0.00337327	0.14047	0.11215	0.0046544	0.0147126	0.036002	0.0100319	0.0669598	0.0102878	0.0182392	0.103504	0.00230068	0.16048	0.0378559	0.112594	0.0502101	0.0101807	0.000818195	0.00371111
139	0.408909	0.0729893	0.000933942	0.00128001	0.00138625	0.0215204	0.00402918	0.0336425	0.000880974	0.0266834	0.0136862	0.00106261	0.00142041	0.00421945	0.00384156	0.093708	0.165017	0.139704	0.0033663	0.00171987
140	0.0116298	0.00338452	0.00080744	0.00124744	0.0168032	0.000842676	0.00126411	0.324063	0.00307481	0.396179	0.0413231	0.00155105	0.00215207	0.00211798	0.00251171	0.00586749	0.0177421	0.16165	0.000462714	0.00532537
141	0.0251208	0.0465546	0.00802789	0.0105011	0.119438	0.00561281	0.0187326	0.057573	0.0144457	0.323355	0.121771	0.0129108	0.00752166	0.0153944	0.0137934	0.0407822	0.0210274	0.0426003	0.0108927	0.0839445
142	0.0256352	0.00549749	0.00489162	0.0370041	0.0265219	0.00710823	0.00899348	0.314781	0.0191625	0.175879	0.0300505	0.0171481	0.00188049	0.0294709	0.0232116	0.0280578	0.0398823	0.184321	0.00225322	0.0182495
143	0.088802	0.00603764	0.0778945	0.221412	0.00767039	0.0143988	0.0163926	0.0220623	0.0664976	0.0608211	0.0176595	0.0363718	0.0133656	0.130219	0.0698446	0.0631791	0.0492072	0.0292213	0.00268152	0.0062617
144	0.158898	0.00671398	0.0509479	0.0858683	0.0120349	0.0390261	0.0143703	0.0262339	0.0587763	0.040033	0.0140084	0.102607	0.00511586	0.0709172	0.0538046	0.163443	0.0647023	0.0267486	0.0015472	0.00420264
145	0.0400132	0.0084015	0.00292401	0.0120998	0.0257476	0.00741505	0.00877391	0.22982	0.020259	0.109477	0.0178344	0.00335446	0.00261911	0.0296344	0.0145725	0.0282478	0.0461739	0.381596	0.000931664	0.010105
146	0.0261109	0.011256	0.00296322	0.0132867	0.0988819	0.00284449	0.0356104	0.0271355	0.00578357	0.498643	0.117539	0.00855249	0.00164849	0.0278942	0.00471866	0.00904631	0.00529762	0.00820202	0.0052198	0.0893657
147	0.235355	0.0191093	0.0718504	0.0326169	0.0024442	0.0394494	0.0110233	0.00323016	0.139178	0.0185304	0.00199004	0.177327	0.00096586	0.054456	0.0484481	0.112337	0.0164967	0.00386385	0.000624141	0.0107046
148	0.0247798	0.158642	0.0854077	0.108731	0.169891	0.0899537	0.0144186	0.0178139	0.013662	0.0593635	0.0100461	0.0138491	0.00496478	0.0899282	0.0140028	0.0651573	0.0207999	0.0203906	0.00443243	0.0137656
149	0.014079	0.00488507	0.00110692	0.00286535	0.0119174	0.000810557	0.0021749	0.182296	0.00463346	0.551453	0.0570242	0.0017164	0.00467745	0.00346346	0.00316391	0.00669739	0.0216023	0.120104	0.000337911	0.00499122
150	0.0365445	0.00897474	0.0278767	0.0592404	0.0185828	0.037165	0.0395551	0.0165904	0.177638	0.0301035	0.0193128	0.0607133	0.0130488	0.0664562	0.256021	0.0682933	0.0304923	0.0161022	0.00644404	0.0108445
151	0.0239361	0.012595	0.0149765	0.027937	0.0104379	0.00941857	0.0436042	0.0168981	0.155292	0.0266176	0.0129122	0.0408926	0.00750538	0.0637022	0.40555	0.0373857	0.0332476	0.0152046	0.0285945	0.0132924
152	0.0679001	0.00613963	0.0118988	0.0817724	0.00187301	0.00414024	0.0225901	0.0507473	0.15997	0.105113	0.0175103	0.0249867	0.00166898	0.0814763	0.120313	0.0322199	0.0524976	0.149982	0.00202373	0.0051771
153	0.0213903	0.00608092	0.508061	0.0723622	0.00794169	0.0491659	0.0177196	0.00731231	0.0277637	0.0113924	0.00417969	0.100876	0.0057476	0.0456604	0.0318143	0.0464266	0.0202165	0.00647149	0.00211122	0.00730581
154	0.0130609	0.0217674	0.00199075	0.00520074	0.256417	0.001502	0.010725	0.0447549	0.00549186	0.401646	0.0983828	0.00584797	0.00152197	0.00910066	0.00286261	0.0070103	0.00456428	0.0184102	0.00552428	0.0842185
155	0.0522692	0.0769367	0.0212594	0.0265122	0.019521	0.0187786	0.0252585	0.03463	0.0570535	0.115708	0.0247797	0.0424742	0.0163126	0.0395958	0.143341	0.0588331	0.148726	0.045322	0.00966519	0.0230233
156	0.0270416	0.00345159	0.00466301	0.0621645	0.0348022	0.0163804	0.0267862	0.263164	0.0458585	0.12834	0.0282327	0.00863277	0.00162428	0.0320049	0.0143912	0.0202377	0.0567945	0.211913	0.00219329	0.0113225
157	0.0236946	0.174538	0.036529	0.0050824	0.0185233	0.0178702	0.0310794	0.0211496	0.00510511	0.218833	0.0191296	0.0734578	0.0473579	0.0197453	0.0507179	0.0502861	0.10121	0.0204414	0.00146164	0.0637871
158	0.0154908	0.00453916	0.000896461	0.00121179	0.0133443	0.00210811	0.000548918	0.35971	0.00189468	0.0697124	0.0147365	0.000590879	0.00313834	0.00222031	0.0014885	0.00905716	0.0144343	0.482359	0.000144594	0.00237412
159	0.0170043	0.0427007	0.00149026	0.00625167	0.267641	0.00209837	0.0100273	0.0968933	0.00556409	0.171183	0.0643691	0.00570694	0.003856	0.00327849	0.00318321	0.00998208	0.0227541	0.0784875	0.0366434	0.150885
160	0.086832	0.0151555	0.0289355	0.0494543	0.0121939	0.0276816	0.0279343	0.0246695	0.0363927	0.0312097	0.0162124	0.0323387	0.00956472	0.222427	0.0310933	0.259305	0.0365391	0.0339274	0.00381113	0.0143228
161	0.0121917	0.00447521	0.000974567	0.00241943	0.0159074	0.00247645	0.000741323	0.421748	0.00288636	0.066239	0.0143607	0.000915037	0.00229168	0.00251421	0.00217757	0.0098947	0.0115457	0.422002	0.000225841	0.00401288
162	0.0311553	0.00779968	0.411506	0.0924007	0.0167241	0.0359083	0.0215832	0.0145661	0.0368488	0.0193773	0.00776946	0.0685896	0.0172571	0.0443325	0.0546183	0.0502141	0.0323176	0.0175315	0.00440973	0.015091
163	0.0911093	0.0184298	0.00717763	0.035625	0.0107824	0.0239749	0.0154711	0.0264608	0.019739	0.0746432	0.00785924	0.0174493	0.435832	0.0296443	0.0279406	0.0843326	0.0267997	0.0358181	0.00170174	0.009209
164	0.0467947	0.0262433	0.0061302	0.0303163	0.0115744	0.00591271	0.0129911	0.0522869	0.0284933	0.139124	0.00427969	0.00763465	0.452293	0.0216508	0.034085	0.0449174	0.0123678	0.0498455	0.0013056	0.0117542
165	0.0320901	0.00273726	0.111046	0.0489931	0.00705676	0.456298	0.0177966	0.00395488	0.0511802	0.0098374	0.00176707	0.151504	0.000788118	0.0105521	0.0236055	0.0376458	0.00947896	0.00835817	0.00244562	0.0128646
166	0.0746964	0.121362	0.0131548	0.0108448	0.0120243	0.0280335	0.0170441	0.0192879	0.00633504	0.0223841	0.0060558	0.0124862	0.0192483	0.012756	0.00963928	0.457003	0.06864	0.0699898	0.00298378	0.0160313
167	0.0291603	0.00667471	0.0132583	0.113831	0.00836072	0.0122952	0.0103296	0.0318429	0.132176	0.0439371	0.0143481	0.020061	0.00264786	0.099947	0.132461	0.0223991	0.155851	0.138164	0.00587041	0.00638369
168	0.0143908	0.0059978	0.648299	0.0912694	0.00514521	0.0456447	0.00534939	0.00245908	0.0111326	0.00470083	0.00293995	0.0700942	0.00883871	0.0347122	0.00809989	0.0258926	0.00839736	0.00384057	0.000615798	0.00217976
169	0.41378	0.0707462	0.0013165	0.00179094	0.00143817	0.0210516	0.00537215	0.031993	0.00105861	0.0264494	0.0135274	0.00150184	0.00143377	0.00464215	0.00393816	0.0913849	0.166147	0.13662	0.00400095	0.00180701
170	0.0227813	0.0103998	0.00334859	0.00726275	0.0342521	0.00333212	0.00486038	0.204246	0.00702912	0.428768	0.0565458	0.00773482	0.00592396	0.00882853	0.0079757	0.0144619	0.0365194	0.122788	0.00262676	0.0103147
171	0.0744395	0.0237299	0.0176688	0.0288699	0.0153639	0.0255277	0.0752652	0.0233742	0.0212468	0.0287381	0.0117714	0.0234328	0.00961234	0.137709	0.0221444	0.330254	0.0404339	0.0704584	0.00478186	0.0151776
172	0.255053	0.075518	0.00296048	0.00523315	0.0192375	0.0122085	0.0151167	0.119216	0.00397928	0.0412474	0.00736659	0.00392427	0.00257915	0.00550487	0.00638731	0.0159413	0.0287026	0.325715	0.00112145	0.0529868
173	0.0161634	0.029828	0.00104822	0.00397376	0.24202	0.00176567	0.010833	0.107298	0.00438349	0.169966	0.0491282	0.00483251	0.00483163	0.0019046	0.00268343	0.0107652	0.0281888	0.0777799	0.0479044	0.184701
174	0.0626809	0.0031128	0.0644909	0.357216	0.00413023	0.00512494	0.00944304	0.0128877	0.057424	0.023323	0.012919	0.025274	0.00239691	0.234346	0.0502018	0.0264969	0.0229173	0.0169037	0.000959606	0.00775128
175	0.0156594	0.00754322	0.0011639	0.0027519	0.0221163	0.00136364	0.00131441	0.383777	0.00287592	0.195599	0.0386362	0.00265997	0.00202945	0.00348932	0.00304963	0.00974212	0.0175505	0.283589	0.000462923	0.00462641
176	0.0618579	0.0131862	0.0533031	0.0350577	0.0150839	0.254387	0.0231841	0.0203415	0.0355367	0.0401116	0.0147309	0.104298	0.00630981	0.0288721	0.0391668	0.128086	0.0422626	0.0210281	0.0470474	0.0161478
177	0.0689667	0.0209996	0.00252537	0.00248592	0.0182648	0.0041322	0.00285435	0.162474	0.0025781	0.0647763	0.0106077	0.00175707	0.00201769	0.00493244	0.00488256	0.0174797	0.0319994	0.569025	0.000415929	0.0068252
178	0.0229827	0.00841816	0.00122703	0.00267698	0.0250244	0.00213397	0.00168795	0.334271	0.00358707	0.139433	0.0242796	0.00137054	0.00222932	0.00450266	0.00312051	0.0100235	0.0188771	0.38853	0.000673807	0.00495166
179	0.0557382	0.0132759	0.00165565	0.0109809	0.00258457	0.0472685	0.00237783	0.00338513	0.00208306	0.0160571	0.00183137	0.0343984	0.00101696	0.00300382	0.0120934	0.458218	0.313553	0.0167673	0.000904115	0.00280692
180	0.052112	0.0357247	0.0251597	0.0119463	0.088775	0.0193161	0.16674	0.0350426	0.0136742	0.0181259	0.00513635	0.0488343	0.00310468	0.0183849	0.0124615	0.062814	0.0181728	0.0207651	0.00307739	0.340632
181	0.0040924	0.00298025	0.00133881	0.0020237	0.503184	0.00142169	0.00270088	0.0144849	0.00187654	0.0675383	0.00235503	0.00234545	0.000660873	0.00282367	0.0103049	0.00845973	0.00350615	0.0277165	0.0098934	0.330293
182	0.0271892	0.012092	0.0015688	0.00319902	0.0173924	0.00482766	0.00363015	0.229635	0.00588208	0.0926339	0.0191369	0.00124301	0.00345827	0.00977092	0.00711139	0.0200385	0.0369728	0.493267	0.00024565	0.0107047
183	0.0690759	0.00209827	0.0164357	0.026041	0.0107399	0.00190812	0.0618104	0.0184223	0.279225	0.0455066	0.00902661	0.00870863	0.0721952	0.0324668	0.262866	0.0218872	0.0329743	0.00361883	0.00560948	0.0193835
184	0.15624	0.0142618	0.00634295	0.067187	0.00776698	0.0275306	0.00617845	0.0178555	0.0294134	0.0300412	0.00494666	0.00887145	0.415684	0.0351937	0.00867258	0.0893294	0.0396749	0.0306536	0.000671655	0.00348364
185	0.0353174	0.00241742	0.12173	0.0481097	0.0082927	0.447075	0.0207338	0.00309631	0.0475948	0.00733976	0.00181227	0.162103	0.000733874	0.00709065	0.0225894	0.0285734	0.00899111	0.00932211	0.00173272	0.0153452
186	0.0351145	0.00981101	0.00370959	0.00918839	0.00396003	0.0369631	0.00467523	0.00583744	0.00371823	0.0252534	0.0036537	0.109975	0.00177456	0.00644584	0.00933244	0.384451	0.328071	0.0134192	0.00117064	0.00347561
187	0.104725	0.0240782	0.00467658	0.0331421	0.00726208	0.0116329	0.0210454	0.0342532	0.0154946	0.0782827	0.00409418	0.0103603	0.471747	0.0183234	0.0321392	0.0572922	0.0152418	0.0324426	0.00102565	0.0227405
188	0.0120648	0.011973	0.00134323	0.00790876	0.0184902	0.00207851	0.00370506	0.340756	0.00405218	0.264483	0.100415	0.0112478	0.00413905	0.0138744	0.00379803	0.0178894	0.0491338	0.126971	0.00138374	0.00429233
189	0.032048	0.0102863	0.490978	0.0702631	0.0103294	0.0615583	0.0133398	0.0140778	0.0221319	0.020268	0.0280141	0.0665765	0.00861387	0.0385813	0.0230123	0.042957	0.0217233	0.0134698	0.00302174	0.00874948
190	0.0862549	0.00717132	0.0414754	0.0958033	0.00785987	0.0155063	0.0189344	0.0580616	0.0651683	0.150029	0.0314787	0.0566186	0.00722861	0.0619643	0.0719378	0.0817043	0.0635429	0.0675222	0.00723424	0.00450408
191	0.0477196	0.00862221	0.0952245	0.127174	0.0134114	0.0295542	0.0354175	0.0472119	0.0817468	0.0399633	0.0132798	0.181911	0.00652801	0.0549477	0.0581591	0.0672798	0.0435441	0.0275694	0.0042475	0.0164882
192	0.274352	0.0218874	0.0174102	0.0206426	0.00807119	0.096057	0.0207617	0.0100916	0.0137297	0.0106299	0.00472349	0.0302289	0.00877554	0.0396062	0.0107162	0.342861	0.0315642	0.0243829	0.00331232	0.0101958
193	0.176845	0.0271106	0.024695	0.0504085	0.00901088	0.0251456	0.0158995	0.0107793	0.0832628	0.0397983	0.0222551	0.0287848	0.019434	0.0720843	0.119281	0.190232	0.0402767	0.0362072	0.00108768	0.00740112
