295	20
1	0.313895	0.00587563	0.00861969	0.0714194	0.00882052	0.132293	0.00564624	0.0122302	0.0274505	0.0216396	0.00893615	0.0298455	0.00534887	0.00692735	0.0293465	0.186842	0.0981812	0.0163649	0.00191504	0.00840208
2	0.0803866	0.0305046	0.00292484	0.00247386	0.0706768	0.0356038	0.00187743	0.249383	0.000829977	0.15018	0.0384436	0.00119436	0.00260309	0.00505594	0.00179578	0.0205491	0.0317666	0.262579	0.00193247	0.00923888
3	0.0380458	0.00136899	0.123694	0.132109	0.0106927	0.0495055	0.0689517	0.0303862	0.0917017	0.035365	0.00632592	0.130655	0.0108902	0.0763311	0.057795	0.108558	0.0147089	0.00745558	0.0025756	0.00288437
4	0.0381776	0.00159151	0.123423	0.139192	0.0111163	0.0508048	0.0626166	0.031208	0.0895441	0.0373863	0.00634015	0.12366	0.0115766	0.0822929	0.0552892	0.104035	0.0165421	0.00973498	0.00239478	0.0030738
5	0.030076	0.0209512	0.000976284	0.00131251	0.238188	0.0195218	0.0286673	0.0365085	0.00919085	0.0419634	0.0188648	0.00223478	0.00458569	0.00851442	0.029538	0.0166232	0.00723798	0.0336485	0.0551892	0.396207
6	0.0651883	0.0104712	0.0401697	0.0678849	0.0278502	0.0222009	0.00938195	0.0173334	0.0328548	0.0157817	0.0110433	0.0230845	0.413037	0.0309637	0.0218186	0.101962	0.0611171	0.017739	0.00257748	0.00754025
7	0.0449306	0.0025829	0.126465	0.139265	0.0224027	0.023172	0.0136623	0.0134849	0.0850935	0.0115435	0.00315079	0.055052	0.0932065	0.0997634	0.095517	0.0581362	0.0926692	0.013232	0.00111937	0.00555074
8	0.0657229	0.00618465	0.0671032	0.143766	0.0109061	0.0344473	0.00635152	0.0306699	0.0340732	0.0559482	0.00888103	0.00827058	0.00684986	0.351678	0.00823613	0.0369388	0.0419442	0.0707392	0.00268597	0.00860336
9	0.0288155	0.00632259	0.00515239	0.00540176	0.00975026	0.0258772	0.0161452	0.0254701	0.289592	0.0673003	0.0294948	0.0195658	0.00459313	0.0401244	0.312081	0.0367418	0.0491398	0.0191198	0.00339963	0.00591201
10	0.0624391	0.00464668	0.0139162	0.00344524	0.00597683	0.0114398	0.00854319	0.0248307	0.21869	0.0482238	0.0203695	0.0173948	0.00284168	0.132707	0.301967	0.0358759	0.0475625	0.0333865	0.00179213	0.00395118
11	0.030057	0.00326912	0.0954897	0.0801894	0.00840814	0.0241255	0.207995	0.0137381	0.0696303	0.0269932	0.00526725	0.0913092	0.0052116	0.126141	0.106785	0.0606366	0.0109058	0.00868942	0.00778407	0.017374
12	0.137273	0.0224522	0.0197535	0.0114847	0.0419258	0.246356	0.0182202	0.0752156	0.02129	0.115355	0.0318149	0.0126266	0.00834524	0.00752291	0.0180146	0.0616167	0.0454325	0.0844378	0.00726356	0.0135994
13	0.326144	0.018471	0.00314282	0.00526663	0.025921	0.36179	0.00975577	0.0195559	0.00574486	0.0310687	0.0104293	0.0169262	0.00409425	0.0038302	0.0145932	0.0586065	0.0201163	0.0095833	0.0306528	0.0243067
14	0.00646546	0.00329476	0.0024238	0.0022427	0.00917471	0.00323184	0.000854994	0.453748	0.00153257	0.125298	0.0191251	0.00110428	0.00061147	0.00259304	0.00930544	0.00317723	0.0180618	0.331204	0.00316624	0.00338461
15	0.0691878	0.0336078	0.00389261	0.0038943	0.062163	0.0214569	0.00101616	0.277718	0.000501772	0.135745	0.0431112	0.00119205	0.00286879	0.00241394	0.000938978	0.012655	0.0270456	0.292257	0.0023352	0.00599858
16	0.0259459	0.012051	0.000578722	0.00113585	0.139517	0.0044904	0.0044701	0.267747	0.000864852	0.281514	0.0229426	0.0016933	0.000583218	0.00652877	0.00094932	0.00819686	0.0154498	0.191158	0.00187353	0.0123093
17	0.054316	0.0363641	0.0485066	0.0224818	0.0829196	0.0300906	0.0840418	0.027043	0.0234824	0.038139	0.0153363	0.113912	0.0153432	0.01892	0.0303001	0.0589039	0.0560708	0.0297904	0.0159178	0.19812
18	0.0692631	0.033231	0.00391163	0.00395585	0.0626224	0.0214096	0.00102083	0.276732	0.000649151	0.136362	0.0427363	0.00122725	0.00291011	0.00260369	0.000987332	0.0127176	0.0272027	0.291984	0.00233831	0.00613514
19	0.0260851	0.0118788	0.000550535	0.00112376	0.141289	0.00443429	0.00453537	0.268762	0.000857379	0.279663	0.0210449	0.00163367	0.00053623	0.00660552	0.000973786	0.00830957	0.0153302	0.192001	0.00187829	0.0125078
20	0.135058	0.0310898	0.000405315	0.000526026	0.0696147	0.0861595	0.00155876	0.163675	0.00147774	0.167141	0.0252705	0.00122888	0.00320595	0.00495952	0.00261074	0.0463859	0.0482971	0.202421	0.00142082	0.00749412
21	0.239663	0.062557	0.0033511	0.00564171	0.0313079	0.0492139	0.00374836	0.0351902	0.0143834	0.0612568	0.0422816	0.0127996	0.00840607	0.00590016	0.00574967	0.205441	0.135919	0.0707814	0.0015614	0.004846
22	0.0699827	0.0353349	0.00375795	0.00415408	0.0627901	0.0217302	0.00103536	0.271777	0.000547542	0.139189	0.0451396	0.00118479	0.00299897	0.00232317	0.000976381	0.0132732	0.0269762	0.288519	0.00227663	0.00603332
23	0.0323358	0.0218382	0.00341567	0.00237615	0.241554	0.0197912	0.0279406	0.0368592	0.00948742	0.0464575	0.0206966	0.00303619	0.00473897	0.00851782	0.0281906	0.017712	0.00842103	0.0362022	0.0484077	0.382021
24	0.109144	0.0593703	0.00196344	0.0113555	0.0443129	0.0564216	0.00288478	0.119636	0.0166663	0.165085	0.114268	0.00457919	0.00718175	0.00543862	0.00334285	0.0921182	0.0840033	0.0949127	0.00374146	0.00357431
25	0.0665321	0.0723626	0.00610171	0.00673028	0.17887	0.018749	0.00945003	0.0452482	0.00814395	0.211446	0.0534056	0.0133891	0.00382694	0.00819379	0.0335424	0.0603536	0.0413027	0.0778523	0.0229698	0.0615296
26	0.0609787	0.0374323	0.00134592	0.0022015	0.118092	0.00465697	0.0360581	0.151939	0.0214422	0.233607	0.00688552	0.00265257	0.0141841	0.00233207	0.00752365	0.0199215	0.0170405	0.131009	0.0237566	0.10694
27	0.347807	0.0255575	0.00531635	0.00727084	0.0261198	0.296292	0.0194896	0.016767	0.0070282	0.0506148	0.0194697	0.0263274	0.00469789	0.00427606	0.024669	0.060669	0.0224588	0.0102352	0.0108145	0.0141197
28	0.0217631	0.0105106	0.00167558	0.00204698	0.0700756	0.00585574	0.00249485	0.363928	0.00111054	0.193988	0.0225253	0.00150781	0.000888433	0.00400188	0.00459438	0.0061772	0.0170571	0.259564	0.00270046	0.00753427
29	0.0532427	0.0233608	0.00315997	0.00363751	0.0507113	0.0177037	0.00111897	0.315984	0.00148747	0.139933	0.0336	0.0014735	0.00243849	0.00329563	0.0031795	0.0119145	0.0266393	0.298733	0.00224318	0.00614332
30	0.104455	0.0899124	0.00950631	0.00925247	0.0795639	0.0350512	0.0130917	0.0918684	0.0111351	0.109659	0.0365689	0.0202957	0.0108448	0.00885806	0.0149282	0.138159	0.0589689	0.103411	0.0165543	0.0379154
31	0.0231364	0.00223826	0.272983	0.129854	0.0126329	0.0453195	0.0640885	0.0180867	0.0567088	0.0216103	0.00470838	0.112928	0.0065519	0.0422445	0.0329448	0.0794453	0.0341721	0.0254148	0.0025868	0.0123441
32	0.0112301	0.00430985	0.425712	0.154552	0.016711	0.0333523	0.0500333	0.00654322	0.0267953	0.00880645	0.00371395	0.0692563	0.0036321	0.00337765	0.0050658	0.0443399	0.0506156	0.0568163	0.00174405	0.0233936
33	0.0296131	0.0203965	0.000817371	0.00118763	0.239659	0.0201187	0.0286587	0.0363422	0.00937603	0.0392782	0.0187481	0.0020517	0.00459569	0.00843705	0.0297562	0.0161459	0.00704849	0.0328638	0.0487096	0.406196
34	0.0602646	0.0304902	0.0132602	0.0165715	0.159734	0.0274884	0.0198895	0.0730767	0.0791222	0.179168	0.0397757	0.0136939	0.0149919	0.0158292	0.0306839	0.0360785	0.0362069	0.0735221	0.0211877	0.0589643
35	0.0739856	0.0320875	0.00310016	0.00331264	0.0712706	0.0276826	0.0017231	0.253511	0.00113866	0.157498	0.0401216	0.00142815	0.00298527	0.00323611	0.00153724	0.0184596	0.0295111	0.266553	0.0024521	0.00840576
36	0.0765701	0.0115571	0.00996998	0.01546	0.00776358	0.0140745	0.00192251	0.0128879	0.0115491	0.00616016	0.0108311	0.00229502	0.640567	0.00229294	0.00275756	0.101773	0.0536638	0.0143797	0.00100249	0.00252256
37	0.230892	0.105932	0.00462002	0.00187241	0.0303055	0.012974	0.00750103	0.0101782	0.0101834	0.00994426	0.00964242	0.0226599	0.00155546	0.00415534	0.00275373	0.452668	0.0598839	0.0187109	0.00087608	0.00269076
38	0.0498951	0.0285314	0.00277615	0.00320739	0.0775612	0.0205266	0.00419223	0.191534	0.00307731	0.287112	0.0777112	0.00434695	0.00451831	0.00288284	0.00335009	0.0221642	0.0290295	0.169693	0.00338954	0.0145017
39	0.013508	0.00390346	0.390946	0.153912	0.0185831	0.0377517	0.0506067	0.00827226	0.033417	0.0107746	0.00382028	0.0723694	0.00575698	0.00976182	0.0101443	0.0505441	0.0515849	0.0518925	0.00177303	0.0206779
40	0.0611717	0.0538496	0.00803215	0.0437135	0.0190734	0.0505829	0.0123562	0.0943237	0.109591	0.0946111	0.0155038	0.0485142	0.0089213	0.0144072	0.151629	0.0302981	0.0311317	0.134043	0.00512452	0.0131218
41	0.0136928	0.0117848	0.00235966	0.00298012	0.0505922	0.00408985	0.000677332	0.144246	0.00135089	0.488093	0.17763	0.00701875	0.00310674	0.000777248	0.000881076	0.00202911	0.0141744	0.0702283	0.000361809	0.00392496
42	0.127708	0.0987493	0.00201806	0.00236381	0.0118699	0.0240415	0.00497199	0.0692442	0.00465779	0.0253769	0.0146666	0.024669	0.007631	0.00543084	0.00524577	0.334439	0.134232	0.0956134	0.000938673	0.00613183
43	0.0383894	0.00138645	0.124598	0.133783	0.0109735	0.0489838	0.0658582	0.0305757	0.092843	0.0355661	0.00623228	0.126566	0.0126248	0.0763498	0.0587162	0.106307	0.0168031	0.00795821	0.00243502	0.00304958
44	0.013585	0.0116694	0.00236156	0.00301305	0.0508848	0.00394114	0.000663618	0.142049	0.00133695	0.490521	0.178131	0.00709674	0.00312199	0.00075774	0.000879775	0.00192234	0.0142078	0.0695931	0.000339337	0.00392473
45	0.0635479	0.00305267	0.109804	0.16564	0.0130908	0.0120568	0.0130391	0.00803279	0.0743001	0.00756682	0.00331266	0.0512525	0.121812	0.104778	0.0529606	0.0827517	0.0993933	0.00886309	0.00119981	0.00354542
46	0.063539	0.00304132	0.109848	0.165544	0.0131048	0.0120667	0.0130935	0.00803647	0.0743348	0.00757859	0.00331785	0.0513005	0.121743	0.104769	0.0529818	0.0827971	0.0993748	0.00880024	0.00118781	0.00354103
47	0.0385254	0.00446501	0.214893	0.0766739	0.0149984	0.214752	0.065829	0.0146626	0.0405704	0.0264014	0.0141243	0.0637618	0.00734537	0.0219958	0.0309417	0.0705678	0.0374245	0.0245693	0.00258119	0.0149179
48	0.0264496	0.0119798	0.00233454	0.00342527	0.0414487	0.00855144	0.00173263	0.367528	0.00254774	0.158394	0.0266225	0.00161873	0.00173207	0.00396647	0.00608633	0.00830306	0.0202258	0.297099	0.00284971	0.00710484
49	0.176985	0.0260809	0.0253356	0.0411586	0.0273093	0.0524303	0.0165212	0.0385484	0.0409529	0.0467723	0.0247579	0.0258599	0.0222967	0.0750447	0.0329339	0.127172	0.124731	0.050242	0.00451729	0.0203505
50	0.254998	0.0202555	0.00960666	0.0136431	0.0231982	0.251141	0.0118216	0.0383717	0.0193492	0.0489483	0.0154488	0.0162725	0.00660374	0.00585599	0.0190854	0.110927	0.0741225	0.0405389	0.00694069	0.012871
51	0.314581	0.0241745	0.00745007	0.0117281	0.0316622	0.129194	0.00993133	0.0419056	0.0112666	0.0532115	0.0163297	0.0184987	0.0133082	0.00647263	0.0145281	0.161388	0.0632286	0.0474056	0.00755047	0.0161853
52	0.203252	0.0390815	0.00978234	0.014668	0.0315455	0.0606017	0.00964399	0.0552997	0.0171415	0.0532428	0.0225422	0.0213604	0.0190273	0.012719	0.0141813	0.182973	0.145918	0.0695809	0.00359877	0.0138394
53	0.0542876	0.030217	0.00203877	0.00282319	0.150325	0.0158599	0.00476688	0.155604	0.00405661	0.27189	0.0560048	0.00432073	0.00311344	0.00472976	0.00508671	0.0217646	0.0280837	0.148623	0.00547334	0.0309315
54	0.0268071	0.0180388	0.00438756	0.00482843	0.0676354	0.00897921	0.00274824	0.129544	0.00247686	0.429545	0.156634	0.00734679	0.00371918	0.00271123	0.00386289	0.0145159	0.0204002	0.0840189	0.0013481	0.0104523
55	0.330397	0.0335437	0.00828984	0.0123228	0.0160935	0.08617	0.00654626	0.0208066	0.0109507	0.0253637	0.0101787	0.0216802	0.0045364	0.00625776	0.0118122	0.275942	0.0827507	0.0263183	0.00429357	0.00574612
56	0.109221	0.040148	0.0020638	0.00386946	0.122302	0.0401533	0.00326662	0.11746	0.0049783	0.199112	0.059531	0.00399212	0.00415197	0.00395351	0.00528649	0.0478411	0.0529591	0.154169	0.00408782	0.0214548
57	0.337566	0.016287	0.00570751	0.00903395	0.0198088	0.31158	0.00955806	0.0227546	0.0079154	0.0348985	0.0100079	0.0177273	0.00398788	0.00400064	0.0149051	0.0963249	0.0340119	0.0151067	0.0140096	0.0148084
58	0.147011	0.0624985	0.00370615	0.00316195	0.0110927	0.0387641	0.00666156	0.0214718	0.00701377	0.0125357	0.0184819	0.0328385	0.00128252	0.00719619	0.0043221	0.408812	0.172431	0.0367644	0.0007074	0.00324725
59	0.14245	0.0885963	0.00312445	0.00159008	0.0137867	0.0262173	0.00726324	0.0269993	0.00532635	0.0144495	0.0171339	0.0317192	0.00222057	0.00629205	0.00275996	0.442646	0.117048	0.046668	0.000641714	0.00306686
60	0.281512	0.0347633	0.00598435	0.0116267	0.0478915	0.0435017	0.00734511	0.0328172	0.0391451	0.0505198	0.0497151	0.011202	0.0384344	0.00918086	0.0103345	0.147188	0.0997222	0.0662564	0.00362261	0.0092368
61	0.0773652	0.011953	0.0124688	0.0199424	0.0111602	0.0184844	0.00505428	0.0175658	0.0153243	0.0157344	0.0127712	0.00555579	0.582205	0.0062249	0.0065959	0.0977321	0.0558431	0.0196237	0.00136456	0.00703089
62	0.0851477	0.00766673	0.0758223	0.12748	0.0160041	0.0195204	0.0123037	0.0158279	0.0525309	0.0137812	0.00785897	0.0384893	0.211973	0.0678295	0.0352313	0.0893644	0.0936665	0.017208	0.00178336	0.010511
63	0.0366927	0.017483	0.00356582	0.00436298	0.0751373	0.0158383	0.00425254	0.209814	0.00422635	0.315385	0.0858757	0.00532216	0.00360127	0.00487322	0.00375305	0.0152258	0.0229001	0.156565	0.00270395	0.0124213
64	0.0609126	0.0279241	0.00332626	0.00443453	0.209558	0.0204363	0.0248056	0.0609758	0.0105036	0.0813595	0.0256315	0.00574542	0.00552105	0.00886176	0.0367846	0.0258152	0.0183896	0.055362	0.0429303	0.270722
65	0.13549	0.0505521	0.0019373	0.00275258	0.0166214	0.0226737	0.00250485	0.141911	0.00419699	0.0667844	0.0093302	0.0100804	0.0229973	0.00297539	0.00886811	0.125762	0.152914	0.207992	0.00145657	0.0122001
66	0.224385	0.0611535	0.00438137	0.00320433	0.0118199	0.0372364	0.00692637	0.0209021	0.00508814	0.0111815	0.0123357	0.0313084	0.00140344	0.00482185	0.00390131	0.42418	0.101567	0.0312947	0.000693894	0.0022156
67	0.0195858	0.010884	0.00183472	0.00232168	0.0455384	0.00630499	0.0016121	0.395279	0.00100999	0.168316	0.024446	0.0011853	0.000802261	0.00300114	0.00548086	0.00532513	0.0177494	0.281561	0.00280237	0.00496056
68	0.0739376	0.0284664	0.00304822	0.0039623	0.0564462	0.0294146	0.00117467	0.277318	0.00196659	0.140534	0.036046	0.00136918	0.00298992	0.00358539	0.00246451	0.0182375	0.0300446	0.280268	0.00220781	0.00651909
69	0.364968	0.0144958	0.00236533	0.00849368	0.0169365	0.322373	0.00868473	0.0159973	0.00564783	0.0378327	0.0103137	0.022441	0.00336959	0.00257159	0.0155332	0.0863493	0.0302496	0.00777593	0.0122474	0.0113533
70	0.108539	0.0370843	0.00358469	0.00692914	0.0333366	0.0593368	0.00490143	0.118148	0.0107332	0.100072	0.0326972	0.0131174	0.00994388	0.00835024	0.00746185	0.147821	0.134735	0.150121	0.00251613	0.0105705
71	0.0557772	0.035412	0.00365515	0.00401184	0.168064	0.0142285	0.00550097	0.108175	0.00468518	0.293478	0.0737121	0.00540225	0.0026067	0.00500552	0.00763402	0.0251532	0.0290066	0.112947	0.00861278	0.0369324
72	0.0400523	0.0194556	0.00148361	0.0016749	0.118143	0.0104554	0.00461306	0.264372	0.000930202	0.23506	0.0284239	0.00157627	0.00133038	0.00545573	0.00133122	0.00986332	0.0195677	0.221164	0.00199983	0.013047
73	0.31998	0.00938078	0.0144281	0.0205755	0.00821172	0.0768062	0.00586398	0.014488	0.0224111	0.0167394	0.013045	0.0182351	0.00373558	0.00881911	0.0255373	0.237762	0.145408	0.0304047	0.00120422	0.00696395
74	0.0784498	0.0307667	0.00294916	0.00293864	0.0704709	0.0304605	0.00161908	0.250164	0.000838023	0.151897	0.0382663	0.00129131	0.00308338	0.00345508	0.00130188	0.0191522	0.0311463	0.271993	0.00207006	0.00768639
75	0.300855	0.0209135	0.00979408	0.0105284	0.0136945	0.219094	0.00972873	0.0212635	0.011136	0.0277677	0.0116802	0.0189284	0.00441688	0.00558483	0.01523	0.199954	0.0635794	0.0206936	0.00605168	0.00910555
76	0.365525	0.0107184	0.00698108	0.017025	0.010998	0.148726	0.00681019	0.0137486	0.01342	0.024167	0.00803055	0.0176414	0.00490052	0.00437097	0.0272087	0.161148	0.127806	0.0175126	0.00470235	0.00855875
77	0.0502258	0.0187888	0.00343022	0.0120524	0.0409894	0.0136142	0.00125231	0.301124	0.0136436	0.115575	0.0270493	0.00381692	0.00439098	0.00977053	0.00760709	0.0137723	0.0224598	0.327023	0.00232786	0.0110865
78	0.0308337	0.0115903	0.00632424	0.00729906	0.0332552	0.00891994	0.00137585	0.350135	0.00949405	0.125193	0.0224407	0.00315529	0.00273145	0.0106975	0.00765432	0.0098506	0.0218538	0.326084	0.00243745	0.00867356
79	0.110795	0.0260389	0.0234323	0.0253074	0.0480094	0.18509	0.0220162	0.0421513	0.028646	0.054555	0.0247315	0.0296619	0.0145549	0.0222647	0.0235192	0.0706142	0.104714	0.0459073	0.0106405	0.0873507
80	0.200769	0.0201784	0.027559	0.0106817	0.01681	0.314905	0.0228132	0.0228681	0.0172715	0.0363185	0.0176316	0.0170148	0.00517793	0.00619317	0.0203098	0.151951	0.049728	0.0239604	0.00660174	0.0112575
81	0.287855	0.0303167	0.00675799	0.0103389	0.017406	0.095115	0.00558737	0.0365522	0.00988427	0.0418766	0.0155215	0.0185114	0.0048753	0.00575853	0.0101605	0.252295	0.0887852	0.0543171	0.00221315	0.00587314
82	0.0593593	0.0285911	0.00473571	0.00352599	0.0576977	0.0186428	0.00115755	0.297706	0.000846963	0.137813	0.0416857	0.00129139	0.00254375	0.00303255	0.0020038	0.011373	0.025742	0.293838	0.00242033	0.00599383
83	0.0296791	0.0218719	0.00328218	0.0023433	0.232894	0.0192986	0.0287363	0.037473	0.00961702	0.0471923	0.019311	0.00270937	0.00474749	0.0090434	0.0298606	0.0171715	0.00829463	0.0344882	0.0473261	0.394661
84	0.0290382	0.00510707	0.217692	0.106217	0.0144979	0.0395357	0.0551445	0.0195292	0.0528143	0.0263346	0.00754043	0.150181	0.0129226	0.0447133	0.0336815	0.0802925	0.0589728	0.0210769	0.00273476	0.0219744
85	0.0431574	0.00628693	0.0046099	0.0201296	0.0269969	0.00803645	0.00201638	0.270427	0.0393791	0.0802204	0.00869221	0.00893222	0.007867	0.0270114	0.015767	0.0200341	0.0280181	0.35852	0.00333172	0.0205657
86	0.0298034	0.018134	0.00256979	0.00370222	0.0747162	0.00996306	0.00128347	0.133316	0.00205314	0.43118	0.155192	0.00621333	0.00321572	0.00157853	0.00178107	0.0110245	0.020092	0.0843632	0.00139957	0.00841919
87	0.134524	0.0323978	0.000562208	0.000786885	0.071052	0.0858632	0.00157438	0.161781	0.00199579	0.165232	0.0263759	0.00137657	0.00350231	0.00496932	0.00282646	0.0463307	0.0486292	0.201047	0.00147818	0.00769533
88	0.0185601	0.00752134	0.00272532	0.0037393	0.0178664	0.00664495	0.000995795	0.414629	0.00335076	0.122397	0.021895	0.00158527	0.00132363	0.0038922	0.00779724	0.00582263	0.0220479	0.329692	0.00294407	0.00456988
89	0.121025	0.0458844	0.00398665	0.00445398	0.0130769	0.013803	0.00314571	0.148287	0.00601292	0.0568192	0.00725305	0.0112131	0.0545803	0.00370835	0.0102281	0.108669	0.149215	0.222155	0.00238945	0.0140938
90	0.37776	0.0130097	0.00630605	0.0138112	0.00636361	0.122972	0.00470311	0.0130716	0.00875006	0.0145359	0.00506176	0.0224296	0.00226181	0.00303447	0.012898	0.269608	0.0835157	0.0143565	0.00192741	0.00362328
91	0.0706488	0.0350329	0.00372732	0.00397475	0.0631988	0.0224404	0.00105946	0.270812	0.000566841	0.139069	0.044292	0.0012024	0.00294299	0.00246825	0.00103759	0.013436	0.0272988	0.288315	0.00224783	0.00622959
92	0.152065	0.097061	0.00272276	0.00247395	0.0145475	0.0343393	0.00612758	0.0276262	0.00534163	0.0143188	0.0189653	0.0312264	0.00185817	0.00590583	0.00245068	0.425709	0.115593	0.0385623	0.000701683	0.00240374
93	0.343003	0.0188913	0.0023887	0.00404402	0.0187144	0.372469	0.00845425	0.0240267	0.00451575	0.0325479	0.010137	0.0166282	0.00446926	0.00313645	0.0144196	0.060614	0.0214821	0.00873078	0.0156573	0.0156696
94	0.0212159	0.0112536	0.000984764	0.00191087	0.111427	0.00392335	0.00332942	0.235173	0.000887864	0.348351	0.0644317	0.00312921	0.00117053	0.00454554	0.000925159	0.00589141	0.0166305	0.154287	0.00132841	0.00920369
95	0.110636	0.0489977	0.00162585	0.00270101	0.30645	0.0306321	0.00225757	0.0312399	0.00485434	0.195514	0.0706869	0.00239086	0.00136423	0.0029753	0.00667146	0.0229625	0.0292376	0.0782472	0.00679145	0.0437653
96	0.40561	0.0118555	0.00617695	0.0100255	0.00516386	0.0834952	0.00376629	0.0149367	0.00793313	0.0151811	0.00482243	0.0169538	0.00203238	0.00309881	0.0101737	0.290204	0.0890078	0.0159652	0.000957141	0.00264138
97	0.0674291	0.00826742	0.0135977	0.0103157	0.0304823	0.297026	0.0316386	0.0131901	0.13507	0.0738187	0.0125247	0.0073651	0.0249198	0.00705918	0.0474531	0.0726834	0.103957	0.0317737	0.00305279	0.00837534
98	0.0511809	0.00801497	0.00987265	0.0590878	0.0125411	0.110242	0.0281573	0.0206293	0.0826036	0.0466356	0.0578064	0.0102596	0.0062096	0.132149	0.0148815	0.0693042	0.198593	0.0463007	0.00262689	0.0329031
99	0.0360656	0.0239133	0.00101764	0.00134272	0.218983	0.0185354	0.0303106	0.0359209	0.00923048	0.0497565	0.0179772	0.0023008	0.00423285	0.0100733	0.0333109	0.0189258	0.00740488	0.0326385	0.080769	0.36729
100	0.0765701	0.0115571	0.00996998	0.01546	0.00776358	0.0140745	0.00192251	0.0128879	0.0115491	0.00616016	0.0108311	0.00229502	0.640567	0.00229294	0.00275756	0.101773	0.0536638	0.0143797	0.00100249	0.00252256
101	0.0155414	0.0125587	0.00238205	0.00318151	0.0529214	0.00474926	0.000684317	0.145584	0.00130128	0.476302	0.172701	0.00681631	0.00302312	0.000813024	0.000895038	0.00291715	0.0149192	0.0781675	0.000459301	0.00408227
102	0.0762234	0.0633673	0.0017805	0.00149872	0.213798	0.0117696	0.00163625	0.0452689	0.00180076	0.257804	0.0680835	0.00490672	0.000839482	0.00413913	0.0103602	0.0360293	0.037983	0.108574	0.00417657	0.0499609
103	0.0676635	0.0162516	0.0259981	0.0293029	0.0241811	0.0404741	0.0209984	0.0293758	0.161251	0.0499331	0.0221671	0.0320004	0.0202284	0.0436367	0.193859	0.077214	0.0919656	0.0294028	0.00470747	0.0193893
104	0.0481798	0.00870115	0.231788	0.104181	0.0192737	0.0631148	0.0437179	0.0171952	0.0471976	0.0223879	0.00945523	0.085539	0.01999	0.0365605	0.0313486	0.104804	0.0565964	0.0264127	0.00422088	0.0193352
105	0.153392	0.0917735	0.00348884	0.00120002	0.0154633	0.0216351	0.00766954	0.0170473	0.0049	0.0111882	0.015391	0.0295342	0.000973256	0.00521864	0.0016433	0.487931	0.0978441	0.031448	0.000580402	0.0016782
106	0.0701885	0.0293021	0.00168203	0.00265402	0.287301	0.0258442	0.0126645	0.0390683	0.00535752	0.114298	0.051223	0.00270846	0.00328823	0.00478558	0.0139895	0.0198119	0.017441	0.0938041	0.0383055	0.166282
107	0.0608279	0.025524	0.00594308	0.00551672	0.221256	0.0254779	0.026771	0.0434982	0.0115505	0.070766	0.0253234	0.00624328	0.00534689	0.00848229	0.0258256	0.0246477	0.0153951	0.0471897	0.0422002	0.302215
108	0.124239	0.0337605	0.00130068	0.00220801	0.048216	0.0534449	0.00224775	0.160096	0.00312127	0.132499	0.018826	0.00411099	0.00797312	0.00366882	0.00420493	0.0933572	0.132415	0.159864	0.00168843	0.0127583
109	0.0403515	0.0185401	0.00137955	0.00179498	0.118867	0.0092276	0.00346134	0.272766	0.000717106	0.233634	0.0299871	0.00135598	0.00129185	0.00522477	0.000991655	0.00904201	0.018404	0.219916	0.00275696	0.0102913
110	0.252943	0.0588983	0.00849729	0.00306225	0.0149903	0.030061	0.010881	0.0119239	0.00685094	0.00967827	0.00844563	0.0269444	0.00132164	0.0041297	0.00494646	0.443401	0.0803555	0.0196954	0.000795718	0.0021776
111	0.00646546	0.00329476	0.0024238	0.0022427	0.00917471	0.00323184	0.000854994	0.453748	0.00153257	0.125298	0.0191251	0.00110428	0.00061147	0.00259304	0.00930544	0.00317723	0.0180618	0.331204	0.00316624	0.00338461
112	0.123556	0.0279042	0.000578575	0.0012683	0.0651638	0.0777565	0.00167001	0.167184	0.00140001	0.178884	0.0332485	0.00171003	0.00407059	0.00400256	0.0021285	0.0521345	0.0509188	0.197547	0.00251906	0.00635524
113	0.13466	0.0307227	0.000429786	0.000523636	0.069021	0.0862348	0.00151541	0.163412	0.00150043	0.168252	0.0257473	0.00125416	0.00327421	0.00487546	0.00254373	0.0469446	0.0488919	0.201369	0.00149983	0.00732718
114	0.0621124	0.0323857	0.00824266	0.00907619	0.187144	0.0213991	0.00986723	0.0620004	0.024217	0.268374	0.100831	0.00835808	0.00508724	0.00981366	0.0106711	0.0279402	0.0303983	0.0645894	0.00709183	0.0504012
115	0.0949034	0.033741	0.00218883	0.00221379	0.0780171	0.0418407	0.00193322	0.217242	0.000874992	0.158439	0.0381567	0.00125509	0.00307394	0.00381975	0.00193937	0.0249896	0.0349109	0.247422	0.00189181	0.0111465
116	0.107519	0.0330871	0.00171383	0.00153776	0.0751821	0.0560126	0.00181614	0.198062	0.000888169	0.159639	0.0347565	0.0012374	0.00293516	0.00517436	0.00236765	0.0301447	0.0385757	0.23779	0.00154074	0.0100201
117	0.0341281	0.0191152	0.00121305	0.00165736	0.217211	0.0248831	0.0326189	0.0381733	0.00883917	0.0415455	0.0226228	0.00272235	0.00732772	0.00790229	0.0277379	0.0255772	0.0074389	0.0370666	0.0624753	0.379744
118	0.0434292	0.00306058	0.149166	0.14026	0.0205562	0.0299802	0.0285127	0.0172371	0.07536	0.0180612	0.0042771	0.066571	0.064456	0.0824792	0.0788736	0.068218	0.0830907	0.0176899	0.00158629	0.00713506
119	0.434911	0.00788606	0.00724973	0.0109292	0.00615086	0.0826566	0.00416107	0.0124828	0.00896801	0.0139485	0.00308658	0.0153384	0.00233974	0.00275168	0.0111763	0.279998	0.0792237	0.0129152	0.000965922	0.00286092
120	0.0901773	0.0217522	0.00103559	0.00512723	0.0539632	0.0566481	0.0023666	0.145499	0.00158788	0.231151	0.0697887	0.00341512	0.00712174	0.00212885	0.00134423	0.0671182	0.0615562	0.16806	0.00643913	0.00371949
121	0.0692754	0.033672	0.00390085	0.00389932	0.0622875	0.0215119	0.00101866	0.27738	0.000501708	0.13576	0.043139	0.00119358	0.00287332	0.00241716	0.000933341	0.0126825	0.0270606	0.292139	0.00233552	0.00601781
122	0.0162032	0.0125798	0.0128526	0.00782073	0.0744552	0.00559827	0.0052572	0.103077	0.00342362	0.461149	0.181874	0.0080938	0.00342685	0.00670596	0.00492452	0.00896356	0.0142581	0.055299	0.000758532	0.0132793
123	0.0645974	0.0301095	0.00326588	0.00391898	0.0658168	0.0220842	0.00130499	0.255591	0.00062171	0.170712	0.0512629	0.00173229	0.00400451	0.00254794	0.00107341	0.0167643	0.0297666	0.266172	0.0025461	0.0061071
124	0.0628554	0.0267835	0.00134158	0.0100472	0.0441623	0.0448698	0.0023218	0.13459	0.00369427	0.24373	0.119073	0.00405234	0.00626483	0.00157654	0.00137451	0.0811326	0.066447	0.136376	0.00718846	0.00211869
125	0.0769187	0.0618188	0.00167807	0.00140577	0.223387	0.0113602	0.00151763	0.0413732	0.00184292	0.258883	0.0694865	0.00473301	0.000731186	0.0038525	0.0101447	0.0349752	0.0371716	0.104504	0.00450597	0.04971
126	0.0387081	0.0337199	0.0101202	0.00451175	0.23667	0.0185979	0.0249883	0.0373607	0.00907086	0.0709266	0.0254169	0.00455807	0.00419875	0.0085567	0.0264406	0.0200435	0.0142326	0.041439	0.043523	0.326917
127	0.135044	0.0311322	0.000430834	0.000498723	0.0696462	0.0860932	0.00153894	0.163659	0.00147646	0.167122	0.0253615	0.0012304	0.00320851	0.00492098	0.0025979	0.0464173	0.0483608	0.202396	0.00141295	0.00745201
128	0.135305	0.031103	0.000397923	0.000481798	0.0696968	0.0864949	0.0015504	0.162926	0.00147923	0.167416	0.0252048	0.00123508	0.00319949	0.00498429	0.00262626	0.0465971	0.0485098	0.201871	0.00139641	0.00752494
129	0.0485138	0.0265799	0.00803291	0.0065304	0.18369	0.0346904	0.0271053	0.0454092	0.0135663	0.0714434	0.0232096	0.0140243	0.00728408	0.00994138	0.0285963	0.0305109	0.0227261	0.0429311	0.0430459	0.312169
130	0.0609978	0.053843	0.00284379	0.00325288	0.131864	0.0192039	0.0107847	0.0231396	0.00535662	0.165384	0.0209233	0.00492327	0.00279629	0.00415662	0.0229372	0.0273276	0.00910234	0.0404602	0.281599	0.109105
131	0.075634	0.0133462	0.0113394	0.0187917	0.0115102	0.0160265	0.00290923	0.017109	0.0138449	0.0127011	0.0117433	0.00489629	0.600685	0.00467815	0.005381	0.0997698	0.0549977	0.0186291	0.00173192	0.0042754
132	0.033333	0.015164	0.00267036	0.00291334	0.0362703	0.011845	0.000966747	0.381533	0.00108707	0.142972	0.0293899	0.00115759	0.00137904	0.00243258	0.00470244	0.00692995	0.0209984	0.297449	0.00272976	0.00407654
133	0.068576	0.128006	0.00325007	0.00710573	0.013737	0.045809	0.0810078	0.0448059	0.0291881	0.0642238	0.0342414	0.0960604	0.00421483	0.0215272	0.0692066	0.114864	0.0698181	0.0535796	0.00222845	0.0485502
134	0.0773109	0.0584875	0.00143417	0.00130846	0.243926	0.0128461	0.00184202	0.0408619	0.00222663	0.254325	0.0658188	0.00391761	0.000932444	0.00320881	0.00924556	0.031479	0.0347809	0.101067	0.00579051	0.0491911
135	0.0885491	0.0212879	0.00128357	0.00540615	0.0522018	0.0548197	0.00243266	0.144711	0.00163388	0.236201	0.07093	0.00360931	0.00828315	0.00200617	0.00130345	0.0684515	0.0618475	0.164744	0.00678682	0.00351079
136	0.111351	0.0482194	0.00173062	0.00271706	0.300927	0.0293404	0.00218717	0.0304157	0.00501878	0.204727	0.0755116	0.00250312	0.0015174	0.00308895	0.00670965	0.0236621	0.0320077	0.0730034	0.00564212	0.0397205
137	0.0307274	0.0229823	0.00088546	0.00121862	0.23196	0.018559	0.0287558	0.0386489	0.0104489	0.0395012	0.0189202	0.00208105	0.00438178	0.00947039	0.0336236	0.0166131	0.00773947	0.030919	0.048545	0.404019
138	0.0592118	0.0375427	0.00135093	0.00209291	0.122882	0.00389324	0.0361322	0.147961	0.0225726	0.235988	0.0062636	0.00263358	0.0149178	0.00220386	0.00774853	0.0191574	0.0170978	0.125262	0.0231878	0.1119
139	0.186785	0.0457099	0.00539487	0.00817536	0.00997516	0.0513098	0.00739623	0.0196907	0.00988528	0.0123801	0.0152437	0.0356661	0.0023276	0.00751093	0.00835488	0.35528	0.181019	0.032257	0.000894844	0.00474282
140	0.0100464	0.00492275	0.00250044	0.00245276	0.0116259	0.0045417	0.000797846	0.444671	0.0015426	0.126057	0.0226924	0.0011057	0.000741189	0.002601	0.00831464	0.00390425	0.0190344	0.326161	0.0030906	0.0031961
141	0.0653138	0.0237186	0.00889939	0.00845043	0.050044	0.0271383	0.00965158	0.129769	0.014213	0.178283	0.039915	0.0081278	0.127505	0.00773566	0.0106046	0.0573478	0.0471196	0.157309	0.00586938	0.0229856
142	0.01862	0.0219094	0.00223076	0.00256024	0.00439425	0.0449026	0.079753	0.00715987	0.304307	0.0119236	0.022524	0.136834	0.00209899	0.0235856	0.24179	0.0456834	0.0183963	0.00688515	0.00130959	0.00313263
143	0.054059	0.0579212	0.00281492	0.00335412	0.134425	0.0218735	0.00907931	0.0252085	0.00517999	0.167727	0.0174212	0.0044676	0.00306735	0.00385216	0.0195334	0.0281505	0.00872674	0.0393882	0.301027	0.0927235
144	0.0289178	0.020376	0.000813283	0.00114744	0.238559	0.0197322	0.0289483	0.0366233	0.00936858	0.0388935	0.0187454	0.00201488	0.00462301	0.00848984	0.030037	0.0161812	0.00699962	0.0331476	0.0491644	0.407217
145	0.0530735	0.0115552	0.0218398	0.00711786	0.0227068	0.0392678	0.00764271	0.0869664	0.00826357	0.231177	0.0617988	0.00796418	0.137094	0.00427995	0.00764662	0.109281	0.0515049	0.11805	0.0048367	0.00793263
146	0.0468756	0.0183318	0.00116373	0.00141388	0.121957	0.0139742	0.00379274	0.252777	0.000928889	0.241545	0.0258885	0.00149242	0.00155302	0.00554019	0.00122157	0.0119297	0.0206928	0.214892	0.00195956	0.0120709
147	0.128835	0.067494	0.00339262	0.002359	0.0117076	0.0321149	0.00707223	0.0212722	0.00680142	0.0119687	0.0182635	0.0361241	0.0012428	0.00754995	0.00379041	0.419409	0.1788	0.0382273	0.000638217	0.00293781
148	0.0627787	0.0361577	0.00473876	0.00568785	0.183718	0.0186692	0.00740946	0.111633	0.0065186	0.238707	0.0575634	0.00565001	0.00318148	0.00584668	0.00915907	0.0255861	0.0311396	0.120323	0.0128619	0.0526712
149	0.0266176	0.0120867	0.000578624	0.00110987	0.140875	0.00458539	0.00448547	0.268825	0.000857286	0.278293	0.0211813	0.00159609	0.000536777	0.00658367	0.000975423	0.00835872	0.0153755	0.192782	0.00188612	0.0124096
150	0.0606671	0.0282753	0.00146451	0.0109946	0.0432333	0.0435129	0.00236494	0.132351	0.00436583	0.242265	0.1266	0.0040513	0.00610037	0.00178487	0.00142086	0.0824576	0.0680605	0.130705	0.00740961	0.00191612
151	0.213892	0.129801	0.00450728	0.00248281	0.0276694	0.0161607	0.00733191	0.0138413	0.00914123	0.0107568	0.0110532	0.0235475	0.00175328	0.0046526	0.00357467	0.431381	0.0627093	0.0215189	0.00117321	0.00305143
152	0.0619037	0.0309083	0.00317505	0.0056287	0.0547303	0.0223898	0.0012707	0.278225	0.000891178	0.149463	0.0467528	0.00162751	0.00315033	0.00218461	0.00181426	0.0209892	0.0324198	0.274291	0.00283885	0.00534607
153	0.0525457	0.0223955	0.00242821	0.00528914	0.0582725	0.0262979	0.00250117	0.193178	0.00313167	0.272022	0.0930709	0.0043134	0.00483351	0.00368899	0.00322374	0.0316687	0.0432532	0.165761	0.00352387	0.00860084
154	0.37187	0.0128029	0.0031235	0.00770159	0.0137326	0.301211	0.0068625	0.015634	0.00577366	0.0331218	0.00847158	0.0175432	0.00319655	0.00248349	0.0144835	0.112335	0.0411471	0.0083398	0.00989679	0.0102695
155	0.130576	0.0318227	0.000681392	0.000643959	0.0706727	0.0815982	0.00156205	0.171332	0.00137022	0.162368	0.0263814	0.0011896	0.0029776	0.00488309	0.00277618	0.0432358	0.0457109	0.211078	0.00140362	0.00773774
156	0.0595746	0.0587155	0.00526147	0.0023636	0.183562	0.00795959	0.00227634	0.0364252	0.00265077	0.289372	0.0733378	0.0127347	0.00121598	0.00430146	0.0145124	0.0404103	0.0436553	0.0872197	0.00374201	0.0707091
157	0.109702	0.0548744	0.0064901	0.0115817	0.0174062	0.0381419	0.00788436	0.035882	0.0166723	0.0402126	0.0496653	0.028152	0.00407649	0.0149936	0.011678	0.312424	0.177585	0.0519034	0.00176215	0.00891251
158	0.0336152	0.0221313	0.00694359	0.00412505	0.227523	0.0184605	0.0398375	0.0404644	0.0099014	0.0440773	0.0175011	0.00427357	0.00495856	0.00931639	0.0277932	0.0197359	0.00945788	0.0415173	0.0454622	0.372905
159	0.0276981	0.0124955	0.000664944	0.00118078	0.138726	0.00500245	0.00443618	0.268385	0.000794339	0.273509	0.0223851	0.00163639	0.000678515	0.0066269	0.000975119	0.0083355	0.0157221	0.196342	0.00196843	0.012438
160	0.0691222	0.029607	0.00548346	0.00946101	0.0622884	0.0304059	0.0039057	0.0904432	0.00594245	0.251588	0.102871	0.0196861	0.00687354	0.00486905	0.0100107	0.0761225	0.0798282	0.113324	0.00536092	0.0228066
161	0.117474	0.0317141	0.00134065	0.00253079	0.0648897	0.0686489	0.00206173	0.162737	0.00276532	0.16713	0.0412124	0.00298259	0.00471649	0.00399751	0.00241806	0.0627093	0.0559984	0.194965	0.00282222	0.00688582
162	0.0924009	0.0247697	0.00463184	0.0066646	0.142478	0.0178635	0.0586824	0.056421	0.0125396	0.0937728	0.018243	0.0065332	0.00819592	0.0075508	0.0234963	0.0467957	0.0171276	0.0774952	0.125909	0.158429
163	0.107661	0.0305389	0.00169487	0.00179815	0.0678015	0.0603114	0.00152211	0.202417	0.00147297	0.161763	0.033668	0.00152602	0.00355573	0.00393083	0.00217558	0.0352828	0.0418332	0.231338	0.00214539	0.00756356
164	0.0848961	0.0257726	0.0245282	0.0337923	0.0134788	0.0383153	0.0393113	0.0397379	0.0494268	0.0290794	0.0240861	0.0634844	0.0101138	0.0478538	0.0273679	0.188463	0.205511	0.0343746	0.00261494	0.0177917
165	0.0397423	0.00276055	0.00310336	0.0263518	0.0232333	0.0048464	0.00215564	0.240139	0.0508504	0.0550551	0.00294141	0.0112071	0.0107019	0.0331949	0.0219575	0.0220708	0.0129764	0.404526	0.00171966	0.0304668
166	0.0695755	0.033638	0.00387966	0.00388052	0.0622238	0.0217939	0.001016	0.276819	0.00050438	0.135947	0.0430796	0.00121156	0.00289437	0.00241294	0.000941718	0.0129848	0.0271936	0.291658	0.0023493	0.00599633
167	0.165991	0.0157062	0.0363464	0.0143025	0.0168755	0.340863	0.027927	0.0227361	0.0224276	0.0395752	0.0187686	0.0165823	0.00877083	0.00815397	0.023821	0.132949	0.0472864	0.0252663	0.00484048	0.0108111
168	0.0357884	0.0511235	0.160704	0.0568142	0.205257	0.0108598	0.0505598	0.0122925	0.00791324	0.0155405	0.00715542	0.0277988	0.00436362	0.024804	0.00740501	0.0352976	0.0330868	0.0331372	0.00308601	0.217013
169	0.0510727	0.0202177	0.002843	0.00366942	0.0452673	0.0193593	0.00168806	0.315901	0.00217807	0.142463	0.0299335	0.00233206	0.00341399	0.00380071	0.00443351	0.0189231	0.0375864	0.286126	0.00267709	0.00611491
170	0.0194593	0.0132304	0.00207777	0.00267891	0.0714542	0.0043617	0.00128466	0.152619	0.00126453	0.452051	0.154983	0.00597446	0.00266169	0.00159088	0.00123041	0.00362749	0.0149392	0.0878104	0.00061577	0.00608442
171	0.0613367	0.00565673	0.0908456	0.00591872	0.00827083	0.511118	0.0634829	0.00731215	0.0300705	0.0297505	0.0272355	0.00493047	0.00527742	0.00390737	0.0360351	0.0761247	0.0140806	0.00969334	0.00225974	0.00669358
172	0.0203019	0.00845173	0.00255609	0.00297774	0.0253885	0.00771867	0.00116229	0.407667	0.00265207	0.133302	0.0224501	0.00142619	0.00121753	0.00372867	0.00743652	0.006351	0.0200355	0.317222	0.00290331	0.00505133
173	0.0726835	0.0106939	0.0159215	0.0306671	0.00818586	0.0139593	0.0038092	0.0124342	0.0155755	0.00722793	0.0103567	0.00702456	0.588255	0.0103569	0.00409285	0.112459	0.0581816	0.0137378	0.00117889	0.00319802
174	0.0576658	0.00315885	0.14686	0.171093	0.0132493	0.0154838	0.0167055	0.00916496	0.0658694	0.00885625	0.00364897	0.0538348	0.103593	0.0873338	0.0462266	0.085043	0.0922854	0.0136562	0.00142442	0.00484715
175	0.0780986	0.0161204	0.0103378	0.0471635	0.0143388	0.0639538	0.0151627	0.0477683	0.0260159	0.0321627	0.0288579	0.0208091	0.00565232	0.0452731	0.044943	0.22515	0.146606	0.06098	0.00375324	0.0668526
176	0.00927854	0.00469296	0.00245899	0.00245741	0.0115512	0.00410884	0.000823382	0.446209	0.0015074	0.126527	0.0210338	0.00109192	0.000666554	0.0025407	0.00853097	0.00366598	0.0184056	0.328097	0.00310059	0.003253
177	0.108111	0.0391668	0.00436941	0.00655897	0.18188	0.0350255	0.00636053	0.0803226	0.00822209	0.185528	0.0820298	0.00622055	0.00455317	0.00594723	0.00840089	0.0426488	0.0414846	0.101744	0.0108234	0.0406025
178	0.143625	0.0145167	0.0379227	0.0133192	0.0244116	0.370313	0.0294482	0.0350927	0.0263471	0.0513388	0.0209228	0.0156632	0.00904305	0.00866953	0.02785	0.0776084	0.0352891	0.0347138	0.00690497	0.0170001
179	0.0237858	0.0126569	0.000973087	0.0017838	0.113508	0.00430637	0.00465737	0.246213	0.00190129	0.322492	0.0517695	0.00300093	0.0018206	0.00475022	0.00165637	0.00726311	0.0154068	0.163963	0.0021238	0.0159687
180	0.120822	0.0380449	0.00864427	0.0121588	0.0615203	0.036845	0.0136616	0.0589645	0.0175038	0.12378	0.0303498	0.0232941	0.0145723	0.0125198	0.0235296	0.114238	0.133048	0.0822704	0.00972875	0.0645044
181	0.0360375	0.0186487	0.000707977	0.00127612	0.153501	0.00699471	0.00683525	0.232494	0.00304782	0.265969	0.0258786	0.001756	0.0022451	0.00544142	0.00231905	0.0120206	0.0172136	0.179013	0.00371897	0.0248807
182	0.0729637	0.0250843	0.00211196	0.00305171	0.0613916	0.0371803	0.00192629	0.259706	0.00189642	0.170156	0.0372804	0.00203902	0.00303284	0.00368627	0.00307965	0.0237558	0.0325907	0.249144	0.00276397	0.00715935
183	0.220564	0.0886513	0.00414589	0.0047405	0.0247924	0.04247	0.00933799	0.024242	0.00982118	0.0264301	0.0162897	0.0249647	0.00617789	0.00576519	0.00739287	0.361839	0.0783961	0.0348372	0.00239794	0.00674335
184	0.124453	0.0296445	0.017465	0.0527703	0.156532	0.0387786	0.0132777	0.121808	0.021016	0.0969463	0.033675	0.0162334	0.0146873	0.0147521	0.0155297	0.0410654	0.0485798	0.10024	0.00871538	0.0338318
185	0.0994618	0.0133501	0.0641889	0.0953036	0.0222319	0.209917	0.0320976	0.0306742	0.0466832	0.0449483	0.0221569	0.0471332	0.0175889	0.0307746	0.0323724	0.0897343	0.0538356	0.0266013	0.00570141	0.0152444
186	0.0894849	0.0298332	0.00942636	0.019484	0.015434	0.0647388	0.0116179	0.0331741	0.0426485	0.0383221	0.0531393	0.0237325	0.00594811	0.0257884	0.0180003	0.231072	0.208514	0.0622746	0.002485	0.0148821
187	0.0679384	0.0231215	0.0778865	0.0850702	0.0152225	0.0380722	0.0461872	0.0258959	0.0603487	0.0273017	0.0123241	0.098946	0.0206127	0.0684298	0.0409334	0.195282	0.0640325	0.0205228	0.00268774	0.00918436
188	0.019996	0.00966332	0.00239706	0.00269716	0.0263536	0.00726526	0.00100878	0.40137	0.00122211	0.142936	0.0281906	0.00116494	0.00101039	0.00275105	0.00647981	0.00560738	0.0210562	0.311976	0.00282805	0.00402609
189	0.0777791	0.0120709	0.013454	0.0200486	0.00970981	0.0168589	0.00295141	0.0151173	0.0143578	0.0109941	0.0117621	0.00501547	0.599986	0.00620346	0.00545895	0.0990066	0.0554443	0.0177134	0.00161709	0.00445051
190	0.0249806	0.00327836	0.278718	0.142675	0.0148434	0.0397084	0.0524342	0.0158441	0.052156	0.0191335	0.00493608	0.107029	0.0132376	0.0385475	0.0289622	0.0737297	0.044999	0.0278245	0.00204093	0.014922
191	0.0880349	0.0369587	0.00309853	0.00311898	0.0665357	0.0361898	0.00127276	0.236446	0.00104185	0.146898	0.0414055	0.00124053	0.00324175	0.00322666	0.00159927	0.0228317	0.0327423	0.264898	0.00194674	0.00727254
192	0.0158607	0.0121178	0.00228404	0.00325925	0.0546776	0.00488971	0.000913885	0.147563	0.00133679	0.472533	0.169975	0.00668768	0.0030769	0.00114372	0.00103576	0.00418867	0.0161263	0.076926	0.00059565	0.00480888
193	0.161232	0.0844129	0.00435431	0.00144721	0.0156536	0.0219377	0.00965223	0.0163388	0.00580205	0.010103	0.0144123	0.0317601	0.00106408	0.00593496	0.00211871	0.481568	0.100527	0.0290643	0.000573716	0.0020427
