276	20
1	0.0965913	0.0125624	0.000861951	0.000993385	0.077375	0.0263483	0.00103411	0.0806997	0.0158182	0.13748	0.00702579	0.0227122	0.157993	0.0126766	0.0234917	0.00618958	0.0307563	0.16443	0.0715594	0.0534014
2	0.0588384	0.0391587	0.00119433	0.00121907	0.0723908	0.0146868	0.00109428	0.0851643	0.00640158	0.117217	0.00615557	0.0108962	0.217792	0.00674742	0.0103723	0.00854899	0.0183381	0.126489	0.108231	0.0890642
3	0.105179	0.0116989	0.000314576	0.000296029	0.0710818	0.0151478	0.000304543	0.142249	0.00134281	0.268732	0.0702537	0.000655058	0.00112525	0.000470632	0.000594192	0.0567355	0.0849051	0.137772	0.0108147	0.0203282
4	0.0864093	0.0152356	0.0001625	0.000216691	0.0949508	0.00421927	0.00019336	0.323522	0.000341459	0.111926	0.0600258	0.000452667	0.0132464	0.000340251	0.000239687	0.0263635	0.0720786	0.188006	0.00076162	0.00130907
5	0.0826832	0.0166715	0.000169307	0.000199594	0.0967876	0.00444334	0.000183201	0.326561	0.000672096	0.111252	0.0546791	0.000375348	0.0170918	0.00056939	0.00128081	0.0235825	0.059562	0.193379	0.00381209	0.00604506
6	0.0421304	0.0212906	0.000110575	0.000111315	0.0497835	0.0171844	0.000144414	0.116905	0.000214791	0.533947	0.0664791	0.000259074	0.00170345	0.000286863	0.000195643	0.0197561	0.0255961	0.101955	0.000470468	0.00147604
7	0.0251457	0.0070623	0.000993155	0.000155092	0.0358424	0.00392985	0.00026893	0.390548	0.000381976	0.269197	0.0357268	0.00165426	0.00127375	0.000685827	0.000881396	0.00319279	0.00819411	0.203691	0.00503099	0.00614434
8	0.0439971	0.0205245	0.000107569	0.000111353	0.054049	0.0175099	0.000142442	0.117586	0.000213933	0.52924	0.0647584	0.00025454	0.00163947	0.000262932	0.00018762	0.0196815	0.0249363	0.102509	0.000716945	0.00157181
9	0.189961	0.0730396	0.001219	0.0186224	0.0811172	0.216637	0.00138087	0.0609618	0.00235572	0.118503	0.0145644	0.00229374	0.00154696	0.00205642	0.00155691	0.0599665	0.0293789	0.1104	0.00622033	0.00821916
10	0.164757	0.011228	0.000699665	0.000447473	0.033501	0.0583627	0.000430859	0.144583	0.000578679	0.126423	0.0473384	0.000688021	0.00180415	0.000544248	0.000377541	0.0510813	0.06955	0.282153	0.00272199	0.00273043
11	0.0336422	0.00162063	0.00141027	0.00157008	0.00294435	0.857576	0.0090085	0.00693447	0.00656062	0.00990062	0.00300371	0.00250019	0.00265249	0.00223124	0.0068983	0.0346135	0.0057471	0.00866003	0.00068691	0.00183852
12	0.0372304	0.00864923	8.29966e-05	0.000104593	0.0608988	0.00878308	9.784e-05	0.401798	0.000160156	0.271226	0.0351304	0.00285466	0.000136513	0.000207352	0.000129817	0.00205648	0.0122747	0.150674	0.00661784	0.000887852
13	0.00503389	0.00734092	0.000460014	0.000512159	0.284525	0.00356583	0.000499559	0.0630697	0.000703913	0.140283	0.00821438	0.000894882	0.00087725	0.000984905	0.0067757	0.0159843	0.00340241	0.0174844	0.0572748	0.382113
14	0.0117019	0.010393	0.000338193	0.00030204	0.172123	0.00202661	0.0003399	0.103942	0.000450348	0.510824	0.092029	0.000647516	0.000463389	0.000615766	0.000594917	0.00547311	0.0200749	0.0421521	0.00448319	0.0210253
15	0.0289487	0.00398463	0.000321839	0.000469244	0.0142454	0.00739394	0.00040322	0.00605359	0.000642653	0.0306306	0.00944513	0.0169338	0.000591923	0.0107772	0.000495678	0.230231	0.629995	0.00535446	0.000539318	0.00254305
16	0.0492458	0.0145584	0.000173665	0.000192169	0.0981684	0.00391922	0.000218267	0.32897	0.00232229	0.157026	0.0271016	0.000466584	0.0125287	0.00256382	0.00766921	0.0125288	0.00855025	0.211997	0.0253651	0.0364349
17	0.0384411	0.0134841	0.0007104	0.00093148	0.00883545	0.0522934	0.00110087	0.0307719	0.132569	0.08214	0.0148669	0.00657855	0.00120156	0.0497066	0.368804	0.0647281	0.0303845	0.0762007	0.00345994	0.0227917
18	0.0214101	0.00445237	0.00100366	0.00165995	0.0353297	0.0268188	0.00129598	0.0454613	0.00201389	0.154661	0.045031	0.0318474	0.00194793	0.0044003	0.00151621	0.181885	0.394458	0.0317576	0.00152964	0.01152
19	0.0243694	0.00193536	0.000651523	0.000669523	0.00346837	0.347696	0.0160446	0.00494222	0.235979	0.0133401	0.00260589	0.0407632	0.000888355	0.00128797	0.255185	0.0290632	0.0127649	0.00617689	0.000835724	0.0013328
20	0.0495513	0.00311572	0.000869463	0.00107976	0.44297	0.181769	0.00107665	0.049433	0.00166021	0.158699	0.016614	0.00163707	0.00176001	0.00164415	0.00112489	0.006897	0.00824092	0.0386107	0.0309416	0.00230582
21	0.0486605	0.0135628	0.000206212	0.000201659	0.100093	0.0036957	0.000256164	0.321675	0.00232664	0.158977	0.0283193	0.000384935	0.0146296	0.00280066	0.00890599	0.012937	0.00751381	0.212084	0.0248332	0.0379363
22	0.126433	0.00329765	0.0381307	0.0657171	0.00619275	0.078172	0.0812267	0.0109615	0.00460698	0.0131286	0.0042053	0.0166011	0.130108	0.178696	0.00884537	0.120625	0.0612835	0.0199039	0.00162143	0.0302436
23	0.0665368	0.00268472	0.351279	0.0987104	0.00460727	0.0624288	0.00108209	0.0191704	0.0381122	0.018564	0.00417851	0.0642285	0.0134352	0.0458652	0.00790331	0.0699313	0.114378	0.0135921	0.00148101	0.0018313
24	0.00976258	0.00684195	0.00035671	0.000209396	0.0143068	0.000983598	0.000251039	0.434691	0.000281234	0.0718283	0.0134586	0.000408409	0.000280476	0.000562083	0.000252454	0.0065564	0.0131772	0.425022	0.000248994	0.00052076
25	0.0215194	0.00296223	0.0122355	0.0011118	0.0163103	0.0256256	0.0261289	0.00750403	0.0241399	0.00786038	0.0039052	0.0543192	0.0355415	0.00156708	0.00109615	0.547621	0.196733	0.0103696	0.0012776	0.0021717
26	0.16086	0.00157699	0.0393126	0.071436	0.00284064	0.0999246	0.0860586	0.00798012	0.00440862	0.00931878	0.0025517	0.0169639	0.14819	0.0878649	0.0143242	0.182287	0.0319336	0.0172381	0.000751277	0.0141785
27	0.0244788	0.0154449	0.00116014	0.00126349	0.469394	0.0318447	0.00117558	0.0985572	0.013242	0.0720828	0.00523656	0.00188399	0.00158952	0.00160222	0.00140551	0.0213022	0.00787027	0.0754762	0.00571644	0.149274
28	0.238054	0.00616255	0.00548504	0.0767167	0.00769433	0.143559	0.015866	0.00816721	0.0787493	0.018097	0.0331343	0.0136106	0.000934519	0.116599	0.0474414	0.0964372	0.013027	0.0594046	0.0106283	0.0102313
29	0.46587	0.0304437	0.00100272	0.00170309	0.00521516	0.0435929	0.000417913	0.028613	0.00249728	0.0224825	0.0143356	0.00340394	0.00567039	0.00216675	0.00106335	0.188447	0.103506	0.0776715	0.000713563	0.00118379
30	0.135001	0.0108289	0.000307799	0.000620539	0.08918	0.0198986	0.000404143	0.117281	0.00932921	0.333624	0.0781992	0.000980283	0.00223464	0.000714972	0.00331271	0.0126373	0.023444	0.125725	0.0164008	0.0198762
31	0.179122	0.173513	0.000666998	0.000876454	0.0399987	0.00475798	0.00107314	0.0163678	0.00161996	0.0170259	0.0442243	0.00165136	0.00187623	0.00121312	0.00155673	0.282845	0.183612	0.0448683	0.00132603	0.00180475
32	0.339767	0.0296312	0.000364599	0.000316121	0.0205116	0.0599426	0.000441324	0.0455527	0.00504101	0.0393559	0.057377	0.00194907	0.00391508	0.00213745	0.000821406	0.104433	0.210407	0.0766828	0.000545669	0.000807866
33	0.453965	0.0433696	0.000392567	0.000512769	0.00537481	0.0361033	0.000387959	0.0814343	0.00137964	0.0207537	0.0263048	0.00122579	0.00336351	0.000794009	0.000869568	0.143803	0.1046	0.0741072	0.000575402	0.000683148
34	0.0392579	0.0132309	0.000234013	0.000209953	0.0362498	0.00596771	0.000432577	0.277906	0.000423095	0.334988	0.0900012	0.00123091	0.0012158	0.00112092	0.0003564	0.0089684	0.0219071	0.161439	0.00206843	0.00279172
35	0.468963	0.00254304	0.0032527	0.00260031	0.0036467	0.181447	0.000367247	0.00517206	0.0033553	0.00886979	0.00188351	0.00263921	0.00642089	0.00429995	0.000500675	0.273613	0.0165594	0.0126465	0.000479074	0.000740463
36	0.22392	0.0020144	0.00056982	0.000948298	0.00240026	0.383015	0.000781258	0.00426387	0.002501	0.0087411	0.00235062	0.030401	0.00124095	0.000717462	0.000499085	0.243509	0.0705845	0.0197415	0.00065165	0.00114965
37	0.0821721	0.0720575	0.00543396	0.00615751	0.00929076	0.0122309	0.00433444	0.0177383	0.00299219	0.0176624	0.029797	0.178338	0.0039567	0.0275569	0.00221617	0.180973	0.283552	0.0538472	0.00279304	0.00690022
38	0.0113315	0.00471609	0.00103755	0.000171808	0.015267	0.000823838	0.000210917	0.432441	0.000236151	0.111077	0.015313	0.000576953	0.000215244	0.000482674	0.000215993	0.00439764	0.0100444	0.39009	0.000225363	0.00112669
39	0.0285007	0.000898223	0.000273368	0.000523607	0.00159794	0.909269	0.00353082	0.00417295	0.00233125	0.00847369	0.00160739	0.000658906	0.000390143	0.000721275	0.00250897	0.0247992	0.00262538	0.00608338	0.000425075	0.000608476
40	0.101041	0.00629364	0.00116854	0.00103213	0.0089094	0.0410967	0.000712205	0.159233	0.00145957	0.0221327	0.0256924	0.0298195	0.0105138	0.00293155	0.000991262	0.13725	0.18651	0.259545	0.00136273	0.00230464
41	0.0813662	0.00370418	0.000460881	0.000794501	0.00236211	0.772574	0.00292986	0.00613073	0.00208697	0.00949032	0.00228347	0.00523191	0.00111683	0.00078076	0.00215675	0.0810118	0.0153724	0.00883219	0.000567939	0.000746667
42	0.0532238	0.0248663	0.00873494	0.00717243	0.01365	0.0227154	0.0123914	0.0158374	0.0115981	0.0212656	0.0144324	0.159111	0.0103056	0.0112212	0.00197764	0.299393	0.272441	0.0303052	0.00189576	0.00746094
43	0.0306293	0.0154434	0.000407222	0.000235488	0.0303153	0.0032408	0.000586159	0.35366	0.000377007	0.22384	0.0784529	0.00132102	0.000876886	0.00138669	0.000354219	0.0054185	0.0155504	0.233128	0.00179245	0.00298442
44	0.180318	0.014192	0.000633456	0.00526851	0.0149221	0.0647128	0.00265597	0.123627	0.00151578	0.0349601	0.0180735	0.00413333	0.0033191	0.00357288	0.00106958	0.106659	0.0579829	0.359358	0.00122193	0.00180371
45	0.149368	0.00539302	0.00119616	0.00151589	0.00258499	0.700025	0.00248873	0.00942798	0.00209163	0.00701106	0.00429145	0.00464599	0.00128292	0.00186061	0.0016515	0.0713984	0.0135177	0.0188197	0.000600272	0.00082894
46	0.0897976	0.0132805	0.000742084	0.000846286	0.0424421	0.0131009	0.000922373	0.266339	0.00173161	0.0830639	0.0510836	0.00360287	0.00694333	0.00178093	0.000996073	0.0349107	0.104663	0.277955	0.00186671	0.00393169
47	0.403876	0.0456394	0.000735447	0.00123807	0.00610287	0.0874184	0.000687414	0.032003	0.00165075	0.0219162	0.0254625	0.00506104	0.0252833	0.00178803	0.00276087	0.181443	0.101475	0.0539959	0.000526717	0.000935286
48	0.169923	0.00812023	0.0047489	0.000906493	0.0201379	0.0628622	0.000607599	0.0904599	0.00177906	0.0708433	0.0124523	0.00315214	0.018009	0.00174822	0.000910046	0.0820641	0.25655	0.184535	0.00478531	0.00540488
49	0.409523	0.03338	0.00223991	0.00377415	0.0178912	0.104189	0.0018311	0.0699947	0.00411493	0.0367345	0.023979	0.00373003	0.00517811	0.0053081	0.00237906	0.106039	0.0970761	0.0655722	0.00244553	0.00462086
50	0.0212237	0.0044085	0.00283784	0.000168162	0.0145185	0.0010961	0.00029602	0.454059	0.000250042	0.190343	0.0242424	0.00117406	0.000199445	0.00064306	0.000206377	0.00209914	0.00783593	0.27088	0.000399807	0.00311932
51	0.285966	0.0203207	0.000897305	0.013198	0.0705893	0.0441575	0.104471	0.0112979	0.0412719	0.0456789	0.00373021	0.00162957	0.00161744	0.0436159	0.00142864	0.0991316	0.0988336	0.0976371	0.00127612	0.0132515
52	0.10342	0.0131724	0.000366466	0.000378911	0.0663336	0.0136516	0.000313112	0.157161	0.000482035	0.249807	0.0588996	0.000759505	0.00113251	0.000572187	0.000493014	0.0760526	0.0964871	0.133265	0.00774461	0.0195078
53	0.0523664	0.00161202	0.000538738	0.000412494	0.00229734	0.872624	0.00330766	0.00563267	0.00241269	0.00840874	0.00162178	0.00125945	0.000907596	0.000567541	0.00238776	0.0304769	0.00426568	0.00753543	0.000720458	0.00064478
54	0.0273098	0.000844189	0.000267139	0.000281665	0.00152573	0.911859	0.00360519	0.00394611	0.00251938	0.00832493	0.00126003	0.000545444	0.000373534	0.000588134	0.00295307	0.024856	0.00220072	0.0057076	0.000418973	0.000613705
55	0.0608291	0.00542807	0.00158863	0.00133656	0.0108856	0.0396884	0.00196972	0.0623945	0.00241768	0.131908	0.0754951	0.00338154	0.530548	0.00216868	0.00175184	0.0125537	0.0124706	0.02998	0.0096015	0.00360277
56	0.0395478	0.00161349	0.000476142	0.00031607	0.00207194	0.891722	0.00342734	0.00510772	0.00227516	0.00892859	0.00154305	0.000744759	0.000493964	0.000573693	0.00234837	0.0273404	0.00275982	0.00718466	0.000562456	0.000962789
57	0.405733	0.0277536	0.00291397	0.0035947	0.0362527	0.0494848	0.00197416	0.0163559	0.00443898	0.0161122	0.00907882	0.00566232	0.00678704	0.00599453	0.00436755	0.310423	0.0387277	0.0466398	0.00228839	0.00541746
58	0.0204127	0.00100996	0.00452117	0.0002284	0.00951467	0.00089683	0.000222853	0.473347	0.00031177	0.198187	0.00978727	0.00102384	0.00019837	0.000266527	0.000194205	0.00126285	0.00647057	0.269636	0.000265741	0.00224233
59	0.00860483	0.0140072	0.000371822	0.000361486	0.495162	0.00453086	0.000338256	0.113443	0.000528753	0.160642	0.00860959	0.000622597	0.000517533	0.000556982	0.000393024	0.00243549	0.0123663	0.171403	0.00422021	0.000884229
60	0.0460248	0.0134366	0.00185395	0.00258584	0.13112	0.0219936	0.00530433	0.0554115	0.0158383	0.071707	0.0408285	0.0113951	0.0184304	0.0247388	0.0130543	0.0377352	0.0224176	0.060809	0.238016	0.167299
61	0.0337858	0.0192121	0.000217071	0.000202683	0.0319728	0.00358139	0.000878015	0.356693	0.000400616	0.200348	0.0702429	0.00116744	0.00120612	0.00213404	0.000675912	0.00704346	0.0187257	0.246123	0.00192592	0.00346388
62	0.0897469	0.0277506	0.0012377	0.00142609	0.0648011	0.0179097	0.00189689	0.222623	0.00344445	0.249826	0.0378584	0.00322408	0.0135499	0.00268139	0.00366653	0.0195534	0.0258554	0.151998	0.0432861	0.0176644
63	0.0275059	0.0206582	0.000158662	0.000176976	0.0247161	0.00153446	0.00100083	0.353781	0.000252039	0.190594	0.0790891	0.00101422	0.000214494	0.00258918	0.00023487	0.00461082	0.0146168	0.274926	0.000241313	0.0020856
64	0.304589	0.0309755	0.000448886	0.000631546	0.00656724	0.033571	0.000601245	0.104231	0.00182458	0.0256543	0.0317296	0.00368687	0.00559338	0.00133863	0.000567493	0.178599	0.150864	0.117144	0.000568181	0.000814363
65	0.452998	0.01385	0.00389502	0.000982388	0.00528195	0.342195	0.00042834	0.0376261	0.00062616	0.00628112	0.0056229	0.00073161	0.00413189	0.000605196	0.000618925	0.0724629	0.00718057	0.0432836	0.000521005	0.000677095
66	0.013208	0.01923	0.000331809	0.000404439	0.33946	0.00391195	0.000393673	0.232966	0.000546306	0.283596	0.00220761	0.000667157	0.000489476	0.000491158	0.00041824	0.00248528	0.009258	0.0884116	0.000790534	0.000732709
67	0.01027	0.014028	0.000389219	0.000341255	0.418797	0.0064914	0.000313356	0.160563	0.000460126	0.222622	0.00533166	0.000527987	0.000461814	0.000493406	0.000340403	0.00210275	0.00945761	0.144152	0.0022986	0.000559486
68	0.31526	0.0520661	0.00128795	0.00241732	0.0190248	0.17155	0.00102846	0.0475293	0.00327187	0.0375124	0.0270713	0.00549653	0.00480036	0.00274345	0.0019539	0.125673	0.118866	0.05804	0.00168961	0.00271817
69	0.0828216	0.0269736	0.0016035	0.00152569	0.029517	0.026759	0.00151178	0.0731354	0.00720459	0.0604034	0.434407	0.00921707	0.00233155	0.0325005	0.00184317	0.0802609	0.0599612	0.0518704	0.00219686	0.0139561
70	0.30333	0.045444	0.000473791	0.000653825	0.0126972	0.0915852	0.00047136	0.0951186	0.00159713	0.0438446	0.0359745	0.00262309	0.00507761	0.00124415	0.000551889	0.145215	0.128404	0.0838858	0.000688206	0.0011206
71	0.0823269	0.0153508	0.000371469	0.000557954	0.0624568	0.0150324	0.000398951	0.268961	0.000661643	0.164539	0.0429599	0.000825524	0.00727976	0.000940103	0.000622021	0.0495019	0.0884614	0.18633	0.00444006	0.00798195
72	0.0481192	0.00084465	0.028453	0.0371079	0.00977422	0.00881604	0.0214266	0.0287206	0.317733	0.0189111	0.0129945	0.0421546	0.00161664	0.0872089	0.197302	0.046257	0.0554345	0.0280907	0.00447424	0.00455952
73	0.0385702	0.0148177	0.000630489	0.000726602	0.34169	0.00276579	0.00606883	0.00648567	0.0009257	0.00413999	0.0374381	0.00113774	0.000867924	0.000899063	0.000801099	0.0113544	0.0275819	0.012836	0.00969016	0.480573
74	0.339921	0.0671604	0.000811593	0.00322708	0.00757639	0.0967174	0.000390609	0.0153952	0.00108154	0.0100447	0.0117398	0.0060885	0.00345175	0.00191078	0.000605915	0.277856	0.07657	0.0779737	0.000597999	0.000879476
75	0.135588	0.0150909	0.0729859	0.0792328	0.00721992	0.0851022	0.0109853	0.0215403	0.0105429	0.0202242	0.00856062	0.0583233	0.0170508	0.0232711	0.00555786	0.246228	0.139778	0.0343234	0.00179449	0.00659972
76	0.149159	0.151427	0.00154023	0.00182322	0.00838956	0.110895	0.00143705	0.120683	0.00235755	0.0130325	0.00657102	0.0197185	0.00221708	0.00227678	0.00174464	0.137277	0.0570735	0.207837	0.00180512	0.0027363
77	0.0853253	0.015178	0.000703489	0.000815542	0.0722368	0.00809894	0.000909293	0.113558	0.00118806	0.215889	0.0441919	0.00125676	0.00156205	0.00137023	0.000928501	0.0483266	0.116281	0.180051	0.00413801	0.0879917
78	0.0538476	0.0326466	0.000656043	0.00176037	0.0425873	0.0120962	0.000957085	0.140057	0.00138644	0.441944	0.104235	0.00134388	0.00216445	0.00360878	0.00273595	0.0172015	0.0230548	0.110808	0.00272776	0.0041809
79	0.331164	0.00280307	0.00132367	0.00138188	0.00261627	0.319119	0.000537175	0.00513909	0.00318682	0.00956735	0.0018522	0.0141745	0.0027429	0.00126429	0.000427847	0.249439	0.0365768	0.0152101	0.000554442	0.000920292
80	0.0388571	0.0209115	0.000746936	0.000721568	0.0244952	0.00391865	0.00893791	0.348972	0.00118414	0.161868	0.0538546	0.00152841	0.00187002	0.0311179	0.00106035	0.0185735	0.0282779	0.247525	0.00145695	0.00412334
81	0.0385628	0.000815467	0.0298345	0.0299211	0.00878239	0.00612963	0.0302102	0.0231948	0.349779	0.0277846	0.0143331	0.0473319	0.00161485	0.07608	0.19001	0.0358558	0.0453376	0.0259278	0.00496025	0.0135339
82	0.0246025	0.0114158	0.000405405	0.000459345	0.38186	0.00226846	0.00677388	0.00424369	0.000755271	0.00409253	0.0239366	0.000867095	0.000753124	0.000826885	0.000579039	0.010791	0.0262608	0.00586649	0.012646	0.480597
83	0.0463136	0.00660375	0.0119547	0.015851	0.014372	0.0377208	0.0102925	0.0273591	0.173569	0.043297	0.0132303	0.0251759	0.00304207	0.0704269	0.334683	0.0612204	0.0375149	0.047588	0.00633832	0.0134469
84	0.0220905	0.00297025	0.0130617	0.19343	0.00539393	0.0449802	0.00099621	0.055392	0.059634	0.00753569	0.0159351	0.00207736	0.0129326	0.0777117	0.0698133	0.0606297	0.206806	0.144958	0.00141194	0.00223922
85	0.290365	0.0576406	0.00230224	0.0024446	0.0181041	0.0335282	0.00246747	0.0282726	0.0061195	0.0256914	0.0177302	0.00770904	0.142312	0.00512796	0.040134	0.115994	0.119961	0.0750762	0.00376084	0.00525932
86	0.0589066	0.0205148	0.00106016	0.00113437	0.0988936	0.0108256	0.00285419	0.0650023	0.0293101	0.0480179	0.323199	0.0257043	0.00133583	0.0330849	0.0078892	0.0611702	0.0588388	0.0792269	0.0180089	0.0550226
87	0.100725	0.0111526	0.00153006	0.0217006	0.157662	0.0272095	0.061343	0.0376162	0.00292913	0.0130934	0.0133261	0.0225012	0.00209483	0.00309114	0.0214529	0.0316656	0.0626707	0.0704151	0.00243081	0.335389
88	0.11042	0.0278453	0.00127024	0.00633824	0.175903	0.0108824	0.0166524	0.0298397	0.00201379	0.00999592	0.0365053	0.00684549	0.00186487	0.00183488	0.00637284	0.016858	0.0543038	0.0710146	0.00300904	0.410231
89	0.014793	0.0238909	0.000448649	0.0113091	0.0390223	0.00276065	0.00529599	0.0833275	0.00539649	0.479425	0.18893	0.000706301	0.000659194	0.0212398	0.0206031	0.0200871	0.0240157	0.0386721	0.0120728	0.00734415
90	0.0475791	0.000500985	0.0298167	0.0394752	0.00926122	0.00688877	0.0216951	0.0297248	0.323053	0.0170552	0.0118624	0.0411013	0.00163202	0.0891961	0.193345	0.0451562	0.0581946	0.0275246	0.00383758	0.00310054
91	0.0191282	0.0024514	0.0534896	0.0101396	0.0126947	0.00477855	0.0442753	0.0122678	0.287058	0.0482493	0.0228618	0.117913	0.00120343	0.0487617	0.21151	0.0224154	0.0187453	0.0224181	0.00317986	0.036459
92	0.376943	0.0151143	0.00321301	0.00823306	0.0518047	0.154313	0.00429647	0.0294872	0.0422118	0.0275143	0.0143545	0.00695813	0.0463579	0.0109585	0.0400041	0.0450782	0.0352148	0.075838	0.0051733	0.00693238
93	0.0115772	0.0102104	0.000344006	0.000302061	0.171858	0.00203772	0.000340667	0.104292	0.000440985	0.510942	0.0921942	0.000649315	0.000462084	0.00061581	0.000597051	0.00551719	0.0201819	0.0419156	0.00448317	0.0210393
94	0.136172	0.0197604	0.000266998	0.000352711	0.108989	0.00868427	0.000524587	0.127352	0.00169794	0.388825	0.0638247	0.000710932	0.00309669	0.000552163	0.000864611	0.00762606	0.00882356	0.106454	0.00933081	0.00609222
95	0.0304892	0.0182165	0.00114806	0.00121156	0.475271	0.029436	0.00138619	0.0962723	0.0154885	0.0704492	0.00699353	0.00206253	0.0026262	0.00166117	0.00137573	0.0195905	0.00923091	0.0835743	0.0027969	0.130719
96	0.503964	0.0884434	0.000940963	0.000751528	0.00737958	0.0329337	0.000654414	0.0171651	0.000876992	0.0163711	0.00963809	0.00211735	0.0120428	0.00119935	0.00210905	0.201609	0.0603827	0.0393389	0.000975451	0.00110632
97	0.0818691	0.00768991	0.000411559	0.000330838	0.16094	0.0361137	0.000374268	0.213182	0.000471146	0.203745	0.0204844	0.000662957	0.00065741	0.000615938	0.000464066	0.00390709	0.00697583	0.255896	0.00191256	0.0032972
98	0.269379	0.0666949	0.000437216	0.00755078	0.115223	0.107794	0.000531089	0.0445668	0.00102274	0.132188	0.0268991	0.000990535	0.000747708	0.00101648	0.000614341	0.0972801	0.0493983	0.0457384	0.0160108	0.015917
99	0.323442	0.0373642	0.000392748	0.000387998	0.0243	0.0775119	0.000360369	0.044248	0.00729521	0.0459516	0.0581141	0.00160768	0.0031807	0.00283093	0.000655362	0.0986245	0.202004	0.070288	0.000597465	0.000842225
100	0.198783	0.0125283	0.000236331	0.000301155	0.0273509	0.0691941	0.000277599	0.13726	0.000499023	0.100122	0.0515656	0.000547714	0.000378406	0.000409897	0.000291031	0.0474711	0.0445246	0.306562	0.00108998	0.000606565
101	0.0579328	0.0116491	0.000165912	0.000125834	0.0809952	0.0142059	0.00016375	0.338368	0.000233782	0.218725	0.0405296	0.00149986	0.00344007	0.000253424	0.000209879	0.0112636	0.031741	0.183354	0.00354863	0.00159411
102	0.220243	0.059453	0.000923438	0.00458125	0.0373352	0.060426	0.021743	0.0470181	0.0299612	0.0573795	0.0177421	0.00316954	0.00321982	0.0387243	0.00172217	0.13788	0.156728	0.0949625	0.00174277	0.00504528
103	0.279647	0.0651455	0.000415034	0.0144993	0.0679626	0.110174	0.000473909	0.0509909	0.000936913	0.118341	0.0299764	0.000881472	0.0006582	0.000928701	0.000678929	0.113861	0.0568989	0.0499844	0.0170568	0.020489
104	0.017887	0.0100542	0.00038476	0.000511234	0.166837	0.00369252	0.000538104	0.113198	0.000642024	0.47261	0.0916895	0.000834534	0.000609795	0.000882433	0.00102976	0.0104935	0.0273142	0.0476636	0.00746449	0.0256632
105	0.22921	0.0597826	0.00113829	0.00126398	0.0189374	0.179492	0.000757385	0.104663	0.00208304	0.0517695	0.0255632	0.00313073	0.00401474	0.00201971	0.00110111	0.108564	0.1284	0.074976	0.00134669	0.00178521
106	0.16314	0.00477844	0.00888811	0.00312381	0.0200777	0.072752	0.000662197	0.0954255	0.00280588	0.0658969	0.00582948	0.00312587	0.0259412	0.00285218	0.00101951	0.0566794	0.249852	0.205017	0.00572973	0.00640359
107	0.33464	0.0399302	0.00673916	0.0312186	0.017969	0.167591	0.00285028	0.0251751	0.0088562	0.0285441	0.0122771	0.00981024	0.00336762	0.0128197	0.00563151	0.190623	0.0461304	0.0456316	0.00407704	0.00611857
108	0.186676	0.0688591	0.0295374	0.00256296	0.0378151	0.0926572	0.0026452	0.0812416	0.00426165	0.0195885	0.0100808	0.262544	0.0315166	0.00374299	0.00328886	0.0752741	0.054457	0.0261724	0.00275467	0.00432344
109	0.159497	0.00363266	0.0050538	0.000778421	0.0131763	0.0543241	0.000698771	0.0964681	0.00108897	0.0599262	0.00453039	0.00235129	0.0263508	0.0011527	0.000822393	0.0610569	0.252595	0.238156	0.00918248	0.0091581
110	0.0790945	0.00675863	0.125933	0.0523336	0.0112412	0.0461239	0.0330203	0.024837	0.0783728	0.0283951	0.0117968	0.033328	0.0357022	0.205723	0.0472168	0.066385	0.0635915	0.0292334	0.00453337	0.0163804
111	0.123889	0.00440595	0.0006436	0.000436331	0.0117188	0.0446483	0.000394744	0.0944266	0.000780513	0.0225639	0.0160512	0.0151596	0.018053	0.00260045	0.000579948	0.233197	0.181344	0.227142	0.000770689	0.00119448
112	0.0423369	0.00561127	0.00160473	0.0275464	0.0313898	0.00831256	0.0320286	0.0132769	0.0829675	0.0576545	0.00755388	0.475801	0.00308379	0.00276556	0.00267496	0.0846185	0.0240895	0.0370302	0.00280271	0.056851
113	0.224418	0.0225899	0.00795789	0.0388558	0.00353426	0.0652253	0.000600212	0.0210801	0.00232407	0.0109757	0.0072831	0.0369479	0.0014928	0.00661041	0.00121053	0.383792	0.120836	0.038495	0.000821028	0.0049499
114	0.0271106	0.0141945	0.00078219	0.000126716	0.0206759	0.00156583	0.000684806	0.390915	0.000219749	0.18399	0.0613775	0.00128231	0.000181337	0.0016884	0.000192242	0.00378876	0.0137924	0.274969	0.000310568	0.0021524
115	0.329351	0.0174217	0.000685535	0.000797779	0.00474175	0.0130052	0.000831955	0.0108781	0.0106835	0.023186	0.00747597	0.00195721	0.00154967	0.00210461	0.001234	0.255544	0.183599	0.132252	0.00108497	0.00161601
116	0.123723	0.00553236	0.000707531	0.000403672	0.00801323	0.0456342	0.000418008	0.101508	0.000680724	0.0291183	0.0209253	0.0127838	0.0213904	0.00221603	0.000587804	0.227061	0.193567	0.20369	0.000800798	0.00123875
117	0.40654	0.0121204	0.00676516	0.000994466	0.00535328	0.376535	0.000598761	0.0417056	0.00112687	0.00747385	0.00865057	0.00103849	0.00376224	0.000771102	0.00087763	0.0685001	0.00752307	0.0480953	0.000650365	0.000917691
118	0.0982943	0.00799476	0.000109333	7.12973e-05	0.0555315	0.0506569	8.3239e-05	0.295411	0.000131356	0.185611	0.00887388	0.000166675	0.000133924	0.000115575	0.000109245	0.00953264	0.0292947	0.253526	0.00182143	0.00253181
119	0.0986623	0.0080071	0.000110662	7.70051e-05	0.0558472	0.0502468	8.50927e-05	0.29421	0.000138355	0.184458	0.00877086	0.000172063	0.000137254	0.000116308	0.00010953	0.00955024	0.0299166	0.255072	0.00180565	0.00250758
120	0.034463	0.0144703	0.000167846	0.000199278	0.0347841	0.00787013	0.000212962	0.132047	0.000291157	0.499392	0.118527	0.000377328	0.000983885	0.000524691	0.000326617	0.0128517	0.0274556	0.109925	0.000649816	0.00448124
121	0.354749	0.0303142	0.000374112	0.000310778	0.024852	0.0606224	0.000407407	0.0438409	0.00513857	0.0382247	0.061185	0.001454	0.00294634	0.00209464	0.000679473	0.0984407	0.197001	0.0761202	0.000477344	0.000767103
122	0.0982943	0.00799476	0.000109333	7.12973e-05	0.0555315	0.0506569	8.3239e-05	0.295411	0.000131356	0.185611	0.00887388	0.000166675	0.000133924	0.000115575	0.000109245	0.00953264	0.0292947	0.253526	0.00182143	0.00253181
123	0.0436432	0.0209344	0.000105567	0.000101101	0.0524811	0.0177988	0.000137298	0.117106	0.000212413	0.531442	0.0635106	0.00025299	0.00168569	0.000287177	0.000194304	0.0197875	0.0249651	0.103532	0.000521899	0.00130062
124	0.152552	0.023113	0.00100433	0.00122314	0.0360336	0.0362108	0.000930095	0.162915	0.00102391	0.080949	0.0114841	0.00136784	0.00274295	0.00147687	0.000636897	0.0167567	0.136847	0.329197	0.00181975	0.00171655
125	0.325866	0.0263991	0.000690088	0.0040844	0.101343	0.14883	0.000798453	0.0460724	0.00138143	0.124297	0.032105	0.00109202	0.00120657	0.00103348	0.000921778	0.061453	0.0404229	0.0413371	0.0066527	0.0340135
126	0.182064	0.030779	0.000211629	0.000279478	0.0562401	0.0153943	0.000307202	0.17475	0.000935181	0.290727	0.0530053	0.000606133	0.0107091	0.000487335	0.000568412	0.0158098	0.00656288	0.151611	0.00281466	0.00613675
127	0.0720074	0.00984483	0.000603556	0.000553363	0.0165574	0.00581536	0.000661164	0.307368	0.00102757	0.0482764	0.0303447	0.00334067	0.00461934	0.00137557	0.000648519	0.0294864	0.0754871	0.388333	0.00102183	0.00262779
128	0.0524609	0.0247854	0.000339269	0.000383148	0.0170735	0.0106622	0.000800529	0.342495	0.000703641	0.142668	0.0246358	0.00103686	0.00905676	0.00186647	0.000480695	0.0470769	0.104258	0.213658	0.000730071	0.00482954
129	0.0496659	0.0139744	0.000188206	0.000183673	0.0989488	0.0037154	0.0002179	0.323019	0.00240353	0.155927	0.0276414	0.000355793	0.0137951	0.00284435	0.00848892	0.0133026	0.00759909	0.214003	0.0257719	0.037954
130	0.0460873	0.00923496	0.00265596	0.00486597	0.0154585	0.531067	0.00562883	0.0256299	0.0516803	0.110716	0.0144789	0.0089804	0.00437281	0.00813387	0.0263767	0.0700822	0.0227226	0.0322323	0.00363093	0.00596452
131	0.0297358	0.00281261	0.00105316	0.00176716	0.00481115	0.636437	0.00855102	0.00805409	0.0828645	0.0158041	0.00359784	0.015178	0.00116299	0.00567427	0.115984	0.0418502	0.00891203	0.0120638	0.00156498	0.00212126
132	0.0262044	0.00759506	0.00120548	0.000146626	0.0309344	0.00327161	0.000320555	0.414182	0.00021249	0.211448	0.0421119	0.00315095	0.00015991	0.000761425	0.00013897	0.00199411	0.00941488	0.243281	0.00153466	0.00193104
133	0.0410918	0.00069078	0.0243264	0.0371499	0.00845383	0.00893273	0.0217433	0.0244809	0.36535	0.0160194	0.010644	0.0388683	0.00266864	0.0906765	0.180722	0.0406286	0.0570885	0.0233621	0.0036127	0.00348969
134	0.0674714	0.00480605	0.00905459	0.0143816	0.0211224	0.0366174	0.00741169	0.0263559	0.169863	0.0300244	0.00886893	0.0340114	0.001685	0.0597374	0.284652	0.132136	0.0374836	0.0368651	0.0104464	0.00700591
135	0.0312807	0.00630047	0.0010644	0.000120621	0.0429444	0.00525625	0.00017558	0.429039	0.000191904	0.233872	0.0337085	0.00231277	0.000190914	0.000312763	0.000154702	0.00202448	0.0102916	0.195628	0.00354937	0.0015819
136	0.387428	0.00223798	0.00237716	0.00214044	0.00270024	0.248097	0.000354019	0.00407092	0.00463747	0.0124137	0.00179713	0.00799428	0.00448659	0.0027734	0.00050368	0.269046	0.0313352	0.0144555	0.000456259	0.000695498
137	0.0475791	0.000500985	0.0298167	0.0394752	0.00926122	0.00688877	0.0216951	0.0297248	0.323053	0.0170552	0.0118624	0.0411013	0.00163202	0.0891961	0.193345	0.0451562	0.0581946	0.0275246	0.00383758	0.00310054
138	0.116359	0.0127712	0.000547948	0.000879658	0.110563	0.0177693	0.000746353	0.230759	0.000905468	0.106352	0.0255754	0.00112653	0.00602617	0.00106157	0.000600284	0.0154372	0.0839241	0.265382	0.00143252	0.00178055
139	0.255406	0.147052	0.000598442	0.000969953	0.0218488	0.014773	0.000733805	0.0282159	0.00108418	0.0132307	0.030413	0.00206018	0.00270754	0.00106243	0.00149312	0.261872	0.163087	0.0508566	0.001044	0.00149143
140	0.0289836	0.0125954	0.000188036	0.000224157	0.0360539	0.00292604	0.00050413	0.30724	0.000286444	0.275001	0.0930773	0.00122065	0.000342171	0.00129194	0.000284984	0.00391697	0.0134469	0.218649	0.00122144	0.00254657
141	0.0377309	0.0112079	0.000622127	0.000223594	0.0225385	0.00563463	0.000623928	0.376886	0.000345645	0.141262	0.0373098	0.00105455	0.00184691	0.00157679	0.000284761	0.00983124	0.0289585	0.319624	0.00049378	0.00194457
142	0.0357694	0.00430329	0.00137828	0.0016163	0.00506995	0.0413879	0.00179914	0.0639985	0.00119648	0.111182	0.0477921	0.00176789	0.619217	0.00201625	0.00267683	0.00842377	0.00899499	0.0286943	0.00987643	0.00283916
143	0.10424	0.0019812	0.000331393	0.000413335	0.410238	0.029701	0.000345708	0.127291	0.000582355	0.131056	0.0209969	0.000665153	0.0101389	0.000600112	0.000495248	0.0115146	0.0383071	0.103797	0.00643412	0.000870587
144	0.161255	0.0100434	0.00246281	0.00284765	0.0819087	0.0267361	0.00243693	0.146351	0.0722959	0.138109	0.125599	0.00724609	0.00499381	0.00734202	0.00690928	0.0244307	0.0316426	0.113383	0.0125257	0.021481
145	0.34791	0.0589215	0.000473148	0.000827346	0.0109872	0.0945383	0.000418701	0.0817855	0.00130706	0.0402592	0.0284379	0.00260055	0.00487876	0.00110617	0.000607145	0.14955	0.113255	0.0601966	0.000833426	0.00110675
146	0.0982943	0.00799476	0.000109333	7.12973e-05	0.0555315	0.0506569	8.3239e-05	0.295411	0.000131356	0.185611	0.00887388	0.000166675	0.000133924	0.000115575	0.000109245	0.00953264	0.0292947	0.253526	0.00182143	0.00253181
147	0.110732	0.00188023	0.000607823	0.000595207	0.263293	0.0491793	0.000528133	0.168923	0.000866495	0.222267	0.00555807	0.00115063	0.00217114	0.000929249	0.000637589	0.0471872	0.015998	0.0973582	0.00885979	0.00127679
148	0.0264172	0.0115212	0.000547309	0.000906716	0.352256	0.00348254	0.0065008	0.0128546	0.00103432	0.0217175	0.0231575	0.00113003	0.000779207	0.000990136	0.00180121	0.011573	0.0249213	0.0104619	0.0162916	0.471655
149	0.0291835	0.0137347	0.000347222	0.000133221	0.0444873	0.00348887	0.000509963	0.401085	0.00016141	0.191544	0.0513009	0.00179259	0.000359703	0.00138054	0.000145646	0.00312997	0.0126446	0.241271	0.00175839	0.00154233
150	0.0973663	0.00949718	0.000160179	0.000102469	0.0512504	0.0571043	0.000107262	0.288025	0.000223631	0.189003	0.00807973	0.000235294	0.000227834	0.000170226	0.000159216	0.011015	0.031875	0.249814	0.00282781	0.00275614
151	0.251122	0.0616797	0.000504767	0.00372585	0.0477117	0.174432	0.000354194	0.0737267	0.00133638	0.0852838	0.028998	0.00117608	0.0011978	0.00086643	0.000526744	0.110767	0.0857838	0.0578008	0.00583446	0.00717181
152	0.348509	0.112042	0.000409262	0.000733724	0.016655	0.123838	0.000410241	0.0215903	0.000600572	0.00959203	0.0051538	0.00648181	0.00249342	0.000716641	0.000669139	0.257216	0.0446401	0.0467871	0.000629498	0.000832587
153	0.0436432	0.0209344	0.000105567	0.000101101	0.0524811	0.0177988	0.000137298	0.117106	0.000212413	0.531442	0.0635106	0.00025299	0.00168569	0.000287177	0.000194304	0.0197875	0.0249651	0.103532	0.000521899	0.00130062
154	0.11469	0.00243675	0.000618429	0.000652614	0.0276788	0.0770189	0.000706093	0.301048	0.00111331	0.10542	0.00427317	0.000979632	0.000923439	0.00110293	0.000889987	0.0541985	0.0238352	0.196522	0.0449665	0.0409265
155	0.00988776	0.0078732	0.000242016	0.000201801	0.0131981	0.00104447	0.000247201	0.442577	0.000338916	0.0600231	0.0121223	0.000414405	0.00031905	0.000532528	0.000297455	0.00700783	0.0127325	0.430156	0.000295282	0.000488826
156	0.02812	0.00820687	0.000164163	0.0002135	0.039964	0.00814857	0.000219989	0.365676	0.000273305	0.364431	0.0345572	0.00215956	0.000246787	0.000307406	0.000563645	0.00324409	0.00990594	0.123694	0.00862659	0.00127735
157	0.112604	0.00802682	0.000163596	0.000158175	0.0859638	0.0516974	0.00017653	0.266977	0.000709514	0.184013	0.0133021	0.000329291	0.000335099	0.000222882	0.000365363	0.00672323	0.0180689	0.240694	0.00355895	0.00590994
158	0.0204127	0.00100996	0.00452117	0.0002284	0.00951467	0.00089683	0.000222853	0.473347	0.00031177	0.198187	0.00978727	0.00102384	0.00019837	0.000266527	0.000194205	0.00126285	0.00647057	0.269636	0.000265741	0.00224233
159	0.0301742	0.00260875	0.000708597	0.000820239	0.00375605	0.0444435	0.000795694	0.0698289	0.00108091	0.122557	0.0531893	0.00129282	0.619446	0.00122355	0.0010348	0.00525504	0.00463894	0.025767	0.00986814	0.00151025
160	0.148421	0.00120003	0.0519307	0.0958683	0.00218146	0.109725	0.0975927	0.00721902	0.00548076	0.010297	0.00151668	0.022936	0.139946	0.0872394	0.0105343	0.139788	0.031419	0.0190116	0.000553754	0.01714
161	0.19348	0.00675409	0.000785615	0.000536885	0.00734644	0.0443012	0.000543789	0.0829292	0.00128035	0.0276707	0.0152457	0.00997934	0.0130911	0.00217918	0.000672627	0.198205	0.17224	0.219952	0.00121678	0.00158915
162	0.0129033	0.0179828	0.00035586	0.000380719	0.337469	0.00377147	0.000394776	0.242676	0.000568728	0.291659	0.00155802	0.000668638	0.000555085	0.000590533	0.000428325	0.0026065	0.00815621	0.0758751	0.000602132	0.000797862
163	0.239358	0.0063451	0.00566835	0.0757414	0.00787997	0.14451	0.015327	0.00832115	0.0778279	0.0185817	0.0343644	0.0132917	0.000907436	0.111497	0.0471948	0.096855	0.0132451	0.0615675	0.0109966	0.010519
164	0.0405105	0.00230241	0.0255745	0.0712505	0.00450842	0.0111221	0.00840244	0.0136829	0.00133531	0.426506	0.0911741	0.0254903	0.000707813	0.0412729	0.0329193	0.0541468	0.0992909	0.0392474	0.00103824	0.0095167
165	0.0143582	0.0105455	0.00040845	0.000556735	0.00771271	0.00209475	0.000452596	0.58674	0.000602453	0.0313599	0.0208947	0.00084002	0.000716575	0.000883725	0.000660153	0.0065958	0.00933597	0.303673	0.000681196	0.000887669
166	0.0085407	0.014828	0.000404911	0.000364987	0.518666	0.0040542	0.000341738	0.101146	0.00051666	0.135597	0.0101115	0.000659962	0.000515768	0.000571665	0.000416601	0.00261098	0.0142677	0.180207	0.0051121	0.00106683
167	0.443729	0.00443411	0.0129182	0.00598684	0.00623367	0.0942097	0.00775925	0.00899335	0.0024559	0.00903219	0.00379254	0.002755	0.0413023	0.0308296	0.00342203	0.283739	0.0177927	0.0173266	0.000979412	0.00230919
168	0.197023	0.0121297	0.000278976	0.000343084	0.0288339	0.070353	0.000283137	0.135523	0.000551867	0.0992509	0.054033	0.000576713	0.000392464	0.000507544	0.000307239	0.0473634	0.0436537	0.306782	0.00110831	0.000705061
169	0.239861	0.00186813	0.00119862	0.0347301	0.0367654	0.103633	0.000707175	0.0670789	0.0231362	0.0639258	0.0107548	0.00926248	0.00980149	0.0212283	0.000874897	0.0056024	0.172521	0.194643	0.00125964	0.0011478
170	0.22008	0.00620688	0.00135487	0.00443971	0.00281451	0.349341	0.000786212	0.00568011	0.00237537	0.00875337	0.00337775	0.0323554	0.00144253	0.00122897	0.000659331	0.256147	0.0769641	0.0239235	0.000663473	0.00140682
171	0.225887	0.00782338	0.00189566	0.000683537	0.00336535	0.636563	0.00199406	0.0139773	0.00119697	0.0074439	0.00339791	0.00138113	0.00214482	0.000690608	0.000718794	0.0585201	0.00810907	0.0228621	0.000466287	0.000878511
172	0.10688	0.00217448	0.000331415	0.000439571	0.40788	0.0290995	0.000407869	0.124366	0.00061818	0.129539	0.0199662	0.000708609	0.00925386	0.000564241	0.000443564	0.0108452	0.0387079	0.110489	0.00587952	0.00140519
173	0.199142	0.012511	0.000242394	0.000308479	0.0273654	0.069241	0.000276548	0.137078	0.000496957	0.10024	0.0515151	0.000549483	0.000378746	0.000409159	0.000293215	0.0474007	0.0443948	0.30646	0.00109044	0.000607302
174	0.0446697	0.00899955	0.00125373	0.00225463	0.0245529	0.559686	0.0027986	0.0810324	0.00568537	0.124767	0.0139298	0.00350805	0.0148505	0.00209185	0.00312242	0.0280385	0.0178782	0.0535056	0.00350704	0.00386775
175	0.232205	0.0167909	0.000552563	0.000775001	0.0491458	0.0267797	0.0164915	0.0479883	0.00112047	0.0260985	0.0177953	0.0141623	0.00107899	0.0311471	0.0508853	0.240319	0.0582087	0.0529522	0.0327712	0.0827318
176	0.0460948	0.00429135	0.000740113	0.000839199	0.154987	0.00900262	0.00956632	0.033182	0.0683709	0.0510989	0.0975351	0.0426415	0.00116959	0.0472121	0.0397343	0.0646866	0.0306078	0.0725624	0.098406	0.127272
177	0.027167	0.000838699	0.000267142	0.000283408	0.00151924	0.91337	0.00355687	0.00394797	0.00211805	0.00831733	0.00126768	0.000477409	0.000350852	0.000586026	0.00239741	0.0246576	0.00212768	0.00571606	0.00041801	0.000615497
178	0.08696	0.0158399	0.000191094	0.000241932	0.0968509	0.00378322	0.00021035	0.325532	0.000332723	0.10413	0.0607005	0.00038746	0.0139558	0.00040405	0.000220905	0.0263321	0.0722862	0.190132	0.00052244	0.00098636
179	0.219768	0.00591496	0.00166611	0.0247394	0.031763	0.0367048	0.00201851	0.0155526	0.0978598	0.0485881	0.00682075	0.0494084	0.00241432	0.00792666	0.0320882	0.345194	0.0434677	0.0192408	0.00479482	0.00406975
180	0.0543792	0.00885732	0.00575234	0.01203	0.0131627	0.0680535	0.00733277	0.0256793	0.120608	0.052018	0.0139728	0.0163413	0.00504265	0.0651165	0.357599	0.0677339	0.0307284	0.0551633	0.00569028	0.0147387
181	0.180671	0.00342852	0.00108184	0.00105182	0.00272815	0.56646	0.00187773	0.00510829	0.00184855	0.00667654	0.00237447	0.0132432	0.00219164	0.00132854	0.0011883	0.161561	0.0314217	0.0142183	0.00057231	0.000968493
182	0.0308475	0.0208508	0.000198044	0.000192337	0.0243323	0.00248678	0.000957634	0.367677	0.000234693	0.193654	0.0678332	0.00110205	0.000604656	0.00259661	0.000215233	0.00686119	0.0204249	0.255975	0.000739364	0.00221782
183	0.0612881	0.0150855	0.00117234	0.00184684	0.265149	0.00749511	0.00725246	0.0206499	0.00986183	0.0190326	0.0739693	0.007957	0.00117395	0.00885871	0.00731014	0.0340596	0.0306068	0.0339251	0.0202095	0.373096
184	0.300647	0.0207074	0.00121685	0.00341836	0.00866317	0.0266657	0.000575755	0.0208964	0.00622394	0.0312955	0.0181586	0.00618762	0.00334105	0.00337191	0.00110181	0.249142	0.202187	0.0929244	0.00107569	0.00219991
185	0.0308428	0.00618131	0.0102671	0.00288897	0.0148698	0.0407331	0.0293799	0.00930618	0.0200266	0.01029	0.00619122	0.0801506	0.0284766	0.00331066	0.00128752	0.478042	0.206559	0.0164169	0.00138678	0.00339288
186	0.0624759	0.00296226	0.39787	0.0911353	0.00507143	0.0582736	0.00171175	0.0184799	0.0324087	0.0173256	0.00430661	0.0592237	0.0125823	0.0409007	0.00887964	0.0657899	0.0999303	0.0168991	0.00176001	0.00201395
187	0.499494	0.0538018	0.000784276	0.00080128	0.00580794	0.0573234	0.000484368	0.0658058	0.000873169	0.0147342	0.0142846	0.00181882	0.00457959	0.00120581	0.000878582	0.166226	0.0582424	0.0512472	0.000625211	0.00098168
188	0.0319204	0.000916374	0.000266562	0.000314393	0.00151764	0.899496	0.00345358	0.00403859	0.00189353	0.00759056	0.00134856	0.00152547	0.000417777	0.000550487	0.00222483	0.0307329	0.00444765	0.00627016	0.000441616	0.000633023
