226	20
1	0.028923	0.0020538	0.000155792	0.000135265	0.0892703	0.00685243	0.00428703	0.122978	0.00162513	0.503659	0.064757	0.00186984	0.0025158	0.00648606	0.0032018	0.0143119	0.0205432	0.0946738	0.0155774	0.0161231
2	0.0193918	0.00203243	0.000425115	0.000294923	0.0880842	0.0049517	0.00235181	0.131562	0.000942365	0.541886	0.0786221	0.00323603	0.00205388	0.00354379	0.00199203	0.00836155	0.0144882	0.0775327	0.0080386	0.0102093
3	0.626662	0.00696066	0.00337303	0.000437816	0.00228029	0.0141721	0.000655567	0.0056922	0.000344782	0.00618173	0.00518552	0.000789954	0.000677399	0.000785348	0.000413179	0.227108	0.0459866	0.0512201	0.000414682	0.000658298
4	0.171754	0.0149545	0.000122885	9.21925e-05	0.0365168	0.0418156	0.000163715	0.185359	0.000126085	0.193942	0.0290537	0.000246117	0.00472284	0.00103376	0.00193248	0.0263296	0.0604702	0.22752	0.00235262	0.00149182
5	0.382453	0.0327229	0.00107382	0.000383298	0.0096636	0.0499823	0.00103586	0.0704605	0.000358487	0.0312252	0.0151251	0.00404144	0.00443736	0.00303264	0.000530224	0.138336	0.134857	0.119029	0.000581841	0.000671633
6	0.290997	0.0650549	0.002205	0.00172808	0.0066466	0.0726218	0.00158338	0.0405904	0.00056923	0.0239419	0.00966929	0.00880575	0.00872867	0.00384195	0.00135836	0.217694	0.171957	0.0705056	0.000651148	0.000849854
7	0.120685	0.0079125	0.00024744	0.000185659	0.00390841	0.77617	0.000309165	0.00596801	0.000242529	0.00421545	0.00184865	0.00711327	0.00480406	0.000513977	0.000315604	0.0473801	0.00851628	0.0088751	0.000357528	0.000431418
8	0.121271	0.000832701	0.000165686	0.000150247	0.10924	0.0134914	0.00028649	0.173566	0.000175234	0.294246	0.0580487	0.000340213	0.000547615	0.000389526	0.000238459	0.00639779	0.0208608	0.190726	0.00374239	0.00528371
9	0.209573	0.0433866	0.00499157	0.000286944	0.00577095	0.0499916	0.00367856	0.0620768	0.000347763	0.0495025	0.0144331	0.0244654	0.00713815	0.00968238	0.000353655	0.276357	0.131227	0.105852	0.000351941	0.000532878
10	0.224279	0.00358801	0.00487749	0.000631886	0.00754246	0.0106435	0.000839589	0.151989	0.000772918	0.0351652	0.0273818	0.0244405	0.00895826	0.00206107	0.000928328	0.0308013	0.115493	0.343056	0.000844276	0.00570594
11	0.426747	0.019525	0.000715774	0.00299498	0.0222103	0.233495	0.000372584	0.0124216	0.000831758	0.0240648	0.0218276	0.00179966	0.0047309	0.00125781	0.00115338	0.147251	0.0506313	0.026761	0.00056446	0.000643665
12	0.176633	0.0407079	0.00766544	0.000960416	0.00562881	0.0624673	0.00362628	0.0459843	0.000433367	0.0427846	0.0121858	0.0745706	0.0127172	0.00841411	0.00101516	0.268867	0.148968	0.0846078	0.000736662	0.00102666
13	0.0705132	0.0032308	0.00171273	0.00115952	0.0112514	0.00679269	0.00274625	0.396129	0.00112481	0.152876	0.0449575	0.0681516	0.0020708	0.00417874	0.00317201	0.0274097	0.0402279	0.155136	0.00153251	0.00562613
14	0.0386604	0.00925974	0.00126707	0.00087916	0.177078	0.0112407	0.021258	0.0144957	0.00135285	0.0824281	0.00830949	0.0199453	0.0023097	0.00964133	0.00239453	0.0214991	0.0138936	0.024057	0.00810819	0.531923
15	0.0465096	0.0110401	0.00084756	0.000591437	0.142607	0.0132092	0.00742311	0.00596221	0.000811117	0.0675152	0.00522277	0.00771992	0.0017567	0.00195771	0.0013829	0.024409	0.00636592	0.0186696	0.0107264	0.625273
16	0.202696	0.0433221	0.00556147	0.000236015	0.0063008	0.0492617	0.00375579	0.0629352	0.000237897	0.055104	0.015037	0.0280897	0.00774663	0.0107428	0.000286348	0.279517	0.12607	0.102254	0.000385069	0.000460084
17	0.0224434	0.0036214	0.0212028	0.0012392	0.00677802	0.00816855	0.272362	0.0105548	0.00177008	0.0699594	0.0470747	0.0321344	0.0131021	0.371034	0.00278176	0.0219868	0.0252179	0.0370407	0.00206566	0.0294625
18	0.0574397	0.0122483	0.0226066	0.0216822	0.0124247	0.0282692	0.0213433	0.0168363	0.0268542	0.015043	0.0112266	0.0226239	0.418423	0.0256776	0.0426308	0.124931	0.0947942	0.0189418	0.00384724	0.00215613
19	0.0129906	0.00209598	0.000176007	0.00015987	0.0521419	0.00301632	0.000402516	0.199915	0.000239415	0.572616	0.0360491	0.00503381	0.00167115	0.00090046	0.000301017	0.00192596	0.00759874	0.0946865	0.00434201	0.0037367
20	0.0858561	0.0056016	0.0039876	0.0236682	0.0100718	0.0315107	0.00605072	0.285007	0.00301001	0.205373	0.0309126	0.00613847	0.00458222	0.0465555	0.00588398	0.0180462	0.111252	0.110029	0.00273679	0.00372662
21	0.200711	0.00156317	0.110698	0.189026	0.00284623	0.116216	0.0343852	0.0133876	0.01298	0.0114171	0.0097024	0.0498904	0.0387164	0.0499966	0.0130066	0.0435512	0.0457022	0.0378874	0.00583939	0.0124766
22	0.235936	0.00453517	0.000626593	0.000356862	0.011718	0.0165738	0.000614788	0.14513	0.000376195	0.0510653	0.0581521	0.00926871	0.0246189	0.00168119	0.000486575	0.0713388	0.115986	0.249173	0.000643375	0.00171834
23	0.120685	0.0079125	0.00024744	0.000185659	0.00390841	0.77617	0.000309165	0.00596801	0.000242529	0.00421545	0.00184865	0.00711327	0.00480406	0.000513977	0.000315604	0.0473801	0.00851628	0.0088751	0.000357528	0.000431418
24	0.0448717	0.0034674	0.000282902	0.000258351	0.0887341	0.0151992	0.00981577	0.10358	0.00313078	0.450023	0.0652674	0.00386381	0.00303383	0.00993011	0.00959968	0.0247993	0.026458	0.0844423	0.0330256	0.0202167
25	0.0357691	0.00163112	0.000902856	0.000154674	0.0096027	0.00594654	0.00165913	0.396092	0.000156298	0.191787	0.0403077	0.000965382	0.000414574	0.00111078	0.000209836	0.00451907	0.0288528	0.279323	0.000248855	0.000346422
26	0.234915	0.00511292	0.000659979	0.000395688	0.0133217	0.0174461	0.000591168	0.142248	0.000385496	0.0497996	0.0588406	0.00983928	0.0254052	0.0016824	0.000459357	0.0726959	0.11531	0.24839	0.000605633	0.00189589
27	0.19758	0.00949175	0.00265913	0.00344047	0.0358807	0.0876663	0.00241791	0.0393077	0.00161321	0.0514359	0.149261	0.00459638	0.00410155	0.00447663	0.00209998	0.118709	0.145473	0.109564	0.00455724	0.0256673
28	0.0798351	0.00412575	0.000237537	0.000198092	0.134017	0.0093564	0.00180531	0.100122	0.000796347	0.379417	0.0619527	0.000679029	0.0024887	0.00237345	0.000968402	0.0240207	0.0345292	0.141961	0.00782658	0.01329
29	0.157999	0.0212457	0.00264474	0.00363682	0.00461663	0.0566563	0.00207329	0.0304836	0.000659067	0.0354779	0.0100037	0.0242983	0.0292964	0.00374199	0.00403735	0.253235	0.299315	0.0584618	0.000841055	0.00127591
30	0.0881291	0.00946206	0.00825326	0.00369132	0.0226857	0.0272964	0.0785678	0.0318747	0.00507784	0.143109	0.0369342	0.0180312	0.0106979	0.349909	0.0352848	0.0315772	0.0341217	0.0428661	0.00531722	0.0171134
31	0.115741	0.00456343	0.000325428	0.000143854	0.0292134	0.0169798	0.000528609	0.31025	0.000167876	0.194043	0.0339641	0.000524032	0.00096925	0.000489821	0.000236277	0.00780331	0.0332897	0.248431	0.00137671	0.000959242
32	0.318098	0.0214591	0.000596438	0.00254755	0.0173515	0.35938	0.000365078	0.0124436	0.000421408	0.0166156	0.013134	0.00336647	0.00544341	0.000851454	0.000452148	0.149089	0.0541524	0.0231651	0.000434614	0.000633381
33	0.0477536	0.0189118	0.000915488	0.000804792	0.176914	0.0110169	0.00970398	0.0132194	0.00116384	0.114428	0.0202517	0.00757954	0.00192798	0.0037339	0.00158384	0.0357365	0.0100511	0.0208093	0.0108239	0.492671
34	0.474104	0.0189163	0.000511829	0.000682709	0.0435648	0.241412	0.00082257	0.0195798	0.00051739	0.0415102	0.0485014	0.00108095	0.00127307	0.00136468	0.000809463	0.0373529	0.0176058	0.0482834	0.00101433	0.00109242
35	0.162184	0.0204667	9.68444e-05	8.30455e-05	0.04304	0.0312898	0.000139252	0.113245	9.82209e-05	0.41243	0.0315318	0.000183059	0.000272005	0.000209185	0.000129997	0.0247251	0.0261374	0.133347	0.000148977	0.000242547
36	0.12321	0.00804165	0.00024842	0.000204771	0.00408504	0.77214	0.000306819	0.00601285	0.000237874	0.00436009	0.0020327	0.00705506	0.0048064	0.000509523	0.000317126	0.0478253	0.0087562	0.00906615	0.000357315	0.000426451
37	0.0130408	0.00199496	0.000303842	0.000220594	0.0476383	0.00280207	0.000718301	0.179944	0.000268805	0.589888	0.049774	0.00751617	0.00156293	0.00131487	0.00049812	0.00262029	0.00804776	0.0837116	0.004394	0.00374017
38	0.0195936	0.00196048	0.000219267	0.000194583	0.101282	0.00591036	0.00257805	0.143228	0.000965516	0.51454	0.0572863	0.0023851	0.00198291	0.00279782	0.00119449	0.00793431	0.0175534	0.101276	0.00740767	0.00971029
39	0.0187075	0.008101	0.000826851	0.00055808	0.45667	0.00321893	0.00176615	0.0366813	0.000703102	0.337269	0.0115007	0.00205551	0.00118218	0.00218008	0.000833356	0.022606	0.0201423	0.0552254	0.000953532	0.0188193
40	0.0130041	0.00215198	0.000177636	0.000163254	0.0525259	0.00311812	0.000372755	0.199714	0.000245777	0.572349	0.0356768	0.00499275	0.00175668	0.000894728	0.000299486	0.00194857	0.00754594	0.0951655	0.00427437	0.00362233
41	0.172258	0.015253	0.000162747	0.000219104	0.0354121	0.0545142	0.000257855	0.151776	0.000238831	0.200421	0.0315103	0.000475891	0.00530165	0.00150678	0.0025213	0.0339504	0.0596285	0.229383	0.00330257	0.00190709
42	0.0641771	0.0497846	0.0128399	0.00996997	0.0200042	0.0277885	0.0106412	0.0347031	0.0125928	0.0373515	0.0211604	0.0158199	0.449364	0.0165827	0.0197225	0.0699771	0.0682456	0.0420055	0.00709236	0.0101768
43	0.0314739	0.00301824	0.000285181	0.000271844	0.0762117	0.00753835	0.00434437	0.117839	0.00197133	0.513454	0.0747243	0.00311791	0.00218212	0.00660018	0.00363885	0.0138238	0.0217023	0.0895991	0.0145325	0.0136707
44	0.120685	0.0079125	0.00024744	0.000185659	0.00390841	0.77617	0.000309165	0.00596801	0.000242529	0.00421545	0.00184865	0.00711327	0.00480406	0.000513977	0.000315604	0.0473801	0.00851628	0.0088751	0.000357528	0.000431418
45	0.0413109	0.00300092	0.380295	0.139867	0.00617793	0.014691	0.0167729	0.00949321	0.0400558	0.0124859	0.00718545	0.119197	0.0544355	0.0270586	0.00325033	0.0752923	0.0225442	0.0140844	0.00217815	0.0106227
46	0.0273598	0.0141833	0.00110904	0.00292156	0.0201581	0.00557059	0.00176986	0.167241	0.0886422	0.15089	0.134684	0.00259512	0.00264678	0.00502153	0.163997	0.0262657	0.025591	0.1312	0.0137303	0.0144237
47	0.0229955	0.00656655	0.000689507	0.000556085	0.145511	0.00505738	0.0188703	0.118558	0.00764689	0.345823	0.0770013	0.00162813	0.00193892	0.0041886	0.00236545	0.0106672	0.0284471	0.150799	0.0199224	0.0307673
48	0.0344884	0.00308121	0.384537	0.142063	0.00616203	0.0102638	0.0162489	0.00899774	0.0429686	0.0119168	0.00695683	0.124288	0.0569585	0.0263377	0.00254201	0.0775702	0.0202596	0.0122731	0.00193389	0.0101531
49	0.0477961	0.00185936	0.011758	0.0146065	0.00683833	0.0270394	0.0413904	0.013891	0.110281	0.018883	0.00916308	0.0299614	0.11642	0.0685188	0.322474	0.0871652	0.0542184	0.010528	0.00325126	0.00395694
50	0.0435201	0.00203383	0.0023093	0.006412	0.000722335	0.0247846	0.0414636	0.00461214	0.170193	0.0163212	0.00708465	0.0137339	0.00178797	0.0759675	0.51114	0.0416589	0.0262592	0.00139059	0.0031505	0.0054546
51	0.0329018	0.00182881	0.00900772	0.00403076	0.00162306	0.0506568	0.0366233	0.0104798	0.174334	0.017294	0.0145673	0.014725	0.00173295	0.0555213	0.457262	0.050127	0.051929	0.00298928	0.00243794	0.00992833
52	0.0349469	0.00256253	0.000485533	0.000407392	0.0707053	0.00644188	0.00390403	0.116052	0.00154527	0.505238	0.0796721	0.00222019	0.00226261	0.00926252	0.00297652	0.014805	0.0195925	0.0980702	0.0131218	0.0157279
53	0.0364349	0.00169674	0.000946523	0.000176452	0.0101149	0.00614776	0.00176505	0.40261	0.000148433	0.192217	0.0427086	0.00155269	0.000316529	0.00122868	0.000235054	0.00466125	0.0270973	0.269348	0.000238167	0.000356677
54	0.168817	0.0159675	0.000282778	0.000442311	0.0385075	0.0456628	0.000239741	0.153279	0.000251537	0.211976	0.031239	0.000321386	0.00762921	0.00190901	0.00399751	0.0274243	0.0611919	0.226852	0.00240513	0.00160472
55	0.184225	0.0162836	0.000235324	0.000229159	0.0411928	0.0814375	0.000314899	0.109756	0.000237806	0.212	0.0293493	0.000400208	0.00595212	0.00118076	0.00365431	0.0476082	0.0543649	0.202247	0.00594622	0.00338433
56	0.162184	0.0204667	9.68444e-05	8.30455e-05	0.04304	0.0312898	0.000139252	0.113245	9.82209e-05	0.41243	0.0315318	0.000183059	0.000272005	0.000209185	0.000129997	0.0247251	0.0261374	0.133347	0.000148977	0.000242547
57	0.203063	0.0430507	0.00561229	0.000236412	0.00620926	0.0493508	0.0037209	0.0624772	0.000237425	0.054705	0.0149968	0.027748	0.00759312	0.01078	0.000264564	0.280043	0.127069	0.102098	0.000294801	0.00044998
58	0.433614	0.0196516	0.000328223	0.000211045	0.0172981	0.0578797	0.000353754	0.0852812	0.000315429	0.0376484	0.0280207	0.000552757	0.00117039	0.000589153	0.000305275	0.0861971	0.0800045	0.149609	0.000413578	0.000556277
59	0.176282	0.0160962	0.000112132	9.81876e-05	0.037084	0.0472716	0.000181619	0.154742	0.000120434	0.210439	0.030487	0.000254685	0.00653355	0.00130094	0.00277546	0.0280069	0.0579001	0.226296	0.0024908	0.00152748
60	0.423631	0.0179997	0.00043875	0.00308521	0.0262218	0.163039	0.000410498	0.0145959	0.000444839	0.0211028	0.0182094	0.000787756	0.00521779	0.000587826	0.000349797	0.191412	0.0757831	0.0354373	0.0004586	0.000787312
61	0.0916468	0.0196237	0.0176309	0.00131705	0.0106952	0.00799418	0.0202207	0.0202112	0.00186117	0.517601	0.120339	0.00363249	0.00253122	0.0241496	0.00249083	0.0459473	0.0468695	0.0378631	0.00344079	0.00393386
62	0.162183	0.0204312	9.65171e-05	8.29816e-05	0.0430068	0.0312474	0.000139298	0.113804	9.75934e-05	0.410979	0.0315109	0.000183048	0.000302697	0.000214887	0.000139861	0.0246968	0.0263209	0.134156	0.00016127	0.000246379
63	0.154723	0.0438291	0.00115163	0.000843736	0.0553734	0.0210696	0.00150279	0.0958006	0.000942639	0.0674768	0.0736888	0.0144778	0.014423	0.00279305	0.00122732	0.0874489	0.141049	0.209883	0.00193021	0.0103655
64	0.460017	0.0213203	0.000369751	0.00340286	0.0207174	0.166693	0.000197612	0.0116178	0.000311813	0.0188902	0.0144185	0.00052713	0.00589472	0.000396961	0.000256808	0.182001	0.0663305	0.0259961	0.00025124	0.00038878
65	0.103204	0.013677	0.000224525	0.000196744	0.227984	0.0214705	0.000333641	0.0732267	0.000288205	0.301334	0.0418746	0.000538279	0.00685281	0.000438949	0.000302167	0.023295	0.0537403	0.109449	0.0123932	0.00917672
66	0.614156	0.00760622	0.00377074	0.000344782	0.00160286	0.00958603	0.000902729	0.00612163	0.000298411	0.0061995	0.00448167	0.000938303	0.000486741	0.000912869	0.000426224	0.242326	0.0445935	0.0541285	0.000420869	0.000696579
67	0.0591639	0.0013862	0.0310216	0.0301682	0.0106291	0.0312738	0.0300863	0.014089	0.0378627	0.0118923	0.00999177	0.0297814	0.362938	0.0342367	0.0597797	0.147918	0.0811968	0.0123449	0.00359352	0.000646093
68	0.128606	0.0454908	0.00275558	0.000785889	0.0243808	0.0687334	0.0105639	0.105509	0.00312506	0.150597	0.071622	0.0249446	0.00248659	0.01742	0.00084897	0.157188	0.0905565	0.0835836	0.00920632	0.00159624
69	0.10327	0.0136433	0.00022421	0.00019766	0.228035	0.0214755	0.000333641	0.0732466	0.000283754	0.301227	0.0418555	0.000533705	0.00685448	0.000438959	0.000297016	0.0232568	0.0537363	0.109512	0.0123909	0.00918705
70	0.162184	0.0204667	9.68444e-05	8.30455e-05	0.04304	0.0312898	0.000139252	0.113245	9.82209e-05	0.41243	0.0315318	0.000183059	0.000272005	0.000209185	0.000129997	0.0247251	0.0261374	0.133347	0.000148977	0.000242547
71	0.0513233	0.0023127	0.00114987	0.000431612	0.00991724	0.00830628	0.00229852	0.37072	0.000231532	0.18792	0.0396601	0.00171953	0.000570234	0.00221638	0.00030161	0.00578227	0.0406502	0.273468	0.000461111	0.000559316
72	0.122503	0.0082345	0.000368316	0.000403379	0.00463429	0.751482	0.000574369	0.00766477	0.000368407	0.0056702	0.00301652	0.00846138	0.00507989	0.00067266	0.000756093	0.0527469	0.013157	0.0129657	0.000457511	0.000783763
73	0.121542	0.000455993	0.000169654	0.000150963	0.110653	0.0132686	0.000277534	0.176353	0.000180179	0.289945	0.0579751	0.000345484	0.000520814	0.000395612	0.000232285	0.0053991	0.0201342	0.192839	0.00386277	0.00529936
74	0.133185	0.0789288	0.00123739	0.00120074	0.123746	0.0572653	0.00171643	0.0124922	0.00111697	0.103913	0.075812	0.00300873	0.00249058	0.00277088	0.00155541	0.187282	0.126735	0.0780659	0.00233227	0.00514516
75	0.251971	0.0153957	0.000908968	0.000596443	0.00314482	0.0389631	0.00112851	0.00762314	0.000498057	0.00793588	0.00328069	0.0123447	0.00246186	0.00159822	0.000764787	0.557328	0.0757793	0.0164701	0.000897099	0.000909261
76	0.0635984	0.0609004	0.00167018	0.00138917	0.0185072	0.0104033	0.00249639	0.10982	0.00173461	0.0275385	0.0513068	0.022058	0.00645841	0.0033555	0.00213863	0.123674	0.145163	0.340477	0.00226173	0.00504753
77	0.234348	0.00468995	0.000587613	0.000361972	0.0120489	0.0170501	0.000606866	0.143248	0.000380077	0.0503881	0.0592289	0.00974077	0.0241434	0.00162377	0.000474998	0.0720064	0.113954	0.252766	0.000595853	0.00175629
78	0.305268	0.00532619	0.00137301	0.00111184	0.00828971	0.0249424	0.00169689	0.0915671	0.00135828	0.021374	0.0175235	0.00466214	0.0505992	0.0136465	0.00133798	0.0659599	0.195841	0.183993	0.00159644	0.00253299
79	0.0310943	0.00422363	0.016991	0.00401478	0.0151653	0.0108823	0.219708	0.0158842	0.00567919	0.0693707	0.0522103	0.0281523	0.0236772	0.32693	0.00834615	0.0378756	0.0266904	0.0523233	0.00504293	0.0457387
80	0.0350204	0.0030304	0.00537849	0.00157797	0.00676175	0.0135607	0.0111699	0.357094	0.000483775	0.197999	0.048746	0.00447365	0.000720119	0.014233	0.000658158	0.00612492	0.0431505	0.248251	0.000776013	0.000789736
81	0.106484	0.00136598	0.00024053	0.000179188	0.0902287	0.0117106	0.000379578	0.202329	0.000197155	0.310978	0.0548506	0.00090256	0.000465863	0.000682525	0.000248636	0.00556053	0.0202506	0.185316	0.00326807	0.00436063
82	0.0106023	0.000963506	0.000514637	0.000375817	0.00613408	0.00595037	0.000772579	0.188621	0.000464807	0.073614	0.0253672	0.000850099	0.0153275	0.000790955	0.000634996	0.00798082	0.0169955	0.64243	0.000727403	0.000882722
83	0.281142	0.0175556	0.00194029	0.00463066	0.008262	0.0687219	0.00250727	0.0341345	0.00170299	0.0184323	0.00963104	0.00759003	0.0519585	0.00511125	0.00475709	0.161821	0.247421	0.0693005	0.00131822	0.00206117
84	0.0570007	0.0144477	0.000983977	0.000847825	0.198905	0.00512813	0.0243689	0.0353578	0.00142475	0.27949	0.122006	0.00370839	0.00222677	0.0149003	0.00178471	0.0318054	0.00961302	0.0263768	0.0337955	0.135829
85	0.443952	0.0139584	0.000950934	0.00101421	0.0119174	0.0436032	0.00089327	0.0674612	0.000499658	0.0257235	0.0186848	0.00170837	0.00686124	0.00240161	0.000750613	0.0974984	0.108703	0.151265	0.00106364	0.00108957
86	0.450146	0.0194099	0.000488764	0.0031613	0.0220904	0.159223	0.00029055	0.0134677	0.000337814	0.0194965	0.0154599	0.000942806	0.00609756	0.000575618	0.000296265	0.184892	0.0711259	0.0316163	0.000317107	0.00056531
87	0.110463	0.000995937	0.0259926	0.0245937	0.0251028	0.0518545	0.0801313	0.0456504	0.0220705	0.0358193	0.0159309	0.0618463	0.0114688	0.0598954	0.0591938	0.188224	0.120353	0.0398671	0.00464389	0.0159034
88	0.0357777	0.00296029	0.00035326	0.000258654	0.0832286	0.00763076	0.0076528	0.111539	0.00235926	0.483694	0.0816304	0.00219992	0.00243453	0.00740301	0.0063606	0.0162405	0.0213138	0.0858331	0.0217224	0.0194072
89	0.612533	0.00771009	0.00380996	0.000344804	0.00162916	0.00953738	0.00097098	0.00615802	0.000300483	0.00632996	0.00445162	0.000952175	0.000506415	0.000917168	0.000424391	0.2426	0.0446082	0.0550844	0.000428103	0.000703408
90	0.0631491	0.00142458	0.0331751	0.0315944	0.01021	0.0318271	0.0295262	0.0145525	0.0382705	0.0131011	0.00968517	0.0294473	0.357422	0.0327942	0.05864	0.147937	0.0811925	0.0118757	0.00351514	0.000659713
91	0.0437499	0.00205781	0.00221862	0.0064965	0.000723044	0.024322	0.0414501	0.00453242	0.169246	0.0164048	0.00694694	0.0137446	0.0017791	0.0766801	0.512177	0.0416984	0.0258645	0.00138974	0.00317829	0.0053401
92	0.201219	0.00191836	0.00888249	0.000603243	0.00324479	0.00351094	0.0010138	0.152752	0.000750873	0.0157872	0.0207732	0.0423889	0.00213292	0.00179312	0.00090018	0.0152384	0.120409	0.396584	0.000967043	0.00913047
93	0.0336258	0.00145946	0.000967889	0.000234336	0.00855304	0.00576505	0.00177	0.377183	0.000166716	0.178017	0.0389106	0.0012607	0.00156684	0.00138579	0.000313872	0.00507805	0.0319353	0.311084	0.000301474	0.000421678
94	0.120685	0.0079125	0.00024744	0.000185659	0.00390841	0.77617	0.000309165	0.00596801	0.000242529	0.00421545	0.00184865	0.00711327	0.00480406	0.000513977	0.000315604	0.0473801	0.00851628	0.0088751	0.000357528	0.000431418
95	0.117733	0.00170548	0.0170731	0.0128402	0.0276313	0.0399409	0.0246659	0.0681629	0.0271817	0.066268	0.0181435	0.0570611	0.00458376	0.0495998	0.0634872	0.10672	0.209512	0.0739158	0.00152769	0.0122459
96	0.0366273	0.00168913	0.00105332	0.000262318	0.0094881	0.00610007	0.00184969	0.393175	0.000174232	0.193674	0.040218	0.00113926	0.000457153	0.00139549	0.000238114	0.00452388	0.0300472	0.277231	0.000280797	0.000374846
97	0.105031	0.0135074	0.00238867	0.00560768	0.0248355	0.0302109	0.0046421	0.0984486	0.00220095	0.23841	0.144063	0.00535274	0.00151822	0.0438678	0.00284722	0.0504223	0.0889255	0.128981	0.005996	0.00274345
98	0.364954	0.0196484	0.000677597	0.00302113	0.0211024	0.162507	0.000545574	0.0166367	0.00078919	0.0167884	0.0164516	0.00169072	0.00503912	0.000887585	0.000835937	0.246697	0.0940682	0.0262023	0.000572858	0.0008839
99	0.120685	0.0079125	0.00024744	0.000185659	0.00390841	0.77617	0.000309165	0.00596801	0.000242529	0.00421545	0.00184865	0.00711327	0.00480406	0.000513977	0.000315604	0.0473801	0.00851628	0.0088751	0.000357528	0.000431418
100	0.0514323	0.00242066	0.000845395	0.000155471	0.0129185	0.00833405	0.0015086	0.386508	0.000170415	0.192368	0.0404635	0.0019588	0.000492781	0.00114804	0.000290736	0.00515237	0.0277337	0.265213	0.000457278	0.00042732
101	0.0440984	0.00297097	0.000191577	0.000184075	0.109958	0.00714524	0.00353194	0.112536	0.00141741	0.463725	0.0683496	0.00138786	0.00267892	0.00469308	0.00224406	0.0170442	0.0245442	0.106269	0.0118617	0.0151698
102	0.165368	0.0159636	0.000138926	0.000147543	0.0350364	0.0439267	0.000254939	0.184285	0.000181347	0.191385	0.0309497	0.000425842	0.00433368	0.00137426	0.00189351	0.0297566	0.0615386	0.228178	0.00322603	0.00163699
103	0.120685	0.0079125	0.00024744	0.000185659	0.00390841	0.77617	0.000309165	0.00596801	0.000242529	0.00421545	0.00184865	0.00711327	0.00480406	0.000513977	0.000315604	0.0473801	0.00851628	0.0088751	0.000357528	0.000431418
104	0.124465	0.00566621	0.000920788	0.000301286	0.0160342	0.0161364	0.00110573	0.236772	0.000392059	0.119398	0.0295994	0.00525633	0.00623284	0.00132069	0.000777025	0.0231204	0.0473924	0.362158	0.001491	0.0014615
105	0.0408371	0.00239669	0.000898228	0.000544763	0.0351079	0.00711332	0.00191897	0.276728	0.000694535	0.335289	0.0536304	0.00224024	0.00104865	0.00339274	0.00147478	0.00653744	0.0218706	0.20211	0.00291457	0.00325246
106	0.17382	0.0184361	0.000164977	0.000139787	0.041923	0.0513612	0.000253164	0.107501	0.000143021	0.348481	0.0319772	0.000268227	0.00198966	0.000562434	0.00121468	0.032883	0.0337915	0.151303	0.00237493	0.00141222
107	0.314778	0.00786476	0.000810942	0.000537239	0.0033472	0.0337581	0.000726208	0.00389277	0.000455458	0.00461314	0.00264443	0.00429166	0.000792685	0.000930328	0.000578	0.550275	0.0512414	0.016714	0.000848797	0.000899831
108	0.0446157	0.0025954	0.00264512	0.00591271	0.00238602	0.0245775	0.0376417	0.00726388	0.143239	0.0231821	0.00816565	0.0133453	0.0023729	0.0742821	0.516562	0.0404854	0.0319283	0.00624542	0.00679249	0.00576129
109	0.14457	0.00946716	0.00157005	0.00117242	0.0740708	0.0111945	0.00170521	0.050523	0.00142095	0.05116	0.0193403	0.00510946	0.0281393	0.00364372	0.00188615	0.144168	0.162298	0.282834	0.00191116	0.00381588
110	0.121095	0.000494357	0.000171211	0.000159172	0.110167	0.0133592	0.000278505	0.176699	0.000178265	0.288701	0.0571785	0.000359143	0.000519344	0.000405793	0.000246492	0.00536317	0.0201894	0.195268	0.00382173	0.0053456
111	0.267008	0.0090196	0.000450786	0.000532292	0.00353953	0.0361098	0.00071532	0.00361187	0.000516984	0.00452005	0.00253694	0.0052897	0.000890916	0.000991446	0.000665642	0.597051	0.054545	0.0100827	0.000940516	0.000981265
112	0.120281	0.00787911	0.000250854	0.000187844	0.00398835	0.775136	0.000359192	0.00636266	0.0003123	0.00438746	0.00202918	0.00719563	0.00483532	0.000513751	0.000323889	0.0475268	0.00853574	0.00908988	0.000368125	0.000437242
113	0.103385	0.0135553	0.000225116	0.000198762	0.228304	0.0215497	0.000333468	0.0730992	0.000278801	0.300897	0.0418371	0.000529756	0.00686055	0.000438827	0.000296977	0.0232515	0.0536694	0.109659	0.012419	0.00921195
114	0.0345924	0.00193833	0.000871862	0.000145044	0.0115512	0.00688089	0.00168296	0.402591	0.000170343	0.198345	0.0413176	0.000827873	0.000284323	0.00108359	0.000219121	0.00393518	0.0233255	0.269681	0.000232571	0.000323667
115	0.330889	0.00981346	0.0169984	0.0253794	0.00934489	0.157288	0.00071493	0.00516122	0.0211796	0.0159418	0.00867198	0.0253347	0.00157558	0.02016	0.0346651	0.210772	0.0874651	0.0169641	0.000675336	0.0010051
116	0.187293	0.00165072	0.111168	0.197859	0.00275916	0.121789	0.032091	0.0115473	0.0127759	0.0100206	0.00803811	0.0509778	0.0292871	0.0587944	0.0107134	0.0483157	0.0528897	0.0326837	0.00690807	0.0124383
117	0.100402	0.0104925	0.00222513	0.00300283	0.0933357	0.0304618	0.00641975	0.1103	0.00561843	0.137647	0.0348165	0.00539334	0.0216045	0.0080098	0.0066093	0.0237103	0.034412	0.125436	0.214364	0.025739
118	0.0425144	0.00200458	0.00200061	0.00634829	0.000779242	0.0229136	0.0423019	0.00438159	0.1591	0.0169767	0.00651392	0.0147369	0.00227082	0.0782561	0.523581	0.0404638	0.0251682	0.00153154	0.00316807	0.00498821
119	0.38086	0.00195089	0.0161628	0.0349835	0.021162	0.038556	0.00159708	0.0226216	0.0010986	0.0328049	0.0408521	0.0101074	0.00162602	0.00162142	0.00135779	0.115009	0.137582	0.0932464	0.0344717	0.0123289
120	0.0105539	0.00100712	0.000521007	0.000384744	0.0065184	0.00638182	0.000778129	0.183237	0.000499861	0.0712241	0.0265727	0.000846845	0.0157187	0.000804848	0.000638826	0.00798115	0.0161095	0.648533	0.000774911	0.000914277
121	0.0380979	0.00947858	0.000784905	0.000740863	0.186701	0.0108707	0.0091673	0.00740082	0.000931923	0.0633999	0.00437252	0.00963883	0.00187051	0.00362218	0.00126115	0.0206071	0.00769258	0.0161812	0.00827053	0.59891
122	0.162864	0.00240328	0.000738904	0.000821103	0.115748	0.0908318	0.00127415	0.0933214	0.00906596	0.186284	0.0231928	0.00146104	0.00300267	0.0144123	0.017244	0.00596941	0.00612591	0.112907	0.0879359	0.0643961
123	0.153655	0.0135957	0.000163469	0.000160988	0.0403539	0.0430826	0.000211218	0.212539	0.00024115	0.198008	0.0263418	0.000315873	0.00388707	0.000996758	0.00167833	0.0266874	0.0645688	0.208937	0.00216019	0.00241558
124	0.450097	0.0189816	0.000455231	0.0041561	0.0209748	0.157004	0.000252446	0.0108889	0.000501622	0.0193135	0.013399	0.000735991	0.00537365	0.000568234	0.000381153	0.204054	0.0648434	0.0271771	0.000332523	0.000510147
125	0.456774	0.0196915	0.000366658	0.00324383	0.0216119	0.163276	0.00022969	0.0119997	0.000333037	0.0190282	0.0144846	0.000576681	0.0058629	0.000416354	0.00026643	0.183375	0.0688154	0.0289811	0.000265734	0.000401132
126	0.0977578	0.0017409	0.0298383	0.0474527	0.0131452	0.0185054	0.00856266	0.105603	0.00987692	0.228755	0.0150855	0.00167194	0.0533988	0.0124833	0.0380774	0.017409	0.0755115	0.222676	0.00107665	0.0013725
127	0.0761039	0.00321512	0.000212115	0.000123888	0.0681476	0.0111495	0.000692266	0.192506	0.000273313	0.384478	0.0463162	0.00180101	0.00149649	0.0012998	0.000445505	0.0075165	0.0194516	0.177211	0.00338201	0.00417747
128	0.0563111	0.00350863	0.00164758	0.00308767	0.00687303	0.0238081	0.0284561	0.00959119	0.0418685	0.0970866	0.00737846	0.00712445	0.00303741	0.157839	0.496421	0.0203214	0.016258	0.0122281	0.00342981	0.00372407
129	0.0831523	0.00126148	0.0184816	0.0380601	0.0218909	0.0308013	0.0456445	0.0797319	0.0367404	0.0781572	0.0194425	0.0434076	0.0120344	0.0792142	0.0859008	0.124413	0.118065	0.0728237	0.002172	0.00860504
130	0.0991704	0.00113639	0.0213911	0.0155528	0.0292538	0.0602344	0.0954004	0.0368173	0.0185452	0.0372203	0.0128981	0.0626875	0.0149097	0.0546332	0.0589573	0.217471	0.108011	0.029555	0.00828476	0.0178703
131	0.425388	0.0294003	0.00049672	0.00344732	0.0180768	0.173649	0.000263156	0.0159258	0.000407687	0.0187565	0.0140558	0.000731805	0.00566827	0.000468116	0.000286474	0.192319	0.0759926	0.0239416	0.000289945	0.00043561
132	0.121621	0.000444365	0.000169658	0.000156491	0.110438	0.0132718	0.000277645	0.176605	0.00018258	0.289764	0.0579124	0.000344183	0.000506557	0.000397179	0.000230044	0.00533125	0.0200757	0.193122	0.0038602	0.00528985
133	0.0504766	0.00644773	0.00104766	0.00175551	0.0646042	0.00481593	0.00155455	0.286499	0.00119759	0.0983266	0.0594216	0.056546	0.00177222	0.00248145	0.0176185	0.0795176	0.114138	0.111924	0.00483969	0.0350155
134	0.164282	0.034297	0.00457452	0.00559647	0.012657	0.187238	0.0511173	0.0436914	0.00289217	0.0272293	0.0125076	0.041651	0.00562282	0.278228	0.00480632	0.0447326	0.0465291	0.0227075	0.00428373	0.00535649
135	0.453814	0.0173269	0.000622389	0.00077808	0.0558406	0.236445	0.000892303	0.0190877	0.000602129	0.0397953	0.0615503	0.00111584	0.00118787	0.00152202	0.00106205	0.0428131	0.0198055	0.0435468	0.000963504	0.00122865
136	0.107365	0.0273225	0.000394548	0.000372559	0.205642	0.020546	0.000614997	0.069042	0.000534279	0.329065	0.047391	0.000959956	0.00827298	0.000805566	0.000522581	0.022636	0.0502256	0.0909578	0.00983257	0.00749669
137	0.116902	0.0269132	0.00113849	0.00247503	0.0231698	0.0669689	0.00662186	0.122388	0.00292048	0.168326	0.11189	0.0135518	0.000968261	0.0352247	0.00066869	0.0671053	0.0944446	0.123725	0.0130169	0.00158135
138	0.149362	0.0176909	0.00368694	0.00372588	0.218141	0.0353001	0.00542225	0.0806619	0.00442045	0.0788368	0.0705203	0.00914668	0.00710719	0.0100272	0.00596267	0.158861	0.0502191	0.0633261	0.00973621	0.0178458
139	0.496595	0.0164527	0.000455012	0.000777105	0.0387981	0.229936	0.000705859	0.017665	0.000466906	0.0389631	0.0433301	0.000892657	0.00154879	0.000963366	0.000709448	0.0471869	0.020585	0.042317	0.000724372	0.000927925
140	0.202954	0.0430272	0.00562758	0.000244877	0.00618393	0.049409	0.00372086	0.0623468	0.000236156	0.0544586	0.0150522	0.0278031	0.0075978	0.0107693	0.000264119	0.28004	0.127158	0.102356	0.000296514	0.000453841
141	0.0331508	0.00511471	0.000479146	0.000453258	0.300618	0.00544629	0.00285471	0.0738443	0.000994651	0.373734	0.0366448	0.0019336	0.00202279	0.00381557	0.00154747	0.0210855	0.0228949	0.0833147	0.00793074	0.0221209
142	0.0799499	0.0263165	0.00179767	0.000574285	0.00343445	0.130337	0.00705441	0.0152064	0.000629665	0.0318181	0.00420419	0.167708	0.00248148	0.00997059	0.000962377	0.424007	0.0714812	0.019562	0.000984082	0.00152033
143	0.196612	0.0155185	0.000162819	0.000404349	0.0253138	0.0380683	0.000523728	0.168847	0.000214934	0.159209	0.0485557	0.00162191	0.00563824	0.00268707	0.0015188	0.0325257	0.0629869	0.236242	0.00198796	0.00136101
144	0.0181413	0.00589932	0.000686502	0.000558921	0.460636	0.00310614	0.00605507	0.0452723	0.000853419	0.284562	0.0203207	0.00558483	0.00110858	0.00647061	0.00106391	0.016938	0.0281772	0.0580989	0.001779	0.0346868
145	0.0583682	0.0101652	0.00143958	0.0018049	0.172819	0.0149412	0.0165967	0.0572356	0.00492567	0.237785	0.0902983	0.00506329	0.00578132	0.0128128	0.00675003	0.0254033	0.0192094	0.060443	0.104237	0.0939197
146	0.176183	0.0277752	0.00347636	0.00224066	0.00469881	0.0483523	0.00219345	0.037973	0.000406011	0.0393397	0.0104771	0.0252524	0.019491	0.00579216	0.00235308	0.279328	0.233945	0.0794058	0.000578333	0.0007398
147	0.147279	0.0204046	0.00124321	0.00795714	0.00379708	0.0537383	0.0010716	0.0198364	0.000684638	0.0164073	0.0108494	0.00984955	0.0318056	0.00162285	0.00848385	0.219868	0.386101	0.0561898	0.00108829	0.00172264
148	0.102956	0.00949277	0.00109118	0.00446108	0.0264921	0.0215459	0.00325915	0.148653	0.00173686	0.263344	0.141605	0.0038603	0.00138686	0.0214375	0.00250173	0.0417839	0.062473	0.133604	0.00461605	0.00369896
149	0.356981	0.0123953	0.000773629	0.00115121	0.00854734	0.0449945	0.00102353	0.0707166	0.00072432	0.0185448	0.0121403	0.00238514	0.0238802	0.00516776	0.00121064	0.0996984	0.19177	0.145574	0.000840159	0.00148054
150	0.0402302	0.00299288	0.00017548	0.000178344	0.101153	0.00706984	0.00390172	0.110647	0.00184319	0.485301	0.0669868	0.00149694	0.00395413	0.00664831	0.00291655	0.0169173	0.021963	0.090344	0.0168412	0.0184392
151	0.0581589	0.00204157	0.00087028	0.0200598	0.0851388	0.0226425	0.0751314	0.0566094	0.0455585	0.166798	0.0501095	0.00663888	0.032564	0.0363068	0.0578378	0.0164481	0.0115007	0.122387	0.033574	0.0996242
152	0.0390996	0.00322384	0.000424397	0.000474161	0.0625639	0.00754804	0.00223134	0.164149	0.0014734	0.479543	0.0619589	0.00292115	0.00166992	0.00401502	0.00290184	0.00961072	0.0177041	0.122749	0.00776084	0.0079782
153	0.120685	0.0079125	0.00024744	0.000185659	0.00390841	0.77617	0.000309165	0.00596801	0.000242529	0.00421545	0.00184865	0.00711327	0.00480406	0.000513977	0.000315604	0.0473801	0.00851628	0.0088751	0.000357528	0.000431418
154	0.0682335	0.0092098	0.000755849	0.000622605	0.064664	0.0173549	0.00533218	0.100796	0.00204137	0.435094	0.0934386	0.00241361	0.00205556	0.0101728	0.00421094	0.031269	0.0309591	0.088424	0.0178279	0.0151245
155	0.0172799	0.00628641	0.000599345	0.000493186	0.432034	0.00305643	0.00271886	0.051555	0.000744339	0.336035	0.0172053	0.00311541	0.00111275	0.00320874	0.000798924	0.0182429	0.020794	0.0592548	0.00165863	0.0238069
156	0.140921	0.00899377	0.000262168	0.000366468	0.00495346	0.736538	0.000308561	0.00653306	0.000280997	0.00539748	0.00270321	0.00675747	0.00548075	0.000542364	0.000311661	0.0567032	0.0119708	0.0100578	0.000439983	0.000477974
157	0.0272399	0.00170326	0.000177493	0.000172654	0.0714821	0.00576025	0.000507478	0.182668	0.000313896	0.532236	0.0391541	0.00364315	0.00267835	0.00127371	0.000420055	0.0035254	0.0100153	0.108028	0.00437251	0.00462849
158	0.191352	0.0103239	0.000185436	0.000190939	0.0255557	0.0255813	0.000260042	0.22612	0.000182136	0.160794	0.0260475	0.000457157	0.00281503	0.000550865	0.000744816	0.0137726	0.0419977	0.270596	0.00188592	0.000586781
159	0.142253	0.00826182	0.00026319	0.000266136	0.00504678	0.745124	0.000321857	0.00635261	0.000269159	0.00558062	0.00285573	0.00671062	0.00474421	0.000517126	0.000329507	0.0499031	0.0102348	0.0101591	0.000371683	0.000434601
160	0.192691	0.00998267	0.000161367	0.000146826	0.0243546	0.0258916	0.000244074	0.226367	0.000176564	0.160624	0.0285906	0.000526279	0.00310806	0.000560935	0.000700032	0.0147985	0.0438973	0.264793	0.00182928	0.000556252
161	0.4307	0.0188374	0.000293352	0.000212986	0.0169362	0.0568749	0.000353052	0.0860015	0.000310225	0.0383161	0.0283189	0.000660228	0.00169625	0.000606284	0.00028351	0.0864279	0.0805902	0.151633	0.000400694	0.000547935
162	0.120685	0.0079125	0.00024744	0.000185659	0.00390841	0.77617	0.000309165	0.00596801	0.000242529	0.00421545	0.00184865	0.00711327	0.00480406	0.000513977	0.000315604	0.0473801	0.00851628	0.0088751	0.000357528	0.000431418
163	0.275235	0.00744772	0.000916413	0.000333869	0.0120406	0.0235966	0.000584785	0.135938	0.000360537	0.059329	0.0436002	0.00790477	0.0132403	0.00135592	0.000541486	0.0599349	0.0964497	0.258832	0.000754326	0.00160381
164	0.0963173	0.00389811	0.000209939	0.000173365	0.130133	0.00982866	0.000637137	0.107652	0.000396701	0.364683	0.0606888	0.000573033	0.00228926	0.00161154	0.000507899	0.021504	0.0324826	0.148646	0.00586489	0.0119035
165	0.432643	0.0193896	0.000351841	0.000305793	0.0180091	0.0681476	0.000416333	0.0806477	0.000315348	0.0380417	0.0303344	0.000593928	0.00111065	0.000560805	0.000319512	0.0880156	0.0764953	0.143217	0.000437381	0.000646699
166	0.162567	0.0172715	0.00148583	0.00651682	0.00570211	0.0469092	0.00160261	0.0217548	0.0013026	0.0202685	0.0102526	0.0116735	0.0282237	0.0024022	0.00728985	0.210985	0.386691	0.0531189	0.00174083	0.00224078
167	0.0616741	0.0014504	0.0270784	0.0259403	0.0130031	0.0310335	0.0298851	0.0165862	0.035885	0.0130622	0.0114401	0.0319491	0.318986	0.0371107	0.0706293	0.160986	0.0901361	0.0182729	0.00337111	0.00152022
168	0.0459381	0.00201315	0.000612005	0.00997751	0.0875309	0.0236006	0.0418098	0.0911317	0.0649114	0.180896	0.0441932	0.00943041	0.0372891	0.0347997	0.0511295	0.0211834	0.0140655	0.132897	0.034087	0.0725039
169	0.331224	0.015703	0.000531156	0.000333057	0.0235384	0.0418226	0.000614501	0.102601	0.000352301	0.0454696	0.036835	0.0042222	0.00785035	0.0011628	0.000422046	0.103063	0.100272	0.181858	0.000672129	0.00145438
170	0.120685	0.0079125	0.00024744	0.000185659	0.00390841	0.77617	0.000309165	0.00596801	0.000242529	0.00421545	0.00184865	0.00711327	0.00480406	0.000513977	0.000315604	0.0473801	0.00851628	0.0088751	0.000357528	0.000431418
171	0.0437499	0.00205781	0.00221862	0.0064965	0.000723044	0.024322	0.0414501	0.00453242	0.169246	0.0164048	0.00694694	0.0137446	0.0017791	0.0766801	0.512177	0.0416984	0.0258645	0.00138974	0.00317829	0.0053401
172	0.0413426	0.00226983	0.000263346	0.000230933	0.0899906	0.00719083	0.00627137	0.104187	0.00429756	0.477972	0.0623526	0.0019669	0.00503193	0.0128472	0.004766	0.0180532	0.0199105	0.0768266	0.0344295	0.0298001
173	0.250334	0.0371409	0.00480543	0.000404355	0.00558062	0.0484495	0.00760376	0.0585444	0.000317111	0.0433547	0.012781	0.0238417	0.00638297	0.0112766	0.000554433	0.273838	0.108251	0.105173	0.000522021	0.000844183
174	0.134188	0.00289609	0.0326834	0.0211998	0.0129073	0.0791569	0.0338163	0.0243256	0.0673841	0.0254052	0.014901	0.0348495	0.0376419	0.0405984	0.153775	0.144531	0.104994	0.023147	0.00247845	0.00912121
175	0.0437499	0.00205781	0.00221862	0.0064965	0.000723044	0.024322	0.0414501	0.00453242	0.169246	0.0164048	0.00694694	0.0137446	0.0017791	0.0766801	0.512177	0.0416984	0.0258645	0.00138974	0.00317829	0.0053401
176	0.419742	0.0332719	0.000492371	0.00385168	0.0189546	0.199018	0.000273227	0.0146619	0.000452533	0.0215827	0.0141988	0.000664262	0.00646825	0.000585355	0.000319503	0.177737	0.0622041	0.0246832	0.0003678	0.000470516
177	0.104411	0.0335458	0.00120299	0.00129056	0.0361676	0.0667035	0.0102491	0.12743	0.00516657	0.218323	0.09591	0.0127385	0.00102108	0.023699	0.00164926	0.0689587	0.0804294	0.0905728	0.0176829	0.00284815
178	0.184506	0.016386	0.000208838	0.000208474	0.0411129	0.0815871	0.000322381	0.109445	0.000234837	0.211808	0.02916	0.000393617	0.00598314	0.00118411	0.00362203	0.0479749	0.0541524	0.202271	0.00597127	0.00346761
179	0.162184	0.0204667	9.68444e-05	8.30455e-05	0.04304	0.0312898	0.000139252	0.113245	9.82209e-05	0.41243	0.0315318	0.000183059	0.000272005	0.000209185	0.000129997	0.0247251	0.0261374	0.133347	0.000148977	0.000242547
180	0.106162	0.0149493	0.000631181	0.00723602	0.0174241	0.0406388	0.00347899	0.120859	0.00176504	0.17775	0.150909	0.00575732	0.000919841	0.043646	0.0019364	0.0526207	0.084697	0.161169	0.00579658	0.00165404
181	0.170001	0.0162856	0.000111355	0.000112438	0.0393265	0.0447087	0.000173753	0.15213	0.000136376	0.234582	0.0323431	0.000233874	0.00598393	0.0013446	0.00260634	0.0275761	0.0582657	0.21037	0.0021814	0.00152602
182	0.162658	0.0205418	9.57606e-05	8.28378e-05	0.0431857	0.0313874	0.000141726	0.113066	0.000100725	0.41216	0.031269	0.00018402	0.000275736	0.000213111	0.000139145	0.0249616	0.025945	0.133172	0.000148999	0.000272113
183	0.0913077	0.00141447	0.0206956	0.0133599	0.0296811	0.0658913	0.104955	0.0310759	0.0178932	0.0356989	0.01143	0.0622312	0.0182396	0.0559995	0.0575827	0.231476	0.0976749	0.0250677	0.0107582	0.0175664
184	0.0131044	0.00204867	0.000162539	0.000157925	0.0523905	0.00302665	0.000442265	0.197962	0.00023842	0.573009	0.0363893	0.00498614	0.00168223	0.000991982	0.000330975	0.00201969	0.00770229	0.0949213	0.00455399	0.00387982
185	0.185444	0.01042	0.000602654	0.000652859	0.050676	0.0412981	0.00115205	0.12371	0.000653958	0.110602	0.0183822	0.00131628	0.0575371	0.00147364	0.0013018	0.0134289	0.0332403	0.156008	0.168888	0.0232109
186	0.184264	0.0138065	0.000956939	0.000911148	0.076179	0.11005	0.00126381	0.0600674	0.00115762	0.230485	0.0192782	0.00144621	0.041051	0.00248201	0.00201459	0.0199163	0.0229436	0.105689	0.0968323	0.00920607
187	0.0188589	0.00194881	0.000231121	0.000248852	0.086249	0.00454409	0.00236255	0.148661	0.000944216	0.532273	0.0637127	0.00298705	0.00197258	0.00272932	0.00140688	0.00719345	0.0150223	0.0911385	0.00719612	0.0103195
188	0.181565	0.00978469	0.000190859	0.000151761	0.024442	0.0267651	0.00025069	0.236849	0.000163373	0.153925	0.0258998	0.000412504	0.00240907	0.00048089	0.000636456	0.0126667	0.0420932	0.27838	0.00233927	0.000595326
