382	20
1	0.129213	0.00301371	0.0363136	0.0610801	0.00329347	0.0405299	0.0227277	0.0162246	0.0233596	0.0161221	0.00715531	0.0770584	0.0385004	0.0620431	0.0140964	0.246356	0.176887	0.0234684	0.00225686	0.000299887
2	0.0721435	0.00824906	0.0442409	0.0702964	0.0105182	0.0379571	0.0193491	0.0248627	0.0319354	0.0458821	0.0229557	0.0691817	0.00645352	0.101211	0.0262055	0.220812	0.155266	0.029854	0.0012218	0.00140481
3	0.108894	0.00334254	0.0139575	0.0258289	0.00189924	0.0145083	0.0178507	0.122076	0.00184627	0.0212719	0.0918797	0.00528935	0.00152617	0.00460138	0.00183186	0.0757349	0.207059	0.267601	0.000669888	0.0123313
4	0.0159964	0.0034242	0.00705069	0.014007	0.00032821	0.00733985	0.0298358	0.00142682	0.331521	0.0139962	0.00656212	0.0265718	0.000315658	0.0374204	0.428767	0.0303217	0.0303285	0.00442854	0.000172433	0.0101862
5	0.0449271	0.000684075	0.344867	0.387606	0.000229594	0.0163441	0.00237432	0.00457228	0.0245262	0.00216048	0.000991323	0.0205436	0.0168685	0.0555962	0.00812888	0.0342398	0.0257809	0.00781827	9.92461e-05	0.00164231
6	0.0366351	0.00535995	0.000902857	0.00872699	0.0146684	0.00994351	0.00101078	0.252195	0.00623435	0.202149	0.0413472	0.0146497	0.00631795	0.00695184	0.00785518	0.0204605	0.0468636	0.313981	0.000191719	0.00355515
7	0.162239	0.00780678	0.005741	0.0144752	0.00306605	0.010034	0.0111583	0.0609871	0.00403397	0.0384042	0.0287557	0.00828511	0.00943883	0.0146004	0.00323721	0.0793682	0.336444	0.196609	0.00088615	0.0044297
8	0.0441909	0.01746	0.0232958	0.0594955	0.0104219	0.0174857	0.143988	0.0223978	0.068524	0.0297055	0.0185833	0.0587625	0.0281935	0.21745	0.0629538	0.0747637	0.051535	0.0293007	0.00399255	0.0175001
9	0.186524	0.0146374	0.0302849	0.037856	0.0058972	0.0314783	0.0118442	0.0230788	0.0182329	0.022055	0.0191765	0.0364971	0.0190729	0.034205	0.0169627	0.325577	0.127782	0.0330704	0.00103479	0.00473235
10	0.0582465	0.0130554	0.0268333	0.0499188	0.031721	0.018962	0.126792	0.0302676	0.080249	0.0404223	0.0298439	0.0476858	0.0273228	0.101875	0.0891757	0.082915	0.0682953	0.0441958	0.00388062	0.0283416
11	0.0127967	0.00598584	0.000551817	0.00109235	0.00343521	0.000844638	0.000472399	0.53153	0.000520174	0.0308615	0.0159094	0.00200682	0.000384376	0.0011623	0.000469808	0.00217909	0.0123247	0.37626	0.000165878	0.00104642
12	0.0212768	0.00525721	0.00802448	0.0159397	0.00230122	0.00753659	0.0824755	0.0069497	0.226029	0.0154179	0.0119196	0.02668	0.0162763	0.0322261	0.321429	0.0633072	0.0992568	0.0299164	0.000983779	0.00679763
13	0.0300866	0.0025969	0.0113878	0.00735789	0.00129832	0.863401	0.00243501	0.00700567	0.00213595	0.00919989	0.00286291	0.0103371	0.00141238	0.00523768	0.00169568	0.0246677	0.00884627	0.00690368	0.000367564	0.000763771
14	0.0128707	0.00718077	0.00188372	0.00326557	0.0218806	0.00281274	0.0037914	0.349041	0.00296883	0.249613	0.117883	0.00405647	0.00185204	0.00743574	0.00418268	0.010751	0.0229736	0.168417	0.000377534	0.00676261
15	0.0237346	0.00266053	0.0126111	0.00912883	0.00125098	0.883246	0.00174691	0.00356122	0.00241362	0.00674533	0.00207009	0.00885455	0.00121803	0.00526238	0.00138543	0.0220263	0.00567345	0.00493152	0.00053643	0.000942492
16	0.00964349	0.00645959	0.000810561	0.00165415	0.010477	0.00212553	0.00123645	0.414935	0.000984496	0.211077	0.0707074	0.00321592	0.00109142	0.00524158	0.00141143	0.00514721	0.0183836	0.232316	0.00054755	0.00253489
17	0.028342	0.00480343	0.261931	0.0735577	0.00236715	0.0189955	0.00977498	0.00787318	0.00983335	0.00854504	0.00730057	0.252492	0.00337396	0.0212663	0.00553934	0.128183	0.140738	0.0113721	0.0014033	0.00230809
18	0.440129	0.00485449	0.0055155	0.0177388	0.00823575	0.040385	0.00640415	0.0188059	0.00437602	0.00391849	0.00547475	0.0197587	0.138051	0.0254678	0.00387685	0.188635	0.0267387	0.0396072	0.00061285	0.00141475
19	0.0158613	0.00801535	0.00888595	0.0163769	0.00170814	0.00666675	0.0241403	0.00881072	0.308935	0.0158433	0.00959303	0.0208977	0.00367997	0.0399693	0.436561	0.0302371	0.0258747	0.0115984	0.00043791	0.00590781
20	0.0070211	0.00661434	0.00445634	0.00842784	0.000223214	0.00320916	0.0184733	0.00228225	0.342249	0.00936947	0.00640942	0.0142381	0.000296767	0.0336982	0.49433	0.0206345	0.0183098	0.00508672	0.000188715	0.00448151
21	0.444633	0.0218969	0.00874403	0.0169259	0.00305598	0.0622205	0.00475045	0.00787951	0.00640981	0.00689674	0.00590542	0.0158008	0.0192538	0.0201142	0.00343759	0.264665	0.058981	0.0250718	0.000581222	0.0027764
22	0.108914	0.0104166	0.00874523	0.0169471	0.00237932	0.00978886	0.0145574	0.098168	0.00344967	0.048546	0.172204	0.0072938	0.00203599	0.00821103	0.00298333	0.101381	0.17646	0.199596	0.000682359	0.00724032
23	0.605867	0.0327163	0.00115662	0.00292216	0.00101758	0.103829	0.00108044	0.00415678	0.0019377	0.00448968	0.00291548	0.00493863	0.00658457	0.00705246	0.000673373	0.17693	0.0116293	0.0263605	0.000219459	0.00352304
24	0.00417973	0.00478105	0.000479147	0.00073866	0.00638015	0.00115891	0.000536356	0.452521	0.00034253	0.222219	0.0731497	0.000725779	0.000592155	0.00483456	0.000663322	0.00260527	0.0154432	0.208053	0.000123192	0.000473655
25	0.00801702	0.00340743	0.000599637	0.00125529	0.00358083	0.000694228	0.000534804	0.621712	0.000621649	0.0329318	0.0221712	0.00117376	0.000424242	0.00122993	0.000469442	0.00240576	0.0155306	0.282642	0.000163329	0.000435386
26	0.0583748	0.0561254	0.00743684	0.00385124	0.0793135	0.00403817	0.00802534	0.11513	0.00553915	0.307116	0.0817144	0.00381146	0.00226165	0.00559166	0.00923611	0.0171139	0.0122512	0.166766	0.000621008	0.0556824
27	0.0058115	0.0114427	0.00866695	0.0547394	0.000870801	0.0220792	0.00440579	0.0139589	0.383933	0.00296906	0.00216328	0.0453884	0.00641415	0.167233	0.199222	0.0249069	0.0313654	0.0129997	0.000323553	0.00110602
28	0.00488999	0.00406789	0.00148963	0.00151824	0.0205218	0.00157646	0.00217674	0.250798	0.00239795	0.316164	0.286325	0.00463358	0.000733231	0.00395507	0.00188068	0.0117041	0.0183694	0.0624314	0.000244855	0.00412231
29	0.0154349	0.00634973	0.000590402	0.00113067	0.0023582	0.000891848	0.000552097	0.503927	0.000516993	0.0214896	0.0134888	0.00186273	0.000311873	0.00104103	0.000463802	0.00203236	0.0104624	0.415631	0.000195242	0.00126935
30	0.00426207	0.0138348	0.00481123	0.0335842	0.000404106	0.0109262	0.00686074	0.011346	0.377676	0.0037212	0.00309731	0.0264998	0.00397326	0.118473	0.321904	0.0228492	0.0243213	0.00959948	0.000236508	0.00161972
31	0.0545213	0.000669102	0.284438	0.401838	0.000203327	0.0167397	0.00289743	0.00538078	0.0309062	0.00248776	0.000705881	0.0247318	0.0182824	0.0687705	0.0105972	0.0389995	0.0263342	0.009346	9.46557e-05	0.00205671
32	0.00672125	0.00622449	0.00140504	0.00146165	0.0150973	0.00190334	0.00121608	0.387804	0.00125127	0.253154	0.124724	0.00234613	0.000774932	0.00489813	0.0017264	0.00711673	0.0167655	0.16157	0.000173656	0.00366538
33	0.548929	0.0294836	0.00142263	0.00459494	0.0014624	0.0888567	0.00174466	0.00626733	0.00353762	0.00753839	0.0058142	0.00780705	0.00677114	0.0098604	0.00103415	0.221541	0.0209502	0.0249827	0.000302056	0.00709942
34	0.0233354	0.00192695	0.0124732	0.00730955	0.000697718	0.881206	0.00251193	0.00258733	0.00524242	0.00643878	0.00210528	0.0104459	0.000801541	0.00422271	0.0040757	0.0226921	0.00668247	0.00405807	0.00034344	0.000843553
35	0.0154166	0.00750337	0.00751045	0.017994	0.00312575	0.00576252	0.023531	0.00989282	0.310258	0.0186353	0.00896829	0.0196271	0.00616574	0.0464472	0.420186	0.030245	0.0272937	0.0149023	0.000711906	0.0058227
36	0.637494	0.0365264	0.00104233	0.00125846	0.000557843	0.110343	0.000916222	0.00254818	0.00172132	0.00422175	0.00229283	0.00338357	0.000704673	0.00516218	0.000703949	0.15571	0.00516097	0.0263608	0.000203021	0.00368775
37	0.00972432	0.00696274	0.000427716	0.000687496	0.00746168	0.000805539	0.000482493	0.504543	0.000349075	0.109781	0.0345131	0.00142685	0.000335983	0.00237325	0.000490733	0.00200229	0.014345	0.302451	0.000147281	0.000688517
38	0.0291228	0.0128543	0.00698118	0.00722086	0.0467364	0.00732436	0.00807777	0.21804	0.013886	0.275894	0.127746	0.00848601	0.00279918	0.0147939	0.0132707	0.0267171	0.0396917	0.11943	0.00107824	0.0198496
39	0.00332746	0.00474384	0.000560773	0.000604073	0.00673433	0.00110799	0.000466636	0.436794	0.000347894	0.244558	0.0950328	0.000689435	0.000576707	0.00498588	0.000641868	0.00269697	0.0154843	0.180128	0.000118027	0.000401267
40	0.430774	0.0213756	0.00438692	0.0102713	0.00220701	0.0641061	0.00450843	0.0153213	0.00663187	0.0105428	0.0104298	0.0178514	0.0136188	0.0127789	0.00298204	0.210099	0.11505	0.0429655	0.000479671	0.00362049
41	0.0290598	0.00231799	0.0104994	0.00641663	0.000742773	0.888748	0.0015522	0.00186337	0.00192569	0.00583282	0.00149659	0.00920721	0.00100129	0.00333159	0.00133118	0.024345	0.00572356	0.00332898	0.000342627	0.000933248
42	0.101614	0.00595713	0.00625909	0.182135	0.00323941	0.0304749	0.0683296	0.0105231	0.116225	0.00929152	0.00644463	0.00852852	0.153531	0.171817	0.0831104	0.0167717	0.0113086	0.0105389	0.00142618	0.00247539
43	0.136215	0.0124409	0.0410702	0.0752487	0.00829196	0.0238983	0.0210405	0.0189603	0.0271127	0.0138924	0.0170411	0.0275825	0.311	0.0421535	0.0185596	0.117739	0.0519379	0.0262599	0.00228616	0.00726944
44	0.0566281	0.009626	0.0112422	0.023767	0.00754665	0.0121358	0.00965427	0.197253	0.00859467	0.0788698	0.0633595	0.0191654	0.00616254	0.0243803	0.00759707	0.0732581	0.21548	0.169546	0.00182962	0.00390421
45	0.438492	0.0260916	0.0185852	0.0275011	0.00319738	0.071146	0.00622423	0.0162748	0.0110855	0.0137695	0.014472	0.0148472	0.0210386	0.0214277	0.0096161	0.181131	0.0562307	0.0445066	0.000804254	0.0035582
46	0.00421101	0.00538873	0.000707397	0.000650831	0.00994321	0.00119793	0.000847073	0.411949	0.000716141	0.258974	0.111478	0.00105397	0.000619878	0.00478455	0.000989261	0.00359185	0.0152807	0.165413	0.000146123	0.0020575
47	0.424119	0.0256614	0.018327	0.0317908	0.00495851	0.0626146	0.00717082	0.0201216	0.012164	0.0151565	0.010694	0.016831	0.0240526	0.0238694	0.0101792	0.183152	0.0597124	0.0434897	0.001243	0.00469244
48	0.0601628	0.00750867	0.00826992	0.0227217	0.00303623	0.00736823	0.0253359	0.107231	0.00376382	0.0670495	0.172985	0.0116853	0.00337523	0.00878252	0.0037554	0.0690852	0.261573	0.151171	0.000647129	0.0044918
49	0.637592	0.0361279	0.00109939	0.00131319	0.000610247	0.110776	0.000996262	0.00262584	0.00173223	0.00424509	0.00231352	0.00336514	0.00103672	0.00524861	0.00067128	0.154778	0.00515811	0.0263783	0.000196963	0.00373483
50	0.0029748	0.00468387	0.000545258	0.000615571	0.00688955	0.00107606	0.000496337	0.428581	0.000372229	0.245996	0.107325	0.000764077	0.000576379	0.00491638	0.000608212	0.00296099	0.0156859	0.174376	0.000138837	0.000417976
51	0.323949	0.0108994	0.0011772	0.0115584	0.00731735	0.0228717	0.00169552	0.00386342	0.00197097	0.00269354	0.00546496	0.00691465	0.0055883	0.0227837	0.000786576	0.483143	0.072864	0.0125913	0.000404358	0.00146287
52	0.0422776	0.00506431	0.0132269	0.0431457	0.00271944	0.0116039	0.0508106	0.00997912	0.314741	0.0159316	0.00854134	0.0285301	0.0143452	0.149583	0.195983	0.0318896	0.0350622	0.0176087	0.000650995	0.00830582
53	0.268828	0.0103358	0.0082247	0.0325911	0.00350743	0.0313151	0.0038718	0.00354658	0.00446282	0.00453203	0.00648946	0.0145278	0.00707459	0.0508396	0.00331452	0.468679	0.0679101	0.0081508	0.00063449	0.00116456
54	0.0117878	0.0079059	0.00235044	0.0025919	0.0355956	0.00312872	0.00418685	0.231415	0.00508961	0.321043	0.216774	0.00510707	0.00136607	0.00785414	0.00558585	0.0170704	0.0239387	0.084331	0.000487877	0.0123896
55	0.0695973	0.00433964	0.0118493	0.00974861	0.0010184	0.76443	0.00354026	0.00541759	0.00304145	0.00796769	0.00342828	0.0137755	0.00379202	0.00863629	0.00278489	0.0597244	0.0168607	0.00807697	0.00076314	0.00120719
56	0.0856153	0.00393116	0.00651961	0.0174906	0.00301288	0.00869815	0.00897027	0.147815	0.00282229	0.043665	0.0443195	0.00794261	0.00397811	0.00849959	0.00258689	0.0426553	0.240915	0.314221	0.000556388	0.00578615
57	0.150596	0.0130587	0.030798	0.0615007	0.00616614	0.0191836	0.018877	0.018624	0.0251244	0.0143911	0.0180894	0.0268225	0.34809	0.041376	0.016682	0.114908	0.0445553	0.0263751	0.00148532	0.00329694
58	0.0153564	0.00651322	0.00463511	0.00988351	0.397472	0.00340561	0.0221209	0.0373793	0.00457518	0.0744387	0.0271761	0.00610763	0.00304389	0.0125553	0.00384769	0.014411	0.0115246	0.0364222	0.0139292	0.295202
59	0.121915	0.0069898	0.00676668	0.0149092	0.00329902	0.00854052	0.0130285	0.0514009	0.00925505	0.0544124	0.0180993	0.010491	0.0122328	0.043085	0.00650995	0.063582	0.341381	0.210024	0.00101863	0.00305845
60	0.234199	0.0230188	0.00425801	0.00979984	0.00250452	0.022033	0.0174	0.0400422	0.0195019	0.0239186	0.0588419	0.0403073	0.00347377	0.0102426	0.00324682	0.298256	0.164504	0.0198259	0.00069432	0.0039314
61	0.00225083	0.00209874	0.000967497	0.00127401	0.0109998	0.000993482	0.00101096	0.281728	0.00103984	0.305363	0.305748	0.00423087	0.000549296	0.00292293	0.000719455	0.00993793	0.0139135	0.0530931	0.000249851	0.000908646
62	0.230848	0.0158987	0.00108691	0.00704172	0.00340846	0.0139103	0.00165715	0.00443049	0.00175924	0.0028293	0.00367435	0.0084049	0.00217059	0.0104512	0.000858996	0.528627	0.143221	0.0185205	0.000302816	0.000897766
63	0.636109	0.0359037	0.00107817	0.00138011	0.000671072	0.110691	0.000958469	0.00269057	0.0016947	0.00418173	0.00242603	0.00352074	0.00150402	0.0052738	0.000650164	0.155547	0.00558304	0.0262602	0.000192563	0.00368286
64	0.104411	0.0173758	0.0158067	0.0218906	0.00300485	0.0148019	0.00837774	0.0229128	0.00890684	0.014422	0.0123414	0.0314905	0.0095297	0.0208996	0.00617812	0.390029	0.252804	0.0425347	0.00066797	0.00161458
65	0.0453562	0.00324227	0.22915	0.376642	0.000866158	0.0151632	0.0104656	0.00935573	0.039887	0.00764907	0.00465675	0.0293073	0.0158989	0.0879222	0.020294	0.0493818	0.0388378	0.0119745	0.000474125	0.0034751
66	0.00750255	0.0051482	0.000406242	0.000996973	0.00875899	0.000726317	0.000424644	0.532708	0.000552099	0.11428	0.0380086	0.00133405	0.000473023	0.00246452	0.000594261	0.00242162	0.0160106	0.266585	0.000135468	0.000468134
67	0.00703072	0.0018258	0.00160059	0.0102539	0.464401	0.00186256	0.0229305	0.0134196	0.00165827	0.0111417	0.0040399	0.00239146	0.00102524	0.0105316	0.00131062	0.00694892	0.00397469	0.0201609	0.0173188	0.396173
68	0.190444	0.0147143	0.028836	0.0399871	0.00487011	0.0392688	0.0157984	0.0212124	0.0180623	0.0175973	0.0163697	0.0361762	0.0211718	0.0354309	0.014364	0.321523	0.128249	0.031464	0.000910344	0.00355065
69	0.00993876	0.00499737	0.0029762	0.00444079	0.0182535	0.00284969	0.00386947	0.183122	0.00453546	0.316713	0.330089	0.0197773	0.00174249	0.00619229	0.0027755	0.0219489	0.0269277	0.0345627	0.00108692	0.00320091
70	0.0493019	0.000896473	0.306378	0.407837	0.000242453	0.0153428	0.00272254	0.0050263	0.0270628	0.00288003	0.00100025	0.0224888	0.0160947	0.0628623	0.00949912	0.0353286	0.0245856	0.00856926	0.000106015	0.00177541
71	0.00234505	0.00276092	0.000766013	0.00110439	0.00984673	0.000979682	0.00083414	0.321989	0.000779566	0.288824	0.258494	0.00343879	0.000540673	0.00335739	0.00066088	0.00840176	0.0131872	0.0807316	0.000211635	0.000747472
72	0.042394	0.00362371	0.0417022	0.0197499	0.00224578	0.0886694	0.0624228	0.00742737	0.00514872	0.00808055	0.0169225	0.270383	0.00301032	0.0404923	0.00456486	0.332566	0.0269206	0.00910315	0.00177197	0.0128001
73	0.00795746	0.00836981	0.00466643	0.0155001	0.000351463	0.00555516	0.0174291	0.00436436	0.356299	0.00863923	0.00571862	0.0184502	0.00146794	0.0549757	0.436619	0.0213362	0.0210657	0.00638053	0.000237878	0.00461641
74	0.191515	0.0168532	0.00727544	0.0134579	0.00185789	0.0178648	0.00565269	0.0142442	0.00863199	0.00999968	0.00937879	0.0259161	0.00635646	0.0145957	0.00374081	0.295549	0.325473	0.0295043	0.00066994	0.00146369
75	0.044296	0.00384804	0.274527	0.365234	0.00758228	0.0163065	0.0087528	0.0102248	0.0270653	0.00781784	0.00559367	0.0299165	0.0195873	0.0558583	0.0129154	0.0482685	0.0359047	0.0169315	0.00152009	0.00785012
76	0.598171	0.0396565	0.00107211	0.00209712	0.00103425	0.0942413	0.00147302	0.00334085	0.00204874	0.00422094	0.00250571	0.00434524	0.00157034	0.00555248	0.00212996	0.188362	0.0178079	0.0267707	0.000174373	0.00342559
77	0.0222913	0.0117264	0.00720206	0.00959261	0.0404043	0.00820749	0.0084771	0.231207	0.0142433	0.277364	0.128991	0.0100113	0.0027925	0.015273	0.0143797	0.0251016	0.0309273	0.124786	0.00149768	0.0155242
78	0.0239445	0.00641873	0.00652272	0.0305523	0.0025445	0.00682991	0.00930986	0.0762318	0.00489754	0.0454819	0.134362	0.0317896	0.00262132	0.0115985	0.0047531	0.0813486	0.470946	0.0458486	0.00124638	0.00275197
79	0.05796	0.011251	0.0672658	0.115746	0.00701863	0.0203715	0.0355	0.0280006	0.109776	0.0249039	0.0164193	0.0489454	0.0239375	0.159621	0.0753391	0.0906136	0.0646722	0.0294819	0.00266779	0.0105087
80	0.589481	0.0304787	0.00139514	0.00391035	0.00145443	0.0968667	0.00115377	0.00356068	0.00195049	0.00424726	0.00303349	0.00455184	0.004651	0.00899594	0.000754156	0.20156	0.0136669	0.0244631	0.000201456	0.00362318
81	0.0369157	0.0324353	0.00731035	0.0020731	0.10661	0.00274707	0.00908625	0.132654	0.0065122	0.343657	0.0949698	0.00204964	0.00169285	0.00397844	0.0102918	0.0148278	0.010607	0.130929	0.000375527	0.0502782
82	0.0138595	0.00651859	0.00897646	0.0194088	0.0010805	0.00823641	0.0229975	0.00545834	0.316193	0.0122914	0.00784978	0.0226213	0.0028616	0.0419948	0.43313	0.0327361	0.0282689	0.00932847	0.000299617	0.00588916
83	0.00676143	0.00708744	0.0042907	0.00868877	0.000228277	0.00314047	0.018055	0.00258034	0.346179	0.00895991	0.00640892	0.0138019	0.000388212	0.035221	0.490439	0.0202413	0.0177433	0.00533977	0.000186397	0.00425859
84	0.329714	0.0163111	0.00115563	0.0142458	0.00385424	0.027514	0.00158275	0.00254481	0.00158206	0.00229247	0.00523272	0.00446259	0.004364	0.0277887	0.00137904	0.490936	0.052855	0.0106106	0.000243197	0.00133087
85	0.00342643	0.00437834	0.000605852	0.000753144	0.0072651	0.000930476	0.000794177	0.412793	0.000538919	0.242038	0.137347	0.00157123	0.000450349	0.00456298	0.000629243	0.00441352	0.0162656	0.160512	0.00014824	0.000575867
86	0.310881	0.0145421	0.0087851	0.00715378	0.00173823	0.401365	0.00361029	0.00797193	0.00334413	0.00752926	0.00482275	0.0240624	0.0143269	0.00832592	0.00130257	0.13037	0.0265095	0.0198118	0.00053932	0.00300832
87	0.026241	0.0152526	0.00058314	0.00146818	0.000598706	0.00122958	0.000715293	0.215087	0.000465638	0.0291647	0.00330013	0.00499365	0.000337651	0.00113909	0.000565999	0.00217516	0.00317753	0.689615	0.00022724	0.00366288
88	0.00996478	0.00544227	0.00508296	0.010629	0.000260056	0.00470644	0.0230269	0.00195749	0.336339	0.0117703	0.00627274	0.0189232	0.000312567	0.036448	0.47188	0.0237187	0.022	0.00467831	0.000190504	0.00639612
89	0.0144979	0.0074554	0.00122183	0.00252556	0.00619438	0.00226976	0.00136227	0.50815	0.00140071	0.0886858	0.0381587	0.00324791	0.000933184	0.00319902	0.00126382	0.00594101	0.0193653	0.292355	0.000417625	0.00135403
90	0.0118442	0.00382475	0.00584464	0.0120146	0.000341669	0.00538418	0.0257646	0.00212957	0.351589	0.0159212	0.00978621	0.0248018	0.0005618	0.0312225	0.423973	0.0270719	0.0340273	0.00645316	0.0001615	0.00728227
91	0.0532203	0.00406842	0.199152	0.350448	0.00160014	0.0166348	0.0177719	0.0106658	0.0478546	0.00795526	0.00402098	0.0288946	0.0212736	0.10058	0.0244056	0.051832	0.0408937	0.0136518	0.00122385	0.00385273
92	0.0409619	0.0015095	0.301003	0.40803	0.000500569	0.0159584	0.00424332	0.00564008	0.0227034	0.00372071	0.00208634	0.0249262	0.0124686	0.0556059	0.00874486	0.042993	0.0376173	0.00893744	0.000247578	0.00210239
93	0.243738	0.0195402	0.00169124	0.00609262	0.00134606	0.0171808	0.00207519	0.0102428	0.00615337	0.00860791	0.00466619	0.0146811	0.00213426	0.00384517	0.00104519	0.235044	0.387974	0.0325161	0.000320551	0.00110552
94	0.0177907	0.00103739	0.482605	0.38757	0.000432714	0.0061207	0.00153282	0.00311248	0.00990693	0.00158785	0.000921124	0.0125384	0.00814655	0.0275253	0.00348941	0.0158697	0.0141849	0.00471151	0.000159103	0.000757448
95	0.00361807	0.00489967	0.000485898	0.000568872	0.00684296	0.000920604	0.00046168	0.460205	0.00032225	0.217541	0.0795643	0.00062892	0.000449995	0.00454453	0.000556622	0.0022083	0.0156812	0.200009	0.00010211	0.000388091
96	0.0505964	0.0505416	0.0806619	0.274726	0.00801217	0.0216599	0.0246816	0.0249044	0.0525012	0.0249806	0.016269	0.0271159	0.0153879	0.1309	0.0324459	0.0715913	0.0535533	0.0301464	0.00278801	0.00653656
97	0.0288322	0.00207366	0.0103204	0.00679549	0.000861586	0.883532	0.00250226	0.00244716	0.00325548	0.00669543	0.00204888	0.00806383	0.00193212	0.00328851	0.0052522	0.0211932	0.00482575	0.00494392	0.000315198	0.000820775
98	0.0415184	0.00420672	0.26576	0.361804	0.0020022	0.0154468	0.00806026	0.0127284	0.0375637	0.010715	0.0071794	0.0255445	0.0156844	0.0615027	0.0229841	0.0488618	0.0373183	0.0167433	0.000866989	0.00350878
99	0.040763	0.0104482	0.0043909	0.00908744	0.00784774	0.00908554	0.00402159	0.268745	0.00745385	0.0801943	0.0293272	0.00926715	0.00319212	0.00892258	0.00747253	0.0244361	0.0378383	0.430367	0.00103063	0.00610882
100	0.0417788	0.00652596	0.00739412	0.0334089	0.00635231	0.0230678	0.00702472	0.213558	0.00622631	0.076245	0.0351385	0.0148593	0.00482073	0.00993433	0.00538433	0.0318286	0.0761178	0.395462	0.000954859	0.00391729
101	0.0537719	0.00139725	0.223483	0.340727	0.000859814	0.0216502	0.00832837	0.00789845	0.0334838	0.00698567	0.00376305	0.0360834	0.0137922	0.0788825	0.0128646	0.0792245	0.0614595	0.0115322	0.000520592	0.00329226
102	0.00643275	0.00507717	0.000419947	0.000582551	0.00832729	0.000597085	0.000429802	0.545164	0.000330637	0.115837	0.0392221	0.000599117	0.000257055	0.00253528	0.00041503	0.00175821	0.0150697	0.256391	0.00013844	0.000415289
103	0.0456937	0.00779942	0.034012	0.112425	0.00651684	0.0235991	0.0224647	0.0267592	0.0477041	0.0545643	0.0205143	0.0605278	0.00381821	0.141796	0.0349715	0.173379	0.135209	0.0415065	0.00089297	0.0058457
104	0.00796979	0.00325937	0.000605163	0.00091933	0.00342231	0.000694834	0.000550098	0.641593	0.000552229	0.0239867	0.01993	0.000796175	0.000360652	0.0011748	0.0004797	0.00216138	0.0143474	0.27661	0.000170086	0.000416701
105	0.00837932	0.000891309	0.587888	0.328111	0.00047319	0.0033393	0.00133583	0.00236783	0.00527686	0.00122926	0.00102663	0.0130382	0.00547889	0.0160299	0.00152928	0.0104501	0.00899565	0.00342173	0.00021347	0.000524089
106	0.0110552	0.00448025	0.00739631	0.0118744	0.000285135	0.00540118	0.0238364	0.00240217	0.337835	0.0120234	0.00701382	0.0221958	0.000616569	0.0350414	0.449196	0.0279666	0.0289089	0.00520251	0.00014773	0.00712141
107	0.161756	0.00520887	0.031221	0.0204072	0.0131038	0.0247176	0.0237298	0.0283876	0.0115564	0.00774371	0.0178084	0.0462963	0.165556	0.0687239	0.00989977	0.265617	0.0801172	0.0159842	0.000958083	0.00120755
108	0.0811197	0.00237084	0.00209595	0.0207376	0.0120759	0.00728209	0.00563218	0.160365	0.0069456	0.135656	0.02949	0.0217353	0.00787758	0.00810083	0.00608098	0.0372585	0.11544	0.337557	0.000405161	0.00177509
109	0.112511	0.00250136	0.0395517	0.060642	0.00251263	0.0450007	0.0195615	0.011679	0.0217323	0.0167852	0.00505384	0.0878242	0.0169241	0.0578348	0.0141944	0.246341	0.214642	0.0213667	0.00289748	0.000444792
110	0.110963	0.00305391	0.0346222	0.0543187	0.0029758	0.0783792	0.0199823	0.0121261	0.0201693	0.0187141	0.00716162	0.0816433	0.0130823	0.0669186	0.0217543	0.248234	0.184627	0.0175354	0.00315308	0.000584933
111	0.122199	0.0024777	0.0398286	0.0634208	0.00283399	0.0421142	0.0213646	0.0133729	0.023934	0.0174261	0.00600485	0.0846797	0.0243006	0.0617579	0.0141289	0.246024	0.190502	0.0208262	0.00251555	0.000288665
112	0.00797914	0.0069142	0.00480176	0.0115444	0.00030137	0.00437911	0.0190663	0.0029452	0.343104	0.00966417	0.00606828	0.0170043	0.000632646	0.0427929	0.470034	0.0221142	0.0201857	0.00509903	0.00018583	0.00518312
113	0.0373685	0.0173312	0.0199518	0.024425	0.0071368	0.0319785	0.0105942	0.0641263	0.032161	0.0729638	0.0460783	0.0367755	0.000764895	0.117546	0.0368122	0.161322	0.195813	0.0859248	0.000304697	0.000622007
114	0.0236918	0.0019049	0.013183	0.00839201	0.000691459	0.889494	0.00204171	0.00207564	0.00205456	0.00633966	0.00148215	0.00961591	0.00173007	0.00326064	0.00144494	0.0216817	0.00622618	0.00340328	0.000432464	0.000853936
115	0.00829716	0.00690374	0.00463878	0.0114466	0.000289734	0.00433169	0.0192421	0.00297466	0.346339	0.00957175	0.00613489	0.0165464	0.000492061	0.0414849	0.469021	0.0220152	0.0196013	0.00509438	0.000214088	0.00536113
116	0.00315479	0.0047194	0.000548039	0.000621911	0.00704599	0.00107465	0.000503637	0.437362	0.000417697	0.238736	0.102197	0.000827369	0.000571174	0.00476921	0.000604131	0.00289052	0.0155123	0.177964	0.00010008	0.000380411
117	0.0198228	0.00393393	0.00182441	0.00722943	0.00554772	0.00305999	0.00237571	0.454484	0.00132571	0.0954568	0.0505663	0.00430143	0.00139927	0.00308913	0.00110751	0.0120286	0.0569556	0.273861	0.000226789	0.00140362
118	0.00281497	0.00189636	0.00121663	0.00157837	0.0131044	0.00119567	0.00120497	0.247538	0.00147648	0.313216	0.342098	0.00541617	0.000653518	0.00287941	0.000869436	0.0128772	0.01327	0.0351623	0.000290504	0.00124162
119	0.00610326	0.00900469	0.00413724	0.0100876	0.000271404	0.003575	0.0168635	0.00347783	0.351792	0.00817383	0.00643896	0.0140168	0.000707388	0.0408135	0.476296	0.0202221	0.0178852	0.00612312	0.000225306	0.00378535
120	0.0920297	0.0199416	0.0105229	0.0131949	0.00190953	0.0128235	0.0061961	0.0144314	0.00641708	0.00826826	0.00851291	0.0316633	0.00519095	0.0156405	0.00407884	0.398836	0.324737	0.0230246	0.000922995	0.00165815
121	0.173403	0.015076	0.0116841	0.0200405	0.00224829	0.0215174	0.0106529	0.017965	0.0123966	0.0269073	0.0116637	0.0352469	0.00836776	0.0228199	0.00563862	0.283685	0.28398	0.033968	0.00101013	0.0017287
122	0.00452455	0.000916871	0.613211	0.323742	0.000580223	0.00232187	0.00117093	0.00215802	0.00278825	0.00118375	0.00110011	0.0104895	0.00466289	0.0113147	0.000670271	0.00805594	0.00766211	0.00279983	0.000220505	0.000426656
123	0.0245984	0.00860997	0.00858457	0.00950643	0.0217803	0.00742728	0.00884475	0.219238	0.00902564	0.223252	0.214543	0.0132295	0.00445375	0.0122393	0.00990973	0.0367993	0.0536079	0.103502	0.00259922	0.0082496
124	0.031805	0.000913079	0.386412	0.402095	0.000361829	0.0110106	0.00263594	0.00447945	0.018412	0.0021835	0.00111083	0.0180458	0.0113537	0.0444091	0.00684329	0.0277186	0.0220463	0.00655534	0.00020771	0.00140102
125	0.305308	0.015781	0.00232322	0.0100593	0.0024505	0.0346186	0.00324916	0.0107297	0.0054804	0.0060093	0.00673973	0.0197459	0.00556988	0.0131549	0.00138206	0.322355	0.211306	0.0213887	0.00038182	0.00196751
126	0.0287402	0.00279843	0.000848492	0.0160072	0.00713461	0.00708508	0.000958717	0.228279	0.00782674	0.122501	0.0348728	0.0254138	0.00705927	0.00397264	0.00519291	0.0255384	0.0561294	0.418087	0.00032954	0.00122485
127	0.00704498	0.00180289	0.00159734	0.0102522	0.464888	0.00186292	0.0229028	0.0134313	0.00165822	0.0111646	0.00406968	0.00239745	0.00102508	0.0105142	0.00131045	0.0069644	0.00398756	0.0201247	0.017312	0.395689
128	0.00684369	0.000910134	0.596536	0.329145	0.000463827	0.00287858	0.00120529	0.00219266	0.00431401	0.00119522	0.00103728	0.0111112	0.00520462	0.0140049	0.00112939	0.00922691	0.00866753	0.00322094	0.000218075	0.000494272
129	0.00396681	0.00276989	0.00134796	0.00152227	0.0154685	0.00132578	0.00151225	0.240646	0.00183533	0.329432	0.317107	0.00543486	0.000684636	0.00355735	0.00105541	0.0122941	0.0149275	0.0423868	0.000259803	0.00246669
130	0.0296497	0.00271405	0.0112217	0.0079602	0.000651631	0.869778	0.0028309	0.00244486	0.00494792	0.00686031	0.00212069	0.00917642	0.0029719	0.00479521	0.00469551	0.0254006	0.00628401	0.00388042	0.000801428	0.000814256
131	0.113771	0.00204695	0.0389423	0.0611515	0.00253448	0.0448367	0.0222218	0.0109297	0.0216889	0.0179149	0.00528482	0.0924549	0.0135568	0.0613886	0.0163853	0.248001	0.205054	0.0172606	0.00415324	0.000422359
132	0.00714224	0.00720568	0.00454702	0.0102055	0.000264028	0.00396158	0.0186218	0.00294152	0.354735	0.00943737	0.00688685	0.0155959	0.000580429	0.0380362	0.468281	0.021406	0.0197377	0.00592427	0.00019738	0.0042933
133	0.00677102	0.00473801	0.00149727	0.00188754	0.0178944	0.00156662	0.00216174	0.282682	0.00202682	0.289635	0.256716	0.00470503	0.000883846	0.00418437	0.00157657	0.0122426	0.0195011	0.0852535	0.000328227	0.00374788
134	0.0229182	0.0045302	0.0028204	0.00830012	0.00540854	0.00415079	0.00370004	0.450535	0.00296949	0.0804906	0.0422946	0.00599938	0.0015627	0.00831185	0.00273735	0.0177361	0.0646203	0.26844	0.000525222	0.00194947
135	0.00452356	0.000917962	0.612423	0.324791	0.000505118	0.00229485	0.00114775	0.00207139	0.00282612	0.00116692	0.00105708	0.0104996	0.00467685	0.0113213	0.000660056	0.00794597	0.00771756	0.00282008	0.000220649	0.000413088
136	0.332657	0.014816	0.00140881	0.0199738	0.00349668	0.0355718	0.00157922	0.00317211	0.00151751	0.00229943	0.00739908	0.0037044	0.0123355	0.0418952	0.000902632	0.467062	0.0384091	0.0098502	0.000304573	0.00164468
137	0.0181861	0.0190391	0.00347708	0.00150759	0.0523422	0.00190488	0.00409	0.288732	0.00305609	0.289662	0.11768	0.00185898	0.00102892	0.00469894	0.00491508	0.0088564	0.0141241	0.143882	0.000279095	0.0206795
138	0.0365846	0.0183297	0.0215579	0.0247738	0.00716638	0.0336277	0.0107267	0.0632649	0.0306823	0.0741734	0.0434131	0.038443	0.0007066	0.120193	0.0370585	0.159418	0.197573	0.0814639	0.000307148	0.000536555
139	0.0121435	0.00455956	0.00639624	0.014215	0.00028244	0.00668216	0.0247284	0.00261587	0.34334	0.0126683	0.00684044	0.0256304	0.000739881	0.0388526	0.429967	0.028278	0.0288144	0.0052092	0.000194698	0.00784163
140	0.049781	0.00108306	0.261132	0.446624	0.000232636	0.0153874	0.00264573	0.00512664	0.0274395	0.00228474	0.000730649	0.0220941	0.0157468	0.066129	0.0107501	0.0366574	0.025596	0.00860656	9.55728e-05	0.00185723
141	0.0172724	0.0044026	0.00717759	0.0183995	0.000493237	0.0118112	0.0250606	0.00329681	0.350274	0.0133423	0.0064399	0.034017	0.00138071	0.0477463	0.383273	0.028841	0.0314604	0.0063833	0.000303908	0.00862458
142	0.026506	0.0149061	0.00062513	0.00144256	0.000460149	0.00121614	0.000706443	0.220153	0.000471165	0.0252529	0.00258316	0.00488758	0.000345613	0.0010729	0.000562918	0.00213825	0.00343498	0.689173	0.000235651	0.00382697
143	0.0388182	0.0178247	0.0200478	0.025923	0.00762622	0.0334856	0.0113215	0.0621443	0.0327522	0.073901	0.0433647	0.0382161	0.000742793	0.12251	0.0373662	0.158613	0.193898	0.0806233	0.000303379	0.000517784
144	0.426274	0.00352426	0.00632085	0.0192294	0.0077749	0.0416518	0.00785916	0.0190145	0.00491662	0.00367855	0.0055946	0.0293745	0.119013	0.0302092	0.00354743	0.193622	0.0275943	0.0489423	0.000567849	0.00129065
145	0.0226644	0.0021127	0.0129017	0.00968879	0.000686495	0.89474	0.00223483	0.00210394	0.0017956	0.00630514	0.00155936	0.00983294	0.00165532	0.00326746	0.00113673	0.0191808	0.00381552	0.0029892	0.00044801	0.000880939
146	0.0263752	0.00353569	0.469657	0.28463	0.0023402	0.0130621	0.00523045	0.00753572	0.0151671	0.00929432	0.005929	0.0300821	0.0103349	0.0308126	0.00878579	0.0324581	0.0302076	0.0113253	0.000542662	0.00269483
147	0.0259861	0.0147842	0.000593713	0.00151697	0.000476052	0.00126384	0.000702983	0.222522	0.000468028	0.0255746	0.00285251	0.00476839	0.000348463	0.00107955	0.000563635	0.00207012	0.00333201	0.687191	0.000215513	0.00369057
148	0.0104096	0.004751	0.000551104	0.00114091	0.00315869	0.00076562	0.000533247	0.581281	0.000544083	0.0273285	0.0173098	0.00152071	0.000358052	0.00122178	0.000566204	0.00228788	0.0129772	0.332334	0.0002043	0.00075635
149	0.0661225	0.0211207	0.0162234	0.0278617	0.00972729	0.032037	0.0147841	0.0553321	0.0374992	0.0688203	0.0350447	0.0380749	0.00266051	0.12767	0.0428325	0.157698	0.160114	0.085143	0.000483523	0.000751253
150	0.00717466	0.00567107	0.000842628	0.0013681	0.0108837	0.00169664	0.000781138	0.423887	0.00113529	0.228813	0.0832645	0.00222447	0.00105051	0.00476558	0.00144055	0.00455233	0.017334	0.200741	0.000145727	0.00222758
151	0.0393483	0.00308022	0.315567	0.111615	0.00178209	0.0283431	0.0173182	0.00922832	0.0145571	0.00852266	0.00741502	0.151112	0.00632614	0.0387859	0.00707182	0.142426	0.0801059	0.0124761	0.00128095	0.00363772
152	0.00942467	0.00702053	0.00481258	0.0119539	0.00229686	0.00530503	0.0208917	0.00435424	0.35977	0.0142367	0.0149819	0.017957	0.00106934	0.0367566	0.420099	0.023093	0.0260704	0.0142239	0.000537001	0.00514577
153	0.515303	0.00273711	0.00221334	0.0184747	0.00915876	0.0470331	0.00178814	0.0187569	0.00183587	0.00326715	0.00297308	0.0154823	0.10674	0.0181426	0.00100552	0.169988	0.0135382	0.0496494	0.000444914	0.0014688
154	0.0207297	0.027849	0.00222025	0.00249188	0.00112707	0.00255536	0.00181637	0.00844825	0.00150155	0.00321027	0.0024289	0.0190731	0.00145482	0.00299526	0.00141343	0.555336	0.32638	0.0177055	0.000376678	0.000886664
155	0.031921	0.00191301	0.011673	0.00694939	0.000768622	0.866017	0.0028257	0.00399169	0.00220272	0.00645457	0.00288855	0.0122982	0.00330787	0.00396968	0.00141577	0.0270451	0.00768637	0.00531145	0.000457316	0.000903367
156	0.00715221	0.00685778	0.0044591	0.00840275	0.000226427	0.00319931	0.0188755	0.00224364	0.341119	0.00946268	0.00674783	0.014333	0.000330778	0.0323953	0.494177	0.021516	0.0186039	0.00523604	0.000202004	0.00446019
157	0.0219371	0.0123557	0.000604968	0.00143861	0.00198274	0.00108408	0.000621787	0.316087	0.000488449	0.0337221	0.00634461	0.0042884	0.000375167	0.00109911	0.000533614	0.00228734	0.00639889	0.585406	0.000208544	0.00273544
158	0.0133644	0.0178154	0.00304214	0.00305767	0.00102625	0.00280023	0.0021292	0.0175709	0.00193636	0.00382811	0.00473999	0.0459971	0.00182664	0.00337631	0.00143895	0.428821	0.433485	0.0123306	0.000439162	0.000974111
159	0.00715737	0.00661671	0.00423091	0.00910971	0.000389744	0.00362653	0.0184079	0.00270179	0.365561	0.0100191	0.00813648	0.0147579	0.000460406	0.0330862	0.462569	0.0203826	0.0199788	0.00852047	0.000241359	0.00404575
160	0.00565119	0.00505382	0.000532828	0.000863216	0.00729977	0.00151245	0.000534391	0.454427	0.000553885	0.213577	0.0705385	0.00119104	0.000826211	0.00458114	0.000895724	0.00344168	0.0174078	0.210361	0.000108426	0.000643289
161	0.018917	0.00153438	0.0131669	0.00652354	0.0006423	0.891151	0.00247593	0.00291476	0.00467515	0.00663447	0.0024765	0.0107182	0.000668183	0.00312052	0.00503792	0.02066	0.00416493	0.00331625	0.000352615	0.000849778
162	0.00806889	0.00640466	0.00471693	0.0100947	0.00023951	0.00393926	0.0195483	0.00252199	0.34487	0.00975023	0.00657621	0.0160506	0.000471598	0.0366026	0.476785	0.0221882	0.0203956	0.00559598	0.000188669	0.00499089
163	0.422447	0.0206781	0.00564649	0.0129195	0.00289653	0.076328	0.00374218	0.00698967	0.00382624	0.00651822	0.00659276	0.0144046	0.0125092	0.0200618	0.00174128	0.310757	0.0464124	0.0215344	0.000615497	0.00337976
164	0.0297755	0.0193841	0.00586412	0.00499849	0.287069	0.0020224	0.0169832	0.0682609	0.00553449	0.212524	0.0613988	0.00232411	0.0011101	0.00617443	0.00793787	0.0135697	0.00671552	0.069796	0.00687372	0.171683
165	0.29601	0.0176049	0.00157506	0.00497839	0.00153678	0.030275	0.00362347	0.0171535	0.00730877	0.00897786	0.00969401	0.0288823	0.00172101	0.00266922	0.00111668	0.276054	0.261089	0.0267457	0.000372797	0.002612
166	0.00771982	0.00797463	0.00453544	0.0100307	0.000299176	0.00366062	0.0204486	0.00276808	0.342327	0.00916818	0.00653969	0.014803	0.000700953	0.0369239	0.481168	0.0218358	0.0184874	0.00564937	0.000207146	0.00475157
167	0.286615	0.0125222	0.000994519	0.00981279	0.00423129	0.0181974	0.00132362	0.00317503	0.00156469	0.00227202	0.00394336	0.0063029	0.00288154	0.0167087	0.00069018	0.519666	0.0916921	0.0161117	0.000303737	0.000991343
168	0.0156766	0.00346063	0.00720754	0.0147853	0.000383713	0.0071156	0.030223	0.00154661	0.329959	0.0140137	0.00659053	0.0263406	0.000333255	0.0377414	0.428485	0.0304563	0.0306261	0.00471321	0.000172906	0.0101689
169	0.0379106	0.000775155	0.386703	0.377645	0.00025526	0.0123077	0.00231683	0.00455602	0.0237857	0.00196325	0.000841431	0.0198737	0.0139828	0.0497873	0.00747727	0.0290089	0.0216118	0.00764092	9.83324e-05	0.00145953
170	0.00703071	0.00183355	0.00160059	0.0102497	0.464652	0.0018568	0.0229318	0.0134053	0.00166157	0.0112435	0.00409591	0.00239086	0.00102524	0.010512	0.00131062	0.0069962	0.00392977	0.0201681	0.0173167	0.395789
171	0.0141365	0.000883204	0.54966	0.340925	0.000467927	0.0050288	0.00161572	0.00262399	0.00765272	0.00161498	0.00103553	0.0126865	0.00716216	0.0222715	0.00250297	0.0136463	0.0111278	0.00405685	0.000182772	0.000718282
172	0.115229	0.00592185	0.00717738	0.0178113	0.0051257	0.00979587	0.0105795	0.152192	0.00372176	0.0594214	0.0518263	0.0106754	0.00527278	0.00954945	0.00394256	0.0516857	0.180013	0.29312	0.000898387	0.00603981
173	0.0711811	0.00911218	0.0051704	0.0168416	0.00398657	0.00687115	0.0112596	0.114488	0.00366633	0.0948145	0.157655	0.0104977	0.00317359	0.00832934	0.00384317	0.0799092	0.176476	0.218332	0.000488049	0.00390484
174	0.0511713	0.00295702	0.17019	0.095612	0.00185609	0.397374	0.0078033	0.00655063	0.00591119	0.00796679	0.00837853	0.0449208	0.00495961	0.0217165	0.00386357	0.109245	0.04765	0.00885007	0.00125465	0.00176925
175	0.511836	0.00272026	0.00225913	0.0185164	0.00889582	0.0461379	0.00186934	0.0187015	0.00185725	0.00311552	0.00295046	0.0160075	0.109995	0.0186724	0.00103892	0.171393	0.0133105	0.0488026	0.000460711	0.00146004
176	0.0290671	0.00111591	0.0670466	0.130688	0.00110631	0.00144341	0.0468023	0.0214616	0.119963	0.0165071	0.0126276	0.0781566	0.000610435	0.215813	0.027072	0.0939695	0.0975386	0.0167002	0.000355128	0.0219552
177	0.0923488	0.00408952	0.00634237	0.0176591	0.00303693	0.0082402	0.00950574	0.133585	0.00270291	0.0422989	0.0439113	0.00812193	0.00438075	0.00802746	0.00224262	0.0433458	0.250912	0.313544	0.000560843	0.00514434
178	0.00954243	0.00507772	0.00536269	0.0100307	0.000259953	0.00445677	0.0217494	0.00186291	0.34081	0.0120725	0.00668626	0.0194465	0.000324409	0.0340547	0.470072	0.0236097	0.0236263	0.00459565	0.000171586	0.00618721
179	0.025362	0.0171525	0.00639896	0.00587404	0.256616	0.0036637	0.0290079	0.064986	0.00935995	0.253174	0.0705879	0.00398221	0.0016484	0.00883615	0.0112592	0.0257819	0.0122354	0.0653136	0.00457925	0.124182
180	0.0076743	0.0055908	0.00055675	0.00168926	0.00785113	0.00181561	0.000566865	0.407035	0.000901149	0.212505	0.081279	0.00262798	0.00106401	0.00459591	0.00101781	0.00434581	0.0177413	0.240084	0.000116341	0.000942476
181	0.111841	0.00591072	0.00847718	0.166808	0.00324696	0.0271393	0.0617451	0.0113554	0.117408	0.00992942	0.00706893	0.00916814	0.136855	0.182091	0.0914012	0.0206027	0.0137704	0.0113589	0.00135712	0.00246493
182	0.0675324	0.123611	0.0134206	0.020866	0.00751754	0.0167069	0.0198273	0.0250536	0.0131756	0.0254871	0.0187641	0.0254975	0.0871707	0.0234829	0.0127658	0.101719	0.33836	0.0492275	0.0045048	0.00531074
183	0.146247	0.0129064	0.0314689	0.0690367	0.00690125	0.0203575	0.0269877	0.0228667	0.0324536	0.0151364	0.0168643	0.027901	0.300423	0.0531529	0.0227214	0.115356	0.0475546	0.0260781	0.00161796	0.00396883
184	0.0456927	0.00107062	0.279614	0.444636	0.000253366	0.0160486	0.0024853	0.00479381	0.0251135	0.00212497	0.000818362	0.0204235	0.0147998	0.0615841	0.00968603	0.03546	0.0254689	0.00811596	0.000126224	0.00168451
185	0.0261839	0.002305	0.0780242	0.0670172	0.00181615	0.691985	0.00352731	0.0038463	0.00469481	0.0074536	0.00417433	0.0197274	0.00318293	0.0153102	0.00296402	0.0400457	0.0185607	0.00645505	0.000780053	0.00194612
186	0.0478611	0.00352046	0.259598	0.356479	0.00797292	0.0199504	0.0103874	0.0127497	0.0294433	0.00975758	0.00606566	0.0226719	0.0181349	0.0627985	0.0157789	0.0494884	0.0390109	0.0185409	0.00101994	0.00877114
187	0.00448832	0.00477361	0.000449337	0.000613507	0.00684707	0.000889039	0.000453431	0.479401	0.000334563	0.195619	0.0731716	0.000661309	0.000465601	0.00412773	0.000549642	0.00226083	0.0151771	0.209191	0.000121068	0.000404879
188	0.0422751	0.00692645	0.129736	0.279347	0.00385485	0.0129801	0.0222762	0.0336723	0.0532311	0.0145402	0.00984267	0.0354063	0.0137375	0.15831	0.0199562	0.0786284	0.0554893	0.0200147	0.000901713	0.00887345
189	0.0197051	0.0114831	0.00874467	0.02737	0.00392847	0.014496	0.0106846	0.0203713	0.30031	0.0173021	0.0116962	0.0236455	0.00436768	0.168389	0.103476	0.0381358	0.112931	0.0991291	0.00126636	0.00256717
