282	20
1	0.0355781	0.0086403	0.00051399	0.00201799	0.0119484	0.00212328	0.000390679	0.311907	0.0011086	0.100755	0.0165136	0.00161018	0.000536635	0.00074901	0.0018613	0.00416384	0.00546704	0.493351	0.000145827	0.000618244
2	0.0165934	0.0155144	0.00481208	0.00501252	0.363117	0.00546774	0.0243671	0.0409714	0.001545	0.048104	0.0179282	0.00552774	0.00100343	0.00346125	0.00800743	0.00786763	0.0180201	0.0372233	0.0152175	0.360239
3	0.0278612	0.00929559	0.0109624	0.0187755	0.00733882	0.0130018	0.0181172	0.00891083	0.338812	0.0164106	0.00485174	0.0371929	0.00366749	0.0497234	0.326554	0.0475205	0.0346961	0.0130733	0.00833826	0.00489595
4	0.0442	0.0183285	0.0235333	0.0297786	0.0137394	0.0220177	0.0251285	0.0386189	0.155423	0.0265957	0.020094	0.0593149	0.016737	0.0554914	0.109712	0.11428	0.159702	0.0521042	0.00388247	0.0113189
5	0.0804771	0.0294855	0.00395694	0.00467644	0.00839007	0.0267612	0.00670377	0.0788716	0.00586018	0.0333202	0.0207975	0.0338017	0.00677322	0.0258662	0.0125602	0.189471	0.327978	0.0953512	0.00284517	0.00605259
6	0.07558	0.0627879	0.00636468	0.00601544	0.00317337	0.00741798	0.0113453	0.0137625	0.0344542	0.00896556	0.0131142	0.0161189	0.00766207	0.00920154	0.0329331	0.464116	0.189125	0.0295016	0.00195455	0.00640594
7	0.0867884	0.0109596	0.0448689	0.0436014	0.00813246	0.0324672	0.0259514	0.00917003	0.0494247	0.0344204	0.00500529	0.0473307	0.323508	0.0653458	0.0417049	0.08659	0.0589861	0.0180765	0.00293691	0.00473102
8	0.0322412	0.0180577	0.0816353	0.0380179	0.00718484	0.0390339	0.0421468	0.015588	0.0419903	0.0138213	0.0103878	0.222461	0.0165703	0.0419443	0.0640905	0.171937	0.0920664	0.0126349	0.00200787	0.036182
9	0.0500771	0.0266477	0.0288456	0.0464455	0.00723363	0.176858	0.0310944	0.01296	0.0825296	0.0160674	0.00602026	0.152269	0.0131317	0.0527335	0.0339183	0.155408	0.0767345	0.0126533	0.00232592	0.0160458
10	0.058397	0.0110282	0.0225985	0.051457	0.00864081	0.0652305	0.0223921	0.0190759	0.142102	0.0278481	0.0611891	0.0259615	0.00885879	0.132565	0.113608	0.116079	0.0455067	0.0387593	0.0025693	0.026134
11	0.0232477	0.0112873	0.00164469	0.00284206	0.0277103	0.00765347	0.000633568	0.218682	0.00695271	0.336052	0.0953736	0.00119514	0.000683283	0.00779369	0.00100359	0.00545517	0.0244512	0.219644	0.00235646	0.0053369
12	0.0895085	0.0290661	0.0040503	0.00479897	0.00829544	0.0302964	0.00654418	0.0733441	0.00666301	0.0267758	0.0177611	0.031504	0.00757934	0.0221903	0.00979881	0.19509	0.331716	0.0954871	0.00322011	0.00631095
13	0.0264509	0.0115915	0.00141534	0.00245875	0.0276731	0.00653651	0.000474692	0.222761	0.00592019	0.302834	0.0911441	0.00118998	0.000655283	0.00681643	0.000920149	0.00492825	0.022556	0.257627	0.00201751	0.00402886
14	0.0180675	0.0156587	0.00551908	0.00599721	0.347485	0.00614104	0.024457	0.0428438	0.00224328	0.0469831	0.0180817	0.00848567	0.00130586	0.0056738	0.00871341	0.00968659	0.0189442	0.0393809	0.0142286	0.360104
15	0.0236136	0.013009	0.0019058	0.00259966	0.0351335	0.00834327	0.000542242	0.185002	0.00731592	0.385021	0.12409	0.000809077	0.000639941	0.0086895	0.000645435	0.00547642	0.0270722	0.161634	0.0031923	0.00526582
16	0.272579	0.0191181	0.0484852	0.0225947	0.0142598	0.255329	0.0106986	0.0320675	0.0118596	0.0184942	0.00891161	0.0410416	0.0360796	0.0185761	0.0166031	0.0881663	0.0571888	0.0204876	0.00261167	0.00484783
17	0.0223524	0.00671004	0.00922032	0.0154078	0.00707971	0.01123	0.0157536	0.00816127	0.374234	0.0154712	0.0031587	0.0292724	0.00268803	0.0477824	0.351783	0.0320247	0.0239785	0.0121301	0.00931244	0.00224934
18	0.0334751	0.00964182	0.0553013	0.0819332	0.0102955	0.0218005	0.0223039	0.015085	0.227494	0.0172778	0.00967185	0.047814	0.0106072	0.0628451	0.23947	0.0565458	0.0424695	0.0190586	0.00636733	0.0105424
19	0.0307559	0.00863266	0.37852	0.314018	0.00465931	0.0238427	0.00648457	0.0131838	0.0200097	0.0073859	0.00669486	0.0248177	0.019422	0.0481725	0.0116525	0.0346699	0.032732	0.0102663	0.000480663	0.00359846
20	0.0166042	0.0169353	0.0053541	0.00473052	0.347014	0.00504699	0.022116	0.0495321	0.00149793	0.0526609	0.0176574	0.00537643	0.00101408	0.00424785	0.00897907	0.00745049	0.0176604	0.0440355	0.013821	0.358265
21	0.0361353	0.00885585	0.000606169	0.0020303	0.0124146	0.00214479	0.000393158	0.310504	0.00114767	0.100498	0.0169915	0.00182118	0.000585634	0.000760387	0.00183334	0.00416024	0.00565658	0.492639	0.000135372	0.000686365
22	0.0464497	0.012716	0.213073	0.186201	0.0139896	0.0281046	0.0192089	0.0308387	0.0428657	0.0343982	0.0229014	0.0356435	0.0192565	0.0817531	0.0321152	0.0508059	0.0565316	0.0568881	0.00130092	0.0149589
23	0.0237434	0.020372	0.0603069	0.0296725	0.00728585	0.0464624	0.070837	0.0175638	0.0309029	0.0149895	0.0146006	0.242326	0.0065969	0.0305908	0.0852998	0.140224	0.0767054	0.0111298	0.00147313	0.068918
24	0.0424667	0.0198345	0.00306677	0.00830067	0.0237144	0.0176129	0.00105903	0.190007	0.00918562	0.300691	0.0896614	0.00375172	0.00167475	0.0125947	0.0016503	0.013489	0.0389218	0.212502	0.0021928	0.00762287
25	0.0909984	0.0214672	0.0485552	0.0465495	0.0131103	0.331445	0.0222086	0.0270025	0.0385323	0.0200016	0.0112935	0.0660725	0.0308773	0.0348225	0.0219271	0.0805902	0.052673	0.0246071	0.00640307	0.010863
26	0.0375792	0.00892442	0.000927002	0.00226146	0.0137691	0.00240798	0.000602692	0.315566	0.0014712	0.0975632	0.0193052	0.002251	0.00134828	0.00116444	0.00203403	0.00467765	0.00603481	0.480687	0.00020815	0.00121711
27	0.0359775	0.0088178	0.00051307	0.0020135	0.0120254	0.00214115	0.000388766	0.310539	0.00114619	0.100908	0.0167448	0.00162626	0.000538326	0.000743584	0.00183195	0.00412663	0.00551378	0.493657	0.000132002	0.000615368
28	0.0244398	0.0125298	0.0027075	0.00389124	0.0325216	0.00845726	0.000749026	0.187138	0.00885263	0.375452	0.116094	0.0010816	0.000725589	0.0094644	0.00101694	0.00617377	0.0281371	0.171997	0.00293055	0.00564068
29	0.0329995	0.00783096	0.00055947	0.00197703	0.0111473	0.00212966	0.000421224	0.32079	0.00119595	0.104422	0.0156665	0.00165797	0.000537238	0.000807497	0.00208146	0.0043204	0.00560348	0.484936	0.000143622	0.00077305
30	0.0300372	0.0106699	0.430693	0.306985	0.00565083	0.0211893	0.00180385	0.0167117	0.00522771	0.00725448	0.00572479	0.0200587	0.0277791	0.0323771	0.0041353	0.0396806	0.0236492	0.00817179	0.000395157	0.00180595
31	0.0780167	0.00521015	0.0845404	0.0734251	0.00201996	0.0294532	0.0417349	0.0138246	0.0540823	0.0334962	0.00394758	0.0829766	0.172513	0.0893913	0.0490614	0.0912316	0.0662595	0.0211507	0.00301168	0.00465288
32	0.0325028	0.00269068	0.27872	0.344238	0.00161375	0.0265324	0.0151605	0.00567015	0.0435021	0.0068653	0.0089916	0.0344698	0.00443835	0.081262	0.0207547	0.0245815	0.0481669	0.0131732	0.000297446	0.0063693
33	0.0661125	0.0222707	0.0687121	0.0454663	0.0276123	0.0181674	0.0175562	0.0824429	0.05795	0.0965301	0.0595365	0.0274315	0.005618	0.0670982	0.0229428	0.0735429	0.0723835	0.119387	0.000858938	0.04838
34	0.0235485	0.0128063	0.00185394	0.00262967	0.0342334	0.00832893	0.000544358	0.187045	0.0075424	0.383385	0.120145	0.000875947	0.000639336	0.00879097	0.000636899	0.00546074	0.0269421	0.166197	0.00306238	0.00533248
35	0.0233463	0.00662832	0.0122706	0.0173319	0.00735253	0.0126767	0.0194204	0.0079361	0.363525	0.0151628	0.00336752	0.0300026	0.00271259	0.0539881	0.340663	0.0338591	0.0243269	0.0119262	0.00904316	0.00446063
36	0.0462272	0.0238226	0.0667131	0.0667152	0.0054549	0.410666	0.0263054	0.0189673	0.0397984	0.0120874	0.00624578	0.0741208	0.032331	0.0371147	0.0106785	0.0566105	0.038023	0.0147313	0.00808346	0.00530317
37	0.0359261	0.00878846	0.000519561	0.00200637	0.0119899	0.00213751	0.000395072	0.311115	0.00114642	0.101148	0.0166779	0.00162565	0.000538205	0.000743691	0.00184225	0.00411518	0.00551649	0.493017	0.000132007	0.000619308
38	0.0168252	0.0151848	0.00461158	0.0050036	0.365265	0.00540404	0.024439	0.0394823	0.00154583	0.0472892	0.0173845	0.00560062	0.00100043	0.00337296	0.00803786	0.00769834	0.0180928	0.0365403	0.0155478	0.361674
39	0.12452	0.0864711	0.00670488	0.0233973	0.0102711	0.0556272	0.00479238	0.100126	0.00903533	0.0513213	0.0157647	0.0106731	0.00444693	0.00995946	0.00667778	0.0674517	0.0832505	0.317089	0.00138597	0.0110342
40	0.0497874	0.0138677	0.0207273	0.0392587	0.0141196	0.0183077	0.039251	0.0424115	0.0343585	0.0239041	0.0927291	0.0200305	0.00674249	0.231421	0.0594397	0.114703	0.0927427	0.0488214	0.00182824	0.0355481
41	0.0235092	0.0128259	0.0018564	0.00263247	0.0342612	0.0083102	0.000546587	0.186889	0.00748838	0.383871	0.120563	0.000852426	0.000641338	0.00878168	0.000644246	0.00544544	0.0269336	0.165504	0.00309142	0.00535165
42	0.0870544	0.030608	0.00787109	0.00830389	0.0143773	0.0241784	0.00741719	0.110168	0.0122027	0.041939	0.0232765	0.0347397	0.00868918	0.0295246	0.0175988	0.146605	0.253452	0.132085	0.00114121	0.00876801
43	0.147488	0.110174	0.00569662	0.011757	0.00961807	0.0603992	0.00465935	0.0834264	0.00634393	0.0633118	0.0178164	0.011304	0.00546968	0.0104692	0.00522645	0.0794347	0.112515	0.241809	0.00128373	0.0117985
44	0.107778	0.0273745	0.0066767	0.00838535	0.00945342	0.037559	0.01789	0.063904	0.0106279	0.0262309	0.0164534	0.0362234	0.00895098	0.0221305	0.0114844	0.139893	0.300083	0.137608	0.00312171	0.00817203
45	0.0167055	0.0173358	0.00601231	0.00503301	0.348047	0.00525411	0.0219418	0.0517951	0.00166123	0.0521449	0.0185534	0.00604109	0.00121043	0.00454632	0.00901452	0.00776267	0.0182755	0.0458897	0.0138458	0.34893
46	0.0233539	0.00717006	0.00879114	0.0148136	0.00768678	0.0113577	0.0147767	0.0078164	0.367372	0.0154793	0.00300581	0.0288061	0.00264308	0.0452081	0.363172	0.0313957	0.0235008	0.0110941	0.0105688	0.001988
47	0.0173352	0.0153117	0.00485166	0.00527992	0.35451	0.00565791	0.0245019	0.0419548	0.00163957	0.0479223	0.0175776	0.00576306	0.00103613	0.00368314	0.00837164	0.00786457	0.0176458	0.0383261	0.0144683	0.366299
48	0.0311283	0.00432966	0.305953	0.340918	0.00241338	0.0246914	0.0125802	0.00780862	0.035266	0.00708725	0.00819113	0.0307311	0.008703	0.0756929	0.0178177	0.0270657	0.0422403	0.0117811	0.000328079	0.00527305
49	0.0329988	0.00657081	0.354152	0.314491	0.00354392	0.0235069	0.00931817	0.0113234	0.0253588	0.00975005	0.00714487	0.0290814	0.0163267	0.0603075	0.0134931	0.0328848	0.0348258	0.0105364	0.0003011	0.0040847
50	0.0834939	0.020659	0.113162	0.0631466	0.0306517	0.0227122	0.0299793	0.0665315	0.0360351	0.101077	0.0798527	0.0236836	0.0251605	0.0504926	0.0149618	0.0541686	0.0539545	0.107932	0.00151545	0.0208302
51	0.0291849	0.00690858	0.35696	0.337464	0.00366024	0.0233314	0.00761847	0.0112895	0.0218243	0.00664678	0.00720479	0.0256011	0.0161491	0.0543031	0.0113937	0.0316144	0.0347527	0.0101366	0.000355191	0.00360031
52	0.0287442	0.0109671	0.0012829	0.00244925	0.0247613	0.00540696	0.00043314	0.246525	0.00447808	0.246558	0.0726747	0.00129158	0.000631381	0.00510015	0.001275	0.00467057	0.0175842	0.320597	0.00154793	0.00302176
53	0.0239235	0.0128526	0.00242431	0.00349942	0.035172	0.00852588	0.00105098	0.180075	0.00875381	0.37743	0.127648	0.00148485	0.00129197	0.00980003	0.00222416	0.00971597	0.0302375	0.154993	0.0032089	0.00568747
54	0.1301	0.0199011	0.0445918	0.0406004	0.0120932	0.316269	0.0194129	0.0236363	0.0346885	0.0146902	0.00894219	0.0804452	0.02993	0.0317799	0.0194567	0.0815365	0.0566221	0.0230421	0.00512532	0.00713659
55	0.0242488	0.012241	0.00172053	0.00258497	0.0318774	0.00772038	0.000551894	0.199555	0.00678709	0.354685	0.109193	0.000910193	0.000642969	0.00805363	0.000757375	0.00533293	0.0248775	0.200686	0.00276513	0.00480999
56	0.0470915	0.0254831	0.0313209	0.0622162	0.00709794	0.0361319	0.0465386	0.00989087	0.0809994	0.006519	0.00427816	0.202668	0.0122655	0.0628335	0.0555485	0.176196	0.0970784	0.0095355	0.00122028	0.0250872
57	0.0165022	0.0158984	0.00495268	0.00493972	0.362924	0.00526313	0.0235307	0.0426955	0.00173295	0.050274	0.017659	0.00580239	0.00110919	0.00356462	0.00826087	0.00778705	0.0180929	0.03883	0.0150299	0.355151
58	0.0358105	0.0336711	0.028517	0.0378417	0.0142692	0.0209155	0.0541204	0.0181172	0.113899	0.0204369	0.01941	0.0460994	0.00584339	0.106454	0.118553	0.144523	0.0604795	0.0410185	0.00340626	0.0766142
59	0.0220199	0.00660057	0.00851548	0.0152083	0.00706989	0.0108319	0.0153893	0.00801899	0.379806	0.015008	0.00290943	0.0292038	0.00272476	0.0456656	0.353948	0.0308174	0.0235989	0.0114634	0.0094136	0.00178639
60	0.0309063	0.00526938	0.322196	0.343083	0.00296173	0.024015	0.0104562	0.00921079	0.0304236	0.00693387	0.00895943	0.0287493	0.0115809	0.0667555	0.0152273	0.0280659	0.0391565	0.0109727	0.000316255	0.00476088
61	0.023641	0.012964	0.00188021	0.00261698	0.0348619	0.00837626	0.000543153	0.185408	0.00737485	0.384827	0.123197	0.000841625	0.000640318	0.00872918	0.000647679	0.00547255	0.0270406	0.162508	0.00315554	0.00527485
62	0.0165603	0.0181314	0.00603386	0.00478944	0.345145	0.00513566	0.0222834	0.0513382	0.00157829	0.0551431	0.018237	0.00532437	0.00103564	0.0043361	0.00861344	0.00760868	0.0184025	0.0460284	0.0141094	0.350166
63	0.023631	0.0129659	0.00191585	0.00260471	0.0350713	0.00834645	0.000539823	0.185327	0.00735342	0.384458	0.123452	0.000818131	0.000639353	0.00866809	0.000644347	0.0054754	0.0270644	0.162589	0.00317287	0.00526273
64	0.068309	0.0320415	0.0758453	0.0436146	0.0467564	0.0228492	0.0210851	0.0768594	0.04286	0.0679201	0.0534014	0.0404384	0.00605696	0.0609522	0.0185491	0.0794182	0.0893973	0.111872	0.000484461	0.0412891
65	0.0382192	0.00488069	0.165364	0.251288	0.00405403	0.0302472	0.025646	0.012509	0.0656295	0.022024	0.0132015	0.0384324	0.0133779	0.12458	0.0537619	0.0428019	0.0619554	0.0201587	0.0010975	0.0107715
66	0.0357134	0.00872082	0.000527495	0.00198854	0.0119046	0.00219885	0.000392927	0.311109	0.00118335	0.101802	0.0168203	0.00166316	0.000537209	0.000774657	0.00184596	0.00422456	0.00572815	0.492068	0.000134462	0.000662995
67	0.017522	0.0168912	0.00531659	0.00477121	0.342805	0.00506588	0.0222376	0.0486088	0.00156787	0.0509639	0.0173814	0.00536553	0.00108371	0.00425948	0.00945296	0.00727289	0.0177111	0.0456236	0.0136003	0.362499
68	0.0975827	0.0172867	0.0127036	0.0126338	0.0154858	0.028912	0.0113744	0.00666531	0.0358627	0.0269057	0.00419168	0.0118294	0.507866	0.0327864	0.0241408	0.0763355	0.0572844	0.0143788	0.00209571	0.00367821
69	0.0160202	0.00876257	0.00698689	0.00887741	0.0300151	0.00890859	0.0477474	0.0584765	0.0315147	0.252015	0.0378373	0.0528193	0.14012	0.0337714	0.0313995	0.0289451	0.113368	0.0411384	0.00220704	0.0490691
70	0.0544716	0.0277932	0.00426795	0.00400626	0.00700727	0.0159361	0.00367233	0.026994	0.0170898	0.00664421	0.0110028	0.0357281	0.013435	0.00897608	0.00763546	0.430619	0.293841	0.0187576	0.00511621	0.00700657
71	0.082807	0.0054273	0.080759	0.0674945	0.00197125	0.0298546	0.0405372	0.0127866	0.0537722	0.035346	0.00408196	0.0840925	0.17168	0.0885052	0.0489494	0.095922	0.0657643	0.0224121	0.00323521	0.00460141
72	0.0236136	0.013009	0.0019058	0.00259966	0.0351335	0.00834327	0.000542242	0.185002	0.00731592	0.385021	0.12409	0.000809077	0.000639941	0.0086895	0.000645435	0.00547642	0.0270722	0.161634	0.0031923	0.00526582
73	0.0391613	0.0106554	0.0423213	0.049112	0.00785135	0.0246458	0.0479652	0.0169648	0.146728	0.018903	0.0209809	0.056284	0.0135677	0.149161	0.164111	0.0825296	0.0606228	0.0227413	0.00405434	0.0216392
74	0.0331445	0.00205818	0.264815	0.340885	0.00132341	0.0268497	0.0170213	0.00500492	0.0482641	0.00744579	0.00885308	0.0364441	0.00279304	0.0878398	0.0231798	0.0236276	0.0498261	0.0133422	0.0003064	0.00697605
75	0.0288027	0.0120177	0.00792876	0.0136804	0.00785878	0.0103874	0.0129793	0.00837496	0.340412	0.0184278	0.00368284	0.0281816	0.00280946	0.0417375	0.378232	0.0339259	0.0267894	0.0119543	0.00980656	0.00200992
76	0.0306604	0.0137248	0.00664312	0.00785509	0.0361713	0.0101478	0.00310035	0.174238	0.00980375	0.353109	0.108865	0.00353	0.00286386	0.0117768	0.00397806	0.0131012	0.0345501	0.164309	0.00374593	0.00782712
77	0.0236282	0.0129339	0.00186893	0.00262158	0.0347248	0.00838043	0.000542322	0.185784	0.00741091	0.384791	0.122373	0.000847638	0.000638852	0.00874715	0.00063803	0.00547171	0.0269655	0.163203	0.00313432	0.00529487
78	0.0219243	0.00644188	0.00840124	0.0152775	0.00701829	0.0108657	0.0154028	0.0078813	0.380233	0.0150102	0.00283208	0.0290416	0.00272744	0.0458112	0.354312	0.0307724	0.0234756	0.0113434	0.00948065	0.00174715
79	0.0221983	0.00665594	0.00843923	0.0152683	0.00711426	0.0110297	0.0153967	0.00789825	0.376884	0.0153518	0.00296346	0.0290084	0.0027337	0.0460882	0.355113	0.0312525	0.023598	0.0114432	0.00961542	0.0019476
80	0.0412925	0.0154037	0.0153319	0.0117772	0.238807	0.00998324	0.0334488	0.0475617	0.0109842	0.188796	0.0672591	0.0111086	0.00635498	0.0139604	0.011374	0.0254362	0.0313918	0.0398416	0.0152943	0.164593
81	0.11679	0.018606	0.0481877	0.0392423	0.00839691	0.260712	0.0309431	0.0204765	0.0298568	0.0220526	0.00886514	0.0527451	0.131196	0.037774	0.0225945	0.071718	0.0504423	0.0195816	0.00453206	0.00528694
82	0.0238336	0.0130517	0.00195959	0.00267143	0.0369359	0.00859244	0.000650163	0.186323	0.00733342	0.380052	0.124007	0.00101513	0.000978237	0.0087452	0.00078885	0.00565808	0.0274044	0.161145	0.0035022	0.00535268
83	0.0935502	0.019175	0.00482709	0.00685081	0.0174397	0.0259364	0.010228	0.00644484	0.0366186	0.0254421	0.00353524	0.00792945	0.525663	0.0303976	0.0230042	0.0790367	0.0630053	0.0148837	0.00209119	0.00394079
84	0.0825727	0.0054753	0.0806502	0.0673628	0.00195196	0.0298393	0.0401332	0.0128192	0.0535102	0.0349468	0.00397167	0.0835293	0.173364	0.0886364	0.0486749	0.0959867	0.0662891	0.0223874	0.00326021	0.00463917
85	0.0208768	0.0237741	0.0613722	0.0216114	0.00752126	0.0726421	0.054524	0.0260569	0.0200518	0.0215972	0.0239629	0.268592	0.00705399	0.0185552	0.0602497	0.136438	0.0788662	0.0121734	0.00167196	0.0624089
86	0.134112	0.0751047	0.0331954	0.00887131	0.0115342	0.0232371	0.0143486	0.0550015	0.0121624	0.0707439	0.0164601	0.0152098	0.0220001	0.0230982	0.0122655	0.332693	0.10845	0.0219034	0.002001	0.00760667
87	0.10315	0.0165729	0.0110428	0.0103692	0.0156754	0.0532864	0.0119191	0.00765556	0.0337587	0.0247158	0.00372238	0.0153242	0.477524	0.031247	0.0234225	0.0778106	0.0630423	0.0135847	0.00210629	0.00407026
88	0.161027	0.122995	0.0219549	0.0123726	0.0100831	0.0555371	0.0133207	0.0279837	0.0149286	0.0331563	0.03451	0.0148004	0.0612302	0.0196184	0.0141685	0.273706	0.0700808	0.0276492	0.00206628	0.00881101
89	0.0862785	0.0370178	0.0105788	0.0104666	0.00957538	0.0225322	0.0105833	0.0319818	0.0259678	0.0175029	0.0129486	0.0307768	0.0166491	0.0185992	0.0187069	0.385461	0.207241	0.0350409	0.00266704	0.00942523
90	0.0333453	0.00808754	0.00056381	0.00206904	0.0116816	0.00232796	0.000423881	0.314684	0.00145248	0.110325	0.0178473	0.00168902	0.00055519	0.000984178	0.00194505	0.00452753	0.00604045	0.480456	0.000178045	0.000817567
91	0.109004	0.0441182	0.00673747	0.00510721	0.00762884	0.0405902	0.00587513	0.0786703	0.00564507	0.0454178	0.0247383	0.0274924	0.00861223	0.025958	0.010085	0.185721	0.264839	0.0959157	0.00240394	0.00544066
92	0.0952169	0.018615	0.00794163	0.00976245	0.0167046	0.0265011	0.0121162	0.0051309	0.0397328	0.0270118	0.00326027	0.0115072	0.509356	0.0349719	0.026594	0.078901	0.0579887	0.0122864	0.00231277	0.00408857
93	0.0279395	0.0150905	0.00264361	0.00302284	0.0339486	0.00888018	0.0011024	0.1943	0.00718653	0.34738	0.111174	0.00209799	0.00105482	0.00868965	0.00119995	0.0083085	0.0295175	0.187864	0.00282571	0.00577323
94	0.157534	0.0167664	0.0417011	0.0350386	0.0127423	0.208633	0.0185328	0.0240331	0.06159	0.0199743	0.0132089	0.0532591	0.036637	0.0403671	0.0717551	0.085674	0.0613528	0.0271991	0.00390283	0.010098
95	0.064281	0.0182826	0.0111749	0.00909516	0.0216411	0.0201967	0.00848386	0.205457	0.0144638	0.105272	0.0384663	0.0310622	0.00682181	0.0161866	0.0100719	0.0492156	0.0749368	0.282706	0.000986704	0.011199
96	0.0341669	0.00302077	0.234779	0.31061	0.00141275	0.0300665	0.0248636	0.00543445	0.0506006	0.00951882	0.00795359	0.0449531	0.00772872	0.0969308	0.0285867	0.0337802	0.055274	0.0122706	0.000509405	0.00753941
97	0.0169758	0.0149059	0.00475244	0.00542803	0.361135	0.00579879	0.0254041	0.0389994	0.00161293	0.0466033	0.0176941	0.00588058	0.00100709	0.00337897	0.00803608	0.00779598	0.0179132	0.0358968	0.0150638	0.365718
98	0.0873761	0.0389843	0.057066	0.0549368	0.0934013	0.0148192	0.0253522	0.0538474	0.0216444	0.0345112	0.0320031	0.0336027	0.0117145	0.0589528	0.0115289	0.129777	0.139899	0.0383093	0.00149078	0.0607828
99	0.0359041	0.00877904	0.000524134	0.00199036	0.012079	0.00215261	0.000388941	0.310389	0.00116671	0.101565	0.0168148	0.00163076	0.000538115	0.000746106	0.0018321	0.0041404	0.00557072	0.49303	0.000131753	0.000626343
100	0.0219472	0.00644	0.00854553	0.0154059	0.00703758	0.0109003	0.0155095	0.00788435	0.379271	0.0150411	0.00289333	0.0289854	0.00273261	0.0460805	0.354165	0.0309123	0.0234739	0.0114311	0.00942753	0.00191633
101	0.169443	0.0759661	0.0031127	0.00776145	0.0072967	0.0511373	0.00320762	0.108123	0.00441374	0.054023	0.0182575	0.0126606	0.00389891	0.00987278	0.00358071	0.0805932	0.135041	0.239658	0.000863198	0.0110891
102	0.016771	0.0151843	0.00462048	0.00500566	0.364954	0.00541378	0.0245321	0.0395862	0.00151881	0.0473762	0.0174662	0.00557125	0.000985555	0.00336968	0.00805122	0.00769858	0.0181292	0.0365066	0.0154629	0.361796
103	0.149219	0.0920509	0.0170369	0.0129028	0.0253752	0.0376364	0.00732331	0.0742154	0.00981218	0.0528485	0.0181289	0.0168869	0.00576112	0.0153979	0.00697555	0.096841	0.119513	0.214909	0.00129293	0.0258733
104	0.356891	0.0290938	0.0432643	0.0256055	0.0168838	0.194187	0.00662125	0.0232825	0.00746375	0.0244413	0.00778351	0.0247519	0.0200468	0.0157413	0.014597	0.0932481	0.0694401	0.0203553	0.00179516	0.00450641
105	0.033257	0.00215584	0.267555	0.339789	0.00137449	0.0265635	0.0168088	0.00503951	0.0479268	0.00748476	0.00887226	0.0363571	0.00313487	0.0869125	0.0229784	0.0239199	0.049394	0.0131716	0.000305616	0.00699848
106	0.136772	0.00873008	0.0770713	0.0754745	0.0100631	0.0426882	0.0119226	0.0498336	0.0274004	0.0800406	0.0988852	0.0115867	0.105746	0.0642584	0.00968906	0.0467443	0.022085	0.113973	0.00163939	0.00539657
107	0.030059	0.0107664	0.431419	0.30671	0.00568311	0.0211145	0.00175366	0.0168871	0.00482791	0.00728544	0.00571472	0.0200097	0.0279989	0.0318983	0.00406956	0.0400171	0.0235305	0.00810994	0.000395265	0.00174993
108	0.0299811	0.0105299	0.428402	0.308727	0.00573168	0.0210747	0.00199429	0.0164488	0.00549739	0.00721348	0.0057845	0.0199307	0.0273924	0.0331797	0.0043015	0.039406	0.023888	0.0082968	0.000380491	0.00183994
109	0.0234758	0.00728484	0.00807404	0.0150122	0.00705268	0.0105946	0.0148901	0.00838642	0.373388	0.0155195	0.00287496	0.0292261	0.00274086	0.0449709	0.359183	0.0307515	0.0242312	0.011284	0.0092353	0.00182419
110	0.131302	0.0171618	0.00516959	0.00598904	0.00668684	0.0493003	0.00427723	0.147979	0.00744242	0.0653426	0.0421366	0.0387357	0.0211329	0.0315473	0.00543358	0.112083	0.128392	0.174906	0.000670513	0.00431043
111	0.0797693	0.00558482	0.0825227	0.0709141	0.00197827	0.0296792	0.0425253	0.0129212	0.0533904	0.0339868	0.00404326	0.0856335	0.169153	0.0880666	0.0489456	0.0959575	0.0655713	0.0214589	0.00301151	0.00488677
112	0.0356384	0.0187349	0.0851213	0.0335539	0.00850131	0.0277524	0.0292755	0.0158593	0.0391394	0.0131869	0.00932419	0.179576	0.011153	0.0509921	0.039668	0.272043	0.0906546	0.0146855	0.00193493	0.0232054
113	0.0534928	0.0294212	0.00299052	0.00433866	0.00675123	0.0121851	0.00476016	0.0294901	0.0170582	0.00704632	0.0128481	0.0301044	0.00985108	0.00941809	0.0087033	0.420371	0.304041	0.0224995	0.00468996	0.00993865
114	0.0358939	0.0087682	0.000514501	0.00202144	0.0120348	0.00213854	0.000389092	0.310802	0.00113646	0.1008	0.0166892	0.00162224	0.000535016	0.000745944	0.00183138	0.00412674	0.00550082	0.493697	0.000137994	0.000615129
115	0.0526737	0.0146063	0.0241966	0.045345	0.00570754	0.0401395	0.0577883	0.0154306	0.0986684	0.00811208	0.00816098	0.143211	0.00624208	0.104309	0.0770529	0.137598	0.119364	0.0248081	0.00173445	0.0148518
116	0.0245221	0.0126821	0.00293158	0.0032668	0.0429874	0.00804588	0.00266144	0.168148	0.00833588	0.391006	0.124179	0.00169637	0.00145029	0.00946724	0.00274968	0.00896575	0.0299602	0.144878	0.00478574	0.0072796
117	0.14268	0.0198696	0.00352899	0.0049191	0.00557249	0.0552234	0.0026942	0.155423	0.00617146	0.0705923	0.0438061	0.0371374	0.0151711	0.0245693	0.00415303	0.0966003	0.106539	0.201131	0.00064731	0.00357033
118	0.034077	0.00822679	0.000554428	0.0019896	0.0115241	0.0021645	0.000404707	0.316611	0.00115057	0.102485	0.0161444	0.0016378	0.000543515	0.000816696	0.00197186	0.00424727	0.0055387	0.489039	0.000140691	0.000732639
119	0.0246064	0.00744478	0.0147312	0.0204449	0.00769178	0.0128173	0.0167946	0.00913441	0.348547	0.0159001	0.00388983	0.0305657	0.00355758	0.0506295	0.346348	0.0351401	0.025978	0.0124417	0.00981965	0.00351764
120	0.0474825	0.0198297	0.0240367	0.0237857	0.0257688	0.0187319	0.0139696	0.120804	0.0779178	0.13667	0.0733304	0.0199325	0.0120638	0.0369695	0.0430952	0.0507403	0.0660709	0.168955	0.00244011	0.0174057
121	0.03301	0.00783618	0.000564885	0.00196403	0.0111492	0.00213383	0.000414456	0.320925	0.00115645	0.104444	0.0157018	0.00164938	0.000546793	0.000816253	0.00209651	0.00431969	0.00552068	0.484804	0.000143643	0.000803486
122	0.0496098	0.0148783	0.0328818	0.0471318	0.0177386	0.0228318	0.0284568	0.0399378	0.0380846	0.0360243	0.085542	0.0312614	0.014318	0.22209	0.0430963	0.088383	0.111064	0.04957	0.00293619	0.0241633
123	0.0871775	0.0148803	0.0223058	0.0207759	0.0140126	0.0266505	0.0178077	0.0114672	0.0388556	0.0440975	0.00691107	0.0260224	0.430298	0.0470153	0.0294025	0.0759286	0.0599894	0.0175151	0.00248811	0.00639866
124	0.0712264	0.0747431	0.00632659	0.00802906	0.0043558	0.00724636	0.0229283	0.0193094	0.0585319	0.0106733	0.021808	0.0147796	0.00545493	0.0115343	0.0565095	0.347573	0.197485	0.0509512	0.00144637	0.00908782
125	0.158588	0.0448585	0.00389733	0.00684112	0.00651558	0.0420126	0.0037021	0.126607	0.00577764	0.0512777	0.0243003	0.0211395	0.00775114	0.0155161	0.00507401	0.103018	0.144263	0.219892	0.000823705	0.00814469
126	0.0729439	0.0144348	0.0724384	0.0612423	0.0189741	0.0177093	0.0127461	0.0773238	0.0427972	0.144861	0.0704168	0.0166782	0.0164188	0.0642987	0.0168795	0.0482867	0.0639336	0.147139	0.000986909	0.0194908
127	0.077285	0.0159776	0.0057728	0.00822191	0.0132191	0.0209557	0.00208013	0.232369	0.0130324	0.11059	0.0406519	0.0209956	0.00643385	0.01223	0.00445027	0.0378675	0.0537292	0.318474	0.000623543	0.00504086
128	0.0698603	0.0388819	0.0146354	0.0340086	0.0148196	0.0151465	0.0359091	0.0338932	0.0533531	0.0146987	0.0170019	0.0644057	0.00905685	0.0480192	0.0371513	0.252538	0.160244	0.048797	0.0012348	0.0363444
129	0.023095	0.00729782	0.00888088	0.0147268	0.00789916	0.0115234	0.0145667	0.00790868	0.366252	0.0154018	0.00320272	0.0289783	0.00264115	0.0447577	0.363583	0.0314551	0.0234758	0.0112989	0.0112337	0.00182135
130	0.0684216	0.00525102	0.116479	0.108959	0.00205675	0.0332952	0.0429916	0.0127911	0.0496103	0.0298264	0.00483219	0.0737724	0.133835	0.0990257	0.0463926	0.0847035	0.0616702	0.0191877	0.00248192	0.00441751
131	0.0179155	0.0164491	0.00595832	0.00554067	0.351437	0.0060153	0.023379	0.0450461	0.00207912	0.0567228	0.0185198	0.00710904	0.00136322	0.00457607	0.00819856	0.0109285	0.0196224	0.0400973	0.0150997	0.343942
132	0.0236136	0.013009	0.0019058	0.00259966	0.0351335	0.00834327	0.000542242	0.185002	0.00731592	0.385021	0.12409	0.000809077	0.000639941	0.0086895	0.000645435	0.00547642	0.0270722	0.161634	0.0031923	0.00526582
133	0.0235662	0.0129767	0.00190392	0.00261556	0.0350364	0.00834976	0.000544974	0.185249	0.00734023	0.384702	0.123706	0.000821557	0.000659146	0.00869462	0.000641665	0.00548958	0.0270478	0.162159	0.00317753	0.00531886
134	0.104043	0.0362805	0.0232835	0.0210123	0.0131055	0.0349441	0.0168803	0.0305458	0.0317359	0.0236747	0.0151804	0.0454462	0.0321155	0.0313995	0.0254604	0.319694	0.144465	0.0358543	0.00311515	0.0117641
135	0.0823405	0.00574972	0.0806509	0.0676386	0.00231311	0.0297656	0.0405539	0.013244	0.0533658	0.0349877	0.00436657	0.0848571	0.167328	0.0883494	0.048318	0.0980206	0.0668988	0.0229775	0.00311232	0.00516159
136	0.023695	0.0129122	0.0018599	0.00261688	0.0344648	0.00830932	0.000537363	0.186495	0.00738885	0.382915	0.121608	0.000842815	0.000640668	0.00866218	0.000651795	0.00546152	0.026856	0.165676	0.00310701	0.0052984
137	0.038596	0.00451198	0.146734	0.227225	0.00355427	0.0277806	0.0248566	0.00960773	0.11343	0.0125222	0.00930709	0.0473121	0.00394981	0.111044	0.0842046	0.0430709	0.0656117	0.0161095	0.00203743	0.00853397
138	0.113523	0.0512248	0.00302606	0.00647673	0.0131748	0.0322926	0.00160964	0.166249	0.00482516	0.130608	0.0413221	0.00882127	0.00308324	0.00834406	0.00297649	0.042673	0.0699021	0.291811	0.000993362	0.00706378
139	0.0450256	0.0532101	0.00512872	0.00729108	0.00811771	0.028052	0.00548061	0.0467104	0.0125739	0.0133208	0.0127747	0.0508234	0.00893595	0.0136946	0.00837171	0.284909	0.314944	0.0478842	0.0256703	0.00708112
140	0.0241148	0.0130005	0.00216673	0.00263375	0.0360349	0.00842416	0.00083926	0.183593	0.00744825	0.381713	0.124224	0.00101703	0.000770994	0.00890848	0.000983245	0.00628598	0.028244	0.160545	0.00327318	0.00577912
141	0.030201	0.0107729	0.430668	0.306089	0.00567783	0.0210801	0.00181687	0.0169429	0.00490824	0.00738957	0.00569138	0.0201706	0.0283966	0.0320018	0.00414185	0.0402461	0.0235443	0.00810933	0.000400475	0.00175046
142	0.0219243	0.00644188	0.00840124	0.0152775	0.00701829	0.0108657	0.0154028	0.0078813	0.380233	0.0150102	0.00283208	0.0290416	0.00272744	0.0458112	0.354312	0.0307724	0.0234756	0.0113434	0.00948065	0.00174715
143	0.0349798	0.00187873	0.244083	0.32246	0.0011527	0.0299545	0.0215029	0.00540897	0.051009	0.00926155	0.0081548	0.0384833	0.0062365	0.0984258	0.0270744	0.0265861	0.0533457	0.012864	0.000419885	0.00671776
144	0.024446	0.0124033	0.00182697	0.00358053	0.0290842	0.00897171	0.000720837	0.202998	0.0085499	0.354965	0.104759	0.00160893	0.000778084	0.00903057	0.000894132	0.00618129	0.0290206	0.191321	0.00266487	0.0061952
145	0.0175202	0.0162945	0.00511174	0.00535303	0.347353	0.00535996	0.0250295	0.0439456	0.00187026	0.0496495	0.0177531	0.0064545	0.00117866	0.00448043	0.00860371	0.00879703	0.0199279	0.0420531	0.0145086	0.358756
146	0.0176493	0.0150857	0.00524751	0.00600508	0.352142	0.00624608	0.026364	0.0401745	0.00176199	0.0477851	0.018427	0.00611947	0.00121195	0.00360741	0.00818093	0.00786705	0.0179094	0.0369849	0.014666	0.366565
147	0.036411	0.0218774	0.0734421	0.0471699	0.022737	0.0427768	0.0693094	0.0260401	0.0393575	0.0244119	0.0174211	0.182116	0.0127768	0.0425931	0.0572692	0.11866	0.0744251	0.0260757	0.00222847	0.062901
148	0.0559273	0.0193092	0.0916033	0.0742795	0.00715181	0.293693	0.0276834	0.0201566	0.035848	0.0139971	0.00891741	0.102916	0.0288496	0.040003	0.024192	0.0710025	0.050164	0.0165772	0.00574936	0.0119795
149	0.0292009	0.00754163	0.376026	0.332061	0.00408669	0.0226774	0.00626554	0.0122337	0.0178706	0.00642834	0.00685272	0.0244361	0.0180812	0.0484447	0.00926346	0.0319741	0.0334708	0.00954469	0.000342803	0.00319769
150	0.083701	0.0125087	0.0600101	0.0477769	0.00560978	0.0310166	0.0298012	0.011293	0.0603913	0.0338013	0.00429889	0.0705233	0.232442	0.075988	0.0449523	0.091277	0.0688461	0.018448	0.00751482	0.00979987
151	0.0297316	0.00953402	0.000913734	0.00231148	0.017733	0.00464359	0.000505557	0.277863	0.00363793	0.19855	0.0476831	0.00154806	0.000586446	0.00374998	0.00155732	0.00480699	0.0150981	0.37606	0.000837255	0.00264831
152	0.0518169	0.00939924	0.0114028	0.0297174	0.0364067	0.085451	0.0108837	0.0418529	0.0666194	0.00890439	0.00657451	0.20174	0.0713311	0.0150033	0.0441518	0.194033	0.0931757	0.0110627	0.00200184	0.00847143
153	0.0450947	0.0159078	0.00196261	0.00314314	0.0187893	0.00670201	0.000669407	0.274297	0.00326716	0.141747	0.0373775	0.0040204	0.00104913	0.00333132	0.00207704	0.00828702	0.018092	0.410674	0.000568217	0.00294305
154	0.0435616	0.0195412	0.0324713	0.0518793	0.00584938	0.0321147	0.0530601	0.0113807	0.0899257	0.00608914	0.00441653	0.187319	0.00791595	0.0778203	0.0649937	0.154575	0.121487	0.0145117	0.00121057	0.0198775
155	0.0348346	0.00859745	0.000536217	0.00204541	0.0121028	0.00236178	0.000393376	0.309224	0.00135129	0.109726	0.0188575	0.00164135	0.000549118	0.00101492	0.00180737	0.00412738	0.00632681	0.483466	0.00017205	0.000864447
156	0.0654997	0.0290992	0.0262584	0.0319877	0.0218951	0.0167626	0.0507831	0.0544857	0.0651215	0.0506221	0.0433595	0.0756828	0.00804315	0.0694956	0.0201584	0.163131	0.126802	0.0599642	0.00100355	0.0198441
157	0.033127	0.00781019	0.000610836	0.00199749	0.0113897	0.002181	0.000451034	0.323712	0.00119459	0.102279	0.0158292	0.00181643	0.000747693	0.00083284	0.00230774	0.00439313	0.00555225	0.482898	0.000155047	0.00071508
158	0.0483383	0.0131079	0.0345354	0.0361535	0.00543562	0.0265225	0.039141	0.0176354	0.0995324	0.00734651	0.00596849	0.1578	0.00694052	0.0936874	0.0579738	0.123885	0.184153	0.0301043	0.00145692	0.0102825
159	0.0456806	0.0179943	0.0351651	0.05138	0.00945808	0.0357808	0.0358018	0.0154127	0.137218	0.0147492	0.00760034	0.152483	0.0253129	0.062639	0.109932	0.123212	0.080907	0.0172024	0.00376527	0.0183053
160	0.0445318	0.0265294	0.0325721	0.0667299	0.00736453	0.035072	0.0487332	0.00902614	0.0767117	0.0058554	0.00432397	0.202205	0.00896627	0.0659846	0.0583486	0.173361	0.092856	0.00865595	0.00135117	0.0308215
161	0.0576414	0.0329265	0.00508038	0.00450881	0.00495809	0.00996081	0.00562071	0.019155	0.0203528	0.00668441	0.00980329	0.0272192	0.0103397	0.00806133	0.0109583	0.49799	0.243772	0.0138157	0.00371262	0.00743912
162	0.0456879	0.0241139	0.0318522	0.0608956	0.00753042	0.0382696	0.0445259	0.0100797	0.0807581	0.0058412	0.00395472	0.208126	0.0117107	0.0608322	0.0553325	0.179403	0.0967792	0.00885577	0.00111028	0.0243403
163	0.021847	0.00639981	0.00851809	0.0151996	0.00722288	0.0114561	0.0153329	0.0079844	0.378859	0.0150613	0.00297196	0.0296229	0.00275968	0.0455619	0.353773	0.0309651	0.0235841	0.0115937	0.00945237	0.00183428
164	0.0768395	0.0272581	0.00382855	0.00471743	0.00840287	0.0248427	0.00660549	0.0782174	0.00614918	0.0299672	0.0195699	0.035685	0.00753799	0.0256963	0.011148	0.190492	0.338483	0.0958081	0.0028812	0.00587035
165	0.0358581	0.00880042	0.000511987	0.00201934	0.0119996	0.0021401	0.000387839	0.310758	0.00114777	0.100914	0.0167014	0.00162964	0.000538161	0.000743636	0.00184027	0.00413064	0.0055119	0.49362	0.00013198	0.000615597
166	0.0222264	0.00674281	0.00837995	0.0150986	0.00706159	0.0108848	0.0152061	0.00791202	0.377134	0.0151384	0.00283064	0.0289739	0.00270773	0.0453421	0.35729	0.0309041	0.0234923	0.0113342	0.00959001	0.00174979
167	0.023013	0.00720905	0.0111908	0.0155418	0.0093857	0.0154066	0.0151762	0.00827922	0.353735	0.0156005	0.00395867	0.0327357	0.00297422	0.0460565	0.354092	0.0362048	0.0244431	0.011585	0.0100662	0.00334601
168	0.0301043	0.0109612	0.00119245	0.00239135	0.023681	0.00531645	0.000429873	0.254594	0.00452235	0.24516	0.0704418	0.00130295	0.000769337	0.00520447	0.00122899	0.00468695	0.017317	0.316048	0.00143167	0.00321565
169	0.0222159	0.00648453	0.00858904	0.0156309	0.00703252	0.0109961	0.0154553	0.00842205	0.378076	0.0152097	0.00300127	0.0290226	0.00275302	0.0467244	0.351634	0.031412	0.0242362	0.0119522	0.00928326	0.00186973
170	0.0376025	0.00985428	0.000537858	0.00212116	0.0121198	0.00255575	0.000399904	0.308193	0.0012547	0.101275	0.0169359	0.00168029	0.000553721	0.000802668	0.00183082	0.00449035	0.00659715	0.490349	0.000132756	0.000713141
171	0.0897214	0.0340705	0.0443736	0.0293392	0.0740291	0.0133566	0.0270914	0.051833	0.0307394	0.047567	0.0456777	0.0439027	0.017544	0.0663186	0.00832774	0.150299	0.141256	0.0408621	0.000712949	0.0429779
172	0.0360568	0.00888992	0.000515478	0.00201744	0.012046	0.00220413	0.000388795	0.310167	0.00114906	0.101145	0.0168382	0.00162463	0.000542826	0.000755574	0.00183463	0.0042195	0.00566339	0.493173	0.000134972	0.000634348
173	0.0655363	0.022396	0.0926669	0.0600115	0.0299248	0.0179386	0.0144582	0.0821337	0.0427847	0.100637	0.0501217	0.0251421	0.0062832	0.0591126	0.0272913	0.053761	0.072641	0.138915	0.000818808	0.0374252
174	0.0540864	0.0172992	0.0658456	0.0737811	0.0169371	0.0342511	0.0302036	0.0328407	0.0742619	0.0356092	0.0334998	0.0505572	0.0276463	0.146776	0.0745963	0.0874246	0.0781711	0.0394119	0.00426827	0.0225329
175	0.0274849	0.0352684	0.0290763	0.0178351	0.106029	0.0355685	0.0765438	0.122659	0.012599	0.0625326	0.0262145	0.106676	0.00860896	0.0178046	0.0161028	0.0552271	0.0606504	0.114516	0.00213969	0.0664638
176	0.102077	0.0556399	0.00550498	0.00866509	0.00860513	0.025796	0.0065521	0.0908032	0.00852532	0.0270686	0.0118803	0.0188278	0.00668268	0.0166337	0.00764501	0.138251	0.255711	0.186483	0.00163026	0.0170173
177	0.0395707	0.00694931	0.1816	0.244402	0.00249386	0.0298645	0.0310899	0.0072303	0.0641018	0.00873429	0.00718905	0.0803321	0.00810866	0.09375	0.0356025	0.0608139	0.0731879	0.013464	0.000704953	0.0108107
178	0.0330441	0.00788229	0.000560305	0.00193134	0.0112554	0.00220832	0.0004335	0.319655	0.00119035	0.105732	0.0161008	0.00166792	0.000547148	0.000846719	0.00204918	0.00432475	0.00572853	0.483797	0.00015883	0.000886893
179	0.0935815	0.0643446	0.0090815	0.0114994	0.0112501	0.0248702	0.00742809	0.10084	0.0123932	0.030799	0.0141714	0.018544	0.0102347	0.0170007	0.0102317	0.120224	0.214894	0.204184	0.00143411	0.0229941
180	0.0236686	0.0129676	0.00190789	0.00273492	0.034953	0.00830961	0.000546223	0.185503	0.0073467	0.383652	0.123251	0.000814566	0.000638902	0.00872738	0.00065178	0.00548254	0.0270489	0.163354	0.00316671	0.00527499
181	0.0199687	0.0183919	0.0129	0.00903133	0.29169	0.00808906	0.0189996	0.0921408	0.00473269	0.0558992	0.0263238	0.0186767	0.00267247	0.0119855	0.0121993	0.0127874	0.0247318	0.0738357	0.00971648	0.275227
182	0.063992	0.034426	0.0240354	0.0470333	0.00941199	0.0253713	0.0329483	0.0150984	0.0620142	0.0096127	0.00762778	0.121635	0.0110649	0.0536553	0.038567	0.279136	0.123767	0.0160651	0.00147153	0.023067
183	0.0618075	0.015235	0.0493639	0.0631256	0.00462335	0.0385298	0.0505576	0.0132666	0.0590113	0.0247104	0.0106123	0.16239	0.0753255	0.071575	0.0528882	0.131719	0.0806289	0.0167036	0.00181127	0.016115
184	0.238847	0.020985	0.0582933	0.0254776	0.0162495	0.166208	0.0124911	0.0391074	0.0182574	0.0202989	0.00985546	0.0432415	0.0259911	0.0237855	0.0329319	0.126937	0.0852655	0.0250965	0.00203667	0.00864375
185	0.040833	0.0298367	0.0263091	0.0651566	0.0191806	0.026001	0.0642763	0.0116738	0.0998651	0.00725042	0.00572222	0.131961	0.00743117	0.0798476	0.0598943	0.169525	0.0896102	0.0143138	0.00372454	0.047587
186	0.0167284	0.0161981	0.00507717	0.00474805	0.351532	0.00513473	0.0223124	0.0466772	0.0015123	0.0500185	0.017226	0.00547976	0.00105166	0.00396016	0.00929322	0.00746539	0.0175631	0.0422287	0.0140982	0.361695
187	0.0437184	0.0240254	0.0101493	0.0146865	0.0161799	0.012482	0.0322732	0.091953	0.102085	0.0272422	0.0333762	0.0500791	0.00833817	0.036031	0.0749551	0.1204	0.180814	0.10793	0.00112831	0.012153
188	0.0214609	0.024321	0.00697265	0.0214194	0.0202242	0.00909534	0.0218288	0.06807	0.016807	0.0121668	0.0140271	0.0473626	0.119944	0.0383034	0.0217976	0.139724	0.219567	0.142852	0.00123889	0.0328186
189	0.0344399	0.00850373	0.000594815	0.00220355	0.0118496	0.00238115	0.000408596	0.313759	0.00134186	0.105197	0.01743	0.00172907	0.000595766	0.00100356	0.00196209	0.00442982	0.00590249	0.485245	0.000179679	0.000844311
190	0.0871549	0.0467819	0.10947	0.034621	0.0676786	0.02206	0.0207823	0.0697018	0.0266407	0.0696665	0.044673	0.0475983	0.00663261	0.0382771	0.0161299	0.0526758	0.0606259	0.126964	0.00122263	0.0506427
191	0.071558	0.0312935	0.064129	0.0418879	0.0411905	0.0204342	0.0267491	0.0689841	0.0461964	0.0651373	0.0565734	0.0431091	0.00725452	0.0644783	0.0147583	0.101292	0.10029	0.0990395	0.000496117	0.0351491
192	0.0327093	0.0108449	0.0103555	0.0191359	0.0259453	0.00849048	0.00136029	0.1718	0.0171988	0.339598	0.106765	0.00148391	0.00099144	0.0209418	0.00343533	0.0117326	0.0355853	0.172501	0.00238406	0.00673988
193	0.0291942	0.00925726	0.407046	0.319647	0.00498063	0.021268	0.00378164	0.0144077	0.0106839	0.00658042	0.00605483	0.0216571	0.0232678	0.0402646	0.00638968	0.0370918	0.0268992	0.00877623	0.000378922	0.00237266
