328	20
1	0.0195786	0.00322455	0.0105272	0.0181468	0.00560951	0.0168249	0.0253291	0.00837449	0.320365	0.0147696	0.0109576	0.0360328	0.0240854	0.0570116	0.328174	0.042833	0.0350526	0.00862748	0.00378894	0.0106871
2	0.00909589	0.00133399	0.00481012	0.00165474	0.00433511	0.015603	0.0163987	0.00518278	0.413555	0.00442807	0.0077428	0.0257311	0.00930518	0.0411013	0.365647	0.0243639	0.0293876	0.00577509	0.00384664	0.0107017
3	0.0485085	0.022895	0.00661771	0.00515529	0.188924	0.0160061	0.0896216	0.00558072	0.00796505	0.0381289	0.00435329	0.0129718	0.0113424	0.0117043	0.0111391	0.031995	0.0107374	0.0140075	0.00512355	0.457223
4	0.0501661	0.0152387	0.00332908	0.00715358	0.0587634	0.0103921	0.0375434	0.238188	0.00510289	0.118158	0.0541272	0.0223656	0.0138564	0.0272559	0.00532989	0.0368729	0.0307611	0.218857	0.00421546	0.0423233
5	0.0753405	0.0195003	0.0523042	0.0864925	0.00612309	0.154257	0.0365097	0.01983	0.0541641	0.0258758	0.0135283	0.0406479	0.0102487	0.046925	0.147311	0.101561	0.0497447	0.0421994	0.00193568	0.0155014
6	0.369639	0.0165663	0.017985	0.0149263	0.00734646	0.129418	0.00470304	0.0142762	0.00584804	0.0156474	0.00330578	0.021338	0.00346792	0.00806686	0.0134137	0.198145	0.11757	0.0343726	0.000628815	0.00333619
7	0.0370112	0.00927174	0.00174835	0.00307635	0.0241036	0.00387196	0.0039736	0.338281	0.0018548	0.146412	0.0470136	0.00609996	0.00281895	0.00265528	0.0016909	0.00641489	0.0295309	0.331115	0.000243244	0.002813
8	0.0267138	0.00435245	0.0154323	0.0196512	0.00778063	0.0185157	0.0248958	0.00948663	0.341277	0.0158889	0.0140266	0.0298276	0.013874	0.0495255	0.285042	0.0425592	0.0497168	0.0122889	0.00338723	0.0157582
9	0.0380136	0.00480366	0.317118	0.338157	0.00361821	0.0375965	0.0271561	0.00675929	0.0173675	0.0118309	0.00748573	0.0452636	0.00595012	0.032884	0.0230945	0.0368726	0.0218423	0.0151596	0.00119501	0.00783142
10	0.0635416	0.01012	0.0129748	0.00841653	0.00770288	0.0192151	0.0314996	0.0124486	0.00994853	0.0127208	0.00753589	0.017178	0.0103909	0.0413607	0.0116258	0.451172	0.249882	0.0135168	0.00216654	0.00658358
11	0.174121	0.00779293	0.0188461	0.0296252	0.00770155	0.0400315	0.0154772	0.0271144	0.0642112	0.0382032	0.0192498	0.0539325	0.0190554	0.0166358	0.0275495	0.143165	0.256381	0.032411	0.00179293	0.00670219
12	0.0387491	0.00683067	0.0101316	0.00996422	0.00769873	0.0136405	0.0110167	0.0149534	0.0936585	0.0170652	0.112284	0.017547	0.00704377	0.0106945	0.0404136	0.0739512	0.489512	0.0149853	0.00262573	0.00723458
13	0.0438782	0.00963286	0.00280456	0.00434485	0.0297653	0.00636773	0.00789569	0.317864	0.00307167	0.129508	0.0441279	0.0107558	0.00535809	0.00687641	0.00317638	0.0132103	0.0323435	0.320955	0.000809351	0.00725405
14	0.0284926	0.00696164	0.0243413	0.0281928	0.00542341	0.44886	0.0123602	0.0122452	0.00621831	0.00847819	0.0053335	0.0195234	0.00454364	0.00773193	0.0222906	0.279123	0.0261801	0.0473656	0.00176499	0.00456997
15	0.0306047	0.00725089	0.00404681	0.00610823	0.0339087	0.00403495	0.00481471	0.281603	0.00200073	0.264658	0.0637729	0.00524338	0.00392658	0.00662189	0.00228585	0.0109038	0.0218335	0.239918	0.00215859	0.00430485
16	0.254386	0.0118854	0.0106644	0.022248	0.0143207	0.0477371	0.0132446	0.0733108	0.0144992	0.0442521	0.0191229	0.0301892	0.0162371	0.0155985	0.0136434	0.160687	0.146639	0.0824024	0.00213722	0.00679466
17	0.0274485	0.00700376	0.0213562	0.0244599	0.00302685	0.0210465	0.0448521	0.0197474	0.240027	0.023023	0.0224994	0.163106	0.0133443	0.0580437	0.178458	0.0909119	0.0271393	0.00895544	0.00119167	0.00435894
18	0.050299	0.00969181	0.00208173	0.00459633	0.0342855	0.00767348	0.00800574	0.299543	0.0034158	0.119154	0.0402325	0.0098873	0.0072976	0.008244	0.00313772	0.0116543	0.0290377	0.343635	0.000685837	0.00744293
19	0.0933143	0.0155574	0.0329367	0.0092553	0.00650705	0.0606567	0.0910636	0.0172557	0.0124313	0.0125824	0.00861277	0.172211	0.00503156	0.0129993	0.047938	0.221788	0.147159	0.0118393	0.00225496	0.0186067
20	0.0426801	0.00766186	0.0241426	0.0275261	0.00585066	0.427212	0.0121346	0.0121868	0.00649082	0.00949679	0.00595438	0.0198829	0.00483223	0.00791624	0.0217519	0.27746	0.0318028	0.0486509	0.00165433	0.00471197
21	0.0728698	0.0074725	0.247879	0.272922	0.0016624	0.0935902	0.0150069	0.00560821	0.0249075	0.0078266	0.0127592	0.0581254	0.00579143	0.0135199	0.029605	0.0560988	0.0404092	0.0248986	0.000503073	0.00854358
22	0.0392253	0.0229526	0.0045696	0.00374646	0.206843	0.0137428	0.0912866	0.00276736	0.00700412	0.0382759	0.00232	0.0101522	0.0111769	0.00945508	0.0101126	0.0278699	0.0079048	0.0125234	0.00309974	0.474972
23	0.193535	0.00873681	0.0245991	0.0286339	0.0118707	0.025201	0.0240382	0.0153196	0.0535605	0.0347301	0.00870163	0.0173736	0.253152	0.0335163	0.0248383	0.119058	0.087134	0.0275398	0.00215944	0.00630236
24	0.023084	0.00177064	0.347352	0.423227	0.000560986	0.0345956	0.0254639	0.00298992	0.00992047	0.00134918	0.00325778	0.0401746	0.000559199	0.0258902	0.0134347	0.0210723	0.0106084	0.00847179	0.000183743	0.00603348
25	0.0188332	0.00297392	0.00417927	0.00571639	0.0437329	0.00575897	0.00319535	0.09167	0.0010261	0.58796	0.102326	0.00183559	0.00622027	0.0152406	0.00349894	0.0178064	0.00512624	0.0732528	0.00650173	0.00314521
26	0.0305019	0.00860738	0.313701	0.366523	0.00259275	0.036636	0.0231244	0.00406075	0.0176261	0.00551532	0.00724918	0.0522123	0.00565351	0.0260847	0.0199845	0.0352226	0.0231892	0.0139667	0.000367945	0.007181
27	0.0500977	0.00902807	0.00186826	0.00454249	0.0298827	0.00918087	0.00568677	0.304284	0.00331429	0.107865	0.0368439	0.0099495	0.00660089	0.00659605	0.00400002	0.00888577	0.0275746	0.368972	0.000466656	0.00436009
28	0.275074	0.0175518	0.0160273	0.0242136	0.0173269	0.0515367	0.0183285	0.0263588	0.0166415	0.0679364	0.0201129	0.0250226	0.0338975	0.0246665	0.0183583	0.182737	0.101174	0.0487484	0.00171001	0.0125763
29	0.0370235	0.0092261	0.00171992	0.00293952	0.0238831	0.00386381	0.00388393	0.342275	0.00173845	0.140096	0.046719	0.00603223	0.00288946	0.00269132	0.00175556	0.00630756	0.0299675	0.333895	0.00023983	0.00285357
30	0.0861076	0.0222152	0.00690469	0.00899444	0.029245	0.0191199	0.0166695	0.216429	0.00576604	0.125842	0.0423883	0.0161133	0.0101229	0.0164271	0.0124228	0.0360266	0.0386678	0.272209	0.00222114	0.016107
31	0.00902003	0.00130386	0.00464124	0.00158808	0.0043334	0.0162499	0.0168775	0.0051749	0.40415	0.00430932	0.00720551	0.0247759	0.00907133	0.0416452	0.373549	0.0247248	0.0304914	0.00574053	0.00405315	0.0110955
32	0.366228	0.0168363	0.0173319	0.0159818	0.00876744	0.109476	0.00667636	0.014933	0.00568723	0.0151388	0.00423031	0.024068	0.0102	0.00960039	0.0130648	0.210378	0.111397	0.0351145	0.000674241	0.00421526
33	0.177438	0.0142996	0.0221273	0.0284705	0.0092178	0.0999328	0.0229477	0.0274897	0.0359561	0.0320702	0.0156393	0.037609	0.015226	0.0181492	0.0335418	0.177671	0.180976	0.0381247	0.00386275	0.00924994
34	0.190206	0.0126434	0.01861	0.0098438	0.00838154	0.073361	0.037451	0.0167471	0.00997643	0.0149328	0.00768314	0.0918798	0.00599363	0.0104104	0.0226206	0.282191	0.155129	0.0224266	0.00164055	0.00787204
35	0.0357553	0.02229	0.0138974	0.00913001	0.165384	0.0180162	0.119614	0.0114669	0.0100235	0.0397003	0.00793984	0.0283309	0.0114529	0.0215916	0.0216979	0.0406546	0.0151548	0.0186641	0.00463547	0.384601
36	0.0469488	0.0062338	0.188045	0.226652	0.00686573	0.0334697	0.0141932	0.0116032	0.0449452	0.0331882	0.0329814	0.056163	0.00997367	0.0184985	0.0319868	0.0757097	0.0514206	0.0775218	0.00182568	0.0317744
37	0.0210032	0.00196563	0.347995	0.423705	0.00123866	0.0314036	0.027621	0.0032585	0.00970341	0.00192536	0.00297549	0.0394238	0.00090862	0.0279572	0.0132636	0.0204496	0.0106436	0.00822605	0.000205835	0.00612701
38	0.0714765	0.037175	0.0108498	0.029863	0.00246762	0.0667888	0.0743852	0.0304514	0.0430063	0.0365556	0.00465733	0.0476112	0.00255729	0.0783098	0.178573	0.10211	0.0710183	0.0761956	0.00136372	0.0345845
39	0.134816	0.0121992	0.0109277	0.00917574	0.03089	0.0232549	0.0196548	0.0705001	0.00984638	0.199871	0.062058	0.014206	0.136457	0.0247609	0.0116193	0.0669661	0.0370483	0.108374	0.00240131	0.0149741
40	0.18667	0.00905317	0.0185863	0.00402318	0.0129232	0.0288114	0.022408	0.00821941	0.0169514	0.0309442	0.00376309	0.00572908	0.420115	0.0190698	0.00837154	0.107801	0.0645046	0.0294981	0.000542784	0.00201511
41	0.0365854	0.007302	0.145864	0.173104	0.00487306	0.0274547	0.026787	0.0110102	0.0943635	0.020469	0.0163949	0.104821	0.0164981	0.0727572	0.0909395	0.0785423	0.0436247	0.0217084	0.000723919	0.00617741
42	0.0200351	0.00196145	0.356901	0.430374	0.000543215	0.0306504	0.0263334	0.00325581	0.0082054	0.00109529	0.00238377	0.03841	0.000572598	0.026716	0.0122804	0.0182431	0.00933439	0.00724789	0.000187823	0.00526943
43	0.0101761	0.00186514	0.00538654	0.00408657	0.00599793	0.0158648	0.019995	0.00560886	0.384439	0.00544497	0.00742498	0.0250416	0.00951185	0.0435723	0.377275	0.0259645	0.0308987	0.00611446	0.00399955	0.0113332
44	0.0252971	0.0222573	0.00407911	0.00375526	0.204969	0.014831	0.100621	0.00198625	0.00650426	0.0359165	0.00182271	0.00804366	0.0106919	0.0102965	0.0073139	0.0282112	0.0079679	0.00749218	0.00369194	0.494252
45	0.0379712	0.00920913	0.00176755	0.00313991	0.0256135	0.0039546	0.00400723	0.33552	0.0017344	0.136989	0.044939	0.00604479	0.00314141	0.00271703	0.00175918	0.00591046	0.0292719	0.343287	0.000200037	0.00282309
46	0.0748373	0.00574854	0.0873261	0.176925	0.006002	0.0252249	0.0163859	0.0270198	0.0861468	0.0388225	0.0528987	0.0271832	0.0167026	0.0307407	0.139725	0.0662204	0.0922178	0.0208378	0.00220243	0.00683214
47	0.0397788	0.00938881	0.00222389	0.00656482	0.0335269	0.00502855	0.00931048	0.317499	0.00335775	0.136374	0.0456147	0.0110298	0.00616424	0.00859594	0.00226055	0.0127926	0.0307696	0.308889	0.00118303	0.00964821
48	0.0364317	0.00405419	0.00475669	0.00582975	0.142033	0.00679487	0.0189124	0.0746215	0.00273757	0.474444	0.084627	0.00388211	0.00578839	0.0220331	0.00474175	0.0252678	0.00530239	0.0511147	0.00833566	0.0182914
49	0.100187	0.0228842	0.0173422	0.00727702	0.060551	0.0305722	0.0684061	0.0758211	0.00683142	0.118568	0.0572807	0.0471933	0.0154771	0.0430665	0.0177854	0.0754285	0.0191117	0.131	0.00312513	0.0820911
50	0.146079	0.0234026	0.0192462	0.0155871	0.0411993	0.0313168	0.0557965	0.037609	0.0110687	0.139088	0.0553727	0.0293367	0.0167969	0.0306579	0.0161256	0.162852	0.0424037	0.068616	0.00395315	0.053492
51	0.104144	0.012236	0.01334	0.0196099	0.0280837	0.016722	0.0168212	0.172794	0.00962421	0.103893	0.0371575	0.0383711	0.00930088	0.029817	0.00903783	0.0544879	0.112977	0.194182	0.00211104	0.0152891
52	0.121032	0.018842	0.0159596	0.0210153	0.0176559	0.0378294	0.0318474	0.0405624	0.0226601	0.0996589	0.0295913	0.0554338	0.0127272	0.0331672	0.0630409	0.194142	0.0734297	0.0861915	0.0034562	0.0217574
53	0.16873	0.0290809	0.0103807	0.0128592	0.0314087	0.0428407	0.0343791	0.0845899	0.0065336	0.0944299	0.054875	0.0315382	0.0258509	0.0308161	0.0148368	0.087515	0.04365	0.153863	0.0017419	0.0400805
54	0.125904	0.00496902	0.00845499	0.00977635	0.0210766	0.0464201	0.0458718	0.0544094	0.00822331	0.0237213	0.0436134	0.0720615	0.00806689	0.0108338	0.0126343	0.235967	0.18241	0.0652406	0.0140979	0.00624838
55	0.0428009	0.0331877	0.0162217	0.0347345	0.00492046	0.0351275	0.0670401	0.018494	0.106772	0.0299585	0.00743367	0.0469978	0.00852481	0.104491	0.227809	0.106237	0.0549202	0.0360157	0.00178632	0.0165274
56	0.177859	0.00880812	0.0186988	0.00543833	0.0118695	0.0282981	0.0243691	0.0109113	0.0154213	0.0384341	0.00476164	0.00893635	0.395772	0.0255825	0.0112544	0.115624	0.0675528	0.0268824	0.000797099	0.00272929
57	0.0258848	0.0121376	0.0262663	0.067419	0.00682927	0.0140507	0.0835153	0.00887551	0.105772	0.0498512	0.00924864	0.0336131	0.0153107	0.162405	0.271472	0.0509443	0.0293189	0.0177411	0.00157831	0.00776608
58	0.41221	0.0155153	0.0021781	0.0084426	0.00795234	0.0862945	0.00200038	0.0128818	0.0025382	0.0124576	0.00118531	0.0221258	0.00206114	0.00671739	0.00464333	0.233958	0.131768	0.033656	0.000349479	0.00106464
59	0.0228506	0.00244985	0.322416	0.391051	0.0076288	0.0334705	0.0339565	0.0041519	0.0110036	0.00465382	0.00433764	0.0408048	0.00185692	0.0323432	0.0136272	0.0267643	0.0131276	0.00952124	0.000602084	0.0233831
60	0.0434423	0.00955684	0.00188116	0.00381174	0.0269905	0.00591553	0.00529106	0.317419	0.0023906	0.126635	0.0423475	0.00764075	0.0047816	0.0053987	0.00228457	0.0088014	0.0286157	0.351903	0.00059098	0.00430263
61	0.408488	0.0152939	0.00215548	0.00795463	0.00807686	0.0866692	0.00218009	0.0127183	0.00299786	0.0132017	0.00162951	0.0234846	0.0019464	0.00710543	0.00505226	0.233364	0.132217	0.0341259	0.000362159	0.000976415
62	0.043394	0.0226812	0.00508424	0.00379655	0.203139	0.0145293	0.0927892	0.00434722	0.00730216	0.0393273	0.00318889	0.0102789	0.011095	0.0104344	0.00941442	0.0295079	0.0082148	0.0128875	0.00336111	0.465227
63	0.213295	0.119425	0.024385	0.0172343	0.0181897	0.0521651	0.0253677	0.0190155	0.0135479	0.0347699	0.012315	0.0267278	0.0163226	0.0218734	0.0264251	0.210182	0.0831003	0.0381446	0.00486752	0.0226458
64	0.0373408	0.0092823	0.0018492	0.00307154	0.0243494	0.00379952	0.00401367	0.338185	0.00175043	0.144269	0.0470086	0.00608285	0.00301888	0.00276542	0.0017116	0.00659226	0.0295697	0.332212	0.00025559	0.00287218
65	0.0696631	0.0366102	0.0126286	0.0266614	0.00289307	0.0622583	0.0967738	0.0277863	0.0455732	0.0347122	0.00555362	0.0541673	0.0032984	0.0821647	0.173739	0.0920279	0.0691747	0.065931	0.00157209	0.0368114
66	0.168195	0.00563004	0.00437855	0.0223785	0.00430225	0.0719793	0.00421045	0.0293443	0.0909641	0.0618639	0.0119891	0.0197394	0.0132317	0.00608725	0.0225382	0.177533	0.250583	0.0309059	0.000941093	0.00320511
67	0.0385347	0.0106376	0.00243625	0.00410204	0.0291434	0.00607446	0.00653253	0.278308	0.001973	0.217065	0.0545811	0.00737598	0.00532027	0.00748959	0.00254848	0.0116505	0.0259812	0.28193	0.00149336	0.00682356
68	0.418793	0.015625	0.00197643	0.00777026	0.00819238	0.0876774	0.00187572	0.0125764	0.00197578	0.0124023	0.00109258	0.0222544	0.00178489	0.00651385	0.00452998	0.231258	0.128594	0.0337916	0.000341695	0.000973403
69	0.00878956	0.00133617	0.00447691	0.00160233	0.00444171	0.0167518	0.017109	0.0051262	0.385406	0.00432759	0.00679781	0.0246463	0.00887121	0.0425016	0.388493	0.0257311	0.0326103	0.00573894	0.00422894	0.011014
70	0.0282746	0.00852815	0.0186905	0.0226441	0.00795196	0.0244224	0.0343332	0.0118644	0.255068	0.0175698	0.0100512	0.0380138	0.0143571	0.0571693	0.327071	0.0460071	0.0407405	0.0177116	0.00419585	0.0153353
71	0.0172418	0.0026763	0.00434209	0.005947	0.0552492	0.00568766	0.00450077	0.0720964	0.00114073	0.618693	0.102572	0.00144067	0.00625474	0.0163809	0.0035256	0.0194157	0.00285327	0.0476996	0.00746028	0.00482304
72	0.416045	0.0153474	0.00204274	0.00827666	0.00798449	0.0862711	0.0018896	0.0127038	0.0020712	0.0121149	0.00111185	0.0226603	0.00193807	0.00647046	0.00453776	0.23301	0.130587	0.0336319	0.000346997	0.000958414
73	0.00904797	0.00132098	0.00478992	0.00166615	0.00432508	0.0155597	0.0164734	0.0051359	0.412682	0.00435122	0.00759089	0.0255446	0.00921956	0.0411896	0.366808	0.024437	0.0294843	0.00576407	0.00385846	0.0107512
74	0.138374	0.0114657	0.0203042	0.0257257	0.011812	0.0444887	0.0241251	0.0441382	0.0456658	0.0424525	0.0293061	0.039831	0.0191981	0.0219461	0.0355163	0.150444	0.233864	0.0505657	0.00188078	0.00889539
75	0.0168786	0.0114611	0.00771078	0.0175653	0.00405774	0.0118852	0.222054	0.00714859	0.114499	0.0271296	0.00560148	0.0424445	0.0056835	0.12467	0.283994	0.0431649	0.0331925	0.00990774	0.00192425	0.00902662
76	0.0673698	0.0156307	0.0730086	0.0171563	0.00716261	0.0354717	0.0521173	0.0118645	0.0137867	0.0125646	0.0074374	0.194513	0.00745387	0.0133445	0.0343517	0.237242	0.174524	0.011435	0.0016477	0.011918
77	0.056388	0.0196465	0.0180625	0.0163956	0.0788248	0.0323691	0.0719079	0.0297432	0.0282652	0.0585029	0.0201588	0.0275415	0.0145835	0.0456087	0.0394336	0.065834	0.0325117	0.033272	0.102052	0.208898
78	0.0732816	0.0095828	0.00769609	0.0142262	0.0334178	0.0116903	0.0165515	0.232879	0.0136916	0.08584	0.0420584	0.0352717	0.00950475	0.025457	0.00733742	0.0356496	0.0805749	0.246052	0.00236951	0.0168681
79	0.0627859	0.0120648	0.0100264	0.0127989	0.0319641	0.0154056	0.0141447	0.245105	0.00829169	0.115807	0.0404306	0.0173479	0.0117358	0.0150691	0.0127866	0.0350196	0.0421635	0.283469	0.00142667	0.012158
80	0.316943	0.0139307	0.0154765	0.0248276	0.0101025	0.0592924	0.0100897	0.020727	0.0149467	0.0249408	0.00949662	0.032447	0.0201579	0.0151232	0.0148408	0.198053	0.15647	0.0361288	0.000895849	0.00511044
81	0.0183772	0.00296509	0.0044711	0.00616708	0.0447307	0.00534394	0.00317005	0.093654	0.00108452	0.584431	0.107815	0.0015357	0.00716344	0.0163373	0.0035407	0.0180218	0.004379	0.0668087	0.00661575	0.00338803
82	0.0267422	0.00522362	0.0183204	0.0235835	0.0077404	0.0231667	0.0276658	0.0118926	0.329438	0.0145138	0.0107226	0.0388379	0.0140032	0.0528023	0.280818	0.0442325	0.0414245	0.0142115	0.00321872	0.0114423
83	0.334403	0.0165871	0.0029488	0.010444	0.0079728	0.0731923	0.00450177	0.0233464	0.00934105	0.0179485	0.00609012	0.0233377	0.00371288	0.00753113	0.00849639	0.235942	0.173702	0.037702	0.000899652	0.00190162
84	0.020072	0.00321134	0.00438414	0.00560156	0.0468244	0.00603221	0.00482584	0.0874213	0.00115294	0.58747	0.100945	0.00222469	0.00594936	0.0155712	0.00382661	0.018959	0.00467662	0.0690718	0.00671798	0.00506291
85	0.0395976	0.00904455	0.00223081	0.00311848	0.0232277	0.00454974	0.004068	0.333024	0.00193008	0.130358	0.0569915	0.0061223	0.00347349	0.00319455	0.00216744	0.00754789	0.0292611	0.337063	0.000234531	0.00279446
86	0.0405292	0.00931854	0.00197311	0.00342223	0.0273289	0.00499046	0.00514291	0.315584	0.00192153	0.159857	0.0477479	0.00686008	0.00440173	0.00471784	0.00232388	0.00953267	0.0292125	0.320641	0.000559692	0.0039347
87	0.0374007	0.00943989	0.00178103	0.00284428	0.0232425	0.00385237	0.00364718	0.346181	0.001673	0.135602	0.0471239	0.00584259	0.00280921	0.00238353	0.00169868	0.00627195	0.0306502	0.334662	0.000200313	0.00269329
88	0.0535721	0.0158663	0.0489333	0.0580428	0.0543694	0.0258895	0.132804	0.0296589	0.0483443	0.0482567	0.0164937	0.0528952	0.0194155	0.059691	0.0793073	0.0682246	0.0405598	0.0375158	0.00460228	0.105558
89	0.0319469	0.00801646	0.0218051	0.0316202	0.00698887	0.0271113	0.0358213	0.0134545	0.242925	0.0186609	0.0105478	0.0353918	0.0126323	0.0609224	0.309582	0.0525889	0.0452122	0.0189537	0.00315814	0.01266
90	0.206043	0.0122484	0.0139905	0.0191104	0.0209647	0.0258591	0.0146196	0.0808633	0.0136085	0.175153	0.0492586	0.0241452	0.0126433	0.0248642	0.0156894	0.0712558	0.0901832	0.11635	0.00161316	0.0115366
91	0.0165857	0.00260477	0.004301	0.00584492	0.0463942	0.00558875	0.00312587	0.0790959	0.000970659	0.61463	0.106892	0.00122557	0.00669082	0.0161782	0.00348655	0.0178019	0.00298562	0.0554698	0.0068562	0.00327147
92	0.127249	0.0226034	0.016712	0.0248043	0.0214241	0.0510886	0.0360804	0.0602012	0.026287	0.102802	0.029766	0.0339259	0.0159252	0.043746	0.096532	0.0842573	0.0600487	0.119976	0.00219022	0.0243805
93	0.0205624	0.00197197	0.353936	0.426869	0.000618079	0.0312775	0.0260418	0.00338232	0.00892389	0.00136707	0.0026931	0.0390668	0.000772635	0.0266359	0.012716	0.0194193	0.010082	0.00782987	0.000197509	0.00563595
94	0.099783	0.0155759	0.0090747	0.0101027	0.0292251	0.0514604	0.016881	0.18955	0.00788881	0.121258	0.0432186	0.0187032	0.012674	0.0196039	0.0156768	0.0476493	0.045051	0.230536	0.00161108	0.0144762
95	0.0258502	0.00277524	0.339046	0.397863	0.00103024	0.0409756	0.0245002	0.00368083	0.0125541	0.00244668	0.00453185	0.0435465	0.00173055	0.0252889	0.01606	0.0256209	0.015084	0.010723	0.000233518	0.00645859
96	0.148094	0.00854262	0.0326009	0.0113819	0.0127475	0.0518751	0.0274032	0.0246157	0.0165903	0.0321695	0.0104841	0.0166944	0.299202	0.0459296	0.0143889	0.13582	0.0797656	0.024203	0.00181793	0.00567354
97	0.181602	0.00458068	0.00911207	0.0162175	0.0101084	0.0243629	0.0275793	0.0343628	0.0142545	0.0162129	0.0240641	0.0430903	0.0218731	0.0101822	0.00968864	0.263875	0.256535	0.0242924	0.00377178	0.00423393
98	0.0319877	0.00639561	0.00565572	0.00742027	0.0912791	0.00719522	0.0130976	0.144903	0.00342529	0.389945	0.0759558	0.00670161	0.00719148	0.0197159	0.00456586	0.0233498	0.0132461	0.12663	0.00632121	0.0150182
99	0.0241391	0.0192458	0.022951	0.071282	0.00476002	0.0137758	0.127425	0.00921431	0.114346	0.0482306	0.00727902	0.0429411	0.0113742	0.152132	0.219946	0.0533584	0.0320837	0.0163379	0.00136504	0.00781267
100	0.0201163	0.00194785	0.356368	0.429341	0.000534067	0.0306213	0.0264566	0.00325207	0.00824214	0.00109368	0.0022983	0.0385696	0.000571362	0.0275714	0.0123051	0.018328	0.00945579	0.00741995	0.000187776	0.00531958
101	0.0261294	0.00193178	0.338388	0.411966	0.000805772	0.0365205	0.024796	0.00331539	0.011794	0.00199538	0.00378894	0.0420145	0.00121141	0.0274053	0.0150456	0.0234249	0.0129165	0.0102628	0.000222627	0.00606498
102	0.0234972	0.0028531	0.00433182	0.0059465	0.0960602	0.00579376	0.0109435	0.0872777	0.00207561	0.54063	0.0880494	0.0029486	0.0056216	0.0185901	0.003701	0.0202562	0.00527673	0.0578898	0.00663416	0.0116234
103	0.0370549	0.00929652	0.00173963	0.00298279	0.02468	0.00386216	0.00408989	0.33773	0.00171007	0.145361	0.0474205	0.00622284	0.00315048	0.00287361	0.00165672	0.00657671	0.0295686	0.330576	0.000293198	0.00315463
104	0.0909153	0.0169112	0.0321329	0.0100762	0.00485286	0.058061	0.0946692	0.0178901	0.0151187	0.0127197	0.00671834	0.170111	0.00398717	0.0156432	0.0567575	0.2094	0.147769	0.0127768	0.00207512	0.0214141
105	0.0325673	0.023482	0.0043946	0.00369395	0.208116	0.0137535	0.0935114	0.0024442	0.00659471	0.0377867	0.00207855	0.0090214	0.0114586	0.00943174	0.00782201	0.028268	0.00792871	0.00942868	0.00303735	0.485181
106	0.234186	0.0213088	0.00435853	0.00978475	0.00585898	0.101034	0.00739533	0.0164472	0.0151175	0.0293408	0.00545827	0.0181502	0.00471079	0.0164501	0.0209666	0.281197	0.165276	0.0384616	0.000635507	0.00386207
107	0.0373613	0.00956423	0.00173949	0.00321282	0.0251863	0.00398454	0.00436043	0.333963	0.00185164	0.145476	0.0486731	0.0065672	0.00343628	0.00356417	0.00178705	0.00728582	0.0296786	0.328322	0.000357036	0.0036295
108	0.0331864	0.00538296	0.00394638	0.00536642	0.0568183	0.00681269	0.00936888	0.146653	0.0018627	0.438304	0.078987	0.0050739	0.00650517	0.0156968	0.00350035	0.0179997	0.0130616	0.137034	0.00511328	0.00932685
109	0.0645615	0.012535	0.0556661	0.00764734	0.00618935	0.0192559	0.215762	0.0131742	0.018376	0.0239837	0.0328271	0.158494	0.0173204	0.0723986	0.0796193	0.0501337	0.0218068	0.0166944	0.00366933	0.109885
110	0.0153084	0.00223957	0.00443716	0.00611109	0.0464727	0.0056307	0.00302821	0.0674337	0.00096179	0.636439	0.109316	0.0011741	0.00681677	0.0169775	0.0038837	0.0180765	0.00197431	0.0432163	0.00718251	0.00331995
111	0.216856	0.010787	0.0113247	0.0178303	0.00683126	0.0200014	0.0222307	0.0136508	0.00971544	0.0143736	0.00751221	0.016244	0.0590792	0.0363216	0.0153758	0.382221	0.113454	0.0194915	0.00145953	0.00523976
112	0.0666221	0.0127136	0.0569724	0.00816905	0.00658718	0.022505	0.195397	0.0134976	0.0152024	0.0232088	0.029952	0.170249	0.0168914	0.0657756	0.0719922	0.0635225	0.0283628	0.0168925	0.00376669	0.11172
113	0.0578596	0.0149772	0.00988856	0.011901	0.0813924	0.015497	0.0243598	0.180536	0.00770409	0.175766	0.0471324	0.0179606	0.0106698	0.0206383	0.0109219	0.038945	0.0286211	0.203908	0.00360935	0.0377124
114	0.00942991	0.00169375	0.00462697	0.00243837	0.00460348	0.0164587	0.0224844	0.00521543	0.37777	0.00521397	0.00682566	0.0251554	0.00918776	0.0441519	0.381954	0.0266394	0.0341956	0.00604309	0.00501798	0.0108945
115	0.0339	0.0038995	0.323909	0.346617	0.00399552	0.0367544	0.0267978	0.00633832	0.017117	0.011547	0.00644797	0.047875	0.00522976	0.0293622	0.0200272	0.0321375	0.0219656	0.0161893	0.000539048	0.00935064
116	0.0276192	0.0024064	0.32795	0.397581	0.000682186	0.0420559	0.0235879	0.00334616	0.0148601	0.00301057	0.0057228	0.047247	0.00185538	0.0232951	0.0162549	0.0273367	0.0166841	0.0115857	0.000217999	0.00670137
117	0.216825	0.0134793	0.0109361	0.0176746	0.00740006	0.0482441	0.0116749	0.0228816	0.0274896	0.0387782	0.0107923	0.0234143	0.0126588	0.0132609	0.0140388	0.26401	0.206344	0.031995	0.00131732	0.00678458
118	0.0543342	0.0138173	0.0174269	0.017521	0.00711057	0.255317	0.0570059	0.0365878	0.0128641	0.0177074	0.00950033	0.0391195	0.00634688	0.0190256	0.0647562	0.221868	0.101641	0.0355342	0.00213361	0.0103818
119	0.202925	0.00983211	0.0116237	0.0104879	0.0059674	0.0117416	0.043575	0.00848466	0.0124217	0.0168141	0.00553372	0.0105331	0.184415	0.0852326	0.0274315	0.282178	0.0444533	0.0210905	0.00131413	0.00394497
120	0.0909655	0.0242753	0.025249	0.0361703	0.013585	0.0672754	0.0521782	0.0432272	0.0212602	0.0625351	0.0231112	0.0742304	0.00837916	0.0621436	0.0844429	0.114391	0.0569996	0.101901	0.00148735	0.0361927
121	0.0964852	0.0105691	0.19575	0.155955	0.00865902	0.0438709	0.0215099	0.0257123	0.0253325	0.0285388	0.0176174	0.080926	0.0122476	0.0222717	0.0248224	0.0721193	0.0706643	0.0715108	0.00159365	0.013844
122	0.0251368	0.0236304	0.00417872	0.00370091	0.214054	0.0136971	0.0943994	0.00200521	0.00641219	0.0367796	0.00160454	0.00811301	0.0106477	0.00931769	0.0070593	0.0299976	0.00803408	0.00763761	0.00303439	0.49056
123	0.26459	0.0111254	0.0105029	0.0186146	0.00888572	0.0530328	0.0111463	0.0194814	0.0136717	0.0203808	0.00926898	0.0272037	0.0154502	0.0139448	0.0117656	0.274212	0.181861	0.0298403	0.00104124	0.00398099
124	0.355235	0.0122993	0.00537746	0.0142915	0.00831258	0.0644969	0.00836792	0.0210904	0.00575678	0.0127333	0.00645798	0.0308834	0.00748469	0.00746203	0.00608938	0.239229	0.160581	0.0304536	0.00120432	0.00219344
125	0.0440018	0.0131299	0.0107931	0.011837	0.137404	0.0196523	0.0411783	0.0590689	0.0154473	0.225755	0.0487585	0.0190259	0.0115445	0.0303585	0.0204071	0.0515248	0.0280752	0.0525044	0.0565098	0.103024
126	0.0389751	0.00899018	0.0017829	0.00344892	0.0252396	0.00450145	0.00434935	0.341835	0.00220283	0.126574	0.0436973	0.00715401	0.00360315	0.00332295	0.002291	0.00642891	0.029759	0.342177	0.000298527	0.00336893
127	0.0309884	0.00988175	0.0206704	0.0263639	0.00963541	0.0272109	0.0416152	0.0137395	0.236408	0.019288	0.0106726	0.0419231	0.0117687	0.0590084	0.305513	0.0527665	0.0388668	0.0192688	0.00404518	0.0203652
128	0.157392	0.00795126	0.00968944	0.0162312	0.0197858	0.0320587	0.0189641	0.0502503	0.0187048	0.05256	0.0424978	0.053708	0.00882085	0.0151666	0.0200748	0.164059	0.233566	0.0672838	0.00502914	0.00620575
129	0.0362176	0.0223088	0.00778591	0.00702301	0.189301	0.017288	0.0894165	0.00742193	0.00869231	0.0419314	0.00477378	0.0117086	0.0117597	0.0140793	0.0130493	0.0374351	0.0141162	0.0156028	0.00462114	0.445468
130	0.354607	0.0149728	0.0240912	0.0163821	0.00625356	0.16712	0.00420767	0.0126002	0.00502091	0.0128401	0.00309751	0.019572	0.00275548	0.006708	0.0171382	0.193624	0.100895	0.0337329	0.0006117	0.00377031
131	0.0289708	0.0224536	0.0107373	0.0117476	0.0940635	0.0125387	0.0201012	0.0485738	0.00713582	0.45172	0.0694097	0.00868851	0.0142317	0.0365971	0.0104869	0.0724774	0.011081	0.0396354	0.00762903	0.0217211
132	0.024456	0.0229444	0.00392651	0.00350784	0.213197	0.0135093	0.0935224	0.0019771	0.00645139	0.0364727	0.00158728	0.00785377	0.010552	0.00906299	0.00696182	0.0288829	0.00802765	0.00732518	0.00305299	0.496729
133	0.022103	0.00314073	0.00535561	0.00729622	0.0478478	0.00783635	0.0053476	0.0841268	0.00235225	0.576487	0.0975912	0.00317003	0.00897631	0.0178875	0.00546042	0.0246535	0.00646597	0.0625006	0.00687769	0.00452289
134	0.0207101	0.00213714	0.359798	0.420706	0.000545384	0.0312486	0.0262318	0.00330998	0.00850353	0.00141232	0.00275809	0.040029	0.000791718	0.0260229	0.0127239	0.0189613	0.0106343	0.00776139	0.000223737	0.00549137
135	0.0238628	0.00215563	0.320979	0.403333	0.00288892	0.0289278	0.0266601	0.00387975	0.0170158	0.0044125	0.00426583	0.0391264	0.00262877	0.0467933	0.0193788	0.0246889	0.012846	0.0102371	0.000273892	0.00564565
136	0.0127758	0.00167891	0.00534799	0.00248917	0.0043451	0.0159008	0.0226975	0.00662789	0.376773	0.00513332	0.00690453	0.0233648	0.00844754	0.0459176	0.37685	0.0248943	0.0291186	0.00724723	0.00391795	0.0195676
137	0.0235143	0.00433714	0.00382711	0.00510752	0.0418398	0.00556125	0.00352069	0.138244	0.0011505	0.500144	0.0871439	0.00259902	0.00555999	0.0123871	0.00289675	0.0155656	0.00978825	0.128241	0.00511986	0.00345272
138	0.0303764	0.00338213	0.0995419	0.206942	0.0110477	0.00666654	0.0397952	0.00374158	0.105031	0.0278761	0.00785638	0.0364444	0.0173137	0.193035	0.103197	0.0614304	0.0248222	0.0185382	0.000673705	0.0022875
139	0.0500021	0.0740538	0.0168946	0.0108497	0.153208	0.0210728	0.0731885	0.0143087	0.012487	0.0479117	0.0113796	0.0204303	0.0116786	0.0207402	0.016937	0.132708	0.0263445	0.0222487	0.00433136	0.259225
140	0.0240638	0.0207944	0.00849288	0.00796454	0.227435	0.0150659	0.096622	0.00443397	0.00604513	0.054488	0.00416193	0.00994372	0.00951345	0.0136893	0.00750227	0.0415456	0.00865136	0.00909474	0.00293467	0.427557
141	0.0707798	0.0371785	0.00961609	0.0274605	0.00423392	0.0649937	0.0753069	0.0340881	0.0506505	0.0420679	0.00690607	0.0471289	0.00323368	0.0791714	0.18213	0.0931073	0.0664332	0.0743805	0.00124279	0.0298904
142	0.0497294	0.00845059	0.00258433	0.0100203	0.044815	0.00815505	0.0190425	0.28705	0.00772365	0.0903816	0.0388623	0.0236495	0.0120684	0.0194168	0.00385734	0.0223121	0.0365342	0.293389	0.00251583	0.019442
143	0.0254809	0.00306189	0.00770197	0.0130848	0.045092	0.00851368	0.00479846	0.0674614	0.0022955	0.565946	0.112467	0.00490971	0.00702084	0.0183925	0.00534212	0.0336036	0.00683393	0.0563631	0.00701837	0.00461173
144	0.0251832	0.00610238	0.0192613	0.0226801	0.00294131	0.0231337	0.0321542	0.0193263	0.224608	0.0277695	0.0215751	0.150767	0.0220517	0.0568274	0.214855	0.0861536	0.0286596	0.0101347	0.00143962	0.00437556
145	0.0259695	0.02803	0.005814	0.00482168	0.209177	0.0307201	0.0865558	0.00438071	0.0138452	0.0355975	0.00279254	0.0101833	0.0179504	0.0102971	0.0096765	0.0298561	0.0100444	0.00968753	0.00310423	0.451497
146	0.0649183	0.00551579	0.107478	0.154694	0.0117753	0.0142384	0.0407567	0.00867561	0.103075	0.0285365	0.0115209	0.0405211	0.0269998	0.154922	0.0914957	0.0668972	0.0366516	0.0208161	0.00142242	0.00908908
147	0.0648405	0.00938057	0.00263071	0.00678127	0.0389876	0.0143495	0.0112468	0.291525	0.00516441	0.0892383	0.0339418	0.0183846	0.013697	0.0122129	0.00928273	0.0176143	0.0320439	0.315533	0.00145216	0.0116928
148	0.0435966	0.00351154	0.086223	0.176595	0.00930125	0.00531307	0.0483478	0.00499462	0.105646	0.0303163	0.00941852	0.0329246	0.0441454	0.171845	0.100855	0.0681537	0.0407379	0.0149412	0.000856454	0.00227682
149	0.153087	0.00480073	0.00447703	0.0225728	0.00463767	0.0650349	0.00566452	0.0331251	0.0938201	0.0661659	0.0160137	0.0235546	0.013196	0.00701786	0.0251449	0.175598	0.244109	0.036927	0.00108627	0.00396643
150	0.0385859	0.00375905	0.284254	0.333488	0.00165997	0.0391942	0.0186	0.00543643	0.0223566	0.00857711	0.0115828	0.0622763	0.00511433	0.0183248	0.0273738	0.043946	0.0321286	0.0290801	0.000500169	0.0137618
151	0.0525682	0.00572788	0.0617442	0.103809	0.00648479	0.0117393	0.0545567	0.0109929	0.0865763	0.0323352	0.0123606	0.0592542	0.0877599	0.121696	0.119763	0.0896843	0.0665531	0.0120428	0.001382	0.00296992
152	0.0619187	0.00980907	0.0146645	0.0142821	0.0672127	0.045992	0.0202055	0.0136944	0.0467004	0.114563	0.0118705	0.012991	0.231531	0.0510163	0.0508105	0.168111	0.0356234	0.018352	0.00271918	0.00793305
153	0.0847226	0.00987161	0.0101907	0.0150878	0.0302211	0.0206585	0.0228496	0.149141	0.0121306	0.0848845	0.062104	0.0439046	0.0108979	0.0234363	0.0119615	0.09798	0.139304	0.146964	0.00459863	0.0190913
154	0.00930303	0.00185584	0.00451365	0.00185684	0.00437041	0.0178813	0.0191212	0.00539769	0.377703	0.00485453	0.00679479	0.0253736	0.00864501	0.0443082	0.386542	0.0269937	0.0328648	0.00614336	0.00411888	0.0113573
155	0.0439379	0.00672279	0.218368	0.245627	0.00326194	0.0471232	0.0154379	0.00746859	0.0414257	0.0188204	0.0276462	0.0823583	0.0115199	0.0116327	0.0364195	0.076652	0.0626561	0.0307258	0.000892042	0.0113039
156	0.0367249	0.00486025	0.00464239	0.00631258	0.0456573	0.00913596	0.00671241	0.111985	0.0030135	0.457396	0.120781	0.00508803	0.00921266	0.0178228	0.00522096	0.0232012	0.0103503	0.110489	0.00540553	0.00598814
157	0.0450447	0.0168033	0.209466	0.166969	0.00296468	0.0431227	0.0107628	0.0102929	0.0513883	0.0138375	0.0155541	0.142854	0.0294955	0.00939087	0.0394033	0.0774267	0.075048	0.0302814	0.000996547	0.00889788
158	0.0250196	0.00169188	0.339871	0.418672	0.000573631	0.0365429	0.0251105	0.00290684	0.0110196	0.00161256	0.004265	0.0410909	0.000579786	0.0263653	0.0140557	0.0231787	0.0118287	0.00935508	0.000196251	0.0060643
159	0.0228253	0.00470604	0.00397035	0.00509309	0.0390138	0.00493025	0.00338565	0.15708	0.00165955	0.469692	0.0852043	0.00276053	0.00505811	0.0115383	0.00310572	0.0145543	0.0117435	0.145842	0.00487002	0.00296657
160	0.0162118	0.00237642	0.00434843	0.00591016	0.0473162	0.00554995	0.00324992	0.0745571	0.00101426	0.625113	0.105069	0.00149085	0.00612373	0.0157691	0.00353255	0.0180615	0.00274784	0.0507053	0.00712852	0.00372447
161	0.0371039	0.00295864	0.299451	0.366608	0.00081072	0.043228	0.0203835	0.00463371	0.018669	0.0050538	0.00829528	0.0563509	0.00329026	0.0208499	0.0209028	0.0347487	0.0257579	0.0222019	0.000306107	0.0083958
162	0.0259966	0.0124753	0.0139914	0.0180877	0.00541768	0.0135304	0.277053	0.00860345	0.0746715	0.0282857	0.00931902	0.0604951	0.00726549	0.131367	0.194959	0.0417971	0.0388462	0.0124518	0.00246901	0.0229185
163	0.0162953	0.00236949	0.00442132	0.00598769	0.0487801	0.00603306	0.00334873	0.0673767	0.00098616	0.633161	0.107124	0.00121592	0.00618727	0.0161338	0.0037126	0.0189077	0.00221164	0.0448057	0.00737982	0.00356245
164	0.0979245	0.00969876	0.030998	0.0377428	0.0191229	0.0199614	0.0649254	0.022683	0.0361503	0.0727216	0.0149369	0.0283441	0.203838	0.0899016	0.0439748	0.094753	0.0653031	0.0273543	0.00312493	0.0165405
165	0.238056	0.0317209	0.0103312	0.0168854	0.010196	0.0203952	0.0401694	0.015997	0.00938344	0.0267045	0.014012	0.0145742	0.0636679	0.070755	0.0192823	0.236969	0.0637063	0.0841241	0.00253774	0.0105316
166	0.016651	0.00215552	0.00430919	0.00595123	0.0556249	0.00562415	0.00398836	0.0669556	0.00106	0.626106	0.10816	0.00122813	0.0057998	0.016528	0.00344648	0.0195754	0.00214247	0.0426109	0.00776988	0.00431288
167	0.0352181	0.00719494	0.0693539	0.156083	0.0125576	0.0129184	0.0451827	0.00853671	0.0995326	0.0334604	0.00865275	0.0391375	0.0198985	0.191092	0.122657	0.0793628	0.0296396	0.0223392	0.00171197	0.00546933
168	0.0266544	0.00597797	0.0618501	0.154098	0.00955984	0.00565286	0.0561713	0.00498881	0.125512	0.035488	0.00794061	0.0423285	0.0175188	0.20132	0.143488	0.0585862	0.0241054	0.0156346	0.000768655	0.00235519
169	0.0235621	0.00398323	0.00411261	0.00592999	0.0451574	0.00601803	0.00406999	0.125007	0.00162231	0.522395	0.0921807	0.00333548	0.00626348	0.0143597	0.00363531	0.0174661	0.00934453	0.101691	0.00608535	0.00378184
170	0.016358	0.00231559	0.00446826	0.00614681	0.0463492	0.00578859	0.00330684	0.068635	0.00100363	0.620541	0.117194	0.00123306	0.00799712	0.018524	0.00389044	0.0186719	0.0021098	0.0448934	0.00712823	0.00344552
171	0.0218827	0.0131297	0.0364778	0.0379201	0.256135	0.0280087	0.125302	0.00793867	0.0066787	0.068127	0.00688006	0.0246202	0.00694266	0.0339705	0.00922396	0.0889886	0.0125771	0.0128762	0.00341401	0.198907
172	0.0525956	0.0131423	0.0251111	0.0354068	0.00860411	0.0403995	0.0435841	0.0165282	0.153133	0.0261053	0.0136203	0.0537001	0.0188695	0.0588107	0.240207	0.102737	0.050907	0.0274016	0.00284891	0.0162872
173	0.0357255	0.00840048	0.00219332	0.00334779	0.0302	0.00444834	0.00481233	0.295846	0.00161662	0.210837	0.055275	0.00590379	0.00388833	0.0051946	0.0021091	0.00908955	0.0253674	0.290111	0.00141082	0.00422381
174	0.036951	0.00925116	0.00172993	0.00303996	0.0244804	0.00378937	0.00413865	0.337122	0.00177479	0.145389	0.047379	0.00635821	0.00302781	0.0029551	0.00170215	0.00651684	0.0297776	0.331316	0.000252707	0.00304882
175	0.242938	0.0344982	0.128088	0.0483564	0.00370344	0.276883	0.00666023	0.00890842	0.0067702	0.00653318	0.00500047	0.00963696	0.00379142	0.00620273	0.0514414	0.084561	0.0260941	0.0326129	0.00142015	0.0159001
176	0.0262726	0.0055562	0.0590589	0.154617	0.00909368	0.00468335	0.0503245	0.0042221	0.129346	0.0395722	0.00861633	0.0326911	0.0195437	0.202718	0.154784	0.056613	0.0238444	0.0154348	0.000871267	0.002137
177	0.180297	0.00909542	0.0198379	0.00798407	0.0127582	0.0281656	0.0252326	0.0132656	0.0175809	0.0326332	0.00494155	0.00920295	0.3809	0.0268461	0.012305	0.113599	0.0686119	0.0292577	0.00121107	0.00627369
178	0.0405068	0.00411502	0.0761532	0.172552	0.00950697	0.00449668	0.0602306	0.00481886	0.113375	0.030619	0.00924738	0.0327196	0.0315701	0.180727	0.110332	0.0607779	0.0395327	0.0154227	0.000870868	0.00242594
179	0.0841014	0.0152761	0.067654	0.083956	0.00494738	0.271341	0.0213973	0.0165242	0.0230757	0.0170092	0.00968452	0.03822	0.00638239	0.0203647	0.0713626	0.151398	0.0443877	0.0401956	0.00142589	0.0112962
180	0.413942	0.0158194	0.00199409	0.00768868	0.00782163	0.0900708	0.00191957	0.0123149	0.00324297	0.0146307	0.00130561	0.0223634	0.00172045	0.00672278	0.0050218	0.22843	0.129637	0.033823	0.000338708	0.00119338
181	0.390431	0.0149957	0.00400108	0.00935561	0.00841319	0.0848669	0.00462351	0.014224	0.00476092	0.0150373	0.00285253	0.0261168	0.00401178	0.00731843	0.00617859	0.231594	0.135591	0.0329849	0.000603692	0.00203933
182	0.0831724	0.015299	0.0345912	0.0167003	0.00779847	0.048634	0.0868224	0.0201945	0.0226319	0.0167107	0.0126589	0.16514	0.0122175	0.0227462	0.0534571	0.200154	0.143466	0.018703	0.00283917	0.0160628
183	0.0210797	0.0538987	0.0329028	0.00805138	0.134679	0.0114647	0.117201	0.10649	0.0559237	0.0130233	0.00807255	0.0788141	0.00639633	0.0127517	0.103811	0.0259579	0.0402118	0.0898488	0.00250906	0.0769123
184	0.0329031	0.00777093	0.00227918	0.00334795	0.0277936	0.0041128	0.00337625	0.293438	0.00136736	0.231857	0.0594856	0.00445802	0.00394565	0.0049174	0.00198855	0.00786887	0.0239224	0.281362	0.00135935	0.00244539
185	0.0379661	0.0092093	0.00175711	0.00302128	0.0242472	0.0039787	0.00393289	0.341612	0.00177049	0.132136	0.0453824	0.00624493	0.00310464	0.00275305	0.00173672	0.00610374	0.030121	0.341882	0.000215908	0.00282528
186	0.0332999	0.0164558	0.0218873	0.0429555	0.00518934	0.0219608	0.162288	0.01341	0.0747844	0.0470194	0.00927086	0.0620955	0.0110447	0.145242	0.179151	0.0621735	0.0506846	0.0216916	0.00224006	0.0171559
187	0.0860998	0.0183918	0.0124775	0.00646732	0.0696025	0.0219979	0.0865187	0.111846	0.00730763	0.11755	0.0514944	0.0365706	0.0135747	0.0448811	0.015095	0.0588323	0.0212318	0.138752	0.0050697	0.07624
188	0.228248	0.0403168	0.0111213	0.0144326	0.0365747	0.0422073	0.0176532	0.0817435	0.00735632	0.0630062	0.0262339	0.0245482	0.0123599	0.0199002	0.0148549	0.118685	0.0891774	0.133569	0.00202056	0.0159902
189	0.0216536	0.00385838	0.00516873	0.00660273	0.0721771	0.00669771	0.00906144	0.0756423	0.00234845	0.564245	0.0953826	0.00357791	0.00734622	0.0182526	0.00455743	0.0229462	0.00576467	0.0527054	0.00741526	0.0145962
190	0.105816	0.0161316	0.0231271	0.0157842	0.024223	0.062429	0.0890234	0.0233571	0.0184471	0.0343661	0.0181558	0.0383048	0.0151169	0.104897	0.0411852	0.128655	0.0408981	0.034618	0.0613595	0.104106
191	0.0172092	0.00252011	0.0047873	0.00658184	0.045643	0.00617896	0.00428087	0.0695263	0.00137152	0.603759	0.115341	0.00183511	0.0129043	0.0250961	0.00462169	0.0194518	0.00264095	0.0451531	0.00712453	0.00397228
192	0.0419238	0.00916331	0.0018025	0.00341619	0.0269279	0.00503984	0.00455124	0.327437	0.00208222	0.131399	0.042643	0.00682066	0.00443738	0.00364157	0.00210422	0.00691267	0.0292143	0.346814	0.00027507	0.00339397
193	0.0592898	0.0121147	0.00342415	0.00625954	0.0450152	0.0107482	0.017503	0.25627	0.00380888	0.145669	0.0500075	0.0145466	0.0117323	0.0172797	0.00473479	0.0287569	0.0289544	0.263234	0.00187173	0.0187789
194	0.142217	0.00486168	0.00616805	0.0273518	0.00432274	0.0673136	0.00478333	0.0308783	0.102382	0.0674112	0.0138562	0.0190276	0.0143409	0.00698423	0.0280428	0.171177	0.251646	0.0323395	0.00104891	0.00384689
