572	20
1	0.268517	0.0102086	0.00432648	0.00260285	0.0319776	0.0313453	0.00247607	0.101873	0.00323594	0.0907702	0.0142154	0.0123469	0.00289126	0.00213463	0.00285321	0.0441728	0.127379	0.240043	0.00485128	0.00177916
2	0.0397678	0.0017629	0.0119351	0.00802524	0.0730295	0.0240031	0.0151582	0.113233	0.0177474	0.306785	0.126687	0.0156423	0.0174541	0.0281372	0.0146793	0.0394125	0.0438712	0.0913122	0.000948679	0.0104081
3	0.0985228	0.0188728	0.00205558	0.00170588	0.0660316	0.0178421	0.00208673	0.242377	0.000736887	0.171604	0.0312598	0.00108484	0.000710249	0.0019023	0.00182805	0.0299757	0.0373705	0.268381	0.00157507	0.00407744
4	0.320565	0.0185804	0.00464626	0.00938187	0.00429979	0.0367601	0.0036865	0.0113572	0.00608694	0.00886829	0.0030582	0.00648978	0.0160252	0.00427923	0.0043942	0.450963	0.0591562	0.0268912	0.00158158	0.00292966
5	0.0726549	0.0138908	0.000676552	0.00108945	0.0538336	0.0118299	0.0013063	0.294306	0.000887449	0.201651	0.0408842	0.000669632	0.000281649	0.00126828	0.00108078	0.0162657	0.0260892	0.257768	0.000904337	0.00266342
6	0.267869	0.0100632	0.00564625	0.00338108	0.0301786	0.0308131	0.00267939	0.0935708	0.00267159	0.0980936	0.0126073	0.0076781	0.00349278	0.0022161	0.00293804	0.0381512	0.102379	0.279073	0.00444365	0.00205335
7	0.194171	0.0117257	0.0350604	0.0318841	0.0216297	0.0491826	0.0175533	0.0567893	0.0351269	0.0464467	0.0215885	0.0224496	0.0180732	0.030859	0.0611776	0.1109	0.0846229	0.120683	0.00807021	0.0220064
8	0.315544	0.0239646	0.00238574	0.0091633	0.00498699	0.00926672	0.00200807	0.0459193	0.00744947	0.0148986	0.0131064	0.00522927	0.00579983	0.00319657	0.00217881	0.364051	0.142837	0.0257683	0.000644012	0.00160113
9	0.0251163	0.00394583	0.000234804	0.00103869	0.0274984	0.00253155	0.000472413	0.384743	0.0023429	0.206159	0.0490114	0.00106989	0.000325557	0.0011623	0.000427899	0.00537698	0.0299008	0.257193	0.000145547	0.00130315
10	0.0943965	0.00887713	0.0174735	0.0172486	0.0123822	0.532549	0.00619816	0.0431627	0.00442319	0.0363044	0.0128746	0.0169341	0.00540786	0.00601296	0.00641555	0.0730748	0.0321119	0.0660859	0.00395529	0.00411162
11	0.0431605	0.00832758	0.0712241	0.0374779	0.0218237	0.0335687	0.0377026	0.0165423	0.0681457	0.0267504	0.0127787	0.245919	0.0131211	0.0299378	0.0491657	0.142084	0.0504823	0.0219504	0.00516331	0.0646737
12	0.0150293	0.00120415	0.00119368	0.0010709	0.10427	0.00344928	0.00344045	0.0881329	0.00302173	0.58457	0.10368	0.000840897	0.00479035	0.00507189	0.00430869	0.00454317	0.00834774	0.0451842	0.00125317	0.0165975
13	0.014453	0.00219816	0.00191049	0.00228829	0.0750849	0.00405205	0.00419371	0.110207	0.00332612	0.586775	0.0825752	0.00223908	0.00473556	0.00629015	0.00414471	0.00817354	0.0130578	0.0620764	0.00177454	0.0104442
14	0.031841	0.00343473	0.0107086	0.0132921	0.0395977	0.0140449	0.016116	0.138748	0.0157592	0.264293	0.0907329	0.0180864	0.0097849	0.0605694	0.0126404	0.0460971	0.0474872	0.159271	0.000766914	0.0067289
15	0.0207266	0.00231349	0.00382576	0.00408487	0.00159907	0.902541	0.00212336	0.00379968	0.0014432	0.00298637	0.0045716	0.0105309	0.00592936	0.00240543	0.0014993	0.013493	0.00921791	0.00551273	0.000264468	0.00113142
16	0.0375052	0.0153671	0.00286257	0.0059694	0.198277	0.0108704	0.0095323	0.059916	0.00822506	0.18183	0.0357416	0.00297945	0.00174374	0.00339584	0.014356	0.0362348	0.0248153	0.0810927	0.220894	0.0483916
17	0.0471025	0.00433258	0.285984	0.204484	0.00480388	0.0888651	0.0352836	0.0116685	0.030748	0.0115511	0.00764067	0.0605229	0.00969348	0.0361082	0.0234636	0.0682773	0.0349967	0.0197546	0.000668586	0.0140498
18	0.0605758	0.00672117	0.0612388	0.0207496	0.0302523	0.0775601	0.0574013	0.0381492	0.019742	0.0374568	0.0128393	0.20158	0.0269579	0.0476209	0.0172366	0.167979	0.0708229	0.0295382	0.000857547	0.0147201
19	0.335772	0.00912335	0.00925774	0.0102212	0.00754758	0.158714	0.00647101	0.0246009	0.00693942	0.033866	0.00642645	0.0139437	0.00810871	0.00760593	0.006441	0.189534	0.0930335	0.0669289	0.00205674	0.00340837
20	0.420458	0.00943349	0.00588791	0.00529352	0.00482675	0.0322088	0.00344477	0.0326793	0.00857322	0.0129611	0.0100674	0.0066523	0.0113633	0.00435821	0.00473814	0.223698	0.128699	0.0692118	0.00220567	0.00323998
21	0.0409737	0.00749077	0.00133072	0.00225735	0.039949	0.00697175	0.00179754	0.334067	0.00289104	0.211848	0.0479951	0.00263934	0.00113863	0.00343639	0.00129831	0.0133535	0.0372453	0.239863	0.000723849	0.00273003
22	0.314505	0.0107643	0.00851765	0.0104692	0.00843688	0.151433	0.00917947	0.0185618	0.00741737	0.0346588	0.0063619	0.0182267	0.00799482	0.0091831	0.00734791	0.248584	0.0668983	0.0531858	0.00281519	0.00545892
23	0.307264	0.0160069	0.000683696	0.00835463	0.0010048	0.0276682	0.00193947	0.00410324	0.0048227	0.00534291	0.00106313	0.003076	0.00963054	0.00283407	0.000708524	0.546523	0.0446471	0.0131838	0.00019648	0.000946933
24	0.0245004	0.00258341	0.00479458	0.00702129	0.0314782	0.00782502	0.00560248	0.285396	0.00625835	0.246103	0.0792797	0.0122993	0.00361926	0.0106734	0.0034465	0.0224466	0.0373242	0.207057	0.000257188	0.00203378
25	0.0259431	0.00188028	0.0153026	0.0117034	0.0468763	0.0228025	0.0222204	0.147129	0.012987	0.287157	0.0946579	0.0212075	0.0180916	0.0279509	0.014414	0.0459618	0.063692	0.116398	0.000465337	0.00315941
26	0.0343664	0.0329283	0.00145727	0.00693975	0.218327	0.0161043	0.0245867	0.0130811	0.0033852	0.0512804	0.0203341	0.0108598	0.00353824	0.00224493	0.017283	0.0419666	0.0107523	0.0158709	0.013672	0.461021
27	0.0325441	0.00670192	0.00127746	0.00211032	0.0552803	0.00574295	0.00249757	0.283819	0.00255121	0.292348	0.0658291	0.00254758	0.0016698	0.0039619	0.00182645	0.0111361	0.0241612	0.198829	0.000693294	0.00447331
28	0.0443776	0.00319136	0.04747	0.069475	0.00363122	0.0471582	0.031761	0.012562	0.210682	0.0146571	0.0192406	0.0755241	0.0221827	0.0667582	0.176087	0.0558182	0.0677918	0.0217952	0.00457896	0.00525804
29	0.0160473	0.00212745	0.00866438	0.0824052	0.00225308	0.0264199	0.0124461	0.00879336	0.304487	0.0122845	0.0236328	0.0170207	0.0188497	0.109249	0.26532	0.0120272	0.0479555	0.0184764	0.0056204	0.00592068
30	0.0295026	0.000839873	0.156018	0.538536	0.00130328	0.0619033	0.00890876	0.00533267	0.0236347	0.00761212	0.0167843	0.0193894	0.0134277	0.0574727	0.0111237	0.0302921	0.00592055	0.009392	0.000350846	0.00225484
31	0.0269699	0.0012074	0.00424563	0.00115775	0.480069	0.00558575	0.00138237	0.0137494	0.00114864	0.305182	0.0334661	0.000979113	0.00105942	0.00143072	0.00147863	0.0279804	0.0215472	0.0389687	0.0114829	0.0209091
32	0.0112594	0.00205821	0.123654	0.0793018	0.00524073	0.0229761	0.183163	0.0131842	0.0383274	0.0300973	0.017989	0.126996	0.0248105	0.159304	0.076085	0.0299058	0.036054	0.0132479	0.000498288	0.00584801
33	0.0729189	0.00174011	0.00214041	0.00305349	0.00715781	0.0119953	0.0101841	0.0143847	0.00318063	0.0267808	0.00805957	0.00560882	0.658948	0.00619623	0.00315118	0.0920093	0.0400283	0.0261667	0.000578534	0.00571704
34	0.198103	0.0100207	0.00761815	0.00448042	0.00350117	0.0396412	0.00471812	0.0815968	0.0332368	0.0367375	0.0431067	0.00385463	0.0366497	0.00208211	0.00203198	0.106803	0.311494	0.0722512	0.000661408	0.00141136
35	0.027826	0.00385219	0.000280907	0.00129125	0.0299061	0.00366732	0.000441148	0.365808	0.00216684	0.217716	0.0637977	0.0017216	0.000389495	0.00125381	0.00050432	0.0050748	0.0227475	0.250596	0.000119191	0.000839664
36	0.0310018	0.000945777	0.131201	0.52273	0.00119132	0.0658083	0.0092623	0.00598385	0.026076	0.00851461	0.0197785	0.0181013	0.0158009	0.0780614	0.0140955	0.0340631	0.00519491	0.0107007	0.000457773	0.00103178
37	0.113287	0.0124456	0.0233026	0.0184529	0.00377021	0.542235	0.00741743	0.0128204	0.00730907	0.00812842	0.00588237	0.0268415	0.0060096	0.0077812	0.00955917	0.130692	0.0359768	0.024289	0.000585218	0.0032149
38	0.0559623	0.023159	0.00201908	0.00554787	0.0971629	0.0113065	0.0046927	0.230035	0.00153844	0.270539	0.0409073	0.00214402	0.00177398	0.00490035	0.00248716	0.0246443	0.0399088	0.169679	0.00319986	0.00839248
39	0.0348183	0.00621881	0.000999697	0.0013393	0.031222	0.00470545	0.000821326	0.364389	0.00224422	0.198957	0.0465047	0.00120177	0.000565676	0.00131674	0.000639423	0.0093904	0.0316679	0.260922	0.000360158	0.00171677
40	0.0853155	0.00512323	0.0110884	0.0123497	0.0309516	0.015421	0.00738378	0.188883	0.0101159	0.187234	0.0832115	0.0200776	0.00917212	0.0137378	0.00580692	0.0354307	0.0618433	0.212194	0.00131924	0.0033406
41	0.329858	0.010034	0.0137063	0.0118153	0.00350758	0.152727	0.00590817	0.0154188	0.00753985	0.0110138	0.00278963	0.0147467	0.00793155	0.00842522	0.00665202	0.278677	0.0728733	0.0426213	0.00110528	0.00264935
42	0.164507	0.00850397	0.00260709	0.00512753	0.00659228	0.0244945	0.00639692	0.0961859	0.0187979	0.033414	0.119061	0.00963362	0.0217808	0.00379922	0.00361224	0.104509	0.286488	0.0814015	0.000954975	0.00213274
43	0.218169	0.0143355	0.00301678	0.0108865	0.00410409	0.0210061	0.00758927	0.00452824	0.00656673	0.00670537	0.00427026	0.0118106	0.0778122	0.00396153	0.00392096	0.514238	0.0713884	0.0110563	0.000476921	0.00415788
44	0.0739709	0.019753	0.00132142	0.00235348	0.0928067	0.0139428	0.00324427	0.211019	0.00135415	0.278752	0.0420268	0.00166338	0.00139001	0.00338316	0.00209033	0.0247051	0.0384227	0.177119	0.00253289	0.00814989
45	0.0680098	0.0235715	0.000869643	0.00242125	0.108231	0.0120419	0.0030753	0.262181	0.000757075	0.212036	0.0307773	0.000681681	0.000522274	0.00221955	0.00222175	0.023103	0.033688	0.200728	0.00347794	0.00938631
46	0.0861191	0.00682585	0.0141158	0.0104795	0.0146464	0.464169	0.00650916	0.0710979	0.00818083	0.0486867	0.0251092	0.0156962	0.00821249	0.00795687	0.00926175	0.0585132	0.0709086	0.0670575	0.00170561	0.00474801
47	0.298013	0.0129018	0.0168398	0.0139171	0.00513512	0.213637	0.00633072	0.018111	0.00614745	0.0126733	0.00525397	0.0162206	0.00751695	0.00710825	0.00721768	0.24414	0.0613303	0.0435077	0.00088319	0.00311559
48	0.233013	0.0149495	0.00441773	0.00285009	0.0498274	0.0384393	0.0026124	0.119563	0.00193509	0.132119	0.0140859	0.00531323	0.00148414	0.00157464	0.00268075	0.0404792	0.0914266	0.227837	0.0108106	0.00458231
49	0.0974568	0.0229238	0.00105709	0.00139706	0.073848	0.0179977	0.00199706	0.238991	0.000426488	0.199228	0.0324024	0.000386109	0.000317532	0.00144694	0.00157303	0.0265347	0.0347581	0.240969	0.00157068	0.0047193
50	0.0774761	0.0144367	0.0167927	0.00353901	0.0168638	0.00540234	0.00238235	0.2533	0.00171	0.0201889	0.00435274	0.00186831	0.00490681	0.0021641	0.00163849	0.0622809	0.053966	0.453094	0.000503653	0.00313288
51	0.129364	0.0136642	0.0139783	0.0124127	0.0284565	0.0295278	0.00833797	0.143059	0.0176495	0.0945675	0.0393116	0.0151329	0.0123963	0.0112698	0.01445	0.0708321	0.130241	0.202872	0.00490232	0.00757422
52	0.0587162	0.0198929	0.000923587	0.00256657	0.0699399	0.00963996	0.00211983	0.287082	0.00137382	0.215888	0.042275	0.00132594	0.000422842	0.00233652	0.00139801	0.0222485	0.039185	0.215781	0.00162208	0.00526242
53	0.0622689	0.0299731	0.00130023	0.00307884	0.121728	0.0125417	0.00413198	0.237594	0.000884017	0.236236	0.0305242	0.000892388	0.00074847	0.00288616	0.00268772	0.0257758	0.0362732	0.172321	0.00779451	0.0103596
54	0.289278	0.0175765	0.000474973	0.00836449	0.00118838	0.0140071	0.00151424	0.00412633	0.00532403	0.00411453	0.000898155	0.00197808	0.00976616	0.00291807	0.000661641	0.579147	0.0471685	0.0105499	0.000266337	0.000677925
55	0.0248211	0.00220237	0.00481033	0.00592765	0.0014971	0.892614	0.00186125	0.00379553	0.00148317	0.00272675	0.00474143	0.0107273	0.00218114	0.00226551	0.00183141	0.018811	0.00930679	0.00599719	0.000970265	0.00142891
56	0.0709139	0.00105571	0.0011991	0.00146971	0.0078297	0.00821388	0.0109218	0.0174356	0.00211268	0.0312439	0.00840872	0.00288664	0.661501	0.00209244	0.00168413	0.0889776	0.0436622	0.0339178	0.000424337	0.00404907
57	0.169823	0.0173774	0.00457608	0.00285505	0.0561344	0.0396167	0.00224266	0.15435	0.00124361	0.193484	0.0205774	0.00189169	0.00188533	0.00134726	0.00207003	0.0345036	0.0418887	0.244515	0.00275476	0.00686277
58	0.348313	0.0182138	0.0010484	0.00717684	0.00155775	0.0188898	0.00157749	0.00566801	0.0062411	0.00735347	0.00146497	0.00279036	0.00756128	0.00273141	0.000851107	0.502592	0.0477965	0.0171707	0.000254554	0.000747225
59	0.0416162	0.00362732	0.250816	0.133364	0.00582958	0.0715123	0.0476174	0.0115496	0.0355125	0.0139093	0.00808184	0.135319	0.0105787	0.0341857	0.0255864	0.0976386	0.0429305	0.0161486	0.00110332	0.0130721
60	0.0405433	0.0324264	0.0027443	0.003611	0.0226596	0.00456468	0.00507241	0.0528576	0.089757	0.129831	0.0804399	0.0181123	0.00372613	0.00397081	0.141435	0.112666	0.00973558	0.0265046	0.2121	0.00724141
61	0.0224624	0.00792694	0.000489993	0.00154441	0.116787	0.00309314	0.00389712	0.148928	0.00164056	0.502227	0.0588019	0.000587448	0.00169132	0.00350642	0.00353874	0.00734051	0.0122546	0.0875147	0.00261814	0.0131494
62	0.0276412	0.00364496	0.00564519	0.00552451	0.00266731	0.872194	0.0020948	0.00526853	0.00229253	0.00435549	0.00552981	0.0110439	0.00187561	0.00231252	0.00267467	0.0199144	0.0135677	0.00809277	0.000718259	0.00294192
63	0.0178892	0.00957231	0.009964	0.0194964	0.00703694	0.0147202	0.0324613	0.00766016	0.097005	0.0171315	0.0121674	0.0224175	0.00565074	0.0415271	0.600543	0.0301547	0.0215608	0.0117391	0.00900509	0.0122975
64	0.00591488	0.00635115	0.00146887	0.0259536	0.00214105	0.0110912	0.0183763	0.00384731	0.201294	0.0133478	0.0200674	0.0166241	0.0059016	0.0465	0.556601	0.00988661	0.0229508	0.0111831	0.0135773	0.00692202
65	0.154837	0.0175052	0.00364319	0.00934548	0.0425054	0.0189909	0.0123545	0.0224263	0.0386894	0.0784111	0.0517086	0.0297602	0.142818	0.0115522	0.015105	0.184052	0.121264	0.0309817	0.00241595	0.011633
66	0.0419656	0.00616263	0.000831984	0.00150691	0.0332592	0.00498668	0.000927461	0.34707	0.00241846	0.200819	0.0550039	0.00157576	0.00122513	0.00184589	0.00111337	0.00818369	0.0247614	0.264794	0.000253782	0.00129557
67	0.0131097	0.00210926	0.0012112	0.00217022	0.0714393	0.00329229	0.00380462	0.106463	0.00265089	0.610234	0.0826845	0.00190118	0.00393412	0.00573541	0.00290063	0.00702237	0.0113445	0.0574503	0.00121459	0.00932856
68	0.0518309	0.0131589	0.000484038	0.00130039	0.0510693	0.00749069	0.00120022	0.328568	0.00124623	0.201556	0.0439858	0.000665255	0.000290256	0.00151302	0.000972088	0.0122534	0.0264863	0.252085	0.000870191	0.00297529
69	0.0670598	0.0179123	0.00262438	0.00440965	0.071609	0.0134396	0.00450732	0.246858	0.00300306	0.216803	0.0474771	0.00418345	0.00172828	0.00785148	0.0030953	0.0298767	0.0457673	0.20313	0.00175711	0.00690713
70	0.287483	0.0158855	0.00794959	0.0114988	0.00429152	0.0499255	0.00436151	0.0120135	0.00827121	0.00887452	0.00377953	0.00857438	0.0140027	0.00616524	0.00641468	0.455878	0.0628266	0.0269737	0.00187304	0.00295807
71	0.274142	0.0122511	0.00515287	0.00986214	0.0015711	0.17697	0.00283951	0.0116491	0.00337981	0.00672815	0.00118518	0.00657593	0.00772449	0.00351515	0.00139634	0.40303	0.0441613	0.0263916	0.000278279	0.00119617
72	0.0363857	0.00517417	0.000202381	0.000925416	0.0302665	0.00351156	0.00047139	0.367213	0.00170575	0.19699	0.0541788	0.00102185	0.000305581	0.00118189	0.000438087	0.00582862	0.0217728	0.271486	0.000118196	0.000821795
73	0.0110843	0.00136204	0.000383322	0.000902877	0.103143	0.00143943	0.00347894	0.100547	0.00211814	0.615796	0.0764283	0.000551734	0.00265112	0.00401926	0.00248305	0.00273871	0.00616273	0.0514573	0.00140352	0.0118496
74	0.0297681	0.0299365	0.00156971	0.00230463	0.27703	0.00444039	0.00709685	0.00728942	0.00168761	0.0706877	0.00849066	0.0137128	0.00128975	0.00157588	0.00263216	0.0252748	0.00654627	0.0151813	0.00351044	0.489975
75	0.0925076	0.0252632	0.00144345	0.00224553	0.0877781	0.017937	0.00279595	0.230255	0.000850082	0.205555	0.0326448	0.00116943	0.000725971	0.00201335	0.00202208	0.0315016	0.0465397	0.207759	0.00247543	0.00651781
76	0.101091	0.025656	0.00113386	0.00179413	0.0816376	0.0192784	0.00227176	0.222209	0.00039972	0.208981	0.0308631	0.000441777	0.000355981	0.00174834	0.0015972	0.0309739	0.042172	0.21904	0.00209808	0.0062577
77	0.243053	0.0138044	0.0112176	0.0109412	0.00167615	0.381816	0.00246721	0.024477	0.00159101	0.00614411	0.00164186	0.00378378	0.00102422	0.0039796	0.00174248	0.20603	0.040536	0.042798	0.000336676	0.000939857
78	0.240017	0.0122788	0.013507	0.0149234	0.00163997	0.34399	0.00383743	0.0204222	0.00198925	0.00648383	0.0024787	0.00740831	0.00183845	0.00430595	0.00297718	0.241537	0.0403175	0.0387612	0.000312137	0.000974517
79	0.0792498	0.0229273	0.000959659	0.00201622	0.0756278	0.0142701	0.00214864	0.256233	0.00079194	0.21338	0.0369166	0.000597104	0.000362579	0.00205191	0.001427	0.0263768	0.0374674	0.219619	0.00188854	0.00568886
80	0.0342145	0.00539052	0.000210113	0.000926363	0.0313607	0.00335981	0.000470359	0.369588	0.00184408	0.202832	0.0518141	0.000975982	0.000250313	0.00107166	0.000403976	0.00559067	0.023916	0.264633	0.000163483	0.000983973
81	0.0562113	0.004825	0.00344461	0.00941123	0.0231905	0.0114396	0.00570267	0.211279	0.0108493	0.0991987	0.188587	0.0184076	0.00458289	0.00797646	0.00493563	0.0347234	0.138092	0.163217	0.000974878	0.00295171
82	0.0366799	0.0132684	0.000532608	0.00208004	0.110693	0.00647203	0.00343321	0.170061	0.00135606	0.435919	0.0545478	0.00046414	0.00172336	0.0034337	0.00248531	0.0131191	0.0209296	0.107505	0.00401205	0.0112847
83	0.030482	0.0153391	0.00235634	0.00596628	0.108709	0.0083507	0.0118029	0.0485898	0.0205979	0.214471	0.0476951	0.00544102	0.00306762	0.00341155	0.0336449	0.0402005	0.0174304	0.0515566	0.280379	0.0505087
84	0.281394	0.0179965	0.000446026	0.00868232	0.00100631	0.0124981	0.00143589	0.0043882	0.00564565	0.00377558	0.000888443	0.00208379	0.0084132	0.00300339	0.000590677	0.588058	0.049265	0.0096848	0.000169329	0.000575476
85	0.0696255	0.00642043	0.0119413	0.0276879	0.0132084	0.0496125	0.0565251	0.0240004	0.0233662	0.0541817	0.0094102	0.0275517	0.27066	0.109835	0.0231085	0.107792	0.0374366	0.0291847	0.00197503	0.0464775
86	0.0144768	0.00103644	0.0599664	0.00858596	0.0057968	0.00741995	0.0341349	0.00896404	0.0265542	0.00352702	0.00882354	0.517356	0.00121974	0.0193976	0.00168516	0.212006	0.0485911	0.00986158	0.000538849	0.0100577
87	0.0507697	0.00752455	0.00451228	0.00226848	0.029704	0.00524214	0.00154266	0.322364	0.00270942	0.133879	0.0347326	0.00149089	0.00216603	0.00215849	0.00173883	0.0243786	0.03575	0.33359	0.000494395	0.00298442
88	0.064573	0.00803889	0.00592951	0.0347781	0.0137064	0.0548828	0.0724605	0.0155974	0.00695806	0.111107	0.00923612	0.0600394	0.082847	0.0592738	0.00633163	0.0909066	0.023533	0.0695334	0.00247801	0.207789
89	0.0337756	0.00452907	0.000277953	0.00104681	0.0281083	0.00325974	0.000492358	0.368643	0.00195466	0.190279	0.057607	0.00117913	0.000389892	0.00128738	0.000500594	0.00584639	0.0225297	0.277184	0.000139542	0.000970539
90	0.0556128	0.00862247	0.002872	0.00285533	0.056512	0.00999796	0.0036662	0.239121	0.00324704	0.286014	0.0521512	0.00332731	0.00304401	0.00493925	0.00344454	0.016671	0.0280326	0.212048	0.00159342	0.00622807
91	0.0413637	0.0142347	0.000514815	0.00197417	0.0722417	0.00676709	0.00215063	0.237552	0.00121175	0.351429	0.0505099	0.000736757	0.00116857	0.00246218	0.0015754	0.0130899	0.0238847	0.168682	0.00190506	0.00654507
92	0.0102488	0.0010959	0.000305543	0.000776767	0.102688	0.00122508	0.00355099	0.0939466	0.00210748	0.630361	0.0769205	0.000430257	0.00264295	0.0039691	0.00247227	0.00210996	0.00512251	0.0465626	0.00133936	0.0121251
93	0.364622	0.00836321	0.00652185	0.00835632	0.00143487	0.241063	0.00311452	0.0140274	0.00199818	0.0103956	0.00151242	0.00651939	0.00201193	0.0050757	0.0014571	0.220797	0.0518268	0.0493218	0.000409488	0.0011719
94	0.0152659	0.0101509	0.0078328	0.0188599	0.00684173	0.011662	0.0333353	0.0099419	0.105965	0.0158026	0.0114321	0.0209806	0.00534277	0.0384763	0.607729	0.0248399	0.0195199	0.0150294	0.00818823	0.0128029
95	0.0118742	0.001807	0.000335012	0.000846974	0.105759	0.0015543	0.00347138	0.100759	0.00203102	0.613893	0.0741895	0.000443884	0.00247632	0.00380268	0.00250021	0.00289232	0.00629691	0.0514055	0.00160073	0.0120606
96	0.0280053	0.00450951	0.000346272	0.00100917	0.0288808	0.00333779	0.000524848	0.378776	0.00233028	0.204805	0.0478664	0.00107378	0.000306866	0.0010745	0.000494529	0.00644166	0.0312362	0.257376	0.000269936	0.00133483
97	0.0369889	0.00431897	0.0365872	0.0187235	0.0415336	0.0295849	0.018474	0.135391	0.0131926	0.218784	0.0710794	0.038972	0.011566	0.0379089	0.00992228	0.0620023	0.0580007	0.149578	0.000766077	0.00662539
98	0.0270586	0.00365832	0.00600224	0.00772871	0.00214709	0.877704	0.00186127	0.00460514	0.0019925	0.00271303	0.00493589	0.0116327	0.00183106	0.00238383	0.00215156	0.0198036	0.0121804	0.00696955	0.000644281	0.0019962
99	0.0962483	0.0260191	0.00176252	0.00255861	0.108222	0.0186535	0.00280466	0.207042	0.000763768	0.219574	0.028918	0.000829214	0.000697507	0.00214419	0.00185752	0.033507	0.0440536	0.193239	0.00329877	0.00780678
100	0.310276	0.0109297	0.00911231	0.0096299	0.00184921	0.296431	0.0034596	0.0195392	0.00208862	0.00968403	0.00211389	0.00620405	0.00227427	0.00499602	0.00224037	0.213667	0.0477123	0.0458247	0.000376129	0.00159193
101	0.077962	0.0137225	0.0133738	0.00317136	0.0208829	0.00693009	0.0022925	0.259801	0.00179815	0.0452715	0.010493	0.00196953	0.00367623	0.00186717	0.00175363	0.0574339	0.0538911	0.420157	0.000604303	0.00294789
102	0.104798	0.00638129	0.0096998	0.00787957	0.00343968	0.676869	0.00358429	0.0131177	0.00315524	0.00914807	0.00579499	0.0135145	0.00689998	0.00446147	0.00350459	0.0701291	0.0293965	0.0249329	0.000583638	0.00270993
103	0.0199591	0.0045433	0.0016944	0.00273093	0.0636513	0.00422496	0.00398003	0.180735	0.00275841	0.491701	0.0687971	0.00291585	0.0032964	0.00603354	0.00239409	0.00875285	0.016032	0.108089	0.00105891	0.00665189
104	0.559662	0.00407276	0.00735275	0.0021119	0.00361193	0.0150897	0.00143499	0.0448798	0.00254566	0.0100916	0.00734877	0.00238062	0.00930972	0.00192901	0.00245132	0.131348	0.0775652	0.114252	0.000827002	0.00173514
105	0.156963	0.017152	0.00430143	0.00336385	0.0527909	0.028094	0.00317727	0.167942	0.00233358	0.145402	0.0283746	0.00572191	0.00150289	0.00248774	0.00229481	0.0439308	0.0798774	0.247189	0.0034915	0.00360916
106	0.178917	0.014035	0.00985345	0.0092665	0.0253069	0.0269566	0.00598656	0.144541	0.0133752	0.0822724	0.0325989	0.00921176	0.019081	0.00652259	0.00606286	0.0852999	0.169072	0.155123	0.00189119	0.00462727
107	0.0671138	0.0266265	0.00208329	0.00338711	0.0985453	0.014091	0.00675217	0.251184	0.00130125	0.215481	0.0320594	0.00149942	0.0010185	0.00318968	0.00291352	0.0296252	0.0395015	0.191974	0.00329047	0.00836293
108	0.116001	0.0126252	0.0115846	0.00320219	0.0209768	0.0118127	0.00250344	0.223702	0.00252901	0.0424009	0.0127796	0.00348384	0.0043631	0.00187664	0.00206858	0.057125	0.0773094	0.389952	0.00115851	0.00254516
109	0.0590441	0.00232369	0.00468553	0.00742982	0.00721496	0.0139705	0.0138799	0.0137586	0.00578339	0.0283749	0.00813793	0.0102477	0.654322	0.0113674	0.00438855	0.0854862	0.0384391	0.0243094	0.000576599	0.00626007
110	0.0431178	0.00762593	0.000378521	0.00109329	0.0376703	0.00500178	0.000687262	0.34933	0.00157864	0.203645	0.0509515	0.000881692	0.000332562	0.00125442	0.000657894	0.00802734	0.0233394	0.262407	0.000412194	0.00160762
111	0.0348891	0.0252831	0.00327586	0.00694156	0.188447	0.012879	0.0132379	0.0357929	0.00518489	0.14161	0.0278872	0.0121164	0.00461534	0.00602909	0.00910876	0.0342768	0.0146272	0.0375363	0.0140629	0.372198
112	0.0570034	0.00931399	0.00384516	0.0045156	0.0396684	0.0101686	0.0031334	0.300142	0.00581954	0.191161	0.052266	0.0046044	0.00634556	0.00483812	0.00362304	0.0242185	0.0405433	0.234329	0.000829534	0.00363167
113	0.276491	0.0293654	0.00181178	0.00935621	0.00557536	0.018277	0.00311846	0.00748067	0.0084167	0.0079679	0.00312812	0.00511629	0.00880035	0.00522393	0.00393063	0.511229	0.0676885	0.0227034	0.00105809	0.00326118
114	0.0388978	0.00243047	0.150151	0.433658	0.00360215	0.0630974	0.0140958	0.0105014	0.03943	0.0131274	0.0168567	0.0242452	0.0141848	0.0576605	0.0268122	0.0431754	0.0175643	0.0173175	0.00503162	0.00816068
115	0.0484079	0.0100796	0.00257894	0.00306878	0.0405432	0.00787235	0.00227769	0.320966	0.00284236	0.178255	0.0410535	0.00314772	0.00158066	0.00290177	0.0016286	0.025864	0.0517321	0.25125	0.000824296	0.00312542
116	0.299067	0.0173669	0.00103085	0.00887625	0.00206239	0.0201249	0.00240621	0.00589059	0.00624369	0.00541461	0.00169573	0.00331268	0.00884342	0.00375141	0.00199983	0.542667	0.0518356	0.0151011	0.000639612	0.00166958
117	0.0658294	0.00186269	0.00234443	0.00471906	0.00765144	0.0147764	0.0158589	0.0143704	0.00329701	0.0295491	0.00749283	0.00901512	0.620017	0.0133616	0.00290924	0.114663	0.0400501	0.0241078	0.000512518	0.00761251
118	0.12095	0.00164906	0.00168215	0.00513234	0.00554324	0.0109153	0.0100114	0.00906088	0.0027018	0.0148251	0.00542377	0.00296134	0.446207	0.00280258	0.00246421	0.274176	0.0634127	0.0159139	0.000674044	0.00349379
119	0.0211049	0.000833706	0.397693	0.286722	0.00123331	0.079755	0.0269463	0.00201245	0.0277151	0.0066263	0.00282943	0.0481439	0.00262373	0.0114828	0.0102774	0.0356457	0.014516	0.00649326	0.000363827	0.0169821
120	0.0432615	0.0028754	0.00470967	0.0130746	0.0190565	0.0105011	0.00819228	0.167264	0.0135217	0.0854007	0.256037	0.0336269	0.00550141	0.0147941	0.00601527	0.0374839	0.14762	0.126752	0.000893922	0.00341865
121	0.0205719	0.0108704	0.013234	0.0207674	0.00557697	0.0177324	0.0326899	0.00855381	0.0936532	0.0165698	0.0108892	0.022858	0.00697678	0.036602	0.598848	0.0300184	0.0211896	0.0143035	0.00872399	0.00937034
122	0.0251677	0.00488147	0.00414669	0.00399496	0.00221052	0.890529	0.00176336	0.0044486	0.00161149	0.00264727	0.00534573	0.0111966	0.00166731	0.00182699	0.00220054	0.0172112	0.0103531	0.00639221	0.000346896	0.00205881
123	0.0175224	0.00469533	0.00486638	0.00931413	0.0303273	0.00844609	0.00712365	0.00913426	0.0435469	0.181345	0.0315171	0.00502261	0.00487689	0.23149	0.130613	0.169231	0.0875345	0.0164864	0.00163508	0.00527241
124	0.0260485	0.00340042	0.00372144	0.00468736	0.0763471	0.00772172	0.00521924	0.115664	0.00555788	0.532738	0.0720516	0.00507136	0.00503593	0.00680342	0.00449866	0.0152166	0.0183704	0.0777055	0.00407806	0.0100627
125	0.115364	0.00644651	0.0251393	0.0173528	0.015017	0.157709	0.0246074	0.0124957	0.01088	0.0485223	0.0066217	0.137379	0.0126578	0.0150215	0.013095	0.27884	0.0496989	0.04246	0.00124339	0.00944884
126	0.0954761	0.00885673	0.0363143	0.0410132	0.0104441	0.0508888	0.0252726	0.0397649	0.12647	0.0316581	0.0268795	0.0409798	0.0190652	0.0463905	0.0907927	0.105675	0.139352	0.0472915	0.00626503	0.0111502
127	0.0286243	0.00130315	0.00444236	0.00118174	0.502036	0.00577004	0.00128093	0.00694488	0.00121815	0.285095	0.0309892	0.00111382	0.000913718	0.00126284	0.00140776	0.0298905	0.0225994	0.0386356	0.0117981	0.0234927
128	0.0661241	0.00339923	0.00421072	0.004291	0.00762995	0.0136675	0.0109324	0.0151661	0.00455315	0.0268271	0.00794113	0.007574	0.62832	0.00860375	0.00607482	0.0941078	0.0557028	0.0272734	0.0013264	0.0062751
129	0.026967	0.00526561	0.0314258	0.0862265	0.0097867	0.0188844	0.0448235	0.0177531	0.0801973	0.0303655	0.0101419	0.0185381	0.0237499	0.410481	0.0926683	0.0384714	0.0222236	0.0195553	0.00157382	0.0109019
130	0.0170693	0.000975517	0.00192654	0.000984399	0.261038	0.00300252	0.00245929	0.0585233	0.00170117	0.502378	0.05562	0.000642774	0.0018409	0.00275122	0.00225739	0.0126244	0.0118532	0.0419202	0.00576365	0.0146679
131	0.106238	0.0418469	0.00314675	0.00692984	0.0192089	0.0108881	0.00590233	0.0265442	0.0105551	0.0964239	0.0927004	0.0455494	0.0165098	0.0059856	0.00414699	0.298587	0.186732	0.0134153	0.00165924	0.00702975
132	0.1189	0.304056	0.00317834	0.00535025	0.0559147	0.155611	0.00588918	0.0349489	0.00376339	0.0393023	0.0111242	0.00628456	0.00451455	0.00399705	0.00670165	0.098241	0.0553396	0.0629541	0.00663969	0.01729
133	0.0977246	0.0305114	0.00901336	0.0139667	0.0543465	0.0189663	0.00827726	0.107656	0.0100682	0.0734082	0.0385554	0.0188258	0.0105564	0.01053	0.00815542	0.235933	0.165921	0.0757096	0.00268859	0.00918641
134	0.20712	0.0164339	0.003434	0.00190895	0.0524896	0.0404339	0.00218717	0.137903	0.000713243	0.151715	0.0170362	0.00349939	0.000741294	0.00107547	0.00169765	0.0366048	0.075011	0.240829	0.0061006	0.0030664
135	0.0248713	0.00280435	0.00335819	0.00522898	0.0015164	0.899512	0.00154631	0.00387814	0.0016524	0.00238431	0.00442439	0.0109016	0.00132169	0.00181484	0.00161388	0.0167342	0.00948295	0.00568928	0.000258693	0.00100605
136	0.0293305	0.00305989	0.0111632	0.0139482	0.0313465	0.016344	0.0153355	0.150057	0.0134639	0.228435	0.131073	0.0244757	0.0103975	0.0411762	0.00965299	0.0482433	0.0955005	0.12215	0.000818376	0.00402836
137	0.0763048	0.028244	0.00144832	0.00282518	0.100699	0.0149469	0.00369392	0.238548	0.00101439	0.212575	0.032081	0.0011226	0.000645253	0.00280103	0.0023673	0.0289191	0.042905	0.196996	0.00311196	0.00875152
138	0.0102488	0.0010959	0.000305543	0.000776767	0.102688	0.00122508	0.00355099	0.0939466	0.00210748	0.630361	0.0769205	0.000430257	0.00264295	0.0039691	0.00247227	0.00210996	0.00512251	0.0465626	0.00133936	0.0121251
139	0.303978	0.0178202	0.000693868	0.0083092	0.00125528	0.0284772	0.00181777	0.00467219	0.00513441	0.00538421	0.00102046	0.0024853	0.00858801	0.0029335	0.000968062	0.543224	0.0477551	0.0145566	0.00022723	0.000698441
140	0.0353158	0.031002	0.00565696	0.00824073	0.192858	0.014471	0.0164607	0.0150516	0.00634375	0.0552293	0.0154845	0.0172903	0.00600763	0.00682259	0.0128725	0.0370976	0.0131678	0.0219932	0.0162643	0.47237
141	0.097216	0.0355577	0.0323494	0.00778562	0.0199801	0.0116685	0.00400091	0.222711	0.00321604	0.0434058	0.00801411	0.00280378	0.00610216	0.0033816	0.00263152	0.0633219	0.0574652	0.373396	0.000993011	0.00399966
142	0.0145649	0.00184468	0.00120629	0.00150137	0.102973	0.00440733	0.00455733	0.0901708	0.00407225	0.565592	0.096843	0.00127449	0.00546413	0.00569691	0.00498905	0.00595909	0.00939407	0.057092	0.00138252	0.0210148
143	0.0913279	0.0318381	0.0418854	0.00927979	0.015765	0.00962193	0.00404669	0.231696	0.00308234	0.0350187	0.00794929	0.00300487	0.00713768	0.00444526	0.00303185	0.0596254	0.0471179	0.388553	0.00109135	0.00448117
144	0.0401228	0.0148492	0.0048168	0.00352556	0.368573	0.0115304	0.00510542	0.0520986	0.00379584	0.240789	0.0318381	0.00505845	0.00411646	0.00399356	0.00628818	0.0357996	0.0278556	0.0635493	0.0134651	0.0628287
145	0.143469	0.0307968	0.00216524	0.00644523	0.0645635	0.0854068	0.00707577	0.00536196	0.00606906	0.0284396	0.020535	0.00273778	0.00476506	0.00604746	0.02305	0.175904	0.129417	0.0888534	0.0906734	0.0782241
146	0.0125658	0.00120867	0.00106901	0.00130777	0.098561	0.00305412	0.00401991	0.100669	0.00305981	0.590679	0.0878628	0.00152185	0.00385417	0.00540175	0.00326569	0.00483736	0.00783512	0.0549674	0.00125036	0.01301
147	0.167563	0.0180954	0.0188975	0.016554	0.0155284	0.0521567	0.0118082	0.0290175	0.0164253	0.0284522	0.0191278	0.0340464	0.0200581	0.0143821	0.0175319	0.325919	0.142404	0.0337847	0.00361542	0.0146332
148	0.00797667	0.00121675	0.000498127	0.00149017	0.0756384	0.00169833	0.00291612	0.0924228	0.00198446	0.656302	0.0832977	0.000898135	0.00321276	0.00441362	0.00186136	0.0034436	0.00644523	0.0440903	0.00108393	0.00910983
149	0.0187097	0.00131955	0.0766537	0.0025129	0.00340633	0.0478779	0.0280978	0.00270295	0.117099	0.0344712	0.00189082	0.160844	0.00413198	0.069829	0.0619783	0.304275	0.049899	0.0118267	0.000551644	0.00192219
150	0.0652714	0.00135845	0.00224905	0.00277719	0.00893711	0.00888159	0.012037	0.0296959	0.00313879	0.0419305	0.0119965	0.00406335	0.612253	0.00569118	0.00234784	0.0866848	0.0433345	0.0516213	0.000470625	0.00526028
151	0.0161838	0.0010993	0.0620141	0.00848308	0.00628795	0.00856651	0.0339997	0.00901374	0.0278138	0.00377569	0.00933902	0.507306	0.00134236	0.0190581	0.00199285	0.215929	0.0474347	0.00952105	0.000566631	0.0102725
152	0.0308653	0.0210975	0.00389528	0.0100834	0.0555446	0.0152579	0.0174565	0.0190578	0.0268358	0.0710902	0.0450801	0.00670015	0.00441914	0.00615634	0.0431888	0.0605934	0.0277357	0.0401499	0.406704	0.0880878
153	0.0122728	0.00963092	0.00607048	0.0173896	0.00357567	0.0106724	0.0333506	0.0077394	0.107646	0.015837	0.0122113	0.0188283	0.00459544	0.0407079	0.620053	0.0244444	0.0202809	0.016767	0.00999179	0.00793477
154	0.0867043	0.0250005	0.000959371	0.00209422	0.0870978	0.0165705	0.00251916	0.236582	0.000546659	0.213386	0.0342491	0.000530859	0.000391161	0.00228829	0.00180534	0.0291325	0.0418148	0.208759	0.00232102	0.00724801
155	0.0253613	0.0043079	0.00384027	0.0055825	0.069941	0.00683536	0.00583017	0.143901	0.00788604	0.456649	0.0835352	0.00629327	0.00662545	0.0101341	0.00736537	0.0187306	0.0244532	0.0998893	0.00326972	0.00956949
156	0.0157873	0.0033175	0.000696392	0.0013374	0.0895507	0.00285875	0.00324886	0.132649	0.00213282	0.563732	0.0745246	0.00106378	0.00274463	0.00429325	0.00232369	0.00519548	0.0104033	0.0728931	0.00146386	0.00978325
157	0.0926269	0.00493074	0.0102834	0.00866253	0.00370428	0.714944	0.00288603	0.0125357	0.00301572	0.0068205	0.0045842	0.0109041	0.0045112	0.00494205	0.00424503	0.0627081	0.0248139	0.0199984	0.000578432	0.00230462
158	0.120928	0.0159609	0.00288629	0.0018363	0.0483844	0.0263929	0.00207058	0.22351	0.000929225	0.151279	0.0383154	0.00199415	0.00130883	0.00137737	0.0020615	0.0330134	0.0528368	0.270492	0.00148478	0.00293769
159	0.0349732	0.00486877	0.0113496	0.0179443	0.0384844	0.0109839	0.0107319	0.210742	0.00921897	0.236385	0.0686281	0.0160206	0.00719157	0.0324381	0.00650584	0.0386332	0.0478757	0.19141	0.000706123	0.00490956
160	0.0318224	0.00122749	0.00480698	0.00134325	0.520161	0.00681377	0.00123481	0.00213194	0.00111221	0.266035	0.0271851	0.00112807	0.000842824	0.00116819	0.00134259	0.035498	0.0236971	0.0385373	0.0125333	0.021379
161	0.0900044	0.0127043	0.00232164	0.0016864	0.048148	0.0166891	0.0012908	0.276218	0.00107483	0.181545	0.0409474	0.000936329	0.00176142	0.00119578	0.00126641	0.0179484	0.0280388	0.273189	0.00085879	0.00217471
162	0.0430024	0.0027852	0.00362193	0.00498995	0.033304	0.0130151	0.0134036	0.0495174	0.00605916	0.221673	0.0369728	0.00747179	0.396756	0.0136771	0.00659006	0.0557815	0.0327924	0.0432567	0.00103411	0.0142955
163	0.307678	0.0167405	0.000844605	0.00789583	0.000992439	0.0148707	0.00141461	0.00566814	0.0053526	0.00418021	0.00109791	0.00220663	0.00799659	0.00287066	0.000670614	0.556086	0.0485007	0.0141783	0.000203692	0.000551253
164	0.0281436	0.00512745	0.000263682	0.00116582	0.051219	0.00305909	0.00120373	0.289327	0.00182419	0.319538	0.0634857	0.000974664	0.000885049	0.00179076	0.00112863	0.00522614	0.0176872	0.203783	0.0004889	0.00367838
165	0.0596921	0.0101952	0.000526859	0.000970763	0.0442451	0.0087084	0.000879179	0.323404	0.00115928	0.194954	0.0465856	0.000777685	0.00028776	0.00126076	0.000828262	0.0117211	0.0224233	0.269164	0.000477484	0.00173888
166	0.0252313	0.0347109	0.00119096	0.00184001	0.254542	0.0030012	0.00653905	0.00672686	0.00170865	0.0489483	0.00447155	0.0164716	0.00118928	0.0015551	0.001878	0.0190605	0.00366055	0.0116883	0.00195576	0.55363
167	0.0304845	0.00133028	0.00482222	0.00120774	0.520668	0.0063244	0.0011289	0.00332637	0.00105734	0.268361	0.0268172	0.00110163	0.000817072	0.00104419	0.00133419	0.0322713	0.0243449	0.0395529	0.0126778	0.0213282
168	0.17564	0.0183143	0.00283316	0.00149133	0.0603526	0.04249	0.00193385	0.154962	0.000539068	0.183111	0.0190328	0.0014762	0.000677034	0.0010845	0.00146892	0.0345718	0.0475607	0.245162	0.00317644	0.00412195
169	0.0299065	0.00518644	0.00143675	0.00118715	0.187017	0.00515854	0.00291801	0.0976464	0.00169146	0.486438	0.0556977	0.000625598	0.00162179	0.00286908	0.00244402	0.0121878	0.0146656	0.0747249	0.00386728	0.0127097
170	0.2726	0.0172623	0.00544667	0.00248522	0.0320018	0.0565894	0.00263558	0.088293	0.00549495	0.108474	0.0129286	0.00464042	0.00582355	0.00121997	0.00247538	0.0487536	0.116067	0.210275	0.00459554	0.00193742
171	0.0302094	0.00433141	0.000220542	0.000901351	0.0284367	0.00284761	0.000419515	0.375304	0.0019608	0.202982	0.052973	0.00102639	0.000296364	0.00106911	0.000380388	0.00534348	0.0254504	0.26481	0.000126522	0.000912397
172	0.0300174	0.00110399	0.00483042	0.00119201	0.524383	0.00619893	0.00112917	0.0020481	0.00106588	0.268115	0.0268326	0.00104461	0.000781073	0.00103439	0.00133401	0.0320504	0.0240061	0.038496	0.0127788	0.0215581
173	0.0252456	0.0352684	0.00116549	0.00182152	0.251463	0.00278869	0.00637033	0.00677834	0.00166295	0.0471896	0.00400358	0.0163677	0.00118001	0.00155464	0.00156238	0.0186343	0.00348816	0.0115396	0.00184041	0.560075
174	0.0171054	0.00239499	0.00107612	0.00233433	0.0623611	0.00323768	0.00266656	0.149463	0.00221197	0.54827	0.0770014	0.00191958	0.00345141	0.00517124	0.00182334	0.00673927	0.0130001	0.091823	0.00109239	0.00685705
175	0.0669371	0.0021533	0.00281095	0.00455239	0.00657877	0.0114239	0.0107601	0.0141524	0.00310862	0.0260599	0.00670144	0.00690369	0.64786	0.00715944	0.0022011	0.106693	0.0432457	0.0251079	0.000402948	0.00518637
176	0.0405202	0.00176499	0.143862	0.464079	0.00302044	0.0677296	0.0128439	0.0086902	0.0303184	0.0105051	0.0163647	0.0229526	0.0155558	0.0623681	0.0182734	0.0449169	0.0153026	0.0155122	0.000692633	0.00472768
177	0.258166	0.0163854	0.00488079	0.0105868	0.00546078	0.0326432	0.00420773	0.0166054	0.00812068	0.011278	0.00616256	0.00939089	0.0153874	0.00530333	0.00398644	0.478889	0.0836173	0.0249976	0.000997824	0.00293314
178	0.0555522	0.00181667	0.00299524	0.00431514	0.00849596	0.00925255	0.0102202	0.0150271	0.00475421	0.035723	0.00851316	0.00624895	0.676331	0.0104577	0.00410409	0.0783696	0.035607	0.0254054	0.000420273	0.00639041
179	0.111731	0.00836457	0.0370055	0.0300755	0.0149914	0.0563379	0.0225708	0.0141003	0.0376689	0.0229162	0.00870349	0.0325888	0.0666021	0.0343787	0.131117	0.184623	0.126786	0.0407244	0.00605469	0.0126592
180	0.035195	0.020139	0.00415385	0.0108246	0.057336	0.0147796	0.0192322	0.024014	0.0325991	0.0784885	0.0449497	0.00831916	0.00623063	0.0107256	0.0466806	0.060467	0.0261217	0.0450909	0.37137	0.0832831
181	0.0142632	0.00295051	0.00128506	0.00238721	0.0688876	0.0031405	0.00332339	0.112787	0.0027571	0.595566	0.0826461	0.00249964	0.00444408	0.00532273	0.00221025	0.00847369	0.0132217	0.0641757	0.00113152	0.00852732
182	0.280993	0.014007	0.0118094	0.00744143	0.0272699	0.0390197	0.0028401	0.10784	0.00498812	0.0910795	0.0212375	0.00555066	0.00946271	0.00436996	0.00405854	0.0697094	0.0666647	0.225075	0.0026241	0.00395949
183	0.197731	0.0229915	0.0156483	0.0141995	0.0106779	0.0414107	0.00782755	0.027921	0.0148076	0.0238552	0.0126521	0.0259825	0.0241295	0.0104442	0.0120506	0.384049	0.109577	0.0363529	0.00188504	0.00580701
184	0.0349008	0.0032371	0.0849889	0.123734	0.00354415	0.0402385	0.0509069	0.0154408	0.118302	0.0153698	0.0121039	0.0528855	0.0180853	0.217617	0.0799839	0.0667936	0.0348622	0.0204663	0.00072858	0.00580935
185	0.0311306	0.0030928	0.00423613	0.00656521	0.00223741	0.872078	0.00236773	0.00481555	0.0022075	0.00338282	0.00511299	0.0117569	0.0016847	0.0022797	0.0017037	0.0248302	0.0111525	0.0074775	0.000469541	0.00141802
186	0.00837231	0.00592456	0.00212486	0.0420182	0.00268949	0.015397	0.0162656	0.00487932	0.291726	0.0192951	0.0226442	0.0157218	0.00916417	0.0487217	0.42305	0.00752684	0.031282	0.0129448	0.0102576	0.00999418
187	0.0364259	0.0056684	0.000907553	0.00222153	0.0333465	0.00503314	0.00133394	0.347198	0.00285076	0.201334	0.06139	0.00261631	0.00084539	0.00254247	0.00142611	0.00999163	0.0286693	0.254298	0.000319124	0.00158275
188	0.113618	0.00395997	0.0987014	0.0886528	0.0101908	0.0173781	0.00525921	0.0644657	0.0690899	0.126918	0.00915297	0.0294808	0.0143218	0.0246673	0.0151358	0.0759519	0.0453976	0.153218	0.00149279	0.0329476
189	0.0294399	0.00116638	0.200989	0.41008	0.00225993	0.068877	0.0185561	0.00967064	0.0423426	0.0140263	0.0146833	0.03024	0.0121762	0.0551912	0.0196286	0.0373501	0.0124919	0.0139165	0.000517065	0.00639691
190	0.31763	0.0172378	0.0187046	0.0174077	0.0217752	0.0571524	0.00884112	0.0556683	0.0120078	0.0497973	0.0155743	0.0182242	0.023994	0.00981989	0.00992724	0.172103	0.0765898	0.0884173	0.00175644	0.00737223
