355	20
1	0.0749613	0.00371186	0.150624	0.115746	0.00526735	0.0657243	0.0187838	0.0230697	0.0482449	0.0361996	0.0100294	0.0924093	0.0154914	0.0478242	0.0377957	0.108274	0.0776018	0.0479133	0.000546013	0.0197814
2	0.0613305	0.00948373	0.245539	0.0988854	0.00607446	0.0769598	0.0180876	0.0153436	0.0300203	0.0420317	0.00667819	0.119445	0.0102425	0.0283876	0.0315422	0.0955471	0.0582081	0.0289567	0.00123587	0.0159999
3	0.0762318	0.00323248	0.0736367	0.0750786	0.0123363	0.0407114	0.0316726	0.0312349	0.0566005	0.0518985	0.0170392	0.0650332	0.0362864	0.0525107	0.0577501	0.123996	0.114096	0.0551388	0.00127335	0.0242424
4	0.00464493	0.00784947	0.0053305	0.001049	0.0374357	0.00218943	0.00317457	0.174629	0.00198725	0.585612	0.0393953	0.00068646	0.0097164	0.000636355	0.00494815	0.0139304	0.00644884	0.0942635	0.00166938	0.00440379
5	0.103742	0.00327327	0.053499	0.0743944	0.00845552	0.0393814	0.0133341	0.0190762	0.0485057	0.0632437	0.023326	0.0623287	0.0159108	0.0419215	0.0174424	0.115312	0.165265	0.0965193	0.00256202	0.0325078
6	0.0883648	0.00121904	0.0125117	0.0301209	0.0217754	0.0196741	0.0471841	0.0318788	0.0439943	0.0920314	0.0275377	0.0222988	0.0910907	0.0634394	0.0629564	0.127143	0.117325	0.071588	0.00220193	0.0256641
7	0.0600216	0.00441463	0.138205	0.0815839	0.00946674	0.159517	0.0139215	0.0233826	0.0350716	0.0388527	0.00858387	0.0885885	0.0171457	0.0367693	0.0421168	0.108241	0.0790235	0.0383737	0.00106489	0.0156559
8	0.0144694	0.0069812	0.0209715	0.0505627	0.00584252	0.0162474	0.018197	0.0304557	0.354574	0.021926	0.0334546	0.0853671	0.00294327	0.0408102	0.163453	0.0519167	0.0569653	0.0143536	0.00288982	0.0076196
9	0.0622155	0.017795	0.0241248	0.0617824	0.0110426	0.0306622	0.00541575	0.00525288	0.0379502	0.0386002	0.0037741	0.0252638	0.271394	0.0583699	0.0260122	0.194268	0.0836504	0.0097884	0.00180404	0.0308331
10	0.00468242	0.00661446	0.00595739	0.000681839	0.0381078	0.00261746	0.0042388	0.12448	0.00210453	0.631655	0.0399729	0.000676494	0.0111871	0.00106087	0.00626152	0.0155756	0.00504867	0.0941713	0.00149717	0.00340938
11	0.0390097	0.0019853	0.0656381	0.10196	0.00326677	0.22775	0.0248196	0.0134898	0.0682257	0.00840156	0.00500163	0.0829912	0.00484473	0.054265	0.147423	0.0804454	0.0348158	0.0194147	0.0061164	0.0101366
12	0.0543239	0.00174448	0.0570308	0.0185501	0.0171555	0.0305056	0.00319045	0.272343	0.0369783	0.0252277	0.0371208	0.0244993	0.00318989	0.00366878	0.00694368	0.0796533	0.127197	0.196381	0.00188742	0.00240878
13	0.00639	0.0152408	0.00689326	0.00459948	0.427771	0.00658507	0.00678204	0.0399222	0.0024659	0.0649952	0.0170371	0.00280612	0.0010661	0.00321911	0.00251769	0.0194023	0.0215746	0.0222058	0.000663148	0.327863
14	0.332252	0.0369136	0.0126543	0.0535344	0.0154937	0.00718561	0.0036742	0.04553	0.0367131	0.0271775	0.0109289	0.013516	0.00285578	0.017495	0.0259446	0.104862	0.113876	0.126896	0.00500096	0.00749688
15	0.00732443	0.00497531	0.00670068	0.00131966	0.0662936	0.00289488	0.00730482	0.0981415	0.00242382	0.566419	0.0892013	0.00271611	0.00964551	0.00194899	0.00537428	0.0190765	0.00667057	0.0894673	0.00300356	0.00909793
16	0.0539585	0.0115545	0.0879652	0.0295755	0.00243405	0.628152	0.00370513	0.00468827	0.0101885	0.00930068	0.00200627	0.0431148	0.0014783	0.00766268	0.0122644	0.0629536	0.0160712	0.00601278	0.00199132	0.00492274
17	0.00976049	0.00579369	0.00406909	0.00198574	0.229822	0.00445009	0.00743247	0.100898	0.00401651	0.399267	0.0525369	0.00162662	0.00613068	0.00440556	0.00531453	0.0242494	0.0137817	0.0776391	0.00399223	0.0428278
18	0.0252724	0.00744344	0.00665563	0.00671634	0.418326	0.0121681	0.0148402	0.0666544	0.0104062	0.115427	0.0330212	0.00732183	0.00545463	0.0106168	0.00898754	0.0579331	0.0338096	0.068846	0.0059278	0.0841709
19	0.104453	0.0174007	0.0188623	0.00640625	0.0209741	0.0100065	0.00900634	0.0264228	0.0292004	0.0103584	0.00476508	0.142378	0.0423845	0.00498372	0.0298519	0.295278	0.197393	0.0245721	0.0018305	0.00347254
20	0.0419238	0.00106882	0.00126089	0.0039788	0.101077	0.0177368	0.0217082	0.0737781	0.0124959	0.225732	0.055944	0.00111961	0.00964539	0.0314734	0.0239113	0.0759635	0.0537573	0.167778	0.0318963	0.0477513
21	0.00700835	0.00260722	0.00471783	0.00413902	0.113533	0.00424292	0.181505	0.00587242	0.00468508	0.00809288	0.00360024	0.108699	0.00269092	0.0619433	0.00478575	0.0227743	0.0205749	0.0304819	0.00151561	0.406531
22	0.0119609	0.00399092	0.00311628	0.00108755	0.0223631	0.002416	0.00210022	0.200844	0.00194225	0.387175	0.0470101	0.000985923	0.0107027	0.00120196	0.00386477	0.0110217	0.00673753	0.276628	0.0024343	0.00241642
23	0.0506287	0.0118576	0.0151283	0.00325074	0.00138567	0.825287	0.00109276	0.00247687	0.00492081	0.00591315	0.00120176	0.00469436	0.00113544	0.00170507	0.00450107	0.0506916	0.00602837	0.00217229	0.00225859	0.0036694
24	0.00736291	0.000504197	0.000775515	0.000806661	0.00607404	0.00092617	0.000525015	0.664271	0.000806122	0.0419891	0.0171005	0.00074384	0.000881641	0.00237739	0.00263966	0.00684684	0.0142886	0.229111	0.000635125	0.00133509
25	0.0340969	0.016277	0.0132704	0.0174697	0.0285492	0.0647655	0.016657	0.0327124	0.0550749	0.0718963	0.0638345	0.0168184	0.0160564	0.0359325	0.0970708	0.0940926	0.0487196	0.0500952	0.209297	0.0173133
26	0.00392756	0.0261614	0.0135634	0.00771595	0.288953	0.00810465	0.00206428	0.00906497	0.0023406	0.0243017	0.00400585	0.00227072	0.00141468	0.00230523	0.00294587	0.00738908	0.0279357	0.00505964	0.000764991	0.559711
27	0.0238105	0.0211462	0.110176	0.00511355	0.0627377	0.0206555	0.0785041	0.00648537	0.062292	0.0958095	0.00461576	0.0344942	0.0177654	0.0755714	0.257745	0.0405329	0.053606	0.0231423	0.00234163	0.00345505
28	0.126545	0.0106309	0.0109104	0.0204397	0.0122409	0.0107164	0.0128409	0.0235747	0.0459789	0.0260225	0.0136708	0.109447	0.0707129	0.022431	0.0672302	0.138505	0.19304	0.0764019	0.00259792	0.00606291
29	0.0303652	0.000838391	0.00132319	0.00132632	0.0123527	0.00393858	0.00108311	0.221533	0.00156694	0.0192862	0.00351518	0.0014211	0.00352714	0.00153151	0.00253057	0.00387201	0.018431	0.649217	0.00051561	0.0218256
30	0.0209028	0.00202978	0.00151789	0.00165244	0.0128598	0.00338858	0.00131692	0.247525	0.001816	0.178088	0.0567391	0.00148621	0.0121805	0.00174929	0.00256454	0.00905497	0.0111939	0.428871	0.00253943	0.00252361
31	0.0260043	0.0534811	0.0138168	0.0143867	0.0569246	0.0271162	0.0131651	0.0186655	0.0182271	0.0655062	0.0185819	0.0127006	0.00937612	0.0521228	0.026795	0.0378309	0.0267259	0.0240701	0.472241	0.0122618
32	0.0247663	0.0007771	0.00357647	0.00232431	0.0122184	0.00424816	0.00111012	0.345947	0.00359512	0.029813	0.0124369	0.0028052	0.00275011	0.00221688	0.00318423	0.00816284	0.030992	0.494678	0.000891526	0.0135068
33	0.213647	0.00912606	0.0304427	0.0136348	0.00682851	0.347223	0.00438202	0.017181	0.00923612	0.0366578	0.00971528	0.0576489	0.00810154	0.00794942	0.0215461	0.12802	0.0507034	0.0157568	0.00431336	0.00788617
34	0.0218098	0.015974	0.324791	0.0820934	0.00523177	0.0536503	0.0180764	0.00783895	0.0150488	0.0163697	0.00443454	0.269406	0.00230685	0.0175679	0.0259182	0.0646525	0.0346196	0.0119414	0.000788889	0.00747967
35	0.0111296	0.010898	0.0126496	0.00981822	0.00296697	0.046981	0.0520195	0.00339404	0.146427	0.0267156	0.0112212	0.0294552	0.00156654	0.0639577	0.489093	0.0444999	0.0155496	0.00695398	0.00956292	0.00514008
36	0.0250774	0.0179301	0.394321	0.114631	0.00672334	0.0661434	0.00809592	0.00788738	0.0110915	0.0168597	0.00233401	0.16633	0.00130471	0.0121963	0.0259629	0.0639384	0.0365388	0.012751	0.000430768	0.00945273
37	0.0890952	0.00242947	0.00418029	0.0771325	0.00750435	0.00727972	0.00483168	0.151123	0.0395434	0.0805863	0.0810337	0.00856616	0.00380664	0.0448538	0.00876207	0.0181	0.0916005	0.263052	0.00247612	0.0140429
38	0.0221385	0.00649589	0.00510653	0.00259179	0.0278529	0.00550964	0.00381759	0.275185	0.00330136	0.427883	0.0444905	0.00229427	0.00744476	0.0031675	0.00580291	0.0161035	0.0250589	0.108991	0.00241213	0.00435248
39	0.0288674	0.0439477	0.0260231	0.0462018	0.0470623	0.0071565	0.00521491	0.0526717	0.0311064	0.213683	0.149068	0.008723	0.00442205	0.0851704	0.0478021	0.0890957	0.0463636	0.0610562	0.00220601	0.00415821
40	0.023373	0.0180056	0.396676	0.106258	0.00670469	0.0641273	0.00933052	0.00753756	0.00990717	0.0164154	0.00237926	0.178287	0.00156287	0.0114172	0.0265848	0.0645065	0.0352775	0.0120964	0.000454139	0.00909919
41	0.0766039	0.00441215	0.0623637	0.0161135	0.00625968	0.0298001	0.00213425	0.00617459	0.0128347	0.00551337	0.00283735	0.132108	0.0163321	0.00307124	0.00623258	0.436603	0.172243	0.00481961	0.00116054	0.00238252
42	0.0541028	0.0119586	0.0166043	0.00373901	0.00121057	0.814754	0.00106563	0.00334841	0.00512085	0.00687115	0.00160156	0.0057844	0.000846919	0.00176183	0.00479851	0.0510967	0.00706764	0.00251234	0.00223536	0.00351902
43	0.0143866	0.0159195	0.287378	0.0498275	0.00387879	0.0387959	0.0314925	0.00466615	0.00854898	0.0149517	0.006042	0.387884	0.00214621	0.0215031	0.0198733	0.0631949	0.0180006	0.00677713	0.00064928	0.00408297
44	0.0093134	0.00538967	0.00132592	0.00171142	0.542661	0.00525744	0.00920593	0.0688883	0.00298173	0.127491	0.0314382	0.00125943	0.000633821	0.00290768	0.00193462	0.031169	0.0162784	0.0379891	0.000403733	0.10176
45	0.0151419	0.00646413	0.0178442	0.291242	0.00176149	0.0140884	0.0636148	0.00348844	0.0653603	0.0208413	0.00664569	0.0201622	0.0146737	0.347224	0.0765797	0.0152005	0.00437203	0.0078207	0.000874829	0.00659994
46	0.097405	0.0153656	0.0229192	0.0231869	0.0172993	0.0327893	0.0106287	0.016015	0.0231776	0.0347714	0.0118802	0.0448325	0.025476	0.0166729	0.0301369	0.380842	0.139772	0.027723	0.00375204	0.0253551
47	0.0107841	0.00488133	0.0014741	0.00169535	0.519018	0.00566197	0.0099449	0.0676891	0.0034143	0.128755	0.0390986	0.0012128	0.00117201	0.0039669	0.00273283	0.0336237	0.0165904	0.046541	0.00198959	0.0997532
48	0.0226416	0.00261943	0.253953	0.247642	0.0250216	0.00621415	0.0646147	0.00347836	0.0732106	0.0100497	0.0023258	0.016126	0.0369737	0.104322	0.0219128	0.0395366	0.0154128	0.0137098	0.000873465	0.0393615
49	0.00689543	0.00227663	0.00444758	0.00402529	0.103947	0.00390316	0.188334	0.00501313	0.00456104	0.00750664	0.00364177	0.11377	0.00259281	0.0646678	0.00458247	0.0211615	0.0195952	0.0300174	0.00136329	0.407698
50	0.0417271	0.00122056	0.00184706	0.0142743	0.00182349	0.00195649	0.0252839	0.0110521	0.00254078	0.055436	0.00400197	0.00276751	0.713313	0.00760948	0.0231198	0.0536833	0.0115974	0.0245362	0.000847078	0.00136211
51	0.18383	0.0398626	0.00344655	0.00340804	0.0262698	0.0842011	0.0121533	0.00503501	0.00469267	0.014305	0.00337341	0.027587	0.00405711	0.0167154	0.0253854	0.412882	0.0912045	0.00709278	0.00113126	0.0333671
52	0.00956749	0.0157521	0.241485	0.0177046	0.00209135	0.0276137	0.0462197	0.00261366	0.00534869	0.0151642	0.00757137	0.489075	0.00163226	0.0265644	0.0172997	0.0617315	0.00711094	0.00313594	0.000738845	0.00157998
53	0.231766	0.0231786	0.0102481	0.0167506	0.0161718	0.0114834	0.00631543	0.0495848	0.0217163	0.0248518	0.0131141	0.0205608	0.0167335	0.0139381	0.0151176	0.169946	0.193699	0.128618	0.00371353	0.0124927
54	0.0286479	0.00135465	0.0028745	0.00262187	0.109753	0.00876331	0.0155146	0.0682481	0.00514872	0.313044	0.139312	0.00520243	0.00439031	0.0108242	0.00905587	0.0285937	0.0323709	0.131712	0.0310863	0.0514822
55	0.00481307	0.00743856	0.00555524	0.00101815	0.037731	0.0021759	0.003253	0.169458	0.00198948	0.587161	0.0414958	0.000763816	0.00934204	0.00064588	0.00479603	0.0137528	0.00631393	0.0964779	0.00162069	0.00419809
56	0.166397	0.00435816	0.00781492	0.0138875	0.00487744	0.0120283	0.0143667	0.0129308	0.00999169	0.0320567	0.0219352	0.00895214	0.445989	0.0606229	0.0191158	0.0966353	0.0342376	0.0272127	0.00218628	0.00440418
57	0.0156812	0.00364992	0.0887366	0.0270591	0.00579819	0.492341	0.00365621	0.00864968	0.0202499	0.0232151	0.00405175	0.081907	0.00378232	0.0171566	0.0262077	0.0711115	0.0927668	0.00875942	0.00233435	0.00288539
58	0.0973151	0.00639363	0.014642	0.0146243	0.0550275	0.0454222	0.0126474	0.0921942	0.0208937	0.0860763	0.0991307	0.0201512	0.0129613	0.0186419	0.0179604	0.0908808	0.118713	0.144767	0.0109197	0.0206375
59	0.012277	0.00788135	0.0137162	0.0262369	0.0137923	0.00927539	0.00979006	0.018023	0.323483	0.0162892	0.0406264	0.108612	0.0236056	0.0322137	0.171301	0.0799574	0.0543527	0.0314591	0.00185215	0.00525548
60	0.00470695	0.00758793	0.00560503	0.00106364	0.0372585	0.00217596	0.00315303	0.175432	0.00201654	0.584465	0.0404296	0.000693828	0.00914213	0.000630443	0.00466472	0.013675	0.00656856	0.0946914	0.00162461	0.00441558
61	0.0298131	0.00306092	0.00785572	0.00615759	0.00543968	0.323273	0.00464982	0.0253012	0.0251154	0.0529833	0.0474773	0.00559095	0.0217405	0.0432383	0.0608807	0.0779881	0.045311	0.0450984	0.144905	0.0241206
62	0.145366	0.00328178	0.08621	0.0115601	0.003632	0.125495	0.00184813	0.00426184	0.0172769	0.00582389	0.00263835	0.126639	0.0070264	0.00305689	0.00899378	0.360521	0.0778889	0.00420958	0.00124655	0.00302429
63	0.153848	0.00476557	0.0419001	0.0531773	0.00908596	0.0344956	0.0329879	0.00851867	0.0272702	0.116395	0.00727561	0.0440654	0.139837	0.0344721	0.00905601	0.119476	0.0563029	0.0300511	0.014264	0.0627559
64	0.0466553	0.0123484	0.26791	0.109687	0.00514945	0.0782788	0.013212	0.0171081	0.0307085	0.0222001	0.00584515	0.133275	0.00676888	0.0295721	0.0305958	0.0935942	0.0554873	0.0272239	0.000359977	0.0140199
65	0.0111928	0.0160362	0.261338	0.029382	0.00325246	0.0319785	0.0390123	0.00463265	0.00646112	0.01544	0.00649957	0.449155	0.00169451	0.0235662	0.0188354	0.0610621	0.0124478	0.00450594	0.000710212	0.00279732
66	0.0683454	0.00638201	0.00870594	0.0159894	0.0267648	0.0220789	0.0130109	0.120553	0.0189938	0.144486	0.066581	0.0126721	0.162679	0.0194616	0.0329885	0.0611969	0.0853558	0.0894716	0.00976956	0.0145132
67	0.185603	0.0388346	0.00356958	0.00335534	0.0262995	0.0852106	0.0131655	0.00518441	0.00508759	0.0138545	0.00337452	0.0291263	0.00412431	0.0175968	0.0269759	0.406028	0.0902897	0.00734347	0.0010811	0.0338954
68	0.0899445	0.00277795	0.016509	0.0371484	0.0115922	0.011783	0.0177433	0.0372364	0.0399812	0.0528032	0.0260541	0.0226705	0.14423	0.0462348	0.0624851	0.169111	0.14271	0.0537088	0.00798814	0.00728795
69	0.0422037	0.0123103	0.0150273	0.00282103	0.00111547	0.847951	0.000888219	0.00209644	0.00463507	0.00550238	0.00102128	0.00148793	0.000677615	0.00125387	0.00300746	0.0460318	0.00466143	0.00180392	0.00204139	0.00346276
70	0.0720095	0.00380017	0.1548	0.115909	0.00508613	0.0678892	0.0187609	0.0234071	0.0486422	0.0340492	0.0099925	0.0937368	0.0150737	0.0474778	0.0391025	0.107553	0.0760721	0.0473078	0.000357052	0.0189739
71	0.00937515	0.00518175	0.00114075	0.00155857	0.555785	0.00535272	0.00924745	0.0671058	0.00282143	0.111243	0.0302378	0.000970648	0.000579696	0.00284491	0.00178556	0.0319556	0.0155588	0.040148	0.000335713	0.106772
72	0.0532049	0.00483649	0.00684745	0.024714	0.00713541	0.00696479	0.00510926	0.00734208	0.00751899	0.0482749	0.0222719	0.00718181	0.00445144	0.00817806	0.0562326	0.449898	0.204285	0.0311947	0.00256759	0.0417898
73	0.0755579	0.00708612	0.00711183	0.0102464	0.0710391	0.0485141	0.0135808	0.107239	0.0132736	0.122428	0.0536132	0.00774427	0.146035	0.014077	0.0757068	0.0672529	0.0447499	0.0761999	0.00670637	0.0318383
74	0.0303089	0.0049351	0.124517	0.340911	0.00306119	0.0327904	0.0336446	0.0053429	0.055607	0.018528	0.00605703	0.0351655	0.00787518	0.217706	0.0405499	0.0196175	0.00896179	0.00805905	0.000634743	0.00572709
75	0.0418704	0.000928053	0.00113675	0.00369724	0.104346	0.0192856	0.0210195	0.0776388	0.0122927	0.224907	0.0592617	0.00112629	0.0102582	0.0291934	0.022554	0.0728569	0.0509089	0.169699	0.030458	0.0465622
76	0.0127909	0.00481666	0.00188439	0.00252092	0.393051	0.0061779	0.00786658	0.100445	0.00910669	0.139332	0.0368985	0.00199029	0.00251171	0.0105781	0.00483317	0.0285466	0.0243856	0.112983	0.00492956	0.0943512
77	0.0455224	0.00104806	0.00193298	0.00648199	0.00526667	0.00812802	0.00775989	0.309763	0.0078119	0.167744	0.136727	0.0037817	0.0027675	0.0116761	0.00813618	0.0125344	0.142735	0.111988	0.00552897	0.00266526
78	0.0719174	0.00370804	0.154061	0.10627	0.00707904	0.0786776	0.0178788	0.0253685	0.0438479	0.0358146	0.0114303	0.0864055	0.0205896	0.0498017	0.0419784	0.105045	0.0740338	0.0443481	0.000433281	0.0213116
79	0.00857233	0.181944	0.0129229	0.00739128	0.225122	0.00776894	0.00435329	0.0186093	0.00449526	0.033068	0.00803126	0.00338066	0.00181741	0.00420388	0.00439546	0.0154378	0.0245775	0.00952521	0.00380012	0.420584
80	0.0250427	0.0178752	0.393399	0.111187	0.0069518	0.0671706	0.00793663	0.00833424	0.0109962	0.0167888	0.00241582	0.165057	0.00145841	0.0116367	0.0260681	0.0659467	0.0379446	0.0133111	0.000414342	0.0100663
81	0.0700622	0.00191463	0.0119932	0.02835	0.0583864	0.0394773	0.0723868	0.0521702	0.0459858	0.104714	0.0210456	0.0202777	0.044089	0.0468295	0.0628673	0.0805698	0.0960638	0.0949474	0.00196395	0.0459054
82	0.00372525	0.0269489	0.013752	0.00818727	0.270023	0.00827693	0.00176186	0.00664529	0.00230552	0.0205258	0.00289882	0.00233342	0.00140665	0.00222129	0.00301406	0.00626553	0.0290208	0.00357761	0.000781366	0.586328
83	0.24074	0.00414749	0.0423895	0.0138764	0.00267218	0.354238	0.00225652	0.00407588	0.00674334	0.0118778	0.002663	0.0985754	0.00186032	0.00361511	0.0247073	0.145593	0.0300269	0.0048336	0.00118942	0.00391902
84	0.0640331	0.00526413	0.00683388	0.0207099	0.070017	0.0209857	0.0966235	0.0539134	0.0603724	0.0556304	0.0173567	0.0266229	0.0161247	0.041661	0.057457	0.112019	0.11184	0.0758742	0.00134576	0.0853157
85	0.0321443	0.478612	0.0812872	0.0249137	0.0114246	0.0147879	0.0208696	0.0168859	0.0139313	0.0495014	0.0167142	0.0272929	0.0106681	0.0110257	0.0199404	0.073592	0.0238793	0.0520055	0.00515833	0.0153653
86	0.0453709	0.0150013	0.0166897	0.00489455	0.00223006	0.802322	0.00187731	0.00392899	0.00584905	0.00883281	0.00234436	0.00432627	0.00159192	0.00260727	0.00459287	0.0550414	0.00988719	0.00554751	0.00260552	0.00445889
87	0.319796	0.00434352	0.00615029	0.00310649	0.00554857	0.0235353	0.00313575	0.0161916	0.00571346	0.0366423	0.0027911	0.00740444	0.229791	0.0115098	0.0155055	0.148247	0.106387	0.0523672	0.000526395	0.00130737
88	0.0253801	0.588089	0.0268714	0.0088319	0.0144623	0.0158995	0.0135534	0.0142276	0.0157799	0.0598639	0.0198152	0.0142504	0.00693323	0.00950244	0.0190784	0.0702975	0.0150547	0.0310868	0.010088	0.0209339
89	0.0434378	0.00340438	0.0399212	0.0801597	0.00367987	0.0869443	0.0338762	0.016751	0.150907	0.0106156	0.0108869	0.0833021	0.00165085	0.0596626	0.210174	0.090487	0.0364123	0.020099	0.00476093	0.0128673
90	0.0472	0.23537	0.11231	0.0274858	0.0196304	0.0218359	0.0755464	0.0156506	0.0398154	0.0442189	0.0123369	0.054479	0.0184405	0.0331944	0.100803	0.0654123	0.0311694	0.0264787	0.00685653	0.0117646
91	0.00559047	0.00618653	0.00554073	0.000875404	0.0472102	0.00301184	0.00494804	0.115505	0.00224874	0.617383	0.046834	0.00110145	0.0134569	0.00152043	0.00640725	0.0170983	0.00547605	0.0931116	0.00188911	0.00460484
92	0.0276021	0.00200532	0.226169	0.225002	0.0276007	0.00372125	0.0679284	0.00361512	0.076877	0.0111536	0.00255013	0.0124842	0.0495222	0.114002	0.0266132	0.0424855	0.0209709	0.0160831	0.000937082	0.0426768
93	0.0497399	0.0068968	0.128107	0.102472	0.00659578	0.299597	0.0105644	0.0135176	0.0388106	0.0197581	0.005379	0.0920404	0.00743301	0.0304622	0.0464823	0.0715077	0.0418382	0.0161409	0.00354721	0.0091101
94	0.00423885	0.0252176	0.0124438	0.00772995	0.30235	0.00880778	0.00285612	0.00879495	0.00217586	0.0245125	0.00356123	0.00244934	0.00127567	0.00224031	0.00291504	0.00811343	0.0278973	0.0055918	0.000752346	0.546076
95	0.0136294	0.00446553	0.0370058	0.142366	0.00665944	0.00756428	0.00665106	0.0113779	0.149638	0.0138791	0.00879077	0.0323629	0.00498448	0.0924932	0.0816655	0.0714112	0.0436546	0.262642	0.00279802	0.00596088
96	0.0604333	0.00118191	0.00205019	0.0137333	0.00174637	0.00331692	0.0232969	0.0120609	0.00297089	0.0463441	0.00433259	0.00317867	0.681106	0.00894746	0.0218435	0.0661842	0.0179352	0.0273793	0.000690437	0.00126798
97	0.0553164	0.00128296	0.0648999	0.0501985	0.00351217	0.216358	0.0328678	0.0126922	0.0469929	0.00724701	0.00333694	0.0696545	0.00109425	0.0536456	0.167264	0.0931651	0.049564	0.0380517	0.0123902	0.0204657
98	0.0162574	0.00675949	0.00217019	0.00277573	0.507306	0.00642092	0.0105171	0.0693735	0.00492526	0.111362	0.0304603	0.00204295	0.00137477	0.00482297	0.00434856	0.0347621	0.0198767	0.0471762	0.00192897	0.115339
99	0.0424502	0.000946698	0.00114908	0.00372708	0.101504	0.0179868	0.0214477	0.0748386	0.0126393	0.226718	0.0561848	0.00108149	0.00958683	0.0308955	0.0232797	0.0740013	0.052011	0.171209	0.0312694	0.0470736
100	0.124035	0.0011449	0.0164011	0.045331	0.00663401	0.0156516	0.030909	0.021239	0.0432396	0.0608631	0.0321953	0.0263544	0.101289	0.0491185	0.0841825	0.140089	0.133235	0.0564882	0.00247434	0.00912588
101	0.0168463	0.00192952	0.00603629	0.00291296	0.120606	0.00377294	0.0168294	0.0636213	0.00292591	0.351054	0.202735	0.00915089	0.00241346	0.00329446	0.00356711	0.0149684	0.0147341	0.10838	0.0161874	0.0380333
102	0.11129	0.00195272	0.012959	0.044532	0.00503419	0.0144581	0.0176521	0.0174208	0.0367764	0.0544814	0.0228499	0.029078	0.131184	0.0516924	0.0719172	0.173513	0.139501	0.0551754	0.00263065	0.0059004
103	0.0456254	0.00258167	0.0782472	0.0661953	0.00301665	0.14406	0.0304018	0.0133044	0.0688357	0.0110447	0.00591162	0.129088	0.00158172	0.0475867	0.146968	0.103059	0.0552875	0.0258366	0.00885369	0.0125147
104	0.0475228	0.00488449	0.228848	0.361023	0.00281844	0.0549459	0.010564	0.00834143	0.0499961	0.013646	0.00641812	0.0522012	0.00103624	0.0958493	0.0100772	0.0262595	0.0136722	0.0084276	0.000560091	0.00290854
105	0.0487909	0.00459586	0.224435	0.362393	0.00273314	0.0556857	0.010233	0.00875791	0.0492483	0.0141695	0.00647235	0.0507683	0.00101115	0.098604	0.0102275	0.0258376	0.0139051	0.00855149	0.000718213	0.00286202
106	0.10313	0.458099	0.0254073	0.0125749	0.0140852	0.0212001	0.023534	0.0185649	0.0140996	0.046829	0.0166192	0.0208722	0.0107484	0.00983798	0.0171597	0.0953606	0.0317881	0.0369618	0.005597	0.0175311
107	0.0717108	0.00153026	0.00907515	0.0645396	0.00542558	0.0179797	0.0198672	0.0356839	0.227965	0.0326553	0.0476641	0.0124415	0.0210283	0.0442643	0.143568	0.0493655	0.137049	0.0375615	0.00621999	0.0144061
108	0.0964657	0.00302009	0.092062	0.158083	0.0118411	0.0253259	0.0126885	0.0212039	0.0545556	0.0404298	0.0102184	0.0530725	0.00905618	0.0533062	0.020142	0.11537	0.119999	0.0777408	0.00259183	0.0228269
109	0.149142	0.00312529	0.0857107	0.236877	0.00426205	0.0405303	0.00390325	0.0659901	0.0525861	0.0247312	0.0048118	0.00659669	0.00308631	0.058084	0.0974795	0.0541509	0.0301607	0.0280061	0.0471821	0.00358393
110	0.0259706	0.566842	0.0198125	0.00793457	0.0153902	0.0101629	0.0114191	0.0221524	0.0158991	0.0939189	0.0205497	0.0104749	0.00632773	0.00951345	0.0149398	0.0683702	0.0138186	0.0363217	0.00954794	0.0206336
111	0.0513447	0.00400898	0.036305	0.0215575	0.0314844	0.0487026	0.0041924	0.0727975	0.0651772	0.116678	0.00510164	0.044212	0.00286406	0.0048801	0.176385	0.153378	0.103298	0.0243458	0.0300153	0.00327239
112	0.0560051	0.00170252	0.054913	0.0592243	0.00277367	0.154506	0.0418016	0.01012	0.0876955	0.0118681	0.00909884	0.108315	0.00133723	0.0594015	0.150618	0.11703	0.0379978	0.0192264	0.00620168	0.010164
113	0.021794	0.0165868	0.341719	0.0946147	0.00536731	0.0576544	0.0139532	0.0082446	0.0156121	0.0152735	0.00349927	0.243851	0.00155136	0.0163928	0.0249501	0.0642539	0.0348144	0.011697	0.000439728	0.00773182
114	0.0312769	0.514634	0.0224452	0.0118874	0.0201944	0.00984285	0.0138951	0.026937	0.0163413	0.0723769	0.0477622	0.0138439	0.00798799	0.0125373	0.0197118	0.0723432	0.0240657	0.0358985	0.00699677	0.0190211
115	0.135174	0.00606779	0.0569605	0.0667265	0.0120762	0.0220729	0.0152773	0.00875607	0.0227283	0.102557	0.00768919	0.0564753	0.021744	0.0288989	0.00961409	0.264703	0.0590637	0.0220426	0.0105552	0.070818
116	0.0264587	0.591977	0.020886	0.00865468	0.011692	0.0078514	0.0119347	0.0180892	0.00890819	0.0895715	0.0190596	0.0101477	0.00715637	0.00791406	0.0115989	0.0739759	0.0147702	0.0348144	0.00582522	0.0187145
117	0.0232531	0.00274951	0.0228192	0.0251068	0.00551684	0.0372201	0.0036612	0.0495696	0.0548	0.0856155	0.0680191	0.0548962	0.00310263	0.035481	0.00593515	0.101389	0.205816	0.205217	0.00165463	0.00817728
118	0.0868054	0.0112926	0.0174843	0.005609	0.0017434	0.752042	0.00152131	0.00275874	0.00555461	0.0080755	0.00165018	0.0143239	0.00103373	0.00228827	0.00797604	0.0599779	0.0107259	0.00327273	0.00211333	0.0037513
119	0.00412286	0.0261425	0.0125931	0.00744042	0.291762	0.00782873	0.00238963	0.0116517	0.00235945	0.0276848	0.00482542	0.00214311	0.00132549	0.00223604	0.00295886	0.00805486	0.0272999	0.00627417	0.000752284	0.550154
120	0.00494366	0.00719955	0.00548381	0.000865847	0.0382758	0.00224213	0.00347212	0.152247	0.00193305	0.608246	0.0395321	0.000629839	0.00980393	0.000780553	0.0052194	0.014125	0.00571738	0.0937676	0.00158114	0.00393396
121	0.00723492	0.00231016	0.00430492	0.00409594	0.111872	0.0042355	0.180335	0.00620159	0.00496454	0.00810326	0.00372204	0.110605	0.00266514	0.0628992	0.00501118	0.024243	0.0213687	0.030824	0.0014134	0.403591
122	0.0116697	0.00408292	0.00260942	0.0013024	0.0243944	0.00193999	0.00177362	0.288044	0.00176745	0.316306	0.0462864	0.00103868	0.00838245	0.00132764	0.00339725	0.00996214	0.00902945	0.260105	0.00382537	0.0027557
123	0.00383554	0.0132399	0.00377936	0.0039615	0.00221446	0.022155	0.0535369	0.00297641	0.190535	0.0312273	0.01361	0.0231726	0.0017719	0.0623398	0.507551	0.0386203	0.0113617	0.00379245	0.00683409	0.00348469
124	0.00465189	0.00795677	0.00568895	0.000961623	0.0352418	0.00342064	0.00481998	0.136443	0.00317487	0.606691	0.0404765	0.000786646	0.0104518	0.0013424	0.0072684	0.016652	0.00667441	0.101726	0.00181478	0.00375715
125	0.0310656	0.00133167	0.00842351	0.0409057	0.00920857	0.0186953	0.0145967	0.0576743	0.336367	0.0398084	0.0464889	0.0131366	0.00351068	0.031086	0.141438	0.0357587	0.108066	0.0392454	0.0138266	0.00936638
126	0.0388846	0.00121515	0.00306312	0.00541975	0.0971975	0.0138636	0.0150471	0.169458	0.0157424	0.173193	0.0547867	0.0035076	0.00998308	0.0209071	0.0165406	0.0507588	0.0675655	0.180447	0.023829	0.0385904
127	0.238477	0.00537817	0.00888283	0.0177107	0.0104619	0.0813331	0.00164249	0.15812	0.00298395	0.1294	0.068116	0.00262675	0.0208458	0.00392372	0.00485038	0.0486803	0.0636507	0.116215	0.0150307	0.0016703
128	0.122167	0.020847	0.00501569	0.00628157	0.00706264	0.0575062	0.0037791	0.0695064	0.00636625	0.193432	0.0113239	0.00432158	0.117042	0.00715894	0.00893177	0.0599334	0.0927737	0.199106	0.00342518	0.00401974
129	0.239569	0.00938732	0.00658749	0.00624984	0.0114169	0.0242649	0.00303778	0.0313588	0.00957439	0.0503885	0.00472821	0.0092926	0.177604	0.0161397	0.0220558	0.173803	0.133903	0.0670126	0.00134511	0.00228188
130	0.0703704	0.00387056	0.154348	0.115825	0.00488349	0.0680741	0.0198787	0.0223932	0.0513375	0.0329336	0.00996285	0.0957992	0.0144208	0.0484931	0.0421435	0.10779	0.0733771	0.0455471	0.000456006	0.0180968
131	0.0408481	0.00245928	0.12533	0.172678	0.00634924	0.026207	0.0174735	0.0312865	0.0630831	0.0246915	0.0150929	0.0531829	0.00739982	0.0461253	0.0311985	0.114767	0.11575	0.093468	0.00118536	0.0114247
132	0.00624125	0.000437722	0.000678648	0.000708165	0.0057507	0.000757971	0.000494509	0.686122	0.000738239	0.0381417	0.0151942	0.000711803	0.000458394	0.00250404	0.00263852	0.00666479	0.0141792	0.215977	0.000467691	0.00113409
133	0.249828	0.00828304	0.00454019	0.0165662	0.0179759	0.00790706	0.00426031	0.0948014	0.0343434	0.128858	0.0181951	0.00458188	0.00244246	0.0406032	0.0328218	0.087814	0.0586292	0.18139	0.00246482	0.00369398
134	0.283913	0.0364154	0.0205241	0.0261397	0.0325924	0.0061196	0.00432774	0.0492594	0.0265207	0.0341025	0.00616525	0.0174325	0.00199001	0.0263142	0.0181526	0.0900549	0.164911	0.129853	0.00907747	0.0161356
135	0.347444	0.027059	0.0075614	0.0192332	0.00991493	0.0115051	0.00502336	0.0278766	0.0185737	0.0213069	0.0114673	0.0134976	0.0387013	0.0103202	0.0143403	0.182724	0.123452	0.101323	0.00240532	0.00626984
136	0.0512396	0.00648875	0.0189327	0.0364687	0.0140979	0.0204333	0.0129985	0.109705	0.185271	0.046025	0.0431688	0.033378	0.0129785	0.0260514	0.0670384	0.0585168	0.159387	0.0785451	0.00753598	0.0117395
137	0.00942343	0.0157954	0.238757	0.0170277	0.0020977	0.0272525	0.0463952	0.00263451	0.00523272	0.0151707	0.00761417	0.493168	0.00163121	0.0267613	0.0173238	0.0615779	0.00690289	0.00304733	0.000726246	0.00146041
138	0.00942343	0.0157954	0.238757	0.0170277	0.0020977	0.0272525	0.0463952	0.00263451	0.00523272	0.0151707	0.00761417	0.493168	0.00163121	0.0267613	0.0173238	0.0615779	0.00690289	0.00304733	0.000726246	0.00146041
139	0.0104618	0.00761745	0.00332733	0.0030603	0.507951	0.00665102	0.0104589	0.0630283	0.00350671	0.11279	0.0300351	0.00262585	0.00157925	0.00477149	0.00381374	0.0318701	0.0182795	0.0409988	0.00146828	0.135705
140	0.19743	0.154366	0.0473373	0.00820137	0.010726	0.00923969	0.125845	0.0121725	0.0118701	0.0451811	0.0086408	0.0655468	0.0377062	0.00871116	0.0128792	0.197728	0.0203534	0.0158777	0.00335595	0.00683282
141	0.0122219	0.010236	0.0106177	0.0525641	0.0121682	0.00685202	0.00387497	0.119365	0.22202	0.2367	0.0506895	0.0378852	0.00346417	0.0602511	0.02894	0.016948	0.0362496	0.0715775	0.0027989	0.00457581
142	0.0055834	0.00389505	0.00240701	0.0011141	0.0198416	0.00135135	0.00139826	0.461676	0.00129507	0.266174	0.0271333	0.000770161	0.004087	0.00171199	0.00328742	0.00927633	0.0115568	0.172885	0.00139472	0.0031619
143	0.0501395	0.0120263	0.0190999	0.00654167	0.00227919	0.765427	0.00211202	0.00399802	0.0085311	0.00738676	0.00193149	0.0110949	0.00129372	0.00326222	0.00716134	0.0748541	0.0119774	0.00373732	0.00274141	0.00440466
144	0.0132038	0.00704	0.0112311	0.282518	0.00168041	0.0103245	0.067867	0.00272148	0.066079	0.0204505	0.00668982	0.0194936	0.0157174	0.36285	0.0789969	0.0148293	0.0035264	0.00765621	0.00072867	0.00639547
145	0.038469	0.0165108	0.0559288	0.0157095	0.00293202	0.732019	0.00267227	0.00499508	0.00826923	0.00840648	0.00197987	0.0221028	0.00302014	0.00428872	0.00777564	0.051992	0.0116568	0.00461856	0.00209075	0.00456261
146	0.039327	0.00967776	0.0462459	0.02223	0.00475132	0.604546	0.00710773	0.0101246	0.0188156	0.0158862	0.00661652	0.0244116	0.00461997	0.0171536	0.0365436	0.0558407	0.0249402	0.0139989	0.0292661	0.00789667
147	0.0117555	0.0074771	0.00237539	0.00303707	0.505695	0.00597456	0.00967987	0.0679267	0.00433341	0.134195	0.0335185	0.00179029	0.00262931	0.00465752	0.00372371	0.0334334	0.0173408	0.0427533	0.00647242	0.101231
148	0.0690263	0.0117758	0.0241976	0.01107	0.00545366	0.690271	0.00453836	0.0065213	0.00977018	0.0130146	0.00321857	0.0162606	0.00346822	0.00738092	0.0147627	0.0629303	0.0168937	0.00894943	0.00508854	0.0154078
149	0.0593712	0.00855297	0.0198511	0.0231734	0.0138556	0.0112956	0.0306728	0.0511079	0.090113	0.0301005	0.0162402	0.0937456	0.0859993	0.0225874	0.0647099	0.191379	0.144483	0.0319933	0.00372739	0.00704073
150	0.0268183	0.00185387	0.00252194	0.0025016	0.0638213	0.00622254	0.00480577	0.213789	0.00451423	0.102809	0.0248616	0.00234628	0.00565614	0.00525046	0.00533875	0.0160425	0.0236555	0.459474	0.00388521	0.0238321
151	0.00473142	0.0266587	0.0133621	0.0102085	0.266797	0.00890615	0.0047599	0.00904204	0.00299883	0.0229261	0.00374943	0.00399704	0.00170066	0.00328907	0.00354753	0.00824662	0.0310919	0.0059629	0.00100016	0.567024
152	0.0236793	0.0183526	0.399133	0.107788	0.00682155	0.0653036	0.00845261	0.00770379	0.0101108	0.0163761	0.0022418	0.171564	0.00136464	0.0112119	0.0264969	0.0647237	0.0365339	0.0123149	0.000444258	0.00938238
153	0.0273629	0.0162792	0.297772	0.0977696	0.0084238	0.137484	0.008273	0.0137084	0.0176699	0.018007	0.00357844	0.153907	0.00356664	0.0171317	0.0264349	0.0746861	0.0508046	0.0169396	0.000792579	0.00940876
154	0.0156031	0.00556731	0.0149365	0.046727	0.00520722	0.0140068	0.0152943	0.0346392	0.380428	0.0232955	0.037304	0.0634076	0.00282521	0.0399736	0.159786	0.0421513	0.0680185	0.0167507	0.0048521	0.0092262
155	0.0230419	0.00210992	0.23432	0.234873	0.0282875	0.00280616	0.0676647	0.00305679	0.0781945	0.0103954	0.00196779	0.0128451	0.0436732	0.117376	0.0241036	0.0384134	0.0169296	0.015409	0.000933744	0.0435992
156	0.0308438	0.000932364	0.00215341	0.00140743	0.0150061	0.00402748	0.00120344	0.267428	0.00198837	0.0214873	0.0046733	0.001752	0.0033243	0.00159501	0.0024077	0.00468866	0.0199297	0.592709	0.000853005	0.0215891
157	0.28273	0.0197379	0.0134585	0.0186998	0.0139206	0.0383318	0.00898385	0.0243525	0.0173906	0.0286384	0.0106756	0.0259293	0.0588618	0.0165145	0.0220062	0.202622	0.119197	0.0627259	0.00315318	0.0120696
158	0.0303652	0.000838391	0.00132319	0.00132632	0.0123527	0.00393858	0.00108311	0.221533	0.00156694	0.0192862	0.00351518	0.0014211	0.00352714	0.00153151	0.00253057	0.00387201	0.018431	0.649217	0.00051561	0.0218256
159	0.0300112	0.00677071	0.020621	0.0416917	0.00812152	0.0184118	0.0144662	0.0422105	0.321292	0.03438	0.0418116	0.047298	0.0080727	0.0370069	0.125646	0.0540429	0.0987405	0.0313387	0.00782465	0.0102417
160	0.0134152	0.00626477	0.00663684	0.0176397	0.00432814	0.0214331	0.0257101	0.0243517	0.256254	0.0289911	0.0440087	0.0171423	0.00464029	0.0498766	0.336475	0.0347067	0.0620776	0.0206049	0.0188312	0.00661193
161	0.00951527	0.00698126	0.00605566	0.00184333	0.0405791	0.0030674	0.00393494	0.165608	0.00472449	0.5564	0.043127	0.00151286	0.00995104	0.00231314	0.00649405	0.016525	0.0114419	0.102326	0.00202855	0.00557203
162	0.182195	0.025504	0.0183599	0.00809785	0.0172473	0.139499	0.010374	0.0051442	0.00829457	0.0116311	0.00318086	0.0564357	0.00393478	0.0132439	0.0331817	0.349933	0.0762617	0.00744056	0.00137473	0.0286656
163	0.016255	0.00491619	0.014392	0.0463255	0.00500245	0.0137024	0.0151056	0.0359933	0.387148	0.0228833	0.0373038	0.0550579	0.00291121	0.0408181	0.157074	0.0421721	0.0704725	0.0175926	0.00546541	0.00940883
164	0.0420036	0.0126831	0.128302	0.0703498	0.00317452	0.0603555	0.0248901	0.0246784	0.0839485	0.0244449	0.00934792	0.146564	0.00662884	0.0339364	0.0754634	0.14523	0.064571	0.0257956	0.00171835	0.015914
165	0.166308	0.0163089	0.023533	0.0224007	0.0165165	0.0380263	0.00962468	0.0201119	0.0229004	0.0315685	0.0110397	0.0422449	0.043082	0.0169584	0.0279969	0.30373	0.126558	0.0404308	0.00277506	0.0178853
166	0.0654447	0.00147975	0.0717522	0.0659121	0.00332554	0.189056	0.0267283	0.0147532	0.0495843	0.0079608	0.00299721	0.0610786	0.0010688	0.0534273	0.169037	0.0909503	0.0558284	0.0383068	0.015578	0.015731
167	0.0249542	0.00803263	0.0310895	0.160162	0.0141789	0.0153293	0.108419	0.0140236	0.0602154	0.0247669	0.00899817	0.0470811	0.0160994	0.30898	0.0665502	0.0322167	0.0190452	0.0152094	0.00501414	0.0196338
168	0.0527525	0.0121325	0.0154763	0.00350208	0.00122556	0.823964	0.000960713	0.00230277	0.00494811	0.00657902	0.00119315	0.0040882	0.000893161	0.00158107	0.00415882	0.0498438	0.00652336	0.0022553	0.00194684	0.00367295
169	0.0625446	0.00145034	0.00974305	0.0324128	0.0126663	0.0113961	0.00719152	0.257656	0.043086	0.0714953	0.0607761	0.0190904	0.00672873	0.00642633	0.0134852	0.0350537	0.130636	0.209054	0.00560398	0.00350352
170	0.0580538	0.00266222	0.136306	0.195487	0.00534075	0.0457502	0.016303	0.027169	0.0485328	0.0371453	0.0120665	0.0801932	0.00967823	0.0593548	0.027251	0.0884432	0.0832231	0.0528814	0.000590111	0.0135682
171	0.0181661	0.00647672	0.0244503	0.245799	0.00570317	0.0295728	0.104432	0.00745783	0.059797	0.0211353	0.00828567	0.0261528	0.0144972	0.299773	0.0689091	0.0232401	0.0117778	0.0122917	0.00231435	0.00976892
172	0.0100973	0.00511294	0.00127829	0.00180792	0.542125	0.00560703	0.00923227	0.0673631	0.00291425	0.118807	0.0318574	0.000977536	0.000886507	0.00321635	0.00217561	0.032024	0.0163892	0.0429089	0.00118483	0.104034
173	0.0181214	0.0014953	0.00881063	0.0293984	0.0048878	0.0139814	0.0101348	0.0462682	0.399453	0.0316325	0.0624022	0.0123875	0.00231248	0.036783	0.1441	0.027584	0.0985712	0.0282247	0.0155973	0.0078547
174	0.107797	0.0129285	0.0172028	0.019086	0.0148947	0.015284	0.0137359	0.0299743	0.0413226	0.0259547	0.0143728	0.149889	0.0363762	0.016218	0.0668312	0.107485	0.249391	0.0466435	0.00532374	0.00928863
175	0.0254533	0.00632096	0.0876691	0.29235	0.00633583	0.0229029	0.0515261	0.00651903	0.0652546	0.0193764	0.00731841	0.0315461	0.0143919	0.246269	0.0542768	0.0241107	0.0137022	0.0121826	0.00177394	0.0107202
176	0.17896	0.0106449	0.0050826	0.0105211	0.0102307	0.0331171	0.00241978	0.196498	0.00877618	0.148726	0.0511441	0.00289221	0.0122022	0.00920872	0.00981662	0.0438183	0.0390782	0.217622	0.00690825	0.00233217
177	0.0594005	0.00128315	0.0111547	0.0314039	0.0132311	0.0126053	0.00623906	0.255892	0.0426889	0.069423	0.061158	0.0193936	0.00611155	0.00614042	0.0141244	0.035122	0.129774	0.216864	0.00489998	0.00309015
178	0.0375526	0.00120559	0.0017448	0.00360101	0.102682	0.0178979	0.0191618	0.073959	0.0114059	0.255005	0.063438	0.00153219	0.00871432	0.0289001	0.02133	0.0634341	0.0463501	0.167746	0.0275671	0.0467713
179	0.0170312	0.0284691	0.00904852	0.0224994	0.175167	0.00706694	0.00718707	0.201238	0.0129056	0.235936	0.0666896	0.00732204	0.00589335	0.0147982	0.0113939	0.0321844	0.0241231	0.0848464	0.00373803	0.0324623
180	0.29394	0.0523528	0.0084809	0.0186659	0.012116	0.0114365	0.00910521	0.0366974	0.031693	0.0166118	0.010298	0.0350897	0.00889057	0.00978819	0.0151936	0.213688	0.10781	0.0979658	0.00267665	0.0074989
181	0.0140052	0.0103094	0.033883	0.0501003	0.00448155	0.017723	0.0152732	0.0215081	0.293627	0.0180411	0.0270701	0.155979	0.00448323	0.0318958	0.150583	0.0788894	0.0481801	0.0171538	0.00115311	0.00566027
182	0.00583097	0.0100777	0.00560691	0.00145111	0.042056	0.00286298	0.00416888	0.150972	0.00292446	0.588075	0.039581	0.00111316	0.0103737	0.00152064	0.00624731	0.0163395	0.00671456	0.0960339	0.00261401	0.0054371
183	0.0352601	0.0337948	0.0129847	0.0201707	0.0570363	0.0302175	0.0200279	0.0356764	0.0295766	0.126624	0.0305275	0.0177516	0.0100644	0.107224	0.0348525	0.0533643	0.0374733	0.0567484	0.229478	0.0211465
184	0.0536567	0.0178256	0.0189177	0.022008	0.0495844	0.0240195	0.081385	0.0394592	0.0336864	0.149792	0.0339966	0.0222503	0.0203655	0.0341392	0.0423182	0.116322	0.0504693	0.0694386	0.0909229	0.0294429
185	0.0166888	0.00212867	0.0103576	0.0301494	0.00482677	0.0150859	0.0106014	0.0424797	0.400973	0.0264105	0.055765	0.0172498	0.00252551	0.0366243	0.161974	0.0275656	0.0915157	0.0252497	0.0141288	0.00769975
186	0.0267793	0.024583	0.178657	0.0619857	0.00586906	0.0350589	0.0254062	0.0194596	0.0758231	0.0221443	0.00999829	0.261	0.00504263	0.0261638	0.0512906	0.106305	0.0370443	0.0167518	0.00145563	0.00918245
187	0.0353787	0.00555873	0.00848608	0.00741063	0.0488194	0.0309036	0.0105564	0.0865407	0.0115991	0.394668	0.0708587	0.0068326	0.0134733	0.0168178	0.0198802	0.0505266	0.0316789	0.120216	0.0129859	0.0168089
188	0.00746346	0.00630135	0.00533838	0.00138068	0.0394882	0.00298557	0.00439403	0.138004	0.00344349	0.567654	0.0459765	0.00122811	0.0102741	0.00260926	0.00651104	0.0160928	0.00823394	0.123133	0.00353661	0.00595135
189	0.00352273	0.012835	0.00248396	0.00348944	0.00155025	0.0211401	0.0505478	0.00292473	0.20143	0.0288795	0.014194	0.021989	0.0016171	0.0634652	0.50654	0.0378902	0.0114451	0.00381795	0.00670182	0.0035362
190	0.00536735	0.00639965	0.00572364	0.000821397	0.0405261	0.00263315	0.00453623	0.127561	0.00223893	0.616696	0.0417587	0.000759158	0.0109059	0.00121604	0.00614369	0.0156978	0.00560121	0.0996913	0.0017658	0.00395646
191	0.00471565	0.00761868	0.00546291	0.000919053	0.0379356	0.00224662	0.00342349	0.15599	0.00201658	0.604075	0.0390639	0.000652136	0.0100993	0.000699454	0.00534441	0.0142374	0.00584003	0.0939811	0.00164855	0.00403096
192	0.057714	0.0124705	0.028942	0.00456909	0.00140895	0.770667	0.00114472	0.00221156	0.00561995	0.00553479	0.00122811	0.0157724	0.000750595	0.00180586	0.00465019	0.0686634	0.00893067	0.00231864	0.00209238	0.0035056
193	0.00411281	0.0463875	0.0131884	0.00818656	0.260447	0.00835617	0.00191793	0.00738734	0.00257235	0.0196855	0.00274942	0.00260016	0.00147944	0.00247744	0.00322576	0.00673516	0.0296068	0.00367648	0.000784614	0.574424
