301	20
1	0.00671401	0.000380959	0.000361848	0.00053912	0.00484677	0.000396876	0.00040117	0.512946	0.000544639	0.0392747	0.00304478	0.000494618	0.000268224	0.000958043	0.000504518	0.00153748	0.00322891	0.422613	0.000180141	0.000764423
2	0.00392227	0.000295153	0.000308085	0.000450444	0.00786254	0.00033682	0.000375411	0.687573	0.000402404	0.0359701	0.00115784	0.000398873	0.000234548	0.000534542	0.000476494	0.00174344	0.00273045	0.254817	0.000113498	0.000296722
3	0.0504908	0.00132404	0.0037567	0.00308432	0.00479702	0.86414	0.00432243	0.00213815	0.00565989	0.00534471	0.00166422	0.0147091	0.00445845	0.00477102	0.00961549	0.0069374	0.00331785	0.00354636	0.00290709	0.00301522
4	0.691309	0.0169631	0.000832133	0.00162238	0.00181644	0.216673	0.000836049	0.00153307	0.00116334	0.00146531	0.00139013	0.0034584	0.00868638	0.00360392	0.00362318	0.0405503	0.00174043	0.00171428	0.000370283	0.000648584
5	0.0490165	0.0013622	0.00583456	0.0032491	0.00494435	0.865617	0.00406426	0.0017905	0.0059075	0.00427096	0.00161891	0.0159318	0.0052566	0.00405733	0.00905228	0.00662126	0.00314426	0.00288091	0.0028117	0.0025678
6	0.00647677	0.000644293	0.000470884	0.000518701	0.00570332	0.000428601	0.0012597	0.061339	0.00050301	0.822463	0.0823384	0.000609808	0.00339386	0.00127418	0.00058037	0.00121433	0.00170629	0.00837278	0.0002833	0.000419175
7	0.570285	0.0197604	0.00519025	0.0082767	0.00487951	0.0659787	0.00598381	0.00526148	0.00739197	0.00984826	0.00549739	0.0074484	0.00878188	0.0107751	0.00686686	0.219838	0.018212	0.0151433	0.00141402	0.00316658
8	0.0512736	0.00124025	0.00560896	0.00303239	0.00488799	0.867382	0.00433025	0.0017954	0.00593073	0.00452641	0.00189632	0.0155753	0.00276055	0.00304409	0.00958798	0.00583966	0.00296387	0.00287418	0.00293862	0.00251128
9	0.122361	0.255872	0.0031939	0.00412429	0.00310829	0.00410129	0.0029712	0.00433706	0.00404233	0.00605469	0.0043091	0.00437667	0.0216808	0.00445932	0.0044788	0.365237	0.079059	0.10225	0.00125343	0.00272921
10	0.0680249	0.00109146	0.153592	0.582704	0.00222753	0.00771698	0.00575723	0.00309313	0.0188698	0.00469523	0.00227165	0.0222394	0.0113398	0.0385176	0.0179552	0.0255576	0.014701	0.0154503	0.00268761	0.00150817
11	0.727046	0.0489244	0.000815232	0.000870753	0.000712529	0.01824	0.000897791	0.0154844	0.0011129	0.0329893	0.00180003	0.00092505	0.00221392	0.00384402	0.00101471	0.0216021	0.0276058	0.092955	0.000361322	0.000585058
12	0.899313	0.0236316	0.000894117	0.00115388	0.000936046	0.00252946	0.000907086	0.00152618	0.00131174	0.00172607	0.00100895	0.00134739	0.000637475	0.00143016	0.00130067	0.0218617	0.0312565	0.00604624	0.000529448	0.000652156
13	0.00372246	0.001147	0.00144949	0.00177244	0.237906	0.0019236	0.00388877	0.0104619	0.00223907	0.205854	0.0133001	0.00947045	0.00112201	0.00661492	0.0161959	0.00262754	0.00221999	0.0024355	0.141897	0.333752
14	0.123927	0.00722178	0.00695645	0.0108862	0.0842303	0.0069349	0.0317969	0.00863413	0.0777185	0.0385835	0.0206182	0.0277419	0.00551989	0.179455	0.0990633	0.0577093	0.0621435	0.0378033	0.0380723	0.0749836
15	0.19444	0.0208988	0.00185549	0.00251597	0.00158849	0.00198622	0.00214927	0.13507	0.00297449	0.543906	0.00215441	0.00260189	0.00104478	0.00285748	0.00249679	0.00397831	0.00439229	0.0706338	0.000828606	0.00162686
16	0.571558	0.0524473	0.0014958	0.00138497	0.0013998	0.0311579	0.00155445	0.0253195	0.00155108	0.0665641	0.0036477	0.00143278	0.00381722	0.00865858	0.00167054	0.0319558	0.0297582	0.162968	0.000571481	0.00108675
17	0.0841403	0.00375571	0.0688811	0.267936	0.00516717	0.0329984	0.0144263	0.00827041	0.107411	0.00611437	0.00356995	0.0949429	0.000402808	0.114627	0.0987843	0.0632834	0.0142591	0.00604169	0.00156853	0.00341932
18	0.184388	0.0115347	0.0093508	0.0304966	0.00922209	0.010917	0.0128838	0.00120096	0.0838513	0.0517779	0.0263238	0.0113171	0.000620433	0.1044	0.341499	0.100211	0.00151284	0.00144365	0.000351876	0.00669684
19	0.0213874	0.00201349	0.079782	0.0507898	0.00182088	0.300215	0.0349625	0.00315626	0.066867	0.00710014	0.00216006	0.325179	0.00211986	0.0473622	0.0224685	0.018389	0.0055769	0.00416507	0.00120058	0.00328486
20	0.0674972	0.037549	0.00139118	0.00245021	0.0859253	0.00193813	0.044221	0.306531	0.00234703	0.0485102	0.0141794	0.00225843	0.00406878	0.00447039	0.0106462	0.0143672	0.00457738	0.271713	0.00832156	0.0670371
21	0.0469872	0.00123068	0.0653023	0.0462441	0.018203	0.00181465	0.0348619	0.00223787	0.188875	0.019965	0.00165286	0.0372297	0.16738	0.089144	0.173522	0.0625094	0.0207747	0.0119719	0.000639308	0.00945451
22	0.0634688	0.0199094	0.00590467	0.0124726	0.0144029	0.00874293	0.0105915	0.187384	0.0107199	0.0731724	0.032924	0.00867747	0.0110012	0.015484	0.0106524	0.0573563	0.0411049	0.404428	0.00207164	0.00953104
23	0.00432605	0.0180789	0.0963774	0.131976	0.0106205	0.00159301	0.0112509	0.109362	0.0639817	0.0110273	0.00201873	0.0544431	0.00119974	0.0210995	0.183052	0.0127934	0.150489	0.114396	0.000754875	0.00115906
24	0.006088	0.000294327	0.000347785	0.000380758	0.00536017	0.0003454	0.00036308	0.0484868	0.000408244	0.858752	0.0645395	0.00041898	0.00356641	0.00052112	0.00046604	0.000726749	0.00092776	0.00755236	0.000143803	0.000311147
25	0.0155884	0.0155256	0.00132334	0.00741208	0.236689	0.00144687	0.0977354	0.0299543	0.00181501	0.03926	0.00123676	0.00726051	0.000709302	0.00186953	0.0137932	0.0239467	0.00201859	0.0730138	0.0263091	0.403093
26	0.0729699	0.00212045	0.102743	0.590174	0.00301645	0.00917965	0.00635937	0.00694999	0.0284155	0.00720135	0.00260153	0.0194229	0.0124526	0.0458915	0.0281144	0.0255971	0.0134099	0.0175123	0.00322683	0.00264161
27	0.0416453	0.0641247	0.00983576	0.0144313	0.0121559	0.0139644	0.0139723	0.0914911	0.024276	0.0377169	0.237296	0.0133708	0.00682252	0.159255	0.0153138	0.0346748	0.0309576	0.166844	0.00388841	0.00796226
28	0.00239549	0.0112002	0.0120949	0.00544474	0.000770529	0.0208901	0.000881947	0.0117855	0.00127982	0.0168829	0.0121316	0.0235454	0.000470844	0.00118119	0.00431503	0.221069	0.636527	0.00456901	0.00030594	0.0122582
29	0.052064	0.0016432	0.0509394	0.210343	0.0102865	0.053199	0.010304	0.00229968	0.0157162	0.00302344	0.00157204	0.0155411	0.519276	0.0113281	0.0165875	0.0178208	0.00335712	0.00297146	0.000518726	0.00120911
30	0.211782	0.0229565	0.0058024	0.0200655	0.0172961	0.0112869	0.01326	0.155549	0.0104121	0.0794883	0.0239704	0.00940557	0.0116613	0.0477291	0.0130783	0.0268353	0.0264432	0.278576	0.0027576	0.0116453
31	0.0393592	0.0129125	0.0150504	0.0262983	0.013953	0.0156993	0.208994	0.0179076	0.0704408	0.046116	0.012994	0.0192481	0.00799872	0.327613	0.0367542	0.0485514	0.0290091	0.0325267	0.00621222	0.0123613
32	0.00454126	0.00142396	0.00189632	0.0221935	0.00189112	0.0121702	0.168579	0.0127313	0.266316	0.0159748	0.00184947	0.00272928	0.00100936	0.190186	0.104831	0.069313	0.0712625	0.048895	0.000781039	0.00142598
33	0.00217385	0.0112624	0.012115	0.00542541	0.000756253	0.0210715	0.000824982	0.0117966	0.00121464	0.0169258	0.0123023	0.0234153	0.00041055	0.00117255	0.00425606	0.22085	0.6368	0.00454604	0.000296697	0.0123836
34	0.0177589	0.000647378	0.169177	0.0769396	0.00554091	0.0255851	0.0438358	0.0023826	0.105316	0.101685	0.0192716	0.136796	0.000539152	0.0682798	0.0710417	0.0346158	0.0914348	0.00176474	0.000333382	0.0270539
35	0.0147099	0.0249079	0.0012678	0.00181626	0.627286	0.0012714	0.00270761	0.0306048	0.00206309	0.217001	0.0423065	0.0015307	0.000698412	0.00186486	0.00173203	0.00290209	0.00211062	0.0148184	0.000595508	0.00780496
36	0.745322	0.0170907	0.000618547	0.00202439	0.00114479	0.14805	0.000610914	0.00119643	0.000852991	0.00107445	0.00149083	0.000793684	0.00973862	0.00377859	0.000812364	0.0616285	0.00150966	0.001547	0.000243492	0.0004718
37	0.0643697	0.00517443	0.0910844	0.372752	0.00576739	0.0202039	0.0202409	0.0100568	0.056252	0.0154802	0.0065159	0.0855507	0.006654	0.0870374	0.0503438	0.0402961	0.0334045	0.0167077	0.00326771	0.00884073
38	0.00617264	0.000691324	0.000395946	0.000441612	0.00585202	0.000393617	0.00130019	0.0560962	0.000444395	0.838461	0.073264	0.000559052	0.00339828	0.000833799	0.000546965	0.000980864	0.00137724	0.00797785	0.000397359	0.000415748
39	0.157845	0.0173222	0.00230543	0.00480932	0.0145648	0.00694073	0.00736444	0.162074	0.00577276	0.153262	0.0339995	0.00434536	0.00788906	0.0103109	0.00802538	0.0268824	0.039029	0.32377	0.00175329	0.0117343
40	0.0437638	0.247482	0.0155395	0.01917	0.0646742	0.0173069	0.0342182	0.038364	0.0209403	0.0380628	0.0158118	0.040947	0.0115059	0.0234636	0.0254496	0.0341886	0.0265002	0.0537827	0.0157373	0.213092
41	0.0119144	0.00617194	0.00622189	0.00362669	0.00178216	0.0127149	0.00154207	0.00821716	0.00282639	0.00907028	0.00440713	0.0106737	0.00125485	0.00286183	0.00439064	0.57174	0.330802	0.00554851	0.000465139	0.00376822
42	0.0077597	0.00176027	0.287829	0.0206418	0.00227623	0.0217374	0.00766045	0.00314417	0.0079433	0.00654697	0.00244659	0.309029	0.00272532	0.00916578	0.0110757	0.0912693	0.197758	0.00495701	0.00116276	0.00311118
43	0.00650095	0.00314434	0.0025311	0.00229711	0.00116547	0.0113271	0.00122267	0.00394641	0.00196496	0.00464532	0.00263359	0.00508346	0.000951451	0.00211922	0.00247089	0.701736	0.240339	0.00312295	0.000478352	0.00231983
44	0.0144567	0.022856	0.001221	0.00177218	0.627668	0.00122472	0.00269372	0.0321564	0.00205851	0.217849	0.0412211	0.00141472	0.000698678	0.00188699	0.00171071	0.00274824	0.00197105	0.015417	0.00056814	0.00840734
45	0.0260391	0.00252627	0.00449866	0.00526354	0.00314914	0.00319563	0.00690595	0.00407287	0.00650656	0.00553944	0.00316752	0.308714	0.00291124	0.0363485	0.057236	0.310205	0.202693	0.00764443	0.00116684	0.00221572
46	0.703766	0.0137539	0.00143621	0.00380897	0.00151942	0.144691	0.00117733	0.00171017	0.00249763	0.00190865	0.00153303	0.00170198	0.0268443	0.00424884	0.0014088	0.0815864	0.00306188	0.00200974	0.000450005	0.000885463
47	0.187563	0.0220926	0.00751598	0.0281408	0.00351949	0.00566473	0.0458072	0.0829185	0.0632953	0.0243798	0.00338759	0.0268929	0.137162	0.0246242	0.0248022	0.162302	0.0257695	0.120368	0.0015704	0.00222307
48	0.120595	0.00747208	0.0135811	0.0128389	0.0131322	0.533722	0.0553893	0.0103266	0.0163063	0.0195635	0.00951279	0.0213333	0.00474586	0.0125242	0.0171409	0.0254063	0.0172245	0.0211624	0.0589559	0.00906656
49	0.0554713	0.0173693	0.000995878	0.00812695	0.0147861	0.00207758	0.00784887	0.197693	0.008068	0.271604	0.0554184	0.00589157	0.00696925	0.0127474	0.00772088	0.0234558	0.0559695	0.238345	0.00105903	0.00838237
50	0.00585507	0.000886975	0.000540336	0.000546517	0.00771238	0.000655133	0.00145006	0.117243	0.000690467	0.749469	0.0834002	0.000837991	0.00280167	0.00151293	0.000871772	0.00117615	0.00198131	0.0203942	0.000468314	0.00150695
51	0.0278432	0.00796553	0.011485	0.0161333	0.0107647	0.010796	0.241834	0.0135008	0.20775	0.120737	0.00940177	0.0137778	0.00573988	0.180025	0.0282209	0.0312214	0.0257794	0.0239639	0.00480665	0.00825456
52	0.245034	0.0183463	0.0381468	0.104365	0.0192555	0.0266906	0.0471955	0.0052711	0.0727168	0.0523273	0.00744807	0.0512567	0.000828572	0.0945811	0.106938	0.0293637	0.0155777	0.022873	0.016851	0.0249328
53	0.064962	0.00277366	0.0960472	0.591437	0.00334748	0.00907399	0.00739132	0.0085074	0.0276663	0.0088597	0.00252212	0.0200979	0.012651	0.0491975	0.0267797	0.0247471	0.0180663	0.020047	0.00310914	0.00271637
54	0.00984767	0.000436174	0.000499034	0.00048998	0.00635216	0.000450431	0.000489115	0.0478412	0.000800245	0.834003	0.080652	0.000469993	0.00342195	0.000949777	0.000591512	0.00270497	0.00170996	0.00733665	0.00016096	0.000793223
55	0.021107	0.00141386	0.0310821	0.135874	0.00201475	0.00189642	0.0023753	0.00798299	0.108377	0.0629419	0.0221498	0.00776532	0.00130102	0.0639315	0.405885	0.00901003	0.0551124	0.00856141	0.0447005	0.00651717
56	0.0605498	0.000988857	0.00139764	0.0336722	0.0186454	0.0198885	0.0260136	0.119004	0.0965182	0.195127	0.0312267	0.00164389	0.000692908	0.06387	0.232864	0.0335173	0.0142481	0.030517	0.00641628	0.0131984
57	0.0177466	0.018081	0.000625766	0.000746443	0.121101	0.000634344	0.000723377	0.000898174	0.000826406	0.73871	0.0896945	0.00075818	0.000389615	0.00088256	0.000828609	0.00128261	0.00101318	0.00428203	0.000240343	0.000536115
58	0.0150574	0.00100119	0.224278	0.0179212	0.00125479	0.419514	0.015277	0.00175545	0.0242092	0.0120248	0.00130018	0.209212	0.000809046	0.00963857	0.0161405	0.0217971	0.00478067	0.00223519	0.000722982	0.00106943
59	0.152172	0.00890112	0.0146619	0.00746484	0.00452232	0.144339	0.00746425	0.00835122	0.0152147	0.00967764	0.0126849	0.015562	0.01621	0.0180445	0.00808568	0.460506	0.0747703	0.015603	0.00186032	0.0039052
60	0.0552202	0.0107016	0.00189325	0.00248502	0.03076	0.00221441	0.016806	0.157763	0.0011805	0.37453	0.0435004	0.00643061	0.0125713	0.00759272	0.00767042	0.0184741	0.0247525	0.196006	0.00657319	0.022874
61	0.0021578	0.000675033	0.0008088	0.00092434	0.0286544	0.000802094	0.000928356	0.400347	0.00362473	0.180336	0.00489246	0.0011025	0.000391698	0.00121882	0.00102971	0.00277898	0.0188763	0.341334	0.00794512	0.00117261
62	0.00159224	0.00046875	0.000556703	0.000794049	0.0245844	0.000594117	0.000645889	0.493503	0.00099298	0.312827	0.0350799	0.000871853	0.000386217	0.000929458	0.000863056	0.00134786	0.00167815	0.113229	0.000668418	0.00838708
63	0.195318	0.00396953	0.0115163	0.0386154	0.00716931	0.00647414	0.00320104	0.000942225	0.0955575	0.0266293	0.0149722	0.00691069	0.000395272	0.112351	0.331498	0.133206	0.00146357	0.00141612	0.000291927	0.00810304
64	0.00350013	0.000634321	0.000581384	0.000764564	0.0217728	0.000640229	0.000812562	0.390802	0.00220628	0.194657	0.0112242	0.00102211	0.000331854	0.00154107	0.000960363	0.00228204	0.0105581	0.348764	0.00398208	0.0029625
65	0.0569019	0.00147417	0.0800327	0.201702	0.00786118	0.0654675	0.0081147	0.00328335	0.0218105	0.00285633	0.00146562	0.0170356	0.470084	0.0156367	0.0155264	0.0199472	0.00536756	0.00385219	0.000461961	0.00111868
66	0.627238	0.0137978	0.00387067	0.00352836	0.00218009	0.182991	0.00227167	0.00276215	0.0125204	0.00522087	0.00621617	0.00489726	0.0129723	0.0326433	0.00439922	0.0707012	0.0054043	0.00372423	0.00109736	0.00156291
67	0.03286	0.00190957	0.238624	0.0233068	0.0025484	0.204084	0.0199695	0.00402652	0.0219007	0.0123602	0.00259466	0.223184	0.00603831	0.0199866	0.0233179	0.0610053	0.0876508	0.00691412	0.00281457	0.00490346
68	0.0599271	0.00236854	0.0613779	0.0261774	0.00301088	0.18785	0.0255002	0.00349799	0.0874742	0.00547196	0.00402303	0.101	0.00409609	0.0851512	0.0420211	0.22667	0.0480954	0.020369	0.00137081	0.00454757
69	0.414267	0.0142675	0.023935	0.0377169	0.00607879	0.0506718	0.00864283	0.0134481	0.0205994	0.012002	0.00369104	0.0135241	0.0539274	0.0103528	0.0139203	0.255391	0.0257386	0.016979	0.00109228	0.00375405
70	0.0170498	0.0178201	0.000691188	0.000831671	0.158596	0.000709937	0.00139281	0.00388999	0.00101474	0.697133	0.0868239	0.000894784	0.000443311	0.00107646	0.000984006	0.00170559	0.00128383	0.00540684	0.000390627	0.00186105
71	0.555862	0.0465077	0.00334935	0.00231272	0.00440364	0.0458695	0.00466839	0.0229407	0.00283498	0.0586373	0.00600015	0.00234323	0.00359511	0.00654891	0.00195504	0.0419188	0.032495	0.153121	0.00181291	0.00282328
72	0.0521105	0.0263162	0.00752315	0.00710499	0.0129572	0.0151812	0.00778963	0.1508	0.0151852	0.0962419	0.266649	0.00839547	0.00520487	0.0221847	0.00955978	0.0382919	0.0437678	0.202511	0.00373111	0.00849441
73	0.0378483	0.0029808	0.402875	0.238561	0.00240473	0.0233035	0.0117893	0.00331494	0.0234371	0.00577146	0.00267871	0.121834	0.00118718	0.0252581	0.0126035	0.0541419	0.0216857	0.00470527	0.00120165	0.00241722
74	0.0395282	0.00864939	0.0165096	0.0361071	0.00854759	0.0237006	0.0257443	0.0136186	0.0802372	0.0274446	0.0106887	0.0322076	0.00549507	0.0466671	0.485553	0.0837449	0.0284859	0.0149647	0.00524859	0.00685717
75	0.0681307	0.0012303	0.151701	0.364924	0.00851509	0.028002	0.0330946	0.0158265	0.0513891	0.00377263	0.00247692	0.0675948	0.00116584	0.0529349	0.0401356	0.0402966	0.0252582	0.0342237	0.00134544	0.00798216
76	0.121415	0.00175153	0.0336509	0.105133	0.00168623	0.068989	0.0112256	0.0586281	0.10305	0.154703	0.00191453	0.032614	0.0319034	0.0250148	0.104054	0.0422569	0.0227397	0.07676	0.000908059	0.00160243
77	0.00183654	0.00102973	0.00076371	0.000870145	0.651836	0.000782475	0.0256073	0.00144661	0.00992546	0.021805	0.00593827	0.0111096	0.00287292	0.00131495	0.00141129	0.00153525	0.00119691	0.00160055	0.00625352	0.250864
78	0.290665	0.00325564	0.00107403	0.00301988	0.0009345	0.0259836	0.00120533	0.00276274	0.00120632	0.00174405	0.000863689	0.00502701	0.00752667	0.00890274	0.00130185	0.618222	0.0236944	0.00145399	0.00037346	0.000782695
79	0.0221056	0.0299504	0.0322809	0.043862	0.0463999	0.00321486	0.547191	0.00396419	0.00384186	0.0702894	0.0327433	0.0738485	0.00181591	0.0351143	0.00362085	0.0211663	0.00514027	0.00466351	0.00128923	0.0174981
80	0.0527435	0.00147478	0.0610096	0.205498	0.00880195	0.0586194	0.00904786	0.00265108	0.0184198	0.00280866	0.00142422	0.0168095	0.501912	0.0117886	0.0177518	0.0202242	0.00408911	0.00326381	0.000499554	0.00116297
81	0.0244761	0.0113364	0.0214932	0.0116085	0.0212856	0.0399117	0.0123732	0.00241494	0.00247513	0.239441	0.0115949	0.364215	0.00113672	0.0512419	0.127224	0.0134891	0.0126813	0.00335581	0.000624922	0.0276208
82	0.00392227	0.000295153	0.000308085	0.000450444	0.00786254	0.00033682	0.000375411	0.687573	0.000402404	0.0359701	0.00115784	0.000398873	0.000234548	0.000534542	0.000476494	0.00174344	0.00273045	0.254817	0.000113498	0.000296722
83	0.00759961	0.0093808	0.0346075	0.335969	0.00155132	0.00246436	0.0304349	0.0185782	0.0211872	0.00372652	0.00167371	0.0388754	0.000968777	0.0299318	0.0617665	0.0319416	0.360847	0.00679708	0.000612936	0.00108588
84	0.00312284	0.000611765	0.000710721	0.000774495	0.0242848	0.000702469	0.000773549	0.374132	0.00283645	0.155936	0.00278659	0.000984276	0.000344077	0.00125117	0.0010123	0.00266425	0.0151751	0.405362	0.00571274	0.000822392
85	0.0276784	0.0323678	0.0242309	0.0927734	0.00932822	0.00180032	0.112123	0.234382	0.026489	0.0192644	0.0175744	0.0101064	0.00081951	0.0353951	0.0819882	0.0286627	0.0107449	0.232513	0.00064096	0.00111859
86	0.0162937	0.0222977	0.0240576	0.109471	0.0021972	0.0202778	0.10834	0.00263666	0.00306227	0.00394444	0.00196487	0.085384	0.00137731	0.00318591	0.507415	0.0367003	0.0343228	0.00314387	0.000866923	0.0130613
87	0.0900503	0.00145339	0.0757221	0.321618	0.00628418	0.0476911	0.0155539	0.00663192	0.0931896	0.00403743	0.00345431	0.0677076	0.000288237	0.0909778	0.0944992	0.0520878	0.0172138	0.00637651	0.00154788	0.0036153
88	0.0514675	0.00175368	0.0655681	0.466852	0.00389153	0.0137865	0.012396	0.0196853	0.049394	0.036719	0.00284019	0.0275261	0.0234263	0.0460346	0.0528263	0.0279049	0.0147233	0.0788095	0.00156542	0.00282991
89	0.02985	0.00361792	0.00106886	0.00144021	0.0180354	0.00122147	0.00603161	0.17453	0.00167207	0.101263	0.0295482	0.00155636	0.000716002	0.0223744	0.00384591	0.00396735	0.00334163	0.572392	0.000547053	0.0229814
90	0.015338	0.00158447	0.00188645	0.0023349	0.0111309	0.00209764	0.0209776	0.117456	0.0125856	0.158309	0.0203423	0.0348441	0.305269	0.0318784	0.00252878	0.0537389	0.0503229	0.107589	0.000785018	0.0490014
91	0.130714	0.0508005	0.00199581	0.00245406	0.00230521	0.0211736	0.0021548	0.0218297	0.00266286	0.0608785	0.00187117	0.0228402	0.00135781	0.00275729	0.00251561	0.00503396	0.422355	0.19807	0.0448624	0.00136851
92	0.00467304	0.000280917	0.000298519	0.00044854	0.00726537	0.000331229	0.000334463	0.638639	0.000403656	0.0385289	0.00136136	0.000409398	0.000209302	0.000481159	0.000457664	0.00152251	0.00279567	0.30119	0.000102875	0.000266309
93	0.00315452	0.00039248	0.000382875	0.000504722	0.0152772	0.000408544	0.000400105	0.599016	0.00077036	0.07491	0.00122784	0.000492558	0.000215591	0.00060393	0.000596758	0.00203172	0.00625097	0.29215	0.000874924	0.000339245
94	0.899313	0.0236316	0.000894117	0.00115388	0.000936046	0.00252946	0.000907086	0.00152618	0.00131174	0.00172607	0.00100895	0.00134739	0.000637475	0.00143016	0.00130067	0.0218617	0.0312565	0.00604624	0.000529448	0.000652156
95	0.160049	0.0195677	0.00153863	0.00551636	0.00148866	0.00910245	0.00140033	0.0237634	0.00219456	0.00991809	0.00156028	0.00347351	0.0114257	0.0049517	0.00213095	0.390574	0.33949	0.0102029	0.00049521	0.00115594
96	0.0488311	0.00130433	0.0032324	0.00312758	0.00492138	0.865241	0.00411724	0.00239421	0.00495669	0.00459345	0.00228821	0.0158023	0.00684765	0.00394293	0.00835069	0.00730118	0.00376953	0.00300306	0.00284056	0.00313475
97	0.0492643	0.00380206	0.0138053	0.00981273	0.0165684	0.00529816	0.0021884	0.00326798	0.00357794	0.00377118	0.00173891	0.00307141	0.803806	0.00348116	0.00314601	0.0263033	0.0118728	0.0234713	0.00583393	0.00591833
98	0.148323	0.0167418	0.0044312	0.00709645	0.0105061	0.00836653	0.00589911	0.126335	0.0108657	0.351355	0.0432983	0.00724371	0.0059489	0.00781889	0.0207107	0.0311188	0.0712783	0.113802	0.00239479	0.0064652
99	0.181217	0.0424957	0.00247868	0.00804666	0.00227308	0.00908252	0.0030098	0.0518198	0.00415784	0.0331426	0.00495126	0.00324405	0.00510278	0.00364295	0.00342174	0.151749	0.43968	0.0472608	0.00131475	0.00190943
100	0.155293	0.00199174	0.0669544	0.00344127	0.00254786	0.0182736	0.043912	0.00357303	0.0167649	0.00456567	0.00301048	0.00418913	0.00140078	0.018657	0.0034803	0.571366	0.0732716	0.00440624	0.00125115	0.00164992
101	0.0979607	0.00135214	0.259765	0.197083	0.00144719	0.11345	0.00192184	0.0105296	0.0408427	0.00279983	0.00164001	0.0120531	0.143691	0.050552	0.00304197	0.0307028	0.0185094	0.0107804	0.000570448	0.00130656
102	0.368944	0.00897291	0.089752	0.0338574	0.00144161	0.0473758	0.00969375	0.0184929	0.0588459	0.0185574	0.00149479	0.025988	0.0658445	0.00280195	0.0322285	0.169633	0.03298	0.0112457	0.000582654	0.00126723
103	0.0176869	0.0180093	0.000626826	0.000747582	0.121135	0.000634353	0.000723484	0.000897331	0.000813301	0.73884	0.0897007	0.000758131	0.000389492	0.000882665	0.000823141	0.00127934	0.00101649	0.0042564	0.00024036	0.000538328
104	0.537424	0.0149554	0.00176108	0.0188068	0.0353623	0.046355	0.0106564	0.00218383	0.0100454	0.0430272	0.0153312	0.00214407	0.0010017	0.00491879	0.00224704	0.173723	0.0542627	0.0156106	0.000877299	0.00930696
105	0.100809	0.00154259	0.0942364	0.0639226	0.0728155	0.0598045	0.061158	0.00383461	0.0152486	0.0153109	0.0123242	0.0575954	0.0209035	0.0475765	0.0990523	0.175825	0.0145672	0.00282175	0.000852134	0.0797992
106	0.0176869	0.0180093	0.000626826	0.000747582	0.121135	0.000634353	0.000723484	0.000897331	0.000813301	0.73884	0.0897007	0.000758131	0.000389492	0.000882665	0.000823141	0.00127934	0.00101649	0.0042564	0.00024036	0.000538328
107	0.143928	0.00268165	0.00410666	0.00472272	0.0845806	0.00362898	0.199715	0.00452533	0.0226277	0.00609667	0.00387402	0.0929713	0.00186484	0.0232081	0.00573541	0.251954	0.00599862	0.00540131	0.00144365	0.130936
108	0.00562512	0.00311546	0.00145788	0.00227079	0.408864	0.00153832	0.0267826	0.00946484	0.00647306	0.110557	0.0164143	0.00785493	0.00315743	0.00491877	0.0102642	0.00553127	0.00277086	0.0117236	0.0489045	0.312311
109	0.00173687	0.000967255	0.000737928	0.00082576	0.663441	0.000742964	0.0252556	0.000824316	0.00977923	0.0134804	0.00481547	0.0110771	0.00253775	0.00119161	0.000918744	0.00136681	0.00115363	0.00123103	0.00437137	0.253545
110	0.028603	0.00530954	0.455097	0.119319	0.00731342	0.0303531	0.0121957	0.00790228	0.0211653	0.0111627	0.00553416	0.15656	0.00707541	0.0263231	0.0129311	0.0404064	0.030562	0.0102194	0.00313151	0.00883599
111	0.372131	0.0102625	0.00721328	0.0117619	0.00582063	0.0384141	0.00808533	0.00512572	0.0092577	0.00716874	0.00468418	0.00767521	0.00602435	0.0336006	0.0110616	0.4282	0.0213313	0.00694228	0.00177082	0.00346854
112	0.0939344	0.0137563	0.000853097	0.00372475	0.0143723	0.00318354	0.00605175	0.190524	0.00274268	0.177922	0.068705	0.00251799	0.00929032	0.00649686	0.00303211	0.0423692	0.0685088	0.282098	0.000404607	0.00951137
113	0.531075	0.0163203	0.00116603	0.0113991	0.00245695	0.0522943	0.0013613	0.00183966	0.00145509	0.00237594	0.00299673	0.00262674	0.00412055	0.0104238	0.00140554	0.343379	0.00949159	0.00249043	0.000511871	0.000810697
114	0.048183	0.00475187	0.0134971	0.0138688	0.0166301	0.00481628	0.0027267	0.00222417	0.00301591	0.0034137	0.00225762	0.00313858	0.804028	0.00258349	0.00345166	0.0252893	0.0116844	0.0230077	0.00555351	0.005878
115	0.00555894	0.000600382	0.000412672	0.00054584	0.0120559	0.000442104	0.000556297	0.585452	0.00109118	0.0695053	0.00325265	0.000540915	0.000366327	0.000892608	0.00058021	0.00411651	0.00844351	0.303453	0.00155984	0.00057431
116	0.0109118	0.000526882	0.000557106	0.000709601	0.00173741	0.000541105	0.00063271	0.292544	0.000770515	0.0478135	0.00297367	0.000751916	0.000377386	0.00169929	0.00074257	0.00176563	0.00425637	0.629219	0.00021056	0.00125913
117	0.0124278	0.000967235	0.472662	0.35318	0.00114957	0.00759471	0.00979756	0.00164306	0.0103727	0.00222267	0.00127756	0.0415265	0.000619605	0.0169874	0.00168143	0.0538067	0.00851407	0.00209161	0.000513148	0.000965131
118	0.00488756	0.00154475	0.00127183	0.00177028	0.00126962	0.0107176	0.00127991	0.00183947	0.00203922	0.00288924	0.00144697	0.0019684	0.000930087	0.00233673	0.00214471	0.77469	0.183228	0.00226616	0.000492875	0.00098733
119	0.00355879	0.000297655	0.000381936	0.00043814	0.00969392	0.000338477	0.000335453	0.669981	0.000415661	0.069745	0.00460416	0.000453147	0.000210073	0.000551351	0.000487934	0.00154894	0.00246319	0.233272	0.000106211	0.00111698
120	0.00436589	0.00141132	0.628661	0.00419362	0.00138306	0.00141873	0.00172743	0.00216474	0.00228778	0.00308307	0.00170117	0.317479	0.000859933	0.00242521	0.00207185	0.0138551	0.00606625	0.0027037	0.000728992	0.00141142
121	0.00587067	0.00133093	0.0116107	0.00210331	0.157045	0.0111991	0.0204677	0.0197724	0.0251299	0.123784	0.27004	0.0123934	0.00997326	0.0475601	0.0788275	0.0136894	0.0666679	0.00306966	0.0365139	0.0829514
122	0.0130412	0.0100753	0.00192165	0.00247523	0.0110862	0.00174407	0.0278909	0.280498	0.359395	0.0202202	0.0016936	0.00225635	0.000992746	0.011081	0.0651008	0.0125128	0.0120479	0.137567	0.000642137	0.0277586
123	0.583043	0.0616535	0.00091832	0.00104603	0.000769384	0.0281578	0.000933882	0.0271463	0.00123238	0.0609372	0.00282576	0.000923269	0.00420716	0.00547962	0.00120258	0.026423	0.0239886	0.16819	0.000333988	0.00058788
124	0.00228722	0.00107656	0.00576896	0.00608285	0.202062	0.000984908	0.0787587	0.0153247	0.00162778	0.00529257	0.00149398	0.00628555	0.000558383	0.0213518	0.00149235	0.00234516	0.00174831	0.00161314	0.146538	0.497307
125	0.0556184	0.0104849	0.00190866	0.0111309	0.126246	0.00164653	0.012367	0.0212711	0.155204	0.0392095	0.0696854	0.00388184	0.0185913	0.0233033	0.179827	0.0526474	0.0166278	0.0537365	0.087862	0.0587507
126	0.273736	0.00243484	0.00313012	0.00419831	0.00398555	0.213931	0.00399247	0.00437135	0.0835055	0.0228221	0.0376526	0.00447222	0.00200326	0.204252	0.0220638	0.0973185	0.00636706	0.00599901	0.0010935	0.00267141
127	0.156158	0.00383258	0.246025	0.0138883	0.00415317	0.161187	0.00611325	0.00802147	0.0138158	0.0120039	0.00531175	0.170342	0.00350534	0.0149886	0.00951531	0.114174	0.0424473	0.00881708	0.00188294	0.00381615
128	0.0316059	0.00958909	0.0269857	0.049938	0.00697445	0.0307579	0.0434552	0.0144344	0.0447884	0.0296117	0.0082004	0.171977	0.00577172	0.0337289	0.356842	0.0711097	0.0331825	0.015159	0.00386369	0.0120238
129	0.00284365	0.00128912	0.00771133	0.00778193	0.17126	0.00105595	0.0844891	0.0154346	0.00154331	0.00317349	0.00132805	0.00740392	0.000659161	0.0208558	0.00151667	0.0026124	0.00216304	0.00192802	0.15522	0.50973
130	0.0308892	0.00155269	0.367357	0.035102	0.00198611	0.24841	0.00771704	0.00282865	0.0283011	0.0161986	0.00215808	0.162215	0.00129506	0.0233983	0.0082376	0.0478525	0.00882832	0.00319441	0.000905962	0.00157324
131	0.0380002	0.00186174	0.0704077	0.0601434	0.0033491	0.00799984	0.00856565	0.00899512	0.410331	0.0222302	0.00405325	0.0116933	0.0211057	0.0638259	0.189067	0.0148614	0.0257553	0.0323822	0.00278764	0.00258413
132	0.010872	0.0103612	0.00254933	0.00628843	0.287785	0.00177219	0.0746943	0.020874	0.00432121	0.0722288	0.0114167	0.00778843	0.00210401	0.00534868	0.0113537	0.0140585	0.00354086	0.0415918	0.0386894	0.372362
133	0.00193822	0.000630038	0.000735041	0.00104181	0.0278568	0.000701655	0.000793325	0.486931	0.00112326	0.323798	0.0299472	0.000958486	0.000422018	0.00112573	0.000995663	0.00148756	0.00175413	0.105751	0.000646742	0.0113624
134	0.0387143	0.132916	0.0467451	0.0258028	0.0247276	0.0191095	0.032089	0.0202201	0.0265007	0.0417575	0.0197916	0.261909	0.0103977	0.0293798	0.03137	0.0322793	0.0251332	0.0256127	0.005288	0.150257
135	0.419742	0.246076	0.00264655	0.00329427	0.00305218	0.0189369	0.0031215	0.0199429	0.00400121	0.0798851	0.00435851	0.00348908	0.0040707	0.00697235	0.00470922	0.0365227	0.0191704	0.116233	0.00110435	0.00267153
136	0.0494444	0.00363217	0.0114159	0.00126705	0.0171169	0.00114243	0.00117219	0.00127516	0.00139601	0.00186239	0.00113448	0.00140504	0.833797	0.00153127	0.00144506	0.0248901	0.0111855	0.0230304	0.00607973	0.00577724
137	0.0125799	0.0131956	0.000622743	0.000763337	0.104835	0.0012566	0.000715231	0.00299689	0.00356214	0.652157	0.188581	0.000761198	0.000373856	0.00461277	0.000774494	0.0034841	0.00295425	0.00499862	0.000244861	0.000530631
138	0.00347772	0.00115656	0.273089	0.0143779	0.00133729	0.0100158	0.00160581	0.00180663	0.0019643	0.00249817	0.00129435	0.317932	0.000799345	0.00219298	0.00174305	0.108788	0.252026	0.00217608	0.000525134	0.00119395
139	0.0124684	0.00125417	0.00219777	0.274356	0.00175379	0.00186766	0.00187162	0.00204321	0.49467	0.00302106	0.00159263	0.00200252	0.000964337	0.0543311	0.134056	0.00361769	0.00276692	0.00318727	0.000643282	0.00133467
140	0.125841	0.000970823	0.121009	0.622493	0.000856383	0.00622992	0.00192285	0.00150768	0.00799234	0.00386758	0.00124416	0.0146341	0.00989037	0.0244633	0.00665369	0.0276535	0.0059229	0.0116752	0.00433478	0.000837768
141	0.00749318	0.00211669	0.0521636	0.429024	0.00331127	0.00343111	0.00369711	0.00410534	0.00391107	0.0223334	0.00294764	0.00439311	0.00197019	0.356012	0.00394841	0.021979	0.0684999	0.00531832	0.00109545	0.0022491
142	0.00328807	0.00221187	0.00240935	0.00289097	0.426359	0.000977088	0.0429864	0.00789469	0.00577604	0.0323358	0.0058095	0.00827711	0.00204406	0.00696286	0.00353391	0.00347077	0.00150395	0.0066631	0.0558449	0.378761
143	0.020479	0.00122	0.180826	0.215816	0.00140767	0.00249895	0.036101	0.0417857	0.0528476	0.0757398	0.0260475	0.0765025	0.000963446	0.0829669	0.0617244	0.00498781	0.0288541	0.0107492	0.000738991	0.0777433
144	0.355258	0.00209577	0.0364899	0.0561542	0.0112794	0.0193651	0.0303604	0.0201015	0.0428289	0.0208314	0.00150803	0.0320223	0.00116237	0.0321274	0.197673	0.00445605	0.0778676	0.0450106	0.0103532	0.00305509
145	0.0155938	0.0164409	0.000956724	0.00141062	0.340583	0.00101989	0.00177872	0.0209964	0.00191152	0.501438	0.0634936	0.00142112	0.000688555	0.0019093	0.00275781	0.0021839	0.00171038	0.0107938	0.00205107	0.010861
146	0.023145	0.0394058	0.0021464	0.00226379	0.0114598	0.00192712	0.0871301	0.0819742	0.00254722	0.0408617	0.0115711	0.00245842	0.0010291	0.0213606	0.0390486	0.00382701	0.0120036	0.177637	0.0848592	0.353345
147	0.100805	0.00173313	0.0835812	0.292741	0.00655611	0.0355584	0.0161983	0.00796993	0.0957291	0.00468293	0.00435988	0.0796788	0.000171336	0.0955067	0.0858503	0.0545229	0.0185094	0.00836946	0.00234098	0.00513523
148	0.267246	0.00328692	0.0200195	0.523875	0.00272278	0.0236905	0.00273185	0.00333872	0.017958	0.0319104	0.00271992	0.0322722	0.00303673	0.020141	0.00442134	0.0246696	0.005462	0.0066097	0.0018854	0.00200259
149	0.0108015	0.00163514	0.000753637	0.00116171	0.0204807	0.000649289	0.00203241	0.404195	0.00168564	0.25815	0.0163465	0.00134876	0.00109023	0.00184668	0.00154545	0.00249141	0.00780319	0.25771	0.00300143	0.00527143
150	0.0622405	0.0267624	0.0015151	0.0104922	0.00224614	0.00147646	0.00186129	0.319681	0.0368058	0.203432	0.0420159	0.0223162	0.0013214	0.0116578	0.0244672	0.0132639	0.0805475	0.134894	0.00136458	0.00163936
151	0.115947	0.00126803	0.0494648	0.139851	0.00147006	0.0197623	0.0275741	0.00191656	0.07518	0.0101823	0.00365156	0.166154	0.00110193	0.0280971	0.0355841	0.133251	0.184945	0.00271216	0.000634713	0.00125178
152	0.745313	0.0163871	0.000641594	0.00217574	0.00111476	0.14303	0.000619686	0.00116464	0.000845233	0.00102668	0.00146167	0.000797868	0.00980324	0.00371653	0.000762126	0.0674762	0.00151326	0.00147048	0.000244862	0.000435816
153	0.00807219	0.00118738	0.146554	0.542275	0.001241	0.00162454	0.00384993	0.00258446	0.0537087	0.00365356	0.00747591	0.00529875	0.0258485	0.119135	0.0549945	0.00654216	0.0039389	0.0100497	0.000615446	0.0013504
154	0.0538621	0.0639205	0.00295857	0.0398295	0.00273605	0.00312759	0.00339332	0.027816	0.131771	0.0632599	0.0482152	0.00424102	0.0168383	0.114535	0.0716323	0.0653118	0.167417	0.115684	0.00122316	0.00222777
155	0.0156318	0.0147544	0.00136614	0.00799433	0.236577	0.00144421	0.100134	0.0292432	0.00186436	0.0423757	0.00167956	0.00775585	0.00077847	0.00196685	0.0131265	0.0225155	0.00214078	0.0730963	0.0246296	0.400925
156	0.00340122	0.0011067	0.000841173	0.00105934	0.65967	0.000885744	0.0259329	0.000917045	0.0114234	0.0146982	0.0047921	0.0133126	0.00282759	0.00166337	0.00175556	0.0022396	0.00157499	0.00196977	0.00434509	0.245583
157	0.0271572	0.000693678	0.245679	0.505951	0.00238729	0.00856555	0.0159662	0.00502803	0.0230358	0.00303902	0.00107832	0.0394341	0.00434892	0.0333782	0.0172854	0.0358445	0.00977254	0.0183396	0.000786823	0.00222933
158	0.173817	0.00424206	0.0050451	0.00386127	0.00525851	0.713984	0.00474075	0.00246681	0.0110277	0.00473728	0.00175922	0.0264036	0.0011559	0.00256589	0.0240074	0.00490327	0.00300607	0.00288041	0.00226988	0.00186792
159	0.0312079	0.188473	0.0114383	0.0155943	0.186217	0.0126633	0.039889	0.0307075	0.015947	0.0437438	0.0152277	0.0266131	0.00871947	0.0175424	0.0182093	0.0255855	0.0191372	0.0467289	0.0189698	0.227385
160	0.00733469	0.000705952	0.000957771	0.00114984	0.027595	0.00503373	0.000892849	0.0146692	0.0166017	0.338811	0.521287	0.00114126	0.00040861	0.0239234	0.00103578	0.0146714	0.0122689	0.0103321	0.000339123	0.000840042
161	0.0621736	0.00630473	0.0151288	0.0169394	0.0162759	0.0126001	0.00483949	0.0062447	0.00803247	0.0072659	0.00319198	0.00697911	0.694724	0.00685478	0.00606883	0.0722434	0.0179236	0.0242785	0.00494245	0.00698868
162	0.00392227	0.000295153	0.000308085	0.000450444	0.00786254	0.00033682	0.000375411	0.687573	0.000402404	0.0359701	0.00115784	0.000398873	0.000234548	0.000534542	0.000476494	0.00174344	0.00273045	0.254817	0.000113498	0.000296722
163	0.0581772	0.00125489	0.167739	0.548096	0.00276646	0.00830481	0.00838146	0.00610992	0.022256	0.00590693	0.00245618	0.025281	0.0123256	0.043896	0.0215675	0.0273481	0.0159198	0.0171136	0.00232076	0.00277825
164	0.0670685	0.00257744	0.020552	0.380043	0.00309344	0.00354139	0.0034157	0.160375	0.00476281	0.00670868	0.0036096	0.00470645	0.0018131	0.0423933	0.0219053	0.0586907	0.0752668	0.135287	0.00133301	0.00285625
165	0.00983507	0.0036847	0.00124519	0.00139444	0.00734649	0.00122132	0.0062697	0.274164	0.00151817	0.302436	0.333545	0.00271311	0.000696856	0.011189	0.00160374	0.00380446	0.0112319	0.0243167	0.000768094	0.0010155
166	0.401357	0.0661739	0.00339543	0.00340116	0.00348291	0.0426806	0.00363923	0.0393487	0.00300955	0.0443234	0.0906838	0.00386422	0.00360153	0.00841893	0.00331196	0.0525652	0.0479745	0.174884	0.00143984	0.0024448
167	0.190774	0.00440506	0.0129705	0.0410549	0.00685484	0.00723884	0.00367293	0.000978713	0.0936578	0.0291978	0.016272	0.00755694	0.000405759	0.110147	0.33213	0.131746	0.00128667	0.00128878	0.000261396	0.00810003
168	0.0239143	0.00399332	0.0226055	0.0203074	0.00455746	0.0140607	0.0067669	0.0107282	0.157577	0.0112622	0.0129682	0.043104	0.0073721	0.0220223	0.183381	0.203685	0.233846	0.0125794	0.00144407	0.00382426
169	0.0422881	0.00256876	0.201461	0.0240557	0.00318248	0.339313	0.0154435	0.0036995	0.0301447	0.0143247	0.00359065	0.171208	0.00666795	0.0200486	0.0206416	0.06602	0.0236288	0.00587187	0.00161991	0.0042218
170	0.0480291	0.000971748	0.0253215	0.130687	0.022741	0.00159576	0.0151964	0.111575	0.124827	0.0188112	0.0140885	0.00486107	0.176895	0.0188986	0.133842	0.00622081	0.0283513	0.0670117	0.00375715	0.0463191
171	0.0204366	0.00189869	0.282481	0.262743	0.00223579	0.00274064	0.00242912	0.00372741	0.147679	0.00453156	0.0277439	0.00326954	0.0108323	0.176283	0.0350856	0.00504858	0.00376634	0.004124	0.00110934	0.00183421
172	0.172456	0.0138189	0.00493806	0.034125	0.00507796	0.00710559	0.005097	0.0315075	0.00586036	0.0368557	0.00501882	0.00654373	0.00439886	0.00617243	0.00550291	0.180607	0.415113	0.0550127	0.00146745	0.0033204
173	0.0070965	0.000473374	0.000344042	0.000389301	0.00677763	0.000361593	0.000363938	0.0473968	0.000457956	0.852994	0.0673322	0.000476191	0.0040207	0.000558806	0.000506894	0.00107991	0.00118323	0.00762334	0.000144996	0.00041894
174	0.138052	0.0383986	0.00304509	0.00406106	0.00296651	0.00347244	0.00414549	0.0405449	0.0233137	0.263345	0.00393416	0.00442274	0.00200635	0.00476256	0.266983	0.00700642	0.094104	0.0908623	0.00155685	0.00301697
175	0.00173169	0.000942497	0.00071079	0.000819482	0.668573	0.000734817	0.0257529	0.000840147	0.0101315	0.0138588	0.00469981	0.0114285	0.00262912	0.00111309	0.000918406	0.001348	0.00116794	0.00126481	0.00416622	0.247168
176	0.0562986	0.0148289	0.0182463	0.0178692	0.0251181	0.393061	0.0194082	0.0189562	0.0250566	0.108836	0.0190783	0.0408225	0.00883311	0.0238854	0.0281463	0.033706	0.0228904	0.0245452	0.00882684	0.0915872
177	0.138357	0.0506173	0.0143871	0.0194391	0.014969	0.0162871	0.00907957	0.0156883	0.0144657	0.0177474	0.00723091	0.012376	0.526525	0.0129399	0.011493	0.047093	0.0214753	0.0361008	0.00538037	0.00834883
178	0.00733469	0.000705952	0.000957771	0.00114984	0.027595	0.00503373	0.000892849	0.0146692	0.0166017	0.338811	0.521287	0.00114126	0.00040861	0.0239234	0.00103578	0.0146714	0.0122689	0.0103321	0.000339123	0.000840042
179	0.0120204	0.00123955	0.00180095	0.00265458	0.00203789	0.0270305	0.010877	0.00442804	0.184821	0.00797906	0.00380907	0.0112071	0.00318514	0.0473221	0.496971	0.145417	0.0307545	0.004513	0.0006973	0.00123413
180	0.048533	0.00633152	0.0158616	0.0106819	0.0065547	0.385953	0.00919489	0.00776333	0.0481227	0.0114342	0.00668993	0.0205438	0.179949	0.0278468	0.00992203	0.134413	0.0512876	0.0108666	0.00210765	0.00594327
181	0.0487731	0.00474865	0.0376233	0.020716	0.0625241	0.00548284	0.00603987	0.147116	0.119485	0.0118455	0.114637	0.03527	0.0180975	0.00900224	0.0447191	0.0133638	0.104573	0.185845	0.00383382	0.00630292
182	0.047204	0.00327528	0.104162	0.0840626	0.00493971	0.397577	0.0166694	0.00657788	0.0394681	0.014296	0.00454386	0.136445	0.013128	0.0289405	0.028586	0.0363981	0.0147515	0.00897191	0.00310262	0.0068999
183	0.0056264	0.00116283	0.000484555	0.000734353	0.0176959	0.000566932	0.00149377	0.173987	0.000763989	0.690515	0.0571858	0.000847024	0.00282685	0.000969312	0.00116547	0.00148344	0.00253604	0.0360207	0.000719111	0.0032162
184	0.0376971	0.00115312	0.0336593	0.119094	0.0269608	0.00161133	0.00753426	0.130496	0.0914301	0.0170236	0.0250362	0.0111784	0.146052	0.0160518	0.0892427	0.0137264	0.0793741	0.113701	0.0110921	0.027886
185	0.0177192	0.00117116	0.044574	0.141829	0.00180663	0.00164502	0.00166749	0.00989889	0.105179	0.0547984	0.0306529	0.00949687	0.00107918	0.0826787	0.367887	0.0111036	0.0414887	0.0106404	0.056047	0.00863699
186	0.0492573	0.00360529	0.0113784	0.00125572	0.0171111	0.00112984	0.00116873	0.00127463	0.00138687	0.00183522	0.0011343	0.00139465	0.834198	0.00153858	0.0014491	0.0249815	0.0110415	0.0229921	0.00608163	0.00578601
187	0.00235514	0.00107997	0.00626403	0.0066179	0.173928	0.000977657	0.0850576	0.0153157	0.0013681	0.00291595	0.00114977	0.00633215	0.00055259	0.0210381	0.00133928	0.00239794	0.00188318	0.00171309	0.148232	0.519482
188	0.592493	0.0563172	0.00233804	0.00356324	0.00255326	0.0603096	0.00253852	0.0335253	0.00300763	0.0412238	0.00763882	0.00251131	0.00481425	0.00602876	0.00300602	0.0424622	0.0262685	0.106589	0.000832386	0.00197941
