279	20
1	0.0865837	0.0200069	0.00178775	0.0259983	0.0123879	0.0321951	0.00697717	0.241491	0.0185567	0.157881	0.0379678	0.00260936	0.00247953	0.0135283	0.0116586	0.00813407	0.0440373	0.272492	0.00109632	0.00213149
2	0.0102062	0.00566582	0.000534612	0.00265639	0.0196948	0.000760119	0.00398282	0.254082	0.00199346	0.320962	0.0912233	0.00169739	0.00321215	0.00544479	0.00389789	0.00220289	0.0349191	0.233355	0.000457542	0.00305106
3	0.160626	0.000659922	0.314284	0.217588	0.00658251	0.0362993	0.0259193	0.00924603	0.0371079	0.0214005	0.00233936	0.0341152	0.00126529	0.060731	0.0386173	0.0110338	0.00983633	0.00258865	0.00201553	0.00774417
4	0.0824292	0.000278517	0.107593	0.263796	0.000414771	0.015428	0.00155792	0.00376467	0.157547	0.0136895	0.00512039	0.0350992	0.0236048	0.0783355	0.0973802	0.0396859	0.0535942	0.0187377	0.00154596	0.000396938
5	0.030448	0.00535405	0.000866507	0.00376941	0.0530821	0.00309909	0.00624889	0.209123	0.00635014	0.437209	0.0860492	0.00321723	0.00302874	0.00741416	0.00319922	0.00505031	0.0206558	0.10587	0.00125233	0.00871197
6	0.00682348	0.000517916	0.0014212	0.0165057	0.00511934	0.00622522	0.00620452	0.00121241	0.553348	0.00662576	0.00153039	0.00263447	0.000748706	0.135861	0.215178	0.0166397	0.00413406	0.00345157	0.0149954	0.000823744
7	0.0862616	0.00028902	0.106473	0.261486	0.000423393	0.0153571	0.00157629	0.00373626	0.156903	0.0134818	0.00500588	0.0355995	0.0234604	0.0781585	0.0964936	0.0401795	0.0538922	0.0192572	0.0015443	0.000421039
8	0.0434873	0.000972361	0.0177231	0.160644	0.00169014	0.00559885	0.0132531	0.0244174	0.313584	0.0918645	0.0170634	0.0036851	0.0020859	0.0966016	0.159731	0.0148935	0.0259056	0.00402834	0.00100572	0.00176479
9	0.227397	0.0151927	0.00762384	0.0177296	0.0189976	0.0308311	0.0148911	0.0818848	0.0111808	0.148336	0.0352732	0.0178532	0.0151099	0.0206975	0.0168673	0.0577074	0.0421647	0.199502	0.00620815	0.0145527
10	0.00613955	0.000470092	0.00104602	0.0164485	0.00516513	0.00584179	0.00623272	0.00115061	0.561543	0.00654003	0.00144407	0.001759	0.000747854	0.134092	0.211914	0.01656	0.00395146	0.00346187	0.0146916	0.000801317
11	0.196129	0.00118694	0.0555079	0.200196	0.00104606	0.018066	0.0214752	0.0015807	0.2448	0.00833621	0.00600158	0.00296053	0.00132469	0.046458	0.0899479	0.0792498	0.017051	0.00235378	0.000962873	0.00536588
12	0.253081	0.00133817	0.0027221	0.18493	0.00212363	0.00340245	0.00345003	0.003423	0.0216057	0.0838235	0.050566	0.00318378	0.00201588	0.164314	0.163906	0.0237069	0.00500879	0.0109256	0.00129006	0.0151838
13	0.0706656	0.00163819	0.299091	0.167704	0.00462102	0.0738618	0.0297372	0.00560652	0.0263118	0.0209936	0.00487412	0.0468144	0.0209422	0.120064	0.0247453	0.0398151	0.0276042	0.00470848	0.00436993	0.00583138
14	0.0131567	0.00253111	0.00144761	0.00333281	0.0986022	0.00208434	0.00516864	0.205187	0.0037628	0.494634	0.0619235	0.00305074	0.00279475	0.00793132	0.00318593	0.00367215	0.0108246	0.0585189	0.00178757	0.0164028
15	0.0672333	0.00358808	0.0414495	0.0326201	0.280159	0.00510743	0.137683	0.00726585	0.0159784	0.0142433	0.0107878	0.0293994	0.0115286	0.0774108	0.0175255	0.0184976	0.0115384	0.0104509	0.126054	0.0814787
16	0.195559	0.0067483	0.0386011	0.0509478	0.00904237	0.0881741	0.0209433	0.0155726	0.0884362	0.033573	0.0292492	0.105201	0.0127331	0.0910327	0.068489	0.0692306	0.0310336	0.0284615	0.0060174	0.0109542
17	0.04671	0.01816	0.00531287	0.0144259	0.131049	0.0232925	0.00784941	0.0154357	0.00809745	0.305958	0.22942	0.0177028	0.077195	0.0100138	0.00846814	0.0184552	0.0226109	0.0131785	0.0128937	0.013771
18	0.0578321	0.00301766	0.0362495	0.0294191	0.275317	0.00545931	0.137014	0.00694551	0.0149512	0.0142794	0.0124279	0.0378797	0.0103434	0.0842834	0.0162311	0.0173304	0.0120687	0.0109759	0.135669	0.0823055
19	0.0193562	0.00338803	0.000739638	0.00310772	0.0433369	0.00127591	0.0104651	0.198637	0.00257066	0.415695	0.115652	0.00375268	0.00356019	0.00823781	0.00274077	0.00208694	0.029073	0.126055	0.00140541	0.00886301
20	0.0943456	0.00352809	0.00876422	0.0121463	0.00584569	0.477	0.00941019	0.00790427	0.0125897	0.0166405	0.0111394	0.00920454	0.0481021	0.0797366	0.07717	0.0196503	0.0201957	0.0451354	0.0031701	0.0383217
21	0.0560932	0.0103159	0.0068046	0.0208488	0.0871679	0.0141317	0.0131941	0.131729	0.0079528	0.27525	0.0744284	0.00941452	0.0154409	0.015593	0.0118026	0.0162364	0.0234212	0.0961562	0.0641994	0.0498194
22	0.00922199	0.00926218	0.015368	0.00155921	0.000930375	0.00577242	0.00128885	0.00117899	0.0154811	0.00682571	0.00106081	0.0477064	0.00508084	0.00620946	0.00628859	0.366156	0.497886	0.0014772	0.000466612	0.000779214
23	0.0302096	0.00704552	0.00827536	0.01298	0.168567	0.0104959	0.141449	0.0110069	0.00939625	0.0683077	0.0792104	0.112582	0.00444374	0.0130993	0.0148944	0.0144413	0.113714	0.0517409	0.00662002	0.12152
24	0.0928265	0.00169614	0.00427377	0.00675044	0.0205506	0.00458237	0.0209002	0.00494444	0.00556884	0.411195	0.00548883	0.0050409	0.00223306	0.0403479	0.0410272	0.0460578	0.0236906	0.241393	0.0179384	0.00349404
25	0.0385831	0.000637022	0.346724	0.314867	0.00217931	0.0110818	0.0431362	0.00298598	0.0395107	0.00759082	0.00206183	0.0429681	0.00187923	0.0486281	0.0267112	0.024671	0.0333411	0.0023225	0.00184799	0.00827333
26	0.0208048	0.0116549	0.00417318	0.00589081	0.341023	0.00444327	0.271267	0.00428384	0.00456589	0.018614	0.0382604	0.0265552	0.00203878	0.00739253	0.015644	0.00660867	0.0248468	0.0283737	0.00497961	0.158579
27	0.478499	0.0792972	0.00203143	0.0023984	0.00272156	0.118693	0.0038309	0.00791355	0.00291272	0.0394518	0.0192896	0.00660482	0.00286196	0.00485651	0.00525142	0.149608	0.0380516	0.0245285	0.00608002	0.00511862
28	0.0541939	0.0202404	0.0104757	0.0481303	0.0431425	0.04356	0.0473014	0.0666429	0.0157283	0.136858	0.0717468	0.0125877	0.158785	0.018622	0.0564653	0.0485055	0.0196223	0.0522735	0.0116139	0.0635047
29	0.0721322	0.0266218	0.000931715	0.00317835	0.0184388	0.00272582	0.00273253	0.310543	0.00263025	0.18115	0.144553	0.00538616	0.00158341	0.00495697	0.00497236	0.0222086	0.0350463	0.157605	0.00048404	0.00211888
30	0.627837	0.0913863	0.00135303	0.00177282	0.00642085	0.0124958	0.00153765	0.0263466	0.00704144	0.0153306	0.0065699	0.0203033	0.000866466	0.00634516	0.00194835	0.0709988	0.0776166	0.0214603	0.00067001	0.00169871
31	0.151645	0.00996484	0.0191602	0.113399	0.0915536	0.0795966	0.0271521	0.068343	0.019603	0.0587586	0.0271414	0.0194005	0.0184011	0.0237857	0.0268153	0.0837764	0.031085	0.0979612	0.00802406	0.0244334
32	0.0965386	0.0147219	0.00457373	0.129857	0.0322708	0.00811099	0.0103725	0.0772419	0.00694371	0.181826	0.0526299	0.00634172	0.00268023	0.0793084	0.0260902	0.039255	0.0186393	0.161605	0.0167333	0.0342598
33	0.0678739	0.00283682	0.00539318	0.007542	0.0121837	0.010475	0.00720521	0.0357221	0.00689848	0.264291	0.239748	0.00653525	0.00386422	0.0106	0.00770818	0.0631432	0.202721	0.0371201	0.00297041	0.00516878
34	0.325948	0.0241114	0.00615799	0.00506166	0.00286896	0.512839	0.00457388	0.00332771	0.00519947	0.00807656	0.00675793	0.0149011	0.0044236	0.00575922	0.0112602	0.0325946	0.0122442	0.00831093	0.00141215	0.00417205
35	0.048027	0.00372769	0.00372781	0.0148184	0.00590751	0.00498483	0.0775878	0.00445652	0.165946	0.0127832	0.00575495	0.0111248	0.00302477	0.00866185	0.497334	0.027447	0.00742274	0.0295971	0.0587588	0.00890673
36	0.110925	0.0640517	0.0040287	0.00678657	0.00342082	0.0054865	0.00498203	0.0796939	0.00472053	0.0135628	0.00544063	0.027258	0.00326893	0.00586904	0.02183	0.364723	0.0795886	0.172701	0.0016578	0.0200039
37	0.185616	0.121689	0.00600435	0.00883799	0.00688441	0.0120433	0.00813088	0.0379051	0.00805887	0.0185028	0.00909971	0.0432302	0.00528909	0.00907398	0.0145098	0.167082	0.133032	0.19098	0.00257265	0.0114577
38	0.248658	0.0041735	0.0248424	0.00512589	0.00258859	0.0767946	0.0207271	0.00423675	0.00563465	0.00767471	0.00494237	0.124794	0.00318284	0.0476424	0.00592295	0.37992	0.0064631	0.0213367	0.00213163	0.00320797
39	0.186536	0.00717835	0.0219013	0.0313178	0.0181828	0.0333806	0.0191596	0.0206439	0.0218878	0.109795	0.102845	0.0219855	0.171012	0.0760722	0.0281762	0.0415379	0.033999	0.0317125	0.00938624	0.0132899
40	0.0392216	0.00458623	0.00404566	0.0303734	0.0258072	0.027325	0.00934465	0.0822442	0.0159973	0.052858	0.0361824	0.00524521	0.404849	0.00638903	0.0412229	0.0465858	0.0301277	0.101469	0.0146235	0.0215032
41	0.0627952	0.00158027	0.280625	0.179825	0.00259693	0.0302485	0.0260583	0.0070161	0.036532	0.0155841	0.00488591	0.117804	0.0210923	0.0844367	0.0405131	0.0397632	0.0331796	0.0066424	0.00332356	0.00549807
42	0.150596	0.0131105	0.00858523	0.0404241	0.0129392	0.0174736	0.00955238	0.100903	0.011647	0.0583205	0.0160108	0.0120178	0.009646	0.0129107	0.0147084	0.194148	0.178919	0.124304	0.00310103	0.0106839
43	0.0638531	0.00723357	0.0203645	0.0123424	0.0023811	0.715861	0.0136914	0.00269534	0.0154139	0.00605772	0.00911267	0.0488929	0.00365145	0.00843274	0.0144116	0.0371256	0.00748495	0.00637305	0.00127921	0.00334238
44	0.166013	0.0201335	0.062789	0.0357794	0.0122389	0.0343862	0.0226275	0.0200616	0.0314957	0.0340931	0.0218222	0.211072	0.0205046	0.0303803	0.0387518	0.061517	0.126832	0.0307718	0.00577316	0.0129573
45	0.0360341	0.00865988	0.00279776	0.00575016	0.0103732	0.00562481	0.00485081	0.283668	0.00573751	0.136428	0.233471	0.00445027	0.00260347	0.0538641	0.00565974	0.0120822	0.0385889	0.144272	0.00154065	0.00354433
46	0.050395	0.00282453	0.0795246	0.223276	0.00570507	0.0139882	0.0715141	0.0084125	0.096886	0.0301495	0.0207162	0.0261334	0.00610784	0.162709	0.0910665	0.0384085	0.0269006	0.018513	0.0164622	0.0103074
47	0.0192391	0.00545699	0.00146132	0.00430591	0.0170142	0.00499879	0.00532565	0.234506	0.00355641	0.319337	0.0754127	0.00236647	0.00325241	0.00621862	0.00505517	0.00492359	0.0639631	0.219512	0.000886631	0.00320826
48	0.00943592	0.00110683	0.00163735	0.00231955	0.123541	0.00177152	0.00401221	0.187431	0.00365819	0.558553	0.0453454	0.00269711	0.00247299	0.00673103	0.00313896	0.00323047	0.00446862	0.0187063	0.00182784	0.0179142
49	0.172932	0.00391823	0.0357474	0.121848	0.0457689	0.0100039	0.0709375	0.0353621	0.00962486	0.173789	0.0612932	0.00986456	0.00286481	0.0162377	0.0181106	0.0312036	0.0527421	0.0619103	0.0191097	0.0467318
50	0.0374519	0.0019534	0.00427489	0.068146	0.00345925	0.00546404	0.0591795	0.0054689	0.124724	0.0992583	0.134426	0.0231383	0.00260332	0.0832884	0.277967	0.0462282	0.00737881	0.00946816	0.00219709	0.00392418
51	0.0230544	0.0108499	0.00338502	0.00521057	0.346714	0.00380359	0.261773	0.00353567	0.0044276	0.0169731	0.0301581	0.0309082	0.00187974	0.00832559	0.0140312	0.00586014	0.0246315	0.0339958	0.00733551	0.163147
52	0.407542	0.0216469	0.00186553	0.00231814	0.00126714	0.494627	0.00196234	0.00184367	0.0021937	0.00408438	0.00296193	0.00597177	0.0012259	0.00250021	0.00923543	0.02188	0.0114595	0.00313215	0.000770545	0.00151163
53	0.00916401	0.00929662	0.0153083	0.001561	0.000929902	0.00573243	0.0013123	0.00117425	0.0154573	0.00677876	0.00106609	0.0477492	0.0050652	0.00624607	0.0062664	0.365911	0.498283	0.00145175	0.000470503	0.000775825
54	0.123747	0.00117244	0.139866	0.18314	0.0017813	0.00293999	0.00327869	0.00263108	0.0477403	0.0152995	0.00304678	0.0035104	0.321619	0.0593276	0.0142277	0.0458969	0.0141753	0.0135817	0.00124266	0.00177593
55	0.289057	0.000741263	0.0229544	0.420887	0.00126664	0.0104981	0.00335673	0.010235	0.0214829	0.0142068	0.00277301	0.010712	0.00940573	0.0869653	0.0114921	0.0321193	0.00438172	0.00299294	0.0263597	0.0181133
56	0.0180237	0.00271902	0.0588073	0.0104571	0.00464988	0.00579881	0.166599	0.0322369	0.0087756	0.138441	0.0343808	0.0374177	0.00314086	0.428105	0.00922962	0.0116448	0.0102659	0.00993307	0.00306929	0.00630401
57	0.00613426	0.000470086	0.00103913	0.0164314	0.00515249	0.0058184	0.00625385	0.00114979	0.561579	0.00654142	0.00145488	0.00175582	0.000747872	0.134223	0.211766	0.0165501	0.00397919	0.00346034	0.0146923	0.000801293
58	0.0821872	0.000273714	0.107715	0.262607	0.000408763	0.0153484	0.00161402	0.00383489	0.158391	0.0139084	0.00520041	0.0351829	0.0233941	0.0781326	0.0979553	0.0396803	0.0535095	0.0186679	0.00159282	0.000395542
59	0.0434486	0.000830064	0.015079	0.128133	0.00214701	0.0130952	0.00562418	0.0151379	0.223063	0.0436806	0.012374	0.00482275	0.00121113	0.193347	0.24011	0.0133422	0.0380287	0.00331325	0.00182373	0.0013886
60	0.00853652	0.00136426	0.00333618	0.00415284	0.227	0.0036547	0.00613727	0.00714917	0.00445169	0.0404112	0.00554777	0.00432555	0.00174983	0.00629068	0.0045573	0.00595626	0.0174607	0.0194618	0.320123	0.308333
61	0.011949	0.00272498	0.00153232	0.00261018	0.0253603	0.00176709	0.00286995	0.242187	0.00317002	0.523958	0.0411129	0.00207149	0.00205116	0.00516114	0.00258891	0.00339358	0.0104229	0.108693	0.00128224	0.00509371
62	0.0762948	0.000307693	0.106096	0.242453	0.000519046	0.0146394	0.00217981	0.00673625	0.180866	0.0215643	0.00678015	0.0334444	0.0219742	0.0739388	0.102042	0.0359791	0.0535973	0.0181813	0.00188585	0.000520365
63	0.0762833	0.00122302	0.131082	0.126932	0.00293344	0.0216358	0.00947767	0.00437197	0.0977535	0.0147338	0.00515974	0.0334039	0.332471	0.0370943	0.0293616	0.0295619	0.0312616	0.0100453	0.00218899	0.00302476
64	0.0353891	0.00563738	0.00354364	0.00894967	0.0451321	0.00901009	0.00931522	0.145486	0.00625207	0.42919	0.12228	0.00743163	0.00875505	0.0139474	0.00861907	0.0114523	0.0254124	0.0847192	0.00603711	0.013441
65	0.0353014	0.00409561	0.00164918	0.0036414	0.0159505	0.00236295	0.00516463	0.182463	0.00298017	0.314554	0.218102	0.00342954	0.0026093	0.0391156	0.00326857	0.00585538	0.0266109	0.123002	0.0011337	0.00871076
66	0.176266	0.00103448	0.206592	0.17185	0.00179602	0.00481881	0.00394972	0.012845	0.024469	0.0157268	0.00285209	0.150153	0.00139651	0.0665282	0.0667649	0.0630755	0.023245	0.00358267	0.00108436	0.0019691
67	0.423795	0.0866315	0.00389108	0.00360801	0.0038241	0.305762	0.00352842	0.00647018	0.00451099	0.0101685	0.0114251	0.0223797	0.00425679	0.00499709	0.00639694	0.0457978	0.0281481	0.0163416	0.00140564	0.00666138
68	0.0824292	0.000278517	0.107593	0.263796	0.000414771	0.015428	0.00155792	0.00376467	0.157547	0.0136895	0.00512039	0.0350992	0.0236048	0.0783355	0.0973802	0.0396859	0.0535942	0.0187377	0.00154596	0.000396938
69	0.0700629	0.0222565	0.00111534	0.00351855	0.0189663	0.00338302	0.00326901	0.311941	0.00290375	0.175682	0.147114	0.00540272	0.0016948	0.00629709	0.00477208	0.0200216	0.0451671	0.153287	0.000585744	0.00255929
70	0.0910257	0.0321716	0.017261	0.0770377	0.011527	0.0182667	0.0617878	0.00889816	0.109542	0.0208734	0.0152742	0.013733	0.00673649	0.0237337	0.317263	0.100397	0.0166954	0.0240243	0.0128527	0.0208995
71	0.109775	0.0445295	0.0209674	0.0176645	0.00786907	0.0428698	0.0171136	0.023474	0.0179913	0.0316184	0.0166461	0.0323887	0.0115009	0.0214524	0.0228612	0.379983	0.129896	0.0351778	0.0061793	0.0100416
72	0.358117	0.210352	0.00160999	0.0027925	0.00824001	0.210485	0.00261591	0.00227011	0.00275216	0.00496369	0.0385104	0.00391924	0.0159084	0.00285417	0.00317211	0.0636262	0.0129698	0.0283193	0.000940564	0.0255812
73	0.011582	0.00190585	0.00316485	0.00463687	0.278644	0.00473132	0.00688409	0.00783068	0.00429348	0.0753868	0.0133451	0.00584096	0.00187933	0.00643752	0.00483719	0.00632715	0.0161321	0.0179795	0.223857	0.304304
74	0.34074	0.0586126	0.00368639	0.00344095	0.00187659	0.0427057	0.00653856	0.00893891	0.00221133	0.10217	0.0369838	0.00199238	0.00165542	0.0066536	0.0067603	0.262411	0.0446122	0.0495465	0.0130235	0.00543983
75	0.141471	0.015677	0.00620071	0.0190399	0.0157668	0.024668	0.0133248	0.129141	0.0148076	0.105683	0.149551	0.0124307	0.00904498	0.0426968	0.0162796	0.0412617	0.0439873	0.18337	0.00454012	0.011058
76	0.119936	0.0389483	0.0118654	0.00811471	0.00436348	0.0179053	0.00905944	0.0260317	0.0110419	0.0250543	0.00969591	0.0241969	0.0109026	0.0114665	0.012658	0.339227	0.281929	0.027224	0.00368749	0.00669218
77	0.101218	0.00509201	0.0926195	0.343916	0.00825505	0.0184345	0.0277339	0.0161095	0.0549783	0.0341297	0.0157349	0.0256882	0.0174817	0.0658663	0.0454628	0.0404459	0.0332612	0.0278035	0.0132852	0.0124832
78	0.0273896	0.00444807	0.00479823	0.0298245	0.0222667	0.0204808	0.0121969	0.0369736	0.0502814	0.0384368	0.0265138	0.00689252	0.334883	0.00856915	0.153268	0.0531171	0.0233671	0.0939333	0.0134533	0.0389054
79	0.153408	0.000743261	0.348446	0.214043	0.00778848	0.0409774	0.0270148	0.00777232	0.0324608	0.0201361	0.00211998	0.0257988	0.000868083	0.0605235	0.030978	0.00653312	0.00702551	0.00251048	0.00187887	0.00897298
80	0.118399	0.0100192	0.00530863	0.0266312	0.00843787	0.0418699	0.0263546	0.095722	0.0306683	0.0983274	0.0941636	0.0138058	0.00250866	0.0821773	0.0330129	0.0336023	0.0671182	0.199543	0.00211914	0.010211
81	0.338042	0.00317482	0.00825241	0.0109128	0.00475564	0.0810635	0.0338046	0.0152778	0.00785583	0.019739	0.00988028	0.0125672	0.211825	0.0104658	0.0109204	0.14799	0.034241	0.0313173	0.00286414	0.0050497
82	0.089668	0.0106063	0.0206032	0.0139825	0.00262973	0.62561	0.0144777	0.00476625	0.0159727	0.00698772	0.0100203	0.051521	0.00525667	0.00936007	0.0151298	0.0806938	0.00993304	0.00690713	0.00161807	0.00425581
83	0.28042	0.0107115	0.0156651	0.0255624	0.00626982	0.0477863	0.021452	0.0218459	0.0124633	0.029074	0.0148338	0.0199224	0.159707	0.0170948	0.0211971	0.188636	0.0485513	0.0456357	0.00429204	0.00888027
84	0.0287398	0.00196064	0.341029	0.041952	0.00246497	0.0397971	0.0266992	0.00682963	0.0311767	0.0101497	0.00420345	0.328619	0.0194747	0.0180438	0.0280115	0.0280311	0.0323825	0.00537392	0.00183664	0.00322452
85	0.315464	0.00401706	0.00953361	0.0127872	0.00578387	0.0748882	0.0255528	0.0180358	0.0102322	0.022154	0.0119507	0.0135174	0.233609	0.011323	0.0134306	0.131446	0.0379785	0.039102	0.00364939	0.00554434
86	0.0217353	0.00330347	0.00801921	0.0139916	0.00640762	0.00925656	0.0127541	0.0120319	0.194487	0.137726	0.00826191	0.0435852	0.00672021	0.0139831	0.267843	0.0478688	0.0989665	0.0503229	0.0040256	0.0387093
87	0.103891	0.00612145	0.0249449	0.030927	0.0327905	0.017417	0.0998008	0.0185113	0.0227782	0.0442006	0.0925919	0.132271	0.0115676	0.160876	0.0298422	0.0321072	0.0251033	0.0246209	0.0715561	0.0180818
88	0.00951447	0.0150115	0.00041072	0.000746555	0.0149958	0.000627861	0.000486759	0.31742	0.00384094	0.159307	0.0312989	0.000457487	0.00107399	0.0022649	0.00140468	0.0042035	0.0132716	0.418517	0.000215605	0.00493105
89	0.00987445	0.000643146	0.301861	0.36278	0.00117122	0.00225965	0.0719028	0.00163841	0.0324324	0.003126	0.00217324	0.0364835	0.0011783	0.0352072	0.0234362	0.0447678	0.0511549	0.0021563	0.00141797	0.0143355
90	0.0198852	0.00390308	0.00701339	0.0109152	0.0202832	0.00879017	0.00806971	0.108888	0.0104569	0.152947	0.0735216	0.00899421	0.00501811	0.0103393	0.0111906	0.0151224	0.0144457	0.0520892	0.345873	0.112255
91	0.0451175	0.00457882	0.00854763	0.0310268	0.0049266	0.0117497	0.00869484	0.259099	0.0197125	0.0262526	0.0161051	0.00808577	0.00369477	0.00765442	0.032994	0.0831901	0.204982	0.216829	0.0025347	0.00422326
92	0.00631837	0.000426954	0.000728184	0.00108577	0.000967478	0.00100595	0.00107774	0.254235	0.00143591	0.605495	0.0147696	0.000993318	0.000919306	0.00129828	0.00155129	0.00166058	0.00169211	0.103127	0.000493318	0.000718907
93	0.0127322	0.00172027	0.200786	0.00741759	0.00287291	0.0277559	0.0107126	0.00549818	0.0168172	0.00748463	0.00446067	0.526092	0.00263022	0.00598243	0.00789705	0.0510452	0.0967237	0.00613498	0.00167325	0.00356368
94	0.403421	0.0271777	0.00272505	0.00405132	0.00195263	0.464363	0.00263937	0.00288133	0.00384135	0.00605753	0.0056855	0.00718347	0.00374482	0.00434136	0.00936246	0.0266469	0.0129908	0.00721429	0.000939733	0.00278039
95	0.0152035	0.00287854	0.0283892	0.0566704	0.00395608	0.00618499	0.251283	0.00588189	0.110545	0.0338415	0.00560564	0.00525112	0.00288779	0.0545986	0.200624	0.0775211	0.0987666	0.032395	0.00303016	0.00448577
96	0.0362438	0.00140281	0.0144964	0.0402556	0.00557174	0.0164381	0.0110979	0.00839007	0.45649	0.0212589	0.00859101	0.00961772	0.00903531	0.0958271	0.193053	0.0259006	0.0170111	0.0135214	0.0115638	0.0042333
97	0.0125522	0.00227729	0.00329435	0.00469033	0.235699	0.00447187	0.0079471	0.00735898	0.00422433	0.0470213	0.00845577	0.0049119	0.00206584	0.0077456	0.00474817	0.006163	0.0206056	0.0188185	0.310556	0.286392
98	0.0083124	0.00141995	0.00303457	0.00408791	0.248019	0.00342778	0.00603753	0.00537545	0.00413269	0.0445136	0.00482706	0.00424226	0.00167619	0.00612253	0.00441867	0.00572432	0.0171797	0.0174773	0.303997	0.305974
99	0.0795121	0.0037911	0.00456788	0.00979178	0.00313655	0.0239826	0.00478962	0.22291	0.00519742	0.0128258	0.00466071	0.00581251	0.0028252	0.00612907	0.0112003	0.224207	0.303814	0.064724	0.00221392	0.00390835
100	0.00916401	0.00929662	0.0153083	0.001561	0.000929902	0.00573243	0.0013123	0.00117425	0.0154573	0.00677876	0.00106609	0.0477492	0.0050652	0.00624607	0.0062664	0.365911	0.498283	0.00145175	0.000470503	0.000775825
101	0.114304	0.0219274	0.0637602	0.0104271	0.00311712	0.388886	0.0223718	0.00687374	0.0130353	0.0102651	0.0116341	0.137652	0.00515488	0.0162468	0.0113626	0.133846	0.0119688	0.0105148	0.00228588	0.0043673
102	0.144173	0.012424	0.00327801	0.0182811	0.0106371	0.0479528	0.0112033	0.187387	0.0143605	0.170433	0.0295434	0.00559685	0.00412633	0.0123331	0.00959188	0.0103545	0.0584283	0.244553	0.00153135	0.00381154
103	0.0952874	0.0430489	0.00431046	0.0252129	0.0568092	0.0815895	0.00676317	0.00848156	0.00683097	0.232834	0.224742	0.0398431	0.0472751	0.00872805	0.00857838	0.0297329	0.036029	0.0092344	0.0265929	0.00807624
104	0.0225726	0.00275569	0.416869	0.0229428	0.00426617	0.0214079	0.0800847	0.0106591	0.0176015	0.011788	0.00729915	0.236463	0.0101521	0.0146331	0.0648467	0.0211964	0.0185004	0.00871119	0.00240046	0.00484936
105	0.0839201	0.000283786	0.107888	0.259435	0.000422745	0.0150747	0.00172902	0.00368282	0.156606	0.0134984	0.00506601	0.034454	0.0319303	0.077599	0.0958446	0.0402299	0.0519994	0.0183101	0.00159135	0.000433847
106	0.0582049	0.00124689	0.324582	0.0883361	0.0018256	0.0650103	0.00718339	0.00339776	0.0638371	0.0192168	0.00467474	0.182737	0.0631212	0.00648526	0.0536625	0.00681365	0.0426981	0.00358122	0.00127508	0.00211003
107	0.537227	0.12779	0.00245459	0.00359673	0.00530208	0.0142856	0.00324053	0.0219775	0.00712849	0.023325	0.00760551	0.037135	0.00161915	0.00709889	0.00341492	0.0686043	0.0987674	0.0252483	0.00123262	0.0029468
108	0.187064	0.000992408	0.0544686	0.173817	0.000870073	0.0192819	0.0192965	0.00127525	0.267858	0.00764894	0.00653881	0.00299362	0.000834074	0.0461897	0.106825	0.0789762	0.0168758	0.0017303	0.0012414	0.00522257
109	0.00894036	0.0150326	0.000405354	0.000658899	0.0151784	0.00051388	0.000460318	0.317649	0.00384813	0.158236	0.0303297	0.000431173	0.00101283	0.00229925	0.00129616	0.00404731	0.0131253	0.42134	0.000204854	0.00499134
110	0.167233	0.037462	0.00343035	0.00755487	0.129486	0.030778	0.0206635	0.049511	0.00307498	0.163995	0.107242	0.00720679	0.00194563	0.0043131	0.00393917	0.0258481	0.0400635	0.0534031	0.0506486	0.0922021
111	0.00814378	0.00357693	0.000626099	0.0020225	0.0114121	0.000892828	0.00247069	0.270983	0.00182375	0.426695	0.0561614	0.00135555	0.002185	0.00334056	0.00269346	0.00205266	0.0187516	0.182343	0.000513166	0.0019576
112	0.0109526	0.016278	0.000751026	0.00167175	0.0168084	0.00134369	0.000877564	0.29051	0.00410003	0.159371	0.0281952	0.00098989	0.00134005	0.00271468	0.00183948	0.00412271	0.0152599	0.437548	0.000403025	0.00492292
113	0.0205232	0.00313795	0.00104451	0.00346677	0.0252818	0.00232025	0.00600089	0.190219	0.00321755	0.47024	0.101379	0.00314808	0.00348749	0.00902873	0.00369032	0.00419632	0.023433	0.11813	0.0016579	0.006397
114	0.466597	0.172942	0.00160984	0.00232287	0.00601734	0.122855	0.00211721	0.0101409	0.00411094	0.0103094	0.0192207	0.0126832	0.00710675	0.00424688	0.00300423	0.058671	0.0514641	0.0307083	0.00117117	0.0127012
115	0.0462132	0.0305464	0.00691054	0.0114818	0.00455451	0.00839983	0.0387376	0.0372982	0.126294	0.0760142	0.00900015	0.0078195	0.00462505	0.0680181	0.310889	0.0147362	0.0130729	0.174877	0.00400438	0.00650712
116	0.0867629	0.000885181	0.0235481	0.0688089	0.00867889	0.0403112	0.011829	0.00278482	0.15123	0.0283523	0.00423235	0.0225828	0.00143451	0.173518	0.276608	0.0656319	0.0149444	0.0113797	0.00494435	0.0015333
117	0.0517755	0.00181964	0.00951034	0.0287042	0.00526868	0.0335494	0.00988989	0.00547482	0.111101	0.0176765	0.0054319	0.047214	0.00587269	0.20372	0.402123	0.029865	0.0126393	0.00997307	0.00507174	0.00331873
118	0.0626864	0.00459149	0.0108861	0.0118198	0.0441071	0.00991033	0.527336	0.00927728	0.0116687	0.0168788	0.0480379	0.0106508	0.00550478	0.126861	0.0129798	0.0143933	0.0477998	0.0126395	0.00468616	0.00728518
119	0.0151473	0.0126059	0.0146688	0.00201308	0.00192076	0.005876	0.00301198	0.00336583	0.0145182	0.00845832	0.0013147	0.0441275	0.00492892	0.007002	0.00659546	0.355161	0.494094	0.00261626	0.000581625	0.00199207
120	0.0278173	0.00284846	0.00453383	0.00760654	0.00447164	0.00635318	0.00528652	0.187758	0.00656788	0.113531	0.318836	0.00552053	0.00272004	0.143211	0.00676322	0.0104437	0.0192216	0.118406	0.00199476	0.00610953
121	0.00891687	0.0149572	0.000402468	0.000658256	0.0151449	0.00051634	0.000461946	0.317567	0.00384381	0.158405	0.0306207	0.00043408	0.00103276	0.00227465	0.00130793	0.00402862	0.0131047	0.421131	0.000206466	0.00498619
122	0.00630867	0.000412275	0.000730367	0.00108448	0.000941458	0.00100231	0.00107571	0.254156	0.001433	0.60637	0.0146095	0.00099165	0.000911709	0.00130356	0.00154346	0.00165774	0.00156902	0.102688	0.000493125	0.000717955
123	0.0111648	0.0159405	0.000441713	0.000791517	0.0150086	0.000663081	0.0004978	0.317512	0.00383421	0.157307	0.0331742	0.000557011	0.00101034	0.00230357	0.00154019	0.00466655	0.0137638	0.414757	0.000216149	0.00485029
124	0.0492639	0.00133647	0.309536	0.110983	0.00191388	0.0491857	0.0115603	0.00348352	0.0554876	0.0148046	0.00364919	0.139015	0.123772	0.0277228	0.0331724	0.0170769	0.0387769	0.00496308	0.00173815	0.00255785
125	0.0560821	0.00123097	0.340103	0.0852429	0.00162674	0.0598732	0.00597806	0.00326432	0.0653601	0.0161726	0.00385662	0.183251	0.0725121	0.00558522	0.0433095	0.00630331	0.043723	0.00347341	0.00112989	0.00192162
126	0.213735	0.00360961	0.00236458	0.00326011	0.00437888	0.00311451	0.0283879	0.00262409	0.00320137	0.0390231	0.00297778	0.0135631	0.0118443	0.0271944	0.00367424	0.0502683	0.565606	0.00374574	0.00135604	0.016071
127	0.0418485	0.00202708	0.0442098	0.0270892	0.00292413	0.0392946	0.0203079	0.00389787	0.166528	0.007519	0.00477286	0.0223443	0.528234	0.00595296	0.0242004	0.00744415	0.0412221	0.00536677	0.00160211	0.00321399
128	0.0574775	0.00388387	0.0311661	0.0441377	0.00541605	0.379385	0.0161404	0.00767137	0.106385	0.0200085	0.0162983	0.036213	0.00985839	0.0679929	0.073691	0.0767804	0.0219107	0.0151879	0.00337974	0.00701572
129	0.00894954	0.0150354	0.000407089	0.000656323	0.0151673	0.000514051	0.000461005	0.317677	0.00384939	0.15801	0.0302983	0.000431174	0.00101167	0.00230124	0.00129345	0.00404097	0.0131224	0.421575	0.000204826	0.00499454
130	0.00723936	0.00116415	0.0144859	0.157049	0.00196127	0.00317547	0.0032274	0.0247282	0.0581146	0.00527447	0.00300832	0.0973847	0.00162365	0.0628142	0.153678	0.0495259	0.324308	0.0277412	0.00125798	0.00223821
131	0.00908231	0.01505	0.000426785	0.000735937	0.0150797	0.000624574	0.000493042	0.318293	0.00399044	0.157111	0.0303167	0.000436581	0.00100682	0.0023829	0.00128828	0.00407102	0.0131509	0.421125	0.000209498	0.00512464
132	0.00748482	0.0014179	0.0140063	0.14216	0.00193883	0.0150855	0.0283006	0.0707801	0.0975796	0.105612	0.0147865	0.0140762	0.00172203	0.0388664	0.0546023	0.00494891	0.00499638	0.378229	0.00127287	0.00213427
133	0.0546395	0.0037496	0.0338835	0.0445251	0.010102	0.0777328	0.0178187	0.0168278	0.132921	0.0288356	0.0151317	0.0337954	0.122181	0.0466174	0.242788	0.0382835	0.0315381	0.0277231	0.00616792	0.0147383
134	0.141332	0.00301849	0.0935228	0.00930141	0.0032682	0.0498921	0.0774011	0.00676094	0.00766805	0.0313403	0.0844701	0.166062	0.11542	0.0303346	0.00738094	0.0885312	0.0510305	0.0266432	0.00245044	0.00417165
135	0.0223916	0.00402919	0.00107713	0.00333957	0.0200774	0.00127133	0.00536567	0.199443	0.00221582	0.353018	0.17462	0.00262812	0.00290668	0.0230448	0.0027547	0.00378348	0.0361758	0.135819	0.000712501	0.00532552
136	0.0335966	0.0011636	0.0621818	0.0486722	0.00243909	0.0209074	0.0594788	0.00292981	0.0402264	0.0223499	0.0161258	0.0501778	0.200513	0.064142	0.0282132	0.142359	0.183534	0.00475203	0.00139298	0.0148443
137	0.117311	0.010852	0.00327647	0.0160494	0.00901596	0.0405159	0.0205645	0.191676	0.0148895	0.135673	0.0450619	0.00397104	0.00319984	0.0162018	0.0114007	0.0146782	0.092585	0.248503	0.00136266	0.00321295
138	0.048275	0.0155555	0.00338907	0.00602729	0.190556	0.0269233	0.012695	0.035522	0.00476867	0.163307	0.17473	0.0224553	0.00450012	0.00599717	0.00659818	0.0101416	0.0180103	0.0491432	0.0379763	0.163429
139	0.0123898	0.00334492	0.024874	0.0147556	0.00146913	0.757106	0.0161957	0.00204294	0.0174049	0.00336117	0.00917571	0.0673366	0.00157795	0.00463392	0.0126873	0.0424405	0.00420021	0.00255509	0.000820479	0.0016276
140	0.0752019	0.00195581	0.0784944	0.0611361	0.256223	0.00429148	0.153874	0.00659302	0.0251206	0.0113856	0.00549688	0.0120442	0.0192371	0.0479918	0.0247133	0.0274648	0.00769328	0.00607584	0.0679269	0.10708
141	0.0724281	0.00252997	0.0876186	0.0669588	0.0432882	0.0475497	0.0928237	0.0482131	0.0312886	0.0926138	0.0249762	0.0476564	0.015355	0.0433075	0.0503037	0.0351603	0.0471431	0.0671616	0.00763959	0.075984
142	0.0718682	0.00645934	0.142715	0.0140007	0.00857677	0.126643	0.203409	0.0485554	0.0119714	0.0193868	0.0148079	0.104808	0.0117029	0.0154573	0.0152827	0.101811	0.0544413	0.014194	0.00410778	0.00980182
143	0.197528	0.0032738	0.0109717	0.0828949	0.00932652	0.0489009	0.0448151	0.030664	0.0200026	0.0125472	0.0167333	0.0430602	0.0375144	0.0425061	0.148054	0.160646	0.0311896	0.0350128	0.00294093	0.0214187
144	0.0262907	0.00146541	0.149355	0.103748	0.00204542	0.0620185	0.0515916	0.00383802	0.0237084	0.0291678	0.00879921	0.0505816	0.129851	0.122241	0.0188705	0.107317	0.0925432	0.00542255	0.00427005	0.00687487
145	0.126337	0.0017133	0.061145	0.103727	0.00378329	0.0807714	0.0150729	0.00573835	0.217064	0.0182212	0.0107579	0.0239744	0.00616193	0.0585633	0.149587	0.0720713	0.0270575	0.00828561	0.0043592	0.00560812
146	0.118062	0.00746981	0.0336388	0.0830196	0.0988164	0.0200811	0.109004	0.0302213	0.0191193	0.110835	0.0383168	0.0194122	0.012435	0.0287994	0.0329782	0.0576478	0.0353854	0.0483282	0.0186134	0.077816
147	0.323757	0.206	0.00177487	0.00308006	0.0113153	0.222553	0.00279361	0.00241118	0.00275477	0.00480356	0.0505757	0.00358739	0.0208543	0.00322266	0.0036163	0.0645951	0.010963	0.0282429	0.000993035	0.0321063
148	0.0263351	0.00363068	0.0675151	0.320278	0.00690352	0.0121745	0.0968444	0.0096204	0.0241089	0.0236291	0.0437654	0.0136807	0.00427487	0.141325	0.0628052	0.0200079	0.0186942	0.0775327	0.0169466	0.00992739
149	0.00870009	0.014491	0.000400589	0.000671022	0.0148152	0.000526938	0.000471752	0.317893	0.00376654	0.161836	0.032015	0.000428797	0.0011675	0.00226854	0.00146161	0.00394347	0.0134399	0.416521	0.000203755	0.00497858
150	0.0340195	0.00114014	0.0511026	0.0416345	0.0035979	0.0161667	0.0301271	0.0845084	0.0620357	0.162617	0.00496854	0.0155999	0.0016102	0.0385468	0.0733253	0.0889219	0.106746	0.155066	0.0135146	0.0147521
151	0.0166088	0.00307332	0.00589507	0.00806469	0.339702	0.00850964	0.00895113	0.00909545	0.00767426	0.250104	0.0268031	0.0104637	0.00347346	0.00871993	0.0084376	0.0103647	0.0111165	0.0132142	0.0188372	0.230891
152	0.0137549	0.000901839	0.287026	0.293834	0.00115962	0.00210631	0.0464428	0.00176794	0.0824535	0.00349399	0.00223811	0.0539805	0.00172973	0.0320109	0.0237239	0.0415336	0.102321	0.00235656	0.000916919	0.00624702
153	0.00602472	0.000952897	0.245345	0.00318043	0.00146456	0.0585351	0.0170431	0.00317816	0.0300959	0.00428371	0.00256077	0.55766	0.0013245	0.00364199	0.00556529	0.0312009	0.0218435	0.00342448	0.000894793	0.00178107
154	0.321735	0.167228	0.00425676	0.00652804	0.0125761	0.117735	0.00680475	0.0116903	0.00646327	0.0203128	0.0284901	0.00997809	0.0108981	0.00656927	0.0066512	0.0666743	0.0409605	0.112611	0.00440829	0.0374289
155	0.0167388	0.00429929	0.000564741	0.0036224	0.0257217	0.000793771	0.00644425	0.214761	0.00192678	0.387907	0.124169	0.00259369	0.00339566	0.00877183	0.00291893	0.00198103	0.0360627	0.152607	0.000652224	0.00406772
156	0.00630867	0.000412275	0.000730367	0.00108448	0.000941458	0.00100231	0.00107571	0.254156	0.001433	0.60637	0.0146095	0.00099165	0.000911709	0.00130356	0.00154346	0.00165774	0.00156902	0.102688	0.000493125	0.000717955
157	0.206774	0.00258594	0.0257128	0.00995775	0.0285605	0.270859	0.0276622	0.00745389	0.0286086	0.156728	0.0350809	0.0122663	0.00490001	0.00981669	0.00674311	0.0104036	0.0132656	0.0886954	0.0246354	0.0292907
158	0.0849952	0.000332421	0.105888	0.264786	0.000643824	0.0164872	0.00181772	0.0038283	0.154034	0.0136607	0.00544976	0.0348977	0.0245617	0.0792443	0.0967106	0.0393943	0.0523018	0.0184631	0.00177018	0.00073262
159	0.0359452	0.00398268	0.00366348	0.0585328	0.0328418	0.0201993	0.00871291	0.0419525	0.0297814	0.0487775	0.0401432	0.00462311	0.368338	0.00592621	0.0992499	0.048358	0.0292546	0.0755275	0.0234019	0.0207883
160	0.0229269	0.00388592	0.0243281	0.01292	0.0016712	0.752361	0.015372	0.0019085	0.0171609	0.00385024	0.00887137	0.064673	0.00167051	0.00477589	0.0123839	0.0406942	0.00479777	0.00304417	0.000919309	0.00178501
161	0.17679	0.00100899	0.0532117	0.172332	0.00109967	0.0209087	0.021152	0.00137224	0.25615	0.00874394	0.00795036	0.00429998	0.000969353	0.0518056	0.113217	0.0795238	0.0195274	0.00213924	0.00173677	0.00606137
162	0.38289	0.029608	0.00338334	0.005599	0.00223129	0.465616	0.00371764	0.00323	0.0043335	0.00701561	0.00628577	0.00797159	0.00529738	0.00494698	0.00985951	0.031689	0.0130263	0.0079754	0.00118078	0.00414224
163	0.0298138	0.00851211	0.00895682	0.0116356	0.276636	0.00829798	0.180617	0.00933108	0.0104288	0.0676108	0.0446599	0.0614746	0.00360682	0.0143316	0.0169789	0.0125611	0.0422999	0.0334624	0.0128537	0.145931
164	0.206073	0.00229343	0.00397809	0.146896	0.00363004	0.00786552	0.0133202	0.00799108	0.0424584	0.0788865	0.0995427	0.00695817	0.00261728	0.133077	0.157187	0.0371712	0.0101563	0.0269808	0.00212913	0.0107876
165	0.0503833	0.0178813	0.00109204	0.00255899	0.0138418	0.0019839	0.00277886	0.337692	0.00218447	0.171143	0.172108	0.00453378	0.00171411	0.0111977	0.00412647	0.0151675	0.0318083	0.155044	0.000493734	0.00226684
166	0.293986	0.0284069	0.00521342	0.0079808	0.00972614	0.0224402	0.0059803	0.0694449	0.00528848	0.10188	0.0355775	0.00811929	0.00679445	0.00786832	0.00854474	0.231338	0.0242887	0.114883	0.00534216	0.00689634
167	0.0582969	0.00766578	0.0355549	0.0494437	0.0108551	0.0248556	0.0533535	0.020875	0.054459	0.0556479	0.0269759	0.0309917	0.0145073	0.373739	0.0714582	0.0374941	0.031269	0.0228686	0.00782471	0.0118645
168	0.247595	0.0114553	0.0652324	0.0444334	0.00614553	0.0854653	0.0124295	0.0134097	0.011725	0.0645564	0.0728117	0.0151701	0.00665838	0.0146111	0.0113009	0.206358	0.0470396	0.0510241	0.00495456	0.00762401
169	0.027192	0.00318481	0.00920376	0.0283745	0.00649343	0.00925154	0.0221566	0.00718509	0.237591	0.0250673	0.00673689	0.0117907	0.00614872	0.0460995	0.472753	0.0209416	0.0134411	0.0249923	0.0103589	0.0110366
170	0.0747054	0.0117079	0.0213186	0.033425	0.0151542	0.0232906	0.025986	0.0278813	0.0351876	0.189199	0.0391538	0.0215968	0.0191419	0.0973899	0.0390018	0.11677	0.130796	0.0523285	0.00929957	0.0166651
171	0.0587431	0.00857671	0.0215761	0.0215032	0.00816909	0.467493	0.0227792	0.0111373	0.0252798	0.0167924	0.0141123	0.0437144	0.0133875	0.0198637	0.0621992	0.133447	0.0208825	0.0146528	0.00431289	0.0113781
172	0.040038	0.00629446	0.00581852	0.0514749	0.0256959	0.0505695	0.0136363	0.079803	0.0173089	0.074487	0.037384	0.00621091	0.339134	0.0104337	0.038586	0.0407909	0.0266516	0.101081	0.0126231	0.0219783
173	0.225109	0.0312572	0.0115342	0.021431	0.0122797	0.22305	0.0160324	0.0295824	0.0187686	0.0469981	0.0313518	0.0165538	0.0210836	0.0250815	0.0202233	0.0489266	0.0780703	0.102772	0.00545095	0.0144434
174	0.0677637	0.00157565	0.0155062	0.0355935	0.00458758	0.0461146	0.0129617	0.0057484	0.299892	0.02016	0.00966049	0.0159921	0.00754179	0.0752371	0.296097	0.0398869	0.0192033	0.0138608	0.0073014	0.00531589
175	0.00969535	0.00987639	0.000471248	0.00168489	0.0148778	0.000914311	0.00189462	0.292609	0.00292264	0.255201	0.0540921	0.000930928	0.00223479	0.00345473	0.0025246	0.00323014	0.020166	0.319225	0.00033065	0.00366357
176	0.0259724	0.0101704	0.00954749	0.00961122	0.316504	0.00502986	0.2431	0.00483467	0.00692226	0.0264322	0.0328694	0.0326546	0.00360039	0.0114291	0.0151094	0.0094685	0.0498098	0.0287402	0.0105804	0.147614
177	0.0524424	0.0029509	0.104543	0.0465859	0.0564457	0.0168239	0.170747	0.0151674	0.0316445	0.0341387	0.0178798	0.0663762	0.0115842	0.17808	0.0361635	0.0387873	0.0212319	0.0158474	0.0193847	0.0631756
178	0.513895	0.154692	0.00167559	0.00247553	0.00544645	0.0814849	0.00224377	0.0149529	0.00483134	0.0147084	0.0150926	0.0154392	0.00492213	0.00520329	0.00260923	0.0696009	0.0552001	0.0250207	0.0017467	0.00875859
179	0.0545978	0.00852653	0.00477477	0.0104072	0.0409744	0.0148683	0.0100563	0.112641	0.00759953	0.328565	0.202157	0.0092126	0.0118909	0.0229199	0.0100526	0.0179331	0.0401739	0.0729995	0.00611064	0.013538
180	0.0450807	0.00392685	0.0202562	0.0332334	0.00749089	0.0137202	0.0363169	0.00750395	0.20637	0.0233803	0.010281	0.0416809	0.00788562	0.0491794	0.367277	0.0306324	0.0185355	0.021064	0.0470394	0.00914531
181	0.302979	0.0652743	0.00275012	0.00323085	0.00263294	0.0340473	0.00767484	0.00406423	0.00260538	0.112266	0.0365522	0.0028158	0.00155732	0.011261	0.00710136	0.255765	0.088183	0.0313025	0.0177093	0.0102281
182	0.016491	0.0177244	0.000661308	0.00170551	0.014868	0.00124057	0.000681736	0.312783	0.00397455	0.164421	0.0360139	0.000911439	0.0011154	0.00262926	0.00225986	0.0071777	0.0156091	0.394867	0.000314103	0.00455093
183	0.0588363	0.00592303	0.0224852	0.013808	0.00243188	0.715025	0.0136807	0.00355288	0.016088	0.00535785	0.00910027	0.0517975	0.00416434	0.0080023	0.014259	0.0399935	0.00638292	0.00492513	0.00113652	0.00304949
184	0.206159	0.0146193	0.00191078	0.00773462	0.00151593	0.0352041	0.00892781	0.0459903	0.0277612	0.0852949	0.185557	0.0146841	0.00130751	0.12393	0.0195259	0.0622578	0.0527747	0.102175	0.00100829	0.00166191
185	0.370637	0.190944	0.00163964	0.00272246	0.00781145	0.229168	0.00251944	0.00222554	0.0025408	0.0049267	0.0367507	0.00388551	0.014416	0.002769	0.00377205	0.061486	0.012217	0.0252044	0.000888469	0.0234757
186	0.0837014	0.003614	0.0374239	0.304362	0.00493652	0.0176275	0.0540517	0.00912487	0.0541322	0.0198697	0.0124497	0.0139678	0.00653554	0.142989	0.0262287	0.0957891	0.0458174	0.0115329	0.0479936	0.00785188
187	0.0356328	0.00400339	0.0024152	0.0506836	0.0196505	0.00314563	0.0284658	0.0029067	0.105196	0.0170415	0.0133486	0.0136005	0.00308385	0.00445278	0.57448	0.0303177	0.00483564	0.0444838	0.00676045	0.0354958
188	0.380191	0.075723	0.00288459	0.00283367	0.00218295	0.0292944	0.00575508	0.0120191	0.00270021	0.0527968	0.0220998	0.0064335	0.0012233	0.00593855	0.00734459	0.274022	0.062683	0.0386628	0.0103038	0.00490803
189	0.00994977	0.00130352	0.00178422	0.00268921	0.132305	0.00187522	0.00451727	0.228782	0.00377169	0.476713	0.0585138	0.00302644	0.00226177	0.00925477	0.00300197	0.00322559	0.00533084	0.024673	0.00197702	0.0250441
190	0.120381	0.000968408	0.291892	0.221797	0.00353868	0.0328246	0.0147743	0.00799928	0.0600178	0.0321275	0.00686757	0.041581	0.0110912	0.0301037	0.0510526	0.0215255	0.0362165	0.00465024	0.00437048	0.00622
191	0.0970349	0.00626141	0.0171851	0.0517153	0.0307855	0.0157573	0.0378839	0.059476	0.0396988	0.297701	0.0984288	0.0231859	0.00399065	0.0302242	0.0712136	0.0275226	0.0184598	0.0151138	0.0215307	0.0368312
192	0.140011	0.0108839	0.00374894	0.00832131	0.0504114	0.0280005	0.00506297	0.00867471	0.00507014	0.295272	0.271509	0.0105411	0.0141822	0.00634889	0.00585402	0.0358636	0.0793121	0.0096997	0.00762313	0.00361043
