252	20
1	0.0129371	0.00286948	0.0336802	0.0353401	0.00263459	0.0367121	0.0123844	0.00236291	0.280125	0.00575311	0.00686361	0.0546945	0.0134628	0.109998	0.330518	0.0413297	0.0140975	0.0027971	0.000658941	0.000781246
2	0.00920308	0.00176064	0.0016202	0.00326611	0.0176293	0.00747901	0.00175919	0.0378296	0.00100041	0.675941	0.153073	0.00198514	0.00362991	0.00479815	0.00296136	0.00571778	0.00770993	0.0507809	0.0017664	0.0100888
3	0.0846863	0.00536212	0.0513767	0.0391325	0.00880399	0.180329	0.00554385	0.00542334	0.0593445	0.0136391	0.00280558	0.0498921	0.0745644	0.0216361	0.0261189	0.320264	0.0392512	0.00777072	0.000693713	0.00336209
4	0.0265027	0.00730524	0.000507639	0.000845905	0.513055	0.00198378	0.000945553	0.0292175	0.000613852	0.172862	0.0268968	0.00152685	0.0130895	0.00083227	0.00700304	0.0035592	0.0473577	0.0595231	0.0484196	0.0379524
5	0.0206987	0.00112592	0.00128165	0.00192908	0.0553868	0.0156827	0.00185868	0.127866	0.000367828	0.555054	0.0436775	0.00102418	0.00800831	0.00364345	0.00153788	0.00812625	0.0139279	0.131338	0.0012279	0.00623675
6	0.0510783	0.00354568	0.222867	0.186131	0.00642522	0.0714932	0.020324	0.00536567	0.0402642	0.0138369	0.00591116	0.100744	0.016776	0.0583101	0.0228566	0.127137	0.0309149	0.0089219	0.000848708	0.00624839
7	0.0323564	0.0007135	0.0112022	0.0404857	0.0110208	0.0180331	0.023034	0.0169253	0.321067	0.0247087	0.00855828	0.0368284	0.00559386	0.0647572	0.24666	0.0281742	0.0463656	0.0288821	0.0149411	0.0196922
8	0.00847755	0.00768151	0.000467572	0.000712596	0.456311	0.00154016	0.000627882	0.00448498	0.000508112	0.0933301	0.0127088	0.00722284	0.000559604	0.000716587	0.000503588	0.0069006	0.00197998	0.0182782	0.0363051	0.340683
9	0.0326755	0.0042354	0.00463906	0.00683764	0.0429851	0.0189972	0.00951538	0.078124	0.00656192	0.459765	0.120302	0.00937427	0.00484929	0.0453521	0.00814195	0.0204265	0.0244768	0.0768232	0.00753266	0.0183853
10	0.291801	0.00823269	0.00201727	0.00295527	0.0443303	0.0500698	0.00205069	0.0126196	0.0020399	0.0244206	0.0103161	0.00442738	0.110868	0.00483671	0.00264379	0.178016	0.177447	0.0640223	0.00267793	0.00420818
11	0.0666089	0.00185473	0.000853089	0.00140751	0.0198143	0.0157304	0.001503	0.0691907	0.00107575	0.420467	0.00454379	0.00214865	0.0363098	0.00179178	0.00123621	0.00362084	0.00630978	0.342815	0.00117817	0.00154072
12	0.05969	0.00604511	0.0029825	0.00350376	0.260668	0.0138809	0.00229493	0.05252	0.00280387	0.161912	0.0164844	0.00423058	0.00484959	0.0038297	0.00538973	0.039187	0.0494454	0.0309584	0.256843	0.0224806
13	0.0337096	0.00151502	0.000392514	0.00200305	0.0156707	0.00199891	0.00041559	0.403961	0.000425629	0.103569	0.00877707	0.000795603	0.00052322	0.00248474	0.000755236	0.00192509	0.0137904	0.40231	0.00275024	0.00222796
14	0.056041	0.00225632	0.000868431	0.00105529	0.261354	0.0181949	0.00110594	0.181871	0.000727694	0.329645	0.0135062	0.00163581	0.00117858	0.00142216	0.000635226	0.0061879	0.0114907	0.105182	0.00167086	0.0039711
15	0.212595	0.00675466	0.000579677	0.000728981	0.0311968	0.0421994	0.000949639	0.0578929	0.000497228	0.442045	0.0168713	0.00109376	0.00104476	0.000700416	0.000617915	0.012654	0.0202961	0.149678	0.000629424	0.000975254
16	0.488911	0.0447573	0.000661478	0.000906329	0.00584682	0.016966	0.000430938	0.0144191	0.00051048	0.00717553	0.0125882	0.00169798	0.00207941	0.000816309	0.000654432	0.0804514	0.195484	0.124033	0.000614197	0.000996217
17	0.0699681	0.0040428	0.00249512	0.00379033	0.0284091	0.00821243	0.00339354	0.255302	0.0021774	0.0548955	0.458536	0.00629814	0.00274268	0.00575771	0.00347256	0.00891718	0.0174788	0.0528449	0.00612863	0.00513699
18	0.40317	0.00114165	0.000617265	0.00173369	0.0611784	0.150567	0.000584499	0.0985573	0.000763783	0.0837389	0.00927366	0.000832818	0.00238925	0.00110445	0.000838021	0.0185536	0.0389476	0.123844	0.0010693	0.00109378
19	0.107228	0.00300106	0.000169855	0.000259665	0.0537113	0.0349875	0.000243226	0.253991	0.000169406	0.255988	0.0233305	0.00233225	0.00518677	0.000317474	0.000263061	0.0237696	0.0476588	0.184805	0.000208453	0.00237812
20	0.170441	0.0209022	0.00106951	0.0012392	0.00516925	0.624717	0.000956782	0.0054968	0.0010167	0.0132367	0.00381572	0.0013096	0.00363133	0.00170598	0.00103934	0.108096	0.017602	0.0161537	0.00108873	0.00131164
21	0.0251682	0.00085909	0.000138808	0.000385561	0.0180666	0.000770887	0.000332665	0.467929	0.000161013	0.130864	0.00786549	0.000223907	0.000145557	0.000435399	0.000180527	0.00113381	0.013873	0.327173	0.00294759	0.00134677
22	0.245376	0.0154635	0.000408009	0.000622803	0.0353541	0.163855	0.000492884	0.0613556	0.00124902	0.26183	0.0399793	0.00061162	0.00104032	0.00247471	0.000501335	0.0552408	0.0296148	0.0822947	0.00156659	0.000668885
23	0.0667486	0.0278374	0.000232898	0.000479592	0.0106995	0.00591915	0.000518674	0.26047	0.000348648	0.408566	0.0207114	0.000698304	0.000515601	0.000385434	0.000293271	0.00888647	0.00663615	0.176085	0.00273059	0.00123811
24	0.151843	0.0208253	0.00382055	0.00393986	0.00826631	0.577588	0.00424097	0.00634751	0.00548837	0.0120089	0.00455799	0.00568612	0.0113716	0.00308841	0.00582905	0.136874	0.0178277	0.0161883	0.0011042	0.00310418
25	0.0559774	0.000968601	0.0179789	0.029904	0.0392001	0.00280477	0.0930711	0.0343088	0.0559838	0.0530591	0.058431	0.10617	0.00107209	0.086224	0.0864445	0.0381055	0.0439333	0.0756663	0.0393671	0.0813297
26	0.448937	0.00949336	0.00160906	0.027254	0.053737	0.0704088	0.00178158	0.0319795	0.00212304	0.104231	0.0478708	0.00316775	0.0033579	0.00388819	0.00390741	0.0266935	0.0877547	0.0647831	0.00264127	0.00438112
27	0.0259319	0.000764055	0.000114895	0.000323547	0.016523	0.000489137	0.000166837	0.483276	0.000146931	0.109576	0.00612919	0.000222277	0.000139053	0.000202947	0.000169991	0.00104821	0.0116689	0.339823	0.00275287	0.00053079
28	0.156764	0.0469067	0.00259542	0.00282821	0.00725234	0.588281	0.00164052	0.00721943	0.00188335	0.0121981	0.00743583	0.00474472	0.00281254	0.00255055	0.00262432	0.113576	0.0149176	0.0190563	0.0021284	0.00258446
29	0.026062	0.00358621	0.00322632	0.00403674	0.0441637	0.0145627	0.00442239	0.0784144	0.00145546	0.559122	0.123408	0.00281958	0.00420198	0.00617888	0.00501646	0.0119503	0.0177582	0.0677502	0.00570378	0.0161611
30	0.0181935	0.00253858	0.000677346	0.00133067	0.0102696	0.00673766	0.00519082	0.463213	0.00079432	0.154801	0.110734	0.00111839	0.00100697	0.00128425	0.00106733	0.00410004	0.0144544	0.1688	0.0190687	0.0146196
31	0.0575482	0.028943	0.000561939	0.000885305	0.00749086	0.00373396	0.000770093	0.241725	0.000571291	0.365991	0.0212144	0.000774362	0.000846094	0.000672735	0.000545196	0.00600811	0.00298518	0.239892	0.0165288	0.00231246
32	0.0954471	0.0104049	0.00609568	0.010644	0.0396628	0.0284873	0.00572705	0.0776302	0.00677356	0.0891351	0.279197	0.0195217	0.00802695	0.0223676	0.0106398	0.0444522	0.138898	0.0789906	0.0143822	0.0135158
33	0.0263951	0.00473761	0.00276272	0.00190323	0.0441649	0.0110325	0.00380728	0.168767	0.000647597	0.459882	0.114966	0.00139543	0.00313156	0.00654662	0.0021768	0.0112161	0.0137947	0.105174	0.00583766	0.0116605
34	0.0389631	0.0075042	0.00125017	0.00150374	0.400793	0.0194283	0.00104501	0.0752915	0.00111121	0.10087	0.0192999	0.00292637	0.00381927	0.00174673	0.00240319	0.00704448	0.0155133	0.0799047	0.0513931	0.16819
35	0.0801524	0.00276211	0.00479696	0.0042337	0.0114207	0.0205159	0.0224107	0.0404754	0.0200711	0.0315857	0.0162914	0.00871291	0.598678	0.00518036	0.0286444	0.0247237	0.0231704	0.050528	0.00277229	0.0028735
36	0.0522663	0.00203338	0.00208864	0.00234832	0.00577751	0.00508834	0.0127471	0.0467211	0.0135408	0.026097	0.0146218	0.00281344	0.699308	0.00310913	0.0246166	0.00505056	0.0157318	0.0621038	0.00182715	0.00210968
37	0.0225447	0.00386642	0.0027335	0.00264428	0.173457	0.0125819	0.00540428	0.121132	0.000613551	0.426821	0.0669365	0.00177582	0.00340124	0.00526443	0.00267538	0.0101264	0.0162374	0.0884355	0.00967076	0.0236776
38	0.469946	0.0476993	0.000615333	0.000830694	0.00398726	0.0111786	0.000513382	0.0183162	0.000466842	0.00741804	0.0136278	0.000840465	0.00172522	0.000943295	0.000684537	0.0503986	0.224723	0.144289	0.0008302	0.000965387
39	0.0196433	0.00305293	0.0298704	0.0325459	0.0046447	0.0358565	0.0131732	0.00482939	0.287258	0.0092925	0.00774334	0.0520226	0.0130652	0.0976061	0.320685	0.0373892	0.0174978	0.00477744	0.00336003	0.00568711
40	0.0790763	0.00573291	0.000857622	0.00344813	0.0219965	0.0139449	0.000877746	0.277774	0.000982361	0.13705	0.0138217	0.00212559	0.0021941	0.00277394	0.00206864	0.00981848	0.0301476	0.389707	0.00299698	0.00260556
41	0.0127915	0.00236704	0.0339446	0.0351176	0.00261737	0.034505	0.0130269	0.00237137	0.278312	0.00605439	0.00654209	0.0554947	0.0143133	0.107813	0.335484	0.0403948	0.014562	0.00281482	0.000683723	0.000789281
42	0.0115484	0.00710999	0.000597465	0.000897255	0.446709	0.00340256	0.000712769	0.00756546	0.000676589	0.091434	0.0124532	0.00644101	0.00113667	0.00085856	0.000955785	0.00715922	0.00437773	0.0208889	0.0746701	0.300406
43	0.0703101	0.00212829	0.154522	0.214431	0.00361602	0.0876707	0.0286315	0.00344602	0.0637348	0.0119549	0.0063354	0.0684934	0.0249118	0.0695397	0.0374117	0.100797	0.037967	0.00647694	0.000484691	0.00713687
44	0.00839948	0.00127678	0.00174669	0.00165918	0.0540516	0.00966522	0.0031558	0.117398	0.000291202	0.599139	0.0552137	0.000587026	0.00401506	0.00551846	0.00140266	0.00750619	0.00916509	0.108931	0.00165958	0.00921764
45	0.275608	0.00596704	0.000581909	0.00109942	0.0224828	0.188353	0.000648269	0.0572097	0.00731032	0.124277	0.0209734	0.00119876	0.00229589	0.0106278	0.00069934	0.086501	0.0742731	0.104427	0.0142947	0.00117229
46	0.103812	0.00320698	0.000243686	0.000412502	0.0565238	0.0443648	0.00033942	0.233429	0.00022111	0.223825	0.0225118	0.00369708	0.0107452	0.000410349	0.00033931	0.0339809	0.0617431	0.198454	0.000269229	0.00147118
47	0.305393	0.0372143	0.00127337	0.00169387	0.0100132	0.0464193	0.00081462	0.0144433	0.00187049	0.0217035	0.015383	0.0182789	0.00652422	0.00233116	0.0020767	0.337131	0.139244	0.0338549	0.00121853	0.00311862
48	0.0108606	0.00143378	0.00272137	0.00152668	0.0652226	0.010081	0.00523291	0.114258	0.000295074	0.567322	0.0639938	0.000630699	0.00321708	0.00842154	0.00121071	0.0133536	0.0125644	0.100682	0.00162908	0.0153431
49	0.0429138	0.000482399	0.000235405	0.000584555	0.0982733	0.00738269	0.000324149	0.217389	0.000222509	0.310003	0.0113225	0.00034392	0.000524449	0.000684592	0.000303133	0.00101797	0.0086136	0.298046	0.000353551	0.000980289
50	0.0164355	0.0015615	0.00447432	0.00180711	0.0588688	0.0107582	0.00777034	0.134054	0.00044589	0.500365	0.0711505	0.000782112	0.00192229	0.0253399	0.000844204	0.015766	0.011376	0.110339	0.00141969	0.0245193
51	0.066917	0.00643821	0.016143	0.0184576	0.0165744	0.0180558	0.00743403	0.0394467	0.0123742	0.0333398	0.0230457	0.240242	0.00854769	0.0173568	0.0228163	0.179814	0.213876	0.0396334	0.0049909	0.0144968
52	0.0386981	0.00683448	0.00217135	0.00340661	0.342058	0.0125136	0.00286501	0.0311759	0.00443413	0.114873	0.0188805	0.00561389	0.00494673	0.00294355	0.00791735	0.0173552	0.0265721	0.0343753	0.224887	0.0974793
53	0.0246817	0.000742144	0.00011295	0.000326506	0.01748	0.000485416	0.000161814	0.478444	0.000141809	0.11797	0.00632992	0.000211385	0.000138015	0.000301925	0.000170951	0.000974971	0.0120024	0.33587	0.00277437	0.000679158
54	0.0256802	0.000775814	0.000108164	0.000315146	0.0169797	0.000479943	0.000163863	0.478876	0.000141539	0.113469	0.00606183	0.000209917	0.000128971	0.000259715	0.000159943	0.000903694	0.0118401	0.34002	0.00286155	0.000565426
55	0.180409	0.02853	0.000789071	0.000828343	0.00486662	0.630322	0.000699791	0.00390285	0.000535277	0.00622437	0.00268603	0.00155744	0.00155149	0.00130221	0.000670915	0.108238	0.0106769	0.0140712	0.000849157	0.00128919
56	0.0715969	0.00504156	0.005976	0.00744706	0.0144516	0.029172	0.0121002	0.038002	0.0191933	0.0387783	0.0169891	0.0110631	0.536204	0.00754552	0.0272917	0.0406291	0.0597089	0.0502016	0.00250503	0.00610324
57	0.0689997	0.00258147	0.000171922	0.000341235	0.0805062	0.0138189	0.000322792	0.268155	0.000204141	0.284461	0.0215318	0.000551981	0.0008485	0.000511287	0.000203814	0.0085704	0.0291436	0.214336	0.000423306	0.00431669
58	0.0148318	0.000987552	0.00102911	0.00157065	0.0587595	0.0110899	0.00192269	0.120243	0.000331629	0.563428	0.0400964	0.000512942	0.00473336	0.00340306	0.00136501	0.00468302	0.00755973	0.156946	0.000956672	0.00554943
59	0.182453	0.0131823	0.00664548	0.00888035	0.0418033	0.0370571	0.00715789	0.085878	0.0107264	0.109226	0.226724	0.0142241	0.0128244	0.014471	0.0167707	0.0461607	0.058233	0.0786052	0.0125874	0.0163888
60	0.0334944	0.00742518	0.000661624	0.0011553	0.517525	0.00511984	0.0010474	0.0268122	0.000655384	0.170012	0.0220547	0.00188546	0.00879908	0.00100793	0.00525188	0.00617648	0.0490065	0.0688497	0.0349536	0.0381068
61	0.33666	0.00249228	0.000376556	0.00109764	0.0502462	0.18073	0.000492502	0.0931498	0.0016516	0.0993985	0.01527	0.000625838	0.00270033	0.00264858	0.0004638	0.0375543	0.0500744	0.121315	0.00224452	0.000809402
62	0.0623298	0.0322271	0.000385462	0.00116299	0.00902845	0.00624568	0.000998252	0.260265	0.000646924	0.394323	0.0214949	0.000927179	0.00110864	0.000803653	0.000719298	0.00776388	0.0061799	0.187481	0.00461236	0.00129622
63	0.46505	0.0250095	0.00147533	0.001764	0.00995913	0.0828483	0.000502946	0.004817	0.000801234	0.0147328	0.00629793	0.00626155	0.00869159	0.0028509	0.00111335	0.28391	0.0713899	0.0109733	0.000556173	0.000995764
64	0.0531481	0.00205212	0.00706163	0.00807912	0.0620093	0.00857205	0.000853803	0.128117	0.00655888	0.155541	0.0177973	0.00127371	0.000841649	0.00182799	0.000839998	0.0102271	0.00990024	0.463861	0.0330656	0.0283733
65	0.0913671	0.00400139	0.000158616	0.00025005	0.0527794	0.0216596	0.000307898	0.285806	0.000164481	0.279429	0.0243052	0.00145784	0.00244928	0.000394916	0.000211827	0.0171701	0.0429478	0.17073	0.000315355	0.00409412
66	0.0350665	0.00485281	0.000756413	0.00103774	0.590894	0.00403269	0.000952875	0.0256686	0.000693142	0.187144	0.0117335	0.00213657	0.00482726	0.00104204	0.00329332	0.00461194	0.0395555	0.0518713	0.0137264	0.0161041
67	0.0301238	0.00709401	0.000894704	0.0020249	0.473006	0.00932673	0.00269122	0.0494881	0.0010007	0.223596	0.0196772	0.00278591	0.00472426	0.00146867	0.00262049	0.00942174	0.0256736	0.0715326	0.0198647	0.0429847
68	0.102206	0.00134893	0.00155738	0.00158021	0.0167343	0.0921964	0.16914	0.00499038	0.0798703	0.00792142	0.0138157	0.0410884	0.25833	0.0124064	0.0765002	0.104987	0.00612304	0.00645626	0.00109067	0.00165638
69	0.0366235	0.00274196	0.325588	0.0505027	0.0144899	0.165585	0.0309944	0.00544144	0.0236468	0.00872671	0.00790619	0.224095	0.0083906	0.0217795	0.00135499	0.0496723	0.00939785	0.00585041	0.00123204	0.00598141
70	0.0154113	0.00378018	0.00170312	0.0209627	0.230302	0.00603476	0.0402298	0.0164021	0.00162901	0.299826	0.0618005	0.0028906	0.00198593	0.00218734	0.0020935	0.00907367	0.0079638	0.0316288	0.00272658	0.241368
71	0.152278	0.00503525	0.00533735	0.00532763	0.108118	0.0160267	0.00665151	0.0250301	0.0153889	0.16551	0.127821	0.00789084	0.00471087	0.00526208	0.179382	0.0127177	0.020962	0.0653798	0.0589666	0.012204
72	0.0778787	0.00162396	0.0012672	0.0481679	0.00466472	0.00409596	0.00110153	0.224522	0.00143408	0.0216082	0.0331951	0.0363999	0.00162899	0.0553681	0.0380233	0.0153573	0.247563	0.135905	0.00138175	0.0488128
73	0.137975	0.020765	0.00435269	0.00421927	0.0116266	0.631446	0.00249992	0.00915762	0.00409461	0.0194753	0.00730815	0.00561023	0.00601077	0.00379262	0.00432663	0.0887007	0.00982195	0.0208083	0.00261257	0.00539586
74	0.0313685	0.0040185	0.000144802	0.000616216	0.0212092	0.00152803	0.000231895	0.414388	0.000185279	0.162072	0.008556	0.000309663	0.000285275	0.000425898	0.000237271	0.001641	0.0115041	0.337045	0.00322909	0.00100447
75	0.0335254	0.00242263	0.00074226	0.00177319	0.0171869	0.00815948	0.00199122	0.424465	0.00091715	0.111807	0.0349369	0.00161983	0.0017265	0.00150875	0.000904159	0.0258024	0.0197992	0.300955	0.00429873	0.00545889
76	0.0221189	0.00261846	0.00142945	0.0019514	0.0471261	0.00587663	0.00168097	0.23604	0.00180784	0.160614	0.408415	0.00343514	0.00210414	0.00329576	0.00264283	0.00574442	0.00864683	0.0763316	0.00477791	0.00334301
77	0.0355597	0.00184861	0.00019905	0.00175411	0.0108364	0.00075873	0.000242794	0.381646	0.000224868	0.0900558	0.00679588	0.000425129	0.00023231	0.000577125	0.000282275	0.00118348	0.0126497	0.452378	0.00188442	0.000465016
78	0.145247	0.0122446	0.0063613	0.00667764	0.0541335	0.244898	0.00458418	0.0614152	0.00596518	0.194883	0.0321728	0.00782044	0.0116395	0.00679917	0.00868837	0.0631328	0.0379138	0.0738176	0.00997957	0.0116266
79	0.0546308	0.0303607	0.000292901	0.000700778	0.00666172	0.00423006	0.000956607	0.276978	0.000403465	0.402251	0.0254881	0.000609965	0.000678302	0.000569395	0.000447069	0.00620849	0.00438691	0.177283	0.0050281	0.0018357
80	0.365714	0.0152335	0.00283322	0.00299193	0.0227253	0.13024	0.00236886	0.0279318	0.00349345	0.048639	0.014083	0.00544862	0.016318	0.00464814	0.00218684	0.162653	0.115247	0.0517314	0.00264048	0.00287108
81	0.0487605	0.00157298	0.00342844	0.0030993	0.00681187	0.0181996	0.0344003	0.0346946	0.0276872	0.0213814	0.0148834	0.0105808	0.639473	0.00561471	0.0503265	0.01849	0.0145681	0.0424783	0.00133487	0.0022141
82	0.180327	0.138435	0.0104145	0.0106196	0.0535725	0.0746474	0.00517339	0.0642958	0.00944111	0.104214	0.0302876	0.011252	0.00879992	0.00808155	0.0113644	0.0782326	0.0748852	0.100092	0.00907335	0.0167902
83	0.0612414	0.00458242	0.000850306	0.00350217	0.0262155	0.0144139	0.00128563	0.356274	0.000694821	0.139551	0.0206874	0.00434533	0.00323783	0.00349624	0.00277458	0.0143112	0.0567062	0.276262	0.00336622	0.00620206
84	0.199641	0.0120739	0.117579	0.0999395	0.0203943	0.0723919	0.0164748	0.0238245	0.0352305	0.0429	0.0201647	0.0512428	0.0283311	0.0399485	0.0293119	0.0811609	0.0542975	0.0378807	0.00670726	0.0105053
85	0.0624052	0.00854217	0.00764816	0.0078615	0.0929822	0.0252491	0.010181	0.0876876	0.0188356	0.137644	0.209805	0.0143389	0.0101695	0.0131133	0.0360384	0.0225448	0.0383512	0.0623589	0.105781	0.0284625
86	0.0398876	0.0194618	0.000494036	0.00116153	0.0192207	0.00598416	0.0009686	0.204439	0.000286334	0.481729	0.028704	0.000622036	0.00236981	0.00152521	0.00067624	0.00550572	0.00409401	0.177234	0.00334771	0.00228842
87	0.0480651	0.00291281	0.00111529	0.00638088	0.00888889	0.00218068	0.000517809	0.201214	0.0010694	0.090747	0.00922513	0.000942605	0.000476859	0.00167904	0.000625244	0.00231714	0.0142119	0.602082	0.00245825	0.00288996
88	0.035846	0.00687649	0.00289343	0.00426599	0.316777	0.0105711	0.00463794	0.0351364	0.00457477	0.114922	0.0221895	0.00729389	0.00413487	0.00518306	0.00889828	0.0186645	0.0263061	0.0415301	0.238183	0.0911152
89	0.0656659	0.00556655	0.00469629	0.0023143	0.00702164	0.00637446	0.00217411	0.0128906	0.00196023	0.0176231	0.00677932	0.244598	0.00210584	0.00247861	0.00307499	0.368004	0.219689	0.0152093	0.00210641	0.00966754
90	0.0555319	0.000426332	0.192477	0.286571	0.00342687	0.0583225	0.0299707	0.00354237	0.0485108	0.0134723	0.00651921	0.0601692	0.00796686	0.0957506	0.0276052	0.0604008	0.0338472	0.00701682	0.000485546	0.00798634
91	0.0383021	0.0126061	0.00108505	0.00152518	0.0264097	0.00653588	0.00137388	0.275445	0.000797518	0.435757	0.0333403	0.000969608	0.0030587	0.0023257	0.00120303	0.00747855	0.0131719	0.124384	0.0102331	0.00399749
92	0.453357	0.0266979	0.0022338	0.00256988	0.0117076	0.0811276	0.000636373	0.00643977	0.000903906	0.0135319	0.00697891	0.00760004	0.00709578	0.00242362	0.00149298	0.297429	0.0626326	0.013212	0.000662195	0.00126726
93	0.0214315	0.0766282	0.0908865	0.0914768	0.0172719	0.197087	0.0144849	0.00597813	0.146463	0.00778036	0.0162275	0.0327764	0.00236766	0.068734	0.188189	0.0067656	0.00551928	0.00661471	0.00117926	0.00213775
94	0.229974	0.0208458	0.000743172	0.000865229	0.00994938	0.554081	0.000710108	0.00917206	0.000837428	0.0152499	0.00513034	0.00176101	0.00301308	0.00148349	0.00067635	0.0984056	0.0218654	0.0232283	0.000915202	0.00109316
95	0.0117737	0.0203102	0.359052	0.00961691	0.00881301	0.0162539	0.0190812	0.00805347	0.00334499	0.0128199	0.00658169	0.30483	0.00190953	0.0023101	0.00261072	0.187725	0.0098682	0.0100544	0.0022782	0.00271315
96	0.107063	0.0119695	0.0311405	0.0412376	0.00442772	0.0646308	0.00218668	0.00424336	0.0695195	0.0142631	0.0120541	0.122152	0.0413708	0.0177835	0.160093	0.163532	0.108265	0.01644	0.00108115	0.00654587
97	0.0397157	0.000676583	0.177382	0.363065	0.00780467	0.0216649	0.0095417	0.00854751	0.0249507	0.0283324	0.00386948	0.0375572	0.0161672	0.11801	0.0144284	0.0492375	0.0504453	0.0194228	0.000742447	0.00843881
98	0.0695979	0.0027252	0.00663197	0.0115471	0.110531	0.0136929	0.0047309	0.0252595	0.00227644	0.367821	0.0410242	0.00955438	0.00304193	0.00409672	0.00275608	0.0577691	0.107553	0.0313291	0.00607291	0.12199
99	0.448133	0.102764	0.000978483	0.00137766	0.00561747	0.0264095	0.000755236	0.0128306	0.000905325	0.00704742	0.0111937	0.00122245	0.00181938	0.00149563	0.00113155	0.0336369	0.195861	0.144216	0.00102963	0.0015758
100	0.470772	0.0411055	0.000742693	0.000894629	0.00652518	0.0122796	0.000640892	0.0173136	0.000521387	0.00929473	0.0143802	0.00148487	0.00326281	0.00105034	0.000755594	0.0573552	0.218114	0.141657	0.00063847	0.00121103
101	0.302471	0.00812096	0.000494907	0.00133389	0.0349245	0.159406	0.000610429	0.078742	0.00187994	0.157277	0.0334486	0.0010216	0.00287395	0.00352243	0.000496878	0.0495058	0.0400571	0.12025	0.00276403	0.000798224
102	0.0414911	0.0129089	0.000474639	0.000725062	0.0238579	0.00516869	0.0010235	0.324757	0.000362504	0.345439	0.0260028	0.000650915	0.00155376	0.00145777	0.000438126	0.00576148	0.0117409	0.187763	0.00544267	0.00298049
103	0.0400127	0.00458969	0.000486039	0.00118399	0.0225248	0.00495662	0.000713941	0.370572	0.000450241	0.173422	0.0159273	0.000827229	0.0012316	0.00102975	0.000436892	0.00522936	0.0168448	0.332164	0.00403715	0.00335979
104	0.288098	0.00450906	0.00124687	0.00221374	0.0384329	0.169821	0.00131695	0.103893	0.00249284	0.117395	0.0185687	0.00199766	0.015534	0.00351572	0.0014042	0.055574	0.0464892	0.12178	0.00360519	0.0021124
105	0.0669776	0.00515125	0.000625199	0.000378284	0.0648848	0.0129772	0.000939859	0.290008	0.000196131	0.307181	0.0429473	0.000697226	0.000992585	0.00177668	0.000298888	0.0138975	0.0333719	0.144897	0.00163324	0.0101679
106	0.0537206	0.00924436	0.091954	0.0276989	0.0214939	0.0490167	0.0210377	0.023142	0.0309275	0.0386294	0.0252549	0.294299	0.0120061	0.0256749	0.0365195	0.118876	0.0724811	0.0267305	0.00853303	0.0127602
107	0.342367	0.0201797	0.00144439	0.00188289	0.0134088	0.0730921	0.000891523	0.0166027	0.00122237	0.04076	0.0142384	0.0101498	0.0127308	0.00365706	0.00147694	0.294306	0.118171	0.0295609	0.00132456	0.00253315
108	0.0333876	0.00104955	0.000148121	0.000413269	0.04664	0.00352134	0.000344976	0.371597	0.000181578	0.224936	0.012825	0.000240106	0.000248718	0.000606613	0.000204102	0.00204752	0.0152927	0.281943	0.00191663	0.00245538
109	0.0297301	0.00433711	0.00355072	0.00167231	0.200456	0.0147272	0.00216634	0.14147	0.00209471	0.347169	0.0733622	0.00274316	0.00478674	0.00252232	0.00531696	0.00925417	0.028834	0.0591596	0.0460239	0.0206233
110	0.0680266	0.00684066	0.0348262	0.0693313	0.0195461	0.0305605	0.0114026	0.0616423	0.0608129	0.044012	0.0390302	0.0304655	0.0134281	0.187181	0.0407148	0.0403632	0.15692	0.0611275	0.00680742	0.0169611
111	0.0163061	0.00139444	0.000792382	0.000995315	0.00623879	0.00671139	0.00532202	0.541277	0.000790134	0.106638	0.0968481	0.000991467	0.00074789	0.000920431	0.000739201	0.00508559	0.01272	0.169459	0.0106233	0.0153995
112	0.0425287	0.000413436	0.000234317	0.000620917	0.0982297	0.00732073	0.000341431	0.214294	0.000225356	0.310887	0.0110161	0.00034973	0.000650517	0.000713672	0.000304196	0.000839022	0.00821838	0.301521	0.000361795	0.00092985
113	0.100519	0.00269887	0.00382057	0.00614154	0.0990605	0.031507	0.0021694	0.014099	0.00209616	0.345602	0.0862934	0.00533048	0.00242569	0.00367193	0.00305016	0.0403851	0.194517	0.0401245	0.00347438	0.0130129
114	0.00829204	0.0076203	0.000437489	0.000716559	0.458326	0.00157352	0.00051533	0.00461465	0.000504547	0.0919102	0.012609	0.00712469	0.000594355	0.000713748	0.000508272	0.00684152	0.00199964	0.0184823	0.0363605	0.340255
115	0.294536	0.0133722	0.000968741	0.00101303	0.00762854	0.145175	0.0010341	0.00523753	0.00100347	0.0288814	0.0101713	0.00360357	0.0362216	0.004039	0.000924567	0.295443	0.140296	0.00876751	0.000660827	0.00102354
116	0.112309	0.00236526	0.000637828	0.000711684	0.0561543	0.0423743	0.000677893	0.19572	0.000560776	0.23527	0.016826	0.00434843	0.0384409	0.000757238	0.000621981	0.0243452	0.0520863	0.213897	0.000672435	0.00122269
117	0.0110943	0.00335098	0.00130678	0.0113529	0.251677	0.00404747	0.0200687	0.00917057	0.00115201	0.239229	0.0589415	0.00324937	0.00147665	0.00158105	0.00162661	0.00667745	0.00626495	0.0281688	0.0091069	0.330457
118	0.25169	0.0196617	0.000950897	0.00182519	0.0232388	0.148742	0.00103158	0.0885709	0.00395187	0.123918	0.0355497	0.00235321	0.00297281	0.0162962	0.001348	0.102003	0.0624341	0.104891	0.00689582	0.00167521
119	0.0348245	0.00258217	0.00170103	0.00231294	0.0450212	0.0317361	0.00200095	0.0417331	0.00219066	0.119794	0.00612407	0.00308007	0.00224467	0.00243217	0.00247379	0.00677826	0.048671	0.0943495	0.190258	0.359692
120	0.0454792	0.00172541	0.000789392	0.00136914	0.418651	0.011096	0.000910529	0.12647	0.000925474	0.282457	0.0041101	0.00182004	0.000987939	0.00111581	0.00106016	0.00479212	0.00735962	0.0844403	0.00149007	0.00294963
121	0.00972112	0.00723423	0.000495696	0.00106269	0.445162	0.00229204	0.00133646	0.00504365	0.000509714	0.0977554	0.0135538	0.00672122	0.000595923	0.000754161	0.000549674	0.00660322	0.00225587	0.0199754	0.0349634	0.343414
122	0.0661398	0.0343411	0.000277375	0.000595413	0.00430689	0.00426888	0.00065918	0.245076	0.00037542	0.407641	0.0185357	0.000746067	0.00131536	0.000477273	0.000420814	0.00630117	0.00222389	0.200363	0.00523885	0.000697136
123	0.100433	0.00857623	0.0576944	0.0621877	0.004764	0.101708	0.00737773	0.00405956	0.0840279	0.0165715	0.00761127	0.0955484	0.0518486	0.0327787	0.0861476	0.175231	0.0833682	0.0113177	0.000768148	0.00798084
124	0.047201	0.00126359	0.00858578	0.00965098	0.0683441	0.00998085	0.000896499	0.127284	0.00789074	0.151441	0.0163658	0.00126781	0.000818013	0.00201848	0.000872781	0.00845751	0.0112866	0.472602	0.0230936	0.030679
125	0.0618998	0.0101714	0.00019736	0.000453673	0.0496611	0.00846963	0.000416578	0.25983	0.000220537	0.35014	0.0204242	0.000560532	0.000716505	0.000655188	0.000281285	0.00692477	0.0156139	0.209443	0.00137916	0.0025403
126	0.152167	0.00955666	0.00947484	0.00904586	0.0137053	0.174864	0.00361885	0.0126006	0.0110874	0.0721612	0.0127521	0.0109617	0.109847	0.00812639	0.00650476	0.257428	0.102252	0.0171107	0.00288424	0.00385077
127	0.0942375	0.00898282	0.0668155	0.0569605	0.00594271	0.180706	0.00939572	0.00781643	0.0843019	0.0202858	0.00398578	0.0653646	0.112693	0.0381034	0.03756	0.141984	0.0477811	0.012357	0.000777198	0.00394871
128	0.078637	0.00180033	0.0139643	0.00219875	0.0355937	0.0169044	0.019251	0.0941375	0.0757305	0.194831	0.0239851	0.0162275	0.00143062	0.00188443	0.0723271	0.00402816	0.0228414	0.0763502	0.19214	0.0557363
129	0.0172511	0.002255	0.00373984	0.00380484	0.14856	0.0105686	0.0165148	0.0956956	0.00061056	0.461612	0.0690494	0.00124332	0.00168126	0.010476	0.00100696	0.0194138	0.00999869	0.0908876	0.00171579	0.0339146
130	0.101138	0.00150377	0.00277763	0.00293055	0.0161857	0.095375	0.166128	0.00498304	0.0804178	0.008097	0.0135162	0.0418837	0.254359	0.0133189	0.0768104	0.104909	0.00642829	0.00647182	0.00107573	0.00169002
131	0.0128531	0.00126449	0.0054968	0.00121332	0.0625997	0.012776	0.00899288	0.125836	0.000492198	0.506632	0.0759363	0.000707415	0.00193958	0.0156558	0.000797713	0.0190883	0.0118677	0.107305	0.00120703	0.0273378
132	0.0396622	0.000669362	0.177248	0.36283	0.00778468	0.0216558	0.0095358	0.00860094	0.024876	0.0284122	0.00386427	0.0374883	0.0161668	0.118212	0.0143875	0.0493741	0.0505944	0.0194187	0.000744717	0.00847474
133	0.052843	0.00364665	0.000401541	0.0042085	0.00351151	0.0014601	0.000437305	0.206533	0.000446246	0.0825613	0.00902645	0.000789392	0.000475377	0.000873484	0.000531124	0.00187459	0.0158526	0.612575	0.00094606	0.00100626
134	0.420857	0.0124189	0.00161504	0.00361105	0.061489	0.0441189	0.00151513	0.0217728	0.00124014	0.0457458	0.0136005	0.00287342	0.0117163	0.00301375	0.00170259	0.0770295	0.151114	0.120405	0.0019323	0.00222843
135	0.0306085	0.000654667	0.000514772	0.0861212	0.00722272	0.0175113	0.0286601	0.0235956	0.344649	0.0180197	0.00173646	0.033756	0.000621967	0.0699483	0.126106	0.0356129	0.0815912	0.0757612	0.0110173	0.00629054
136	0.106594	0.00921358	0.00105324	0.0015171	0.00452251	0.00380202	0.00114954	0.0125836	0.00111427	0.0177201	0.00754217	0.0900371	0.00149292	0.00151806	0.0012748	0.491335	0.217714	0.015553	0.00121774	0.0130456
137	0.0761306	0.00498867	0.00106363	0.00352938	0.0238525	0.0138175	0.00105884	0.274662	0.00111779	0.137412	0.0140155	0.0024126	0.00329622	0.00217439	0.00155865	0.00912582	0.0258217	0.397677	0.00297428	0.00331034
138	0.243104	0.0154407	0.000417719	0.00062275	0.0358734	0.157886	0.000488637	0.0597518	0.0010576	0.2745	0.0406634	0.000656582	0.00100244	0.00216317	0.000512531	0.0514315	0.0277491	0.0846015	0.00133015	0.000747464
139	0.0255947	0.000750728	0.000108605	0.000308077	0.0170202	0.000473209	0.000160956	0.480433	0.00013638	0.112925	0.00605274	0.00021125	0.000130085	0.000252562	0.000159673	0.000904607	0.0117914	0.339203	0.00282786	0.000556113
140	0.0101285	0.00746463	0.000481606	0.000733411	0.453919	0.00259101	0.000731873	0.00630634	0.000508525	0.0927862	0.0127412	0.00679883	0.00066858	0.000695721	0.000549123	0.00688733	0.00222203	0.0204888	0.0355957	0.337702
141	0.0215264	0.00409354	0.00295255	0.00374895	0.0345067	0.0113366	0.00397423	0.056644	0.00182029	0.567728	0.175212	0.00383138	0.00440082	0.00694106	0.0040942	0.0105026	0.0148345	0.0518366	0.00422132	0.0157942
142	0.193943	0.0171174	0.00260715	0.00311782	0.0190888	0.465901	0.00213121	0.0373759	0.00298079	0.0599762	0.0121368	0.00281029	0.00503749	0.00342068	0.00253943	0.0713846	0.0234548	0.0697194	0.00285087	0.00240651
143	0.0417664	0.00236636	0.000222754	0.00242537	0.00765837	0.000951889	0.000296804	0.352758	0.000310069	0.0770947	0.00733076	0.000568815	0.000327105	0.000661487	0.000392816	0.00198768	0.0128737	0.487876	0.00151738	0.000613922
144	0.0518619	0.00208564	0.00378501	0.00328829	0.00825122	0.0114551	0.0212442	0.0407963	0.0192055	0.0268294	0.0152722	0.00636612	0.665599	0.00478632	0.0315535	0.0145439	0.0183889	0.0495236	0.00228874	0.00287545
145	0.0209407	0.0176807	0.00108756	0.00215822	0.442099	0.00516718	0.00439857	0.0370901	0.000916671	0.245655	0.041221	0.00264552	0.00629938	0.00216586	0.00375549	0.00705947	0.0255814	0.0648331	0.0237241	0.0455214
146	0.224547	0.00825868	0.000580006	0.000804235	0.0350963	0.0415209	0.000936162	0.0664374	0.000453211	0.412334	0.0166764	0.00102228	0.00131587	0.000802919	0.000596188	0.011541	0.0196617	0.155605	0.000771397	0.00103975
147	0.411149	0.0209972	0.000646687	0.00336241	0.0344457	0.110996	0.000627111	0.0497869	0.000928101	0.183112	0.0531318	0.00112829	0.000869384	0.00191661	0.000712896	0.0358976	0.0403931	0.0476085	0.00119832	0.0010924
148	0.190977	0.0217336	0.000882269	0.00104719	0.00646662	0.623518	0.00088792	0.00687658	0.000660707	0.0142188	0.00436492	0.00119584	0.00204124	0.00119419	0.00108709	0.0875867	0.0143438	0.0186449	0.000894706	0.00137815
149	0.0455446	0.00190338	0.00116658	0.00140311	0.281724	0.0394353	0.00132705	0.254625	0.00102354	0.118325	0.0412799	0.00189776	0.00137387	0.00124252	0.00128	0.00409986	0.0062945	0.118747	0.00309023	0.0742176
150	0.089159	0.00442365	0.000149666	0.000252927	0.0527119	0.0203241	0.000313842	0.285087	0.000150787	0.288541	0.0243374	0.00139257	0.00236496	0.000415821	0.000208436	0.0170972	0.0403638	0.168263	0.000309927	0.00413276
151	0.0803934	0.00849736	0.0011425	0.00151736	0.00559635	0.00468904	0.00121346	0.0204743	0.0011164	0.0255355	0.00808125	0.0377092	0.00164011	0.00159025	0.00164689	0.500308	0.264773	0.0239572	0.00151759	0.00860028
152	0.0746125	0.00318769	0.00664519	0.00987394	0.0534591	0.0152096	0.0183583	0.0434659	0.131451	0.089314	0.0379005	0.0170014	0.00328923	0.0144838	0.212445	0.0155136	0.0352494	0.0374105	0.131724	0.049405
153	0.0306085	0.000654667	0.000514772	0.0861212	0.00722272	0.0175113	0.0286601	0.0235956	0.344649	0.0180197	0.00173646	0.033756	0.000621967	0.0699483	0.126106	0.0356129	0.0815912	0.0757612	0.0110173	0.00629054
154	0.0226307	0.00738834	0.000772071	0.00160239	0.445258	0.0137386	0.00249338	0.103998	0.000841807	0.126743	0.0358386	0.00237099	0.00343934	0.00114767	0.00188437	0.0039486	0.0128548	0.0882261	0.0182809	0.106543
155	0.042252	0.0021726	0.0002077	0.000654634	0.0455104	0.00571282	0.00038998	0.347432	0.000193274	0.250193	0.0162923	0.000404563	0.000295407	0.00119054	0.000224405	0.00457815	0.0220889	0.254287	0.00152822	0.00439238
156	0.0170479	0.00227105	0.0291018	0.0261486	0.00312618	0.0296505	0.0201401	0.00709613	0.224227	0.00856832	0.00755413	0.0466005	0.16674	0.0856559	0.264891	0.032338	0.0175508	0.0095453	0.000757962	0.000989471
157	0.0766485	0.000785343	0.000475917	0.00521142	0.0342681	0.00652807	0.0177247	0.0347381	0.263648	0.0524243	0.0237493	0.00797827	0.000567722	0.00999347	0.280611	0.0121453	0.0346738	0.00926485	0.047525	0.0810381
158	0.0258845	0.00078773	0.000148104	0.000315899	0.0194703	0.000888795	0.000382187	0.477398	0.000168451	0.12625	0.00914088	0.000234003	0.000147841	0.000264858	0.000200269	0.00105945	0.0124127	0.319597	0.00388153	0.0013677
159	0.0966822	0.00186887	0.021897	0.0300736	0.00693519	0.171667	0.00155274	0.00559472	0.0104976	0.00979439	0.00396571	0.0223873	0.0117428	0.00298196	0.0175508	0.561648	0.012982	0.00671562	0.00109109	0.00237124
160	0.0405267	0.00148043	0.00258423	0.00224566	0.00453179	0.00407541	0.0148427	0.042426	0.0174944	0.0240754	0.0159591	0.00333941	0.719812	0.00334934	0.0301053	0.00394156	0.0146038	0.0512686	0.0013033	0.00203504
161	0.0300506	0.00178822	0.00104359	0.00120247	0.0476739	0.00352887	0.00126383	0.290355	0.000772509	0.410829	0.0583323	0.00132709	0.001439	0.00156575	0.00102064	0.00457103	0.0289927	0.0697188	0.0406566	0.00386791
162	0.363345	0.0162252	0.00152823	0.00164893	0.00999316	0.112135	0.00069001	0.00785269	0.00210814	0.0239749	0.00960093	0.00583698	0.0206714	0.0093918	0.00230915	0.261386	0.133498	0.0154419	0.000955646	0.00140727
163	0.0114764	0.00229034	0.00179337	0.0186859	0.0241559	0.0249132	0.00223349	0.0830316	0.00133181	0.596121	0.0711496	0.00252083	0.0296435	0.00399536	0.0174607	0.00605432	0.0283937	0.0673583	0.00214367	0.00524668
164	0.0223236	0.00121002	0.000696623	0.00100759	0.00486411	0.010109	0.0090525	0.533684	0.000566451	0.121656	0.0686453	0.00100559	0.000696847	0.000775244	0.000794027	0.00374066	0.0196237	0.158777	0.0130041	0.0277673
165	0.410593	0.0177679	0.00132516	0.00257272	0.080746	0.112922	0.00175423	0.0208514	0.00167761	0.0323962	0.0101757	0.0048507	0.00772274	0.00341172	0.00169065	0.165723	0.0737459	0.0451726	0.00247013	0.00243105
166	0.0390888	0.00484137	0.00217664	0.00286598	0.19297	0.0156098	0.00484109	0.105149	0.00129947	0.388093	0.0446967	0.00316772	0.00451868	0.00423059	0.00365822	0.0137611	0.0244245	0.0983988	0.0114592	0.0347495
167	0.0816845	0.0073561	0.00405457	0.00628504	0.0450507	0.01817	0.0340396	0.164141	0.00704682	0.335871	0.0391533	0.0124488	0.005793	0.0142332	0.00993752	0.0148066	0.0211521	0.152647	0.00960212	0.0165271
168	0.120269	0.00971416	0.000920296	0.00118526	0.375368	0.0544648	0.000830777	0.0236611	0.000830199	0.113905	0.0033084	0.00168345	0.000932745	0.00136568	0.00100834	0.0109381	0.0124198	0.0428477	0.0528286	0.17152
169	0.178071	0.0143914	0.00232337	0.00523687	0.0243655	0.0250951	0.00193844	0.18172	0.00158073	0.118406	0.0231259	0.00836427	0.00806157	0.00837306	0.00481651	0.0386075	0.141002	0.204609	0.00275188	0.00715918
170	0.0256185	0.000801029	0.000136476	0.000451272	0.0156133	0.00106526	0.000447612	0.488881	0.000337189	0.105505	0.0112779	0.000397002	0.000275924	0.000274968	0.00023645	0.00197955	0.0111397	0.331222	0.0029653	0.00137369
171	0.0802167	0.00518277	0.000193029	0.000421279	0.0542214	0.0187123	0.00026451	0.305639	0.000169671	0.250046	0.0241167	0.000978194	0.00189222	0.00055461	0.000238593	0.0156379	0.0407151	0.195235	0.000603014	0.0049616
172	0.0533531	0.00370415	0.000420194	0.00461994	0.0028166	0.00155198	0.000448179	0.193158	0.000477445	0.0810147	0.00951344	0.00088216	0.000494898	0.000917002	0.000573788	0.0019188	0.0154372	0.626878	0.000810252	0.00100984
173	0.0167721	0.00332857	0.00185566	0.00265547	0.0384446	0.00845426	0.00289264	0.134205	0.000881452	0.518191	0.151156	0.00137266	0.00380608	0.00604026	0.00226513	0.00776286	0.0105261	0.0765683	0.00440687	0.00841482
174	0.0442011	0.0414018	0.00303307	0.004653	0.453752	0.0183265	0.00249105	0.0291232	0.0033744	0.11663	0.0222434	0.00652516	0.00590558	0.00478079	0.00575988	0.0193666	0.026842	0.0532825	0.0298029	0.108505
175	0.31529	0.021328	0.00140025	0.00201935	0.0114079	0.0274033	0.00136285	0.0523547	0.00124007	0.0410486	0.0449947	0.00887752	0.00465281	0.00293584	0.00160764	0.290575	0.104633	0.0616698	0.00206156	0.00313624
176	0.0493132	0.00238274	0.0263436	0.042648	0.0708732	0.00846439	0.00361195	0.0584121	0.00297793	0.221383	0.0871705	0.0296006	0.00213186	0.00445496	0.00411426	0.127257	0.128028	0.0423259	0.00352911	0.0849778
177	0.020251	0.00480985	0.0185648	0.0221224	0.00856022	0.0274986	0.00870591	0.0114265	0.230231	0.0181845	0.0103508	0.0294975	0.00893535	0.331522	0.178663	0.0242465	0.0230787	0.0155816	0.0036208	0.00414888
178	0.162161	0.0205598	0.000844363	0.00109329	0.00375866	0.652323	0.000780117	0.00356088	0.0009145	0.00741113	0.0028887	0.00146436	0.00391668	0.00131915	0.00122773	0.104098	0.0155291	0.0141421	0.00077934	0.00122813
179	0.0555319	0.000426332	0.192477	0.286571	0.00342687	0.0583225	0.0299707	0.00354237	0.0485108	0.0134723	0.00651921	0.0601692	0.00796686	0.0957506	0.0276052	0.0604008	0.0338472	0.00701682	0.000485546	0.00798634
180	0.0557656	0.000937521	0.0199521	0.0319539	0.0321194	0.00230155	0.0950629	0.0325818	0.0546038	0.0538898	0.0630208	0.104168	0.000969647	0.0939841	0.0936296	0.0363811	0.0436511	0.0765329	0.0306715	0.0778233
181	0.0256049	0.000803789	0.000153939	0.000483827	0.0176434	0.000814558	0.000222836	0.483248	0.000197092	0.110488	0.00765182	0.000233527	0.000175056	0.000437034	0.000182016	0.00148351	0.0113775	0.335211	0.00278501	0.000803311
182	0.0844673	0.00433454	0.000168966	0.000344901	0.0538013	0.0234942	0.000318167	0.288112	0.00017476	0.257093	0.026701	0.0015423	0.0031165	0.000554302	0.000216343	0.021618	0.0464923	0.18244	0.000439415	0.00457152
183	0.0555844	0.00207176	0.00710765	0.0560588	0.0142566	0.00477992	0.08582	0.0619142	0.0459145	0.18787	0.022103	0.144175	0.00166973	0.105444	0.0872457	0.0140673	0.0181939	0.056653	0.00951274	0.0195589
184	0.0439991	0.00493356	0.00231979	0.00776748	0.0317803	0.0216924	0.00337645	0.155749	0.0032282	0.35175	0.0321664	0.00500165	0.164912	0.00513033	0.00893136	0.0127777	0.0507933	0.0834578	0.00414102	0.00609277
185	0.031127	0.00170994	0.0386022	0.00137592	0.153842	0.170645	0.00105466	0.0404136	0.00113434	0.245046	0.155829	0.00177075	0.00129893	0.00126731	0.0126898	0.0146115	0.0275722	0.0435637	0.0320743	0.024371
186	0.0469322	0.000812084	0.157634	0.227402	0.00404493	0.0486565	0.0271229	0.00418072	0.0880001	0.0162132	0.00681474	0.0598331	0.0167662	0.101206	0.0799787	0.0600371	0.0371211	0.00882136	0.00112424	0.00729881
187	0.127988	0.00650929	0.000850868	0.00308842	0.0163719	0.024687	0.000802367	0.177498	0.000884973	0.104803	0.0134682	0.00174019	0.00274652	0.00214467	0.00107721	0.0155417	0.05199	0.444308	0.001575	0.00192546
188	0.0424673	0.000409103	0.000234772	0.000625568	0.0981562	0.0072952	0.000349578	0.213578	0.000225891	0.311296	0.0109434	0.000349819	0.00066215	0.000770591	0.000305172	0.000827369	0.00815578	0.302055	0.000368108	0.000924932
