440	20
1	0.0218891	0.00233983	0.0031415	0.00361015	0.555345	0.00408744	0.00282943	0.0813295	0.0153047	0.0655434	0.0188649	0.011133	0.00196754	0.00985401	0.00486718	0.00709647	0.0109066	0.053728	0.0250224	0.10114
2	0.0430516	0.00019857	0.0177541	0.0826426	0.00721039	0.0111817	0.00416586	0.104744	0.109809	0.0348312	0.0124944	0.0462726	0.0129235	0.0744203	0.0758121	0.058592	0.185027	0.115256	0.000496941	0.00311591
3	0.0245743	6.75922e-05	0.00144063	0.00353984	0.00937953	0.00210001	0.000293954	0.332354	0.00552439	0.0717874	0.00894884	0.00156608	0.000673002	0.0033076	0.00109234	0.00461277	0.0156152	0.511763	0.000484511	0.000875558
4	0.029206	0.00152472	0.0576066	0.13319	0.00323413	0.00863835	0.0291358	0.0023869	0.221364	0.00992387	0.00112399	0.0703243	0.00037287	0.159083	0.122405	0.0827172	0.0531841	0.0078532	0.000248532	0.00647754
5	0.0503174	0.000565974	0.123975	0.0414655	0.00924195	0.104347	0.0261642	0.00427472	0.105163	0.00537742	0.00193198	0.356561	0.00110555	0.0285939	0.0633603	0.0423985	0.0188933	0.0058574	0.000885992	0.00952012
6	0.0250085	0.000412086	0.00108603	0.000810236	0.0769983	0.00319148	0.00075927	0.354876	0.00343863	0.202079	0.0257875	0.0016765	0.00158879	0.00564138	0.00133013	0.00406801	0.0108356	0.253278	0.00347623	0.023659
7	0.0164186	0.000624004	0.0161016	0.0988112	0.0088092	0.0125926	0.0332437	0.0153853	0.220825	0.0225624	0.00321675	0.031502	0.0182134	0.132751	0.280296	0.0450659	0.0275584	0.00890764	0.000463339	0.0066511
8	0.015689	0.000182714	0.000883087	0.000840477	0.0733937	0.00195394	0.0004706	0.401937	0.00491851	0.159376	0.0195691	0.00167749	0.000662312	0.00470023	0.00113186	0.00394631	0.00814872	0.289679	0.00145472	0.00938538
9	0.0151659	0.000399374	0.252359	0.124914	0.00250489	0.00762844	0.0211782	0.0221693	0.103272	0.0215039	0.00200731	0.204816	0.00190785	0.0843912	0.0459989	0.0484719	0.0290205	0.00490155	0.000876345	0.00651362
10	0.0221582	0.000149443	0.00481491	0.00206633	0.00119157	0.90845	0.000465953	0.00381698	0.00482	0.00312332	0.00119471	0.0123237	0.000878988	0.00452665	0.00212092	0.0206045	0.00384514	0.00207316	0.000324757	0.00105102
11	0.00781762	0.000242247	0.00284435	0.00276203	0.00310563	0.00161796	0.000990816	0.155059	0.00899767	0.683579	0.0373497	0.00995502	0.00101716	0.00934444	0.00314164	0.00413547	0.00665254	0.0593887	0.000479386	0.0015189
12	0.0256455	0.000638133	0.0973903	0.185837	0.00341209	0.0113528	0.0295808	0.00852392	0.163177	0.0104715	0.00274955	0.0674813	0.00297425	0.13365	0.0833484	0.0809644	0.0585661	0.0292719	0.000859039	0.00410613
13	0.087639	0.000902789	0.0167825	0.0193832	0.0190382	0.0725552	0.0471024	0.0171051	0.0455308	0.0205515	0.0149901	0.0961171	0.0287733	0.0737042	0.0988672	0.146194	0.119103	0.0458719	0.00234622	0.0274426
14	0.0877102	0.00101477	0.00539802	0.00676008	0.0489888	0.0167624	0.0010793	0.197569	0.00333	0.179726	0.0540014	0.00740162	0.00480547	0.00436177	0.00229739	0.0151636	0.0748238	0.265872	0.00963945	0.0132953
15	0.15582	0.000584122	0.104443	0.0817978	0.00572868	0.00780418	0.00370191	0.0307272	0.0202604	0.0273974	0.00340711	0.0246796	0.104693	0.0338894	0.00818586	0.205077	0.163065	0.0121877	0.00134818	0.00520304
16	0.145209	0.00032436	0.0112863	0.101806	0.00261607	0.0124364	0.00183856	0.00600605	0.0215673	0.019738	0.00217628	0.0178031	0.382041	0.0451556	0.0253811	0.118973	0.0490769	0.0334242	0.000616406	0.00252437
17	0.106646	0.000181699	0.0998281	0.077171	0.0156743	0.156882	0.0103389	0.0102836	0.0592786	0.00783813	0.00292513	0.100298	0.00269573	0.0524282	0.0251751	0.204572	0.0452456	0.0158191	0.00026063	0.00645825
18	0.113857	0.000351117	0.0126802	0.0349828	0.00534961	0.0280918	0.0089531	0.0189106	0.0676925	0.0100034	0.00529486	0.101045	0.0139396	0.061822	0.0543796	0.161519	0.262694	0.0302074	0.000623308	0.00760333
19	0.0560855	9.51178e-05	0.00291766	0.0100561	0.0309134	0.0038723	0.000532237	0.193858	0.00925565	0.0705087	0.00839772	0.00148279	0.00244054	0.00421019	0.00209459	0.00655379	0.0388277	0.551417	0.00287631	0.00360417
20	0.0214569	0.000912683	0.00449564	0.0125078	0.116168	0.00231241	0.0337353	0.112839	0.0709682	0.193463	0.0564177	0.0189583	0.00187046	0.0409907	0.0979992	0.0126676	0.0236521	0.0390239	0.00101999	0.138541
21	0.163607	0.000809189	0.0171886	0.00848819	0.0267439	0.0885444	0.0224059	0.00975577	0.0340307	0.0256688	0.0159825	0.0745426	0.0176097	0.0228032	0.020964	0.265249	0.120118	0.0236839	0.00217347	0.0396315
22	0.121972	0.000312208	0.0100075	0.0164802	0.043785	0.0445247	0.0286993	0.0141063	0.0405641	0.0396371	0.0298103	0.0600311	0.0205088	0.0372137	0.03468	0.224406	0.107453	0.0406119	0.00400286	0.0811944
23	0.0761614	0.000304274	0.00233833	0.00276672	0.0371194	0.0160903	0.000909346	0.206984	0.00342829	0.349255	0.0862715	0.00874315	0.00911812	0.0036022	0.00224702	0.0162436	0.063361	0.102001	0.00669896	0.00635634
24	0.0710849	0.000651957	0.0668456	0.0216421	0.00822979	0.407427	0.00248093	0.00458847	0.0385708	0.00744653	0.00400535	0.0488557	0.080205	0.0267305	0.0118119	0.144134	0.0395046	0.00932686	0.00105356	0.00540447
25	0.0175225	0.000451788	0.00105452	0.000651627	0.0922621	0.00144957	0.000482275	0.367379	0.00370011	0.226653	0.0273709	0.0011441	0.000968233	0.00726357	0.00150507	0.00334944	0.00936638	0.216494	0.00116103	0.0197706
26	0.0101628	0.000416529	0.00883697	0.0557524	0.00202119	0.00536232	0.0411536	0.00881154	0.26153	0.00484949	0.00134874	0.0334191	0.0384476	0.0968254	0.358549	0.034002	0.0285383	0.00313162	0.000237607	0.00660407
27	0.0630578	0.000299443	0.0165175	0.0469031	0.0109202	0.00224574	0.00135507	0.186841	0.0379823	0.0400738	0.00366129	0.00385451	0.0221954	0.0271489	0.0137938	0.0196271	0.0473266	0.449972	0.000795505	0.00542877
28	0.0597515	0.000573189	0.0391911	0.0124371	0.00188007	0.590385	0.00142272	0.00137227	0.0205462	0.00300332	0.00367597	0.0709677	0.00453663	0.0221549	0.0123918	0.113001	0.0297811	0.00758791	0.000195969	0.00514389
29	0.0420093	0.000410122	0.240434	0.349608	0.00156151	0.0246005	0.00585868	0.0035362	0.0586139	0.0087696	0.00310021	0.0231711	0.0114003	0.0957817	0.0297492	0.0710605	0.023032	0.0052768	0.00052457	0.00150196
30	0.0707528	0.00492669	0.0619287	0.0855032	0.00665701	0.00863816	0.0109231	0.00491366	0.115581	0.0182551	0.00372237	0.141616	0.00229152	0.0943135	0.0909889	0.110376	0.144486	0.0128523	0.000328173	0.010945
31	0.0142468	6.67449e-05	0.000524559	0.00059485	0.0139941	0.00230822	0.000303415	0.464248	0.00277134	0.11423	0.0120915	0.00159007	0.000255342	0.00374227	0.000759836	0.00369791	0.00502512	0.35625	0.000858896	0.00244106
32	0.0102963	0.000541659	0.00918364	0.0540897	0.00196685	0.00525706	0.041226	0.00848484	0.254994	0.00488023	0.0013243	0.0343323	0.0367036	0.0963305	0.368716	0.0336237	0.0275431	0.00312594	0.000361123	0.0070186
33	0.123057	7.85806e-05	0.093724	0.0756358	0.0194355	0.0743796	0.0140615	0.00787648	0.0722536	0.00857228	0.00299868	0.118221	0.000635275	0.0546095	0.0310423	0.224898	0.0535437	0.0183976	0.000161793	0.00641769
34	0.00604727	0.00012206	0.00138348	0.00130527	0.00352442	0.0013209	0.000661463	0.167862	0.00665031	0.690659	0.0385703	0.00468121	0.000958565	0.00765424	0.00209123	0.00243828	0.005158	0.0573712	0.000323347	0.00121738
35	0.00744505	0.000855485	0.00160353	0.00168477	0.356234	0.00141414	0.0166458	0.00333904	0.00387951	0.0208214	0.00536984	0.00504221	0.000297223	0.00166128	0.000803538	0.00791408	0.00209121	0.0068577	0.0101888	0.545851
36	0.139264	0.000105907	0.0874617	0.0765903	0.0173676	0.0751899	0.0124813	0.00774661	0.0791308	0.0115632	0.00301852	0.11039	0.000556363	0.0565538	0.0342627	0.209199	0.0517816	0.0188182	0.000197787	0.00832028
37	0.0137376	0.000340436	0.00263934	0.00298244	0.00194911	0.00937841	0.00141258	0.0189158	0.010957	0.02915	0.024197	0.00485194	0.00124527	0.0112961	0.0105613	0.198157	0.643705	0.0117056	0.00055839	0.00225922
38	0.0631753	0.000566991	0.0387869	0.0135238	0.00109305	0.593573	0.000427075	0.00102112	0.0227093	0.00224847	0.0035452	0.0620588	0.00455644	0.023639	0.0129491	0.11505	0.0283535	0.00695621	0.000222988	0.00554408
39	0.0120741	0.0022437	0.00792057	0.0108628	0.116591	0.00258032	0.0620727	0.0398407	0.0793156	0.173649	0.0428539	0.0626978	0.00181004	0.0425207	0.112592	0.013308	0.0210122	0.015802	0.00195919	0.178294
40	0.018489	0.00181104	0.00280959	0.00355092	0.637217	0.00496932	0.0023843	0.028502	0.010353	0.0418389	0.012853	0.0188832	0.00052688	0.00492443	0.00146504	0.010348	0.00850231	0.0307769	0.0254593	0.134335
41	0.041321	0.00062026	0.164259	0.161856	0.00596211	0.00896743	0.0072573	0.00258258	0.0761528	0.00556423	0.00230311	0.130709	0.00651582	0.04953	0.0712738	0.180234	0.0661419	0.016567	0.000372201	0.00181105
42	0.027352	0.000982235	0.139622	0.0283419	0.00942015	0.018047	0.0261612	0.0100113	0.102623	0.0192176	0.00262616	0.272881	0.00145065	0.0461718	0.0419592	0.135711	0.089304	0.0114897	0.00128385	0.0153447
43	0.0232426	7.3338e-05	0.00127976	0.00324532	0.009195	0.00209076	0.00029351	0.343638	0.00529354	0.0732553	0.00925201	0.00159843	0.000647921	0.00324477	0.00104471	0.00440893	0.0145072	0.502292	0.00052883	0.000867653
44	0.0302369	0.0012115	0.0521319	0.121077	0.0046116	0.0129321	0.025732	0.00217064	0.219906	0.0118294	0.00123098	0.0673588	0.000404576	0.171987	0.137967	0.0809672	0.0434742	0.00815726	0.000259164	0.00635472
45	0.0552281	0.000122134	0.03258	0.0606759	0.00981218	0.0106226	0.00648153	0.076388	0.12463	0.036652	0.0210806	0.0766042	0.00624225	0.0851778	0.0824382	0.0846227	0.133986	0.0918004	0.00018141	0.00467399
46	0.027275	0.000246933	0.00166891	0.00209601	0.0537472	0.00429943	0.00123495	0.281615	0.00540256	0.298526	0.0288479	0.00397875	0.00230071	0.00645913	0.00831909	0.00823053	0.016153	0.231881	0.00358541	0.0141326
47	0.0515922	0.000200123	0.0433581	0.0828485	0.00732073	0.00682325	0.00491022	0.0772231	0.14437	0.0339756	0.0222203	0.0485995	0.00881815	0.0979561	0.0706388	0.0659358	0.11814	0.109035	0.000624576	0.00541045
48	0.0514993	0.000487336	0.0467377	0.590469	0.00440891	0.00856977	0.00459658	0.00920314	0.0341746	0.0117494	0.0034661	0.0305182	0.0682848	0.0505189	0.0138794	0.0361678	0.0194632	0.011127	0.000918787	0.00376017
49	0.0273207	0.010135	0.026694	0.0456806	0.00791568	0.00565921	0.0425674	0.0055418	0.0985408	0.017714	0.00361078	0.100475	0.00619232	0.0819019	0.408141	0.0428281	0.0297708	0.00626827	0.00295088	0.0300914
50	0.108484	0.000243398	0.0117612	0.0408844	0.00219248	0.00858591	0.00115218	0.00359985	0.0168955	0.0123393	0.0050921	0.00990529	0.662149	0.014042	0.00966304	0.0572878	0.0226154	0.0107216	0.000483773	0.00190149
51	0.0977112	0.00153544	0.00548988	0.00644731	0.0284138	0.00580286	0.0219229	0.182723	0.0101099	0.0381048	0.00848054	0.0110188	0.00690256	0.0110104	0.00584419	0.114621	0.309505	0.123543	0.00207307	0.00873975
52	0.0169498	7.33731e-05	0.000810578	0.00161272	0.00911365	0.002144	0.000293995	0.438478	0.00339298	0.0960164	0.0104455	0.00147356	0.000418335	0.0036795	0.000991546	0.00387161	0.00748419	0.400598	0.000696044	0.00145648
53	0.297588	0.000976798	0.015446	0.00226603	0.00319474	0.150767	0.00780288	0.0028496	0.0343186	0.00504304	0.00106522	0.0531742	0.0112511	0.00701559	0.0113191	0.304481	0.0852617	0.00223354	0.000445588	0.00349994
54	0.116262	7.88339e-05	0.0952661	0.0768091	0.0188481	0.0738483	0.0135413	0.00802668	0.0731861	0.00856311	0.00298361	0.118258	0.00056311	0.0546172	0.031623	0.229367	0.0529962	0.0186137	0.000140119	0.00640867
55	0.0225966	0.000166703	0.00472476	0.00185294	0.000596031	0.911405	0.000387173	0.00256374	0.00501113	0.00199157	0.00109125	0.0113542	0.000702318	0.00444582	0.00198927	0.0226061	0.00372259	0.00151879	0.000192556	0.00108142
56	0.123252	0.000838145	0.00526314	0.00472589	0.0227221	0.0183782	0.00174127	0.152229	0.00558881	0.176257	0.0859847	0.096395	0.00670759	0.00557663	0.00379349	0.0282619	0.117978	0.127575	0.0090242	0.00770717
57	0.0147713	0.000490301	0.0854624	0.103484	0.00260525	0.00533888	0.045317	0.00546689	0.341823	0.0122138	0.00346133	0.0430164	0.00134112	0.0930537	0.100609	0.0810172	0.0410927	0.0113807	0.000849379	0.00720498
58	0.207199	0.000959231	0.0740535	0.146726	0.0055915	0.00476917	0.00652209	0.0734538	0.0758561	0.0739547	0.0443893	0.029483	0.00362021	0.00997402	0.00937982	0.0956348	0.0379446	0.0929242	0.0017902	0.00577493
59	0.013701	0.000206523	0.00064739	0.000605565	0.112312	0.000944588	0.000361722	0.352121	0.00259999	0.280048	0.031266	0.000765791	0.00103715	0.00369669	0.00102066	0.00299779	0.00789355	0.174239	0.0014497	0.0120856
60	0.0538692	0.000287468	0.138979	0.230329	0.00334742	0.0255476	0.00359666	0.0102845	0.0978141	0.0211227	0.00165542	0.0288528	0.119917	0.0878049	0.0206967	0.110315	0.0294248	0.0133066	0.000874791	0.00197372
61	0.0353838	0.000166948	0.157826	0.184478	0.00661583	0.0185807	0.0120257	0.0037097	0.0980616	0.00671485	0.00171353	0.110424	0.00408559	0.0477525	0.035136	0.160082	0.09417	0.0168689	0.000395356	0.00580898
62	0.044582	0.000376526	0.0998334	0.0950334	0.00248833	0.00228336	0.00202745	0.107971	0.121485	0.0436688	0.0122494	0.00453609	0.037559	0.125705	0.0280889	0.0204961	0.0573606	0.175063	0.00219729	0.0169949
63	0.0601746	0.000498131	0.0349563	0.0105227	0.000911455	0.64078	0.000322633	0.00110882	0.0168823	0.00233165	0.00380123	0.0522092	0.00356522	0.0202196	0.0114845	0.106106	0.0227191	0.00635915	0.000167475	0.00488001
64	0.0323507	0.000508592	0.105551	0.209517	0.00222936	0.0229466	0.0240838	0.00241975	0.128158	0.0150676	0.00339433	0.0646289	0.000994639	0.180896	0.0959429	0.0781649	0.0243448	0.00567229	0.000252977	0.00287725
65	0.0721487	0.00111225	0.00854428	0.0139226	0.0297221	0.00416033	0.00413634	0.17771	0.0346498	0.0386858	0.00797211	0.014018	0.116116	0.0163226	0.00681492	0.117018	0.0955121	0.189141	0.00512714	0.0471661
66	0.0171656	0.00229454	0.00244235	0.00214578	0.216604	0.00274369	0.00703751	0.0681289	0.00342678	0.305557	0.0432461	0.00493712	0.00184932	0.00348475	0.00252544	0.011754	0.0117435	0.0704391	0.0242089	0.198266
67	0.0159495	0.000694432	0.223772	0.0583015	0.00419365	0.00591563	0.0254452	0.0216073	0.101225	0.0248527	0.00138473	0.291167	0.00112833	0.0601952	0.0450659	0.0578769	0.043987	0.00448123	0.00109206	0.0116648
68	0.0109131	0.000415063	0.0096678	0.0564144	0.00210549	0.00534044	0.040716	0.00911054	0.259411	0.0050089	0.00134026	0.0335861	0.0421718	0.0965541	0.354898	0.0339048	0.0284977	0.00317007	0.000237435	0.00653679
69	0.164968	0.000413365	0.0161205	0.0235922	0.0451088	0.0445884	0.0265419	0.0122703	0.0396957	0.0385267	0.0237389	0.0625695	0.0229219	0.0384135	0.0297563	0.211089	0.103493	0.0319107	0.00339109	0.0608906
70	0.0913134	0.00112687	0.00840959	0.0110457	0.0441849	0.00488159	0.0044583	0.0636261	0.143009	0.0762646	0.122532	0.0200872	0.00652737	0.0541507	0.0378789	0.0760409	0.13433	0.0921025	0.0018183	0.00621299
71	0.00561132	0.000117652	0.00128945	0.00127561	0.00141676	0.00131886	0.000545492	0.167814	0.00653485	0.697445	0.0378131	0.0046208	0.000937904	0.00706733	0.00167916	0.00200894	0.00488525	0.0566529	0.000236566	0.00072934
72	0.0457882	0.00036855	0.142625	0.225477	0.0318063	0.0394877	0.0147155	0.00540334	0.0355465	0.0176013	0.00197466	0.109931	0.00289944	0.0503334	0.00626692	0.0978876	0.111838	0.0101745	0.000754165	0.0491203
73	0.0511312	0.00236199	0.0389408	0.0549066	0.0129583	0.0229163	0.0167542	0.0229915	0.136907	0.0354513	0.0137757	0.129941	0.00198654	0.136397	0.094906	0.0764547	0.0972399	0.0388696	0.000536756	0.014573
74	0.0903132	0.000364193	0.072917	0.0678216	0.0120326	0.268167	0.00833382	0.00580434	0.0455735	0.00686971	0.00342188	0.0909194	0.00227868	0.0437343	0.0246769	0.184521	0.0505122	0.0145407	0.000304302	0.00689352
75	0.00620704	0.000119152	0.00119962	0.00119392	0.0109967	0.00111714	0.000529549	0.185517	0.00621027	0.660981	0.0362811	0.00417542	0.000809947	0.0066826	0.00157746	0.00204073	0.00501531	0.0673505	0.000276435	0.00171903
76	0.0288544	0.000418259	0.00337076	0.0877765	0.0119965	0.0024915	0.0224533	0.042434	0.17539	0.155979	0.00300784	0.00355717	0.0115306	0.247561	0.0884565	0.028452	0.0371565	0.03695	0.000741977	0.011422
77	0.0400425	0.000273875	0.148822	0.245289	0.00172374	0.0226677	0.0167539	0.00324532	0.0883287	0.0139103	0.00380119	0.063929	0.00330752	0.170943	0.077604	0.0678796	0.0219619	0.00718828	0.000366917	0.0019617
78	0.0525355	0.000789012	0.00719312	0.089342	0.0389847	0.00469094	0.0364662	0.0465296	0.0871481	0.214028	0.00537959	0.00795203	0.00309332	0.160883	0.0568892	0.071443	0.0387703	0.0612624	0.00175453	0.0148648
79	0.00897698	0.000976605	0.00172302	0.00168108	0.353577	0.00144274	0.0158633	0.0083854	0.00411717	0.0312825	0.0061559	0.00547626	0.000368603	0.00189415	0.000903695	0.00797133	0.00271113	0.0107363	0.0119151	0.523841
80	0.0305095	0.000889474	0.00400364	0.0162367	0.0736072	0.0399356	0.0546099	0.116818	0.00666644	0.0646549	0.00457031	0.0480489	0.00181723	0.0222115	0.00465568	0.0374968	0.0927419	0.0928679	0.0212148	0.266444
81	0.0589797	0.000388976	0.0249652	0.045902	0.0179469	0.00897081	0.00553632	0.0839511	0.13317	0.0505495	0.0416347	0.0689467	0.00631366	0.0796783	0.0781274	0.077201	0.124618	0.0872057	0.000598608	0.00531512
82	0.0384181	0.000302154	0.0180234	0.00581982	0.000813848	0.790687	0.000378844	0.00204078	0.0103068	0.00235371	0.00219672	0.0287383	0.00240267	0.011236	0.00587318	0.0618273	0.0120415	0.00358913	0.000168838	0.00278185
83	0.0134423	0.00221548	0.00723026	0.0119412	0.109876	0.00242729	0.0564911	0.0452104	0.0841642	0.17002	0.0498687	0.0512742	0.00150245	0.0423842	0.119388	0.0120183	0.0210079	0.0176816	0.00137829	0.180478
84	0.0222849	0.00973718	0.00767483	0.00426428	0.2063	0.00443829	0.0305839	0.0729485	0.0138544	0.118599	0.0183604	0.0157953	0.0026436	0.0122189	0.0168189	0.0115607	0.0152233	0.0392479	0.0183423	0.359104
85	0.0775537	0.00133674	0.0774739	0.0166685	0.00559152	0.0942535	0.0135778	0.00304388	0.0251754	0.0134684	0.00268724	0.316843	0.00318385	0.0101734	0.00959742	0.241785	0.0693735	0.0126939	0.000658039	0.00486138
86	0.453861	0.0002827	0.00518074	0.00524291	0.0235105	0.0360747	0.00222957	0.05761	0.00604677	0.0435816	0.00758866	0.00395044	0.0245574	0.0052196	0.00216837	0.102741	0.0962876	0.0932858	0.00365954	0.0269209
87	0.0154586	0.000196927	0.124443	0.193289	0.00184677	0.00615161	0.0268081	0.00726562	0.17539	0.00328359	0.00120499	0.0666658	0.00198668	0.0945918	0.0531862	0.111279	0.0878294	0.025911	0.000897113	0.00231464
88	0.0211911	6.07284e-05	0.00112983	0.00227078	0.00939912	0.00220203	0.000276911	0.365802	0.00440258	0.0783555	0.0106227	0.0016016	0.000392549	0.00330112	0.000862183	0.00413499	0.0123214	0.480035	0.000564541	0.00107323
89	0.0149326	0.000157703	0.123838	0.194041	0.0017504	0.00635686	0.0277339	0.0070777	0.176934	0.00309057	0.00108168	0.0659888	0.00200965	0.0954894	0.0521797	0.111189	0.0873127	0.025666	0.000902952	0.00226663
90	0.0550738	0.000113636	0.032394	0.062468	0.00953837	0.0103183	0.00647757	0.0774905	0.125001	0.036302	0.0206156	0.074527	0.00636602	0.0845148	0.0822121	0.0836851	0.134871	0.0933117	0.000184588	0.00453444
91	0.0456328	0.000255046	0.00362508	0.0129112	0.0170018	0.00137384	0.000567511	0.187963	0.0121162	0.0338793	0.00351327	0.00167685	0.00262354	0.00575702	0.00266189	0.0079695	0.0481315	0.61051	0.00037607	0.00145411
92	0.0427888	0.000182921	0.0195136	0.0940539	0.00719274	0.00909052	0.00396347	0.0975958	0.112549	0.0322705	0.0140617	0.0480556	0.00892256	0.0744833	0.0750286	0.0655547	0.189012	0.102343	0.000400733	0.00293647
93	0.0745722	0.000477275	0.0981686	0.121206	0.0115171	0.00703896	0.0110686	0.0251192	0.0977127	0.0228393	0.0017668	0.0532075	0.267759	0.0519411	0.0531531	0.0441478	0.0388856	0.0161748	0.000661406	0.00258231
94	0.0325853	0.000745677	0.0236398	0.0267412	0.00572679	0.00420904	0.00599146	0.0710247	0.0193455	0.515936	0.0596907	0.0442512	0.00255657	0.0497564	0.0345334	0.0320282	0.0192105	0.044969	0.00158144	0.00547705
95	0.10411	0.000440582	0.174886	0.0668228	0.00407736	0.0139878	0.00237345	0.00748325	0.0294297	0.00903796	0.00194864	0.0607446	0.240149	0.0362452	0.00583741	0.137547	0.096721	0.00536304	0.000615466	0.00217959
96	0.0520309	0.000402388	0.129452	0.0454515	0.0089814	0.107952	0.0289565	0.00345866	0.0987347	0.00443413	0.00159042	0.387466	0.000949937	0.0266492	0.0680617	0.0148724	0.00734166	0.00322415	0.000574012	0.00941583
97	0.0351812	0.000570893	0.0709883	0.0273562	0.00675608	0.0740832	0.022069	0.00455096	0.0556581	0.00902971	0.00238073	0.543533	0.00157024	0.0180256	0.0576481	0.0305577	0.017444	0.00556971	0.000849589	0.0161778
98	0.082856	0.00114061	0.0167013	0.0215475	0.0204886	0.0492927	0.0154773	0.0132037	0.0430536	0.0243111	0.0347163	0.08763	0.0093886	0.106046	0.0765792	0.190954	0.129586	0.0256406	0.00362337	0.0477637
99	0.0554766	0.000173277	0.00373458	0.0128687	0.0153648	0.0023292	0.0014361	0.192506	0.0121238	0.0381138	0.0057373	0.00282837	0.00600366	0.00565529	0.00322442	0.0169241	0.0508556	0.57089	0.000720917	0.00303275
100	0.118321	0.000117669	0.10582	0.0791587	0.0193003	0.0850159	0.0131192	0.0104612	0.0716984	0.0083932	0.00295633	0.113206	0.000798653	0.0540368	0.0283276	0.216724	0.0485241	0.0176327	0.000208016	0.00618034
101	0.0139737	5.94417e-05	0.000507342	0.000562432	0.0108065	0.00226472	0.000301871	0.463595	0.00258335	0.111937	0.0120038	0.00149298	0.000232543	0.00363131	0.00081872	0.00366333	0.00411798	0.364715	0.000774323	0.00195816
102	0.0534523	0.00320821	0.0674952	0.0581666	0.0072774	0.00813498	0.0242032	0.01655	0.135476	0.063933	0.00721876	0.132776	0.00104509	0.0802225	0.0959299	0.0906783	0.09882	0.0325165	0.000425684	0.02247
103	0.183783	0.000531976	0.0067197	0.0229167	0.0112253	0.00354262	0.00816019	0.0846766	0.0541571	0.0224362	0.00355608	0.0131683	0.107287	0.0286703	0.00694711	0.189561	0.132537	0.1051	0.00114113	0.0138842
104	0.20344	0.000824406	0.0117876	0.0149881	0.0330271	0.0225194	0.00779052	0.0434233	0.0183092	0.0240225	0.00714359	0.0258775	0.0236234	0.0175875	0.0105486	0.337562	0.13279	0.040367	0.00223443	0.0221339
105	0.0417415	0.000291342	0.0102804	0.0317667	0.00489928	0.013989	0.0031831	0.0174608	0.499676	0.0270622	0.00690524	0.021259	0.000883513	0.0409801	0.164146	0.0633026	0.0277907	0.0136324	0.000814303	0.00993524
106	0.0421596	6.75698e-05	0.000838535	0.00105912	0.0592075	0.00675372	0.000294198	0.328295	0.00288583	0.176762	0.0235724	0.00145447	0.00108355	0.00393436	0.00101265	0.00352905	0.0137965	0.317827	0.00560863	0.00985846
107	0.0480979	0.000562571	0.0274176	0.0487676	0.00990107	0.0335337	0.00795195	0.0145804	0.328799	0.0162827	0.00204451	0.0438894	0.000766879	0.0971485	0.171884	0.0744898	0.0386026	0.0282441	0.000564677	0.00647126
108	0.0286366	0.000213532	0.129933	0.244669	0.00196415	0.0262232	0.0218901	0.00335122	0.103374	0.0126625	0.00383482	0.0664373	0.00250691	0.149436	0.0651095	0.099269	0.0309345	0.00744267	0.000302297	0.00181021
109	0.0217272	0.000141395	0.000785938	0.000676794	0.0642142	0.00293968	0.00040632	0.385072	0.00335218	0.175146	0.0239999	0.00134011	0.000624598	0.00486702	0.0010028	0.00331265	0.00894167	0.289104	0.00229861	0.010047
110	0.0148438	0.000945315	0.0155295	0.0654941	0.00258754	0.00579232	0.0407865	0.00931937	0.249804	0.00683658	0.0013861	0.0461431	0.0312745	0.098961	0.320662	0.0427123	0.035097	0.00442895	0.000233938	0.00716192
111	0.0138804	0.000370375	0.00119067	0.000908521	0.141987	0.00100697	0.000702817	0.369112	0.00357886	0.237713	0.0251986	0.00142271	0.00138014	0.00421973	0.00123985	0.00434736	0.00897956	0.16621	0.00146892	0.0150825
112	0.0449226	0.000106095	0.00385174	0.0134603	0.0160607	0.00128485	0.000567077	0.189617	0.0120013	0.0319199	0.00255021	0.00151108	0.00261766	0.005165	0.00268277	0.0074935	0.0434703	0.619706	0.000261913	0.000749337
113	0.0187327	0.000163926	0.00183511	0.000998891	0.000587904	0.939201	0.000389292	0.00282048	0.0035902	0.00198334	0.000839364	0.00687051	0.000492581	0.00292099	0.00117272	0.0136709	0.00170652	0.001101	0.0001938	0.000728712
114	0.0733223	0.000458922	0.0750731	0.027287	0.00759655	0.0386004	0.014326	0.00915951	0.0377838	0.0086989	0.00430579	0.313579	0.00600903	0.0245287	0.0204978	0.188979	0.115377	0.0271686	0.00117804	0.00607025
115	0.0182976	0.000446272	0.0657871	0.159586	0.00156489	0.00559426	0.0389994	0.00362509	0.228233	0.00587522	0.000769422	0.0627362	0.000415995	0.151118	0.101626	0.0796136	0.0579714	0.0111199	0.000388244	0.00623285
116	0.306294	0.000501157	0.0642209	0.0301038	0.00377593	0.00341599	0.0298057	0.066602	0.0652196	0.0514239	0.00610661	0.0069923	0.00268317	0.00547201	0.00441947	0.0988856	0.0229626	0.226169	0.00123489	0.00371119
117	0.0235965	0.00199618	0.00288421	0.00203629	0.520916	0.00343069	0.00552571	0.0734995	0.00667631	0.0675046	0.0144412	0.0100773	0.00166029	0.00528	0.00125963	0.00572342	0.00850221	0.0510549	0.0288668	0.165068
118	0.0573766	0.000535913	0.128976	0.027034	0.00299048	0.0279076	0.0034829	0.00505369	0.072502	0.00612485	0.00251607	0.0217586	0.0279326	0.00545106	0.0357347	0.46054	0.10497	0.00521923	0.00105099	0.00284315
119	0.0256894	0.00174689	0.203132	0.0634071	0.0051398	0.00517788	0.0238512	0.0167119	0.102618	0.0258725	0.0019574	0.2577	0.00106848	0.06516	0.0549266	0.0705857	0.0565053	0.00630017	0.000940889	0.0115088
120	0.0147148	0.00044005	0.0135698	0.0654503	0.00375155	0.00801123	0.0379891	0.00999437	0.249157	0.0147091	0.00163799	0.0350124	0.0271946	0.116082	0.310898	0.0434104	0.0308959	0.0084439	0.000285999	0.00835214
121	0.011617	0.00130593	0.00202693	0.00174869	0.419792	0.00183605	0.0128718	0.0146304	0.00510338	0.0321207	0.00797232	0.0060887	0.000400561	0.00267592	0.000963719	0.00735651	0.00396884	0.0180179	0.0151198	0.434383
122	0.118451	8.44827e-05	0.0962191	0.0769469	0.0194249	0.0749455	0.0140527	0.00796632	0.0732766	0.00846126	0.00302192	0.11888	0.000434925	0.055286	0.0309064	0.223454	0.0530302	0.018708	0.000165346	0.00628409
123	0.0104171	0.000417319	0.00894213	0.0557039	0.00210596	0.00553095	0.040828	0.0088756	0.261943	0.00492912	0.00133363	0.0333317	0.0382226	0.0970938	0.357428	0.0342722	0.028585	0.00322011	0.000237381	0.00658301
124	0.0461563	0.000218611	0.162949	0.246545	0.003348	0.0156326	0.00754216	0.00594393	0.0905632	0.0117747	0.00156804	0.0622104	0.033105	0.102391	0.0361821	0.0920403	0.0570672	0.0221616	0.000624287	0.00197748
125	0.0550381	0.000872284	0.0324397	0.0510924	0.00881486	0.0357022	0.00847075	0.0169071	0.279875	0.0173309	0.00358763	0.0469062	0.00206767	0.101103	0.174909	0.0672198	0.0578377	0.0326421	0.00077081	0.00641298
126	0.00839692	0.00099126	0.00212052	0.0020576	0.168932	0.00247715	0.00175201	0.0919209	0.0030177	0.402757	0.11114	0.00247733	0.00344311	0.00320048	0.00629512	0.011598	0.0123758	0.0853962	0.01178	0.0678709
127	0.118538	8.03902e-05	0.0959558	0.0769229	0.0193716	0.0750906	0.0138724	0.00799042	0.0734336	0.00845301	0.00304713	0.118561	0.00040821	0.0555707	0.0310664	0.223871	0.0525237	0.0187911	0.000162945	0.00628885
128	0.347742	0.000945226	0.00977784	0.0604483	0.00811206	0.124579	0.004379	0.00859438	0.110474	0.0370695	0.00497877	0.0591992	0.00367984	0.0787627	0.0361194	0.0237283	0.0391077	0.0110588	0.00184166	0.0294026
129	0.0777369	0.000692363	0.0605293	0.0196041	0.00360013	0.479194	0.00210301	0.00364259	0.0229746	0.00483349	0.00382019	0.0642542	0.00703505	0.0258384	0.0133591	0.160324	0.0340112	0.00971288	0.000619054	0.00611522
130	0.00561132	0.000117652	0.00128945	0.00127561	0.00141676	0.00131886	0.000545492	0.167814	0.00653485	0.697445	0.0378131	0.0046208	0.000937904	0.00706733	0.00167916	0.00200894	0.00488525	0.0566529	0.000236566	0.00072934
131	0.0295154	0.00068931	0.0916269	0.190819	0.00258826	0.0166735	0.0253865	0.00405841	0.155951	0.0125719	0.00264847	0.0669223	0.00221352	0.162853	0.100381	0.0832159	0.0384426	0.00894711	0.00041057	0.00408533
132	0.131733	0.00024681	0.0296542	0.0392371	0.00624175	0.0417171	0.0123911	0.0273253	0.0773499	0.0119116	0.00389413	0.103695	0.00807757	0.048113	0.0469512	0.159385	0.214362	0.0331553	0.000431977	0.00412617
133	0.00561132	0.000117652	0.00128945	0.00127561	0.00141676	0.00131886	0.000545492	0.167814	0.00653485	0.697445	0.0378131	0.0046208	0.000937904	0.00706733	0.00167916	0.00200894	0.00488525	0.0566529	0.000236566	0.00072934
134	0.0107157	0.000427174	0.0094384	0.0564856	0.00201734	0.00560442	0.0408919	0.00872293	0.262142	0.00478553	0.0013516	0.0344595	0.0374531	0.0969612	0.353759	0.0348104	0.0297196	0.00337263	0.000240902	0.00664119
135	0.0734306	0.000390834	0.120372	0.085999	0.00930955	0.0316622	0.0169402	0.00480694	0.0535247	0.0067762	0.00270759	0.167561	0.00357472	0.0299743	0.0449945	0.239779	0.0826784	0.0204578	0.000552337	0.00450839
136	0.00743466	0.000837383	0.001567	0.0017653	0.367587	0.00148098	0.0161503	0.00353556	0.00405262	0.0211879	0.00542606	0.00524048	0.000298452	0.00163777	0.000801217	0.00796714	0.00209281	0.00702078	0.0108155	0.533101
137	0.00947824	0.00102572	0.00308464	0.00203555	0.321263	0.00254644	0.0171767	0.00657599	0.00531125	0.0242025	0.00604168	0.00841072	0.000714063	0.00290287	0.00241595	0.0131838	0.0101903	0.00899197	0.0105033	0.543946
138	0.0169344	0.000832488	0.00946334	0.00865639	0.0105567	0.00326087	0.0186942	0.0477841	0.0462779	0.476804	0.101623	0.0113698	0.0020177	0.135305	0.0480058	0.0161947	0.0277566	0.0112461	0.000928895	0.00628873
139	0.014335	0.000276306	0.373819	0.0163869	0.00208657	0.00190261	0.00176512	0.0056197	0.00517615	0.00370736	0.00720293	0.422161	0.00177369	0.0108958	0.00724317	0.0707824	0.0285244	0.019523	0.00460517	0.00221326
140	0.0188359	0.00243604	0.0167238	0.024659	0.00148085	0.00128511	0.0413649	0.00199635	0.0355875	0.00806407	0.00140656	0.0825472	0.000773776	0.0963871	0.623148	0.0281372	0.00291957	0.00212629	0.00537258	0.00474858
141	0.018993	0.000191663	0.00196682	0.000920612	0.000592283	0.938143	0.000385932	0.00278067	0.00373047	0.00198289	0.000860972	0.00718828	0.000544541	0.00293967	0.00121931	0.013812	0.00175367	0.00108742	0.000192993	0.000713624
142	0.00762897	0.000846781	0.00180508	0.00183056	0.353851	0.00156079	0.0167296	0.00380897	0.00391262	0.0211757	0.00541645	0.00531327	0.00033688	0.00169321	0.000921835	0.00824548	0.00280196	0.00720292	0.0103009	0.544618
143	0.0249298	0.000200207	0.000612816	0.000642575	0.11027	0.00317229	0.000386027	0.318749	0.00244729	0.280853	0.0317909	0.00093461	0.00120589	0.00358171	0.00105419	0.00318283	0.0100988	0.187468	0.0035259	0.0148944
144	0.0155894	0.000710223	0.309527	0.0746636	0.00392929	0.00831082	0.0119976	0.0131986	0.188848	0.0137155	0.00309365	0.144714	0.00179414	0.0557585	0.0887811	0.0234991	0.0149531	0.00674533	0.00159958	0.018571
145	0.0550759	0.001861	0.00319386	0.00287438	0.466903	0.00835477	0.00287414	0.0735198	0.00805917	0.0839614	0.0329827	0.00734798	0.00195794	0.0062512	0.00349337	0.0090533	0.015841	0.122956	0.0203915	0.0730476
146	0.0651096	0.00688613	0.0731401	0.0818608	0.00792383	0.00818594	0.0130799	0.004185	0.136924	0.0226645	0.00423908	0.146147	0.00102286	0.105155	0.110803	0.102716	0.0856672	0.0136845	0.000219187	0.0103872
147	0.0132627	6.79402e-05	0.000522159	0.000573421	0.00771984	0.00216696	0.00031036	0.473333	0.00256345	0.103067	0.0108659	0.00150707	0.000217202	0.00367573	0.000799461	0.00365327	0.00377752	0.369872	0.000714689	0.00133023
148	0.0226989	0.00038118	0.379328	0.1784	0.00271686	0.00430725	0.00288453	0.00618633	0.0468678	0.0308428	0.0024148	0.128374	0.00128919	0.0290921	0.0032501	0.0233659	0.0909908	0.0431957	0.00109088	0.00232281
149	0.0426438	0.00019323	0.142265	0.175316	0.00838235	0.0270517	0.0164308	0.0056133	0.0801263	0.00913407	0.0020815	0.0847713	0.0323827	0.052001	0.0307708	0.18322	0.084657	0.014153	0.000631256	0.00817449
150	0.13256	0.000489512	0.00808132	0.0183191	0.0133853	0.0157969	0.0192791	0.0630993	0.0642164	0.0196797	0.00776716	0.040762	0.0717922	0.0277002	0.0181126	0.19455	0.175383	0.0915035	0.00179598	0.0157264
151	0.0298104	0.00111599	0.193755	0.113584	0.00688554	0.00750995	0.00973079	0.0286209	0.134266	0.0232441	0.00862938	0.0322745	0.0160413	0.111615	0.0248803	0.0716908	0.0459057	0.101011	0.0283306	0.0110985
152	0.0454723	0.000276553	0.002864	0.0089669	0.0161582	0.00246638	0.000780586	0.240586	0.00913843	0.0583903	0.00836534	0.00211721	0.00235511	0.0049141	0.00224467	0.010847	0.0415574	0.539276	0.000906074	0.0023173
153	0.0859784	0.00278588	0.062771	0.062669	0.0087853	0.0266968	0.0100211	0.00774871	0.0973488	0.0199242	0.00648778	0.13408	0.00177681	0.0977105	0.0605304	0.162312	0.125509	0.0164147	0.000709988	0.00973968
154	0.0247147	0.000347635	0.00103856	0.00110031	0.134465	0.00504178	0.000596887	0.147752	0.00131173	0.359646	0.069896	0.00152402	0.00345985	0.00136708	0.00159334	0.00854066	0.0156172	0.156237	0.0152124	0.0505388
155	0.0239231	0.000308661	0.00747706	0.0152049	0.0028283	0.00257967	0.00117344	0.0131348	0.00883478	0.0241284	0.00329467	0.0424773	0.00096974	0.0200778	0.00676795	0.634569	0.185279	0.00390698	0.000656426	0.00240772
156	0.0666536	0.000330962	0.120276	0.187335	0.00608761	0.0140011	0.00737192	0.0153667	0.0914585	0.0186696	0.00178204	0.0491132	0.184913	0.0761573	0.0431096	0.0702869	0.0326743	0.0120776	0.00050912	0.00182573
157	0.0313434	0.000294255	0.265043	0.115691	0.00538809	0.0551412	0.0152808	0.00530809	0.0741725	0.0112109	0.00168196	0.285833	0.00104855	0.028894	0.0329088	0.0196766	0.0317594	0.0129451	0.00077069	0.00560806
158	0.017851	0.000734	0.0240462	0.0296625	0.00456113	0.00386891	0.0098834	0.0113315	0.423071	0.0641975	0.0119833	0.012768	0.00395664	0.030952	0.285988	0.0354724	0.0149118	0.00764327	0.0015376	0.00557962
159	0.0200115	0.000603046	0.0632399	0.153567	0.00197874	0.00664397	0.0356823	0.00329671	0.229415	0.00667135	0.000696686	0.0617975	0.000591403	0.152108	0.111261	0.0805631	0.0553334	0.0101986	0.000341297	0.00600023
160	0.11827	8.1676e-05	0.0963362	0.077354	0.0195209	0.0754608	0.0141983	0.00796168	0.073136	0.00838627	0.00300925	0.118034	0.000466596	0.0553418	0.031136	0.223539	0.0526204	0.0188075	0.000168264	0.00617222
161	0.0212581	0.000248213	0.000836495	0.000829243	0.0240338	0.00319461	0.000410925	0.403531	0.00336592	0.125314	0.0224172	0.00175377	0.000277902	0.00553461	0.000997619	0.00444995	0.00850089	0.3653	0.00140668	0.00633935
162	0.0411243	0.000673756	0.0376821	0.0051415	0.225224	0.0262116	0.0456785	0.00597492	0.0180497	0.00880479	0.00257274	0.0515272	0.0018185	0.00700103	0.029322	0.0661954	0.087112	0.00585396	0.00312541	0.330907
163	0.0131331	7.19637e-05	0.000506674	0.000554868	0.00752811	0.00219723	0.00031693	0.473738	0.00255932	0.104575	0.0107035	0.00151797	0.000227549	0.00354895	0.000776018	0.00366107	0.00381369	0.368541	0.000701173	0.00132776
164	0.129404	0.000519068	0.0181662	0.0357251	0.00576843	0.0496739	0.0102901	0.0423347	0.074936	0.0125227	0.00521599	0.122825	0.0080976	0.0360124	0.0356556	0.129213	0.230878	0.0481323	0.00067667	0.00395231
165	0.018726	0.000141938	0.000660517	0.000618911	0.0761034	0.00168418	0.000250108	0.375801	0.00332281	0.208804	0.0262522	0.000944638	0.000387492	0.00547646	0.00102211	0.00305464	0.00862627	0.25479	0.00136441	0.0119682
166	0.0825536	0.000237164	0.0734908	0.0332348	0.0116648	0.0651976	0.022014	0.00643194	0.0586434	0.00983839	0.00553576	0.197861	0.00300774	0.0405534	0.029295	0.211702	0.11459	0.0219569	0.000529629	0.0116626
167	0.0155448	5.57603e-05	0.000553787	0.000595768	0.0116015	0.00247281	0.000281386	0.443735	0.00271154	0.113831	0.0136525	0.00149558	0.000210452	0.0037558	0.000786846	0.00354936	0.00438162	0.377665	0.000941442	0.00217822
168	0.036356	0.000419289	0.146143	0.0633018	0.00479098	0.00934112	0.0566071	0.0101436	0.0721053	0.00671266	0.00383993	0.184444	0.00229177	0.01252	0.0274762	0.186005	0.147286	0.0261579	0.000762401	0.0032959
169	0.0396097	0.000817119	0.0158369	0.783058	0.0054807	0.00569672	0.00478042	0.00797759	0.0158293	0.00932497	0.00488857	0.0190782	0.0136291	0.0231124	0.00881666	0.0163323	0.0113706	0.0084976	0.00136498	0.00449814
170	0.0186784	0.000163763	0.00171398	0.000868178	0.000586957	0.940385	0.000379831	0.00277805	0.00363469	0.00199729	0.000837589	0.00674749	0.000514061	0.00280345	0.00112996	0.0131694	0.00166562	0.00105045	0.000194196	0.000702124
171	0.0520408	0.000265316	0.148337	0.261225	0.00300563	0.0256905	0.00360709	0.0115557	0.0986059	0.0267421	0.00170071	0.0262247	0.0941344	0.104656	0.0170466	0.0810621	0.0251663	0.0161385	0.000884735	0.00191074
172	0.0131145	0.000673371	0.00400724	0.0237719	0.00331043	0.00282738	0.00438353	0.0785996	0.241395	0.0416776	0.00538301	0.00516731	0.0741692	0.270269	0.141567	0.00766409	0.0246138	0.0506922	0.000701665	0.00601154
173	0.00744296	0.000855529	0.00161532	0.00167486	0.355112	0.0014096	0.0166108	0.0033682	0.00388032	0.0207852	0.00536349	0.00505503	0.000297943	0.00166984	0.000791167	0.00789211	0.0020938	0.00687168	0.0101899	0.547021
174	0.025319	0.000533061	0.0306199	0.00914188	0.0164312	0.00812532	0.0542079	0.0347391	0.292513	0.0200301	0.00275543	0.0721512	0.00173192	0.0549303	0.0878525	0.0312483	0.197435	0.0393124	0.000930621	0.0199914
175	0.0179385	7.77845e-05	0.00066382	0.000627641	0.0439395	0.00241696	0.000274024	0.398986	0.00368441	0.157274	0.0201384	0.00147399	0.000294844	0.00461211	0.000862185	0.00330274	0.0071505	0.327626	0.00208726	0.00656875
176	0.062409	0.000568461	0.0388476	0.013295	0.00120763	0.593994	0.000521503	0.00114852	0.0227861	0.0024587	0.00354932	0.0633724	0.00466521	0.0235531	0.0127942	0.113216	0.028891	0.00697964	0.000227659	0.00551529
177	0.0452297	0.000405177	0.247342	0.350347	0.00159288	0.0233786	0.00473541	0.00336129	0.0565579	0.00888199	0.00279199	0.0211344	0.0112197	0.0958386	0.030633	0.0663994	0.0223804	0.00559611	0.000548039	0.00162682
178	0.0395341	0.00313609	0.00553619	0.0228602	0.0569371	0.00550622	0.00341775	0.142527	0.0234557	0.0896405	0.0358048	0.0115213	0.0241422	0.0120619	0.0194308	0.0257998	0.243278	0.156764	0.0360735	0.0425727
179	0.0075867	0.00082923	0.00160184	0.00187291	0.368313	0.00152564	0.0160562	0.00367747	0.00405885	0.0214214	0.00543263	0.00531346	0.000301074	0.00170942	0.000799047	0.00801003	0.00217157	0.00718683	0.01077	0.531363
180	0.0695893	0.000706603	0.122881	0.100335	0.00917991	0.0259381	0.0171979	0.00446911	0.0583222	0.00706956	0.00236898	0.150179	0.0050545	0.0346945	0.0678019	0.247537	0.0574577	0.0147807	0.000672107	0.0037656
181	0.0212987	0.000726272	0.00367821	0.0142399	0.108952	0.00208605	0.0372354	0.102897	0.0759348	0.191378	0.065165	0.0195393	0.00134101	0.0406384	0.100501	0.0105359	0.0257947	0.0395194	0.0010542	0.137483
182	0.00890799	0.00177	0.0024751	0.00245168	0.271618	0.00278695	0.00495879	0.0467604	0.00525889	0.295416	0.0504218	0.00879327	0.00206195	0.00376931	0.00370592	0.0167147	0.0119445	0.0632771	0.015918	0.18099
183	0.14191	0.0212979	0.027744	0.0131836	0.0147501	0.285819	0.00707666	0.00995992	0.0238853	0.038465	0.00641466	0.0880219	0.00810177	0.0173465	0.0137357	0.203297	0.0481854	0.0190097	0.00198382	0.00981205
184	0.0404687	0.000601924	0.163968	0.166322	0.00681729	0.0101667	0.00731945	0.00263659	0.0788566	0.00580437	0.00219428	0.12536	0.0059542	0.0512236	0.0668681	0.174471	0.0702169	0.0180973	0.000351382	0.00230228
185	0.13476	0.000918969	0.0977446	0.0720012	0.0726982	0.00400828	0.025469	0.0280561	0.0492306	0.0880595	0.00687049	0.0142474	0.00259884	0.0470326	0.088678	0.0549281	0.0123914	0.0499097	0.00173765	0.148659
186	0.0254388	0.000191965	0.00903893	0.00344312	0.000748333	0.873696	0.000409852	0.00242573	0.00770528	0.00190597	0.00125715	0.0178212	0.00166483	0.00763509	0.00328273	0.0320554	0.00720658	0.00216412	0.000189036	0.00172019
187	0.00948307	0.000875868	0.00367259	0.00202342	0.341937	0.00338703	0.0173847	0.00438824	0.0048699	0.0209801	0.00512915	0.00985372	0.000411144	0.00205691	0.00226307	0.0125294	0.00913959	0.0073751	0.0104001	0.53184
188	0.494504	0.000199823	0.00662915	0.00190899	0.030863	0.119865	0.00120462	0.0606674	0.00236866	0.0583747	0.0142414	0.00781594	0.0030001	0.00232773	0.00169415	0.0601291	0.0341118	0.0834367	0.00140636	0.0152516
189	0.0192267	0.0018232	0.00635884	0.00750168	0.464388	0.00848803	0.00604001	0.0208359	0.0312914	0.0793205	0.023885	0.0745163	0.00222766	0.0100985	0.00855781	0.0332833	0.0314777	0.0217142	0.0319093	0.117056
190	0.318732	0.000606077	0.0120848	0.0206421	0.0153135	0.0055325	0.00364344	0.0547772	0.0203281	0.0233578	0.00368904	0.00757143	0.0928265	0.0159119	0.00430175	0.177995	0.138322	0.0622579	0.00211216	0.0199954
