325	20
1	0.263929	0.00110787	0.037891	0.0789786	0.00758074	0.054984	0.00497212	0.0193156	0.0249232	0.0497922	0.0179282	0.0422398	0.0672876	0.0424188	0.0499872	0.121007	0.0470755	0.0629941	0.00211235	0.00347473
2	0.410776	0.00102301	0.0200882	0.0163177	0.00565623	0.0928667	0.00323845	0.00921497	0.00929553	0.0264473	0.00347678	0.0112054	0.0249727	0.0264786	0.0282585	0.233157	0.0547048	0.0160046	0.00316308	0.00365371
3	0.186748	0.00373503	0.0151955	0.0203857	0.0118626	0.033106	0.00667149	0.0596408	0.129273	0.0411465	0.00975157	0.0160823	0.0632092	0.0514115	0.130514	0.0610217	0.0872706	0.0435665	0.0215677	0.00784011
4	0.0759454	0.00195248	0.0257805	0.0353685	0.00862696	0.00392885	0.00683304	0.0959913	0.0264146	0.044967	0.0262511	0.02924	0.0032234	0.0260743	0.0355365	0.0572992	0.245148	0.231979	0.00228183	0.0171579
5	0.0594913	0.0345833	0.012985	0.0186391	0.0145805	0.010949	0.199603	0.0302372	0.0151563	0.0244812	0.0118874	0.017675	0.0754914	0.0500662	0.115277	0.0587446	0.0282724	0.204954	0.00346683	0.013459
6	0.07232	0.000686933	0.0338455	0.021517	0.0064	0.0852759	0.115231	0.00757726	0.0866273	0.0314037	0.0107562	0.111117	0.0216131	0.0294404	0.113954	0.142283	0.0704234	0.0159759	0.000448557	0.0231032
7	0.129802	0.00657675	0.0225943	0.0104526	0.0130756	0.0194864	0.00704032	0.11036	0.0260153	0.0823404	0.114309	0.0126733	0.0544497	0.0126778	0.0107604	0.0520561	0.0743668	0.210148	0.00368056	0.0271339
8	0.106531	0.0087833	0.00488994	0.0116358	0.0193187	0.00512725	0.00938544	0.131725	0.0127671	0.112691	0.0851936	0.00570711	0.0148036	0.00453749	0.00734916	0.103224	0.0971155	0.240947	0.00485742	0.0134113
9	0.0239992	0.00317535	0.00150493	0.00174204	0.0745377	0.00778327	0.00212379	0.32652	0.00223256	0.282761	0.0465602	0.00288506	0.000641521	0.00328088	0.00173653	0.00214905	0.0113394	0.191157	0.00740502	0.00646461
10	0.34659	0.0010619	0.00289792	0.011411	0.019579	0.0346216	0.00254002	0.0444782	0.0034083	0.0446497	0.0054262	0.0124786	0.00571632	0.00712374	0.00382863	0.0916038	0.176475	0.179931	0.000777652	0.00540155
11	0.101351	0.00528224	0.00327216	0.00501017	0.0130337	0.00518707	0.00240957	0.168159	0.00251528	0.0308386	0.013493	0.00244625	0.00707808	0.00392985	0.00317866	0.00685011	0.0324253	0.580782	0.00072609	0.0120319
12	0.0283145	0.0060155	0.272302	0.0721028	0.00972516	0.0588143	0.017673	0.0195883	0.0542403	0.0255983	0.0112157	0.173005	0.0120875	0.0415387	0.0338489	0.0688833	0.05719	0.02286	0.00217087	0.0128262
13	0.0666575	0.00632414	0.0525186	0.0190182	0.0034672	0.582302	0.0140947	0.00672325	0.0311408	0.0108882	0.00361572	0.0623446	0.00285258	0.0165678	0.013075	0.0732946	0.021057	0.00709928	0.00207412	0.00488487
14	0.0516962	0.00121505	0.0477309	0.205389	0.00369467	0.0680292	0.0531523	0.0211647	0.085735	0.0575938	0.00879346	0.0110254	0.00724949	0.102513	0.0526382	0.0782227	0.105921	0.0243193	0.001031	0.012886
15	0.176661	0.00217242	0.0103147	0.0156396	0.148063	0.00848235	0.0165214	0.0111474	0.00696515	0.0866366	0.0765338	0.0103278	0.0224824	0.0181921	0.0104081	0.233898	0.0450427	0.0285323	0.00297657	0.0690024
16	0.143281	0.00586084	0.00374032	0.0142166	0.00859224	0.0220056	0.0078175	0.00701964	0.0346501	0.00626375	0.00417403	0.00463815	0.584254	0.0162657	0.02667	0.0526318	0.0162593	0.0229216	0.00203434	0.0167034
17	0.117246	0.00532604	0.0445094	0.0190766	0.00544511	0.497076	0.0129005	0.00742289	0.0265101	0.0132753	0.00563234	0.0479884	0.00486203	0.0180494	0.0136707	0.106769	0.0339563	0.0120362	0.00266887	0.00557891
18	0.126291	0.00613954	0.0100536	0.0214272	0.0082893	0.0218935	0.0115467	0.00907083	0.044055	0.00927784	0.00453357	0.0105202	0.539289	0.0228699	0.0431279	0.0508761	0.0195797	0.023533	0.000929033	0.0166973
19	0.0576527	0.00421332	0.0501913	0.0581972	0.0195767	0.0391214	0.059264	0.0202892	0.0673155	0.039462	0.0132413	0.0824705	0.0309403	0.0381451	0.0589795	0.135893	0.14662	0.0453787	0.00271727	0.0303314
20	0.0227787	0.0185265	0.00561461	0.00768052	0.0542171	0.00818574	0.00896603	0.300939	0.00746816	0.208359	0.0455398	0.00972067	0.0113141	0.00907646	0.0150078	0.0153273	0.0265	0.207645	0.00433952	0.012795
21	0.0131563	0.00694777	0.0233229	0.0330491	0.0711249	0.00448109	0.0929463	0.0662391	0.0655346	0.0667336	0.00528322	0.0400709	0.00592946	0.0230816	0.257421	0.0275835	0.0732257	0.079426	0.000809446	0.0436335
22	0.310599	0.00181189	0.00304499	0.0118045	0.0367832	0.0350011	0.0027598	0.0851359	0.00342987	0.0593425	0.00953713	0.0100253	0.0110159	0.00777743	0.0037723	0.0565504	0.0916503	0.25072	0.00142753	0.00781163
23	0.0452484	0.00309017	0.0132401	0.0678711	0.0356956	0.004845	0.0231518	0.0484453	0.12854	0.0494698	0.0264886	0.0494048	0.031477	0.0678773	0.154665	0.0125696	0.113522	0.0970086	0.00288436	0.0245053
24	0.125028	0.00224184	0.0240379	0.279023	0.00907938	0.0280199	0.00752984	0.0164705	0.0162704	0.0496596	0.0154592	0.0194754	0.0649336	0.116875	0.0547997	0.0545498	0.0285279	0.0759125	0.00219841	0.00990891
25	0.0504432	0.00589309	0.102249	0.02747	0.0026761	0.54793	0.0100373	0.00692044	0.0352024	0.0109079	0.00245605	0.0874862	0.00124039	0.0168783	0.00872962	0.0581839	0.0138912	0.0050025	0.001831	0.00457097
26	0.015619	0.00299853	0.259813	0.113693	0.00341541	0.0199416	0.0132399	0.0131066	0.0971232	0.013851	0.00380957	0.123762	0.0216547	0.0842453	0.0588201	0.0630524	0.0647895	0.0125079	0.000739423	0.0138186
27	0.0400314	0.0029658	0.02686	0.0259283	0.0138497	0.00556281	0.00765354	0.183126	0.0428986	0.0545462	0.0301463	0.0140581	0.00516507	0.015899	0.035045	0.039526	0.217322	0.219859	0.00132869	0.0182279
28	0.0160629	0.0125778	0.0213387	0.0340368	0.061494	0.00314079	0.0795167	0.0809998	0.0630328	0.062596	0.00723022	0.048963	0.00881467	0.0182657	0.201119	0.0202008	0.110946	0.0859514	0.0014567	0.062256
29	0.0542073	0.00515891	0.0952224	0.0442051	0.0283121	0.0786102	0.0404411	0.0294192	0.0485674	0.0371757	0.017768	0.160762	0.0188404	0.0508052	0.0513906	0.0868631	0.0680344	0.0403082	0.00968073	0.0342283
30	0.0720796	0.000639224	0.0353019	0.0221101	0.00607233	0.0839404	0.117012	0.00780379	0.0875031	0.0318511	0.0109925	0.112832	0.021223	0.0288493	0.11047	0.141875	0.0698105	0.0154283	0.000412827	0.0237927
31	0.0171411	0.0039567	0.00153454	0.00211076	0.143659	0.0060465	0.00213527	0.121547	0.00207057	0.400087	0.140675	0.0100283	0.00131506	0.00266008	0.00227695	0.0173531	0.0240765	0.0743241	0.00580226	0.0211993
32	0.0703646	0.00266724	0.0710248	0.0995755	0.0492029	0.00842346	0.0549969	0.0347994	0.0288975	0.0659455	0.0530012	0.0117334	0.12001	0.0140755	0.0123886	0.138724	0.0429304	0.0906837	0.0220283	0.00852714
33	0.0780242	0.00172752	0.0627375	0.0591933	0.0145599	0.0782359	0.0280084	0.0276841	0.041164	0.0283623	0.041766	0.0643917	0.00785468	0.0315776	0.0311795	0.19946	0.159321	0.0353522	0.00151082	0.00788947
34	0.0461926	0.00164456	0.0558135	0.261779	0.0098471	0.0655982	0.0546893	0.0230798	0.0478438	0.0591148	0.0124702	0.0174019	0.0126346	0.110172	0.0397751	0.0648736	0.0621758	0.0247532	0.00158492	0.0285563
35	0.0706079	0.0031262	0.0453197	0.0339235	0.0128	0.228834	0.0288419	0.0181389	0.0313386	0.0228106	0.0202117	0.126652	0.00822335	0.024528	0.0297311	0.145625	0.115337	0.0245301	0.00171679	0.00770299
36	0.0213859	0.00333939	0.0064619	0.0205279	0.0273042	0.00624365	0.00668386	0.143303	0.00906182	0.152843	0.0201181	0.00981252	0.00443042	0.00735114	0.0123762	0.0451498	0.209599	0.278861	0.00148158	0.0136648
37	0.248562	0.00121171	0.00503472	0.0111137	0.0056311	0.0542892	0.0170547	0.0108945	0.00835053	0.0148081	0.0120585	0.0201293	0.00394029	0.0260739	0.0104299	0.297988	0.194572	0.0479701	0.000908471	0.00897894
38	0.0206662	0.00413076	0.0021179	0.00248218	0.0673011	0.00650494	0.00240455	0.343908	0.00300088	0.252897	0.0465072	0.00374723	0.00147648	0.00411667	0.0029082	0.00285968	0.0109465	0.208641	0.00627607	0.00710762
39	0.0445975	0.0045245	0.0257108	0.0344386	0.0481343	0.0370083	0.274439	0.0253226	0.0421507	0.0321405	0.0145161	0.0513066	0.0272938	0.0366676	0.0713063	0.07325	0.0540704	0.0410455	0.00499503	0.0570824
40	0.0351541	0.0176383	0.0104081	0.0189261	0.19899	0.0150821	0.0121307	0.0125412	0.0188495	0.0414811	0.0147784	0.0159003	0.0112718	0.0168383	0.0059778	0.0133538	0.0170312	0.0249677	0.357067	0.141613
41	0.0428727	0.00655871	0.0226253	0.0291951	0.0497867	0.0405236	0.291481	0.0284537	0.0410968	0.0315329	0.0173498	0.0423808	0.0241774	0.0344997	0.065737	0.0661214	0.0495256	0.0465058	0.00704518	0.0625309
42	0.0644548	0.00701371	0.0487421	0.0196369	0.00613844	0.591376	0.0144922	0.00772042	0.029808	0.0119425	0.00410058	0.0543648	0.00349471	0.0166356	0.0124057	0.0652063	0.0223181	0.0108275	0.00207019	0.0072516
43	0.0233383	0.00346246	0.00150159	0.00166807	0.0794843	0.00773594	0.00216239	0.314272	0.00215498	0.292032	0.0503995	0.0031459	0.000978587	0.00328726	0.00204173	0.00280482	0.0112853	0.183427	0.00727684	0.00754124
44	0.0848742	0.00159742	0.0337131	0.0403287	0.0106726	0.0645741	0.108655	0.0123493	0.0879973	0.0394424	0.0119413	0.0872303	0.0191039	0.0340487	0.102932	0.139852	0.0676191	0.0205687	0.00131359	0.0311858
45	0.0197321	0.00737716	0.0165425	0.0279416	0.086672	0.00293728	0.0710487	0.0989534	0.0678685	0.0792508	0.00891705	0.0370038	0.00731602	0.0188913	0.208907	0.0180611	0.0805554	0.0898204	0.00101195	0.0511924
46	0.06658	0.00288779	0.0614591	0.0492866	0.0312036	0.0859589	0.0257764	0.0325297	0.0318414	0.0394939	0.0553676	0.0937499	0.0130464	0.0285557	0.0545272	0.135928	0.136837	0.0461312	0.00191435	0.00692541
47	0.176067	0.00112654	0.0064333	0.0115427	0.00463823	0.0527985	0.0297744	0.00508779	0.0129067	0.0070692	0.0162416	0.0348718	0.00326549	0.0408864	0.0129308	0.353903	0.204606	0.014238	0.000753193	0.0108593
48	0.149331	0.00555966	0.00474639	0.0188007	0.00832926	0.0251521	0.00726049	0.00890955	0.0333539	0.00960405	0.00514815	0.00620093	0.556653	0.0174061	0.0270125	0.0497839	0.0173087	0.0328076	0.00094406	0.0156876
49	0.0351594	0.0178238	0.0122573	0.0187599	0.212608	0.0117954	0.0189009	0.0137971	0.0167229	0.0438336	0.0104038	0.0157523	0.0142729	0.0170678	0.00456678	0.0123804	0.0139468	0.0274796	0.298714	0.183757
50	0.240212	0.00162988	0.0110624	0.0158349	0.107694	0.0096995	0.0156992	0.00666003	0.0068987	0.0681773	0.0944938	0.0162615	0.0276631	0.018985	0.00972012	0.237553	0.0344495	0.018012	0.00215177	0.057142
51	0.0364747	0.0062712	0.311677	0.0808909	0.0115273	0.0615393	0.0169375	0.0247645	0.0452631	0.0299184	0.0126869	0.125976	0.0108793	0.0364627	0.02772	0.0630707	0.0556968	0.029871	0.00235665	0.0100162
52	0.0585675	0.00702379	0.0523396	0.0224867	0.00659656	0.606464	0.0132818	0.0073396	0.0290293	0.0112795	0.00329322	0.0543214	0.00535178	0.0176787	0.0108689	0.0587752	0.0149872	0.00834433	0.003514	0.00845732
53	0.348933	0.00104521	0.00297531	0.0120491	0.0200935	0.030634	0.00250881	0.0440045	0.00354902	0.0432642	0.00520065	0.0129177	0.0061874	0.00744723	0.00384114	0.0871746	0.172615	0.189128	0.000805698	0.00562541
54	0.190775	0.00174199	0.0444362	0.110659	0.0102687	0.0308481	0.00605411	0.0261615	0.0253155	0.0558794	0.0329648	0.0552883	0.0860438	0.0423301	0.0597443	0.0782149	0.0356443	0.100331	0.00272159	0.00457748
55	0.207352	0.00235447	0.027595	0.0475827	0.0814818	0.0892776	0.0122653	0.0135893	0.0310677	0.066476	0.0552532	0.0114674	0.0118296	0.0596528	0.0123094	0.171808	0.0356465	0.0195479	0.00304175	0.0404012
56	0.100979	0.00527329	0.00328674	0.00504403	0.0130686	0.0051639	0.0024137	0.16836	0.00254084	0.0310913	0.0135394	0.00246411	0.00707019	0.003931	0.00325257	0.00690213	0.0329051	0.579935	0.00072619	0.0120534
57	0.232242	0.00105053	0.0063933	0.0126122	0.00657677	0.0474953	0.0197688	0.0120509	0.0102951	0.0148373	0.0146781	0.0310296	0.00433244	0.0296236	0.01097	0.289407	0.203824	0.0422027	0.000859649	0.00975009
58	0.0663734	0.00456555	0.0512897	0.0913114	0.0231993	0.044272	0.0301675	0.0330976	0.0772283	0.0456005	0.016582	0.0659583	0.0244614	0.124499	0.0691591	0.0814427	0.0668654	0.046911	0.00691106	0.0301052
59	0.0362517	0.0218414	0.0105317	0.0214273	0.199998	0.0123765	0.017995	0.0144068	0.0164093	0.0498247	0.011043	0.0159939	0.0136361	0.0178512	0.00523192	0.0159927	0.0164108	0.0252382	0.29186	0.18568
60	0.139064	0.0058149	0.00215775	0.0125831	0.0067101	0.020766	0.00739682	0.00466758	0.0348169	0.00356043	0.00216204	0.00272996	0.620425	0.0155704	0.0260998	0.0474765	0.0122238	0.018769	0.000653064	0.0163531
61	0.0918327	0.00575606	0.00332594	0.00554583	0.0198414	0.0054375	0.0036344	0.200998	0.00332485	0.0582886	0.0188158	0.00368603	0.00807986	0.00462131	0.00446737	0.0092442	0.0327417	0.507163	0.00173266	0.0114634
62	0.128806	0.0033656	0.0482665	0.0563055	0.0250354	0.0482737	0.00849031	0.0287696	0.0244157	0.099613	0.0367495	0.0811458	0.0617957	0.0426229	0.0595468	0.0838861	0.0753498	0.0790731	0.00243693	0.00605233
63	0.139231	0.00585932	0.00215429	0.0125931	0.00669949	0.0207325	0.00741046	0.00473973	0.0347643	0.00355766	0.00214909	0.00274671	0.62004	0.0155975	0.0261202	0.0474843	0.0122618	0.0187775	0.000680676	0.0163997
64	0.0543515	0.00742687	0.0524694	0.0191461	0.0023275	0.656434	0.0103748	0.00478714	0.0285555	0.0081761	0.00178106	0.0538652	0.00106937	0.0149866	0.0077904	0.0554725	0.0112203	0.00379237	0.00188057	0.00409217
65	0.0420856	0.00101992	0.0807539	0.264974	0.00495073	0.0654294	0.0528863	0.026746	0.0590924	0.0519912	0.0101536	0.00829945	0.00739359	0.108071	0.0468289	0.0617385	0.0695929	0.0230651	0.000810702	0.0141174
66	0.0534689	0.0237679	0.0133821	0.0246447	0.132868	0.00473332	0.0336024	0.048048	0.0225722	0.0528223	0.0137936	0.0326679	0.010704	0.00697777	0.0369541	0.113856	0.145927	0.110897	0.0188619	0.0994507
67	0.0291503	0.00415325	0.0126461	0.012378	0.254133	0.0142706	0.0845827	0.0400603	0.0078221	0.0540667	0.017081	0.0132602	0.0263788	0.0117062	0.0172275	0.0131231	0.0278388	0.0523897	0.0381176	0.269614
68	0.065123	0.00146865	0.0538228	0.0398661	0.00590053	0.00424679	0.0126031	0.0811301	0.0399886	0.043422	0.0169839	0.0419538	0.00381111	0.0311145	0.0339949	0.0411758	0.288179	0.186016	0.00147224	0.00772724
69	0.0433683	0.00765687	0.0196855	0.0219921	0.162903	0.0254886	0.0607859	0.0424183	0.0208004	0.0593624	0.0193775	0.0325577	0.0230605	0.0255564	0.0332322	0.0362942	0.0364235	0.0577357	0.074122	0.197179
70	0.0411098	0.000866413	0.0263033	0.105567	0.00448427	0.0170933	0.00672975	0.0219393	0.248229	0.0244292	0.0087445	0.0430269	0.0207006	0.118427	0.182221	0.0219534	0.0736606	0.0263419	0.00198578	0.00618823
71	0.0327786	0.00423433	0.00850331	0.0134045	0.253883	0.005475	0.0637769	0.0661303	0.00577978	0.0840374	0.0310691	0.0101128	0.0230789	0.00737799	0.0133357	0.0160909	0.0404545	0.0886044	0.0158591	0.216013
72	0.0309163	0.00436979	0.0275815	0.0319506	0.0338902	0.00632405	0.0355583	0.0920924	0.128866	0.0629458	0.0140224	0.0247007	0.0244207	0.0567017	0.106483	0.0326973	0.150851	0.115095	0.00211897	0.0184141
73	0.224145	0.00484152	0.0087174	0.0138539	0.0183541	0.0154257	0.00480687	0.097836	0.0111206	0.0571072	0.0487618	0.0144354	0.0655747	0.0140172	0.00901573	0.0415065	0.0725715	0.263077	0.00264445	0.0121875
74	0.0356298	0.00316981	0.0937345	0.280635	0.0275242	0.0255711	0.0235005	0.0212549	0.0387028	0.0505934	0.0123153	0.0243413	0.0521927	0.0877127	0.056499	0.0399405	0.0581128	0.035535	0.00217919	0.0308556
75	0.0615682	0.00139555	0.0390044	0.0593327	0.00823382	0.0181421	0.0103826	0.0467471	0.201487	0.0202989	0.00763857	0.0321512	0.062528	0.110273	0.17962	0.051098	0.0483098	0.0290666	0.0034009	0.00932092
76	0.230756	0.00465528	0.00666748	0.0139651	0.00583823	0.0361574	0.00595443	0.0064588	0.0347627	0.00958614	0.00250856	0.00573233	0.449765	0.022277	0.0269533	0.0856485	0.0210652	0.0176357	0.00125925	0.0123542
77	0.0601806	0.00696392	0.0523575	0.0247552	0.0055805	0.590727	0.0167368	0.00752732	0.0296252	0.0126826	0.00466171	0.0533991	0.00605986	0.0181719	0.0127008	0.0617248	0.0171529	0.00787708	0.00362275	0.00749298
78	0.0689657	0.0036852	0.0464645	0.0317724	0.0180873	0.0500252	0.0266761	0.0576671	0.0282086	0.0360828	0.0315829	0.0917544	0.00916443	0.0271337	0.0375927	0.190418	0.170336	0.0604784	0.00198779	0.011917
79	0.0290859	0.00245185	0.0155707	0.00943476	0.229911	0.0280885	0.114663	0.0333095	0.0120096	0.0440653	0.0162042	0.027054	0.0219906	0.0127161	0.0350346	0.0202397	0.0303997	0.0424492	0.014918	0.260403
80	0.0190033	0.00403757	0.0025008	0.00362867	0.178648	0.00570109	0.00698591	0.105345	0.00266311	0.349208	0.138244	0.00958294	0.00316962	0.00349907	0.0036836	0.0199576	0.0253298	0.067903	0.00521152	0.0456973
81	0.0327919	0.0170346	0.0118381	0.0201446	0.202243	0.0129197	0.0263259	0.017201	0.0165132	0.0520164	0.0100685	0.0143557	0.0180976	0.0192627	0.00634513	0.0136447	0.0151683	0.0257515	0.260805	0.207472
82	0.039432	0.0047413	0.0238781	0.0292876	0.0388901	0.0336305	0.246878	0.0286145	0.0613117	0.033624	0.0133708	0.0511588	0.0187288	0.0345645	0.120718	0.0645777	0.0556272	0.0484356	0.00242565	0.050106
83	0.323726	0.000944783	0.0130912	0.0184132	0.00553651	0.0935792	0.00959098	0.00762701	0.00895648	0.0168534	0.00851301	0.0135478	0.012285	0.0258809	0.0187162	0.29113	0.106036	0.0169933	0.00231391	0.00626491
84	0.0430146	0.00457148	0.0280632	0.045815	0.0269506	0.0406874	0.266279	0.0236481	0.0481571	0.034214	0.0151649	0.0498539	0.0161541	0.0703842	0.0675094	0.0759228	0.0600798	0.0387698	0.00571281	0.0390476
85	0.0343079	0.00325988	0.00968552	0.0138624	0.256214	0.00928822	0.0841892	0.0572334	0.00647895	0.053728	0.0241289	0.0127173	0.0262345	0.00723839	0.0177476	0.0155666	0.0435423	0.0828974	0.00933081	0.232348
86	0.0612398	0.00592913	0.0631137	0.0232934	0.0028767	0.58041	0.0135854	0.00685698	0.0366642	0.0116694	0.00319076	0.0637382	0.00234382	0.0179657	0.0155134	0.0630784	0.0149583	0.00622737	0.00210088	0.00524424
87	0.0262198	0.011972	0.00324076	0.00849438	0.10981	0.00596041	0.00871645	0.144029	0.00436836	0.292796	0.114495	0.0286784	0.00480542	0.00439596	0.00555724	0.0336859	0.0374383	0.131196	0.00430761	0.0198327
88	0.078989	0.003889	0.077	0.0973167	0.0217252	0.0470718	0.0811373	0.0270896	0.0612745	0.0429892	0.0173574	0.0500021	0.0180331	0.100945	0.0559916	0.0786755	0.0684085	0.0374679	0.00495056	0.029686
89	0.0550722	0.00306348	0.0310548	0.0368325	0.0488914	0.0658796	0.0565641	0.0246719	0.10101	0.0349786	0.0177891	0.0604836	0.0223295	0.0669301	0.141497	0.0980463	0.0588415	0.036735	0.002632	0.0366977
90	0.389758	0.00139333	0.0215285	0.0235851	0.00894068	0.0638662	0.00501679	0.0167832	0.00891658	0.0311315	0.00530663	0.0109169	0.0198987	0.0307202	0.0228459	0.241352	0.060821	0.0289071	0.00213789	0.00617397
91	0.0999893	0.00507892	0.0233626	0.0227259	0.0145518	0.0831905	0.0119603	0.0725334	0.0556238	0.0322328	0.109391	0.0361596	0.011143	0.0206217	0.0546411	0.18393	0.0474091	0.103506	0.00237925	0.00957035
92	0.0771753	0.00377758	0.0553712	0.0874526	0.00974017	0.18955	0.0269606	0.0203295	0.0434432	0.0277948	0.0195604	0.0588164	0.0113564	0.0453099	0.0317642	0.141203	0.110474	0.0278683	0.00184167	0.0102103
93	0.030003	0.00821232	0.0021903	0.00276149	0.100186	0.012549	0.00270184	0.249836	0.00301462	0.328282	0.0621556	0.00517959	0.00125962	0.00384644	0.00270586	0.00832316	0.0157592	0.143178	0.00724254	0.0106127
94	0.0281609	0.00109669	0.0254818	0.00533822	0.15148	0.0641049	0.149861	0.0143449	0.0253528	0.0291694	0.0121586	0.0653548	0.0120617	0.0227486	0.0793746	0.0420373	0.0345876	0.00914367	0.00155925	0.226584
95	0.0583444	0.0071566	0.0514826	0.0196754	0.00302352	0.631976	0.0117464	0.00529896	0.0294629	0.00917078	0.00227354	0.0545883	0.00158913	0.0162848	0.0102862	0.061417	0.0146479	0.00490198	0.00193016	0.0047434
96	0.202742	0.00266576	0.0108413	0.0151168	0.0682933	0.0088481	0.0118559	0.0165548	0.00983668	0.0989353	0.156439	0.0135955	0.0918917	0.0196185	0.013836	0.147624	0.0285297	0.0484804	0.00354987	0.0307443
97	0.0178586	0.00402549	0.00141548	0.00190157	0.142843	0.00636821	0.00200263	0.129844	0.00188677	0.399785	0.132035	0.0093642	0.00120685	0.00251795	0.00213377	0.015986	0.0230829	0.07913	0.00590347	0.020708
98	0.011188	0.0282722	0.00763945	0.0118116	0.00777645	0.00433106	0.0254572	0.34593	0.00718953	0.0601367	0.0178484	0.0185348	0.0328371	0.020946	0.0346495	0.0170562	0.0375012	0.294082	0.00121883	0.0155938
99	0.0522293	0.00962306	0.00453563	0.00697199	0.0186665	0.00442566	0.00632223	0.258593	0.00391364	0.0752167	0.0212456	0.00539989	0.0103071	0.0067069	0.00952284	0.00982775	0.0335771	0.448349	0.00164715	0.0129191
100	0.0405647	0.0016743	0.0860105	0.0406106	0.0143696	0.0545696	0.0374469	0.0441261	0.0210435	0.0258693	0.0471437	0.114202	0.00446081	0.0180322	0.031577	0.182033	0.172048	0.0583045	0.00111434	0.00479951
101	0.0250961	0.00309631	0.00124345	0.00141035	0.0858775	0.00843383	0.00213414	0.290522	0.00192873	0.315841	0.0533985	0.00316944	0.000581517	0.00297131	0.00157934	0.00328807	0.0119084	0.171168	0.00823515	0.00811721
102	0.0259242	0.00291142	0.00160408	0.00197161	0.0910572	0.00811865	0.00359305	0.272988	0.00197972	0.324573	0.0521116	0.00373461	0.000647496	0.00408629	0.00167896	0.00471792	0.0142658	0.167215	0.00733607	0.00948476
103	0.0213623	0.00335858	0.00108994	0.00124194	0.118149	0.0076773	0.00191867	0.205999	0.00159392	0.376805	0.0845128	0.00501488	0.000682333	0.00230487	0.00149346	0.00805843	0.0156936	0.121676	0.00641027	0.0149578
104	0.174582	0.00110857	0.0058656	0.0117156	0.0046462	0.0549662	0.0293501	0.00476744	0.0135536	0.00695153	0.016658	0.0371491	0.003308	0.0420859	0.0131845	0.350702	0.204619	0.0136877	0.000639549	0.0104596
105	0.0223973	0.0051087	0.298727	0.136722	0.00789993	0.0424095	0.0172526	0.0265052	0.057678	0.0243096	0.00873996	0.111679	0.0108753	0.051603	0.0383164	0.0539962	0.0504079	0.0234134	0.00240893	0.00955029
106	0.0310877	0.019413	0.00979889	0.0242319	0.198542	0.013079	0.0202725	0.0144742	0.0158093	0.0550312	0.00980775	0.0143554	0.016067	0.0184121	0.00508338	0.0122315	0.0137176	0.0220375	0.290136	0.196411
107	0.0343391	0.019104	0.0109588	0.0203154	0.205354	0.0126184	0.013782	0.011217	0.0181301	0.0429858	0.0101607	0.0183669	0.0121697	0.0181061	0.00431622	0.0125225	0.0129683	0.0229371	0.325767	0.173881
108	0.0682188	0.00135394	0.0328105	0.0237478	0.0138071	0.069656	0.16236	0.00965178	0.0724501	0.0285817	0.011553	0.102888	0.0203278	0.0314449	0.105913	0.129689	0.0655011	0.0191618	0.000743444	0.0301407
109	0.0370087	0.000596545	0.0739339	0.0990468	0.00459851	0.00921504	0.0268801	0.00881717	0.173559	0.022806	0.00672061	0.105967	0.0502079	0.0988867	0.108693	0.0544266	0.0767523	0.0202849	0.000636814	0.0209624
110	0.0577914	0.000956776	0.0619399	0.228451	0.00468279	0.0650335	0.0513321	0.0231753	0.0610679	0.0627006	0.0104679	0.0137678	0.0076203	0.10324	0.0397792	0.0789395	0.0898882	0.024007	0.000699558	0.0144593
111	0.0331074	0.00409131	0.0477358	0.116665	0.0164635	0.0237345	0.0742626	0.0746992	0.125484	0.0647092	0.0134155	0.0204517	0.0136148	0.0834074	0.0911947	0.0403453	0.0610365	0.0748696	0.00251632	0.0181957
112	0.136264	0.00251355	0.0299308	0.186558	0.0120533	0.0265475	0.0100032	0.0371125	0.0247343	0.0465173	0.0385346	0.0116816	0.0159127	0.116445	0.0201073	0.112356	0.079896	0.0788953	0.00444632	0.00949007
113	0.0711313	0.0014598	0.0431718	0.0512763	0.00586809	0.00443883	0.00828122	0.0751469	0.0448147	0.0470565	0.0218081	0.0324566	0.00291736	0.0325787	0.0301159	0.0536443	0.277552	0.186083	0.00245853	0.0077404
114	0.056048	0.00570548	0.0660832	0.019861	0.00211034	0.61318	0.0106002	0.00539303	0.0348149	0.00931631	0.00195259	0.0669793	0.00111963	0.0160678	0.00890615	0.0604868	0.0113196	0.00352032	0.00186122	0.00467463
115	0.0568447	0.00391943	0.00385964	0.00596711	0.0802768	0.0109033	0.00534235	0.229272	0.00623194	0.281472	0.0548886	0.00580777	0.00555891	0.00700617	0.00637919	0.0199288	0.0309176	0.166533	0.00674773	0.0121427
116	0.0881757	0.00173663	0.0565396	0.0387348	0.0305718	0.0511248	0.0539991	0.0312955	0.0273362	0.040018	0.0490796	0.0916647	0.0119563	0.0237279	0.0534491	0.187964	0.11498	0.0322634	0.00136944	0.014013
117	0.398399	0.00112175	0.0182573	0.0162008	0.00689061	0.0836146	0.00410532	0.0101297	0.00955241	0.0272243	0.00428096	0.0136441	0.0258258	0.0288879	0.0259506	0.2377	0.0625957	0.0187127	0.00268635	0.0042202
118	0.0701321	0.00872099	0.0455845	0.017292	0.00619434	0.0608853	0.00429062	0.0622862	0.112128	0.050172	0.0421275	0.107616	0.0104781	0.0346549	0.124863	0.0837393	0.0511503	0.104049	0.000732175	0.00290405
119	0.0434164	0.000842953	0.0425694	0.10913	0.00592593	0.0223438	0.0107801	0.0346859	0.221293	0.0197703	0.00691192	0.0317657	0.0212369	0.115487	0.172627	0.0296715	0.0558466	0.0485924	0.00121074	0.0058917
120	0.035349	0.0175477	0.0105016	0.0184277	0.205749	0.0137605	0.0124886	0.0117577	0.0197003	0.0394469	0.0120372	0.0165937	0.0113739	0.0168731	0.00490791	0.0128464	0.0151609	0.025562	0.349822	0.150094
121	0.0241136	0.0261578	0.00635743	0.00940661	0.0094102	0.00389344	0.0218591	0.290308	0.00631377	0.0681766	0.0229591	0.0131234	0.041945	0.0141387	0.0275704	0.0253248	0.035245	0.334873	0.00128797	0.0175359
122	0.0676717	0.00322423	0.0447246	0.0266899	0.010626	0.271745	0.0294668	0.0141523	0.0329226	0.0204059	0.0174848	0.125787	0.00794719	0.023274	0.0304907	0.1412	0.10364	0.0195081	0.00170018	0.00733837
123	0.0148969	0.00409313	0.302798	0.135613	0.00484067	0.0280186	0.0134806	0.0204286	0.0705828	0.0180367	0.00658663	0.115711	0.0122802	0.0582815	0.0384893	0.0650203	0.0638779	0.0154646	0.0010321	0.010468
124	0.241706	0.00428263	0.00906618	0.0149097	0.0144452	0.0242019	0.00640036	0.0549889	0.0226738	0.0264596	0.0253553	0.0138949	0.263785	0.0222184	0.022327	0.0616627	0.0666775	0.0903996	0.0030323	0.0115133
125	0.0664141	0.000871564	0.0333893	0.022506	0.00830915	0.0776177	0.146362	0.00827802	0.077807	0.0285577	0.0107186	0.107726	0.0205229	0.0351732	0.109212	0.135616	0.0688032	0.0168922	0.000502305	0.0247217
126	0.183587	0.00135698	0.00688179	0.0117514	0.00517884	0.0525195	0.0293797	0.00562937	0.0155558	0.00821144	0.0159887	0.030118	0.00379827	0.0361732	0.0136529	0.353782	0.196727	0.0156275	0.000686166	0.0133938
127	0.0258652	0.00343911	0.00122892	0.00137671	0.090279	0.00986771	0.00216161	0.277951	0.00187903	0.32748	0.0555325	0.00351047	0.000593203	0.00283869	0.00143273	0.00366135	0.0124722	0.161948	0.00735377	0.00912779
128	0.0645549	0.00593916	0.00716128	0.0150669	0.056648	0.0063852	0.00876591	0.116148	0.0106295	0.203923	0.0938466	0.01286	0.0100278	0.00748096	0.01033	0.0728257	0.0903322	0.186114	0.00436604	0.0165939
129	0.0227513	0.00332329	0.00160347	0.00186975	0.0747839	0.00745553	0.00211276	0.327061	0.00237036	0.280461	0.0474483	0.00313055	0.000818865	0.00330653	0.00187942	0.00213673	0.0103605	0.193266	0.00703014	0.00683048
130	0.0194142	0.00250319	0.0269715	0.0662866	0.0384398	0.0095704	0.0472541	0.0245597	0.0131773	0.059853	0.00712313	0.244035	0.00628077	0.209215	0.0147828	0.0776455	0.0196842	0.0338267	0.00177079	0.0776065
131	0.0567183	0.0075959	0.0572693	0.0224943	0.00489974	0.613749	0.0136717	0.00679122	0.0293213	0.00997429	0.0030223	0.056453	0.00547247	0.0165364	0.0102383	0.0568122	0.015025	0.00552352	0.0025318	0.00589939
132	0.0295833	0.00124595	0.0184492	0.0637558	0.00740722	0.0122989	0.0127655	0.0356936	0.262603	0.0300927	0.0176042	0.038966	0.0165249	0.101296	0.212046	0.0181219	0.0573111	0.0502876	0.00288954	0.0110573
133	0.1951	0.0045099	0.0259311	0.0204795	0.0395296	0.267889	0.0104804	0.0264201	0.0200207	0.0315491	0.0164282	0.0301641	0.0102205	0.0223201	0.0168782	0.109199	0.0588004	0.0769425	0.00534298	0.0117951
134	0.0754382	0.00737533	0.0429722	0.0233072	0.00710738	0.059171	0.00648351	0.0577274	0.107623	0.0503625	0.0422318	0.102231	0.0139578	0.0387815	0.12278	0.0859261	0.0532466	0.0990286	0.000812888	0.00343566
135	0.0230362	0.00153224	0.140457	0.256369	0.00628754	0.0264736	0.0468167	0.0713148	0.075963	0.0428787	0.0184265	0.00671179	0.00625133	0.0755219	0.062286	0.043242	0.0463049	0.0396381	0.00140462	0.00908361
136	0.130991	0.0053602	0.0049041	0.0200491	0.0102819	0.0196294	0.00813344	0.00672464	0.0451032	0.00611417	0.00301729	0.00525884	0.565018	0.0236588	0.0376049	0.0534108	0.014521	0.0201267	0.00134538	0.0187477
137	0.0555549	0.00567296	0.0665245	0.0200786	0.00229734	0.609508	0.0108856	0.00560126	0.0347886	0.00978488	0.00209367	0.0670686	0.0011085	0.0162345	0.00924095	0.0617841	0.0115715	0.00361775	0.00186572	0.00471808
138	0.032805	0.0019209	0.0222634	0.0921173	0.00510181	0.0124121	0.0102572	0.0215242	0.262977	0.0394149	0.0120856	0.0367502	0.0158857	0.102066	0.183206	0.0197035	0.0899622	0.0274385	0.00354512	0.00856351
139	0.0258023	0.0248141	0.0122297	0.0214267	0.0264204	0.00685916	0.0249424	0.202326	0.0266171	0.0840004	0.0227761	0.0210125	0.0189752	0.0167643	0.066219	0.0360875	0.125601	0.210044	0.00253775	0.0245441
140	0.0445416	0.00762558	0.0187117	0.0265436	0.16318	0.0243578	0.0619283	0.0395903	0.0229456	0.0556362	0.0195066	0.0310249	0.025692	0.02627	0.0342419	0.0387469	0.0416648	0.0542105	0.0652546	0.198327
141	0.0402287	0.00565382	0.0223071	0.0374621	0.0432153	0.0196026	0.0449235	0.0625992	0.083829	0.117605	0.0244059	0.0362117	0.0146685	0.0357038	0.187891	0.041127	0.0681958	0.0745277	0.00535478	0.0344871
142	0.0225135	0.00304282	0.00103339	0.00125804	0.113682	0.00752632	0.00205925	0.230738	0.00159216	0.35954	0.0719396	0.00393759	0.000592975	0.00241245	0.0014663	0.0061875	0.0142523	0.13607	0.00658075	0.0135757
143	0.0500376	0.00486963	0.0316474	0.0462545	0.0306668	0.0286524	0.0497302	0.0474526	0.113366	0.043785	0.0165918	0.0460407	0.0290483	0.0478391	0.184664	0.0583885	0.0728942	0.0635077	0.00268992	0.0318742
144	0.0255344	0.00292445	0.00131262	0.00149337	0.0776618	0.00851394	0.00207619	0.317347	0.00205021	0.295906	0.0458891	0.00252288	0.000541203	0.00306551	0.00139082	0.00190989	0.0109692	0.184514	0.00803655	0.00634032
145	0.291883	0.00222823	0.00538502	0.0130083	0.0205215	0.0726882	0.00454092	0.0958895	0.00709869	0.0338282	0.0135167	0.0129427	0.00773034	0.00971342	0.00875665	0.120862	0.102884	0.167488	0.0014346	0.00759876
146	0.0711837	0.00275593	0.0499353	0.0321271	0.017059	0.126711	0.033853	0.0263519	0.0371655	0.0314379	0.0423212	0.102727	0.00798449	0.0286751	0.042828	0.183581	0.113279	0.0378864	0.00126832	0.0108696
147	0.110294	0.00901209	0.00502994	0.0110224	0.0200678	0.00553191	0.00937379	0.131173	0.0116257	0.11057	0.0896158	0.00592297	0.016512	0.00410128	0.00708558	0.101953	0.0937284	0.238146	0.0049074	0.0143268
148	0.30765	0.00113581	0.0107279	0.0136752	0.00649072	0.0862235	0.0116875	0.00923134	0.0084234	0.0168224	0.00900028	0.0167022	0.0101267	0.0256984	0.0167222	0.276561	0.13849	0.0263462	0.00202165	0.00626343
149	0.267178	0.00085629	0.00747057	0.0120067	0.00399608	0.0659061	0.015881	0.00640767	0.00836675	0.0108543	0.0110797	0.0176356	0.00610485	0.0274265	0.0136623	0.33741	0.157221	0.0207477	0.00125646	0.00853252
150	0.0536017	0.00680105	0.0440394	0.0312078	0.0431386	0.0221863	0.0217427	0.0884869	0.0286833	0.140253	0.0384291	0.107955	0.0136471	0.0353637	0.0413106	0.05948	0.0696786	0.125642	0.00306429	0.025289
151	0.223628	0.00121607	0.00738455	0.0171899	0.0287347	0.0407127	0.0210543	0.00583749	0.00934016	0.0225189	0.0302234	0.0194496	0.00687697	0.0288438	0.0104248	0.333605	0.149151	0.017207	0.00125342	0.025349
152	0.220019	0.00153618	0.0119227	0.0188058	0.11223	0.0101866	0.0198598	0.00707441	0.00663709	0.0794112	0.0739266	0.0110561	0.0282918	0.0225627	0.0100958	0.238737	0.042498	0.0184067	0.00266953	0.0640734
153	0.0322989	0.0036212	0.00294612	0.00630995	0.153921	0.00652824	0.0177109	0.168751	0.00318165	0.281917	0.0635576	0.00852163	0.00661437	0.00435371	0.00545717	0.012113	0.028349	0.126468	0.00845616	0.0589232
154	0.0641379	0.00412623	0.0189273	0.0276128	0.0202681	0.0143553	0.0232447	0.0420853	0.0181708	0.0539412	0.011227	0.171933	0.0103878	0.102502	0.0428989	0.228484	0.0342792	0.0268763	0.00242148	0.0821212
155	0.0244096	0.00313715	0.00117018	0.00136481	0.0945767	0.00824769	0.00211563	0.27854	0.00181222	0.323365	0.0554887	0.00319978	0.000541736	0.00293302	0.00149073	0.00366207	0.0123563	0.164476	0.00762227	0.00949033
156	0.145624	0.00198515	0.0325751	0.183312	0.0136326	0.0903898	0.027162	0.031194	0.05628	0.0532302	0.0274097	0.00882485	0.00629522	0.109326	0.0240345	0.0796864	0.0595052	0.0250485	0.00117346	0.023312
157	0.0213391	0.00348735	0.00190932	0.00218277	0.0702728	0.00691844	0.00212416	0.343221	0.00263326	0.263047	0.0459745	0.00330773	0.000844546	0.0037871	0.00229017	0.00208674	0.0100607	0.201298	0.00662472	0.00659068
158	0.0771637	0.00185072	0.0265517	0.328426	0.00850775	0.0454924	0.0166535	0.0149842	0.0197048	0.0509383	0.0138561	0.00921628	0.041417	0.137756	0.0359128	0.0693246	0.0382149	0.0502708	0.00140052	0.0123571
159	0.056048	0.00570548	0.0660832	0.019861	0.00211034	0.61318	0.0106002	0.00539303	0.0348149	0.00931631	0.00195259	0.0669793	0.00111963	0.0160678	0.00890615	0.0604868	0.0113196	0.00352032	0.00186122	0.00467463
160	0.0449794	0.0087067	0.0288006	0.0294859	0.0368143	0.0284076	0.177844	0.0678116	0.0440836	0.0395482	0.0169612	0.079315	0.0591113	0.0350667	0.0666192	0.0640723	0.0569545	0.0673376	0.00444704	0.0436337
161	0.0267819	0.000835965	0.131186	0.0930169	0.00310482	0.00638558	0.0255193	0.00593908	0.136043	0.0154366	0.00484209	0.132253	0.0491955	0.0930453	0.077389	0.0762159	0.0861341	0.0143709	0.00055414	0.0217511
162	0.0164874	0.00406581	0.0021538	0.00290187	0.140523	0.00620275	0.00247435	0.101835	0.0025616	0.404546	0.156701	0.0122497	0.00173252	0.00326277	0.00298853	0.0205763	0.028268	0.0640184	0.00557594	0.020876
163	0.0389915	0.00186615	0.0466808	0.097049	0.00881565	0.0108836	0.00768057	0.0458214	0.0713218	0.0384423	0.100391	0.0149161	0.00571496	0.023799	0.0171404	0.0879472	0.272043	0.100081	0.00425598	0.0061584
164	0.0232784	0.00306991	0.00152774	0.00174475	0.0753629	0.00743903	0.00200272	0.323883	0.00229341	0.283603	0.048339	0.00306607	0.000689179	0.00327502	0.00183539	0.00221022	0.0106469	0.191757	0.0071987	0.00677764
165	0.039019	0.00815148	0.0262329	0.0651198	0.0257284	0.0121275	0.0260249	0.144851	0.0590252	0.0577107	0.0222269	0.0249002	0.0159838	0.0314348	0.097067	0.0390885	0.0974248	0.183667	0.00168725	0.0225292
166	0.0850265	0.00215657	0.0363233	0.205676	0.0145659	0.069611	0.0282244	0.0257231	0.0355151	0.0437092	0.0386818	0.0216561	0.0167719	0.0988722	0.031076	0.128072	0.0648279	0.0361868	0.00162534	0.0156987
167	0.335215	0.00160562	0.00288259	0.0124796	0.0215253	0.0285546	0.00285036	0.052136	0.00381403	0.0474969	0.0103441	0.0130759	0.00819927	0.00780154	0.00434444	0.0835675	0.15179	0.204636	0.00116488	0.00651758
168	0.0325378	0.00538059	0.323245	0.0842004	0.0106446	0.0529513	0.0173538	0.0245683	0.05149	0.0281287	0.0108273	0.126475	0.00942311	0.0413598	0.0308091	0.0619249	0.0495187	0.0266945	0.00253263	0.00993435
169	0.167849	0.00493021	0.0343551	0.0185184	0.00628359	0.432437	0.00918404	0.00876518	0.0206026	0.0153107	0.00545278	0.0364704	0.00934511	0.0191215	0.0147461	0.125371	0.0453594	0.0184036	0.00267639	0.00481752
170	0.0486646	0.00135862	0.0422305	0.105661	0.00473221	0.0163937	0.0113695	0.0190136	0.252342	0.029121	0.00645673	0.0380294	0.0212818	0.113752	0.145476	0.0304095	0.0770463	0.0284348	0.00148922	0.00673679
171	0.138561	0.00581984	0.00220079	0.0125953	0.00681187	0.0207458	0.00740734	0.00485193	0.0352285	0.00357517	0.00215764	0.00272554	0.619306	0.0157926	0.0265353	0.0476703	0.0122135	0.018736	0.000656543	0.0164091
172	0.0580968	0.00551295	0.00593726	0.0171111	0.179784	0.00373601	0.048589	0.0971702	0.00754288	0.0782045	0.0310398	0.018511	0.0165095	0.00455249	0.0146988	0.0284286	0.0724959	0.187383	0.00427455	0.120421
173	0.0978884	0.00154319	0.0735329	0.131816	0.0155532	0.00817298	0.00725461	0.0476693	0.0448918	0.0351846	0.0462205	0.0124981	0.00750036	0.0590931	0.0260294	0.0823724	0.157656	0.12867	0.0118189	0.00463356
174	0.0176231	0.00198421	0.00932286	0.0283209	0.0154844	0.0102484	0.00354409	0.184476	0.0131925	0.05768	0.0180996	0.00739886	0.00247153	0.00716768	0.0168645	0.0484037	0.222572	0.314286	0.000894653	0.0199652
175	0.0178787	0.0019795	0.214299	0.0937238	0.00295041	0.0100219	0.0170405	0.00706354	0.113347	0.0126591	0.00375272	0.13501	0.0344874	0.0815234	0.0656574	0.0752654	0.0797897	0.0126259	0.00068492	0.0202396
176	0.043267	0.000924763	0.0325523	0.012771	0.0861183	0.0707706	0.138577	0.0116722	0.0474381	0.0330861	0.0119287	0.0896399	0.0136153	0.0252345	0.105848	0.0902954	0.0472053	0.0117567	0.000832624	0.126466
177	0.0228453	0.00295438	0.00143314	0.00158058	0.0794443	0.00734807	0.00196068	0.316473	0.0020958	0.29138	0.0518282	0.00292163	0.000596607	0.00313554	0.00153445	0.00233872	0.01093	0.184652	0.00732563	0.00722102
178	0.0189501	0.00292185	0.0385492	0.0692648	0.066768	0.00874284	0.0347189	0.0357546	0.0125563	0.0816612	0.0077029	0.204657	0.00797617	0.180054	0.0150147	0.0614831	0.0192166	0.0350653	0.00527146	0.0936704
179	0.0227403	0.00331929	0.0015888	0.00189074	0.0723937	0.007429	0.00208212	0.333054	0.00237947	0.275999	0.0462794	0.00304968	0.000817933	0.00348372	0.00188357	0.00203398	0.0102522	0.195815	0.0070995	0.00640884
180	0.0366684	0.00121929	0.0254631	0.00847298	0.124079	0.0723141	0.153134	0.0120351	0.0339517	0.0286376	0.0121395	0.073853	0.0129648	0.0230787	0.0849628	0.0623166	0.0437308	0.00954288	0.00126338	0.180171
181	0.0788293	0.0106739	0.020674	0.0258158	0.0272833	0.0217076	0.01788	0.0866169	0.0256848	0.0906919	0.0317881	0.0227082	0.0444151	0.0283678	0.0305651	0.151021	0.154541	0.106744	0.00537266	0.0186194
182	0.0700783	0.00669801	0.0514026	0.0223983	0.00580099	0.567518	0.0140881	0.00879215	0.0291667	0.0121412	0.00557613	0.0537847	0.00285429	0.018403	0.0126179	0.0762118	0.0235665	0.0102379	0.00227465	0.00638857
183	0.0339033	0.00175683	0.134666	0.230378	0.00981182	0.0389091	0.0329973	0.0271408	0.0600424	0.0395005	0.0103546	0.0455247	0.016393	0.120023	0.0475308	0.0546401	0.053055	0.0256523	0.00115925	0.0165611
184	0.0530185	0.00513364	0.0187818	0.022837	0.0161096	0.0242626	0.0213991	0.0250615	0.033279	0.0286234	0.0169578	0.0315195	0.0133374	0.027698	0.161892	0.203657	0.246129	0.0325849	0.0030762	0.0146423
185	0.0375879	0.00629505	0.0102777	0.014801	0.256204	0.00694491	0.065989	0.0482608	0.00740456	0.0549492	0.0199622	0.0114131	0.0229361	0.00958021	0.0127051	0.0165357	0.0359817	0.0750929	0.0481841	0.238895
186	0.0192217	0.00639058	0.388133	0.0792397	0.00891968	0.0308023	0.00930359	0.0183686	0.046054	0.0246138	0.00888858	0.145902	0.00751838	0.0362221	0.0229974	0.0704908	0.0478007	0.019223	0.00153201	0.00837763
187	0.0885951	0.00388784	0.00311834	0.00800504	0.0566967	0.00620116	0.00734928	0.188327	0.00431517	0.114131	0.028801	0.00750284	0.00703382	0.0041174	0.00572363	0.0165109	0.0514347	0.376841	0.00280066	0.018608
188	0.0266013	0.00342562	0.0122793	0.0318308	0.0213362	0.00650619	0.00781826	0.172604	0.0184971	0.105121	0.0228615	0.0124846	0.00471053	0.0103678	0.020633	0.0446823	0.211587	0.247897	0.00167132	0.0170855
189	0.0230381	0.00311334	0.000987767	0.00121513	0.11313	0.00798875	0.00207873	0.226426	0.00154157	0.366724	0.0711916	0.00381106	0.000611955	0.0023983	0.00147205	0.00627027	0.0142909	0.132918	0.00665932	0.0141328
190	0.0169648	0.0189545	0.0255136	0.0326518	0.00705492	0.00680053	0.0562671	0.0119583	0.326221	0.0198352	0.00714962	0.0261023	0.00610398	0.0340249	0.106431	0.0351674	0.237801	0.0162485	0.00223513	0.00651383
191	0.270727	0.00159642	0.00568879	0.0108823	0.00707131	0.0349941	0.0138211	0.0136733	0.010098	0.0197499	0.0216895	0.0187971	0.00457501	0.0202575	0.00963691	0.210846	0.260934	0.0550654	0.00134146	0.00855468
192	0.0533965	0.00142141	0.0400132	0.0785819	0.00578659	0.0535414	0.0558866	0.00956253	0.10259	0.0272319	0.00843443	0.0807909	0.0421313	0.0735853	0.0799902	0.122848	0.130635	0.0173245	0.000998393	0.0152507
193	0.0737514	0.00122339	0.0287269	0.0233822	0.00755174	0.0961587	0.0798292	0.0103173	0.079679	0.0291665	0.0121951	0.102938	0.0319903	0.0364697	0.10016	0.154918	0.0939826	0.0194888	0.000878002	0.0171935
194	0.0697492	0.00159615	0.0354801	0.0217233	0.00744153	0.0774595	0.0894084	0.0138699	0.0916004	0.0333342	0.0133538	0.103325	0.0198967	0.0385607	0.136037	0.126894	0.072808	0.0288143	0.000575773	0.0180719
195	0.025221	0.00194646	0.126829	0.07863	0.0106516	0.0123455	0.0257133	0.0135637	0.0822721	0.0240884	0.0071537	0.173734	0.0249785	0.0874611	0.0487816	0.105077	0.0719239	0.0281003	0.00118438	0.0503445
