225	20
1	0.0391494	0.0112	0.036981	0.0789371	0.0172904	0.0227344	0.0555558	0.00976596	0.149358	0.0385996	0.0136316	0.0756941	0.0151695	0.0927789	0.168532	0.0824908	0.0484135	0.0232676	0.00246422	0.0179862
2	0.0298981	0.0160346	0.0390376	0.057336	0.0132025	0.0197193	0.0394054	0.0118561	0.144762	0.0344928	0.013543	0.0708462	0.0183467	0.0783461	0.262797	0.074125	0.0392208	0.0166849	0.00276344	0.0175819
3	0.0268388	0.0169769	0.000967286	0.00101835	0.105077	0.00827288	0.00162535	0.151466	0.000974416	0.420863	0.0751395	0.00223926	0.00591257	0.00122765	0.0018658	0.0156014	0.0277031	0.113962	0.00159619	0.0206719
4	0.0161565	0.00231276	0.00283959	0.00119118	0.0150613	0.00147405	0.00100195	0.42947	0.000719479	0.0724463	0.0447446	0.00280098	0.000954591	0.000771841	0.000782762	0.00975229	0.0172845	0.377221	0.000748565	0.00226555
5	0.0365584	0.0119792	0.0495207	0.0957171	0.015936	0.0342683	0.0602229	0.0117472	0.0999463	0.0342747	0.0124207	0.0961513	0.00935868	0.0831352	0.12027	0.122221	0.0660613	0.0177203	0.00193928	0.0205515
6	0.0279461	0.0256252	0.0282041	0.0433825	0.0108116	0.0103425	0.0277049	0.00887728	0.208285	0.0325696	0.00916062	0.0337799	0.0103334	0.0919129	0.31817	0.0592387	0.0258802	0.0113598	0.00202047	0.0143952
7	0.0367107	0.00990658	0.155151	0.0905569	0.00339326	0.0493752	0.0538685	0.014597	0.0545646	0.0111723	0.0121677	0.136401	0.0148915	0.0534121	0.058694	0.156352	0.0681182	0.00790558	0.000513149	0.0122482
8	0.265653	0.00841948	0.0128077	0.00431862	0.00392748	0.473954	0.00269074	0.00997805	0.00306162	0.00742259	0.00514744	0.00506171	0.00228093	0.00295425	0.0031983	0.0781064	0.0858864	0.0194154	0.00117543	0.00454049
9	0.0365521	0.0109361	0.0469927	0.0896662	0.0158435	0.0263835	0.0607171	0.00911451	0.144741	0.0335495	0.01177	0.0787119	0.0110791	0.08636	0.164029	0.0884625	0.0473485	0.0177765	0.002333	0.0176333
10	0.029805	0.133988	0.00768511	0.0116848	0.042288	0.0396516	0.0134063	0.04802	0.0109134	0.0855069	0.0193244	0.0134955	0.0362122	0.042465	0.0739464	0.226313	0.0588546	0.0880334	0.00399696	0.0144096
11	0.02947	0.0109493	0.0157315	0.0277579	0.0129663	0.0140766	0.0236212	0.0427694	0.0576952	0.10796	0.0424148	0.201634	0.0346039	0.0805912	0.0714374	0.133454	0.0440927	0.0316508	0.00393752	0.0131858
12	0.0160051	0.00234505	0.00284806	0.00118766	0.0149943	0.00145735	0.00098646	0.431238	0.000699336	0.0707724	0.0440687	0.00282174	0.000511496	0.000682916	0.000722421	0.00971151	0.0172042	0.378878	0.000671913	0.00219333
13	0.0737687	0.006941	0.0362655	0.0784041	0.0153973	0.0151488	0.0654538	0.0237728	0.0533154	0.0952142	0.0251904	0.036561	0.0164024	0.082606	0.0796801	0.0979453	0.0850194	0.0985271	0.00493317	0.00945369
14	0.0180023	0.00345703	0.419527	0.0692329	0.00396351	0.0360502	0.021472	0.0125965	0.0329232	0.0149315	0.0052711	0.217404	0.0141661	0.011682	0.0136011	0.0461544	0.0449964	0.007502	0.00101076	0.00605597
15	0.0104605	0.00504804	0.00369842	0.00419549	0.0992453	0.0553356	0.0241236	0.310841	0.00376729	0.188212	0.0950664	0.00490335	0.0367853	0.00440493	0.0049343	0.0471311	0.028333	0.0139924	0.0365809	0.0229405
16	0.0521335	0.0326313	0.0052473	0.00910367	0.131882	0.0444319	0.0262147	0.0199045	0.0086855	0.040653	0.0326584	0.0144955	0.00673742	0.00677602	0.00928355	0.0539312	0.0474114	0.0740777	0.110233	0.273508
17	0.0293355	0.0120169	0.0291645	0.0339887	0.0154606	0.017178	0.0606977	0.0212538	0.0473468	0.0333273	0.0237656	0.136929	0.00690859	0.0463427	0.0354379	0.140976	0.238115	0.0550345	0.00411778	0.0126026
18	0.067335	0.0175813	0.00710244	0.0100482	0.00899492	0.0273331	0.00376441	0.00610189	0.0087998	0.0252591	0.00731411	0.0229638	0.00166941	0.0115224	0.00421624	0.301517	0.443222	0.0163827	0.00548543	0.00338622
19	0.020636	0.0209708	0.000536357	0.000798505	0.118124	0.00799037	0.000836055	0.115532	0.000795084	0.494777	0.0850281	0.00118567	0.00417239	0.000900461	0.000888119	0.0146347	0.0271019	0.0708716	0.000742656	0.013478
20	0.00852124	0.00421108	0.000685481	0.00110678	0.0264126	0.00138997	0.0043499	0.23229	0.000754146	0.325209	0.186744	0.00106626	0.000814914	0.00197011	0.00385294	0.016917	0.0176152	0.147723	0.00638755	0.0119796
21	0.0205018	0.0125127	0.189619	0.384691	0.0145982	0.0159501	0.0103262	0.00550644	0.0424847	0.0148588	0.00941746	0.0728633	0.00918171	0.0621648	0.0200338	0.0368594	0.0321155	0.0240024	0.00107489	0.0212373
22	0.108119	0.0440757	0.0030576	0.0160082	0.0492248	0.00963827	0.00520361	0.139705	0.00735356	0.142749	0.178387	0.00840541	0.00338511	0.00859865	0.00714838	0.0641135	0.063672	0.130538	0.00202652	0.00858989
23	0.0265114	0.0157393	0.0346751	0.0567883	0.0116756	0.0139976	0.0370211	0.00645405	0.225342	0.0225295	0.00795031	0.0511988	0.0164207	0.099438	0.266105	0.0606269	0.0232905	0.00853597	0.00266241	0.0130381
24	0.020848	0.0196152	0.00522437	0.00581442	0.148547	0.00762891	0.014198	0.051542	0.0131946	0.0621566	0.0228535	0.00942767	0.00531394	0.00448671	0.00809739	0.0236202	0.0234342	0.0369811	0.182408	0.334609
25	0.078188	0.0440691	0.0106497	0.0132914	0.0393665	0.0721522	0.0670676	0.0299716	0.0110276	0.0492909	0.0323468	0.0235354	0.0327848	0.0265842	0.0936332	0.0830472	0.0442634	0.0941152	0.0040427	0.150572
26	0.013189	0.023099	0.00121444	0.00180034	0.172161	0.00372347	0.014848	0.0124799	0.00894791	0.0456825	0.0153535	0.00525563	0.00355832	0.00168908	0.0015422	0.0151818	0.0174242	0.0257656	0.195822	0.421261
27	0.022738	0.0407273	0.00333251	0.0086779	0.0894196	0.00605346	0.0283454	0.147315	0.0385749	0.113123	0.0833281	0.077111	0.00273847	0.00524493	0.00878546	0.0740353	0.0940037	0.146272	0.00301747	0.00715716
28	0.0220243	0.020861	0.00055489	0.000769092	0.123109	0.00865748	0.000799346	0.1161	0.000767929	0.485884	0.0851405	0.000988693	0.00342311	0.000854798	0.000940304	0.0147137	0.0287593	0.0722314	0.000706135	0.0127141
29	0.021412	0.0209258	0.000543844	0.000765305	0.119963	0.00824562	0.000791618	0.114853	0.000751645	0.493149	0.085132	0.00105515	0.00368016	0.000847921	0.0008815	0.01467	0.0280325	0.0707979	0.000656892	0.0128449
30	0.0368969	0.0139138	0.00073293	0.000914666	0.0686625	0.00628425	0.00298791	0.293314	0.000798923	0.245027	0.0397037	0.00337461	0.00188735	0.000434761	0.00230953	0.0112981	0.0398874	0.221991	0.000859209	0.00872128
31	0.0133435	0.00442761	0.00202506	0.00256851	0.50623	0.00428209	0.0114118	0.0519475	0.00455816	0.140236	0.0307435	0.00362092	0.00280097	0.00630308	0.00721934	0.0118461	0.0100471	0.0490539	0.0175144	0.119821
32	0.188104	0.0874995	0.00598649	0.0028164	0.0674355	0.0176856	0.0032465	0.0876674	0.00162006	0.110975	0.0437939	0.00938275	0.00216203	0.0019264	0.0023197	0.0814422	0.0983725	0.17832	0.000768015	0.00847604
33	0.101458	0.0255605	0.00135795	0.00118121	0.0841039	0.0687561	0.00106531	0.0768753	0.00101692	0.322017	0.059555	0.00350607	0.00112194	0.00110211	0.00205233	0.0623366	0.0489614	0.130581	0.00551679	0.0018746
34	0.2178	0.0698678	0.00429405	0.00243505	0.00356908	0.0825392	0.00173205	0.0167691	0.00169171	0.0256681	0.0116987	0.0242094	0.00662963	0.00703619	0.00551699	0.271935	0.136431	0.104632	0.000820958	0.00472517
35	0.0241318	0.0278064	0.00368915	0.00459109	0.194413	0.0137944	0.0239965	0.0183003	0.00930254	0.06386	0.0186271	0.0168817	0.00610149	0.00538355	0.00636395	0.0279831	0.0317507	0.04836	0.0992226	0.35544
36	0.0375003	0.0140802	0.000781898	0.000902282	0.0721157	0.00647123	0.00272314	0.287913	0.000755266	0.244305	0.040112	0.00311595	0.00184501	0.000443002	0.00217179	0.0118535	0.0406362	0.222819	0.0009464	0.00850851
37	0.0917571	0.0236036	0.00137093	0.000601801	0.0960119	0.0658342	0.000629615	0.0998164	0.000618097	0.30481	0.0523053	0.00336877	0.000940983	0.000678722	0.00125557	0.0542119	0.0452224	0.148792	0.00641174	0.00175884
38	0.0500958	0.0149529	0.00564583	0.0104731	0.00742962	0.0181277	0.00350343	0.0064765	0.00993597	0.0230523	0.00806354	0.030877	0.00173423	0.0151556	0.00285923	0.257817	0.504646	0.0205903	0.00569293	0.00287168
39	0.0138486	0.0232287	0.00137855	0.00195705	0.17285	0.00436957	0.0149006	0.0139385	0.00885914	0.045902	0.0157569	0.0051353	0.00348211	0.00173692	0.00172556	0.0153436	0.0176916	0.0273488	0.195627	0.414919
40	0.059602	0.0197334	0.00174233	0.000809927	0.130708	0.0368095	0.00129737	0.144083	0.000948743	0.274373	0.0645305	0.00249497	0.00181193	0.000785333	0.00139325	0.0341313	0.0430336	0.169916	0.00531798	0.00647765
41	0.0712015	0.0205561	0.00213901	0.000542436	0.144681	0.0425129	0.000686901	0.135236	0.000538421	0.259545	0.0561039	0.00215968	0.00189075	0.000688519	0.00138913	0.0371113	0.0407023	0.172691	0.00439082	0.005235
42	0.0116443	0.00261607	0.00131618	0.0022093	0.56171	0.00258315	0.00994746	0.0523911	0.00329502	0.137239	0.0343124	0.00245639	0.00236401	0.00636806	0.00635318	0.00949078	0.00777994	0.0364969	0.0115863	0.0978398
43	0.272153	0.00681868	0.0107816	0.00285449	0.00343997	0.495438	0.00241752	0.00931354	0.00221618	0.00623005	0.00422972	0.00257431	0.00153771	0.00246104	0.00245135	0.0702116	0.0825146	0.0177234	0.00105249	0.00358138
44	0.088222	0.0231928	0.00138883	0.000560452	0.101114	0.0638743	0.00060871	0.100773	0.000596187	0.307011	0.0526299	0.00312481	0.000994958	0.000657733	0.00115128	0.0524787	0.0449517	0.148673	0.0061013	0.00189592
45	0.0354227	0.0140663	0.000622462	0.000955009	0.0617312	0.00567165	0.00295558	0.303462	0.000779888	0.246204	0.0394919	0.00321713	0.00169643	0.000438252	0.0024834	0.0109903	0.0392103	0.221148	0.000767122	0.0086864
46	0.01318	0.0213732	0.00116453	0.00171396	0.173841	0.00350592	0.0149236	0.0122558	0.00912356	0.0445489	0.0149473	0.00483253	0.00357811	0.00157786	0.00148811	0.0143265	0.0163704	0.0239863	0.200883	0.42238
47	0.01318	0.0213732	0.00116453	0.00171396	0.173841	0.00350592	0.0149236	0.0122558	0.00912356	0.0445489	0.0149473	0.00483253	0.00357811	0.00157786	0.00148811	0.0143265	0.0163704	0.0239863	0.200883	0.42238
48	0.0903416	0.0234025	0.00149736	0.000591879	0.0976528	0.0647741	0.000683581	0.101695	0.000651241	0.301142	0.0526529	0.00360894	0.00102061	0.000685593	0.00131124	0.0533886	0.044249	0.152006	0.00665122	0.00199481
49	0.0191496	0.00346181	0.00305424	0.00117712	0.0212805	0.00188527	0.00111916	0.414763	0.000665699	0.0898113	0.0440342	0.00288916	0.000537772	0.000871189	0.000820227	0.0103495	0.0200619	0.360149	0.000753802	0.00316537
50	0.412784	0.0917367	0.0100762	0.00164767	0.012152	0.0566338	0.00200527	0.0309905	0.00167509	0.0194796	0.023359	0.0115136	0.00723309	0.00335355	0.00306267	0.160696	0.0495563	0.0666815	0.000823489	0.0345392
51	0.0335229	0.00459712	0.028711	0.00308274	0.0827225	0.00434429	0.00425714	0.0863877	0.0460081	0.190943	0.0195752	0.0297448	0.00309283	0.00385065	0.0563375	0.0242452	0.00943923	0.0364835	0.0450788	0.287576
52	0.0141827	0.00587767	0.137129	0.00386407	0.00512106	0.210166	0.00381447	0.00705435	0.00444271	0.0105762	0.0058872	0.14896	0.0157019	0.00476335	0.00394676	0.318766	0.0857809	0.00785718	0.00192257	0.00418616
53	0.00951638	0.00166883	0.00109634	0.00134043	0.598006	0.00183175	0.00974183	0.0425363	0.00228804	0.13414	0.0301675	0.00172457	0.00198716	0.00620328	0.00589654	0.00795169	0.00507497	0.0301586	0.0107894	0.0978806
54	0.0473787	0.00290223	0.00188258	0.0171598	0.00534795	0.0228868	0.00482037	0.122622	0.00658013	0.0812258	0.0567616	0.025731	0.0311242	0.00598805	0.00255966	0.0524672	0.316301	0.172592	0.0201009	0.00356762
55	0.107604	0.0144145	0.0226331	0.0192465	0.00590815	0.116012	0.00218275	0.00598495	0.00701948	0.00840236	0.00423613	0.0370567	0.00202838	0.00749939	0.00540948	0.463427	0.157432	0.00987654	0.00107643	0.00255088
56	0.391197	0.0960776	0.00895529	0.00369087	0.0174087	0.0453504	0.00302694	0.034966	0.00283668	0.0212701	0.0276709	0.0112972	0.00699375	0.00449627	0.00409304	0.18777	0.0432301	0.053864	0.00123011	0.0345755
57	0.00952261	0.00168699	0.00109659	0.00135879	0.597284	0.00182583	0.00974352	0.042771	0.00225458	0.134667	0.0299935	0.00173249	0.00199012	0.00618067	0.00589041	0.00793179	0.00512499	0.0302443	0.0107697	0.0979307
58	0.0306943	0.0166097	0.00128147	0.00235859	0.0816137	0.0118787	0.00288775	0.163933	0.00330161	0.376278	0.0947911	0.00307242	0.00519502	0.00465883	0.00425577	0.0198765	0.0428563	0.120139	0.00337655	0.0109408
59	0.00983506	0.0022317	0.00117196	0.00151858	0.591227	0.0020713	0.0098629	0.0413553	0.00267089	0.132523	0.029471	0.00208278	0.00214478	0.00681474	0.00606884	0.00832304	0.00572997	0.0299463	0.0120167	0.102934
60	0.131597	0.0381256	0.0135247	0.0235014	0.0633134	0.0390445	0.0116635	0.0297711	0.0113829	0.0468193	0.0271149	0.0252677	0.0074989	0.0118323	0.0127125	0.326214	0.0986885	0.0487061	0.00900252	0.0242189
61	0.0244401	0.00981534	0.000592208	0.000983882	0.0453267	0.00379329	0.00288713	0.309576	0.000586302	0.255712	0.0719356	0.00225341	0.00131233	0.000848985	0.00262026	0.0109837	0.0290697	0.213936	0.00205362	0.011274
62	0.0778525	0.0171584	0.0746808	0.22834	0.0223978	0.0279475	0.0223806	0.0287906	0.0345481	0.042002	0.0230722	0.0452674	0.0224323	0.0441735	0.0339078	0.0841445	0.100533	0.0411174	0.00841549	0.0208377
63	0.0657491	0.0143136	0.00843166	0.0093159	0.00732465	0.0342743	0.00274723	0.00487587	0.00833386	0.0185921	0.00484197	0.0247519	0.00139385	0.0105227	0.00369268	0.33264	0.427567	0.0136617	0.0044912	0.00247801
64	0.0353819	0.012601	0.0213312	0.0771557	0.0176479	0.0190306	0.0647934	0.0300706	0.0386855	0.042714	0.0846689	0.0333533	0.0128834	0.293351	0.0418998	0.0650606	0.0481311	0.0377254	0.00425552	0.0192596
65	0.138671	0.00523748	0.00445553	0.00666811	0.00716053	0.00594441	0.0607196	0.0335398	0.00607218	0.0569245	0.0331905	0.00623938	0.00372598	0.100286	0.0399471	0.0874055	0.285572	0.0867434	0.00234089	0.0291563
66	0.0542311	0.0174375	0.00998013	0.0154123	0.0328586	0.0260881	0.00687593	0.00975289	0.0134869	0.0297535	0.0145458	0.0265317	0.00373417	0.0113259	0.00815463	0.315677	0.363921	0.0195546	0.00993771	0.0107411
67	0.0215887	0.00621124	0.00248862	0.00476698	0.0197717	0.0048834	0.00535645	0.355957	0.00368764	0.0833342	0.0427173	0.00573421	0.00483854	0.00525596	0.00264352	0.0152397	0.103476	0.301595	0.00342368	0.00702931
68	0.251563	0.0104111	0.0173365	0.00817791	0.00510315	0.470485	0.00511522	0.0126637	0.00426899	0.0097885	0.0066425	0.00806058	0.00218435	0.00445412	0.00446455	0.0743789	0.0768104	0.0210173	0.00129912	0.00577481
69	0.0102195	0.00294945	0.00114668	0.00142464	0.538937	0.0020739	0.00946749	0.0371089	0.00325747	0.118459	0.026818	0.00214031	0.002828	0.00571557	0.0053564	0.00809282	0.0057911	0.0272375	0.0176049	0.173372
70	0.176028	0.0128102	0.0404849	0.0205972	0.00597215	0.427388	0.0113863	0.011932	0.00867271	0.0116849	0.00720598	0.0281541	0.0045696	0.00910562	0.0097806	0.117756	0.0690837	0.0199664	0.00138432	0.00603744
71	0.0686896	0.0125085	0.00482185	0.014141	0.129149	0.0783161	0.0462935	0.0124887	0.0112027	0.0337917	0.0239094	0.0194718	0.0055098	0.00627712	0.00854935	0.108407	0.0965353	0.114091	0.0229543	0.182892
72	0.0266885	0.0215045	0.0321807	0.0446239	0.0123178	0.0127421	0.0296236	0.0160993	0.183526	0.0416784	0.0106403	0.0384309	0.00992431	0.082532	0.320777	0.0568279	0.0276658	0.0141768	0.00191627	0.0161242
73	0.0828351	0.0375666	0.0122209	0.0110971	0.0676305	0.0697786	0.0393647	0.0336251	0.00424299	0.0393587	0.0398135	0.0299551	0.0192429	0.0187089	0.0258347	0.0909963	0.061866	0.122306	0.00574038	0.187816
74	0.0486828	0.00894947	0.0015476	0.00252142	0.00469376	0.0039463	0.00271144	0.236283	0.00242204	0.131968	0.111228	0.00399566	0.0716519	0.0264415	0.0116141	0.00923758	0.0521455	0.256003	0.0100839	0.00387357
75	0.0255799	0.00977649	0.0149705	0.0484314	0.00966669	0.0111898	0.0275985	0.0107814	0.0412952	0.0345844	0.0264613	0.0969389	0.00375527	0.0611588	0.0258726	0.157181	0.352853	0.0295919	0.00392885	0.00838478
76	0.0511686	0.00250334	0.254371	0.167053	0.00368645	0.053598	0.0213882	0.00424204	0.0420138	0.0150583	0.00690179	0.0875314	0.078938	0.022214	0.0229793	0.10747	0.0411379	0.00957732	0.000902086	0.00726531
77	0.0407873	0.0107908	0.052591	0.0951688	0.0160309	0.0312727	0.0660592	0.0125326	0.0983082	0.0353082	0.0127148	0.0970028	0.00946622	0.0799876	0.115867	0.115837	0.0688834	0.0197006	0.00218565	0.019505
78	0.0421143	0.136888	0.0192769	0.0297773	0.0185303	0.0201638	0.0239133	0.035182	0.0879802	0.0542456	0.0219748	0.0301895	0.0122375	0.055361	0.194236	0.0936754	0.0507599	0.0397385	0.00393034	0.0298249
79	0.086359	0.0012699	0.0123019	0.0232776	0.00158953	0.0132505	0.0134414	0.00675432	0.00796958	0.0140167	0.00639198	0.0463888	0.58056	0.0172336	0.0243318	0.090507	0.0421133	0.00658254	0.00051807	0.00514289
80	0.0940454	0.00674873	0.00334338	0.118811	0.0642013	0.0533586	0.00679324	0.130325	0.00389083	0.081082	0.0429997	0.00697076	0.0352476	0.0200857	0.0053195	0.0778286	0.0676737	0.132152	0.00281279	0.0463098
81	0.2716	0.00681513	0.0110073	0.00312166	0.00338078	0.493333	0.00237333	0.00943589	0.00220395	0.00618905	0.00424655	0.00258306	0.0015344	0.00245086	0.00243853	0.0705171	0.084234	0.0179268	0.00102625	0.0035816
82	0.0429742	0.0063101	0.00277912	0.00448859	0.0485454	0.0187021	0.016398	0.326301	0.00366635	0.05489	0.0525335	0.00442102	0.00428193	0.00441976	0.00447246	0.015173	0.075673	0.25825	0.0177704	0.03795
83	0.0500879	0.00912822	0.00157719	0.00140163	0.172202	0.0131794	0.00252367	0.234946	0.0012411	0.179219	0.0413534	0.00214664	0.00627981	0.00133826	0.00558022	0.012666	0.0401205	0.195941	0.004724	0.024343
84	0.0440647	0.0147618	0.000922536	0.000925638	0.0669812	0.0176413	0.00230359	0.22063	0.00310948	0.284564	0.041606	0.00288291	0.00193744	0.00114873	0.00323208	0.0184126	0.0588847	0.208228	0.00184523	0.00591792
85	0.0208034	0.0158406	0.000645952	0.000938874	0.0909323	0.00711645	0.00156273	0.15904	0.000859273	0.43261	0.0738228	0.00308233	0.0112532	0.000977116	0.00152329	0.0124333	0.0239202	0.122713	0.00101355	0.0189111
86	0.0655786	0.0322206	0.00144616	0.00354718	0.00663112	0.00269501	0.00301903	0.184034	0.00713571	0.164631	0.0936598	0.00917137	0.00647721	0.0554416	0.00433868	0.0339965	0.0916965	0.215882	0.00170587	0.0166924
87	0.0406929	0.0141316	0.00109655	0.000861967	0.0926949	0.0082931	0.00232737	0.265121	0.000737487	0.237877	0.0430315	0.0027751	0.00220734	0.000499033	0.00212387	0.0130877	0.0401508	0.222218	0.00121447	0.00885944
88	0.0396592	0.00964743	0.0192013	0.0442126	0.0126929	0.0197959	0.0217163	0.026703	0.0396104	0.0300708	0.0199336	0.0360575	0.154879	0.337084	0.0492692	0.0630804	0.0353394	0.0273934	0.00245411	0.0111999
89	0.233966	0.121323	0.0111618	0.00239265	0.0100297	0.0557337	0.00189403	0.0331838	0.00160478	0.0270226	0.0269102	0.0301454	0.0095081	0.00438954	0.00460293	0.248981	0.0875198	0.0758779	0.000907174	0.0128458
90	0.0345563	0.0141393	0.000624984	0.000986889	0.0603989	0.00559833	0.00296676	0.303369	0.000893456	0.247217	0.0402441	0.00319107	0.0017104	0.000467397	0.00251947	0.0111	0.0393038	0.221263	0.000796179	0.00865437
91	0.0662547	0.019028	0.00310466	0.000761802	0.129507	0.0293157	0.00123495	0.167503	0.000589551	0.236233	0.0516344	0.00263737	0.00206507	0.000648433	0.00175841	0.0333377	0.0435122	0.200003	0.00316479	0.00770711
92	0.124241	0.0253939	0.0203304	0.0131533	0.00646158	0.111942	0.00195253	0.00846381	0.00620559	0.0112879	0.0060697	0.0388665	0.00267203	0.0074253	0.00605099	0.445082	0.138194	0.0216356	0.00115735	0.00341534
93	0.175485	0.0714219	0.00764175	0.00276786	0.0700836	0.0196887	0.00282732	0.0904903	0.00165538	0.135444	0.0490676	0.0107224	0.00234465	0.00250364	0.00237054	0.0730316	0.0794692	0.189526	0.00128416	0.0121747
94	0.0614312	0.0175159	0.0019456	0.000631002	0.153391	0.0339729	0.000907151	0.15452	0.000687869	0.253956	0.0599445	0.00196779	0.00228176	0.000801516	0.00173606	0.02954	0.0383084	0.174356	0.00374721	0.00835732
95	0.0311568	0.0136716	0.000701659	0.00101751	0.0547154	0.0052426	0.00413939	0.289451	0.00216723	0.260102	0.0482768	0.00300266	0.00158116	0.00097951	0.00417216	0.0127057	0.0445063	0.213007	0.00107439	0.00832914
96	0.0368955	0.00853008	0.175572	0.100189	0.0035927	0.0480538	0.0498435	0.0132018	0.0565343	0.0104451	0.0104869	0.136581	0.0202367	0.0502193	0.0531177	0.14382	0.0624476	0.0080886	0.000515078	0.01163
97	0.251518	0.107003	0.00734364	0.00193961	0.00631811	0.0690321	0.00133254	0.0223708	0.00169659	0.0229	0.0185072	0.0222764	0.00943191	0.00475146	0.00488255	0.257289	0.103563	0.0745409	0.000742398	0.0125611
98	0.0509333	0.0172405	0.00124403	0.00118662	0.123325	0.0223213	0.00114021	0.161486	0.000680363	0.322725	0.0633114	0.00218182	0.00551924	0.000977437	0.0016764	0.0246973	0.0392194	0.147989	0.00237438	0.00977083
99	0.0147884	0.00553898	0.000717069	0.00101992	0.0336735	0.00274093	0.0040689	0.241503	0.000932122	0.307149	0.161088	0.00136611	0.0012762	0.00192808	0.00341856	0.0166587	0.0237484	0.160768	0.0064244	0.0111921
100	0.178821	0.0815934	0.00579235	0.00261898	0.0640265	0.0235483	0.00263112	0.0929906	0.00143562	0.131202	0.0467441	0.00892089	0.00248497	0.00321147	0.00215975	0.0753074	0.0874512	0.179342	0.00130423	0.00841412
101	0.250863	0.00980988	0.017789	0.00797635	0.00441808	0.477908	0.00489523	0.0115273	0.00370228	0.0095687	0.00543277	0.00744238	0.00204188	0.0038132	0.00386794	0.0769084	0.0767049	0.0195332	0.0012461	0.00455158
102	0.0363833	0.0141701	0.000655221	0.000935065	0.0641135	0.00583911	0.00284436	0.299689	0.000791886	0.245782	0.0392754	0.00317542	0.00173288	0.000472835	0.00241686	0.0111449	0.0398158	0.22129	0.000790789	0.00868127
103	0.0217143	0.00470826	0.00243599	0.00112926	0.0301141	0.00272062	0.00143688	0.393121	0.000585995	0.110493	0.0441223	0.0028215	0.000846641	0.000595078	0.00101995	0.0101487	0.0236655	0.343168	0.000918819	0.00423418
104	0.0394614	0.0079161	0.00153965	0.00267321	0.144127	0.0098058	0.00466255	0.224224	0.00214662	0.186185	0.0870005	0.0028333	0.00472719	0.00345385	0.00446526	0.0150435	0.0383147	0.172937	0.00656492	0.0419181
105	0.238245	0.0769523	0.00478239	0.0019924	0.00545515	0.0781709	0.00161868	0.0225185	0.00175641	0.0251203	0.0138892	0.0254164	0.00693407	0.00885941	0.00652115	0.244664	0.124304	0.104549	0.000985261	0.00726537
106	0.0275515	0.0277405	0.0244509	0.0398365	0.00976122	0.00883036	0.0253389	0.00656794	0.210228	0.0319875	0.00802689	0.0295405	0.00967692	0.0978555	0.340073	0.0575795	0.0228811	0.00699414	0.00163736	0.0134418
107	0.012108	0.00581914	0.000632218	0.00127376	0.0318342	0.00218661	0.00423559	0.25493	0.00094672	0.302903	0.162452	0.00131937	0.0010308	0.00186755	0.00503157	0.0168286	0.0200531	0.157341	0.00538989	0.0118169
108	0.241539	0.00743127	0.00402321	0.00507449	0.00769743	0.00847548	0.0144693	0.0330161	0.00446443	0.0435942	0.0350253	0.00701461	0.004398	0.0889461	0.0568532	0.19596	0.141603	0.0694145	0.00222527	0.028776
109	0.0270982	0.0278122	0.0233123	0.0357226	0.00916042	0.00842769	0.0229328	0.00620991	0.179011	0.0358592	0.00883913	0.0271088	0.00746466	0.0929753	0.382521	0.0602561	0.023549	0.00716184	0.00122193	0.0133561
110	0.10695	0.00490218	0.015027	0.0235842	0.00307654	0.013998	0.0145388	0.0106603	0.0153099	0.0260637	0.011091	0.0404229	0.511776	0.0185055	0.0225331	0.0997954	0.0420906	0.0113303	0.000929544	0.00741479
111	0.0287116	0.0114349	0.0395833	0.0728549	0.0159729	0.0208171	0.0504818	0.00709186	0.199865	0.0262068	0.0102333	0.0712146	0.0148816	0.0951632	0.202359	0.067104	0.0326903	0.0133679	0.0026455	0.0173214
112	0.028692	0.0121586	0.0324334	0.071684	0.0183466	0.0237702	0.0602541	0.00705608	0.170389	0.0336056	0.0133387	0.0789491	0.0128671	0.100496	0.188729	0.0689179	0.0381303	0.0145405	0.00221511	0.0234262
113	0.0272372	0.0332276	0.0205704	0.0332354	0.00982037	0.00743879	0.0203377	0.00726784	0.189017	0.0375788	0.00830518	0.0224008	0.0070951	0.0897521	0.382566	0.0565382	0.0244367	0.0072617	0.00134276	0.014571
114	0.179138	0.0400728	0.0178938	0.012306	0.00638544	0.0801847	0.00817088	0.0257005	0.0116119	0.0176215	0.00994234	0.0905405	0.00465657	0.0151333	0.0524527	0.268691	0.119318	0.0293503	0.00185771	0.00897248
115	0.0316242	0.0119968	0.0381185	0.0820431	0.0167474	0.023073	0.0556795	0.00740419	0.17803	0.0297239	0.0116991	0.0743845	0.0121294	0.0948455	0.185354	0.0735457	0.0361388	0.017149	0.00229661	0.018017
116	0.0858102	0.011458	0.0568062	0.0885091	0.0180246	0.0178721	0.0472059	0.0166024	0.0309707	0.0695169	0.0372625	0.0412632	0.0202196	0.0396736	0.0384316	0.133078	0.184078	0.0405726	0.00995073	0.0126939
117	0.0167131	0.00331448	0.00240523	0.00123308	0.0198053	0.0019637	0.00141509	0.407262	0.000640334	0.112336	0.0530963	0.00250481	0.000523896	0.00069505	0.00110648	0.01093	0.0187188	0.340144	0.00109347	0.00409872
118	0.0424222	0.00938462	0.0032586	0.00641753	0.0302956	0.0194303	0.020959	0.120084	0.0402671	0.18202	0.198632	0.0242147	0.00282913	0.00560451	0.0638244	0.0342602	0.0708292	0.117697	0.00248823	0.00508086
119	0.0331127	0.00770062	0.00322004	0.00366577	0.449032	0.00876513	0.0104635	0.0776936	0.00552683	0.122755	0.0318428	0.00471154	0.00489631	0.00650311	0.00739126	0.0173779	0.0182031	0.0586385	0.0168322	0.111669
120	0.109749	0.0264256	0.0140527	0.0138128	0.0102639	0.0636083	0.0047688	0.0114237	0.00801713	0.0207323	0.0099173	0.0298734	0.0041055	0.0110908	0.00764191	0.392601	0.223587	0.028565	0.00364042	0.00612441
121	0.0260892	0.0104492	0.0431255	0.0735612	0.0142046	0.0194171	0.0463067	0.0072573	0.219379	0.0218891	0.00883835	0.0647279	0.0151822	0.0943803	0.216355	0.0625449	0.0265609	0.011911	0.00317334	0.0146477
122	0.0310657	0.00117687	0.294674	0.160521	0.00337904	0.055086	0.033384	0.00279296	0.0721476	0.0054029	0.00207972	0.13573	0.0349427	0.0214234	0.0286323	0.0725676	0.0281174	0.00657758	0.000321425	0.00997722
123	0.0248113	0.00259069	0.132385	0.088216	0.00325127	0.476753	0.0386387	0.0136671	0.0201971	0.00780869	0.00417531	0.0701111	0.0023242	0.0214798	0.0135755	0.064251	0.00636491	0.00561484	0.00089863	0.00288597
124	0.0313092	0.0120145	0.0372677	0.080685	0.0169906	0.0227215	0.055539	0.00724508	0.1796	0.0299235	0.0118343	0.0738828	0.0122279	0.0956472	0.187342	0.0720789	0.0358697	0.0172638	0.00229383	0.0182634
125	0.0135346	0.00627959	0.00466766	0.00578013	0.00888981	0.029702	0.00604967	0.0142091	0.00594334	0.283011	0.204029	0.0316767	0.0990442	0.00730357	0.122573	0.0171755	0.0159693	0.0378348	0.00295929	0.0833669
126	0.0243103	0.113919	0.0373321	0.018184	0.0195505	0.016587	0.0136778	0.016497	0.0499059	0.051664	0.0193766	0.0785944	0.00540334	0.0152288	0.0463557	0.226426	0.119326	0.0198727	0.00523297	0.102556
127	0.00639454	0.00284766	0.00196995	0.00245538	0.248965	0.00281375	0.00244924	0.0247227	0.00233316	0.59419	0.0574478	0.00260617	0.018826	0.00282233	0.00251162	0.00664821	0.00658645	0.00746994	0.00126145	0.00467932
128	0.0588422	0.0230314	0.00197332	0.00429443	0.00668455	0.00354867	0.0044314	0.161032	0.0161675	0.168262	0.113532	0.00764018	0.00411656	0.0871149	0.00464687	0.04678	0.073174	0.189871	0.0016509	0.0232059
129	0.038142	0.00592113	0.0019558	0.00246849	0.149126	0.0108738	0.0060309	0.277471	0.0019673	0.1306	0.0446209	0.00284216	0.00450201	0.00269689	0.00462606	0.0114201	0.0414095	0.215497	0.0131459	0.0346833
130	0.0286454	0.0260892	0.0253122	0.0391034	0.00966025	0.0107772	0.0252061	0.00738121	0.169023	0.035365	0.00924996	0.033738	0.00809236	0.091158	0.36128	0.0667604	0.0278117	0.0093647	0.00152372	0.014458
131	0.0271213	0.00958533	0.00114329	0.00109051	0.0443738	0.00440295	0.00244562	0.33279	0.000734533	0.21546	0.0495819	0.00263701	0.00151442	0.000781852	0.00208671	0.0101488	0.0304025	0.253886	0.00120633	0.00860762
132	0.397609	0.0464105	0.00949256	0.0018207	0.00840826	0.255138	0.00193659	0.0242796	0.00214432	0.0124874	0.0135778	0.00556094	0.00378194	0.00284759	0.00253318	0.0960598	0.0514545	0.0422173	0.00109031	0.0211503
133	0.0259927	0.0104514	0.0429712	0.0729635	0.0141379	0.0193809	0.0460614	0.0073613	0.219815	0.02176	0.00878796	0.0645637	0.0154279	0.0944321	0.217464	0.0623435	0.0265549	0.0117255	0.0032061	0.0145995
134	0.0436623	0.0133432	0.0387721	0.0435247	0.00801434	0.0321199	0.041452	0.013294	0.0590293	0.0313176	0.0150928	0.129789	0.00614476	0.0605981	0.0663891	0.245064	0.120795	0.0165317	0.00157875	0.013486
135	0.0329516	0.0120967	0.035816	0.0785661	0.0182154	0.0235505	0.0590435	0.00846647	0.158849	0.0361697	0.0125155	0.0767054	0.0130895	0.0963343	0.178061	0.0763452	0.0420285	0.0182162	0.00242481	0.020555
136	0.0131855	0.00898957	0.000591249	0.000848419	0.058391	0.00354169	0.00321329	0.187855	0.000749293	0.386634	0.160472	0.00101987	0.00177737	0.00142214	0.00271485	0.0168135	0.0199336	0.115912	0.00453613	0.0113993
137	0.0293966	0.0121099	0.00119836	0.00106253	0.0409044	0.00385923	0.00213115	0.352447	0.000700429	0.183113	0.0425498	0.00309441	0.00253071	0.00163482	0.00195564	0.00987793	0.0318523	0.272247	0.000864114	0.00647132
138	0.0255542	0.00272375	0.129473	0.0865788	0.00335114	0.480492	0.0390086	0.0144969	0.0189859	0.00793865	0.00434218	0.0692879	0.00172028	0.0221648	0.0132227	0.0650197	0.00625343	0.00568026	0.000913015	0.00279295
139	0.228414	0.117706	0.00719013	0.00194766	0.00770639	0.067729	0.00270276	0.0230008	0.00230602	0.0237079	0.0238932	0.0202165	0.0184863	0.00560805	0.00457822	0.238362	0.111524	0.0819376	0.000870521	0.0121133
140	0.0312794	0.00719873	0.021932	0.0392765	0.00969563	0.0147791	0.102542	0.0103078	0.114813	0.0237813	0.0224381	0.113246	0.00553315	0.0879877	0.073016	0.143429	0.135722	0.0270457	0.00182027	0.0141578
141	0.0161594	0.00235068	0.00283875	0.00120978	0.0149068	0.00149826	0.00104375	0.430839	0.000701258	0.0704116	0.0441585	0.00282336	0.000517806	0.000682155	0.000728159	0.00983441	0.0175295	0.378722	0.000705004	0.00233993
142	0.0279298	0.0117221	0.0295028	0.06323	0.0164791	0.0217468	0.0634113	0.00720817	0.165065	0.0310618	0.0138474	0.0855504	0.0115222	0.0979249	0.175573	0.0800007	0.0540755	0.0153651	0.00202164	0.0267626
143	0.181484	0.0500472	0.00467197	0.00460734	0.033722	0.104647	0.00503184	0.039105	0.00450785	0.149911	0.0644846	0.0101458	0.00530141	0.00655213	0.0229353	0.0839574	0.0791704	0.133351	0.00373458	0.0126323
144	0.0193201	0.0287607	0.00526716	0.0119881	0.0628939	0.00786022	0.0539546	0.0563674	0.104777	0.123238	0.0365649	0.0104379	0.00487397	0.0466393	0.0495244	0.0256733	0.0628266	0.166885	0.0257871	0.0963602
145	0.0191688	0.0201674	0.00056416	0.000778446	0.110666	0.00720398	0.000971983	0.121417	0.000733748	0.486075	0.0912701	0.00125638	0.00451255	0.000983102	0.000973647	0.0139788	0.0252986	0.0778207	0.000830826	0.0153283
146	0.0345936	0.012205	0.000753476	0.000945676	0.0686496	0.00558829	0.002692	0.304854	0.000581022	0.23415	0.0426854	0.00290886	0.0019075	0.000511555	0.00227892	0.0105346	0.0352151	0.226333	0.00127186	0.0113407
147	0.0288073	0.02974	0.0234476	0.0391916	0.00960472	0.00761148	0.025389	0.0059307	0.218445	0.0303077	0.0076622	0.0261971	0.00959883	0.102451	0.33457	0.0586484	0.021919	0.00602017	0.00150949	0.0129482
148	0.031308	0.00113943	0.291318	0.163235	0.00342562	0.0556744	0.0328388	0.00259691	0.0727771	0.00539478	0.002111	0.13251	0.0359068	0.0217011	0.0292301	0.073547	0.0281292	0.00663493	0.000320132	0.010202
149	0.00838182	0.00418846	0.000680707	0.00109946	0.0267862	0.00143443	0.00436486	0.228011	0.000760052	0.330521	0.187084	0.00107946	0.000978544	0.00197524	0.00376871	0.016713	0.0176472	0.146045	0.00638267	0.0120988
150	0.03124	0.00113541	0.291366	0.163251	0.00342325	0.0556903	0.0328831	0.00260282	0.0728311	0.00537978	0.00209788	0.132607	0.0357914	0.0216985	0.0292362	0.0734794	0.028129	0.00663352	0.000320193	0.010204
151	0.0377902	0.0136377	0.000863848	0.00088124	0.0803435	0.00692194	0.00261432	0.281664	0.000748919	0.242657	0.0407459	0.00302057	0.00204754	0.000476641	0.00221046	0.0118659	0.0402333	0.221045	0.00111184	0.00912062
152	0.0395023	0.0127432	0.0696137	0.0906629	0.010855	0.0394713	0.0594928	0.0148642	0.0712802	0.0283559	0.0140519	0.110952	0.00967959	0.0734196	0.0908179	0.148076	0.0780934	0.0174427	0.00142665	0.0191985
153	0.0818626	0.0369387	0.0120451	0.0133463	0.0668429	0.0676451	0.0393613	0.0386899	0.0043178	0.0418444	0.0399857	0.0299558	0.0211179	0.0193892	0.0244111	0.0892033	0.0606671	0.123471	0.00522894	0.183675
154	0.0310087	0.00125996	0.291601	0.166258	0.00340828	0.0556183	0.0321682	0.0026198	0.0712382	0.00536188	0.00216654	0.130184	0.036736	0.0214707	0.0291876	0.0747445	0.027832	0.00652039	0.000337592	0.0102777
155	0.037023	0.0109827	0.0449337	0.0876191	0.0179005	0.0267787	0.0604708	0.0100608	0.126461	0.0347268	0.0120588	0.0886354	0.0110556	0.0879756	0.148522	0.0979073	0.0545956	0.0191358	0.00281644	0.0203411
156	0.0181484	0.0209057	0.00225229	0.00278052	0.0439361	0.0174424	0.00395481	0.239037	0.00314809	0.330598	0.0437887	0.0169858	0.0582937	0.00548574	0.00496812	0.0119548	0.0204026	0.141753	0.00256256	0.0116018
157	0.0104738	0.00272903	0.00124892	0.00222863	0.532865	0.00444394	0.0155244	0.062144	0.00296798	0.145603	0.0360903	0.00251937	0.00359286	0.00675709	0.00616421	0.0128304	0.00846596	0.0415154	0.0135364	0.0882987
158	0.00693876	0.00351451	0.001781	0.00239068	0.233258	0.00302776	0.00223434	0.02826	0.00221097	0.602757	0.0597995	0.002594	0.0184636	0.00268718	0.00245194	0.00665123	0.00716785	0.00925008	0.00108746	0.00347409
159	0.0488286	0.00892424	0.0015474	0.00251698	0.00470565	0.0039554	0.00272465	0.236496	0.00245693	0.131824	0.111382	0.00399578	0.0717145	0.0264637	0.0116698	0.00921559	0.0520306	0.255596	0.0100892	0.00386219
160	0.0894036	0.0400894	0.00948834	0.0592753	0.0576036	0.00898831	0.00990517	0.0150613	0.0100052	0.0977284	0.0432548	0.0120513	0.0044454	0.0068762	0.00866231	0.159091	0.154973	0.0186361	0.158326	0.0361351
161	0.084556	0.0014906	0.0132752	0.0247878	0.00218324	0.0135963	0.0126829	0.00745067	0.008609	0.0153752	0.00667969	0.0455971	0.578127	0.0170319	0.023609	0.0896325	0.0416181	0.00761324	0.000612177	0.00547285
162	0.0745538	0.0254765	0.00155591	0.00257912	0.00609469	0.00312541	0.00264569	0.191155	0.00763487	0.184468	0.0760218	0.00771916	0.00845429	0.0595391	0.00404962	0.0315313	0.0854464	0.212115	0.0020626	0.0137707
163	0.0279932	0.00308623	0.0015984	0.0150783	0.00461909	0.00891741	0.00817845	0.137066	0.0122344	0.0597859	0.0418338	0.0181757	0.0109693	0.0120836	0.00250584	0.0323709	0.387897	0.204553	0.00786122	0.00319205
164	0.0163608	0.00254482	0.00282143	0.00113974	0.0158078	0.00146858	0.00094706	0.428817	0.000691612	0.0739223	0.043799	0.00280558	0.000566681	0.00067552	0.000742212	0.00958966	0.0174149	0.376942	0.000649848	0.00229427
165	0.0387917	0.12695	0.00246775	0.0179831	0.00534685	0.00404757	0.0168091	0.166248	0.00424373	0.0330507	0.0451078	0.00454835	0.0024861	0.0335808	0.029613	0.0808509	0.117999	0.222326	0.00181128	0.0457382
166	0.0490899	0.0215576	0.0342472	0.0417923	0.0291289	0.0310975	0.212311	0.0293584	0.0462153	0.0506836	0.0287954	0.044519	0.0173191	0.0539901	0.0582936	0.0787806	0.0541524	0.0402805	0.00577426	0.0726137
167	0.00969202	0.00451803	0.0346232	0.0715296	0.0210833	0.00444362	0.0354762	0.153355	0.111028	0.012465	0.0235956	0.0052241	0.0482969	0.081823	0.108424	0.0111517	0.055961	0.199674	0.00219804	0.00543823
168	0.0277905	0.0117842	0.00135672	0.00175802	0.0939246	0.0100397	0.00447755	0.251411	0.00191401	0.270259	0.0786094	0.0033255	0.00450335	0.00133699	0.00396797	0.0166479	0.0330257	0.166226	0.0044159	0.0132257
169	0.00937754	0.00310002	0.512104	0.017315	0.00366167	0.0153273	0.0114494	0.0166691	0.0150592	0.01838	0.00531962	0.279084	0.00212823	0.0030301	0.00289039	0.0203536	0.0534739	0.00645628	0.00129786	0.00352298
170	0.0368578	0.0113539	0.127141	0.0877237	0.0048541	0.0445402	0.0582375	0.0155263	0.0552806	0.0135456	0.0128383	0.133853	0.0103143	0.0596046	0.0684986	0.163472	0.0732329	0.00840156	0.000745685	0.0139778
171	0.0849206	0.0232425	0.0194992	0.0193231	0.0146541	0.0617008	0.00803271	0.0143496	0.0139545	0.0208805	0.0133978	0.0425316	0.00475774	0.0140319	0.0125524	0.412353	0.181681	0.025211	0.00368037	0.00924596
172	0.0877077	0.00210077	0.0151596	0.0246989	0.0029908	0.0140726	0.0129809	0.00818445	0.00881624	0.01614	0.00730349	0.0457969	0.565944	0.0180367	0.0236725	0.0901257	0.0419749	0.00815969	0.000697951	0.00543647
173	0.00643977	0.00282719	0.0019811	0.00251023	0.243206	0.00290142	0.00229734	0.0243236	0.00241411	0.602083	0.0578637	0.00266029	0.0188879	0.00278044	0.00250053	0.00657273	0.00660176	0.00690917	0.00111712	0.00312293
174	0.01318	0.0213732	0.00116453	0.00171396	0.173841	0.00350592	0.0149236	0.0122558	0.00912356	0.0445489	0.0149473	0.00483253	0.00357811	0.00157786	0.00148811	0.0143265	0.0163704	0.0239863	0.200883	0.42238
175	0.03124	0.00113541	0.291366	0.163251	0.00342325	0.0556903	0.0328831	0.00260282	0.0728311	0.00537978	0.00209788	0.132607	0.0357914	0.0216985	0.0292362	0.0734794	0.028129	0.00663352	0.000320193	0.010204
176	0.00827573	0.00403677	0.00067829	0.00108719	0.0260411	0.00134445	0.0044383	0.229983	0.000785523	0.326715	0.189283	0.00107119	0.000807197	0.00198941	0.00382818	0.0168889	0.017575	0.146537	0.00657175	0.0120644
177	0.0855447	0.0189795	0.0277568	0.0123253	0.00534747	0.0934419	0.00180284	0.00617749	0.00992849	0.00840105	0.00352742	0.0600265	0.00202086	0.0100694	0.0106008	0.480291	0.153072	0.00619701	0.000951151	0.00353771
178	0.03124	0.00113541	0.291366	0.163251	0.00342325	0.0556903	0.0328831	0.00260282	0.0728311	0.00537978	0.00209788	0.132607	0.0357914	0.0216985	0.0292362	0.0734794	0.028129	0.00663352	0.000320193	0.010204
179	0.0378131	0.0145611	0.00110572	0.000911896	0.261607	0.0150861	0.00310687	0.102801	0.00139712	0.334445	0.0555012	0.00191356	0.00363907	0.0021272	0.00259601	0.0188086	0.0282899	0.0816873	0.00404011	0.0285626
180	0.0363951	0.0169371	0.106025	0.283232	0.0222836	0.0363544	0.021185	0.0180049	0.0389392	0.0288263	0.0177446	0.0552858	0.0212762	0.0604147	0.0314003	0.102666	0.0488244	0.0278021	0.0052361	0.0211667
181	0.0259834	0.0102199	0.00059884	0.000933302	0.0471992	0.00398082	0.00281866	0.31352	0.000575763	0.250769	0.0645175	0.00239368	0.00120674	0.000700893	0.00254176	0.0108254	0.0296089	0.218748	0.00177769	0.01108
182	0.0158542	0.00235139	0.00280708	0.00119062	0.0150625	0.00143865	0.00095555	0.433491	0.000699813	0.0703953	0.0435956	0.00289559	0.000525672	0.000706943	0.00071869	0.00966127	0.017229	0.377583	0.000675067	0.00216345
183	0.0345459	0.0114451	0.00108109	0.00107628	0.0619074	0.0055031	0.00257284	0.312569	0.000596034	0.215403	0.0429266	0.00278243	0.00186893	0.000879923	0.00208373	0.0109725	0.0352195	0.244792	0.00122175	0.0105532
184	0.0680491	0.022202	0.00298302	0.0027053	0.0965008	0.020231	0.0030788	0.191593	0.00236629	0.184893	0.0576615	0.0049199	0.00225384	0.00171976	0.00210556	0.0438381	0.0552259	0.226084	0.00293355	0.00865528
185	0.0210421	0.0197579	0.00056068	0.000816388	0.121639	0.00768846	0.000864754	0.113578	0.000809466	0.49644	0.0857764	0.00115059	0.00428888	0.000845754	0.000889701	0.0140537	0.0263737	0.0699413	0.000683834	0.012799
186	0.0248847	0.0140436	0.142656	0.416373	0.0185186	0.00646815	0.00501336	0.00766932	0.0338047	0.0192682	0.0126983	0.0494389	0.00585301	0.0857406	0.0162923	0.0317248	0.0499565	0.03386	0.00164193	0.0240937
187	0.324765	0.0787995	0.00970946	0.00394888	0.017532	0.111513	0.00755198	0.040565	0.00347228	0.0252563	0.0243801	0.0139333	0.0101775	0.00653696	0.00750076	0.142905	0.054063	0.0652684	0.00151246	0.0506099
188	0.195112	0.11483	0.00444824	0.00615154	0.128886	0.00958494	0.0226603	0.0842349	0.00485575	0.0914611	0.0178427	0.0242607	0.00368077	0.00493688	0.004883	0.0918019	0.129327	0.0496658	0.00313993	0.00823632
189	0.020394	0.00789635	0.0377745	0.100984	0.00886617	0.043786	0.0257273	0.0255523	0.0244806	0.0169055	0.0151202	0.0597101	0.0107469	0.405071	0.0302433	0.104646	0.0369982	0.01222	0.00218613	0.0106916
190	0.241251	0.0719519	0.00939972	0.00532132	0.044817	0.0594332	0.0148267	0.0415049	0.00221738	0.0430344	0.0354873	0.0213951	0.0170536	0.00875163	0.0107755	0.106677	0.0627516	0.113987	0.00216804	0.0871952
191	0.0266108	0.0328238	0.0192383	0.0302908	0.00844039	0.00615992	0.0169048	0.00655552	0.178394	0.0400237	0.0079252	0.0188103	0.00622418	0.0900508	0.411581	0.0551126	0.0236944	0.00644952	0.00108576	0.0136242
192	0.04225	0.0252593	0.00251924	0.007203	0.00706725	0.00362303	0.00395582	0.00643907	0.0155684	0.0361473	0.00808969	0.0168933	0.002104	0.0199002	0.00312203	0.126699	0.64228	0.0142196	0.0129546	0.00370499
193	0.0895022	0.0569028	0.0198101	0.123631	0.0683096	0.022919	0.0185598	0.0265272	0.0241782	0.0471917	0.0292738	0.0258906	0.0100528	0.0218359	0.024977	0.234993	0.0719961	0.0334509	0.0256681	0.0243303
