208	20
1	0.0335437	0.00314425	0.00245749	0.00300284	0.277569	0.00237732	0.0141737	0.0452044	0.0222852	0.178329	0.0251301	0.00178263	0.00163327	0.00270447	0.00249441	0.00710177	0.0107675	0.0116017	0.0420408	0.312657
2	0.0276113	0.00229772	0.000743694	0.00124847	0.0044652	0.00432832	0.00253794	0.385404	0.00117169	0.0531697	0.0106696	0.00256674	0.000603993	0.000935124	0.0008293	0.00174185	0.0166689	0.477813	0.00152201	0.00367198
3	0.0757528	0.033175	0.00531936	0.00948617	0.272994	0.00728386	0.00432344	0.143775	0.0106451	0.0711229	0.0174042	0.00489609	0.00510146	0.00631115	0.00773629	0.0419275	0.0916987	0.172385	0.00619433	0.0124685
4	0.0730591	0.00835221	0.0710204	0.0403196	0.00611497	0.463835	0.0091772	0.0127615	0.055154	0.0111421	0.00670109	0.106677	0.00300764	0.0177143	0.00972459	0.0569613	0.0261327	0.0147821	0.00200937	0.00535338
5	0.0439358	0.00949395	0.0175302	0.0219428	0.0377622	0.0167467	0.574302	0.0201299	0.0264528	0.0216537	0.01069	0.0114156	0.00725022	0.0148542	0.0148959	0.0354067	0.0554184	0.0225896	0.00450098	0.0330282
6	0.0335028	0.0010545	0.00747131	0.0307339	0.00685327	0.0078582	0.00298735	0.0561433	0.4699	0.0473226	0.0293983	0.00192512	0.00207973	0.0565565	0.159549	0.0338309	0.0312494	0.0118366	0.0083797	0.00136697
7	0.0699044	0.00246043	0.00375202	0.00604485	0.00394796	0.00936367	0.0223615	0.0350932	0.0472022	0.00701941	0.0035581	0.442141	0.00668731	0.00458889	0.00709769	0.228673	0.0484908	0.0282931	0.0017069	0.0216132
8	0.0705865	0.00284689	0.00556662	0.0162615	0.00609396	0.00586445	0.00297155	0.0149651	0.0103378	0.0130692	0.00337071	0.00422266	0.754745	0.00650958	0.0117501	0.0113721	0.0203589	0.0345424	0.0015831	0.00298222
9	0.0128232	0.00169405	0.855513	0.0128724	0.00273662	0.00633127	0.00227513	0.00412237	0.00462965	0.00429618	0.00236147	0.0477583	0.0113784	0.00381286	0.00274505	0.00716579	0.00784959	0.0063954	0.0011474	0.00209167
10	0.0370466	0.0117855	0.00150241	0.00719567	0.00186398	0.00447217	0.00496056	0.00324559	0.00261726	0.00383678	0.00212547	0.0245755	0.00109276	0.00192058	0.00197296	0.195314	0.660173	0.0277958	0.000524095	0.00597875
11	0.00872915	0.00186281	0.875331	0.00944946	0.00228891	0.00422197	0.00212525	0.00365055	0.00341873	0.00373877	0.00241339	0.0472661	0.0112105	0.00265951	0.00240376	0.0056599	0.00522026	0.00576802	0.00085604	0.00172612
12	0.352234	0.00824444	0.00685904	0.00263833	0.00226466	0.0130427	0.0050525	0.00341886	0.0040101	0.00544714	0.00302758	0.00554015	0.0019477	0.0020815	0.0022428	0.425927	0.148992	0.00487696	0.000891071	0.00126079
13	0.0240667	0.00262664	0.00154313	0.00231769	0.00643545	0.00487058	0.00289384	0.471086	0.00272202	0.0511405	0.0106834	0.00320028	0.0014072	0.00234686	0.00175845	0.00380457	0.0323053	0.367114	0.0019596	0.00571834
14	0.286523	0.174448	0.00410948	0.00621216	0.00560634	0.0812683	0.00325706	0.0273377	0.00604959	0.0441518	0.00408302	0.0109588	0.0022001	0.0037952	0.00613651	0.0625045	0.20575	0.0608044	0.00182689	0.0029771
15	0.153453	0.0199216	0.00216824	0.0022734	0.00272541	0.0302136	0.00304177	0.00376597	0.0050057	0.0123635	0.00832134	0.00838371	0.0012163	0.00167296	0.00284058	0.644969	0.0913845	0.00426137	0.000770016	0.00124856
16	0.638504	0.00475422	0.00575817	0.00494296	0.00326822	0.00546463	0.00233098	0.00711258	0.00663342	0.00604196	0.00321275	0.00370793	0.138439	0.00357424	0.00286213	0.108609	0.0232117	0.0276064	0.00139244	0.00257263
17	0.0155741	0.000815533	0.00297476	0.00445442	0.0350221	0.00100788	0.00393706	0.281957	0.00976366	0.36203	0.0758308	0.00070468	0.00319442	0.00506277	0.0113858	0.00577034	0.010048	0.138642	0.00901786	0.0228068
18	0.307356	0.00276688	0.00435116	0.00907859	0.00442847	0.0938318	0.00284689	0.0662483	0.0167635	0.00804896	0.00428067	0.00448543	0.00278535	0.00632571	0.00453122	0.231581	0.0344729	0.191038	0.00141828	0.00336098
19	0.0474252	0.00241619	0.00274402	0.00410724	0.212622	0.00271407	0.00851513	0.0395511	0.0121086	0.153805	0.0333703	0.00267311	0.00180367	0.00254028	0.00307707	0.00808789	0.0219804	0.0221402	0.0732424	0.345076
20	0.579576	0.0139121	0.0141072	0.00314779	0.00234258	0.00472763	0.00189331	0.00419194	0.00441882	0.00505879	0.00265166	0.00237692	0.00448494	0.00258449	0.00232984	0.257823	0.0853796	0.00628749	0.00101872	0.0016881
21	0.0699707	0.00265711	0.0838986	0.1984	0.0236086	0.0252201	0.144603	0.00585364	0.00658686	0.00882706	0.00471356	0.0433265	0.00295915	0.0669139	0.0415558	0.00884662	0.00965912	0.00848298	0.052458	0.191459
22	0.0261625	0.00411361	0.00175148	0.00268633	0.27977	0.00208891	0.00928109	0.0527483	0.0121869	0.226593	0.0227827	0.00151856	0.00142611	0.00304189	0.00174455	0.00685345	0.00891593	0.0124597	0.0447079	0.279167
23	0.0558167	0.00592833	0.0184625	0.10477	0.0204719	0.00444728	0.0054128	0.0918637	0.119258	0.0709088	0.0438058	0.01861	0.00268065	0.0576511	0.0433396	0.0120379	0.13254	0.167388	0.00132898	0.0232772
24	0.580813	0.00187103	0.00280515	0.00439555	0.00337905	0.00410208	0.00236782	0.00583028	0.00518383	0.0064097	0.00345719	0.00249016	0.262748	0.00355088	0.00325892	0.0550223	0.00720182	0.040908	0.00147821	0.00272759
25	0.106733	0.0834474	0.00440924	0.00593846	0.00930172	0.0282621	0.00325587	0.0954122	0.0481014	0.0184045	0.0135955	0.00457506	0.00310251	0.00410721	0.0265101	0.0105842	0.0909308	0.329185	0.0308221	0.0833219
26	0.19671	0.0522568	0.00579837	0.00820769	0.00824464	0.00760569	0.00365655	0.0985065	0.00943239	0.0491704	0.0123192	0.00701665	0.00344741	0.0054624	0.296864	0.0350879	0.0657495	0.126738	0.00228073	0.00544485
27	0.164401	0.00728933	0.00862916	0.0155777	0.0145559	0.0101692	0.00622923	0.0658466	0.0140996	0.465337	0.0183031	0.00771745	0.00576401	0.115136	0.00924522	0.0152043	0.0193295	0.0270261	0.00319047	0.00695
28	0.196208	0.0318253	0.039221	0.0283456	0.00870069	0.326254	0.00739319	0.0173916	0.0281637	0.0141454	0.00982319	0.068263	0.00370907	0.0107976	0.00673241	0.144816	0.0292667	0.0223576	0.00260256	0.00398324
29	0.0426651	0.000893867	0.141229	0.426723	0.00144726	0.00450004	0.00403181	0.00213841	0.0412571	0.00442896	0.00509933	0.083772	0.0764114	0.0470554	0.00325906	0.0241283	0.0689837	0.0204744	0.000491015	0.00100991
30	0.057509	0.00113666	0.00625703	0.0113593	0.0131822	0.0111085	0.00143323	0.253652	0.0074203	0.161216	0.00624323	0.00168556	0.191394	0.00855522	0.00201359	0.0113571	0.0270185	0.225192	0.000739172	0.00152801
31	0.0556224	0.0013704	0.00210522	0.00331246	0.00223073	0.0178982	0.00514529	0.00773641	0.0105519	0.00398757	0.00205619	0.636262	0.0117477	0.00239894	0.0125041	0.153748	0.0569272	0.00819725	0.00110833	0.00509008
32	0.153909	0.00223344	0.098799	0.11089	0.0149135	0.0251175	0.0166362	0.0165629	0.0749891	0.00499835	0.00277064	0.0508778	0.143447	0.013973	0.0479182	0.126295	0.0735098	0.0187468	0.00123434	0.00217814
33	0.107461	0.00490672	0.120583	0.345106	0.00966227	0.022986	0.0103746	0.0129801	0.0569506	0.0275134	0.0135321	0.0503673	0.0361673	0.0403961	0.0209326	0.0409932	0.0441741	0.0240178	0.00316432	0.00773124
34	0.0321457	0.0123421	0.000859639	0.00456976	0.000935809	0.00282832	0.0055062	0.00223594	0.00117647	0.00165577	0.000894922	0.012517	0.00065976	0.000955237	0.00101632	0.141106	0.751163	0.0231411	0.000306363	0.00398424
35	0.168321	0.000685007	0.00656406	0.170638	0.0010103	0.018591	0.023575	0.00160715	0.291536	0.0193351	0.000922563	0.020286	0.0203394	0.0943844	0.0629001	0.0348996	0.0364484	0.0220178	0.000435788	0.00550283
36	0.0069957	0.0166589	0.00178222	0.00220043	0.607255	0.00185939	0.0101178	0.0132698	0.00313337	0.0454788	0.0105908	0.00154405	0.00121752	0.00892541	0.00161685	0.01859	0.00374787	0.00410488	0.0113845	0.229526
37	0.0493478	0.00333142	0.000980461	0.00186721	0.0136765	0.00408226	0.00222753	0.356007	0.00166235	0.046616	0.0152413	0.00260572	0.00135928	0.00121764	0.00198567	0.00437216	0.0166929	0.465849	0.00389953	0.00697769
38	0.0683589	0.0104824	0.00301849	0.00586313	0.0813033	0.00884262	0.0028678	0.121552	0.00744977	0.411791	0.0637598	0.0040795	0.00576076	0.00529757	0.00742426	0.0111208	0.0131113	0.148358	0.00447574	0.0150826
39	0.024835	0.00102813	0.25244	0.208954	0.00189313	0.0208077	0.00129397	0.00274958	0.1426	0.00320734	0.00195272	0.181926	0.00119742	0.0580553	0.0447489	0.0389104	0.0068212	0.00456474	0.000675208	0.00133906
40	0.0397403	0.0024299	0.00318331	0.0190626	0.0358934	0.00363757	0.191267	0.00516372	0.190651	0.00609015	0.00294937	0.00306658	0.00204654	0.0606076	0.0786041	0.0236748	0.0863009	0.0224744	0.00145429	0.221703
41	0.073551	0.00382256	0.0116156	0.00995895	0.219727	0.00485701	0.0156871	0.0304521	0.0142069	0.134351	0.026246	0.00649296	0.00746198	0.0083153	0.00484029	0.0232025	0.023696	0.0254845	0.120325	0.235706
42	0.0287582	0.00106062	0.0663555	0.0262656	0.00176889	0.518794	0.0238652	0.00294452	0.137651	0.00286044	0.00190078	0.0998948	0.00101283	0.0220396	0.00180962	0.0482742	0.00771381	0.00429602	0.000611001	0.00212289
43	0.0902458	0.0159441	0.00129204	0.00959539	0.137994	0.0127097	0.00126294	0.0886363	0.0105455	0.211142	0.0699246	0.0020356	0.00207405	0.00899922	0.00250892	0.00917704	0.0182829	0.296443	0.000933498	0.0102535
44	0.408063	0.00175154	0.0034059	0.0998942	0.00314494	0.0185373	0.0181607	0.00655409	0.0836152	0.0458377	0.00312787	0.00381658	0.0169659	0.0512453	0.0202915	0.0370277	0.0740794	0.0871909	0.00118711	0.0161034
45	0.0646138	0.00344644	0.00668645	0.0156694	0.0125101	0.00818869	0.00484026	0.0394484	0.010907	0.0543813	0.00691824	0.00526352	0.650162	0.00825843	0.010138	0.013705	0.0220519	0.0553063	0.00277387	0.00473121
46	0.121311	0.00153605	0.0500936	0.294552	0.00384094	0.00659447	0.00367229	0.0102979	0.0610217	0.0803992	0.0430199	0.0149663	0.0750926	0.0909012	0.0310382	0.0112711	0.0407053	0.0532011	0.00211188	0.00437337
47	0.0199116	0.00201849	0.00331911	0.009763	0.0501794	0.00153839	0.00434293	0.226667	0.00740555	0.395462	0.043576	0.00104189	0.00793981	0.00254392	0.0152908	0.00644752	0.0194134	0.160394	0.00546418	0.0172817
48	0.013223	0.000444961	0.00328441	0.00505785	0.0383862	0.00078691	0.00431634	0.254534	0.0088155	0.400034	0.0630075	0.00052241	0.00394785	0.0013607	0.014468	0.0054758	0.0088576	0.148713	0.00762575	0.0171386
49	0.0259023	0.00726091	0.000969753	0.00140037	0.003624	0.00333255	0.00349183	0.352423	0.00147955	0.103749	0.00644591	0.00345383	0.000726788	0.00114919	0.00117403	0.00197607	0.0119138	0.463424	0.00275129	0.00335232
50	0.103025	0.00225073	0.00160533	0.00213614	0.102503	0.0023501	0.00111683	0.289482	0.00305938	0.0464397	0.0198053	0.00171168	0.00622768	0.00187673	0.00500777	0.0196207	0.0262967	0.300699	0.0262468	0.038539
51	0.025335	0.00271436	0.00278343	0.00520629	0.0329719	0.00247631	0.00377746	0.291306	0.00596821	0.325171	0.0467967	0.00180719	0.00528285	0.00328555	0.00789416	0.00484135	0.0108127	0.204386	0.00549877	0.0116859
52	0.043406	0.00949998	0.00402018	0.00819999	0.00458373	0.00550446	0.00570141	0.0170799	0.00565282	0.0250659	0.0109822	0.0110829	0.00266009	0.00478359	0.00417144	0.083911	0.539761	0.200725	0.00775665	0.00545131
53	0.0114799	0.00264912	0.85322	0.0130215	0.00246322	0.006057	0.00265608	0.00383163	0.00569526	0.00468669	0.00284004	0.049764	0.0115207	0.00415829	0.00351224	0.00685298	0.00649728	0.00606702	0.000967398	0.00206007
54	0.0292322	0.00428361	0.00982932	0.013135	0.135252	0.00719805	0.349313	0.0119536	0.0266044	0.025763	0.0137603	0.00795649	0.00665546	0.0130878	0.0128617	0.0576555	0.144228	0.0208824	0.00788958	0.102459
55	0.0711183	0.00502341	0.00250374	0.00429966	0.00305066	0.0137537	0.00497805	0.00753736	0.00855532	0.00706879	0.00312049	0.399115	0.00626253	0.00238788	0.00883916	0.249171	0.185023	0.0120346	0.00104317	0.00511485
56	0.0853287	0.00111952	0.159843	0.407033	0.00393791	0.014346	0.0057145	0.00306737	0.0466827	0.00443536	0.00235044	0.0806353	0.0362168	0.0334784	0.0120685	0.0432045	0.0461283	0.01139	0.000683359	0.002337
57	0.111633	0.00288378	0.00476843	0.0445493	0.0860662	0.00481654	0.00354976	0.0824477	0.124974	0.0569043	0.0229554	0.00437369	0.104769	0.00445887	0.0805315	0.11224	0.0502953	0.0726219	0.0215265	0.00363461
58	0.39812	0.00323787	0.00650111	0.0523449	0.00501017	0.0915018	0.00297314	0.0494268	0.0617636	0.00873892	0.00374467	0.00550987	0.00525207	0.0278741	0.00502115	0.195272	0.0478569	0.0251056	0.00199559	0.00274958
59	0.0585795	0.00729194	0.0578651	0.235803	0.0100525	0.0115399	0.0484792	0.0313378	0.0830331	0.0802223	0.0160681	0.0114638	0.00884337	0.124589	0.035595	0.0196966	0.0816162	0.0490381	0.00523425	0.023651
60	0.20986	0.0573998	0.00559457	0.00597451	0.0253588	0.0502606	0.00347483	0.0311175	0.00645264	0.103456	0.00656917	0.029164	0.00308184	0.00441097	0.0254306	0.267464	0.145535	0.0142916	0.00140308	0.00370139
61	0.0620075	0.0024982	0.00485619	0.00931623	0.0227146	0.00866866	0.00157041	0.232249	0.00684794	0.156822	0.00778274	0.00209309	0.162832	0.0111694	0.00285813	0.0157196	0.0262481	0.257941	0.00185154	0.00395287
62	0.176188	0.0074886	0.315274	0.171645	0.00175145	0.0222252	0.0157276	0.00379053	0.0342372	0.00236369	0.00102334	0.0543801	0.0325283	0.0304057	0.0133306	0.072128	0.0341049	0.0101641	0.000427238	0.000815856
63	0.0494612	0.000564347	0.123102	0.0519462	0.00192193	0.447441	0.0042166	0.00131629	0.0331559	0.00308223	0.000992296	0.180386	0.00056159	0.0154523	0.000807955	0.0445425	0.0255882	0.00869321	0.000265959	0.00650269
64	0.0205948	0.00112974	0.00335197	0.00808187	0.0441877	0.00106049	0.00553211	0.255946	0.00824667	0.393654	0.0549576	0.000799326	0.00468549	0.00335313	0.0147008	0.00589473	0.0122376	0.138898	0.00581681	0.0168705
65	0.07929	0.0176714	0.0140073	0.0331085	0.0279323	0.00269212	0.00771241	0.149777	0.0299389	0.205682	0.039309	0.00669	0.00546438	0.0287238	0.0270363	0.0278205	0.0774415	0.200216	0.000512884	0.018974
66	0.238491	0.002772	0.0547562	0.180682	0.0240115	0.223851	0.0424418	0.00851336	0.0294805	0.00865715	0.00357238	0.00751549	0.00320214	0.0449724	0.0251629	0.0537023	0.0138812	0.00915785	0.0208797	0.00429698
67	0.0231757	0.00340586	0.000632088	0.00102324	0.00374054	0.00315276	0.00343384	0.406767	0.000953903	0.0879119	0.00610137	0.00335559	0.000488788	0.000790884	0.000850964	0.00135208	0.0128839	0.435413	0.00143698	0.00312916
68	0.0502673	0.00186471	0.000722406	0.00123169	0.0414494	0.00344444	0.00160502	0.380945	0.00153279	0.0534248	0.0108983	0.00174422	0.00285293	0.00091516	0.00208658	0.00851546	0.0224133	0.385636	0.0100871	0.0183627
69	0.0532666	0.00215643	0.626509	0.109294	0.00244028	0.0114712	0.00523385	0.00436176	0.0241169	0.00616647	0.00311618	0.0509632	0.0176317	0.0184679	0.00905922	0.0234859	0.0185781	0.00971196	0.00163972	0.00232971
70	0.0434939	0.00810967	0.0163831	0.0221434	0.0382211	0.0141292	0.571151	0.0209506	0.0220499	0.0260035	0.0107605	0.0119846	0.0094647	0.0167458	0.0138159	0.0310681	0.0586841	0.0250312	0.00502248	0.034787
71	0.0385258	0.00792843	0.0120028	0.0208021	0.0387219	0.0163859	0.58491	0.0190577	0.024862	0.0221257	0.0109524	0.0119724	0.00814723	0.0158174	0.0141907	0.0330599	0.0555341	0.0242709	0.00498781	0.0357443
72	0.0424024	0.00116227	0.00909361	0.0358374	0.00720281	0.00500254	0.00358702	0.0556982	0.433409	0.0531067	0.0236647	0.00182704	0.00212267	0.0523518	0.196398	0.0216624	0.0309575	0.0126496	0.01035	0.00151409
73	0.022177	0.00302726	0.00184236	0.00445898	0.062655	0.00192368	0.00283653	0.211429	0.00490303	0.465373	0.0615143	0.000667904	0.0056318	0.00139038	0.00808818	0.00386474	0.00726895	0.115431	0.00441901	0.0110979
74	0.18287	0.0447225	0.0179775	0.0150535	0.00650896	0.314731	0.00311214	0.0099093	0.0125812	0.0107939	0.0258978	0.080224	0.00288932	0.00680927	0.00444625	0.217336	0.0283144	0.0108609	0.00180993	0.003152
75	0.0497843	0.000580937	0.125176	0.0516016	0.00198197	0.44593	0.00416635	0.00145928	0.0327429	0.0032334	0.00101981	0.179799	0.000580652	0.0154141	0.000810825	0.0444577	0.0256131	0.00884914	0.000318227	0.00648049
76	0.0171515	0.00174768	0.00208006	0.00470316	0.0522478	0.00135819	0.0034843	0.234177	0.00536872	0.458684	0.0561886	0.000582718	0.00442449	0.000955877	0.00979715	0.00364195	0.00693892	0.118183	0.00531887	0.0129657
77	0.052609	0.00322803	0.0610277	0.0993333	0.00506433	0.00744834	0.0215076	0.0289056	0.081812	0.0102	0.0214558	0.164632	0.00235905	0.090131	0.0469062	0.0503455	0.176587	0.0702573	0.00115378	0.00503643
78	0.0330445	0.0109929	0.00366399	0.0131615	0.00230157	0.00483586	0.0055139	0.00517463	0.00459357	0.00388263	0.00227598	0.0359229	0.00146873	0.00304612	0.00199621	0.170779	0.652038	0.0325262	0.000723668	0.012058
79	0.181308	0.00220137	0.11943	0.0742372	0.00742546	0.0249097	0.00947125	0.0287281	0.0606539	0.00479431	0.00253174	0.0489415	0.106774	0.024164	0.022692	0.158914	0.0865284	0.0334341	0.000890895	0.00196949
80	0.102435	0.00206513	0.129848	0.0600661	0.00838973	0.146037	0.0152867	0.00287854	0.0191499	0.0171455	0.00172121	0.244693	0.00100853	0.0525039	0.00208128	0.0877155	0.0491033	0.0339962	0.000830026	0.0230467
81	0.0668033	0.00402636	0.00789055	0.0146297	0.00736694	0.00561567	0.00353437	0.0195031	0.0124674	0.0146878	0.00468918	0.00644216	0.709739	0.0114914	0.0124991	0.0145197	0.0401519	0.036329	0.00347191	0.00414115
82	0.142275	0.0424785	0.0147736	0.0105338	0.0249895	0.00703662	0.00338278	0.174174	0.0132729	0.103795	0.0416233	0.0480133	0.0038924	0.00658706	0.0254861	0.0300078	0.0567044	0.239277	0.00174511	0.00995167
83	0.0539554	0.00139599	0.0175566	0.103003	0.00831347	0.00347335	0.00250192	0.0417415	0.34101	0.0624446	0.0301697	0.00218767	0.00299435	0.0700819	0.178408	0.0125057	0.0261263	0.01272	0.0275611	0.00184933
84	0.0898152	0.00211152	0.00523293	0.00737517	0.00493414	0.00468256	0.00272198	0.020709	0.00827541	0.0117794	0.00319932	0.00409563	0.734125	0.00411391	0.0177594	0.0119296	0.0288485	0.0341326	0.00178411	0.00237497
85	0.0168047	0.00229121	0.00287932	0.00438611	0.0363337	0.00186107	0.00341094	0.200456	0.00744188	0.32719	0.0548596	0.00150614	0.00324431	0.00226664	0.00978006	0.00625866	0.0090894	0.258578	0.0200174	0.0313457
86	0.201371	0.0272658	0.0454321	0.0390515	0.0094378	0.341769	0.0108098	0.0196275	0.0310523	0.0184249	0.00991815	0.0663068	0.00397295	0.0145912	0.00798053	0.0909366	0.0330155	0.0194045	0.00343881	0.00619363
87	0.13542	0.109496	0.00404458	0.00521006	0.00514602	0.0314457	0.00329893	0.00761789	0.00851883	0.016307	0.0105339	0.0100515	0.00218112	0.0033853	0.0049428	0.579493	0.049767	0.00875332	0.00132516	0.00306189
88	0.0322167	0.012596	0.000901748	0.00460749	0.000912809	0.00276828	0.00536572	0.00217091	0.0011649	0.00168531	0.000878613	0.0130728	0.00067332	0.000980547	0.00103572	0.14377	0.747086	0.0237214	0.000313826	0.00407821
89	0.335426	0.155682	0.0124764	0.0179676	0.00331112	0.165674	0.00219249	0.00621022	0.00421236	0.00984115	0.00574662	0.0885827	0.00162898	0.0027683	0.00328205	0.120914	0.0521741	0.00850146	0.00118918	0.00221898
90	0.0657401	0.0114286	0.00139987	0.0039552	0.00135695	0.00875623	0.00548795	0.00310717	0.00253227	0.00422055	0.00251867	0.012951	0.000900438	0.00139453	0.00181334	0.28811	0.562986	0.0175704	0.00043524	0.00333459
91	0.0228385	0.00325461	0.000619604	0.00105527	0.00379872	0.00327364	0.00337039	0.413241	0.000918059	0.0864802	0.00622291	0.00335507	0.000583606	0.000780625	0.000836054	0.00134318	0.0128527	0.430611	0.00138191	0.00318344
92	0.0164774	0.00131713	0.00244	0.00425426	0.0414952	0.00117483	0.00380393	0.239667	0.00682016	0.443057	0.0628162	0.000515829	0.00362547	0.00101784	0.0108204	0.004466	0.00700348	0.129698	0.00588766	0.0136419
93	0.0496672	0.00186229	0.00349938	0.00408884	0.00715296	0.00414191	0.00257949	0.436051	0.00587505	0.156413	0.121131	0.00244946	0.00179697	0.0372781	0.00538249	0.00794947	0.0323447	0.0996837	0.00160503	0.0190479
94	0.196007	0.00939739	0.0116646	0.0400793	0.0165588	0.0217606	0.00936245	0.0323984	0.244042	0.0815512	0.0162352	0.0136789	0.0150051	0.0299528	0.0421784	0.126813	0.0365756	0.0414186	0.0061076	0.00921394
95	0.0448882	0.0350829	0.00713434	0.0235476	0.00810046	0.204121	0.00543185	0.111089	0.0934233	0.0638569	0.0399272	0.0135504	0.00473663	0.0205258	0.0762867	0.0774264	0.0766193	0.0838719	0.00258118	0.00779883
96	0.0614815	0.00870425	0.00108633	0.00120091	0.0410457	0.0146828	0.000942639	0.120586	0.0019873	0.590677	0.0747324	0.00091977	0.00148358	0.00210243	0.0012211	0.00296108	0.0069542	0.0659513	0.000383038	0.00089673
97	0.00895923	0.0016764	0.00227571	0.00299586	0.00340718	0.00263727	0.00159416	0.0594333	0.00381096	0.260852	0.610703	0.00220298	0.00163707	0.00235492	0.00222987	0.00508101	0.00518285	0.0203394	0.000811218	0.00181623
98	0.0366229	0.00996266	0.000887745	0.00103113	0.0501557	0.00531573	0.0011134	0.105112	0.00204175	0.640692	0.082676	0.000803705	0.00151488	0.00172662	0.000972548	0.00336657	0.00275655	0.0521723	0.000332931	0.000742653
99	0.175336	0.0495348	0.00348528	0.00363195	0.00441811	0.0479633	0.00150418	0.00649644	0.00600933	0.0270316	0.0138708	0.0122251	0.00173872	0.00230877	0.00440257	0.566267	0.0648364	0.00620477	0.00099045	0.00174466
100	0.313489	0.121864	0.0160141	0.0147838	0.00503605	0.238195	0.00266586	0.00711477	0.00594381	0.00878459	0.00873372	0.0697981	0.00242929	0.0036362	0.00342513	0.13426	0.0323417	0.00781801	0.00148455	0.00218184
101	0.0265123	0.00432374	0.00215801	0.00397725	0.0463542	0.00343316	0.00266755	0.202768	0.00509523	0.506247	0.0642781	0.00108783	0.00295106	0.00335561	0.00710405	0.00440822	0.00706922	0.092768	0.00382068	0.00962062
102	0.0205553	0.00240896	0.00407968	0.00398698	0.0347999	0.00217127	0.00514031	0.213826	0.0102162	0.404947	0.0857524	0.00107232	0.00281214	0.00385906	0.0130278	0.0125686	0.00951844	0.15123	0.0054205	0.0126069
103	0.12429	0.0159737	0.00492606	0.00580252	0.00474927	0.0237575	0.00586803	0.00867711	0.00920995	0.0151211	0.00739592	0.018762	0.00240611	0.00413309	0.00479565	0.478342	0.243387	0.0172455	0.00125466	0.00390278
104	0.0106169	0.00182813	0.86534	0.01217	0.00261973	0.00392378	0.0020692	0.00411521	0.00442254	0.00421238	0.00276254	0.0475032	0.0113938	0.00353575	0.00275048	0.00596795	0.00561919	0.00589733	0.00126303	0.00198922
105	0.0319674	0.0123042	0.000955397	0.00448151	0.00101391	0.00280195	0.005379	0.00224972	0.00119876	0.00170451	0.000897903	0.0121725	0.000749581	0.00106145	0.00102322	0.138833	0.75417	0.022746	0.000326744	0.00396355
106	0.0160929	0.00146051	0.00377064	0.00594497	0.0363771	0.00153738	0.00479109	0.237482	0.00846056	0.402287	0.0583113	0.000841277	0.00407068	0.00174883	0.0159856	0.00644143	0.0112084	0.160538	0.00685698	0.0157921
107	0.0328676	0.0438628	0.00718262	0.0706714	0.0117534	0.0996957	0.0446807	0.0714932	0.0128441	0.218535	0.100034	0.1117	0.00516207	0.00914485	0.0122286	0.0188957	0.0188908	0.0611059	0.00326109	0.0459907
108	0.0286221	0.00624151	0.00800003	0.00322423	0.152704	0.00457776	0.00242937	0.094073	0.00980759	0.545146	0.0615565	0.0020979	0.00234659	0.00313366	0.00842446	0.00559518	0.00521997	0.047878	0.0019189	0.00700334
109	0.0438389	0.00163725	0.00870163	0.0296203	0.00725527	0.00556028	0.00545998	0.060823	0.419893	0.0423795	0.0218625	0.00195397	0.00341529	0.051792	0.204183	0.0221206	0.0427444	0.0165443	0.00850852	0.00170699
110	0.106769	0.014815	0.0190175	0.0305093	0.0132258	0.0366972	0.0124217	0.0311718	0.138827	0.0266898	0.015842	0.0283227	0.0126885	0.0216219	0.0254428	0.358271	0.053313	0.0380696	0.00425929	0.0120252
111	0.109537	0.00160283	0.00217663	0.00298067	0.00280006	0.00328829	0.00247812	0.011199	0.00341053	0.010027	0.00216329	0.00190406	0.762278	0.00220922	0.00887408	0.00827593	0.0175002	0.0447261	0.000919923	0.00164819
112	0.089627	0.0178341	0.00599672	0.0129816	0.00886446	0.011751	0.00783656	0.0157185	0.00705278	0.0172451	0.00716668	0.0134946	0.00958014	0.00575283	0.00634777	0.137487	0.578005	0.0383496	0.00278686	0.00612225
113	0.0417581	0.0372576	0.00141708	0.00454967	0.00136862	0.00463517	0.00536804	0.00350822	0.00200597	0.00308829	0.00130976	0.0112251	0.00102443	0.00146964	0.00163068	0.129466	0.72111	0.02312	0.000525576	0.00416162
114	0.0544105	0.0110064	0.00310621	0.00645097	0.0060131	0.00925714	0.0279155	0.0051796	0.00365811	0.00435692	0.00306337	0.0117203	0.0018362	0.00355507	0.00309141	0.190162	0.624732	0.0218114	0.00152796	0.00714639
115	0.0631606	0.000870079	0.140783	0.360891	0.0016097	0.00346943	0.00282635	0.00229862	0.0571573	0.0110904	0.0114015	0.0528014	0.115476	0.0739543	0.00751081	0.0225625	0.0446623	0.025879	0.000568143	0.00102727
116	0.0333689	0.00999518	0.0857624	0.230514	0.00922154	0.00274887	0.0318724	0.0427648	0.101516	0.0672636	0.00702477	0.00473985	0.00127326	0.109699	0.0416418	0.0178379	0.119377	0.0591601	0.000775773	0.0234422
117	0.0114794	0.00177995	0.857108	0.0134719	0.00250451	0.00646305	0.0021239	0.00354043	0.00446617	0.00378142	0.00236151	0.049381	0.0108994	0.00423414	0.00318801	0.00707184	0.00669167	0.00595353	0.00106817	0.00243163
118	0.0122423	0.002061	0.00300526	0.00420196	0.0173146	0.018532	0.035691	0.126849	0.413374	0.00879429	0.00489053	0.00272955	0.0193549	0.0223136	0.171369	0.0238217	0.0330192	0.0766146	0.00133666	0.00248435
119	0.194283	0.0326395	0.00691904	0.0164982	0.0194062	0.0103472	0.00292976	0.16727	0.0136359	0.107285	0.0491087	0.0128137	0.00382637	0.00650573	0.015405	0.0294985	0.0643109	0.233285	0.00276772	0.0112647
120	0.265276	0.0506355	0.00479438	0.00836373	0.00940569	0.0340449	0.00281786	0.0827245	0.00995993	0.104091	0.0148844	0.00523351	0.00249605	0.00430611	0.00713375	0.0117884	0.0243924	0.322643	0.0227463	0.012263
121	0.165462	0.000680001	0.00682426	0.172663	0.000984331	0.0191374	0.0241398	0.0015477	0.295964	0.0188553	0.000912537	0.0196526	0.0211091	0.0915919	0.0618663	0.0346804	0.0354813	0.0224315	0.000452175	0.00556502
122	0.17866	0.00104953	0.120732	0.394934	0.0166331	0.0202289	0.010617	0.00346132	0.0718907	0.00579804	0.00143158	0.0296341	0.00568535	0.0169885	0.0253163	0.0482048	0.0348673	0.00547152	0.000746703	0.00764967
123	0.0273427	0.00532868	0.00249487	0.00516037	0.0439236	0.00461999	0.00326665	0.167168	0.005789	0.504964	0.0936008	0.00154858	0.00273716	0.00321448	0.00756446	0.00559781	0.00754627	0.0954098	0.00381322	0.00890965
124	0.38677	0.00330113	0.00548256	0.0323144	0.00470212	0.105105	0.0031129	0.0672643	0.0555408	0.00983587	0.00509175	0.00581545	0.00420271	0.0171354	0.00590069	0.204765	0.0362372	0.0428227	0.00172731	0.00287284
125	0.113387	0.000854285	0.0545002	0.252983	0.00150875	0.00805967	0.00888098	0.0024681	0.207678	0.0210334	0.00716984	0.038366	0.0640891	0.0857777	0.0376715	0.0291013	0.0296666	0.0336881	0.00044196	0.0026746
126	0.0585048	0.00446657	0.0325427	0.128851	0.01435	0.00527267	0.00542126	0.150417	0.0565843	0.198355	0.0403594	0.00393265	0.00860209	0.0611976	0.024671	0.0106208	0.0442773	0.132571	0.000899893	0.0181037
127	0.301478	0.151337	0.00639667	0.00979323	0.0127741	0.0353472	0.00551172	0.0222073	0.0110792	0.151989	0.00832206	0.0136154	0.00504257	0.0078453	0.0126249	0.0958276	0.111792	0.02824	0.00371538	0.00506043
128	0.0361728	0.000517977	0.100723	0.0484724	0.00100356	0.528961	0.00566707	0.00123455	0.0515942	0.0014549	0.000945327	0.148661	0.000516057	0.0136843	0.000834898	0.0345731	0.0169985	0.00447262	0.000267476	0.00324577
129	0.0170477	0.0102278	0.00163044	0.00241359	0.463623	0.00185263	0.0105771	0.0258864	0.00991191	0.0966075	0.0157035	0.0015744	0.00129799	0.00620624	0.00163463	0.0129338	0.00658874	0.00717402	0.0240978	0.283011
130	0.26181	0.0143112	0.0450976	0.0185671	0.0425585	0.261195	0.00780037	0.0515377	0.0139144	0.0586028	0.0100964	0.0120582	0.00608102	0.0111379	0.0105641	0.0799744	0.0649241	0.0181383	0.00488278	0.00674726
131	0.0481687	0.00388889	0.0186997	0.015148	0.0266433	0.0123542	0.00364633	0.151689	0.0362549	0.190344	0.182277	0.00530187	0.00209601	0.0400252	0.0648236	0.0478055	0.0199827	0.121957	0.00130607	0.00758793
132	0.184408	0.00136352	0.18724	0.349061	0.00486587	0.0312621	0.00672468	0.00253616	0.0470151	0.00447823	0.000691152	0.0377155	0.0104021	0.0276292	0.0186536	0.0500083	0.0269282	0.00582631	0.000594019	0.00259697
133	0.00895923	0.0016764	0.00227571	0.00299586	0.00340718	0.00263727	0.00159416	0.0594333	0.00381096	0.260852	0.610703	0.00220298	0.00163707	0.00235492	0.00222987	0.00508101	0.00518285	0.0203394	0.000811218	0.00181623
134	0.0306667	0.00603207	0.0456761	0.0122169	0.334296	0.00878551	0.00645764	0.0177135	0.0697265	0.301577	0.0151427	0.0082245	0.00675675	0.00864484	0.0546182	0.0193634	0.0188494	0.0222717	0.00355463	0.00942555
135	0.0708458	0.00243633	0.0260254	0.0882718	0.00988381	0.0033898	0.00459284	0.071034	0.278208	0.0825796	0.0351448	0.00367736	0.00203399	0.0638278	0.116176	0.0135722	0.0702085	0.0406329	0.00809825	0.00936023
136	0.357699	0.00999394	0.00964785	0.0820199	0.0118336	0.0149949	0.00602276	0.111185	0.0580526	0.0431647	0.0157543	0.0078078	0.00973376	0.0165461	0.0138928	0.0327704	0.0373502	0.149159	0.00321667	0.00915426
137	0.0445633	0.00581779	0.00631084	0.0360609	0.00683559	0.074858	0.00664308	0.0606388	0.311447	0.0530745	0.0413126	0.0112091	0.00566522	0.0552341	0.123714	0.0870407	0.0326136	0.0307507	0.00320364	0.00300559
138	0.138117	0.00860329	0.00324181	0.00464478	0.00276345	0.0202849	0.0178252	0.00548687	0.0036361	0.00644669	0.00295545	0.00938637	0.00183437	0.00273224	0.00280912	0.302252	0.447251	0.0158175	0.00104104	0.00287026
139	0.143374	0.0204278	0.343247	0.0565796	0.00504152	0.0226642	0.0123601	0.00660965	0.0181847	0.00944486	0.00333476	0.128711	0.0159426	0.0349785	0.00682547	0.0938571	0.0416888	0.0300759	0.00126057	0.00539159
140	0.04244	0.00836804	0.00565782	0.0314598	0.00570835	0.129248	0.00345365	0.116472	0.0762259	0.0691632	0.147418	0.0245358	0.00243182	0.0365728	0.0899741	0.109862	0.0422069	0.0527732	0.00167415	0.00435469
141	0.0116307	0.00158828	0.867584	0.013793	0.00253871	0.00326754	0.0016153	0.00379336	0.00423423	0.00382847	0.00270616	0.046646	0.0114366	0.0033491	0.00273693	0.00581056	0.00558382	0.00511666	0.000916294	0.0018238
142	0.0674293	0.00385546	0.0185473	0.0379847	0.18226	0.0085602	0.0183125	0.0131852	0.0126217	0.116025	0.0846602	0.00953455	0.0114596	0.0117545	0.00609835	0.114292	0.060471	0.0499145	0.0226869	0.150348
143	0.060239	0.00428534	0.0159253	0.0503366	0.0129855	0.0262918	0.0138207	0.0471148	0.41056	0.0406045	0.0182724	0.0119508	0.0143019	0.0464163	0.10227	0.0449775	0.0356508	0.0280663	0.00627942	0.00965118
144	0.177444	0.0021478	0.178508	0.261103	0.00471511	0.0346098	0.0121823	0.00889304	0.0449577	0.00444045	0.00159092	0.0544282	0.0224367	0.0341806	0.0211885	0.0659143	0.0532384	0.0152642	0.000625206	0.00213209
145	0.0134267	0.0123396	0.00195162	0.00251336	0.522843	0.00173551	0.00996778	0.0239186	0.00630223	0.0723118	0.0135678	0.00164693	0.00118928	0.00680288	0.00167643	0.0143891	0.00607879	0.00618765	0.0199912	0.261159
146	0.0959583	0.00229932	0.206403	0.314759	0.00171244	0.0166924	0.00936426	0.00356771	0.0329848	0.0021669	0.00268427	0.0768662	0.0565244	0.0395623	0.0072223	0.0513695	0.0615901	0.0171429	0.000335591	0.000794289
147	0.10011	0.00262361	0.000914362	0.0016307	0.104352	0.00215519	0.000738591	0.254997	0.00288922	0.0550766	0.0166124	0.00112283	0.00729898	0.00159189	0.00511249	0.0226624	0.0303083	0.335111	0.0235554	0.0311375
148	0.0539243	0.00813628	0.00656638	0.0739624	0.00691946	0.199346	0.00415488	0.0891206	0.0277473	0.0237356	0.020942	0.00853967	0.00430682	0.0389028	0.155808	0.0615518	0.0961928	0.112503	0.00250356	0.00513652
149	0.0221506	0.00217599	0.000683838	0.00112534	0.004243	0.00506261	0.00224193	0.422136	0.00106426	0.0508566	0.0110546	0.00252431	0.000542918	0.000886966	0.00076748	0.00148869	0.0159945	0.449848	0.00119784	0.00395445
150	0.313188	0.122194	0.0173877	0.0143027	0.00390572	0.23764	0.00240007	0.00550138	0.00446168	0.00672161	0.00893388	0.0755164	0.00192968	0.00336596	0.00309158	0.139079	0.0307828	0.00626179	0.00114763	0.0021879
151	0.0706946	0.0091075	0.0243905	0.0506112	0.016193	0.027643	0.0136272	0.0415391	0.122833	0.0403764	0.0228935	0.0251072	0.0144418	0.123173	0.0307712	0.107356	0.0485528	0.191121	0.00602039	0.0135475
152	0.0321712	0.0047743	0.00130755	0.00167453	0.00510932	0.00304668	0.00561007	0.384399	0.00194486	0.101793	0.00811327	0.00657348	0.00132076	0.00206381	0.00188107	0.00308106	0.0166786	0.413492	0.00133927	0.00362582
153	0.0944823	0.00187027	0.160974	0.336441	0.0047621	0.0197555	0.00798922	0.00572884	0.0444849	0.00538333	0.0031769	0.0927329	0.0328532	0.0324192	0.0144644	0.0638535	0.0580379	0.0165106	0.000796235	0.00328338
154	0.0655914	0.00591252	0.00438814	0.00667401	0.00612338	0.00600964	0.00351857	0.0371209	0.00716541	0.0740604	0.0275044	0.00451944	0.00361511	0.00456694	0.00530712	0.0102448	0.312921	0.386055	0.0238229	0.00487834
155	0.122609	0.0168301	0.004843	0.00947558	0.0323359	0.0247232	0.0028093	0.192543	0.0135804	0.0911009	0.0841177	0.00688577	0.00464568	0.00781327	0.0113672	0.0355044	0.0834683	0.222163	0.00586344	0.0273214
156	0.0997804	0.00233351	0.138832	0.0587921	0.00807602	0.155503	0.0141003	0.00300285	0.0188237	0.0154349	0.00170069	0.23973	0.0013368	0.0484956	0.00199768	0.0875423	0.0486796	0.0336905	0.000824084	0.0213236
157	0.0450515	0.00212367	0.015816	0.0294833	0.0195597	0.0278384	0.00207593	0.252474	0.0175104	0.152381	0.0154181	0.00207316	0.152131	0.00659072	0.00305936	0.00906604	0.0493492	0.193969	0.00108121	0.00294828
158	0.0399874	0.00105551	0.0112767	0.0585583	0.0102732	0.00343726	0.00159533	0.0505794	0.423483	0.0587873	0.0280848	0.00171064	0.00120177	0.0701073	0.167418	0.015961	0.0250149	0.0127249	0.0172713	0.00147212
159	0.184151	0.00223608	0.223811	0.290465	0.00298896	0.033163	0.00831925	0.00342091	0.0405822	0.0030022	0.000563682	0.0445133	0.0171097	0.0300299	0.0167928	0.0568677	0.0313665	0.00858234	0.000481103	0.00155397
160	0.184725	0.0019247	0.216534	0.306737	0.00323617	0.0333266	0.0076776	0.00297122	0.0412824	0.00336737	0.000612263	0.042403	0.0152967	0.0289658	0.01736	0.0544137	0.0294074	0.00750078	0.000484595	0.00177381
161	0.0228629	0.00370509	0.00148308	0.0034839	0.0585731	0.00211093	0.0023924	0.202527	0.00352086	0.5193	0.0595499	0.000589344	0.0039741	0.00115314	0.00632104	0.00270511	0.0050156	0.0892013	0.00335248	0.00817838
162	0.0630822	0.00378266	0.0256045	0.139993	0.0177213	0.00378015	0.00515272	0.0854415	0.0686432	0.194909	0.0617028	0.00358886	0.00413099	0.0752602	0.0359895	0.0100589	0.0549274	0.117732	0.000651773	0.0278478
163	0.0245578	0.00107024	0.249485	0.210949	0.00188827	0.0214119	0.00128734	0.00275323	0.143669	0.00326925	0.00195261	0.180246	0.00163037	0.0591677	0.0444226	0.0390914	0.00649363	0.00464356	0.000675313	0.00133553
164	0.0362888	0.000522194	0.100612	0.0479761	0.001001	0.528514	0.00568882	0.00122496	0.0517598	0.00141553	0.000953124	0.149167	0.000516367	0.0137113	0.000802209	0.0347598	0.0171349	0.00443103	0.000255405	0.00326564
165	0.121446	0.0332133	0.00693727	0.0110842	0.0780117	0.010557	0.00540694	0.0425406	0.0107441	0.273464	0.0507756	0.0345697	0.00421939	0.00738976	0.0620229	0.0177605	0.02171	0.125235	0.00394477	0.0789671
166	0.171635	0.00663068	0.308239	0.184614	0.00176442	0.0246809	0.0154269	0.00366401	0.0348103	0.00261532	0.000939136	0.0571533	0.0273617	0.0324102	0.0128206	0.0712161	0.0322506	0.0102788	0.00037937	0.00110993
167	0.0571735	0.00269325	0.0623008	0.0293246	0.0939225	0.0682971	0.00366425	0.0297719	0.00699717	0.17683	0.102835	0.00380609	0.00327274	0.0375367	0.00466557	0.0442476	0.210964	0.011366	0.0021516	0.0481797
168	0.088221	0.0115934	0.00239641	0.00656022	0.102464	0.00648673	0.00163152	0.155719	0.00920282	0.164513	0.0669827	0.00246847	0.0034664	0.00609664	0.00683223	0.0195695	0.0308072	0.285547	0.00727978	0.022163
169	0.0887531	0.0150582	0.00142877	0.00732694	0.117592	0.0108932	0.00151589	0.0893046	0.00972829	0.240589	0.0833981	0.00231476	0.00183485	0.00677179	0.00354768	0.00928923	0.0152302	0.281231	0.000843397	0.0133486
170	0.0322684	0.00788196	0.00117287	0.00128981	0.0613197	0.00435323	0.00123782	0.11618	0.00224482	0.626358	0.0759002	0.000711892	0.0018635	0.0015743	0.00141896	0.00313118	0.00250007	0.0564555	0.000674052	0.00146326
171	0.0709615	0.00783832	0.00476015	0.0051458	0.0641591	0.0071956	0.00288983	0.106341	0.0179821	0.306526	0.167085	0.00173657	0.00134316	0.0111187	0.014088	0.0214884	0.0111014	0.169175	0.00114684	0.00791749
172	0.0260934	0.00434047	0.000660673	0.00112069	0.00365099	0.00281363	0.00370943	0.387587	0.00105134	0.0953648	0.00590735	0.00357826	0.000598486	0.000863097	0.000970788	0.0016007	0.0122816	0.443562	0.00154391	0.00270161
173	0.0759603	0.0140888	0.00712489	0.0169563	0.0294976	0.0144848	0.00632202	0.132828	0.0191807	0.0581896	0.020994	0.0130775	0.00873616	0.0119436	0.017606	0.0817129	0.212805	0.236433	0.00793864	0.01412
174	0.00765349	0.0016128	0.881099	0.00765891	0.00232264	0.00253301	0.00141524	0.0034737	0.00311709	0.00353461	0.00237429	0.0501554	0.0115945	0.00236423	0.00227384	0.00456804	0.00478681	0.00492407	0.000833915	0.00170392
175	0.0425355	0.0030175	0.000962941	0.00195585	0.0384843	0.0041515	0.00199294	0.370878	0.00222855	0.077164	0.0145014	0.00223051	0.0030473	0.00130214	0.00208929	0.00710848	0.0196891	0.386602	0.00712454	0.012934
176	0.017236	0.00158568	0.00596612	0.00562409	0.0320908	0.0016662	0.00448422	0.243937	0.00939476	0.375502	0.0731165	0.00111522	0.00407732	0.00416931	0.0182257	0.00847849	0.0149615	0.157216	0.00617878	0.014974
177	0.078033	0.00237948	0.0890447	0.107861	0.00403602	0.00632498	0.00780237	0.0117831	0.116866	0.00607861	0.00825498	0.244561	0.00298234	0.0324452	0.0792779	0.0386417	0.120542	0.0391683	0.00122246	0.00269448
178	0.100139	0.00193495	0.12979	0.0588555	0.00852164	0.157406	0.0150826	0.00274242	0.0192088	0.0163363	0.0016636	0.244285	0.000975059	0.0508917	0.00201148	0.0853548	0.0479347	0.0336757	0.000825932	0.0223645
179	0.10583	0.00995369	0.00152625	0.00351853	0.0022392	0.0149331	0.00569366	0.00356539	0.00296453	0.00666246	0.00327611	0.0173684	0.000900198	0.00133301	0.00245651	0.445015	0.356357	0.0128517	0.000677078	0.00287831
180	0.0295736	0.00836024	0.0936813	0.208665	0.0127244	0.00298696	0.0254706	0.0419546	0.101723	0.0649887	0.00808015	0.00504281	0.00130104	0.105844	0.0539674	0.0148578	0.135438	0.0570561	0.00105147	0.027233
181	0.137159	0.0182651	0.00243872	0.0049554	0.0358321	0.039769	0.0015524	0.126866	0.00593969	0.327168	0.0746409	0.00368248	0.00182947	0.00335874	0.00385057	0.00876012	0.0280289	0.168369	0.00165516	0.00587939
182	0.0121898	0.00064801	0.00257392	0.00441605	0.0439602	0.000947465	0.00346352	0.239314	0.00711195	0.425685	0.0568881	0.000661367	0.0032991	0.00155987	0.0101143	0.00459429	0.00710902	0.123882	0.0165401	0.0350416
183	0.102707	0.00617786	0.00144437	0.00192202	0.103083	0.00356661	0.000861312	0.217717	0.00480286	0.0495973	0.0144099	0.00133018	0.00638507	0.00186489	0.00865335	0.0229409	0.0314586	0.359054	0.0236426	0.0383803
184	0.108701	0.0196959	0.00486175	0.00920256	0.035587	0.00437853	0.00323065	0.188446	0.0200932	0.141333	0.0201004	0.00565524	0.0199159	0.0068597	0.0110335	0.0357638	0.0721159	0.265935	0.00429954	0.0227913
185	0.077055	0.0065141	0.100354	0.0600457	0.00253266	0.417382	0.00478533	0.00348565	0.0308808	0.0047321	0.00317241	0.16028	0.00203648	0.0166071	0.00292226	0.0601843	0.0297649	0.0102083	0.000846711	0.0062107
186	0.100467	0.00256978	0.000918328	0.00152197	0.103886	0.00203614	0.000765094	0.257692	0.00300699	0.0537115	0.0161381	0.00109566	0.00756593	0.00153627	0.00505886	0.0225584	0.0303969	0.334157	0.0236855	0.0312325
187	0.185323	0.00100703	0.148597	0.366606	0.00703457	0.0301843	0.00788735	0.0035828	0.0523731	0.00685659	0.00111719	0.0368522	0.00844142	0.0265158	0.0216331	0.0507474	0.0339566	0.00688108	0.000691844	0.00371166
188	0.164401	0.000652051	0.00705579	0.172088	0.000972509	0.019052	0.0234408	0.00154839	0.296993	0.018668	0.000888208	0.0199682	0.0211403	0.091665	0.0622397	0.0354295	0.0352946	0.0226343	0.000446402	0.00542211
189	0.294183	0.00779451	0.01588	0.0269886	0.009905	0.0417123	0.00726416	0.0350156	0.0804293	0.0178916	0.00841529	0.0198002	0.0144474	0.0172357	0.0108082	0.247138	0.0419153	0.0906205	0.00409042	0.008465
190	0.00790111	0.0170453	0.0019427	0.0024417	0.599592	0.00195154	0.0100262	0.0134511	0.00330206	0.0483573	0.0110218	0.00160749	0.0012855	0.00935264	0.00162532	0.019556	0.00437165	0.0046307	0.0134088	0.227129
191	0.0495894	0.000488361	0.118987	0.052645	0.00189149	0.451021	0.00434156	0.00129059	0.0343129	0.00302145	0.000892164	0.179503	0.000526051	0.0158402	0.000795873	0.0442328	0.0251138	0.00865265	0.000266151	0.00658848
