300	20
1	0.0372275	0.00116918	0.00285873	0.00342522	0.0120274	0.00302566	0.0206181	0.212243	0.00263083	0.0268465	0.0218656	0.0025452	0.00136992	0.00309811	0.00440654	0.0128186	0.31215	0.316288	0.000815315	0.00256992
2	0.100349	0.00439465	0.00132362	0.000648741	0.0916408	0.0110969	0.00154683	0.156525	0.000398892	0.380544	0.0781808	0.000590754	0.00651375	0.0032793	0.00109888	0.0289536	0.0386808	0.0898187	0.00322148	0.00119355
3	0.167091	0.0196919	0.00886519	0.00922136	0.0302304	0.0380808	0.00996332	0.167065	0.00119837	0.0901161	0.0432597	0.0163773	0.00229855	0.00635315	0.00312105	0.10768	0.0935897	0.152581	0.0154557	0.017761
4	0.0368959	0.0100448	0.0174277	0.024881	0.00283265	0.0109746	0.0344729	0.0136955	0.15875	0.0383073	0.015886	0.014549	0.00379032	0.0662772	0.495684	0.022134	0.018364	0.0013317	0.000222777	0.0134786
5	0.0835863	0.00210609	0.00720187	0.0703826	0.102117	0.00609664	0.224772	0.0054152	0.0212231	0.00836065	0.00724142	0.0422155	0.00271288	0.0254562	0.0253913	0.00822527	0.0276447	0.00696043	0.00610061	0.316791
6	0.0164191	0.0335927	0.0558583	0.00793419	0.00459647	0.420552	0.024428	0.00595017	0.00771522	0.00883295	0.00544927	0.118024	0.0025706	0.0264716	0.204598	0.0161102	0.00773335	0.00707855	0.00182237	0.0242619
7	0.119827	0.00616268	0.00260936	0.00489143	0.044075	0.014953	0.00601262	0.238825	0.00200525	0.173467	0.0478287	0.00636088	0.00225788	0.00489996	0.0122298	0.0215122	0.0335787	0.241315	0.00544286	0.0117457
8	0.0400885	0.00141004	0.0523918	0.0293009	0.0660254	0.0720194	0.0130033	0.157993	0.00746177	0.184039	0.096205	0.0781162	0.00157224	0.0068563	0.0700475	0.0683935	0.00704548	0.0416902	0.001221	0.00511876
9	0.130732	0.00108408	0.0170208	0.0763657	0.0332112	0.0492374	0.0271631	0.0219868	0.0332145	0.0616555	0.010609	0.0310271	0.182956	0.0789896	0.102833	0.0437641	0.0255848	0.0223013	0.0141025	0.036162
10	0.12584	0.00144706	0.00472394	0.0174066	0.0169534	0.545412	0.0175892	0.0164612	0.00290215	0.0404338	0.0173573	0.00327697	0.101663	0.0323916	0.00606441	0.00518029	0.0208747	0.0197502	0.00115539	0.00311615
11	0.0892894	0.000505006	0.0367849	0.36477	0.00153761	0.0131905	0.00980468	0.0177628	0.0555603	0.0204561	0.00855215	0.0255219	0.0163129	0.116471	0.0723835	0.0429478	0.0594566	0.0465187	0.000471845	0.00170236
12	0.124147	0.00549902	0.0318806	0.0280588	0.00384746	0.00748369	0.0101026	0.00921602	0.131905	0.0180334	0.00910777	0.0386406	0.0629592	0.0319082	0.38424	0.0461534	0.0174142	0.0340445	0.0017539	0.00360569
13	0.00667808	0.000429128	0.00392731	0.00227064	0.0314556	0.000922359	0.000868976	0.199815	0.000955274	0.616929	0.021249	0.00111845	0.00118601	0.00397441	0.00771439	0.00120315	0.023515	0.065821	0.000255638	0.0097125
14	0.21641	0.0157673	0.0266838	0.0685076	0.0015704	0.0137666	0.0080546	0.0345565	0.0786405	0.026466	0.0153063	0.0238283	0.0162648	0.0261242	0.0942121	0.166996	0.0946693	0.0704392	0.000542568	0.00119435
15	0.0709083	0.0042451	0.11099	0.122776	0.00616419	0.0318267	0.0422545	0.0221436	0.0905113	0.0623984	0.030935	0.0573748	0.000616387	0.0639204	0.134185	0.0542547	0.0418783	0.034591	0.00033629	0.0176895
16	0.302252	0.0151885	0.0201008	0.0441764	0.00443325	0.0333879	0.0077121	0.0504668	0.0277413	0.0288091	0.0165594	0.014776	0.00458136	0.014752	0.0435405	0.195605	0.0939272	0.0775884	0.00183241	0.00256926
17	0.023327	0.00357965	0.00100039	0.000870977	0.0713925	0.0020606	0.00128012	0.10457	0.000746748	0.547656	0.169158	0.00086225	0.00200872	0.00543796	0.00168687	0.00550377	0.0150411	0.0325849	0.000931039	0.010302
18	0.0881911	0.000449693	0.0364449	0.370599	0.00155616	0.0142944	0.00995262	0.0171297	0.0519276	0.0195308	0.00835032	0.0261045	0.0170701	0.118934	0.0712922	0.0430194	0.0585932	0.0441029	0.000484982	0.00197246
19	0.106523	0.00262789	0.0994139	0.171438	0.00053584	0.0531682	0.0186253	0.00386112	0.146713	0.00997748	0.00126117	0.0369635	0.000572971	0.0793374	0.113853	0.122581	0.0275526	0.00409899	0.000281938	0.000613393
20	0.0102885	0.00230956	0.0011698	0.000927902	0.0597239	0.000842029	0.000819673	0.0830436	0.000983575	0.609555	0.179106	0.00125611	0.0016165	0.00778956	0.00216734	0.00184707	0.0113816	0.0135146	0.000302834	0.0113542
21	0.164696	0.00939961	0.0260354	0.0214595	0.0122378	0.426358	0.0173731	0.0162379	0.011237	0.0235537	0.0142889	0.0426942	0.0329447	0.0223651	0.0428408	0.0667842	0.0185937	0.0148279	0.00414532	0.0119271
22	0.0821577	0.00380959	0.0208656	0.0222375	0.00962016	0.082082	0.00907767	0.00829525	0.0146286	0.0196097	0.00817662	0.0153669	0.544703	0.020038	0.018221	0.0451355	0.0535675	0.0140989	0.00380312	0.00450586
23	0.169858	0.017635	0.00872917	0.00754547	0.0218907	0.0361245	0.00931334	0.18521	0.00139882	0.0819975	0.0412174	0.0145382	0.00197482	0.00664204	0.00315368	0.104902	0.101045	0.159457	0.0131522	0.0142152
24	0.108227	0.00250182	0.0063826	0.00995996	0.275029	0.0169244	0.0153315	0.0233006	0.00526292	0.0103334	0.00676577	0.00662941	0.0144642	0.0256957	0.00796703	0.0228934	0.021348	0.0336024	0.0815224	0.305858
25	0.0265629	0.0019093	0.000993539	0.00163708	0.00934299	0.00619802	0.000828541	0.488096	0.00163101	0.0885449	0.0361073	0.00302092	0.00249125	0.00344183	0.00431223	0.00267279	0.021179	0.299008	0.00055873	0.00146361
26	0.0475389	0.0127502	0.0252497	0.0428404	0.00579823	0.0206393	0.0358969	0.0141498	0.225946	0.0337463	0.0142478	0.0234929	0.00964797	0.0709118	0.34086	0.0316054	0.0216425	0.0121649	0.00238159	0.00848982
27	0.00379479	0.000855898	0.00182867	0.00212638	0.445455	0.00229662	0.00200267	0.0510944	0.00843225	0.332201	0.0610163	0.00179707	0.000854819	0.0124204	0.0151576	0.00618288	0.00949376	0.018139	0.00653289	0.0183175
28	0.312108	0.00416114	0.00914179	0.0177597	0.00616376	0.387639	0.00812636	0.0106627	0.00945992	0.0171199	0.0120362	0.0155358	0.0202645	0.0146259	0.0149259	0.104495	0.0185941	0.0113993	0.00202004	0.00376098
29	0.0408977	0.00596287	0.0315425	0.0767423	0.00993436	0.0269347	0.0433739	0.0142596	0.0350385	0.0352071	0.038683	0.0243632	0.0140991	0.440377	0.052588	0.0377361	0.0408747	0.0169235	0.00312168	0.0113404
30	0.101908	0.00439132	0.00160302	0.000749657	0.0902139	0.0109045	0.00156504	0.158223	0.000420516	0.371487	0.0789426	0.000826243	0.00670477	0.00313825	0.00107985	0.0310704	0.0419768	0.0895399	0.00368206	0.00157259
31	0.00784375	0.00192822	0.0011368	0.00101149	0.0524568	0.000821602	0.000782224	0.0834472	0.000822623	0.64926	0.153565	0.000953075	0.00118637	0.00539466	0.00199916	0.00128774	0.0105042	0.0155433	0.000219467	0.00983654
32	0.610399	0.00247448	0.00895911	0.00923797	0.00302896	0.0572399	0.00567833	0.0123472	0.00435709	0.0156839	0.00579158	0.0022717	0.00111839	0.00585504	0.00914174	0.199525	0.0171198	0.0276487	0.000823283	0.00129894
33	0.184269	0.00979659	0.0339708	0.102681	0.0071284	0.0250064	0.0128839	0.0381381	0.0454158	0.0261897	0.0173298	0.023025	0.0117657	0.0355663	0.0631579	0.166778	0.114836	0.0742068	0.00209806	0.0057579
34	0.0467608	0.00891939	0.02508	0.0320938	0.0204475	0.0214619	0.0324309	0.0254098	0.119545	0.0554736	0.0472169	0.0250884	0.00830055	0.0585405	0.380909	0.0289117	0.0223542	0.0184291	0.00453835	0.0180887
35	0.125714	0.000907921	0.0210832	0.0424688	0.0112249	0.0370749	0.021823	0.0128499	0.0618589	0.03376	0.0101202	0.0124947	0.278162	0.0661314	0.108775	0.0855393	0.0229904	0.0392654	0.00238204	0.00537444
36	0.045339	0.00262135	0.318656	0.204266	0.00542699	0.0270281	0.0289691	0.00603071	0.0389769	0.0119334	0.00951706	0.0747064	0.00483612	0.0672098	0.0407917	0.0662922	0.024458	0.0127588	0.00186968	0.00831295
37	0.00784296	0.000512311	0.00340602	0.0024007	0.0317225	0.00144151	0.000916907	0.239726	0.00093474	0.5577	0.0234211	0.000953562	0.00171583	0.0035393	0.00671541	0.00142207	0.0246723	0.0826222	0.000288773	0.008046
38	0.047727	0.00417094	0.000431299	0.00256483	0.0173907	0.00258278	0.000980312	0.370385	0.000843857	0.129159	0.0503295	0.00597803	0.00182972	0.00244879	0.00377213	0.00314145	0.0305083	0.321047	0.00119562	0.00351341
39	0.0989634	0.0117452	0.107831	0.0331148	0.00273482	0.0866636	0.00603331	0.00499437	0.00912024	0.020018	0.00913044	0.125504	0.103808	0.0175528	0.0182888	0.259101	0.0733043	0.00517916	0.00137331	0.00554023
40	0.132447	0.00059896	0.0505171	0.0976489	0.0262922	0.0300602	0.033551	0.0176742	0.0403733	0.0393027	0.0191293	0.0282139	0.240458	0.0587706	0.0477158	0.0516479	0.0288657	0.0450773	0.00348997	0.00816638
41	0.0462316	0.00417128	0.000811209	0.00203207	0.0760365	0.00126048	0.0228562	0.203469	0.0032555	0.215393	0.0969429	0.000681501	0.00034697	0.010452	0.0110477	0.0134989	0.0144079	0.198554	0.0162787	0.0622719
42	0.385488	0.0225239	0.00513351	0.00545358	0.0168371	0.0735036	0.00723547	0.0681473	0.00160329	0.0567161	0.0175572	0.00622427	0.00516058	0.00321002	0.00732102	0.15041	0.0772066	0.0773563	0.00770156	0.00521016
43	0.0724494	0.00413051	0.128595	0.140482	0.00311628	0.0320174	0.0410215	0.0168075	0.0868533	0.0536614	0.0245844	0.0605932	0.00111035	0.0682012	0.118221	0.0553403	0.0410752	0.0359495	0.000305906	0.0154846
44	0.0964692	0.00104586	0.10785	0.36212	0.00267668	0.0376391	0.0183079	0.00572804	0.0147934	0.00782917	0.00565527	0.0462678	0.018486	0.141609	0.0286351	0.0592681	0.0200208	0.0145017	0.000931155	0.010166
45	0.0330105	0.00268638	0.00234257	0.00250222	0.0409787	0.00288988	0.00345845	0.232685	0.00151217	0.42285	0.0446903	0.00242359	0.00187038	0.00448484	0.007671	0.00685079	0.0251586	0.144095	0.00321164	0.0146281
46	0.233034	0.0127067	0.024449	0.0690802	0.00166633	0.0227802	0.00718609	0.0375924	0.0482208	0.022671	0.0183851	0.0217167	0.00683889	0.0228023	0.0691001	0.210001	0.104391	0.0657462	0.000345063	0.00128708
47	0.0752571	0.00448394	0.01324	0.0194871	0.0454855	0.00240706	0.0338976	0.0848722	0.079913	0.198885	0.0733457	0.0331068	0.000532499	0.040463	0.164669	0.0195793	0.0271941	0.0476211	0.00414558	0.0314149
48	0.0260387	0.00251722	0.00322017	0.00289897	0.0411552	0.0030697	0.00304495	0.21209	0.00121621	0.485699	0.0533467	0.00245741	0.00207733	0.00456294	0.00740835	0.00657073	0.0244594	0.104566	0.00212186	0.0114789
49	0.0336909	0.0303243	0.0189775	0.0379873	0.00478753	0.0181634	0.0434023	0.0108023	0.227988	0.0354816	0.0132881	0.0233848	0.00490743	0.108991	0.333152	0.020345	0.0154566	0.00876396	0.00147928	0.00862709
50	0.0325833	0.00130029	0.421629	0.150303	0.00293027	0.0270083	0.0234999	0.00387906	0.025403	0.0064905	0.00615977	0.119101	0.00366285	0.0522893	0.0253078	0.0631567	0.0194972	0.00816099	0.000876192	0.00676176
51	0.0503494	0.00135305	0.0604388	0.0107192	0.00223849	0.00320657	0.0283891	0.00294294	0.244992	0.00730632	0.00422615	0.113487	0.0016074	0.166699	0.220605	0.0689731	0.0055683	0.00374753	0.000927636	0.00222314
52	0.0352278	0.028595	0.00682366	0.00821195	0.0115021	0.00708686	0.00815004	0.0905412	0.00492014	0.0836844	0.225913	0.00768526	0.00434444	0.00936311	0.010915	0.0102877	0.0217072	0.413625	0.00277196	0.00864413
53	0.0625079	0.0178636	0.00268034	0.010774	0.0218169	0.00287323	0.0166802	0.173733	0.00235237	0.36053	0.024104	0.00255433	0.00118312	0.00524967	0.0155506	0.015186	0.0146244	0.201851	0.0135104	0.0343744
54	0.00991958	0.0302823	0.00198001	0.00213796	0.676317	0.0021229	0.0175195	0.00197873	0.00152947	0.0453198	0.0135218	0.00179912	0.000953802	0.00259511	0.00245717	0.00281891	0.0139101	0.0213933	0.00078194	0.150661
55	0.220978	0.0157444	0.0275531	0.0698414	0.00135567	0.0143479	0.00821853	0.0345737	0.0743237	0.0258981	0.0153464	0.0242027	0.0138817	0.0237603	0.0904256	0.178013	0.0931137	0.0670698	0.00035975	0.000993274
56	0.0525075	0.000820749	0.124277	0.225732	0.0371977	0.0133404	0.0633484	0.00303789	0.0330836	0.00354785	0.00192101	0.0442842	0.00106133	0.0476721	0.0827944	0.137914	0.0679137	0.0309661	0.00611875	0.0224615
57	0.0282757	0.00190059	0.00216136	0.00235187	0.0952605	0.00360876	0.00333277	0.271946	0.00202348	0.355455	0.0392221	0.00187722	0.00229334	0.00382093	0.00672474	0.00729348	0.0270339	0.12689	0.00391585	0.0146136
58	0.0312274	0.00143177	0.403014	0.182448	0.00259345	0.0241359	0.00299568	0.00316886	0.00230906	0.00430296	0.0130591	0.109675	0.00428193	0.0153896	0.00432954	0.162449	0.0160994	0.0043315	0.000920287	0.0118378
59	0.0676813	0.000654845	0.00956859	0.00361065	0.00491672	0.00910263	0.00210378	0.00194937	0.00859319	0.00305464	0.00172804	0.00161478	0.829417	0.00414494	0.0105426	0.026708	0.00908295	0.00373011	0.000711233	0.00108444
60	0.0536271	0.00477264	0.000360787	0.00287982	0.013917	0.00250097	0.000360162	0.358083	0.000634601	0.119244	0.0497672	0.00687852	0.00160993	0.00230169	0.00339832	0.00322296	0.0322064	0.341174	0.000944015	0.00211659
61	0.356648	0.00687421	0.0140605	0.0187816	0.00867737	0.245406	0.0134285	0.0129838	0.0246638	0.0198958	0.013228	0.0233851	0.0114592	0.02188	0.0785104	0.0805597	0.0245109	0.0161757	0.00261571	0.00625616
62	0.561375	0.00435506	0.00850226	0.00887266	0.00388256	0.090371	0.00577228	0.0136848	0.00442779	0.0177573	0.00641657	0.00429301	0.00163781	0.00568612	0.00964159	0.200425	0.0220103	0.0282842	0.00114271	0.00146242
63	0.531334	0.00299848	0.00411159	0.0094837	0.0039846	0.268335	0.00365673	0.00644832	0.00340409	0.0105759	0.0120544	0.00835875	0.00603879	0.00658316	0.00761419	0.0900757	0.0127625	0.00888493	0.00112905	0.0021664
64	0.114001	0.0101135	0.0331447	0.0453212	0.104007	0.0332752	0.0237028	0.0515288	0.0220113	0.0797565	0.0326325	0.0223608	0.0170128	0.0309735	0.0392779	0.194487	0.0508125	0.0489126	0.0163268	0.0303412
65	0.0403144	0.00297144	0.000754636	0.00210078	0.00925917	0.00475745	0.000534959	0.449414	0.000837806	0.097336	0.0467521	0.00467681	0.00170251	0.00357206	0.00319332	0.00327274	0.0219698	0.304227	0.000778072	0.00157489
66	0.509542	0.00315704	0.0213663	0.0373879	0.00737941	0.0528036	0.00759663	0.012688	0.00834913	0.0143241	0.00842868	0.00760527	0.00293966	0.0108091	0.0164113	0.227115	0.0233581	0.0247265	0.00125895	0.00275299
67	0.0493638	0.00342993	0.0797313	0.211633	0.00460201	0.031478	0.0395824	0.0102376	0.0471152	0.0277011	0.0208138	0.0410513	0.0113037	0.268396	0.0590414	0.0344558	0.0298014	0.0178316	0.00205181	0.0103789
68	0.113897	0.00771161	0.0104537	0.0240259	0.0151981	0.0193176	0.0104144	0.192227	0.0135806	0.0727404	0.0396551	0.0112367	0.00684322	0.0126532	0.0194613	0.0424952	0.105708	0.271113	0.00416747	0.00709937
69	0.0520586	0.00973773	0.0366317	0.0461144	0.0840774	0.0161236	0.217648	0.039442	0.0166669	0.0303018	0.0188881	0.0328227	0.00512365	0.0208218	0.0258415	0.0133393	0.0198516	0.0394977	0.0147478	0.260263
70	0.129569	0.00295213	0.00819681	0.0457575	0.042873	0.0230496	0.0232903	0.00691608	0.222938	0.0460761	0.00670105	0.00712692	0.052151	0.0289581	0.126006	0.0773182	0.132172	0.0121298	0.00203384	0.00378419
71	0.63179	0.000894804	0.00222628	0.00564606	0.00157362	0.250224	0.00186371	0.00211229	0.00145849	0.00283931	0.0127213	0.00486421	0.00106552	0.00385126	0.00427787	0.0612029	0.00675655	0.00268884	0.000616368	0.00132663
72	0.0494794	0.000893914	0.00609662	0.0447056	0.00876197	0.00606366	0.0021625	0.0885622	0.097776	0.0392114	0.0212108	0.00282773	0.00488154	0.0448843	0.177633	0.0381109	0.169838	0.18759	0.00766561	0.00164425
73	0.00665626	0.000438441	0.00407569	0.00231727	0.0309531	0.000956835	0.000942004	0.199074	0.000968191	0.616856	0.0196302	0.00124069	0.00119391	0.00407507	0.00788935	0.00130851	0.0247055	0.0665772	0.000302947	0.0098389
74	0.103061	0.000921982	0.125379	0.234546	0.00381408	0.0105461	0.00906358	0.00284373	0.149194	0.021227	0.00532104	0.0395474	0.0125356	0.0747416	0.0489389	0.0320494	0.070104	0.0427381	0.00627579	0.00715223
75	0.0192196	0.013365	0.00333439	0.00389473	0.00319205	0.00315382	0.00316049	0.0353826	0.00231472	0.0176849	0.00495707	0.00303937	0.0017673	0.00376596	0.0291391	0.00457871	0.00448023	0.840042	0.00106148	0.00246665
76	0.398925	0.00655445	0.0129394	0.0073069	0.0112179	0.0174355	0.00555253	0.194612	0.00358149	0.0494601	0.0336089	0.00789675	0.00312579	0.00674436	0.00793438	0.0450304	0.0327149	0.146497	0.00388976	0.0049725
77	0.026976	0.00166179	0.00075123	0.00126985	0.0046264	0.00154619	0.000599159	0.306357	0.000706584	0.0587734	0.0169411	0.00199534	0.00474039	0.00133987	0.00179341	0.00180723	0.0141609	0.552674	0.000416939	0.000862327
78	0.0631073	0.011157	0.0393527	0.073518	0.00918503	0.0289942	0.032869	0.016536	0.227473	0.0356052	0.0174149	0.0308953	0.00919331	0.0749818	0.211613	0.0459904	0.0341596	0.0241429	0.00472889	0.00908225
79	0.0218405	0.00132676	0.000785139	0.00117215	0.00574203	0.00199801	0.000636221	0.327933	0.00096733	0.0628027	0.0148547	0.00153495	0.00435351	0.00140821	0.00247385	0.00152901	0.0143461	0.533	0.000335609	0.000960238
80	0.00728641	0.000596014	0.00396091	0.00238781	0.0304586	0.000984407	0.000970545	0.198082	0.000978604	0.617249	0.0192162	0.00111481	0.00118599	0.00418215	0.00837994	0.00133725	0.0238395	0.0678175	0.000347481	0.00962517
81	0.0375522	0.0122923	0.01679	0.0263329	0.00333358	0.0160615	0.035939	0.012547	0.202356	0.0323097	0.0135154	0.0191147	0.00733204	0.0684146	0.441172	0.022753	0.0166013	0.00515229	0.000897777	0.00953273
82	0.0811244	0.00141428	0.0109138	0.00802701	0.00572364	0.0152194	0.0038195	0.00418309	0.0126086	0.00746622	0.00355854	0.00399508	0.753347	0.00876348	0.019481	0.0320205	0.0171736	0.00818771	0.00120681	0.00176576
83	0.00729503	0.00250444	0.219781	0.0259109	0.00246342	0.404285	0.0153822	0.00334329	0.0256429	0.0158959	0.00336227	0.183311	0.00155269	0.0161078	0.0216325	0.0164309	0.0153687	0.00418027	0.00117594	0.0143739
84	0.0384423	0.00284029	0.000772676	0.00206001	0.00922659	0.00487867	0.000584802	0.457066	0.000852185	0.0973141	0.0453133	0.00449553	0.00174246	0.00386269	0.00334358	0.00319395	0.0214157	0.300296	0.000716992	0.00158204
85	0.0651255	0.000826202	0.0471546	0.324206	0.00178086	0.0298775	0.0211548	0.026955	0.0927552	0.0445286	0.0047459	0.00919073	0.0111753	0.0865915	0.167578	0.0302694	0.0211169	0.0124957	0.000752457	0.00171927
86	0.0852124	0.00406613	0.0560255	0.0933192	0.00128731	0.0559552	0.0288059	0.00897586	0.144989	0.021959	0.00598422	0.0282913	0.00151588	0.0805543	0.267233	0.0792051	0.0277228	0.00377175	0.000235538	0.00489068
87	0.0588172	0.00154159	0.28082	0.216457	0.00390056	0.0277802	0.0225469	0.00451189	0.040997	0.0100634	0.0080182	0.0860927	0.00671091	0.0682276	0.0374916	0.0777153	0.0262126	0.0122522	0.00124539	0.00859832
88	0.0330368	0.00264443	0.000925843	0.00222097	0.0197729	0.00345709	0.000643375	0.413383	0.00205993	0.158941	0.0431902	0.00419125	0.00197751	0.0021418	0.00601902	0.00237174	0.0375033	0.262564	0.000702429	0.00225371
89	0.105844	0.00269647	0.0991	0.169938	0.000509482	0.0541274	0.0188194	0.00389442	0.147709	0.00973234	0.00108898	0.0373516	0.000383503	0.0786758	0.114843	0.124794	0.0264422	0.00340589	0.000178259	0.000465582
90	0.13643	0.0106483	0.00803108	0.00476782	0.0468914	0.0258242	0.00553373	0.177382	0.000923756	0.202049	0.0621678	0.00869514	0.00315691	0.0048572	0.00201315	0.066167	0.0745818	0.137971	0.0121967	0.00971199
91	0.0104488	0.00237235	0.00113316	0.000948239	0.0662617	0.0007905	0.000779915	0.0889329	0.000820599	0.58743	0.190384	0.00109194	0.001525	0.00606043	0.00203207	0.00134364	0.0110961	0.0139616	0.00021279	0.0123747
92	0.405831	0.029952	0.00178369	0.00207507	0.0258128	0.0876457	0.00282371	0.0456776	0.00086909	0.0782997	0.0208325	0.00579195	0.00996681	0.00142902	0.00710919	0.135342	0.066616	0.0558672	0.0114297	0.00484611
93	0.0398879	0.0081063	0.0165284	0.0253022	0.00226424	0.00895935	0.0282382	0.0125051	0.165165	0.0281579	0.0117543	0.0167865	0.0110505	0.0580299	0.518063	0.0231402	0.0127684	0.00319388	0.00029472	0.00980465
94	0.0362428	0.0102754	0.0167988	0.0242671	0.00278783	0.0107661	0.0342074	0.0138485	0.160961	0.0387069	0.0159068	0.0138334	0.00394458	0.0677962	0.496655	0.0212627	0.01712	0.00120052	0.000235145	0.0131837
95	0.00384211	0.000853711	0.00183183	0.00213902	0.443629	0.00229186	0.00199531	0.051592	0.00841412	0.333344	0.0610656	0.00178962	0.00085924	0.0124339	0.0151731	0.00613444	0.00955438	0.0182433	0.00652965	0.0182836
96	0.0205372	0.0218494	0.0091949	0.0263895	0.00247121	0.0137027	0.0548229	0.00852458	0.281144	0.0317819	0.0103133	0.0204123	0.00307306	0.0834983	0.378612	0.012085	0.010524	0.00320983	0.000593161	0.00726119
97	0.0951272	0.00401588	0.00170924	0.000986146	0.0868441	0.012187	0.00176223	0.153055	0.000775665	0.373158	0.0719027	0.000954178	0.0423585	0.00346034	0.00156601	0.0264702	0.035676	0.0837307	0.00302458	0.00123595
98	0.0358804	0.000999077	0.00992041	0.0345325	0.00552421	0.00929971	0.00212647	0.107763	0.09939	0.0637392	0.0294257	0.00363812	0.00800559	0.0346476	0.186171	0.0491666	0.123272	0.19085	0.00415358	0.00149517
99	0.0842023	0.000821295	0.10339	0.326112	0.00251795	0.0117377	0.00685825	0.00806052	0.114077	0.0275263	0.00638187	0.0264693	0.00896605	0.0985602	0.051835	0.0241192	0.0630561	0.027595	0.00347942	0.00423515
100	0.0550642	0.00470076	0.000347514	0.00282644	0.013368	0.00250352	0.000397694	0.353235	0.000630309	0.115714	0.0490126	0.00728282	0.00164148	0.00246093	0.00341507	0.00332973	0.0330875	0.347852	0.000982165	0.00214773
101	0.0339715	0.00231835	0.000648944	0.0015781	0.00557796	0.00132235	0.000550385	0.29579	0.000657899	0.0677866	0.0213353	0.00294369	0.00356384	0.0014322	0.00186632	0.0022046	0.017984	0.536913	0.00049495	0.0010602
102	0.105063	0.0026171	0.0983641	0.169003	0.000497568	0.0542389	0.0196344	0.00405932	0.146535	0.0107209	0.00169608	0.0366675	0.000377561	0.0797821	0.117059	0.122	0.0268434	0.00395914	0.000174421	0.000706949
103	0.121812	0.0146623	0.0165007	0.00894422	0.0210995	0.0268431	0.0289069	0.174638	0.00248657	0.0714969	0.0438804	0.0218576	0.0017605	0.00771083	0.00526179	0.129855	0.109444	0.145242	0.0206467	0.0269509
104	0.100669	0.00442422	0.00139737	0.000674466	0.0900997	0.0108816	0.00142953	0.15834	0.000395685	0.377092	0.0787687	0.000614472	0.00661554	0.00313433	0.00108199	0.0294377	0.039859	0.0904929	0.0033231	0.00126932
105	0.0754229	0.00439959	0.0134831	0.0197593	0.0455622	0.00242955	0.0339714	0.084603	0.0801598	0.198436	0.0729545	0.0335933	0.000535675	0.0403877	0.163708	0.0199495	0.0275444	0.0476629	0.00405714	0.0313808
106	0.043242	0.00137476	0.0591736	0.0200894	0.0519396	0.0991533	0.0163635	0.14709	0.00285149	0.148999	0.104581	0.106708	0.00180827	0.00469109	0.0740954	0.0744766	0.00593504	0.033338	0.00112972	0.0029604
107	0.0712589	0.00287866	0.0882213	0.283014	0.00629712	0.025503	0.0269669	0.0148137	0.0670909	0.0251066	0.0116081	0.0338569	0.0124388	0.0924171	0.108749	0.0552855	0.0402016	0.0258634	0.00153545	0.00689375
108	0.00999405	0.00232244	0.00114042	0.000999076	0.0632806	0.000760164	0.000732526	0.0961188	0.000737487	0.586557	0.186184	0.000970577	0.00140387	0.00566018	0.00200657	0.00132583	0.0125311	0.0162912	0.000199554	0.0107847
109	0.0078138	0.00172397	0.717165	0.0118594	0.00258322	0.00383629	0.00483213	0.00289787	0.00245228	0.0040112	0.00298	0.196874	0.0012263	0.00402384	0.0144901	0.00603424	0.00631983	0.00358857	0.000927105	0.00436026
110	0.00927025	0.00208427	0.00113917	0.000978598	0.0606911	0.00078453	0.000804649	0.0779477	0.000948472	0.628468	0.169006	0.00117161	0.00147603	0.00644107	0.00228823	0.0013672	0.00998132	0.0127372	0.000269101	0.0121457
111	0.0627726	0.00317255	0.0104195	0.0186858	0.0297055	0.00358975	0.0213365	0.0821766	0.0818132	0.171591	0.0578054	0.0260096	0.00227425	0.0457715	0.194696	0.0296749	0.0496316	0.0850207	0.00365463	0.0201988
112	0.0753574	0.00440301	0.0133369	0.0193696	0.0457017	0.00248159	0.033849	0.0854779	0.079741	0.200252	0.0731844	0.0334579	0.000575947	0.0402784	0.163157	0.0195608	0.0271468	0.0473813	0.00405967	0.0312267
113	0.0719582	0.00266747	0.100421	0.321497	0.00714707	0.0230185	0.0222134	0.0155601	0.0538647	0.0250965	0.0133828	0.0328654	0.0138023	0.100828	0.0628143	0.0537269	0.0399753	0.0282982	0.00249514	0.00836845
114	0.68966	0.000986522	0.00325388	0.00425348	0.0014261	0.149847	0.00264284	0.00314807	0.00221785	0.00567975	0.0108152	0.00294199	0.000718185	0.00322863	0.00449025	0.0941706	0.00998992	0.00894457	0.000485633	0.00109942
115	0.638449	0.00206991	0.00880652	0.00545136	0.00123247	0.0540887	0.00664339	0.012044	0.00524194	0.0155594	0.004776	0.00164339	0.000723099	0.00648442	0.0105819	0.174956	0.0188652	0.0311086	0.000443367	0.000832063
116	0.145281	0.00406263	0.0397508	0.00814954	0.00563129	0.125251	0.0536923	0.00673414	0.00660593	0.0192209	0.00666801	0.179149	0.00659156	0.00848019	0.0371778	0.217118	0.0804978	0.0063513	0.0019043	0.0416829
117	0.447005	0.0352891	0.00292836	0.00274976	0.022112	0.0813218	0.00257831	0.0456789	0.00131068	0.0727001	0.0311784	0.00477239	0.00753954	0.00203496	0.00602916	0.107596	0.0713457	0.0404998	0.00785525	0.00747521
118	0.211553	0.0151654	0.0310204	0.0720419	0.00247695	0.0388332	0.00671829	0.0452456	0.0358362	0.0197051	0.0204906	0.0237034	0.00633639	0.0251965	0.0584446	0.225998	0.099914	0.0591057	0.000427557	0.00178682
119	0.0543031	0.00535378	0.0592995	0.198286	0.0039588	0.0209605	0.0350974	0.0152892	0.148282	0.0637166	0.0128455	0.0322853	0.0062345	0.0932884	0.144358	0.0327409	0.0364048	0.0291486	0.00116436	0.00698301
120	0.0100907	0.00252728	0.00107485	0.000919548	0.0653969	0.000755386	0.000743491	0.092979	0.000734161	0.582638	0.193378	0.000973737	0.00140207	0.00570711	0.00178696	0.00130948	0.0117344	0.0148502	0.000206729	0.0107912
121	0.0617142	0.00286647	0.00971441	0.0157461	0.00406997	0.226298	0.0301228	0.00623712	0.177695	0.00956063	0.00587054	0.0118633	0.00277024	0.0425583	0.295483	0.0567299	0.0278537	0.00660081	0.00190859	0.00433688
122	0.0536821	0.00204963	0.18066	0.189354	0.00764692	0.0305371	0.0563413	0.00755635	0.0661237	0.0241958	0.0111313	0.066589	0.00106648	0.0846555	0.0832403	0.0613638	0.0367193	0.0252148	0.00131048	0.0105627
123	0.0851781	0.00398399	0.0260616	0.0323496	0.0545072	0.012327	0.0765627	0.0522343	0.0869183	0.0907106	0.0471732	0.0963984	0.00540494	0.042021	0.099609	0.0643215	0.0538569	0.0277891	0.00290613	0.0396865
124	0.0763768	0.00612293	0.00332242	0.00289814	0.0735531	0.00952193	0.0147774	0.186107	0.00226415	0.225093	0.0879063	0.00384819	0.00177589	0.00761865	0.00609296	0.0385224	0.0445058	0.154534	0.0165627	0.0385965
125	0.0475924	0.00269245	0.0584967	0.0475771	0.0429175	0.0471664	0.0466861	0.0758131	0.0739311	0.0728235	0.143734	0.0396161	0.00201031	0.0299948	0.0498032	0.0813247	0.0972254	0.0130883	0.00174831	0.0257582
126	0.0464242	0.00511026	0.000885037	0.00217192	0.0746447	0.00151122	0.0235641	0.197697	0.00321632	0.213684	0.104017	0.000802653	0.000356967	0.0107391	0.0111033	0.0130086	0.0138076	0.200781	0.0150724	0.0614017
127	0.0426911	0.0510258	0.0176121	0.0283454	0.0642929	0.0398744	0.110311	0.0846004	0.0230351	0.0427984	0.0857073	0.0203724	0.00206917	0.0234543	0.0467791	0.0064726	0.00848578	0.125742	0.00503587	0.171294
128	0.0209656	0.00126868	0.000815801	0.00104752	0.00509704	0.00171684	0.00064089	0.320282	0.000905952	0.0553056	0.0133642	0.00129498	0.00522202	0.00126924	0.00234249	0.00147997	0.0135331	0.552287	0.000303433	0.000857593
129	0.0770726	0.000871222	0.0112392	0.00794709	0.00586823	0.012477	0.00436087	0.00309275	0.013105	0.00562546	0.00272526	0.00312891	0.775557	0.00836066	0.0156861	0.0301267	0.0135656	0.00656375	0.000980836	0.00164541
130	0.103498	0.00111323	0.12647	0.215734	0.00429394	0.0108646	0.00994558	0.00195079	0.162184	0.0218582	0.00520585	0.0407857	0.0119926	0.0721672	0.0494412	0.0336008	0.07092	0.0434684	0.00704751	0.00745785
131	0.0166555	0.00133875	0.00197704	0.00224708	0.0091892	0.0022949	0.00160134	0.339083	0.00126439	0.0363196	0.0282872	0.00208866	0.0176096	0.00236471	0.0027629	0.00243133	0.0100738	0.520605	0.000452535	0.00135391
132	0.0152893	0.0247312	0.0618116	0.0278715	0.104285	0.0246876	0.149106	0.12618	0.0193115	0.0514666	0.0227256	0.00824674	0.00196951	0.0092583	0.0108484	0.004777	0.00569056	0.0942778	0.00748463	0.229981
133	0.0556471	0.00474188	0.000343612	0.00281929	0.013283	0.00251484	0.000356119	0.351339	0.000592236	0.116668	0.0499054	0.00715803	0.00162535	0.00235483	0.00322216	0.00337444	0.032281	0.348657	0.00100349	0.00211446
134	0.0100907	0.00252728	0.00107485	0.000919548	0.0653969	0.000755386	0.000743491	0.092979	0.000734161	0.582638	0.193378	0.000973737	0.00140207	0.00570711	0.00178696	0.00130948	0.0117344	0.0148502	0.000206729	0.0107912
135	0.0374228	0.00111854	0.00285067	0.00356071	0.0119907	0.00299581	0.0206687	0.211701	0.00291056	0.0267855	0.0218231	0.0025244	0.00137281	0.00327135	0.00488638	0.0128808	0.312464	0.315338	0.000855985	0.00257793
136	0.0658745	0.00243232	0.00513506	0.00652906	0.00412845	0.00519044	0.00531662	0.0755013	0.00412233	0.178282	0.362915	0.0229449	0.00605964	0.0606883	0.00710414	0.0429394	0.11621	0.0232029	0.00158655	0.00383794
137	0.0665517	0.00115609	0.180682	0.400161	0.00248936	0.0355946	0.011764	0.00293418	0.00580267	0.00474958	0.00843309	0.0219019	0.00852238	0.132454	0.0295929	0.0703265	0.00628248	0.0038583	0.000712084	0.00603175
138	0.0394602	0.00758748	0.0177467	0.0197631	0.0945081	0.0215349	0.0207315	0.0192279	0.0771775	0.0265575	0.0192604	0.016627	0.020299	0.0219913	0.165823	0.0335176	0.0249498	0.0208964	0.311859	0.0204815
139	0.0513633	0.00406339	0.000399926	0.00251246	0.0113422	0.00278604	0.000404313	0.370266	0.000636974	0.107439	0.0471185	0.00620344	0.00198058	0.00241316	0.0030487	0.0032808	0.0286903	0.353274	0.000892048	0.00188521
140	0.053841	0.000964459	0.130882	0.216853	0.0361619	0.0143802	0.0634534	0.00358761	0.0371772	0.00581088	0.00302263	0.0451799	0.00100901	0.0479843	0.0813718	0.130445	0.0667919	0.0317065	0.00540634	0.0239704
141	0.373711	0.0100474	0.00913823	0.0114952	0.00987918	0.255617	0.00826712	0.0190373	0.00537689	0.0306906	0.014939	0.0158441	0.0177137	0.0108858	0.0131626	0.10986	0.0498564	0.0250189	0.00366157	0.00579843
142	0.0278779	0.00253292	0.00137233	0.00258228	0.018315	0.00381708	0.00240607	0.439485	0.00624102	0.0970379	0.0266172	0.00350451	0.00176571	0.00237352	0.0135353	0.00315061	0.0757747	0.268868	0.0007307	0.00201138
143	0.082206	0.00145315	0.00842838	0.00824753	0.00481148	0.0260981	0.0177782	0.00545275	0.0661958	0.012997	0.00422866	0.00540101	0.412586	0.0570687	0.146414	0.108189	0.010403	0.0183324	0.00151044	0.00219927
144	0.0519247	0.00413903	0.000451494	0.00257391	0.0113061	0.00300634	0.000387363	0.383764	0.00062805	0.110796	0.0497533	0.00632028	0.00158915	0.002607	0.00300706	0.0036903	0.0289114	0.332283	0.000937749	0.00192317
145	0.148263	0.00263895	0.0563625	0.00702047	0.00271267	0.152927	0.0306039	0.00336716	0.00445649	0.0194313	0.00575183	0.152752	0.00774122	0.00655472	0.0265675	0.222341	0.108238	0.00424941	0.00107495	0.0369457
146	0.0194771	0.000558794	0.266436	0.233255	0.00100754	0.0453408	0.0661328	0.0014404	0.0472408	0.00192266	0.00167818	0.0914898	0.00142552	0.131627	0.0387833	0.0234256	0.0211085	0.00630653	0.000337375	0.00100635
147	0.178876	0.0125817	0.052177	0.0907931	0.00278219	0.00431015	0.00597194	0.00676116	0.173748	0.0549725	0.0202563	0.0210369	0.0275427	0.0824287	0.113353	0.0505489	0.03076	0.0669144	0.00156646	0.00261979
148	0.0086342	0.000671636	0.00353104	0.00209494	0.0310995	0.00118306	0.00094685	0.213191	0.00110601	0.582368	0.0247186	0.00120282	0.00119635	0.00401051	0.00760562	0.00141858	0.023237	0.0820179	0.00046739	0.00929952
149	0.644523	0.00265458	0.00723904	0.0045074	0.00113459	0.0537784	0.0058848	0.0141544	0.00424089	0.0159193	0.00432941	0.00134535	0.000535943	0.005284	0.00944918	0.168714	0.0208637	0.0342492	0.000405458	0.00078812
150	0.0916995	0.000728537	0.0449997	0.345295	0.00145933	0.0172321	0.0116838	0.0175268	0.0608168	0.0219536	0.00864355	0.026971	0.0138567	0.10947	0.0824066	0.0460977	0.0566178	0.0399544	0.000381746	0.00220541
151	0.0702447	0.00345214	0.0842924	0.0972446	0.0142716	0.0221646	0.042187	0.0301306	0.100543	0.0668633	0.0387896	0.0720333	0.000863101	0.0544534	0.134855	0.0569053	0.0526549	0.0347708	0.000656	0.022625
152	0.0981695	0.00430289	0.00140947	0.000803776	0.0901166	0.0110651	0.00160363	0.158371	0.00043183	0.384513	0.0771423	0.000592198	0.00640333	0.00326992	0.00135147	0.0282032	0.0380814	0.0894278	0.00321306	0.00152791
153	0.0666017	0.00487153	0.000927278	0.0025091	0.038606	0.00491755	0.00531382	0.278892	0.00103546	0.174549	0.0636223	0.00499783	0.00188511	0.0044058	0.00470668	0.0130569	0.0325402	0.278631	0.00479034	0.0131403
154	0.0731293	0.00222248	0.0799252	0.201215	0.0091792	0.020528	0.0336566	0.0206919	0.0740603	0.0394092	0.0179366	0.0559485	0.00569675	0.0805754	0.104687	0.0703286	0.0581008	0.0397094	0.000781574	0.0122183
155	0.151624	0.0195714	0.00948639	0.00920544	0.0231154	0.0332915	0.0100647	0.185412	0.00123756	0.0808744	0.0457218	0.0166928	0.00139444	0.00787557	0.00317622	0.106818	0.0976166	0.167259	0.0138211	0.0157421
156	0.0293585	0.0154401	0.00520279	0.00609571	0.404418	0.00596156	0.0239763	0.0738943	0.00354622	0.089028	0.0315926	0.00355782	0.0026241	0.00985585	0.00660985	0.0100838	0.0158163	0.0933071	0.0169355	0.152695
157	0.0121511	0.0430187	0.00384565	0.00371522	0.601476	0.00354841	0.0270432	0.00747849	0.00277053	0.0635483	0.0191719	0.0031257	0.00112377	0.00423788	0.00407708	0.00349767	0.0176957	0.0231297	0.0014283	0.153917
158	0.121452	0.00732148	0.053675	0.0774429	0.0105662	0.0169963	0.0299763	0.0335747	0.0982364	0.0522125	0.0352683	0.0603393	0.00582644	0.0391195	0.125224	0.100649	0.0721103	0.0447714	0.000729213	0.0145083
159	0.0159146	0.00355064	0.0092152	0.0165543	0.00532151	0.0105302	0.0538807	0.00744365	0.00766492	0.0142313	0.0635786	0.00906341	0.00363692	0.649187	0.0108532	0.0369738	0.064476	0.00918226	0.00222322	0.00651864
160	0.126458	0.00700084	0.00319747	0.00419555	0.0132303	0.0124307	0.00355265	0.281927	0.00129919	0.0890089	0.0407295	0.0074398	0.00197424	0.00371555	0.00384511	0.0285765	0.0607656	0.302373	0.00379221	0.00448835
161	0.0104503	0.00165609	0.00134487	0.00141961	0.209133	0.00128622	0.0030175	0.0877535	0.00345768	0.462318	0.130712	0.00132088	0.00109784	0.00799662	0.00667353	0.00462802	0.0104108	0.030051	0.00396262	0.021309
162	0.0669331	0.00235673	0.127149	0.176394	0.015161	0.0233021	0.0497489	0.00925318	0.078791	0.028086	0.0124035	0.0515626	0.0014642	0.0578838	0.10335	0.0914088	0.050893	0.0350671	0.00253191	0.0162603
163	0.0235797	0.00557761	0.222662	0.0409212	0.0706143	0.0377338	0.287424	0.014944	0.00817711	0.0412549	0.0092856	0.0744153	0.00432869	0.0114125	0.0412183	0.0123595	0.0113908	0.0155797	0.00305344	0.0640667
164	0.0406263	0.0712223	0.0181922	0.00866568	0.0051995	0.380364	0.0124414	0.00677585	0.00537363	0.00993825	0.00674219	0.248379	0.00353223	0.0128836	0.0797829	0.0597626	0.0104557	0.00814505	0.00182237	0.00969528
165	0.0119033	0.0285829	0.0019561	0.00224406	0.666707	0.00228755	0.0168365	0.00280495	0.00147145	0.0463511	0.0132616	0.00184839	0.0010835	0.00329223	0.0025482	0.00340532	0.0148745	0.0242934	0.00208315	0.152165
166	0.0199094	0.0114237	0.00381187	0.00281673	0.425226	0.00385266	0.00810579	0.057661	0.00636868	0.258062	0.056596	0.00276668	0.00198685	0.00875386	0.0109332	0.00898467	0.0147809	0.0350243	0.00571854	0.0572171
167	0.0503501	0.00899629	0.0737741	0.0584812	0.0358022	0.0309109	0.262528	0.0258277	0.0397535	0.0421576	0.0224723	0.0459218	0.00976902	0.0587964	0.0678527	0.0376823	0.0323141	0.0327707	0.0079181	0.055921
168	0.62682	0.00105635	0.00206001	0.00555439	0.00229643	0.251935	0.00230459	0.00265032	0.00150353	0.00426627	0.0123511	0.00469826	0.00395189	0.00448086	0.00410158	0.0570304	0.00757813	0.00324746	0.000698257	0.00141518
169	0.0493265	0.00400231	0.354748	0.104202	0.00689457	0.0276159	0.0275082	0.012405	0.0379717	0.0205941	0.0125515	0.0928395	0.00884031	0.0456506	0.0481797	0.0550972	0.0566894	0.0210772	0.00338289	0.0104242
170	0.0483365	0.00304722	0.00457797	0.00457673	0.0388773	0.0055908	0.00437041	0.0727226	0.00346721	0.429153	0.238054	0.00807414	0.0172364	0.0321179	0.00736017	0.0169297	0.0325379	0.0238267	0.001579	0.00756371
171	0.0452281	0.00691215	0.176965	0.0899811	0.0313979	0.0343319	0.211131	0.0191969	0.0319586	0.0323636	0.0150101	0.0582747	0.00694829	0.0509937	0.0528944	0.0374066	0.0265515	0.0234986	0.00464273	0.0443128
172	0.137586	0.00119585	0.0238871	0.0641715	0.017397	0.0397775	0.0297279	0.016325	0.0415328	0.0438499	0.012556	0.0186622	0.274538	0.0790086	0.0669212	0.0628231	0.0232212	0.0329618	0.00389309	0.00996385
173	0.0609466	0.0185891	0.0395777	0.0271123	0.00912331	0.347969	0.0248256	0.0117601	0.0431321	0.018896	0.0129696	0.0695346	0.0158817	0.0318337	0.169244	0.0452945	0.0217521	0.0136356	0.00282258	0.0151006
174	0.057904	0.0118996	0.0876144	0.0624361	0.0125814	0.0886693	0.0346625	0.0196537	0.0677963	0.0344971	0.0191805	0.142681	0.0100477	0.0565703	0.167142	0.0516924	0.0302196	0.0236526	0.00491928	0.0161806
175	0.0537186	0.0046719	0.000407768	0.00266616	0.0158883	0.00268905	0.00123158	0.3454	0.000722621	0.12399	0.056903	0.00655584	0.00165729	0.00262793	0.00371892	0.00390248	0.0302975	0.337443	0.00144668	0.00406202
176	0.00471402	0.00121518	0.00208299	0.00239497	0.444186	0.00254917	0.0022247	0.0452442	0.012755	0.317769	0.0647485	0.00204412	0.00113433	0.0167953	0.0193969	0.00615619	0.00911607	0.0165579	0.00865248	0.0202625
177	0.0453258	0.00336054	0.00049306	0.00217496	0.00803954	0.00172698	0.000510976	0.309295	0.000530391	0.0901612	0.0311692	0.00465346	0.00198398	0.00173002	0.00240274	0.0028744	0.0231478	0.467991	0.000831541	0.00159753
178	0.021304	0.00232339	0.00205287	0.0106959	0.0971669	0.00248638	0.0186982	0.222062	0.00284413	0.179592	0.0404274	0.00175382	0.00104717	0.0111339	0.00704198	0.00793035	0.00761396	0.148159	0.047457	0.168209
179	0.0850624	0.00609588	0.00195425	0.00339566	0.0139903	0.00920344	0.00127423	0.32223	0.000706692	0.109311	0.0522824	0.0076941	0.00134208	0.00312433	0.00338448	0.0157787	0.0444245	0.310665	0.00449306	0.00358667
180	0.405846	0.0299574	0.0017842	0.00207849	0.0257905	0.087645	0.00282285	0.0456583	0.000868586	0.0782861	0.0207884	0.00579023	0.00995882	0.00142515	0.00710556	0.135462	0.0665653	0.0559123	0.0114233	0.00483196
181	0.0466246	0.00446645	0.000452625	0.00288186	0.0190869	0.0028821	0.00239763	0.356356	0.00107473	0.143516	0.0439835	0.00531734	0.00153168	0.00254416	0.00508519	0.00378063	0.0280696	0.319662	0.00224639	0.0080411
182	0.0440725	0.00203796	0.324933	0.196289	0.00619951	0.0285826	0.0305604	0.00458256	0.0390136	0.0117702	0.00780646	0.0801764	0.00547749	0.0654732	0.0368022	0.0700872	0.0244242	0.0121397	0.00152613	0.00804526
183	0.0125266	0.0484823	0.00248735	0.00253268	0.639167	0.00247815	0.0177214	0.00248317	0.00205265	0.0559418	0.019945	0.00222188	0.00108388	0.00319348	0.00318764	0.00331471	0.0149122	0.0181439	0.00103719	0.147087
184	0.378145	0.00228436	0.0038821	0.0125349	0.00319419	0.36725	0.00390511	0.0060091	0.00290755	0.00775264	0.0101899	0.0117048	0.00287993	0.00765804	0.00785156	0.146972	0.0120915	0.00867579	0.00135996	0.0027515
185	0.0475066	0.00387401	0.000901081	0.00258519	0.0188481	0.00445619	0.00258528	0.379272	0.00112268	0.12333	0.057348	0.0052573	0.00207348	0.00406968	0.00423769	0.0064541	0.0279897	0.299148	0.0021873	0.00675324
186	0.0507201	0.00718204	0.00363292	0.00469138	0.00561398	0.00435696	0.00326236	0.171818	0.00254368	0.0358613	0.301352	0.00511146	0.00230814	0.0054268	0.00487517	0.00607227	0.0373075	0.343419	0.00160562	0.00283918
187	0.376255	0.00469687	0.00947806	0.0124937	0.00386247	0.292352	0.00475738	0.0116678	0.00384385	0.0128103	0.00918458	0.0154942	0.00282218	0.00687692	0.0100011	0.179214	0.0226667	0.0164867	0.00158844	0.00344859
188	0.100644	0.00317484	0.00854453	0.0369029	0.00756382	0.00969581	0.107845	0.00752139	0.00590044	0.0127821	0.00881864	0.00747556	0.00380709	0.0657803	0.22249	0.295732	0.0757681	0.0112706	0.00218424	0.00609904
189	0.00658689	0.000408767	0.00396639	0.00226927	0.0309332	0.000933135	0.000867486	0.200782	0.000960638	0.61725	0.0195126	0.00111818	0.00118142	0.00404204	0.00783336	0.001217	0.0237064	0.0665409	0.000260568	0.00962968
190	0.0818564	0.00666738	0.142336	0.0200235	0.00242144	0.091046	0.00737782	0.00350055	0.0130013	0.0228722	0.0131339	0.150066	0.0400132	0.0119843	0.0135588	0.284902	0.0828346	0.00360461	0.00102878	0.00777118
191	0.0895584	0.00160323	0.175351	0.193983	0.00821267	0.0226762	0.0208221	0.00446728	0.0742859	0.0154853	0.00673649	0.0780331	0.00639211	0.0729457	0.0477153	0.066736	0.0704183	0.032057	0.00361273	0.00890838
