339	20
1	0.478414	0.0310735	0.00203946	0.00259909	0.0055693	0.187905	0.00154372	0.00445261	0.00156624	0.0094479	0.00258098	0.00246708	0.0114798	0.00275241	0.0063055	0.225475	0.00836283	0.0128767	0.00112441	0.00196471
2	0.0815853	0.00754785	0.0896326	0.062944	0.0154099	0.0584577	0.00780335	0.0135276	0.010449	0.0455825	0.00786576	0.0195502	0.0204996	0.0131889	0.0090105	0.359241	0.114878	0.0494815	0.00422208	0.00912296
3	0.0358276	0.00692419	0.00541165	0.00688306	0.0853143	0.00587541	0.00965882	0.266937	0.00665422	0.0583357	0.0502106	0.00264746	0.00768053	0.00202147	0.00468538	0.0332396	0.0748286	0.259729	0.011676	0.0654597
4	0.118647	0.00438956	0.00943435	0.00745147	0.00552031	0.0207411	0.0683085	0.00500109	0.00540376	0.0800999	0.00394871	0.00411324	0.145569	0.00952153	0.00786248	0.392962	0.0687413	0.00713993	0.0129594	0.0221856
5	0.235945	0.0289195	0.00739707	0.012494	0.00836384	0.355877	0.00441685	0.00801479	0.00650766	0.0134474	0.00383087	0.00994669	0.0139628	0.0111279	0.0273246	0.194094	0.0330304	0.0206647	0.0021267	0.00250792
6	0.201956	0.0386064	0.00381519	0.00269172	0.0246547	0.0499601	0.00243238	0.0703703	0.00442489	0.042892	0.0221927	0.0108065	0.00534767	0.00194591	0.00476522	0.283014	0.1266	0.089048	0.00599321	0.00848317
7	0.0628562	0.0121726	0.00178939	0.00230363	0.0230011	0.0123941	0.00424226	0.267744	0.00430771	0.0945493	0.0258645	0.00364293	0.00231203	0.00290915	0.00253408	0.0804215	0.045702	0.333031	0.0110844	0.0071387
8	0.0194101	0.012182	0.00266315	0.00146519	0.3861	0.00633269	0.0147399	0.0441086	0.00121157	0.181336	0.0301675	0.00398281	0.00170656	0.00795703	0.00480512	0.0193289	0.0156221	0.0572873	0.0091916	0.180402
9	0.06675	0.0274528	0.0354477	0.0208867	0.0368774	0.0294477	0.013098	0.0955149	0.0271492	0.0567273	0.024425	0.23011	0.0112161	0.0165452	0.0200672	0.0936158	0.0889579	0.0716782	0.00568806	0.0283445
10	0.0225707	0.00247421	0.000504532	0.00671121	0.0551572	0.00405649	0.000424299	0.155925	0.000432009	0.482418	0.0949896	0.00524928	0.000424347	0.0044657	0.00306967	0.0142928	0.0121079	0.131231	0.00142883	0.00206702
11	0.224616	0.0322245	0.00133721	0.00105105	0.0101104	0.0142687	0.00112956	0.0178913	0.00151942	0.0415749	0.0200011	0.0209959	0.00527238	0.001625	0.00333547	0.352916	0.207138	0.0370245	0.00138666	0.00458131
12	0.0651287	0.0688335	0.0411435	0.0126274	0.0472964	0.0270895	0.00883367	0.01671	0.0245322	0.0241757	0.0167764	0.307965	0.00539951	0.0112835	0.0165816	0.0731812	0.185043	0.0226121	0.00355211	0.0212357
13	0.1131	0.00758893	0.00157009	0.00157387	0.00565325	0.0332136	0.00144578	0.0140239	0.00114628	0.0151162	0.00516818	0.0248516	0.00424357	0.0107184	0.00504438	0.37578	0.356742	0.0195967	0.00100294	0.00242006
14	0.028062	0.00150315	0.000239781	0.00101632	0.0231814	0.00292696	0.000403352	0.473954	0.000332149	0.0837129	0.0412462	0.00115721	0.000655559	0.000267322	0.000402321	0.00674249	0.021693	0.309987	0.00156791	0.000949425
15	0.0194715	0.00122596	0.000232163	0.00113724	0.0236832	0.00180313	0.000297819	0.511868	0.000296383	0.0764501	0.0413318	0.00133361	0.000679864	0.000291093	0.000279801	0.00244118	0.0201016	0.295835	0.000495042	0.000745676
16	0.14645	0.0184013	0.0120072	0.0122297	0.0221836	0.378349	0.00462464	0.0468451	0.00786078	0.0361133	0.0217637	0.0129928	0.0111475	0.0102061	0.0095086	0.0886867	0.0511654	0.100638	0.00333513	0.00549157
17	0.381992	0.0466666	0.00461437	0.00491727	0.0132702	0.141706	0.00347134	0.0192156	0.00379265	0.0218442	0.00891354	0.00782013	0.0106468	0.00375061	0.0071374	0.224681	0.0523381	0.0341974	0.00278471	0.00624016
18	0.140756	0.0244891	0.011091	0.0244874	0.0152177	0.448449	0.00320281	0.010789	0.0108005	0.0184692	0.00712933	0.0182238	0.0140613	0.0195344	0.0138098	0.152416	0.0338798	0.0265911	0.00280741	0.00379612
19	0.0298535	0.00366481	0.000734501	0.00227536	0.0279785	0.00564571	0.00127442	0.455713	0.00173073	0.0876828	0.0404212	0.00408685	0.00388898	0.000976333	0.00148871	0.0124542	0.028305	0.286	0.00176415	0.0040609
20	0.030261	0.00743021	0.00298062	0.00701248	0.0703579	0.0122345	0.00331131	0.136073	0.00215389	0.417044	0.106336	0.00669289	0.00189877	0.00638317	0.00489523	0.023912	0.0211659	0.120809	0.00755284	0.0114944
21	0.175813	0.0190463	0.0029543	0.00214562	0.0108899	0.0699471	0.0030829	0.0342708	0.000971166	0.0191472	0.00966818	0.0204805	0.00469135	0.00335288	0.00650489	0.359057	0.215215	0.0364982	0.00241951	0.00384342
22	0.0216538	0.00249734	0.000492884	0.00743137	0.04862	0.00344958	0.000531304	0.154942	0.000505097	0.489508	0.101222	0.00589516	0.000429632	0.00489274	0.00344676	0.0158216	0.0118	0.12323	0.0016515	0.00197914
23	0.0348947	0.00342484	0.00331435	0.0125624	0.00529217	0.00690493	0.0125311	0.00498999	0.0027281	0.0365844	0.00364515	0.00516261	0.808606	0.00257029	0.00302671	0.0292027	0.0092867	0.0101157	0.00223103	0.0029263
24	0.145539	0.0794875	0.00904552	0.00327091	0.158135	0.0264622	0.0116127	0.0389481	0.0035958	0.0572928	0.0367342	0.0222885	0.00534178	0.00290633	0.0143954	0.146821	0.0554756	0.0475646	0.00855372	0.12653
25	0.25419	0.038098	0.00308349	0.00144643	0.00964959	0.0177258	0.00173089	0.0322478	0.00228218	0.0262271	0.0133388	0.0370505	0.00355814	0.00212447	0.00327289	0.266441	0.234043	0.0421104	0.00179925	0.00958072
26	0.0216389	0.00196608	0.000737258	0.00487996	0.0889414	0.00553577	0.000411664	0.15229	0.000392003	0.443673	0.092217	0.00315259	0.000391552	0.00660368	0.00233746	0.0124042	0.0144136	0.143904	0.00116667	0.0029433
27	0.039268	0.00880407	0.00484922	0.0118174	0.00653115	0.0266573	0.025496	0.0149637	0.249561	0.0210333	0.0225393	0.0493359	0.0276656	0.0403767	0.297151	0.068437	0.0281776	0.0227492	0.0114712	0.0231149
28	0.0478026	0.0195483	0.0063887	0.0334622	0.0265534	0.0255307	0.00597289	0.193536	0.0529767	0.0720982	0.0543159	0.0552982	0.00513345	0.0799105	0.0110577	0.0557567	0.0463103	0.192075	0.00400578	0.0122661
29	0.0598687	0.0381261	0.00345783	0.00476685	0.046992	0.0132422	0.00426504	0.133672	0.0046235	0.283243	0.104233	0.00825073	0.00257835	0.00763737	0.00480992	0.0490604	0.0490597	0.166843	0.00339056	0.0118805
30	0.0997026	0.0228969	0.0122724	0.0268935	0.0196612	0.51815	0.0034765	0.0143742	0.0107882	0.0203987	0.00980176	0.0210313	0.0121529	0.0231793	0.0102713	0.112895	0.0255518	0.0301744	0.00273	0.00359861
31	0.0499044	0.00416659	0.00059872	0.00173726	0.0315965	0.00628502	0.00128096	0.2662	0.000979418	0.19789	0.0471751	0.00203873	0.000963826	0.000751586	0.00160743	0.0326184	0.0252885	0.315169	0.0112265	0.00252186
32	0.103791	0.00708579	0.000192712	0.000333558	0.0629094	0.0246177	0.00109578	0.204957	0.000379081	0.115492	0.023585	0.000650419	0.0025647	0.000273961	0.00140186	0.0256754	0.0389829	0.382249	0.000700939	0.00306141
33	0.0682136	0.0119454	0.00581894	0.00650641	0.0257159	0.0133177	0.0118053	0.0272288	0.00600776	0.277645	0.0203751	0.00940628	0.165296	0.0121137	0.00626203	0.0337796	0.0595652	0.186833	0.0428526	0.00931099
34	0.230681	0.0220862	0.00815963	0.00914101	0.00896707	0.355638	0.0046038	0.019576	0.00528887	0.0162977	0.0104215	0.0102672	0.0108449	0.00809585	0.0147445	0.155791	0.0641734	0.0406379	0.00167613	0.00290907
35	0.0288996	0.00203002	0.000411676	0.00149805	0.119864	0.00896413	0.000302367	0.15032	0.000237784	0.419289	0.0586098	0.000872324	0.000258415	0.00236501	0.00140143	0.00759756	0.0167492	0.174962	0.00182778	0.00353993
36	0.107536	0.00884979	0.00016974	0.000291968	0.0662679	0.0267566	0.000882653	0.195653	0.000237606	0.115491	0.0243196	0.000512154	0.0017409	0.000220442	0.00108205	0.0336605	0.0461317	0.367337	0.000648316	0.00221024
37	0.112539	0.0185402	0.00223546	0.00234044	0.0307089	0.00690996	0.00284939	0.0751578	0.00112453	0.282705	0.146996	0.00642599	0.00156	0.0042761	0.00286171	0.0774032	0.0895278	0.12834	0.00121859	0.00627969
38	0.0335039	0.00393105	0.000764245	0.00446209	0.0303681	0.00561192	0.00150758	0.39663	0.00264151	0.11588	0.0403147	0.00301991	0.00116575	0.00246474	0.00154807	0.0157362	0.0270237	0.306057	0.00300832	0.00436057
39	0.0719712	0.00417553	0.000215084	0.000458628	0.0609237	0.0142978	0.000823954	0.237066	0.000349804	0.175157	0.0338705	0.000556205	0.000886511	0.00026604	0.00123867	0.0149794	0.0294659	0.348803	0.00176064	0.00273448
40	0.0307595	0.00217746	0.000362314	0.000620558	0.127391	0.0103031	0.000307384	0.152271	0.000213321	0.408562	0.0518262	0.000374451	0.000288857	0.00163727	0.00114143	0.005581	0.0176408	0.182719	0.00195796	0.00386509
41	0.121999	0.0112603	0.000237293	0.000280738	0.0601277	0.0315226	0.0008295	0.182371	0.000268444	0.106924	0.0270207	0.000621173	0.00187032	0.000241222	0.000983164	0.0429899	0.0526957	0.355278	0.000670007	0.00180814
42	0.264032	0.0244962	0.00606007	0.00405065	0.0089991	0.399962	0.00185437	0.0151411	0.0032179	0.0171985	0.013199	0.00544524	0.0155624	0.00449454	0.00920992	0.125536	0.0292686	0.0490733	0.00124023	0.0019582
43	0.0313953	0.00319525	0.00086434	0.000690442	0.14041	0.00931813	0.000326546	0.147726	0.000264958	0.405057	0.0512824	0.000494778	0.000372844	0.00157425	0.00109008	0.00567541	0.0175776	0.172901	0.00284657	0.00693735
44	0.0714203	0.00927356	0.000989938	0.00233828	0.0837319	0.0201642	0.0016719	0.171234	0.00168359	0.234642	0.0417525	0.00250454	0.00256275	0.00241163	0.00214624	0.0444291	0.0398147	0.258471	0.00355513	0.00520359
45	0.162453	0.0149561	0.00104175	0.00108334	0.0062777	0.0339728	0.000818406	0.0222729	0.000683261	0.0165552	0.00725787	0.0232468	0.00427378	0.00290477	0.00460333	0.391778	0.272381	0.030099	0.000860087	0.0024814
46	0.0507048	0.00761493	0.320972	0.203052	0.00411436	0.0534401	0.0221292	0.0126545	0.0375176	0.00386117	0.00639696	0.0735093	0.000743064	0.0494849	0.021611	0.0671514	0.026718	0.0156183	0.0036187	0.0190881
47	0.0751519	0.0267956	0.00327028	0.0131197	0.0331414	0.0310534	0.00429319	0.215818	0.0475701	0.0749297	0.0258099	0.0261062	0.00251313	0.0294061	0.00932246	0.0416291	0.0733588	0.245336	0.00432751	0.0170477
48	0.161324	0.012383	0.00426198	0.0031627	0.00702738	0.0283918	0.00262115	0.0159292	0.00304643	0.0197195	0.0073567	0.0230404	0.0164625	0.00463235	0.00644106	0.391976	0.261105	0.0249816	0.00155505	0.00458204
49	0.0943985	0.0076461	0.000828807	0.00160175	0.0662941	0.0167479	0.00656609	0.204028	0.00324024	0.137609	0.029266	0.00328655	0.00231018	0.00108932	0.00412024	0.0207312	0.0368159	0.343189	0.00314796	0.0170822
50	0.0493522	0.00743368	0.326242	0.205833	0.00395943	0.0534285	0.0212926	0.0124178	0.0374866	0.00380148	0.00650903	0.0727149	0.000727994	0.0489742	0.0211487	0.0656095	0.0258972	0.0153968	0.00362991	0.0181446
51	0.0239647	0.00175901	0.000606019	0.00105987	0.140042	0.00893919	0.000332543	0.148956	0.000302292	0.421898	0.0608495	0.000628226	0.000390001	0.00244036	0.00118825	0.00618045	0.0181568	0.154964	0.00240206	0.00493983
52	0.0214791	0.00293907	0.000644368	0.00945727	0.0194705	0.00139924	0.000576078	0.15956	0.000611683	0.501032	0.121502	0.00850892	0.000572806	0.00562006	0.00407979	0.0197101	0.0104028	0.110074	0.00128336	0.00107625
53	0.0311368	0.00610718	0.0256848	0.00344143	0.0287008	0.0223688	0.00707479	0.181364	0.00362786	0.131728	0.156823	0.00633464	0.00322178	0.00301192	0.00422232	0.0390743	0.128352	0.176365	0.00394186	0.0374181
54	0.0418549	0.00654117	0.000880385	0.00638556	0.00347641	0.021621	0.0252632	0.0147187	0.264943	0.0198762	0.0176066	0.0279955	0.0319397	0.0402021	0.314646	0.0794828	0.0252409	0.0327027	0.0127425	0.0118802
55	0.114418	0.0607145	0.00909553	0.00366447	0.239305	0.00708619	0.0306791	0.0348754	0.00412254	0.0564645	0.0270838	0.0409438	0.0036125	0.0033336	0.0288716	0.108047	0.0285787	0.0252311	0.00760639	0.166267
56	0.146339	0.00826623	0.00108381	0.000996519	0.00636936	0.0340502	0.000888062	0.0148058	0.0008509	0.0185783	0.0061437	0.0298266	0.00474352	0.0041374	0.00751303	0.418628	0.273964	0.0205235	0.000640153	0.00165187
57	0.114266	0.00290276	0.0201162	0.00178919	0.047793	0.0219497	0.00169503	0.0222113	0.104283	0.0560411	0.0174575	0.00293814	0.0550764	0.00236109	0.0872615	0.21076	0.150566	0.0292629	0.0290031	0.0222651
58	0.052343	0.00575378	0.00357294	0.00360294	0.0120844	0.0202067	0.00363444	0.0107011	0.00300798	0.0279481	0.00593039	0.0439064	0.00596949	0.0424723	0.00595757	0.335232	0.385584	0.025297	0.00225152	0.00454353
59	0.00955171	0.00495522	0.00120566	0.000936634	0.489708	0.00249494	0.0220037	0.015246	0.000843607	0.0615215	0.0106744	0.00204016	0.00116423	0.0092894	0.00150026	0.0104581	0.0100816	0.0179714	0.0096359	0.318718
60	0.237615	0.0346657	0.0177747	0.0373957	0.00859076	0.303779	0.0120834	0.010297	0.0139589	0.0143529	0.00369854	0.0127356	0.0105797	0.025622	0.0468228	0.156283	0.0234844	0.0205477	0.00220769	0.00750598
61	0.112954	0.00801732	0.205852	0.153127	0.00612158	0.0841355	0.0313119	0.0159557	0.0529512	0.0134456	0.0046657	0.064353	0.00143215	0.0404166	0.0525911	0.0821868	0.0251652	0.0171554	0.00804231	0.0201202
62	0.0768868	0.00459643	0.000253575	0.000761036	0.0619443	0.0145778	0.000951616	0.197533	0.000590281	0.214792	0.0382971	0.000850689	0.000905352	0.000610636	0.00162051	0.0183964	0.0310162	0.330211	0.00216449	0.00304103
63	0.118873	0.00848111	0.00046665	0.000564174	0.052593	0.0258087	0.00146716	0.189118	0.0011504	0.113164	0.0344522	0.00143627	0.00188574	0.000632629	0.00176225	0.0349981	0.0446301	0.363379	0.00164543	0.00349169
64	0.133759	0.00863514	0.0821223	0.124334	0.00883779	0.110206	0.0569048	0.0237185	0.0793973	0.0279417	0.0035015	0.0458912	0.00161269	0.0488633	0.103994	0.0577145	0.0259764	0.0271271	0.00386378	0.0255988
65	0.115055	0.0106049	0.142069	0.144226	0.00954272	0.0912423	0.047131	0.0219131	0.0650302	0.0197965	0.0041883	0.0526424	0.00115488	0.0455278	0.0766984	0.068893	0.0264297	0.0244264	0.00409522	0.0293334
66	0.23307	0.023592	0.00132537	0.00101632	0.007152	0.0161868	0.00110455	0.0162221	0.00139044	0.0432606	0.0192929	0.025034	0.00418168	0.00181228	0.00350474	0.345864	0.214601	0.036492	0.000884855	0.00401288
67	0.0344389	0.0816666	0.011291	0.00188894	0.229434	0.0039716	0.00386581	0.0229656	0.00156383	0.127059	0.089418	0.0153635	0.00191616	0.00260055	0.0104005	0.0407477	0.0335054	0.0615516	0.00749061	0.21886
68	0.130834	0.0199673	0.0313229	0.0430001	0.0149713	0.344065	0.0142292	0.0170331	0.0601661	0.0200257	0.00828267	0.0259115	0.015868	0.0255123	0.0469193	0.105239	0.0312531	0.0314429	0.00454818	0.00940853
69	0.0664937	0.00132812	0.000812987	0.00619159	0.00176251	0.0324856	0.0133843	0.0164949	0.295743	0.00472847	0.0180492	0.0331367	0.0449831	0.0367466	0.239458	0.116474	0.0251156	0.0260054	0.0158434	0.00476235
70	0.103543	0.0148372	0.00162234	0.00138599	0.133921	0.0651107	0.00152903	0.0850228	0.0217557	0.0801299	0.0324308	0.00235329	0.0648074	0.00135319	0.00791389	0.0798859	0.129815	0.106997	0.0447981	0.0207879
71	0.114224	0.0207025	0.0040275	0.00255723	0.149565	0.0892934	0.00260894	0.0652248	0.0160396	0.0715365	0.037452	0.00519568	0.0346442	0.00266117	0.00897609	0.10322	0.107036	0.106022	0.0407742	0.0182404
72	0.0669946	0.0013855	0.000829098	0.00634417	0.00182119	0.0324379	0.0131186	0.0162429	0.298121	0.00486091	0.0178572	0.0326682	0.0431765	0.0360769	0.239564	0.117898	0.0250115	0.0252982	0.0155155	0.00477798
73	0.0998877	0.0123183	0.002182	0.00538884	0.0258761	0.0296055	0.00906553	0.200602	0.0267583	0.115713	0.0394912	0.0171536	0.00244321	0.0106642	0.017753	0.0263774	0.0538644	0.282589	0.00420036	0.0180669
74	0.0585474	0.00438763	0.000648767	0.00194427	0.0949184	0.00817821	0.00108722	0.122294	0.000633909	0.388544	0.0675096	0.0022466	0.000786049	0.00270661	0.00522129	0.0198536	0.0259558	0.188693	0.00169189	0.00415157
75	0.161146	0.0205872	0.000715241	0.000400038	0.0503173	0.0464731	0.000757438	0.133359	0.000366927	0.101736	0.0354709	0.000882227	0.00203046	0.000476701	0.000740202	0.085763	0.0841154	0.271716	0.00121475	0.00173136
76	0.12795	0.00903975	0.0884603	0.125624	0.00889546	0.101339	0.060512	0.0230452	0.0750493	0.0278872	0.00467854	0.0488989	0.00173774	0.0536346	0.0973994	0.0583344	0.0276776	0.0269777	0.00343562	0.029423
77	0.0985617	0.00579334	0.000206101	0.000501506	0.0565859	0.0219184	0.00151594	0.212903	0.000846128	0.130335	0.027177	0.000921266	0.00147901	0.000263159	0.00289997	0.0227726	0.035506	0.374727	0.00130891	0.00377809
78	0.154671	0.139532	0.00183369	0.00154525	0.0575255	0.065711	0.00162131	0.0902968	0.00185968	0.0493294	0.0362525	0.0028952	0.0037654	0.00203365	0.00250513	0.244956	0.0507684	0.0675404	0.0119155	0.0134427
79	0.0196872	0.00124941	0.000242728	0.00111592	0.0234011	0.00184215	0.000306191	0.512539	0.000256005	0.0759624	0.0409914	0.00135101	0.000658364	0.000293281	0.000277144	0.00253823	0.0203723	0.295632	0.000523067	0.000762105
80	0.0287637	0.00108685	0.000242252	0.000941283	0.0227019	0.00316613	0.000386602	0.470811	0.000318365	0.0864348	0.0429017	0.00117052	0.000638664	0.000251707	0.000446899	0.00522978	0.0216652	0.310277	0.00151624	0.00104968
81	0.0197398	0.00116548	0.000234277	0.00112004	0.0236954	0.00180135	0.000299974	0.510966	0.000237569	0.0771639	0.0415115	0.00130327	0.000664505	0.000276865	0.000281794	0.0024892	0.0201447	0.295594	0.000546315	0.000764807
82	0.0719595	0.0130929	0.0171961	0.0145351	0.0199825	0.049038	0.0153844	0.0204275	0.00616808	0.0228264	0.0115524	0.238137	0.00770159	0.0133023	0.0078381	0.111484	0.128889	0.0596466	0.00419556	0.166644
83	0.0849658	0.0598408	0.0296559	0.0103363	0.0522778	0.0417063	0.00558898	0.0157802	0.0220498	0.0228849	0.0131565	0.251472	0.00574773	0.0105729	0.0112933	0.0771411	0.243311	0.024312	0.00356097	0.0143463
84	0.0764297	0.00520834	0.000265258	0.000342895	0.0898592	0.0189982	0.000651294	0.183254	0.000227596	0.22824	0.0344799	0.0003698	0.00102479	0.000549014	0.00118283	0.017696	0.0321025	0.305079	0.000982059	0.00305793
85	0.0934709	0.0171485	0.0329062	0.053092	0.0142736	0.286692	0.01934	0.0192262	0.0612715	0.0220356	0.00823677	0.0268251	0.0116219	0.0512682	0.0846038	0.099334	0.0519777	0.0286044	0.0053969	0.0126748
86	0.170227	0.0326431	0.00100794	0.000566074	0.0413692	0.0589839	0.00102979	0.121439	0.000891449	0.083937	0.0411432	0.00109536	0.00171307	0.000884006	0.000619279	0.116181	0.0985775	0.222588	0.0025015	0.0026027
87	0.0216746	0.00287789	0.000635527	0.00962866	0.0229741	0.00170947	0.000588738	0.16026	0.000566719	0.499886	0.117118	0.00783598	0.000547463	0.0055709	0.00407472	0.0193037	0.0101252	0.111638	0.00155035	0.00143417
88	0.098679	0.00982875	0.000294875	0.000758736	0.0597676	0.0249487	0.00116607	0.218258	0.00241957	0.104399	0.0243215	0.00164635	0.00183062	0.0014315	0.00143411	0.0316976	0.0474726	0.365094	0.00114156	0.00340928
89	0.0723807	0.0125209	0.00198361	0.00166177	0.0249366	0.0152329	0.00356859	0.211549	0.00194021	0.121698	0.0448495	0.0021931	0.00165368	0.00183922	0.00177524	0.0889383	0.0502761	0.326229	0.00934393	0.00543084
90	0.0442265	0.0764612	0.0122074	0.0020841	0.243797	0.00485782	0.00857869	0.0261395	0.00238688	0.0844113	0.0625773	0.0229683	0.00245658	0.00340516	0.0120345	0.0493569	0.0440407	0.0506156	0.00947238	0.237922
91	0.0340976	0.0400505	0.00693556	0.0063106	0.0602539	0.0106847	0.0538258	0.027628	0.0103571	0.1973	0.100493	0.0134731	0.020498	0.0778581	0.00997533	0.104315	0.0985398	0.110309	0.00427431	0.0128205
92	0.0396126	0.00716687	0.00187255	0.00416857	0.0273793	0.00909784	0.00235769	0.397662	0.00815467	0.0857136	0.0359234	0.0114654	0.0015383	0.00614807	0.00285757	0.0175442	0.0360053	0.294589	0.00310687	0.00763563
93	0.0476572	0.00545998	0.00101325	0.00138097	0.0344452	0.00969544	0.00164067	0.375951	0.00190891	0.0940488	0.0357308	0.0025506	0.00112242	0.0015105	0.00107271	0.0211962	0.0409796	0.31569	0.0025202	0.00442514
94	0.0205411	0.00187468	0.00114448	0.00156418	0.0231752	0.00289835	0.000444665	0.473421	0.000359293	0.0977694	0.0635776	0.0017852	0.000914552	0.000939186	0.00066143	0.00485328	0.021438	0.279798	0.000674892	0.0021656
95	0.124251	0.00890065	0.0700775	0.127159	0.00979455	0.101723	0.0661638	0.0272099	0.0750811	0.0325261	0.00411874	0.046482	0.00206725	0.0436196	0.105553	0.0552994	0.0332617	0.0390601	0.00343803	0.024213
96	0.0116145	0.00417808	0.00179275	0.00128875	0.472905	0.00287341	0.0292485	0.014613	0.00106907	0.0600262	0.00899133	0.00473758	0.00116	0.00937235	0.00252735	0.0126755	0.0115841	0.0173797	0.00967656	0.322286
97	0.0621632	0.00529959	0.037879	0.0376193	0.0765116	0.00664596	0.0417438	0.0821037	0.0211763	0.160478	0.045317	0.00766202	0.0369974	0.0246602	0.0210387	0.143232	0.0676978	0.0591888	0.002982	0.0596041
98	0.083659	0.0160376	0.0926913	0.0746143	0.0170243	0.354435	0.0136809	0.0164771	0.0240283	0.0200819	0.00871397	0.0375394	0.00814083	0.0320754	0.0229354	0.104008	0.0309372	0.0274491	0.00469012	0.0107806
99	0.0362928	0.00148888	0.000263954	0.00092591	0.0242918	0.00408763	0.000530431	0.431607	0.000345169	0.0959262	0.0415325	0.00112584	0.000674124	0.000267336	0.000563819	0.00866712	0.0235252	0.324118	0.00233345	0.00143255
100	0.0241211	0.00177167	0.000561671	0.000891908	0.13849	0.00888036	0.000306097	0.144405	0.000242469	0.432908	0.0580564	0.000602226	0.000294788	0.00221381	0.00113691	0.00562767	0.0176759	0.155047	0.00208419	0.00468295
101	0.00858853	0.0037786	0.0955842	0.198468	0.00466618	0.00682966	0.0043761	0.00556139	0.177911	0.00760554	0.00396096	0.130456	0.0638442	0.0497225	0.164123	0.0394844	0.00741169	0.0191132	0.00198371	0.00653077
102	0.0273972	0.0149094	0.0212504	0.164568	0.0193529	0.351409	0.00437195	0.0101845	0.0223729	0.0183002	0.00673696	0.0243799	0.00833031	0.12797	0.0092492	0.131567	0.0159164	0.0135632	0.0029731	0.0051979
103	0.0281219	0.0102569	0.00693636	0.00667386	0.0402691	0.0188874	0.00588777	0.028309	0.00712074	0.275954	0.0239039	0.00959159	0.00768057	0.00658688	0.0467123	0.115237	0.022673	0.0242667	0.299416	0.0155152
104	0.075054	0.00810306	0.00355984	0.00118221	0.0300749	0.0188593	0.00200967	0.224662	0.00318984	0.0830958	0.0332838	0.00504493	0.00168067	0.00240239	0.00196782	0.0465827	0.147791	0.303572	0.00389405	0.00399015
105	0.148918	0.0106463	0.00377604	0.00225401	0.0359564	0.00869074	0.00357875	0.0361386	0.00314962	0.175037	0.154004	0.0218075	0.00272763	0.00347699	0.00447546	0.0791118	0.0909105	0.190765	0.00210439	0.0224713
106	0.0927402	0.00686144	0.000186883	0.000280401	0.0704495	0.0220871	0.000813246	0.199306	0.00025673	0.154355	0.0269933	0.000365722	0.00144231	0.000200068	0.00127498	0.0234427	0.0368559	0.358851	0.000743358	0.00249433
107	0.110283	0.0674025	0.00187722	0.00155607	0.175014	0.0181298	0.00189946	0.0972943	0.00141654	0.214359	0.00631334	0.0186482	0.00205703	0.00172618	0.00207174	0.0192593	0.0431544	0.199071	0.00994559	0.00852054
108	0.0193887	0.00119823	0.000232554	0.00112549	0.0236412	0.00175962	0.000301636	0.512281	0.00024507	0.0766799	0.0413718	0.00132558	0.000662136	0.000274283	0.000270176	0.00241704	0.020066	0.295511	0.000509964	0.000737754
109	0.0241423	0.00173259	0.000530876	0.000891776	0.13745	0.00885913	0.00032181	0.146	0.00022603	0.432111	0.0583528	0.000641647	0.000285852	0.00219006	0.00117264	0.00569301	0.0174793	0.155221	0.00200183	0.00469655
110	0.172233	0.0205465	0.00137611	0.000524053	0.0749183	0.0549621	0.00102989	0.0903574	0.00336123	0.106617	0.0460828	0.00152931	0.00875059	0.0010269	0.00204729	0.0947129	0.101531	0.208088	0.00612249	0.00418235
111	0.0318686	0.00305433	0.00296263	0.0125723	0.0050687	0.00460136	0.0125476	0.00496487	0.00262552	0.0364677	0.00372525	0.00506031	0.817876	0.00240033	0.00284052	0.0272284	0.00934724	0.00964289	0.00217352	0.00297213
112	0.0220956	0.0110051	0.00186988	0.00146892	0.234875	0.0116914	0.00501582	0.0832504	0.00110488	0.364417	0.0502137	0.00313875	0.00177986	0.0055461	0.00710118	0.0190279	0.0168683	0.0923573	0.0123544	0.0548185
113	0.183202	0.0427968	0.000905138	0.000537793	0.0381929	0.065939	0.000992673	0.113443	0.000925811	0.0754939	0.0381915	0.000969276	0.00149845	0.000776575	0.000617869	0.138085	0.0978866	0.191329	0.00426479	0.00395247
114	0.109419	0.0807667	0.00304553	0.00289387	0.0920291	0.0250206	0.00276218	0.0302012	0.00285574	0.113549	0.0350833	0.00615421	0.0110633	0.00356	0.00412028	0.374366	0.029043	0.0410949	0.0231113	0.00986078
115	0.0177239	0.0336279	0.00370805	0.00308368	0.188072	0.00948273	0.00346436	0.0166809	0.00263384	0.425336	0.0444005	0.00432214	0.00333776	0.0217179	0.0382871	0.0387779	0.0165125	0.0648702	0.00654563	0.0574148
116	0.00794764	0.00382229	0.095308	0.198203	0.00464482	0.00628092	0.00397659	0.00537858	0.179134	0.00765254	0.00403387	0.130726	0.0642964	0.0494309	0.165567	0.0392139	0.00729861	0.0187667	0.001993	0.00632491
117	0.00736799	0.0141206	0.00237483	0.0150542	0.00399468	0.00612047	0.0671017	0.0059321	0.12621	0.0353883	0.0110658	0.0346586	0.0154155	0.0695496	0.496108	0.016421	0.0224435	0.01175	0.00687961	0.0320435
118	0.0199871	0.00116696	0.000234129	0.0011264	0.0235374	0.00182976	0.000299765	0.509981	0.000245907	0.0773166	0.0414782	0.00131672	0.000661516	0.000276287	0.000284068	0.00262918	0.0203023	0.295967	0.000569586	0.000790455
119	0.054682	0.0071707	0.328093	0.199725	0.00439519	0.0547328	0.0208481	0.012416	0.0403792	0.00538978	0.00583153	0.0664708	0.00147101	0.0458856	0.0229247	0.0678351	0.0250539	0.0169863	0.00373407	0.0159751
120	0.111999	0.0146008	0.0142805	0.00432215	0.101672	0.0257873	0.00668947	0.0280904	0.0539863	0.0504694	0.0194594	0.0186539	0.0311242	0.00585142	0.0614895	0.218423	0.151675	0.0381392	0.0175624	0.0257249
121	0.0552733	0.0123875	0.00286304	0.00220555	0.137776	0.0130393	0.00224606	0.119283	0.0016587	0.352286	0.0539417	0.00514122	0.00217617	0.00326349	0.00410287	0.0236662	0.0266689	0.156325	0.00717271	0.0185231
122	0.0659255	0.00131409	0.000889674	0.00611507	0.0019272	0.0317879	0.0128813	0.0160493	0.298987	0.00509884	0.0176636	0.0339484	0.0423456	0.0357279	0.238091	0.120397	0.0249917	0.0251606	0.0159664	0.00473183
123	0.0068245	0.00165562	0.00081523	0.000713554	0.503206	0.00198993	0.0238099	0.0137954	0.000668934	0.0607696	0.00689252	0.00128314	0.000793541	0.00947503	0.00111727	0.0081785	0.00809711	0.0148296	0.00964151	0.325444
124	0.152976	0.0159689	0.00130479	0.00109876	0.00604663	0.0281826	0.000928546	0.0214568	0.000908087	0.0159497	0.00729091	0.0217256	0.00445019	0.00398012	0.00427506	0.379305	0.299692	0.0312911	0.000761235	0.00240792
125	0.122171	0.0222918	0.0165838	0.0106133	0.0269274	0.0379514	0.00644189	0.0258916	0.0109286	0.0406598	0.013888	0.0342052	0.0252386	0.0114926	0.0105184	0.400277	0.128439	0.0395404	0.00615432	0.00978597
126	0.217361	0.0211734	0.00292729	0.00109636	0.0373413	0.0744487	0.00162392	0.0875627	0.00270364	0.0941681	0.0347622	0.00313965	0.0039782	0.00127962	0.00167764	0.0828755	0.118214	0.205229	0.00332566	0.00511304
127	0.0672533	0.00352018	0.000217139	0.000581609	0.0452016	0.0124351	0.000853771	0.304864	0.000357562	0.117978	0.0337027	0.0008452	0.00106485	0.000225741	0.00104198	0.0145184	0.0306493	0.360518	0.00167975	0.00249154
128	0.475326	0.0290389	0.00365623	0.00426561	0.00644185	0.150263	0.00167208	0.00664597	0.00223532	0.0133459	0.00440749	0.0040902	0.0111573	0.00312664	0.00483578	0.23605	0.0227908	0.0152445	0.00147624	0.00393051
129	0.0623167	0.00439866	0.000581037	0.00111717	0.059155	0.0129579	0.00134166	0.303923	0.000706288	0.122232	0.0332852	0.000883893	0.0016937	0.000344652	0.00118528	0.0152625	0.0342162	0.335811	0.00170739	0.00688074
130	0.204747	0.0102705	0.00621238	0.0016849	0.0230732	0.285245	0.00158128	0.0730667	0.00194727	0.0435602	0.0474263	0.00568034	0.00212616	0.0017471	0.00226476	0.066878	0.0822806	0.134934	0.00208386	0.00319135
131	0.074765	0.0348026	0.00785961	0.00619208	0.112195	0.0253802	0.011977	0.0442742	0.00730883	0.19727	0.0390079	0.0172602	0.0119985	0.0076617	0.0111144	0.233042	0.0541484	0.0623451	0.022488	0.0189089
132	0.156231	0.0280859	0.00405562	0.00413114	0.0406597	0.0481423	0.00497831	0.157469	0.00587562	0.0768774	0.0308338	0.00643597	0.00590224	0.00412421	0.00546249	0.135835	0.0804509	0.184743	0.00786712	0.0118391
133	0.0794837	0.00460569	0.000219162	0.000479283	0.0520352	0.0158997	0.000880967	0.274014	0.000364384	0.116216	0.0292991	0.000705878	0.00127744	0.000217747	0.00116472	0.0168018	0.0320369	0.37046	0.00133859	0.00250042
134	0.0843793	0.0144157	0.00187382	0.00101291	0.116039	0.0140885	0.00265043	0.154272	0.00189997	0.239105	0.0331105	0.0041615	0.00164043	0.00134541	0.00278824	0.0153723	0.0291357	0.255337	0.00328233	0.0240903
135	0.0384555	0.0182005	0.00536322	0.00359749	0.223217	0.00831693	0.0109024	0.150689	0.00449538	0.0946593	0.0401479	0.00602411	0.00493302	0.00410792	0.00484897	0.0313203	0.045988	0.16267	0.00984653	0.132216
136	0.0473377	0.0028615	0.000369167	0.00108022	0.03524	0.00753837	0.000903143	0.367175	0.000750022	0.121677	0.042101	0.00130308	0.00105208	0.00050772	0.00105364	0.0137299	0.0269461	0.322638	0.00237002	0.00336699
137	0.105053	0.00780088	0.000187115	0.00027789	0.0643213	0.0252044	0.000906679	0.202016	0.000286961	0.1139	0.0237212	0.000455759	0.00195954	0.00019883	0.00118138	0.0283093	0.041924	0.379252	0.000656028	0.00238877
138	0.0503023	0.00234525	0.000263083	0.000729446	0.030245	0.00773277	0.000667999	0.384914	0.000429055	0.0986491	0.0383598	0.00103454	0.000864701	0.00025922	0.000779517	0.0113604	0.0259716	0.340894	0.00228089	0.00191731
139	0.195612	0.0700559	0.00166351	0.00129468	0.0145172	0.019117	0.00129866	0.0394097	0.00140847	0.0225057	0.0158567	0.0139377	0.00351902	0.00208554	0.00227292	0.281554	0.224839	0.0786127	0.00239282	0.00804626
140	0.17955	0.0585831	0.00088704	0.000546207	0.0416254	0.0759163	0.000707519	0.108519	0.00052825	0.0649085	0.0379284	0.000990034	0.00115374	0.000675548	0.000762079	0.183112	0.0885969	0.138256	0.00875362	0.00800052
141	0.199251	0.00748198	0.00725239	0.00158089	0.0167497	0.316467	0.00169286	0.0695645	0.00182397	0.0325951	0.0496048	0.00737404	0.00191244	0.00179901	0.00235531	0.0658124	0.0822563	0.129717	0.0017142	0.00299483
142	0.0205683	0.00119347	0.000238226	0.00111139	0.0242475	0.0019644	0.000300877	0.506871	0.00023382	0.0784962	0.0414629	0.00128859	0.000656577	0.000279954	0.000298329	0.0026888	0.0203729	0.296352	0.000565329	0.000809345
143	0.371654	0.0158077	0.0177642	0.00291649	0.0251931	0.071995	0.00274832	0.0202471	0.00222148	0.0216856	0.01095	0.00640866	0.00283382	0.00252821	0.00351286	0.0870804	0.165362	0.130699	0.00214025	0.0362514
144	0.0887511	0.00562213	0.000403452	0.000748581	0.0563539	0.0182649	0.00166402	0.23133	0.00112348	0.11944	0.0304735	0.000656714	0.00178378	0.000320649	0.00169282	0.0248602	0.041419	0.365139	0.0024387	0.00751375
145	0.0328348	0.00599797	0.00695835	0.00608546	0.0828468	0.00534336	0.0110188	0.261707	0.00599814	0.0584149	0.0557528	0.00238777	0.00752137	0.00159713	0.00455496	0.0368887	0.0820033	0.250332	0.0129361	0.0688198
146	0.0883737	0.0128779	0.010387	0.0076262	0.026004	0.0263748	0.00873626	0.0591471	0.189048	0.044866	0.0214972	0.0291564	0.0290003	0.0193069	0.116928	0.108066	0.101596	0.0735011	0.0130285	0.0144787
147	0.024522	0.00176302	0.00055489	0.000668866	0.141031	0.00917552	0.000310854	0.145877	0.000231893	0.429361	0.0559873	0.000458222	0.000295388	0.00197695	0.00102214	0.00516333	0.0178841	0.156837	0.00206983	0.00481015
148	0.042518	0.0043115	0.00592385	0.018582	0.00799999	0.0057119	0.0134774	0.00692421	0.00413297	0.0537242	0.00498628	0.0053278	0.734833	0.00365893	0.003963	0.0490559	0.0141486	0.0132721	0.00306353	0.00438475
149	0.0662802	0.00135712	0.000730915	0.00597349	0.00177868	0.0321142	0.0133084	0.0164589	0.297195	0.00525366	0.0183712	0.0325531	0.0437659	0.0363327	0.240799	0.116262	0.0249493	0.025919	0.0156108	0.00498651
150	0.014578	0.0047795	0.00291735	0.00282152	0.14274	0.0437895	0.00280894	0.0694471	0.00294798	0.367593	0.105747	0.00434591	0.00369287	0.00375152	0.00675708	0.0532986	0.0120201	0.01337	0.10184	0.0407542
151	0.0853421	0.00704477	0.00315669	0.00237439	0.231167	0.0531575	0.00255298	0.0638002	0.0129701	0.102139	0.0666192	0.00341772	0.0489131	0.00185541	0.00699969	0.062692	0.0942995	0.112606	0.0222713	0.016621
152	0.0361672	0.00351485	0.00342779	0.012866	0.00536278	0.0063105	0.0124428	0.00523776	0.00323417	0.0367351	0.00382394	0.00462672	0.803047	0.00266646	0.0031975	0.0310161	0.0102139	0.0107455	0.00232703	0.00303717
153	0.0530724	0.00776566	0.318634	0.198185	0.00411904	0.0536782	0.0222252	0.0128391	0.0379621	0.00399825	0.00624132	0.0740074	0.000872132	0.049326	0.0217009	0.0699281	0.0272859	0.0155455	0.00369569	0.0189184
154	0.148942	0.00956811	0.00278133	0.00272137	0.00673784	0.0442205	0.00188417	0.0177094	0.00247834	0.0172259	0.00614169	0.0253127	0.00811917	0.00430752	0.00719337	0.406993	0.259879	0.0232137	0.00126215	0.00330821
155	0.0319861	0.0053427	0.0032605	0.00446241	0.0689602	0.00446598	0.00591547	0.335349	0.00443432	0.0616841	0.0458504	0.00180282	0.00783767	0.00112812	0.00370672	0.0223618	0.0563516	0.282385	0.00818655	0.0445284
156	0.0131759	0.0045493	0.00287402	0.00248471	0.166795	0.0290141	0.00210742	0.084132	0.00233108	0.395166	0.070394	0.00354286	0.00325353	0.00331176	0.00689668	0.0492693	0.0113068	0.0236936	0.0950697	0.0306317
157	0.00796251	0.00381912	0.0959703	0.199225	0.0046401	0.00630453	0.003739	0.00541717	0.178688	0.00752569	0.00397831	0.131817	0.0640583	0.0494165	0.16375	0.0394072	0.00727007	0.018844	0.00197913	0.00618814
158	0.126284	0.0166259	0.00118203	0.00132829	0.0804429	0.0297698	0.00140821	0.150855	0.00138881	0.182117	0.034936	0.00358594	0.00270992	0.0016214	0.00198995	0.0451916	0.0508536	0.260066	0.00255539	0.00508906
159	0.0354287	0.0157839	0.0042763	0.00345003	0.166058	0.0178312	0.00498797	0.0750427	0.00328765	0.331091	0.0832388	0.00536494	0.00466573	0.00778754	0.00777134	0.0708728	0.0282075	0.0772219	0.02641	0.0312213
160	0.0635934	0.0179434	0.0139072	0.0131198	0.0301671	0.0280159	0.0140181	0.0670256	0.0191532	0.0713892	0.0283067	0.0363785	0.00983942	0.0674784	0.0196101	0.110886	0.23255	0.133026	0.00618759	0.0174049
161	0.394231	0.0248681	0.0115439	0.00209299	0.0173897	0.028671	0.00252367	0.0126767	0.00222435	0.0161391	0.00867218	0.00903138	0.00215717	0.00270276	0.00323587	0.108342	0.201162	0.106466	0.00171709	0.0441528
162	0.0951591	0.00693933	0.000210729	0.000509488	0.063311	0.0218706	0.00110409	0.223192	0.00056908	0.114633	0.0260884	0.000542613	0.00176223	0.000274712	0.00121692	0.0274906	0.041657	0.367519	0.00145838	0.00449218
163	0.031949	0.00304023	0.00305942	0.012686	0.00516714	0.00461613	0.0125059	0.00491722	0.00271743	0.0363526	0.0035568	0.0049333	0.816034	0.00241006	0.00291575	0.028897	0.00958097	0.00943176	0.00225266	0.00297644
164	0.0202944	0.00130567	0.000240718	0.00111185	0.0235109	0.00197888	0.00033835	0.507571	0.000254851	0.0776014	0.0411691	0.0013129	0.000645328	0.000282206	0.000311415	0.00294775	0.020181	0.297508	0.000623581	0.000810424
165	0.0309507	0.00226211	0.000461262	0.000761946	0.127642	0.0100727	0.000437541	0.15981	0.00027352	0.391652	0.0529989	0.000455686	0.00044622	0.00165147	0.00116849	0.0063979	0.0186301	0.187203	0.00207748	0.00464653
166	0.0656956	0.00871735	0.0216948	0.00296342	0.0212022	0.0170145	0.0055785	0.151938	0.00309083	0.088368	0.0715636	0.00723133	0.002646	0.00325295	0.00348968	0.0971302	0.243619	0.169753	0.00289667	0.0121547
167	0.038908	0.0172549	0.00747406	0.00529366	0.0618472	0.0154939	0.0134612	0.0180899	0.00750894	0.112564	0.0153573	0.111501	0.00967624	0.014021	0.00784725	0.203587	0.256043	0.069342	0.00490355	0.00982601
168	0.303926	0.0222778	0.00773622	0.00458603	0.0178166	0.238743	0.00377599	0.0378884	0.00324849	0.0325844	0.0189213	0.00723325	0.01081	0.00382941	0.00784619	0.121081	0.0538251	0.0958172	0.00235431	0.00570029
169	0.00662557	0.00165698	0.000790737	0.000713491	0.520128	0.00199135	0.02275	0.0125077	0.000654701	0.0595958	0.00624717	0.00120044	0.000732521	0.0101041	0.00114606	0.00835599	0.00759525	0.0138313	0.00879077	0.314582
170	0.0735782	0.031646	0.00280032	0.0116579	0.0319514	0.0308658	0.00402548	0.221405	0.0392473	0.0807028	0.0243516	0.0264162	0.00224721	0.0284224	0.00807547	0.0409044	0.0728022	0.250211	0.00454957	0.01414
171	0.0684709	0.0111362	0.00083794	0.00139152	0.020505	0.0113099	0.00364799	0.224931	0.0017146	0.121225	0.0247039	0.00199403	0.00147441	0.00115682	0.00174219	0.0783061	0.0400539	0.370403	0.0124696	0.00252586
172	0.0352647	0.0198805	0.0110134	0.0102064	0.0367828	0.0129185	0.0774878	0.0268845	0.0166404	0.219937	0.0784452	0.0121194	0.0883906	0.0832182	0.0180075	0.0645562	0.0547727	0.105169	0.0101358	0.0181699
173	0.0346921	0.00929374	0.0272052	0.00713915	0.01908	0.0136531	0.00877007	0.0153658	0.0052683	0.0259499	0.0102183	0.151053	0.216532	0.00722377	0.00727031	0.312838	0.0908784	0.0219094	0.00557737	0.0100829
174	0.0335279	0.00392337	0.000564443	0.00213487	0.037874	0.00601124	0.00102005	0.401374	0.00166454	0.138596	0.0432846	0.00248671	0.00090185	0.00120343	0.00119361	0.0122769	0.0263675	0.280134	0.00214587	0.00331521
175	0.130227	0.0126815	0.107216	0.125863	0.00947877	0.0945411	0.0550204	0.0199746	0.0551641	0.0214397	0.00569277	0.0551534	0.00171364	0.0516058	0.0747984	0.0661659	0.0318743	0.0253378	0.00346875	0.0525828
176	0.0734819	0.0344863	0.0312628	0.0118842	0.0500235	0.034079	0.00874935	0.045724	0.177363	0.0448037	0.0142426	0.129043	0.00793283	0.0129662	0.0608077	0.0781181	0.113595	0.0412603	0.00413582	0.0260409
177	0.0579157	0.0092351	0.187992	0.233234	0.0111095	0.0570644	0.0183772	0.0211414	0.0494927	0.0278236	0.00988738	0.0557031	0.0165044	0.0483563	0.0464553	0.0701961	0.0297403	0.029854	0.00470378	0.0152146
178	0.0269849	0.00552965	0.00141259	0.00303839	0.128262	0.0109788	0.00118548	0.119235	0.000938384	0.425939	0.0763183	0.002629	0.00124298	0.00489803	0.00424855	0.0185103	0.0187261	0.125044	0.0115687	0.0133103
179	0.130105	0.00869842	0.0963083	0.12882	0.00883818	0.104324	0.054697	0.0242647	0.0787476	0.0260869	0.00360343	0.0472106	0.00148742	0.047763	0.0975602	0.0613121	0.0250368	0.0260762	0.00415454	0.0249054
180	0.051968	0.00382028	0.000397807	0.00102397	0.0326688	0.00928054	0.000886909	0.378549	0.00093725	0.0891921	0.0347729	0.00145857	0.00132355	0.000626692	0.00085269	0.0149852	0.0320697	0.34035	0.00202482	0.00281089
181	0.161127	0.0472149	0.00119944	0.000920934	0.0355468	0.068199	0.00146706	0.13141	0.00194061	0.0665943	0.0334097	0.00167341	0.00166752	0.00169709	0.00112458	0.158778	0.0932509	0.178613	0.00731774	0.00684808
182	0.0060003	0.0160633	0.00134193	0.010222	0.00435018	0.00532292	0.05294	0.00705252	0.144388	0.0415571	0.0132207	0.0294514	0.0141882	0.0649305	0.501401	0.0158148	0.0222113	0.0162976	0.00764135	0.025605
183	0.0648173	0.0160539	0.00239935	0.00574812	0.0364789	0.0202246	0.0058372	0.253771	0.0228913	0.0746029	0.0299928	0.0107925	0.00469803	0.0100984	0.00681465	0.0492678	0.0722252	0.271581	0.0126983	0.0290073
184	0.153969	0.0105163	0.000880029	0.000936051	0.00578729	0.0324394	0.00093058	0.015971	0.000859732	0.0166929	0.00626012	0.0251459	0.00523248	0.00379397	0.00525186	0.413122	0.277013	0.0223198	0.000706526	0.00217136
185	0.111045	0.0147914	0.00254473	0.00139671	0.0349763	0.0248226	0.00191303	0.147808	0.00125632	0.167792	0.0723002	0.00322397	0.00147547	0.00161375	0.00180121	0.0804605	0.0919556	0.231735	0.00286832	0.0042189
186	0.104554	0.00724921	0.000169984	0.000339019	0.0641792	0.0248634	0.00092869	0.202064	0.000410644	0.118269	0.0250977	0.000477722	0.00165696	0.000220058	0.00125294	0.0282132	0.0424784	0.374271	0.000665878	0.00263988
187	0.0300527	0.00197615	0.000421058	0.00196938	0.101384	0.00816618	0.000393021	0.18415	0.000296572	0.378741	0.059569	0.00139848	0.000430334	0.0023887	0.00139473	0.0089204	0.0179376	0.195009	0.00172395	0.00367711
188	0.153365	0.064941	0.0041327	0.00322262	0.0182539	0.0270638	0.00416523	0.0366585	0.00246078	0.0313319	0.016556	0.0181535	0.00474775	0.00560231	0.00480113	0.297235	0.221009	0.0753115	0.00307639	0.00791136
189	0.182547	0.0520612	0.000844298	0.000463745	0.0398824	0.0739951	0.000754163	0.11187	0.000467788	0.0661995	0.0386363	0.000862659	0.00118692	0.000573199	0.000633257	0.169019	0.0912234	0.155348	0.00707155	0.0063609
190	0.186901	0.0235561	0.000788025	0.000344484	0.0458606	0.055223	0.000623712	0.111175	0.000308576	0.0945564	0.0375597	0.00054439	0.00189263	0.000429612	0.000547454	0.0933362	0.0956649	0.24871	0.000837497	0.00114141
191	0.0440316	0.00753337	0.00102206	0.00194604	0.0490531	0.00945096	0.00209291	0.383575	0.00221469	0.0800276	0.0355288	0.00237742	0.00269677	0.00129237	0.00160807	0.015905	0.0368099	0.308646	0.0025404	0.0116484
