259	20
1	0.055328	0.00416373	0.00678034	0.00969464	0.0320995	0.0670888	0.0330717	0.0141655	0.010029	0.108812	0.00952361	0.0561861	0.107	0.00852874	0.0647053	0.0466445	0.286499	0.0727737	0.00290961	0.00399535
2	0.114924	0.00752312	0.0170398	0.0440296	0.0130815	0.0226477	0.0258087	0.0197706	0.138843	0.0274643	0.0130869	0.0833564	0.106665	0.0884443	0.0871822	0.0660008	0.0448541	0.0281804	0.0404441	0.0106532
3	0.0991002	0.00172284	0.00304681	0.00435013	0.0161698	0.00529984	0.00357704	0.113115	0.0405584	0.122579	0.112536	0.0588282	0.00255921	0.00876834	0.0482748	0.0729986	0.105695	0.165878	0.0128583	0.00208492
4	0.0228788	0.00531419	0.11523	0.0501055	0.00423737	0.0135519	0.0586952	0.00851678	0.0437128	0.0186485	0.00697015	0.52212	0.00324244	0.0248912	0.0135657	0.051446	0.0185485	0.0123479	0.00193292	0.0040448
5	0.0205689	0.0259825	0.00647601	0.00726834	0.135272	0.00597899	0.00422457	0.198304	0.00843332	0.119447	0.0738834	0.00914285	0.0430526	0.00581983	0.00975437	0.0136668	0.150157	0.11408	0.0444127	0.00407463
6	0.0985683	0.0272044	0.00293666	0.00426994	0.00756497	0.0861676	0.00293627	0.313244	0.00463599	0.0949395	0.0733755	0.00509774	0.0166787	0.00417538	0.0172717	0.00679638	0.0098299	0.22127	0.00122492	0.00181198
7	0.0105513	0.00613422	0.00230222	0.00398181	0.0465954	0.00176533	0.00178729	0.522793	0.00227095	0.0652366	0.023961	0.00387383	0.0023393	0.00174678	0.00367409	0.00387337	0.0165531	0.273853	0.00564919	0.00105827
8	0.0817121	0.00200107	0.0053254	0.006441	0.0114554	0.00473215	0.00613514	0.100311	0.0536495	0.143877	0.099891	0.0903266	0.00239472	0.0144476	0.0585885	0.0670529	0.085298	0.15567	0.00858894	0.00210148
9	0.0163471	0.00770608	0.00305132	0.0045043	0.126965	0.0111766	0.00219709	0.385957	0.0045958	0.10738	0.033873	0.0054351	0.00955015	0.00275634	0.0048381	0.00793203	0.0409253	0.208352	0.0122812	0.00417804
10	0.0233516	0.00547249	0.00396435	0.00602921	0.0137248	0.00698984	0.00315668	0.398516	0.00522468	0.0955697	0.0325977	0.00570673	0.00438607	0.00413662	0.0109815	0.0066672	0.0137364	0.356092	0.00223899	0.0014576
11	0.108156	0.00460252	0.0229653	0.0559824	0.0096764	0.0349035	0.0325746	0.0187458	0.123733	0.0351033	0.0132379	0.0558154	0.0978902	0.0563527	0.0665765	0.163109	0.0580639	0.0257479	0.00526913	0.0114945
12	0.0715985	0.00149965	0.0838346	0.2536	0.00465169	0.0255932	0.044283	0.014228	0.0778152	0.0220561	0.0129098	0.0531077	0.0056171	0.152599	0.0485891	0.0479241	0.0526631	0.0222638	0.00141793	0.00374931
13	0.0473149	0.00557758	0.0330754	0.121029	0.0025951	0.0548639	0.0312871	0.00999098	0.175372	0.0151878	0.0148671	0.158339	0.00832656	0.141777	0.0612453	0.0663576	0.0325846	0.0168594	0.0013258	0.00202404
14	0.0633024	0.00257873	0.0241409	0.105174	0.00573266	0.0189385	0.0409646	0.0287822	0.113693	0.0354742	0.0231376	0.0582328	0.00879868	0.140542	0.099084	0.0887194	0.097214	0.0372638	0.000858824	0.00736757
15	0.490783	0.00424442	0.014585	0.0531371	0.00276707	0.026472	0.0102933	0.00846615	0.0393218	0.0105899	0.00561397	0.0182437	0.00513938	0.0306246	0.0219211	0.180099	0.037591	0.0322755	0.000582611	0.00725001
16	0.0118598	0.040086	0.00128225	0.0211391	0.271296	0.00138848	0.00860993	0.0165507	0.0201627	0.0235847	0.0382327	0.00841167	0.000939278	0.00965468	0.00334819	0.0169619	0.00958493	0.0164284	0.0307113	0.449767
17	0.0158213	0.00172336	0.00122923	0.00182064	0.00428215	0.00157826	0.000917137	0.303117	0.00166329	0.071464	0.0061163	0.00235719	0.000625013	0.00128437	0.00893087	0.00229128	0.00402977	0.569524	0.000517357	0.000707437
18	0.018024	0.0014505	0.00136135	0.00193981	0.0034194	0.00150367	0.00108423	0.287442	0.00187486	0.0641481	0.00474978	0.00259033	0.000739248	0.00152003	0.00881456	0.00252359	0.00397835	0.591413	0.00049557	0.000927649
19	0.0745265	0.00255002	0.069908	0.211291	0.00539501	0.0217145	0.0269456	0.0336515	0.0914298	0.0324533	0.0167775	0.050444	0.00606838	0.121427	0.0599608	0.0523978	0.0657046	0.0520351	0.00104868	0.00427047
20	0.0629773	0.00466435	0.0258977	0.0848129	0.00825866	0.0196324	0.026819	0.032025	0.11101	0.0389527	0.0214344	0.0464786	0.00916373	0.122834	0.139983	0.0765809	0.11694	0.0431159	0.00275613	0.00566282
21	0.0118694	0.0038206	0.00279502	0.00567312	0.251623	0.018302	0.00493834	0.0881453	0.0105818	0.228841	0.228239	0.00527838	0.00458419	0.00547834	0.0127956	0.00721729	0.0174101	0.0607041	0.0097042	0.0219999
22	0.124173	0.00975831	0.0305271	0.0622955	0.0154984	0.189193	0.0119737	0.0425297	0.0484923	0.0335856	0.0193543	0.0533843	0.0125228	0.0367944	0.0387274	0.168951	0.0532422	0.0406333	0.00302902	0.00533507
23	0.00263075	0.00606097	0.0101279	0.0154498	0.001234	0.00188896	0.0127836	0.00680668	0.432342	0.0275288	0.017562	0.010957	0.000730459	0.0367479	0.357404	0.0298536	0.0159646	0.0111593	0.00199895	0.000769253
24	0.0115677	0.0384116	0.00133109	0.0211846	0.275698	0.0014241	0.00860716	0.0157855	0.0195651	0.0251853	0.0390303	0.00860318	0.000925703	0.00997833	0.0033748	0.0168809	0.00933259	0.0164107	0.0292182	0.447486
25	0.0759283	0.00225159	0.0468357	0.00552079	0.0127294	0.00389118	0.290064	0.0463512	0.00566061	0.0540544	0.00566047	0.14485	0.00262467	0.0478276	0.0318178	0.0907526	0.0300549	0.0493241	0.00901344	0.044787
26	0.00198932	0.00410659	0.0126784	0.0176708	0.00109437	0.00148169	0.0104018	0.0074122	0.37689	0.0299721	0.0177231	0.0113411	0.000574993	0.0402317	0.392178	0.0390496	0.0200113	0.0129336	0.00167198	0.000587927
27	0.016677	0.00308881	0.00433572	0.00701886	0.0217327	0.00456431	0.00336976	0.379091	0.00855671	0.131288	0.0512148	0.00723391	0.0027503	0.00379674	0.00675329	0.0195033	0.0917135	0.230293	0.00539847	0.00162018
28	0.0656111	0.0367417	0.0123993	0.0549488	0.0103191	0.0136771	0.0171802	0.0318907	0.137766	0.144198	0.025041	0.0501294	0.00563658	0.137747	0.136298	0.0428292	0.0332291	0.0333379	0.00481327	0.00620669
29	0.0794739	0.000246544	0.134985	0.297894	0.00179405	0.0337417	0.0187152	0.00909438	0.0730196	0.0169879	0.00772789	0.0537664	0.0113976	0.0967103	0.0354755	0.0473778	0.0588243	0.0189696	0.000239299	0.00355857
30	0.520523	0.00314383	0.00126108	0.00675955	0.00163338	0.016099	0.00291687	0.0071518	0.012826	0.00285638	0.00193295	0.00468812	0.0222069	0.00781977	0.00853878	0.331858	0.0179341	0.0173796	0.000573143	0.0118977
31	0.095434	0.0105731	0.032858	0.0706713	0.0118694	0.183776	0.0159584	0.0306228	0.0646693	0.0353416	0.0187685	0.0484566	0.0114093	0.0422091	0.0947969	0.137019	0.0490196	0.0376069	0.00315546	0.00578536
32	0.0206398	0.0128358	0.00339375	0.00484698	0.204483	0.014027	0.00364357	0.236493	0.00745203	0.167633	0.0449066	0.00630695	0.0391072	0.00605239	0.00809632	0.0104802	0.0641409	0.0960149	0.0440347	0.00541221
33	0.101452	0.00389899	0.0499758	0.0134096	0.038277	0.00770764	0.186085	0.033611	0.0207385	0.0366367	0.013051	0.137429	0.0085271	0.0650711	0.0544345	0.0580252	0.0498886	0.0409798	0.0312439	0.049558
34	0.0232641	0.00142944	0.00146975	0.00217533	0.330651	0.0469882	0.0018608	0.198484	0.00304458	0.173573	0.0145342	0.0030282	0.00285878	0.00242028	0.00344875	0.00401184	0.00536461	0.168662	0.00281493	0.00991617
35	0.0443652	0.00466598	0.00455592	0.00434172	0.0137579	0.0110672	0.00251647	0.347946	0.00522271	0.195573	0.105343	0.00659915	0.00882149	0.00318216	0.00908496	0.0106308	0.0213081	0.196349	0.00301179	0.00165855
36	0.0128174	0.00210222	0.0037836	0.00287537	0.0348005	0.000996368	0.000924046	0.473128	0.00115518	0.163704	0.0573525	0.00274866	0.0032926	0.001079	0.00130365	0.00406877	0.0275253	0.196136	0.00961594	0.000591239
37	0.167919	0.0135562	0.0203918	0.0354027	0.0204594	0.0262182	0.0139704	0.0500975	0.0353407	0.0399574	0.0216066	0.0324851	0.274221	0.0255591	0.0283872	0.0644038	0.0452162	0.0567733	0.00679638	0.021238
38	0.0232641	0.00142944	0.00146975	0.00217533	0.330651	0.0469882	0.0018608	0.198484	0.00304458	0.173573	0.0145342	0.0030282	0.00285878	0.00242028	0.00344875	0.00401184	0.00536461	0.168662	0.00281493	0.00991617
39	0.0173669	0.00178318	0.00363839	0.00256884	0.0206572	0.00219474	0.00087052	0.444832	0.00107142	0.168982	0.0641696	0.0022643	0.0020745	0.000986451	0.00279298	0.00359554	0.0189123	0.2369	0.00381293	0.00052607
40	0.085403	0.00050497	0.121843	0.29095	0.00202066	0.0300267	0.0214562	0.0111825	0.0785667	0.0186349	0.00982504	0.0516562	0.00595017	0.104003	0.0410689	0.0457995	0.0592956	0.0183446	0.000271733	0.00319628
41	0.00193414	0.0042424	0.0121867	0.0235257	0.00142452	0.00115858	0.0145524	0.00788746	0.392966	0.0348608	0.021605	0.0165036	0.000477751	0.0529822	0.342977	0.034821	0.0184382	0.0145825	0.00222902	0.000645236
42	0.00354503	0.0104193	0.00093795	0.00360543	0.00995457	0.00102961	0.00110769	0.706087	0.00129932	0.0081581	0.00642295	0.00420988	0.0005941	0.00255002	0.00252085	0.00418222	0.00462177	0.2277	0.00039148	0.000662513
43	0.144021	0.00195298	0.00801392	0.031495	0.00450052	0.0621977	0.0424476	0.0098287	0.143255	0.0222442	0.00611724	0.0347306	0.0182724	0.0514937	0.105534	0.220442	0.0632654	0.0170071	0.00272133	0.0104596
44	0.441621	0.00779146	0.00666254	0.0163643	0.0194562	0.0198102	0.00826366	0.0121959	0.0242657	0.0149078	0.00936175	0.00952034	0.0207468	0.0128522	0.0189919	0.2428	0.0250832	0.0255365	0.00388069	0.059887
45	0.0838588	0.0085183	0.0531988	0.0328414	0.0132847	0.0088068	0.0351131	0.125237	0.0447487	0.0514263	0.0282958	0.103276	0.00417191	0.0751321	0.0300342	0.0431321	0.0671683	0.179614	0.00441274	0.00772909
46	0.0367463	0.0099518	0.0115554	0.0309068	0.1294	0.00904877	0.0740928	0.039486	0.0788515	0.0531803	0.0655437	0.0236439	0.00581665	0.0944716	0.078389	0.0299072	0.0316952	0.0827641	0.0106439	0.103905
47	0.0397194	0.0651127	0.0768263	0.0213145	0.0160857	0.0157216	0.0133947	0.0418476	0.0213784	0.0509922	0.033567	0.0909753	0.0114614	0.0192958	0.020057	0.174809	0.0281512	0.243739	0.00510069	0.01045
48	0.0226194	0.00376943	0.00450494	0.00768436	0.0235165	0.00761178	0.00359501	0.381471	0.00745296	0.183256	0.0663307	0.00490783	0.00404393	0.00385958	0.0111738	0.00812219	0.0234055	0.226576	0.00433903	0.00175939
49	0.0147769	0.00538675	0.0148126	0.034498	0.0027245	0.00678131	0.015767	0.0107021	0.355041	0.0328373	0.0191146	0.0208283	0.00264727	0.0568744	0.32195	0.0415838	0.023594	0.0160278	0.00200601	0.00204591
50	0.0717973	0.00249096	0.0791282	0.221178	0.00354832	0.0307632	0.0235835	0.0166824	0.128019	0.0256515	0.0137385	0.0606544	0.00589936	0.104586	0.0775768	0.0514161	0.0551098	0.0231052	0.000751156	0.00431976
51	0.0692157	0.00196414	0.0281489	0.0763884	0.00891387	0.00444806	0.0347306	0.0769503	0.0957932	0.068414	0.0422614	0.0440738	0.000974079	0.115132	0.0619994	0.0573918	0.112779	0.0965933	0.00078096	0.00304771
52	0.454497	0.0114362	0.00490105	0.00919662	0.00991458	0.0499589	0.00876837	0.0120952	0.0103727	0.0257347	0.00931972	0.0153911	0.0445273	0.00745893	0.0175055	0.067632	0.145018	0.0862135	0.00232533	0.00773301
53	0.0084935	0.00652455	0.00388441	0.00432125	0.0165755	0.00195755	0.00125347	0.595614	0.00216989	0.0650943	0.0317582	0.00887895	0.00091389	0.00247031	0.00265922	0.00902408	0.0142862	0.220435	0.00238448	0.00130108
54	0.0795797	0.000246545	0.134953	0.297882	0.00179692	0.0336525	0.018739	0.00910622	0.0730672	0.0170079	0.00773751	0.0537463	0.0113326	0.0966701	0.0355021	0.0474101	0.0588337	0.0189541	0.0002393	0.00354299
55	0.00358224	0.0103125	0.000944977	0.00365854	0.00985463	0.000998238	0.00112308	0.707538	0.00129694	0.00822547	0.00643462	0.00422451	0.000587156	0.00260669	0.00255827	0.00419339	0.00473108	0.22605	0.000404468	0.000675141
56	0.061365	0.00142568	0.084085	0.173952	0.00307118	0.0549989	0.0243403	0.011884	0.0687506	0.0214483	0.00886328	0.0703988	0.100119	0.0894087	0.0390069	0.0783805	0.0695703	0.0204337	0.00191134	0.0165863
57	0.0388064	0.00624425	0.0321099	0.110057	0.00144198	0.0571858	0.0395148	0.00401304	0.195945	0.00637989	0.0172247	0.22632	0.00943999	0.120157	0.025859	0.0765071	0.0182339	0.0121301	0.000942598	0.00148803
58	0.0537227	0.00796166	0.0293401	0.0974152	0.00517443	0.0211059	0.0267631	0.0239618	0.146235	0.0377399	0.0200776	0.0924867	0.00734949	0.150251	0.13035	0.0609389	0.0539194	0.0279803	0.00339225	0.00383425
59	0.153121	0.000599977	0.00556649	0.00164369	0.00407896	0.131645	0.00427734	0.00168268	0.0162544	0.00194438	0.0074889	0.0563746	0.00739463	0.01835	0.0139865	0.447052	0.11981	0.00778192	0.000394173	0.00055287
60	0.451241	0.0090559	0.0138178	0.0314039	0.00318563	0.0800214	0.00669305	0.0146387	0.0241612	0.0118263	0.00685802	0.0275015	0.00819225	0.0182304	0.0187787	0.18891	0.0411978	0.0349217	0.0014064	0.00795804
61	0.00361442	0.010288	0.000937628	0.00392997	0.00974484	0.00101006	0.00120024	0.707518	0.00137486	0.00806594	0.00645641	0.00427527	0.000602829	0.002613	0.00288643	0.00422793	0.00468779	0.225453	0.000389841	0.000723685
62	0.0635234	0.00543395	0.0156939	0.0377455	0.0133116	0.020363	0.022986	0.099719	0.0436234	0.0528952	0.0396688	0.0502527	0.0110226	0.0488203	0.0307022	0.134569	0.213896	0.0847822	0.00531313	0.00567867
63	0.108176	0.00362624	0.00568348	0.0109524	0.00675408	0.0210398	0.0592363	0.0120279	0.19173	0.0653542	0.00796633	0.0128803	0.0367726	0.0193629	0.151439	0.216068	0.0208419	0.0158763	0.00408054	0.0301319
64	0.0791789	0.00387489	0.126543	0.191401	0.00642567	0.0364514	0.0249782	0.0349904	0.074037	0.0316161	0.0155721	0.0861187	0.0102049	0.0775575	0.0436761	0.0603392	0.0500805	0.0376158	0.00245977	0.00687813
65	0.0592245	0.00939757	0.0461305	0.0676055	0.00736589	0.0282218	0.0265594	0.02018	0.062305	0.0373831	0.0165006	0.341891	0.00772169	0.0542789	0.0300855	0.0937652	0.0525698	0.0300347	0.00262364	0.00615551
66	0.0347243	0.00508561	0.00478351	0.00604093	0.0184036	0.00847735	0.00319089	0.366054	0.0071546	0.144597	0.0759075	0.00631659	0.00785056	0.00413316	0.0108764	0.00880146	0.0225092	0.256848	0.00326104	0.00498405
67	0.0781335	0.00118465	0.00672933	0.0363655	0.00312201	0.0224591	0.0295655	0.0399708	0.0222094	0.0427321	0.0307784	0.110877	0.00688746	0.0772502	0.0231937	0.196167	0.227523	0.0408479	0.00112028	0.00288304
68	0.0104597	0.000865477	0.00366969	0.00311506	0.0123813	0.00136393	0.000969543	0.418281	0.00128984	0.215061	0.0689358	0.00179188	0.000749363	0.00102478	0.0039527	0.00384084	0.0186213	0.230126	0.00283377	0.000667238
69	0.0891849	0.000753848	0.00854467	0.0599212	0.0018704	0.0326242	0.0525327	0.0293416	0.0292217	0.0414294	0.02811	0.107573	0.00958919	0.117919	0.0313752	0.197487	0.130747	0.0285587	0.00068048	0.00253649
70	0.0098412	0.000413257	0.00386006	0.00301014	0.0131548	0.000722022	0.000750821	0.455014	0.000879307	0.221095	0.079031	0.00156803	0.000404946	0.000807118	0.00141249	0.00426067	0.0219616	0.178193	0.0032168	0.000403228
71	0.0855116	0.00449564	0.0627638	0.0570648	0.00603862	0.30625	0.00516277	0.00954195	0.0508142	0.0120676	0.00659502	0.0345099	0.00718657	0.0194347	0.0370145	0.250717	0.0221405	0.0169738	0.00169883	0.00401832
72	0.215573	0.00142634	0.0113257	0.01366	0.00358718	0.165537	0.00468052	0.00405885	0.0227462	0.00422328	0.00611646	0.0441792	0.00592094	0.0163959	0.0187505	0.368136	0.0779389	0.0125319	0.000696785	0.00251618
73	0.017877	0.00509719	0.00439561	0.00838793	0.0172328	0.00354707	0.00329997	0.472835	0.00481058	0.06611	0.0255979	0.0161194	0.00217411	0.00600971	0.0100833	0.00734497	0.0271877	0.296539	0.00345401	0.00189701
74	0.0204245	0.00297396	0.00446731	0.00705437	0.0324815	0.00755404	0.00295142	0.371492	0.00868048	0.211423	0.0791635	0.00572855	0.00426453	0.00568361	0.0130275	0.00957675	0.0246889	0.179134	0.00552507	0.00370519
75	0.0114317	0.0368969	0.00137689	0.0210345	0.283027	0.00156033	0.00824307	0.0155547	0.0189986	0.0235471	0.0375045	0.00972135	0.00097735	0.0106597	0.00339594	0.0175517	0.00930984	0.0160029	0.0283086	0.444897
76	0.0105522	0.00103658	0.00403412	0.00335947	0.0223406	0.000829943	0.000926265	0.46479	0.00136771	0.196515	0.0676613	0.00197671	0.00108752	0.00120227	0.00156864	0.00396246	0.0263226	0.184424	0.0054479	0.000594191
77	0.00238005	0.00570003	0.0109064	0.0132117	0.00113727	0.00166039	0.010407	0.0069769	0.410072	0.0275567	0.0156734	0.00983154	0.000710438	0.0322631	0.387418	0.032272	0.017966	0.01151	0.00163304	0.00071361
78	0.00516231	0.0121298	0.00116477	0.00309487	0.0175602	0.00116018	0.00132262	0.658184	0.00141018	0.0155542	0.00862267	0.00376489	0.00103578	0.00218802	0.00256893	0.00381598	0.00636748	0.252825	0.00130859	0.000759443
79	0.0102239	0.0246603	0.0583867	0.0435044	0.0445621	0.00467798	0.00621175	0.0808841	0.00713597	0.11549	0.133449	0.0432733	0.00384011	0.00599776	0.00670041	0.0118318	0.0465757	0.328065	0.0023585	0.0221721
80	0.0218143	0.00540284	0.128296	0.0549917	0.00415553	0.0136611	0.0447894	0.00808603	0.0436396	0.0188623	0.00740071	0.52161	0.00338027	0.0250414	0.0134371	0.0505278	0.0183494	0.0124624	0.00146947	0.00262232
81	0.359697	0.0218052	0.00529972	0.00719044	0.0202187	0.00772563	0.00469238	0.0100926	0.00843792	0.0115813	0.00668142	0.00705215	0.372117	0.0057443	0.0094625	0.0583196	0.0128715	0.0316122	0.00182861	0.0375696
82	0.0136074	0.0410838	0.00138198	0.0230358	0.264836	0.00159167	0.00990198	0.0177297	0.0219477	0.0254351	0.0389523	0.00807932	0.000987374	0.00960397	0.00379175	0.0166561	0.00947117	0.0181176	0.0292707	0.444518
83	0.00287658	0.00417394	0.014412	0.0271938	0.00215479	0.0013225	0.0151843	0.00894404	0.398207	0.0449687	0.0259691	0.0231994	0.000677631	0.0566091	0.302536	0.0342838	0.0172991	0.0167094	0.00244427	0.000835039
84	0.584159	0.0236143	0.00321066	0.0101454	0.0043425	0.0344016	0.00460826	0.0110238	0.0112103	0.0118959	0.00572752	0.00876299	0.012046	0.00690783	0.0107479	0.162899	0.0418815	0.0404817	0.000706186	0.0112275
85	0.335067	0.0024275	0.00412605	0.00918171	0.00267005	0.0770805	0.00582052	0.00518482	0.0169083	0.0050466	0.00591029	0.0346624	0.00829221	0.0157549	0.013176	0.35095	0.0854238	0.0172136	0.000559868	0.00454417
86	0.0411577	0.0338302	0.00713094	0.0289742	0.222184	0.00558189	0.0173027	0.0211563	0.0237812	0.0297405	0.0356035	0.0195701	0.00912424	0.0167457	0.0104196	0.0291161	0.0177474	0.0260771	0.0251033	0.379654
87	0.0803236	0.0100536	0.0252908	0.0446772	0.00606408	0.100998	0.0192315	0.0112979	0.0673212	0.0342651	0.011456	0.335015	0.00599186	0.0513692	0.0252928	0.119191	0.0279364	0.0174996	0.0023582	0.00436741
88	0.0566136	0.00683935	0.00217195	0.00564131	0.0103788	0.0122203	0.00278959	0.332428	0.00362749	0.0674495	0.0291415	0.00471004	0.0106291	0.00289193	0.0135896	0.00411728	0.00949568	0.422628	0.00134339	0.00129437
89	0.0890147	0.000270087	0.12178	0.315205	0.00183081	0.0302569	0.0208236	0.0104418	0.0719407	0.0177475	0.0100536	0.0486712	0.00421277	0.100476	0.0379503	0.0423343	0.0583847	0.0155841	0.000228251	0.00279357
90	0.020971	0.00530911	0.112852	0.0479549	0.00384801	0.0150926	0.0464671	0.00663703	0.0508843	0.0180766	0.00674024	0.532768	0.00314384	0.0272079	0.0126712	0.0565716	0.0186271	0.010345	0.00154368	0.00228932
91	0.353345	0.0303111	0.00522138	0.00659803	0.0275594	0.00942485	0.00475396	0.0112614	0.00863346	0.0132739	0.00745328	0.00773192	0.358633	0.00593335	0.0102601	0.033498	0.0130086	0.0409117	0.00200897	0.0501793
92	0.0122242	0.00320581	0.00658729	0.0703622	0.028826	0.00371128	0.0326186	0.268777	0.0395291	0.13382	0.0193111	0.00739867	0.00211019	0.0132523	0.0618166	0.00704422	0.0136127	0.248901	0.00524607	0.0216458
93	0.0113948	0.0367723	0.00133004	0.0212095	0.283376	0.00144527	0.00816077	0.0151624	0.0189422	0.0228274	0.0375061	0.00993839	0.000988198	0.0108694	0.0033784	0.0176621	0.00918189	0.0157859	0.0280045	0.446065
94	0.319994	0.00243279	0.00493628	0.0122577	0.00329235	0.0731998	0.0103232	0.00631057	0.0180262	0.00665299	0.006629	0.0556397	0.00721513	0.0224229	0.0142385	0.320039	0.0931275	0.018765	0.000627948	0.00386994
95	0.0169305	0.00193193	0.00145501	0.00190232	0.0053426	0.00233154	0.000912636	0.318693	0.00147242	0.0953044	0.0148529	0.00203194	0.000742073	0.00123688	0.0099332	0.00202571	0.0055267	0.516018	0.000730251	0.000625811
96	0.0337448	0.00380341	0.00414874	0.00611575	0.00789622	0.0269854	0.00464479	0.144064	0.0588415	0.068818	0.08231	0.0209172	0.00356852	0.00799228	0.0187406	0.148227	0.176541	0.174869	0.00472143	0.00304991
97	0.0413843	0.0101508	0.0154006	0.0637797	0.00846194	0.0148339	0.0215248	0.0264849	0.169278	0.0964242	0.0230926	0.092084	0.00501662	0.177477	0.108244	0.0481834	0.0370589	0.0334453	0.00315483	0.00452003
98	0.0448397	0.00960329	0.0140557	0.0255833	0.0300773	0.0119266	0.0498437	0.106382	0.0366778	0.204799	0.117578	0.0269836	0.00892228	0.0309794	0.0336694	0.0325693	0.0407888	0.155278	0.00568665	0.0137558
99	0.49486	0.00800851	0.0125189	0.0303326	0.0053065	0.0363802	0.00812323	0.0175864	0.0251252	0.0160891	0.0112435	0.0158635	0.0138923	0.0187657	0.0194786	0.18052	0.0352272	0.0401778	0.00149333	0.00900788
100	0.0596384	0.00827197	0.0277658	0.0818735	0.0160219	0.0196267	0.0235287	0.0451926	0.0973284	0.110009	0.0336784	0.0621413	0.0080248	0.144436	0.0834349	0.0609501	0.0562934	0.0506917	0.00364315	0.00744848
101	0.100803	0.00574728	0.0138375	0.0332912	0.0102314	0.0325972	0.0183226	0.0578816	0.0479134	0.0467301	0.0330361	0.0532478	0.0124064	0.0418468	0.0368958	0.163814	0.17992	0.100829	0.00530123	0.0053481
102	0.0531365	0.00676867	0.0129832	0.021081	0.0255784	0.0130404	0.0118799	0.160816	0.0339303	0.108407	0.0909013	0.0333962	0.00926883	0.0261123	0.0266701	0.0554829	0.136524	0.161313	0.00762375	0.00508574
103	0.019009	0.00466686	0.00594712	0.00950332	0.0731675	0.0117063	0.00635827	0.128966	0.0170823	0.239912	0.305731	0.0106277	0.00484072	0.00936768	0.0221967	0.0142316	0.0291631	0.071491	0.008435	0.00759743
104	0.0387858	0.00923774	0.0181781	0.0476468	0.00926934	0.0131786	0.0176167	0.0266626	0.247059	0.0459242	0.0232419	0.029682	0.0054804	0.0679715	0.276677	0.0462007	0.0337899	0.0338832	0.00467184	0.00484232
105	0.05445	0.00564011	0.0117475	0.0222803	0.0162067	0.0160991	0.0168514	0.189617	0.0322623	0.151459	0.0555602	0.0354479	0.00872476	0.0321131	0.0299391	0.119177	0.0685441	0.121858	0.00606228	0.00595947
106	0.215445	0.00287369	0.0757941	0.213936	0.00422301	0.0313079	0.0189176	0.0138106	0.0632641	0.0195483	0.0105607	0.041332	0.00717498	0.0731589	0.0351564	0.0886826	0.0529067	0.0252994	0.000962146	0.00564572
107	0.0091518	0.00137605	0.00394404	0.00312441	0.0135785	0.000651754	0.000776917	0.495188	0.000862589	0.192752	0.0663772	0.00201329	0.000452912	0.000996521	0.00133162	0.00404686	0.0202642	0.179382	0.00329124	0.000438311
108	0.128471	0.00831373	0.0276031	0.0514352	0.0115199	0.204688	0.0138796	0.0365258	0.0504858	0.0292073	0.0156071	0.0534702	0.00876848	0.0353249	0.0392609	0.18876	0.0511206	0.0361878	0.00226877	0.00710139
109	0.033997	0.00528766	0.0209197	0.0948746	0.00447836	0.0122474	0.0251432	0.017654	0.243744	0.040076	0.0206221	0.0452868	0.003657	0.141456	0.171402	0.0495106	0.0402928	0.0256076	0.00205156	0.00169097
110	0.00694462	0.0017306	0.00219173	0.00310364	0.0687703	0.00809295	0.00274532	0.151724	0.00764936	0.256306	0.390056	0.00314457	0.00174641	0.00241034	0.0124013	0.00533006	0.0196964	0.0472666	0.0070168	0.00167316
111	0.0978311	0.00141684	0.00999839	0.0682888	0.00406189	0.0263269	0.0583521	0.0179263	0.0589384	0.0229336	0.0120244	0.0773469	0.0288421	0.0638979	0.0373451	0.175427	0.20998	0.0242194	0.00161026	0.00323261
112	0.0203469	0.00382291	0.00517768	0.0096784	0.0579554	0.00802051	0.00576882	0.176425	0.0203522	0.248618	0.236527	0.0099271	0.00272702	0.00965711	0.0231292	0.0159276	0.0281128	0.100492	0.00708206	0.0102519
113	0.0749806	0.00479685	0.131485	0.185123	0.00808318	0.0358226	0.0275884	0.0241968	0.0789533	0.0327823	0.0182013	0.0849517	0.00897879	0.0744812	0.0520046	0.0618451	0.0516086	0.035022	0.002339	0.00675598
114	0.0828532	0.00127629	0.0151877	0.079514	0.00166472	0.0342372	0.0513008	0.0178342	0.113925	0.0252041	0.0100267	0.0879183	0.0202989	0.102643	0.0747843	0.138009	0.109503	0.0293	0.00140531	0.00311365
115	0.0121168	0.00113393	0.00383087	0.00308035	0.0140612	0.001748	0.000857003	0.440488	0.00178185	0.215124	0.080115	0.00218053	0.000908819	0.0011444	0.00167261	0.00694407	0.0386092	0.169779	0.0038535	0.000570745
116	0.019153	0.00662575	0.00568964	0.00772457	0.207767	0.0207744	0.00646035	0.143031	0.0143315	0.226267	0.132829	0.00795941	0.00715486	0.00742782	0.0162584	0.0120223	0.0245626	0.0925347	0.0119649	0.0294616
117	0.0080672	0.00393389	0.0100559	0.0509741	0.00484173	0.00262726	0.0250333	0.0105378	0.347894	0.0473071	0.0258836	0.0195995	0.00128774	0.0987459	0.271816	0.0332512	0.0168776	0.0141898	0.00616036	0.000915857
118	0.0855024	0.00292324	0.090332	0.238898	0.0038491	0.0799496	0.0203008	0.0145132	0.0824102	0.0200119	0.011773	0.0649439	0.00698562	0.0857722	0.0450178	0.0696351	0.0503985	0.0214551	0.00139943	0.00392882
119	0.0406731	0.00892933	0.0220572	0.0492858	0.010177	0.0146391	0.0186856	0.0284832	0.225685	0.045291	0.0257671	0.031365	0.00630526	0.068758	0.267989	0.0506696	0.0369388	0.0377815	0.00318217	0.00733692
120	0.0938457	0.000212255	0.12218	0.302609	0.0018236	0.0292073	0.0213103	0.00999938	0.0748656	0.0169321	0.00876296	0.0505406	0.00408402	0.102244	0.0381397	0.0444147	0.0600386	0.0158597	0.000172458	0.00275834
121	0.100533	0.00086014	0.00722859	0.0534996	0.00232828	0.0323469	0.0413519	0.0337527	0.0249097	0.0439067	0.0292202	0.104047	0.00791645	0.103999	0.0291616	0.20582	0.142279	0.0336989	0.000685332	0.00245604
122	0.0386581	0.00720072	0.0113496	0.0264326	0.0356601	0.0156157	0.0139563	0.210169	0.0408398	0.204405	0.0813361	0.0283357	0.0103654	0.0268063	0.0431393	0.0318827	0.0342817	0.12393	0.0070698	0.00856648
123	0.063293	0.00973632	0.0397753	0.0598474	0.00816657	0.0307191	0.0264764	0.021579	0.0678123	0.0431142	0.0172461	0.32849	0.00943124	0.0529913	0.034273	0.0992805	0.0454461	0.0322343	0.00307025	0.00701793
124	0.0752203	0.00132702	0.0292536	0.0665911	0.0133264	0.00159139	0.0430815	0.113021	0.0813692	0.0728298	0.033658	0.0406009	0.00112229	0.0789878	0.0430616	0.0442202	0.122243	0.134093	0.00104133	0.00336126
125	0.0558022	0.0190677	0.0101348	0.0209777	0.00344221	0.0236479	0.00722614	0.00588839	0.0445932	0.0645643	0.0042077	0.513812	0.00238364	0.045151	0.0254996	0.131822	0.0105206	0.00773008	0.0013062	0.00222278
126	0.0106089	0.000560549	0.00412439	0.00316199	0.0134386	0.00097413	0.000839009	0.452938	0.00132511	0.223325	0.0836331	0.0021301	0.000645539	0.000883343	0.00164763	0.00482532	0.0238027	0.167343	0.00333342	0.000460486
127	0.0600999	0.00467006	0.0251577	0.0672725	0.00753738	0.0187685	0.0309207	0.0431442	0.10191	0.0424885	0.0238622	0.120199	0.00700349	0.104356	0.0531538	0.0692055	0.102083	0.110502	0.00269345	0.00497295
128	0.0937877	0.000196284	0.118475	0.301495	0.00179696	0.0292273	0.0214711	0.00989609	0.07681	0.0170513	0.0085763	0.0514972	0.00414183	0.102435	0.0385833	0.04523	0.0603849	0.0160108	0.000172867	0.00276163
129	0.594402	0.00288565	0.00134039	0.00999852	0.000625217	0.0246953	0.00340972	0.00324093	0.012028	0.00166309	0.00110953	0.00580601	0.00524317	0.0052323	0.0061268	0.261361	0.0262444	0.02645	0.000267001	0.00787154
130	0.0110184	0.00133704	0.00816492	0.00468063	0.0164042	0.00174207	0.00148729	0.433025	0.00285651	0.23163	0.0753148	0.00247315	0.00132364	0.00247882	0.0034512	0.00633093	0.0224765	0.168806	0.00356294	0.00143641
131	0.0796402	0.0040253	0.077119	0.16602	0.00572542	0.0257116	0.0317201	0.0174956	0.0830466	0.0256228	0.0122823	0.167283	0.00738291	0.0980965	0.0544218	0.0578332	0.0529546	0.0243532	0.00343781	0.00582792
132	0.0886155	0.000656553	0.107274	0.278901	0.0020932	0.0282741	0.0224757	0.0112695	0.0867781	0.020469	0.0103207	0.0529622	0.00429888	0.111061	0.0465015	0.047539	0.0590604	0.0185212	0.000249307	0.00267852
133	0.448918	0.00400272	0.0265753	0.0734833	0.00219748	0.0421542	0.00963032	0.00784222	0.0336905	0.0103664	0.00496128	0.0230654	0.00537843	0.0328067	0.0194227	0.186154	0.0352357	0.026597	0.000783579	0.0067347
134	0.613127	0.00320631	0.00114038	0.00982959	0.000674248	0.0246637	0.00304657	0.00306212	0.0120206	0.00176588	0.00108695	0.00507248	0.00514987	0.00505314	0.00640843	0.24889	0.0235755	0.0236684	0.000233877	0.00832565
135	0.0499871	0.0171109	0.0139191	0.0258638	0.0865572	0.018866	0.0180874	0.11267	0.0454038	0.0817445	0.0586355	0.0321934	0.0211394	0.0304453	0.0494815	0.0504661	0.0491791	0.0746274	0.0848419	0.0787808
136	0.114524	0.0101067	0.0337359	0.062145	0.0124407	0.192159	0.0130252	0.0370067	0.0517444	0.0313041	0.0171128	0.0613182	0.00941967	0.0384451	0.0358602	0.174436	0.0577334	0.0389014	0.0026581	0.00592376
137	0.00965962	0.000387986	0.00397048	0.00303629	0.0130854	0.000663286	0.000753283	0.457578	0.000807154	0.225623	0.0804134	0.00152849	0.000391416	0.000830245	0.00107739	0.00428266	0.022479	0.169871	0.00318506	0.000376978
138	0.0639274	0.00355928	0.0223115	0.115779	0.00376065	0.0194426	0.0297063	0.0221882	0.149105	0.0360087	0.0124047	0.0454136	0.0114355	0.157778	0.122612	0.0700151	0.0762321	0.0351222	0.000912783	0.00228492
139	0.030112	0.0248619	0.00405746	0.00502509	0.0173948	0.0187743	0.00265154	0.524854	0.00381509	0.043078	0.0291226	0.00692639	0.00784662	0.00414685	0.00742603	0.00720104	0.0117226	0.24602	0.00221112	0.00275224
140	0.0178938	0.00326666	0.00460531	0.0114547	0.0814248	0.00951644	0.00800169	0.0792305	0.077105	0.274524	0.246284	0.0121204	0.00483569	0.0159621	0.0564036	0.0169323	0.0232563	0.0403914	0.0084539	0.00833804
141	0.0511454	0.059409	0.0145638	0.0382442	0.0133764	0.0193686	0.0143594	0.0336691	0.185969	0.0532039	0.0260768	0.0332302	0.0108393	0.0649066	0.247619	0.0419793	0.0293561	0.0485636	0.005693	0.00842775
142	0.0352108	0.0320579	0.00434488	0.0234551	0.229208	0.00618415	0.0129604	0.0214924	0.0268576	0.0293677	0.0371729	0.0130991	0.00971917	0.0156423	0.0145477	0.0355815	0.0162809	0.0253347	0.0250896	0.386393
143	0.0771709	0.00242723	0.0841409	0.233987	0.00441452	0.0299225	0.0230383	0.0162316	0.121678	0.0247089	0.0131677	0.0556416	0.00506394	0.102297	0.0729967	0.0500046	0.0541171	0.0230162	0.00157221	0.0044028
144	0.0243458	0.00335824	0.00498367	0.00633282	0.0194752	0.00651511	0.0022475	0.412225	0.00581012	0.180676	0.0987245	0.00504897	0.00595149	0.00598022	0.00807824	0.0107819	0.0260544	0.167507	0.00371316	0.00219075
145	0.00209628	0.00471912	0.0122141	0.0146957	0.00111952	0.00142781	0.00972214	0.00753234	0.375331	0.0304751	0.0159745	0.0106105	0.000622368	0.0346479	0.406871	0.0364954	0.0201881	0.0131077	0.00152868	0.000621502
146	0.082174	0.000908305	0.114897	0.274643	0.00233772	0.030782	0.0228915	0.0104228	0.0839898	0.0178165	0.00951724	0.0713082	0.00614732	0.104215	0.0411034	0.0492754	0.05642	0.0177466	0.000307469	0.00309587
147	0.0119241	0.00372985	0.00312095	0.00394129	0.0195837	0.00432021	0.0023808	0.473623	0.00391269	0.150107	0.138043	0.00396675	0.00259321	0.00291984	0.00554628	0.00632923	0.0176087	0.141418	0.00372534	0.00120665
148	0.0722641	0.00099084	0.0270311	0.0673147	0.0083293	0.00641593	0.0421591	0.0809707	0.0829234	0.0594059	0.0378551	0.0525063	0.00318951	0.0994419	0.0497305	0.0712321	0.137334	0.0973367	0.000624956	0.00294342
149	0.106971	0.00885736	0.00352461	0.00460837	0.022435	0.0165401	0.0038426	0.239488	0.00689668	0.116739	0.090685	0.00710046	0.117723	0.0056359	0.0136626	0.0101852	0.0152165	0.203122	0.00403242	0.00273449
150	0.0686373	0.0119489	0.0881007	0.0703845	0.0131466	0.0298545	0.0188539	0.0278468	0.0451155	0.0935744	0.0195004	0.0481105	0.142691	0.0432627	0.0399506	0.122902	0.0519587	0.0454458	0.00523347	0.0134821
151	0.0829312	0.000623854	0.0205088	0.0972168	0.00148306	0.0309613	0.0463531	0.020424	0.0985988	0.028615	0.00921923	0.0754373	0.0269804	0.109474	0.0789612	0.124756	0.113587	0.0296121	0.00135381	0.00290386
152	0.0517954	0.00551928	0.0357657	0.130271	0.00716954	0.013922	0.024562	0.0287385	0.152139	0.0421589	0.0355529	0.0437898	0.0029577	0.153159	0.133446	0.0473743	0.0543497	0.0318566	0.00140159	0.00407131
153	0.33663	0.0109024	0.00483226	0.00860174	0.00991807	0.0223286	0.00578646	0.0975477	0.0150552	0.0529762	0.0707696	0.0142717	0.0184354	0.0110169	0.0278117	0.0340351	0.0334413	0.215648	0.00305635	0.0069346
154	0.115217	0.000991309	0.0967231	0.259441	0.00299314	0.0277778	0.0240479	0.0127374	0.0790267	0.0190875	0.00951198	0.0483626	0.00704174	0.0941516	0.0411741	0.0671921	0.0711084	0.0194447	0.000853668	0.00311678
155	0.511212	0.00759994	0.00984445	0.0283288	0.00542656	0.032731	0.00803155	0.0159283	0.0212303	0.0152064	0.0083708	0.0216995	0.0130095	0.017647	0.01716	0.176929	0.0345999	0.042681	0.00196919	0.0103947
156	0.0742426	0.00554683	0.0586437	0.188926	0.0123548	0.0268616	0.0248891	0.0731482	0.0700329	0.0487226	0.0258791	0.0431649	0.00826758	0.0708298	0.049522	0.0488651	0.0543007	0.102557	0.00346664	0.00977912
157	0.0614559	0.00436199	0.058285	0.170596	0.00626931	0.0258329	0.0233376	0.0228629	0.149394	0.0314588	0.0166775	0.0424326	0.00529974	0.0977233	0.144598	0.0520219	0.0514082	0.027275	0.00226523	0.00644382
158	0.00209564	0.00449857	0.0125649	0.0146757	0.00108338	0.00152515	0.00940042	0.00771136	0.372486	0.0300388	0.0161555	0.0103751	0.000610535	0.0343327	0.409185	0.0375336	0.0204456	0.0131828	0.00148665	0.00061316
159	0.0617953	0.00616318	0.0331052	0.0844938	0.00577673	0.0958283	0.0208871	0.015571	0.183503	0.0316117	0.0148728	0.0531947	0.00953144	0.0644849	0.148798	0.0977976	0.0418578	0.0227633	0.00312922	0.00483456
160	0.0425653	0.00659963	0.0193965	0.0472964	0.00929582	0.0196271	0.0178381	0.0296094	0.242979	0.0436747	0.0237739	0.0255528	0.00487016	0.0619229	0.279219	0.0481029	0.0340796	0.034405	0.00361871	0.00557268
161	0.146319	0.00705453	0.0255245	0.106676	0.0324604	0.0314202	0.0210947	0.0238111	0.122461	0.0348872	0.0175343	0.030062	0.00888234	0.0807898	0.134797	0.0904999	0.0427181	0.0318721	0.00339599	0.00774129
162	0.0891949	0.000871073	0.0671611	0.191754	0.00252692	0.0284243	0.0335953	0.0201721	0.0650407	0.033575	0.0201016	0.0599374	0.00616063	0.122958	0.0409564	0.0977845	0.085831	0.0306645	0.000406812	0.0028836
163	0.00473083	0.0113077	0.00107366	0.00286854	0.0122663	0.00103776	0.000992253	0.670005	0.00126778	0.0122412	0.00708427	0.00368196	0.000606373	0.0021308	0.00233817	0.0037494	0.0046511	0.256815	0.000476293	0.000675103
164	0.0554571	0.0102762	0.0115451	0.0221814	0.0131205	0.0165055	0.0173276	0.0468924	0.0442892	0.234765	0.0426893	0.0334551	0.0106541	0.0326584	0.0856167	0.150229	0.046585	0.111566	0.00511471	0.00907113
165	0.0845145	0.000501423	0.12982	0.313073	0.00184841	0.0306668	0.0225178	0.0123281	0.0684806	0.017437	0.0113308	0.0471348	0.00439385	0.10038	0.0400958	0.040652	0.0558794	0.0156505	0.00028738	0.00300792
166	0.124501	0.00307452	0.0930372	0.198871	0.00516353	0.0410922	0.0207642	0.0183382	0.0615902	0.0415587	0.0135767	0.0474463	0.00901526	0.076589	0.0384436	0.120027	0.0555429	0.0252038	0.00125795	0.00490681
167	0.0775067	0.00449136	0.0755153	0.214229	0.00942386	0.0315977	0.024552	0.0211661	0.0688526	0.0323395	0.0161934	0.0566289	0.0749549	0.0746335	0.0454004	0.0642395	0.0641654	0.0314457	0.00366525	0.00899881
168	0.0781893	0.016572	0.0136389	0.0270564	0.0399869	0.15466	0.0113133	0.196014	0.0279638	0.0777363	0.0466216	0.0248444	0.0152991	0.0245636	0.0330144	0.0458079	0.0336289	0.12032	0.00520946	0.00755932
169	0.0698941	0.00179344	0.0294556	0.0751119	0.00950951	0.00334637	0.0378924	0.0830857	0.0987693	0.0641006	0.0382031	0.0430767	0.000907154	0.108556	0.058426	0.0515789	0.117662	0.105098	0.000648584	0.00288399
170	0.00266503	0.00388149	0.0113068	0.0260062	0.00236377	0.00151268	0.0145335	0.00803378	0.390161	0.0391382	0.0318748	0.0158144	0.000660173	0.0633014	0.321767	0.0344799	0.0159445	0.0131647	0.00264728	0.000743397
171	0.0932679	0.000248596	0.119098	0.302428	0.00178513	0.0293924	0.0214802	0.0102328	0.0748069	0.0171894	0.00894362	0.0503308	0.00405571	0.104462	0.038838	0.0443868	0.0602853	0.0158409	0.000185815	0.00274148
172	0.525253	0.00227251	0.00102254	0.00677421	0.00097605	0.015415	0.0026465	0.00687544	0.0126165	0.00246496	0.00166708	0.00394338	0.0114164	0.00768234	0.00924092	0.344113	0.0167407	0.0165518	0.000623392	0.0117051
173	0.093768	0.000194358	0.11867	0.302058	0.00180347	0.0292399	0.0214689	0.00989723	0.0765832	0.0169975	0.00857427	0.05149	0.00408397	0.102354	0.0383636	0.0451314	0.060386	0.0160103	0.000165294	0.00276129
174	0.0159519	0.00215862	0.0037366	0.0701932	0.0159859	0.0030254	0.0323532	0.391265	0.0267133	0.0774407	0.0113649	0.00581197	0.00179225	0.0107093	0.0665323	0.00669583	0.0145297	0.230555	0.00334111	0.00984342
175	0.0532308	0.0164618	0.0105759	0.0230178	0.00373875	0.0225048	0.011175	0.00924343	0.0414623	0.0755655	0.00734228	0.469153	0.00293552	0.0529733	0.0267221	0.136031	0.0216949	0.0118946	0.00148421	0.00279361
176	0.0146756	0.0020326	0.00261987	0.0817366	0.0139651	0.00321028	0.0331432	0.377817	0.031435	0.0683691	0.00786391	0.00485639	0.0017801	0.00990694	0.0931683	0.00647598	0.0103597	0.222569	0.00335091	0.0106645
177	0.564275	0.00321303	0.00161498	0.00912367	0.00100802	0.0387869	0.00341814	0.00296722	0.0133417	0.00168623	0.00158581	0.0098869	0.00538651	0.00627271	0.00822758	0.267306	0.0316936	0.0223217	0.000317427	0.0075663
178	0.0885897	0.000298536	0.118348	0.309621	0.00191656	0.0295159	0.0210044	0.0112024	0.0741746	0.0182741	0.0104408	0.0491827	0.00418042	0.101877	0.0389733	0.043136	0.0595719	0.01667	0.000215349	0.00280717
179	0.18961	0.00649135	0.0313468	0.0675319	0.00737444	0.149055	0.0143056	0.0221899	0.0557395	0.0269115	0.0131931	0.0434421	0.00932514	0.0389955	0.077083	0.155941	0.049137	0.0320066	0.00347801	0.0068418
180	0.0292	0.00884456	0.0181956	0.0915719	0.00544306	0.00661811	0.0247806	0.0236168	0.25183	0.0426702	0.0233337	0.0382393	0.00114216	0.156735	0.157202	0.0390083	0.0400432	0.0383871	0.00133207	0.00180586
181	0.0030716	0.00811766	0.0103185	0.0137173	0.00135308	0.00205434	0.0107645	0.00728736	0.418768	0.0268434	0.0157733	0.010117	0.000897989	0.0330708	0.375361	0.0308783	0.0173236	0.0117448	0.00177571	0.000761172
182	0.0439484	0.014922	0.0114349	0.0822878	0.00612406	0.00784002	0.0179953	0.0394962	0.149595	0.0434764	0.0294373	0.0546076	0.00154354	0.201992	0.182155	0.0402444	0.0423282	0.0270672	0.00116511	0.00234027
183	0.512538	0.0021105	0.00103482	0.00674902	0.00113275	0.0138393	0.00279937	0.00788923	0.0133499	0.00276965	0.00176655	0.00402794	0.0129681	0.00845376	0.00893694	0.355909	0.0161908	0.0155323	0.000693747	0.0113091
184	0.0517762	0.00510617	0.0194552	0.0922049	0.00916004	0.00645264	0.0289858	0.0533379	0.144448	0.0512034	0.0293308	0.0375076	0.000784025	0.160294	0.114046	0.0464747	0.0807721	0.0652027	0.000712284	0.00274558
185	0.0260164	0.00442701	0.0076828	0.043714	0.0107416	0.00370599	0.0180427	0.456967	0.0210947	0.0413825	0.0159535	0.013368	0.00220157	0.0272565	0.029337	0.0140326	0.0473772	0.211147	0.0016316	0.00392027
186	0.0521521	0.0650553	0.0210591	0.0259036	0.0194872	0.0246037	0.0141329	0.0371179	0.0457422	0.148003	0.0315163	0.232093	0.0134393	0.0476598	0.0431883	0.0735476	0.0310738	0.057422	0.00480502	0.0119983
187	0.0936281	0.000249889	0.117321	0.298834	0.00184139	0.02885	0.0216769	0.0106443	0.0770951	0.0175775	0.00883197	0.0513348	0.00401859	0.102997	0.0388825	0.0453563	0.0609955	0.0169775	0.000169891	0.00271841
188	0.570513	0.00316517	0.00136462	0.00846633	0.000787727	0.0210129	0.00326209	0.004682	0.0120401	0.00208063	0.00128646	0.00505235	0.00810757	0.00610947	0.00750838	0.290421	0.0218486	0.0222607	0.000428353	0.00960245
189	0.0858837	0.000581756	0.118593	0.29372	0.00249116	0.029675	0.0221043	0.0122007	0.076762	0.018897	0.0102699	0.0504018	0.00487658	0.107517	0.0412384	0.0436346	0.0586732	0.0187347	0.00052581	0.00321881
190	0.00311212	0.00372458	0.00996948	0.0284749	0.00274922	0.00181101	0.0149876	0.00808575	0.386788	0.038344	0.0401647	0.0147582	0.00069586	0.0712594	0.314466	0.0301931	0.0139493	0.0121965	0.0032007	0.00106926
191	0.115194	0.00286114	0.0103259	0.0656006	0.023716	0.00669364	0.0152166	0.0902722	0.0297221	0.0631789	0.0722013	0.0205751	0.00253576	0.140869	0.0574454	0.10216	0.126718	0.0312224	0.00178678	0.0217052
192	0.0922107	0.000215721	0.119599	0.30673	0.00179259	0.0294686	0.0211761	0.0100491	0.0754089	0.0170502	0.00890835	0.0508281	0.00410416	0.101641	0.038073	0.0441073	0.0598974	0.0157726	0.000181047	0.0027856
193	0.0617949	0.00406352	0.0208964	0.11634	0.00402069	0.0186266	0.0293572	0.0229381	0.15247	0.037085	0.0130442	0.0438659	0.0105468	0.161425	0.127987	0.0663304	0.0717344	0.0342603	0.000936021	0.00227665
