208	20
1	0.0261478	0.00471676	0.000188992	0.000209254	0.0223324	0.00186374	0.000468259	0.407322	0.000189105	0.148283	0.010333	0.000342711	0.00116222	0.000980738	0.000217251	0.00145499	0.0105874	0.362309	0.00024183	0.000649569
2	0.0758277	0.00272717	0.0699374	0.104911	0.00746685	0.221568	0.0196668	0.020796	0.138441	0.0191627	0.0107768	0.083353	0.0243139	0.0272828	0.030561	0.0775562	0.0381877	0.0211743	0.00133462	0.00495437
3	0.115062	0.00215106	0.00923294	0.0288502	0.00490531	0.112692	0.00851875	0.0249287	0.0601804	0.0189292	0.0113171	0.0896036	0.215648	0.0887332	0.0162315	0.0824684	0.0693515	0.0348221	0.00134662	0.00502754
4	0.110849	0.00126139	0.0212819	0.102025	0.00288338	0.0232178	0.0112346	0.0303226	0.363168	0.0128577	0.0123147	0.0289063	0.0400073	0.0303223	0.0763498	0.0635763	0.0263091	0.0387971	0.000651595	0.00366381
5	0.0670811	0.000575938	0.211785	0.189691	0.00657898	0.0674834	0.0172433	0.0124353	0.0386934	0.0123861	0.00400728	0.129506	0.00654065	0.0483782	0.00751227	0.101922	0.057881	0.0141796	0.000199854	0.00591908
6	0.0692934	0.00320127	0.0766908	0.0760212	0.00777046	0.0600153	0.0120237	0.0234405	0.103944	0.0233909	0.0168635	0.154365	0.0272472	0.0334532	0.0277009	0.151625	0.0982385	0.0273295	0.00168928	0.00569682
7	0.00815452	0.00145491	0.00021428	0.000223441	0.0130429	0.00129143	0.000367421	0.523581	0.000288247	0.082407	0.00985495	0.000459932	0.00281065	0.00330273	0.000298699	0.0016262	0.0100712	0.339198	0.000558577	0.000793867
8	0.107615	0.00338694	0.00147524	0.0726336	0.0519341	0.0305589	0.00373663	0.0609118	0.0183581	0.0340414	0.0421917	0.00452631	0.00277232	0.0224798	0.00206761	0.0919856	0.335409	0.0525269	0.0195059	0.0418832
9	0.0294449	0.00624944	0.00246312	0.00315287	0.0114412	0.0153569	0.480547	0.0252422	0.00280151	0.0219062	0.01429	0.178448	0.00496071	0.00476628	0.00301417	0.0474174	0.0524876	0.0868076	0.00328498	0.005918
10	0.136208	0.17813	0.00427284	0.0043733	0.0415191	0.0770897	0.00617976	0.0998635	0.00522321	0.0977954	0.0628665	0.0117933	0.0111121	0.00864726	0.00726326	0.0689041	0.0574616	0.0961953	0.00849005	0.0166114
11	0.134676	0.0152021	0.00221693	0.00137938	0.0270213	0.0274147	0.00155261	0.180301	0.00142289	0.134206	0.16488	0.00368429	0.00473881	0.00448756	0.00185331	0.0289742	0.0523794	0.20311	0.00279868	0.00770104
12	0.124705	0.015911	0.0123462	0.016685	0.0302349	0.0640121	0.00931319	0.0623946	0.01122	0.0573225	0.0329394	0.0317749	0.00887457	0.0138453	0.00893097	0.118723	0.287878	0.0736773	0.00564398	0.0135682
13	0.0748607	0.0113277	0.0143304	0.0272558	0.0210785	0.0436941	0.0155436	0.0537786	0.141096	0.0476259	0.0300705	0.0257684	0.0138209	0.0338129	0.269453	0.0491571	0.0489729	0.0592457	0.00618064	0.0129267
14	0.0357404	0.00596031	0.000546215	0.00046041	0.0463837	0.0071923	0.000628878	0.289523	0.000584772	0.285698	0.0298126	0.00117901	0.00378759	0.00134974	0.000562559	0.00682369	0.0174164	0.262016	0.00173387	0.00259991
15	0.0685135	0.012775	0.0122084	0.02605	0.0274767	0.0363957	0.0202825	0.0528392	0.126139	0.0478323	0.0320095	0.0250663	0.0176453	0.0436134	0.263689	0.0523385	0.0483073	0.0561432	0.00806287	0.0226119
16	0.0146949	0.0086949	0.000150535	0.000185212	0.155267	0.00512025	0.00119387	0.222899	0.000186243	0.374693	0.0464233	0.000413036	0.000521899	0.000265234	0.000598283	0.00359479	0.0114306	0.144987	0.00059508	0.00808593
17	0.0715354	0.00203425	0.0395825	0.0234962	0.00397666	0.0371189	0.00107671	0.0833269	0.071004	0.0174248	0.0146429	0.0527259	0.00151857	0.0335361	0.0299115	0.0432082	0.16612	0.294974	0.00091561	0.011871
18	0.0239714	0.0020893	0.000707418	0.000819729	0.0060544	0.00664336	0.000841299	0.0972675	0.000711765	0.552857	0.016946	0.00194991	0.0115291	0.00144646	0.00086143	0.00591874	0.0175133	0.249244	0.000855712	0.00177209
19	0.0658025	0.00268251	0.148391	0.188642	0.00931182	0.0553368	0.0363362	0.0206826	0.0519311	0.0222298	0.0126351	0.0983137	0.0142683	0.0886538	0.0138576	0.0824618	0.0533979	0.0238529	0.00270419	0.00850871
20	0.00851492	0.00144659	0.000187541	0.000212851	0.0142042	0.00122204	0.000350963	0.509779	0.000276962	0.084875	0.00920898	0.000474004	0.00306873	0.0026795	0.000280683	0.00155544	0.00958898	0.350682	0.000561385	0.000830301
21	0.0116661	0.00223884	0.000212871	0.00024284	0.0122972	0.00237802	0.00038974	0.519576	0.000280401	0.0787507	0.0108196	0.000518147	0.00264969	0.00289867	0.000278429	0.00257402	0.0121603	0.338963	0.00035925	0.000745411
22	0.021261	0.00577031	0.000163463	0.000133817	0.113774	0.00591273	0.000186944	0.33098	0.000141509	0.310222	0.013867	0.000372321	0.00248669	0.000228928	0.0020278	0.00201517	0.00755707	0.176347	0.004271	0.00228098
23	0.176646	0.0153155	0.0406253	0.0276809	0.00892535	0.471153	0.00432511	0.0114234	0.00861513	0.0131815	0.00968886	0.0221606	0.00505049	0.0088519	0.00571622	0.09921	0.0358222	0.0266907	0.000611753	0.00830597
24	0.121914	0.00235238	0.000890461	0.00840302	0.00473916	0.0410367	0.00192579	0.024453	0.031876	0.0139403	0.00916357	0.0886763	0.307607	0.116111	0.00297348	0.0768698	0.0948196	0.0458765	0.00100174	0.00536963
25	0.0701133	0.000638601	0.196889	0.180253	0.00606954	0.0758803	0.0201783	0.0119333	0.0375482	0.0128227	0.00396054	0.137286	0.0102519	0.0484977	0.00938893	0.0990842	0.0603879	0.0131856	0.000224018	0.00540703
26	0.137097	0.0416243	0.00231455	0.00244704	0.0173733	0.0230117	0.00344876	0.0926528	0.00204001	0.0929003	0.0288897	0.00524301	0.00450293	0.00680998	0.00309541	0.061015	0.0356806	0.418627	0.00924642	0.0119803
27	0.0721089	0.000849252	0.189367	0.178232	0.00595108	0.0766852	0.0208839	0.0119587	0.0359262	0.0137677	0.00407519	0.139919	0.0126914	0.0485395	0.0102131	0.0985581	0.0617509	0.0129938	0.000258525	0.00527051
28	0.0481647	0.000804579	0.028513	0.0712549	0.00176961	0.00486062	0.00923412	0.0201483	0.462346	0.0119122	0.00673164	0.0239103	0.00652272	0.074648	0.123421	0.0301364	0.0337739	0.0330313	0.000440027	0.00837652
29	0.114604	0.0284495	0.00137874	0.0014206	0.0508107	0.00958818	0.00187291	0.153428	0.00135081	0.102558	0.0196908	0.00267798	0.0035254	0.00232252	0.00175753	0.0152573	0.0221802	0.354471	0.0447989	0.0678557
30	0.0811948	0.0170535	0.00112166	0.00406091	0.140649	0.0220325	0.0935044	0.0383745	0.00119397	0.0110576	0.0132419	0.0030006	0.00257645	0.00227736	0.0154692	0.0233326	0.0505027	0.0498387	0.0327802	0.396738
31	0.0150658	0.00866249	0.000178355	0.00021587	0.161656	0.00533278	0.00127461	0.22168	0.000286257	0.369211	0.0456369	0.000461215	0.000531496	0.000284599	0.000633604	0.00369854	0.0110733	0.14236	0.00112078	0.0106368
32	0.535382	0.031907	0.000234592	0.00028279	0.00285355	0.0909811	0.000351114	0.00829747	0.00028767	0.00255056	0.00864142	0.000597471	0.000652372	0.00316943	0.000317978	0.230567	0.0538873	0.0281556	0.000290065	0.000593525
33	0.0677068	0.000579114	0.2087	0.186957	0.00644571	0.0699357	0.0179728	0.0123598	0.0383551	0.0124331	0.0039693	0.130649	0.00739823	0.0481711	0.00787412	0.101795	0.0587349	0.0139661	0.000201984	0.00579504
34	0.076587	0.0197807	0.000601258	0.000542574	0.00675858	0.0161597	0.000832674	0.468189	0.000575904	0.0590815	0.0185545	0.00123787	0.00106126	0.00178515	0.000638998	0.0297283	0.0434329	0.251824	0.000602687	0.00202534
35	0.0215928	0.00750492	0.000517332	0.00045198	0.180866	0.00612076	0.00230378	0.182253	0.00116309	0.337465	0.0819656	0.00151917	0.0024096	0.000612567	0.000594784	0.00947003	0.0186977	0.110776	0.00347853	0.0302363
36	0.0592606	0.00836233	0.001703	0.00202257	0.021316	0.0254398	0.00184101	0.253061	0.000964505	0.0590597	0.0865292	0.00469204	0.00262237	0.0300858	0.00130072	0.0735597	0.105281	0.257804	0.00136625	0.003728
37	0.091559	0.00381668	0.0139484	0.0645741	0.00768612	0.0442348	0.00563328	0.0282906	0.0247604	0.0506268	0.0258668	0.0379691	0.258844	0.135959	0.0102075	0.113325	0.0431593	0.0293896	0.001482	0.00866676
38	0.0122581	0.010143	0.00015756	0.000202176	0.0742281	0.00388964	0.000332314	0.271083	0.00021044	0.405674	0.0636235	0.0018045	0.000789709	0.000353556	0.000401767	0.00311628	0.0156216	0.133911	0.000237238	0.00196233
39	0.0108926	0.00373141	0.000235739	0.000260149	0.0274779	0.00375644	0.0002802	0.298258	0.000360277	0.413522	0.0799047	0.00260224	0.000925589	0.000365079	0.000342892	0.00248851	0.0170731	0.134473	0.000278578	0.00277168
40	0.0889807	0.00675383	0.00294047	0.008474	0.041694	0.0962032	0.00405094	0.0660124	0.00631638	0.0442062	0.0159789	0.0162531	0.329266	0.0223884	0.00618043	0.0947723	0.0356925	0.0370716	0.00455693	0.0722074
41	0.419522	0.00461887	0.016931	0.00106331	0.00837139	0.109091	0.00156081	0.0840383	0.00151971	0.111002	0.0425824	0.00316654	0.0207439	0.0182817	0.00139764	0.0147313	0.0133262	0.121971	0.00172248	0.00435975
42	0.0137552	0.00768086	0.000155344	0.000179723	0.113567	0.00463734	0.000619168	0.247402	0.000184696	0.397651	0.0503443	0.00096921	0.000720716	0.000241755	0.00047582	0.00303971	0.0130302	0.140687	0.00046523	0.0041938
43	0.083703	0.0142161	0.000992211	0.000492387	0.00948511	0.0143124	0.000940725	0.432293	0.000518115	0.0691348	0.03332	0.00104734	0.000929192	0.00295923	0.000624158	0.0331522	0.0470842	0.251766	0.000479852	0.00255043
44	0.298666	0.0196065	0.00278713	0.000341492	0.0120676	0.445915	0.000314668	0.0102577	0.00030598	0.0125478	0.0111286	0.00239329	0.00210214	0.00154901	0.00222643	0.0957752	0.0453397	0.0305551	0.00153891	0.00458168
45	0.434407	0.0387338	0.00178118	0.000263965	0.0042753	0.193419	0.000292693	0.00837568	0.000283368	0.00381119	0.0118085	0.000728446	0.00272492	0.00307798	0.0016303	0.190074	0.055865	0.0426105	0.00030939	0.0055266
46	0.223369	0.0166109	0.00444186	0.00142709	0.00740197	0.521712	0.00058488	0.00745359	0.00066545	0.00870222	0.00948608	0.00536687	0.00398047	0.00217738	0.00364078	0.114442	0.0351912	0.0259942	0.00141789	0.00593396
47	0.00998931	0.00366777	0.000198066	0.000287087	0.0267791	0.00339952	0.00030896	0.293921	0.000237313	0.424405	0.0820971	0.00279392	0.000948082	0.000419556	0.000315235	0.0022463	0.0175107	0.12706	0.000226217	0.00318972
48	0.0229055	0.0134856	0.000126745	0.000156914	0.119756	0.00621077	0.000217078	0.275043	0.000186415	0.338788	0.0302804	0.000442496	0.00137914	0.000269059	0.000740617	0.00549958	0.0160667	0.16582	0.00109988	0.00152609
49	0.103951	0.00616157	0.00187471	0.00458645	0.0117331	0.0574741	0.00469503	0.0288109	0.064568	0.141574	0.158637	0.0819755	0.00914279	0.0785539	0.0621609	0.084686	0.0672892	0.0237493	0.00246595	0.00591065
50	0.300413	0.0161361	0.0027396	0.000527969	0.0173112	0.377542	0.000700545	0.0276941	0.000580496	0.0392722	0.031076	0.00427117	0.00349851	0.00188396	0.00174031	0.0645728	0.0441119	0.0532163	0.00567599	0.00703527
51	0.0186137	0.00495157	0.000149801	0.000142185	0.110594	0.00614031	0.000167328	0.344575	0.000152225	0.310583	0.0113245	0.000390454	0.00301002	0.000237289	0.00150281	0.00192817	0.00677932	0.171169	0.00506957	0.00252015
52	0.126977	0.0502746	0.00214007	0.00215114	0.0329217	0.0585893	0.0242014	0.140318	0.00295155	0.135564	0.0417114	0.112016	0.0067692	0.00418221	0.0551621	0.0618045	0.114334	0.0208288	0.00219683	0.00490688
53	0.185593	0.00246606	0.00120648	0.0359448	0.0127525	0.169985	0.00277687	0.0255021	0.0152319	0.0369089	0.0326359	0.0765689	0.0391695	0.0140637	0.0114312	0.236491	0.0634031	0.0253526	0.00442246	0.00809413
54	0.0456873	0.00336235	0.000222896	0.000195114	0.0445992	0.0172201	0.000294624	0.268609	0.000199929	0.356016	0.0425502	0.000652741	0.00436244	0.000293572	0.000337662	0.00612413	0.018889	0.189074	0.000388959	0.000920663
55	0.190164	0.0026311	0.000635562	0.000642169	0.0552107	0.0539531	0.000687176	0.159647	0.000804396	0.0702257	0.0548203	0.00127737	0.0996866	0.00113763	0.000737047	0.0262093	0.0372933	0.183866	0.0585189	0.00185237
56	0.0190541	0.00505001	0.000618113	0.000620086	0.487203	0.0129865	0.0019884	0.0711902	0.00855902	0.15358	0.0397933	0.00139135	0.00230408	0.00128023	0.000881523	0.0178073	0.00653432	0.0325596	0.00637603	0.130223
57	0.181244	0.00365064	0.00123967	0.00762024	0.112128	0.0387138	0.0197232	0.0773285	0.00295943	0.0363779	0.0242829	0.0173728	0.00266291	0.00391707	0.00167907	0.0493855	0.222464	0.0668991	0.0194678	0.110883
58	0.027357	0.00440469	0.000838416	0.000870042	0.548531	0.0222023	0.00105149	0.0551408	0.00646557	0.086254	0.015075	0.00202615	0.00614849	0.00165458	0.00135901	0.0329362	0.00784326	0.0172423	0.00395329	0.158646
59	0.0267056	0.0095093	0.000368951	0.000453846	0.144412	0.00376966	0.00180152	0.090586	0.000733947	0.458575	0.122942	0.00144101	0.00783378	0.000792301	0.000756789	0.0184173	0.0370302	0.0529672	0.00213949	0.0187653
60	0.119646	0.00223162	0.00087731	0.00862826	0.00474544	0.0453678	0.00169095	0.026309	0.0275208	0.0137382	0.008904	0.0877419	0.328352	0.103056	0.00316255	0.0793625	0.0845396	0.0467658	0.000963197	0.00639658
61	0.10412	0.0128345	0.000305747	0.000240441	0.0460878	0.0138674	0.000415053	0.356129	0.000328395	0.137902	0.0287464	0.000622923	0.000585079	0.00071352	0.00037918	0.00760672	0.0149296	0.272165	0.000265167	0.00175443
62	0.0257863	0.00687628	0.000393203	0.000510373	0.23714	0.00970111	0.00381025	0.138576	0.00237374	0.305442	0.0792636	0.00101778	0.00120767	0.000770938	0.000534941	0.00728534	0.00902451	0.0718757	0.0121963	0.0862137
63	0.0158111	0.00303872	0.000187167	0.000209735	0.0171109	0.00140992	0.000469174	0.434234	0.000203825	0.135694	0.00947686	0.000372992	0.00153565	0.00120486	0.000226029	0.00162363	0.0113696	0.364735	0.000362936	0.000723288
64	0.291681	0.0284906	0.00375332	0.000267792	0.0111471	0.458293	0.000302568	0.00545871	0.000286709	0.00863138	0.0112136	0.00251706	0.00346104	0.00178816	0.00304418	0.0925367	0.0321942	0.035616	0.000446206	0.00887064
65	0.0542027	0.00670781	0.00126616	0.0143905	0.187119	0.0095802	0.0429566	0.0913198	0.000913561	0.0147967	0.0363992	0.00325969	0.00235394	0.00399524	0.00477633	0.0102961	0.0161903	0.123393	0.0878064	0.288277
66	0.0777814	0.00233446	0.00780074	0.0111186	0.00470194	0.0702256	0.0301136	0.0100743	0.00501242	0.0177436	0.00558626	0.087999	0.00243256	0.033819	0.0392298	0.308983	0.255334	0.025908	0.00116191	0.00263965
67	0.572226	0.0289589	0.000309855	0.000416074	0.00366348	0.0672068	0.000488231	0.00865283	0.00035324	0.00374386	0.00987433	0.000915094	0.000905556	0.00348221	0.000642503	0.187669	0.0853017	0.023836	0.000488107	0.00086649
68	0.514343	0.0356489	0.000203787	0.000248045	0.00686208	0.0818885	0.000573568	0.0183326	0.00025507	0.00746768	0.0297186	0.00127857	0.000803669	0.00704898	0.00041593	0.175424	0.073252	0.0441312	0.000255683	0.00184811
69	0.0386356	0.00095955	0.0208465	0.0567954	0.00199324	0.0041558	0.00752601	0.0191136	0.499189	0.0162936	0.0057085	0.0223732	0.00403034	0.0696134	0.139972	0.0243619	0.0316487	0.0292941	0.000502616	0.0069873
70	0.0547959	0.000780351	0.0244622	0.0760072	0.00170683	0.0065581	0.0105843	0.0220189	0.448681	0.0115239	0.00799621	0.0247046	0.00991007	0.0682939	0.119714	0.0333234	0.032352	0.0388093	0.000375619	0.00740222
71	0.0262952	0.01256	0.000732279	0.000565155	0.327259	0.012281	0.00325461	0.111765	0.00434502	0.23463	0.0629776	0.00151369	0.00198308	0.00107915	0.000811883	0.0120343	0.0101791	0.0563142	0.0147128	0.104707
72	0.0769365	0.00265326	0.0110515	0.0677497	0.00503103	0.241157	0.024441	0.0232731	0.244807	0.0162808	0.00984613	0.0636833	0.0290341	0.0206278	0.0544741	0.0571379	0.0223966	0.0244496	0.00119228	0.00377757
73	0.277101	0.038075	0.00403748	0.000489861	0.00636971	0.315949	0.000468761	0.0143143	0.000363896	0.00866397	0.0233735	0.00215123	0.00799304	0.00226307	0.003603	0.147741	0.0609678	0.0717152	0.000448737	0.0139108
74	0.0282106	0.00357128	0.0365893	0.00364656	0.00648402	0.020275	0.00768551	0.0135302	0.0211134	0.0148966	0.0077685	0.221044	0.00284835	0.0054302	0.0268219	0.308397	0.253892	0.0134822	0.00122752	0.0030856
75	0.0684249	0.00919455	0.000678	0.00142373	0.204305	0.013319	0.00185047	0.201322	0.000585849	0.069099	0.0298599	0.00138469	0.00169857	0.00103417	0.000875017	0.0139466	0.0246171	0.181286	0.0194579	0.155638
76	0.00893472	0.00413742	0.000288407	0.000389911	0.0294526	0.00353457	0.00044779	0.279135	0.000450063	0.435264	0.0784806	0.00831802	0.00278575	0.000592139	0.000894606	0.0036913	0.0269592	0.110421	0.000366915	0.00545578
77	0.209146	0.0173466	0.0050683	0.000411747	0.00584224	0.568125	0.000242929	0.0038698	0.000274306	0.00551773	0.00711503	0.00188517	0.00254195	0.00135983	0.0036209	0.10608	0.0293505	0.0250923	0.000357224	0.00675213
78	0.31699	0.0101685	0.00257727	0.000669293	0.0204876	0.125053	0.000938564	0.146986	0.000822096	0.121468	0.103976	0.00170132	0.00583817	0.0034723	0.00100999	0.0280612	0.0183312	0.0832084	0.00117807	0.00706311
79	0.207002	0.018904	0.000748904	0.000808758	0.0495051	0.0252563	0.00105447	0.109741	0.000938423	0.140591	0.051454	0.00186461	0.0024839	0.00201677	0.00123983	0.0131027	0.0763929	0.291617	0.00148219	0.00379557
80	0.0572043	0.00283418	0.000255155	0.000277619	0.019447	0.0181471	0.000316125	0.276861	0.000222997	0.353995	0.0453567	0.000849357	0.00547934	0.000470605	0.000314476	0.00853647	0.0244737	0.182668	0.000477249	0.00181322
81	0.309622	0.0186063	0.00293816	0.000352961	0.0152985	0.477086	0.000480743	0.00696917	0.000365905	0.0127428	0.00985463	0.00686279	0.00225178	0.00191171	0.00232475	0.0692553	0.0304973	0.0253862	0.00145763	0.00573579
82	0.356786	0.0160963	0.00227262	0.000633362	0.0133831	0.170998	0.000785435	0.104952	0.000549651	0.0847892	0.0784025	0.00174091	0.00521667	0.00277683	0.000664984	0.0494771	0.0226487	0.0816326	0.00117333	0.0050212
83	0.103814	0.0280826	0.000568012	0.000430125	0.053551	0.0155242	0.000582683	0.258714	0.000623806	0.171941	0.0717423	0.00124407	0.00311664	0.00234667	0.000460024	0.0296439	0.0527168	0.185052	0.00403925	0.0158072
84	0.0359864	0.0145655	0.00050929	0.000534735	0.094014	0.00353004	0.000641909	0.0671679	0.000409162	0.498856	0.133412	0.00233145	0.0131151	0.000927248	0.00101682	0.0279257	0.0587825	0.0438221	0.000565661	0.00188648
85	0.0489676	0.0161449	0.00250561	0.000402589	0.0425492	0.0115385	0.000870929	0.233283	0.000603123	0.160922	0.0806462	0.000810049	0.00146828	0.00235349	0.000497406	0.0348904	0.0605871	0.283074	0.00234712	0.0155379
86	0.0972525	0.00788607	0.00404591	0.00228446	0.235602	0.0747788	0.00431086	0.0521636	0.00367136	0.107807	0.0149753	0.00588886	0.111063	0.00367827	0.00327768	0.0688396	0.0392097	0.0375455	0.00387524	0.121844
87	0.110307	0.00253382	0.00229391	0.0143493	0.00574291	0.0906159	0.0304787	0.014742	0.00472381	0.030916	0.0137964	0.0576968	0.0102881	0.0602936	0.0465166	0.27171	0.189358	0.0388819	0.00149485	0.00325987
88	0.243687	0.0245433	0.00501763	0.00200362	0.0107114	0.407307	0.00095422	0.00973517	0.000755593	0.010602	0.0157062	0.0055544	0.00718967	0.0104219	0.00461495	0.13868	0.0307231	0.04003	0.0021172	0.0296463
89	0.078062	0.00241732	0.00561362	0.0138799	0.00526032	0.0766388	0.030849	0.0113635	0.00392034	0.01905	0.00622265	0.0725638	0.0024477	0.0378908	0.0353345	0.300294	0.267186	0.0266364	0.00132844	0.00304074
90	0.0129197	0.00235256	0.000190022	0.000228505	0.0165332	0.00133407	0.000384475	0.461903	0.000227199	0.115494	0.0101985	0.000408512	0.00209557	0.00175305	0.000220953	0.00156902	0.0103146	0.360659	0.000483976	0.000729868
91	0.0175555	0.00483369	0.000147386	0.000138087	0.111798	0.0054871	0.000195021	0.348461	0.000153733	0.305516	0.0113424	0.000359957	0.00303737	0.000253198	0.00147538	0.00181561	0.00660703	0.172601	0.00535384	0.00286958
92	0.253554	0.00998902	0.00422824	0.00356336	0.0378375	0.124175	0.00238326	0.0849426	0.00407843	0.0918291	0.0342045	0.00840559	0.122581	0.00847053	0.00355064	0.0518255	0.0681199	0.0690681	0.00885362	0.00834016
93	0.174433	0.00955615	0.000770581	0.000834944	0.00831758	0.0133647	0.00155279	0.408536	0.000971248	0.0550977	0.042364	0.00183126	0.00184605	0.00246829	0.00120353	0.0296562	0.0369352	0.206439	0.000880143	0.00294127
94	0.00885317	0.00408157	0.00021075	0.000288137	0.0270788	0.00289345	0.000273313	0.297107	0.000283101	0.425927	0.0804836	0.0028631	0.000744846	0.000398108	0.00034139	0.00201	0.0169956	0.126031	0.000219018	0.00291739
95	0.0228136	0.0119714	0.000138477	0.000152592	0.134178	0.00757172	0.000242434	0.24199	0.000154408	0.362196	0.0342113	0.000309723	0.00103667	0.000231204	0.000632399	0.00480084	0.0161302	0.160033	0.000527657	0.000678594
96	0.361863	0.0298462	0.000671254	0.000373253	0.00410864	0.0742984	0.00172252	0.0480185	0.000259295	0.0286177	0.0601771	0.00413901	0.00285403	0.00233363	0.000480714	0.167559	0.115632	0.0934235	0.000349347	0.00327303
97	0.339073	0.0302853	0.000486728	0.000667262	0.00365768	0.106633	0.00125903	0.0443744	0.000860281	0.0182122	0.0353304	0.00270703	0.00347216	0.00185085	0.000591918	0.14735	0.103148	0.156817	0.00093685	0.00228816
98	0.0218737	0.00447508	0.00636707	0.00060593	0.0241631	0.0064599	0.00135089	0.223203	0.000562622	0.125818	0.123385	0.00135475	0.000910508	0.00261003	0.000710977	0.0330282	0.0628249	0.353829	0.000560612	0.0059063
99	0.109714	0.0061819	0.0131215	0.0527377	0.0115066	0.0553669	0.0705843	0.0356635	0.202262	0.0278731	0.019723	0.0353576	0.121335	0.0284403	0.0726499	0.0527207	0.0343066	0.0371842	0.00306459	0.010207
100	0.0670811	0.000575938	0.211785	0.189691	0.00657898	0.0674834	0.0172433	0.0124353	0.0386934	0.0123861	0.00400728	0.129506	0.00654065	0.0483782	0.00751227	0.101922	0.057881	0.0141796	0.000199854	0.00591908
101	0.299133	0.0024026	0.0215607	0.0019143	0.0241746	0.0294581	0.00221841	0.0405729	0.000895741	0.0108387	0.0871305	0.016824	0.00169538	0.00123752	0.000930464	0.220283	0.0547478	0.14811	0.00090622	0.0349664
102	0.0186583	0.00607116	0.000129944	0.000170958	0.0786258	0.00585219	0.000202524	0.286101	0.000137209	0.384317	0.0415478	0.000930309	0.00143076	0.000202932	0.000606048	0.00289759	0.0141509	0.156165	0.000722857	0.00107945
103	0.0502229	0.000815575	0.0312021	0.0738318	0.0018434	0.00631822	0.00950948	0.0202049	0.452039	0.0117247	0.00688313	0.0257176	0.0073474	0.0742783	0.119673	0.0331017	0.0337282	0.0327048	0.000436942	0.00841669
104	0.0200775	0.00673862	0.00153415	0.00103208	0.0736361	0.0296976	0.00282283	0.140408	0.00162165	0.263318	0.098894	0.0738714	0.0573667	0.00307129	0.0211748	0.0330735	0.106591	0.0588671	0.00163957	0.0045645
105	0.0188382	0.00776347	0.000136845	0.00015369	0.123748	0.00581889	0.000199873	0.311181	0.000141228	0.323644	0.0181967	0.000312598	0.00205831	0.000220551	0.0012505	0.00274954	0.0105759	0.168607	0.00291773	0.00148598
106	0.024145	0.0109811	0.000179509	0.000241592	0.139909	0.00671596	0.000269481	0.237711	0.000184361	0.347648	0.0321178	0.000362971	0.00082348	0.000344863	0.000730733	0.00442465	0.01633	0.175421	0.000470867	0.000989294
107	0.0715381	0.00209784	0.0384123	0.0229257	0.00430984	0.036273	0.00110145	0.0838654	0.0702406	0.0182902	0.0144686	0.0521641	0.00166675	0.0338557	0.0300306	0.0430858	0.165716	0.297037	0.00115014	0.01177
108	0.122311	0.00521293	0.00208431	0.0116486	0.0133941	0.133304	0.00361965	0.0302762	0.0110835	0.0239264	0.0136764	0.0258039	0.371449	0.0333395	0.00714062	0.0998889	0.0376289	0.0288293	0.00203854	0.0233437
109	0.0542977	0.00951109	0.000775329	0.000725318	0.126022	0.0042795	0.000924934	0.0472082	0.000615303	0.432017	0.128855	0.0020786	0.0154856	0.00112246	0.0010557	0.0242312	0.0952367	0.0532526	0.000639318	0.00166523
110	0.0184074	0.0121832	0.000126061	0.0001444	0.129426	0.00613951	0.000192486	0.261115	0.000142961	0.35824	0.0313653	0.000388795	0.000902518	0.000215322	0.000729737	0.00386759	0.0143017	0.161206	0.000432737	0.000474617
111	0.123279	0.0252788	0.00152464	0.00134102	0.0060208	0.012722	0.00180123	0.0321989	0.0014446	0.0130895	0.0126975	0.00378369	0.00223405	0.00179343	0.00163579	0.211072	0.4613	0.0827505	0.00131431	0.00271853
112	0.00977572	0.00492989	0.000176625	0.000242534	0.0433426	0.00315239	0.000257273	0.288368	0.000210377	0.418166	0.073723	0.00221714	0.000688214	0.000320193	0.000367297	0.00208996	0.0163787	0.133044	0.000213574	0.00233716
113	0.0494449	0.016985	0.000168759	0.000190723	0.12667	0.00935336	0.000284775	0.216333	0.000455517	0.311082	0.0424502	0.000443479	0.00345845	0.000349271	0.000405506	0.0157935	0.0389873	0.15811	0.00260407	0.00643021
114	0.0159878	0.00276117	0.00018481	0.000204426	0.0202623	0.00118344	0.00044673	0.441517	0.000190387	0.145496	0.00831051	0.000397924	0.00189786	0.00109219	0.000228214	0.00127988	0.00954341	0.34639	0.00135935	0.00126653
115	0.213764	0.0299375	0.000538754	0.000671848	0.00326301	0.0760658	0.00152546	0.0516197	0.000624252	0.0248632	0.0839017	0.0034049	0.00303063	0.00152923	0.00077373	0.156602	0.232486	0.112291	0.000808352	0.00229898
116	0.10125	0.0313876	0.000994021	0.000524164	0.144886	0.0133718	0.000522869	0.151212	0.0023968	0.189468	0.0280386	0.00106819	0.0552584	0.000834183	0.000690087	0.0308651	0.0772715	0.147551	0.00413903	0.0182701
117	0.0525615	0.00118536	0.000238226	0.00023249	0.0233727	0.0179435	0.000321074	0.271083	0.000241261	0.369304	0.0376052	0.000676928	0.00679192	0.000399361	0.000310722	0.00748623	0.0205334	0.18858	0.000462849	0.000671189
118	0.32689	0.0126313	0.00356398	0.00235611	0.0075154	0.0636962	0.00622243	0.036733	0.000900365	0.0320219	0.0634324	0.0158783	0.00345505	0.00164664	0.000714477	0.197439	0.129465	0.0818953	0.000630834	0.0129127
119	0.0136319	0.00374517	0.000283054	0.000313889	0.231146	0.00536371	0.00505733	0.154538	0.00173174	0.33406	0.0866513	0.000809811	0.000733684	0.000628773	0.000442021	0.00650814	0.00783218	0.0782664	0.00648628	0.0617718
120	0.0875903	0.0256918	0.000378	0.000343953	0.110208	0.012169	0.000523991	0.173341	0.00080732	0.23194	0.0495789	0.000797739	0.00570604	0.000629525	0.000402439	0.0325935	0.0708978	0.171334	0.00660415	0.018463
121	0.110217	0.0145277	0.000254024	0.000223602	0.0766454	0.0104468	0.000316949	0.274932	0.000307772	0.176965	0.0177385	0.00055667	0.000470057	0.000412816	0.000438212	0.00275116	0.00742842	0.303813	0.000266634	0.00128833
122	0.0229699	0.0109679	0.000148279	0.00015088	0.112676	0.00548461	0.000196001	0.303754	0.000146667	0.302529	0.0234915	0.000306842	0.00108498	0.000290088	0.000786871	0.00343815	0.0130873	0.196792	0.000937703	0.000761016
123	0.198074	0.00938058	0.0033652	0.00761092	0.0183064	0.118365	0.00939642	0.0803152	0.0112407	0.0496369	0.0945195	0.0609282	0.0348078	0.1443	0.0130526	0.0478712	0.0413038	0.0414727	0.00424347	0.0118103
124	0.0861988	0.00685109	0.00313708	0.0103744	0.0406083	0.0609735	0.00429015	0.0456247	0.00918733	0.0460812	0.0165183	0.0177388	0.38631	0.0304143	0.00611808	0.0949529	0.0394207	0.0349653	0.0031255	0.0571092
125	0.0982233	0.0118775	0.000227228	0.00018488	0.0775708	0.00924574	0.000286483	0.283665	0.000257494	0.205116	0.0167171	0.000511022	0.000881243	0.000371067	0.000536184	0.00258991	0.00734277	0.282494	0.000649328	0.00125233
126	0.218916	0.00825703	0.000845399	0.00319473	0.0420597	0.33992	0.00101525	0.0400076	0.00173866	0.0589096	0.0375738	0.0132333	0.00477425	0.00153358	0.00117388	0.100829	0.0588818	0.0323986	0.0241315	0.0106064
127	0.0521222	0.00100289	0.000232048	0.000315626	0.0179417	0.0184817	0.000387237	0.279226	0.000255154	0.370802	0.0405015	0.000829323	0.00590398	0.000431335	0.00033987	0.00745852	0.0200693	0.182518	0.0003862	0.000795344
128	0.230736	0.00393467	0.00301005	0.0244639	0.0237239	0.160725	0.00230547	0.0216612	0.00614005	0.0258412	0.0413829	0.0498288	0.0200288	0.00491462	0.00480356	0.249253	0.0676536	0.035654	0.005437	0.0185018
129	0.0670811	0.000575938	0.211785	0.189691	0.00657898	0.0674834	0.0172433	0.0124353	0.0386934	0.0123861	0.00400728	0.129506	0.00654065	0.0483782	0.00751227	0.101922	0.057881	0.0141796	0.000199854	0.00591908
130	0.219849	0.00204108	0.000728593	0.000678596	0.0202866	0.354318	0.000824101	0.0582913	0.000696148	0.0944893	0.0194777	0.0116993	0.00125331	0.00119519	0.000955654	0.0322665	0.0429416	0.0637701	0.0458819	0.0283558
131	0.0208184	0.00282197	0.000210079	0.000248239	0.028616	0.00729992	0.000284628	0.296136	0.00020244	0.393278	0.0691074	0.00173594	0.00190173	0.000306591	0.000302454	0.00314104	0.0165603	0.155095	0.000200657	0.00173322
132	0.128528	0.00272947	0.00525542	0.051757	0.00715164	0.209572	0.00791334	0.0305996	0.0243715	0.0367515	0.0191342	0.0619596	0.0937861	0.0423222	0.0334027	0.163825	0.0533596	0.0194101	0.00200831	0.00616282
133	0.18841	0.0020859	0.000623271	0.000580894	0.0588935	0.0485619	0.000775038	0.161292	0.000755716	0.0648858	0.0484737	0.00138073	0.108018	0.000928276	0.000777427	0.0237574	0.0368545	0.185444	0.0657023	0.00180026
134	0.0180789	0.00481027	0.000148989	0.000136506	0.113	0.00588383	0.000177305	0.346757	0.000158978	0.306555	0.0103796	0.000355266	0.00297425	0.000237679	0.00159019	0.00171076	0.00638882	0.172784	0.00522165	0.00265095
135	0.318315	0.0225372	0.000732965	0.000882149	0.00798961	0.199711	0.00129638	0.0351947	0.000529842	0.0283105	0.0379346	0.00434252	0.00431273	0.00164469	0.000905402	0.145569	0.10539	0.0779632	0.00242639	0.00401229
136	0.238451	0.0354948	0.00635472	0.000625442	0.00926728	0.405957	0.000395918	0.006083	0.000436905	0.00587683	0.0192323	0.00267175	0.00859926	0.00287872	0.00559426	0.139797	0.0344886	0.0540804	0.000523313	0.0231919
137	0.294596	0.00246719	0.000819007	0.000679451	0.127552	0.0938978	0.00111594	0.106557	0.000817321	0.158448	0.0552182	0.00188204	0.00229748	0.00173486	0.00119397	0.015417	0.0292876	0.0652429	0.00109541	0.0396816
138	0.0153946	0.00277517	0.000165409	0.000205483	0.0187562	0.00105633	0.000498625	0.431036	0.000197297	0.146142	0.00884022	0.000374388	0.00158131	0.00112173	0.000216593	0.00118947	0.0099624	0.358812	0.000843088	0.000832099
139	0.0191385	0.00491046	0.000276882	0.000354666	0.222404	0.00564891	0.00432324	0.163272	0.00159629	0.306016	0.0858072	0.000864375	0.000849632	0.000677086	0.000406886	0.00863208	0.0111303	0.0904275	0.00689439	0.0663706
140	0.247484	0.018459	0.00434485	0.000250233	0.00493173	0.521259	0.000284397	0.00434645	0.000202287	0.00483089	0.00610281	0.00155556	0.00161232	0.00144419	0.00300557	0.118077	0.0340038	0.0227741	0.00027472	0.00475758
141	0.326609	0.0185331	0.000942865	0.00076086	0.0589604	0.363358	0.000832975	0.0140859	0.000737842	0.0465994	0.0133427	0.00409234	0.00196785	0.00133432	0.00121129	0.0499702	0.0602685	0.0282195	0.00467678	0.00349542
142	0.0610409	0.0121497	0.00117597	0.000835308	0.232062	0.030227	0.000825348	0.125422	0.000627414	0.316505	0.0096344	0.00142377	0.00291779	0.00115781	0.000950556	0.0289057	0.105371	0.0648136	0.000999925	0.00295544
143	0.0329463	0.00386734	0.00167833	0.00428517	0.072808	0.00929683	0.157379	0.0589613	0.00183419	0.033087	0.0624767	0.0260071	0.00298151	0.265424	0.0411415	0.00979081	0.013039	0.0201998	0.0734421	0.109354
144	0.0928437	0.00476684	0.00155014	0.0536381	0.00894228	0.0385243	0.00388838	0.0279132	0.00863088	0.0689809	0.035561	0.0241599	0.251125	0.158336	0.00831364	0.139126	0.0361026	0.0276302	0.0015391	0.00842835
145	0.115502	0.0230863	0.00166485	0.000802497	0.0846987	0.0326524	0.00115686	0.13927	0.0113224	0.200472	0.0257165	0.00180404	0.107816	0.00174067	0.00101568	0.0181181	0.0473231	0.16451	0.00338435	0.0179431
146	0.039385	0.0160686	0.000668377	0.000563461	0.0934311	0.00413102	0.000803484	0.0687803	0.000486311	0.489857	0.136687	0.00199348	0.0119248	0.00096608	0.00109067	0.0291809	0.0593111	0.0419062	0.000855457	0.00191006
147	0.0597201	0.0140804	0.00347507	0.0034804	0.0311322	0.0215808	0.0358998	0.242155	0.00361365	0.143923	0.0484325	0.00963855	0.0077271	0.0094319	0.00450609	0.0298438	0.0747853	0.241514	0.00490663	0.0101536
148	0.0262176	0.00594154	0.00535362	0.000552976	0.0246234	0.00712451	0.0010156	0.229946	0.000538001	0.13224	0.115223	0.00122843	0.000885652	0.00290875	0.000752338	0.0360019	0.0587411	0.343469	0.00063509	0.00660166
149	0.0728444	0.00944829	0.00181699	0.00092706	0.163199	0.0123233	0.00188877	0.0529297	0.00106726	0.306504	0.0587329	0.00313109	0.0102275	0.00208425	0.00155519	0.0649612	0.149313	0.0803777	0.00185299	0.00481464
150	0.206942	0.0166715	0.00648864	0.00503357	0.0101079	0.514949	0.00106394	0.0130033	0.00437817	0.0171641	0.0120133	0.00739352	0.00407192	0.00319351	0.00367868	0.0993931	0.0354344	0.0295746	0.00204011	0.00740562
151	0.0122388	0.00294109	0.00109679	0.000312619	0.0254906	0.00400954	0.000424872	0.275743	0.000265745	0.366922	0.0968446	0.00211813	0.00109943	0.000393774	0.000315783	0.00628155	0.0229751	0.17772	0.000245664	0.00256106
152	0.0677854	0.00587993	0.00339401	0.0110015	0.0420615	0.0210921	0.172988	0.0491045	0.00792504	0.0396633	0.0565693	0.0260959	0.00884729	0.261456	0.0342094	0.0228893	0.0262311	0.0257294	0.0487336	0.0683439
153	0.0340611	0.0038303	0.00161187	0.00375513	0.0517237	0.00951439	0.17238	0.0509039	0.00191088	0.0379518	0.06476	0.0237725	0.00318539	0.297432	0.0417563	0.0105614	0.0130442	0.0170005	0.0680819	0.0927628
154	0.270597	0.0165238	0.000824516	0.00142144	0.00618554	0.13514	0.00156111	0.069069	0.000975754	0.0589269	0.090018	0.00633101	0.0109491	0.00163646	0.000721528	0.138253	0.0958294	0.0898252	0.00137195	0.00383888
155	0.0143215	0.0040137	0.000309669	0.00040474	0.224494	0.0051378	0.00453491	0.150208	0.00166508	0.337773	0.0934697	0.00111686	0.000993997	0.000730725	0.000455922	0.00704611	0.0107083	0.0799338	0.00590212	0.0567808
156	0.197942	0.0900666	0.00188656	0.000907035	0.0290377	0.0772672	0.00204472	0.108042	0.00105539	0.0968595	0.190291	0.00512319	0.0251296	0.00192561	0.00130185	0.0645286	0.0323304	0.0535082	0.00282742	0.0179257
157	0.535353	0.0324777	0.000280285	0.000253363	0.00293936	0.0920585	0.0003368	0.00816891	0.00026347	0.00265429	0.00896437	0.000531802	0.000680777	0.00336939	0.000354687	0.227532	0.0545273	0.0281871	0.000267726	0.000798753
158	0.0375257	0.00975769	0.0035957	0.00202254	0.0197451	0.0680127	0.00365327	0.145317	0.00298355	0.0806968	0.14214	0.100262	0.00889132	0.00773993	0.00468744	0.0615686	0.105349	0.186224	0.004138	0.00568971
159	0.157448	0.0244771	0.00112876	0.000827013	0.0287601	0.100682	0.00140411	0.237646	0.00109062	0.112608	0.125895	0.00272021	0.00478662	0.00315153	0.00111943	0.0332701	0.0333494	0.121338	0.00193092	0.00636621
160	0.478215	0.0318288	0.00106657	0.000246335	0.00493947	0.18528	0.00034821	0.00744558	0.000285764	0.0036949	0.00990423	0.00108892	0.00131711	0.0031441	0.00104963	0.189176	0.0486419	0.0290883	0.000282955	0.00295718
161	0.0685258	0.00978553	0.00639189	0.0694026	0.0242753	0.0265572	0.0114809	0.110601	0.0103767	0.0948892	0.074789	0.015061	0.022286	0.112572	0.00731867	0.0554102	0.124407	0.134707	0.00624323	0.0149202
162	0.247026	0.00382125	0.00150171	0.00114698	0.0364627	0.208499	0.00172209	0.112114	0.00139159	0.0515902	0.023081	0.00645519	0.0230361	0.00212636	0.00134648	0.0244326	0.0584988	0.142352	0.0423619	0.0110332
163	0.220767	0.0176384	0.00478391	0.000195011	0.00697856	0.563862	0.000271242	0.00398208	0.000213163	0.00598585	0.00711139	0.0019988	0.00228127	0.0011871	0.00335617	0.0980427	0.0290759	0.0258272	0.000424906	0.00601754
164	0.393533	0.0332071	0.000331493	0.000315872	0.00423627	0.0825192	0.00127498	0.0381222	0.00027216	0.0204458	0.0521068	0.00281192	0.00260667	0.0036253	0.000393892	0.165232	0.112627	0.0835768	0.000343017	0.00241842
165	0.436508	0.040171	0.000243697	0.000245323	0.00380259	0.0929334	0.000752687	0.0238521	0.000235069	0.0110874	0.0334946	0.00147144	0.00200801	0.00406499	0.000340389	0.173687	0.104901	0.0683876	0.000281708	0.00153238
166	0.0144411	0.0080562	0.00016439	0.00020651	0.163335	0.00517366	0.00150618	0.209532	0.000335102	0.386236	0.0479145	0.000436138	0.000680422	0.00031344	0.000635079	0.00393895	0.0107483	0.133738	0.00101616	0.0115932
167	0.291716	0.0219214	0.00315573	0.000262021	0.0157036	0.480768	0.000319425	0.0061387	0.000376769	0.0121268	0.00941531	0.00266791	0.00216236	0.00124692	0.00239093	0.0755952	0.0413059	0.0266806	0.000685494	0.00536033
168	0.0986549	0.0222911	0.000621245	0.000354384	0.0460847	0.0114179	0.000512951	0.262598	0.000441707	0.16029	0.0447442	0.000731724	0.00124371	0.00183141	0.000401685	0.0219394	0.0385634	0.272784	0.00223573	0.0122582
169	0.00975741	0.00208095	0.000237903	0.000248614	0.0122926	0.00186376	0.000463383	0.52056	0.000299785	0.0764372	0.00974865	0.000515031	0.00273146	0.00298854	0.000327899	0.00247418	0.0117667	0.344052	0.000391048	0.00076331
170	0.120555	0.0147364	0.00336743	0.00422771	0.0149161	0.0995976	0.00463138	0.128091	0.00387974	0.0383559	0.0407601	0.0119654	0.00913888	0.0101048	0.00513341	0.186796	0.179552	0.112213	0.00338627	0.0085929
171	0.0744412	0.00504412	0.118463	0.210537	0.0162922	0.0582652	0.0167739	0.032057	0.0608627	0.0321252	0.0182792	0.0809081	0.0197849	0.0489203	0.0173521	0.0812712	0.0595887	0.034853	0.00286176	0.0113193
172	0.156161	0.00498195	0.00283368	0.00617483	0.0290851	0.0581735	0.00382664	0.0445417	0.0105152	0.0477407	0.0151652	0.0281237	0.371557	0.0362305	0.0043324	0.0641556	0.0485597	0.0458439	0.00610417	0.0158934
173	0.276254	0.0144086	0.00146466	0.000800134	0.0226264	0.0935554	0.00145744	0.168002	0.000805261	0.121587	0.0942253	0.00283655	0.00583967	0.00379992	0.0012336	0.0451847	0.0368394	0.0997009	0.0018852	0.00749466
174	0.0104108	0.0037039	0.000188113	0.000249314	0.0258948	0.00368339	0.000278974	0.296398	0.000250571	0.420621	0.0810687	0.00261776	0.000983613	0.000365802	0.00031668	0.00206521	0.0170554	0.130869	0.000189487	0.00278931
175	0.0289238	0.00536921	0.00114607	0.00183171	0.476939	0.0193069	0.0116005	0.0451536	0.00537681	0.0631426	0.014351	0.00228215	0.00464301	0.00221169	0.00273404	0.0255087	0.0120097	0.0221135	0.00844439	0.246912
176	0.253829	0.0185763	0.00478569	0.00118314	0.0111208	0.497346	0.000339454	0.00970288	0.000599211	0.0139801	0.0104289	0.00375693	0.00474362	0.0016082	0.00284424	0.0932881	0.0343391	0.0287864	0.0022544	0.00648777
177	0.0179975	0.00302398	0.000196104	0.000231482	0.0225363	0.00170229	0.0004712	0.414896	0.000207844	0.151923	0.0100462	0.000373577	0.00173677	0.0011004	0.000309752	0.00164913	0.00996314	0.359895	0.000831416	0.000908878
178	0.111395	0.00809384	0.00449623	0.00361001	0.0145399	0.0190963	0.00454134	0.0590498	0.00381072	0.112868	0.0157096	0.140363	0.00544673	0.0054704	0.00647064	0.107083	0.338811	0.0288226	0.00286448	0.00745789
179	0.0185921	0.00406098	0.000221026	0.000254403	0.0318769	0.00562884	0.000379093	0.312767	0.00021529	0.366641	0.0527807	0.00173108	0.00209896	0.00058747	0.000360016	0.00336921	0.0185123	0.177439	0.000340237	0.00214401
180	0.015165	0.00135827	0.000253526	0.000231711	0.0735235	0.00417027	0.000394117	0.429838	0.000339818	0.242592	0.00257963	0.000720187	0.0078279	0.000598553	0.00140555	0.00204058	0.0036833	0.190629	0.014584	0.00806516
181	0.337165	0.0600818	0.00126192	0.00108675	0.0407999	0.13931	0.00106718	0.0758326	0.000868505	0.0308936	0.0685076	0.00292732	0.00459925	0.00323892	0.00140671	0.139056	0.0474382	0.0266906	0.00181493	0.0159541
182	0.511448	0.0363757	0.000328797	0.000224525	0.00597397	0.0871428	0.00052183	0.0184723	0.000256977	0.00743732	0.0286934	0.00117813	0.000869041	0.00694208	0.000455472	0.174509	0.0715143	0.0453661	0.000224227	0.00206596
183	0.0746544	0.135464	0.00447266	0.000959326	0.0262863	0.032155	0.00480393	0.0967332	0.00109627	0.189975	0.192027	0.0190623	0.00460622	0.00173095	0.00154249	0.0939978	0.03948	0.0637595	0.00879296	0.00840012
184	0.0705972	0.025	0.000323456	0.000364336	0.0121339	0.0180014	0.000560734	0.46757	0.000379967	0.105091	0.0202461	0.000798946	0.000621643	0.000979421	0.000484403	0.0178946	0.0362166	0.21956	0.000445131	0.00273135
185	0.233224	0.0175074	0.00454394	0.000303962	0.00563108	0.539006	0.000293403	0.00444903	0.000218894	0.00564325	0.00653932	0.00158625	0.00190538	0.00146473	0.00322969	0.111569	0.0339336	0.0235128	0.000305427	0.00513226
186	0.367861	0.0224122	0.00247743	0.00022792	0.00427407	0.357787	0.000300835	0.00565822	0.000237428	0.00420121	0.00604326	0.00109651	0.00105622	0.0023465	0.00183673	0.158351	0.0392937	0.0216826	0.000344431	0.00251202
187	0.327944	0.0223748	0.00282023	0.000224145	0.0185167	0.450799	0.000389349	0.00627624	0.000292276	0.0123803	0.011275	0.00349454	0.00222634	0.00131477	0.0021599	0.0713168	0.0336346	0.0261973	0.000729783	0.00563385
188	0.109944	0.0193994	0.000209583	0.000218774	0.0710503	0.00951104	0.000302629	0.280808	0.000300743	0.169275	0.0196427	0.000517612	0.000438928	0.000456748	0.000310127	0.00404508	0.0106827	0.300695	0.000283352	0.00190787
