449	20
1	0.0180743	0.0030801	0.00183661	0.00424579	0.00802897	0.00306381	0.00386786	0.484759	0.00673425	0.0938242	0.0297365	0.0122672	0.00170307	0.0112488	0.00285658	0.00427695	0.00800247	0.289319	0.000480123	0.0125939
2	0.0589841	0.0138822	0.0544767	0.0338351	0.00263741	0.0253666	0.0219223	0.0265482	0.0666414	0.0248801	0.00937277	0.201643	0.0352732	0.0571687	0.0497924	0.167077	0.11451	0.0288229	0.000970274	0.00619659
3	0.0586484	0.0117928	0.0167989	0.0478058	0.0143265	0.0147018	0.0395547	0.120358	0.0542186	0.131294	0.0815619	0.0181032	0.0159627	0.0568424	0.039357	0.03656	0.0616278	0.156198	0.0058374	0.0184497
4	0.0467939	0.00527102	0.0301773	0.0563861	0.00729856	0.011221	0.0614896	0.0211277	0.179433	0.0615783	0.022999	0.0437511	0.018084	0.109956	0.15353	0.0746411	0.0576592	0.0257979	0.00388036	0.0089257
5	0.0212912	0.00823252	0.0018908	0.0050088	0.0119422	0.00514449	0.0038284	0.439532	0.00848446	0.0696467	0.029225	0.00963218	0.00177072	0.0109469	0.00491883	0.00653956	0.0306527	0.321495	0.000580636	0.00923652
6	0.0616081	0.0114714	0.00874021	0.0294978	0.00493092	0.0155153	0.0203953	0.0893435	0.0579336	0.13363	0.0641484	0.0187037	0.016547	0.0584607	0.0456976	0.0726604	0.142942	0.132896	0.00194996	0.0129281
7	0.0395794	0.00585163	0.0170643	0.0131823	0.00307223	0.0251205	0.00331139	0.00996787	0.0281773	0.020097	0.00705112	0.0795564	0.00659697	0.0259827	0.0120043	0.40097	0.286809	0.0120044	0.000671635	0.00292871
8	0.0646936	0.00513156	0.00719457	0.0285719	0.0119256	0.00894345	0.011525	0.131012	0.0542556	0.269902	0.1228	0.00624305	0.00803609	0.0421943	0.0243286	0.0196269	0.0349145	0.13428	0.00285971	0.0115622
9	0.0332472	0.00152851	0.265107	0.345799	0.00819458	0.0231831	0.00893155	0.0166184	0.0391922	0.0231702	0.0114252	0.0515652	0.00778429	0.0521273	0.023514	0.0432123	0.0215133	0.0182683	0.00179624	0.00382249
10	0.440369	0.016341	0.0155547	0.0094445	0.00301185	0.0424715	0.00155651	0.00639358	0.0114734	0.0225292	0.0118573	0.0163518	0.0148109	0.0257578	0.00261529	0.247605	0.0784426	0.0312213	0.000451744	0.00174074
11	0.0309073	0.000670894	0.295275	0.379595	0.00645359	0.0244706	0.00739825	0.00702881	0.0290258	0.0108038	0.00560933	0.0511221	0.008003	0.0442789	0.0168568	0.0449739	0.0209027	0.0126168	0.00151706	0.00249023
12	0.0464105	0.0519417	0.00886691	0.0156206	0.0355474	0.0107684	0.00772802	0.0700909	0.0183531	0.371715	0.133753	0.0131792	0.00663666	0.02707	0.0150443	0.0204598	0.0293509	0.0646816	0.0185089	0.0342726
13	0.0276306	0.000550555	0.315234	0.371447	0.00612697	0.0262013	0.00692966	0.00668151	0.0279064	0.0101556	0.00491985	0.0513416	0.00884701	0.0391964	0.0146014	0.0471437	0.0207216	0.0104508	0.00162069	0.00229337
14	0.0409078	0.0088512	0.0124052	0.0200144	0.0971296	0.0101774	0.0156358	0.0707754	0.0219334	0.332767	0.0813705	0.0102318	0.00591483	0.0301907	0.019207	0.0203758	0.0193577	0.0480346	0.0303504	0.10437
15	0.212755	0.0151672	0.0310259	0.0129019	0.00262752	0.0375532	0.00663892	0.0125773	0.0285873	0.0225319	0.00884766	0.0965223	0.0145089	0.0302174	0.00929129	0.288098	0.140452	0.0265261	0.000562717	0.00260742
16	0.0299062	0.00724209	0.00206398	0.00567809	0.0158051	0.00631591	0.0035694	0.433962	0.00784086	0.0910341	0.0310203	0.00998902	0.00218132	0.0120795	0.00373418	0.00667389	0.0203146	0.299443	0.000739877	0.0104064
17	0.0413604	0.00559834	0.0194851	0.0513849	0.00643423	0.00863696	0.0588142	0.0234179	0.109291	0.153245	0.0239105	0.0481856	0.0395849	0.224244	0.0501655	0.0642521	0.0313717	0.0280649	0.00412606	0.00842741
18	0.0503765	0.00414162	0.0100971	0.0194661	0.00444337	0.00802078	0.0489546	0.0109109	0.0185305	0.0266269	0.00803968	0.0318581	0.463611	0.0545805	0.0342657	0.117609	0.0443473	0.018188	0.00217486	0.0237583
19	0.033473	0.0135552	0.0466876	0.00703996	0.00194418	0.0299088	0.0118169	0.0215035	0.0466512	0.0123327	0.00261229	0.219416	0.00896052	0.0248621	0.0128402	0.30277	0.177491	0.0218198	0.000502187	0.00381303
20	0.229344	0.012869	0.0174094	0.0342564	0.00994776	0.0536488	0.0100981	0.0590327	0.044414	0.0605167	0.0419392	0.0259232	0.0110515	0.0418321	0.0375994	0.111448	0.109372	0.0796957	0.00198979	0.00761177
21	0.0343972	0.0127255	0.0173368	0.0103354	0.00633709	0.0112987	0.0149578	0.0970846	0.0196414	0.116534	0.0198424	0.0297533	0.0744624	0.0407781	0.0120988	0.240625	0.153717	0.0619661	0.00193968	0.024169
22	0.0530028	0.0481255	0.0218519	0.0137014	0.0498657	0.438879	0.0147204	0.0149265	0.0239419	0.0303901	0.0160164	0.0286236	0.023582	0.0258428	0.0210673	0.0805186	0.0250382	0.0238102	0.00396867	0.0421271
23	0.0267871	0.000982336	0.0114796	0.0267364	0.00438023	0.00397455	0.0195224	0.0138015	0.374388	0.0211298	0.0138596	0.0316694	0.00676561	0.0573868	0.334239	0.019221	0.0138017	0.0127803	0.00225344	0.00484129
24	0.0624573	0.0036618	0.105488	0.271119	0.00640585	0.013322	0.0296814	0.017679	0.0721738	0.047322	0.0212314	0.0447577	0.0121789	0.114473	0.0619735	0.0512056	0.0280893	0.029251	0.00195216	0.00557758
25	0.0501121	0.00568814	0.00659506	0.0251134	0.0152664	0.00907417	0.0102427	0.168554	0.0260807	0.272008	0.0810067	0.00985542	0.0183137	0.0297032	0.0208408	0.0530014	0.0479077	0.133153	0.00198071	0.0155027
26	0.0758865	0.0180637	0.0170881	0.0284563	0.0626432	0.0132766	0.0079945	0.1364	0.021468	0.0921815	0.0760187	0.00972523	0.00801153	0.0307789	0.0165563	0.0395862	0.0950926	0.2201	0.00602253	0.0246502
27	0.0239751	0.000554955	0.331874	0.367613	0.00540396	0.0284022	0.00690315	0.00627122	0.0247436	0.00908709	0.0041666	0.0481929	0.010262	0.0361741	0.0129286	0.0513329	0.0198497	0.00814479	0.00184584	0.00227448
28	0.0231162	0.0020041	0.0204158	0.0255553	0.00302649	0.00496784	0.0254554	0.0143458	0.371288	0.0195075	0.00966887	0.05138	0.00910931	0.0728489	0.239482	0.04616	0.0385426	0.0153606	0.00129172	0.00647412
29	0.0855197	0.0142527	0.0934727	0.0779218	0.00542954	0.0269886	0.0175661	0.0247842	0.0492925	0.0281069	0.0138044	0.169622	0.01317	0.044822	0.0271142	0.156308	0.112121	0.0330175	0.00122645	0.00546082
30	0.0182947	0.0033233	0.00191043	0.00454989	0.00828474	0.00332428	0.00419753	0.476269	0.00732339	0.0987835	0.0314084	0.0117389	0.001908	0.0115232	0.00350078	0.00430743	0.00824403	0.288379	0.000493702	0.0122356
31	0.0724418	0.0184844	0.0292284	0.0390218	0.0232312	0.25436	0.012847	0.0395726	0.043263	0.133934	0.0406078	0.0242941	0.022301	0.0393781	0.0369452	0.0707149	0.0355671	0.042682	0.00508821	0.0160375
32	0.0263087	0.0024895	0.00295074	0.0126515	0.0123154	0.00528335	0.00749655	0.29698	0.0220437	0.27144	0.0788949	0.00605051	0.00485195	0.0184457	0.0147852	0.00681478	0.014344	0.182636	0.000725026	0.0124925
33	0.034336	0.00217461	0.01586	0.0370204	0.0158839	0.00922119	0.025234	0.0194053	0.316302	0.0321922	0.0203807	0.0310661	0.00897768	0.0707378	0.281878	0.0269271	0.018192	0.0193251	0.00617775	0.00870818
34	0.0603095	0.00591617	0.101527	0.250534	0.0352605	0.0148556	0.0197264	0.0233305	0.0531888	0.0537408	0.0311342	0.028917	0.01073	0.0718435	0.0407113	0.0478986	0.0294512	0.0395242	0.011504	0.0698966
35	0.0300849	0.0201625	0.00218316	0.00476085	0.0210322	0.00793511	0.00331323	0.33015	0.0108793	0.0209189	0.0284113	0.00441234	0.00192992	0.00779456	0.00505192	0.0135088	0.0945603	0.389469	0.000768321	0.00267348
36	0.0289803	0.0153174	0.00867301	0.0135011	0.131868	0.00688041	0.0449105	0.0159485	0.0300874	0.0928765	0.024159	0.0166351	0.00479529	0.0274933	0.0375058	0.0140618	0.0130824	0.032577	0.240935	0.199713
37	0.00413661	0.0123719	0.00125757	0.00283922	0.262915	0.00479158	0.0485213	0.00318569	0.00655199	0.018757	0.00779281	0.00657435	0.000970112	0.00958708	0.00170546	0.00590464	0.00725325	0.0122375	0.00820987	0.574437
38	0.00602161	0.0135163	0.00254856	0.00432442	0.25606	0.00554337	0.0458174	0.00537775	0.00795258	0.0352647	0.0122214	0.00710715	0.00115862	0.0120191	0.00325469	0.00791075	0.00827441	0.0144718	0.0116134	0.539542
39	0.08912	0.0181841	0.0340619	0.0398343	0.0141296	0.234968	0.0127665	0.0221346	0.0446491	0.0380907	0.0218648	0.057041	0.0166606	0.0383763	0.0351203	0.134043	0.0992315	0.0340047	0.00617267	0.00954668
40	0.0338721	0.00621333	0.00198304	0.00727542	0.0378087	0.00589675	0.00336495	0.100385	0.00952499	0.54682	0.124264	0.00242483	0.00271889	0.0185831	0.0122236	0.00630014	0.0135465	0.040977	0.00275561	0.0230623
41	0.0360417	0.00224015	0.0212188	0.0418579	0.0101177	0.00454732	0.0871047	0.0157962	0.192512	0.0371435	0.0412576	0.0316011	0.0155002	0.216589	0.153856	0.0423461	0.0189452	0.0180103	0.00161253	0.0117028
42	0.00422526	0.0142883	0.00132235	0.00279094	0.26393	0.00481806	0.0475021	0.00305508	0.00712106	0.0193462	0.00797825	0.00670695	0.00104133	0.00992147	0.00162098	0.00641564	0.00737845	0.0122447	0.00736914	0.570923
43	0.0705594	0.0146876	0.00315824	0.0217713	0.0035585	0.0143471	0.0132982	0.0658687	0.060037	0.105031	0.076542	0.0133955	0.00473395	0.0407347	0.0223203	0.0492422	0.235113	0.170953	0.00100936	0.0136385
44	0.045999	0.00499424	0.181258	0.194916	0.00760423	0.0531932	0.0140863	0.0181688	0.10882	0.0305061	0.0147181	0.0644758	0.0173932	0.0561869	0.0545246	0.0668442	0.0388199	0.0198028	0.00225373	0.00543528
45	0.0407567	0.0190556	0.0700069	0.00455348	0.00193694	0.0307982	0.0187759	0.0328991	0.0472871	0.0130898	0.00191506	0.283205	0.0132512	0.0269957	0.012919	0.214552	0.132334	0.0296602	0.000612731	0.00539554
46	0.020819	0.00133266	0.0173419	0.0214995	0.00275433	0.00369611	0.0210034	0.0133672	0.405093	0.0167729	0.00918684	0.0445437	0.0082401	0.0686427	0.257512	0.035859	0.0316315	0.013321	0.0014173	0.0059653
47	0.0809936	0.0218119	0.0267105	0.0124066	0.0311158	0.39838	0.015403	0.0135062	0.0273215	0.0224617	0.0141241	0.0788045	0.0199386	0.0216452	0.0225075	0.119946	0.0310361	0.0142589	0.0039734	0.0236543
48	0.027578	0.0155916	0.0758285	0.0535817	0.17971	0.037234	0.00883005	0.0130506	0.0173597	0.122774	0.0787352	0.0129703	0.0121239	0.0569771	0.0353264	0.0700446	0.0443487	0.0590378	0.00468914	0.0742083
49	0.0365981	0.0170069	0.0188032	0.00789559	0.00381511	0.00524009	0.0192729	0.132977	0.00988678	0.128761	0.0222021	0.0225181	0.101928	0.0521001	0.00858644	0.190544	0.116743	0.0912338	0.00151461	0.0123742
50	0.14457	0.0127035	0.0188546	0.0194883	0.0227506	0.046489	0.00589502	0.0327746	0.0223502	0.039289	0.034967	0.0326181	0.0130907	0.0297922	0.0130334	0.280694	0.19161	0.0302095	0.00182883	0.00699186
51	0.0382471	0.0181335	0.0124805	0.0209345	0.0943928	0.00983005	0.0381153	0.0234538	0.0467459	0.0979654	0.0322792	0.0249853	0.00911681	0.0362663	0.0470913	0.0247907	0.0197621	0.0386503	0.228712	0.138047
52	0.0367057	0.00238484	0.00442576	0.0257913	0.0149284	0.0075607	0.0101993	0.170927	0.0309417	0.370807	0.112092	0.00363031	0.012383	0.0249836	0.022364	0.0127326	0.0206254	0.101907	0.00116435	0.0134465
53	0.0173819	0.00181388	0.0161472	0.0150247	0.00337125	0.00458865	0.0202376	0.0191477	0.406261	0.0175796	0.00964775	0.0486641	0.00770825	0.0587605	0.264727	0.0345121	0.0316706	0.0151688	0.00161475	0.00597331
54	0.0977304	0.0125722	0.0575039	0.0598491	0.0688829	0.0550014	0.0130646	0.0238636	0.0321128	0.138019	0.0997315	0.021854	0.0368549	0.0507314	0.0303429	0.0828653	0.0440173	0.0470333	0.00473888	0.0232311
55	0.0256992	0.000664494	0.3082	0.369597	0.00800716	0.0248997	0.00643187	0.00729798	0.0282743	0.0119264	0.00466549	0.063369	0.0065496	0.0384174	0.013182	0.0439032	0.0224249	0.0106186	0.0016365	0.00423592
56	0.0495563	0.00558625	0.0229878	0.064948	0.00783267	0.0117325	0.0244566	0.0375801	0.2259	0.104246	0.0399509	0.0319629	0.0102477	0.0931883	0.138774	0.0393797	0.0330205	0.0418059	0.00504301	0.0118001
57	0.0226197	0.000912053	0.0131152	0.0237145	0.00382117	0.00284635	0.0221976	0.0132828	0.389607	0.0194609	0.0121185	0.0362924	0.0074209	0.0675853	0.299365	0.0260927	0.0201678	0.0121295	0.00180284	0.00544788
58	0.0221749	0.00909505	0.0020537	0.00578978	0.0131564	0.00536565	0.00414352	0.415401	0.00958791	0.0748701	0.0353218	0.0087888	0.00209044	0.0110981	0.00478676	0.00706674	0.0360967	0.323907	0.000547133	0.00865865
59	0.0739963	0.0175535	0.00470935	0.0221376	0.00438444	0.0141605	0.0137346	0.063587	0.0582345	0.111658	0.0843278	0.0137825	0.00503531	0.0414656	0.0234881	0.0522692	0.215841	0.164136	0.000763383	0.0147341
60	0.336318	0.0165864	0.0297967	0.0110266	0.00327734	0.0469986	0.00258102	0.00671681	0.0201292	0.0328759	0.0151677	0.030242	0.0145649	0.0417757	0.00339773	0.282788	0.0764984	0.0263498	0.00072316	0.00218608
61	0.0321383	0.00261502	0.0174615	0.0253464	0.0129379	0.0053087	0.114056	0.0157642	0.178234	0.032494	0.0457883	0.0290285	0.0174292	0.243016	0.134333	0.0416511	0.0161955	0.0183999	0.00199091	0.0158119
62	0.0295046	0.000584971	0.303226	0.373014	0.00701504	0.0244266	0.00644412	0.0069914	0.0295341	0.00976398	0.00426133	0.0617912	0.00657743	0.0421584	0.0144508	0.0421749	0.0216859	0.0125912	0.00153547	0.00226837
63	0.0272239	0.00188374	0.00354271	0.0146228	0.0077855	0.00535278	0.00973857	0.299545	0.0289542	0.255205	0.0763685	0.00609101	0.00592856	0.019658	0.0175973	0.00774297	0.0143143	0.184545	0.000587358	0.0133122
64	0.0194524	0.000694723	0.011114	0.0180065	0.00338531	0.00214594	0.020978	0.0138991	0.410477	0.0157799	0.0106267	0.0367746	0.00796064	0.0613749	0.30437	0.0244255	0.0197158	0.0115616	0.0015943	0.00566312
65	0.0177026	0.000953779	0.0123393	0.0158401	0.00290466	0.00237071	0.0210165	0.0129861	0.427087	0.0151158	0.00926814	0.0402412	0.00754746	0.0640608	0.273849	0.031407	0.0255986	0.0121496	0.00128447	0.00627772
66	0.0183828	0.000400193	0.359735	0.358519	0.00503647	0.0327104	0.00642848	0.00551022	0.0213953	0.00684746	0.00246516	0.0494328	0.0116509	0.0313127	0.00847071	0.0541277	0.019829	0.00368733	0.00215463	0.00190372
67	0.0409178	0.0191201	0.0702367	0.00454601	0.00196088	0.0308075	0.0188056	0.0329677	0.0473571	0.0130537	0.00191449	0.283695	0.0132368	0.0270157	0.01292	0.213806	0.131891	0.0297268	0.000610904	0.00541137
68	0.0627077	0.0106945	0.0271841	0.0227163	0.00642098	0.0195201	0.0240932	0.0396707	0.0381262	0.0462734	0.0156573	0.104275	0.212667	0.0424018	0.02599	0.121372	0.101935	0.0616374	0.00270746	0.0139494
69	0.0829066	0.0206161	0.00966615	0.0582004	0.0449457	0.0107286	0.00887456	0.0565607	0.0209591	0.247605	0.114198	0.0078495	0.0134454	0.0290488	0.0130399	0.0309444	0.0254105	0.152426	0.0287817	0.0237935
70	0.0380635	0.00458108	0.01746	0.0461692	0.00702015	0.00994553	0.0443059	0.0398099	0.157351	0.188611	0.0377544	0.0247856	0.0119495	0.16571	0.0665654	0.0351344	0.0412753	0.0520825	0.00380425	0.00762128
71	0.0323958	0.00413196	0.00182869	0.00531039	0.0423771	0.00584328	0.00286174	0.101315	0.00750239	0.560204	0.122076	0.0019187	0.00269538	0.0173906	0.0122108	0.0058294	0.0127588	0.0365079	0.00126299	0.0235788
72	0.0208746	0.000831818	0.0123559	0.021222	0.00355361	0.00222135	0.0200584	0.0132916	0.394922	0.0171151	0.012424	0.0370652	0.0064645	0.0589924	0.32186	0.0212973	0.0169213	0.0115517	0.00196305	0.00501391
73	0.0227385	0.0219691	0.0122489	0.0130836	0.172184	0.00912844	0.0303124	0.0361562	0.0206029	0.177032	0.0520232	0.00781477	0.00427303	0.0256709	0.0179779	0.0162	0.0144551	0.0519935	0.0396745	0.25446
74	0.0851516	0.00407952	0.0122901	0.0398165	0.0105777	0.0239138	0.0166021	0.0388668	0.19969	0.163922	0.0422558	0.0189213	0.00552564	0.0742789	0.161058	0.0243252	0.025216	0.0394969	0.0042371	0.00977537
75	0.0646011	0.0166582	0.00450914	0.00883612	0.0194059	0.0363133	0.00540552	0.252117	0.0115432	0.0446717	0.0258703	0.0111292	0.0040197	0.017148	0.00638312	0.0135958	0.0608834	0.389937	0.00154709	0.00542559
76	0.0345873	0.00149851	0.0246581	0.0671368	0.00468626	0.00555827	0.0209959	0.0143101	0.315263	0.0296221	0.0158482	0.0336727	0.00968555	0.0725028	0.27976	0.0285866	0.0185774	0.0158991	0.00213621	0.0050157
77	0.00408419	0.0124083	0.00123875	0.00271741	0.263391	0.00478755	0.0485954	0.00299383	0.00647752	0.018288	0.0077399	0.00662623	0.000963145	0.00938483	0.00157915	0.00583934	0.00726608	0.0119651	0.00757612	0.576078
78	0.00392554	0.0124198	0.00122367	0.00271608	0.26363	0.00479349	0.0485012	0.00299073	0.00640905	0.0181436	0.00771973	0.00662609	0.00096085	0.00937139	0.00145386	0.00582808	0.00725389	0.0119366	0.00730244	0.576794
79	0.0683806	0.00667029	0.0312771	0.0524342	0.00707024	0.0330305	0.0338606	0.0168167	0.0395516	0.0386642	0.0131969	0.0349431	0.340246	0.0504915	0.043769	0.0975251	0.0478873	0.0248952	0.00366048	0.0156292
80	0.0622192	0.00268238	0.127704	0.341347	0.00734878	0.0136986	0.0144463	0.0177791	0.0609587	0.0405292	0.0203951	0.0317182	0.00838666	0.090526	0.0522304	0.0448588	0.0244666	0.0327342	0.000966739	0.00500436
81	0.0273564	0.000588612	0.316293	0.362784	0.00629743	0.0274506	0.0072419	0.00754491	0.0281986	0.0109318	0.00483808	0.0524044	0.0092895	0.0402641	0.0151088	0.0475665	0.0217495	0.00975449	0.00180775	0.00252969
82	0.25863	0.0104313	0.0196374	0.05445	0.0103428	0.0252556	0.0125782	0.0338162	0.0279075	0.0656288	0.0367244	0.0197654	0.06142	0.0446316	0.0203185	0.111979	0.0661578	0.105949	0.00483451	0.00954093
83	0.491493	0.0151907	0.0135776	0.00829109	0.00240041	0.0410623	0.00125409	0.00431943	0.00946145	0.018928	0.010635	0.0110358	0.0157877	0.0260158	0.00169459	0.229173	0.0701364	0.0280282	0.000420627	0.00109489
84	0.0223854	0.000519678	0.328078	0.355447	0.00899759	0.0275347	0.00587953	0.00753884	0.0291075	0.00917258	0.00315911	0.0700326	0.00678855	0.0365137	0.00957996	0.0432466	0.0246088	0.00713708	0.00172935	0.00254253
85	0.030502	0.000770473	0.29228	0.371353	0.0073669	0.0247641	0.00717386	0.00781702	0.0313691	0.0116313	0.005498	0.0619251	0.00664315	0.042623	0.0163627	0.0423756	0.0224799	0.0127284	0.00171877	0.00261768
86	0.0273618	0.00293178	0.00265363	0.00821642	0.0241566	0.00533823	0.00511078	0.237213	0.0145457	0.385395	0.0909603	0.00500462	0.00406954	0.0167696	0.0120894	0.0060031	0.0141425	0.12012	0.000731	0.0171875
87	0.0301924	0.0079579	0.00782995	0.0169088	0.0128352	0.00826854	0.00846631	0.387028	0.0194156	0.0988696	0.0360846	0.0137309	0.00419989	0.0184271	0.0131867	0.0149996	0.0293137	0.258688	0.00156207	0.0120354
88	0.0481556	0.00128715	0.197093	0.382809	0.00703616	0.0159727	0.0103131	0.0111206	0.0437239	0.0254726	0.0126549	0.0394816	0.00714438	0.0703431	0.0352662	0.0418593	0.0210798	0.0248647	0.000912789	0.00340919
89	0.0184643	0.000407266	0.360493	0.359032	0.00489217	0.03255	0.00653225	0.00538823	0.0213079	0.00677409	0.00249409	0.0480571	0.0120174	0.0307519	0.00870299	0.0544766	0.0199314	0.00370818	0.00211138	0.00190792
90	0.0306475	0.0198626	0.00217198	0.00473659	0.0209583	0.00797428	0.00328271	0.332231	0.0107508	0.0215174	0.0280996	0.00455275	0.00191637	0.0078173	0.005002	0.0136471	0.0936486	0.387683	0.000749267	0.00275133
91	0.0696816	0.0109321	0.0331574	0.0445477	0.00816822	0.0242656	0.0133398	0.0517264	0.0494568	0.0538099	0.0288275	0.067806	0.0183204	0.0435078	0.0299539	0.191185	0.175765	0.0699832	0.00343015	0.0121352
92	0.0327896	0.00203139	0.0137185	0.0327439	0.00617526	0.00656266	0.0373143	0.0264013	0.296387	0.0651069	0.0317556	0.0293457	0.00780297	0.10717	0.228272	0.0231731	0.019119	0.0249615	0.00193998	0.00722863
93	0.024096	0.000787901	0.0108505	0.0257041	0.00414187	0.00255556	0.0195549	0.0133799	0.377074	0.0194527	0.0136934	0.030678	0.00662475	0.0554353	0.349019	0.0163433	0.0113735	0.0123518	0.00238995	0.00449344
94	0.0307393	0.00328132	0.00116504	0.00393016	0.0398455	0.00506348	0.00251904	0.101786	0.00617591	0.574673	0.12442	0.00158864	0.00220857	0.0159974	0.010888	0.0040798	0.01172	0.0353632	0.000806239	0.0237491
95	0.0338292	0.0166379	0.0184625	0.0290745	0.126474	0.0180018	0.0208666	0.0598325	0.024167	0.227728	0.0873826	0.0119684	0.0066767	0.0353866	0.0225019	0.0238297	0.0243632	0.0562495	0.0182716	0.138295
96	0.00392554	0.0124198	0.00122367	0.00271608	0.26363	0.00479349	0.0485012	0.00299073	0.00640905	0.0181436	0.00771973	0.00662609	0.00096085	0.00937139	0.00145386	0.00582808	0.00725389	0.0119366	0.00730244	0.576794
97	0.0317337	0.00307988	0.00132232	0.00455396	0.0392106	0.00504557	0.00251373	0.102861	0.00668765	0.568729	0.124651	0.00158969	0.00221562	0.0168626	0.0110195	0.00439283	0.0118673	0.0371795	0.00091356	0.0235715
98	0.0493539	0.0015022	0.192813	0.354716	0.00763747	0.0174214	0.0111611	0.0123677	0.0496394	0.0300948	0.0144989	0.0419041	0.00713754	0.0744283	0.038711	0.0429586	0.0237033	0.0248368	0.0011887	0.00392597
99	0.0218658	0.00821433	0.00206538	0.0052076	0.0119476	0.00487528	0.00400361	0.431399	0.00871429	0.074709	0.0303144	0.00922994	0.00187767	0.0103277	0.00399387	0.00701087	0.0330617	0.321397	0.000592336	0.00919262
100	0.0350121	0.0028038	0.0198458	0.040481	0.00593212	0.00769909	0.0237932	0.0189494	0.342241	0.0335797	0.0188255	0.038304	0.0112669	0.0741121	0.234424	0.0349798	0.0270852	0.0204404	0.00210421	0.0081205
101	0.0175264	0.000399624	0.354471	0.347018	0.00783728	0.0300479	0.00503421	0.00738498	0.0271863	0.00725738	0.00179438	0.0721441	0.00750536	0.0328594	0.00616981	0.0447152	0.0220259	0.00423864	0.00207196	0.00231192
102	0.352314	0.0164351	0.0275633	0.00945206	0.00287842	0.0673243	0.00169704	0.00586218	0.0151197	0.0322921	0.0116218	0.0208172	0.0144715	0.0338621	0.00245508	0.279899	0.0753435	0.0284033	0.000487544	0.00170116
103	0.0214048	0.00754415	0.00212476	0.00652268	0.0111464	0.00472685	0.00422705	0.436975	0.00839497	0.0766514	0.0301979	0.0111207	0.00228457	0.0116494	0.00401854	0.00729835	0.0299415	0.313144	0.000801919	0.00982573
104	0.0306649	0.00311746	0.00123635	0.00419365	0.0387206	0.0052162	0.00243784	0.11663	0.00646747	0.553388	0.118875	0.00182161	0.00202776	0.0159379	0.0108753	0.00421908	0.0117991	0.0490712	0.000841802	0.0224589
105	0.0193974	0.00458012	0.0137589	0.0137717	0.00279197	0.0239174	0.00202717	0.00601535	0.028955	0.0171095	0.0055552	0.0760874	0.00251957	0.0251905	0.0133428	0.42705	0.307563	0.0078891	0.000537787	0.00194016
106	0.0337184	0.000828732	0.307608	0.347745	0.00534545	0.0308255	0.00873475	0.00721175	0.0289378	0.0136257	0.00704582	0.0450167	0.0108492	0.0403608	0.0200264	0.0552906	0.0221677	0.0104644	0.00183972	0.00235843
107	0.0205547	0.000486435	0.336991	0.352684	0.00839318	0.0286761	0.00541906	0.00840684	0.0305269	0.00818895	0.00262588	0.0721997	0.00686575	0.0358469	0.00780336	0.0413349	0.0225576	0.0062692	0.00183894	0.0023308
108	0.0177088	0.00350413	0.00182848	0.00407108	0.00824658	0.00316264	0.00373271	0.486232	0.00651809	0.0871005	0.0284427	0.0121182	0.00152631	0.0109959	0.00261698	0.0043711	0.0101149	0.294857	0.000487773	0.012364
109	0.00394244	0.0124302	0.001228	0.00272239	0.263558	0.00478436	0.0484747	0.00304002	0.00641213	0.0182221	0.00779173	0.00661964	0.000963044	0.00937449	0.0014986	0.00582781	0.00724757	0.0120173	0.00754518	0.5763
110	0.217549	0.0520163	0.0212591	0.0324803	0.0172088	0.0595094	0.0139399	0.0364174	0.0370427	0.0662489	0.036725	0.0349745	0.0168127	0.0404211	0.0262821	0.131432	0.0659651	0.0674228	0.00760183	0.0186918
111	0.063456	0.00716845	0.0248938	0.0445984	0.00629595	0.0163161	0.0371827	0.017855	0.0425759	0.0393327	0.0136447	0.0316013	0.370189	0.0554908	0.0417694	0.0954354	0.0460962	0.0263071	0.00229263	0.017498
112	0.420336	0.0143518	0.0158771	0.0145645	0.00324982	0.0375306	0.00356893	0.00583328	0.0127891	0.0246695	0.0119694	0.0139282	0.0700268	0.0291291	0.004384	0.211343	0.0734276	0.0299404	0.000587808	0.00249354
113	0.0546573	0.00154487	0.168772	0.408356	0.00679294	0.0127108	0.0111069	0.0111686	0.0429598	0.0241307	0.0145772	0.0328354	0.00687528	0.0671235	0.0376324	0.0406022	0.0216395	0.0321032	0.000622113	0.00378892
114	0.0840287	0.00923847	0.0181708	0.0256293	0.00964581	0.0266651	0.00922895	0.0251563	0.029892	0.0457209	0.0363913	0.0465872	0.0133408	0.0362724	0.0189516	0.287828	0.228416	0.040316	0.00144027	0.00708019
115	0.434448	0.019417	0.0169754	0.00924105	0.0027491	0.0445979	0.00127317	0.00584767	0.0119626	0.0241615	0.0118385	0.014368	0.0142211	0.0273346	0.00183174	0.248092	0.0791963	0.0307417	0.000507345	0.00119631
116	0.129888	0.0140619	0.0183571	0.0585698	0.0154278	0.019626	0.0115477	0.121628	0.0373837	0.0878128	0.050937	0.0170763	0.0137597	0.04158	0.026029	0.0571265	0.0664384	0.194756	0.0061919	0.0118021
117	0.0345663	0.00461386	0.0042168	0.0123635	0.0358601	0.00661884	0.00497276	0.104548	0.0148616	0.516116	0.121376	0.0037399	0.00395528	0.0233623	0.014886	0.0084223	0.0147868	0.0460278	0.00122195	0.0234834
118	0.0391766	0.00547508	0.00515049	0.0165516	0.0305955	0.0072312	0.0074467	0.107783	0.0284479	0.464908	0.105275	0.00741963	0.00645728	0.0254515	0.0254361	0.016537	0.021346	0.0561779	0.00256024	0.0205729
119	0.402257	0.0135574	0.0239256	0.0369984	0.00576132	0.0804949	0.00673147	0.0114775	0.0284294	0.029989	0.020015	0.0166859	0.0143025	0.0326168	0.0232795	0.154388	0.0609781	0.032776	0.000993651	0.00434273
120	0.114403	0.0107271	0.0386019	0.0469192	0.00535627	0.0389809	0.011061	0.0193136	0.0585889	0.0325839	0.0143008	0.0785942	0.0190263	0.0424639	0.0331248	0.26036	0.142166	0.0267562	0.00132664	0.00534473
121	0.00413052	0.0125072	0.00138729	0.00281102	0.262062	0.00483769	0.0483385	0.00355658	0.00677648	0.0204435	0.00849231	0.00666048	0.000951032	0.00969781	0.00162602	0.00603029	0.007405	0.0122786	0.00788095	0.572127
122	0.446378	0.0181583	0.0160939	0.00901179	0.00298252	0.0417095	0.00138797	0.00582301	0.0116478	0.0219573	0.0128968	0.0133978	0.0143084	0.0290137	0.00199259	0.245476	0.077336	0.0287857	0.000520892	0.00112166
123	0.0650524	0.100573	0.00881774	0.0192622	0.0298539	0.013099	0.0113307	0.0652829	0.0241276	0.237605	0.104718	0.0166941	0.0093064	0.031292	0.0156295	0.0280733	0.0345159	0.110629	0.0152355	0.0589022
124	0.0634521	0.00314542	0.108619	0.273618	0.00799399	0.0137291	0.0198707	0.0194338	0.0772466	0.052222	0.0247478	0.0339265	0.0113881	0.113361	0.0617122	0.048548	0.0267022	0.0317262	0.00169441	0.00686274
125	0.562577	0.0115499	0.00875624	0.00907383	0.00271617	0.0377256	0.00140833	0.00485572	0.00761854	0.0142149	0.0112474	0.00811229	0.0114801	0.0184597	0.00197122	0.186511	0.0699912	0.0299385	0.000477612	0.00131533
126	0.0167527	0.000932909	0.0125798	0.0150249	0.00287102	0.00256771	0.0209928	0.0133921	0.425998	0.0147661	0.00911677	0.0423133	0.00738664	0.0627391	0.275001	0.0310901	0.0269375	0.0121865	0.00127731	0.00607308
127	0.00392554	0.0124198	0.00122367	0.00271608	0.26363	0.00479349	0.0485012	0.00299073	0.00640905	0.0181436	0.00771973	0.00662609	0.00096085	0.00937139	0.00145386	0.00582808	0.00725389	0.0119366	0.00730244	0.576794
128	0.0961256	0.023976	0.0261704	0.0114774	0.0164254	0.514242	0.0107291	0.00577062	0.0232578	0.0162517	0.00752327	0.02525	0.0292928	0.0187981	0.0224503	0.105743	0.024446	0.0112449	0.00151524	0.00931009
129	0.0374535	0.001252	0.258618	0.388873	0.00599504	0.0206071	0.00924438	0.00802997	0.0306509	0.0161015	0.011724	0.037213	0.00829901	0.048997	0.0247037	0.0488167	0.0202734	0.0184885	0.0012814	0.00337777
130	0.00392554	0.0124198	0.00122367	0.00271608	0.26363	0.00479349	0.0485012	0.00299073	0.00640905	0.0181436	0.00771973	0.00662609	0.00096085	0.00937139	0.00145386	0.00582808	0.00725389	0.0119366	0.00730244	0.576794
131	0.0404097	0.0209002	0.0792616	0.00558083	0.00207322	0.0284664	0.0203452	0.0332443	0.0465855	0.0127056	0.00225333	0.277302	0.0119441	0.031553	0.0136793	0.215182	0.122566	0.030163	0.000653145	0.00513112
132	0.0537708	0.0040126	0.054629	0.0919843	0.00572288	0.00962534	0.0415163	0.0100706	0.195806	0.0272976	0.0109897	0.0234511	0.182494	0.0486499	0.13538	0.0531078	0.0245357	0.0169438	0.00268681	0.00732557
133	0.0196414	0.000410101	0.354452	0.360106	0.0048933	0.032926	0.00690364	0.00544807	0.0212845	0.0071676	0.00257992	0.0483295	0.0121416	0.0318559	0.0090313	0.0545171	0.0202724	0.00409116	0.00205705	0.00189144
134	0.0747519	0.0161386	0.00264353	0.0248948	0.00282776	0.0177103	0.0180147	0.083534	0.065839	0.123113	0.0806333	0.0164882	0.0056593	0.0398398	0.0354152	0.0445919	0.164057	0.164791	0.000584898	0.0184719
135	0.0394377	0.00988015	0.0190972	0.0380657	0.0107771	0.00868125	0.109043	0.0738601	0.143106	0.0550414	0.0282398	0.0894196	0.0130133	0.153758	0.0632514	0.0466577	0.0285196	0.027271	0.00505588	0.0378247
136	0.0198167	0.00898167	0.0329615	0.00847422	0.00404595	0.0349706	0.0254793	0.0468291	0.251747	0.0535089	0.00825108	0.0702409	0.0184858	0.0607435	0.0835631	0.115988	0.0817148	0.0618251	0.00256988	0.00980306
137	0.335209	0.0185806	0.0230082	0.0157221	0.00275743	0.0381169	0.00219072	0.00657346	0.0179004	0.0321394	0.0101651	0.0178929	0.0682318	0.0356235	0.00283495	0.251282	0.0878623	0.0314098	0.000533964	0.00196519
138	0.0950079	0.00846031	0.0634189	0.130009	0.00745156	0.158885	0.0208287	0.0120976	0.0814023	0.0394052	0.0241075	0.0384003	0.0165718	0.0752945	0.0716302	0.0890685	0.0367106	0.0223934	0.00236963	0.00648723
139	0.0175252	0.0503874	0.013336	0.0142733	0.199223	0.00940769	0.030823	0.0123646	0.0139172	0.0876493	0.0457206	0.00860048	0.00386264	0.043594	0.0125457	0.0171354	0.014114	0.0467076	0.0255622	0.33325
140	0.0303933	0.00311275	0.00113411	0.00406563	0.0400608	0.00515094	0.00237151	0.102784	0.00598786	0.575432	0.124105	0.00145926	0.00216618	0.0159983	0.0109916	0.00395196	0.011558	0.0352514	0.000838706	0.0231862
141	0.223475	0.0154172	0.0201821	0.0130873	0.00348676	0.0421907	0.00150368	0.00925203	0.0231637	0.023855	0.0101062	0.0431803	0.00946535	0.0259193	0.00535924	0.337277	0.16642	0.0247644	0.00045931	0.00143461
142	0.0424173	0.0196952	0.0698764	0.00485256	0.00248059	0.034092	0.0204229	0.0319573	0.054092	0.0129371	0.00236779	0.278359	0.012356	0.027058	0.0151816	0.213583	0.123819	0.0282536	0.00084107	0.00535677
143	0.0182051	0.000407992	0.360804	0.358841	0.00536158	0.030425	0.00598857	0.00574943	0.0218283	0.00687645	0.00244915	0.0523245	0.0107546	0.0310942	0.00838351	0.0526476	0.019402	0.00423833	0.00213859	0.00207969
144	0.0228648	0.000848082	0.0131908	0.0219184	0.00427704	0.00235498	0.0324021	0.0136499	0.377103	0.0177522	0.0138321	0.0379749	0.00964184	0.0811342	0.277848	0.0318079	0.0215461	0.0117645	0.00142163	0.00666745
145	0.0329599	0.00369597	0.00314255	0.0106776	0.0319466	0.00545005	0.00452691	0.139171	0.0132759	0.489561	0.110043	0.00404475	0.00440659	0.0210107	0.0140139	0.00972575	0.0154527	0.0649881	0.00125168	0.0206557
146	0.0275141	0.0022894	0.00182172	0.00814496	0.0259062	0.00503965	0.00502701	0.196617	0.0132578	0.436796	0.10284	0.0035281	0.00354646	0.017363	0.0124881	0.00543775	0.0123607	0.101022	0.00084147	0.0181584
147	0.065708	0.00765499	0.0268753	0.0468266	0.00926729	0.0212607	0.0356386	0.0238141	0.0526619	0.0493662	0.0173579	0.0369988	0.301591	0.0623027	0.0486097	0.0955398	0.0488689	0.0307075	0.00304456	0.0159054
148	0.0618005	0.00296766	0.0607887	0.168167	0.00440562	0.0108517	0.0278084	0.0147835	0.129064	0.0512824	0.0194689	0.0508055	0.0116191	0.133977	0.112089	0.0615974	0.0440279	0.0275303	0.00150963	0.00545716
149	0.0310548	0.0119562	0.00299878	0.0104751	0.0153594	0.00816005	0.00538444	0.36019	0.013657	0.0709601	0.0336157	0.009731	0.00285891	0.0151079	0.00704771	0.0115332	0.0497452	0.329903	0.0010104	0.0092513
150	0.0298636	0.00298409	0.00131012	0.00512569	0.0380247	0.00522532	0.00313649	0.111006	0.00810056	0.554244	0.124218	0.00142847	0.00248287	0.0165929	0.0128415	0.00484276	0.0127223	0.0422287	0.000877921	0.0227437
151	0.0182276	0.000415051	0.348053	0.346948	0.00846988	0.0303372	0.00510127	0.00767794	0.0294332	0.00735388	0.00178043	0.0747626	0.00706103	0.0343282	0.00614549	0.0423484	0.0230024	0.00444999	0.00189626	0.00220779
152	0.0783636	0.00934045	0.0410508	0.0779019	0.00678382	0.0195583	0.0273051	0.0297535	0.0961997	0.0621044	0.0299964	0.0587278	0.0217212	0.107218	0.0688254	0.109173	0.0969766	0.0467767	0.00279225	0.00943125
153	0.004305	0.0126835	0.00130532	0.00292967	0.261416	0.00475658	0.0491793	0.00314615	0.00727757	0.0191432	0.0080752	0.00680233	0.00106845	0.00954979	0.00181668	0.00582227	0.00752927	0.0124903	0.00896705	0.571737
154	0.0328364	0.00499505	0.0360375	0.0373708	0.00273891	0.00964199	0.0275634	0.0154873	0.278995	0.0260849	0.00683042	0.0921535	0.00922855	0.087373	0.15918	0.0752178	0.0689959	0.0214021	0.00147463	0.00639254
155	0.0303305	0.00331072	0.00118308	0.00370725	0.0398134	0.00508447	0.00225948	0.0991433	0.0058803	0.580211	0.12654	0.00165482	0.00209104	0.0157734	0.0106278	0.00391691	0.0111979	0.0331182	0.000823718	0.0233325
156	0.0195555	0.00454586	0.014585	0.0137029	0.00286126	0.0234989	0.0022056	0.00622027	0.028147	0.0170825	0.00570536	0.0754214	0.00260144	0.0256021	0.0131828	0.423586	0.3111	0.00791674	0.000527639	0.00195075
157	0.0152779	0.0011703	0.0128995	0.0128951	0.00261143	0.00271547	0.0198214	0.0145106	0.435801	0.0143759	0.00820933	0.0439708	0.00759796	0.0595219	0.266737	0.0331716	0.0285039	0.0128167	0.00117141	0.00622072
158	0.0187836	0.000411303	0.35987	0.359799	0.00474496	0.0324597	0.00664034	0.00529905	0.0208862	0.00682557	0.00255263	0.0470931	0.0121195	0.0309699	0.00899994	0.0549473	0.0197859	0.00383991	0.00208749	0.00188487
159	0.0304203	0.000634116	0.30028	0.380903	0.00591443	0.0272224	0.0071589	0.00671279	0.0282218	0.00976029	0.00448109	0.0518106	0.00818109	0.0419032	0.0154618	0.045139	0.0208541	0.011357	0.00154401	0.00204009
160	0.0403652	0.0207665	0.0134637	0.025219	0.0844548	0.0113705	0.0367471	0.0224284	0.0482756	0.101754	0.0310595	0.0274194	0.0118006	0.0395106	0.0495325	0.025772	0.0213517	0.0346499	0.239319	0.11474
161	0.0373255	0.00131583	0.252378	0.396409	0.00746757	0.0204584	0.0106182	0.010106	0.031898	0.0144936	0.00956251	0.0434499	0.00717784	0.0490484	0.022188	0.041957	0.0206545	0.0189985	0.00113744	0.00335513
162	0.0642686	0.00102692	0.14913	0.446635	0.00528035	0.00938732	0.0108634	0.00751561	0.0391709	0.0186319	0.0114334	0.0296306	0.00473914	0.0652741	0.0402285	0.0390518	0.0213351	0.033772	0.000203573	0.00242176
163	0.0181739	0.00190262	0.017477	0.0178232	0.00249509	0.00402798	0.0206843	0.01435	0.40774	0.0163966	0.00792121	0.0521967	0.00787337	0.0653767	0.246339	0.0405358	0.0362824	0.0147773	0.00131647	0.00631133
164	0.0212125	0.00950331	0.00206677	0.00466232	0.0126846	0.00560006	0.00327774	0.430669	0.00743291	0.0606388	0.0274107	0.00932411	0.00155088	0.00963219	0.00379106	0.00677978	0.0350479	0.339541	0.000586768	0.00858832
165	0.0659652	0.0106789	0.00617221	0.0455129	0.00410021	0.0135318	0.0209516	0.0918448	0.0530538	0.131025	0.0908247	0.0144626	0.00692399	0.0518726	0.0440245	0.0532492	0.125117	0.156238	0.00113163	0.0133196
166	0.0468741	0.0162662	0.0624708	0.00520068	0.0024534	0.0305621	0.0159187	0.0327389	0.0449319	0.0198658	0.00351306	0.269829	0.0121159	0.0248723	0.0118552	0.181514	0.155183	0.0574979	0.00107914	0.00525774
167	0.0446643	0.113583	0.0140282	0.0223838	0.0567464	0.0143238	0.0211824	0.0309546	0.0267062	0.153034	0.09492	0.0242247	0.0111827	0.0350713	0.0228313	0.0275809	0.0247739	0.0614957	0.132966	0.0673474
168	0.0280498	0.0119021	0.00401142	0.00684827	0.162791	0.00488305	0.064789	0.0125843	0.0278677	0.0766184	0.0236167	0.0104123	0.00322027	0.0207388	0.0284955	0.009316	0.00886417	0.0271459	0.166882	0.300964
169	0.109101	0.0182136	0.0256716	0.0982908	0.00470627	0.0153243	0.035749	0.0184555	0.117092	0.0666638	0.0221326	0.0741583	0.0106892	0.135872	0.0459691	0.136733	0.031744	0.0214674	0.00284633	0.00911965
170	0.0572867	0.00238655	0.0892689	0.307708	0.00752893	0.00853302	0.0144626	0.0222263	0.0870355	0.0531132	0.0214737	0.0291694	0.00812793	0.127504	0.0647284	0.0386251	0.0216942	0.0333619	0.000733501	0.00503242
171	0.0716107	0.00947985	0.0381615	0.0665786	0.0155001	0.0296007	0.062987	0.0263719	0.0954659	0.0513133	0.025531	0.0672678	0.0465162	0.0898603	0.0709092	0.109619	0.0590757	0.0350881	0.00591177	0.0231514
172	0.0216738	0.000751573	0.0111009	0.0214369	0.00370279	0.0022012	0.0193301	0.0128615	0.395993	0.0173419	0.01221	0.0334888	0.00620712	0.0566698	0.33162	0.0193447	0.0150353	0.01184	0.00203959	0.00515046
173	0.0235372	0.000509222	0.330152	0.36749	0.00660516	0.0278374	0.00644759	0.00668399	0.0259572	0.00844646	0.00324331	0.0562069	0.00927459	0.0363193	0.0112765	0.0471669	0.0209238	0.00787462	0.0018701	0.00217756
174	0.0195265	0.000428781	0.349933	0.356866	0.00610851	0.0296889	0.00589751	0.00646775	0.0241959	0.0072446	0.0024389	0.0591001	0.00949988	0.0344002	0.00833158	0.0499609	0.0201206	0.00501992	0.00261174	0.0021588
175	0.562619	0.0116292	0.00882681	0.00895679	0.00271033	0.0378097	0.00140863	0.00475595	0.00763328	0.0141302	0.0110632	0.00814469	0.011547	0.0185421	0.00198305	0.187033	0.0698501	0.0296033	0.000482891	0.00127175
176	0.0321539	0.0131513	0.00305533	0.0152074	0.0163154	0.00799025	0.00509459	0.315568	0.0128074	0.0686737	0.0486026	0.00659569	0.00315969	0.0148828	0.00756891	0.0125625	0.0546748	0.354616	0.00106538	0.00625436
177	0.0348536	0.00183174	0.00424916	0.0235392	0.0107359	0.00827071	0.0120719	0.183843	0.0384792	0.341832	0.111263	0.00228718	0.00803901	0.0265607	0.025418	0.0108258	0.02073	0.122871	0.000989262	0.0113099
178	0.0713203	0.00251708	0.0931523	0.278751	0.00624144	0.0139009	0.0193223	0.0134858	0.086156	0.0408998	0.0211847	0.0359372	0.0103843	0.100901	0.0805927	0.0574197	0.0316425	0.0299789	0.00112111	0.00509099
179	0.00429687	0.0122353	0.00121171	0.00281498	0.261916	0.0048154	0.0490432	0.00319297	0.00708851	0.0192381	0.00783137	0.00662133	0.00100936	0.00972673	0.00199069	0.005859	0.00728241	0.0123348	0.00977527	0.571715
180	0.0345397	0.00535971	0.00208518	0.0060619	0.0363985	0.00558815	0.00340693	0.100322	0.0102218	0.546454	0.128961	0.00260788	0.00246873	0.01911	0.0124595	0.00642285	0.0129161	0.0409249	0.00122145	0.0224707
181	0.0536387	0.00354257	0.018046	0.0416062	0.00507681	0.0134733	0.0227969	0.0264845	0.276556	0.0446294	0.0354348	0.0338553	0.00875298	0.0710076	0.220666	0.0388923	0.0439789	0.0329438	0.00182146	0.00679677
182	0.0462989	0.00459971	0.00349409	0.0159622	0.0119177	0.00784962	0.0060923	0.341137	0.0177385	0.161102	0.0536608	0.00922755	0.00544983	0.0171869	0.0122441	0.014847	0.0265418	0.23157	0.00134213	0.0117382
183	0.562747	0.0115898	0.00879497	0.00897484	0.00271643	0.0377219	0.0014107	0.00479357	0.00770628	0.0141692	0.0110783	0.00813238	0.0115022	0.0185464	0.0019865	0.186696	0.0699372	0.0297359	0.000484496	0.00127642
184	0.076298	0.00381813	0.13608	0.250561	0.00735375	0.0337758	0.0188186	0.0161342	0.062829	0.0433308	0.0239245	0.0396754	0.0116496	0.0903659	0.0545938	0.0592701	0.0329561	0.0303168	0.001917	0.0063316
185	0.0371543	0.0149543	0.150853	0.0996732	0.00399452	0.0296685	0.016469	0.0254218	0.0447619	0.012444	0.00299828	0.218504	0.011037	0.0322887	0.0143191	0.16387	0.093245	0.0224748	0.00130027	0.00456875
186	0.0351701	0.00456965	0.00289345	0.00968696	0.0307125	0.00720515	0.00513442	0.151009	0.0135139	0.463064	0.105437	0.00479227	0.0044922	0.0209079	0.0138303	0.00986055	0.0183501	0.0773761	0.00149753	0.0204979
187	0.0322251	0.00073024	0.281852	0.380162	0.00682059	0.0232678	0.00756407	0.00783963	0.0334098	0.0120349	0.0058399	0.0536544	0.00715112	0.0461339	0.0191121	0.0431639	0.0213749	0.0138343	0.001377	0.00245196
188	0.0669613	0.00875855	0.0179482	0.0526246	0.0258472	0.0115146	0.0129528	0.070307	0.0567032	0.284592	0.117565	0.0136413	0.00684275	0.0739358	0.0341813	0.0292097	0.0302017	0.0636816	0.00409511	0.018436
189	0.00429272	0.0125473	0.0015166	0.00291976	0.26331	0.00488099	0.0483962	0.00316487	0.00695965	0.0196485	0.00802491	0.00657621	0.00100147	0.00972293	0.00189874	0.00622933	0.00734666	0.0127984	0.00775852	0.571006
190	0.0845015	0.023198	0.0299967	0.0239268	0.0150622	0.432068	0.0115557	0.00963274	0.0310241	0.0201187	0.0104913	0.0386889	0.0227482	0.0243289	0.025078	0.13055	0.0427425	0.0135878	0.00169584	0.00900372
191	0.026392	0.00892931	0.00346577	0.0123857	0.0127708	0.00666195	0.00450704	0.384032	0.012749	0.0819074	0.0358321	0.00953428	0.00294216	0.0184936	0.00680986	0.0105037	0.038407	0.313466	0.000830649	0.00937903
192	0.0489567	0.0279688	0.0565436	0.0109076	0.00452995	0.0297682	0.0166059	0.0335553	0.0480237	0.0239689	0.00972856	0.223771	0.0136027	0.0311709	0.0181211	0.203228	0.156586	0.0353034	0.00116565	0.00649302
193	0.00392554	0.0124198	0.00122367	0.00271608	0.26363	0.00479349	0.0485012	0.00299073	0.00640905	0.0181436	0.00771973	0.00662609	0.00096085	0.00937139	0.00145386	0.00582808	0.00725389	0.0119366	0.00730244	0.576794
194	0.00512084	0.0129246	0.00257053	0.00403231	0.261059	0.00510744	0.047921	0.00332846	0.007314	0.0218559	0.00976983	0.00682484	0.00107907	0.0114421	0.00270044	0.00707358	0.00763319	0.0132952	0.0126956	0.556252
