202	20
1	0.0697077	0.000540579	0.0222061	0.00235517	0.00488576	0.811901	0.00161035	0.00221743	0.00253571	0.00197648	0.00196094	0.0103287	0.000622625	0.00772142	0.0017208	0.0378207	0.00531758	0.00641156	0.00336938	0.00478955
2	0.00514605	0.00434145	0.00113916	0.00150643	0.173349	0.00120797	0.0451607	0.0138664	0.00545933	0.0072962	0.0118377	0.00158455	0.000420477	0.00532961	0.0016705	0.00548005	0.0019215	0.00338929	0.0196824	0.690211
3	0.145591	0.0039118	0.00394766	0.0302808	0.015535	0.0112592	0.0033183	0.101613	0.0198021	0.0393171	0.0160228	0.0146133	0.00556557	0.00752084	0.0161849	0.0512654	0.12236	0.36395	0.00202349	0.0259194
4	0.0256191	0.00086729	0.275169	0.202842	0.00355757	0.0214003	0.00560323	0.00400246	0.0767364	0.0170114	0.00294532	0.0571209	0.0291838	0.117343	0.00919107	0.0458961	0.0789896	0.017568	0.00313044	0.00582328
5	0.0804775	0.00510394	0.0120398	0.0193029	0.0144442	0.0207522	0.00659242	0.233944	0.0222073	0.0635028	0.0303124	0.0184723	0.0767727	0.0147937	0.0152669	0.0409358	0.0431168	0.264947	0.00426341	0.012752
6	0.0521159	0.00417497	0.0403809	0.0418189	0.0198479	0.0252134	0.0210591	0.0297148	0.143766	0.043066	0.0197561	0.0647157	0.00942105	0.0540457	0.241898	0.0641853	0.0545127	0.0352693	0.00907752	0.0259605
7	0.0577178	0.00122846	0.084123	0.131922	0.00233105	0.00544606	0.031265	0.00276315	0.0572989	0.00873323	0.00437503	0.0063565	0.421001	0.0272126	0.0111389	0.0723648	0.0536899	0.00489662	0.00899904	0.00713703
8	0.027587	0.00680105	0.0816285	0.0446275	0.00615991	0.382186	0.0205221	0.00475254	0.108142	0.0178572	0.00280596	0.128731	0.00248289	0.0340746	0.0490946	0.0369356	0.00916754	0.00591724	0.0015133	0.0290136
9	0.25044	0.0185422	0.0034057	0.011968	0.00811294	0.0186586	0.00400509	0.0375773	0.0131252	0.0177012	0.0109969	0.00878499	0.0358494	0.00779753	0.0106435	0.11759	0.195505	0.219202	0.00182456	0.00826952
10	0.0126952	0.00208728	0.0102907	0.00810132	0.0289587	0.00656836	0.534119	0.00685964	0.0302745	0.0102025	0.00567163	0.0886473	0.00233045	0.00811511	0.0526529	0.0934087	0.00965939	0.0103483	0.00223584	0.0767729
11	0.0455145	0.00687926	0.00984554	0.00861086	0.0396442	0.00674102	0.00357329	0.161378	0.0116218	0.209002	0.205593	0.0167942	0.0104625	0.00807549	0.00955712	0.0431825	0.0805736	0.0983459	0.00401047	0.0205945
12	0.0171471	0.00368194	0.00561146	0.00594229	0.563485	0.0107702	0.0138092	0.0256244	0.00821697	0.0802934	0.0207324	0.00909649	0.00260617	0.00889071	0.00911387	0.0166412	0.016525	0.0232772	0.0188432	0.139691
13	0.00738991	0.00422643	0.00154732	0.00204795	0.163885	0.00179878	0.0486509	0.0123183	0.00553513	0.00790824	0.012301	0.00201566	0.000457281	0.00557836	0.00235564	0.00740839	0.003154	0.0040684	0.0359411	0.671412
14	0.0296023	0.0635157	0.0121315	0.0581358	0.133642	0.0291535	0.0106072	0.0478799	0.0143397	0.0611732	0.0900107	0.0178588	0.00503906	0.0236187	0.015388	0.0259586	0.0342563	0.0631929	0.23093	0.0335662
15	0.0305728	0.00691847	0.00516693	0.00994031	0.167696	0.0201262	0.143599	0.00745784	0.034698	0.104323	0.00756775	0.0217355	0.00206488	0.0305478	0.0616965	0.0166952	0.00766433	0.0251622	0.0497771	0.246591
16	0.00483302	0.00369921	0.00135559	0.00150787	0.179583	0.00150598	0.0462875	0.0275129	0.00642578	0.016544	0.016348	0.00194309	0.000447773	0.00783594	0.00438699	0.00875105	0.00384675	0.00667135	0.0155851	0.644929
17	0.0396566	0.00815959	0.00309903	0.0117415	0.152291	0.0305002	0.134743	0.0033554	0.0589202	0.0836961	0.00277919	0.0312473	0.00124671	0.0483471	0.0845805	0.0158412	0.00430048	0.033424	0.0127793	0.239292
18	0.0860245	0.00291166	0.0380065	0.010162	0.0363774	0.00923532	0.00757037	0.0568935	0.0872078	0.091012	0.038456	0.013703	0.00361883	0.0109007	0.326336	0.0493348	0.0135817	0.0658627	0.0423622	0.010443
19	0.102138	0.00382443	0.0540275	0.0639583	0.00810739	0.0380704	0.0169876	0.0207473	0.0383287	0.0248918	0.0125477	0.0358269	0.296272	0.0207297	0.0188436	0.121558	0.05928	0.0439147	0.0074027	0.0125443
20	0.0552968	0.0130891	0.00300104	0.00390567	0.0705676	0.0103351	0.00170271	0.204528	0.0054398	0.23166	0.0499988	0.0115874	0.00563831	0.00464349	0.00850229	0.03551	0.101229	0.138527	0.00360547	0.0412331
21	0.0149723	0.000395187	0.00106228	0.00201454	0.00778355	0.00132092	0.00067523	0.396765	0.00365244	0.0782401	0.0413151	0.0053942	0.00120916	0.00123747	0.00450636	0.00146573	0.0141132	0.4188	0.00250422	0.00257266
22	0.00306935	0.00137443	0.00656751	0.00671307	0.0156239	0.00211859	0.0171079	0.127534	0.00179015	0.530706	0.17383	0.00779416	0.000726402	0.0168051	0.00668414	0.0035742	0.00437838	0.0656732	0.00549108	0.00243876
23	0.0265658	0.00853534	0.00825853	0.0136922	0.119269	0.0198771	0.0422877	0.0192409	0.0132924	0.0338451	0.0196193	0.0137143	0.00431582	0.013813	0.0144918	0.0248318	0.0348411	0.0266069	0.194703	0.348199
24	0.0206641	0.00314139	0.00701838	0.00793373	0.0326047	0.00472398	0.0105348	0.161438	0.00513143	0.404905	0.132955	0.0102469	0.00270744	0.0145687	0.00898065	0.0125242	0.0237848	0.116927	0.00490685	0.0143027
25	0.0950608	0.00148789	0.0187815	0.0043002	0.00586752	0.743696	0.00194071	0.00497654	0.00465358	0.00304792	0.00285263	0.00974588	0.00418844	0.0103028	0.00282228	0.0564283	0.0101169	0.0104861	0.00324325	0.00600095
26	0.251852	0.00151088	0.0184392	0.0169199	0.00629233	0.44711	0.00259179	0.00451859	0.00526748	0.0049848	0.0159681	0.00464272	0.00186563	0.0450819	0.00349539	0.11593	0.0118492	0.0208031	0.00208639	0.0187898
27	0.268078	0.00601252	0.0146994	0.01494	0.00896651	0.0927707	0.00659504	0.0256476	0.0128084	0.0137805	0.0101747	0.0233672	0.150659	0.00827039	0.00984904	0.167845	0.0646764	0.0899839	0.00269805	0.0081781
28	0.117792	0.00497281	0.0157072	0.00435479	0.00428357	0.677638	0.0015225	0.00301391	0.00273774	0.00259261	0.00410841	0.0060534	0.00148309	0.0114461	0.00175512	0.113394	0.00955714	0.00884258	0.00283762	0.0059076
29	0.202512	0.0519099	0.00270804	0.00289591	0.00306176	0.00541996	0.00218533	0.0165656	0.00324805	0.00342413	0.0129304	0.00367699	0.00141024	0.00314248	0.0029384	0.149019	0.390397	0.138128	0.00115669	0.00327093
30	0.0972886	0.00112305	0.0169544	0.00301384	0.00510956	0.773208	0.00107876	0.00247507	0.00200899	0.00199611	0.00298406	0.00592428	0.000644323	0.0115572	0.00126093	0.0505823	0.00667403	0.00778812	0.00292938	0.00539885
31	0.00633721	0.00110409	0.00244802	0.00252991	0.221901	0.00281363	0.0179472	0.107105	0.0145372	0.0808403	0.0486463	0.00542064	0.00100446	0.00639698	0.028252	0.0411758	0.0237019	0.0227155	0.00185773	0.363265
32	0.075369	0.00114264	0.021233	0.00449819	0.00663274	0.773124	0.00333765	0.00409163	0.00517686	0.00433807	0.00306332	0.0124334	0.00330325	0.010748	0.00352431	0.040706	0.00773531	0.00888211	0.00404411	0.00661673
33	0.0451614	0.00596839	0.0568706	0.0235601	0.0200471	0.03315	0.020131	0.0715345	0.0314605	0.0348605	0.0186965	0.285	0.0124986	0.0265396	0.0277055	0.175209	0.0490023	0.0248306	0.00538172	0.0323917
34	0.0176711	0.00380492	0.00557819	0.00588977	0.572844	0.0131639	0.01551	0.0224738	0.00885474	0.0699175	0.0161986	0.00935892	0.00227511	0.00725038	0.0100785	0.0172715	0.0145539	0.0217593	0.0181679	0.147378
35	0.0674983	0.00164738	0.0521989	0.204444	0.00710484	0.102994	0.0234272	0.00671576	0.00860014	0.120784	0.116718	0.00647039	0.00284346	0.197323	0.0262108	0.00911762	0.00897791	0.00730481	0.00595257	0.0236674
36	0.0394188	0.00627809	0.0309736	0.183475	0.0175812	0.023203	0.0157224	0.15362	0.0324626	0.0278335	0.0218772	0.0298376	0.0188363	0.24909	0.0264055	0.0323606	0.0283203	0.0348909	0.00702485	0.0207883
37	0.00670279	0.000389515	0.00107627	0.00174346	0.00441296	0.00128564	0.00108187	0.392159	0.00184031	0.177194	0.0549021	0.00301354	0.000914843	0.00123051	0.00248543	0.0018439	0.013575	0.328229	0.00124912	0.00467102
38	0.0737546	0.000942099	0.0201167	0.00377764	0.00680774	0.789895	0.0019966	0.0049275	0.00332881	0.00389564	0.00339797	0.0084993	0.00189796	0.00915899	0.00217192	0.0386348	0.00694543	0.00915762	0.00363474	0.00705875
39	0.0747815	0.00535642	0.0351212	0.0421836	0.0170865	0.0253288	0.0174026	0.0520468	0.0361632	0.085281	0.0864152	0.0276968	0.237513	0.0245408	0.0282266	0.068733	0.0541604	0.0508755	0.0101967	0.0208909
40	0.0284767	0.00679841	0.00693721	0.0117484	0.106102	0.00763629	0.0164762	0.14892	0.0404322	0.154764	0.033101	0.0119722	0.00290389	0.034341	0.0180226	0.0284782	0.0341606	0.136973	0.00526504	0.166491
41	0.0330293	0.0017777	0.189176	0.0400924	0.0251439	0.0615651	0.0129519	0.00647811	0.0612327	0.0097561	0.00766925	0.182692	0.00849713	0.034244	0.0370334	0.105806	0.165691	0.00760684	0.0016735	0.00788278
42	0.14367	0.00106714	0.0113268	0.0456249	0.00654851	0.0129383	0.00228829	0.100736	0.0379059	0.146921	0.0554366	0.0297405	0.0133149	0.0254627	0.0345759	0.0802468	0.115971	0.12716	0.000714969	0.00835067
43	0.0335229	0.00182849	0.309908	0.081432	0.0256915	0.0420556	0.0357121	0.00431158	0.0308963	0.00920161	0.00155144	0.262289	0.00140733	0.0304269	0.0105666	0.0595072	0.0251	0.00327136	0.000659527	0.0306606
44	0.0269975	0.00516287	0.0551117	0.0285671	0.0560037	0.197985	0.0110132	0.0179714	0.0115057	0.247062	0.0772851	0.013743	0.00382459	0.112306	0.0148141	0.0196378	0.0156109	0.0185045	0.0546352	0.0122591
45	0.0322783	0.000426441	0.0828487	0.0745728	0.00170401	0.00578097	0.0125084	0.00635834	0.246315	0.0139691	0.00576605	0.123344	0.000385456	0.132188	0.14887	0.0585306	0.0439859	0.00513919	0.00104894	0.00397991
46	0.0321854	0.0011454	0.0555591	0.154346	0.00322547	0.023655	0.0299154	0.00441898	0.051439	0.0414892	0.00920613	0.00954025	0.291313	0.0845189	0.05916	0.0279307	0.053626	0.00627162	0.0216207	0.0394334
47	0.043065	0.0045268	0.0557753	0.0429355	0.0128014	0.0286557	0.0214739	0.0193778	0.143588	0.0276475	0.015994	0.143885	0.00967763	0.065281	0.201761	0.0682482	0.0501399	0.0224958	0.00387889	0.0187913
48	0.0378433	0.0028167	0.119921	0.110992	0.00261759	0.0232009	0.00427696	0.00262057	0.102346	0.0099534	0.00344797	0.216788	0.0975753	0.0345182	0.0322817	0.13341	0.0468494	0.00890064	0.00184805	0.00779325
49	0.221041	0.0232061	0.00491846	0.00800423	0.0679022	0.0805272	0.00456884	0.0774766	0.00787656	0.0454059	0.0407813	0.0110143	0.00448786	0.00601008	0.00829723	0.044153	0.0703066	0.225405	0.00236244	0.0462559
50	0.0352307	0.00277555	0.182775	0.0368012	0.016546	0.0503787	0.0969578	0.00986677	0.0237341	0.0127892	0.00455366	0.31431	0.00501886	0.0167703	0.0161868	0.118664	0.0202899	0.0100164	0.00161213	0.0247235
51	0.00653991	0.000384444	0.00112592	0.00201522	0.00401075	0.0013065	0.00111521	0.382304	0.00183618	0.183685	0.0553642	0.00273323	0.000916261	0.00126826	0.0025578	0.00179312	0.012079	0.332901	0.0010676	0.00499618
52	0.0135305	0.00232355	0.00377624	0.00438285	0.0188939	0.002927	0.00595877	0.27296	0.00294009	0.308617	0.0956561	0.00610595	0.0028425	0.00649812	0.00460699	0.00588872	0.0178246	0.212754	0.00315911	0.00835402
53	0.00699564	0.00261193	0.00201682	0.00266498	0.443626	0.00306358	0.0266475	0.0209053	0.00638517	0.0341649	0.0127107	0.00401219	0.000752519	0.00582736	0.00646246	0.00985757	0.00604476	0.00932407	0.016199	0.379728
54	0.0131488	0.000328537	0.00109712	0.00204149	0.00681994	0.00135627	0.000678858	0.411215	0.00342348	0.0931526	0.0427663	0.00559582	0.00112932	0.00121841	0.00389024	0.00154476	0.0148692	0.390337	0.00259142	0.00279572
55	0.0302055	0.00200594	0.338878	0.160092	0.00876452	0.0266587	0.0179033	0.00904767	0.0502236	0.0144056	0.00703616	0.0900459	0.029134	0.0447938	0.0180425	0.0640434	0.0539207	0.0179094	0.00297894	0.0139098
56	0.0287766	0.00472557	0.0150097	0.00861363	0.00999604	0.00974269	0.0130587	0.0139257	0.0105754	0.0121455	0.00978261	0.317307	0.00716474	0.0221766	0.011925	0.394888	0.0427735	0.0112756	0.00276952	0.0533675
57	0.154914	0.00242455	0.0283714	0.0369424	0.0108064	0.196639	0.0104433	0.0274684	0.0183684	0.0184923	0.00916606	0.0234554	0.227523	0.0173735	0.0173862	0.0754799	0.0675861	0.0399556	0.00519506	0.0120087
58	0.0246826	0.00529316	0.00217771	0.00455033	0.0132074	0.00413298	0.00130861	0.361971	0.00438984	0.0940727	0.0428221	0.00703821	0.00225695	0.00267989	0.00514406	0.00684038	0.0230313	0.38469	0.00283698	0.00687337
59	0.071232	0.00150433	0.0230747	0.00425027	0.00567851	0.799237	0.00210959	0.00262222	0.00337964	0.00309345	0.00239846	0.0109658	0.00112375	0.00837487	0.00200961	0.0366381	0.00542137	0.00728025	0.00401467	0.00559162
60	0.208571	0.0495377	0.00224009	0.00277188	0.00299079	0.00531837	0.0020165	0.0150911	0.00309023	0.0031372	0.0117988	0.00335946	0.0014554	0.00287106	0.00291804	0.146596	0.391808	0.140237	0.0011394	0.00305255
61	0.0852447	0.000941047	0.0195624	0.00500158	0.00570079	0.769969	0.00186215	0.00418047	0.00376479	0.00298522	0.00244954	0.00956669	0.00642762	0.00889829	0.00266099	0.0435251	0.00875963	0.00947519	0.00315243	0.00587287
62	0.00597664	0.00219383	0.00225695	0.00239453	0.596701	0.00283516	0.0170616	0.00682389	0.00377	0.0220154	0.0071182	0.00306513	0.000882495	0.0039737	0.00326915	0.00539604	0.0034927	0.00463888	0.0172193	0.288915
63	0.113746	0.00707323	0.0519412	0.032975	0.0172054	0.0431293	0.0149699	0.0169835	0.0369237	0.018041	0.0152285	0.17306	0.0207778	0.0201344	0.0249156	0.277501	0.0661452	0.0169314	0.00338575	0.0289324
64	0.00519937	0.00436484	0.00114907	0.001498	0.172484	0.00120868	0.0454661	0.0131876	0.00545275	0.0068897	0.0116201	0.00158936	0.000412758	0.00534359	0.0014946	0.00526153	0.0017675	0.00327456	0.0197953	0.692541
65	0.169738	0.0060097	0.00356812	0.0148082	0.00483935	0.00703816	0.00292243	0.0468559	0.0125283	0.00642283	0.00493699	0.00906735	0.00951113	0.0040631	0.00850053	0.041964	0.126535	0.50922	0.00153515	0.00993503
66	0.0166902	0.00128391	0.468598	0.187536	0.00580591	0.00918247	0.00455654	0.00393877	0.0302681	0.0067602	0.00305635	0.0630904	0.00554236	0.0260419	0.00460674	0.0583454	0.0760419	0.0211212	0.00140522	0.0061285
67	0.0543485	0.000887911	0.115426	0.0469108	0.00832465	0.0794029	0.0151272	0.00268133	0.072907	0.0108823	0.0124438	0.167967	0.0103839	0.0102168	0.0339302	0.24009	0.111154	0.00328168	0.000751568	0.00288269
68	0.276326	0.00220243	0.00504509	0.043618	0.024467	0.060934	0.0431581	0.00675628	0.0252594	0.305098	0.0037506	0.0069973	0.00195916	0.0454689	0.043906	0.0102219	0.00907022	0.0388719	0.00279534	0.0440947
69	0.00586321	0.00122465	0.00269772	0.00353637	0.346633	0.00301646	0.0111228	0.0110629	0.00475691	0.271294	0.0485688	0.00361223	0.00116636	0.00349696	0.00519176	0.00890328	0.00709824	0.0248922	0.001933	0.233929
70	0.210306	0.0491444	0.00222675	0.00276494	0.00299104	0.00523851	0.00198579	0.0150648	0.00308974	0.00316493	0.0116119	0.00331264	0.00203607	0.00287468	0.00288835	0.146365	0.38941	0.141346	0.00114097	0.00303751
71	0.0318433	0.00221514	0.00311797	0.0035897	0.00324937	0.00386438	0.0286827	0.00454879	0.269178	0.00575985	0.00286694	0.00956793	0.00164829	0.0236535	0.287824	0.0521287	0.252322	0.00722002	0.00161084	0.00510861
72	0.0157146	0.00118117	0.116528	0.0242914	0.00580053	0.0291316	0.00496541	0.0041093	0.0173408	0.00582228	0.00460511	0.308405	0.00334103	0.0171904	0.0109173	0.164861	0.254801	0.00554445	0.00146233	0.00398708
73	0.0497351	0.00310848	0.00946326	0.0146855	0.0105919	0.00809562	0.00444531	0.142406	0.016106	0.148333	0.0294004	0.0366013	0.0368278	0.00971079	0.0377987	0.0887335	0.201594	0.139443	0.00208185	0.0108388
74	0.113023	0.00225154	0.028586	0.0371188	0.008936	0.0206068	0.00956451	0.0503829	0.0278928	0.10465	0.0317283	0.0269535	0.217932	0.019497	0.044934	0.0917906	0.0949981	0.0542502	0.00432327	0.0105813
75	0.0628579	0.0130458	0.00123833	0.0017829	0.141715	0.0108997	0.0011739	0.196174	0.00233828	0.177831	0.0597383	0.00908929	0.000824978	0.00433714	0.00707165	0.0181369	0.083798	0.159997	0.00655873	0.0413904
76	0.00520619	0.00438233	0.00114855	0.00149182	0.172717	0.00119998	0.0454678	0.0132092	0.00542692	0.00689227	0.011634	0.00158609	0.000412747	0.00535262	0.00149665	0.00527245	0.00176275	0.00326161	0.0198406	0.692239
77	0.00787939	0.000378202	0.00122607	0.00231407	0.0047518	0.00138451	0.000994357	0.398178	0.00225151	0.159738	0.0532022	0.00346805	0.00101517	0.00138617	0.00281783	0.00186789	0.0135359	0.337826	0.00151152	0.0042729
78	0.0690261	0.0118632	0.00127464	0.00174869	0.139003	0.0137179	0.00113066	0.198671	0.0021672	0.15535	0.057235	0.0103033	0.000813724	0.00395451	0.00755468	0.0199521	0.0850498	0.170778	0.00505722	0.0453503
79	0.235304	0.109588	0.00503197	0.0061039	0.00634582	0.218111	0.0039553	0.0102924	0.0119632	0.00694418	0.00487959	0.00644279	0.00655274	0.00583424	0.00513961	0.252221	0.0858744	0.0104967	0.00270892	0.00621002
80	0.0404098	0.0020151	0.135639	0.1996	0.00637966	0.0379281	0.01576	0.0193834	0.0770684	0.0391142	0.0265907	0.0445123	0.0207616	0.184831	0.039462	0.0355161	0.0388016	0.0143087	0.00682181	0.0150961
81	0.109992	0.00995229	0.0425979	0.0338893	0.0199635	0.068834	0.017784	0.0221692	0.0472029	0.0215044	0.0164694	0.078732	0.0190019	0.0220422	0.0322451	0.29701	0.0733383	0.02884	0.0070898	0.0313417
82	0.00636183	0.00431749	0.00157232	0.00209683	0.180498	0.00218575	0.0453569	0.0180586	0.00718598	0.0163069	0.0138847	0.00270986	0.000557074	0.00672891	0.00534647	0.00718689	0.0034261	0.00610974	0.0180927	0.652017
83	0.0721067	0.000959005	0.0224421	0.00572638	0.00512385	0.788454	0.00268242	0.00298872	0.0063749	0.003052	0.00268956	0.0104277	0.00155411	0.0101602	0.00357202	0.0384736	0.00572974	0.00787824	0.00365223	0.00595222
84	0.060044	0.00505506	0.0251682	0.0133024	0.0362747	0.572952	0.00682114	0.0170517	0.00990448	0.0344809	0.0151632	0.012964	0.00333669	0.02294	0.00927608	0.040996	0.0168033	0.01507	0.0675088	0.0148876
85	0.0289273	0.00209665	0.0326396	0.0295523	0.00510944	0.0102753	0.0125403	0.0123888	0.323746	0.0176405	0.00660975	0.0578688	0.00189118	0.0688561	0.239661	0.0513092	0.0699848	0.014423	0.00202337	0.0124569
86	0.00931032	0.00174679	0.00285436	0.00315359	0.200839	0.00343387	0.0247739	0.114397	0.0127536	0.0809124	0.0969398	0.00687435	0.00112691	0.00690936	0.0225621	0.0442998	0.0235773	0.0348188	0.0022715	0.306446
87	0.47499	0.00374383	0.00463804	0.00480169	0.0115826	0.188666	0.00274476	0.01676	0.0229993	0.00531278	0.00592667	0.00495346	0.0116106	0.00673752	0.00382627	0.104851	0.0691713	0.0482697	0.0012937	0.0071208
88	0.31156	0.00227323	0.00442434	0.00688899	0.00514007	0.0196181	0.00379158	0.0355869	0.00735761	0.0119079	0.00570472	0.00699814	0.140694	0.00608818	0.00751631	0.124516	0.0553335	0.237235	0.00191455	0.00545056
89	0.171472	0.00694087	0.045835	0.123605	0.00364435	0.0710741	0.0297297	0.0265729	0.0792183	0.0182381	0.0281375	0.0411859	0.00104099	0.0849525	0.0540576	0.0973945	0.0228228	0.068853	0.00195277	0.0232727
90	0.0645326	0.0126245	0.0011578	0.00167691	0.146091	0.0110716	0.00103395	0.200065	0.00213109	0.167815	0.0570126	0.00940852	0.000830887	0.00397453	0.00715079	0.0183234	0.0847848	0.161325	0.00570561	0.0432855
91	0.380758	0.00487155	0.0056405	0.00604453	0.00504384	0.297964	0.00186204	0.00771146	0.0116854	0.00396942	0.0055938	0.00328628	0.0102426	0.0136137	0.00280897	0.169002	0.0458778	0.0155811	0.00105591	0.00738666
92	0.0896114	0.0033099	0.0302009	0.0418109	0.0107703	0.010342	0.0426143	0.0420096	0.109717	0.0937854	0.025923	0.0613793	0.00239981	0.0466808	0.0416707	0.0848276	0.031942	0.125914	0.0135592	0.091532
93	0.210122	0.00153914	0.00522561	0.0754858	0.00347003	0.00568902	0.00400096	0.0125055	0.0670263	0.147366	0.00736616	0.0276057	0.00209485	0.139955	0.0389483	0.0522384	0.0785321	0.109036	0.0019277	0.00986551
94	0.165138	0.00563572	0.0132921	0.00471365	0.00392632	0.595617	0.00156758	0.00402466	0.00509114	0.00301187	0.00466219	0.00601061	0.0041172	0.0130102	0.00208649	0.131623	0.0173526	0.0105304	0.00252905	0.00606048
95	0.0772316	0.0133552	0.00108732	0.0015851	0.0957714	0.0172606	0.0011537	0.205299	0.00239203	0.15525	0.0530087	0.0103496	0.00104168	0.00344702	0.00714319	0.022742	0.0891122	0.194649	0.00402778	0.0440931
96	0.335622	0.00403298	0.00414245	0.00432464	0.0326678	0.25571	0.00311429	0.0544173	0.00895915	0.0069798	0.00707767	0.00519231	0.0340786	0.00427498	0.00492891	0.0400922	0.0731883	0.109455	0.00202766	0.00971346
97	0.0042694	0.001284	0.00459868	0.00491486	0.0123212	0.00190877	0.0114154	0.19884	0.00183716	0.444099	0.139766	0.00593793	0.000923599	0.0120649	0.00514093	0.00351913	0.00752701	0.132164	0.00423581	0.00323209
98	0.16923	0.00592691	0.00689774	0.00601234	0.0503141	0.329684	0.00276225	0.0801563	0.00602247	0.0386996	0.0190095	0.0084848	0.0205078	0.00661451	0.00625061	0.0549628	0.0556077	0.108952	0.00555678	0.0183473
99	0.071289	0.0060352	0.148043	0.032972	0.010013	0.0652434	0.0195811	0.00735712	0.034252	0.0105223	0.00561378	0.297414	0.0217383	0.0103498	0.0215717	0.174629	0.0458684	0.00444117	0.000919401	0.0121468
100	0.272875	0.0023146	0.00398266	0.00389027	0.00810792	0.210776	0.00335828	0.0318185	0.00635517	0.0103836	0.00408274	0.00537835	0.168983	0.00408418	0.00553	0.112455	0.092217	0.0470413	0.00152339	0.00484352
101	0.0518174	0.00841192	0.00844476	0.0132723	0.283121	0.0643048	0.0100628	0.0279081	0.0103076	0.0854601	0.013623	0.0113685	0.00347024	0.0110805	0.0101301	0.0484364	0.0264075	0.0159692	0.278042	0.0183612
102	0.0107958	0.000628343	0.00111313	0.00186146	0.00769993	0.00181262	0.0007546	0.396412	0.00238032	0.140067	0.0506619	0.00425368	0.000925722	0.00130665	0.00318009	0.0022504	0.0187941	0.348413	0.0020172	0.00467118
103	0.0594609	0.00693026	0.0410582	0.0295707	0.0225918	0.0229449	0.154001	0.0221987	0.0411999	0.0257447	0.0180744	0.0821276	0.0179474	0.026578	0.0327578	0.26239	0.0501448	0.0316765	0.00513993	0.0474623
104	0.194768	0.00241312	0.0124211	0.018521	0.00887842	0.0388665	0.00628926	0.0500603	0.0164611	0.0782001	0.0221211	0.0156107	0.175351	0.0129758	0.0175981	0.082304	0.116108	0.118695	0.0030791	0.00927824
105	0.0282161	0.00181494	0.0220037	0.0743893	0.0055874	0.0212429	0.00376287	0.291302	0.00574262	0.0897479	0.060497	0.00650623	0.00245565	0.0230646	0.0221339	0.00949737	0.00944079	0.296528	0.00204141	0.0240253
106	0.0397514	0.0076955	0.180444	0.0337044	0.0164523	0.0198845	0.21428	0.0207296	0.0260574	0.024666	0.0148091	0.0601855	0.0117274	0.0210901	0.0249915	0.122822	0.0284167	0.0906554	0.00735226	0.0342845
107	0.0823781	0.00276711	0.00575616	0.0095284	0.0584983	0.00710764	0.00803491	0.0660539	0.0120947	0.045988	0.0304127	0.0398812	0.00256454	0.00925479	0.00934475	0.297859	0.100666	0.0122309	0.00323878	0.19634
108	0.0964041	0.0109483	0.00126255	0.00371994	0.0850665	0.0232868	0.00113485	0.196578	0.00289008	0.137077	0.0527253	0.0131694	0.00106793	0.00292567	0.00840315	0.0283595	0.0938165	0.194679	0.00269978	0.0437856
109	0.081724	0.000978874	0.027147	0.0223409	0.0220917	0.00394963	0.00201214	0.0935918	0.0327144	0.268348	0.105224	0.0509772	0.0385687	0.0180679	0.0205033	0.0844942	0.0535228	0.0604626	0.000796926	0.0124841
110	0.165634	0.00296206	0.00746687	0.0521134	0.0558883	0.00952102	0.0049341	0.0112271	0.00877778	0.0110402	0.0323641	0.0374084	0.00313788	0.00587165	0.00771614	0.412036	0.14268	0.00882141	0.00207175	0.018327
111	0.0175895	0.00441175	0.00266986	0.00376584	0.147272	0.00399544	0.0532722	0.0140709	0.00728503	0.0138053	0.0204149	0.00424895	0.000994911	0.00743368	0.00690718	0.0178391	0.00891234	0.00779112	0.0652419	0.592078
112	0.262619	0.00159217	0.00333619	0.00333974	0.0114373	0.291387	0.00262885	0.042247	0.00552594	0.00673572	0.00334652	0.00400778	0.131029	0.00362332	0.0043096	0.084026	0.0807219	0.0517893	0.00140106	0.00489648
113	0.0531666	0.00104502	0.104888	0.157629	0.0021921	0.00938621	0.0227209	0.00298154	0.059593	0.0128945	0.00388455	0.0148068	0.333215	0.0596143	0.0171247	0.0705786	0.0442407	0.00668806	0.0133836	0.00996645
114	0.00935815	0.00126834	0.00264511	0.00276722	0.215102	0.00285535	0.0167619	0.100442	0.0131985	0.0874839	0.04484	0.00623358	0.00102459	0.00622568	0.0250983	0.0515584	0.0274566	0.0212251	0.00201446	0.362441
115	0.101935	0.00989258	0.00451022	0.00833319	0.0760098	0.0191963	0.00464769	0.173677	0.00854787	0.179201	0.048322	0.0142187	0.0030263	0.00887252	0.0107948	0.0307303	0.0754196	0.165743	0.00415724	0.0527643
116	0.0395342	0.00826021	0.00315135	0.0121824	0.152211	0.0285853	0.132406	0.00335677	0.0584727	0.0860768	0.00284474	0.0324871	0.00116566	0.04706	0.0817715	0.0165914	0.00464117	0.0349268	0.0126079	0.241667
117	0.0460762	0.00155527	0.179383	0.0382864	0.0173794	0.1424	0.0339164	0.0175174	0.0322571	0.0202843	0.00177805	0.33678	0.0017838	0.0109686	0.0156039	0.0585432	0.0167397	0.00354104	0.000664784	0.0245416
118	0.0390823	0.00204234	0.168679	0.0385891	0.0197023	0.158707	0.0356613	0.0122201	0.033643	0.0199944	0.00159871	0.330227	0.000928262	0.0117765	0.0198169	0.0616326	0.013206	0.00234885	0.000555244	0.0295888
119	0.0168134	0.000443722	0.0012959	0.00284975	0.00718945	0.00169866	0.000758264	0.399182	0.00438218	0.0662438	0.0422055	0.00691149	0.00152497	0.00153813	0.00445918	0.001894	0.0143064	0.420436	0.00312876	0.00273832
120	0.0220447	0.0020418	0.327527	0.0413359	0.0436104	0.0349511	0.0221647	0.00681575	0.0193365	0.00967422	0.00338031	0.310516	0.0013296	0.0154083	0.00960058	0.0564284	0.0187819	0.00553962	0.0017189	0.0477943
121	0.0322697	0.0434439	0.00389125	0.0110784	0.144202	0.00955616	0.00301991	0.14338	0.00562613	0.144388	0.103495	0.00759615	0.00196667	0.0222618	0.00666001	0.0137021	0.0598426	0.169263	0.0500537	0.0243023
122	0.0399666	0.00656485	0.123307	0.0901709	0.0305126	0.032196	0.171431	0.0174216	0.0310194	0.0270666	0.0129347	0.0717887	0.0108339	0.0309994	0.0281564	0.0542433	0.0277555	0.0260454	0.00875627	0.15883
123	0.0333384	0.00598402	0.0917001	0.0283049	0.0269517	0.0425982	0.0344107	0.0209522	0.0277811	0.0246926	0.0119298	0.329942	0.00683223	0.0226825	0.0244931	0.114582	0.0362124	0.022875	0.00738435	0.0863526
124	0.0191254	0.00160378	0.000941542	0.00156208	0.018149	0.00278926	0.000618496	0.382256	0.0031802	0.0948214	0.0460554	0.0057203	0.000911423	0.00140845	0.00436338	0.00363127	0.0234389	0.38	0.00287757	0.0065462
125	0.00388345	0.00144363	0.00735028	0.00966379	0.0173969	0.00245133	0.0177208	0.089581	0.00234865	0.561409	0.189658	0.00867124	0.000747213	0.0233066	0.00858323	0.00466471	0.00452584	0.0378908	0.00634091	0.00236192
126	0.0749323	0.00217031	0.0414124	0.0628414	0.0110932	0.0113233	0.0253842	0.0265238	0.169408	0.0406626	0.0209519	0.0813144	0.000552336	0.0837616	0.0880175	0.116091	0.0639777	0.0236636	0.00349242	0.0524263
127	0.0659833	0.0129133	0.00111354	0.00162891	0.126371	0.012165	0.00100809	0.200859	0.00239784	0.180776	0.0556212	0.00925845	0.000824778	0.00393256	0.00711578	0.0194894	0.0856181	0.16414	0.00548623	0.0432976
128	0.00671251	0.00185873	0.00627854	0.00670858	0.0167644	0.00238976	0.0135926	0.145855	0.00253026	0.469446	0.183926	0.00758956	0.00127523	0.0146137	0.00644186	0.00656488	0.0109466	0.0870367	0.00504154	0.00442738
129	0.0385028	0.00262192	0.175457	0.0524253	0.017438	0.135325	0.0350098	0.0105896	0.0359901	0.0246491	0.0034106	0.299329	0.00282803	0.0188687	0.034125	0.0568996	0.0151589	0.00526076	0.000950539	0.0351609
130	0.0492119	0.00168438	0.102241	0.0422549	0.0137024	0.158954	0.0186258	0.00280687	0.0687878	0.00898252	0.00912098	0.169504	0.00841383	0.0121394	0.035251	0.169797	0.117662	0.00378079	0.00077324	0.00630636
131	0.0703174	0.00190636	0.0457244	0.0882254	0.0238687	0.00616536	0.0240298	0.0874649	0.122113	0.0272568	0.00544041	0.0367407	0.188516	0.0932762	0.0462299	0.0110984	0.00884759	0.104454	0.00208253	0.00624235
132	0.0126527	0.000380313	0.000937556	0.00176318	0.00698302	0.00118953	0.000659842	0.389916	0.00315877	0.103323	0.0446403	0.0044544	0.0010305	0.00116886	0.00378988	0.00149784	0.0133617	0.404188	0.00193485	0.00296961
133	0.0341915	0.00162203	0.0046428	0.00418835	0.00331126	0.00357935	0.0157563	0.007013	0.329168	0.00820579	0.0030862	0.0151582	0.00120638	0.028283	0.330444	0.0540951	0.137902	0.00945386	0.0017652	0.00692805
134	0.124123	0.00429079	0.0182104	0.0398979	0.00987639	0.0122495	0.0364241	0.0310585	0.111225	0.036083	0.0255033	0.0608006	0.000674422	0.0655136	0.0510597	0.168089	0.0740451	0.0336075	0.00310177	0.0941662
135	0.00339477	0.00140078	0.00753514	0.00798866	0.0182366	0.00242622	0.0181886	0.0876734	0.00201626	0.568721	0.187871	0.00924157	0.000693617	0.0240317	0.00776399	0.00389375	0.0036061	0.0363532	0.00676982	0.00219405
136	0.170966	0.00730099	0.0399386	0.121517	0.00353122	0.0722878	0.0295317	0.0258934	0.0766654	0.0183471	0.0244435	0.0446144	0.000853441	0.086514	0.0583938	0.104962	0.0212065	0.0659931	0.00183117	0.0252098
137	0.0623564	0.00187432	0.117761	0.130622	0.00413624	0.293123	0.00421415	0.024037	0.0252368	0.00630087	0.0039917	0.0969975	0.0577388	0.0261852	0.00599356	0.0288712	0.0447175	0.0585839	0.00164712	0.00561265
138	0.0444822	0.0017166	0.328442	0.159987	0.00711174	0.0233246	0.0189223	0.00491458	0.047184	0.0110355	0.00433944	0.121469	0.0146271	0.0402717	0.0173042	0.0816567	0.049103	0.0122768	0.00179717	0.0100348
139	0.0508379	0.00921515	0.0021691	0.00295731	0.158879	0.0108104	0.00448479	0.205604	0.0051108	0.134261	0.0577621	0.0156348	0.00129354	0.00534233	0.0166186	0.0218375	0.0651588	0.136833	0.00430722	0.0908824
140	0.042992	0.0262517	0.0029084	0.00549704	0.117673	0.0088892	0.00368851	0.169475	0.00348813	0.21781	0.0979832	0.00859098	0.00125326	0.0109966	0.00633602	0.0159206	0.0643164	0.147577	0.0174852	0.0308666
141	0.0170482	0.00154951	0.0109977	0.0114179	0.00412926	0.00507494	0.00627983	0.0188965	0.352814	0.0211313	0.00429219	0.0533111	0.00164143	0.0602264	0.297994	0.0332979	0.05879	0.0202365	0.0019583	0.018913
142	0.0593257	0.0015904	0.101035	0.120784	0.00337612	0.00756973	0.0333528	0.00324313	0.0521542	0.00906424	0.00506208	0.0168044	0.377592	0.0259486	0.0131718	0.101194	0.0462448	0.00643241	0.00794829	0.00810555
143	0.189604	0.00196071	0.00383567	0.0384324	0.00436461	0.0090953	0.00346326	0.0789464	0.0416212	0.0410952	0.01473	0.0250395	0.0072941	0.0136083	0.0300358	0.0670282	0.123055	0.293271	0.00154344	0.0119757
144	0.0155622	0.000617211	0.0018163	0.00263768	0.00580898	0.00203917	0.00127782	0.440882	0.00500355	0.0493299	0.0390187	0.0135539	0.00206757	0.00219974	0.0042895	0.00371479	0.0345779	0.363522	0.0091261	0.00295554
145	0.0575294	0.00219689	0.243756	0.103214	0.0111151	0.0430759	0.0607175	0.00402383	0.0542157	0.0147085	0.00245145	0.204613	0.00232896	0.0555485	0.0262796	0.0690122	0.0245416	0.00397822	0.000794182	0.0158994
146	0.0170056	0.000430958	0.00129775	0.00235037	0.00717599	0.00159008	0.000739186	0.402274	0.00434284	0.0648247	0.0418792	0.00701253	0.00157109	0.00151311	0.00429118	0.00185636	0.0145546	0.419499	0.00328122	0.00250972
147	0.0308073	0.00130971	0.224003	0.165006	0.00453145	0.0508714	0.00801854	0.00406199	0.0697711	0.0116146	0.00337808	0.121937	0.0481842	0.0663818	0.0167919	0.0830915	0.0656937	0.0155037	0.00201604	0.0070277
148	0.0667834	0.00148889	0.0678055	0.160952	0.00374687	0.0222314	0.0327137	0.0104172	0.136351	0.043813	0.0181314	0.057401	0.0111771	0.118401	0.0845153	0.0527808	0.048506	0.0151895	0.0119798	0.0356144
149	0.0581495	0.0194881	0.00267188	0.00306059	0.0810321	0.011971	0.00207728	0.196389	0.00400924	0.224796	0.0561431	0.0105497	0.00227978	0.00447406	0.00691472	0.0331804	0.0966562	0.136052	0.00434041	0.045765
150	0.0126321	0.00136047	0.00172813	0.00288101	0.00987341	0.0025744	0.00126856	0.369641	0.00266145	0.166444	0.0512633	0.00403761	0.00111394	0.00190634	0.0036723	0.00369612	0.0170413	0.336566	0.00160643	0.00803275
151	0.0802937	0.00180395	0.110936	0.0591187	0.00735716	0.0469606	0.010453	0.00275022	0.0643866	0.00710988	0.0128469	0.21964	0.0158368	0.0154076	0.0300896	0.202601	0.104654	0.00376637	0.000807506	0.00318041
152	0.045664	0.00175553	0.127273	0.0512527	0.00771775	0.0715609	0.0105745	0.00224373	0.0789321	0.0078797	0.0080642	0.215372	0.0301878	0.0138981	0.0336336	0.180369	0.104694	0.00440183	0.000757025	0.00376852
153	0.00659236	0.00037749	0.0010523	0.00175163	0.00400372	0.00125834	0.00110469	0.383239	0.00186166	0.182897	0.0550037	0.00274054	0.000915676	0.00122594	0.00253272	0.00175834	0.0121315	0.333538	0.00109451	0.00492127
154	0.0328118	0.000414348	0.0844251	0.0762015	0.00187965	0.00591852	0.0135584	0.0071451	0.240223	0.0158215	0.00640119	0.12501	0.000689791	0.130118	0.144385	0.0602656	0.0436253	0.00529449	0.00115817	0.00465325
155	0.0109517	0.000944547	0.00128364	0.00262083	0.00881242	0.00174737	0.0010576	0.375823	0.00238109	0.15237	0.0507602	0.00344417	0.000940259	0.00154208	0.00336453	0.00227604	0.0153728	0.356882	0.00167989	0.00574682
156	0.0956808	0.010737	0.0013593	0.003599	0.0849074	0.0234257	0.00132018	0.19629	0.0030234	0.134999	0.0528569	0.0144078	0.00110193	0.00315881	0.00838796	0.0283486	0.0945309	0.193336	0.00297336	0.0455556
157	0.0163452	0.000426847	0.00109181	0.00189215	0.00708809	0.00145134	0.00074631	0.411749	0.00519493	0.0581122	0.0394558	0.00828835	0.00153479	0.00136159	0.00417539	0.0019927	0.0151721	0.417921	0.00379835	0.00220209
158	0.00471116	0.00229867	0.00191893	0.00205131	0.202889	0.00218454	0.0332006	0.0794337	0.0104692	0.0495569	0.0303955	0.00362232	0.000736727	0.00712534	0.0157303	0.0227171	0.0120975	0.0198951	0.00747013	0.491497
159	0.0109586	0.00202299	0.0289028	0.00849732	0.00487824	0.00929863	0.00451892	0.00704805	0.0059491	0.00592259	0.00461981	0.413709	0.00261987	0.0486004	0.00546135	0.253216	0.16183	0.00643667	0.00220287	0.0133073
160	0.0905714	0.000631668	0.0181153	0.00346933	0.00522	0.778619	0.0014689	0.00347187	0.00301189	0.00211235	0.0025827	0.00668984	0.00282641	0.00943612	0.00164253	0.045312	0.00805375	0.00866585	0.00306417	0.00503447
161	0.0286167	0.00489716	0.0149258	0.0201634	0.00976081	0.0726257	0.0535146	0.0616687	0.0193997	0.0183311	0.0998332	0.147526	0.00609554	0.2935	0.0625651	0.0272603	0.0197635	0.0198645	0.00476214	0.0149261
162	0.0867485	0.0114356	0.00131687	0.00297659	0.0905018	0.0214378	0.00110405	0.196563	0.00274001	0.155668	0.054312	0.0117355	0.00103041	0.00294298	0.00869368	0.026293	0.0894938	0.189442	0.00302501	0.0425387
163	0.0570174	0.00955307	0.001876	0.00194833	0.0868011	0.0108578	0.000905065	0.261789	0.00271351	0.150806	0.0563344	0.00922729	0.0016413	0.00345277	0.00621935	0.0172099	0.0690421	0.216115	0.00431918	0.0321711
164	0.0177604	0.395539	0.00808307	0.00956965	0.00948018	0.00885453	0.00758703	0.0806501	0.0103861	0.0123048	0.00778932	0.0114523	0.0037915	0.009397	0.0108496	0.017742	0.0493454	0.315838	0.00376405	0.00981554
165	0.0955617	0.0239728	0.0901828	0.022972	0.00539791	0.0157168	0.00825632	0.00673948	0.0250648	0.00906755	0.00606747	0.290724	0.0871239	0.0111123	0.0340389	0.225311	0.0231262	0.00921473	0.00277875	0.00757088
166	0.225246	0.0190255	0.00552613	0.00960025	0.0096938	0.109484	0.00465212	0.0398352	0.0134549	0.0106675	0.00870262	0.0119891	0.0273216	0.00693612	0.00767198	0.223867	0.198011	0.0515243	0.00225891	0.0145318
167	0.0795138	0.00084648	0.0306804	0.0165596	0.0114542	0.00421436	0.00190401	0.139619	0.0424456	0.219265	0.0980326	0.0423983	0.0637295	0.0124786	0.0173214	0.0742999	0.065992	0.0706233	0.00089456	0.0077273
168	0.141425	0.000932305	0.0141233	0.00511151	0.00681763	0.665866	0.00149302	0.00861296	0.00343681	0.00367124	0.00423689	0.00559631	0.0123721	0.0123042	0.00233323	0.0647519	0.0146916	0.0232604	0.00262701	0.00633615
169	0.257092	0.00298343	0.00672759	0.0528608	0.00633158	0.00932754	0.00659365	0.00949605	0.0292727	0.0746045	0.00646496	0.0391714	0.00281868	0.150086	0.0186324	0.0295326	0.194103	0.0657385	0.00292111	0.035242
170	0.0772302	0.00108512	0.0283174	0.0384821	0.0133348	0.00567959	0.00280924	0.109759	0.0284275	0.255926	0.110399	0.0340048	0.0258263	0.0235708	0.0187645	0.0705985	0.060096	0.0857051	0.00133941	0.00864546
171	0.0886456	0.00128486	0.071207	0.0753482	0.00390061	0.0125733	0.0281717	0.0125749	0.172242	0.0406426	0.015685	0.102768	0.000519077	0.106798	0.10569	0.075416	0.0404327	0.0216098	0.00322811	0.0212619
172	0.0374269	0.0161155	0.00776432	0.0155335	0.175967	0.0398061	0.0108795	0.0548386	0.00899047	0.102725	0.0318608	0.011672	0.00309608	0.0144312	0.0101086	0.0320563	0.0629852	0.0512514	0.273006	0.0394859
173	0.00661482	0.000383116	0.00106617	0.00178815	0.00408711	0.00127356	0.00110481	0.383076	0.00185077	0.183502	0.0551192	0.00271284	0.000918945	0.00126813	0.00253751	0.00178396	0.0122164	0.332676	0.00107743	0.00494364
174	0.0470546	0.000630458	0.105761	0.0851185	0.00185399	0.00981974	0.0302952	0.00545378	0.208857	0.0176798	0.00659982	0.128761	0.000476178	0.121818	0.126894	0.0551969	0.0355216	0.00559503	0.00143941	0.00517313
175	0.0314414	0.000413357	0.0811685	0.0718771	0.00177883	0.00575855	0.0113146	0.00664553	0.250801	0.0133277	0.00575219	0.119229	0.000402552	0.128883	0.157819	0.059243	0.0435557	0.00558705	0.00103963	0.00396279
176	0.00369596	0.00246868	0.00767088	0.00767951	0.0219272	0.00260112	0.0173077	0.0900565	0.00249004	0.546352	0.197305	0.00992533	0.000759314	0.0216778	0.00720416	0.00483422	0.00586996	0.0376183	0.00999112	0.00256506
177	0.0325379	0.00043026	0.0830831	0.0744465	0.00171639	0.00581672	0.0125331	0.00631251	0.246535	0.0139392	0.00574937	0.123097	0.000396596	0.131851	0.149163	0.0582465	0.0438718	0.00521616	0.00105023	0.00400822
178	0.0412189	0.0119765	0.0132174	0.0166978	0.182885	0.0851893	0.00744972	0.0707051	0.0113617	0.0706463	0.0266615	0.013342	0.00449375	0.0190592	0.0124006	0.0367192	0.0340992	0.0342978	0.287574	0.0200049
179	0.0314605	0.00141991	0.153477	0.137293	0.00292874	0.0166552	0.00537276	0.00284351	0.12142	0.0159587	0.00334387	0.104737	0.110169	0.0258436	0.0419376	0.148808	0.0468005	0.0144748	0.00197487	0.0130818
180	0.0338809	0.00877459	0.139647	0.0662921	0.00918966	0.286697	0.0432465	0.00392211	0.0568533	0.0138603	0.00209151	0.167893	0.00126446	0.0357652	0.0402361	0.0396742	0.0133083	0.00423032	0.00115865	0.0320151
181	0.0905554	0.00140597	0.0355053	0.0171602	0.0118209	0.00585229	0.00350793	0.139731	0.0692406	0.200949	0.096226	0.0327178	0.029106	0.0133833	0.0442081	0.0917751	0.0502158	0.0542744	0.00304045	0.00932363
182	0.159923	0.0094746	0.0431217	0.124721	0.00343876	0.0858595	0.0268157	0.0270974	0.0746245	0.0163109	0.0228618	0.045212	0.0021179	0.0883188	0.0601813	0.0995525	0.0191593	0.0676556	0.00195183	0.0216013
183	0.191056	0.00189419	0.0124573	0.00388536	0.017499	0.606819	0.00161189	0.0109696	0.004139	0.00328077	0.00497576	0.00526421	0.00923651	0.0103471	0.00254683	0.0445682	0.0259029	0.0265375	0.00247833	0.0145299
184	0.00512467	0.00434986	0.00116225	0.00151633	0.173357	0.0012494	0.0451924	0.0141577	0.00557912	0.00732284	0.0117745	0.00165597	0.000413906	0.00537793	0.00169726	0.00547487	0.00197723	0.00350513	0.0195923	0.68952
185	0.0299882	0.0180663	0.00626676	0.047319	0.0407841	0.00506564	0.055544	0.029826	0.0485756	0.0646421	0.0220942	0.0107648	0.00197586	0.0249593	0.0549656	0.062426	0.0616333	0.295804	0.00345014	0.115849
186	0.0227757	0.00108552	0.034976	0.0318654	0.00263801	0.00489257	0.00778662	0.00925021	0.355982	0.0129258	0.00428086	0.0648923	0.000942606	0.0857279	0.231722	0.0545477	0.0545496	0.0100488	0.00136866	0.00774114
187	0.105524	0.0345145	0.00720745	0.014881	0.0062949	0.00742921	0.0286025	0.00956103	0.121816	0.0106373	0.00680517	0.0503209	0.00155734	0.0432056	0.0876854	0.222082	0.155371	0.0455535	0.00185054	0.0391004
188	0.0438974	0.0128679	0.00381621	0.010879	0.165446	0.030961	0.135271	0.00442092	0.043583	0.0801581	0.00345965	0.032407	0.00144858	0.0423681	0.0618133	0.0138919	0.00465223	0.0454013	0.012397	0.25086
189	0.0162436	0.0021962	0.107169	0.0996334	0.0028698	0.124531	0.00791716	0.00498795	0.282331	0.00743556	0.00540698	0.0754652	0.00214318	0.110952	0.0949309	0.0249311	0.0154888	0.0072322	0.00123902	0.00689598
190	0.0253906	0.000788453	0.0587847	0.053554	0.0026532	0.00832811	0.00879673	0.00975224	0.263763	0.0150438	0.00651594	0.120055	0.00110164	0.114491	0.201685	0.0495305	0.0414925	0.00898005	0.001266	0.008027
191	0.00743006	0.00113921	0.00315261	0.00319906	0.684549	0.0052933	0.00621011	0.0040211	0.00376904	0.126783	0.0181228	0.0041313	0.00134001	0.00371557	0.00398984	0.00708812	0.00567296	0.010697	0.00926932	0.0904271
192	0.119078	0.00530835	0.0239046	0.0591326	0.0112971	0.0197203	0.0363296	0.0235359	0.116428	0.028512	0.0181283	0.0635015	0.000675843	0.0713878	0.0556169	0.167762	0.0713533	0.0351786	0.00276573	0.0703837
