447	20
1	0.0505462	0.0265102	0.010863	0.0133794	0.0100058	0.0543453	0.0270431	0.0926894	0.0377132	0.0851259	0.0283722	0.0289729	0.00375012	0.0765982	0.0354597	0.211939	0.156142	0.0226534	0.00206228	0.0258287
2	0.0251363	0.0302314	0.00171165	0.00850413	0.129988	0.0016479	0.00187483	0.0636618	0.00520469	0.372589	0.076962	0.00860779	0.000649897	0.00480598	0.0105011	0.0124304	0.00374498	0.0606586	0.13146	0.0496298
3	0.0863067	0.00570387	0.111068	0.160552	0.00217582	0.0382221	0.0290999	0.0160873	0.08581	0.0262308	0.0104492	0.0693938	0.0112848	0.0933364	0.0674024	0.0821716	0.072476	0.0272866	0.000154077	0.00478922
4	0.0253851	0.00475276	0.011869	0.0207281	0.0657373	0.0130273	0.0225573	0.168071	0.0839349	0.10372	0.045631	0.0201298	0.0018081	0.0338454	0.0370287	0.0445313	0.100989	0.159576	0.00259572	0.0340822
5	0.0148672	0.00683152	0.00336711	0.00212126	0.0336125	0.00118438	0.0012214	0.340283	0.00306487	0.33753	0.0542243	0.00276131	0.000992044	0.00278175	0.0020821	0.00954665	0.0110471	0.165553	0.000317905	0.00661063
6	0.0836947	0.0057642	0.112665	0.160469	0.0024933	0.0359221	0.0299958	0.0155606	0.087697	0.0266276	0.0108459	0.070388	0.00985206	0.0925589	0.0704828	0.0818551	0.071455	0.0268472	0.000129071	0.00469601
7	0.0771565	0.0214868	0.0122853	0.0104337	0.00465479	0.112032	0.0251545	0.0183567	0.0444392	0.0252709	0.0161491	0.0633911	0.00415067	0.0487553	0.0479528	0.344049	0.0763062	0.0262954	0.000739404	0.0209402
8	0.0843123	0.00954791	0.0919028	0.136522	0.00428445	0.0362251	0.0313503	0.0213502	0.0896607	0.034267	0.0158503	0.0696446	0.0105844	0.0905086	0.0688499	0.0865795	0.0759462	0.0356674	0.000147372	0.00679861
9	0.0475375	0.0118943	0.0172824	0.0258248	0.0186429	0.0134642	0.0242033	0.104732	0.086986	0.224345	0.0519656	0.0397442	0.005611	0.0447871	0.0405472	0.0585851	0.077059	0.08904	0.00270751	0.0150413
10	0.0980156	0.0391866	0.0287395	0.069546	0.0237951	0.0317378	0.0245007	0.0341338	0.0549982	0.0476334	0.0327522	0.0390366	0.00641711	0.0723272	0.0756314	0.165423	0.0658861	0.0516126	0.00386906	0.0347579
11	0.0108993	0.0112666	0.00569934	0.0112869	0.460489	0.00267555	0.0352444	0.0173878	0.0101311	0.046773	0.00810478	0.0138652	0.0015142	0.0109084	0.0138113	0.0126398	0.0135468	0.0144576	0.0121216	0.287177
12	0.126095	0.0146871	0.0379195	0.0869207	0.0112815	0.0317069	0.0208265	0.0471903	0.0478994	0.0581317	0.0514444	0.042805	0.0373663	0.0772637	0.035946	0.105302	0.0732889	0.0832828	0.00177513	0.0088669
13	0.0262669	0.00332129	0.160278	0.558598	0.0112031	0.00317685	0.0022895	0.021904	0.0199214	0.0261279	0.00849518	0.00551473	0.00139887	0.087318	0.0145165	0.0205882	0.012055	0.00797361	0.00047412	0.00857838
14	0.0208193	0.00707541	0.00214138	0.00194755	0.0121464	0.000752111	0.00375633	0.0922163	0.00643839	0.677575	0.0724913	0.00292174	0.000319426	0.00384751	0.00464209	0.0192352	0.00946646	0.0554474	0.000265854	0.0064945
15	0.0131085	0.0176162	0.00446244	0.00472697	0.295607	0.00266231	0.0437971	0.0211173	0.00929534	0.0643341	0.012998	0.00929522	0.00229629	0.0130815	0.00863585	0.0128332	0.00966866	0.0207137	0.0243094	0.409441
16	0.0670796	0.0069516	0.0682302	0.0951832	0.00484342	0.0389052	0.038592	0.0165492	0.133437	0.0264995	0.0103654	0.0795911	0.005506	0.0877952	0.123045	0.103315	0.0729706	0.0162807	0.000835185	0.00402438
17	0.0642032	0.00745932	0.018883	0.0204778	0.0412682	0.0106999	0.136887	0.0339152	0.0819299	0.0446761	0.0130161	0.0801025	0.00413328	0.020949	0.0147908	0.124538	0.164988	0.0186894	0.00484324	0.0935498
18	0.222356	0.0798295	0.00715659	0.00694629	0.00405028	0.0452726	0.00258862	0.0727885	0.00433808	0.0388484	0.0284754	0.0101777	0.0175394	0.00990893	0.00410346	0.145601	0.0761313	0.218374	0.0014787	0.00403545
19	0.027071	0.00815071	0.0797181	0.108005	0.146404	0.00982496	0.055413	0.0219758	0.0274525	0.0437979	0.0129957	0.0388177	0.00305294	0.0287881	0.0191852	0.0406362	0.0240189	0.0214096	0.0165545	0.266729
20	0.0784853	0.0102373	0.0834976	0.115777	0.00655893	0.0327238	0.0312918	0.0288489	0.0957922	0.0408997	0.0205234	0.0813219	0.00796093	0.0854229	0.075395	0.078747	0.0739128	0.0403023	0.000820453	0.0114809
21	0.0209266	0.00712649	0.00160863	0.00175646	0.0117688	0.000516695	0.00216231	0.0873058	0.00432389	0.699984	0.0753335	0.00174481	0.000258519	0.00189447	0.00373602	0.0183623	0.00637517	0.0482924	0.000185609	0.00633755
22	0.0777633	0.0412776	0.00283278	0.00281422	0.0114981	0.00804331	0.00196006	0.207543	0.00230701	0.0508279	0.0227269	0.00473519	0.0088287	0.00533539	0.00230046	0.037897	0.0589371	0.441361	0.00360023	0.00741088
23	0.0434384	0.00463053	0.0216313	0.102852	0.0191264	0.00456715	0.00766609	0.0294492	0.207272	0.0642637	0.0319688	0.015126	0.00260206	0.0960379	0.169521	0.0269941	0.0939475	0.042619	0.00846671	0.00782028
24	0.0472347	0.0152367	0.00387799	0.0069698	0.0359561	0.00674677	0.00648961	0.0836896	0.0118169	0.528705	0.088148	0.00970846	0.00152068	0.0105472	0.00963532	0.028564	0.018386	0.0643499	0.00584931	0.0165679
25	0.0121947	0.00979871	0.00560995	0.005005	0.247612	0.00279316	0.0552671	0.0225501	0.0123884	0.0602125	0.0129928	0.0134082	0.00227004	0.014374	0.0132755	0.0151198	0.00596936	0.0173892	0.0267862	0.444984
26	0.060638	0.00847859	0.0720422	0.0951676	0.00974197	0.0277082	0.0231464	0.0120574	0.0266589	0.00974616	0.00343299	0.192212	0.00888167	0.0286814	0.0224057	0.209235	0.151683	0.0232351	0.00331013	0.0115376
27	0.0393087	0.0198353	0.0218675	0.0406891	0.0029757	0.0240758	0.0416111	0.0286605	0.203053	0.050253	0.0230694	0.0787108	0.00239306	0.0694668	0.247673	0.0557458	0.0361592	0.010798	0.000497736	0.00315618
28	0.0142694	0.0114214	0.00678485	0.00347049	0.0788529	0.000845681	0.000684663	0.280663	0.00265044	0.26956	0.0834847	0.00426375	0.000871979	0.00272244	0.00155989	0.00763609	0.0192357	0.191698	0.00204838	0.0172767
29	0.0372769	0.0044975	0.0172073	0.0688718	0.0148977	0.00825487	0.0220002	0.0533653	0.245069	0.0387963	0.0186304	0.0294287	0.00619831	0.100359	0.135325	0.0431697	0.0769563	0.0542194	0.00311144	0.0223647
30	0.106073	0.0131615	0.0419992	0.0971402	0.0110798	0.0300254	0.0271907	0.0433434	0.0811978	0.0657249	0.0306432	0.0421308	0.00975087	0.0810948	0.0606186	0.0969086	0.0695253	0.0801531	0.000202495	0.0120366
31	0.0273391	0.0308718	0.00182293	0.00752908	0.144467	0.000994594	0.00106611	0.103024	0.00419149	0.398481	0.0841268	0.00776025	0.000476538	0.00336333	0.00885848	0.0116998	0.00495655	0.0855659	0.0232049	0.0502006
32	0.0341269	0.00924252	0.00483853	0.00755215	0.0185445	0.00319009	0.0105046	0.0986688	0.016028	0.500414	0.0958821	0.0120832	0.00224239	0.0163171	0.0100452	0.0361035	0.0336401	0.0800909	0.000816222	0.00966943
33	0.0838359	0.00718409	0.107325	0.155704	0.00264344	0.0361359	0.0299561	0.0170233	0.0874625	0.0284911	0.0123905	0.0709136	0.0111983	0.0929093	0.0680658	0.0795315	0.0740584	0.0294338	9.61864e-05	0.00564183
34	0.112059	0.013287	0.0351877	0.0931187	0.0121286	0.0296071	0.0260928	0.0471268	0.0763189	0.0709807	0.0326367	0.0360591	0.00819645	0.078833	0.0579473	0.101187	0.0690703	0.0874327	0.000283478	0.0124458
35	0.0258147	0.0306344	0.00199101	0.00802247	0.130094	0.000986004	0.00105523	0.0915256	0.00465996	0.402373	0.100223	0.0085926	0.000456329	0.00474485	0.00963591	0.0116169	0.0048461	0.0831506	0.0261317	0.0534456
36	0.0934373	0.0106222	0.0368548	0.0834195	0.0141584	0.0243965	0.0274659	0.0487022	0.113002	0.0625329	0.0283757	0.0442399	0.00825745	0.0812564	0.0751763	0.0850567	0.0657399	0.0780554	0.00119724	0.0180537
37	0.105584	0.0227707	0.0242625	0.095385	0.00945596	0.0275201	0.0229514	0.0489524	0.0808805	0.0601152	0.0255521	0.0256128	0.00788299	0.0788262	0.075687	0.114157	0.0712397	0.0932547	0.000396955	0.00951374
38	0.0117782	0.00894938	0.00508968	0.00393059	0.255378	0.00290213	0.0456893	0.0218271	0.0110493	0.0498526	0.0131701	0.00960252	0.00197963	0.0120818	0.0088487	0.013661	0.00346408	0.0155707	0.0520252	0.45315
39	0.08325	0.00599144	0.114431	0.167337	0.00265825	0.0351739	0.0291114	0.0157882	0.0832117	0.0275699	0.0108117	0.0720004	0.0100811	0.0901014	0.0661615	0.0802001	0.0721806	0.0284578	0.000101136	0.00538044
40	0.0423133	0.00504184	0.267057	0.266803	0.0116134	0.0174494	0.0228257	0.0230933	0.0429271	0.0231313	0.00634363	0.0669639	0.0037489	0.0391742	0.0300353	0.0629697	0.0354309	0.0234591	0.000157412	0.00946119
41	0.0117501	0.00844396	0.00662875	0.00622647	0.205311	0.0035542	0.0839024	0.0220572	0.0152419	0.0520451	0.012391	0.0165316	0.00287173	0.0380763	0.0142809	0.0167103	0.00556833	0.0211156	0.0257134	0.43158
42	0.0328413	0.0249125	0.0170721	0.0409594	0.0061329	0.0206928	0.037118	0.0461514	0.197493	0.0588353	0.0282232	0.0639407	0.00397133	0.0824928	0.194883	0.0441375	0.0573323	0.0338479	0.000853844	0.00810849
43	0.203158	0.0992772	0.0154261	0.0295066	0.0210886	0.0655978	0.0079009	0.0368311	0.00910665	0.0188795	0.0175289	0.0244782	0.00909026	0.0270808	0.0122496	0.280486	0.0506393	0.0433515	0.00315196	0.0251709
44	0.0537206	0.0069953	0.00988231	0.0175229	0.0296006	0.00538183	0.00811784	0.156681	0.0260415	0.226497	0.086433	0.0155254	0.0103061	0.0212088	0.0160971	0.0761185	0.0847612	0.129332	0.00266926	0.017107
45	0.0471441	0.00582111	0.0206013	0.059272	0.0111321	0.0242237	0.029507	0.0360908	0.223935	0.0336956	0.0129506	0.0565072	0.00507546	0.0978808	0.136048	0.0714613	0.0774518	0.0371406	0.00150267	0.0125587
46	0.0502946	0.00914563	0.00947216	0.0161387	0.0283956	0.0124335	0.0271356	0.104127	0.0638451	0.21106	0.108515	0.0315186	0.00420064	0.0489468	0.0255669	0.0531803	0.0775086	0.103078	0.00205629	0.0133813
47	0.0121925	0.00790568	0.00582117	0.003051	0.0569592	0.000894809	0.000721308	0.317775	0.00306372	0.251625	0.079363	0.00393504	0.0015342	0.00298741	0.00140509	0.008254	0.0206443	0.209916	0.000348754	0.0116033
48	0.10724	0.00620821	0.0341458	0.0892483	0.00533172	0.100997	0.0108544	0.00756327	0.131254	0.0211789	0.00449542	0.0587473	0.00143715	0.0533485	0.0730672	0.190038	0.0771417	0.0145311	0.0113426	0.00182904
49	0.0729161	0.00554577	0.148345	0.133829	0.00667211	0.0657265	0.0242042	0.0158718	0.0846241	0.0245636	0.00819553	0.0775851	0.00642806	0.0651773	0.0545372	0.118441	0.0614726	0.0186577	0.00209749	0.00511007
50	0.0279385	0.00984945	0.0021461	0.00263948	0.0314673	0.00342431	0.00125583	0.333316	0.00198313	0.0791168	0.0230598	0.00574315	0.00654215	0.00498537	0.00194669	0.0132056	0.0223606	0.41462	0.00169751	0.0127022
51	0.0375961	0.0645809	0.0040329	0.00753976	0.413576	0.00446044	0.00883235	0.0169009	0.00687926	0.127343	0.0402764	0.00945172	0.00186766	0.0161302	0.00709409	0.0141939	0.0530304	0.0585523	0.00387668	0.103786
52	0.0658213	0.00901277	0.00979862	0.0179194	0.0153778	0.00822421	0.0131516	0.150813	0.0560857	0.236166	0.120052	0.0209319	0.00360959	0.0265398	0.0194842	0.0612693	0.0562671	0.0918953	0.00236752	0.0152122
53	0.0168802	0.00985357	0.00777932	0.00954006	0.221825	0.00428838	0.0538533	0.0245875	0.017129	0.052251	0.0129856	0.0164726	0.00327742	0.0252406	0.0199118	0.0201243	0.00969281	0.0209715	0.0254782	0.427857
54	0.021304	0.00756946	0.0015019	0.00184297	0.0145404	0.000523924	0.00206384	0.0852467	0.0042982	0.695178	0.0782785	0.00174036	0.000260803	0.00198839	0.00381896	0.018207	0.00629929	0.0477977	0.000624663	0.00691459
55	0.0448286	0.00516487	0.249848	0.253327	0.0113248	0.0199509	0.0239211	0.0239275	0.0434384	0.0231355	0.00667977	0.0725139	0.00429535	0.0433487	0.0309787	0.067565	0.041805	0.023828	0.000266874	0.00985155
56	0.018025	0.00711642	0.0125826	0.0276377	0.00269281	0.0126627	0.018165	0.0075149	0.420229	0.0256567	0.0192245	0.0362861	0.00293111	0.0589145	0.257146	0.0297216	0.0281913	0.00902542	0.00114536	0.0051314
57	0.0391754	0.0492834	0.0120824	0.0112607	0.067799	0.0364595	0.0633941	0.09411	0.0111227	0.023575	0.0459589	0.0826652	0.00400432	0.0228167	0.010042	0.11931	0.0745321	0.169172	0.0083785	0.0548574
58	0.0123526	0.00744418	0.00534849	0.00345987	0.233372	0.00276114	0.0459827	0.0218958	0.0112747	0.0475394	0.0122733	0.00937052	0.00187929	0.0110206	0.00909962	0.0137478	0.00281004	0.0144352	0.0343279	0.499605
59	0.185748	0.0913858	0.00554508	0.00279022	0.00318687	0.0257074	0.00260353	0.0937445	0.00227052	0.0486645	0.0360938	0.00406466	0.00450021	0.00518572	0.00217976	0.0969724	0.0866545	0.297874	0.00180875	0.0030198
60	0.0584243	0.00457836	0.0299791	0.0515017	0.00531878	0.0324531	0.0202341	0.010173	0.0263707	0.0253794	0.00791753	0.0669961	0.224609	0.0243861	0.00898816	0.280151	0.0826368	0.0232388	0.00164439	0.0150198
61	0.0295049	0.0105484	0.00332925	0.00378225	0.02552	0.00228285	0.00109438	0.330025	0.00287246	0.114075	0.0361465	0.00431553	0.00680221	0.00517444	0.00254809	0.0169667	0.0289661	0.366378	0.0017609	0.00790711
62	0.0124536	0.00770769	0.00559943	0.00363237	0.236617	0.00320148	0.0471722	0.0234082	0.0130149	0.0485384	0.0130929	0.0104201	0.00192258	0.0113029	0.00883737	0.0138737	0.00298234	0.0148997	0.0367543	0.484569
63	0.0469451	0.00490035	0.260135	0.241996	0.010398	0.0221659	0.0239485	0.0223542	0.0480528	0.0207675	0.00670321	0.0667733	0.00577189	0.0468945	0.033837	0.0663322	0.0405613	0.0226347	0.000156349	0.00867219
64	0.0401504	0.00595212	0.00759123	0.0101003	0.032019	0.00424172	0.0437615	0.0485024	0.0417107	0.275403	0.166864	0.047243	0.0027906	0.0612739	0.0259745	0.0486892	0.0596099	0.0629472	0.00111506	0.0140602
65	0.232689	0.0990311	0.00668024	0.0111589	0.00540053	0.149466	0.00426604	0.0199984	0.00544148	0.017042	0.00993697	0.0109888	0.00381313	0.0149	0.00562228	0.311481	0.0382404	0.0403437	0.00162336	0.0118762
66	0.0433667	0.00853627	0.00852448	0.0209009	0.0265431	0.00395882	0.0043591	0.186541	0.0246448	0.282262	0.0983617	0.0150042	0.00123681	0.0127387	0.0156216	0.0390807	0.0468048	0.130985	0.00396757	0.0265627
67	0.10057	0.0109655	0.0609996	0.115358	0.00867331	0.0327832	0.0287406	0.0357484	0.0787399	0.0559284	0.0262425	0.0505685	0.00873167	0.0827601	0.0607647	0.0940249	0.0709948	0.0659929	0.000138527	0.0112742
68	0.0205174	0.00692104	0.00165909	0.00176804	0.011171	0.000515137	0.00223382	0.088612	0.00446814	0.701832	0.071742	0.0017703	0.000252024	0.00188887	0.0036689	0.0185034	0.00638951	0.0496823	0.000186351	0.00621818
69	0.0121704	0.0106362	0.00499466	0.00418873	0.258152	0.00297448	0.0434465	0.0228968	0.0107766	0.0594975	0.016264	0.0097295	0.00231445	0.012518	0.00869865	0.0139547	0.00468726	0.0182554	0.0595289	0.424315
70	0.0232692	0.0420771	0.0205862	0.0224656	0.0169932	0.011396	0.0219272	0.0151108	0.275954	0.0755181	0.0192506	0.0290761	0.00641312	0.0572184	0.290156	0.0268947	0.0188406	0.012337	0.00713142	0.007384
71	0.0463655	0.00455597	0.257642	0.240771	0.0106715	0.0229754	0.0234797	0.0254391	0.0469701	0.0221369	0.00677487	0.0662879	0.00483858	0.0485061	0.0338413	0.0674943	0.0406957	0.0215416	0.000187113	0.00882541
72	0.106952	0.0235426	0.00985508	0.0258634	0.00922749	0.0146253	0.00367305	0.170183	0.0300796	0.177184	0.0673351	0.0128381	0.00531354	0.0198876	0.0208966	0.0615541	0.0850501	0.135394	0.00312935	0.0174161
73	0.0120353	0.009118	0.00716992	0.00307125	0.0695168	0.000830438	0.000672818	0.299888	0.00253136	0.258984	0.0868996	0.00400662	0.000815263	0.00288459	0.000978218	0.00718082	0.0207172	0.198571	0.000406222	0.0137224
74	0.0204049	0.00701923	0.00166819	0.0017191	0.0124935	0.00051159	0.00218977	0.0914319	0.00442707	0.696256	0.0719937	0.001797	0.000263678	0.00190344	0.00364007	0.0183399	0.00640127	0.0510172	0.000224293	0.00629798
75	0.0385891	0.0041964	0.29362	0.246944	0.0121689	0.0222925	0.0221789	0.0244584	0.0413335	0.0203112	0.00614862	0.066236	0.00418221	0.0390753	0.0283402	0.0663501	0.0344061	0.0196906	0.000175339	0.00930193
76	0.0439595	0.00542575	0.0134798	0.0247019	0.0248453	0.00436175	0.0440983	0.048499	0.0300986	0.282431	0.149849	0.0453401	0.00260432	0.0746755	0.0285704	0.0499559	0.0446665	0.0635239	0.0013102	0.017604
77	0.0131528	0.0044733	0.00137209	0.00220157	0.0181667	0.00222293	0.00124539	0.629872	0.00213292	0.0667497	0.00976528	0.00290557	0.00178637	0.0039119	0.00171493	0.00498514	0.00507367	0.226559	0.000414135	0.00129421
78	0.073414	0.0114715	0.0945818	0.117263	0.00468484	0.0292315	0.0464922	0.0172977	0.0867149	0.035314	0.0271969	0.0893389	0.00686718	0.0953024	0.0899235	0.0609047	0.0673408	0.0301483	0.000521278	0.0159911
79	0.0347923	0.0211766	0.0186198	0.0394119	0.00301592	0.0203108	0.0405794	0.0307838	0.216099	0.0568798	0.0239516	0.0671489	0.0021743	0.0664805	0.267376	0.0490153	0.0281137	0.0104913	0.000457903	0.00312137
80	0.0463636	0.00496418	0.26474	0.259992	0.0116913	0.0187195	0.0245216	0.0270446	0.0404319	0.0213228	0.00633096	0.0635699	0.00634167	0.0457484	0.0279217	0.0627132	0.034973	0.023031	0.000219944	0.00935948
81	0.0351677	0.016585	0.0210856	0.0382981	0.0229916	0.0195028	0.0239053	0.0175305	0.269109	0.0410945	0.020257	0.0382179	0.0072327	0.0558428	0.253058	0.0495786	0.0345683	0.0175644	0.00374402	0.0146662
82	0.0713173	0.00906451	0.0878899	0.12352	0.00314827	0.0335514	0.034984	0.0185983	0.109806	0.0312426	0.0150614	0.0828058	0.00679348	0.090722	0.0979379	0.0822522	0.0727348	0.0223176	0.000284179	0.00596886
83	0.078133	0.0146741	0.0455349	0.02903	0.00750562	0.0982109	0.0229631	0.0144618	0.0540516	0.0313509	0.0115933	0.0991402	0.00866823	0.0631983	0.0389371	0.279192	0.0689315	0.0191408	0.00294568	0.012337
84	0.0488811	0.00500113	0.247638	0.241908	0.0106842	0.0243643	0.0255769	0.0229414	0.0506535	0.0218074	0.00711089	0.0668779	0.00548613	0.0489195	0.035641	0.0664182	0.0397898	0.0216904	0.000158625	0.00845143
85	0.0782586	0.00573605	0.136658	0.177486	0.0035677	0.033404	0.0303757	0.0165251	0.0786299	0.0255933	0.0106123	0.0684826	0.00950758	0.0859314	0.0626058	0.076947	0.0675262	0.0265848	0.000125066	0.00544272
86	0.0488111	0.0107345	0.213357	0.266636	0.0182629	0.0139543	0.024536	0.0328604	0.031223	0.0324918	0.0126794	0.0503177	0.0036618	0.041331	0.0277473	0.0624552	0.0416799	0.0355069	0.000577962	0.0311761
87	0.0267261	0.0325713	0.00113949	0.0086624	0.13726	0.00104624	0.00125118	0.0684326	0.00502369	0.436133	0.0895934	0.00863729	0.000467341	0.00409076	0.011265	0.0119566	0.00265957	0.0629654	0.0327972	0.057322
88	0.0854285	0.00927509	0.0892396	0.183338	0.00809638	0.0323889	0.0227976	0.0222321	0.0729881	0.0327309	0.0137606	0.0577226	0.00971152	0.0793689	0.0557122	0.105662	0.0741648	0.0363399	0.00132562	0.00771686
89	0.0502273	0.00304449	0.0452071	0.0487126	0.00704399	0.0327998	0.0108985	0.0232914	0.1917	0.0236268	0.00549462	0.0397618	0.154869	0.0849362	0.123828	0.0369794	0.0678124	0.0418894	0.000977172	0.00690068
90	0.103863	0.00514516	0.0442288	0.0488535	0.0613891	0.0547249	0.0885717	0.0125486	0.0796551	0.0351018	0.00947853	0.0680514	0.0824035	0.0475665	0.0728158	0.054202	0.0181188	0.0867415	0.00104498	0.0254949
91	0.0266132	0.0327107	0.00088041	0.00866426	0.137996	0.00087837	0.0011286	0.0689955	0.00489825	0.437449	0.0900306	0.00834528	0.000413297	0.00387987	0.0113334	0.0117537	0.00230708	0.0628013	0.0302614	0.0586598
92	0.0150204	0.00640669	0.00282995	0.00228303	0.0297609	0.00124207	0.00124192	0.366591	0.00282761	0.31492	0.0492176	0.00260905	0.00132723	0.00281518	0.00192883	0.00978456	0.0100825	0.173066	0.000296234	0.00574924
93	0.0845259	0.00573352	0.1158	0.163481	0.00236203	0.0366297	0.0296496	0.0158899	0.0850606	0.0267626	0.0105893	0.0701388	0.0103884	0.0920428	0.067512	0.0801656	0.0707759	0.0275244	9.32798e-05	0.00487501
94	0.0436785	0.00281567	0.0107237	0.023191	0.0128394	0.041817	0.00598499	0.0157059	0.0118774	0.0149023	0.0120895	0.0258146	0.00399052	0.00556858	0.0130937	0.300458	0.440544	0.00862316	0.00107535	0.00520718
95	0.0935323	0.0092092	0.0289969	0.129121	0.00486565	0.0404663	0.0235428	0.024552	0.114767	0.0297958	0.00892393	0.0355837	0.00384417	0.0754296	0.14968	0.123792	0.0645119	0.03388	0.00226167	0.00324411
96	0.0525655	0.00592041	0.219215	0.253423	0.00982888	0.019683	0.0236884	0.0217767	0.050271	0.0257962	0.00717913	0.0713852	0.00443183	0.0482994	0.0371505	0.0674581	0.0452227	0.0274971	0.000149569	0.0090583
97	0.0118643	0.00753904	0.00519421	0.0037284	0.258208	0.00278064	0.0463472	0.021935	0.0112592	0.0487887	0.0119256	0.00952564	0.00188614	0.0108971	0.0090311	0.0134429	0.00308116	0.0142975	0.0334335	0.474835
98	0.0105732	0.0119124	0.00402398	0.00621583	0.38279	0.00221345	0.0352152	0.0161794	0.0088724	0.04925	0.00982503	0.00833632	0.00165697	0.0101678	0.00984618	0.0102341	0.00884562	0.0148156	0.0188122	0.380215
99	0.112078	0.0134184	0.0349487	0.0940557	0.0116877	0.0298902	0.0262722	0.0465867	0.0760918	0.0708813	0.0326881	0.0355593	0.00831577	0.0793429	0.0579873	0.10152	0.0690095	0.0873025	0.000168896	0.0121957
100	0.140518	0.0142659	0.0304195	0.110729	0.0390961	0.0270778	0.0753048	0.0294769	0.0411903	0.0413798	0.0241308	0.0357212	0.0134349	0.0819439	0.034623	0.0681327	0.0471054	0.12866	0.00264931	0.0141419
101	0.236379	0.0959226	0.00677906	0.0119328	0.005454	0.155898	0.0039285	0.0159782	0.00532978	0.0150962	0.00894614	0.0111729	0.00271373	0.0154793	0.00544856	0.328036	0.0345881	0.0268573	0.00163189	0.0124281
102	0.0993134	0.0085247	0.0770938	0.129982	0.00607233	0.0336864	0.0287012	0.0281955	0.0799571	0.0447409	0.021182	0.055374	0.00919968	0.0926784	0.0647431	0.0895235	0.071351	0.0515947	0.000138298	0.00794815
103	0.0600197	0.00216462	0.0294522	0.1094	0.0116474	0.0223858	0.017798	0.0161143	0.192726	0.0270384	0.0123273	0.0512458	0.00133568	0.087275	0.162195	0.0908822	0.0839362	0.0144697	0.00497333	0.00261301
104	0.02661	0.0336882	0.00119784	0.0103053	0.134474	0.00105987	0.00141456	0.0695593	0.00662272	0.429574	0.0849276	0.00997259	0.000674282	0.00438932	0.016117	0.0129815	0.00287546	0.0621612	0.031423	0.0599721
105	0.042799	0.00767744	0.0102677	0.0135222	0.010012	0.00328885	0.00654218	0.155522	0.0259016	0.395544	0.0743455	0.0119343	0.00102272	0.0157598	0.0172789	0.0359893	0.0464845	0.112767	0.00202149	0.01132
106	0.089417	0.00683326	0.0993584	0.148532	0.00370032	0.0367283	0.0290712	0.0212375	0.0833683	0.0341883	0.0142532	0.0659221	0.0102151	0.0915485	0.0664872	0.0844684	0.0717189	0.0362439	0.000100446	0.00660806
107	0.254418	0.0492082	0.00632432	0.00858253	0.0128529	0.0742328	0.00621195	0.0514481	0.0115584	0.0236729	0.0178263	0.0336609	0.116619	0.0203499	0.0135649	0.13513	0.0566106	0.101739	0.003325	0.00266505
108	0.21588	0.0407646	0.0114582	0.0150048	0.00836453	0.0867027	0.0102539	0.0414555	0.0165478	0.0175963	0.0252965	0.0352817	0.0964449	0.0297904	0.0182869	0.194947	0.0547632	0.0698145	0.00735444	0.00399195
109	0.048344	0.0055393	0.235747	0.262323	0.0109	0.018344	0.0235215	0.0231019	0.046161	0.0256673	0.00694932	0.0686399	0.00406829	0.044514	0.0336862	0.0649675	0.0412893	0.0264584	0.0001488	0.0096297
110	0.0123526	0.00744418	0.00534849	0.00345987	0.233372	0.00276114	0.0459827	0.0218958	0.0112747	0.0475394	0.0122733	0.00937052	0.00187929	0.0110206	0.00909962	0.0137478	0.00281004	0.0144352	0.0343279	0.499605
111	0.0208774	0.00734974	0.00156699	0.00171255	0.0131065	0.000509812	0.00206958	0.0889694	0.00428289	0.696196	0.0755489	0.00169962	0.000261896	0.00188462	0.00374878	0.0183491	0.00638314	0.0491668	0.000182865	0.00613343
112	0.0404209	0.0162063	0.0177692	0.0489077	0.00419842	0.0182387	0.033573	0.0316619	0.222401	0.0489227	0.0220443	0.0599608	0.00218456	0.0738193	0.250598	0.0507092	0.0383166	0.0150416	0.000889386	0.00413739
113	0.0336943	0.00911068	0.021296	0.0551295	0.0150731	0.0121594	0.0484729	0.0429121	0.229514	0.0418362	0.0209945	0.0574921	0.00652155	0.098938	0.13233	0.039031	0.0587882	0.0441927	0.00162702	0.0308869
114	0.167567	0.078687	0.00488595	0.00262786	0.0044474	0.0212463	0.00229471	0.115062	0.0020664	0.0484868	0.0338712	0.00415664	0.00528675	0.00528055	0.00191229	0.0867407	0.0785982	0.331353	0.00194359	0.00348607
115	0.0796849	0.00498102	0.0858111	0.181003	0.00336554	0.0289465	0.0243428	0.0170796	0.112586	0.027818	0.0100997	0.0560529	0.00746968	0.0916133	0.0808761	0.0827692	0.0766845	0.0238909	0.000637439	0.00428772
116	0.0688367	0.00211871	0.0277372	0.0768988	0.00705709	0.0318442	0.0240612	0.0200848	0.196773	0.0237479	0.00876683	0.0558453	0.0014487	0.0944643	0.159146	0.100113	0.0828917	0.0138435	0.002013	0.00230745
117	0.0852349	0.1049	0.0121134	0.0158059	0.0423578	0.0112581	0.0173535	0.020295	0.0670796	0.0897136	0.0431528	0.0166856	0.0344211	0.0766121	0.173488	0.0377107	0.0258559	0.0551235	0.0582912	0.0125469
118	0.0230335	0.0227265	0.0018611	0.00879147	0.098883	0.00103436	0.00215837	0.0990811	0.00798691	0.476548	0.0826441	0.00759858	0.000455728	0.00392762	0.011854	0.0138165	0.00665169	0.0686372	0.0193553	0.0429544
119	0.111588	0.0133328	0.0358824	0.0945601	0.0116162	0.0300287	0.0264353	0.0461499	0.0763096	0.0702721	0.0324484	0.0362366	0.00836217	0.0794764	0.0581431	0.10126	0.069103	0.0864378	0.00016749	0.0121906
120	0.0366085	0.00490333	0.161973	0.477183	0.0187595	0.00554936	0.00743519	0.0310192	0.0191952	0.02903	0.00930949	0.0160545	0.00184885	0.0779001	0.0168935	0.0294377	0.0240339	0.0154171	0.000518786	0.0169294
121	0.0341967	0.00425216	0.158595	0.484474	0.0114012	0.00826458	0.00711419	0.023187	0.0292972	0.0259258	0.00911678	0.0184094	0.00318316	0.080179	0.0223289	0.0340182	0.0227753	0.0136408	0.000485898	0.00915497
122	0.112078	0.0134184	0.0349487	0.0940557	0.0116877	0.0298902	0.0262722	0.0465867	0.0760918	0.0708813	0.0326881	0.0355593	0.00831577	0.0793429	0.0579873	0.10152	0.0690095	0.0873025	0.000168896	0.0121957
123	0.0396456	0.00435096	0.290143	0.250009	0.0120784	0.0216616	0.0222398	0.0241427	0.0422158	0.0206761	0.00631526	0.0655285	0.00399361	0.0390396	0.0290189	0.0650891	0.0342904	0.020146	0.000165086	0.00925037
124	0.0374394	0.0148017	0.00885606	0.0157071	0.033216	0.00606255	0.0120657	0.105363	0.0385329	0.399509	0.0719494	0.0177988	0.00200616	0.0237914	0.0526681	0.0318402	0.0305296	0.0740714	0.00584688	0.0179449
125	0.196662	0.0946083	0.00606873	0.00287047	0.00299388	0.0274275	0.00273706	0.0847658	0.00239173	0.0483938	0.0365847	0.00405127	0.00401464	0.00520742	0.00218554	0.103328	0.0870011	0.284305	0.00154778	0.00285509
126	0.0181628	0.00819769	0.00333804	0.00170089	0.0273056	0.000584173	0.00163678	0.163013	0.00333322	0.557809	0.0694709	0.00222792	0.000554312	0.00176542	0.00253713	0.0150237	0.010332	0.104785	0.000258864	0.00796285
127	0.0319939	0.0191947	0.00821474	0.00343643	0.00603563	0.0102385	0.0339714	0.12403	0.0997086	0.193741	0.0424321	0.0236224	0.000948408	0.0590964	0.0356708	0.0246186	0.104624	0.172153	0.00337725	0.00289163
128	0.0797694	0.00667399	0.0911912	0.124013	0.00422225	0.0405386	0.0319691	0.0144857	0.106437	0.0243696	0.00958632	0.0779426	0.00665809	0.0910381	0.0856767	0.104909	0.075211	0.0208664	0.000601153	0.00384062
129	0.0460974	0.0161875	0.0118956	0.0124534	0.00781065	0.00751568	0.0181768	0.164936	0.0604073	0.206471	0.0560703	0.0154966	0.00123126	0.0382382	0.0249576	0.033419	0.0950484	0.172135	0.00354097	0.00791112
130	0.0325466	0.0382329	0.00130939	0.00769618	0.128079	0.00110552	0.00124092	0.0738818	0.00467286	0.419542	0.0951075	0.00768393	0.000577547	0.00379606	0.00999406	0.0114732	0.00341546	0.0855328	0.0248752	0.0492364
131	0.0379469	0.0044113	0.261858	0.299236	0.0130951	0.0175027	0.0204996	0.026778	0.0367858	0.0218025	0.00616448	0.0600825	0.00374052	0.0414482	0.0270747	0.0571366	0.0328132	0.0211704	0.000217812	0.010236
132	0.0820726	0.00623051	0.113501	0.159739	0.00238557	0.0357236	0.0306317	0.0152183	0.0875418	0.0261867	0.0110335	0.0725834	0.00998276	0.0915911	0.070053	0.0799514	0.0735846	0.0269924	0.000123064	0.004874
133	0.0603602	0.00965278	0.0170533	0.0821056	0.0121743	0.0243867	0.0295642	0.0968535	0.112493	0.0391918	0.0201335	0.0386982	0.00517839	0.119004	0.0487909	0.065391	0.0812746	0.122776	0.00168083	0.013238
134	0.0266483	0.0327299	0.000879133	0.00866586	0.13789	0.000878947	0.00109355	0.0690425	0.00486655	0.437706	0.0901801	0.0083048	0.000408154	0.0038682	0.0112848	0.0117481	0.00227217	0.0628923	0.0302817	0.0583584
135	0.0110161	0.00718011	0.00458309	0.00250717	0.0491075	0.000912837	0.000828857	0.372959	0.00250982	0.253212	0.0628792	0.00337659	0.00130462	0.00258941	0.00123721	0.00706523	0.0147291	0.192593	0.00024464	0.00916443
136	0.113113	0.00765236	0.0338468	0.0950072	0.00457966	0.112212	0.00795917	0.00612696	0.123787	0.0206209	0.00428267	0.0542504	0.00158846	0.048386	0.0571118	0.203368	0.0753197	0.0164188	0.0125141	0.00185456
137	0.0216893	0.0076413	0.00415625	0.00618057	0.0403131	0.00229839	0.00121864	0.35416	0.00362842	0.156029	0.0431128	0.00465343	0.0085859	0.00430541	0.00216457	0.0155418	0.0223744	0.290411	0.00124859	0.010287
138	0.01333	0.00924468	0.00794124	0.00332065	0.0723692	0.000816612	0.000690437	0.295664	0.00259912	0.260183	0.0851473	0.00392372	0.000874316	0.00275649	0.00103911	0.00781345	0.0210288	0.196874	0.000318575	0.014066
139	0.0716639	0.0150035	0.136688	0.0828692	0.00583303	0.0240916	0.143985	0.0188848	0.0246803	0.0411177	0.00918605	0.206494	0.00201727	0.0446806	0.004615	0.10177	0.0196009	0.0128083	0.00163581	0.0323754
140	0.0398629	0.00803434	0.00760974	0.00801809	0.0350453	0.00622526	0.0443731	0.0542912	0.0561418	0.235248	0.140613	0.0606461	0.00343457	0.0599445	0.0245598	0.047051	0.0769019	0.0759742	0.00157851	0.0144469
141	0.0836824	0.00430696	0.0861353	0.120807	0.00543404	0.0266856	0.0259235	0.0249792	0.101493	0.0212138	0.00671787	0.0379866	0.126806	0.0987221	0.0701339	0.0579241	0.0672626	0.0268575	0.000867761	0.00606014
142	0.061936	0.00942125	0.0985231	0.0668571	0.0132409	0.0669409	0.0478178	0.0154936	0.0459646	0.0192335	0.0057559	0.163339	0.0136633	0.0511123	0.0264195	0.183547	0.0819873	0.012683	0.00214634	0.0139177
143	0.0743884	0.0154682	0.0406267	0.0505041	0.00609719	0.0667441	0.0224785	0.0133909	0.0627226	0.0250036	0.0116348	0.0956911	0.00859205	0.0664826	0.044588	0.238059	0.122009	0.0226135	0.00268566	0.0102193
144	0.0977029	0.0145735	0.0601625	0.0827127	0.00839258	0.0685777	0.0216903	0.0231999	0.0518141	0.0276239	0.0145111	0.0677139	0.0919659	0.0485458	0.0351981	0.168491	0.0695749	0.0366374	0.00262145	0.00828996
145	0.0293735	0.0353081	0.000978603	0.00811521	0.143279	0.00104535	0.00109119	0.0729911	0.00460182	0.425153	0.0897871	0.00823964	0.000427738	0.00365738	0.0101729	0.0115626	0.00274618	0.069764	0.0274162	0.0542893
146	0.0511471	0.00737273	0.0223215	0.0484738	0.0395137	0.0095016	0.0195429	0.0957856	0.154962	0.049208	0.0203986	0.0351661	0.00508947	0.0828644	0.0890569	0.0592066	0.0780268	0.0842087	0.0104732	0.0376799
147	0.0733293	0.0154762	0.130646	0.0792725	0.00498975	0.0235998	0.145275	0.018705	0.0236826	0.0411431	0.00950051	0.213012	0.00182084	0.0456805	0.00405115	0.104991	0.0201634	0.0123229	0.00165532	0.0306828
148	0.0656475	0.00589503	0.16094	0.109174	0.00890703	0.070966	0.0277731	0.0137731	0.0816727	0.0197001	0.00697969	0.10303	0.00657234	0.0593129	0.0538098	0.131435	0.0570587	0.0117106	0.000922364	0.00471973
149	0.0293082	0.0191035	0.0169777	0.0333613	0.00249515	0.0173547	0.0331909	0.0242497	0.266917	0.0482335	0.0235407	0.0580385	0.00212955	0.0631747	0.287808	0.0392649	0.0231222	0.00825837	0.000702597	0.00276845
150	0.0192508	0.00268087	0.0064255	0.0197838	0.112077	0.0113304	0.0444268	0.171807	0.0620732	0.0933346	0.0332616	0.0323164	0.001717	0.0178676	0.0436896	0.0356311	0.0972611	0.131762	0.00144526	0.0618574
151	0.046329	0.0045791	0.270144	0.277858	0.012144	0.0181937	0.024673	0.0233776	0.0409206	0.0206688	0.00625959	0.0551106	0.00800598	0.0483896	0.0258066	0.0578373	0.0298884	0.0208526	0.000270077	0.00869145
152	0.0477842	0.00478266	0.251606	0.238778	0.0106934	0.0244835	0.0233094	0.0254131	0.0473195	0.0229536	0.00722593	0.0671778	0.00501037	0.0485517	0.0336492	0.0682114	0.0409426	0.0228647	0.000176567	0.00906548
153	0.0202712	0.0071991	0.00262253	0.00258181	0.0183353	0.000671729	0.00209655	0.115808	0.00461444	0.634462	0.081625	0.00257494	0.00038645	0.00250541	0.00390111	0.0174963	0.00948203	0.0660254	0.00036153	0.00697902
154	0.0828534	0.00289679	0.0406291	0.0711739	0.00631322	0.0565285	0.0270396	0.0156249	0.162076	0.0208268	0.006387	0.0717453	0.00149627	0.0830488	0.13223	0.130157	0.0762219	0.00923079	0.00244671	0.00107457
155	0.0581277	0.0392112	0.0316567	0.0368673	0.00468078	0.024991	0.023886	0.0535725	0.129515	0.0760315	0.0470782	0.0499726	0.00273159	0.0385337	0.271075	0.0612606	0.0310183	0.0141262	0.0011424	0.0045224
156	0.0200057	0.00794437	0.00754112	0.00633286	0.0528937	0.00109117	0.000814487	0.288327	0.00507216	0.256451	0.081468	0.00482292	0.00127977	0.00461961	0.00373062	0.0153129	0.0293031	0.199153	0.000795758	0.0130399
157	0.0108252	0.0129586	0.00410996	0.00405482	0.265588	0.00226374	0.0537878	0.0235127	0.00921214	0.0712972	0.0119917	0.00929674	0.00284983	0.013951	0.00835944	0.0129986	0.00497752	0.0183038	0.0241869	0.435474
158	0.0831256	0.00550223	0.0988714	0.141183	0.00290089	0.036356	0.0304866	0.0158386	0.0977973	0.0256889	0.0104201	0.0714609	0.00830055	0.0954623	0.0822467	0.0911039	0.0744721	0.0242881	0.000276647	0.00421809
159	0.0213871	0.00686105	0.00232143	0.0027399	0.0133078	0.000644892	0.00234592	0.102949	0.00512991	0.665042	0.0723496	0.00222933	0.00031679	0.00251819	0.00419539	0.0194782	0.00945254	0.0595712	0.000293796	0.00686553
160	0.0267494	0.0364321	0.00263028	0.0102968	0.161615	0.00164649	0.00281038	0.0827834	0.00582122	0.364443	0.0796235	0.0163359	0.00147546	0.00530501	0.0102353	0.0235535	0.00778836	0.0745586	0.0241737	0.0617227
161	0.0777596	0.0221375	0.011813	0.0086544	0.0046414	0.110472	0.0249104	0.0182528	0.0435368	0.024705	0.0156673	0.0640215	0.00404904	0.0483418	0.0475507	0.350162	0.0747788	0.0268512	0.000671269	0.0210232
162	0.0522522	0.00874453	0.0425307	0.0722707	0.00663299	0.0263137	0.0361638	0.02642	0.178235	0.0323327	0.0131603	0.0739415	0.0113993	0.0904136	0.143942	0.0794066	0.0683739	0.0278491	0.000717612	0.0089
163	0.111812	0.0134722	0.0348354	0.0934529	0.011613	0.0297462	0.0263563	0.04629	0.0771391	0.0709957	0.0326427	0.0359768	0.0082224	0.0793437	0.0592812	0.101013	0.0688838	0.0866185	0.00017389	0.0121314
164	0.106262	0.0071996	0.0856419	0.110334	0.0128551	0.0280949	0.0281406	0.0276185	0.0627662	0.0496204	0.0262135	0.06877	0.0193962	0.0759754	0.0463562	0.0927784	0.0834017	0.059411	0.00124538	0.00791886
165	0.263938	0.0379679	0.00616142	0.00871747	0.0140572	0.0767786	0.00733699	0.0441368	0.0161835	0.0290162	0.0170936	0.0337343	0.13922	0.0205491	0.0124259	0.12092	0.0500919	0.0955925	0.00299819	0.00308011
166	0.0313189	0.0191616	0.00816258	0.00369548	0.00628623	0.0107105	0.0344708	0.126685	0.100908	0.189336	0.0392189	0.0221433	0.000964663	0.0583982	0.0356428	0.0248359	0.105475	0.176398	0.0032814	0.00290764
167	0.0904926	0.0078633	0.088798	0.13995	0.00490354	0.0349566	0.0291609	0.0244117	0.0847293	0.0379955	0.0165351	0.0627247	0.00962352	0.0930084	0.0670843	0.0855132	0.0737176	0.0415083	0.000122509	0.00690074
168	0.0112551	0.00982175	0.00516736	0.00401252	0.255043	0.00294676	0.0459706	0.0218315	0.0109246	0.0489178	0.0134128	0.00989767	0.00214507	0.0130502	0.00869152	0.0137858	0.00378898	0.016087	0.0622645	0.440985
169	0.0439109	0.0224274	0.00214191	0.00269887	0.0169789	0.00327985	0.0015738	0.260109	0.00228391	0.0561175	0.0198006	0.00481495	0.00959999	0.0055285	0.0022428	0.0194409	0.0455233	0.468581	0.00352798	0.00941855
170	0.0841535	0.00582831	0.111909	0.159555	0.00234697	0.0362191	0.0301014	0.0158469	0.0869281	0.0260137	0.0107001	0.0703947	0.0107602	0.0935606	0.0688477	0.0810554	0.07395	0.0269636	0.000116395	0.00474929
171	0.0765406	0.0099485	0.114295	0.124335	0.00473113	0.0588357	0.0312572	0.0114636	0.0883044	0.021453	0.00907026	0.102183	0.00844306	0.0732996	0.0619575	0.115623	0.0655646	0.0175101	0.000459962	0.00472504
172	0.0150333	0.00938008	0.00585067	0.00280542	0.0650676	0.00124644	0.000730298	0.299393	0.00236679	0.235954	0.0723002	0.00411821	0.00176603	0.00262992	0.00108172	0.00781508	0.0203788	0.236538	0.000442489	0.0151018
173	0.0128261	0.0090347	0.00827932	0.00355352	0.0706924	0.000897069	0.000725953	0.296583	0.00265841	0.256983	0.0880768	0.00396169	0.000911714	0.0029431	0.0011572	0.00787665	0.0222384	0.196447	0.000437552	0.0137165
174	0.0845029	0.00586164	0.114464	0.16202	0.00227319	0.0365861	0.0297051	0.0157828	0.0856328	0.0268886	0.0106905	0.0710312	0.010487	0.0922522	0.0678368	0.0800369	0.0715334	0.027507	9.46474e-05	0.00481327
175	0.0266158	0.0326746	0.000885658	0.00866229	0.137724	0.000881162	0.00108562	0.0695644	0.00486715	0.437326	0.0901752	0.00828983	0.000413157	0.00387399	0.0112527	0.0117347	0.00231504	0.0631662	0.0302001	0.0582925
176	0.0133013	0.0166884	0.0110689	0.0169837	0.0122777	0.00978619	0.0227966	0.00456914	0.366296	0.0378056	0.0161186	0.0183268	0.00663113	0.0418649	0.335346	0.0218561	0.0178039	0.0101256	0.0086407	0.0117129
177	0.0782233	0.00566465	0.143582	0.16582	0.00348053	0.0354711	0.0281741	0.0155743	0.0817418	0.0259739	0.0100376	0.0707778	0.00897927	0.0840938	0.064456	0.0798072	0.06743	0.0255574	0.000124137	0.00503098
178	0.0382084	0.0101155	0.0209792	0.0571633	0.0134052	0.0159032	0.0329871	0.0438695	0.237795	0.0415392	0.017917	0.0473926	0.0114849	0.0933373	0.137222	0.0516138	0.0596312	0.0461739	0.00148936	0.0217721
179	0.0110634	0.0129751	0.00410279	0.00392776	0.26076	0.00228551	0.0539915	0.0242773	0.00912071	0.0734499	0.0123855	0.00936313	0.00301892	0.0143453	0.00819281	0.0134002	0.00511954	0.0190938	0.0239231	0.435204
180	0.0796677	0.00699347	0.107233	0.0770204	0.00765642	0.0886136	0.0350711	0.00852539	0.0823741	0.0194287	0.00768915	0.142404	0.00645879	0.0481466	0.0499452	0.164784	0.0533727	0.00833767	0.00157266	0.00470635
181	0.0560197	0.0101109	0.164959	0.130323	0.00630154	0.0221406	0.0843737	0.0238557	0.0239375	0.0362151	0.00730795	0.163203	0.00285052	0.0702784	0.0112585	0.111714	0.0390379	0.0184261	0.0011111	0.0165766
182	0.0629118	0.00428509	0.018649	0.0174793	0.0162324	0.0271733	0.00803316	0.0346088	0.200024	0.0561844	0.00609409	0.0223347	0.149867	0.0675393	0.120577	0.0509249	0.0784589	0.041541	0.00158553	0.0154961
183	0.111796	0.0134531	0.0349206	0.093845	0.0116428	0.0300287	0.0263002	0.0467825	0.0759467	0.0709658	0.0327243	0.0355751	0.00827318	0.0794436	0.0578294	0.101756	0.0692025	0.087204	0.000172055	0.0121384
184	0.0277125	0.0320018	0.00191412	0.00762758	0.145496	0.0010497	0.00109983	0.103503	0.00415461	0.393346	0.0849439	0.00786337	0.000454173	0.00335743	0.0091084	0.0115941	0.00483305	0.0851311	0.0238109	0.0509979
185	0.109772	0.0132972	0.0347409	0.0934137	0.012273	0.0293314	0.0266232	0.0468836	0.0792606	0.0703873	0.0323733	0.0353076	0.00818512	0.080262	0.0599571	0.0998428	0.0685988	0.0866407	0.000299769	0.01255
186	0.255053	0.0238852	0.0270513	0.0499752	0.00621255	0.0780861	0.00946957	0.0115127	0.0261747	0.0135153	0.0185782	0.029701	0.00526089	0.0340846	0.0129149	0.250477	0.0858108	0.0534149	0.00267495	0.00614641
187	0.0268019	0.0340653	0.00114543	0.00848498	0.151253	0.00103599	0.00148682	0.0697274	0.00474107	0.41676	0.0891482	0.00877178	0.000418357	0.00413334	0.010633	0.0125248	0.00343347	0.0636959	0.0299293	0.0618093
188	0.15706	0.00897609	0.0319929	0.0964993	0.00598933	0.0749654	0.0136504	0.0171478	0.0743165	0.0282655	0.0156128	0.0372316	0.00674425	0.0605969	0.0496201	0.181823	0.0759095	0.0536617	0.00536786	0.00456876
189	0.0396838	0.00452577	0.0827106	0.0717345	0.071319	0.0177913	0.122185	0.0108672	0.0570947	0.0461336	0.0159486	0.0964982	0.00253571	0.0242107	0.0224264	0.0919538	0.0588438	0.0233163	0.0111403	0.12908
190	0.0586924	0.0169456	0.00587739	0.00896217	0.0851861	0.00679753	0.0092774	0.206315	0.010742	0.101051	0.0329437	0.0237001	0.00544086	0.0114013	0.00890861	0.0382788	0.0398631	0.284622	0.00362138	0.0413731
191	0.0124978	0.00917284	0.00638737	0.00278107	0.0728242	0.000843233	0.000631459	0.300884	0.00236188	0.271675	0.0786157	0.00349373	0.000898878	0.00239996	0.000948881	0.00672328	0.0186061	0.194888	0.0002688	0.0130987
192	0.0729118	0.0117315	0.0697124	0.0525324	0.0107207	0.0516736	0.0293894	0.0131863	0.0439842	0.0197759	0.00827194	0.156448	0.01531	0.04583	0.0260854	0.237806	0.101844	0.0188139	0.00345409	0.0105188
193	0.252832	0.047982	0.00654691	0.0089443	0.0129776	0.0738575	0.00644394	0.0517111	0.011635	0.0229858	0.0179684	0.0356538	0.116667	0.0217291	0.0133147	0.139071	0.0569941	0.096739	0.0033509	0.00259649
194	0.229524	0.0292454	0.00863523	0.00847631	0.00662948	0.0617274	0.0164203	0.0346155	0.0131359	0.0194293	0.0240724	0.0510568	0.101587	0.0428313	0.0148167	0.201637	0.0698352	0.0602781	0.00317496	0.0028725
