651	20
1	0.0187221	0.00186987	0.0049792	0.0104929	0.0543619	0.0229541	0.014564	0.105939	0.0462143	0.0975384	0.103361	0.00871591	0.00346908	0.00864696	0.0414479	0.0152045	0.0351432	0.0512576	0.199697	0.155421
2	0.0710256	0.002117	0.104405	0.231046	0.000391533	0.0267173	0.0312147	0.00623232	0.138544	0.0120903	0.0141297	0.053416	0.00852326	0.077679	0.0773556	0.0629039	0.0582428	0.0143329	0.000113693	0.00952025
3	0.0643781	0.00121281	0.201883	0.072828	0.000857805	0.272007	0.00445766	0.00323292	0.0745264	0.00168895	0.00399916	0.0870913	0.0400961	0.0365362	0.0181843	0.0813769	0.0281489	0.00206204	0.000291306	0.00514008
4	0.0705051	0.0150762	0.0112882	0.0141369	0.336422	0.0099265	0.0117524	0.0426756	0.0173744	0.028638	0.107934	0.0181285	0.0768859	0.0150217	0.0124136	0.0360689	0.10065	0.0573387	0.0046787	0.0130856
5	0.0652974	0.0162345	0.00128108	0.045272	0.000750381	0.00106597	0.00788156	0.0306027	0.343449	0.0190843	0.0010723	0.0755407	0.000652562	0.0417739	0.0614691	0.0523635	0.169708	0.065545	0.000225542	0.000730182
6	0.101543	0.00107162	0.0726015	0.131823	0.000776092	0.283827	0.00128347	0.00159006	0.0836494	0.00234633	0.00190944	0.0436703	0.115883	0.0366875	0.0117507	0.0581062	0.0462116	0.00350291	0.000257484	0.00150937
7	0.0409593	0.0107459	0.039118	0.119725	0.00174596	0.402694	0.0125721	0.00326779	0.0679283	0.00432244	0.00368987	0.0472401	0.00405975	0.0237852	0.0555004	0.0325576	0.0820246	0.0450198	0.000518815	0.00252523
8	0.068272	0.000738614	0.0665335	0.13008	0.000907952	0.0104577	0.0232501	0.0237074	0.122964	0.0757178	0.00208909	0.203561	0.0420246	0.0333048	0.0625247	0.0276138	0.0310528	0.0612491	0.000247535	0.0137036
9	0.0968294	0.00801496	0.0113631	0.0202543	0.0679973	0.0118538	0.00630661	0.0185657	0.0170882	0.074458	0.0195254	0.0205254	0.00565719	0.0125241	0.0130328	0.0207577	0.0185368	0.0174415	0.49598	0.0432878
10	0.0162681	0.0373505	0.0123297	0.0585755	0.0013195	0.00249159	0.00226262	0.00276799	0.173594	0.0138121	0.0135091	0.052833	0.000812076	0.317047	0.0692325	0.0689684	0.0912877	0.0639683	0.000446735	0.00112279
11	0.0281673	0.0106335	0.00287499	0.00101527	0.00444094	0.000472528	0.000537216	0.375254	0.000792275	0.0352277	0.00788994	0.00103467	0.00247097	0.00213303	0.000584625	0.00157329	0.0294112	0.495099	0.000108293	0.000279505
12	0.0118049	0.00071196	0.738493	0.0158094	0.000779565	0.00541339	0.0012681	0.00155824	0.00351952	0.00288048	0.00152014	0.165578	0.00437968	0.00372181	0.00231621	0.0253554	0.0094647	0.00231914	0.000299527	0.00280672
13	0.0043055	0.0010633	0.00676296	0.00695008	0.00105609	0.00114878	0.00122968	0.114149	0.0193771	0.0398554	0.0095397	0.0064534	0.000550546	0.0113181	0.00200486	0.00291335	0.220515	0.538239	0.00185331	0.0107144
14	0.128616	0.00125079	0.0525564	0.0744136	0.00726918	0.0571867	0.0242321	0.0125667	0.134873	0.0214304	0.0214857	0.0408947	0.00182765	0.069046	0.0893765	0.106643	0.121782	0.0140321	0.000596287	0.0199221
15	0.0723498	0.00258446	0.288962	0.118796	0.000472197	0.0556775	0.0162898	0.0040665	0.0934148	0.00306723	0.00613615	0.0902111	0.0211906	0.0465429	0.0379537	0.0999184	0.0354695	0.003826	0.000143244	0.00292846
16	0.00335827	0.0039233	0.00123935	0.00171687	0.711243	0.00170215	0.00407129	0.00345316	0.00239583	0.0213876	0.00165518	0.00221603	0.000472925	0.00134137	0.00298477	0.00697393	0.00609303	0.00709123	0.0236562	0.193025
17	0.0218681	0.00780235	0.00211538	0.00216976	0.00204723	0.00115353	0.00120458	0.332874	0.00181846	0.0600457	0.0207676	0.00246008	0.00736235	0.00448903	0.00114462	0.00362646	0.0233901	0.502617	0.000134383	0.00090975
18	0.0214774	0.00179896	0.00353026	0.0288254	0.00293324	0.0016607	0.00508513	0.0253732	0.0589414	0.0398046	0.0289869	0.0193557	0.000955033	0.642594	0.054944	0.0205909	0.00795694	0.0334109	0.000487854	0.00128781
19	0.041775	0.000575151	0.0852679	0.0766721	0.00088491	0.000856378	0.0321353	0.0142766	0.260098	0.0328891	0.00103042	0.132251	0.000550757	0.0528432	0.190893	0.0178067	0.0554538	0.00162734	0.000277446	0.00183514
20	0.0123723	0.00332172	0.008079	0.00917588	0.00903339	0.00448964	0.021131	0.00656116	0.0213981	0.00835374	0.00393926	0.710206	0.00219245	0.00719557	0.0509778	0.0267293	0.0466296	0.00877517	0.00207305	0.0373654
21	0.00376499	0.00116302	0.00278799	0.00713884	0.0807927	0.0131762	0.0649319	0.0468095	0.00823165	0.0462065	0.0167558	0.00854599	0.00178337	0.00150099	0.0189371	0.00745418	0.0229082	0.0457355	0.0324351	0.56894
22	0.0500496	0.00100451	0.00227697	0.0160578	0.00117982	0.00158675	0.00188562	0.0218696	0.0699196	0.00260487	0.00421639	0.0121974	0.0010399	0.0340856	0.035189	0.0664146	0.652436	0.0235437	0.000727166	0.00171466
23	0.0757635	0.00128329	0.00807587	0.0645189	0.00180215	0.00547033	0.00189352	0.00211941	0.009792	0.0557865	0.00250861	0.0160901	0.607096	0.0461225	0.0129433	0.0401556	0.0163596	0.029926	0.000399591	0.00189311
24	0.00570021	0.00231899	0.00148175	0.00159932	0.117333	0.00191012	0.0249538	0.00579794	0.00461023	0.00492381	0.00142638	0.00418044	0.0012416	0.00128958	0.0125325	0.00131955	0.00406653	0.00382368	0.00603863	0.793452
25	0.0277889	0.00158732	0.207366	0.346378	0.00128797	0.00181189	0.0108505	0.015113	0.040622	0.0342883	0.00238367	0.0234241	0.000992529	0.0146881	0.0124492	0.0351393	0.168457	0.02537	0.000594174	0.0294075
26	0.00516403	0.000227434	0.0144589	0.000768376	0.000193753	0.956624	0.00021389	0.000393191	0.000790517	0.000429804	0.000394103	0.00644901	0.000575822	0.00294829	0.00178577	0.00553231	0.00207171	0.000506826	8.15864e-05	0.000390652
27	0.00432599	0.000212229	0.865829	0.0208077	0.000248577	0.00667191	0.000284484	0.00047056	0.00224445	0.00169691	0.000410481	0.0608801	0.000313217	0.00252617	0.00174393	0.0177507	0.0110534	0.00100864	0.00010489	0.00141666
28	0.0934179	0.0104472	0.338308	0.280631	0.000796133	0.0312799	0.0110644	0.00156733	0.019629	0.00604599	0.00127173	0.00899271	0.00672165	0.0283421	0.0175943	0.116434	0.0249427	0.00151582	0.000245529	0.000752225
29	0.0515941	0.00297444	0.0621658	0.0797154	0.00157819	0.0328642	0.00199183	0.00201923	0.00331629	0.0024258	0.0022563	0.00430081	0.000937486	0.0207787	0.0118129	0.654174	0.0606429	0.00288535	0.000365851	0.00120044
30	0.0424194	0.0312529	0.00748273	0.00938089	0.559546	0.0105586	0.00948718	0.0180672	0.00998367	0.0207844	0.0349727	0.013197	0.00692952	0.00867746	0.00785115	0.0267179	0.0810471	0.0205568	0.0109673	0.0701201
31	0.00567985	0.000935602	0.0013212	0.00142206	0.0021118	0.000642724	0.000773253	0.0309698	0.00461445	0.836369	0.0192975	0.00364626	0.00111167	0.00295611	0.00218111	0.00178702	0.0297876	0.0534831	0.00023331	0.000676554
32	0.446482	0.0212011	0.00455447	0.1704	0.001459	0.00171582	0.00230786	0.00246455	0.0326791	0.00273661	0.00321655	0.00475932	0.000761071	0.0440539	0.00267654	0.0878538	0.0665153	0.102162	0.000559286	0.00144213
33	0.051926	0.000751182	0.119363	0.109753	0.000719019	0.47262	0.00128319	0.00157523	0.0462417	0.00170863	0.00133624	0.0431864	0.0878137	0.0182686	0.0061206	0.0220709	0.0108782	0.00211281	0.0002771	0.00199443
34	0.275267	0.00108825	0.00198868	0.00992222	0.00356911	0.0239381	0.00750352	0.0293929	0.0104118	0.00779549	0.00489994	0.00367203	0.506224	0.00222751	0.00231013	0.0524362	0.0182043	0.0328589	0.000378443	0.00591132
35	0.00391432	0.00377261	0.00387935	0.000707115	0.000550199	0.000785654	0.00114475	0.00444524	0.000820904	0.00271081	0.00234025	0.00769949	0.00157387	0.000631473	0.000550574	0.0987349	0.862179	0.00308273	0.000122258	0.000354157
36	0.118353	0.000930832	0.102908	0.434003	0.00112639	0.0110535	0.0102642	0.0105975	0.0774018	0.00245625	0.00200962	0.0029318	0.117153	0.0694043	0.0022279	0.0186013	0.00644161	0.0105679	0.000352524	0.0012152
37	0.0863707	0.000989204	0.0408326	0.0289527	0.00117555	0.00524083	0.0271187	0.00417858	0.234046	0.00370506	0.00319808	0.070136	0.00750393	0.0456544	0.35533	0.0526365	0.0065629	0.0216807	0.000486548	0.00420131
38	0.00552742	0.00374148	0.00430022	0.00159123	0.000701289	0.000893197	0.00149974	0.0063994	0.00267152	0.0028853	0.00299173	0.00779407	0.00158747	0.00162241	0.00167471	0.098102	0.851224	0.00409283	0.000152388	0.000548052
39	0.0263746	0.00128677	0.0802002	0.0675018	0.0015087	0.00348584	0.00220929	0.0131962	0.185572	0.0947606	0.00256823	0.0410062	0.000917254	0.0857426	0.0551808	0.0708052	0.261794	0.0038232	0.000438086	0.0016281
40	0.12826	0.00032986	0.0360841	0.0985004	0.010007	0.0447377	0.0177111	0.0167022	0.211056	0.031052	0.031723	0.029398	0.00053332	0.0566465	0.0566761	0.0735984	0.122373	0.015093	0.000168379	0.0193501
41	0.0350093	0.0145906	0.0021676	0.00167936	0.0179387	0.0055423	0.00120587	0.129025	0.00239353	0.631261	0.0400679	0.00165742	0.00109855	0.00156105	0.00132188	0.00614747	0.0047015	0.0994224	0.000656196	0.00255252
42	0.0180102	0.00314157	0.0140537	0.00847418	0.0921325	0.00727016	0.00784848	0.0319678	0.0114473	0.172531	0.0598205	0.242459	0.00409184	0.00739911	0.00892846	0.0365987	0.0277213	0.047969	0.149827	0.0483088
43	0.0814653	0.00178261	0.0583397	0.0723899	0.000930065	0.124508	0.0310583	0.00856124	0.244741	0.0157795	0.00241043	0.118645	0.00260828	0.133412	0.0300666	0.0403346	0.00851132	0.00956959	0.00037321	0.0145135
44	0.0589957	0.0185083	0.0384595	0.106992	0.0021314	0.352618	0.0225355	0.00519391	0.0749675	0.00629649	0.00515543	0.0567445	0.00346243	0.02752	0.0541118	0.043256	0.0771053	0.0421163	0.000614566	0.00321502
45	0.0624032	0.0185988	0.00241568	0.0105722	0.0236878	0.0114066	0.00302399	0.185966	0.0135354	0.0143518	0.0975355	0.00303987	0.121501	0.013508	0.0203885	0.0109008	0.0642603	0.320716	0.000494375	0.00169429
46	0.00858001	0.00107829	0.00275001	0.0034598	0.0890201	0.0094207	0.016535	0.15953	0.0234166	0.163406	0.0944643	0.00476776	0.00295935	0.00257283	0.0288712	0.00783809	0.0182895	0.0857869	0.0474692	0.229785
47	0.0901208	0.000739094	0.236318	0.0947182	0.000531369	0.0728702	0.00672846	0.0037248	0.111986	0.00289486	0.0062903	0.0931825	0.0620295	0.0417938	0.0230357	0.105447	0.0379765	0.00579788	0.000190837	0.00362408
48	0.195323	0.0143694	0.0027253	0.00333636	0.156856	0.00247402	0.00189417	0.273241	0.00374495	0.122343	0.0386948	0.00326369	0.00129952	0.00306177	0.00312011	0.00679446	0.0288435	0.125125	0.000976754	0.0125129
49	0.0196128	0.00658941	0.676282	0.160654	0.000274107	0.00635181	0.00395758	0.00324907	0.0136996	0.00336361	0.000482756	0.0486011	0.000401154	0.0099486	0.00417349	0.0217725	0.015577	0.00283329	0.000128481	0.00204725
50	0.105244	0.0197766	0.0257095	0.0565012	0.00281413	0.00381679	0.0228483	0.0039442	0.00770061	0.0565109	0.0207453	0.112476	0.0193092	0.0233744	0.00575278	0.0464376	0.385318	0.0607827	0.000806254	0.0201316
51	0.0369221	0.00104777	0.256481	0.118126	0.00168096	0.00247399	0.1211	0.00254454	0.231078	0.00294024	0.00276294	0.0709133	0.00118217	0.00303724	0.0136645	0.099087	0.0294832	0.00338787	0.000504274	0.00158295
52	0.0146289	0.000699426	0.00715531	0.00185957	0.012383	0.00100651	0.0026345	0.232765	0.0816644	0.149824	0.0096422	0.0304227	0.000704247	0.00801925	0.0694043	0.0136098	0.154345	0.207724	0.000295624	0.00121242
53	0.150675	0.00501681	0.00335783	0.00642746	0.0451066	0.00339396	0.00339752	0.143997	0.00552844	0.00633985	0.0200877	0.0042074	0.188121	0.00465342	0.00503177	0.00703902	0.0180223	0.376889	0.000792696	0.00191494
54	0.210693	0.00759549	0.00328245	0.00208528	0.00488734	0.00324587	0.000845302	0.00134911	0.00269986	0.00125131	0.018361	0.0111788	0.000447877	0.0149185	0.00124225	0.650041	0.0591127	0.00516418	0.000918299	0.000679681
55	0.129809	0.00254475	0.0424568	0.00213445	0.00182731	0.228627	0.0206965	0.00270588	0.0137381	0.00303465	0.00759542	0.0590012	0.00128791	0.0279886	0.0463906	0.318174	0.0874581	0.00238152	0.000461987	0.00168651
56	0.0273415	0.00254671	0.00106681	0.00187645	0.000586682	0.00321835	0.000780986	0.366184	0.00134836	0.0994303	0.0590598	0.00700907	0.00923722	0.00217673	0.00128002	0.00934923	0.0223987	0.38447	0.00016612	0.000473605
57	0.0450667	0.0260647	0.193257	0.00698919	0.00357102	0.00352182	0.00425676	0.167792	0.00857396	0.0286907	0.00583018	0.140768	0.00197988	0.00655525	0.00600696	0.0552823	0.262072	0.0294863	0.000792746	0.00344224
58	0.502287	0.0103181	0.0118878	0.0120682	0.00283935	0.0223998	0.00119598	0.00265475	0.0105252	0.00170607	0.00385717	0.0137917	0.00143843	0.00416404	0.0019599	0.373585	0.0184939	0.00346036	0.000528106	0.000839304
59	0.00515534	0.00786088	0.00931491	0.00455499	0.188599	0.00451195	0.210698	0.0390024	0.00398681	0.0363746	0.0177038	0.00582076	0.000740378	0.00555984	0.0065772	0.00715844	0.00839055	0.0228158	0.0117718	0.403403
60	0.156901	0.000791235	0.113971	0.116978	0.000984167	0.273612	0.00117936	0.0018438	0.103973	0.00191886	0.00151828	0.0270886	0.118577	0.0265567	0.0113183	0.021967	0.0171369	0.00216167	0.00029379	0.00122915
61	0.511252	0.00154908	0.00264263	0.00438011	0.00216893	0.00870278	0.00504681	0.00878833	0.00488014	0.00765671	0.00605099	0.013529	0.378538	0.00356191	0.00304297	0.0152187	0.00856427	0.010981	0.000604274	0.00284134
62	0.302261	0.00758435	0.00275917	0.00203299	0.000716212	0.620539	0.00109627	0.00146258	0.00668543	0.00847055	0.00152927	0.00382538	0.00688768	0.001653	0.00136307	0.0218017	0.00522175	0.00307344	0.000188831	0.000848547
63	0.000920917	0.00171173	0.000471302	0.000605796	0.13794	0.000729645	0.0059558	0.0041884	0.000619949	0.00172802	0.000442698	0.000742887	0.00169978	0.00050141	0.00162332	0.000749169	0.00210964	0.00109597	0.00781335	0.828351
64	0.00778312	0.00295703	0.00293483	0.000719107	0.0132796	0.000403171	0.000519532	0.44298	0.000837391	0.362348	0.0666099	0.000665987	0.000227136	0.000625566	0.000601057	0.00144037	0.00401751	0.0872653	0.00153902	0.00224637
65	0.0186932	0.0102542	0.661235	0.146124	0.000324607	0.00634681	0.00314893	0.00604441	0.0124919	0.00684367	0.000871954	0.0616499	0.000360347	0.0107016	0.00478771	0.0262662	0.0194553	0.00251415	0.000111836	0.00177397
66	0.0394077	0.00097935	0.42941	0.34379	0.00075542	0.038321	0.00118348	0.0109366	0.0379399	0.00223384	0.00178881	0.0117149	0.0200418	0.00193928	0.0115321	0.022258	0.0183775	0.00653259	0.000211545	0.000646666
67	0.0440768	0.000888243	0.0644713	0.0935324	0.00119315	0.00372536	0.0153167	0.0317745	0.204053	0.0992819	0.00172911	0.216724	0.0134264	0.049288	0.079491	0.020212	0.0272989	0.0213455	0.000325625	0.0118461
68	0.0161363	0.00472172	0.701278	0.135079	0.000460167	0.00657736	0.00378281	0.00274943	0.0123605	0.00322381	0.000653078	0.0581426	0.00213159	0.0088573	0.00416808	0.0206733	0.0143773	0.00250924	0.000198629	0.00191958
69	0.0221485	0.00155102	0.0194529	0.0221294	0.0015201	0.00185352	0.00284832	0.0734761	0.115061	0.12011	0.0141847	0.00344032	0.00127848	0.154504	0.0315129	0.005058	0.215876	0.191884	0.000534736	0.00157638
70	0.0148914	0.0130829	0.00057885	0.0029558	0.000313701	0.000409377	0.00333732	0.853836	0.00531211	0.0115527	0.010765	0.000723226	0.000234776	0.000577475	0.000584182	0.000897669	0.00435991	0.0751628	0.000101998	0.000322683
71	0.0331941	0.00887974	0.0103152	0.0149915	0.146213	0.014778	0.0304618	0.0464551	0.0612347	0.0465866	0.0285151	0.0161019	0.00374528	0.0118254	0.0548214	0.0158739	0.0575524	0.0941084	0.01864	0.285707
72	0.0148776	0.000504939	0.010711	0.00078919	0.000281255	0.95075	0.000262464	0.000371743	0.000888885	0.000982952	0.000393943	0.00476285	0.000738015	0.00196676	0.00164118	0.00652188	0.0025804	0.000700683	9.18802e-05	0.000182119
73	0.00683251	0.00523109	0.00165037	0.00181793	0.115744	0.00122857	0.0012868	0.0962377	0.00206973	0.636965	0.0676953	0.00091596	0.00109344	0.00118416	0.00186408	0.00204091	0.00267118	0.0386631	0.000477362	0.0143316
74	0.0229341	0.00204139	0.00702954	0.0433885	0.00786884	0.00258508	0.0181702	0.00790911	0.0155513	0.0150368	0.0127656	0.0104328	0.0012908	0.785524	0.0148897	0.00798929	0.00901511	0.0112735	0.000905873	0.00339838
75	0.120414	0.00803168	0.022487	0.0149987	0.00812073	0.0148916	0.0104987	0.0101321	0.0227022	0.0146613	0.0112333	0.126533	0.00738469	0.0105023	0.0132595	0.197288	0.368105	0.0131159	0.00123704	0.00440278
76	0.00450772	0.000298756	0.864728	0.0225014	0.000250966	0.00660182	0.00030265	0.000510534	0.00231684	0.00176041	0.000403262	0.0596718	0.000304927	0.00260647	0.00180929	0.0178331	0.0110632	0.00101895	0.000104748	0.00140491
77	0.0630809	0.000458877	0.0234489	0.373483	0.00267988	0.00195806	0.00295835	0.0230233	0.238524	0.00519459	0.00837549	0.0227584	0.000527857	0.0916784	0.037262	0.0070429	0.0383265	0.0584217	0.00020285	0.000593904
78	0.123862	0.0106299	0.0064344	0.0255285	0.0124459	0.0117279	0.00616284	0.0346617	0.00956866	0.183296	0.0196467	0.0127962	0.367138	0.0217972	0.00922509	0.0412951	0.0204832	0.0749147	0.00360084	0.00478605
79	0.00864958	0.016955	0.00134075	0.00444237	0.158418	0.00280119	0.0031199	0.0246717	0.00407093	0.644772	0.09204	0.00145752	0.00290283	0.00252277	0.00434033	0.00416555	0.00267869	0.0113906	0.00026081	0.00899903
80	0.00353035	0.000397411	0.000941847	0.00405003	0.000407601	0.000766262	0.000674819	0.000776525	0.852225	0.0010639	0.00119265	0.00106897	0.000549606	0.00673331	0.112856	0.00195751	0.00565026	0.00454028	0.000126235	0.000491446
81	0.0368088	0.00524747	0.0163742	0.0345576	0.00847395	0.00732466	0.0172833	0.0202894	0.0825026	0.120642	0.038989	0.0229354	0.00436383	0.267772	0.227441	0.0307908	0.0298147	0.02121	0.00173174	0.00544742
82	0.330569	0.00278285	0.0128063	0.00383724	0.00206124	0.215373	0.00505969	0.0167096	0.0066448	0.003584	0.0421254	0.0497044	0.00459495	0.00638206	0.0102087	0.198567	0.0807097	0.00577785	0.000528538	0.00197428
83	0.00362315	0.019437	0.000984992	0.00503367	0.0471698	0.00204688	0.000855116	0.11029	0.00510723	0.389724	0.348946	0.00108099	0.00159043	0.00700147	0.00771785	0.0110781	0.0108913	0.026511	0.000197633	0.000713585
84	0.0156449	0.0275443	0.00786792	0.00900804	0.0853357	0.00404818	0.111082	0.0945658	0.0551959	0.122015	0.221876	0.039607	0.00250508	0.100115	0.0293729	0.0162099	0.013742	0.00837598	0.00152304	0.0343658
85	0.1529	0.00151266	0.00125082	0.0052014	0.00494793	0.0122425	0.00535686	0.00949695	0.00405988	0.00764796	0.00270992	0.00405705	0.706809	0.00371906	0.00222543	0.0249497	0.0220227	0.0253801	0.000426716	0.00308285
86	0.0483835	0.00164396	0.0168688	0.0310262	0.173065	0.00226417	0.0584256	0.00385844	0.0581685	0.0271549	0.00293173	0.210476	0.00131121	0.0056245	0.0618712	0.0078152	0.00617259	0.00462396	0.000863676	0.277451
87	0.0182535	0.00194441	0.0147376	0.00760616	0.00167762	0.885287	0.00195779	0.00144435	0.00589936	0.00164677	0.00241017	0.00851829	0.00262974	0.00485796	0.00593109	0.0174219	0.0137631	0.00279066	0.000381847	0.000840543
88	0.00812896	0.000399625	0.0107506	0.00106665	0.00021554	0.960581	0.000357958	0.000338882	0.000783585	0.000487948	0.000495945	0.0046807	0.000414722	0.00212918	0.00168997	0.00452537	0.00193793	0.000793192	6.89443e-05	0.000153422
89	0.0143875	0.000719083	0.00240898	0.00198114	0.0730112	0.00465859	0.00570997	0.28858	0.0210389	0.179446	0.0897976	0.00219884	0.00173906	0.00269587	0.0165493	0.00524028	0.0108342	0.0906295	0.0348536	0.153521
90	0.020251	0.0053694	0.00421847	0.0100509	0.00219638	0.0693733	0.0116054	0.00569468	0.154385	0.0151867	0.00544171	0.114592	0.00170701	0.0206298	0.505513	0.010132	0.0232676	0.01362	0.000656984	0.00610933
91	0.019018	0.00220099	0.00588602	0.00633362	0.00282091	0.00202201	0.0014824	0.146722	0.0087698	0.13921	0.117196	0.00586944	0.00268989	0.0120771	0.00509606	0.00711732	0.163444	0.348083	0.00104605	0.00291541
92	0.315953	0.0145418	0.00254033	0.00184282	0.00172024	0.00408585	0.00196375	0.147102	0.00347169	0.020714	0.0173133	0.00298698	0.00379791	0.00136123	0.00362192	0.0330812	0.0762267	0.346532	0.000232852	0.000910445
93	0.0459871	0.000298172	0.0286155	0.39199	0.00292301	0.00170362	0.00184282	0.0290761	0.221376	0.00573863	0.00976591	0.0274719	0.00028997	0.0893772	0.0422162	0.00650745	0.036589	0.0576889	0.000121505	0.000421005
94	0.0469025	0.0014811	0.0711828	0.0622468	0.00204429	0.0685096	0.00403354	0.0035136	0.164779	0.0166351	0.00466051	0.0870961	0.00165089	0.175337	0.0187081	0.128806	0.124819	0.0145848	0.000432175	0.00257735
95	0.622097	0.0221295	0.00181672	0.0126023	0.00152977	0.0483122	0.000572206	0.00468408	0.00397722	0.0010307	0.00129024	0.00197937	0.00206376	0.000804698	0.000648635	0.249763	0.0184378	0.00575109	0.000134239	0.000374882
96	0.127097	0.0382814	0.00198575	0.00495571	0.0272439	0.0184854	0.002051	0.0584537	0.00323837	0.552021	0.034285	0.00292497	0.00783448	0.00251104	0.00220303	0.0316005	0.00916682	0.0697373	0.00397455	0.00194924
97	0.0391628	0.000325831	0.0519211	0.394139	0.00290532	0.0049315	0.0136114	0.0176592	0.25083	0.0030367	0.00822997	0.0243669	0.000363594	0.0574693	0.0371136	0.00970039	0.0487178	0.0325177	0.000152952	0.00284471
98	0.373559	0.00266612	0.0568055	0.158198	0.00263915	0.00343676	0.00365452	0.00457656	0.00824142	0.00514719	0.0379683	0.0618939	0.0017574	0.0611445	0.0048491	0.117118	0.0500637	0.0428707	0.00101275	0.0023973
99	0.0535945	0.00207006	0.0120856	0.0193835	0.120599	0.00262598	0.131492	0.00598911	0.0430136	0.0177234	0.00411018	0.231392	0.00178004	0.00893916	0.0809469	0.0146776	0.0088854	0.00598231	0.00167584	0.233034
100	0.00458047	0.000151617	0.0107634	0.000374486	0.000167469	0.967455	0.000202481	0.000332482	0.000394271	0.000347299	0.000381207	0.00463298	0.000315153	0.00182302	0.00145351	0.00436208	0.00162127	0.000425964	7.06504e-05	0.00014537
101	0.089301	0.0130478	0.00283517	0.0095527	0.231304	0.00775865	0.0355825	0.00883762	0.0798623	0.0325447	0.0131672	0.00935871	0.000996038	0.0175433	0.162616	0.00350615	0.0178105	0.0220217	0.000589345	0.241764
102	0.0278125	0.000971381	0.0281041	0.401759	0.00109533	0.00217898	0.0385595	0.00433286	0.221664	0.00264075	0.00274801	0.00464197	0.0011595	0.0785083	0.0145104	0.0483096	0.104413	0.014709	0.000343533	0.00153804
103	0.064431	0.0182472	0.00233829	0.0127989	0.0229252	0.00794384	0.00224026	0.16889	0.00924622	0.0210891	0.100466	0.00253428	0.162517	0.00913125	0.0100745	0.0126415	0.0656387	0.305072	0.000510127	0.00126396
104	0.0319598	0.000921977	0.575443	0.0358874	0.000892031	0.0115781	0.00149494	0.0017301	0.0282571	0.00177078	0.00183489	0.110309	0.10517	0.00402575	0.00283918	0.0774	0.00477979	0.00227004	0.000290179	0.00114592
105	0.081857	0.000835577	0.0660496	0.230554	0.00116128	0.0146781	0.00352965	0.0039147	0.0587307	0.00796366	0.00255542	0.00735368	0.397896	0.0513684	0.00393443	0.0404799	0.0152797	0.00935258	0.000302123	0.00220346
106	0.0743031	0.00179433	0.0965973	0.22444	0.00140334	0.027834	0.0293233	0.0080549	0.146849	0.0145886	0.0176685	0.0465364	0.00597313	0.0779535	0.073266	0.0664049	0.0643612	0.0125548	0.000137845	0.00995549
107	0.0238449	0.000801807	0.0905626	0.209472	0.0154451	0.00458872	0.0524302	0.00316189	0.36179	0.00304621	0.00321493	0.0367504	0.000927875	0.0579505	0.0912264	0.00783688	0.0143418	0.00390089	0.000288311	0.0184183
108	0.00387772	0.0011101	0.00176331	0.009347	0.0312196	0.00119416	0.033762	0.488644	0.00236599	0.118844	0.0119479	0.00444549	0.000617578	0.0091384	0.00451004	0.00259367	0.0509784	0.20014	0.00071211	0.022789
109	0.00260073	0.000794414	0.0011715	0.00139012	0.757092	0.000725503	0.00254513	0.00137458	0.0016779	0.0204521	0.00117937	0.00129491	0.000469531	0.00124441	0.00127489	0.00672625	0.00443672	0.00630922	0.0268332	0.160408
110	0.0270614	0.0020156	0.0423121	0.0271751	0.00174711	0.00740772	0.00832848	0.00350818	0.0710258	0.0140973	0.00303629	0.065479	0.0212853	0.00934101	0.0902018	0.243403	0.332021	0.0230128	0.000564341	0.00697626
111	0.0590985	0.00192384	0.111182	0.250232	0.0022995	0.022608	0.0353435	0.00478021	0.189945	0.0074747	0.01219	0.0481625	0.00500868	0.0667501	0.0674951	0.0442698	0.0497046	0.0116887	0.000102357	0.00974141
112	0.00483467	0.00136055	0.00403281	0.0125233	0.074237	0.0121707	0.0879781	0.0416075	0.00854237	0.0647409	0.0148169	0.0183389	0.00260301	0.00251505	0.0224485	0.013795	0.0269507	0.0464583	0.0553379	0.484708
113	0.111156	0.0422392	0.00814841	0.0119882	0.00626552	0.00629972	0.0448334	0.151955	0.0159256	0.0141864	0.0446657	0.0152403	0.0110528	0.0114197	0.16934	0.0509075	0.0687909	0.206434	0.00153954	0.00761321
114	0.023457	0.00187143	0.0189261	0.0237444	0.00216862	0.00610474	0.0208474	0.00729864	0.304862	0.0132461	0.00544919	0.0203504	0.0056064	0.0330343	0.0980317	0.103976	0.284675	0.0157259	0.000827825	0.00979679
115	0.0158471	0.00432465	0.0103624	0.00230341	0.00159766	0.00259064	0.00361446	0.00432082	0.00392022	0.00302512	0.00442749	0.0276477	0.00209574	0.00266989	0.00280302	0.125689	0.777788	0.00360903	0.000239843	0.00112433
116	0.156118	0.0137998	0.0203443	0.0288673	0.0145814	0.0176155	0.206016	0.0546924	0.0410962	0.0251939	0.021145	0.0329465	0.0208937	0.0318288	0.0286042	0.0388419	0.046357	0.180617	0.0040547	0.0163861
117	0.0113309	0.0012638	0.00472649	0.00275549	0.00165864	0.00385525	0.00644367	0.00220846	0.0107844	0.00328169	0.00176607	0.860662	0.000781975	0.00468451	0.00505801	0.0373788	0.0327887	0.00244422	0.000733861	0.00539341
118	0.0213269	0.0065863	0.664694	0.163957	0.000298419	0.00631296	0.00457785	0.0031917	0.014654	0.00344898	0.000492827	0.0463639	0.000484973	0.0142472	0.00449207	0.0232342	0.0165254	0.00291942	0.000109892	0.00208224
119	0.313843	0.00811054	0.00108907	0.00140844	0.000628233	0.617834	0.000826078	0.00109615	0.00938444	0.0130621	0.000938348	0.00134224	0.00935263	0.00126029	0.00128476	0.0118116	0.00207661	0.00387826	0.000191355	0.000582413
120	0.0572524	0.0224243	0.00389164	0.00362962	0.0039422	0.00152463	0.0044748	0.342045	0.00569874	0.0349078	0.0148104	0.00707566	0.00479617	0.00328883	0.0043953	0.0126662	0.0613796	0.41013	0.000466571	0.0011994
121	0.00213662	0.00270018	0.00108707	0.00117976	0.459197	0.00128785	0.00726677	0.00689474	0.00154821	0.0151114	0.00236099	0.0015116	0.000943019	0.000882183	0.0018418	0.00381949	0.00348217	0.00686405	0.0161296	0.463755
122	0.0602917	0.00428185	0.213436	0.109509	0.00270267	0.057585	0.0356815	0.00581127	0.0836242	0.00862251	0.0140167	0.0448688	0.0103182	0.0355803	0.0768386	0.180875	0.0421216	0.00822859	0.00095825	0.00464725
123	0.329495	0.0121546	0.00205228	0.00207884	0.00191429	0.00724625	0.00108058	0.123117	0.00273501	0.031599	0.0212607	0.0020816	0.00317918	0.00143423	0.00204087	0.0231008	0.0599211	0.372423	0.000278293	0.000807286
124	0.000942021	0.00159148	0.00111027	0.000775427	0.109464	0.00128336	0.0179559	0.00482058	0.000893335	0.00317104	0.000861245	0.00116437	0.00138746	0.000625159	0.00231457	0.00108613	0.00288892	0.00264689	0.00619441	0.838823
125	0.00439195	0.00229196	0.0206696	0.000990399	0.000918342	0.00151973	0.00175606	0.00302541	0.00142849	0.00219882	0.00524472	0.0251003	0.00382109	0.00091044	0.00130613	0.112056	0.809305	0.00241454	0.000197609	0.000453582
126	0.0879499	0.000678256	0.233194	0.0975326	0.00050519	0.0569598	0.00693519	0.00377931	0.114133	0.00396613	0.00679081	0.092445	0.0644226	0.0441185	0.0242975	0.108357	0.0411452	0.00809693	0.000194699	0.00449885
127	0.087181	0.000286174	0.172835	0.502042	0.000407802	0.00832877	0.000662603	0.000858423	0.0331037	0.000860442	0.000676178	0.0395312	0.00025952	0.0737291	0.00651512	0.0562011	0.0147434	0.00123136	0.00012714	0.00042042
128	0.0101414	0.00329782	0.00361848	0.00445616	0.00252979	0.00267012	0.00293996	0.58562	0.00756519	0.011247	0.25009	0.00393545	0.00139897	0.00494841	0.00783845	0.0055931	0.030081	0.0590205	0.000713918	0.00229396
129	0.00849308	0.00206625	0.00422412	0.0052788	0.00275864	0.00336886	0.00410625	0.0296868	0.27279	0.113471	0.124242	0.00529685	0.00178647	0.00475471	0.389708	0.00756203	0.00795591	0.00709189	0.000812209	0.00454658
130	0.287159	0.00145688	0.00278805	0.00283285	0.00158509	0.00186356	0.0119403	0.0227645	0.223076	0.0878699	0.0136607	0.0700787	0.000977707	0.025272	0.150387	0.0258731	0.0541148	0.0143683	0.000410881	0.00152076
131	0.306369	0.334496	0.00873915	0.0187358	0.0439887	0.00559936	0.006873	0.0554989	0.0222245	0.0122106	0.00771351	0.0110467	0.00316563	0.0098165	0.00852699	0.0179543	0.0243144	0.0951327	0.00227578	0.00531903
132	0.01847	0.00560507	0.00471746	0.0105509	0.00104981	0.00448868	0.00680626	0.00279967	0.08185	0.0105147	0.00332126	0.0118072	0.00240666	0.0148539	0.793095	0.0136761	0.00592855	0.0054112	0.000229118	0.00241797
133	0.00968711	0.00198648	0.00505556	0.0059367	0.00267559	0.00329373	0.373229	0.00433115	0.090333	0.00550154	0.00522151	0.00603027	0.00213321	0.005488	0.245107	0.174621	0.0494784	0.00631494	0.000992009	0.0025837
134	0.232108	0.0561461	0.00410043	0.00514114	0.00245781	0.00446466	0.0196187	0.022547	0.0219585	0.0332649	0.00676547	0.0559135	0.0012398	0.00647514	0.00418375	0.34877	0.0672364	0.0680386	0.00086507	0.0387048
135	0.0584782	0.00454972	0.00951849	0.0114753	0.00505042	0.14944	0.446006	0.00975877	0.194645	0.0110287	0.00754386	0.0114035	0.00348682	0.011295	0.00933558	0.0155779	0.0193186	0.0148217	0.00167482	0.00559132
136	0.00372197	0.00108202	0.00171274	0.00888199	0.0299764	0.00119038	0.0336217	0.490823	0.00224043	0.121816	0.0116627	0.00461614	0.000621389	0.00847753	0.00462141	0.00245641	0.0496508	0.200145	0.000652175	0.0220305
137	0.00893482	0.0037693	0.00260357	0.000843404	0.00600871	0.000670022	0.003905	0.382066	0.000881124	0.37331	0.0529831	0.00184675	0.000473672	0.00106307	0.00161034	0.00157984	0.00763096	0.147078	0.00115163	0.00159076
138	0.00644402	0.00434401	0.00467467	0.00170261	0.00227705	0.0024213	0.00428073	0.0044124	0.00355116	0.00830369	0.00907436	0.00909879	0.00190784	0.00241328	0.00247926	0.11885	0.808605	0.00381468	0.000190496	0.00115489
139	0.00915953	0.000319291	0.0110041	0.000700452	0.00026277	0.95787	0.000238885	0.000619522	0.000744886	0.000807728	0.00039591	0.00473431	0.000703547	0.00229488	0.00152598	0.00545823	0.00230762	0.000518231	7.51762e-05	0.00025884
140	0.00591227	0.0030445	0.00118832	0.00211748	0.0202704	0.0012789	0.000972237	0.0368359	0.00348527	0.845527	0.0324876	0.00283321	0.00046297	0.00264596	0.00116939	0.00269205	0.00732963	0.0268882	0.000346084	0.00251276
141	0.0969537	0.000611644	0.00357323	0.0129231	0.00438667	0.0104277	0.00433585	0.00501186	0.00539541	0.0113719	0.00181191	0.00563426	0.771198	0.00707472	0.00275771	0.0222858	0.01457	0.0163343	0.000279971	0.00306181
142	0.00935541	0.00143485	0.805656	0.045253	0.000572764	0.00812573	0.00204933	0.00180857	0.00718938	0.00339962	0.000754363	0.0647629	0.00265126	0.00574551	0.00360164	0.0210675	0.0128096	0.00187841	0.000156348	0.0017278
143	0.411791	0.0027457	0.015632	0.0112566	0.00171113	0.283923	0.00673417	0.00625147	0.00995882	0.00397189	0.0140561	0.0456593	0.018549	0.00585791	0.0076407	0.0817483	0.0640438	0.00639264	0.000592134	0.00148348
144	0.0022841	0.00175699	0.00196827	0.00158086	0.111295	0.00167151	0.0228556	0.00563677	0.00203434	0.00327754	0.00107835	0.00314361	0.00146957	0.00111211	0.00286247	0.00215756	0.00393968	0.00281056	0.00600498	0.82106
145	0.374106	0.0204287	0.0121335	0.00840743	0.00238623	0.147971	0.00484249	0.00437096	0.00713282	0.00352758	0.00743987	0.0179305	0.00431221	0.00775757	0.0108578	0.307323	0.0479594	0.0095784	0.000375961	0.00115907
146	0.0152953	0.00590167	0.00216381	0.00865919	0.000826502	0.00288061	0.00236485	0.00244853	0.0466109	0.00958617	0.00262608	0.00603774	0.000867388	0.00909625	0.861988	0.0130114	0.00313461	0.00397683	0.000514246	0.0020097
147	0.0105012	0.0003188	0.0109999	0.000623266	0.000195978	0.95689	0.000283404	0.000354827	0.000599614	0.000697662	0.000405926	0.00493897	0.000620627	0.00192857	0.00161633	0.00633796	0.00193872	0.000501771	6.87628e-05	0.000177515
148	0.0145194	0.0057991	0.00193723	0.00834441	0.00116363	0.00148706	0.0022248	0.00145235	0.0391673	0.00865076	0.00179089	0.00461719	0.00123765	0.00823338	0.87894	0.012691	0.00258369	0.0031518	0.000361972	0.00164617
149	0.0112819	0.00452779	0.00228899	0.00211988	0.0292161	0.00110146	0.00253254	0.375206	0.00311071	0.40216	0.0675601	0.00173336	0.000644065	0.00163383	0.00201437	0.00240175	0.00736686	0.0734475	0.00145514	0.00819802
150	0.0199081	0.0101241	0.00153784	0.00317942	0.00288317	0.00108053	0.00416709	0.678679	0.00595561	0.0467299	0.0207861	0.00302354	0.00217802	0.00242185	0.00281865	0.00382246	0.0160431	0.172351	0.000311694	0.00199853
151	0.213184	0.00401256	0.0230716	0.0193857	0.00103242	0.558003	0.00390154	0.00253795	0.0202909	0.0121052	0.00231871	0.0168512	0.0657155	0.0055004	0.00349587	0.0291775	0.0121755	0.00550018	0.000200143	0.00154022
152	0.0367121	0.00728971	0.155586	0.0499018	0.0128085	0.0090059	0.01481	0.0900659	0.0252037	0.168566	0.105674	0.0198534	0.00612662	0.0218255	0.0162622	0.0229745	0.0552102	0.16453	0.00450334	0.0130903
153	0.00209789	0.00530524	0.000911489	0.00114181	0.316078	0.00162068	0.008918	0.010593	0.00175342	0.022632	0.00311959	0.0016551	0.00114364	0.000853411	0.00203204	0.00337754	0.00345505	0.00792018	0.0103344	0.595058
154	0.119556	0.0085094	0.0257927	0.0350467	0.00758795	0.015394	0.013611	0.0172976	0.105466	0.0208511	0.0109204	0.0264762	0.0848836	0.0768019	0.334985	0.0333542	0.029618	0.0244497	0.00271488	0.00668427
155	0.0151957	0.005804	0.00230773	0.00883538	0.000651119	0.00227673	0.00248434	0.00153447	0.0484063	0.00955501	0.00286489	0.00651745	0.000938017	0.00826206	0.864101	0.0126235	0.0024726	0.00321616	0.000181376	0.00177211
156	0.0210365	0.00716664	0.0013447	0.00225173	0.000926757	0.00165218	0.000779814	0.317605	0.0010246	0.0769262	0.02772	0.00366091	0.0113453	0.00462947	0.000611324	0.0049799	0.0134951	0.502263	0.000145234	0.000435978
157	0.345653	0.000948915	0.00170847	0.00615922	0.00280505	0.0156206	0.00615112	0.0144327	0.00564035	0.00826093	0.00398462	0.0058565	0.503179	0.00248466	0.0020221	0.0332213	0.0133698	0.0238428	0.000436215	0.0042228
158	0.00221755	0.00103885	0.000643848	0.000812322	0.000971784	0.000549493	0.000433777	0.00510019	0.00368016	0.930471	0.0149686	0.00273401	0.000250251	0.00201806	0.000657705	0.000953297	0.00747869	0.0244033	0.000120526	0.00049691
159	0.00116392	0.00197318	0.00078299	0.000878693	0.134069	0.00096129	0.0116882	0.00472126	0.000777401	0.00309867	0.000544825	0.00146527	0.00153204	0.000548649	0.00202219	0.00102903	0.0025467	0.00214115	0.00630359	0.821752
160	0.0085193	0.000255423	0.0111677	0.000552083	0.000180016	0.961238	0.000213311	0.000343128	0.000630386	0.000553659	0.000399163	0.00499766	0.000540487	0.00193625	0.00148337	0.00456376	0.00168133	0.000472792	7.61419e-05	0.000196396
161	0.0786158	0.0156392	0.00198662	0.00160567	0.00330502	0.000753563	0.00257107	0.359013	0.00197426	0.0302058	0.0110697	0.00593404	0.00173729	0.00157159	0.00206412	0.0148823	0.0727565	0.393633	0.000202881	0.000479282
162	0.010948	0.00194572	0.809046	0.0445506	0.000288825	0.00829495	0.00124507	0.00135257	0.00561787	0.00366092	0.000523797	0.059739	0.0010801	0.00644947	0.00470768	0.0256154	0.012074	0.00135577	0.000125056	0.00137881
163	0.0948592	0.0169575	0.00199973	0.00969954	0.222925	0.0094634	0.0383243	0.010375	0.0746289	0.0202959	0.0166627	0.00228912	0.0008376	0.0152772	0.194866	0.00301243	0.0207642	0.0188268	0.000466775	0.227469
164	0.00436005	0.00356499	0.00156955	0.00157331	0.0210216	0.00118592	0.00129162	0.0255087	0.00375691	0.852174	0.0395258	0.00278697	0.00065276	0.00237477	0.00151951	0.00210173	0.00800747	0.024234	0.000217182	0.00257353
165	0.018649	0.00127378	0.00245985	0.00284481	0.00565879	0.00176112	0.00179101	0.440325	0.0322876	0.0537985	0.163109	0.00305411	0.00111231	0.0149286	0.0449947	0.00380316	0.0131545	0.192251	0.000437048	0.00230697
166	0.315689	0.00711119	0.042409	0.241166	0.00059667	0.011469	0.000825349	0.00100587	0.141628	0.0187469	0.00430374	0.0410624	0.000304337	0.101546	0.0295331	0.0288433	0.0118577	0.00127003	0.00018104	0.000451053
167	0.0912367	0.0116284	0.0935463	0.403148	0.0615151	0.0336935	0.00473169	0.00279156	0.0249366	0.0171825	0.00293093	0.0156884	0.00117325	0.178731	0.00355098	0.00614752	0.0111836	0.0313316	0.000543469	0.0043082
168	0.00551632	0.00125678	0.00129539	0.00455711	0.00068214	0.00149709	0.00199647	0.00124208	0.731536	0.00281062	0.00247434	0.00267257	0.000429443	0.00746274	0.220702	0.00306301	0.0052198	0.00453713	0.000140703	0.000907828
169	0.033595	0.000902109	0.00236289	0.0781185	0.0378506	0.00177625	0.00157721	0.0209094	0.334149	0.0791309	0.0307726	0.0218223	0.000830031	0.208551	0.0265126	0.0135158	0.0229001	0.0353648	0.0101873	0.039172
170	0.0266828	0.00108975	0.018575	0.00251214	0.0012817	0.00118669	0.0017744	0.144093	0.0353206	0.0312927	0.0410899	0.0592491	0.000790134	0.0144363	0.0107864	0.0275964	0.337792	0.216822	0.0123576	0.0152713
171	0.00888083	0.00306673	0.00279	0.000901742	0.00996716	0.000429075	0.00059214	0.475511	0.00167788	0.316995	0.0762597	0.000840914	0.000259961	0.00156867	0.0019739	0.00173811	0.00423796	0.0876099	0.00178559	0.00291407
172	0.0193187	0.00398224	0.00482001	0.0143013	0.00405454	0.00329134	0.00776101	0.00968683	0.093701	0.0213812	0.0131745	0.00943111	0.00195266	0.349552	0.377765	0.0345653	0.0125273	0.0158406	0.000755649	0.00213737
173	0.0472323	0.00112822	0.142538	0.0641443	0.0232144	0.0016757	0.0227221	0.00315624	0.0345465	0.479654	0.0137903	0.003027	0.000892796	0.0547409	0.044294	0.025455	0.00484828	0.0145682	0.000425651	0.0179458
174	0.0443279	0.0146034	0.00397336	0.0125965	0.00166155	0.00338968	0.00350667	0.00421697	0.0548837	0.0213276	0.00386904	0.00691498	0.00249616	0.0148244	0.764659	0.0253543	0.00858598	0.00552157	0.000552918	0.00273442
175	0.0605978	0.00811475	0.0452393	0.301176	0.0781834	0.0160243	0.0202018	0.0221656	0.0485631	0.0280638	0.0224017	0.0283906	0.00953974	0.0569076	0.0239521	0.124821	0.0495117	0.0292731	0.0096906	0.0171813
176	0.0559749	0.00401759	0.111214	0.455398	0.0063904	0.0123747	0.0106104	0.0142862	0.056764	0.0132774	0.00926771	0.0646112	0.00482848	0.0654208	0.0204084	0.0383715	0.0276669	0.0163845	0.00558124	0.00715139
177	0.0042117	0.00165361	0.00157653	0.00426125	0.0124374	0.00100515	0.0343873	0.43076	0.00170047	0.24177	0.0156093	0.00745123	0.000517745	0.00453863	0.00712257	0.00200567	0.0327482	0.187687	0.000210732	0.00834579
178	0.198465	0.0197609	0.0214798	0.00239533	0.0394478	0.00253373	0.00189688	0.00192573	0.0114667	0.00222606	0.0126485	0.0803222	0.000818218	0.0420581	0.00206041	0.474843	0.0724019	0.00332068	0.00855644	0.00137265
179	0.0106767	0.00192561	0.296873	0.319712	0.0023949	0.0142585	0.0482294	0.0118937	0.0273962	0.0560903	0.0853817	0.00487976	0.00147704	0.040361	0.0291726	0.0276169	0.0105958	0.0072462	0.000836769	0.00298158
180	0.0183848	0.00142553	0.00732745	0.0581151	0.00827934	0.00245678	0.0190333	0.00463812	0.00868653	0.0122564	0.00937627	0.00449969	0.00107033	0.81739	0.00715018	0.00538797	0.00594048	0.00619505	0.000555689	0.00183073
181	0.00897214	0.00096284	0.00304158	0.00417847	0.0591845	0.00914538	0.0209211	0.241847	0.0315642	0.104042	0.0893352	0.00502426	0.00240892	0.00297858	0.0290488	0.00856149	0.0231595	0.0752551	0.043744	0.236624
182	0.0624936	0.000522328	0.0284489	0.0337696	0.000668103	0.00613147	0.0488695	0.00571965	0.336335	0.00242153	0.00329407	0.0520973	0.00606867	0.0830514	0.260657	0.0423272	0.00476854	0.0158066	0.000208837	0.00634089
183	0.533714	0.0173989	0.00549379	0.00564174	0.0140035	0.0261852	0.000823364	0.00396031	0.00423927	0.00121056	0.00518776	0.0139671	0.0014062	0.00789985	0.0011171	0.295366	0.0472591	0.0131349	0.00135837	0.000632804
184	0.00636376	0.0037634	0.00155166	0.00142044	0.0839817	0.000920254	0.000803449	0.147053	0.00151298	0.616226	0.0817475	0.000807884	0.00080247	0.00105654	0.00157396	0.00228163	0.00283103	0.036396	0.000623532	0.00828274
185	0.0817121	0.0015695	0.0438533	0.0649029	0.00105248	0.128661	0.0312127	0.00956428	0.261916	0.017969	0.00184344	0.119693	0.000660878	0.14376	0.0253573	0.0342998	0.00432995	0.0105552	0.000401048	0.0166862
186	0.0800084	0.00152653	0.201276	0.266533	0.00300269	0.0211399	0.0137118	0.00481178	0.136337	0.0121138	0.0144015	0.0217687	0.00276941	0.11092	0.0367778	0.018626	0.0244916	0.0185952	0.000336187	0.0108532
187	0.00266951	0.0118417	0.000961076	0.00348862	0.030999	0.00146427	0.0005874	0.131714	0.00395021	0.453115	0.302634	0.000800214	0.00127351	0.00449949	0.00560395	0.00960517	0.00887597	0.0241893	0.000365686	0.0013629
188	0.120637	0.0163497	0.0106016	0.047349	0.00183477	0.00189151	0.0182852	0.0950542	0.234932	0.0222374	0.00178205	0.0463975	0.00916064	0.0557882	0.0643279	0.0142553	0.0787052	0.158886	0.000353785	0.00117062
