320	20
1	0.0828715	0.0124105	0.0446185	0.0611283	0.0239386	0.197781	0.0570283	0.0195269	0.0252124	0.0184443	0.0184744	0.0549492	0.0486097	0.0513703	0.0197438	0.146177	0.048101	0.027207	0.00168672	0.0407207
2	0.0270885	0.0187641	0.00708101	0.0253283	0.00707832	0.0253531	0.010997	0.0249184	0.0633442	0.0111091	0.030991	0.0352128	0.413181	0.0441638	0.0657068	0.121897	0.031367	0.0275965	0.00131042	0.00751134
3	0.0172093	0.0120033	0.0014405	0.00641799	0.0222355	0.0024688	0.00113814	0.396925	0.0105522	0.108124	0.0112938	0.00114661	0.000542424	0.00245429	0.00456048	0.00265052	0.0187769	0.378239	0.000751015	0.00107022
4	0.00625329	0.0151256	0.562165	0.0640614	0.00140099	0.00379928	0.0152818	0.00293143	0.0112554	0.00356497	0.00194772	0.208357	0.00113515	0.0315506	0.0117676	0.0347583	0.0172871	0.00451962	0.00071409	0.00212387
5	0.0242729	0.0330228	0.0555616	0.0158571	0.00946762	0.0366497	0.0133432	0.0446751	0.0293605	0.0424471	0.0110257	0.21816	0.00975429	0.0849498	0.0255237	0.132096	0.155969	0.0461076	0.00212597	0.0096303
6	0.14337	0.00793146	0.0187061	0.0195619	0.0167045	0.0260608	0.0762596	0.00761652	0.0226629	0.0223418	0.00763652	0.0801211	0.00573339	0.015071	0.0589072	0.304161	0.135999	0.00978554	0.0138423	0.00752688
7	0.0336682	0.00898566	0.0657753	0.124945	0.0136613	0.00403006	0.0248678	0.130585	0.0643841	0.0550313	0.021244	0.0423003	0.0028097	0.041083	0.0406692	0.0380171	0.0767997	0.174656	0.00137067	0.0351162
8	0.0266679	0.00856786	0.260162	0.197552	0.00942137	0.0107348	0.124574	0.0127878	0.024169	0.0430871	0.0130152	0.0287042	0.0380947	0.0367457	0.0162427	0.088934	0.026493	0.0206552	0.00386225	0.00952945
9	0.00772586	0.0186941	0.00256297	0.00705799	0.299562	0.00170622	0.0277437	0.0419769	0.0013671	0.0352414	0.00333935	0.00903671	0.00224753	0.00752245	0.0101113	0.0216819	0.00869597	0.041309	0.0222997	0.430118
10	0.0441881	0.00540595	0.0216023	0.0938028	0.0163462	0.0131464	0.0201356	0.155543	0.0156425	0.0777337	0.029256	0.0302796	0.00277371	0.0223266	0.0158973	0.0479787	0.114414	0.218781	0.000773201	0.0539733
11	0.0345826	0.0218941	0.00197949	0.00297203	0.0766402	0.00351581	0.00986094	0.239677	0.0179612	0.230839	0.0467412	0.0131881	0.00626834	0.00770895	0.0187482	0.0164545	0.041835	0.179682	0.00168822	0.0277637
12	0.0376036	0.00541811	0.173382	0.0384909	0.00160732	0.358376	0.00581086	0.00249992	0.0381998	0.0159891	0.00599755	0.162498	0.0164971	0.0155579	0.00937565	0.0712455	0.0326845	0.00638909	0.000529862	0.00184713
13	0.03903	0.0051928	0.168669	0.0378684	0.00217656	0.349503	0.00658884	0.00265389	0.0392828	0.0168004	0.00610928	0.160054	0.0171516	0.0184982	0.00970543	0.0759259	0.0357099	0.00652501	0.000540826	0.00201421
14	0.0217753	0.00986388	0.0186383	0.0554306	0.0653958	0.00957614	0.0414243	0.0645087	0.0971719	0.0256122	0.0226975	0.0259817	0.175002	0.0909096	0.0818947	0.0394134	0.0863561	0.0322341	0.00583958	0.0302746
15	0.170386	0.00666791	0.0279848	0.155045	0.00672831	0.00227552	0.0156114	0.0169861	0.0680444	0.0436153	0.0133463	0.00979891	0.191047	0.0648887	0.0100482	0.0908703	0.0553782	0.0316795	0.0137659	0.00583285
16	0.0129086	0.00423489	0.00218679	0.00181978	0.0475994	0.00290121	0.00123911	0.412645	0.00271838	0.255552	0.0206204	0.00272574	0.000607005	0.00387363	0.00455525	0.00603395	0.0112497	0.20125	0.00130857	0.00396953
17	0.140462	0.0363327	0.0110324	0.145904	0.0166756	0.00355343	0.00831676	0.0997185	0.107775	0.0399233	0.0192466	0.00653129	0.124622	0.0372935	0.00590223	0.105031	0.0190085	0.0645019	0.00291315	0.00525723
18	0.0493372	0.0069124	0.0619437	0.117529	0.0163436	0.00625571	0.0180313	0.115796	0.0821063	0.0481562	0.0260441	0.0552793	0.0052696	0.0463916	0.0519684	0.0488444	0.070563	0.134011	0.00230345	0.0369131
19	0.0195103	0.0129064	0.00192505	0.00813088	0.0159466	0.00175938	0.00142148	0.352547	0.013945	0.0781767	0.0108143	0.00109486	0.000537821	0.00224672	0.00570516	0.00316577	0.0233597	0.444718	0.000773232	0.00131486
20	0.0306841	0.00350844	0.319887	0.203164	0.00141839	0.0215498	0.041281	0.00570971	0.0429089	0.00910618	0.00273845	0.101417	0.000972764	0.0760309	0.0204036	0.051405	0.0416562	0.017609	0.000508368	0.00804176
21	0.0322302	0.0223031	0.00138847	0.00229283	0.0395227	0.00239674	0.0090706	0.265639	0.0244682	0.229301	0.0443031	0.0123214	0.00676708	0.00600705	0.0253064	0.0141232	0.0510056	0.18457	0.00118204	0.0258016
22	0.0122484	0.0200879	0.00896484	0.00869082	0.262418	0.00568949	0.0348986	0.0412414	0.00501683	0.0426246	0.00729037	0.0159889	0.00570796	0.0119161	0.0170142	0.0343533	0.0150797	0.0361998	0.0172207	0.397348
23	0.0389192	0.00609766	0.0405026	0.0303649	0.0128022	0.0154658	0.00569944	0.0104331	0.0696479	0.0321537	0.0156556	0.0419355	0.0259518	0.0486782	0.0333802	0.181238	0.366514	0.0203754	0.000933718	0.00325148
24	0.00552253	0.00212221	0.00321638	0.00107121	0.0260428	0.00232549	0.0011545	0.39354	0.00136272	0.370414	0.0288987	0.00343323	0.000668429	0.00354023	0.00656916	0.00731743	0.00720613	0.134525	0.000233235	0.000837145
25	0.0487757	0.000896214	0.148219	0.229632	0.00827705	0.0184739	0.0171861	0.00998849	0.143721	0.0191029	0.000999252	0.0600726	0.000868177	0.109353	0.0654736	0.0482034	0.0293502	0.015593	0.000193941	0.0256211
26	0.0220832	0.00220418	0.41473	0.234099	0.000851764	0.0092973	0.0320777	0.00411995	0.0228353	0.00725136	0.00742175	0.0634082	0.00225669	0.0600167	0.00950738	0.0558275	0.0310057	0.016951	0.000802821	0.00325265
27	0.260872	0.0296881	0.00495132	0.00661021	0.039398	0.0130332	0.0038866	0.075169	0.0227974	0.184572	0.0229486	0.00769083	0.00648774	0.0238976	0.0105189	0.0957066	0.060845	0.0755882	0.0011697	0.0541688
28	0.0293974	0.00619373	0.0361863	0.0933994	0.0120271	0.00793654	0.0212148	0.146999	0.0219614	0.0967966	0.0388342	0.0393726	0.0032875	0.0341013	0.0230905	0.0562951	0.104015	0.19476	0.000561016	0.0335709
29	0.00756575	0.00214607	0.00262591	0.00126056	0.0342771	0.00283787	0.00121089	0.419546	0.00172875	0.311972	0.0224761	0.00298233	0.000632803	0.00412707	0.00524742	0.00635223	0.00935733	0.162112	0.000306115	0.00123553
30	0.0174478	0.00967981	0.00229681	0.00185827	0.0420754	0.0029264	0.00201834	0.343803	0.00487736	0.289559	0.0313461	0.00471162	0.00117267	0.00330848	0.00620852	0.0067365	0.0146616	0.209085	0.00100325	0.00522492
31	0.028943	0.0224402	0.00132222	0.00605374	0.0414756	0.00334853	0.00153986	0.292061	0.0103706	0.123361	0.0257309	0.00238271	0.000696889	0.00248518	0.00382268	0.00441588	0.0182882	0.403434	0.0022818	0.00554626
32	0.0226443	0.00275728	0.398413	0.223787	0.00102814	0.0114213	0.0376139	0.00461064	0.0253738	0.00802582	0.00676787	0.0707125	0.00297472	0.0646621	0.011397	0.0531849	0.033323	0.0164706	0.000922814	0.00390979
33	0.104846	0.0062861	0.0214382	0.0300118	0.00484078	0.0716738	0.0210063	0.0344598	0.116921	0.0640873	0.00700347	0.0373791	0.07638	0.0442589	0.187504	0.0909273	0.0456026	0.0108166	0.00147896	0.0230783
34	0.04557	0.0127298	0.0723626	0.0457338	0.008021	0.222522	0.0201933	0.0120167	0.146118	0.0207406	0.0130294	0.0820701	0.0187317	0.0518092	0.0713419	0.0829251	0.0428612	0.0185604	0.00187615	0.0107864
35	0.0268934	0.0230382	0.00212445	0.00240272	0.0294419	0.00222961	0.0114311	0.256876	0.0288396	0.248292	0.0429647	0.0129214	0.00718702	0.00821493	0.0293026	0.0155472	0.0574373	0.170394	0.00110198	0.0233597
36	0.0939145	0.0783014	0.0104663	0.006131	0.0055349	0.0175655	0.00339209	0.0954976	0.0053068	0.0359796	0.0284819	0.00561321	0.00590321	0.00712681	0.0163689	0.0533687	0.326104	0.193302	0.00194772	0.00969351
37	0.0974306	0.0112686	0.0396122	0.0294626	0.0119495	0.496681	0.00680577	0.00524899	0.0159037	0.0115827	0.00454253	0.0354016	0.00773136	0.0143683	0.020505	0.144348	0.0180206	0.0142462	0.000520531	0.0143708
38	0.0122825	0.0142928	0.00235227	0.00288012	0.306584	0.00261464	0.00641008	0.0954723	0.00305688	0.301885	0.0477365	0.00569952	0.00823259	0.013193	0.00750235	0.00758317	0.0176249	0.0879998	0.00294254	0.053655
39	0.0703687	0.0223784	0.0077709	0.00666319	0.00968303	0.04902	0.0611231	0.0214062	0.0270109	0.0326661	0.0239229	0.0925011	0.00308707	0.118682	0.0623389	0.244198	0.0945299	0.0160285	0.00128394	0.0353372
40	0.0401492	0.0223763	0.176896	0.059936	0.0122547	0.0536191	0.0392515	0.0225925	0.0519653	0.0313746	0.0198563	0.18752	0.0117705	0.0524433	0.0371922	0.0816471	0.0434618	0.0330308	0.00308261	0.0195797
41	0.0201883	0.00289478	0.00189342	0.00762914	0.0207384	0.00156243	0.00183618	0.104438	0.00733362	0.472355	0.279765	0.00288145	0.00185147	0.0169129	0.00370134	0.0195727	0.017188	0.0102499	0.000482039	0.00652709
42	0.0937903	0.0121332	0.039288	0.0301879	0.0121653	0.480323	0.0110351	0.00773754	0.0176164	0.0149778	0.00598377	0.038753	0.00799691	0.0149083	0.0210884	0.139363	0.0188469	0.018467	0.00075957	0.0145793
43	0.0469917	0.0237698	0.135714	0.052024	0.0147873	0.0488322	0.0441823	0.0231247	0.0579362	0.0316309	0.0200773	0.193938	0.0149936	0.0567635	0.0381689	0.0932763	0.0509067	0.0311857	0.00348501	0.018212
44	0.0741873	0.0147803	0.0202524	0.0303402	0.0102215	0.0308109	0.0156369	0.020524	0.039855	0.0262255	0.0165325	0.0411122	0.0772236	0.0370733	0.0327058	0.266909	0.195038	0.0369002	0.00462569	0.00904559
45	0.0715929	0.193163	0.023082	0.0212884	0.0231773	0.0472601	0.0242082	0.0369791	0.0291027	0.0374114	0.0208354	0.0463365	0.0224538	0.0369966	0.0276075	0.173483	0.0883797	0.0525387	0.00368894	0.0204154
46	0.00601687	0.0196689	0.00269599	0.00755028	0.294852	0.00190547	0.0306003	0.0293737	0.00130527	0.0322039	0.00296242	0.00980783	0.00240872	0.00794163	0.0100538	0.0221005	0.00654785	0.0204358	0.0217193	0.469849
47	0.0234066	0.00650549	0.00319135	0.00923583	0.0468599	0.0036405	0.00376313	0.122563	0.00956615	0.401436	0.225885	0.0085848	0.0049181	0.0190261	0.00975905	0.0228114	0.0214471	0.0451099	0.000991567	0.0112986
48	0.142288	0.0169604	0.0330388	0.0384836	0.0177913	0.0361107	0.107701	0.0223877	0.0374013	0.0353139	0.0214865	0.126299	0.0203422	0.0668759	0.0344369	0.127549	0.0571912	0.0293761	0.00794164	0.0210247
49	0.0467315	0.0156195	0.0539607	0.0671093	0.0172606	0.0250038	0.0388607	0.030211	0.0932014	0.0459065	0.0312594	0.0588362	0.0261259	0.172803	0.0659662	0.082587	0.0573059	0.0429816	0.00405923	0.0242107
50	0.0703037	0.194431	0.0192304	0.0212824	0.0164924	0.0271791	0.0178323	0.0339943	0.0245087	0.0383226	0.0241769	0.0357077	0.0177226	0.0272255	0.0229645	0.200515	0.0898249	0.0941292	0.00513969	0.019018
51	0.0200208	0.00153691	0.00158693	0.00688174	0.0135655	0.00136662	0.00161478	0.10446	0.00703659	0.488456	0.288276	0.00214516	0.00134671	0.0140446	0.00228775	0.0185279	0.0163903	0.00453032	0.000407293	0.00551857
52	0.0804686	0.00978137	0.0162696	0.0616155	0.0210075	0.0238108	0.00896975	0.115025	0.0215253	0.07957	0.0563041	0.0546904	0.0138166	0.0489745	0.023421	0.117857	0.088226	0.137992	0.000718778	0.0199563
53	0.0340622	0.0257343	0.00636174	0.00859802	0.00595996	0.00677694	0.552898	0.00990669	0.0276811	0.0151091	0.00700966	0.068332	0.0052882	0.102597	0.011924	0.0458113	0.040678	0.0113207	0.00712451	0.00682567
54	0.0881636	0.069897	0.0117106	0.00741118	0.0048898	0.0147748	0.00324332	0.102956	0.00554604	0.0354197	0.0233685	0.00524552	0.00584326	0.0076295	0.0142612	0.0581542	0.343299	0.187422	0.00207789	0.00868675
55	0.0707977	0.030058	0.020148	0.0281309	0.0887263	0.0357595	0.0449189	0.0558073	0.0394012	0.0466924	0.0322129	0.0282545	0.106718	0.0562471	0.0311626	0.0820573	0.0734829	0.0435607	0.00108409	0.0847802
56	0.160788	0.00812296	0.0274277	0.163936	0.0077117	0.0021341	0.0172126	0.0202398	0.0732154	0.0449185	0.0121284	0.00806893	0.18655	0.06783	0.00863968	0.0902605	0.0490006	0.0327089	0.0130376	0.00606957
57	0.0112009	0.00691183	0.00205372	0.00139921	0.130767	0.00176731	0.0025259	0.268431	0.00198751	0.343154	0.0310975	0.00346392	0.00261908	0.00665489	0.00618563	0.00684966	0.0117639	0.14235	0.00220414	0.0166125
58	0.0338109	0.0149175	0.0154454	0.0143306	0.0133294	0.0224429	0.0073841	0.0209011	0.0913722	0.0181945	0.00442982	0.0539056	0.0168642	0.0657204	0.0671316	0.165865	0.301238	0.0662987	0.00158729	0.0048302
59	0.0475226	0.000939819	0.149788	0.22975	0.00791296	0.0181274	0.0169088	0.0101577	0.142195	0.0187181	0.00110281	0.0610419	0.00159329	0.109039	0.0668857	0.0481976	0.0296973	0.0154437	0.000179677	0.0247988
60	0.00618653	0.0190971	0.00283318	0.00745085	0.289082	0.00215801	0.0304756	0.0297222	0.00144418	0.0322846	0.00385291	0.00958477	0.00264772	0.00930843	0.00978621	0.0225921	0.00670938	0.0201548	0.0204214	0.474208
61	0.0134618	0.00896601	0.00179702	0.0044121	0.194537	0.00191503	0.00390488	0.0915785	0.00525325	0.372982	0.171648	0.00417268	0.00462971	0.0127612	0.00567699	0.0102733	0.0150601	0.053459	0.00126391	0.0222473
62	0.0208972	0.0272539	0.00716061	0.0132901	0.0221012	0.00358716	0.00967821	0.185062	0.0172756	0.283396	0.0408715	0.0145782	0.00566819	0.0268105	0.023638	0.0336595	0.0583672	0.191224	0.00112414	0.0143572
63	0.0212555	0.00227791	0.432539	0.227244	0.00105783	0.00804465	0.0351884	0.00421892	0.0203156	0.0075913	0.0089051	0.0574657	0.00309048	0.057957	0.00854468	0.0548394	0.0288878	0.016484	0.00098054	0.00311252
64	0.00560428	0.00177843	0.0030806	0.00103518	0.0261082	0.00238863	0.0011008	0.403278	0.00145314	0.360733	0.0284725	0.00347795	0.000630776	0.00323905	0.00645871	0.00702002	0.00750997	0.135516	0.000230861	0.000883035
65	0.053462	0.0165534	0.0499772	0.0446105	0.0148497	0.0465168	0.0390692	0.0212148	0.0607525	0.0274172	0.019408	0.150457	0.0214178	0.10426	0.0475419	0.162697	0.0673115	0.0306754	0.00193208	0.0198765
66	0.0276127	0.0238356	0.020104	0.137023	0.0389718	0.00262192	0.0392282	0.0614294	0.122013	0.0359924	0.0264282	0.0167299	0.030063	0.0462024	0.131069	0.0471368	0.103019	0.0505378	0.0159504	0.0240316
67	0.0296568	0.00386836	0.32679	0.202353	0.000886194	0.0197539	0.0412589	0.00531185	0.0388009	0.00900741	0.00285588	0.0995338	0.000962269	0.0768574	0.0197865	0.0535825	0.0452082	0.0167668	0.000496397	0.00626362
68	0.0346312	0.0154925	0.0903723	0.0689132	0.00942408	0.0426172	0.0336921	0.0181807	0.149928	0.0266078	0.0158398	0.143223	0.0156172	0.0731293	0.0736325	0.0819244	0.0577695	0.0289059	0.00400382	0.0160956
69	0.146805	0.0274081	0.0138152	0.0230721	0.0148429	0.0140724	0.0121462	0.0572432	0.0202464	0.0442757	0.0215291	0.014781	0.0977084	0.0239148	0.0193575	0.111234	0.129646	0.17897	0.00913247	0.0197992
70	0.00784016	0.00551839	0.00301817	0.00131705	0.0268491	0.00220873	0.00197092	0.359753	0.00347727	0.370586	0.0372468	0.00415266	0.00123211	0.00441658	0.00769476	0.00827974	0.0117577	0.139173	0.00037971	0.0031276
71	0.0937322	0.0133852	0.0391713	0.0290431	0.0141911	0.469133	0.00774281	0.00812553	0.0216732	0.0165039	0.00646078	0.0371994	0.00832032	0.0146152	0.0241736	0.138992	0.0219433	0.0173337	0.00161404	0.0166461
72	0.00612918	0.0228941	0.0067811	0.0354144	0.00257084	0.0811148	0.0463803	0.00592314	0.337096	0.0185011	0.0161866	0.0462596	0.0140503	0.0995879	0.183897	0.0225735	0.0299313	0.0161321	0.000694221	0.00788293
73	0.0987419	0.0123152	0.038871	0.0272017	0.0118656	0.485858	0.00698284	0.0088556	0.0144921	0.0153029	0.00538805	0.0386948	0.00805714	0.0124901	0.0194477	0.142575	0.0198313	0.0174105	0.00086888	0.0147505
74	0.0491467	0.000942618	0.145565	0.22624	0.00964549	0.0189371	0.0182748	0.00974995	0.143156	0.0189108	0.00111709	0.0597011	0.000855323	0.110634	0.0653766	0.0485514	0.029549	0.015539	0.000191099	0.0279162
75	0.00592979	0.00348499	0.0029252	0.00111704	0.0279105	0.00230866	0.00133163	0.365657	0.00152352	0.392937	0.0259969	0.00308895	0.000897445	0.00415238	0.00633377	0.00797796	0.00787006	0.137434	0.000220518	0.000901842
76	0.151134	0.0302192	0.0178769	0.0318764	0.0215548	0.0172954	0.0168453	0.0897464	0.033855	0.0633573	0.0251287	0.0249536	0.015967	0.0334026	0.066047	0.0588666	0.0705158	0.205531	0.00417702	0.0216504
77	0.0286596	0.0220721	0.0232877	0.136183	0.0367101	0.0025812	0.0381102	0.0640067	0.121449	0.0359877	0.0253714	0.0188281	0.0273432	0.0462108	0.130016	0.0498386	0.101024	0.0536157	0.0155475	0.0231586
78	0.193318	0.0087464	0.0318821	0.0628532	0.00734602	0.0110042	0.0053463	0.0654976	0.0417866	0.0489503	0.0263277	0.0271182	0.0152924	0.0709296	0.0290861	0.170317	0.087757	0.086451	0.00215676	0.0078335
79	0.00612319	0.0209064	0.00261027	0.00756561	0.303501	0.00174723	0.0315814	0.0295879	0.00125607	0.0313086	0.00283882	0.0100162	0.00214329	0.00732309	0.0102876	0.0224494	0.00643324	0.0218606	0.022708	0.457753
80	0.124007	0.0117771	0.0171775	0.0238785	0.0112362	0.55882	0.00327723	0.00230858	0.00304524	0.00781896	0.00184827	0.0106114	0.00256754	0.00295012	0.0162819	0.164336	0.0100521	0.0125096	0.000520903	0.0149752
81	0.037042	0.00307319	0.309212	0.208227	0.00181328	0.0223157	0.0369671	0.00582276	0.0487623	0.0109767	0.00270866	0.0872662	0.0010163	0.0771167	0.0244695	0.0589407	0.0380612	0.0158196	0.000569878	0.0098186
82	0.0121959	0.0120347	0.00109656	0.0016758	0.24038	0.00128219	0.00420165	0.126991	0.00244905	0.348428	0.0455514	0.004517	0.00551315	0.0107691	0.00674	0.00499067	0.0147972	0.124399	0.00179578	0.0301926
83	0.00650226	0.00276467	0.00298902	0.00114701	0.0268589	0.002468	0.00124663	0.391649	0.00184571	0.357436	0.0304182	0.00397801	0.000683242	0.00342665	0.00659038	0.00729571	0.00811387	0.143038	0.000259826	0.00128843
84	0.00702656	0.0170654	0.00830872	0.0401156	0.00297804	0.0464782	0.038247	0.00568871	0.365955	0.0266468	0.0144106	0.0486609	0.00916211	0.0911369	0.193784	0.0234302	0.0398486	0.0108197	0.000433205	0.0098035
85	0.0349651	0.00817303	0.0522255	0.055873	0.00150188	0.0178826	0.0333804	0.0200387	0.159918	0.00424062	0.0225534	0.134415	0.00222371	0.114313	0.122635	0.110546	0.0679939	0.0289556	0.000423039	0.00774287
86	0.0241101	0.00329686	0.00174036	0.00618293	0.0145063	0.00136137	0.00236176	0.128311	0.00834501	0.458575	0.26308	0.00314284	0.00175821	0.0140614	0.00438039	0.01762	0.0215124	0.0172907	0.000347053	0.00801618
87	0.0071295	0.021342	0.00381066	0.00815627	0.295717	0.00223671	0.0353106	0.0291724	0.00215044	0.0330505	0.00377755	0.0138899	0.00227359	0.00821113	0.010518	0.0242589	0.00691151	0.0212614	0.0236602	0.447161
88	0.0780331	0.0567978	0.030595	0.0225594	0.0914505	0.0519893	0.0342641	0.0383509	0.0241525	0.0525364	0.0361541	0.0539982	0.0163055	0.0787169	0.0217666	0.151943	0.0567025	0.0281221	0.000636679	0.0749255
89	0.0375329	0.00923165	0.00234165	0.00335467	0.180169	0.00252481	0.002543	0.249025	0.00427204	0.0942477	0.0169491	0.00379996	0.00129591	0.00742945	0.00633647	0.0166044	0.0253465	0.275918	0.011434	0.049643
90	0.262549	0.0116874	0.00572398	0.00662496	0.00407357	0.00614099	0.00450482	0.0355254	0.00683738	0.0286112	0.0200719	0.00763906	0.0751744	0.0077528	0.0082244	0.257792	0.095805	0.115815	0.01919	0.0202559
91	0.136917	0.0107263	0.0672553	0.101958	0.0135638	0.0341002	0.0233327	0.0227227	0.0540712	0.0379284	0.0177471	0.0350572	0.159478	0.0553905	0.024892	0.0968354	0.0487088	0.0363833	0.00870565	0.014226
92	0.043434	0.0120686	0.0133204	0.0524483	0.0377801	0.00845027	0.0403078	0.0620859	0.136969	0.0254736	0.0152269	0.0374563	0.0149151	0.0310789	0.119092	0.102889	0.156037	0.0300988	0.0248933	0.0359745
93	0.0868571	0.00305001	0.059785	0.131896	0.00595311	0.0541708	0.0454226	0.0356279	0.0324232	0.00711968	0.0441137	0.109381	0.0608067	0.0958872	0.0120928	0.109831	0.030501	0.0576669	0.00102714	0.0163875
94	0.00959669	0.0109421	0.00112763	0.00177334	0.303663	0.00102544	0.00552417	0.0920379	0.00169095	0.334395	0.0499969	0.00525392	0.00671205	0.0118935	0.00740668	0.00361085	0.0155055	0.0895456	0.00200634	0.0462928
95	0.0341184	0.0131925	0.0188947	0.03726	0.0169467	0.0145158	0.0243277	0.0654061	0.236797	0.139929	0.0263063	0.0264449	0.0163667	0.0563817	0.117681	0.0455186	0.0449759	0.0446383	0.00263477	0.0176646
96	0.0115389	0.00634514	0.00201749	0.00309373	0.0279963	0.00258252	0.00151857	0.411985	0.0058894	0.231343	0.0188903	0.00267291	0.000792016	0.00323679	0.00584822	0.00500961	0.0158915	0.241022	0.000370191	0.00195631
97	0.113934	0.0105299	0.0152807	0.0244917	0.011185	0.57334	0.00326425	0.00223798	0.00279158	0.00776432	0.00168485	0.0104906	0.00251192	0.00266108	0.0164985	0.164534	0.00892964	0.012507	0.000438913	0.014924
98	0.00675417	0.0161933	0.00633703	0.0435846	0.00415298	0.0440879	0.0408703	0.00787135	0.357544	0.0377579	0.0153474	0.0385559	0.00999195	0.0872898	0.21156	0.0191023	0.0318611	0.0105175	0.000573045	0.0100482
99	0.0436382	0.0609784	0.016331	0.0111869	0.289243	0.0223461	0.0187677	0.0647107	0.0168978	0.0815968	0.0254113	0.0178995	0.021507	0.0365155	0.0114284	0.0610651	0.0428253	0.0322678	0.00298293	0.122401
100	0.118894	0.0172245	0.0177164	0.0142968	0.0141804	0.041637	0.0355651	0.021561	0.0476363	0.057965	0.0258723	0.116227	0.00730394	0.14544	0.0345963	0.183565	0.0365972	0.0163264	0.00151563	0.0458804
101	0.0476237	0.013076	0.010671	0.0165637	0.00632071	0.0272752	0.0356583	0.0126713	0.0297632	0.0148466	0.0111419	0.0401324	0.141133	0.0240947	0.052774	0.340733	0.142541	0.0213771	0.00293106	0.00867234
102	0.0185794	0.00929367	0.00853439	0.0598168	0.00704894	0.00890514	0.00776079	0.0146012	0.0151271	0.117568	0.145156	0.0379076	0.00710184	0.30243	0.0891905	0.0526651	0.0183544	0.0415538	0.00197673	0.0364288
103	0.0195489	0.0206537	0.00717412	0.01184	0.282342	0.00869	0.0215445	0.0768444	0.00804651	0.110914	0.0212779	0.0118927	0.00770762	0.0151771	0.0123283	0.0269339	0.0198317	0.0665587	0.0127184	0.237976
104	0.230834	0.0125705	0.00795762	0.0116217	0.0151657	0.00909447	0.00726002	0.0498056	0.0506837	0.154157	0.014462	0.016227	0.00660741	0.0480115	0.0368886	0.221024	0.027263	0.0338645	0.00156893	0.0449328
105	0.101917	0.0122015	0.0208458	0.0248671	0.0146736	0.505496	0.00912701	0.00591694	0.00738112	0.0116605	0.00396695	0.0217908	0.00608225	0.0118445	0.0189379	0.165305	0.0190384	0.0146952	0.000848118	0.0234049
106	0.00644123	0.0217898	0.00262557	0.00747552	0.301527	0.00188849	0.033274	0.0297084	0.00130494	0.0303786	0.00293649	0.0105913	0.00209735	0.0071029	0.0102462	0.0225766	0.00625535	0.0211701	0.022287	0.458323
107	0.105721	0.0129723	0.0130169	0.0101561	0.0113532	0.0785011	0.0821537	0.0153142	0.0241605	0.0780214	0.0398731	0.101035	0.00692864	0.167475	0.0395759	0.14532	0.0299396	0.0140809	0.00153201	0.0228696
108	0.0648496	0.0182737	0.0219315	0.0359958	0.0187996	0.0274548	0.0359843	0.0343455	0.0412135	0.068177	0.0851818	0.0595005	0.0172318	0.171877	0.045289	0.134696	0.0520289	0.0364284	0.00316126	0.02758
109	0.0332035	0.0262163	0.00589063	0.00788369	0.00748407	0.005	0.591723	0.00914395	0.028286	0.0144925	0.00607997	0.038986	0.00493076	0.107287	0.0114349	0.0448112	0.0354808	0.00976886	0.00668225	0.00521524
110	0.0360413	0.00807078	0.243913	0.138735	0.00579509	0.0397879	0.0212233	0.0143361	0.102234	0.0168101	0.0099599	0.0854452	0.0253884	0.0754579	0.0458781	0.0605724	0.0393108	0.0191946	0.00153805	0.010308
111	0.126271	0.0814936	0.0130323	0.00889123	0.00599454	0.0223777	0.00902035	0.0210531	0.0147692	0.0167127	0.0112527	0.0221442	0.0109836	0.013009	0.0156292	0.37814	0.178294	0.0394874	0.00320148	0.00824285
112	0.0473356	0.0295885	0.00700734	0.00832349	0.00648576	0.00939667	0.489096	0.0107415	0.0393778	0.0168337	0.00889808	0.0386686	0.00510639	0.134032	0.0151909	0.0712149	0.0382813	0.0115631	0.00517208	0.00768701
113	0.0522248	0.0100734	0.147774	0.215599	0.00992835	0.0240409	0.027754	0.027466	0.0731199	0.0302192	0.0144594	0.056547	0.0300108	0.0695487	0.0389665	0.0673781	0.042229	0.0435487	0.00403141	0.0150804
114	0.00946877	0.0108194	0.00106977	0.0016523	0.30334	0.00102057	0.00488048	0.0923915	0.00178058	0.341953	0.0514122	0.0050872	0.0069187	0.0121589	0.00738202	0.00310546	0.0157429	0.0898823	0.001413	0.0385213
115	0.00715895	0.00346341	0.00302721	0.0013589	0.0259787	0.00216562	0.00160373	0.370749	0.00258143	0.373366	0.044234	0.00372887	0.000920271	0.00410151	0.00686512	0.00795242	0.00964071	0.128548	0.000262039	0.00229391
116	0.0889789	0.0241184	0.00614842	0.0073859	0.00356788	0.0426965	0.0100576	0.00741877	0.0213311	0.0084727	0.00559072	0.026085	0.00997141	0.0122482	0.0193338	0.407548	0.258864	0.0308708	0.0030113	0.00630106
117	0.00667335	0.0214336	0.00266976	0.00783275	0.305247	0.0018253	0.0320618	0.0294029	0.00136108	0.0309444	0.00294294	0.0101981	0.00213418	0.00717561	0.0104327	0.0229638	0.0064311	0.0210286	0.0231552	0.454086
118	0.0234152	0.0225531	0.00278142	0.00292402	0.0442347	0.00250833	0.00759444	0.249471	0.0163917	0.304373	0.0355243	0.00859926	0.00574022	0.0081691	0.0178485	0.0174792	0.0417264	0.16881	0.00135593	0.0185006
119	0.0209555	0.0270802	0.00265482	0.00315681	0.0467987	0.00225437	0.0103199	0.224478	0.014726	0.308378	0.0389532	0.00870103	0.00525047	0.00852919	0.015745	0.013852	0.034662	0.195864	0.000870603	0.0167703
120	0.104718	0.0120738	0.167401	0.147214	0.0120028	0.0142823	0.0284982	0.023602	0.0472859	0.0318755	0.0163454	0.0399869	0.0659632	0.0513677	0.0261345	0.0765699	0.0501409	0.0350426	0.0361226	0.013373
121	0.115503	0.0105037	0.01559	0.0255996	0.0112839	0.564906	0.00421841	0.00294941	0.0030677	0.0086822	0.00220061	0.0114027	0.00322277	0.0035567	0.0163954	0.162775	0.00980365	0.0128686	0.00051823	0.0149522
122	0.00818528	0.00501598	0.00269371	0.00176225	0.0269702	0.00244579	0.0015254	0.384162	0.00351965	0.330411	0.0263264	0.00320216	0.000878877	0.00372166	0.00666106	0.00683164	0.0105629	0.172951	0.000288365	0.00188482
123	0.0467295	0.0229807	0.0316018	0.0289014	0.0390963	0.014296	0.255691	0.0227008	0.032314	0.0339596	0.0142178	0.0981062	0.0120537	0.0561061	0.03202	0.0760962	0.0540119	0.0265115	0.0484562	0.0541498
124	0.0322017	0.00405704	0.300933	0.219893	0.00355774	0.0212821	0.0276332	0.0113125	0.0566201	0.0144687	0.00653364	0.0734916	0.00779093	0.0710291	0.0273515	0.0530155	0.0346427	0.0233608	0.00175703	0.00906806
125	0.0518693	0.0139359	0.153735	0.0577539	0.0119912	0.210752	0.0198672	0.0209661	0.0454208	0.0504141	0.0134959	0.105054	0.0178307	0.0395792	0.0234657	0.0810829	0.0400938	0.0236989	0.00276805	0.0162259
126	0.0395454	0.0196429	0.0110345	0.0250951	0.0306414	0.00932142	0.0132217	0.148661	0.0847112	0.205309	0.0287145	0.0179343	0.0111777	0.0372852	0.0480442	0.0338596	0.048519	0.165809	0.00272419	0.0187487
127	0.0561549	0.0870365	0.0277133	0.025418	0.0209853	0.0268281	0.0301669	0.0300662	0.0362266	0.0560147	0.0763557	0.162921	0.0180236	0.0451409	0.0309941	0.144788	0.0495583	0.0437303	0.00335595	0.0285217
128	0.00992024	0.0139445	0.006646	0.0344776	0.00484731	0.0315136	0.0310782	0.0168453	0.377003	0.051859	0.0136923	0.0335846	0.0105281	0.0745151	0.210846	0.0220461	0.0322036	0.0129602	0.000765257	0.0107241
129	0.0192363	0.0129583	0.00201496	0.00829739	0.0153033	0.00169879	0.00146405	0.351199	0.0143734	0.0766486	0.0107454	0.00109745	0.000549688	0.00220424	0.0058769	0.00322343	0.0237607	0.447381	0.000754897	0.00121198
130	0.0119504	0.00537776	0.00311559	0.0147648	0.00599683	0.00324357	0.0313357	0.0883641	0.311059	0.181814	0.0134454	0.00553442	0.0122842	0.0467845	0.164842	0.0323807	0.0340301	0.0173958	0.00141006	0.014871
131	0.0276061	0.00740903	0.0408796	0.0549405	0.00277149	0.0326804	0.0468644	0.0172092	0.205733	0.00586224	0.0223891	0.116881	0.0074601	0.109133	0.0971567	0.105031	0.0537143	0.0388634	0.000505718	0.00690953
132	0.0203887	0.0171864	0.0188776	0.0375488	0.00626487	0.0637831	0.0322503	0.0205447	0.261013	0.0258202	0.0167576	0.0517742	0.0156762	0.0869292	0.157684	0.0509331	0.0538674	0.0491145	0.00199365	0.0115922
133	0.106937	0.0116747	0.0261958	0.149885	0.0113734	0.00743953	0.033913	0.0275101	0.106737	0.0517326	0.0156891	0.0138302	0.173955	0.0543658	0.035408	0.0800418	0.0429793	0.0325902	0.00813492	0.00960794
134	0.00972118	0.0211754	0.00437866	0.0101811	0.285852	0.00491138	0.0235904	0.0412681	0.00405117	0.0725036	0.0110544	0.00937799	0.0086498	0.0155083	0.00953512	0.02375	0.013029	0.0260789	0.0146501	0.390734
135	0.0145789	0.0183349	0.0250158	0.0175848	0.0323246	0.00378031	0.0159223	0.277556	0.0232628	0.0779319	0.0127801	0.00806397	0.00244328	0.0189394	0.0106422	0.0329322	0.0750174	0.321706	0.00151208	0.00967129
136	0.0568273	0.00388907	0.0459103	0.189834	0.00530055	0.0398614	0.0270445	0.0229379	0.0669252	0.0113465	0.0314234	0.113668	0.0349435	0.0862286	0.0388943	0.114268	0.0395809	0.0612616	0.00068087	0.00917348
137	0.081863	0.00552052	0.0224881	0.068589	0.0134593	0.0187998	0.00678071	0.108122	0.0364846	0.0715962	0.0616797	0.0552442	0.0158165	0.0605642	0.0355793	0.110038	0.0916353	0.121381	0.000951341	0.0134065
138	0.0163137	0.0221456	0.00674933	0.0343545	0.00921283	0.0364254	0.0215855	0.0345535	0.250572	0.019998	0.0117962	0.055914	0.121549	0.072859	0.179723	0.0240992	0.0354104	0.0253934	0.0011026	0.0202426
139	0.046303	0.00469535	0.0401722	0.370608	0.00398198	0.00489525	0.00730732	0.0530446	0.0582096	0.0613495	0.00702547	0.0307091	0.00460327	0.0446746	0.0490258	0.0190497	0.02006	0.165311	0.0010397	0.00793454
140	0.0423567	0.0138056	0.00159955	0.00353543	0.126088	0.00253513	0.00198027	0.264293	0.00649317	0.118363	0.0220213	0.00349051	0.00116004	0.00624422	0.00532009	0.0102206	0.0214324	0.310116	0.0101973	0.0287474
141	0.217057	0.0111772	0.0184826	0.0239094	0.00935015	0.365191	0.00554766	0.00470395	0.00804036	0.0111203	0.0041142	0.0231498	0.0069737	0.0105376	0.0155371	0.206079	0.0294197	0.0153825	0.0010059	0.0132213
142	0.0491051	0.000877698	0.14689	0.229841	0.00832193	0.0183915	0.017025	0.0100681	0.143916	0.0191862	0.000998107	0.0597952	0.000780407	0.10971	0.0660046	0.0482921	0.0294348	0.0154963	0.00019303	0.0256723
143	0.040281	0.00601039	0.0953712	0.15329	0.00882607	0.0160035	0.0237024	0.0262541	0.148202	0.0157613	0.00968844	0.0778943	0.00533612	0.0980175	0.0998366	0.0652649	0.0631901	0.0271161	0.00221665	0.0177377
144	0.0848346	0.0537402	0.0268461	0.022903	0.0816975	0.0504589	0.0321025	0.0354775	0.0263609	0.0527832	0.0362671	0.0576392	0.0144231	0.0871143	0.0225362	0.160181	0.0585752	0.0260222	0.000591272	0.0694466
145	0.0504548	0.0209386	0.0230272	0.0356786	0.110157	0.0139276	0.0494362	0.0456406	0.0363507	0.0455853	0.0192064	0.0321215	0.0237451	0.0381936	0.0343431	0.0704167	0.0629381	0.0559154	0.0840414	0.147882
146	0.0484968	0.00101791	0.156173	0.227843	0.00765495	0.0186213	0.0185229	0.0103322	0.138041	0.0189806	0.000986846	0.0626356	0.000772709	0.106658	0.0639866	0.0490516	0.0306818	0.0152403	0.000206043	0.0240978
147	0.0621886	0.03607	0.0115373	0.0117435	0.0255186	0.0391041	0.0253037	0.0491596	0.050841	0.0754141	0.0517323	0.114758	0.00770594	0.10436	0.0539458	0.133519	0.0355082	0.019655	0.00112335	0.0908117
148	0.00696033	0.0204007	0.00309757	0.00756567	0.289312	0.00227266	0.0374974	0.0313977	0.0015641	0.0321758	0.00345594	0.0108906	0.00233904	0.00811539	0.0104272	0.0224355	0.006595	0.0221681	0.020834	0.460495
149	0.0114051	0.00506267	0.00251448	0.0134754	0.00523217	0.00271798	0.0289705	0.0874047	0.324719	0.188236	0.0140954	0.00420501	0.00942684	0.0469869	0.165193	0.0295832	0.0318531	0.0150461	0.000837	0.0130361
150	0.0665112	0.00574667	0.00525532	0.00921772	0.00505701	0.00464169	0.0129168	0.0370828	0.271531	0.211881	0.0272677	0.00710141	0.00593859	0.0776237	0.135171	0.06259	0.0180546	0.0260418	0.00109197	0.00927809
151	0.0425569	0.0174681	0.0282645	0.041783	0.0171262	0.0246164	0.0263335	0.0426122	0.117577	0.0475731	0.0184474	0.0488199	0.0194159	0.0638679	0.134364	0.099059	0.13646	0.0485016	0.00551229	0.0196418
152	0.0202143	0.0157656	0.366731	0.076818	0.00455749	0.0495951	0.0225407	0.0110371	0.0323007	0.0140712	0.00628831	0.204335	0.00676877	0.0378633	0.0196839	0.0558698	0.0295493	0.0164808	0.00143625	0.0080934
153	0.00569963	0.0231633	0.520985	0.0400753	0.00270751	0.00298678	0.0147135	0.00457266	0.0104562	0.00622347	0.00318629	0.234834	0.00196958	0.0545069	0.0174244	0.0332241	0.0133248	0.00506538	0.00135245	0.00352884
154	0.0528892	0.0192604	0.0248626	0.0299232	0.0170255	0.0442947	0.032804	0.0307484	0.0721869	0.0351234	0.0201062	0.0584352	0.0219141	0.0568738	0.0923581	0.2299	0.100143	0.0363006	0.00380736	0.0210435
155	0.0177011	0.0131276	0.00223881	0.00879671	0.0162438	0.00173687	0.0015961	0.362115	0.0158242	0.0788047	0.0108391	0.00108465	0.000545015	0.00236036	0.00609221	0.0034384	0.0244283	0.431161	0.000753912	0.00111201
156	0.0261479	0.012746	0.00272511	0.00439906	0.138797	0.00335054	0.00382881	0.26982	0.00698501	0.165807	0.0250779	0.00463491	0.00316727	0.00812894	0.00751404	0.0109808	0.022317	0.247729	0.00597224	0.0298717
157	0.0403064	0.0173789	0.0139734	0.0359045	0.016658	0.00951861	0.00997918	0.125714	0.0161616	0.150457	0.0697817	0.0280987	0.00956744	0.0480165	0.0201142	0.0743995	0.125117	0.169422	0.00156296	0.0178685
158	0.0202322	0.00534149	0.422128	0.186118	0.000976418	0.0116389	0.0290539	0.0039667	0.0267197	0.00626194	0.00415055	0.10757	0.00161949	0.064353	0.0137314	0.0466872	0.0312102	0.0134832	0.000595331	0.00416329
159	0.0159531	0.00907028	0.0085701	0.00971493	0.00751732	0.00707317	0.0355289	0.101171	0.093268	0.264647	0.00915387	0.0589995	0.00592168	0.0367507	0.0427641	0.0245658	0.18298	0.0492411	0.0283247	0.00878441
160	0.0104678	0.0132938	0.00155379	0.00198285	0.303997	0.00163879	0.00497008	0.0979248	0.00246718	0.30342	0.0759804	0.00493278	0.00651247	0.0120012	0.00755094	0.00398338	0.0147486	0.0956109	0.001972	0.0349909
161	0.0659347	0.0168202	0.014115	0.0181229	0.0237762	0.0525143	0.110472	0.0250816	0.0212467	0.0291099	0.0193992	0.0572929	0.016634	0.153704	0.0201022	0.0510833	0.0669606	0.10596	0.00486756	0.126803
162	0.118454	0.0111485	0.0206945	0.024733	0.0107496	0.529298	0.00480058	0.00380801	0.00566751	0.0098231	0.00311621	0.0180099	0.00407653	0.00662446	0.0166813	0.166177	0.0165785	0.0142437	0.000540449	0.0147745
163	0.016064	0.0042231	0.00424813	0.0222287	0.0094461	0.00356883	0.00369469	0.0553725	0.00898048	0.303902	0.228113	0.0129361	0.00360682	0.225748	0.0272305	0.0271739	0.0143028	0.015134	0.00103848	0.0129875
164	0.00741872	0.0141487	0.00203035	0.00503869	0.288226	0.00160809	0.0150067	0.0570031	0.0017531	0.17429	0.0254966	0.00668067	0.00527	0.0126245	0.00832065	0.0122649	0.0109946	0.0524527	0.0103233	0.289049
165	0.0101315	0.0142167	0.00558695	0.0404569	0.00555861	0.0290754	0.0298152	0.0115785	0.350923	0.0414427	0.0124347	0.0313566	0.0153284	0.0838003	0.245289	0.0168282	0.0297776	0.0148793	0.000677454	0.0108427
166	0.06177	0.0316167	0.0226479	0.026312	0.112152	0.0571329	0.0300624	0.0462948	0.0258455	0.0508048	0.0240227	0.0464717	0.0165861	0.0397493	0.026036	0.172329	0.0605321	0.0433068	0.00664342	0.0996835
167	0.0126112	0.0145004	0.0127622	0.046852	0.00530702	0.0339622	0.0324542	0.0144845	0.352645	0.0322182	0.0135799	0.0423203	0.00981921	0.0776713	0.176624	0.0304804	0.064879	0.0144951	0.00146845	0.0108659
168	0.0192919	0.0283454	0.00144085	0.00545049	0.019378	0.00209974	0.00218763	0.248115	0.0091839	0.221292	0.0231028	0.00178034	0.00125642	0.00411063	0.00476282	0.00503475	0.0167093	0.382117	0.000978221	0.00336324
169	0.0336004	0.0065111	0.0722496	0.12215	0.0105752	0.00402769	0.0197785	0.138181	0.0636388	0.0525572	0.0195156	0.0498079	0.00218984	0.0448481	0.0370947	0.0345891	0.076962	0.176943	0.000713574	0.0340664
170	0.0633505	0.186512	0.0308349	0.0251347	0.0461497	0.0269274	0.038027	0.0581087	0.0334436	0.0595393	0.0275753	0.0495234	0.0164908	0.0361909	0.0280341	0.082177	0.0567381	0.0742478	0.0059451	0.0550497
171	0.135044	0.0102838	0.0538565	0.0959315	0.0107206	0.0384268	0.0182193	0.0198736	0.0565449	0.0339013	0.0163202	0.0359139	0.159586	0.055259	0.0225205	0.136244	0.0507098	0.0326702	0.00759207	0.010382
172	0.0355815	0.00589781	0.105913	0.138131	0.0085463	0.00251355	0.0194137	0.126433	0.0825269	0.0378281	0.0121142	0.0544826	0.00195916	0.0432578	0.0413676	0.0248984	0.0629897	0.164834	0.000932558	0.0303792
173	0.0688741	0.186069	0.0287335	0.0240199	0.0491484	0.03245	0.0307815	0.0589246	0.0352844	0.0553441	0.0241004	0.0391862	0.0162272	0.0334178	0.0264839	0.0852798	0.0660149	0.0806045	0.00644837	0.0526075
174	0.0797982	0.00754684	0.0474339	0.0316237	0.0327205	0.0813045	0.0625593	0.00771687	0.0409594	0.0151629	0.0194454	0.16017	0.0225535	0.133407	0.0194178	0.17747	0.0275195	0.0126236	0.000922193	0.019645
175	0.0123865	0.0143673	0.016124	0.0391841	0.00231218	0.0390335	0.037701	0.00773891	0.32524	0.0197963	0.0175876	0.0770408	0.00733676	0.0962041	0.176405	0.0388114	0.0507931	0.0134227	0.000446517	0.00806797
176	0.0175294	0.0131928	0.00250826	0.0090303	0.0161251	0.00174781	0.0017187	0.360939	0.0163255	0.076701	0.0107031	0.00109317	0.000567117	0.00248032	0.00601163	0.00385238	0.0259104	0.431639	0.00070131	0.00122368
177	0.106487	0.0135971	0.0402169	0.0393734	0.0142672	0.0490232	0.0386434	0.0180783	0.0454911	0.0296596	0.0224567	0.110127	0.0173481	0.106075	0.0371033	0.20114	0.0624621	0.0253952	0.00206534	0.0209895
178	0.0177235	0.0133529	0.00234782	0.00876606	0.0160723	0.00173121	0.00172401	0.360823	0.0166704	0.0777803	0.0113936	0.00129815	0.000624589	0.0023464	0.00664543	0.00358727	0.0254193	0.429624	0.000745336	0.001324
179	0.0468276	0.00991557	0.01621	0.0220923	0.0127782	0.0172643	0.0173043	0.0455075	0.196021	0.036396	0.0114807	0.0422494	0.0114471	0.0512191	0.0933851	0.117942	0.201991	0.0312632	0.00554409	0.0131623
180	0.0196228	0.0232239	0.00735736	0.00886994	0.292849	0.0136953	0.0212019	0.0682252	0.00906171	0.1295	0.0250609	0.0134482	0.014588	0.0192661	0.0122847	0.0303876	0.0205229	0.0538798	0.0108282	0.206126
181	0.0241419	0.00752367	0.35842	0.150167	0.00437469	0.0176336	0.0259938	0.00885005	0.0529544	0.0115329	0.00747189	0.104072	0.0141385	0.0741519	0.0266131	0.0512043	0.0326122	0.0181009	0.00159884	0.00844333
182	0.144991	0.0105034	0.0282768	0.147701	0.00937867	0.00922408	0.0170921	0.0256189	0.069481	0.0425687	0.0165717	0.0165647	0.188088	0.0611968	0.0182936	0.0955884	0.0462446	0.034584	0.009629	0.0084042
183	0.00591736	0.0192255	0.00270142	0.00759155	0.291954	0.00187942	0.0295201	0.0296578	0.00138716	0.0333322	0.00293638	0.00948284	0.00256823	0.00835084	0.00967522	0.0221402	0.00705698	0.0202938	0.0210066	0.473323
184	0.0725181	0.093517	0.0166672	0.0190405	0.0178537	0.0159828	0.0177635	0.0317941	0.023333	0.137678	0.139651	0.130042	0.0114236	0.0288193	0.0213148	0.0967997	0.0336165	0.0701533	0.00298655	0.0190452
185	0.0583325	0.0501533	0.0297142	0.016534	0.125827	0.0319954	0.0355857	0.063714	0.0220465	0.0568453	0.0446299	0.0369345	0.0217889	0.0462544	0.0191824	0.124642	0.0784611	0.0389714	0.000665439	0.0977219
186	0.024023	0.034067	0.00137109	0.00431774	0.0246254	0.00261072	0.00340426	0.240727	0.0110115	0.195158	0.0363175	0.00416981	0.00197205	0.00389217	0.00769404	0.00610388	0.0219414	0.367022	0.000982789	0.00858876
187	0.0367134	0.00858993	0.0212771	0.0410276	0.00682277	0.049072	0.00915752	0.024807	0.0531826	0.0189025	0.00694432	0.0591648	0.0388366	0.0678508	0.0324789	0.259204	0.23648	0.0232383	0.0012538	0.00499615
188	0.0246819	0.0282238	0.00132749	0.00552855	0.0259918	0.0026738	0.00217519	0.257922	0.00978973	0.166159	0.027333	0.00239379	0.00113465	0.00303683	0.00470073	0.00428548	0.0183186	0.408278	0.00130179	0.00474459
189	0.073309	0.00404862	0.0502166	0.0813585	0.0096717	0.0788058	0.0240185	0.0145777	0.0481357	0.0103631	0.0156787	0.0919271	0.0820489	0.0869058	0.0214109	0.214865	0.0587935	0.023197	0.00167745	0.00899084
190	0.00819403	0.00483313	0.00286554	0.001408	0.02648	0.00216459	0.00151412	0.380583	0.00319255	0.346164	0.0312604	0.00372078	0.000952741	0.00345635	0.00709496	0.00717502	0.00987254	0.156214	0.000440165	0.00241518
191	0.0581519	0.0126817	0.0315252	0.0627346	0.0207465	0.0189827	0.0238481	0.0296212	0.0747738	0.0320938	0.0194396	0.0350482	0.174981	0.150158	0.0650207	0.0756982	0.0507369	0.0424281	0.00513861	0.016191
192	0.0494066	0.00606	0.0127649	0.0517681	0.0229464	0.012229	0.00698247	0.124011	0.0170976	0.0746133	0.0625591	0.0702984	0.0156123	0.0605159	0.025936	0.136682	0.0806033	0.159865	0.000890422	0.00915815
193	0.030905	0.00749344	0.0532571	0.0590237	0.00263477	0.0250501	0.0260246	0.0157948	0.140665	0.00797721	0.0140567	0.113363	0.00441589	0.106207	0.102145	0.128237	0.117834	0.0369527	0.000449009	0.00751203
194	0.0289454	0.0223661	0.00143159	0.00586157	0.0431303	0.00315274	0.00144979	0.291877	0.00992556	0.121371	0.0255415	0.00214885	0.000557132	0.00259011	0.00335343	0.00438219	0.0178122	0.406094	0.00242	0.00558909
