294	20
1	0.0143682	0.000652999	0.00106955	0.0010901	0.301627	0.00106924	0.0220989	0.00631072	0.00144838	0.0194962	0.00289138	0.00142484	0.00133629	0.0112736	0.00133845	0.0116306	0.00348539	0.0166564	0.0134523	0.567279
2	0.0402398	0.00434267	0.524001	0.0528662	0.00374134	0.0166845	0.0213057	0.00898969	0.0135938	0.0116413	0.00678808	0.135442	0.00701236	0.0322325	0.0183441	0.0420117	0.0404778	0.0122842	0.0026401	0.00536142
3	0.0196817	0.00627372	0.00541798	0.00167797	0.189217	0.00137454	0.0295048	0.0726698	0.00262631	0.37551	0.0882121	0.00393367	0.00475808	0.00478439	0.0046401	0.0129602	0.0212786	0.048258	0.0163797	0.090841
4	0.0555154	0.00516896	0.0013546	0.00121632	0.175468	0.0014216	0.0430581	0.18885	0.0017794	0.177235	0.0381402	0.00208392	0.00591207	0.00162354	0.00991344	0.00335566	0.00866982	0.213383	0.000950578	0.0649013
5	0.0332518	0.00180009	0.00206585	0.00230327	0.00151007	0.00224119	0.00238224	0.0308992	0.00262611	0.00338231	0.0021759	0.00299333	0.00915585	0.00289171	0.00508857	0.0046333	0.226573	0.66206	0.00067265	0.0012938
6	0.0201765	0.00619349	0.000839477	0.00192362	0.0106288	0.00113931	0.00337085	0.400644	0.00264953	0.166493	0.0385487	0.00343821	0.00431097	0.00268512	0.00354387	0.00518473	0.015555	0.307773	0.00190467	0.00299702
7	0.0109088	0.0017648	0.00540901	0.00212087	0.00150271	0.921751	0.0083936	0.00168204	0.00739079	0.00525106	0.00077923	0.0047553	0.000998975	0.00382975	0.00415339	0.0126758	0.00345345	0.00233584	0.000249205	0.000594774
8	0.441977	0.00056266	0.00111514	0.000895602	0.000819752	0.438219	0.000947586	0.000891193	0.00110734	0.00104298	0.000619182	0.00502837	0.000700124	0.000969367	0.000914111	0.0967167	0.00506825	0.00166567	0.000247798	0.000492263
9	0.013393	0.00072717	0.00444201	0.00199401	0.00129888	0.927745	0.00836647	0.00143895	0.00751345	0.00444189	0.00136317	0.00338305	0.000634289	0.00275763	0.00322854	0.0108593	0.00270643	0.00280838	0.00035883	0.000539652
10	0.166231	0.00874078	0.0301707	0.0504662	0.00619005	0.02765	0.0107678	0.0138726	0.0277963	0.0136466	0.00728325	0.0247137	0.393483	0.0265257	0.0183647	0.114649	0.0315997	0.0180374	0.00221203	0.00759973
11	0.465776	0.00202016	0.00196394	0.00341123	0.00208855	0.387037	0.001953	0.00143299	0.00270067	0.00257973	0.00227524	0.00515244	0.00224969	0.00199384	0.00477228	0.0999834	0.00801049	0.00306495	0.000384652	0.00114967
12	0.0161039	0.000969892	0.00367367	0.0012928	0.000788522	0.932794	0.00772687	0.00105343	0.00550377	0.00421796	0.000637008	0.00260743	0.000886279	0.00223905	0.00239184	0.0120979	0.00226552	0.00199527	0.000222119	0.000533087
13	0.027217	0.00655002	0.00289957	0.000910827	0.108553	0.000944445	0.00760332	0.15559	0.00285627	0.360145	0.106609	0.00241659	0.00556928	0.00160547	0.00396917	0.00556601	0.0144191	0.150233	0.0118594	0.0244842
14	0.345695	0.0054407	0.0229014	0.0980012	0.00983441	0.0451971	0.0160049	0.00958072	0.0297435	0.0122051	0.0226324	0.0271449	0.0138542	0.027516	0.154232	0.109925	0.0245266	0.0160631	0.00234642	0.00715504
15	0.667521	0.0194399	0.00117414	0.00197914	0.0103334	0.0469396	0.00166768	0.00258026	0.00312932	0.0255299	0.00456165	0.00291066	0.0101835	0.00227353	0.00287934	0.137879	0.0501409	0.00767379	0.000401913	0.000801601
16	0.800686	0.00536972	0.000410955	0.000481639	0.00145329	0.0417871	0.000505103	0.000579988	0.00255408	0.0028035	0.000351195	0.000530328	0.00207003	0.000610788	0.000593534	0.119017	0.0184398	0.00137838	0.000146321	0.000231386
17	0.0445399	0.00951098	0.0135115	0.021447	0.00783721	0.0122299	0.0383426	0.114594	0.145217	0.034108	0.0288409	0.0710229	0.00507539	0.0210861	0.217135	0.0334835	0.0622754	0.0409076	0.0658338	0.0130016
18	0.0393135	0.00408846	0.000757695	0.00085184	0.0502675	0.00094404	0.00844861	0.258105	0.00517585	0.211807	0.0927512	0.0050162	0.00978897	0.000997972	0.0123766	0.00221867	0.0224265	0.26095	0.00640602	0.00730794
19	0.803857	0.00557891	0.000405871	0.000456802	0.00148813	0.0388777	0.000485875	0.000586485	0.00255052	0.00298035	0.000350665	0.000513799	0.00220294	0.000558338	0.000563237	0.117799	0.0190271	0.0013605	0.000142905	0.000213472
20	0.805659	0.00573438	0.000364274	0.00046274	0.00157191	0.038534	0.000440202	0.000571165	0.00257415	0.00304381	0.000345643	0.000488479	0.0024029	0.00054477	0.000539133	0.115348	0.019631	0.00138906	0.000137234	0.000218636
21	0.35915	0.00685657	0.00875945	0.00869421	0.0933126	0.0107185	0.0110636	0.0148886	0.0988615	0.0996752	0.0096204	0.010026	0.005387	0.0506531	0.0130246	0.0630015	0.0210846	0.103478	0.00405766	0.00768714
22	0.00811497	0.000919498	0.00598635	0.00686567	0.00108962	0.00804228	0.0522404	0.00168716	0.20581	0.00164265	0.00105556	0.0348151	0.00088518	0.0091432	0.55966	0.0533214	0.0396332	0.00263592	0.000644815	0.00580739
23	0.215587	0.0257836	0.00562395	0.00729729	0.00544346	0.00943466	0.0070582	0.0375409	0.0136703	0.0453889	0.00762736	0.00730311	0.00781945	0.0095599	0.00892407	0.0238513	0.131036	0.424406	0.00201631	0.0046286
24	0.463808	0.00395581	0.00468806	0.00529189	0.0329613	0.287979	0.00603901	0.00609336	0.0299067	0.00713609	0.0306593	0.00724862	0.0106139	0.00595189	0.00612735	0.0129349	0.0108976	0.0632017	0.0013426	0.00316196
25	0.00972558	0.00279524	0.000477413	0.000575356	0.0031824	0.000560553	0.000801405	0.366547	0.00078165	0.220641	0.0153826	0.00358677	0.00243411	0.000720716	0.000654281	0.00329753	0.00129376	0.365975	0.000190546	0.000376782
26	0.108492	0.0739687	0.00572513	0.00620232	0.00451061	0.00769627	0.00195964	0.261384	0.00232148	0.0699135	0.0201109	0.00201592	0.00185697	0.0087231	0.0028391	0.00565591	0.0164315	0.397924	0.000366084	0.0019017
27	0.0618264	0.0024871	0.239041	0.394613	0.00530706	0.037664	0.0184587	0.0039077	0.0335921	0.005751	0.0080352	0.0229794	0.0167778	0.0578422	0.0164291	0.0245956	0.0340987	0.0104316	0.000470013	0.00569292
28	0.0116719	0.00744051	0.00483303	0.000583129	0.209106	0.000584078	0.00778963	0.0551463	0.00090851	0.468596	0.115416	0.000993201	0.00134351	0.00074309	0.00117905	0.0039131	0.00960706	0.040713	0.0237301	0.0357025
29	0.00512282	0.000774778	0.00384962	0.00121432	0.00062551	0.943721	0.0108968	0.00133152	0.00561293	0.00487727	0.000799117	0.00234978	0.000542321	0.00188094	0.00213641	0.00926201	0.00201888	0.00175108	0.000293627	0.000939483
30	0.00456898	0.00130867	0.00332455	0.00170852	0.000921668	0.945149	0.0105296	0.00118257	0.00539975	0.00449768	0.000832976	0.00203414	0.000667901	0.00142663	0.00106526	0.00988751	0.00217552	0.00228809	0.000260768	0.000770494
31	0.0698313	0.0973123	0.0269569	0.0298286	0.0114744	0.0191364	0.0327053	0.0203922	0.0510139	0.0267972	0.0171612	0.0289348	0.00748347	0.0459209	0.118949	0.0700079	0.261908	0.0463118	0.00576537	0.0121091
32	0.0988227	0.229612	0.0142129	0.0154896	0.0273892	0.0297093	0.0207185	0.0593188	0.0189048	0.0903419	0.106563	0.0186363	0.0142529	0.0183951	0.0228181	0.0445468	0.0508267	0.0994601	0.00591403	0.0140666
33	0.0578143	0.0197924	0.00265232	0.00580886	0.0203242	0.00423192	0.00506823	0.246473	0.00597935	0.193223	0.0358177	0.00629227	0.00476588	0.00651163	0.00731882	0.00984814	0.0198971	0.340132	0.00275673	0.00529283
34	0.0243716	0.0042023	0.00589816	0.00650681	0.00951234	0.00731617	0.0403532	0.196084	0.00887838	0.154193	0.0554685	0.263092	0.00569306	0.00814803	0.00940488	0.0134946	0.01835	0.160108	0.00313318	0.00579198
35	0.026292	0.00171456	0.00370919	0.00331639	0.1369	0.00219615	0.0601125	0.191545	0.00862079	0.21338	0.0306151	0.00425883	0.0105484	0.00556516	0.0473432	0.00711669	0.016064	0.15758	0.00451955	0.0686021
36	0.00972388	0.000573818	0.00378222	0.0020003	0.000766378	0.939914	0.00786525	0.00101423	0.00555608	0.00444431	0.000668589	0.0023871	0.000472653	0.00269608	0.00265667	0.0110118	0.00191026	0.00172916	0.000294034	0.000532886
37	0.102896	0.287101	0.0179174	0.0221093	0.0157928	0.0291537	0.0224304	0.0423213	0.0276602	0.060086	0.0304284	0.0233016	0.016091	0.0291783	0.0266623	0.0569007	0.0694324	0.0982016	0.00735922	0.0149764
38	0.00991108	0.00615687	0.000406343	0.000504417	0.000292094	0.00051746	0.000623054	0.518443	0.000585138	0.0299386	0.00345101	0.000623434	0.0033306	0.000694938	0.00261422	0.00141895	0.00806324	0.410034	0.00011144	0.00228016
39	0.18696	0.00217745	0.0175163	0.0309439	0.00157565	0.0153924	0.00317962	0.00582217	0.0110355	0.00490983	0.00221337	0.0142889	0.63391	0.0161194	0.00518979	0.0213053	0.0191286	0.00558927	0.000495768	0.00224705
40	0.0632037	0.00312523	0.0583722	0.181355	0.0037593	0.0347668	0.0174124	0.0127382	0.302069	0.0110473	0.00726208	0.028346	0.0124448	0.0690373	0.10305	0.0252367	0.0370109	0.0234459	0.00203482	0.00428243
41	0.0635035	0.00923401	0.0259809	0.0786718	0.00865205	0.0319627	0.0213639	0.020661	0.315441	0.0192943	0.0125346	0.0271059	0.0137663	0.0528493	0.153864	0.0389267	0.0561792	0.0370928	0.00440584	0.00851005
42	0.0136278	0.00744556	0.00608488	0.000745789	0.177528	0.000606017	0.00736383	0.0621372	0.000992122	0.479044	0.122829	0.00174921	0.00219443	0.00101301	0.00136087	0.00610664	0.00984819	0.0481728	0.0182614	0.0328902
43	0.011766	0.00841451	0.00457299	0.00062252	0.210489	0.000689659	0.00706332	0.0470664	0.000908816	0.47094	0.123381	0.0011971	0.00137379	0.000831856	0.00111752	0.00481755	0.00895418	0.034237	0.0233847	0.0381728
44	0.0971081	0.0174598	0.0028147	0.00274201	0.211861	0.00288821	0.00971299	0.0316157	0.0170113	0.0807856	0.103811	0.00410614	0.00512098	0.00598531	0.00414819	0.0839297	0.024493	0.0904286	0.0643813	0.139597
45	0.0527147	0.00706677	0.00903256	0.00671374	0.143579	0.00611048	0.061237	0.0476392	0.00812879	0.0474383	0.0425239	0.0168494	0.00881186	0.0368476	0.00585307	0.0511331	0.0498116	0.0376911	0.0143353	0.346482
46	0.498047	0.000873278	0.000991254	0.000831238	0.00087054	0.372327	0.000922999	0.000866445	0.00138798	0.00120291	0.000579742	0.0041441	0.000699425	0.000952857	0.000850844	0.105887	0.00619452	0.00168499	0.000243598	0.000442458
47	0.794699	0.00530386	0.000425278	0.000498769	0.00145997	0.0469988	0.000543798	0.000583085	0.00254168	0.00280597	0.000364612	0.000722084	0.00209848	0.000609698	0.000632008	0.119619	0.0182343	0.00139616	0.000190003	0.000272734
48	0.0841505	0.00467715	0.0787219	0.1427	0.000548217	0.0413709	0.0316444	0.0159498	0.0966492	0.03244	0.0074763	0.0474049	0.000781135	0.0896695	0.120489	0.0780141	0.0809146	0.0408641	0.000139963	0.00539488
49	0.0356737	0.00188928	0.00280166	0.0019255	0.264139	0.00200562	0.0861578	0.140332	0.0027386	0.191441	0.00440662	0.0026626	0.0124518	0.00323701	0.0154776	0.00543536	0.0066985	0.102427	0.00158603	0.116514
50	0.0108653	0.000867227	0.601965	0.0195672	0.000857384	0.00186267	0.0177901	0.00152978	0.00601016	0.00637696	0.000785371	0.208928	0.000615062	0.0109158	0.0145873	0.0571077	0.035149	0.00206795	0.000248199	0.00190404
51	0.0410944	0.0104184	0.00834397	0.00404883	0.215357	0.00419448	0.0287265	0.0439876	0.00723983	0.290952	0.105891	0.00961531	0.00378844	0.00658948	0.00451413	0.0258299	0.017367	0.0471322	0.0467517	0.0781585
52	0.201517	0.0011609	0.067596	0.10689	0.00110701	0.0272879	0.0137322	0.0118945	0.0852493	0.00298197	0.00298499	0.0284507	0.231102	0.0519544	0.0198393	0.0945566	0.0278346	0.0211022	0.000501602	0.00225674
53	0.162062	0.00185452	0.00304822	0.00256226	0.00167569	0.032578	0.0523531	0.00367669	0.180811	0.0167913	0.00521582	0.00387112	0.0143146	0.00410351	0.114406	0.0504661	0.275049	0.0604908	0.000912986	0.013757
54	0.0119417	0.00776999	0.0047706	0.000597589	0.215047	0.000620353	0.00745059	0.0496156	0.000822249	0.47198	0.116168	0.000949653	0.00104666	0.000811433	0.00095585	0.00409296	0.00913879	0.036073	0.02376	0.0363881
55	0.0146305	0.00218276	0.00334886	0.00375964	0.00266721	0.00397906	0.00445967	0.340948	0.0895554	0.081633	0.111784	0.00733462	0.00168826	0.00647949	0.161806	0.00763751	0.0585224	0.0756085	0.0196725	0.00230221
56	0.13091	0.00461393	0.128827	0.170358	0.000654431	0.0212434	0.0496399	0.00569926	0.047308	0.00479201	0.00133969	0.00740569	0.00154883	0.06162	0.0634988	0.0658399	0.198331	0.0312106	0.000318528	0.00484047
57	0.0929994	0.00203473	0.0135923	0.0637636	0.00166926	0.00880325	0.0469168	0.00380953	0.0844754	0.00708903	0.00669302	0.355412	0.0015778	0.0358944	0.0824209	0.118807	0.0301799	0.0388334	0.000925965	0.00410283
58	0.0415586	0.00466829	0.0136221	0.0278718	0.00462271	0.00612274	0.0274627	0.122973	0.149708	0.0761394	0.0173021	0.0167063	0.00295478	0.0652686	0.169933	0.0502744	0.0382988	0.156971	0.00332884	0.00421244
59	0.0104158	0.000663499	0.620154	0.0201672	0.000707777	0.00113087	0.0174382	0.00142728	0.00610772	0.00652672	0.000764899	0.206998	0.000606521	0.0104292	0.0154048	0.0435959	0.0334922	0.00183585	0.000241148	0.00189311
60	0.137029	0.00146106	0.0323761	0.0253151	0.00493199	0.0384255	0.00384094	0.00224862	0.233817	0.0115609	0.00441476	0.0475357	0.00909136	0.0585501	0.205889	0.0403581	0.114635	0.0264741	0.000572745	0.00147215
61	0.161323	0.00462131	0.0906873	0.262974	0.00574209	0.0162918	0.0558789	0.0102703	0.0811296	0.0135649	0.00561853	0.016372	0.00648267	0.0347044	0.0280657	0.0293706	0.0512967	0.0842663	0.00237092	0.0389689
62	0.00996656	0.00274797	0.000512351	0.000572527	0.00367875	0.000546709	0.00111017	0.36685	0.000887336	0.220327	0.0166369	0.00356497	0.00275123	0.000716985	0.000811033	0.00333533	0.00176772	0.362329	0.000413592	0.000473882
63	0.124613	0.00320551	0.0867383	0.135945	0.000432508	0.0429988	0.022634	0.0164756	0.0834098	0.031412	0.00774437	0.0844225	0.00105056	0.0728992	0.0930401	0.0841524	0.069887	0.0354951	0.000256194	0.00318888
64	0.0890283	0.00378174	0.163307	0.160721	0.00148555	0.0389165	0.0608919	0.00853776	0.0540213	0.0108623	0.00813099	0.0242163	0.0230232	0.0563982	0.111474	0.0530432	0.102694	0.0231602	0.000677031	0.00562982
65	0.016144	0.00374138	0.000698234	0.000894675	0.0151728	0.00079089	0.00463293	0.370627	0.00213554	0.203708	0.0419532	0.00279454	0.00477471	0.00168166	0.00315021	0.00400865	0.0133748	0.303883	0.00206524	0.0037687
66	0.0343619	0.00368231	0.00617142	0.14042	0.00304669	0.00575916	0.0174948	0.00592478	0.0315767	0.00694104	0.00418532	0.311384	0.00230256	0.0684871	0.0689247	0.188744	0.0546399	0.0414385	0.00164572	0.00286969
67	0.0785418	0.000611404	0.0458617	0.0150549	0.00466065	0.530005	0.00310809	0.00247025	0.0485718	0.00129043	0.00089816	0.0552715	0.00461524	0.056316	0.065962	0.0732915	0.0109087	0.00169508	0.000264563	0.000600605
68	0.15151	0.00949527	0.0026963	0.00686595	0.0203715	0.00401542	0.0171486	0.198349	0.00476109	0.221482	0.00837241	0.00337314	0.00161067	0.00746643	0.00389034	0.0548113	0.0132242	0.262568	0.00414076	0.00384809
69	0.0194137	0.00178082	0.00408861	0.00480407	0.272641	0.00243599	0.0401723	0.0108541	0.00377148	0.0227247	0.00657752	0.0054928	0.00430157	0.0188622	0.00483139	0.0144563	0.0084713	0.0190348	0.0118578	0.523428
70	0.0827229	0.00468417	0.07687	0.143914	0.000601788	0.0421526	0.0311751	0.0164277	0.097191	0.0321116	0.00736456	0.0447394	0.00078054	0.089616	0.119743	0.0776069	0.0835133	0.043283	0.00014405	0.00535905
71	0.474841	0.00236367	0.00289109	0.0180578	0.00205119	0.0167513	0.0182037	0.003569	0.0180261	0.018256	0.00266442	0.0851764	0.0295407	0.00406787	0.00399652	0.258233	0.00628711	0.0057096	0.0146649	0.0146493
72	0.0282221	0.00211612	0.0554704	0.0613276	0.00238635	0.509838	0.0291568	0.00339526	0.107536	0.00349616	0.00207381	0.122683	0.00169743	0.0357137	0.0103686	0.0108942	0.00674039	0.00419438	0.000846002	0.00184363
73	0.194181	0.084766	0.00177179	0.00196169	0.00116985	0.0169218	0.00198755	0.109572	0.00272061	0.133806	0.0241674	0.00181642	0.000823743	0.00309391	0.00179301	0.00817058	0.0198441	0.389869	0.000406216	0.00115704
74	0.122873	0.00529837	0.128529	0.173676	0.000725952	0.0184226	0.0490777	0.00505468	0.0474971	0.00373717	0.00108421	0.00491214	0.00152414	0.0609031	0.0615191	0.064822	0.215165	0.0301445	0.000355531	0.00467822
75	0.0212526	0.000606732	0.000713019	0.000691995	0.0316048	0.000800765	0.0128312	0.287804	0.00734114	0.250461	0.0874135	0.00352043	0.0159845	0.000868536	0.00979748	0.00216037	0.0219945	0.227663	0.0101221	0.00636896
76	0.0284106	0.00127962	0.00221002	0.00179186	0.261829	0.00194525	0.0873039	0.15281	0.00238617	0.196926	0.00162777	0.00250455	0.00968354	0.00256087	0.0165438	0.00385749	0.00565135	0.105772	0.000488938	0.114417
77	0.0532092	0.0326039	0.0160053	0.104493	0.00195895	0.0145563	0.00403642	0.128425	0.0822585	0.0984278	0.00282897	0.00454293	0.00177298	0.0177935	0.0187602	0.0522438	0.11187	0.251461	0.00105118	0.00170159
78	0.0808604	0.00125472	0.0872069	0.0199698	0.00389227	0.49822	0.00449336	0.00299225	0.0400363	0.00159083	0.00106876	0.0603702	0.00380232	0.0459537	0.0528249	0.0747175	0.0151716	0.00307638	0.000552356	0.00194595
79	0.32318	0.000941065	0.0322714	0.0491218	0.00115711	0.0447392	0.00276508	0.0031534	0.0313077	0.00193933	0.00105486	0.0232982	0.363101	0.0126963	0.0162743	0.0518061	0.0283728	0.00481173	0.000410815	0.00759745
80	0.0588874	0.00225805	0.0074433	0.00406712	0.00291195	0.0231267	0.321607	0.00478372	0.0357061	0.00691363	0.00419411	0.404588	0.00202673	0.0414559	0.0422977	0.0152897	0.0108824	0.00667293	0.00113933	0.00374909
81	0.0484344	0.003637	0.0267793	0.120832	0.0016374	0.0178648	0.0143066	0.00428224	0.0511082	0.0172309	0.00264006	0.0231789	0.00137005	0.0619911	0.0366248	0.124194	0.419094	0.022478	0.00054688	0.0017693
82	0.00972558	0.00279524	0.000477413	0.000575356	0.0031824	0.000560553	0.000801405	0.366547	0.00078165	0.220641	0.0153826	0.00358677	0.00243411	0.000720716	0.000654281	0.00329753	0.00129376	0.365975	0.000190546	0.000376782
83	0.0833381	0.00476674	0.0787215	0.142689	0.000562261	0.0409557	0.0315173	0.0159631	0.0971265	0.0328368	0.00734881	0.0470683	0.000771318	0.0894049	0.121216	0.0776721	0.0813645	0.0410164	0.000141079	0.00552041
84	0.0100811	0.00270528	0.000465214	0.000567254	0.0038886	0.000561705	0.00104864	0.364533	0.00095933	0.221452	0.0177794	0.00357047	0.00274459	0.000730974	0.000916964	0.0032655	0.00183965	0.361949	0.000408415	0.000531937
85	0.0106864	0.00298159	0.0154555	0.0345176	0.00143188	0.00434164	0.0260279	0.00348129	0.00732911	0.00496026	0.00190809	0.00420533	0.00128931	0.0388151	0.0407006	0.179048	0.612497	0.00825202	0.000642803	0.00142887
86	0.710184	0.010257	0.00151652	0.00222648	0.00394294	0.0299843	0.0026776	0.00232583	0.00401566	0.00952489	0.00206119	0.00263476	0.0132135	0.0027253	0.0030345	0.121204	0.0700744	0.00667085	0.000433903	0.00129239
87	0.029839	0.000807893	0.0388549	0.184013	0.000811629	0.0598611	0.00788617	0.00187079	0.359367	0.00195572	0.00190471	0.0278244	0.0103942	0.0755149	0.174786	0.0165453	0.00357068	0.00271453	0.000464501	0.00101335
88	0.00970423	0.0172427	0.0032086	0.00325178	0.0336441	0.00333652	0.31075	0.0353255	0.0939329	0.00439492	0.00337391	0.0879298	0.00158004	0.0201322	0.142862	0.00638068	0.079089	0.0365791	0.00128143	0.106001
89	0.0188619	0.00529263	0.000644348	0.00089685	0.00955879	0.000880986	0.00377944	0.393378	0.00242442	0.202935	0.0606279	0.00289816	0.00456245	0.000917202	0.00250137	0.00763527	0.0186128	0.259761	0.0022112	0.00162097
90	0.0664137	0.0294111	0.000876975	0.00165638	0.0277834	0.00401476	0.00625723	0.207271	0.00436785	0.208028	0.0736364	0.00333222	0.00511716	0.00425517	0.00747931	0.00691971	0.047758	0.287644	0.00329804	0.00447976
91	0.0097265	0.00600021	0.000393819	0.000498552	0.000278732	0.000474172	0.000598458	0.520051	0.000581322	0.0299422	0.00293817	0.000578552	0.00332954	0.000622395	0.0026161	0.00137469	0.00751709	0.410081	0.000111074	0.00228656
92	0.807364	0.00710039	0.000351048	0.000462917	0.00183696	0.0351494	0.000413376	0.000604593	0.00230945	0.00391607	0.000347667	0.000523122	0.00313006	0.000568592	0.000563988	0.111444	0.0218791	0.00164663	0.00013877	0.000250394
93	0.033848	0.00213566	0.00231135	0.00277021	0.0017272	0.00308636	0.00270965	0.0236477	0.00355009	0.003735	0.0023507	0.00352371	0.0141476	0.0034489	0.0047067	0.00595001	0.317918	0.565733	0.000847078	0.00185254
94	0.0129153	0.000506475	0.00443184	0.00129759	0.00074191	0.936729	0.00774608	0.00100977	0.00559867	0.00424624	0.000694556	0.00241408	0.000444285	0.00297741	0.00278419	0.0112912	0.00191619	0.00154651	0.000225776	0.000483297
95	0.440564	0.000580485	0.00115497	0.000981414	0.000881439	0.437214	0.000989061	0.000953039	0.00117746	0.00114032	0.000669523	0.00514641	0.000708394	0.00104256	0.000920015	0.0980004	0.00529406	0.00183514	0.000253386	0.000493325
96	0.0376084	0.0021001	0.00274333	0.0414034	0.00214832	0.00347448	0.0874577	0.0200275	0.119808	0.0189301	0.00247993	0.00601458	0.00146746	0.0173166	0.292856	0.0497953	0.150561	0.0189249	0.0960142	0.0288691
97	0.0117056	0.00234299	0.0380796	0.0038896	0.00130945	0.00544231	0.0121222	0.0312336	0.00254619	0.00300506	0.00371104	0.0318296	0.00121216	0.00327222	0.00280214	0.169578	0.614128	0.059724	0.000680657	0.0013854
98	0.138766	0.0218108	0.0246709	0.0203084	0.013475	0.0489279	0.02208	0.0162364	0.0259217	0.0211264	0.0170116	0.0500495	0.0107305	0.0205221	0.0270435	0.352588	0.117367	0.0380189	0.00403491	0.00931098
99	0.0103367	0.000698888	0.622888	0.0196364	0.00072734	0.00120938	0.0170667	0.00150953	0.00609637	0.00650832	0.000794522	0.205845	0.000641389	0.0104072	0.0162441	0.0426696	0.0327687	0.00190701	0.000250438	0.00179479
100	0.0602605	0.000981173	0.286387	0.38624	0.00562783	0.0461978	0.0138338	0.00286571	0.0181324	0.00228921	0.0114192	0.0126883	0.0208822	0.0714251	0.0111879	0.0193444	0.0237735	0.00465843	0.000381331	0.00142405
101	0.0953717	0.0127154	0.000791287	0.000813515	0.0874999	0.000972681	0.00123698	0.211457	0.000994468	0.133799	0.0794234	0.00181609	0.00043701	0.0010177	0.00299928	0.00298528	0.0120191	0.342418	0.000203149	0.0110283
102	0.0137765	0.0076379	0.00476106	0.00100574	0.204944	0.000671817	0.00934565	0.0547444	0.00159498	0.46377	0.113112	0.0036349	0.00164194	0.000988725	0.00149133	0.00566208	0.00985158	0.0417617	0.0221773	0.037427
103	0.0451336	0.0187632	0.16488	0.10076	0.0329797	0.00445086	0.190259	0.00558762	0.00475043	0.0509051	0.00281421	0.0570611	0.00552717	0.0244731	0.00425663	0.0873196	0.0260224	0.00750174	0.000783696	0.165771
104	0.0121244	0.00769472	0.00485321	0.0005756	0.213342	0.000587423	0.00749054	0.0505205	0.00080167	0.471887	0.115549	0.000938766	0.00105037	0.000784179	0.000971328	0.00422508	0.0092792	0.0367429	0.0240779	0.036504
105	0.0297697	0.000817264	0.0386231	0.18399	0.000814186	0.0598725	0.00787914	0.00188942	0.359547	0.0019663	0.00190774	0.0278836	0.0103963	0.075558	0.174719	0.0166369	0.00356349	0.00271292	0.000464274	0.000989687
106	0.00880026	0.000946753	0.00576627	0.00948658	0.00102745	0.0074833	0.0664836	0.00195796	0.194205	0.00217909	0.00101522	0.0327458	0.000825192	0.00904116	0.543912	0.061407	0.042251	0.00283482	0.0020606	0.00557063
107	0.0932426	0.0123226	0.00078271	0.00080379	0.0849751	0.000929541	0.00146858	0.21453	0.00111762	0.136941	0.0797589	0.00185314	0.000840858	0.00100251	0.00323155	0.00292164	0.0126663	0.33961	0.000414303	0.010587
108	0.206309	0.0656116	0.00136777	0.00148848	0.00244717	0.0123253	0.0029782	0.089193	0.00267345	0.21066	0.0159514	0.0019342	0.000797624	0.00219088	0.00178919	0.00938242	0.0209811	0.350419	0.00041266	0.00108752
109	0.00972549	0.00600948	0.000396005	0.000495248	0.000275088	0.000477497	0.000598411	0.5204	0.000581511	0.0294393	0.00292004	0.000556487	0.00335035	0.000623976	0.00261847	0.00137555	0.00754196	0.410216	0.000111307	0.0022875
110	0.0616783	0.001903	0.00220646	0.0448112	0.0149856	0.00263754	0.0097391	0.183514	0.00331773	0.11055	0.012731	0.00304697	0.00133238	0.0443853	0.00347629	0.0318042	0.00597813	0.419177	0.0292925	0.0134333
111	0.0184268	0.00246355	0.00357217	0.00183467	0.000949529	0.924043	0.00831054	0.00132833	0.00557564	0.0047358	0.000746046	0.00262501	0.000720174	0.00215661	0.00208685	0.0139703	0.00284728	0.00285857	0.000224308	0.000524594
112	0.424144	0.000691306	0.00201896	0.00135702	0.000967541	0.446539	0.00129403	0.00116596	0.00191524	0.00138921	0.000684753	0.00739629	0.000978657	0.00197238	0.00205986	0.0974057	0.0053152	0.00189825	0.00028211	0.000524428
113	0.034939	0.00125699	0.0480626	0.0206	0.00206534	0.735513	0.008644	0.00292824	0.026944	0.00480138	0.00206672	0.0240675	0.00346204	0.020097	0.0225594	0.0271067	0.00800992	0.0041785	0.000670123	0.00202793
114	0.0177086	0.00113919	0.0013811	0.00178712	0.290528	0.00159073	0.0240926	0.00908027	0.00194378	0.0219092	0.00639075	0.00198949	0.00183556	0.0138357	0.00183865	0.0139202	0.00594032	0.0210008	0.0134559	0.548632
115	0.0156313	0.00694398	0.0007561	0.00139088	0.00391621	0.000961477	0.00162834	0.464233	0.00161676	0.0776842	0.0125577	0.00142672	0.00371314	0.00126318	0.0029959	0.0026451	0.00999984	0.387535	0.00082299	0.00227825
116	0.441697	0.000562661	0.0011059	0.000888443	0.000885495	0.438127	0.000977241	0.000891445	0.00119135	0.00104229	0.000683415	0.0050645	0.000700117	0.000977597	0.000918462	0.0965948	0.00509209	0.00185974	0.000247798	0.000492525
117	0.0276955	0.156769	0.00486176	0.0073985	0.00455089	0.00632462	0.00533586	0.137953	0.00821427	0.131927	0.0167956	0.0273558	0.00262452	0.00655161	0.00695127	0.0539335	0.126356	0.263417	0.00192788	0.00305611
118	0.0747634	0.00381989	0.0989761	0.275934	0.00384119	0.0328453	0.021883	0.0109466	0.178094	0.0132336	0.00831647	0.0247878	0.0114007	0.0608367	0.0712154	0.030135	0.0454139	0.0253296	0.00219901	0.00602862
119	0.0115977	0.00772504	0.0046603	0.000890882	0.201954	0.000659409	0.00752143	0.0488601	0.00088524	0.479772	0.122939	0.00141542	0.00200145	0.000914051	0.00112372	0.00508654	0.00921598	0.0348787	0.0219523	0.0359472
120	0.781748	0.00553406	0.000579999	0.000503557	0.00159942	0.0628433	0.000531736	0.000625251	0.00265156	0.00307913	0.00040523	0.00101906	0.00241008	0.00083513	0.000868747	0.114261	0.0185518	0.00152132	0.000146105	0.000284558
121	0.0363593	0.145625	0.00493817	0.00462409	0.0256213	0.369839	0.0599988	0.00641317	0.00611056	0.00698641	0.00406815	0.0313055	0.00256329	0.0287533	0.0058352	0.215395	0.0328613	0.00846712	0.00149449	0.0027417
122	0.0168255	0.0046964	0.000571132	0.000765969	0.00347321	0.000770205	0.00210553	0.450909	0.00126541	0.148491	0.0275897	0.00218305	0.00272368	0.000962242	0.00152611	0.00934451	0.0139083	0.310214	0.00055298	0.00112186
123	0.0118829	0.00773218	0.00476579	0.000591823	0.214888	0.00062584	0.00746907	0.0495855	0.000815003	0.472191	0.116459	0.000943419	0.0010388	0.000809538	0.000958401	0.00405297	0.00911538	0.0359223	0.0237885	0.0363648
124	0.142768	0.00153507	0.0178798	0.00325945	0.00157515	0.0084861	0.178565	0.00313093	0.0268893	0.0041916	0.00386402	0.368574	0.00122143	0.0559196	0.135066	0.0211375	0.0170926	0.00535191	0.000590824	0.00290165
125	0.372381	0.00589835	0.0064998	0.088779	0.00595475	0.089264	0.00935697	0.00853626	0.0105678	0.0108593	0.0389203	0.00995231	0.00433658	0.00975471	0.169349	0.125793	0.0148933	0.0119706	0.00204571	0.00488589
126	0.0111934	0.00829004	0.00497465	0.000579024	0.200883	0.000611651	0.00693412	0.0483287	0.000810857	0.485061	0.120638	0.00120243	0.00144984	0.000782021	0.00106417	0.00515732	0.00913638	0.0345387	0.0210384	0.0373261
127	0.00786975	0.00084189	0.00422002	0.00165803	0.000914105	0.929127	0.00786536	0.00175555	0.00673144	0.00669032	0.00102093	0.00291945	0.00061899	0.0027887	0.00277779	0.015131	0.00337996	0.00286718	0.000209093	0.000613592
128	0.156125	0.0787323	0.00369649	0.00400013	0.00226453	0.0331403	0.00311662	0.00540852	0.0182376	0.00397542	0.00442699	0.0043726	0.00232243	0.00399256	0.0040966	0.37324	0.0949454	0.20096	0.000837761	0.00210812
129	0.0616638	0.00134321	0.141082	0.287625	0.00150208	0.0173928	0.0408628	0.00223625	0.221911	0.00581095	0.0017607	0.0195242	0.001019	0.108171	0.0329525	0.0051079	0.0303807	0.00778188	0.000506259	0.0113654
130	0.0331468	0.00162626	0.002059	0.00229021	0.00149427	0.00226391	0.0024005	0.0307131	0.00264129	0.00329532	0.00213454	0.0029701	0.00914614	0.00285885	0.00510655	0.00462939	0.226883	0.662372	0.000672942	0.00129491
131	0.0599516	0.0531142	0.091103	0.0842318	0.00228347	0.0113874	0.0714514	0.0074067	0.0413633	0.00939718	0.00353001	0.0299774	0.00183806	0.0619445	0.0473522	0.116887	0.253053	0.0480149	0.000854754	0.0048584
132	0.0175581	0.00188604	0.00266407	0.0322631	0.002243	0.00331762	0.00781807	0.0951851	0.0041006	0.464391	0.0388003	0.00324821	0.00162987	0.133523	0.00371122	0.00712568	0.0226461	0.136727	0.0190884	0.00207346
133	0.0953717	0.0127154	0.000791287	0.000813515	0.0874999	0.000972681	0.00123698	0.211457	0.000994468	0.133799	0.0794234	0.00181609	0.00043701	0.0010177	0.00299928	0.00298528	0.0120191	0.342418	0.000203149	0.0110283
134	0.0455092	0.00569591	0.00789309	0.00839031	0.0816826	0.00563137	0.164225	0.1377	0.00679865	0.0385069	0.00765782	0.0434389	0.00317824	0.0176651	0.00609136	0.063734	0.133518	0.112882	0.0017637	0.108038
135	0.123059	0.00316976	0.07724	0.0537488	0.00490187	0.0212905	0.0930989	0.00981404	0.0608352	0.0148578	0.00819938	0.16064	0.00548614	0.0484124	0.208739	0.0439801	0.0373126	0.0178477	0.00155145	0.00581446
136	0.0770897	0.000683779	0.0450712	0.0153188	0.00457795	0.521733	0.00290924	0.00247179	0.0495075	0.00137411	0.00117753	0.0535716	0.00536506	0.0558798	0.0723547	0.0764625	0.0116312	0.00185227	0.000353423	0.000614583
137	0.0928132	0.000581275	0.286514	0.227822	0.00072681	0.0354704	0.0434404	0.00501602	0.0377404	0.00123883	0.015971	0.0178914	0.0857499	0.0478873	0.031787	0.0394083	0.0230721	0.00597543	0.000251816	0.000641974
138	0.0624908	0.0162022	0.0524117	0.086266	0.0017658	0.0239946	0.0267384	0.0102148	0.151785	0.050245	0.00522482	0.0571731	0.00177426	0.121469	0.14288	0.0775866	0.0733404	0.0260982	0.000613603	0.0117266
139	0.0210809	0.000590739	0.000709129	0.000692601	0.0315382	0.000805342	0.012578	0.289074	0.00716971	0.250907	0.0869682	0.00352303	0.0159305	0.000870513	0.00971396	0.00220837	0.0215276	0.227796	0.0100685	0.00624723
140	0.0421804	0.0110227	0.00631675	0.00634647	0.0431292	0.00917151	0.0136222	0.0958422	0.024086	0.3391	0.130087	0.0108244	0.00921544	0.0150473	0.071004	0.0185958	0.0464799	0.0829177	0.00761327	0.0173978
141	0.0736958	0.00245676	0.0480696	0.0676536	0.00461507	0.0578724	0.0114028	0.00538855	0.199341	0.0112343	0.0159615	0.0569744	0.0192478	0.0515659	0.213426	0.0494646	0.0875712	0.0204753	0.000625887	0.00295753
142	0.109452	0.00245015	0.0400754	0.04443	0.00263269	0.227458	0.0416422	0.018459	0.0584928	0.0109168	0.0179535	0.0926595	0.0029175	0.0647756	0.0985569	0.0949144	0.0453886	0.0193549	0.000772941	0.00669773
143	0.0561322	0.0102027	0.0154174	0.00616555	0.212275	0.00674884	0.0315475	0.0281037	0.0130191	0.0857311	0.0833085	0.00836403	0.0418334	0.0172799	0.0164	0.0387489	0.0241356	0.0418786	0.0247938	0.237914
144	0.0496533	0.0131401	0.129651	0.0400844	0.121196	0.0118895	0.122374	0.0293221	0.0160785	0.0529172	0.0210989	0.0382687	0.0566361	0.0233639	0.0171837	0.0405195	0.0340789	0.029809	0.00431681	0.148419
145	0.0923282	0.000571653	0.285632	0.228601	0.000747997	0.0355055	0.0435681	0.00502866	0.0373837	0.00133037	0.0159999	0.0178837	0.0836828	0.049094	0.0321824	0.0398822	0.0235654	0.00617586	0.00024691	0.00059001
146	0.0905314	0.000553126	0.2854	0.240034	0.000979241	0.0347596	0.041709	0.00489639	0.0354747	0.00134425	0.0161351	0.0168875	0.0825625	0.0484427	0.0299449	0.039157	0.0241953	0.0060274	0.000330335	0.00063561
147	0.0109337	0.0078566	0.00509195	0.000617046	0.183728	0.000564773	0.00717412	0.0510887	0.000810175	0.500229	0.123028	0.00147656	0.00200969	0.000761792	0.00110736	0.00554141	0.00935625	0.0353363	0.0190855	0.0342021
148	0.1106	0.020183	0.00261093	0.00258481	0.22863	0.00262804	0.00723855	0.027299	0.0137183	0.0855099	0.105911	0.00350148	0.00457423	0.00513241	0.0034826	0.0718332	0.0180479	0.0883924	0.0620351	0.136087
149	0.454412	0.0199523	0.0116054	0.0113008	0.0160206	0.15571	0.00817421	0.0147246	0.020179	0.0317426	0.0170096	0.0111257	0.0153801	0.0121917	0.0112401	0.045475	0.0309029	0.105445	0.00269276	0.00471628
150	0.0508345	0.00581767	0.00232651	0.0037369	0.00347542	0.00318636	0.00527922	0.452489	0.00414226	0.0968674	0.0346522	0.00425234	0.00160098	0.00362114	0.00600524	0.0252361	0.132846	0.16069	0.000928376	0.00201189
151	0.0195174	0.000503337	0.00378045	0.00138775	0.000817583	0.929583	0.00763065	0.00105411	0.00541378	0.00415537	0.000787967	0.00258842	0.000484742	0.00248848	0.00280114	0.0127924	0.00188003	0.00159346	0.000202361	0.00053731
152	0.0434011	0.00777908	0.0189578	0.0296848	0.00831596	0.017787	0.044518	0.0144832	0.143999	0.015762	0.012424	0.0389391	0.00616659	0.0355228	0.431059	0.0453211	0.0498848	0.0215551	0.00508005	0.00935936
153	0.0782094	0.00214301	0.0362153	0.0276194	0.00175562	0.0031743	0.0764795	0.105968	0.0953582	0.0607877	0.0152058	0.039381	0.00120755	0.0206394	0.12247	0.0549654	0.0534708	0.20194	0.00115797	0.00185221
154	0.228099	0.000972492	0.00166347	0.00206407	0.000909826	0.00947234	0.00186409	0.00237572	0.00229071	0.00189646	0.00127178	0.00627575	0.706949	0.00478943	0.00189692	0.0103213	0.0128143	0.00267132	0.000424252	0.000977567
155	0.0476692	0.00189927	0.00312455	0.00819111	0.00163374	0.00486637	0.0828334	0.00375837	0.111306	0.0158684	0.0159926	0.502407	0.00128567	0.0118197	0.0941994	0.0581661	0.00971203	0.0103286	0.00109359	0.0138451
156	0.0149729	0.00444834	0.00167115	0.00127607	0.0275159	0.00105454	0.00619909	0.321473	0.00330198	0.294883	0.131881	0.0031668	0.00698162	0.0022991	0.0041659	0.00616106	0.0253709	0.131083	0.00424336	0.00785051
157	0.0759	0.000755642	0.04361	0.0157628	0.00659238	0.527354	0.00402386	0.0027023	0.0503553	0.00169097	0.00119473	0.0612703	0.00442443	0.0569687	0.0651304	0.0682808	0.0106995	0.00207027	0.00032246	0.000890875
158	0.165729	0.15596	0.0103783	0.0678207	0.00809069	0.0400864	0.0125425	0.0204448	0.018384	0.176741	0.0347583	0.0172031	0.0889913	0.0171348	0.0161519	0.0542579	0.0432693	0.0410309	0.0034494	0.00757584
159	0.0400028	0.00116277	0.260921	0.443143	0.0090125	0.0475194	0.00723315	0.00245938	0.0194471	0.00305243	0.00751716	0.0153677	0.00759215	0.0757686	0.00751532	0.0175914	0.0275265	0.00544043	0.000477638	0.00124874
160	0.17479	0.00184113	0.0873481	0.116599	0.000517918	0.0331212	0.0224636	0.00867427	0.0985245	0.0207028	0.00477311	0.105892	0.00166485	0.0606898	0.0959376	0.075769	0.0582492	0.0302998	0.000304905	0.00183723
161	0.417824	0.0367268	0.00188511	0.0024476	0.00213826	0.010475	0.00275609	0.00844747	0.0160549	0.0920333	0.0021346	0.00325758	0.00127739	0.0137221	0.00289513	0.00767675	0.0778254	0.297461	0.000881515	0.00208024
162	0.0786704	0.000610679	0.0457739	0.0150456	0.00465173	0.528704	0.00316707	0.00251981	0.0489385	0.00129753	0.000940069	0.0553316	0.00465256	0.0562951	0.0664668	0.0732322	0.011062	0.0017741	0.000264953	0.000601478
163	0.00951492	0.00428151	0.000436193	0.000516085	0.00198149	0.000454342	0.000907624	0.445298	0.000885947	0.118466	0.0109051	0.00171866	0.00455351	0.00061407	0.0017343	0.00219062	0.00502764	0.388586	0.000399396	0.00152827
164	0.134392	0.00118795	0.0794429	0.243666	0.00117804	0.00542736	0.0128597	0.00265746	0.277557	0.0142108	0.00134637	0.0165069	0.00124907	0.0643436	0.0405893	0.00582433	0.0761514	0.0161337	0.000608753	0.00466773
165	0.022998	0.0158614	0.00214252	0.00282139	0.00180946	0.00293626	0.0161894	0.0665083	0.0165748	0.353864	0.100951	0.0037973	0.00156223	0.0299867	0.031173	0.00593825	0.194136	0.127912	0.00101954	0.00181821
166	0.133324	0.00186541	0.354883	0.00330525	0.00156083	0.0982076	0.00410977	0.0173473	0.0168653	0.00410788	0.00240952	0.104969	0.00157714	0.0332277	0.0164785	0.0581863	0.0975944	0.0328294	0.0155774	0.00157433
167	0.335837	0.0029925	0.00437696	0.160603	0.130273	0.0471427	0.0849555	0.00546428	0.00573353	0.00608813	0.00371371	0.00573531	0.00268355	0.0496919	0.048124	0.0299108	0.00974774	0.00829289	0.00116027	0.0574723
168	0.00971545	0.00599477	0.000396061	0.000490275	0.00027409	0.000477626	0.000595144	0.520128	0.000578187	0.0298148	0.00293828	0.000560655	0.00335561	0.000624894	0.0026157	0.00137251	0.00752407	0.410151	0.000111307	0.00228104
169	0.143087	0.00172392	0.00229033	0.103642	0.00170502	0.0247919	0.0156139	0.121659	0.138215	0.123631	0.0170202	0.00311303	0.0465276	0.0540646	0.0312648	0.00581507	0.00662974	0.156758	0.000877711	0.00156997
170	0.0719692	0.0124316	0.0064323	0.0106264	0.00820605	0.00573297	0.0100625	0.214217	0.0189796	0.0492459	0.0222207	0.00959555	0.00521223	0.00967029	0.0467952	0.0211794	0.140273	0.330251	0.00274351	0.00415598
171	0.010305	0.00067427	0.620265	0.020105	0.000690457	0.00113295	0.0173341	0.00142729	0.00615271	0.00651577	0.000761062	0.207081	0.000608645	0.0104309	0.0154871	0.0435956	0.033462	0.00183588	0.000241799	0.00189315
172	0.0362944	0.0674327	0.00361083	0.0445508	0.00153415	0.0028294	0.0171201	0.00316183	0.113085	0.0185273	0.00233127	0.0192262	0.001792	0.250442	0.355235	0.00752729	0.0473972	0.00496372	0.000726516	0.00221212
173	0.012649	0.00157257	0.0253026	0.00804574	0.000842763	0.00770696	0.00734253	0.0140987	0.00215651	0.0022245	0.0051118	0.02735	0.000683626	0.0067398	0.00734707	0.247487	0.609676	0.0123438	0.000361544	0.000957473
174	0.0909637	0.0140277	0.0317256	0.00319353	0.00179189	0.0298914	0.00424491	0.00285172	0.00368016	0.00444976	0.00218423	0.232882	0.00138506	0.00350723	0.0158201	0.427454	0.109851	0.0174583	0.000645689	0.00199139
175	0.133319	0.0912732	0.0404798	0.0537186	0.00281761	0.00506836	0.0045423	0.117817	0.00636334	0.00795148	0.00328469	0.00511393	0.00204979	0.0659352	0.00521397	0.00778376	0.0300628	0.413344	0.00110109	0.00276024
176	0.120667	0.00106177	0.0614013	0.120875	0.00119393	0.0165799	0.00288677	0.00471255	0.0262027	0.00236858	0.00132188	0.025539	0.51298	0.0370658	0.0049918	0.0315294	0.0216452	0.00444238	0.000571032	0.00196404
177	0.010247	0.00257951	0.0242417	0.00431048	0.0164142	0.0954373	0.0787927	0.00377982	0.00393581	0.004501	0.00243616	0.145823	0.00141696	0.00420421	0.00382021	0.505765	0.0700126	0.00565289	0.000789882	0.0158401
178	0.00997989	0.00542981	0.000396554	0.000519195	0.000872439	0.000479541	0.00067538	0.497057	0.000632881	0.0609768	0.00602721	0.00105789	0.00321454	0.000593113	0.00229086	0.00190777	0.00703865	0.398702	0.000129993	0.0020187
179	0.0146231	0.000742728	0.00106939	0.00114266	0.300391	0.00107373	0.0221415	0.00644856	0.00146978	0.0201194	0.00351957	0.00149044	0.00150289	0.0112329	0.00131034	0.0122448	0.00361812	0.0166613	0.0143146	0.564883
180	0.738521	0.00465348	0.000781316	0.000780912	0.0012525	0.110033	0.00053909	0.000608353	0.0023074	0.0028003	0.00044177	0.00172373	0.00207501	0.000880426	0.00118176	0.112641	0.0168668	0.00145471	0.00015342	0.000304417
181	0.0106458	0.00362023	0.000475693	0.00056355	0.00309922	0.000530794	0.000886416	0.382096	0.000771735	0.204192	0.0142381	0.00331858	0.00228736	0.000722751	0.000831808	0.00355545	0.00216489	0.365237	0.00018365	0.000578816
182	0.0178895	0.000507283	0.00444389	0.00148067	0.000697675	0.92648	0.00789482	0.00145963	0.00599692	0.00436121	0.000598661	0.00324898	0.000557683	0.00299819	0.00322469	0.0129635	0.0027312	0.00177956	0.000231554	0.000454447
183	0.0417038	0.00404261	0.520073	0.0624336	0.00315497	0.0213798	0.0215964	0.00722597	0.0159473	0.00809469	0.00501532	0.13192	0.00896756	0.0325694	0.0198271	0.0374795	0.039182	0.0114769	0.00241961	0.00549052
184	0.0212553	0.000604245	0.000712598	0.000689497	0.0316271	0.000809277	0.0128281	0.287691	0.00733777	0.25038	0.0874938	0.00351959	0.0160175	0.000872386	0.00979997	0.00216009	0.0220251	0.227662	0.0101449	0.00636983
185	0.195391	0.0034061	0.0047046	0.0304779	0.00341055	0.00538189	0.0350796	0.00772098	0.00617671	0.0317617	0.0557876	0.134563	0.10392	0.340193	0.00629043	0.0107663	0.0105857	0.00968066	0.00155736	0.00314481
186	0.0318245	0.012296	0.0105383	0.00993509	0.106465	0.00696131	0.0147685	0.0689985	0.0134058	0.374494	0.075685	0.0150176	0.00572644	0.0159796	0.0190099	0.0180239	0.0619271	0.065448	0.048557	0.0249385
187	0.168208	0.0196393	0.0275888	0.0340678	0.0108353	0.0293759	0.0227477	0.0234539	0.0402855	0.0242917	0.018735	0.0253524	0.0180965	0.0302582	0.0347663	0.0921971	0.304661	0.063895	0.00298252	0.00856218
188	0.155478	0.00440152	0.0283589	0.0571047	0.00266234	0.0204911	0.00783555	0.00904612	0.0176858	0.00654725	0.00402814	0.0464768	0.52826	0.0300249	0.00951094	0.0338171	0.0232528	0.0100241	0.000774539	0.00421958
