247	20
1	0.0404928	0.00501861	0.0734052	0.0974211	0.00472052	0.0705355	0.0429045	0.00826759	0.0464246	0.0727544	0.00632488	0.0248151	0.00307328	0.0920445	0.137352	0.0512005	0.0368139	0.127587	0.0481139	0.01073
2	0.0159889	0.0487345	0.0060219	0.0070266	0.0365564	0.00557289	0.0127533	0.0104572	0.00794401	0.040531	0.0140024	0.00670734	0.00249713	0.0237296	0.0862428	0.0353236	0.0156131	0.0089524	0.597543	0.0178019
3	0.00939827	0.00556914	0.002796	0.00128873	0.0728288	0.000686822	0.00499553	0.112206	0.00513215	0.633585	0.0531745	0.00223555	0.00286617	0.00682922	0.00270265	0.00978261	0.00424724	0.0666467	0.00108038	0.00194905
4	0.0581238	0.00683578	0.0880791	0.211208	0.00341694	0.0358634	0.0224758	0.00605512	0.141052	0.0207123	0.0128501	0.0608105	0.00657631	0.0596608	0.105995	0.0800885	0.0597406	0.0100963	0.00328367	0.00707637
5	0.0595667	0.0267453	0.0407999	0.0884796	0.00420339	0.0514597	0.0238811	0.00417036	0.173499	0.00909313	0.0197539	0.0977114	0.0015332	0.0459364	0.179171	0.10719	0.0463749	0.0138492	0.00111688	0.00546506
6	0.107242	0.0124327	0.00746429	0.00239507	0.00964456	0.00529916	0.0014183	0.159449	0.00430775	0.0696505	0.0150278	0.00176065	0.0046792	0.0044645	0.00539697	0.0146899	0.0210178	0.545548	0.00628507	0.00182586
7	0.0567614	0.0117279	0.0388817	0.0351223	0.00774033	0.0184369	0.00661943	0.138262	0.0452715	0.0604701	0.0069272	0.0348591	0.0139103	0.0131513	0.0424569	0.0660504	0.114033	0.268839	0.00347127	0.0170076
8	0.0672389	0.029864	0.0076922	0.0204144	0.00251098	0.564806	0.0032839	0.00401959	0.0214652	0.00580074	0.00336869	0.0189231	0.00401627	0.00713931	0.0741148	0.119896	0.00716758	0.0201324	0.0103922	0.00775451
9	0.0263261	0.0078576	0.0033539	0.00385355	0.0236017	0.00243081	0.00257198	0.391299	0.001166	0.13564	0.0965311	0.0019697	0.000914315	0.00115565	0.00581293	0.0169589	0.0380796	0.235032	0.00292523	0.00251913
10	0.0156245	0.00383587	0.000775677	0.00401373	0.0247295	0.00189723	0.000451876	0.412357	0.000724146	0.155307	0.0966775	0.00169742	0.000693224	0.000619805	0.00419867	0.00545111	0.0250677	0.242483	0.00296283	0.000432282
11	0.0948836	0.0319313	0.00830266	0.0176226	0.00236838	0.666068	0.00236403	0.00392758	0.00952668	0.00481221	0.00275387	0.0121855	0.00640277	0.00772149	0.0325945	0.0597785	0.00631619	0.020036	0.00361957	0.00678496
12	0.0157112	0.00387338	0.000730423	0.00401029	0.0252132	0.00183633	0.000428243	0.418318	0.000628948	0.154344	0.0880799	0.00172019	0.000678939	0.000602822	0.00413063	0.00539756	0.0255192	0.24532	0.00305208	0.000403678
13	0.0170278	0.101305	0.00495145	0.00525043	0.082862	0.00438973	0.215698	0.0148238	0.0141097	0.0383226	0.00395949	0.0230753	0.0022786	0.0187569	0.0243844	0.0396499	0.0223167	0.0210756	0.0630579	0.282705
14	0.0780927	0.0304613	0.00789808	0.0184238	0.00172614	0.691828	0.00223651	0.00257252	0.00978142	0.0039561	0.00235165	0.0121637	0.00532531	0.00790539	0.0362118	0.0580537	0.00354198	0.0162765	0.00424927	0.00694453
15	0.0850382	0.0157949	0.014679	0.0261117	0.0102501	0.0330837	0.00550667	0.108896	0.00942035	0.143306	0.122849	0.00734776	0.116064	0.0411323	0.0469661	0.019897	0.0775758	0.103422	0.00260922	0.010051
16	0.141059	0.0288908	0.0100166	0.0163807	0.00309389	0.591502	0.00266832	0.00608913	0.00938348	0.00897726	0.00320004	0.0127424	0.0139276	0.00802897	0.0281505	0.0700446	0.0111626	0.0244681	0.00309779	0.00711667
17	0.0752567	0.0299977	0.0140447	0.0223175	0.00250597	0.65808	0.00374501	0.00371021	0.0119751	0.00593763	0.0031576	0.0154854	0.00680194	0.0137199	0.0370648	0.0609273	0.00596048	0.0172869	0.00413196	0.00789299
18	0.0840102	0.00950239	0.005526	0.00251935	0.011222	0.00446996	0.00108283	0.202891	0.00327992	0.0839329	0.0274846	0.00157188	0.00335266	0.0031664	0.00449281	0.0106566	0.0211261	0.512697	0.00568567	0.00132928
19	0.0823775	0.0320306	0.00711903	0.0162736	0.00183943	0.690951	0.00188944	0.00269323	0.00957333	0.00409802	0.0021164	0.0119943	0.00540949	0.00740973	0.0342143	0.0588407	0.00349173	0.0166205	0.0039964	0.00706168
20	0.0230781	0.0089374	0.0232447	0.0744409	0.00691655	0.0212894	0.0122942	0.0162916	0.319957	0.0182619	0.0180385	0.0407972	0.00289228	0.0871129	0.215377	0.0394528	0.0476545	0.0157447	0.00242521	0.00579382
21	0.0626897	0.0452664	0.0278509	0.0253886	0.0146159	0.0640885	0.0251321	0.0186061	0.0235788	0.0227956	0.0104059	0.0531898	0.0154081	0.0204208	0.0724261	0.288758	0.151808	0.0227662	0.00655546	0.0282488
22	0.129274	0.0131205	0.0159409	0.0192065	0.0107866	0.0375043	0.0270825	0.0526186	0.0917114	0.0177721	0.0174142	0.0181583	0.00542795	0.0100819	0.0983151	0.123834	0.252219	0.0483323	0.00254513	0.00865473
23	0.00855822	0.00414212	0.00184759	0.00135206	0.0388902	0.000509739	0.00307246	0.0863723	0.00322212	0.717281	0.0460311	0.0011719	0.00321803	0.0055697	0.00147546	0.00969544	0.00331908	0.0617936	0.0013493	0.00112816
24	0.011372	0.00432417	0.00232613	0.00139816	0.0448265	0.000775003	0.00357688	0.0879554	0.00388279	0.634456	0.110088	0.0015906	0.0039626	0.00738849	0.00291037	0.00987756	0.00597881	0.0607155	0.00122079	0.00137382
25	0.0429211	0.0151778	0.027196	0.0947627	0.00547894	0.0376602	0.0205169	0.00241408	0.25867	0.013247	0.0273414	0.103615	0.000737102	0.0461716	0.172704	0.0706763	0.049953	0.00840151	0.000546711	0.00180847
26	0.0100458	0.0197961	0.00827641	0.0119511	0.368651	0.00252529	0.0314998	0.0339507	0.00718112	0.152956	0.0110749	0.0130709	0.00125521	0.0113276	0.0121854	0.0254699	0.00575276	0.0518219	0.0190284	0.202179
27	0.0327769	0.00140212	0.342551	0.192055	0.0144522	0.066358	0.0431662	0.0114907	0.0483725	0.0108051	0.00535771	0.093353	0.0124362	0.036647	0.0186896	0.0326537	0.00884106	0.00746663	0.00384512	0.0172804
28	0.0479853	0.00519664	0.0206209	0.0181525	0.0625498	0.0146666	0.0238875	0.208363	0.0167616	0.118886	0.0403148	0.00349382	0.00191599	0.00363933	0.0231187	0.0359978	0.0566132	0.247621	0.0173986	0.0328179
29	0.104597	0.0120714	0.00746141	0.00238488	0.00966355	0.00537728	0.0014681	0.162546	0.00422065	0.0710918	0.0151219	0.00166923	0.00413123	0.00407402	0.00522545	0.0141194	0.0207218	0.545555	0.00659599	0.00190368
30	0.0153213	0.00397497	0.000741963	0.00402227	0.0250902	0.001874	0.00043103	0.424448	0.000615497	0.151292	0.0884622	0.00168781	0.000679194	0.000575506	0.004103	0.0055367	0.0256747	0.242025	0.00304868	0.000396734
31	0.0197858	0.0428672	0.0097204	0.0102916	0.297874	0.00312135	0.0116971	0.0304636	0.00715715	0.184356	0.0369288	0.0186292	0.0014303	0.0161128	0.019412	0.0349522	0.00537031	0.0268119	0.109697	0.113322
32	0.120532	0.0136162	0.0130298	0.00286044	0.0120356	0.00469623	0.00424615	0.18782	0.0054547	0.096225	0.031258	0.00190195	0.00355745	0.00484879	0.0064092	0.023079	0.0299245	0.429549	0.0051393	0.00381617
33	0.0548696	0.00870992	0.0599768	0.117251	0.0414824	0.0294381	0.0291279	0.0667103	0.0300361	0.0506757	0.0259822	0.0234963	0.00292098	0.0472006	0.0528327	0.100717	0.102356	0.08964	0.0223483	0.0442282
34	0.188711	0.0348207	0.0114886	0.00413018	0.0389422	0.0085589	0.00556313	0.102939	0.00588981	0.0782782	0.0540344	0.00432129	0.00290489	0.00443205	0.00719587	0.0751358	0.0475778	0.309824	0.00387111	0.0113817
35	0.0720039	0.0513324	0.0296828	0.0257136	0.0102538	0.130248	0.0185633	0.0124354	0.0154333	0.0202372	0.00888545	0.041648	0.0569347	0.0208617	0.0638752	0.284287	0.0863668	0.020642	0.00535087	0.0252447
36	0.0181438	0.00617146	0.0157158	0.0688439	0.00595904	0.0146783	0.00780399	0.0190332	0.310882	0.0117537	0.0100647	0.0315613	0.000766114	0.103812	0.273855	0.0403537	0.0456516	0.012063	0.000855631	0.00203126
37	0.0403659	0.0174552	0.0247949	0.0888444	0.00478944	0.0415066	0.0204623	0.00246527	0.255981	0.0105876	0.0252488	0.100536	0.00057158	0.0459747	0.186628	0.0716224	0.0516689	0.00819138	0.000459598	0.00184645
38	0.027342	0.00732744	0.0184349	0.0172145	0.00410501	0.0496661	0.0095907	0.010122	0.322123	0.0290186	0.0465086	0.0147865	0.0103377	0.0455354	0.256005	0.0194339	0.0827381	0.015006	0.0104846	0.00421941
39	0.0173321	0.00753705	0.0274939	0.0373845	0.00407401	0.0214399	0.00913795	0.00727396	0.31072	0.00842765	0.010838	0.0635716	0.00160284	0.0449496	0.304613	0.0654388	0.0475772	0.00679712	0.0015968	0.00219484
40	0.0126192	0.0372302	0.00559741	0.00856669	0.281818	0.00323467	0.0766714	0.0306589	0.00882828	0.0965351	0.00700128	0.0126812	0.0013103	0.0138434	0.0161107	0.0289263	0.012506	0.044131	0.0203846	0.281345
41	0.0975903	0.0114067	0.00692724	0.00299473	0.0152378	0.00406784	0.0014312	0.191689	0.00375732	0.131089	0.0382361	0.00177781	0.00305908	0.00371542	0.00511545	0.0147562	0.0214891	0.438611	0.00496691	0.00208198
42	0.00947431	0.0038601	0.00180347	0.00132764	0.0365735	0.000497181	0.00333769	0.082555	0.00342781	0.72386	0.0487784	0.00106246	0.00309232	0.00573334	0.00147282	0.0098463	0.00312976	0.0578475	0.00127852	0.00104195
43	0.00968336	0.00625157	0.00301778	0.00152057	0.0783165	0.000700386	0.00504551	0.111875	0.00520962	0.625285	0.0537677	0.00254946	0.00277992	0.00679384	0.00292329	0.00988161	0.00424234	0.0659823	0.00136609	0.00280792
44	0.00917821	0.00388327	0.00181836	0.00145741	0.0321071	0.000653755	0.00289655	0.077923	0.003062	0.731568	0.0466642	0.000957336	0.00313949	0.00573601	0.00157961	0.00995055	0.00330221	0.0613766	0.00145122	0.00129533
45	0.0319985	0.00675992	0.359111	0.163322	0.00960117	0.0435639	0.0301142	0.00992486	0.053517	0.0115521	0.00599036	0.125162	0.00861541	0.02854	0.0237463	0.0467025	0.0134106	0.0124173	0.00276851	0.0131819
46	0.0427971	0.00879547	0.268878	0.0590813	0.0196531	0.224411	0.0196523	0.0126756	0.0250624	0.0236607	0.0111768	0.0902973	0.0228973	0.0193829	0.0177228	0.09144	0.0156488	0.00772708	0.00333308	0.0157074
47	0.0212677	0.00318556	0.000975153	0.00421793	0.0239456	0.00160976	0.000505885	0.347969	0.000954353	0.189437	0.0885172	0.00192412	0.000676181	0.000900955	0.00402791	0.00464269	0.0227538	0.279173	0.00279807	0.000517645
48	0.0164698	0.0548657	0.00894202	0.00854801	0.0299313	0.0106278	0.0154659	0.0102263	0.0102377	0.0352454	0.0128779	0.0091138	0.00246142	0.0269375	0.0960313	0.0441905	0.0205121	0.00882811	0.560368	0.0181199
49	0.0571501	0.00584234	0.090049	0.222083	0.00343326	0.0356272	0.0231051	0.00634975	0.138144	0.0208621	0.0122208	0.0592811	0.00689297	0.0603812	0.100015	0.0768208	0.0607661	0.0101572	0.0033463	0.00747261
50	0.05516	0.0051828	0.0430055	0.113045	0.00340026	0.0459337	0.0318015	0.00907671	0.0661409	0.0445772	0.00990631	0.0276368	0.17047	0.0659894	0.146954	0.0859686	0.0300654	0.0170814	0.00327213	0.0253322
51	0.015694	0.004784	0.00202318	0.00323478	0.0593823	0.00158142	0.00271661	0.29511	0.00325949	0.299168	0.0774768	0.00256192	0.000822323	0.00340431	0.00417909	0.00635031	0.0188787	0.19593	0.00214963	0.00129264
52	0.0097979	0.0183686	0.375661	0.0820278	0.00189752	0.00301865	0.0163493	0.00312291	0.0475571	0.00385449	0.00183239	0.300381	0.00121944	0.00955495	0.0215839	0.0708227	0.0145511	0.0154778	0.00102093	0.00190097
53	0.00848088	0.00376784	0.00206671	0.00124077	0.0371881	0.000562285	0.00353491	0.0718277	0.00333346	0.746541	0.0471512	0.00112895	0.00267774	0.00513294	0.00151663	0.00877847	0.0030965	0.0495953	0.0013614	0.00101697
54	0.0487987	0.00147921	0.335133	0.22745	0.0107033	0.0345296	0.0392531	0.0125853	0.0642932	0.0106434	0.00579415	0.0684814	0.0081049	0.0361772	0.0212327	0.0320615	0.0106446	0.0107505	0.00299986	0.0188848
55	0.0395622	0.00565248	0.00211092	0.00345816	0.017968	0.00284289	0.000674678	0.288915	0.00141025	0.1284	0.0567951	0.00164629	0.0016954	0.00132489	0.00357534	0.00541796	0.0221995	0.411208	0.00439148	0.000750727
56	0.243777	0.135784	0.0144189	0.0141885	0.0219826	0.0337935	0.0168264	0.01802	0.0293726	0.0330199	0.0135948	0.0294764	0.00862649	0.0111777	0.0345824	0.208342	0.0344276	0.0692173	0.00240446	0.0269678
57	0.0827493	0.0430999	0.0609739	0.0609072	0.00972355	0.0969776	0.0376654	0.00936212	0.0381561	0.0148139	0.00944891	0.11021	0.00866565	0.0375168	0.107698	0.14774	0.0603776	0.0399146	0.00225662	0.0217432
58	0.0307069	0.00387136	0.103001	0.131502	0.00282868	0.0367887	0.0683082	0.00513475	0.0892577	0.0471956	0.00648253	0.0336738	0.00709638	0.130667	0.138023	0.0700813	0.0200469	0.0357353	0.00759887	0.0320002
59	0.0298812	0.00970062	0.0111816	0.0134597	0.0207487	0.00967404	0.00796924	0.0856515	0.0119538	0.190139	0.369097	0.00848819	0.00581853	0.0120714	0.0204573	0.0411764	0.0420577	0.0995538	0.00307813	0.00784169
60	0.0153213	0.00397497	0.000741963	0.00402227	0.0250902	0.001874	0.00043103	0.424448	0.000615497	0.151292	0.0884622	0.00168781	0.000679194	0.000575506	0.004103	0.0055367	0.0256747	0.242025	0.00304868	0.000396734
61	0.015394	0.00492883	0.0229732	0.225805	0.012357	0.012254	0.00514213	0.021095	0.220029	0.028604	0.00626933	0.0397232	0.00193728	0.10022	0.217234	0.0204181	0.0281188	0.0125904	0.00183215	0.00307539
62	0.0185336	0.00216717	0.00296542	0.00335151	0.0138713	0.0023754	0.00176855	0.116843	0.00292076	0.201425	0.38621	0.0026904	0.0011319	0.00257578	0.00809508	0.00718074	0.0140448	0.20931	0.000859424	0.00167922
63	0.0572146	0.00592211	0.0899426	0.221584	0.00343797	0.0357654	0.0230916	0.00634475	0.138176	0.0208213	0.012236	0.0594046	0.00689997	0.060347	0.100202	0.076863	0.0607064	0.0102097	0.00334926	0.00748157
64	0.0532751	0.205674	0.0126367	0.0203226	0.0338547	0.0503327	0.0244903	0.0262118	0.0814238	0.039014	0.011378	0.0532658	0.0258977	0.0313847	0.0664316	0.116437	0.0337762	0.0511905	0.00296826	0.0600345
65	0.0122913	0.0259307	0.00725752	0.00572736	0.227957	0.00160417	0.00527754	0.0447421	0.00489456	0.487074	0.0268842	0.00722349	0.00174855	0.00694216	0.00832539	0.0225404	0.00343853	0.0342047	0.0235396	0.0423966
66	0.0557203	0.00596824	0.0745697	0.0934094	0.00374648	0.0654958	0.0121541	0.0151332	0.0371866	0.0400471	0.0159694	0.0281516	0.154029	0.0622128	0.0655437	0.162326	0.0797401	0.0181966	0.00176583	0.0086333
67	0.0487107	0.0014787	0.334434	0.227937	0.0107249	0.0345589	0.0391597	0.0124745	0.0644619	0.0106906	0.00572699	0.0685098	0.00810445	0.0362434	0.0213623	0.0321663	0.0107304	0.0107246	0.00299177	0.0188091
68	0.541427	0.0234333	0.0108662	0.00194652	0.00578505	0.0194785	0.00125052	0.0111415	0.0124197	0.0148162	0.00484667	0.0141322	0.00825472	0.00167791	0.00937506	0.216271	0.0343363	0.0607164	0.000541746	0.00728333
69	0.0172484	0.0418069	0.00601697	0.00677132	0.147194	0.00359795	0.00991901	0.021541	0.00570855	0.105405	0.0351769	0.0116297	0.00194362	0.0178866	0.0492687	0.0312321	0.00869043	0.0125177	0.408925	0.0575197
70	0.0571679	0.00584718	0.0900439	0.22186	0.00342137	0.035662	0.0230923	0.0063426	0.138187	0.0208852	0.0122344	0.0593035	0.00689806	0.0604336	0.10009	0.0767668	0.060761	0.010174	0.00335131	0.007477
71	0.00840795	0.00350969	0.00208567	0.0013797	0.0316801	0.000546652	0.00292396	0.0642964	0.00310147	0.768665	0.043153	0.000974594	0.00264999	0.00498103	0.00131798	0.00903336	0.00268017	0.0461907	0.00138727	0.00103553
72	0.0149252	0.0341433	0.0093933	0.00867124	0.375631	0.0027547	0.0118065	0.0388767	0.00634924	0.269629	0.0173261	0.00999455	0.00136355	0.00904995	0.0109911	0.0288117	0.00539331	0.0366939	0.0258614	0.0823345
73	0.0147985	0.0237816	0.013856	0.0716427	0.00375398	0.00913073	0.00480613	0.0377402	0.230266	0.0535855	0.0225262	0.01657	0.00176506	0.106591	0.270724	0.0186875	0.0600204	0.0343765	0.00152873	0.00385035
74	0.0190964	0.00350611	0.000855824	0.00406768	0.0240395	0.00178561	0.000449104	0.391707	0.000771064	0.164488	0.0879812	0.00181139	0.0006374	0.000681299	0.0040985	0.00504722	0.0241293	0.261435	0.00296416	0.000447597
75	0.190355	0.0395783	0.0107094	0.00352629	0.0374978	0.00768383	0.00446608	0.103863	0.00485667	0.0782317	0.0477793	0.00359847	0.00303453	0.00422467	0.00624173	0.0692354	0.0422686	0.329501	0.00346255	0.0098864
76	0.0555967	0.0114821	0.0615933	0.163956	0.00476831	0.0380885	0.0204357	0.00490173	0.18238	0.0160923	0.0182478	0.0692119	0.00409944	0.0569487	0.142351	0.0781014	0.0543371	0.0105347	0.0020119	0.0048626
77	0.0386434	0.0184216	0.0219595	0.0840048	0.00459186	0.0399837	0.0187572	0.00413325	0.262559	0.0113889	0.0258686	0.0903309	0.000652446	0.047544	0.199021	0.0680704	0.0524946	0.00906784	0.000629846	0.00187771
78	0.0970575	0.170073	0.0562685	0.0264438	0.0384687	0.0237515	0.0167643	0.0501748	0.0294525	0.106948	0.0653971	0.024901	0.0147691	0.0259242	0.0370723	0.064879	0.0386049	0.0807547	0.00967912	0.0226166
79	0.0343051	0.0341264	0.0803025	0.0600438	0.0222702	0.141149	0.0712235	0.00177521	0.0552477	0.028635	0.0136821	0.081569	0.00121356	0.0279986	0.146832	0.0691932	0.0183111	0.00831433	0.0372688	0.0665386
80	0.0742146	0.0339831	0.0190131	0.0212442	0.00357588	0.635527	0.00610474	0.00387692	0.0120075	0.00709611	0.00343431	0.0199576	0.0071072	0.0107323	0.0383656	0.063673	0.00751872	0.0166653	0.00514524	0.0107575
81	0.0101489	0.00487772	0.00641522	0.0059901	0.0374698	0.00211804	0.00404055	0.063995	0.00593972	0.729788	0.0419357	0.00247503	0.00375835	0.00737516	0.00392267	0.0126001	0.00577146	0.0457672	0.00245624	0.00315473
82	0.0570134	0.0114924	0.0347107	0.0606343	0.00708808	0.0375114	0.0181756	0.0197184	0.0301046	0.0660538	0.0176611	0.0260835	0.290483	0.0521405	0.0731481	0.103344	0.0413262	0.0343801	0.00498393	0.0139464
83	0.0226244	0.00534129	0.00482375	0.00429878	0.030978	0.0031175	0.00417188	0.0629979	0.0120899	0.709521	0.0422086	0.00393334	0.00481627	0.00792442	0.00592517	0.0160602	0.00633212	0.0480995	0.0018181	0.00291841
84	0.516009	0.0314012	0.0160756	0.00199093	0.0108352	0.0281116	0.00128273	0.0137728	0.00938242	0.0157578	0.00572184	0.0125652	0.00615235	0.00158909	0.00677535	0.191075	0.0427335	0.0801778	0.000664712	0.00792605
85	0.012831	0.00529215	0.00225091	0.00320408	0.0388178	0.00167038	0.0026721	0.222075	0.00335765	0.470725	0.0713831	0.00182546	0.00608123	0.00520797	0.00510562	0.00862518	0.0123693	0.122781	0.00206147	0.00166409
86	0.0533834	0.0236362	0.0430987	0.0349459	0.00431193	0.00981808	0.006511	0.143601	0.0463606	0.0300221	0.0069672	0.0646319	0.00683632	0.0116523	0.0272124	0.097499	0.118805	0.257445	0.00210493	0.0111564
87	0.104228	0.0176417	0.0105478	0.00477946	0.0141551	0.00556259	0.0036188	0.192539	0.0057386	0.0889116	0.031846	0.00456876	0.0036084	0.00441028	0.00705167	0.0237466	0.0625744	0.404832	0.00516984	0.00446942
88	0.0168616	0.00361103	0.000746524	0.00398836	0.0249524	0.00176944	0.000418135	0.403693	0.000651109	0.161822	0.0869747	0.00183192	0.000675043	0.000645543	0.00429804	0.00515192	0.0248944	0.253539	0.00304856	0.000426969
89	0.109308	0.0301076	0.00739408	0.0153424	0.0021397	0.653461	0.00176219	0.0030872	0.00950026	0.00471281	0.00231385	0.0117226	0.00581425	0.00709672	0.0345372	0.0657627	0.00583088	0.0192696	0.00379225	0.00704512
90	0.0410457	0.0188644	0.0243281	0.0879904	0.00449398	0.0409964	0.0203095	0.00305247	0.257903	0.0103389	0.0244362	0.0940814	0.00065012	0.0460696	0.19048	0.0726502	0.0513005	0.00840904	0.000530851	0.00206875
91	0.54081	0.0240743	0.0111455	0.00184803	0.0061656	0.0199416	0.00123432	0.0115815	0.0121442	0.0146827	0.00481652	0.0144917	0.00819939	0.00168886	0.00899514	0.212861	0.0353181	0.0622073	0.000504269	0.00728973
92	0.0119923	0.00261072	0.00206509	0.0021167	0.025659	0.00162512	0.00214391	0.0807383	0.00278441	0.420497	0.327662	0.00165052	0.00245936	0.00420572	0.00615241	0.00802454	0.0115204	0.0839272	0.000950646	0.0012144
93	0.541971	0.0235715	0.010836	0.00182799	0.00578274	0.0194182	0.00125593	0.011101	0.0125261	0.0148202	0.00473115	0.0141961	0.008246	0.00168698	0.00938882	0.215254	0.0344946	0.0610018	0.000562217	0.00732778
94	0.0484729	0.0739734	0.0408177	0.0155264	0.0180532	0.131652	0.0276041	0.00479018	0.00741343	0.00922654	0.00229522	0.0715497	0.00657569	0.0129962	0.0738859	0.321325	0.0599354	0.0139035	0.00684793	0.053156
95	0.0854836	0.0177085	0.0169656	0.00555827	0.0272093	0.0052779	0.0126484	0.206969	0.0053305	0.129421	0.0869205	0.00245381	0.00267783	0.00340309	0.00861767	0.0390188	0.061238	0.264615	0.00577788	0.0127061
96	0.0113487	0.0229127	0.00801311	0.00995126	0.379323	0.00243736	0.0276614	0.0302963	0.00653027	0.182539	0.0113228	0.0119359	0.00110651	0.012152	0.0114762	0.0251455	0.00518561	0.0426008	0.0207241	0.177338
97	0.0879794	0.0201861	0.0468624	0.0679121	0.00871226	0.0436231	0.0436208	0.0219588	0.0276767	0.0491516	0.0213452	0.0708619	0.102283	0.054639	0.0633107	0.125174	0.0620635	0.0611502	0.000893969	0.0205959
98	0.0111815	0.0386025	0.00697034	0.0128161	0.00748921	0.00692147	0.0202915	0.0836423	0.041899	0.0939963	0.0134872	0.00769878	0.0555597	0.0614894	0.136485	0.0624354	0.0423138	0.28651	0.00266539	0.00754578
99	0.0107994	0.00404487	0.00175505	0.00163923	0.0332755	0.000732422	0.00269594	0.108323	0.00278119	0.674701	0.0493952	0.00109126	0.00268508	0.00477221	0.0016634	0.00894936	0.0055552	0.0826377	0.00155408	0.000948817
100	0.0245934	0.00785894	0.0206469	0.0838849	0.0050239	0.017102	0.0128761	0.0208443	0.286431	0.0141999	0.0112827	0.0338009	0.00318083	0.0994184	0.250393	0.0431844	0.0466173	0.0144682	0.00102603	0.00316654
101	0.0130497	0.0229178	0.0147459	0.0247485	0.335557	0.00437028	0.0189744	0.0413495	0.0119603	0.170659	0.0182364	0.0203732	0.00111398	0.0121514	0.0180959	0.043575	0.00896955	0.051428	0.0243187	0.143406
102	0.044113	0.0813752	0.033167	0.0391506	0.0194548	0.0763368	0.0511845	0.0391676	0.0246693	0.0267536	0.0123547	0.0660167	0.0141252	0.0472095	0.0569586	0.244333	0.056838	0.0288558	0.00759632	0.0303397
103	0.0823114	0.0129619	0.0210693	0.00847257	0.0385856	0.00851002	0.0218175	0.193042	0.00900486	0.134389	0.0811576	0.0026032	0.00160539	0.00311321	0.0118171	0.0445315	0.0732094	0.220587	0.00961779	0.0215939
104	0.0132804	0.00450464	0.0137806	0.0590605	0.00568327	0.0102459	0.00622009	0.0204345	0.32351	0.0135121	0.00946601	0.0237456	0.0013352	0.112109	0.294447	0.0300136	0.0424959	0.012612	0.00124339	0.0023006
105	0.0317316	0.0181315	0.0465534	0.0570168	0.0040201	0.0329296	0.00858807	0.0224249	0.0422775	0.120263	0.0248203	0.0146916	0.0662145	0.120065	0.0552968	0.180338	0.104059	0.0143477	0.00443901	0.0317915
106	0.0207402	0.118985	0.0117636	0.0106197	0.289164	0.00785764	0.0179163	0.0273303	0.0143053	0.194924	0.0153183	0.0163584	0.00272769	0.0141502	0.0290637	0.0652612	0.0109636	0.0273221	0.0300802	0.0751492
107	0.0116038	0.00795787	0.00393633	0.00213032	0.0957785	0.000997219	0.00464383	0.0966838	0.00507091	0.616187	0.0522723	0.00300337	0.00273637	0.0065421	0.00338358	0.0115164	0.00388502	0.0617183	0.00314984	0.00680284
108	0.00817791	0.00384251	0.00245595	0.00441642	0.0272316	0.00098549	0.002996	0.0696016	0.00472421	0.744741	0.0414522	0.00140038	0.00316322	0.0101962	0.00261233	0.0132855	0.00465134	0.0513322	0.00146194	0.00127236
109	0.0314828	0.0935897	0.00376117	0.00518537	0.107896	0.00450035	0.131312	0.0183485	0.0158415	0.0533723	0.00357993	0.0146224	0.00166789	0.0210509	0.0286008	0.0613398	0.0312747	0.032552	0.022325	0.317696
110	0.0403637	0.192554	0.0105126	0.0144296	0.0832741	0.0241522	0.0574125	0.0119686	0.0338877	0.0605331	0.0083298	0.0293258	0.00438622	0.0315472	0.0415125	0.196072	0.0383347	0.0220666	0.0125082	0.0868284
111	0.529531	0.0267409	0.0136715	0.00184475	0.00737313	0.0249644	0.00127761	0.0124315	0.0105929	0.0153503	0.00445277	0.0131661	0.00703316	0.00159268	0.0075677	0.205352	0.0415459	0.0675036	0.000530575	0.00747704
112	0.00823389	0.00341967	0.00186684	0.00135548	0.0286484	0.000506711	0.00271685	0.0659875	0.00296365	0.758585	0.0524475	0.000919579	0.00274955	0.0049413	0.001464	0.00928806	0.00327272	0.0484264	0.00134231	0.000864761
113	0.0134434	0.0446756	0.00460271	0.00647724	0.24685	0.00269031	0.0939357	0.0240884	0.00870366	0.0782075	0.00545154	0.01261	0.00118167	0.0147589	0.0171782	0.0293492	0.0142867	0.0397741	0.029035	0.3127
114	0.0542086	0.00651227	0.0311437	0.0567434	0.00421821	0.0335426	0.015147	0.0114032	0.0278833	0.0678751	0.021041	0.0228266	0.270852	0.0633546	0.0983822	0.133345	0.0424104	0.0205498	0.00510512	0.0134561
115	0.0807819	0.0069917	0.0380186	0.170406	0.00628498	0.0638777	0.0160637	0.0212033	0.0944606	0.0343811	0.0109182	0.0244682	0.109391	0.100888	0.0687874	0.0708223	0.0397473	0.0276524	0.00321863	0.0116362
116	0.0432817	0.00499919	0.286217	0.0685051	0.0224362	0.206153	0.0190561	0.0131555	0.0248836	0.0238864	0.0129813	0.0937742	0.0231034	0.0186801	0.0124357	0.0848088	0.0148975	0.00691126	0.00271551	0.0171187
117	0.0571848	0.0058469	0.0901294	0.221678	0.00342365	0.0356659	0.0230821	0.0063463	0.138196	0.0209201	0.0122561	0.0593736	0.00689043	0.0604354	0.100057	0.0767483	0.0607342	0.0101927	0.00336173	0.00747801
118	0.00789898	0.00368744	0.00164079	0.00145376	0.0298328	0.000466635	0.00276841	0.0720895	0.00294212	0.755962	0.0431397	0.000858941	0.00316185	0.00548449	0.00119336	0.0103085	0.00272226	0.0520314	0.00142057	0.00093616
119	0.101178	0.0106121	0.0165319	0.0086438	0.0123166	0.00715939	0.00403912	0.185386	0.0142895	0.0761105	0.0163991	0.00661747	0.00484824	0.00871892	0.0160414	0.0259628	0.0377419	0.434859	0.00605032	0.00649415
120	0.0294616	0.00200019	0.292184	0.238981	0.0140779	0.0477978	0.0391116	0.0149656	0.0506835	0.00913092	0.00479751	0.111106	0.00784432	0.042141	0.0260032	0.0233268	0.00849238	0.00835353	0.00674411	0.0227973
121	0.0196155	0.11907	0.00328911	0.00432861	0.0883212	0.0047599	0.142038	0.0146474	0.024347	0.05769	0.00370775	0.0148226	0.00170715	0.0271116	0.0340097	0.064844	0.0277428	0.0216844	0.0350944	0.291169
122	0.0162837	0.114365	0.00683306	0.00675933	0.0604421	0.00551291	0.0175549	0.01124	0.00818548	0.0573221	0.0156057	0.00742877	0.00245347	0.0213696	0.0675396	0.0387375	0.0152498	0.00940029	0.493457	0.0242597
123	0.0153213	0.00397497	0.000741963	0.00402227	0.0250902	0.001874	0.00043103	0.424448	0.000615497	0.151292	0.0884622	0.00168781	0.000679194	0.000575506	0.004103	0.0055367	0.0256747	0.242025	0.00304868	0.000396734
124	0.0832499	0.0317858	0.00717	0.0171859	0.00154922	0.681361	0.00172568	0.00261683	0.0100731	0.0038258	0.00211942	0.0128936	0.00516391	0.0073615	0.0366029	0.0634444	0.00333718	0.0170647	0.00426963	0.00719948
125	0.0288844	0.00901777	0.0951747	0.234133	0.00850352	0.026226	0.01637	0.0236761	0.080184	0.0839262	0.0471528	0.0273326	0.0213762	0.102606	0.0461416	0.0526992	0.0481248	0.0326757	0.00426268	0.0115327
126	0.0379967	0.00830245	0.118327	0.315505	0.0131866	0.104366	0.0167656	0.00854397	0.0638479	0.0219129	0.00820958	0.0510603	0.0115639	0.043058	0.0608358	0.0614506	0.0308684	0.0113761	0.00365412	0.00917006
127	0.016655	0.0417552	0.0102122	0.00883186	0.396909	0.00237341	0.00771555	0.0315301	0.00596567	0.264515	0.0146272	0.011277	0.00119763	0.00857454	0.0121444	0.0320504	0.00400098	0.0271515	0.030547	0.071966
128	0.0190926	0.00334307	0.000861058	0.00408682	0.0255116	0.00169258	0.000493924	0.368787	0.000939133	0.181916	0.087707	0.00189672	0.000685365	0.00083168	0.00419156	0.00486279	0.0242896	0.265373	0.00295183	0.00048627
129	0.0411878	0.00363468	0.297895	0.0591899	0.021025	0.200755	0.0189319	0.0147285	0.0263799	0.0267525	0.0113776	0.09044	0.0306708	0.0194754	0.00836842	0.0914845	0.017266	0.00662262	0.00156738	0.0122474
130	0.0180185	0.00358686	0.000854346	0.00399691	0.0249723	0.00178837	0.000484998	0.388184	0.000753914	0.171465	0.0871566	0.00203488	0.000697912	0.000707109	0.00446728	0.00503646	0.0247193	0.25735	0.00320776	0.00051759
131	0.0166801	0.00363669	0.000746175	0.00399222	0.0248751	0.00177925	0.00042175	0.406433	0.000635482	0.16027	0.0871762	0.00181525	0.000675101	0.000615546	0.00429465	0.00517578	0.0249478	0.252348	0.00305833	0.000422517
132	0.0727072	0.0461706	0.0659705	0.101981	0.00547923	0.129029	0.0277934	0.00578222	0.0403812	0.0100428	0.00822582	0.120685	0.00207145	0.0468895	0.101419	0.128627	0.0457403	0.0268176	0.00144864	0.0127386
133	0.0436835	0.0285308	0.0857102	0.054319	0.0123503	0.0104534	0.0210939	0.111381	0.0654781	0.030034	0.0178417	0.0596355	0.00341766	0.0221221	0.0422987	0.161014	0.0853275	0.112828	0.00509702	0.0273834
134	0.00826909	0.00333273	0.00202894	0.0013201	0.0295498	0.000488649	0.00283348	0.0632929	0.00315319	0.773004	0.0437459	0.000916214	0.00261073	0.00483301	0.0012986	0.00905437	0.0027076	0.0454045	0.00135983	0.000796423
135	0.0233915	0.00455989	0.0140982	0.0897427	0.00311036	0.00675696	0.00322093	0.0907498	0.134774	0.0986558	0.00396804	0.0280221	0.00330885	0.0615751	0.0496661	0.0578469	0.0927705	0.226596	0.00166731	0.0055184
136	0.0866114	0.034865	0.0586894	0.0718383	0.0107062	0.0612313	0.0479336	0.018353	0.0238094	0.0440621	0.0143509	0.106183	0.0382725	0.0422431	0.074995	0.128142	0.0638954	0.0514022	0.001822	0.0205939
137	0.542639	0.0235908	0.0108757	0.00183115	0.00579659	0.0195041	0.00122277	0.011126	0.0124687	0.014725	0.00472688	0.0142419	0.00819627	0.00163261	0.00914881	0.214802	0.0345922	0.0610362	0.000526688	0.00731668
138	0.0430783	0.117112	0.0289217	0.0150684	0.0161496	0.101834	0.0293587	0.00586109	0.0125555	0.0143788	0.00350211	0.073222	0.0064656	0.0126086	0.0728477	0.329342	0.0461692	0.0126197	0.00535405	0.0535509
139	0.013138	0.00220727	0.00210981	0.002296	0.0208973	0.00191267	0.00196124	0.0839282	0.0026771	0.332651	0.404905	0.00189651	0.00205987	0.00361657	0.00714039	0.00808681	0.0146226	0.0916787	0.000866562	0.00134833
140	0.00898453	0.00448167	0.00200444	0.00149412	0.0487774	0.000610656	0.0032899	0.108065	0.00345677	0.669315	0.0477255	0.00142263	0.0030852	0.00539165	0.00187233	0.00903136	0.00455078	0.0737729	0.00127284	0.00139474
141	0.0218814	0.00609692	0.0789178	0.243206	0.00495435	0.0168783	0.00913907	0.0308614	0.113637	0.0756944	0.0494643	0.0156673	0.00592807	0.137757	0.0337507	0.0400659	0.0590799	0.0469574	0.00341174	0.00665142
142	0.0683752	0.012546	0.00479817	0.00333485	0.0176668	0.00406011	0.00171718	0.22031	0.00284235	0.101202	0.0363208	0.00163237	0.0026268	0.00226296	0.0045832	0.0115283	0.0239902	0.47098	0.00673619	0.00248696
143	0.01958	0.0150937	0.0164745	0.0514872	0.0034044	0.0263869	0.0080626	0.0252932	0.295389	0.0249762	0.0292003	0.02244	0.00259753	0.0664617	0.255439	0.0338864	0.0681538	0.0269013	0.0025231	0.0062489
144	0.0147123	0.00177341	0.00236543	0.00255356	0.0183518	0.00227433	0.00163949	0.0905434	0.00261011	0.231118	0.481276	0.00219191	0.00156116	0.00304984	0.00879229	0.0075063	0.0169076	0.108549	0.000695523	0.0015284
145	0.0385733	0.0419064	0.0788435	0.0508722	0.0262614	0.0511397	0.17793	0.019024	0.0407837	0.0325139	0.013451	0.102238	0.0105482	0.0271346	0.0621802	0.0806764	0.0349094	0.0247928	0.0244132	0.0618079
146	0.062921	0.01515	0.146365	0.0838027	0.0100775	0.0614749	0.0523769	0.0227084	0.0340373	0.0332668	0.0142815	0.116029	0.0498308	0.0522302	0.0614462	0.0780676	0.035061	0.0340177	0.00320888	0.0336463
147	0.0191418	0.00236695	0.00290418	0.00343224	0.014014	0.00231263	0.00173366	0.130638	0.00282947	0.196788	0.367755	0.00264796	0.00112714	0.00250519	0.00781861	0.00725376	0.0147538	0.217442	0.000933952	0.00160112
148	0.0153213	0.00397497	0.000741963	0.00402227	0.0250902	0.001874	0.00043103	0.424448	0.000615497	0.151292	0.0884622	0.00168781	0.000679194	0.000575506	0.004103	0.0055367	0.0256747	0.242025	0.00304868	0.000396734
149	0.0380381	0.0265699	0.0376783	0.0414044	0.0192352	0.0436732	0.13806	0.021787	0.0424207	0.0358325	0.0174583	0.0437602	0.0123795	0.0347046	0.227123	0.105126	0.0325276	0.0292005	0.0172295	0.0357912
150	0.0499838	0.00219402	0.29924	0.210131	0.00907565	0.0375892	0.0407186	0.0108818	0.0769166	0.0149994	0.00724754	0.062937	0.00787658	0.0480313	0.0348045	0.0390716	0.0174605	0.0110799	0.0029749	0.0167868
151	0.0155534	0.0020872	0.00241956	0.00256648	0.0190888	0.00227041	0.00168358	0.0923656	0.00259842	0.230426	0.477246	0.00223625	0.00153625	0.00301221	0.00867519	0.00779794	0.0173826	0.108707	0.000747929	0.00159958
152	0.512865	0.0307496	0.0172625	0.0021989	0.0102201	0.0302068	0.00155765	0.0144882	0.00940657	0.0155387	0.00555811	0.0127953	0.00603144	0.00184264	0.00725174	0.18929	0.0449581	0.0789846	0.000636901	0.00815721
153	0.00924615	0.00382823	0.00202497	0.00152887	0.0367941	0.000546708	0.00358581	0.081687	0.00391805	0.728338	0.0479514	0.00111733	0.00288669	0.00633823	0.00167549	0.010844	0.0030802	0.0522341	0.00131902	0.00105545
154	0.0183878	0.0403614	0.010844	0.00986321	0.0353763	0.0146646	0.0196691	0.0096352	0.01023	0.0398599	0.014531	0.0116946	0.001727	0.0232397	0.0867875	0.039305	0.0137494	0.00740779	0.567111	0.0255556
155	0.0153755	0.00398051	0.000756642	0.00402876	0.0251049	0.00189326	0.000465462	0.424322	0.000625907	0.151309	0.0884077	0.00168735	0.000679098	0.000576825	0.00410588	0.00556641	0.0256992	0.241949	0.00305279	0.000414859
156	0.513278	0.0309818	0.0171042	0.00198579	0.0107198	0.0292777	0.0013539	0.0140315	0.00915154	0.0157948	0.00569382	0.0125398	0.00607481	0.00161165	0.00654759	0.189932	0.0446214	0.0803372	0.000599103	0.00836338
157	0.0477152	0.00522867	0.0782472	0.151632	0.00639411	0.0339227	0.017846	0.00741246	0.195758	0.0240312	0.0245498	0.107015	0.00383995	0.0595102	0.101267	0.0675584	0.0412509	0.016548	0.00229145	0.00798163
158	0.0107803	0.00420581	0.00190146	0.00194627	0.0298592	0.00119939	0.00289021	0.0808506	0.00303271	0.719387	0.0494072	0.00114554	0.00545054	0.00596656	0.00211279	0.0103076	0.0054536	0.0616174	0.00135214	0.00113398
159	0.0336024	0.00388921	0.0204297	0.105128	0.00357692	0.00759687	0.00351047	0.0783727	0.0992573	0.124117	0.00518054	0.0147578	0.00278274	0.0700826	0.0753434	0.0887034	0.111812	0.144787	0.00226499	0.00480418
160	0.106738	0.019907	0.0176309	0.02296	0.0563701	0.0122078	0.0166299	0.0960904	0.0148122	0.0544932	0.0483587	0.0112654	0.00323338	0.0118676	0.0224779	0.116755	0.188007	0.138964	0.00716073	0.0340712
161	0.00836371	0.00449166	0.00237857	0.00133146	0.0416986	0.000675093	0.00312917	0.0698256	0.003383	0.745875	0.0439244	0.00132186	0.00269232	0.00500996	0.00166036	0.00828531	0.00277592	0.0499724	0.00154546	0.00166004
162	0.0100331	0.00623726	0.00334158	0.0013233	0.0812095	0.000796436	0.00525116	0.11614	0.00569388	0.610812	0.0579381	0.0027363	0.00262134	0.00691194	0.00316662	0.00989266	0.00454817	0.0682409	0.00105286	0.00205296
163	0.009566	0.00433451	0.00198055	0.00129022	0.0460268	0.000501671	0.00358523	0.0872731	0.0037092	0.707805	0.0481657	0.00128167	0.00303812	0.00582372	0.00167182	0.00948525	0.00302509	0.0588786	0.00122531	0.0013322
164	0.147868	0.0394449	0.0102105	0.0209396	0.00507416	0.0604546	0.0200228	0.0462999	0.0683338	0.0251596	0.0520173	0.0503694	0.00437098	0.00809747	0.0955567	0.186557	0.0795734	0.0722269	0.00191703	0.00550591
165	0.00812713	0.00420615	0.0017072	0.00139202	0.0364714	0.000507799	0.00293133	0.0848916	0.0029855	0.725195	0.0450558	0.00101979	0.00318005	0.00535271	0.00141333	0.00941713	0.00335401	0.0604174	0.00130944	0.00106569
166	0.0778094	0.00644079	0.0148871	0.0184245	0.00373482	0.0578983	0.00814148	0.0293097	0.239389	0.0220027	0.0274081	0.014541	0.0038875	0.0168409	0.200013	0.0614031	0.1434	0.0463474	0.00442405	0.00369697
167	0.0341916	0.00971891	0.0174393	0.025187	0.132259	0.0111148	0.0209736	0.177879	0.0146288	0.129912	0.0331876	0.00787452	0.00287601	0.00748781	0.0236282	0.0347181	0.0410547	0.193407	0.0165183	0.0659442
168	0.00816141	0.00365341	0.00200111	0.00146525	0.0307456	0.000636249	0.00279023	0.0688393	0.00318005	0.758278	0.0446776	0.000989855	0.00281297	0.00498089	0.00150821	0.00950602	0.00299684	0.0505162	0.00137463	0.000886183
169	0.0095671	0.0186567	0.374064	0.0784899	0.00169522	0.00260223	0.0157814	0.00303978	0.0467031	0.00388966	0.00177891	0.306047	0.00113328	0.00898164	0.0219229	0.072371	0.0148459	0.0157939	0.000972884	0.00166282
170	0.0095557	0.00372126	0.00217204	0.00129365	0.0375298	0.000620813	0.00305252	0.0696206	0.0032712	0.734035	0.058783	0.00118845	0.00253531	0.00482427	0.00178613	0.0089483	0.00367312	0.0505935	0.00150021	0.00129483
171	0.0843812	0.0796957	0.0222247	0.0340468	0.0206661	0.0468898	0.0350959	0.00563616	0.0322313	0.030353	0.00490032	0.0560109	0.00336468	0.0123022	0.0732437	0.346708	0.0388935	0.02269	0.00247974	0.0481866
172	0.0320492	0.0278801	0.0830544	0.051876	0.0265316	0.136493	0.0732698	0.00143925	0.0506685	0.0318783	0.0148616	0.0835189	0.000712228	0.0277359	0.143191	0.0722794	0.01921	0.00758854	0.0434403	0.0723217
173	0.0571679	0.00584718	0.0900439	0.22186	0.00342137	0.035662	0.0230923	0.0063426	0.138187	0.0208852	0.0122344	0.0593035	0.00689806	0.0604336	0.10009	0.0767668	0.060761	0.010174	0.00335131	0.007477
174	0.00979257	0.00996941	0.00427516	0.00307027	0.129663	0.0010094	0.00653928	0.105404	0.00549052	0.552899	0.0478314	0.004471	0.0023999	0.00713654	0.00431596	0.0125468	0.00415999	0.0642886	0.00456727	0.0201706
175	0.0730826	0.0114399	0.0325963	0.055332	0.00553795	0.0407659	0.0171013	0.0108346	0.0276025	0.0497749	0.0147019	0.0279126	0.245493	0.0540876	0.0909262	0.151714	0.046981	0.0246535	0.00519462	0.0142674
176	0.0872735	0.0216091	0.0498721	0.0762333	0.00840166	0.0457447	0.0385189	0.0259417	0.029575	0.0502567	0.0273709	0.0671405	0.0957773	0.0530375	0.056489	0.115339	0.0597847	0.0691681	0.00100334	0.0214628
177	0.0390585	0.00518057	0.104565	0.350972	0.0159159	0.0691504	0.0148576	0.00766431	0.0687127	0.0251068	0.00865224	0.041696	0.0157489	0.0420344	0.056996	0.0760015	0.037908	0.00966972	0.00307114	0.00703885
178	0.0156506	0.00414246	0.000805334	0.00401855	0.0250446	0.00188781	0.000465707	0.423432	0.000634953	0.150891	0.0885724	0.00170345	0.000685804	0.00062736	0.00411981	0.00576184	0.0259339	0.242164	0.00303485	0.000423353
179	0.00804909	0.00406394	0.00198122	0.00121808	0.0404472	0.000531867	0.00316348	0.0785394	0.00321102	0.734519	0.0447221	0.00120343	0.00285674	0.00508825	0.00152493	0.0087039	0.0030615	0.054806	0.00124282	0.00106649
180	0.00947474	0.0186178	0.375002	0.0784481	0.001682	0.00244138	0.0157896	0.0029697	0.0467805	0.00386395	0.00177882	0.306464	0.00112409	0.00886807	0.0217686	0.0719399	0.0146342	0.0157368	0.000965799	0.00164961
181	0.00777537	0.00425506	0.00168792	0.00131757	0.0377105	0.000460637	0.00300408	0.0788047	0.00300235	0.73582	0.0438479	0.00104221	0.00328648	0.00553305	0.00135905	0.00957173	0.00272772	0.0564353	0.00127705	0.00108098
182	0.0866422	0.0905678	0.0172977	0.0309989	0.0295494	0.0356349	0.0325277	0.00532251	0.0418119	0.0469876	0.00450648	0.0481893	0.00390679	0.0102835	0.057798	0.346066	0.034118	0.0210231	0.00201148	0.0547563
183	0.0320492	0.0278801	0.0830544	0.051876	0.0265316	0.136493	0.0732698	0.00143925	0.0506685	0.0318783	0.0148616	0.0835189	0.000712228	0.0277359	0.143191	0.0722794	0.01921	0.00758854	0.0434403	0.0723217
184	0.0409704	0.0847795	0.0328484	0.0340214	0.0125197	0.0653454	0.030762	0.0134327	0.0218113	0.0355668	0.00919278	0.120237	0.01188	0.0242251	0.0504742	0.249446	0.112578	0.0186731	0.00747334	0.0237626
185	0.0692975	0.0507371	0.0614606	0.0978352	0.00559808	0.152968	0.0265124	0.00586679	0.0372285	0.00965379	0.00801622	0.114363	0.00244722	0.0460784	0.0978581	0.130156	0.0409866	0.027527	0.00238726	0.0130222
186	0.0100041	0.00622252	0.0033057	0.00132408	0.0816434	0.000785329	0.00525249	0.116476	0.0056621	0.610046	0.0578731	0.0027124	0.00262157	0.00695963	0.00314744	0.00987281	0.00459357	0.0683895	0.00104645	0.00206097
187	0.0328224	0.0272115	0.0802408	0.0545877	0.0241898	0.138968	0.0702332	0.00149367	0.0533398	0.0348496	0.0155365	0.0795623	0.000776247	0.0306542	0.144885	0.0698628	0.0185145	0.0101237	0.0432469	0.0689017
188	0.0540872	0.0073174	0.0726508	0.172645	0.00449962	0.0367253	0.0209865	0.00528217	0.181068	0.020247	0.0200275	0.0828742	0.00451471	0.0558288	0.110382	0.0755813	0.0544613	0.0126817	0.00230682	0.00583215
189	0.0107597	0.0100313	0.00307597	0.00234844	0.0703986	0.000828759	0.00336459	0.0650897	0.00364874	0.692376	0.0416666	0.00281222	0.00262487	0.00583364	0.00312757	0.0144397	0.00355466	0.0481633	0.0052414	0.0106145
190	0.0977562	0.00565655	0.015171	0.0175268	0.00354492	0.0582811	0.00822484	0.0600293	0.158508	0.0132816	0.0112575	0.0068796	0.00221135	0.00510856	0.150045	0.107339	0.199135	0.0750417	0.00185734	0.00314453
191	0.0359652	0.0126007	0.0282735	0.0880045	0.00646598	0.036354	0.0174082	0.00240108	0.274788	0.0150534	0.0312905	0.121455	0.000481827	0.0465036	0.160796	0.0659685	0.0444688	0.0092542	0.000534386	0.0019321
192	0.0088786	0.00438941	0.00202497	0.00153503	0.0439441	0.000578483	0.00342243	0.0945264	0.00339508	0.697488	0.0456729	0.00128163	0.00306299	0.00531265	0.00184107	0.00917906	0.00403615	0.0665678	0.00144223	0.00142124
