297	20
1	0.130389	0.000651404	0.0213283	0.0220831	0.00557195	0.0413707	0.0278203	0.00610287	0.139442	0.0167941	0.00287625	0.0314581	0.0279429	0.073091	0.144291	0.128328	0.140675	0.0336561	0.00225294	0.00387514
2	0.138625	0.00252936	0.0664383	0.0817401	0.00723918	0.130878	0.0176582	0.023914	0.0413861	0.0213523	0.00922673	0.0389925	0.0063987	0.043871	0.0224744	0.143936	0.114431	0.0673476	0.000852236	0.0207093
3	0.0225954	0.00556695	0.000500776	0.000727779	0.0505184	0.0074576	0.000772122	0.170991	0.000735817	0.519321	0.118455	0.00204157	0.000554045	0.00170202	0.000969942	0.0065806	0.0146196	0.0728681	0.00056397	0.00245852
4	0.12317	0.000595815	0.0241557	0.0310384	0.00127328	0.040074	0.0196483	0.00859186	0.112117	0.0244547	0.00375599	0.0472481	0.0201181	0.0883944	0.0608849	0.158972	0.18561	0.0434131	0.00307756	0.0034069
5	0.13182	0.000571608	0.0255125	0.0313179	0.000947981	0.0404181	0.0190117	0.00895082	0.0822706	0.0245711	0.00375374	0.0469574	0.0215759	0.0896911	0.0585243	0.165153	0.195285	0.0471993	0.00326572	0.00320182
6	0.0364104	0.00309964	0.00814809	0.00258213	0.00974945	0.0676158	0.0120503	0.0118945	0.241125	0.0282075	0.00868504	0.0195202	0.0810255	0.0104047	0.286108	0.0440207	0.0230479	0.0196515	0.0827844	0.00386906
7	0.0152053	0.0038889	0.00767236	0.0736914	0.0125944	0.00932053	0.306383	0.00661909	0.00487127	0.0256921	0.0292769	0.00588255	0.00278791	0.370778	0.0208909	0.0130105	0.0106466	0.0107824	0.0021855	0.0678204
8	0.0365157	0.00516967	0.000372002	0.000219736	0.0346617	0.00806918	0.000734583	0.305309	0.000259105	0.317352	0.0925686	0.000811234	0.000315822	0.00145341	0.000712612	0.00499894	0.0217451	0.165656	0.000220328	0.00285476
9	0.0903591	0.00132208	0.0296864	0.0158713	0.0316793	0.0149114	0.0181667	0.0915317	0.0198019	0.101153	0.102491	0.0367046	0.000909606	0.0819966	0.0597534	0.0759764	0.113367	0.0801159	0.0114387	0.0227632
10	0.0405083	0.00886678	0.00119769	0.0021902	0.0540921	0.0151649	0.00130895	0.136716	0.00138658	0.473194	0.135298	0.00382109	0.000954177	0.0031794	0.00193491	0.015082	0.0298345	0.0694281	0.001885	0.00395708
11	0.0319543	0.00555672	0.000477945	0.000305766	0.0380848	0.00769644	0.000792554	0.299553	0.000326967	0.337122	0.101987	0.0010176	0.00037287	0.00149254	0.000702458	0.00515743	0.0227759	0.141023	0.000268468	0.00333322
12	0.566307	0.000734393	0.000414419	0.000356647	0.00151843	0.0567517	0.000484449	0.00400027	0.000581941	0.00664061	0.000781463	0.00146547	0.000570022	0.000632765	0.000593115	0.320276	0.0257589	0.011343	0.000318521	0.000471455
13	0.0047462	0.00476185	0.000478639	0.000509149	0.0528639	0.00181279	0.000641207	0.0930578	0.00064742	0.679358	0.125358	0.00122009	0.00057202	0.000798548	0.000763323	0.00236124	0.00513691	0.023325	0.000471875	0.00111615
14	0.063489	0.00999754	0.001213	0.000364778	0.00121755	0.8482	0.000457075	0.00367559	0.0027377	0.00129362	0.000828799	0.000635987	0.000433737	0.00132573	0.00610255	0.0513516	0.00423059	0.00166024	0.000346457	0.000438158
15	0.0630914	0.0100278	0.00196603	0.00087281	0.00233678	0.812751	0.00125242	0.0042884	0.00319203	0.00225996	0.00149481	0.00285614	0.000702592	0.00196084	0.00606189	0.069352	0.0112266	0.00281795	0.000514928	0.000973902
16	0.299592	0.0198339	0.000741022	0.000433645	0.00675313	0.0371943	0.00183534	0.112164	0.000539573	0.0351184	0.0163492	0.00408449	0.00642827	0.00211165	0.00213493	0.111951	0.158646	0.177732	0.000394671	0.00596308
17	0.0246707	0.00655206	0.000436181	0.000253616	0.0199077	0.00601229	0.000473428	0.431846	0.00034865	0.122732	0.0252581	0.00329316	0.000433831	0.00212656	0.000746926	0.00797585	0.0264064	0.318853	0.000466972	0.00120694
18	0.0628063	0.00976844	0.00198163	0.000859334	0.00132207	0.837056	0.00193633	0.00395518	0.00332521	0.00160237	0.00117973	0.0023415	0.000463749	0.00190184	0.00666598	0.055271	0.00462312	0.00195261	0.000369511	0.000617934
19	0.302215	0.0207879	0.00283012	0.00487868	0.00633892	0.0589226	0.00360174	0.0277574	0.00538331	0.0191785	0.0129708	0.0092476	0.00550874	0.0061812	0.00442624	0.196537	0.243765	0.0656012	0.00113997	0.00272794
20	0.0644746	0.0140219	0.00118594	0.000686885	0.00161773	0.82809	0.000925327	0.00610709	0.00295686	0.00251402	0.0017371	0.00108428	0.000521562	0.00175384	0.00603994	0.0557453	0.00626086	0.00307132	0.000443976	0.000761163
21	0.0493283	0.0113473	0.00258155	0.00086239	0.317265	0.0129848	0.00380481	0.103882	0.00113081	0.203337	0.0288383	0.00418272	0.00128669	0.00110849	0.00254228	0.0125318	0.0214082	0.0686871	0.0259754	0.126914
22	0.0104436	0.00938674	0.00682697	0.000593293	0.584637	0.00538739	0.00983493	0.0151206	0.000756745	0.0321715	0.00874032	0.00407801	0.000658932	0.000841701	0.00339968	0.0149987	0.00601285	0.0139921	0.00694087	0.265178
23	0.0766969	0.00809603	0.000352936	0.000384225	0.102572	0.0118368	0.000648815	0.20295	0.000370349	0.31694	0.0602574	0.00505421	0.000903347	0.00241906	0.00162115	0.0120391	0.0355655	0.148133	0.00497738	0.00818252
24	0.138606	0.0173551	0.0168101	0.0262841	0.0146937	0.164739	0.00939173	0.0161973	0.0203801	0.0226765	0.0139913	0.0694873	0.00719608	0.0253815	0.0155225	0.174521	0.19678	0.038061	0.00384353	0.00808241
25	0.0569228	0.00635894	0.00291121	0.0042902	0.0120926	0.050359	0.00503283	0.0428461	0.00370018	0.0730339	0.0147687	0.00729835	0.00334613	0.00465121	0.00474705	0.289536	0.357707	0.0537272	0.00248074	0.00418956
26	0.110921	0.00861094	0.0028764	0.00119343	0.00184647	0.763673	0.0007611	0.00395598	0.0048367	0.00244688	0.00157893	0.00184221	0.00129285	0.00299204	0.0055747	0.0722403	0.00725995	0.00454004	0.000741791	0.000815783
27	0.134578	0.00368766	0.0616974	0.0892676	0.0120497	0.0925262	0.0259359	0.0406646	0.0289572	0.0320081	0.0151613	0.0361014	0.00680011	0.0430547	0.00785714	0.129554	0.10673	0.104774	0.000333269	0.0282622
28	0.125759	0.00668985	0.000529699	0.000319233	0.0293875	0.020973	0.000376321	0.2397	0.000462986	0.118778	0.0269741	0.0186497	0.0088539	0.00134831	0.00055253	0.0751748	0.106228	0.217474	0.000711022	0.00105824
29	0.00730574	0.00530648	0.000230109	0.000221799	0.0157873	0.00555351	0.000278473	0.476321	0.000274407	0.116186	0.0162057	0.00335306	0.000197466	0.00189822	0.000343822	0.00351919	0.0161207	0.330154	0.000178832	0.000563029
30	0.254084	0.00155374	0.0341681	0.0312427	0.00350917	0.0333918	0.0771525	0.00317917	0.0530614	0.0208498	0.00262799	0.148937	0.00112471	0.108951	0.0228221	0.189518	0.0055468	0.005119	0.00110391	0.00205749
31	0.137234	0.000906712	0.0294057	0.0398982	0.00180317	0.0443851	0.0182728	0.0111575	0.0752867	0.0249621	0.00457884	0.0449881	0.0189416	0.0896114	0.050657	0.162515	0.185005	0.0523529	0.00289254	0.00514497
32	0.469647	0.0207774	0.00199667	0.000406147	0.0036298	0.0597694	0.00202798	0.0401955	0.000517938	0.0160318	0.0142768	0.000709556	0.00376194	0.000629526	0.000891661	0.120578	0.13767	0.104348	0.000278311	0.00185684
33	0.0596892	0.00960278	0.00201829	0.000403475	0.00127285	0.843198	0.00226035	0.00361701	0.00446243	0.00147966	0.000877819	0.00542109	0.000436421	0.00153621	0.00783314	0.0490564	0.00420113	0.00176241	0.000384845	0.000486178
34	0.205695	0.00350793	0.0121255	0.00800115	0.0115549	0.0348207	0.0120113	0.0085287	0.0130874	0.0168295	0.0059249	0.011903	0.482046	0.0111434	0.0341663	0.039711	0.0570485	0.0251615	0.00301908	0.00371501
35	0.508954	0.00128872	0.00198196	0.000416479	0.00184686	0.162652	0.000542719	0.0040443	0.00118443	0.00574969	0.00156035	0.00177578	0.00131755	0.00246788	0.000857942	0.269467	0.0207887	0.0118277	0.000611509	0.000663952
36	0.349779	0.022919	0.000941915	0.000482497	0.0026769	0.0420334	0.00228571	0.0731978	0.000558889	0.0193696	0.014289	0.0010173	0.00607441	0.00224989	0.0023882	0.127927	0.166575	0.157818	0.000340006	0.00707646
37	0.0133854	0.00560558	0.000251878	0.000192566	0.0209911	0.00680281	0.000359298	0.439257	0.000226736	0.145286	0.0217343	0.00269028	0.000217094	0.00178852	0.000418709	0.0036572	0.0182104	0.317962	0.000160757	0.000802709
38	0.049439	0.00759036	0.000328391	9.22308e-05	0.0476871	0.0133007	0.000897177	0.309795	0.000127228	0.291889	0.051533	0.000419907	0.000291762	0.00125524	0.000956035	0.0058035	0.0292984	0.187211	0.000137185	0.0019483
39	0.558665	0.00137882	0.00049459	0.000348171	0.00159342	0.0561873	0.000477714	0.00396755	0.000575751	0.00673937	0.000803566	0.00188605	0.000611214	0.000631264	0.000593762	0.325365	0.0277025	0.0111691	0.000322239	0.000487312
40	0.0128472	0.015723	0.00677182	0.000595827	0.580759	0.00583039	0.00835158	0.0109847	0.000706395	0.0202124	0.00725888	0.00378221	0.000628181	0.00104913	0.0054216	0.0138853	0.00493634	0.0143636	0.00419697	0.281695
41	0.133351	0.0166589	0.000267359	0.000263034	0.0516744	0.085889	0.000502408	0.173363	0.000371678	0.279193	0.0762266	0.000712859	0.000295112	0.00135143	0.000517848	0.0464932	0.0420351	0.0853939	0.00147998	0.00395978
42	0.0500063	0.00762749	0.000327754	9.57666e-05	0.0476243	0.0135196	0.000894891	0.309153	0.000126059	0.291299	0.0513559	0.00041805	0.000293489	0.00124605	0.000955579	0.00588751	0.0292375	0.18777	0.000196241	0.0019652
43	0.424724	0.0304041	0.000958968	0.000607488	0.00350631	0.0777745	0.0016293	0.0496553	0.000348944	0.0185001	0.0149659	0.000659417	0.0037467	0.000518965	0.000558878	0.13748	0.120678	0.110646	0.000440854	0.00219598
44	0.0633955	0.010007	0.00123437	0.00036423	0.00121763	0.848236	0.000457268	0.00369655	0.00274256	0.00129666	0.000820916	0.000645173	0.000421889	0.00132577	0.00610687	0.051326	0.00425321	0.00166105	0.00034648	0.000444991
45	0.112031	0.010789	0.000249502	0.000242709	0.151391	0.0149716	0.000503123	0.176156	0.000345227	0.296988	0.0372351	0.00276129	0.00086465	0.000530851	0.00188674	0.0110565	0.0453802	0.120515	0.00715191	0.0089508
46	0.0356374	0.00482109	0.000379442	0.000229998	0.0347792	0.00788269	0.000779747	0.294303	0.000280333	0.325582	0.0952835	0.00100836	0.000336312	0.00197585	0.00072618	0.00484705	0.0212101	0.166358	0.000236903	0.00334275
47	0.110107	0.0176509	0.00168435	0.000369994	0.00842613	0.00494291	0.00057402	0.265071	0.000506366	0.0654687	0.0580654	0.00174769	0.000698545	0.00370527	0.000586417	0.0227681	0.081339	0.354831	0.000648815	0.000809012
48	0.0458813	0.000885618	0.000551639	0.000596379	0.140018	0.0301887	0.00260689	0.148576	0.00078509	0.150263	0.024829	0.0059249	0.00217141	0.00088598	0.00278811	0.0130239	0.0301954	0.127407	0.0993061	0.173115
49	0.116532	0.0335157	0.000897047	0.00339986	0.0783408	0.0459171	0.000740924	0.118706	0.000830324	0.310998	0.102615	0.00852971	0.000713342	0.00650323	0.00132767	0.0541156	0.0399737	0.0653255	0.00368313	0.00733556
50	0.0273543	0.00775178	0.000688312	0.000242963	0.0142016	0.00474377	0.000305359	0.421343	0.000324542	0.101752	0.0287437	0.00290783	0.000347951	0.00239979	0.00033989	0.00801789	0.0362106	0.341575	0.000213422	0.00053666
51	0.0985604	0.0144212	0.0121072	0.0103223	0.0341864	0.0371808	0.00987705	0.0927539	0.0103893	0.110881	0.202298	0.0209568	0.00540317	0.0221537	0.0186083	0.0678461	0.121936	0.0896901	0.00752342	0.0129051
52	0.0820331	0.00139631	0.0217115	0.0114166	0.0346584	0.0118051	0.0184424	0.0891674	0.0158465	0.0993619	0.115825	0.035937	0.00346452	0.0830018	0.0801069	0.0552406	0.0937046	0.0988639	0.0208835	0.0271327
53	0.195873	0.0513992	0.00511927	0.00691296	0.010342	0.0389037	0.00301035	0.00862625	0.00267268	0.0126675	0.0424393	0.0219487	0.00483641	0.0235819	0.00325232	0.45533	0.0932111	0.0140449	0.00272684	0.00310223
54	0.0125097	0.00460714	0.000428253	0.000477524	0.0558086	0.00300818	0.000632326	0.106951	0.00058049	0.620548	0.119299	0.00158799	0.000578319	0.00172051	0.00102122	0.00368576	0.0089467	0.0543941	0.000819858	0.00239471
55	0.226909	0.00630339	0.00786949	0.00179366	0.00270068	0.625966	0.0012381	0.00534302	0.00337011	0.00364692	0.00424218	0.00178672	0.00479507	0.00506569	0.00484748	0.0778308	0.00654373	0.00775464	0.000946311	0.00104698
56	0.0194938	0.00188051	0.0158365	0.8083	0.0117739	0.0110674	0.00642432	0.00430501	0.0155415	0.00620454	0.00394685	0.00556422	0.00186866	0.0332093	0.0110839	0.0144267	0.00782731	0.0164212	0.00122168	0.00360258
57	0.00503325	0.00448867	0.000620564	0.000728986	0.0528735	0.0023249	0.000876758	0.0625371	0.000845636	0.683754	0.151702	0.00157681	0.000650318	0.001066	0.00099463	0.00326112	0.00659115	0.0182889	0.000545404	0.00124097
58	0.569429	0.00368179	0.000908386	0.000349253	0.00205628	0.056758	0.000711099	0.0097879	0.000540854	0.00858577	0.00254356	0.0012327	0.000854762	0.00055175	0.000562282	0.274007	0.0383119	0.0282515	0.000320602	0.000555589
59	0.220661	0.0222923	0.00115186	0.000610391	0.0059695	0.0177221	0.00157166	0.152946	0.000668741	0.0398859	0.0289074	0.00262328	0.00479365	0.00324976	0.00207208	0.0859593	0.149607	0.253318	0.000377983	0.00561213
60	0.0629802	0.00162841	0.0537688	0.0320179	0.0335093	0.012554	0.0386374	0.0832707	0.0297016	0.0889722	0.11247	0.0424098	0.000905014	0.0802129	0.0600464	0.0686237	0.0804186	0.0742315	0.00835454	0.0352873
61	0.0539074	0.00119962	0.00181792	0.00174379	0.0134959	0.00333282	0.0126209	0.00189678	0.00138791	0.0131716	0.00169388	0.0106443	0.812398	0.00625287	0.00539655	0.0230737	0.0199406	0.0133275	0.00157704	0.00112065
62	0.135	0.0037181	0.0619503	0.0891863	0.0108502	0.0930465	0.0258359	0.0417339	0.0279525	0.0314141	0.0154172	0.0363436	0.00696367	0.0441119	0.00790249	0.129253	0.108066	0.102841	0.000324337	0.028088
63	0.134773	0.000825573	0.0237873	0.0289487	0.00143047	0.041233	0.0177978	0.00995357	0.0809033	0.0265599	0.00381685	0.0431562	0.022492	0.0835463	0.0584265	0.174898	0.190562	0.0498186	0.00343793	0.00363266
64	0.0634949	0.00993399	0.0016091	0.000544604	0.002157	0.82454	0.00156245	0.00430119	0.00372407	0.00263349	0.00144125	0.0026535	0.000761533	0.00174198	0.0100141	0.0581398	0.0060346	0.00295883	0.000804891	0.000948789
65	0.254609	0.034058	0.00440589	0.000883911	0.00511418	0.0350937	0.000792637	0.00407899	0.000898992	0.00272175	0.00433343	0.021109	0.004409	0.00355533	0.00102904	0.527187	0.088292	0.00563195	0.000790667	0.00100585
66	0.0793961	0.0089859	0.00244866	0.000781174	0.25392	0.0186105	0.00286291	0.139886	0.000753995	0.220956	0.0356405	0.00385698	0.00124271	0.00203827	0.00294111	0.0173176	0.0334609	0.0948759	0.0152056	0.0648189
67	0.136889	0.00354022	0.0599225	0.0869104	0.010238	0.0920092	0.02567	0.040168	0.0293681	0.0301718	0.0147864	0.0363546	0.00734997	0.0451478	0.00934541	0.134584	0.108902	0.100695	0.00041693	0.0275311
68	0.135115	0.00369476	0.0619231	0.0892217	0.0108621	0.0931168	0.0258472	0.0417127	0.027988	0.0313976	0.0154188	0.0363132	0.00697551	0.0440071	0.00785271	0.129272	0.10804	0.102792	0.000324337	0.0281252
69	0.0304782	0.00731464	0.00393043	0.0276401	0.0785931	0.0164233	0.304962	0.0119607	0.00965109	0.0289576	0.0183885	0.0204424	0.0065603	0.0770654	0.0154564	0.0176049	0.0186525	0.0166209	0.02767	0.261628
70	0.452876	0.0255214	0.00122427	0.000281597	0.00277706	0.0695167	0.00173296	0.0471889	0.000357774	0.0166476	0.0143237	0.000596947	0.00355403	0.000417428	0.000567496	0.132255	0.120662	0.107191	0.000228276	0.00207944
71	0.0556625	0.00485545	0.0449243	0.0416144	0.0127585	0.199232	0.109371	0.0105948	0.0107511	0.0155808	0.00772714	0.0587155	0.00542359	0.0176759	0.00970561	0.354662	0.015723	0.0159969	0.00333774	0.00568737
72	0.0445616	0.00196984	0.0627029	0.0838437	0.00484074	0.0554426	0.0750412	0.0048224	0.00281601	0.00837186	0.00434079	0.049962	0.413907	0.0212479	0.092388	0.0538019	0.00783248	0.00759579	0.00164455	0.00286636
73	0.230641	0.018757	0.00167409	0.00150775	0.0329398	0.0707441	0.00140511	0.0525267	0.0340405	0.0884252	0.0104552	0.0279046	0.00207699	0.00580066	0.0318868	0.168144	0.0818154	0.0809802	0.0425053	0.0157693
74	0.117614	0.0103701	0.000232858	0.000261607	0.129308	0.027099	0.000808048	0.157185	0.000350526	0.244279	0.0346182	0.00369358	0.00130453	0.000692456	0.00223393	0.0187364	0.0429297	0.156307	0.0269804	0.0249954
75	0.0786817	0.00939488	0.00336365	0.00175607	0.00203224	0.792461	0.00119344	0.00472661	0.00776061	0.00313038	0.00154595	0.00304027	0.00143669	0.00261329	0.0130319	0.0590904	0.00881889	0.00372856	0.00104473	0.00114827
76	0.0175003	0.0187439	0.00636012	0.000668389	0.551916	0.00823659	0.00885814	0.0102922	0.000756258	0.0190871	0.00729602	0.00419015	0.000893251	0.00137534	0.00809387	0.0134246	0.00499808	0.0186344	0.0059165	0.292758
77	0.166143	0.00602916	0.00181525	0.00197528	0.0230982	0.0478634	0.00298635	0.0436304	0.00293223	0.0752576	0.066167	0.003884	0.00253468	0.00283556	0.00289817	0.0901118	0.361306	0.093484	0.00161247	0.00343603
78	0.09647	0.012721	0.00201999	0.000352253	0.0175866	0.00614922	0.000545917	0.266961	0.000478139	0.0834193	0.0549252	0.00586085	0.00259764	0.00518942	0.00101103	0.0379238	0.094425	0.310253	0.000382224	0.000728664
79	0.202034	0.0253252	0.00721501	0.0100076	0.0576764	0.209144	0.00519261	0.0407783	0.00718553	0.052097	0.0283761	0.0187296	0.00435049	0.0116683	0.00620719	0.136828	0.101239	0.0545981	0.00869798	0.0126497
80	0.062656	0.00586344	0.00342295	0.00421121	0.0944502	0.0419589	0.00721861	0.10709	0.00731411	0.120418	0.018293	0.0130474	0.00961162	0.00690743	0.012365	0.0302946	0.0357964	0.104299	0.232111	0.082671
81	0.0670332	0.0203461	0.0085622	0.0120716	0.0530927	0.0108848	0.0065371	0.103392	0.00665648	0.239723	0.143687	0.0473414	0.00130109	0.0385191	0.016526	0.0728138	0.0455587	0.0865759	0.00445874	0.0149185
82	0.0294665	0.0151975	0.00280329	0.00123586	0.205541	0.019027	0.0551413	0.0115923	0.00152363	0.0303623	0.0169341	0.0203118	0.00724765	0.0015669	0.0155116	0.0135845	0.0106212	0.0154008	0.0867846	0.440146
83	0.0928021	0.0112472	0.00396231	0.00335506	0.095638	0.0464529	0.00741564	0.0703748	0.0103799	0.159506	0.0200898	0.0132007	0.0133214	0.00733617	0.012739	0.0322833	0.0347513	0.0884712	0.205949	0.0707243
84	0.0631885	0.00318035	0.000399208	0.000408162	0.163081	0.027937	0.00228393	0.119877	0.000497598	0.200337	0.0273191	0.00647673	0.00234883	0.000562942	0.00297693	0.0114061	0.0338675	0.138946	0.0906321	0.104274
85	0.0948594	0.0421653	0.00732181	0.0333799	0.0444349	0.0777846	0.0058912	0.0160445	0.00552519	0.0661717	0.0464576	0.2157	0.00305444	0.0366014	0.00529689	0.153518	0.113272	0.0232022	0.00327578	0.00604357
86	0.0451854	0.000818106	0.00041488	0.0004395	0.145538	0.0438548	0.00388393	0.097454	0.000571435	0.162612	0.0144558	0.00777472	0.00334889	0.000671358	0.00392489	0.0104945	0.0326968	0.151611	0.146166	0.128084
87	0.115003	0.01853	0.00151459	0.000395824	0.0111539	0.00823158	0.000551013	0.256398	0.000474641	0.0727715	0.0508226	0.00308678	0.0014208	0.00341271	0.000590739	0.0292053	0.0840076	0.340647	0.000875149	0.000906643
88	0.118112	0.00664826	0.000521389	0.000309548	0.042181	0.0184113	0.000398507	0.239909	0.000444031	0.12982	0.0291021	0.016837	0.00689765	0.00162575	0.000584807	0.0664287	0.0991513	0.219399	0.00145636	0.00176213
89	0.33875	0.0262425	0.00105524	0.000790547	0.00552039	0.0425543	0.0022699	0.0741365	0.000933506	0.0242132	0.0143947	0.00171298	0.00600372	0.00312367	0.00303595	0.129323	0.158709	0.156066	0.00136665	0.00979759
90	0.04957	0.00784751	0.000327798	9.34895e-05	0.0459076	0.013675	0.000853683	0.312335	0.000131979	0.284209	0.0505561	0.000491303	0.000268123	0.00128582	0.000901827	0.00607103	0.029243	0.193956	0.000266219	0.00201008
91	0.397104	0.00355532	0.0214031	0.00658682	0.00800373	0.348206	0.00575567	0.00818071	0.00619981	0.00888015	0.0263959	0.0059476	0.0554061	0.00729849	0.00792852	0.046732	0.0120591	0.0173912	0.00279203	0.00417282
92	0.143933	0.0136679	0.000466324	0.000292712	0.0391038	0.0444035	0.000357256	0.19627	0.000930074	0.15042	0.0396835	0.011639	0.00488004	0.00238467	0.000673616	0.0813747	0.0810363	0.181986	0.00348442	0.00301288
93	0.0616193	0.00160147	0.104364	0.416816	0.0121813	0.0308061	0.0190881	0.00619777	0.0415729	0.0128422	0.0230247	0.0299456	0.00367923	0.104631	0.0116153	0.052765	0.0267038	0.0191661	0.00112712	0.0202524
94	0.128432	0.0201095	0.000319424	0.000515854	0.125663	0.0358234	0.00037903	0.141801	0.00039225	0.280566	0.0590642	0.00313127	0.000794342	0.00243772	0.00177347	0.0340715	0.0439306	0.098089	0.0103406	0.0123661
95	0.118488	0.0061719	0.000572116	0.000327845	0.0299307	0.0184609	0.000459721	0.246041	0.00053841	0.117101	0.0266586	0.0191932	0.00788002	0.00150973	0.000500619	0.0723999	0.109453	0.222596	0.000722873	0.000993347
96	0.438265	0.0272904	0.00109193	0.000353865	0.00281176	0.0732514	0.00171717	0.050941	0.000372483	0.018424	0.0148053	0.000706615	0.00368995	0.000396231	0.000578022	0.132478	0.120172	0.110324	0.000229319	0.00210085
97	0.4338	0.0300575	0.00100425	0.000267899	0.00249686	0.0768463	0.00158298	0.0492763	0.000327694	0.0176821	0.0139023	0.000586191	0.00383089	0.00042303	0.000524645	0.13712	0.114799	0.113168	0.000225536	0.0020782
98	0.251256	0.0051922	0.0118031	0.00222013	0.0027805	0.573574	0.00182415	0.00335721	0.00345745	0.0033576	0.00629377	0.00353686	0.00716082	0.0109734	0.00385406	0.0910428	0.00540145	0.00928371	0.00218155	0.0014495
99	0.0934202	0.00123405	0.033992	0.0210709	0.0298046	0.0260402	0.0199783	0.103045	0.0240436	0.0952998	0.0948089	0.0353398	0.00171585	0.076929	0.0513457	0.0734377	0.110049	0.0756663	0.00971844	0.0230609
100	0.0456029	0.0115896	0.000846394	0.000198232	0.0515514	0.0118428	0.000880378	0.316302	0.00025222	0.282923	0.0608338	0.00081453	0.000444357	0.00204704	0.00104715	0.00685303	0.0347727	0.165799	0.000856646	0.00454293
101	0.0752575	0.0129182	0.00129397	0.000216608	0.0227736	0.00656136	0.000637827	0.295357	0.000319531	0.158112	0.0637518	0.000927009	0.000519305	0.00300737	0.0006434	0.0141286	0.0597809	0.282348	0.000275668	0.00116997
102	0.145761	0.122384	0.00308608	0.00277567	0.265987	0.0181159	0.00411769	0.134894	0.00421236	0.0797437	0.0151907	0.00670142	0.00262176	0.00534266	0.00450854	0.0486255	0.021556	0.0750428	0.00490242	0.0344309
103	0.122048	0.0147854	0.000320102	0.000215848	0.0463293	0.0759129	0.000533513	0.194466	0.000354689	0.262659	0.0706314	0.00192814	0.000935223	0.00118575	0.000471354	0.0452531	0.0485553	0.109313	0.000913201	0.00319014
104	0.16991	0.0166162	0.000223102	0.000257226	0.0460153	0.0748479	0.000288407	0.178473	0.000243673	0.164498	0.0115866	0.000424569	0.000577053	0.000314408	0.000301278	0.0217768	0.0298529	0.272349	0.00740207	0.00404177
105	0.0494205	0.00755874	0.00032634	9.39904e-05	0.0480446	0.0132009	0.000890699	0.309	0.000132749	0.292193	0.0516868	0.000438263	0.000294701	0.00126829	0.000944203	0.00586541	0.0292855	0.187201	0.000154194	0.00199988
106	0.0333902	0.00465949	0.000453778	0.000287107	0.0396709	0.00738044	0.000786492	0.273423	0.000434821	0.327601	0.0962865	0.00188314	0.000429126	0.00415079	0.000780362	0.00583433	0.022888	0.173379	0.000430711	0.00585088
107	0.0948793	0.00520991	0.00422711	0.0040921	0.0631322	0.0436779	0.00514838	0.0148396	0.0360277	0.230899	0.00883049	0.0376494	0.0034678	0.00656724	0.007787	0.0802271	0.197886	0.0721687	0.00633862	0.0769441
108	0.140859	0.0163486	0.000294266	0.000272126	0.0498284	0.0975554	0.000456409	0.157793	0.000399029	0.276137	0.0795032	0.000744066	0.00029894	0.00150321	0.000453487	0.0520692	0.0426747	0.0770073	0.00152157	0.00428184
109	0.117922	0.00626079	0.000516525	0.000314908	0.0314917	0.0185894	0.000391532	0.245896	0.000485669	0.120096	0.0276016	0.0178898	0.0076823	0.0015736	0.000458912	0.0747379	0.104798	0.221515	0.000755594	0.00102367
110	0.0667284	0.00664945	0.0775624	0.0452174	0.0225607	0.0426465	0.0491608	0.0206844	0.0351531	0.0285214	0.0185024	0.371267	0.00658388	0.0278941	0.014594	0.0603549	0.0590989	0.0277125	0.00579152	0.0133163
111	0.106448	0.010211	0.000247314	0.000268103	0.155443	0.0128953	0.000398056	0.160194	0.000323576	0.302388	0.0446039	0.00361506	0.00108428	0.000810373	0.00229937	0.0125659	0.0447605	0.118953	0.00993359	0.0125571
112	0.116323	0.0126022	0.00022979	0.000271101	0.161088	0.0146246	0.000377618	0.153578	0.000352359	0.290539	0.0423912	0.00340104	0.00102875	0.000602118	0.00259183	0.0157638	0.0478045	0.112468	0.0106181	0.0133448
113	0.141143	0.000578117	0.0260832	0.0266436	0.00310699	0.0437945	0.0243953	0.00723663	0.104848	0.0201181	0.00323635	0.0403954	0.0226443	0.0790744	0.0939409	0.152092	0.164675	0.0383414	0.00260168	0.00505034
114	0.288769	0.0153292	0.00154958	0.00128067	0.00414041	0.0262329	0.00303707	0.0478176	0.00217326	0.0161457	0.0104703	0.00238525	0.0147792	0.00254886	0.00350372	0.103823	0.192797	0.255902	0.00101816	0.00629774
115	0.0447977	0.00192099	0.0348936	0.0014094	0.00354131	0.140759	0.00238825	0.00357997	0.368188	0.00517318	0.00293177	0.00310795	0.00173659	0.00220934	0.293262	0.0748779	0.00521379	0.00493418	0.00305023	0.0020245
116	0.18536	0.00843834	0.00146257	0.00145775	0.0295409	0.078035	0.00183684	0.0591009	0.0458218	0.102699	0.00360928	0.0495901	0.00200932	0.00328904	0.0288525	0.17159	0.0732626	0.0944648	0.0487851	0.0107947
117	0.00746897	0.00900846	0.00700223	0.000518561	0.605124	0.0037251	0.00932293	0.0115323	0.000582765	0.0224629	0.00812674	0.00389181	0.000411425	0.000823194	0.00330435	0.014745	0.00476714	0.0105491	0.00381476	0.272818
118	0.0631598	0.0100034	0.00120179	0.000364815	0.00121782	0.848559	0.000457276	0.00367619	0.0027385	0.0012927	0.000820918	0.000635739	0.000421881	0.00132041	0.00610485	0.0513583	0.00423237	0.00165014	0.000346951	0.00043755
119	0.0236142	0.00224732	0.0123486	0.741572	0.0229813	0.0111564	0.00490476	0.00616819	0.0350921	0.00926163	0.00597019	0.00749995	0.00376802	0.0241143	0.0271755	0.0178259	0.0118392	0.0267502	0.00168935	0.00402068
120	0.304221	0.0422173	0.000852208	0.000318091	0.0462907	0.0718232	0.00108471	0.070364	0.000956741	0.0713954	0.0403193	0.00182357	0.00223221	0.00630867	0.00165332	0.123382	0.103687	0.0966448	0.00721681	0.007209
121	0.0101006	0.00179312	0.0103329	0.855276	0.0125036	0.00878925	0.00241276	0.00413909	0.0117952	0.00559077	0.00290869	0.00303227	0.00148826	0.0225221	0.0115731	0.0108277	0.00612317	0.0154681	0.00118309	0.00214067
122	0.00721733	0.00842027	0.00956482	0.00058152	0.574136	0.00382819	0.012387	0.00952854	0.000766767	0.020542	0.00724454	0.0049378	0.000451339	0.000901238	0.00327304	0.0207968	0.00574298	0.00944782	0.0037902	0.296442
123	0.0461705	0.00087068	0.000404053	0.000460773	0.147049	0.0419434	0.00383533	0.0971647	0.000595374	0.16143	0.0151042	0.00802775	0.00332352	0.00074327	0.00391265	0.0106124	0.0329319	0.149902	0.147684	0.127834
124	0.00671414	0.00479716	0.000573399	0.000591928	0.0644867	0.00188014	0.000751525	0.0626725	0.000753148	0.697239	0.129416	0.00111868	0.000615297	0.000907879	0.000958955	0.00268554	0.00544803	0.0167219	0.000462668	0.00120572
125	0.567285	0.000634077	0.000397744	0.000371345	0.00150269	0.0565233	0.000492956	0.00397989	0.000578174	0.00663286	0.00075996	0.00140056	0.000542341	0.000624389	0.000592138	0.319925	0.025561	0.0113735	0.000323726	0.000499618
126	0.140859	0.0163486	0.000294266	0.000272126	0.0498284	0.0975554	0.000456409	0.157793	0.000399029	0.276137	0.0795032	0.000744066	0.00029894	0.00150321	0.000453487	0.0520692	0.0426747	0.0770073	0.00152157	0.00428184
127	0.00786405	0.00568557	0.000230814	0.000212235	0.0152121	0.00561906	0.000270226	0.47058	0.000265957	0.113599	0.0170512	0.0032296	0.000189942	0.00174336	0.000331504	0.00344538	0.0169079	0.33687	0.000167648	0.000524502
128	0.0457782	0.00340087	0.0109929	0.0161321	0.0128298	0.0279406	0.0475232	0.0153701	0.297283	0.0296677	0.015064	0.089845	0.0120825	0.0259652	0.220485	0.0424233	0.0468305	0.024769	0.00719162	0.00842562
129	0.013422	0.00567591	0.000425247	0.000316314	0.0165871	0.00612583	0.000443101	0.460903	0.000313573	0.116875	0.0194491	0.00342316	0.0004324	0.00218012	0.000696926	0.00505899	0.0199137	0.326164	0.000206358	0.00138764
130	0.161245	0.0133268	0.000284508	0.000253209	0.042276	0.0591636	0.000280428	0.193896	0.000282175	0.154612	0.0143754	0.00322556	0.00156834	0.000390363	0.000302709	0.0310256	0.0449143	0.26719	0.00704408	0.00434411
131	0.391835	0.0207908	0.00121783	0.000577746	0.00329485	0.0546292	0.00506429	0.0507413	0.000617491	0.0171285	0.0128679	0.00132482	0.00480777	0.00111262	0.00141135	0.128343	0.175121	0.124925	0.00042593	0.00376389
132	0.0073455	0.00522708	0.000230239	0.000233045	0.0157086	0.00544397	0.000300432	0.478409	0.000282405	0.114916	0.0163353	0.00355704	0.000205576	0.0018855	0.000352352	0.00363974	0.0161438	0.329053	0.000182922	0.000549321
133	0.0115387	0.0057475	0.000245533	0.00020454	0.0193741	0.00676447	0.000315532	0.448001	0.000224378	0.134376	0.0197357	0.0028391	0.000195839	0.00173398	0.000399442	0.00353753	0.0178432	0.326105	0.000147635	0.000670618
134	0.170392	0.0168716	0.000221818	0.000251819	0.0463088	0.0761765	0.000293297	0.177559	0.000317718	0.164056	0.0114532	0.000437102	0.000579776	0.00031603	0.000311928	0.021725	0.0294232	0.272171	0.00716491	0.00396977
135	0.136182	0.0106166	0.00209207	0.00187411	0.240473	0.0216478	0.00259838	0.0925371	0.00235978	0.253563	0.0584129	0.00544967	0.00222591	0.00431566	0.00387732	0.0233658	0.0427442	0.073014	0.00803331	0.0146177
136	0.0427911	0.0103048	0.000550906	0.000188231	0.0421919	0.0122319	0.000849015	0.325863	0.000219908	0.281059	0.0539887	0.000916095	0.000275314	0.00176473	0.000903969	0.0076987	0.0286362	0.186881	0.000230029	0.00245578
137	0.168304	0.0174013	0.000237361	0.000264505	0.0479273	0.0787275	0.000298197	0.178158	0.000241213	0.163722	0.0111998	0.000424477	0.000607619	0.000332683	0.000317461	0.0215995	0.0291892	0.270288	0.00692863	0.00383106
138	0.0366109	0.00746936	0.000333167	0.000110313	0.0376682	0.0104321	0.000625708	0.357263	0.000143053	0.238363	0.0413476	0.00113515	0.000214821	0.00181296	0.000741549	0.00513739	0.0260658	0.232699	0.000142134	0.00168505
139	0.32931	0.0070262	0.00763276	0.00218682	0.00264102	0.431951	0.00145448	0.00701876	0.00315213	0.00476005	0.00443589	0.00247389	0.0043295	0.00457041	0.00377162	0.143443	0.0203038	0.0176345	0.000895798	0.00100864
140	0.14931	0.0250775	0.000403851	0.000507652	0.0706712	0.13027	0.000611767	0.155355	0.000550652	0.162367	0.00836565	0.00078622	0.00242912	0.000616458	0.000712656	0.0232207	0.031958	0.230571	0.0037983	0.00241744
141	0.0497726	0.00153685	0.000431507	0.000487511	0.150603	0.0406408	0.00355529	0.100576	0.00058094	0.179167	0.0163123	0.00721473	0.0045656	0.000699198	0.00373487	0.0100883	0.0334149	0.147903	0.137798	0.110916
142	0.180504	0.00210971	0.00136607	0.00186924	0.360443	0.00800597	0.00191062	0.0266908	0.00180018	0.272036	0.0400157	0.00273329	0.00132637	0.00202587	0.00230055	0.0132441	0.0445895	0.0333299	0.00149476	0.00220421
143	0.121115	0.00443955	0.00402417	0.00661629	0.0175281	0.0203836	0.00906395	0.0221729	0.0063403	0.0252492	0.0103444	0.0347847	0.53022	0.00785707	0.0100639	0.0343903	0.0348314	0.0925273	0.00366504	0.00438251
144	0.0577001	0.00245057	0.00214694	0.0329845	0.0207021	0.025087	0.242952	0.00498926	0.147043	0.0369796	0.0205071	0.293352	0.00196528	0.002654	0.00294775	0.00794992	0.0685845	0.00771905	0.00173314	0.0195514
145	0.0623221	0.00988969	0.00199171	0.000416252	0.00134094	0.837626	0.0018633	0.0036707	0.00431761	0.00159699	0.00102009	0.00388948	0.00179037	0.00176039	0.00771452	0.0501723	0.004625	0.00189242	0.00164023	0.000459803
146	0.0502673	0.00692065	0.000370379	0.000140396	0.0520771	0.0125218	0.000775383	0.285385	0.000201754	0.301594	0.0607091	0.00140617	0.000395922	0.00216179	0.000938927	0.00748589	0.0280542	0.18456	0.000704603	0.00332998
147	0.103215	0.00829188	0.000473637	0.000296171	0.0770717	0.0165421	0.000581867	0.218133	0.000323928	0.219274	0.0421519	0.00821548	0.00493189	0.00143742	0.00140072	0.0352656	0.0654402	0.187289	0.00456782	0.00509843
148	0.12535	0.00683516	0.000538433	0.000330022	0.0294939	0.020408	0.000371443	0.240969	0.000463794	0.118299	0.0272955	0.0184888	0.00867015	0.00135132	0.000487553	0.0753738	0.106946	0.216528	0.000726446	0.00107392
149	0.121678	0.0176588	0.00126891	0.000316144	0.013035	0.0107647	0.000697734	0.254181	0.000455327	0.0769818	0.046996	0.004354	0.0018168	0.00281067	0.000740293	0.0321028	0.0816198	0.330338	0.00108965	0.00109415
150	0.130526	0.00861044	0.000507539	0.000328128	0.0330269	0.0270585	0.000354554	0.228522	0.000481414	0.125143	0.0335285	0.0171372	0.00752213	0.00185901	0.000599019	0.077771	0.0984192	0.205791	0.00136043	0.00145476
151	0.0300791	0.0234493	0.00500639	0.00157921	0.44698	0.0192675	0.0170762	0.0126874	0.00186653	0.022265	0.00978291	0.0079279	0.00239804	0.00203234	0.00970152	0.0145614	0.00774433	0.025105	0.0194562	0.321034
152	0.310319	0.0239935	0.00447027	0.00173587	0.0126518	0.0433024	0.00182704	0.00718656	0.00217955	0.00750493	0.00481575	0.0274617	0.00458198	0.00438983	0.00221271	0.430786	0.0942372	0.0123935	0.00204137	0.00190917
153	0.00961417	0.00854462	0.0065962	0.000558456	0.557779	0.00547695	0.0121469	0.0199885	0.000711264	0.0271396	0.0108346	0.00484479	0.000791496	0.000876293	0.00386772	0.0147643	0.00555556	0.0129842	0.0103376	0.286588
154	0.168896	0.0478555	0.00171983	0.00230775	0.0996682	0.0908302	0.00166722	0.0721079	0.00190296	0.115932	0.0772873	0.00635442	0.00105709	0.0229336	0.00272462	0.122135	0.0792315	0.0653537	0.0103468	0.0096882
155	0.0622688	0.00971575	0.0018594	0.000465281	0.00149697	0.840756	0.00168081	0.00359741	0.00391746	0.00191228	0.00112773	0.00412222	0.000560158	0.00185664	0.0073054	0.0501925	0.00436528	0.00182177	0.000439032	0.000539554
156	0.342593	0.023609	0.00100024	0.000453777	0.00322396	0.042517	0.00210706	0.072452	0.00058393	0.0236472	0.0132479	0.00177802	0.00767579	0.001792	0.00200796	0.130087	0.172381	0.152422	0.000345331	0.0060753
157	0.00908668	0.00182758	0.00948059	0.859865	0.012724	0.0080875	0.00231291	0.00404239	0.0114537	0.00588056	0.00296091	0.00279279	0.00142993	0.0220079	0.0114613	0.00973345	0.00608813	0.0154716	0.00117615	0.00211651
158	0.0494606	0.00790223	0.000554547	0.000149877	0.037156	0.0101824	0.000799427	0.315792	0.000204481	0.249771	0.0598093	0.000701487	0.000332771	0.0017851	0.000798835	0.00704666	0.0356493	0.219766	0.000191213	0.00194721
159	0.111044	0.0166501	0.00187887	0.000468163	0.00947018	0.00558391	0.000597074	0.257382	0.000643188	0.0668822	0.061311	0.0022722	0.00112537	0.00386704	0.000715234	0.025299	0.0789969	0.354149	0.000714918	0.000950041
160	0.492734	0.0142938	0.00274025	0.0012394	0.00257519	0.0757207	0.00127633	0.0225915	0.00117321	0.0112861	0.006856	0.00337024	0.00280267	0.00130521	0.00123526	0.226626	0.0761915	0.0541822	0.000457948	0.00134201
161	0.00832427	0.005467	0.000336266	0.000247237	0.0154921	0.00561357	0.000326894	0.465422	0.000345368	0.111199	0.016582	0.00402199	0.000239811	0.00181652	0.000462192	0.00445524	0.0180599	0.34077	0.000286175	0.000532641
162	0.358963	0.016983	0.00465557	0.00489142	0.00864405	0.0430966	0.00549668	0.0380319	0.0074109	0.0222854	0.0139714	0.00904117	0.00740222	0.00817779	0.00743073	0.119648	0.23117	0.086083	0.00163745	0.0049801
163	0.482412	0.0152348	0.00414716	0.00235083	0.00723645	0.0591395	0.00263599	0.0321265	0.00313164	0.0208829	0.0122399	0.00414124	0.0041365	0.00269092	0.00260912	0.165363	0.087094	0.0872046	0.00154143	0.00368201
164	0.398873	0.00580244	0.00776535	0.00161917	0.00238347	0.333498	0.0014608	0.00748647	0.00234538	0.00537164	0.00510328	0.00249048	0.00460618	0.0052441	0.00269515	0.167655	0.0206571	0.0225164	0.001305	0.0011215
165	0.0103599	0.00216835	0.0104581	0.853795	0.0123343	0.00932965	0.00239122	0.00421775	0.0117	0.00567846	0.00294565	0.00310419	0.00150103	0.0225901	0.0111613	0.0107471	0.00664688	0.0154467	0.0011492	0.00227466
166	0.267428	0.0280279	0.00302285	0.00215418	0.00598743	0.0273209	0.00207934	0.00917896	0.00227024	0.00859763	0.00665827	0.0113864	0.00549686	0.00324053	0.0022845	0.347583	0.246032	0.0181981	0.000988801	0.00206466
167	0.17812	0.000991168	0.0669129	0.334323	0.00258315	0.0370861	0.0105492	0.00667849	0.120453	0.00320794	0.00173839	0.0214677	0.0143669	0.0872051	0.0133286	0.0674766	0.00762826	0.0241533	0.00063575	0.00109524
168	0.0199323	0.00172366	0.282356	0.123078	0.00399965	0.00484679	0.0256715	0.00395629	0.0131696	0.00501378	0.00304882	0.404514	0.00162265	0.0391323	0.00189414	0.0293738	0.0286938	0.00461213	0.00138006	0.00198016
169	0.0603123	0.00129173	0.00118205	0.001387	0.0136335	0.00393643	0.0122468	0.0022334	0.00160117	0.0127891	0.00183665	0.00973487	0.802911	0.00619952	0.00492729	0.022923	0.0246979	0.0139972	0.00075872	0.00140028
170	0.193625	0.000921234	0.0598009	0.325181	0.00258353	0.0497766	0.0144664	0.00820773	0.107258	0.00334083	0.00166572	0.0157066	0.010482	0.0978261	0.0130061	0.0580145	0.00941066	0.0270233	0.000589113	0.00111399
171	0.144414	0.00424206	0.0175591	0.00350704	0.00631199	0.0402182	0.0164748	0.0329083	0.0173934	0.0090884	0.0195923	0.251835	0.00182549	0.0342938	0.00307388	0.205159	0.117797	0.0697995	0.00183718	0.00266984
172	0.00692157	0.00537783	0.000236325	0.000219028	0.0151236	0.00550908	0.000275322	0.474818	0.000283233	0.11252	0.0163325	0.00338926	0.000196425	0.00183808	0.000352988	0.00345807	0.0163141	0.336128	0.000165077	0.000541685
173	0.143739	0.00184111	0.0201172	0.0234514	0.00355196	0.0412563	0.0154139	0.0161904	0.0856793	0.0249994	0.00427146	0.0364701	0.030889	0.0674739	0.0722447	0.162391	0.174751	0.0664854	0.00479668	0.00398585
174	0.00750042	0.000794465	0.000741102	0.000769925	0.0076369	0.00680162	0.0249965	0.0132285	0.340372	0.0265982	0.0128509	0.0436447	0.0102085	0.0160516	0.402223	0.0227144	0.0314305	0.0227566	0.00767837	0.00100105
175	0.440631	0.0254767	0.00146069	0.000674651	0.00527062	0.0690291	0.00173248	0.0525179	0.000677285	0.0222754	0.0145504	0.00175464	0.00371123	0.0008739	0.000767074	0.131474	0.113634	0.110424	0.000583507	0.0024821
176	0.105437	0.0178219	0.00182781	0.000376143	0.00733214	0.00262704	0.000583748	0.270169	0.000530739	0.060081	0.0609691	0.00154041	0.000593184	0.00404633	0.000574443	0.0220244	0.083547	0.358851	0.000434807	0.000632837
177	0.00742289	0.000797397	0.00075821	0.000745282	0.00759633	0.00680687	0.0249909	0.0129753	0.337814	0.026788	0.0130213	0.0453857	0.0101647	0.0156991	0.404883	0.0225839	0.0307873	0.0221912	0.00757863	0.00101048
178	0.132939	0.000629716	0.0246068	0.0300369	0.00126039	0.0400214	0.0188516	0.00894021	0.0794618	0.0244706	0.00384657	0.0496925	0.0207097	0.0884272	0.0570608	0.169314	0.197074	0.0463538	0.00312574	0.00317852
179	0.102168	0.015994	0.0017733	0.000366479	0.00991813	0.00401194	0.000561389	0.272144	0.000531297	0.0661658	0.0563965	0.00336088	0.00128537	0.00397412	0.000676982	0.026483	0.0895855	0.34358	0.000389084	0.000633589
180	0.15668	0.0134957	0.000260441	0.00020751	0.0474674	0.0587524	0.000306129	0.191921	0.000243584	0.172816	0.0182924	0.00205376	0.00103364	0.000384781	0.000417418	0.0263336	0.0381506	0.258151	0.0082643	0.00476824
181	0.0437799	0.000523629	0.000416395	0.000446034	0.146611	0.0434519	0.00399902	0.0961252	0.000560415	0.161539	0.0139005	0.00785725	0.00340723	0.000627944	0.00404974	0.01011	0.0326332	0.151642	0.148548	0.129772
182	0.0537023	0.00945458	0.00911654	0.00695806	0.0289292	0.0274006	0.0160096	0.0461562	0.075863	0.169569	0.0340814	0.0231179	0.0143387	0.0194537	0.308706	0.038925	0.0417786	0.0505456	0.0129428	0.0129522
183	0.0204303	0.00648828	0.000565125	0.000276595	0.0240935	0.00685888	0.000443615	0.429561	0.000275042	0.157634	0.025689	0.00292944	0.000405447	0.00381332	0.000576277	0.00589256	0.0250903	0.287488	0.000220922	0.0012679
184	0.140109	0.0161408	0.000286129	0.000283298	0.0495504	0.0966465	0.000464207	0.158879	0.000400938	0.27585	0.0793162	0.000868671	0.000366076	0.00144503	0.000444412	0.0520149	0.0430532	0.0782064	0.00146861	0.00420596
185	0.0492638	0.00759134	0.000351485	0.000113425	0.0480306	0.013505	0.00091214	0.308439	0.000134654	0.292059	0.0507805	0.000449482	0.000307102	0.00129362	0.00111604	0.00581567	0.0296142	0.18806	0.000174806	0.0019881
186	0.0822916	0.0075103	0.000655209	0.000559951	0.151041	0.0133371	0.00109551	0.137933	0.000883734	0.372766	0.0570622	0.00303082	0.00126774	0.00146715	0.00224078	0.0107936	0.0326037	0.10037	0.010882	0.0122078
187	0.00752181	0.00881085	0.00941578	0.000579002	0.577062	0.00387087	0.0115416	0.0096658	0.00068511	0.0203818	0.00729405	0.00460328	0.000458523	0.000885309	0.00337218	0.0192643	0.00546766	0.00980923	0.00378602	0.295525
188	0.00844601	0.00552055	0.000246004	0.000212324	0.016519	0.00603947	0.000275107	0.461728	0.000261747	0.121562	0.0175565	0.00311675	0.000188748	0.00182369	0.000352097	0.00349329	0.0170993	0.334819	0.000154214	0.000585078
