214	20
1	0.0281098	0.00593929	0.0159273	0.0248687	0.0146276	0.00850397	0.083543	0.0354513	0.0597422	0.297256	0.0770313	0.0183649	0.00526074	0.21505	0.0306272	0.0208617	0.0251063	0.0178132	0.00255877	0.0133572
2	0.290382	0.0085019	0.00665868	0.00850755	0.0303308	0.0820462	0.00644313	0.0129102	0.0105649	0.0670154	0.0795509	0.00760333	0.00311307	0.0440825	0.0307253	0.186071	0.0196042	0.052886	0.0246371	0.0283659
3	0.0370166	0.00429286	0.00244889	0.00178837	0.0216316	0.00199789	0.00839049	0.220492	0.00563835	0.357675	0.0853709	0.00125122	0.00176568	0.0175565	0.00528982	0.012128	0.0335938	0.171216	0.00262773	0.00782914
4	0.0591592	0.00532055	0.0203462	0.0420035	0.00103362	0.00346181	0.0328923	0.0116303	0.446251	0.00761326	0.00258382	0.0165178	0.00348891	0.0793742	0.188157	0.0417796	0.0233358	0.0104917	0.000322492	0.00423698
5	0.0442255	0.00436966	0.0011258	0.000999259	0.0279443	0.000950703	0.0033663	0.149033	0.00742559	0.455111	0.12491	0.000855492	0.00349074	0.00540469	0.00143603	0.0105384	0.0182549	0.11654	0.00617894	0.01784
6	0.029254	0.00284118	0.000793103	0.000914892	0.0141986	0.000710875	0.00236011	0.271091	0.00523281	0.405422	0.070948	0.000826207	0.00230875	0.00320819	0.00144626	0.00646714	0.0162248	0.154651	0.00335161	0.00774885
7	0.113515	0.00346957	0.0508374	0.0766285	0.00975425	0.0307609	0.0807333	0.00886298	0.0358903	0.0310038	0.0306706	0.0561961	0.00298879	0.209836	0.0502997	0.12214	0.0492293	0.016108	0.00180396	0.0192714
8	0.0240787	0.00196763	0.000973969	0.00180392	0.00901306	0.00101911	0.00174273	0.107497	0.0035449	0.537201	0.215664	0.00124303	0.00390107	0.00439004	0.0019334	0.0117214	0.00654103	0.0516975	0.00239217	0.0116747
9	0.0340343	0.00796377	0.139016	0.0157564	0.0088759	0.0150143	0.0370272	0.0111017	0.0100598	0.0118687	0.00878802	0.17411	0.059045	0.0152852	0.0210735	0.315586	0.0974836	0.0104124	0.00333713	0.00416151
10	0.137781	0.00736539	0.00525941	0.00715533	0.00556064	0.0305044	0.00626694	0.0512672	0.0292259	0.106545	0.0116621	0.00721666	0.00264792	0.0471852	0.0456508	0.265007	0.193661	0.0333331	0.00173252	0.0049721
11	0.111009	0.0024767	0.0134716	0.00451399	0.0415196	0.00791814	0.00969643	0.130405	0.0100804	0.254282	0.0991324	0.00210176	0.0011787	0.0551423	0.00415841	0.0153594	0.0754971	0.153481	0.000459438	0.00811797
12	0.0355088	0.000654873	0.298948	0.460139	0.00351511	0.0171783	0.00646224	0.00520363	0.00707731	0.0188861	0.00918487	0.0173829	0.00251988	0.0497134	0.0012449	0.0380146	0.0172873	0.00869384	0.000241706	0.00214339
13	0.00346087	0.00851091	0.000794481	0.00121456	0.0898884	0.00328074	0.01033	0.0473125	0.00135574	0.743575	0.0309476	0.00112261	0.0044651	0.0015011	0.00136862	0.00507451	0.00294371	0.00906214	0.00957391	0.0242175
14	0.12636	0.00426457	0.143148	0.182532	0.00397893	0.0451177	0.0278793	0.00677618	0.0626524	0.0242967	0.0100316	0.05968	0.00720045	0.0853865	0.0589233	0.0887793	0.0437444	0.0171584	0.000129772	0.00196093
15	0.111772	0.00522957	0.00935455	0.136616	0.0828854	0.0061607	0.00714343	0.0835226	0.0453326	0.107038	0.072932	0.00713268	0.00330881	0.0883873	0.0121624	0.0115592	0.054673	0.127856	0.00135995	0.0255739
16	0.0511416	0.00365844	0.000811282	0.000986641	0.0143287	0.000795977	0.00307332	0.178384	0.0049189	0.386649	0.0983321	0.000892223	0.00152218	0.00352253	0.00137895	0.00706434	0.0263313	0.202616	0.00337933	0.0102136
17	0.0376274	0.000680242	0.295996	0.453668	0.00350821	0.0180962	0.00678608	0.00531312	0.00794857	0.0192335	0.00898949	0.018167	0.00255082	0.05045	0.00203311	0.0394902	0.01818	0.00885457	0.000250669	0.00217689
18	0.135079	0.00452496	0.157125	0.172289	0.00370212	0.0522123	0.0244694	0.00722316	0.0533752	0.0260987	0.0105846	0.0524704	0.00669564	0.0779749	0.0439824	0.105413	0.0474421	0.017081	0.00014709	0.00210989
19	0.0734411	0.00777295	0.128217	0.166685	0.0106023	0.0418569	0.0350239	0.0138171	0.0562284	0.0272616	0.0169334	0.128575	0.00710535	0.0696246	0.0736178	0.0833728	0.033834	0.0148927	0.00415187	0.00698627
20	0.0650887	0.00888263	0.00248526	0.00921578	0.0357089	0.00345473	0.0100535	0.118597	0.0090229	0.242065	0.0612012	0.00250374	0.197871	0.016287	0.00568085	0.021974	0.0306953	0.143995	0.00296637	0.0122508
21	0.0440432	0.00463645	0.000603006	0.000810771	0.0285969	0.000631774	0.00308736	0.151765	0.0076474	0.460324	0.118178	0.000713801	0.00357389	0.00281477	0.00109092	0.0103981	0.0165749	0.118956	0.00678366	0.01877
22	0.00858197	0.00978509	0.0014443	0.00231688	0.167618	0.00441945	0.00925971	0.0445768	0.0038018	0.630762	0.0389861	0.00171	0.00329557	0.00363439	0.00335616	0.00554688	0.00613472	0.0138868	0.00732375	0.0335601
23	0.0211352	0.0026787	0.030215	0.0177434	0.0558362	0.00341531	0.399497	0.0164229	0.030592	0.0180347	0.0169732	0.0265312	0.0017223	0.0771803	0.0700215	0.0491259	0.0282594	0.00444035	0.00282987	0.127345
24	0.023996	0.00591459	0.000816834	0.00114283	0.00964441	0.000730294	0.00269562	0.329548	0.00408202	0.332825	0.0446965	0.000975776	0.00151175	0.00311776	0.00206195	0.00572798	0.0179669	0.206085	0.00227721	0.00418423
25	0.0200519	0.00141112	0.021283	0.0586759	0.0118904	0.00361804	0.0373013	0.108736	0.0644141	0.319743	0.101423	0.0378461	0.00150135	0.0482304	0.0549057	0.0226575	0.0633184	0.0191884	0.000731768	0.00307334
26	0.0860271	0.00198662	0.0605849	0.0832021	0.0246571	0.0894786	0.0155802	0.00428842	0.00543543	0.0131118	0.0100312	0.100046	0.0142703	0.079784	0.0650015	0.0744059	0.0854525	0.00452952	0.167317	0.0148097
27	0.0691372	0.00182883	0.194541	0.32603	0.00668439	0.0198003	0.0140027	0.0252726	0.031306	0.0252366	0.016742	0.0286252	0.00493338	0.0896022	0.0378195	0.0493852	0.0382912	0.0181935	0.000312146	0.00225597
28	0.0442344	0.00457216	0.00057918	0.000819436	0.0276951	0.000624685	0.00298973	0.152625	0.00772802	0.459811	0.117441	0.000695144	0.00360703	0.00255606	0.00106731	0.0104185	0.0164153	0.120778	0.00671244	0.0186309
29	0.0497844	0.0112945	0.0691951	0.0451132	0.0103068	0.147552	0.0695802	0.0106191	0.040656	0.0173407	0.00735201	0.223898	0.000644935	0.0570737	0.125668	0.102773	0.00237815	0.00614904	0.000968248	0.00165157
30	0.00610006	0.000638391	0.00061375	0.000750049	0.00712224	0.000553232	0.000571985	0.411756	0.00418129	0.395862	0.0231416	0.000635766	0.000427169	0.00135724	0.000931208	0.00359763	0.00661154	0.131942	0.00222691	0.000979752
31	0.0301012	0.0193647	0.000696691	0.000970633	0.000995234	0.000602227	0.00184454	0.435582	0.00140782	0.114896	0.0194177	0.000862356	0.000389954	0.00155213	0.00128924	0.00549817	0.0231467	0.340308	0.000237173	0.000838289
32	0.0246895	0.00100821	0.240305	0.365491	0.00260285	0.181017	0.0046744	0.00366898	0.0160131	0.0108356	0.00574802	0.0280663	0.00591115	0.0354777	0.00858383	0.0430472	0.0106335	0.00548106	0.000511619	0.00623369
33	0.082191	0.037897	0.0361444	0.0708586	0.0198756	0.00737455	0.00612608	0.00630084	0.0130302	0.00874511	0.0216747	0.241242	0.00389936	0.0236805	0.009817	0.366389	0.0331751	0.00641082	0.00142588	0.0037421
34	0.00610006	0.000638391	0.00061375	0.000750049	0.00712224	0.000553232	0.000571985	0.411756	0.00418129	0.395862	0.0231416	0.000635766	0.000427169	0.00135724	0.000931208	0.00359763	0.00661154	0.131942	0.00222691	0.000979752
35	0.047884	0.00117498	0.406591	0.101195	0.00196512	0.00253274	0.0385658	0.00234679	0.0217648	0.0049433	0.0118606	0.135884	0.00553871	0.037961	0.0571248	0.0652291	0.0466021	0.00462894	0.000464581	0.00574271
36	0.0298751	0.000770983	0.37874	0.400423	0.00272407	0.0162374	0.00903061	0.00341204	0.0112245	0.0133166	0.00560726	0.0302066	0.00798039	0.0289376	0.00155294	0.0334775	0.0170025	0.00711039	0.000399375	0.00197166
37	0.0503814	0.000919124	0.41212	0.0972334	0.00184345	0.00264866	0.0397113	0.00223048	0.0203284	0.00437473	0.0122971	0.134338	0.0056535	0.036651	0.0548665	0.0669558	0.0464346	0.00456906	0.000390773	0.00605202
38	0.302184	0.0683014	0.0199626	0.0221222	0.0119755	0.380927	0.00796282	0.00759205	0.0144551	0.0137329	0.00863004	0.0263479	0.00633447	0.0188511	0.0175525	0.0379128	0.0166963	0.0107007	0.00221997	0.00553934
39	0.00930071	0.00400092	0.00219915	0.00348287	0.45175	0.00253249	0.0109914	0.068145	0.0183183	0.0815929	0.0188094	0.00250706	0.00140263	0.00656995	0.0114663	0.00685751	0.00710146	0.0532115	0.00246807	0.237293
40	0.00329877	0.00853387	0.000796149	0.00121259	0.0902911	0.0032906	0.0103653	0.0469249	0.00130654	0.744318	0.0307698	0.00112163	0.00444802	0.001507	0.00136926	0.00504424	0.00289885	0.00869692	0.00958027	0.024226
41	0.0725566	0.0100776	0.0793564	0.0902726	0.00492267	0.0212348	0.0211723	0.0258628	0.0914593	0.0487779	0.0109441	0.0447471	0.0137943	0.0501257	0.230066	0.0770757	0.0715656	0.030816	0.000359836	0.00481294
42	0.0862232	0.00212553	0.0380508	0.0530658	0.00903494	0.0140418	0.100653	0.00686345	0.0347264	0.0327684	0.0412622	0.0764723	0.000972917	0.208611	0.0656118	0.141765	0.0468743	0.0140572	0.000545431	0.0262746
43	0.00499179	0.0113508	0.00104488	0.00137799	0.139609	0.00478522	0.00845669	0.0397338	0.00158654	0.699888	0.0342875	0.00132296	0.00318678	0.00186502	0.00146768	0.00462313	0.00389397	0.00672225	0.00783648	0.0219702
44	0.0296947	0.000662971	0.360072	0.41924	0.0027966	0.0169014	0.00900568	0.00368338	0.00909801	0.0149783	0.00647864	0.0245727	0.00500537	0.0349219	0.00122003	0.0355233	0.0165325	0.0073139	0.00030322	0.00199595
45	0.0865971	0.00723086	0.0324234	0.0452586	0.0119474	0.0287792	0.0195365	0.0165833	0.0709365	0.0273451	0.0114686	0.0246963	0.248855	0.0990292	0.117375	0.0613583	0.054926	0.025937	0.00420974	0.00550703
46	0.137114	0.0182897	0.00230578	0.0176839	0.026723	0.00233527	0.012692	0.0935273	0.00442813	0.0891485	0.0104545	0.0028621	0.262033	0.0229177	0.00383391	0.0430234	0.043565	0.19973	0.0009816	0.00635003
47	0.201411	0.0478644	0.0387708	0.0504048	0.0154613	0.338861	0.0116834	0.0181978	0.0260944	0.0235988	0.0150066	0.0358024	0.0151633	0.0304027	0.0295851	0.048881	0.023799	0.0155801	0.0046831	0.00874921
48	0.0173264	0.0230724	0.000649634	0.000807593	0.000650394	0.000590294	0.00064649	0.507051	0.000922451	0.0521611	0.00434401	0.000770495	0.000313804	0.00118938	0.00105616	0.00654224	0.0134338	0.367738	0.000197271	0.000536879
49	0.359828	0.0902558	0.0027659	0.00316985	0.0118342	0.477491	0.00252355	0.00349054	0.00363044	0.00506258	0.00305255	0.0116042	0.00133757	0.00454245	0.00367676	0.00566966	0.00408544	0.00342862	0.000634573	0.00191606
50	0.330896	0.00447689	0.00189656	0.0068678	0.00421732	0.0141461	0.00174482	0.00387726	0.0162286	0.00600641	0.0121636	0.0357261	0.0200695	0.00893348	0.00819977	0.355921	0.129479	0.0335501	0.004178	0.00142212
51	0.0595272	0.0146862	0.0428632	0.0565303	0.00997546	0.0115946	0.0209623	0.0294476	0.101644	0.0592686	0.0102733	0.0366692	0.0200823	0.046491	0.269226	0.0765799	0.0808209	0.0458443	0.000809204	0.00670416
52	0.00649292	0.011994	0.354575	0.00332732	0.00310743	0.013353	0.00552151	0.0043623	0.00414527	0.00525429	0.00364371	0.290593	0.00536984	0.00455045	0.00423369	0.207593	0.0649504	0.00398134	0.000889683	0.00206144
53	0.0884026	0.0116159	0.00174322	0.0121143	0.0314111	0.00193786	0.00961238	0.105327	0.00548653	0.243602	0.0392156	0.00233877	0.172324	0.0144267	0.00307674	0.031246	0.0367656	0.172898	0.00288104	0.0135742
54	0.112673	0.00373247	0.0103784	0.0475561	0.00264251	0.0745377	0.00313921	0.00362483	0.0987678	0.00558648	0.00382484	0.0181383	0.0489353	0.198645	0.211106	0.107841	0.030377	0.0155059	0.0008199	0.00216926
55	0.0343777	0.000632477	0.310646	0.447216	0.00338692	0.0169576	0.00733775	0.00485665	0.00770595	0.0180674	0.00864573	0.0203945	0.00301823	0.0473575	0.00202296	0.0390336	0.0176601	0.00819712	0.000250443	0.00223526
56	0.108478	0.205297	0.00641588	0.0121462	0.0725685	0.0307495	0.00738297	0.0116424	0.0134193	0.0127755	0.00949175	0.00946978	0.00287235	0.0124536	0.0379673	0.244125	0.135758	0.0136308	0.00392452	0.0494308
57	0.00443748	0.00853156	0.000838951	0.00117986	0.0908855	0.00323074	0.0100458	0.0503823	0.00160332	0.731918	0.0336573	0.0011552	0.00428203	0.00161096	0.00150592	0.0051882	0.00331899	0.0119099	0.00970027	0.0246182
58	0.0724131	0.0517154	0.00310787	0.00436845	0.002854	0.0252796	0.00347855	0.0435075	0.0263449	0.425933	0.0259428	0.00357297	0.00148577	0.0381379	0.0500428	0.0871411	0.0620295	0.0694413	0.001045	0.00215818
59	0.00699581	0.000702578	0.000598432	0.000757953	0.00686759	0.00056286	0.000596983	0.406557	0.00429695	0.395211	0.0239231	0.000639555	0.000419039	0.00137188	0.000926363	0.00368545	0.00720981	0.135468	0.00222071	0.000988336
60	0.0510499	0.00844296	0.0237449	0.0378777	0.0251441	0.015794	0.101984	0.0315063	0.0538654	0.152079	0.0442118	0.0362241	0.00777801	0.210135	0.0575672	0.0496077	0.0321427	0.028754	0.00908879	0.0230021
61	0.0420319	0.00630405	0.00102647	0.00110454	0.0263901	0.000839093	0.00331769	0.199211	0.00660036	0.425184	0.0985649	0.000779863	0.00261072	0.00451421	0.00169922	0.00929511	0.0172088	0.13298	0.00542323	0.0149143
62	0.0461566	0.000666364	0.0976637	0.251879	0.00228784	0.01421	0.0369204	0.00633874	0.0942397	0.0191115	0.007891	0.0850118	0.00611494	0.105634	0.148107	0.048641	0.0222382	0.00604728	0.000221449	0.000619429
63	0.142091	0.00510233	0.156562	0.164874	0.00404678	0.0528508	0.0263266	0.00707998	0.0551147	0.0262525	0.0103622	0.0552324	0.00797798	0.0813928	0.0434222	0.0937146	0.0467704	0.0189527	0.00013203	0.00174133
64	0.581061	0.0018125	0.0021105	0.0127507	0.00237933	0.0117408	0.00261867	0.136858	0.00403274	0.0413688	0.0121111	0.00324685	0.00127862	0.00397027	0.003674	0.00525649	0.0215976	0.149489	0.000713727	0.00192871
65	0.0219973	0.0145903	0.00337062	0.00352554	0.0495273	0.00334383	0.0280196	0.212026	0.00632591	0.260567	0.0755419	0.00237999	0.00182691	0.0346127	0.022181	0.0143267	0.039013	0.199432	0.00102166	0.00637107
66	0.146748	0.00484306	0.151901	0.159909	0.00454002	0.0518577	0.027587	0.00697552	0.0543637	0.0280057	0.0114653	0.0545656	0.0074531	0.0851056	0.0436597	0.0928824	0.0464398	0.0191048	0.000139736	0.00245257
67	0.0419619	0.0175549	0.00677785	0.0269342	0.0589279	0.0171595	0.0305301	0.135441	0.051106	0.251468	0.0132942	0.0132205	0.00167014	0.0455476	0.0743027	0.00662495	0.0219138	0.155361	0.00422032	0.0259835
68	0.02535	0.0182584	0.0174076	0.0364861	0.00506369	0.0495839	0.0593966	0.0084931	0.0889711	0.0205218	0.00307821	0.0415258	0.00164811	0.111795	0.172377	0.199144	0.132873	0.0051395	0.000743475	0.00214366
69	0.00700443	0.0108257	0.000990273	0.00151315	0.095278	0.00348077	0.00936541	0.0559881	0.00206843	0.702177	0.0394215	0.00133091	0.00379461	0.0025727	0.00195417	0.00552072	0.00471543	0.0178144	0.00884177	0.025343
70	0.0493622	0.000942878	0.410778	0.0984226	0.00191514	0.00254768	0.0404537	0.00221005	0.0205237	0.0044589	0.0122418	0.134429	0.00566663	0.0370598	0.0544293	0.0671714	0.0463731	0.0046513	0.000388985	0.00597391
71	0.0838671	0.0121448	0.0316075	0.0370846	0.0162656	0.0389761	0.0147344	0.0212314	0.023962	0.115496	0.0171732	0.0273303	0.213877	0.0270989	0.0323088	0.151832	0.0392357	0.0262117	0.0535705	0.015992
72	0.0505567	0.0230869	0.00482512	0.00677148	0.073818	0.00463532	0.164546	0.00824045	0.331284	0.0294945	0.00849134	0.00558267	0.00312527	0.0130878	0.156378	0.0295875	0.00982899	0.0273551	0.00414512	0.0451588
73	0.0986514	0.0135914	0.00938462	0.0188698	0.0248031	0.00891634	0.0147569	0.0757784	0.0142701	0.112278	0.0191106	0.00794289	0.300309	0.024571	0.0144924	0.0424354	0.0380891	0.150372	0.00297701	0.00839989
74	0.35993	0.0902223	0.0027659	0.00318756	0.0118037	0.477282	0.00251914	0.00349029	0.00362554	0.00505624	0.00308011	0.0116527	0.00133758	0.0045598	0.00367083	0.00569454	0.00412063	0.00345246	0.000634572	0.00191427
75	0.111876	0.00248796	0.0133503	0.00424712	0.0421739	0.00755969	0.00928434	0.132686	0.0096543	0.249837	0.0987166	0.00182871	0.00120268	0.0551716	0.00378344	0.0155947	0.0752427	0.156465	0.000450053	0.00838776
76	0.0803135	0.00910715	0.0169447	0.0201121	0.0446366	0.0135698	0.0477338	0.0282118	0.0567704	0.0679443	0.0146402	0.0135816	0.330976	0.060708	0.0322045	0.0390746	0.0585287	0.0506566	0.00475033	0.0095358
77	0.0645827	0.012009	0.050922	0.0502584	0.00291032	0.0149903	0.0104375	0.00908376	0.218661	0.00986605	0.00437072	0.0379419	0.0676461	0.124931	0.196784	0.0673119	0.0340062	0.0199368	0.000803711	0.0025459
78	0.0398211	0.00343731	0.000705715	0.000972718	0.0095185	0.0007088	0.00256274	0.241371	0.00426657	0.37011	0.0725525	0.000890244	0.00107649	0.0028278	0.00131089	0.00567458	0.0233917	0.210267	0.00239093	0.00614314
79	0.0293378	0.0087493	0.0210321	0.0317072	0.00397995	0.0232504	0.0895777	0.0171061	0.153894	0.0157358	0.00622254	0.0778259	0.00427364	0.0966087	0.213562	0.11694	0.068311	0.0150973	0.000713927	0.0060748
80	0.00610006	0.000638391	0.00061375	0.000750049	0.00712224	0.000553232	0.000571985	0.411756	0.00418129	0.395862	0.0231416	0.000635766	0.000427169	0.00135724	0.000931208	0.00359763	0.00661154	0.131942	0.00222691	0.000979752
81	0.0491985	0.0110353	0.0354421	0.0274048	0.00866388	0.0659129	0.0965262	0.0102908	0.0350321	0.0168903	0.0110777	0.313817	0.00255942	0.0588025	0.102193	0.126557	0.0134394	0.00746541	0.00139288	0.00629992
82	0.0374605	0.0259918	0.0167061	0.043736	0.008689	0.0262493	0.109414	0.00890829	0.0992603	0.0232939	0.0215064	0.164223	0.00240047	0.137744	0.147593	0.0723614	0.0183555	0.00831369	0.00120553	0.0265885
83	0.0437719	0.00466147	0.0005759	0.000814048	0.0284108	0.00061606	0.00302951	0.152081	0.00765649	0.461289	0.118054	0.000705826	0.00362429	0.00254181	0.00107048	0.010415	0.0163442	0.118713	0.00678318	0.0188422
84	0.0438651	0.00158576	0.0893333	0.226297	0.00290669	0.013431	0.0400647	0.00989981	0.103215	0.0216894	0.00959428	0.0855116	0.00860628	0.113417	0.147666	0.0487835	0.0234757	0.00761051	0.000266418	0.00278089
85	0.13789	0.0043287	0.157625	0.172805	0.00351613	0.0539638	0.0228352	0.00674039	0.0529898	0.025631	0.0107313	0.0500396	0.00627127	0.0780353	0.0424399	0.110737	0.0444479	0.0161472	0.000182736	0.00264249
86	0.401934	0.0161592	0.0144448	0.0282025	0.0133434	0.0510537	0.00989518	0.0417395	0.0353367	0.0370772	0.0225782	0.0209797	0.00988083	0.0248243	0.0274055	0.102985	0.0687152	0.0611585	0.00436942	0.00791794
87	0.0216337	0.00197725	0.00211043	0.0182751	0.000811825	0.00779877	0.00959472	0.00827845	0.458816	0.0183508	0.0046218	0.00602928	0.000431232	0.0836764	0.308308	0.0149246	0.00941088	0.0209123	0.000242749	0.00379587
88	0.0600729	0.0045225	0.0730238	0.0692066	0.0173835	0.0981756	0.0200082	0.00786893	0.0133501	0.0288323	0.024526	0.144835	0.010058	0.0696649	0.0548462	0.0868019	0.0497958	0.00703318	0.149538	0.0104559
89	0.0215099	0.00919114	0.00357546	0.00465692	0.26772	0.00553679	0.00782867	0.0309569	0.00647812	0.474163	0.0626803	0.00390166	0.00283372	0.00784606	0.00593374	0.00838359	0.0197224	0.0140867	0.0047568	0.0382384
90	0.0189464	0.00203234	0.000583549	0.000733852	0.0102284	0.000552917	0.00173728	0.333637	0.00565906	0.390406	0.0520764	0.000644642	0.00116087	0.00206107	0.00109758	0.00495036	0.0156368	0.150158	0.00269535	0.00500204
91	0.0496412	0.00131688	0.0963068	0.233385	0.00233402	0.0173842	0.0348419	0.00641629	0.0956783	0.0188674	0.00766325	0.0806169	0.00843705	0.105036	0.152267	0.0560682	0.0253095	0.00732531	0.000264002	0.000840664
92	0.146304	0.00398698	0.00437432	0.00482005	0.0022288	0.0252458	0.00295488	0.00330382	0.0130345	0.0079814	0.010829	0.0885404	0.0360847	0.0121102	0.00466486	0.462882	0.144363	0.01976	0.00479642	0.00173459
93	0.0113985	0.00120613	0.000620691	0.000801195	0.00640596	0.000529857	0.00103742	0.389925	0.00407058	0.383812	0.0290661	0.000659921	0.000413124	0.00160757	0.000988417	0.00367723	0.0108535	0.149829	0.00196981	0.0011278
94	0.0461491	0.000684803	0.0974777	0.251611	0.00230716	0.0142014	0.0369827	0.00634848	0.0943256	0.0191561	0.00791289	0.0850428	0.00611308	0.105712	0.148179	0.0486275	0.0222275	0.00605955	0.000221465	0.000660517
95	0.0736389	0.00588713	0.01938	0.0858503	0.0235254	0.0185226	0.0853957	0.0083758	0.0776418	0.021294	0.0350291	0.0472226	0.00119942	0.209873	0.110051	0.0746554	0.0373481	0.0160128	0.000910069	0.0481866
96	0.0457214	0.00783422	0.0248307	0.0461467	0.0123241	0.0183185	0.0276799	0.0239855	0.182374	0.0348071	0.0140992	0.0281319	0.00959111	0.072024	0.322296	0.0471724	0.0384701	0.0284205	0.0023582	0.0134146
97	0.0532935	0.00792956	0.0171682	0.0819622	0.0205715	0.0211429	0.0850573	0.00817796	0.0848363	0.018743	0.0258592	0.0544533	0.000960764	0.207298	0.143631	0.0736994	0.0362213	0.0132281	0.000446618	0.04532
98	0.0488708	0.000906474	0.156177	0.227402	0.0043778	0.0127868	0.0447285	0.00512439	0.074693	0.0142809	0.010118	0.0975222	0.00505619	0.0972814	0.105626	0.0590642	0.0256319	0.00856541	0.000241462	0.00154508
99	0.0844646	0.0145523	0.066087	0.0409066	0.0130405	0.0279221	0.0232159	0.0196703	0.0392836	0.0266246	0.0169183	0.133841	0.021082	0.041558	0.0494892	0.182544	0.151717	0.0247392	0.0114751	0.010869
100	0.023649	0.00257163	0.000724239	0.00174966	0.0135642	0.000826859	0.00218148	0.242185	0.00499877	0.451917	0.106634	0.000959413	0.00235287	0.00349676	0.00198426	0.00739214	0.0113274	0.109007	0.00330324	0.00917442
101	0.00820657	0.0021934	0.0149992	0.0162915	0.0416368	0.00340385	0.00563645	0.0171321	0.0174026	0.524708	0.106387	0.00385562	0.00172166	0.10664	0.028071	0.00649172	0.00554233	0.0163854	0.00103397	0.0722612
102	0.0451124	0.00818462	0.0454689	0.0479952	0.00442213	0.00993409	0.0143915	0.0409828	0.114593	0.0575001	0.0116975	0.0369568	0.0103343	0.0527194	0.299086	0.0750405	0.0707068	0.0460103	0.000483463	0.00838016
103	0.0747126	0.0204812	0.0042382	0.00604976	0.00518991	0.00892294	0.00672894	0.236107	0.00831863	0.0493413	0.0131336	0.00593932	0.0051682	0.00907726	0.00898477	0.057469	0.162079	0.311752	0.0018421	0.00446374
104	0.216851	0.0469841	0.00371928	0.00661872	0.00755026	0.0911912	0.0048349	0.0638924	0.00814704	0.0326734	0.0713005	0.00623797	0.00289366	0.0107263	0.0100724	0.223163	0.129278	0.0552582	0.00267747	0.00593018
105	0.464082	0.0409891	0.00195774	0.0210168	0.0221664	0.0112973	0.00253083	0.0112626	0.0289681	0.00468438	0.0122629	0.00406748	0.0011249	0.0117688	0.0310143	0.163444	0.116934	0.0379596	0.00799578	0.00447283
106	0.00717792	0.000801217	0.000621768	0.000741688	0.00770814	0.00056801	0.000650486	0.403533	0.00426174	0.398676	0.0258488	0.000648883	0.000542139	0.00141017	0.000934524	0.00377933	0.00693642	0.131243	0.00235577	0.0015614
107	0.0503355	0.00366354	0.000744491	0.00112508	0.0135972	0.000807542	0.00326529	0.179442	0.00485293	0.381598	0.0971262	0.000955678	0.00147155	0.00319051	0.00145673	0.00693861	0.0269228	0.209339	0.00331761	0.0098494
108	0.0479404	0.000684744	0.100089	0.25188	0.00236146	0.0151399	0.0369498	0.00619745	0.0930337	0.018966	0.00804701	0.0844152	0.00607187	0.105369	0.143547	0.0494945	0.022505	0.00644983	0.000219529	0.000638001
109	0.0364043	0.0131904	0.00319396	0.00404363	0.121041	0.00291371	0.163182	0.0221728	0.0819569	0.0556193	0.0226172	0.0275954	0.00167849	0.100134	0.126231	0.0229258	0.0237318	0.0148853	0.065233	0.0912495
110	0.0695288	0.00939238	0.0477786	0.0814703	0.016997	0.0264796	0.0433524	0.0293055	0.0874439	0.0605678	0.03349	0.0397292	0.0188355	0.188333	0.0881798	0.0630076	0.0432368	0.028645	0.00747638	0.0167505
111	0.0285322	0.0124192	0.0120848	0.0899865	0.0179149	0.0171167	0.071462	0.0136679	0.107241	0.0167902	0.0188916	0.0191994	0.00129166	0.211177	0.242558	0.0234136	0.0300494	0.0132216	0.000712934	0.0522693
112	0.142729	0.0046726	0.167094	0.161182	0.00373447	0.0527253	0.0267908	0.00688789	0.0528002	0.0245927	0.010267	0.060019	0.00861086	0.0773725	0.0435134	0.091382	0.0449131	0.0186529	0.000184733	0.00187651
113	0.0274051	0.0018197	0.00247194	0.00345813	0.202185	0.0026182	0.00351372	0.018001	0.00453956	0.00976174	0.00475525	0.00311969	0.00129104	0.00425128	0.00504152	0.0225823	0.0229962	0.00696594	0.0193664	0.633857
114	0.00418897	0.0102293	0.000971671	0.00132264	0.129086	0.00430986	0.00895272	0.0408887	0.00148708	0.712211	0.0328298	0.0012525	0.00335491	0.00182421	0.00142085	0.00481277	0.00352166	0.00687584	0.00827538	0.0221842
115	0.0557246	0.00119995	0.122565	0.320647	0.0151932	0.00188277	0.00792112	0.0599174	0.0379786	0.0364294	0.0348316	0.00860994	0.00720351	0.102415	0.0629628	0.0181455	0.0690211	0.0350409	0.000493659	0.00181734
116	0.175411	0.0229636	0.0486476	0.0309743	0.0439647	0.0990117	0.0457533	0.00763119	0.0556795	0.0310692	0.0286286	0.0688179	0.00263655	0.0375821	0.0304891	0.0931449	0.0490589	0.00861965	0.00191326	0.118003
117	0.0239705	0.00213333	0.000864717	0.0014524	0.0111899	0.000909983	0.00191102	0.127927	0.00405619	0.526673	0.191677	0.00108695	0.00537254	0.00378994	0.00159444	0.0107217	0.00761312	0.0627133	0.0028438	0.0114991
118	0.0225473	0.0016972	0.00177418	0.0154345	0.000933904	0.00691275	0.00807563	0.00739534	0.45408	0.017406	0.00424042	0.00522632	0.000559047	0.0771348	0.321914	0.0128986	0.00969105	0.0270879	0.00022856	0.00476225
119	0.0933586	0.0118763	0.0438227	0.0525207	0.0101865	0.0823996	0.01542	0.0143174	0.0296924	0.0598107	0.00988059	0.0191077	0.309778	0.0328312	0.0412184	0.108101	0.028706	0.018798	0.00659917	0.0115747
120	0.0182588	0.0022609	0.00323345	0.00514719	0.00404947	0.00295344	0.00318234	0.0598561	0.00473982	0.50314	0.327585	0.00459371	0.00383058	0.00791052	0.00559394	0.0147284	0.00551197	0.0141009	0.00107847	0.00824507
121	0.0442362	0.00466635	0.00690837	0.00938566	0.0074107	0.102258	0.00720559	0.241588	0.0363809	0.013407	0.0667265	0.035086	0.030993	0.0375528	0.106883	0.042551	0.124071	0.074461	0.00247858	0.00575048
122	0.0275434	0.00264436	0.00197841	0.00569536	0.016813	0.00194564	0.00367479	0.112766	0.00574498	0.507984	0.183703	0.00246536	0.00352514	0.0132083	0.00590926	0.00995979	0.00873671	0.0647275	0.00321761	0.0177569
123	0.0877229	0.00380079	0.0273625	0.0523014	0.00122272	0.00193551	0.0501634	0.0156891	0.431627	0.00303134	0.00179438	0.0217651	0.00271195	0.0686294	0.125864	0.056921	0.0351783	0.00682362	0.000371508	0.00508477
124	0.0304886	0.00149358	0.467153	0.211485	0.00288435	0.00769588	0.0307319	0.00380491	0.0124083	0.015521	0.00751988	0.0697306	0.00599336	0.0230126	0.0204087	0.0362895	0.0368549	0.0122144	0.000691916	0.00361694
125	0.0173264	0.0230724	0.000649634	0.000807593	0.000650394	0.000590294	0.00064649	0.507051	0.000922451	0.0521611	0.00434401	0.000770495	0.000313804	0.00118938	0.00105616	0.00654224	0.0134338	0.367738	0.000197271	0.000536879
126	0.274853	0.00979562	0.00602633	0.0118772	0.00769385	0.0201494	0.00428414	0.00723549	0.016956	0.0113256	0.0135299	0.043487	0.0229307	0.0131248	0.0114751	0.362932	0.124109	0.0291578	0.00505845	0.00399844
127	0.0336941	0.000622455	0.308508	0.451844	0.0035865	0.0176582	0.00693032	0.00480267	0.00751809	0.0188935	0.00873931	0.0184712	0.00278229	0.0483016	0.00120328	0.0382979	0.0175952	0.00817504	0.000248223	0.00212795
128	0.0557999	0.00119686	0.122213	0.321093	0.0151565	0.00192981	0.00789808	0.0601422	0.0381511	0.0361618	0.034867	0.0086638	0.00725483	0.102354	0.0630006	0.018109	0.0688222	0.0348725	0.000499841	0.00181409
129	0.0622258	0.00464068	0.00281627	0.00215808	0.00786849	0.00220366	0.00766897	0.205315	0.00402516	0.260493	0.0496087	0.00201237	0.00105964	0.00957348	0.00340054	0.008757	0.0795127	0.282689	0.000682188	0.00328982
130	0.008636	0.00182602	0.15396	0.211349	0.00238882	0.413815	0.00269187	0.00393073	0.031781	0.0051658	0.00349973	0.0401217	0.0113627	0.0187157	0.0223271	0.0540667	0.00444633	0.0035872	0.000971064	0.00535762
131	0.043536	0.00461975	0.000584349	0.000810449	0.0283633	0.000633852	0.00301807	0.151294	0.00759077	0.462597	0.117458	0.000738168	0.00374164	0.00253015	0.001073	0.0103639	0.0163149	0.119072	0.00670311	0.018958
132	0.0595294	0.00856547	0.0931846	0.0575295	0.0113788	0.103218	0.0860617	0.011113	0.0372487	0.0187366	0.0104756	0.166701	0.0053311	0.0584058	0.0884693	0.139108	0.0268832	0.00974251	0.00199851	0.00631857
133	0.123136	0.012433	0.00545666	0.106063	0.0226587	0.0051106	0.0112677	0.093009	0.0100158	0.0837993	0.0152797	0.00680934	0.162015	0.0211423	0.00901201	0.0337478	0.0374837	0.231515	0.00134067	0.00870428
134	0.28761	0.00973147	0.00433126	0.0104702	0.0063223	0.0188685	0.00367152	0.00740115	0.0184978	0.010144	0.0127287	0.0405037	0.0216666	0.0135026	0.012613	0.344046	0.13975	0.0307134	0.00448314	0.00294441
135	0.115023	0.0187356	0.0294034	0.0403301	0.0192646	0.0258761	0.0243729	0.0481675	0.0419176	0.0486611	0.02468	0.0430289	0.0176472	0.047414	0.0594611	0.147815	0.160575	0.0633071	0.00830104	0.0160181
136	0.0163777	0.0208397	0.000667264	0.00088096	0.000739639	0.000639188	0.000765253	0.486554	0.00113956	0.0474289	0.00399319	0.000956048	0.000381403	0.00132885	0.00127153	0.00680507	0.0152195	0.393154	0.000256925	0.000601617
137	0.14764	0.160371	0.00917589	0.0174154	0.0693417	0.0320136	0.0094611	0.0151627	0.0189231	0.0159337	0.0153636	0.0206161	0.00339519	0.0150547	0.0323515	0.24646	0.110367	0.0188314	0.00497896	0.0371445
138	0.0468841	0.00967543	0.0251605	0.0477248	0.0119637	0.0218047	0.0287321	0.0245129	0.167691	0.0369609	0.0158209	0.0344331	0.010079	0.0755755	0.311017	0.0513586	0.0355576	0.0294065	0.00338295	0.0122585
139	0.580654	0.00180313	0.0021057	0.0127328	0.00237777	0.0117363	0.00262057	0.137111	0.00404862	0.0414047	0.0121724	0.00324396	0.00126582	0.00397205	0.00364159	0.00526275	0.0216061	0.14961	0.000713691	0.00191647
140	0.117891	0.0349279	0.00586073	0.00897749	0.0074304	0.0180286	0.0069932	0.145985	0.0102072	0.0296623	0.0167873	0.00754166	0.00943875	0.0117281	0.0101056	0.100267	0.197516	0.253178	0.00198103	0.00549236
141	0.100075	0.0304644	0.0114963	0.0405817	0.00786605	0.0334523	0.0107335	0.00861171	0.0789871	0.0123298	0.0102358	0.233511	0.00399209	0.0194632	0.0494501	0.209848	0.12435	0.00860653	0.00166878	0.00427602
142	0.048964	0.010404	0.0685375	0.0428803	0.0107952	0.149499	0.0675046	0.0105911	0.0407252	0.0169722	0.007608	0.228947	0.000647748	0.057043	0.12435	0.103389	0.00228863	0.00635057	0.000962935	0.00153944
143	0.0596155	0.00635357	0.0211473	0.0415013	0.00959039	0.0133593	0.0337038	0.0202545	0.359392	0.0250681	0.0103359	0.019819	0.00827033	0.070286	0.186784	0.0437488	0.0320991	0.0249858	0.00245206	0.0112332
144	0.0292231	0.0018453	0.00261179	0.00358706	0.176421	0.00264882	0.00297983	0.0150243	0.00389198	0.00586203	0.00418992	0.00335698	0.00130545	0.00432609	0.00473471	0.0243829	0.0246289	0.00407367	0.019682	0.665224
145	0.0504965	0.00380935	0.000729649	0.000945893	0.0155737	0.000707441	0.00292836	0.176543	0.00503701	0.395913	0.100944	0.000857472	0.00178347	0.00310785	0.00134678	0.00728579	0.0234377	0.193965	0.00369371	0.0108943
146	0.109082	0.00165013	0.0415784	0.0615848	0.010374	0.0181743	0.0897456	0.00807917	0.0323882	0.0380405	0.0405197	0.0713443	0.00118345	0.206966	0.0564779	0.124956	0.0439793	0.0181353	0.000450186	0.0252909
147	0.114954	0.203972	0.00606388	0.0109171	0.061342	0.036421	0.00636356	0.0135357	0.0121283	0.0133572	0.011903	0.00852371	0.00284735	0.0117889	0.0329395	0.243282	0.144332	0.0146577	0.00367957	0.0469904
148	0.104119	0.00449302	0.112745	0.128914	0.00621263	0.0405179	0.0288554	0.006814	0.054779	0.0251114	0.008098	0.0464482	0.160596	0.0797262	0.0577853	0.0708469	0.0412846	0.0195349	0.000822345	0.00229651
149	0.03564	0.0099882	0.00377773	0.00450868	0.117797	0.00330951	0.124637	0.0250057	0.0732769	0.0572978	0.0247227	0.0420114	0.00202838	0.118233	0.110251	0.0323412	0.0264199	0.012329	0.0907978	0.085626
150	0.0922249	0.0117441	0.0648303	0.0867716	0.0145056	0.157157	0.0298838	0.0209637	0.0483587	0.0362727	0.0205801	0.0585945	0.0156808	0.111263	0.0706228	0.0759064	0.0382672	0.022883	0.0105042	0.012985
151	0.037771	0.00582465	0.00221245	0.00249915	0.00962344	0.00209159	0.0144077	0.242137	0.00392236	0.238236	0.0425915	0.00222484	0.00121478	0.00964265	0.00604393	0.00843877	0.0935617	0.274346	0.000648052	0.00256299
152	0.00650629	0.00409363	0.00206507	0.00332783	0.480194	0.00245835	0.0123857	0.0767704	0.0213952	0.0720141	0.0144456	0.00272887	0.00131839	0.00658426	0.0133828	0.00579173	0.00469086	0.0628921	0.00121551	0.205739
153	0.115066	0.0149389	0.0491943	0.0660908	0.0050998	0.0503824	0.00576004	0.00586207	0.0227245	0.093113	0.00516935	0.00519803	0.323413	0.009273	0.0359732	0.152597	0.00879113	0.00688786	0.00643204	0.018034
154	0.00352648	0.00845426	0.000797562	0.00121349	0.0904714	0.003265	0.0102371	0.0477651	0.00136772	0.742117	0.0309837	0.00112448	0.004597	0.00153925	0.00140498	0.00514142	0.00297312	0.00937419	0.00956352	0.0240834
155	0.0216404	0.00197373	0.00210289	0.0180411	0.000795506	0.00775556	0.00947198	0.00817021	0.460622	0.0183565	0.00453904	0.00597266	0.000442759	0.0831909	0.307802	0.0150307	0.00937317	0.020751	0.000238861	0.00372876
156	0.0282672	0.00305781	0.0654407	0.0259504	0.186707	0.00455417	0.194686	0.00861834	0.0100963	0.0102972	0.0225735	0.0250182	0.00255809	0.0156383	0.062882	0.0806983	0.0113708	0.00619735	0.00148689	0.233901
157	0.00575618	0.00917942	0.00128429	0.00165193	0.126351	0.00364754	0.00928125	0.0446737	0.0021785	0.694817	0.0358112	0.00133734	0.00363175	0.0032601	0.00201011	0.0051464	0.00473703	0.0106074	0.00849628	0.0261422
158	0.0376662	0.0135727	0.0116765	0.0162254	0.304477	0.0108787	0.0305094	0.0561453	0.0252975	0.173669	0.033751	0.0140411	0.00635052	0.0267096	0.0284229	0.0268791	0.0257197	0.0440707	0.00692657	0.107011
159	0.135918	0.00133372	0.00306744	0.00199986	0.0013543	0.0235209	0.00241046	0.00237778	0.0105031	0.00778437	0.00662257	0.0721228	0.0427481	0.0121424	0.00249348	0.493975	0.152362	0.0208123	0.00521947	0.00123162
160	0.136798	0.00503758	0.153221	0.158092	0.00390128	0.0523225	0.0253778	0.00743951	0.0575147	0.0250318	0.0101964	0.0575901	0.0105624	0.0798684	0.0537955	0.0939841	0.0468424	0.0201032	0.000454091	0.00186722
161	0.139063	0.00313105	0.00520903	0.00458237	0.00317069	0.0241255	0.00449019	0.00544545	0.0124602	0.0130735	0.00816929	0.0662257	0.0524077	0.0140049	0.00462457	0.46106	0.147097	0.024054	0.005691	0.00191504
162	0.139264	0.00171652	0.0034775	0.00279431	0.00172662	0.0234983	0.00282031	0.00324733	0.0183742	0.0114757	0.00646642	0.0662403	0.0386876	0.0180179	0.00331248	0.485058	0.138894	0.0254467	0.00793527	0.00154705
163	0.0462408	0.00820528	0.0478257	0.0551888	0.00450747	0.0114236	0.0122976	0.0437018	0.110446	0.0607977	0.0137242	0.0328147	0.00982907	0.051994	0.283191	0.0731869	0.0752951	0.0483991	0.000527426	0.0104035
164	0.234471	0.00817703	0.00966178	0.0571263	0.00815772	0.0521687	0.0324293	0.061863	0.0852002	0.067137	0.0131961	0.0475388	0.00382424	0.0313466	0.0190092	0.101655	0.0669056	0.0917174	0.0025325	0.00588217
165	0.0196059	0.0230928	0.000674585	0.000875778	0.000716895	0.00060498	0.000814836	0.499314	0.00101317	0.0583168	0.00533623	0.000756571	0.00034822	0.00121264	0.00113877	0.00639693	0.0145651	0.364487	0.000192351	0.000536115
166	0.0216409	0.0019573	0.00211402	0.0180818	0.00079343	0.00779512	0.00944056	0.00821555	0.460534	0.0183595	0.00456817	0.00599134	0.000441186	0.0834568	0.307546	0.0150535	0.00937693	0.0206912	0.000240668	0.00370213
167	0.129257	0.00290145	0.0598267	0.104078	0.016992	0.0242923	0.0636523	0.00730251	0.051559	0.0306945	0.0300411	0.0676709	0.00264149	0.161488	0.0620878	0.094588	0.0408692	0.0267249	0.000421079	0.0229125
168	0.0626464	0.0148357	0.00820443	0.0286305	0.0627483	0.0115172	0.0619789	0.156809	0.0529406	0.229416	0.0239279	0.00642641	0.0014838	0.022722	0.0933821	0.0057369	0.0188432	0.117849	0.0101233	0.00977838
169	0.00650085	0.000794678	0.000595594	0.000754315	0.00742904	0.000558608	0.000874156	0.407073	0.00415616	0.396042	0.0247936	0.000629657	0.000427867	0.00177225	0.00107349	0.003775	0.00693557	0.132481	0.00221742	0.0011157
170	0.0216409	0.0019573	0.00211402	0.0180818	0.00079343	0.00779512	0.00944056	0.00821555	0.460534	0.0183595	0.00456817	0.00599134	0.000441186	0.0834568	0.307546	0.0150535	0.00937693	0.0206912	0.000240668	0.00370213
171	0.0468261	0.000648229	0.0988511	0.252907	0.00235216	0.0144091	0.0367982	0.00650297	0.0935427	0.0190269	0.00808788	0.0843511	0.00611333	0.10574	0.145639	0.0485669	0.0224586	0.00634872	0.000218625	0.000612084
172	0.0437719	0.00466147	0.0005759	0.000814048	0.0284108	0.00061606	0.00302951	0.152081	0.00765649	0.461289	0.118054	0.000705826	0.00362429	0.00254181	0.00107048	0.010415	0.0163442	0.118713	0.00678318	0.0188422
173	0.0173264	0.0230724	0.000649634	0.000807593	0.000650394	0.000590294	0.00064649	0.507051	0.000922451	0.0521611	0.00434401	0.000770495	0.000313804	0.00118938	0.00105616	0.00654224	0.0134338	0.367738	0.000197271	0.000536879
174	0.139751	0.00410477	0.158885	0.176614	0.00327657	0.0583632	0.0204992	0.00651216	0.0498223	0.0262145	0.0100467	0.0460585	0.00559032	0.076642	0.0389886	0.118738	0.0408189	0.0148048	0.000218968	0.00405111
175	0.0893773	0.00380738	0.0281264	0.0531837	0.00124229	0.00172164	0.0512453	0.0161382	0.431475	0.00267272	0.00170198	0.0217938	0.00265645	0.0675422	0.121609	0.0576725	0.0357588	0.00668397	0.000369357	0.00522235
176	0.0523008	0.00952278	0.0311473	0.031854	0.0156286	0.0140892	0.0626109	0.0230132	0.162385	0.0319157	0.0151549	0.0339148	0.226438	0.0662586	0.0777142	0.0772325	0.034518	0.0230162	0.00286715	0.00841765
177	0.0032958	0.00852086	0.00077759	0.00122774	0.0901087	0.00328249	0.0104063	0.0468979	0.00132453	0.744159	0.0308592	0.00112017	0.00444536	0.00159133	0.00138624	0.00505078	0.00289261	0.0086886	0.00961401	0.0243506
178	0.135918	0.00133372	0.00306744	0.00199986	0.0013543	0.0235209	0.00241046	0.00237778	0.0105031	0.00778437	0.00662257	0.0721228	0.0427481	0.0121424	0.00249348	0.493975	0.152362	0.0208123	0.00521947	0.00123162
179	0.0538628	0.00436057	0.321959	0.194321	0.00608829	0.0241033	0.0245646	0.00979744	0.028673	0.019068	0.0114958	0.0791049	0.00878939	0.0440147	0.0395898	0.0694502	0.0392941	0.0129696	0.0019636	0.00653045
180	0.136615	0.00445018	0.16338	0.166414	0.00376926	0.049979	0.0281303	0.00705453	0.0542872	0.0238331	0.0100131	0.0637918	0.00813974	0.0798283	0.0463738	0.0894533	0.043958	0.0185817	0.000127999	0.00181949
181	0.0928277	0.00406138	0.0297512	0.0582111	0.00134551	0.00149776	0.0477883	0.0156078	0.42436	0.00248185	0.0017327	0.0211831	0.00419234	0.0717819	0.120168	0.0548144	0.0345707	0.00738359	0.000392031	0.00584808
182	0.00741046	0.00212696	0.000705056	0.00101149	0.0156089	0.00116145	0.00214543	0.253112	0.00298382	0.525871	0.0896297	0.000953412	0.00227811	0.00238844	0.0011652	0.00585735	0.0048592	0.0712095	0.00277663	0.00674587
183	0.544713	0.00794465	0.00145037	0.0151241	0.00796054	0.0049031	0.0017497	0.00534697	0.0270625	0.00314227	0.0201054	0.00383212	0.000795673	0.00597878	0.0179353	0.158063	0.123635	0.0454484	0.00348621	0.00132384
184	0.139906	0.00497083	0.156889	0.166857	0.0039066	0.0528177	0.0256881	0.00708908	0.0550765	0.0262798	0.0102639	0.0545291	0.00771993	0.0807452	0.0437141	0.0955935	0.0472821	0.0187467	0.000129009	0.0017961
185	0.0469477	0.00197428	0.00462589	0.0470159	0.00394173	0.0117875	0.015852	0.133171	0.0199448	0.346198	0.179563	0.0160867	0.00148872	0.0316743	0.0432858	0.00732233	0.0101759	0.0649391	0.000998245	0.0130068
186	0.0199543	0.00375062	0.00143041	0.00216494	0.0255519	0.0017494	0.00461329	0.214048	0.00441175	0.504216	0.0838641	0.00100184	0.00258031	0.00412744	0.00255502	0.00678283	0.0106716	0.091121	0.00426749	0.0111374
187	0.253596	0.0143262	0.00381936	0.0897437	0.00281947	0.101755	0.00608834	0.0201964	0.138681	0.0223032	0.0166944	0.0797622	0.00155418	0.074141	0.0172024	0.0860804	0.0345633	0.0334088	0.000911336	0.00235267
188	0.0506227	0.00778778	0.151031	0.171943	0.00667603	0.288521	0.0158032	0.00850647	0.0315515	0.0162957	0.00815608	0.0581373	0.0112807	0.0346498	0.0340749	0.0663784	0.017109	0.00939576	0.00416879	0.00791168
189	0.0216077	0.0216819	0.00447428	0.0110569	0.225424	0.00567945	0.0146946	0.172329	0.0165581	0.127879	0.0456707	0.00556488	0.00400625	0.0381067	0.0189649	0.012123	0.019844	0.155363	0.000954066	0.0780175
190	0.0222715	0.00282271	0.071821	0.0311816	0.00296587	0.00354684	0.0603589	0.0783471	0.123916	0.038067	0.0388972	0.101654	0.0763166	0.151207	0.102673	0.033328	0.0185084	0.0386718	0.000961274	0.00248405
191	0.0218159	0.0233524	0.000662152	0.000893121	0.000910753	0.000649297	0.00099846	0.486989	0.00109053	0.0702241	0.00773228	0.000834862	0.000447455	0.00125185	0.00118364	0.00605154	0.0163899	0.357718	0.000206524	0.000597784
