230	20
1	0.0188003	0.00182264	0.0735992	0.170645	0.00178326	0.00274403	0.0134419	0.00342785	0.304457	0.0159769	0.00210181	0.0326621	0.00111348	0.0607494	0.153182	0.0571662	0.0774967	0.00635476	0.000717478	0.00175862
2	0.00275193	0.000639628	0.000470345	0.000544878	0.00279328	0.000346012	0.000444518	0.422085	0.0026845	0.138107	0.0180677	0.00313978	0.000169587	0.000526871	0.000942602	0.000759214	0.00352852	0.400116	0.000101873	0.00178051
3	0.00629367	0.0016668	0.00309925	0.0135507	0.0518698	0.0068355	0.0237202	0.214179	0.0480691	0.225384	0.0496469	0.00305291	0.0013478	0.0142198	0.0455122	0.00560166	0.0151989	0.171024	0.000706211	0.0990216
4	0.0154491	0.00381878	0.00173651	0.00376974	0.0332723	0.00162033	0.00344469	0.170314	0.00637569	0.302803	0.18602	0.00211927	0.00279136	0.00393287	0.0169763	0.00507289	0.0197036	0.20372	0.00092468	0.016135
5	0.445617	0.107305	0.00237253	0.00344993	0.00179029	0.0360477	0.00199772	0.0162152	0.00342165	0.0294931	0.00852461	0.00204087	0.00269706	0.00312769	0.00366161	0.187319	0.029376	0.113829	0.000502148	0.00121275
6	0.107434	0.0120912	0.0627832	0.0704259	0.0199894	0.0486742	0.0192889	0.00374752	0.0852798	0.0269322	0.00547628	0.195728	0.00141271	0.075866	0.0337145	0.153105	0.0662846	0.00575674	0.00421292	0.00179612
7	0.127777	0.00696592	0.0509325	0.045739	0.0119123	0.026358	0.0209517	0.0210422	0.0480844	0.0377519	0.0144145	0.0293171	0.253912	0.0425097	0.0471527	0.0988981	0.0522082	0.0429589	0.00299562	0.0181178
8	0.0575726	0.00584673	0.0355744	0.0788828	0.0084789	0.0161718	0.0286609	0.0238759	0.162601	0.0421271	0.0185647	0.0251166	0.0130321	0.12556	0.211157	0.0438997	0.043422	0.0428381	0.00276681	0.0138518
9	0.24589	0.0116368	0.0450284	0.0299963	0.010749	0.180419	0.0130967	0.0124574	0.0340079	0.0211957	0.0107445	0.054003	0.0102851	0.0265238	0.0263001	0.171877	0.0581257	0.0293659	0.00200432	0.00629263
10	0.0163647	0.0071773	0.00476546	0.00641889	0.334628	0.00963137	0.043089	0.010818	0.00749685	0.0594591	0.0103309	0.00512877	0.0214799	0.0066219	0.0236333	0.0116171	0.0459813	0.0283723	0.0199352	0.327051
11	0.140489	0.17305	0.0193842	0.0285617	0.0199045	0.0240901	0.0193568	0.0514838	0.0344038	0.0653064	0.0184083	0.0237539	0.0126352	0.0240505	0.0389428	0.0939386	0.054796	0.131859	0.00477294	0.0208129
12	0.273187	0.015914	0.0181226	0.0256681	0.0659455	0.0397498	0.0230173	0.0414755	0.0239053	0.0310604	0.0120053	0.0209564	0.0212727	0.022375	0.0255081	0.208113	0.0484072	0.0637783	0.00281105	0.0167274
13	0.0886266	0.0100155	0.0721336	0.0550866	0.00962938	0.310939	0.0206466	0.01623	0.0505715	0.0187953	0.0107484	0.106466	0.00941567	0.0441951	0.035653	0.0637925	0.0370124	0.0265325	0.00236298	0.0111475
14	0.0388684	0.00879172	0.004851	0.00771036	0.00561842	0.00337859	0.00536168	0.270917	0.00744448	0.0845392	0.0175479	0.00543751	0.00323321	0.00611173	0.00951594	0.0117058	0.0193069	0.485201	0.000654529	0.00380444
15	0.0714304	0.00202347	0.144581	0.266642	0.00356565	0.0114065	0.0329519	0.02883	0.065345	0.0276878	0.00740528	0.0567153	0.00605039	0.0712519	0.0275501	0.0552898	0.0257045	0.0914722	0.00103937	0.0030576
16	0.0398638	0.0103901	0.0161372	0.0253582	0.0468061	0.0131822	0.0568618	0.0508002	0.0538275	0.0763782	0.139619	0.0150296	0.00728612	0.0348744	0.142013	0.0315298	0.0360299	0.0662346	0.0064928	0.131285
17	0.481742	0.01869	0.0105408	0.0190526	0.0036594	0.0586798	0.00504487	0.0103196	0.012492	0.0199466	0.00656206	0.00993321	0.0188655	0.0142088	0.0122508	0.220993	0.0376154	0.0357892	0.00109033	0.0025241
18	0.00797724	0.00206991	0.00313472	0.00425092	0.00145942	0.00069294	0.002274	0.374957	0.00522657	0.0660022	0.00791329	0.00185431	0.00027772	0.00247952	0.00637869	0.0014267	0.00850124	0.50205	0.000150001	0.000923551
19	0.119048	0.000372766	0.117876	0.271732	0.0030806	0.0166599	0.0305197	0.0240805	0.0448222	0.0413906	0.0107378	0.0530004	0.0011329	0.0994749	0.0360901	0.0445893	0.0371716	0.045863	0.000196151	0.00216193
20	0.201299	0.0247377	0.00514183	0.00504786	0.00639436	0.00317766	0.00445942	0.0802294	0.00439564	0.042669	0.0213144	0.00265287	0.00154791	0.00390209	0.00503064	0.0708435	0.373186	0.120029	0.00782333	0.0161177
21	0.0530539	0.0222051	0.00203093	0.00512752	0.0161408	0.00132528	0.00189389	0.150675	0.00425126	0.372206	0.024106	0.0035921	0.00416752	0.00258712	0.00507394	0.0117705	0.0215267	0.291917	0.00147113	0.00487909
22	0.0945774	0.000848904	0.135194	0.328056	0.00250229	0.0182195	0.0259236	0.0177249	0.0435472	0.0344454	0.00802243	0.0516591	0.00107121	0.0965007	0.033321	0.0402255	0.0300219	0.035841	0.00018747	0.00211006
23	0.0101208	0.00168907	0.0057159	0.107334	0.00346952	0.00279077	0.0293108	0.0423407	0.121564	0.0879902	0.0208006	0.0163559	0.00245695	0.0871028	0.321802	0.0502861	0.0368301	0.0370454	0.0107318	0.00426206
24	0.267125	0.0372988	0.00557942	0.00501105	0.0104177	0.00295856	0.00483093	0.0977283	0.00377795	0.0763464	0.0288425	0.00229973	0.00104903	0.00455606	0.00579668	0.0761136	0.185404	0.170662	0.00386295	0.0103391
25	0.0232277	0.0120866	0.00121222	0.00257733	0.0514406	0.00106833	0.00105046	0.185765	0.00186901	0.580816	0.0178443	0.0011692	0.00449697	0.00300778	0.00259544	0.00253765	0.00288218	0.0943514	0.00106161	0.00894018
26	0.177832	0.00224238	0.11807	0.215442	0.00200887	0.0147875	0.0138896	0.0096087	0.105265	0.0178239	0.00552482	0.0266262	0.000228353	0.078471	0.0916997	0.0637709	0.0379144	0.0178739	0.000113537	0.000807746
27	0.0699597	0.00328362	0.0334544	0.0581931	0.00669426	0.0108983	0.0139488	0.0123016	0.134991	0.0188781	0.00920522	0.0488665	0.169623	0.107058	0.120871	0.0472027	0.0926992	0.0356691	0.00138311	0.00481913
28	0.00276497	0.0006925	0.000521828	0.000621288	0.00277673	0.000345602	0.000491352	0.421121	0.00275124	0.13624	0.0177543	0.00314103	0.000171958	0.00056494	0.00106525	0.000772775	0.00364369	0.402704	0.000100806	0.00175521
29	0.0105825	0.00771087	0.0025988	0.00310213	0.309611	0.0070118	0.0631267	0.00846224	0.00383721	0.053831	0.00749657	0.00209142	0.00558794	0.00301996	0.0250599	0.00333554	0.0531777	0.0257699	0.0239525	0.380635
30	0.272128	0.154448	0.004169	0.00461951	0.00535165	0.0109319	0.00323169	0.0543999	0.00610648	0.0335738	0.0080937	0.00346968	0.00152653	0.00540688	0.0060922	0.128371	0.0426416	0.250246	0.00149302	0.00369911
31	0.0266948	0.00558807	0.00942433	0.020656	0.0758457	0.00410723	0.105689	0.0350472	0.0876326	0.097026	0.0236699	0.00758461	0.00296663	0.0228807	0.151295	0.00972288	0.0158371	0.0625583	0.00772568	0.228048
32	0.0168542	0.00345806	0.0190895	0.00940167	0.00383852	0.00655181	0.729309	0.00941884	0.0589932	0.0111857	0.00560426	0.0186953	0.00278105	0.00980647	0.0389146	0.0245191	0.0116312	0.0133784	0.0017909	0.00477839
33	0.0281452	0.00222357	0.0322564	0.701906	0.00249726	0.00380329	0.00545128	0.00480713	0.013437	0.00700404	0.00337077	0.00444584	0.0153683	0.104896	0.00795631	0.0285275	0.00905643	0.00709102	0.0145564	0.00319962
34	0.00989978	0.00217998	0.00087589	0.00127265	0.00657601	0.00106321	0.00111904	0.398407	0.00347643	0.145785	0.0202919	0.00317515	0.000454984	0.00092707	0.00217353	0.00291435	0.00714159	0.386514	0.000244788	0.0055081
35	0.0458355	0.011301	0.00576238	0.00924972	0.00687589	0.00447909	0.00606362	0.257593	0.00789934	0.0941728	0.0204334	0.00468925	0.00263336	0.00603747	0.00928353	0.0179807	0.0287302	0.455577	0.00111383	0.00428889
36	0.0351976	0.00515353	0.0263912	0.025436	0.0184935	0.0100118	0.536608	0.017418	0.0589474	0.0234385	0.0105871	0.0202979	0.00642802	0.024483	0.0495037	0.0382797	0.0290191	0.0291071	0.00352935	0.0316701
37	0.0700932	0.00998213	0.0901865	0.0973873	0.0137055	0.0903737	0.0340332	0.0181107	0.0613393	0.0297765	0.0140142	0.16495	0.0140935	0.0516786	0.0503838	0.0791467	0.0668248	0.0331631	0.00323402	0.00752311
38	0.0359537	0.00124975	0.00286228	0.0276724	0.000913726	0.00793083	0.020404	0.00726703	0.455423	0.0265557	0.0105828	0.00695891	0.00243646	0.0667404	0.264309	0.0175808	0.0290701	0.0153318	0.000217392	0.000540225
39	0.0103437	0.00787107	0.00219545	0.00258042	0.313503	0.00704779	0.0582987	0.00843368	0.00306306	0.0547857	0.0071459	0.00205905	0.00542535	0.00257556	0.0241151	0.00318268	0.0538509	0.025855	0.0249157	0.382752
40	0.0273221	0.00384721	0.00214041	0.00337743	0.002435	0.00153658	0.00212112	0.306051	0.00396724	0.0631016	0.00928193	0.00184509	0.00077145	0.00211051	0.00423811	0.00375123	0.0131545	0.547128	0.000365465	0.00145354
41	0.0198078	0.00480494	0.0014841	0.00257092	0.0138641	0.00123462	0.00151179	0.300804	0.00299628	0.181408	0.0867964	0.00228144	0.00118186	0.00166532	0.00517103	0.00582511	0.0169443	0.343553	0.000675928	0.00541938
42	0.023632	0.00177906	0.232154	0.500239	0.000331572	0.0187576	0.00827155	0.000653236	0.0185051	0.00194465	0.000520277	0.0431452	0.00102744	0.0710958	0.0238654	0.0382852	0.010193	0.00337176	0.000159721	0.00206836
43	0.0850457	0.000553661	0.278387	0.179414	0.0030519	0.0518392	0.0183147	0.00144262	0.0378285	0.00468588	0.00728971	0.0660507	0.000529284	0.0272698	0.0430776	0.136866	0.0507214	0.00538357	0.000285926	0.00196282
44	0.0204994	0.0130072	0.00348565	0.0041819	0.12561	0.00260957	0.00340747	0.103312	0.00430977	0.574342	0.0485913	0.00256457	0.0107182	0.0121085	0.00484824	0.00581961	0.00558377	0.04029	0.00163991	0.0130712
45	0.0838107	0.00918358	0.00598753	0.0849186	0.00123562	0.00653925	0.00735603	0.0127565	0.364396	0.0178117	0.00379075	0.0038232	0.00136502	0.0599375	0.248711	0.0472954	0.0240268	0.0135517	0.0004386	0.00306436
46	0.0423249	0.000942701	0.00325748	0.0236696	0.000836282	0.00884633	0.0213909	0.00563694	0.458809	0.0308702	0.0177614	0.00888932	0.00314873	0.08083	0.249018	0.0129589	0.0201786	0.00984854	0.000251587	0.000531288
47	0.0653531	0.00896791	0.0647381	0.055554	0.0109347	0.217061	0.0339858	0.0213598	0.0801835	0.0270444	0.0132173	0.0752507	0.0162951	0.0493572	0.11559	0.0609324	0.0391316	0.0318063	0.0035332	0.00970403
48	0.0958709	0.0111083	0.00348023	0.00363243	0.00752229	0.00384013	0.0024215	0.197933	0.00200818	0.0464361	0.0110937	0.00131282	0.000655601	0.00188108	0.00234034	0.0160911	0.035626	0.552553	0.00115688	0.00303665
49	0.00411866	0.00176848	0.00881416	0.0106048	0.00087814	0.00108771	0.00593488	0.420304	0.0133431	0.0237724	0.00176846	0.00123523	0.000624445	0.00775966	0.0198563	0.00249288	0.0104948	0.464081	0.00028048	0.000780832
50	0.0257748	0.0109427	0.00787937	0.0105932	0.181734	0.00823489	0.0228803	0.0844735	0.0150381	0.289492	0.033737	0.00940562	0.00800725	0.012657	0.0230785	0.0141591	0.0280989	0.071815	0.00869008	0.133309
51	0.0227531	0.00373305	0.00325274	0.00608405	0.000640599	0.00125167	0.00247988	0.286054	0.00471513	0.0188362	0.00170641	0.000928929	0.000334539	0.00252063	0.00603712	0.00227739	0.014908	0.620719	0.000186486	0.000580774
52	0.0215212	0.00163507	0.22807	0.51489	0.000306563	0.0172098	0.00885701	0.000602122	0.0180426	0.00202487	0.000440068	0.0412124	0.00122123	0.069886	0.022518	0.0359649	0.00972729	0.00346283	0.00015992	0.00224836
53	0.0212544	0.00161375	0.22825	0.516273	0.000304983	0.0168137	0.00891329	0.000605926	0.0179293	0.0020811	0.000430642	0.040781	0.00133994	0.0696213	0.0223341	0.0358037	0.00971589	0.00348852	0.000161939	0.00228313
54	0.0406738	0.01284	0.00145231	0.00993785	0.0074459	0.00108992	0.00126229	0.140445	0.00751511	0.44612	0.0158687	0.00737055	0.00893747	0.00185012	0.00379968	0.00618901	0.0241244	0.256959	0.00324221	0.00287712
55	0.103515	0.000888622	0.291249	0.174714	0.00214581	0.0215557	0.0636936	0.00248021	0.0281573	0.0043354	0.00362293	0.0479558	0.00184677	0.0191194	0.0209583	0.135496	0.0490618	0.0215725	0.000324888	0.0073078
56	0.0229901	0.00152202	0.157677	0.587581	0.000649291	0.0118277	0.00589549	0.00126376	0.0182679	0.00252142	0.000828607	0.0251703	0.0035416	0.0978371	0.0148273	0.0309983	0.00923348	0.00292878	0.00256481	0.00187373
57	0.0866158	0.0104416	0.00187289	0.00329571	0.00409284	0.00387475	0.00164047	0.210543	0.0019476	0.0274849	0.00864192	0.00111751	0.000664886	0.00153282	0.00190663	0.0121108	0.0286775	0.591457	0.000572938	0.00150825
58	0.0847618	0.00129178	0.270349	0.248172	0.00125195	0.00487249	0.0268259	0.00885554	0.0134719	0.0143797	0.00217525	0.0422802	0.0952618	0.0624087	0.0277062	0.0557659	0.017273	0.020247	0.000775228	0.00187518
59	0.0942713	0.00102905	0.286902	0.216857	0.000952771	0.00181902	0.0297995	0.00992821	0.0117029	0.0138002	0.00167182	0.0432631	0.0999426	0.0603622	0.0292748	0.0593537	0.0172812	0.0197584	0.000493742	0.00153659
60	0.0157903	0.00508233	0.0960032	0.060399	0.000842785	0.448918	0.00946984	0.0018197	0.0577937	0.00219378	0.00515704	0.18119	0.00441727	0.0506455	0.0156717	0.0282925	0.0125351	0.00258668	0.000286162	0.000905813
61	0.401354	0.00129518	0.0140819	0.0610755	0.00156145	0.0324409	0.00345018	0.011652	0.00753917	0.00390444	0.0033747	0.0366939	0.000962012	0.0653025	0.0371792	0.268413	0.0211274	0.0253875	0.000674377	0.00253039
62	0.0101625	0.00254349	0.00445467	0.00694016	0.00279271	0.00448108	0.0717384	0.282903	0.0425102	0.0618623	0.00429856	0.0295338	0.0893547	0.0241692	0.0716358	0.00878614	0.0669882	0.193971	0.0177983	0.00307566
63	0.0532065	0.0196608	0.00130561	0.00682035	0.00993488	0.00103943	0.00123332	0.141227	0.00510865	0.391584	0.0217141	0.00433817	0.00547797	0.00150668	0.00425823	0.00958168	0.0257566	0.290652	0.0020711	0.00352327
64	0.00288547	0.000671101	0.000505844	0.00059054	0.00268327	0.000361719	0.000498891	0.420713	0.00269863	0.134881	0.0191041	0.00309374	0.000169844	0.000563173	0.0011444	0.000782859	0.00398619	0.402815	0.000111429	0.00173911
65	0.00910739	0.00663821	0.0021422	0.00257977	0.327455	0.00770134	0.0397682	0.00719211	0.00315528	0.0656414	0.00856048	0.00215829	0.00590728	0.00275113	0.0200218	0.00350933	0.0450155	0.0280166	0.0251186	0.38756
66	0.160759	0.0136736	0.0401505	0.0474713	0.00935801	0.0317488	0.0196607	0.0246521	0.0319661	0.0291398	0.0138959	0.0276815	0.0195009	0.0292601	0.0304686	0.340756	0.0817131	0.0364809	0.00253575	0.00912716
67	0.445082	0.0166508	0.0167143	0.0274046	0.00641321	0.0579173	0.0125573	0.0234475	0.0186831	0.0285802	0.00965489	0.0144458	0.0148736	0.0202409	0.0204397	0.155929	0.0493107	0.0522236	0.00216654	0.00726546
68	0.030791	0.0057157	0.0295147	0.0293777	0.0161957	0.0122833	0.535905	0.0200932	0.0547493	0.0243996	0.0104857	0.0231487	0.00687287	0.0212007	0.0492038	0.0344105	0.0335514	0.0297268	0.00343334	0.0289407
69	0.0953649	0.00796405	0.0747561	0.0660222	0.0090546	0.305851	0.0157938	0.0125903	0.054253	0.0158192	0.00753749	0.111978	0.00857817	0.0452439	0.0337555	0.0677294	0.0360296	0.0232606	0.0017412	0.00667708
70	0.0294064	0.00416333	0.002477	0.00418035	0.00103198	0.00151409	0.00201291	0.284704	0.00366808	0.0293051	0.00404885	0.00110169	0.000341027	0.00178723	0.0044886	0.00287084	0.0167379	0.605281	0.000191692	0.000688377
71	0.377758	0.00329082	0.00661345	0.00799758	0.00391234	0.00424098	0.00512945	0.00523761	0.00634239	0.00676128	0.00385954	0.00468527	0.184221	0.00673836	0.00727718	0.345613	0.00800681	0.00872167	0.000849591	0.00274349
72	0.0374743	0.00109288	0.00364436	0.0277237	0.00101231	0.00772351	0.0221372	0.00593392	0.449035	0.0308295	0.0155545	0.00963533	0.0183903	0.0810473	0.241031	0.013321	0.022941	0.0105299	0.00027964	0.000662912
73	0.39278	0.00149518	0.021119	0.100117	0.00158393	0.00611682	0.011162	0.00457205	0.0296229	0.00370011	0.0112635	0.0148813	0.00102686	0.0742818	0.00789826	0.212185	0.0715643	0.0237894	0.000567773	0.0102735
74	0.00939097	0.00235689	0.00263013	0.00364365	0.0013901	0.00063163	0.00200297	0.354386	0.00414416	0.0612104	0.00725149	0.00161428	0.000317184	0.00225764	0.0051734	0.00123794	0.00874449	0.530555	0.000173014	0.000888644
75	0.00958737	0.00249631	0.00523662	0.139147	0.00329256	0.0040258	0.0697622	0.0236573	0.0629697	0.0423373	0.00464297	0.00502885	0.0228007	0.147838	0.225722	0.0284685	0.00905549	0.12194	0.001695	0.0702957
76	0.125827	0.000606254	0.0953357	0.320584	0.00271576	0.0123511	0.0314379	0.0167692	0.0393025	0.0378119	0.0145852	0.0443442	0.000862827	0.101287	0.0352882	0.0471902	0.0373141	0.0305508	0.00027242	0.00556321
77	0.611279	0.0122473	0.00121523	0.00210505	0.00138741	0.0940366	0.0011604	0.00250658	0.00188644	0.0181045	0.00286044	0.00116132	0.000545237	0.00146437	0.00176746	0.198527	0.0169528	0.0297172	0.000275508	0.000799929
78	0.208414	0.00344273	0.0952802	0.171826	0.00207532	0.0166146	0.0131985	0.00603619	0.121554	0.0125484	0.00478727	0.0207412	0.00017564	0.080937	0.114358	0.0789484	0.0336115	0.0150744	8.33901e-05	0.000294454
79	0.208443	0.00345113	0.095701	0.172244	0.00207363	0.0167214	0.0131728	0.00606836	0.12102	0.0125055	0.00480012	0.0208345	0.000176525	0.0806906	0.114125	0.0790256	0.0334832	0.0150876	8.30515e-05	0.000292529
80	0.0190476	0.0315088	0.00717246	0.0122351	0.0120772	0.00639091	0.0379243	0.0430869	0.145291	0.204096	0.0155786	0.0403131	0.00314376	0.0137655	0.27801	0.0175469	0.0155969	0.0233452	0.00258327	0.0712869
81	0.0159552	0.00630972	0.0958888	0.0590783	0.000833117	0.406311	0.0112717	0.00193576	0.0617286	0.00225713	0.00623063	0.201863	0.00566104	0.0617987	0.0180576	0.0290256	0.0120755	0.00253729	0.000297988	0.000884071
82	0.0201726	0.013706	0.00277068	0.00327764	0.101367	0.00162754	0.0023819	0.112598	0.00342791	0.609088	0.0449898	0.00179541	0.0109769	0.0119281	0.00361944	0.00458463	0.00405309	0.0413718	0.00104114	0.00522167
83	0.023955	0.00133923	0.0335924	0.0646656	0.0228315	0.00389738	0.0424867	0.0721386	0.104893	0.0452443	0.00656612	0.0481393	0.0102288	0.131866	0.17522	0.0381694	0.117516	0.0537831	0.00172812	0.00174057
84	0.148931	0.0100615	0.0182968	0.0125283	0.0328364	0.00354636	0.0110964	0.166657	0.00318597	0.0920303	0.0175578	0.00206011	0.000826159	0.00325607	0.00385799	0.0454928	0.100172	0.299719	0.00795678	0.0199317
85	0.0104373	0.00269654	0.0039587	0.00920082	0.0621261	0.0180218	0.0127823	0.324522	0.0246302	0.118154	0.0244205	0.0032271	0.0015404	0.00932501	0.0218014	0.00719535	0.0119691	0.216549	0.000822438	0.11662
86	0.0645645	0.00626834	0.194089	0.176138	0.010787	0.0865663	0.0258509	0.010122	0.0426639	0.0185722	0.00729996	0.102655	0.0140028	0.0544321	0.0378408	0.075734	0.0456346	0.019881	0.00210311	0.00479465
87	0.398622	0.0159269	0.0314825	0.0381413	0.0109132	0.0578546	0.0124017	0.027149	0.0259915	0.0342633	0.0105427	0.0144689	0.0160862	0.0227932	0.0249721	0.145913	0.0400144	0.0629908	0.00179436	0.00767851
88	0.0731646	0.0150737	0.0206629	0.0131333	0.00726348	0.022833	0.0121863	0.0247588	0.0196951	0.0193754	0.0141345	0.0207269	0.00280403	0.0251318	0.0142521	0.261951	0.359325	0.062422	0.00329524	0.00781081
89	0.141205	0.181137	0.0200556	0.0252813	0.0159277	0.0261941	0.0219547	0.0458327	0.0368337	0.0668325	0.0199724	0.0184262	0.0106505	0.0249714	0.0431804	0.0988842	0.0491529	0.133125	0.00412321	0.0162592
90	0.0784211	0.010558	0.0332161	0.0298369	0.0115701	0.102045	0.0203884	0.0342061	0.0444232	0.0395707	0.0171558	0.0276568	0.222197	0.0387609	0.0466249	0.0619067	0.0525617	0.105879	0.00427086	0.0187512
91	0.0415364	0.011735	0.00604892	0.0130156	0.0423481	0.0102908	0.0110261	0.138894	0.0189493	0.405603	0.0339262	0.0106854	0.00769066	0.0168337	0.0230962	0.0215771	0.0280168	0.136355	0.002692	0.0196792
92	0.0509715	0.011809	0.0068631	0.0134668	0.00847318	0.00512099	0.00621532	0.243702	0.0129679	0.0836461	0.0166865	0.00622761	0.00516792	0.00983445	0.0136002	0.0190994	0.0275129	0.450739	0.000864408	0.00703159
93	0.0338473	0.00321897	0.0448319	0.00596891	0.00257718	0.0318632	0.0100311	0.0205404	0.0225286	0.0320871	0.00616774	0.0574461	0.00173633	0.0142343	0.00959614	0.228355	0.456021	0.0149414	0.00108266	0.00292449
94	0.0518196	0.00845382	0.0203352	0.0319957	0.0492482	0.0131827	0.0408404	0.0263325	0.202654	0.056352	0.022836	0.0355422	0.0107713	0.0501864	0.226054	0.0366953	0.035332	0.0414703	0.0076523	0.0322457
95	0.0210964	0.00353793	0.00228785	0.00400952	0.00334288	0.00119667	0.00190002	0.341363	0.00417973	0.0829209	0.0138076	0.00269086	0.000671489	0.00198636	0.00406187	0.00367366	0.0116469	0.493817	0.000303317	0.00150581
96	0.0284809	0.00381228	0.0235311	0.0243731	0.0180808	0.0127688	0.563187	0.0173869	0.0551531	0.0224831	0.00929706	0.0244018	0.00588911	0.0227961	0.0469221	0.0342721	0.0311429	0.0289774	0.00289609	0.0241481
97	0.0310797	0.00252503	0.00258737	0.00386172	0.0283233	0.00546422	0.0359847	0.0665822	0.155459	0.1384	0.0572454	0.0823987	0.000992846	0.032047	0.189113	0.042634	0.0176097	0.104119	0.000560545	0.00301147
98	0.0480495	0.00282503	0.104537	0.139788	0.00152025	0.024331	0.00502425	0.00585558	0.125726	0.00659795	0.0144006	0.0315355	0.00169637	0.305327	0.0929081	0.0378283	0.0289941	0.0127123	0.000929809	0.00941397
99	0.164673	0.0126656	0.00522086	0.00512241	0.00930914	0.0142819	0.00487657	0.168966	0.00465793	0.0467781	0.02188	0.00237946	0.00167933	0.00396091	0.00457514	0.0340778	0.0323553	0.456785	0.00148601	0.00426841
100	0.0789634	0.0018794	0.0259378	0.0606812	0.00834189	0.0131622	0.0307278	0.077285	0.133263	0.0485748	0.0256529	0.0279274	0.00175485	0.110737	0.133065	0.0511486	0.0643169	0.101498	0.00252173	0.00256049
101	0.0931987	0.0227198	0.00319961	0.00306135	0.0158201	0.00239487	0.00214116	0.191826	0.00205095	0.177848	0.0278951	0.00151572	0.000403862	0.00151064	0.00323437	0.0263863	0.0352406	0.383354	0.00139144	0.00480691
102	0.00312206	0.000710045	0.00045803	0.00054079	0.00292295	0.000341722	0.000443668	0.422074	0.00268031	0.138424	0.0179215	0.00327074	0.000173102	0.000539037	0.000934587	0.00095446	0.00366082	0.398966	0.000101861	0.0017595
103	0.00878065	0.00176627	0.00248371	0.00760044	0.0521209	0.00437497	0.0117848	0.179668	0.0246613	0.234022	0.160769	0.00265221	0.00100732	0.00785638	0.0261271	0.00455282	0.0164837	0.180952	0.000660705	0.0716764
104	0.0181069	0.00329557	0.00257644	0.00432701	0.000962443	0.000943496	0.00215931	0.311643	0.0042315	0.0380152	0.00401241	0.00125717	0.000321681	0.00205431	0.00529903	0.00187135	0.0122439	0.58579	0.000169558	0.00071948
105	0.0906491	0.00964143	0.0689629	0.0602486	0.00920481	0.319356	0.0168902	0.0144962	0.0543983	0.0227982	0.00957148	0.101823	0.00869097	0.0450134	0.0348851	0.0654185	0.0338416	0.0250718	0.00222562	0.00681254
106	0.0322256	0.00440045	0.0754036	0.0391009	0.00840747	0.0306599	0.461878	0.00790966	0.0642623	0.0135178	0.0054864	0.0675053	0.00491596	0.0212188	0.0337739	0.0693821	0.0385662	0.0138775	0.00241928	0.00508872
107	0.208408	0.00346004	0.0950977	0.171676	0.00207515	0.0166182	0.0132183	0.00603445	0.121533	0.0125441	0.00478491	0.0206918	0.00017564	0.0809959	0.114564	0.0790647	0.0335738	0.0151038	8.35661e-05	0.000297157
108	0.0193667	0.00624812	0.0978669	0.0560393	0.00278199	0.394569	0.0130063	0.00185152	0.0609349	0.00424263	0.00593526	0.199602	0.00506525	0.0594599	0.0209	0.0328121	0.0143904	0.00290988	0.000714274	0.00130393
109	0.032374	0.0074012	0.0274417	0.0284129	0.0158166	0.0150605	0.532074	0.0199278	0.0589334	0.0233025	0.0110936	0.0261941	0.00595602	0.0236377	0.0503999	0.0332346	0.0283579	0.028858	0.00347128	0.028052
110	0.104892	0.00238503	0.166521	0.127894	0.00351069	0.00600183	0.0161198	0.0107178	0.0427041	0.0145758	0.00429693	0.0233653	0.11477	0.106943	0.0821822	0.0386589	0.0450914	0.0844734	0.00128981	0.00360672
111	0.0575558	0.0037641	0.144055	0.380358	0.0036808	0.0206528	0.0215264	0.0113167	0.0466591	0.0189921	0.00702315	0.0361003	0.0103657	0.0839927	0.0445285	0.050647	0.027402	0.0217017	0.00290714	0.00677052
112	0.0933494	0.0107463	0.00262969	0.00375928	0.00533014	0.00410914	0.00208977	0.206923	0.00205209	0.0328825	0.00946185	0.00110409	0.00084868	0.00169261	0.00208848	0.0142309	0.0331704	0.570494	0.000798359	0.00223948
113	0.00798802	0.00183346	0.0188959	0.0641931	0.00198176	0.00302491	0.00685426	0.415142	0.0321483	0.0127264	0.00287659	0.00285315	0.00171254	0.0290484	0.0275868	0.00635882	0.0100014	0.351638	0.000840112	0.00229589
114	0.384215	0.0109111	0.0241709	0.0293581	0.00633983	0.175726	0.011073	0.0130098	0.024593	0.0228276	0.00659309	0.0283285	0.00667481	0.0214228	0.0242778	0.139607	0.0283066	0.0369519	0.00187306	0.0037392
115	0.16235	0.0199012	0.00863546	0.00737369	0.00954044	0.00456666	0.00627751	0.109997	0.00536821	0.0594533	0.0184636	0.00366106	0.00163117	0.0056315	0.00694771	0.0707623	0.331476	0.148227	0.00674629	0.0129892
116	0.0766414	0.0224372	0.0060302	0.0102812	0.0409205	0.00469668	0.0284902	0.0814442	0.011024	0.221651	0.0629667	0.00892618	0.00208824	0.0478155	0.0833852	0.0818819	0.094037	0.10966	0.00108548	0.0045369
117	0.190851	0.00631592	0.0867639	0.124153	0.00580995	0.115846	0.0150349	0.0108981	0.0471367	0.0185641	0.00995984	0.0613084	0.00880087	0.0503281	0.0450751	0.133721	0.038543	0.0253902	0.00138985	0.00410944
118	0.0145093	0.00306383	0.00877454	0.140441	0.00435738	0.0048693	0.0747015	0.0224247	0.057491	0.0381621	0.00793954	0.00841332	0.0165067	0.159109	0.248811	0.0273719	0.0149619	0.0992919	0.00296532	0.0458347
119	0.15273	0.0100464	0.0177894	0.0114479	0.0335759	0.00313581	0.0100759	0.161935	0.00327435	0.098928	0.0170592	0.0020009	0.00100153	0.00318377	0.00382753	0.0469882	0.0983215	0.295415	0.00901426	0.0202491
120	0.019079	0.00210269	0.014541	0.00478316	0.0383877	0.00250436	0.17473	0.0610955	0.0163905	0.108837	0.014418	0.00339012	0.00121893	0.0480191	0.0280337	0.0406717	0.253849	0.0767169	0.000591253	0.0906406
121	0.00772228	0.00258517	0.000691052	0.00207743	0.00599712	0.000472945	0.000662766	0.362053	0.0036236	0.209357	0.0163735	0.00353455	0.00211862	0.000795023	0.00148577	0.0014935	0.00605113	0.369966	0.000681767	0.00225791
122	0.00735798	0.00232452	0.0015925	0.00217937	0.00153894	0.000487561	0.00137159	0.345497	0.00315941	0.0730528	0.0081075	0.00179093	0.000245912	0.000966466	0.00310466	0.000944064	0.00753383	0.53773	0.000142201	0.000872629
123	0.0224679	0.003312	0.205785	0.48588	0.000447408	0.0372445	0.00649737	0.00079142	0.0186685	0.00247475	0.000625586	0.0460545	0.00105958	0.0922253	0.0240642	0.0393662	0.00802943	0.00321153	0.000205732	0.00158942
124	0.0252728	0.00230521	0.119937	0.00360413	0.00165211	0.0570797	0.022794	0.00539638	0.0603972	0.00885166	0.00237141	0.0940395	0.00112607	0.0136843	0.0221351	0.237194	0.29745	0.0225865	0.000519837	0.00160249
125	0.0692928	0.0101675	0.0258014	0.0314809	0.0106033	0.0118082	0.030553	0.00319029	0.313228	0.013102	0.0113483	0.121733	0.0902038	0.0358178	0.155698	0.0445817	0.0143428	0.00501658	0.000475862	0.00155459
126	0.0189056	0.007146	0.00139716	0.0091841	0.0186386	0.00100317	0.00115829	0.139633	0.00674143	0.550012	0.014231	0.00457265	0.0138608	0.00259247	0.00280236	0.00264425	0.0130873	0.184993	0.00451903	0.00287775
127	0.169514	0.0241865	0.0050377	0.00745229	0.0679346	0.0652105	0.0605745	0.110565	0.00831611	0.00923875	0.00427162	0.00478709	0.00220906	0.00730284	0.00844018	0.233628	0.0537179	0.113881	0.000986178	0.0427459
128	0.00924512	0.00675902	0.00227142	0.00270512	0.306221	0.00722869	0.0396083	0.00738622	0.00324695	0.0674032	0.00964288	0.00208491	0.00528943	0.00262484	0.0203768	0.00350209	0.045014	0.0312743	0.0291823	0.398934
129	0.0934749	0.0232451	0.00321573	0.00305111	0.01584	0.0023861	0.00212703	0.184456	0.00204173	0.184308	0.028	0.00135046	0.000399808	0.00149133	0.00326765	0.0259575	0.0352193	0.383938	0.00139044	0.00483995
130	0.0499515	0.00564547	0.00811421	0.0127065	0.00290093	0.0150336	0.00563414	0.0135956	0.016682	0.0133692	0.0409693	0.0106165	0.00291151	0.0426693	0.00711201	0.337578	0.395136	0.0148814	0.00100086	0.00349216
131	0.102579	0.00990801	0.0581399	0.0978371	0.00973085	0.0240551	0.0186319	0.0202965	0.0684823	0.0328797	0.0155271	0.0340936	0.0185225	0.134486	0.0674071	0.151213	0.0844099	0.037695	0.00331912	0.0107858
132	0.0743955	0.0100705	0.0326868	0.0228228	0.00653511	0.0279575	0.0132755	0.0217565	0.0295063	0.0228526	0.0149768	0.0305306	0.00810906	0.0326032	0.0196794	0.221861	0.368281	0.0316419	0.00308384	0.0073743
133	0.0848864	0.0103763	0.0299896	0.0289034	0.0120876	0.0213762	0.0219066	0.0336045	0.0361705	0.0326954	0.0166515	0.0301311	0.00807835	0.0348222	0.0292581	0.134094	0.358211	0.0573175	0.00547751	0.0139621
134	0.0762135	0.0128674	0.121737	0.0842411	0.0235975	0.0246189	0.0272075	0.043803	0.0502217	0.164187	0.0212817	0.040647	0.014608	0.0502353	0.0495122	0.0631453	0.0494934	0.0633243	0.00501038	0.0140483
135	0.362557	0.00410283	0.0091086	0.0104384	0.00400505	0.00625883	0.00552262	0.00568478	0.00833037	0.00865671	0.00479871	0.00656776	0.171763	0.00925549	0.00995478	0.34682	0.0108816	0.0114069	0.000910003	0.002977
136	0.00891516	0.000743007	0.00100659	0.00162153	0.0117889	0.0010529	0.00123105	0.333758	0.0025839	0.143009	0.126482	0.00224403	0.00053845	0.00164392	0.00682765	0.00222601	0.0202982	0.32983	0.000310312	0.00389021
137	0.0863449	0.00115234	0.294996	0.249993	0.00102774	0.00381402	0.0258093	0.00796791	0.012095	0.0133046	0.00184621	0.042227	0.0849798	0.059515	0.0256296	0.0541836	0.0161612	0.0167465	0.000531341	0.00167543
138	0.0250536	0.0015673	0.211398	0.525806	0.000519813	0.0144021	0.0109141	0.00100545	0.0174498	0.0032082	0.00135883	0.0365344	0.00291838	0.0723284	0.0208397	0.0360485	0.0104905	0.00371825	0.000750495	0.00368772
139	0.189108	0.0140712	0.00468266	0.00606592	0.00336175	0.00501151	0.00455798	0.0375237	0.00677827	0.024406	0.0128071	0.00496492	0.00226421	0.00568561	0.00590863	0.0703347	0.496264	0.0809958	0.0157328	0.00947496
140	0.163319	0.00248254	0.00476157	0.0142149	0.00131553	0.0192703	0.0222439	0.0251876	0.167543	0.0755881	0.0323566	0.029749	0.002917	0.0527943	0.176001	0.100268	0.0545169	0.047038	0.000473278	0.00795948
141	0.0102091	0.00107737	0.00151873	0.00219402	0.0172701	0.00143641	0.00165561	0.28802	0.00281125	0.143031	0.17929	0.00199977	0.000776181	0.00224431	0.0107994	0.00319971	0.0319491	0.294222	0.000381641	0.00591349
142	0.0984375	0.0169381	0.00528426	0.00496673	0.0146048	0.00312709	0.00322939	0.235323	0.00244665	0.137265	0.0214813	0.00174065	0.000553224	0.00205552	0.00326236	0.0311387	0.0415322	0.368541	0.00205602	0.00601535
143	0.209545	0.00286894	0.113135	0.176372	0.00222533	0.0185255	0.0125057	0.00637881	0.11371	0.0131143	0.0052469	0.0243657	0.000199766	0.0755506	0.102433	0.0767727	0.0333446	0.013275	9.3602e-05	0.000337302
144	0.47973	0.00169262	0.00285695	0.0357812	0.00202687	0.0252491	0.00306981	0.0907267	0.0937435	0.0696553	0.00228137	0.00257279	0.00144253	0.0481456	0.0394601	0.0170996	0.025821	0.0447665	0.000899836	0.0129788
145	0.00704799	0.00250251	0.000765171	0.00138951	0.0109884	0.00049894	0.00074476	0.37228	0.00302144	0.233321	0.018008	0.00280175	0.00143481	0.00107115	0.00167804	0.00160037	0.00395505	0.332804	0.000521318	0.00356514
146	0.0396298	0.000960353	0.00357301	0.0267509	0.00079142	0.00789189	0.0221186	0.00659755	0.457212	0.0285918	0.0137347	0.00882267	0.00295591	0.0766714	0.254301	0.0145854	0.0230865	0.0110692	0.000204645	0.000452105
147	0.208408	0.00346004	0.0950977	0.171676	0.00207515	0.0166182	0.0132183	0.00603445	0.121533	0.0125441	0.00478491	0.0206918	0.00017564	0.0809959	0.114564	0.0790647	0.0335738	0.0151038	8.35661e-05	0.000297157
148	0.0289642	0.00105349	0.00298022	0.023991	0.00123138	0.0065342	0.0214885	0.00592925	0.42431	0.0248043	0.00971136	0.00597253	0.0023756	0.0568221	0.328553	0.0132777	0.0242002	0.0168322	0.000325581	0.000642899
149	0.00946693	0.00706428	0.00201583	0.00248113	0.330202	0.00798178	0.0455935	0.0075397	0.00308389	0.0601241	0.00760731	0.00221536	0.00600014	0.00253795	0.0213597	0.00330285	0.0485864	0.0257835	0.0242495	0.382804
150	0.0717457	0.00745172	0.050663	0.0195544	0.00881167	0.0542145	0.00994606	0.0107388	0.0619561	0.0178683	0.00950838	0.0129235	0.339903	0.0239435	0.0265861	0.06773	0.130449	0.0289982	0.00261396	0.044394
151	0.111489	0.00412035	0.0941273	0.0394926	0.0192657	0.0537611	0.0364705	0.00232353	0.0641739	0.0499844	0.00760151	0.225249	0.000865596	0.0667628	0.0391146	0.100028	0.0730728	0.00369767	0.00701986	0.00137931
152	0.0675294	0.00341613	0.0347551	0.0816743	0.0249593	0.0113202	0.0563469	0.094195	0.0692224	0.0344458	0.0182428	0.0360017	0.00134202	0.093884	0.0707047	0.0511733	0.0987299	0.143595	0.00497762	0.00348496
153	0.155418	0.00117394	0.0911272	0.193877	0.00234336	0.066835	0.0405217	0.0219558	0.0212589	0.0377577	0.0184717	0.0925212	0.00106487	0.0664325	0.020951	0.059483	0.0525447	0.0535788	0.000543833	0.00213953
154	0.0642707	0.00888806	0.0411092	0.0559909	0.0187956	0.0197149	0.0213635	0.0343008	0.0533882	0.129332	0.0220623	0.0307002	0.155668	0.1054	0.062153	0.0580147	0.0439155	0.0567441	0.00407374	0.0141134
155	0.0996693	0.00470241	0.0561888	0.0311852	0.00342609	0.0787708	0.0907798	0.026207	0.145623	0.0109422	0.00399207	0.00683105	0.0384888	0.0528924	0.238336	0.0688633	0.00877851	0.0269958	0.00095533	0.00637247
156	0.151065	0.00255846	0.00580475	0.0155548	0.00219113	0.0258872	0.024903	0.0187328	0.164505	0.0667188	0.0237141	0.0411705	0.0074252	0.0487102	0.181058	0.121276	0.0553113	0.0363147	0.000595925	0.00650261
157	0.0861536	0.000718978	0.281607	0.195957	0.00301837	0.0461244	0.0174107	0.00139283	0.0375142	0.00473503	0.00652135	0.064651	0.000535984	0.0322077	0.0385382	0.130645	0.0449001	0.00523968	0.000244359	0.00188438
158	0.0443034	0.00380061	0.152893	0.0399359	0.00484479	0.0498984	0.0225545	0.00665467	0.0481748	0.0134148	0.00453726	0.092351	0.00272498	0.0194426	0.0262146	0.225742	0.219078	0.0187637	0.00144016	0.00323075
159	0.0065391	0.00194278	0.000809281	0.00108912	0.00532907	0.000400805	0.000746565	0.395499	0.00289814	0.170507	0.0189018	0.00324217	0.00065804	0.000881705	0.00170407	0.00172905	0.00528024	0.378471	0.000409553	0.00296123
160	0.147473	0.167326	0.0183216	0.0283883	0.0215802	0.0265024	0.0207381	0.0479624	0.0301441	0.0659271	0.0221439	0.019215	0.00796286	0.026739	0.0420924	0.0921855	0.0570213	0.132742	0.00484386	0.0206913
161	0.0148159	0.00807346	0.00339488	0.00417757	0.297726	0.0083523	0.0504864	0.0125642	0.00601524	0.0597839	0.0090167	0.0034257	0.00687294	0.00550339	0.0237162	0.00707829	0.0592036	0.0308497	0.0235719	0.365372
162	0.418663	0.0194001	0.0220485	0.0350159	0.00834321	0.0499314	0.0148708	0.0210487	0.0266308	0.0334226	0.0108167	0.0139138	0.0161909	0.0239142	0.0245332	0.150927	0.046616	0.0540291	0.002042	0.00764248
163	0.0783159	0.0104306	0.0275749	0.0253017	0.0137477	0.0227609	0.0238047	0.0380132	0.033588	0.0447531	0.0194354	0.0319673	0.00803794	0.03568	0.0309728	0.122708	0.35248	0.0603829	0.0051897	0.0148552
164	0.0195987	0.00401317	0.00638675	0.0249345	0.0026234	0.0259156	0.00546547	0.00859114	0.0400655	0.010136	0.0122829	0.00863787	0.00182872	0.119768	0.00693539	0.214189	0.473561	0.0108049	0.00108471	0.00317655
165	0.0390954	0.00579421	0.105252	0.110039	0.00318106	0.310268	0.0145734	0.00507964	0.0532028	0.00895589	0.00745795	0.169545	0.00453128	0.0596166	0.0242081	0.0444966	0.0225101	0.00941851	0.00100303	0.00177231
166	0.0750111	0.00961226	0.0398086	0.0726977	0.0146755	0.0205017	0.0371059	0.0246371	0.154103	0.0510201	0.0195744	0.0277812	0.0162422	0.0653561	0.209564	0.051657	0.043078	0.0414956	0.00523698	0.0208413
167	0.0735908	0.00863544	0.0651779	0.126086	0.0078559	0.0301074	0.0234129	0.0311301	0.0960256	0.036864	0.0158802	0.0344811	0.0159592	0.166813	0.0939486	0.0594486	0.0539753	0.0450952	0.00357483	0.011938
168	0.14556	0.000641279	0.115548	0.236375	0.00246506	0.0390005	0.037563	0.0210171	0.0313122	0.042467	0.0159758	0.0708013	0.000718653	0.0787405	0.0281836	0.0413224	0.0483535	0.0418041	0.00026406	0.00188727
169	0.611395	0.012173	0.00124743	0.00234759	0.00122566	0.0922074	0.00113585	0.00260446	0.00190211	0.0178609	0.00298842	0.00144316	0.000561335	0.00175268	0.00186711	0.198231	0.0169793	0.030974	0.000297912	0.000805094
170	0.00355235	0.000895917	0.000530513	0.000675138	0.00294069	0.000389425	0.000731312	0.416199	0.00297861	0.137759	0.0175172	0.00351396	0.000479768	0.000756352	0.00149387	0.00104189	0.00461175	0.402016	0.00018921	0.0017275
171	0.0412184	0.00102594	0.00324075	0.0243981	0.000870876	0.00888109	0.0216827	0.00594413	0.458517	0.0301854	0.0162919	0.00858208	0.00299916	0.0772961	0.252137	0.0140252	0.021336	0.0106031	0.000249505	0.000516167
172	0.125848	0.000379141	0.111312	0.270204	0.0033589	0.0170679	0.0316463	0.022745	0.045566	0.043054	0.0116014	0.05486	0.000522527	0.0986999	0.0354643	0.043946	0.0387012	0.0425247	0.000209813	0.00228949
173	0.0114556	0.000902067	0.00166859	0.00231057	0.0389067	0.00143788	0.00163869	0.172926	0.002448	0.188282	0.278844	0.00174622	0.000693556	0.00220966	0.00894022	0.0030989	0.0236314	0.243461	0.00042411	0.0149756
174	0.475073	0.0325976	0.00395223	0.00505522	0.002494	0.0235862	0.00307882	0.0259989	0.00571367	0.0541908	0.0318339	0.00343271	0.00153252	0.00523021	0.00536561	0.186739	0.0835205	0.0465354	0.00127361	0.00279608
175	0.241497	0.23003	0.00282226	0.00358404	0.0017134	0.00236214	0.00246042	0.0315191	0.00433077	0.0170233	0.00212542	0.00233332	0.00115865	0.00355392	0.00413795	0.158832	0.0236963	0.264581	0.000692177	0.00154643
176	0.0196272	0.00171773	0.289144	0.467015	0.000458453	0.0185712	0.00761779	0.000853384	0.0164817	0.00239248	0.000556878	0.0378628	0.00120021	0.0702092	0.0203599	0.0319465	0.00860974	0.00322528	0.000214355	0.001936
177	0.0630886	0.0232319	0.00122725	0.00384971	0.019118	0.000938538	0.000957878	0.156388	0.00238886	0.368528	0.0295114	0.00249691	0.0022382	0.00156417	0.00531044	0.0125207	0.018916	0.281088	0.00107274	0.00556519
178	0.0110129	0.000881135	0.00166351	0.0023013	0.0400841	0.00140626	0.00160006	0.168188	0.00243015	0.184509	0.275051	0.00168476	0.000695559	0.00217502	0.00883132	0.00313974	0.0233869	0.255306	0.00044271	0.0152112
179	0.0192089	0.0109464	0.00137075	0.00251828	0.062919	0.00192279	0.00203399	0.20166	0.00313287	0.545326	0.0173056	0.00117749	0.00381867	0.00368242	0.00390477	0.00265112	0.00256562	0.0938763	0.000807196	0.0191721
180	0.0688754	0.00773966	0.00198567	0.00355177	0.00276072	0.00320063	0.00179341	0.223225	0.00217	0.022344	0.00588558	0.00108944	0.000506396	0.00159582	0.00240249	0.00872407	0.025417	0.615103	0.000419659	0.00121011
181	0.00327302	0.000913684	0.00051513	0.00059872	0.00275908	0.000348072	0.000490985	0.416688	0.00264467	0.135503	0.0177367	0.00308415	0.000186646	0.000562352	0.00104379	0.000925463	0.0037237	0.407173	0.000107412	0.0017231
182	0.0697881	0.0123752	0.0551171	0.0437244	0.0103642	0.181644	0.0209988	0.0231077	0.0441991	0.0277146	0.0147321	0.0631862	0.0161303	0.0394892	0.0317427	0.109186	0.181369	0.0421002	0.0038479	0.00918247
183	0.184903	0.00422317	0.0208334	0.0255724	0.00412494	0.00585418	0.00470853	0.0120421	0.00696897	0.00744748	0.00474672	0.00574312	0.023072	0.0104252	0.00894821	0.636008	0.021602	0.00928921	0.00102954	0.00245771
184	0.102323	0.00152968	0.0424075	0.0537548	0.00210474	0.00358242	0.00332736	0.00370656	0.155185	0.0053217	0.00238278	0.00671465	0.116532	0.104013	0.154892	0.0410811	0.146554	0.0514256	0.000636541	0.00252605
185	0.0293587	0.00682738	0.0242911	0.0160188	0.00810695	0.0184512	0.0555912	0.0156601	0.0243949	0.0226986	0.0103653	0.233455	0.00467386	0.063491	0.0205952	0.0605094	0.352314	0.0225333	0.00322628	0.00743784
186	0.164952	0.0148382	0.0364145	0.0427982	0.011289	0.0302707	0.019443	0.0227335	0.0363279	0.024145	0.0130099	0.0296107	0.0200514	0.0331404	0.0336852	0.315747	0.0949601	0.0424968	0.00369845	0.0103875
187	0.366081	0.0184808	0.0197121	0.0241751	0.00402652	0.0417919	0.00818648	0.0119357	0.0165438	0.0209802	0.00947947	0.0129324	0.0301394	0.01654	0.018564	0.298428	0.0406438	0.0368462	0.00111929	0.00339401
188	0.0690146	0.00964172	0.0727329	0.0762017	0.0140528	0.0953732	0.0350937	0.0238442	0.0559774	0.036324	0.0130049	0.177069	0.0159136	0.0551955	0.0489445	0.0722943	0.0770716	0.0394424	0.00383968	0.00896871
189	0.079272	0.0481191	0.0283476	0.0183085	0.00985182	0.0675077	0.0153776	0.0241649	0.0264816	0.0214219	0.0135219	0.0287741	0.0076949	0.025795	0.0193094	0.270434	0.251107	0.0334555	0.002466	0.00858998
190	0.0725929	0.00328758	0.00510987	0.011118	0.0119119	0.0134126	0.0221399	0.0428751	0.165229	0.0987092	0.0508677	0.0616908	0.00116356	0.0585708	0.183586	0.0647475	0.032516	0.0969163	0.00038481	0.00317031
191	0.115874	0.00721919	0.0443105	0.0566302	0.0158878	0.0258454	0.0874614	0.0261436	0.0909908	0.0475387	0.0196002	0.0974605	0.0137168	0.0502304	0.139112	0.0618674	0.0439151	0.0401954	0.00516789	0.010832
