238	20
1	0.0075045	0.00656829	0.000347444	0.000488908	0.00975576	0.000724531	0.00254195	0.122864	0.000657194	0.706341	0.054434	0.000551164	0.000235692	0.00314886	0.000606893	0.00320581	0.00216337	0.0704961	0.00016754	0.00719789
2	0.134674	0.00881733	0.0251621	0.0148682	0.00381309	0.55471	0.00669422	0.00812919	0.0248659	0.0156277	0.00477522	0.025707	0.0172621	0.0137714	0.0187341	0.0850173	0.0202819	0.012238	0.000843293	0.00400719
3	0.0194227	0.014285	0.000707361	0.000803751	0.0630731	0.00822813	0.00154354	0.385611	0.00144129	0.301092	0.0711448	0.00128419	0.000623362	0.00526647	0.00133104	0.0103842	0.0131288	0.0893957	0.00530885	0.00592471
4	0.0327838	0.00178507	0.158274	0.510653	0.00904037	0.013147	0.0130513	0.00718207	0.024722	0.010621	0.0101535	0.0197541	0.0143033	0.0901618	0.0153031	0.0379794	0.0148784	0.00694271	0.00314411	0.00611961
5	0.172339	0.020946	0.00728522	0.00383646	0.00230453	0.254106	0.00898529	0.00492676	0.00559963	0.0139166	0.0044639	0.00642973	0.00255557	0.00585041	0.005081	0.422019	0.0439036	0.00847172	0.0011094	0.00587106
6	0.0719521	0.0153143	0.0190694	0.0260041	0.0125396	0.0334133	0.0239339	0.023344	0.0570289	0.0283285	0.018923	0.0213324	0.00967957	0.0422414	0.0972739	0.168264	0.269917	0.0450764	0.00481906	0.0115449
7	0.328284	0.019016	0.0089573	0.0049773	0.00558045	0.285367	0.00559772	0.00923282	0.00590943	0.0129276	0.00419947	0.0063765	0.0317419	0.00565141	0.00436625	0.203946	0.0299692	0.0196185	0.00103582	0.00724561
8	0.040833	0.0144623	0.0245948	0.0939941	0.0144093	0.019881	0.127421	0.0313875	0.0457603	0.0265767	0.0215584	0.112385	0.0114905	0.0545072	0.118285	0.0464399	0.0249622	0.0426405	0.105327	0.0230846
9	0.166999	0.0476069	0.0133413	0.0102931	0.00490353	0.0248419	0.0100049	0.0104271	0.175792	0.0329389	0.00799634	0.0922121	0.00741247	0.0368252	0.0241175	0.177736	0.118702	0.0284538	0.00237398	0.00702089
10	0.0279782	0.0175197	0.000685829	0.000604444	0.0858782	0.00755164	0.00124065	0.305834	0.00116453	0.315917	0.0633817	0.000954455	0.000428998	0.0027648	0.00110841	0.0138403	0.0192104	0.117881	0.00760277	0.00845291
11	0.176634	0.00985216	0.00983227	0.00266297	0.00194347	0.377944	0.00611475	0.00351887	0.00379105	0.0120888	0.00293465	0.0042224	0.00250773	0.00412803	0.00339203	0.33299	0.0344411	0.00596259	0.000942022	0.00409692
12	0.0609108	0.0219706	0.00180837	0.000725846	0.0151617	0.0044533	0.00338367	0.231858	0.00108039	0.0677344	0.0188984	0.0018082	0.00030435	0.000911917	0.000919671	0.0139578	0.0388158	0.508632	0.000273472	0.00639093
13	0.192246	0.0053567	0.0140195	0.00190937	0.00171951	0.567247	0.00264423	0.00289431	0.00320461	0.0116809	0.00262249	0.00307627	0.00626122	0.00319538	0.00344676	0.154529	0.0163842	0.00376509	0.000667615	0.00313
14	0.00475075	0.00043661	0.000513213	0.000415794	0.0058643	0.000659063	0.000680497	0.59655	0.000506568	0.0991537	0.00353313	0.0023051	0.000233634	0.000506699	0.00057614	0.00111946	0.000950851	0.280496	0.000205675	0.000542588
15	0.060691	0.0138211	0.0016337	0.000437943	0.0193527	0.00351011	0.00283787	0.223169	0.000745528	0.0817168	0.0233758	0.00178128	0.000294354	0.000587948	0.00061414	0.0151261	0.0366395	0.50523	0.000256905	0.00817814
16	0.0291129	0.00920144	0.00480293	0.000792459	0.0140325	0.00254608	0.00911171	0.294401	0.00169068	0.0591546	0.0203309	0.00184302	0.00055407	0.00140131	0.00135243	0.0122763	0.0295103	0.499008	0.000425508	0.00845238
17	0.00939331	0.00695589	0.000702094	0.00138863	0.010849	0.0014225	0.00481965	0.128192	0.0014815	0.675807	0.0643957	0.000757979	0.000308852	0.00320815	0.000999007	0.00392879	0.00269498	0.0726025	0.000361871	0.00973043
18	0.570639	0.0371393	0.000976815	0.00255659	0.0236529	0.0299162	0.00157991	0.0264226	0.0113683	0.0258433	0.00169807	0.00611296	0.000931547	0.00169554	0.00148633	0.156111	0.0252874	0.0653862	0.000441021	0.0107549
19	0.0289769	0.0109886	0.106246	0.0877134	0.0103995	0.0108005	0.020039	0.0748899	0.0150658	0.126133	0.0519917	0.190858	0.00448348	0.0535373	0.0108429	0.0975738	0.0508834	0.0290974	0.00450734	0.0149717
20	0.055915	0.0605664	0.00238598	0.171853	0.00313873	0.00545746	0.0194762	0.0918541	0.0354097	0.108525	0.0210069	0.00389575	0.0312096	0.00463183	0.0356876	0.00806469	0.00541863	0.330063	0.0015957	0.0038444
21	0.04998	0.0226401	0.105365	0.0839946	0.0033166	0.00719522	0.105273	0.0315759	0.179927	0.0146247	0.00808278	0.02153	0.00565925	0.0398817	0.128134	0.0946774	0.0426847	0.0470849	0.00274974	0.00562167
22	0.0905277	0.00591468	0.00358833	0.00449078	0.00553644	0.00712755	0.00607207	0.0901545	0.0412536	0.022371	0.0687009	0.0397013	0.126901	0.0556948	0.00614445	0.0639636	0.293522	0.0616869	0.00182209	0.00482611
23	0.00203115	0.00786267	0.000622083	0.000650851	0.392932	0.00108622	0.00859705	0.00203217	0.00466338	0.0279929	0.0114589	0.011777	0.000422022	0.00101679	0.00821073	0.00529708	0.00113704	0.0163187	0.0178362	0.478056
24	0.042212	0.0119392	0.0172195	0.0477654	0.00428102	0.00201139	0.0235378	0.321144	0.0695804	0.0567684	0.00559808	0.0160234	0.00180007	0.0340355	0.0273498	0.0360995	0.0553248	0.196881	0.00280124	0.0276275
25	0.280988	0.0251617	0.00340802	0.00382695	0.00335144	0.100818	0.00435952	0.00857822	0.00585466	0.0133251	0.00594752	0.00654632	0.245509	0.0159245	0.00516775	0.149461	0.105253	0.011162	0.00149781	0.00385907
26	0.0451944	0.0022778	0.0934358	0.225725	0.0132129	0.00291787	0.0174807	0.00322423	0.0908045	0.00930521	0.00281203	0.0128955	0.324093	0.0607099	0.0169634	0.0292235	0.0228441	0.0189533	0.00599896	0.00192751
27	0.0444703	0.00636249	0.0562112	0.077857	0.00459594	0.0114854	0.0518154	0.0244582	0.204535	0.00320166	0.0130095	0.0218909	0.0123551	0.0901667	0.119027	0.106775	0.0799837	0.0598446	0.00379037	0.00816438
28	0.0517159	0.00767642	0.0247706	0.0313721	0.00677199	0.439512	0.0244534	0.0135194	0.0809033	0.0187188	0.0117488	0.0521972	0.012487	0.0766149	0.0508588	0.0514376	0.0174438	0.0177862	0.00212506	0.00788691
29	0.130683	0.00986983	0.0211793	0.0121293	0.00318953	0.56268	0.0086542	0.00972734	0.0268345	0.0161863	0.00694199	0.02382	0.0149009	0.0158698	0.0208599	0.0767542	0.0192838	0.0146335	0.00120633	0.00459649
30	0.0341139	0.0142568	0.00291927	0.00435868	0.0694861	0.011334	0.00839417	0.316509	0.00972656	0.222584	0.132102	0.00650228	0.00206997	0.0107951	0.00776877	0.0187314	0.0212255	0.0838511	0.00659789	0.0166731
31	0.028985	0.00554203	0.00447264	0.0129576	0.00588748	0.0101105	0.101764	0.0583089	0.091923	0.0919214	0.146382	0.0452395	0.00359715	0.205019	0.0745921	0.031634	0.0159455	0.0570423	0.00278538	0.00588995
32	0.144447	0.014154	0.0295041	0.0639899	0.0159225	0.0963755	0.0161236	0.0170836	0.044832	0.0214548	0.0142238	0.015697	0.315616	0.0310252	0.0179113	0.0626901	0.0403716	0.0243287	0.00424708	0.0100022
33	0.0105548	0.00508016	0.00310278	0.00514509	0.00520934	0.0678257	0.0225806	0.00751359	0.151271	0.00672843	0.021678	0.0359024	0.0165356	0.0123983	0.451909	0.070996	0.0518654	0.0430012	0.00248937	0.00821288
34	0.0303363	0.000657364	0.147038	0.580647	0.00841883	0.0102596	0.0106614	0.0036976	0.0141275	0.00804608	0.00880736	0.00974063	0.000352284	0.0970066	0.0113885	0.0342186	0.0119494	0.00387565	0.00295738	0.00581381
35	0.1736	0.0195279	0.00152397	0.00138107	0.0191581	0.0189718	0.00359037	0.190421	0.00183451	0.121918	0.0250822	0.00187239	0.00102763	0.00185322	0.00203285	0.0317904	0.0728307	0.303102	0.00129656	0.00718527
36	0.489972	0.0129469	0.00725899	0.00949757	0.00206975	0.0333687	0.00436267	0.00413386	0.00635767	0.0031469	0.00185496	0.00866288	0.00080807	0.00218395	0.00137983	0.379948	0.0125136	0.00520363	0.000483153	0.0138473
37	0.0904727	0.00145237	0.0210833	0.16053	0.00127218	0.00237946	0.0211167	0.0576044	0.128891	0.0416112	0.0108543	0.02848	0.000804194	0.192093	0.14937	0.0146228	0.00979692	0.0450796	0.00965624	0.0128297
38	0.0242828	0.0219856	0.00927339	0.00603854	0.223288	0.0137031	0.129231	0.0416644	0.0129957	0.193608	0.0325197	0.0233229	0.0170669	0.0286254	0.00654691	0.0149968	0.00803037	0.0261564	0.0127522	0.153912
39	0.0440284	0.020977	0.0142859	0.01396	0.154446	0.0255271	0.155567	0.0415854	0.0240531	0.106839	0.0927724	0.0269073	0.0160107	0.0366648	0.020531	0.0338392	0.0218859	0.0435384	0.00876048	0.0978208
40	0.0820298	0.00487098	0.00364455	0.0099537	0.0110401	0.0189794	0.0400122	0.0281213	0.0737214	0.062381	0.0506997	0.0199963	0.00283997	0.222325	0.150317	0.0965856	0.0507768	0.0614751	0.00102565	0.00920458
41	0.0335723	0.00218219	0.600816	0.0819386	0.00333632	0.00348601	0.0127884	0.00414346	0.0645431	0.0132333	0.00276707	0.0161172	0.0153103	0.0799526	0.0215007	0.0241547	0.0126922	0.00434511	0.000838656	0.00228151
42	0.00488311	0.000757574	0.000368182	0.000436588	0.00661339	0.000734939	0.000603163	0.599206	0.000537194	0.10697	0.00469271	0.00232368	0.000248275	0.000588997	0.000641481	0.00110973	0.000798437	0.267677	0.00022195	0.000587476
43	0.0303733	0.0235106	0.447102	0.0303894	0.00448503	0.0832324	0.0267298	0.00864869	0.0263441	0.00791172	0.00489171	0.0990215	0.00298266	0.00963048	0.0286735	0.0911132	0.0617477	0.00782547	0.00169936	0.00368746
44	0.255795	0.0360148	0.00368321	0.00108825	0.0158076	0.0608329	0.00762799	0.130897	0.00177824	0.106128	0.0205498	0.00167634	0.00361782	0.00189599	0.00424438	0.0379335	0.0567809	0.24629	0.00300378	0.00435369
45	0.00475075	0.00043661	0.000513213	0.000415794	0.0058643	0.000659063	0.000680497	0.59655	0.000506568	0.0991537	0.00353313	0.0023051	0.000233634	0.000506699	0.00057614	0.00111946	0.000950851	0.280496	0.000205675	0.000542588
46	0.567813	0.0355227	0.00234292	0.00620531	0.0115624	0.0318934	0.00303071	0.0189046	0.00696945	0.0149599	0.00145131	0.0065697	0.00141018	0.0017711	0.0011678	0.209109	0.0278298	0.041285	0.000415379	0.00978609
47	0.00247947	0.00786116	0.00091965	0.000770126	0.409981	0.00137759	0.00958519	0.00383805	0.00470862	0.032484	0.0125875	0.011157	0.000475248	0.00115525	0.00774349	0.00566906	0.00128861	0.0206635	0.0160928	0.449163
48	0.519451	0.0262414	0.00392429	0.00868476	0.00780833	0.0316552	0.00470474	0.0126596	0.00825418	0.0113907	0.00231769	0.00986009	0.00513565	0.00495335	0.00255128	0.26261	0.0381553	0.0283423	0.000659125	0.0106416
49	0.0581117	0.021766	0.0192467	0.00899535	0.00642287	0.027076	0.0180421	0.0319836	0.157166	0.0867756	0.0776798	0.0136171	0.0162602	0.179312	0.155045	0.0520916	0.0197964	0.0433391	0.00185039	0.00542248
50	0.126977	0.00895899	0.0193689	0.0128984	0.00486666	0.567238	0.00862136	0.00881516	0.027845	0.0174969	0.00530216	0.0246638	0.0141564	0.0162462	0.0207051	0.0777823	0.0165344	0.0141733	0.00235646	0.00499307
51	0.129024	0.0123375	0.0361799	0.0751045	0.0140414	0.0798463	0.0187933	0.0157362	0.0492699	0.019576	0.0120128	0.0145313	0.327571	0.0342418	0.0197073	0.0633576	0.0406642	0.0250788	0.00429619	0.00863056
52	0.144487	0.0179876	0.0124954	0.00502067	0.00411122	0.382469	0.009598	0.0115158	0.010342	0.0184777	0.00546792	0.0095939	0.0219393	0.00844556	0.0110218	0.205922	0.0902181	0.0258202	0.00145707	0.00360994
53	0.0208128	0.0104153	0.0012554	0.00155815	0.0424459	0.0135527	0.00252077	0.324988	0.0086462	0.323707	0.128161	0.00209857	0.00108776	0.00981426	0.00203232	0.0117369	0.0106357	0.074405	0.00391049	0.00621594
54	0.174463	0.0037029	0.0180735	0.00187265	0.00220268	0.642803	0.00253337	0.00366407	0.00290781	0.0167107	0.00308776	0.00169884	0.00471024	0.00345999	0.00458425	0.0896963	0.0163001	0.00480876	0.000732203	0.00198808
55	0.262808	0.00642015	0.00230734	0.00209357	0.00201858	0.232798	0.00298775	0.00505811	0.00326304	0.0169821	0.0046048	0.0026451	0.274009	0.0140625	0.00342766	0.109966	0.0462775	0.00508873	0.000876836	0.00230576
56	0.311617	0.166194	0.00270404	0.00375751	0.00439457	0.0569311	0.00369138	0.0144896	0.00689617	0.0118297	0.00691425	0.00851309	0.0585903	0.0252339	0.0049966	0.143597	0.104522	0.0582389	0.0016666	0.00522239
57	0.0691797	0.0249351	0.00787758	0.0162328	0.0278309	0.0131568	0.0111566	0.100422	0.0174994	0.341334	0.125272	0.0110226	0.00308076	0.0241199	0.0122759	0.0663376	0.027512	0.0701589	0.00693043	0.0236654
58	0.0921798	0.00465557	0.0041828	0.0177544	0.0113453	0.0147001	0.0332969	0.0331414	0.0657334	0.0735082	0.0505606	0.0214585	0.00218105	0.192111	0.159652	0.082498	0.0570255	0.0612455	0.00403706	0.0187325
59	0.0773533	0.0198685	0.000827749	0.000964704	0.00813023	0.0165002	0.00220571	0.147219	0.00218247	0.0305442	0.00522655	0.0065695	0.00859289	0.00147731	0.00129826	0.0655863	0.250481	0.351556	0.000498492	0.00291809
60	0.25004	0.176518	0.00189088	0.0017877	0.0020824	0.161082	0.00250779	0.0237398	0.00199211	0.0148628	0.00407493	0.00246783	0.00785857	0.00972663	0.00268653	0.0578803	0.103778	0.163492	0.000891593	0.0106397
61	0.587107	0.0413874	0.00119371	0.0034926	0.0157278	0.0431755	0.00201657	0.0239482	0.00803835	0.0194053	0.00166779	0.00882029	0.00120548	0.00221523	0.00151831	0.132087	0.0271123	0.0672199	0.000464401	0.0121973
62	0.0741355	0.013146	0.00105499	0.000683832	0.0150035	0.00553761	0.00232783	0.218765	0.00103138	0.0828021	0.0191536	0.00443697	0.000904339	0.000919183	0.00092375	0.0240416	0.121501	0.405457	0.00030163	0.00787357
63	0.224424	0.0303272	0.00255009	0.000900957	0.019204	0.0410869	0.00465207	0.152681	0.00119395	0.104426	0.0235836	0.00137288	0.00263145	0.00129651	0.00283167	0.0363473	0.061692	0.281665	0.00232315	0.00481054
64	0.522724	0.035026	0.00116504	0.00267081	0.0155177	0.0352237	0.00274481	0.0542391	0.0066798	0.038121	0.00605256	0.00543638	0.00194624	0.00190825	0.00180359	0.10629	0.0377443	0.115375	0.000994159	0.00833785
65	0.0266365	0.0136716	0.0140709	0.029821	0.00755892	0.0251279	0.0219828	0.0343189	0.16792	0.0146646	0.0191221	0.0210175	0.00762568	0.0453911	0.391798	0.0474639	0.0325264	0.0623767	0.00407475	0.0128312
66	0.143348	0.0253336	0.0028046	0.00370549	0.0201142	0.0173223	0.00556779	0.0410793	0.00416577	0.0752221	0.111307	0.00303351	0.00183362	0.00447787	0.00432862	0.0962329	0.336351	0.0741623	0.00186535	0.0277446
67	0.0075045	0.00656829	0.000347444	0.000488908	0.00975576	0.000724531	0.00254195	0.122864	0.000657194	0.706341	0.054434	0.000551164	0.000235692	0.00314886	0.000606893	0.00320581	0.00216337	0.0704961	0.00016754	0.00719789
68	0.491325	0.012525	0.00759225	0.00915301	0.00160026	0.0327964	0.00431075	0.00340676	0.0063649	0.00237366	0.00168191	0.00858302	0.000744846	0.00208283	0.00125133	0.385193	0.0105236	0.00346528	0.000495652	0.0145309
69	0.0312566	0.00365432	0.00240019	0.003215	0.00334064	0.0382335	0.00497536	0.154571	0.0780053	0.363116	0.0656343	0.00449656	0.00207971	0.106029	0.00484456	0.055177	0.00542778	0.0686459	0.00139499	0.00350312
70	0.0991092	0.00769995	0.0049746	0.0137041	0.041099	0.0109187	0.00652904	0.0891861	0.0412122	0.165085	0.107798	0.0156928	0.0010622	0.0268149	0.0494811	0.0588881	0.071381	0.0629547	0.0319749	0.0944348
71	0.00723254	0.0283638	0.0105494	0.00264917	0.231973	0.00417071	0.0754219	0.0540839	0.0039406	0.219536	0.0315723	0.0209586	0.00153204	0.0198528	0.0036014	0.00682556	0.00378869	0.0138455	0.0231107	0.236991
72	0.00922568	0.00603314	0.131915	0.0621737	0.000892451	0.217174	0.0115445	0.00204439	0.140395	0.00447215	0.00131631	0.231132	0.00685334	0.0154582	0.0654753	0.077099	0.00719642	0.00218294	0.000470635	0.00694676
73	0.0118193	0.00533539	0.0032086	0.0054182	0.00386541	0.0064397	0.00679166	0.29012	0.161007	0.0636042	0.00613101	0.00597616	0.0191426	0.00643722	0.0965898	0.0108773	0.00924758	0.279712	0.00166001	0.00661772
74	0.0437996	0.00330349	0.0890281	0.22123	0.0140257	0.00719969	0.0185558	0.00549808	0.0913635	0.0110121	0.00425192	0.015052	0.310679	0.0606853	0.0205784	0.030789	0.0230349	0.0203572	0.00662406	0.00293186
75	0.0075045	0.00656829	0.000347444	0.000488908	0.00975576	0.000724531	0.00254195	0.122864	0.000657194	0.706341	0.054434	0.000551164	0.000235692	0.00314886	0.000606893	0.00320581	0.00216337	0.0704961	0.00016754	0.00719789
76	0.0355439	0.0098318	0.00305414	0.000539504	0.0168018	0.00220192	0.00564502	0.258993	0.000952029	0.0657961	0.0199999	0.00153042	0.000370873	0.000850648	0.000811551	0.0112482	0.0277896	0.52833	0.000274205	0.00943566
77	0.275129	0.0039085	0.00221344	0.00219749	0.00213264	0.264251	0.0027492	0.00490196	0.00319738	0.0140734	0.00426126	0.0028525	0.270074	0.0113426	0.00329533	0.089985	0.0351467	0.0049124	0.000984124	0.00239261
78	0.0798563	0.0265573	0.00533449	0.00852979	0.0195917	0.0200178	0.00910496	0.208561	0.012937	0.0784568	0.0247028	0.0067306	0.00429776	0.0113786	0.0158742	0.0283061	0.0546385	0.369951	0.00232131	0.0128518
79	0.047188	0.0195618	0.0493544	0.0304699	0.0221609	0.0418971	0.144368	0.0446201	0.050661	0.0398652	0.0311561	0.199759	0.00860566	0.0471741	0.042961	0.0622365	0.0354394	0.0414765	0.0157876	0.0252578
80	0.0602703	0.0215331	0.0391493	0.03244	0.0526442	0.0393304	0.206261	0.0435366	0.0473668	0.0577815	0.0345641	0.0546814	0.0124614	0.0488052	0.0474573	0.0593413	0.0386501	0.0461894	0.0135917	0.0439452
81	0.196612	0.124724	0.00820028	0.00761388	0.00959699	0.153289	0.00983548	0.0536112	0.00955009	0.0227011	0.0504448	0.00991631	0.120095	0.0134542	0.0136609	0.0916943	0.0419761	0.0493785	0.00499648	0.00864891
82	0.00475075	0.00043661	0.000513213	0.000415794	0.0058643	0.000659063	0.000680497	0.59655	0.000506568	0.0991537	0.00353313	0.0023051	0.000233634	0.000506699	0.00057614	0.00111946	0.000950851	0.280496	0.000205675	0.000542588
83	0.668122	0.00323943	0.00278599	0.00205408	0.0112777	0.205376	0.00308219	0.0237884	0.00311978	0.00504072	0.00294525	0.0035591	0.00137848	0.00278185	0.00284738	0.0205925	0.00461353	0.0198404	0.000728531	0.012827
84	0.0460109	0.0166989	0.20242	0.0733061	0.0205276	0.045918	0.128077	0.0265265	0.0629544	0.0314039	0.0169561	0.0663634	0.0227827	0.040827	0.0423628	0.0624513	0.0365209	0.0303195	0.00651557	0.0210583
85	0.0047318	0.000522654	0.000484837	0.000416082	0.00595287	0.000675249	0.000671714	0.598924	0.000519122	0.100737	0.00357944	0.00238552	0.000242794	0.000517337	0.000593061	0.00111548	0.000908155	0.276284	0.000204954	0.000534002
86	0.043579	0.00387017	0.125197	0.476382	0.0109405	0.0180141	0.0153277	0.0120204	0.0324076	0.0154625	0.0135255	0.018166	0.017647	0.0875963	0.0228808	0.0408902	0.0174059	0.0151695	0.00501386	0.00850354
87	0.0564876	0.013492	0.00191896	0.000422274	0.0182531	0.00361412	0.00328541	0.235319	0.000682948	0.0794082	0.022799	0.00167921	0.000316184	0.000633912	0.00061616	0.0146842	0.0377357	0.500605	0.000259557	0.00778752
88	0.191064	0.00642703	0.0139889	0.0017676	0.00225651	0.604627	0.00281351	0.00450533	0.00256095	0.0139822	0.00242894	0.00219183	0.00702867	0.00357929	0.0035141	0.105893	0.0213351	0.00723631	0.000698706	0.00210164
89	0.0134189	0.0213598	0.00131673	0.00300808	0.00450744	0.00878846	0.00568566	0.0178787	0.156285	0.0034346	0.0202169	0.0133959	0.00190084	0.0165136	0.648006	0.0275903	0.00646545	0.0106836	0.00245192	0.0170919
90	0.102142	0.00630967	0.00771256	0.0177263	0.0478939	0.00558093	0.0099136	0.0760733	0.0308579	0.187347	0.0763737	0.0101754	0.000759739	0.0418291	0.0407822	0.049017	0.0671826	0.101429	0.0343412	0.0865528
91	0.0929156	0.0068836	0.023843	0.0342314	0.0343372	0.00327957	0.0141935	0.129555	0.0476037	0.125395	0.0316947	0.00719271	0.000864215	0.0513201	0.033917	0.0587123	0.0797316	0.155618	0.0142192	0.0544929
92	0.26966	0.104516	0.0015606	0.00189269	0.0053812	0.0774178	0.0041492	0.0231593	0.00611529	0.0243535	0.00624836	0.00580422	0.012024	0.00997154	0.00377132	0.143192	0.206	0.0884079	0.000673348	0.00570099
93	0.0112664	0.00116038	0.0281338	0.0278479	0.00107183	0.53196	0.0242105	0.00217855	0.11868	0.00381044	0.00154637	0.0762389	0.00689175	0.0627467	0.0592662	0.0340483	0.00182776	0.00281155	0.000506031	0.0037969
94	0.504931	0.04993	0.00133453	0.00218366	0.0386479	0.0288549	0.00181599	0.0259211	0.00895399	0.0450678	0.00777279	0.00516114	0.00145669	0.00250361	0.00233733	0.170149	0.0317745	0.0623411	0.000662098	0.00820043
95	0.0422366	0.00678482	0.0597559	0.0796184	0.00360985	0.0105578	0.051472	0.0229993	0.208716	0.00315548	0.0133405	0.0232701	0.0110792	0.0904712	0.123843	0.103074	0.0743227	0.0591474	0.00400444	0.00854137
96	0.0213823	0.00671511	0.275864	0.0270708	0.0031377	0.0324671	0.039954	0.00814126	0.126137	0.00893749	0.0050449	0.236152	0.005797	0.0349235	0.03487	0.103115	0.01957	0.00609978	0.00144018	0.00318032
97	0.140695	0.0135739	0.0297887	0.0591876	0.014528	0.0952568	0.0187638	0.0163322	0.0392209	0.0213473	0.0126849	0.0146494	0.314047	0.0286136	0.0230656	0.0701516	0.0441559	0.0291892	0.0040612	0.0106869
98	0.0651076	0.0144738	0.00136643	0.000431918	0.0161927	0.00416577	0.00261585	0.224097	0.00070886	0.0841421	0.0210129	0.001692	0.000340654	0.00057796	0.000658576	0.0154733	0.0433915	0.49644	0.00020526	0.0069056
99	0.0945762	0.0217679	0.0013984	0.000555126	0.0190119	0.0107095	0.00302453	0.215492	0.000983754	0.0726267	0.0218218	0.00193978	0.000695559	0.000833338	0.000976969	0.0243222	0.0615967	0.440881	0.000414865	0.00637223
100	0.0344717	0.0107333	0.00126894	0.00114508	0.0154824	0.00282899	0.0029662	0.195157	0.00129024	0.351438	0.0370383	0.00133687	0.000370307	0.00171582	0.00150184	0.0102889	0.0246577	0.298172	0.000609111	0.007527
101	0.0277747	0.0604409	0.0122968	0.011661	0.125322	0.0117532	0.0504592	0.0407023	0.012954	0.21919	0.0374134	0.0700941	0.00449793	0.029631	0.0114201	0.0233523	0.0147828	0.0264893	0.0139559	0.195808
102	0.150047	0.018046	0.00106707	0.000597884	0.0150166	0.0153104	0.00315708	0.199572	0.00104214	0.0942635	0.020785	0.00192314	0.000671875	0.000823916	0.00104572	0.0253484	0.0666686	0.37812	0.000486752	0.00600742
103	0.359215	0.027329	0.00883642	0.0117842	0.00722985	0.0789233	0.00746178	0.0134617	0.0121123	0.0173965	0.0109028	0.0142431	0.0163817	0.010949	0.0103031	0.314944	0.0378199	0.02691	0.00184808	0.0119483
104	0.0435522	0.00702023	0.0269727	0.0214307	0.00486071	0.434969	0.0214225	0.0117233	0.0822395	0.0130809	0.00951479	0.0634884	0.00809628	0.0361934	0.114293	0.0490161	0.0133033	0.0275993	0.0023512	0.00887245
105	0.173044	0.00647213	0.0141374	0.00178695	0.00163984	0.628746	0.00242894	0.00307369	0.0023405	0.012683	0.00256373	0.00191213	0.00784001	0.00332575	0.00395027	0.109491	0.0172006	0.00469443	0.000648595	0.00202073
106	0.0525937	0.0206027	0.053731	0.0259015	0.0185945	0.0324062	0.160214	0.0348116	0.0416175	0.0311243	0.0227916	0.20443	0.00900222	0.0337011	0.0359791	0.119084	0.0294856	0.0360097	0.0150374	0.0228815
107	0.0755146	0.00698698	0.0122094	0.0225337	0.0138565	0.0274663	0.0148998	0.00782038	0.00516312	0.0117901	0.00493004	0.00504662	0.00372593	0.0249038	0.00604589	0.283696	0.455046	0.0125736	0.00127565	0.00451579
108	0.061513	0.00721829	0.00804622	0.015888	0.00956615	0.0128175	0.0848812	0.100664	0.0474861	0.0873066	0.0886549	0.0242364	0.00318369	0.191685	0.0490321	0.06355	0.0272654	0.0983114	0.0037364	0.0149582
109	0.01364	0.00291665	0.000729063	0.000415613	0.00896145	0.0010112	0.00125473	0.507502	0.000537215	0.0902573	0.00692552	0.00197883	0.000241192	0.000543989	0.000572591	0.00311664	0.00602002	0.35114	0.000202695	0.0020328
110	0.0184741	0.00196461	0.018777	0.0129869	0.0016811	0.387252	0.0545978	0.00350967	0.166258	0.0047605	0.00276822	0.0708736	0.00477417	0.0866034	0.123679	0.0285703	0.00447826	0.00504464	0.000830364	0.00211732
111	0.00981685	0.0336263	0.00117321	0.00269444	0.00333374	0.00448872	0.00321125	0.0113565	0.179871	0.00291771	0.0120645	0.00798512	0.00127972	0.0202951	0.652772	0.0257804	0.00284679	0.00740479	0.00151932	0.0155616
112	0.00513762	0.0088622	0.00179081	0.00143602	0.357095	0.00274355	0.0159202	0.00677597	0.00550152	0.0373874	0.0131818	0.0116746	0.000771882	0.00973681	0.0105539	0.00764773	0.00335779	0.018679	0.0310141	0.450732
113	0.0274378	0.035736	0.00617832	0.0335222	0.0336985	0.0437379	0.0178353	0.016043	0.0991437	0.0193099	0.0464303	0.0159008	0.00688019	0.0666857	0.396486	0.0384622	0.0190116	0.0550422	0.0081774	0.0142808
114	0.005504	0.000629564	0.000538216	0.000419028	0.00614865	0.000682617	0.000710363	0.59001	0.000517886	0.0988068	0.00381567	0.00228162	0.000239856	0.000515003	0.000587604	0.00130893	0.00128647	0.285141	0.000199339	0.000657149
115	0.0217418	0.0151395	0.00161099	0.000740012	0.106618	0.00547193	0.0059777	0.238582	0.00150915	0.378619	0.0603302	0.0019622	0.000421465	0.00363432	0.00131442	0.0122305	0.0134505	0.099921	0.00611196	0.0246133
116	0.117592	0.00882737	0.0230308	0.01341	0.00430111	0.560306	0.00886212	0.00786583	0.0291168	0.0165047	0.00605513	0.0287815	0.0154163	0.0169402	0.0234656	0.0785469	0.0193487	0.0157891	0.00152965	0.00431059
117	0.0473159	0.00944919	0.0848573	0.319252	0.00945293	0.138666	0.0167746	0.0115158	0.0531721	0.0196709	0.017262	0.0469156	0.00876751	0.0657923	0.0439405	0.0521259	0.018341	0.0197834	0.00564193	0.0113031
118	0.253725	0.0317887	0.00257833	0.0034245	0.0090693	0.0400181	0.0063155	0.0256846	0.00709217	0.0402081	0.00937242	0.00543157	0.0232356	0.00791363	0.00478907	0.0889828	0.377788	0.054303	0.00155999	0.00671982
119	0.00795501	0.00640198	0.000401765	0.000590813	0.00959698	0.00184299	0.0025847	0.126979	0.00260408	0.693764	0.0565446	0.000640698	0.000276766	0.00556288	0.00072153	0.00448705	0.00229822	0.0695796	0.000187942	0.00697939
120	0.0381547	0.0102683	0.407692	0.123042	0.00865009	0.043296	0.0239433	0.0137128	0.0526902	0.0167019	0.00985312	0.0485248	0.0201002	0.0496401	0.0308436	0.0499334	0.0273621	0.016271	0.00249914	0.00682038
121	0.0678927	0.0107815	0.00436798	0.00625137	0.0202647	0.012851	0.0104663	0.250008	0.0117726	0.0925208	0.224955	0.00893587	0.00627244	0.0112092	0.0103839	0.0202074	0.0498507	0.164528	0.00436589	0.0121145
122	0.280325	0.00856639	0.00271894	0.00246189	0.00235786	0.239904	0.00291839	0.00616498	0.00309654	0.0154762	0.00474176	0.0028318	0.250665	0.0126307	0.0032743	0.106038	0.045809	0.00677748	0.000935766	0.00230576
123	0.00472374	0.000461692	0.000514697	0.000423058	0.00592744	0.00066637	0.00073858	0.595401	0.000540038	0.0998252	0.00370484	0.00231759	0.000235691	0.000518264	0.000584761	0.00115505	0.00109794	0.280365	0.000214641	0.000584511
124	0.126543	0.00793041	0.020641	0.0109962	0.00453262	0.573841	0.00907893	0.00835028	0.0259417	0.0164261	0.0052632	0.0226735	0.0138693	0.0150063	0.0247313	0.0739028	0.0177834	0.0170653	0.00109382	0.00432958
125	0.0529884	0.0151564	0.0507734	0.0497302	0.0148349	0.0756793	0.0488877	0.0301421	0.0735716	0.0391762	0.0384094	0.159024	0.00996472	0.120847	0.062348	0.0666982	0.0324147	0.034337	0.00866356	0.0163536
126	0.204271	0.107877	0.00425232	0.00973843	0.0259885	0.0102016	0.00868972	0.0166555	0.00774276	0.161817	0.237912	0.0069377	0.0026353	0.00770464	0.00682995	0.0723436	0.0417916	0.0531484	0.0026346	0.0108274
127	0.0144002	0.0121065	0.000754879	0.000899073	0.0513574	0.00704652	0.00183893	0.341473	0.00206187	0.391598	0.0678151	0.00131927	0.000668501	0.00723628	0.00143982	0.00690511	0.00939859	0.0722971	0.00419191	0.00519203
128	0.0374248	0.0119877	0.414234	0.116005	0.00804151	0.0416996	0.0238337	0.0173969	0.0490557	0.0199278	0.00933523	0.0571768	0.0181723	0.0478094	0.0240066	0.0503192	0.0275173	0.0154471	0.00255611	0.0080533
129	0.0414709	0.00622089	0.036227	0.0539016	0.00579447	0.0164888	0.045473	0.0209294	0.188065	0.0126087	0.0239319	0.0227954	0.0090985	0.0994612	0.178054	0.0836161	0.073351	0.0640281	0.00382932	0.0146542
130	0.03836	0.0153316	0.00163252	0.00192429	0.121292	0.00694032	0.00384971	0.228557	0.00262069	0.310562	0.0510173	0.00215666	0.000894444	0.00328507	0.00274085	0.0234609	0.0209783	0.146019	0.00542625	0.0129504
131	0.30879	0.167813	0.00151144	0.00152951	0.00239945	0.132955	0.00198167	0.0223249	0.00212768	0.0110921	0.00432408	0.0026692	0.0113271	0.00921796	0.00211966	0.0778688	0.0996625	0.132189	0.000803806	0.00729345
132	0.0364413	0.0126086	0.0227633	0.0254105	0.00955571	0.199471	0.0221142	0.0179752	0.0970723	0.0180529	0.0187317	0.0506368	0.0114017	0.0409681	0.275955	0.0536829	0.0273678	0.0434134	0.0045998	0.0117781
133	0.0691097	0.0134262	0.0475847	0.0805301	0.0126201	0.00224515	0.030598	0.226734	0.0437481	0.0916703	0.011507	0.0144189	0.000960442	0.0399902	0.019202	0.0567501	0.0660882	0.12664	0.0043292	0.0418475
134	0.0709152	0.0111659	0.00856138	0.0124324	0.00901382	0.271818	0.0139681	0.0712622	0.0679265	0.0600056	0.0217449	0.0515685	0.00772399	0.0246876	0.0872604	0.0270122	0.0212061	0.147943	0.00483056	0.00895353
135	0.0571015	0.0077865	0.00659772	0.00757351	0.198323	0.0456468	0.134448	0.0114111	0.0420511	0.0928033	0.014321	0.0126503	0.150742	0.0468879	0.0095719	0.0196539	0.0109737	0.0501999	0.00321015	0.0780469
136	0.0789522	0.00303691	0.018108	0.118401	0.00211262	0.0042763	0.027416	0.0805418	0.132252	0.0406325	0.0126066	0.0479702	0.00180247	0.154932	0.138073	0.0284111	0.0163776	0.0700305	0.00667503	0.0173926
137	0.00629244	0.00097879	0.000562973	0.000424054	0.00619924	0.000719983	0.000771855	0.582392	0.000519032	0.0980477	0.00430129	0.0022926	0.000231126	0.000512228	0.000553993	0.00154114	0.00208277	0.290557	0.000207588	0.000812341
138	0.0313204	0.00217667	0.180977	0.509654	0.00942505	0.0118408	0.011784	0.0068803	0.0170046	0.0117821	0.0159745	0.0191575	0.00324671	0.0874033	0.013269	0.0368012	0.0144207	0.00646158	0.00342661	0.00699351
139	0.09101	0.00164759	0.019495	0.156457	0.00138155	0.00268112	0.0197581	0.0542373	0.132979	0.0452624	0.0130151	0.0260335	0.00108453	0.193773	0.149225	0.0147499	0.0123273	0.0440336	0.00906697	0.0117825
140	0.0721283	0.0664461	0.0029034	0.0792699	0.00532138	0.0196564	0.0495184	0.0385778	0.022025	0.385426	0.111451	0.00467399	0.00168677	0.0184909	0.00663833	0.0245135	0.021272	0.0291919	0.00191354	0.0388957
141	0.4968	0.0337699	0.00680208	0.0292938	0.00647362	0.0255156	0.00778421	0.0116443	0.0116823	0.012432	0.00558605	0.0291127	0.00263746	0.00855992	0.00618114	0.249107	0.0228216	0.0195743	0.00119043	0.0130309
142	0.0416629	0.00171868	0.122853	0.275386	0.0189766	0.00235925	0.0241942	0.00293653	0.0803254	0.0113154	0.00229989	0.0179484	0.221134	0.0715853	0.0146995	0.0323106	0.0317731	0.0166063	0.00831403	0.00160124
143	0.0302812	0.0169366	0.00073833	0.000987095	0.0848721	0.00805269	0.00149266	0.298051	0.00207637	0.313302	0.0653267	0.00128215	0.000515943	0.0036108	0.00247428	0.0146681	0.0203911	0.115165	0.00895596	0.0108194
144	0.129674	0.0140157	0.0324597	0.0694438	0.013951	0.0838404	0.0186365	0.0201865	0.0449524	0.0213588	0.0153838	0.017664	0.311164	0.0337831	0.0188779	0.065888	0.0431542	0.0312319	0.0043239	0.0100108
145	0.0482926	0.0152013	0.010312	0.0140321	0.0338772	0.0118072	0.0676305	0.184219	0.0194374	0.102038	0.090475	0.025271	0.00574851	0.0261573	0.0169469	0.0302614	0.0356696	0.144357	0.0104457	0.107821
146	0.0686912	0.0232595	0.0013914	0.0014096	0.00907778	0.0295868	0.00249281	0.089797	0.00288118	0.0104086	0.00241773	0.00985737	0.0164099	0.00203366	0.00169233	0.0921106	0.307491	0.326417	0.000638211	0.00193563
147	0.0376852	0.00994847	0.00426685	0.00275475	0.0121164	0.00416672	0.0134017	0.276889	0.00666049	0.0488039	0.0197539	0.00375567	0.000940816	0.00313852	0.00395956	0.0152342	0.0635587	0.462755	0.000513387	0.00969775
148	0.044427	0.00800552	0.0106814	0.0291653	0.00795145	0.0162989	0.0370116	0.10011	0.115014	0.0996854	0.121256	0.031717	0.00954704	0.141097	0.0556109	0.0410608	0.0274484	0.0864674	0.00454924	0.0128953
149	0.11809	0.0134891	0.0154189	0.0136319	0.0133184	0.41383	0.0131668	0.0363954	0.0204673	0.0790027	0.0215862	0.0170795	0.0144104	0.0216345	0.0194975	0.0789558	0.0296009	0.0435192	0.00453088	0.0123738
150	0.0306608	0.00790108	0.00982271	0.0535569	0.00748982	0.0110479	0.0303884	0.0725045	0.0758146	0.0794107	0.25476	0.0836445	0.00397632	0.127076	0.0322321	0.0270013	0.0129886	0.0637475	0.00608647	0.00988961
151	0.0269934	0.0130338	0.262351	0.0886518	0.0110918	0.0350865	0.0249206	0.0582143	0.0341859	0.0449693	0.0225788	0.187841	0.0064859	0.0369054	0.0219856	0.0625118	0.0322032	0.0166865	0.00417164	0.0091318
152	0.0274538	0.0174414	0.000672786	0.000598385	0.0860853	0.00754648	0.00124366	0.306651	0.00115867	0.316342	0.0642707	0.00093308	0.000429565	0.00275691	0.00109936	0.0136049	0.018862	0.116803	0.00770244	0.0083442
153	0.224202	0.0225645	0.00413328	0.00706348	0.00472053	0.0338453	0.00892305	0.00848495	0.0298217	0.0196027	0.00679963	0.0392307	0.00920299	0.0378547	0.0100514	0.391228	0.0971391	0.0373002	0.0018455	0.00598604
154	0.0104895	0.0309421	0.0156187	0.00445877	0.219062	0.0041883	0.0633404	0.0528404	0.00532981	0.25746	0.04554	0.0231965	0.00151547	0.0223912	0.0040911	0.00845275	0.00532595	0.018412	0.0139841	0.193361
155	0.140519	0.0144823	0.00440665	0.00482955	0.00302981	0.176779	0.0200826	0.0059951	0.00736569	0.0258571	0.00477867	0.00926461	0.0110681	0.00878113	0.00530508	0.43942	0.0997594	0.0126907	0.00152868	0.00405697
156	0.203887	0.00991501	0.00985255	0.0101399	0.00717414	0.32104	0.0100289	0.0123162	0.0196494	0.0193096	0.00753191	0.0144876	0.191725	0.0164732	0.0147563	0.0781828	0.0317107	0.0151739	0.00218746	0.0044587
157	0.012921	0.00892279	0.000405308	0.000462335	0.0233453	0.00230297	0.00211615	0.171463	0.000671055	0.603784	0.0600354	0.000539755	0.000245759	0.00229216	0.000603354	0.00763085	0.00598496	0.0862204	0.00152493	0.00852949
158	0.107505	0.0102396	0.0227005	0.032002	0.0302654	0.00702004	0.0104531	0.0837716	0.0247803	0.154443	0.0878539	0.0114952	0.00150987	0.0393792	0.0280073	0.0808019	0.0751008	0.102031	0.0181173	0.0725234
159	0.0578693	0.00415394	0.0185563	0.0359378	0.0191123	0.0226972	0.0210008	0.0060424	0.00506135	0.00628177	0.00436896	0.00421586	0.00211412	0.0371524	0.00651692	0.268429	0.466749	0.00836764	0.00159149	0.00378106
160	0.221147	0.0124809	0.00181669	0.0315258	0.214957	0.0151004	0.108997	0.00359874	0.0231943	0.0148296	0.00313693	0.0220723	0.00176754	0.0126605	0.0321206	0.0971231	0.00325131	0.0148404	0.000883128	0.164496
161	0.187552	0.0212258	0.00116739	0.000621253	0.018245	0.0220636	0.00321395	0.185241	0.000889894	0.111489	0.0255567	0.00168173	0.000994707	0.000831838	0.00139314	0.0329162	0.0590028	0.318142	0.000949353	0.00682316
162	0.0234554	0.0121088	0.000767632	0.000597535	0.0506856	0.00639941	0.00140795	0.363761	0.00162917	0.281245	0.0625852	0.0010667	0.000474026	0.00341068	0.000921427	0.0106289	0.0130646	0.155338	0.00445797	0.00599555
163	0.390272	0.14752	0.00213561	0.00197451	0.00990032	0.0736717	0.00279664	0.0252467	0.00576429	0.0193069	0.00840742	0.00495555	0.00865507	0.00818217	0.004565	0.110417	0.0627733	0.105012	0.00108805	0.00735632
164	0.00203115	0.00786267	0.000622083	0.000650851	0.392932	0.00108622	0.00859705	0.00203217	0.00466338	0.0279929	0.0114589	0.011777	0.000422022	0.00101679	0.00821073	0.00529708	0.00113704	0.0163187	0.0178362	0.478056
165	0.124662	0.0122143	0.00530416	0.00365131	0.00240642	0.253929	0.013699	0.00463178	0.00548662	0.0194279	0.00367027	0.0070475	0.00651747	0.00663315	0.00494551	0.430204	0.0821782	0.00856122	0.00126108	0.00356953
166	0.00881062	0.00724391	0.000373035	0.00052006	0.0165034	0.00102104	0.00250987	0.128196	0.000692946	0.687034	0.0540249	0.000560371	0.000234624	0.00306954	0.000635735	0.00387507	0.00301316	0.073302	0.000685568	0.00769437
167	0.0570925	0.0085369	0.0139973	0.09683	0.0104491	0.011587	0.0315116	0.0350288	0.0703798	0.0442751	0.0673405	0.0245284	0.00482384	0.195052	0.111556	0.0344909	0.0208533	0.0705602	0.0551073	0.0359995
168	0.0421825	0.00353935	0.109285	0.41119	0.0105429	0.0129967	0.0320634	0.0139699	0.0479695	0.0188746	0.0136048	0.0183511	0.0242008	0.108371	0.0382131	0.0379802	0.0182215	0.0190017	0.00790344	0.011539
169	0.0693658	0.0350902	0.0044958	0.00639451	0.00596935	0.00804894	0.152001	0.148308	0.00704353	0.0115911	0.00935826	0.152146	0.00352982	0.0071771	0.00810426	0.0163766	0.210059	0.0778314	0.0317436	0.0353653
170	0.150203	0.0179311	0.000712557	0.000662213	0.0331483	0.0180038	0.00268415	0.237463	0.000924991	0.212281	0.0421018	0.00114535	0.000632738	0.00130722	0.00108541	0.0292398	0.0390714	0.20211	0.00254382	0.00674827
171	0.00203413	0.00787123	0.000621292	0.000652232	0.393548	0.00110126	0.00862204	0.00205577	0.00464225	0.0279014	0.0114598	0.0117665	0.000420134	0.000999196	0.00819437	0.00530885	0.00114087	0.0164701	0.0177897	0.477401
172	0.452021	0.011543	0.0111768	0.00807819	0.00190718	0.0444606	0.00456157	0.00349943	0.00904503	0.0030673	0.00195058	0.0111081	0.000943242	0.00244604	0.00172197	0.400309	0.0115842	0.00461548	0.000486376	0.0154744
173	0.212301	0.0603973	0.00455997	0.00758827	0.0466958	0.0114918	0.00679394	0.0213141	0.00722616	0.110462	0.247905	0.00615215	0.00291162	0.00915737	0.007918	0.120245	0.0350471	0.0640141	0.00348689	0.0143335
174	0.0244431	0.0101031	0.000384859	0.000476193	0.0166808	0.00242418	0.00198765	0.154768	0.000627613	0.56201	0.0518185	0.00080426	0.000248431	0.00201101	0.00063166	0.00796192	0.014118	0.140484	0.000711649	0.00730471
175	0.101704	0.0192384	0.0009397	0.000685386	0.0118816	0.0128379	0.00261985	0.198317	0.00135019	0.0656834	0.0145511	0.003013	0.00203147	0.00104351	0.00100019	0.0280532	0.127484	0.402302	0.00039556	0.00486879
176	0.0462075	0.00511185	0.0951985	0.246756	0.0157405	0.00654979	0.0201989	0.00608656	0.0803461	0.0126554	0.00538365	0.015852	0.263784	0.0637366	0.0202132	0.0335265	0.0278393	0.0237064	0.00708391	0.0040231
177	0.0751113	0.0153098	0.00117972	0.000558805	0.0144931	0.00558722	0.00264664	0.226858	0.000898668	0.0729704	0.0182969	0.00235846	0.000390027	0.000785062	0.000717032	0.0181278	0.0754114	0.46167	0.000211569	0.00641834
178	0.161099	0.021471	0.00131087	0.00140746	0.00991405	0.0142667	0.00801561	0.0374081	0.00218976	0.0731146	0.00984889	0.00204284	0.00110264	0.00205181	0.00187799	0.0726735	0.505915	0.067761	0.00065594	0.00587369
179	0.0499796	0.00915251	0.100141	0.408644	0.0502698	0.0168605	0.0214732	0.0166658	0.0287822	0.0257801	0.0195664	0.0191119	0.0311402	0.0737935	0.0191654	0.0430174	0.0209951	0.022325	0.00601201	0.0171252
180	0.0456796	0.0221945	0.020265	0.024224	0.0109877	0.036187	0.022903	0.0237775	0.103012	0.0266104	0.0251308	0.0308445	0.0106354	0.049947	0.358961	0.0983134	0.0322891	0.0347031	0.0060497	0.0172852
181	0.33223	0.143619	0.00238459	0.00170253	0.00406747	0.116897	0.00255662	0.0236097	0.00310231	0.0135086	0.00711456	0.00321083	0.0272286	0.00971773	0.00314559	0.0821243	0.0979366	0.118331	0.00157443	0.00593874
182	0.0293079	0.00692359	0.00123723	0.00321791	0.0102124	0.00459198	0.00418432	0.135759	0.00745769	0.471059	0.199895	0.00245645	0.00088692	0.00453834	0.00217189	0.00724446	0.00642229	0.0905034	0.00114918	0.0107801
183	0.499474	0.0139175	0.00471801	0.0261825	0.00316979	0.025168	0.0122891	0.00733985	0.00607134	0.00534639	0.00351774	0.00955664	0.0019995	0.00366078	0.00252266	0.321705	0.0247776	0.00948135	0.000946781	0.0181559
184	0.00996138	0.0216928	0.00950095	0.00349524	0.186395	0.00647155	0.127781	0.0341941	0.00605791	0.226891	0.0375835	0.0387112	0.00519932	0.0477796	0.00420602	0.00774559	0.00538597	0.0246032	0.0111409	0.185204
185	0.137496	0.0222237	0.00121093	0.00142578	0.0112314	0.0126531	0.00922454	0.0462033	0.00227113	0.0702536	0.0116905	0.00239826	0.00190332	0.00200301	0.00196953	0.0738863	0.503673	0.0813713	0.000539296	0.00637253
186	0.00430841	0.00402327	0.0949193	0.060727	0.000861602	0.369565	0.0107556	0.00187266	0.101333	0.00581623	0.00122707	0.19144	0.00543551	0.0178968	0.0587328	0.0568288	0.00200568	0.00218165	0.000434808	0.0096348
187	0.204796	0.0344452	0.00310597	0.00365739	0.00373767	0.0259843	0.00510098	0.00684373	0.222519	0.0448926	0.00521607	0.0597779	0.00379294	0.0500231	0.0235148	0.175536	0.0916243	0.0306932	0.00125769	0.00348092
188	0.0349467	0.00422643	0.16547	0.0343968	0.00148854	0.0397544	0.008808	0.00276071	0.223645	0.00306948	0.00209278	0.222055	0.0095298	0.0359897	0.0659018	0.113946	0.0262039	0.00324106	0.000675451	0.00179877
189	0.0303363	0.000657364	0.147038	0.580647	0.00841883	0.0102596	0.0106614	0.0036976	0.0141275	0.00804608	0.00880736	0.00974063	0.000352284	0.0970066	0.0113885	0.0342186	0.0119494	0.00387565	0.00295738	0.00581381
190	0.0641402	0.0145164	0.00143964	0.00043836	0.0166924	0.00392248	0.00246717	0.22357	0.000737003	0.0927918	0.0230523	0.00178257	0.000370189	0.000608866	0.000642364	0.0155704	0.0378606	0.491966	0.000209249	0.00722194
191	0.0116233	0.00588174	0.000438807	0.000622859	0.00850105	0.0013864	0.00273408	0.125397	0.000922433	0.66039	0.0843673	0.000830251	0.000337979	0.00284202	0.000797487	0.00339859	0.00233705	0.0789527	0.000234951	0.0080036
