213	20
1	0.00762988	0.010721	0.000264085	0.00032477	0.00324007	0.00196054	0.000225686	0.503818	0.000389207	0.0531507	0.0113353	0.000610965	0.000203066	0.000430384	0.000394928	0.00188716	0.00981954	0.392373	5.97154e-05	0.00116131
2	0.120977	0.0105862	0.0095918	0.00980314	0.000708341	0.737518	0.00103785	0.00174014	0.00476691	0.00248513	0.00430735	0.0200923	0.000836047	0.0104673	0.00847698	0.0466521	0.0054815	0.00294353	0.00052701	0.00100141
3	0.202631	0.0853709	0.00115831	0.00151278	0.00180868	0.00616642	0.00163739	0.0734897	0.00334593	0.0113467	0.0108992	0.00615397	0.00116131	0.00226068	0.00716018	0.0158864	0.037636	0.528334	0.000222794	0.00181736
4	0.0110835	0.0170965	0.00366063	0.00348144	0.338979	0.00297649	0.0183854	0.0443023	0.0148746	0.0886718	0.00421201	0.00837632	0.00183504	0.00514502	0.0111521	0.0377922	0.0090434	0.0695829	0.00630918	0.30304
5	0.510418	0.0718417	0.00328286	0.00185967	0.00270266	0.00390081	0.00173302	0.0094452	0.00315261	0.0266586	0.0272894	0.00595982	0.00270105	0.00360701	0.00313807	0.1748	0.0743181	0.069727	0.00050032	0.0029637
6	0.0549511	0.0264065	0.00750016	0.00850015	0.00559985	0.00360509	0.013383	0.00552654	0.219075	0.0294579	0.0391308	0.104202	0.00275942	0.0433363	0.269824	0.0726656	0.0690215	0.00729242	0.000981781	0.0167807
7	0.010889	0.00561795	0.0033625	0.00122816	0.019867	0.00139599	0.00190109	0.154081	0.00170837	0.509334	0.0541085	0.0031457	0.00266448	0.00580626	0.00450843	0.00518385	0.0160254	0.194704	0.000289537	0.00417952
8	0.110123	0.042074	0.00740911	0.00662396	0.0036432	0.00541496	0.00508804	0.0280547	0.00710146	0.00719125	0.0136434	0.0378459	0.00695812	0.0112442	0.0092132	0.167412	0.491324	0.0349462	0.00149469	0.00319433
9	0.0168887	0.0101384	0.00648405	0.0127356	0.00291423	0.0103011	0.00931044	0.00497045	0.00923628	0.00382279	0.00436265	0.748388	0.00496658	0.0155824	0.00876109	0.0853893	0.026044	0.00862468	0.000833043	0.0102459
10	0.377348	0.0043019	0.00382226	0.00291686	0.00200645	0.00540803	0.00242211	0.00403101	0.0475652	0.00493337	0.00364252	0.00609219	0.00480929	0.00676646	0.0471641	0.304845	0.160943	0.00686713	0.0007335	0.00338159
11	0.0242356	0.020066	0.0244028	0.0138353	0.160938	0.00938244	0.0708554	0.0282793	0.0179268	0.0581485	0.0105045	0.0236894	0.00553372	0.0185491	0.0190123	0.0506581	0.0213642	0.0479927	0.00499252	0.369633
12	0.323155	0.329152	0.00456316	0.00460723	0.00253701	0.0491476	0.00312345	0.00556069	0.00464914	0.00881769	0.0116687	0.0288124	0.00505901	0.00624985	0.00427355	0.140194	0.0451477	0.0190595	0.000832414	0.00339021
13	0.00323216	0.000884126	0.000517567	0.000451062	0.0198959	0.000500038	0.00218408	0.158402	0.000535263	0.714279	0.0327594	0.00234361	0.000341289	0.000725998	0.000750866	0.00131818	0.0051111	0.0551523	8.89702e-05	0.000527207
14	0.126845	0.0413824	0.0015821	0.00184523	0.00482947	0.00594262	0.00118892	0.102179	0.00435254	0.0290283	0.00959615	0.00763631	0.00439861	0.00259791	0.00409502	0.0253377	0.193597	0.432362	0.000290411	0.000912788
15	0.504044	0.0147468	0.00382723	0.00342786	0.00169555	0.217735	0.000858701	0.00137004	0.00216489	0.00157684	0.00182737	0.0183429	0.016051	0.00607752	0.00157722	0.179179	0.0182548	0.00424685	0.000308154	0.00268913
16	0.0755	0.00736184	0.0193981	0.0033928	0.00608093	0.00240534	0.00183986	0.18588	0.00276216	0.145045	0.0136314	0.00392336	0.0346741	0.0236292	0.032767	0.0221939	0.0699831	0.347095	0.000369394	0.00206763
17	0.187869	0.0170181	0.017462	0.0217582	0.0025641	0.472517	0.00424057	0.00231111	0.00530531	0.00258853	0.0038299	0.0244475	0.0051989	0.0180785	0.00660461	0.174882	0.0242252	0.00803747	0.000240046	0.000822197
18	0.149139	0.00973344	0.0042575	0.00773996	0.000788265	0.734999	0.000712736	0.00107377	0.00119522	0.00135967	0.00374514	0.0148173	0.000857276	0.00654256	0.00602043	0.0499959	0.00426899	0.00186535	0.000190349	0.000697893
19	0.163444	0.134861	0.0173369	0.00973929	0.00153539	0.00553235	0.00170775	0.00481217	0.00356975	0.00634429	0.00639886	0.0099013	0.00464352	0.00540259	0.00325458	0.540007	0.0656444	0.0129542	0.000510014	0.00240094
20	0.0708493	0.00314414	0.028722	0.251657	0.00130537	0.00491579	0.00721046	0.00416988	0.0368592	0.00392874	0.0475837	0.0709687	0.0317377	0.266271	0.0142388	0.0475606	0.0714453	0.0350572	0.000503363	0.00187226
21	0.102806	0.00273988	0.0130681	0.0300704	0.00152325	0.0594169	0.0363609	0.012475	0.00614873	0.00623938	0.0106012	0.223181	0.00153931	0.0588326	0.0206641	0.261026	0.11574	0.0351065	0.000430959	0.00202966
22	0.0153318	0.0155082	0.00348232	0.00514995	0.336958	0.00465294	0.0146958	0.0579595	0.0324929	0.0790666	0.0057426	0.00865848	0.00291767	0.00551039	0.0140256	0.0353076	0.0120507	0.0967185	0.00887985	0.244891
23	0.0104191	0.0239699	0.00308337	0.00330599	0.28903	0.00352889	0.0163709	0.0287305	0.0120262	0.0951354	0.00385423	0.00616808	0.0021523	0.00426659	0.00717423	0.0478266	0.00861935	0.0590162	0.00447635	0.370846
24	0.151318	0.0294927	0.00224261	0.0020611	0.00907579	0.010285	0.00185906	0.133041	0.00801794	0.032964	0.0120408	0.0120985	0.00567741	0.00417285	0.00668253	0.0188472	0.112299	0.446658	0.000267255	0.000898786
25	0.0111798	0.00776545	0.00407012	0.00191746	0.228478	0.0024092	0.00590718	0.147065	0.00868612	0.168608	0.011515	0.00423666	0.00303738	0.00342742	0.00874005	0.0165213	0.0141657	0.236291	0.00460132	0.111378
26	0.0226731	0.00399001	0.116688	0.612489	0.000662942	0.00383234	0.00723948	0.00555582	0.0203554	0.00186555	0.0141099	0.0303287	0.00696546	0.0917668	0.0133178	0.0212436	0.0187092	0.00718852	0.000293824	0.000724918
27	0.333363	0.0161721	0.0185727	0.0174253	0.00704989	0.147258	0.0012045	0.00166071	0.00813704	0.00168579	0.00170396	0.020683	0.00929145	0.036079	0.00237201	0.351034	0.00850574	0.0163388	0.000354211	0.00110835
28	0.0304926	0.00369223	0.119934	0.585485	0.000669872	0.00581048	0.00654402	0.00725197	0.0235873	0.00173679	0.0149339	0.0381599	0.00853945	0.0798364	0.0162608	0.0282208	0.0212422	0.0065046	0.000313026	0.000784817
29	0.00635224	0.0019601	0.00171306	0.000758823	0.0515235	0.00101978	0.00220049	0.168852	0.00163616	0.571452	0.0343078	0.00347607	0.000976371	0.00135364	0.00213203	0.00502497	0.00947053	0.121167	0.000724495	0.0138979
30	0.343666	0.0129602	0.0182932	0.0172006	0.0079992	0.153994	0.00124636	0.0017541	0.00959604	0.00174699	0.00170484	0.0208533	0.0109534	0.0366315	0.00261961	0.330754	0.0080445	0.0183581	0.000356184	0.00126798
31	0.0249923	0.00209089	0.422009	0.213562	0.00141948	0.0982985	0.00169746	0.00217346	0.00965539	0.0180709	0.00224086	0.0497367	0.0500517	0.0229603	0.00494645	0.0565002	0.00889095	0.00504303	0.000483446	0.00517724
32	0.139824	0.0102463	0.0431593	0.0276272	0.0244608	0.00465565	0.0665027	0.0801531	0.0256312	0.0325574	0.00507752	0.0283305	0.0158169	0.0065468	0.00739412	0.147968	0.112956	0.217177	0.00106202	0.0028533
33	0.0498116	0.0633778	0.00781739	0.00968827	0.00626554	0.0181254	0.00631436	0.0103333	0.0576916	0.0189299	0.011509	0.0392127	0.44385	0.012739	0.0193463	0.138863	0.0528615	0.0255046	0.00219607	0.00556268
34	0.0113578	0.0131403	0.000393944	0.000334999	0.00332392	0.0022646	0.000268052	0.485492	0.000462903	0.0516992	0.0112474	0.000908994	0.000383627	0.000492763	0.000662109	0.00195748	0.0108804	0.403305	9.42728e-05	0.00133022
35	0.00772325	0.0117704	0.00027598	0.000325178	0.00301386	0.00215027	0.000223683	0.493764	0.000385811	0.0504489	0.0114529	0.000693098	0.000222805	0.000441091	0.000412665	0.0017634	0.010043	0.403709	6.62531e-05	0.00111497
36	0.02889	0.00660268	0.00771377	0.0523031	0.00520442	0.00316666	0.0960307	0.00530866	0.143648	0.0138503	0.0263796	0.0878239	0.00151587	0.17269	0.226585	0.0245278	0.0271197	0.00762385	0.000900911	0.0621149
37	0.16839	0.0817016	0.0013819	0.00119449	0.000968044	0.00148253	0.00116769	0.0287796	0.00142828	0.00321941	0.00824489	0.00351202	0.0011531	0.00177109	0.00188685	0.0704005	0.58199	0.040218	0.000274384	0.000835645
38	0.0321835	0.00494941	0.00700381	0.00127625	0.00151018	0.00138308	0.00135895	0.0287113	0.00284434	0.00464057	0.0156746	0.0711971	0.00636029	0.00860502	0.00309431	0.322266	0.48284	0.00226695	0.000332855	0.00150153
39	0.00743736	0.00658453	0.000513135	0.000423127	0.00764266	0.00145743	0.000310154	0.519173	0.000417456	0.0824123	0.0109153	0.000709031	0.00039319	0.000626014	0.000780824	0.00322434	0.00940606	0.344713	8.59977e-05	0.00277507
40	0.3094	0.00900504	0.0025866	0.00436347	0.000652916	0.512461	0.000772544	0.00114349	0.00115147	0.00132838	0.00253318	0.0237518	0.00599744	0.0039063	0.00343436	0.104664	0.00933881	0.00184308	0.000246719	0.00141926
41	0.154769	0.0112744	0.0428438	0.0238217	0.00405464	0.39947	0.00568026	0.00374001	0.0102979	0.00466556	0.00511553	0.0348264	0.00739088	0.0292747	0.00988754	0.209332	0.0293987	0.0110177	0.000839263	0.00229959
42	0.0916505	0.0626983	0.00522654	0.00197496	0.00406299	0.00203912	0.00174943	0.0539627	0.00208992	0.0263215	0.0297055	0.0413614	0.00154406	0.00592233	0.00262006	0.21338	0.436926	0.0149921	0.00042891	0.00134442
43	0.0581527	0.0241128	0.0338812	0.0977597	0.00567973	0.124832	0.0187717	0.05889	0.0424792	0.0253169	0.0136025	0.042207	0.00752439	0.10987	0.173167	0.0806925	0.0449334	0.0256424	0.00257601	0.00990872
44	0.00848103	0.00583677	0.000936727	0.000473556	0.0133465	0.00146163	0.0003836	0.487352	0.000564589	0.097292	0.0121219	0.000838254	0.000907333	0.000931162	0.00157931	0.00454478	0.0112234	0.34705	0.00010524	0.00457058
45	0.00772325	0.0117704	0.00027598	0.000325178	0.00301386	0.00215027	0.000223683	0.493764	0.000385811	0.0504489	0.0114529	0.000693098	0.000222805	0.000441091	0.000412665	0.0017634	0.010043	0.403709	6.62531e-05	0.00111497
46	0.135361	0.0101172	0.00733059	0.00848789	0.000907552	0.72895	0.000934821	0.00158341	0.00357682	0.00216274	0.00377746	0.0186041	0.0023634	0.00836309	0.00706256	0.050508	0.00567689	0.00298181	0.000219348	0.00103161
47	0.0801093	0.0078168	0.0164909	0.0260726	0.00550735	0.0363976	0.0525965	0.0132622	0.0155425	0.0115835	0.013078	0.0540457	0.0110005	0.0403952	0.118499	0.291097	0.174753	0.0242128	0.00126717	0.00627247
48	0.00304721	0.0121884	0.000901495	0.00113379	0.00110562	0.000870817	0.00129484	0.0674462	0.00109787	0.573321	0.220577	0.00176997	0.000782942	0.0216937	0.00141815	0.00340633	0.0134759	0.0734566	0.000236492	0.000774785
49	0.167086	0.0835658	0.00137804	0.00123755	0.0010231	0.00144744	0.00110601	0.029275	0.00136736	0.00341078	0.00836274	0.00352593	0.00123388	0.00178496	0.00192931	0.0708466	0.579677	0.0406751	0.000269797	0.000797892
50	0.165685	0.0808793	0.00103261	0.00125962	0.00199059	0.00539773	0.00110542	0.0844591	0.00255295	0.011319	0.0111041	0.0061331	0.000834808	0.00165609	0.00749168	0.00689853	0.0319523	0.577088	0.000225655	0.000933734
51	0.183901	0.0100542	0.00408515	0.00664097	0.000648076	0.691008	0.000868376	0.000967512	0.0012569	0.00128447	0.00347302	0.0151938	0.0018886	0.00506095	0.00498722	0.0589681	0.00688907	0.00166521	0.000221654	0.000938601
52	0.0179816	0.00991764	0.00439542	0.01196	0.00202181	0.00949555	0.0110602	0.0045318	0.0109771	0.00364483	0.004034	0.798714	0.00247028	0.0191816	0.0106799	0.0479209	0.0109277	0.00877089	0.000760764	0.0105538
53	0.0206907	0.00435954	0.00349461	0.00653352	0.0013312	0.002164	0.00440567	0.0029189	0.317699	0.00279962	0.0082812	0.0126319	0.0102735	0.0199407	0.536844	0.0166633	0.00502176	0.0165455	0.000482613	0.00691857
54	0.0148594	0.00492804	0.00385608	0.00414557	0.00312183	0.00810551	0.194452	0.00493204	0.232754	0.00554803	0.00495712	0.342193	0.0021414	0.00791072	0.130918	0.0160343	0.00900115	0.00652842	0.000820823	0.0027923
55	0.128406	0.0105932	0.00911075	0.00983118	0.000805861	0.737077	0.00100651	0.00128504	0.00367619	0.00172242	0.00394352	0.0180776	0.000873253	0.00997505	0.00619472	0.0486719	0.0053611	0.00198495	0.000234001	0.00116945
56	0.00284567	0.00146872	0.000436912	0.000518605	0.0163418	0.000425887	0.00315312	0.130704	0.000624577	0.741175	0.0484665	0.00207648	0.000351887	0.00245108	0.000724639	0.0015303	0.00513041	0.0410089	0.000130904	0.000434794
57	0.00270449	0.000600459	0.000426842	0.000450331	0.0183978	0.000403279	0.00240531	0.138849	0.000504467	0.752707	0.0331005	0.00216892	0.000248165	0.000641079	0.000580464	0.00127596	0.0043823	0.0396954	0.000105673	0.000352712
58	0.0303694	0.00988186	0.0108375	0.00237673	0.0100238	0.00280659	0.00178154	0.106865	0.00277686	0.210559	0.0111619	0.00438673	0.00855805	0.00688502	0.0148472	0.0108354	0.0343364	0.51451	0.000492425	0.00570817
59	0.0616281	0.0125877	0.00538652	0.00666344	0.00231474	0.0189687	0.00288619	0.00494763	0.0156566	0.0147131	0.00414435	0.0348	0.53629	0.0065129	0.00811261	0.167376	0.0702982	0.0224048	0.000962392	0.00334682
60	0.101873	0.00319172	0.0156181	0.0408318	0.00203746	0.0606147	0.048612	0.0191962	0.006988	0.0067096	0.0177438	0.0896978	0.00219938	0.0577223	0.0244643	0.340784	0.1328	0.0266287	0.000551429	0.00173642
61	0.0352714	0.00570343	0.00791806	0.00126821	0.00122487	0.00141877	0.00125026	0.0331364	0.00136532	0.00509643	0.0178827	0.0644487	0.000977635	0.00904512	0.00217253	0.305911	0.502159	0.0021369	0.000300408	0.00131314
62	0.17837	0.0770159	0.00165228	0.00206364	0.00305037	0.00374092	0.00185567	0.0721334	0.00500413	0.0139842	0.0101098	0.00570855	0.00373445	0.00303096	0.00362851	0.054373	0.428577	0.129005	0.000357432	0.00260473
63	0.0295411	0.0107076	0.00875217	0.00908748	0.0450981	0.0105831	0.00973154	0.0122254	0.0157019	0.0102861	0.0118868	0.164303	0.0133478	0.0533869	0.0587924	0.21289	0.257981	0.0152604	0.00267697	0.0477599
64	0.0272315	0.00354008	0.375334	0.359839	0.00120491	0.0303297	0.00427369	0.00330605	0.020255	0.00774774	0.00453571	0.0460267	0.0168359	0.0258201	0.00874718	0.0362982	0.0141042	0.00832459	0.000494971	0.00575061
65	0.0700158	0.00436729	0.0187736	0.165509	0.00237531	0.00574314	0.00917882	0.00464972	0.0421387	0.00502763	0.0274317	0.100471	0.0377494	0.320835	0.0132156	0.0402914	0.0693999	0.059255	0.000768421	0.0028031
66	0.0216613	0.00584184	0.132658	0.6463	0.00106986	0.00646805	0.00747732	0.00589408	0.0198227	0.00338333	0.00950586	0.0293761	0.00560082	0.0475173	0.0122061	0.0201574	0.0165189	0.0061529	0.000342709	0.00204549
67	0.00348522	0.000932598	0.000455195	0.000479049	0.0242011	0.000493682	0.00211053	0.150547	0.000520365	0.715916	0.042396	0.00288029	0.000308902	0.000922546	0.00071182	0.00140221	0.00571704	0.0459816	0.000124964	0.00041373
68	0.0389187	0.00614545	0.00395985	0.0087864	0.00338833	0.00457455	0.0442318	0.00575042	0.055804	0.0561861	0.0772445	0.0158338	0.00276765	0.531458	0.0465928	0.0150924	0.0128562	0.0093209	0.0259101	0.0351784
69	0.0277582	0.00574633	0.0061642	0.0427269	0.00393244	0.00470301	0.172488	0.0057584	0.0561713	0.0179803	0.0291817	0.0700614	0.00207968	0.308387	0.11991	0.0248523	0.0231065	0.00880389	0.00676322	0.0634258
70	0.00272598	0.000553739	0.000422183	0.000446786	0.0185262	0.000407281	0.00241806	0.13922	0.000498257	0.753182	0.0323672	0.0021796	0.000251239	0.000575188	0.000581626	0.00126864	0.00433349	0.0395877	0.000102514	0.000351658
71	0.0292339	0.00521318	0.00469916	0.00813267	0.00205306	0.00230447	0.00818211	0.00471492	0.312673	0.00573785	0.0118038	0.0262054	0.00847095	0.0307879	0.487294	0.0177841	0.00780789	0.0165767	0.000550896	0.00977374
72	0.041433	0.00397727	0.243166	0.326332	0.000924355	0.0327378	0.00611941	0.0041415	0.0302719	0.00616574	0.00597581	0.160551	0.0160335	0.0405029	0.0127962	0.0357565	0.0167394	0.0128857	0.000330257	0.00315935
73	0.0896063	0.171131	0.00924653	0.0137206	0.00118199	0.00593232	0.00162667	0.00267949	0.00222237	0.00293567	0.00385607	0.014687	0.00137357	0.00348533	0.00272199	0.631706	0.035649	0.00391908	0.00064536	0.00167319
74	0.00327763	0.000730566	0.000476042	0.000420224	0.0195697	0.000424989	0.00227774	0.154652	0.00049207	0.725508	0.0329963	0.00229552	0.0003031	0.000642199	0.000654228	0.00139261	0.00488758	0.0485217	0.000100831	0.000377181
75	0.0493133	0.0129052	0.00424494	0.00613257	0.00318876	0.0181955	0.00542082	0.00768791	0.0126214	0.0210355	0.00490659	0.0169906	0.657573	0.00607787	0.00673848	0.0794284	0.0482643	0.0339204	0.00114219	0.00421176
76	0.0274369	0.00419044	0.240714	0.529954	0.000643828	0.0208173	0.00551302	0.00320875	0.0168383	0.00607161	0.00512659	0.0357505	0.0173767	0.0342631	0.00749213	0.0237	0.0135778	0.00499558	0.000271234	0.00205763
77	0.115555	0.00237515	0.102563	0.20591	0.00119063	0.0450713	0.0165145	0.00361683	0.042834	0.00484999	0.00694593	0.0977451	0.0294916	0.0598548	0.0295795	0.117788	0.105307	0.0110675	0.000295472	0.00144585
78	0.00822142	0.010066	0.000446972	0.000391917	0.00483649	0.001931	0.00027486	0.500019	0.000469193	0.0641764	0.0110133	0.000822461	0.000421311	0.000631958	0.000644589	0.00249376	0.0100078	0.381242	6.70919e-05	0.00182296
79	0.098041	0.00750512	0.00602378	0.0338903	0.00448151	0.00514808	0.0338818	0.0570869	0.294621	0.0326311	0.0127507	0.0539222	0.00349803	0.0763084	0.166983	0.0173931	0.0143134	0.0695976	0.000794761	0.0111282
80	0.0107892	0.013018	0.000291492	0.000327129	0.00369197	0.00255901	0.00024659	0.485205	0.000483148	0.0524739	0.0118655	0.000849	0.00025938	0.000459741	0.000487173	0.00200911	0.0106944	0.402813	6.87323e-05	0.001409
81	0.0322618	0.00666771	0.00933772	0.0346733	0.00573053	0.00226378	0.0623441	0.00482441	0.189621	0.0147449	0.0329255	0.0799303	0.0014622	0.153783	0.270597	0.0244807	0.0198405	0.00731703	0.00123883	0.0459564
82	0.0354496	0.029187	0.00954056	0.0144745	0.00734183	0.00472013	0.0204587	0.00612367	0.224011	0.0182589	0.0466779	0.0738275	0.00398965	0.0741	0.323287	0.0312906	0.0267466	0.0112421	0.00118696	0.0380858
83	0.00763091	0.011288	0.000268033	0.000317744	0.00307691	0.00204543	0.000225295	0.498443	0.000390048	0.0515775	0.0113934	0.000638442	0.000211467	0.000428415	0.000410944	0.00185234	0.0099675	0.398651	6.4896e-05	0.00111883
84	0.0135725	0.00528438	0.127712	0.710545	0.000571353	0.00328305	0.00742622	0.00417403	0.016563	0.00237047	0.00736859	0.0213147	0.00300311	0.0403248	0.00795625	0.0122984	0.0133146	0.00204684	0.000305953	0.000565651
85	0.0306249	0.00495461	0.171893	0.229319	0.00164775	0.233075	0.00501237	0.00729047	0.0366476	0.00795289	0.00386711	0.0770569	0.0145711	0.0634501	0.0349351	0.0473936	0.0189428	0.00758239	0.000720909	0.00306308
86	0.0209497	0.00413508	0.00363333	0.00687673	0.00132296	0.00220723	0.00490572	0.00315778	0.32107	0.0030488	0.00821943	0.0132608	0.0105985	0.0212935	0.530018	0.0158828	0.00483777	0.0173161	0.000398166	0.00686847
87	0.00371959	0.000774802	0.000451871	0.000466769	0.0261192	0.00048563	0.00208318	0.156338	0.000560709	0.71064	0.0397768	0.00302269	0.000319764	0.000675442	0.000695012	0.00148826	0.00590584	0.0459482	0.000126378	0.000401391
88	0.0740991	0.234608	0.00957611	0.0118617	0.0041896	0.0110903	0.00492822	0.00804584	0.010561	0.00924121	0.00981665	0.0788887	0.00655378	0.00957283	0.010201	0.448627	0.0398516	0.0108611	0.00176073	0.00566612
89	0.485076	0.0209715	0.00714907	0.00597417	0.00346789	0.0999228	0.0035106	0.00483182	0.00810338	0.00858732	0.00692584	0.0175825	0.0116383	0.0138048	0.00808854	0.21331	0.0533808	0.0208924	0.000624486	0.00615826
90	0.00404088	0.00264696	0.00175951	0.00158672	0.0170055	0.000700173	0.00466849	0.130007	0.00074416	0.718204	0.0511594	0.00266974	0.000393793	0.00390432	0.0011593	0.00259224	0.00677972	0.0492171	0.000115973	0.00064459
91	0.128847	0.00994533	0.0103901	0.0102498	0.000746508	0.746387	0.000891373	0.00115585	0.00225789	0.00139956	0.00381232	0.0164704	0.000991497	0.00779316	0.00576716	0.0449887	0.0050946	0.00190916	0.000215369	0.000688073
92	0.0152222	0.00908189	0.0050485	0.0131569	0.00174542	0.00777174	0.0110864	0.00348193	0.0105958	0.00461939	0.0033859	0.800963	0.0030736	0.0194431	0.00926717	0.049809	0.0128458	0.00850311	0.00070955	0.0101901
93	0.135953	0.0612633	0.00166857	0.00168147	0.00396189	0.0123185	0.00131371	0.15268	0.00446134	0.0237218	0.0110438	0.0137505	0.00224027	0.00293011	0.00575701	0.0101275	0.0592477	0.494198	0.000555124	0.00112661
94	0.00772325	0.0117704	0.00027598	0.000325178	0.00301386	0.00215027	0.000223683	0.493764	0.000385811	0.0504489	0.0114529	0.000693098	0.000222805	0.000441091	0.000412665	0.0017634	0.010043	0.403709	6.62531e-05	0.00111497
95	0.513939	0.0718653	0.0024981	0.00225047	0.00163464	0.00351978	0.00321583	0.00827121	0.0058256	0.0207046	0.0129689	0.0045759	0.00341817	0.00435611	0.00399697	0.113013	0.0797252	0.139204	0.000492677	0.00452441
96	0.1453	0.352792	0.0016553	0.00143225	0.0011438	0.008409	0.00132384	0.01448	0.00174155	0.00381178	0.00972036	0.00620788	0.00137641	0.00205453	0.00209376	0.0847637	0.339787	0.0205017	0.000352082	0.00105239
97	0.0162912	0.0078964	0.00490465	0.012029	0.00196202	0.00805125	0.0141318	0.00467428	0.0145303	0.00401276	0.00381216	0.788377	0.00297626	0.0163448	0.0114175	0.0521034	0.0165405	0.00887211	0.000972675	0.0100994
98	0.0347939	0.0050279	0.414468	0.250344	0.00240669	0.0405739	0.00639907	0.00672179	0.0216809	0.0122948	0.00530031	0.0518678	0.0195552	0.0228755	0.0106165	0.0479263	0.0197665	0.0169658	0.00106551	0.00935003
99	0.0255106	0.010601	0.0504105	0.00864536	0.00884548	0.0080066	0.342281	0.00931087	0.00876101	0.0109097	0.00948821	0.0192757	0.00531246	0.0147697	0.0107156	0.0645954	0.0197882	0.0144229	0.00187447	0.356475
100	0.159166	0.0792012	0.000993813	0.001207	0.00199949	0.0054641	0.000950489	0.0885643	0.00234061	0.012044	0.0112758	0.00634153	0.00079275	0.0014694	0.00663679	0.00579275	0.0340577	0.580821	0.000215253	0.00066568
101	0.52081	0.0135466	0.00510332	0.00534534	0.00204918	0.173055	0.000966832	0.00141758	0.00294018	0.00133361	0.00176637	0.0179179	0.0110361	0.00991704	0.00195411	0.20145	0.0187224	0.00658908	0.000279514	0.00379975
102	0.00525817	0.0037033	0.000452622	0.000428131	0.0127475	0.0009099	0.00142848	0.295353	0.000506084	0.470636	0.0224911	0.00162754	0.000752248	0.000858232	0.000894348	0.00217298	0.00710782	0.171528	9.70178e-05	0.00104815
103	0.145138	0.0325619	0.00235867	0.00149949	0.00614667	0.00798552	0.00107476	0.167902	0.00527149	0.0379485	0.0110875	0.00932824	0.00650734	0.00503904	0.00815988	0.0139592	0.100597	0.436148	0.000329231	0.000957734
104	0.0428791	0.0105618	0.0145446	0.029218	0.00612101	0.0118294	0.238056	0.00848261	0.0967758	0.0121686	0.0136744	0.237736	0.00448612	0.0567523	0.0805745	0.0536361	0.0298638	0.0188302	0.00187625	0.031934
105	0.0471255	0.0102209	0.00280938	0.00306915	0.00194888	0.0199848	0.0025245	0.00385755	0.00924348	0.0218109	0.00356989	0.0103123	0.714144	0.00396915	0.00424732	0.0629166	0.0461002	0.0290945	0.0010233	0.00202811
106	0.0268055	0.00400707	0.21902	0.552139	0.000763706	0.00970807	0.00583974	0.00387642	0.0269022	0.00356176	0.0064218	0.0411956	0.00829762	0.0376139	0.0104545	0.0202061	0.0134879	0.00781349	0.000314342	0.00157086
107	0.00455848	0.000739365	0.000601456	0.00050812	0.0317107	0.000605719	0.00190241	0.179253	0.000635002	0.670551	0.0405844	0.00375488	0.000336201	0.000694317	0.000751327	0.00164154	0.00764324	0.052836	0.000121683	0.000571033
108	0.0285531	0.00420313	0.476054	0.195698	0.00256483	0.0406228	0.00365507	0.00447393	0.0131871	0.0112274	0.00392474	0.0381891	0.021472	0.0152979	0.00808809	0.071029	0.0295094	0.00998278	0.00109963	0.0211684
109	0.0294107	0.00529933	0.00715129	0.0148331	0.00313035	0.00177644	0.0159023	0.00520893	0.322381	0.0082638	0.0197491	0.04426	0.00469946	0.0570681	0.403971	0.0145315	0.0086835	0.0150397	0.000274977	0.0183658
110	0.0302557	0.00264338	0.34718	0.355815	0.000975836	0.060346	0.00259551	0.00206066	0.0139549	0.0150755	0.00212274	0.0483508	0.0331722	0.021201	0.00562387	0.039733	0.00943288	0.00533858	0.000350527	0.00377144
111	0.0519111	0.0112408	0.00790536	0.00458558	0.00217036	0.00555782	0.00458701	0.0251372	0.0045927	0.00532629	0.014236	0.0647275	0.0107263	0.0122517	0.00642437	0.328735	0.43057	0.0062167	0.000319287	0.00277876
112	0.0294256	0.00427211	0.0942761	0.538316	0.000930882	0.00459808	0.00946587	0.00574885	0.0235496	0.00244275	0.0180693	0.0424592	0.0106317	0.133884	0.0145069	0.0254991	0.0259359	0.0128824	0.00052876	0.00257716
113	0.0177344	0.00465093	0.139051	0.662892	0.000584642	0.0053667	0.00689913	0.00455156	0.0191371	0.00234459	0.00865558	0.0264867	0.0050914	0.052172	0.00999893	0.0159402	0.0142136	0.0032603	0.000300451	0.00066829
114	0.00899668	0.00647342	0.000605563	0.000412897	0.0101879	0.00151044	0.000342896	0.511445	0.000483913	0.0911467	0.0123795	0.000768383	0.000555383	0.000812567	0.000848016	0.00357208	0.00986212	0.336183	8.67212e-05	0.00332669
115	0.0076696	0.00763722	0.000274858	0.000384602	0.0049153	0.00150164	0.000261284	0.534111	0.000367694	0.0705583	0.0105764	0.000670102	0.000303391	0.00050613	0.000483275	0.00264084	0.00905652	0.346374	7.32366e-05	0.00163495
116	0.170874	0.00409854	0.0138683	0.0383077	0.002114	0.0754776	0.0256504	0.0208274	0.00732182	0.00627005	0.0102471	0.0420845	0.00226718	0.0612457	0.0404903	0.306045	0.131596	0.0387617	0.000516835	0.00193541
117	0.0321415	0.00325377	0.382858	0.331992	0.00114069	0.0311076	0.00417755	0.00353363	0.0206375	0.0080436	0.00431354	0.0498023	0.0196258	0.0266459	0.00919969	0.0384785	0.015704	0.0100519	0.00063055	0.00666229
118	0.0942578	0.0454148	0.00150457	0.00148863	0.00145777	0.00174211	0.00125814	0.0292979	0.00197282	0.00735707	0.00517908	0.00390102	0.00140069	0.00242099	0.00230991	0.0335129	0.391841	0.3723	0.000358266	0.00102399
119	0.00465612	0.00495905	0.000651478	0.000782302	0.0135996	0.000761133	0.00237083	0.11125	0.000771368	0.682956	0.101924	0.00268776	0.000562656	0.00797945	0.0014381	0.00286869	0.00870871	0.0501678	0.000152619	0.000752074
120	0.00663667	0.00296718	0.127704	0.0564686	0.00136611	0.423721	0.00176176	0.0038444	0.0585363	0.00324428	0.00244354	0.117594	0.00129414	0.111722	0.0210479	0.0477033	0.00581252	0.00391423	0.000625675	0.00159303
121	0.12786	0.0506829	0.00206539	0.00203987	0.00482482	0.00614988	0.00159314	0.149353	0.00343084	0.0364155	0.0192653	0.00672627	0.00539972	0.0051141	0.00930272	0.0126293	0.0510293	0.504303	0.000316891	0.00149808
122	0.0323681	0.00579961	0.0780854	0.456936	0.00195512	0.00529536	0.0664904	0.00663002	0.026581	0.00831951	0.015914	0.0416225	0.00645596	0.128645	0.0321858	0.0295693	0.0318521	0.0130294	0.0010514	0.0112146
123	0.163355	0.0415817	0.00278671	0.00288022	0.00405497	0.00584266	0.00341037	0.0710748	0.004993	0.0205319	0.00883139	0.0073345	0.00481569	0.0048383	0.00539946	0.0359205	0.196276	0.413364	0.000416706	0.00229246
124	0.00902014	0.0188307	0.00262558	0.00307781	0.331735	0.00293682	0.0151723	0.0342535	0.0126984	0.0964927	0.00341541	0.00555901	0.00180882	0.00401883	0.00736445	0.0392726	0.00721215	0.061871	0.00490119	0.337734
125	0.0234896	0.00503935	0.00485451	0.00931143	0.00219032	0.00238145	0.0104166	0.00365075	0.307653	0.0053147	0.0125176	0.0269001	0.00872381	0.0332658	0.493595	0.0169076	0.00737616	0.0151164	0.000461093	0.0108348
126	0.0647966	0.00864819	0.00676342	0.0540117	0.00464805	0.00680839	0.279247	0.00825132	0.0111527	0.0461956	0.0464696	0.0216378	0.00477265	0.185566	0.0143436	0.0602641	0.117322	0.0477325	0.00240964	0.00895852
127	0.0365948	0.00571875	0.00796048	0.00186278	0.00130318	0.00249787	0.00183801	0.0330684	0.00148815	0.00507965	0.0181117	0.0647436	0.00109417	0.00968506	0.00289162	0.306741	0.494661	0.00293417	0.000313972	0.00141176
128	0.00751007	0.0076824	0.000274891	0.00037203	0.00491224	0.0015273	0.000263735	0.532849	0.000366468	0.0706974	0.010519	0.000677534	0.000284971	0.000509672	0.000456227	0.00261407	0.00900856	0.347707	7.23482e-05	0.00169464
129	0.496469	0.0127335	0.00317724	0.00321083	0.00141092	0.242292	0.000871969	0.00132641	0.00189352	0.00130214	0.00179172	0.0186876	0.0127957	0.00494295	0.00167972	0.170622	0.018114	0.00369342	0.000238957	0.00274723
130	0.00698761	0.00261683	0.139238	0.0631129	0.00127841	0.412786	0.00171092	0.00364777	0.0575627	0.00333199	0.00240737	0.11733	0.00243512	0.10656	0.0195419	0.0480018	0.00547235	0.00389004	0.000605531	0.00148254
131	0.0330339	0.00473595	0.00809905	0.105609	0.00224472	0.00471707	0.0529582	0.0039109	0.0195441	0.00513976	0.014744	0.352173	0.0115626	0.244148	0.0248536	0.0469542	0.0290942	0.0215472	0.000991344	0.0139399
132	0.176841	0.0326293	0.0119774	0.0241122	0.0109608	0.00412134	0.00841934	0.0981553	0.00879474	0.0495911	0.0101747	0.0101398	0.0720029	0.0111	0.0159411	0.0988304	0.124959	0.227732	0.000833974	0.00268391
133	0.00298657	0.00215435	0.000451097	0.000546976	0.0162196	0.000472648	0.00243382	0.12995	0.000620364	0.72648	0.0588976	0.00221948	0.00031254	0.00332622	0.000785176	0.00160012	0.00578002	0.0442256	0.000147747	0.000390131
134	0.0914376	0.0332753	0.00216115	0.00192683	0.00331499	0.00400223	0.00153387	0.0736816	0.00328822	0.0227962	0.00711906	0.00577446	0.00432356	0.00398059	0.00643475	0.0192862	0.195224	0.519126	0.000385264	0.000928107
135	0.136869	0.00942357	0.00870339	0.00944729	0.000970038	0.728758	0.00103505	0.00159868	0.00358381	0.00205288	0.0039165	0.0174925	0.00189187	0.00897269	0.0066391	0.0476122	0.00648793	0.00280634	0.000228785	0.00150965
136	0.0369188	0.00608212	0.00755267	0.00145561	0.00122555	0.00150626	0.00130513	0.0319411	0.00161575	0.00504594	0.0169777	0.0654345	0.00250546	0.00888613	0.00256103	0.305162	0.499296	0.00281781	0.000356251	0.00135446
137	0.0118161	0.0183574	0.00366643	0.00416305	0.32728	0.00376078	0.0260656	0.0371791	0.0137982	0.0830754	0.00465231	0.00724492	0.00207403	0.00465866	0.00934076	0.038738	0.00939952	0.0623013	0.00593213	0.326497
138	0.106773	0.576019	0.00322445	0.00434783	0.00146873	0.0288428	0.00185916	0.00301429	0.00245662	0.00298288	0.0157583	0.0107099	0.00179101	0.00339284	0.00293105	0.168145	0.0593111	0.00501452	0.000492472	0.00146513
139	0.318112	0.0897897	0.0022079	0.00247763	0.00170382	0.0149211	0.0150647	0.042251	0.0418362	0.0052618	0.00333053	0.00471551	0.00239985	0.0162209	0.0162849	0.0970736	0.125689	0.173541	0.000459305	0.0266604
140	0.00690257	0.000919299	0.000708715	0.000596139	0.0507484	0.0008372	0.00179587	0.191752	0.000840848	0.628737	0.0419146	0.00409106	0.000569612	0.000861329	0.00115727	0.00235014	0.00772349	0.0563428	0.000196166	0.000955374
141	0.0209167	0.00434667	0.00456397	0.00175252	0.00219382	0.00176464	0.0020762	0.0166586	0.00990265	0.00385959	0.0103312	0.113529	0.03259	0.00648561	0.00795148	0.374193	0.381112	0.00302981	0.000466822	0.00227546
142	0.0230699	0.011509	0.00807102	0.0109579	0.0126108	0.00734333	0.0140803	0.00699641	0.0155616	0.00928111	0.00778123	0.634821	0.00590708	0.0206552	0.0202925	0.0917826	0.0342221	0.0122125	0.00165533	0.0511891
143	0.0356009	0.010853	0.0123858	0.0165314	0.00869901	0.00209852	0.0290185	0.00432967	0.216676	0.0226846	0.0422308	0.112725	0.00136184	0.103132	0.283669	0.0308677	0.0289888	0.00658405	0.000520751	0.0310421
144	0.126716	0.0106515	0.0126961	0.0109981	0.000778757	0.730985	0.00104842	0.00146638	0.0041115	0.00164577	0.00404189	0.0196924	0.00121487	0.010719	0.00642102	0.0480441	0.00534567	0.00225155	0.000331126	0.000841224
145	0.201536	0.0516017	0.00488742	0.00720981	0.0018489	0.597856	0.00216532	0.00416539	0.00270523	0.00430357	0.0173601	0.0133034	0.00315014	0.0072814	0.00721298	0.0525444	0.0110472	0.00698193	0.000851557	0.00198742
146	0.00301561	0.0118837	0.000879772	0.00109047	0.00153591	0.000848187	0.00131673	0.0692756	0.00105493	0.576615	0.217349	0.00177452	0.000718123	0.0210625	0.00138261	0.0032827	0.0132285	0.0726856	0.0002369	0.000764109
147	0.0304662	0.00978132	0.0095366	0.00216229	0.0115849	0.00277038	0.00240217	0.0978473	0.00311302	0.310583	0.0334921	0.00469892	0.00838951	0.00853607	0.0128732	0.0127119	0.0445772	0.388788	0.000875195	0.0048102
148	0.157305	0.0114912	0.0322579	0.116239	0.00622802	0.0263181	0.151827	0.0133846	0.0274108	0.0160049	0.0156566	0.107886	0.0102284	0.0604684	0.0311527	0.10314	0.0690254	0.0298625	0.00198316	0.0121311
149	0.21124	0.0161232	0.0074632	0.00670878	0.00342143	0.0308799	0.00401701	0.0154454	0.00920783	0.0174886	0.00497912	0.0127738	0.388061	0.010125	0.00618535	0.127636	0.0563107	0.0659172	0.00104796	0.00496804
150	0.0317684	0.00920837	0.0153187	0.0169362	0.0105256	0.00190649	0.0331668	0.00425059	0.220156	0.021514	0.0455222	0.109737	0.00120661	0.105996	0.290649	0.0239062	0.0218374	0.00682177	0.000414099	0.0291582
151	0.18375	0.083864	0.00205932	0.00167436	0.00235468	0.00168416	0.00132137	0.0369794	0.00210652	0.010588	0.0161924	0.0053752	0.00184199	0.00212611	0.00261755	0.0736289	0.530959	0.0393472	0.000350043	0.00117982
152	0.0100067	0.00502655	0.00201704	0.00276992	0.00295571	0.00243979	0.00291382	0.00302715	0.0311613	0.00414606	0.00303853	0.129406	0.114282	0.00507084	0.0207262	0.407809	0.244055	0.00504689	0.000691159	0.0034104
153	0.0819367	0.00672473	0.0107507	0.00427599	0.00729034	0.00331009	0.00209185	0.152825	0.00343684	0.0807013	0.0248166	0.00489849	0.0341216	0.0296695	0.0375896	0.0374978	0.09506	0.3808	0.000493048	0.00170992
154	0.0667624	0.00214853	0.0429246	0.292687	0.0012819	0.00553529	0.00636156	0.00394519	0.0340644	0.00246721	0.026551	0.0723512	0.0292112	0.259444	0.0175164	0.0449094	0.0509427	0.0392219	0.000396501	0.00127734
155	0.019831	0.0080841	0.145738	0.662191	0.000732903	0.00397588	0.0106897	0.00416321	0.0158583	0.00281046	0.0072696	0.02624	0.00443462	0.040659	0.00833463	0.0134562	0.0204846	0.00350336	0.000327268	0.0012161
156	0.00357385	0.0121538	0.000989759	0.00123394	0.000753915	0.000942311	0.00153897	0.0674315	0.00148779	0.561721	0.219026	0.0020166	0.000809343	0.0343686	0.00176275	0.00353026	0.0130982	0.0721585	0.000401406	0.00100172
157	0.0686261	0.00353152	0.324876	0.268055	0.00125627	0.017331	0.00432869	0.00325673	0.0531	0.0052799	0.00376882	0.106877	0.0147909	0.0213188	0.0191772	0.036062	0.0168221	0.0281578	0.000485439	0.0028989
158	0.0253167	0.00492811	0.152578	0.588048	0.000849568	0.0128825	0.00773018	0.00499876	0.0210236	0.00384925	0.00832627	0.0476341	0.00776753	0.0530985	0.0106508	0.023618	0.0177579	0.00683013	0.000600294	0.0015117
159	0.00414272	0.00109612	0.000953364	0.000516233	0.0199749	0.000508351	0.00242292	0.1658	0.0006885	0.70364	0.0326328	0.00245604	0.000535957	0.000813757	0.000886664	0.00208876	0.00527294	0.0549071	9.88799e-05	0.000563537
160	0.510875	0.0124984	0.00610175	0.00638003	0.00292017	0.14544	0.000970568	0.00169617	0.00411678	0.00147948	0.00179307	0.0177971	0.0101823	0.013276	0.00269146	0.23027	0.0198984	0.00725153	0.000345553	0.00401713
161	0.118823	0.00199025	0.0305205	0.0636221	0.0011446	0.0634836	0.0372354	0.0115701	0.0130577	0.00762445	0.0130074	0.0754442	0.00509276	0.0608919	0.0288343	0.285995	0.155595	0.0246725	0.000240315	0.00115512
162	0.00287764	0.000977175	0.000486136	0.000464256	0.0190372	0.000441708	0.0022831	0.137935	0.000515901	0.740768	0.0413134	0.0023169	0.000282237	0.00151662	0.000649259	0.00138599	0.00497441	0.041291	0.000107269	0.000377365
163	0.00367895	0.000994457	0.000464006	0.000417339	0.018687	0.000507223	0.00216933	0.186929	0.000494407	0.675915	0.0305344	0.0022644	0.000388233	0.000579921	0.000648042	0.0015565	0.00516887	0.0680015	0.000114318	0.000487468
164	0.0294418	0.00447207	0.147501	0.555605	0.000757694	0.0104972	0.00793314	0.00533581	0.020235	0.00314291	0.0123715	0.0365049	0.010949	0.0789372	0.0130941	0.0286756	0.0260216	0.00657868	0.000353761	0.00159221
165	0.0075592	0.00757007	0.000363358	0.000393243	0.00636469	0.00148675	0.000284312	0.519579	0.000414335	0.0755152	0.0107121	0.000661324	0.000327867	0.000615485	0.000611242	0.00284965	0.0091359	0.353201	8.09691e-05	0.00227448
166	0.0486312	0.0129872	0.00976196	0.0159175	0.0038389	0.0149903	0.00575823	0.00629704	0.0240864	0.0124524	0.00551925	0.102492	0.38324	0.0157242	0.0139452	0.198836	0.10018	0.0201355	0.000847859	0.00435869
167	0.00943019	0.00590988	0.00295775	0.000822946	0.0170007	0.0011888	0.00152748	0.156614	0.00121924	0.473228	0.0650916	0.00260614	0.00210718	0.00551391	0.0038028	0.00382968	0.0137458	0.228449	0.000234285	0.00472034
168	0.159216	0.0781155	0.000987298	0.0012052	0.00216562	0.00558608	0.000935932	0.0913143	0.00252186	0.0122753	0.0116886	0.00660169	0.000841225	0.00142844	0.00652409	0.00594943	0.0368642	0.574904	0.000214929	0.000660315
169	0.296341	0.0194899	0.0115521	0.00645273	0.00279349	0.0247793	0.00361733	0.0128481	0.00946465	0.0155458	0.00534235	0.023039	0.0670619	0.0176494	0.00864549	0.246928	0.18641	0.032039	0.000733554	0.00926641
170	0.12723	0.00938401	0.0130866	0.011195	0.000900079	0.728777	0.000986276	0.00128696	0.0042288	0.00171248	0.00364361	0.0212666	0.00102367	0.0115917	0.00660404	0.0477642	0.00563957	0.00257241	0.000216533	0.000890943
171	0.0462292	0.0100354	0.00783253	0.00332884	0.00191442	0.00408347	0.00269518	0.02498	0.00484317	0.00534609	0.0139312	0.0670724	0.0122951	0.0100537	0.00482045	0.340414	0.431917	0.00456173	0.000446315	0.00320061
172	0.00772325	0.0117704	0.00027598	0.000325178	0.00301386	0.00215027	0.000223683	0.493764	0.000385811	0.0504489	0.0114529	0.000693098	0.000222805	0.000441091	0.000412665	0.0017634	0.010043	0.403709	6.62531e-05	0.00111497
173	0.0192632	0.00845529	0.00727552	0.0127522	0.00228168	0.0104426	0.0104058	0.00456714	0.0106132	0.00584674	0.00433145	0.793377	0.00478832	0.0176408	0.00804308	0.0474988	0.011551	0.00935543	0.000697109	0.0108135
174	0.0482112	0.0946932	0.0140208	0.0288767	0.0102002	0.10846	0.0146912	0.0315854	0.0341636	0.0939348	0.021241	0.0343273	0.0124752	0.116357	0.207557	0.0502283	0.0357755	0.0263994	0.00452139	0.0122806
175	0.120662	0.0104472	0.0104842	0.0102574	0.0010011	0.740979	0.00108773	0.00141609	0.00477907	0.00156535	0.00378808	0.0192433	0.000911068	0.0109198	0.00815407	0.0449412	0.00553568	0.00278613	0.000250732	0.000790309
176	0.0398557	0.080998	0.0091192	0.0127879	0.00709378	0.0123796	0.0090624	0.0100338	0.0221591	0.00934328	0.0106105	0.380967	0.011479	0.0163328	0.0169454	0.280904	0.04062	0.0162829	0.00181851	0.0112073
177	0.0716918	0.00169726	0.253546	0.265977	0.000997088	0.0479813	0.0056062	0.00289727	0.0321045	0.00775729	0.00410145	0.0837557	0.0414706	0.0538605	0.0143356	0.0692841	0.0313638	0.00909907	0.000315947	0.00215692
178	0.156509	0.0774084	0.00785348	0.00443316	0.00779899	0.00588136	0.00273413	0.091878	0.00578385	0.187959	0.0184559	0.00763041	0.00958876	0.00710361	0.0116341	0.0391312	0.0747081	0.279274	0.000729595	0.00350463
179	0.00744837	0.0063858	0.000970089	0.000540422	0.00932509	0.00154419	0.000439916	0.474191	0.000640494	0.0996973	0.0106778	0.00107969	0.000541114	0.000843082	0.00134326	0.003649	0.00997751	0.367024	0.000109967	0.00357231
180	0.145666	0.0093989	0.0038631	0.0071224	0.000627985	0.744189	0.000707686	0.000980621	0.00103785	0.00132416	0.0036257	0.0146092	0.00110196	0.00547159	0.00555148	0.0478906	0.00444499	0.00155436	0.000210268	0.000621754
181	0.46465	0.0121735	0.00561371	0.00535036	0.00224243	0.226238	0.000824265	0.00139495	0.00293387	0.00148009	0.00155683	0.0191581	0.0120887	0.00960018	0.00149014	0.210639	0.0146867	0.00544332	0.000244092	0.00219128
182	0.133651	0.00970694	0.0099357	0.0098805	0.00071087	0.734261	0.000840274	0.00137718	0.00325115	0.00160457	0.00383569	0.0175591	0.00116479	0.00917449	0.00660848	0.0477271	0.00508818	0.00247465	0.00032708	0.000821628
183	0.00306398	0.0122538	0.000904584	0.00114418	0.00110582	0.000870818	0.00129041	0.0674192	0.00109815	0.573117	0.22073	0.00176458	0.000782931	0.0216843	0.00141508	0.0034312	0.0134337	0.073482	0.000235492	0.000773432
184	0.0802043	0.042536	0.000728871	0.000907245	0.00274167	0.00535369	0.000514435	0.289468	0.00230268	0.0359642	0.0103058	0.00493748	0.00103592	0.00117088	0.00278248	0.00517142	0.041585	0.471424	0.000132487	0.000734312
185	0.254179	0.0784353	0.0015037	0.00153019	0.00185237	0.00592557	0.0016709	0.0639843	0.00329732	0.0123192	0.0111291	0.00639128	0.00167791	0.00207434	0.0064602	0.0272825	0.0398156	0.478394	0.000249118	0.00182888
186	0.0162068	0.0106118	0.00604898	0.0166862	0.00250686	0.0125042	0.0103165	0.00398136	0.00946204	0.00482474	0.00355057	0.792781	0.00286483	0.018144	0.00995135	0.0480913	0.0121037	0.00730882	0.000823932	0.0112309
187	0.0348516	0.00588611	0.434819	0.22622	0.00238144	0.0381232	0.00669514	0.0056187	0.0226111	0.011737	0.00594868	0.0474383	0.0199751	0.0220797	0.0106319	0.0522998	0.0252408	0.0135797	0.00110058	0.0127618
188	0.0387556	0.0178692	0.00964044	0.0131953	0.204283	0.0100934	0.0148003	0.103977	0.019594	0.0482786	0.0186229	0.0222763	0.00669723	0.0197536	0.07196	0.0438233	0.0348042	0.0637027	0.0844537	0.15342
