537	20
1	0.0523229	0.365608	0.00963863	0.0121706	0.0400241	0.0155161	0.00878697	0.0921738	0.0139166	0.0792896	0.043422	0.0163144	0.00712213	0.0139768	0.0131302	0.0477581	0.0780168	0.06519	0.00647406	0.0191479
2	0.046764	0.00392497	0.0800838	0.0896524	0.00468286	0.0227777	0.0239844	0.0142936	0.16231	0.0248023	0.0141585	0.0950579	0.0194184	0.0707639	0.127763	0.0981289	0.0708131	0.0172357	0.00116957	0.0122146
3	0.0504284	0.00793378	0.0756975	0.112351	0.0254754	0.0189672	0.0962916	0.0334084	0.0722327	0.0724025	0.0180205	0.0413249	0.0127867	0.10774	0.0654629	0.0592974	0.0702778	0.0270505	0.0053212	0.0275297
4	0.0156826	0.00304147	0.000888159	0.00720927	0.185416	0.00566522	0.00171981	0.129126	0.0131713	0.366648	0.0727937	0.00457698	0.00471426	0.0041515	0.00878202	0.030898	0.0208953	0.0643913	0.00425424	0.0559752
5	0.127099	0.0125555	0.022147	0.0282398	0.0110925	0.0623761	0.0160475	0.00656599	0.0404699	0.010165	0.00797384	0.0591155	0.0182584	0.0300251	0.0274139	0.398271	0.0929256	0.0208362	0.000702133	0.00771982
6	0.0487893	0.00258008	0.0558318	0.086623	0.00487639	0.0258375	0.0244743	0.0192217	0.179166	0.0317128	0.0136508	0.0597355	0.0394585	0.0863197	0.169237	0.0709146	0.0499906	0.0184424	0.00208605	0.0110524
7	0.0482936	0.00510055	0.040862	0.0437014	0.00934952	0.329461	0.0307553	0.0100226	0.0710491	0.0177703	0.00981484	0.0709816	0.0190294	0.0355484	0.0993369	0.090826	0.0379933	0.0162094	0.00268633	0.0112083
8	0.117296	0.00666654	0.0072906	0.00342236	0.030333	0.00205151	0.00571712	0.111054	0.00959686	0.0327334	0.0268824	0.01187	0.00674466	0.00150014	0.00208854	0.029643	0.0585038	0.511621	0.00331641	0.0216685
9	0.0392751	0.0209843	0.0114437	0.011427	0.257817	0.00359274	0.0679389	0.0302345	0.00866814	0.0491221	0.0281698	0.0183197	0.00353332	0.0144371	0.0140474	0.0294545	0.0393561	0.0443526	0.0170988	0.290727
10	0.438129	0.0200125	0.00316105	0.0145099	0.00693844	0.171036	0.00220561	0.0271439	0.011493	0.0368305	0.00553429	0.0124549	0.0158958	0.00608313	0.00389937	0.110479	0.0673504	0.0373412	0.00139425	0.00810762
11	0.0283775	0.00704313	0.00108723	0.00255835	0.0623575	0.0111366	0.00115757	0.243888	0.00589963	0.294156	0.11164	0.00421851	0.00715243	0.00499737	0.00553213	0.0132111	0.0306639	0.152597	0.00297491	0.0093514
12	0.0267445	0.00479146	0.000492472	0.00204818	0.0708674	0.0078318	0.00123161	0.276552	0.00490641	0.314038	0.0669276	0.00329619	0.00567269	0.00412459	0.005653	0.00818054	0.016575	0.168826	0.00285147	0.00838911
13	0.182067	0.0191574	0.00976556	0.0199144	0.0175864	0.10306	0.00922692	0.0310216	0.015268	0.0468231	0.0213501	0.023777	0.0246264	0.0147006	0.0155777	0.185434	0.169283	0.0740888	0.00442222	0.0128499
14	0.113867	0.00641918	0.0190223	0.0116422	0.0516824	0.0279327	0.0102781	0.0756309	0.0205311	0.0991826	0.0741689	0.0171385	0.0888221	0.0229437	0.017772	0.112014	0.0872293	0.112017	0.0082907	0.0234145
15	0.168243	0.00542095	0.0138883	0.0147733	0.0374723	0.0345863	0.0240428	0.0681926	0.0254278	0.0639873	0.0403583	0.0116601	0.0371125	0.00858748	0.0165261	0.15601	0.110596	0.108559	0.0173176	0.0372375
16	0.031668	0.00193178	0.132246	0.0853953	0.00725594	0.0778775	0.0556318	0.0204793	0.0848579	0.0127416	0.0169306	0.0811971	0.0424771	0.0470152	0.0749861	0.0968183	0.0891583	0.0172514	0.0048443	0.0192367
17	0.0483106	0.00180598	0.0706311	0.0974158	0.00327671	0.0204185	0.0245739	0.0150128	0.188024	0.0219817	0.0147296	0.0785403	0.0224958	0.081919	0.148074	0.0755442	0.0562399	0.0182595	0.00100262	0.0117438
18	0.0842877	0.0341077	0.0245238	0.0138729	0.0102603	0.0539643	0.00883185	0.00494585	0.0205936	0.0243889	0.00875319	0.0518071	0.00728297	0.00920722	0.0217356	0.405196	0.199953	0.0105953	0.000881507	0.00481038
19	0.133377	0.00625399	0.0232095	0.0112215	0.0794283	0.0338218	0.0203631	0.0505896	0.0170037	0.0649741	0.0745249	0.0113692	0.0232248	0.0100641	0.0294635	0.109427	0.0897074	0.108167	0.012603	0.0912062
20	0.03537	0.00696339	0.307376	0.105136	0.00373403	0.0380971	0.0223251	0.00666793	0.0603274	0.0206284	0.00166034	0.229099	0.00419257	0.0210779	0.0157982	0.0635241	0.036202	0.00726065	0.000720334	0.0138397
21	0.174391	0.0054292	0.0144522	0.0117046	0.03491	0.0397952	0.0184554	0.100738	0.0151781	0.0881221	0.0613546	0.00452643	0.0183173	0.00393338	0.0116109	0.135174	0.108179	0.109536	0.0187016	0.0254907
22	0.0195651	0.00342182	0.000784564	0.00295681	0.0545603	0.00396957	0.00283601	0.347878	0.00496176	0.228315	0.0428149	0.00377019	0.00362843	0.00505783	0.00549102	0.00568916	0.0117431	0.236918	0.00194017	0.0136976
23	0.0213521	0.011871	0.0222388	0.0457228	0.0454394	0.00518298	0.0867057	0.0361073	0.126936	0.0480272	0.0237454	0.0476705	0.00261745	0.114779	0.116912	0.0582186	0.0569924	0.0479241	0.00829315	0.0732644
24	0.147926	0.0162855	0.0374357	0.0275476	0.0125355	0.0909868	0.0142158	0.00631338	0.0275189	0.0145258	0.0074699	0.045053	0.0156325	0.0223659	0.0192574	0.377464	0.0881615	0.0186427	0.00110569	0.00955575
25	0.0189311	0.00455339	0.00112243	0.00593925	0.153198	0.00722071	0.00253257	0.176207	0.00983839	0.31668	0.0640596	0.00474844	0.0055868	0.00429326	0.00693793	0.024803	0.0262694	0.0869045	0.00502819	0.0751464
26	0.170821	0.0400078	0.0145044	0.0173958	0.0213909	0.0580313	0.0108913	0.00594945	0.0168006	0.0231667	0.0114204	0.0420702	0.0247323	0.0167945	0.0181377	0.323444	0.14001	0.0362236	0.000903835	0.00730427
27	0.0264039	0.00224622	0.116284	0.0819978	0.0152015	0.121207	0.0403995	0.0117347	0.0662521	0.00742266	0.010445	0.164663	0.0376778	0.0354727	0.0722296	0.0901895	0.0580186	0.0138666	0.00341178	0.024876
28	0.182169	0.0232909	0.0126055	0.0192953	0.0160682	0.0329456	0.0182277	0.0114388	0.0272572	0.03107	0.0152235	0.0577941	0.0267049	0.020219	0.0315505	0.220993	0.199498	0.0429297	0.00143485	0.00928409
29	0.0141595	0.004658	0.00146061	0.0070066	0.202927	0.00545712	0.00389449	0.117341	0.0126357	0.363663	0.0725444	0.00542497	0.00488437	0.00635819	0.00824444	0.0241223	0.0221835	0.062286	0.00753189	0.0532174
30	0.0377233	0.00411654	0.126878	0.131569	0.0133605	0.0321355	0.0945605	0.0220028	0.0966969	0.0266292	0.0102815	0.107922	0.010174	0.0762359	0.0632177	0.0622772	0.0534989	0.0148724	0.00163198	0.0142169
31	0.0363208	0.00475398	0.00122417	0.00679623	0.0286069	0.00451361	0.00130142	0.325975	0.00735234	0.128049	0.0618251	0.00431144	0.00397943	0.00621051	0.00672332	0.00932038	0.0314638	0.317681	0.000882387	0.0127098
32	0.0935898	0.0164708	0.012077	0.0111591	0.00981	0.0257796	0.00975647	0.00665045	0.0158659	0.0126634	0.0100197	0.023811	0.436912	0.0196695	0.0153881	0.153597	0.0777583	0.0330145	0.00196309	0.0140438
33	0.0263169	0.0234347	0.00807195	0.00836321	0.266519	0.00447041	0.0598241	0.0354704	0.0175186	0.103946	0.0310563	0.0206578	0.00359575	0.0134855	0.0152776	0.0319446	0.0339961	0.03449	0.0367256	0.224836
34	0.0128578	0.00365749	0.000526211	0.00235923	0.0226327	0.000745176	0.00126847	0.448781	0.00641111	0.0841288	0.0187929	0.00342768	0.00103037	0.00664881	0.00499167	0.00325122	0.00784501	0.36033	0.000301282	0.0100129
35	0.0299576	0.0244127	0.0117956	0.00930071	0.329186	0.00464666	0.052878	0.0322089	0.0073848	0.0519178	0.0259016	0.0145669	0.00381988	0.0105967	0.014243	0.0301078	0.0342317	0.03496	0.018182	0.259702
36	0.0676442	0.00462875	0.0365204	0.0514347	0.00374392	0.033748	0.0192951	0.0984143	0.0532287	0.114745	0.0149154	0.0358222	0.00270259	0.0497616	0.0243184	0.0850357	0.142555	0.138213	0.00062598	0.0226468
37	0.0266678	0.00435338	0.000491563	0.00183413	0.069182	0.00701401	0.00128552	0.282707	0.0048637	0.321573	0.0635188	0.00320341	0.00542207	0.00403601	0.00552721	0.0068821	0.0146792	0.166781	0.00305814	0.00692027
38	0.0326992	0.00680662	0.0329102	0.0519151	0.0835938	0.0691624	0.0609854	0.0142367	0.0276059	0.0246491	0.0116494	0.179894	0.0178856	0.0456943	0.0350076	0.165251	0.0585127	0.0181055	0.00428084	0.059154
39	0.0246383	0.00570031	0.00105714	0.00382739	0.0704948	0.00946142	0.00143437	0.209196	0.00745369	0.329288	0.117138	0.00434874	0.00699363	0.00641315	0.0062638	0.0141723	0.0297245	0.133005	0.00324485	0.016145
40	0.0213591	0.0050156	0.00201367	0.00675904	0.152844	0.00709658	0.00351056	0.169469	0.0120132	0.308716	0.062336	0.00595364	0.00587745	0.00504566	0.008238	0.0301656	0.0252599	0.0738851	0.00545827	0.0889833
41	0.0586089	0.0036114	0.0749951	0.0948898	0.00967325	0.02751	0.0520757	0.0625593	0.0796895	0.0708797	0.0138789	0.0494372	0.00486723	0.0642641	0.0531941	0.0811112	0.108231	0.0693524	0.000624267	0.0205465
42	0.0604408	0.00119929	0.0690492	0.088404	0.00390211	0.0648755	0.0496652	0.0118345	0.0986164	0.0158276	0.013231	0.0510492	0.13412	0.0697923	0.0918165	0.0800209	0.0574579	0.0144043	0.0124583	0.0118346
43	0.161761	0.0129996	0.0184171	0.0179857	0.0483039	0.0251599	0.0113264	0.0408207	0.0230889	0.0690275	0.0499906	0.0237638	0.119472	0.0223602	0.0211515	0.127394	0.0863996	0.0931838	0.00615328	0.0212402
44	0.0243377	0.00387615	0.000468945	0.00185928	0.0623416	0.00582141	0.00139742	0.308195	0.00495763	0.291595	0.0567792	0.00303962	0.00462819	0.00434257	0.00520665	0.00589295	0.0128965	0.192741	0.00268271	0.0069409
45	0.0324549	0.00686498	0.000553479	0.00206255	0.0714214	0.0106805	0.00116394	0.268428	0.00535707	0.307798	0.0645851	0.00318214	0.0058181	0.0039622	0.00562512	0.00883806	0.0187331	0.172288	0.00293114	0.00725196
46	0.0254786	0.00389907	0.475815	0.0968332	0.00292997	0.0357686	0.0252591	0.00602212	0.040462	0.0205075	0.002663	0.142301	0.00209609	0.0186781	0.0135524	0.0453923	0.0239259	0.00945046	0.000589538	0.00837575
47	0.0230212	0.00356914	0.000515724	0.00366126	0.0925186	0.00766454	0.0010396	0.224145	0.00520582	0.33722	0.0772255	0.00402611	0.00667873	0.00403935	0.00600319	0.0168519	0.023593	0.13412	0.00204036	0.0268605
48	0.0187603	0.025154	0.00424266	0.00618231	0.220948	0.00424216	0.0450848	0.0472408	0.0309467	0.178851	0.0340702	0.0250029	0.00370821	0.0166813	0.011502	0.0356361	0.026539	0.0322786	0.0536563	0.179273
49	0.0209921	0.00114521	0.126426	0.0823773	0.00488703	0.21877	0.0212742	0.0142059	0.0819167	0.00578424	0.0150844	0.0880445	0.0254137	0.0487266	0.0697608	0.0783225	0.0479078	0.025257	0.00238934	0.0213143
50	0.0118426	0.0235252	0.00264196	0.00309499	0.0612803	0.00673586	0.00975261	0.0156814	0.0116909	0.0308194	0.00781432	0.00686311	0.00214503	0.00548398	0.00885827	0.0154354	0.0187385	0.0183354	0.685725	0.0535354
51	0.0482308	0.00179718	0.0706305	0.0974713	0.00324403	0.0203087	0.0244429	0.0150347	0.188444	0.0219631	0.0147557	0.0785579	0.0219836	0.0819427	0.148296	0.0755129	0.0563009	0.0182928	0.00101228	0.0117781
52	0.046179	0.00324659	0.0701408	0.0952566	0.00336742	0.0187999	0.0252914	0.0154696	0.197726	0.0212588	0.0158359	0.0753745	0.0202981	0.0764518	0.152702	0.0744338	0.057535	0.0182426	0.00113109	0.0112592
53	0.0706864	0.00754837	0.00354364	0.00671555	0.066139	0.00622584	0.00311985	0.210727	0.00669234	0.111688	0.0309563	0.00766719	0.006796	0.00427898	0.00810322	0.0175503	0.030618	0.373818	0.00201784	0.0251082
54	0.139034	0.00434134	0.0105461	0.00971403	0.0343383	0.0149082	0.0170948	0.101694	0.013805	0.0533161	0.0334975	0.0107668	0.0144571	0.00309173	0.00794104	0.0678794	0.101455	0.317666	0.00713893	0.0373147
55	0.0162515	0.00888314	0.00431314	0.0032026	0.256805	0.00240758	0.0262155	0.0342536	0.00312626	0.0209423	0.00614531	0.00993514	0.00522182	0.00776395	0.00962767	0.00706828	0.0116078	0.0341954	0.00644894	0.525585
56	0.0267573	0.00433451	0.000484129	0.00189191	0.0707348	0.00707224	0.0012656	0.278102	0.00480059	0.323786	0.0654094	0.00326437	0.00570312	0.00402021	0.00564057	0.00745169	0.0151975	0.163187	0.00301475	0.00788173
57	0.0231542	0.0165582	0.00830731	0.00717179	0.203539	0.0035033	0.046627	0.0384877	0.00967938	0.0357117	0.0154912	0.0164672	0.00441752	0.0119877	0.0139995	0.0195509	0.0220689	0.0372541	0.0142879	0.451736
58	0.0256352	0.00321374	0.48537	0.103655	0.00390848	0.0317183	0.0260881	0.00694763	0.0351641	0.0242303	0.00334479	0.120599	0.00229412	0.0227087	0.0156721	0.0485997	0.0237755	0.00921124	0.000781555	0.00708279
59	0.0800149	0.00798098	0.0397294	0.0353218	0.00659004	0.0642013	0.0157275	0.00321406	0.0390691	0.00914123	0.00617031	0.0649165	0.0164194	0.025829	0.0288372	0.386154	0.15047	0.010859	0.00119347	0.00816122
60	0.0345505	0.00630278	0.304447	0.102899	0.00425703	0.0389975	0.0301631	0.00952782	0.0740247	0.0187173	0.00394952	0.179831	0.00759281	0.0250557	0.0304059	0.0614919	0.039648	0.0101793	0.000734967	0.0172233
61	0.0452114	0.0033296	0.116661	0.173959	0.0160346	0.0219166	0.0750259	0.0242898	0.0822672	0.0294964	0.0117646	0.0637652	0.00873184	0.0745007	0.0740959	0.0797359	0.0677512	0.0142541	0.00174114	0.0154676
62	0.00838756	0.00389893	0.00120959	0.012056	0.0420458	0.00139917	0.00997445	0.0578093	0.0168436	0.634163	0.0999099	0.00635412	0.0065207	0.0168365	0.00628575	0.00668764	0.0117432	0.0268911	0.0129264	0.0180571
63	0.169579	0.00562133	0.0136968	0.0201624	0.0348672	0.0391916	0.0144638	0.112659	0.0132995	0.0946071	0.0635814	0.00470271	0.015335	0.00462805	0.0103852	0.141551	0.104387	0.0934678	0.0231989	0.0206151
64	0.0394725	0.00410368	0.0400694	0.0691059	0.00688887	0.0170746	0.0200645	0.0489389	0.163326	0.0491953	0.0155212	0.0498251	0.0116738	0.0617056	0.178393	0.0619899	0.0808113	0.0663039	0.00138111	0.014155
65	0.0154701	0.00361132	0.00124362	0.00849068	0.0688269	0.00590491	0.00417134	0.146822	0.0127589	0.453351	0.101361	0.00503232	0.00742688	0.00984284	0.0114299	0.0136226	0.0233312	0.0787776	0.00564995	0.0228747
66	0.0438352	0.00382817	0.126374	0.161626	0.0213309	0.0211205	0.0960393	0.0355092	0.0748653	0.0352261	0.0135468	0.0521089	0.00577611	0.0744808	0.0602898	0.0757562	0.0654005	0.0172401	0.000945021	0.0147017
67	0.0659266	0.00219585	0.0661773	0.107756	0.00624681	0.0165924	0.036696	0.0215804	0.161486	0.0366938	0.0168044	0.0572193	0.0183229	0.0953196	0.12782	0.067773	0.0515514	0.0276296	0.00442371	0.011785
68	0.0438242	0.00272785	0.107029	0.136188	0.0159844	0.0216983	0.0695153	0.0278433	0.113182	0.0306832	0.0155494	0.0628362	0.0109143	0.0767308	0.0964285	0.0785952	0.0603201	0.0156311	0.00068769	0.0136319
69	0.149481	0.00415589	0.0183143	0.0127284	0.0385541	0.0343367	0.0174673	0.0780466	0.0327111	0.0781493	0.0612802	0.00921007	0.0371687	0.0100073	0.0245541	0.125316	0.0862607	0.120684	0.0203339	0.0412406
70	0.0167217	0.0144406	0.0162634	0.0411465	0.0590141	0.00337386	0.0882305	0.0416136	0.12772	0.0589256	0.0240063	0.0432807	0.00237548	0.10437	0.131141	0.0479286	0.0423839	0.04606	0.0094833	0.0815203
71	0.077242	0.0296543	0.0412669	0.039689	0.046788	0.00936526	0.0166245	0.0211395	0.037768	0.0729331	0.0800863	0.135099	0.0152641	0.0487895	0.0783467	0.0897877	0.071692	0.0475925	0.00337806	0.0374938
72	0.0296159	0.00546922	0.0005988	0.00275697	0.0768868	0.0087779	0.00102736	0.235776	0.00516309	0.314751	0.0873639	0.00429445	0.00758387	0.00460941	0.00581194	0.0144941	0.0245263	0.149703	0.00230322	0.0184866
73	0.048113	0.00179057	0.0707253	0.0975194	0.0032385	0.0208688	0.0244676	0.0150336	0.188085	0.0219658	0.0147466	0.0784068	0.0220269	0.0817755	0.148118	0.0755826	0.0564056	0.0182492	0.00105624	0.0118245
74	0.0378545	0.0267037	0.0155029	0.0109972	0.284426	0.00412738	0.0559322	0.0332415	0.00807949	0.0479975	0.0290108	0.0160979	0.00336682	0.0120569	0.0137333	0.0384505	0.042703	0.0416591	0.0165559	0.261503
75	0.0260524	0.00656447	0.00600035	0.0107121	0.0448245	0.00560288	0.0287018	0.103764	0.149327	0.23972	0.0761509	0.0115105	0.0229194	0.0349408	0.106282	0.0141019	0.0203797	0.0427058	0.0048797	0.044859
76	0.0647511	0.00127633	0.0625815	0.0834856	0.00263899	0.0383842	0.0365127	0.0152455	0.139655	0.0227274	0.0161732	0.0575573	0.0991447	0.082829	0.119436	0.0792228	0.0505449	0.0150446	0.00481672	0.0079723
77	0.0690244	0.00442943	0.0355035	0.0503055	0.00367652	0.0339787	0.0183853	0.0983361	0.0530801	0.117984	0.0156422	0.0363308	0.00300192	0.0493067	0.0241144	0.0853976	0.14133	0.137001	0.00054071	0.0226313
78	0.0186338	0.00298012	0.000575633	0.00650095	0.110961	0.0080239	0.000903148	0.195452	0.0064921	0.39243	0.0647804	0.00445263	0.00632023	0.00398516	0.00947716	0.0184365	0.0181116	0.109638	0.00183101	0.0200136
79	0.0488454	0.00191792	0.0736251	0.10728	0.0036126	0.0194729	0.0250262	0.015277	0.182198	0.0226288	0.0138799	0.0758247	0.0206254	0.0821756	0.144999	0.0738836	0.0564175	0.0189241	0.00109937	0.0122875
80	0.0400217	0.003669	0.133852	0.163673	0.0238525	0.0203373	0.0889022	0.0305058	0.0793265	0.032762	0.0164753	0.0532401	0.00554036	0.0705332	0.0735536	0.0760663	0.0587798	0.0146024	0.000975177	0.0133318
81	0.0573984	0.00699633	0.0206849	0.0293214	0.0153829	0.0348892	0.00670021	0.135766	0.0397847	0.21382	0.114737	0.0156771	0.00659624	0.0278002	0.0222603	0.0484369	0.0903616	0.0993903	0.00258367	0.0114124
82	0.0338531	0.00441787	0.251479	0.1147	0.00620851	0.0593402	0.0390375	0.0166707	0.0685557	0.0162098	0.00737017	0.145401	0.0121434	0.0317173	0.0438224	0.0690998	0.0522594	0.0110834	0.00122495	0.0154056
83	0.0166037	0.00771358	0.015193	0.0650826	0.0413373	0.0124138	0.0446873	0.0190938	0.25962	0.0433067	0.013238	0.0426004	0.00501003	0.0635859	0.200924	0.0429035	0.0292437	0.0231048	0.00463309	0.0497052
84	0.0172797	0.0140173	0.0132472	0.0335892	0.0541052	0.00285666	0.0855214	0.0333787	0.133449	0.0520477	0.0223038	0.0491636	0.00215811	0.105905	0.146854	0.0458899	0.0466374	0.0426375	0.0100892	0.0888697
85	0.0222978	0.00543406	0.00136334	0.0110882	0.0705382	0.0039092	0.0025278	0.339303	0.00499636	0.0845678	0.0171711	0.00777092	0.00540729	0.00699287	0.0132252	0.0068274	0.012816	0.350287	0.000764964	0.0327119
86	0.0134621	0.00364264	0.000535762	0.00237836	0.0240866	0.000993554	0.00124588	0.444069	0.00634933	0.0907093	0.0199511	0.00338526	0.00115389	0.00654213	0.00501586	0.00325337	0.00800537	0.355056	0.000385812	0.0097786
87	0.01692	0.00313988	0.000657317	0.00894102	0.106927	0.00750064	0.00154377	0.172526	0.00829589	0.425277	0.0658256	0.00386411	0.00661347	0.00562669	0.00906205	0.016441	0.0180065	0.0997165	0.00252964	0.0205862
88	0.0399357	0.00426633	0.300725	0.114271	0.0114201	0.0442502	0.0299656	0.0232951	0.0567796	0.0325279	0.027053	0.0627502	0.0151023	0.0395271	0.0452005	0.0579906	0.0390843	0.0383883	0.00328096	0.0141864
89	0.097219	0.192045	0.00835992	0.0122456	0.0499764	0.0207911	0.00912732	0.0501819	0.0137066	0.146452	0.0370039	0.0154352	0.0139113	0.014765	0.0121936	0.109173	0.102842	0.0753735	0.00649944	0.0126977
90	0.048997	0.00240127	0.0599159	0.0804022	0.00932391	0.0226505	0.0208206	0.0301924	0.164971	0.0430857	0.0262465	0.0637924	0.0358411	0.0662924	0.160015	0.0627208	0.048517	0.0292978	0.0020062	0.0225099
91	0.0227392	0.0018913	0.135914	0.0757456	0.00887026	0.155196	0.0312344	0.014788	0.0630385	0.00643289	0.0116743	0.154607	0.0288179	0.0347372	0.0625826	0.0886135	0.0574534	0.0171867	0.00260242	0.0258742
92	0.0200863	0.01397	0.0061913	0.00553719	0.285628	0.00407774	0.0410911	0.0300545	0.00757994	0.0445065	0.0134795	0.0127431	0.00797193	0.00917891	0.0132899	0.0161374	0.0199872	0.0295131	0.0198787	0.399098
93	0.0364293	0.0112889	0.036925	0.0527098	0.0529207	0.0191715	0.0826252	0.0340016	0.0890762	0.0458589	0.0194007	0.0643443	0.0103279	0.0847853	0.0841697	0.0786074	0.0618249	0.0503271	0.00762359	0.0775819
94	0.0149135	0.00678491	0.00380459	0.0024756	0.249102	0.00220016	0.0224574	0.0337397	0.00227546	0.0149785	0.00387361	0.00904434	0.00534112	0.00693335	0.00907095	0.00481836	0.00852749	0.0299908	0.00467867	0.56499
95	0.0281308	0.00502064	0.000483566	0.00193886	0.0711224	0.00784031	0.00121472	0.279503	0.00489515	0.3147	0.0635693	0.00320679	0.00555744	0.00399278	0.00552462	0.00768484	0.0160099	0.169003	0.00292959	0.00767276
96	0.0204926	0.00350343	0.00050489	0.00530909	0.106132	0.008604	0.000787425	0.207145	0.00595043	0.3808	0.0636636	0.00389375	0.00641437	0.00384506	0.00835405	0.016743	0.018278	0.120129	0.00193014	0.0175208
97	0.203834	0.0213787	0.00541838	0.024582	0.0244543	0.0527252	0.0115143	0.0148232	0.0130757	0.0286959	0.0221676	0.0230263	0.0494217	0.019653	0.0190058	0.181398	0.178038	0.0899512	0.00294605	0.0138901
98	0.0547958	0.0189603	0.0677764	0.0350274	0.00548355	0.0661947	0.0109079	0.0120912	0.0489439	0.0278251	0.00828235	0.142923	0.00936101	0.0139922	0.0270156	0.235367	0.184524	0.0190158	0.00122067	0.0102925
99	0.0330515	0.0210296	0.0102666	0.0123738	0.239373	0.00407371	0.0742084	0.0311592	0.0154232	0.0754695	0.0270857	0.0245494	0.00346526	0.0159448	0.0158516	0.0326605	0.0412287	0.0366275	0.0245922	0.261566
100	0.14046	0.0152944	0.0107001	0.0146728	0.00816992	0.530903	0.00439788	0.00639705	0.00543925	0.0300679	0.00764485	0.0273982	0.0169481	0.0139981	0.00795469	0.0949492	0.0315334	0.0243273	0.00268343	0.00606059
101	0.290591	0.0228945	0.00433114	0.0222479	0.0101108	0.286789	0.00418009	0.0123485	0.00823235	0.0307804	0.00608323	0.0254867	0.0156905	0.0123015	0.00732731	0.137894	0.0574387	0.0370803	0.00116952	0.00702294
102	0.115301	0.00786582	0.005603	0.00451281	0.0299448	0.00494321	0.00421044	0.137983	0.0109606	0.0533432	0.0305781	0.00971737	0.00764161	0.0021078	0.00385957	0.0302128	0.0481338	0.47294	0.00259804	0.0175439
103	0.0894127	0.00856258	0.0711823	0.0726947	0.0151186	0.0398983	0.0271256	0.0187688	0.0864603	0.0304686	0.0159769	0.142347	0.0230854	0.064402	0.0696919	0.103219	0.0727041	0.0295968	0.00334324	0.0159414
104	0.0172795	0.00354423	0.000552213	0.00225626	0.0382097	0.00260931	0.0013409	0.396995	0.00547068	0.158316	0.0355059	0.003158	0.00246808	0.00553801	0.00504707	0.00390336	0.00947866	0.298379	0.00124047	0.00870777
105	0.0435584	0.0129286	0.0136378	0.0101207	0.0166065	0.0410243	0.00648474	0.0121229	0.0117121	0.0152905	0.00704364	0.0328551	0.00729869	0.00810405	0.0131819	0.326618	0.401285	0.0123032	0.00132624	0.0064974
106	0.189092	0.0166938	0.0126773	0.0349564	0.0300497	0.202293	0.0134679	0.0170921	0.0170025	0.0301949	0.0159615	0.0275682	0.0295572	0.0200182	0.0317567	0.133074	0.0953484	0.0674715	0.00261348	0.0131109
107	0.0184058	0.0152556	0.00431702	0.00537628	0.303906	0.00925261	0.0158587	0.065937	0.0206668	0.245417	0.0470017	0.0124354	0.0043075	0.0105374	0.0145381	0.0331855	0.0205317	0.0380738	0.0335012	0.0814947
108	0.0372043	0.00700952	0.0567531	0.0721107	0.00482657	0.0204646	0.0206062	0.0140097	0.179831	0.0266107	0.0133301	0.0612408	0.016813	0.0953378	0.229272	0.0618768	0.0534472	0.0171233	0.00139685	0.0107356
109	0.0162337	0.00237212	0.000704857	0.00971769	0.118147	0.00638882	0.00185321	0.17445	0.00928151	0.386627	0.0787913	0.00434454	0.00543045	0.00541323	0.00718085	0.0205119	0.0232424	0.088717	0.00272663	0.037866
110	0.055392	0.0079682	0.00194632	0.016406	0.0467193	0.00933774	0.00146832	0.254145	0.00780195	0.142745	0.043104	0.00463122	0.0072465	0.00775743	0.0131673	0.010179	0.0354611	0.319271	0.00117849	0.0140745
111	0.0231266	0.00531113	0.360791	0.073995	0.00322596	0.0338994	0.0191234	0.00630219	0.0462478	0.0222191	0.0017069	0.261123	0.00164733	0.0204794	0.0122839	0.0549684	0.0382544	0.00528543	0.000508544	0.0095013
112	0.171381	0.00344702	0.0172697	0.0116616	0.0369662	0.036951	0.0186446	0.0895187	0.0180864	0.0760926	0.0518731	0.00658779	0.023555	0.005662	0.0137008	0.136444	0.112207	0.119339	0.0170666	0.0335458
113	0.0722554	0.00349489	0.14395	0.33291	0.00371789	0.0212011	0.0197779	0.0127899	0.0450907	0.0140414	0.00286669	0.0526073	0.0135015	0.0609069	0.0327692	0.0808048	0.0559467	0.0199841	0.00608908	0.00529423
114	0.302692	0.0194875	0.0044763	0.02484	0.0281567	0.0324159	0.0121383	0.00809761	0.0163918	0.0206768	0.0131726	0.0288836	0.0544587	0.0241823	0.0160936	0.193327	0.11759	0.0711881	0.00119853	0.0105319
115	0.218954	0.00501201	0.0368381	0.0649363	0.0181334	0.0272069	0.0208963	0.0365457	0.0628933	0.054184	0.0452047	0.0211927	0.0282966	0.0285428	0.0373613	0.119136	0.06129	0.0684645	0.0268609	0.0180503
116	0.00824513	0.00394864	0.00128408	0.011224	0.038298	0.00171709	0.0107937	0.0584867	0.0174294	0.643168	0.0961109	0.00641499	0.00616357	0.0157314	0.00664913	0.00643618	0.0113551	0.0274264	0.0128444	0.0162727
117	0.119607	0.0188927	0.00716909	0.00572168	0.0520277	0.0394972	0.00623205	0.133307	0.00754202	0.156892	0.100563	0.00325074	0.00927765	0.0033318	0.00616188	0.0791249	0.0956752	0.131446	0.0139209	0.0103588
118	0.0370082	0.019721	0.0116514	0.0144472	0.217388	0.00347303	0.0795547	0.0331298	0.0119897	0.047455	0.0309444	0.0194222	0.00327498	0.0150607	0.0173045	0.0285522	0.0354615	0.0474522	0.0158113	0.310898
119	0.0244944	0.00271494	0.508505	0.103616	0.00332213	0.0325877	0.0253614	0.00682455	0.033107	0.0236685	0.0035874	0.114513	0.0024159	0.0219974	0.0163233	0.0404901	0.0202899	0.00929692	0.000786756	0.00609804
120	0.442044	0.0206589	0.00255789	0.0143936	0.00508354	0.192572	0.00152146	0.0240536	0.0107153	0.0359435	0.00344682	0.0130654	0.0151404	0.00613979	0.00303777	0.107034	0.0613906	0.0330404	0.000790959	0.00737018
121	0.112673	0.00839153	0.0078931	0.00313177	0.0341686	0.00370921	0.00477185	0.121024	0.00948089	0.04204	0.0314633	0.0109755	0.00667646	0.00162894	0.00254707	0.0298067	0.0534052	0.493246	0.00404198	0.0189251
122	0.0185105	0.0132736	0.0150368	0.0363054	0.0585762	0.00304944	0.0860487	0.0387107	0.128773	0.0703745	0.0268561	0.0424787	0.00269359	0.106184	0.132936	0.0441744	0.043371	0.0429862	0.00961476	0.0800459
123	0.0822172	0.0074021	0.00268211	0.0105669	0.0365218	0.00945764	0.00185654	0.205405	0.0101386	0.146005	0.0438845	0.00535615	0.00585304	0.00491543	0.00990543	0.0195999	0.0445059	0.335991	0.001571	0.0161651
124	0.0249829	0.00461403	0.000700822	0.0032403	0.0913432	0.00849128	0.000826321	0.213906	0.00505342	0.320226	0.0934349	0.00475271	0.00811454	0.00471568	0.00594361	0.0208231	0.0286979	0.129339	0.00181119	0.0289822
125	0.180135	0.00434383	0.0175869	0.0119417	0.0349044	0.0396014	0.0202105	0.0803179	0.0175592	0.067318	0.0479657	0.00699236	0.0236277	0.00568435	0.0150557	0.160167	0.111894	0.107649	0.0186859	0.0283598
126	0.0444313	0.00396198	0.134382	0.168386	0.023126	0.020816	0.102213	0.0364701	0.0639182	0.0367	0.0129223	0.0489903	0.00333234	0.0709365	0.0530948	0.0753406	0.0682707	0.017908	0.000633593	0.0141669
127	0.443618	0.021113	0.00271191	0.0148527	0.00596858	0.177525	0.00194423	0.0239877	0.0114737	0.0352201	0.00374722	0.0131118	0.0170045	0.00653322	0.00363677	0.109202	0.0647412	0.0351124	0.00079311	0.00770222
128	0.0147667	0.00295613	0.000874559	0.00771928	0.189169	0.00558445	0.00178616	0.127995	0.0137968	0.368166	0.0705754	0.00484169	0.00447728	0.00403152	0.0089172	0.0305154	0.0205945	0.062495	0.0044697	0.0562688
129	0.0488878	0.0019727	0.0809608	0.107546	0.00611987	0.0212031	0.0372621	0.0183978	0.162186	0.025368	0.0152482	0.074279	0.0181998	0.0822683	0.133197	0.0767781	0.0579867	0.01807	0.000994696	0.0130744
130	0.0182352	0.0145369	0.012653	0.0318223	0.0639989	0.00298086	0.0845959	0.03869	0.120385	0.0899756	0.0278395	0.0401823	0.00197333	0.0983101	0.122779	0.0438501	0.0405456	0.0425796	0.017176	0.0868902
131	0.0480771	0.00181644	0.0702716	0.0972386	0.00328224	0.0202019	0.0243508	0.0150748	0.189608	0.0219169	0.0147125	0.078246	0.0218713	0.081731	0.14895	0.0753254	0.0561797	0.0183568	0.00100884	0.0117797
132	0.0490199	0.00182608	0.0700001	0.0962744	0.00355262	0.021292	0.0259154	0.0152352	0.185619	0.0217974	0.0148955	0.0766717	0.0271345	0.0823445	0.145118	0.0755964	0.0555956	0.0187012	0.00132019	0.0120909
133	0.0472647	0.00186777	0.0701957	0.0959533	0.00336862	0.0219884	0.024188	0.0154438	0.18936	0.0220323	0.0146262	0.0774309	0.0216436	0.0811537	0.152648	0.074194	0.05534	0.0184258	0.00103175	0.0118431
134	0.0683489	0.00546997	0.0748415	0.0223823	0.0410958	0.0107557	0.00562277	0.0682729	0.0407398	0.116688	0.0492923	0.0444769	0.0997808	0.0478913	0.0490521	0.0815114	0.0589825	0.0927175	0.00284953	0.0192283
135	0.0244477	0.00157635	0.158066	0.0805847	0.00547523	0.156698	0.0329104	0.0168411	0.0684171	0.00564968	0.0157054	0.0959081	0.0358677	0.0357155	0.0567597	0.0931687	0.0687436	0.0212538	0.00321896	0.0229927
136	0.038544	0.0108986	0.00072269	0.00494064	0.075772	0.014192	0.000930328	0.24158	0.00566658	0.262018	0.0631271	0.00358652	0.00875491	0.00545467	0.00825766	0.0101207	0.0235228	0.211514	0.00239661	0.00800008
137	0.114772	0.00957749	0.0160349	0.0343982	0.102165	0.033883	0.0462973	0.0481782	0.0227713	0.0995917	0.0189958	0.0522786	0.0215872	0.019691	0.0166996	0.135294	0.0868254	0.0655567	0.0069293	0.0484745
138	0.0489309	0.0018277	0.0736825	0.101191	0.00427648	0.0205051	0.0292026	0.0161171	0.179782	0.0233708	0.0147513	0.0769333	0.0203536	0.082157	0.143536	0.0759405	0.0565104	0.017991	0.000967724	0.0119732
139	0.0325998	0.00128518	0.103205	0.0887293	0.0083844	0.103301	0.0465792	0.0137871	0.0762274	0.00876866	0.0148334	0.108297	0.0525474	0.0481894	0.0880132	0.0929111	0.0649673	0.0174344	0.00686415	0.0230759
140	0.0858283	0.000957846	0.0466594	0.0599373	0.00177048	0.0612229	0.0459175	0.012282	0.0958048	0.0196777	0.0127327	0.0335278	0.213853	0.0709916	0.0801622	0.0820183	0.0480434	0.013985	0.0105202	0.00410789
141	0.169207	0.00706269	0.0126302	0.0176669	0.041242	0.0302797	0.0240785	0.064279	0.0260969	0.0644484	0.0368819	0.0145831	0.045844	0.011144	0.0179131	0.149309	0.110073	0.105395	0.0127146	0.0391502
142	0.057135	0.00501532	0.0276941	0.0478005	0.00238952	0.023332	0.0128041	0.109426	0.06057	0.121997	0.014275	0.0307043	0.00275917	0.0431466	0.0221978	0.0763134	0.141162	0.186178	0.000566032	0.0145347
143	0.0603918	0.00526368	0.0106764	0.00299889	0.00419303	0.0117444	0.00778369	0.00427657	0.010927	0.00480966	0.00891951	0.0125243	0.644474	0.021254	0.0120621	0.0875777	0.0494184	0.0229126	0.00112501	0.0166668
144	0.019878	0.0270519	0.0056533	0.0084244	0.201248	0.00512146	0.0497399	0.0434179	0.039131	0.147429	0.0310182	0.024902	0.00407425	0.0263752	0.0187795	0.0489075	0.0285037	0.0355762	0.0578883	0.176881
145	0.0315051	0.00106022	0.113539	0.0987462	0.00581052	0.12286	0.0322231	0.0164222	0.093538	0.00974103	0.0161727	0.087832	0.0338912	0.052224	0.0897679	0.089057	0.0612135	0.0195836	0.00367892	0.0211338
146	0.0219227	0.00949553	0.00783068	0.00385509	0.0100704	0.037096	0.00413774	0.0143428	0.0046843	0.0143515	0.00513834	0.0230462	0.00331429	0.00404606	0.00924426	0.302086	0.513531	0.00700309	0.00130025	0.00350443
147	0.0526554	0.00643485	0.0250265	0.0146709	0.00748672	0.615886	0.0199736	0.00534208	0.014254	0.0221153	0.00827268	0.0417332	0.0141916	0.0174309	0.0272639	0.0655944	0.0188891	0.0126618	0.00347364	0.00664315
148	0.0431457	0.00170251	0.0720678	0.0781356	0.0107473	0.0628135	0.0464676	0.0108864	0.0908559	0.0131737	0.0113733	0.131888	0.0746866	0.057625	0.119351	0.0892786	0.052349	0.01277	0.0046362	0.0160467
149	0.0129009	0.00366235	0.000525032	0.0023604	0.0226581	0.000752136	0.00126752	0.448683	0.0064101	0.0842634	0.018807	0.00343241	0.00103235	0.00665489	0.00498754	0.00324819	0.00785044	0.360213	0.000301293	0.00999077
150	0.101465	0.00575396	0.0347159	0.105862	0.00900594	0.0151711	0.0179079	0.0258399	0.112115	0.0213828	0.0107571	0.0505919	0.0296391	0.0842286	0.095016	0.124721	0.0742734	0.0689204	0.00221122	0.0104216
151	0.0206247	0.0112855	0.00664282	0.00514856	0.423993	0.0130435	0.0136304	0.0864485	0.00919806	0.135483	0.026817	0.00829521	0.00586101	0.00564807	0.0158379	0.0197659	0.0203472	0.0469858	0.0111347	0.11381
152	0.0228352	0.00539174	0.358258	0.0731991	0.00345641	0.0346924	0.0194941	0.00637666	0.0458413	0.0217898	0.00170623	0.261272	0.00212946	0.0203049	0.0128289	0.0557156	0.0391705	0.00537789	0.000532684	0.00962743
153	0.0226706	0.0136276	0.0563493	0.0817223	0.0570837	0.00887492	0.0843822	0.0335183	0.105171	0.0490364	0.0181641	0.0646454	0.0046219	0.0904833	0.0965649	0.0619021	0.0535395	0.0300345	0.0055972	0.0620112
154	0.117274	0.0115995	0.0124201	0.0131516	0.00926758	0.570144	0.00716838	0.0106072	0.00552776	0.0364814	0.00845432	0.0245086	0.0125316	0.0131175	0.0104316	0.0825484	0.0232379	0.0207234	0.00375545	0.0070494
155	0.0168972	0.0146254	0.0157862	0.0389383	0.0588214	0.00311629	0.0891059	0.0388931	0.129407	0.0617179	0.0248011	0.0442549	0.00199188	0.105592	0.131106	0.0459878	0.0429167	0.0440812	0.0097589	0.0822006
156	0.0235544	0.00636247	0.0245359	0.0449378	0.0107939	0.0207317	0.0155541	0.0121477	0.180033	0.0306112	0.013842	0.0299573	0.0168061	0.103251	0.365127	0.0359942	0.036377	0.0162313	0.00222935	0.0109227
157	0.0564704	0.0103468	0.0223561	0.0477043	0.00315549	0.0175029	0.0182899	0.119331	0.0946863	0.0801549	0.010562	0.0323279	0.00390818	0.0449144	0.0417402	0.075589	0.145021	0.163797	0.000917722	0.0112243
158	0.0232413	0.003947	0.416761	0.0834117	0.00443048	0.0385045	0.0312232	0.0112611	0.0390668	0.0206857	0.00354936	0.186316	0.00313784	0.0216221	0.0167749	0.0464794	0.0321492	0.0079628	0.000737306	0.00873818
159	0.0185426	0.00508504	0.00336225	0.00272747	0.359515	0.00275218	0.0181295	0.0270761	0.00233213	0.0159961	0.0045593	0.00507036	0.00708852	0.00834732	0.0112829	0.00664924	0.0130689	0.0315187	0.0044884	0.452408
160	0.0625089	0.00669552	0.0502581	0.0418903	0.00512529	0.0539434	0.0223126	0.0049862	0.045885	0.00994192	0.00726848	0.0711427	0.0164434	0.0264468	0.034265	0.347356	0.17376	0.00952328	0.00244236	0.00780483
161	0.0281421	0.00477404	0.000507765	0.00200844	0.0692147	0.00755809	0.0012635	0.278506	0.004862	0.320878	0.0643145	0.00317658	0.00546243	0.00400838	0.00559001	0.00714065	0.0156769	0.166886	0.00305461	0.00697515
162	0.0261369	0.00156109	0.15414	0.0918764	0.00917558	0.111948	0.0615152	0.0215062	0.0639373	0.0110981	0.015629	0.0792717	0.0295753	0.0424189	0.0586732	0.0956741	0.0825647	0.017349	0.0036749	0.0222741
163	0.0128565	0.00361688	0.000540657	0.00237188	0.0229447	0.000745699	0.0012585	0.447483	0.00641175	0.0855274	0.0191046	0.0034194	0.00105423	0.00664035	0.00498034	0.00322802	0.00787039	0.359628	0.000314147	0.0100034
164	0.0184763	0.00245638	0.000832898	0.00545766	0.123838	0.00687353	0.00103958	0.183087	0.00737546	0.330213	0.0936678	0.00465692	0.00646795	0.00414751	0.00678097	0.0273641	0.0283583	0.0992008	0.00143693	0.0482687
165	0.0506387	0.0022776	0.0803707	0.148595	0.00351483	0.0191411	0.0249561	0.0128535	0.157431	0.0194798	0.0116508	0.0741677	0.0186276	0.0828166	0.12279	0.0813388	0.0601741	0.0163542	0.00213814	0.0106835
166	0.0579824	0.0224118	0.00147631	0.00242999	0.0696524	0.0273182	0.00118623	0.183563	0.00427657	0.248866	0.111594	0.00401067	0.00569607	0.00344742	0.00417658	0.0298271	0.0615235	0.148731	0.00609685	0.00573282
167	0.0280959	0.00442778	0.00078561	0.00535482	0.0254169	0.0027755	0.00110748	0.400917	0.00634655	0.0910695	0.0268581	0.00334907	0.00194061	0.00612466	0.0072005	0.00589791	0.0169711	0.354176	0.00045925	0.0107255
168	0.171166	0.0106796	0.0118244	0.0152539	0.0202338	0.47586	0.0066931	0.0108136	0.00746291	0.0405665	0.0207357	0.0215565	0.0128144	0.0240804	0.0117131	0.0690178	0.0256973	0.0221018	0.00414891	0.0175801
169	0.0515545	0.00423165	0.104372	0.138029	0.0191947	0.0223959	0.0832069	0.0446284	0.0618504	0.0497586	0.0112672	0.0483888	0.00341205	0.0679875	0.0407951	0.0792629	0.107467	0.039736	0.000715571	0.0217456
170	0.014026	0.0194843	0.00253485	0.00404913	0.020988	0.00833428	0.00337774	0.0141982	0.0107977	0.0149761	0.00408344	0.00434861	0.00271274	0.00416094	0.0108336	0.0151547	0.0193264	0.0188387	0.785619	0.0221554
171	0.0588645	0.0163547	0.0432627	0.029768	0.00605638	0.0369989	0.011055	0.00762049	0.0568607	0.0168454	0.0133465	0.104321	0.0103065	0.0162206	0.0415512	0.328999	0.170687	0.0176377	0.00138672	0.0118571
172	0.0128578	0.00365749	0.000526211	0.00235923	0.0226327	0.000745176	0.00126847	0.448781	0.00641111	0.0841288	0.0187929	0.00342768	0.00103037	0.00664881	0.00499167	0.00325122	0.00784501	0.36033	0.000301282	0.0100129
173	0.148201	0.0157728	0.0137338	0.025965	0.0191803	0.0570334	0.0126773	0.0400606	0.0206284	0.0567053	0.0293125	0.0237276	0.0281127	0.0266067	0.0186236	0.170776	0.172047	0.100052	0.00485083	0.0159324
174	0.0325783	0.00997974	0.0140734	0.00873411	0.00873066	0.0419003	0.0057728	0.0112981	0.0109216	0.013977	0.00499538	0.0343792	0.00558615	0.00687043	0.0130198	0.31884	0.445349	0.00765793	0.0012181	0.00411836
175	0.0144974	0.0057515	0.000994039	0.00439248	0.0321738	0.00206422	0.00161478	0.422872	0.00602962	0.0811846	0.0177992	0.00599471	0.00225321	0.00808724	0.00822873	0.00421717	0.0089693	0.355219	0.000447783	0.01721
176	0.00902169	0.00372453	0.00133904	0.0169185	0.0579028	0.00247077	0.00815331	0.0762641	0.0184505	0.578838	0.100053	0.00560302	0.00702856	0.0176613	0.00779431	0.00807247	0.0140879	0.0375798	0.010467	0.0185695
177	0.0274037	0.00305375	0.0880967	0.049008	0.00930117	0.220175	0.0707001	0.0140759	0.0487801	0.0134288	0.0142789	0.0635416	0.0683429	0.0295408	0.050734	0.0866389	0.091246	0.0175519	0.00576159	0.0283406
178	0.0471655	0.0050397	0.0892178	0.0788017	0.0109011	0.0374125	0.0252094	0.0194206	0.128505	0.0350337	0.0157988	0.114472	0.0480596	0.0584354	0.0933412	0.0801428	0.0709083	0.0234527	0.00290694	0.0157751
179	0.0212859	0.00244277	0.543513	0.0918847	0.0026323	0.0332984	0.0236378	0.0051844	0.0300603	0.0223549	0.00255857	0.122585	0.00095171	0.0174751	0.0120085	0.0376352	0.0165182	0.00789607	0.000512875	0.00556416
180	0.0122371	0.00559603	0.00845449	0.0294932	0.00886002	0.0200903	0.00723418	0.00938324	0.2032	0.0282419	0.0123432	0.0154679	0.0120362	0.111972	0.442056	0.023796	0.0287408	0.0117253	0.00122167	0.00785001
181	0.0200162	0.00538432	0.00370307	0.00301541	0.359827	0.00275112	0.0204572	0.0257471	0.00247925	0.0166492	0.00524286	0.00529315	0.00769991	0.00814748	0.0124169	0.00727644	0.0142082	0.0316604	0.00470074	0.443324
182	0.040828	0.0040262	0.135384	0.16875	0.0244846	0.029695	0.0849025	0.0282627	0.0674379	0.0289739	0.0137935	0.0577387	0.00897687	0.0641204	0.0651687	0.0852168	0.06024	0.015609	0.00200171	0.0143897
183	0.0910446	0.00966159	0.0191791	0.014699	0.00739113	0.591501	0.0122698	0.00588208	0.00839089	0.0252979	0.00760804	0.0311259	0.0138684	0.0154607	0.0148966	0.0835201	0.0227865	0.0155706	0.00339884	0.00644718
184	0.0160323	0.00527317	0.00334772	0.00246646	0.297925	0.00236654	0.0211143	0.031495	0.00225586	0.0147626	0.0039233	0.00714703	0.00619524	0.00741396	0.010096	0.00481279	0.010067	0.0328639	0.00454427	0.515898
185	0.0629223	0.239874	0.00502828	0.00664705	0.0338183	0.0219189	0.00384848	0.159934	0.00804999	0.125262	0.0889835	0.00763556	0.00553961	0.00616819	0.00811055	0.0309846	0.0666016	0.107596	0.00469962	0.00637624
186	0.128465	0.00647992	0.00485389	0.00949222	0.0166125	0.00657212	0.00418339	0.159221	0.0543147	0.0657928	0.0396754	0.0101314	0.00538003	0.00567747	0.00646701	0.0273223	0.0665567	0.366925	0.00194344	0.0139341
187	0.0223496	0.00228967	0.524064	0.0969047	0.00376601	0.0330442	0.0285266	0.00672345	0.032186	0.0234178	0.00351352	0.108316	0.00168484	0.0219657	0.0172791	0.0391952	0.0193216	0.00898134	0.000604403	0.00586583
188	0.0139027	0.00572898	0.00216534	0.0103287	0.06027	0.00404054	0.00859409	0.0797459	0.0146192	0.555446	0.098632	0.0122208	0.00657095	0.0136504	0.00766502	0.0132584	0.0178814	0.0428467	0.0110293	0.0214038
189	0.0977446	0.0239604	0.00623529	0.00720416	0.0436645	0.037361	0.00425732	0.151918	0.00836199	0.184925	0.120658	0.00520123	0.00825599	0.00575924	0.0059529	0.0654942	0.0907893	0.115563	0.00988629	0.0068078
190	0.0500363	0.00195039	0.0842557	0.107968	0.00327881	0.0176674	0.0220688	0.0136115	0.19124	0.0220606	0.0131561	0.0750198	0.0192104	0.08598	0.13353	0.0741421	0.0544235	0.0172619	0.00117176	0.011967
191	0.0866101	0.00432674	0.00813869	0.119121	0.00927065	0.00680193	0.0405154	0.011992	0.100656	0.154778	0.108768	0.0093813	0.00573766	0.0737094	0.0649658	0.0548598	0.0127088	0.0487778	0.0712657	0.00761492
192	0.022904	0.00361878	0.000575488	0.00204453	0.0566047	0.00502228	0.00150294	0.324687	0.00499506	0.270519	0.0509764	0.00310729	0.00407151	0.0051967	0.00505969	0.00523253	0.0119884	0.212281	0.00247056	0.00714257
193	0.280974	0.0144934	0.0143113	0.0232978	0.0166739	0.0472339	0.0117026	0.00566896	0.0292646	0.0126778	0.00885594	0.0446599	0.0302805	0.0248401	0.0194848	0.268234	0.0982644	0.0406577	0.00100216	0.00742213
194	0.0485143	0.00181216	0.0716175	0.101849	0.00369557	0.0204494	0.0255104	0.0151393	0.184527	0.0219879	0.0145253	0.0774577	0.0213276	0.0813184	0.147267	0.0760372	0.0561504	0.0180187	0.00106171	0.0117336
195	0.038642	0.0041154	0.0833105	0.1171	0.0174565	0.0238468	0.0800367	0.053424	0.110331	0.0537765	0.0248064	0.0603724	0.00843149	0.0787197	0.0861337	0.0668821	0.052714	0.0202431	0.00166184	0.0179952
