439	20
1	0.109371	0.0071787	0.00479733	0.00945567	0.00519533	0.0182695	0.0288561	0.17257	0.0603643	0.0343069	0.00897108	0.0326082	0.011333	0.0158056	0.097709	0.226205	0.0653834	0.0833423	0.0043738	0.00390379
2	0.0488347	0.00806028	0.00638368	0.0208285	0.0169573	0.0414691	0.0666781	0.104619	0.0679627	0.0365846	0.00878466	0.0423792	0.0951838	0.0673393	0.0631064	0.120556	0.11663	0.0580573	0.00327612	0.00630946
3	0.0130786	0.00351051	0.00951757	0.0211517	0.00341818	0.00850965	0.010438	0.0181449	0.470608	0.0283353	0.018124	0.0365252	0.00712867	0.0155481	0.276724	0.0154152	0.0148962	0.0254728	0.000835828	0.00261765
4	0.0478862	0.00411452	0.00515007	0.0169102	0.0178557	0.0370441	0.0656475	0.0498503	0.0775259	0.0483316	0.00569515	0.0444473	0.177732	0.0676456	0.0973713	0.107607	0.0931699	0.0314003	0.00173415	0.00288208
5	0.0184324	0.00638151	0.0102599	0.0305367	0.00563252	0.0136797	0.0192855	0.0181904	0.374536	0.0380282	0.018157	0.0458656	0.0149397	0.0366675	0.262071	0.02932	0.0189288	0.0332822	0.00177847	0.0040265
6	0.0930963	0.0249831	0.0208928	0.0145331	0.0086973	0.0273376	0.0132278	0.0243396	0.0486013	0.0306129	0.0221212	0.0418763	0.0178291	0.0202127	0.0228144	0.199333	0.33734	0.0242543	0.00259206	0.00530474
7	0.0152656	0.0128702	0.00870679	0.00720113	0.11958	0.00717396	0.059744	0.0400469	0.0976098	0.10387	0.0433685	0.109102	0.028829	0.030952	0.0156101	0.156351	0.0144453	0.0331216	0.00355395	0.0925981
8	0.027678	0.0518526	0.0318556	0.0202536	0.0311154	0.0266486	0.0545119	0.022362	0.108846	0.032055	0.0401394	0.0775238	0.0163546	0.0555106	0.104028	0.157309	0.0617622	0.0231852	0.0017939	0.0552144
9	0.03315	0.00809153	0.0141044	0.0236121	0.0225057	0.0465059	0.0537219	0.0236885	0.0455647	0.0484728	0.0104488	0.0497253	0.322983	0.0541784	0.0809695	0.0748815	0.0479209	0.029606	0.00276513	0.00710418
10	0.0481139	0.00363917	0.08616	0.152859	0.00329954	0.0061998	0.00741699	0.0334214	0.0810642	0.0230925	0.00758111	0.0604761	0.0883182	0.0432432	0.0808923	0.0620141	0.11196	0.0894717	0.000988037	0.00978911
11	0.505837	0.0216148	0.00344534	0.00549072	0.00980763	0.0970661	0.00330126	0.00609107	0.00919566	0.0108752	0.00321304	0.0241315	0.00349134	0.0034628	0.00490808	0.181177	0.0466233	0.0486766	0.00213092	0.00945972
12	0.0245499	0.0226875	0.0215952	0.0206984	0.00896189	0.0430159	0.0512356	0.0100914	0.176979	0.0224124	0.0221269	0.071134	0.00712833	0.0665481	0.228872	0.10386	0.0414069	0.0347685	0.00332065	0.0186066
13	0.0689338	0.025011	0.0391408	0.0605287	0.00436349	0.0241505	0.0241662	0.0557906	0.0525422	0.105031	0.00855077	0.0741192	0.00536675	0.0788869	0.0846745	0.137921	0.0511373	0.0812893	0.00781488	0.0105814
14	0.0146659	0.00300229	0.00231523	0.00279908	0.0333923	0.00310619	0.00557316	0.265592	0.00737648	0.271518	0.12942	0.00614449	0.00979567	0.00572574	0.00969999	0.0249097	0.0106077	0.189428	0.00249385	0.00243446
15	0.0178295	0.0420072	0.0277507	0.18748	0.00750074	0.0504136	0.151848	0.0171976	0.0317884	0.0189866	0.044637	0.085095	0.00798264	0.13511	0.0172738	0.0593923	0.0679234	0.0155933	0.00343019	0.0107592
16	0.0134971	0.00354609	0.0117254	0.0145898	0.0424967	0.00542686	0.00780133	0.256218	0.0100506	0.232237	0.131567	0.0101782	0.0121632	0.00809576	0.0107439	0.0241868	0.0188715	0.181997	0.00186254	0.00274485
17	0.0887501	0.0438227	0.00968679	0.0244282	0.00473095	0.0111212	0.0108641	0.172165	0.00578039	0.0949191	0.0434649	0.0112036	0.0236954	0.0088426	0.00424756	0.103071	0.104263	0.209474	0.00157443	0.0238957
18	0.0190121	0.0100209	0.00531421	0.00597495	0.0301223	0.00534762	0.0160255	0.22739	0.0136875	0.253703	0.0984468	0.0163664	0.00834527	0.0116588	0.0217294	0.0447281	0.0149215	0.186932	0.00308889	0.00718533
19	0.0299942	0.0142907	0.00947494	0.00945448	0.120876	0.0118521	0.0738589	0.0371362	0.0882327	0.0530286	0.0428601	0.117901	0.0731744	0.0234363	0.0233608	0.139305	0.0169497	0.0195685	0.00362087	0.0916236
20	0.0526241	0.00768336	0.0331629	0.0878744	0.00345451	0.0231541	0.0538359	0.00787214	0.196138	0.0280742	0.00967439	0.0581323	0.00228427	0.159659	0.195852	0.0506913	0.0231627	0.00464956	0.000450984	0.00156975
21	0.0602539	0.00380141	0.00371542	0.0156019	0.0238615	0.0299607	0.066694	0.061349	0.0603422	0.0484084	0.00480043	0.0381186	0.158624	0.0583738	0.116427	0.121119	0.0854072	0.0380689	0.00183366	0.00323856
22	0.0284086	0.01307	0.0030827	0.00644126	0.103413	0.0188087	0.0169656	0.121845	0.0179289	0.326989	0.0820844	0.0105431	0.00810101	0.0141128	0.0116805	0.0395139	0.0299067	0.113763	0.00827048	0.0250718
23	0.0503946	0.0108326	0.213696	0.25042	0.00297979	0.0175636	0.0283906	0.0103342	0.0514403	0.0207881	0.00794227	0.0653643	0.0160992	0.0731348	0.018545	0.0849492	0.0540532	0.0155747	0.000340337	0.0071564
24	0.0200741	0.00769163	0.239873	0.366827	0.00497183	0.0107443	0.0234636	0.0174231	0.0568892	0.0229864	0.00571476	0.0447561	0.0113676	0.0523482	0.0248629	0.0490229	0.0136886	0.0132407	0.000490028	0.0135636
25	0.0224477	0.0459105	0.0036345	0.00540398	0.166075	0.0202826	0.045233	0.114569	0.0344001	0.13875	0.0386585	0.0165119	0.00800526	0.0173237	0.0190139	0.0561201	0.0548458	0.0975741	0.0234365	0.0718041
26	0.0484497	0.0327209	0.0044796	0.00797958	0.00402878	0.00469516	0.0243574	0.162301	0.188007	0.0676023	0.0394597	0.0309992	0.00382576	0.0382549	0.158397	0.0486051	0.0501386	0.0806571	0.0015462	0.00349368
27	0.0411582	0.00629789	0.282243	0.330358	0.00396004	0.0158786	0.0156979	0.00717278	0.0395321	0.0184666	0.00446473	0.0621702	0.0161692	0.0369812	0.0108955	0.0625614	0.0335079	0.00828368	0.000294967	0.003906
28	0.0167641	0.0116034	0.0538692	0.0705918	0.122329	0.025804	0.0303416	0.120326	0.0357454	0.122645	0.0780781	0.0235659	0.0217495	0.0366844	0.0165378	0.0215637	0.0644109	0.102874	0.00491626	0.0196003
29	0.0696759	0.021834	0.0140349	0.0346408	0.0300527	0.0245294	0.0327169	0.0330754	0.0929756	0.105533	0.0286189	0.036418	0.0153912	0.151863	0.0344	0.0460889	0.0341083	0.0302706	0.0954051	0.0683674
30	0.0146164	0.00312937	0.00224494	0.00262011	0.0297511	0.00277	0.00556923	0.263033	0.00689845	0.259096	0.13428	0.006688	0.00844505	0.00473017	0.0110613	0.0250043	0.0100128	0.206599	0.00178116	0.00167102
31	0.0404669	0.009087	0.328022	0.214443	0.00186367	0.0516825	0.0207178	0.0123255	0.0453804	0.013013	0.00433207	0.0837969	0.0334166	0.0297773	0.0162367	0.0560242	0.0294076	0.00635015	0.000455935	0.00320121
32	0.00723517	0.00634905	0.0013891	0.00435039	0.0644704	0.00266169	0.010497	0.0606554	0.0182524	0.572492	0.120187	0.00539223	0.00420077	0.0166648	0.00760345	0.0163107	0.00752144	0.0505909	0.00361315	0.0195626
33	0.0543304	0.00793595	0.0321826	0.0853823	0.00384152	0.0265953	0.0579487	0.00796237	0.194179	0.0274568	0.00996278	0.0587574	0.00303547	0.15413	0.190072	0.0512575	0.0257772	0.00610238	0.000675697	0.00241505
34	0.0393189	0.00602379	0.0220967	0.042591	0.0186229	0.0327507	0.0219231	0.0122017	0.0407582	0.0252234	0.0122762	0.0365815	0.432244	0.0262021	0.0785348	0.0713891	0.0317526	0.040265	0.00294581	0.00629858
35	0.0590169	0.0115943	0.103831	0.109563	0.00656745	0.0444715	0.0590861	0.00993688	0.0936822	0.0191797	0.011761	0.0574412	0.0167338	0.106251	0.034304	0.103758	0.0913712	0.0502089	0.00177132	0.00947037
36	0.313725	0.0213231	0.00647356	0.0104637	0.0107924	0.297756	0.00606764	0.00636589	0.0197987	0.0111452	0.0053676	0.033703	0.00962492	0.00893208	0.0113172	0.136039	0.0480607	0.0283666	0.00372845	0.010949
37	0.0135019	0.00743205	0.00769706	0.00424688	0.00198988	0.0398847	0.0283296	0.0135657	0.283773	0.00764998	0.00583011	0.0575457	0.00979862	0.0522265	0.362764	0.0534869	0.0191493	0.0100029	0.0118736	0.00925238
38	0.0138929	0.00323403	0.00220568	0.00255366	0.0291916	0.00266902	0.00534036	0.268505	0.00701486	0.256332	0.134294	0.00652824	0.00831982	0.00441309	0.0107707	0.024358	0.0098621	0.207268	0.00165365	0.00159322
39	0.0093183	0.0139203	0.00448443	0.00746036	0.0462652	0.00549456	0.050178	0.0325331	0.0845087	0.281116	0.0774841	0.0377422	0.00523013	0.0770301	0.141634	0.0284306	0.0390211	0.0202035	0.00235717	0.0355875
40	0.0594923	0.00713174	0.0129277	0.0329958	0.0249044	0.0295926	0.0754108	0.0472167	0.0917809	0.0313509	0.00987818	0.0651165	0.100108	0.0620526	0.117262	0.0887272	0.102462	0.0315664	0.00245752	0.00756555
41	0.0160904	0.0117356	0.0101166	0.00996491	0.00372395	0.0554331	0.0498807	0.00944151	0.241284	0.0165393	0.0114599	0.0611001	0.00806439	0.0680837	0.291864	0.0658017	0.023063	0.0248435	0.00603534	0.0154742
42	0.0315643	0.0116097	0.0196258	0.0411726	0.0071133	0.0309131	0.052024	0.0166556	0.21168	0.0282538	0.0135988	0.0572455	0.0129606	0.0977615	0.249734	0.0598406	0.0285316	0.0165076	0.00405397	0.00915306
43	0.031761	0.0503828	0.0172063	0.0274537	0.0139101	0.0271188	0.0632424	0.0225149	0.098495	0.0362548	0.017063	0.0449502	0.0147009	0.152316	0.178937	0.0881324	0.0359478	0.0548212	0.00428541	0.0205067
44	0.0290999	0.0444327	0.0173375	0.0211104	0.00997888	0.242584	0.0314244	0.014305	0.0702617	0.0449429	0.0152352	0.0948319	0.0123178	0.0601691	0.142143	0.0586187	0.0278082	0.0447101	0.00496724	0.0137213
45	0.363056	0.0218934	0.0108985	0.0172142	0.0114221	0.0510013	0.0168163	0.0286672	0.0454668	0.024543	0.0108054	0.0295654	0.0227619	0.0188966	0.0320244	0.158661	0.0572534	0.0635405	0.00350877	0.0120042
46	0.0165558	0.00349123	0.00228718	0.00279485	0.04057	0.00293961	0.00591529	0.255599	0.0067868	0.253208	0.135019	0.00658651	0.0084382	0.00525977	0.0104865	0.0246474	0.0110606	0.201114	0.00219481	0.00504568
47	0.0124353	0.011297	0.000546924	0.00226771	0.0131895	0.00400051	0.00188573	0.438895	0.00717212	0.0440809	0.0216207	0.00578843	0.00117062	0.000923191	0.00374592	0.0120699	0.0280188	0.388347	0.00198967	0.000554854
48	0.020338	0.0540866	0.00777889	0.0114711	0.0841177	0.0179236	0.105767	0.0579335	0.0706839	0.156192	0.0361932	0.0287959	0.0139381	0.0354349	0.0383952	0.0546471	0.0618115	0.0557791	0.0155601	0.0731531
49	0.0413286	0.011334	0.091778	0.234447	0.0205971	0.0169854	0.0305228	0.0554614	0.0387053	0.0614849	0.0183744	0.0421578	0.00437444	0.107876	0.0366909	0.0541313	0.0288348	0.073764	0.00161113	0.0295407
50	0.0148445	0.0128736	0.000588336	0.0021935	0.013582	0.00400837	0.00212793	0.431615	0.00656727	0.0384875	0.0236329	0.0058692	0.00121684	0.00102008	0.0045363	0.0109196	0.028999	0.394477	0.00181197	0.000628768
51	0.0154487	0.022974	0.0122046	0.0124956	0.008566	0.032158	0.0539261	0.0124208	0.210176	0.0135719	0.0126409	0.128625	0.0219269	0.0357448	0.247991	0.0618258	0.0346232	0.0186335	0.0118663	0.0321804
52	0.0777655	0.0384544	0.0193584	0.0105289	0.0303113	0.357954	0.00668328	0.00647907	0.0292307	0.0115174	0.00821212	0.0909793	0.00490291	0.00802724	0.0145939	0.188529	0.0657207	0.00833714	0.0103659	0.0120485
53	0.0188404	0.0228622	0.0119248	0.0164507	0.0806832	0.0185696	0.213759	0.037017	0.0503799	0.0739548	0.0631784	0.0621652	0.016989	0.0301328	0.0354163	0.0527141	0.0303467	0.034279	0.0225658	0.107771
54	0.0535475	0.00800349	0.0353694	0.0707338	0.0059591	0.0154603	0.0271535	0.01391	0.212942	0.0612746	0.0217775	0.0467578	0.030993	0.112339	0.152133	0.0637033	0.0388854	0.0240166	0.00127233	0.00376845
55	0.0107801	0.0116947	0.00216248	0.00468756	0.279355	0.00670736	0.0173988	0.11861	0.0138423	0.253657	0.0605105	0.00896278	0.00604197	0.0109551	0.010168	0.0296845	0.0167432	0.0780081	0.010615	0.049415
56	0.0438868	0.0202845	0.00556964	0.0107406	0.0194369	0.006745	0.00881064	0.212578	0.00652501	0.183208	0.102565	0.00849466	0.016212	0.0133587	0.00868216	0.0572221	0.0501795	0.212347	0.00182276	0.011331
57	0.461824	0.0175347	0.00877458	0.01459	0.00773086	0.0650415	0.00742811	0.00772491	0.0194697	0.0139181	0.0037935	0.0301257	0.00897943	0.00946114	0.00953	0.208222	0.05747	0.037762	0.00183419	0.00878533
58	0.0497397	0.0174058	0.00690481	0.013405	0.010642	0.0107554	0.0433558	0.0550005	0.113625	0.0474803	0.0116727	0.0241278	0.0102138	0.0182615	0.032451	0.0513193	0.445978	0.0291157	0.00253447	0.00601112
59	0.00504732	0.0043606	0.000938431	0.00166833	0.626168	0.00745997	0.00864468	0.0366105	0.00664688	0.0307164	0.0109148	0.00530157	0.00245212	0.00163633	0.0118253	0.00887928	0.0103239	0.0197533	0.0104719	0.190181
60	0.00639671	0.00575352	0.0013429	0.00322912	0.542786	0.00671917	0.0121683	0.0441524	0.00919343	0.133146	0.0274468	0.00599497	0.0026785	0.00498999	0.00988611	0.0123543	0.0111634	0.0336028	0.00947997	0.117516
61	0.0104244	0.00679478	0.00746947	0.0049824	0.00266748	0.0450913	0.0274149	0.0132577	0.290854	0.007865	0.00555109	0.0607827	0.023523	0.0343938	0.374212	0.0408577	0.015322	0.00950344	0.00734018	0.011692
62	0.0343233	0.0218882	0.0204068	0.0412566	0.0711685	0.0254412	0.0465858	0.0350061	0.106184	0.0710169	0.0286572	0.0477393	0.0317635	0.116626	0.12798	0.065003	0.0416159	0.0333828	0.00743163	0.0265241
63	0.024354	0.0115028	0.0104375	0.0181137	0.15564	0.0163707	0.0789341	0.0252317	0.0837356	0.0404137	0.0163838	0.0471057	0.203922	0.0308921	0.0705537	0.0666677	0.0254455	0.0274557	0.0109698	0.0358703
64	0.163347	0.033492	0.00915441	0.0162801	0.0168187	0.0179175	0.0381464	0.0472979	0.0262433	0.0346126	0.0153359	0.0205887	0.0320753	0.0159299	0.0162284	0.0748222	0.281829	0.117381	0.00617402	0.0163261
65	0.0057415	0.00526487	0.00104566	0.00165319	0.592957	0.00665529	0.00737299	0.0370918	0.00733444	0.0259674	0.0124366	0.004523	0.00252125	0.00182594	0.0102697	0.00714083	0.0119114	0.0213279	0.0123882	0.224571
66	0.0564679	0.269821	0.0187868	0.0187073	0.0219134	0.170592	0.0217316	0.0181578	0.0383578	0.0234272	0.0124663	0.0527838	0.0144192	0.0241049	0.0342685	0.0975159	0.0402998	0.0298504	0.0165609	0.0197672
67	0.192682	0.0673106	0.0139038	0.0112497	0.0376216	0.0806491	0.0148931	0.013525	0.0227339	0.0156233	0.00624001	0.0530112	0.017513	0.0165732	0.0167006	0.222914	0.0983431	0.0414959	0.0262186	0.0307978
68	0.0152206	0.028849	0.00241062	0.00413113	0.142844	0.0131256	0.0579602	0.102367	0.0442167	0.213572	0.0447209	0.0165187	0.00843341	0.0283106	0.0212069	0.0451406	0.0378894	0.0810148	0.0192982	0.0727687
69	0.0794509	0.244471	0.0184864	0.0171668	0.0211283	0.161926	0.0205419	0.0189336	0.037099	0.0269686	0.0135239	0.0565474	0.0142259	0.0231473	0.0300641	0.107127	0.0433382	0.0338364	0.0142429	0.0177742
70	0.0128486	0.00741897	0.00682504	0.00376063	0.00173507	0.0421177	0.0298366	0.0132524	0.283368	0.00697925	0.0056536	0.0616802	0.0115073	0.0484792	0.363603	0.0522588	0.0191938	0.00986907	0.00987701	0.00973631
71	0.013579	0.00149445	0.36085	0.446969	0.00691727	0.00624334	0.0069241	0.00304048	0.023685	0.0133539	0.00138506	0.0451777	0.00989968	0.00918424	0.00532762	0.0381378	0.00287523	0.00171678	0.000399242	0.00283995
72	0.0563746	0.0502832	0.0158609	0.0130413	0.0470551	0.321463	0.0157138	0.00983202	0.0278228	0.0132665	0.00902953	0.102121	0.00844137	0.0109909	0.0175051	0.147809	0.0664972	0.0140541	0.0316202	0.0212181
73	0.0117479	0.00661367	0.00891724	0.0121223	0.0035828	0.0316208	0.0227414	0.0150872	0.330598	0.0158562	0.0103156	0.0562904	0.0220435	0.0308025	0.340165	0.0349111	0.0160055	0.015807	0.00539529	0.00937664
74	0.0423548	0.0130671	0.03197	0.0521354	0.0253425	0.0284525	0.0408868	0.0264381	0.125883	0.0480346	0.0178808	0.049456	0.11242	0.108439	0.094212	0.0774705	0.0516548	0.0323038	0.0044935	0.0171059
75	0.148468	0.022227	0.0322797	0.0284	0.0149479	0.382622	0.0129376	0.00985561	0.0322558	0.0167017	0.0100041	0.0520527	0.0133579	0.018808	0.0203123	0.107473	0.0375141	0.0218307	0.00535441	0.0125975
76	0.00576425	0.00532058	0.00110059	0.00172597	0.60141	0.00710035	0.00898163	0.0373417	0.00785271	0.0292238	0.0120865	0.00547569	0.00267095	0.00188745	0.0108151	0.00821588	0.0114709	0.0211236	0.0123592	0.208073
77	0.0263113	0.0173283	0.0202409	0.0364839	0.0610842	0.0186293	0.0409672	0.0319841	0.155228	0.100257	0.0679026	0.0438617	0.0163961	0.128336	0.0869311	0.0570891	0.0333967	0.0285408	0.00682713	0.0222044
78	0.0801216	0.0303919	0.0192173	0.0372828	0.00502104	0.0228109	0.0227194	0.128417	0.0198861	0.0954537	0.0241345	0.0421056	0.0191394	0.0432397	0.033592	0.119274	0.0747626	0.162471	0.00454639	0.015413
79	0.0486633	0.16881	0.0420455	0.0276482	0.0148505	0.0206437	0.0199297	0.10119	0.0287184	0.101741	0.024517	0.0297832	0.0165355	0.0248869	0.0214466	0.12422	0.0619535	0.0994197	0.00652313	0.0164746
80	0.0960112	0.0240903	0.0221137	0.0215424	0.00986129	0.0296949	0.0220877	0.0632592	0.060983	0.0387421	0.0112462	0.0733739	0.0130535	0.0484975	0.0829677	0.228374	0.0867423	0.0414786	0.0150707	0.0108097
81	0.08624	0.0606495	0.00930357	0.0200574	0.00944657	0.0112132	0.0124099	0.158569	0.00735082	0.0978169	0.04277	0.0114214	0.0209881	0.00919671	0.00480059	0.0995296	0.101069	0.205158	0.00285118	0.0291583
82	0.0843487	0.047998	0.00888069	0.0205341	0.0059279	0.0105154	0.0127915	0.168375	0.00706375	0.0889804	0.0420006	0.0123132	0.0225141	0.009832	0.00565219	0.0943526	0.104863	0.228094	0.00248038	0.0224816
83	0.0457589	0.0215719	0.00954113	0.0159646	0.0218498	0.0105696	0.0177439	0.184708	0.0310358	0.141387	0.053931	0.0227651	0.0128338	0.0172238	0.0465517	0.103419	0.0426158	0.185084	0.00426583	0.0111795
84	0.0445957	0.0234531	0.0201838	0.0250296	0.0391577	0.0825425	0.147566	0.0215068	0.0535418	0.022786	0.0163644	0.10174	0.0865111	0.0298576	0.053633	0.0549241	0.0378823	0.0302099	0.0646967	0.043818
85	0.0340135	0.0157602	0.0269311	0.0563008	0.0109444	0.0891179	0.033996	0.0179647	0.211823	0.028252	0.0196024	0.0552052	0.0176218	0.0443471	0.149708	0.0667305	0.0557862	0.0488633	0.00479071	0.0122408
86	0.00948312	0.00470932	0.00874217	0.00514698	0.00191464	0.0388863	0.0203119	0.0139563	0.330686	0.00986807	0.00810528	0.0496844	0.013663	0.0285796	0.384433	0.0337111	0.0128756	0.00956975	0.00591827	0.00975512
87	0.0549394	0.196059	0.0144629	0.0210576	0.0273368	0.0228958	0.0235812	0.0798182	0.0396156	0.0560018	0.0463712	0.028799	0.0181547	0.0252232	0.0343437	0.0906571	0.0910392	0.0964443	0.0102113	0.0229877
88	0.0209312	0.0283471	0.00594919	0.00803387	0.0911637	0.0153038	0.091421	0.0907314	0.077646	0.156962	0.0334755	0.0272657	0.0119208	0.0257703	0.0281081	0.0724056	0.0381378	0.0927511	0.013433	0.0702431
89	0.0349445	0.0117873	0.118161	0.308492	0.00549197	0.0135218	0.034236	0.0267837	0.0515683	0.0375734	0.0114463	0.042501	0.00399079	0.11669	0.0296271	0.0672132	0.0288052	0.0299104	0.000635843	0.0266203
90	0.0234127	0.0159579	0.05742	0.039802	0.0282865	0.0188823	0.0564188	0.0139763	0.117978	0.0835307	0.0651313	0.0796703	0.0143133	0.0875713	0.0688638	0.158222	0.0324726	0.0171628	0.00214812	0.0187799
91	0.0140947	0.0122969	0.000575704	0.00220912	0.0145594	0.00397695	0.00213233	0.433377	0.00692877	0.0414245	0.022601	0.00577507	0.00123925	0.000934759	0.00406947	0.011356	0.0292717	0.390653	0.00189323	0.000631536
92	0.0138819	0.00459228	0.00223696	0.00316363	0.0307967	0.00597438	0.00640468	0.288793	0.00764069	0.26519	0.104823	0.00613651	0.0114142	0.0064468	0.00839502	0.0238621	0.012078	0.19095	0.00318337	0.00403646
93	0.0709213	0.00571732	0.0224108	0.0439135	0.0143067	0.0366928	0.0586309	0.0460911	0.0800521	0.0396688	0.00964143	0.0454526	0.119502	0.0681807	0.0751748	0.116694	0.107671	0.033034	0.00163208	0.00461196
94	0.0313837	0.0157356	0.0100381	0.0136273	0.00767779	0.228309	0.0233369	0.0107125	0.177187	0.0166006	0.0114859	0.0512443	0.0135647	0.0346974	0.229819	0.0713234	0.0208776	0.0147727	0.0057482	0.0118579
95	0.0164217	0.011947	0.00863668	0.0145454	0.367954	0.0150801	0.0312319	0.0430592	0.0717203	0.0637166	0.0222698	0.0303953	0.0270259	0.0212494	0.038072	0.0435098	0.025193	0.0356153	0.0126964	0.09966
96	0.0138711	0.0202043	0.00994315	0.0106574	0.0113076	0.0390574	0.0572951	0.0120507	0.195917	0.0164759	0.0100588	0.285252	0.00840829	0.0133161	0.0199092	0.229659	0.0172909	0.0141088	0.00426792	0.0109486
97	0.0107934	0.0118617	0.00094298	0.00239711	0.0153026	0.0032175	0.00254394	0.42115	0.00779862	0.0951165	0.052554	0.005481	0.00257183	0.00162471	0.00463677	0.01421	0.0237968	0.321329	0.00186724	0.000804552
98	0.00951616	0.00219001	0.464989	0.0298164	0.00178733	0.00821054	0.0689652	0.0088555	0.0225231	0.00407987	0.00191964	0.216642	0.0121231	0.024246	0.00950331	0.0788862	0.0220467	0.00933215	0.000732141	0.00363538
99	0.0122729	0.00395753	0.00208334	0.00248307	0.026008	0.00252226	0.00492172	0.286558	0.0064737	0.242277	0.135425	0.00584237	0.00768864	0.0038191	0.00900874	0.022894	0.00928003	0.213297	0.00168654	0.00150125
100	0.0809015	0.0127485	0.0172639	0.0278657	0.0226893	0.0248723	0.0245516	0.0220083	0.0287236	0.0339357	0.0132296	0.0328563	0.394577	0.02349	0.0399483	0.10151	0.0427084	0.0383186	0.0043162	0.0134847
101	0.0245977	0.0113857	0.0165195	0.0277237	0.00685284	0.0302071	0.0410766	0.0133113	0.257008	0.0247091	0.0260638	0.0614641	0.00762417	0.0702905	0.256737	0.0655465	0.0264746	0.0200368	0.00348274	0.00888752
102	0.0105342	0.00973157	0.003307	0.00562337	0.326981	0.00717594	0.016636	0.103144	0.0129189	0.234821	0.0501382	0.00798023	0.00648129	0.0107087	0.00986058	0.0197404	0.0165164	0.0645743	0.0106313	0.0724958
103	0.0294399	0.0142126	0.0196777	0.0240933	0.0066941	0.0442897	0.0392168	0.0103891	0.219569	0.018938	0.0197589	0.0730102	0.00750165	0.0623046	0.235181	0.0881103	0.037315	0.0322506	0.00416409	0.0138842
104	0.0727971	0.0449318	0.00951533	0.0213517	0.00410793	0.0121336	0.0125423	0.180981	0.00662711	0.0874533	0.0437096	0.0132091	0.0290588	0.00937751	0.00404625	0.0816552	0.0978271	0.243563	0.0019973	0.0231158
105	0.0079482	0.00590328	0.00511402	0.00651812	0.00494518	0.00760406	0.538838	0.00948459	0.0424087	0.0107669	0.0104279	0.125068	0.00769706	0.0210345	0.0314971	0.0176317	0.00980303	0.00991978	0.00683183	0.120558
106	0.00550999	0.00500458	0.0010166	0.00162593	0.6047	0.00669493	0.00780168	0.0364928	0.0072918	0.0274119	0.0120023	0.00476378	0.00237538	0.00172197	0.0101583	0.00735216	0.0113836	0.020644	0.0120146	0.214034
107	0.0136005	0.00513102	0.00695307	0.0170285	0.00448752	0.0050087	0.0101663	0.0190395	0.410582	0.0778215	0.0457021	0.0405918	0.00597092	0.0171101	0.249892	0.0180213	0.0205241	0.0280758	0.000868426	0.00342554
108	0.112868	0.0125673	0.00797005	0.0133089	0.00729918	0.0296473	0.0257095	0.132585	0.0467949	0.0335291	0.00799099	0.0354035	0.0175506	0.0229866	0.0956252	0.23402	0.0756268	0.0769156	0.00554847	0.00605297
109	0.0178913	0.0118717	0.011853	0.0215581	0.0611439	0.0125398	0.0274428	0.0153348	0.0277364	0.107785	0.0138787	0.0235008	0.435198	0.0377959	0.0333217	0.0680207	0.0180971	0.029412	0.00253298	0.0230856
110	0.127594	0.0248387	0.0118739	0.0150798	0.00816428	0.0197836	0.0142825	0.0459453	0.0307986	0.030979	0.0116278	0.0309868	0.0162418	0.0121243	0.0173071	0.187612	0.346348	0.0388026	0.00361283	0.00599703
111	0.00720101	0.0102256	0.00142947	0.00265732	0.555741	0.00926909	0.0263009	0.0406346	0.0142045	0.045802	0.0145606	0.0128557	0.0083454	0.00506722	0.0141324	0.0199502	0.0140554	0.0256278	0.0231117	0.148828
112	0.0881684	0.265659	0.0233829	0.0175576	0.0164202	0.040332	0.0171249	0.0307783	0.03258	0.0328053	0.015714	0.0417843	0.0182207	0.0211757	0.0261116	0.169939	0.0665189	0.0476663	0.011904	0.0161568
113	0.0169283	0.00253556	0.356203	0.415704	0.00613914	0.00947698	0.00898851	0.00406217	0.0267672	0.013461	0.00177546	0.0494969	0.0118165	0.0140924	0.00702347	0.042576	0.00709792	0.00247778	0.000356415	0.0030213
114	0.0165168	0.0178206	0.010886	0.0152526	0.058505	0.0123857	0.0938093	0.0638519	0.0485813	0.271171	0.106246	0.0306752	0.0139557	0.0413963	0.0389092	0.0400968	0.0273997	0.0529061	0.00729609	0.0323392
115	0.0549757	0.283876	0.0154583	0.0189893	0.0420632	0.0367317	0.0232896	0.0440415	0.0453509	0.0478664	0.0209167	0.036241	0.015211	0.0279385	0.0333108	0.0969405	0.0565353	0.0591864	0.0167107	0.0243669
116	0.0667099	0.0207004	0.0210815	0.0224304	0.0154265	0.489102	0.0135767	0.00971704	0.0369098	0.0154479	0.0100347	0.0607571	0.0165032	0.017232	0.0295005	0.0862084	0.0320294	0.0161252	0.00642456	0.0140829
117	0.109048	0.0313291	0.0344244	0.0198913	0.00807891	0.0438003	0.0172295	0.0165301	0.0540713	0.0300526	0.0102505	0.0777759	0.0186667	0.0364075	0.025329	0.323876	0.117267	0.0149137	0.00271191	0.00834681
118	0.00368173	0.00506813	0.000984278	0.00449001	0.0625752	0.00193429	0.00922727	0.0321219	0.0194532	0.611934	0.157954	0.00553635	0.00245713	0.0172717	0.00605824	0.00938901	0.00416694	0.0283144	0.00177499	0.0156067
119	0.00874379	0.00417249	0.00207378	0.00362265	0.0422026	0.00228937	0.00690217	0.144397	0.0109072	0.497515	0.114993	0.00493234	0.00641135	0.00837858	0.00618186	0.015683	0.00680211	0.103658	0.00219344	0.00793984
120	0.0117611	0.0321265	0.00429212	0.00583455	0.25684	0.0378012	0.0503494	0.0492457	0.0226622	0.0345295	0.0184676	0.0220821	0.00891146	0.011424	0.0283596	0.027572	0.0244575	0.0279946	0.160885	0.164404
121	0.0374509	0.0225234	0.01931	0.0249971	0.0183068	0.273171	0.0284444	0.0133726	0.112914	0.0236638	0.0141454	0.0609469	0.0207355	0.0369313	0.140989	0.0743529	0.0300718	0.0216338	0.00880003	0.0172387
122	0.0124336	0.00393338	0.00180569	0.00336769	0.0889345	0.00363021	0.00721548	0.182474	0.00686063	0.427078	0.0817983	0.00444537	0.00876338	0.0108893	0.00533244	0.0199002	0.00770352	0.100662	0.00963161	0.0131412
123	0.0203465	0.0179174	0.00241646	0.00434484	0.327975	0.0112087	0.0240138	0.0762786	0.0179764	0.119729	0.0590842	0.0096573	0.00490218	0.010488	0.0118005	0.0250449	0.03366	0.092958	0.0162565	0.113941
124	0.00877648	0.00278669	0.00671764	0.01415	0.00260363	0.00693036	0.00837718	0.0194897	0.478962	0.0285552	0.0217058	0.0395281	0.00593393	0.0105476	0.298484	0.0134723	0.0100229	0.0194111	0.000813246	0.00273142
125	0.0420122	0.0264292	0.0336439	0.0667333	0.0248405	0.0283235	0.040869	0.0614273	0.0658357	0.0796556	0.0290919	0.0421656	0.0271049	0.120936	0.0620103	0.0736871	0.0484526	0.0962258	0.00579471	0.0247603
126	0.0542741	0.0201966	0.0317294	0.029388	0.0217507	0.453117	0.0177286	0.0144154	0.0365423	0.0215781	0.0124956	0.0662961	0.0137281	0.0210119	0.0274573	0.0864013	0.0326168	0.0174725	0.00565103	0.0161496
127	0.0126203	0.00843607	0.00559551	0.0109861	0.0380342	0.00686471	0.0171427	0.0448101	0.0992177	0.436147	0.106963	0.0174068	0.00612922	0.0260037	0.0555747	0.0229682	0.0180554	0.0500342	0.00247401	0.0145357
128	0.0353183	0.00907971	0.0206437	0.0531132	0.0046773	0.0267498	0.050325	0.0111614	0.243886	0.023694	0.0101864	0.0529284	0.00601089	0.122654	0.242123	0.0478044	0.0212716	0.0104938	0.00282649	0.00505195
129	0.0525177	0.299402	0.0173809	0.020795	0.02783	0.0469562	0.0232783	0.0427897	0.0431776	0.0477677	0.0230471	0.0349415	0.0154179	0.0281779	0.0292249	0.102416	0.0503743	0.058991	0.0144608	0.0210534
130	0.0471349	0.0100409	0.18567	0.268379	0.00599308	0.018376	0.0283639	0.0140128	0.0539599	0.0243633	0.00760261	0.0552439	0.0123554	0.0871401	0.0206912	0.0791708	0.0465441	0.0207003	0.000446883	0.0138114
131	0.0460825	0.28478	0.0100154	0.0141272	0.025202	0.0213953	0.0150312	0.105132	0.0234942	0.0588525	0.0278227	0.018393	0.0124713	0.0165823	0.0190579	0.0751916	0.0541459	0.141027	0.0122089	0.0189866
132	0.115511	0.0463081	0.0448429	0.0111921	0.0150209	0.0743666	0.010372	0.0116385	0.0485782	0.0226831	0.0078298	0.109888	0.00682154	0.0159459	0.0225268	0.311414	0.113245	0.00523468	0.00243691	0.00414344
133	0.0177638	0.00345242	0.00233617	0.00291749	0.0316139	0.00301171	0.00609999	0.252553	0.00719835	0.258406	0.136743	0.00663021	0.00879339	0.00626121	0.0119163	0.0274574	0.0119425	0.200586	0.00196277	0.00235479
134	0.143938	0.0259619	0.0323285	0.037446	0.0147968	0.0357879	0.0270534	0.0563929	0.037981	0.0396603	0.0178817	0.0732772	0.0469408	0.0288741	0.035651	0.115848	0.10705	0.102203	0.00482748	0.0161004
135	0.0189858	0.0313926	0.0013247	0.0032716	0.0197222	0.00417088	0.00423396	0.378255	0.0088395	0.0394392	0.0277896	0.010876	0.00222533	0.00208573	0.00958296	0.0186422	0.0342104	0.379729	0.00254257	0.00268073
136	0.118551	0.0137894	0.0170982	0.0269557	0.0254411	0.0297526	0.101708	0.0324153	0.0438284	0.03272	0.0135316	0.0459906	0.192891	0.0355376	0.0468292	0.0843014	0.0585431	0.0494638	0.00857578	0.0220767
137	0.0186176	0.00902732	0.00822336	0.033084	0.0409652	0.0168752	0.0609022	0.0327966	0.287244	0.0246435	0.0123505	0.0349051	0.0369058	0.0484524	0.210597	0.0600575	0.0237315	0.0314507	0.00305131	0.00611993
138	0.0119289	0.00734081	0.0074184	0.00470385	0.0028484	0.0450225	0.0282178	0.0162029	0.27554	0.00808781	0.00660095	0.0617978	0.0149239	0.0399965	0.370174	0.0491648	0.0175499	0.00999621	0.00845044	0.0140349
139	0.0398234	0.145176	0.0185225	0.0203682	0.0202291	0.0374524	0.037962	0.022213	0.152323	0.0368498	0.0201969	0.067104	0.0141812	0.044586	0.0865322	0.134282	0.0441693	0.0291912	0.00746855	0.0213699
140	0.0360225	0.0124325	0.0901688	0.320484	0.00581098	0.0161619	0.0319133	0.0271469	0.0515534	0.0359846	0.00787654	0.0353145	0.00168175	0.132021	0.0368476	0.0580011	0.0225165	0.0383501	0.000827527	0.0388842
141	0.0162037	0.0107303	0.00894301	0.00847741	0.12709	0.0089709	0.0690997	0.0327197	0.100686	0.0876925	0.0351226	0.12955	0.0394469	0.0256865	0.0160005	0.151831	0.0126086	0.0246726	0.00391694	0.0905515
142	0.0571883	0.033075	0.0068639	0.0146438	0.00770827	0.00919422	0.0092993	0.232201	0.00651205	0.0969793	0.0510922	0.0104434	0.0222972	0.00795219	0.0045739	0.0611649	0.0740714	0.276973	0.00188822	0.0158781
143	0.279245	0.0113208	0.00430432	0.0144748	0.00522114	0.0417285	0.013974	0.0102739	0.00848578	0.0168359	0.00702688	0.0238682	0.360873	0.00527797	0.0126671	0.0776675	0.0305611	0.0526525	0.00748482	0.0160574
144	0.0289845	0.0101152	0.00859811	0.0130524	0.0857124	0.0187036	0.11773	0.0257055	0.0765698	0.0388552	0.0182856	0.105662	0.173346	0.0272613	0.0409233	0.11632	0.0308609	0.0217814	0.00547762	0.0360555
145	0.0928121	0.0253591	0.0526288	0.0218476	0.00548518	0.0438554	0.0195282	0.0110016	0.0356341	0.0373211	0.00916007	0.0955687	0.0220134	0.0243792	0.0154022	0.355869	0.113092	0.0102311	0.00138313	0.00742794
146	0.0460212	0.293324	0.00778347	0.0127455	0.0626218	0.0285405	0.0285953	0.0483837	0.0280895	0.0489881	0.01926	0.0254798	0.010775	0.0164673	0.0198184	0.0821182	0.050886	0.0841888	0.0454444	0.0404693
147	0.0481956	0.0160616	0.0323367	0.0384041	0.0203047	0.218714	0.0358064	0.0239105	0.0536824	0.0318386	0.0141263	0.0553514	0.12054	0.0690059	0.053363	0.0721941	0.045069	0.0301418	0.00513545	0.015819
148	0.0132247	0.0114442	0.000546495	0.00217634	0.0132924	0.00396548	0.00188116	0.434547	0.00707803	0.042455	0.021839	0.00604922	0.00119755	0.000914574	0.00381181	0.0116309	0.0281479	0.393306	0.00192196	0.000570304
149	0.0155757	0.00361607	0.433822	0.0506685	0.00211083	0.0107013	0.061872	0.0090415	0.0285617	0.00607394	0.00294104	0.201414	0.0134851	0.0273507	0.0111058	0.0803319	0.0268213	0.0098215	0.000625279	0.00406005
150	0.0655682	0.00837215	0.0453218	0.0525598	0.0065692	0.0173768	0.0215129	0.0151169	0.0971232	0.0461047	0.0369337	0.061593	0.0672922	0.0834595	0.080167	0.142998	0.108228	0.0346889	0.00211758	0.0068961
151	0.109774	0.0449978	0.0409794	0.011989	0.0198603	0.0853746	0.00962617	0.0102166	0.0495513	0.0230642	0.00871732	0.111276	0.00619794	0.0138401	0.0232236	0.301434	0.117914	0.0046795	0.00310399	0.00418006
152	0.0155227	0.00285035	0.00155744	0.00252157	0.0619193	0.00351217	0.00757749	0.19441	0.0065786	0.40274	0.0930786	0.00447092	0.00986265	0.011994	0.00613795	0.0219899	0.00765215	0.128004	0.00693235	0.010688
153	0.0551476	0.0110864	0.238243	0.219458	0.00236248	0.019389	0.0273441	0.00813458	0.052922	0.0195237	0.00885371	0.0778203	0.0217241	0.0612536	0.0152784	0.086626	0.060414	0.0124236	0.000293798	0.0017014
154	0.00935843	0.00209645	0.468808	0.0288941	0.00180052	0.00668637	0.0689344	0.00883634	0.022445	0.0039065	0.00189806	0.215995	0.0120929	0.024165	0.00939313	0.079157	0.0218775	0.00931389	0.000705612	0.00363529
155	0.0104819	0.00805063	0.0129084	0.0286135	0.239201	0.0094044	0.0163521	0.0633934	0.0221318	0.32023	0.0824493	0.0137737	0.00882445	0.0237195	0.0127297	0.0221924	0.0184312	0.0485586	0.00553619	0.0330181
156	0.00851283	0.00396069	0.00442583	0.0337173	0.018854	0.00686754	0.0806276	0.158279	0.0550186	0.0241489	0.00499243	0.119576	0.00603915	0.0514708	0.0222437	0.100542	0.212861	0.0824186	0.00159816	0.00384631
157	0.00808385	0.00513797	0.00105634	0.00376813	0.229419	0.00440079	0.00923677	0.0822042	0.0101427	0.427912	0.0673493	0.00419707	0.00414585	0.0122024	0.00480453	0.0140036	0.00822712	0.0401353	0.0122586	0.0513147
158	0.00750136	0.00560122	0.00215686	0.00550345	0.0616809	0.00358273	0.0342831	0.0850309	0.0253219	0.489276	0.0976383	0.00846088	0.00495375	0.0459117	0.0196979	0.0167346	0.00956472	0.0453958	0.00501772	0.0266864
159	0.0302212	0.0148408	0.0107503	0.0198993	0.00379965	0.0235191	0.0283527	0.0307726	0.266205	0.0196975	0.0125785	0.0536798	0.0106433	0.0682397	0.288393	0.0533635	0.0337041	0.0187602	0.00632885	0.0062511
160	0.00929637	0.00451184	0.00184556	0.00424772	0.0430729	0.00260345	0.00985059	0.134658	0.0236487	0.420478	0.145608	0.00721094	0.00556714	0.0139233	0.0126549	0.0187982	0.00850203	0.12213	0.00159551	0.00979723
161	0.050871	0.0454356	0.0151594	0.0358034	0.0257546	0.0119644	0.0162821	0.15614	0.0186746	0.158485	0.0494329	0.0164898	0.0177047	0.0213617	0.0146518	0.073464	0.0672853	0.178623	0.00454226	0.0218737
162	0.0383836	0.0218326	0.0243962	0.0285066	0.0220847	0.375033	0.0361419	0.0124678	0.0455716	0.0204331	0.0133258	0.0957543	0.0161219	0.0240928	0.0379044	0.0789028	0.036299	0.0175519	0.0117391	0.0434572
163	0.0219758	0.00873748	0.0103311	0.0191865	0.0034662	0.0196486	0.0207853	0.0197001	0.360777	0.0245036	0.0155139	0.0465004	0.00827624	0.0402909	0.302847	0.0308448	0.0192479	0.0182829	0.00342141	0.00566329
164	0.065953	0.0174521	0.0241363	0.0287481	0.0173356	0.258916	0.0302142	0.0264337	0.0409252	0.0264794	0.0124033	0.048887	0.115745	0.0314165	0.0373913	0.0874802	0.074501	0.0345366	0.00615845	0.014888
165	0.135334	0.0336224	0.0263342	0.0162367	0.00944253	0.035499	0.0135247	0.0222071	0.0333637	0.0306316	0.011138	0.0559003	0.0196035	0.0171814	0.0169494	0.272314	0.215155	0.0246651	0.00384189	0.00705586
166	0.00549212	0.00515422	0.00126392	0.00200686	0.624396	0.00703039	0.00937008	0.0386771	0.00756391	0.0344506	0.0120983	0.00591872	0.00257853	0.00199584	0.0109751	0.0095323	0.0116628	0.0226734	0.0108852	0.176274
167	0.107236	0.0282305	0.0244814	0.0176965	0.0175802	0.309563	0.0119485	0.0101866	0.0348925	0.0177905	0.00898864	0.0836467	0.0126648	0.0157359	0.0218437	0.182386	0.0630926	0.0153182	0.00595759	0.0107602
168	0.0261805	0.0175026	0.00586958	0.00959689	0.0373057	0.00716648	0.0122402	0.222143	0.0184044	0.214929	0.0782182	0.0124991	0.0108008	0.0131774	0.0157215	0.0387367	0.0318439	0.209924	0.00391688	0.0138242
169	0.00393263	0.0050777	0.00125496	0.0058056	0.0895387	0.00249197	0.0090796	0.0305743	0.0159105	0.506069	0.231913	0.00886761	0.00217608	0.0226603	0.00511442	0.00969461	0.00450582	0.0226473	0.00219076	0.0204949
170	0.0166243	0.00904439	0.00494827	0.0112499	0.0602936	0.0056881	0.0131691	0.0751717	0.0259212	0.503621	0.0967663	0.0118722	0.00875238	0.0224725	0.0165754	0.0238817	0.0148163	0.0566298	0.00545123	0.0170501
171	0.51314	0.0186667	0.00294511	0.005949	0.00898493	0.0891431	0.00415549	0.00632926	0.0107667	0.0119345	0.00382334	0.0187296	0.00726434	0.00460734	0.00702069	0.165528	0.0401673	0.0682489	0.00245155	0.0101447
172	0.0489482	0.00840963	0.0293987	0.0949859	0.0037934	0.0190228	0.0447008	0.00980951	0.20994	0.0344828	0.011324	0.0541813	0.00429805	0.15428	0.191906	0.0477509	0.0229452	0.00733615	0.000677813	0.00180887
173	0.00590608	0.0105557	0.00175649	0.00412845	0.0460775	0.00263615	0.0364157	0.0282716	0.0694005	0.417729	0.121859	0.0175166	0.00246989	0.0432179	0.0914934	0.020666	0.0255633	0.0268557	0.00138487	0.0260962
174	0.00903895	0.00337509	0.00616165	0.00983133	0.00220397	0.0142516	0.0122391	0.0178149	0.435599	0.0222817	0.0196936	0.0476505	0.00689501	0.0168627	0.320043	0.022491	0.0105033	0.0158112	0.0025656	0.00468674
175	0.0349885	0.0131958	0.0947278	0.31793	0.00584707	0.0158891	0.031148	0.0269292	0.0511727	0.0370864	0.00779611	0.0362668	0.00170215	0.129472	0.0376482	0.0602629	0.0222786	0.0373845	0.000767429	0.0375068
176	0.0172659	0.0298523	0.00180156	0.00390587	0.240018	0.0145295	0.0400083	0.0968433	0.0272823	0.139596	0.0456995	0.0125181	0.00577855	0.0138691	0.0149887	0.0379073	0.0423627	0.0922888	0.0246494	0.0988348
177	0.00580842	0.00540512	0.00103751	0.0016956	0.5906	0.0066141	0.00725419	0.0373425	0.00737359	0.0257564	0.0127424	0.00448204	0.00254927	0.00185031	0.0101361	0.00697145	0.012203	0.0217031	0.0126976	0.225777
178	0.202399	0.0229121	0.0214247	0.0275858	0.013188	0.13001	0.0243447	0.0167266	0.0832083	0.024546	0.0123722	0.0514626	0.0294189	0.0416983	0.0939828	0.115249	0.0428338	0.0290001	0.00428517	0.0133525
179	0.0117393	0.0111456	0.000546181	0.00257395	0.0122831	0.00416739	0.00189445	0.447661	0.00636803	0.0424546	0.0273641	0.00530353	0.00115836	0.000934041	0.00373349	0.01008	0.0258873	0.382477	0.00165152	0.000576399
180	0.0192753	0.00875379	0.0116886	0.021443	0.00461789	0.0238454	0.0211681	0.0211751	0.363392	0.0281385	0.0166232	0.0460007	0.00939107	0.0385606	0.280983	0.033439	0.0203873	0.0223933	0.0026011	0.006124
181	0.0193831	0.0250419	0.000779906	0.00256785	0.0139079	0.00383392	0.00295854	0.399847	0.00773581	0.0367207	0.02591	0.00715879	0.00193074	0.00130459	0.00587982	0.0148725	0.0307818	0.396064	0.00212125	0.00120016
182	0.0174135	0.0094411	0.00374381	0.0058508	0.0409632	0.00519084	0.00946173	0.159898	0.0154537	0.406941	0.0915616	0.00787695	0.008683	0.0110276	0.0105313	0.0286009	0.0184632	0.13444	0.00332516	0.0111322
183	0.0128479	0.00659086	0.00730103	0.0132329	0.00312045	0.013641	0.0144083	0.0266605	0.412046	0.025296	0.0183646	0.0470106	0.00919082	0.0217194	0.30199	0.0237604	0.0157818	0.0194543	0.00258193	0.00500053
184	0.0457614	0.0203803	0.0244177	0.0312959	0.00995938	0.149064	0.030178	0.0185342	0.197966	0.0276682	0.0169886	0.0601139	0.0175574	0.0465233	0.151532	0.0762036	0.0325914	0.022944	0.00589415	0.0144259
185	0.0144191	0.00202901	0.352934	0.436723	0.0069998	0.00669826	0.00873212	0.00368015	0.0254736	0.0137307	0.00182605	0.0458656	0.00991514	0.0129807	0.00616714	0.0409267	0.0048922	0.00236453	0.000404882	0.00323731
186	0.0545366	0.0301444	0.00498409	0.0111458	0.00756374	0.00756315	0.00723577	0.275193	0.00708562	0.0694053	0.0339321	0.00995119	0.0137194	0.0060508	0.00623435	0.0591805	0.060357	0.322159	0.00195838	0.0115992
187	0.0132893	0.0117794	0.000643745	0.00212207	0.014093	0.00372337	0.00212119	0.425254	0.00801258	0.0552133	0.0281312	0.00600944	0.00167376	0.00116493	0.00409634	0.0126891	0.0272768	0.380015	0.00207874	0.000612832
188	0.0122209	0.00360628	0.00160819	0.00257688	0.0370509	0.00232468	0.00646319	0.17005	0.00713217	0.480283	0.098301	0.00417615	0.00866993	0.00674499	0.00546632	0.0172323	0.00688772	0.119788	0.003277	0.00614105
189	0.0236137	0.0358598	0.0656312	0.13592	0.0199816	0.0171277	0.0426597	0.0633019	0.0461043	0.064596	0.0793179	0.0641668	0.0114467	0.149348	0.02877	0.0419019	0.0576216	0.0355694	0.0050905	0.0119711
190	0.0318451	0.00614689	0.269603	0.208045	0.0055882	0.124506	0.0178629	0.0220592	0.0373114	0.0177084	0.00498355	0.0726697	0.0328501	0.0322799	0.0209811	0.047033	0.0171016	0.0114773	0.00122093	0.0187275
191	0.0302534	0.00460314	0.338406	0.340122	0.00459475	0.024461	0.0123238	0.00671311	0.0318148	0.0137553	0.00280957	0.064556	0.0185398	0.0209142	0.00926262	0.0516969	0.0174089	0.00422953	0.000370931	0.00316466
192	0.0490442	0.0200997	0.173556	0.134157	0.0133089	0.0294885	0.0281148	0.0269652	0.046171	0.0571449	0.0164276	0.0734147	0.0234705	0.0421313	0.0309473	0.133652	0.0556055	0.0312752	0.00298812	0.0120378
193	0.0196669	0.0156715	0.000977485	0.00312821	0.0129602	0.00456912	0.00283353	0.412759	0.00691234	0.0398995	0.0237289	0.00629121	0.00249961	0.00136328	0.00472626	0.0154619	0.0327765	0.390145	0.00191281	0.00171623
194	0.0133639	0.00172102	0.363206	0.43309	0.00632777	0.00925306	0.00723742	0.00393204	0.0268086	0.0130045	0.00150347	0.0457161	0.0134423	0.00886558	0.00701869	0.0373859	0.0031569	0.00184735	0.000420049	0.00269911
195	0.107373	0.280174	0.011082	0.0113077	0.0156053	0.0316827	0.00960686	0.0208558	0.0218103	0.0219424	0.00859224	0.0320747	0.00967882	0.0143624	0.0132943	0.21775	0.0797822	0.0537774	0.0246943	0.0145531
