307	20
1	0.0398922	0.00660884	0.0014283	0.00162532	0.021955	0.00265324	0.00219443	0.305739	0.00656224	0.186723	0.0556497	0.00301615	0.00547113	0.00711667	0.00779982	0.00800366	0.0230688	0.301656	0.00764943	0.00518729
2	0.0490881	0.0103435	0.0296353	0.113478	0.00626201	0.0251003	0.050782	0.0130723	0.225854	0.008185	0.0123954	0.0551613	0.00390001	0.0610895	0.244321	0.0344542	0.0251828	0.00885259	0.00808516	0.0147576
3	0.108583	0.00466097	0.142211	0.207152	0.000834661	0.0482206	0.0340603	0.00542049	0.0887979	0.0255353	0.0121829	0.0471263	0.000944317	0.0869752	0.07757	0.0527943	0.0256533	0.0294991	0.000651924	0.00112608
4	0.0143369	0.00758473	0.00137594	0.00160404	0.107121	0.00114656	0.00388518	0.131885	0.00171276	0.487024	0.1123	0.00100544	0.00155707	0.00185804	0.00701629	0.00318592	0.0109028	0.0928058	0.00045643	0.011236
5	0.038235	0.00416881	0.0394842	0.205195	0.00193692	0.0100319	0.0618759	0.0207577	0.133522	0.0550512	0.00790505	0.0287946	0.00174261	0.164161	0.10262	0.0324829	0.054263	0.0313018	0.00377328	0.002698
6	0.020853	0.112248	0.0217315	0.00914164	0.244244	0.0209892	0.00798709	0.0163101	0.00921615	0.214981	0.0216482	0.00842355	0.00627909	0.00937155	0.0131528	0.145242	0.0431777	0.0173655	0.0239241	0.0337137
7	0.324853	0.0109413	0.0596699	0.0811188	0.00382761	0.064541	0.00995507	0.0117671	0.0593995	0.0125175	0.00486825	0.0110002	0.00250791	0.0204581	0.0387136	0.145701	0.0553726	0.0634612	0.0138729	0.00545357
8	0.316194	0.00218955	0.0156229	0.0139744	0.00496375	0.0118936	0.00206346	0.041488	0.0195987	0.0478675	0.0845948	0.0105137	0.0311365	0.00924689	0.00351766	0.0304238	0.196326	0.1494	0.000729161	0.0082543
9	0.0235526	0.0184734	0.06307	0.00569069	0.00698941	0.00741416	0.00454141	0.00845606	0.0105495	0.00908077	0.0040016	0.0354356	0.114168	0.00696536	0.0219842	0.419587	0.22522	0.00971441	0.00126788	0.00383767
10	0.204972	0.00359761	0.0229478	0.0101891	0.00513288	0.0225415	0.00573982	0.0372797	0.0414866	0.0748214	0.0484995	0.0071544	0.0750792	0.00907841	0.00754018	0.0423908	0.18484	0.162105	0.00169169	0.0329117
11	0.0215155	0.00830689	0.00849185	0.0107341	0.0321715	0.00949417	0.00866273	0.0133629	0.163131	0.248634	0.0572539	0.00794883	0.00425609	0.036336	0.122906	0.0774548	0.088802	0.0446235	0.00274648	0.0331675
12	0.0129917	0.00575334	0.00188065	0.00236415	0.0516091	0.00292482	0.00268265	0.131599	0.00272713	0.432579	0.227115	0.00178922	0.00512352	0.00528669	0.00832973	0.00489046	0.0124899	0.0814674	0.00137079	0.00502631
13	0.0555496	0.00807425	0.0460178	0.128088	0.00597278	0.0217068	0.0498733	0.0169205	0.184307	0.0253367	0.0113893	0.0485727	0.00392305	0.0893959	0.163264	0.0418355	0.0330434	0.0258434	0.0302123	0.0106745
14	0.109617	0.00466051	0.137293	0.2063	0.000825967	0.0494923	0.0339409	0.00579032	0.089902	0.0261958	0.0125809	0.0451647	0.000604744	0.0881429	0.0795442	0.0531276	0.0258131	0.0295295	0.000644295	0.000831096
15	0.0373787	0.00752284	0.000555143	0.000953017	0.0239874	0.00265777	0.00257105	0.355376	0.00600916	0.178399	0.0523122	0.00272023	0.00633607	0.00464104	0.00483442	0.00816722	0.0313909	0.267353	0.0036128	0.00322221
16	0.129078	0.0186399	0.0258582	0.061768	0.0152147	0.0254751	0.0157223	0.0827696	0.0606657	0.0443534	0.0322654	0.0128282	0.00790251	0.0246144	0.0767405	0.124351	0.0682172	0.155784	0.0051619	0.0125896
17	0.0706011	0.00277643	0.14923	0.148037	0.0006946	0.033768	0.0436625	0.00337974	0.0778655	0.0109212	0.00174529	0.148249	0.0159359	0.0781625	0.037123	0.0978871	0.0440407	0.0197711	0.00237219	0.0137767
18	0.0720493	0.00284242	0.148352	0.148939	0.000733495	0.0348754	0.0448848	0.00338444	0.0782503	0.0114231	0.00152497	0.147339	0.0166333	0.0747867	0.0371281	0.0992823	0.0423014	0.0181052	0.00231667	0.0148485
19	0.0118857	0.00580452	0.000954313	0.00103904	0.0721933	0.00141343	0.00218041	0.135654	0.00136782	0.463315	0.189992	0.000906207	0.00234312	0.0029885	0.0073319	0.00247174	0.00830821	0.0833584	0.000349573	0.00614279
20	0.131902	0.0127819	0.060387	0.0984431	0.0104936	0.0369369	0.0413733	0.0540396	0.0581069	0.0315113	0.00884565	0.0285383	0.00823133	0.0379912	0.0437882	0.0988005	0.0955857	0.102869	0.0125634	0.0268115
21	0.0719124	0.00425478	0.15787	0.26881	0.00129174	0.0346505	0.0316832	0.00506708	0.0662924	0.0216984	0.00802673	0.0721354	0.00664425	0.0833273	0.0503435	0.0607635	0.027503	0.0210233	0.00129835	0.00540402
22	0.0579163	0.0171912	0.00583642	0.00504252	0.0930512	0.00456934	0.0164324	0.136183	0.00544385	0.339133	0.0938851	0.00344955	0.00418039	0.00798626	0.0121659	0.019508	0.0166333	0.11328	0.00400669	0.0441066
23	0.051351	0.00948248	0.0313698	0.121559	0.00710212	0.0273484	0.0523281	0.0166428	0.21741	0.0114941	0.0134173	0.0564196	0.0042114	0.0650183	0.202508	0.0383647	0.0313718	0.015727	0.010455	0.0164195
24	0.0852425	0.0172305	0.065331	0.130566	0.015756	0.0204387	0.0299706	0.0679605	0.086981	0.0576462	0.015844	0.0236723	0.0174593	0.052352	0.0677336	0.0806412	0.0567914	0.0829395	0.00751243	0.0179309
25	0.190677	0.013826	0.00911231	0.0104138	0.04451	0.428889	0.0083395	0.0119612	0.00925678	0.0250271	0.0076868	0.0130134	0.0039188	0.0077572	0.0114629	0.135586	0.0331638	0.0239118	0.00380967	0.00767684
26	0.0288211	0.0104394	0.00713141	0.00843444	0.0703781	0.00467582	0.00692905	0.135094	0.00676445	0.415634	0.115247	0.00399687	0.00856364	0.00898885	0.0148921	0.0141156	0.0165298	0.108318	0.00266894	0.0123782
27	0.113599	0.00530366	0.133077	0.1998	0.00104664	0.0512153	0.0332725	0.00670043	0.0872703	0.0259073	0.0121088	0.0465688	0.000862805	0.0842076	0.077815	0.0564672	0.0288872	0.0330782	0.00128991	0.00152149
28	0.0136211	0.00553062	0.000902646	0.0010897	0.0697703	0.00111581	0.00203279	0.141542	0.00126574	0.464868	0.151787	0.00114817	0.00190265	0.00245734	0.00708671	0.00241231	0.00694852	0.117061	0.000993872	0.00646284
29	0.0162118	0.0041295	0.0156599	0.062216	0.00497172	0.0382824	0.00994559	0.0192793	0.314345	0.0345194	0.0236441	0.052736	0.0370284	0.050547	0.216875	0.0131623	0.0269466	0.0345745	0.0020224	0.0229027
30	0.0322611	0.00727416	0.00846008	0.0115209	0.0289815	0.00849001	0.00624628	0.11747	0.0115483	0.288524	0.282751	0.0061045	0.00810016	0.0122874	0.0156559	0.0170349	0.0383631	0.0886195	0.00229933	0.00800888
31	0.0380667	0.0090163	0.000889476	0.00137639	0.0207104	0.00304684	0.00327823	0.372784	0.00620911	0.189373	0.0398732	0.0025852	0.0110161	0.00450625	0.00404148	0.0105998	0.0347591	0.242638	0.00256781	0.00266288
32	0.0234246	0.00683625	0.0373955	0.0133712	0.0105936	0.00961444	0.0402103	0.157969	0.0111548	0.178256	0.0219863	0.0321858	0.204777	0.0160145	0.0157542	0.0229515	0.0192838	0.168293	0.00460258	0.00532558
33	0.0144012	0.00751404	0.0165098	0.00588745	0.0151574	0.00435596	0.00380019	0.0124386	0.0110276	0.011098	0.00499743	0.0142273	0.0216045	0.00742876	0.00927719	0.353312	0.470984	0.0117083	0.00111177	0.00315821
34	0.00695208	0.0239853	0.00127004	0.00511904	0.42004	0.00134274	0.0299742	0.0393546	0.00155805	0.0389728	0.00136779	0.0084971	0.00334438	0.00147733	0.00481343	0.0140357	0.00512891	0.0107419	0.00442634	0.377598
35	0.0554816	0.0119175	0.00297635	0.00128408	0.0139121	0.00337322	0.00193567	0.315874	0.00441933	0.10487	0.0325449	0.00153466	0.00504323	0.00410277	0.00336269	0.00877751	0.0309843	0.394315	0.00129555	0.00199487
36	0.0759358	0.00311355	0.135836	0.141816	0.00133464	0.033756	0.0611089	0.00673018	0.0667049	0.0116409	0.00186003	0.136121	0.0145747	0.071126	0.0396611	0.0972008	0.0553859	0.0199573	0.00389533	0.0222405
37	0.0620668	0.0120449	0.0733772	0.0949723	0.00130753	0.0226495	0.0461382	0.00853892	0.18171	0.0153624	0.00303076	0.0854928	0.0175887	0.057948	0.0627011	0.169867	0.0673759	0.0108979	0.00270822	0.00422214
38	0.031157	0.00834382	0.00271249	0.00343373	0.0699061	0.00267065	0.00694996	0.178214	0.00354408	0.391096	0.100168	0.00186651	0.00453024	0.00481709	0.0130784	0.00796557	0.0155858	0.140213	0.00281928	0.010929
39	0.0657654	0.0028341	0.1464	0.143326	0.000741172	0.0346743	0.0452667	0.0033755	0.0802325	0.0101296	0.00101792	0.154648	0.017317	0.073848	0.0361534	0.105365	0.0454517	0.0165059	0.00233368	0.0146153
40	0.0753164	0.00576091	0.16035	0.372342	0.00266028	0.0344605	0.021889	0.00868626	0.0485602	0.0184476	0.0110918	0.0366386	0.00321627	0.0570437	0.045024	0.0446001	0.0231007	0.0246218	0.00185866	0.00433063
41	0.0310312	0.00344452	0.0376592	0.210871	0.00211771	0.0124053	0.0572549	0.0178585	0.160062	0.0399351	0.00867956	0.031153	0.00166413	0.150617	0.112835	0.0301461	0.06147	0.0229678	0.00408551	0.00374314
42	0.0775311	0.00651131	0.00554827	0.00872984	0.00534012	0.762218	0.00290719	0.00389845	0.00450185	0.0050403	0.00168425	0.00819032	0.000976205	0.00481587	0.00889754	0.0708245	0.0077494	0.0115344	0.000696063	0.002405
43	0.0324005	0.00527058	0.0325584	0.0473055	0.0755806	0.00973117	0.00702469	0.0958507	0.0278064	0.190757	0.0521775	0.00799482	0.0163709	0.0115125	0.018367	0.0652225	0.125742	0.169449	0.00405262	0.00482556
44	0.00695208	0.0239853	0.00127004	0.00511904	0.42004	0.00134274	0.0299742	0.0393546	0.00155805	0.0389728	0.00136779	0.0084971	0.00334438	0.00147733	0.00481343	0.0140357	0.00512891	0.0107419	0.00442634	0.377598
45	0.00904408	0.0231021	0.00211189	0.0051076	0.379258	0.00196027	0.0274157	0.0481669	0.00253155	0.0898559	0.0109752	0.00752565	0.00323452	0.00223884	0.00593732	0.0154345	0.00684848	0.019433	0.00437355	0.335445
46	0.341621	0.00577833	0.00257519	0.00422283	0.01035	0.312235	0.00522454	0.00722094	0.00589951	0.0106254	0.00272755	0.00540608	0.0032103	0.00610666	0.00535312	0.211286	0.0350411	0.0224492	0.000819882	0.00184697
47	0.0437554	0.00927298	0.00186777	0.0013888	0.0230862	0.00305853	0.00229661	0.315526	0.00500677	0.177906	0.0460297	0.00214617	0.00638979	0.00463746	0.0048879	0.00885869	0.027781	0.30951	0.00312162	0.00347334
48	0.0399405	0.0117558	0.160359	0.0787778	0.0217522	0.0303585	0.152815	0.0210966	0.0536256	0.0301507	0.0112952	0.114768	0.00725176	0.0367777	0.0326492	0.0936071	0.040874	0.0313422	0.00221564	0.028588
49	0.0141099	0.00690376	0.00139468	0.00149066	0.0849169	0.00119709	0.00294229	0.13814	0.00140737	0.481213	0.140242	0.000959072	0.00188016	0.00223834	0.00733255	0.00297164	0.00864562	0.0931232	0.000522338	0.00837001
50	0.0517952	0.0145406	0.0319602	0.0721708	0.00638199	0.103051	0.0303291	0.0174328	0.133998	0.0253826	0.0111276	0.0359968	0.00823605	0.0706176	0.264581	0.0505974	0.0312969	0.022549	0.00524016	0.012716
51	0.0834724	0.00528503	0.00240489	0.00645313	0.00602222	0.761088	0.00201004	0.00374481	0.00288091	0.00415727	0.00157818	0.00649682	0.00135209	0.00362102	0.006455	0.0803919	0.00885864	0.0117943	0.000556402	0.00137667
52	0.0669482	0.0144088	0.0217092	0.023829	0.0125307	0.0216286	0.013211	0.0343387	0.0691833	0.0200445	0.00806247	0.0361395	0.0288176	0.0162422	0.0306492	0.24403	0.289435	0.0397494	0.0035063	0.00553631
53	0.0358499	0.010983	0.115593	0.0760551	0.0225811	0.0391913	0.150081	0.0315769	0.0487973	0.0236517	0.0083949	0.137024	0.00804629	0.0304749	0.0380974	0.105551	0.041541	0.0282477	0.00255823	0.0457045
54	0.0188709	0.0669249	0.0104239	0.00644745	0.213864	0.0109529	0.0090091	0.0654152	0.00547829	0.308842	0.057706	0.00523618	0.00407727	0.00582293	0.0113146	0.0629333	0.0241533	0.0477792	0.0121873	0.0525608
55	0.0438131	0.0214366	0.0184407	0.0445104	0.0152501	0.0248808	0.0241232	0.0365039	0.0940482	0.106427	0.020529	0.0259722	0.0101474	0.0460995	0.324483	0.0463969	0.0339243	0.0405226	0.00686213	0.0156296
56	0.0594031	0.0114137	0.0036205	0.00187581	0.0163101	0.00352409	0.00196216	0.295977	0.00400806	0.0975337	0.0380305	0.00164095	0.00498281	0.00410061	0.00359889	0.00961402	0.0308317	0.40765	0.00139903	0.00252368
57	0.0140389	0.0100791	0.00115231	0.0014353	0.0722345	0.00167772	0.00248395	0.14662	0.00160735	0.465391	0.151195	0.00105265	0.00202232	0.00294572	0.00912601	0.00296883	0.00880711	0.0977727	0.000620517	0.00676826
58	0.0349071	0.0205579	0.0134756	0.0652325	0.00367591	0.0206422	0.0289683	0.0162086	0.167888	0.0182118	0.00661921	0.0255093	0.00468446	0.05758	0.438147	0.040464	0.0137887	0.00744876	0.00399363	0.0119974
59	0.0906215	0.0147847	0.0056968	0.00584188	0.0101264	0.0147383	0.00294266	0.250112	0.00729768	0.0788057	0.0252496	0.00268207	0.00676623	0.00624649	0.00891323	0.0403157	0.030052	0.392951	0.00159839	0.00425748
60	0.055306	0.00589584	0.0222599	0.154756	0.00326669	0.00642284	0.133382	0.013024	0.0712793	0.0728237	0.00548157	0.0389067	0.00231539	0.182933	0.116109	0.0337758	0.0561019	0.0188191	0.00245819	0.00468345
61	0.0153197	0.00851478	0.00107401	0.00132336	0.0878283	0.00124771	0.00300873	0.141969	0.00160573	0.476937	0.127371	0.000963562	0.00204713	0.00231546	0.00734072	0.00313617	0.00966011	0.0989827	0.000760342	0.00859468
62	0.101238	0.00391384	0.140029	0.184607	0.00103974	0.0811172	0.0352837	0.00554319	0.0829769	0.0240519	0.00974919	0.0626699	0.00258762	0.0798141	0.0711176	0.0588344	0.0257785	0.0255232	0.00128615	0.00283921
63	0.056776	0.0036836	0.291922	0.114558	0.00199916	0.202876	0.0166293	0.00469015	0.0371574	0.0121863	0.00381503	0.0937951	0.00392603	0.0341216	0.0303089	0.055235	0.0202266	0.0112059	0.00115274	0.00373424
64	0.093992	0.0190187	0.0374756	0.045942	0.0476352	0.00847282	0.0765858	0.123344	0.0289038	0.119424	0.0195253	0.0110174	0.0102367	0.0386901	0.0538849	0.0455884	0.0250737	0.128616	0.00699045	0.0595835
65	0.17741	0.00499621	0.0149722	0.0182968	0.00228878	0.0410702	0.00856474	0.0183026	0.0592165	0.0214961	0.00266227	0.00992265	0.226706	0.0108998	0.0444406	0.183275	0.113543	0.0265326	0.000914325	0.0144898
66	0.0374583	0.00813596	0.000683623	0.00111967	0.027244	0.00265481	0.00267125	0.341315	0.00588738	0.194117	0.0544294	0.0025519	0.00627035	0.00441466	0.00490872	0.00822979	0.0319402	0.259339	0.00336026	0.0032685
67	0.169063	0.00700493	0.0174363	0.0199536	0.00393214	0.038698	0.00949913	0.0205676	0.0599526	0.0219488	0.00364566	0.0123503	0.206989	0.0121639	0.0418983	0.192748	0.117549	0.0291349	0.00150962	0.013956
68	0.0612437	0.00644256	0.121747	0.12747	0.00099591	0.0264476	0.0526236	0.00454096	0.117404	0.0123017	0.00189844	0.106957	0.0222796	0.0858638	0.0527226	0.124586	0.0519156	0.0119945	0.00175552	0.0088106
69	0.0674249	0.00268251	0.149736	0.145631	0.000712879	0.033548	0.0453594	0.00309246	0.07933	0.0103618	0.000966882	0.15387	0.0178082	0.07494	0.0349336	0.102216	0.0427836	0.0170672	0.00234356	0.0151913
70	0.0283829	0.00526117	0.00101442	0.00121974	0.0452358	0.0016818	0.00217467	0.245236	0.00392395	0.297306	0.0826435	0.00242062	0.00353248	0.0039444	0.00644219	0.00556239	0.0157097	0.236003	0.00462741	0.0076782
71	0.0207287	0.00899503	0.00241279	0.00274759	0.0881552	0.00213478	0.00520205	0.146569	0.00245251	0.446637	0.117108	0.0018487	0.00388817	0.00394582	0.00904615	0.00716132	0.0133824	0.104715	0.00133872	0.011531
72	0.0149306	0.0452352	0.00719097	0.00734567	0.359342	0.00604711	0.0254331	0.048442	0.00494892	0.0921958	0.0103609	0.00866687	0.00396155	0.00428703	0.00939639	0.0353772	0.0201502	0.0203009	0.00773274	0.268655
73	0.0178677	0.00223073	0.458924	0.0912519	0.00232286	0.224014	0.00339833	0.00391947	0.0104107	0.00598547	0.0025098	0.0979686	0.00183596	0.00884389	0.0144436	0.0303696	0.0150824	0.00550131	0.00110745	0.00201212
74	0.00695208	0.0239853	0.00127004	0.00511904	0.42004	0.00134274	0.0299742	0.0393546	0.00155805	0.0389728	0.00136779	0.0084971	0.00334438	0.00147733	0.00481343	0.0140357	0.00512891	0.0107419	0.00442634	0.377598
75	0.0340487	0.00733587	0.000640434	0.000979294	0.0328371	0.00236332	0.00262285	0.325262	0.00509608	0.219058	0.0619168	0.00241604	0.00546214	0.00421856	0.00499194	0.00744194	0.0284099	0.247945	0.00315737	0.00379738
76	0.377654	0.0143122	0.0110524	0.0156834	0.0101861	0.0442897	0.00588208	0.0358001	0.0162396	0.0324302	0.0319434	0.00899925	0.0116189	0.0105574	0.0103901	0.129987	0.116013	0.108894	0.00160153	0.00646504
77	0.0977291	0.0217749	0.0687135	0.100073	0.0228147	0.0269471	0.0127842	0.0638737	0.0438824	0.0748947	0.0190892	0.0150143	0.0110262	0.0329312	0.0355202	0.149562	0.0991755	0.0921278	0.00381514	0.0082518
78	0.135285	0.0392183	0.0161814	0.0738065	0.00523353	0.054397	0.0177127	0.0352102	0.0877181	0.0202534	0.010333	0.0341233	0.0031496	0.0256454	0.0760487	0.116345	0.140943	0.093245	0.0098027	0.00534746
79	0.0308464	0.0067595	0.00100486	0.00124309	0.0306419	0.00229082	0.00219757	0.29257	0.00467746	0.247345	0.0910794	0.00237509	0.00579036	0.00622988	0.00590372	0.00694541	0.0232411	0.231706	0.00338829	0.00376441
80	0.206268	0.0110084	0.0517462	0.0900164	0.00262256	0.0903633	0.0115911	0.00984931	0.124558	0.0104924	0.00451952	0.0250298	0.00247156	0.0482458	0.0306863	0.142978	0.0587945	0.0693017	0.00548771	0.00396953
81	0.0673638	0.00267311	0.149824	0.145983	0.000712815	0.0333269	0.0456887	0.00311269	0.0800641	0.0103098	0.00104766	0.152898	0.0174257	0.0752485	0.0354626	0.101667	0.0427825	0.0170744	0.00236431	0.0149703
82	0.0384176	0.0123461	0.00544351	0.00681076	0.105434	0.00479619	0.00908041	0.207681	0.00843207	0.2274	0.0697783	0.00477706	0.00483204	0.00636481	0.0105734	0.0181777	0.0412179	0.17017	0.00326832	0.0449991
83	0.0651843	0.0134766	0.00576611	0.00186942	0.00758464	0.00368816	0.000553024	0.258093	0.00127066	0.0411296	0.0285626	0.000664031	0.00389401	0.00389066	0.00299214	0.00877263	0.0157528	0.534136	0.000461608	0.00225769
84	0.00884107	0.00332192	0.0154429	0.0351466	0.00366802	0.0553939	0.00360232	0.0202929	0.36768	0.0486979	0.0209411	0.0423331	0.0372065	0.0329197	0.198024	0.00875975	0.0318931	0.0496436	0.00141342	0.0147776
85	0.0680365	0.00321828	0.148798	0.14658	0.00113738	0.0328638	0.0454492	0.00454691	0.0783501	0.0119391	0.00133374	0.149459	0.0183274	0.0747219	0.0352928	0.100967	0.0427358	0.0184191	0.00237355	0.0154515
86	0.0357951	0.00898901	0.00107963	0.00163555	0.0262996	0.003188	0.0034285	0.353329	0.00586189	0.21798	0.0458801	0.0026252	0.00974826	0.00445146	0.0046194	0.0121957	0.0325645	0.224645	0.00232947	0.00335557
87	0.0919886	0.00609691	0.005327	0.0075692	0.00568904	0.750747	0.0022604	0.00442779	0.00325493	0.00516971	0.0016759	0.00720864	0.00103071	0.00378769	0.00769012	0.0722717	0.00876275	0.013066	0.000673219	0.00130309
88	0.0189933	0.0720482	0.0122836	0.00823069	0.305739	0.0117993	0.0173224	0.0395515	0.00675275	0.165079	0.0218726	0.00792487	0.00498841	0.00654726	0.0119811	0.0695636	0.0250723	0.0265353	0.013598	0.154117
89	0.114394	0.0348908	0.0087995	0.0145204	0.0175438	0.0169342	0.00888616	0.204392	0.0236255	0.0824296	0.0293883	0.0148162	0.00781439	0.0113836	0.020531	0.0714087	0.142123	0.165175	0.00385432	0.00708904
90	0.0222392	0.0129194	0.00361319	0.00441626	0.11897	0.00338702	0.00668906	0.148379	0.00437184	0.381833	0.0887288	0.002758	0.00336421	0.00406307	0.00821837	0.0143406	0.0186204	0.120711	0.00272956	0.0296473
91	0.0611434	0.0187996	0.0320964	0.0189784	0.0159211	0.0175019	0.0103267	0.0221744	0.0238271	0.0240999	0.0104644	0.0320289	0.0394577	0.0134361	0.0210748	0.33694	0.265509	0.0276119	0.00304699	0.00556161
92	0.0205748	0.0428895	0.00864097	0.0110926	0.317435	0.00817642	0.0332935	0.0348583	0.0114285	0.0432139	0.00904274	0.0139981	0.0220768	0.0101756	0.0424517	0.0407261	0.0137666	0.0172377	0.00607801	0.292843
93	0.18844	0.00808229	0.0166605	0.0159453	0.0049904	0.035867	0.0115787	0.0237519	0.0505813	0.0319819	0.0097361	0.00973899	0.190089	0.0142079	0.0348483	0.160578	0.120872	0.0426356	0.0016442	0.0277712
94	0.0671933	0.0142031	0.00592594	0.00192979	0.00702016	0.00385848	0.000541929	0.256113	0.00130837	0.0373255	0.0276587	0.000628246	0.0040043	0.00385667	0.0029024	0.00895975	0.015613	0.538427	0.000341884	0.00218812
95	0.0505771	0.00848974	0.0335309	0.120488	0.00628123	0.023826	0.0565616	0.0127347	0.229542	0.0100259	0.0132133	0.0605223	0.00360136	0.0641255	0.199662	0.04321	0.029578	0.00990815	0.0102211	0.0139012
96	0.0432631	0.0114347	0.0358605	0.156661	0.011744	0.0135895	0.127355	0.0126502	0.0630437	0.0389948	0.0129366	0.0331492	0.00400568	0.231466	0.0739795	0.0519541	0.0373842	0.0194836	0.00332545	0.0177193
97	0.0614166	0.00923702	0.0100526	0.0368458	0.0252405	0.00748149	0.00481909	0.0615438	0.013983	0.104178	0.0301651	0.0347127	0.0176382	0.0208809	0.0211678	0.222739	0.246186	0.0667128	0.00120183	0.00379706
98	0.25945	0.0359384	0.0243137	0.0299855	0.00813363	0.0838499	0.0117154	0.0178338	0.0649584	0.0319602	0.00860167	0.0325484	0.00462653	0.0157728	0.03805	0.211245	0.0566264	0.0557966	0.00330436	0.00528858
99	0.0394958	0.00923328	0.000696674	0.00117228	0.01942	0.00306058	0.00307902	0.381663	0.00641864	0.175256	0.0375902	0.00248302	0.0101826	0.00458356	0.00395388	0.0105545	0.0359904	0.250063	0.00271114	0.00239183
100	0.16439	0.0309018	0.0730091	0.0204185	0.0103148	0.0607246	0.0166573	0.00342357	0.0561798	0.0200431	0.00259102	0.151092	0.00140863	0.00260028	0.0234837	0.310705	0.0436366	0.0058142	0.000866967	0.00173892
101	0.109152	0.0326896	0.0228804	0.080001	0.00342946	0.0608436	0.0255606	0.0243524	0.10603	0.0187295	0.00977202	0.0385205	0.00496796	0.0345861	0.0916881	0.120965	0.122706	0.0748732	0.0132602	0.00499147
102	0.117496	0.011829	0.0457844	0.0829834	0.00927983	0.264125	0.0198703	0.035877	0.0500435	0.0224787	0.00907797	0.030137	0.00971729	0.0478678	0.0422705	0.0953012	0.0480413	0.0452538	0.00488599	0.00768022
103	0.0502839	0.00918053	0.00538835	0.00690918	0.0236278	0.00587333	0.0188065	0.102964	0.0872161	0.0166819	0.00559278	0.0864234	0.00396857	0.0061316	0.0230572	0.184633	0.279554	0.078322	0.00172646	0.00365888
104	0.0747883	0.0127525	0.00914559	0.0128357	0.0227036	0.00892721	0.0065436	0.278136	0.0139813	0.1468	0.032919	0.00646627	0.00935741	0.00892541	0.0110585	0.0471404	0.0714615	0.219762	0.00237106	0.00392454
105	0.0352569	0.0063328	0.000588199	0.00098147	0.0246733	0.00238775	0.00220723	0.34109	0.00585929	0.18093	0.0610053	0.00328166	0.005846	0.00497924	0.00546813	0.0080898	0.0278297	0.274572	0.00460885	0.00401353
106	0.0609737	0.00715655	0.0552578	0.121609	0.00504419	0.0252422	0.0631616	0.0104613	0.185446	0.0145532	0.0112788	0.0663833	0.00464058	0.0782212	0.181192	0.0438168	0.0350767	0.011366	0.00754559	0.0115742
107	0.0582397	0.0239096	0.0307934	0.0635284	0.0169747	0.0335811	0.0343093	0.0358794	0.100785	0.0485837	0.0199566	0.0343717	0.00878238	0.0466603	0.190628	0.0612074	0.0480473	0.0489026	0.0739919	0.0208679
108	0.0633884	0.0155967	0.0575551	0.0595833	0.012655	0.029621	0.0273029	0.0339823	0.0566542	0.0245811	0.0115276	0.138302	0.0132063	0.0377659	0.0402227	0.137687	0.185371	0.0399466	0.00361459	0.0114371
109	0.0343564	0.00993726	0.0238365	0.07775	0.00678977	0.0306809	0.0281655	0.0187596	0.260853	0.0292358	0.0172548	0.0434978	0.0161385	0.0553943	0.232796	0.0338508	0.0311879	0.0262676	0.00569772	0.0175498
110	0.12198	0.019789	0.0933897	0.0472527	0.00622147	0.156797	0.0187157	0.0053782	0.0490745	0.0168582	0.00296166	0.127857	0.00364394	0.015679	0.0339699	0.232633	0.0326487	0.00914864	0.00106684	0.00493523
111	0.013485	0.0414047	0.0093467	0.00671674	0.36322	0.00754685	0.0265478	0.0357366	0.00496916	0.0810767	0.0084391	0.00927835	0.00411432	0.00388478	0.0103707	0.0487347	0.0126678	0.0148873	0.00989793	0.287675
112	0.169139	0.0321155	0.0704992	0.0227856	0.00932755	0.059601	0.0153723	0.00333447	0.0585699	0.0215123	0.00252151	0.148175	0.00154017	0.00271836	0.0222341	0.309868	0.042014	0.00615331	0.000850574	0.00166803
113	0.072314	0.0155402	0.00651063	0.00204351	0.00728675	0.00396575	0.000748248	0.255354	0.00191365	0.041158	0.0266807	0.000774389	0.00412832	0.00397378	0.00295709	0.0103019	0.01945	0.522319	0.000370606	0.00220995
114	0.0668759	0.00268246	0.148781	0.145749	0.000703666	0.034799	0.0444413	0.0031801	0.0808881	0.0102607	0.00104625	0.153007	0.0182143	0.0738277	0.0345983	0.102915	0.0428358	0.0181819	0.00231172	0.0147011
115	0.0177903	0.00225075	0.459405	0.0921635	0.00239946	0.224016	0.00314155	0.00389216	0.0105023	0.00597419	0.00242821	0.0975269	0.00183787	0.0089655	0.0144367	0.0299567	0.014869	0.00547513	0.00105042	0.00191827
116	0.330044	0.00204445	0.0154045	0.0141235	0.00481535	0.01155	0.00161833	0.0383548	0.0194943	0.037128	0.0903773	0.0110824	0.0290238	0.00908888	0.00304535	0.0290046	0.199402	0.1464	0.000609529	0.00738962
117	0.0695275	0.0125971	0.00539184	0.00473105	0.00972517	0.0044427	0.00161625	0.285717	0.00290978	0.0625505	0.0280441	0.00168135	0.00812358	0.00664938	0.00348811	0.0114891	0.0192669	0.458846	0.000744742	0.00245742
118	0.0977093	0.00543202	0.123855	0.194133	0.00184198	0.0773029	0.0403812	0.00835195	0.0875356	0.030035	0.0108954	0.0467037	0.00197123	0.0788071	0.0829375	0.05272	0.0275939	0.0264456	0.00181613	0.00353182
119	0.0447594	0.00732378	0.0273853	0.121275	0.00786724	0.0229475	0.0438041	0.0151176	0.246207	0.0105541	0.0175668	0.0570453	0.00668908	0.0680632	0.210185	0.0302746	0.0253752	0.0124023	0.00760641	0.017551
120	0.0764457	0.00365963	0.237691	0.164555	0.00104157	0.0862363	0.0274424	0.00415434	0.0697291	0.0159104	0.00650662	0.0860578	0.00545725	0.0596339	0.0475979	0.0572212	0.0254024	0.0190857	0.00106699	0.00510432
121	0.051812	0.0105362	0.00281373	0.00151773	0.0156993	0.0030261	0.00161818	0.31925	0.00369836	0.102997	0.038454	0.00160879	0.00660129	0.00431817	0.00337	0.00794117	0.0248772	0.395979	0.00155622	0.002326
122	0.257823	0.0326616	0.00764731	0.0118402	0.0111326	0.0265065	0.00672138	0.0907121	0.0140155	0.0544921	0.0152278	0.00756436	0.0180527	0.00915835	0.0146721	0.149638	0.0505384	0.210547	0.00281158	0.0082375
123	0.18829	0.00895439	0.0604939	0.0969283	0.00201763	0.0797842	0.0163429	0.00660322	0.133607	0.0105813	0.00433389	0.0417721	0.00419296	0.0555674	0.033725	0.143704	0.0512989	0.0541961	0.00408411	0.00352237
124	0.132982	0.0413424	0.103994	0.191925	0.00591744	0.04501	0.0218339	0.0121522	0.0689414	0.0924885	0.0118043	0.0431088	0.0038932	0.0707587	0.0493848	0.0458764	0.0249556	0.0281038	0.00171433	0.00381324
125	0.0133094	0.00683715	0.000965041	0.0010097	0.0869541	0.00104543	0.00276797	0.134471	0.00117724	0.489796	0.141043	0.000868808	0.00176401	0.00207764	0.0073149	0.00249252	0.00782626	0.0898296	0.000393997	0.00805658
126	0.0554755	0.00649559	0.0661479	0.145673	0.00389556	0.0370652	0.0235978	0.0240675	0.0432504	0.0125679	0.00518469	0.208334	0.00969693	0.109666	0.0419687	0.0873057	0.0724368	0.034202	0.00306895	0.0099004
127	0.109558	0.00463366	0.136669	0.205469	0.000865164	0.0494617	0.0339374	0.00586658	0.0910628	0.0259785	0.0126076	0.0451193	0.000625749	0.0878811	0.0805261	0.0529607	0.0257901	0.029411	0.000644131	0.000933252
128	0.406069	0.0158039	0.0123222	0.0186183	0.0095032	0.137819	0.0108767	0.0115698	0.0230301	0.0192003	0.00568884	0.0101243	0.00649564	0.0220617	0.014037	0.187302	0.0461857	0.0379825	0.00166714	0.0036419
129	0.0121781	0.00639698	0.000927763	0.000965725	0.0739803	0.00109212	0.00208674	0.136898	0.00108409	0.48232	0.1631	0.000857213	0.00198111	0.0025363	0.00774249	0.00226376	0.00682743	0.0899908	0.000360088	0.0064111
130	0.108737	0.00478973	0.142345	0.20413	0.000979996	0.0478419	0.0338217	0.00564056	0.0860933	0.025091	0.0122379	0.0491256	0.001297	0.0856429	0.0745276	0.0559139	0.0276988	0.0315401	0.00090612	0.00163973
131	0.435415	0.0133077	0.00361648	0.00481913	0.00992944	0.098626	0.0070113	0.0181709	0.0139808	0.0213126	0.00775286	0.00586346	0.0364767	0.006955	0.0109067	0.179041	0.0765068	0.0446231	0.000566862	0.0051174
132	0.0654896	0.0140696	0.00562129	0.0018866	0.0073899	0.00372548	0.000609055	0.257733	0.0013161	0.039375	0.027339	0.00063952	0.00397645	0.00383431	0.00288861	0.00902595	0.0170179	0.535585	0.000365936	0.00211188
133	0.118873	0.00636533	0.00386606	0.00797178	0.00709522	0.69764	0.00266652	0.0047596	0.00505638	0.00619216	0.00213956	0.00706984	0.0012633	0.00482974	0.00763447	0.0871705	0.012391	0.0147538	0.000830727	0.00143129
134	0.120923	0.0140691	0.0544406	0.085261	0.0146225	0.0403163	0.0339333	0.0673316	0.0508661	0.0336922	0.010592	0.0300798	0.00823282	0.029785	0.0406183	0.0969732	0.114468	0.12981	0.00837929	0.0156062
135	0.0130374	0.00550244	0.00137081	0.00176969	0.0605128	0.00217425	0.00255533	0.131167	0.00154804	0.449993	0.201042	0.00127058	0.00343209	0.00357933	0.00755618	0.00335218	0.0107461	0.0928864	0.000768774	0.00573593
136	0.166297	0.0135124	0.00966644	0.0126015	0.0215912	0.0159436	0.00792754	0.155853	0.0145898	0.135587	0.0748832	0.00651859	0.0127515	0.0103695	0.0158527	0.0630891	0.0673177	0.180477	0.00388315	0.0112876
137	0.170972	0.0180348	0.0201421	0.0346347	0.0273491	0.0541381	0.0106148	0.0472523	0.0488573	0.0668833	0.047735	0.0100536	0.010097	0.0297589	0.0657361	0.107584	0.100964	0.096301	0.00560881	0.0272838
138	0.360271	0.0684619	0.00957778	0.0127287	0.0114259	0.146663	0.0512627	0.0142498	0.0161659	0.0259916	0.00895779	0.0104407	0.00690041	0.0399235	0.0437772	0.107331	0.0294934	0.0270784	0.00308303	0.00621614
139	0.0731807	0.0148738	0.0164673	0.0694681	0.0115449	0.0160791	0.0730753	0.0663618	0.110355	0.02597	0.0177151	0.0234811	0.010622	0.0410864	0.25994	0.0625751	0.0187209	0.0298702	0.00455365	0.0540596
140	0.00700268	0.0239111	0.0012658	0.00513583	0.420426	0.00136362	0.029846	0.039649	0.00155004	0.038847	0.00138918	0.00849148	0.00332056	0.00147795	0.00477617	0.0140013	0.00516316	0.0108934	0.00440758	0.377082
141	0.069801	0.0135797	0.00646299	0.00219753	0.00694206	0.00503752	0.000734613	0.259922	0.00168782	0.0399263	0.0278822	0.000848682	0.00433126	0.00474715	0.00324639	0.0110047	0.0153472	0.522769	0.000444681	0.00308645
142	0.0705386	0.0148801	0.00622355	0.00190176	0.0070405	0.0037548	0.000568484	0.25391	0.00121346	0.0373726	0.0274631	0.000648712	0.0041157	0.00378551	0.0028625	0.00946849	0.0160911	0.535699	0.000356931	0.00210455
143	0.227633	0.00447942	0.00225461	0.00533914	0.00973453	0.510751	0.00365467	0.00511845	0.00382515	0.00758078	0.001833	0.00632047	0.00217796	0.00462221	0.00545966	0.160097	0.0209188	0.0159476	0.000676468	0.0015763
144	0.0655337	0.0140461	0.00533883	0.00187816	0.00828487	0.00393744	0.000864298	0.272702	0.00198072	0.0507143	0.0277631	0.000760356	0.00450533	0.00411815	0.00292382	0.00924596	0.018162	0.504408	0.000538056	0.00229461
145	0.0665026	0.0225184	0.00788655	0.00938527	0.016901	0.00928747	0.00766251	0.284269	0.0156559	0.101186	0.0286716	0.00691025	0.00677564	0.00764488	0.0115226	0.0429429	0.0664247	0.281464	0.00236991	0.0040183
146	0.0147236	0.00742526	0.00124157	0.00142418	0.102691	0.00113263	0.00362169	0.137419	0.00174598	0.480407	0.113922	0.00100323	0.00160883	0.00193982	0.007023	0.00304864	0.0103481	0.0981354	0.000604275	0.0105354
147	0.127463	0.0148954	0.00455022	0.00801323	0.00688252	0.68228	0.00504496	0.00616883	0.00592967	0.0084251	0.003092	0.0075968	0.00158821	0.00672311	0.00944807	0.0671309	0.0143675	0.0175504	0.000910977	0.00193852
148	0.200945	0.0184422	0.0166234	0.0217135	0.0153715	0.0283891	0.0113935	0.0386266	0.027879	0.0510419	0.0704743	0.01562	0.0224156	0.018163	0.0283808	0.117788	0.169669	0.0830582	0.00349444	0.040511
149	0.0900686	0.00672258	0.0125539	0.0119701	0.00632771	0.700543	0.00442647	0.00398927	0.00799182	0.0059712	0.00207859	0.0180507	0.00197918	0.00609212	0.0099792	0.0849379	0.0111872	0.0125398	0.000569406	0.00202151
150	0.0134671	0.00920439	0.0208556	0.00516975	0.0159755	0.00469675	0.00348371	0.00918525	0.00921701	0.00844694	0.00382312	0.0151857	0.0279272	0.0069063	0.00975572	0.392342	0.431216	0.00913368	0.00110229	0.00290675
151	0.0638172	0.00981125	0.141843	0.103001	0.00685692	0.0461643	0.0429919	0.0142322	0.0614586	0.0192951	0.00557146	0.148037	0.0162778	0.050218	0.0360417	0.122717	0.0716046	0.0235482	0.00279687	0.0137151
152	0.445731	0.0157788	0.00522991	0.00649605	0.0124319	0.146488	0.00873144	0.0178042	0.00880496	0.0323121	0.0104589	0.0070658	0.00597419	0.00898072	0.00970184	0.157157	0.0522149	0.0435371	0.0013661	0.00373577
153	0.39469	0.0726618	0.00999963	0.0131685	0.0131728	0.0684258	0.0146255	0.0214626	0.0168563	0.0302999	0.0106434	0.0150132	0.0076368	0.013858	0.0160595	0.164914	0.0558576	0.051481	0.00234	0.00683367
154	0.00730574	0.0246879	0.00156102	0.0054886	0.4152	0.00164341	0.0301786	0.0394364	0.0018518	0.0406904	0.00190997	0.00854668	0.00345533	0.00220154	0.00557193	0.0154223	0.00553152	0.01121	0.00474495	0.373362
155	0.034509	0.00631802	0.00172454	0.00195626	0.0261243	0.00301183	0.00285455	0.30707	0.0103606	0.197371	0.0556015	0.00388868	0.00533109	0.00662693	0.00880312	0.00872825	0.0235679	0.275492	0.0126568	0.0080026
156	0.0292293	0.00328344	0.181914	0.515893	0.00242102	0.0208712	0.0153365	0.00493188	0.0280125	0.0125653	0.0105558	0.0271686	0.0033149	0.0548306	0.0276922	0.0263987	0.0145069	0.0166921	0.00117468	0.00320754
157	0.0575587	0.00874256	0.116151	0.113634	0.00109071	0.02365	0.053089	0.00480255	0.125547	0.0120556	0.00142675	0.10642	0.0244326	0.0804869	0.0548627	0.140884	0.0549949	0.0101476	0.00168017	0.00834237
158	0.335843	0.00257379	0.0168411	0.0162979	0.00569683	0.0100788	0.00165568	0.0392311	0.0173273	0.0319254	0.087198	0.0133514	0.0214852	0.0101618	0.00323813	0.03585	0.203254	0.141999	0.000590725	0.00540066
159	0.072347	0.00282655	0.150641	0.144754	0.000867341	0.0329654	0.0489492	0.00400959	0.0733233	0.0102332	0.00141281	0.142901	0.0158546	0.0772362	0.0338937	0.106208	0.0457335	0.0172838	0.00406613	0.0144935
160	0.266018	0.0254011	0.0272362	0.068732	0.00481853	0.0553973	0.00762968	0.0161891	0.0927258	0.0177912	0.00644387	0.0154567	0.00332713	0.0211067	0.0275934	0.190966	0.0620982	0.0824793	0.00520211	0.00338739
161	0.0539558	0.012208	0.00201866	0.00135314	0.0165663	0.00544362	0.00290243	0.354076	0.00763643	0.127915	0.034252	0.00193591	0.00592657	0.004769	0.0035896	0.0107772	0.0383018	0.312279	0.00170111	0.00239189
162	0.150754	0.00771738	0.0280191	0.0283982	0.00601906	0.0349067	0.0157158	0.035306	0.0575293	0.0429249	0.0074939	0.0090702	0.164975	0.0197187	0.0352289	0.152822	0.123174	0.0544617	0.00189391	0.0238714
163	0.0502353	0.0148095	0.0318206	0.108383	0.00555622	0.027454	0.0445599	0.014671	0.209888	0.0124002	0.0120276	0.0539615	0.00511703	0.0620576	0.224034	0.051991	0.033808	0.0151291	0.00808838	0.0140074
164	0.0162903	0.102264	0.0543039	0.00861134	0.113248	0.0555284	0.010727	0.0126235	0.00970086	0.156436	0.051142	0.00984418	0.00474213	0.00768748	0.0247163	0.171592	0.0221121	0.0149079	0.0679792	0.0855433
165	0.0698728	0.0129729	0.00462327	0.00268843	0.0100715	0.00456398	0.00160478	0.293121	0.00314573	0.0673591	0.0277401	0.00143582	0.00784985	0.00504831	0.00324161	0.0118769	0.0216495	0.447991	0.000843654	0.00229952
166	0.0638844	0.0134143	0.00538598	0.00181117	0.00797334	0.00363106	0.000589666	0.261256	0.00136702	0.0450555	0.0286716	0.000671669	0.00398939	0.00382668	0.00301039	0.00875236	0.0162979	0.527717	0.000533894	0.00216011
167	0.100638	0.0249414	0.0590478	0.0253648	0.00960399	0.0465994	0.0164278	0.00964933	0.0468907	0.0192016	0.00475974	0.120064	0.0239203	0.0102955	0.025572	0.346129	0.0895825	0.0144352	0.00194519	0.00493134
168	0.0260612	0.00903395	0.00907644	0.0112397	0.00920894	0.0120873	0.00835235	0.136888	0.0110717	0.1103	0.246707	0.00927208	0.00586685	0.00991773	0.0158657	0.0245339	0.275379	0.0583415	0.00326914	0.00752776
169	0.0375127	0.00348606	0.15229	0.453808	0.00229015	0.0201406	0.0233566	0.006683	0.0463426	0.0174806	0.010072	0.03064	0.00340058	0.0758012	0.0415843	0.0291749	0.0209781	0.0195971	0.00179251	0.00356909
170	0.0262931	0.107367	0.0365069	0.0133896	0.148508	0.0389712	0.0151796	0.0201214	0.0137254	0.135091	0.0361908	0.0119511	0.00510608	0.0108071	0.0255162	0.151822	0.0278382	0.0224859	0.0763031	0.0768258
171	0.0738924	0.00567543	0.00351677	0.0071724	0.00554816	0.780871	0.00191936	0.00373735	0.00295832	0.00413567	0.00150734	0.00668445	0.00184564	0.00391958	0.00699234	0.0692288	0.00721619	0.0112167	0.000538375	0.00142362
172	0.153155	0.0273749	0.0777767	0.0238323	0.00883168	0.0836886	0.0197251	0.00406535	0.0537536	0.0188187	0.00278335	0.148717	0.00190789	0.00470049	0.0251405	0.297925	0.0385856	0.00601846	0.0009843	0.00221571
173	0.0812189	0.0208395	0.0685727	0.117159	0.0218953	0.0161343	0.0235431	0.0778442	0.0773983	0.0612257	0.0197163	0.0178886	0.0342249	0.0411576	0.0534911	0.0910583	0.0605892	0.0904035	0.00593899	0.0197003
174	0.00825295	0.0232743	0.00160649	0.00592484	0.420273	0.00138526	0.0296686	0.0435087	0.00175745	0.0377707	0.00174998	0.00820845	0.00333967	0.00163548	0.00509861	0.0137306	0.00556605	0.0127995	0.00427748	0.370172
175	0.0413032	0.00531405	0.329613	0.144053	0.00504245	0.126733	0.020456	0.011421	0.034218	0.0181677	0.0114912	0.0825708	0.00647378	0.0298688	0.0300397	0.050833	0.02505	0.0186473	0.00175314	0.00695092
176	0.0676013	0.0177495	0.0533205	0.13964	0.011551	0.0143434	0.0444658	0.0596463	0.0891593	0.0740798	0.0118071	0.0287377	0.0128351	0.0821238	0.0736058	0.0663616	0.0580231	0.0768326	0.00749164	0.010625
177	0.106568	0.0220424	0.0849697	0.125468	0.0179605	0.0282788	0.0175176	0.0547372	0.0546683	0.062286	0.0172887	0.0198894	0.0107328	0.0446703	0.0428034	0.119607	0.0771641	0.0807989	0.0037841	0.00876535
178	0.0131195	0.0057382	0.00103249	0.00108915	0.070544	0.00109219	0.0020891	0.13708	0.00114305	0.474426	0.15745	0.0010511	0.00202085	0.00248698	0.00730064	0.00234334	0.00673756	0.106318	0.00066283	0.00627415
179	0.0496622	0.00998319	0.148721	0.0929089	0.0154263	0.0287521	0.11397	0.0178768	0.0554186	0.0232541	0.00781738	0.123569	0.0107439	0.0449252	0.0330354	0.10448	0.0528592	0.0298238	0.00284015	0.0339329
180	0.0447854	0.00356934	0.02386	0.0311824	0.0340284	0.00684582	0.016298	0.0757578	0.00712124	0.313243	0.0806901	0.00593858	0.0820041	0.0277285	0.0318182	0.0407757	0.0311852	0.125753	0.0142999	0.00311523
181	0.0257049	0.0289662	0.051618	0.0382571	0.0685883	0.034782	0.12063	0.0307198	0.0572281	0.0344296	0.0160016	0.0944544	0.00898845	0.0285838	0.107034	0.0978685	0.0277756	0.0243368	0.00542667	0.0986056
182	0.117324	0.0337482	0.0195317	0.0334054	0.0123412	0.0230661	0.0420532	0.0262736	0.0706586	0.0263904	0.0127509	0.0187801	0.142736	0.0400171	0.0978449	0.146015	0.0562491	0.0265317	0.00282425	0.051459
183	0.02618	0.0603394	0.0511511	0.0229021	0.0249598	0.0902359	0.0454169	0.0190464	0.0383789	0.0345201	0.0204481	0.0665214	0.00851545	0.0187911	0.162952	0.138023	0.0290879	0.0242154	0.00943075	0.108885
184	0.091932	0.00635529	0.137434	0.197061	0.000911789	0.0401921	0.0381853	0.00627015	0.0924855	0.0268634	0.00982357	0.0586359	0.00476775	0.0913835	0.0744405	0.0635152	0.03017	0.0257115	0.000881861	0.00298015
185	0.0324855	0.0434433	0.0149737	0.06894	0.0439565	0.0153308	0.17011	0.0214975	0.0278415	0.0257599	0.0411112	0.0199597	0.0107231	0.216362	0.0756688	0.0457636	0.0201141	0.0233784	0.00431212	0.0782679
186	0.126708	0.0111249	0.0205161	0.0476834	0.03232	0.0556183	0.010114	0.114272	0.0241283	0.131471	0.0484795	0.00805909	0.0136974	0.0179135	0.0650972	0.0487929	0.079718	0.113314	0.0226494	0.00832302
187	0.00695208	0.0239853	0.00127004	0.00511904	0.42004	0.00134274	0.0299742	0.0393546	0.00155805	0.0389728	0.00136779	0.0084971	0.00334438	0.00147733	0.00481343	0.0140357	0.00512891	0.0107419	0.00442634	0.377598
188	0.0270911	0.00466867	0.174462	0.537873	0.00384402	0.0183222	0.0101149	0.00776233	0.0271944	0.011872	0.0118774	0.0208011	0.00416202	0.0429055	0.027814	0.0254682	0.0168619	0.0213773	0.00146407	0.00406387
189	0.0524443	0.0107298	0.0385186	0.0863358	0.00934532	0.0364806	0.0326336	0.0219697	0.234739	0.0328041	0.0164798	0.0477065	0.0180031	0.0559195	0.15176	0.0565306	0.0401784	0.0338604	0.00503145	0.0185291
190	0.00924888	0.00293459	0.00177964	0.00251038	0.0158405	0.00501159	0.00159511	0.116573	0.00251144	0.358417	0.378619	0.00202009	0.00524418	0.00692602	0.00756016	0.00487848	0.0178626	0.0582504	0.000518037	0.00169943
191	0.0458582	0.0129143	0.000621449	0.0010121	0.0206917	0.00394475	0.00358436	0.379726	0.00813176	0.155364	0.0339516	0.00229608	0.00624877	0.00434504	0.00367322	0.0102821	0.048934	0.25483	0.0018315	0.00175918
192	0.331483	0.00792513	0.00634498	0.00827364	0.0101629	0.279979	0.0062366	0.00832755	0.0118272	0.0124447	0.00349635	0.0107008	0.0035144	0.0070707	0.00787102	0.215659	0.0390545	0.0261967	0.00115159	0.00228028
193	0.0837478	0.00557719	0.00246602	0.00675112	0.00629488	0.760701	0.00206335	0.00402458	0.00268273	0.00492697	0.00167351	0.00655711	0.0010397	0.00376848	0.00707163	0.078593	0.00819511	0.0118613	0.000558749	0.00144556
