287	20
1	0.0188678	0.00892202	0.00108055	0.00204376	0.0201155	0.00206829	0.0010393	0.35131	0.00273803	0.329908	0.0163762	0.00454923	0.00747741	0.00317903	0.00796036	0.0147901	0.0192019	0.181894	0.00155251	0.00492609
2	0.00274045	0.0100049	0.846552	0.0299396	0.00080277	0.0131841	0.00592938	0.00439298	0.00643853	0.00190906	0.000980912	0.0471968	0.000698864	0.00310554	0.00208635	0.00778478	0.00440689	0.00162753	0.000518787	0.00969926
3	0.0457199	0.0372596	0.00834009	0.01337	0.00762074	0.00262102	0.0116565	0.0090808	0.00636563	0.00682458	0.00959062	0.0230031	0.0014704	0.00234778	0.00236243	0.495795	0.282628	0.0272315	0.000622683	0.00608916
4	0.0328834	0.00291262	0.00960287	0.00780449	0.000522135	0.855459	0.000839095	0.000924414	0.00556651	0.00352416	0.000489437	0.0034364	0.000427385	0.000884976	0.0183206	0.0414971	0.00634565	0.00126668	0.00675689	0.000535774
5	0.515799	0.016357	0.00199471	0.00899255	0.00681387	0.0492103	0.00485741	0.008526	0.00206877	0.0228373	0.00110439	0.00645222	0.0303038	0.00241875	0.00615729	0.243264	0.0410831	0.0250512	0.000421133	0.00628689
6	0.119899	0.0184585	0.0909396	0.136613	0.00354439	0.066174	0.0047927	0.0218641	0.0473149	0.0169889	0.0155695	0.0240145	0.0170333	0.0833472	0.0140013	0.195603	0.0780424	0.0371895	0.00124021	0.00737002
7	0.176349	0.0446331	0.00522657	0.0155006	0.00357791	0.0305361	0.00284467	0.0170005	0.00862638	0.0235132	0.00687294	0.0606097	0.198565	0.0159098	0.00805799	0.180889	0.139498	0.0578658	0.000568186	0.00335533
8	0.0240529	0.00894504	0.00168288	0.00584386	0.0234945	0.00775118	0.0037871	0.376537	0.0055706	0.287186	0.0377938	0.00257225	0.00202987	0.00920583	0.00798091	0.0112047	0.0233493	0.152097	0.00178484	0.00712977
9	0.0116053	0.019247	0.000735999	0.00217082	0.041938	0.000489273	0.00212452	0.112789	0.00427549	0.674047	0.0634511	0.00384663	0.00187895	0.00125754	0.00456655	0.00550604	0.00744185	0.0381791	0.00331502	0.00113498
10	0.0316429	0.00314973	0.0120396	0.00770344	0.000788563	0.828402	0.00123982	0.00171504	0.00561703	0.00404218	0.000809845	0.00408626	0.0007221	0.00130984	0.0194825	0.0603156	0.00777224	0.00191085	0.00647674	0.000773309
11	0.0453223	0.0391461	0.00980465	0.00590145	0.104541	0.0430953	0.0117436	0.0439784	0.063338	0.130735	0.00967878	0.0171452	0.00242172	0.0389946	0.195107	0.0483572	0.00709354	0.0464836	0.0824016	0.054711
12	0.319357	0.0383247	0.00372248	0.00588221	0.0495873	0.0117495	0.0672789	0.0268167	0.00774776	0.0495515	0.0127152	0.0288371	0.121893	0.00625344	0.025028	0.0508007	0.046205	0.0650943	0.0191334	0.0440213
13	0.00111589	0.0301019	0.00236959	0.00100302	0.00658815	0.0100941	0.0360033	0.0028345	0.0481667	0.00144349	0.00269883	0.00667945	0.000397923	0.0240656	0.788321	0.0180187	0.00516039	0.00516347	0.00666627	0.0031074
14	0.0450611	0.0141539	0.0160325	0.0526876	0.00177637	0.0246099	0.0179458	0.0192165	0.179027	0.0391322	0.0320321	0.0443443	0.0557533	0.0529106	0.111256	0.117666	0.094197	0.0731601	0.000687613	0.00835094
15	0.0322701	0.0187984	0.000682905	0.00418381	0.0103512	0.00160504	0.00317239	0.278773	0.00199838	0.0660352	0.0160701	0.00142552	0.00309349	0.00409824	0.00316372	0.00828795	0.0398618	0.497545	0.00153933	0.00704497
16	0.344149	0.0138919	0.0049446	0.00795881	0.00575511	0.0361883	0.00526393	0.00992939	0.00347643	0.0300496	0.00183974	0.0105581	0.269419	0.0064699	0.00599223	0.170825	0.0360091	0.0305439	0.00116237	0.00557325
17	0.0417642	0.0123926	0.0487663	0.38092	0.00203298	0.0515506	0.0172625	0.0049423	0.118146	0.0205557	0.00674843	0.0206761	0.00213943	0.179755	0.0137027	0.0272644	0.0433412	0.0046003	0.00091801	0.00252051
18	0.0163729	0.00773662	0.00101092	0.0035834	0.0242387	0.00618046	0.00237601	0.383375	0.00372598	0.323979	0.0304048	0.00221661	0.00304829	0.00560605	0.00514342	0.00803748	0.0212243	0.143791	0.00197235	0.00597669
19	0.0410031	0.0134019	0.277504	0.133795	0.0010993	0.0236934	0.0416919	0.00276841	0.101985	0.00492641	0.001616	0.169564	0.00124497	0.0967684	0.0090875	0.0493562	0.0195777	0.00325187	0.00608106	0.00158387
20	0.0437538	0.0245801	0.0201335	0.0832785	0.0071978	0.0151915	0.0321627	0.00940634	0.230523	0.0297453	0.0136858	0.0522129	0.0065241	0.0602613	0.285927	0.0403876	0.0286734	0.00969035	0.00487295	0.00179246
21	0.0176138	0.00666152	0.016551	0.00499664	0.00872733	0.00275677	0.00347534	0.024057	0.015689	0.666752	0.124188	0.0128449	0.00752479	0.00440162	0.00454544	0.028807	0.00730837	0.0123037	0.00158584	0.02921
22	0.0338864	0.0428526	0.016919	0.27832	0.00285112	0.0175167	0.00361583	0.0591176	0.0187053	0.13719	0.00340116	0.00481379	0.00262044	0.0980444	0.0185202	0.0224675	0.0222046	0.211939	0.00136234	0.00365203
23	0.0295531	0.00992187	0.250654	0.124197	0.00127001	0.120498	0.0300923	0.00276667	0.0994548	0.00509638	0.00171994	0.168409	0.00132875	0.0823973	0.00993838	0.0346996	0.0182481	0.0038819	0.00436161	0.0015112
24	0.0321702	0.0140998	0.00166681	0.00762851	0.0104216	0.00427391	0.00803739	0.383569	0.00296457	0.065546	0.0227294	0.00109022	0.00155022	0.00713461	0.00332789	0.0101176	0.0354587	0.37998	0.00124362	0.00698946
25	0.0129585	0.0088226	0.000894306	0.00384409	0.0314653	0.00232031	0.00102276	0.469631	0.00400893	0.200288	0.0381314	0.00244378	0.00230243	0.00470563	0.00343358	0.00690565	0.0235715	0.170606	0.00285162	0.00979306
26	0.0476349	0.00239524	0.0727586	0.279025	0.0157584	0.0089738	0.0020597	0.0785912	0.0909092	0.00375216	0.00848637	0.00991433	0.00138221	0.0181192	0.0234742	0.101359	0.183981	0.0488758	0.000670825	0.00187886
27	0.0280398	0.00236231	0.0343054	0.0274274	0.00195144	0.00771737	0.00959615	0.003124	0.238029	0.0317698	0.00182166	0.00477867	0.345413	0.0796159	0.0553314	0.0687335	0.0304441	0.0114544	0.000610382	0.0174741
28	0.0496432	0.0188856	0.00201956	0.00993508	0.00901515	0.00937327	0.00571473	0.313004	0.00464696	0.0538095	0.0281646	0.00177923	0.00394655	0.00779677	0.00307724	0.0175546	0.0462	0.405936	0.00125691	0.00824105
29	0.215335	0.0747084	0.00388757	0.00479051	0.00561517	0.0221702	0.0017666	0.0410865	0.0121926	0.0194478	0.0134982	0.0403981	0.0338773	0.00431418	0.00894059	0.161249	0.235899	0.0946968	0.000459792	0.00566732
30	0.0139899	0.00175915	0.148812	0.515175	0.00172224	0.00417333	0.0114034	0.00660357	0.0755884	0.0301229	0.00157276	0.0398356	0.0462056	0.0290466	0.0107844	0.0343393	0.0144602	0.012248	0.000506357	0.00165128
31	0.0103705	0.0161992	0.00335716	0.00451125	0.0978891	0.003171	0.00947408	0.00614805	0.00512292	0.0273355	0.00323539	0.00492904	0.00245618	0.00528759	0.0197587	0.0153669	0.0186595	0.0064851	0.527182	0.213061
32	0.178581	0.0539028	0.0121123	0.0102351	0.00509443	0.0269181	0.0125914	0.0995405	0.0183466	0.0693365	0.0177988	0.0150379	0.0103092	0.028228	0.0231777	0.132351	0.132403	0.144483	0.00120664	0.00834604
33	0.0562369	0.0319245	0.00804398	0.0102564	0.00548495	0.00307428	0.0181326	0.00718048	0.00789844	0.00708834	0.00624738	0.0287158	0.00209047	0.0034327	0.00348598	0.521951	0.246962	0.0261573	0.000859838	0.00477603
34	0.0655696	0.00940963	0.00812498	0.02159	0.00161542	0.0465503	0.0138024	0.00463411	0.0321564	0.0563217	0.00963672	0.0816922	0.348264	0.0447672	0.0302844	0.12468	0.0672955	0.0277221	0.000772119	0.00511185
35	0.0130456	0.0122539	0.000516545	0.00174034	0.0355661	0.00165952	0.00050688	0.400631	0.0029894	0.256577	0.0365311	0.00200264	0.0027636	0.00342296	0.00336669	0.00808856	0.0239478	0.181583	0.00263184	0.010175
36	0.109611	0.0310194	0.0115835	0.0120804	0.00525035	0.0107481	0.0199525	0.118159	0.0214883	0.0934267	0.0229353	0.0103008	0.00458196	0.0324963	0.0255155	0.0957901	0.154806	0.210149	0.00170765	0.0083981
37	0.052085	0.0309253	0.00190489	0.00493097	0.00858038	0.00327084	0.0023619	0.220967	0.00510125	0.0695616	0.0141696	0.0031635	0.0162619	0.00448585	0.00365897	0.0282084	0.0763571	0.438344	0.0019403	0.0137218
38	0.056699	0.0228316	0.00195185	0.00520887	0.00738391	0.00601172	0.00300314	0.259939	0.00958209	0.0574489	0.0138135	0.00270387	0.0196424	0.0047108	0.00323621	0.0264022	0.0676602	0.419624	0.00142059	0.0107259
39	0.0186344	0.00671762	0.00956075	0.0566267	0.00482997	0.003386	0.0235181	0.116602	0.131018	0.12264	0.0314644	0.0301072	0.0590396	0.13004	0.0856714	0.0130556	0.0489969	0.0964332	0.00146666	0.0101905
40	0.0167722	0.0122964	0.00320994	0.0107583	0.00297605	0.00366229	0.0242265	0.0195027	0.485268	0.0303152	0.0020877	0.0432799	0.00185322	0.0389557	0.178414	0.0271643	0.0641407	0.0242759	0.00300892	0.00783155
41	0.0579944	0.00328979	0.0177333	0.0268822	0.00103736	0.0297844	0.00457699	0.00482886	0.0869788	0.0431951	0.00314508	0.0222396	0.461339	0.0483678	0.0194569	0.0969576	0.0462519	0.017398	0.000479492	0.00806323
42	0.00592596	0.0029562	0.317256	0.0454408	0.0028699	0.0755185	0.0201057	0.00618509	0.0280418	0.00793466	0.00422953	0.304403	0.00256341	0.0178151	0.0337783	0.0527238	0.0618528	0.00444891	0.000862565	0.00508792
43	0.023131	0.0141557	0.000804598	0.00386104	0.0196716	0.00176827	0.00188366	0.360577	0.00466908	0.132029	0.0235593	0.00227325	0.00605188	0.0065679	0.00455884	0.00783736	0.0298033	0.343072	0.00404979	0.00967643
44	0.000987727	0.0301749	0.00224342	0.000770278	0.0061129	0.0102383	0.0353403	0.00279473	0.0483573	0.00109708	0.0026727	0.00649083	0.000337978	0.0242594	0.792047	0.0167465	0.00493068	0.00513667	0.00676978	0.00249152
45	0.0133833	0.01131	0.00062615	0.00226497	0.035215	0.00169605	0.000671091	0.416334	0.00320035	0.240857	0.0368597	0.00212108	0.00279345	0.00381211	0.0035581	0.00759196	0.0237839	0.180834	0.00271101	0.0103764
46	0.0475835	0.454414	0.0121361	0.0174709	0.0100316	0.0131095	0.01206	0.025924	0.0191476	0.0259743	0.0141923	0.0188967	0.0098791	0.0187576	0.0151824	0.0393348	0.105781	0.0802882	0.00548374	0.0543522
47	0.0685532	0.0130589	0.00426664	0.0115505	0.0092814	0.0349132	0.00797523	0.376627	0.0191567	0.0777881	0.0228453	0.00485619	0.00765942	0.0107992	0.00568073	0.0209943	0.0512929	0.241922	0.00163418	0.00914471
48	0.00191122	0.00940066	0.834777	0.0264556	0.000912646	0.015732	0.00479989	0.00436069	0.00514247	0.00196606	0.00113973	0.0616748	0.000641571	0.00206108	0.00264364	0.00861723	0.0062033	0.00160832	0.000380507	0.00957202
49	0.0152536	0.0287128	0.00188763	0.00254185	0.30018	0.00245211	0.00447077	0.0825974	0.00314254	0.262948	0.0807812	0.00545993	0.0140611	0.00215366	0.00418005	0.0118856	0.00500683	0.0393881	0.0254871	0.10741
50	0.0182445	0.0196817	0.00413791	0.0135106	0.0066353	0.00469674	0.024696	0.0290389	0.361575	0.0326567	0.00594268	0.0333436	0.00208336	0.0866968	0.208662	0.0429707	0.0704306	0.028042	0.00406922	0.00288605
51	0.0966862	0.00495179	0.057322	0.162727	0.00317815	0.0481714	0.0838261	0.00809959	0.0580989	0.0116669	0.00584743	0.0583967	0.0200236	0.0723949	0.0452114	0.0854014	0.0813354	0.0202807	0.0046714	0.0717094
52	0.021	0.00824487	0.00113598	0.0016527	0.0170117	0.00270322	0.00113052	0.296022	0.00301061	0.38552	0.012499	0.00395253	0.0103282	0.00235177	0.00684723	0.015128	0.0179123	0.189162	0.00106579	0.00332055
53	0.00749552	0.0040342	0.0540806	0.00945809	0.00232023	0.0276665	0.048656	0.00579052	0.0683021	0.00878686	0.00914652	0.599175	0.00507476	0.0245121	0.0640587	0.0383934	0.0103925	0.00830108	0.00109469	0.00326057
54	0.0342621	0.0147947	0.0146448	0.0443694	0.00175975	0.0225478	0.0299163	0.0141926	0.257022	0.0257772	0.0157029	0.0554097	0.0137185	0.0970499	0.261053	0.0394902	0.03401	0.0158707	0.00650383	0.00190466
55	0.274819	0.0310724	0.00341137	0.00666887	0.102234	0.0230757	0.0504177	0.0306422	0.012049	0.0326023	0.022802	0.042769	0.00854554	0.00739307	0.0331853	0.0909346	0.0263445	0.107711	0.0160732	0.0772493
56	0.0180248	0.0113743	0.000947602	0.00120714	0.0191635	0.00182695	0.000743664	0.316311	0.00167517	0.378768	0.0150061	0.00330542	0.00630264	0.00218202	0.00586066	0.0166645	0.0190894	0.177091	0.000831946	0.0036238
57	0.00892418	0.014139	0.0189747	0.0927026	0.00346751	0.00248109	0.0183954	0.160216	0.2363	0.105024	0.0189146	0.0101393	0.00533444	0.0976549	0.0794336	0.0081423	0.0191664	0.0937824	0.00134919	0.00545847
58	0.0106812	0.0216598	0.00161075	0.00368104	0.42643	0.00271731	0.0115865	0.0349242	0.0062522	0.126327	0.0205026	0.004799	0.00481733	0.0067138	0.0173018	0.0089542	0.00379851	0.0171555	0.0371679	0.232919
59	0.0499274	0.0366867	0.00932003	0.0108835	0.00572387	0.00274418	0.0119075	0.00728667	0.00589261	0.00641275	0.00744527	0.0199875	0.00167823	0.00266369	0.00244266	0.514215	0.275546	0.0237268	0.00061384	0.00489554
60	0.0177664	0.0342365	0.00629853	0.0347999	0.0032969	0.00387922	0.0263493	0.05719	0.193266	0.0419333	0.00479955	0.0404602	0.0075373	0.06118	0.0573816	0.0407729	0.152295	0.209168	0.00319661	0.00419273
61	0.0116053	0.019247	0.000735999	0.00217082	0.041938	0.000489273	0.00212452	0.112789	0.00427549	0.674047	0.0634511	0.00384663	0.00187895	0.00125754	0.00456655	0.00550604	0.00744185	0.0381791	0.00331502	0.00113498
62	0.00167575	0.0101548	0.869059	0.0252635	0.00068746	0.0133976	0.00372659	0.0043895	0.0043702	0.0015103	0.000921549	0.0429942	0.000504574	0.00121367	0.00115529	0.00524403	0.00165958	0.00144539	0.000371483	0.0102551
63	0.012836	0.0192886	0.000815133	0.0025286	0.0451278	0.000736194	0.00211979	0.116134	0.00434508	0.657848	0.0655441	0.00378336	0.0026607	0.00148006	0.00457356	0.00586843	0.0075654	0.0383739	0.00358648	0.00478508
64	0.0353266	0.01868	0.00325778	0.0115189	0.00373774	0.00378933	0.0173283	0.0252095	0.392994	0.0384644	0.00246399	0.0575381	0.00184767	0.0429829	0.175032	0.0606725	0.0794942	0.0237855	0.00308476	0.00279179
65	0.0414809	0.0135085	0.272474	0.131854	0.00108465	0.0240931	0.0425378	0.00276163	0.102182	0.00511792	0.00177216	0.169802	0.00134076	0.0970035	0.0099538	0.0519665	0.0198088	0.00328552	0.00622608	0.0017458
66	0.222201	0.0239997	0.0264474	0.0670643	0.00797681	0.21478	0.00780984	0.0169484	0.0150096	0.00972079	0.00404171	0.0243058	0.00997962	0.0178514	0.0136124	0.178479	0.0874011	0.0440003	0.00118196	0.00718886
67	0.00453367	0.00978122	0.000534921	0.00457853	0.329862	0.000509155	0.0220674	0.00517153	0.00517392	0.0315913	0.000571347	0.000923951	0.0025629	0.00901725	0.00940467	0.00820075	0.00327243	0.00313065	0.0097504	0.539362
68	0.0583176	0.0341949	0.00491062	0.00917057	0.0331636	0.00751848	0.0419097	0.0370703	0.00926149	0.239622	0.0312864	0.0873011	0.00524755	0.0507492	0.00854342	0.0394588	0.110308	0.0112377	0.0867549	0.0939738
69	0.0179384	0.0135746	0.00379857	0.00491341	0.00322781	0.00264965	0.136955	0.0143315	0.0050737	0.0181343	0.0253491	0.0277309	0.00225944	0.586822	0.02531	0.0312506	0.0279822	0.00558488	0.00100128	0.0461122
70	0.0137823	0.0152044	0.000364342	0.000992226	0.0354744	0.00167426	0.000372896	0.365126	0.00253377	0.288242	0.0346666	0.001678	0.0026144	0.00280998	0.002966	0.00950538	0.0242789	0.186063	0.00230568	0.00934609
71	0.0217922	0.00401198	0.0183325	0.171175	0.00299737	0.0300392	0.00500779	0.0495044	0.141326	0.0328762	0.0309571	0.00758821	0.215187	0.0849753	0.0075901	0.0530971	0.0244712	0.0934787	0.00142714	0.00416603
72	0.0103274	0.0153558	0.000762565	0.00191817	0.0336778	0.00116193	0.00186682	0.114594	0.00473357	0.691222	0.0552085	0.00353082	0.00163371	0.00186621	0.0048477	0.0051756	0.00798983	0.0400536	0.00281413	0.00125903
73	0.0377485	0.0185264	0.367517	0.129179	0.00419052	0.00500693	0.0298313	0.0113224	0.0367026	0.0105786	0.00410814	0.0595055	0.003301	0.0124719	0.0364945	0.0905752	0.128629	0.00746546	0.00156604	0.0052802
74	0.0138518	0.00174674	0.148767	0.515479	0.00172127	0.0041813	0.0114473	0.00664477	0.0756581	0.0301627	0.00156088	0.0398094	0.0461857	0.0290065	0.010725	0.0341939	0.0144512	0.0122321	0.000525799	0.00164966
75	0.0854878	0.0186334	0.0932282	0.321355	0.000988348	0.00147242	0.00144365	0.00619012	0.146835	0.0153997	0.0103067	0.0483261	0.00534904	0.0460007	0.063642	0.11135	0.0112448	0.0111223	0.000403279	0.00122155
76	0.013956	0.0291677	0.126207	0.0370118	0.0196122	0.016933	0.0116449	0.00890107	0.0109561	0.028398	0.00509404	0.087965	0.00551851	0.0106342	0.00893249	0.446072	0.11743	0.00950799	0.00110452	0.00495337
77	0.0469525	0.00897177	0.00430396	0.00597489	0.0618412	0.0193767	0.00463012	0.13725	0.020668	0.255076	0.0761317	0.00671771	0.010735	0.00654734	0.0071222	0.0139344	0.00871242	0.04422	0.00885059	0.251984
78	0.0384516	0.0979288	0.00667122	0.0388903	0.00527368	0.00554632	0.00947411	0.0619057	0.0138404	0.0653082	0.00962984	0.0173655	0.00976122	0.0747106	0.0106774	0.0285932	0.347589	0.148699	0.00253115	0.00715345
79	0.207189	0.0706434	0.00625652	0.00547887	0.0055609	0.0237352	0.00424335	0.0465717	0.0123643	0.0283985	0.0128996	0.0324548	0.0235683	0.00839298	0.0145643	0.138349	0.233893	0.117459	0.000551603	0.00742534
80	0.0127977	0.0211049	0.00105689	0.00192681	0.214001	0.00207061	0.0026003	0.18336	0.00325317	0.286198	0.0666767	0.00381418	0.00801803	0.00209756	0.00351632	0.00894801	0.0113892	0.0870466	0.0171797	0.0629437
81	0.129436	0.00856237	0.00652987	0.0307438	0.00489729	0.05106	0.0279604	0.128587	0.010107	0.0129195	0.00658211	0.188379	0.00477229	0.0556675	0.00852601	0.199291	0.0829255	0.0349732	0.00250352	0.00557625
82	0.0560924	0.0441006	0.00675385	0.0150547	0.0133052	0.00537071	0.00747342	0.0513386	0.0146345	0.0322873	0.047481	0.0216745	0.00498588	0.00851166	0.00861092	0.267494	0.334094	0.0477253	0.000989551	0.0120221
83	0.0175288	0.0083824	0.00796204	0.014892	0.0106008	0.00601784	0.129768	0.104491	0.0277812	0.113195	0.0375554	0.0175365	0.143184	0.154524	0.0480571	0.046347	0.02139	0.0536207	0.00239516	0.0347702
84	0.0407787	0.0270023	0.0121605	0.0054325	0.106131	0.0311901	0.0137233	0.0393742	0.0700026	0.132752	0.0119763	0.0107712	0.00185046	0.044008	0.19618	0.0286163	0.00670249	0.0552241	0.0940229	0.0721008
85	0.0336031	0.00310769	0.00959632	0.0080701	0.00062046	0.85021	0.00115617	0.001004	0.00582732	0.00352243	0.000508824	0.00414728	0.000438182	0.00115386	0.0188925	0.0428352	0.0064427	0.0015427	0.00665697	0.000664187
86	0.0696498	0.0350276	0.0075264	0.0221707	0.0543465	0.00598751	0.00777255	0.0802488	0.0284997	0.221365	0.108706	0.0175172	0.00269332	0.025714	0.0425475	0.0670734	0.0621188	0.105231	0.000875085	0.0349286
87	0.00453367	0.00978122	0.000534921	0.00457853	0.329862	0.000509155	0.0220674	0.00517153	0.00517392	0.0315913	0.000571347	0.000923951	0.0025629	0.00901725	0.00940467	0.00820075	0.00327243	0.00313065	0.0097504	0.539362
88	0.0416474	0.0620038	0.00573257	0.0269466	0.002335	0.0082673	0.0245088	0.0133095	0.188252	0.0249461	0.0413176	0.0291677	0.0053328	0.145547	0.236705	0.0446859	0.0318153	0.050413	0.00281381	0.014253
89	0.0159671	0.016187	0.00407512	0.0192249	0.00305884	0.00296483	0.0272726	0.028848	0.383645	0.0402662	0.00187356	0.0612451	0.00143111	0.0519852	0.153386	0.0308969	0.109632	0.0407414	0.00476918	0.00253022
90	0.000987727	0.0301749	0.00224342	0.000770278	0.0061129	0.0102383	0.0353403	0.00279473	0.0483573	0.00109708	0.0026727	0.00649083	0.000337978	0.0242594	0.792047	0.0167465	0.00493068	0.00513667	0.00676978	0.00249152
91	0.0161455	0.0162431	0.00154999	0.00287255	0.035218	0.000742031	0.00217448	0.111479	0.00561374	0.645396	0.0808033	0.00591716	0.00190317	0.00225278	0.00578767	0.00878249	0.00847631	0.0421995	0.00276801	0.00367566
92	0.0635141	0.00686091	0.0104546	0.0193046	0.00707793	0.0266433	0.00645975	0.0117536	0.016153	0.0730299	0.0223579	0.0545054	0.408484	0.0499661	0.014154	0.105379	0.0669068	0.0314012	0.000788556	0.00480501
93	0.0046111	0.00971439	0.000596635	0.00471795	0.41983	0.000561365	0.0197069	0.00556833	0.00436208	0.0332776	0.000595888	0.00142876	0.00224695	0.00841534	0.0084925	0.00750696	0.00295402	0.0034239	0.0127206	0.449269
94	0.0328433	0.0029318	0.00962805	0.00779952	0.000522123	0.854854	0.000840252	0.000928048	0.0055772	0.00352184	0.000489171	0.00343313	0.000432936	0.000905946	0.0183078	0.042019	0.0063618	0.00127	0.00679861	0.000535762
95	0.0182557	0.0147189	0.000680389	0.00243538	0.0308041	0.00219255	0.00126798	0.382526	0.0025601	0.261027	0.0328393	0.00159872	0.00229337	0.0039596	0.00316517	0.0105793	0.0243934	0.195053	0.0019341	0.00771568
96	0.141352	0.0467705	0.00398195	0.00566397	0.00324328	0.00422413	0.00498911	0.00541559	0.122595	0.00796582	0.00364004	0.150467	0.00274867	0.00570733	0.0216258	0.411714	0.0445807	0.00780404	0.00146582	0.00404493
97	0.201005	0.0788211	0.00445989	0.00564155	0.00842645	0.0242589	0.00198188	0.0462177	0.00994974	0.0187257	0.0102516	0.0452409	0.0356903	0.00449143	0.0114627	0.182121	0.200446	0.104585	0.000693824	0.005529
98	0.53788	0.0261752	0.00334908	0.00911389	0.00676618	0.0757581	0.0039496	0.0216706	0.00318495	0.0135067	0.00242363	0.00874847	0.0197099	0.0032858	0.00447936	0.174642	0.0437082	0.0349048	0.000709957	0.00603446
99	0.19106	0.0298903	0.00539462	0.0164359	0.00306051	0.0337373	0.00395815	0.00994924	0.00826724	0.032875	0.00530986	0.048017	0.238122	0.0239011	0.00913127	0.205297	0.0910865	0.040107	0.000499103	0.0039011
100	0.158731	0.021916	0.027125	0.0614451	0.0165701	0.297211	0.0101682	0.0145146	0.0107498	0.00597473	0.00261752	0.0435109	0.00238941	0.013263	0.0285373	0.193947	0.0559666	0.0265385	0.000923309	0.00790165
101	0.0323767	0.00831593	0.00332654	0.0134057	0.0151351	0.00606832	0.00732376	0.499256	0.005508	0.0740184	0.0357832	0.00157569	0.00124162	0.0113398	0.00422229	0.0113101	0.0293165	0.230663	0.00177275	0.00804027
102	0.0211129	0.0279549	0.00286	0.00347382	0.382057	0.00537427	0.00712011	0.054352	0.00915074	0.172662	0.0330554	0.00715517	0.00659354	0.00690887	0.0258561	0.01234	0.00525048	0.0296286	0.0780336	0.109061
103	0.0169837	0.0148699	0.00352255	0.00507688	0.00242858	0.00275374	0.126109	0.0167572	0.00513753	0.016829	0.024823	0.0245187	0.00344463	0.600626	0.0277953	0.0287592	0.0260658	0.00596852	0.000938704	0.0465923
104	0.0314301	0.0171542	0.0115713	0.0393286	0.00168721	0.0266708	0.0363426	0.0118266	0.237456	0.0245129	0.0109244	0.0583833	0.00784836	0.102899	0.310393	0.0294542	0.0217414	0.0110392	0.00833351	0.00100369
105	0.0823323	0.0159774	0.0158735	0.0130183	0.0981462	0.0117338	0.00951269	0.105221	0.0223823	0.207676	0.102789	0.021144	0.00441633	0.0218019	0.0336953	0.0796733	0.0238349	0.0958842	0.00112884	0.0337586
106	0.00167575	0.0101548	0.869059	0.0252635	0.00068746	0.0133976	0.00372659	0.0043895	0.0043702	0.0015103	0.000921549	0.0429942	0.000504574	0.00121367	0.00115529	0.00524403	0.00165958	0.00144539	0.000371483	0.0102551
107	0.00167575	0.0101548	0.869059	0.0252635	0.00068746	0.0133976	0.00372659	0.0043895	0.0043702	0.0015103	0.000921549	0.0429942	0.000504574	0.00121367	0.00115529	0.00524403	0.00165958	0.00144539	0.000371483	0.0102551
108	0.01313	0.00887278	0.000907301	0.00401852	0.0308595	0.00229257	0.00134976	0.483865	0.00372354	0.181626	0.0387036	0.00206605	0.00227922	0.00541158	0.0033701	0.00726938	0.0228243	0.174766	0.00305871	0.00960657
109	0.0163921	0.0162159	0.000545539	0.00157857	0.0327814	0.00184579	0.000764107	0.363963	0.00239301	0.285305	0.0321912	0.00160855	0.00258548	0.00365072	0.00319915	0.0112975	0.0243805	0.188893	0.00189438	0.00851554
110	0.0249451	0.0120299	0.00141562	0.00705559	0.0134306	0.00375707	0.00469911	0.445198	0.00294987	0.0785308	0.0256205	0.00118015	0.00135952	0.00683483	0.00310896	0.00818675	0.0288944	0.323314	0.00163284	0.00585588
111	0.169104	0.0140919	0.00613959	0.00784092	0.133592	0.0376799	0.0808368	0.0347566	0.00684991	0.0353118	0.0182777	0.0139951	0.00668411	0.0138077	0.0116064	0.12415	0.0633003	0.0826557	0.023605	0.115714
112	0.361069	0.0221012	0.00634721	0.0178702	0.00479435	0.314831	0.00257532	0.00866308	0.00310533	0.00589338	0.00131673	0.0100482	0.00856714	0.00276566	0.00752986	0.150209	0.0406924	0.0264992	0.00128044	0.00384154
113	0.0431014	0.024852	0.00173968	0.0035167	0.0268678	0.00162064	0.00156742	0.20473	0.00425847	0.144722	0.0249853	0.00371638	0.00539447	0.00547188	0.00620179	0.0151536	0.0452935	0.423376	0.00231002	0.0111214
114	0.0131227	0.0214207	0.000817782	0.0025996	0.0676487	0.000722872	0.00211482	0.107727	0.0044994	0.625695	0.0706661	0.00383825	0.00248361	0.00197336	0.00537246	0.0070287	0.00885918	0.0419531	0.00389204	0.00756471
115	0.0520227	0.00696757	0.091412	0.175931	0.000739296	0.0417207	0.0295862	0.00546519	0.156735	0.0199728	0.00790525	0.0934609	0.00534258	0.136588	0.0612995	0.0680318	0.0413317	0.00259864	0.000493783	0.00239459
116	0.0202142	0.0176148	0.00354114	0.0120608	0.00366699	0.00314522	0.0202363	0.0275404	0.370713	0.0410529	0.00198657	0.040466	0.00124191	0.0477562	0.241657	0.0321429	0.0772075	0.0313115	0.00380328	0.00264143
117	0.0308339	0.0294162	0.00208786	0.00577771	0.0855466	0.00228011	0.00270152	0.130996	0.00936177	0.465163	0.0776241	0.0061854	0.00319348	0.00636101	0.0109439	0.02264	0.0199173	0.0641349	0.00549034	0.019345
118	0.197822	0.0283741	0.010709	0.0176083	0.102949	0.00992707	0.0743279	0.0333632	0.0339698	0.0518073	0.00908456	0.0532314	0.009757	0.0127661	0.0499011	0.0941885	0.0244579	0.0987951	0.00704583	0.0799151
119	0.0188707	0.0061996	0.0481684	0.0130496	0.00252509	0.336675	0.0416987	0.00453882	0.0551387	0.00921919	0.0060205	0.321595	0.00196797	0.0176787	0.0372479	0.0433311	0.0108797	0.0167227	0.00177231	0.00669998
120	0.0126453	0.0134758	0.000347287	0.000921279	0.0355864	0.0015786	0.000414157	0.355086	0.00267069	0.310581	0.0345353	0.00172738	0.00270276	0.00264604	0.00296989	0.00877678	0.0228886	0.179125	0.00238177	0.00894108
121	0.0158931	0.015548	0.00527778	0.0173713	0.00332323	0.0061796	0.0303533	0.0273447	0.36875	0.0314772	0.00288814	0.041629	0.00221363	0.0656826	0.185962	0.0320084	0.0968614	0.0415776	0.00720294	0.0024553
122	0.0154902	0.0186518	0.000631651	0.00198475	0.0435219	0.000892438	0.00175418	0.167647	0.00359793	0.563813	0.0532287	0.00318268	0.00252268	0.00198175	0.00445404	0.00636161	0.0123521	0.0902523	0.00306952	0.00460969
123	0.00439477	0.0029186	0.0592914	0.00377698	0.0017767	0.0298643	0.0570624	0.00387366	0.0803944	0.00507049	0.00904465	0.592618	0.00181528	0.0256831	0.0784283	0.0295385	0.00506278	0.0061311	0.000852573	0.00240169
124	0.0328834	0.00291262	0.00960287	0.00780449	0.000522135	0.855459	0.000839095	0.000924414	0.00556651	0.00352416	0.000489437	0.0034364	0.000427385	0.000884976	0.0183206	0.0414971	0.00634565	0.00126668	0.00675689	0.000535774
125	0.00459655	0.00226176	0.0296116	0.0102953	0.0954441	0.00203962	0.370338	0.0118531	0.014571	0.0605552	0.0136056	0.0711449	0.0123024	0.0171461	0.0485036	0.0368756	0.00463051	0.00405452	0.000779319	0.189391
126	0.0184783	0.00454026	0.00390689	0.0941448	0.0128717	0.00275235	0.0377687	0.242301	0.143386	0.0719346	0.00374144	0.00503652	0.00229402	0.0102272	0.0734124	0.017739	0.0402134	0.211276	0.000994054	0.0029811
127	0.0128462	0.0189244	0.00041799	0.00100671	0.0570059	0.0017705	0.000519277	0.358119	0.00272043	0.271905	0.0350851	0.00191177	0.00265843	0.00316284	0.00308519	0.00917971	0.0250926	0.180738	0.00266485	0.0111863
128	0.0109826	0.0275296	0.146264	0.0152831	0.00858525	0.0403208	0.00663132	0.00775483	0.00822308	0.0130442	0.00505459	0.151077	0.00378571	0.00687894	0.00712067	0.311418	0.215215	0.00840141	0.0012983	0.00513149
129	0.0853965	0.0182759	0.0943146	0.318604	0.000954711	0.00217756	0.00168209	0.0060644	0.146513	0.0153963	0.010442	0.049001	0.00527262	0.047505	0.0630585	0.111278	0.0115223	0.0108805	0.000422757	0.00123753
130	0.0240875	0.0146175	0.00918352	0.0276814	0.00243515	0.0163413	0.0360273	0.0126947	0.346449	0.0227586	0.00754375	0.0472288	0.00576481	0.0761133	0.266287	0.0290321	0.0309579	0.0142928	0.00627391	0.00423014
131	0.0323918	0.0188615	0.000686301	0.00414134	0.0103483	0.00158554	0.0031322	0.277742	0.00201044	0.0660504	0.016058	0.00144366	0.0031724	0.00407945	0.00321195	0.00835358	0.0401094	0.497962	0.00156682	0.00709295
132	0.085187	0.0188312	0.0925356	0.318611	0.00101531	0.00179028	0.00166664	0.00628885	0.14822	0.0154338	0.0102369	0.0487153	0.00522253	0.0467337	0.0649658	0.110418	0.0115492	0.0109309	0.000396278	0.00125253
133	0.364039	0.0451285	0.0192841	0.00940698	0.0105126	0.0324408	0.00671173	0.0473729	0.0113032	0.0337284	0.0100022	0.0163714	0.0123317	0.010654	0.0116058	0.127155	0.141413	0.0815076	0.000663362	0.0083681
134	0.0204818	0.00731649	0.00183247	0.00855899	0.021432	0.00420666	0.00367568	0.528816	0.00435775	0.110884	0.0377831	0.00194	0.00167482	0.0085704	0.00368312	0.00786914	0.0239945	0.192526	0.00321679	0.00718053
135	0.0501559	0.00897928	0.0783931	0.34502	0.00137268	0.0490384	0.0118693	0.00498032	0.0925847	0.0212229	0.0146217	0.0362441	0.00417302	0.160925	0.0208494	0.0668457	0.0241007	0.00437707	0.000763928	0.00348338
136	0.0235815	0.0150666	0.000816261	0.00315225	0.0147083	0.00122992	0.00212359	0.21647	0.00349842	0.294308	0.0200709	0.00305204	0.00506774	0.00363746	0.00671137	0.00912032	0.025853	0.344367	0.00202134	0.0051445
137	0.031595	0.0180414	0.0112109	0.0394189	0.00167971	0.0263332	0.0358998	0.0121971	0.235851	0.0246003	0.0113215	0.0569362	0.0076502	0.106364	0.308699	0.0294111	0.0216219	0.0118771	0.00812385	0.00116769
138	0.187375	0.0150577	0.0171505	0.0423629	0.00489827	0.0152209	0.0262375	0.0388861	0.0176104	0.0788415	0.0169792	0.0121282	0.00305584	0.0549964	0.0716717	0.210726	0.113536	0.0597425	0.00126832	0.012255
139	0.0138623	0.0275561	0.00153002	0.00232399	0.310939	0.00219749	0.00416022	0.104094	0.00280194	0.26023	0.0663993	0.00517781	0.0103198	0.0019371	0.00412245	0.00996421	0.00649753	0.0470711	0.0257062	0.093108
140	0.0270973	0.0158052	0.00199689	0.00713019	0.042787	0.00246821	0.00199438	0.131389	0.0134656	0.516833	0.0800606	0.00560895	0.00155813	0.0085675	0.016494	0.0198523	0.0214075	0.0729802	0.001862	0.0106419
141	0.0328834	0.00291262	0.00960287	0.00780449	0.000522135	0.855459	0.000839095	0.000924414	0.00556651	0.00352416	0.000489437	0.0034364	0.000427385	0.000884976	0.0183206	0.0414971	0.00634565	0.00126668	0.00675689	0.000535774
142	0.0670145	0.0213568	0.00474959	0.0185178	0.0642828	0.00426956	0.00276897	0.0707059	0.0315713	0.26093	0.172104	0.0101068	0.00112264	0.0163317	0.0346147	0.0524135	0.0365217	0.0944052	0.000369696	0.0358426
143	0.0383068	0.0223607	0.000834375	0.00403772	0.011143	0.00161811	0.00244382	0.23999	0.00253972	0.070592	0.017127	0.00185155	0.00492226	0.00442712	0.00338994	0.0108325	0.0487334	0.502978	0.00205048	0.00982188
144	0.0462259	0.00674998	0.00924466	0.0363013	0.00435433	0.0526674	0.00772588	0.0135553	0.0648841	0.0390013	0.0309753	0.214819	0.00897575	0.123825	0.0142667	0.0984685	0.183472	0.0359703	0.00194831	0.00656948
145	0.00453367	0.00978122	0.000534921	0.00457853	0.329862	0.000509155	0.0220674	0.00517153	0.00517392	0.0315913	0.000571347	0.000923951	0.0025629	0.00901725	0.00940467	0.00820075	0.00327243	0.00313065	0.0097504	0.539362
146	0.0437084	0.041595	0.00365339	0.0102218	0.0507418	0.00512244	0.0031849	0.176972	0.0145398	0.196778	0.0764158	0.00800149	0.00325863	0.0167524	0.0187772	0.0389715	0.0339028	0.22427	0.00164278	0.0314907
147	0.171511	0.0217619	0.0183346	0.0256196	0.0153975	0.286534	0.0206437	0.0170439	0.0160936	0.00724243	0.00277938	0.0460362	0.00188489	0.0233836	0.0601801	0.195755	0.0351859	0.020864	0.000754839	0.0129937
148	0.0326202	0.0149802	0.0139946	0.0431513	0.0017656	0.0233225	0.0315449	0.0142595	0.254427	0.0251756	0.0138145	0.0554167	0.0126307	0.097868	0.274195	0.0375678	0.0300546	0.0146862	0.0069845	0.00154012
149	0.00475352	0.0102433	0.000600968	0.00454831	0.43774	0.000608465	0.018973	0.00605167	0.00425105	0.0363574	0.000723715	0.00177842	0.00216078	0.00801862	0.00852121	0.00744742	0.00287694	0.00369589	0.0144462	0.426203
150	0.0122684	0.00884569	0.000893357	0.00366712	0.0312603	0.00226684	0.000872817	0.47239	0.003886	0.198729	0.0398867	0.00225396	0.00233564	0.00479674	0.0034414	0.00693758	0.0236102	0.169211	0.00286983	0.00957754
151	0.0280398	0.00236231	0.0343054	0.0274274	0.00195144	0.00771737	0.00959615	0.003124	0.238029	0.0317698	0.00182166	0.00477867	0.345413	0.0796159	0.0553314	0.0687335	0.0304441	0.0114544	0.000610382	0.0174741
152	0.00398328	0.00256805	0.0879082	0.00392785	0.00169788	0.0441624	0.0604162	0.00353	0.0817559	0.00418847	0.0108993	0.552635	0.00172559	0.0280138	0.06834	0.0276518	0.00722744	0.00641022	0.000838995	0.00211955
153	0.0567943	0.0172323	0.00474433	0.017855	0.0628527	0.00452374	0.00271823	0.0723735	0.0365391	0.295412	0.145751	0.0118449	0.00135025	0.0190063	0.0410117	0.0503006	0.0288887	0.0936424	0.000389823	0.0367694
154	0.519834	0.0163187	0.00206996	0.00808648	0.00934963	0.0494831	0.00629484	0.00902417	0.00228448	0.0232121	0.00143605	0.0075885	0.0283687	0.0023645	0.00569484	0.23089	0.0405616	0.0278952	0.000794581	0.00844815
155	0.0476551	0.00250562	0.0778263	0.272474	0.0155764	0.0106257	0.002132	0.075189	0.0879606	0.00359667	0.00889624	0.0103326	0.00164442	0.0188868	0.022773	0.105775	0.184365	0.0492464	0.000627203	0.00191086
156	0.172494	0.00382776	0.00837667	0.2347	0.00241733	0.0461412	0.0523428	0.00554811	0.103769	0.00581642	0.00295846	0.0229596	0.00559902	0.0835654	0.0222814	0.0954791	0.0398288	0.0411733	0.012553	0.0381694
157	0.0505151	0.00452403	0.0180956	0.0166314	0.00299384	0.0156827	0.00369585	0.0166013	0.0135859	0.0433163	0.00484016	0.026722	0.593163	0.0283216	0.00762838	0.0763309	0.0371419	0.0342151	0.000701844	0.00529349
158	0.0114958	0.0187465	0.000733218	0.00213725	0.0408735	0.000527285	0.00216723	0.112432	0.00432875	0.676166	0.0632119	0.00387487	0.00186823	0.00128026	0.00455966	0.00559025	0.00745997	0.0380986	0.00321971	0.00122963
159	0.00967975	0.00601199	0.0520057	0.0132248	0.0636812	0.00407733	0.258693	0.0121608	0.0147663	0.0572223	0.0123232	0.0974803	0.0101897	0.0321314	0.114611	0.0327663	0.0105314	0.00865952	0.00108777	0.188696
160	0.0520617	0.0069957	0.0944409	0.170621	0.000722918	0.0415795	0.0289166	0.00566281	0.153368	0.0202682	0.00914194	0.0970244	0.00571546	0.132431	0.0632257	0.0751443	0.0371227	0.00246784	0.000492798	0.00259657
161	0.0117207	0.0191909	0.000743563	0.00218689	0.0418222	0.000505251	0.00213102	0.112662	0.00435035	0.673743	0.0634775	0.00384538	0.00186496	0.0013112	0.00465338	0.00556136	0.00752663	0.0382318	0.00329874	0.0011734
162	0.0743853	0.0205105	0.00921831	0.0244385	0.0149965	0.00858996	0.0105368	0.104982	0.0457147	0.189155	0.096101	0.00861035	0.00227791	0.0175483	0.0576391	0.0861506	0.141081	0.0778595	0.000785354	0.00941892
163	0.0287062	0.0196818	0.00116379	0.00265038	0.0193495	0.00299034	0.00162541	0.345121	0.00324457	0.266801	0.0204308	0.00203402	0.00683558	0.00364211	0.00376456	0.0241269	0.0353925	0.205822	0.00102374	0.00559404
164	0.0175944	0.0122826	0.00382845	0.0129271	0.002989	0.00587002	0.0238468	0.0183169	0.464287	0.032062	0.00313304	0.0360448	0.00245118	0.0463221	0.2042	0.026601	0.0534425	0.0226655	0.00349025	0.00764506
165	0.0521498	0.00706074	0.0935056	0.170921	0.000728672	0.041784	0.0288005	0.00566677	0.153564	0.0202779	0.00911798	0.096513	0.00575384	0.132708	0.0633734	0.0752038	0.0373102	0.00245952	0.000479907	0.00262105
166	0.0605547	0.0163815	0.0114303	0.0529532	0.020121	0.00354793	0.0108488	0.100591	0.0496961	0.269544	0.13185	0.00688908	0.00187963	0.00901148	0.0560024	0.0619949	0.0556177	0.0692319	0.000601594	0.0112529
167	0.0122285	0.0187227	0.000578059	0.00159671	0.0345409	0.000734181	0.00134262	0.207316	0.00334157	0.533547	0.0505174	0.0030156	0.00194089	0.00148979	0.00355327	0.0100985	0.0136996	0.0961422	0.00257704	0.00301775
168	0.133688	0.0379167	0.0168507	0.010322	0.00268634	0.0122111	0.0210242	0.090229	0.0336646	0.0795924	0.0299255	0.0122879	0.00171323	0.0346152	0.0348639	0.150523	0.17508	0.114958	0.000659391	0.00718839
169	0.0395882	0.0244852	0.000811789	0.00360692	0.0116451	0.00149957	0.00212879	0.21981	0.00249593	0.0735074	0.0172276	0.00247266	0.00605764	0.00433983	0.00375474	0.0121025	0.0555235	0.50648	0.00249208	0.00997088
170	0.0194685	0.00803767	0.0121644	0.00510564	0.0123866	0.00289878	0.00354454	0.0326413	0.0134234	0.655178	0.105989	0.0170617	0.00773544	0.00489201	0.00591388	0.0390345	0.00870838	0.0174785	0.00157587	0.0267624
171	0.165454	0.0214934	0.0175983	0.0168603	0.00206025	0.0171774	0.0193475	0.0887739	0.0475944	0.0625281	0.0318261	0.0136006	0.00279843	0.0439162	0.0572929	0.126447	0.147979	0.109745	0.000539872	0.0069682
172	0.00807946	0.00401925	0.0174976	0.00870379	0.154195	0.003094	0.279673	0.0344663	0.022663	0.092286	0.00833317	0.0655318	0.0414627	0.0122498	0.026839	0.0360376	0.00652553	0.00687404	0.00139905	0.170069
173	0.00453367	0.00978122	0.000534921	0.00457853	0.329862	0.000509155	0.0220674	0.00517153	0.00517392	0.0315913	0.000571347	0.000923951	0.0025629	0.00901725	0.00940467	0.00820075	0.00327243	0.00313065	0.0097504	0.539362
174	0.00764947	0.00303129	0.304645	0.0689903	0.00580729	0.0278327	0.0370661	0.011136	0.0172005	0.0159919	0.00515591	0.273843	0.00518109	0.0174679	0.0223589	0.0797804	0.0797844	0.00685503	0.000551538	0.0096709
175	0.0654629	0.00482024	0.0136579	0.0312706	0.00104069	0.0349527	0.00468541	0.00516426	0.0270269	0.0499398	0.00417633	0.0336407	0.459581	0.0452609	0.0150129	0.116155	0.0587181	0.0215519	0.000495059	0.00738665
176	0.175622	0.0264806	0.0261633	0.0224538	0.00574945	0.0209462	0.0219482	0.0659987	0.0229931	0.0797108	0.0254478	0.0122526	0.00224509	0.0457004	0.0401019	0.167749	0.136887	0.0827538	0.000937846	0.0178592
177	0.217418	0.112296	0.00380027	0.00350145	0.00434696	0.0184108	0.00289957	0.0365832	0.0105627	0.0164683	0.0161017	0.0237269	0.0173815	0.00406048	0.00781038	0.0988827	0.278064	0.113515	0.000806991	0.0133622
178	0.00167575	0.0101548	0.869059	0.0252635	0.00068746	0.0133976	0.00372659	0.0043895	0.0043702	0.0015103	0.000921549	0.0429942	0.000504574	0.00121367	0.00115529	0.00524403	0.00165958	0.00144539	0.000371483	0.0102551
179	0.55786	0.0180863	0.0025086	0.00798412	0.00657486	0.0566439	0.00391578	0.0108018	0.00225046	0.0183404	0.000973661	0.00556101	0.0255962	0.00216178	0.00480038	0.20073	0.0399332	0.0288342	0.000424587	0.00601855
180	0.011756	0.0207563	0.00984766	0.00411083	0.00745288	0.00739024	0.00309516	0.00290545	0.00691645	0.0213603	0.00157148	0.00540413	0.00581853	0.00676683	0.00242671	0.814954	0.0604362	0.00504583	0.000482767	0.00150181
181	0.0825832	0.0117865	0.0821504	0.115868	0.00110209	0.0558475	0.00751637	0.00813625	0.0800124	0.0322195	0.0327568	0.0675304	0.0165262	0.139735	0.0336955	0.178932	0.0332979	0.00978289	0.000560782	0.00995966
182	0.00998272	0.00517565	0.0663682	0.0428159	0.0857377	0.00435683	0.0797733	0.0410201	0.129857	0.0101366	0.00421711	0.0754182	0.00323059	0.0401981	0.00716462	0.0834345	0.109004	0.10644	0.00148033	0.0941891
183	0.0333275	0.00290066	0.00960758	0.00779567	0.000522244	0.854668	0.000839497	0.000992967	0.00559356	0.00354937	0.000490397	0.00343638	0.000444852	0.000961596	0.0183553	0.0414256	0.00640807	0.00132235	0.00681261	0.000545351
184	0.0125545	0.0136327	0.000349523	0.000899878	0.03596	0.00166108	0.000359859	0.36332	0.00268195	0.29892	0.0349972	0.00168172	0.00263113	0.00272692	0.00292951	0.00874858	0.0236929	0.180467	0.00239764	0.00938782
185	0.0328834	0.00291262	0.00960287	0.00780449	0.000522135	0.855459	0.000839095	0.000924414	0.00556651	0.00352416	0.000489437	0.0034364	0.000427385	0.000884976	0.0183206	0.0414971	0.00634565	0.00126668	0.00675689	0.000535774
186	0.524305	0.0268828	0.0036951	0.00830321	0.0145819	0.0834016	0.00552784	0.0164223	0.00262276	0.0131603	0.00409703	0.00798855	0.0203134	0.0021489	0.00441075	0.148645	0.0507754	0.0480112	0.00172266	0.0129841
187	0.0389941	0.0232105	0.000809595	0.00388459	0.0112076	0.00165641	0.00231543	0.2355	0.0024823	0.0703599	0.0172592	0.00197863	0.00523746	0.00427657	0.0034468	0.0112339	0.0493534	0.505036	0.00206448	0.00969356
188	0.0102621	0.0149908	0.000801359	0.00190023	0.0328846	0.00137375	0.00182928	0.117627	0.00470354	0.689936	0.0542456	0.00349795	0.00163464	0.00190966	0.00484757	0.005136	0.00789551	0.0404304	0.0027752	0.00131808
189	0.0700742	0.0220401	0.00478015	0.0189333	0.0640504	0.00462249	0.00291787	0.0709113	0.0304105	0.256452	0.169862	0.0101432	0.00115643	0.0160607	0.0332494	0.0538935	0.0374744	0.0950279	0.000476456	0.0374639
190	0.0170375	0.0155183	0.00346752	0.00507935	0.00246863	0.00275206	0.125469	0.0165022	0.00553692	0.0167535	0.0245621	0.0246182	0.00290623	0.600619	0.02838	0.0284541	0.0259152	0.0058377	0.000973042	0.0471495
191	0.0292137	0.00630019	0.02559	0.011791	0.00585228	0.00833908	0.00482816	0.0591039	0.0111186	0.0904224	0.00839456	0.0148212	0.505468	0.0174425	0.00715089	0.0510379	0.0413675	0.0936103	0.0020672	0.00608029
