681	20
1	0.0425751	0.0136248	0.00698679	0.00978296	0.0574477	0.0159883	0.0207925	0.11657	0.0342447	0.302232	0.073876	0.0212224	0.00910811	0.0189354	0.0274656	0.058787	0.0453593	0.101154	0.00300997	0.0208376
2	0.00927079	0.0155982	0.00102474	0.00128542	0.257409	0.00656378	0.00656862	0.153387	0.00592098	0.353932	0.0476486	0.00201393	0.00792755	0.00616094	0.00737813	0.00938578	0.0135721	0.0742626	0.00144536	0.0192459
3	0.104225	0.0142772	0.00669121	0.00735117	0.00283422	0.0171	0.0237902	0.0110413	0.0130109	0.0240063	0.00318322	0.0443351	0.265247	0.016018	0.00852803	0.220459	0.163253	0.0474225	0.00327235	0.00395432
4	0.0241839	0.000614795	0.000442851	0.00100217	0.0350171	0.00123132	0.00165239	0.316347	0.00115975	0.230153	0.052344	0.000632249	0.000822939	0.00642854	0.000408493	0.00748926	0.0272141	0.289106	0.000417172	0.00333418
5	0.1208	0.0231847	0.00521046	0.00342381	0.00346522	0.0735078	0.0181745	0.0193008	0.0125904	0.0240835	0.0442343	0.0619353	0.0154641	0.0195933	0.0101855	0.294459	0.219129	0.0238773	0.00411127	0.00326915
6	0.0146245	0.00354154	0.215662	0.566456	0.00392373	0.0272549	0.0139718	0.0047323	0.0234253	0.00939854	0.00232422	0.0203637	0.00534348	0.0369104	0.0125545	0.0131948	0.00693455	0.00763284	0.00102383	0.0107269
7	0.00757382	0.0103952	0.000743481	0.000853973	0.161557	0.00261647	0.00222632	0.12888	0.00214238	0.515076	0.0482334	0.000819349	0.00290451	0.00456922	0.00255688	0.00581332	0.0100549	0.0829175	0.000904384	0.00916203
8	0.0115436	0.0115146	0.00166866	0.0142048	0.00214793	0.0185648	0.0282631	0.00653409	0.39787	0.0108857	0.00901514	0.0256875	0.0121681	0.0372851	0.345222	0.0339446	0.016747	0.00467076	0.00835623	0.00370636
9	0.015795	0.0931177	0.00704663	0.0343743	0.0666667	0.00950775	0.159443	0.00669832	0.0188489	0.0216287	0.0065063	0.06005	0.0176785	0.0813426	0.0417231	0.108807	0.0405412	0.0223522	0.00719488	0.180677
10	0.00800503	0.0182152	0.00126119	0.00204756	0.307604	0.0111175	0.00957222	0.131729	0.00826645	0.338348	0.0456276	0.00297492	0.0126768	0.0060821	0.0104678	0.0106484	0.0120044	0.0373111	0.00169363	0.0243469
11	0.148812	0.021451	0.00491378	0.00404439	0.00376209	0.0978676	0.0108101	0.0143028	0.00623705	0.013114	0.013551	0.0952011	0.0290376	0.0121361	0.00905972	0.334451	0.135409	0.0382506	0.00391447	0.00367449
12	0.015048	0.00191876	0.217799	0.61672	0.00417892	0.026252	0.0101485	0.00473109	0.0196826	0.00542692	0.00143941	0.0130439	0.00348036	0.0225886	0.00669779	0.0084658	0.00479286	0.00555313	0.00057402	0.0114584
13	0.0532982	0.0150106	0.00677677	0.0451003	0.0219929	0.0118999	0.0808632	0.0559496	0.0367325	0.110595	0.0384548	0.0234736	0.0248068	0.172336	0.0565437	0.0823263	0.0655651	0.0699375	0.00705975	0.0212786
14	0.0167223	0.00604611	0.316017	0.240691	0.00328003	0.0501162	0.0311355	0.00995605	0.0361036	0.0122307	0.00616025	0.112531	0.0116026	0.0391507	0.0171805	0.0449265	0.0180338	0.0116781	0.00194162	0.0144964
15	0.156667	0.0124613	0.00438536	0.00452596	0.00370815	0.0590023	0.00942635	0.022851	0.00614004	0.00936925	0.0109151	0.0727572	0.081249	0.0293808	0.0105375	0.27783	0.185257	0.0333778	0.0066441	0.00351541
16	0.0823424	0.00582945	0.0031451	0.00532056	0.00854944	0.0133975	0.0322374	0.0301675	0.180015	0.0366827	0.0208634	0.0401275	0.00605294	0.0561658	0.174738	0.125732	0.126598	0.0438535	0.000824086	0.00735859
17	0.00337298	0.0633468	0.00280592	0.00255126	0.257204	0.00749563	0.0393737	0.012508	0.00239854	0.0716425	0.00219367	0.0138496	0.00227316	0.00757838	0.0081343	0.0355428	0.0155227	0.0304749	0.013381	0.40835
18	0.00423864	0.00607034	0.00147587	0.0172052	0.000961597	0.0094341	0.0303831	0.00741455	0.448672	0.00538894	0.00750038	0.0310487	0.00500816	0.0457672	0.327906	0.0218059	0.0197542	0.00447394	0.00228761	0.00320387
19	0.0253009	0.00164307	0.00103241	0.000990306	0.0257118	0.00243014	0.00189023	0.373725	0.00101764	0.161635	0.0390556	0.000914851	0.00170898	0.00446607	0.000609873	0.00861843	0.0221558	0.324253	0.000334195	0.00250796
20	0.00201297	0.00125456	0.000679937	0.000819447	0.0439006	0.000687398	0.000758927	0.0998434	0.000591141	0.747604	0.0373923	0.000649636	0.000703651	0.000781768	0.000958158	0.00197537	0.00168667	0.0559635	0.000276084	0.00146026
21	0.014979	0.00973128	0.00720387	0.0261954	0.00420652	0.0141305	0.0336058	0.0114992	0.384813	0.0171042	0.0113992	0.0353101	0.00752144	0.049938	0.276485	0.0398452	0.0325922	0.013704	0.00276813	0.00696735
22	0.0110421	0.00380641	0.00302677	0.00309993	0.00457405	0.004329	0.0235867	0.00466467	0.00375321	0.0144132	0.00325923	0.010688	0.819046	0.0150671	0.0040799	0.0414854	0.0175416	0.0086382	0.000850301	0.00304856
23	0.0123773	0.00717947	0.0044189	0.0067308	0.0277134	0.0101492	0.00908111	0.00917999	0.00982894	0.0328511	0.0066102	0.00916883	0.00541694	0.00847468	0.00981132	0.0194298	0.0100597	0.0102358	0.782399	0.00888388
24	0.0145733	0.00866362	0.00537747	0.00583208	0.02454	0.0101369	0.00992759	0.00969449	0.00976311	0.0318877	0.00800548	0.012427	0.00623525	0.00863373	0.00933701	0.0232281	0.0107741	0.011875	0.768287	0.0108013
25	0.0151512	0.00349258	0.28292	0.409321	0.00338882	0.040439	0.0189677	0.00838945	0.0260215	0.00975908	0.00451589	0.0628228	0.00802588	0.0329407	0.012363	0.0254607	0.0117177	0.0103168	0.00160152	0.0123846
26	0.0452013	0.00421664	0.00205369	0.00179037	0.023112	0.00325556	0.00275151	0.337859	0.00255358	0.150652	0.0368126	0.00213695	0.00197962	0.00403966	0.00197789	0.0213188	0.0361515	0.318454	0.00038571	0.00329686
27	0.00352587	0.00941245	0.000957337	0.000984163	0.208986	0.00245014	0.00178582	0.0774237	0.00126622	0.584308	0.0399455	0.00104892	0.0022735	0.00306929	0.00186964	0.00489843	0.00497306	0.0426535	0.000929988	0.00723817
28	0.116138	0.0719575	0.00519874	0.00650832	0.0103503	0.031407	0.0408927	0.0169678	0.0128449	0.0629084	0.158098	0.0158193	0.00689856	0.0177719	0.00946614	0.147267	0.214163	0.0161172	0.0311385	0.00808729
29	0.014547	0.0018075	0.234313	0.578554	0.00376197	0.0291817	0.012933	0.00498946	0.0209034	0.00511693	0.00191677	0.0233924	0.00394595	0.0217145	0.00672882	0.0105121	0.00626995	0.00596433	0.000541747	0.0129053
30	0.00975513	0.0421559	0.00971048	0.0120419	0.186624	0.00815443	0.089399	0.00988231	0.00894112	0.04509	0.00631378	0.0266202	0.00695901	0.0187944	0.0156295	0.0365966	0.0153529	0.0154107	0.00595426	0.430615
31	0.00111944	0.000456726	0.000661214	0.000741587	0.030732	0.00023921	0.000286705	0.0955376	0.000201055	0.778874	0.0357211	0.0002599	0.000255473	0.000305117	0.000205246	0.00110988	0.000360507	0.0524834	0.000257012	0.000192956
32	0.104669	0.0382686	0.00974218	0.0122989	0.0147045	0.0773722	0.0112115	0.0634525	0.0114508	0.0294281	0.0215469	0.0644325	0.0127133	0.0101997	0.0131966	0.254981	0.1545	0.0864909	0.00112388	0.00821745
33	0.0283235	0.00129614	0.000717624	0.00122509	0.0372878	0.00134848	0.00203321	0.305475	0.00263022	0.21411	0.0528923	0.000729554	0.000925648	0.00656855	0.000651391	0.00886707	0.0273623	0.299286	0.00114913	0.00712071
34	0.0981246	0.00740154	0.0038957	0.000829805	0.0164573	0.000874088	0.00375379	0.253358	0.00245756	0.134271	0.0361047	0.000743438	0.000714469	0.00318076	0.000527563	0.0347573	0.057708	0.341414	0.000239992	0.00318644
35	0.0147428	0.00675494	0.00198419	0.00648079	0.0690862	0.00494403	0.00721579	0.109082	0.007404	0.554148	0.064857	0.00573017	0.0045921	0.00990707	0.0066436	0.0194599	0.018339	0.0796753	0.00117019	0.00778288
36	0.00221263	0.00068285	0.000644594	0.0007605	0.0336496	0.000319646	0.000409204	0.100828	0.000334921	0.758484	0.0369996	0.000281986	0.000358636	0.000596513	0.000323873	0.00150299	0.00175243	0.0589307	0.000293507	0.000634209
37	0.00480971	0.00162439	0.000849782	0.00137724	0.0403111	0.000835608	0.0013851	0.111331	0.0011561	0.697738	0.049064	0.000607987	0.00101032	0.0022045	0.0010844	0.00487285	0.00554667	0.0715254	0.000430422	0.00223524
38	0.0287557	0.000801174	0.00052855	0.00103108	0.0341172	0.000862478	0.00173234	0.308344	0.000502537	0.235291	0.0552633	0.000496738	0.000634021	0.00697673	0.000377422	0.00888984	0.0311091	0.281178	0.000228113	0.00288125
39	0.173948	0.0254592	0.00268223	0.0174201	0.00497235	0.318251	0.00458804	0.0094596	0.0287933	0.0101831	0.00427518	0.0263196	0.0150493	0.0049895	0.0175798	0.267951	0.038104	0.0107918	0.0167659	0.0024175
40	0.01811	0.00286783	0.00146822	0.00157938	0.0180418	0.00828409	0.00178604	0.450907	0.00207702	0.0712936	0.0248221	0.00142612	0.0027051	0.00155977	0.00154768	0.00933985	0.0119663	0.367272	0.000494364	0.00245214
41	0.00737225	0.0135284	0.000911123	0.00116331	0.199952	0.00432686	0.00363016	0.10943	0.00314929	0.499276	0.0472007	0.00143722	0.00502391	0.00553122	0.00454488	0.00853586	0.0100924	0.0623966	0.000960624	0.011537
42	0.167808	0.025802	0.00197324	0.0223848	0.00449617	0.386007	0.00300856	0.00981533	0.0363416	0.00841126	0.0022524	0.0109019	0.0104609	0.00296351	0.0200329	0.235546	0.0240121	0.00552891	0.0200646	0.00218786
43	0.0262877	0.349286	0.00811941	0.0196385	0.0248028	0.205545	0.0146476	0.0208347	0.0110301	0.0504884	0.0490251	0.0273824	0.00942485	0.0156044	0.0152583	0.0957736	0.0237651	0.0204176	0.00454859	0.00811975
44	0.232622	0.0163546	0.00631544	0.00814905	0.00835078	0.0388757	0.0109459	0.0400767	0.0107855	0.0214735	0.0203858	0.0383304	0.0378706	0.0183684	0.0115227	0.218855	0.164147	0.0843743	0.00588322	0.00631336
45	0.0135544	0.00415884	0.0174785	0.0216258	0.0339686	0.0039484	0.00516292	0.0750625	0.00449852	0.633146	0.0508291	0.0048163	0.00827096	0.0059604	0.00324036	0.0122839	0.00995955	0.0795596	0.00120794	0.0112672
46	0.0300233	0.0185467	0.0178019	0.078347	0.0523821	0.0199888	0.0523558	0.0421401	0.0369528	0.190162	0.0321329	0.030506	0.0137977	0.186849	0.0358205	0.0541668	0.0344364	0.0467846	0.00765217	0.0191531
47	0.0216499	0.000461104	0.000368173	0.000967078	0.0360467	0.000799189	0.00146383	0.284612	0.000332389	0.30756	0.0535376	0.000453845	0.00051601	0.00636709	0.000317465	0.00661419	0.0257258	0.249563	0.000183625	0.00246084
48	0.110111	0.0231335	0.00944506	0.0152697	0.0263381	0.0253958	0.0139901	0.0630869	0.0129766	0.0652194	0.0577843	0.0310274	0.0177773	0.0160409	0.0145313	0.202859	0.194579	0.0861163	0.0022283	0.0120913
49	0.0338409	0.0176295	0.0299189	0.0256396	0.00711473	0.0137632	0.197264	0.00634187	0.0830737	0.0146217	0.00449002	0.0646528	0.0462249	0.202196	0.097158	0.0898764	0.0283467	0.0120169	0.002204	0.0236269
50	0.00925425	0.00125735	0.394138	0.221023	0.0010049	0.0566641	0.0226539	0.0110548	0.0269081	0.00450385	0.00619788	0.126258	0.00761175	0.0204869	0.00759305	0.0370954	0.021173	0.0120877	0.000318149	0.0127157
51	0.0259015	0.00707895	0.00339703	0.0181334	0.00513318	0.0163489	0.0400149	0.0131653	0.335011	0.0223826	0.0148217	0.0354278	0.00704754	0.0550724	0.275247	0.0514244	0.0455845	0.0226701	0.00202779	0.0041099
52	0.0256752	0.00047941	0.000341518	0.000998994	0.0359006	0.000769052	0.00165378	0.304913	0.000358521	0.246705	0.0568035	0.000473929	0.000539883	0.00738071	0.000330281	0.00763584	0.030299	0.275708	0.000185126	0.00284878
53	0.140777	0.011419	0.00627182	0.000742529	0.00733489	0.00106307	0.00527829	0.214079	0.00393987	0.0822219	0.0222271	0.00107421	0.00103867	0.00106112	0.000788655	0.0488059	0.0744643	0.373688	0.000329991	0.00339533
54	0.0574262	0.00383447	0.00104849	0.00299589	0.0100166	0.0104815	0.0340786	0.0293178	0.214024	0.0410916	0.0203751	0.0439339	0.00321654	0.0542525	0.204365	0.110488	0.109602	0.0405471	0.000459052	0.00844677
55	0.0511305	0.0186187	0.00888533	0.020482	0.00853977	0.111108	0.038729	0.0132476	0.212315	0.0208946	0.0106042	0.0421426	0.0331872	0.0486811	0.195594	0.109908	0.0245228	0.0141278	0.0075655	0.00971561
56	0.0242758	0.0141053	0.00777587	0.0114415	0.0213609	0.0208631	0.0627275	0.137312	0.0155482	0.204165	0.0177258	0.0160556	0.0545769	0.0184611	0.225626	0.0388694	0.021367	0.0697704	0.00446847	0.0135042
57	0.00410346	0.0059777	0.00120478	0.016018	0.000695345	0.00949675	0.0290166	0.0073719	0.456824	0.00468081	0.00722357	0.0309189	0.00500881	0.0441773	0.32658	0.0215423	0.0194661	0.00413806	0.00234528	0.00321037
58	0.107759	0.0223576	0.0156122	0.0183209	0.0146288	0.0297137	0.0251634	0.0444554	0.0201171	0.0252175	0.020577	0.101981	0.0183408	0.0210033	0.0220813	0.174605	0.212192	0.07059	0.00388833	0.0313959
59	0.00893789	0.00290298	0.343032	0.177728	0.0027545	0.0569314	0.0331375	0.00911717	0.0379792	0.00725617	0.0057198	0.193926	0.00675999	0.0177416	0.00821674	0.0334354	0.0162689	0.00902637	0.00116177	0.0279667
60	0.00257558	0.00146535	0.000790038	0.00110097	0.0399067	0.00074577	0.000754081	0.094223	0.00141237	0.752019	0.0390203	0.000712842	0.000669983	0.00106903	0.000910202	0.00261815	0.00273635	0.0554724	0.00037213	0.00142542
61	0.0132227	0.00514342	0.297618	0.284554	0.00322077	0.0455214	0.0289321	0.00978883	0.0348842	0.0144323	0.00687521	0.0908308	0.010522	0.0486791	0.0198443	0.0355052	0.0194776	0.018237	0.00134582	0.0113657
62	0.00752936	0.0155041	0.00205565	0.00240078	0.275189	0.0100639	0.0205808	0.162205	0.0204554	0.274587	0.0336919	0.00458821	0.0105658	0.00700839	0.0233387	0.0163812	0.0114467	0.0385847	0.00509857	0.0587253
63	0.0154208	0.0229685	0.0151361	0.0204595	0.0131312	0.0113468	0.27337	0.0070193	0.0358784	0.0255498	0.00441135	0.0768133	0.0124147	0.217665	0.0591328	0.0547614	0.0226358	0.00918074	0.00300918	0.0996957
64	0.0351881	0.0180417	0.0314416	0.0977943	0.0138898	0.02036	0.0807748	0.0206604	0.0895143	0.0419511	0.0126394	0.0509532	0.0217104	0.199094	0.0840044	0.0795187	0.0426744	0.0308686	0.00476279	0.0241578
65	0.00334796	0.0443798	0.00250538	0.00372261	0.288038	0.00455342	0.0346189	0.00789409	0.00252952	0.0523642	0.00340557	0.0100883	0.0023085	0.0040365	0.00407311	0.0175101	0.0066228	0.0100988	0.00484485	0.493058
66	0.0996006	0.0220144	0.0145905	0.0342953	0.0163592	0.0173267	0.0172852	0.0997055	0.013359	0.0208509	0.0211043	0.0657057	0.00886893	0.01304	0.0150794	0.209257	0.161909	0.130486	0.000973363	0.0181888
67	0.00279457	0.0467132	0.00148556	0.00243021	0.319211	0.00361348	0.0238357	0.00456273	0.00190061	0.0506923	0.00242328	0.00786653	0.00192059	0.00236786	0.00269706	0.0130969	0.00496227	0.00788129	0.0042844	0.49526
68	0.00286446	0.00081371	0.000481019	0.000846898	0.0185285	0.00493845	0.00104399	0.505934	0.000843392	0.0679172	0.0245474	0.000977492	0.00288441	0.00107302	0.00078898	0.00237848	0.00329272	0.358117	0.000330775	0.00139809
69	0.0439341	0.0187551	0.170387	0.0924391	0.00730927	0.0545292	0.0368539	0.0118814	0.0241418	0.020841	0.0065239	0.221701	0.0104487	0.0260696	0.0222746	0.155794	0.0378123	0.0156471	0.00442338	0.0182336
70	0.0540314	0.031297	0.0154218	0.0223147	0.0195334	0.0217439	0.15732	0.0230045	0.045539	0.0342156	0.0120322	0.0966979	0.0158858	0.132244	0.0534684	0.121328	0.0404739	0.0211306	0.00793325	0.0743854
71	0.0173816	0.0140629	0.00351308	0.0132895	0.0877252	0.00756977	0.0139616	0.172021	0.0585718	0.1143	0.0907037	0.00919954	0.0110995	0.0186258	0.010628	0.0414542	0.0263753	0.205333	0.0294994	0.054685
72	0.0435538	0.233389	0.012013	0.0222237	0.061189	0.0619679	0.0471082	0.0286322	0.0203485	0.05713	0.0210171	0.0475253	0.0165283	0.0260903	0.0241014	0.11392	0.0479579	0.0377882	0.00641322	0.0711028
73	0.0130682	0.0422396	0.00741508	0.011783	0.168301	0.00849825	0.104679	0.0157292	0.00976123	0.0432458	0.00634259	0.0268488	0.00616931	0.0213389	0.0155799	0.0401085	0.0185187	0.0220354	0.0045109	0.413827
74	0.0118413	0.0107846	0.115783	0.510103	0.00384961	0.0201337	0.0288304	0.00200587	0.0411256	0.0289842	0.00467976	0.0065742	0.0124812	0.111763	0.0377147	0.0188926	0.0104692	0.0164808	0.00275896	0.00474471
75	0.0179677	0.0101999	0.0268123	0.0698302	0.0215896	0.0168017	0.0576563	0.00671875	0.210251	0.0635068	0.0328337	0.0691156	0.00501495	0.0621842	0.20736	0.0429996	0.0363496	0.0386883	0.00101263	0.00310733
76	0.0663724	0.0120216	0.0141516	0.069241	0.0268654	0.0172983	0.0586266	0.0105526	0.158821	0.0437397	0.0198443	0.0466774	0.00776803	0.0939571	0.191755	0.072182	0.0513101	0.0267982	0.00237598	0.00964113
77	0.0103971	0.000946423	0.000562875	0.000832524	0.0367878	0.000578189	0.000850001	0.185973	0.000451456	0.552697	0.0427273	0.000364516	0.000486514	0.0031038	0.000326851	0.00397252	0.0117401	0.145311	0.000308185	0.00158354
78	0.0489837	0.0171744	0.0113061	0.00963348	0.0119027	0.0142905	0.131603	0.0132759	0.0169332	0.075238	0.00872209	0.0324178	0.35064	0.0322741	0.0221827	0.117341	0.0344223	0.0335058	0.00306181	0.0150909
79	0.0104128	0.0155911	0.00397691	0.00463874	0.0761132	0.00894948	0.0118397	0.0164855	0.00526089	0.0755753	0.00841299	0.00968357	0.00514309	0.00818224	0.00649688	0.0204579	0.0106227	0.0207875	0.647496	0.0338738
80	0.00305939	0.0518601	0.00156718	0.00201247	0.371984	0.00398561	0.0182546	0.00413319	0.00199998	0.0520821	0.00247085	0.00758989	0.00206891	0.00261817	0.00271458	0.0137261	0.00556002	0.00846128	0.00433459	0.439517
81	0.187254	0.0188393	0.00539149	0.00479622	0.00404388	0.108473	0.0116861	0.0115184	0.00781693	0.0131696	0.0125603	0.0890277	0.0332542	0.0142741	0.00976029	0.316642	0.114784	0.0276502	0.00610914	0.00294814
82	0.00530261	0.00629207	0.00207493	0.0205514	0.00120378	0.00944572	0.0319036	0.00768206	0.43567	0.00664802	0.00796923	0.0304977	0.0053536	0.0482919	0.325132	0.0233129	0.021249	0.00566441	0.00242416	0.00333073
83	0.00303448	0.0509004	0.00134685	0.00202178	0.39622	0.00438476	0.0182312	0.00501527	0.00214169	0.0530219	0.00283003	0.0074507	0.0021081	0.00273658	0.00277469	0.0140854	0.00595993	0.00899319	0.00453832	0.412205
84	0.0059388	0.0140136	0.00114739	0.000997024	0.255588	0.00330784	0.00289486	0.0824048	0.0020246	0.489358	0.0435824	0.00139801	0.00355437	0.00470836	0.00302936	0.00911092	0.00790443	0.0534986	0.00140653	0.0141327
85	0.0179398	0.00439219	0.00313618	0.00231525	0.0023077	0.00409676	0.0253695	0.00330089	0.00531968	0.00864296	0.0020993	0.0145265	0.788649	0.0153858	0.00310719	0.0645779	0.0230185	0.00814434	0.000868773	0.00280154
86	0.0116274	0.0389344	0.0103269	0.0102827	0.161474	0.0108847	0.110136	0.0146998	0.00967193	0.0497597	0.00693542	0.0301506	0.00788829	0.0207591	0.0162631	0.0390185	0.0163997	0.0191162	0.00925047	0.406421
87	0.0160075	0.000594401	0.000523149	0.00107722	0.0326756	0.000600446	0.00123616	0.219342	0.000566753	0.461534	0.0476503	0.00039718	0.000566529	0.00462325	0.00029679	0.00562898	0.0173079	0.187241	0.000254635	0.00187633
88	0.143776	0.0124092	0.00655102	0.00134563	0.00771962	0.00194039	0.00568109	0.199117	0.00434868	0.0734476	0.0214283	0.00177094	0.00143878	0.00134714	0.00115343	0.051594	0.0830321	0.377364	0.000553515	0.00398154
89	0.00250882	0.00242486	0.000686392	0.000880017	0.0502197	0.000544256	0.000567493	0.0981059	0.000415808	0.739875	0.0367058	0.00039059	0.000752604	0.00108888	0.000468521	0.00214167	0.00232502	0.0582195	0.000370474	0.00130846
90	0.00561915	0.00318673	0.000656934	0.000845323	0.0707482	0.00103274	0.00106231	0.1307	0.00103509	0.632836	0.0474251	0.000449478	0.00125605	0.00244229	0.00115521	0.00332915	0.00689967	0.084593	0.000389682	0.00433753
91	0.0179545	0.0242899	0.0164863	0.0239813	0.0127767	0.0109446	0.30413	0.00685413	0.0367657	0.0263274	0.00414625	0.0825945	0.0154133	0.165332	0.0614885	0.0562703	0.0214664	0.0095618	0.00371869	0.0994968
92	0.0989799	0.0288374	0.0054885	0.00581047	0.00588767	0.0451496	0.0127018	0.0261043	0.00875726	0.0166078	0.0212755	0.0561934	0.0302815	0.0163819	0.0094259	0.334536	0.230279	0.0392208	0.0036483	0.00443317
93	0.00112496	0.000456731	0.00066117	0.000741877	0.0307745	0.00023921	0.000287416	0.095696	0.000202496	0.77853	0.0356938	0.000259975	0.000256928	0.000305512	0.00020529	0.00111159	0.00036538	0.05264	0.0002544	0.000193217
94	0.00261516	0.000820292	0.000481371	0.000836858	0.0184015	0.00503328	0.0010241	0.508294	0.000847229	0.0658986	0.0241542	0.000980844	0.00291472	0.00100027	0.000792058	0.00233025	0.00299489	0.35887	0.000330448	0.00138041
95	0.00742701	0.0246851	0.00126984	0.00156453	0.35446	0.00530121	0.00543812	0.0729872	0.0035122	0.346836	0.0449284	0.0026763	0.00642871	0.00658359	0.00494031	0.0119892	0.0110893	0.0438671	0.00239328	0.0416232
96	0.029941	0.000866543	0.000536595	0.000972587	0.0345812	0.000756194	0.00181688	0.300076	0.000477159	0.240716	0.0559859	0.000489704	0.000526535	0.00719124	0.000348687	0.00917761	0.0319128	0.280481	0.000189149	0.00295641
97	0.105108	0.00784819	0.00428808	0.000775447	0.014798	0.000816989	0.00410068	0.24478	0.00267994	0.126684	0.033437	0.000794037	0.00071032	0.00293585	0.000652467	0.0348645	0.0600276	0.351244	0.000228629	0.00322607
98	0.117237	0.0776573	0.00821543	0.012286	0.0237646	0.0251592	0.0097484	0.0570933	0.00925759	0.0230719	0.0219433	0.0351467	0.0117173	0.00985643	0.00892655	0.229913	0.20164	0.105554	0.00187678	0.00993476
99	0.101265	0.0305797	0.00736982	0.00710756	0.00435418	0.173697	0.0134787	0.0112546	0.0124042	0.0146338	0.0101935	0.123153	0.0137698	0.00947475	0.0147009	0.336191	0.0880853	0.0190796	0.00604303	0.00316412
100	0.0560613	0.0346559	0.017374	0.0037468	0.00606303	0.0630154	0.029157	0.0079499	0.00481719	0.0194763	0.0042137	0.332679	0.0041804	0.0149342	0.0208648	0.315641	0.0528375	0.00816278	0.00102912	0.00314072
101	0.00785013	0.0216828	0.00130912	0.00193374	0.30228	0.00584089	0.00562771	0.0782867	0.00334425	0.381321	0.0409329	0.00296508	0.00418131	0.00520557	0.00379618	0.0124617	0.0109272	0.0539145	0.00193834	0.0542002
102	0.0133626	0.00721948	0.00390946	0.00541778	0.0257088	0.0086727	0.0107146	0.00942582	0.00651573	0.034697	0.00701979	0.0102502	0.00537656	0.00974328	0.00758496	0.0201625	0.010753	0.01049	0.785232	0.00774332
103	0.00573666	0.0133443	0.000914332	0.00106472	0.223558	0.00264688	0.0026337	0.0884175	0.00234742	0.516017	0.0461937	0.00159195	0.00330765	0.00501701	0.00268818	0.00695851	0.00822245	0.0558652	0.000889932	0.0125852
104	0.0127289	0.0263584	0.0101664	0.0150253	0.0131098	0.0114756	0.269696	0.00532318	0.0850367	0.0204362	0.00395501	0.105856	0.00776166	0.0948842	0.110875	0.0642146	0.0333289	0.00850387	0.00372265	0.0975428
105	0.00303131	0.0514952	0.00147384	0.00197565	0.402474	0.00441158	0.0178099	0.00398876	0.00215999	0.0501835	0.0024504	0.00745554	0.00200345	0.00261026	0.00274013	0.0138315	0.00582917	0.00815565	0.00429106	0.411629
106	0.0102641	0.00291687	0.00361402	0.00311516	0.00313866	0.00375341	0.0248183	0.00398909	0.00421209	0.00817006	0.00263558	0.0112738	0.83327	0.0159297	0.00438205	0.0382129	0.0151025	0.00747025	0.000913792	0.00281771
107	0.0810266	0.0350675	0.081276	0.0715643	0.011317	0.0994148	0.0488924	0.00362925	0.0470473	0.0397952	0.00516046	0.115789	0.0157863	0.0461495	0.0527988	0.159129	0.0163073	0.0109341	0.0212639	0.0376507
108	0.115936	0.0285253	0.00796683	0.00841996	0.00822105	0.045842	0.0139068	0.0341433	0.0119331	0.019679	0.0227305	0.0647637	0.0314168	0.0163396	0.012507	0.293818	0.199421	0.0549869	0.00326895	0.00617405
109	0.034388	0.290994	0.00670993	0.0106022	0.026013	0.0682565	0.014837	0.0171824	0.00844654	0.0377961	0.0198528	0.0300209	0.0111991	0.0127681	0.0143533	0.303191	0.0438261	0.0251683	0.00413703	0.0202569
110	0.241041	0.0162576	0.00763816	0.00834828	0.0074891	0.0743067	0.012938	0.018964	0.00983432	0.0180981	0.0129365	0.0550457	0.0390316	0.0149639	0.0105112	0.290557	0.106008	0.0446374	0.00633498	0.00505874
111	0.00839032	0.00693681	0.00162494	0.0169228	0.00148105	0.0115617	0.0329744	0.00874378	0.417812	0.00886339	0.00890548	0.0308682	0.00586447	0.0473845	0.323458	0.0290218	0.0252581	0.00757424	0.00271411	0.00363957
112	0.0222728	0.00118914	0.000762648	0.000887658	0.0264647	0.00257347	0.0015502	0.386522	0.000767431	0.160388	0.0401675	0.000713298	0.00157218	0.00425904	0.000558934	0.00752276	0.0211065	0.318275	0.000244571	0.00220255
113	0.0141768	0.00336561	0.229406	0.534513	0.00353145	0.0297696	0.0153016	0.00528085	0.0250036	0.00906162	0.00275815	0.0316041	0.00559144	0.0350515	0.0117305	0.0154796	0.0083036	0.00843481	0.000924162	0.010712
114	0.0407458	0.0195427	0.00798714	0.0182323	0.0371207	0.032693	0.122404	0.0330557	0.026287	0.22132	0.0363989	0.0452209	0.018167	0.107945	0.0301797	0.0762501	0.0400066	0.0476997	0.00617105	0.032573
115	0.00866506	0.0225056	0.00130588	0.00140955	0.29637	0.00551242	0.0072075	0.0812443	0.00371451	0.389545	0.0390528	0.00406272	0.00458205	0.00650541	0.00422478	0.0146887	0.0114092	0.0516959	0.00222018	0.0440786
116	0.0581349	0.00389934	0.00212369	0.00109066	0.0255886	0.00101532	0.00276921	0.28439	0.00180108	0.184344	0.0445988	0.000645644	0.000989088	0.00510717	0.00054748	0.0197361	0.0435663	0.316306	0.000298523	0.00304814
117	0.11942	0.0445109	0.00708114	0.00616797	0.00666076	0.0558383	0.0106212	0.0255206	0.00580995	0.0181352	0.0226835	0.0757634	0.0164142	0.0083395	0.00785644	0.37779	0.130445	0.0538534	0.00171646	0.00537288
118	0.0108185	0.000752818	0.000457459	0.000917875	0.0232482	0.00355319	0.0012024	0.442466	0.000787155	0.123322	0.0362876	0.000781701	0.00216446	0.00310649	0.000621533	0.00421656	0.012445	0.330617	0.000311606	0.00192212
119	0.00454116	0.00302674	0.00102849	0.00152676	0.0472841	0.00174442	0.00398785	0.0982013	0.00206953	0.713284	0.0379933	0.00182758	0.00174535	0.0026677	0.00246893	0.00693285	0.00435349	0.0599959	0.000838768	0.00448153
120	0.0834894	0.0360826	0.0797742	0.0631146	0.0115455	0.0950483	0.0505463	0.00383547	0.0440561	0.0396645	0.00525839	0.120711	0.0159874	0.0466866	0.0508054	0.163787	0.0175213	0.0108541	0.0213619	0.0398696
121	0.00818836	0.0066147	0.00337231	0.0235674	0.00241038	0.0102343	0.0351218	0.00823837	0.414466	0.00939277	0.00850429	0.0326282	0.00608841	0.0546358	0.30667	0.0301841	0.0254061	0.00828208	0.00229427	0.00370008
122	0.0420918	0.260836	0.0103513	0.0161887	0.0572927	0.0611509	0.0367939	0.0256509	0.0230234	0.0644271	0.0212392	0.0407315	0.018097	0.0234242	0.0237387	0.125841	0.0468644	0.0373477	0.00835607	0.0565534
123	0.0104939	0.0556691	0.00225003	0.00292063	0.345268	0.0138054	0.011417	0.0623493	0.00417497	0.244924	0.0335293	0.00592298	0.00481973	0.00817213	0.00647491	0.0240953	0.0165255	0.0455467	0.00469638	0.0969448
124	0.00837156	0.000994291	0.385143	0.248321	0.00114683	0.0543286	0.0228279	0.00969798	0.0280346	0.00453854	0.00533061	0.122447	0.00738411	0.0199706	0.00754287	0.0332305	0.0179422	0.00935182	0.000382917	0.0130127
125	0.0890062	0.036672	0.0206472	0.0178087	0.0150577	0.0566514	0.0340707	0.0276021	0.0313192	0.0316491	0.0147119	0.0859818	0.0431983	0.028158	0.0314212	0.284524	0.0856237	0.0419198	0.00652581	0.0174515
126	0.00758693	0.00301988	0.00229207	0.00342003	0.00233806	0.00312574	0.0236228	0.00449365	0.00672636	0.00692397	0.00225393	0.0107806	0.841736	0.0145888	0.00628305	0.0364902	0.0154414	0.00569055	0.000807008	0.00237944
127	0.0138996	0.00838049	0.00412402	0.00496335	0.0319075	0.0102752	0.00849354	0.0111883	0.00819213	0.0342065	0.00747566	0.0107445	0.00545441	0.00890134	0.00787503	0.0214169	0.0112143	0.0122155	0.768728	0.0103435
128	0.0973694	0.022668	0.01407	0.0167842	0.0147499	0.0365009	0.0271874	0.0510243	0.0334544	0.0400625	0.0252114	0.0524535	0.034061	0.0276745	0.0324922	0.184471	0.196397	0.0728924	0.00633278	0.0141437
129	0.11186	0.0239809	0.0103486	0.0148996	0.0136649	0.0254093	0.0116326	0.0670366	0.0154834	0.027328	0.0255785	0.044387	0.0185907	0.0150037	0.0161475	0.209635	0.238659	0.0971569	0.00179236	0.0114046
130	0.0086196	0.00716544	0.00188757	0.0184425	0.00192547	0.0108029	0.0338733	0.00851575	0.405756	0.00909825	0.00920149	0.0305382	0.00564654	0.0498148	0.32907	0.0301972	0.0250717	0.00790237	0.00282793	0.0036432
131	0.211411	0.0207381	0.0120826	0.0121652	0.0122825	0.0671982	0.0167386	0.0322569	0.0150265	0.0275485	0.015832	0.0613146	0.03699	0.0177611	0.0162928	0.243828	0.103934	0.0621576	0.00631953	0.00812237
132	0.00338418	0.000749133	0.000723026	0.000752715	0.0323565	0.000513798	0.0004842	0.121693	0.000295478	0.718445	0.0370599	0.000388137	0.00043737	0.000913722	0.000310202	0.00206008	0.00285117	0.075551	0.000284122	0.000747505
133	0.0594338	0.0452946	0.0184353	0.00671228	0.00678976	0.0698662	0.0357521	0.00893224	0.00881612	0.020738	0.00663055	0.243459	0.0100591	0.0189842	0.0228393	0.339538	0.0560692	0.0120266	0.00210835	0.00751579
134	0.0127366	0.00711083	0.0204087	0.053079	0.00757623	0.0131249	0.0476801	0.0108262	0.327899	0.0224609	0.0126833	0.0482394	0.00744998	0.0603927	0.263331	0.0382298	0.0271627	0.0139656	0.00174209	0.00390059
135	0.132687	0.0182237	0.0101375	0.0124312	0.0130062	0.0141538	0.0118501	0.104746	0.0348367	0.0428135	0.0238052	0.0295974	0.00975255	0.0123255	0.027212	0.127006	0.160421	0.204331	0.000780724	0.00988172
136	0.174665	0.0276831	0.00845717	0.0101133	0.0110392	0.0460477	0.0116241	0.0382415	0.0089312	0.0219632	0.0158998	0.0547065	0.0286153	0.012834	0.0103392	0.298234	0.131889	0.0783852	0.00289033	0.0074412
137	0.0973081	0.0196245	0.0119125	0.0158145	0.00968602	0.0615334	0.018314	0.0470531	0.0367257	0.0214307	0.0240037	0.0693819	0.0192597	0.0223217	0.0414738	0.228656	0.166683	0.0766667	0.00208644	0.0100647
138	0.134401	0.0124964	0.00842541	0.00267471	0.00819606	0.0023559	0.0087597	0.194899	0.00693943	0.0805832	0.0233904	0.00400674	0.00216424	0.0036607	0.00248489	0.0583975	0.0874479	0.353203	0.000563606	0.00494955
139	0.00368066	0.00523996	0.00135944	0.000926753	0.0854377	0.00133183	0.000954425	0.0908445	0.00100037	0.693886	0.0431998	0.000654018	0.0017344	0.00216955	0.00118673	0.00390478	0.00397676	0.0541236	0.000505759	0.00388278
140	0.0134441	0.00454399	0.395617	0.180505	0.00324485	0.0500623	0.0261817	0.011036	0.0285056	0.00820324	0.00638097	0.137691	0.00959683	0.0204845	0.0110515	0.0449773	0.0200454	0.0107009	0.00155806	0.0161708
141	0.00433704	0.00614178	0.00128166	0.0169141	0.000844356	0.00944149	0.0293959	0.0073484	0.451982	0.00520535	0.00757239	0.0309825	0.00500779	0.0444527	0.327852	0.0218485	0.0194786	0.00432645	0.0023504	0.00323701
142	0.03884	0.00663252	0.00258759	0.0112992	0.00604122	0.0137162	0.036351	0.0212368	0.284747	0.0267879	0.0164058	0.0388632	0.00630319	0.0518377	0.235847	0.0840733	0.0807655	0.029112	0.00173738	0.00681607
143	0.0176896	0.00221433	0.214152	0.614419	0.0042653	0.0257328	0.0101733	0.00466521	0.0195715	0.00587114	0.00152907	0.0117273	0.00444454	0.0229384	0.00769335	0.00955123	0.00511803	0.00605398	0.000667594	0.0115229
144	0.0303315	0.0196861	0.00784863	0.0237382	0.00969673	0.0780031	0.042716	0.0156117	0.241052	0.0272962	0.0131771	0.0446764	0.0127167	0.0459167	0.253213	0.0723617	0.0275374	0.0162808	0.00554833	0.0125918
145	0.0282574	0.012951	0.107751	0.389152	0.0102917	0.0221212	0.0270146	0.0163539	0.0388998	0.0360375	0.0125167	0.0206746	0.0169332	0.0840153	0.0376566	0.0444261	0.0323001	0.0451699	0.00332659	0.0141506
146	0.0344455	0.0194196	0.0363756	0.100646	0.0171524	0.0228113	0.08581	0.0143511	0.0850377	0.0416995	0.0122243	0.0483127	0.0184482	0.208251	0.0810089	0.0755619	0.0411171	0.0252331	0.00461112	0.0274823
147	0.202833	0.0219897	0.0162912	0.0151107	0.0152219	0.0591275	0.0203811	0.0522316	0.0221131	0.0481173	0.0211591	0.0475674	0.0289557	0.0229519	0.0232548	0.186575	0.0920958	0.0877802	0.00576409	0.0104785
148	0.0104716	0.00726875	0.00251222	0.018163	0.0023323	0.0120902	0.0329489	0.00977776	0.411675	0.0105694	0.00967746	0.0327702	0.00589778	0.0472348	0.311288	0.0317182	0.0278542	0.00894412	0.00256365	0.00424334
149	0.234386	0.0210445	0.00974976	0.0102493	0.00992289	0.0725687	0.0171105	0.0275585	0.01364	0.0266413	0.0152145	0.0533747	0.0365627	0.0187508	0.0137204	0.250034	0.101938	0.0518869	0.00692149	0.008725
150	0.00187137	0.000856737	0.000641073	0.000755173	0.0331744	0.000326903	0.000382811	0.0986779	0.000289394	0.765212	0.0365977	0.000299175	0.000349439	0.000627178	0.000301156	0.00134919	0.00129587	0.0562368	0.00027695	0.000478626
151	0.0113842	0.0393855	0.00500576	0.00624674	0.357643	0.00950993	0.0178936	0.057403	0.00727071	0.186142	0.0258461	0.0105144	0.00518522	0.0100667	0.00981121	0.0272157	0.0176956	0.0474927	0.00369273	0.144595
152	0.0285219	0.0135387	0.102841	0.398123	0.0103896	0.0220413	0.0255615	0.0214373	0.0348042	0.0358061	0.0109605	0.0173726	0.0149372	0.0840195	0.0341457	0.0446069	0.0346393	0.0490053	0.00444505	0.0128033
153	0.00737767	0.00714388	0.0020205	0.018081	0.00209615	0.0104853	0.0313817	0.00842094	0.418493	0.0101413	0.0114625	0.0318652	0.00520498	0.0453269	0.327803	0.0269391	0.0227726	0.00673224	0.00283781	0.00341344
154	0.130948	0.0132512	0.00790701	0.00643158	0.0173096	0.0110315	0.00863377	0.173609	0.00885827	0.0932572	0.0265598	0.0150641	0.00990717	0.00843949	0.0075805	0.0812419	0.0825179	0.288906	0.00123675	0.00730928
155	0.00705505	0.0100048	0.00148293	0.015861	0.00134015	0.0128514	0.0301458	0.0069385	0.416662	0.00717591	0.00862424	0.0290712	0.00758086	0.0423007	0.346146	0.0268902	0.0174995	0.00422646	0.004406	0.00373705
156	0.00617812	0.00565455	0.00115746	0.0154586	0.000880868	0.00921314	0.028913	0.00826484	0.449491	0.00596921	0.00771976	0.0309085	0.00478334	0.044271	0.32165	0.0242572	0.0239439	0.00578037	0.00223828	0.00326662
157	0.0126472	0.0127704	0.000988065	0.00138747	0.199804	0.00503363	0.00457073	0.180059	0.00472968	0.354166	0.0475724	0.00188443	0.00533995	0.00637446	0.00491293	0.0100245	0.0151857	0.116064	0.00173661	0.0147478
158	0.0183152	0.0168494	0.0187714	0.0405079	0.00975994	0.0173531	0.131388	0.0113778	0.202065	0.0251273	0.00909336	0.0619524	0.00950378	0.0738123	0.208088	0.0554448	0.0303457	0.0153787	0.00378127	0.0410851
159	0.056946	0.00700247	0.00195644	0.0137705	0.0349596	0.00971437	0.0388064	0.0947123	0.0155623	0.227657	0.119699	0.01062	0.0127583	0.0305876	0.0175881	0.074494	0.112893	0.0961157	0.00231732	0.0218399
160	0.00639277	0.0362436	0.00952392	0.0122269	0.0410008	0.00955217	0.326699	0.00992394	0.0173688	0.022389	0.00212981	0.0756867	0.00529827	0.0593811	0.042357	0.0464425	0.0154306	0.0109538	0.00403535	0.246964
161	0.13128	0.030861	0.00670401	0.003647	0.0137477	0.0143291	0.00688054	0.185456	0.00605259	0.0695557	0.021719	0.00814944	0.00332488	0.00363686	0.0035286	0.080881	0.0901098	0.313702	0.000849168	0.00558556
162	0.0165399	0.00617403	0.17243	0.531555	0.00484521	0.0281414	0.0190219	0.00808743	0.0311352	0.0167268	0.00382806	0.0161693	0.0102186	0.0571896	0.0218054	0.0210776	0.0100799	0.0141163	0.00159238	0.00926542
163	0.0103296	0.0136653	0.087053	0.479868	0.00403442	0.0189818	0.0311027	0.00117787	0.0464488	0.0368676	0.00551005	0.00306737	0.0150154	0.138601	0.0484185	0.0221941	0.0117762	0.0196173	0.0035335	0.00273683
164	0.14348	0.0234807	0.00678268	0.0223488	0.00531617	0.336372	0.00667732	0.0109281	0.0524374	0.010817	0.0038433	0.0201796	0.0108386	0.00661644	0.0332176	0.236882	0.0335239	0.00818056	0.0231528	0.00492624
165	0.140254	0.0134261	0.0823264	0.0274667	0.0112954	0.00835951	0.00911622	0.137321	0.00923154	0.0551138	0.0252976	0.0239841	0.0261596	0.0158149	0.00778311	0.0832974	0.0832476	0.231718	0.00126575	0.0075222
166	0.0232956	0.000475734	0.00032994	0.000958825	0.0351675	0.00106513	0.00160565	0.323184	0.000359755	0.233567	0.0538711	0.000498769	0.000722205	0.00670926	0.000362155	0.00701508	0.0281474	0.279727	0.000211391	0.00272684
167	0.0281522	0.000909779	0.000448968	0.00102723	0.0360264	0.000829229	0.00186729	0.301808	0.00046907	0.243453	0.0555922	0.000540601	0.000690789	0.0074199	0.000489408	0.00880834	0.0316891	0.276631	0.000187073	0.00296042
168	0.00321748	0.0306206	0.00545652	0.0102733	0.0368221	0.00614909	0.312398	0.0129355	0.00629277	0.0143779	0.00186315	0.0430348	0.00276055	0.0366163	0.0225092	0.0327294	0.00729777	0.00848206	0.00219019	0.403974
169	0.0608724	0.00159389	0.000725099	0.00176947	0.00505146	0.00795614	0.0309063	0.0333593	0.228007	0.0451299	0.0241164	0.0316873	0.00111812	0.0485868	0.210602	0.0915636	0.121311	0.0509856	0.000311871	0.00434555
170	0.021096	0.00250145	0.000495735	0.00131016	0.0611227	0.00126717	0.00212269	0.261672	0.00195874	0.303677	0.0601845	0.000720662	0.0013474	0.00660529	0.00102234	0.0082374	0.0256158	0.232896	0.000642777	0.00550381
171	0.00739613	0.0421007	0.00718847	0.0103462	0.175054	0.00876228	0.103079	0.0121863	0.011716	0.0428744	0.00545877	0.0303883	0.00538634	0.0210854	0.0184741	0.0354871	0.0149674	0.0148829	0.00459399	0.428572
172	0.122714	0.00982211	0.00524753	0.000749065	0.0108489	0.000975663	0.00482709	0.225738	0.00323233	0.10349	0.0296567	0.00084082	0.000792805	0.00198958	0.000681217	0.0421973	0.068877	0.363707	0.000255824	0.00335762
173	0.0748521	0.0341463	0.0116263	0.0157883	0.0148922	0.0787008	0.0596166	0.0352223	0.0986213	0.0516476	0.0167728	0.0732736	0.018027	0.0469429	0.14388	0.11706	0.0430111	0.0427945	0.00357466	0.0195498
174	0.0340238	0.0197923	0.0308949	0.103727	0.0151011	0.0254129	0.0956476	0.0145537	0.0704998	0.043471	0.0130629	0.0491405	0.028465	0.210755	0.0712918	0.0791179	0.0352615	0.0244374	0.00481506	0.0305286
175	0.128842	0.0212117	0.00958078	0.0115527	0.0121913	0.0139233	0.00831416	0.135971	0.0115218	0.0475347	0.0252178	0.0261852	0.00749037	0.00895732	0.0112791	0.13992	0.156907	0.214933	0.000775937	0.00769061
176	0.103405	0.00888644	0.00430322	0.000916634	0.0128705	0.00106755	0.00408226	0.253567	0.00282697	0.111383	0.0326718	0.000859062	0.000905575	0.00238605	0.000660279	0.0390135	0.0615565	0.355277	0.000272521	0.00308971
177	0.026941	0.00180733	0.00054548	0.00099794	0.0512672	0.00126328	0.00174972	0.303736	0.000775761	0.227405	0.0511753	0.000708149	0.000756702	0.00674484	0.000542618	0.00856526	0.0273981	0.2835	0.000426587	0.00369411
178	0.00865534	0.00698427	0.00265902	0.0182401	0.00280732	0.0101265	0.0334456	0.00897906	0.421011	0.0107624	0.00915627	0.0317584	0.00599044	0.0501307	0.311152	0.0287687	0.0252094	0.00798508	0.00265379	0.00352431
179	0.14498	0.0125985	0.00659248	0.00130309	0.00862227	0.00285059	0.00612661	0.198211	0.00432437	0.0782839	0.0214811	0.00229958	0.00278295	0.00177669	0.00159541	0.0538616	0.0794149	0.367614	0.000548947	0.00473193
180	0.0138522	0.0298235	0.00100537	0.00122268	0.297089	0.00443634	0.00401053	0.0926472	0.00300486	0.348745	0.0439096	0.00200182	0.00505333	0.0104735	0.00436061	0.0154372	0.019049	0.0825528	0.00225674	0.0190685
181	0.0478154	0.0230078	0.00294821	0.0115254	0.0221478	0.00813507	0.0646542	0.0437261	0.111694	0.111276	0.0672304	0.171561	0.00560268	0.114312	0.0281636	0.063489	0.0289265	0.0578722	0.0039943	0.0119184
182	0.0446157	0.017552	0.00317146	0.00291578	0.219933	0.00438328	0.00555583	0.143773	0.00311309	0.201573	0.0300406	0.00327835	0.0058388	0.00995569	0.00372814	0.0348556	0.0303549	0.220502	0.0032036	0.0116556
183	0.0295708	0.000737017	0.000507128	0.000925368	0.0351907	0.00073116	0.00177498	0.300406	0.000445358	0.242869	0.0554173	0.0005088	0.000511292	0.00720493	0.000337288	0.00878063	0.031779	0.279238	0.000183639	0.00288092
184	0.0259179	0.000725495	0.000363672	0.000939429	0.0381276	0.000787051	0.00164659	0.303309	0.000368687	0.246579	0.0557801	0.00047305	0.00052246	0.00747587	0.000359817	0.0076966	0.0298841	0.275752	0.000240534	0.00305153
185	0.0112459	0.00113756	0.00112003	0.00158659	0.0214046	0.00413243	0.0016686	0.458454	0.00171055	0.0992346	0.030458	0.00119194	0.00590114	0.00288812	0.00214229	0.00544516	0.0100697	0.337481	0.000621853	0.00210573
186	0.025791	0.000464624	0.000324072	0.000977844	0.0360624	0.000720295	0.00166717	0.303147	0.000354382	0.248473	0.0571306	0.000472635	0.000507634	0.00750294	0.000332707	0.00767281	0.0304399	0.274931	0.000177562	0.00285059
187	0.0925194	0.0794386	0.00189846	0.00339063	0.0450635	0.163804	0.004422	0.162825	0.00437078	0.0571516	0.0186768	0.00559324	0.00233612	0.00322042	0.00354101	0.192678	0.052629	0.100748	0.00119275	0.0044999
188	0.00926051	0.0440423	0.00530145	0.00668593	0.209483	0.0074323	0.0451257	0.0268383	0.00941518	0.110494	0.0160914	0.0189595	0.00697711	0.0155406	0.0115022	0.0355168	0.0180429	0.031229	0.00820324	0.363859
189	0.104659	0.0214042	0.014619	0.0209779	0.0150641	0.0217617	0.0116538	0.0747439	0.0158906	0.0288769	0.0242591	0.0637443	0.0122323	0.0144634	0.0178461	0.198	0.216053	0.109756	0.00120538	0.0127893
190	0.0094582	0.000925016	0.377986	0.221136	0.00101962	0.0513546	0.0279892	0.0113563	0.0398702	0.00608478	0.00525495	0.131065	0.0104845	0.0204014	0.00910708	0.0373378	0.0172739	0.00907795	0.000316204	0.0125013
191	0.0453032	0.00752897	0.0068396	0.0298252	0.0300728	0.0108527	0.018173	0.146268	0.0337599	0.134192	0.107734	0.0164135	0.0231871	0.02712	0.0176466	0.0799058	0.0787086	0.162814	0.00552565	0.0181292
