210	20
1	0.0130673	0.00695604	0.0075759	0.00972397	0.00598792	0.00556571	0.00639082	0.0107525	0.00958017	0.0158155	0.495783	0.00676623	0.0381738	0.00724548	0.00760561	0.0159912	0.0117207	0.318591	0.00170766	0.00499992
2	0.0150622	0.00338141	0.00289972	0.00539647	0.427591	0.000850241	0.00138551	0.0365529	0.00416293	0.332792	0.0673575	0.00135935	0.00129304	0.00125099	0.0015373	0.0124046	0.01008	0.021647	0.000379094	0.0526164
3	0.00587244	0.011614	0.00575098	0.00505201	0.146993	0.00282285	0.0825176	0.0418108	0.0044505	0.0171355	0.0108843	0.00566494	0.00421913	0.00270336	0.00278737	0.0285553	0.0538277	0.0847424	0.00131201	0.481284
4	0.00875073	0.00326668	0.000420655	0.00496081	0.0383499	0.000515826	0.000340605	0.127644	0.00320021	0.679477	0.0722909	0.000436931	0.00058268	0.00180008	0.000494815	0.00146961	0.00117595	0.0452847	8.24451e-05	0.00945529
5	0.0104506	0.00340971	0.000497474	0.000719874	0.0157224	0.000394256	0.0007443	0.579223	0.000745597	0.0446049	0.0144085	0.000488794	0.000750303	0.000928179	0.000542756	0.00369444	0.00129336	0.319779	0.000119706	0.00148333
6	0.0985457	0.0220618	0.034259	0.0215729	0.00309666	0.562748	0.00467609	0.00636118	0.0383208	0.00788706	0.00955946	0.0743931	0.00716437	0.0123053	0.0088086	0.038995	0.0250149	0.0178698	0.00084645	0.00551353
7	0.0112504	0.00433472	0.00088102	0.00513066	0.0377913	0.000887336	0.000390131	0.14532	0.00322724	0.628374	0.070858	0.000469041	0.000943444	0.0019554	0.0006965	0.00175991	0.0017827	0.073625	0.000671624	0.00965162
8	0.0947631	0.0213605	0.0347844	0.0241059	0.00326441	0.55687	0.0038344	0.00428519	0.0402027	0.00755219	0.00883624	0.0865176	0.00811482	0.0133933	0.00867536	0.0406375	0.022782	0.0162191	0.000751402	0.00304995
9	0.0112836	0.00495283	0.00123078	0.00579786	0.127039	0.000616078	0.000802424	0.0927004	0.00571428	0.594153	0.0833752	0.000731921	0.00105271	0.00181773	0.00130207	0.00453398	0.00580778	0.0377299	0.000199877	0.0191578
10	0.207861	0.0210745	0.0045988	0.00538938	0.0329889	0.128621	0.125959	0.00502339	0.00548143	0.00621912	0.0360765	0.0649067	0.00366541	0.00348662	0.00380958	0.259277	0.0380477	0.00748036	0.00129793	0.038736
11	0.024482	0.00351325	0.35844	0.0543688	0.00427771	0.0242174	0.0321607	0.00501211	0.0324388	0.005331	0.00413045	0.229492	0.0153846	0.00645248	0.00576524	0.126047	0.0454482	0.00449216	0.000474738	0.0180707
12	0.0772406	0.0235444	0.04835	0.320707	0.0403342	0.00320937	0.0442178	0.0097827	0.0312786	0.0497114	0.025309	0.00423045	0.13453	0.00378379	0.00770112	0.01184	0.0257815	0.111907	0.000903542	0.0256374
13	0.021067	0.00087058	0.0334298	0.0920354	0.000933531	0.0424479	0.0312505	0.00153077	0.357862	0.0131524	0.00589748	0.0435759	0.000854725	0.0607086	0.127116	0.11516	0.0447345	0.00230348	0.000256108	0.00481349
14	0.0335343	0.00632869	0.334663	0.15135	0.0118426	0.0262015	0.0214357	0.012843	0.0474291	0.0178791	0.0129518	0.0874502	0.0319672	0.028119	0.0198794	0.0730918	0.050462	0.0156097	0.00286263	0.0140991
15	0.0106325	0.00375897	0.000473708	0.000733945	0.0151535	0.000388076	0.000729678	0.571672	0.000742	0.0448925	0.0146028	0.000491277	0.00073652	0.000931845	0.00054139	0.003518	0.00141928	0.326892	0.000121993	0.00156848
16	0.0222101	0.0160131	0.020854	0.00873946	0.00474699	0.00716588	0.00436773	0.00717291	0.0259568	0.00971515	0.00634786	0.0182719	0.0179094	0.00566487	0.00214562	0.341215	0.465808	0.0102515	0.0019492	0.00349522
17	0.0230255	0.0100893	0.0022221	0.0125219	0.0216491	0.00336759	0.0023289	0.139935	0.00376113	0.463087	0.0652216	0.00107588	0.00369619	0.00427105	0.00148069	0.00502535	0.0210177	0.207679	0.00160286	0.00694238
18	0.0200088	0.00356996	0.00150449	0.00243374	0.00132662	0.00141069	0.00849687	0.00235197	0.355075	0.0143706	0.00480541	0.0430678	0.00130048	0.00495093	0.495283	0.020575	0.00278622	0.00734388	0.00039604	0.00894184
19	0.183752	0.0433592	0.0133149	0.00583265	0.00475883	0.518328	0.00991704	0.00638051	0.0117411	0.00717879	0.0146615	0.0152497	0.00629658	0.00356961	0.0125037	0.0627726	0.0534427	0.0218555	0.00128658	0.00379862
20	0.011344	0.00350309	0.00115188	0.00511321	0.192298	0.000558576	0.000566137	0.0784503	0.00585725	0.548008	0.0805251	0.000717913	0.000649836	0.00131479	0.000698952	0.00542965	0.00536359	0.0311288	0.000180113	0.0271402
21	0.0470632	0.00137029	0.116415	0.530993	0.000753388	0.00369111	0.00780586	0.00315331	0.081061	0.00243172	0.00543795	0.0392761	0.00531007	0.0862051	0.0318358	0.0161705	0.0105543	0.00915521	0.000191338	0.00112553
22	0.188403	0.0025572	0.00211166	0.0128767	0.0154995	0.00184352	0.00671428	0.272399	0.0029689	0.0506138	0.0378501	0.00203733	0.00640261	0.00205183	0.00215035	0.0164864	0.175103	0.199767	0.000493492	0.0016709
23	0.0226094	0.0135051	0.000480114	0.000723946	0.00130497	0.000338196	0.000612755	0.239857	0.00065677	0.0267724	0.00488867	0.000417034	0.000622134	0.000422192	0.000546863	0.00119144	0.00376241	0.678549	0.000130985	0.00260885
24	0.00245521	0.00444346	0.00165547	0.0187095	0.00644081	0.00132596	0.0186315	0.001692	0.599178	0.00263698	0.00141189	0.00141113	0.000988357	0.0569247	0.267592	0.00549837	0.00473166	0.00253732	0.000311281	0.00142468
25	0.0199181	0.000987017	0.0326443	0.0847566	0.000894176	0.0451584	0.030758	0.00144266	0.356357	0.0117902	0.00683167	0.0430266	0.000771168	0.0613092	0.13246	0.124695	0.03911	0.00210046	0.000257619	0.00473182
26	0.219127	0.421957	0.00188275	0.0102413	0.00177924	0.0203245	0.00160357	0.0264101	0.00239843	0.00505781	0.00244788	0.00156969	0.00162138	0.00168308	0.00170473	0.193069	0.0235699	0.0617308	0.000468694	0.00135352
27	0.087315	0.0028943	0.162373	0.273013	0.000694271	0.0190375	0.0155647	0.00387072	0.131757	0.00520968	0.00891294	0.049836	0.00325868	0.0790792	0.0401468	0.0910518	0.0185773	0.00472273	0.000222377	0.00246325
28	0.00673687	0.00223194	0.00761606	0.10016	0.0221615	0.00129383	0.027015	0.0101471	0.299436	0.0246406	0.00330974	0.00807773	0.00127843	0.104171	0.24672	0.0322785	0.030447	0.0541196	0.000416006	0.0177434
29	0.02261	0.0134987	0.000480089	0.000723277	0.00130865	0.000338198	0.000612755	0.240173	0.000657788	0.0267747	0.00489553	0.00041703	0.000622131	0.000422951	0.000546506	0.0011928	0.00375929	0.678226	0.000130985	0.00260995
30	0.0026251	0.00763335	0.00186967	0.0020916	0.664437	0.00111822	0.00885316	0.00281212	0.00191383	0.00428824	0.00260395	0.00532458	0.0129076	0.00126785	0.00146135	0.00327386	0.00636854	0.00380174	0.0207326	0.244616
31	0.0112991	0.00423206	0.000427618	0.00472978	0.0380011	0.000693874	0.000372748	0.132948	0.00327847	0.651967	0.0764097	0.000441014	0.000612437	0.00193769	0.000558687	0.00166118	0.00166131	0.0579044	0.000374371	0.0104888
32	0.0288142	0.00277258	0.283762	0.390462	0.00631791	0.0195974	0.0059587	0.0109718	0.0430201	0.00678386	0.00761295	0.0425309	0.0294495	0.0390721	0.0256863	0.0316235	0.0135011	0.00759029	0.000712772	0.00375993
33	0.221269	0.0177785	0.00422527	0.00508066	0.0315573	0.129295	0.12773	0.00482098	0.005561	0.00548532	0.0350412	0.0667622	0.0031813	0.00331591	0.00337302	0.255062	0.0405077	0.00700184	0.00112513	0.0318279
34	0.0172513	0.0117864	0.00945294	0.010319	0.189696	0.0128059	0.0241857	0.0273612	0.0127984	0.0464299	0.0218846	0.0103814	0.00772103	0.00648829	0.0106905	0.0187989	0.0268516	0.0380873	0.013284	0.483725
35	0.0297193	0.0137128	0.0339562	0.0272939	0.00885947	0.0115708	0.00771447	0.0225348	0.0285676	0.0206831	0.014518	0.0248909	0.0165047	0.0111181	0.00757415	0.229794	0.453595	0.0262192	0.00331069	0.00786317
36	0.633628	0.0401257	0.0123442	0.00271823	0.00306505	0.0456488	0.00503162	0.00310355	0.0035099	0.0146199	0.0107063	0.00499483	0.00315046	0.00200887	0.00790423	0.127297	0.0149242	0.0594282	0.00051368	0.00527781
37	0.0106266	0.00348108	0.00048593	0.000711724	0.0157588	0.000401076	0.000759669	0.575365	0.000733316	0.0446644	0.014358	0.000441557	0.000761069	0.000919147	0.000535599	0.00363731	0.00133883	0.323395	0.000122222	0.0015034
38	0.0671121	0.00344156	0.124885	0.335196	0.00155851	0.0262701	0.0141027	0.00598119	0.11212	0.00573154	0.0085691	0.0368586	0.00928581	0.0936633	0.036362	0.0913665	0.0175507	0.00677495	0.000544906	0.00262594
39	0.0865513	0.00282629	0.158116	0.281499	0.000743814	0.019369	0.0150034	0.00376255	0.133848	0.00504064	0.00924242	0.0511095	0.0033247	0.0804333	0.0400572	0.0832265	0.0183135	0.0048778	0.000216937	0.00243891
40	0.0173531	0.00282091	0.00275154	0.00571279	0.494987	0.00078278	0.000930184	0.0421258	0.00296523	0.237911	0.0738214	0.00100228	0.000848874	0.000941685	0.00108853	0.0144321	0.0119205	0.022993	0.000305319	0.0643059
41	0.00862705	0.00732022	0.00790066	0.00441742	0.277984	0.00103745	0.0133409	0.0328616	0.0026245	0.107345	0.0415196	0.00369701	0.00149604	0.001428	0.00146955	0.00969583	0.010848	0.0307544	0.0004764	0.435156
42	0.0368831	0.00186082	0.0809577	0.100443	0.00112983	0.428197	0.00418132	0.0025122	0.0811609	0.00327458	0.00320549	0.139986	0.00917453	0.0428986	0.0131698	0.034882	0.00545914	0.00832872	0.000300682	0.00199544
43	0.00591564	0.00634576	0.00123627	0.0113518	0.00381509	0.00101103	0.0116161	0.00164406	0.551949	0.00501084	0.00132096	0.0126816	0.000948591	0.0300638	0.338234	0.00789242	0.00327479	0.00316495	0.000321714	0.00220152
44	0.0329837	0.00743563	0.103779	0.187753	0.00109096	0.0154339	0.00759791	0.00190573	0.203886	0.00361394	0.00152858	0.00121131	0.225549	0.0610331	0.0186009	0.0909773	0.0250743	0.00926473	0.000310696	0.000970793
45	0.0105099	0.00395596	0.00051986	0.000735782	0.0149808	0.000391016	0.000652911	0.563962	0.000721608	0.055151	0.0193497	0.000488148	0.000690009	0.00122643	0.000538708	0.00330707	0.0012536	0.319383	0.00024776	0.00193507
46	0.00757716	0.00254513	0.0027914	0.0412559	0.00283033	0.0022309	0.0286118	0.493365	0.0159559	0.0801339	0.0034987	0.00248128	0.00301018	0.00244843	0.0146981	0.00566477	0.162173	0.125652	0.000522168	0.00255391
47	0.0175362	0.0024349	0.0174772	0.0991306	0.00882608	0.00206695	0.0136811	0.152335	0.0051934	0.353652	0.0203633	0.00210802	0.0270869	0.0135198	0.00259057	0.00497727	0.0298795	0.212806	0.00774846	0.0065867
48	0.532801	0.132157	0.00735898	0.00346781	0.00400453	0.0527633	0.00190008	0.0195012	0.00306751	0.0361291	0.0180111	0.00247466	0.00281371	0.002122	0.00481618	0.065991	0.00991912	0.0980713	0.000533675	0.0020967
49	0.0156478	0.00214112	0.395376	0.0792207	0.00347652	0.0182112	0.029713	0.0048041	0.0379238	0.00405366	0.00500326	0.201194	0.00889514	0.0093446	0.00574785	0.10747	0.0551476	0.00421875	0.000647185	0.0117641
50	0.0288644	0.00879097	0.013802	0.0316491	0.00750653	0.0102894	0.0192683	0.0155702	0.282418	0.0323677	0.0123682	0.0342513	0.0113479	0.0335942	0.366391	0.0360468	0.0183995	0.0228194	0.0022181	0.0120375
51	0.0404696	0.00100822	0.143092	0.551397	0.00111486	0.00397365	0.00558375	0.00460199	0.0644528	0.0020369	0.00606748	0.0315252	0.00769691	0.0758606	0.0266668	0.0130455	0.0111661	0.00918069	0.00020707	0.000853091
52	0.0555169	0.0524193	0.0143286	0.0155388	0.115208	0.00218998	0.00204097	0.0368031	0.0422184	0.159514	0.355986	0.00228697	0.00185664	0.00245579	0.00280979	0.0265989	0.0762854	0.0332072	0.000747106	0.00198786
53	0.0469775	0.0356502	0.000925959	0.00387516	0.00692457	0.0020664	0.00168012	0.230857	0.00428628	0.0532394	0.0210774	0.00212828	0.00481685	0.00261653	0.00354552	0.00791585	0.0102967	0.555826	0.000784778	0.00450942
54	0.0457674	0.00494808	0.126475	0.447273	0.00624459	0.0166908	0.0117019	0.011805	0.0692135	0.0159325	0.00937577	0.0351956	0.0285772	0.0626534	0.0298058	0.0317638	0.0183619	0.0201999	0.00134059	0.00667418
55	0.0140346	0.0230011	0.0461337	0.112113	0.00321229	0.00322018	0.00499578	0.007492	0.00771069	0.0710559	0.0263116	0.0453197	0.00324628	0.133814	0.00516982	0.241959	0.213157	0.011988	0.000874927	0.0251902
56	0.017768	0.00948725	0.00102466	0.00139051	0.0202769	0.00168585	0.000947409	0.444916	0.00167513	0.162506	0.12455	0.000906006	0.00293948	0.00614483	0.00306036	0.00487643	0.00264021	0.185	0.00227075	0.00593356
57	0.00889496	0.00329201	0.000415353	0.00496214	0.0379789	0.000501406	0.000328319	0.125792	0.00323223	0.681771	0.0724224	0.000408209	0.000567765	0.00169416	0.000497011	0.00144101	0.00116961	0.0450006	8.39527e-05	0.00954684
58	0.0776442	0.00467995	0.190608	0.295312	0.00153626	0.0211549	0.0122643	0.00368977	0.108303	0.0105056	0.0093718	0.058903	0.0169189	0.0621943	0.0486595	0.056848	0.0115609	0.00396745	0.000237716	0.00564026
59	0.0520485	0.00338188	0.21746	0.261558	0.00375997	0.0989958	0.00310574	0.00591998	0.0386092	0.0155863	0.00619365	0.111232	0.0584489	0.0276691	0.0527781	0.0232265	0.00346756	0.0039566	0.000523354	0.0120782
60	0.675573	0.0327541	0.0141276	0.00195354	0.00123281	0.0474562	0.00132549	0.00209714	0.00226656	0.0149379	0.0099517	0.0017498	0.0023587	0.00143618	0.00814579	0.109004	0.0134658	0.0586919	0.000256978	0.00121516
61	0.0121618	0.00253181	0.379576	0.0746472	0.00335416	0.0210528	0.0293821	0.00451517	0.0411232	0.0045589	0.00272444	0.257182	0.00971701	0.00365634	0.00427688	0.101989	0.0318608	0.00437899	0.000530393	0.0107815
62	0.02232	0.0133023	0.000469025	0.000711315	0.00153826	0.000324694	0.000615557	0.24545	0.000652797	0.0268855	0.00498381	0.000413297	0.000621174	0.000423337	0.00053413	0.0012376	0.00373103	0.672966	0.000129608	0.00269059
63	0.662806	0.0350523	0.0142501	0.00209616	0.00124206	0.0497036	0.00130545	0.00242173	0.0023743	0.0142335	0.0104808	0.00158056	0.00225571	0.00158568	0.007451	0.114065	0.0125548	0.0628775	0.00025777	0.00140596
64	0.0154072	0.00249212	0.00204653	0.00545784	0.444046	0.000689753	0.000855702	0.0492255	0.00322095	0.299187	0.0739541	0.000910475	0.00080076	0.000978993	0.00099809	0.0130553	0.0103383	0.0229894	0.000299049	0.0530468
65	0.0493721	0.121435	0.010718	0.0158167	0.0333001	0.00977397	0.0101899	0.0738273	0.021879	0.301405	0.157593	0.010253	0.0118533	0.0110305	0.0115143	0.0295272	0.0346547	0.0709749	0.002407	0.0124759
66	0.0774128	0.0335499	0.00971504	0.0266072	0.0163463	0.00949104	0.0165134	0.122908	0.0199262	0.045119	0.019695	0.0103969	0.0212751	0.0158332	0.0172905	0.052968	0.14072	0.320355	0.00226239	0.0216149
67	0.0793113	0.0227744	0.0014335	0.00380637	0.00604293	0.00267333	0.00245513	0.241894	0.00247829	0.0383633	0.0134652	0.00226807	0.00704424	0.00136815	0.00205219	0.0104806	0.0358207	0.523059	0.000441358	0.00276787
68	0.110902	0.026818	0.0282669	0.0169335	0.00292878	0.570104	0.00471283	0.00363746	0.0341499	0.00614898	0.0101704	0.0684425	0.00721638	0.0112265	0.00854554	0.0423309	0.0271299	0.0168617	0.000716323	0.00275735
69	0.0243685	0.00740727	0.179627	0.0429799	0.00559814	0.00930369	0.0131901	0.00754604	0.0286936	0.0144837	0.0135574	0.0548201	0.0148652	0.0170153	0.00648969	0.250517	0.28759	0.00987882	0.00131089	0.0107586
70	0.106587	0.0759134	0.00519768	0.0144135	0.00603252	0.00842028	0.00419537	0.0496512	0.0158286	0.0237031	0.0102947	0.00738384	0.298866	0.00474947	0.00611067	0.0565028	0.0365255	0.264235	0.00093559	0.00445251
71	0.0103803	0.00304989	0.000902501	0.00471296	0.168141	0.000511026	0.000466836	0.0851025	0.00382854	0.579229	0.0738346	0.000587471	0.000563519	0.00136102	0.000665423	0.00398654	0.003763	0.0349163	0.000124476	0.023873
72	0.548465	0.0496839	0.0177187	0.014221	0.00650329	0.0614723	0.00675838	0.0132669	0.0120684	0.0241151	0.0135194	0.0125162	0.00775872	0.00654249	0.0109516	0.100706	0.0253115	0.0616771	0.00101645	0.00572795
73	0.0342885	0.0160491	0.0293233	0.033407	0.0115707	0.0142513	0.00995543	0.025046	0.0269272	0.0197274	0.0142861	0.0223483	0.0162654	0.0142782	0.00737479	0.21839	0.443402	0.029547	0.00308667	0.0104758
74	0.0328101	0.0178324	0.0389968	0.0341842	0.00723123	0.0132841	0.00926288	0.0252986	0.0279918	0.0288846	0.0160185	0.0291022	0.0157251	0.0132058	0.00870407	0.208442	0.433389	0.0278573	0.00317021	0.00860846
75	0.0452893	0.0150965	0.0359578	0.0312126	0.0290074	0.0269943	0.363321	0.0280273	0.0477149	0.0304249	0.0222929	0.0520403	0.0344485	0.0251066	0.029486	0.0556888	0.0424213	0.0368502	0.0029621	0.0456574
76	0.0953477	0.0335348	0.00339471	0.0042294	0.003873	0.00443541	0.0338765	0.0115258	0.00781602	0.00500958	0.0182478	0.00860576	0.00342121	0.00304936	0.00364371	0.371194	0.324972	0.0299822	0.0146689	0.0191724
77	0.0414662	0.00517062	0.298083	0.0601137	0.00439335	0.0199787	0.0248798	0.00559916	0.0401319	0.00831914	0.00656327	0.190705	0.0123641	0.0139567	0.0122027	0.159252	0.0781983	0.00509702	0.000665884	0.0128602
78	0.00646686	0.00420701	0.000590886	0.00402819	0.0314655	0.000517659	0.0005032	0.278896	0.00249148	0.498145	0.0822819	0.000561093	0.000753849	0.00138851	0.000655472	0.00157094	0.0014607	0.0767474	0.000156233	0.0071128
79	0.0479513	0.0169255	0.0010082	0.0013692	0.0254048	0.00438274	0.000888484	0.254504	0.00148815	0.216171	0.0943578	0.000965893	0.0021096	0.00891043	0.00227706	0.00390238	0.00297605	0.296709	0.00535752	0.0123415
80	0.0218019	0.00623889	0.000646051	0.00302516	0.0276696	0.00151174	0.000721217	0.307185	0.00181598	0.361107	0.0680606	0.000627585	0.00142726	0.00629623	0.00122466	0.00276037	0.00259474	0.175946	0.00179562	0.00754419
81	0.0370707	0.00374178	0.0667406	0.187258	0.00402875	0.0194943	0.0226037	0.0171983	0.204535	0.0249845	0.0067035	0.0474323	0.0153377	0.0968941	0.13086	0.0664639	0.0257453	0.0176246	0.00025807	0.00502501
82	0.260571	0.391779	0.00325506	0.00934099	0.00257499	0.0255413	0.00242623	0.0258848	0.00312036	0.0130748	0.00497218	0.00205592	0.00316543	0.00243278	0.00265616	0.153112	0.0223292	0.0691246	0.000495512	0.00208763
83	0.0144066	0.00249945	0.0152299	0.0489843	0.00599767	0.00178984	0.0268873	0.0707182	0.225938	0.0741124	0.00315188	0.0431073	0.03793	0.06259	0.250705	0.0153759	0.034558	0.0578414	0.000387062	0.00779053
84	0.0302793	0.00300453	0.00381404	0.0689745	0.0138762	0.00230526	0.00261214	0.0245984	0.146098	0.294501	0.100804	0.00378046	0.0370129	0.109029	0.0932721	0.0372155	0.00618928	0.0180539	0.000789048	0.00379027
85	0.0294184	0.00167115	0.056154	0.0311796	0.00129543	0.556968	0.00110884	0.00211088	0.0713268	0.00256251	0.00175697	0.170309	0.00899926	0.0225797	0.00152706	0.0267106	0.00271028	0.0100229	0.000317207	0.00127166
86	0.0111178	0.00506461	0.000480738	0.000705272	0.0135239	0.000385805	0.000604449	0.544038	0.000719247	0.0445409	0.0134165	0.000446245	0.00062401	0.000862379	0.000542232	0.00310559	0.00150752	0.356605	0.000113949	0.00159591
87	0.0332195	0.00741911	0.103693	0.187422	0.00109165	0.0156147	0.00761497	0.00190841	0.203728	0.00365723	0.00152427	0.00118766	0.225981	0.0609566	0.018563	0.0907655	0.0251048	0.00926357	0.00031069	0.000974117
88	0.0068381	0.0327812	0.00405247	0.0058046	0.0647922	0.00370099	0.0779254	0.0327573	0.00557964	0.00708137	0.00558429	0.00356095	0.00315243	0.00335665	0.00430579	0.0509071	0.195744	0.326999	0.00157827	0.163498
89	0.00587565	0.00260256	0.0103088	0.118926	0.0211824	0.00204982	0.0240627	0.00438515	0.28638	0.019248	0.003373	0.00535861	0.00137155	0.128966	0.233035	0.0433471	0.027594	0.0481295	0.000404885	0.0133995
90	0.102226	0.00642055	0.00164198	0.00738546	0.0160379	0.00142455	0.00956755	0.33905	0.00282679	0.0445625	0.0261468	0.00178241	0.00917028	0.00174769	0.00182668	0.0163099	0.104621	0.305389	0.000462661	0.0013997
91	0.0104506	0.00340971	0.000497474	0.000719874	0.0157224	0.000394256	0.0007443	0.579223	0.000745597	0.0446049	0.0144085	0.000488794	0.000750303	0.000928179	0.000542756	0.00369444	0.00129336	0.319779	0.000119706	0.00148333
92	0.0280125	0.0130952	0.0199341	0.0222198	0.0990361	0.0119614	0.306308	0.0197573	0.0181561	0.023035	0.0158529	0.0756423	0.133313	0.0135088	0.0148129	0.028411	0.0251437	0.0295405	0.00418582	0.0980737
93	0.157574	0.0143643	0.0588237	0.0520846	0.00916272	0.0739437	0.0290925	0.0164286	0.0561353	0.0243713	0.0142932	0.220374	0.0181291	0.032861	0.0257965	0.126603	0.0364295	0.021521	0.00165429	0.0103577
94	0.329862	0.0710607	0.00646781	0.0107453	0.00486316	0.01744	0.00516345	0.045162	0.0102241	0.0214803	0.00738885	0.00817131	0.0567299	0.00361705	0.00514449	0.108245	0.145067	0.136873	0.00143666	0.004857
95	0.0840514	0.0505837	0.0364717	0.0355235	0.0137534	0.0297272	0.0178236	0.019866	0.0404095	0.0269805	0.0163169	0.0408757	0.0176457	0.0190186	0.0261606	0.285714	0.182406	0.0358958	0.00422765	0.0165482
96	0.0114128	0.00380313	0.000489878	0.00069452	0.0148655	0.00038824	0.000746843	0.563179	0.000733044	0.0436053	0.0140121	0.000465605	0.000770342	0.000893656	0.000543053	0.00356763	0.00148588	0.336741	0.000128004	0.00147415
97	0.00704814	0.00987891	0.00102636	0.00749148	0.0218645	0.00138437	0.000910715	0.171537	0.00350801	0.532601	0.160968	0.00097869	0.0042806	0.00406418	0.00318353	0.00449424	0.00267271	0.047697	0.000360339	0.0140503
98	0.0109677	0.00426537	0.0330069	0.0123782	0.00559701	0.0124742	0.00208343	0.00474078	0.032238	0.0098429	0.00403602	0.047982	0.0198306	0.00439783	0.00256587	0.303161	0.484769	0.00445424	0.000200926	0.00100797
99	0.671992	0.0344636	0.0134869	0.00206469	0.00105802	0.0514239	0.00128943	0.00255299	0.00249552	0.0145802	0.0101872	0.00162422	0.00233617	0.00140692	0.00748309	0.107619	0.0126054	0.0599738	0.000269959	0.00108644
100	0.0226094	0.0135051	0.000480114	0.000723946	0.00130497	0.000338196	0.000612755	0.239857	0.00065677	0.0267724	0.00488867	0.000417034	0.000622134	0.000422192	0.000546863	0.00119144	0.00376241	0.678549	0.000130985	0.00260885
101	0.359125	0.035266	0.0124121	0.00278267	0.002473	0.377645	0.0058926	0.00285181	0.00673248	0.00743126	0.0118367	0.00848815	0.00219779	0.00228748	0.00956395	0.0870826	0.029034	0.0340932	0.000402086	0.002402
102	0.220672	0.413791	0.00179792	0.0106091	0.00185841	0.0212672	0.00161648	0.0281092	0.00258529	0.00567751	0.00241712	0.0015794	0.00158141	0.00151097	0.00155975	0.1911	0.0241192	0.0663438	0.000478063	0.00132579
103	0.0401584	0.127446	0.00686748	0.00545878	0.00324431	0.00436917	0.00898117	0.0259039	0.0143409	0.00628346	0.00766306	0.0123862	0.0064178	0.00302136	0.0031061	0.281235	0.401823	0.0315549	0.00370158	0.00603746
104	0.0488252	0.0225903	0.0101986	0.0155438	0.0162562	0.0555333	0.00836524	0.0639741	0.015231	0.334566	0.124221	0.0118824	0.00982213	0.0122366	0.013942	0.0676471	0.0263267	0.129401	0.00324448	0.0101923
105	0.0178769	0.0124127	0.012089	0.0142086	0.184048	0.012302	0.0291765	0.0278018	0.0136931	0.03897	0.0229757	0.0115879	0.00877144	0.00771249	0.0110214	0.0227799	0.0303573	0.0426617	0.0100946	0.469458
106	0.0053444	0.00313355	0.00288432	0.00363006	0.00264806	0.0022884	0.0928054	0.00393742	0.069782	0.00524454	0.00336541	0.370186	0.00224234	0.0323085	0.189129	0.160639	0.0428522	0.00472486	0.000797254	0.00205764
107	0.00263362	0.00815572	0.00171574	0.00216152	0.695196	0.00119335	0.00798194	0.00205337	0.00192921	0.00269779	0.00185992	0.00522139	0.0129562	0.00128688	0.00151369	0.00310409	0.0061516	0.00286452	0.02071	0.218613
108	0.10545	0.0244769	0.0307834	0.017936	0.00301261	0.574421	0.00632691	0.00502476	0.0331342	0.00684706	0.00973008	0.0670665	0.00599186	0.011104	0.0082593	0.0401306	0.0294702	0.0155386	0.00155767	0.00373832
109	0.062917	0.0027573	0.111052	0.362691	0.00202147	0.00969346	0.0192265	0.00562052	0.0983031	0.0057981	0.00661237	0.0338114	0.005551	0.160001	0.0512541	0.0378799	0.0134282	0.00865884	0.000478584	0.00224507
110	0.182794	0.00930662	0.00226712	0.0116193	0.0139017	0.00255457	0.00621555	0.261162	0.00349489	0.0445788	0.032189	0.00274703	0.0104253	0.0021421	0.00222052	0.022449	0.180784	0.206899	0.000489428	0.00175975
111	0.0226094	0.0135051	0.000480114	0.000723946	0.00130497	0.000338196	0.000612755	0.239857	0.00065677	0.0267724	0.00488867	0.000417034	0.000622134	0.000422192	0.000546863	0.00119144	0.00376241	0.678549	0.000130985	0.00260885
112	0.0238794	0.016331	0.0243836	0.0146571	0.00442786	0.00684149	0.00708884	0.00910271	0.0258002	0.0109466	0.00759724	0.0217426	0.017224	0.00837126	0.00249317	0.316977	0.46408	0.011093	0.0022467	0.00471584
113	0.0107507	0.0062616	0.000754537	0.00099576	0.0175987	0.000816211	0.000658403	0.544635	0.00094611	0.114911	0.0756106	0.000645135	0.000871087	0.00270863	0.000991658	0.00247274	0.00119277	0.212367	0.000945815	0.00386711
114	0.0236626	0.161652	0.00610071	0.0091117	0.00514736	0.00459981	0.00591893	0.0105102	0.0162908	0.0113954	0.00783022	0.00621848	0.498	0.00601674	0.00638599	0.0192427	0.0140735	0.181958	0.00158841	0.00429646
115	0.0166048	0.00348467	0.00335409	0.0068532	0.486214	0.000844975	0.00123258	0.0421075	0.00291235	0.225613	0.0724235	0.00120605	0.00112758	0.00102462	0.00130427	0.0156553	0.0114297	0.0232602	0.000509616	0.082838
116	0.00400636	0.00770477	0.0025192	0.00363802	0.662636	0.00245519	0.00877664	0.00381786	0.00249622	0.00501183	0.00244158	0.00565367	0.0193318	0.0018119	0.00216541	0.00430564	0.00772001	0.00532612	0.0450723	0.203109
117	0.00973659	0.00354327	0.0978536	0.139827	0.00333378	0.00276483	0.00435612	0.0174897	0.0196226	0.0204896	0.0189385	0.0376132	0.00222374	0.00618345	0.0162053	0.0879973	0.50175	0.00597771	0.00058893	0.00350491
118	0.0196349	0.00197939	0.285243	0.422982	0.00353917	0.0368466	0.002245	0.01824	0.0252667	0.00539135	0.00520042	0.0403976	0.0321437	0.0243821	0.0315524	0.0341362	0.00388687	0.00313875	0.000364032	0.00342984
119	0.0300329	0.00253114	0.114714	0.0571457	0.0122596	0.017927	0.018495	0.0145421	0.0427253	0.00513268	0.00577133	0.218141	0.00326931	0.00377194	0.0143889	0.143401	0.286168	0.00406909	0.000555905	0.00495745
120	0.0324226	0.01813	0.017128	0.0241488	0.0352978	0.0895186	0.0200479	0.0247651	0.0222866	0.0305553	0.0199251	0.0173188	0.0156954	0.0158565	0.0162605	0.0359379	0.107556	0.0344562	0.130588	0.292105
121	0.00245521	0.00444346	0.00165547	0.0187095	0.00644081	0.00132596	0.0186315	0.001692	0.599178	0.00263698	0.00141189	0.00141113	0.000988357	0.0569247	0.267592	0.00549837	0.00473166	0.00253732	0.000311281	0.00142468
122	0.061449	0.050418	0.0340409	0.0565415	0.0110793	0.017922	0.0196797	0.0234668	0.0509665	0.0312333	0.0132452	0.014818	0.387944	0.0200515	0.0227276	0.0520335	0.0308101	0.0898047	0.00209084	0.00967744
123	0.0398333	0.00471334	0.254802	0.0765248	0.00420559	0.00530099	0.0230881	0.00729829	0.0268184	0.0120592	0.0237111	0.0563754	0.00353328	0.0285593	0.00596326	0.179158	0.220337	0.00758041	0.000890857	0.0192476
124	0.0351191	0.0216981	0.0299391	0.0163016	0.00613368	0.0132849	0.0105892	0.0116883	0.0241001	0.0138458	0.0107404	0.0249417	0.0167203	0.00869646	0.00560517	0.323175	0.401376	0.0167594	0.00266285	0.00662312
125	0.00322235	0.00758392	0.00194391	0.00249473	0.660971	0.00231087	0.0079552	0.00272017	0.00246217	0.00336854	0.00213451	0.00567535	0.0174044	0.00166494	0.00211039	0.00372018	0.00757042	0.00356728	0.0466232	0.214497
126	0.00837261	0.00847225	0.00663554	0.00426317	0.273239	0.0011442	0.0123127	0.0321932	0.00235247	0.103742	0.0433693	0.00351679	0.00125686	0.00126429	0.0014309	0.00931539	0.0105731	0.0324172	0.000433786	0.443695
127	0.0206208	0.00281674	0.386459	0.286897	0.0120108	0.0238263	0.00276028	0.00834116	0.0364709	0.00799475	0.0127242	0.0572236	0.0667885	0.0125467	0.0304221	0.0178446	0.00438033	0.00479615	0.000467896	0.00460819
128	0.0157667	0.00276214	0.00241912	0.0191988	0.00526315	0.00149828	0.0196434	0.0116255	0.354993	0.0253701	0.00485945	0.0338584	0.0015725	0.0251195	0.405726	0.0164087	0.0111627	0.0267868	0.000422433	0.0155429
129	0.0218493	0.00913633	0.000650203	0.00106749	0.0181997	0.00157461	0.000589542	0.466539	0.000940729	0.122032	0.0467937	0.000643934	0.000829921	0.0034593	0.000815035	0.00272863	0.00176597	0.291388	0.00183906	0.00715766
130	0.0642358	0.0225218	0.00469444	0.00875101	0.00352714	0.027865	0.0682567	0.0808426	0.0266275	0.214078	0.0642928	0.13401	0.00363281	0.00480459	0.116939	0.117414	0.0248983	0.00746101	0.0014014	0.0037463
131	0.0291497	0.00176998	0.0597435	0.031736	0.0013947	0.54704	0.00158402	0.00232231	0.0706794	0.00268454	0.00184286	0.174902	0.00895479	0.0220092	0.00171467	0.0278995	0.00296059	0.00991249	0.000350573	0.00134868
132	0.00873685	0.00367123	0.000403633	0.00490735	0.0404044	0.000486369	0.000319218	0.113654	0.00353127	0.692078	0.0752293	0.000407688	0.000548053	0.00140176	0.000496959	0.00148177	0.00112937	0.0410245	7.78499e-05	0.0100102
133	0.0498321	0.0168592	0.0402577	0.0378636	0.0281658	0.0241921	0.338098	0.0281787	0.0505022	0.0315499	0.0243445	0.0476042	0.0341525	0.0275309	0.0327177	0.0603398	0.0480444	0.0401239	0.00314174	0.0365004
134	0.03366	0.0277764	0.0144825	0.00856916	0.00460409	0.00540462	0.00894334	0.0120093	0.0205886	0.00815353	0.00816266	0.0164445	0.0120724	0.00527617	0.00241248	0.331566	0.441981	0.0279008	0.003607	0.00638614
135	0.0138979	0.00806911	0.00291212	0.00950245	0.0395854	0.00240927	0.00219056	0.112116	0.00956089	0.598194	0.102127	0.00265982	0.00424479	0.00472064	0.00447484	0.00812435	0.0113915	0.0524982	0.000567959	0.0107535
136	0.0855686	0.168189	0.00346305	0.00463573	0.0285742	0.0105644	0.00280458	0.109694	0.00522835	0.21243	0.041672	0.00317661	0.00567834	0.00496688	0.00380685	0.0153813	0.0110474	0.274102	0.00246908	0.006547
137	0.0136554	0.00572576	0.00211873	0.00951544	0.0425245	0.00192918	0.00104913	0.123325	0.00807894	0.616405	0.0798755	0.00131868	0.00386472	0.00573322	0.00356485	0.00466443	0.00649065	0.0591027	0.000722085	0.010336
138	0.0239274	0.0151108	0.00466596	0.00945848	0.0217347	0.00904226	0.00333108	0.102469	0.0107523	0.434948	0.11044	0.00433977	0.00863442	0.00921749	0.00793289	0.0383077	0.0250022	0.151324	0.00171866	0.00764313
139	0.0521313	0.00839726	0.194024	0.238263	0.00655184	0.0232485	0.016568	0.0138587	0.0756731	0.0185067	0.0121677	0.0447873	0.025556	0.0925721	0.0332225	0.0689845	0.0462756	0.0195556	0.00156304	0.00809402
140	0.0130324	0.00899304	0.00135533	0.00583807	0.0271482	0.00133608	0.00104596	0.244956	0.00435344	0.455377	0.108126	0.00127385	0.00275047	0.00427273	0.00265452	0.00427368	0.00463329	0.0982858	0.000952074	0.00934079
141	0.00539687	0.00343244	0.00657515	0.0522344	0.0110337	0.00423498	0.0202247	0.00396214	0.450534	0.01062	0.00257305	0.00655954	0.00144067	0.0882832	0.254357	0.0309687	0.0197276	0.0205203	0.000329772	0.00699275
142	0.176971	0.00356367	0.00217252	0.0117572	0.0152652	0.00190838	0.00681602	0.274182	0.00349718	0.0509979	0.0429322	0.0019935	0.00657929	0.00206326	0.0021566	0.0174073	0.175068	0.202485	0.000511865	0.00167263
143	0.0251911	0.0032859	0.0587535	0.0881199	0.00225423	0.0455547	0.0380159	0.00523538	0.32901	0.0139825	0.00776965	0.0369033	0.00335386	0.0597059	0.141544	0.0963672	0.0328816	0.00607006	0.000553689	0.00544743
144	0.045463	0.00352182	0.108211	0.410998	0.00254735	0.014444	0.0111325	0.00821992	0.121729	0.0104229	0.00768929	0.0336839	0.0260383	0.0740853	0.0450057	0.040754	0.0186567	0.0130478	0.000786186	0.00356411
145	0.00921804	0.00341044	0.0379821	0.0461736	0.00249886	0.0024612	0.0310021	0.101306	0.111959	0.100573	0.00392859	0.0565547	0.153171	0.0812039	0.173962	0.0256818	0.026332	0.0287147	0.000808031	0.00305955
146	0.00993274	0.00402304	0.0684528	0.0357666	0.00392405	0.00655364	0.00323404	0.00509159	0.0235615	0.0126879	0.0136654	0.0295587	0.0131434	0.00784303	0.00357132	0.319158	0.431514	0.00494509	0.000309898	0.00306373
147	0.0194689	0.00253419	0.0431417	0.113761	0.0610622	0.0020583	0.00353572	0.159145	0.0158209	0.185813	0.0427328	0.00221085	0.0410544	0.00370437	0.00284471	0.00556688	0.0201615	0.175611	0.0616235	0.0381493
148	0.0500833	0.00183138	0.126157	0.479716	0.000697487	0.00717628	0.00777608	0.0040304	0.0862063	0.00280099	0.00501521	0.032394	0.02054	0.09221	0.0329845	0.0296419	0.011469	0.00771943	0.000214614	0.00133608
149	0.204191	0.0134348	0.0515368	0.0256128	0.00252278	0.02992	0.0139542	0.00421928	0.0579684	0.0202347	0.00408114	0.266307	0.0201115	0.03133	0.0234653	0.205681	0.015883	0.00577071	0.000641719	0.00313417
150	0.00648548	0.0077128	0.000936199	0.00779895	0.0248244	0.00103488	0.00075076	0.162156	0.0035321	0.568634	0.148046	0.00081855	0.00297418	0.00293087	0.00228555	0.00310582	0.00232375	0.0398616	0.000161853	0.0136253
151	0.133106	0.072741	0.00654727	0.00863759	0.0503217	0.00291995	0.00286908	0.125495	0.031965	0.0996129	0.301932	0.00357645	0.00309308	0.00357094	0.00313045	0.062501	0.0503073	0.0337308	0.00070987	0.00323257
152	0.0198226	0.00356053	0.00151078	0.0024415	0.00135686	0.00141501	0.00843815	0.00225816	0.354785	0.0143335	0.00486534	0.0429093	0.00131037	0.00493328	0.496251	0.0204393	0.00277496	0.00724835	0.000396573	0.00894992
153	0.00958259	0.00284863	0.0380467	0.0491662	0.00216337	0.0025486	0.0291029	0.0951152	0.138407	0.110787	0.00530691	0.0591367	0.117445	0.0707749	0.172298	0.0298766	0.0304044	0.0336043	0.000693481	0.00269151
154	0.0639412	0.0364702	0.00192146	0.0589355	0.0164422	0.00139111	0.00846218	0.111056	0.056621	0.0277926	0.0101382	0.00193768	0.00199984	0.021271	0.06354	0.0364807	0.0385699	0.433554	0.000467793	0.00900726
155	0.00247864	0.0071426	0.00340851	0.00163505	0.462602	0.00109016	0.0124176	0.00958622	0.00176151	0.0122492	0.00746023	0.0074465	0.00846174	0.00109801	0.00140134	0.00416455	0.00991358	0.0118953	0.0119449	0.421843
156	0.0285835	0.00471164	0.00557705	0.127397	0.0118609	0.00338022	0.00470429	0.0233958	0.122981	0.268746	0.0914557	0.00610387	0.0420702	0.109485	0.070743	0.0460056	0.00854355	0.0182141	0.00129825	0.0047434
157	0.0694977	0.00595642	0.098826	0.144226	0.00231435	0.0256946	0.00599284	0.00349599	0.167089	0.00994494	0.00258169	0.00315153	0.271563	0.0427996	0.0245546	0.0784454	0.0326864	0.00883709	0.000447193	0.00189676
158	0.172654	0.00822988	0.0210877	0.0665502	0.0048234	0.0194859	0.00547741	0.00803573	0.0378658	0.016831	0.00721449	0.0116814	0.381295	0.0106815	0.0113548	0.142642	0.049118	0.018367	0.00145392	0.00515027
159	0.027741	0.00314354	0.0105229	0.0388947	0.00552914	0.013172	0.0278435	0.00562008	0.277294	0.018419	0.014324	0.0316948	0.00316775	0.0455425	0.369788	0.0532314	0.0178027	0.0158636	0.000616266	0.019789
160	0.00263362	0.00815572	0.00171574	0.00216152	0.695196	0.00119335	0.00798194	0.00205337	0.00192921	0.00269779	0.00185992	0.00522139	0.0129562	0.00128688	0.00151369	0.00310409	0.0061516	0.00286452	0.02071	0.218613
161	0.0182239	0.0091046	0.00481357	0.0316784	0.0185799	0.00498588	0.00376141	0.0862702	0.0526672	0.426639	0.138978	0.0048429	0.0199532	0.052702	0.0340927	0.0200829	0.0124879	0.0500773	0.00142718	0.00863187
162	0.00917418	0.00448172	0.0237741	0.00865579	0.00501099	0.0090639	0.000792955	0.00343662	0.0335374	0.0116838	0.00375618	0.0197951	0.0240965	0.00495821	0.000942695	0.325232	0.506269	0.00432354	0.000176228	0.00083848
163	0.170517	0.106825	0.00232722	0.00932885	0.00607088	0.00869886	0.0023347	0.131133	0.00943027	0.0321864	0.00440111	0.0135205	0.0657665	0.00213197	0.00257064	0.0454518	0.0676534	0.317219	0.000556642	0.00187631
164	0.201236	0.0140056	0.0511378	0.0270643	0.00200132	0.0245342	0.0135119	0.00352546	0.0580871	0.0138117	0.00328805	0.282412	0.0219807	0.033985	0.0249674	0.200382	0.016367	0.00430992	0.00062866	0.00276371
165	0.0742845	0.00473099	0.0848627	0.151989	0.00340117	0.00322246	0.00339403	0.0419786	0.00577807	0.0479679	0.00612616	0.0256996	0.0034974	0.19623	0.00426393	0.0359868	0.227546	0.0729716	0.00112326	0.00494527
166	0.570658	0.132866	0.00785191	0.00311355	0.00206328	0.0509231	0.00140557	0.0124406	0.00238762	0.0245244	0.0107809	0.00148016	0.00199963	0.00175022	0.00490141	0.0865559	0.011168	0.0711168	0.000468614	0.00154443
167	0.270562	0.125321	0.00247936	0.00487583	0.0159716	0.0213638	0.00265478	0.110802	0.00535851	0.0587563	0.00582296	0.00544157	0.0189782	0.00213928	0.00238296	0.0551754	0.0195077	0.269518	0.000553896	0.00233497
168	0.0773248	0.00265048	0.146571	0.25527	0.000683957	0.0254258	0.0199007	0.00532274	0.135185	0.00545	0.00956041	0.0464649	0.00292872	0.0903312	0.0494748	0.0988378	0.0200783	0.00574123	0.000225341	0.0025724
169	0.0562091	0.00953798	0.0588485	0.15715	0.00844892	0.00651627	0.00987376	0.0379278	0.0352568	0.0448439	0.0116383	0.0222986	0.010366	0.173673	0.0290059	0.0471224	0.171127	0.100004	0.00151179	0.00864111
170	0.0125748	0.00735206	0.0008849	0.00279071	0.0205409	0.0010164	0.00072338	0.377761	0.00160712	0.303139	0.109508	0.000755561	0.00185309	0.00413764	0.00172632	0.00308395	0.0015646	0.140738	0.00127649	0.0069653
171	0.00883787	0.00328087	0.000406998	0.00496985	0.0380146	0.000496864	0.000326752	0.125578	0.00323193	0.682743	0.0723495	0.000411728	0.000553454	0.00168708	0.000486465	0.00143264	0.00116361	0.0444185	8.15774e-05	0.00952798
172	0.0377077	0.0345817	0.00871459	0.00422805	0.00275996	0.0039772	0.00835898	0.0157519	0.020822	0.00591683	0.00603087	0.0164505	0.00953543	0.00284396	0.0016365	0.317956	0.476424	0.0175276	0.00382637	0.00494955
173	0.0183693	0.00314993	0.0140019	0.032833	0.0144687	0.00225653	0.0025397	0.111549	0.0798485	0.374835	0.124748	0.012989	0.0323621	0.0222338	0.0432894	0.00837572	0.0399026	0.0372882	0.000771818	0.0241884
174	0.35627	0.207881	0.00305783	0.00413899	0.00819804	0.0509315	0.00265679	0.0513924	0.00358093	0.0461861	0.00878961	0.00242008	0.00392532	0.00232494	0.00265872	0.0408181	0.00772322	0.194314	0.000603549	0.00212936
175	0.0146506	0.00421995	0.000520383	0.000797571	0.0168489	0.00048617	0.00111176	0.532042	0.000672943	0.0467548	0.0179773	0.000449651	0.00111358	0.00122615	0.000557967	0.0035212	0.00246571	0.352365	0.000242107	0.00197682
176	0.611779	0.0380647	0.0131675	0.00203029	0.00110638	0.10601	0.00134635	0.00258864	0.00309728	0.0130513	0.00990545	0.00244678	0.00207542	0.00147724	0.00714575	0.109927	0.01389	0.0594908	0.000311622	0.00108903
177	0.0490721	0.0203918	0.00126021	0.00166539	0.0244317	0.00721244	0.0010207	0.182828	0.00257511	0.278821	0.0788402	0.00114966	0.00184969	0.0064608	0.00190874	0.00578292	0.0102686	0.311222	0.00402037	0.00921843
178	0.236964	0.400232	0.00196488	0.0101454	0.00177199	0.0238037	0.00165833	0.0284585	0.002509	0.00655008	0.00307117	0.00150803	0.00156018	0.0017428	0.00164702	0.187438	0.0225222	0.0646479	0.000458201	0.00134709
179	0.0723926	0.0808109	0.0224406	0.0496503	0.0128655	0.0170748	0.0160998	0.022009	0.086296	0.0572404	0.0183723	0.0328703	0.0162041	0.10142	0.157735	0.139599	0.038553	0.0442622	0.00304194	0.0110612
180	0.0472526	0.0168692	0.000952623	0.00137325	0.025105	0.00435249	0.000892757	0.253818	0.00147943	0.219867	0.0934767	0.000906961	0.00204416	0.00873261	0.00223855	0.00393985	0.00297516	0.2965	0.00513856	0.0120854
181	0.171253	0.0651853	0.0138339	0.00477867	0.00306071	0.537503	0.00376277	0.00583181	0.00957449	0.00686902	0.0145191	0.00895208	0.00317987	0.00353389	0.0144075	0.0544642	0.0531203	0.0226768	0.000732293	0.00276113
182	0.00974496	0.00651292	0.000730035	0.000970981	0.0182112	0.000776619	0.00062143	0.560512	0.000895389	0.103541	0.0692063	0.000618626	0.000772248	0.00233401	0.000925238	0.00256622	0.00114538	0.215737	0.000803026	0.00337595
183	0.0621758	0.0343127	0.00181451	0.0483027	0.0193424	0.00128079	0.00982914	0.115251	0.0627683	0.0286995	0.0111494	0.00181132	0.00181704	0.0169475	0.0625596	0.0376933	0.0362056	0.437219	0.000343628	0.0104762
184	0.351073	0.0537079	0.0029291	0.00455105	0.0272406	0.00211091	0.0158623	0.00446698	0.00440873	0.017563	0.00323515	0.00247329	0.00299303	0.00264224	0.0160051	0.253814	0.0253686	0.138124	0.000698843	0.0707328
185	0.165425	0.0494595	0.0150465	0.00377822	0.00247172	0.583677	0.00246788	0.0034828	0.00871469	0.00444647	0.015334	0.0080298	0.00210195	0.00238572	0.0148238	0.0478444	0.0495188	0.0184737	0.000548377	0.00196912
186	0.0100158	0.00444296	0.0227039	0.00785882	0.00582842	0.00982814	0.000840009	0.00341559	0.0351796	0.0105745	0.00342746	0.0180948	0.0271885	0.00584558	0.00106546	0.316434	0.511668	0.00443391	0.000174152	0.000980405
187	0.00840422	0.00381774	0.000417455	0.00510266	0.0374621	0.000717163	0.000343593	0.11921	0.00373869	0.681935	0.0828101	0.000467362	0.000654541	0.0014331	0.000534779	0.00153726	0.00125269	0.0401493	8.59046e-05	0.00992689
188	0.027649	0.0010386	0.0284386	0.110267	0.000895356	0.052782	0.0358456	0.00195189	0.329381	0.0157297	0.00571903	0.0412968	0.000897716	0.067152	0.112011	0.118904	0.0407003	0.0024852	0.000310315	0.00654497
189	0.0493521	0.00123787	0.123037	0.522695	0.000644523	0.0050613	0.00739644	0.00362366	0.0773905	0.00230038	0.00526661	0.0353413	0.00583119	0.087785	0.0319526	0.0207614	0.0108738	0.00817919	0.00017004	0.00109935
