765	20
1	0.101145	0.00752939	0.00431338	0.0107726	0.0289634	0.0569413	0.00586987	0.086267	0.00650002	0.14571	0.240134	0.0185426	0.049176	0.0140118	0.00556795	0.0322191	0.0787954	0.0903199	0.00311203	0.01411
2	0.110487	0.00346516	0.0447211	0.0991293	0.00455373	0.0463859	0.0154053	0.005407	0.133187	0.0273092	0.0245048	0.0373434	0.0184047	0.140587	0.0924538	0.107046	0.0654414	0.0195931	0.000244142	0.00433168
3	0.131132	0.00172854	0.0363312	0.079584	0.000926016	0.0461305	0.00773553	0.00324406	0.151808	0.0180163	0.0155039	0.0288726	0.022643	0.141092	0.100963	0.116532	0.0769809	0.0189389	0.000219628	0.00161886
4	0.0099644	0.0018515	0.000657602	0.00171377	0.020479	0.00164772	0.00175794	0.19992	0.00200454	0.556435	0.057487	0.00424259	0.00692282	0.0152797	0.00184964	0.00732086	0.00535456	0.0947953	0.00109988	0.00921633
5	0.0355855	0.0179018	0.0173331	0.0134191	0.132188	0.0147168	0.0202389	0.0307107	0.0220514	0.316848	0.0333145	0.0192139	0.00647725	0.0361425	0.0373749	0.0863117	0.0831366	0.0460438	0.00692218	0.0240687
6	0.100698	0.017345	0.00555522	0.026164	0.0182089	0.00749238	0.00466067	0.215255	0.0112926	0.204507	0.0188906	0.00908893	0.00479174	0.0189764	0.0241446	0.0383301	0.0452183	0.222869	0.000798021	0.00571365
7	0.00522408	0.0187876	0.000604742	0.000923443	0.207455	0.00132838	0.00343389	0.0601062	0.00105228	0.56872	0.0498763	0.00156896	0.00251368	0.00434414	0.00151625	0.00767467	0.0111741	0.0238644	0.00289281	0.0269387
8	0.0174521	0.000703718	0.354963	0.460697	0.00255098	0.00909029	0.0133954	0.00343627	0.011796	0.00450432	0.00611891	0.0287544	0.00247701	0.0265609	0.00576032	0.026384	0.00976132	0.0109568	0.000290232	0.00434731
9	0.112338	0.00843256	0.0436668	0.0687116	0.00377343	0.0477502	0.0250165	0.0093951	0.0412674	0.0232702	0.0159995	0.147487	0.00246828	0.143376	0.0422014	0.158094	0.0808477	0.0194135	0.000146575	0.00634554
10	0.073421	0.00534676	0.00100482	0.0115272	0.00433045	0.00723585	0.014618	0.231778	0.0223285	0.052263	0.0218434	0.0159864	0.00110929	0.0138693	0.00986186	0.0213536	0.109981	0.378388	0.000435701	0.00331831
11	0.0469615	0.0098624	0.00113126	0.00496624	0.0130976	0.00522948	0.00523162	0.293228	0.0071175	0.10035	0.0300735	0.00570898	0.00134413	0.00646434	0.00564896	0.0171664	0.0593734	0.381267	0.000878284	0.00489973
12	0.0322267	0.0172653	0.00425441	0.00768508	0.00434389	0.0049806	0.0103505	0.0537358	0.168895	0.0795535	0.0706986	0.0286385	0.00287221	0.109872	0.241647	0.0708224	0.0313764	0.0256201	0.00143191	0.0337296
13	0.0873236	0.00221174	0.0385152	0.0745609	0.00454622	0.030131	0.0278539	0.00777533	0.174698	0.0282151	0.021005	0.0497491	0.0162344	0.137212	0.119361	0.0849676	0.0630908	0.0245643	0.000295615	0.0076887
14	0.105959	0.00240174	0.00531678	0.0822836	0.023407	0.00302944	0.02851	0.0804276	0.0308156	0.094545	0.0579878	0.0562082	0.00302856	0.116189	0.0115956	0.0754704	0.0565622	0.133131	0.000629153	0.0325024
15	0.0782176	0.0198602	0.00351782	0.0111762	0.0210688	0.00902621	0.0040822	0.26758	0.0066988	0.162396	0.0365398	0.00737941	0.00370576	0.010907	0.0105919	0.0332508	0.0603929	0.245492	0.000575966	0.00754133
16	0.016552	0.00172419	0.0847578	0.292406	0.00199057	0.0247362	0.0390205	0.00746821	0.0353431	0.0098854	0.017923	0.0886441	0.00331228	0.222962	0.0178437	0.0707931	0.0564325	0.00291796	0.000192325	0.00509574
17	0.0323213	0.000600039	0.244096	0.346313	0.00123923	0.0196846	0.0135565	0.00365282	0.0302685	0.00812969	0.0118975	0.0802778	0.0102424	0.0866369	0.0106433	0.0500332	0.0339275	0.0142459	0.000149303	0.0020846
18	0.0359036	0.00716247	0.0434778	0.0379968	0.00985857	0.0269683	0.13144	0.00993975	0.0494051	0.0420582	0.0163784	0.325761	0.00167303	0.0438782	0.0356779	0.0762173	0.0505231	0.0178084	0.00406811	0.0338044
19	0.0794504	0.00180031	0.0643382	0.071669	0.00677125	0.0449229	0.0197304	0.00979171	0.0331287	0.0165763	0.0125197	0.0521375	0.275314	0.0678409	0.0175894	0.118268	0.0783384	0.020549	0.000457886	0.00880634
20	0.0209737	0.00109871	0.175461	0.305521	0.00106536	0.0241527	0.0273959	0.00576982	0.03255	0.00831162	0.0125356	0.0853113	0.00683916	0.158077	0.0132451	0.0631802	0.0477778	0.0073512	0.000148965	0.00323347
21	0.409217	0.00890153	0.00244447	0.0139026	0.0116215	0.00734976	0.00514352	0.0067489	0.00459163	0.0273809	0.0285593	0.0194328	0.00425863	0.0103496	0.0141298	0.321536	0.0787619	0.0207649	0.00086817	0.00403753
22	0.0122851	0.0280264	0.00321317	0.0111221	0.123476	0.00311448	0.010468	0.0176069	0.00490893	0.028137	0.0110664	0.00766955	0.0158708	0.00710355	0.0184091	0.02349	0.00858272	0.036504	0.519881	0.109065
23	0.0290561	0.00935595	0.00383763	0.00693482	0.0695286	0.0251328	0.0320698	0.0163412	0.0538255	0.205567	0.0751281	0.026544	0.00234902	0.0898325	0.0505511	0.07225	0.100325	0.0829381	0.00962041	0.0388118
24	0.0282729	0.0181158	0.00365442	0.00658397	0.00343888	0.00365152	0.0109866	0.0442963	0.196795	0.0794643	0.0655487	0.0312153	0.00256388	0.101736	0.228721	0.0768386	0.0321595	0.0264958	0.00156117	0.0379007
25	0.234581	0.0218663	0.00467414	0.0113237	0.0144337	0.0359455	0.0068829	0.0908004	0.00846631	0.0964799	0.0177764	0.00966314	0.0155106	0.0167397	0.00704166	0.0672445	0.05131	0.279091	0.000955038	0.00921382
26	0.0833561	0.0115359	0.141473	0.0968667	0.0107271	0.0661045	0.0210359	0.0133795	0.0273476	0.0193121	0.017933	0.0536233	0.1052	0.0548177	0.0167136	0.133679	0.0732443	0.0320951	0.000957382	0.0205983
27	0.0692627	0.00832881	0.0532973	0.0885952	0.00982029	0.0244422	0.0412084	0.0268878	0.0945536	0.0645197	0.026753	0.0630719	0.0041336	0.117366	0.0724844	0.0914065	0.0800262	0.0484116	0.00018696	0.0152445
28	0.0165661	0.0151181	0.000494302	0.00204035	0.02394	0.00105007	0.00173443	0.360422	0.00249836	0.185667	0.0497916	0.00383493	0.000763483	0.00266104	0.00354171	0.0117554	0.0400898	0.272525	0.000271623	0.00523469
29	0.00676941	0.0106377	0.000664811	0.00178714	0.0585631	0.00148263	0.00190624	0.120236	0.00195683	0.616339	0.0716942	0.00346636	0.00286348	0.00884599	0.00185484	0.00775819	0.010134	0.0626096	0.000721464	0.009709
30	0.0150819	0.00144133	0.096294	0.299915	0.00136454	0.0230567	0.037299	0.00743785	0.0344745	0.00844782	0.0152214	0.0893302	0.00379943	0.21676	0.0161063	0.0688889	0.056712	0.00356266	0.000176367	0.00462939
31	0.0413059	0.00333322	0.0317501	0.0562398	0.0706982	0.00816772	0.0442352	0.00665334	0.0983639	0.0715457	0.0143187	0.0455602	0.00228762	0.0831236	0.0161605	0.107611	0.080282	0.0391271	0.000937892	0.178298
32	0.197229	0.00919595	0.0219141	0.00772564	0.00570391	0.0147281	0.00722917	0.00968218	0.00559033	0.0162496	0.00964667	0.0556074	0.00517808	0.0104425	0.00699788	0.492213	0.0914652	0.0210394	0.00626086	0.00590041
33	0.00580903	0.0116039	0.000815611	0.00128968	0.618614	0.000937145	0.0118756	0.092636	0.00114209	0.089714	0.0194699	0.00137797	0.000873802	0.00328757	0.0011232	0.00624674	0.0153632	0.02274	0.012089	0.0829912
34	0.390985	0.0186738	0.00410045	0.00822626	0.00552244	0.263203	0.00391662	0.00665606	0.00474947	0.0176104	0.0173639	0.0144147	0.00940295	0.0165429	0.00517385	0.131188	0.0297726	0.0421613	0.00208121	0.0082549
35	0.00850386	0.0164109	0.000805714	0.00180896	0.0750559	0.00153079	0.00156235	0.0772302	0.00157765	0.65637	0.0704775	0.00278831	0.00284238	0.00709137	0.00151584	0.00839397	0.0133648	0.0419875	0.000527842	0.0101544
36	0.0896803	0.0093111	0.0379734	0.0672068	0.0112682	0.0308951	0.030335	0.02243	0.0654306	0.0617283	0.0265627	0.0771133	0.00549538	0.133729	0.061767	0.123727	0.0768023	0.0536831	0.000844076	0.0140176
37	0.0164442	0.0172774	0.000363576	0.000767565	0.0199472	0.000841616	0.00130418	0.358689	0.00118504	0.167984	0.0451199	0.00215773	0.000693282	0.0022138	0.00171597	0.00838751	0.0418327	0.307841	0.000362862	0.00487169
38	0.00476631	0.0102002	0.000680172	0.0021861	0.0701247	0.00305504	0.00231348	0.0682989	0.00236647	0.62865	0.126873	0.00374288	0.00213386	0.00730935	0.00122677	0.00595035	0.0130107	0.0376495	0.00142266	0.00803927
39	0.0171691	0.000675729	0.360328	0.457439	0.0028687	0.00961984	0.014844	0.00348008	0.0111069	0.00430041	0.00613097	0.0288538	0.00223188	0.0241582	0.00532117	0.0275673	0.00885234	0.0108705	0.000281315	0.00390018
40	0.0786989	0.00803424	0.0588516	0.0599458	0.0028875	0.054528	0.0513403	0.00887157	0.0582396	0.0172959	0.01633	0.20995	0.00180957	0.0916777	0.0409571	0.135882	0.0784722	0.0170219	0.000154064	0.00905237
41	0.10973	0.0743724	0.00208574	0.00332309	0.00786388	0.00393467	0.00295378	0.0528182	0.00352843	0.372433	0.0285854	0.00470767	0.00482416	0.00448365	0.00364173	0.0352576	0.147732	0.133635	0.00064071	0.00344842
42	0.0119246	0.00407627	0.000606401	0.00184028	0.0103368	0.00116557	0.00111376	0.461294	0.00171496	0.0528702	0.0181134	0.00192806	0.00167958	0.00466124	0.0015528	0.00774495	0.0236977	0.38624	0.00291169	0.00452719
43	0.0218079	0.00162918	0.0220902	0.0424177	0.0142403	0.00528763	0.0832943	0.0133734	0.26295	0.035729	0.0231239	0.0978487	0.00607626	0.139201	0.142604	0.0342828	0.0222472	0.0101523	0.00164627	0.0199982
44	0.012768	0.000380616	0.00655557	0.01729	0.00578552	0.00757989	0.0118108	0.00531045	0.459011	0.00671968	0.00574012	0.0265842	0.00677361	0.0552773	0.30591	0.0302614	0.0211024	0.0124537	0.000681503	0.00200414
45	0.0146343	0.0279897	0.00336439	0.0119633	0.0926471	0.0042308	0.0143517	0.00918548	0.00758648	0.0186241	0.00771454	0.0121454	0.0155698	0.0102532	0.0186982	0.0306214	0.0103962	0.0288933	0.553703	0.107428
46	0.0458806	0.00607243	0.0369097	0.0414302	0.00449103	0.0587059	0.0632157	0.00820641	0.137383	0.0175404	0.0187108	0.228735	0.00245097	0.0766497	0.0809043	0.0932222	0.0550583	0.0143771	0.000774296	0.00928199
47	0.0774576	0.0103236	0.00191001	0.0163138	0.01084	0.00218708	0.00666577	0.278017	0.0147264	0.110892	0.0305433	0.0141696	0.000894522	0.0112892	0.0182698	0.0448866	0.110388	0.237699	0.000236432	0.0022911
48	0.005167	0.022986	0.000467091	0.000735164	0.131307	0.00108203	0.00167881	0.0502404	0.000856519	0.666994	0.0505616	0.00154445	0.00274696	0.00385392	0.00160909	0.00817264	0.010274	0.0226147	0.000883456	0.0162257
49	0.0861378	0.00127279	0.0420659	0.0432135	0.00796046	0.0496903	0.0217736	0.0121391	0.0327998	0.0180838	0.0110129	0.0428742	0.29312	0.0658468	0.0169632	0.131413	0.0901484	0.0223141	0.000624915	0.0105458
50	0.114196	0.00200077	0.0398498	0.0817336	0.0016953	0.0415821	0.0112308	0.00448433	0.154527	0.0220385	0.0168194	0.0330929	0.0255584	0.137856	0.103308	0.10518	0.0773234	0.0240562	0.000220696	0.00324756
51	0.035466	0.000364329	0.29524	0.32266	0.000767717	0.0214557	0.00596946	0.0018595	0.0337282	0.00902365	0.00524512	0.0832774	0.0160251	0.0536771	0.0107082	0.0526628	0.0331467	0.017974	0.000116638	0.000632127
52	0.0183062	0.00179952	0.0819964	0.279926	0.00164226	0.0240489	0.0401072	0.00865564	0.0371636	0.0100349	0.0162876	0.0953035	0.0032589	0.221827	0.0181524	0.0717788	0.0606917	0.00374502	0.000224339	0.00505049
53	0.0167546	0.00927055	0.000944606	0.00543906	0.0495915	0.0098901	0.00417982	0.206852	0.00499234	0.283353	0.187217	0.00795396	0.00685355	0.00835451	0.00293604	0.0123109	0.0335802	0.134057	0.0030505	0.0124182
54	0.0128818	0.000378939	0.00659683	0.0172251	0.00578033	0.00765882	0.0118042	0.00532665	0.457091	0.00677208	0.00576066	0.0266298	0.00675314	0.0554321	0.307224	0.0303828	0.0211637	0.0124923	0.000661164	0.00198411
55	0.0695034	0.00999176	0.0484847	0.0547793	0.00658288	0.0431335	0.0455222	0.0192652	0.0723594	0.0338671	0.0240573	0.153203	0.00395406	0.0816766	0.0540934	0.132519	0.096576	0.0360352	0.00137004	0.0130256
56	0.00570494	0.00971352	0.000534959	0.000790099	0.414853	0.00065645	0.0266054	0.00997511	0.00329786	0.0238767	0.0108019	0.0139983	0.000394516	0.0033867	0.00161088	0.00779007	0.0044908	0.00445816	0.00462704	0.452433
57	0.00511364	0.00136168	0.000377487	0.0012548	0.00893666	0.000554874	0.000552733	0.491375	0.000537739	0.034648	0.0138486	0.000832194	0.00166367	0.00432314	0.000503365	0.0058567	0.0164451	0.404108	0.00353578	0.00417037
58	0.110844	0.0184919	0.00769845	0.0125507	0.0402205	0.0234677	0.00989485	0.184544	0.0108828	0.112402	0.0351385	0.0108537	0.00685786	0.0324387	0.0120921	0.0571438	0.0754723	0.214914	0.000755624	0.0233364
59	0.105286	0.0377844	0.109683	0.0823515	0.00280573	0.116607	0.0268822	0.0109508	0.0188998	0.0177819	0.00957232	0.116624	0.0025036	0.0709933	0.0293541	0.155038	0.0514464	0.0186799	0.000445731	0.0163112
60	0.0282855	0.0078147	0.00533257	0.00810366	0.0665051	0.0155284	0.0292846	0.0543532	0.0622851	0.247162	0.0960592	0.0316034	0.00312261	0.0657886	0.032681	0.0401052	0.0522788	0.090426	0.00593942	0.0573414
61	0.0441867	0.0122754	0.000880248	0.00523502	0.0135831	0.00322943	0.00456616	0.320636	0.00732818	0.113263	0.0400666	0.0064023	0.000864326	0.00638704	0.00531979	0.0171978	0.0724435	0.321201	0.000505498	0.00442958
62	0.0118002	0.0126103	0.000359491	0.000931273	0.0234751	0.000730531	0.00119032	0.38969	0.00115759	0.158953	0.0445489	0.00223642	0.000903762	0.00193252	0.00143864	0.00751307	0.0292223	0.304987	0.000794131	0.00552455
63	0.093141	0.00349993	0.0391365	0.09417	0.00301953	0.0372421	0.0182641	0.00704517	0.143902	0.0302122	0.0184553	0.0363369	0.0157312	0.150469	0.100572	0.102819	0.0767424	0.0243615	0.000187098	0.00469345
64	0.0187985	0.0118734	0.0125112	0.0206388	0.0403565	0.0041743	0.0411627	0.110509	0.0465193	0.275342	0.121418	0.0634837	0.00376666	0.0534068	0.0149154	0.0291099	0.0415059	0.0314579	0.00187717	0.0571745
65	0.315385	0.161257	0.00335193	0.00572847	0.00590374	0.0264701	0.00380683	0.0131681	0.00488247	0.00883453	0.00495812	0.00998445	0.0293889	0.00901586	0.00406807	0.202025	0.122035	0.0568941	0.00258295	0.0102596
66	0.0970352	0.00724074	0.0439506	0.0707141	0.00372085	0.0509666	0.0185408	0.00950954	0.0611115	0.0191569	0.0144204	0.109573	0.00844343	0.116375	0.0498203	0.193569	0.102137	0.019033	0.000141674	0.00454131
67	0.132146	0.00164977	0.0364611	0.0770705	0.000853419	0.0452873	0.00752422	0.00407713	0.151474	0.0190196	0.0158315	0.0271807	0.0223188	0.139454	0.101457	0.116248	0.0801012	0.020054	0.000237514	0.00155319
68	0.0144484	0.0014715	0.0882232	0.299158	0.0014371	0.0232201	0.0386056	0.00774196	0.0344092	0.0085289	0.015535	0.0893048	0.00336092	0.223463	0.0164519	0.0691156	0.0576173	0.00292962	0.000179358	0.00479886
69	0.012903	0.00041761	0.00660063	0.0172338	0.00569046	0.00775208	0.0119509	0.00539481	0.456058	0.00702431	0.00590914	0.0269072	0.00672711	0.0558352	0.306569	0.03053	0.021194	0.0126238	0.000671974	0.00200689
70	0.1399	0.0111526	0.0020328	0.00325486	0.00372246	0.0381154	0.0183151	0.0296786	0.0175365	0.0614456	0.0131495	0.0375011	0.0177777	0.0131463	0.00293946	0.100255	0.387687	0.0871547	0.000752961	0.0144825
71	0.0130183	0.0106304	0.00429835	0.00222023	0.447594	0.00257776	0.0180871	0.0701218	0.00521314	0.198722	0.0402811	0.00454106	0.00145468	0.0129259	0.00184696	0.0100539	0.0140718	0.0451571	0.0116856	0.0854996
72	0.0100447	0.00966937	0.000413405	0.000968675	0.0222809	0.000740227	0.00126056	0.314335	0.00152363	0.328059	0.0525956	0.00340121	0.0033945	0.00590331	0.00158045	0.00716982	0.0206627	0.209951	0.000376273	0.00566991
73	0.0485687	0.00427813	0.041652	0.0357733	0.00248225	0.0628658	0.0895871	0.00663903	0.0756394	0.0161871	0.013629	0.298846	0.000683578	0.0691715	0.0384589	0.10671	0.0666354	0.0125483	0.000552365	0.0090929
74	0.0383929	0.00330097	0.0487122	0.0913005	0.00665327	0.0192596	0.0279039	0.011324	0.257672	0.0232869	0.0148025	0.0602564	0.0122866	0.0924569	0.161593	0.0597098	0.0422765	0.0191592	0.000765746	0.00888695
75	0.0104846	0.0230233	0.00102746	0.00356937	0.0741975	0.00628891	0.00360998	0.092745	0.00257724	0.504253	0.138159	0.00457137	0.00258405	0.0082543	0.0019144	0.0136035	0.0262744	0.0609865	0.000952227	0.0209238
76	0.0130311	0.0176932	0.367187	0.0853003	0.00351643	0.037204	0.0143698	0.0140327	0.00934096	0.0140368	0.00561891	0.317372	0.00419561	0.0293684	0.00484679	0.0280985	0.0121408	0.0183931	0.000764785	0.0034884
77	0.0517006	0.0130742	0.00263847	0.0189182	0.0206641	0.00266744	0.00342068	0.263884	0.010435	0.189986	0.0428116	0.0150292	0.00155802	0.00783101	0.0195436	0.0503698	0.0745536	0.208475	0.000312071	0.00212738
78	0.0704249	0.00637608	0.000888564	0.0146373	0.00295974	0.00254009	0.012934	0.27172	0.0236182	0.0630834	0.0263119	0.0200525	0.000736761	0.0173387	0.0124692	0.0275361	0.144151	0.278722	0.000327779	0.00317159
79	0.0076386	0.0136889	0.000735287	0.00172778	0.0775115	0.0015931	0.00193605	0.114086	0.00169233	0.602427	0.0662056	0.00304612	0.00295486	0.00759057	0.0016728	0.00846371	0.0119822	0.0625503	0.000693334	0.011804
80	0.00510088	0.00120823	0.000420182	0.00137887	0.00848231	0.000523009	0.00053218	0.50587	0.000607162	0.030958	0.0133329	0.000907704	0.00157414	0.00459305	0.000638869	0.00553983	0.0151387	0.395606	0.00341472	0.00417351
81	0.0271808	0.00345883	0.0713826	0.259698	0.00321259	0.0239403	0.0388658	0.00864199	0.0419184	0.0209793	0.0178543	0.0753174	0.00413951	0.21923	0.0272534	0.0835874	0.0584343	0.00830088	0.000375818	0.00622849
82	0.00457454	0.000960023	0.000417228	0.00116939	0.00846951	0.000521304	0.000525631	0.518253	0.000534372	0.0284269	0.0130933	0.000945304	0.00152915	0.00469971	0.00050367	0.00532759	0.0148188	0.388017	0.00326675	0.00394669
83	0.110145	0.0170366	0.00377648	0.00910879	0.0148921	0.0225121	0.00664339	0.150438	0.0143168	0.174242	0.0211834	0.0067609	0.00676391	0.0112505	0.00921133	0.0312404	0.0474854	0.336281	0.000537101	0.00617542
84	0.0728427	0.00358164	0.0324272	0.0689617	0.00567418	0.0287907	0.0197913	0.00848747	0.226382	0.0255063	0.0173447	0.0413516	0.0155105	0.104913	0.153474	0.0885059	0.0573696	0.0226417	0.00055756	0.00588663
85	0.0185069	0.00138531	0.0188275	0.0361967	0.0205737	0.00319811	0.10685	0.00950308	0.254984	0.0309449	0.0182344	0.0958218	0.00594303	0.152851	0.149587	0.0278578	0.0139199	0.00738886	0.00169095	0.0257346
86	0.0185907	0.000756841	0.329247	0.509629	0.00250527	0.00647592	0.0120919	0.00297426	0.0112833	0.00407045	0.00503935	0.020099	0.00148457	0.0223282	0.00607925	0.0225512	0.00687301	0.0123292	0.000323127	0.00526852
87	0.0113188	0.0308764	0.00280437	0.0110991	0.111565	0.00444166	0.0174579	0.0118371	0.0058036	0.0272736	0.0100808	0.0117192	0.0154688	0.00796541	0.0169794	0.025757	0.00981055	0.0264777	0.519576	0.121687
88	0.0826689	0.00490585	0.0375397	0.042412	0.00872414	0.0458438	0.021623	0.0151984	0.0331571	0.0207837	0.0121586	0.0568493	0.237132	0.0596213	0.0188947	0.157441	0.10595	0.0269025	0.0012617	0.0109328
89	0.0605707	0.00819508	0.0541491	0.0916362	0.010195	0.0217913	0.0484751	0.0243598	0.102913	0.0638301	0.024982	0.066089	0.00464426	0.117577	0.078826	0.0853542	0.0720841	0.0481115	0.000154183	0.016063
90	0.0285495	0.00247512	0.0480522	0.046185	0.00854832	0.0224828	0.10344	0.0101912	0.154281	0.0197905	0.0141485	0.215404	0.00345907	0.0713228	0.111324	0.061813	0.0497271	0.01022	0.00100998	0.0175752
91	0.0149114	0.0282853	0.00337064	0.0131325	0.108143	0.00414834	0.0118591	0.00943468	0.00692607	0.0195545	0.00815241	0.00905596	0.0162511	0.00909912	0.01888	0.0251732	0.0105011	0.0273641	0.546421	0.109336
92	0.108693	0.00167842	0.0339637	0.0634191	0.00334265	0.044206	0.0113599	0.00557244	0.102563	0.0169676	0.0124944	0.0293315	0.176793	0.108817	0.0640807	0.116663	0.0792251	0.0167208	0.000411925	0.00369693
93	0.0652321	0.000823186	0.0265968	0.0367698	0.00300375	0.0317311	0.00812366	0.0158585	0.0382505	0.0131819	0.00806178	0.0952967	0.0125623	0.0451484	0.0389273	0.331288	0.217012	0.0109027	0.000238023	0.000990758
94	0.00742544	0.011764	0.00173465	0.00172921	0.565936	0.0014624	0.0158207	0.0696078	0.00274885	0.0832899	0.0194647	0.0050294	0.00104203	0.00491708	0.00198919	0.00929484	0.0150365	0.018735	0.0116178	0.151355
95	0.00709104	0.00378503	0.000407958	0.00111785	0.0111131	0.00064768	0.000720023	0.493441	0.00080508	0.0553123	0.0209222	0.00133413	0.00128496	0.0041748	0.000842967	0.00583023	0.019285	0.365485	0.00234928	0.00405084
96	0.0834801	0.00107932	0.0411005	0.0412918	0.00817744	0.0518983	0.0223993	0.0113423	0.0333866	0.0168315	0.0106713	0.0430193	0.290625	0.0650409	0.015457	0.135809	0.0942068	0.0226221	0.000533756	0.0110268
97	0.0174871	0.000710005	0.347018	0.482606	0.00252311	0.00796925	0.0132178	0.00329671	0.0113232	0.00411773	0.00579583	0.0238504	0.0017435	0.0249265	0.00555002	0.0239749	0.0074426	0.0113235	0.000297685	0.00482617
98	0.00951147	0.00732883	0.00049892	0.00159757	0.0231571	0.000864766	0.00151881	0.281927	0.00197956	0.39541	0.0572835	0.00402902	0.00406052	0.00817135	0.00219302	0.00758079	0.0167697	0.169198	0.000823832	0.00609591
99	0.0425443	0.142956	0.00397308	0.00688329	0.0209957	0.00781892	0.00854295	0.254874	0.00731331	0.0844273	0.0226162	0.00829503	0.00554306	0.0086555	0.00622616	0.0414207	0.0366611	0.279466	0.00157683	0.00921
100	0.116855	0.00949421	0.0470758	0.0716974	0.00401462	0.050216	0.0243534	0.00988537	0.0400739	0.0236122	0.017242	0.137096	0.00259977	0.135751	0.0390809	0.15995	0.0833231	0.0208736	0.000109122	0.00669666
101	0.448584	0.0536828	0.00238118	0.0115799	0.00412444	0.0335397	0.00275879	0.00551948	0.00194542	0.0102797	0.00615225	0.01489	0.0345606	0.00769964	0.00271072	0.233056	0.0644914	0.0495203	0.00198767	0.0105358
102	0.354404	0.159211	0.00160989	0.00380196	0.00370273	0.0273916	0.00183374	0.00868339	0.00208541	0.00433527	0.00251549	0.00634987	0.0359042	0.00750148	0.00160094	0.203883	0.106004	0.0567714	0.00288478	0.00952493
103	0.0127394	0.000383598	0.00663757	0.0173612	0.00570363	0.00779169	0.0123523	0.00543251	0.456528	0.00683481	0.00576642	0.0269654	0.00686023	0.0559673	0.305818	0.0303872	0.021153	0.0126595	0.000658973	0.00199962
104	0.129865	0.0104001	0.00452764	0.00778324	0.00372873	0.0386929	0.0121617	0.0244052	0.0211574	0.0480097	0.0145638	0.0446254	0.0186551	0.0204758	0.00825577	0.148367	0.368881	0.0643372	0.000509508	0.0105973
105	0.100205	0.00597059	0.0442428	0.00448298	0.00400576	0.0177765	0.0124749	0.0123781	0.00520665	0.0128654	0.00415669	0.0938657	0.00276697	0.00770378	0.00364366	0.547173	0.0770311	0.021897	0.0130448	0.00910833
106	0.119028	0.00206813	0.0732847	0.103969	0.0182293	0.0174921	0.00732278	0.0713978	0.0256332	0.10725	0.0530539	0.0274523	0.0913645	0.0937811	0.00786036	0.0576234	0.0321302	0.0831108	0.00196345	0.00598491
107	0.0532393	0.00213036	0.0219259	0.0346946	0.00663922	0.0346621	0.0177852	0.0193626	0.0331113	0.0157822	0.00813087	0.112308	0.0329185	0.0351735	0.0284063	0.31735	0.200814	0.0223483	0.000660604	0.0025574
108	0.010669	0.0100019	0.000441609	0.00105025	0.0230649	0.000890159	0.00169458	0.314863	0.00166495	0.31496	0.0549014	0.00357531	0.0032749	0.00589809	0.00168082	0.00764312	0.0220685	0.214967	0.000606857	0.00608502
109	0.109489	0.148709	0.00698989	0.0120109	0.0277642	0.0161973	0.012918	0.127998	0.0154581	0.0901177	0.0271218	0.0158281	0.0119775	0.0169001	0.0112162	0.0788827	0.0776085	0.161887	0.0122923	0.0186336
110	0.0755125	0.00896926	0.0459664	0.114972	0.0115671	0.0305306	0.0328567	0.0371331	0.0755875	0.0711036	0.0355257	0.0499727	0.00620907	0.104105	0.0845435	0.0748614	0.0654407	0.0606005	0.00072546	0.0138179
111	0.0479304	0.0117981	0.102184	0.0681819	0.0107479	0.0351476	0.0523214	0.0181012	0.055884	0.0347229	0.0177417	0.237565	0.00764547	0.0681934	0.0356665	0.0955172	0.0575264	0.0257973	0.00180803	0.015519
112	0.103561	0.0336061	0.0308647	0.0270203	0.0108746	0.042393	0.0234683	0.0141227	0.0206769	0.0225382	0.0118298	0.132552	0.00596483	0.0324066	0.0215553	0.342638	0.0783432	0.0271876	0.00550182	0.0128957
113	0.00427293	0.012211	0.000634438	0.00150857	0.0715425	0.00183655	0.0017988	0.0628536	0.00181138	0.673686	0.0970807	0.00318292	0.00166804	0.00662708	0.00121251	0.00588879	0.0100036	0.0327196	0.000839777	0.00862089
114	0.080744	0.00600817	0.001112	0.0200017	0.00240909	0.00197982	0.0177351	0.265517	0.0328957	0.0457555	0.0231976	0.0281594	0.000813637	0.0247034	0.0153636	0.0330953	0.150644	0.245305	0.000322696	0.0042379
115	0.0140957	0.015223	0.000411966	0.00112457	0.0252022	0.000890456	0.00142541	0.362207	0.00147736	0.190873	0.0525217	0.00295793	0.00075505	0.00192114	0.00235202	0.00978351	0.0354213	0.275694	0.000163306	0.0055001
116	0.00534889	0.0177436	0.000931327	0.00104344	0.0988576	0.0016344	0.00626246	0.0574696	0.00180113	0.661604	0.0685247	0.00415227	0.00242517	0.00561978	0.00160798	0.00954472	0.01013	0.0285632	0.00136638	0.0153694
117	0.0128864	0.000380241	0.0066047	0.0172044	0.00576838	0.00768372	0.0118003	0.00532752	0.456644	0.00677357	0.0057711	0.0266775	0.00674287	0.0555211	0.307484	0.0304417	0.0211789	0.0124897	0.000658906	0.00196076
118	0.0235421	0.00980409	0.00826597	0.0158291	0.0377943	0.0104222	0.0252174	0.0808274	0.043713	0.274306	0.16487	0.0535761	0.00741769	0.0411389	0.0344081	0.0325626	0.0404726	0.0460814	0.00278097	0.04697
119	0.0130838	0.012402	0.0016522	0.00290602	0.057763	0.00267146	0.00386174	0.135422	0.00322778	0.538419	0.0713081	0.00469019	0.00437268	0.0106456	0.0032168	0.0114554	0.0188124	0.0907931	0.00157034	0.0117259
120	0.1092	0.0118747	0.0380688	0.0435159	0.0069557	0.0620113	0.0282954	0.0116759	0.0385344	0.0220716	0.0139347	0.119922	0.012029	0.060826	0.0335205	0.259559	0.0915059	0.0240797	0.00239032	0.0100291
121	0.0294808	0.00233583	0.256168	0.403679	0.00329734	0.0148423	0.0162882	0.00783602	0.0263687	0.0135121	0.00982466	0.0473115	0.00673253	0.0589202	0.0132132	0.0424826	0.0242407	0.0179683	0.000476348	0.00502086
122	0.0236082	0.000932905	0.306173	0.451804	0.002297	0.0114978	0.0125124	0.0033961	0.0187802	0.00650812	0.00659438	0.0387074	0.00472968	0.0385574	0.00801378	0.0330359	0.0151728	0.013392	0.00024065	0.00404601
123	0.00613247	0.0014786	0.00038466	0.00176496	0.00820583	0.000771961	0.000658329	0.446009	0.000612262	0.0332263	0.0122599	0.000863328	0.00224169	0.00397983	0.000529008	0.00571168	0.0163087	0.448897	0.0049919	0.00497305
124	0.0105893	0.0127797	0.00211988	0.00232888	0.559222	0.00234618	0.0145193	0.070388	0.00222257	0.0814663	0.0209947	0.0053844	0.00183442	0.00534411	0.00254316	0.00971585	0.0145226	0.0206495	0.0118393	0.14919
125	0.0260388	0.000615938	0.330957	0.382294	0.00218956	0.0153045	0.0121759	0.00600681	0.0205133	0.00786054	0.00975536	0.0551617	0.00749285	0.0413221	0.00733455	0.0367156	0.0188974	0.0165394	0.000229962	0.00259411
126	0.00576141	0.00975789	0.000527449	0.0008107	0.406447	0.000677934	0.0271556	0.00819958	0.00337089	0.022509	0.0104793	0.0144334	0.000407361	0.00337557	0.00161038	0.00779372	0.0042328	0.00406012	0.00441763	0.463972
127	0.133727	0.049954	0.0777185	0.0602153	0.0082824	0.157733	0.0181975	0.010088	0.013018	0.0197757	0.0117976	0.0584249	0.00550592	0.0325888	0.0217638	0.247532	0.0405841	0.0185563	0.00183423	0.012703
128	0.0975753	0.00597634	0.0422316	0.0929056	0.00574723	0.0320657	0.0265026	0.013347	0.105842	0.0476442	0.0210546	0.0502671	0.00959553	0.147554	0.079205	0.103828	0.0786763	0.031308	0.000238689	0.00843482
129	0.0338698	0.000352514	0.302371	0.324049	0.000849272	0.021589	0.00698774	0.00205043	0.0337161	0.00919685	0.0052497	0.0808619	0.0146741	0.0528006	0.0100335	0.0519144	0.0318653	0.0166924	0.000121967	0.000753812
130	0.0200525	0.0017428	0.0931497	0.283279	0.00145943	0.023765	0.0374155	0.00873149	0.0348294	0.00944762	0.0147554	0.0940232	0.00377825	0.213973	0.0170002	0.071483	0.0616986	0.00448626	0.000199151	0.00473124
131	0.00446889	0.00625257	0.000425314	0.00159687	0.0480599	0.00124445	0.00180551	0.114834	0.00176843	0.639097	0.0903518	0.00318845	0.00306147	0.00893486	0.00122891	0.00487168	0.00835648	0.0532265	0.00126446	0.00596189
132	0.0431096	0.0108408	0.00255577	0.00873225	0.0120473	0.00476991	0.00711814	0.307611	0.00967478	0.0886014	0.0314099	0.0131201	0.00309761	0.0104007	0.00768608	0.0253026	0.091533	0.314726	0.0015548	0.00610764
133	0.0637578	0.00126996	0.0246732	0.0404658	0.00342854	0.0299653	0.00815726	0.0177068	0.0389385	0.013686	0.00813465	0.089131	0.011726	0.0591702	0.0382024	0.32445	0.214125	0.011452	0.000295379	0.00126434
134	0.150932	0.00486953	0.029814	0.0291433	0.00524301	0.0180399	0.0158496	0.0415358	0.0757337	0.0679255	0.0335186	0.0307828	0.00314872	0.080572	0.0885098	0.0963553	0.148718	0.0728514	0.000909232	0.00554741
135	0.0293558	0.00696596	0.013925	0.0261895	0.0169558	0.0131684	0.0326822	0.013954	0.295491	0.0337848	0.0200559	0.0491801	0.00883686	0.0832261	0.191849	0.0504465	0.0361973	0.0244199	0.0342719	0.0190436
136	0.103563	0.00718431	0.00393642	0.0229197	0.0028666	0.0028332	0.0150969	0.234171	0.0446418	0.0515528	0.0254639	0.0207596	0.00116959	0.0298073	0.0274986	0.0426178	0.161571	0.196746	0.00053186	0.00506964
137	0.0305854	0.00305755	0.0334384	0.0559856	0.0128508	0.00827674	0.0739117	0.015997	0.227694	0.0418126	0.0211423	0.098733	0.00585325	0.118319	0.132051	0.0460271	0.0313622	0.0197022	0.00114091	0.0220591
138	0.0690665	0.00808196	0.0536598	0.0949849	0.00957177	0.0245057	0.041934	0.022889	0.0972727	0.0627978	0.0249909	0.0643596	0.00509127	0.121239	0.0740897	0.0901815	0.0747989	0.0454224	0.000143122	0.0149198
139	0.0124178	0.00756524	0.00220458	0.00703816	0.0569751	0.00712315	0.00641891	0.0768165	0.0175394	0.483901	0.186439	0.0115534	0.00491779	0.0134207	0.00644568	0.0124021	0.0242979	0.0471909	0.00222835	0.0131043
140	0.0183552	0.00273725	0.00843966	0.0199385	0.00592692	0.00821795	0.0178098	0.0105945	0.405382	0.017355	0.0156658	0.0328955	0.00641555	0.0654029	0.279488	0.0379192	0.0243603	0.0150204	0.0008421	0.00723385
141	0.0313458	0.00282616	0.0797504	0.243733	0.00161101	0.0283539	0.0366066	0.00910766	0.0367901	0.0107304	0.0153368	0.107572	0.00292108	0.20881	0.0199437	0.0860494	0.0680732	0.00536216	0.000209673	0.00486753
142	0.0700463	0.00123532	0.0232325	0.0352954	0.00331808	0.0280548	0.00804627	0.0185197	0.035518	0.0144007	0.00822602	0.0852827	0.0136742	0.0604179	0.0437355	0.313201	0.223415	0.0123976	0.000351629	0.0016316
143	0.0150138	0.00150683	0.0874144	0.297597	0.00164502	0.0230983	0.0391961	0.00764288	0.0346863	0.00916867	0.0157468	0.0875639	0.00331892	0.225397	0.0166668	0.0690992	0.0568277	0.00318111	0.000287047	0.00494245
144	0.00851512	0.011912	0.00179197	0.00176585	0.567183	0.00135798	0.0148394	0.0733981	0.00217321	0.0848827	0.0196339	0.00413373	0.00132013	0.00410995	0.00199835	0.00862234	0.0150695	0.0218175	0.0180438	0.137431
145	0.131062	0.00189951	0.0356529	0.0796258	0.00120233	0.0460257	0.00764348	0.00311944	0.148707	0.017656	0.0150458	0.028339	0.0231642	0.138714	0.0982738	0.125434	0.0782439	0.0184193	0.000221919	0.00154902
146	0.102682	0.00774488	0.0580502	0.146422	0.0182088	0.0382237	0.0485388	0.0145436	0.0696621	0.0797888	0.0524143	0.0380196	0.00547838	0.142982	0.0411611	0.0785894	0.0274763	0.019696	0.000692339	0.00962549
147	0.00459011	0.00091647	0.000405978	0.00124934	0.00814124	0.000511309	0.000526069	0.511301	0.0005347	0.0276676	0.0125226	0.000954277	0.00161635	0.00459536	0.000495887	0.00532815	0.0147015	0.396472	0.00347529	0.00399514
148	0.00577734	0.00980431	0.000530448	0.000810374	0.406575	0.00068373	0.0272273	0.0083157	0.00335923	0.0225566	0.0106253	0.0144814	0.000425727	0.00338147	0.00162132	0.00771281	0.00424556	0.0041217	0.00465786	0.463087
149	0.0149635	0.00152134	0.0860739	0.291863	0.00134106	0.0230491	0.0396152	0.00827477	0.0343029	0.00842351	0.0152638	0.0920421	0.0032154	0.225895	0.0158938	0.0696092	0.0610667	0.00264353	0.000210974	0.00473129
150	0.00730421	0.0168241	0.00141684	0.00130026	0.124576	0.00178834	0.00275224	0.0546773	0.00255309	0.631141	0.0698591	0.00240558	0.00182919	0.00698243	0.0020057	0.00890072	0.0111342	0.0355388	0.0020078	0.0150029
151	0.0548265	0.139323	0.00493509	0.00914419	0.0364794	0.010556	0.0137126	0.199824	0.0144053	0.124002	0.0358409	0.0143785	0.00738402	0.0139628	0.0108513	0.0512195	0.0652173	0.174479	0.00269578	0.0167626
152	0.0491501	0.00583006	0.00850688	0.0431519	0.0652373	0.0122348	0.0296009	0.024529	0.0528979	0.145228	0.0438163	0.0496214	0.0016157	0.119132	0.0189257	0.0854344	0.0604376	0.0909409	0.00456412	0.0891452
153	0.0439317	0.00404863	0.0212281	0.0593008	0.0789228	0.00791422	0.0554917	0.00826527	0.0763007	0.0654774	0.0206516	0.0325904	0.0030843	0.0944033	0.0109899	0.0964512	0.074548	0.0330652	0.000981583	0.212353
154	0.00469209	0.00108639	0.000420557	0.00134189	0.00806525	0.000516746	0.000546624	0.506515	0.000562094	0.0282581	0.0125508	0.000994664	0.0017061	0.00455683	0.000590034	0.00539757	0.0147216	0.399808	0.00361783	0.00405229
155	0.00279008	0.0128023	0.000334942	0.000931597	0.0758792	0.00115273	0.00106972	0.0536379	0.00121587	0.699451	0.092962	0.00206801	0.000996672	0.00519401	0.0007322	0.00501349	0.00884123	0.0267837	0.000581856	0.00756096
156	0.152417	0.00620963	0.0379129	0.0352832	0.0085151	0.0122064	0.00910532	0.0202687	0.0106585	0.0406851	0.0224413	0.0317193	0.0502588	0.0533397	0.0081501	0.413843	0.0492697	0.0275576	0.00248702	0.00767249
157	0.0172826	0.0169987	0.00197968	0.00426701	0.0590248	0.00493885	0.00457279	0.0785329	0.00658577	0.560621	0.105151	0.00795761	0.0045853	0.0119611	0.00472256	0.0134219	0.0300899	0.0551986	0.00134912	0.0107593
158	0.0110859	0.0109602	0.0003101	0.00062009	0.0196904	0.000629097	0.00084147	0.395127	0.000953474	0.150361	0.0426535	0.0019391	0.000880604	0.0020468	0.000834638	0.00563176	0.0288563	0.320573	0.000950879	0.00505499
159	0.0615123	0.00861281	0.0552438	0.0946242	0.010248	0.0224498	0.0442124	0.0252484	0.0986668	0.0663088	0.0254582	0.0650232	0.00452803	0.117639	0.0748291	0.0861548	0.073761	0.0489557	0.000137134	0.0163864
160	0.311414	0.0598229	0.00153901	0.0247208	0.00355972	0.0303516	0.00473047	0.0281862	0.005328	0.0140843	0.0098432	0.0179591	0.0109115	0.032498	0.00308795	0.195488	0.150531	0.088781	0.00116686	0.00599595
161	0.17009	0.0656091	0.00358014	0.00773707	0.00908459	0.0275851	0.0101511	0.0276118	0.00909895	0.0248598	0.0123735	0.0386337	0.0105905	0.0143735	0.00574688	0.13983	0.334443	0.080178	0.00101132	0.00741179
162	0.0065166	0.0152234	0.000733284	0.00149333	0.0898264	0.00168307	0.00242275	0.0725953	0.00199499	0.639906	0.0780441	0.0027989	0.00195416	0.00663909	0.00138542	0.00755899	0.0114611	0.0447826	0.0011922	0.0117882
163	0.0144427	0.00148069	0.0869086	0.303316	0.00149842	0.0236859	0.0389999	0.00745847	0.035062	0.00860213	0.015839	0.0885814	0.00326972	0.220881	0.0166398	0.0686573	0.056443	0.00305977	0.000184992	0.00498867
164	0.311071	0.169292	0.00153359	0.0031774	0.00670506	0.0215067	0.00246579	0.011089	0.00271752	0.00461088	0.00421815	0.00718732	0.0289832	0.00710874	0.00188317	0.186523	0.165626	0.0537465	0.00237389	0.00818091
165	0.00579105	0.0150433	0.00093169	0.000972283	0.110224	0.00164083	0.0019772	0.049038	0.00162528	0.658035	0.0824745	0.0021457	0.00120848	0.00674272	0.000942986	0.00741037	0.00922026	0.0312515	0.00196599	0.0113589
166	0.0621871	0.00800993	0.0316821	0.0820407	0.0146633	0.0203074	0.0790605	0.0249518	0.0556542	0.090718	0.0237979	0.0772423	0.0048534	0.1571	0.0409888	0.0856145	0.0533816	0.0519997	0.00131023	0.0344361
167	0.0908954	0.0670777	0.00935193	0.0138563	0.0107712	0.0691267	0.0443988	0.0157357	0.267924	0.0229591	0.01662	0.0501477	0.00643662	0.019818	0.120477	0.0269385	0.0237548	0.110015	0.00330583	0.0103898
168	0.00704048	0.0126978	0.000597375	0.000935234	0.423449	0.000809834	0.0259649	0.0192008	0.00303777	0.0274584	0.0117914	0.011973	0.00116779	0.00311454	0.00287661	0.00841749	0.00660037	0.00715438	0.00935524	0.416358
169	0.0036318	0.0183883	0.000375532	0.00116966	0.0869616	0.00166499	0.00100889	0.0541657	0.000889351	0.685169	0.0798733	0.00191703	0.00133704	0.00465555	0.000764626	0.00623083	0.0107602	0.0301447	0.000383176	0.0105085
170	0.0511506	0.00468728	0.0245827	0.0392641	0.0175964	0.0455414	0.0492782	0.0161145	0.0382772	0.0197368	0.0103216	0.0848696	0.0937524	0.0385614	0.0188508	0.25887	0.147712	0.0311753	0.00119321	0.00846427
171	0.022942	0.026437	0.00648805	0.0126666	0.0864587	0.00750112	0.0157462	0.0083851	0.00931577	0.0203795	0.00874719	0.0198085	0.015024	0.0120587	0.0210074	0.0588553	0.0173605	0.0275046	0.509813	0.0935007
172	0.00782345	0.00408197	0.000418539	0.00108504	0.011943	0.000751979	0.000766206	0.48125	0.000719933	0.0632323	0.0241782	0.0014839	0.00125946	0.0039112	0.000798738	0.00584077	0.0201753	0.363815	0.00230596	0.0041585
173	0.0905573	0.00343668	0.0457981	0.0592263	0.00959172	0.0413265	0.0205975	0.0180168	0.0319102	0.0264691	0.0134816	0.0409534	0.280825	0.0653088	0.018927	0.11548	0.0789986	0.0266328	0.0025593	0.00990307
174	0.0125859	0.00958157	0.00109434	0.00157156	0.0394985	0.00278082	0.00247441	0.187349	0.00228701	0.510021	0.0608395	0.00449078	0.00779907	0.0120405	0.00200934	0.0118589	0.0120121	0.104983	0.00101643	0.0137073
175	0.0836188	0.0245123	0.0896063	0.0734629	0.00504912	0.0860053	0.0473356	0.0130559	0.0402558	0.0229973	0.0130185	0.13781	0.0102754	0.0712928	0.0397883	0.135457	0.0661795	0.0220799	0.000636453	0.0175627
176	0.00608097	0.00971055	0.000614128	0.000804809	0.42294	0.000706466	0.0266144	0.0130913	0.00339273	0.0290979	0.011788	0.0133052	0.000473362	0.00351142	0.00177085	0.00901122	0.00511344	0.00569204	0.00524879	0.431032
177	0.00491226	0.000993309	0.000441846	0.0012824	0.0082071	0.000536638	0.000544949	0.503563	0.00054206	0.0292932	0.0125719	0.000936053	0.00174369	0.00455465	0.000522373	0.00522971	0.0148032	0.401604	0.0036186	0.0040989
178	0.00589895	0.0117396	0.000826857	0.00125899	0.609232	0.000896715	0.0124708	0.0865643	0.00130452	0.0833253	0.0190781	0.00233231	0.000895738	0.00347399	0.0012361	0.00626586	0.0147829	0.0207812	0.0115185	0.106117
179	0.0219436	0.00124645	0.147503	0.30267	0.00168815	0.0228566	0.0290573	0.00638432	0.0393632	0.0116353	0.0130017	0.0874888	0.00689723	0.166567	0.017078	0.0627435	0.0482047	0.00915193	0.000198849	0.00432153
180	0.00966487	0.00186455	0.000641146	0.00172238	0.0209963	0.00161145	0.00173849	0.198044	0.00190681	0.558941	0.0580714	0.00420535	0.00681401	0.0150707	0.00181021	0.00718437	0.00536744	0.0942467	0.00108463	0.00901514
181	0.033243	0.0206291	0.000888445	0.00481989	0.020673	0.00162997	0.00162528	0.302142	0.00346281	0.216241	0.0460656	0.00574389	0.001209	0.00313381	0.00742981	0.0207967	0.0566298	0.249684	0.000243064	0.00370953
182	0.035287	0.000339973	0.296329	0.319555	0.000729461	0.021614	0.00599919	0.00182728	0.0342684	0.00910067	0.00525018	0.0841948	0.0157613	0.0541083	0.0106057	0.0533531	0.0336809	0.0172794	0.000121038	0.000594954
183	0.0435061	0.00882775	0.00894955	0.0138369	0.0232363	0.00497769	0.0364707	0.121607	0.023852	0.220919	0.0975274	0.0591433	0.00976445	0.0568493	0.00989834	0.054457	0.119708	0.0322175	0.00211092	0.0521412
184	0.00611063	0.0108492	0.000525089	0.00162421	0.0596016	0.00156824	0.00212489	0.117044	0.00173988	0.608413	0.0809594	0.00331878	0.00249506	0.00751687	0.00135006	0.00743491	0.0114256	0.0658243	0.000680001	0.00939504
185	0.0743138	0.0192003	0.0030804	0.0132737	0.0224347	0.00418489	0.00283213	0.211426	0.00729157	0.192964	0.0243634	0.0155042	0.00238572	0.00805335	0.0217571	0.0634039	0.0854531	0.223997	0.000599194	0.00348142
186	0.0193842	0.00140528	0.0195638	0.0350851	0.0167246	0.0034605	0.0946475	0.0105208	0.278209	0.0328842	0.0188922	0.105907	0.00574033	0.119039	0.164827	0.0274561	0.0145631	0.00757087	0.00174392	0.0223753
187	0.00556485	0.0116813	0.000787734	0.00127747	0.625138	0.000879824	0.0114908	0.0915099	0.00110733	0.0881947	0.0195843	0.00135385	0.000804848	0.00320912	0.00103107	0.00615603	0.0154998	0.0217323	0.0118677	0.0811293
188	0.0751907	0.00971309	0.035767	0.00987156	0.296575	0.00849688	0.0125163	0.0185121	0.00894769	0.189022	0.0593158	0.0132304	0.00538085	0.0207598	0.00975926	0.0554865	0.0359268	0.0786625	0.0363943	0.0204717
189	0.0955168	0.00097168	0.0434811	0.0469555	0.0102942	0.052949	0.023686	0.0191833	0.0325377	0.0251525	0.0127346	0.0489964	0.213697	0.0653309	0.0176157	0.144418	0.0992375	0.031528	0.000887071	0.0148275
190	0.0415353	0.00212267	0.0914639	0.107078	0.0046954	0.00375344	0.00240586	0.0739069	0.0460479	0.0840271	0.0527692	0.0505504	0.0468106	0.0765063	0.0112164	0.0605329	0.0388846	0.202844	0.000564459	0.00228446
191	0.133561	0.00131262	0.023596	0.041195	0.0143862	0.0331126	0.0159606	0.05455	0.0108946	0.067899	0.0183285	0.0296748	0.257643	0.0612092	0.0187638	0.100681	0.0614355	0.0432663	0.00271185	0.00981895
192	0.145423	0.00255533	0.0915434	0.109126	0.0150566	0.020291	0.00535907	0.0676471	0.0170213	0.137549	0.0712016	0.0224405	0.0422408	0.104096	0.00534641	0.0491992	0.0207058	0.0673022	0.00156918	0.00432663
