279	20
1	0.00602457	0.00229071	0.000822537	0.00333493	0.0396204	0.00346245	0.00240908	0.0586409	0.00314506	0.734216	0.0709619	0.000928137	0.00776736	0.00640506	0.0027452	0.0108287	0.00585282	0.0321063	0.00223368	0.00620408
2	0.0607044	0.00631715	0.177405	0.234781	0.0067374	0.0259035	0.0181919	0.00996508	0.0728669	0.0236554	0.00855049	0.0845167	0.0125803	0.0628467	0.0487152	0.0685429	0.0508994	0.0195361	0.00152342	0.00576097
3	0.0872905	0.011492	0.0373385	0.0206442	0.0250111	0.0311208	0.0565849	0.0134062	0.028161	0.0347524	0.0233945	0.114047	0.00527687	0.0452404	0.0169921	0.208443	0.115549	0.0157341	0.0291589	0.0803634
4	0.0388971	0.0407021	0.00237928	0.00281237	0.11487	0.00520666	0.0124156	0.196405	0.00451656	0.311505	0.0666902	0.00328852	0.00393869	0.00519783	0.0141232	0.0206761	0.00699367	0.144845	0.00114878	0.00338862
5	0.0442202	0.00980929	0.00483525	0.0104137	0.00620058	0.00425078	0.00359705	0.257937	0.00640425	0.16057	0.0356311	0.00348426	0.0181024	0.00469926	0.00642094	0.0101342	0.0423993	0.362579	0.000406796	0.00790439
6	0.528748	0.0137426	0.0113456	0.00851514	0.0099813	0.095617	0.0232307	0.00726162	0.0122547	0.0341109	0.0110837	0.0102164	0.0348045	0.0313617	0.0123038	0.052492	0.0491696	0.0460614	0.00177984	0.00591972
7	0.042989	0.00987744	0.118971	0.0468198	0.0189075	0.0398981	0.0615905	0.0165244	0.0300548	0.0443389	0.045859	0.143065	0.0078635	0.0562905	0.0304892	0.147374	0.0766661	0.0153605	0.0115616	0.0355002
8	0.058933	0.0649338	0.0108596	0.00881028	0.0336234	0.0128912	0.0120538	0.0110069	0.0158131	0.0139905	0.0132988	0.159019	0.0149738	0.0124875	0.0112655	0.243869	0.147282	0.107559	0.031304	0.0160258
9	0.333948	0.0433314	0.0216616	0.00590132	0.00898075	0.017201	0.0040511	0.0223934	0.00747403	0.0879971	0.0190962	0.0070213	0.00540721	0.00809591	0.0156119	0.203148	0.0847659	0.0942571	0.0018162	0.00784073
10	0.0134868	0.00511652	0.00186362	0.00396196	0.477499	0.00541673	0.0226171	0.00689142	0.00647837	0.0247577	0.0163996	0.00375206	0.00111986	0.00343818	0.00251948	0.00941381	0.00575583	0.00612724	0.0133916	0.369993
11	0.0163742	0.0207213	0.00240108	0.00340674	0.0227281	0.0043155	0.00460078	0.240432	0.0100643	0.319336	0.022934	0.00794214	0.0434302	0.00583409	0.0215976	0.0259172	0.0323148	0.177999	0.000861717	0.0167897
12	0.0592352	0.00217105	0.0544291	0.0519792	0.00203044	0.0273342	0.0112189	0.00483963	0.128489	0.0279785	0.0324417	0.0702373	0.0047898	0.114419	0.0875391	0.191604	0.105166	0.0132993	0.000796943	0.0100013
13	0.188942	0.022296	0.0375025	0.058303	0.00569952	0.0436829	0.0178126	0.0225986	0.088722	0.0365581	0.0268526	0.0671604	0.0137673	0.0411723	0.0415178	0.143189	0.0948819	0.0352906	0.0018182	0.0122325
14	0.19349	0.0163022	0.0223577	0.0444972	0.0219908	0.115954	0.0168298	0.0159544	0.0593684	0.0573228	0.0515985	0.0757393	0.00789537	0.0417482	0.0369013	0.0880476	0.0950791	0.0237109	0.00290398	0.0123083
15	0.0226576	0.00786298	0.0580215	0.0533844	0.0063477	0.0103728	0.0153425	0.016803	0.181796	0.0151318	0.0186559	0.0222188	0.0859119	0.0386927	0.345873	0.0461121	0.0288772	0.0183546	0.00189253	0.00569092
16	0.090166	0.0161388	0.0866093	0.0348487	0.0242776	0.0652998	0.0406729	0.0408876	0.0202581	0.0940173	0.0479368	0.0686034	0.00537089	0.048174	0.0197262	0.142997	0.068426	0.0205858	0.0134706	0.0515331
17	0.0986583	0.0153239	0.00450057	0.0262626	0.00998448	0.00951223	0.00751513	0.0120779	0.234961	0.0781062	0.0306794	0.0324208	0.0134505	0.0507035	0.26747	0.0196648	0.032661	0.009066	0.0261634	0.0208179
18	0.00737088	0.0109592	0.0150468	0.0128662	0.00145519	0.0056957	0.0185994	0.00554561	0.36839	0.00463147	0.0194992	0.0221033	0.00340969	0.0631951	0.400388	0.0252398	0.00997518	0.00335634	0.000690082	0.00158232
19	0.0985792	0.00677201	0.0101422	0.00971286	0.113753	0.0100055	0.0118498	0.00663848	0.0217892	0.0602636	0.0952186	0.0111006	0.00480538	0.0362879	0.0466589	0.0886374	0.07167	0.0670259	0.0639765	0.165113
20	0.0506114	0.0107648	0.00592762	0.0114446	0.00607274	0.00720536	0.00825922	0.0381356	0.128069	0.164005	0.134238	0.0102135	0.0137039	0.0173265	0.255351	0.0480362	0.0192001	0.0364263	0.00576665	0.0292426
21	0.0185877	0.0212432	0.00182278	0.00358529	0.0478561	0.00466247	0.0211878	0.223938	0.00619007	0.369935	0.0883481	0.00289877	0.00461861	0.00762397	0.0291163	0.0139611	0.00853837	0.120939	0.00107431	0.00387323
22	0.0587797	0.0234966	0.00407307	0.00869516	0.0140232	0.0140363	0.0207429	0.0916096	0.101537	0.102968	0.0213658	0.0300803	0.0172443	0.0869046	0.1393	0.0566088	0.0600557	0.145175	0.00077208	0.00253183
23	0.00849224	0.00472299	0.000930336	0.00349805	0.0683658	0.00324106	0.002075	0.0460865	0.00420597	0.716837	0.0612546	0.00121873	0.00713503	0.00723109	0.00384979	0.00910489	0.00675661	0.0327313	0.00472559	0.00753701
24	0.0493307	0.0783902	0.0144696	0.0101102	0.0143667	0.0322978	0.00869344	0.0110256	0.015272	0.0300054	0.0462717	0.0173746	0.299174	0.0137743	0.0239349	0.249532	0.044347	0.0288665	0.00476338	0.00800076
25	0.0389304	0.00777447	0.0568345	0.0385041	0.029131	0.0355406	0.159301	0.0246637	0.055677	0.0154387	0.00941118	0.0748693	0.16098	0.0268499	0.0865181	0.0625732	0.0580955	0.0307921	0.00197928	0.0261356
26	0.0103298	0.01116	0.0025165	0.00370469	0.0155931	0.00401028	0.00345933	0.237269	0.0132966	0.267812	0.0128212	0.0129668	0.0873758	0.00540814	0.0332939	0.0172141	0.0468892	0.195138	0.000849434	0.018893
27	0.0620786	0.00307463	0.0558344	0.0514427	0.00155304	0.032164	0.0110932	0.00534034	0.118411	0.0268886	0.0213046	0.070487	0.00450698	0.108468	0.0875192	0.204499	0.109799	0.0139448	0.00122491	0.0103649
28	0.0292255	0.0107254	0.0175498	0.0399222	0.00763409	0.00887199	0.0108007	0.0585116	0.114483	0.0432378	0.0413548	0.0135537	0.153345	0.0210399	0.24398	0.0332195	0.0750115	0.0653939	0.0039696	0.00816949
29	0.0104695	0.00610411	0.00099122	0.00516199	0.00585706	0.00592979	0.0041541	0.360654	0.0022297	0.200638	0.0450681	0.00209438	0.0038895	0.00408007	0.0121204	0.00652387	0.0128526	0.307603	0.000339661	0.00323989
30	0.0641857	0.0483398	0.0236088	0.0123127	0.0162277	0.544574	0.00841542	0.0101687	0.0153837	0.0258221	0.0137916	0.0139609	0.0280949	0.0140296	0.0164789	0.0740387	0.0301793	0.0276978	0.00447424	0.00821556
31	0.00822657	0.00303471	0.00503502	0.0379953	0.089066	0.00710768	0.13011	0.00324208	0.160313	0.0362923	0.00441165	0.034191	0.0363072	0.0911715	0.182039	0.0193384	0.018538	0.00647689	0.0013974	0.125706
32	0.0894819	0.0214638	0.00385168	0.0425963	0.0158364	0.00594056	0.00491656	0.0178317	0.177235	0.11923	0.0484136	0.0274941	0.010933	0.0436988	0.254782	0.0154031	0.0342708	0.0093807	0.0229772	0.0342633
33	0.017683	0.0200278	0.000975876	0.00261245	0.0720299	0.00256028	0.00638967	0.100591	0.00337962	0.619323	0.0542448	0.00136069	0.00515721	0.00504772	0.0093561	0.0103622	0.00510434	0.0580045	0.00164968	0.00414022
34	0.0144105	0.00878865	0.00229548	0.00401298	0.296044	0.0038544	0.00308299	0.0533392	0.0147799	0.441861	0.0378948	0.00295185	0.0063135	0.00715677	0.00660971	0.0157647	0.00781557	0.0295109	0.0201708	0.0233416
35	0.0143491	0.00633278	0.00684154	0.0562019	0.00895942	0.0481958	0.114609	0.00793106	0.159076	0.0864518	0.0131491	0.0363332	0.00898281	0.0869691	0.280939	0.0200914	0.0128494	0.00770058	0.00164424	0.0223928
36	0.0263802	0.00298892	0.0782257	0.24547	0.00264483	0.00535878	0.040116	0.00474687	0.0284719	0.104811	0.0423561	0.00918575	0.0166465	0.339556	0.0159252	0.0141483	0.00695642	0.0118898	0.00114575	0.00297661
37	0.0114755	0.00539721	0.000935979	0.00206109	0.623562	0.00344703	0.0163895	0.00741843	0.00730119	0.0210667	0.0113847	0.00425493	0.000823643	0.00144407	0.00136373	0.00605769	0.00208737	0.00479321	0.00917173	0.259564
38	0.172935	0.111617	0.00450571	0.00504543	0.0075132	0.0114997	0.00420436	0.126476	0.0091821	0.211343	0.0312626	0.00603634	0.00447238	0.00739134	0.00951712	0.0568428	0.118764	0.0952567	0.00146528	0.00467114
39	0.0642557	0.00605489	0.189864	0.195955	0.00745667	0.0253684	0.0185823	0.0103942	0.0807334	0.024841	0.00841948	0.0893957	0.0133882	0.0655859	0.053341	0.0742694	0.0464038	0.0189461	0.00150131	0.00524341
40	0.0114755	0.00539721	0.000935979	0.00206109	0.623562	0.00344703	0.0163895	0.00741843	0.00730119	0.0210667	0.0113847	0.00425493	0.000823643	0.00144407	0.00136373	0.00605769	0.00208737	0.00479321	0.00917173	0.259564
41	0.0329294	0.0376928	0.00242666	0.013852	0.00689358	0.0049357	0.0153001	0.165368	0.060638	0.200371	0.0421674	0.0109847	0.00715624	0.0646661	0.105391	0.0395853	0.0489576	0.137966	0.000594296	0.00212472
42	0.0589399	0.00499102	0.184671	0.197252	0.00572942	0.0276869	0.024234	0.00787184	0.0901785	0.0203397	0.00687042	0.108285	0.0126552	0.0537417	0.0518454	0.0774892	0.0435037	0.0157008	0.00124408	0.00676986
43	0.0169716	0.0270213	0.01046	0.00526579	0.00477373	0.00751299	0.00469271	0.00545276	0.00740972	0.0097122	0.00727091	0.0169336	0.0142464	0.00823976	0.0517114	0.525032	0.241245	0.027231	0.00237352	0.00644306
44	0.0553558	0.0102998	0.10465	0.0675088	0.0211304	0.0497084	0.046362	0.0231514	0.0370151	0.0656732	0.0389237	0.0819456	0.00658168	0.0546611	0.0305609	0.138057	0.0798046	0.0207397	0.0181677	0.0497024
45	0.00730395	0.00672311	0.00901549	0.0149325	0.00114919	0.00821853	0.0239938	0.00552313	0.301603	0.00507343	0.0170809	0.0300157	0.00247484	0.0783449	0.442432	0.032961	0.00803296	0.00334944	0.000606515	0.00116581
46	0.01168	0.0055631	0.00101183	0.00222585	0.612845	0.00363681	0.0171024	0.00721734	0.00717585	0.0210396	0.0118731	0.00416839	0.000817137	0.00162367	0.00141643	0.00636114	0.00233068	0.00477447	0.00920063	0.267937
47	0.0390254	0.0709552	0.00174786	0.00280316	0.0873622	0.00431438	0.0162358	0.199616	0.00605548	0.333068	0.0499198	0.00317811	0.00461469	0.00670323	0.0213871	0.0164873	0.0103944	0.122296	0.000733868	0.00310144
48	0.0732751	0.0081445	0.048529	0.0539282	0.00545689	0.0345068	0.0211373	0.0112467	0.136746	0.0517281	0.0187867	0.0658813	0.00992297	0.134022	0.116059	0.118295	0.0574777	0.0237009	0.00241938	0.00873785
49	0.0591331	0.0148086	0.0166792	0.0196592	0.122249	0.015261	0.0158829	0.0195037	0.0351615	0.0540288	0.038547	0.0171096	0.0115349	0.0626213	0.0773426	0.0520597	0.0401171	0.0696059	0.189369	0.0693259
50	0.017956	0.0210362	0.00883195	0.0129948	0.00291441	0.0197097	0.0205572	0.00759315	0.436682	0.0183382	0.0160338	0.0303796	0.0037141	0.0650981	0.247711	0.0368807	0.0174357	0.0101054	0.0026173	0.00341023
51	0.0104143	0.00555311	0.000975623	0.00513083	0.00467944	0.00579255	0.00359568	0.348038	0.00195836	0.193081	0.0453983	0.00204497	0.00375945	0.00347442	0.0101875	0.00618851	0.0139586	0.332089	0.000322489	0.00335756
52	0.049768	0.00370288	0.0553157	0.0253543	0.00268321	0.0196201	0.00408428	0.0036642	0.0257165	0.00812176	0.0145661	0.0633082	0.00522588	0.0133299	0.0134546	0.198237	0.481765	0.00664301	0.00125262	0.00418627
53	0.0718212	0.0052929	0.182627	0.197075	0.00607418	0.0239031	0.0203696	0.0180459	0.0734255	0.0355494	0.0329836	0.0547421	0.0112271	0.0796617	0.0438868	0.0593461	0.0481212	0.0254061	0.00150878	0.00893305
54	0.0536439	0.0045164	0.178258	0.186135	0.00539451	0.0253993	0.038003	0.00635218	0.097159	0.0189941	0.00599922	0.132338	0.0110232	0.0518905	0.0512953	0.0776289	0.0354044	0.0135213	0.00127025	0.00577432
55	0.05737	0.0113436	0.113954	0.0702366	0.0228247	0.0479077	0.0479025	0.0233341	0.0289266	0.068427	0.0431048	0.0765181	0.00704345	0.048312	0.0262746	0.127219	0.0765706	0.0201537	0.025395	0.0571817
56	0.0943745	0.0823484	0.0101669	0.00876346	0.244039	0.0281553	0.0103028	0.0650133	0.0143796	0.110548	0.031289	0.0155574	0.0154407	0.0154199	0.0164586	0.061284	0.0353219	0.0848362	0.0134315	0.04287
57	0.0446773	0.0115307	0.0861829	0.0326241	0.0336169	0.0439621	0.0534673	0.020419	0.0222466	0.069962	0.0651313	0.0819753	0.00685603	0.0527491	0.0401134	0.170911	0.0686892	0.0159084	0.0154592	0.063518
58	0.0397739	0.0039701	0.0709676	0.220076	0.00405398	0.0068826	0.0535396	0.00812543	0.0206214	0.107961	0.0408872	0.0101229	0.0378117	0.26785	0.0135861	0.0183262	0.0113956	0.0587076	0.00150982	0.00383176
59	0.0444113	0.0121212	0.0391444	0.0254132	0.102135	0.0545066	0.127305	0.0158392	0.0198693	0.041175	0.0301205	0.0521583	0.00804174	0.0371883	0.0194876	0.140996	0.0547362	0.0198278	0.0404713	0.115051
60	0.0524104	0.015579	0.0196045	0.0316325	0.0141008	0.0168023	0.023138	0.0327447	0.077636	0.112217	0.0323938	0.0246402	0.0892543	0.0332862	0.272578	0.0481064	0.0376499	0.0381552	0.00746772	0.0206034
61	0.0485598	0.00936837	0.00403064	0.0098177	0.00213884	0.00376497	0.00321227	0.277945	0.00774473	0.0814971	0.0281331	0.00430914	0.0181891	0.00458001	0.00554621	0.00751429	0.0646626	0.413243	0.000369105	0.0053741
62	0.0482525	0.0290342	0.00433603	0.00585373	0.0771442	0.0208469	0.00862039	0.189752	0.00641117	0.355402	0.04956	0.00441466	0.00718144	0.0073258	0.0114178	0.0247424	0.0180693	0.120675	0.00453334	0.00642668
63	0.0564597	0.0174451	0.0774884	0.0421149	0.0150251	0.291293	0.0227038	0.0153276	0.0269173	0.0300063	0.0204301	0.047972	0.0127044	0.0378464	0.0489266	0.12608	0.0437263	0.0161746	0.0300423	0.0213153
64	0.0142755	0.00913789	0.0110072	0.0153041	0.0023395	0.00801567	0.0211366	0.0072454	0.294704	0.0139601	0.0249648	0.0266314	0.00449647	0.0716689	0.419279	0.0315511	0.0129147	0.00549954	0.00213924	0.0037287
65	0.0731282	0.0204963	0.0336445	0.0207109	0.0105082	0.414226	0.0100345	0.0120872	0.0238719	0.02989	0.0154741	0.027338	0.0187875	0.0208273	0.021156	0.095498	0.115265	0.0219873	0.00439019	0.0106791
66	0.0623629	0.0268463	0.0285801	0.0144196	0.0172883	0.420459	0.0116801	0.0113008	0.0189329	0.0531327	0.0196288	0.0140847	0.056217	0.0169716	0.0202235	0.102734	0.0604888	0.0324051	0.00435373	0.00789045
67	0.0148069	0.00614985	0.00247628	0.00375396	0.563984	0.00574707	0.0237229	0.0072793	0.00779075	0.0231298	0.0176487	0.00555294	0.00183744	0.00455302	0.00309013	0.0112407	0.00724475	0.00717791	0.0103464	0.272467
68	0.0491635	0.0135178	0.0521727	0.0419029	0.0165118	0.15868	0.0330506	0.0135727	0.067177	0.0349475	0.0238819	0.0959388	0.00951424	0.0681122	0.0476022	0.148635	0.0477701	0.0178732	0.032526	0.0274499
69	0.0585255	0.0112847	0.064937	0.221591	0.00729001	0.0213453	0.0145945	0.068501	0.0331979	0.0741706	0.0284391	0.0241538	0.0587573	0.0310044	0.0333617	0.044901	0.0678961	0.124511	0.00223806	0.00930019
70	0.100798	0.0229251	0.0912087	0.04183	0.0281881	0.0596902	0.0430096	0.037256	0.0229486	0.0698312	0.0452705	0.0685318	0.00635972	0.0424119	0.0214789	0.139761	0.0723076	0.0271551	0.0121238	0.0469141
71	0.0205515	0.017716	0.0165594	0.00704259	0.00372655	0.00764165	0.00376471	0.00452419	0.00844913	0.00933771	0.00858104	0.0211785	0.0545341	0.00661082	0.0406565	0.381452	0.365155	0.0156368	0.00195576	0.00492612
72	0.0698164	0.0241896	0.0281513	0.0138688	0.0155043	0.521652	0.0103303	0.0104305	0.0153876	0.0229535	0.0130337	0.0188293	0.0211893	0.0176705	0.0181821	0.103716	0.0386167	0.018944	0.00596834	0.0115661
73	0.0111244	0.0208553	0.0103286	0.0104453	0.00270877	0.0157374	0.0221676	0.00478618	0.482711	0.00972931	0.0170727	0.0258114	0.00321561	0.0647381	0.240118	0.0300338	0.0179154	0.00669563	0.00101707	0.00278849
74	0.0589746	0.0543204	0.00296106	0.00442582	0.0558051	0.00749926	0.0100748	0.150791	0.0073915	0.294598	0.17738	0.00946753	0.0045603	0.00849088	0.0167721	0.0212656	0.0262732	0.0822602	0.00264866	0.00404046
75	0.0401666	0.0170064	0.0647675	0.0389159	0.0926193	0.0301758	0.0407553	0.0123461	0.0267793	0.0359704	0.0264374	0.0373334	0.0094289	0.0600529	0.0304316	0.0722695	0.0428001	0.0185301	0.0124575	0.290756
76	0.307744	0.0216724	0.0204736	0.0275366	0.0145736	0.0276784	0.0151161	0.0276534	0.0568415	0.087952	0.0296004	0.0221055	0.0184731	0.0373669	0.107774	0.0708966	0.0467988	0.03842	0.00618805	0.0151354
77	0.0953471	0.0947353	0.0127839	0.017247	0.019761	0.0211066	0.0110024	0.0516367	0.027503	0.178463	0.1863	0.0592527	0.0123118	0.0251869	0.0319262	0.0488574	0.0415245	0.0474625	0.00530998	0.0122823
78	0.0130768	0.0142697	0.0112056	0.0126434	0.00239043	0.0136294	0.0175129	0.00673593	0.43646	0.0110561	0.0163345	0.0265581	0.0044877	0.062597	0.293378	0.0326285	0.0144021	0.00659364	0.00138641	0.0026539
79	0.0234433	0.0558523	0.00672575	0.0318702	0.0044718	0.0378274	0.02957	0.0060705	0.313362	0.042858	0.0161191	0.0344475	0.00529179	0.0527492	0.264146	0.036487	0.016869	0.0110901	0.00416098	0.00658737
80	0.00885247	0.00456343	0.00190908	0.00542832	0.0402885	0.00501942	0.00259205	0.0501143	0.00520612	0.710642	0.069361	0.00201665	0.0154593	0.00829642	0.00542223	0.0105368	0.00822852	0.0377513	0.0024683	0.00584396
81	0.0604472	0.0385686	0.304226	0.116132	0.00711524	0.0437516	0.00839721	0.00555805	0.0191842	0.0390231	0.00651556	0.107844	0.00464957	0.043614	0.0124066	0.0879764	0.0544886	0.0186183	0.00167331	0.0198115
82	0.0973699	0.0152846	0.0840039	0.11362	0.00796651	0.026813	0.0174297	0.0120434	0.218129	0.0303679	0.0178796	0.0569988	0.0120001	0.0546488	0.0841891	0.0703199	0.0459242	0.0215515	0.0037684	0.0096917
83	0.0329696	0.0131025	0.0232057	0.0260917	0.00431784	0.0389034	0.0263998	0.00407319	0.350343	0.0222365	0.0119074	0.0492066	0.00668287	0.074309	0.18274	0.0737419	0.0395538	0.0134296	0.00227612	0.00450971
84	0.0193323	0.00776932	0.0146646	0.0259479	0.0091025	0.0237714	0.0582949	0.00985706	0.200533	0.0305864	0.0194627	0.0372918	0.014781	0.069965	0.37085	0.040787	0.017635	0.0127126	0.00202581	0.0146297
85	0.0122245	0.00616767	0.0012207	0.00562415	0.00481586	0.00727643	0.0044556	0.347452	0.00292853	0.193416	0.0450214	0.00239176	0.00460002	0.00453985	0.0130035	0.00684618	0.0154648	0.318476	0.000385595	0.00368892
86	0.0195076	0.0146167	0.00971905	0.0168387	0.00318256	0.0387175	0.0293524	0.0044552	0.399782	0.0188344	0.010468	0.0445702	0.00475716	0.0656952	0.230548	0.0539466	0.0188978	0.0120102	0.00146557	0.00263502
87	0.0410285	0.0130674	0.00916866	0.0167674	0.00855208	0.0121591	0.0128299	0.0460448	0.132354	0.120945	0.100629	0.0149056	0.0518094	0.0328399	0.19638	0.0683298	0.0380929	0.0658441	0.00388928	0.0143634
88	0.0259599	0.00982784	0.00812803	0.0153118	0.00248477	0.0156396	0.0214348	0.00619679	0.360675	0.0173111	0.0141283	0.0338828	0.00416951	0.0722587	0.325355	0.038128	0.0141305	0.00627757	0.00384401	0.00485599
89	0.0186841	0.0103389	0.00163009	0.0102147	0.00318589	0.0572068	0.046352	0.00195734	0.301549	0.0188521	0.00375495	0.0735733	0.00194823	0.0870255	0.243464	0.0849639	0.0172443	0.0159571	0.00109045	0.00100716
90	0.118469	0.0475457	0.0248828	0.0112382	0.0126861	0.481373	0.00652498	0.00978081	0.0102697	0.0231401	0.011854	0.0149013	0.0221844	0.0124143	0.0114202	0.107737	0.0372507	0.0262031	0.00385802	0.00626754
91	0.0427	0.00920776	0.122497	0.184081	0.0593609	0.0258195	0.034327	0.0119247	0.0705681	0.026372	0.0155025	0.0717529	0.0175509	0.0480875	0.0666911	0.0589379	0.0379311	0.0362197	0.00468004	0.0557882
92	0.118026	0.00816432	0.0410518	0.0440957	0.0020792	0.024672	0.00804114	0.00722491	0.126168	0.0242	0.0221359	0.0621211	0.0123664	0.0810161	0.0700762	0.197847	0.122288	0.0204715	0.000600513	0.00735321
93	0.0111019	0.00531715	0.00263305	0.00478996	0.0326459	0.0242488	0.00432994	0.0444191	0.00597275	0.648803	0.118801	0.00384813	0.00739603	0.0181168	0.0063633	0.012069	0.00940728	0.0304281	0.0033197	0.00598896
94	0.504695	0.0427525	0.00848898	0.00675248	0.00928673	0.0149635	0.00403319	0.018669	0.00728883	0.0375562	0.0125217	0.00612614	0.00727577	0.00835095	0.0237509	0.144754	0.0682138	0.0680254	0.00135234	0.00514284
95	0.0130307	0.0129006	0.00117259	0.00317709	0.0418787	0.00408288	0.00727471	0.166689	0.00327461	0.516687	0.0784741	0.00176573	0.00592715	0.00553365	0.00988743	0.0152103	0.00723037	0.0998604	0.00150184	0.00444178
96	0.0323731	0.0243755	0.00469314	0.0129771	0.0067582	0.00724974	0.0143073	0.153326	0.0596719	0.153587	0.0437865	0.0793859	0.00987034	0.0721494	0.0803154	0.0351201	0.0530979	0.151926	0.00111768	0.00391243
97	0.0570743	0.011937	0.0953686	0.281957	0.0107687	0.0242416	0.0296599	0.016369	0.0474441	0.0366174	0.0189282	0.046808	0.0603231	0.0639637	0.0450159	0.0578914	0.0439695	0.0356056	0.00291767	0.0131399
98	0.0230046	0.00810969	0.0154554	0.0227865	0.00320477	0.0280439	0.0287866	0.00440632	0.279084	0.0169246	0.0115443	0.0555772	0.00492218	0.0778281	0.312228	0.0714042	0.0213686	0.0103946	0.00164339	0.00328285
99	0.0102061	0.00690193	0.00134635	0.00393373	0.0398363	0.00513695	0.00276428	0.0561187	0.00369168	0.640846	0.145288	0.00319647	0.0071169	0.00766636	0.00378042	0.00989733	0.00741447	0.0312884	0.00775504	0.00581416
100	0.146329	0.0189427	0.0224377	0.00844878	0.00826239	0.0330757	0.0128327	0.00648073	0.014014	0.0117512	0.00837205	0.0591759	0.00983158	0.0151634	0.0179521	0.346344	0.198339	0.0169465	0.0085607	0.0367395
101	0.0489507	0.0661906	0.0310957	0.0271166	0.0568539	0.0275907	0.0303619	0.0181109	0.0311802	0.0409087	0.0279592	0.0302822	0.0155469	0.0789254	0.0330283	0.0687341	0.0442829	0.023858	0.00796958	0.291054
102	0.680231	0.0115643	0.00582942	0.00240932	0.00521793	0.0252734	0.0041173	0.00739426	0.00303243	0.0122748	0.00403143	0.00307227	0.0111368	0.0125005	0.0101885	0.102842	0.0753109	0.0200358	0.000883741	0.00265377
103	0.0114855	0.00545589	0.000934901	0.00206399	0.622627	0.00345741	0.0164263	0.00753665	0.00740389	0.0214447	0.0114036	0.00423011	0.000823858	0.00145315	0.00136681	0.00611377	0.00211728	0.00483124	0.0092551	0.259569
104	0.0380796	0.00347897	0.0543193	0.246093	0.00282342	0.00541776	0.0584149	0.00460492	0.0157581	0.060411	0.0236216	0.0185691	0.0135936	0.396575	0.0109387	0.0248431	0.00728253	0.0106351	0.00140983	0.00313089
105	0.027991	0.00544282	0.0441553	0.0147819	0.00276551	0.0106473	0.00323416	0.00270819	0.0101959	0.00530961	0.010198	0.0539628	0.00674015	0.00360279	0.0117085	0.227415	0.546385	0.00768695	0.00146328	0.00360543
106	0.029392	0.0131987	0.0156677	0.0300328	0.00790861	0.00923745	0.0124292	0.0762141	0.115716	0.0583264	0.0360652	0.013619	0.13316	0.0280805	0.219106	0.0362901	0.0739297	0.0818056	0.00250162	0.00731979
107	0.0699166	0.0065375	0.205715	0.180416	0.00600764	0.0222729	0.0241701	0.0142824	0.0524728	0.0338272	0.0156988	0.0728344	0.0161248	0.0521261	0.0394116	0.0745532	0.0759816	0.0275725	0.0021161	0.00796232
108	0.089905	0.00772825	0.138284	0.161368	0.00572469	0.0258101	0.0301812	0.011961	0.0874664	0.026294	0.0118394	0.0841219	0.0227258	0.0550074	0.05264	0.094766	0.0594624	0.02214	0.0016618	0.010913
109	0.013027	0.00983153	0.00164162	0.00439221	0.0329067	0.00397283	0.00461931	0.166954	0.00535677	0.508126	0.05554	0.00223514	0.00896455	0.00587209	0.010842	0.010952	0.0113269	0.136293	0.00174453	0.00540278
110	0.041285	0.273676	0.00919536	0.00999424	0.0762628	0.0235394	0.0106164	0.076917	0.0180303	0.106555	0.0348935	0.017736	0.0137383	0.02208	0.0179568	0.132956	0.0403895	0.0582685	0.00540231	0.0105071
111	0.010448	0.00676074	0.00283708	0.00546753	0.102673	0.00567615	0.00481849	0.043713	0.00696752	0.60482	0.10345	0.00515293	0.00772628	0.0109091	0.00647114	0.0139238	0.010182	0.0346081	0.00334885	0.010047
112	0.0500031	0.0108417	0.00394984	0.00975463	0.00208284	0.0036524	0.00319984	0.26526	0.00668848	0.0721765	0.0293332	0.00480215	0.0165435	0.00506855	0.00548097	0.00839731	0.0664922	0.430886	0.000437668	0.00494945
113	0.015818	0.010503	0.00353643	0.00630267	0.0325573	0.00858497	0.00559414	0.0662894	0.00697845	0.569153	0.152524	0.0050227	0.00892312	0.0109864	0.0109088	0.015433	0.0116678	0.0475654	0.00464966	0.00700169
114	0.05147	0.00746009	0.126125	0.0207639	0.00413424	0.0275126	0.00669878	0.00446573	0.0134118	0.0114365	0.0120303	0.0508725	0.00574123	0.0101098	0.0141202	0.220917	0.395547	0.00941384	0.00246701	0.00530259
115	0.00627046	0.00223405	0.000741007	0.00342272	0.039993	0.00342636	0.00203419	0.0494796	0.00326078	0.748698	0.0687279	0.000943744	0.00772391	0.00659742	0.00281341	0.00917099	0.00591277	0.0306763	0.00223587	0.005638
116	0.0519764	0.0262192	0.0182812	0.0227419	0.0347874	0.0236835	0.016492	0.0665631	0.0308922	0.192334	0.224119	0.0216829	0.0170926	0.0288666	0.0433669	0.0473021	0.0383814	0.0665052	0.00627612	0.0224357
117	0.013703	0.00500227	0.0262287	0.00767828	0.00451961	0.0177146	0.0205588	0.00396425	0.00706056	0.00769972	0.00720147	0.578722	0.014872	0.00791901	0.00691873	0.152031	0.101107	0.00912709	0.00295391	0.00501839
118	0.0148761	0.00940128	0.00217404	0.0190248	0.00334681	0.0521989	0.0688784	0.00227835	0.287952	0.0312069	0.00504848	0.0651048	0.00197301	0.0755837	0.266711	0.062968	0.0153421	0.0128619	0.00116241	0.00190728
119	0.0112888	0.00502404	0.00129438	0.00317194	0.537849	0.00441805	0.0192802	0.00653176	0.00646753	0.0217112	0.0130077	0.0037446	0.000893931	0.00206635	0.00145967	0.00622816	0.00290172	0.00430245	0.00939291	0.338966
120	0.0125546	0.00427148	0.0246052	0.0458564	0.00504789	0.00601333	0.604317	0.00450839	0.0183099	0.031789	0.00757789	0.057879	0.0103922	0.0976986	0.0178564	0.0243887	0.00774409	0.00689538	0.00141904	0.0108755
121	0.0129919	0.00879881	0.00119489	0.00479377	0.0111426	0.00474671	0.00512783	0.312166	0.00292942	0.238292	0.0532232	0.00194841	0.0043874	0.00449634	0.0117597	0.00814242	0.0130107	0.296939	0.000376865	0.00353237
122	0.0713027	0.0116261	0.0267866	0.0194257	0.056503	0.0224246	0.0788267	0.0100288	0.0203965	0.0301134	0.0224557	0.0656302	0.00597599	0.0500365	0.0196316	0.150891	0.0994411	0.0150366	0.0180214	0.205446
123	0.0500107	0.00532079	0.142134	0.167683	0.00656776	0.0238098	0.0570724	0.00831155	0.0746297	0.0287978	0.0105027	0.119986	0.0105706	0.0850927	0.0494753	0.0945963	0.0380787	0.0151392	0.002702	0.00951868
124	0.0219879	0.018393	0.0042107	0.00734239	0.0243627	0.00693985	0.0528767	0.184065	0.0178051	0.218313	0.143754	0.0059727	0.00635441	0.0171453	0.0673381	0.0188883	0.0182099	0.160222	0.00124465	0.00457292
125	0.0752381	0.00568711	0.162697	0.186239	0.00576175	0.0246829	0.0231719	0.0108182	0.0811362	0.0259983	0.00893474	0.0919	0.0247317	0.0584935	0.0521557	0.0832066	0.0484573	0.0204504	0.00155983	0.00868024
126	0.0546847	0.00847541	0.219201	0.202726	0.0252313	0.0289275	0.0159953	0.0119662	0.0595114	0.0242851	0.0123365	0.0608345	0.012064	0.0535151	0.0697377	0.0617326	0.0418702	0.0238785	0.00253496	0.0104915
127	0.153959	0.01418	0.0061532	0.00952357	0.00370288	0.00735016	0.00573541	0.0840685	0.00867523	0.0223964	0.0589128	0.0053689	0.029898	0.00561449	0.00601375	0.0447965	0.10909	0.419255	0.00125654	0.00404954
128	0.0347116	0.0363573	0.00236263	0.0132341	0.00490034	0.00560282	0.0170644	0.161614	0.0694669	0.172336	0.0381081	0.0128268	0.00763268	0.0688365	0.118069	0.0437185	0.0511817	0.139565	0.00066269	0.00174762
129	0.0114755	0.00539721	0.000935979	0.00206109	0.623562	0.00344703	0.0163895	0.00741843	0.00730119	0.0210667	0.0113847	0.00425493	0.000823643	0.00144407	0.00136373	0.00605769	0.00208737	0.00479321	0.00917173	0.259564
130	0.0362014	0.00978578	0.0114772	0.0119509	0.208984	0.0121746	0.0325361	0.00731291	0.016659	0.0332971	0.0323253	0.0165198	0.0052652	0.0259816	0.0168977	0.0494463	0.0510799	0.0256761	0.0208507	0.375579
131	0.461798	0.0444146	0.00668244	0.00328694	0.00768051	0.0130401	0.00299222	0.0314896	0.00352286	0.0468321	0.0127017	0.00379716	0.00559168	0.00683724	0.0220207	0.150012	0.109169	0.0618364	0.00103878	0.00525659
132	0.737424	0.0138291	0.0028277	0.00190574	0.00599226	0.0126274	0.00383765	0.00722782	0.0025651	0.0137493	0.0040027	0.00200408	0.00912771	0.0104196	0.0101848	0.0820226	0.0522031	0.0256277	0.000637168	0.00178467
133	0.033524	0.00363344	0.0543871	0.243962	0.00310137	0.00591126	0.0513808	0.0048433	0.0177141	0.0682493	0.0263959	0.0155898	0.0142959	0.400201	0.0120427	0.0216358	0.0074156	0.010839	0.00148193	0.003396
134	0.0154175	0.00700643	0.00181998	0.00799726	0.00438746	0.00550212	0.00361961	0.351484	0.00274215	0.163479	0.0430874	0.00261324	0.0056853	0.00391218	0.00921895	0.0064513	0.0204406	0.341052	0.00029864	0.00378484
135	0.168059	0.0971397	0.00448241	0.00507441	0.00872165	0.0113752	0.00414205	0.142758	0.00882603	0.214247	0.0336933	0.00627287	0.00416348	0.00705413	0.00868382	0.0518744	0.123755	0.0936521	0.00147784	0.00454709
136	0.0698656	0.221643	0.0109534	0.0104366	0.017362	0.0190073	0.00847266	0.0544972	0.0179413	0.143057	0.0223972	0.0135091	0.00944534	0.0776734	0.016957	0.180214	0.0605838	0.0327837	0.00325338	0.00994675
137	0.101141	0.024115	0.0268342	0.0157255	0.0120681	0.512307	0.0103141	0.0129929	0.0173033	0.0251349	0.0139474	0.020013	0.0210722	0.0199236	0.0220769	0.0758446	0.0334682	0.024703	0.00435413	0.00666118
138	0.00609652	0.00224369	0.000820498	0.00338128	0.039795	0.00352099	0.00210711	0.0529361	0.00320614	0.736897	0.074328	0.000911121	0.00864153	0.00665649	0.00275654	0.0100673	0.00598408	0.0314554	0.00240153	0.00579333
139	0.0626939	0.00569055	0.188095	0.205445	0.00795264	0.0393949	0.0217174	0.0254893	0.0413644	0.0391572	0.0205189	0.0385511	0.00927047	0.111703	0.0315448	0.0576728	0.048574	0.0372894	0.00163713	0.00623822
140	0.0041591	0.00219666	0.0187668	0.0215649	0.00209168	0.00228704	0.757639	0.00190777	0.00273408	0.0232228	0.00252583	0.0688414	0.0082375	0.0460679	0.00329775	0.0194763	0.00349558	0.0033371	0.000689734	0.00746115
141	0.0129084	0.0105014	0.00168435	0.0041465	0.0315387	0.00544952	0.00548097	0.100884	0.00431566	0.53671	0.166429	0.00495656	0.00711986	0.00794253	0.00955722	0.011392	0.00848232	0.0612203	0.00411168	0.00516856
142	0.00481372	0.00220825	0.0175559	0.0218466	0.00335523	0.00283629	0.740354	0.00226613	0.00505561	0.0231074	0.00316739	0.0676488	0.00846998	0.0493476	0.00629461	0.0205558	0.00469001	0.00319341	0.000949454	0.0122839
143	0.0554787	0.00219531	0.0573402	0.0565694	0.00130863	0.0275642	0.0131525	0.00534628	0.129905	0.026923	0.021584	0.0743852	0.00363548	0.12631	0.0906055	0.183225	0.0983512	0.0142526	0.000790085	0.0110774
144	0.0678002	0.0221691	0.0183489	0.024669	0.0142099	0.0250098	0.0201991	0.0303777	0.0305134	0.0470324	0.0214742	0.0231399	0.338261	0.0258805	0.0530029	0.132587	0.035105	0.0538584	0.00351265	0.0128482
145	0.131002	0.0117063	0.154409	0.160176	0.00705899	0.0285129	0.0179837	0.0205174	0.0551978	0.0351261	0.0171778	0.0581396	0.0138535	0.054878	0.037518	0.0888943	0.0525178	0.0455297	0.00240885	0.00739263
146	0.0295856	0.00998204	0.0352915	0.0215261	0.00696528	0.0232182	0.0211305	0.00862222	0.0224959	0.0169612	0.0120471	0.50089	0.0145827	0.0197846	0.01927	0.124894	0.0848703	0.0154685	0.00285174	0.00956256
147	0.0142793	0.00827718	0.00142614	0.00519418	0.00675536	0.00507118	0.00389052	0.326269	0.00356304	0.191185	0.0411579	0.00290864	0.00565353	0.00472874	0.0108595	0.00758056	0.0186486	0.338056	0.000348248	0.00414683
148	0.0112484	0.00574025	0.0028011	0.00671107	0.0370624	0.00620038	0.00416377	0.0511759	0.00788456	0.683919	0.0626771	0.00351325	0.0219535	0.00909978	0.0109304	0.0151481	0.0114026	0.038926	0.0023892	0.00705297
149	0.00970386	0.00556305	0.00139441	0.00426403	0.0369037	0.00416992	0.00398892	0.0830133	0.00450019	0.661845	0.075913	0.00169449	0.0077874	0.00714645	0.0083859	0.0111339	0.00826253	0.0567472	0.00218798	0.00539438
150	0.05654	0.0169684	0.355055	0.0900813	0.0104352	0.0706956	0.0152675	0.00976922	0.0335228	0.0277268	0.0127988	0.0697807	0.010777	0.0404692	0.029959	0.0770189	0.0402343	0.0180967	0.00370472	0.0110994
151	0.0641382	0.0396274	0.261301	0.150974	0.00978293	0.0448908	0.00959046	0.00683717	0.0254712	0.0348032	0.00794119	0.0963422	0.00630404	0.0424559	0.0175181	0.0838106	0.0552888	0.0182294	0.00178829	0.0229049
152	0.103259	0.0235318	0.034187	0.0157605	0.0121526	0.518949	0.00964781	0.0112539	0.0164777	0.0242065	0.010641	0.0186892	0.0231329	0.0172515	0.0179513	0.0734359	0.0369491	0.0233869	0.0031153	0.00602162
153	0.00452045	0.0020936	0.0166629	0.0235512	0.00220501	0.00241368	0.742009	0.00197614	0.00298303	0.0237276	0.00252607	0.0754373	0.010116	0.0492848	0.00392279	0.0212275	0.003679	0.00343714	0.00064043	0.00758634
154	0.0359033	0.0275451	0.00215574	0.00768964	0.00772276	0.00392605	0.00477866	0.279627	0.00981434	0.133097	0.0328687	0.00536192	0.0101349	0.0112669	0.020069	0.0119469	0.0452306	0.345987	0.000408315	0.00446606
155	0.0137292	0.00859356	0.0116269	0.0163402	0.00204432	0.0123133	0.0235188	0.00601713	0.312113	0.0116095	0.0169863	0.0329525	0.00543972	0.0696895	0.395454	0.0381015	0.0134072	0.00580151	0.00174044	0.00252107
156	0.0163267	0.0142737	0.00124688	0.00474648	0.0199389	0.00506253	0.00589802	0.278807	0.00948625	0.283011	0.0445552	0.00424706	0.00789838	0.014794	0.0204826	0.0131028	0.0192927	0.231296	0.000802742	0.00473093
157	0.0604323	0.0228955	0.0406312	0.0377728	0.0120355	0.0350675	0.0197559	0.0133316	0.0699703	0.0363765	0.0214503	0.0452847	0.0251721	0.0828378	0.0641766	0.298985	0.0666196	0.0274904	0.00460593	0.0151081
158	0.0533406	0.00882224	0.35168	0.145692	0.00648264	0.0248254	0.0162937	0.00985726	0.0492595	0.0250466	0.01029	0.0718254	0.00912803	0.0553745	0.0356345	0.059853	0.0393798	0.0191352	0.00147099	0.00660771
159	0.0312249	0.0177383	0.00469224	0.00607521	0.103268	0.00661234	0.006862	0.0756822	0.00706731	0.555215	0.0504977	0.00502243	0.00646411	0.0100144	0.00997886	0.0192476	0.0112824	0.047559	0.0089431	0.0165526
160	0.0640253	0.0285635	0.027922	0.0134498	0.0395862	0.47628	0.0106221	0.0117089	0.0142589	0.0326114	0.019324	0.0130931	0.0610747	0.0148029	0.0160139	0.0742493	0.0340542	0.0355036	0.00477238	0.00808421
161	0.0383485	0.0116925	0.00960412	0.0167462	0.0396367	0.0156463	0.0123079	0.0506495	0.0611394	0.45756	0.0486884	0.0146852	0.0141082	0.0299013	0.057216	0.0343989	0.0235588	0.0451343	0.00579668	0.0131814
162	0.342546	0.0372767	0.0183896	0.0176216	0.0134938	0.0343325	0.0104453	0.024117	0.0262234	0.071641	0.0390096	0.0212586	0.0108836	0.0251748	0.0226681	0.154536	0.0630933	0.0522973	0.00306424	0.0119276
163	0.0371154	0.041955	0.00762741	0.0311006	0.00334232	0.00461868	0.00425424	0.228336	0.00715102	0.0886971	0.0714558	0.00474837	0.0124548	0.00701362	0.00898546	0.0219999	0.0474476	0.367032	0.000927205	0.003737
164	0.0311237	0.00445711	0.0239833	0.0230726	0.0179986	0.0206077	0.00506504	0.00457856	0.162798	0.0520589	0.114387	0.0108109	0.0406163	0.0625206	0.074916	0.199519	0.138617	0.00757968	0.0013887	0.00390068
165	0.0779607	0.00821965	0.00515394	0.0109305	0.00204018	0.00560976	0.0054594	0.220174	0.00817225	0.0571879	0.0356223	0.00384229	0.0629833	0.00403007	0.0041796	0.0131129	0.0712894	0.398599	0.000470204	0.00496254
166	0.0353151	0.028283	0.00541352	0.00715663	0.014231	0.0307003	0.0682019	0.00432438	0.259962	0.0170874	0.00640331	0.0623884	0.0141487	0.0693381	0.19967	0.0912808	0.0556787	0.0253234	0.00154711	0.00354606
167	0.118595	0.0219805	0.0754181	0.0836637	0.0508674	0.107808	0.0232951	0.0156941	0.0299591	0.0436953	0.024109	0.0471114	0.013547	0.0883777	0.026033	0.138433	0.0420508	0.0196276	0.00649675	0.0232379
168	0.089075	0.02947	0.00582835	0.0213002	0.0100395	0.00761767	0.0068682	0.0153281	0.121371	0.0671807	0.0739039	0.0182339	0.0142162	0.0276795	0.298146	0.0757574	0.0403187	0.0143043	0.0115481	0.0518134
169	0.57866	0.00914726	0.00427998	0.00473476	0.00489056	0.0145362	0.00652234	0.0118459	0.00702703	0.0116619	0.00566946	0.00669546	0.0606659	0.0484151	0.0269361	0.11676	0.0634145	0.0130741	0.00135481	0.00370877
170	0.0487691	0.0206072	0.0155015	0.0210301	0.0212135	0.0250242	0.0139274	0.0577719	0.0226059	0.176532	0.0289811	0.0185633	0.279302	0.0221122	0.0397138	0.0712876	0.0344696	0.0662405	0.00440047	0.0119466
171	0.048785	0.00639997	0.14955	0.277533	0.00829052	0.0227695	0.0481946	0.00909806	0.0548365	0.0317761	0.013456	0.0691456	0.014649	0.0813004	0.037345	0.056691	0.0380329	0.0221848	0.00208872	0.00787299
172	0.0154403	0.00799712	0.00130691	0.00609642	0.00353957	0.00452652	0.00311177	0.313501	0.00258604	0.179483	0.0447437	0.00266119	0.00546955	0.00396653	0.00841329	0.00659266	0.0224994	0.364109	0.000298158	0.00365809
173	0.0137116	0.00851018	0.00094562	0.00387238	0.00929435	0.00426333	0.00327306	0.311044	0.00243618	0.251847	0.0409897	0.0021113	0.00564214	0.00369162	0.00909569	0.00831188	0.01347	0.302904	0.000328618	0.00425733
174	0.0552065	0.00211295	0.0575664	0.0565462	0.00126337	0.0276294	0.0128941	0.00530715	0.130193	0.0270328	0.0217859	0.0744017	0.00328221	0.126024	0.0905095	0.183446	0.0987276	0.0142222	0.000797372	0.0110513
175	0.109498	0.0120055	0.031805	0.0276277	0.0197462	0.0304838	0.053719	0.00676376	0.0923706	0.0165185	0.011387	0.0553046	0.119629	0.0745425	0.145435	0.116224	0.0440445	0.0170242	0.000909028	0.014962
176	0.0460042	0.0181107	0.0198005	0.0170468	0.119452	0.0219613	0.0382082	0.0135251	0.0232922	0.0364543	0.0242219	0.0301343	0.0130979	0.0324715	0.0257536	0.106009	0.0498211	0.0222463	0.0146428	0.327747
177	0.185045	0.00813564	0.108849	0.00520292	0.00349177	0.131865	0.00378517	0.00454513	0.00579341	0.00933018	0.00552048	0.0083305	0.00479628	0.00630421	0.0253995	0.35035	0.117306	0.00724916	0.00282829	0.00587214
178	0.06151	0.00546993	0.00584031	0.00614301	0.146514	0.00669015	0.00959907	0.00479465	0.0248886	0.0589214	0.0866924	0.00659172	0.00431187	0.0255852	0.0243222	0.11558	0.0840724	0.0766089	0.0501872	0.195677
179	0.0791237	0.15555	0.02308	0.00557268	0.00650508	0.0700944	0.00442265	0.00705878	0.00791925	0.012441	0.00881397	0.0298433	0.0275402	0.00792899	0.00807461	0.432709	0.0568396	0.0151621	0.0198476	0.021473
180	0.189444	0.034799	0.00778504	0.0117199	0.00523814	0.0147144	0.00825302	0.0675883	0.0127207	0.0262039	0.039083	0.00904074	0.0636821	0.00714556	0.00827893	0.0458757	0.100859	0.341428	0.0011834	0.0049573
181	0.0497756	0.00756774	0.323231	0.118004	0.00936543	0.0301202	0.0182022	0.0124254	0.0618756	0.0246587	0.0148335	0.0593728	0.0146725	0.0469312	0.0711161	0.0647181	0.0412525	0.0204943	0.00302459	0.0083594
182	0.044416	0.0071234	0.00329342	0.00441666	0.377696	0.00615356	0.015362	0.0183547	0.00966404	0.0457698	0.0227844	0.0056151	0.00276478	0.0121796	0.0114523	0.0239312	0.0181335	0.0215582	0.153269	0.196063
183	0.0261387	0.0174553	0.00343811	0.00365497	0.548051	0.00478036	0.00875712	0.037626	0.00913882	0.0988595	0.00910238	0.00474529	0.00334002	0.00584577	0.00654993	0.0145331	0.00592689	0.0144769	0.0629798	0.1146
184	0.205147	0.0147784	0.0514612	0.00523678	0.00424042	0.118472	0.00373183	0.00491202	0.00577647	0.0105465	0.00606447	0.00928749	0.00522279	0.00653096	0.0181718	0.403765	0.105918	0.00952188	0.00346735	0.00774804
185	0.00651889	0.00317789	0.00077706	0.00358417	0.0545062	0.00326284	0.00177271	0.040302	0.0038868	0.732576	0.0687939	0.00107731	0.00710615	0.00934947	0.00303045	0.00923658	0.00809065	0.0339537	0.0023435	0.00665405
186	0.0700463	0.0242197	0.0331331	0.0168113	0.0124054	0.514011	0.00915036	0.0092439	0.0155806	0.0219549	0.0124541	0.0198117	0.0215728	0.0162022	0.0174295	0.114566	0.0392038	0.018852	0.00458705	0.00876453
187	0.0843474	0.209016	0.0186874	0.0129095	0.0247758	0.0965304	0.0076843	0.024146	0.0144217	0.0556658	0.029487	0.0172886	0.0261841	0.0157679	0.0147191	0.145301	0.0487582	0.139965	0.00475059	0.00959397
188	0.0650802	0.0331629	0.00713957	0.00958433	0.00886105	0.0356648	0.00785256	0.0872687	0.013012	0.248939	0.0846879	0.0105547	0.0111558	0.0141622	0.016672	0.0663707	0.171961	0.0986854	0.00256595	0.00661938
189	0.0110848	0.00592166	0.000923519	0.004222	0.00346797	0.00458322	0.00271835	0.31744	0.00230256	0.240374	0.0417838	0.00198258	0.00551061	0.00362399	0.00899569	0.00783529	0.0134578	0.319351	0.000315632	0.00410569
190	0.0117542	0.00488071	0.00147953	0.0038468	0.495018	0.00531254	0.0216284	0.00595652	0.00611856	0.021369	0.0139608	0.00366153	0.000968116	0.00248371	0.00161546	0.0067381	0.00358049	0.00408049	0.00994869	0.375598
191	0.0719974	0.00785181	0.155344	0.16845	0.00603733	0.0264071	0.0208632	0.0104727	0.135595	0.024037	0.0127713	0.0784443	0.0134714	0.0601443	0.0645181	0.0718793	0.0440118	0.0191857	0.00172892	0.00678889
192	0.042572	0.0664894	0.0152634	0.019645	0.0665866	0.0178399	0.0139914	0.0491816	0.0716932	0.237464	0.0875742	0.0207009	0.0129059	0.0605847	0.0638361	0.048961	0.0325832	0.0478255	0.00721372	0.0170884
193	0.0112018	0.00648031	0.000909228	0.00409062	0.00516662	0.00447107	0.00304256	0.3185	0.0025999	0.239089	0.0430462	0.00219596	0.00602539	0.00382165	0.00986418	0.00754522	0.0149623	0.312743	0.000310959	0.00393448
194	0.291612	0.0611584	0.0129155	0.108299	0.00547564	0.0341244	0.0147571	0.014409	0.0775712	0.0260808	0.0445155	0.0399172	0.00611022	0.0701847	0.0636755	0.0518956	0.0286316	0.041268	0.00184444	0.00555399
