271	20
1	0.0192697	0.0214452	0.0995669	0.148464	0.0038686	0.0323106	0.0390798	0.0333521	0.146562	0.0196984	0.0152361	0.0796889	0.0105865	0.109973	0.0450084	0.0595069	0.060141	0.00999943	0.00299054	0.0432528
2	0.0200363	0.00389422	0.0179791	0.0302637	0.0125861	0.0483141	0.0128252	0.0266571	0.300692	0.0377058	0.00728518	0.0461389	0.0127257	0.0381129	0.224674	0.0541183	0.0597002	0.009753	0.0299045	0.00663297
3	0.0195737	0.00730173	0.127818	0.167144	0.0078438	0.023932	0.0318784	0.0230087	0.0678396	0.0816324	0.051678	0.130267	0.0475327	0.0310869	0.0235051	0.0590178	0.0652928	0.0145814	0.00471298	0.0143528
4	0.0150829	0.0017431	0.00287619	0.00735684	0.0261154	0.011965	0.0247812	0.297131	0.0116327	0.255428	0.0455737	0.0126093	0.00597561	0.00631793	0.00750483	0.0184315	0.0595762	0.162554	0.00712325	0.020221
5	0.0450273	0.00787262	0.0485876	0.014391	0.00592803	0.0167816	0.00471714	0.0142074	0.0304508	0.014359	0.028686	0.101661	0.00747957	0.0110254	0.0230081	0.313073	0.288044	0.0112752	0.00285057	0.0105738
6	0.0579724	0.00448009	0.0295724	0.064539	0.0109833	0.0200164	0.0236982	0.0429	0.266679	0.0451246	0.0153392	0.0703694	0.00860642	0.0626019	0.109877	0.0562457	0.076547	0.0238437	0.0029991	0.00760504
7	0.0111077	0.00855806	0.0173262	0.0171694	0.523866	0.0189348	0.00885232	0.059142	0.0106139	0.0447703	0.0158392	0.012623	0.00519402	0.00522329	0.00763351	0.0147061	0.0384407	0.0286164	0.00542919	0.145954
8	0.0165228	0.00199081	0.00330352	0.00897592	0.0262474	0.0129442	0.0256889	0.301079	0.0116311	0.24034	0.0469491	0.0128317	0.00555292	0.00658994	0.00784282	0.0189248	0.0555745	0.166583	0.00729527	0.023133
9	0.00310738	0.00158514	0.00849887	0.0025887	0.0190504	0.00217231	0.00213143	0.0166055	0.00393757	0.0281187	0.0024128	0.0037847	0.00160339	0.00228141	0.0143058	0.0274255	0.0249275	0.0030949	0.824371	0.00799741
10	0.0552903	0.00741609	0.0144703	0.061278	0.0187153	0.0282514	0.031703	0.0488231	0.248773	0.0515294	0.0340082	0.088754	0.00373209	0.0791508	0.098637	0.0400719	0.0557484	0.0210902	0.0051583	0.00739901
11	0.00971979	0.00332013	0.0402021	0.062584	0.00460276	0.445125	0.0048313	0.00812476	0.050406	0.0220183	0.00330409	0.168105	0.00247778	0.0449335	0.061283	0.0375755	0.00750366	0.00555651	0.0136413	0.00468589
12	0.0217343	0.00317372	0.0101923	0.0125802	0.00410694	0.0131393	0.018896	0.0374514	0.434776	0.015918	0.00377238	0.0289878	0.00851217	0.0574614	0.261375	0.0123315	0.0327186	0.0129355	0.00345657	0.00648027
13	0.0166162	0.00308903	0.00911049	0.00829253	0.00323991	0.0135002	0.0185936	0.0366617	0.437316	0.0129231	0.00255953	0.0231948	0.00845985	0.0557688	0.291383	0.00894095	0.0282887	0.0114239	0.00385695	0.00678083
14	0.107344	0.0195505	0.00686699	0.00841329	0.00648342	0.00725982	0.00585794	0.0431118	0.0191187	0.0765897	0.00534021	0.0117616	0.551488	0.0215884	0.00693998	0.0470856	0.0266329	0.0183126	0.00298319	0.00727126
15	0.0221965	0.00812734	0.0156542	0.0400988	0.0413867	0.0153017	0.0163145	0.0491837	0.152273	0.122543	0.0312377	0.0412805	0.0111762	0.0398222	0.286911	0.0249289	0.0262848	0.0142627	0.0120078	0.0290094
16	0.0323063	0.01291	0.0196592	0.0194148	0.0345497	0.0111175	0.0204751	0.294216	0.0155383	0.181059	0.0782863	0.0239347	0.00714426	0.0138377	0.0110263	0.0249861	0.0409401	0.121938	0.0111781	0.0254822
17	0.0704732	0.00248848	0.0388155	0.0649921	0.00800228	0.0168242	0.0195423	0.0324686	0.264336	0.0476961	0.00492189	0.0706578	0.0147955	0.0434765	0.100041	0.0833584	0.0865585	0.0232948	0.00239175	0.00486597
18	0.00954907	0.0122976	0.013408	0.0336785	0.105199	0.00476181	0.0158431	0.0892593	0.0836818	0.228287	0.0718307	0.0321997	0.0108874	0.0284696	0.154103	0.00895229	0.00864458	0.00734217	0.0171725	0.0644323
19	0.0701491	0.000826277	0.0405362	0.0689763	0.00693746	0.0155724	0.0202641	0.0301394	0.272922	0.0482076	0.00405046	0.0658899	0.0128696	0.044788	0.0987497	0.0794354	0.0909144	0.0237015	0.00147697	0.00359294
20	0.0231998	0.00868846	0.0089959	0.0150196	0.0153199	0.0104274	0.00691721	0.170516	0.100994	0.0705897	0.0407896	0.0981444	0.0084037	0.0476697	0.0111229	0.0464746	0.170814	0.0562224	0.00267787	0.0870123
21	0.0204312	0.0102237	0.00391463	0.00851933	0.0586513	0.00469969	0.0219331	0.145992	0.0153045	0.416231	0.110246	0.01918	0.00431195	0.00532987	0.0270074	0.031981	0.0149882	0.0466222	0.0119348	0.0224978
22	0.0212677	0.00716801	0.0090325	0.0186946	0.0301521	0.0110077	0.0111234	0.160004	0.126051	0.0651412	0.053199	0.0681637	0.00769733	0.0980651	0.0167329	0.0347481	0.152938	0.0318602	0.0033824	0.0735705
23	0.0701779	0.00209193	0.0477174	0.0728071	0.00806294	0.0172391	0.0208941	0.0322922	0.249666	0.0522252	0.00765388	0.0692997	0.0148221	0.0514148	0.0929705	0.072713	0.0867859	0.0229521	0.00209515	0.00611864
24	0.0256093	0.0051399	0.140677	0.126323	0.0020121	0.0247373	0.0174347	0.0142401	0.0662749	0.0612646	0.0144187	0.0870906	0.214181	0.0445999	0.0337157	0.0518961	0.0578972	0.00882597	0.000971583	0.00269078
25	0.0686857	0.00641154	0.021932	0.0410122	0.0117261	0.0128057	0.01578	0.0464543	0.255958	0.0366057	0.0115698	0.0791122	0.0103166	0.0359945	0.0887337	0.0506917	0.117352	0.0611454	0.00308093	0.0246322
26	0.0380956	0.0136392	0.0733876	0.108412	0.00535891	0.029547	0.0332853	0.0333503	0.198664	0.029452	0.0115528	0.0819805	0.0103346	0.0767232	0.0651717	0.0728681	0.0741634	0.0141816	0.00234959	0.0274833
27	0.0505065	0.00477853	0.0429434	0.0773786	0.00959162	0.0199237	0.0228645	0.0337795	0.268968	0.0456718	0.00881093	0.0628087	0.0107805	0.0646223	0.111367	0.0600748	0.0710934	0.0193085	0.00405438	0.0106734
28	0.0242693	0.00504035	0.0350745	0.0260797	0.00616194	0.626779	0.00626167	0.0107598	0.0256215	0.0259987	0.00387832	0.0780076	0.00346735	0.0213472	0.0293905	0.0371426	0.0107735	0.00873485	0.00732071	0.00789099
29	0.0202509	0.0047713	0.0425966	0.0292136	0.00588357	0.615771	0.00616256	0.0115714	0.0266755	0.031541	0.0049905	0.0783614	0.00434285	0.0214083	0.0300674	0.0322407	0.0111132	0.00913872	0.00776172	0.00613809
30	0.0132596	0.00629389	0.00234972	0.00487943	0.0540039	0.00297069	0.00874169	0.16039	0.0124784	0.490821	0.0735314	0.0190624	0.00464135	0.00298003	0.0188328	0.0211049	0.021445	0.066275	0.00562891	0.0103103
31	0.12188	0.00765218	0.0637895	0.0344709	0.010783	0.134029	0.0163156	0.0451279	0.108309	0.0334023	0.00711966	0.0789186	0.00842568	0.0226352	0.0797141	0.125933	0.0430641	0.0417861	0.00450585	0.0121382
32	0.0162846	0.00295577	0.00188501	0.00624668	0.0361894	0.0099785	0.0169559	0.229699	0.0115966	0.345686	0.0522858	0.014989	0.0064523	0.00573111	0.00841942	0.0169348	0.0507254	0.147721	0.00426603	0.0149974
33	0.0632813	0.0144161	0.0251785	0.0269876	0.0065927	0.0105309	0.0089863	0.0315437	0.0439367	0.0556174	0.00743848	0.0248787	0.536968	0.0220487	0.0140189	0.039362	0.0295006	0.0281249	0.00300163	0.00758712
34	0.0151851	0.00816217	0.15556	0.032708	0.0116677	0.0474607	0.00987209	0.0296583	0.0795282	0.0238059	0.00849515	0.336943	0.00632302	0.014924	0.0178868	0.144728	0.0242397	0.0143847	0.00594634	0.0125203
35	0.0243621	0.0299502	0.00340334	0.00545053	0.124392	0.00488988	0.0176537	0.194227	0.0142574	0.286578	0.0971471	0.0127026	0.00997179	0.00488417	0.0195918	0.0197045	0.0151526	0.0398109	0.0265677	0.0493032
36	0.0377832	0.00584283	0.0131417	0.0519113	0.0185825	0.0223797	0.0245401	0.0464206	0.29324	0.0483669	0.0200844	0.0652238	0.0060483	0.0727714	0.15287	0.03659	0.0474506	0.0175054	0.00740746	0.0118393
37	0.0259439	0.00915151	0.0100636	0.0359884	0.0465114	0.0111841	0.0131217	0.0950978	0.0207961	0.419857	0.0430847	0.0481581	0.00798327	0.0130525	0.0195797	0.0898307	0.0268788	0.040075	0.00566417	0.0179777
38	0.0124052	0.0619893	0.00985784	0.0286629	0.0626699	0.0112163	0.0547078	0.0217785	0.0178381	0.025126	0.00880867	0.0327151	0.00656204	0.0100082	0.00879851	0.0215377	0.0195511	0.0139527	0.00412154	0.567693
39	0.00835287	0.0311081	0.00719942	0.0137191	0.159989	0.011684	0.232404	0.0179192	0.0180828	0.0245194	0.00966349	0.0615708	0.00395131	0.0104482	0.00870909	0.0205458	0.0114482	0.00959426	0.00361452	0.335477
40	0.0272738	0.00782324	0.116353	0.146104	0.0436024	0.0206156	0.0414238	0.0738568	0.0890488	0.103622	0.0191131	0.0406037	0.00713573	0.053976	0.0464558	0.024284	0.0287729	0.034442	0.0416669	0.0338267
41	0.491338	0.0254796	0.00470044	0.0250543	0.00553659	0.0617614	0.00623619	0.00802829	0.00954598	0.0292641	0.00375121	0.0108547	0.00432144	0.0158107	0.004981	0.124871	0.0842362	0.072713	0.00227061	0.00924571
42	0.228918	0.0696772	0.00717757	0.0459753	0.00966133	0.027467	0.00736856	0.0136532	0.0198924	0.0220941	0.00763212	0.0155739	0.00831409	0.0868352	0.00873961	0.258325	0.0794545	0.0592646	0.00355535	0.0204213
43	0.0613641	0.0320893	0.0319054	0.068473	0.00852376	0.0261769	0.0052995	0.0625335	0.0394498	0.0494019	0.043143	0.074244	0.0229147	0.08356	0.0333472	0.131784	0.122338	0.0599474	0.00255671	0.0409484
44	0.0123328	0.002447	0.00188481	0.0034182	0.0264838	0.00417136	0.0061248	0.193965	0.0139168	0.502669	0.0526028	0.0206476	0.00537072	0.00266855	0.00931633	0.0168257	0.0304544	0.089117	0.001442	0.00414138
45	0.0522982	0.0372973	0.0475913	0.0597691	0.00953936	0.0200306	0.00536642	0.0657914	0.0314482	0.0487768	0.0562314	0.0719469	0.0178189	0.0770872	0.0607111	0.107083	0.10673	0.0585534	0.0028528	0.0630761
46	0.0128145	0.0114443	0.0105746	0.00792475	0.0355442	0.00574598	0.00674521	0.0223545	0.0135159	0.0339938	0.00613402	0.0119157	0.00433344	0.00634876	0.0181704	0.0345747	0.0811354	0.0100303	0.655001	0.0116986
47	0.128671	0.0448479	0.00301984	0.00267149	0.0122193	0.00586916	0.00258789	0.261619	0.00473761	0.098692	0.0446752	0.0603291	0.00673632	0.0023051	0.00399892	0.0251849	0.0876231	0.194376	0.00170511	0.0081301
48	0.0290392	0.0038771	0.0295625	0.037867	0.0143648	0.0417877	0.0154227	0.0336864	0.241244	0.0505798	0.00906958	0.0790753	0.0115931	0.0359201	0.185489	0.0791585	0.0530293	0.0129404	0.0289956	0.00729786
49	0.024412	0.00554797	0.148976	0.142689	0.00299888	0.0251038	0.0189371	0.0148029	0.064891	0.062625	0.0159583	0.0912168	0.169309	0.0393001	0.0344526	0.0596673	0.0618142	0.00957549	0.00126144	0.00646061
50	0.00344402	0.00172934	0.00851733	0.00299275	0.0195094	0.00241965	0.00255569	0.0167591	0.00427132	0.0283644	0.00247016	0.0041267	0.00168821	0.00294553	0.014418	0.0280429	0.0248064	0.00309038	0.819468	0.00838024
51	0.117847	0.00985662	0.0136592	0.0220237	0.0494724	0.0101549	0.00840362	0.102813	0.0775838	0.0916108	0.0333701	0.0458608	0.0053842	0.0137018	0.0698734	0.109583	0.0585474	0.143425	0.00445386	0.0123743
52	0.0617602	0.00241211	0.0340804	0.0674486	0.0150581	0.0221659	0.0207507	0.0322502	0.254207	0.0475992	0.0115044	0.0793987	0.0100818	0.0553582	0.102492	0.0694961	0.084829	0.0206381	0.00365878	0.00481016
53	0.0145671	0.00536003	0.00207119	0.00457374	0.0440056	0.00547775	0.0121792	0.207495	0.0118827	0.416269	0.0688472	0.0157721	0.00483717	0.0032986	0.0132942	0.0173954	0.0318946	0.101863	0.00555393	0.013362
54	0.0152846	0.00615203	0.0522358	0.356304	0.0110721	0.0869151	0.0119718	0.0241121	0.06921	0.071834	0.0105346	0.0724119	0.00712592	0.0413149	0.0139242	0.0230285	0.0173066	0.0690468	0.0303068	0.00990851
55	0.0705822	0.00115015	0.0453083	0.0707461	0.00760085	0.0158031	0.0200904	0.0312203	0.264047	0.0487998	0.00540006	0.0686949	0.012194	0.0468053	0.0972175	0.0753344	0.0878576	0.025183	0.0016516	0.00431357
56	0.0219538	0.027341	0.0984236	0.111389	0.00663927	0.036869	0.0414451	0.0304796	0.148078	0.016518	0.0150185	0.0932863	0.0152544	0.0841406	0.0431551	0.0764633	0.0685434	0.00936938	0.00247003	0.0531629
57	0.0308582	0.0133133	0.122062	0.173686	0.00528968	0.0425517	0.0374519	0.0430251	0.138775	0.0283336	0.0121191	0.0820334	0.0110568	0.0705579	0.0358814	0.0538417	0.0523687	0.0142655	0.0041913	0.0283373
58	0.0273403	0.00482815	0.0112842	0.0722121	0.0577486	0.0426786	0.0122228	0.023863	0.168636	0.0860184	0.0130324	0.0770537	0.0345303	0.0718494	0.131348	0.0568759	0.0404607	0.0129085	0.0474722	0.00763677
59	0.0701459	0.000778477	0.040901	0.069267	0.00680711	0.0152605	0.0201499	0.0300019	0.273118	0.0482296	0.00370054	0.065451	0.0129972	0.0445299	0.098743	0.079872	0.0912067	0.0237639	0.00141647	0.00366017
60	0.0695709	0.00103931	0.0399216	0.0686606	0.00733008	0.0153346	0.019938	0.0316797	0.270408	0.0485119	0.00451446	0.0652178	0.0126973	0.0447714	0.0987784	0.0795111	0.0910708	0.0254788	0.00157058	0.00399478
61	0.0439861	0.0102693	0.0357267	0.0775954	0.0368309	0.0122208	0.0090797	0.169397	0.132073	0.0398609	0.00485148	0.0286841	0.00242612	0.0207018	0.0546574	0.0396743	0.103569	0.169281	0.00319917	0.00591605
62	0.029486	0.0229779	0.110306	0.144028	0.00800874	0.0356396	0.0527596	0.0220639	0.12386	0.0196545	0.0129661	0.0906688	0.0349851	0.0585752	0.0340686	0.0861051	0.0603085	0.0109833	0.00247398	0.0400817
63	0.0214212	0.00414207	0.0122774	0.0716022	0.0475202	0.0468039	0.00848123	0.0172197	0.183798	0.0799098	0.00676863	0.0598484	0.0375157	0.0584307	0.147301	0.0674128	0.0481507	0.0112051	0.0642926	0.00589912
64	0.0255133	0.0268872	0.0634226	0.109383	0.0118799	0.0468954	0.0538021	0.0425358	0.166634	0.0274177	0.0192131	0.0992348	0.00691873	0.0807806	0.0586121	0.0611552	0.0509045	0.0124101	0.00564909	0.0307506
65	0.00316903	0.0018146	0.00849549	0.00264278	0.0192519	0.00217189	0.00220613	0.0168342	0.00395355	0.0285473	0.00247692	0.00380397	0.00162257	0.002283	0.0143527	0.0274879	0.0248572	0.00311697	0.822716	0.00819558
66	0.0215948	0.0242785	0.0946452	0.129985	0.00427727	0.0329577	0.0404845	0.0337484	0.142441	0.018174	0.0197254	0.085332	0.0123438	0.096902	0.0434014	0.0741508	0.0673436	0.0103096	0.00264669	0.0452586
67	0.0394309	0.00888126	0.0096324	0.0364699	0.011878	0.0181374	0.0248836	0.0520412	0.339454	0.0316702	0.0157972	0.0669448	0.0055448	0.0565038	0.163475	0.0249154	0.0538063	0.0271403	0.00436349	0.00903003
68	0.131412	0.0279479	0.00815029	0.0113905	0.0201446	0.010292	0.0113681	0.179973	0.0183105	0.110897	0.039281	0.0629746	0.00755878	0.00912433	0.0119477	0.0325204	0.0618231	0.183492	0.00496811	0.0564244
69	0.0311813	0.010054	0.0182554	0.0435606	0.0283657	0.0236007	0.0805189	0.0815263	0.206294	0.0617355	0.0194776	0.0909269	0.00441837	0.0434593	0.109093	0.0268712	0.0338845	0.0413574	0.0200109	0.0254088
70	0.0680785	0.00134625	0.0367238	0.0676197	0.00833817	0.017191	0.0208473	0.0313116	0.27442	0.0485815	0.00701129	0.0678138	0.0116996	0.0479606	0.102284	0.0739709	0.0863203	0.0227564	0.00187391	0.00385052
71	0.0214242	0.010138	0.0128693	0.0485649	0.075657	0.0107385	0.027347	0.081002	0.138892	0.157572	0.0620838	0.0530042	0.00798914	0.0448139	0.148478	0.0136509	0.0194195	0.0118713	0.0117527	0.0427314
72	0.0248237	0.0449547	0.00538247	0.00484564	0.120667	0.0152514	0.012472	0.141729	0.0098555	0.228459	0.0873241	0.011766	0.0278085	0.00475186	0.0126217	0.037884	0.038595	0.0357271	0.0121285	0.122953
73	0.0176342	0.042093	0.0155569	0.0198827	0.0573708	0.114693	0.159362	0.057755	0.127306	0.0894438	0.0117679	0.0755521	0.00625194	0.0160558	0.0236521	0.0313618	0.0184248	0.0186232	0.00759862	0.0896145
74	0.0249036	0.00773314	0.0423981	0.078483	0.0133245	0.0262782	0.00943855	0.103888	0.0237192	0.147273	0.0548867	0.0506675	0.0414292	0.0874055	0.0122427	0.0612479	0.100824	0.0766326	0.0184247	0.0187998
75	0.0406937	0.011161	0.0600025	0.0952583	0.00832128	0.0348317	0.0281007	0.0359721	0.204136	0.0374875	0.0152736	0.084565	0.0115066	0.0779978	0.0676948	0.0725274	0.0735368	0.0165709	0.00324239	0.0211194
76	0.00355894	0.0025407	0.00883252	0.00266104	0.0196739	0.00216382	0.0022769	0.0168235	0.00412827	0.0281749	0.00280037	0.00402457	0.0015973	0.00231947	0.0141955	0.0276296	0.0255721	0.00348065	0.819524	0.0080218
77	0.0315048	0.00493542	0.00636274	0.0264976	0.039872	0.0155402	0.0265259	0.216704	0.0137188	0.222942	0.0680299	0.0156593	0.00605594	0.00979147	0.0156966	0.0263338	0.0458949	0.156528	0.00969381	0.0417133
78	0.0203134	0.00726684	0.109628	0.0487766	0.00992221	0.0660593	0.0116396	0.0375791	0.102333	0.0216715	0.00717454	0.264386	0.00693004	0.0177154	0.0215605	0.178439	0.0371618	0.0123338	0.00539351	0.0137166
79	0.0256977	0.00534816	0.132644	0.12411	0.00247323	0.0236279	0.0166253	0.0145531	0.0636286	0.0611972	0.0139931	0.0838657	0.231841	0.0417122	0.0316371	0.0532521	0.059475	0.0101888	0.00113997	0.00299036
80	0.0589037	0.0188726	0.00380597	0.00994754	0.082113	0.00729628	0.0393399	0.205603	0.0238529	0.216831	0.120342	0.0191514	0.00503019	0.0084009	0.0158993	0.0295635	0.0115502	0.0486082	0.0202845	0.054604
81	0.0248282	0.0102317	0.121754	0.165304	0.0153207	0.0305804	0.0417971	0.0875449	0.121363	0.0454217	0.012976	0.0778023	0.00897665	0.051097	0.0359517	0.0390891	0.0462136	0.0289964	0.0088594	0.0258922
82	0.110074	0.0105929	0.0125558	0.0212219	0.0609433	0.0121492	0.0126589	0.104558	0.0605513	0.132356	0.040696	0.0404687	0.007509	0.0149273	0.0796174	0.110219	0.0394932	0.103777	0.00689222	0.0187391
83	0.0473266	0.0232929	0.0266761	0.053368	0.0125907	0.0199825	0.00713245	0.0689129	0.0682336	0.0555442	0.0432787	0.0845845	0.0242094	0.0715808	0.029423	0.108388	0.141418	0.0576394	0.00206512	0.0543532
84	0.0291296	0.0148653	0.0766947	0.0542469	0.0114692	0.019134	0.0841869	0.034059	0.121326	0.0249764	0.0129833	0.0460286	0.0694135	0.193874	0.0247536	0.0509155	0.0393353	0.0142841	0.0161172	0.0622079
85	0.0391219	0.00920089	0.0245478	0.0731741	0.0173627	0.0481244	0.0288456	0.0404646	0.236908	0.0449327	0.0286153	0.080054	0.00677885	0.0718607	0.104489	0.0489123	0.0569321	0.018056	0.0104299	0.0111886
86	0.0438312	0.00970144	0.0228928	0.0591832	0.0172183	0.0354046	0.0408579	0.0433129	0.224973	0.0445564	0.033339	0.101077	0.00515106	0.0668645	0.0919349	0.0497785	0.0713852	0.0203805	0.00577723	0.0123806
87	0.0236421	0.0580963	0.0590404	0.0285109	0.0307287	0.035025	0.00822043	0.0313841	0.0246003	0.0271583	0.0207735	0.0383904	0.0126067	0.0750847	0.100861	0.12043	0.187713	0.0466451	0.00363625	0.067453
88	0.0362291	0.0152336	0.00321101	0.00981405	0.077866	0.00843765	0.0396716	0.223088	0.0205859	0.216554	0.105105	0.014588	0.00515877	0.00844003	0.0143571	0.0235678	0.0194546	0.0704206	0.0236789	0.0645385
89	0.0225257	0.00521924	0.0106041	0.0729887	0.0593685	0.0413219	0.00872003	0.0168097	0.158831	0.0900335	0.00656466	0.0656999	0.0410306	0.0684372	0.131821	0.0684119	0.0424411	0.0141273	0.0683059	0.00673793
90	0.015474	0.0047402	0.121056	0.205927	0.00580697	0.185434	0.013704	0.0180391	0.076036	0.0339335	0.00575512	0.126961	0.00572745	0.0450845	0.0338366	0.0417738	0.0205053	0.0166655	0.0102162	0.0133241
91	0.0137781	0.00385426	0.00535445	0.0105642	0.0227933	0.0243172	0.0130792	0.220297	0.0422428	0.352682	0.0333092	0.0276932	0.0313323	0.00776776	0.00857088	0.0174727	0.0344252	0.113307	0.00519644	0.011962
92	0.0169538	0.00704143	0.0570526	0.180723	0.0137562	0.0595486	0.0143488	0.0841749	0.0387652	0.129084	0.0389337	0.0513748	0.0179159	0.0602901	0.0128621	0.0274068	0.0483924	0.0951869	0.0323286	0.0138597
93	0.0281841	0.00597206	0.021955	0.0915322	0.0163011	0.0511997	0.0354268	0.113091	0.164448	0.0875473	0.0233142	0.0728143	0.00425478	0.0508544	0.050594	0.0250731	0.0683631	0.0673377	0.0106637	0.0110727
94	0.039459	0.00812234	0.0114262	0.0536552	0.0299149	0.0387199	0.0298279	0.0666326	0.207598	0.0725309	0.0367766	0.0758881	0.00589891	0.0741043	0.0939567	0.0383587	0.0537201	0.0394393	0.0159473	0.00802306
95	0.0493401	0.00785234	0.01229	0.0587663	0.0209593	0.0313481	0.0339884	0.0506896	0.246434	0.0534596	0.0343104	0.090852	0.00335418	0.0757967	0.100489	0.0384122	0.0540994	0.0243646	0.00630244	0.00689172
96	0.0406944	0.00604156	0.123531	0.202421	0.01037	0.0643156	0.0321617	0.014117	0.0968751	0.0269182	0.00541411	0.107522	0.00604489	0.0183739	0.015655	0.135346	0.0496582	0.0219932	0.00210245	0.0204442
97	0.0305714	0.00870356	0.0126519	0.0856734	0.0846892	0.0468609	0.012865	0.0205208	0.120983	0.0884699	0.00982574	0.0832246	0.0399686	0.0745336	0.102218	0.059611	0.0317228	0.018984	0.0581803	0.00974193
98	0.0620944	0.00460943	0.0444876	0.0773056	0.00764254	0.0203247	0.0194389	0.0388654	0.235429	0.0433546	0.00764711	0.0719782	0.0154155	0.047013	0.0799428	0.0850968	0.0956941	0.0318368	0.00166731	0.010156
99	0.0615563	0.00904301	0.0325734	0.0967931	0.0772585	0.0120383	0.0447592	0.0685016	0.0687799	0.150639	0.0287405	0.0299166	0.0103039	0.0768944	0.0449879	0.0239726	0.0169267	0.0212689	0.0487923	0.0762536
100	0.0216741	0.0181648	0.10036	0.163723	0.00403694	0.0295438	0.0348484	0.0381116	0.138795	0.0193736	0.0178932	0.0691632	0.00818515	0.102729	0.0471296	0.0616553	0.0642346	0.015818	0.00453881	0.0400222
101	0.0241171	0.0104816	0.0938994	0.212077	0.00748584	0.0146332	0.0116713	0.0762982	0.0369309	0.042019	0.0439784	0.0331679	0.0104731	0.0916961	0.0352642	0.0621103	0.0835893	0.0693902	0.00946168	0.0312556
102	0.0133072	0.0025369	0.00178767	0.00346887	0.0269969	0.00476383	0.00661771	0.196419	0.0130585	0.489409	0.0524234	0.0207137	0.00514253	0.00302753	0.00902104	0.0163727	0.0341397	0.0945279	0.00150089	0.00476475
103	0.0529375	0.00613796	0.0125217	0.0549413	0.0179856	0.026512	0.0313009	0.0473961	0.261766	0.0529056	0.0297237	0.0853363	0.00390303	0.0769994	0.111223	0.0385343	0.0569338	0.0214333	0.00496182	0.00654707
104	0.019476	0.022132	0.0768458	0.14119	0.00573869	0.0302367	0.0357573	0.0396792	0.17212	0.0261514	0.0158711	0.0698346	0.00681554	0.122751	0.0590892	0.045734	0.051374	0.0140021	0.00330064	0.0419002
105	0.0697442	0.00096976	0.041315	0.0700014	0.00674066	0.0152915	0.0202587	0.0300827	0.272367	0.0480093	0.00389679	0.0655306	0.013122	0.0449815	0.0980331	0.0796919	0.0909471	0.0235812	0.00138764	0.00404779
106	0.0094355	0.0105383	0.0204294	0.0204102	0.511783	0.0238655	0.00842148	0.0471185	0.00866083	0.0399214	0.00945974	0.0109287	0.00674412	0.00543879	0.0060189	0.0167231	0.0480958	0.0230725	0.002747	0.170187
107	0.0109906	0.00224436	0.00238386	0.00378752	0.0227764	0.00531924	0.00851114	0.233334	0.0162284	0.45187	0.0491193	0.0187606	0.00594391	0.00308609	0.00845491	0.0151752	0.0317871	0.100551	0.00275889	0.00691744
108	0.0194639	0.00293314	0.0091955	0.00824699	0.00317275	0.0131822	0.0189575	0.0375226	0.443138	0.0123407	0.00283394	0.0256059	0.00861138	0.0573559	0.275408	0.0088343	0.0310798	0.0122859	0.00351656	0.0063149
109	0.03906	0.0149256	0.110354	0.173001	0.0113312	0.0414495	0.0606506	0.0204593	0.127987	0.0220389	0.00877808	0.0908353	0.0128055	0.0393909	0.038715	0.0944183	0.0469587	0.0155128	0.0033176	0.0280107
110	0.0168264	0.0434091	0.0116521	0.0157156	0.0844444	0.0145872	0.0648234	0.0525409	0.0662249	0.0732165	0.0257529	0.0816169	0.00990078	0.0562816	0.0139776	0.144706	0.0331268	0.017535	0.00681775	0.166844
111	0.0240123	0.0444741	0.00661394	0.00542803	0.123112	0.0185616	0.0168183	0.117831	0.00934596	0.188509	0.0734048	0.015079	0.0262583	0.0067604	0.00946353	0.0476244	0.045113	0.0349953	0.0118421	0.174752
112	0.0565531	0.00383227	0.0257872	0.0642873	0.0133297	0.020061	0.02771	0.0410464	0.262015	0.0522121	0.0159457	0.0801751	0.00812211	0.0548774	0.111401	0.0560186	0.0740463	0.0220295	0.00416855	0.00638178
113	0.0674144	0.00185895	0.0429017	0.0726262	0.00735123	0.0164925	0.0217423	0.0314086	0.26711	0.0477127	0.00579431	0.0668359	0.0126341	0.0479476	0.0961913	0.0770513	0.0872801	0.0228669	0.00166719	0.00511252
114	0.070226	0.00165736	0.048892	0.074494	0.00688271	0.016615	0.0211751	0.031078	0.260108	0.0473659	0.00444959	0.0670114	0.0145222	0.0452914	0.092855	0.0777456	0.0894798	0.0230803	0.00165088	0.00542
115	0.0645125	0.00414864	0.0401699	0.0739004	0.00925949	0.0245121	0.0196677	0.0309479	0.239898	0.0498254	0.0088939	0.0757932	0.0132303	0.0504081	0.0855397	0.0867843	0.0881535	0.0234648	0.00314397	0.00774641
116	0.0428713	0.0120966	0.0335517	0.0825955	0.0295002	0.0127238	0.00815439	0.172949	0.129245	0.0385537	0.00534076	0.0293259	0.00275675	0.0235114	0.0497733	0.0384621	0.11181	0.167151	0.00307071	0.00655676
117	0.0273808	0.0104508	0.0422309	0.0789641	0.0171693	0.0276336	0.00761841	0.0935366	0.0249781	0.127935	0.0503462	0.0524287	0.0519774	0.0882664	0.0154915	0.0753468	0.104115	0.0692912	0.0134712	0.0213685
118	0.014721	0.00378414	0.0392155	0.0660121	0.00554586	0.418139	0.00707702	0.0114933	0.070948	0.0236587	0.00521535	0.139902	0.00367154	0.0492956	0.0644311	0.0372108	0.0145158	0.00734789	0.0119065	0.0059084
119	0.0302864	0.0178618	0.00577715	0.0120275	0.0756294	0.0248513	0.0319465	0.19997	0.0126322	0.191838	0.0860481	0.0174177	0.0199263	0.0104503	0.00814813	0.0418739	0.0442797	0.0963292	0.00747675	0.065229
120	0.0526896	0.0186538	0.0206377	0.0637526	0.0154957	0.0243284	0.0183966	0.0567179	0.135552	0.0605832	0.046816	0.0918213	0.0148229	0.0758105	0.0632538	0.0815014	0.0895655	0.0377395	0.00478287	0.0270785
121	0.0259196	0.0108027	0.119781	0.197415	0.00517213	0.0224304	0.03135	0.0419192	0.10464	0.0283392	0.026385	0.0491031	0.0106402	0.0898492	0.0447938	0.0523241	0.0682612	0.0307599	0.0118486	0.0282655
122	0.0683013	0.00126979	0.040616	0.0707336	0.0074553	0.0166143	0.0197746	0.0299808	0.268654	0.047181	0.00436043	0.06605	0.0131271	0.0454174	0.097067	0.0818773	0.0915838	0.0237856	0.00167961	0.00447115
123	0.0258019	0.00515443	0.140972	0.125952	0.00207292	0.024794	0.0172887	0.0143863	0.0662899	0.0615595	0.0144915	0.0876579	0.212389	0.0449754	0.0339318	0.0519644	0.0578534	0.0087517	0.000968674	0.00274384
124	0.0399886	0.0226086	0.0385446	0.0640756	0.0081768	0.0274881	0.00550391	0.0590265	0.0423528	0.0420099	0.0351657	0.089209	0.0262202	0.0707869	0.035192	0.141456	0.16156	0.0498554	0.00198787	0.0387916
125	0.0193225	0.0647152	0.0649437	0.0839668	0.0685556	0.0387002	0.0150106	0.0523434	0.0523878	0.0911337	0.0147497	0.10469	0.0322161	0.0211385	0.018067	0.0524987	0.0250837	0.120253	0.0451699	0.0150542
126	0.0193073	0.00870212	0.0239821	0.0700163	0.0932342	0.0089914	0.0265456	0.111346	0.0599153	0.189045	0.0486736	0.0294429	0.00784758	0.0309711	0.0948944	0.016341	0.0125488	0.0152523	0.0703743	0.0625686
127	0.0192166	0.00508657	0.120597	0.317311	0.00983188	0.0877565	0.0142105	0.0263207	0.0503376	0.0941292	0.0118698	0.0622917	0.0123632	0.0315666	0.0172229	0.0284393	0.0205643	0.0392892	0.0163206	0.0152748
128	0.0572036	0.00235659	0.0225959	0.039954	0.00541098	0.0127793	0.0184754	0.0392031	0.337958	0.0308828	0.00421515	0.0559049	0.0120658	0.0473996	0.167647	0.0436351	0.0705983	0.0235973	0.00226899	0.00584823
129	0.0183032	0.00265066	0.00317056	0.00908159	0.0262323	0.0132194	0.0246908	0.295324	0.0110542	0.227674	0.0469491	0.012875	0.00578203	0.00665883	0.00813771	0.0211911	0.0608731	0.172911	0.00904342	0.0241774
130	0.0320934	0.0319172	0.00289407	0.00447005	0.111536	0.00438199	0.020856	0.195349	0.0125648	0.265763	0.120934	0.0131027	0.00815738	0.00404586	0.0197451	0.0251072	0.0116646	0.0386243	0.0237843	0.0530084
131	0.0457345	0.00793698	0.00655075	0.0541596	0.0260828	0.0332234	0.0361388	0.065945	0.23412	0.0621482	0.0404829	0.0867556	0.00220954	0.0806863	0.093313	0.0304682	0.0535013	0.0235823	0.00658274	0.0103784
132	0.0559839	0.00446647	0.0390982	0.0645736	0.0140274	0.031839	0.0152721	0.0357064	0.200186	0.0533087	0.00870933	0.0690781	0.0120807	0.0405499	0.0888115	0.096253	0.133412	0.0234813	0.00449689	0.0086654
133	0.0233215	0.00253161	0.0146448	0.0436036	0.0199089	0.0328988	0.028509	0.193026	0.023605	0.20439	0.0548328	0.0277102	0.0135276	0.035206	0.00811964	0.0252334	0.0850247	0.13089	0.0104392	0.0225776
134	0.022114	0.00511677	0.0042655	0.00732399	0.0254843	0.0102509	0.0195928	0.321484	0.0109584	0.228113	0.0488904	0.0167264	0.00549597	0.00537103	0.00738501	0.0182766	0.052476	0.166474	0.00635262	0.0178486
135	0.12215	0.0244252	0.0201608	0.0168104	0.00663314	0.0369227	0.01012	0.0105873	0.0320986	0.0180045	0.011421	0.0434756	0.00544065	0.015784	0.0111063	0.40991	0.167336	0.0179856	0.00281698	0.0168111
136	0.0271474	0.00567216	0.00710199	0.0236174	0.00937205	0.0139499	0.0302225	0.0678876	0.358538	0.0261756	0.0116822	0.0476268	0.00580043	0.0638805	0.20196	0.0145682	0.0422596	0.0256244	0.00398139	0.0129322
137	0.0503442	0.0137844	0.00215481	0.00530924	0.0222149	0.00939025	0.0125499	0.25288	0.00913614	0.269562	0.0542168	0.029904	0.00589457	0.00469981	0.00581541	0.0184898	0.0640865	0.154233	0.00296074	0.0123725
138	0.0124935	0.060073	0.0122036	0.0355655	0.0633092	0.01077	0.0553716	0.0195548	0.0177882	0.0238094	0.00909743	0.0321034	0.00604987	0.010785	0.0100138	0.0195755	0.0184301	0.013238	0.00488602	0.564882
139	0.0679356	0.00158201	0.0396336	0.0676221	0.00747971	0.0165571	0.0213136	0.0299118	0.281805	0.0454842	0.00559161	0.0695114	0.0118897	0.0475765	0.0946912	0.0739301	0.0879172	0.0231455	0.0016127	0.00480921
140	0.0352474	0.00961604	0.0205901	0.0618401	0.0573323	0.0171259	0.0316536	0.121351	0.165257	0.0443181	0.0146678	0.0558347	0.00398964	0.0428806	0.0677704	0.0660141	0.0700072	0.0966801	0.00759529	0.010229
141	0.0151276	0.00304457	0.0027335	0.0065521	0.0247326	0.00540389	0.00784057	0.183283	0.0160652	0.493515	0.0492272	0.0263588	0.00586115	0.00378557	0.0102867	0.0209607	0.0309697	0.0875931	0.00176317	0.00489538
142	0.0161728	0.00358325	0.00252485	0.00563918	0.0236317	0.00531236	0.00628944	0.193123	0.0133243	0.483158	0.0496607	0.0266572	0.00550337	0.00298371	0.00832168	0.0210508	0.0346601	0.0919638	0.00166911	0.00476991
143	0.0307171	0.0279788	0.0609607	0.112763	0.00669169	0.0349418	0.0210974	0.0423682	0.0894565	0.0291251	0.0248361	0.0792561	0.0184671	0.100762	0.0461189	0.099813	0.104254	0.028327	0.00274057	0.0393248
144	0.0609294	0.101979	0.0155553	0.0241573	0.0614862	0.0145872	0.0454298	0.0285382	0.0559939	0.0764211	0.0187021	0.046479	0.0152517	0.0162436	0.0199309	0.113531	0.0963801	0.0672728	0.0906863	0.0304454
145	0.0312002	0.0178885	0.0897597	0.115465	0.00569099	0.0413994	0.036446	0.0277361	0.150073	0.0197399	0.0122911	0.100391	0.013669	0.0661532	0.0403252	0.100828	0.0797381	0.0121596	0.00198905	0.0370573
146	0.0457219	0.0206797	0.0341669	0.0523221	0.0087767	0.0260947	0.0117802	0.056289	0.0811873	0.0454698	0.0448369	0.0912014	0.0268812	0.0708708	0.0282373	0.101059	0.151258	0.0426811	0.00225121	0.0582351
147	0.0273449	0.00541257	0.138019	0.122741	0.00255756	0.0253792	0.017778	0.0157007	0.0729141	0.0598738	0.0148956	0.0879217	0.200602	0.0482113	0.0358499	0.0527483	0.0577024	0.00912391	0.00117502	0.00404896
148	0.0432151	0.0212738	0.0331732	0.0631755	0.00912821	0.0222031	0.00541339	0.0718229	0.040177	0.0686728	0.0459255	0.0832037	0.032321	0.0797967	0.0275628	0.114158	0.131097	0.0610267	0.00417158	0.0424822
149	0.019915	0.00291391	0.00529776	0.0142436	0.0256249	0.0136138	0.0233933	0.271926	0.0225742	0.215077	0.040116	0.0149384	0.00583878	0.0083127	0.0148264	0.0258542	0.0604683	0.181211	0.0121404	0.0217144
150	0.0574163	0.0039018	0.0708755	0.0899306	0.00617332	0.0196974	0.0259354	0.0255595	0.22187	0.0450926	0.00583063	0.0710493	0.0487398	0.0445977	0.0737878	0.0751882	0.0815138	0.023117	0.00152901	0.00819431
151	0.0493228	0.00552902	0.114155	0.259146	0.0172528	0.0488468	0.0455033	0.012225	0.0955497	0.0332196	0.00504968	0.0868144	0.00585518	0.0140606	0.0162273	0.110594	0.0350917	0.0257907	0.00373086	0.0160355
152	0.0260729	0.12367	0.011643	0.0128079	0.0589676	0.0157713	0.0331134	0.0338422	0.0236363	0.0874498	0.0196453	0.062138	0.0349913	0.0160214	0.0103571	0.154629	0.109763	0.0473689	0.0126838	0.105428
153	0.0303084	0.0130007	0.0174255	0.0407024	0.0275201	0.0207011	0.0182619	0.089365	0.10953	0.0938175	0.0770811	0.054732	0.0106398	0.0684536	0.133828	0.0405231	0.0887855	0.0321563	0.00779274	0.0253751
154	0.0325025	0.00929387	0.0392107	0.0917103	0.0219113	0.0249694	0.0141657	0.168172	0.118434	0.0567074	0.0094082	0.0370799	0.00366977	0.0304664	0.0447548	0.0308203	0.101757	0.149246	0.00646146	0.00925913
155	0.0686062	0.00150712	0.0386724	0.0667846	0.00728149	0.0150795	0.0196841	0.0314026	0.282218	0.0459322	0.00427514	0.0662443	0.0121343	0.0439704	0.097001	0.0750949	0.0912828	0.0270198	0.00144142	0.00436728
156	0.00310738	0.00158514	0.00849887	0.0025887	0.0190504	0.00217231	0.00213143	0.0166055	0.00393757	0.0281187	0.0024128	0.0037847	0.00160339	0.00228141	0.0143058	0.0274255	0.0249275	0.0030949	0.824371	0.00799741
157	0.127439	0.0192371	0.0431117	0.191831	0.0340405	0.0329162	0.0208075	0.0182228	0.0471859	0.0292118	0.00880136	0.0447332	0.00843005	0.0247638	0.0117828	0.211966	0.0728969	0.0310472	0.00458414	0.0169905
158	0.0567563	0.00423274	0.020484	0.053276	0.013638	0.0243817	0.0257012	0.0407	0.277255	0.048746	0.0219993	0.0754948	0.00618123	0.0679742	0.124452	0.0477462	0.0612388	0.019954	0.00442761	0.00536168
159	0.0169459	0.0066063	0.241619	0.279341	0.00844483	0.0313083	0.0154842	0.0240823	0.0445733	0.0349127	0.0103592	0.0922661	0.00597315	0.0238981	0.0347167	0.0308686	0.0247463	0.0166222	0.00539366	0.0518387
160	0.0129661	0.00229261	0.00176495	0.00460363	0.0318984	0.00672119	0.011355	0.213893	0.0117425	0.424383	0.0546778	0.0169236	0.00557671	0.00394328	0.00893284	0.0171945	0.0404003	0.118635	0.00259745	0.00949879
161	0.0116593	0.00356419	0.0476399	0.0580559	0.00534674	0.410688	0.00478239	0.01026	0.0496277	0.0262205	0.00387782	0.1725	0.00265589	0.0451547	0.0702975	0.0449973	0.00847006	0.00696664	0.0120372	0.00519831
162	0.0431021	0.0171889	0.0116738	0.0632207	0.0322508	0.0295127	0.0518803	0.062122	0.210016	0.0562019	0.0304411	0.0889666	0.00362715	0.0691616	0.100966	0.0403031	0.0416985	0.023221	0.0104329	0.0140128
163	0.0413775	0.00959256	0.0918654	0.113635	0.0047098	0.0246533	0.0223551	0.0335441	0.135304	0.0440539	0.0196775	0.0725969	0.0800875	0.067773	0.0470884	0.071925	0.0798995	0.0190788	0.0025635	0.0182187
164	0.0193619	0.00598099	0.00299398	0.00658658	0.0447142	0.0102762	0.0210699	0.284455	0.0126025	0.259831	0.0538225	0.0143912	0.00703899	0.00616311	0.00859621	0.0184461	0.04642	0.146318	0.00831822	0.0226136
165	0.0540118	0.0169604	0.0284882	0.0588117	0.0100689	0.0211941	0.0157873	0.0516938	0.117355	0.0539115	0.0369347	0.0849171	0.0175553	0.073615	0.0522492	0.0953448	0.125111	0.0417568	0.00222138	0.0420118
166	0.0358418	0.00632414	0.109955	0.149599	0.0172226	0.020347	0.0225059	0.090694	0.0603102	0.130305	0.0452138	0.0299094	0.00840059	0.0640031	0.0250785	0.0265889	0.0407091	0.056086	0.019907	0.0409987
167	0.0525706	0.0059256	0.12414	0.243664	0.0119971	0.0427483	0.0424551	0.0161262	0.111198	0.0284153	0.00677225	0.0774952	0.00660268	0.0250005	0.0210598	0.0965025	0.042923	0.0240523	0.00306799	0.0172844
168	0.0209102	0.00749653	0.116629	0.252298	0.00599147	0.0193774	0.0161383	0.0532547	0.0497818	0.0372995	0.0388475	0.0355451	0.0117194	0.0942895	0.0315079	0.0511492	0.0662253	0.0549574	0.0105801	0.0260017
169	0.00311944	0.00158493	0.00849012	0.00258836	0.0189682	0.00217053	0.00213623	0.0167376	0.00392884	0.0280913	0.00239972	0.00383892	0.00160336	0.00239844	0.0144394	0.0274709	0.0250295	0.0031369	0.823877	0.00798986
170	0.021899	0.0175008	0.105399	0.172625	0.00463014	0.0368272	0.0377121	0.0360919	0.143882	0.0261915	0.0136415	0.072287	0.00932073	0.0991142	0.0408221	0.0509254	0.0545087	0.0133953	0.00453441	0.0386916
171	0.0664061	0.00191045	0.0450122	0.0739977	0.00672168	0.0164187	0.0212377	0.0303709	0.264657	0.046745	0.00460318	0.0661663	0.0125884	0.0480727	0.0957438	0.0794022	0.0895176	0.0229227	0.00154364	0.00596215
172	0.126143	0.0457038	0.00320454	0.00287399	0.0142412	0.00599181	0.00310957	0.261303	0.00493294	0.106571	0.0495459	0.0570805	0.00788774	0.00251777	0.00384594	0.0263081	0.0838499	0.184501	0.00174834	0.0086397
173	0.0579338	0.0967832	0.0169511	0.0212867	0.0798434	0.0132531	0.0267952	0.071635	0.0337565	0.11364	0.0598715	0.0576866	0.0117399	0.0129229	0.0178933	0.0524649	0.0396609	0.068109	0.117039	0.0307347
174	0.052315	0.0060767	0.0177588	0.0600073	0.0265599	0.0344002	0.0246434	0.0370509	0.23717	0.0431305	0.022653	0.13755	0.00547129	0.0544449	0.0905154	0.0461799	0.0715098	0.0201689	0.0052576	0.00713574
175	0.0696656	0.000875243	0.0414656	0.0693506	0.00702861	0.0153688	0.0205701	0.0302456	0.271963	0.0481489	0.00381689	0.0655314	0.0129234	0.0446376	0.0985933	0.0795982	0.0909238	0.0239772	0.00148362	0.00383281
176	0.0496592	0.00757159	0.00906831	0.0537268	0.0211947	0.0319816	0.0340321	0.0510642	0.253073	0.0534845	0.0350844	0.0902419	0.00283816	0.0745783	0.106516	0.0365757	0.0532057	0.0232599	0.00656755	0.00627686
177	0.0438508	0.00649356	0.0217373	0.0570908	0.0384925	0.0186728	0.0454327	0.156066	0.110284	0.139339	0.0600259	0.0379745	0.00446066	0.0522681	0.0412947	0.0213584	0.0383646	0.0394874	0.0149478	0.0523589
178	0.0688021	0.00350054	0.0254708	0.0529214	0.00913109	0.0156618	0.0207436	0.0404835	0.290551	0.0419004	0.0104016	0.0739931	0.00975861	0.0480413	0.11864	0.0544104	0.0798379	0.0252636	0.00253974	0.00794769
179	0.0332194	0.0597989	0.0109345	0.00629713	0.102749	0.0312731	0.0128116	0.0827752	0.00851418	0.127021	0.0500885	0.0195588	0.034643	0.00698818	0.00613133	0.0858333	0.0857909	0.0495955	0.00330386	0.182673
180	0.0273717	0.0402861	0.0191521	0.0202909	0.0166994	0.0163292	0.00963223	0.0471868	0.0221865	0.0464516	0.0157452	0.0389732	0.0466248	0.0241585	0.0169093	0.131519	0.376651	0.048021	0.0052642	0.0305474
181	0.062974	0.00470601	0.0237885	0.0535602	0.0117534	0.0172639	0.0212093	0.0483406	0.247962	0.0578999	0.0167079	0.0769658	0.0084752	0.0547444	0.0951087	0.0636914	0.0813031	0.0232027	0.00297989	0.0273626
182	0.189121	0.0612388	0.00790348	0.0294152	0.00961081	0.0303152	0.0103995	0.0102294	0.0227633	0.0196211	0.00599586	0.0183692	0.00681319	0.0410025	0.00800586	0.363098	0.0995225	0.0347643	0.00338294	0.0284276
183	0.0412519	0.0170724	0.0206251	0.0405102	0.0120694	0.0168451	0.00578545	0.0877043	0.0524469	0.0730344	0.0458778	0.0824479	0.0204588	0.0729906	0.0218774	0.0949756	0.170416	0.060152	0.00260933	0.0608498
184	0.0238845	0.0109778	0.149431	0.193184	0.00625404	0.0344564	0.0295783	0.0417254	0.120216	0.0380455	0.0124849	0.0885806	0.0205668	0.0643497	0.0386517	0.040515	0.0419922	0.0130714	0.00510592	0.0269294
185	0.0219839	0.0185159	0.00323148	0.0101649	0.120591	0.00305039	0.0269448	0.202564	0.0196107	0.230647	0.102144	0.013645	0.00463629	0.0066715	0.0293793	0.014012	0.00579224	0.0199439	0.076139	0.0703331
186	0.0190605	0.00324433	0.00886154	0.00886539	0.0034968	0.0123344	0.0191441	0.0408696	0.44184	0.0127316	0.00303512	0.0264292	0.00819619	0.0582759	0.271424	0.00861956	0.0302058	0.0131493	0.0033658	0.00685044
187	0.0613002	0.00364161	0.0648303	0.172149	0.0122154	0.0298176	0.0279184	0.0223844	0.178887	0.04701	0.00758117	0.0760572	0.0123212	0.0320178	0.0548803	0.0981827	0.0605614	0.0246033	0.00394691	0.00969444
188	0.0411751	0.00804712	0.00994212	0.0495754	0.0431935	0.0274241	0.0282067	0.049775	0.211705	0.0611759	0.0399555	0.123932	0.0060834	0.0688133	0.113807	0.0318605	0.0455255	0.0203346	0.0079943	0.011474
189	0.0594167	0.011746	0.0707218	0.0415164	0.0182645	0.01638	0.0685303	0.0668297	0.0537232	0.0402061	0.0138767	0.0302763	0.0249045	0.221986	0.02148	0.0653509	0.0296774	0.0192171	0.0614448	0.0644514
190	0.0186375	0.01707	0.00391213	0.0121992	0.123821	0.00288297	0.0246963	0.195208	0.0228988	0.231339	0.0962543	0.0158382	0.00484628	0.00739367	0.0383667	0.0125791	0.00549338	0.0170835	0.0775059	0.0719743
191	0.0302672	0.0041308	0.0151407	0.0236927	0.00678097	0.0146682	0.019436	0.0344125	0.417619	0.0221169	0.00532139	0.0383096	0.00852352	0.0525264	0.210693	0.0236518	0.0435781	0.0158712	0.00389564	0.00936462
192	0.108684	0.0369918	0.00321206	0.00366937	0.0124861	0.00754963	0.00555452	0.281285	0.00501082	0.110088	0.0470209	0.0531346	0.00668103	0.00302039	0.0033299	0.0224347	0.0883354	0.189875	0.00214604	0.0094908
193	0.0194621	0.00428007	0.00584429	0.0159241	0.0636763	0.0158685	0.0286177	0.20183	0.0291581	0.248119	0.0558817	0.0164854	0.00861093	0.029385	0.0138205	0.0206354	0.0572125	0.131234	0.00796212	0.0259921
194	0.0244689	0.0166196	0.0062262	0.010098	0.0863691	0.0102933	0.0876894	0.102043	0.0274368	0.138571	0.0881087	0.0566449	0.0071285	0.0380443	0.0114396	0.0654355	0.0205934	0.022762	0.00702644	0.173001
195	0.0199392	0.0113004	0.0313374	0.0722322	0.0222809	0.0179877	0.0175928	0.0389533	0.115813	0.0615421	0.0190786	0.043385	0.00973595	0.065746	0.309769	0.0342462	0.034846	0.0180268	0.00870435	0.0474833
196	0.0194343	0.017592	0.00367817	0.0116859	0.120395	0.00335822	0.0252676	0.196936	0.0210456	0.23551	0.0952419	0.0140777	0.00534721	0.00696568	0.0332553	0.0126543	0.00682434	0.0208913	0.0768187	0.0730207
