312	20
1	0.0746651	0.00345075	0.047031	0.0224949	0.0031613	0.537359	0.0104693	0.00466454	0.0354834	0.00968308	0.0101227	0.0476103	0.0112002	0.0178071	0.00620476	0.123523	0.0204759	0.00995205	0.00124782	0.00339395
2	0.0552015	0.0108072	0.00801811	0.0160358	0.016522	0.00982895	0.00674399	0.250622	0.0265113	0.0849385	0.0417349	0.010956	0.00907368	0.0137152	0.00802228	0.0276561	0.0302248	0.358603	0.0015084	0.0132758
3	0.0236596	0.0319804	0.000968665	0.00135764	0.0186928	0.000741727	0.00116549	0.207677	0.0101767	0.347089	0.0344608	0.00205623	0.000476325	0.00265185	0.00355367	0.0025262	0.0206138	0.275888	0.00412601	0.010138
4	0.0133967	0.00218947	0.00393856	0.00532381	0.135802	0.00428328	0.0464686	0.0132434	0.00671107	0.0354853	0.00529066	0.0741452	0.00154973	0.00841378	0.003493	0.172832	0.289711	0.0492567	0.00130194	0.127163
5	0.0866802	0.00458626	0.0398158	0.0178349	0.00732403	0.51817	0.0112581	0.00782925	0.0340538	0.0114426	0.0109739	0.0452739	0.00855506	0.0174513	0.00699405	0.126891	0.0247326	0.0112217	0.00191914	0.00699219
6	0.0390285	0.00257746	0.381238	0.295739	0.00420405	0.0041959	0.0132941	0.00523878	0.0684562	0.00355418	0.00227891	0.0231995	0.00158901	0.0393934	0.00127232	0.0501315	0.0477702	0.00575178	0.00131171	0.00977579
7	0.0966532	0.00189071	0.436314	0.169924	0.00240462	0.0462229	0.00555993	0.00423512	0.0222567	0.0204966	0.015005	0.0378929	0.0173647	0.0642393	0.00225911	0.0364378	0.00910471	0.00759438	0.00118839	0.00295608
8	0.0647268	0.00680613	0.00206557	0.00314297	0.0093626	0.00182724	0.00225504	0.103033	0.0069413	0.189028	0.0669837	0.0037325	0.000873434	0.0153273	0.0149321	0.00623003	0.0366759	0.435185	0.00140895	0.0294617
9	0.0765344	0.00218809	0.0531749	0.00750033	0.0534585	0.00295595	0.149542	0.135014	0.00790129	0.106453	0.00473751	0.00972267	0.00167169	0.0237783	0.00585607	0.0119419	0.0492496	0.0586427	0.00110626	0.238571
10	0.26704	0.481408	0.00585988	0.008636	0.00490433	0.00447577	0.00645657	0.00567195	0.0114019	0.00740099	0.00584723	0.0445746	0.00284023	0.00806711	0.00454027	0.0951871	0.0213566	0.00756541	0.00217695	0.00458931
11	0.0129345	0.00222855	0.00515976	0.012485	0.00300719	0.00507076	0.0270506	0.0196449	0.606295	0.006474	0.0047012	0.032538	0.00660902	0.0599943	0.144425	0.0310706	0.00958716	0.00648389	0.00145897	0.00278098
12	0.12423	0.00282233	0.0789716	0.33031	0.00764842	0.00638988	0.00997838	0.0037566	0.216303	0.00328588	0.00113917	0.0209726	0.000248732	0.0729351	0.0259695	0.0423912	0.0353379	0.0162783	0.000126936	0.000904169
13	0.00983587	0.00745251	0.00371676	0.0525371	0.00481871	0.0520934	0.123042	0.00452453	0.173918	0.023904	0.00567729	0.360621	0.00256487	0.025342	0.093301	0.0232498	0.00600864	0.0116642	0.000637019	0.0150915
14	0.018988	0.00146429	0.0309453	0.0358331	0.0018712	0.30041	0.0214263	0.0135847	0.265584	0.00297212	0.00246752	0.157352	0.00194128	0.0606633	0.0366779	0.0375227	0.00449769	0.00318079	0.000788103	0.00183055
15	0.0164497	0.0024378	0.0328071	0.00960741	0.00286827	0.259812	0.0124546	0.00544529	0.0173622	0.0123763	0.0271611	0.162467	0.00395328	0.0163424	0.00305804	0.368381	0.0346847	0.00818698	0.000927861	0.00321675
16	0.0118243	0.00215393	0.00617067	0.00968685	0.0036818	0.0229672	0.00434715	0.00888604	0.00655216	0.00573473	0.0240549	0.0516335	0.00214526	0.00915161	0.00250618	0.401271	0.396188	0.0267312	0.00119064	0.00312287
17	0.0228984	0.0352507	0.266819	0.0114528	0.00953766	0.0138435	0.00792886	0.00809556	0.0143861	0.00973154	0.00720836	0.251151	0.0445205	0.0120639	0.0063415	0.213804	0.0438539	0.00875147	0.00142629	0.0109357
18	0.0109908	0.00240377	0.00492283	0.00731389	0.00469241	0.0302793	0.00465961	0.00603744	0.0061672	0.00481555	0.0160926	0.0416251	0.00179272	0.00712978	0.00221526	0.384096	0.422554	0.037556	0.000890468	0.00376519
19	0.0156646	0.00740462	0.000398859	0.000563343	0.00683916	0.000329686	0.000510845	0.394669	0.00255821	0.0166187	0.0118736	0.000582722	0.000177347	0.00212124	0.00031451	0.00683384	0.016598	0.513752	0.00010659	0.00208357
20	0.0930768	0.00749008	0.0194167	0.0229635	0.032624	0.0145508	0.0208436	0.110325	0.0290947	0.0418641	0.0290295	0.209547	0.00651636	0.0218681	0.0106321	0.120138	0.03702	0.128704	0.00520297	0.0390929
21	0.737875	0.0135297	0.000581813	0.000696458	0.000491454	0.0585589	0.000555497	0.000718819	0.000944251	0.00328105	0.000819838	0.00253264	0.00389929	0.00725123	0.000384222	0.13054	0.0283446	0.00819949	0.000172652	0.00062355
22	0.386201	0.0210032	0.00290994	0.00518498	0.00267631	0.026359	0.0036096	0.0560033	0.00922215	0.00463957	0.00328332	0.00533856	0.00269781	0.00604301	0.00268739	0.0582085	0.0841164	0.315935	0.00087714	0.00300295
23	0.00627378	0.00262597	0.00233386	0.00372194	0.0467165	0.00210288	0.00302949	0.0325338	0.00432115	0.455589	0.369869	0.00380218	0.00114772	0.00425672	0.00198909	0.00612623	0.00427969	0.0466081	0.000698065	0.0019748
24	0.0681549	0.00363419	0.0726386	0.410194	0.00778364	0.00985868	0.0227722	0.0103881	0.112033	0.0109855	0.00576281	0.0226002	0.00867263	0.104814	0.0167953	0.0520471	0.0335447	0.0156956	0.00289528	0.00872926
25	0.735966	0.0138972	0.000586195	0.000735465	0.000516386	0.0583122	0.000651995	0.000740042	0.00112571	0.00335129	0.000836647	0.00257995	0.0039682	0.00732108	0.000420683	0.130107	0.0297127	0.00837201	0.000169291	0.000630946
26	0.684936	0.0149853	0.00208557	0.00187294	0.00182036	0.0622155	0.00136796	0.00230506	0.00245354	0.00440593	0.00281984	0.0036643	0.00406921	0.00803911	0.00097086	0.16415	0.0278774	0.00789149	0.000418288	0.00165129
27	0.432992	0.00398253	0.0070949	0.0110434	0.00521449	0.00550939	0.00791579	0.00658801	0.149633	0.0362419	0.00674462	0.00842011	0.00236767	0.0107143	0.207283	0.0437176	0.0104893	0.0381449	0.0015751	0.00432714
28	0.116363	0.00111552	0.107979	0.0989663	0.00211891	0.0132078	0.0358992	0.0029543	0.326558	0.0649566	0.00313953	0.0210097	0.00127173	0.0104546	0.107992	0.0497316	0.00847373	0.0219336	0.000688116	0.00518632
29	0.246	0.00384963	0.00469676	0.00645846	0.0373601	0.00358298	0.00818081	0.0775849	0.0087786	0.0594957	0.0566535	0.187233	0.00267658	0.008162	0.00429293	0.0716175	0.0142	0.151461	0.00154678	0.046168
30	0.0207803	0.00148375	0.0355429	0.0364925	0.00183676	0.213543	0.0350678	0.00953602	0.328057	0.00961719	0.00405297	0.151816	0.00218708	0.0412806	0.0646716	0.0285293	0.00608895	0.00520726	0.000700781	0.00350864
31	0.278512	0.0378787	0.00426938	0.00392138	0.0181586	0.0337012	0.00447498	0.0117531	0.00552715	0.017049	0.0119944	0.0048007	0.00156065	0.0056681	0.0021714	0.520186	0.0238058	0.00391917	0.000860638	0.00978729
32	0.0587258	0.00351832	0.18634	0.0701042	0.00459366	0.0373209	0.0276287	0.00687984	0.0317515	0.00833346	0.00488009	0.0335643	0.353134	0.0147435	0.0030833	0.105188	0.0292209	0.0142441	0.00106529	0.0056799
33	0.0135036	0.00662556	0.000504485	0.000620114	0.00597378	0.000354331	0.000521921	0.421052	0.00244006	0.0228021	0.0131324	0.000973982	0.000204272	0.00200404	0.000521315	0.00603926	0.0148852	0.485781	0.000117944	0.00194274
34	0.00282408	0.0038243	0.00130398	0.00137994	0.00953298	0.000681943	0.00122884	0.574046	0.00181495	0.141932	0.120123	0.00315962	0.000426555	0.00300252	0.0030395	0.00254012	0.00290392	0.124357	0.000346358	0.00153126
35	0.00191028	0.00195846	0.00116234	0.00115876	0.00547088	0.000592557	0.000979011	0.669807	0.00144654	0.126699	0.0395541	0.00417827	0.000345178	0.00155642	0.00396022	0.00172382	0.00259601	0.133337	0.000236005	0.00132757
36	0.0834708	0.0113433	0.0382781	0.0902948	0.0181922	0.0239794	0.0354096	0.0208293	0.0847832	0.0356882	0.0229376	0.0331049	0.0126013	0.168535	0.0383666	0.0823718	0.149306	0.0290999	0.00327177	0.0181357
37	0.138367	0.00391595	0.0027297	0.00458324	0.0782289	0.00357885	0.00468274	0.0311196	0.0270709	0.34909	0.0609645	0.0049676	0.00159851	0.0394237	0.0136132	0.0288456	0.0833271	0.113702	0.00407744	0.00611342
38	0.126865	0.0195539	0.0373427	0.0485198	0.0151625	0.0886479	0.0195075	0.0145301	0.051659	0.0210578	0.0176409	0.0472123	0.0351882	0.033385	0.0135991	0.286883	0.0849844	0.0222554	0.00483556	0.0111697
39	0.0100335	0.0104684	0.00374239	0.0289294	0.0100215	0.036547	0.109	0.00287449	0.144299	0.0313181	0.0118024	0.37324	0.00123873	0.0415889	0.112219	0.024288	0.0117366	0.00856347	0.00101439	0.0270752
40	0.0514967	0.00243997	0.0190633	0.00960294	0.00217351	0.587449	0.0058257	0.00299313	0.0161476	0.00730442	0.00724098	0.0258304	0.00507236	0.0253966	0.00229702	0.193821	0.0224507	0.0101638	0.000939408	0.00229165
41	0.0714727	0.00595696	0.0437241	0.0175284	0.00416362	0.542311	0.0125524	0.00527074	0.0337223	0.0108172	0.010262	0.0489396	0.0103059	0.0154199	0.00841807	0.121333	0.0213835	0.0110061	0.00146569	0.00394613
42	0.735358	0.0135734	0.000580589	0.000719712	0.000541704	0.058788	0.000574081	0.000796855	0.000952928	0.00341958	0.000948715	0.00252473	0.00386907	0.00723186	0.000392286	0.132568	0.0281512	0.00814355	0.000172613	0.000693067
43	0.296651	0.00451806	0.00383005	0.0411713	0.00341792	0.0881025	0.0427531	0.0414058	0.0290471	0.00500903	0.00389788	0.0259495	0.00200915	0.120427	0.0242532	0.161033	0.0264155	0.0582969	0.00124235	0.0205697
44	0.012598	0.00132527	0.00109236	0.00405201	0.354958	0.001119	0.0374338	0.00767643	0.0216687	0.0222619	0.0119975	0.0197301	0.000583165	0.00989146	0.00706988	0.00312421	0.00584007	0.0117947	0.0128358	0.452948
45	0.0142173	0.00332416	0.00427711	0.00606149	0.234572	0.00381989	0.0294434	0.0997725	0.00715743	0.0130522	0.0955721	0.114128	0.00192233	0.0077912	0.00472921	0.0166165	0.057405	0.030747	0.0335333	0.221858
46	0.735208	0.0136625	0.000607785	0.000715186	0.000543072	0.0587463	0.000563479	0.000756373	0.000971716	0.00342945	0.00097511	0.00252318	0.0038772	0.00728967	0.000384446	0.132305	0.0283059	0.00819786	0.000173175	0.000764446
47	0.0717155	0.00506322	0.0305181	0.0218288	0.00490126	0.555173	0.0122839	0.00674666	0.0387089	0.0125007	0.0113191	0.0420561	0.00551615	0.0164553	0.00850392	0.119209	0.0204314	0.0111235	0.0015414	0.0044042
48	0.0730736	0.00858283	0.0318185	0.128955	0.0264979	0.0154715	0.0323508	0.0228569	0.208925	0.0364557	0.0851078	0.0351897	0.00985408	0.0400492	0.0222849	0.0430308	0.0296112	0.0331852	0.00464813	0.112051
49	0.0735989	0.00180556	0.00377456	0.00270696	0.001302	0.675193	0.00248506	0.00182598	0.0108131	0.00802086	0.00845354	0.0132653	0.0027631	0.00712502	0.00134301	0.153805	0.0197399	0.00988464	0.000588656	0.00150597
50	0.0274717	0.0306868	0.00136518	0.00159738	0.0243103	0.000735924	0.00140386	0.190388	0.012186	0.373516	0.0373499	0.00191152	0.000516174	0.00467169	0.00283371	0.0033549	0.0231212	0.245038	0.00522061	0.0123216
51	0.59007	0.0142031	0.00317461	0.00490632	0.00152912	0.092884	0.00466096	0.00163382	0.00389497	0.00336867	0.00173183	0.0106524	0.01907	0.0201069	0.00139022	0.155382	0.0550736	0.0133049	0.000483201	0.00247854
52	0.287896	0.0591131	0.0644042	0.0232452	0.00353737	0.0297817	0.00562648	0.00376688	0.0335759	0.00470515	0.00365868	0.0448528	0.012935	0.0432569	0.0180955	0.302551	0.045884	0.00868596	0.000904296	0.00352382
53	0.0148483	0.00712757	0.00041159	0.000550656	0.00659125	0.000326445	0.000507152	0.403227	0.0024942	0.0179163	0.0119824	0.000678855	0.000176688	0.0020711	0.000389897	0.00652879	0.0161121	0.505897	0.000110507	0.00205179
54	0.149042	0.00309587	0.0027921	0.00411391	0.0664147	0.00245887	0.00358492	0.0269545	0.0338016	0.379488	0.0551692	0.00408808	0.00135632	0.0484384	0.0158219	0.0272768	0.0707724	0.0989631	0.00170282	0.00466359
55	0.0802198	0.00699625	0.039997	0.0202153	0.005152	0.540361	0.0118979	0.00619438	0.0290775	0.0116607	0.0107968	0.0409606	0.00555761	0.0159876	0.0061611	0.126223	0.0230235	0.0130066	0.00238862	0.00412298
56	0.734621	0.0137059	0.000586196	0.000697107	0.000545635	0.0589003	0.000561169	0.000812569	0.000956658	0.0033574	0.00102197	0.00253527	0.00390795	0.00725311	0.000391381	0.132778	0.0283163	0.00817767	0.000176969	0.000697347
57	0.0157263	0.00741312	0.000398208	0.00056454	0.00686287	0.000329051	0.000511437	0.394112	0.00256291	0.016514	0.0118474	0.000578567	0.000176732	0.00212408	0.00030742	0.00685139	0.0166363	0.514294	0.000106517	0.00208298
58	0.73547	0.013689	0.000903963	0.000756894	0.000521524	0.0584622	0.000555539	0.000744345	0.00109186	0.00336479	0.000867396	0.00265915	0.0039386	0.00733094	0.000416257	0.131858	0.0283578	0.00820349	0.00017304	0.000635687
59	0.292371	0.0476453	0.0101404	0.011146	0.00712089	0.305415	0.0111394	0.010904	0.0166508	0.0560383	0.091762	0.0138588	0.0050994	0.0125182	0.00704358	0.056863	0.0189452	0.0133955	0.00376445	0.00817856
60	0.609567	0.0199463	0.00765832	0.0113827	0.00381384	0.0560426	0.00527663	0.00550518	0.0181799	0.00830898	0.00519779	0.00965629	0.00676375	0.0141965	0.00547327	0.164198	0.0290391	0.0135541	0.00146101	0.00477909
61	0.00988275	0.00315948	0.00412677	0.00639725	0.0231499	0.00802603	0.142173	0.0220259	0.148929	0.203822	0.0626648	0.077859	0.00166726	0.0762921	0.109436	0.0100311	0.00800256	0.040501	0.00107251	0.0407819
62	0.0264307	0.0023335	0.00335317	0.0135432	0.223816	0.0021244	0.167129	0.006184	0.012844	0.0282556	0.0201731	0.0355519	0.00108676	0.0416726	0.00520228	0.00636575	0.0109693	0.00848049	0.010354	0.37413
63	0.0166666	0.0070945	0.00188818	0.00273078	0.00709445	0.000487401	0.000901784	0.390572	0.00393447	0.0196956	0.0134516	0.00162992	0.000286161	0.00298789	0.000491635	0.00775398	0.0352562	0.484678	0.000163543	0.00223533
64	0.0377347	0.00761818	0.0215927	0.0377428	0.0231583	0.0136856	0.243153	0.0201246	0.0775133	0.0326006	0.0184782	0.0407763	0.00662931	0.0571145	0.150648	0.046716	0.113447	0.0236394	0.0053936	0.0222331
65	0.185351	0.0182029	0.00281485	0.0632712	0.0185437	0.00244938	0.0233056	0.00391039	0.0220014	0.140043	0.0407929	0.0363975	0.00137286	0.149598	0.00277801	0.0505562	0.229789	0.00450971	0.00167615	0.0026369
66	0.00684924	0.00547403	0.00281461	0.00348598	0.0062158	0.00222155	0.00337308	0.108992	0.00506605	0.253087	0.427673	0.00421634	0.0012478	0.00606779	0.00195779	0.00643821	0.00586972	0.145853	0.000783487	0.00231327
67	0.650243	0.0171786	0.00478031	0.00197938	0.00276138	0.0514123	0.0017407	0.00238559	0.00405232	0.0049777	0.00290574	0.00614445	0.00359821	0.00798018	0.00124954	0.198289	0.0283508	0.00751139	0.000351235	0.00210816
68	0.133794	0.00214412	0.00265946	0.159123	0.00289813	0.00206153	0.00330264	0.00300213	0.390284	0.00298533	0.00323399	0.010484	0.11987	0.0538151	0.00719122	0.0595891	0.0160745	0.0242623	0.000790966	0.00243502
69	0.231969	0.00200587	0.00289147	0.140763	0.0540472	0.00239574	0.127239	0.0181315	0.0219524	0.0585311	0.0393082	0.00443052	0.00125106	0.0488247	0.00247088	0.0357814	0.0584075	0.0576353	0.00108722	0.0908767
70	0.0365747	0.00805408	0.01073	0.0220596	0.221522	0.00924062	0.0573826	0.0253981	0.0296631	0.0439816	0.0188086	0.0312798	0.00465659	0.0213134	0.0135258	0.026835	0.0230164	0.0348119	0.0106554	0.350491
71	0.0654065	0.00478693	0.0739868	0.173799	0.00504446	0.238174	0.0210436	0.0167011	0.15386	0.0148283	0.00908797	0.0598361	0.00564911	0.0378034	0.0218759	0.0443819	0.0231301	0.0226467	0.00231056	0.00564843
72	0.0157263	0.00741312	0.000398208	0.00056454	0.00686287	0.000329051	0.000511437	0.394112	0.00256291	0.016514	0.0118474	0.000578567	0.000176732	0.00212408	0.00030742	0.00685139	0.0166363	0.514294	0.000106517	0.00208298
73	0.0891805	0.0209163	0.00301996	0.00941729	0.00235426	0.00214492	0.00865214	0.00836417	0.00485989	0.00338996	0.00326737	0.00372546	0.680256	0.00700632	0.0133328	0.0974284	0.0235736	0.00919804	0.00131053	0.00860236
74	0.0175147	0.00725683	0.000979985	0.000888985	0.00676141	0.000649292	0.000707295	0.408455	0.00323251	0.0304951	0.0154716	0.0017462	0.000210153	0.00254752	0.000861985	0.00697236	0.0165475	0.476	0.000335206	0.00236688
75	0.0063463	0.0033315	0.000723364	0.000862999	0.0052795	0.000462244	0.000770702	0.589299	0.00176532	0.0747358	0.0268934	0.00285918	0.000262504	0.00147914	0.00219238	0.00334554	0.00699877	0.270876	0.000168227	0.00134795
76	0.0104272	0.0125655	0.00443854	0.00225239	0.00990408	0.0013243	0.00363601	0.232669	0.00655181	0.303589	0.252786	0.00275129	0.000699069	0.00738033	0.0019913	0.00420326	0.0094847	0.128681	0.00113337	0.00353118
77	0.0588283	0.011061	0.0347914	0.0565865	0.0581532	0.0374338	0.166694	0.0271898	0.0745028	0.043449	0.0254151	0.0835465	0.0124245	0.0409399	0.03633	0.0577839	0.0538214	0.0280176	0.00708921	0.085942
78	0.0132675	0.00301283	0.0204924	0.0345512	0.00433829	0.0210921	0.0049578	0.00590209	0.00667935	0.011198	0.0121144	0.0294035	0.00385831	0.00929069	0.0023474	0.364819	0.428377	0.0202494	0.000785056	0.00326377
79	0.0649048	0.00679946	0.271601	0.161618	0.0115169	0.0888631	0.0216102	0.01051	0.0634218	0.013004	0.00901027	0.0709571	0.0264205	0.0369021	0.00862919	0.0706217	0.0363282	0.0145054	0.00222598	0.0105504
80	0.0619153	0.00931661	0.0332502	0.066228	0.0568921	0.0297928	0.161647	0.0220441	0.0908368	0.0386659	0.0225784	0.0767101	0.0122318	0.0463625	0.0393959	0.058457	0.053095	0.0251558	0.00630249	0.0891222
81	0.236171	0.521433	0.00530311	0.00799393	0.00451693	0.00429455	0.00581814	0.00534284	0.00985669	0.00709195	0.0058352	0.038918	0.00280811	0.00728496	0.00419376	0.100331	0.0199054	0.00694157	0.00197222	0.00398705
82	0.262457	0.055041	0.0672856	0.0165497	0.00403784	0.0336927	0.00810675	0.00433475	0.0270084	0.00426256	0.00467829	0.0552853	0.0272935	0.0595693	0.0124605	0.283021	0.0596581	0.00930457	0.00135724	0.00459501
83	0.01887	0.00334775	0.00755985	0.014272	0.00422683	0.0121423	0.0259705	0.0151957	0.548496	0.0128563	0.00753059	0.0244118	0.00561722	0.0405746	0.20951	0.0248193	0.0108589	0.00820237	0.00143132	0.0041066
84	0.0482711	0.00345065	0.0120961	0.0605094	0.00545382	0.0284519	0.0479369	0.0134621	0.361365	0.00981926	0.00722436	0.17462	0.0434509	0.0461593	0.0376944	0.0700269	0.0115524	0.00998751	0.00214778	0.0063203
85	0.0433626	0.00796274	0.0128499	0.0180047	0.0875589	0.00978926	0.0170112	0.0188805	0.0214227	0.188278	0.0287805	0.137639	0.00483902	0.017934	0.00950455	0.0359897	0.0930143	0.0180032	0.204679	0.0244959
86	0.0144564	0.0165727	0.00767931	0.00638897	0.0162632	0.00162586	0.0056915	0.325011	0.0102673	0.31233	0.0615049	0.00374122	0.00102607	0.00681253	0.00305809	0.00674518	0.0605734	0.131235	0.0022192	0.00679804
87	0.0540833	0.0106595	0.0264055	0.0177398	0.00352286	0.0166795	0.0151539	0.00864447	0.0193563	0.00502103	0.00548903	0.0136309	0.563121	0.033117	0.00737008	0.143591	0.0338946	0.0144847	0.00154383	0.00649141
88	0.0677633	0.0195795	0.0340503	0.0414772	0.0944124	0.0195196	0.0262716	0.0297865	0.0325666	0.072427	0.0462011	0.0466231	0.0163157	0.0314433	0.0179694	0.0686446	0.057142	0.0271443	0.171127	0.0795356
89	0.016657	0.0230429	0.000990331	0.00133374	0.0196712	0.000686017	0.00110941	0.319256	0.00789034	0.304002	0.0395264	0.00221033	0.000358366	0.00255852	0.0028595	0.00214458	0.0156584	0.226673	0.00342579	0.00994597
90	0.0447844	0.00443253	0.361298	0.278438	0.00471804	0.0126564	0.0125095	0.00760542	0.0573634	0.00638742	0.00450344	0.0388637	0.00415292	0.0385095	0.00251653	0.0554229	0.0470645	0.0082177	0.00126326	0.0092929
91	0.195871	0.00744567	0.111459	0.0400229	0.00357678	0.352901	0.00526265	0.00458955	0.0243902	0.0106175	0.00792246	0.0499181	0.0141225	0.0144259	0.00588997	0.117741	0.0185881	0.0113198	0.00109574	0.00284056
92	0.00649119	0.00292839	0.00249932	0.0037851	0.048436	0.00214042	0.0031091	0.0343277	0.00464697	0.454758	0.366278	0.00403994	0.00115945	0.00416924	0.00199585	0.00638167	0.00460432	0.045688	0.000717555	0.00184297
93	0.00429082	0.0107038	0.00745387	0.00175864	0.00454537	0.000962775	0.00401692	0.4405	0.00667599	0.306381	0.11584	0.0023024	0.000578343	0.00650394	0.0020629	0.00276647	0.00677635	0.07395	0.000398421	0.00153181
94	0.0377077	0.00408535	0.346399	0.329937	0.00491613	0.00112635	0.0136692	0.00691757	0.0629898	0.0027151	0.00123921	0.0217617	0.000652556	0.0346057	0.00088888	0.0489133	0.060348	0.00773891	0.00159813	0.0117902
95	0.231716	0.00211258	0.00304719	0.150079	0.0548818	0.00271324	0.124124	0.0179686	0.0220828	0.0576636	0.0411819	0.00493278	0.00132622	0.0458719	0.00250873	0.0340021	0.0545267	0.0590631	0.00109204	0.0891057
96	0.0106019	0.00269333	0.0527928	0.0141547	0.00279023	0.257582	0.0100047	0.00347056	0.0149741	0.00566977	0.0157282	0.160143	0.00634117	0.0202959	0.00316196	0.378831	0.0277316	0.00916133	0.000968842	0.00290344
97	0.122879	0.00342277	0.0422449	0.316261	0.00605155	0.00553721	0.0116168	0.00922336	0.205852	0.00885237	0.00280181	0.0234737	0.00286221	0.0942076	0.0416302	0.0323119	0.0500381	0.0186786	0.000478305	0.0015766
98	0.124153	0.00282579	0.078789	0.330348	0.00766779	0.00636662	0.00993619	0.00376425	0.216308	0.00329323	0.00113632	0.0210044	0.00024809	0.0729457	0.0260077	0.042387	0.0354646	0.0163224	0.000126937	0.000904107
99	0.0419789	0.00164338	0.00200587	0.0252107	0.168818	0.00224061	0.23724	0.0034042	0.00427439	0.00746581	0.00793456	0.0671142	0.00102291	0.02649	0.00225754	0.00557408	0.0155579	0.00303689	0.00866777	0.368062
100	0.00891877	0.000653352	0.000771885	0.00122732	0.372747	0.000827681	0.0205143	0.00143204	0.0275097	0.0273792	0.00836107	0.00491001	0.000377402	0.00876752	0.00735959	0.00206803	0.00152924	0.012682	0.00729359	0.48467
101	0.290291	0.003434	0.0291049	0.153079	0.0185277	0.00281033	0.00584731	0.0030023	0.351118	0.00468554	0.00400657	0.0209794	0.00479333	0.0261232	0.0033812	0.0474306	0.00675019	0.00618022	0.000957751	0.0174977
102	0.139366	0.00168375	0.0139426	0.33824	0.00294866	0.00216866	0.0072634	0.011892	0.184253	0.0119799	0.00159592	0.0253915	0.000645912	0.11543	0.0413194	0.0106374	0.0708662	0.0190677	0.000360117	0.000948556
103	0.00902819	0.00278461	0.00375068	0.00496146	0.0935487	0.00327563	0.184063	0.0043846	0.00649893	0.00872556	0.00515194	0.113614	0.00176073	0.0226442	0.0033693	0.0512107	0.359266	0.0113743	0.00128608	0.109301
104	0.0239151	0.00135638	0.0566072	0.0384816	0.0018803	0.278086	0.0223833	0.0109805	0.245734	0.00374305	0.00352812	0.168303	0.00197693	0.0501944	0.0394146	0.0394859	0.00815295	0.00299794	0.000675413	0.00210373
105	0.0276594	0.00154605	0.0334701	0.0615782	0.0019451	0.00446669	0.0671057	0.00387646	0.179555	0.0163367	0.00980916	0.0325626	0.00155554	0.143068	0.259329	0.063886	0.063767	0.0242555	0.00191824	0.00230932
106	0.0714394	0.0121591	0.00393142	0.00951548	0.00158682	0.00223418	0.00929984	0.00834263	0.00383791	0.00224977	0.00196153	0.00274568	0.737853	0.0057715	0.00790635	0.0819545	0.0189041	0.00955795	0.000693863	0.00805451
107	0.0305566	0.0132496	0.0103104	0.00805054	0.212646	0.00390056	0.0130968	0.0296995	0.0134791	0.388728	0.101332	0.0115306	0.00234833	0.0120767	0.00824849	0.0175529	0.0185226	0.0276848	0.00742426	0.0695624
108	0.0144642	0.00428065	0.00232169	0.00353422	0.37688	0.00171093	0.0261684	0.0135769	0.0185368	0.0290234	0.0177248	0.017854	0.000873594	0.00918146	0.00854868	0.00454749	0.00873417	0.011904	0.0360264	0.394108
109	0.0211829	0.00545758	0.00656404	0.0114721	0.00613411	0.0478813	0.00860649	0.00643006	0.00728588	0.00619964	0.0141496	0.0339934	0.00357172	0.0120548	0.00246746	0.377128	0.397243	0.0262172	0.00108892	0.00487226
110	0.118768	0.0274219	0.0378542	0.038641	0.0151541	0.0997038	0.0187333	0.0183209	0.0415693	0.0195031	0.0195446	0.0486939	0.0288355	0.0315015	0.0132734	0.281372	0.0992202	0.0248967	0.00525647	0.011736
111	0.060763	0.0110811	0.0407166	0.0538463	0.0484524	0.0383792	0.16683	0.0241656	0.0821529	0.042623	0.0199847	0.0677455	0.0188151	0.0527075	0.0520088	0.0619039	0.0536302	0.0264429	0.0069254	0.0708261
112	0.0540587	0.0136459	0.0159267	0.0269839	0.0418701	0.0201743	0.0218463	0.0958722	0.0379896	0.168333	0.212566	0.0326875	0.00770631	0.0287598	0.0145966	0.0462433	0.0494306	0.0723616	0.00914755	0.0298005
113	0.00198957	0.00353631	0.00348665	0.00124904	0.00580444	0.000758964	0.00221358	0.579084	0.0033635	0.243023	0.0468471	0.00303157	0.00041258	0.0023319	0.00296229	0.00202243	0.00333651	0.0928349	0.000229425	0.00148237
114	0.0729552	0.00595677	0.282641	0.144418	0.00857352	0.0816959	0.0223833	0.0135777	0.059764	0.0162294	0.0101029	0.074289	0.036684	0.0360051	0.0136994	0.059456	0.0315376	0.0155265	0.00277196	0.011733
115	0.0323393	0.0146334	0.00971071	0.0093055	0.205213	0.00464474	0.0144752	0.0398369	0.0173347	0.348154	0.0991679	0.0163777	0.0024242	0.0118809	0.010446	0.0188718	0.0225026	0.0363465	0.0117846	0.0745505
116	0.113341	0.0266975	0.0406757	0.054679	0.0139427	0.0930556	0.0184861	0.0178195	0.0576808	0.0251083	0.0179604	0.0504168	0.0222147	0.0348057	0.0135835	0.263871	0.0872654	0.0271	0.00557989	0.0157173
117	0.106375	0.00639093	0.0636016	0.292245	0.0175469	0.00777949	0.0111808	0.00791129	0.205726	0.00769718	0.00610479	0.0187258	0.00202578	0.0850217	0.0267072	0.0558704	0.0547324	0.0196495	0.000682432	0.00402604
118	0.0769613	0.00830372	0.118942	0.326485	0.0112716	0.0202578	0.0229012	0.0183818	0.110971	0.0179293	0.0111854	0.0297236	0.016323	0.0576196	0.0182369	0.0561412	0.0399615	0.0232635	0.00336539	0.0117762
119	0.00647144	0.00149234	0.0787747	0.031753	0.0018073	0.0256589	0.027528	0.00234805	0.0335	0.00279102	0.00258044	0.017182	0.496147	0.00485153	0.0015756	0.193034	0.0506239	0.0193724	0.000570207	0.00193804
120	0.0132915	0.00723863	0.0410412	0.00639285	0.00590302	0.00295292	0.0191703	0.307255	0.05306	0.363456	0.0864284	0.00533777	0.00127956	0.00853213	0.00329295	0.00787202	0.0119614	0.0513635	0.00138566	0.00278598
121	0.0315898	0.00107419	0.0594773	0.642013	0.00158854	0.00136383	0.0299144	0.00187878	0.0542847	0.00192791	0.00182543	0.0141351	0.0133304	0.0784162	0.00146565	0.0585945	0.00278376	0.00206312	0.000809131	0.00146462
122	0.0289049	0.00539911	0.245316	0.300187	0.0358397	0.00586915	0.0131458	0.042158	0.033487	0.0109166	0.00798026	0.0186957	0.00281343	0.0848715	0.00555962	0.032611	0.0300274	0.0103935	0.0378215	0.0480023
123	0.0536189	0.013626	0.0711197	0.042808	0.0230492	0.078317	0.0505661	0.018683	0.0994189	0.0309968	0.0195004	0.229921	0.0159433	0.0313315	0.0404231	0.0785617	0.0381712	0.0223967	0.00564536	0.0359025
124	0.0031868	0.00504485	0.000974839	0.00110911	0.00810987	0.000558419	0.00103159	0.577349	0.00195757	0.158969	0.0914322	0.00311359	0.000331341	0.00248619	0.00309116	0.00169697	0.00378987	0.133161	0.000418412	0.00218852
125	0.295479	0.00340704	0.0793241	0.271361	0.00282334	0.0795236	0.00466606	0.00390612	0.0409881	0.00496043	0.00405211	0.00643668	0.00219589	0.0342111	0.0193322	0.130803	0.00704172	0.00524383	0.00119045	0.00305359
126	0.00994246	0.00341138	0.0229356	0.0402369	0.00349298	0.00320358	0.0042475	0.302323	0.00741785	0.0852904	0.0256575	0.00637253	0.0017691	0.00580935	0.00263882	0.0285381	0.382205	0.0603034	0.00125761	0.0029465
127	0.0298975	0.528547	0.00431952	0.0061027	0.00477211	0.00511205	0.00516832	0.0050002	0.00718253	0.00627552	0.0052621	0.00551076	0.00166801	0.00568056	0.00312734	0.335811	0.0296362	0.00573653	0.00113255	0.00405762
128	0.189186	0.0229758	0.00219849	0.0613662	0.00191456	0.0280721	0.00421796	0.0113726	0.343757	0.0179242	0.0134476	0.00346544	0.00117947	0.0346363	0.0233803	0.082456	0.018971	0.136699	0.000660524	0.00211928
129	0.107124	0.00428453	0.06707	0.313384	0.0108802	0.00797723	0.00968194	0.00694424	0.221127	0.0055545	0.00250002	0.0192098	0.0005198	0.0787539	0.0301391	0.0470638	0.0465461	0.0201512	0.000282594	0.000805835
130	0.0264917	0.0146454	0.00379052	0.00557647	0.341424	0.00276828	0.0176185	0.00940326	0.0188674	0.102431	0.0389487	0.0103438	0.00104473	0.0104595	0.0369389	0.00772364	0.0072849	0.010638	0.00696853	0.326633
131	0.00953107	0.0055921	0.00291978	0.0040997	0.201421	0.00262406	0.00331764	0.00837734	0.00520069	0.510897	0.193613	0.00440902	0.00131082	0.00448618	0.00381177	0.00789622	0.00585659	0.00554343	0.00125117	0.0178416
132	0.139369	0.00167223	0.0147955	0.33821	0.0030172	0.00224786	0.00723312	0.0116173	0.184866	0.0117149	0.00152773	0.0254	0.000645607	0.114561	0.0413786	0.0111023	0.0704993	0.0188283	0.000358233	0.000954818
133	0.0552255	0.00238867	0.00744209	0.101338	0.00345611	0.0194895	0.0457456	0.0402875	0.340041	0.0153418	0.0115496	0.067368	0.0642507	0.0265205	0.123752	0.0429361	0.0146825	0.0129897	0.00134022	0.00385454
134	0.103448	0.00741112	0.00504395	0.00694248	0.0998886	0.00584746	0.00988412	0.0728234	0.0175997	0.268834	0.12793	0.0175852	0.00143401	0.0226508	0.00807015	0.0485217	0.0487106	0.106779	0.00669028	0.0139052
135	0.364777	0.0154402	0.0983233	0.00780748	0.00297918	0.00727344	0.00373644	0.003701	0.0522562	0.00415238	0.00348171	0.0617513	0.0042716	0.0142372	0.00577709	0.287151	0.040765	0.0185831	0.00106782	0.00246663
136	0.0904671	0.00255955	0.00548368	0.131111	0.00416005	0.00535478	0.0116159	0.0154015	0.366715	0.00722785	0.0064484	0.048452	0.144308	0.0338672	0.0483426	0.0430691	0.0144198	0.0156256	0.00141133	0.00395902
137	0.00482868	0.0151418	0.00548195	0.00162061	0.00464951	0.000913853	0.00342564	0.398063	0.00549831	0.276227	0.177569	0.00222378	0.000542026	0.00877806	0.00167443	0.00293859	0.00704866	0.0816151	0.00037209	0.00138737
138	0.00332154	0.000810752	0.291528	0.0298243	0.00103565	0.314848	0.0422683	0.00133176	0.0387742	0.00170913	0.00138067	0.232011	0.00046025	0.0139204	0.00123226	0.0205561	0.00219115	0.00148835	0.000412265	0.000895984
139	0.00666649	0.0177575	0.00480036	0.00177194	0.00665344	0.000916406	0.00309979	0.362072	0.0054522	0.271232	0.190168	0.00237444	0.000595576	0.0105328	0.00173396	0.00331192	0.00921574	0.0986625	0.00076991	0.0022127
140	0.119903	0.00609208	0.00554699	0.00852022	0.117689	0.0427914	0.0476009	0.0441503	0.0103704	0.0726264	0.101573	0.0134094	0.00289824	0.0111236	0.00512985	0.195534	0.119927	0.0130446	0.0532382	0.00883149
141	0.00254506	0.00504411	0.00404549	0.00133417	0.00605802	0.00077329	0.00251533	0.55231	0.00392652	0.260617	0.0514259	0.00299242	0.000404728	0.00278511	0.00280166	0.00227536	0.00420998	0.0918564	0.000417204	0.00166282
142	0.0771235	0.00605948	0.0923623	0.382269	0.00962689	0.0101002	0.0237399	0.0159438	0.107055	0.0170951	0.0102174	0.028167	0.0105772	0.0658682	0.0167794	0.0572005	0.038039	0.0181888	0.00345068	0.0101365
143	0.0142328	0.0170278	0.000957269	0.00117067	0.0169395	0.000629663	0.00104494	0.367697	0.00570405	0.243968	0.0660619	0.00234012	0.000355729	0.00327504	0.0034509	0.00238651	0.0131126	0.230503	0.00220453	0.00693815
144	0.0725679	0.00683489	0.104405	0.331524	0.00999652	0.016075	0.0246748	0.0165358	0.1159	0.0136967	0.0093977	0.0337259	0.0106933	0.0625451	0.0220173	0.0627883	0.0489917	0.0217806	0.00251502	0.0133353
145	0.00236452	0.0038881	0.00315152	0.00148496	0.00602682	0.000934819	0.00209016	0.584513	0.00346129	0.224556	0.0478244	0.00311325	0.000386873	0.00225489	0.00296043	0.00220724	0.00557753	0.101399	0.000261452	0.00154299
146	0.0723957	0.00431489	0.0412656	0.0167296	0.00299073	0.542834	0.0129856	0.00672981	0.0348114	0.0111487	0.00908766	0.0521587	0.0071756	0.0162336	0.00906239	0.122128	0.021225	0.0120223	0.00116344	0.00353669
147	0.0178908	0.00977818	0.00075416	0.00109304	0.00689079	0.000540602	0.000786044	0.371462	0.00347756	0.032786	0.016418	0.00123831	0.000247199	0.00402961	0.00130909	0.00646732	0.0174158	0.502066	0.000386271	0.00496311
148	0.0668874	0.0139727	0.0375675	0.0594759	0.0215241	0.0287127	0.0236612	0.0440785	0.0519695	0.0395859	0.02452	0.0348982	0.0262058	0.033521	0.014509	0.161093	0.236576	0.0547285	0.00594031	0.0205731
149	0.0810116	0.00581594	0.0453079	0.0185607	0.00447196	0.535159	0.0127851	0.00726141	0.0303467	0.0108523	0.0104698	0.0454842	0.00589917	0.0163437	0.00727205	0.118128	0.0273461	0.0129023	0.0010826	0.00349863
150	0.0970898	0.00548377	0.0447322	0.0161551	0.00434625	0.525268	0.0124119	0.00672452	0.0329394	0.0103014	0.0109289	0.0542385	0.00622699	0.0161156	0.00584623	0.114843	0.0209033	0.00993476	0.00163905	0.00387141
151	0.0736138	0.00606726	0.103565	0.342777	0.0140565	0.017542	0.0226669	0.0174401	0.107882	0.0146208	0.00994726	0.0283261	0.0131914	0.0630126	0.0179603	0.0629467	0.0464748	0.0217878	0.00367434	0.0124471
152	0.0836909	0.00565533	0.099223	0.345101	0.0102904	0.0161957	0.026063	0.0143943	0.119161	0.017566	0.0121579	0.0322384	0.017268	0.0612041	0.0161656	0.0504601	0.0370402	0.0221927	0.00229482	0.0116376
153	0.0674498	0.00738186	0.282972	0.152609	0.0124657	0.0577822	0.0206343	0.0175057	0.0656663	0.023534	0.00936141	0.0653334	0.0270884	0.0347142	0.014139	0.0675841	0.0410617	0.0162037	0.00323682	0.0132761
154	0.0886673	0.00600696	0.0491062	0.0214691	0.00639194	0.525425	0.0102337	0.00692922	0.0309086	0.0112733	0.0113996	0.0405724	0.00687433	0.0170443	0.00735466	0.121088	0.0220354	0.0109286	0.00188472	0.0044066
155	0.0139352	0.0108679	0.00157494	0.00161645	0.00862315	0.000752381	0.00119251	0.392211	0.00409464	0.166001	0.0788504	0.00227944	0.000353056	0.00410198	0.0036237	0.00381327	0.0138055	0.286656	0.000799579	0.00484825
156	0.022365	0.00288956	0.292116	0.0989724	0.00277614	0.192229	0.0399347	0.00561817	0.0539411	0.00419363	0.00464821	0.190123	0.0022615	0.0216486	0.00530886	0.0322562	0.0177996	0.00585264	0.00131318	0.00375279
157	0.0132316	0.00137996	0.0597542	0.110268	0.0018321	0.00258734	0.00227791	0.00220901	0.003392	0.0237034	0.00294763	0.0125565	0.00875183	0.0121224	0.00133523	0.325579	0.410551	0.0032725	0.000596545	0.00165243
158	0.00331333	0.000859438	0.291657	0.0299425	0.00103564	0.314537	0.0427027	0.00133563	0.0386872	0.00175679	0.00138508	0.231562	0.000475553	0.0138107	0.00122193	0.0206844	0.0022078	0.00151839	0.000413009	0.000894662
159	0.0606034	0.00938548	0.00233755	0.00289896	0.00586521	0.00171123	0.00240735	0.135946	0.00662401	0.177052	0.0611236	0.00357346	0.000778009	0.0103322	0.0181733	0.00495816	0.0326818	0.440345	0.00128789	0.021915
160	0.128095	0.00200562	0.405966	0.161384	0.00233611	0.0617565	0.00560575	0.00373427	0.0260109	0.0148707	0.00909333	0.0390432	0.0313365	0.0469787	0.00244343	0.0388595	0.00864461	0.00825729	0.00084168	0.00273596
161	0.114026	0.00117978	0.104757	0.0885249	0.00220865	0.0129167	0.0358648	0.00307213	0.32973	0.0777947	0.00328998	0.0191612	0.00124251	0.00730269	0.107955	0.05732	0.00723235	0.0202115	0.000809638	0.00540177
162	0.0395114	0.0139403	0.0121623	0.0171547	0.0664363	0.00598411	0.016499	0.137292	0.0246693	0.337468	0.0883254	0.0225971	0.00216266	0.0177203	0.0125484	0.0242111	0.0338256	0.0895964	0.00794557	0.0299505
163	0.0101245	0.00116922	0.000891541	0.00191278	0.367678	0.000915545	0.024831	0.00317969	0.0257419	0.0281966	0.00929139	0.0086379	0.000484595	0.00900077	0.00788265	0.00336506	0.00265678	0.0123412	0.00899484	0.472704
164	0.0126248	0.00302895	0.0177888	0.0307969	0.00589563	0.020477	0.00582089	0.00551498	0.00644292	0.0107646	0.0125844	0.0313572	0.00334149	0.00951176	0.00233327	0.339908	0.454595	0.0219707	0.000801783	0.00444109
165	0.0290022	0.00473974	0.0206848	0.0350663	0.00440623	0.00470779	0.0580641	0.0066058	0.144103	0.0146347	0.0114652	0.0510338	0.00353844	0.199683	0.136468	0.119167	0.136519	0.0121571	0.00304638	0.00490776
166	0.0600893	0.00905004	0.0342419	0.0289606	0.00321565	0.0131049	0.0153628	0.00900296	0.0300812	0.00473144	0.00567742	0.0128714	0.604739	0.0171679	0.00867504	0.0937695	0.0262577	0.0126558	0.00339002	0.00695561
167	0.0308637	0.00120342	0.0672857	0.627021	0.0018074	0.00154509	0.0270255	0.00208062	0.0570154	0.00223501	0.00185565	0.0133784	0.0117994	0.0792641	0.00169795	0.0650194	0.0038794	0.00261015	0.000829898	0.00158261
168	0.034881	0.00352367	0.359418	0.3251	0.00509794	0.0013434	0.0131936	0.00655414	0.0604196	0.0026698	0.00147277	0.0217756	0.000722698	0.0356047	0.000743722	0.0478189	0.0590492	0.00702324	0.00171858	0.0118688
169	0.0157263	0.00741312	0.000398208	0.00056454	0.00686287	0.000329051	0.000511437	0.394112	0.00256291	0.016514	0.0118474	0.000578567	0.000176732	0.00212408	0.00030742	0.00685139	0.0166363	0.514294	0.000106517	0.00208298
170	0.134846	0.0779379	0.059157	0.00619341	0.136746	0.00336203	0.0226246	0.00539886	0.00838015	0.211673	0.011268	0.0451502	0.00184221	0.0065268	0.00339723	0.0308121	0.00834672	0.00597224	0.0318824	0.188483
171	0.0791371	0.00642896	0.0910373	0.0740348	0.0710213	0.00447953	0.0108308	0.00890434	0.111622	0.115566	0.0387007	0.0494017	0.00432364	0.071693	0.0365311	0.0836551	0.0115613	0.00836467	0.00333847	0.119368
172	0.297944	0.0141224	0.0044569	0.00624325	0.00424718	0.0242956	0.00517899	0.0986987	0.00887766	0.007188	0.00681587	0.00775989	0.00221876	0.00639784	0.0041242	0.0349064	0.0995824	0.361625	0.00149996	0.00381726
173	0.0306802	0.00259969	0.00346186	0.0186579	0.166282	0.00296629	0.212827	0.00632976	0.00913655	0.0147532	0.0136513	0.0598821	0.00151663	0.0504923	0.00427105	0.00855289	0.01964	0.00586647	0.019484	0.348948
174	0.100235	0.00605376	0.0694824	0.320354	0.0121717	0.0072561	0.00893881	0.00607449	0.217325	0.00511576	0.00299156	0.0204363	0.000409228	0.0780087	0.0280908	0.0472366	0.0506146	0.0179592	0.000284445	0.000960524
175	0.137965	0.0016627	0.0141813	0.338728	0.00301836	0.00219098	0.00725969	0.0119385	0.183578	0.0120254	0.00161824	0.0252645	0.000641624	0.116105	0.0414848	0.0111327	0.0706748	0.0192288	0.000376116	0.000925898
176	0.0325103	0.0140207	0.00736382	0.00937188	0.199512	0.0041595	0.0126083	0.0475734	0.0128567	0.383463	0.0947189	0.0140644	0.00182942	0.0108021	0.00962171	0.018149	0.0185831	0.0354845	0.00624994	0.0670579
177	0.04441	0.00209341	0.00304731	0.00441441	0.00315309	0.0666834	0.050768	0.0185746	0.0630045	0.0684289	0.0492851	0.102142	0.001426	0.027162	0.00259878	0.462709	0.0225294	0.00391872	0.000913265	0.00273865
178	0.131151	0.00192866	0.00257241	0.160111	0.00270041	0.00188409	0.00300684	0.00286942	0.385059	0.00291532	0.0032622	0.010686	0.126257	0.0556233	0.00719881	0.0593186	0.0170044	0.0232144	0.000763686	0.00247367
179	0.013883	0.00677479	0.000473208	0.000637496	0.00616869	0.000344494	0.000513478	0.414839	0.00242171	0.0209184	0.0125172	0.000901937	0.00020265	0.00203664	0.000444003	0.0061931	0.0151964	0.493432	0.000119975	0.00198193
180	0.0772248	0.0168841	0.0219901	0.0243306	0.00624758	0.197353	0.0187066	0.00461425	0.0171403	0.00457313	0.00482738	0.0293078	0.029616	0.0503215	0.00351407	0.355596	0.117273	0.0112933	0.00111321	0.00807389
181	0.00574355	0.00123573	0.102714	0.0317491	0.00209635	0.0290368	0.0437766	0.00222948	0.0380191	0.00288295	0.00238235	0.0246054	0.503462	0.00436458	0.00161896	0.150063	0.0366897	0.0148296	0.000592043	0.00190895
182	0.0168123	0.0168872	0.00249076	0.0123241	0.0247386	0.0208306	0.0729703	0.00378423	0.167861	0.0456841	0.0357714	0.330578	0.00112436	0.027613	0.149874	0.0112438	0.0160342	0.00646393	0.000640236	0.0362739
183	0.0190084	0.00337634	0.00429349	0.0190089	0.313754	0.00269382	0.0265017	0.0201913	0.0226754	0.0316687	0.0182347	0.0183062	0.00141476	0.0100073	0.00831407	0.0163293	0.0122931	0.0561832	0.0105312	0.385214
184	0.0727204	0.00858748	0.00777717	0.0101443	0.0144136	0.0189154	0.012491	0.0775172	0.0140245	0.0154849	0.0472303	0.0208763	0.00472352	0.0465526	0.00529142	0.394927	0.203729	0.0127854	0.00411364	0.00769534
185	0.0154472	0.00745832	0.00042301	0.000607568	0.00671508	0.000344407	0.000525171	0.401071	0.0025524	0.0179202	0.0117072	0.000667533	0.000178095	0.0021418	0.000404617	0.00671577	0.0163413	0.506563	0.000118287	0.00209777
186	0.442817	0.0232226	0.0225336	0.0480492	0.00958378	0.0516195	0.0118607	0.017283	0.0457697	0.0231607	0.0125565	0.0216309	0.0266932	0.0213871	0.0124415	0.117321	0.0418831	0.0353087	0.0033825	0.0114959
187	0.581792	0.0177931	0.0145955	0.0158561	0.0041419	0.064863	0.00461262	0.00668604	0.016771	0.00752085	0.00491347	0.0112667	0.0181109	0.0127736	0.00504917	0.163535	0.0314731	0.0123111	0.00135771	0.00457745
188	0.688257	0.014965	0.00103237	0.0010694	0.00159092	0.0611772	0.000775417	0.00210504	0.00132156	0.00418569	0.00181628	0.00278308	0.00341737	0.00706289	0.000640496	0.171851	0.0265748	0.00747492	0.00020026	0.00169911
189	0.0401681	0.013749	0.0149873	0.0233594	0.163877	0.00794758	0.0315947	0.18013	0.0226574	0.110565	0.0387814	0.0361275	0.00434001	0.0182681	0.013259	0.0388472	0.0448462	0.103698	0.0104478	0.0823503
190	0.0859887	0.00587002	0.0555473	0.0232075	0.00608591	0.483292	0.0135437	0.00664711	0.0356995	0.0110999	0.0102046	0.0512563	0.0105356	0.0193515	0.00944529	0.122572	0.025059	0.0163473	0.00285951	0.00538753
191	0.0568351	0.0157186	0.0600292	0.0457074	0.0294425	0.0749308	0.0487367	0.020118	0.0930104	0.0341417	0.0197738	0.232708	0.00988417	0.0318113	0.0391933	0.079297	0.043928	0.0206644	0.00708528	0.0369839
