257	20
1	0.00808825	0.00211836	0.0178548	0.0178426	0.0025273	0.00334589	0.00541954	0.0185357	0.2108	0.202369	0.0929594	0.116108	0.00175482	0.0886536	0.0793222	0.0469756	0.060552	0.00671564	0.00105606	0.0170016
2	0.0177214	0.00589733	0.00184392	0.0022617	0.111553	0.00202885	0.00472396	0.287491	0.00309049	0.330754	0.0866685	0.0031338	0.00079331	0.0175245	0.0028798	0.00458592	0.00512264	0.103368	0.0060998	0.00245833
3	0.0740736	0.00151374	0.0839751	0.311017	0.000529287	0.00774069	0.0161926	0.0151758	0.136786	0.0190708	0.00109207	0.0578141	0.00480127	0.121288	0.0544371	0.032048	0.0314269	0.0218476	0.000163431	0.00900722
4	0.0854723	0.00120043	0.0450276	0.101227	0.000678563	0.0145855	0.0254749	0.00782362	0.241026	0.0146127	0.0110509	0.0757781	0.00322923	0.139167	0.149525	0.0430364	0.0366637	0.00323962	0.000221335	0.000960296
5	0.00339069	0.00082615	0.00653924	0.00172977	0.353883	0.00643316	0.0227938	0.0127709	0.00210836	0.0651076	0.00643201	0.00727813	0.00059778	0.0071096	0.00833189	0.00795736	0.00226507	0.00240236	0.0149328	0.46711
6	0.587502	0.0358394	0.00200184	0.00280158	0.00102751	0.0884168	0.00407742	0.0020404	0.0130426	0.00279409	0.00133159	0.00573774	0.0124871	0.00224349	0.00259227	0.198215	0.0133908	0.0225453	0.000463406	0.0014493
7	0.0776739	0.000679224	0.143873	0.294723	0.00079477	0.0136767	0.0174222	0.00950857	0.124929	0.017003	0.00195454	0.0572909	0.00340986	0.112213	0.0529135	0.0290723	0.0240842	0.0130262	0.000201968	0.00555054
8	0.0371862	0.00577484	0.00230365	0.00751107	0.0049595	0.00306973	0.00230984	0.231251	0.00849648	0.278843	0.0106173	0.00438104	0.00107679	0.00888885	0.0266153	0.00505793	0.140011	0.218906	0.000847985	0.00189253
9	0.0754103	0.0136465	0.00183801	0.00459497	0.0064273	0.00939717	0.00312704	0.247414	0.00472942	0.19896	0.0246229	0.00620283	0.000811349	0.00763493	0.0114118	0.00594486	0.0880683	0.284697	0.00188495	0.00317672
10	0.0577396	0.0138906	0.000623246	0.00090488	0.00547234	0.00743714	0.000669824	0.246457	0.00114966	0.105637	0.0185733	0.00108071	0.000293968	0.0013698	0.00132582	0.0028706	0.0155241	0.518183	0.000232926	0.000564085
11	0.0246316	0.0106991	0.015783	0.0698074	0.00346208	0.0359568	0.0417778	0.00591293	0.264684	0.0220359	0.00194595	0.0345078	0.00112808	0.0393056	0.335182	0.0200374	0.0359999	0.0328564	0.000612359	0.00367417
12	0.0203944	0.00217353	0.00333261	0.0269296	0.0342323	0.00309424	0.00762959	0.18709	0.0897717	0.00840808	0.00358521	0.018546	0.00149654	0.00541159	0.0501189	0.0473135	0.175634	0.288558	0.000923162	0.0253567
13	0.211473	0.0124756	0.0288338	0.0235515	0.00600087	0.410232	0.00913986	0.0113089	0.0241271	0.0160491	0.00589135	0.0423029	0.0232223	0.0173265	0.0140836	0.0839083	0.0283462	0.0189029	0.0039164	0.00890762
14	0.067772	0.0151772	0.000614558	0.000884346	0.00576235	0.0102413	0.000691468	0.238879	0.00104317	0.109769	0.0209639	0.00112981	0.00027923	0.00178961	0.000995052	0.00278435	0.0125211	0.507059	0.000646578	0.000996302
15	0.0751552	0.0175651	0.0512031	0.0124297	0.00299939	0.105718	0.0208624	0.00508612	0.0500228	0.0114231	0.00567941	0.487262	0.0016928	0.0483072	0.0462957	0.0406235	0.00645121	0.00587792	0.000961016	0.00438414
16	0.0140649	0.00328313	0.000511905	0.000661708	0.0102235	0.00154624	0.000430986	0.394734	0.000823746	0.197375	0.0226035	0.000725322	0.000208674	0.00167998	0.000690797	0.00155595	0.00776661	0.337869	0.000118258	0.00312664
17	0.0775058	0.0014893	0.0371945	0.10372	0.00150324	0.00879329	0.017655	0.008328	0.216234	0.0152392	0.00885558	0.0593716	0.00874566	0.216361	0.133679	0.0385048	0.037632	0.00755291	0.000436198	0.00119887
18	0.0490483	0.00099609	0.0976735	0.224012	0.00114069	0.0189866	0.0169943	0.00223162	0.199454	0.0029328	0.00162463	0.0129625	0.251663	0.0300905	0.025624	0.0269471	0.0247341	0.00302751	0.000295383	0.0095613
19	0.0103083	0.000400433	0.147437	0.0445309	0.000462345	0.47152	0.00751061	0.00086518	0.0549894	0.00277745	0.00284293	0.178841	0.00267471	0.0209827	0.0260032	0.00840788	0.0134938	0.000991217	0.000217198	0.0047441
20	0.0839118	0.000947549	0.199712	0.20485	0.0036795	0.0339215	0.02577	0.00484126	0.118615	0.010103	0.00485577	0.0852642	0.00457421	0.099473	0.0451133	0.0490004	0.0149637	0.0062267	0.000378697	0.00379846
21	0.0470065	0.0180449	0.0692517	0.0582708	0.00718438	0.0301269	0.0365764	0.102384	0.0909309	0.04754	0.0301697	0.0271802	0.054244	0.0506986	0.0384727	0.0322201	0.116743	0.0742757	0.0160113	0.0526677
22	0.0431905	0.0119474	0.000703478	0.000909454	0.0072733	0.0057113	0.00059139	0.248705	0.00103721	0.119937	0.020936	0.00103831	0.000264188	0.00125169	0.000934979	0.00320234	0.00986095	0.52138	0.000179114	0.000945807
23	0.0491742	0.00295767	0.00290398	0.0263785	0.0493015	0.00579031	0.00802935	0.212908	0.0354061	0.251911	0.0228626	0.0122515	0.0062092	0.020359	0.0390545	0.0146346	0.00777374	0.192388	0.0109016	0.0288049
24	0.00587633	0.000402968	0.000474225	0.000598755	0.0115399	0.000518083	0.00042768	0.452083	0.000794984	0.209232	0.0246707	0.000705785	0.000194823	0.00208163	0.00066661	0.00107605	0.00710695	0.277663	0.00012554	0.00376131
25	0.0546832	0.00229302	0.0177602	0.0201348	0.0032727	0.019266	0.019065	0.00545331	0.0203855	0.0212064	0.0485352	0.212459	0.00187314	0.0775673	0.154137	0.123937	0.131156	0.00672833	0.00107516	0.0590116
26	0.0471766	0.00105305	0.122501	0.24685	0.00138427	0.0203491	0.0192683	0.00273027	0.146221	0.00305459	0.00139417	0.0149835	0.248445	0.0285949	0.0277172	0.0278584	0.0221448	0.00296196	0.000349274	0.0149621
27	0.00568733	0.00223088	0.00239652	0.00301259	0.310267	0.00238906	0.00935982	0.00357512	0.0118043	0.535378	0.0516244	0.00337442	0.00120188	0.0052789	0.00349162	0.00475703	0.00467843	0.0122752	0.00309802	0.02412
28	0.30556	0.0100259	0.00156637	0.00174915	0.00105586	0.00139173	0.00537174	0.0378165	0.00469062	0.0175703	0.0220378	0.00229853	0.000732654	0.0114464	0.00240214	0.0304639	0.199695	0.342265	0.000536507	0.00132365
29	0.0291895	0.00762596	0.100273	0.079566	0.0324474	0.0212695	0.117846	0.0252037	0.11597	0.0298931	0.00930022	0.0609215	0.00148981	0.052221	0.142195	0.030718	0.0440047	0.0443784	0.000625564	0.0548622
30	0.116787	0.00149983	0.0132461	0.0436738	0.0144961	0.00234305	0.020899	0.0825503	0.0919472	0.323363	0.0545838	0.00417553	0.00157557	0.0298997	0.0776692	0.0367613	0.0122275	0.0486402	0.00143457	0.0222274
31	0.00565723	0.000355352	0.00047523	0.000601201	0.0115888	0.000499801	0.000430024	0.452562	0.000791953	0.210199	0.0246557	0.000696815	0.000193481	0.00205074	0.000664613	0.0010695	0.00711737	0.276494	0.000121239	0.00377621
32	0.305421	0.0100076	0.00154419	0.00175064	0.00105605	0.00139176	0.00535999	0.0378674	0.00469046	0.0175872	0.0220597	0.00227439	0.000732648	0.0114504	0.00240654	0.0304877	0.199713	0.34232	0.000536507	0.00134285
33	0.164967	0.0133495	0.0234603	0.252166	0.00253167	0.00476183	0.034548	0.0211892	0.157566	0.0235868	0.00257236	0.0317182	0.00345884	0.0812463	0.018891	0.0538914	0.0556144	0.0370546	0.000681335	0.0167447
34	0.552535	0.0591658	0.00280662	0.00416325	0.00271316	0.0874325	0.00597654	0.00609926	0.0164001	0.00665778	0.00364437	0.0110448	0.0103031	0.00374547	0.00446999	0.178798	0.014517	0.0252676	0.000778478	0.0034808
35	0.00338259	0.000831103	0.00652885	0.00173623	0.354114	0.00643682	0.0227219	0.012769	0.00211589	0.065562	0.0064244	0.00728125	0.000597479	0.00709171	0.00833154	0.00795425	0.00225925	0.00241633	0.0149589	0.466487
36	0.0923202	0.000572417	0.0513028	0.11363	0.000515319	0.0123153	0.0261309	0.00898634	0.23164	0.0127153	0.0125035	0.0726103	0.00321206	0.143849	0.133895	0.044031	0.0368008	0.00203065	0.000170947	0.000767668
37	0.450762	0.0178734	0.00416241	0.0327762	0.0166711	0.00391975	0.049826	0.0204776	0.064359	0.0901486	0.00384746	0.00629102	0.00247612	0.00466981	0.0347053	0.0220533	0.0347539	0.121695	0.00104457	0.0174876
38	0.0287058	0.00253745	0.0704628	0.0303163	0.00392725	0.60908	0.00728557	0.00796354	0.0348284	0.0123219	0.00449939	0.0942721	0.00613732	0.0193246	0.0160797	0.019438	0.0164759	0.0090245	0.00101276	0.0063071
39	0.498319	0.0284897	0.0127888	0.016397	0.00520389	0.10579	0.0062872	0.00904318	0.0239671	0.0134083	0.00474628	0.0161176	0.0301583	0.0100769	0.0080317	0.160195	0.0179966	0.0246417	0.00215326	0.00618763
40	0.12978	0.00239648	0.00439326	0.0802353	0.0215935	0.0744471	0.0189102	0.00571098	0.165823	0.0369352	0.00341115	0.0509565	0.0180874	0.00418273	0.0877915	0.245277	0.0217693	0.00631805	0.000875329	0.0211056
41	0.0268818	0.00606909	0.140965	0.0866836	0.0494757	0.0106251	0.129252	0.0402879	0.0678848	0.0389339	0.0145355	0.0642417	0.00143719	0.0620716	0.0387928	0.0409733	0.0479111	0.0554593	0.000683184	0.0768348
42	0.0226504	0.00481731	0.00366802	0.0415771	0.0296804	0.00295253	0.00671643	0.215175	0.0130527	0.062628	0.016433	0.0141703	0.00177663	0.00574444	0.0122704	0.0160726	0.0830262	0.436016	0.00124118	0.0103322
43	0.0324529	0.00524368	0.126846	0.0829207	0.0439657	0.00905713	0.0887032	0.0591224	0.0642963	0.0473781	0.0200589	0.0452686	0.00708415	0.0625484	0.0418563	0.0507587	0.074021	0.0665958	0.00185711	0.069965
44	0.0907742	0.000515418	0.167256	0.207125	0.00185792	0.0355054	0.0229653	0.00463554	0.133018	0.00785721	0.00595058	0.0973138	0.00145627	0.09352	0.0581296	0.0516403	0.0139177	0.00436884	0.000229019	0.00196328
45	0.0154916	0.00221447	0.0982707	0.0282782	0.00157331	0.365502	0.00772069	0.00323264	0.127372	0.0135485	0.00331856	0.22423	0.00242475	0.0295101	0.0367997	0.00987731	0.0116669	0.00430298	0.00058592	0.0140791
46	0.255547	0.00378656	0.00703239	0.00777212	0.00592829	0.195622	0.00691898	0.00941672	0.0103736	0.0368271	0.00649726	0.00903905	0.0339372	0.00813379	0.00908551	0.0495377	0.139823	0.0897274	0.0596222	0.0553724
47	0.475579	0.0809892	0.00506205	0.00652643	0.00328518	0.0619941	0.0205096	0.0059613	0.0555878	0.00878818	0.00383837	0.020822	0.00777845	0.00561955	0.00818321	0.157574	0.0121258	0.0550175	0.000997977	0.00376082
48	0.0180392	0.00387174	0.00745465	0.00865415	0.0674289	0.00736073	0.0383573	0.0397614	0.045547	0.132434	0.0383983	0.0385105	0.00305434	0.00873904	0.263769	0.0150288	0.0667298	0.132046	0.00219156	0.0626231
49	0.013281	0.00301803	0.00130651	0.00158268	0.0646604	0.00130575	0.00428578	0.40689	0.00189947	0.249317	0.097882	0.00159466	0.000500285	0.00959962	0.00165656	0.00270952	0.00477253	0.128656	0.0025301	0.0025525
50	0.125958	0.00456346	0.00562078	0.00681095	0.102738	0.0490301	0.0487487	0.0079629	0.0128753	0.0102725	0.0225804	0.0481184	0.00238137	0.00717863	0.0733723	0.199575	0.158422	0.0548025	0.0199298	0.0390601
51	0.00565723	0.000355352	0.00047523	0.000601201	0.0115888	0.000499801	0.000430024	0.452562	0.000791953	0.210199	0.0246557	0.000696815	0.000193481	0.00205074	0.000664613	0.0010695	0.00711737	0.276494	0.000121239	0.00377621
52	0.137441	0.00465494	0.103114	0.177775	0.00286349	0.0406805	0.00551637	0.0129159	0.015457	0.0239652	0.00245953	0.0212688	0.0430059	0.0643703	0.0240245	0.166123	0.110669	0.0330355	0.000637633	0.0100234
53	0.0121529	0.00107569	0.683257	0.0393841	0.00701856	0.00688177	0.00721303	0.00864946	0.00234533	0.00259564	0.00148964	0.157839	0.00704301	0.00294724	0.00213016	0.0401963	0.00255084	0.00234632	0.000420085	0.0124641
54	0.178591	0.00677296	0.0103008	0.0105073	0.0364381	0.0301616	0.0118418	0.015134	0.0178485	0.0546024	0.00654466	0.0129408	0.398428	0.0100305	0.0586322	0.080896	0.02982	0.0194135	0.00406346	0.00703221
55	0.1013	0.00206275	0.302277	0.106639	0.00212895	0.0453286	0.00310388	0.00365712	0.050389	0.0564176	0.0191359	0.147932	0.00133202	0.0144864	0.00800162	0.0672342	0.0277733	0.027695	0.000541645	0.0125633
56	0.312837	0.00419557	0.0458149	0.0368764	0.00487343	0.0729741	0.00683191	0.0523536	0.0364962	0.22664	0.0323966	0.0876964	0.00543666	0.00950874	0.00904343	0.0148314	0.0153661	0.0184322	0.00167446	0.00572167
57	0.00603212	0.00178843	0.00264035	0.00284033	0.24934	0.00264689	0.012829	0.00580603	0.00949021	0.533263	0.110515	0.00350314	0.00125993	0.00775994	0.00354232	0.00474832	0.00464459	0.00944779	0.000621723	0.0272803
58	0.262812	0.00264408	0.0944825	0.033175	0.00259171	0.00355241	0.00356106	0.00545416	0.217093	0.00751811	0.00346102	0.0590167	0.00173295	0.0486138	0.0211831	0.156375	0.0366791	0.0360653	0.00102046	0.00296865
59	0.010952	0.000458044	0.147769	0.0454608	0.000491087	0.471941	0.00742564	0.000899269	0.0542311	0.00281315	0.00287725	0.177034	0.00293555	0.0209235	0.0256132	0.00828942	0.0138571	0.00105851	0.000228594	0.0047416
60	0.00844695	0.0060928	0.00130363	0.0604233	0.00178586	0.00113123	0.00165435	0.398431	0.0230782	0.0871399	0.0109947	0.00175336	0.00576547	0.0127832	0.00848615	0.00762317	0.0153738	0.322346	0.000356818	0.0250292
61	0.0719511	0.00266242	0.405603	0.0881196	0.00355368	0.00423342	0.00526312	0.022057	0.00659285	0.00719811	0.0042252	0.102708	0.180714	0.00600975	0.00613053	0.0630371	0.0074247	0.00662541	0.000837951	0.0050534
62	0.195982	0.00434123	0.0058459	0.00168771	0.00838124	0.0381298	0.0058513	0.00675428	0.00700196	0.0128881	0.00106882	0.00646617	0.507283	0.0063171	0.026419	0.120501	0.0298943	0.0101166	0.00396411	0.00110669
63	0.190824	0.0506801	0.00622952	0.00736355	0.00476719	0.00453265	0.00564627	0.013027	0.0669042	0.0115063	0.00992527	0.0890556	0.0697637	0.117492	0.102993	0.0871544	0.105275	0.0507821	0.00131274	0.00476472
64	0.0415025	0.0191445	0.0134548	0.0186364	0.155751	0.016245	0.0131292	0.0335112	0.0233121	0.0836157	0.0212582	0.016703	0.0103423	0.0147993	0.0226742	0.0308524	0.0340886	0.0364143	0.36573	0.0288351
65	0.0171075	0.417137	0.00876188	0.00323295	0.00245071	0.00265514	0.00274748	0.0163402	0.00430903	0.0660519	0.00267425	0.101129	0.00108804	0.0032575	0.0042936	0.181477	0.135731	0.0262956	0.000793352	0.00246675
66	0.0582737	0.0144173	0.000583755	0.000801821	0.00566472	0.00788159	0.000629246	0.246741	0.000956951	0.105917	0.0195515	0.00107155	0.00026405	0.00133115	0.000880113	0.00283151	0.0127664	0.51853	0.000280246	0.000626347
67	0.0703507	0.0153708	0.000646274	0.000918822	0.00594363	0.0106884	0.000746434	0.23677	0.00107034	0.109667	0.0213921	0.00122187	0.000291948	0.00197456	0.00104221	0.0028357	0.0129439	0.504256	0.000737615	0.0011319
68	0.597607	0.0361047	0.00116189	0.00147311	0.000843837	0.0874552	0.00353206	0.00154933	0.0121781	0.00230538	0.00119029	0.00410996	0.0124514	0.00167833	0.00197002	0.20064	0.0114172	0.0208286	0.000343728	0.00115924
69	0.321735	0.0443637	0.0049031	0.00681553	0.093742	0.0297076	0.00513685	0.0918923	0.00859122	0.0366829	0.0735962	0.00760754	0.00269055	0.00794706	0.00805471	0.0304998	0.0280878	0.0999701	0.00309631	0.0948796
70	0.206742	0.0050574	0.00558724	0.00163694	0.00781966	0.0363252	0.00554771	0.00633392	0.0065752	0.012086	0.00105927	0.00599192	0.507105	0.0061576	0.0246181	0.116562	0.0287748	0.0109658	0.00396838	0.00108495
71	0.0715889	0.0150967	0.0437314	0.00297195	0.00195487	0.13617	0.0300664	0.0153315	0.00433358	0.00408239	0.00232723	0.0911761	0.00107691	0.00286347	0.00310267	0.370983	0.178634	0.0218596	0.000768039	0.00188175
72	0.293797	0.000977999	0.0527772	0.138524	0.00126333	0.138924	0.00845357	0.0219072	0.135515	0.0281639	0.00166267	0.0025273	0.00942229	0.0498635	0.0241254	0.0703069	0.0101601	0.00956464	0.000478321	0.00158525
73	0.03962	0.0179257	0.0138332	0.0169466	0.178834	0.0163317	0.0114117	0.0272162	0.0227442	0.0803043	0.0185365	0.0148095	0.00616678	0.0138824	0.018961	0.0253813	0.030388	0.0272667	0.382796	0.0366436
74	0.579028	0.0341142	0.00219555	0.00192914	0.00168618	0.0806631	0.00440768	0.00251298	0.0134304	0.00384009	0.00214646	0.0070979	0.0120273	0.00266408	0.00300797	0.205338	0.013473	0.0280285	0.000373946	0.00203509
75	0.09168	0.000449347	0.0495137	0.10745	0.000506336	0.0128279	0.0265184	0.00840878	0.234621	0.012437	0.012478	0.0742698	0.00322379	0.144764	0.136284	0.0455299	0.0369985	0.00136461	0.000162177	0.000513301
76	0.120837	0.00179889	0.0113465	0.0405483	0.0114402	0.00285741	0.0232973	0.0726608	0.0899098	0.298577	0.0538934	0.00460748	0.00167689	0.0384914	0.0791684	0.0489613	0.01832	0.0634122	0.00125715	0.0169386
77	0.0343015	0.0121926	0.000631595	0.00104513	0.00906424	0.00451201	0.000690808	0.253773	0.00100851	0.107628	0.0228451	0.00110283	0.000303985	0.00163126	0.000857801	0.00360244	0.00955329	0.533907	0.000324137	0.00102404
78	0.00339069	0.00082615	0.00653924	0.00172977	0.353883	0.00643316	0.0227938	0.0127709	0.00210836	0.0651076	0.00643201	0.00727813	0.00059778	0.0071096	0.00833189	0.00795736	0.00226507	0.00240236	0.0149328	0.46711
79	0.204462	0.0308292	0.0473254	0.0360495	0.00330314	0.00322014	0.018216	0.00524541	0.309067	0.0521519	0.0443091	0.00585428	0.00201543	0.0490882	0.117308	0.0233242	0.0228966	0.021059	0.00104406	0.00323094
80	0.0119731	0.00299075	0.00363745	0.00396907	0.174448	0.00306473	0.00889836	0.0483699	0.00745619	0.395198	0.249785	0.00459617	0.0017216	0.0180441	0.00489927	0.00630848	0.0122849	0.026149	0.00185387	0.0143522
81	0.0328854	0.0216167	0.00367711	0.00441944	0.150763	0.00679868	0.00488583	0.122328	0.00594362	0.187606	0.0555904	0.00540995	0.00191082	0.010601	0.0046778	0.00765371	0.00745019	0.0558394	0.300182	0.00976124
82	0.0245615	0.00553507	0.318289	0.290817	0.00467162	0.00455793	0.001781	0.0112141	0.0513027	0.00797566	0.0011547	0.143537	0.00178993	0.0364243	0.0305901	0.024982	0.0192575	0.00948034	0.000376049	0.0117027
83	0.255363	0.00531164	0.0795479	0.145567	0.00166512	0.0252592	0.00645608	0.021726	0.0304368	0.0470327	0.00203139	0.0283531	0.0194378	0.0549087	0.0199404	0.077326	0.119463	0.042624	0.000515038	0.0170351
84	0.0128817	0.00264967	0.000691853	0.00752896	0.0174128	0.00175999	0.000990038	0.414721	0.00386424	0.190633	0.0296909	0.0017498	0.00111936	0.00684131	0.00233148	0.00268523	0.00990249	0.285308	0.00103647	0.00620109
85	0.00650703	0.00221286	0.00300303	0.00302145	0.274277	0.00252938	0.00797621	0.019346	0.0137178	0.549661	0.047884	0.00355623	0.00120232	0.00565659	0.00374966	0.00537215	0.00505812	0.0216321	0.00308498	0.0205524
86	0.0121472	0.00104554	0.683352	0.0394308	0.00699982	0.00686284	0.00721024	0.00863733	0.0023427	0.00259453	0.00146362	0.157939	0.00708666	0.0029581	0.00209804	0.0401183	0.00255314	0.00233487	0.000420085	0.0124054
87	0.218857	0.00423105	0.00548716	0.00237064	0.00706068	0.0540614	0.00510661	0.00661876	0.0067351	0.0144854	0.00177218	0.00607109	0.446654	0.00607111	0.0214687	0.101756	0.046881	0.0223871	0.0142962	0.00762928
88	0.00843141	0.0060638	0.00131064	0.0601642	0.00180027	0.00113796	0.00166537	0.398689	0.0231679	0.087346	0.011034	0.00173387	0.00578237	0.0127928	0.00856904	0.0075577	0.015255	0.321988	0.000376483	0.0251343
89	0.294511	0.000983381	0.0523366	0.138534	0.00127329	0.138383	0.0085694	0.0221473	0.135408	0.0283075	0.00170892	0.00245598	0.00933231	0.0505896	0.0239103	0.069758	0.0103724	0.00941361	0.000463888	0.00154167
90	0.197543	0.00157868	0.234076	0.0826626	0.00199342	0.0359632	0.0040903	0.00569417	0.0480262	0.0522082	0.0118319	0.147646	0.00158984	0.0223507	0.008556	0.0631995	0.0388191	0.0323454	0.00058186	0.00924446
91	0.0260274	0.0108228	0.00971091	0.00730832	0.214807	0.0140782	0.0146477	0.0260167	0.0111759	0.0953871	0.0176574	0.0112203	0.00384644	0.00979632	0.0107209	0.0138452	0.017314	0.0196728	0.273193	0.192751
92	0.0756136	0.0013741	0.0834773	0.297859	0.000490371	0.00852587	0.0177203	0.0145228	0.143643	0.0185201	0.00187218	0.0592206	0.00439796	0.11999	0.0615416	0.0314554	0.0314515	0.020392	0.00015173	0.00777978
93	0.0779585	0.00180744	0.0818358	0.307579	0.000558684	0.00737771	0.0168966	0.0158668	0.135707	0.0187557	0.00118426	0.0597926	0.00452172	0.122089	0.0511667	0.0333958	0.0332608	0.021515	0.000187745	0.00854284
94	0.0318809	0.0074824	0.0202205	0.0300821	0.03654	0.00882295	0.30731	0.0352811	0.124553	0.0769525	0.0180795	0.0201747	0.00347392	0.0340889	0.144009	0.0230917	0.0223252	0.0364595	0.00257153	0.0166005
95	0.0281989	0.00243996	0.0814178	0.021713	0.00717416	0.0467502	0.0188906	0.176108	0.0419731	0.157455	0.0404358	0.151984	0.00347445	0.0329063	0.033275	0.0284856	0.0434811	0.0790316	0.00150548	0.00329953
96	0.0135056	0.00519911	0.00133088	0.00251485	0.0972297	0.00175429	0.00281649	0.286689	0.00327772	0.337865	0.0576951	0.00233954	0.000691487	0.00938187	0.00268676	0.00393911	0.00525103	0.157518	0.0052809	0.00303229
97	0.00838224	0.00213308	0.0042208	0.0319143	0.0089714	0.00332729	0.509027	0.0567454	0.0848031	0.0264544	0.00312882	0.00503209	0.00168058	0.046183	0.158748	0.00645357	0.00668794	0.0327185	0.000754429	0.00263419
98	0.00339988	0.000833793	0.0065108	0.00173661	0.354182	0.00643106	0.0227558	0.0127563	0.00211308	0.0653702	0.00640556	0.00727871	0.000594405	0.00710769	0.00833006	0.00794112	0.00226451	0.00243671	0.0149349	0.466617
99	0.0133486	0.00150607	0.011646	0.134919	0.00492032	0.00503304	0.024513	0.0257386	0.144596	0.016883	0.0245284	0.00230138	0.000634673	0.0316152	0.121235	0.0708904	0.239888	0.0813533	0.0300065	0.0144436
100	0.0721027	0.0152432	0.0436515	0.00298454	0.00195134	0.135864	0.0300579	0.015196	0.00447199	0.00414149	0.00233792	0.0913521	0.0010803	0.00286176	0.0031038	0.371447	0.177719	0.0217479	0.000781782	0.0019037
101	0.0919064	0.00126532	0.0862748	0.21395	0.00218102	0.0608994	0.01419	0.00658704	0.160724	0.00919997	0.00201719	0.0108599	0.192899	0.0284513	0.0306532	0.0546743	0.0197345	0.00457459	0.000414748	0.00854319
102	0.0575687	0.0239704	0.0212268	0.0306611	0.0170464	0.0268279	0.0167668	0.0963083	0.0359629	0.0374843	0.0213464	0.0368788	0.0076811	0.0171413	0.026455	0.179959	0.267302	0.0649195	0.00345978	0.0110337
103	0.0126546	0.000968812	0.665964	0.0397641	0.00700403	0.00663451	0.00945471	0.00826778	0.00371507	0.00273656	0.0017075	0.163507	0.00732174	0.00460444	0.00309563	0.0437149	0.00431137	0.00232184	0.000420608	0.0118305
104	0.0153481	0.0072348	0.00136123	0.00163026	0.134458	0.00139741	0.00396687	0.255073	0.00235872	0.368722	0.08076	0.00184995	0.00062952	0.0122607	0.00179714	0.00411444	0.00325613	0.0954748	0.00707798	0.00122923
105	0.0125709	0.00153926	0.0114317	0.130829	0.0045997	0.0047984	0.0223628	0.0287804	0.138107	0.0174063	0.0274627	0.00260081	0.000736659	0.0305748	0.115971	0.0647233	0.257151	0.0847912	0.0286322	0.0149314
106	0.0339535	0.0127484	0.000663768	0.00134452	0.00781709	0.00451561	0.000760048	0.253638	0.00106715	0.0863901	0.0188431	0.00109035	0.000340038	0.00119742	0.000910258	0.00405029	0.00947828	0.560206	0.000143461	0.000842826
107	0.0178901	0.0013002	0.110192	0.0444878	0.00160677	0.508663	0.00661951	0.00254794	0.0697059	0.00661041	0.00340769	0.121808	0.00269689	0.0257234	0.0271651	0.0081143	0.018528	0.00378537	0.000422498	0.0187244
108	0.0145455	0.00234111	0.00390952	0.0039028	0.144476	0.00324815	0.00763345	0.0294831	0.00681837	0.333937	0.354875	0.00544871	0.00165141	0.0127685	0.00519076	0.00731395	0.0216111	0.0273091	0.00108062	0.0124564
109	0.384764	0.00516781	0.0415749	0.0148254	0.00667087	0.0114542	0.00847694	0.0738141	0.0153249	0.087308	0.00903396	0.0484721	0.0790814	0.0111306	0.0122515	0.0191309	0.0532078	0.108028	0.00232947	0.00795276
110	0.0437745	0.0011641	0.115786	0.294205	0.00135584	0.0164561	0.0144474	0.00306464	0.173068	0.00351061	0.00164443	0.0124858	0.200749	0.0293392	0.0261179	0.0264915	0.0222626	0.00429989	0.000381107	0.00939557
111	0.0103083	0.000400433	0.147437	0.0445309	0.000462345	0.47152	0.00751061	0.00086518	0.0549894	0.00277745	0.00284293	0.178841	0.00267471	0.0209827	0.0260032	0.00840788	0.0134938	0.000991217	0.000217198	0.0047441
112	0.191011	0.00872692	0.0160714	0.0205243	0.0293366	0.0265508	0.123775	0.0192062	0.0285254	0.0260256	0.014158	0.033899	0.00728126	0.0197686	0.0534485	0.177158	0.0438331	0.0320739	0.0055184	0.123109
113	0.0340469	0.00176056	0.00238357	0.0290269	0.0321735	0.00252252	0.0114689	0.255485	0.0445638	0.24088	0.0102308	0.00816244	0.00977536	0.0180275	0.0512297	0.0107875	0.00551175	0.19434	0.0060073	0.0316163
114	0.0149932	0.0183833	0.00472832	0.0050965	0.353803	0.00420278	0.00739697	0.012311	0.00780959	0.090805	0.0100771	0.00621815	0.00191495	0.00585814	0.0071285	0.00880774	0.00768085	0.0183991	0.346678	0.0677077
115	0.0580352	0.00512149	0.00429705	0.00621075	0.0590682	0.00657091	0.00514582	0.199893	0.00681113	0.127934	0.0545923	0.0642684	0.0017684	0.029704	0.00773902	0.0177524	0.0574591	0.277116	0.00424017	0.00627295
116	0.209456	0.00775446	0.00530274	0.00230704	0.00824704	0.0302883	0.00505454	0.00604708	0.00629189	0.014109	0.00152618	0.00569884	0.536388	0.00622972	0.0230385	0.0919602	0.0250348	0.00993337	0.00376558	0.00156662
117	0.0649502	0.0218959	0.113582	0.0506102	0.00992614	0.0909911	0.0208863	0.0186838	0.0573196	0.0264956	0.0142359	0.274647	0.0090031	0.0422238	0.0429387	0.0637312	0.0387414	0.0248927	0.00177859	0.0124667
118	0.0117642	0.00151551	0.00132863	0.00189304	0.0405966	0.00103116	0.00392431	0.458485	0.00201208	0.208153	0.0881746	0.00178296	0.00050945	0.00765937	0.00179843	0.00251248	0.00582487	0.156832	0.00105444	0.00314901
119	0.174633	0.00645474	0.0273577	0.0247254	0.00889893	0.0316207	0.00861843	0.0107834	0.0227403	0.0167977	0.0037736	0.0135691	0.468955	0.0141049	0.0268982	0.0929919	0.0271893	0.0123383	0.00369922	0.00384999
120	0.0723402	0.0277534	0.0227218	0.0124503	0.00833374	0.0586944	0.0182023	0.0249484	0.0231026	0.0155341	0.0102474	0.0479743	0.00374396	0.0100615	0.0148143	0.330489	0.266352	0.0235104	0.002294	0.0064328
121	0.0665265	0.00217956	0.180363	0.280341	0.00313007	0.0137908	0.0142643	0.010604	0.0997222	0.0143839	0.00376006	0.0809176	0.011832	0.0861199	0.0437267	0.0385883	0.02636	0.013662	0.000387197	0.00934076
122	0.0644962	0.00553841	0.117629	0.258758	0.0106049	0.028347	0.0202535	0.0292726	0.100209	0.0243123	0.00937044	0.0536291	0.0312976	0.0574101	0.043114	0.0416633	0.0416615	0.0468879	0.00265794	0.0128874
123	0.0339431	0.01399	0.000710999	0.00614584	0.00639159	0.00452709	0.000709223	0.252839	0.00277007	0.0806297	0.0178117	0.00120214	0.000838176	0.00206378	0.00131698	0.00536077	0.00974382	0.556196	0.000155344	0.0026546
124	0.00339069	0.00082615	0.00653924	0.00172977	0.353883	0.00643316	0.0227938	0.0127709	0.00210836	0.0651076	0.00643201	0.00727813	0.00059778	0.0071096	0.00833189	0.00795736	0.00226507	0.00240236	0.0149328	0.46711
125	0.0591184	0.0666812	0.0155633	0.00640246	0.0038657	0.0362255	0.0118199	0.0335945	0.0209215	0.0159356	0.00500243	0.032579	0.00257247	0.00729258	0.00679943	0.363933	0.291315	0.0147643	0.00146859	0.00414522
126	0.283148	0.0459982	0.0058775	0.00725812	0.00481913	0.00501356	0.00527144	0.00791966	0.0101801	0.128707	0.114544	0.00776087	0.00263379	0.00692445	0.00827706	0.109294	0.161725	0.0777216	0.00143864	0.00548787
127	0.240888	0.00870079	0.00524917	0.00245003	0.00724723	0.0438161	0.00511963	0.00598191	0.0075475	0.0128147	0.00172738	0.00639441	0.468801	0.00588435	0.0216458	0.109409	0.0272482	0.0123372	0.00448037	0.00225724
128	0.034217	0.00396586	0.148246	0.033517	0.0204545	0.00750605	0.178585	0.0195986	0.0932555	0.0684836	0.0401252	0.0642432	0.00225745	0.0828367	0.0361482	0.0542522	0.0241875	0.0260262	0.00104273	0.061051
129	0.0250964	0.0101534	0.0153361	0.0691136	0.00353981	0.0362605	0.0420694	0.00604527	0.266388	0.02169	0.0020264	0.0357277	0.00119631	0.0392252	0.334023	0.0193638	0.0349152	0.0335604	0.000615829	0.00365387
130	0.212389	0.0113319	0.00174945	0.00186165	0.00240536	0.00187497	0.0114304	0.116638	0.00306719	0.0348778	0.0309488	0.00848884	0.000715587	0.00630984	0.00236021	0.0210425	0.187178	0.343507	0.000512611	0.00131079
131	0.0145421	0.00461661	0.320361	0.28872	0.00711703	0.00238939	0.00190827	0.0113904	0.0386817	0.00864493	0.00154349	0.154721	0.00116385	0.0353142	0.0260954	0.0366124	0.0211745	0.00767425	0.000336048	0.0169936
132	0.0349217	0.0024924	0.0712564	0.0331857	0.00510568	0.591046	0.00858359	0.00728943	0.0369184	0.0132256	0.00405488	0.0915767	0.00861792	0.0222401	0.0183756	0.0204054	0.0161502	0.00638736	0.000954581	0.00721307
133	0.00868603	0.00219468	0.00331862	0.00517132	0.0187163	0.00345586	0.0587625	0.091283	0.076464	0.00694529	0.00308644	0.00553922	0.00147956	0.0268118	0.077666	0.00914558	0.19974	0.222684	0.000959909	0.17789
134	0.0550276	0.012775	0.00110023	0.0014793	0.0186656	0.00769792	0.00117825	0.232176	0.00174713	0.150889	0.029326	0.00195427	0.000489427	0.00353434	0.00232757	0.0035228	0.0119182	0.461099	0.00149759	0.0015941
135	0.11635	0.0149544	0.00352957	0.00464857	0.0239022	0.0198605	0.0341531	0.0049157	0.04587	0.00640496	0.00505273	0.00862547	0.00143275	0.0192166	0.159501	0.203191	0.171605	0.115164	0.00283113	0.0387922
136	0.336904	0.00378663	0.00647062	0.00724031	0.00512934	0.00795789	0.00637695	0.00838247	0.00912797	0.0113432	0.00550522	0.153885	0.00276216	0.00696573	0.0083323	0.342658	0.0588051	0.0105534	0.001639	0.00617522
137	0.071885	0.0215526	0.0106227	0.0138041	0.00706139	0.0166547	0.0112748	0.023868	0.0779107	0.0185112	0.0140874	0.0176594	0.00392412	0.0149978	0.0236678	0.273548	0.344477	0.0244226	0.00242443	0.0076458
138	0.033673	0.00499895	0.0123216	0.0157848	0.011214	0.00877883	0.039708	0.0209	0.163489	0.240311	0.153241	0.0213901	0.00365316	0.0235596	0.155949	0.0259815	0.0286482	0.0217015	0.00206156	0.012635
139	0.204138	0.006711	0.00970639	0.00686941	0.00794571	0.0335502	0.0057179	0.00706481	0.00956152	0.0144204	0.0020175	0.00747151	0.509979	0.00732364	0.023872	0.099206	0.0271049	0.0117391	0.00373217	0.0018694
140	0.0321847	0.0054272	0.00613471	0.0126679	0.0813939	0.00467133	0.00723382	0.208026	0.0120859	0.259625	0.0499485	0.01478	0.00241422	0.0138683	0.0136752	0.0366675	0.0242667	0.199989	0.00537036	0.00957006
141	0.0667831	0.00406436	0.00708361	0.00737187	0.0521913	0.00661127	0.0283943	0.0916351	0.00909609	0.0371048	0.0539084	0.0672684	0.0032731	0.00884692	0.0288079	0.218546	0.0157569	0.287154	0.00152729	0.004575
142	0.102508	0.0178429	0.0336424	0.00798881	0.00264846	0.232784	0.0594229	0.00478724	0.0292539	0.0266726	0.0151308	0.226198	0.00153534	0.0898751	0.0282498	0.105396	0.00615749	0.00581039	0.000944614	0.00315212
143	0.0188419	0.00115111	0.0974229	0.0474173	0.00161037	0.556876	0.00839988	0.0024459	0.0442265	0.00585919	0.00273563	0.129933	0.00258383	0.0277886	0.0213635	0.0121624	0.0116203	0.00287774	0.000262064	0.00442126
144	0.106419	0.0316316	0.00548215	0.00774584	0.00489248	0.00554814	0.0067758	0.027494	0.0771092	0.0104922	0.022999	0.0796245	0.0168055	0.104188	0.0723241	0.0893382	0.22806	0.0952543	0.00192825	0.00588809
145	0.0246819	0.00347537	0.00212497	0.00964282	0.00189528	0.00175755	0.00199239	0.239279	0.0108122	0.29855	0.00467423	0.00351217	0.000886925	0.00996151	0.035362	0.00421321	0.168612	0.176165	0.000735322	0.00166676
146	0.0148194	0.00363173	0.000607041	0.00709854	0.00910712	0.00174884	0.000652238	0.408458	0.00304795	0.167029	0.0210294	0.00103366	0.000700961	0.003086	0.00164916	0.00230713	0.0116026	0.337324	0.000165652	0.00490087
147	0.0130483	0.00483861	0.314631	0.298778	0.00652405	0.00176148	0.00142165	0.0118755	0.0394561	0.00877165	0.00138268	0.151268	0.00125936	0.035047	0.0276967	0.0349834	0.0218763	0.00803735	0.000393169	0.0169496
148	0.0105361	0.000418149	0.155784	0.0458209	0.000483466	0.458649	0.00763451	0.000964989	0.0545222	0.00280074	0.00277793	0.182387	0.0025841	0.0214422	0.0261865	0.00815408	0.0130195	0.00104767	0.000216381	0.00457019
149	0.0210403	0.00553956	0.00175981	0.00211234	0.100561	0.00187361	0.00598129	0.358519	0.00251049	0.262191	0.116316	0.00247653	0.000711738	0.0133354	0.00253663	0.00387317	0.00449836	0.0865975	0.00533946	0.00222714
150	0.017119	0.00158833	0.00961504	0.127184	0.0076143	0.00789305	0.0264982	0.0206606	0.144219	0.0142453	0.019634	0.00285063	0.000742382	0.037835	0.13076	0.0828087	0.21854	0.0744145	0.0409781	0.0148005
151	0.0182464	0.00991314	0.00168853	0.00185414	0.153747	0.00190978	0.00404854	0.243075	0.00253858	0.332834	0.087131	0.00253568	0.000728614	0.0119269	0.00213598	0.00452113	0.00366533	0.107187	0.00887685	0.00143533
152	0.0132496	0.00153549	0.012059	0.136566	0.00483256	0.00501011	0.0242533	0.0262083	0.144165	0.0167375	0.0250628	0.00235923	0.000654688	0.0310629	0.12153	0.0686447	0.240665	0.0814589	0.0297011	0.0142443
153	0.0206699	0.00749636	0.0101397	0.00863256	0.342935	0.00951359	0.0179497	0.039569	0.0117594	0.135987	0.0266013	0.0122529	0.00253028	0.0105522	0.0147348	0.0175132	0.0128555	0.0303282	0.0528949	0.215085
154	0.0420893	0.00375336	0.0319436	0.262724	0.00351864	0.00310601	0.00608561	0.0250199	0.268516	0.0258184	0.00179087	0.0181261	0.00756736	0.0887853	0.0837443	0.0276132	0.0354996	0.0595377	0.0005561	0.00420443
155	0.0822377	0.00155575	0.304637	0.160604	0.00204262	0.0446979	0.0104968	0.00274904	0.0797962	0.00869442	0.00329276	0.167568	0.00114757	0.045645	0.030444	0.0376516	0.00859614	0.00571706	0.000326804	0.00210017
156	0.0407028	0.00457325	0.0676677	0.0305466	0.00438061	0.578972	0.0107004	0.00677002	0.0354341	0.0122146	0.00430541	0.0954651	0.00693795	0.0227106	0.0193561	0.0260622	0.016781	0.00756466	0.00167329	0.00718125
157	0.0163134	0.00426582	0.00951518	0.118244	0.0142013	0.00748604	0.00926771	0.0100372	0.388433	0.0137487	0.00271351	0.00980429	0.00273518	0.0682791	0.221983	0.0132075	0.0169582	0.0695809	0.000821418	0.00240525
158	0.0471739	0.0126056	0.000673309	0.00198206	0.00652847	0.00580822	0.000783356	0.276186	0.0015596	0.0912608	0.0176066	0.00125973	0.00042884	0.00154417	0.0010123	0.00339726	0.0105305	0.518436	0.000213058	0.00101044
159	0.010166	0.00234345	0.00244379	0.0683107	0.0210171	0.00184296	0.00769578	0.191975	0.0163841	0.0181115	0.00443912	0.014601	0.00111267	0.0026372	0.0161614	0.0200079	0.117543	0.472663	0.000634055	0.00990976
160	0.106099	0.000675325	0.251217	0.236762	0.00406585	0.0351317	0.0147175	0.00176063	0.0832413	0.00371416	0.00282797	0.106765	0.000779698	0.052742	0.0267097	0.0647604	0.00394382	0.00267521	0.000271078	0.00114027
161	0.0531745	0.00319887	0.0514678	0.0706032	0.00527525	0.508826	0.0104092	0.0125185	0.0453793	0.0367238	0.00596417	0.0520187	0.0066944	0.0476143	0.019518	0.0254039	0.0214829	0.0122815	0.00226775	0.00917829
162	0.0733241	0.00148013	0.0825803	0.313348	0.000563787	0.00771558	0.0161861	0.0148972	0.135946	0.0193821	0.00109089	0.0574692	0.00464601	0.12155	0.0550894	0.0314924	0.0309785	0.0219625	0.000160308	0.0101385
163	0.0837646	0.00159143	0.331944	0.283028	0.00260852	0.0189753	0.00680689	0.00385058	0.0708557	0.00845873	0.00147074	0.073249	0.00210963	0.0461874	0.0183232	0.0269308	0.0125928	0.00484169	0.000393807	0.00201699
164	0.186285	0.00851933	0.00220215	0.00190972	0.00322105	0.00191541	0.015864	0.136732	0.00297956	0.0400415	0.0344753	0.0120481	0.000808598	0.00597658	0.00263646	0.0210422	0.179936	0.341638	0.00040932	0.00135993
165	0.0196789	0.00811905	0.00195141	0.00256556	0.130968	0.00342852	0.00406611	0.242165	0.00319661	0.348017	0.0846413	0.00329947	0.000821768	0.0133406	0.0028881	0.00530141	0.00496531	0.107501	0.0102205	0.00286375
166	0.0889392	0.000667469	0.0479619	0.107259	0.000530662	0.0127453	0.0252358	0.00814456	0.237034	0.0137001	0.0117616	0.0739462	0.00344418	0.144788	0.138938	0.0445964	0.037462	0.00210728	0.000179658	0.000557957
167	0.09168	0.000449347	0.0495137	0.10745	0.000506336	0.0128279	0.0265184	0.00840878	0.234621	0.012437	0.012478	0.0742698	0.00322379	0.144764	0.136284	0.0455299	0.0369985	0.00136461	0.000162177	0.000513301
168	0.0198548	0.0059331	0.00187946	0.00203851	0.110458	0.00174804	0.00669359	0.328589	0.00236587	0.283688	0.118067	0.00235264	0.000829199	0.0151907	0.00212464	0.00400342	0.00402905	0.0826179	0.00582049	0.00171654
169	0.00538351	0.000446849	0.000532466	0.000764977	0.0183251	0.000491054	0.000624334	0.439089	0.000912774	0.236369	0.0290965	0.000755645	0.000229923	0.00258604	0.000748099	0.00128392	0.00858987	0.2493	0.000244979	0.0042253
170	0.120724	0.000853738	0.235872	0.236785	0.0065495	0.0286148	0.01248	0.0023873	0.0781495	0.00348289	0.00281912	0.106509	0.00126241	0.0493104	0.0249984	0.0792689	0.00403535	0.00401025	0.000469783	0.00141731
171	0.0451349	0.00245463	0.0298054	0.0292671	0.031646	0.0210173	0.0196697	0.147652	0.0126808	0.0905737	0.0717772	0.0534549	0.00344704	0.0103151	0.023126	0.096964	0.235713	0.0677708	0.00139821	0.00613283
172	0.0448083	0.0030468	0.34731	0.0936113	0.00804284	0.0265164	0.0261632	0.00697379	0.0454625	0.011493	0.00670228	0.171031	0.0106748	0.0474027	0.0244287	0.0839707	0.0258473	0.00810651	0.000474443	0.00793387
173	0.0686436	0.001771	0.184232	0.316461	0.00150139	0.00911929	0.010502	0.0117412	0.097291	0.0128064	0.00133288	0.0811941	0.00807786	0.0823594	0.0442715	0.0257285	0.0211625	0.0150811	0.000383618	0.00633975
174	0.01453	0.00157194	0.0958103	0.0332693	0.00146608	0.579565	0.00885856	0.00191744	0.0406688	0.00539046	0.00269826	0.140995	0.00232231	0.0241148	0.0195955	0.0110062	0.0102063	0.00154889	0.000384592	0.00408052
175	0.599171	0.0355698	0.0011555	0.00141976	0.000830026	0.0864274	0.00339199	0.0015198	0.0116992	0.00228451	0.00118028	0.00428691	0.011575	0.00156298	0.00194158	0.20183	0.0118824	0.0208005	0.000346656	0.00112495
176	0.108122	0.102343	0.0035723	0.00432606	0.0032149	0.00319691	0.0886785	0.00547577	0.143218	0.0448871	0.0035301	0.0196944	0.00160198	0.0197854	0.294933	0.110509	0.0318412	0.0063991	0.000855701	0.0038162
177	0.052501	0.00425913	0.00649567	0.0087138	0.0807396	0.0366526	0.092468	0.0105849	0.013281	0.015304	0.0342315	0.0117777	0.00316667	0.00851909	0.376187	0.123813	0.0172509	0.0143579	0.00283372	0.0868626
178	0.0110273	0.00216862	0.00143257	0.00318185	0.0342537	0.00168002	0.00179597	0.407671	0.00293982	0.249442	0.0409905	0.00148252	0.000771113	0.00576713	0.00312404	0.00244568	0.0129746	0.210923	0.00170344	0.00422506
179	0.0355746	0.00277255	0.0638815	0.030724	0.00636177	0.598265	0.00893973	0.00688191	0.0346854	0.0139135	0.00533698	0.0874098	0.00590386	0.021487	0.0171972	0.0234342	0.0179051	0.00894469	0.00182664	0.00855431
180	0.0696802	0.00410377	0.143375	0.265295	0.00683853	0.0213328	0.0172768	0.0218702	0.10245	0.0204427	0.0057032	0.0696759	0.0252346	0.0593802	0.0450582	0.0446024	0.0323334	0.0302163	0.00188384	0.0132464
181	0.0406416	0.0150362	0.000658053	0.00141233	0.00650833	0.00551402	0.000623835	0.233857	0.00119428	0.0858668	0.0190713	0.00113047	0.000348062	0.00119751	0.000904019	0.00399909	0.0100389	0.571134	0.000190885	0.000672673
182	0.580376	0.0346725	0.00201755	0.0026691	0.00156659	0.0889557	0.00413775	0.00237508	0.0129411	0.00293779	0.00119663	0.00691826	0.0122457	0.00205276	0.00305607	0.205155	0.0141201	0.0202887	0.00033974	0.00197809
183	0.0175063	0.00669715	0.00310851	0.00361678	0.123554	0.00219611	0.00423299	0.252494	0.00416317	0.34998	0.0779496	0.00322795	0.0013957	0.0120249	0.00362402	0.00691163	0.0060984	0.108725	0.00829251	0.00420104
184	0.0237085	0.00737424	0.000747491	0.00811879	0.0100076	0.00340351	0.00124652	0.345924	0.00504696	0.131488	0.0207146	0.00196342	0.000990558	0.00327416	0.00298861	0.00389116	0.016471	0.406746	0.000366144	0.00552874
185	0.0738779	0.00262002	0.3708	0.09555	0.00396431	0.00835482	0.00727052	0.0168528	0.0149515	0.00824219	0.00488126	0.0860922	0.168798	0.0127788	0.00882954	0.0872546	0.0153175	0.00741164	0.00078676	0.0053648
186	0.035231	0.0105796	0.134955	0.0776015	0.0543957	0.0162748	0.15341	0.035793	0.0686075	0.0312636	0.0115242	0.0759136	0.00187741	0.0492631	0.0375651	0.0381144	0.0362879	0.0540488	0.000920126	0.0763738
187	0.029988	0.00120361	0.306465	0.0385826	0.00975249	0.00329467	0.0552582	0.00276973	0.0443408	0.01141	0.00983172	0.233694	0.0108585	0.0392605	0.0269168	0.125617	0.0444969	0.00407868	0.000522878	0.00165841
188	0.0780631	0.014335	0.0416381	0.00315151	0.00327356	0.129029	0.0287583	0.0148892	0.00496117	0.00461249	0.00277003	0.0933079	0.00110145	0.00327485	0.00402428	0.37381	0.174101	0.0213709	0.00107927	0.0024489
189	0.191061	0.00657056	0.0118382	0.0113806	0.0129686	0.0305625	0.00855407	0.0139555	0.0167719	0.0447573	0.00501865	0.0128145	0.427575	0.0116906	0.0479163	0.0870125	0.032076	0.0179698	0.00378074	0.00572625
190	0.0217705	0.00660383	0.000660476	0.00484789	0.00854908	0.00263356	0.000605843	0.364152	0.00218197	0.147073	0.0211257	0.00102565	0.00066187	0.00230335	0.00135844	0.0027248	0.009799	0.398074	0.000151117	0.00369872
191	0.221702	0.00641721	0.00681568	0.0190366	0.0642785	0.0570225	0.0294583	0.0127364	0.0295154	0.0166181	0.0136198	0.0537502	0.00602218	0.00798973	0.0730625	0.210352	0.0565688	0.0248681	0.00673977	0.0834263
