355	20
1	0.0541427	0.0132226	0.0106594	0.0522958	0.0680819	0.0156438	0.0219259	0.0643602	0.0199514	0.233174	0.195157	0.0145169	0.0144437	0.0214295	0.0205057	0.0615204	0.0349758	0.0594652	0.00858598	0.015942
2	0.0100962	0.0130117	0.00253796	0.0253573	0.00466419	0.00957304	0.043781	0.00755259	0.334251	0.0180186	0.00696032	0.03289	0.00258583	0.07611	0.343358	0.0414151	0.0194967	0.0044231	0.000745243	0.00317284
3	0.0184269	0.00328051	0.00223226	0.00400883	0.0314332	0.0117003	0.00633277	0.143537	0.00269036	0.588391	0.048616	0.00298011	0.00228668	0.00273374	0.00493026	0.0131988	0.0165073	0.0908449	0.00102285	0.00484586
4	0.0838464	0.0196118	0.060241	0.0597499	0.00698832	0.374156	0.0187393	0.0137365	0.0283962	0.0109764	0.00792097	0.0474208	0.0115753	0.021355	0.0347315	0.132571	0.0328421	0.0244961	0.00378096	0.00686405
5	0.134525	0.00463048	0.0048866	0.00812434	0.0109204	0.0125613	0.00141119	0.026251	0.0187783	0.0082364	0.00905782	0.0516876	0.00219899	0.00240264	0.0210849	0.353397	0.301689	0.0189976	0.000329076	0.00882995
6	0.0105228	0.00932224	0.00494432	0.0217035	0.00422309	0.0112041	0.0233314	0.00959698	0.394502	0.0128473	0.0059529	0.0312919	0.00183447	0.0548376	0.341891	0.035014	0.020455	0.00351875	0.00101266	0.00199475
7	0.0855834	0.0149725	0.00476544	0.0206606	0.0173766	0.0274821	0.0138521	0.011899	0.013595	0.0821255	0.0261066	0.0109758	0.387841	0.028202	0.0109768	0.168858	0.0467701	0.0154446	0.00128626	0.0112264
8	0.054508	0.0160714	0.32077	0.120196	0.00902632	0.0488847	0.0140087	0.0159637	0.0219272	0.0124605	0.010854	0.0840925	0.0102843	0.0202935	0.0255656	0.107403	0.0473053	0.0504195	0.0010016	0.00896399
9	0.183196	0.0507511	0.00213819	0.0050586	0.0278308	0.00765581	0.00393699	0.0517704	0.0093646	0.0788474	0.0464481	0.0107426	0.00216342	0.0143114	0.00640362	0.152242	0.281504	0.0604055	0.000553121	0.00467667
10	0.0386518	0.0489935	0.0122229	0.0104554	0.104982	0.0166216	0.0448583	0.0848515	0.00568478	0.0436559	0.00976115	0.0169251	0.00354436	0.00561289	0.0162451	0.273237	0.160881	0.0325459	0.0107627	0.0595067
11	0.0524627	0.0013072	0.000455427	0.000742237	0.00928426	0.00194806	0.000505024	0.253191	0.00156846	0.0740656	0.0315932	0.00576374	0.000493585	0.00221336	0.00123747	0.00674301	0.0297081	0.525014	0.00111534	0.00058816
12	0.273392	0.0133495	0.0173506	0.0420182	0.00738886	0.0391694	0.0132703	0.0388158	0.022233	0.0247732	0.0113756	0.0177714	0.0594522	0.0179859	0.0213641	0.14996	0.0857821	0.127405	0.000288799	0.0168541
13	0.12932	0.0035792	0.00348608	0.00848109	0.00683331	0.00892825	0.00127073	0.0186335	0.0113993	0.00926669	0.00610918	0.0471093	0.00286627	0.00158341	0.0172678	0.4435	0.252773	0.0164675	0.000323136	0.0108022
14	0.0102375	0.00336993	0.349805	0.532063	0.000543869	0.0293492	0.00632292	0.000956037	0.00506448	0.00114263	0.000814929	0.0116256	0.00302599	0.0241352	0.000951185	0.005758	0.00351864	0.0100502	0.000179975	0.00108584
15	0.0493575	0.00440955	0.00778303	0.0202692	0.00833142	0.00405587	0.00302137	0.19591	0.0036052	0.346855	0.0507411	0.00489003	0.0022757	0.00392635	0.00475323	0.0308927	0.0649268	0.189945	0.00135454	0.00269601
16	0.254269	0.00941856	0.0331053	0.0552398	0.00606917	0.0321326	0.00992232	0.0244498	0.0179175	0.0243127	0.0134282	0.0143093	0.111527	0.0244866	0.0187909	0.111596	0.0767568	0.151092	0.000479124	0.0106962
17	0.138743	0.00288044	0.00371287	0.00868547	0.00796916	0.00937319	0.00139988	0.0234683	0.0137733	0.00812659	0.00720943	0.0534019	0.00175416	0.00163217	0.0182517	0.396019	0.268464	0.0254532	0.000360088	0.0093219
18	0.0137908	0.00467417	0.448631	0.373988	0.000730494	0.0390386	0.00788426	0.00203903	0.00813305	0.00228368	0.00188045	0.0249459	0.00258095	0.0221536	0.00592525	0.0189795	0.00679979	0.0112007	0.000202658	0.00413838
19	0.0202956	0.00342143	0.000546992	0.00111154	0.0282573	0.00121027	0.00125927	0.276809	0.000754213	0.331016	0.0890293	0.00137982	0.00165743	0.00090613	0.00164121	0.00503874	0.00996358	0.215002	0.00340803	0.00729199
20	0.0796109	0.00148135	0.00651498	0.0173059	0.00141609	0.00588595	0.0010197	0.266292	0.00962947	0.0476451	0.0765238	0.00561299	0.000733443	0.00636968	0.00428037	0.0494765	0.165023	0.253894	0.000228797	0.00105535
21	0.00793399	0.00107151	0.000790666	0.00128631	0.0136662	0.00130027	0.000924723	0.531641	0.00484411	0.00656691	0.0195603	0.00155191	0.000526339	0.00121085	0.0030294	0.00316256	0.00235342	0.393078	0.000300979	0.0052008
22	0.0171258	0.00511715	0.0609287	0.0343887	0.0208977	0.00493353	0.104467	0.120119	0.0689121	0.0508041	0.0069732	0.0522721	0.00277879	0.150747	0.0911769	0.0773291	0.105891	0.0169367	0.000952488	0.00724903
23	0.027113	0.00108667	0.000482064	0.000953509	0.0105917	0.00124939	0.000655975	0.40569	0.00278185	0.0500675	0.0257742	0.00355328	0.000402061	0.00168434	0.00179821	0.00454928	0.0148764	0.443232	0.000646461	0.00281248
24	0.0172948	0.00743833	0.202515	0.16729	0.000940619	0.19511	0.0449598	0.00168502	0.0421007	0.00159394	0.00484767	0.12342	0.000596116	0.0294411	0.038309	0.0916195	0.0207863	0.00219804	0.000220672	0.00763294
25	0.0176256	0.00756721	0.200651	0.16697	0.000967842	0.197547	0.0443676	0.00168382	0.0419449	0.00156519	0.00496222	0.125214	0.00057442	0.0286445	0.0376245	0.0914559	0.0208702	0.00214507	0.000211997	0.00740701
26	0.0854475	0.0377159	0.00287149	0.00534252	0.0689023	0.0101473	0.0269755	0.16082	0.00473858	0.0311137	0.0147119	0.0171921	0.002754	0.00579901	0.00611643	0.185041	0.203061	0.117404	0.000924677	0.012921
27	0.0254483	0.016922	0.00683961	0.0187568	0.0176027	0.0175207	0.00483526	0.0682552	0.363649	0.0314163	0.0148261	0.0588036	0.00415767	0.0173765	0.167247	0.0675308	0.076669	0.0171571	0.0021175	0.00286824
28	0.00443499	0.00752102	0.00144536	0.00230827	0.476982	0.00199177	0.0208174	0.003264	0.00181185	0.0326246	0.00822607	0.00231104	0.00117616	0.00212484	0.00833748	0.0127557	0.00415322	0.00345807	0.000548326	0.403708
29	0.0381997	0.0496887	0.0108489	0.0033076	0.0573793	0.0043803	0.361351	0.00483006	0.00331939	0.0655387	0.013247	0.0624041	0.012016	0.0508544	0.047332	0.0586228	0.0127001	0.0104797	0.000717628	0.132783
30	0.0103755	0.00208712	0.00062965	0.00223193	0.0504549	0.00300659	0.00806846	0.0698582	0.00165714	0.718409	0.0569303	0.00190437	0.00440358	0.00245155	0.00371701	0.009344	0.0101107	0.0388523	0.000375846	0.00513191
31	0.0422112	0.0271937	0.0240562	0.0241556	0.0439346	0.0159206	0.337348	0.0157625	0.0272548	0.0454546	0.0127729	0.0496511	0.0157349	0.0603022	0.0710299	0.0700428	0.0247133	0.0247455	0.00304451	0.0646713
32	0.0155169	0.00948423	0.0064224	0.0238625	0.00511902	0.0132105	0.0304516	0.0122814	0.391062	0.0237801	0.00755893	0.0316427	0.00172399	0.0637432	0.293291	0.0355109	0.0231069	0.00783851	0.00174791	0.00264515
33	0.0577681	0.0214508	0.00695475	0.00633449	0.274757	0.00921261	0.0809579	0.0459188	0.0062223	0.100207	0.0338252	0.0150674	0.0158946	0.0176441	0.0220425	0.120286	0.0315607	0.0505907	0.00580864	0.0774959
34	0.0641242	0.0355455	0.00587923	0.0109279	0.00631515	0.0321038	0.010517	0.00638207	0.0137247	0.0426231	0.00730696	0.0122077	0.427228	0.0236631	0.0140712	0.202248	0.0677487	0.0102294	0.0036197	0.00353452
35	0.0106803	0.00110124	0.000951583	0.00202443	0.0543488	0.00243658	0.00782019	0.060529	0.00285925	0.720079	0.0794716	0.00208579	0.00249613	0.00222054	0.00268249	0.00778851	0.00954638	0.0250535	0.000843734	0.00498103
36	0.0215546	0.00209463	0.000873163	0.00191761	0.017173	0.00188636	0.0022675	0.218327	0.00108127	0.467289	0.0634689	0.0012756	0.0011682	0.00100481	0.00284312	0.00644576	0.0129212	0.170681	0.00185001	0.003878
37	0.0854443	0.0452022	0.0053448	0.0134077	0.0172924	0.0205099	0.0173248	0.0143669	0.0133147	0.107621	0.0204349	0.0128136	0.322573	0.0242882	0.0212258	0.17522	0.0506087	0.0176277	0.00416761	0.0112115
38	0.0191384	0.00680407	0.00965045	0.0197174	0.00378103	0.0164353	0.0105947	0.012563	0.450791	0.0142444	0.00900435	0.0286932	0.00119303	0.0332378	0.296456	0.0282078	0.027421	0.00787594	0.00281486	0.00137592
39	0.0147119	0.632412	0.00495981	0.00540033	0.00679212	0.0103187	0.00532745	0.00693592	0.00417666	0.0301669	0.00450732	0.00810863	0.00324178	0.00483042	0.0284568	0.17537	0.0122022	0.0132646	0.02363	0.00518619
40	0.0949795	0.00381975	0.0112133	0.0674522	0.0550727	0.124667	0.00501033	0.00460955	0.0116068	0.0788276	0.0388053	0.0279819	0.0845278	0.0354514	0.0063369	0.255674	0.0350522	0.0159096	0.000864115	0.0421376
41	0.0713227	0.0632499	0.00521859	0.00805141	0.0627495	0.0115732	0.0670158	0.025897	0.0246169	0.196848	0.0397822	0.0152752	0.00995207	0.0396904	0.171472	0.0612745	0.0415282	0.0242484	0.0222369	0.0379974
42	0.00523274	0.000653656	0.000495523	0.0011512	0.0625325	0.00231269	0.00893437	0.0477559	0.00119045	0.772393	0.0626632	0.000886369	0.00223906	0.00118388	0.00214357	0.00580502	0.00614764	0.0107946	0.00018472	0.00529969
43	0.0264727	0.0154108	0.00362288	0.0327916	0.00486725	0.0133316	0.130631	0.012591	0.0689594	0.0365533	0.00521935	0.0527326	0.00294213	0.281371	0.217446	0.0492479	0.0183354	0.018729	0.000892601	0.00785199
44	0.029942	0.00598353	0.0173778	0.0191512	0.00310666	0.0225678	0.00210094	0.0153623	0.422007	0.0149761	0.00702479	0.0294372	0.000545869	0.0172151	0.328573	0.0188979	0.0286927	0.0105912	0.00575576	0.000690744
45	0.00680966	0.000649049	0.000527061	0.00122108	0.0645018	0.00230213	0.0113379	0.0472127	0.00127726	0.760872	0.0636493	0.000951238	0.00255506	0.00143071	0.00208272	0.00829796	0.00640568	0.0113167	0.000211382	0.00638882
46	0.0292565	0.0388869	0.00207215	0.00347339	0.0199107	0.00196223	0.00215682	0.281626	0.0026465	0.28397	0.0658423	0.00396941	0.00195085	0.00208856	0.00330187	0.0101916	0.0222948	0.20765	0.00276163	0.0139881
47	0.0354123	0.016757	0.0489218	0.0023637	0.0416539	0.0040787	0.244501	0.00386138	0.00321958	0.0358221	0.00424665	0.115961	0.0654943	0.0667314	0.0324608	0.149135	0.0336846	0.0302614	0.000653494	0.0647794
48	0.0164089	0.00953324	0.353444	0.201633	0.00105475	0.144279	0.0334584	0.00184383	0.0250362	0.00188294	0.00353217	0.0724788	0.00108084	0.0249743	0.0245786	0.0593952	0.0140702	0.00544382	0.000286981	0.00558426
49	0.0200221	0.00349584	0.000623393	0.00131402	0.039431	0.00106279	0.0011447	0.297113	0.000819302	0.295355	0.0904923	0.00128765	0.00156236	0.000974457	0.00184075	0.00530823	0.00945804	0.218675	0.0032478	0.0067724
50	0.0689431	0.0160784	0.00683766	0.0174788	0.00877611	0.0271057	0.0163287	0.00899775	0.0194563	0.0536175	0.00893893	0.0152158	0.454863	0.0389415	0.0190782	0.135272	0.062406	0.0141959	0.00128654	0.00618184
51	0.166835	0.0152148	0.0218256	0.0218955	0.0047928	0.37137	0.00886795	0.0145267	0.0115045	0.00791924	0.00448562	0.0281208	0.0137983	0.00735873	0.0231654	0.188414	0.0487437	0.0360482	0.000735343	0.00437816
52	0.0201673	0.00572149	0.218573	0.246087	0.00111485	0.252531	0.0257589	0.00254385	0.0245809	0.00170451	0.00335741	0.0627342	0.00130949	0.027073	0.0225147	0.0589626	0.0129876	0.00705558	0.000232747	0.00499013
53	0.289365	0.0109531	0.017306	0.0521471	0.00673743	0.0391854	0.0158595	0.0358282	0.0196974	0.0186507	0.0137848	0.0143232	0.0646257	0.0165323	0.0198392	0.13177	0.0804951	0.137275	0.000293127	0.0153319
54	0.115457	0.017167	0.100297	0.0840966	0.00668204	0.0727609	0.00867518	0.0154203	0.0370124	0.0108796	0.0103705	0.0815133	0.0232673	0.0163856	0.043899	0.213414	0.088249	0.0507579	0.000268304	0.00342679
55	0.498515	0.0197192	0.00141887	0.00664843	0.00305315	0.0686103	0.00105531	0.016785	0.0017777	0.00838236	0.0038953	0.00302312	0.00204333	0.00281595	0.0039323	0.185704	0.110371	0.0608454	0.000337776	0.0010665
56	0.0119734	0.00864029	0.00211185	0.00445479	0.525176	0.00447205	0.0258456	0.0167118	0.00448027	0.064741	0.0148342	0.00385312	0.0037276	0.00374805	0.0118773	0.0251256	0.00913434	0.0149333	0.000924893	0.243234
57	0.0140995	0.00375675	0.291363	0.478302	0.000851862	0.0546452	0.0122163	0.00218977	0.0182898	0.00189572	0.00223354	0.027902	0.00274049	0.0333253	0.0137792	0.0216893	0.00752275	0.00905865	0.00022424	0.00391513
58	0.0606047	0.000960712	0.00250786	0.00534321	0.00874171	0.0030052	0.000749992	0.235654	0.00371832	0.125986	0.0704112	0.00795529	0.0016183	0.00269088	0.0020253	0.0186542	0.0657884	0.381602	0.00111837	0.00086403
59	0.119201	0.378743	0.0101603	0.0116146	0.0136641	0.0315108	0.0161353	0.0299224	0.011739	0.0408925	0.0146941	0.0167117	0.01225	0.010497	0.0261413	0.12992	0.0534209	0.0525658	0.00877752	0.0114384
60	0.491717	0.00859463	0.00253457	0.00433467	0.00410278	0.0236736	0.00151637	0.018177	0.00206678	0.0222401	0.00621363	0.00390272	0.00231517	0.00429991	0.00344337	0.128464	0.116022	0.154199	0.000469805	0.00171328
61	0.0153267	0.00646341	0.00904127	0.0215342	0.00409152	0.0146949	0.0134272	0.0114002	0.448118	0.0131323	0.0058001	0.0289588	0.0011288	0.039861	0.306813	0.0295261	0.0217119	0.00560593	0.00196126	0.00140336
62	0.00479247	0.00746662	0.00145168	0.00231855	0.51575	0.00197137	0.0213425	0.0034372	0.00190142	0.0330125	0.00811212	0.00226956	0.00114811	0.00209516	0.00826736	0.0128469	0.00415947	0.00406799	0.000386752	0.363202
63	0.029394	0.583073	0.00658614	0.00860049	0.00775308	0.0142639	0.00946305	0.0128079	0.00906031	0.0378415	0.00797534	0.0124321	0.00645481	0.00790223	0.0340634	0.148692	0.0199206	0.0234908	0.0143651	0.00586028
64	0.0176895	0.0112817	0.0110276	0.0159346	0.303421	0.00915786	0.042655	0.00906847	0.00674783	0.0342131	0.0114669	0.0120351	0.00426509	0.00989268	0.0178495	0.030417	0.012682	0.0116942	0.00153405	0.426967
65	0.075323	0.0119696	0.103911	0.0827392	0.00274375	0.289377	0.0213922	0.0076579	0.0242948	0.00511052	0.00482232	0.0808186	0.0103746	0.0159069	0.0308699	0.163015	0.0449488	0.0200487	0.000390272	0.00428498
66	0.0250841	0.00141234	0.000988312	0.00161508	0.0132937	0.00149462	0.00075801	0.39395	0.00260608	0.0801783	0.0514373	0.00319183	0.000565694	0.00163456	0.00192116	0.00705517	0.0198425	0.388222	0.000989927	0.00375922
67	0.202662	0.0136551	0.00253461	0.0056037	0.00585409	0.00493563	0.0031919	0.198684	0.00398615	0.0131612	0.0198715	0.00444579	0.00130145	0.00341517	0.0101566	0.0701183	0.202289	0.228548	0.000475991	0.00511019
68	0.0311698	0.00085518	0.000468077	0.000805964	0.00988928	0.00135503	0.000545555	0.377251	0.00293789	0.0446613	0.0247446	0.00382703	0.000397592	0.00169849	0.00194164	0.00469217	0.0174563	0.472429	0.00067245	0.00220146
69	0.0626739	0.0198726	0.110316	0.062655	0.013077	0.0469862	0.0190935	0.0439593	0.0261321	0.0163605	0.0117767	0.149791	0.0129387	0.0222862	0.0295709	0.197519	0.110924	0.0354648	0.00205865	0.00654365
70	0.0166751	0.00187681	0.000582016	0.00214038	0.00993546	0.00208059	0.00217417	0.25292	0.00102285	0.466626	0.0470467	0.00120939	0.000741573	0.00105414	0.00405776	0.00636479	0.00950504	0.169114	0.00138598	0.00348781
71	0.0755792	0.0321585	0.0411703	0.0216573	0.00500552	0.082426	0.0150501	0.0105288	0.0203862	0.00483607	0.00461348	0.101807	0.0235942	0.00622584	0.0340908	0.386961	0.109857	0.0169184	0.00270283	0.00443215
72	0.106156	0.0152764	0.00273258	0.0121751	0.00575813	0.0302927	0.0132273	0.00614993	0.0151747	0.0471134	0.00606852	0.00950077	0.446331	0.0324747	0.0118759	0.159835	0.068475	0.0089259	0.000684494	0.00177157
73	0.0516262	0.0430967	0.00584194	0.00464258	0.0648551	0.00833609	0.356296	0.00630923	0.00392916	0.0630432	0.0121025	0.044407	0.00802663	0.0375968	0.0596705	0.0447451	0.0139708	0.0110331	0.00111645	0.159355
74	0.0699444	0.0174243	0.0529894	0.0448711	0.00914277	0.0573499	0.03117	0.0204842	0.0281883	0.0156778	0.00880714	0.225076	0.0224382	0.0200391	0.0370987	0.220604	0.0803521	0.0259359	0.00202084	0.010386
75	0.0466772	0.00251874	0.000634337	0.00164332	0.0425347	0.00220486	0.000830411	0.247332	0.00146234	0.138908	0.0449083	0.00468339	0.00111754	0.00208924	0.00166553	0.00788708	0.0263306	0.422261	0.00210686	0.00220358
76	0.152036	0.020446	0.00252445	0.0086954	0.0433979	0.0207739	0.00542078	0.139771	0.00295238	0.0731424	0.0305795	0.00606839	0.00442077	0.00399387	0.00683894	0.0705243	0.103861	0.299966	0.000759008	0.00382717
77	0.267356	0.013332	0.0230235	0.0370558	0.00871127	0.0554776	0.00992185	0.0221582	0.0235133	0.0153058	0.00796589	0.0256299	0.0670126	0.0137776	0.0280203	0.188721	0.0879554	0.0952283	0.000242823	0.00959076
78	0.423719	0.00737613	0.00287681	0.00490372	0.0100951	0.0129348	0.00190539	0.0227027	0.00263115	0.0395644	0.0126203	0.00475249	0.0018622	0.0049483	0.00317537	0.109117	0.130944	0.201622	0.00058047	0.00166991
79	0.0840736	0.0521724	0.00586658	0.00901679	0.0816762	0.008517	0.0569776	0.0405513	0.0194049	0.206043	0.0485863	0.0161889	0.0118607	0.0331386	0.120488	0.0698633	0.0442995	0.0318908	0.0248284	0.0345556
80	0.0167684	0.650501	0.00328444	0.00472733	0.0042359	0.0107205	0.00346154	0.00703422	0.0042415	0.0349216	0.00509401	0.00584904	0.00414566	0.00439019	0.0275922	0.173864	0.00937085	0.0144099	0.0122382	0.00314973
81	0.381714	0.0162931	0.0097455	0.0141345	0.00343652	0.20866	0.00686763	0.0169764	0.00665126	0.00732546	0.00443586	0.0123642	0.00519998	0.00552375	0.0159872	0.167668	0.0642578	0.0496126	0.000677092	0.00246978
82	0.401259	0.0178005	0.00837527	0.0128845	0.0055307	0.0588974	0.00455592	0.0175899	0.00850531	0.01329	0.00605652	0.0180515	0.0100522	0.00559025	0.0125772	0.236058	0.106044	0.0516036	0.000781234	0.0044969
83	0.0269175	0.00326187	0.13522	0.358098	0.00152467	0.0594952	0.0128971	0.00839803	0.117978	0.004514	0.00732544	0.0368267	0.00117289	0.0784787	0.0755664	0.035946	0.0136202	0.00994057	0.000745269	0.0120744
84	0.00467027	0.00818429	0.0013535	0.00219738	0.570939	0.00215097	0.0260233	0.00329666	0.00176285	0.0383833	0.00865898	0.00215619	0.00109248	0.00206449	0.00953256	0.0146365	0.00397481	0.00397563	0.000419871	0.294527
85	0.0108624	0.00159901	0.00170986	0.00287625	0.0505628	0.00336187	0.00781518	0.069142	0.00146827	0.71628	0.061744	0.00220901	0.00340188	0.00208238	0.00321751	0.00950798	0.0105786	0.036123	0.000346524	0.005111
86	0.023223	0.00654683	0.0902031	0.244829	0.00460351	0.175382	0.0175499	0.0103327	0.0613369	0.00862942	0.00820548	0.0404726	0.00310067	0.133663	0.0852939	0.0418374	0.0191841	0.014112	0.00123025	0.0102645
87	0.0423284	0.0049441	0.00534047	0.0169449	0.0232518	0.00524042	0.00542912	0.204098	0.0141565	0.204506	0.193234	0.0065326	0.00256406	0.0101111	0.00548176	0.0252186	0.0391773	0.181604	0.00465581	0.00518086
88	0.0288125	0.0169527	0.0481431	0.00541666	0.0392642	0.00809086	0.198486	0.00495509	0.00413987	0.0269821	0.00445152	0.136717	0.0490453	0.0519556	0.0258816	0.17995	0.0856968	0.0234343	0.00178988	0.0598356
89	0.0103112	0.00338602	0.347992	0.530823	0.000554596	0.0299166	0.00651176	0.000998529	0.00546711	0.0011565	0.000842029	0.0121879	0.00300529	0.0243629	0.00136277	0.00615885	0.0036419	0.00999139	0.000180011	0.00114999
90	0.151383	0.00729623	0.0786278	0.158347	0.00356528	0.0305128	0.0104456	0.0118064	0.01617	0.00947623	0.00700618	0.0856432	0.00576959	0.0142595	0.0335455	0.252723	0.0887983	0.0179699	0.000513798	0.0161407
91	0.0492853	0.000973046	0.000417729	0.000685771	0.00944206	0.00152008	0.000503378	0.260559	0.00156162	0.0729513	0.0312564	0.00588817	0.000446361	0.00229183	0.00112749	0.00599623	0.0285359	0.52478	0.00121418	0.000564794
92	0.0105555	0.00330407	0.341444	0.537124	0.000563026	0.0292655	0.00627164	0.00103662	0.00583775	0.00112816	0.000916453	0.0118933	0.00292822	0.0248713	0.0017746	0.0060398	0.00356759	0.00998389	0.000179252	0.00131557
93	0.0124713	0.00947089	0.00420152	0.023853	0.00392909	0.0122658	0.027515	0.0103539	0.382658	0.0163653	0.00692032	0.0340562	0.00218206	0.0618595	0.320477	0.0392732	0.0239556	0.00527432	0.000822013	0.00209605
94	0.0897745	0.0204504	0.0149225	0.0122427	0.00576002	0.379268	0.00793125	0.0132296	0.0175308	0.00629135	0.00486857	0.0353478	0.0114639	0.00788935	0.0412621	0.264266	0.0430581	0.0188016	0.00115152	0.00448996
95	0.0650711	0.0167821	0.0559769	0.0523277	0.0103121	0.0564875	0.032519	0.0162989	0.0308394	0.015902	0.0100621	0.221291	0.0182983	0.0206935	0.0403162	0.218662	0.0782297	0.0239355	0.00309895	0.0128957
96	0.00649747	0.00067645	0.000579796	0.00124127	0.0838389	0.00258146	0.00843044	0.0543524	0.00128417	0.735712	0.0638571	0.000964051	0.00229134	0.00127139	0.00244514	0.00603361	0.00656662	0.0156915	0.000497289	0.0051872
97	0.0493824	0.000901648	0.000397752	0.00066088	0.00905437	0.00155931	0.000493747	0.259141	0.0015627	0.0725871	0.0309895	0.00586861	0.00040888	0.00225198	0.00113483	0.00599982	0.0283927	0.527487	0.0011786	0.000546922
98	0.0883579	0.0151183	0.00808757	0.0118419	0.0831709	0.0650035	0.06666	0.0193143	0.00903245	0.092853	0.0195156	0.0188553	0.0478218	0.0663315	0.0451543	0.112089	0.0349642	0.0396134	0.00363739	0.152578
99	0.0153781	0.0061306	0.00817744	0.0203452	0.00386058	0.0142749	0.0114739	0.0112428	0.453451	0.0131921	0.00604015	0.0283945	0.0010604	0.0385179	0.309132	0.0293979	0.0217825	0.0049951	0.00194677	0.00120602
100	0.0346451	0.00277662	0.00137839	0.00248603	0.0177303	0.00175723	0.0019632	0.202205	0.00106605	0.431075	0.0804834	0.00221431	0.00269648	0.00117397	0.00261132	0.00779209	0.0199409	0.179753	0.00242579	0.00382646
101	0.0102375	0.00336993	0.349805	0.532063	0.000543869	0.0293492	0.00632292	0.000956037	0.00506448	0.00114263	0.000814929	0.0116256	0.00302599	0.0241352	0.000951185	0.005758	0.00351864	0.0100502	0.000179975	0.00108584
102	0.124977	0.00871812	0.00291716	0.00634919	0.0957466	0.00695479	0.0670684	0.0959656	0.00409802	0.120989	0.0494789	0.00676867	0.0175728	0.0121495	0.0075843	0.171677	0.0352286	0.114479	0.00298646	0.048291
103	0.0161256	0.00813143	0.00202219	0.00474875	0.372867	0.00405244	0.022045	0.0396891	0.00331501	0.282651	0.0351303	0.00405897	0.00332288	0.00495726	0.0112306	0.0224549	0.0119051	0.0248405	0.00158183	0.124869
104	0.0067783	0.000695916	0.000526157	0.00127166	0.0868611	0.00265919	0.0084281	0.0557396	0.00131909	0.728351	0.0643116	0.000990876	0.00232905	0.00132321	0.00254512	0.00645372	0.00698008	0.0167139	0.000572921	0.00514938
105	0.0889995	0.0187515	0.0584342	0.0403327	0.00208649	0.0694734	0.0224432	0.00796385	0.0242081	0.00274905	0.00377692	0.151968	0.0218119	0.0068709	0.0341366	0.321648	0.104307	0.0166952	0.000379144	0.00296489
106	0.135693	0.00639203	0.00424604	0.0104715	0.00835254	0.010212	0.00175572	0.0223154	0.0113009	0.0189256	0.00897787	0.0398665	0.00286523	0.00246477	0.0166197	0.418163	0.251204	0.0152519	0.000370361	0.014552
107	0.127256	0.099066	0.0204964	0.0192995	0.0113093	0.108588	0.00950192	0.0177657	0.0134886	0.0111928	0.00702826	0.0446391	0.0212278	0.00817498	0.0250097	0.280088	0.110689	0.057743	0.00225287	0.00518271
108	0.0403212	0.000827798	0.000460552	0.000750823	0.00905939	0.00133894	0.000512439	0.324244	0.00156951	0.0690308	0.0294683	0.00499743	0.000361103	0.00203058	0.00114148	0.00556408	0.0241019	0.482021	0.000939395	0.00125984
109	0.00786832	0.000814703	0.000680109	0.00128115	0.0663455	0.00246074	0.011648	0.0476549	0.00131003	0.755459	0.0620457	0.00104901	0.00240542	0.00145227	0.00225225	0.00865814	0.00658891	0.0128354	0.000246783	0.00694368
110	0.0201592	0.0201343	0.00206212	0.0443693	0.00347585	0.0110876	0.139498	0.00999643	0.0883956	0.0312912	0.00716457	0.0537605	0.00306752	0.179566	0.287641	0.0530789	0.0182326	0.0185053	0.000562859	0.00795189
111	0.188404	0.0194277	0.0159739	0.0169995	0.00441148	0.17527	0.00742378	0.0146588	0.0181625	0.00659788	0.005123	0.0352734	0.010405	0.00793581	0.057336	0.295264	0.0887044	0.0283229	0.000692239	0.00361371
112	0.0258665	0.0383669	0.00643355	0.0103449	0.00895033	0.010007	0.034095	0.0194071	0.0329609	0.0248355	0.0173868	0.0326901	0.00519792	0.0101591	0.0673275	0.0509244	0.0190937	0.020795	0.55695	0.00820777
113	0.0108095	0.00778242	0.00469199	0.0194834	0.00406132	0.011812	0.0170406	0.0093337	0.411088	0.0118594	0.00538383	0.0298117	0.00144798	0.0511334	0.343625	0.0352229	0.0195146	0.00327519	0.00095273	0.00167024
114	0.0186226	0.00786564	0.429046	0.317133	0.00163506	0.0509832	0.0110959	0.00419483	0.0130246	0.00376115	0.0029039	0.0354173	0.00510144	0.0219864	0.0114609	0.0346654	0.0115746	0.0131633	0.000665956	0.00569847
115	0.23329	0.0157904	0.0162226	0.0273704	0.00839951	0.0460512	0.00813603	0.0167965	0.0154962	0.0172112	0.0078454	0.0250173	0.066312	0.0100085	0.0200156	0.291967	0.101428	0.0629062	0.000463362	0.00927307
116	0.0194411	0.00530971	0.000734033	0.00169073	0.0232728	0.00141867	0.00192636	0.320058	0.000839974	0.291561	0.0744186	0.00153628	0.00144012	0.00119386	0.0021841	0.00604004	0.0112988	0.223835	0.00269191	0.0091088
117	0.143887	0.00711657	0.0055844	0.0170371	0.017264	0.0152975	0.00129148	0.175822	0.00828384	0.0672977	0.0756836	0.0061507	0.00271496	0.00441861	0.0054385	0.0583395	0.138313	0.2485	0.000427887	0.00113123
118	0.213699	0.0252154	0.00315952	0.0106489	0.0375724	0.0150984	0.00232615	0.080039	0.00382902	0.0890504	0.0405094	0.00757897	0.00474793	0.0060834	0.00607873	0.0783254	0.153754	0.219177	0.00053359	0.00257341
119	0.00718615	0.00106749	0.000557481	0.0012987	0.0623915	0.00224988	0.0094936	0.057983	0.00140084	0.744673	0.0624868	0.000964427	0.00226044	0.00140905	0.00308819	0.00706434	0.00657858	0.0205877	0.000488083	0.00677102
120	0.0258893	0.0159266	0.00242946	0.034406	0.00349758	0.0163085	0.131171	0.00893381	0.0687918	0.034648	0.00549079	0.0474326	0.00302399	0.27493	0.236526	0.0510932	0.0153992	0.0166682	0.000926954	0.00650696
121	0.132169	0.00348197	0.00428736	0.00820655	0.00744519	0.0109345	0.00117027	0.0205394	0.0135956	0.00947519	0.00659793	0.0471105	0.00250951	0.00182523	0.0217472	0.401786	0.278524	0.0164408	0.000279224	0.0118747
122	0.188325	0.064925	0.00250628	0.00491133	0.0206702	0.00564543	0.00375069	0.0401085	0.0114504	0.10355	0.0592684	0.0106715	0.00375064	0.0104241	0.00626732	0.180365	0.244931	0.031842	0.00101825	0.00561969
123	0.0484582	0.0136385	0.0256418	0.0287388	0.00333329	0.0394066	0.0022858	0.0181634	0.347104	0.0171425	0.00693727	0.02848	0.00106627	0.0117113	0.321795	0.0153501	0.0331869	0.02145	0.0146855	0.001425
124	0.238593	0.0140996	0.0287849	0.0380206	0.00634503	0.0608215	0.0130672	0.0202661	0.0314355	0.0139348	0.00709986	0.0359628	0.0608607	0.0132633	0.0337879	0.196312	0.0901934	0.0881375	0.000216178	0.00879768
125	0.0984379	0.00680155	0.0196701	0.0459219	0.00528348	0.0896488	0.0117284	0.031704	0.1478	0.0246859	0.0253545	0.0636488	0.0112147	0.0634104	0.105358	0.0986592	0.0875912	0.0576548	0.00119311	0.00423317
126	0.016659	0.0018665	0.000718235	0.00279567	0.00569804	0.00244994	0.00268535	0.234017	0.00117437	0.511545	0.0377953	0.00131726	0.000663498	0.0010845	0.00572737	0.00745143	0.0103569	0.152773	0.000857708	0.00236369
127	0.0838151	0.000972503	0.0069343	0.0152062	0.00126243	0.00623482	0.000706997	0.267413	0.010379	0.0402525	0.0879208	0.00559588	0.000503705	0.00433882	0.0043461	0.0483751	0.156371	0.258381	0.000227206	0.000763238
128	0.118057	0.0192436	0.0607308	0.0487812	0.00258981	0.0910552	0.0136578	0.0086201	0.0268934	0.00541438	0.00510023	0.0994598	0.0279917	0.0131382	0.0480159	0.294879	0.0828553	0.0308951	0.000238288	0.00238367
129	0.00817481	0.017889	0.000770445	0.0266896	0.00415001	0.0100923	0.0614684	0.00687093	0.166882	0.0169746	0.00753316	0.0396478	0.00463031	0.105543	0.446558	0.0478776	0.0185473	0.00505758	0.000619753	0.00402308
130	0.0619682	0.429986	0.0223601	0.024562	0.00891746	0.0837769	0.0119495	0.0135004	0.0152964	0.0219346	0.00670694	0.0270037	0.00788853	0.0115382	0.0340584	0.146247	0.0315377	0.0263789	0.00765418	0.00673498
131	0.0759719	0.00165227	0.00567383	0.0124122	0.00327512	0.00530492	0.000721389	0.270917	0.00878368	0.0488896	0.077699	0.00559592	0.000611107	0.0040202	0.00370472	0.0417605	0.135464	0.296188	0.000417126	0.000937553
132	0.0102851	0.00361579	0.353774	0.52638	0.000558678	0.0303356	0.00662406	0.00100368	0.00505708	0.00112064	0.000823375	0.0116359	0.00301198	0.0240112	0.00110273	0.00583235	0.00348524	0.0100365	0.000180125	0.00112681
133	0.366041	0.0477175	0.00232282	0.00847938	0.00453551	0.0369486	0.00303478	0.0131798	0.00540114	0.0288098	0.00787359	0.00811791	0.00666924	0.00366837	0.00756325	0.325469	0.082416	0.0375342	0.00122173	0.00299641
134	0.0148488	0.000983608	0.000730622	0.00102281	0.0119486	0.00131486	0.000814296	0.486832	0.00417131	0.0173208	0.0199075	0.002123	0.000459925	0.0012921	0.00256742	0.00354825	0.00654746	0.418951	0.000402004	0.00421404
135	0.288111	0.01629	0.003245	0.00771126	0.00938082	0.0228917	0.00334227	0.134364	0.00429966	0.0174242	0.0137188	0.00545588	0.00586367	0.00430509	0.010661	0.117315	0.117235	0.212342	0.000417112	0.00562573
136	0.172587	0.00569092	0.0184565	0.0544725	0.00636527	0.0202771	0.00321864	0.0394621	0.01051	0.0280982	0.0168999	0.0479807	0.00418384	0.00490572	0.0159618	0.308929	0.20686	0.0180942	0.000811177	0.0162354
137	0.0232716	0.00510867	0.0133846	0.0178394	0.00330525	0.0191988	0.00358831	0.0132814	0.482936	0.0145686	0.00621421	0.0270926	0.000539949	0.0206846	0.290578	0.0201479	0.0254621	0.00795559	0.00414811	0.000693606
138	0.233594	0.0166775	0.00192852	0.00402975	0.00340989	0.00426621	0.00188006	0.222813	0.00410957	0.0105223	0.011723	0.00283403	0.00112983	0.00262975	0.0144963	0.0533082	0.104389	0.298786	0.000435266	0.00703772
139	0.134232	0.13359	0.00490419	0.00760385	0.0139212	0.0067435	0.00654889	0.0480475	0.00685031	0.137645	0.0400594	0.0494579	0.00397122	0.00795486	0.00929499	0.109282	0.140273	0.111956	0.00191021	0.0257535
140	0.105538	0.00174262	0.00667649	0.0179883	0.00364461	0.00972555	0.000820483	0.21249	0.0113222	0.0461999	0.0980779	0.0067182	0.000590552	0.00387901	0.0042448	0.0553727	0.164234	0.249713	0.000267792	0.000753331
141	0.0977467	0.00456049	0.00617784	0.0140638	0.00949965	0.0130824	0.00151399	0.205047	0.0099352	0.0581504	0.0709927	0.0117448	0.00266989	0.00449404	0.00611683	0.0416805	0.110853	0.329594	0.000669506	0.00140752
142	0.0921126	0.014376	0.127027	0.116141	0.00968919	0.0519291	0.00483788	0.0180821	0.0408693	0.0135877	0.0179112	0.0965936	0.00803179	0.0226739	0.047477	0.16173	0.0897873	0.0618317	0.000438405	0.0048735
143	0.0878421	0.0186962	0.00774836	0.0168083	0.0380514	0.00516309	0.0479498	0.071653	0.0206723	0.152466	0.0910316	0.0125252	0.00911518	0.0194432	0.0336478	0.0596647	0.0335186	0.0761567	0.179206	0.0186402
144	0.19869	0.0111905	0.0218683	0.0493315	0.011	0.0375109	0.00774878	0.0199878	0.0166477	0.0231197	0.0112189	0.0249896	0.0589602	0.0184644	0.0182099	0.275614	0.108999	0.0654398	0.000680471	0.020329
145	0.0651373	0.0208531	0.00853666	0.00869611	0.101345	0.0461671	0.0948003	0.022445	0.00849992	0.0326773	0.00974321	0.0191793	0.0132647	0.0232519	0.0444121	0.151196	0.106265	0.020138	0.00448609	0.198906
146	0.115227	0.00981043	0.0116196	0.011714	0.00856342	0.0433727	0.00401763	0.0262237	0.0271833	0.00788846	0.00891496	0.0509422	0.00602511	0.00604511	0.0343488	0.338224	0.264638	0.017765	0.000358202	0.00711836
147	0.0402881	0.0549833	0.00927151	0.00354175	0.0556272	0.00603066	0.31945	0.00489647	0.00364781	0.0483903	0.0108067	0.0611001	0.0106681	0.0412772	0.0423402	0.059236	0.0136979	0.0101394	0.000843349	0.203764
148	0.0235451	0.0360428	0.00655144	0.0106023	0.00891965	0.00896118	0.0333559	0.0203102	0.0315146	0.0253955	0.0184596	0.0319936	0.00477809	0.00881574	0.0686108	0.0508848	0.0179642	0.0202119	0.56629	0.00679272
149	0.0240827	0.0355965	0.00782442	0.0120617	0.00840783	0.00948345	0.0343405	0.0204875	0.035057	0.0243046	0.0167675	0.031142	0.0051913	0.00873551	0.0688774	0.0498451	0.0178072	0.0217034	0.561234	0.00705013
150	0.160586	0.0118148	0.00505868	0.0129018	0.0193835	0.0210588	0.00268621	0.14833	0.0065121	0.0658616	0.0450235	0.0069086	0.00742269	0.00552302	0.00703233	0.059658	0.122483	0.288301	0.000630422	0.00282383
151	0.0164417	0.00593752	0.205889	0.277223	0.000937023	0.138396	0.0396943	0.00262487	0.0396806	0.00171198	0.00446043	0.0852095	0.000736064	0.039843	0.0389949	0.0738958	0.0164046	0.00407477	0.00023562	0.00760857
152	0.0277112	0.00821072	0.365905	0.213283	0.00263312	0.0802801	0.0205012	0.00620401	0.023948	0.00589376	0.00531979	0.0639906	0.00557607	0.027498	0.0232822	0.075548	0.022846	0.0126337	0.000515664	0.00821944
153	0.0147943	0.00205676	0.000579966	0.00168198	0.0131095	0.00152115	0.00178333	0.300017	0.00095065	0.388764	0.0595035	0.00103554	0.00063229	0.000971448	0.003233	0.00576053	0.00844924	0.189504	0.00140463	0.00424723
154	0.327094	0.0391764	0.00363208	0.00935632	0.0042804	0.0434995	0.00253693	0.0142299	0.00549983	0.0184275	0.00713892	0.0143062	0.00525002	0.00345384	0.00873272	0.336003	0.114553	0.0383231	0.000729371	0.00377593
155	0.0105191	0.0071224	0.440025	0.424445	0.000810311	0.0440085	0.00717806	0.00138091	0.00434251	0.00156973	0.00116222	0.0100985	0.00253063	0.0210952	0.00119641	0.00605123	0.0036152	0.0110679	0.000260346	0.00152103
156	0.0123648	0.0017543	0.00122617	0.00253902	0.0498307	0.00276763	0.00742848	0.072283	0.00331633	0.714069	0.0574949	0.00178871	0.00290692	0.00207008	0.00436323	0.00879857	0.00966879	0.0398955	0.00046762	0.00496641
157	0.016294	0.00655096	0.246506	0.174433	0.00108785	0.161855	0.0538815	0.00208202	0.0366123	0.00209774	0.00446695	0.0998792	0.000702397	0.0335773	0.0404362	0.0901491	0.019952	0.0026013	0.000284031	0.00655127
158	0.0277003	0.00249762	0.000533211	0.000919669	0.0199933	0.00113303	0.000801085	0.312877	0.000943357	0.20502	0.0745063	0.00281281	0.00104684	0.00137773	0.00132878	0.00637912	0.0154154	0.317589	0.0024663	0.00465943
159	0.0153926	0.0102134	0.379424	0.264427	0.000984822	0.115014	0.0245615	0.00224542	0.0189905	0.00205484	0.00280824	0.0520667	0.00174923	0.025883	0.0177978	0.0431674	0.010856	0.007667	0.000291694	0.00440538
160	0.0716547	0.0058298	0.00213104	0.00331556	0.0964018	0.00466174	0.0621217	0.0748361	0.00264454	0.326245	0.0653252	0.00378848	0.0156401	0.0102861	0.00789138	0.104958	0.018475	0.0801238	0.00330294	0.0403665
161	0.00453254	0.00797569	0.0012643	0.00221834	0.564413	0.00201361	0.0234443	0.00335263	0.00181029	0.0363432	0.00853958	0.00201751	0.00103859	0.0019728	0.00876714	0.0139023	0.0039408	0.00405219	0.000500756	0.3079
162	0.0383298	0.0314273	0.0191993	0.0411966	0.00568842	0.0400563	0.00846718	0.0158229	0.283103	0.0288214	0.00840469	0.0241212	0.00209399	0.0177856	0.323748	0.0191371	0.0379994	0.0281358	0.0232091	0.00325287
163	0.00773313	0.0346495	0.00118688	0.025554	0.00894361	0.009983	0.0457393	0.00782776	0.185112	0.0133628	0.00751972	0.0340051	0.00351155	0.0980462	0.431878	0.0555292	0.0203935	0.00431881	0.00078857	0.00391737
164	0.0643888	0.00254592	0.000906741	0.00157009	0.00763398	0.0018043	0.000636032	0.276318	0.00248529	0.0609562	0.0292847	0.00500284	0.000455738	0.00246545	0.00297916	0.0129936	0.0434048	0.482065	0.000893918	0.00120864
165	0.0179821	0.00326903	0.000563277	0.00119094	0.0252112	0.00105598	0.00118093	0.312233	0.000802226	0.301885	0.0872969	0.00112723	0.00123779	0.000903189	0.00199584	0.00525696	0.00860356	0.218874	0.00274435	0.00658643
166	0.0901892	0.000987135	0.00756595	0.0175929	0.00164242	0.00790873	0.000768254	0.230241	0.0123404	0.044549	0.0998404	0.00700855	0.000564913	0.0038014	0.00440964	0.053492	0.161426	0.254578	0.000320991	0.000773165
167	0.370849	0.0150916	0.00279665	0.00679836	0.00943115	0.0158386	0.00196025	0.0312	0.00593245	0.0255717	0.0223744	0.0202806	0.00199096	0.00633548	0.00714882	0.142554	0.217936	0.0917391	0.000500463	0.00366948
168	0.0486007	0.000966885	0.000389071	0.000698851	0.00909317	0.00163562	0.00052691	0.267032	0.00181714	0.0702378	0.0300033	0.00573942	0.000412731	0.00223225	0.00134784	0.0059316	0.0272703	0.524255	0.00112859	0.000680606
169	0.0188308	0.00567244	0.00918629	0.0194896	0.0033805	0.0155591	0.00831774	0.0139815	0.390422	0.0131667	0.00520471	0.0297529	0.000982627	0.0390986	0.366387	0.0298594	0.0219812	0.0054305	0.00205259	0.00124323
170	0.203687	0.00895311	0.00771448	0.0189913	0.005301	0.0172436	0.002769	0.0157594	0.0157228	0.00912928	0.00519459	0.0488443	0.00604443	0.0028509	0.0217151	0.416065	0.163414	0.0227265	0.000399319	0.00747482
171	0.100818	0.00727092	0.0231031	0.0499798	0.00720266	0.0589144	0.00403065	0.0322033	0.109052	0.020886	0.0306874	0.0596505	0.0103643	0.0339716	0.0804858	0.18196	0.14703	0.0385848	0.000417597	0.00338833
172	0.0801429	0.0621872	0.0105728	0.0106149	0.0369432	0.233601	0.0673071	0.0118919	0.0358779	0.0214895	0.00881917	0.084582	0.00734654	0.0149288	0.0787733	0.117226	0.0239166	0.0354894	0.00287389	0.0554161
173	0.0582377	0.00476423	0.0067989	0.0310067	0.00492383	0.0605329	0.00262534	0.0627687	0.200648	0.0304473	0.052856	0.0658773	0.00632624	0.0246928	0.120951	0.0903537	0.100818	0.0724924	0.000826725	0.00205232
174	0.115313	0.00512182	0.00603535	0.0102691	0.0170573	0.00392994	0.00254916	0.0968996	0.00282789	0.322548	0.103437	0.00807264	0.00667479	0.00399149	0.00364553	0.0278875	0.0694136	0.190798	0.00178366	0.00174505
175	0.00831754	0.00106924	0.000779038	0.00126587	0.0136357	0.0012873	0.000922847	0.529331	0.00475933	0.00729515	0.0196497	0.00159699	0.00050436	0.00122229	0.00298669	0.00315737	0.00258887	0.394202	0.000307813	0.00512093
176	0.256331	0.0153655	0.00877314	0.0128089	0.00501872	0.333457	0.0053606	0.0178298	0.00589971	0.0080185	0.0046424	0.0103044	0.00917548	0.00524608	0.0114192	0.167726	0.058353	0.0604596	0.000545454	0.00326556
177	0.0271805	0.0028929	0.191207	0.500636	0.00122216	0.0337644	0.00765104	0.00613995	0.0415752	0.0029727	0.00461174	0.0253678	0.00197009	0.0669409	0.0338827	0.0221455	0.0091469	0.0108006	0.000355058	0.00953667
178	0.461418	0.0177694	0.00465447	0.00952893	0.00301912	0.0969127	0.00297572	0.014692	0.00349525	0.00725495	0.00309371	0.00848174	0.00533964	0.00316483	0.00884724	0.200514	0.0916695	0.055297	0.000401831	0.00147001
179	0.0212259	0.00213824	0.000736952	0.00210802	0.010987	0.00214035	0.00245007	0.212279	0.000990651	0.509495	0.0480555	0.00130692	0.00099579	0.000990193	0.00369201	0.00635773	0.011526	0.158168	0.00135872	0.00299699
180	0.00698287	0.0199064	0.000939477	0.0345908	0.00445657	0.00895182	0.0698535	0.0087561	0.181366	0.0145144	0.00932771	0.0384823	0.00333344	0.0998508	0.42008	0.047421	0.0211997	0.00467515	0.000492533	0.00481974
181	0.236372	0.0183913	0.00161089	0.00285899	0.00370727	0.00430539	0.00187537	0.19898	0.00460244	0.00868537	0.00775606	0.00292141	0.00136959	0.00213557	0.0173433	0.0494611	0.0916747	0.336097	0.000552266	0.00929964
182	0.00637714	0.00727885	0.00180404	0.00311909	0.40493	0.00322264	0.0207155	0.00359377	0.00232614	0.0296905	0.00804633	0.00311473	0.00221844	0.00335323	0.00840377	0.0152573	0.00572952	0.00385722	0.000615718	0.466346
183	0.47471	0.0148767	0.00214622	0.00622594	0.0033747	0.0512602	0.00123681	0.0152402	0.00271924	0.0107244	0.00467989	0.00569992	0.00212341	0.00333255	0.00414733	0.179947	0.135827	0.0796134	0.000410397	0.00170486
184	0.0920274	0.0582834	0.00617111	0.00856438	0.0704854	0.00745395	0.0600345	0.0375709	0.0181214	0.194827	0.0530008	0.0191787	0.0138524	0.0333082	0.100373	0.0820419	0.0507062	0.0321527	0.0221664	0.0396802
185	0.0201259	0.00482431	0.0112936	0.0170495	0.00318069	0.0166575	0.0045349	0.0134565	0.412186	0.0121489	0.00510293	0.0278385	0.000767333	0.028559	0.364621	0.0252778	0.0224112	0.006245	0.00281999	0.000899239
186	0.0191691	0.0405683	0.00607381	0.00948301	0.00785545	0.00926845	0.0377876	0.0133061	0.0379022	0.0147664	0.0110414	0.0380753	0.00450074	0.00785517	0.0834587	0.0562129	0.0164449	0.0145163	0.56567	0.00604447
187	0.00675127	0.000787226	0.000480379	0.00110151	0.0599407	0.00206772	0.00863471	0.0663035	0.00111525	0.7409	0.062812	0.000840338	0.00204131	0.00104587	0.00206132	0.0057847	0.00626521	0.0252847	0.000379181	0.00540323
188	0.0322607	0.0183447	0.046557	0.00236441	0.040976	0.00366874	0.251558	0.00351293	0.00307865	0.0341874	0.00439751	0.119426	0.0564552	0.0679996	0.0318234	0.14976	0.0355162	0.028351	0.00062921	0.0691341
189	0.00666421	0.0173554	0.000698618	0.0239716	0.0045054	0.0102376	0.0439781	0.00687904	0.18966	0.0123972	0.00678551	0.035589	0.00358539	0.093819	0.470223	0.0477762	0.0190123	0.00306172	0.000474726	0.00332657
190	0.0921776	0.0573602	0.00830843	0.00786434	0.0687602	0.00921995	0.0677963	0.0345647	0.01984	0.185426	0.0486671	0.0216508	0.0176365	0.0373527	0.0988682	0.0820199	0.0489111	0.0307631	0.0201167	0.0426962
191	0.0372821	0.00285039	0.000471955	0.000929591	0.0213443	0.00129056	0.000742635	0.260843	0.000929086	0.185008	0.0628072	0.00342868	0.00143854	0.00153372	0.00111514	0.00557996	0.0205805	0.384245	0.00378547	0.00379507
