273	20
1	0.0808634	0.0325472	0.0020974	0.0029995	0.0548846	0.0113208	0.00464756	0.0141637	0.00283424	0.17808	0.0386756	0.00441126	0.370491	0.00594369	0.00203373	0.0901746	0.0688336	0.025213	0.00368545	0.00609913
2	0.0240764	0.0016654	0.00017309	0.000231939	0.00897946	0.00187796	0.000369034	0.310917	0.000308602	0.160372	0.0354378	0.000471105	0.00442377	0.000512352	0.000205156	0.00665058	0.0136822	0.425972	0.000267331	0.00340688
3	0.152936	0.00864568	0.000138481	0.000164657	0.05996	0.0425787	0.000240838	0.150385	0.000176331	0.388804	0.034919	0.0002995	0.000260734	0.00034352	0.000115654	0.0120231	0.0127942	0.134608	0.000229082	0.000377591
4	0.0280149	0.000451901	0.000156769	0.000205046	0.026766	0.00711998	0.00212518	0.241311	0.000162768	0.473605	0.0382162	0.000647187	0.000438103	0.000364006	0.000187515	0.00945607	0.0132569	0.149764	0.00522306	0.0025286
5	0.0335528	0.0296375	0.00068247	0.000808708	0.00572726	0.00347416	0.00942368	0.00408032	0.00747358	0.0250602	0.00624524	0.00150034	0.767842	0.00946418	0.000642471	0.0268755	0.0319284	0.0325612	0.000857867	0.0021618
6	0.0283264	0.00205311	0.00012376	0.000220295	0.157355	0.00113299	0.000249618	0.105113	0.00017483	0.498388	0.0940075	0.000342465	0.000240115	0.000327534	0.000126444	0.00288075	0.00545852	0.0973684	0.00548598	0.000625755
7	0.096518	0.00693364	7.91298e-05	0.00013119	0.0793409	0.0325181	0.000152284	0.200999	0.000118035	0.306049	0.0271921	0.0001917	0.000573527	0.000213563	9.55367e-05	0.0115623	0.026206	0.210001	0.000203893	0.000920789
8	0.313825	0.0265447	0.000131861	0.00209837	0.0321335	0.135837	0.000280972	0.0612132	0.00014287	0.0820206	0.0400082	0.00292863	0.00873554	0.00345422	0.00016737	0.0969083	0.0910864	0.100666	0.000207441	0.00160911
9	0.616407	0.00337269	0.00162909	0.00413274	0.00137413	0.173662	0.000400384	0.00854618	0.00100457	0.0160805	0.011048	0.00176051	0.011105	0.00246807	0.00198937	0.0743312	0.0430345	0.0264318	0.000331486	0.00089079
10	0.314837	0.022131	0.000143569	0.00169197	0.0346457	0.126228	0.000402194	0.0766198	0.000199324	0.0891464	0.0363001	0.00248533	0.0104414	0.00289048	0.000193188	0.0886286	0.0728482	0.113887	0.00385081	0.00242982
11	0.148078	0.00902847	0.000114116	0.000154447	0.0627421	0.0428766	0.00022415	0.156261	0.000158656	0.382213	0.0346315	0.000289797	0.000235291	0.000293392	0.000107896	0.0119676	0.0134725	0.136625	0.000191252	0.000335351
12	0.129303	0.051335	0.0006256	0.00119117	0.00482807	0.0367172	0.0106103	0.0433347	0.0110302	0.165026	0.142203	0.0443147	0.00157667	0.0579779	0.000663429	0.14839	0.11308	0.0266056	0.00108263	0.0101039
13	0.0630614	0.00812989	0.000102734	0.000149	0.0561615	0.00209115	0.000346687	0.186997	0.000131494	0.302436	0.10575	0.000427291	0.00335588	0.00189473	0.000134858	0.0121878	0.0377864	0.204027	0.0014953	0.0133343
14	0.0549874	0.00462555	8.02097e-05	0.000122173	0.056156	0.002677	0.000367902	0.215745	0.000145544	0.287536	0.101651	0.000257431	0.00528349	0.00260174	0.000125138	0.00942808	0.0253039	0.223223	0.000444031	0.00923986
15	0.275722	0.00381442	0.000255522	0.000647832	0.0025711	0.504591	0.0042213	0.00442173	0.00444049	0.00716428	0.00758662	0.00449336	0.00795245	0.00163618	0.000316878	0.140854	0.0175363	0.0103577	0.000305052	0.00111123
16	0.0564099	0.000992098	0.201385	0.0577108	0.00277278	0.200256	0.0134127	0.00413985	0.0410194	0.0264867	0.00778525	0.205332	0.00696605	0.0396273	0.0287641	0.0788236	0.0174128	0.00546123	0.000871104	0.00437122
17	0.0154328	0.0160215	0.000377942	0.000549742	0.334674	0.00357797	0.0391384	0.0147366	0.000777416	0.0213193	0.0217982	0.00916103	0.000743616	0.0125443	0.000567736	0.0167636	0.0080534	0.0130142	0.0279817	0.442766
18	0.133748	0.000984127	0.0401908	0.0471199	0.0254023	0.0267905	0.0135424	0.0104945	0.0437101	0.0650686	0.00995252	0.00834144	0.323847	0.0862097	0.0125933	0.0631154	0.0298544	0.0314335	0.0206304	0.00697109
19	0.301531	0.00127773	0.000709759	0.0182381	0.00378811	0.0520831	0.00115676	0.0222501	0.00116815	0.0349587	0.0140995	0.00159122	0.291371	0.0100638	0.000566855	0.111131	0.0140736	0.116879	0.00112897	0.00193303
20	0.0702743	0.000781535	0.0650192	0.0343553	0.0021132	0.123562	0.0201925	0.00597863	0.100201	0.0170743	0.0158371	0.0692974	0.0153897	0.0507747	0.268127	0.0714404	0.0417064	0.017174	0.000666924	0.0100343
21	0.0314214	0.000698781	0.000334851	0.000485933	0.292066	0.00515082	0.000567536	0.156903	0.000350908	0.123392	0.0523335	0.0018969	0.00270489	0.00143616	0.00164064	0.0160151	0.0135087	0.129032	0.0201186	0.149941
22	0.277773	0.00164804	0.000174226	0.00025348	0.001498	0.554016	0.0054952	0.00279681	0.00560529	0.00426707	0.00529406	0.00419176	0.00842222	0.000981531	0.000191651	0.105423	0.0137808	0.00729698	0.000243187	0.000647627
23	0.0619495	0.00296902	0.000385291	0.000482224	0.0191101	0.00768015	0.00120768	0.303693	0.000438946	0.158117	0.0550074	0.00162122	0.00294633	0.00106507	0.000378315	0.0198469	0.0247321	0.331588	0.00130855	0.00547359
24	0.0751324	0.00244613	0.0163361	0.0169615	0.00556191	0.00581648	0.00207382	0.0546533	0.00153202	0.0582016	0.00694314	0.0347544	0.0489298	0.0178637	0.0165116	0.177174	0.163208	0.291038	0.00180006	0.00306207
25	0.0283173	0.00203993	0.000123756	0.000218279	0.157107	0.00114446	0.000253931	0.104758	0.000174822	0.499121	0.0939672	0.000339883	0.000240096	0.000347883	0.00012571	0.0029143	0.0054726	0.0972229	0.00548633	0.00062435
26	0.135768	0.002403	0.00150859	0.0222722	0.0252228	0.00798659	0.0030032	0.0572223	0.0025567	0.0588499	0.0830041	0.00395632	0.00265388	0.00315261	0.0371898	0.0159855	0.0559783	0.420972	0.00216149	0.058153
27	0.353434	0.00350984	0.000834438	0.00107054	0.0219904	0.0958499	0.00158335	0.0615779	0.000929514	0.105183	0.00913034	0.00233146	0.00226141	0.00177059	0.000788418	0.0509272	0.0189426	0.249129	0.00566811	0.0130878
28	0.0573262	0.00216427	0.466139	0.0792613	0.00653723	0.0909932	0.0595814	0.0166986	0.0120751	0.0265307	0.0101321	0.0471664	0.00488039	0.0302423	0.00981118	0.0312707	0.0123444	0.0225778	0.00199562	0.0122717
29	0.10124	0.00147732	0.000611248	0.0130502	0.00296726	0.0383864	0.0445607	0.113861	0.0268277	0.101882	0.0735891	0.00907817	0.0428361	0.0957579	0.0731615	0.0806908	0.0560851	0.103858	0.0131521	0.00692684
30	0.0486284	0.00113517	0.000469521	0.000605983	0.283508	0.00551537	0.00102231	0.0172616	0.000531595	0.468231	0.0316493	0.000997548	0.00098245	0.00114673	0.000459713	0.0210023	0.0524857	0.0546984	0.00126445	0.00840449
31	0.142459	0.000899698	0.000383136	0.00056609	0.00193639	0.0885699	0.000681556	0.00294286	0.000612353	0.00439935	0.00267919	0.018996	0.00106317	0.00099222	0.000385587	0.687799	0.0381747	0.0042768	0.000763929	0.00141937
32	0.48617	0.0126459	0.000290128	0.00224707	0.00601734	0.086334	0.000393222	0.0391776	0.00118645	0.0230397	0.00888358	0.00401505	0.00424727	0.00201951	0.000897472	0.150681	0.0747084	0.0885265	0.000259078	0.00826155
33	0.0627182	0.00267895	0.000188227	0.000536608	0.0618148	0.0168986	0.000866558	0.158565	0.000974694	0.369064	0.105145	0.00234319	0.00466395	0.000795902	0.00120476	0.0319676	0.0345016	0.103123	0.0140648	0.0278845
34	0.0195068	0.000788693	0.000333478	0.000497242	0.0885511	0.00681804	0.00313895	0.0464037	0.000495159	0.407973	0.354364	0.000788374	0.000795848	0.00368459	0.000337577	0.0121154	0.0181657	0.0276751	0.000465055	0.00710252
35	0.059662	0.0029373	0.000180532	0.000263249	0.037623	0.00949686	0.000696546	0.216761	0.000236453	0.31786	0.0363899	0.000489053	0.00203048	0.000445774	0.000166757	0.01597	0.0246561	0.269005	0.00159438	0.00353542
36	0.0893208	0.0146667	0.000196611	0.000354206	0.0472644	0.00587026	0.000450717	0.115685	0.000249788	0.345968	0.107385	0.00100496	0.00139713	0.000517524	0.000246896	0.0225759	0.0704052	0.15937	0.00442101	0.01265
37	0.10555	0.00488318	0.00016198	0.00162792	0.029271	0.0208106	0.00164087	0.225387	0.00163528	0.13089	0.0636717	0.00434145	0.000560624	0.00040618	0.000329262	0.046853	0.100341	0.256779	0.00031323	0.00454748
38	0.349842	0.0079234	0.000268092	0.00260286	0.00581168	0.0735839	0.000467561	0.0113573	0.00127108	0.0188456	0.0129125	0.0130472	0.00298351	0.00179937	0.000717174	0.234803	0.202683	0.05545	0.000358532	0.00327193
39	0.451308	0.01053	0.000215147	0.00354405	0.00142384	0.0983076	0.000244539	0.0207203	0.00231342	0.0298861	0.0132027	0.0117651	0.00604908	0.00288331	0.00155427	0.239679	0.044511	0.0530856	0.000195426	0.00858145
40	0.0755598	0.00509933	8.56835e-05	0.000148081	0.0674739	0.0261847	0.000202485	0.241788	0.000115675	0.24976	0.0231501	0.000345863	0.00097853	0.000272279	0.00012519	0.0135687	0.0331097	0.260672	0.000177082	0.00118392
41	0.059168	0.00318643	0.000153069	0.000296776	0.0201041	0.00550271	0.000313504	0.264767	0.000167259	0.184466	0.043844	0.000718324	0.00295415	0.000424489	0.000278485	0.013167	0.0256075	0.371817	0.000278384	0.00278635
42	0.320069	0.0266571	0.000123262	0.00204759	0.031228	0.136018	0.000288761	0.0610125	0.00016469	0.0830436	0.0406175	0.00308822	0.00905302	0.00325468	0.000175046	0.0966839	0.0843864	0.100097	0.000189174	0.00180295
43	0.0737325	0.00164691	0.000301236	0.000422071	0.211048	0.0122193	0.000622635	0.0611076	0.000360716	0.443241	0.0370355	0.00067172	0.000614265	0.000612066	0.000252491	0.0194491	0.037569	0.0942624	0.00129469	0.00353604
44	0.387988	0.0725415	0.000361069	0.00126282	0.0418435	0.0880293	0.000805514	0.0316416	0.000559742	0.0874758	0.0376876	0.00198711	0.0266798	0.00222504	0.0004716	0.0671819	0.049194	0.0991981	0.000812876	0.00205344
45	0.216522	0.109928	0.000794197	0.00106261	0.00425769	0.0674523	0.00158743	0.0978289	0.00100957	0.02151	0.00534621	0.00181329	0.00168751	0.00175897	0.000769977	0.168077	0.0963118	0.197052	0.00102177	0.0042088
46	0.125029	0.00214273	0.000211994	0.00330651	0.0544213	0.0522017	0.0109058	0.0881898	0.00398482	0.173252	0.0852067	0.0305311	0.0014975	0.0148777	0.001651	0.0958732	0.0850624	0.148384	0.0132553	0.0100154
47	0.0534823	0.000623144	0.000255911	0.000363687	0.0906074	0.0108933	0.00306634	0.217903	0.00298036	0.316654	0.0312259	0.00106017	0.011556	0.000806819	0.00703527	0.016113	0.0236548	0.140107	0.0566092	0.015002
48	0.0132904	0.0189136	0.000314351	0.000431351	0.298131	0.00188058	0.0483669	0.011671	0.000490526	0.0132049	0.0205991	0.0107878	0.000644665	0.0152915	0.000470514	0.0170145	0.00676812	0.00354878	0.0206	0.497581
49	0.555018	0.00616624	0.00115073	0.00683433	0.0012852	0.114698	0.00028	0.0129107	0.00211876	0.0182608	0.0119104	0.00626749	0.0103474	0.00525256	0.0020661	0.164717	0.0431979	0.0336522	0.000188106	0.00367836
50	0.119062	0.00598962	0.000155977	0.000564571	0.0897446	0.0330197	0.000771284	0.12871	0.000722872	0.369645	0.0576877	0.00297663	0.00119384	0.00111017	0.000378099	0.0303281	0.0310299	0.115661	0.0030645	0.0081845
51	0.0318391	0.0010778	0.000349131	0.000500282	0.362548	0.00303759	0.00075727	0.0743085	0.000543771	0.0961743	0.0573913	0.00609131	0.00109307	0.00116998	0.000508332	0.0395048	0.0262938	0.108906	0.00798226	0.179923
52	0.0338126	0.0210145	0.00136938	0.00192165	0.0236602	0.00726691	0.112046	0.0101981	0.00191844	0.397677	0.0913843	0.0600091	0.0211031	0.121961	0.00134442	0.0291498	0.00809628	0.0311341	0.0209555	0.00397711
53	0.121543	0.00698787	0.000122406	0.000144874	0.0866611	0.0347276	0.000212729	0.14973	0.000183195	0.391425	0.0437574	0.000269093	0.000279876	0.000288855	0.000155001	0.0107872	0.0129581	0.137487	0.00116401	0.00111586
54	0.0164103	0.000581521	0.0002645	0.0003834	0.0514637	0.00230489	0.00522848	0.042786	0.000315971	0.61915	0.172057	0.000594979	0.000595429	0.0116337	0.00030261	0.0184594	0.015548	0.0310595	0.000406444	0.0104539
55	0.0983443	0.00441518	0.000136933	0.000999919	0.036887	0.0366441	0.00199104	0.190204	0.000966207	0.16513	0.0899098	0.01491	0.000556661	0.00252387	0.000176238	0.0766625	0.0917633	0.179934	0.00348709	0.00435762
56	0.260532	0.0188457	0.000707453	0.00126604	0.0233202	0.0595056	0.00122957	0.0597482	0.0010198	0.181309	0.104582	0.00290516	0.00301314	0.00233324	0.000830438	0.0326172	0.136913	0.104757	0.00194295	0.00262145
57	0.287236	0.00370842	0.000181153	0.000319363	0.00282382	0.517682	0.004958	0.00443983	0.00509491	0.00752916	0.00736622	0.00420917	0.00757522	0.00157227	0.00025334	0.118907	0.0157223	0.00936247	0.00026588	0.000792677
58	0.0557048	0.00349054	0.000170196	0.000156128	0.0173441	0.00535236	0.000295222	0.279093	0.000224489	0.168941	0.0317284	0.000638132	0.00269061	0.000393521	0.000181051	0.00965003	0.0238432	0.397461	0.000242873	0.00239885
59	0.027477	0.104453	0.000937271	0.00160403	0.0632503	0.047464	0.0165244	0.036492	0.00143402	0.0242721	0.0478059	0.294095	0.00210884	0.00201502	0.000898752	0.151276	0.0773918	0.00962463	0.0160485	0.0748273
60	0.108542	0.0346518	0.00128762	0.00216064	0.0228926	0.0809514	0.00559975	0.132537	0.00328036	0.123314	0.134887	0.0385859	0.00270981	0.0171285	0.00111563	0.0766955	0.0914692	0.111704	0.00345927	0.00702835
61	0.47424	0.0107411	0.000358199	0.00320814	0.00224833	0.0836596	0.000303454	0.0217536	0.00197769	0.0304405	0.0114962	0.00898657	0.00668578	0.00273173	0.00137144	0.22612	0.0513591	0.054964	0.00030776	0.00704637
62	0.0334879	0.00186262	0.000139506	0.000244375	0.142324	0.00409866	0.00116945	0.113991	0.000200412	0.46576	0.0996927	0.000576661	0.000877029	0.00136874	0.000260953	0.00806958	0.0127096	0.0998527	0.00481178	0.00850263
63	0.033171	0.00281237	0.000272415	0.000392702	0.04207	0.00396752	0.00377226	0.0542707	0.000337814	0.59846	0.138595	0.000988613	0.000821989	0.00470684	0.000329437	0.0259235	0.0291136	0.0480163	0.00230323	0.00967507
64	0.260672	0.00519999	0.00105933	0.00255891	0.00708441	0.068389	0.000921181	0.0133598	0.00365277	0.0188694	0.0146947	0.0119193	0.00317674	0.0030966	0.00145556	0.248107	0.289596	0.0429115	0.000637699	0.00263834
65	0.294596	0.00167576	0.000166587	0.00022299	0.0015761	0.533158	0.00656322	0.0027786	0.00633841	0.00488601	0.0056784	0.00501807	0.00737935	0.00101884	0.000191188	0.106723	0.0142581	0.00697953	0.000249434	0.000541481
66	0.0567619	0.00295384	0.500641	0.085213	0.00782909	0.0597837	0.0729749	0.0199564	0.00743517	0.0271989	0.0109938	0.0315916	0.00437996	0.0258318	0.00550455	0.0241047	0.0125244	0.0269442	0.00265634	0.0147202
67	0.0290646	0.000411411	0.000133981	0.000183737	0.026973	0.00723155	0.00191893	0.237875	0.000138455	0.476447	0.0398225	0.000594954	0.000410571	0.000361059	0.000148315	0.00939933	0.0133692	0.148258	0.00487957	0.00237877
68	0.0388566	0.00240816	0.000876439	0.00100507	0.49773	0.00641596	0.00193072	0.0442564	0.000809979	0.100388	0.0248314	0.00270786	0.0018267	0.00171915	0.0010003	0.0167769	0.0182231	0.0981409	0.0122107	0.127886
69	0.0587322	0.0310202	0.0557619	0.0182499	0.034279	0.0722439	0.0244475	0.0294144	0.0199405	0.0414138	0.030708	0.320573	0.00736712	0.0190533	0.0200899	0.091307	0.0475886	0.0349534	0.00792184	0.034935
70	0.016002	0.000665958	0.000185801	0.000328515	0.0633658	0.00221109	0.00417648	0.0431621	0.000240563	0.636794	0.151787	0.000455818	0.000445904	0.00503201	0.000159935	0.015233	0.0159567	0.0339406	0.000943313	0.00891335
71	0.0153429	0.009589	0.000371998	0.000497796	0.489945	0.00188639	0.0205184	0.0165463	0.000479896	0.0325912	0.0169344	0.00508886	0.000706279	0.00700387	0.000438346	0.0129866	0.00932126	0.029869	0.0133696	0.316513
72	0.0645471	0.00333744	0.00092555	0.00359524	0.0192364	0.0108445	0.00160309	0.143589	0.00120417	0.0956343	0.0275961	0.00799888	0.00300989	0.0022997	0.0046539	0.0223367	0.0439574	0.532895	0.0016917	0.00904373
73	0.124915	0.0564466	0.00396454	0.00509667	0.206286	0.086635	0.0101027	0.0189066	0.0048103	0.0444064	0.0653239	0.0169099	0.00538547	0.0101849	0.00588159	0.0965939	0.0165249	0.0298438	0.164828	0.026955
74	0.0369377	0.000889931	0.000284017	0.000532048	0.204645	0.00743733	0.00134623	0.19503	0.000480485	0.165173	0.0786515	0.0016994	0.00347576	0.00307735	0.00207386	0.0167415	0.0130284	0.135435	0.0182889	0.114772
75	0.0820401	0.00693017	0.0824465	0.330732	0.0219414	0.0753986	0.0297431	0.03275	0.0250764	0.0457152	0.0287708	0.0206479	0.0147329	0.0360366	0.0162508	0.0482089	0.0309563	0.047175	0.00749778	0.0169496
76	0.0229606	0.00187175	0.000184779	0.000263672	0.00550334	0.00127627	0.000393327	0.317792	0.000335268	0.146932	0.0341658	0.000479857	0.00380889	0.000538606	0.000243207	0.00607173	0.0138258	0.439571	0.000276602	0.00350535
77	0.0213574	0.000913743	0.000365563	0.000521154	0.0880987	0.00623587	0.00273784	0.0501509	0.000543493	0.392953	0.364176	0.00079296	0.000827092	0.00392995	0.000350141	0.0128804	0.0172948	0.0287842	0.000571008	0.00651564
78	0.0740767	0.00518571	0.000232454	0.00054802	0.0492859	0.0143608	0.00251977	0.131698	0.000835042	0.413861	0.104476	0.00327859	0.00201481	0.0036767	0.000480498	0.0368187	0.0351754	0.106393	0.00451046	0.0105723
79	0.111441	0.00554626	0.000255879	0.000792502	0.0198705	0.023662	0.000981089	0.213034	0.00077264	0.168397	0.129372	0.00611285	0.000591493	0.00109206	0.000384529	0.050409	0.0869295	0.174715	0.00200068	0.00363848
80	0.525114	0.0115417	0.000827313	0.00355417	0.00214829	0.0710584	0.000678499	0.0153517	0.00169671	0.0204444	0.00969905	0.00650024	0.0144148	0.00289396	0.00146301	0.217999	0.0398273	0.0488308	0.000456046	0.005501
81	0.266775	0.00495641	0.000364317	0.00159894	0.0028516	0.0967666	0.000942598	0.00954289	0.00124759	0.0126164	0.00649298	0.0137701	0.00523426	0.00186615	0.000947082	0.502681	0.044705	0.0224419	0.000676789	0.00352214
82	0.0143329	0.0178752	0.000315028	0.000422853	0.336021	0.00177526	0.0418316	0.0113834	0.000480508	0.0168845	0.020446	0.00914928	0.000632325	0.0130516	0.00044942	0.0156454	0.00676894	0.00759602	0.018425	0.466514
83	0.31491	0.0294048	0.000202208	0.0016448	0.0299389	0.131412	0.00042435	0.0770341	0.00022376	0.0646346	0.0324897	0.00265198	0.00726524	0.00257506	0.000199799	0.0911004	0.0765838	0.134058	0.000610657	0.00263696
84	0.0316223	0.00203487	0.00012579	0.000262474	0.1175	0.00437772	0.00169266	0.101581	0.000279234	0.500021	0.11268	0.000542785	0.000808735	0.00213618	0.000181055	0.00987513	0.0144738	0.0890172	0.00356726	0.00722077
85	0.0830454	0.00207612	0.000168793	0.000256729	0.0201716	0.00337214	0.000618747	0.272293	0.000225315	0.249839	0.141305	0.000539411	0.00142058	0.00187256	0.000184452	0.0239725	0.0193357	0.172248	0.00109094	0.00596365
86	0.244263	0.00843607	0.000696537	0.00267417	0.0154965	0.0504393	0.00217167	0.134374	0.0019177	0.0934005	0.0559037	0.00508353	0.00251585	0.00209512	0.000844504	0.0525591	0.159225	0.16146	0.00141272	0.00503092
87	0.0620877	0.00249069	0.000662844	0.00154413	0.0480011	0.00710676	0.0234273	0.223268	0.00123708	0.182721	0.202846	0.00251092	0.00387446	0.0395729	0.00200317	0.0559866	0.0108349	0.0939842	0.00226153	0.0335784
88	0.119525	0.00139256	0.113524	0.0401008	0.00306056	0.205741	0.00739753	0.00439513	0.0513609	0.0192325	0.0151303	0.105968	0.015383	0.0246562	0.0674595	0.123633	0.0590639	0.00803343	0.000774801	0.014167
89	0.0531375	0.000662887	0.0165587	0.0262138	0.00162585	0.0505525	0.0218772	0.00667562	0.134511	0.0153005	0.018762	0.0258568	0.0114128	0.0581968	0.432584	0.0483678	0.0417666	0.0235437	0.000492578	0.0119012
90	0.0541069	0.00646324	0.000112582	0.000147444	0.0515347	0.00201986	0.000313034	0.194669	0.000121287	0.321802	0.105432	0.000760067	0.00313721	0.00147715	0.000125474	0.0136127	0.0411205	0.187586	0.00321886	0.0122392
91	0.0526943	0.0006682	0.0167539	0.0263724	0.00163205	0.0503336	0.0210167	0.00605413	0.13514	0.0149328	0.0182217	0.0256336	0.0111794	0.0574051	0.436518	0.0482513	0.041743	0.0229782	0.000410535	0.012061
92	0.507004	0.00669985	0.000747678	0.00693907	0.00114843	0.119852	0.000201344	0.0171895	0.00281922	0.0233989	0.0134095	0.00921336	0.00809663	0.00511712	0.00185186	0.180813	0.0505573	0.0397231	0.000151206	0.00506759
93	0.267982	0.00308607	0.000358752	0.00308983	0.0107785	0.0851619	0.000569558	0.00875782	0.000538211	0.0201656	0.0209772	0.0147256	0.000887915	0.000892124	0.000417457	0.210243	0.298578	0.0511013	0.000476327	0.00121244
94	0.101081	0.00148539	0.00066286	0.013014	0.00294948	0.0386279	0.0447366	0.113664	0.0269083	0.10152	0.0733835	0.00916258	0.0428158	0.0959952	0.073227	0.0804661	0.0563204	0.103884	0.0132383	0.00685714
95	0.0144572	0.0167068	0.000343616	0.0004584	0.327509	0.00200931	0.042075	0.0144233	0.000557311	0.0192538	0.0210526	0.00953901	0.00086917	0.0134399	0.000445966	0.0169559	0.00785092	0.0116326	0.0191975	0.461223
96	0.103433	0.0055517	0.000106708	0.000250129	0.0389247	0.02024	0.000291929	0.256839	0.000211578	0.155407	0.0587058	0.0037326	0.000859442	0.000455621	0.000139118	0.0376559	0.0629699	0.252338	0.000154296	0.00173325
97	0.108027	0.00576746	9.02134e-05	0.000163414	0.0411701	0.0202465	0.000247428	0.254478	0.000136311	0.160125	0.0433661	0.00308645	0.000535181	0.000240642	0.000128411	0.0382012	0.0624186	0.259613	0.00072868	0.00123034
98	0.0448778	0.00346512	9.26858e-05	0.000171031	0.0627986	0.00292008	0.000624342	0.224936	0.000157071	0.288663	0.101061	0.000311255	0.00447586	0.00312721	0.000367514	0.0084074	0.020319	0.214445	0.00243592	0.0163437
99	0.147041	0.00104795	0.000389667	0.000584361	0.00201865	0.0885125	0.000682555	0.00326033	0.000650635	0.00501815	0.00285807	0.0191182	0.0011305	0.000975505	0.000407718	0.67775	0.040867	0.00537425	0.000725311	0.0015867
100	0.0492824	0.00405073	8.51309e-05	0.000160642	0.0525173	0.0051223	0.000595509	0.20611	0.000200967	0.34419	0.0923875	0.000989977	0.00308172	0.00151285	0.000273871	0.0159219	0.0318303	0.172371	0.00553352	0.0137827
101	0.0710314	0.00626611	8.33557e-05	0.000111074	0.0630294	0.0106244	0.000119326	0.215277	8.25494e-05	0.263896	0.0490914	0.000225704	0.00294179	0.000432452	0.000100182	0.0111264	0.0337922	0.26603	0.000145734	0.00559373
102	0.327502	0.00419651	0.000211279	0.000212939	0.00255523	0.469466	0.00436628	0.00374708	0.00437428	0.00586883	0.0105423	0.00347451	0.00514247	0.00167732	0.000254995	0.125891	0.0220815	0.0075538	0.000307839	0.000573403
103	0.24775	0.00413989	0.00182244	0.00241739	0.00640306	0.114477	0.00134426	0.00873573	0.00201941	0.0139507	0.0110622	0.0146236	0.00584214	0.00285314	0.00234135	0.410675	0.120205	0.0258863	0.00064631	0.00280529
104	0.128756	0.00196047	0.000174476	0.00310835	0.0581369	0.0543119	0.00641922	0.0918374	0.0034292	0.171613	0.0866635	0.0306595	0.000528628	0.00951987	0.000276477	0.0927021	0.0939174	0.142599	0.0128718	0.0105153
105	0.033589	0.00159441	0.000114083	0.000218954	0.148939	0.00481264	0.000279834	0.125475	0.000166849	0.464285	0.0748824	0.000311414	0.000303467	0.0002785	0.000146718	0.00410871	0.00694235	0.127715	0.00434255	0.00149398
106	0.0159716	0.000606849	0.000205351	0.00038163	0.0652467	0.00295145	0.00528295	0.0374666	0.000267206	0.625885	0.164867	0.000552567	0.000567944	0.00523563	0.000208143	0.0147145	0.0175814	0.0297128	0.000725149	0.0115691
107	0.0447539	0.0021834	0.00013515	0.000189857	0.0499297	0.00856889	0.000978245	0.212753	0.000244187	0.384905	0.0476324	0.000658455	0.0015276	0.000512651	0.000282585	0.0101142	0.0186969	0.20925	0.00328614	0.00339759
108	0.109952	0.00647615	8.40523e-05	0.000194782	0.0356358	0.0211963	0.000238283	0.266721	0.00015855	0.13843	0.0517295	0.00482878	0.000288503	0.000264407	0.000129117	0.0487019	0.075349	0.238531	0.000146356	0.000944438
109	0.295594	0.00139125	0.000161689	0.000201249	0.00123748	0.533902	0.0060841	0.00269684	0.00619081	0.00424215	0.00558346	0.00466036	0.00738257	0.000881565	0.000194272	0.106943	0.0150315	0.00687855	0.000229332	0.000513012
110	0.0575391	0.00417955	0.000177068	0.000191927	0.0149651	0.00489491	0.000361775	0.289415	0.000237125	0.148738	0.0323788	0.000780851	0.00233112	0.000466025	0.000209619	0.0109176	0.0274904	0.402343	0.000270073	0.00211325
111	0.4224	0.00233313	0.000472457	0.0012799	0.00155386	0.389216	0.00310624	0.00632274	0.00336189	0.00862902	0.00796784	0.00299596	0.008151	0.00127451	0.000644039	0.0970387	0.0268462	0.015447	0.000253737	0.000706258
112	0.0730456	0.00302018	0.000257051	0.000604769	0.0688049	0.0193356	0.00124437	0.146355	0.000734074	0.337472	0.126877	0.00224124	0.00298708	0.00212543	0.000523083	0.03451	0.0315312	0.0967039	0.00859791	0.0430285
113	0.0721301	0.00554468	9.37726e-05	0.000144032	0.0460952	0.00971125	0.000399867	0.213603	0.000154728	0.300736	0.062689	0.00192816	0.00137772	0.000297012	0.000128163	0.0253842	0.0539679	0.194185	0.0043458	0.00708451
114	0.0136718	0.0177021	0.000283832	0.000451655	0.317086	0.00182363	0.0443808	0.0124483	0.00047604	0.0161391	0.0203497	0.00996322	0.000633227	0.0141364	0.000485005	0.0165764	0.00722063	0.00711926	0.0194185	0.479635
115	0.298927	0.00254386	0.000158563	0.000223737	0.00206225	0.518334	0.00650971	0.00283934	0.00640804	0.00588334	0.00621092	0.00508808	0.00656565	0.00120311	0.000208193	0.114493	0.0141915	0.00732641	0.000237217	0.000586788
116	0.110341	0.0020901	0.000489125	0.00892632	0.0183546	0.0193223	0.00865888	0.120175	0.00790183	0.0991485	0.0847802	0.00397683	0.00116402	0.0019745	0.00194639	0.055806	0.165904	0.267309	0.00169046	0.0200423
117	0.228337	0.00196403	0.0194277	0.009328	0.00383307	0.498821	0.0177703	0.00492759	0.0202004	0.00951179	0.00819	0.0210768	0.00888584	0.0106244	0.0101629	0.0954248	0.016963	0.0111001	0.00100479	0.00244697
118	0.0467124	0.0019776	0.000765426	0.0010946	0.00439573	0.00697802	0.00156467	0.0180512	0.0150428	0.00920205	0.0060628	0.00254806	0.00193821	0.0137205	0.000796963	0.173752	0.670879	0.0204644	0.00128936	0.00276474
119	0.0423774	0.00385176	0.00028209	0.000449622	0.044683	0.00559065	0.0033017	0.0714402	0.000364901	0.552491	0.123549	0.00137601	0.00102233	0.00313329	0.000276488	0.0242607	0.0355608	0.0730154	0.00290164	0.0100726
120	0.0565029	0.0012473	0.202706	0.070926	0.00324288	0.192583	0.0165542	0.00452063	0.0364905	0.0258333	0.00883079	0.193533	0.00709833	0.0506057	0.0236351	0.0765481	0.0164756	0.00688608	0.000926778	0.00485354
121	0.0218557	0.00127381	0.000250041	0.000408535	0.120867	0.00434562	0.00107297	0.0825374	0.000440057	0.375692	0.309644	0.000625975	0.000642054	0.00153916	0.000294426	0.00673862	0.0105203	0.0565075	0.00258179	0.00216385
122	0.497435	0.00313168	0.0211219	0.0147034	0.0023282	0.1534	0.000999472	0.00817089	0.0123365	0.0159048	0.0157399	0.019697	0.0164953	0.00594931	0.0229458	0.102037	0.055788	0.0256457	0.000448404	0.00572181
123	0.0671809	0.00254498	0.445048	0.138952	0.00589661	0.0397688	0.126498	0.0254838	0.00185931	0.027995	0.00792037	0.0036407	0.00291812	0.0332478	0.00110511	0.0110057	0.00812076	0.0287901	0.00196513	0.0200594
124	0.0267412	0.0023706	0.000153665	0.000200793	0.0366807	0.00330281	0.00116359	0.249168	0.000203555	0.380347	0.119749	0.000606559	0.00204075	0.00229451	0.000196372	0.0103045	0.0159176	0.141843	0.00217986	0.0045352
125	0.0827465	0.00679374	6.96095e-05	0.000130017	0.0606095	0.0195582	0.000147191	0.248104	9.39047e-05	0.224017	0.0307978	0.00057429	0.00101144	0.000214292	9.90578e-05	0.0191204	0.0406736	0.263545	0.00013482	0.00155925
126	0.523244	0.00723556	0.00104598	0.00410368	0.00406719	0.153849	0.000391359	0.01871	0.00157498	0.0222997	0.0123332	0.00387884	0.0137504	0.00310861	0.00160469	0.113843	0.048806	0.062006	0.000399405	0.00374858
127	0.0350126	0.00225026	0.000202605	0.000251129	0.132744	0.00452331	0.0011564	0.110519	0.000264379	0.453289	0.124433	0.000541458	0.000855389	0.00217838	0.000235468	0.0097855	0.0146141	0.0956301	0.00417594	0.00733807
128	0.39036	0.0286813	0.000333945	0.00120345	0.025157	0.205427	0.000940485	0.0295278	0.00082801	0.0609767	0.0285134	0.00274343	0.00619913	0.00425054	0.000428425	0.127846	0.0326796	0.0506618	0.000601942	0.0026393
129	0.112441	0.00559405	0.000115916	0.000212943	0.030623	0.0240121	0.000302759	0.262713	0.000194308	0.132119	0.0607341	0.00647715	0.000315587	0.000311601	0.000173776	0.0532464	0.0791947	0.230126	0.000212354	0.000880425
130	0.0417531	0.00448781	0.0142702	0.0477029	0.0284403	0.0279323	0.0081639	0.0172279	0.526918	0.0279505	0.0174267	0.0292045	0.0103109	0.0179728	0.0610062	0.0292828	0.0366768	0.0415114	0.00332596	0.00843554
131	0.504233	0.0102999	0.000364579	0.00365084	0.00191998	0.106733	0.000337149	0.0159926	0.00181471	0.0274906	0.0114246	0.00776198	0.0063841	0.00298406	0.00143451	0.203831	0.0451155	0.0422541	0.000181836	0.00579264
132	0.295531	0.00144603	0.00016359	0.000188967	0.00133089	0.533483	0.00620162	0.00268484	0.00631397	0.004397	0.00558939	0.00475861	0.00720531	0.000905271	0.000191616	0.10714	0.0148157	0.00691372	0.000230085	0.000508452
133	0.140457	0.00126038	0.000356667	0.000516892	0.00586422	0.00494285	0.000918642	0.323994	0.000634047	0.135345	0.131677	0.000860336	0.00106424	0.00183899	0.000417353	0.0347292	0.0132188	0.192287	0.000647412	0.00897046
134	0.0918727	0.00357682	0.00153436	0.00186143	0.402559	0.00896605	0.00269008	0.019455	0.00200361	0.166078	0.0166505	0.00383948	0.00315379	0.0035431	0.00171322	0.0164972	0.0159464	0.189143	0.0299901	0.0189261
135	0.0363009	0.0277835	0.000952445	0.00125464	0.00614749	0.00553657	0.00916977	0.00438057	0.00770296	0.0254817	0.00639563	0.00157223	0.760572	0.00988827	0.000967514	0.0285544	0.0309445	0.0329577	0.00106346	0.00237354
136	0.0294593	0.00199781	0.000128761	0.000194927	0.158058	0.00153344	0.000213931	0.108064	0.000178576	0.48873	0.0907067	0.000315364	0.000268465	0.000302153	0.000135829	0.00301847	0.00595366	0.104458	0.00532632	0.000956717
137	0.0633172	0.0324492	0.0159158	0.00137741	0.075034	0.128587	0.209182	0.0175663	0.00138685	0.0211693	0.0079199	0.0976727	0.00191307	0.112744	0.00103531	0.139742	0.00754035	0.0220429	0.0173583	0.0260457
138	0.1693	0.00589966	0.00056063	0.00277221	0.120488	0.0758624	0.00353658	0.0600321	0.00286812	0.13786	0.058787	0.0272981	0.00342307	0.00708211	0.000662332	0.116438	0.0932351	0.0837466	0.00661851	0.0235303
139	0.073881	0.0170837	0.00456383	0.007126	0.0976261	0.0492837	0.0110471	0.0445191	0.00606043	0.0806667	0.0520125	0.0154837	0.00917439	0.010774	0.00616629	0.0474634	0.0294114	0.0546309	0.340736	0.04229
140	0.0627703	0.0042507	0.000135495	0.000227041	0.0706504	0.0103975	0.000819778	0.177341	0.000227308	0.380353	0.0776146	0.000663306	0.00153446	0.00137395	0.000221243	0.0136437	0.0237636	0.164232	0.00324216	0.00653822
141	0.0489662	0.0239499	0.00469193	0.00570578	0.00690605	0.00643087	0.00926167	0.00476995	0.0129693	0.0255507	0.00607629	0.00188514	0.723217	0.0161772	0.00190477	0.0287586	0.0316383	0.0353572	0.00314625	0.00263718
142	0.11954	0.00136541	0.114156	0.0405952	0.00296273	0.204214	0.00745597	0.00426422	0.0518096	0.0193015	0.0152292	0.105996	0.0153294	0.0251756	0.0687136	0.123113	0.0583163	0.00792785	0.000752872	0.0137819
143	0.268914	0.00346776	0.000345231	0.00283255	0.0104192	0.0759312	0.00060024	0.00896604	0.000564859	0.0202076	0.0196921	0.0142714	0.000813317	0.00083453	0.000389548	0.2111	0.305362	0.0536566	0.000559362	0.0010735
144	0.0133126	0.0188808	0.000318366	0.000466861	0.297513	0.00187908	0.048375	0.0116959	0.000493217	0.0132034	0.0205564	0.010782	0.000645181	0.0152666	0.000470599	0.0169972	0.00681617	0.00355462	0.0205761	0.498197
145	0.179092	0.00177471	0.000876455	0.00135551	0.0547081	0.141314	0.0177656	0.0147503	0.00115082	0.0127788	0.0165032	0.0019688	0.156241	0.0130204	0.01686	0.233134	0.0851305	0.0287306	0.00124543	0.0215987
146	0.299624	0.00126845	0.000831825	0.018363	0.00375177	0.0513112	0.00118127	0.0222687	0.00130672	0.035168	0.0139725	0.00149838	0.29246	0.0105743	0.000594239	0.111068	0.0141499	0.117465	0.0012153	0.00192815
147	0.0694338	0.00285932	0.00101601	0.00225583	0.00852765	0.010591	0.00148485	0.118655	0.0012787	0.0455661	0.0163436	0.0154165	0.00146009	0.0020568	0.00260787	0.0279576	0.0702497	0.596541	0.000945243	0.00475285
148	0.330821	0.0236111	0.000184673	0.00310566	0.0269689	0.134235	0.000343811	0.0549271	0.000446813	0.0772041	0.0388787	0.00387045	0.0108446	0.004669	0.000413491	0.104435	0.0923635	0.0901224	0.000320863	0.00223286
149	0.612625	0.00387887	0.00155424	0.00385458	0.00156347	0.169124	0.000365786	0.00918103	0.000967702	0.0164881	0.0108373	0.00183054	0.0104434	0.0023736	0.00181706	0.0766985	0.0463082	0.0287425	0.00032316	0.00102332
150	0.0318432	0.000996071	9.75203e-05	0.000139366	0.0442615	0.0053694	0.00118104	0.219442	0.000109402	0.439859	0.0623567	0.000590073	0.0013598	0.000837205	9.9166e-05	0.0100745	0.0177397	0.15454	0.0045139	0.00459118
151	0.0454135	0.00162442	0.000574314	0.00054473	0.251407	0.00535618	0.00119104	0.0530032	0.000492826	0.445577	0.048436	0.000896296	0.000974677	0.00132711	0.000569082	0.0144747	0.0303508	0.0862445	0.00473183	0.00681098
152	0.461512	0.00855895	0.000361212	0.00417048	0.00147208	0.129199	0.000520647	0.017161	0.00251106	0.0250969	0.0120236	0.00997097	0.00670244	0.00343353	0.00152229	0.220701	0.0443371	0.0440104	0.000180683	0.00655426
153	0.0719976	0.00439196	8.82494e-05	0.000233325	0.0663266	0.0189113	0.000314005	0.203442	0.000155551	0.301868	0.0407957	0.0003076	0.00186292	0.000426804	0.000108274	0.00980287	0.0234321	0.251388	0.000702786	0.00344389
154	0.0153869	0.00104339	0.000318914	0.000575481	0.0518032	0.00380008	0.0139911	0.0354684	0.00028291	0.621418	0.165063	0.00126089	0.000821009	0.00569584	0.000539111	0.0158746	0.0222818	0.0301018	0.000702331	0.013571
155	0.0455807	0.00188223	0.000807323	0.00105404	0.00447244	0.00638888	0.00163004	0.0199471	0.0172533	0.00972046	0.00629068	0.00267699	0.00208971	0.0127784	0.00075067	0.167057	0.676007	0.0196882	0.00124983	0.00267484
156	0.0444267	0.00652086	0.0041571	0.0214867	0.0612524	0.0207168	0.00780841	0.0274761	0.457542	0.041846	0.0242989	0.0538382	0.0104339	0.00966947	0.00747464	0.0324955	0.069863	0.0807482	0.00695022	0.0109953
157	0.0911143	0.00512937	0.000268159	0.000665939	0.037901	0.0171294	0.000413257	0.235917	0.000476719	0.18257	0.0454835	0.00239992	0.00192408	0.000710833	0.00060862	0.0270321	0.0528243	0.292513	0.000934067	0.00398379
158	0.336316	0.0142976	0.000853489	0.00237389	0.0183097	0.245079	0.00232203	0.0534804	0.00210712	0.0524183	0.03951	0.00506983	0.00837744	0.0039068	0.00117531	0.0991676	0.0476428	0.0615015	0.00212043	0.0039703
159	0.0947473	0.00543874	9.81183e-05	0.000151165	0.0433606	0.0165208	0.000218663	0.265569	0.000161284	0.174253	0.0374947	0.00140733	0.00100613	0.00027768	0.000119371	0.0259469	0.0446639	0.287209	0.000145436	0.00121143
160	0.0177842	0.0234846	0.00098303	0.000649648	0.282742	0.00407027	0.045343	0.0139003	0.000632978	0.0171264	0.0256553	0.012123	0.00116692	0.0150945	0.000541956	0.0196491	0.00833869	0.00645887	0.0203472	0.483908
161	0.480241	0.0121604	0.000215972	0.00271117	0.00211025	0.0865803	0.000279602	0.0235074	0.00160161	0.0262834	0.0109968	0.00807424	0.00541943	0.00228891	0.00105782	0.21381	0.052578	0.0625079	0.000195984	0.00737974
162	0.0369248	0.00544733	0.000239104	0.000282383	0.0382704	0.00232302	0.000744392	0.259443	0.000300655	0.305003	0.149406	0.000660319	0.00290277	0.00251989	0.000295293	0.0117466	0.0233262	0.152301	0.00133472	0.00652948
163	0.0480934	0.00061007	0.000305715	0.000421944	0.112127	0.0132545	0.00134583	0.237108	0.00106203	0.250526	0.0764417	0.000925501	0.00620432	0.00171285	0.00373065	0.0149687	0.0124588	0.127965	0.0282887	0.06245
164	0.0479611	0.0013171	0.0138943	0.021061	0.00346579	0.0408423	0.0166772	0.00801154	0.126669	0.0198551	0.0175749	0.0211771	0.00974677	0.052243	0.484535	0.0420248	0.035401	0.0232648	0.00068914	0.0135889
165	0.0780808	0.00766084	7.24552e-05	0.000106525	0.0639278	0.0120152	0.000151041	0.21342	9.83675e-05	0.25772	0.0497306	0.00042692	0.00194773	0.000349955	0.000101034	0.0145802	0.041458	0.251959	0.000352409	0.00584098
166	0.126233	0.00936928	9.6282e-05	0.000158503	0.0583483	0.0374361	0.00018724	0.184105	0.00012982	0.30721	0.0529874	0.0019266	0.000362625	0.000284767	0.000105658	0.0243772	0.0354043	0.158956	0.00062459	0.00169796
167	0.337973	0.0203202	0.000435944	0.000726521	0.014658	0.368244	0.00246399	0.00750397	0.00223747	0.0253251	0.0209785	0.00247482	0.00253582	0.005769	0.000484799	0.161697	0.0134764	0.0103677	0.000824978	0.00150253
168	0.148584	0.00960897	0.000109787	0.000152151	0.0622514	0.0434265	0.000205891	0.156949	0.000168851	0.378186	0.0366072	0.000264604	0.000235956	0.000278209	0.000114376	0.012585	0.0144118	0.135261	0.000261587	0.000338533
169	0.159049	0.00835915	0.000156529	0.000193172	0.058755	0.0426854	0.000339915	0.147199	0.000220541	0.389806	0.0342286	0.000342477	0.000295913	0.00035793	0.000117022	0.0121418	0.0123411	0.132743	0.000241283	0.000428245
170	0.136109	0.00119042	0.00044586	0.000765365	0.00265102	0.0772416	0.000762376	0.00476402	0.00188849	0.00555737	0.0037338	0.0159019	0.00120245	0.00229612	0.000375404	0.604003	0.130431	0.00840491	0.000771872	0.00150381
171	0.0313124	0.00323604	0.000221521	0.000301659	0.0399633	0.00204772	0.00300916	0.257618	0.00035422	0.287865	0.180345	0.000614245	0.00239427	0.00953241	0.000285828	0.0158567	0.0137117	0.14047	0.000938928	0.00992249
172	0.0700054	0.00376467	0.000100777	0.000140137	0.0611187	0.0209167	0.000204448	0.22437	0.000127954	0.269279	0.0267658	0.00024574	0.00192304	0.000300751	0.000121107	0.00956838	0.025614	0.283401	0.000197194	0.00183583
173	0.0749698	0.0110403	0.000134166	0.000604893	0.0573973	0.00474608	0.000616242	0.177837	0.000567999	0.263052	0.0821677	0.000741815	0.00227638	0.00075843	0.000256304	0.0192946	0.0562919	0.228802	0.00183896	0.0166056
174	0.297465	0.00137273	0.00033339	0.000713769	0.00157542	0.542332	0.00494624	0.00350292	0.0049013	0.00502855	0.00497395	0.0036948	0.0124725	0.00101017	0.000446055	0.0899415	0.0141441	0.0101901	0.000245555	0.000710427
175	0.326615	0.0285998	0.000129539	0.00319531	0.0286624	0.130325	0.000271717	0.0562289	0.000346009	0.0785512	0.0378035	0.00334763	0.0101571	0.00447344	0.000275178	0.104527	0.0856128	0.0985994	0.000212429	0.00206662
176	0.0302312	0.00171529	0.000118481	0.000191096	0.157841	0.002345	0.000226269	0.116381	0.000168865	0.477142	0.0851426	0.000312372	0.00033801	0.000295978	0.000159782	0.00302885	0.00611938	0.111205	0.00568351	0.00135444
177	0.338006	0.019371	0.000378796	0.00146011	0.0121414	0.3417	0.00270837	0.010272	0.00254252	0.0278723	0.021046	0.00396233	0.00338953	0.00757756	0.000594271	0.167684	0.0191145	0.0170928	0.000727061	0.00235871
178	0.359614	0.0180004	0.000292502	0.00159942	0.0206527	0.100771	0.00072615	0.0917104	0.000533595	0.0693998	0.0490404	0.00367129	0.00645785	0.00239702	0.000480717	0.0847859	0.0704939	0.115475	0.00100077	0.00289815
179	0.0495184	0.00386009	8.27827e-05	0.000167335	0.057991	0.00301554	0.000364218	0.212696	0.000126414	0.30246	0.0957783	0.000254401	0.00453209	0.00224906	0.000130965	0.00825376	0.0221548	0.226955	0.000598877	0.0088121
180	0.480741	0.0082564	0.000464777	0.00463594	0.00155627	0.111627	0.000263736	0.0195257	0.00355084	0.0257052	0.0119057	0.00947824	0.00657073	0.00344042	0.00264561	0.208512	0.0444833	0.0486743	0.000205299	0.00775739
181	0.0464974	0.00437724	9.20564e-05	0.000122861	0.0542809	0.0018147	0.000353649	0.216441	0.000140269	0.311214	0.109296	0.000365182	0.00469154	0.00230134	0.000109132	0.0094368	0.0261408	0.201736	0.0011865	0.00940332
182	0.0526943	0.0006682	0.0167539	0.0263724	0.00163205	0.0503336	0.0210167	0.00605413	0.13514	0.0149328	0.0182217	0.0256336	0.0111794	0.0574051	0.436518	0.0482513	0.041743	0.0229782	0.000410535	0.012061
183	0.0526943	0.0006682	0.0167539	0.0263724	0.00163205	0.0503336	0.0210167	0.00605413	0.13514	0.0149328	0.0182217	0.0256336	0.0111794	0.0574051	0.436518	0.0482513	0.041743	0.0229782	0.000410535	0.012061
184	0.0460797	0.0019663	0.000281329	0.000322515	0.0508616	0.00234933	0.00556083	0.224244	0.000367241	0.255024	0.189758	0.000607424	0.00298117	0.0196062	0.000308322	0.018093	0.0096878	0.154223	0.000855058	0.0168236
185	0.0987377	0.00835371	6.40077e-05	0.000106835	0.0667071	0.0241482	0.000180014	0.199093	0.000107343	0.305282	0.0420664	0.000373528	0.000940543	0.000286658	7.22166e-05	0.0150242	0.0327779	0.201944	0.000422964	0.00331189
186	0.451212	0.0105817	0.000214971	0.00364042	0.00144365	0.0987924	0.00023193	0.0206495	0.00226962	0.0295141	0.0131509	0.0115933	0.00603363	0.00295306	0.00148244	0.238498	0.0467029	0.052645	0.000195077	0.00819468
187	0.0132904	0.0189136	0.000314351	0.000431351	0.298131	0.00188058	0.0483669	0.011671	0.000490526	0.0132049	0.0205991	0.0107878	0.000644665	0.0152915	0.000470514	0.0170145	0.00676812	0.00354878	0.0206	0.497581
