304	20
1	0.0862385	0.00711332	0.00159749	0.00419645	0.00788855	0.0211207	0.00156507	0.151249	0.0601913	0.110444	0.031945	0.0306498	0.00286047	0.00326295	0.0155723	0.0985135	0.175015	0.183285	0.00268161	0.00461031
2	0.0230708	0.000755777	0.000267398	0.000596414	0.0386376	0.00168473	0.0040482	0.356363	0.000483482	0.0768034	0.0968911	0.0135889	0.000851751	0.00134325	0.000730214	0.0155625	0.0553055	0.301668	0.000892096	0.010456
3	0.221473	0.00163244	0.000157716	0.000293973	0.00459965	0.547269	0.000257221	0.0184979	0.000394488	0.00553686	0.00614241	0.00466333	0.000371076	0.000470825	0.00177099	0.145761	0.0231128	0.0123521	0.00156572	0.00367753
4	0.143468	0.0103579	0.000281565	0.000416971	0.132009	0.129222	0.000331321	0.0618461	0.000665113	0.175985	0.0170808	0.00156515	0.000364387	0.00396897	0.00111705	0.13355	0.0809377	0.0728224	0.0105105	0.0234996
5	0.0711301	0.00796895	0.000220115	0.000470146	0.185772	0.0828365	0.00820785	0.059148	0.00103559	0.214127	0.0262141	0.0115294	0.00217699	0.0038559	0.0183114	0.0191318	0.0277232	0.0642441	0.107427	0.0884702
6	0.0932883	0.0107124	0.00217637	0.00343605	0.0589257	0.021929	0.00277146	0.189046	0.00464567	0.0929771	0.03072	0.012371	0.0035042	0.0110322	0.00686418	0.0907102	0.25828	0.0847296	0.00504961	0.0168315
7	0.0241315	0.00347123	0.000208844	0.000960707	0.211807	0.00418874	0.00435222	0.0586121	0.000360038	0.45665	0.106435	0.000725535	0.000354495	0.00200646	0.00047126	0.0129756	0.0471969	0.0523815	0.00246403	0.010246
8	0.101551	0.0114475	8.71463e-05	0.000217075	0.0557757	0.0265887	0.000121846	0.19234	0.000260689	0.347228	0.0129452	0.000339394	0.0027807	0.000281411	0.000197963	0.00841638	0.0225597	0.213959	0.00176691	0.00113456
9	0.204557	0.002524	0.000417609	0.000625836	0.00303903	0.0278826	0.000501266	0.0117142	0.00107561	0.0194904	0.00430578	0.00465681	0.00115204	0.0023412	0.00289659	0.558589	0.111808	0.0334029	0.00380589	0.00521416
10	0.0245741	0.00190578	0.00135236	0.00371834	0.0012137	0.00937407	0.0112144	0.0304257	0.290619	0.027491	0.0112415	0.00708623	0.00217071	0.038897	0.42511	0.0320285	0.0332327	0.0276784	0.0119652	0.00870177
11	0.0168914	0.00318699	0.000180669	0.000912496	0.0155613	0.00436971	0.000289134	0.444733	0.000308001	0.195688	0.0322786	0.00256774	0.00246819	0.00100767	0.000399147	0.00723878	0.0128504	0.254447	0.000970101	0.00365149
12	0.0293171	0.00653921	0.000156854	0.000941945	0.199339	0.00398873	0.00347691	0.0585636	0.000346003	0.457443	0.0994043	0.000976463	0.000370035	0.00227847	0.000454097	0.0154885	0.0480018	0.060156	0.00317741	0.00958059
13	0.209772	0.00208517	0.000628843	0.000662688	0.00339614	0.581142	0.000229758	0.0193775	0.000808853	0.00493547	0.00498827	0.00375992	0.000307986	0.000547717	0.00225421	0.124909	0.0216664	0.0131483	0.000972804	0.00440713
14	0.0134434	0.00592661	0.000269579	0.00263217	0.383338	0.00269631	0.000708039	0.0393174	0.000588543	0.334163	0.0593717	0.00436949	0.000694086	0.00621562	0.000892328	0.0112504	0.0233847	0.0319143	0.00828627	0.0705386
15	0.118602	0.00445528	7.41798e-05	0.00077505	0.0490122	0.00707358	0.000104906	0.224397	0.000119328	0.245101	0.0420615	0.000241025	0.00158547	0.00169077	0.000154046	0.00847828	0.0286943	0.263542	0.00303489	0.000802485
16	0.0245275	0.00197526	0.00153176	0.00429929	0.00178091	0.00960481	0.0125145	0.0302405	0.287113	0.0279247	0.0112922	0.00737817	0.00211045	0.0403716	0.423775	0.0324617	0.0329988	0.027964	0.0114476	0.00868827
17	0.00672758	0.00131124	0.730572	0.0557096	0.00354362	0.00314294	0.000614605	0.00581337	0.0166671	0.0141468	0.00365694	0.119285	0.00101406	0.00964575	0.00870235	0.00492075	0.00415112	0.00631006	0.00156112	0.00250438
18	0.0953914	0.00487117	0.000704235	0.001761	0.0430306	0.0169691	0.0140615	0.22655	0.0203214	0.111848	0.0729297	0.00227191	0.00212005	0.049281	0.0217659	0.0151157	0.0601464	0.197049	0.0220526	0.0217586
19	0.111341	0.00651384	7.07731e-05	0.000850256	0.0545698	0.00810593	0.000132672	0.204183	0.000222705	0.276851	0.0466007	0.000432041	0.00169209	0.00142668	0.000262479	0.0115779	0.0322344	0.238341	0.00346511	0.00112695
20	0.0224414	0.00516367	0.000172983	0.000891456	0.037569	0.00808378	0.000254711	0.389844	0.000239656	0.27565	0.0479585	0.00081233	0.000889577	0.00106853	0.000261183	0.00528619	0.0124659	0.188317	0.0013283	0.0013016
21	0.402084	0.0124001	0.000315089	0.000744358	0.0120788	0.0659595	0.000627225	0.0203025	0.00112027	0.0314224	0.0155757	0.0151648	0.00181586	0.00605905	0.00355396	0.253401	0.0863609	0.0531679	0.00221313	0.0156338
22	0.126031	0.00289827	0.0467416	0.0472808	0.0661602	0.0422453	0.0258042	0.02264	0.0459145	0.0394205	0.0203028	0.0756221	0.00251408	0.047451	0.111928	0.105294	0.0886289	0.0303087	0.0112532	0.0415609
23	0.0698635	0.00334152	0.00551117	0.00138392	0.125417	0.013925	0.0284608	0.164466	0.00126094	0.127744	0.044109	0.00260068	0.000722175	0.0196664	0.00925058	0.0475954	0.0716704	0.142276	0.00353238	0.117204
24	0.0145726	0.00713039	0.000191515	0.00285703	0.338615	0.00236893	0.00111749	0.0529733	0.00042042	0.382799	0.0740557	0.00143744	0.000472928	0.00162457	0.000584137	0.0110008	0.0326686	0.0410629	0.00248409	0.0315626
25	0.0183011	0.0011614	0.000523831	0.000741441	0.462903	0.00384692	0.00540452	0.0104961	0.000946273	0.122511	0.0282325	0.00798648	0.000807484	0.0137583	0.00150364	0.0179133	0.0125757	0.0128698	0.0268975	0.250619
26	0.0557024	0.0103078	0.000540653	0.00259998	0.154502	0.0128008	0.000748572	0.12971	0.00821642	0.228891	0.0895038	0.0233728	0.000387627	0.0236066	0.0131358	0.0328852	0.0484075	0.10347	0.0219771	0.0392354
27	0.116822	0.00417386	7.58754e-05	0.000831615	0.0478204	0.00591744	0.000117032	0.226875	0.000125606	0.243005	0.0440288	0.000264185	0.00139422	0.00176766	0.0001611	0.00861258	0.029336	0.264686	0.00317406	0.000811204
28	0.579255	0.0119394	0.000218753	0.000643131	0.00796117	0.0745197	0.000301376	0.0113617	0.00137603	0.0145785	0.00784745	0.00323705	0.00276687	0.00425213	0.00144359	0.191475	0.0440879	0.0353879	0.00212033	0.00522649
29	0.0220853	0.0023648	0.0011667	0.00210142	0.362094	0.00929146	0.00439299	0.0177671	0.00285353	0.183631	0.0427004	0.0221076	0.00166676	0.0618102	0.00314237	0.0320364	0.0133678	0.0166221	0.0327971	0.166
30	0.0250848	0.00187816	0.00103206	0.00231411	0.00101328	0.00909456	0.0107934	0.0293833	0.29346	0.0277276	0.011293	0.00703272	0.00220162	0.0389993	0.425409	0.0319939	0.0341028	0.0278687	0.011094	0.00822358
31	0.01219	0.00309017	0.000228139	0.00139284	0.0780349	0.0041759	0.000240757	0.334955	0.000286368	0.365584	0.0482258	0.000641982	0.000611572	0.0010235	0.000443026	0.0060456	0.00672131	0.126026	0.00487747	0.00520539
32	0.0363468	0.00132831	0.00107507	0.0015425	0.00656013	0.00853908	0.0146151	0.0195161	0.00106901	0.0347817	0.00583562	0.00334563	0.757936	0.00380068	0.00175631	0.0579501	0.0246338	0.0129733	0.0024843	0.00391083
33	0.0669918	0.00282707	0.18974	0.0583019	0.00908916	0.0655315	0.00201489	0.011604	0.00430025	0.0171014	0.00773401	0.335868	0.00235414	0.00831564	0.00547019	0.145228	0.0285258	0.0298095	0.00374003	0.00545284
34	0.0242703	0.00332691	0.00021109	0.00102031	0.214165	0.00399041	0.00503639	0.0581791	0.000407016	0.452403	0.106276	0.000718685	0.000404565	0.00201728	0.000617776	0.012762	0.0492319	0.0522282	0.00247254	0.0102625
35	0.0169027	0.00650881	0.000190668	0.00249752	0.31029	0.00244909	0.00152166	0.0570545	0.000390959	0.39946	0.0809534	0.000835437	0.000419201	0.00132006	0.000509932	0.0123605	0.0356234	0.0471653	0.0018589	0.0216878
36	0.031426	0.0143008	0.00336182	0.00486917	0.102951	0.0125625	0.0352817	0.0662429	0.020325	0.129646	0.0278708	0.0197125	0.00285722	0.0994134	0.255532	0.0322521	0.0191296	0.0703367	0.0114996	0.0404296
37	0.133001	0.00418511	0.0437056	0.0610579	0.0425639	0.0361119	0.0268929	0.0207788	0.049288	0.0341063	0.0222481	0.101995	0.00246563	0.0476635	0.103587	0.108608	0.0982393	0.0278638	0.00733385	0.028304
38	0.00934223	0.00264556	0.000213185	0.000498647	0.114624	0.00226133	0.000303977	0.239141	0.0003828	0.441867	0.0614296	0.000696203	0.000391635	0.000925824	0.00057418	0.00406101	0.00429634	0.0991154	0.00745825	0.00977129
39	0.0302639	0.00863651	0.000238818	0.00135117	0.208334	0.00671229	0.0023489	0.0631714	0.000642866	0.434822	0.084875	0.00171884	0.000757084	0.00296241	0.000917221	0.0211693	0.0494085	0.0653584	0.0040153	0.0122958
40	0.216383	0.00182057	0.000146237	0.000285796	0.00359306	0.569439	0.000202799	0.0188731	0.000293672	0.00480987	0.00516793	0.00395975	0.000294158	0.000448811	0.00158043	0.132646	0.0220784	0.012869	0.00113243	0.003976
41	0.102907	0.00211122	0.115827	0.129829	0.00945711	0.237222	0.00507593	0.0106946	0.0473618	0.0226009	0.0132102	0.0583965	0.0139006	0.0303974	0.0421506	0.0717103	0.0523956	0.0194338	0.0029771	0.0123407
42	0.207547	0.00188372	0.000915679	0.000825807	0.00327354	0.585602	0.000226944	0.0196743	0.0010127	0.00555143	0.00487891	0.00410193	0.000498405	0.000699306	0.00214132	0.12154	0.0208225	0.0129015	0.00116525	0.00473747
43	0.379434	0.0167204	0.000391467	0.00367343	0.00862872	0.0488016	0.000628319	0.0365487	0.00170043	0.026856	0.0305304	0.0153868	0.00343225	0.00834036	0.00322696	0.216321	0.13714	0.0542578	0.00179095	0.00619036
44	0.0355245	0.0161101	0.00034905	0.00113245	0.120483	0.00717941	0.000646237	0.136194	0.000992188	0.43832	0.0797393	0.00323075	0.000572195	0.0056314	0.00183482	0.0152532	0.0237455	0.0907326	0.00943576	0.0128938
45	0.267828	0.0106854	0.000360701	0.000931918	0.00530815	0.058373	0.000478217	0.0262557	0.00436739	0.0246596	0.0297717	0.0554898	0.00187085	0.0174838	0.00349222	0.319595	0.121745	0.0351074	0.00173614	0.0144611
46	0.220482	0.00264891	0.000956021	0.00172733	0.00692181	0.0106991	0.00137476	0.0404322	0.0149405	0.0379405	0.0633309	0.0152317	0.00625508	0.136918	0.00233939	0.182379	0.133614	0.110223	0.0025103	0.0090751
47	0.290169	0.0571566	0.000202975	0.000964585	0.0167114	0.0770135	0.000271098	0.0262049	0.00103252	0.0246955	0.0200305	0.0148441	0.000542393	0.00517075	0.00302855	0.305498	0.0925561	0.0564567	0.00177632	0.00567459
48	0.0386751	0.00691212	0.00171212	0.00228164	0.3021	0.0148642	0.00492775	0.115469	0.00204547	0.206603	0.0469113	0.00647764	0.00174259	0.00735039	0.00474006	0.0197743	0.0279352	0.106853	0.0203926	0.0622322
49	0.0158351	0.00170236	0.000271559	0.00152026	0.0137036	0.00283717	0.000862782	0.454825	0.00037727	0.144573	0.0371709	0.00596195	0.00290616	0.00112384	0.000560574	0.010109	0.0218931	0.275791	0.00171068	0.00626443
50	0.0362697	0.00141292	0.00121192	0.00192312	0.00682889	0.00854068	0.0145308	0.0198974	0.00112694	0.0345912	0.00556857	0.00325012	0.760054	0.00369075	0.00178128	0.0558997	0.0237343	0.0130044	0.00244191	0.00424151
51	0.138027	0.00119684	0.000392901	0.0200066	0.00451523	0.0139643	0.000683691	0.165324	0.0169247	0.103388	0.0394494	0.00431897	0.0249917	0.00224338	0.00682802	0.0501787	0.0491123	0.335294	0.0116877	0.011472
52	0.0159215	0.00123782	0.000439671	0.0007787	0.50462	0.0026323	0.00344941	0.0100938	0.000760663	0.150001	0.0326751	0.00712763	0.000697315	0.0140322	0.00112604	0.0149898	0.0128639	0.0131115	0.0207774	0.192664
53	0.26444	0.0122469	0.000273075	0.000818379	0.00482807	0.0664191	0.000342574	0.0262559	0.00469799	0.0261824	0.0330692	0.0480962	0.0011885	0.0168913	0.00307717	0.316862	0.121473	0.0382417	0.00155676	0.0130398
54	0.147503	0.0102715	0.000269535	0.000423968	0.135324	0.117359	0.000353397	0.0614115	0.000614984	0.181159	0.0186765	0.00149752	0.000392018	0.00467249	0.00102731	0.13329	0.082979	0.0712378	0.0100395	0.0214982
55	0.076229	0.00233547	0.000640138	0.000855698	0.055486	0.109501	0.00238816	0.0620018	0.00112928	0.0926902	0.021276	0.0430268	0.00373028	0.00234785	0.01219	0.204563	0.170714	0.0853332	0.00259077	0.0509713
56	0.0567132	0.0116294	0.000700939	0.00303554	0.141745	0.0128463	0.00121168	0.133609	0.00803792	0.230835	0.09157	0.0215114	0.000385384	0.0218448	0.0130417	0.0336523	0.049265	0.111183	0.0205787	0.0366039
57	0.0234624	0.00502774	0.000165173	0.000891928	0.188394	0.00371866	0.00258946	0.0726633	0.000470308	0.469219	0.0992691	0.00127761	0.000335721	0.00362972	0.000672129	0.0120575	0.04099	0.0602966	0.00371689	0.0111521
58	0.147651	0.0102699	0.00028811	0.000423169	0.134198	0.117213	0.000367612	0.0616834	0.000609715	0.181415	0.0189233	0.00150836	0.000374263	0.00444225	0.00105027	0.133081	0.0831507	0.072124	0.0099076	0.0213196
59	0.0544604	0.00801207	0.000168707	0.00113815	0.040205	0.0117375	0.00024245	0.304426	0.000257111	0.293418	0.0313462	0.000553535	0.00144926	0.000964128	0.000339988	0.00739517	0.0271399	0.214143	0.00160213	0.00100074
60	0.130856	0.0357844	0.000349725	0.00600254	0.00450851	0.023426	0.000487039	0.1242	0.00385071	0.069251	0.015289	0.0247258	0.00158064	0.00218717	0.00180656	0.144222	0.211195	0.193533	0.00121289	0.00553132
61	0.115123	0.0115214	8.44997e-05	0.00015624	0.0602784	0.029821	0.000130358	0.177468	0.000253215	0.347443	0.00962147	0.000357902	0.00335698	0.000279055	0.000196589	0.0079535	0.0199294	0.213187	0.00154619	0.00129334
62	0.115195	0.0115105	8.54255e-05	0.000156512	0.0603396	0.0297919	0.000130478	0.177372	0.000254507	0.347503	0.00962126	0.000362512	0.0033442	0.000283743	0.000196328	0.00794632	0.0199337	0.213057	0.001601	0.0013147
63	0.3484	0.0118731	0.000473576	0.00113127	0.0418171	0.219674	0.000541536	0.0515624	0.00111496	0.0672823	0.0256009	0.00442498	0.000586863	0.0014249	0.00213681	0.0496868	0.048904	0.108095	0.0105587	0.00471097
64	0.0191	0.00169742	0.000710469	0.0624842	0.0279981	0.0157054	0.0011767	0.309612	0.00128102	0.1007	0.197005	0.00234588	0.00137771	0.014954	0.00177089	0.00595771	0.0160691	0.182425	0.0227789	0.0148499
65	0.117306	0.00821689	6.72084e-05	0.000309317	0.0566248	0.0209179	9.70787e-05	0.197342	0.000192974	0.313489	0.0212683	0.000293634	0.00341911	0.000490626	0.000160789	0.00813346	0.0208173	0.226883	0.00234359	0.00162745
66	0.310476	0.022098	0.000715574	0.00159228	0.270039	0.0684049	0.00110345	0.018501	0.0019812	0.137893	0.0259857	0.00357298	0.0119169	0.00219835	0.00246659	0.0192984	0.0298198	0.0307578	0.0149707	0.0262079
67	0.118044	0.00480231	6.62667e-05	0.000700566	0.0497825	0.00817022	0.000104818	0.217945	0.000119128	0.268432	0.0408493	0.000205393	0.00196377	0.00107543	0.000139854	0.0084309	0.0276814	0.247486	0.0031007	0.000899698
68	0.0549013	0.0103977	0.000558831	0.00254636	0.146219	0.0129864	0.00082455	0.136281	0.00753443	0.233311	0.0943656	0.0215487	0.000369242	0.0222438	0.0125571	0.0320111	0.0493207	0.107159	0.0193969	0.0354681
69	0.393244	0.0093803	0.00039549	0.00100909	0.0403867	0.165057	0.000449822	0.0428979	0.00101421	0.0707923	0.0231275	0.00662554	0.00128807	0.00184775	0.00238019	0.0679138	0.0670528	0.0909729	0.00771255	0.00645185
70	0.0665269	0.00150321	0.0101466	0.00190309	0.0590561	0.0661651	0.00124618	0.0214112	0.00148213	0.0163105	0.0327236	0.0168115	0.411558	0.0150719	0.0122299	0.112621	0.0703469	0.018813	0.0235263	0.0405469
71	0.12544	0.00193126	0.101227	0.0929673	0.00465357	0.340311	0.00164265	0.00758063	0.0672717	0.014405	0.00535677	0.0331402	0.0108244	0.0131802	0.0576875	0.059979	0.0395112	0.0167401	0.00214957	0.00400093
72	0.0199787	0.00137149	0.000618491	0.000728412	0.498631	0.00295215	0.00307834	0.0120087	0.000962697	0.146744	0.0326172	0.00866865	0.000842632	0.0161067	0.00127014	0.0173108	0.0156709	0.0156794	0.0239812	0.180779
73	0.094458	0.00193145	0.0905996	0.101419	0.0728476	0.0285099	0.0253873	0.0247634	0.0284984	0.0776893	0.0177315	0.0617833	0.00958558	0.052542	0.0730908	0.0871622	0.084072	0.0425766	0.00970597	0.0156462
74	0.022098	0.00525787	0.000129182	0.000339941	0.0407457	0.00256582	0.000250756	0.0730279	0.000281122	0.685469	0.0904759	0.00146726	0.000337917	0.0139076	0.000455437	0.00424845	0.00502172	0.0412928	0.00260287	0.0100252
75	0.0730106	0.00752444	0.00135115	0.0020589	0.0856923	0.0393899	0.00129243	0.0704059	0.00369114	0.150547	0.0143437	0.025347	0.00224633	0.00420983	0.00422992	0.102037	0.249664	0.148363	0.00367695	0.0109186
76	0.0259745	0.0028222	0.00111296	0.00266442	0.00490133	0.00863447	0.0150961	0.0323705	0.263301	0.0318604	0.0111453	0.00757336	0.00202614	0.0471861	0.42652	0.0332513	0.0305044	0.0317689	0.0115318	0.0097546
77	0.0120836	0.00196363	0.000591106	0.0159496	0.0196748	0.00384542	0.000559354	0.588113	0.000946748	0.182901	0.020563	0.00212583	0.00139502	0.00243243	0.00117522	0.00654375	0.0134225	0.106733	0.016454	0.00252758
78	0.0594467	0.0172942	0.00104962	0.00274897	0.112725	0.0182629	0.0011546	0.125303	0.00588427	0.240707	0.1121	0.0196907	0.000709933	0.0229696	0.0101209	0.0385801	0.0552983	0.114234	0.0146619	0.0270582
79	0.0364155	0.0110592	0.000431772	0.00152606	0.187437	0.00833224	0.00162427	0.0950394	0.00190574	0.367518	0.1054	0.00524764	0.00103198	0.00730493	0.00303087	0.0277193	0.0378965	0.0773468	0.0069264	0.0168058
80	0.0442548	0.00356384	0.00328307	0.00203936	0.126272	0.0610428	0.00302855	0.074735	0.00170995	0.125876	0.0193887	0.00761343	0.238858	0.00534605	0.0183377	0.0313178	0.0176888	0.0422839	0.07944	0.0939204
81	0.0739836	0.00748085	0.0021375	0.00249177	0.190493	0.0548061	0.00455524	0.0827047	0.00430994	0.158333	0.0650624	0.0132127	0.00312251	0.0510137	0.00763578	0.0750687	0.0381754	0.0582921	0.0178214	0.0893
82	0.0704001	0.00472028	0.000119864	0.00124342	0.037237	0.00693116	0.000324853	0.30125	0.000327436	0.266672	0.0410615	0.000923555	0.00402239	0.0011802	0.000274319	0.00840259	0.0269286	0.22408	0.00254514	0.00135622
83	0.0834156	0.00516688	0.000374461	0.00176402	0.209881	0.0436271	0.00135627	0.0918127	0.000809787	0.280587	0.0599589	0.00240408	0.00809324	0.00260467	0.00297295	0.00869151	0.0100549	0.100351	0.0574226	0.0286512
84	0.0156794	0.0120424	0.00023837	0.00524331	0.33791	0.00317968	0.00120791	0.0581846	0.000622652	0.377368	0.0669783	0.00155973	0.00101128	0.0012723	0.000771951	0.0110877	0.0321079	0.0450239	0.00436987	0.0241415
85	0.0232157	0.000735527	0.000249859	0.000991377	0.036871	0.00171608	0.00355256	0.361813	0.000461558	0.0765578	0.0993077	0.0141278	0.000872877	0.00130848	0.00066593	0.0152856	0.0525075	0.298072	0.00094555	0.0107425
86	0.260779	0.0971994	0.000290331	0.000582133	0.0297879	0.0834664	0.000339317	0.018298	0.000568402	0.0228941	0.017443	0.00701027	0.000521643	0.00287984	0.00262978	0.304471	0.085626	0.0597291	0.00192213	0.00356257
87	0.0457782	0.0237938	0.00011543	0.000369766	0.0658406	0.00982556	0.000222193	0.0914694	0.000220843	0.538648	0.081407	0.00163157	0.000382224	0.00551355	0.000395312	0.017876	0.0215042	0.0771195	0.00965226	0.00823464
88	0.159241	0.0313248	0.000352948	0.00419773	0.00445706	0.0257202	0.000498318	0.107106	0.00228154	0.0661853	0.0180212	0.0242599	0.00370887	0.00613016	0.00154452	0.153135	0.183587	0.198657	0.00113781	0.00845457
89	0.260804	0.0133194	0.000259274	0.000920401	0.0109324	0.0941981	0.000954122	0.0263301	0.00181332	0.0300412	0.020885	0.0364732	0.00206599	0.00735261	0.00618053	0.271931	0.139064	0.0516418	0.00177794	0.0230561
90	0.0335981	0.00656446	0.000201559	0.00154641	0.187067	0.00524436	0.00163446	0.0825877	0.00171294	0.407696	0.0970834	0.00521823	0.000987137	0.00776912	0.00297054	0.0152535	0.0378416	0.0745957	0.0130495	0.0173778
91	0.295299	0.0783481	0.000916751	0.00179407	0.100253	0.00606482	0.00125084	0.023597	0.00157933	0.0996949	0.0207185	0.00264357	0.00167638	0.00306837	0.00231027	0.139072	0.0600958	0.0703324	0.00284988	0.0884347
92	0.251566	0.0114444	0.000305613	0.00101523	0.00528997	0.0817859	0.000439207	0.0236155	0.00390011	0.0338549	0.0484191	0.0484456	0.00209769	0.0122317	0.00414667	0.308368	0.11395	0.0358713	0.0016872	0.0115659
93	0.219011	0.00166724	0.000150157	0.000280088	0.00381936	0.558876	0.00019797	0.0187552	0.000268332	0.00506727	0.00555181	0.00420191	0.000268361	0.000448469	0.00149404	0.140607	0.0220359	0.0121885	0.0013098	0.00380222
94	0.0169365	0.000646306	0.000288071	0.000658549	0.0117646	0.00201303	0.00137228	0.439832	0.000470685	0.0954138	0.0399565	0.00644394	0.00330907	0.00110427	0.000690287	0.0125724	0.0345655	0.319905	0.000910523	0.0111475
95	0.035635	0.0109892	0.00108984	0.00185986	0.0422765	0.00976759	0.00242648	0.0654802	0.00426623	0.576587	0.0881242	0.00719582	0.00231716	0.0250711	0.00490884	0.0382616	0.0170319	0.0497151	0.00569216	0.0113046
96	0.0328407	0.00527691	0.0194987	0.0543584	0.0179712	0.0109645	0.0716435	0.0238202	0.00343689	0.0463299	0.0456686	0.0983716	0.00564227	0.401108	0.0049678	0.0314558	0.0206696	0.0293276	0.00581386	0.0708334
97	0.215971	0.00478826	0.000438658	0.000758128	0.00327137	0.0287501	0.000534681	0.0129535	0.000855945	0.0223739	0.00556158	0.00527617	0.00083188	0.00266508	0.00282459	0.514465	0.115164	0.0476854	0.0061601	0.00867027
98	0.0124649	0.00264319	0.00120729	0.0295051	0.127047	0.00624821	0.152909	0.0256053	0.043952	0.124962	0.0684166	0.0453379	0.00174293	0.0188249	0.0305296	0.00924698	0.00805416	0.0421001	0.0934572	0.155745
99	0.0149747	0.000856719	0.0235695	0.101383	0.0101386	0.0381514	0.0630718	0.0257457	0.253686	0.0136159	0.0059845	0.0205333	0.000596082	0.0876436	0.223751	0.05605	0.0269423	0.00702033	0.00444305	0.0218433
100	0.0144654	0.000933939	0.000437196	0.000721116	0.414743	0.0022669	0.0091178	0.00955529	0.000776221	0.0920994	0.0251169	0.00652382	0.000831153	0.00679102	0.000962067	0.0184499	0.0114345	0.00904944	0.017599	0.358126
101	0.254867	0.00630816	0.00122	0.001591	0.122339	0.161334	0.00171893	0.0213132	0.0146381	0.125835	0.0115653	0.0159811	0.00289652	0.00365727	0.0156344	0.0621517	0.0690841	0.0379874	0.0329562	0.0369211
102	0.139205	0.00130508	0.000390734	0.0202324	0.0051098	0.0125557	0.000733809	0.167962	0.0172012	0.105699	0.0408443	0.00381867	0.0304301	0.00232592	0.00710241	0.0492872	0.050911	0.319858	0.013863	0.0111642
103	0.0920883	0.00208218	0.00519181	0.0015504	0.0338296	0.0547725	0.00205748	0.0128633	0.00153288	0.0151536	0.0271678	0.0251405	0.415129	0.0139385	0.00855801	0.161024	0.0852395	0.0133838	0.0108728	0.0184242
104	0.633484	0.00300688	0.000214624	0.00036341	0.00344742	0.0670856	0.000245075	0.00485491	0.000528842	0.00523163	0.00375117	0.00167477	0.0019654	0.00428403	0.000630031	0.208888	0.033672	0.0164973	0.000649253	0.00952575
105	0.133143	0.00903381	0.000240489	0.000876864	0.105718	0.0294796	0.000301608	0.152274	0.00193103	0.281229	0.0380683	0.00146471	0.0028549	0.00164676	0.00109033	0.0149427	0.0165084	0.172741	0.0215596	0.0148965
106	0.360849	0.0130007	0.000192785	0.000891563	0.00433683	0.0825082	0.000244642	0.0196278	0.00107877	0.0184541	0.0132519	0.0139404	0.000998208	0.00904196	0.00384402	0.309787	0.098497	0.0418456	0.00166557	0.00594409
107	0.0977633	0.0023938	0.00480655	0.00499953	0.027619	0.0544369	0.00255428	0.0139006	0.00176995	0.0157491	0.0226265	0.0200673	0.403542	0.0190912	0.00835471	0.157324	0.102432	0.0152422	0.0093826	0.0159441
108	0.15384	0.0306544	0.000649516	0.000897124	0.0555378	0.00390722	0.00088971	0.411162	0.000916256	0.0399162	0.0185041	0.00913235	0.000991657	0.0017063	0.00126267	0.0286918	0.0596389	0.155728	0.00147304	0.0245012
109	0.0479841	0.00657745	0.000282295	0.00455575	0.160266	0.0148883	0.000391919	0.0965776	0.000506905	0.442963	0.0307095	0.000869657	0.00542771	0.00289467	0.000709645	0.00444383	0.00918738	0.102321	0.0496758	0.0187683
110	0.0310391	0.00428784	0.000586265	0.00178432	0.339947	0.0198364	0.00560927	0.0437025	0.00222907	0.216044	0.0447752	0.0194113	0.00163042	0.0174998	0.00788373	0.0172679	0.0197046	0.0376415	0.0539152	0.115205
111	0.0663865	0.00296114	0.153996	0.049698	0.0098784	0.0576723	0.00283932	0.0132737	0.00337807	0.0179065	0.00956489	0.364067	0.00219286	0.00910692	0.00509436	0.161324	0.0292482	0.0301025	0.00370716	0.00760209
112	0.0222321	0.00577952	0.000128533	0.000967598	0.0267007	0.00731044	0.000197519	0.394	0.000250602	0.286168	0.0377276	0.00071079	0.00104783	0.000996173	0.000262609	0.00408256	0.0128306	0.197031	0.000959538	0.000615728
113	0.288127	0.118724	0.000321457	0.00045515	0.0377233	0.0830858	0.000366009	0.0174398	0.000434329	0.0200782	0.0178867	0.00224566	0.000446548	0.00138668	0.000927163	0.282465	0.0563155	0.0688321	0.000965507	0.00177433
114	0.0116752	0.00210674	0.000875467	0.0070109	0.0492376	0.00664636	0.0012383	0.252303	0.0015285	0.151537	0.364692	0.00272078	0.00139514	0.0406687	0.00170583	0.00757454	0.00741685	0.0469921	0.0176057	0.0250695
115	0.0221693	0.0051478	0.000191654	0.00220252	0.0427899	0.0063172	0.000329665	0.382268	0.000395704	0.290177	0.0525755	0.00132934	0.000884636	0.0021862	0.000483823	0.00562196	0.0121169	0.166555	0.00340456	0.00285342
116	0.342536	0.0160826	0.000274265	0.00153965	0.0472478	0.205903	0.00042413	0.0550797	0.00139704	0.0805217	0.0260059	0.00362972	0.000470698	0.00166055	0.00111699	0.0503413	0.047343	0.105784	0.00731795	0.00532333
117	0.286809	0.11631	0.000305652	0.000464833	0.0376329	0.0851605	0.000351294	0.0171275	0.000412798	0.0209542	0.0184196	0.00265976	0.000435057	0.00148878	0.00103646	0.280737	0.0586049	0.0681462	0.00101905	0.00192448
118	0.159827	0.0474219	0.000740718	0.00110774	0.0723655	0.0231468	0.000637095	0.100202	0.000666596	0.182041	0.0517082	0.00260872	0.000772529	0.00732341	0.00173118	0.0947467	0.0853097	0.161432	0.00214329	0.00406792
119	0.0601317	0.00796716	0.000201012	0.00184989	0.117122	0.0211945	0.00026222	0.117998	0.000663787	0.421734	0.0199893	0.000997965	0.00278363	0.00341947	0.000520885	0.00543143	0.00919125	0.130975	0.0525884	0.024977
120	0.0584477	0.00668481	0.000154343	0.000391537	0.191877	0.0665774	0.00849798	0.0645349	0.000481179	0.222085	0.0280809	0.00935579	0.00242302	0.00365582	0.0190701	0.0139962	0.0239588	0.0756417	0.116139	0.0879455
121	0.0313733	0.00799164	0.000243787	0.000451955	0.0408988	0.00435705	0.000416731	0.0783381	0.00072462	0.63694	0.0861761	0.00207226	0.000580083	0.0196214	0.000926465	0.00908872	0.0112401	0.0562041	0.00335209	0.0090023
122	0.597206	0.0427117	0.000280087	0.000453551	0.00816869	0.0842465	0.000428408	0.00669467	0.00640808	0.0204631	0.00669529	0.000917713	0.0069639	0.00188154	0.000790751	0.164801	0.0198005	0.0224997	0.00668044	0.00190911
123	0.0572963	0.0159312	0.00109566	0.00174612	0.0496261	0.0193586	0.00113676	0.123706	0.00225784	0.0612956	0.0192647	0.00338577	0.00152353	0.00296625	0.00272272	0.0231823	0.00692024	0.14241	0.363875	0.1003
124	0.210756	0.00188677	0.000149265	0.000293089	0.00322016	0.584941	0.000194844	0.0192581	0.00024921	0.00434	0.00470137	0.00351074	0.000273242	0.000395882	0.00159537	0.125484	0.0208951	0.0126455	0.000945983	0.00426427
125	0.0593422	0.00421921	0.000366931	0.00252341	0.0218687	0.0108958	0.00177865	0.322404	0.00205771	0.0809242	0.0419507	0.0171953	0.00171439	0.00344658	0.0025739	0.0317313	0.0524835	0.333167	0.00122367	0.00813315
126	0.0888911	0.0172677	9.10805e-05	0.000479956	0.0617484	0.0175378	0.000171072	0.150933	0.000260267	0.377725	0.0388267	0.0011062	0.00164839	0.00182047	0.000271039	0.0169556	0.0325271	0.185687	0.00397334	0.00207885
127	0.124485	0.00571816	8.95625e-05	0.000718104	0.0506554	0.0102609	8.97613e-05	0.21945	0.000269028	0.253713	0.0398904	0.000314045	0.00166983	0.0010895	0.000156722	0.00937673	0.0290051	0.24825	0.00372252	0.00107684
128	0.211625	0.00186896	0.000148451	0.000293969	0.00322877	0.583283	0.000199437	0.0191364	0.000308239	0.00434882	0.00469216	0.00359973	0.00033569	0.000395839	0.0017515	0.126049	0.0209175	0.0126198	0.000959108	0.00423913
129	0.229774	0.00437565	0.000324031	0.000655644	0.00809449	0.502062	0.000332801	0.0223332	0.000519617	0.0124329	0.0108577	0.00491153	0.000683332	0.00131838	0.00247255	0.137003	0.0287753	0.0262474	0.00241173	0.00441475
130	0.117418	0.00825064	5.30979e-05	0.000360624	0.0584841	0.0210683	8.96143e-05	0.200613	0.000191344	0.30494	0.0224764	0.000263751	0.00312222	0.00055733	0.000141381	0.00787752	0.0216178	0.228866	0.00227986	0.00132921
131	0.11559	0.0115913	8.90245e-05	0.000156634	0.0600779	0.0303561	0.000132795	0.176119	0.000353998	0.347901	0.00977005	0.000389666	0.00337099	0.000282385	0.000276543	0.00800982	0.0198556	0.212487	0.00180677	0.0013829
132	0.0690467	0.00614183	0.0165446	0.0383547	0.048231	0.0130497	0.0214107	0.0536211	0.0055203	0.0578278	0.0661881	0.0603573	0.00395977	0.361193	0.0106356	0.0605244	0.0292058	0.0357013	0.00708133	0.0354046
133	0.0496262	0.00856793	0.000206271	0.00257319	0.155398	0.0152194	0.000532022	0.0920903	0.000388237	0.438439	0.034955	0.000854111	0.00340629	0.00290045	0.000746272	0.00564588	0.0113579	0.108521	0.0456548	0.0229176
134	0.232501	0.0148391	0.000682981	0.00125857	0.0406093	0.0690294	0.000793611	0.0281046	0.00267151	0.40974	0.0276905	0.00225027	0.00143003	0.00266511	0.00179364	0.0342271	0.00585508	0.108083	0.00295936	0.0128158
135	0.0563738	0.0149348	0.00139799	0.00278837	0.119781	0.0167748	0.00209512	0.132429	0.00241774	0.309594	0.0516915	0.00557548	0.00135126	0.00816142	0.00385372	0.0197278	0.02036	0.151525	0.0397662	0.0394005
136	0.0269231	0.0317197	0.0046003	0.0416441	0.0140103	0.0400913	0.123135	0.0212418	0.00415186	0.148856	0.0991684	0.0102361	0.0522621	0.186861	0.00537745	0.0473176	0.0148424	0.104145	0.0059181	0.0174983
137	0.0603082	0.0078586	0.000198479	0.00183362	0.117041	0.0211897	0.000268363	0.119378	0.000655056	0.420581	0.020065	0.00106665	0.0027302	0.00366237	0.000561315	0.00548899	0.00958192	0.13032	0.0522299	0.0249823
138	0.0435735	0.00351584	0.0031187	0.00182219	0.124556	0.0618769	0.00320399	0.0723816	0.00154733	0.118464	0.0174216	0.00753963	0.240596	0.00499257	0.0200113	0.0323429	0.0176021	0.0410774	0.0834606	0.100896
139	0.0838009	0.0014776	0.0124715	0.167445	0.00569257	0.0148214	0.000830352	0.0167334	0.0215033	0.0105455	0.00426454	0.0208317	0.419309	0.0204439	0.0284334	0.0655483	0.0727906	0.0186648	0.0111559	0.00323598
140	0.131304	0.00177228	0.101729	0.0912476	0.00450048	0.33807	0.00105941	0.00711312	0.0643447	0.0130069	0.00461351	0.0348185	0.0111714	0.0119862	0.0572704	0.064265	0.0405549	0.0157992	0.00211972	0.00325377
141	0.113111	0.007487	0.000255036	0.00397335	0.0471701	0.00576301	0.000320143	0.202399	0.000790878	0.234511	0.0483045	0.000634567	0.00198685	0.00194779	0.00063967	0.0138514	0.0395855	0.271842	0.00363003	0.00179739
142	0.0275993	0.00236998	0.00102515	0.00269691	0.00109745	0.0104001	0.0110852	0.0279178	0.29983	0.0307875	0.0127406	0.00880607	0.00194285	0.0333942	0.408547	0.0327157	0.0399277	0.0295322	0.00994218	0.00764187
143	0.0153601	0.000838811	0.0240838	0.102854	0.00974375	0.0380177	0.0597145	0.025491	0.252833	0.0140478	0.00582624	0.0205596	0.000597888	0.0872083	0.226521	0.0552266	0.0279958	0.00723463	0.00464277	0.0212026
144	0.02251	0.000584074	0.000244737	0.000596316	0.037722	0.00174355	0.00365362	0.360021	0.00043176	0.0774082	0.096505	0.0130971	0.000847923	0.00118595	0.000620954	0.0150541	0.0549958	0.301691	0.000806025	0.0102814
145	0.0593046	0.0118594	0.000513356	0.00239814	0.142629	0.0199496	0.000804685	0.130149	0.00851421	0.241351	0.0936766	0.0199334	0.000852662	0.0199309	0.0129935	0.0299737	0.0461873	0.107276	0.017934	0.0337695
146	0.02945	0.0026953	0.00113752	0.00263463	0.00118732	0.0112493	0.0114984	0.0277371	0.29871	0.0328537	0.0131547	0.00939047	0.00185188	0.0315015	0.40153	0.034082	0.0426491	0.0298929	0.00942883	0.00736506
147	0.0400018	0.0029327	0.00110662	0.00198792	0.00833262	0.0191113	0.0162054	0.039308	0.0648171	0.527392	0.00917364	0.0501684	0.00156992	0.0744752	0.0624281	0.0375549	0.00908257	0.026573	0.00317016	0.00460927
148	0.0433358	0.00651961	0.000258849	0.00113255	0.15106	0.00717523	0.00115984	0.15353	0.00186634	0.347037	0.0850962	0.00519065	0.00131337	0.00622791	0.00315058	0.0143938	0.0336693	0.112947	0.0093619	0.015574
149	0.119613	0.00793527	0.000638102	0.00102177	0.0358698	0.171688	0.000842635	0.111985	0.00317082	0.312121	0.00947246	0.00271945	0.01252	0.00195773	0.00364745	0.0103547	0.00966403	0.138088	0.0329503	0.013741
150	0.035968	0.00158438	0.00135265	0.0015221	0.00552074	0.00616598	0.0172428	0.0224887	0.00115719	0.0397314	0.0048109	0.0026253	0.761365	0.00318949	0.00138913	0.0527701	0.0202921	0.0153184	0.00192637	0.00357939
151	0.298167	0.0126625	0.000291249	0.00124814	0.0101032	0.108149	0.00052478	0.0305743	0.00150803	0.0377567	0.0295295	0.0142993	0.00180193	0.00676411	0.0174518	0.222898	0.0984633	0.0988613	0.00303992	0.00590615
152	0.11509	0.00407436	7.75631e-05	0.00102496	0.049226	0.00463649	9.61829e-05	0.222716	0.000111427	0.252835	0.0479993	0.000216478	0.00144363	0.00128611	0.00013067	0.00941636	0.0318532	0.253528	0.00351823	0.000719365
153	0.075464	0.0098226	0.000171292	0.00124473	0.110313	0.0219356	0.000210365	0.136141	0.000592276	0.386795	0.0273346	0.00092833	0.00272822	0.00228683	0.000494917	0.00949372	0.0161102	0.150094	0.0324032	0.0154365
154	0.221213	0.0105732	0.000139058	0.000514927	0.0048953	0.465124	0.000213827	0.0214997	0.000529224	0.0101682	0.0085293	0.00811596	0.000327597	0.00211396	0.0024102	0.168234	0.0470228	0.0217549	0.00131102	0.00530928
155	0.219395	0.0115553	0.000716521	0.00109492	0.0145552	0.092621	0.000620505	0.0346286	0.00159128	0.0686571	0.0441484	0.0211399	0.00184922	0.0124869	0.0176158	0.241527	0.086005	0.11928	0.00245775	0.00805439
156	0.217811	0.00695224	0.00065102	0.00144224	0.0324354	0.380581	0.0011273	0.0228118	0.00356932	0.0434493	0.0218494	0.00779592	0.0064377	0.00247007	0.00528149	0.164923	0.02698	0.0306424	0.0163022	0.00648792
157	0.109445	0.00444826	0.000335229	0.00266193	0.022306	0.0294572	0.000618771	0.240336	0.00163519	0.0873769	0.0150133	0.0084319	0.0010079	0.0100238	0.0031348	0.0289067	0.0362761	0.392897	0.00197995	0.00370758
158	0.106919	0.00163544	0.000754359	0.000964209	0.0309863	0.110176	0.00654455	0.0354028	0.00104833	0.0579788	0.0297365	0.0904866	0.0104341	0.00218649	0.0127355	0.179659	0.149074	0.0885368	0.0018121	0.0829292
159	0.0311449	0.00531497	0.023097	0.0702042	0.0153445	0.0118347	0.0595581	0.0188128	0.00955134	0.0501065	0.0524685	0.0532614	0.00666196	0.446544	0.00840074	0.031538	0.0173852	0.0275738	0.00415008	0.0570472
160	0.0224035	0.0058796	0.000123995	0.000822369	0.0300551	0.00765085	0.000181793	0.409207	0.000242996	0.270532	0.0421261	0.000789439	0.000916147	0.00118577	0.000248904	0.00376353	0.0102394	0.192262	0.000763213	0.000605293
161	0.184868	0.00997644	0.00214067	0.00132062	0.0106306	0.0729455	0.00245026	0.0317429	0.00272428	0.0275748	0.0313073	0.12633	0.00207461	0.0090189	0.00411833	0.316542	0.0886455	0.0477998	0.00257911	0.02521
162	0.0665617	0.0116428	0.00967673	0.00449522	0.0417155	0.0354363	0.00299395	0.159853	0.002434	0.258439	0.0509985	0.00415059	0.00168473	0.0262529	0.0139453	0.0850093	0.0636144	0.139343	0.00502857	0.0167243
163	0.0199148	0.00417635	0.000156885	0.00112561	0.219177	0.00345541	0.00231997	0.0808759	0.000349774	0.434414	0.0982924	0.00075171	0.000373345	0.00202071	0.000639364	0.0112613	0.0411079	0.0615241	0.00325691	0.0148064
164	0.0518879	0.00568722	0.000105999	0.000667843	0.0353198	0.00646624	0.000143457	0.356171	0.000197866	0.252114	0.042062	0.000664401	0.00105041	0.00139212	0.000204471	0.00470949	0.0155386	0.223796	0.00121489	0.000606553
165	0.06841	0.00275743	0.190675	0.0545238	0.00924273	0.0595038	0.002068	0.0116017	0.00288532	0.0171795	0.00804879	0.339579	0.00219028	0.00804873	0.00456773	0.149983	0.0284844	0.0308544	0.00389083	0.0055063
166	0.0383055	0.00339894	0.00161683	0.00281445	0.0107527	0.00894967	0.00219717	0.0928676	0.00318727	0.106868	0.00987856	0.119765	0.013895	0.0512659	0.118629	0.195618	0.155532	0.053626	0.00410765	0.00672519
167	0.0549641	0.0093788	0.000464144	0.00229193	0.139914	0.0138321	0.00110159	0.158309	0.00773425	0.212815	0.0893447	0.0216949	0.000854608	0.0256876	0.0130515	0.027558	0.0483677	0.121109	0.0192358	0.0322921
168	0.0102211	0.00285739	0.000239777	0.000610451	0.122325	0.00264356	0.00033867	0.235742	0.000378165	0.434696	0.0605342	0.000727501	0.000593596	0.000853001	0.000574898	0.0042369	0.00488312	0.0987649	0.0087154	0.0100646
169	0.520142	0.0177235	0.000521829	0.00144728	0.0178071	0.103729	0.000754978	0.0300319	0.00380714	0.045013	0.013317	0.00408221	0.00494846	0.00301661	0.00229016	0.130742	0.0416788	0.0466563	0.00664733	0.00564313
170	0.284715	0.00562492	0.000255654	0.000569996	0.00296714	0.0589157	0.000320585	0.0136836	0.000656516	0.0152095	0.00624073	0.00539507	0.000874025	0.00485633	0.00491617	0.445928	0.105985	0.0361004	0.00240719	0.00437861
171	0.0546171	0.00464779	0.000228718	0.00241182	0.0349275	0.00723716	0.000456019	0.402437	0.00069005	0.197583	0.043363	0.00217145	0.000922171	0.0065267	0.000827854	0.0069355	0.0164371	0.212436	0.00288594	0.00225775
172	0.192485	0.00110299	0.000333191	0.00055083	0.00232026	0.024381	0.000481908	0.0102764	0.000564894	0.0176316	0.00216057	0.00124338	0.000547704	0.00123975	0.00244689	0.574998	0.123452	0.0348642	0.00395192	0.00496698
173	0.176843	0.00437312	0.00147475	0.00297965	0.077731	0.0107476	0.00239949	0.0443607	0.00265	0.0733744	0.0129914	0.0262683	0.00238898	0.00494912	0.00383216	0.0919292	0.0138305	0.0464385	0.190395	0.210043
174	0.0201932	0.00534914	0.00025129	0.00211577	0.0578376	0.00336633	0.000417248	0.131951	0.000526559	0.567083	0.0938602	0.00200081	0.000380683	0.0114894	0.000753485	0.00669948	0.00848908	0.0708558	0.00436636	0.0120135
175	0.117594	0.00277984	0.0481926	0.0420326	0.082022	0.043875	0.0216053	0.0222419	0.0421306	0.0389005	0.0222497	0.0695278	0.00479036	0.0422513	0.10116	0.0993474	0.0817348	0.0367192	0.0114521	0.0693934
176	0.0157154	0.000952127	0.000381831	0.000738258	0.175235	0.00303101	0.0133605	0.0156406	0.000687045	0.0595632	0.0291901	0.0121921	0.000768105	0.00251834	0.000926735	0.0270982	0.0082542	0.00417539	0.0133936	0.616178
177	0.677965	0.00331778	0.000163561	0.000306117	0.00407134	0.0624521	0.000210647	0.00385304	0.000415195	0.00470994	0.00381985	0.000645255	0.00189387	0.00323253	0.000387557	0.175476	0.0340403	0.0165074	0.000604855	0.00592742
178	0.0276853	0.00414378	0.0649936	0.118787	0.0131775	0.0145746	0.0219266	0.0166605	0.00648118	0.0513165	0.0561207	0.154521	0.00435082	0.291586	0.00489861	0.0371078	0.0433949	0.033571	0.00358402	0.0311186
179	0.0457965	0.00247669	0.0268716	0.0470944	0.0173353	0.0248168	0.0276367	0.0274753	0.206402	0.0411731	0.0130069	0.0272136	0.00218167	0.0497115	0.274303	0.0614659	0.0571415	0.0233771	0.00799807	0.0165215
180	0.0168632	0.00344874	0.000183735	0.000691921	0.0789495	0.00385378	0.00045543	0.286086	0.000385392	0.383736	0.0612817	0.00144311	0.00050537	0.00154097	0.000494134	0.00512499	0.00855583	0.135133	0.0046871	0.00658071
181	0.0367764	0.00643219	0.00085054	0.00216974	0.13404	0.00941935	0.0017251	0.152519	0.00471955	0.157873	0.121476	0.0412586	0.00102438	0.0134106	0.00816594	0.0396634	0.0694404	0.133076	0.0112139	0.0547474
182	0.0351077	0.00363802	0.0453356	0.118499	0.0144092	0.0177172	0.0311218	0.0175687	0.0104987	0.0540804	0.065921	0.0442011	0.00759101	0.396176	0.00484759	0.033054	0.0241835	0.0263114	0.00318579	0.0465524
183	0.0213697	0.00484282	0.000145768	0.000662579	0.0800362	0.00260746	0.000655953	0.0658539	0.00029523	0.650626	0.0862091	0.00136176	0.000555133	0.0102978	0.000498765	0.00512725	0.0113182	0.0426711	0.00396404	0.0109013
184	0.0362766	0.00186423	0.00167634	0.00273396	0.00650421	0.00690588	0.0154996	0.023166	0.00137351	0.0416005	0.00479492	0.0030418	0.75678	0.00318638	0.00190826	0.0495503	0.0205187	0.0151561	0.0026254	0.00483727
185	0.0776388	0.0083969	0.00394388	0.00226317	0.0553394	0.0277776	0.0043317	0.185998	0.00761536	0.206313	0.0570642	0.00537532	0.000896391	0.0398197	0.0166019	0.0594434	0.0577662	0.146177	0.0101253	0.0271131
186	0.278974	0.00269047	0.000167271	0.000314216	0.00369276	0.491069	0.000225546	0.0160468	0.000440687	0.00481916	0.00509157	0.00359095	0.000755534	0.000981041	0.00184469	0.148694	0.0229825	0.0126463	0.00114091	0.00383196
187	0.0219274	0.00556174	0.000139453	0.000860696	0.0285315	0.00749944	0.000196378	0.399417	0.000249031	0.281763	0.0414508	0.000712613	0.00100096	0.00105129	0.000271236	0.00375438	0.0108509	0.193142	0.00101506	0.000604652
188	0.0196795	0.00420586	0.000718988	0.00376191	0.196813	0.00651607	0.000900741	0.398948	0.000984218	0.178887	0.0262698	0.0029698	0.0015255	0.00297517	0.0016974	0.00801099	0.0109518	0.123531	0.00438472	0.00626845
189	0.21717	0.00188314	0.000154684	0.000283228	0.00337144	0.570166	0.000191142	0.019155	0.000251227	0.00458192	0.00478046	0.00351358	0.000306026	0.000665626	0.00156391	0.13109	0.022216	0.0135459	0.000991239	0.00411914
