409	20
1	0.0353202	0.00411577	0.00442569	0.00268807	0.00151741	0.0207148	0.00160254	0.00576219	0.00596192	0.00302653	0.00322534	0.0391637	0.00175523	0.0035843	0.00315897	0.327338	0.527634	0.00667072	0.000434303	0.00190035
2	0.0988438	0.00195923	0.170575	0.102574	0.00405833	0.0180447	0.00313148	0.0191671	0.247413	0.0282769	0.00436605	0.0312019	0.163479	0.0182004	0.00432252	0.0268978	0.0188933	0.0205696	0.00125524	0.0167703
3	0.0554053	0.000195793	0.331283	0.279977	0.000837764	0.0175474	0.0111565	0.00529801	0.0366165	0.0112541	0.00512654	0.0716671	0.000650536	0.0539257	0.0296021	0.0529349	0.024904	0.00868563	0.000103351	0.00282798
4	0.0584251	0.00424951	0.0429674	0.0869461	0.00830287	0.0237403	0.0244688	0.0212204	0.179941	0.0503153	0.0211494	0.0424979	0.0024321	0.138448	0.168394	0.0618852	0.0328318	0.0131052	0.00340623	0.0152727
5	0.0237043	0.00232182	0.00505817	0.0807382	0.00442607	0.00524402	0.00496693	0.0404881	0.118616	0.106151	0.0202849	0.046627	0.00124651	0.213889	0.137409	0.10398	0.00829337	0.00692291	0.0372654	0.0323675
6	0.0369659	0.0124035	0.240443	0.0150866	0.00302234	0.0104927	0.063818	0.0110114	0.0182763	0.00619113	0.00930004	0.314985	0.0166665	0.0608227	0.00870324	0.106572	0.0501183	0.00507677	0.00106133	0.00898341
7	0.00947401	0.00213696	0.00145419	0.00130832	0.00248686	0.000279816	0.000216721	0.493698	0.00119852	0.228613	0.0325777	0.001115	0.000104655	0.000322471	0.000837126	0.00255242	0.0082827	0.212191	0.000136378	0.00101453
8	0.0187379	0.00434778	0.0016517	0.00201656	0.020055	0.00196195	0.00135526	0.351946	0.0034665	0.336059	0.0397602	0.00136969	0.000416244	0.00238285	0.00185329	0.00463382	0.0134903	0.183931	0.00187371	0.00869144
9	0.0213945	0.0061272	0.00229214	0.00260168	0.0225857	0.00208901	0.00203087	0.310872	0.00420435	0.336032	0.0372819	0.00222748	0.000728896	0.00290957	0.00309383	0.00464168	0.0168269	0.208833	0.00174676	0.0114808
10	0.233612	0.00413888	0.00755084	0.00573251	0.0022839	0.0157659	0.00154149	0.00327199	0.00552226	0.00435488	0.00251793	0.00323038	0.00102776	0.00242117	0.00232417	0.687472	0.0107684	0.0032306	0.000724107	0.00250871
11	0.331658	0.0217081	0.0216608	0.0259414	0.0169822	0.0626589	0.013578	0.0381879	0.0310145	0.058039	0.0204773	0.0238873	0.00945898	0.019536	0.0279771	0.120301	0.0709363	0.0650103	0.00431441	0.0166729
12	0.28734	0.00598853	0.0296777	0.0222783	0.0102295	0.273799	0.00391463	0.00587013	0.0137405	0.0339784	0.00761684	0.00343555	0.025664	0.0109032	0.00481614	0.209285	0.0340798	0.0112808	0.000896219	0.00520568
13	0.327462	0.01823	0.0242462	0.031973	0.0151559	0.0655645	0.0103035	0.0418211	0.030957	0.0544685	0.0197245	0.0253078	0.0111664	0.0213912	0.0270292	0.127412	0.0651549	0.0627519	0.0035569	0.0163233
14	0.161569	0.0100418	0.051474	0.0450164	0.0154085	0.218322	0.0148553	0.0204248	0.0437121	0.0398407	0.0205096	0.0625141	0.012758	0.0406092	0.0356975	0.11786	0.0442177	0.024613	0.00308148	0.0174745
15	0.114249	0.00947632	0.00561962	0.00342272	0.00108307	0.0362358	0.000933841	0.00251503	0.00949512	0.00211835	0.00353152	0.0243387	0.00126721	0.00483393	0.00329741	0.657447	0.114709	0.00359932	0.000354573	0.00147218
16	0.171188	0.0113079	0.0556234	0.0465829	0.0176401	0.227874	0.0144603	0.0181697	0.0395802	0.03785	0.0168202	0.0600681	0.00884696	0.0364622	0.0325927	0.117635	0.044632	0.024732	0.00298956	0.0149458
17	0.0537614	0.00341493	0.0391862	0.0561023	0.012944	0.02523	0.0179937	0.0232842	0.266815	0.0387708	0.0157852	0.0294631	0.00950044	0.061426	0.209968	0.0572658	0.0319809	0.0174978	0.00357249	0.0260377
18	0.0423019	0.0045476	0.0176205	0.0142957	0.00847679	0.0103974	0.00521311	0.0413258	0.0128473	0.0304316	0.0126943	0.0415925	0.0045319	0.0113978	0.0130365	0.113143	0.561436	0.0443915	0.00187244	0.00844624
19	0.300246	0.00421505	0.00647437	0.0118181	0.0279881	0.0221943	0.0101633	0.0128827	0.0829676	0.0154146	0.0312703	0.00803845	0.00345096	0.0155706	0.104489	0.223941	0.0917273	0.0170617	0.00189581	0.00819043
20	0.0230129	0.00452955	0.0018042	0.00212077	0.0226073	0.00189002	0.00204386	0.382773	0.00334055	0.266729	0.0412989	0.00128261	0.000250053	0.0025413	0.00290226	0.00528378	0.0179941	0.20465	0.00192224	0.0110232
21	0.0284308	0.00748453	0.00496709	0.00929634	0.0707588	0.00616107	0.00613162	0.101836	0.0131987	0.420226	0.179832	0.00549364	0.00175969	0.0160014	0.0146157	0.0129627	0.0181116	0.0583023	0.00485768	0.019572
22	0.0795659	0.0117754	0.0093071	0.00543314	0.0101969	0.00131217	0.00133467	0.31417	0.0016169	0.0350671	0.00361293	0.00160846	0.000730704	0.0015086	0.00181102	0.0201731	0.136936	0.340459	0.00443553	0.0189457
23	0.0530622	0.00110034	0.0631826	0.487931	0.00710563	0.0187649	0.0209224	0.0034644	0.0144232	0.0187541	0.00766539	0.0421538	0.00115837	0.190775	0.0161158	0.00564448	0.0370258	0.00313279	0.000810568	0.00680705
24	0.0452673	0.00786377	0.0223495	0.0338509	0.0586257	0.0146193	0.214801	0.0251274	0.0650373	0.0548268	0.0242752	0.0381113	0.00474212	0.0647197	0.155157	0.0262519	0.0227925	0.0266873	0.0116705	0.0832231
25	0.00924896	0.00210535	0.00146384	0.00132599	0.00200804	0.00025429	0.000222585	0.497797	0.00117953	0.224855	0.0324612	0.0011364	0.000104814	0.000296944	0.000849643	0.00258818	0.00826066	0.212894	0.00010607	0.000841413
26	0.0381452	0.00831267	0.000738528	0.0101076	0.0324442	0.00499377	0.0101499	0.22378	0.0267825	0.257254	0.107196	0.000913126	0.000478477	0.010041	0.0284782	0.0179926	0.0408404	0.148766	0.00418054	0.0284049
27	0.0683693	0.000991959	0.0690353	0.159874	0.00175339	0.00983194	0.0138487	0.0054105	0.170391	0.00938888	0.00519496	0.0541876	0.000895197	0.143017	0.186384	0.0613175	0.0361839	0.00322421	0.000170997	0.000529652
28	0.00820589	0.0162477	0.00921795	0.018063	0.0022517	0.00205792	0.077237	0.0456932	0.177256	0.216859	0.101395	0.00858868	0.00109466	0.0712519	0.182896	0.00349737	0.0072348	0.0131412	0.00108513	0.036726
29	0.00924881	0.00210262	0.00146497	0.00132863	0.00199839	0.000253971	0.000214262	0.497642	0.00117974	0.225011	0.0324917	0.00113621	0.000104818	0.000288172	0.000846645	0.00259158	0.00825116	0.21291	0.000106188	0.000828977
30	0.0302316	0.0212396	0.00269342	0.045728	0.00537805	0.0134221	0.00327469	0.142047	0.0749295	0.372544	0.0673992	0.00353624	0.000911315	0.0176605	0.0164481	0.0302455	0.0598366	0.0826601	0.00125129	0.0085624
31	0.00999282	0.00212853	0.00134589	0.00122051	0.00342477	0.000266606	0.00043585	0.50851	0.00113088	0.204878	0.032086	0.00106723	0.000121512	0.000717609	0.000874661	0.00247324	0.00859511	0.218908	0.000115385	0.00170746
32	0.0305297	0.000878845	0.334801	0.154736	0.00277174	0.0234293	0.0179366	0.00465343	0.035884	0.00861739	0.00389667	0.212185	0.0021208	0.0420845	0.0197753	0.0551029	0.0380007	0.00615618	0.000862553	0.00557789
33	0.0682681	0.000990728	0.0689554	0.160174	0.0017497	0.00989298	0.0137964	0.00540819	0.170106	0.00938505	0.00517929	0.054236	0.000896986	0.142908	0.186612	0.0613765	0.0361376	0.00322096	0.000171983	0.000533764
34	0.0109257	0.00506715	0.00139821	0.00430308	0.194243	0.00221376	0.00380178	0.122324	0.00150657	0.335353	0.203715	0.00310313	0.000412156	0.00287353	0.00232021	0.00298448	0.0110006	0.0604492	0.00481048	0.0271947
35	0.0196343	0.00516463	0.00112832	0.00172851	0.0473092	0.00169782	0.00116634	0.219882	0.00372622	0.446574	0.0555711	0.000962042	0.000229069	0.00372594	0.0020629	0.00280028	0.011578	0.156648	0.00314188	0.0152695
36	0.00953232	0.00235563	0.00115411	0.00100822	0.00905911	0.000356611	0.0012887	0.545298	0.000975493	0.14255	0.0272732	0.00091536	0.000174787	0.00228511	0.00104388	0.00205148	0.0100674	0.237446	0.000147266	0.00501744
37	0.196643	0.0227679	0.00161809	0.00387834	0.0177326	0.0262246	0.00254543	0.1085	0.00513486	0.201087	0.0818814	0.0115162	0.00417781	0.00767713	0.00440833	0.0912961	0.0323107	0.169372	0.00133776	0.00988983
38	0.0371227	0.00551989	0.0205659	0.0226312	0.00983276	0.0148711	0.00681556	0.0371527	0.0148768	0.0333424	0.0141253	0.0436275	0.0065439	0.0140836	0.0158981	0.131275	0.518219	0.0410966	0.00239421	0.0100058
39	0.0111323	0.00742257	0.00366316	0.0133251	0.225989	0.002459	0.00435711	0.0350705	0.00869186	0.0527279	0.0199532	0.00549499	0.00550991	0.00494344	0.0056146	0.00999517	0.00592942	0.0137642	0.0195727	0.544384
40	0.0469239	0.00548901	0.0186126	0.0171201	0.010499	0.0144044	0.00583922	0.0379165	0.016729	0.0269703	0.0138708	0.0446297	0.00521127	0.011688	0.013497	0.126547	0.529669	0.0407661	0.00273902	0.0108784
41	0.0554705	0.000725567	0.100694	0.147664	0.00706327	0.0180961	0.0229983	0.00675523	0.152986	0.0173964	0.0052553	0.0858436	0.000461249	0.0946859	0.128303	0.0718647	0.0492105	0.0116465	0.00428959	0.0185899
42	0.223426	0.00774182	0.0571078	0.0190637	0.0130256	0.0145155	0.0106068	0.0246326	0.171823	0.201378	0.0175851	0.0145913	0.0101221	0.0156893	0.0178752	0.0684995	0.024254	0.0678175	0.00473971	0.0155061
43	0.224521	0.00578033	0.00893254	0.0063802	0.00285143	0.0323083	0.00198278	0.00631039	0.00853844	0.00817851	0.004892	0.01209	0.0034373	0.00361853	0.00441283	0.609667	0.0454741	0.00707542	0.000676541	0.00287261
44	0.304109	0.0183627	0.0157147	0.0159281	0.00966618	0.0593249	0.00630918	0.0243905	0.017968	0.0302033	0.0140056	0.0309612	0.0119594	0.0138832	0.0170938	0.24759	0.105217	0.0456685	0.00237476	0.00927045
45	0.22441	0.00354673	0.0146731	0.0364734	0.00529047	0.110161	0.00797383	0.013243	0.0441079	0.0327218	0.00884502	0.120741	0.0023595	0.048295	0.0296269	0.179572	0.0844012	0.0255593	0.000740291	0.00725914
46	0.0555035	0.00200753	0.0666621	0.397463	0.006724	0.0444631	0.0306808	0.00479788	0.0303604	0.0203867	0.0102648	0.0606017	0.00147305	0.166775	0.031045	0.0202328	0.0349407	0.00530305	0.00128885	0.00902585
47	0.0252127	0.00784893	0.00363276	0.00721198	0.0869081	0.00430984	0.00474369	0.0863708	0.00848257	0.422145	0.21372	0.00563409	0.00108389	0.0162603	0.00989529	0.0124004	0.0159239	0.0462036	0.00471467	0.0172982
48	0.0130166	0.00113631	0.00331094	0.00273433	0.00225754	0.00344079	0.00177111	0.00516546	0.485242	0.00667903	0.00358738	0.00239521	0.00868479	0.00365827	0.405887	0.0263509	0.014674	0.00565724	0.000862787	0.00348777
49	0.0756444	0.00103244	0.0928654	0.409754	0.0118113	0.0201329	0.029691	0.00381521	0.00987757	0.0297584	0.010916	0.0468677	0.000802231	0.174952	0.0126471	0.00874522	0.0438476	0.00339192	0.001006	0.012441
50	0.0137459	0.0011467	0.00353147	0.00445451	0.0021764	0.00406848	0.00240925	0.00617525	0.474203	0.00787079	0.00383683	0.00318017	0.00823582	0.00808422	0.403329	0.0280288	0.0152243	0.00573239	0.00083861	0.00372771
51	0.00933116	0.00209934	0.0014607	0.00131855	0.00228305	0.000263033	0.000214448	0.495094	0.00120328	0.227654	0.0325675	0.0011283	0.000104604	0.000329235	0.000835886	0.00257066	0.00822634	0.212265	0.000123258	0.000927418
52	0.044941	0.005021	0.0214516	0.0192586	0.122882	0.00301815	0.309712	0.0297404	0.00728251	0.0355482	0.00817765	0.0457903	0.00113678	0.040911	0.126699	0.00907015	0.00532457	0.0248337	0.0164563	0.122745
53	0.0192348	0.0042239	0.000696686	0.000444408	0.0381378	0.00160366	0.000439643	0.234052	0.00326969	0.487068	0.0418196	0.000496484	0.000137558	0.00340709	0.000959618	0.00122572	0.00757515	0.139296	0.00332591	0.0125867
54	0.0396703	0.00135407	0.00948904	0.0516535	0.00264087	0.016181	0.0177527	0.0194261	0.271606	0.0357613	0.00576662	0.0247259	0.000303673	0.1216	0.27107	0.0676567	0.0324577	0.00441073	0.000365062	0.00610869
55	0.0683693	0.000991959	0.0690353	0.159874	0.00175339	0.00983194	0.0138487	0.0054105	0.170391	0.00938888	0.00519496	0.0541876	0.000895197	0.143017	0.186384	0.0613175	0.0361839	0.00322421	0.000170997	0.000529652
56	0.0818264	0.00255965	0.063194	0.267657	0.0117758	0.0160817	0.0266503	0.0125896	0.0410532	0.0519339	0.0184005	0.0359793	0.0103	0.205166	0.0491481	0.0344686	0.0387518	0.0129402	0.00298783	0.0165368
57	0.0407668	0.00407051	0.00208881	0.0108967	0.0177796	0.00406532	0.00716006	0.232012	0.0678219	0.182872	0.101095	0.00216657	0.00078574	0.0238955	0.106685	0.00960723	0.0262925	0.119088	0.0127837	0.0280666
58	0.200051	0.00695473	0.018453	0.0316148	0.0110911	0.016821	0.0201068	0.0676268	0.0189669	0.0653983	0.0402687	0.071095	0.000711309	0.059843	0.0256538	0.144774	0.109045	0.0669432	0.000565654	0.0240163
59	0.0640416	0.00165076	0.104672	0.0869039	0.0118465	0.0378392	0.0377843	0.0153229	0.146539	0.0281987	0.00450058	0.0893447	0.000325486	0.0798149	0.0762365	0.0812856	0.0588143	0.0338113	0.00704309	0.0340247
60	0.31325	0.0319048	0.00658836	0.00494022	0.00782058	0.0514229	0.00246208	0.0122345	0.00805571	0.0234559	0.00996772	0.0130439	0.00401846	0.00582189	0.00595336	0.366197	0.0847208	0.0411597	0.00269552	0.00428707
61	0.0541457	0.0231859	0.159688	0.00718124	0.00480345	0.0117418	0.067217	0.0160899	0.0278848	0.00771571	0.0166566	0.236137	0.0179385	0.114397	0.0216085	0.136759	0.05152	0.00889639	0.00101795	0.0154157
62	0.0193126	0.0055624	0.00368943	0.00531642	0.0328928	0.00342829	0.00497296	0.45386	0.00819889	0.156142	0.0381142	0.00394087	0.00096625	0.00677218	0.00712639	0.00716313	0.0192087	0.203095	0.00269758	0.0175398
63	0.0823357	0.00939715	0.00669257	0.00439954	0.00105932	0.0487167	0.00111292	0.00259096	0.013022	0.00201765	0.00490466	0.033653	0.00164025	0.00684823	0.00418601	0.620751	0.150649	0.0042522	0.000343924	0.00142685
64	0.0240599	0.00234011	0.0314673	0.020618	0.00468048	0.0157677	0.00761693	0.0211147	0.0199915	0.0119592	0.0081688	0.0701573	0.00229486	0.0176557	0.0186023	0.127	0.563122	0.0239725	0.00177753	0.00763288
65	0.0230294	0.00185644	0.00152024	0.0022102	0.119761	0.00287174	0.00148009	0.330559	0.00235633	0.119843	0.225276	0.00191825	0.0009208	0.00245555	0.00221813	0.00642132	0.00611811	0.140229	0.00144499	0.00751065
66	0.0167379	0.00100964	0.733784	0.0161309	0.00178859	0.00633344	0.0437441	0.00278311	0.0091543	0.00354737	0.00251567	0.070626	0.00103654	0.00244437	0.0020398	0.0679686	0.00517776	0.00954319	0.00078886	0.00284611
67	0.240956	0.00399182	0.00803328	0.00606215	0.00241947	0.0161092	0.00156546	0.00353684	0.00583691	0.00460406	0.00264318	0.00252582	0.00133994	0.00256321	0.00268977	0.680511	0.00789991	0.00333764	0.000766164	0.00260813
68	0.0111844	0.00713518	0.00254588	0.0134642	0.223422	0.00347054	0.00589796	0.0348996	0.00772645	0.0489053	0.0191309	0.00513098	0.00514688	0.00420567	0.00563694	0.00972337	0.00527548	0.0132404	0.0184515	0.555407
69	0.434528	0.0718799	0.00514185	0.00707696	0.046811	0.0486821	0.00450088	0.0187425	0.00805329	0.021304	0.00802293	0.00664103	0.00567487	0.00553013	0.00940106	0.117284	0.0967126	0.0671859	0.00495463	0.0118723
70	0.0378371	0.00205461	0.0023782	0.0424093	0.036885	0.0101383	0.016254	0.100845	0.0638573	0.325166	0.108621	0.0270147	0.000614184	0.086715	0.0132813	0.0589126	0.0151459	0.0153528	0.00386127	0.032657
71	0.0538457	0.000599263	0.127645	0.119275	0.0119971	0.0256519	0.0310152	0.00974358	0.134328	0.0253521	0.00517512	0.0957251	0.000200696	0.0698367	0.0823386	0.0841367	0.0603028	0.0194613	0.00878303	0.0345864
72	0.0165664	0.00497946	0.00166493	0.00137419	0.0266351	0.00114338	0.000305517	0.263333	0.00241895	0.422137	0.0337466	0.000985945	0.000164316	0.00255082	0.000640765	0.00122914	0.0140617	0.193821	0.00199632	0.0102454
73	0.0105576	0.00474497	0.00198986	0.00238621	0.00387309	0.000344478	0.000336512	0.426042	0.00112	0.254105	0.0283976	0.00164829	0.000151719	0.00101569	0.000873952	0.00231337	0.014814	0.240704	0.000134291	0.00444769
74	0.036994	0.00114464	0.00877392	0.0491206	0.0022391	0.0162761	0.017264	0.0192228	0.278809	0.0345746	0.00586144	0.023148	0.000178082	0.120597	0.278082	0.0658795	0.0314173	0.00393982	0.000276944	0.00620148
75	0.0683693	0.000991959	0.0690353	0.159874	0.00175339	0.00983194	0.0138487	0.0054105	0.170391	0.00938888	0.00519496	0.0541876	0.000895197	0.143017	0.186384	0.0613175	0.0361839	0.00322421	0.000170997	0.000529652
76	0.00963977	0.00236729	0.00116936	0.00105472	0.0101644	0.000532503	0.00136313	0.538517	0.00118344	0.175535	0.0253489	0.00112743	0.000173861	0.00242064	0.00271962	0.00215895	0.0094563	0.208031	0.000385282	0.00665119
77	0.0731103	0.000910977	0.200109	0.219696	0.0023445	0.0254363	0.00464082	0.00707778	0.00866379	0.00700411	0.00299382	0.0527599	0.126671	0.0287698	0.0124024	0.124761	0.0485728	0.0510448	0.00082131	0.00220923
78	0.160991	0.00399786	0.0231713	0.0463132	0.00455838	0.0296741	0.00710082	0.0158697	0.0166431	0.0124787	0.00956646	0.0292771	0.156589	0.019394	0.0126159	0.301447	0.109509	0.0279522	0.00115794	0.0116932
79	0.122763	0.00346444	0.08348	0.0406304	0.00802435	0.167209	0.0177234	0.0109602	0.0375735	0.0036528	0.0133716	0.225576	0.00256582	0.0706047	0.0433572	0.0949016	0.0359684	0.0129321	0.000293609	0.00494701
80	0.0861945	0.0128735	0.00777477	0.00653744	0.22313	0.0151099	0.00903711	0.151098	0.00829036	0.141846	0.0509905	0.00688387	0.00275981	0.00982817	0.008923	0.0203887	0.0501346	0.0879539	0.0091893	0.0910562
81	0.0709108	0.00217606	0.0267505	0.0185955	0.00614818	0.0203842	0.00870677	0.0100091	0.313422	0.017116	0.00851925	0.00967106	0.00303142	0.034291	0.240605	0.112929	0.0480328	0.0403978	0.00172659	0.00657749
82	0.0518678	0.000165619	0.334394	0.283416	0.000792635	0.0160891	0.0112723	0.00579451	0.0376436	0.0112626	0.00493477	0.0693811	0.000107087	0.0552383	0.0302841	0.0513338	0.0247419	0.00807871	0.00011117	0.0030911
83	0.26924	0.00493457	0.00438696	0.00362551	0.00398107	0.0024657	0.00204578	0.221402	0.00271871	0.10881	0.0173427	0.00238722	0.00111612	0.00262237	0.00292298	0.0423303	0.11772	0.181829	0.00185254	0.00626716
84	0.0163525	0.00521917	0.000901895	0.00246912	0.123255	0.00202207	0.00397824	0.182792	0.00349121	0.367746	0.109154	0.00151705	0.000344325	0.00668377	0.00458214	0.00450256	0.0159857	0.100669	0.00748378	0.0408498
85	0.0553437	0.000202203	0.332477	0.279545	0.000886082	0.017122	0.0116377	0.00541683	0.036685	0.0117196	0.00525524	0.0709096	0.000107096	0.0545006	0.0297627	0.0525684	0.0246592	0.00814427	0.000122582	0.00293527
86	0.0550815	0.000164353	0.331674	0.28036	0.000815933	0.0173559	0.0113235	0.00535163	0.0369607	0.0113115	0.00516949	0.07155	0.000104979	0.054366	0.0297905	0.052415	0.0249591	0.00828283	0.000103314	0.00286021
87	0.0172221	0.0148465	0.00539513	0.00778961	0.014967	0.000902958	0.000750053	0.103716	0.0013704	0.379058	0.0120903	0.00431881	0.000333547	0.00452049	0.00111865	0.00163738	0.0437456	0.36353	0.000316618	0.0223709
88	0.0100384	0.00365588	0.0154756	0.0280074	0.18235	0.00404973	0.00468294	0.0575137	0.00628722	0.482079	0.0584778	0.00530629	0.0020607	0.00518178	0.0285048	0.0202095	0.0101786	0.0541042	0.0023954	0.0194407
89	0.0529287	0.00028275	0.317155	0.297557	0.00102591	0.0173788	0.0112624	0.0056956	0.0364792	0.0127591	0.00506118	0.0692339	0.000559051	0.0559955	0.0291885	0.0506958	0.0254906	0.00796217	0.00012153	0.00316726
90	0.0393799	0.00845027	0.00102775	0.0140371	0.0242461	0.00777459	0.0066485	0.209309	0.0277534	0.284344	0.1116	0.00162579	0.00101852	0.0110533	0.0201093	0.0183812	0.051831	0.131351	0.00317535	0.0268836
91	0.00924881	0.00210262	0.00146497	0.00132863	0.00199839	0.000253971	0.000214262	0.497642	0.00117974	0.225011	0.0324917	0.00113621	0.000104818	0.000288172	0.000846645	0.00259158	0.00825116	0.21291	0.000106188	0.000828977
92	0.0273468	0.0018878	0.00270763	0.0532279	0.0519223	0.00546967	0.0101676	0.0810876	0.0654641	0.335407	0.0920241	0.0214433	0.000791305	0.0749079	0.0148285	0.055911	0.0153872	0.024128	0.00523771	0.0606522
93	0.0682718	0.000985699	0.0692099	0.159818	0.00175709	0.0098347	0.0138583	0.0053896	0.17036	0.00937248	0.00520019	0.0542943	0.000895202	0.142843	0.186234	0.061422	0.0362519	0.00323018	0.000187585	0.000582832
94	0.0473107	0.0129786	0.000699659	0.00411567	0.0687905	0.00321358	0.0082192	0.213172	0.0129733	0.239524	0.0924075	0.00190528	0.000535658	0.00612341	0.0142404	0.0188447	0.0304588	0.190659	0.00367455	0.0301534
95	0.0389559	0.0178152	0.0423472	0.0271583	0.106463	0.00451661	0.186488	0.0335431	0.0137867	0.0727858	0.0235269	0.0628177	0.00146532	0.0178415	0.0394827	0.0246155	0.00854374	0.0156344	0.0205665	0.241646
96	0.0536117	0.000610879	0.125167	0.126744	0.0119773	0.0264421	0.0307493	0.0086438	0.125469	0.0254698	0.00551513	0.103406	0.000194371	0.0688798	0.0846493	0.0838871	0.060725	0.0162059	0.00721806	0.0344344
97	0.0160465	0.0045845	0.00778165	0.0559225	0.15334	0.0045341	0.0399021	0.045267	0.115693	0.0994857	0.0436258	0.0157399	0.0013937	0.0436198	0.0331575	0.0325588	0.0315887	0.0728149	0.0107213	0.172223
98	0.369172	0.00924363	0.00213679	0.00291912	0.002794	0.0147771	0.0019552	0.105897	0.00290868	0.127223	0.0279916	0.00585319	0.00352345	0.00392404	0.00320756	0.151057	0.0553887	0.104382	0.0013412	0.00430459
99	0.139639	0.00228649	0.0768047	0.0339393	0.00836967	0.128439	0.0209673	0.00935456	0.0363464	0.00493573	0.0109073	0.259135	0.00231337	0.0487584	0.0604344	0.111935	0.0279895	0.010515	0.000786215	0.00614309
100	0.0382335	0.0113939	0.000605353	0.00499159	0.0519387	0.00355424	0.0100359	0.221522	0.0167401	0.266364	0.0807676	0.00122895	0.000415289	0.0079496	0.0186677	0.0213604	0.0333967	0.166481	0.00541733	0.0389366
101	0.0191682	0.00415255	0.000696534	0.000403471	0.0369908	0.00160173	0.000322917	0.23436	0.00307799	0.490566	0.0409668	0.000496316	0.000133941	0.00333313	0.000678307	0.00105021	0.00729304	0.139356	0.00325331	0.0120982
102	0.0520932	0.000211924	0.332642	0.283434	0.000878534	0.01665	0.0108963	0.00564248	0.0362035	0.0112959	0.00490438	0.0692092	0.00229234	0.0537416	0.0295421	0.053296	0.0249231	0.00885582	0.000128495	0.00315979
103	0.00754085	0.00700914	0.00130791	0.0129413	0.236199	0.001269	0.0015105	0.0277379	0.00621047	0.0389803	0.0167023	0.00341493	0.00595309	0.00325611	0.00515401	0.00844291	0.00377149	0.00927367	0.0195911	0.583734
104	0.0898442	0.00226829	0.00825152	0.00377376	0.0152917	0.0714283	0.0152713	0.0116063	0.0365011	0.00573548	0.00368917	0.181154	0.0136288	0.0204304	0.0101505	0.412541	0.0835859	0.00513548	0.000750119	0.00896257
105	0.0362976	0.00184384	0.528162	0.0820263	0.00585562	0.0152847	0.0332525	0.00891122	0.0287559	0.0159086	0.00871868	0.0806729	0.00545844	0.0247125	0.0182887	0.0643195	0.0178338	0.0148888	0.00120517	0.00760342
106	0.0258892	0.00430945	0.00131858	0.00494811	0.113201	0.00913081	0.00397381	0.177823	0.00678119	0.262771	0.190762	0.0032374	0.00306614	0.00468162	0.00627179	0.0125568	0.0414382	0.091347	0.00409288	0.0323999
107	0.276143	0.00790712	0.0216897	0.0641417	0.00921515	0.164869	0.00670592	0.0140532	0.024087	0.0330348	0.0104372	0.03552	0.0141645	0.0235771	0.0186677	0.15447	0.0873805	0.0226548	0.00130585	0.00997573
108	0.0991991	0.00420648	0.011533	0.0367181	0.0109471	0.012108	0.160679	0.017293	0.0358214	0.0326098	0.0199687	0.0183456	0.00410792	0.333733	0.122099	0.0217026	0.0208443	0.0197536	0.00489749	0.0134325
109	0.0221554	0.00504532	0.0175512	0.0170967	0.280488	0.0164835	0.00821186	0.0148935	0.0325528	0.293635	0.0299561	0.0313594	0.00731782	0.00659336	0.00318786	0.0159076	0.00442126	0.00727777	0.0220701	0.163796
110	0.588255	0.0610048	0.00174735	0.0019479	0.00988988	0.0335487	0.00143528	0.00997972	0.00196752	0.0122864	0.00202011	0.00190696	0.00169338	0.00175142	0.00176586	0.0416114	0.113345	0.106239	0.00573679	0.00186761
111	0.0158194	0.0191626	0.0056985	0.00649024	0.101481	0.0100859	0.0410836	0.146351	0.00574413	0.159062	0.0288312	0.00810364	0.00405467	0.00754131	0.00314147	0.00856273	0.0182034	0.0624146	0.022931	0.325238
112	0.0683693	0.000991959	0.0690353	0.159874	0.00175339	0.00983194	0.0138487	0.0054105	0.170391	0.00938888	0.00519496	0.0541876	0.000895197	0.143017	0.186384	0.0613175	0.0361839	0.00322421	0.000170997	0.000529652
113	0.0183151	0.00384947	0.000800595	0.000481389	0.0330653	0.00147691	0.000285702	0.254786	0.00287311	0.473553	0.0397332	0.000531458	0.000139926	0.0030074	0.000636629	0.00109021	0.00747931	0.144254	0.00296126	0.0106801
114	0.0233887	0.00588163	0.00181131	0.00228916	0.0519747	0.00184929	0.00163619	0.224565	0.00364983	0.426568	0.0489035	0.00164466	0.000383053	0.00375806	0.002757	0.00346697	0.0140882	0.161782	0.0030117	0.0165912
115	0.226333	0.0236463	0.0270631	0.0817929	0.00367712	0.0279456	0.00539467	0.0328003	0.0249454	0.0491074	0.019348	0.057274	0.00182283	0.0455782	0.0393136	0.117826	0.128653	0.0560874	0.000605968	0.0307851
116	0.00472184	0.00498435	0.000973836	0.0112858	0.210675	0.000941835	0.00123776	0.0309768	0.00517829	0.0422522	0.0181352	0.00284061	0.00455717	0.0032033	0.00153271	0.00534751	0.00186042	0.00818285	0.0190006	0.622112
117	0.0634498	0.000506872	0.126918	0.100724	0.0140594	0.0289118	0.0329323	0.0138166	0.142978	0.0265367	0.0038753	0.0898295	0.00021027	0.0732561	0.067537	0.0810836	0.0585368	0.0302012	0.0084047	0.0362324
118	0.0687374	0.00930028	0.022947	0.180204	0.0479743	0.0101167	0.0876704	0.0259856	0.0226408	0.0800621	0.0210655	0.0256354	0.00525213	0.0217983	0.0252629	0.0247967	0.0203731	0.0219089	0.00948474	0.268784
119	0.0100375	0.00283145	0.000781578	0.000782945	0.0207278	0.000582038	0.00322309	0.617737	0.00085716	0.0286279	0.0177441	0.000823255	0.000290351	0.00523456	0.00168656	0.00148466	0.0137234	0.260126	0.000298231	0.0124006
120	0.00711196	0.00697793	0.001625	0.00532203	0.207977	0.00206402	0.00470644	0.0669513	0.00154817	0.374054	0.232367	0.00484139	0.00054808	0.00289122	0.00232183	0.00261976	0.0109956	0.0319149	0.00545578	0.0277075
121	0.0142637	0.00366716	0.00157632	0.00121373	0.0209612	0.000584815	0.00296425	0.587273	0.000920776	0.0292116	0.015715	0.000870058	0.000371913	0.00476937	0.0016504	0.00321194	0.0244699	0.271406	0.000719384	0.0141794
122	0.03731	0.00256981	0.501238	0.0941437	0.00486959	0.0163813	0.0318226	0.00766458	0.033015	0.0150741	0.00724095	0.0790534	0.00716177	0.0319831	0.0220968	0.0648634	0.0187338	0.0146631	0.00168136	0.00843409
123	0.0661006	0.00294129	0.138894	0.293239	0.009534	0.0238092	0.01972	0.013013	0.0562294	0.0283804	0.0109651	0.0547007	0.0112736	0.0934656	0.0502848	0.050504	0.0418213	0.0149375	0.00293063	0.0172555
124	0.00940941	0.00703912	0.00254662	0.0125063	0.221843	0.00210836	0.00402218	0.035625	0.00844581	0.0490351	0.0186207	0.0047877	0.00552131	0.00409852	0.00453405	0.00831412	0.00449141	0.0123744	0.0196501	0.565026
125	0.0643551	0.00572712	0.058471	0.123069	0.0122737	0.028851	0.0351867	0.025039	0.08545	0.0512611	0.0297121	0.0501481	0.00764012	0.197751	0.0941506	0.0512049	0.0340604	0.0203845	0.00567543	0.0195898
126	0.0325316	0.00168455	0.533683	0.0920941	0.00561777	0.0162744	0.0307413	0.00887945	0.0276324	0.0155511	0.00652112	0.0820968	0.00247652	0.0278887	0.0185953	0.060447	0.0166918	0.0122625	0.0017024	0.00662818
127	0.00686663	0.00180117	0.0243598	0.00356833	0.00320666	0.00292177	0.00254383	0.0825567	0.00378415	0.00654568	0.0042047	0.06408	0.00104864	0.00345502	0.0142238	0.119936	0.567947	0.0826012	0.00103441	0.00331464
128	0.0856455	0.00668824	0.0102443	0.00391186	0.00515102	0.0490497	0.00566532	0.00516864	0.0183225	0.00273087	0.00447807	0.0859774	0.00507706	0.0108522	0.00576964	0.566633	0.120089	0.00442655	0.00048522	0.00363428
129	0.0993623	0.000518764	0.0406339	0.156022	0.0294998	0.0153359	0.0366794	0.0219509	0.0704608	0.0955712	0.0407754	0.0144034	0.0396167	0.0719384	0.105312	0.06566	0.0456161	0.0166716	0.00112052	0.032851
130	0.0168028	0.00369968	0.00122556	0.0022688	0.00894875	0.00101876	0.00128524	0.430669	0.00447023	0.254603	0.0427358	0.00100522	0.000192595	0.0016351	0.00352542	0.00700101	0.0132195	0.198991	0.000823154	0.00587975
131	0.0596571	0.00622451	0.0385006	0.0823762	0.0200301	0.0228242	0.115846	0.0227849	0.070802	0.0464013	0.0298054	0.0452762	0.00533869	0.207563	0.0927865	0.0444366	0.0313245	0.021833	0.00710889	0.0290809
132	0.0435234	0.000505584	0.394142	0.232216	0.0013713	0.0144807	0.0155149	0.00561004	0.0317071	0.0107999	0.00475634	0.0867679	0.00124591	0.0450512	0.0242891	0.0516563	0.0216334	0.008966	0.000333692	0.0054294
133	0.230628	0.0232878	0.0268331	0.0793618	0.0036241	0.0292204	0.00531749	0.0328467	0.0246581	0.0488381	0.0193762	0.0576355	0.00124254	0.0443498	0.0400678	0.118784	0.127424	0.054621	0.000581866	0.0313015
134	0.0174361	0.00366757	0.000849712	0.000789826	0.0312678	0.00138944	0.000346437	0.263847	0.00285805	0.464198	0.0445844	0.000642811	0.000137533	0.00291759	0.000888604	0.00140908	0.00754889	0.142135	0.00308247	0.0100036
135	0.0191041	0.00370912	0.000780532	0.00121149	0.0411433	0.00154473	0.00123249	0.306236	0.00374958	0.372725	0.0618636	0.000668486	0.000220758	0.00304233	0.00239575	0.00346299	0.0109264	0.152512	0.00234391	0.0111277
136	0.0533158	0.000890388	0.119768	0.126071	0.0111934	0.028516	0.0315648	0.00828481	0.12562	0.025451	0.00597664	0.103394	0.000210857	0.070264	0.087718	0.084018	0.0613177	0.0161334	0.00682368	0.0334686
137	0.0860085	0.00389404	0.123486	0.0424336	0.0067999	0.140365	0.0277594	0.0089462	0.0323015	0.00703116	0.0107816	0.257107	0.00379818	0.058311	0.031374	0.0928178	0.0495276	0.0111873	0.000811222	0.00525906
138	0.00910537	0.0168177	0.00441141	0.00535433	0.0219853	0.00331685	0.00304578	0.037361	0.00488095	0.454528	0.0725612	0.00437949	0.00120545	0.00410905	0.246311	0.0075211	0.00633373	0.0766424	0.00137087	0.0187595
139	0.0100131	0.00752362	0.00339317	0.0124683	0.217903	0.00256184	0.00612523	0.0375862	0.00726663	0.0492226	0.0192056	0.0048498	0.00494387	0.00450978	0.00662061	0.00841478	0.00555568	0.0151567	0.0189946	0.557685
140	0.0268427	0.00524586	0.00517285	0.0209894	0.160573	0.00617382	0.0102225	0.0995787	0.0284596	0.202196	0.118674	0.00832878	0.00239114	0.0654875	0.0367873	0.0205579	0.047613	0.0570607	0.0080667	0.0695787
141	0.0499473	0.0106789	0.00839775	0.0118658	0.0324201	0.00844819	0.00688058	0.260608	0.0133686	0.196055	0.0405715	0.0082994	0.00693629	0.00963382	0.0133765	0.0225366	0.0417639	0.231362	0.00355843	0.0232907
142	0.169075	0.00954105	0.0465161	0.0451885	0.021199	0.209177	0.0156916	0.0224323	0.0410158	0.0455924	0.0201988	0.0559843	0.0125387	0.0350821	0.0335325	0.121425	0.0480755	0.029348	0.00317775	0.0152082
143	0.0358422	0.00169974	0.540784	0.0866578	0.00367828	0.0156148	0.031615	0.00659929	0.0285584	0.0107043	0.00586342	0.0737354	0.00552666	0.0260118	0.0188699	0.0672245	0.0194154	0.0126855	0.00112062	0.00779284
144	0.0196751	0.00262177	0.00138163	0.00215665	0.0586476	0.00228858	0.00215419	0.397618	0.00374234	0.151005	0.140653	0.00212837	0.00147944	0.00266411	0.0039491	0.0116849	0.0119169	0.176133	0.000914128	0.00718539
145	0.0660593	0.0038416	0.0332521	0.0567833	0.011605	0.0295899	0.0212845	0.0198513	0.267586	0.0382359	0.0149479	0.0310157	0.00878241	0.0620578	0.201317	0.0617155	0.0339417	0.017219	0.00302841	0.017886
146	0.0685251	0.00496192	0.0584261	0.114899	0.0119247	0.0313452	0.0343482	0.0253471	0.083216	0.0546453	0.0312074	0.0468409	0.00486686	0.200978	0.0927838	0.0539354	0.0378265	0.0220765	0.00557557	0.0162706
147	0.203581	0.00713226	0.0134361	0.0125772	0.00697052	0.0520644	0.00495736	0.0116181	0.0209493	0.0186012	0.00827629	0.0269588	0.00671299	0.0125695	0.0145146	0.490541	0.0654311	0.0160346	0.00163201	0.00544133
148	0.0207008	0.00508111	0.00267773	0.00536487	0.0421548	0.00342651	0.00342021	0.439239	0.00585399	0.159306	0.0389321	0.00335475	0.00217093	0.00498792	0.00627117	0.0101673	0.0215435	0.201247	0.00200648	0.0220937
149	0.0148004	0.00773141	0.00597933	0.0150397	0.188355	0.00462914	0.00914387	0.0372834	0.0125846	0.0602338	0.0209509	0.00790719	0.00621938	0.00753981	0.0102341	0.0133559	0.00930691	0.0178356	0.0185453	0.532324
150	0.131901	0.00120234	0.00713093	0.0218673	0.00237163	0.124973	0.00903976	0.0061287	0.23679	0.00740611	0.00719832	0.00246202	0.00116857	0.0453252	0.247041	0.124971	0.0114629	0.00811216	0.00081018	0.00263803
151	0.0342137	0.00900986	0.010661	0.0171383	0.216407	0.0130191	0.012316	0.106166	0.0146127	0.173884	0.0604049	0.0127493	0.00475348	0.0122418	0.0160467	0.021525	0.0216295	0.0580913	0.0108799	0.17425
152	0.0516333	0.0050227	0.0245772	0.0558142	0.0114383	0.0208523	0.0234642	0.0231751	0.194173	0.0477931	0.0194178	0.0251064	0.00909883	0.0639339	0.294402	0.0601513	0.0290498	0.0178054	0.00350766	0.0195836
153	0.0199773	0.00353123	0.00599543	0.0646952	0.00661801	0.057	0.0601786	0.0126504	0.0353326	0.0941161	0.1396	0.0089308	0.00232033	0.352989	0.0376303	0.0145346	0.0109518	0.010998	0.0284045	0.0335455
154	0.283138	0.0111039	0.0225769	0.0260326	0.0114498	0.0709461	0.0117072	0.020459	0.0242992	0.0306616	0.0138268	0.0295532	0.0109246	0.018138	0.0229691	0.286919	0.0589426	0.0334029	0.00207607	0.0108734
155	0.0529157	0.000162938	0.333213	0.282064	0.000804991	0.0165323	0.0112784	0.00558331	0.0374076	0.0112905	0.00510513	0.0706253	0.000104803	0.0545645	0.0305218	0.0516866	0.024921	0.00807304	0.000115696	0.00302878
156	0.111874	0.00536737	0.0596449	0.108616	0.0128874	0.0287897	0.0128469	0.0270195	0.0313115	0.0342161	0.01902	0.0266158	0.183943	0.0315803	0.0190731	0.129703	0.066658	0.0777921	0.00155505	0.011486
157	0.0112859	0.00223086	0.0598868	0.11237	0.0170456	0.103235	0.033411	0.00597104	0.0623449	0.049017	0.0335301	0.0355889	0.00143232	0.0632629	0.0219648	0.205878	0.155373	0.0198012	0.00129705	0.0050743
158	0.0101009	0.00219479	0.00131911	0.00118807	0.00756594	0.000468992	0.000360692	0.471708	0.00134663	0.254816	0.0350261	0.00162372	0.000110966	0.000922223	0.000917742	0.00237338	0.00777477	0.197157	0.000548977	0.00247615
159	0.0357692	0.0105183	0.0103831	0.0179079	0.212305	0.0180475	0.0130434	0.100723	0.0147695	0.166636	0.0615653	0.0168239	0.00561033	0.0121687	0.0141959	0.0233285	0.0201002	0.0576097	0.0103994	0.178095
160	0.0411452	0.00200003	0.0022083	0.0383731	0.0333621	0.0073355	0.0149634	0.11559	0.0578924	0.338491	0.111894	0.026948	0.0006248	0.0742159	0.0140121	0.0588352	0.0162563	0.0144691	0.003074	0.0283089
161	0.0629948	0.000422554	0.264985	0.234652	0.00354094	0.0330512	0.0151583	0.00594991	0.0561835	0.0128592	0.00538793	0.0931454	0.000220475	0.0611604	0.0396696	0.0601795	0.0319006	0.00884468	0.00114672	0.00854736
162	0.0267636	0.00501559	0.00829616	0.0258306	0.00301427	0.00738193	0.0246415	0.0519891	0.281544	0.060203	0.0224428	0.0117147	0.00195911	0.0599608	0.284076	0.0303283	0.0311941	0.0200389	0.00632268	0.0372828
163	0.0118715	0.0115786	0.00601688	0.0221543	0.190471	0.00451494	0.0117188	0.0355867	0.0255903	0.109475	0.0203349	0.0193531	0.00548064	0.012861	0.00390784	0.0105937	0.00505507	0.0132753	0.0154257	0.464735
164	0.0210379	0.00242662	0.170829	0.0909712	0.0221725	0.0144862	0.00362288	0.0979542	0.0357066	0.102733	0.0618053	0.0368104	0.0194952	0.0242987	0.0408982	0.0111535	0.0979013	0.122042	0.00177035	0.0218855
165	0.0133459	0.00682026	0.00277854	0.00453537	0.152079	0.00219381	0.00402533	0.0617189	0.0030779	0.410767	0.25032	0.00492698	0.000800542	0.00944002	0.00398593	0.00519308	0.0100325	0.0304754	0.00419862	0.0192843
166	0.104099	0.00146211	0.0240161	0.00985323	0.0255867	0.0765287	0.021134	0.00978815	0.0529475	0.00603035	0.00471868	0.210627	0.0136092	0.0391885	0.0195413	0.303444	0.0562218	0.0054973	0.000838564	0.0148689
167	0.0683635	0.000918716	0.0734745	0.160111	0.00287346	0.0106408	0.01495	0.00598163	0.165771	0.0114137	0.00549509	0.0558192	0.00113057	0.139043	0.177315	0.0621978	0.0371525	0.00405296	0.000660808	0.00263418
168	0.0750814	0.00751844	0.123626	0.0667566	0.015719	0.0570063	0.028532	0.0211724	0.0536276	0.0365891	0.020138	0.194823	0.00996356	0.0549839	0.0431133	0.0946837	0.0525928	0.0213055	0.00342323	0.0193434
169	0.0051883	0.00535641	0.00109273	0.0117367	0.211021	0.000979778	0.00173224	0.0311755	0.00548537	0.0418467	0.0178807	0.00306989	0.00474894	0.00328697	0.00197885	0.00595586	0.00203692	0.00827128	0.0190934	0.618063
170	0.0567693	0.00480499	0.0341129	0.0571669	0.0141956	0.0226966	0.0220341	0.025456	0.181922	0.0487744	0.0203113	0.0276236	0.0102484	0.0681597	0.270872	0.0638075	0.0300487	0.0203939	0.002929	0.0176724
171	0.0953165	0.00789692	0.0138532	0.0143626	0.00609398	0.045332	0.00418326	0.0140936	0.0164718	0.0123099	0.00835119	0.0411225	0.00602349	0.0115894	0.0106564	0.474948	0.19665	0.0154684	0.00102353	0.00425352
172	0.040448	0.0237772	0.0424983	0.0208569	0.00609523	0.0145206	0.0426984	0.0140046	0.0474021	0.037037	0.0357516	0.0878967	0.002792	0.0970187	0.154764	0.143813	0.0837741	0.0749858	0.00182014	0.0280452
173	0.0709245	0.0139209	0.136363	0.0777683	0.00508282	0.208304	0.00863505	0.0140675	0.0199091	0.0036357	0.0133839	0.192168	0.0078425	0.105615	0.0280898	0.0620268	0.0159657	0.0125662	0.000515177	0.00321579
174	0.0100145	0.00283357	0.000759014	0.000741376	0.0200363	0.000543713	0.00308763	0.616839	0.000837817	0.0330314	0.0181193	0.000833126	0.000274792	0.0051622	0.00168341	0.00149474	0.0132916	0.258271	0.00026066	0.011884
175	0.0387145	0.00580415	0.00617223	0.00341933	0.0146898	0.00112964	0.000690524	0.285208	0.00229797	0.323796	0.0234775	0.00203103	0.000401017	0.00233045	0.00142425	0.0053024	0.0440403	0.227156	0.00162945	0.0102846
176	0.0550815	0.000164353	0.331674	0.28036	0.000815933	0.0173559	0.0113235	0.00535163	0.0369607	0.0113115	0.00516949	0.07155	0.000104979	0.054366	0.0297905	0.052415	0.0249591	0.00828283	0.000103314	0.00286021
177	0.266019	0.00918804	0.00310025	0.00402259	0.151356	0.184562	0.00244781	0.0332073	0.00386444	0.0352411	0.0052222	0.00412032	0.0158515	0.00361144	0.00369082	0.129484	0.0617453	0.0508337	0.00129661	0.0311364
178	0.0616762	0.0129973	0.0103827	0.00570632	0.0112308	0.00110401	0.00112367	0.328814	0.00144541	0.030724	0.0025734	0.00148463	0.000534894	0.0013209	0.00166851	0.0220817	0.129217	0.350486	0.00472485	0.0207039
179	0.0718245	0.00602659	0.144984	0.0739661	0.013192	0.0533435	0.0260643	0.0194394	0.0515113	0.0271986	0.0176875	0.204368	0.00731458	0.0541275	0.0445072	0.0868072	0.0583009	0.0201636	0.00304432	0.016129
180	0.0797586	0.00304561	0.124084	0.00523926	0.151483	0.0185612	0.0366203	0.0222657	0.0331229	0.0998441	0.00550067	0.0212318	0.00137153	0.00458138	0.0182608	0.0371651	0.0474665	0.00676967	0.00226271	0.281366
181	0.00924881	0.00210262	0.00146497	0.00132863	0.00199839	0.000253971	0.000214262	0.497642	0.00117974	0.225011	0.0324917	0.00113621	0.000104818	0.000288172	0.000846645	0.00259158	0.00825116	0.21291	0.000106188	0.000828977
182	0.0436056	0.00992891	0.0112168	0.0141848	0.221438	0.0129458	0.0131785	0.0957765	0.0122868	0.151313	0.0669191	0.0101235	0.00520307	0.0107082	0.0126029	0.0224368	0.0206247	0.053095	0.0106272	0.201784
183	0.0532497	0.000712704	0.123214	0.127655	0.0117094	0.0277476	0.0307882	0.00837182	0.126876	0.0254769	0.00565776	0.10333	0.000204715	0.0683165	0.0856558	0.0841603	0.0598794	0.0158913	0.00718483	0.0339175
184	0.017867	0.0145179	0.00573755	0.00790377	0.0149713	0.000905935	0.000784419	0.106288	0.00139118	0.376427	0.0124337	0.00449959	0.000317981	0.00444131	0.00118795	0.00175221	0.0441624	0.362138	0.000336159	0.0219371
185	0.334301	0.0101032	0.0145654	0.00941774	0.00955313	0.27493	0.00437027	0.00866207	0.00816858	0.0483537	0.0121441	0.00524853	0.0104135	0.00745659	0.00540255	0.157424	0.0511396	0.0228284	0.00089941	0.00461758
186	0.0572544	0.0120606	0.144954	0.115228	0.00468738	0.229383	0.00716636	0.012692	0.0217214	0.00492497	0.0110505	0.162738	0.00616771	0.105267	0.022351	0.0541755	0.0130706	0.0108012	0.000789334	0.00351573
187	0.00856909	0.00182124	0.00135595	0.00132255	0.0110846	0.000401401	0.000284863	0.495742	0.00119464	0.218501	0.0481424	0.00125626	0.000162967	0.000428508	0.000998072	0.00299099	0.00753472	0.196588	0.000150722	0.00147067
188	0.0553284	0.000257165	0.335952	0.27172	0.000947912	0.0187625	0.0102043	0.00508918	0.0343879	0.0110445	0.00484419	0.0724678	0.00486972	0.0500174	0.0278903	0.0563094	0.0246701	0.0123432	0.000145358	0.00274889
189	0.0206266	0.00849246	0.00979356	0.0186257	0.167067	0.00641517	0.0167318	0.0444683	0.0143227	0.0775342	0.0267767	0.0120426	0.00576508	0.0121801	0.0125165	0.0139089	0.012111	0.0239491	0.0173209	0.479351
190	0.0663235	0.000906632	0.0759211	0.1922	0.00232083	0.0108376	0.0145001	0.00525587	0.156265	0.0104845	0.00512754	0.054746	0.00114113	0.137047	0.165451	0.0585301	0.0359318	0.00401041	0.000577115	0.00242256
191	0.0170118	0.0113828	0.00271517	0.00395719	0.0276576	0.0010868	0.000485456	0.158306	0.00214344	0.42146	0.0273942	0.00227112	0.000254175	0.00360219	0.000941077	0.00167565	0.0249697	0.272407	0.00154958	0.0187281
192	0.0256316	0.0330753	0.0499845	0.0209471	0.00898319	0.00400337	0.161817	0.0529539	0.0521241	0.243023	0.0654467	0.074323	0.00114007	0.0209643	0.0206779	0.0403488	0.0206788	0.0569301	0.0163567	0.0305899
