318	20
1	0.167256	0.00198102	0.0320417	0.0402548	0.0216263	0.0316584	0.0493888	0.0441938	0.0415051	0.0700258	0.0504628	0.0653339	0.0123262	0.0476141	0.0944807	0.110994	0.0561798	0.0470103	0.00048878	0.0151768
2	0.296032	0.0118066	0.00510511	0.0202277	0.0291565	0.0403711	0.00924978	0.0393163	0.0112567	0.0498454	0.0339932	0.0119488	0.0149183	0.0271859	0.0160246	0.118787	0.0738904	0.169156	0.00473879	0.0169899
3	0.236651	0.0566468	0.0252013	0.00308255	0.00668872	0.0804908	0.0024681	0.00284778	0.00350496	0.00456715	0.00316223	0.00733825	0.0021158	0.00349641	0.00870956	0.439527	0.0958016	0.0152765	0.00105921	0.00136461
4	0.049705	0.00150739	0.0124982	0.013795	0.00281341	0.0065458	0.0165207	0.0729887	0.107933	0.079822	0.0271848	0.0236446	0.00272621	0.0425263	0.231488	0.118851	0.119607	0.0516259	0.0163624	0.00185436
5	0.0483045	0.00471178	0.392131	0.160511	0.0064802	0.0423103	0.0284448	0.00757328	0.0315232	0.0136031	0.00620747	0.0762621	0.00697618	0.0410223	0.0248234	0.05635	0.0262067	0.0126946	0.00641074	0.00745374
6	0.00336641	0.00959025	0.00917465	0.00378893	0.329972	0.00197283	0.0651287	0.00344099	0.00220545	0.0253034	0.00646168	0.0188731	0.00381317	0.009943	0.0106926	0.0224608	0.00457795	0.00551639	0.0109792	0.452738
7	0.0575216	0.00363023	0.0397992	0.0265134	0.00339618	0.516503	0.0293744	0.00493818	0.0472283	0.0130331	0.00898813	0.0379579	0.00855088	0.029492	0.0873458	0.0531647	0.0155352	0.0108628	0.00260983	0.00355475
8	0.14362	0.00221139	0.0231054	0.0361445	0.0421754	0.0140446	0.0396414	0.0662579	0.0409469	0.112435	0.042966	0.0477114	0.104367	0.0304087	0.0532865	0.0565835	0.0795716	0.0573405	0.00169922	0.00548311
9	0.189328	0.00265897	0.00828589	0.0155546	0.00850875	0.0334979	0.0107962	0.020463	0.0193021	0.0242573	0.0191156	0.011435	0.424976	0.0151084	0.020753	0.103367	0.0315517	0.0361354	0.00230132	0.00260386
10	0.163012	0.00126639	0.0155134	0.0463871	0.0257932	0.0328765	0.0376088	0.0477909	0.0313313	0.087862	0.0584302	0.0423251	0.00631264	0.0600633	0.0633734	0.135781	0.0429843	0.0850782	0.000719243	0.0154919
11	0.261887	0.0216723	0.0276081	0.0517971	0.00650661	0.113806	0.00808424	0.0166106	0.0217925	0.0167227	0.0113632	0.0238998	0.00994403	0.0146403	0.0449229	0.140076	0.126729	0.0769701	0.00217749	0.00279012
12	0.00325922	0.00158509	0.000445621	0.000843088	0.00951169	0.00237911	0.000632272	0.29222	0.00256955	0.0607618	0.0147619	0.000522876	0.00194078	0.000635532	0.000845305	0.00366114	0.0081973	0.593633	0.00137124	0.000224158
13	0.0409074	0.00207906	0.00109106	0.0108386	0.149039	0.00572219	0.00206916	0.123275	0.0110332	0.354668	0.0850612	0.00115028	0.000781454	0.0051149	0.00576236	0.00950194	0.0114899	0.145256	0.00855828	0.0266006
14	0.0428532	0.0348566	0.0131895	0.0123408	0.0214422	0.0420415	0.185005	0.010779	0.0784954	0.0489809	0.0287478	0.08226	0.00417218	0.0720184	0.175381	0.0334249	0.00960655	0.0193217	0.00115691	0.0839263
15	0.0832414	0.00502976	0.00697446	0.00906977	0.0294902	0.00824315	0.0122215	0.131231	0.0242699	0.216476	0.0385941	0.0100972	0.074818	0.0233411	0.0143937	0.0444761	0.11361	0.147127	0.00538694	0.00190855
16	0.214047	0.002136	0.0468335	0.0600693	0.0036734	0.0809811	0.00693853	0.014654	0.0347379	0.0152364	0.00932289	0.0368005	0.0131525	0.0153486	0.0542573	0.225293	0.118464	0.0469712	0.000552138	0.000531008
17	0.151506	0.0700591	0.0276206	0.00262089	0.00850648	0.0450351	0.00245039	0.00234664	0.00394939	0.00451839	0.00306728	0.00981046	0.00268182	0.00291381	0.0111294	0.494384	0.139019	0.0163593	0.000947265	0.00107547
18	0.071171	0.00422479	0.163162	0.11059	0.00386471	0.124026	0.03334	0.0070526	0.0463702	0.0128758	0.00503366	0.0978847	0.0240013	0.0558935	0.0619384	0.112346	0.0621873	0.00146438	0.000511018	0.00206269
19	0.0341474	0.000644173	0.483708	0.296487	0.00134539	0.0287802	0.0133673	0.00168885	0.0265074	0.00706457	0.00139703	0.0129168	0.000920131	0.0522168	0.011283	0.0123158	0.0023697	0.00630437	0.00589893	0.000637251
20	0.00606596	0.00137796	0.000588262	0.00210406	0.00836271	0.00491051	0.000653596	0.385881	0.00240729	0.0521512	0.0184267	0.000610318	0.00159101	0.000757263	0.000951529	0.00476012	0.00773798	0.498315	0.00208076	0.000266988
21	0.270612	0.00287481	0.00679114	0.0337988	0.00764301	0.0405007	0.00773398	0.0385633	0.0133799	0.0393893	0.019691	0.0159963	0.00517238	0.0485368	0.0171668	0.194959	0.0865613	0.145126	0.0016239	0.00387985
22	0.177486	0.00148231	0.0436916	0.0542847	0.00932697	0.0489187	0.0209241	0.0352922	0.0418979	0.0532857	0.0288253	0.0482136	0.00901407	0.0296567	0.100993	0.13492	0.109261	0.0444951	0.00234896	0.00568271
23	0.0832847	0.00258313	0.00291693	0.013823	0.038211	0.00516567	0.00961565	0.155237	0.0193236	0.230281	0.0794612	0.00548548	0.0189419	0.0185971	0.0103781	0.0260582	0.0669875	0.203632	0.0035231	0.00649348
24	0.00484752	0.00205234	0.000491746	0.000935935	0.0113012	0.00246569	0.000668083	0.314099	0.00287677	0.0749488	0.0218111	0.000582571	0.00176817	0.000689099	0.00117829	0.0036803	0.00866015	0.545005	0.00136486	0.000573542
25	0.0387285	0.00643655	0.0210869	0.0304452	0.00157825	0.0553233	0.0394658	0.000905667	0.192918	0.0087879	0.00590503	0.0472405	0.000665549	0.0802888	0.363502	0.069364	0.0207078	0.00818058	0.00626629	0.00220416
26	0.067727	0.00260983	0.0391436	0.106868	0.00143733	0.0365669	0.0463697	0.00663524	0.162237	0.020604	0.0129487	0.0235265	0.122259	0.0685778	0.1405	0.0489874	0.0748144	0.013238	0.00436764	0.00058335
27	0.0582277	0.00607664	0.0014751	0.0123408	0.120583	0.00965105	0.00349159	0.136637	0.00981477	0.297106	0.0895533	0.00170875	0.00152154	0.0062141	0.00729205	0.0136808	0.0167518	0.168167	0.00885498	0.0308524
28	0.11402	0.00253844	0.0211071	0.0109653	0.00379498	0.0443834	0.0241394	0.00562789	0.0766835	0.00844377	0.0064828	0.00899157	0.115463	0.0259555	0.0541495	0.0814653	0.383885	0.00706587	0.00253262	0.00230427
29	0.00325163	0.00158002	0.000448528	0.000851195	0.0095112	0.00237931	0.000631437	0.293579	0.00255779	0.0608805	0.0150055	0.000525673	0.0019126	0.000634845	0.000844649	0.00363623	0.00830287	0.59187	0.00136901	0.000227325
30	0.243965	0.0423315	0.0236717	0.00453965	0.00564834	0.0424055	0.00427691	0.0035417	0.00635261	0.00774491	0.00359015	0.0101766	0.015785	0.00574044	0.0107241	0.450937	0.103348	0.0125821	0.00106892	0.00156984
31	0.239443	0.00312923	0.00875185	0.0109672	0.0398964	0.0315061	0.0166713	0.0403672	0.0295393	0.0671634	0.0236791	0.0162851	0.167305	0.0142187	0.0309527	0.0528238	0.0529674	0.148228	0.00298353	0.0031224
32	0.0271054	0.00197372	0.00473896	0.00555707	0.00317806	0.00587699	0.00673449	0.0106115	0.241846	0.0758267	0.0718728	0.00882588	0.0135261	0.0226979	0.38162	0.0143607	0.0270285	0.0634231	0.00229869	0.0108975
33	0.106483	0.00364793	0.0275213	0.0177477	0.00282692	0.636857	0.0140393	0.00333834	0.018398	0.00708147	0.00533743	0.0224986	0.00322962	0.013025	0.0308209	0.0660564	0.0102287	0.00625245	0.00176176	0.00284829
34	0.0471395	0.0239248	0.0158643	0.0281456	0.0109899	0.0465837	0.0764791	0.00528487	0.147299	0.0279905	0.0192539	0.0792227	0.0011376	0.0878938	0.279069	0.0456807	0.0192486	0.016955	0.00290431	0.0189333
35	0.163171	0.00364541	0.0073417	0.00715259	0.000969229	0.692031	0.00252407	0.00138389	0.00321816	0.00228853	0.00158522	0.0024623	0.00138442	0.00195877	0.00678174	0.0869394	0.0106077	0.00311302	0.000778138	0.000664165
36	0.0475429	0.00956564	0.0409487	0.0248202	0.0280408	0.049514	0.206878	0.0131185	0.0451153	0.0407147	0.0203661	0.0530017	0.0207154	0.0454512	0.106452	0.111161	0.0399616	0.0203324	0.00557094	0.0707294
37	0.143695	0.0816926	0.0246871	0.00557449	0.0167793	0.0457081	0.00670261	0.00797966	0.00808508	0.0139353	0.00753214	0.0128021	0.0050034	0.00693811	0.0155017	0.434489	0.116763	0.0281866	0.00497308	0.0129722
38	0.0581171	0.00820814	0.00110993	0.00139404	0.0245767	0.00533768	0.00691996	0.200669	0.011496	0.20747	0.0228256	0.00928125	0.0122433	0.0118096	0.00520523	0.0358895	0.150811	0.217487	0.00810189	0.00104638
39	0.04214	0.0303311	0.0179831	0.0108959	0.015882	0.0710473	0.188539	0.0082698	0.0569793	0.0382589	0.0509362	0.104224	0.00437413	0.0675222	0.163463	0.0365721	0.0098376	0.0162934	0.00108237	0.0653679
40	0.125106	0.00557489	0.0190671	0.0129746	0.00288193	0.622213	0.00912438	0.00292057	0.0120831	0.00503368	0.00425587	0.0146562	0.00750408	0.00917725	0.0215014	0.0986818	0.0160253	0.0065395	0.00177112	0.0029076
41	0.0587574	0.00817875	0.0477038	0.102933	0.0157919	0.0504434	0.0317418	0.0213582	0.0717391	0.0546616	0.0269781	0.0318467	0.0157475	0.219449	0.0901519	0.0553277	0.0411254	0.0308084	0.0126729	0.0125829
42	0.241034	0.0586715	0.0314993	0.00291356	0.00705646	0.046289	0.00305252	0.00245536	0.00461815	0.00520961	0.0031296	0.00892041	0.00289554	0.00332842	0.00919443	0.44629	0.1073	0.0136917	0.00108203	0.00136849
43	0.0711179	0.00166354	0.00404713	0.00533155	0.118435	0.0194748	0.0243763	0.0190857	0.00911479	0.264106	0.122898	0.0268515	0.00613188	0.088625	0.0259456	0.117027	0.0586387	0.0125425	0.00189107	0.00269557
44	0.0184392	0.00108327	0.0875123	0.040482	0.00129625	0.42947	0.0557185	0.00149684	0.0619928	0.00783887	0.0110181	0.0928893	0.00646555	0.0463671	0.0914121	0.0392922	0.00359713	0.00215341	0.0007195	0.000755164
45	0.0515519	0.00312931	0.044841	0.0291926	0.00397681	0.514183	0.0367039	0.00499918	0.0434645	0.0116303	0.0088603	0.0444227	0.00828185	0.0299766	0.0810887	0.052078	0.0148618	0.00981001	0.0022408	0.00470682
46	0.00325001	0.0015796	0.000442066	0.00084993	0.00954298	0.00238657	0.000632219	0.293067	0.00255135	0.0608121	0.0149127	0.00052565	0.00192791	0.000633587	0.000844453	0.00363239	0.00824968	0.59257	0.00137054	0.000219443
47	0.0049567	0.00150996	0.000515825	0.00157611	0.00951334	0.00364728	0.000654899	0.342854	0.00255681	0.0572522	0.0169705	0.000558447	0.00173619	0.000753319	0.000917248	0.00426763	0.00824327	0.539509	0.00166376	0.000343482
48	0.00334215	0.00157269	0.000455046	0.000919746	0.00948522	0.0025018	0.000651544	0.29567	0.0025728	0.0606761	0.0153786	0.000527045	0.00189403	0.000649276	0.000858385	0.00365062	0.00838404	0.58922	0.00135725	0.000233518
49	0.041733	0.00137083	0.273318	0.101082	0.0039755	0.0377397	0.046732	0.00532499	0.0508245	0.00977027	0.00897509	0.220931	0.0029618	0.0436517	0.0395716	0.0625611	0.0340757	0.00520608	0.000751619	0.00944354
50	0.0867942	0.00757065	0.010169	0.0179119	0.0140443	0.0126276	0.0124324	0.036662	0.0254268	0.0638954	0.110539	0.0144741	0.0161251	0.0258533	0.0271232	0.121777	0.334005	0.0444084	0.0122046	0.00595627
51	0.00294814	0.0113645	0.0104552	0.00359547	0.234531	0.00190009	0.0691922	0.00133809	0.00202696	0.016078	0.0037105	0.0184849	0.00447802	0.00985911	0.0103802	0.0228029	0.005182	0.00188906	0.00996934	0.559814
52	0.344342	0.000980415	0.00471105	0.00194932	0.00544168	0.00804142	0.00209833	0.0563585	0.00227228	0.0174696	0.0173791	0.00230313	0.0141689	0.00245734	0.0088857	0.00862677	0.0478405	0.45297	0.000796709	0.000907036
53	0.0331921	0.00067101	0.486567	0.278837	0.00171333	0.0304899	0.0144153	0.00169292	0.0270028	0.00708322	0.00167037	0.0220087	0.0010284	0.0501455	0.0123275	0.0142494	0.00385058	0.00630371	0.00563693	0.00111434
54	0.296328	0.00075041	0.00467622	0.00169133	0.00371193	0.00478467	0.00166157	0.0514357	0.00174797	0.018286	0.0174882	0.00182609	0.0108085	0.00205907	0.00651394	0.00783127	0.0367153	0.530222	0.000682672	0.000779767
55	0.114661	0.00602859	0.0518589	0.0146096	0.00723217	0.313461	0.0124623	0.0105087	0.0476117	0.0170491	0.0540251	0.0158695	0.0814409	0.0161721	0.0209668	0.133213	0.021698	0.0149296	0.0409203	0.00528172
56	0.163068	0.00342495	0.0070936	0.00700786	0.00091992	0.696218	0.00252545	0.00139693	0.00311824	0.0022134	0.00148983	0.0023692	0.00131962	0.00180977	0.00661344	0.0850597	0.0101658	0.00271713	0.000802203	0.000666556
57	0.0637835	0.00170418	0.0556664	0.0407031	0.00191298	0.527852	0.0376917	0.00269374	0.0365768	0.0065767	0.00713735	0.0529266	0.00535153	0.0282323	0.0616912	0.0551024	0.00847983	0.00384251	0.00124056	0.000834487
58	0.233165	0.00147619	0.063036	0.128239	0.0112234	0.00577242	0.0128041	0.0302375	0.0801426	0.0260162	0.00584484	0.010979	0.00474923	0.0794653	0.0475414	0.0460507	0.122937	0.0506182	0.0377933	0.00190888
59	0.00971374	0.00184606	0.00152462	0.00244973	0.0197984	0.00196478	0.00246147	0.054483	0.00410839	0.666929	0.144979	0.00212694	0.0030069	0.0185777	0.00358682	0.0119057	0.0130549	0.0351978	0.00106755	0.00121733
60	0.0524104	0.0121709	0.0195625	0.038052	0.0312999	0.029245	0.0223038	0.03391	0.0305806	0.0619798	0.0251426	0.0164225	0.0152987	0.0309633	0.0392705	0.0406943	0.0465787	0.0634373	0.346654	0.0440229
61	0.0318036	0.000850676	0.00241587	0.0103782	0.0140622	0.0125137	0.00328822	0.41122	0.00355136	0.0855175	0.0730602	0.00190706	0.00089964	0.00276812	0.0047672	0.0104822	0.0114375	0.316609	0.00129424	0.00117354
62	0.030068	0.00065339	0.466255	0.202772	0.00318283	0.0292696	0.0263899	0.00217867	0.0297844	0.00694961	0.00328978	0.0975825	0.000914183	0.0367661	0.0124029	0.026473	0.0115059	0.00621121	0.00367414	0.00367603
63	0.00431152	0.00151827	0.000478684	0.00121103	0.00972902	0.00268644	0.000735852	0.296549	0.00302244	0.0631155	0.0178206	0.000583108	0.00184811	0.000675311	0.00108312	0.00389356	0.00828576	0.580828	0.00132378	0.000301212
64	0.0443891	0.0068467	0.0117555	0.0199307	0.0193192	0.0142008	0.0180826	0.0366772	0.0896269	0.167805	0.0664612	0.0179677	0.0164435	0.0314439	0.221698	0.033663	0.0304704	0.132966	0.00655353	0.0136993
65	0.0384421	0.00619279	0.0230419	0.0320951	0.00157191	0.0519984	0.0412503	0.000999887	0.191667	0.00874665	0.0059508	0.0493309	0.000658974	0.079873	0.364722	0.0665015	0.0201834	0.00799815	0.00634038	0.00243507
66	0.214857	0.00175133	0.049555	0.149016	0.0151425	0.00635874	0.0187053	0.0205215	0.0865837	0.019221	0.0055286	0.00876023	0.00757532	0.0868029	0.0593498	0.0537477	0.11499	0.0399721	0.0397641	0.00179664
67	0.152549	0.0700204	0.0277267	0.00253798	0.00850189	0.0452834	0.00243334	0.00232976	0.00400185	0.00455435	0.00308378	0.00971516	0.0026275	0.00297111	0.0109851	0.493937	0.138484	0.0162389	0.000944083	0.00107426
68	0.0546215	0.00215842	0.00202186	0.0133793	0.0755278	0.00524027	0.00418509	0.128116	0.0102969	0.349996	0.106019	0.00262523	0.00434713	0.0108603	0.00758104	0.0142027	0.0256642	0.163527	0.0047899	0.0148405
69	0.0672817	0.00439195	0.0625499	0.142461	0.00148052	0.0396304	0.0257575	0.00282846	0.190043	0.0203891	0.0107115	0.0307976	0.00802256	0.0943511	0.215505	0.0534482	0.0178583	0.0062374	0.00251144	0.00374364
70	0.0259909	0.00194036	0.0570517	0.0349641	0.00139431	0.434651	0.0398425	0.00195538	0.0817434	0.00761887	0.00790638	0.0586755	0.00479841	0.0433313	0.141485	0.040683	0.00856891	0.00421213	0.00179	0.00139638
71	0.0479723	0.00231617	0.00142059	0.015461	0.11694	0.00603749	0.00323091	0.137498	0.00964153	0.319491	0.094333	0.00159494	0.000780652	0.00645412	0.00692413	0.0115992	0.0142833	0.174591	0.00758732	0.021844
72	0.182907	0.00385145	0.0211431	0.0365996	0.00298919	0.0342402	0.00713726	0.0158485	0.0225087	0.0145521	0.00860919	0.0209552	0.0228695	0.0214254	0.0478077	0.258937	0.24844	0.0258775	0.00211102	0.00119023
73	0.131672	0.00371487	0.0150355	0.0230475	0.0115559	0.0375896	0.0274884	0.020988	0.0320309	0.0305668	0.0182796	0.0157033	0.382599	0.0227505	0.0406409	0.0997054	0.0429213	0.030746	0.00413814	0.00882653
74	0.0285668	0.00180554	0.00341173	0.0042669	0.00327776	0.00511192	0.00589099	0.0093399	0.218973	0.075004	0.0826689	0.00723822	0.0164949	0.0252779	0.388055	0.0128299	0.0232128	0.0723718	0.00214993	0.0140516
75	0.0980971	0.00895698	0.0116601	0.0167461	0.00864014	0.0137807	0.0105511	0.0387408	0.0260352	0.0273798	0.0239766	0.0140615	0.0144904	0.0209023	0.0299866	0.132372	0.446126	0.0426819	0.00837023	0.00644434
76	0.0370573	0.00179876	0.421635	0.183357	0.00514763	0.0451998	0.0280909	0.0052569	0.0332957	0.0116902	0.00577464	0.0678627	0.00393235	0.0449222	0.0296736	0.0367311	0.018116	0.0092055	0.00596243	0.00529039
77	0.00379734	0.01126	0.0106785	0.00407008	0.249514	0.00222711	0.0737937	0.00226201	0.00216475	0.0183148	0.00497638	0.020179	0.00407443	0.0107576	0.0110599	0.0232505	0.00508467	0.00397795	0.00993405	0.528623
78	0.0168071	0.00220006	0.00204004	0.00473084	0.0374322	0.00350147	0.00355802	0.0673818	0.0062628	0.601274	0.137563	0.00352378	0.00286309	0.0149277	0.00741609	0.0129392	0.0128954	0.0550361	0.00214749	0.00550011
79	0.00949539	0.0120025	0.0305612	0.00928963	0.0118401	0.0466861	0.397774	0.00349082	0.0293703	0.0212427	0.00615612	0.0371667	0.0162269	0.0454031	0.135572	0.0522858	0.00381175	0.00445869	0.00111029	0.126056
80	0.049567	0.00290307	0.00183225	0.00797454	0.0443178	0.00676718	0.0041969	0.265693	0.00826067	0.216881	0.0801013	0.00322252	0.00431723	0.00634758	0.00621083	0.015355	0.0391769	0.226052	0.00375557	0.00706831
81	0.0728756	0.00754484	0.00664535	0.0063195	0.00241393	0.00605398	0.00652117	0.0209003	0.0146062	0.0115915	0.0171089	0.0111092	0.0112468	0.0103452	0.0165027	0.241797	0.514933	0.0147383	0.0056098	0.00113614
82	0.00326105	0.00158507	0.000445695	0.000845001	0.00949868	0.00237695	0.000632119	0.292325	0.00257371	0.0607795	0.0147859	0.000522882	0.00193582	0.00063682	0.000845386	0.00366309	0.00820558	0.59348	0.00137124	0.000230526
83	0.151587	0.00418575	0.010901	0.00932141	0.00377594	0.659158	0.00598478	0.00269488	0.00638711	0.00729524	0.00385729	0.00785738	0.00316121	0.00550002	0.0123733	0.0845766	0.0117804	0.00544867	0.00134217	0.00281158
84	0.0560659	0.00367726	0.0419631	0.0284503	0.00478619	0.520709	0.0343828	0.00452277	0.0432314	0.0121689	0.00842851	0.0437673	0.00869225	0.0282724	0.0812817	0.0514314	0.0130825	0.00791114	0.00246023	0.00471483
85	0.086402	0.00713372	0.0119279	0.0171447	0.00741915	0.0142648	0.0104139	0.0455413	0.0287663	0.0411345	0.0243355	0.0159098	0.0167487	0.0215047	0.0321967	0.128753	0.433868	0.0464488	0.00710752	0.00297948
86	0.0272126	0.00351446	0.00611677	0.00749003	0.0454784	0.00527345	0.0111112	0.077921	0.0106875	0.50884	0.111036	0.00798209	0.00551441	0.0181987	0.0145806	0.020067	0.0228351	0.0785327	0.00366425	0.0139427
87	0.12321	0.0271705	0.0294146	0.0188559	0.0129421	0.0529662	0.0138834	0.0129951	0.0223478	0.0344857	0.0170073	0.0292341	0.025108	0.0183432	0.0292046	0.370969	0.126241	0.0257933	0.00414132	0.00568783
88	0.0713179	0.0146429	0.021815	0.025102	0.0255777	0.0300924	0.106105	0.0623196	0.0402372	0.076521	0.0327977	0.116908	0.00824405	0.0391988	0.0645583	0.0543559	0.0319344	0.083286	0.00899916	0.085987
89	0.215854	0.00492793	0.00734362	0.00676444	0.00122831	0.614811	0.00267582	0.0017645	0.00299918	0.00272249	0.0020103	0.00256767	0.00147102	0.00208884	0.00590883	0.108254	0.0120534	0.00291176	0.000860397	0.000783062
90	0.111326	0.0033028	0.0195413	0.0139013	0.00298265	0.650873	0.0121782	0.00467465	0.0160928	0.00697819	0.00491438	0.0169383	0.00416382	0.0105598	0.0290347	0.068085	0.0124529	0.0081895	0.00167825	0.00213205
91	0.0088475	0.00129492	0.000717658	0.00308233	0.00830352	0.0069211	0.000815793	0.404123	0.00257827	0.0527666	0.0242046	0.000727906	0.00149006	0.000953771	0.00123387	0.00493339	0.00761419	0.467277	0.00176444	0.000350248
92	0.142082	0.00315909	0.0119415	0.00901909	0.000982707	0.692314	0.00557476	0.00151818	0.00677606	0.0027051	0.00250171	0.00722891	0.00220637	0.00428016	0.0127081	0.0808526	0.00910849	0.00330612	0.00101805	0.000717371
93	0.102804	0.0035078	0.0257572	0.0185307	0.00306395	0.621724	0.0138148	0.00633785	0.0197989	0.00844754	0.00600092	0.0214374	0.00537127	0.0135069	0.0310814	0.0688397	0.0136488	0.0123742	0.00157174	0.00238118
94	0.0804444	0.00330314	0.0260194	0.111021	0.0105996	0.0260985	0.0213539	0.0282393	0.0597986	0.0622109	0.0583413	0.0279762	0.01417	0.181145	0.0547595	0.0933178	0.0711599	0.0567072	0.00651061	0.00682416
95	0.104196	0.00638555	0.00316331	0.00876286	0.00194777	0.00349458	0.0050466	0.0316744	0.0167093	0.0105786	0.0300127	0.00882972	0.0052206	0.0137704	0.0196645	0.137458	0.558863	0.024704	0.00825181	0.00126685
96	0.013656	0.0200632	0.00968745	0.00617308	0.287694	0.00554253	0.0726574	0.00848468	0.00401582	0.0316615	0.010652	0.0212648	0.00384174	0.0122242	0.013249	0.0344109	0.0080743	0.0222758	0.0117963	0.402575
97	0.0273173	0.0119986	0.0166359	0.0146079	0.0207851	0.0171634	0.101528	0.0302304	0.139618	0.150184	0.033475	0.0986008	0.00505308	0.037518	0.185036	0.0379358	0.0193204	0.0187756	0.00633042	0.0278868
98	0.00409561	0.00986388	0.0136568	0.0060407	0.271809	0.00268414	0.111215	0.00149674	0.00273833	0.0128799	0.00589766	0.0311055	0.00326588	0.0168523	0.0137802	0.02433	0.00441483	0.0022936	0.00694368	0.454636
99	0.113719	0.00296988	0.0252106	0.0175558	0.00326644	0.637198	0.0122084	0.00483838	0.0142602	0.00771945	0.00536253	0.0182237	0.00762614	0.0105096	0.0245208	0.0718562	0.01202	0.00723403	0.00124625	0.00245462
100	0.130156	0.00369444	0.0129028	0.0203804	0.0117829	0.0350762	0.0169388	0.0205288	0.0299518	0.0306972	0.0204071	0.0134373	0.430615	0.0218473	0.037387	0.0954339	0.0325756	0.0255107	0.00531216	0.00536495
101	0.0539939	0.00776	0.0455004	0.155599	0.0118664	0.0262806	0.0279756	0.0185915	0.0576997	0.0800026	0.0273399	0.0247155	0.0110459	0.227511	0.0706392	0.0512278	0.0328915	0.0395623	0.0174575	0.0123396
102	0.0265762	0.00255751	0.00107079	0.00371946	0.0119592	0.006427	0.00227891	0.370242	0.00395619	0.0752397	0.027076	0.00259985	0.00330506	0.00317657	0.00247113	0.0130081	0.0348527	0.405852	0.00279845	0.000832615
103	0.145687	0.0591998	0.0253252	0.00475604	0.00734129	0.0387209	0.00371036	0.00364198	0.00620065	0.00588378	0.00379774	0.0148239	0.00543194	0.00390838	0.0124577	0.492361	0.146342	0.0183476	0.00100331	0.00106024
104	0.100191	0.0153183	0.0339084	0.0149917	0.00561287	0.0282726	0.013619	0.0111443	0.0211208	0.0191287	0.0126691	0.0644588	0.0229143	0.0136741	0.0216491	0.39024	0.188051	0.0176519	0.00289794	0.00248662
105	0.0182258	0.00176742	0.00136522	0.00240108	0.0121656	0.00362172	0.00179407	0.278844	0.00350854	0.069801	0.0226111	0.00144424	0.00301962	0.00212532	0.0033359	0.00790602	0.0171389	0.546467	0.00175587	0.000701733
106	0.0469593	0.00346143	0.0219991	0.0232462	0.0262482	0.00736228	0.19338	0.0239365	0.0140231	0.260429	0.00818645	0.0475401	0.004269	0.0776341	0.0695569	0.0133328	0.0317237	0.0274942	0.00312754	0.0960899
107	0.0291718	0.00514456	0.0218907	0.268547	0.00788413	0.0165294	0.0133785	0.0112323	0.0819308	0.0294536	0.0200668	0.0134342	0.00627625	0.326333	0.0318388	0.0314002	0.023624	0.0181955	0.0395686	0.00410026
108	0.00427231	0.00185313	0.00157018	0.0017391	0.0178893	0.00176177	0.00158965	0.051028	0.00228115	0.700704	0.152002	0.00161131	0.00106889	0.0146541	0.00286683	0.00884514	0.00744099	0.0253361	0.000813243	0.000673035
109	0.0342227	0.000647894	0.482632	0.297307	0.00135454	0.028644	0.0134222	0.00165822	0.0266144	0.00706964	0.00139276	0.0130283	0.000913956	0.0523367	0.0113096	0.0123212	0.00236438	0.00622569	0.00589721	0.000637338
110	0.00529775	0.00144686	0.000529161	0.00154045	0.0090543	0.00354423	0.000692537	0.31623	0.0027301	0.0601129	0.0187797	0.000585066	0.00182908	0.000781809	0.0010201	0.00406859	0.00812668	0.561854	0.00150246	0.000274827
111	0.00330788	0.001586	0.000456072	0.000892749	0.00951762	0.00239281	0.000687487	0.293295	0.00257495	0.0610629	0.0155004	0.000526427	0.00189481	0.000644897	0.000899497	0.00368762	0.00847542	0.590996	0.00136977	0.000232001
112	0.0917059	0.00878256	0.016536	0.0216877	0.00883092	0.0165599	0.0109816	0.0399454	0.0323276	0.0331728	0.0256134	0.0204658	0.0164771	0.0222124	0.0385292	0.118598	0.4169	0.0486579	0.00769346	0.00432259
113	0.0882599	0.011607	0.0178068	0.0235671	0.0171743	0.387061	0.0137812	0.0496966	0.0202375	0.0378804	0.0225138	0.0178678	0.014469	0.0162074	0.0318903	0.0650552	0.0332664	0.108801	0.00805216	0.0148052
114	0.0145739	0.00466734	0.0231271	0.0274344	0.00613262	0.00540588	0.0286312	0.00784112	0.305402	0.0190382	0.0452025	0.116194	0.00327584	0.0449631	0.141955	0.0262464	0.131373	0.0254464	0.00219014	0.0208998
115	0.156424	0.00333279	0.013432	0.0177738	0.00136226	0.647232	0.00427282	0.00282269	0.00615833	0.0044185	0.00255435	0.00805335	0.00263038	0.00467991	0.0116122	0.0881971	0.0161432	0.00724907	0.00089346	0.000756938
116	0.0339472	0.000690331	0.472786	0.306144	0.00135603	0.0283955	0.0135717	0.00177732	0.0270041	0.00729297	0.00140613	0.0129528	0.000930404	0.0524525	0.011262	0.0122713	0.00243134	0.00662493	0.0060639	0.000638705
117	0.0630323	0.00700037	0.0011333	0.00193063	0.0268475	0.00442083	0.00650286	0.188738	0.0143508	0.220549	0.0300414	0.00770772	0.0152409	0.0136854	0.00602003	0.0345637	0.139838	0.209243	0.0077845	0.00136934
118	0.0446283	0.00139615	0.00308555	0.0125721	0.0271542	0.0070749	0.00632036	0.228303	0.00530255	0.14485	0.104217	0.00244546	0.00109098	0.00386008	0.00918719	0.0137684	0.0161107	0.36418	0.00102396	0.00342912
119	0.082607	0.00582427	0.00464959	0.0227497	0.00191636	0.00331311	0.00528967	0.0450966	0.0328244	0.00886755	0.00696127	0.0216359	0.00195342	0.0288116	0.047958	0.0847063	0.553271	0.0331928	0.00695994	0.0014117
120	0.127645	0.11966	0.0235149	0.00818713	0.0197232	0.0370667	0.00726607	0.00911345	0.00982169	0.0166437	0.00946923	0.0130546	0.005789	0.00806907	0.0163436	0.366547	0.140584	0.0370051	0.00461482	0.0198807
121	0.107411	0.00671587	0.0150718	0.00614243	0.00243546	0.0146669	0.0122818	0.0057979	0.0204358	0.0182306	0.00590915	0.0258474	0.0610263	0.0100315	0.0209091	0.448309	0.209579	0.00619144	0.00185436	0.00115265
122	0.0698096	0.00264232	0.0384061	0.106328	0.00137673	0.0361901	0.0455267	0.00639937	0.161148	0.0207193	0.0127567	0.0230594	0.126061	0.0680221	0.140804	0.0498363	0.0726718	0.0136068	0.00410764	0.000528351
123	0.188828	0.00140462	0.00323442	0.0140023	0.0024538	0.0409501	0.00426466	0.00700038	0.0162321	0.0217606	0.007024	0.01512	0.235774	0.00764473	0.0186744	0.352223	0.0558841	0.0044705	0.00160227	0.00145251
124	0.0346114	0.000643869	0.479048	0.299745	0.00133768	0.0283513	0.0135889	0.00165766	0.0270343	0.00707579	0.00138815	0.0132955	0.00092499	0.0523318	0.0113999	0.0124276	0.0023756	0.00623318	0.0059025	0.000626841
125	0.120191	0.00398256	0.00606227	0.0163179	0.0495253	0.012199	0.0104743	0.135367	0.0160905	0.221113	0.0660822	0.00916127	0.0184849	0.0185434	0.0169438	0.0375598	0.0571394	0.169802	0.00500422	0.00995717
126	0.0555983	0.0120341	0.00495226	0.01403	0.22348	0.0115699	0.00782824	0.106586	0.011761	0.179556	0.0616341	0.0064754	0.00741983	0.0108831	0.0147372	0.0251225	0.0234954	0.170762	0.0121395	0.0399364
127	0.00417393	0.00979134	0.0137595	0.00606416	0.271881	0.00275205	0.111284	0.00150878	0.00278316	0.0130316	0.00593368	0.0313924	0.00326097	0.0169299	0.0138004	0.0242804	0.00444621	0.00231454	0.0069198	0.453693
128	0.25773	0.007227	0.0084344	0.00623578	0.00147386	0.529769	0.00276834	0.00212947	0.00331047	0.00308028	0.00241702	0.00251749	0.00216242	0.00248808	0.00559241	0.142261	0.0147718	0.0034045	0.00117477	0.00105237
129	0.271691	0.000750842	0.00525491	0.00179495	0.00287815	0.00386526	0.00172706	0.048698	0.00187382	0.019285	0.0167869	0.00193678	0.00896959	0.00212697	0.00590419	0.00778468	0.032538	0.564667	0.00067155	0.000795276
130	0.0507358	0.00583303	0.0163997	0.0284055	0.0371307	0.0170881	0.0378004	0.0454008	0.0622375	0.2448	0.0665069	0.0281393	0.0121638	0.0433452	0.129628	0.0437197	0.0381002	0.0607013	0.00914784	0.022716
131	0.132314	0.00506972	0.018142	0.0139364	0.00233607	0.641262	0.00747127	0.00245391	0.00933476	0.00467125	0.00378731	0.0120632	0.00383798	0.00714902	0.0172766	0.0929171	0.0166119	0.00617534	0.00163186	0.00155842
132	0.113355	0.00376255	0.0230683	0.0173361	0.00336708	0.643828	0.0120397	0.00341711	0.0153096	0.00577018	0.00429048	0.0195463	0.00430967	0.0103829	0.0256715	0.0698521	0.0112805	0.00859642	0.00176738	0.00304989
133	0.0489826	0.0485258	0.00899938	0.0142062	0.050583	0.0189958	0.0230323	0.0687806	0.0207531	0.323577	0.0676377	0.0160836	0.0101952	0.0232667	0.0314439	0.0430474	0.0387964	0.0914876	0.0150017	0.0366043
134	0.153982	0.00352484	0.0111759	0.0102612	0.00179843	0.66118	0.00520012	0.00250131	0.00659538	0.00484406	0.00336086	0.00688375	0.00356265	0.00436975	0.0116968	0.086246	0.0134264	0.00678975	0.00150447	0.00109575
135	0.0468077	0.00495395	0.0978063	0.192481	0.0053816	0.0335246	0.0228027	0.0122297	0.0740532	0.0349573	0.0212364	0.0271705	0.0132558	0.22528	0.0709246	0.0431638	0.0308148	0.0236003	0.0152049	0.00435071
136	0.0359547	0.00219144	0.00252835	0.009029	0.162437	0.00603408	0.0145341	0.0862321	0.0242419	0.35606	0.0785229	0.00477482	0.0044443	0.0166428	0.0218318	0.0180864	0.0179861	0.102628	0.00940722	0.0264338
137	0.103474	0.00395236	0.0227305	0.0167902	0.00272848	0.630073	0.0145762	0.00366462	0.0203103	0.00678512	0.00612268	0.0204876	0.00807643	0.0131198	0.0331159	0.068403	0.0119225	0.00792647	0.0033382	0.00240213
138	0.00632727	0.00141562	0.000572232	0.0022807	0.00870159	0.00531556	0.000626238	0.393973	0.00240302	0.0503944	0.0180101	0.000640438	0.00156727	0.000752751	0.000961539	0.00470198	0.00777335	0.491404	0.00191388	0.000265756
139	0.035747	0.00286489	0.0028933	0.00783106	0.0194438	0.0250584	0.00366513	0.381613	0.00586308	0.0846937	0.0479795	0.00361686	0.00354363	0.00592607	0.00687946	0.014749	0.0191528	0.321496	0.00281457	0.00416898
140	0.0862392	0.00654114	0.00534058	0.0135535	0.00874024	0.00655723	0.0148019	0.0914783	0.0234587	0.0601107	0.0181114	0.0138046	0.0062372	0.0202628	0.0252423	0.0911716	0.417012	0.0821099	0.00686853	0.00235822
141	0.0398034	0.00551261	0.0215284	0.0293599	0.00189223	0.0481951	0.0365679	0.00442497	0.194401	0.013526	0.00896327	0.0428676	0.00360284	0.0758351	0.352676	0.0770416	0.0220568	0.011417	0.00742961	0.00289893
142	0.258685	0.00774257	0.0202089	0.0240356	0.0115224	0.0465113	0.0112802	0.0402033	0.0220998	0.0396159	0.0210986	0.0162237	0.0219712	0.0191316	0.0274654	0.126272	0.173917	0.102449	0.00560129	0.0039651
143	0.0458354	0.00607991	0.0354353	0.0403771	0.00324922	0.105725	0.0424472	0.0043064	0.162756	0.018215	0.012039	0.0497456	0.0124281	0.0658591	0.283	0.0628848	0.0253398	0.0129215	0.00563446	0.00572107
144	0.0288697	0.00163154	0.00185799	0.00709121	0.0240096	0.00776235	0.00308356	0.356644	0.00517471	0.120564	0.0712235	0.00182803	0.00162567	0.00295027	0.00453945	0.00865471	0.0168612	0.331002	0.00163795	0.00298849
145	0.156152	0.00227161	0.00507438	0.00613593	0.0255932	0.0597974	0.0223144	0.0269307	0.0548493	0.0890124	0.0225295	0.0216845	0.180211	0.00734222	0.0555911	0.0787435	0.0137155	0.167417	0.00225661	0.00237767
146	0.0319596	0.00198028	0.00135659	0.00767526	0.0744101	0.00466176	0.00238677	0.183824	0.00770275	0.279724	0.0715377	0.00142493	0.00173001	0.00436892	0.00488113	0.00932638	0.0162165	0.277452	0.00448855	0.0128929
147	0.0697149	0.00320266	0.112911	0.197671	0.0013323	0.0429875	0.0309154	0.00321695	0.120654	0.0138672	0.0167544	0.0447371	0.0024602	0.13901	0.132664	0.0372356	0.0163482	0.00715584	0.000785074	0.00637633
148	0.0677014	0.00291544	0.0353668	0.0985569	0.00168114	0.0304213	0.0428075	0.00671377	0.142208	0.0300116	0.010975	0.0180648	0.144463	0.0665132	0.149923	0.0592825	0.0668677	0.0211997	0.00350234	0.000823986
149	0.253762	0.0185934	0.0249372	0.0214876	0.00923122	0.0971259	0.0106869	0.0154445	0.0190365	0.0261695	0.0145911	0.0200853	0.0302759	0.0192437	0.0292139	0.250591	0.0864562	0.0449663	0.00314988	0.004953
150	0.0575759	0.00698398	0.0240593	0.0397123	0.0211949	0.0274814	0.120475	0.0168038	0.0704806	0.0713092	0.0196297	0.0293696	0.125702	0.0455335	0.155765	0.0524261	0.044619	0.0318607	0.00910553	0.029913
151	0.0678737	0.00258445	0.039515	0.112194	0.00156828	0.0334226	0.0483309	0.00648208	0.160379	0.021389	0.0134543	0.0231527	0.115506	0.0710957	0.135731	0.0478579	0.0805531	0.0135954	0.00452702	0.000788212
152	0.0258638	0.00189406	0.00532196	0.00607208	0.00361102	0.00665866	0.00717644	0.00867527	0.23566	0.063445	0.106118	0.0116568	0.0120222	0.0285498	0.369382	0.0140764	0.0260206	0.0550964	0.00225764	0.0104428
153	0.320385	0.00102123	0.00935751	0.00492252	0.00558462	0.00910405	0.00294765	0.0445384	0.00410933	0.0232515	0.0160622	0.00374265	0.0127956	0.0045771	0.00843659	0.0148196	0.0528514	0.459079	0.00114089	0.00127242
154	0.0283766	0.00171667	0.00452646	0.00479883	0.00295841	0.00698295	0.00677913	0.0093484	0.23997	0.0670648	0.0744012	0.0083688	0.0124447	0.0247368	0.394302	0.0143618	0.028235	0.0581876	0.00222173	0.0102191
155	0.0531459	0.0322603	0.010858	0.0187955	0.0508942	0.0595247	0.0168858	0.0247405	0.0132095	0.0459647	0.0306875	0.0136817	0.00728946	0.0113792	0.0208252	0.0369989	0.0228451	0.0874473	0.332585	0.109981
156	0.0664515	0.00243796	0.00192976	0.0148108	0.0796253	0.00605617	0.00460696	0.17391	0.0116434	0.245585	0.101938	0.00217178	0.00246319	0.00759264	0.00977674	0.0167274	0.0247309	0.20723	0.00516606	0.0151458
157	0.0606462	0.00407706	0.0361613	0.0863653	0.00457784	0.0395095	0.061879	0.00683307	0.145417	0.0241771	0.0123264	0.0259297	0.107197	0.0680633	0.174582	0.0531047	0.0619643	0.0155026	0.00509637	0.00658947
158	0.0687258	0.00225213	0.0026341	0.0194491	0.0789061	0.00631911	0.00454964	0.168654	0.010502	0.235316	0.102824	0.00295478	0.00251113	0.00814566	0.0108738	0.0153709	0.0244005	0.214953	0.00522067	0.0154382
159	0.0800781	0.00424072	0.0986014	0.00506829	0.00371189	0.00652279	0.022808	0.0199962	0.0380748	0.0398554	0.00544049	0.0319532	0.00918483	0.00627826	0.0103099	0.399073	0.207538	0.00702341	0.00196797	0.00227288
160	0.0314838	0.000822575	0.37321	0.0746692	0.00510139	0.0369485	0.0419142	0.00434036	0.0337223	0.00850608	0.00720152	0.232302	0.00153989	0.0229644	0.0177348	0.0592283	0.0308684	0.00642502	0.000757191	0.0102591
161	0.0666913	0.0223972	0.00265829	0.0135586	0.168129	0.0147586	0.00714257	0.0981282	0.00940205	0.20792	0.0687268	0.00484029	0.00329376	0.00736522	0.0116739	0.0251377	0.0247894	0.162449	0.0245843	0.056354
162	0.231472	0.00208475	0.0532637	0.0677844	0.00469009	0.0739515	0.00700623	0.0189199	0.0330697	0.0172	0.0114	0.0368863	0.011914	0.0135135	0.0528459	0.185286	0.123717	0.0538255	0.000580543	0.000589167
163	0.258004	0.00161712	0.0529647	0.0735009	0.00445178	0.0419453	0.0061566	0.0296541	0.039565	0.0274128	0.0122229	0.0283233	0.0114291	0.0244917	0.0526514	0.126101	0.155499	0.0477173	0.00552905	0.000763191
164	0.050515	0.0295745	0.00245093	0.0101636	0.254276	0.0169972	0.0135584	0.0597162	0.0113439	0.157811	0.0617018	0.00538062	0.00193628	0.00708505	0.0268934	0.0252555	0.0169865	0.126521	0.0232032	0.0986298
165	0.0829301	0.00805971	0.00195374	0.0122319	0.0015542	0.00229122	0.00554579	0.0451171	0.0260862	0.00530574	0.0119072	0.0123815	0.00248694	0.0192345	0.0302121	0.112517	0.584228	0.0266875	0.00820953	0.00105971
166	0.0436793	0.00609595	0.0236807	0.0443936	0.00150909	0.0575447	0.0371714	0.00132711	0.195569	0.0101398	0.00691867	0.0437313	0.00740966	0.0785073	0.333226	0.0685866	0.0249575	0.00840358	0.00516345	0.00198465
167	0.0349055	0.00224632	0.296944	0.100334	0.00564292	0.152199	0.0544126	0.00454702	0.0393804	0.0125492	0.00794918	0.105969	0.00785978	0.0372228	0.0467922	0.0508182	0.0199603	0.00793049	0.00263512	0.00970162
168	0.116608	0.00552853	0.0264539	0.0491733	0.0134505	0.0603277	0.026048	0.0535318	0.0373229	0.0559394	0.0285219	0.0323783	0.0122576	0.180843	0.0843025	0.10481	0.0445923	0.0542169	0.00469754	0.00899651
169	0.0531309	0.00338487	0.124498	0.132734	0.00370637	0.152617	0.0365736	0.00690905	0.0716348	0.0143075	0.0106337	0.0893497	0.013494	0.0852127	0.0859784	0.0669804	0.0341836	0.00785681	0.00290535	0.00390923
170	0.0261376	0.00279226	0.00466717	0.00523972	0.0753344	0.00529978	0.104527	0.00592071	0.0843622	0.257538	0.065444	0.0105553	0.00358652	0.0385371	0.168111	0.0234817	0.00758518	0.00824151	0.0249103	0.0777278
171	0.0410174	0.00211277	0.00139922	0.0108364	0.09312	0.00504064	0.00304678	0.146256	0.00868212	0.345924	0.0970575	0.00160159	0.00102167	0.0066649	0.00660432	0.0114795	0.0156244	0.180898	0.00566151	0.0159509
172	0.0641033	0.0113616	0.00182002	0.0143956	0.124097	0.00995576	0.00444534	0.122805	0.00953444	0.246474	0.0859054	0.00246576	0.00178318	0.00746017	0.00905386	0.0213294	0.0214847	0.190106	0.0144236	0.0369956
173	0.0304204	0.000712763	0.376922	0.0747953	0.00514512	0.0353882	0.0420739	0.00422395	0.0335084	0.00861032	0.00720506	0.235016	0.00102736	0.0224296	0.0173105	0.0573691	0.0297451	0.00699116	0.000791903	0.0103142
174	0.00354191	0.0115441	0.0108202	0.00399624	0.241459	0.0022278	0.0760183	0.00154209	0.00212346	0.0153714	0.00424931	0.0208159	0.0042839	0.011298	0.0117074	0.0232561	0.0049698	0.00270431	0.00959234	0.538478
175	0.00340786	0.00157855	0.000448602	0.000927091	0.00957422	0.0024363	0.000733653	0.291337	0.00254075	0.0613454	0.01547	0.000528249	0.00193461	0.000655118	0.000939774	0.003953	0.00810136	0.592485	0.0013649	0.000238022
176	0.0710355	0.00407754	0.151645	0.178516	0.00545726	0.155852	0.0285585	0.00898632	0.0555746	0.0208102	0.010671	0.0447436	0.0187985	0.0600255	0.0608362	0.0627608	0.031822	0.0213721	0.00405014	0.00440812
177	0.108449	0.00302564	0.0236305	0.0157011	0.00190496	0.646335	0.016473	0.00310029	0.0173494	0.00638043	0.00451672	0.0203059	0.00535341	0.01059	0.027542	0.069895	0.0109019	0.00489456	0.0017331	0.00191865
178	0.0777548	0.00222513	0.00609224	0.0103283	0.119463	0.0188819	0.0212417	0.029258	0.0118644	0.218733	0.104449	0.033371	0.00669502	0.103278	0.0464321	0.119121	0.044522	0.0190057	0.00248843	0.004794
179	0.0708101	0.00243959	0.00299362	0.0157483	0.0443498	0.0103559	0.00534839	0.205911	0.00793872	0.176925	0.106852	0.00294398	0.00193732	0.00786577	0.00941222	0.013884	0.0218025	0.280277	0.00270027	0.00950345
180	0.0655479	0.00252553	0.00244119	0.0179911	0.0757141	0.00483098	0.00741206	0.152137	0.014936	0.24026	0.0890337	0.00394814	0.00821498	0.0148651	0.00928262	0.0239275	0.0481169	0.197512	0.00617133	0.0151312
181	0.0816295	0.00371735	0.00187739	0.00280362	0.0281489	0.0035903	0.00846301	0.141321	0.0239766	0.252543	0.0419316	0.00566251	0.0474259	0.0240433	0.00579132	0.0351147	0.110976	0.175337	0.00420643	0.00144197
182	0.0503788	0.00170726	0.220241	0.0748194	0.00375386	0.0466641	0.0395372	0.00639492	0.0493797	0.0113397	0.0106788	0.274755	0.00448742	0.03818	0.0276897	0.0824644	0.0399502	0.00471817	0.000791019	0.012069
183	0.0703628	0.00433322	0.159255	0.106623	0.00369756	0.132928	0.0340642	0.00672959	0.0468894	0.0127637	0.00509665	0.0986341	0.0238895	0.0558547	0.0621073	0.112004	0.0608603	0.00146022	0.000520763	0.00192647
184	0.0233168	0.0294567	0.0721656	0.00945389	0.104059	0.0351437	0.0352716	0.121224	0.0122846	0.0769518	0.00864459	0.0370593	0.112509	0.0350615	0.0146601	0.155143	0.0420207	0.0666339	0.0038436	0.0050963
185	0.0876685	0.00359176	0.00218726	0.00336523	0.0280736	0.0044378	0.00832573	0.141804	0.0239481	0.239152	0.0367456	0.00652559	0.0557143	0.0209984	0.00704753	0.0383518	0.109133	0.177355	0.00419424	0.00138075
186	0.0526176	0.00237669	0.228217	0.0915209	0.00360542	0.0608244	0.043713	0.0077748	0.0449888	0.0117015	0.00783139	0.208606	0.00846211	0.0409341	0.0402383	0.0845997	0.0484059	0.00373001	0.00055569	0.00929654
187	0.0840539	0.00366459	0.123377	0.0857715	0.00363304	0.141851	0.0296674	0.00622631	0.040116	0.0111689	0.00624284	0.0997842	0.0213402	0.0491457	0.0541158	0.159196	0.06855	0.00951672	0.000842602	0.00173628
188	0.0538946	0.00303945	0.00165379	0.0154593	0.106019	0.00652613	0.00314997	0.141394	0.00980268	0.302307	0.0967744	0.00198707	0.00118741	0.00717579	0.00758754	0.0124884	0.0189497	0.178899	0.00712275	0.0245814
189	0.00294814	0.0113645	0.0104552	0.00359547	0.234531	0.00190009	0.0691922	0.00133809	0.00202696	0.016078	0.0037105	0.0184849	0.00447802	0.00985911	0.0103802	0.0228029	0.005182	0.00188906	0.00996934	0.559814
190	0.0746652	0.211558	0.00448734	0.00891146	0.0990339	0.0215472	0.0102771	0.0237056	0.00535058	0.0637813	0.0275335	0.00686564	0.00294194	0.00565416	0.0128669	0.0930306	0.0326334	0.148186	0.0225713	0.124399
191	0.0192532	0.00182862	0.00114831	0.00412931	0.0203398	0.00565918	0.00198535	0.374157	0.00629831	0.115423	0.0518166	0.00149074	0.00157342	0.00209917	0.00333816	0.00706702	0.0158931	0.362468	0.00173887	0.00229309
192	0.0618834	0.00456559	0.206549	0.220181	0.00777583	0.0446807	0.0242987	0.0160207	0.0551868	0.028844	0.0148463	0.0389995	0.0152506	0.0733406	0.0536683	0.050675	0.0356703	0.0292828	0.0107712	0.00750975
