205	20
1	0.121095	0.000644728	0.0255492	0.0680929	0.0147506	0.0226542	0.0478521	0.0221209	0.067703	0.0114255	0.00592987	0.0535744	0.0377227	0.0634565	0.100723	0.107569	0.113102	0.0880899	0.00772789	0.0202172
2	0.0579289	0.00402645	0.00967037	0.0225323	0.0289103	0.0528929	0.0663654	0.0612289	0.0445251	0.156938	0.011247	0.0607482	0.0126277	0.134147	0.0739609	0.0479449	0.0388012	0.0892194	0.0128647	0.0134199
3	0.0129018	0.00227448	0.084716	0.0239479	0.00569979	0.413927	0.00261853	0.00838439	0.0533963	0.00717277	0.00577893	0.0845372	0.0362079	0.0619361	0.00571149	0.144224	0.0286746	0.0117507	0.00240876	0.00373064
4	0.428962	0.085487	0.000922467	0.00139776	0.0126421	0.0589145	0.00119609	0.0637789	0.00192625	0.0143265	0.00552165	0.0019162	0.000891056	0.00186873	0.00191364	0.147569	0.047186	0.10509	0.0160942	0.0023961
5	0.114091	0.00343132	0.00407668	0.0389111	0.116	0.00778665	0.00510395	0.0377237	0.00605429	0.0105998	0.00643176	0.0313545	0.00366285	0.0537851	0.00980661	0.270892	0.178669	0.0163839	0.00289744	0.0823392
6	0.0135539	0.000635872	0.000265975	0.00224172	0.0635382	0.00208495	0.000492072	0.106919	0.000923928	0.641054	0.0848328	0.00112908	0.00033608	0.00149156	0.00045388	0.00882954	0.00731684	0.0569828	0.000943362	0.00597448
7	0.246034	0.00315075	0.0123461	0.0398529	0.00963871	0.0821696	0.0639825	0.0216401	0.0513764	0.0178744	0.0107438	0.0395127	0.0230904	0.0400655	0.101928	0.0887427	0.0465093	0.083321	0.00839858	0.00962277
8	0.0139201	0.00102381	0.00101211	0.00123487	0.0675871	0.00240096	0.00127202	0.00389071	0.00173567	0.0267488	0.00925954	0.00205915	0.00107133	0.00166838	0.00844649	0.00457053	0.00401789	0.0205565	0.762485	0.065039
9	0.00928074	0.00186611	0.0131856	0.0133092	0.00364273	0.0214477	0.00192085	0.00670826	0.0447417	0.00562721	0.00316567	0.137749	0.00174464	0.00257929	0.0292118	0.222467	0.457455	0.00681109	0.00165053	0.0154362
10	0.0162616	0.00978926	0.000692545	0.00072116	0.177075	0.00777441	0.0655174	0.0551876	0.0145561	0.107833	0.00452611	0.00438299	0.00647787	0.00244326	0.0116677	0.00975405	0.0126158	0.0285462	0.00230301	0.461875
11	0.0669793	0.00258063	0.000232333	0.000486658	0.0255064	0.00265184	0.000606956	0.338322	0.0009145	0.139958	0.0389427	0.00117323	0.00077216	0.0021802	0.000784366	0.00814652	0.0258998	0.342359	0.000807365	0.000695269
12	0.065554	0.000798253	0.311258	0.159418	0.00375523	0.0207896	0.0524613	0.00335456	0.0331025	0.00581728	0.00309111	0.127706	0.00299644	0.0403444	0.0068594	0.106018	0.0431765	0.00650952	0.00114354	0.00584603
13	0.0565055	0.00129542	0.000271652	0.000391592	0.0291499	0.00118924	0.000560824	0.358441	0.000873602	0.157014	0.0462601	0.000808823	0.000299355	0.0017961	0.00079603	0.00588533	0.0263039	0.310677	0.00076203	0.000719374
14	0.315837	0.0451972	0.00108243	0.00139326	0.0321919	0.0831176	0.00129983	0.0986822	0.00236143	0.0620184	0.0327901	0.00425046	0.00435825	0.00236288	0.00208897	0.0674685	0.0334378	0.200272	0.00588086	0.00390862
15	0.0275183	0.00472651	0.00165741	0.00724204	0.580668	0.00693596	0.0134021	0.0324304	0.0111904	0.0397173	0.0060995	0.00315323	0.00239118	0.00917018	0.0074169	0.0318484	0.0179998	0.0483081	0.005081	0.143043
16	0.137146	0.00208841	0.0025734	0.0121684	0.0389529	0.0405112	0.0023461	0.0783516	0.0346795	0.104356	0.0339329	0.0264146	0.00348014	0.0247163	0.0490606	0.167907	0.108426	0.1279	0.00188845	0.00310009
17	0.047214	0.00122577	0.0242198	0.0472331	0.0050485	0.20288	0.0174407	0.00752901	0.191385	0.00941782	0.0143829	0.0616638	0.016874	0.0450864	0.160624	0.0641035	0.0404659	0.0351189	0.00315204	0.00493481
18	0.017132	0.0022054	0.0015714	0.00150022	0.0668571	0.00346372	0.00224554	0.00572716	0.00303582	0.0290419	0.00952704	0.00281262	0.00151598	0.00256035	0.00944277	0.0068436	0.00596419	0.0229249	0.742666	0.0629624
19	0.0680939	0.00357571	0.000225275	0.000435801	0.0260735	0.00334215	0.000841899	0.332882	0.00106158	0.12373	0.0335874	0.00150225	0.00111089	0.0024978	0.00100961	0.00947476	0.0254077	0.36366	0.000782972	0.000705128
20	0.411982	0.00538253	0.00129997	0.00157293	0.00328223	0.295624	0.00155137	0.0175713	0.00256493	0.00808168	0.00479615	0.00253257	0.00134127	0.00195474	0.00256957	0.205398	0.0118692	0.0172416	0.00138939	0.00199413
21	0.0152523	0.00117117	0.00108372	0.0013632	0.0738518	0.00322549	0.00158627	0.0100475	0.00256117	0.0447278	0.0103603	0.00243676	0.00140946	0.00196999	0.00874176	0.00566522	0.00463625	0.0251505	0.722621	0.0621388
22	0.0787292	0.000576886	0.000498201	0.000656775	0.00141107	0.874297	0.00071661	0.00509837	0.00103913	0.00204916	0.00106252	0.0035258	0.000634695	0.000895021	0.0010007	0.0208521	0.00253402	0.00277863	0.000606627	0.00103708
23	0.00296824	0.00397348	0.000403297	0.000488527	0.0817793	0.00491666	0.00155695	0.257943	0.00463496	0.409553	0.0204447	0.00573564	0.000422261	0.0047237	0.000650375	0.00429972	0.00741297	0.170402	0.00595524	0.0117356
24	0.0486372	0.0139195	0.0534951	0.0168404	0.0125347	0.0357063	0.0214352	0.02006	0.0586354	0.0213412	0.0126949	0.330807	0.00675774	0.0339706	0.027866	0.154074	0.0703189	0.0342807	0.00465605	0.021969
25	0.0704651	0.008735	0.0079065	0.0102664	0.0464787	0.0257119	0.0100508	0.165054	0.0179627	0.250993	0.125667	0.0127258	0.00617111	0.0123698	0.02061	0.0311454	0.041802	0.10969	0.0124498	0.0137447
26	0.163347	0.00219923	0.0500055	0.0313737	0.020124	0.0494312	0.00243558	0.109309	0.0295482	0.062376	0.0193255	0.00512187	0.0521018	0.0186199	0.00561561	0.0576892	0.0988961	0.217341	0.00214185	0.00299778
27	0.0664515	0.00280059	0.0204938	0.0120445	0.00577552	0.642764	0.00469099	0.0111105	0.0238177	0.00856607	0.00611724	0.0581687	0.00853372	0.0163412	0.011732	0.058831	0.0207834	0.0143987	0.00181818	0.00476105
28	0.234207	0.0500313	0.00179175	0.00235007	0.00987996	0.0245108	0.00242445	0.0110398	0.00404723	0.0160995	0.00815513	0.00417017	0.00291102	0.00364985	0.00292308	0.271166	0.3258	0.0190371	0.00221262	0.00359358
29	0.06598	0.00299527	0.0296777	0.0369614	0.00602872	0.0313036	0.0706436	0.0112023	0.101261	0.0106953	0.00521915	0.125541	0.0152666	0.0850579	0.0975043	0.194607	0.045644	0.0511228	0.00681615	0.00647206
30	0.615505	0.00816336	0.000777991	0.00131638	0.00795248	0.0348756	0.00122391	0.034318	0.00439372	0.00760767	0.00558807	0.0043679	0.00123369	0.00438904	0.00176378	0.0737834	0.0913375	0.0898485	0.00424217	0.00731161
31	0.00472857	0.00368013	0.000342688	0.000819179	0.0782066	0.00442278	0.0013763	0.217468	0.00418354	0.470645	0.0295574	0.00499047	0.00043832	0.0041247	0.000605559	0.00516204	0.00610521	0.147833	0.00537017	0.00994019
32	0.0660798	0.00298402	0.000225101	0.000373638	0.0247399	0.00247961	0.000738084	0.338915	0.000883973	0.123379	0.0327713	0.00126618	0.000815773	0.00230799	0.000832483	0.00829602	0.0245579	0.367178	0.000659982	0.000515984
33	0.552456	0.00889636	0.000881358	0.00137754	0.00456052	0.217543	0.00119338	0.0221182	0.00219503	0.0177706	0.0123311	0.00196643	0.00105675	0.00187391	0.00189441	0.0536179	0.0359046	0.0581391	0.00137062	0.00285383
34	0.0300933	0.00099387	0.000887138	0.00119731	0.0022636	0.00236533	0.000943532	0.0564568	0.0424678	0.026049	0.0178564	0.0176493	0.00775419	0.035282	0.0981751	0.104822	0.475477	0.0751781	0.000985825	0.00310244
35	0.0412477	0.0011338	0.000467197	0.000470235	0.0371874	0.0015113	0.0011837	0.398163	0.00155308	0.167324	0.0775035	0.00129407	0.000452196	0.00177425	0.00138512	0.00518784	0.0268088	0.22982	0.00174091	0.00379141
36	0.034835	0.00167538	0.00159418	0.0143622	0.588884	0.00418941	0.0150666	0.0122722	0.00900136	0.038846	0.00334312	0.00267035	0.00143737	0.00777297	0.00304877	0.0582582	0.0296516	0.0205578	0.00332904	0.149205
37	0.529341	0.00758864	0.000570415	0.0007377	0.00217105	0.206291	0.000904501	0.0292188	0.00162443	0.029383	0.0208579	0.00133793	0.000646646	0.00114478	0.00120046	0.0465337	0.0226864	0.0944796	0.00141028	0.0018712
38	0.030312	0.00100007	0.00102996	0.00137724	0.00228005	0.00236933	0.00108107	0.0540072	0.0436055	0.027933	0.0167961	0.0175747	0.00730356	0.0320575	0.0999613	0.104726	0.481863	0.0703985	0.000978319	0.00334492
39	0.00269991	0.00426989	0.000394455	0.000463316	0.0825562	0.0051522	0.00158518	0.24762	0.00481475	0.420844	0.0179927	0.00599828	0.000435577	0.00497393	0.00063545	0.00441762	0.00645897	0.170972	0.00634286	0.0113719
40	0.114394	0.000506634	0.0148935	0.0730913	0.005116	0.0341491	0.0364221	0.0199548	0.10961	0.0174878	0.0084874	0.0558318	0.0681999	0.0666411	0.100733	0.0836562	0.0677736	0.101339	0.0122734	0.00943952
41	0.0240603	0.00507016	0.00129392	0.00210585	0.098566	0.00835697	0.0209741	0.181609	0.0321152	0.319158	0.0195393	0.0085643	0.00524126	0.00504909	0.0164775	0.0117188	0.0151725	0.202888	0.0105877	0.0114519
42	0.00650736	0.0038313	0.000358328	0.000495438	0.0785009	0.00446478	0.00140775	0.251436	0.00433631	0.402783	0.0255956	0.0061748	0.000442479	0.00549136	0.000621792	0.00418096	0.0102306	0.177858	0.00569579	0.00958733
43	0.0313499	0.00840244	0.0425261	0.00676797	0.0517516	0.0164688	0.0613134	0.0138644	0.0698238	0.0330424	0.00951468	0.379559	0.00273551	0.0335733	0.0105167	0.0713394	0.0410168	0.0416405	0.00352648	0.0712664
44	0.00815095	0.0016565	0.0014912	0.00201107	0.0267481	0.00448397	0.630052	0.0183838	0.00299601	0.0908581	0.00307807	0.0034654	0.00155842	0.0426898	0.023555	0.00724897	0.0347565	0.0328692	0.011973	0.0519741
45	0.0675723	0.00318042	0.000292731	0.000492663	0.0280134	0.0037885	0.00102876	0.328074	0.00136419	0.153932	0.0475856	0.00122298	0.00116893	0.00181174	0.00139874	0.00927454	0.0275885	0.319686	0.00122006	0.00130497
46	0.015316	0.00140584	0.00147174	0.00136053	0.0680557	0.00259231	0.00256748	0.00531994	0.00236189	0.0271094	0.00968112	0.00274901	0.00126587	0.00180624	0.00888059	0.00613362	0.0048578	0.0209952	0.746684	0.0693862
47	0.0829285	0.00953858	0.0336133	0.0218914	0.0128915	0.0604939	0.0239217	0.0198344	0.0496045	0.0196308	0.0101306	0.314645	0.0100287	0.0816577	0.0331324	0.084306	0.0689188	0.039809	0.00501128	0.0180121
48	0.102706	0.00202754	0.115322	0.116465	0.0331422	0.0222941	0.0589942	0.012536	0.0485808	0.0205734	0.0109002	0.0622018	0.0155308	0.0725895	0.109114	0.0589921	0.0455796	0.073156	0.00504325	0.0142514
49	0.0811106	0.000681545	0.0014349	0.000852842	0.00154787	0.857867	0.000767183	0.00546888	0.00148233	0.00207863	0.00123039	0.00399932	0.00096506	0.00130629	0.00105515	0.0300494	0.00331462	0.00292952	0.00071641	0.00114188
50	0.0325432	0.000999257	0.00139001	0.00185597	0.00250894	0.00249412	0.00154362	0.0610717	0.0398814	0.0222871	0.0152681	0.0219754	0.00958051	0.0351409	0.0986899	0.11715	0.451033	0.0795693	0.00102851	0.00398879
51	0.00528099	0.00348484	0.000413867	0.000490541	0.0799026	0.00443745	0.00150875	0.282786	0.0042375	0.37788	0.0221051	0.00539187	0.000415579	0.00449867	0.000897299	0.0043992	0.00885747	0.177792	0.00550689	0.00971296
52	0.0250666	0.0024307	0.515774	0.0559282	0.00512665	0.0100931	0.0149146	0.00852979	0.0136341	0.00731098	0.00497447	0.19482	0.0201727	0.0123195	0.00366029	0.0683416	0.0187161	0.0109984	0.00281763	0.00436979
53	0.0169246	0.000374031	0.000251714	0.0024611	0.0617211	0.00219871	0.000447395	0.104272	0.000687758	0.636283	0.0931513	0.00084354	0.000363653	0.00120806	0.000462632	0.00932956	0.00891037	0.0547953	0.000470353	0.00484407
54	0.136751	0.00199437	0.0026994	0.0125735	0.0376509	0.0408979	0.00239851	0.0783941	0.033221	0.107322	0.0342849	0.0278251	0.0035519	0.0242851	0.0481924	0.162535	0.109551	0.130942	0.00191695	0.00301363
55	0.00969177	0.00194269	0.0139501	0.0128701	0.00377956	0.0227064	0.00189098	0.00684625	0.0460803	0.00578533	0.00321587	0.135728	0.00171787	0.00247298	0.0299128	0.220384	0.455672	0.00708464	0.00167478	0.016594
56	0.133198	0.00100701	0.0139775	0.0625177	0.00599248	0.132208	0.030865	0.0164986	0.0845593	0.0145433	0.0105886	0.0759604	0.0335045	0.0564785	0.0896622	0.0776656	0.0752267	0.0692968	0.00796749	0.00828286
57	0.166828	0.00546491	0.00160812	0.00224367	0.00553917	0.00514906	0.00172263	0.23786	0.00371946	0.0362342	0.00687452	0.0207898	0.00176137	0.00328681	0.0295967	0.0722163	0.22711	0.164069	0.00176776	0.00615884
58	0.018927	0.00246761	0.00741044	0.00666598	0.0286136	0.00849005	0.575835	0.0206562	0.00749293	0.0826042	0.00544216	0.00960389	0.00337367	0.0388198	0.0285368	0.0154657	0.0359295	0.0331097	0.0136809	0.0568752
59	0.189467	0.00216338	0.000607518	0.000829257	0.00217919	0.735312	0.000820577	0.00742508	0.00122336	0.0048455	0.00281766	0.00321652	0.000620128	0.000989513	0.00115259	0.027762	0.00590706	0.010664	0.000736832	0.00126071
60	0.065399	0.00254558	0.00021359	0.000371978	0.0241817	0.00207772	0.000748809	0.341459	0.00090523	0.12829	0.034178	0.00108886	0.000654374	0.00220104	0.000855953	0.00798197	0.0248143	0.360832	0.000683601	0.000516975
61	0.00966835	0.0018553	0.000303044	0.0014094	0.0638523	0.0031169	0.00112087	0.161769	0.00267558	0.564727	0.0531004	0.00305295	0.000396223	0.00264978	0.000567608	0.00654428	0.00684948	0.106465	0.00290516	0.00697136
62	0.0417156	0.0401886	0.0309385	0.00713671	0.0130496	0.0283348	0.0207551	0.0164757	0.0469199	0.0195193	0.0106498	0.332825	0.00438259	0.0530981	0.0189062	0.227356	0.0353991	0.0279948	0.00354026	0.020815
63	0.458418	0.0224298	0.00188445	0.00152636	0.0163236	0.0629753	0.00131386	0.0640766	0.00449442	0.0163693	0.00569538	0.0036064	0.00284033	0.00284175	0.0029405	0.102922	0.112919	0.10716	0.00354539	0.00571864
64	0.069927	0.0049389	0.000258136	0.000483195	0.0278472	0.0043269	0.00097246	0.325781	0.00111141	0.107534	0.028222	0.00201595	0.00160867	0.00276073	0.00118847	0.0100248	0.024206	0.385465	0.000655857	0.000672059
65	0.240055	0.00184468	0.00174662	0.00202548	0.00414521	0.368744	0.00176038	0.0369339	0.003382	0.0057015	0.00314259	0.00361358	0.00174949	0.00270886	0.0030969	0.300483	0.00693878	0.00772169	0.00157226	0.00263416
66	0.014306	0.00103777	0.00122651	0.00138391	0.0673947	0.00256747	0.00276731	0.00407876	0.00212577	0.0273776	0.00927376	0.00226453	0.00143938	0.00212386	0.00887637	0.00497493	0.00444386	0.0210025	0.756467	0.064868
67	0.0855185	0.000999457	0.00133394	0.00120785	0.0022761	0.84459	0.000891173	0.00689971	0.00191059	0.00327798	0.00190623	0.00468636	0.00123696	0.0016678	0.00127747	0.0280984	0.00560822	0.00486083	0.00067645	0.0010758
68	0.040472	0.00174652	0.000273723	0.000400026	0.0426806	0.00188184	0.000541259	0.362876	0.00119135	0.191517	0.0447127	0.00157895	0.000323189	0.00220041	0.000630636	0.00504828	0.0253373	0.271984	0.00146597	0.00313788
69	0.0156748	0.000319282	0.000236313	0.00262477	0.0632181	0.00215663	0.000421005	0.0904133	0.000617164	0.658996	0.0950906	0.000644564	0.000359503	0.00102073	0.000477298	0.00992053	0.00783904	0.0446938	0.000359617	0.00491746
70	0.0151269	0.000409427	0.000261161	0.00250784	0.0634506	0.00218227	0.000418977	0.0957351	0.000716748	0.650707	0.0932575	0.000818177	0.00033495	0.00119873	0.000501948	0.00954712	0.00797241	0.0492128	0.000529907	0.00511032
71	0.0923272	0.00679732	0.0113766	0.0130971	0.0309037	0.0247714	0.0127539	0.040889	0.0911973	0.116419	0.018099	0.0174386	0.246307	0.0130192	0.0429227	0.0455821	0.0689322	0.0724827	0.0100719	0.0246116
72	0.0547616	0.00100947	0.000291799	0.000413752	0.0266761	0.00118604	0.000500904	0.354408	0.000828068	0.176408	0.0606462	0.00100463	0.000370782	0.00186162	0.000748181	0.00530989	0.0295139	0.281872	0.00103499	0.00115425
73	0.0847143	0.00126453	0.00211726	0.00199393	0.00230744	0.830774	0.00109187	0.0077283	0.0034192	0.0041471	0.00210639	0.00632632	0.00174946	0.00265697	0.00258768	0.0310353	0.00575639	0.00575011	0.000836754	0.00163662
74	0.0965039	0.00429256	0.0005129	0.00143604	0.0232447	0.00440516	0.00110421	0.31501	0.00233996	0.102718	0.0364861	0.00201126	0.00144862	0.00490697	0.00208543	0.0115259	0.0233269	0.362437	0.0026678	0.00153717
75	0.0511645	0.00186276	0.00125781	0.00143601	0.04101	0.00372825	0.00169821	0.42802	0.00291822	0.0982152	0.201681	0.00262352	0.00138788	0.0022902	0.00277334	0.00795423	0.0384294	0.0957584	0.00426606	0.0115249
76	0.142584	0.0222648	0.000199555	0.000337666	0.0703312	0.0353683	0.000329703	0.206551	0.000510889	0.104601	0.0267598	0.00562355	0.00877968	0.00147927	0.000937812	0.0435433	0.061724	0.259706	0.00349827	0.00486943
77	0.171175	0.00378889	0.0170779	0.0361866	0.00982757	0.0346061	0.0191603	0.0234165	0.121973	0.033256	0.0100432	0.033846	0.130828	0.0321282	0.0588979	0.0999386	0.0721259	0.0736428	0.00788728	0.0101942
78	0.0400879	0.00172337	0.0213919	0.0278984	0.0131522	0.0313812	0.0290616	0.0134613	0.225988	0.0208411	0.00955264	0.0359069	0.0157632	0.0523205	0.321018	0.0458446	0.04595	0.0344193	0.00463643	0.00960078
79	0.0120637	0.00542044	0.00123737	0.00181122	0.0761655	0.00622788	0.423824	0.031057	0.00739841	0.0897874	0.0041729	0.00429492	0.00362307	0.0266941	0.0215714	0.0094918	0.024685	0.0282191	0.0100646	0.212191
80	0.0156748	0.000319282	0.000236313	0.00262477	0.0632181	0.00215663	0.000421005	0.0904133	0.000617164	0.658996	0.0950906	0.000644564	0.000359503	0.00102073	0.000477298	0.00992053	0.00783904	0.0446938	0.000359617	0.00491746
81	0.0158908	0.000773752	0.0202122	0.0178835	0.00678948	0.0315132	0.0175035	0.00350314	0.300818	0.0110291	0.00799633	0.0290076	0.00697988	0.0519844	0.394823	0.0327996	0.0278572	0.0155328	0.000772267	0.00632974
82	0.114931	0.000586424	0.0148998	0.0744375	0.00519335	0.0335028	0.0367506	0.0195503	0.1048	0.0178545	0.00918462	0.0557197	0.0732977	0.0650609	0.100114	0.0834954	0.0676554	0.102375	0.0115538	0.00903701
83	0.0656326	0.0343064	0.00230353	0.00261774	0.24959	0.0312849	0.00968065	0.13662	0.00643062	0.0672804	0.0378787	0.00749202	0.00435273	0.0044584	0.0355972	0.0357843	0.0325239	0.155958	0.0068397	0.0733678
84	0.038043	0.00326008	0.0736574	0.0212097	0.00745222	0.277136	0.00797019	0.0122228	0.0724642	0.0171488	0.00672885	0.0602613	0.09816	0.0443309	0.0172208	0.166862	0.0418429	0.0254032	0.00333356	0.00529224
85	0.52154	0.00280182	0.0016353	0.00303029	0.00715816	0.0156597	0.00257026	0.0507249	0.0191444	0.0238984	0.0197118	0.0197858	0.00262021	0.0190507	0.00580374	0.0687992	0.115005	0.0651118	0.0167865	0.0191625
86	0.0259228	0.00174472	0.00415514	0.00501687	0.0600816	0.00530197	0.00965875	0.00945698	0.00927139	0.0321526	0.0114894	0.0132652	0.00701795	0.00593708	0.0328263	0.0154728	0.0207959	0.0301858	0.645252	0.0549949
87	0.0252449	0.00423313	0.00235775	0.00782816	0.495054	0.00640176	0.022252	0.0270546	0.0217712	0.0583806	0.00536436	0.00774819	0.00340771	0.0179602	0.00682935	0.0302942	0.0196787	0.0305234	0.00372385	0.203892
88	0.0245844	0.0341911	0.00345273	0.00315459	0.127603	0.0100699	0.0829451	0.0816367	0.01566	0.0641097	0.0331819	0.0372216	0.00534287	0.0058219	0.0117727	0.017203	0.0511414	0.067851	0.00525438	0.317802
89	0.146522	0.0219293	0.000278133	0.000332702	0.0697723	0.0375668	0.000293817	0.20332	0.000488896	0.108936	0.0260768	0.0053613	0.00914991	0.0015118	0.000711934	0.0424337	0.0545077	0.262476	0.00361543	0.00471457
90	0.0152457	0.00262365	0.00515624	0.00599181	0.0255457	0.00754169	0.592354	0.0211273	0.00981554	0.0794486	0.00506141	0.0104021	0.00287825	0.0399755	0.0288541	0.014297	0.0323878	0.0333033	0.0122021	0.0557887
91	0.212971	0.00300052	0.00273501	0.0191765	0.00891224	0.00658477	0.00600573	0.239876	0.0238278	0.0435644	0.0129606	0.00462956	0.00330253	0.00442169	0.0225431	0.0305784	0.0134241	0.317506	0.00382483	0.0201547
92	0.26238	0.032338	0.00101042	0.00122113	0.0450686	0.120781	0.00119408	0.0254534	0.00175625	0.0452218	0.0348812	0.00202604	0.00973225	0.00167983	0.00179755	0.17396	0.206475	0.0297664	0.00153995	0.00171781
93	0.0659649	0.0671799	0.00167462	0.00205861	0.159353	0.0195887	0.0052601	0.187205	0.00370358	0.0710723	0.0626608	0.00960855	0.00543901	0.00402645	0.0092342	0.0276332	0.0870496	0.185064	0.00441439	0.0218093
94	0.076625	0.00377005	0.0458255	0.116914	0.0137242	0.0425339	0.0371455	0.0289414	0.118345	0.0244772	0.0134694	0.053136	0.0189061	0.144125	0.0779129	0.0637755	0.0433486	0.0556099	0.00789014	0.0135254
95	0.148722	0.0224765	0.000278156	0.000342555	0.0705666	0.0385463	0.00028405	0.200695	0.000472985	0.106873	0.0252325	0.0052865	0.00917703	0.00147002	0.000719992	0.0436521	0.0551318	0.261623	0.00369005	0.00475932
96	0.136441	0.0262281	0.000430979	0.000775751	0.0681983	0.0316354	0.000543851	0.182907	0.00114988	0.105476	0.02775	0.00881013	0.0128827	0.00207512	0.00189648	0.0746051	0.0808218	0.229532	0.00326933	0.00457044
97	0.0787292	0.000576886	0.000498201	0.000656775	0.00141107	0.874297	0.00071661	0.00509837	0.00103913	0.00204916	0.00106252	0.0035258	0.000634695	0.000895021	0.0010007	0.0208521	0.00253402	0.00277863	0.000606627	0.00103708
98	0.0166514	0.00928465	0.000692483	0.0009991	0.185674	0.00761395	0.0631391	0.0540919	0.0144551	0.106638	0.00428792	0.00415391	0.00633692	0.00268591	0.0113327	0.010392	0.0126324	0.0278818	0.00231855	0.458738
99	0.148722	0.0224765	0.000278156	0.000342555	0.0705666	0.0385463	0.00028405	0.200695	0.000472985	0.106873	0.0252325	0.0052865	0.00917703	0.00147002	0.000719992	0.0436521	0.0551318	0.261623	0.00369005	0.00475932
100	0.0388321	0.00866711	0.000397126	0.000559702	0.0787595	0.0161006	0.0016519	0.24523	0.00358988	0.321338	0.0199574	0.00558721	0.0024905	0.0037033	0.00126753	0.0133627	0.0189326	0.204579	0.00570831	0.00928561
101	0.104247	0.00456535	0.00428611	0.00409874	0.0118362	0.672209	0.00255711	0.0416847	0.00407213	0.0217306	0.00706994	0.00821816	0.00258702	0.00418711	0.00435721	0.0473541	0.015846	0.0336469	0.00179355	0.00365245
102	0.149694	0.00811995	0.00151962	0.00204289	0.00797591	0.00625975	0.00161749	0.236674	0.00401276	0.0339262	0.00858457	0.0179891	0.00213012	0.00308288	0.0226277	0.0735617	0.228146	0.183704	0.00193837	0.0063925
103	0.49997	0.0336121	0.000646852	0.000743794	0.023333	0.0467016	0.000887279	0.0646179	0.00174165	0.00994364	0.00354613	0.00179686	0.000989079	0.00144002	0.00109368	0.124411	0.0942792	0.0812367	0.00443754	0.0045719
104	0.123184	0.00336845	0.000798422	0.000857413	0.00246088	0.774017	0.00117463	0.00929907	0.001371	0.00441308	0.00220206	0.00340777	0.00085315	0.00120137	0.00121265	0.0489133	0.00846314	0.0106605	0.00089443	0.00124745
105	0.0169248	0.00124086	0.00114124	0.00144209	0.108753	0.00346792	0.00214946	0.00670548	0.00236227	0.0331237	0.00920344	0.00217103	0.00116349	0.00222014	0.00906293	0.0062442	0.00511245	0.0284544	0.691795	0.0672625
106	0.501439	0.00470923	0.000568834	0.000738897	0.00185913	0.234527	0.000863296	0.0314236	0.00144043	0.0360048	0.0227354	0.00138173	0.000666655	0.00108776	0.0012754	0.0391146	0.0175973	0.100371	0.000712891	0.0014833
107	0.0260253	0.00123247	0.000667877	0.00134431	0.0492495	0.00296893	0.000663892	0.262243	0.00159669	0.387532	0.0893093	0.00193414	0.000535783	0.00224263	0.00107684	0.00671112	0.0313184	0.126573	0.00142109	0.00535392
108	0.0834139	0.000946106	0.00176754	0.00187091	0.00226054	0.841223	0.00130823	0.00708475	0.00289678	0.00333734	0.00197941	0.00517147	0.00137479	0.00223681	0.00220572	0.0287332	0.00499562	0.00498947	0.000922271	0.00128228
109	0.0150811	0.000443028	0.000330795	0.00221952	0.0556731	0.00202879	0.000652917	0.140557	0.000895668	0.606016	0.0956002	0.000924931	0.000391029	0.00107643	0.000593491	0.00870617	0.00994066	0.0527247	0.000694279	0.00545055
110	0.0953567	0.000779322	0.0155105	0.0507483	0.00533091	0.0269259	0.0394315	0.0247169	0.172802	0.0213108	0.00662029	0.0682098	0.0298217	0.0900689	0.106936	0.0852628	0.0458901	0.0842675	0.0233692	0.00664098
111	0.0175036	0.000588125	0.00133542	0.00329757	0.0630938	0.00313195	0.000918652	0.0997116	0.00165683	0.627271	0.0932261	0.00153549	0.00103189	0.00172679	0.00122698	0.0108404	0.0103987	0.0539283	0.000782667	0.00679384
112	0.173769	0.00427108	0.0213358	0.0946089	0.012546	0.186044	0.0559511	0.0182306	0.0416193	0.0227596	0.042411	0.0381187	0.017013	0.0735993	0.0444106	0.0479243	0.0387267	0.0484288	0.00617189	0.0120608
113	0.0667685	0.00274591	0.0275219	0.0382235	0.00471117	0.0333578	0.0695236	0.0106524	0.108581	0.00974602	0.00496352	0.116752	0.0156457	0.083955	0.104007	0.197689	0.0445122	0.0490719	0.00632223	0.0052502
114	0.0681132	0.00193836	0.170465	0.187323	0.0221742	0.0337843	0.0123724	0.00745483	0.073326	0.069463	0.0414076	0.0486217	0.00178733	0.0484592	0.0505628	0.0348547	0.0407761	0.0270469	0.0019986	0.0580708
115	0.135941	0.00715809	0.0152505	0.0456309	0.0134505	0.0284299	0.0257691	0.0298262	0.0663361	0.0257539	0.0107156	0.0767139	0.0701797	0.0409291	0.066312	0.149268	0.064809	0.106039	0.00929344	0.0121946
116	0.112506	0.000618783	0.0167877	0.0847778	0.00527567	0.0292953	0.0363884	0.0166142	0.109383	0.0153897	0.00772322	0.0559738	0.0788111	0.056662	0.0981053	0.0850947	0.0664168	0.106199	0.00954393	0.00843387
117	0.145262	0.00241241	0.0458554	0.0069962	0.00749324	0.065591	0.00271972	0.0387906	0.0927105	0.0916077	0.00619234	0.00452344	0.0748261	0.00591759	0.00473623	0.064665	0.23969	0.094324	0.00179485	0.00389159
118	0.0165987	0.00244192	0.00359775	0.00515278	0.0265204	0.00885238	0.592622	0.0193489	0.0089171	0.0836908	0.00508061	0.00851578	0.00305663	0.03914	0.0304948	0.0152944	0.0327107	0.0332846	0.012091	0.052589
119	0.0224102	0.00109174	0.0215981	0.0219057	0.00636637	0.0389566	0.0236838	0.00517292	0.297539	0.0117542	0.00764833	0.0372912	0.00917856	0.0527553	0.345093	0.041881	0.0282205	0.0199027	0.0017325	0.00581844
120	0.0671458	0.0182378	0.0591722	0.00245107	0.0100358	0.0406863	0.0104324	0.0195612	0.0782178	0.0217277	0.0168217	0.392976	0.00204389	0.013343	0.0184527	0.118949	0.0397984	0.0314811	0.00171046	0.036756
121	0.00325022	0.00397282	0.000343768	0.000552671	0.0808865	0.00491315	0.00153444	0.238323	0.00453173	0.43819	0.0213449	0.00554238	0.000417563	0.0047169	0.000635046	0.00451917	0.00629099	0.162851	0.00586441	0.0113189
122	0.0787292	0.000576886	0.000498201	0.000656775	0.00141107	0.874297	0.00071661	0.00509837	0.00103913	0.00204916	0.00106252	0.0035258	0.000634695	0.000895021	0.0010007	0.0208521	0.00253402	0.00277863	0.000606627	0.00103708
123	0.0349929	0.0130364	0.00144688	0.00157875	0.0605282	0.00546061	0.00361086	0.395097	0.00320671	0.0849403	0.172914	0.00578396	0.00171052	0.00258983	0.00430047	0.00909544	0.0641322	0.102613	0.00316027	0.0298019
124	0.443509	0.0426893	0.000939976	0.000924264	0.0344408	0.0455465	0.00106697	0.0794262	0.00183898	0.0148603	0.00468349	0.00193686	0.00145899	0.00158573	0.00152827	0.127131	0.113171	0.0751466	0.00420271	0.00391334
125	0.0704703	0.00318344	0.000234356	0.000432744	0.0276523	0.00373972	0.000562313	0.337244	0.00081134	0.143789	0.0427369	0.00142097	0.0010233	0.00204375	0.000843863	0.00956017	0.0294379	0.322552	0.00135254	0.000909195
126	0.0939767	0.00851606	0.00179325	0.00257489	0.232533	0.0234095	0.0128973	0.101869	0.0149589	0.155712	0.0155406	0.00943371	0.00719061	0.00543352	0.0178495	0.0259773	0.0318528	0.1764	0.0372919	0.0247898
127	0.332287	0.110275	0.00114523	0.00129247	0.0163215	0.036612	0.00169754	0.0474356	0.00241913	0.0107467	0.0031524	0.00223045	0.0013336	0.0014937	0.00199669	0.182089	0.114451	0.123742	0.00667684	0.00260244
128	0.0401347	0.00169239	0.0012022	0.00315413	0.13965	0.0229377	0.00396594	0.0722801	0.00260759	0.539368	0.0706797	0.00242822	0.00127664	0.0029398	0.00597525	0.0196771	0.0184421	0.0423458	0.00480252	0.00444003
129	0.569562	0.0129069	0.000717331	0.00100032	0.0045289	0.202751	0.0011967	0.0221171	0.001638	0.0159732	0.0110103	0.00146502	0.000754295	0.00141872	0.00189375	0.0601753	0.0318639	0.0551234	0.00167168	0.0022322
130	0.263579	0.0345508	0.001106	0.00139904	0.0393444	0.123274	0.00134696	0.0257144	0.0018464	0.0441255	0.0344959	0.00207612	0.00868325	0.00188241	0.00191031	0.174344	0.209711	0.0273706	0.0014767	0.00176367
131	0.00876998	0.00170563	0.000341581	0.00154796	0.0642844	0.00283289	0.00157194	0.146585	0.00316996	0.582628	0.0506707	0.00309557	0.0004833	0.00277361	0.000657183	0.00671084	0.00589767	0.106795	0.00285633	0.00662308
132	0.0716932	0.00804503	0.0272894	0.043501	0.0282981	0.04607	0.0601683	0.0379286	0.0861767	0.0520427	0.0169022	0.0577503	0.0155912	0.152824	0.0797952	0.0709902	0.0554658	0.0554796	0.0118352	0.0221531
133	0.396059	0.0167142	0.00271073	0.00293831	0.00883419	0.215761	0.00210696	0.0311756	0.00527627	0.0135251	0.0078001	0.00543917	0.00314352	0.00358992	0.00366262	0.196154	0.0400723	0.0384994	0.00318322	0.0033536
134	0.0159951	0.000491298	0.000251627	0.00250694	0.0634082	0.00212808	0.000433444	0.0970918	0.000674115	0.645322	0.0953156	0.000751967	0.000391503	0.00109602	0.00050067	0.00966083	0.00874616	0.0496076	0.000431585	0.00519554
135	0.0654203	0.0038617	0.00190099	0.00245368	0.291568	0.0282652	0.0237099	0.0527748	0.0228876	0.240167	0.0105057	0.00819102	0.00837658	0.00593537	0.035934	0.0138108	0.0213065	0.115159	0.0329861	0.0147866
136	0.0181812	0.00498258	0.00090956	0.00171632	0.132849	0.00877026	0.00416683	0.148143	0.00524378	0.424903	0.0485231	0.00571346	0.00157471	0.0136504	0.00499583	0.0110259	0.0128269	0.135113	0.00649199	0.0102194
137	0.0254832	0.00107585	0.021897	0.0296029	0.00690128	0.0291344	0.0186958	0.00763163	0.300552	0.0133948	0.00795585	0.0385447	0.0103982	0.0708997	0.31579	0.0398567	0.029391	0.0238503	0.0030808	0.00586322
138	0.129205	0.00399813	0.0118009	0.0355644	0.0103068	0.0224609	0.0181755	0.0225794	0.105933	0.040283	0.0105492	0.0307209	0.225766	0.0280318	0.0979962	0.0575396	0.0600078	0.0717208	0.00753369	0.00982719
139	0.0277336	0.00061226	0.027301	0.0311856	0.00447784	0.0317613	0.0169668	0.00626504	0.345795	0.0104399	0.0060226	0.055549	0.0106073	0.0603001	0.266193	0.0429875	0.0248421	0.0235126	0.00318368	0.00426347
140	0.110571	0.00454633	0.00856473	0.0108684	0.00859465	0.0154368	0.00525768	0.0169365	0.175988	0.0623662	0.00847124	0.00940675	0.327388	0.00869781	0.052739	0.0327819	0.0725982	0.0572131	0.00458986	0.00698374
141	0.0369841	0.00160934	0.289889	0.229615	0.00766924	0.0265082	0.0170319	0.00601348	0.0536896	0.0204745	0.0122568	0.0573019	0.00203489	0.0226313	0.0268121	0.0511449	0.091076	0.0118736	0.00189505	0.0334892
142	0.0642761	0.00114026	0.296433	0.147817	0.00420851	0.0203661	0.0551477	0.00385463	0.0344516	0.0059111	0.00291655	0.145772	0.00338793	0.0388289	0.00796796	0.108288	0.0434656	0.00789824	0.0013418	0.00652664
143	0.0246924	0.000610825	0.0283724	0.0303307	0.00493831	0.0320745	0.015228	0.00438609	0.338702	0.0105001	0.00639356	0.0495767	0.0106907	0.0574666	0.293402	0.0410979	0.0247561	0.0202549	0.00209374	0.00443339
144	0.0162616	0.00978926	0.000692545	0.00072116	0.177075	0.00777441	0.0655174	0.0551876	0.0145561	0.107833	0.00452611	0.00438299	0.00647787	0.00244326	0.0116677	0.00975405	0.0126158	0.0285462	0.00230301	0.461875
145	0.0680614	0.00271017	0.0228024	0.0328025	0.0100641	0.0328649	0.0762416	0.014824	0.140147	0.0195218	0.00825066	0.0677386	0.0153505	0.0589585	0.196788	0.121815	0.0447875	0.0489024	0.00808768	0.00928113
146	0.0366332	0.00248303	0.00196354	0.00245362	0.162752	0.00902038	0.0086844	0.0826179	0.124119	0.215804	0.00417584	0.0208757	0.0357462	0.00364228	0.0424575	0.00937934	0.0594958	0.129672	0.0253659	0.0226583
147	0.0162616	0.00978926	0.000692545	0.00072116	0.177075	0.00777441	0.0655174	0.0551876	0.0145561	0.107833	0.00452611	0.00438299	0.00647787	0.00244326	0.0116677	0.00975405	0.0126158	0.0285462	0.00230301	0.461875
148	0.0146523	0.00107478	0.00120254	0.00131834	0.0666174	0.00299848	0.0017931	0.00432248	0.00227995	0.0265954	0.0100986	0.00354208	0.00134062	0.002101	0.00941034	0.00537188	0.00637492	0.0215841	0.753212	0.0641101
149	0.0477706	0.0131213	0.067731	0.00705871	0.0120333	0.0325505	0.0205354	0.0144813	0.104337	0.0173643	0.0113036	0.35723	0.00326603	0.0238665	0.0245645	0.142969	0.032517	0.036857	0.00197401	0.028469
150	0.131777	0.00318954	0.00174005	0.00245213	0.0145168	0.00600104	0.00332327	0.329384	0.00561606	0.0521306	0.118147	0.00306665	0.00226585	0.00351772	0.0049624	0.0349958	0.0289769	0.220481	0.0288249	0.00463078
151	0.0206102	0.00995599	0.00128897	0.00147773	0.196579	0.00978826	0.0573022	0.0652102	0.01447	0.104064	0.00741246	0.00579288	0.00625373	0.00322364	0.012106	0.0141545	0.0160759	0.0404452	0.00412232	0.409666
152	0.0157697	0.00243338	0.00682878	0.00566479	0.0314371	0.00754956	0.583926	0.0203833	0.00763618	0.0788625	0.00444242	0.0140364	0.00383784	0.0388308	0.0282524	0.0168777	0.0331943	0.0332894	0.0124037	0.0543434
153	0.00961537	0.00249307	0.00162268	0.00221987	0.0212537	0.00653513	0.598367	0.0176281	0.00365959	0.0903657	0.00365395	0.0043618	0.00190585	0.0492031	0.0357896	0.00827704	0.0301273	0.0295014	0.0171693	0.0662501
154	0.11887	0.0143131	0.00126082	0.00165599	0.0888215	0.0438136	0.00159634	0.0283201	0.00308402	0.136384	0.00518818	0.00322738	0.00237485	0.0026198	0.00288313	0.265913	0.165104	0.099053	0.0132003	0.00231823
155	0.0602229	0.00192076	0.000228253	0.000387807	0.025065	0.0016635	0.000776434	0.343782	0.00100335	0.142971	0.0383233	0.000980694	0.000492381	0.00214092	0.000888549	0.00702827	0.0264107	0.344219	0.000704951	0.000789897
156	0.0832725	0.00115096	0.00231385	0.00317497	0.00210452	0.833604	0.0013659	0.00751792	0.00352327	0.00304107	0.00243923	0.00598531	0.00151952	0.00264356	0.00298782	0.0298852	0.006034	0.00505007	0.0008626	0.00152409
157	0.0237835	0.0091073	0.00230152	0.00356401	0.188155	0.0102293	0.056218	0.0524389	0.0191142	0.0967351	0.00689903	0.00773539	0.00674793	0.00580811	0.0259955	0.0186573	0.0218281	0.0368203	0.0156789	0.392183
158	0.282417	0.0359575	0.00106688	0.00133605	0.0322839	0.11883	0.00114092	0.0203648	0.00183624	0.0511325	0.0308945	0.0019691	0.00706485	0.00173512	0.00183972	0.183161	0.200882	0.0230168	0.00130188	0.00176871
159	0.0866365	0.0346854	0.000932642	0.00116369	0.0321934	0.0111123	0.00185315	0.275538	0.00189817	0.0683692	0.0339178	0.0120045	0.00432674	0.00242075	0.00481329	0.0267211	0.14501	0.242634	0.00185302	0.0119153
160	0.0544801	0.00150086	0.000256475	0.00038574	0.0295486	0.00168682	0.000531502	0.338607	0.00109118	0.185906	0.0431551	0.00137028	0.000378265	0.00223638	0.000633279	0.00579694	0.0254615	0.304289	0.00125994	0.00142587
161	0.070718	0.00500521	0.000218064	0.00035696	0.0280536	0.00465895	0.000682854	0.326738	0.00082648	0.111361	0.0294594	0.0019304	0.00156862	0.00263048	0.000835843	0.0101486	0.0263169	0.377001	0.000756399	0.000732879
162	0.0252816	0.000655238	0.000298813	0.00192156	0.0538258	0.00252707	0.000646629	0.159645	0.000935293	0.533173	0.0894039	0.00107517	0.000449764	0.0015964	0.000674557	0.00888811	0.015729	0.0984246	0.000635322	0.0042135
163	0.240532	0.00202932	0.00179377	0.00217959	0.00443903	0.348461	0.00199843	0.0458315	0.00369106	0.00579986	0.00317178	0.00374869	0.00186834	0.00293117	0.00323374	0.308095	0.00717007	0.00848508	0.00166618	0.00287405
164	0.109391	0.0275756	0.000520046	0.000799729	0.0626504	0.0242252	0.00124377	0.239059	0.00168923	0.0755078	0.0197338	0.00560432	0.0110327	0.00289061	0.00174276	0.0341042	0.039521	0.335651	0.00259119	0.00446685
165	0.070089	0.00470794	0.000233548	0.000423181	0.0277664	0.00419293	0.000736869	0.326289	0.000877039	0.109774	0.0290364	0.00192628	0.00148948	0.00275651	0.000876775	0.00979238	0.0249902	0.382703	0.000693509	0.000646192
166	0.0542885	0.0114999	0.0546237	0.019809	0.0184597	0.0452813	0.0228767	0.0253785	0.0655622	0.027744	0.0128033	0.325743	0.0127596	0.0310941	0.0368219	0.0991971	0.0628431	0.0417466	0.00542331	0.0260442
167	0.0643368	0.0159742	0.000660382	0.00137245	0.0282384	0.00710689	0.0023858	0.322984	0.00319965	0.074615	0.0218198	0.00483826	0.00399025	0.00337693	0.00332649	0.0148839	0.0266108	0.395805	0.00122392	0.00325134
168	0.0176565	0.00707594	0.000726917	0.00330647	0.296265	0.00647313	0.048794	0.0428318	0.0142067	0.0889362	0.00385244	0.00379013	0.00491613	0.00501978	0.009174	0.01661	0.0139773	0.0266589	0.00218352	0.387546
169	0.0424269	0.00176786	0.0134182	0.125959	0.00635384	0.0177003	0.034332	0.0388039	0.27268	0.0134415	0.00682847	0.0511774	0.0105844	0.1375	0.096861	0.038219	0.024049	0.0536116	0.00830775	0.00597862
170	0.0836585	0.000629237	0.00175466	0.0020774	0.00156672	0.845496	0.00127553	0.00673731	0.00293696	0.00284135	0.00186195	0.00613562	0.00121574	0.00258029	0.0017629	0.0274968	0.00371537	0.00439314	0.000732508	0.00113186
171	0.0195705	0.000881327	0.000406167	0.00263957	0.0924447	0.00605212	0.00131945	0.0915899	0.00123212	0.618827	0.0861106	0.00129719	0.000483877	0.00161161	0.00147789	0.0109924	0.00934187	0.0471902	0.00147866	0.00505285
172	0.065554	0.000798253	0.311258	0.159418	0.00375523	0.0207896	0.0524613	0.00335456	0.0331025	0.00581728	0.00309111	0.127706	0.00299644	0.0403444	0.0068594	0.106018	0.0431765	0.00650952	0.00114354	0.00584603
173	0.0744559	0.00453061	0.000298367	0.000402407	0.0316523	0.00647286	0.000502163	0.329303	0.000769136	0.157712	0.051583	0.00183168	0.00176117	0.0020868	0.000925594	0.0119108	0.0340271	0.286463	0.0016034	0.00170909
174	0.0158881	0.000406495	0.00023917	0.00260015	0.0634526	0.0022594	0.000440863	0.0916432	0.000647402	0.6562	0.0942795	0.000692081	0.000382852	0.00107438	0.000483835	0.00995914	0.00792577	0.0460949	0.000392753	0.00493705
175	0.0147496	0.00102463	0.00101184	0.00121083	0.0684885	0.00240188	0.00143669	0.00409735	0.00182019	0.0269425	0.00917045	0.00214425	0.00109121	0.00166243	0.00840257	0.00462666	0.0043374	0.0208332	0.758522	0.066026
176	0.0163202	0.00076776	0.0213693	0.0191684	0.00693697	0.0306355	0.0177035	0.00332641	0.31297	0.0118815	0.00792937	0.030564	0.00742033	0.0550138	0.372488	0.033409	0.029244	0.0158412	0.000793228	0.00621707
177	0.0493847	0.00198346	0.0244043	0.0124215	0.00652981	0.0112575	0.0435877	0.0109013	0.0373732	0.0906104	0.0259502	0.113757	0.0286366	0.0155012	0.183004	0.0512172	0.157491	0.0632425	0.0678792	0.00486804
178	0.565376	0.0134779	0.000962182	0.000796618	0.0127865	0.0545222	0.00116701	0.053815	0.00292795	0.00738602	0.00414948	0.00285411	0.000961736	0.0027684	0.00139974	0.0867061	0.0988853	0.0770208	0.00341023	0.00862653
179	0.0224389	0.00661297	0.00115194	0.00507982	0.342576	0.00657311	0.0419582	0.039396	0.0129326	0.0771262	0.00474985	0.00437985	0.00414835	0.00610833	0.0094423	0.0229272	0.0177831	0.02936	0.0110167	0.334238
180	0.0482423	0.0478745	0.0020301	0.00221936	0.0255	0.00757185	0.005574	0.283663	0.00365179	0.032946	0.0454204	0.026207	0.00285963	0.0031877	0.00697107	0.0210423	0.183549	0.217396	0.00279958	0.0312945
181	0.461502	0.0051716	0.000755139	0.00086166	0.00418146	0.241028	0.000839177	0.039882	0.00148611	0.043337	0.0266862	0.00187009	0.00108934	0.00136969	0.00147846	0.0357319	0.0170553	0.1131	0.000975081	0.00160023
182	0.131444	0.0205983	0.000197719	0.000306714	0.0630092	0.0300573	0.000354839	0.22114	0.000446486	0.0938838	0.0221352	0.00608628	0.00810753	0.0023395	0.00077499	0.035619	0.0476216	0.308762	0.00296607	0.00414943
183	0.00371615	0.00387379	0.00036446	0.000577001	0.0791515	0.00477041	0.001546	0.234562	0.00441454	0.445546	0.0230114	0.005455	0.00040576	0.00450422	0.000603078	0.00464401	0.00651305	0.16019	0.00567448	0.010478
184	0.404585	0.0846659	0.0010144	0.00124341	0.0126877	0.0589343	0.00112546	0.0779212	0.00194518	0.0154733	0.00502625	0.00202051	0.000936523	0.00156463	0.00183407	0.156075	0.0450113	0.110079	0.0155911	0.00226619
185	0.139635	0.0204884	0.000951312	0.00140421	0.0839459	0.0406459	0.00115261	0.0386692	0.00296126	0.120365	0.00712723	0.00334008	0.00295408	0.00254372	0.00308858	0.244956	0.152237	0.121935	0.00944766	0.00215207
186	0.0167665	0.00034448	0.000269827	0.00316756	0.06731	0.00279008	0.000681337	0.0916608	0.000837824	0.651292	0.0932415	0.000754222	0.000383049	0.00115678	0.000788529	0.0101127	0.00805948	0.045002	0.000466077	0.00491516
187	0.478461	0.0046397	0.000745527	0.000865782	0.00195164	0.250551	0.000920631	0.0326367	0.0015258	0.0407722	0.0248704	0.00146675	0.000726731	0.001213	0.00138226	0.036584	0.0145699	0.104072	0.00071972	0.00132499
188	0.149463	0.0224789	0.00027869	0.000353748	0.0704087	0.0391467	0.000292003	0.199619	0.000528293	0.106591	0.0254158	0.00523848	0.00909622	0.0014763	0.000764728	0.0437279	0.054937	0.261752	0.00366327	0.00476875
189	0.120808	0.0191258	0.000330585	0.000550789	0.0548125	0.0257865	0.000569138	0.238207	0.000703129	0.0872837	0.0210687	0.0062205	0.00701376	0.00329835	0.00104586	0.0305643	0.0420757	0.33426	0.00243998	0.00383628
190	0.293389	0.0602228	0.000871842	0.00130614	0.0511523	0.0347621	0.00122668	0.0451151	0.00209577	0.0426988	0.00467485	0.00290267	0.00232212	0.00193016	0.00217486	0.219226	0.1097	0.114732	0.00689032	0.00260701
