337	20
1	0.0421508	0.014734	0.0138862	0.0104929	0.0139357	0.0161326	0.260448	0.0157054	0.122253	0.126859	0.0113773	0.0297929	0.00960159	0.0312504	0.0452097	0.0926666	0.0417757	0.025851	0.00169944	0.0741778
2	0.0168264	0.000914938	0.00182697	0.00204051	0.00297712	0.925432	0.0039413	0.00306849	0.00242544	0.0107036	0.00217834	0.00485374	0.00160108	0.0033782	0.00199178	0.00717516	0.00264973	0.00358527	0.00116762	0.00126243
3	0.0143945	0.00399113	0.00454064	0.00428677	0.00313498	0.00500413	0.24739	0.00594873	0.00949034	0.0106452	0.00434614	0.140515	0.00502628	0.00763434	0.00676042	0.499299	0.0122403	0.0110663	0.0017662	0.0025197
4	0.0336228	0.0141495	0.00322079	0.0468404	0.00675771	0.00592326	0.00933627	0.0462867	0.086097	0.309167	0.15462	0.0148175	0.0188783	0.0258655	0.0364868	0.013842	0.0777935	0.0905755	0.00121534	0.00450418
5	0.22745	0.00905458	0.00648126	0.00425183	0.00243258	0.427494	0.00447718	0.00467498	0.0118384	0.028269	0.0385829	0.012164	0.00453186	0.0692124	0.0143008	0.103177	0.0136578	0.0150725	0.000983957	0.00189327
6	0.0163347	0.00407691	0.00337053	0.00417111	0.512211	0.00266907	0.0187724	0.0063431	0.0022168	0.0181765	0.0178571	0.00360627	0.000823869	0.00722303	0.00654224	0.00736743	0.0310389	0.0175671	0.0426504	0.276982
7	0.0966683	0.103008	0.00521281	0.00743865	0.00798662	0.0102093	0.0541367	0.0126563	0.0394448	0.18816	0.0165371	0.0118856	0.00660956	0.0234206	0.0923503	0.0610663	0.149768	0.0553605	0.00142018	0.0566601
8	0.0999853	0.0127932	0.00814338	0.0139104	0.0037707	0.0117929	0.0100853	0.0227832	0.0233796	0.012892	0.00503943	0.0233749	0.368577	0.0196092	0.0202156	0.105055	0.155376	0.078802	0.00172803	0.0026876
9	0.0110739	0.0159253	0.00120938	0.00226262	0.0019617	0.00822979	0.0332658	0.00205856	0.269243	0.0113769	0.00906732	0.00656736	0.00212097	0.0123385	0.56796	0.0182195	0.0149619	0.00849353	0.00035067	0.00331299
10	0.00753068	0.00153457	0.00283743	0.00300534	0.000462606	0.0167095	0.0152142	0.00097369	0.69339	0.00278237	0.001279	0.0162946	0.00314305	0.0212966	0.189664	0.00884867	0.00740668	0.00710461	0.000162206	0.000360206
11	0.0132595	0.00730923	0.00200634	0.00310834	0.00254037	0.00511095	0.0266785	0.00423582	0.159014	0.0131441	0.0148948	0.0122708	0.00302069	0.0217182	0.667099	0.0136842	0.015446	0.0108049	0.000532658	0.00412203
12	0.321415	0.27731	0.001539	0.00557471	0.00143992	0.0495541	0.00287925	0.00287752	0.00749864	0.00715957	0.0060575	0.0131256	0.0019308	0.0100266	0.00319333	0.179415	0.0830286	0.0245475	0.000456174	0.000971594
13	0.17133	0.0026179	0.0110537	0.00819333	0.00570618	0.00169006	0.0212392	0.00651462	0.257785	0.0325799	0.00870484	0.0549805	0.00076962	0.0523436	0.179456	0.126598	0.0414201	0.0162355	0.000268392	0.000514445
14	0.0178501	0.0240485	0.00112104	0.0152008	0.0230476	0.0145157	0.0871016	0.00226675	0.281045	0.0161134	0.00162382	0.0100024	0.00152386	0.0652073	0.179359	0.0950248	0.0813682	0.0266606	0.000350937	0.0565689
15	0.047014	0.00497497	0.00373436	0.00499559	0.00382456	0.0641165	0.197732	0.182053	0.0104866	0.0740493	0.00504933	0.00817232	0.0613312	0.104817	0.00743167	0.0987349	0.0144354	0.0724339	0.001595	0.0330186
16	0.0269029	0.00808939	0.0063742	0.00900194	0.00468972	0.0100731	0.0225665	0.00474009	0.118869	0.0124213	0.0124827	0.015671	0.00501814	0.122063	0.495014	0.0535922	0.046774	0.0148385	0.00118193	0.0096364
17	0.39522	0.0059217	0.00942349	0.0221457	0.00244513	0.157541	0.00698262	0.00509147	0.0244189	0.00903118	0.00481755	0.0121544	0.203248	0.0169912	0.0100312	0.0687963	0.0128332	0.029279	0.00113975	0.00248747
18	0.0271675	0.00742239	0.00120059	0.00201596	0.0010805	0.00315641	0.0146844	0.0028736	0.224646	0.0124198	0.0115507	0.00643968	0.00225625	0.00981562	0.61188	0.0122803	0.0401251	0.00767277	0.000425668	0.000886298
19	0.153664	0.195992	0.00196957	0.00252379	0.00289941	0.00268709	0.00321772	0.195523	0.00406668	0.0238791	0.0380703	0.00399839	0.00424248	0.00406589	0.00367909	0.00825502	0.0171881	0.329475	0.000768074	0.00383601
20	0.0150534	0.00650421	0.00194417	0.00390073	0.00222537	0.0523698	0.035429	0.00228661	0.465102	0.00715597	0.0030031	0.0179248	0.00526837	0.0228851	0.292857	0.0312047	0.0193457	0.011127	0.000627414	0.00378517
21	0.337946	0.00137951	0.00115547	0.00166445	0.00105908	0.0018956	0.00266532	0.00216166	0.0259235	0.00624636	0.0015541	0.00433958	0.00232292	0.00341005	0.00217081	0.525463	0.0737128	0.00368784	0.000552806	0.000689306
22	0.00871428	0.00236617	0.00278577	0.00273684	0.494519	0.00377301	0.00748215	0.0127631	0.00484882	0.0244957	0.021123	0.00482241	0.0017602	0.00464925	0.0070656	0.00530452	0.0321214	0.0106809	0.257288	0.0907
23	0.100397	0.00822076	0.00295995	0.0205478	0.00213377	0.0122112	0.0160778	0.0139891	0.0542446	0.0141917	0.00520576	0.0111491	0.552632	0.0297859	0.0112133	0.0455795	0.0418622	0.0553037	0.000729972	0.00156482
24	0.00931617	0.00118003	0.00213673	0.00174849	0.000349336	0.00915936	0.0156762	0.000738079	0.701379	0.00257826	0.00108567	0.0127396	0.00388502	0.0178237	0.197935	0.00558006	0.00692726	0.00942706	0.000101319	0.000234466
25	0.0385292	0.00361962	0.438038	0.229131	0.00777636	0.0164332	0.0119204	0.00551404	0.0314981	0.00841929	0.00381272	0.0639816	0.00967885	0.0236356	0.0106325	0.0357403	0.0368106	0.0176771	0.0010901	0.00606117
26	0.0202055	0.00593672	0.335935	0.00822529	0.00460942	0.0505329	0.00835782	0.00775033	0.0117428	0.0111382	0.00651428	0.267727	0.00542495	0.0101304	0.0424295	0.030174	0.0516264	0.117061	0.00145739	0.00302086
27	0.211713	0.0142344	0.00193145	0.0150758	0.00167551	0.00321267	0.0156091	0.00311171	0.171005	0.00448498	0.00240761	0.0197098	0.264885	0.101653	0.0795444	0.0230103	0.0351057	0.0299539	0.000484423	0.00119314
28	0.0307164	0.010266	0.0422574	0.0160842	0.000604226	0.0198975	0.0145696	0.00113876	0.0585452	0.00536325	0.000725282	0.068429	0.00117742	0.0301329	0.0169083	0.479401	0.197146	0.00578778	0.000189352	0.000659919
29	0.133894	0.00531906	0.0039183	0.0795665	0.00281394	0.0125309	0.0383156	0.0104082	0.197033	0.0662047	0.00736943	0.0628967	0.00749505	0.215608	0.0279119	0.0561524	0.0269196	0.0420353	0.00134869	0.00225798
30	0.0841718	0.00194533	0.00140831	0.0274712	0.001358	0.00768269	0.013168	0.00253951	0.100288	0.0139317	0.00164153	0.00315792	0.635007	0.0355837	0.00361455	0.0546462	0.00546531	0.0053269	0.000621008	0.000970723
31	0.027151	0.134128	0.00292509	0.00379653	0.0027892	0.00380535	0.00517758	0.15991	0.0111021	0.0201233	0.00752719	0.00756672	0.279527	0.00731407	0.00453786	0.00939717	0.00914119	0.3015	0.0010218	0.00155891
32	0.0322038	0.00355821	0.00283625	0.00378528	0.0121988	0.0718419	0.599877	0.00475859	0.073948	0.00953138	0.00322534	0.0166	0.00352858	0.0241073	0.0729706	0.0362327	0.0142843	0.00843427	0.00078431	0.00529369
33	0.0167882	0.0066785	0.00194405	0.010235	0.174533	0.00343174	0.0183529	0.0710737	0.014309	0.411937	0.103082	0.00514429	0.00327446	0.0223991	0.010021	0.0086446	0.0106896	0.0308365	0.0127804	0.0638446
34	0.0270641	0.00377814	0.00740616	0.00341474	0.0045996	0.00728279	0.00586313	0.0124371	0.0113066	0.0080981	0.00181678	0.0162683	0.0079755	0.00715593	0.00743182	0.0860154	0.756715	0.0208767	0.000544503	0.00394926
35	0.465388	0.144723	0.00230648	0.00460491	0.00100435	0.0883127	0.00211725	0.00412708	0.00634484	0.00609365	0.0053424	0.0154078	0.00149668	0.00890705	0.00220985	0.186769	0.0382914	0.0153164	0.000355692	0.000880951
36	0.0485013	0.0069575	0.00158491	0.00722419	0.48915	0.00728813	0.0325895	0.0109779	0.0043568	0.0358428	0.0744954	0.0036971	0.0016942	0.0186989	0.00486709	0.0258356	0.0279467	0.0298228	0.0113356	0.157134
37	0.0191885	0.0258998	0.000962755	0.00275517	0.00222986	0.00130999	0.00215292	0.110262	0.0111589	0.346997	0.332779	0.00184387	0.00850604	0.00214864	0.027621	0.00267709	0.020528	0.0800144	0.000275147	0.000691181
38	0.373161	0.00967967	0.00631482	0.00497243	0.0013884	0.413413	0.00226308	0.00585327	0.00599018	0.00648365	0.00444467	0.00893646	0.0106163	0.00821199	0.0038612	0.0997548	0.00410879	0.029076	0.000442836	0.00102785
39	0.0281711	0.00323712	0.00277848	0.00318976	0.479934	0.00502883	0.0352011	0.00631487	0.00246253	0.00997152	0.00780008	0.00362212	0.000966425	0.0108819	0.00566335	0.0124826	0.0304282	0.0248371	0.0260145	0.301015
40	0.0149671	0.00302037	0.00367568	0.00638336	0.00130821	0.0104337	0.0178548	0.00440166	0.668682	0.00649513	0.00324606	0.0198351	0.00369953	0.0223571	0.171766	0.0132818	0.0147765	0.0118599	0.000267418	0.00168863
41	0.747095	0.00353287	0.002743	0.00178859	0.000890225	0.010682	0.00420509	0.00199353	0.00538941	0.00365329	0.00151187	0.0180162	0.00346963	0.00338366	0.0018627	0.166248	0.0182892	0.00394411	0.000345273	0.000956248
42	0.0138527	0.000346477	0.000822231	0.000633229	0.00173896	0.961623	0.00284385	0.000534506	0.000731369	0.00302776	0.000659885	0.00358679	0.000498509	0.00105367	0.000589359	0.00489173	0.00123953	0.0010244	7.57425e-05	0.00022678
43	0.0816824	0.161376	0.0028795	0.005106	0.00808677	0.00577411	0.00564609	0.182398	0.0131854	0.136955	0.155465	0.0125434	0.0127615	0.0115995	0.0180275	0.0129736	0.0199685	0.148314	0.0018943	0.00336433
44	0.0119787	0.000556851	0.00362901	0.000654391	0.00144087	0.00297578	0.00189243	0.00788405	0.00109263	0.00309794	0.000594836	0.00847965	0.000536082	0.00303105	0.000810631	0.0799571	0.858984	0.0119584	0.00012953	0.000316519
45	0.0507649	0.0166775	0.0200382	0.0162431	0.0214078	0.0259548	0.316616	0.0146698	0.0635374	0.030793	0.0123423	0.0384949	0.0204423	0.0369314	0.0624171	0.0684689	0.127879	0.0298257	0.00170079	0.024795
46	0.0236732	0.0171024	0.000412719	0.00301303	0.00156004	0.000599953	0.000692528	0.30659	0.00236078	0.0087638	0.0120276	0.000874325	0.000539504	0.000983521	0.000919778	0.00422814	0.0448945	0.567907	0.000156472	0.00270098
47	0.0191338	0.0248629	0.000912638	0.00320047	0.00878401	0.00135954	0.00440718	0.124935	0.0126372	0.370319	0.229554	0.00344682	0.00677427	0.0069148	0.0235016	0.00489461	0.0177351	0.134453	0.000351461	0.00182125
48	0.0161732	0.00826619	0.00230396	0.0030879	0.00212486	0.00548659	0.0224446	0.00465372	0.145335	0.0144172	0.0167705	0.0114217	0.00310532	0.0220778	0.676016	0.0162164	0.0169303	0.00883905	0.000588149	0.0037414
49	0.0272467	0.00106623	0.432657	0.344888	0.00940405	0.0153061	0.00562492	0.00396619	0.0230594	0.00224346	0.00102274	0.0362765	0.00820629	0.0189202	0.00154547	0.0188231	0.0376484	0.0081427	0.00038109	0.00357165
50	0.0806731	0.0466403	0.00246456	0.00734722	0.00503701	0.00393152	0.00682098	0.144465	0.0412736	0.126948	0.023584	0.0130853	0.128391	0.0135108	0.0133906	0.0136643	0.0248419	0.300541	0.00113476	0.00225459
51	0.0308647	0.000862435	0.484027	0.302561	0.00514203	0.0085514	0.00784935	0.00284046	0.0285469	0.00166314	0.000851835	0.0436238	0.00655231	0.0156717	0.0014543	0.0161335	0.0281654	0.0087093	0.000331273	0.00559894
52	0.0065932	0.00183285	0.00218546	0.00204883	0.00090497	0.010409	0.0186878	0.000977677	0.533207	0.0029297	0.00419776	0.0125042	0.00310778	0.0296533	0.34354	0.0104183	0.00867987	0.00609887	8.81689e-05	0.00193603
53	0.0854463	0.0103659	0.00332642	0.00407623	0.00315672	0.00418187	0.00851635	0.0292052	0.0210961	0.013004	0.00438425	0.0241638	0.386409	0.00912214	0.0437413	0.052414	0.156965	0.138489	0.000660985	0.00127519
54	0.311996	0.021992	0.00836959	0.00915663	0.00320088	0.411693	0.00582204	0.00765263	0.00969257	0.00873832	0.00595899	0.039004	0.0112698	0.0123327	0.00886201	0.0849031	0.0192564	0.0173602	0.000704967	0.00203464
55	0.23895	0.0123437	0.0067778	0.00697462	0.00257707	0.0149196	0.00753491	0.00865339	0.0840476	0.0340734	0.0103377	0.0196057	0.00448475	0.0189465	0.0294299	0.386871	0.0928246	0.0181267	0.00084273	0.00167876
56	0.0637792	0.00508616	0.00578533	0.0217577	0.00281104	0.00506948	0.012982	0.0113159	0.409971	0.0448441	0.0268978	0.0696173	0.00425442	0.0298855	0.163482	0.0361339	0.0428469	0.0405942	0.000377882	0.00250767
57	0.0838827	0.0142695	0.0018862	0.00671354	0.0314697	0.00225859	0.0178851	0.0880484	0.00491024	0.242823	0.168139	0.0415412	0.0022187	0.0880882	0.00402434	0.0532733	0.0203522	0.125936	0.000700822	0.00158002
58	0.0251223	0.0123696	0.0706436	0.0187196	0.00267841	0.0263416	0.185505	0.00596073	0.0106	0.056596	0.00520238	0.413256	0.0285034	0.0273802	0.00621173	0.0739848	0.0139926	0.0104682	0.00103828	0.00542624
59	0.0340149	0.00635032	0.0116761	0.0162054	0.00301452	0.0572199	0.0241081	0.00424275	0.422861	0.0114508	0.0033975	0.0467051	0.0059129	0.034103	0.153366	0.0992289	0.0427592	0.015766	0.000559986	0.00705773
60	0.0079905	0.00113068	0.00405818	0.00388063	0.000456227	0.0097423	0.0136906	0.000951222	0.680212	0.00432938	0.00223402	0.0268788	0.00293981	0.0232886	0.197673	0.00698615	0.006799	0.00632209	0.000103203	0.000333694
61	0.0920695	0.00199565	0.163058	0.413092	0.00649666	0.0252779	0.00824212	0.00577562	0.0397033	0.0143807	0.00294315	0.0263751	0.0067571	0.120176	0.00621227	0.0201525	0.020506	0.024184	0.00055482	0.00204887
62	0.0317246	0.0114082	0.00063963	0.0138672	0.00203747	0.00108714	0.00120548	0.298633	0.00967863	0.0177382	0.011846	0.00144151	0.00102817	0.00163953	0.00592608	0.011572	0.0406495	0.534997	0.000221334	0.00265861
63	0.0477095	0.0569213	0.00150355	0.00383488	0.0061342	0.00194949	0.00370989	0.12829	0.0112558	0.263969	0.187448	0.0132363	0.0123021	0.0153596	0.0185346	0.00887205	0.0169437	0.200404	0.00049902	0.00112305
64	0.0312496	0.000878769	0.447282	0.343334	0.00614406	0.0105442	0.00593598	0.00317503	0.0262356	0.00167109	0.000845355	0.0394765	0.00753143	0.0176115	0.00118971	0.017857	0.0263895	0.00841072	0.000241837	0.00399621
65	0.215658	0.00263488	0.00223454	0.0197387	0.00186741	0.0248696	0.00962997	0.00348384	0.0550708	0.00948402	0.00246758	0.00537528	0.536209	0.0378803	0.00551716	0.0477492	0.00824584	0.00983112	0.000557374	0.00149526
66	0.277415	0.126129	0.00198102	0.00298035	0.00280024	0.0102703	0.0029778	0.0937178	0.00528343	0.00946904	0.0178698	0.00368498	0.00533434	0.0045362	0.00334726	0.0149337	0.0410526	0.372042	0.00108082	0.00309351
67	0.0118812	0.00055721	0.00361134	0.000661586	0.00142607	0.00296204	0.00192727	0.00782163	0.00115121	0.0030437	0.000595884	0.00840029	0.000533159	0.00303264	0.00083543	0.0804786	0.858801	0.0118288	0.000128547	0.00032233
68	0.00214778	0.000978661	0.00056374	0.00103609	0.000498661	0.000742555	0.000914261	0.712987	0.00103139	0.00364331	0.00136394	0.00109882	0.000700821	0.00127311	0.000988318	0.00165279	0.00259045	0.265233	0.000226053	0.000328527
69	0.00509029	0.00232876	0.000383597	0.000488493	0.0023203	0.000491985	0.000574944	0.427565	0.000776429	0.255714	0.0352753	0.000750336	0.000334474	0.000755011	0.00060221	0.00121013	0.00474966	0.260246	0.000114694	0.000227702
70	0.0289206	0.000774357	0.404905	0.392017	0.00644129	0.0119572	0.00531393	0.00399077	0.023581	0.00176226	0.000757083	0.0382709	0.00920207	0.0154194	0.00107299	0.0204075	0.0240492	0.00754315	0.000203079	0.0034114
71	0.440787	0.213267	0.00228672	0.00430198	0.00184365	0.0198456	0.00374236	0.00498289	0.00615301	0.00658481	0.00909303	0.00847933	0.00245222	0.00681464	0.00411424	0.0543923	0.126629	0.0821312	0.000632846	0.00146562
72	0.143728	0.00586625	0.00357773	0.0209932	0.00228521	0.0124073	0.0144554	0.0108124	0.0545787	0.0111911	0.00324981	0.00959714	0.539061	0.0308186	0.011319	0.0447625	0.0343171	0.0449072	0.000754604	0.00131733
73	0.221742	0.00308911	0.00614625	0.0701091	0.00256889	0.0181894	0.00994485	0.00516382	0.0561194	0.0103379	0.00365859	0.0137275	0.412895	0.0457566	0.0110149	0.0561272	0.0264947	0.021815	0.00321362	0.00188655
74	0.00338444	0.00089489	0.000648565	0.00098219	0.000983957	0.000906078	0.00119532	0.0628106	0.00148252	0.18139	0.692305	0.00145523	0.00134343	0.00145271	0.00173349	0.00208033	0.00265491	0.0415061	0.00030672	0.000483109
75	0.0327931	0.0184978	0.000432233	0.00319764	0.00165508	0.000609801	0.000790016	0.271868	0.00260765	0.00826403	0.0227182	0.00103696	0.00051036	0.00107427	0.00102545	0.00491039	0.0495419	0.573532	0.000154685	0.00478073
76	0.0460816	0.0646427	0.000476475	0.00136178	0.00330743	0.000749914	0.000695683	0.193734	0.001526	0.00547811	0.007434	0.000798259	0.000563921	0.00102791	0.000933788	0.00667137	0.0445278	0.616113	0.000153726	0.00372256
77	0.0798761	0.0744305	0.00206085	0.0029096	0.00414279	0.00318796	0.00464345	0.174347	0.0057226	0.0120153	0.0106001	0.0042045	0.0030348	0.0041206	0.00594918	0.0257257	0.0623079	0.489257	0.000785918	0.030679
78	0.0354135	0.0020128	0.00223689	0.00114122	0.00183167	0.918967	0.00298267	0.00149997	0.00143309	0.00418097	0.00106905	0.00432336	0.00147631	0.00225657	0.00141472	0.0109435	0.00229598	0.00378155	0.000162885	0.00057629
79	0.0483087	0.00642573	0.000800727	0.00482123	0.00939987	0.00108086	0.0012702	0.32868	0.00489492	0.170104	0.0240379	0.0024204	0.00797084	0.00226055	0.00600553	0.00544745	0.00498469	0.370121	0.000258194	0.000707326
80	0.0231262	0.020639	0.000354931	0.00232768	0.00169957	0.000632003	0.000785652	0.198815	0.00195351	0.0153475	0.00777401	0.000943461	0.00113158	0.00114874	0.00118418	0.00395949	0.0421638	0.673757	0.00011612	0.00214129
81	0.0114361	0.000313359	0.000645815	0.000398877	0.00173024	0.967656	0.00281502	0.000522279	0.000635233	0.00291228	0.000606072	0.00331372	0.000445437	0.000804519	0.000544059	0.00317626	0.000902794	0.000853541	7.71534e-05	0.000210943
82	0.0278902	0.00746877	0.00474546	0.00724982	0.296297	0.00584659	0.0440586	0.0116225	0.0137171	0.0197435	0.0180933	0.0194022	0.00309735	0.0164209	0.0239358	0.0415776	0.035276	0.0234237	0.0275944	0.352539
83	0.0647217	0.00422036	0.00176009	0.0504844	0.00436406	0.00267887	0.00345872	0.278084	0.02363	0.0900148	0.0115369	0.00705793	0.0139677	0.0104571	0.0333429	0.0239848	0.0160069	0.358037	0.000561725	0.00162975
84	0.057607	0.000998122	0.0948347	0.279016	0.00079612	0.020935	0.00401172	0.00845219	0.183366	0.00238011	0.00794898	0.0952434	0.0301244	0.1045	0.0236592	0.056328	0.0230485	0.00566607	0.000319178	0.000764321
85	0.0221346	0.00316079	0.0055071	0.00426417	0.00348843	0.00599269	0.00447858	0.0102927	0.0106992	0.00693253	0.00203715	0.0118094	0.00692684	0.00716578	0.00703421	0.0812741	0.785653	0.0180576	0.000524711	0.00256589
86	0.0888705	0.0107883	0.00177248	0.00223421	0.00223357	0.00274097	0.00818868	0.0378503	0.0112037	0.00980363	0.00228487	0.0241271	0.443522	0.00502261	0.019218	0.0437421	0.156243	0.12861	0.000534434	0.00101033
87	0.0186634	0.026167	0.00115745	0.0165838	0.0242155	0.0149008	0.0791829	0.00211885	0.290681	0.0171723	0.00133952	0.00902998	0.00127793	0.0676718	0.169579	0.0957309	0.0781352	0.0279109	0.000308769	0.058173
88	0.0145754	0.000460599	0.000711315	0.000469586	0.00188878	0.960931	0.00279864	0.000725998	0.00113742	0.00295205	0.000639774	0.0034043	0.000505401	0.00110448	0.000979555	0.00404757	0.00107508	0.0012805	7.99727e-05	0.000232461
89	0.0330209	0.0123113	0.0070398	0.00948776	0.0151744	0.0099819	0.0670419	0.0363755	0.0256997	0.369442	0.136165	0.018897	0.113984	0.0242341	0.0195453	0.0225496	0.0304319	0.0379409	0.00276596	0.00791076
90	0.00797042	0.00293585	0.00207756	0.00278965	0.000603317	0.00893841	0.0155127	0.00117733	0.612384	0.00478055	0.0032897	0.0155803	0.00290576	0.0173661	0.275779	0.00776266	0.00909126	0.00816925	0.000129157	0.000757664
91	0.215639	0.0248542	0.00153744	0.00239721	0.00135191	0.0306997	0.00377501	0.0150085	0.00798145	0.0119274	0.00494269	0.0243701	0.0406446	0.0282059	0.0187877	0.264568	0.277481	0.0243387	0.00038352	0.00110627
92	0.00443922	0.00130256	0.00102296	0.00148612	0.0721236	0.0013879	0.020876	0.103902	0.0221471	0.66525	0.0216781	0.00247477	0.00285163	0.0138094	0.0119492	0.00340289	0.00336157	0.0291435	0.000759979	0.0166312
93	0.0490272	0.071179	0.0269403	0.00525237	0.00358718	0.068586	0.00748876	0.00634228	0.161022	0.0362637	0.004125	0.0423299	0.0463734	0.0133026	0.0982315	0.0671345	0.216845	0.0723246	0.000894581	0.00275031
94	0.0275322	0.001758	0.00431948	0.00229904	0.00369015	0.00440353	0.00265828	0.0220555	0.00355543	0.00585291	0.00126408	0.018683	0.00202272	0.00491834	0.00216552	0.0866303	0.78683	0.0185437	0.000231264	0.00058685
95	0.00992921	0.000947668	0.000296081	0.00140937	0.00200878	0.000425235	0.000454701	0.194514	0.000895278	0.0240305	0.00103138	0.000547445	0.0003654	0.000608732	0.000608859	0.00131267	0.00923804	0.750942	0.000107151	0.000327349
96	0.0077123	0.00244534	0.0026378	0.00261983	0.505925	0.00324534	0.00674737	0.00807606	0.0047355	0.0223469	0.0200867	0.00469415	0.00176984	0.00413415	0.00568211	0.00528959	0.0337281	0.00808891	0.269521	0.0805144
97	0.543784	0.0104206	0.00450989	0.00381653	0.00104674	0.0112193	0.00477981	0.00318323	0.0135895	0.00582369	0.00270959	0.017443	0.00511598	0.00728646	0.00353525	0.293649	0.0601046	0.00677073	0.000430678	0.000780779
98	0.10973	0.00277822	0.0440284	0.291841	0.00345174	0.0280936	0.0280567	0.00652292	0.113424	0.0213081	0.00408509	0.0574977	0.00809361	0.185138	0.0118444	0.0319019	0.0340921	0.0155819	0.000719514	0.00181079
99	0.0343416	0.0159081	0.00266733	0.00809387	0.1151	0.00882633	0.138534	0.00514957	0.156205	0.0169827	0.00468886	0.018784	0.00188045	0.0362492	0.0813742	0.0771926	0.0631616	0.0193684	0.00435853	0.191134
100	0.00526046	0.00365553	0.000409851	0.000722699	0.00275329	0.000516528	0.000721023	0.422278	0.00137794	0.260923	0.0471092	0.000810474	0.00062605	0.000916857	0.00194408	0.00148817	0.00633174	0.241697	0.00011648	0.000341639
101	0.161634	0.0111399	0.0585946	0.0393212	0.00213127	0.0787144	0.0117986	0.00326629	0.032298	0.0108507	0.00253801	0.104198	0.0081479	0.0248561	0.0188812	0.310392	0.109908	0.00571179	0.000407105	0.00521092
102	0.0309896	0.00079549	0.477131	0.313866	0.00520241	0.00903344	0.00664285	0.00285484	0.0283989	0.0015897	0.00075532	0.0423683	0.00677649	0.0155271	0.00122982	0.0165603	0.0263314	0.00896642	0.000236643	0.00474348
103	0.0271075	0.000613393	0.336881	0.459821	0.00743737	0.0163105	0.00383814	0.0056077	0.0209786	0.00154263	0.000740491	0.0366473	0.0125118	0.013143	0.00114041	0.0261075	0.0210451	0.00607345	0.000169874	0.00228369
104	0.0748761	0.0766427	0.00359554	0.00473893	0.228788	0.0052365	0.00557073	0.132498	0.00893553	0.174319	0.00820865	0.00818236	0.00473339	0.00893698	0.0084443	0.0167622	0.0569471	0.165564	0.00304606	0.00397387
105	0.0117454	0.00752065	0.00113496	0.00124083	0.000855587	0.00296544	0.0155266	0.00216735	0.250138	0.0248705	0.0180019	0.00553861	0.00161268	0.0108362	0.617613	0.00754395	0.0124717	0.0071438	0.000359446	0.000713586
106	0.0146675	0.0060693	0.00201887	0.00322025	0.00107138	0.0050534	0.0182126	0.00287301	0.253336	0.011183	0.0124267	0.00967316	0.0022769	0.0188971	0.605435	0.0115532	0.013225	0.00760471	0.000357103	0.000845814
107	0.015231	0.0073436	0.00259609	0.00277573	0.00142219	0.00509362	0.0195035	0.00375816	0.158708	0.0120622	0.0155279	0.0096323	0.0051699	0.0225269	0.678105	0.0126687	0.0163366	0.00962403	0.00025557	0.00165905
108	0.0314621	0.0164203	0.00146365	0.0262514	0.33902	0.00414386	0.010064	0.004646	0.00439213	0.0792883	0.216754	0.00386224	0.00225219	0.0304106	0.00344858	0.011172	0.0106996	0.0227521	0.00161701	0.17988
109	0.0120144	0.00619858	0.00345415	0.00605135	0.421595	0.00461162	0.014533	0.0369243	0.00332077	0.021965	0.0127032	0.00930691	0.00145031	0.0065255	0.0126681	0.00722462	0.0463854	0.0325106	0.0491169	0.291441
110	0.00589419	0.000578337	0.00269283	0.00280416	0.000343508	0.0100044	0.0138794	0.000766627	0.736951	0.00162845	0.000966863	0.0171582	0.00299986	0.0226287	0.163904	0.00514125	0.00502496	0.00630155	9.31119e-05	0.000238518
111	0.0505247	0.00715811	0.00375156	0.0552706	0.00343454	0.00624736	0.00767231	0.0139708	0.351958	0.0500112	0.019895	0.0558577	0.0178818	0.0320938	0.111835	0.031001	0.116918	0.0603468	0.000725491	0.00344557
112	0.358249	0.0211793	0.013327	0.0179798	0.00398465	0.0363356	0.0119853	0.00838381	0.0357378	0.0149538	0.0132483	0.0328616	0.020381	0.0676536	0.0240665	0.22448	0.0720051	0.0188022	0.000895043	0.0034904
113	0.0591968	0.00296886	0.00158413	0.00254469	0.466404	0.00908676	0.0507489	0.00458398	0.0039761	0.0141347	0.0168119	0.00464474	0.00136243	0.0204058	0.00464811	0.0255997	0.023879	0.0235472	0.00502576	0.258847
114	0.153178	0.0190053	0.00193725	0.00320496	0.00206715	0.0385211	0.00266768	0.0140561	0.0182152	0.0358072	0.0131594	0.0221196	0.0142603	0.0263761	0.00706898	0.246339	0.334733	0.0457782	0.000403197	0.0011025
115	0.0287315	0.00773218	0.00321123	0.00928127	0.00684889	0.03283	0.0389102	0.00287152	0.408249	0.0134748	0.00336246	0.0485582	0.0035992	0.0468449	0.191668	0.064451	0.0509481	0.0229652	0.00030332	0.0151591
116	0.0337418	0.00246423	0.00177486	0.00267187	0.0529135	0.00288182	0.116351	0.00435422	0.0198562	0.00678747	0.00326195	0.047968	0.0021085	0.0199267	0.0608009	0.124364	0.0272183	0.00652302	0.000694082	0.463338
117	0.345127	0.158412	0.00125354	0.0113411	0.00106856	0.0539455	0.00218216	0.00594341	0.020315	0.0187898	0.0172095	0.021012	0.00304631	0.0122868	0.00281859	0.205585	0.0900108	0.0283134	0.000443958	0.000895673
118	0.0202824	0.00463824	0.187766	0.231575	0.00400695	0.00697192	0.014202	0.0145715	0.0123018	0.0646458	0.00556849	0.0108159	0.00553199	0.188742	0.0539297	0.086481	0.0704571	0.0132624	0.00135263	0.00289614
119	0.00438125	0.00130531	0.0010122	0.00147162	0.0724241	0.00138276	0.0209024	0.103701	0.0220297	0.665824	0.0217587	0.00246416	0.00285123	0.013842	0.0119095	0.00341117	0.00335316	0.0291006	0.000759502	0.0161159
120	0.0807296	0.00123677	0.0871762	0.259406	0.000871353	0.0303077	0.00390032	0.00593011	0.159211	0.00253611	0.00555066	0.127675	0.0189502	0.082539	0.033575	0.0678282	0.0261994	0.00506273	0.000298473	0.0010155
121	0.174097	0.00368634	0.0115931	0.0159363	0.00612911	0.00163818	0.0193515	0.0133105	0.220943	0.0433447	0.0191473	0.0562748	0.00154344	0.0462346	0.216151	0.0855892	0.0447566	0.0191347	0.000387016	0.000751555
122	0.0103269	0.0089661	0.00106117	0.00135666	0.0153812	0.00159681	0.00268756	0.3956	0.00468778	0.264931	0.113682	0.00254087	0.00160405	0.00326176	0.00737472	0.00383765	0.00872167	0.150363	0.000853431	0.0011658
123	0.0596917	0.00322366	0.00193547	0.0496214	0.0014722	0.00291955	0.00422295	0.0429372	0.533322	0.0260028	0.00587334	0.0358005	0.0020293	0.0249022	0.0694653	0.0597878	0.0235313	0.0514962	0.000457564	0.00130782
124	0.0209081	0.00163559	0.00326011	0.0242427	0.00102886	0.00645643	0.00927426	0.0043543	0.563017	0.00845317	0.00763073	0.0868412	0.00226222	0.028435	0.181769	0.016527	0.0223827	0.0100087	0.000452127	0.0010608
125	0.0274257	0.00421633	0.00206342	0.00361721	0.055723	0.00702313	0.153507	0.00417733	0.0545831	0.00921446	0.00316316	0.0452195	0.00217117	0.0243423	0.100577	0.103796	0.0309512	0.00871855	0.000521947	0.358989
126	0.385407	0.245204	0.0018542	0.00454125	0.00106838	0.0856945	0.00206763	0.00341807	0.00606876	0.00590131	0.00498687	0.0141044	0.00153801	0.0096637	0.00241516	0.167505	0.0425679	0.0148364	0.000367119	0.000789752
127	0.0233551	0.014269	0.0504546	0.0127112	0.000850349	0.0160847	0.0227561	0.00136645	0.0648478	0.00525713	0.000920282	0.0586394	0.00121274	0.0417583	0.0169895	0.447981	0.213899	0.00561597	0.00032812	0.000703414
128	0.0438236	0.0648157	0.000475732	0.00132722	0.00362783	0.000675416	0.000686946	0.19281	0.00155432	0.00632435	0.00680969	0.000817633	0.000553985	0.00100904	0.00090367	0.00683667	0.043654	0.619568	0.000152701	0.00357306
129	0.0119178	0.000942988	0.000282974	0.0020338	0.00312823	0.000447146	0.000416215	0.238116	0.00111924	0.0274995	0.00159793	0.000573044	0.000347006	0.000657069	0.000730268	0.00144462	0.00657024	0.701614	0.00010124	0.000460988
130	0.0145022	0.00784796	0.00165635	0.00270567	0.00118738	0.00492924	0.0204901	0.00570101	0.143728	0.0132216	0.0151745	0.00944645	0.00327957	0.0228565	0.690768	0.0127901	0.0162805	0.0112011	0.000419055	0.00181474
131	0.0189227	0.00720662	0.00031004	0.00222212	0.00193502	0.000467117	0.000530382	0.217463	0.00145663	0.0182853	0.00486048	0.000583988	0.000388169	0.000659093	0.000792827	0.00252987	0.0198396	0.700144	0.000129106	0.00127434
132	0.00456513	0.00223781	0.000368148	0.00051151	0.00231672	0.000498747	0.000579023	0.432239	0.000759529	0.257091	0.0361049	0.000731345	0.000344584	0.000744608	0.000628683	0.0011876	0.00484603	0.2539	0.0001109	0.000234449
133	0.377863	0.151322	0.00229337	0.00309773	0.00236843	0.00406169	0.00337127	0.0460663	0.00496263	0.00771863	0.0216858	0.00432412	0.00272134	0.00479901	0.00399448	0.00982687	0.0465226	0.299281	0.00050862	0.00321061
134	0.0298886	0.00643018	0.0354868	0.0220091	0.00774436	0.0194979	0.244518	0.00956175	0.0262879	0.0152215	0.00845321	0.132618	0.00704863	0.291019	0.0412009	0.0541264	0.0297542	0.0122256	0.00115494	0.00575319
135	0.021408	0.00384419	0.0234216	0.00802261	0.000748057	0.0108107	0.00690136	0.00457233	0.0164446	0.00439353	0.000747936	0.0278268	0.00153068	0.0110085	0.00576779	0.190384	0.653066	0.0084265	0.00015398	0.000520458
136	0.00658003	0.00225507	0.00115013	0.00197938	0.062372	0.00200347	0.0401277	0.12133	0.0321544	0.594606	0.0270385	0.00267862	0.00305399	0.0285094	0.02283	0.00497048	0.00466079	0.0299276	0.000954849	0.0108178
137	0.0822055	0.0103825	0.00490777	0.00523523	0.00309349	0.186536	0.00984358	0.00592355	0.233734	0.0352128	0.00485914	0.0384643	0.0088441	0.054795	0.148016	0.0521428	0.0744093	0.0376623	0.000780071	0.00295328
138	0.0498259	0.0100823	0.0033896	0.139564	0.00700022	0.0037771	0.00888383	0.106439	0.0149794	0.110443	0.0675296	0.0512856	0.0111217	0.16423	0.0125545	0.0416546	0.0292808	0.164834	0.000881787	0.002242
139	0.0112805	0.00221442	0.00266629	0.00442906	0.000949771	0.00925338	0.0161664	0.00168538	0.671998	0.0041424	0.00231762	0.0168524	0.00353022	0.0226153	0.200268	0.00973977	0.00906906	0.00918291	0.000172527	0.001466
140	0.0120057	0.00307075	0.00253786	0.00363769	0.000804145	0.00939296	0.0173687	0.00165253	0.612524	0.0057907	0.0033318	0.0170793	0.00427367	0.0200796	0.254404	0.0103787	0.0104908	0.0095828	0.000308779	0.00128578
141	0.803629	0.00466866	0.00219104	0.00109152	0.000698346	0.0142267	0.00429664	0.00201032	0.00193056	0.00238942	0.00116662	0.0217726	0.002855	0.00304081	0.00158112	0.11877	0.00818552	0.004131	0.000299569	0.00106624
142	0.0396877	0.0101976	0.202801	0.187136	0.00370663	0.0278606	0.0804056	0.00640248	0.032093	0.014871	0.00669343	0.227437	0.0105846	0.0452688	0.00954595	0.0482901	0.0280838	0.0125422	0.00078276	0.00561035
143	0.00454218	0.00225522	0.000363582	0.000474499	0.00226963	0.000500677	0.000582929	0.433271	0.000760101	0.255717	0.0358435	0.000719975	0.000335604	0.000745756	0.000597924	0.0011849	0.00481863	0.254678	0.000106278	0.000233444
144	0.0942262	0.0155736	0.00187419	0.00750479	0.0348859	0.00258325	0.0158273	0.0868542	0.00528924	0.225031	0.176933	0.0480087	0.00216512	0.0863065	0.00419563	0.051953	0.0188402	0.119681	0.000738779	0.00152882
145	0.0622263	0.00300101	0.20465	0.395914	0.00734589	0.0167164	0.00810405	0.0105653	0.0484079	0.0122111	0.00661432	0.0413803	0.0168075	0.0680977	0.0102872	0.0331301	0.0311799	0.0190605	0.00108228	0.00321811
146	0.00214778	0.000978661	0.00056374	0.00103609	0.000498661	0.000742555	0.000914261	0.712987	0.00103139	0.00364331	0.00136394	0.00109882	0.000700821	0.00127311	0.000988318	0.00165279	0.00259045	0.265233	0.000226053	0.000328527
147	0.062302	0.0121074	0.0294248	0.0633602	0.0144601	0.0163084	0.0555952	0.0200127	0.0649915	0.0303316	0.0154217	0.0485463	0.0225616	0.323166	0.0553445	0.0672116	0.0486174	0.0336896	0.00387347	0.012674
148	0.011259	0.000838577	0.000291666	0.00168312	0.00280011	0.000450135	0.000473574	0.235531	0.000972061	0.0468584	0.00166861	0.000602973	0.000334304	0.000701496	0.000615014	0.00135289	0.00578487	0.687287	9.28229e-05	0.000402951
149	0.0497802	0.0141923	0.0722451	0.0516975	0.00800764	0.0349255	0.047146	0.0129644	0.0498529	0.0277071	0.0133922	0.353816	0.0152236	0.0406789	0.0429118	0.0753825	0.0501381	0.0285099	0.00242213	0.00900676
150	0.0147124	0.000440121	0.000986495	0.000432126	0.00213008	0.957371	0.00328236	0.000603759	0.000861628	0.00296096	0.000606745	0.00478061	0.000934907	0.000995494	0.00117207	0.00453749	0.00132793	0.00144497	7.88321e-05	0.000339648
151	0.0153983	0.0011177	0.000812614	0.000572875	0.00174703	0.958895	0.00288295	0.000578034	0.00064518	0.00317451	0.000827885	0.00371726	0.000446112	0.00114267	0.000552689	0.00496815	0.000983479	0.00124123	8.13508e-05	0.000215155
152	0.0329718	0.00998815	0.0514968	0.019582	0.000686912	0.02002	0.0127832	0.00116962	0.0463927	0.00629467	0.000890827	0.0885601	0.00174462	0.0270217	0.0128576	0.459638	0.202029	0.00489322	0.000183847	0.000795676
153	0.0342055	0.0184911	0.000508292	0.00371989	0.0013128	0.000787215	0.00104689	0.294015	0.00307514	0.00530272	0.0220954	0.00120689	0.000652523	0.00123138	0.00120201	0.00528909	0.0617853	0.539675	0.000202006	0.00419545
154	0.518857	0.00214876	0.015499	0.0438381	0.00145943	0.0488881	0.00242552	0.00299596	0.0405014	0.00442691	0.00249114	0.0158864	0.107199	0.00441113	0.0156647	0.120972	0.00560935	0.0447488	0.000652104	0.00132521
155	0.123718	0.00127194	0.1503	0.457292	0.00727981	0.0134722	0.00440703	0.00251296	0.0261753	0.0153452	0.00134176	0.00449264	0.00144396	0.157298	0.00201206	0.00490491	0.0119759	0.0136618	0.000348252	0.000746054
156	0.0204524	0.00289807	0.00484637	0.0074093	0.00149129	0.0100198	0.0156609	0.00375662	0.658153	0.00646634	0.00279243	0.0199855	0.00812789	0.0247447	0.166578	0.0176104	0.0140418	0.0128437	0.000276468	0.00184441
157	0.00943777	0.00104932	0.000355909	0.00127542	0.00244267	0.000495472	0.000530144	0.255107	0.000937868	0.0768497	0.00887916	0.000600493	0.000717061	0.000648071	0.000666207	0.00134285	0.00783953	0.630384	0.000110414	0.00033096
158	0.0419363	0.000707718	0.434345	0.321394	0.00467591	0.00937074	0.00552661	0.00290015	0.0366456	0.001571	0.0010587	0.0493473	0.00781628	0.022519	0.00263194	0.0204878	0.0253405	0.00768499	0.000196233	0.00384482
159	0.00385069	0.00287226	0.00402375	0.0029419	0.503419	0.00135231	0.00996596	0.00710447	0.00189454	0.0127286	0.00488667	0.0034381	0.000745265	0.00171139	0.00775876	0.00261146	0.0348576	0.0142347	0.113798	0.265804
160	0.694714	0.0459454	0.00164549	0.00212029	0.00131557	0.138445	0.0024586	0.037881	0.00302185	0.0030365	0.00171513	0.00426033	0.00203125	0.00276659	0.0024976	0.0156425	0.00459752	0.0345943	0.000470724	0.000840337
161	0.0199069	0.0278953	0.00136742	0.0176386	0.0250165	0.0120192	0.0752385	0.00224679	0.317793	0.0215184	0.00147372	0.00785427	0.00136548	0.0653121	0.145564	0.0879952	0.074314	0.0304317	0.000333745	0.0647147
162	0.140001	0.00277089	0.00288868	0.201936	0.0024611	0.00339881	0.00442539	0.00469821	0.00641154	0.0061596	0.00370726	0.04374	0.155624	0.183255	0.00543588	0.0600341	0.143316	0.00836584	0.0193121	0.0020584
163	0.0124731	0.000866954	0.000276859	0.00202368	0.00335171	0.000449208	0.000427664	0.242921	0.00113206	0.0280199	0.00186791	0.000599714	0.000320679	0.00066575	0.000754143	0.00140881	0.00586167	0.696008	0.000101476	0.000469733
164	0.121857	0.00508809	0.089139	0.0559638	0.00101156	0.049299	0.00681682	0.00176717	0.0525061	0.0188071	0.00137545	0.0571084	0.0355249	0.0253232	0.0297469	0.313408	0.129242	0.00354808	0.000300767	0.00216657
165	0.0126369	0.000957182	0.000279578	0.00198881	0.00331587	0.000457152	0.000428317	0.242693	0.00111231	0.0279134	0.0019809	0.000600351	0.000321033	0.000655202	0.000739364	0.00140566	0.00586338	0.69606	0.000103142	0.000487731
166	0.0907544	0.00336281	0.20771	0.0527814	0.00112002	0.0675706	0.00475634	0.00196834	0.0742668	0.00907276	0.00158841	0.0682877	0.00858575	0.0138627	0.0236756	0.264197	0.100816	0.00359741	0.000321342	0.00170461
167	0.0660547	0.0104226	0.0555789	0.0340262	0.000597933	0.0396334	0.0138741	0.00100106	0.0427251	0.00901569	0.000707215	0.0851489	0.00451553	0.0370942	0.0154575	0.415886	0.162683	0.0034698	0.000142001	0.00196523
168	0.00998566	0.00101439	0.00029417	0.00140934	0.00199823	0.00042317	0.000455363	0.194511	0.000898016	0.0239732	0.00106836	0.000547265	0.00036589	0.000607399	0.000609365	0.00132987	0.00935783	0.750698	0.000109991	0.00034441
169	0.0326826	0.0139535	0.00457764	0.0076549	0.356583	0.00741815	0.0150354	0.0977299	0.00985511	0.0918512	0.0291018	0.0112082	0.00624727	0.0142729	0.0173753	0.0160433	0.0376632	0.0599574	0.0457242	0.125065
170	0.127981	0.0143734	0.0467483	0.0624097	0.00121974	0.104546	0.0241659	0.00267428	0.035546	0.00886048	0.00241078	0.0851094	0.00662742	0.0439032	0.0246702	0.29228	0.100968	0.00425392	0.000374848	0.0108782
171	0.107183	0.00656215	0.00360482	0.0610962	0.00188764	0.00393655	0.00755771	0.00397756	0.176393	0.0127475	0.00709102	0.0268166	0.199605	0.176393	0.0516391	0.0290783	0.0436891	0.0787723	0.000681057	0.00128855
172	0.0164276	0.0106456	0.204895	0.0185268	0.0025414	0.0596596	0.0404761	0.00397772	0.00542345	0.0118045	0.0030463	0.481333	0.00697724	0.0207013	0.00967875	0.0630085	0.0155888	0.022359	0.000940998	0.00198763
173	0.124925	0.0047005	0.120296	0.381906	0.00806318	0.0173982	0.0068088	0.0119983	0.0433215	0.0172402	0.00549985	0.027656	0.0262307	0.0981286	0.0110685	0.0326442	0.030476	0.0272824	0.0015056	0.00285046
174	0.0635315	0.0460356	0.0026942	0.00930266	0.0140693	0.00374619	0.010304	0.0605357	0.0064687	0.203761	0.178025	0.10924	0.00375217	0.102364	0.00543384	0.0284653	0.0143355	0.135213	0.000894656	0.00182819
175	0.0132134	0.00892809	0.000491822	0.00135401	0.00378863	0.000654637	0.000744503	0.430893	0.00185245	0.202773	0.0291646	0.00114329	0.00285788	0.00116006	0.00150112	0.00210994	0.00524692	0.291626	0.000175624	0.000321127
176	0.0387923	0.00304987	0.436965	0.230706	0.00638835	0.0168214	0.0157201	0.00616768	0.031221	0.00857134	0.00437152	0.06514	0.0069856	0.0283103	0.00847916	0.0337208	0.0339476	0.0174881	0.000888104	0.00626559
177	0.0392863	0.0736741	0.000514452	0.0013811	0.00293484	0.000693574	0.000693585	0.19548	0.00167864	0.00624435	0.00684558	0.000941602	0.000605893	0.00114366	0.00101466	0.00626456	0.0585696	0.598337	0.000134466	0.00356168
178	0.102052	0.169791	0.00217377	0.00296119	0.00768908	0.00255931	0.00396121	0.233062	0.008164	0.106614	0.0747629	0.00646715	0.00843594	0.00608926	0.00784391	0.00733673	0.0146254	0.232553	0.000761785	0.00209594
179	0.338993	0.0101976	0.00685484	0.00235288	0.00141514	0.446925	0.00221184	0.00290908	0.00348991	0.00740997	0.00588525	0.00962509	0.00373082	0.00998395	0.00288212	0.119595	0.00494824	0.0191353	0.000403812	0.00105178
180	0.0308829	0.0197415	0.000384164	0.0026262	0.00237169	0.000562472	0.000694089	0.224156	0.00215727	0.0167585	0.00857314	0.000853497	0.00175584	0.00100841	0.00131729	0.00409649	0.0283214	0.651424	0.000167943	0.00214785
181	0.0221956	0.00261897	0.0122954	0.0052809	0.00192448	0.00805185	0.00543616	0.00765349	0.0104979	0.00482431	0.000895942	0.0277169	0.00211449	0.00878617	0.00474219	0.15357	0.708793	0.0118014	0.00023926	0.000561078
182	0.00772471	0.00547192	0.00174829	0.00171417	0.000468832	0.00750722	0.0218746	0.00139344	0.552938	0.00528448	0.00378647	0.0100873	0.00262892	0.0142603	0.340504	0.00639705	0.00655862	0.00913773	0.000163517	0.000349818
183	0.0135753	0.000318311	0.00075952	0.000441575	0.00172768	0.964043	0.00276285	0.000537842	0.000641847	0.00291762	0.000644101	0.00336802	0.00048752	0.000840416	0.000552057	0.0041019	0.000936535	0.00106003	7.04048e-05	0.000213268
184	0.00700146	0.002184	0.00242848	0.00225467	0.00061497	0.00929305	0.0878851	0.00124912	0.678786	0.00235716	0.0012142	0.0130333	0.00334849	0.0184154	0.150625	0.00654596	0.00546765	0.00659264	0.000220129	0.00048337
185	0.016566	0.0006265	0.00446259	0.00162668	0.0021691	0.945332	0.0032923	0.000642335	0.00154131	0.00334936	0.000897202	0.00505919	0.000750618	0.00144075	0.000912875	0.00581104	0.00245247	0.00237812	0.000282554	0.000406573
186	0.00859326	0.00787698	0.00348721	0.00842177	0.444855	0.0021564	0.0129172	0.0139604	0.00256817	0.00732891	0.00198257	0.0102627	0.000995301	0.00380344	0.0070075	0.00485542	0.0448518	0.0377473	0.0339378	0.342391
187	0.0970695	0.00287011	0.0523795	0.192816	0.00123881	0.0212641	0.00894408	0.00628087	0.163088	0.0110783	0.00605366	0.130157	0.0160078	0.136322	0.0383845	0.0709924	0.0337098	0.00984002	0.000396819	0.00110677
188	0.0193947	0.000670913	0.000810482	0.00080113	0.00178237	0.950209	0.00279712	0.000858812	0.00120341	0.00375465	0.00100264	0.00369079	0.000650021	0.00145455	0.00121403	0.00615592	0.00151423	0.00157988	0.000223939	0.000231815
