314	20
1	0.0237257	0.000882285	0.065638	0.0612511	0.0549247	0.083736	0.0522849	0.00275019	0.227286	0.0699528	0.044378	0.0304566	0.00137686	0.073536	0.110782	0.0107144	0.0199136	0.00307565	0.000452153	0.0628827
2	0.00801788	0.0023333	0.00241877	0.00232312	0.136919	0.00253018	0.00159177	0.302283	0.002584	0.243369	0.0224144	0.00234425	0.00161931	0.00333256	0.00357979	0.00429684	0.00870848	0.243751	0.00070862	0.00487602
3	0.0213626	0.0216545	0.00436292	0.00556297	0.0349554	0.0124968	0.0216924	0.118477	0.00628045	0.0215106	0.106769	0.038026	0.00254391	0.00933157	0.0379179	0.0427654	0.210282	0.275347	0.000967626	0.00769451
4	0.0193954	0.00586273	0.772078	0.0654287	0.0008418	0.00657904	0.0305581	0.0049821	0.00938817	0.00174244	0.00145381	0.043194	0.00511195	0.00590712	0.008667	0.00956675	0.00321463	0.00497725	0.000261595	0.000789765
5	0.0409703	0.0291223	0.00564841	0.00771832	0.00917459	0.00808267	0.00559503	0.0580424	0.00898381	0.247677	0.0126247	0.0355556	0.00438217	0.0556616	0.00684997	0.0152134	0.191318	0.251389	0.00165814	0.00433308
6	0.0827425	0.0125287	0.00234781	0.0117755	0.00232735	0.00292813	0.00234856	0.13437	0.00339344	0.00483705	0.0152617	0.0150674	0.00214488	0.00300718	0.00358823	0.18684	0.328242	0.183397	0.000607793	0.00224591
7	0.015207	0.00228511	0.00118032	0.00308826	0.420425	0.00159522	0.00340685	0.0474283	0.00272466	0.235136	0.0587886	0.00215929	0.0195708	0.00274953	0.00126299	0.00908269	0.00679729	0.0356764	0.00554969	0.125886
8	0.0190253	0.0049413	0.0120291	0.0184877	0.00287335	0.00937195	0.0125285	0.0209195	0.150833	0.0272025	0.0170444	0.0149192	0.00551703	0.0311743	0.550702	0.022712	0.0210884	0.0280717	0.0146109	0.0159483
9	0.0218602	0.00564079	0.74906	0.0555219	0.000974016	0.0103274	0.0294135	0.00620619	0.0122971	0.0034956	0.00311634	0.0468559	0.00535112	0.0118463	0.0119366	0.0128319	0.00537417	0.00588317	0.000215862	0.00179231
10	0.0609864	0.000732696	0.0119222	0.00382899	0.000847642	0.819708	0.000965598	0.00426658	0.00173514	0.00824444	0.0107306	0.00220711	0.00650934	0.0103229	0.006651	0.0261348	0.0164493	0.00282078	0.00027893	0.00465761
11	0.0210382	0.00278071	0.00557543	0.00836448	0.00462626	0.00586473	0.334876	0.0334706	0.00556331	0.0278406	0.00625265	0.0848886	0.0342614	0.300531	0.00700254	0.0330994	0.0094979	0.0321181	0.0390115	0.00333649
12	0.0431958	0.00522662	0.0589033	0.198283	0.00959314	0.0197097	0.0225944	0.0279304	0.0360395	0.0263318	0.0208674	0.0228841	0.00884611	0.36427	0.034356	0.0302688	0.0302264	0.0245179	0.00794832	0.00800676
13	0.128956	0.287741	0.0128528	0.00584764	0.0081016	0.00868554	0.00212484	0.00638294	0.00369319	0.0264451	0.00562444	0.00877743	0.00490179	0.00428181	0.00371019	0.356873	0.0645856	0.0522016	0.000891737	0.0073213
14	0.102654	0.00468876	0.00588829	0.0145412	0.0442891	0.00857963	0.00768071	0.167188	0.0781536	0.269043	0.0231662	0.00983558	0.0055898	0.0492635	0.01168	0.102631	0.0223132	0.0219508	0.0363139	0.0145503
15	0.0407466	0.00822272	0.000601125	0.00273129	0.138706	0.0077145	0.00506641	0.0783789	0.00258985	0.514047	0.0992883	0.00124745	0.00126414	0.00198947	0.000652352	0.00511405	0.00751224	0.0580636	0.0144789	0.0115849
16	0.281346	0.00703418	0.0159808	0.060335	0.00760638	0.0244353	0.00931648	0.0223199	0.181707	0.0974793	0.0474378	0.0151134	0.0107019	0.0448515	0.0635606	0.0390103	0.0280883	0.0301019	0.00229712	0.0112764
17	0.0441068	0.0145691	0.00886928	0.0132336	0.119322	0.00891701	0.0112152	0.0931532	0.0584261	0.0999969	0.0996259	0.0115129	0.00453963	0.0371429	0.0202133	0.0220752	0.114903	0.115152	0.00247835	0.100547
18	0.038804	0.00454363	0.0342652	0.115596	0.00803327	0.058951	0.0102447	0.0317678	0.0871333	0.0306021	0.0198638	0.0178555	0.00953514	0.123143	0.244211	0.0305928	0.0247623	0.0663362	0.0338008	0.00995808
19	0.0159582	0.00533532	0.00140424	0.00367692	0.0476565	0.00323928	0.00277468	0.115971	0.00331245	0.453543	0.185324	0.00258904	0.0133852	0.00603292	0.00185533	0.00939915	0.00899203	0.104726	0.00453895	0.0102856
20	0.0458683	0.00476348	0.0115392	0.020821	0.00178858	0.0151503	0.00483464	0.00311587	0.179728	0.00713479	0.00681037	0.0128467	0.0539401	0.0065105	0.295283	0.168812	0.151346	0.00733918	0.00051662	0.00185084
21	0.0450043	0.0121479	0.00442819	0.00783696	0.0501694	0.0137605	0.016327	0.203545	0.0460544	0.157512	0.0854737	0.00819038	0.00154764	0.0597974	0.0126786	0.0310616	0.0951945	0.0675173	0.00185209	0.0799012
22	0.057787	0.000626537	0.185368	0.491523	0.000934184	0.0121881	0.0084041	0.00493175	0.0541702	0.00484762	0.00375434	0.0306257	0.00679216	0.0445195	0.0201633	0.0475753	0.0195091	0.00565729	0.000189108	0.00043444
23	0.00848942	0.00238463	0.517738	0.054821	0.00291427	0.00340944	0.0402874	0.00560817	0.00407723	0.0234146	0.0478175	0.0219738	0.00235525	0.216329	0.00459554	0.00729455	0.0259899	0.00683555	0.000712691	0.00295288
24	0.0178398	0.0109891	0.000662611	0.000814191	0.052584	0.0115728	0.0058878	0.308298	0.00232802	0.336769	0.131486	0.00380015	0.000650396	0.00168751	0.00106896	0.00876156	0.00390382	0.0887939	0.00465742	0.00744484
25	0.0731215	0.00192509	0.0562114	0.153161	0.00235401	0.00364555	0.00272272	0.141336	0.0264876	0.263541	0.00474024	0.00503498	0.00256893	0.0127973	0.0418662	0.00872185	0.0365131	0.157004	0.000843304	0.00540455
26	0.139931	0.000649337	0.0920156	0.216827	0.00153546	0.0321536	0.00391812	0.00343672	0.174436	0.0218544	0.010716	0.0218138	0.0556653	0.0740561	0.0911197	0.0357461	0.0134152	0.00853309	0.000320953	0.0018552
27	0.0919384	0.0258739	0.000617163	0.000786191	0.0148269	0.000904987	0.000522408	0.384274	0.003686	0.0620775	0.0227396	0.000801782	0.00861275	0.00417831	0.00157618	0.00504554	0.00283039	0.351419	0.000183612	0.0171058
28	0.446257	0.0590511	0.00186507	0.0112669	0.00171064	0.0124332	0.00189309	0.169458	0.00267314	0.149324	0.00298325	0.00258911	0.00195732	0.00250387	0.00286279	0.0113412	0.035602	0.0674877	0.00781051	0.00893032
29	0.139005	0.000624489	0.0425073	0.122139	0.00759461	0.00710769	0.0121572	0.0526935	0.129228	0.0956881	0.0312719	0.00666277	0.000815721	0.0699194	0.0653544	0.0280631	0.126448	0.0562331	0.000424545	0.00606308
30	0.0139783	0.00590127	0.000582325	0.00343733	0.0689546	0.00387825	0.00378525	0.187187	0.00312841	0.427614	0.172153	0.00253441	0.00125358	0.00455684	0.000755554	0.00696071	0.0052423	0.0658223	0.00579703	0.0164764
31	0.0919551	0.00643416	0.433793	0.0951928	0.00280506	0.00750782	0.00333553	0.0544063	0.0476431	0.0316392	0.00598546	0.0306156	0.00529263	0.0198559	0.0491421	0.0107948	0.0179655	0.0789418	0.00124735	0.00544703
32	0.133529	0.000367948	0.0823532	0.265487	0.00064022	0.010914	0.00382709	0.000919952	0.192169	0.00987215	0.00949073	0.0333716	0.00536158	0.107391	0.0788403	0.0400749	0.0199933	0.00473874	0.000130438	0.000528286
33	0.376904	0.074257	0.000837631	0.000915442	0.000647636	0.00889196	0.000647597	0.110745	0.000947744	0.0215672	0.0257335	0.000902636	0.00822165	0.000933831	0.000948446	0.0280912	0.0206178	0.317376	0.000204491	0.000608605
34	0.0151866	0.00390495	0.0200438	0.0177482	0.00497824	0.431151	0.0205004	0.00792163	0.0949896	0.0107203	0.00857742	0.228745	0.00408481	0.0172864	0.0258425	0.0395817	0.032985	0.00944059	0.00162404	0.00468801
35	0.00454783	0.000903455	0.00161573	0.00360048	0.603005	0.00162645	0.00400355	0.037367	0.00220015	0.0205207	0.0132532	0.00233875	0.0216562	0.00223818	0.00192029	0.0107472	0.0062566	0.0168996	0.00193931	0.24336
36	0.0606312	0.00187553	0.0169547	0.0491469	0.102122	0.0175957	0.174305	0.00485696	0.0336136	0.0074251	0.0054547	0.0547087	0.00219597	0.0180921	0.0229297	0.00712861	0.00785923	0.00623673	0.0651089	0.341758
37	0.518329	0.00114412	0.00139705	0.0025448	0.00126071	0.0767098	0.00114295	0.00360024	0.00182779	0.00838334	0.00942438	0.00257204	0.00427807	0.00208119	0.0198073	0.314057	0.0218172	0.00825773	0.000294023	0.00107178
38	0.0156892	0.00510526	0.000588491	0.000864508	0.0410184	0.00284428	0.00438814	0.231045	0.00259556	0.332416	0.149743	0.00299816	0.0012821	0.00286406	0.00120551	0.00426375	0.00640492	0.186885	0.000835475	0.00696333
39	0.0497914	0.00175799	0.196227	0.476687	0.0027877	0.0118458	0.0128315	0.00716528	0.0412695	0.0102296	0.00604605	0.0344395	0.00650418	0.0528719	0.0214654	0.0366713	0.0209327	0.00892397	0.000236469	0.00131595
40	0.135506	0.0400105	0.00149767	0.00231894	0.0461073	0.00270905	0.00161306	0.0428747	0.00352116	0.0884779	0.121685	0.00279004	0.00152921	0.00218698	0.00236917	0.016914	0.0804513	0.39663	0.00052201	0.0102867
41	0.151136	0.00881252	0.0124958	0.0264589	0.0276662	0.0247223	0.0145003	0.0296811	0.0186667	0.0947788	0.095105	0.122287	0.0107558	0.0219875	0.0213081	0.0393705	0.097452	0.0342262	0.128712	0.0198772
42	0.0828133	0.00214337	0.015046	0.00546866	0.0016584	0.744171	0.00126838	0.00593631	0.00271621	0.0097603	0.00769569	0.0032784	0.00804419	0.0141396	0.0101613	0.0424432	0.0295519	0.0083721	0.000554324	0.00477768
43	0.0630938	0.0037765	0.018133	0.00807808	0.00255523	0.70652	0.00247503	0.00878268	0.00438792	0.0123959	0.00865352	0.0054066	0.0279621	0.0174065	0.0108757	0.0557209	0.0294971	0.00691174	0.000964395	0.00640362
44	0.469579	0.0228812	0.00370948	0.00413112	0.00524779	0.146144	0.00136705	0.00784936	0.00245199	0.0047856	0.00631975	0.00865589	0.00487407	0.00543075	0.00354474	0.163777	0.0602234	0.075966	0.00069877	0.00236332
45	0.0311496	0.0109232	0.0167111	0.0392295	0.0156783	0.0124881	0.0635783	0.123987	0.0184494	0.055034	0.0289909	0.0234513	0.00852426	0.0896642	0.0210667	0.0268951	0.192273	0.202241	0.0030873	0.016577
46	0.0049967	0.000962105	0.00173791	0.00318248	0.604654	0.00168528	0.00299522	0.0396459	0.00236356	0.0210521	0.0155939	0.00245645	0.0262015	0.00238999	0.00207612	0.0122431	0.0058735	0.0205202	0.00255216	0.226818
47	0.0802018	0.00293986	0.370151	0.153246	0.00590799	0.0685235	0.00815418	0.0125681	0.035129	0.0203318	0.0106373	0.0477446	0.0134233	0.0277506	0.0431906	0.0314579	0.0246221	0.0135317	0.0016234	0.0288648
48	0.257601	0.00214494	0.00275663	0.00428169	0.00259925	0.0174091	0.00230944	0.0197098	0.00377604	0.00498641	0.0181572	0.00384905	0.0044154	0.0330566	0.00348299	0.321192	0.0987252	0.196259	0.000993685	0.00229425
49	0.370897	0.146025	0.0201534	0.00797502	0.00220356	0.0300581	0.0018845	0.0220545	0.00276228	0.0188915	0.0182637	0.0135372	0.0275925	0.00447252	0.00241847	0.154018	0.0683008	0.0826931	0.00077138	0.00502795
50	0.0130867	0.0091795	0.000682624	0.00097647	0.0354244	0.00412301	0.00873768	0.261446	0.00492428	0.30073	0.191255	0.00779262	0.00135907	0.0031694	0.00133392	0.0108211	0.00625957	0.132549	0.00120029	0.00495044
51	0.0372936	0.00304798	0.0103492	0.020391	0.00503499	0.00673583	0.017181	0.0165407	0.18953	0.128301	0.0375925	0.0110527	0.00777115	0.0353993	0.372466	0.023994	0.0475858	0.0179	0.00276589	0.00906704
52	0.0125197	0.00158481	0.00209065	0.0149675	0.285949	0.00224997	0.0206004	0.0111298	0.00226539	0.0322024	0.00803406	0.00789619	0.00425793	0.00292018	0.00463885	0.00873688	0.0175859	0.0070864	0.0329	0.520383
53	0.065786	0.0285882	0.0070149	0.00889025	0.197454	0.00608622	0.0604074	0.039351	0.013581	0.2382	0.0518931	0.0155848	0.00356916	0.0136969	0.0162511	0.014916	0.0476555	0.0447004	0.0049081	0.121466
54	0.0179754	0.00169643	0.10845	0.0406011	0.0443894	0.101538	0.052304	0.0036665	0.217169	0.0455381	0.0302228	0.0601996	0.00243508	0.0645838	0.123749	0.0136225	0.0171203	0.00505194	0.000914821	0.0487719
55	0.0512496	0.00111076	0.15159	0.546838	0.00223201	0.00872665	0.00608408	0.00708477	0.043047	0.0133915	0.00930512	0.0175237	0.00483148	0.0575957	0.0297576	0.0257676	0.013922	0.00867658	0.000173084	0.00109309
56	0.0512835	0.0225894	0.333438	0.0282138	0.00384371	0.00717165	0.0195647	0.0132681	0.047458	0.00732887	0.00503542	0.319711	0.00335173	0.0143041	0.00570472	0.0966093	0.011723	0.00565485	0.00101508	0.00273144
57	0.0632122	0.00269986	0.0149059	0.0282023	0.0055172	0.00868452	0.00767614	0.0233921	0.0185339	0.0192277	0.00799585	0.0100457	0.659239	0.00897359	0.00882059	0.0591707	0.0299808	0.0180839	0.000544747	0.00509313
58	0.0384224	0.00489035	0.00683379	0.0146481	0.350642	0.00888771	0.012137	0.0157685	0.0086894	0.0234869	0.0367761	0.076823	0.00717162	0.00966538	0.00994977	0.0210908	0.0167003	0.0285915	0.156615	0.15221
59	0.0481804	0.000647554	0.15136	0.579013	0.00185371	0.00611475	0.00514202	0.00711748	0.0376532	0.0139252	0.0109823	0.0140093	0.00230673	0.058976	0.02261	0.0207295	0.0102812	0.00852896	0.000150097	0.00041836
60	0.0861026	0.00191384	0.0290109	0.0900438	0.00709863	0.0245824	0.0143708	0.0139874	0.199211	0.0134602	0.0172119	0.0514157	0.00768995	0.0907799	0.186717	0.102563	0.0403667	0.0126329	0.00106149	0.00978059
61	0.0970012	0.0198046	0.00238962	0.00581293	0.0152444	0.00416818	0.00127744	0.325676	0.00406564	0.110669	0.0260276	0.00469758	0.0280848	0.00375837	0.00262596	0.0100042	0.02148	0.302113	0.000675129	0.0144241
62	0.0186685	0.00258923	0.0292946	0.023097	0.00119221	0.00277378	0.0100024	0.0220839	0.213575	0.0078869	0.0161932	0.0123547	0.00158674	0.0320406	0.511965	0.0212792	0.00845011	0.0324284	0.0126167	0.0199221
63	0.138982	0.00063141	0.0425396	0.122056	0.00758781	0.00713723	0.0121384	0.0525918	0.129424	0.0956063	0.0312143	0.00662912	0.000813125	0.0699335	0.0654802	0.028081	0.126577	0.0561406	0.000424546	0.00601169
64	0.0315421	0.00582941	0.000400539	0.0030257	0.125507	0.00661244	0.00396405	0.119164	0.00271609	0.502812	0.104407	0.00134616	0.00120124	0.00277398	0.000562386	0.00393392	0.00768588	0.0498863	0.0123135	0.0143169
65	0.00879966	0.00742193	0.0101386	0.0098247	0.00140011	0.00180437	0.0147644	0.020512	0.281871	0.0090774	0.0090791	0.0118455	0.00144685	0.0178106	0.510415	0.0214288	0.0184028	0.0222713	0.00381954	0.0178658
66	0.147267	0.000301787	0.0769587	0.264474	0.000797686	0.0111178	0.00383546	0.000734813	0.201353	0.0113206	0.0105785	0.0307663	0.00647385	0.0969968	0.073679	0.0392419	0.0184533	0.00514426	0.000102009	0.000403135
67	0.00832456	0.00178781	0.00279102	0.00457363	0.00267191	0.00422471	0.0893296	0.00529763	0.0658112	0.0135273	0.0144955	0.152661	0.390358	0.0416147	0.105585	0.0230782	0.0358713	0.0338065	0.00098071	0.00321001
68	0.00833909	0.00204742	0.0684361	0.0390452	0.00252754	0.00478387	0.0573228	0.00451226	0.293787	0.00497285	0.00398523	0.367095	0.0134167	0.00564194	0.0664974	0.0191525	0.0191538	0.0166242	0.000671478	0.00198782
69	0.256095	0.0036559	0.00352021	0.0057048	0.0029635	0.0176035	0.00277319	0.0204092	0.00511116	0.00652234	0.0172255	0.00525729	0.00720009	0.0358882	0.00522808	0.29945	0.113004	0.187504	0.00143268	0.00345155
70	0.00778951	0.00160974	0.00312848	0.00415611	0.00250249	0.0255059	0.00631345	0.00522954	0.203151	0.00572944	0.027199	0.00787245	0.40398	0.113679	0.118565	0.013028	0.0243025	0.00837959	0.00102967	0.0168489
71	0.0443306	0.00864274	0.00368875	0.00519125	0.0385386	0.00582616	0.00543575	0.210785	0.0214854	0.282192	0.0857635	0.0225444	0.00299566	0.0511344	0.00648539	0.0162925	0.0672227	0.087663	0.0034131	0.0303689
72	0.0360576	0.00240506	0.0191728	0.102746	0.00726275	0.0351385	0.0125702	0.0485118	0.137675	0.0142135	0.043233	0.0206614	0.00394412	0.236816	0.125887	0.07647	0.0513131	0.014379	0.00217415	0.00936821
73	0.0283397	0.0838699	0.0658703	0.0107769	0.193051	0.0498721	0.00779356	0.0700106	0.0112894	0.126171	0.0240855	0.0136736	0.00677657	0.0110902	0.0117833	0.0714845	0.0802397	0.119933	0.0030492	0.0108399
74	0.0342179	0.00561405	0.0173357	0.0286481	0.00732326	0.0148058	0.0121771	0.0219253	0.124383	0.0238051	0.0184846	0.0172961	0.0141925	0.0319188	0.455976	0.0451792	0.0780372	0.0274122	0.00874383	0.0125254
75	0.0750089	0.000991643	0.0118406	0.00389378	0.00099545	0.794096	0.000897365	0.00442631	0.00212392	0.00876999	0.00816211	0.00310234	0.00647423	0.0102081	0.00710142	0.0333734	0.0175978	0.00609592	0.000241424	0.00459964
76	0.0996321	0.00348514	0.0133187	0.018101	0.0137964	0.0146542	0.0181173	0.0175132	0.12461	0.165214	0.123865	0.0366361	0.00438978	0.110862	0.149602	0.0256169	0.0194521	0.0239207	0.00121372	0.0159993
77	0.080389	0.00603407	0.0238277	0.0310113	0.0156573	0.0884405	0.0124656	0.0187841	0.0538869	0.0262176	0.0729997	0.210773	0.013933	0.0249058	0.0889394	0.151847	0.043552	0.0191	0.00785299	0.00938314
78	0.0246863	0.0138563	0.000759778	0.000969313	0.0504339	0.0135719	0.00536254	0.325787	0.00220907	0.321586	0.109089	0.00387452	0.00137683	0.0019044	0.00166694	0.00914081	0.00422541	0.0965676	0.00486388	0.00806844
79	0.00987721	0.00204451	0.000820724	0.00082235	0.0579271	0.000628648	0.000439633	0.205532	0.000855802	0.347268	0.0423996	0.000669509	0.000685435	0.00240782	0.00241343	0.00177168	0.00969522	0.305424	0.000210917	0.0081063
80	0.111622	0.0037117	0.0190931	0.0281834	0.00474644	0.395281	0.00678628	0.012691	0.0365355	0.0189963	0.0133393	0.0122222	0.0111401	0.0497904	0.103079	0.0723081	0.0788069	0.0118934	0.00289008	0.00688381
81	0.0290498	0.0029069	0.00343334	0.0140252	0.278034	0.00619733	0.0120192	0.0144479	0.00557491	0.0462482	0.0586283	0.0236523	0.00471449	0.00468839	0.00526617	0.0157047	0.0122204	0.0146998	0.115762	0.332727
82	0.0435822	0.000675837	0.0241354	0.0863443	0.0111721	0.0319415	0.0201466	0.0144473	0.25906	0.00834122	0.0141089	0.0468263	0.00281131	0.0942024	0.163734	0.0990364	0.0423655	0.0139913	0.000407361	0.02267
83	0.00987037	0.00203063	0.00418877	0.00510832	0.00304854	0.00456808	0.102021	0.00625563	0.0428874	0.0243557	0.0239137	0.229205	0.321864	0.0511016	0.0734702	0.0443702	0.0239142	0.0231995	0.0013694	0.00325804
84	0.0916789	0.00777351	0.00899502	0.0186303	0.159532	0.00976058	0.0140503	0.0419595	0.0570885	0.0427476	0.0367374	0.0119936	0.00644332	0.0554464	0.0524171	0.026276	0.0947695	0.139384	0.00437842	0.119939
85	0.260666	0.00360299	0.0179775	0.0190763	0.0026665	0.0209394	0.029516	0.00581014	0.00793433	0.00497741	0.00535227	0.0186454	0.4363	0.018173	0.00374157	0.120026	0.0126481	0.00807333	0.00071356	0.00316079
86	0.0529905	0.00721289	0.660936	0.0663571	0.0013963	0.0181389	0.00291479	0.0170709	0.0280927	0.00822839	0.00380596	0.0473576	0.00810398	0.00700807	0.0321024	0.0124663	0.00957517	0.0102765	0.000421593	0.00554417
87	0.0457904	0.00114679	0.524077	0.0745211	0.000913263	0.0556717	0.00628137	0.00960602	0.0330541	0.019061	0.0070753	0.0739544	0.00294938	0.0177531	0.0512244	0.032451	0.0265637	0.00320581	0.000323357	0.0143764
88	0.0167697	0.000468498	0.000734812	0.000901792	0.012929	0.000804744	0.000552613	0.292438	0.00193451	0.0397542	0.0166969	0.00086443	0.00141253	0.000878302	0.00220225	0.00152369	0.0316268	0.570087	0.000278173	0.00714234
89	0.0220628	0.00760707	0.00256927	0.0051548	0.0466673	0.00545898	0.00401008	0.20834	0.00839534	0.235052	0.0790507	0.00914085	0.00299183	0.0105035	0.0289713	0.0237536	0.026452	0.260464	0.00128441	0.0120702
90	0.0378003	0.0147537	0.125644	0.267934	0.00294604	0.00377006	0.0021627	0.00450854	0.0976759	0.0061921	0.00394111	0.0293165	0.00193493	0.0389603	0.211637	0.0193585	0.0832487	0.018746	0.00125461	0.0282146
91	0.244619	0.00125956	0.0152478	0.111303	0.00176314	0.0332361	0.00176782	0.00375945	0.292716	0.0732918	0.0269506	0.00349213	0.00859025	0.0153432	0.107975	0.0363383	0.00544586	0.00543791	0.000545658	0.0109173
92	0.0714502	0.0063784	0.00750875	0.0127027	0.294946	0.0130108	0.00906477	0.0386825	0.0095875	0.127795	0.114766	0.023812	0.0102173	0.0103386	0.00990977	0.0195717	0.0263833	0.0768749	0.0763255	0.0406737
93	0.077921	0.0286821	0.000718717	0.000992883	0.019432	0.00140818	0.000921864	0.390593	0.00410402	0.0601816	0.0260138	0.00105633	0.00820694	0.00377475	0.00340102	0.00437548	0.00390804	0.339186	0.000199301	0.024923
94	0.0453047	0.000368789	0.0307689	0.106518	0.00832999	0.0277197	0.0204299	0.0181486	0.244847	0.00836433	0.0121883	0.035544	0.00292385	0.112387	0.180898	0.0779074	0.0449132	0.0100082	0.000183108	0.0122469
95	0.0386825	0.00130842	0.544956	0.0741437	0.000863223	0.0543067	0.0111848	0.00823565	0.0296222	0.0164622	0.0061214	0.0705844	0.00312243	0.0178794	0.048017	0.032165	0.0271251	0.00272871	0.000295334	0.012196
96	0.0435914	0.00439068	0.00487382	0.00825105	0.00702595	0.00676406	0.00570677	0.27547	0.033502	0.0174628	0.0131158	0.034336	0.00474395	0.00873623	0.0900468	0.0388937	0.0144325	0.38182	0.00152658	0.00531008
97	0.0447627	0.00345279	0.0071753	0.00825358	0.381023	0.00530882	0.00297548	0.100276	0.00550026	0.0345305	0.0901269	0.00626518	0.0234378	0.00527759	0.00837691	0.026708	0.0805303	0.144787	0.0073915	0.0138404
98	0.0320864	0.00525146	0.0108899	0.0494358	0.00841652	0.0634491	0.00840464	0.0626297	0.0251441	0.0204943	0.0207304	0.0129707	0.0075584	0.122226	0.320506	0.024774	0.0223827	0.0335745	0.136629	0.0124461
99	0.0138298	0.00234313	0.000867272	0.00102475	0.0108612	0.000926907	0.000650365	0.395747	0.00337434	0.055911	0.0248895	0.00110141	0.00126801	0.00129425	0.00347757	0.00217691	0.0323567	0.444607	0.000280919	0.00301194
100	0.016518	0.0113753	0.00366375	0.00250231	0.257584	0.00335928	0.008024	0.13437	0.022781	0.170767	0.0919244	0.00560778	0.00976914	0.0241077	0.00688076	0.00973864	0.0292845	0.0683968	0.0020154	0.12133
101	0.0311149	0.0218959	0.721121	0.0721915	0.00182437	0.00708215	0.0182561	0.00763699	0.0176548	0.00387289	0.00285166	0.0384858	0.00472397	0.00656988	0.0149496	0.0126172	0.00694732	0.00739988	0.000269832	0.00253454
102	0.341102	0.0686341	0.0158194	0.00899287	0.00463849	0.120031	0.00639376	0.0145035	0.00765995	0.0125784	0.0128322	0.0188524	0.0700055	0.0341198	0.00729315	0.148974	0.0676542	0.0303209	0.00184245	0.00775224
103	0.0270066	0.0043879	0.000507873	0.00485761	0.112638	0.00201066	0.00367503	0.0561877	0.00329576	0.547479	0.13014	0.00149011	0.00168272	0.00464632	0.000824432	0.00703032	0.00812121	0.0573872	0.0102869	0.0163434
104	0.0337773	0.0136509	0.0993368	0.0458797	0.0846938	0.0205257	0.0792424	0.0185008	0.0412195	0.0893434	0.0225366	0.24915	0.0102609	0.0326472	0.0299181	0.0360055	0.0328875	0.0304978	0.00480423	0.0251223
105	0.0180152	0.00432441	0.699234	0.0652379	0.000901063	0.0148167	0.0444778	0.00426835	0.00930116	0.00391377	0.00230567	0.0745063	0.00527753	0.0116516	0.00995936	0.0195397	0.00639218	0.00329382	0.000254127	0.00232943
106	0.0559923	0.00369587	0.00508098	0.0200059	0.0125428	0.0129321	0.00256432	0.193751	0.00257082	0.141734	0.0374345	0.016253	0.0874357	0.00336728	0.00265333	0.0236457	0.0936228	0.273029	0.000537539	0.0111514
107	0.0837402	0.00101962	0.163344	0.271853	0.00374987	0.0347241	0.00833295	0.008145	0.11138	0.0116617	0.00707519	0.0261709	0.0472109	0.0829171	0.0723125	0.0362278	0.0142	0.0115641	0.000285254	0.00408597
108	0.162235	0.00912647	0.069404	0.0366036	0.0140499	0.0235802	0.0114036	0.0129622	0.101342	0.0126003	0.0211282	0.279093	0.00694239	0.0195694	0.0283178	0.14238	0.0279193	0.0135923	0.002541	0.00520974
109	0.0137548	0.00922301	0.00063669	0.000833348	0.0394255	0.00521431	0.00799925	0.274985	0.00323548	0.314882	0.184288	0.00519205	0.000953691	0.00245576	0.00101222	0.00992223	0.00516309	0.113437	0.00166698	0.00572015
110	0.0583551	0.00135963	0.015898	0.190334	0.00364858	0.0211692	0.00689349	0.044274	0.264965	0.0262865	0.00685967	0.0124061	0.0021215	0.118576	0.146624	0.0250899	0.0255539	0.0247447	0.000434497	0.00440631
111	0.352282	0.00159354	0.00202305	0.00234259	0.00124565	0.00728357	0.00119	0.00317821	0.00257556	0.0223402	0.013094	0.00666926	0.0738994	0.00718744	0.00997667	0.385255	0.0774856	0.0275081	0.000408828	0.0024611
112	0.105596	0.0372256	0.00125488	0.00204637	0.030808	0.00311183	0.00159285	0.14864	0.00414878	0.0862541	0.103691	0.00388221	0.0028445	0.00354778	0.00307288	0.0161153	0.0572802	0.37975	0.00041725	0.00872003
113	0.0453047	0.000368789	0.0307689	0.106518	0.00832999	0.0277197	0.0204299	0.0181486	0.244847	0.00836433	0.0121883	0.035544	0.00292385	0.112387	0.180898	0.0779074	0.0449132	0.0100082	0.000183108	0.0122469
114	0.273798	0.00609573	0.00195765	0.0675689	0.0408151	0.0115958	0.0221131	0.0719975	0.0216359	0.0319546	0.0397164	0.00947556	0.00155521	0.0299674	0.0436305	0.0670153	0.0843078	0.0591377	0.0204321	0.0952294
115	0.38513	0.0730949	0.000975217	0.00127226	0.00080198	0.0121168	0.000663129	0.102654	0.0010581	0.0205084	0.022772	0.00107538	0.00787858	0.0010625	0.00115775	0.0300578	0.028005	0.308638	0.000241875	0.000836332
116	0.0115655	0.00316376	0.00427745	0.00687455	0.00315305	0.00503748	0.0240528	0.0851059	0.468847	0.157383	0.00792253	0.0559416	0.00289407	0.0284713	0.103491	0.00856512	0.00860966	0.00958214	0.00120268	0.00386036
117	0.014563	0.00302511	0.00942486	0.342692	0.00505819	0.00665468	0.101746	0.105557	0.037176	0.0163574	0.0356387	0.00743718	0.00453191	0.104013	0.0113958	0.0117873	0.104793	0.0443057	0.00147087	0.0323722
118	0.373191	0.0726931	0.00105106	0.00106111	0.000808305	0.00904724	0.000674658	0.107736	0.00112971	0.0265014	0.0218376	0.00111122	0.0100054	0.00119424	0.00101386	0.0302134	0.019654	0.319886	0.000315616	0.000874872
119	0.0498993	0.00240768	0.0748958	0.264873	0.00504858	0.0122736	0.0322591	0.0624307	0.0668326	0.0531984	0.0149864	0.0140274	0.00692554	0.163171	0.0557787	0.0191147	0.0414181	0.0518866	0.000835988	0.00773676
120	0.275531	0.0680359	0.00302387	0.0032458	0.00315681	0.183858	0.00253807	0.0469528	0.00564168	0.0667135	0.0501615	0.00327663	0.0168203	0.00387116	0.00357924	0.0304217	0.0256043	0.204598	0.000717291	0.00225121
121	0.47159	0.133664	0.00719156	0.0222119	0.00250612	0.0369498	0.00143705	0.00573651	0.00188452	0.00424514	0.0105329	0.00888757	0.00892754	0.00212879	0.00173065	0.0835018	0.125418	0.0620384	0.000457331	0.0089604
122	0.0108097	0.00251113	0.000834422	0.000711385	0.048036	0.00131381	0.00128868	0.226048	0.00110962	0.353857	0.0689456	0.00108966	0.00105185	0.00233306	0.00177548	0.00180692	0.00808543	0.259691	0.000389745	0.00831057
123	0.104022	0.326392	0.003363	0.00321933	0.00345126	0.00413185	0.00185348	0.00542259	0.00344817	0.0301222	0.00470796	0.00436081	0.00320745	0.00367017	0.00311463	0.379317	0.0509562	0.0622568	0.000918986	0.00206324
124	0.0128899	0.00292642	0.00257365	0.00785339	0.391699	0.00295916	0.00884051	0.0792414	0.00575827	0.0382472	0.0295782	0.00553619	0.0140976	0.00512639	0.00463539	0.012774	0.0144476	0.0230157	0.0191421	0.318658
125	0.144673	0.124601	0.00589912	0.00555909	0.00976275	0.0242925	0.00204945	0.00884804	0.00348991	0.0176298	0.00518777	0.0134848	0.014436	0.00402634	0.00432059	0.317314	0.250645	0.0388719	0.00078206	0.00412679
126	0.00800648	0.00259935	0.0194969	0.0328222	0.0164645	0.00345241	0.0332918	0.189005	0.0182636	0.101248	0.00494532	0.00660978	0.00349431	0.00696399	0.0184448	0.00702795	0.284535	0.219686	0.000817921	0.0228254
127	0.0151229	0.0033095	0.0505352	0.0203418	0.00421953	0.176169	0.00449679	0.00876269	0.0117354	0.010522	0.00885047	0.0386402	0.00452826	0.00697966	0.0080673	0.408552	0.204918	0.00852858	0.00135536	0.00436443
128	0.0279197	0.00136103	0.0999705	0.126935	0.00328793	0.0305471	0.00639438	0.0106251	0.0264607	0.00785401	0.00299489	0.01546	0.542992	0.0322027	0.0130701	0.0182683	0.00981658	0.0197307	0.000435942	0.00367326
129	0.0724714	0.0160142	0.000637826	0.000871976	0.0190168	0.000740018	0.000631054	0.320717	0.00302514	0.0504186	0.014446	0.00085628	0.00832945	0.00250795	0.00158129	0.0031758	0.00648925	0.457502	0.000253628	0.0203145
130	0.0302808	0.00669491	0.00552105	0.0146694	0.265835	0.00504147	0.0814507	0.00954885	0.00802702	0.0650552	0.0157355	0.0189984	0.00360644	0.00703652	0.0141803	0.00944352	0.0319726	0.0184264	0.0233303	0.365146
131	0.00544217	0.00126609	0.0603031	0.00352649	0.00207514	0.0192644	0.00165642	0.00432638	0.0133046	0.00496201	0.00441457	0.121251	0.00161907	0.00299517	0.00280309	0.0472401	0.696222	0.00480559	0.000653007	0.00186896
132	0.00789354	0.00138858	0.0595622	0.0142045	0.00239397	0.00275891	0.0213445	0.263323	0.00274503	0.15022	0.0229377	0.0581503	0.033852	0.0121987	0.00252576	0.0144	0.098947	0.218683	0.000637571	0.0118336
133	0.0150884	0.0239622	0.0080479	0.00221285	0.0794441	0.00389192	0.010504	0.147989	0.0538753	0.223748	0.133689	0.00927256	0.00108352	0.0549595	0.013646	0.00788057	0.0517453	0.063987	0.000592736	0.0943794
134	0.511229	0.0345457	0.00323866	0.00515798	0.00702746	0.153715	0.00111948	0.00498044	0.00165927	0.00310316	0.00364376	0.00830202	0.0018982	0.00243428	0.0018923	0.127213	0.0540675	0.0721349	0.000362244	0.00227574
135	0.0570792	0.00124211	0.0608712	0.118854	0.00198767	0.0309	0.00308851	0.0223242	0.220415	0.0943508	0.0166309	0.0147774	0.00311102	0.0662974	0.179966	0.0180952	0.00746684	0.078646	0.00131812	0.00257829
136	0.132726	0.000377472	0.0821321	0.266363	0.000599988	0.0109486	0.00390744	0.00113168	0.192054	0.0098682	0.00940684	0.0329504	0.00533716	0.108011	0.0787318	0.0399637	0.0201524	0.00467651	0.000130696	0.000531185
137	0.0261897	0.0036043	0.000368045	0.0053442	0.113902	0.00154521	0.00342509	0.0621464	0.00351387	0.543704	0.132293	0.00130326	0.00153914	0.00521982	0.00048632	0.00543089	0.0078041	0.0526132	0.0103913	0.0191764
138	0.207176	0.00157083	0.0334831	0.119724	0.00188713	0.00299042	0.00247346	0.088304	0.0532778	0.070734	0.00413018	0.0047782	0.00165166	0.061196	0.0544069	0.0168974	0.0211545	0.238767	0.000698714	0.0146993
139	0.383919	0.0752465	0.00081321	0.000908051	0.000642458	0.00931231	0.000625868	0.106424	0.000946153	0.0213011	0.0225231	0.000889876	0.00851686	0.000881755	0.00093056	0.0280506	0.0210427	0.316245	0.000209628	0.000570741
140	0.00823379	0.00199249	0.719515	0.0585656	0.000950742	0.0124627	0.0706415	0.00183562	0.00146957	0.00219064	0.00180611	0.0725587	0.0063479	0.0128762	0.00244935	0.0192581	0.00360071	0.00202899	0.000297838	0.000918418
141	0.225077	0.00801619	0.0025448	0.0689898	0.029794	0.0282298	0.031883	0.0650811	0.0188529	0.0437541	0.0456881	0.0113774	0.00365526	0.0307513	0.0479223	0.103141	0.0647904	0.0584378	0.0254119	0.0866018
142	0.00496873	0.000700193	0.00387399	0.00124221	0.0167003	0.000938661	0.000741175	0.438971	0.00128717	0.280841	0.0164382	0.00117231	0.000780288	0.00299712	0.00263825	0.0019753	0.00821413	0.212244	0.00028303	0.00299271
143	0.460856	0.13962	0.00795172	0.0222277	0.00262041	0.0367444	0.00144105	0.0060442	0.00188807	0.00448678	0.0113927	0.0095404	0.00950631	0.00212948	0.00188699	0.0866462	0.121276	0.0627479	0.000462776	0.01053
144	0.00695037	0.00182757	0.00232548	0.00131065	0.0569352	0.0014238	0.000828528	0.370486	0.00119236	0.282167	0.0270841	0.00130767	0.000923321	0.00238823	0.00186487	0.00226898	0.00655979	0.226934	0.000555753	0.00466627
145	0.0572464	0.00194843	0.0605643	0.132831	0.00681565	0.0318314	0.0216297	0.0114162	0.25721	0.0198583	0.0140787	0.129058	0.00710448	0.0613094	0.0896944	0.0432686	0.0304698	0.012276	0.00116996	0.0102185
146	0.0206402	0.00633573	0.763599	0.0559511	0.00104709	0.00867835	0.030282	0.00561639	0.00992303	0.00295256	0.00211931	0.0453735	0.00501259	0.0088981	0.0100523	0.0122292	0.00471894	0.00483099	0.000258608	0.00148117
147	0.215904	0.00995462	0.0109019	0.0142476	0.00808917	0.0180727	0.00898536	0.0184044	0.0207804	0.0351293	0.1139	0.017507	0.103745	0.0813881	0.0206032	0.211263	0.0487987	0.0296961	0.0037308	0.00889956
148	0.523472	0.000990282	0.00115521	0.00140001	0.00117744	0.0781171	0.000859299	0.00352785	0.00129062	0.0086849	0.00731165	0.00211069	0.00393298	0.00155407	0.0137842	0.319789	0.0204639	0.00913905	0.000287483	0.000952694
149	0.233576	0.00302261	0.00682656	0.00282955	0.00203796	0.569831	0.00190857	0.00467825	0.00232034	0.00608259	0.00832631	0.00378891	0.00389301	0.00662238	0.00553778	0.0917844	0.0210057	0.0227005	0.000268449	0.00295969
150	0.00704495	0.00184196	0.00316623	0.000960333	0.0178248	0.00137658	0.00114245	0.405246	0.00147269	0.279222	0.0302515	0.00112627	0.000947218	0.00282998	0.00256436	0.00224319	0.00909736	0.226978	0.000419766	0.00424392
151	0.0170285	0.0132811	0.00105605	0.0013718	0.0418825	0.0157451	0.00485854	0.272838	0.00254627	0.381767	0.146065	0.00354762	0.00175605	0.00192325	0.00131846	0.0113043	0.005896	0.0642374	0.0047101	0.00686682
152	0.0750639	0.00184607	0.0676079	0.00441662	0.00251529	0.0335297	0.0163006	0.00578047	0.0879496	0.099962	0.0350868	0.00397155	0.0220627	0.0337856	0.0426757	0.0512608	0.389332	0.0236509	0.000843336	0.00235866
153	0.0325927	0.00125224	0.0146011	0.0123511	0.0055194	0.00544729	0.0017583	0.0470251	0.0176184	0.0333453	0.00990344	0.00575481	0.738495	0.00828556	0.0118609	0.0121243	0.0132943	0.0227446	0.000708814	0.00531724
154	0.057554	0.000627038	0.18558	0.491845	0.000937214	0.0121736	0.00843155	0.00493585	0.0539522	0.00481792	0.00373633	0.0306671	0.00680606	0.0444499	0.0199989	0.047623	0.0195963	0.00564417	0.000189195	0.000434503
155	0.0147701	0.00882914	0.00093621	0.00130334	0.0438481	0.00812155	0.0045199	0.294368	0.00220721	0.366546	0.123482	0.0033892	0.00102904	0.00289422	0.00145774	0.00777012	0.00595715	0.0971865	0.00387817	0.00750705
156	0.0168713	0.000468623	0.000707531	0.000892682	0.0129409	0.000804873	0.000552803	0.292317	0.00193315	0.0396255	0.0166567	0.000852056	0.00144001	0.000867307	0.00220017	0.00150691	0.0314884	0.570373	0.0002741	0.0072274
157	0.0677319	0.00932589	0.00461996	0.0325357	0.00158138	0.0154933	0.00950015	0.00262782	0.29491	0.0123046	0.0105988	0.00718772	0.0370223	0.0174911	0.162068	0.192808	0.107635	0.0123924	0.000564946	0.0016006
158	0.341556	0.0113226	0.0127723	0.115264	0.00199392	0.109239	0.0119697	0.00345619	0.0523253	0.0312483	0.034072	0.0242526	0.00172554	0.0147895	0.114176	0.076912	0.0359752	0.00447094	0.000614009	0.00186509
159	0.0161569	0.00994226	0.000723053	0.0011121	0.0572061	0.0100318	0.00508018	0.319426	0.00243468	0.342998	0.124109	0.00352268	0.000654002	0.00194735	0.0011114	0.0083208	0.00424757	0.0732633	0.00592376	0.0117897
160	0.0143547	0.00423677	0.0145345	0.0170507	0.00145165	0.00271466	0.0121759	0.0242151	0.231092	0.0138628	0.0137036	0.0145898	0.00170922	0.0253324	0.516596	0.0195263	0.0110268	0.036169	0.00714391	0.0185148
161	0.14207	0.000285011	0.0817573	0.266981	0.000611715	0.0117329	0.00406197	0.000646689	0.193634	0.0110226	0.0105585	0.0322974	0.00614403	0.100752	0.073361	0.0398478	0.0187766	0.0049966	9.99827e-05	0.000363096
162	0.00528112	0.0114217	0.250454	0.0388087	0.00210091	0.123214	0.0313808	0.00295978	0.149365	0.0336466	0.00325317	0.0800629	0.0114591	0.00347598	0.0346089	0.156609	0.0450174	0.00398699	0.000725975	0.012168
163	0.00459551	0.000913441	0.00247267	0.000993501	0.0242238	0.000833029	0.000590814	0.305862	0.00117094	0.315366	0.0242553	0.000991366	0.000673789	0.00501851	0.00488473	0.00195142	0.0178099	0.28015	0.000241574	0.0070019
164	0.0256035	0.00135814	0.0268526	0.0174573	0.00219251	0.00462604	0.00170185	0.0570431	0.0429698	0.0574495	0.0155429	0.003924	0.669767	0.0159414	0.023739	0.00665542	0.0074939	0.0156218	0.000785631	0.00327474
165	0.00469162	0.000626421	0.00465202	0.00107319	0.0140762	0.000875598	0.000731787	0.419643	0.00127811	0.276281	0.0157445	0.00107864	0.000685726	0.00333676	0.00319211	0.00181177	0.010182	0.23653	0.000271161	0.00323827
166	0.0265892	0.02079	0.171934	0.255327	0.0241642	0.00544502	0.0675612	0.0187877	0.00308632	0.0197644	0.00300588	0.103509	0.00746953	0.10992	0.0178125	0.0524875	0.044074	0.0461254	0.000464769	0.00168237
167	0.00989982	0.00206634	0.000792767	0.000727419	0.0533008	0.000661809	0.000589498	0.213801	0.000797472	0.351383	0.0516298	0.000711276	0.00073959	0.00254638	0.00221261	0.00148877	0.0096216	0.28794	0.000235769	0.00885409
168	0.0321629	0.0025211	0.00492689	0.00770463	0.00361099	0.00536428	0.517684	0.0148487	0.00538013	0.0434435	0.00621726	0.0465495	0.0267196	0.21975	0.00568578	0.0168745	0.00986833	0.0169497	0.0101717	0.00356671
169	0.0823901	0.135564	0.00273549	0.00337195	0.0128425	0.0238481	0.00185601	0.00390622	0.00274633	0.0200555	0.00362136	0.0143414	0.00231621	0.00284174	0.00341608	0.341297	0.303113	0.0372321	0.000582376	0.00192232
170	0.0320938	0.00248303	0.00624028	0.00724812	0.00414059	0.00553025	0.512946	0.0153475	0.00538107	0.044898	0.00605048	0.047405	0.0291046	0.218722	0.00579646	0.0165086	0.00929916	0.0164255	0.0104131	0.003967
171	0.141182	0.219452	0.119906	0.0223164	0.0543499	0.00369223	0.0028952	0.0060988	0.00398987	0.00676947	0.00528182	0.038429	0.0027575	0.00453048	0.00460475	0.253571	0.0434899	0.00722972	0.00127055	0.0581831
172	0.0429497	0.00490773	0.0142843	0.0094665	0.0190047	0.0746957	0.00658546	0.060592	0.00925777	0.0634294	0.0713351	0.141375	0.0056625	0.00867569	0.010764	0.145785	0.277577	0.0247012	0.00328455	0.00566732
173	0.404262	0.0993656	0.0166064	0.00681155	0.00133119	0.0419216	0.00162359	0.0141401	0.00235689	0.00488669	0.00612888	0.0262728	0.063732	0.00473584	0.00237875	0.122161	0.150064	0.0197642	0.00052495	0.0109318
174	0.0885705	0.0019145	0.0553044	0.0727963	0.00192775	0.559568	0.0038381	0.00814618	0.0298329	0.0134852	0.00849871	0.00998911	0.0101126	0.0413915	0.0253533	0.031262	0.024445	0.00742565	0.000753711	0.00538459
175	0.0236312	0.0031841	0.000386122	0.00536788	0.118121	0.00148789	0.00354859	0.0673892	0.00399693	0.524192	0.143422	0.0013418	0.00151597	0.0056016	0.000492119	0.00504227	0.00803223	0.0519231	0.0107806	0.0205431
176	0.488632	0.00756053	0.00190471	0.00175821	0.00507525	0.20162	0.00108903	0.00670051	0.00169594	0.00314218	0.00228261	0.00884459	0.00145548	0.00204011	0.00259111	0.157113	0.0411139	0.0638848	0.00038353	0.00111287
177	0.0165526	0.0281884	0.00693295	0.00248486	0.0749456	0.00432887	0.013479	0.153858	0.0452932	0.210993	0.126622	0.00847795	0.0011974	0.0585306	0.0108687	0.00908625	0.0529676	0.0657327	0.000826804	0.108633
178	0.0123976	0.00229311	0.00192574	0.0198136	0.0371338	0.00206633	0.0018886	0.0951409	0.00461654	0.473951	0.158593	0.00345252	0.0020885	0.0510086	0.00221863	0.0158941	0.0180866	0.0498591	0.0190716	0.0284993
179	0.202812	0.00175321	0.0394377	0.184342	0.0159928	0.00780232	0.00673228	0.0239693	0.136868	0.0424573	0.03713	0.00977978	0.00371157	0.0549068	0.0764652	0.0228031	0.0779606	0.0489331	0.000803021	0.00533926
180	0.48227	0.00764063	0.00191558	0.00171902	0.00511793	0.206881	0.00190609	0.00670434	0.00238424	0.00335194	0.00331993	0.00829569	0.00151042	0.00263372	0.00280609	0.151884	0.0395851	0.0685918	0.000371235	0.00111154
181	0.0924865	0.0263272	0.000626959	0.000792202	0.0148872	0.000908161	0.000546765	0.38316	0.00369193	0.0620728	0.0224885	0.000810705	0.00863009	0.00410869	0.00157628	0.00497431	0.00267669	0.351698	0.000189465	0.0173471
182	0.0469599	0.00074323	0.150105	0.560719	0.00199447	0.00650268	0.00655732	0.00901101	0.0414804	0.0175237	0.0108927	0.0156521	0.00274412	0.0599038	0.0271955	0.0204414	0.0100894	0.0107193	0.000222431	0.000543452
183	0.496461	0.0349719	0.00629511	0.00827879	0.00591754	0.0088512	0.0336388	0.0101641	0.0100532	0.0501552	0.0396163	0.131133	0.006482	0.00822163	0.00799896	0.0744498	0.015522	0.0443161	0.00208288	0.00539068
184	0.0555047	0.000857109	0.0130306	0.00438257	0.000866602	0.819069	0.00127538	0.00473087	0.00234808	0.00915939	0.00778971	0.00321712	0.00662126	0.0116187	0.00765903	0.0256988	0.0178466	0.00321432	0.000281222	0.00482875
185	0.382509	0.0752076	0.000765729	0.000880766	0.000670531	0.00899249	0.000619951	0.106615	0.000944823	0.0207572	0.0224071	0.000882476	0.00821519	0.000906788	0.000942608	0.0273883	0.0203868	0.320103	0.000203949	0.000601178
186	0.0399835	0.00134994	0.564872	0.0738156	0.000741348	0.0496654	0.00973136	0.00816102	0.0263946	0.0154286	0.00608884	0.0683863	0.0026762	0.0167517	0.0467999	0.0288078	0.0256394	0.00277734	0.000285299	0.0116443
187	0.0332726	0.0168255	0.00271057	0.00438309	0.0321222	0.0482747	0.0176293	0.245597	0.00430174	0.0357978	0.123897	0.00828567	0.00195086	0.0167536	0.0692667	0.00926399	0.0486865	0.250602	0.000871648	0.0295078
188	0.00735639	0.00148948	0.00128313	0.000826695	0.0499163	0.00059567	0.00042884	0.245543	0.000995366	0.320982	0.0340504	0.00064392	0.000577214	0.00260177	0.00290665	0.00173458	0.0105252	0.310936	0.000183758	0.00642426
189	0.0128707	0.00301636	0.641168	0.0814449	0.00235071	0.0136599	0.0636227	0.00388579	0.00508916	0.00565858	0.00547815	0.0713965	0.00751123	0.0370324	0.00688152	0.0223835	0.00932964	0.00505445	0.000391849	0.0017741
190	0.0467532	0.202301	0.00551045	0.00692271	0.00528999	0.0537087	0.00485839	0.00858153	0.00650251	0.0311818	0.00653242	0.00894465	0.00310003	0.00597779	0.00573138	0.0729661	0.421796	0.0986944	0.00101992	0.00362677
