218	20
1	0.0655225	0.00366645	0.0666419	0.0133936	0.00548644	0.17954	0.0384402	0.0185824	0.0426354	0.0549543	0.0213467	0.0851934	0.0197899	0.027338	0.0916006	0.152182	0.0686026	0.0366915	0.00287239	0.0055199
2	0.0372732	0.00637565	0.00767697	0.0149143	0.150298	0.0106386	0.165962	0.0148782	0.0379084	0.0198065	0.015396	0.0212668	0.00463585	0.090915	0.0372338	0.0591088	0.0281337	0.0256617	0.0286617	0.223255
3	0.0405755	0.00507821	0.138474	0.0918804	0.0148393	0.0147442	0.0208554	0.0312139	0.057257	0.0514956	0.0173906	0.0938958	0.0517388	0.0425561	0.0356202	0.122807	0.0997648	0.0402568	0.0042634	0.0252933
4	0.0693554	0.00208516	0.0172622	0.00754339	0.0125713	0.0105008	0.0552495	0.0281688	0.147052	0.0161935	0.0146936	0.0822012	0.163193	0.0712066	0.14949	0.0775494	0.015869	0.0362125	0.0122332	0.0113699
5	0.03904	0.00419574	0.0696506	0.0840576	0.0166382	0.0116658	0.0510479	0.0587336	0.058291	0.083216	0.0200182	0.0785848	0.0260953	0.0460488	0.0724334	0.057625	0.123133	0.0571623	0.0058815	0.0364818
6	0.0331448	0.00758016	0.0205237	0.0192212	0.0251149	0.00579275	0.00351258	0.27406	0.00862333	0.1398	0.051935	0.00571879	0.00539653	0.0152688	0.0135445	0.0168951	0.0403595	0.299022	0.00224872	0.0122378
7	0.115911	0.00424236	0.0178538	0.0427585	0.0117549	0.00761277	0.0164614	0.0616318	0.0427117	0.105258	0.0209711	0.0508464	0.156706	0.035237	0.127096	0.0510364	0.0535192	0.047209	0.0165096	0.0146724
8	0.0861498	0.00710572	0.034554	0.0389571	0.0225104	0.0147571	0.0212693	0.0450864	0.0329607	0.0769082	0.0298867	0.035167	0.270571	0.0411399	0.0486952	0.0679588	0.0528532	0.0479725	0.0111118	0.0143852
9	0.0335551	0.00431452	0.0904708	0.109055	0.0117145	0.0154123	0.0349294	0.061726	0.0546229	0.0731224	0.0282308	0.0847791	0.0117684	0.0468747	0.0455252	0.0564075	0.140476	0.0635842	0.00310646	0.0303256
10	0.0291477	0.00972782	0.0144153	0.00979097	0.0251644	0.00830062	0.00270863	0.298642	0.00648533	0.0884778	0.0272658	0.00865044	0.00621964	0.00783543	0.00551201	0.01866	0.031945	0.393702	0.0014628	0.00588689
11	0.0412697	0.00241426	0.059014	0.0500182	0.00534681	0.0395002	0.0426476	0.0155492	0.125818	0.0229517	0.0152382	0.0843655	0.00510324	0.0558451	0.0967504	0.157146	0.121606	0.0247981	0.00934786	0.025269
12	0.0724344	0.0339055	0.00136608	0.0011619	0.0847601	0.0270787	0.000988435	0.225841	0.000910286	0.182056	0.0434436	0.00424914	0.00133201	0.00203828	0.000988964	0.0346295	0.0670021	0.2099	0.00169525	0.00421799
13	0.0431318	0.00143095	0.210367	0.102641	0.00508727	0.0378212	0.0314451	0.00977	0.0578025	0.00659951	0.00742634	0.15808	0.00206557	0.0489844	0.0356795	0.153415	0.0595579	0.0100255	0.00114037	0.0175295
14	0.0228571	0.0078703	0.00117196	0.0029312	0.0727398	0.00680036	0.00271687	0.207034	0.00175117	0.361819	0.127158	0.00157351	0.00185429	0.0028776	0.00290106	0.00827726	0.0251965	0.137594	0.000612401	0.00426333
15	0.0213948	0.0180101	0.0271209	0.0288072	0.220777	0.00271621	0.0163085	0.0496053	0.0132889	0.14236	0.0704001	0.052685	0.00262893	0.00553748	0.0273394	0.0370072	0.0335586	0.0518329	0.0230821	0.15554
16	0.0239762	0.00836828	0.00756575	0.00715161	0.0227762	0.00629622	0.00116803	0.379192	0.00354824	0.0953317	0.0243676	0.00370004	0.00929743	0.00521683	0.00279632	0.0109408	0.0234391	0.363085	0.000545003	0.00123728
17	0.0336002	0.00356517	0.0309039	0.0660762	0.0330357	0.00726787	0.0345391	0.0941234	0.0722672	0.11823	0.0148968	0.0659554	0.00969738	0.0464743	0.112438	0.0453369	0.102982	0.0655875	0.00640415	0.036619
18	0.0651981	0.00541507	0.0975041	0.0158659	0.00893923	0.0941591	0.0113274	0.0127015	0.0207276	0.0334686	0.0311425	0.0755195	0.00632336	0.0290094	0.0326315	0.303851	0.130028	0.0200738	0.00206201	0.00405242
19	0.0187714	0.00831806	0.00878186	0.013558	0.15663	0.00249837	0.00708548	0.214229	0.010058	0.208202	0.0874977	0.0154764	0.00265039	0.00679354	0.0152152	0.0256036	0.0198991	0.103776	0.00764222	0.0673133
20	0.0811435	0.00441729	0.13088	0.0208494	0.0191585	0.0904361	0.0118528	0.0130347	0.017031	0.0263836	0.0309593	0.110889	0.00625237	0.0254497	0.0229984	0.283504	0.0786159	0.0180371	0.00240517	0.0057027
21	0.13084	0.00224258	0.0417731	0.0586356	0.0226786	0.00687647	0.0125032	0.0159603	0.0447886	0.0215202	0.0206189	0.069848	0.105646	0.0269705	0.0375779	0.245347	0.0898507	0.0264926	0.00479896	0.0150318
22	0.024013	0.00834645	0.00758685	0.0070892	0.0226671	0.00629688	0.00117271	0.381179	0.00357208	0.0939773	0.0239201	0.00373848	0.00946117	0.00526062	0.00280486	0.0108163	0.0234418	0.362879	0.000540782	0.00123592
23	0.0528583	0.00182827	0.168145	0.0818752	0.0110915	0.0320236	0.0188643	0.015051	0.0518813	0.0140424	0.0128036	0.130465	0.00981181	0.0564739	0.0346322	0.186226	0.0917049	0.0126726	0.00170335	0.0158458
24	0.0457458	0.00275315	0.18307	0.129654	0.00720687	0.0177557	0.0234112	0.0196399	0.0661026	0.0215607	0.0111814	0.114347	0.00791589	0.0586194	0.0333196	0.119772	0.0935894	0.0208472	0.00177686	0.0217318
25	0.0112557	0.00266994	0.00277731	0.00216268	0.384889	0.00607711	0.0346971	0.0073183	0.00796853	0.0264906	0.0125264	0.0206647	0.000916399	0.0119306	0.0141801	0.0292238	0.00990793	0.0141922	0.00276631	0.397385
26	0.0602532	0.00542321	0.0709754	0.0518686	0.00649343	0.0903084	0.02639	0.0165646	0.069198	0.0303559	0.0223524	0.0598678	0.00600706	0.0495714	0.0709363	0.194341	0.115769	0.0364008	0.00440966	0.012514
27	0.0476065	0.0099716	0.00199178	0.00288317	0.0609974	0.0102769	0.00258919	0.181118	0.00146315	0.334535	0.124237	0.00220328	0.00114717	0.00284362	0.00211258	0.0106865	0.0371499	0.162008	0.000923281	0.00325621
28	0.0362315	0.00391786	0.128662	0.118339	0.0108647	0.0133444	0.0271467	0.0427133	0.0545647	0.0525369	0.0192648	0.0979009	0.0108752	0.0564273	0.0422389	0.0886688	0.126122	0.0397524	0.00279706	0.0276312
29	0.0246729	0.00988504	0.00097576	0.00240396	0.0776898	0.00789356	0.00263836	0.20454	0.00150808	0.358204	0.124082	0.00169461	0.00174565	0.00244614	0.00300922	0.0087659	0.0278258	0.136382	0.000607067	0.00303024
30	0.0162654	0.0158736	0.0162136	0.0167734	0.2829	0.00317206	0.0179564	0.0401774	0.0102613	0.108785	0.0594153	0.0379272	0.00193086	0.00755374	0.0260966	0.0339806	0.0248935	0.0410225	0.0142617	0.22454
31	0.0196309	0.00715615	0.00131594	0.00248084	0.105797	0.00652793	0.00698941	0.163082	0.00155542	0.3924	0.124946	0.00211156	0.00159287	0.00316583	0.00232968	0.00785359	0.0234696	0.124017	0.000965911	0.00261282
32	0.0507696	0.00580295	0.0115585	0.0382195	0.0538499	0.0113774	0.169859	0.0190747	0.0724527	0.021724	0.0133831	0.0224811	0.00470887	0.169386	0.0789214	0.0633638	0.0487643	0.0324384	0.0144395	0.0974247
33	0.0279548	0.0462531	0.0164937	0.118309	0.0199762	0.0151622	0.0149371	0.0252534	0.018731	0.112229	0.110838	0.0234839	0.0116935	0.279442	0.0207081	0.0406761	0.0407022	0.0359355	0.00716255	0.0140596
34	0.0331474	0.00280082	0.0242248	0.0754321	0.00404659	0.0270341	0.0460558	0.0270656	0.161131	0.0333883	0.0176886	0.0532491	0.000535924	0.100393	0.147835	0.127103	0.0660293	0.0251952	0.00576872	0.021875
35	0.0338726	0.0322304	0.017839	0.0260691	0.117379	0.0341962	0.0155233	0.0329014	0.0194156	0.0508803	0.0243424	0.0310095	0.0194058	0.0305023	0.0259039	0.0430146	0.0383892	0.0340848	0.292018	0.0810227
36	0.0194457	0.00362239	0.00837963	0.0178242	0.0472879	0.00273537	0.0328766	0.0916593	0.0921089	0.111761	0.00956658	0.086282	0.00219408	0.0458735	0.110809	0.0369915	0.111786	0.0904907	0.00555339	0.072752
37	0.0352126	0.00801932	0.166814	0.0928127	0.0192036	0.0189441	0.0258022	0.0347958	0.0469354	0.0572043	0.0221328	0.11296	0.0171206	0.0428968	0.0374475	0.08793	0.0975275	0.038098	0.00666425	0.0314783
38	0.0263671	0.00222946	0.104963	0.0968036	0.00492208	0.0189138	0.0492831	0.0102688	0.0455403	0.0186567	0.010519	0.0208858	0.310581	0.0474506	0.0383365	0.112811	0.0464555	0.0219154	0.00997505	0.00312239
39	0.0365804	0.00561259	0.0359254	0.0570304	0.0128447	0.0245319	0.0386798	0.0343471	0.112961	0.0529639	0.0209139	0.0863361	0.0167759	0.0854576	0.131388	0.115291	0.0690592	0.0348536	0.00560302	0.022844
40	0.0214467	0.00798741	0.0012104	0.00218166	0.0659111	0.00681373	0.00300761	0.178907	0.001263	0.408957	0.12596	0.00142622	0.00125553	0.00316063	0.00187734	0.00698269	0.0271703	0.131905	0.000485542	0.00209179
41	0.0321237	0.00403586	0.0299664	0.070078	0.00384184	0.0236316	0.0486802	0.0247153	0.155486	0.0333058	0.0181044	0.072388	0.000752754	0.103987	0.134877	0.128675	0.0610773	0.0251212	0.00502082	0.0241323
42	0.0195213	0.00654002	0.00122645	0.00487721	0.0624992	0.00581492	0.00241117	0.242966	0.00274738	0.351362	0.114848	0.00150248	0.00216748	0.00336844	0.00417132	0.00943399	0.0221515	0.1348	0.000526727	0.00706427
43	0.0276105	0.0309528	0.0152372	0.0252545	0.118184	0.0363261	0.0184517	0.0301375	0.0248447	0.0447486	0.0217132	0.033027	0.0111719	0.0319208	0.0263118	0.0414254	0.0401682	0.0325952	0.30235	0.087569
44	0.0364576	0.0211964	0.00616171	0.00847964	0.019802	0.00909974	0.0170308	0.109298	0.0900759	0.0930021	0.0623992	0.0234741	0.00870452	0.0458125	0.114249	0.0395667	0.114519	0.136205	0.0198487	0.0246171
45	0.0671213	0.00418365	0.0532008	0.0545735	0.0144565	0.0171292	0.0303285	0.0278771	0.0430166	0.0389344	0.021085	0.0336399	0.304265	0.0502978	0.0554435	0.0837117	0.047453	0.0342701	0.00887106	0.0101419
46	0.0505814	0.0480515	0.135235	0.0846114	0.0243169	0.0490299	0.023427	0.0555377	0.032686	0.0564495	0.0277197	0.0481872	0.0155432	0.0389399	0.0279823	0.0771368	0.0747978	0.0938765	0.00821575	0.0276745
47	0.137057	0.0490232	0.00536977	0.00771285	0.0124195	0.0353158	0.0101901	0.0250532	0.00589705	0.0880836	0.0252878	0.014307	0.0231595	0.00743637	0.00852246	0.138476	0.303081	0.0969454	0.00207233	0.00459069
48	0.0117429	0.00224648	0.00277746	0.00214607	0.379558	0.00628728	0.0358604	0.00639232	0.00797132	0.0236689	0.0106392	0.0213383	0.000947166	0.0121777	0.0143429	0.0302185	0.00992452	0.0134656	0.00281794	0.405477
49	0.0381613	0.0145491	0.00615888	0.00578124	0.143574	0.0116831	0.00405863	0.25509	0.00700457	0.148094	0.0543934	0.00580043	0.00393969	0.00554174	0.00737192	0.0249045	0.0345546	0.203667	0.00267282	0.0229982
50	0.070836	0.002887	0.0199731	0.0224543	0.0073285	0.0057217	0.0249291	0.0792351	0.0807344	0.0741474	0.0269099	0.0316798	0.166295	0.0446687	0.135033	0.0512957	0.0268311	0.0717454	0.0349192	0.0223754
51	0.056981	0.0138886	0.0468706	0.030233	0.0202899	0.0675594	0.0206998	0.03376	0.027985	0.0877059	0.0879498	0.0885727	0.0102337	0.0293692	0.0296591	0.115356	0.161154	0.050242	0.00524089	0.0162494
52	0.13705	0.0220693	0.0566048	0.0671302	0.00958456	0.20654	0.0422643	0.0375346	0.0234607	0.043971	0.0131688	0.0188856	0.00507743	0.0270727	0.0212201	0.146853	0.058326	0.04216	0.00775019	0.013276
53	0.0435825	0.00684982	0.0185423	0.0398296	0.0184113	0.0177746	0.0444913	0.0403692	0.144232	0.0397284	0.0230049	0.0610288	0.0417235	0.072982	0.174359	0.0903435	0.0540682	0.0375969	0.0101867	0.0208947
54	0.0351508	0.00338503	0.0460562	0.0728557	0.00361925	0.0256555	0.0470617	0.0227786	0.143478	0.0281494	0.0167417	0.0831422	0.00117646	0.100883	0.120437	0.13708	0.060758	0.0244181	0.0045296	0.0226448
55	0.0587336	0.00621896	0.0100497	0.0247437	0.0646907	0.0102056	0.222754	0.0200061	0.0733161	0.0199365	0.0146982	0.0186537	0.00904531	0.147823	0.0508481	0.050881	0.0408961	0.0430499	0.0185272	0.0949224
56	0.0341847	0.00397793	0.103751	0.112549	0.0110088	0.0159058	0.0331171	0.0558382	0.0537839	0.0681687	0.0266887	0.0884028	0.0116002	0.0475121	0.0448017	0.0608097	0.137465	0.0577037	0.00287728	0.029853
57	0.0253042	0.00891903	0.00776111	0.00952468	0.0291987	0.00617285	0.00123197	0.346124	0.00423552	0.12211	0.0384505	0.00350289	0.00926397	0.00582828	0.00374103	0.0147496	0.0255863	0.332495	0.000761301	0.00503938
58	0.0358646	0.00456992	0.0795723	0.0866958	0.0142158	0.0123138	0.0405774	0.0700687	0.051129	0.0795085	0.0291562	0.0766184	0.00846171	0.0468872	0.0473176	0.0578326	0.163142	0.0608139	0.00376999	0.0314847
59	0.0413873	0.0378677	0.0085342	0.00850587	0.00940979	0.0408301	0.0252438	0.0882701	0.0334387	0.0390345	0.0788541	0.0111452	0.00401056	0.0908616	0.0707381	0.0670286	0.127002	0.181768	0.00958413	0.0264854
60	0.0244835	0.00225417	0.103684	0.104196	0.0054432	0.0199903	0.050686	0.0104973	0.0493791	0.021169	0.0100865	0.0224905	0.316935	0.0422182	0.0376365	0.0990631	0.0433673	0.0239388	0.00902608	0.00345585
61	0.0295084	0.0101162	0.0180357	0.0185998	0.127737	0.0128567	0.0533571	0.0785623	0.0243278	0.0604478	0.0661769	0.187925	0.0501587	0.0222305	0.0292438	0.0472439	0.0439631	0.0736773	0.0100651	0.0357675
62	0.0481741	0.0194185	0.0122498	0.0284182	0.0381516	0.0124871	0.0554008	0.0529869	0.152848	0.0378554	0.0437177	0.0447475	0.00696716	0.0588781	0.163355	0.085657	0.0661908	0.0436893	0.00986714	0.0189395
63	0.0168022	0.0181877	0.0201751	0.0199754	0.280208	0.00269807	0.0128807	0.0487185	0.0110835	0.129198	0.0814831	0.0411909	0.00247569	0.00565092	0.0259776	0.0387322	0.02628	0.0548177	0.0174973	0.145967
64	0.0237417	0.0086919	0.00088646	0.00234709	0.0678755	0.00794539	0.00255178	0.194349	0.00115243	0.383236	0.124085	0.00138869	0.0013488	0.00242428	0.00198898	0.00766986	0.0270905	0.138423	0.000451823	0.00235189
65	0.0300386	0.0166791	0.00901189	0.0117063	0.101718	0.00640427	0.0775766	0.0683026	0.119723	0.0443603	0.0484253	0.0482782	0.00540645	0.0343818	0.145825	0.0451831	0.0673115	0.0411416	0.0285896	0.0499376
66	0.0286007	0.0106724	0.00365128	0.00502691	0.0437526	0.00817949	0.00139625	0.311395	0.00241067	0.223528	0.0618153	0.00273315	0.00469509	0.00358292	0.00272317	0.0129405	0.0289837	0.239399	0.000648953	0.00386542
67	0.0511961	0.00379032	0.0168988	0.00526991	0.196208	0.0173617	0.0719677	0.0100166	0.0336287	0.0156126	0.0228689	0.0484332	0.00228948	0.0126912	0.0507094	0.112894	0.0263516	0.014612	0.00508205	0.282118
68	0.0616701	0.00200346	0.0154407	0.00730974	0.0117781	0.00932869	0.0583242	0.0232493	0.144815	0.0144523	0.0126742	0.0898937	0.176756	0.072378	0.151392	0.0766131	0.0177516	0.0310735	0.01013	0.0129666
69	0.0156756	0.00306292	0.34425	0.0228438	0.00517826	0.00561499	0.030022	0.0136553	0.0162234	0.00971703	0.0192583	0.325646	0.00276098	0.0211788	0.0179318	0.0418641	0.0552314	0.00909477	0.00183779	0.0389528
70	0.0404646	0.00838134	0.0359637	0.0427556	0.0136899	0.0664899	0.0350295	0.0262067	0.14944	0.0321804	0.0221537	0.0536181	0.00875291	0.0554809	0.0818908	0.137201	0.108512	0.0314562	0.029223	0.0211101
71	0.0350907	0.00352657	0.0839148	0.0604075	0.0136966	0.0279993	0.0356978	0.03648	0.0729774	0.0496609	0.0162828	0.0765113	0.00798769	0.0417748	0.0616039	0.110528	0.189007	0.0390325	0.00929389	0.0285267
72	0.0267121	0.00990831	0.00929864	0.00770383	0.0227317	0.00741249	0.00109361	0.322683	0.00432956	0.0843749	0.0240273	0.00414888	0.00683439	0.00589563	0.00266616	0.0120022	0.0261964	0.420272	0.000534534	0.00117452
73	0.0226726	0.0198115	0.0365148	0.035552	0.202151	0.00299107	0.0142391	0.0486004	0.0135367	0.144407	0.0610542	0.0514889	0.00438206	0.00666896	0.0317084	0.040991	0.0387535	0.0486945	0.0241175	0.151665
74	0.0253374	0.0105033	0.0126262	0.0126141	0.244949	0.00507672	0.0347387	0.0443001	0.0136574	0.0840173	0.048791	0.0317725	0.00231175	0.0177138	0.0310438	0.048891	0.0232165	0.0437975	0.0111474	0.253494
75	0.0777212	0.00656412	0.0852658	0.0113337	0.00873213	0.0827657	0.0105137	0.0155077	0.0127406	0.0387971	0.0320074	0.0660502	0.0111795	0.0210317	0.0210129	0.344157	0.126351	0.0239453	0.00137739	0.00294664
76	0.0677709	0.0566764	0.00579165	0.005269	0.00957561	0.0130839	0.008092	0.0769644	0.0154687	0.083895	0.138399	0.00790048	0.00353372	0.0407894	0.0614518	0.0825273	0.137702	0.164557	0.00872807	0.011823
77	0.0548504	0.00582597	0.0449042	0.0227953	0.00781326	0.0529993	0.0508473	0.0126145	0.0763436	0.0228655	0.0144709	0.0747875	0.0127771	0.0259593	0.0405429	0.243723	0.192571	0.0233088	0.00669762	0.0133021
78	0.0424823	0.0112965	0.0013128	0.00220455	0.064662	0.0114253	0.00248115	0.185712	0.00120556	0.342713	0.121373	0.00209293	0.00105653	0.00256185	0.00178503	0.0109945	0.0366292	0.154697	0.000822283	0.00249288
79	0.0123599	0.00408754	0.00535172	0.00606423	0.00699889	0.00536842	0.0194962	0.157242	0.00596714	0.0713727	0.0217829	0.0504643	0.00326355	0.00732751	0.0481023	0.0547399	0.400655	0.111577	0.00246377	0.00531396
80	0.0851611	0.035333	0.00129603	0.00117946	0.097624	0.028973	0.00164486	0.194595	0.00151222	0.201769	0.0424218	0.00768512	0.000948734	0.00288002	0.00166841	0.0426403	0.0645692	0.179269	0.00210708	0.00672263
81	0.306335	0.00261724	0.0161799	0.0253768	0.0216466	0.00753583	0.00970189	0.00755911	0.014712	0.0106264	0.00486914	0.0307412	0.0401419	0.0231872	0.02336	0.332237	0.0693689	0.0366918	0.0101882	0.00692432
82	0.0559143	0.0990686	0.10152	0.0459455	0.0403126	0.0514364	0.0219769	0.0434284	0.0303711	0.0543602	0.0334752	0.0440235	0.0182676	0.0366609	0.0345767	0.102826	0.0746305	0.0579121	0.0202198	0.033074
83	0.0782956	0.00341879	0.0620468	0.0709457	0.00901914	0.0102467	0.0181459	0.0148766	0.0245563	0.0362108	0.0475442	0.0348816	0.224748	0.0942843	0.0630779	0.106697	0.0581628	0.0313092	0.00528113	0.00625073
84	0.0346409	0.0127707	0.00694572	0.00767338	0.0636299	0.0469878	0.00770682	0.139634	0.0065799	0.312551	0.126215	0.00971963	0.00464444	0.0143598	0.0089146	0.0277357	0.0436397	0.116103	0.00284448	0.00670346
85	0.0328091	0.00211384	0.247307	0.0609589	0.00377225	0.0122082	0.0434548	0.0191102	0.051581	0.0073826	0.0134602	0.232781	0.00153465	0.0413658	0.0414298	0.0916585	0.0467672	0.00949079	0.00124366	0.0395711
86	0.0167638	0.0109328	0.0124785	0.0115313	0.2442	0.00592229	0.0249482	0.058771	0.0101288	0.239537	0.102232	0.0257878	0.00304097	0.00994385	0.0156828	0.0287712	0.0264824	0.064778	0.0111157	0.0769517
87	0.0318847	0.00348529	0.0285007	0.0741115	0.00398666	0.0241301	0.0497397	0.0260198	0.153894	0.0323716	0.0177632	0.0655338	0.000695764	0.105121	0.13938	0.12582	0.0626836	0.0253577	0.00512538	0.0243944
88	0.0626376	0.00484871	0.0484268	0.0498711	0.0125021	0.0163056	0.0318991	0.0265738	0.0500847	0.0362613	0.0223168	0.03802	0.296077	0.067315	0.0629731	0.0778792	0.0443922	0.0317291	0.00997534	0.00991128
89	0.0165562	0.0056469	0.0022137	0.00297683	0.117885	0.00695243	0.0128295	0.128751	0.00205143	0.397205	0.147475	0.00336921	0.00180135	0.00740909	0.00306761	0.00976904	0.0238925	0.105882	0.0011735	0.00309301
90	0.0463889	0.0163057	0.137618	0.0579326	0.0272515	0.0299839	0.0243615	0.0716399	0.0403029	0.0610146	0.0292177	0.0628666	0.0187933	0.034749	0.0341637	0.0856691	0.0844356	0.105937	0.0067879	0.0245812
91	0.033043	0.00402506	0.0793733	0.0958033	0.014467	0.0128659	0.0415645	0.0652659	0.0560457	0.0778704	0.0242202	0.0776954	0.00861327	0.0485968	0.0525743	0.0586165	0.149493	0.0606221	0.00371843	0.0355256
92	0.0603544	0.00352198	0.04725	0.0574277	0.0110402	0.0140174	0.0549401	0.0257387	0.1003	0.0261053	0.016215	0.048699	0.195911	0.0692278	0.0869449	0.0848501	0.0384477	0.0331276	0.0121067	0.0137741
93	0.0330067	0.00424692	0.0812083	0.0992933	0.0140377	0.0127132	0.0404407	0.0648578	0.0553295	0.0776	0.0247754	0.0794143	0.00913386	0.0484229	0.0511856	0.0579401	0.146634	0.0613289	0.00353137	0.0348994
94	0.0371226	0.0909983	0.0257402	0.023077	0.127642	0.0256049	0.0222519	0.0491072	0.0224478	0.0700351	0.04151	0.0345785	0.00884176	0.0301362	0.0356207	0.0555505	0.0504002	0.0581455	0.0661108	0.125079
95	0.0761649	0.00285413	0.045564	0.0660185	0.038058	0.00429517	0.0133975	0.0253648	0.0554755	0.027686	0.0167047	0.0929296	0.090448	0.0230392	0.0378815	0.205425	0.120008	0.0267252	0.0029956	0.0289651
96	0.036663	0.00252408	0.0932232	0.0833849	0.0118254	0.0131161	0.0371803	0.0187359	0.0451127	0.0218602	0.0123309	0.0550671	0.216896	0.0339799	0.0326233	0.139489	0.0983113	0.0299834	0.00644435	0.011249
97	0.0723981	0.00512112	0.0716536	0.0577767	0.00736505	0.00684929	0.00737147	0.0292686	0.054768	0.0458397	0.111353	0.0310272	0.00384333	0.0308542	0.00940543	0.0498737	0.333232	0.0631365	0.00266635	0.00619739
98	0.046448	0.00130497	0.215897	0.119507	0.00433637	0.0213447	0.0274482	0.0103679	0.0730042	0.00637003	0.00534286	0.142995	0.00197457	0.059422	0.0347984	0.132141	0.0633804	0.0106881	0.00106469	0.022165
99	0.0453258	0.00186074	0.202584	0.122971	0.00517935	0.0197101	0.0256195	0.0144069	0.0702255	0.0134372	0.00757157	0.13222	0.00393566	0.061642	0.0356249	0.125902	0.0720297	0.0158872	0.00125386	0.022612
100	0.0207698	0.00713442	0.00100731	0.00382865	0.0623295	0.00626103	0.00238671	0.222558	0.00183137	0.367147	0.119667	0.00139553	0.00201959	0.00290103	0.00287895	0.00819327	0.0237809	0.138961	0.000431291	0.00451753
101	0.025118	0.00928463	0.00140303	0.00230251	0.0646626	0.00796326	0.00298531	0.180624	0.00142177	0.394181	0.122471	0.00195644	0.00114867	0.00357872	0.00217139	0.00977714	0.0329321	0.132458	0.000641954	0.00291862
102	0.206246	0.00592212	0.0190136	0.0465322	0.0164384	0.00888535	0.0116763	0.021778	0.0185809	0.090705	0.0172466	0.0834072	0.16392	0.0285025	0.0312241	0.0920086	0.0770723	0.043614	0.00629589	0.0109308
103	0.0369795	0.00351901	0.0507832	0.0837039	0.00855173	0.0210315	0.0436233	0.0383464	0.107865	0.0499482	0.0191003	0.0735309	0.00686195	0.0802975	0.0973267	0.104631	0.103576	0.0392284	0.00454372	0.0265521
104	0.0118076	0.00252631	0.00290534	0.00236081	0.373606	0.00618772	0.0371374	0.0073391	0.0080956	0.0259156	0.0125866	0.0213893	0.000969718	0.0123563	0.0146843	0.0307122	0.0100344	0.0147078	0.00300476	0.401673
105	0.0337541	0.00407319	0.0834747	0.100068	0.0140926	0.0129531	0.0407448	0.0642773	0.0541985	0.0790207	0.0239756	0.0790686	0.00952475	0.0488851	0.0500354	0.0592671	0.144318	0.0604818	0.0034013	0.0343847
106	0.0287311	0.0027675	0.00424458	0.0119133	0.0669484	0.00250758	0.00404804	0.298152	0.0128887	0.211905	0.0806175	0.00355508	0.002451	0.00807564	0.00951298	0.0235848	0.0194904	0.156659	0.00564172	0.0463062
107	0.0333808	0.00280936	0.0241194	0.0753818	0.0040444	0.027183	0.0458607	0.0273595	0.160955	0.0336419	0.0177438	0.052979	0.00056141	0.100133	0.147908	0.12689	0.0658934	0.025505	0.00575132	0.0218998
108	0.0331989	0.00351129	0.067662	0.0790464	0.0232587	0.0103461	0.0543596	0.0689324	0.0561606	0.0828198	0.018226	0.0762008	0.00725224	0.0479651	0.0587428	0.0536168	0.149591	0.0600623	0.00483439	0.0442132
109	0.112808	0.023737	0.0739934	0.0611483	0.0140711	0.195393	0.042699	0.0459633	0.0375681	0.0330154	0.00971953	0.0132865	0.00333685	0.0398415	0.0313927	0.131475	0.0703256	0.0324239	0.00487839	0.0229241
110	0.0339476	0.0125487	0.118631	0.106708	0.0319568	0.00671353	0.0143522	0.0405085	0.0443878	0.0599585	0.0143581	0.0774895	0.0378799	0.0333326	0.0387824	0.112129	0.10451	0.0270136	0.0112032	0.0735897
111	0.0317181	0.0651068	0.00910715	0.00939689	0.0775017	0.00818666	0.0328874	0.102022	0.10091	0.0344285	0.0783153	0.0483121	0.00619433	0.0430639	0.153313	0.0601081	0.0663301	0.0407717	0.0126307	0.019695
112	0.059056	0.00321513	0.060579	0.0538591	0.0194051	0.00924008	0.0138147	0.0178441	0.0691907	0.0210985	0.0152089	0.110745	0.0654006	0.0184545	0.0336147	0.17971	0.182295	0.0394147	0.00373838	0.0241166
113	0.0729057	0.00506081	0.0633238	0.0144346	0.00702865	0.204176	0.0320996	0.018582	0.0398066	0.0536382	0.0195713	0.0824158	0.0262054	0.0252175	0.0776672	0.144316	0.0600027	0.04395	0.00354857	0.00604904
114	0.0530991	0.00358961	0.0654396	0.100608	0.0252036	0.00536695	0.0123519	0.0294541	0.0478492	0.0355147	0.0281869	0.120729	0.0615416	0.0363027	0.0289846	0.159907	0.126351	0.0278875	0.00265381	0.0289788
115	0.0119035	0.0022097	0.0027126	0.00206859	0.373736	0.0065486	0.0377508	0.00621255	0.00811773	0.023377	0.0104921	0.0216869	0.000938288	0.0124925	0.0146737	0.0308203	0.00991698	0.0135707	0.00292988	0.407841
116	0.14212	0.00827631	0.0388869	0.0124931	0.0103641	0.0385954	0.018641	0.0104708	0.0110811	0.0252829	0.0126642	0.0242955	0.0457364	0.0111861	0.0115992	0.409094	0.125185	0.037813	0.00252721	0.00368702
117	0.0359923	0.0780887	0.00710146	0.00697205	0.0177119	0.0147936	0.0139561	0.0986977	0.0394311	0.0673761	0.0842438	0.014803	0.0102857	0.0541525	0.102592	0.0619222	0.103222	0.1342	0.0240442	0.0304133
118	0.0301342	0.0117178	0.0017849	0.00252046	0.0578573	0.0095576	0.00194588	0.209269	0.00133152	0.350738	0.0998949	0.00192264	0.00175056	0.00322851	0.00172443	0.0109249	0.0335463	0.167432	0.000595731	0.00212282
119	0.0331627	0.00281533	0.0241862	0.0754279	0.0040506	0.0270264	0.0460554	0.0270881	0.16126	0.0333846	0.0177304	0.0532116	0.000536696	0.100333	0.147834	0.127033	0.0660513	0.0252031	0.00576273	0.0218464
120	0.0293635	0.00307359	0.0511308	0.0720312	0.0363441	0.00731974	0.0599001	0.0863933	0.0606581	0.0856143	0.0146533	0.0640757	0.00498861	0.0519776	0.0738606	0.0430186	0.132603	0.0674285	0.00731235	0.0482528
121	0.0137233	0.0095715	0.00923143	0.00838127	0.274988	0.00477272	0.0139916	0.0664768	0.00637857	0.259279	0.106849	0.0170185	0.00277548	0.00755084	0.0114487	0.024861	0.0210486	0.0808535	0.00754985	0.0532509
122	0.0331474	0.00280082	0.0242248	0.0754321	0.00404659	0.0270341	0.0460558	0.0270656	0.161131	0.0333883	0.0176886	0.0532491	0.000535924	0.100393	0.147835	0.127103	0.0660293	0.0251952	0.00576872	0.021875
123	0.0428091	0.0130015	0.0199435	0.0324758	0.0326564	0.0161515	0.0367208	0.0936938	0.0789892	0.0702581	0.0348983	0.0460921	0.0361185	0.0506519	0.144101	0.0678707	0.0754138	0.0656516	0.0141253	0.028377
124	0.038846	0.00242296	0.134001	0.0956065	0.00375974	0.0211963	0.039826	0.0187292	0.0988076	0.0166578	0.0106785	0.124638	0.00147363	0.081235	0.0796327	0.13034	0.0564855	0.0186403	0.00232842	0.0246943
125	0.0309682	0.00223865	0.0047145	0.011691	0.0743316	0.00205828	0.00461656	0.29614	0.015548	0.18984	0.0797423	0.00394863	0.00210495	0.00915903	0.0122887	0.0249536	0.0201412	0.156208	0.00653082	0.0527765
126	0.0793942	0.00921559	0.0755939	0.0280866	0.00765718	0.144599	0.0213835	0.0168267	0.0286939	0.0477106	0.0214475	0.0594073	0.00798309	0.0402862	0.0481055	0.211711	0.115869	0.0257891	0.00281439	0.00742554
127	0.0116203	0.00225351	0.00264777	0.00202989	0.381052	0.00625733	0.0358634	0.0062654	0.0080956	0.0235965	0.0103609	0.0209986	0.000925028	0.0122013	0.014274	0.0301664	0.00997668	0.013308	0.00274615	0.405361
128	0.0127915	0.00223468	0.00303557	0.00216248	0.366856	0.00691368	0.0398247	0.00628773	0.00846456	0.0229417	0.0105527	0.0230081	0.000971849	0.0124811	0.0151597	0.0330004	0.0101522	0.013908	0.00308956	0.406163
129	0.0221261	0.0082331	0.000928647	0.00205191	0.0639613	0.0070091	0.00267556	0.180074	0.00109457	0.411143	0.125539	0.00134733	0.00115918	0.00282905	0.00175099	0.00681176	0.0276354	0.13145	0.000457926	0.00172138
130	0.0768721	0.0355595	0.000667802	0.000614284	0.0911841	0.0289968	0.00110516	0.208027	0.000675517	0.201705	0.0466698	0.00447574	0.000736716	0.00176895	0.000793896	0.0368979	0.0684011	0.188209	0.00190235	0.0047377
131	0.0362029	0.00570378	0.0382091	0.0650809	0.00881039	0.0428592	0.0596875	0.0272857	0.103215	0.0445953	0.0171767	0.050709	0.00469729	0.113496	0.0855377	0.122299	0.116937	0.0297064	0.00540041	0.0223913
132	0.0679423	0.0307442	0.00182376	0.00166765	0.0763178	0.0247895	0.00180882	0.223082	0.0015602	0.178741	0.0448431	0.00541247	0.00144746	0.00266672	0.00320981	0.0378414	0.0807012	0.209285	0.00170091	0.00441538
133	0.0113894	0.00315818	0.00341062	0.00267353	0.384724	0.00595065	0.0336184	0.00882598	0.00801969	0.0310363	0.0146344	0.0209867	0.00108162	0.0117412	0.0141793	0.0294203	0.0105057	0.0154766	0.00334288	0.385824
134	0.0781963	0.0361373	0.000675125	0.000588103	0.0921543	0.0295467	0.00112282	0.208808	0.000722231	0.194234	0.0448376	0.0045195	0.000801058	0.00181118	0.000804421	0.0377802	0.069262	0.191375	0.00190195	0.00472153
135	0.0611279	0.00360314	0.038009	0.0384949	0.015227	0.0128898	0.0341108	0.0320197	0.0679813	0.0393105	0.0205862	0.0443394	0.268932	0.0536627	0.100398	0.0735233	0.0358611	0.0353509	0.012805	0.011767
136	0.14153	0.0652205	0.010481	0.0180886	0.0110672	0.0612873	0.0104186	0.0192192	0.00590372	0.0641407	0.0196506	0.0142552	0.0150686	0.00909777	0.00825483	0.222129	0.235075	0.0625178	0.00231868	0.00427575
137	0.0785434	0.0382452	0.000718386	0.00062088	0.0921532	0.0302173	0.00120999	0.206732	0.000769036	0.191979	0.0442612	0.00469601	0.000772659	0.00204993	0.00107302	0.0410818	0.0716797	0.186097	0.00193201	0.00516803
138	0.021232	0.00754701	0.00103308	0.00338066	0.0627394	0.0065787	0.00240648	0.21078	0.00179191	0.38086	0.121491	0.00144503	0.00161285	0.00311036	0.00269897	0.00802123	0.0252061	0.133381	0.000504953	0.00417883
139	0.030239	0.0132134	0.000883776	0.00196535	0.0660935	0.0103585	0.0023063	0.192076	0.00103594	0.373908	0.110037	0.0018243	0.00127166	0.00259724	0.00161023	0.0116942	0.0345045	0.141253	0.000696075	0.00243188
140	0.0630981	0.0264823	0.0172811	0.0158864	0.0243204	0.017959	0.010996	0.08347	0.020671	0.0831003	0.125453	0.0173346	0.00716959	0.0336907	0.0309501	0.0607687	0.16916	0.172421	0.00670496	0.0130837
141	0.0626748	0.0287066	0.00277004	0.00257401	0.0700133	0.0232593	0.000928775	0.25264	0.00147521	0.162564	0.0418	0.00401914	0.00243265	0.00272375	0.00140846	0.0293322	0.0590972	0.246762	0.0013739	0.00344386
142	0.0375194	0.0180636	0.00334906	0.00496282	0.0605379	0.0124106	0.00173377	0.272693	0.00246183	0.220912	0.066009	0.00354679	0.00652905	0.00368043	0.0028174	0.0226023	0.0365118	0.217657	0.00113624	0.00486624
143	0.262017	0.0316207	0.0204556	0.0159971	0.0261473	0.0885463	0.0139405	0.0202146	0.010854	0.0340147	0.0148791	0.0171078	0.0104538	0.0144812	0.0127555	0.296269	0.0738362	0.0273712	0.00348606	0.00555284
144	0.0220002	0.0505754	0.0128788	0.0219588	0.134717	0.0596148	0.0159173	0.0166078	0.012948	0.0315028	0.013894	0.0263188	0.00539677	0.0406117	0.0139977	0.0319907	0.0241039	0.0209037	0.330717	0.113345
145	0.0720719	0.0337756	0.00130902	0.00117702	0.0859518	0.0273268	0.00103041	0.220265	0.000942211	0.190743	0.0446293	0.00470804	0.00127609	0.00205166	0.000952942	0.0346047	0.0657729	0.205054	0.00176795	0.00459042
146	0.126246	0.0249573	0.0297958	0.0130041	0.00963693	0.0640715	0.0153894	0.0155156	0.0129961	0.0382248	0.0177083	0.0259152	0.0186179	0.0129287	0.0118714	0.329617	0.185506	0.0408405	0.0026902	0.00446758
147	0.0175326	0.0116125	0.01495	0.0152262	0.315274	0.00374884	0.0188396	0.0562132	0.0179736	0.103813	0.0645494	0.0312152	0.00232606	0.00864519	0.0214591	0.0343414	0.0245848	0.0535068	0.01457	0.169619
148	0.0173656	0.0431463	0.0147893	0.0220498	0.176948	0.0293001	0.011765	0.0244219	0.0123729	0.0583264	0.0276423	0.0387088	0.00494739	0.0224583	0.0183676	0.0285232	0.0254859	0.0281162	0.28652	0.108745
149	0.0202388	0.00607187	0.00266953	0.00856657	0.0604331	0.00524573	0.00255699	0.26287	0.00513869	0.321108	0.103805	0.00211751	0.00247072	0.00544882	0.00646414	0.0144267	0.0215741	0.132227	0.00125664	0.0153105
150	0.0392497	0.00129316	0.228978	0.108806	0.00426932	0.03144	0.0334505	0.00986217	0.0632945	0.00571923	0.00582862	0.154568	0.00284631	0.046474	0.0370577	0.139547	0.0573473	0.00988366	0.0012817	0.0188035
151	0.0634608	0.00375729	0.0161262	0.0181818	0.00744674	0.00584924	0.020738	0.0880514	0.077917	0.0766178	0.0330559	0.0299322	0.158574	0.0421781	0.137018	0.0500252	0.0261431	0.0808361	0.0403216	0.0237699
152	0.0395319	0.00130311	0.227118	0.111255	0.00433681	0.0315369	0.0326405	0.00974238	0.0628026	0.00542494	0.00580145	0.155787	0.00172493	0.0472863	0.0372267	0.140175	0.0568142	0.00966648	0.00111592	0.0187096
153	0.348427	0.0156046	0.00952322	0.0181299	0.0254174	0.0210693	0.00774476	0.0162428	0.0112112	0.0155636	0.00746891	0.0222786	0.0203593	0.0223727	0.0220767	0.320003	0.0580223	0.0251911	0.00674313	0.00654993
154	0.131523	0.0314335	0.00556964	0.00445696	0.0128775	0.0183354	0.00493003	0.106492	0.0184083	0.0170845	0.0219736	0.00766181	0.0027833	0.00729351	0.00709688	0.124617	0.126773	0.337957	0.00257198	0.0101615
155	0.299394	0.00587503	0.0111787	0.0245217	0.0169181	0.00892238	0.0096022	0.0169585	0.0111109	0.0675851	0.0147523	0.0391663	0.204422	0.0415194	0.0233454	0.0849037	0.0687075	0.0356235	0.00790923	0.00758414
156	0.130788	0.0381211	0.0578151	0.0533371	0.0108813	0.245183	0.0320095	0.035165	0.0216304	0.0400457	0.0130415	0.0164748	0.00392855	0.0264542	0.01941	0.139467	0.0584713	0.0363283	0.00835554	0.0130922
157	0.0418867	0.013424	0.0212778	0.0323696	0.0819691	0.0155822	0.0511713	0.0477281	0.0772209	0.0510907	0.0316275	0.0488009	0.0252647	0.084635	0.134398	0.0688359	0.0641443	0.0446432	0.0135411	0.0503892
158	0.0485565	0.0201264	0.00589231	0.00462785	0.046241	0.0171191	0.00118846	0.270938	0.00303287	0.122728	0.0333784	0.00425252	0.00365045	0.00419397	0.00205533	0.0231389	0.0503918	0.334889	0.000973014	0.00262597
159	0.179905	0.0409711	0.0108002	0.00735906	0.0114905	0.0510657	0.0139205	0.0238305	0.0043702	0.0741996	0.0274889	0.0161022	0.0266021	0.00508979	0.00451793	0.213052	0.20863	0.075765	0.00169565	0.00314478
160	0.0256565	0.0083933	0.00697984	0.0138889	0.0832296	0.00596723	0.00921668	0.232493	0.0186548	0.234411	0.0783753	0.0133393	0.00445825	0.0138513	0.0311777	0.0237132	0.0348953	0.121202	0.00552151	0.0345762
161	0.130403	0.0356325	0.0438063	0.0592199	0.00944363	0.245824	0.0319302	0.0333689	0.0175203	0.0434105	0.0121121	0.0129702	0.00337528	0.0234707	0.0148655	0.162936	0.0660871	0.0352391	0.0071709	0.0112138
162	0.0268135	0.00995679	0.0092943	0.00770291	0.0226634	0.00746011	0.00109907	0.321688	0.0043144	0.0841823	0.0238988	0.00416352	0.00676062	0.00590427	0.00268514	0.0120354	0.0264897	0.421173	0.000538744	0.00117649
163	0.118475	0.0339578	0.00546479	0.00546284	0.052234	0.0406791	0.0156355	0.106056	0.00468303	0.144693	0.0339012	0.0118191	0.00981908	0.00531986	0.00559521	0.0757831	0.191143	0.130252	0.00236662	0.00666016
164	0.0422232	0.0717911	0.0170179	0.0144558	0.0134166	0.0223696	0.0125174	0.0197585	0.0164387	0.0334821	0.0190772	0.047553	0.0104473	0.0408576	0.0405553	0.253829	0.24934	0.0594136	0.00568487	0.00977034
165	0.0276797	0.00457947	0.00948059	0.0218723	0.0495072	0.00384797	0.00633762	0.275878	0.0242305	0.165034	0.086029	0.00785698	0.00402113	0.0307594	0.0174527	0.0260816	0.0287417	0.155758	0.00661383	0.048238
166	0.0585044	0.022501	0.00779985	0.00851027	0.0651586	0.0437214	0.00753756	0.162725	0.00627052	0.244498	0.0728788	0.0122062	0.00568892	0.0102607	0.00878795	0.0379629	0.0580366	0.15755	0.0026687	0.00673288
167	0.0742145	0.00447535	0.0461542	0.0424865	0.0190932	0.0157572	0.0168099	0.0162449	0.0663351	0.0202923	0.0147691	0.0923838	0.0673142	0.0162968	0.029448	0.225665	0.178162	0.0317318	0.00378909	0.0185778
168	0.148583	0.020162	0.033607	0.0387789	0.00855667	0.193194	0.0275698	0.0221861	0.0124849	0.0362012	0.0109399	0.0159865	0.00841213	0.0230663	0.0124756	0.265099	0.0781861	0.0335833	0.00465471	0.00627233
169	0.103284	0.0342627	0.00152248	0.00169366	0.0840092	0.0331636	0.00250488	0.178408	0.00131004	0.189163	0.0406094	0.00875683	0.00204967	0.00483934	0.00170225	0.0563416	0.0753473	0.174033	0.00206837	0.00493034
170	0.0513486	0.00554674	0.0259948	0.0299319	0.0103594	0.0141243	0.03366	0.021169	0.123411	0.041232	0.0143082	0.185665	0.0279777	0.0853629	0.137532	0.109099	0.0385535	0.0238746	0.00559217	0.0152588
171	0.351465	0.00267222	0.00939554	0.0364624	0.0232823	0.0036525	0.0123148	0.00862044	0.0242	0.00929229	0.00556162	0.0470942	0.0274312	0.0302605	0.0302353	0.261457	0.0583018	0.0314338	0.0144404	0.0124272
172	0.0672978	0.00329598	0.0892813	0.0304755	0.00703605	0.101284	0.0176842	0.012603	0.0402913	0.0354525	0.0254169	0.0867214	0.00581118	0.0507062	0.0506942	0.227166	0.117621	0.0215626	0.00267391	0.00692519
173	0.0200833	0.00828584	0.00500605	0.00610443	0.0643864	0.00829045	0.00684317	0.133457	0.00446737	0.357654	0.16873	0.00596217	0.0030041	0.0266665	0.00647045	0.0169952	0.0459807	0.102503	0.00241498	0.00669428
174	0.0540081	0.0108578	0.0300347	0.0327158	0.0224333	0.0489415	0.0240005	0.0665298	0.0378832	0.0444683	0.0622848	0.0360243	0.203783	0.0780738	0.0519057	0.0667933	0.0522063	0.0510257	0.0104308	0.0155993
175	0.0839679	0.0023889	0.0238564	0.0137541	0.0111303	0.00927193	0.042775	0.0339353	0.125417	0.027286	0.0176217	0.0609851	0.168821	0.0705232	0.147171	0.0668335	0.0194322	0.0468365	0.0151578	0.0128344
176	0.0137609	0.0279533	0.00912786	0.0218015	0.214269	0.0254416	0.01471	0.0170344	0.00831984	0.0455408	0.0209592	0.0262659	0.00281647	0.0196246	0.0126776	0.0245771	0.0174874	0.0204347	0.281153	0.176045
177	0.0229625	0.0079025	0.030473	0.016049	0.120857	0.00454958	0.0103387	0.132378	0.0118753	0.183879	0.121137	0.0311563	0.00345624	0.0110736	0.0150556	0.0273973	0.0392927	0.11108	0.010689	0.0883989
178	0.136185	0.0196063	0.045815	0.0497031	0.00812171	0.244764	0.0369216	0.052404	0.0162644	0.0441734	0.0191737	0.0246017	0.0041857	0.019992	0.0162515	0.137431	0.0518651	0.0479804	0.0150442	0.00951665
179	0.189459	0.0409578	0.00407961	0.0037406	0.0179214	0.0367891	0.00522196	0.0598661	0.00909753	0.0371361	0.0354012	0.00638808	0.00592367	0.00506222	0.00516487	0.118132	0.168123	0.23724	0.00189468	0.012401
180	0.128328	0.0626981	0.0383555	0.0378358	0.0178187	0.19338	0.0231352	0.0320467	0.0180039	0.0433405	0.0176674	0.02093	0.00581987	0.0227305	0.0183612	0.176819	0.0795087	0.0410133	0.00850409	0.0137032
181	0.0226252	0.0118923	0.0115471	0.0144483	0.0954084	0.0118483	0.0134441	0.0371861	0.0111782	0.178405	0.235177	0.0180445	0.00665344	0.0819496	0.0174097	0.0561183	0.0803129	0.0779188	0.00516904	0.0132635
182	0.0792968	0.0367834	0.000640285	0.000535936	0.0929591	0.0300661	0.00109993	0.206423	0.000685333	0.194883	0.0437657	0.0046355	0.000713773	0.00183196	0.000786458	0.0381925	0.0698156	0.190158	0.00194328	0.00478395
183	0.0155373	0.0118688	0.0138873	0.011671	0.383323	0.00332301	0.0127122	0.0538311	0.0101603	0.0925368	0.0724081	0.0255865	0.00238846	0.00673962	0.018169	0.0410498	0.0194169	0.0543186	0.0118927	0.139179
184	0.0377604	0.0128782	0.0100807	0.00720432	0.0235255	0.010548	0.00138809	0.296068	0.00505872	0.0808619	0.0242615	0.00445087	0.00582915	0.00590051	0.00284336	0.0183758	0.0342353	0.415989	0.000700618	0.00203948
185	0.0170959	0.0139324	0.0221652	0.0163536	0.332258	0.00338754	0.0142082	0.0577962	0.0122355	0.102848	0.0744378	0.0327242	0.002705	0.00716023	0.0219299	0.0373195	0.0245971	0.0532844	0.0144342	0.139127
186	0.368366	0.0459076	0.00380915	0.00490109	0.0396834	0.0548988	0.00496273	0.0191457	0.00388755	0.0288292	0.0138908	0.00592327	0.00412996	0.00809983	0.00721412	0.316419	0.050072	0.01465	0.00181489	0.00339474
187	0.247587	0.0179644	0.0152071	0.0104594	0.0167175	0.0311688	0.0104425	0.0129686	0.00627494	0.0311429	0.0104031	0.0156919	0.025308	0.0121743	0.0106823	0.365545	0.107786	0.0455078	0.00372511	0.0032435
188	0.022055	0.00813962	0.00112994	0.00239595	0.0668687	0.00695841	0.00278566	0.184405	0.00130332	0.400493	0.12497	0.00176105	0.00126247	0.00298527	0.0021359	0.00739233	0.0270087	0.132318	0.000633507	0.00299913
189	0.0607574	0.0275643	0.00103675	0.00130312	0.0774224	0.0231658	0.00126084	0.222795	0.00092394	0.240089	0.0634647	0.00347542	0.00118674	0.00199953	0.00108766	0.0271865	0.0561324	0.184045	0.00140052	0.00370402
190	0.0383031	0.00801516	0.0752854	0.103991	0.0169211	0.0205287	0.0352055	0.0426334	0.0673441	0.0546704	0.026246	0.0900884	0.0137781	0.075586	0.0597789	0.0856452	0.0951868	0.0583034	0.00454257	0.0279464
191	0.0114831	0.00225391	0.00263722	0.00204392	0.382723	0.00620574	0.0354325	0.0063025	0.00798042	0.0236355	0.0103614	0.0208719	0.00092831	0.012122	0.0141749	0.0297074	0.00992325	0.0132764	0.00273173	0.405205
192	0.175996	0.0439068	0.00502547	0.00458539	0.0149921	0.0302538	0.00682536	0.067151	0.0089282	0.0440558	0.0267634	0.00884776	0.00927364	0.00592484	0.00661483	0.161036	0.178427	0.191306	0.00232958	0.00775691
193	0.0783475	0.0363637	0.000698197	0.000694149	0.0931922	0.0294479	0.00123026	0.208161	0.00103602	0.192226	0.0441353	0.00453422	0.000740942	0.00184697	0.000849348	0.0377307	0.0687658	0.191331	0.00235097	0.00631786
194	0.0279344	0.00981466	0.00933821	0.00796991	0.0243593	0.00747276	0.00130645	0.318082	0.00470366	0.0852076	0.0248902	0.00413541	0.00660474	0.00604436	0.00287749	0.0126065	0.0263927	0.416507	0.000790471	0.00296224
195	0.354772	0.00677253	0.0104327	0.0216279	0.0268745	0.00911104	0.00835481	0.0108786	0.0140073	0.0189531	0.00811429	0.0297136	0.0508524	0.0211197	0.0201072	0.228557	0.0837014	0.0515204	0.0168666	0.00766305
