234	20
1	0.0233325	0.00283697	0.000147952	0.000880307	0.0189672	0.00208221	0.000205392	0.378413	0.000176102	0.262175	0.0412517	0.000503725	0.00105074	0.00161021	0.000259326	0.0091667	0.0162961	0.239595	0.000149515	0.000900531
2	0.109171	0.0107035	0.000665841	0.00901305	0.0759308	0.0416914	0.0022968	0.177016	0.00196051	0.148734	0.0396267	0.00445265	0.00048278	0.00283397	0.00184271	0.0610045	0.0886371	0.205592	0.0106213	0.00772382
3	0.0603126	0.00948255	0.000199371	0.000415155	0.0444995	0.0116524	0.000207198	0.269043	0.000145963	0.331091	0.0355493	0.00038895	0.00313874	0.000627721	0.00018808	0.0155474	0.0188065	0.196546	0.000536549	0.00162177
4	0.079289	0.0107492	0.000290027	0.000472206	0.0610268	0.0165629	0.000385065	0.193438	0.000142128	0.370698	0.0429721	0.000360745	0.0042173	0.000796177	0.000143663	0.0166546	0.0211258	0.176804	0.00100096	0.00287219
5	0.0426783	0.00423356	0.000173032	0.000234175	0.126015	0.0137815	0.00135064	0.144148	0.000164601	0.477188	0.0433387	0.000243854	0.00550634	0.000763841	0.0011617	0.0120847	0.0133141	0.104107	0.00254378	0.00696954
6	0.221063	0.00965257	0.00101863	0.00195617	0.0555669	0.12483	0.00013886	0.104173	7.80539e-05	0.216439	0.0256567	0.000158705	0.00215743	0.00202176	0.000103809	0.0370932	0.0328998	0.16473	7.91958e-05	0.000182945
7	0.122967	0.0122341	0.000622098	0.00684369	0.0767196	0.0367378	0.00220097	0.175999	0.0014738	0.148162	0.0464917	0.00422729	0.000434876	0.0028167	0.00167481	0.0658047	0.0802735	0.1988	0.00851696	0.00699973
8	0.621117	0.030484	0.000218153	0.000327472	0.00855956	0.0785048	0.000271225	0.00591724	0.00018174	0.00551033	0.00811823	0.00341709	0.00028664	0.000399537	0.000232042	0.200548	0.0253479	0.0086047	0.00161791	0.000336643
9	0.108145	0.0113603	0.000612396	0.00784528	0.0762423	0.0448645	0.00226038	0.173524	0.00224766	0.146965	0.0393452	0.00425955	0.000412616	0.00262069	0.00180334	0.0603753	0.0872649	0.209129	0.0124017	0.00832086
10	0.0410583	0.000663834	0.000695636	0.00882015	0.020843	0.00375242	0.0376304	0.03091	0.145335	0.0462193	0.0455174	0.00248768	0.000943181	0.0716709	0.41115	0.0500855	0.0289076	0.0140825	0.0314437	0.00778288
11	0.0220491	0.00227811	0.000201118	0.000289496	0.194814	0.00650878	0.00216502	0.104296	0.000191908	0.515288	0.0486098	0.000262101	0.00491922	0.00132673	0.00131351	0.00645114	0.00767815	0.0668567	0.00379218	0.0107082
12	0.00655244	0.00109846	0.00465863	0.0156303	0.0030833	0.126618	0.0562257	0.00387225	0.273442	0.0131682	0.0165857	0.0545446	0.00128681	0.0614407	0.302902	0.030141	0.00640698	0.00532963	0.00100815	0.0160055
13	0.0307733	0.000966386	0.000277025	0.0012105	0.0299537	0.00442548	0.000937808	0.271176	0.00019522	0.268935	0.066874	0.000905057	0.00168528	0.0202027	0.00091813	0.00937061	0.0273966	0.260279	0.000680462	0.00283813
14	0.103103	0.00109181	0.0109136	0.00551142	0.00708935	0.0555928	0.033216	0.00799108	0.0124639	0.0173936	0.0107598	0.0353637	0.347877	0.0153828	0.0010059	0.207609	0.0915494	0.0337961	0.000948921	0.00134148
15	0.13314	0.00134532	0.0129912	0.012313	0.0140015	0.0311143	0.026758	0.0157182	0.00506078	0.0479198	0.0229938	0.042003	0.264367	0.019598	0.00114142	0.148925	0.146321	0.0517955	0.000858159	0.00163534
16	0.0207364	0.00366611	0.00013069	0.00077328	0.014567	0.0017342	0.000210221	0.407689	0.000141905	0.224177	0.0367237	0.000855351	0.000813187	0.00130143	0.000215702	0.00849411	0.0134982	0.263315	0.000139835	0.000816859
17	0.0369003	0.00396564	0.00014606	0.000505274	0.0319893	0.00605997	0.000240043	0.308291	0.000146671	0.32255	0.0425714	0.000364725	0.0033184	0.00137987	0.000219581	0.00842015	0.0154384	0.21602	0.000342838	0.00113062
18	0.570869	0.0333179	0.000232903	0.000456137	0.0144522	0.136763	0.000339792	0.00636062	0.000289485	0.00568171	0.0104029	0.00402498	0.000404178	0.000600943	0.000323331	0.179893	0.0227021	0.00996022	0.0023796	0.000545957
19	0.0250775	0.00517739	0.000483464	0.00462479	0.310835	0.011648	0.0120748	0.058065	0.000741853	0.257371	0.0464078	0.0011118	0.00469029	0.00487637	0.00440512	0.00657081	0.00633832	0.0412086	0.00219264	0.1961
20	0.0298038	0.00143533	0.000158987	0.00030317	0.114534	0.00448824	0.000724149	0.205683	0.000148254	0.425652	0.0608673	0.000255471	0.00212864	0.00238147	0.000401758	0.00409765	0.0131416	0.119753	0.00304408	0.0109973
21	0.0791771	0.010973	6.77879e-05	0.000101178	0.0628127	0.0163111	7.57698e-05	0.195527	7.8126e-05	0.376583	0.040672	0.000100534	0.00455692	0.000244831	6.53491e-05	0.0124219	0.0173951	0.179728	0.000837924	0.00227032
22	0.375606	0.0164306	0.000642758	0.00120347	0.00713855	0.0706693	0.000703723	0.0488538	0.000715055	0.0202639	0.00998404	0.00426597	0.00220768	0.00137227	0.000650694	0.117862	0.224294	0.0920574	0.00124298	0.00383676
23	0.0784084	0.00176536	0.00618081	0.000948125	0.0047147	0.827284	0.0011619	0.00445376	0.00068674	0.00699014	0.00352499	0.00361546	0.00369359	0.00140508	0.000583629	0.0370695	0.00995194	0.0057563	0.000687443	0.00111784
24	0.0574124	0.00237185	0.000285239	0.00353059	0.0318652	0.0123941	0.00108305	0.27273	0.0002399	0.153518	0.0662125	0.00113132	0.00107047	0.00341469	0.00101095	0.0143793	0.0351385	0.338162	0.0010614	0.00298861
25	0.0791771	0.010973	6.77879e-05	0.000101178	0.0628127	0.0163111	7.57698e-05	0.195527	7.8126e-05	0.376583	0.040672	0.000100534	0.00455692	0.000244831	6.53491e-05	0.0124219	0.0173951	0.179728	0.000837924	0.00227032
26	0.0756678	0.0107601	7.90757e-05	0.000134442	0.0582895	0.0150693	9.84089e-05	0.212356	8.76166e-05	0.365508	0.0387033	0.000144792	0.00411432	0.000332448	7.83872e-05	0.0128829	0.0175326	0.185284	0.000770728	0.00210661
27	0.297549	0.00868973	0.0110935	0.00214921	0.00622958	0.207016	0.00473889	0.00562115	0.0024557	0.0126805	0.00728353	0.0239956	0.0132556	0.0090344	0.000934196	0.316574	0.0532072	0.0152779	0.00112735	0.00108751
28	0.110881	0.00165692	0.0175609	0.00540341	0.00716754	0.111038	0.0281551	0.00908344	0.0183404	0.0156662	0.0103341	0.0365767	0.282678	0.019934	0.00219933	0.212475	0.0817813	0.0264567	0.00106379	0.00154851
29	0.0326126	0.0014401	0.00015858	0.000215886	0.127308	0.00477263	0.000785577	0.181839	0.000151887	0.445996	0.0643172	0.000258485	0.0025114	0.00209511	0.000482306	0.00370851	0.0111454	0.105162	0.00333161	0.0117075
30	0.615271	0.0191354	0.000231446	0.000288028	0.00510756	0.0897684	0.00024827	0.00371887	0.000156641	0.00731668	0.00650332	0.00350764	0.000284841	0.000401707	0.000222683	0.217726	0.0233584	0.00563876	0.000808915	0.000305174
31	0.0748098	0.00166864	0.0526816	0.11482	0.0324575	0.0323917	0.0433884	0.0465999	0.0561439	0.0278921	0.0348538	0.0520427	0.0356505	0.0895472	0.0691799	0.10353	0.069369	0.0430089	0.00216328	0.0178017
32	0.0264923	0.000811768	0.000136459	0.0002212	0.133821	0.00384792	0.000846138	0.176765	0.000146705	0.458134	0.0583733	0.000258891	0.00193238	0.0025346	0.000520241	0.00321602	0.0125672	0.101315	0.00372558	0.0143348
33	0.0824949	0.00219747	0.00781008	0.0012073	0.00466309	0.808856	0.00122095	0.00528141	0.00110795	0.00764767	0.00320279	0.00452392	0.00206862	0.0015783	0.00107846	0.0437968	0.0136065	0.00606523	0.000560771	0.00103152
34	0.0376101	0.00676324	0.000150399	0.000936076	0.00821834	0.00460594	0.000202456	0.428111	0.000138793	0.09685	0.0164726	0.00132085	0.000220736	0.000303934	0.000142684	0.00706893	0.0116521	0.378706	0.000153126	0.000372515
35	0.129594	0.010398	0.000254817	0.00193253	0.0139377	0.0183432	0.000421281	0.243385	0.000350601	0.0664923	0.0248452	0.00062742	0.00129605	0.000625004	0.000436886	0.0227592	0.0448021	0.41579	0.00174307	0.00196534
36	0.0183075	0.00481483	0.000315127	0.000377856	0.256041	0.00575719	0.00187385	0.0909819	0.000268312	0.483391	0.0442218	0.000410263	0.00473438	0.001287	0.00138616	0.0055386	0.00601917	0.0621207	0.00353114	0.00862283
37	0.0314984	0.00298782	0.00117309	0.00218892	0.0606575	0.00866056	0.00224763	0.0935426	0.00195304	0.423375	0.222038	0.00249418	0.00505395	0.00386326	0.00276239	0.0254598	0.0257547	0.0745385	0.00243714	0.00731304
38	0.0209199	0.00199312	0.00162406	0.0025474	0.00595845	0.00664964	0.00237192	0.0120807	0.00164861	0.331217	0.489802	0.00255732	0.00286519	0.00284625	0.00172429	0.0360113	0.0426071	0.0303087	0.00166126	0.00260652
39	0.0242633	0.00762718	0.00102264	0.0089695	0.496413	0.013288	0.0168244	0.0348746	0.00103293	0.147299	0.0243833	0.00205542	0.00282653	0.00592353	0.00599095	0.00971495	0.0077204	0.0343871	0.0018452	0.153538
40	0.0542039	0.0022141	0.00167671	0.019801	0.006673	0.0068927	0.00256762	0.096925	0.00158579	0.0602693	0.13166	0.00290085	0.00235488	0.00352708	0.0018352	0.0742206	0.420868	0.105207	0.00164911	0.0029675
41	0.0289083	0.00498437	0.000154366	0.000827449	0.0134447	0.00271006	0.00016032	0.415336	0.000135673	0.186347	0.0272846	0.000921361	0.00070187	0.000921376	0.000178942	0.007326	0.0123205	0.29655	0.000163562	0.000624001
42	0.0716317	0.00153791	0.00790008	0.000994398	0.00472828	0.838665	0.00121636	0.00383655	0.00101568	0.0055378	0.00287317	0.00432906	0.00127496	0.00170448	0.000952174	0.0357086	0.00956235	0.00500776	0.000549106	0.000974887
43	0.0189942	0.00126218	0.000239441	0.000793259	0.0294299	0.00258134	0.000457789	0.280233	0.000255513	0.378975	0.0613532	0.000451511	0.0012643	0.00197319	0.000420133	0.00619512	0.0179489	0.193126	0.000788295	0.00325786
44	0.0332413	0.000583891	0.137361	0.12537	0.00319003	0.0361227	0.0436691	0.0136398	0.100339	0.0113729	0.00744048	0.0539452	0.0444731	0.104412	0.11657	0.0863147	0.0506858	0.0181723	0.000382938	0.0127147
45	0.0237865	0.00208754	0.000206304	0.000287204	0.174074	0.005731	0.00154147	0.137872	0.000142005	0.485412	0.0553026	0.000271024	0.00394993	0.00158338	0.00107768	0.00483501	0.00822794	0.0795615	0.00361387	0.0104374
46	0.0257812	0.00156782	0.421654	0.00245634	0.00751801	0.0088872	0.0292116	0.00565223	0.00172078	0.00850339	0.00555291	0.316326	0.00197142	0.0246162	0.0016444	0.119065	0.00693594	0.00730542	0.00116033	0.0024709
47	0.0203027	0.00225019	0.000288425	0.000450292	0.179806	0.00942045	0.00387792	0.0986317	0.000210842	0.528285	0.04136	0.00046525	0.0100856	0.00132911	0.00300457	0.00712936	0.0060088	0.0736546	0.00387136	0.00956777
48	0.302834	0.0236989	0.00072825	0.00141221	0.0255694	0.0368311	0.0010547	0.140137	0.00184162	0.0895336	0.0726561	0.00680476	0.0106419	0.00585835	0.000671037	0.0850475	0.0434745	0.129917	0.00653766	0.0147501
49	0.0214065	0.00233537	0.000201497	0.000301453	0.195788	0.00647382	0.00198316	0.105632	0.000169626	0.517681	0.0468903	0.000275435	0.00527475	0.00111691	0.00149791	0.00587489	0.00688485	0.0665553	0.00384775	0.00980932
50	0.10482	0.0103763	0.000599285	0.00704982	0.0795367	0.0514953	0.00214377	0.169818	0.00391825	0.144355	0.0377612	0.00406634	0.000619645	0.00248601	0.00169028	0.0556188	0.0827268	0.214915	0.0165729	0.00943082
51	0.208642	0.0178865	0.000522553	0.00483179	0.0583557	0.0443509	0.00204685	0.133166	0.00200826	0.116149	0.0559753	0.0123063	0.00194333	0.00511407	0.00173892	0.0766656	0.0726961	0.159364	0.00951092	0.0167264
52	0.11793	0.00271573	0.00446802	0.00125914	0.00568365	0.749444	0.00145087	0.00806217	0.000734969	0.0119381	0.00469649	0.00423862	0.00465385	0.0022244	0.000542734	0.045203	0.0219444	0.010973	0.000756963	0.00107994
53	0.169171	0.0208275	0.000721199	0.00113642	0.015393	0.220538	0.00101089	0.0882952	0.000789894	0.103423	0.0244079	0.00105184	0.0264818	0.00120105	0.000709038	0.138959	0.116976	0.0672632	0.00056416	0.00107912
54	0.221949	0.0105186	0.00108625	0.00193687	0.0549453	0.126488	0.000175934	0.102114	0.00012082	0.215243	0.0296012	0.000434203	0.00261122	0.00201925	0.000114754	0.0397465	0.0318794	0.158239	0.000210892	0.00056549
55	0.0502693	0.00587539	0.0218174	0.111519	0.0229295	0.0259343	0.0194077	0.0355285	0.0311505	0.0397882	0.0810189	0.0188298	0.0157675	0.322584	0.0469712	0.0542004	0.0398748	0.0383698	0.00583632	0.0123275
56	0.0305955	0.000517056	0.000469635	0.00251815	0.0341794	0.00849792	0.00146428	0.244837	0.000237298	0.202034	0.108106	0.00146801	0.0015503	0.00538683	0.00137055	0.0123195	0.0348013	0.30364	0.000650773	0.00535655
57	0.220905	0.00963692	0.00101568	0.00197005	0.0555249	0.124533	0.000138819	0.104466	7.78869e-05	0.216513	0.0256071	0.000157228	0.00214025	0.00202872	0.000103818	0.037058	0.0329539	0.164907	7.92763e-05	0.000183615
58	0.615271	0.0191354	0.000231446	0.000288028	0.00510756	0.0897684	0.00024827	0.00371887	0.000156641	0.00731668	0.00650332	0.00350764	0.000284841	0.000401707	0.000222683	0.217726	0.0233584	0.00563876	0.000808915	0.000305174
59	0.0612753	0.00726607	9.06104e-05	0.00018126	0.0641258	0.0119754	0.000129055	0.224546	9.13798e-05	0.361434	0.0427022	0.000150411	0.00364578	0.00120454	8.41325e-05	0.00992118	0.0204671	0.186671	0.000921751	0.0031177
60	0.072859	0.00568147	0.000656284	0.00719601	0.0789968	0.0201759	0.0116369	0.207632	0.000962056	0.21234	0.057287	0.00277561	0.000885587	0.00532525	0.00108853	0.0368108	0.0547453	0.178127	0.00953886	0.0352792
61	0.0326721	0.00165925	0.000333296	0.00132078	0.0967423	0.00428837	0.00228774	0.213887	0.000184487	0.372187	0.0615202	0.000389073	0.00123912	0.00493533	0.000330718	0.0055484	0.0229316	0.156951	0.00382344	0.0167686
62	0.505428	0.0157403	0.000225555	0.000288109	0.00454793	0.25134	0.000349699	0.00327252	0.000192945	0.00632422	0.0058347	0.00286163	0.000351446	0.000485432	0.000268429	0.174057	0.0220871	0.00523975	0.000717425	0.000388836
63	0.346805	0.0338802	0.000312461	0.000547755	0.0212072	0.0478154	0.000471146	0.109235	0.0023715	0.0814231	0.0714543	0.00923739	0.00519712	0.00739975	0.000338846	0.09178	0.0458197	0.0945671	0.0089607	0.021176
64	0.323108	0.0291274	0.000277992	0.00134262	0.0240957	0.0444217	0.000512521	0.120013	0.00223202	0.0810312	0.065528	0.00841512	0.00402554	0.0071829	0.000475263	0.0900214	0.0571067	0.111511	0.00950922	0.0200616
65	0.0777665	0.0107278	7.57353e-05	0.000101076	0.0640906	0.0159915	0.000100416	0.195302	7.36288e-05	0.377434	0.0425122	0.000109448	0.00466965	0.000254912	8.16803e-05	0.012246	0.0172081	0.17824	0.000808669	0.00220612
66	0.551233	0.0124986	0.00076099	0.00207658	0.00670446	0.0502624	0.000933209	0.00596661	0.000597189	0.0072297	0.0213265	0.00282172	0.00146089	0.0011371	0.000795207	0.25019	0.0744919	0.00733537	0.00101015	0.0011685
67	0.0417281	0.00317332	0.00162904	0.00534505	0.109251	0.00839626	0.023593	0.153481	0.00100589	0.342855	0.101561	0.00239873	0.00351435	0.014297	0.00160812	0.0340518	0.0264532	0.0998938	0.0038016	0.0219633
68	0.0963129	0.0038524	0.00952017	0.00627691	0.00708175	0.0626925	0.00272571	0.0107453	0.00233151	0.0213973	0.00688883	0.00619181	0.0150263	0.00344785	0.00205533	0.580587	0.124933	0.0342171	0.00119169	0.00252526
69	0.10567	0.0040178	0.0120866	0.00485249	0.00679361	0.0671783	0.00335163	0.00851507	0.00153873	0.0167454	0.00846207	0.00866611	0.0134152	0.00339836	0.00118027	0.615969	0.0850265	0.0290386	0.00157595	0.00251829
70	0.157769	0.00686195	0.00293523	0.00869109	0.0210643	0.045101	0.00333694	0.0306237	0.00229404	0.0439106	0.0208215	0.00824521	0.0176927	0.00437018	0.00228103	0.222627	0.3215	0.071935	0.00355697	0.00438346
71	0.326342	0.0191192	0.000778019	0.00143421	0.0199467	0.0321776	0.000787555	0.121471	0.00181016	0.086956	0.0619842	0.00606418	0.00467313	0.00554534	0.000728166	0.0660683	0.0773158	0.147284	0.00646882	0.0130448
72	0.0369166	0.00586709	0.000137361	0.00101776	0.00952146	0.00444556	0.000210126	0.418874	0.000128957	0.112248	0.0207062	0.00114949	0.000231372	0.000465633	0.000171754	0.00682201	0.0124767	0.368001	0.000146624	0.000461744
73	0.0770846	0.010603	0.00035497	0.00169676	0.0307561	0.0172105	0.000380387	0.288277	0.000259123	0.182138	0.0308879	0.000940991	0.00170627	0.000633998	0.000341763	0.0179006	0.0242758	0.311343	0.00126854	0.00194006
74	0.0652384	0.00349067	0.00134681	0.0034639	0.0356333	0.0168979	0.00371529	0.182071	0.000534926	0.251868	0.0960804	0.00326666	0.00146433	0.00964302	0.00139114	0.0454791	0.0505146	0.221711	0.00189265	0.00429696
75	0.0985833	0.000815237	0.0180679	0.0301735	0.0030835	0.00434315	0.00292532	0.00414373	0.244131	0.028223	0.00415587	0.0318469	0.00992259	0.0431639	0.322091	0.110218	0.0290926	0.0122598	0.00111814	0.00164143
76	0.0611002	0.0102662	0.00634795	0.0110595	0.038411	0.0201411	0.0100935	0.178658	0.000852992	0.293606	0.0745449	0.00305662	0.000907577	0.0135709	0.00109838	0.0489885	0.0740828	0.135666	0.00334573	0.014202
77	0.02662	0.00100527	0.000295789	0.000659902	0.120269	0.00419388	0.00178007	0.172516	0.000174195	0.472582	0.0576063	0.000280298	0.00195456	0.00295948	0.000561596	0.00457377	0.0139121	0.0979536	0.00368125	0.0164203
78	0.0765839	0.000803846	0.0290493	0.0715024	0.016844	0.0334829	0.0244775	0.0986979	0.05613	0.0361881	0.0575283	0.0451377	0.0113541	0.0505474	0.0660459	0.120244	0.103262	0.0711513	0.000428962	0.0305404
79	0.302794	0.0179545	0.000448196	0.000673562	0.00775894	0.076506	0.000620043	0.0491821	0.000519021	0.031907	0.0132774	0.00417943	0.00423121	0.000705926	0.000419989	0.159164	0.223272	0.101701	0.00117648	0.00350904
80	0.0266413	0.000785156	0.000317692	0.00156868	0.0437581	0.00588689	0.00129927	0.224883	0.000256655	0.266488	0.0897688	0.00113794	0.00158551	0.0052119	0.00117037	0.00984818	0.0434949	0.27033	0.000927004	0.0046413
81	0.502842	0.0147315	0.000224579	0.000300807	0.00409365	0.253556	0.000345399	0.00302371	0.000200861	0.00666562	0.00559189	0.00292908	0.000385405	0.000513654	0.000276456	0.176814	0.021803	0.00465272	0.000637672	0.000411663
82	0.0529691	0.00566147	0.000172959	0.00182464	0.0147997	0.00816819	0.000185491	0.396094	0.000130009	0.090774	0.0253337	0.000883105	0.000181006	0.000300158	0.000127405	0.00723772	0.0178113	0.376532	0.000154545	0.000659506
83	0.095836	0.00859601	0.00290345	0.00572354	0.042739	0.0386077	0.00495083	0.112886	0.00282237	0.274852	0.0516569	0.00780378	0.0112646	0.00680096	0.00278363	0.125093	0.0602677	0.133989	0.00401934	0.00640435
84	0.0197907	0.00253734	0.000162609	0.000650914	0.0157544	0.00150603	0.00019185	0.38509	0.000178504	0.272303	0.0378489	0.000517221	0.00126464	0.00137618	0.000181108	0.00705514	0.012832	0.239898	0.000200399	0.00066121
85	0.0289296	0.00851189	0.000367073	0.000631015	0.236171	0.00767218	0.00160731	0.108729	0.000305168	0.44042	0.0495114	0.000409904	0.00457479	0.00132911	0.00110242	0.00710671	0.00818138	0.0841469	0.00279792	0.00749614
86	0.042689	0.00464787	0.0571059	0.127706	0.0149872	0.0274373	0.0258032	0.0246532	0.0483955	0.0294084	0.0443557	0.024436	0.0256103	0.30535	0.0611636	0.0539352	0.0371338	0.0312305	0.00357817	0.0103732
87	0.00882512	0.00137805	0.607163	0.217002	0.00365212	0.0167046	0.00227148	0.0250276	0.00234311	0.0075362	0.00430642	0.0197396	0.00237489	0.00348861	0.00294575	0.0176021	0.0273604	0.0173489	0.00107212	0.0118579
88	0.0180486	0.00154904	0.000171992	0.000686248	0.0163362	0.00134884	0.000196574	0.3723	0.000177079	0.298581	0.0411046	0.000396312	0.00142773	0.00151423	0.000214861	0.00656162	0.0129888	0.225465	0.000176235	0.000755207
89	0.391294	0.0341783	0.00032016	0.000507344	0.0194662	0.0440973	0.000396947	0.0955039	0.00218282	0.0653513	0.0644261	0.00863333	0.00413355	0.00729682	0.000339488	0.0925072	0.0485505	0.0907491	0.0110445	0.0190217
90	0.173739	0.00843954	0.000413148	0.00147428	0.00981455	0.0117374	0.000475919	0.184259	0.000363338	0.0660098	0.0182309	0.000699864	0.0024481	0.000616036	0.000356343	0.0274446	0.0563739	0.434078	0.00139642	0.00162987
91	0.0529755	0.00599053	0.00015402	0.00156874	0.0121545	0.00954334	0.000189896	0.396715	0.000138063	0.0918803	0.021759	0.000932004	0.000245915	0.00037128	0.000162267	0.00734308	0.0164992	0.380775	0.000176152	0.000425662
92	0.0755432	0.00948102	7.66903e-05	0.000108664	0.0661558	0.0156295	0.00011859	0.194496	7.13394e-05	0.383563	0.0437436	0.000106182	0.00533334	0.000294476	8.03987e-05	0.0119596	0.0173391	0.172904	0.000776826	0.00221884
93	0.0286208	0.00139936	0.000181708	0.000241668	0.144384	0.00555857	0.00120634	0.161447	0.000163757	0.466795	0.0643228	0.000242704	0.00330056	0.00169903	0.000738803	0.00433845	0.00942554	0.0914437	0.00335427	0.0111359
94	0.0313316	0.000512727	0.000176131	0.00156144	0.0234066	0.00510443	0.00121472	0.260394	0.000143714	0.243904	0.0696034	0.00129751	0.0015649	0.00894577	0.00136581	0.0112257	0.0278757	0.307954	0.000307632	0.00210986
95	0.111409	0.00100074	0.0184719	0.0036261	0.00631187	0.110848	0.0300213	0.00623102	0.0159399	0.0135641	0.00944387	0.0397101	0.287255	0.0207691	0.000904028	0.213976	0.0830854	0.0253601	0.000816929	0.0012562
96	0.112775	0.00980557	0.000924792	0.00892699	0.0811492	0.0365175	0.00292919	0.170394	0.00153607	0.156113	0.0531459	0.00901506	0.000609764	0.00490138	0.00195443	0.0675258	0.0791862	0.184143	0.00997559	0.00847223
97	0.0208215	0.00252646	0.00019975	0.00030227	0.198559	0.00659904	0.00207007	0.102847	0.000176336	0.518642	0.0469201	0.00026659	0.00540569	0.00109111	0.00152146	0.0059752	0.0067214	0.0654654	0.00403578	0.00985371
98	0.224655	0.00151588	0.0373357	0.00254384	0.00768046	0.254382	0.0167916	0.00615144	0.00437824	0.0212075	0.0181225	0.0718212	0.0225013	0.0426058	0.00126616	0.176422	0.0664157	0.0206873	0.00123219	0.00228417
99	0.221023	0.00961989	0.0010071	0.00195994	0.055551	0.123956	0.000143809	0.104653	7.88618e-05	0.216321	0.0255747	0.000164574	0.00214257	0.00203509	0.000103826	0.0371555	0.0330805	0.165167	7.93042e-05	0.000183343
100	0.214663	0.00964517	0.000970667	0.00190214	0.0558992	0.119754	0.000135437	0.108703	7.57728e-05	0.222899	0.0261254	0.000151074	0.0022464	0.00196813	0.00010269	0.0358553	0.03239	0.166079	0.000120896	0.000314075
101	0.0746104	0.00930516	7.61478e-05	0.000213873	0.0612765	0.0149684	0.00021408	0.196938	7.03657e-05	0.367554	0.0449964	0.00020368	0.00522153	0.000846117	0.000160837	0.0122603	0.0184028	0.189871	0.00072029	0.00209029
102	0.0791771	0.010973	6.77879e-05	0.000101178	0.0628127	0.0163111	7.57698e-05	0.195527	7.8126e-05	0.376583	0.040672	0.000100534	0.00455692	0.000244831	6.53491e-05	0.0124219	0.0173951	0.179728	0.000837924	0.00227032
103	0.22113	0.00968234	0.00102575	0.00196359	0.0556546	0.125378	0.000140737	0.103759	7.83295e-05	0.216342	0.0257632	0.000159358	0.00219724	0.0020075	0.000104225	0.0371677	0.0328149	0.164371	7.92644e-05	0.000181987
104	0.0321372	0.000607544	0.146797	0.129177	0.00268632	0.0325458	0.0424735	0.00953899	0.0963319	0.0120487	0.0050198	0.0433825	0.0721971	0.111667	0.122083	0.0720855	0.0446835	0.0161926	0.000396296	0.00794875
105	0.00859078	0.00142063	0.607021	0.219077	0.00340151	0.0167272	0.00244636	0.0237809	0.00310158	0.00717368	0.00395469	0.0194942	0.0026476	0.0041005	0.00301823	0.0177777	0.0268626	0.0166952	0.00117049	0.0115384
106	0.0707726	0.00800245	0.000391314	0.000785691	0.0586518	0.0169659	0.000656155	0.196529	0.000159245	0.374523	0.0467859	0.000440385	0.00395955	0.00146921	0.000282327	0.017961	0.0263128	0.171755	0.000954973	0.00264189
107	0.0280102	0.00161468	0.000560127	0.00162426	0.122802	0.00499597	0.0042802	0.185437	0.000246321	0.406892	0.0589449	0.000595289	0.00209308	0.00635576	0.000571079	0.00865431	0.0213742	0.121836	0.00403504	0.0190779
108	0.0264687	0.000522508	0.000245637	0.00163208	0.035057	0.00563778	0.00131221	0.229419	0.00024764	0.249951	0.0917499	0.00123933	0.0016477	0.00578902	0.00124942	0.0105825	0.0423908	0.290658	0.000653653	0.00354592
109	0.0774503	0.00575487	0.00185324	0.00312571	0.0383993	0.021945	0.00315799	0.184123	0.000364878	0.356377	0.0764062	0.0034453	0.00200101	0.00423062	0.000495504	0.0573304	0.0441654	0.115071	0.00103294	0.00327049
110	0.185996	0.00462511	0.000641939	0.00131423	0.0452797	0.0688859	0.000688874	0.0257542	0.000546025	0.0441076	0.00617987	0.0104358	0.00213992	0.00119074	0.000706924	0.217162	0.310868	0.0628767	0.00777695	0.00282362
111	0.225012	0.00164617	0.000490483	0.000803303	0.0112634	0.00391716	0.00063607	0.0959268	0.000399865	0.0845015	0.0189237	0.000736561	0.00571628	0.00093778	0.000499665	0.035416	0.120258	0.391655	0.00047241	0.000786819
112	0.0422504	0.00369381	0.000143499	0.000170825	0.102145	0.00715349	0.000406394	0.196675	0.000118834	0.424292	0.052304	0.000171089	0.00239008	0.00182885	0.000277423	0.0055818	0.0155652	0.132665	0.00266192	0.00950604
113	0.144496	0.00311339	0.00119344	0.00332424	0.137889	0.0826627	0.00182481	0.0325931	0.00146716	0.127475	0.0723413	0.00341083	0.00161742	0.00284264	0.00159536	0.0842383	0.122162	0.156466	0.0153247	0.00396317
114	0.20519	0.0281789	0.000610174	0.00106635	0.017462	0.180175	0.000858625	0.0840763	0.000764561	0.101667	0.0243582	0.00201224	0.0163289	0.00144207	0.000668402	0.129455	0.109749	0.0925146	0.00114455	0.00227817
115	0.0503649	0.00441551	0.000120534	0.000185373	0.108569	0.00853233	0.000533058	0.184925	0.00013713	0.418029	0.0569195	0.000222648	0.00346405	0.00141546	0.000335722	0.00650337	0.0127744	0.132427	0.002281	0.00784462
116	0.21432	0.0143243	0.000957209	0.00172567	0.0507532	0.151266	0.000267743	0.094498	0.000258011	0.187494	0.0316112	0.000709761	0.00528403	0.00197013	0.000248725	0.05722	0.0457804	0.139471	0.000706367	0.00113365
117	0.126742	0.0122906	0.000620381	0.00668123	0.0745988	0.0347488	0.00216429	0.176273	0.00140821	0.144263	0.0475821	0.00409093	0.000581475	0.00274441	0.00162738	0.0658508	0.0803238	0.202294	0.0082248	0.00688992
118	0.614681	0.0258321	0.000199302	0.000301577	0.00758257	0.0840892	0.000256976	0.00589762	0.00014569	0.00597363	0.0082115	0.00329696	0.000276961	0.00040808	0.000218796	0.2024	0.0282802	0.0100933	0.00144233	0.000412335
119	0.145482	0.00216378	0.00172779	0.0390324	0.0936039	0.0952788	0.0192602	0.0414521	0.00154448	0.141454	0.00679211	0.00287185	0.00244001	0.0209892	0.00187431	0.0350233	0.0244684	0.0442944	0.047914	0.232333
120	0.0760587	0.00923739	8.83022e-05	0.000115825	0.062468	0.0173345	0.000103391	0.193447	7.85632e-05	0.390705	0.0412887	0.000132219	0.00474694	0.00027244	8.95475e-05	0.0138284	0.0192135	0.16806	0.000722197	0.00200915
121	0.560687	0.0243224	0.000391405	0.000826477	0.0122952	0.0760404	0.000404265	0.00907627	0.000291474	0.00878643	0.0129981	0.00389408	0.000958155	0.000629526	0.000316045	0.201418	0.0668843	0.0170037	0.00189506	0.000881947
122	0.0346711	0.00225539	0.000132279	0.000210399	0.122737	0.00548901	0.000687169	0.181672	0.000132122	0.441341	0.0551996	0.000240577	0.00223676	0.00228873	0.000426397	0.00449078	0.0137801	0.116049	0.00320653	0.012754
123	0.094743	0.00360814	0.0131255	0.00462272	0.0080102	0.120298	0.00784643	0.0147824	0.00524757	0.0244662	0.0093717	0.0171164	0.0650253	0.00957074	0.00103977	0.464087	0.105636	0.02855	0.000863362	0.00198961
124	0.0593341	0.00235881	0.00576587	0.00630308	0.0535643	0.00805054	0.00372758	0.0432077	0.0363409	0.197299	0.175764	0.00947248	0.120436	0.0255803	0.034718	0.0539423	0.017686	0.0622187	0.00191648	0.0823137
125	0.212135	0.00327879	0.00365378	0.16677	0.0405726	0.0481758	0.00437217	0.0148965	0.00276366	0.0209886	0.013995	0.00618599	0.0365397	0.00653667	0.00275046	0.27114	0.118305	0.0188983	0.00311881	0.00492263
126	0.0366537	0.00258189	0.000178948	0.000232996	0.121353	0.00629489	0.000961663	0.178513	0.000137721	0.440411	0.0635792	0.000261856	0.00300056	0.00198902	0.000492163	0.00506255	0.0121122	0.112906	0.00297473	0.0103025
127	0.100043	0.00217509	0.00512069	0.00137373	0.00439939	0.811141	0.000845207	0.00469545	0.000586182	0.00780107	0.00315631	0.00282708	0.00118287	0.0013038	0.000559964	0.03575	0.00970698	0.00575451	0.000628812	0.00094898
128	0.616522	0.0206078	0.000236587	0.000288147	0.00575842	0.0888763	0.000256673	0.00403585	0.000147972	0.00669191	0.00694505	0.00349147	0.000290853	0.00041911	0.000221112	0.211872	0.0257175	0.00635028	0.00095355	0.000318023
129	0.0185853	0.00572338	0.000609457	0.000756437	0.273634	0.00601983	0.00203456	0.0875128	0.000504078	0.468378	0.0423801	0.000567475	0.00521686	0.00148671	0.0015294	0.00642486	0.00656641	0.0597108	0.00340035	0.00895904
130	0.0181179	0.00152566	0.000172555	0.000678434	0.0167922	0.00133099	0.000196971	0.370438	0.000178562	0.300656	0.0414247	0.000377401	0.00142911	0.00152941	0.000214027	0.0065037	0.0129383	0.224513	0.000181045	0.000802635
131	0.251599	0.0128091	0.00236964	0.00379177	0.0312985	0.128661	0.00273264	0.0743364	0.000975224	0.104862	0.0242718	0.00416374	0.00405997	0.00409725	0.00148916	0.0652516	0.0904998	0.185948	0.00282357	0.00396028
132	0.0740937	0.00156451	0.00720238	0.00124143	0.00432369	0.842623	0.000993654	0.00339455	0.000729855	0.00453976	0.00268212	0.0036677	0.00142674	0.00132653	0.00060591	0.035048	0.00897941	0.00412338	0.000467438	0.000966296
133	0.0338839	0.000878281	0.000369375	0.00225213	0.0329152	0.00749214	0.00137772	0.246455	0.000219917	0.216837	0.0975686	0.00140173	0.00160742	0.00543481	0.00125105	0.0136319	0.0324405	0.299459	0.000552952	0.00397145
134	0.0865523	0.00527428	0.00111403	0.00289348	0.0403416	0.0184223	0.00268683	0.17967	0.000429224	0.285496	0.0936782	0.00350666	0.00189773	0.00425082	0.000833075	0.0540519	0.0485443	0.16517	0.00186681	0.00332032
135	0.017656	0.00144666	0.000177358	0.000689054	0.0162948	0.00135118	0.000200198	0.369025	0.000208662	0.302795	0.0417918	0.000405352	0.00142825	0.00155498	0.000217395	0.00640015	0.0130066	0.224396	0.000179557	0.000776285
136	0.615288	0.0193432	0.000226991	0.000293708	0.00521391	0.0900207	0.000268674	0.00373598	0.000174499	0.00719921	0.00651302	0.00357176	0.000284913	0.000399219	0.000215595	0.217044	0.0233501	0.005702	0.000852756	0.000302332
137	0.0347146	0.000572393	0.126745	0.128123	0.00307227	0.0390672	0.042352	0.0161353	0.101073	0.0116205	0.00804007	0.0477477	0.0431664	0.1071	0.118	0.0844473	0.0547863	0.0192125	0.000384278	0.0136409
138	0.149026	0.00393741	0.000964766	0.0022364	0.0516059	0.0599518	0.000830352	0.0276001	0.000734365	0.0457733	0.008775	0.00877885	0.00250071	0.0020126	0.00137317	0.229614	0.337465	0.0576381	0.00647532	0.00270661
139	0.0321327	0.000690518	0.146887	0.129097	0.00268682	0.0325176	0.0424589	0.00954397	0.096336	0.0120881	0.00502789	0.0433515	0.0722776	0.111546	0.122078	0.0720335	0.0446941	0.0162165	0.000396294	0.00794012
140	0.0192998	0.0055588	0.000646203	0.0146603	0.482249	0.0118674	0.0268509	0.0170545	0.000616011	0.0475791	0.0164855	0.00117831	0.000966966	0.00843922	0.00967688	0.0046402	0.00342759	0.0242238	0.000805793	0.303773
141	0.066034	0.000692132	0.0544225	0.0847628	0.0116202	0.0354391	0.0318905	0.0751221	0.075073	0.0291011	0.0424399	0.0448086	0.0141956	0.0621493	0.079896	0.111361	0.0940323	0.0567845	0.000391498	0.0297842
142	0.030886	0.00140282	0.000172341	0.00116143	0.0184749	0.0041705	0.000874642	0.309753	0.000131535	0.228018	0.0539195	0.0011339	0.00129905	0.00419041	0.00108794	0.00933432	0.0204491	0.31199	0.000206237	0.00134477
143	0.0788523	0.000876216	0.0258871	0.0690027	0.0171178	0.0300242	0.0230996	0.11363	0.0525962	0.0394673	0.0630614	0.0392987	0.0126119	0.0470094	0.0773251	0.11572	0.0961924	0.0713713	0.000445087	0.0264111
144	0.102854	0.00102008	0.0109725	0.00551201	0.00707287	0.0559689	0.0331815	0.00807387	0.0126611	0.017333	0.0106049	0.0352114	0.348501	0.0155257	0.000987523	0.206302	0.0927308	0.0332732	0.000860128	0.00135249
145	0.0250065	0.00173255	0.000222785	0.000460427	0.164086	0.00463997	0.00162846	0.152016	0.000195451	0.468482	0.0553118	0.000279098	0.0027528	0.0023049	0.000729031	0.00445556	0.0106972	0.0874764	0.00370608	0.0138172
146	0.0140027	0.000875054	0.00329587	0.0129752	0.00700428	0.086518	0.0549507	0.0095459	0.256178	0.0195817	0.0250314	0.0377169	0.00121121	0.0692756	0.328456	0.0331169	0.011707	0.00626536	0.00683253	0.0154591
147	0.00803887	0.00140788	0.61364	0.218803	0.00338608	0.017237	0.00181698	0.0255748	0.00152062	0.00704362	0.00411349	0.0187434	0.0017687	0.0023181	0.00162608	0.0160494	0.0262347	0.0172807	0.00105172	0.0123449
148	0.0385163	0.00401391	0.000126534	0.000560963	0.0405378	0.00569491	0.000233676	0.310355	0.000139012	0.306917	0.0426871	0.000328162	0.00203009	0.00159691	0.000221413	0.009531	0.0184523	0.215371	0.00056155	0.00212598
149	0.0197424	0.00891575	0.000555993	0.000595244	0.286888	0.00702095	0.00209066	0.0811845	0.000393391	0.461309	0.0398009	0.000709478	0.0047307	0.00147846	0.00135588	0.00674002	0.00649398	0.058681	0.00338062	0.00793333
150	0.114967	0.00409836	0.00176274	0.00299569	0.0178999	0.0231651	0.00313473	0.125442	0.000971812	0.293643	0.140326	0.010997	0.00171173	0.00508246	0.00114347	0.10116	0.0598271	0.0865378	0.00143382	0.00369932
151	0.223771	0.0223406	0.000487508	0.000830108	0.0119814	0.168462	0.000676234	0.0743404	0.000736574	0.078631	0.0225975	0.00257646	0.0158184	0.00125418	0.000622791	0.145611	0.149376	0.0761603	0.00117926	0.0025478
152	0.0606335	0.00713043	7.90092e-05	0.000128648	0.0753628	0.0118318	0.000166719	0.203566	8.32819e-05	0.387096	0.043362	0.000148621	0.00361974	0.00121559	0.00012177	0.0092886	0.0191211	0.170926	0.00133646	0.0047816
153	0.0269799	0.00760611	0.00133447	0.00872416	0.470842	0.0132181	0.0158073	0.042526	0.00162824	0.170543	0.0257913	0.002407	0.00442694	0.00621392	0.005344	0.0107358	0.00895092	0.0419594	0.00204249	0.132919
154	0.0308316	0.00716448	0.000784917	0.00316964	0.341804	0.0112626	0.00539888	0.0836348	0.000669464	0.342677	0.0377598	0.00110736	0.00347545	0.00322551	0.00235064	0.00959021	0.00935013	0.0637869	0.00250526	0.0394507
155	0.0699539	0.00684912	0.000175484	0.00194572	0.0137252	0.0113716	0.000164905	0.359229	0.000130632	0.0785222	0.0219596	0.000705469	0.000271288	0.000266176	0.000163225	0.00938709	0.020527	0.403445	0.000467089	0.000740218
156	0.0739904	0.00247107	0.0113712	0.00274774	0.00393469	0.0664577	0.00134403	0.00495242	0.000939044	0.0134447	0.0043011	0.00400535	0.00676149	0.00195957	0.00098849	0.679083	0.0905201	0.0283448	0.000821545	0.00156161
157	0.0448125	0.00498573	0.000131609	0.00127541	0.0114543	0.00620357	0.000380957	0.36964	0.000149838	0.11579	0.0268785	0.00111097	0.000366212	0.00163625	0.000326721	0.00754627	0.0165441	0.39007	0.00013572	0.00056111
158	0.0727404	0.00153633	0.00743022	0.000959882	0.00427281	0.8461	0.00091368	0.0033269	0.000578909	0.00521096	0.00255207	0.00347675	0.000986722	0.00115129	0.000568581	0.0340968	0.00870344	0.00403425	0.000458073	0.000901718
159	0.0431439	0.00187689	0.001523	0.00239615	0.00629335	0.00766388	0.0019646	0.0241814	0.00128302	0.274493	0.43683	0.00407415	0.00179827	0.00275918	0.00169494	0.0669121	0.0698783	0.047955	0.00111818	0.00216062
160	0.0480575	0.00119681	0.00413815	0.016608	0.0313036	0.0164282	0.0361008	0.0338631	0.114257	0.0801042	0.0929171	0.0172969	0.00284928	0.144042	0.177756	0.0918001	0.0525323	0.0255957	0.00674471	0.0064095
161	0.0519851	0.00477857	0.000121857	0.000160638	0.0957549	0.00858184	0.00034499	0.198	0.000115395	0.398282	0.0583577	0.000219928	0.00315014	0.00169717	0.00019773	0.00651744	0.0157798	0.14611	0.00210756	0.00773711
162	0.0759771	0.00676254	0.000195	0.00265965	0.0152196	0.0107574	0.000251661	0.350731	0.000149439	0.0833581	0.0222882	0.000759566	0.000421112	0.000428715	0.000169749	0.0112644	0.0239409	0.393445	0.000461514	0.000759187
163	0.076407	0.00939599	8.20753e-05	0.000107271	0.0647514	0.0159991	0.00010152	0.19486	7.25364e-05	0.38475	0.0433395	0.000103555	0.00532361	0.000253013	7.18708e-05	0.0122201	0.0175985	0.171851	0.000721679	0.00199017
164	0.220026	0.00964713	0.0010882	0.00201854	0.0557566	0.128028	0.00014488	0.10236	8.08884e-05	0.217614	0.0268379	0.000175126	0.00223991	0.0019734	0.00010307	0.0372922	0.0323472	0.161999	8.46343e-05	0.000182995
165	0.0791771	0.010973	6.77879e-05	0.000101178	0.0628127	0.0163111	7.57698e-05	0.195527	7.8126e-05	0.376583	0.040672	0.000100534	0.00455692	0.000244831	6.53491e-05	0.0124219	0.0173951	0.179728	0.000837924	0.00227032
166	0.215706	0.00265776	0.000536154	0.00118688	0.0213779	0.00619335	0.000690025	0.099189	0.000525119	0.0949165	0.0237863	0.00100759	0.00488277	0.00105816	0.000561564	0.040041	0.123861	0.359581	0.00100227	0.00123996
167	0.220961	0.00962445	0.00101433	0.00196903	0.0555372	0.124418	0.000138838	0.104497	7.78869e-05	0.216471	0.0256041	0.000158167	0.00213874	0.00202647	0.000103818	0.0370704	0.0329736	0.164952	7.93251e-05	0.000183494
168	0.219531	0.00960603	0.00115235	0.00199901	0.0562479	0.12899	0.000148593	0.101653	8.40171e-05	0.217914	0.0271025	0.000177881	0.0022823	0.0019484	0.000104906	0.0375214	0.0320708	0.161194	8.71808e-05	0.000184999
169	0.0378715	0.000964906	0.000255157	0.00202789	0.0329887	0.00797351	0.00185694	0.230139	0.000201783	0.232349	0.0774234	0.00167767	0.00255734	0.0075933	0.00190432	0.0161745	0.0366363	0.305054	0.000886795	0.00346392
170	0.0733846	0.00931785	8.16635e-05	0.000111008	0.0681008	0.0149513	0.000193181	0.197279	8.28731e-05	0.37753	0.049039	0.000139872	0.00511884	0.000356496	9.04076e-05	0.0113837	0.0165021	0.17348	0.000767494	0.00209056
171	0.0777787	0.00975237	6.88885e-05	0.000137831	0.0650672	0.0156837	8.64889e-05	0.194816	7.7242e-05	0.373715	0.0430892	0.000141212	0.0059618	0.000305703	7.36546e-05	0.01202	0.0175511	0.180859	0.000757778	0.0020578
172	0.237736	0.0130361	0.000461745	0.000688883	0.00669496	0.0408206	0.000532644	0.0199432	0.000408712	0.0359178	0.0124073	0.00286862	0.00793609	0.000804515	0.000414977	0.172678	0.330204	0.11337	0.00129132	0.00178602
173	0.49399	0.0140944	0.000318712	0.000441418	0.00439412	0.279994	0.000439129	0.00327183	0.000278924	0.00728767	0.00567835	0.00272032	0.000475493	0.000611795	0.000291421	0.159199	0.0202122	0.00516529	0.000617612	0.0005179
174	0.0255337	0.000631912	0.000149002	0.000221814	0.133833	0.0039084	0.000927968	0.176483	0.000155897	0.464046	0.0596738	0.00025959	0.00212181	0.0024358	0.000587575	0.00331194	0.0115817	0.0965854	0.00393838	0.0136134
175	0.332544	0.0332902	0.000417624	0.000882767	0.0191713	0.0481145	0.000583766	0.0977467	0.00361815	0.0790963	0.0655316	0.0159162	0.00435406	0.00923254	0.000472582	0.102515	0.0568797	0.0936172	0.0123105	0.0237058
176	0.0238938	0.00201236	0.000221144	0.000779552	0.026158	0.00342378	0.000411106	0.297414	0.000228696	0.356608	0.0502822	0.00045241	0.00154602	0.00185298	0.000331011	0.00685324	0.0178774	0.206876	0.000501723	0.00227685
177	0.598695	0.0602122	0.000342008	0.000599654	0.0275111	0.0595877	0.000549587	0.0107161	0.000419411	0.00501263	0.0124408	0.00623367	0.000713061	0.000907118	0.000513334	0.170225	0.0226112	0.0163644	0.00550612	0.000839848
178	0.108566	0.00306471	0.0279935	0.02615	0.015614	0.0362136	0.0792069	0.0213054	0.0175024	0.0313038	0.0203928	0.0280992	0.218267	0.090483	0.0177357	0.113793	0.0702705	0.065361	0.00289295	0.00578477
179	0.0792756	0.010801	0.000199898	0.00194587	0.0143717	0.0166124	0.000217702	0.344866	0.000207094	0.0727239	0.023297	0.000764118	0.000344461	0.000386843	0.000228287	0.0131282	0.0241918	0.393745	0.00128113	0.00141181
180	0.118624	0.00432261	0.0129899	0.00252755	0.00665034	0.254554	0.00316603	0.0078994	0.00218239	0.0147366	0.00633867	0.0107173	0.00959158	0.00556687	0.0013446	0.451463	0.0628824	0.0211673	0.00126683	0.00200842
181	0.0586661	0.00528306	0.15807	0.237631	0.0197816	0.0753044	0.0168043	0.0345799	0.0300088	0.0317523	0.0234482	0.0225333	0.0200546	0.0449313	0.0368549	0.0798958	0.0490119	0.0359959	0.00411008	0.0152826
182	0.024491	0.00653985	0.000566738	0.00118123	0.295858	0.00846155	0.00246341	0.0910915	0.000410576	0.422861	0.0400889	0.000645973	0.00418346	0.00198094	0.00136222	0.00714574	0.00798494	0.0660885	0.00303394	0.0135606
183	0.541737	0.0176241	0.00139119	0.000351141	0.00462492	0.0890606	0.000337757	0.00371051	0.000189494	0.00632885	0.00639022	0.00312837	0.000878192	0.000489673	0.000267838	0.28811	0.0261821	0.00801233	0.000783532	0.000401587
184	0.0173122	0.00513013	0.000337262	0.00048975	0.274928	0.00599967	0.00201958	0.0816711	0.000336512	0.483436	0.0403027	0.000427222	0.00495814	0.00127872	0.00145365	0.00590984	0.00580991	0.0567477	0.00338649	0.00806626
185	0.0497997	0.00555016	0.00014939	0.00126716	0.0106126	0.00704081	0.000220366	0.387883	0.000154161	0.101405	0.0204283	0.00102208	0.000208935	0.000532866	0.000181659	0.0072148	0.0145391	0.391242	0.000141672	0.000406794
186	0.0278999	0.00172159	0.000152222	0.00095555	0.0411604	0.00420425	0.000472064	0.292609	0.000196003	0.291029	0.0586108	0.000530344	0.00147966	0.0031968	0.000436027	0.00758516	0.0245693	0.238877	0.00079175	0.00352365
187	0.212866	0.0103161	0.000944394	0.00289968	0.0563604	0.11335	0.00038247	0.112261	0.000268338	0.20651	0.0289741	0.000888506	0.00198669	0.00286133	0.000285276	0.0420661	0.0378016	0.166242	0.00120184	0.0015347
