478	20
1	0.0195431	0.00631693	0.0444482	0.0999224	0.000873192	0.0186867	0.0670833	0.0166798	0.188948	0.0264972	0.0122614	0.0695009	0.0107076	0.157131	0.160016	0.0582947	0.0169439	0.0110286	0.00313846	0.0119795
2	0.0903108	0.00746454	0.010457	0.0214801	0.0069073	0.0416452	0.00886428	0.0768498	0.0748686	0.0285686	0.0440534	0.0737938	0.00478811	0.0244333	0.0697178	0.12963	0.236638	0.0401762	0.00168157	0.007671
3	0.00753952	0.00353683	0.00104405	0.0225519	0.00463327	0.00219732	0.014098	0.00872069	0.527474	0.0124826	0.00133373	0.0353317	0.00278296	0.0512249	0.231572	0.0356912	0.0231077	0.00637885	0.00550631	0.0027927
4	0.0935715	0.0483565	0.04545	0.0593919	0.0276425	0.0538803	0.0362773	0.05312	0.0208947	0.066759	0.0613976	0.0601814	0.0143782	0.0314563	0.0145662	0.137851	0.0708555	0.0723717	0.00473837	0.0268598
5	0.0868542	0.0148359	0.00503891	0.020019	0.0363129	0.0173361	0.00653438	0.176729	0.0193699	0.18506	0.0466068	0.00942717	0.0324576	0.00979017	0.0126708	0.056795	0.0770205	0.174234	0.00426023	0.00864779
6	0.0608182	0.0129645	0.00805771	0.0224561	0.0453026	0.0131518	0.00867293	0.158713	0.0177854	0.20035	0.0436579	0.0114153	0.0805222	0.0142595	0.018906	0.0474512	0.0925848	0.126777	0.00603421	0.0101191
7	0.126774	0.00476587	0.00586637	0.0224874	0.00836877	0.012082	0.0057913	0.101252	0.100394	0.0858464	0.0731327	0.0212039	0.00504322	0.0430273	0.0661767	0.0756388	0.152505	0.0766588	0.00161889	0.0113656
8	0.0258925	0.0791867	0.0744308	0.0575675	0.0665211	0.0307517	0.0332803	0.0449186	0.0257258	0.0372759	0.00982234	0.104858	0.0187134	0.0107054	0.0182092	0.158294	0.110727	0.0114311	0.00164942	0.0800389
9	0.204486	0.0720303	0.0175845	0.0267016	0.00444771	0.0476254	0.00938687	0.0132134	0.0302278	0.0161854	0.0124803	0.00710963	0.0288585	0.0107321	0.0282029	0.226293	0.162014	0.0719222	0.000681848	0.00981643
10	0.624372	0.00654605	0.00440314	0.00806366	0.00556771	0.0960533	0.00150732	0.0119232	0.00250962	0.0068295	0.0116248	0.00215799	0.00148925	0.00561165	0.00223634	0.123335	0.0358165	0.0482404	0.000418525	0.00129376
11	0.0812445	0.041552	0.0441409	0.0274043	0.151687	0.00629197	0.0514521	0.0312289	0.0206937	0.0218259	0.00533705	0.0301202	0.0322453	0.0119224	0.0160131	0.203027	0.0873656	0.0186006	0.00166055	0.116187
12	0.0686541	0.00660156	0.00563928	0.022973	0.117334	0.0147408	0.0247155	0.186488	0.011507	0.14556	0.0385912	0.00722889	0.0408984	0.0126117	0.0290409	0.0613305	0.0455029	0.110818	0.0369151	0.0128496
13	0.0168896	0.00418194	0.0578979	0.0778314	0.052022	0.00601713	0.413113	0.00468005	0.0221296	0.00689445	0.00433093	0.0649474	0.0167808	0.0757351	0.0142187	0.0192452	0.005744	0.0049097	0.00109682	0.131334
14	0.00756911	0.00227272	0.00197656	0.0020982	0.0677366	0.00229864	0.00191589	0.168298	0.00107958	0.555469	0.0691135	0.00228916	0.00119082	0.00386077	0.00792141	0.00824078	0.00747351	0.0818546	0.000702084	0.00663872
15	0.0127785	0.00785833	0.0140138	0.0514725	0.0041505	0.00680477	0.0301427	0.0201428	0.366175	0.0184474	0.00413462	0.0513371	0.00516785	0.0809599	0.201984	0.0517957	0.0360958	0.0181663	0.00900351	0.00936888
16	0.0138177	0.0114861	0.035123	0.0858112	0.00138828	0.0147459	0.0895814	0.0142604	0.171618	0.0327183	0.0098549	0.0675767	0.0150198	0.192623	0.155989	0.0496813	0.0125665	0.0105305	0.00309995	0.0125086
17	0.0420266	0.00695079	0.0218608	0.0522055	0.00373253	0.0189204	0.0204955	0.0253679	0.212757	0.0142535	0.00980102	0.108927	0.00430129	0.0721463	0.124628	0.140234	0.0769156	0.0252674	0.0114341	0.007774
18	0.0580476	0.00828158	0.0937203	0.10185	0.00223458	0.0928703	0.0115188	0.0135366	0.104067	0.0167986	0.0132238	0.15836	0.00552342	0.0427881	0.0612952	0.125663	0.0530924	0.0276485	0.0022523	0.00722826
19	0.0134117	0.00395524	0.00302283	0.00385801	0.0815683	0.00494462	0.00390092	0.209718	0.00316623	0.427174	0.0679801	0.00430426	0.00492804	0.00572482	0.011223	0.0192209	0.0149339	0.106942	0.00293669	0.00708684
20	0.127222	0.0256761	0.0899099	0.121963	0.0119621	0.0473959	0.0116927	0.00469279	0.034979	0.0279881	0.0185404	0.0407729	0.055878	0.0413935	0.0203699	0.202165	0.0876926	0.0183315	0.000354569	0.0110203
21	0.13064	0.019637	0.0603566	0.0605715	0.0749422	0.020299	0.0246803	0.0109973	0.0237393	0.0200991	0.00746048	0.0195583	0.070929	0.0276123	0.0204856	0.249843	0.0823834	0.0232595	0.00152666	0.0509795
22	0.0926735	0.0259052	0.00877453	0.0203661	0.0293654	0.0436518	0.00831374	0.160139	0.00941838	0.133162	0.0544982	0.0246572	0.0215007	0.0128083	0.00624517	0.105502	0.0804539	0.148291	0.00248619	0.0117879
23	0.0582162	0.0109709	0.0261233	0.0256281	0.00380863	0.0744537	0.00895394	0.00467987	0.0290625	0.011943	0.00600823	0.107032	0.00960155	0.00641268	0.0190336	0.457181	0.116117	0.00762526	0.000692307	0.0164563
24	0.0148294	0.00944737	0.0236764	0.0589714	0.00259863	0.0314072	0.0699634	0.0186948	0.14821	0.0270722	0.00804781	0.0425995	0.0406855	0.122739	0.287702	0.0511973	0.0136958	0.0125785	0.00314421	0.0127399
25	0.0988648	0.00802992	0.00966395	0.0154839	0.00346108	0.0292806	0.00769117	0.0469117	0.0731454	0.0218498	0.0440296	0.042623	0.00794655	0.0196623	0.0812588	0.114153	0.333762	0.0324896	0.00195422	0.00773831
26	0.0397193	0.0242539	0.0174024	0.012266	0.0399556	0.016305	0.00910755	0.220087	0.0067324	0.22311	0.0545656	0.0119326	0.0105938	0.00919413	0.0136413	0.0438002	0.0416721	0.189636	0.00170158	0.0143234
27	0.0311748	0.0192003	0.00633147	0.0184346	0.0389082	0.0128478	0.00843703	0.121564	0.0113846	0.443066	0.0681882	0.00872798	0.0107602	0.00779034	0.0140995	0.0332063	0.0364602	0.0947203	0.00138789	0.0133097
28	0.0779872	0.00972765	0.00802822	0.015155	0.0469997	0.0160722	0.00767039	0.119843	0.0149186	0.38346	0.0533509	0.00964835	0.0324685	0.0116231	0.0140524	0.0468239	0.0351788	0.0840451	0.00232459	0.0106228
29	0.123603	0.0616828	0.0414191	0.0657064	0.00891414	0.0569413	0.01132	0.010278	0.0306383	0.0222769	0.0126269	0.0276204	0.0481214	0.0336903	0.0347462	0.215695	0.14571	0.0336951	0.00178013	0.0135341
30	0.0926475	0.0177329	0.0170559	0.0234536	0.010256	0.0972018	0.0112328	0.0460498	0.0321966	0.026849	0.0177904	0.0580879	0.0174353	0.0145885	0.024339	0.318777	0.128505	0.0325229	0.00273269	0.0105465
31	0.0700029	0.0360043	0.0182937	0.020873	0.0128813	0.0252972	0.0111885	0.047916	0.0208944	0.0650996	0.0140498	0.0179911	0.23905	0.0400355	0.0181709	0.217388	0.0547616	0.0574799	0.00295179	0.00967109
32	0.13817	0.0303094	0.0274214	0.0263593	0.00348788	0.0585242	0.00645426	0.0143118	0.0345554	0.0131678	0.0155288	0.0344131	0.0167761	0.00972938	0.0410508	0.269181	0.220767	0.0315639	0.00102777	0.0072019
33	0.0265719	0.00333155	0.169106	0.518728	0.00301333	0.0274101	0.00764461	0.0101476	0.0459119	0.0171488	0.0107648	0.0260739	0.00942849	0.0338514	0.0181562	0.0433722	0.0164419	0.00921363	0.00062376	0.00305996
34	0.142285	0.00392764	0.015128	0.0298487	0.0340134	0.0080162	0.00459928	0.0339246	0.0417763	0.140901	0.00484384	0.0125087	0.316565	0.0424148	0.0115932	0.0351406	0.0862863	0.0309067	0.00158115	0.0037394
35	0.0205833	0.0752167	0.0435585	0.032003	0.172981	0.0153748	0.0942278	0.0485435	0.017276	0.0471887	0.0144893	0.0571521	0.0144378	0.0138991	0.0202498	0.0915873	0.0616485	0.0146734	0.00382387	0.141086
36	0.0186403	0.0175192	0.0188494	0.051786	0.0112728	0.0175933	0.104713	0.0306421	0.102053	0.0988467	0.0204645	0.0376238	0.0136595	0.171938	0.14965	0.0489612	0.0182785	0.0421724	0.00385684	0.0214784
37	0.0180951	0.0071155	0.0517093	0.113239	0.00199904	0.0201714	0.0557512	0.0169853	0.18794	0.0310134	0.00951997	0.0543265	0.0115075	0.157116	0.158468	0.0605158	0.0162688	0.0112614	0.00344046	0.0135566
38	0.0943115	0.00525483	0.0079796	0.0262997	0.00310167	0.0164258	0.0127998	0.0592942	0.137397	0.0338906	0.0430841	0.0558237	0.00354799	0.0453789	0.105932	0.0984896	0.172359	0.0606626	0.00284372	0.0151244
39	0.00705498	0.00208941	0.00147222	0.00195753	0.0632621	0.00178127	0.00185291	0.14263	0.000985375	0.61569	0.0663904	0.00190468	0.00088157	0.00310231	0.00620391	0.00646586	0.00532218	0.063011	0.000429633	0.00751205
40	0.0609782	0.0128023	0.0041601	0.0147663	0.0339811	0.0162562	0.00404686	0.223289	0.0100642	0.17028	0.0557903	0.00941027	0.0181846	0.00856182	0.00868684	0.0469029	0.0632075	0.230046	0.00181726	0.0067674
41	0.00792191	0.00386898	0.00325853	0.0279224	0.00449372	0.00372147	0.0192034	0.0106074	0.493225	0.0139571	0.00204794	0.0353091	0.00384777	0.0564087	0.236179	0.0379748	0.0231992	0.00765601	0.00540249	0.00379577
42	0.145368	0.0139936	0.0127875	0.0182273	0.00575268	0.0608893	0.0142174	0.00981732	0.0433089	0.0240461	0.00703274	0.042812	0.26974	0.0382422	0.0949472	0.123369	0.0495966	0.0177756	0.00193636	0.00613976
43	0.00862912	0.00244511	0.00232566	0.00209458	0.0699102	0.00277224	0.00140641	0.208334	0.00132158	0.47043	0.0710025	0.00258272	0.000969876	0.00438927	0.00824188	0.00941062	0.00981673	0.117888	0.000267045	0.00576221
44	0.447612	0.0142802	0.00887602	0.0163645	0.00685695	0.070097	0.00456047	0.0121449	0.0144745	0.0088994	0.0120193	0.012294	0.010835	0.00689716	0.0109197	0.212168	0.0783558	0.0462258	0.000701198	0.00541836
45	0.0150609	0.00529794	0.0506591	0.067984	0.0277411	0.00851643	0.321552	0.00759282	0.0713271	0.0148865	0.00561609	0.08616	0.0161386	0.115986	0.0609532	0.0279895	0.00786149	0.00726447	0.00183552	0.079577
46	0.0163841	0.00443244	0.0642104	0.109717	0.0713124	0.006897	0.360361	0.00518688	0.0291907	0.00839296	0.00543375	0.0651469	0.0141981	0.0716665	0.0120767	0.0193259	0.0073079	0.00649016	0.00105148	0.121218
47	0.00346344	0.0200482	0.00249616	0.00289193	0.541951	0.0103265	0.0040109	0.0225005	0.00481313	0.103791	0.0187841	0.00319906	0.00246616	0.0023731	0.00338257	0.0182623	0.0182161	0.023518	0.00815131	0.185355
48	0.0319093	0.00352452	0.104451	0.139621	0.0013123	0.0418893	0.0363722	0.0127177	0.155802	0.0215325	0.0120222	0.095221	0.00775892	0.128148	0.0927707	0.0656463	0.0279046	0.0126426	0.00188194	0.00687199
49	0.463447	0.0223042	0.00595946	0.0140623	0.00535308	0.0681667	0.00429283	0.015608	0.0117817	0.0120713	0.0132051	0.00540158	0.00945721	0.00631765	0.00893593	0.180145	0.0716744	0.0773841	0.000650674	0.00378111
50	0.0579891	0.00416106	0.00622252	0.00803879	0.0035117	0.0536989	0.0197183	0.00611052	0.0776736	0.0149795	0.00441904	0.0848972	0.312594	0.0743596	0.151395	0.0807483	0.0285053	0.00607964	0.00152616	0.00337115
51	0.00761084	0.00220117	0.00153788	0.00205992	0.0634806	0.00173541	0.00229151	0.134523	0.00126131	0.623444	0.0676467	0.00187707	0.00128251	0.00309341	0.00663715	0.00673832	0.00566335	0.0574638	0.00106386	0.00838858
52	0.0136805	0.0058699	0.00736715	0.0124729	0.064452	0.00686471	0.0074687	0.136976	0.013999	0.504815	0.0635967	0.00786505	0.00658102	0.00954242	0.015917	0.0171949	0.0162844	0.0759811	0.00130336	0.011768
53	0.0559604	0.0166952	0.00368884	0.0304064	0.0327952	0.0169513	0.00585885	0.205666	0.00660204	0.139677	0.0511446	0.00763405	0.0371277	0.00801761	0.00795339	0.044714	0.107821	0.209149	0.00377566	0.00836143
54	0.00971207	0.00267645	0.00261098	0.00231963	0.0795872	0.00322219	0.00186456	0.22912	0.00187158	0.419989	0.0711351	0.00293264	0.00178878	0.00552374	0.0100007	0.0123886	0.0116947	0.125793	0.0010707	0.00469853
55	0.0199971	0.0110433	0.352996	0.138487	0.00339515	0.0685882	0.0155156	0.0082653	0.0437561	0.0103643	0.00381309	0.149889	0.00411496	0.0238256	0.0313131	0.0628091	0.0235259	0.0153458	0.00413316	0.0088216
56	0.0811543	0.032733	0.0103426	0.0211904	0.0257552	0.0337386	0.00903769	0.167725	0.00624269	0.131153	0.0558642	0.0244955	0.0261223	0.0114142	0.00491938	0.0946794	0.0805064	0.164665	0.00218064	0.0160806
57	0.0189858	0.0106799	0.0075924	0.011845	0.288313	0.100109	0.0144217	0.0441174	0.0409891	0.118471	0.0733565	0.0121838	0.0141344	0.0098295	0.0196326	0.0336599	0.0248672	0.0482657	0.0479579	0.0605886
58	0.0137698	0.00895451	0.428334	0.175767	0.000737858	0.0734714	0.00694097	0.00534601	0.0334283	0.0063705	0.00101574	0.120455	0.00174878	0.0171517	0.0251961	0.0463426	0.011617	0.0137795	0.00473231	0.0048415
59	0.00837871	0.0105915	0.00517561	0.0276008	0.0100021	0.00485827	0.0190271	0.0143652	0.394479	0.0210829	0.00295765	0.0336423	0.0107067	0.0676347	0.268489	0.0348783	0.034634	0.0124978	0.0126762	0.00632223
60	0.0269827	0.00223135	0.0041648	0.00306355	0.0156114	0.00362046	0.000967019	0.324295	0.00173619	0.0847453	0.0355416	0.00142601	0.00160394	0.00373456	0.00231496	0.0039025	0.0130243	0.469912	0.000287643	0.000833984
61	0.0144081	0.00713203	0.0261802	0.0777051	0.0032876	0.0110302	0.0384175	0.0202194	0.294546	0.0242827	0.00601787	0.0548472	0.00738908	0.10688	0.181879	0.0552269	0.0335938	0.0166995	0.00616047	0.0140965
62	0.0510493	0.018741	0.0935094	0.0628491	0.00273913	0.125888	0.00628352	0.00550016	0.0664111	0.0112797	0.00707211	0.195244	0.00691219	0.0223218	0.0368466	0.174317	0.072884	0.020723	0.00411452	0.0153142
63	0.0911576	0.0468038	0.0188812	0.0358659	0.0328563	0.0989277	0.0297223	0.0854977	0.00912982	0.0745231	0.0583468	0.0571035	0.00995824	0.0218312	0.012941	0.152102	0.0649112	0.0740209	0.00521965	0.0202004
64	0.099197	0.027976	0.0122888	0.0226009	0.0319275	0.0450791	0.0142857	0.131901	0.0121938	0.0970056	0.0708515	0.0552007	0.0129692	0.0268268	0.00790367	0.119343	0.0811471	0.114914	0.00235738	0.014031
65	0.0183362	0.00889	0.386833	0.169577	0.00226461	0.065265	0.0149714	0.00579436	0.033036	0.0122373	0.00301988	0.129428	0.00281405	0.0168567	0.0311574	0.0450286	0.0146151	0.0247395	0.00471389	0.0104218
66	0.0381631	0.0115688	0.00756054	0.00896078	0.0580832	0.020138	0.00377521	0.199145	0.00418165	0.319001	0.0694934	0.0119145	0.00947445	0.00739572	0.00875615	0.0463117	0.0350716	0.132427	0.00115704	0.00742122
67	0.0251924	0.0169737	0.366907	0.142322	0.00114587	0.104647	0.00652967	0.00446818	0.0314149	0.00630664	0.00172678	0.129019	0.00322506	0.0171906	0.026999	0.0542634	0.0221903	0.0184909	0.0113324	0.00965441
68	0.010764	0.00641675	0.0175554	0.0570136	0.0035158	0.00709928	0.0351156	0.0186268	0.360988	0.0200379	0.00484413	0.0490369	0.00530416	0.0944639	0.203391	0.0451465	0.027263	0.016079	0.0065454	0.0107928
69	0.0501183	0.00324154	0.00398289	0.0130631	0.113351	0.00669718	0.0306191	0.211327	0.0108732	0.194533	0.0468429	0.00414795	0.0312779	0.0145017	0.0434062	0.0443934	0.0418872	0.10035	0.0246945	0.0106912
70	0.0823798	0.0157177	0.00582677	0.0205524	0.0560105	0.0291518	0.00983528	0.169063	0.0110265	0.161899	0.0476328	0.0128476	0.0514865	0.0115554	0.0118124	0.0618852	0.0778164	0.14525	0.0086599	0.00958986
71	0.0131298	0.00355723	0.0029909	0.00345802	0.0710181	0.00425279	0.00186404	0.243797	0.00247312	0.369766	0.0748584	0.00309779	0.00295034	0.00547403	0.0121102	0.013393	0.0188369	0.147656	0.000676691	0.00463952
72	0.0377884	0.00355817	0.155836	0.180371	0.0013494	0.062203	0.0183298	0.0138725	0.122497	0.0196828	0.0121721	0.112531	0.00511888	0.0822752	0.0433413	0.0609649	0.0460276	0.0165968	0.00147337	0.00401111
73	0.21415	0.0548436	0.0102383	0.0305283	0.00248725	0.0349881	0.00714593	0.0275545	0.0616211	0.0308555	0.0249557	0.00593404	0.0169194	0.0132037	0.0406746	0.185062	0.151142	0.0782821	0.000778698	0.00863595
74	0.00823402	0.00238151	0.00194923	0.00216484	0.0760536	0.00226196	0.00215073	0.173012	0.00133929	0.541484	0.0663405	0.0022934	0.00135297	0.00418709	0.00770551	0.00887762	0.00777718	0.0816442	0.000830706	0.00795967
75	0.0121352	0.0933654	0.065041	0.0337346	0.142124	0.00731327	0.0540451	0.0683884	0.0218986	0.0346244	0.00701858	0.0865048	0.0184465	0.00478354	0.0148394	0.108372	0.0927377	0.00777634	0.00148354	0.125368
76	0.0163814	0.0042355	0.0684453	0.180859	0.00108462	0.0275233	0.0430874	0.0143369	0.185702	0.0239981	0.00808092	0.0502882	0.00832574	0.153733	0.134524	0.0413849	0.0169609	0.00878661	0.00242774	0.00983474
77	0.0450827	0.0299231	0.0863102	0.0617574	0.0048087	0.143323	0.00910506	0.0054655	0.0439981	0.012326	0.00685545	0.170767	0.0138355	0.0149223	0.0320449	0.186135	0.0815619	0.0204935	0.00389495	0.0273895
78	0.0697271	0.0039448	0.00663649	0.00865521	0.00463302	0.0461088	0.0161406	0.00725761	0.0656035	0.0215466	0.00412039	0.0753037	0.345307	0.0666299	0.127485	0.082847	0.0369798	0.00691963	0.00140181	0.00275184
79	0.00915071	0.00246897	0.00273518	0.00203613	0.0760394	0.00329249	0.00150077	0.230201	0.00170938	0.422262	0.0752608	0.0029061	0.00107917	0.0053672	0.0104761	0.011492	0.0112893	0.125436	0.000441328	0.00485542
80	0.0250458	0.00207309	0.00341463	0.00293415	0.0135878	0.00341221	0.000902016	0.3662	0.00152735	0.0767544	0.0313038	0.001137	0.00169688	0.0034219	0.00169264	0.00329202	0.0153793	0.4452	0.000234179	0.000790092
81	0.025568	0.00210986	0.00345738	0.00247924	0.0200947	0.0033799	0.000765279	0.323719	0.00136095	0.115501	0.0380249	0.00130884	0.00103453	0.00370043	0.00222958	0.00406548	0.0120055	0.437991	0.000218301	0.000986351
82	0.00382789	0.0195817	0.00227949	0.00302134	0.536059	0.0104989	0.00389097	0.02257	0.00497729	0.104426	0.0192151	0.00304344	0.00261473	0.00259772	0.00350065	0.0181012	0.0182796	0.0246949	0.00841551	0.188404
83	0.00692408	0.00238041	0.0020919	0.00183464	0.0734204	0.00236264	0.00154632	0.188732	0.00107914	0.521598	0.0692536	0.0024086	0.00057512	0.00409676	0.00713515	0.00897041	0.00758492	0.0913436	0.000341687	0.00632064
84	0.0359199	0.00470054	0.0189355	0.04623	0.00259537	0.0298895	0.038505	0.0100617	0.194055	0.0172873	0.0070755	0.0765023	0.127154	0.115347	0.181131	0.0571806	0.0203872	0.00733016	0.00315226	0.00656025
85	0.0188015	0.00869842	0.399663	0.15261	0.00121753	0.0697338	0.0100589	0.00613919	0.043382	0.00827238	0.00302573	0.132337	0.00323273	0.0203999	0.0281394	0.0535888	0.0168184	0.014573	0.00437091	0.00493822
86	0.066275	0.0174302	0.00437478	0.0226502	0.0344227	0.0201452	0.00515817	0.204724	0.0062238	0.137709	0.0500186	0.00976013	0.030664	0.00793809	0.00626323	0.0541602	0.0956992	0.214237	0.00325168	0.00889577
87	0.0132102	0.00925241	0.442371	0.15902	0.000662543	0.0723777	0.00730111	0.00438827	0.0321007	0.00618188	0.000955232	0.127917	0.00144986	0.0151251	0.0250516	0.0472595	0.0117134	0.0138978	0.00483945	0.00492593
88	0.0130462	0.00750906	0.0364533	0.0906407	0.00201403	0.0135926	0.0558925	0.0251656	0.229554	0.0274505	0.0079889	0.0528963	0.00839597	0.139759	0.182132	0.0506427	0.0190268	0.0183698	0.00462386	0.0148453
89	0.0474942	0.00248013	0.00354053	0.0124342	0.142574	0.00965397	0.0310344	0.19211	0.0114247	0.194434	0.0458205	0.0041111	0.0328967	0.0118055	0.0352676	0.0472139	0.0405452	0.0798069	0.0427607	0.0125916
90	0.00816503	0.00266732	0.00274917	0.00198728	0.0798793	0.0032579	0.00125851	0.226993	0.00159789	0.433047	0.0736071	0.00314208	0.000921551	0.00542467	0.00930669	0.0119374	0.0108107	0.118009	0.000423993	0.00481454
91	0.0627098	0.0751482	0.0288863	0.0337796	0.0355975	0.0580673	0.0625897	0.0527918	0.0104313	0.0777949	0.0504547	0.0570277	0.00816691	0.0338508	0.0281479	0.155011	0.0587182	0.0564199	0.0126976	0.0417086
92	0.039178	0.00693362	0.0294173	0.0356087	0.0361672	0.0293453	0.0112895	0.0467109	0.138114	0.188065	0.117023	0.0149837	0.0230731	0.0144018	0.108994	0.057952	0.064774	0.0232191	0.00248259	0.0122665
93	0.00884724	0.00255321	0.0025762	0.00217298	0.0796046	0.00311252	0.00201644	0.218586	0.00178439	0.445831	0.0717107	0.00300805	0.00151922	0.00522617	0.00933933	0.0127397	0.010564	0.112457	0.000970021	0.00538192
94	0.0168151	0.00456671	0.0623565	0.142293	0.00114898	0.0328234	0.0454822	0.0146767	0.194835	0.0252563	0.00738533	0.0547584	0.00905641	0.159972	0.145983	0.0434233	0.0169777	0.00918713	0.00268202	0.0103212
95	0.0805799	0.00473405	0.0134895	0.0444876	0.00286183	0.0306973	0.0121747	0.0509465	0.186155	0.0204998	0.0227058	0.0741958	0.00397206	0.0383641	0.111854	0.123994	0.134388	0.0345199	0.0035029	0.0058775
96	0.016891	0.00748893	0.0123303	0.0127946	0.0426064	0.0120311	0.015983	0.0666116	0.118094	0.264413	0.143164	0.00777397	0.0112874	0.012433	0.11164	0.0428041	0.0443738	0.0309815	0.00393442	0.0223646
97	0.00691823	0.00238718	0.00220341	0.00179878	0.0748264	0.00254495	0.00140511	0.198534	0.00115088	0.503396	0.0698433	0.00254252	0.000618154	0.00426485	0.00734085	0.00926942	0.00826505	0.0961791	0.000324599	0.00618726
98	0.0581554	0.00695636	0.0857549	0.0792981	0.00247735	0.0682803	0.0109739	0.0093948	0.0987124	0.0158705	0.0135721	0.201049	0.00304174	0.0415332	0.0455512	0.169053	0.0651591	0.0195123	0.00116146	0.00449259
99	0.0142373	0.00661469	0.0437415	0.102408	0.00115808	0.0151909	0.0573172	0.021031	0.219557	0.0265662	0.00796761	0.053629	0.00947899	0.147598	0.172998	0.0521202	0.0158339	0.0130605	0.00418308	0.0153085
100	0.0144334	0.0024381	0.00245747	0.00310341	0.0839097	0.00355197	0.00456466	0.20821	0.00283733	0.438909	0.0664577	0.00294428	0.00475366	0.00718195	0.0125801	0.0145116	0.0138498	0.104429	0.00323292	0.00564406
101	0.0850901	0.0254237	0.113254	0.137223	0.0270238	0.0387514	0.0160626	0.0111222	0.0292157	0.0315399	0.0130357	0.0608328	0.0601848	0.0366253	0.0137149	0.1867	0.0805483	0.00971991	0.0006218	0.0233094
102	0.192028	0.0367899	0.0425942	0.0709999	0.00729546	0.0584457	0.0100354	0.010245	0.0394165	0.0220979	0.0152997	0.0249315	0.0477811	0.0237465	0.0246333	0.210165	0.105378	0.0488758	0.000794938	0.00844525
103	0.05842	0.00391611	0.00616922	0.00809204	0.00343202	0.0551306	0.0211059	0.00590546	0.0760043	0.0135152	0.00450187	0.0884779	0.309837	0.0761084	0.150114	0.0812999	0.0273321	0.00589144	0.00149596	0.00325039
104	0.0276461	0.00188737	0.00346069	0.00253196	0.0136715	0.00324218	0.000793179	0.333562	0.00140693	0.0825159	0.0339419	0.00110243	0.00108715	0.00349624	0.00163174	0.00308366	0.0119621	0.472067	0.00023003	0.000680046
105	0.0111064	0.00241428	0.00289696	0.00209393	0.0675956	0.00311864	0.00110075	0.238288	0.00157569	0.387189	0.0676892	0.002687	0.000946823	0.00499685	0.00828332	0.0101245	0.0106424	0.172367	0.000379703	0.00450376
106	0.0272575	0.00203921	0.00341485	0.00277818	0.0158253	0.00331023	0.000887952	0.332902	0.00162515	0.0909003	0.0362981	0.00112256	0.00138933	0.0035501	0.00258161	0.0034412	0.0131138	0.4565	0.000228198	0.000833801
107	0.0293638	0.00657117	0.00367334	0.00733106	0.0415528	0.012055	0.00141629	0.277091	0.00284866	0.210983	0.0574266	0.00454812	0.00706955	0.00542192	0.00641479	0.0198801	0.0325095	0.269246	0.000978267	0.00362001
108	0.0886787	0.00651109	0.0958401	0.131518	0.00385412	0.0495722	0.0201857	0.019219	0.11268	0.0341051	0.0386933	0.0999806	0.0112417	0.0522268	0.0354645	0.103304	0.0553085	0.0365819	0.000493328	0.00454162
109	0.00681881	0.00218794	0.00179851	0.00206421	0.0666487	0.00205229	0.00168299	0.166214	0.00107996	0.567222	0.0690503	0.00207993	0.000904913	0.00342534	0.0069385	0.00739897	0.00699575	0.0781838	0.00057969	0.00667298
110	0.0173688	0.0189848	0.0106395	0.0109451	0.393422	0.0139807	0.014851	0.055705	0.0102062	0.149299	0.0290724	0.00951433	0.011957	0.00755303	0.00869814	0.0365714	0.0258981	0.0392512	0.00897055	0.127112
111	0.072409	0.018235	0.0271639	0.0321761	0.00689365	0.0835226	0.0079965	0.00992115	0.0410741	0.0390685	0.00781478	0.0390411	0.169459	0.0222027	0.0319293	0.268747	0.0957582	0.0162536	0.00131651	0.00901756
112	0.0143075	0.0935924	0.0581807	0.0340892	0.110816	0.0147809	0.0496026	0.0567488	0.019886	0.0346968	0.0107159	0.115312	0.0155553	0.00619386	0.0170969	0.130155	0.0969829	0.00968184	0.00236466	0.109241
113	0.0404713	0.00714295	0.0104435	0.0323819	0.00469657	0.0178558	0.0449654	0.0649903	0.188404	0.0198077	0.0161164	0.0832745	0.00502825	0.043372	0.127258	0.114245	0.111479	0.0536884	0.00444892	0.00992924
114	0.00874504	0.00268409	0.00272469	0.00207637	0.0794286	0.00328457	0.00147671	0.229439	0.00167832	0.426598	0.072799	0.00297294	0.00121224	0.00542453	0.00955355	0.0119778	0.0112811	0.121204	0.000578484	0.00486136
115	0.0124231	0.0911016	0.0809074	0.0481656	0.103216	0.00699132	0.0456189	0.0714523	0.0315676	0.0386244	0.00691684	0.0789222	0.0152534	0.00557645	0.0203125	0.115109	0.103992	0.00842239	0.00147316	0.113954
116	0.0173269	0.00444187	0.003378	0.00463909	0.0640347	0.0051691	0.00204545	0.258364	0.00266647	0.313217	0.0695773	0.0033613	0.00412499	0.00569554	0.011161	0.0147044	0.0237905	0.187188	0.000786233	0.0043278
117	0.0133836	0.00652912	0.0468514	0.108694	0.000867297	0.0164093	0.0599944	0.0186847	0.208655	0.0272774	0.00788161	0.0541876	0.0105553	0.153098	0.168996	0.0541292	0.0136391	0.0108096	0.00387732	0.015479
118	0.138248	0.00421202	0.0158343	0.0323531	0.0308083	0.00680873	0.00403232	0.0285	0.0414059	0.12826	0.00426871	0.0131673	0.334476	0.0460835	0.0107934	0.0372238	0.0877766	0.0314718	0.00108127	0.00319572
119	0.115142	0.0107591	0.0194547	0.0266257	0.0123339	0.0294344	0.0122115	0.0212618	0.0359061	0.0454227	0.0077529	0.0283698	0.350212	0.033809	0.0542332	0.117986	0.0487971	0.0211587	0.00260916	0.00651983
120	0.0215739	0.00377433	0.0584131	0.170584	0.00281237	0.0339749	0.0288572	0.018337	0.206421	0.0335401	0.0108691	0.0665016	0.00619634	0.153648	0.0771745	0.0383044	0.0486482	0.0119301	0.0017042	0.00673652
121	0.0131075	0.00939057	0.446122	0.153328	0.000660083	0.0734008	0.00736594	0.0043248	0.0318556	0.00616298	0.000886579	0.129158	0.00148578	0.0149653	0.0251058	0.0472272	0.0115919	0.0140025	0.0048934	0.00496501
122	0.0137338	0.000724807	0.178862	0.614273	0.000744175	0.0247119	0.00269399	0.00896828	0.0395884	0.00929484	0.00339083	0.0159162	0.00448439	0.0297807	0.014949	0.0240013	0.00700323	0.00581504	0.000237788	0.000825806
123	0.0149034	0.0134247	0.00333804	0.00614184	0.413708	0.0190892	0.0114268	0.0569206	0.0109492	0.135094	0.0325727	0.00479195	0.0123646	0.00547627	0.0129795	0.026451	0.0252517	0.0334766	0.0445423	0.117097
124	0.0149645	0.00476801	0.00709335	0.031263	0.00468139	0.008088	0.0131804	0.0105519	0.444266	0.0120385	0.0034483	0.0902429	0.00340041	0.0445257	0.175814	0.0626435	0.0425	0.0109949	0.0112407	0.00429541
125	0.0738777	0.00328474	0.00486799	0.0208557	0.00296353	0.0281741	0.0088873	0.0550194	0.123301	0.00869088	0.0195	0.120479	0.00247169	0.0339096	0.088675	0.17142	0.198344	0.0273002	0.00334318	0.00463542
126	0.00826633	0.0140165	0.00568344	0.00848021	0.0143802	0.00681073	0.0280033	0.0123673	0.234608	0.223032	0.151951	0.0160579	0.00501214	0.0279834	0.159433	0.0414502	0.0148617	0.0178215	0.00109585	0.00868483
127	0.00844578	0.00247724	0.00262577	0.00200526	0.0779289	0.00311135	0.0013383	0.224284	0.00169736	0.4398	0.0738767	0.00289878	0.000999863	0.00516632	0.00949047	0.0113205	0.010596	0.116341	0.00043199	0.00516482
128	0.0558425	0.0018279	0.111512	0.245699	0.00114294	0.0487755	0.014293	0.0226727	0.121158	0.0241894	0.0179578	0.0935868	0.00452875	0.0649812	0.0500052	0.0619585	0.0325379	0.0244082	0.00065112	0.00227157
129	0.0134356	0.00701076	0.0453141	0.108199	0.00106302	0.016152	0.0595126	0.0199686	0.210931	0.0277726	0.00795241	0.0548218	0.0097768	0.151776	0.169113	0.0518503	0.0149325	0.011814	0.00399361	0.0146093
130	0.0195291	0.00667104	0.285292	0.336037	0.00242594	0.0504293	0.0112882	0.00741532	0.043149	0.0107291	0.0038219	0.0772086	0.0061578	0.0302368	0.0269818	0.0459025	0.0162681	0.0118296	0.00284205	0.00578559
131	0.180508	0.00509943	0.00324373	0.0227766	0.00384255	0.00713112	0.00341265	0.0933799	0.128509	0.0798401	0.0663546	0.00983361	0.00334516	0.0299899	0.0646131	0.0574762	0.141961	0.0860928	0.000747516	0.011842
132	0.0653562	0.0162747	0.00643225	0.027901	0.0398593	0.0318187	0.00686047	0.211825	0.00722103	0.10799	0.0480157	0.013211	0.0224147	0.0101513	0.00734023	0.0559245	0.0743573	0.233021	0.0056088	0.00841592
133	0.0107749	0.00276734	0.00154372	0.00283603	0.0628789	0.00281399	0.002787	0.129685	0.00150303	0.615668	0.0682826	0.00238745	0.00224441	0.0030961	0.00682641	0.00860029	0.0070414	0.0580921	0.00149396	0.00867732
134	0.120402	0.0228208	0.0367825	0.0676332	0.0144972	0.0695937	0.0137134	0.0529528	0.0258392	0.0578295	0.030662	0.056645	0.0237601	0.0469782	0.0169053	0.194527	0.0968661	0.0388077	0.00189152	0.0108929
135	0.118468	0.02378	0.0935304	0.132003	0.0103214	0.0443233	0.0101458	0.00546505	0.0456034	0.0281273	0.0163671	0.0500319	0.0465838	0.0452571	0.0255012	0.193464	0.0842669	0.0164413	0.000438683	0.00987968
136	0.0155424	0.0365709	0.0233514	0.0136704	0.0120135	0.0196525	0.0884466	0.0530797	0.014214	0.0178327	0.031377	0.360448	0.00962299	0.0106015	0.0562281	0.0978429	0.0661482	0.0341054	0.00288119	0.036371
137	0.0316865	0.0136406	0.31505	0.141523	0.00130626	0.114995	0.0074877	0.00452527	0.0364481	0.00784585	0.00275808	0.138228	0.00503385	0.0209678	0.0275788	0.0639415	0.0294502	0.0180291	0.00714421	0.0123608
138	0.00822889	0.00248398	0.00265344	0.00194847	0.0772778	0.00321631	0.00126093	0.228314	0.00157634	0.432565	0.0745163	0.00296223	0.000903216	0.00539372	0.00969987	0.0114434	0.0107902	0.119485	0.00034889	0.00493194
139	0.0139216	0.000748911	0.178285	0.613252	0.000744699	0.0247489	0.00266054	0.00932242	0.0397865	0.00952822	0.00343412	0.0159891	0.0044473	0.0299105	0.0151725	0.0240591	0.00701994	0.00589926	0.000245102	0.000824861
140	0.0729136	0.0583429	0.015272	0.0236058	0.0328049	0.0422532	0.0226376	0.132602	0.0175617	0.110537	0.0648554	0.0332858	0.0176348	0.018353	0.0214001	0.116454	0.069793	0.103199	0.00504595	0.0214475
141	0.0884498	0.00634617	0.104113	0.148458	0.00429801	0.0480635	0.020916	0.0205016	0.100987	0.0354881	0.0371111	0.090055	0.0163362	0.0508525	0.0340852	0.0974923	0.0563649	0.034151	0.000480405	0.00545026
142	0.013726	0.00956581	0.442715	0.152619	0.000678309	0.075005	0.00733767	0.00425313	0.0318213	0.00622404	0.000935808	0.130169	0.00160114	0.0148428	0.0249706	0.0472738	0.0120465	0.0140784	0.004979	0.00515857
143	0.00829857	0.00236181	0.00223193	0.00204525	0.0708929	0.00258727	0.00166509	0.20382	0.00127935	0.483266	0.0686835	0.00242566	0.00111641	0.00425503	0.00780284	0.00952116	0.00930175	0.112155	0.00073751	0.00555235
144	0.104452	0.0163265	0.116046	0.154289	0.0142426	0.0453148	0.0101601	0.00305285	0.0324994	0.0279517	0.0144902	0.0489781	0.059901	0.0450943	0.0140754	0.19684	0.0730669	0.0105882	0.00033628	0.0122952
145	0.0558761	0.0117129	0.00387981	0.0140764	0.0407806	0.0136368	0.00371422	0.228228	0.0070691	0.200673	0.058512	0.00778031	0.0189416	0.00775401	0.00864447	0.0412094	0.0626256	0.206748	0.00163074	0.00650772
146	0.0150235	0.0008688	0.181461	0.603987	0.000841799	0.0262151	0.00281465	0.00887086	0.0391902	0.00948764	0.00359125	0.0177744	0.00484163	0.0296528	0.0150345	0.0251329	0.00768385	0.00608203	0.000309029	0.00113688
147	0.05611	0.00375649	0.0763241	0.13023	0.00193318	0.0369209	0.0299424	0.0238554	0.166678	0.0315944	0.033649	0.0885955	0.00707943	0.091828	0.0799115	0.0708138	0.0371547	0.0267302	0.00150773	0.00538599
148	0.0282975	0.00211475	0.00346085	0.00290931	0.0137298	0.00339059	0.00087967	0.332357	0.0014676	0.0817674	0.0341779	0.0011296	0.00140299	0.00364451	0.00178173	0.00333785	0.0132741	0.469866	0.000254372	0.000755578
149	0.0277015	0.00188799	0.00345808	0.00254121	0.0136923	0.00326858	0.000794148	0.333494	0.00140872	0.0825002	0.0339304	0.00110172	0.00113403	0.00350418	0.00161681	0.00309436	0.0120656	0.471891	0.000230003	0.000685444
150	0.128088	0.0238018	0.00866316	0.0217159	0.025203	0.0614125	0.00863974	0.147964	0.0110829	0.104069	0.0578189	0.025978	0.0165202	0.0151161	0.00698389	0.0987754	0.0853074	0.139469	0.00215716	0.0112334
151	0.0342125	0.0103569	0.00919352	0.0145265	0.150683	0.0183909	0.0245991	0.10867	0.0147121	0.0934195	0.0523518	0.0131774	0.0468262	0.0119388	0.0301426	0.0887277	0.0574422	0.0432861	0.0999995	0.0773437
152	0.625599	0.00599907	0.00454671	0.00807075	0.00533127	0.0966902	0.00173874	0.0118144	0.00241039	0.00681524	0.0114803	0.00213573	0.00137032	0.00555953	0.00213476	0.123333	0.035168	0.0480765	0.000424638	0.00130113
153	0.0298364	0.00257807	0.0030982	0.00778774	0.0838675	0.00433	0.011293	0.24909	0.00915785	0.268174	0.0575585	0.00296145	0.0131834	0.00841354	0.0303882	0.0221749	0.0247469	0.158661	0.00748943	0.00521038
154	0.0707851	0.00623979	0.0252296	0.0342125	0.0032701	0.0493805	0.00672809	0.0090165	0.0405815	0.0115809	0.00776355	0.0989187	0.0105434	0.0134233	0.023253	0.440143	0.129124	0.00973211	0.00109363	0.00898083
155	0.0174483	0.00485071	0.0543197	0.0766016	0.0482583	0.00717928	0.422712	0.00621264	0.0206272	0.00906761	0.00534918	0.0591219	0.0153017	0.070496	0.0151948	0.0225355	0.00617626	0.00579761	0.00126351	0.131487
156	0.0194678	0.00404173	0.0584487	0.0821745	0.0515269	0.00678673	0.404688	0.00501482	0.0221985	0.00723312	0.00491652	0.0614143	0.0157149	0.0752103	0.013746	0.0201324	0.00626388	0.0053476	0.00143643	0.134237
157	0.0084205	0.00231836	0.00216996	0.00241307	0.0715784	0.00260393	0.00198605	0.188207	0.00192918	0.504785	0.0715997	0.00240543	0.00161643	0.00458324	0.0109469	0.00991423	0.00985503	0.0957363	0.00104686	0.00588513
158	0.0559467	0.00454771	0.0505899	0.141986	0.00865868	0.0344525	0.0315443	0.0403653	0.155527	0.0593934	0.0514231	0.0716458	0.00502071	0.103362	0.0352201	0.0693104	0.0343513	0.0390946	0.00103438	0.00652622
159	0.0383978	0.00944985	0.173076	0.0870877	0.00376775	0.0772475	0.0163831	0.0171155	0.0778736	0.0123852	0.00931885	0.213973	0.00443568	0.0305322	0.0359565	0.118513	0.0476747	0.0167405	0.00228932	0.00778251
160	0.0423179	0.0162248	0.20795	0.10312	0.00161065	0.133605	0.00714634	0.00553197	0.0505061	0.0091447	0.00490756	0.164461	0.00562382	0.0199672	0.0336757	0.0996993	0.0501599	0.0219063	0.00580493	0.0166356
161	0.00746352	0.00414281	0.00199863	0.0246657	0.00495816	0.00246252	0.015323	0.0112764	0.506848	0.0138381	0.00152949	0.0357806	0.0030562	0.0545992	0.23307	0.0363242	0.024612	0.00849801	0.0059109	0.00364224
162	0.0428388	0.00266174	0.00325969	0.0118924	0.124399	0.00817384	0.0263578	0.183104	0.0105987	0.257069	0.0485453	0.00299544	0.0316431	0.0112258	0.0354291	0.0411318	0.0358035	0.0785835	0.0330834	0.0112034
163	0.0654081	0.0227826	0.00549973	0.0269737	0.0236695	0.0225283	0.0039798	0.192015	0.0055057	0.128914	0.0551191	0.0121423	0.0305017	0.00819442	0.00311969	0.0592931	0.109946	0.213174	0.000723874	0.0105098
164	0.00780379	0.00247908	0.00260324	0.00196285	0.0749769	0.00300704	0.0013278	0.221923	0.00144841	0.450528	0.0736609	0.00281652	0.000786673	0.00488699	0.00938853	0.0105696	0.0102762	0.113578	0.000294581	0.00568193
165	0.0779188	0.00916151	0.0294603	0.0296959	0.0135472	0.019345	0.00499948	0.0202081	0.0423294	0.0798046	0.00494109	0.018764	0.327749	0.0487594	0.020549	0.135997	0.0921886	0.0191988	0.00112469	0.00425859
166	0.225058	0.0686673	0.0116752	0.0248956	0.00304325	0.0439889	0.00972561	0.0163215	0.0389971	0.0166715	0.0169782	0.00513402	0.0213462	0.00846435	0.0313563	0.222456	0.154186	0.07304	0.000740284	0.00725566
167	0.0348381	0.00380265	0.0701744	0.209323	0.00278807	0.0361018	0.0133202	0.0247492	0.156591	0.0233999	0.013746	0.125845	0.00505656	0.0863361	0.0269117	0.0607702	0.0857544	0.0156704	0.00121538	0.00360557
168	0.0438988	0.0122642	0.0341537	0.0636318	0.00629793	0.031214	0.0384132	0.0257671	0.14946	0.0278235	0.013354	0.065295	0.0378523	0.0948199	0.152233	0.120096	0.0458074	0.0205458	0.00407201	0.0129998
169	0.0099007	0.00266284	0.00264436	0.00230771	0.0687935	0.00324694	0.00106784	0.231131	0.00142371	0.410666	0.0692487	0.00267382	0.00120527	0.00476003	0.00772499	0.0103023	0.0114596	0.153983	0.000288887	0.00450829
170	0.129053	0.0248165	0.092229	0.127772	0.0102842	0.0416231	0.0124111	0.00947321	0.0550175	0.0303482	0.0261783	0.0489452	0.039276	0.0539006	0.0215233	0.167153	0.0770231	0.0224461	0.000692053	0.0098348
171	0.0168368	0.0888983	0.0122933	0.0151455	0.0147946	0.0171691	0.13904	0.0657669	0.0187377	0.1479	0.0467838	0.0208943	0.00676842	0.0200825	0.139878	0.0521204	0.0203531	0.0452736	0.00638551	0.104878
172	0.611135	0.00678231	0.00486701	0.0103018	0.00509306	0.0937926	0.00178707	0.0114725	0.00319324	0.00697963	0.0113314	0.00233856	0.00199426	0.00518132	0.00286963	0.131272	0.0373142	0.0500424	0.000492339	0.00175924
173	0.00958483	0.00261848	0.00261481	0.00208079	0.0807253	0.00339663	0.00192862	0.225647	0.00189941	0.430069	0.0716183	0.00308688	0.00176035	0.00558549	0.00965152	0.0131222	0.0112904	0.117191	0.00114594	0.00498364
174	0.0589404	0.00690289	0.0873503	0.0826842	0.00235169	0.0693433	0.0114299	0.00957632	0.0971641	0.0163452	0.0139629	0.197875	0.00310398	0.0420067	0.0454465	0.165421	0.0643689	0.0200115	0.000973809	0.00474149
175	0.0177102	0.00285687	0.00504605	0.00814813	0.0742022	0.00463173	0.00609684	0.213862	0.00889482	0.353571	0.0801201	0.00292287	0.00781617	0.00735207	0.0325257	0.0188444	0.0267434	0.117648	0.00332326	0.00768498
176	0.0151843	0.00334395	0.00289049	0.00434505	0.0826211	0.00487598	0.00437934	0.21872	0.00374606	0.397608	0.0672396	0.00344719	0.00490169	0.00879481	0.0122697	0.019191	0.0166969	0.120822	0.00325197	0.00567137
177	0.0130807	0.00637104	0.0359879	0.0931531	0.00142402	0.0165786	0.0621855	0.0167228	0.217618	0.0286423	0.0131048	0.0510027	0.0103912	0.154671	0.1923	0.0472085	0.0136424	0.0109051	0.00338283	0.0116277
178	0.0666072	0.00265555	0.0993174	0.166098	0.00160261	0.054245	0.0165862	0.0242928	0.129856	0.0263429	0.0236264	0.110883	0.0047951	0.0654837	0.0537653	0.0791707	0.0397741	0.0316641	0.000777449	0.00245764
179	0.0319247	0.0135086	0.180543	0.0729542	0.00757097	0.0638814	0.0331642	0.0111129	0.0380017	0.0128344	0.00740228	0.274767	0.00939723	0.0207904	0.0242267	0.0979634	0.0709215	0.0131053	0.00241254	0.0135172
180	0.0167346	0.00307211	0.238526	0.488211	0.00108838	0.036255	0.00545121	0.00835607	0.0389385	0.0095627	0.00366329	0.043029	0.00538875	0.0268053	0.0177826	0.0312517	0.0097336	0.0122394	0.00133118	0.00258028
181	0.0033606	0.019572	0.00214337	0.00281025	0.544901	0.0103319	0.0035144	0.0220669	0.00469632	0.103897	0.0188822	0.00287677	0.0023449	0.00225693	0.00320573	0.0176743	0.0177245	0.0234033	0.00817987	0.186157
182	0.0352842	0.00515898	0.157964	0.452516	0.00526697	0.0336564	0.013208	0.0140574	0.0555156	0.018634	0.00979227	0.0352756	0.0100665	0.037995	0.0252237	0.0469951	0.0200709	0.015328	0.00154922	0.00644151
183	0.00784243	0.00349094	0.00208235	0.0250314	0.00455393	0.0025452	0.0149969	0.00919503	0.519463	0.0126831	0.00148899	0.0356362	0.00296085	0.0526903	0.230168	0.0369501	0.0229332	0.00657883	0.00555286	0.00315606
184	0.0229233	0.00570276	0.0472686	0.102922	0.00121244	0.0187657	0.057288	0.0218248	0.200501	0.0289016	0.015439	0.0655251	0.00895852	0.142829	0.154727	0.0554079	0.0186425	0.0158856	0.00317091	0.0121047
185	0.00872266	0.00273762	0.00273422	0.00219221	0.0770703	0.00315212	0.00157011	0.22426	0.00163294	0.436838	0.0722879	0.002883	0.00126154	0.00510182	0.0094192	0.0113615	0.0112902	0.119492	0.000667393	0.00532456
186	0.0155226	0.00244036	0.00293781	0.00370067	0.0712001	0.00341404	0.00318555	0.234236	0.00475982	0.376614	0.0730197	0.00268825	0.00313253	0.00626035	0.0170042	0.0134008	0.0168831	0.142838	0.00148538	0.00527712
187	0.117764	0.0178193	0.0818762	0.124473	0.0117171	0.0519485	0.0105301	0.00787538	0.0314049	0.0354401	0.0143917	0.0464097	0.0713571	0.0510822	0.0165609	0.206069	0.0692578	0.0224211	0.000682554	0.01092
188	0.0849348	0.0175223	0.132819	0.135742	0.0119887	0.0569178	0.0117411	0.00647215	0.0362111	0.028999	0.0134525	0.0928368	0.0367156	0.034411	0.0182561	0.172394	0.0735176	0.0143947	0.00144235	0.0192309
189	0.0516364	0.00868547	0.0110703	0.0147696	0.0263249	0.0137855	0.00695007	0.247642	0.0104622	0.124659	0.0415949	0.00932957	0.00825225	0.0101433	0.0096876	0.0312661	0.0346567	0.331139	0.00138371	0.00656155
190	0.0262568	0.00218712	0.00342775	0.00290997	0.0142866	0.00352592	0.000920258	0.350649	0.00146449	0.0816257	0.0331121	0.00121141	0.00166578	0.00355825	0.00176363	0.00341262	0.0147039	0.452303	0.000242987	0.000772893
191	0.154404	0.00833744	0.00821173	0.010601	0.00896018	0.0253471	0.0066537	0.0119564	0.0222862	0.0606636	0.0043494	0.0170664	0.42042	0.0225451	0.0567267	0.104438	0.0399056	0.0125625	0.0010975	0.00346763
192	0.191362	0.0125147	0.00469573	0.00589769	0.00362698	0.0247523	0.00379088	0.00633414	0.0105978	0.0256789	0.00319368	0.00903956	0.474958	0.00928007	0.0243228	0.145149	0.0331688	0.00780676	0.000989733	0.00284065
193	0.00981092	0.00497635	0.135176	0.0355026	0.00341512	0.0527944	0.0890276	0.00757553	0.00887491	0.00792343	0.00538661	0.491551	0.00861921	0.0134217	0.0141299	0.0720708	0.0267831	0.00730636	0.00124353	0.00441102
