246	20
1	0.238232	0.00432732	0.0425828	0.0376459	0.0153336	0.0745885	0.00592766	0.0158307	0.0257986	0.0661209	0.00673461	0.0423481	0.017116	0.0310132	0.044819	0.158435	0.117108	0.0449819	0.00177095	0.00928515
2	0.0137296	0.0142571	0.0696514	0.0107019	0.0034213	0.0141543	0.0419192	0.012444	0.0523172	0.00417389	0.00209816	0.593273	0.00270795	0.0118164	0.00396722	0.0778305	0.0461856	0.00506992	0.000711671	0.0195694
3	0.00317137	0.000544258	0.000917818	0.00156236	0.0317466	0.00257363	0.00109629	0.139643	0.00336853	0.688226	0.0411961	0.00157205	0.00618049	0.00466534	0.0126976	0.00264955	0.0045714	0.052028	0.000231979	0.00135791
4	0.0648515	0.00347132	0.149197	0.0681446	0.00516562	0.025771	0.0261258	0.032352	0.126713	0.024176	0.0216811	0.138481	0.00271701	0.123533	0.103255	0.0431752	0.0135095	0.0226492	0.0015061	0.00352464
5	0.186577	0.00203488	0.0183448	0.00664726	0.0525172	0.0568385	0.0123359	0.00757137	0.0208493	0.171234	0.00747842	0.0444155	0.0024217	0.0315975	0.0711475	0.131247	0.0852168	0.0741266	0.00734555	0.0100525
6	0.0516213	0.00489737	0.00312248	0.00429089	0.0398228	0.00655611	0.00221356	0.181192	0.00345236	0.257122	0.0622592	0.00693852	0.00491258	0.0077149	0.0179766	0.0245095	0.0472928	0.257353	0.00116188	0.0155904
7	0.0135592	0.00504632	0.00746369	0.00740203	0.102054	0.188053	0.141237	0.0848329	0.0108103	0.0905145	0.0352826	0.0855946	0.00461497	0.105274	0.0630863	0.0200202	0.0117471	0.0135624	0.00230128	0.00754431
8	0.00293308	0.00947424	0.00140611	0.00407919	0.355679	0.00362678	0.023844	0.0104498	0.00623599	0.0287156	0.0111484	0.00482827	0.000831705	0.00287795	0.00905726	0.0277754	0.00593692	0.0178089	0.0056145	0.467677
9	0.262069	0.00719712	0.00935204	0.00567337	0.0720024	0.111182	0.00585119	0.0375773	0.0106101	0.0306499	0.00739085	0.0844915	0.00331724	0.0240007	0.0147746	0.132385	0.0302967	0.084778	0.00650621	0.0598948
10	0.0823888	0.00249987	0.0228804	0.0180672	0.00430805	0.0113134	0.0328817	0.0462005	0.109679	0.017973	0.0290505	0.118017	0.0146777	0.0236997	0.0463648	0.134172	0.25186	0.0293804	0.0012946	0.00329168
11	0.25193	0.00443753	0.0709371	0.0235651	0.0167696	0.135105	0.00386531	0.0215226	0.0282277	0.046281	0.0062084	0.0424624	0.0141878	0.0187325	0.0439992	0.127513	0.0979832	0.0372064	0.00273143	0.00633425
12	0.100309	0.00233071	0.00433611	0.033621	0.0046673	0.022013	0.00788358	0.0883434	0.153603	0.00958869	0.033795	0.0159732	0.00269521	0.0578663	0.131975	0.0330565	0.15326	0.13911	0.0015419	0.00403122
13	0.110095	0.00559982	0.00175324	0.00701697	0.00494542	0.0046356	0.00181173	0.145937	0.00208006	0.023176	0.0166581	0.00211738	0.00118304	0.00209883	0.00255786	0.0050863	0.00894813	0.64932	0.00334641	0.00163371
14	0.00261034	0.000790857	0.00119988	0.00551105	0.121849	0.00297223	0.0482897	0.00217965	0.00690917	0.0122965	0.00164715	0.00905532	0.000679353	0.00193515	0.0159494	0.0347094	0.00858046	0.00332812	0.00899227	0.710515
15	0.486268	0.020039	0.00304589	0.0025788	0.0127221	0.165415	0.00717242	0.0133495	0.0035891	0.0105856	0.0197154	0.00548007	0.00157474	0.00437798	0.00521983	0.0707909	0.0842627	0.06642	0.0013694	0.0160232
16	0.0423047	0.0053901	0.00251286	0.00252145	0.0734564	0.0065269	0.0070413	0.185732	0.00299345	0.225233	0.0566966	0.00989977	0.00409269	0.012813	0.0213737	0.0346326	0.0418097	0.236424	0.000731221	0.0278146
17	0.510535	0.0175522	0.00183475	0.00224733	0.0219287	0.0892811	0.00580463	0.020858	0.00278745	0.0128326	0.0110402	0.004653	0.00121665	0.00403643	0.00360645	0.0769849	0.10606	0.0707238	0.000828691	0.0351877
18	0.0298053	0.00341526	0.0157356	0.0157015	0.0565307	0.00491151	0.0372115	0.0942003	0.0216517	0.223557	0.109699	0.0186356	0.0250987	0.097459	0.0516258	0.0606798	0.0690012	0.0582206	0.00115353	0.00570563
19	0.0356181	0.448638	0.0115334	0.00842429	0.0676227	0.0262172	0.0103295	0.023587	0.0136399	0.057958	0.0147356	0.0144499	0.00769554	0.00900027	0.0273211	0.0576393	0.0425014	0.0586193	0.0031984	0.0612715
20	0.0250895	0.00337201	0.00945126	0.0192259	0.0318626	0.0426539	0.0788934	0.0712403	0.0416559	0.141095	0.0623771	0.0252505	0.012754	0.117833	0.177396	0.0498581	0.0382556	0.0341608	0.00557122	0.012003
21	0.0298731	0.473447	0.00604525	0.00492484	0.0824095	0.0164028	0.00751118	0.0181154	0.00817528	0.063619	0.0138821	0.0076879	0.00282848	0.00702802	0.017626	0.0533235	0.0386493	0.0658374	0.00184788	0.0807663
22	0.0303027	0.00144038	0.0142508	0.0167465	0.0438448	0.00300527	0.0360265	0.102	0.0248017	0.196565	0.108175	0.0202084	0.029801	0.104811	0.0606237	0.0664332	0.0818308	0.0574455	0.000357507	0.00133044
23	0.0639033	0.00897212	0.00379448	0.00374453	0.0200795	0.0102835	0.00179378	0.205896	0.00243733	0.183728	0.0341206	0.00382697	0.00440968	0.00364261	0.0082841	0.0132729	0.0311076	0.38659	0.00240998	0.00770298
24	0.0888768	0.00581154	0.00660665	0.00708831	0.0468613	0.0338854	0.132358	0.0833358	0.0473395	0.0566394	0.00859235	0.0289789	0.00377726	0.0116774	0.251737	0.110833	0.0113308	0.0351287	0.00226864	0.0268741
25	0.00261034	0.000790857	0.00119988	0.00551105	0.121849	0.00297223	0.0482897	0.00217965	0.00690917	0.0122965	0.00164715	0.00905532	0.000679353	0.00193515	0.0159494	0.0347094	0.00858046	0.00332812	0.00899227	0.710515
26	0.0542864	0.00200154	0.0198818	0.0375114	0.00425402	0.00812404	0.00955541	0.0388874	0.123505	0.0386554	0.0458448	0.09307	0.0645758	0.00945191	0.0880883	0.0892444	0.235169	0.0335174	0.000991132	0.00338458
27	0.044317	0.00425671	0.00222899	0.00201948	0.0510479	0.00552236	0.00237365	0.200739	0.00220137	0.218283	0.0586279	0.00707865	0.00437463	0.00765981	0.0198778	0.0304353	0.0439538	0.274124	0.000856383	0.0200217
28	0.00261034	0.000790857	0.00119988	0.00551105	0.121849	0.00297223	0.0482897	0.00217965	0.00690917	0.0122965	0.00164715	0.00905532	0.000679353	0.00193515	0.0159494	0.0347094	0.00858046	0.00332812	0.00899227	0.710515
29	0.478099	0.0314565	0.00211694	0.00216963	0.0126931	0.136788	0.00993407	0.0123915	0.0028335	0.008488	0.0124092	0.00419174	0.00144459	0.00298858	0.00403042	0.0964415	0.103221	0.06124	0.00103988	0.0160235
30	0.0230842	0.00347074	0.00302011	0.00291349	0.0526561	0.00414027	0.00363105	0.0160651	0.00361111	0.521559	0.217707	0.00386982	0.00140737	0.0222346	0.00506179	0.0151427	0.0147053	0.0708708	0.0105949	0.00425495
31	0.296138	0.00756146	0.005558	0.00633534	0.0111026	0.0321782	0.00652067	0.0361733	0.00680291	0.0513975	0.107087	0.00767183	0.00334295	0.00672499	0.00846672	0.0172902	0.0619162	0.316528	0.00536158	0.00584287
32	0.0769481	0.0114184	0.0339289	0.0484411	0.0178711	0.0438648	0.0726608	0.0280954	0.051313	0.0539028	0.0195715	0.0458505	0.00902767	0.137148	0.178491	0.0713982	0.0389896	0.0324138	0.00803656	0.0206286
33	0.0438353	0.42911	0.0105178	0.00789817	0.0516831	0.0295748	0.0113356	0.0193716	0.0169301	0.0481738	0.0172105	0.0135608	0.00506133	0.0113002	0.0277536	0.0742849	0.0848638	0.0476653	0.00273386	0.0471356
34	0.0320554	0.459217	0.00953591	0.00763816	0.0630381	0.0247474	0.0127833	0.0228368	0.0150082	0.0598999	0.0149514	0.0192058	0.00850893	0.0107772	0.0308752	0.0589204	0.0425916	0.0497025	0.00214563	0.0555616
35	0.0737536	0.00264848	0.0058175	0.00429558	0.0637857	0.0814147	0.00632709	0.00719643	0.0226449	0.104048	0.0550862	0.0551075	0.00244216	0.0605448	0.163297	0.0924132	0.0758934	0.040073	0.027905	0.0553057
36	0.116843	0.0187362	0.0603516	0.0604969	0.00517606	0.0626448	0.0502727	0.00946431	0.0537392	0.0332242	0.00235859	0.0747338	0.00217956	0.105455	0.114632	0.132048	0.0529783	0.0250983	0.0023589	0.0172085
37	0.0306577	0.474098	0.0113646	0.00751162	0.0627611	0.0285012	0.010968	0.0223625	0.0141378	0.0528903	0.0117947	0.0144473	0.00825895	0.00824702	0.031685	0.0643188	0.0416815	0.0468714	0.00260311	0.0548395
38	0.00264807	0.000883544	0.000819493	0.000893237	0.0569622	0.00504231	0.00203616	0.0834828	0.0023777	0.758967	0.0259826	0.00167576	0.00260777	0.0030256	0.00769288	0.00272359	0.00162387	0.0383639	0.000443386	0.00174841
39	0.0955572	0.0181542	0.0633529	0.0638258	0.00476938	0.0558571	0.0532606	0.00870624	0.0584092	0.033891	0.00281864	0.080445	0.00104099	0.120032	0.124877	0.12304	0.0477506	0.0244419	0.00250056	0.0172701
40	0.0350807	0.0158635	0.00721207	0.0106128	0.203864	0.0249866	0.0480791	0.118608	0.00606516	0.24175	0.0219475	0.0168757	0.00500982	0.0334808	0.0131401	0.0270697	0.00742162	0.0912811	0.00429108	0.0673609
41	0.206453	0.00350744	0.0250885	0.00564717	0.052558	0.108703	0.00693587	0.023385	0.0427065	0.124427	0.00750173	0.0382979	0.00254441	0.0155418	0.0547869	0.113607	0.0323085	0.0770097	0.0302307	0.0287596
42	0.0725341	0.00262621	0.0109032	0.0200208	0.0254409	0.0228011	0.0059757	0.125871	0.0123148	0.117019	0.0426111	0.0120628	0.084487	0.0296155	0.0836044	0.0285331	0.0848916	0.197019	0.00146748	0.0202004
43	0.0176622	0.0064633	0.00782734	0.0102617	0.0103794	0.0780318	0.0355326	0.0137972	0.0445547	0.0198736	0.0106387	0.0399665	0.0360393	0.0178708	0.272347	0.143153	0.0465036	0.0173324	0.137329	0.0344358
44	0.0355702	0.442586	0.00856116	0.0083824	0.0589421	0.023654	0.0143319	0.0226531	0.0218687	0.0589105	0.0142599	0.0110878	0.0159221	0.0111144	0.0354169	0.0618325	0.0476339	0.0486067	0.0024987	0.0561666
45	0.0405409	0.00296669	0.0176784	0.00439566	0.0855222	0.032286	0.0184047	0.0674217	0.00529941	0.0344567	0.0049011	0.239104	0.00244161	0.00596176	0.00666065	0.173814	0.134498	0.0575827	0.00124473	0.0648186
46	0.0423798	0.00242258	0.229097	0.286193	0.00242881	0.053201	0.0279295	0.014641	0.0436159	0.0174671	0.00974453	0.0810522	0.0105598	0.0591952	0.0185594	0.0348894	0.029026	0.0345264	0.000649157	0.00242169
47	0.063688	0.00672184	0.0207809	0.0664961	0.201491	0.0464054	0.0236666	0.0396284	0.0202019	0.161571	0.0133032	0.0178026	0.00780168	0.0617715	0.0151623	0.123679	0.0161044	0.0521529	0.00746076	0.0341109
48	0.0304292	0.0014482	0.0143468	0.0168076	0.0436515	0.00307468	0.0359436	0.101502	0.0251621	0.196207	0.10801	0.0206225	0.0300172	0.104074	0.0603985	0.0672284	0.0823655	0.0570292	0.000356491	0.00132611
49	0.0305489	0.00215982	0.0137553	0.0168209	0.0455851	0.00306996	0.035608	0.104283	0.0238273	0.197079	0.107166	0.0196607	0.0293502	0.102246	0.0598308	0.065217	0.0796497	0.0618304	0.000360347	0.00195197
50	0.00750506	0.0213618	0.00263716	0.00630828	0.457098	0.014213	0.0141795	0.0507628	0.00487843	0.0996451	0.0310553	0.00631523	0.00176738	0.00590542	0.0048947	0.0173179	0.00490453	0.0589035	0.016822	0.173525
51	0.419457	0.0366067	0.00749504	0.00660967	0.0146671	0.154007	0.00939804	0.0137831	0.00543417	0.0131031	0.0132067	0.0123876	0.00345832	0.00656792	0.0101137	0.11391	0.0895023	0.0534677	0.00208382	0.0147418
52	0.279149	0.0144102	0.0156967	0.0189842	0.0198672	0.0573691	0.0109795	0.0491986	0.0249698	0.0429747	0.0278077	0.0250898	0.015538	0.0191697	0.0304667	0.0787884	0.125938	0.124895	0.00310112	0.0156063
53	0.0223034	0.0251732	0.327799	0.038479	0.00264288	0.091914	0.0159433	0.00422036	0.0217207	0.00484706	0.00283899	0.251424	0.00284025	0.0152279	0.0468309	0.0838565	0.0148693	0.0212897	0.000620214	0.00515896
54	0.0126506	0.0149955	0.0741072	0.0110881	0.00180454	0.0134131	0.0417497	0.00963071	0.0536412	0.00292019	0.00158476	0.608666	0.00277618	0.0111932	0.00281354	0.0727096	0.0404897	0.00329291	0.000540867	0.0199327
55	0.0330863	0.015867	0.0133292	0.0211334	0.173653	0.0271268	0.0356961	0.0643931	0.0264967	0.13782	0.0848952	0.0237957	0.0133028	0.0869996	0.0489371	0.0454534	0.040625	0.0585341	0.006218	0.0426383
56	0.309218	0.0261586	0.0601198	0.0200119	0.015922	0.0504663	0.00888187	0.0171104	0.0191803	0.0513108	0.00872679	0.0489703	0.0189616	0.0418344	0.0297806	0.176676	0.0546427	0.0292448	0.00331424	0.00946902
57	0.0490131	0.0011461	0.228482	0.310581	0.0028084	0.0314922	0.0205078	0.0193044	0.0605164	0.0177688	0.00730013	0.0688404	0.0221791	0.0717855	0.0114966	0.0291117	0.0192017	0.0249389	0.000644573	0.00288164
58	0.0791497	0.00161061	0.184976	0.298744	0.00263345	0.0475682	0.0201079	0.0202975	0.0491842	0.0193133	0.00732346	0.0687791	0.0113813	0.0564286	0.0198743	0.0444275	0.0357702	0.0299604	0.000505446	0.0019645
59	0.0123225	0.0149829	0.0732324	0.0108851	0.00174984	0.0132657	0.0417496	0.00969604	0.0533359	0.00291628	0.00157025	0.611155	0.00277562	0.0110225	0.00277593	0.0725108	0.0405617	0.00324386	0.00053925	0.0197091
60	0.0227527	0.00227313	0.00670479	0.0567642	0.0343364	0.0058487	0.0266673	0.0777238	0.143535	0.131783	0.0995895	0.0140597	0.0092749	0.113898	0.108284	0.0226058	0.0525282	0.0540557	0.0013961	0.0159186
61	0.00155818	0.000455328	0.000635294	0.000835696	0.0306291	0.00233764	0.000853213	0.142389	0.00310422	0.705526	0.0424212	0.000973151	0.00513941	0.00411226	0.0104848	0.00156407	0.00192367	0.0441649	0.000222655	0.000670132
62	0.00791443	0.0168183	0.00404894	0.00780781	0.283647	0.00879323	0.0315405	0.0164511	0.00849861	0.0439845	0.0111288	0.00960825	0.00185923	0.00675229	0.0126741	0.0380482	0.00983269	0.0250797	0.00947247	0.44604
63	0.0934879	0.0169112	0.030726	0.061696	0.0198636	0.313451	0.0163527	0.0218579	0.0338521	0.0300596	0.0200627	0.050731	0.0100146	0.0354234	0.0639721	0.0880962	0.0406869	0.0315451	0.00887503	0.0123344
64	0.143746	0.0225751	0.00781097	0.0355024	0.00787818	0.0142492	0.0253578	0.00924657	0.00315263	0.0371663	0.0087285	0.00794009	0.357269	0.0242509	0.028471	0.18269	0.0633372	0.0151448	0.00393372	0.00154952
65	0.0844791	0.0088278	0.0091787	0.0112587	0.0171817	0.0142348	0.00665044	0.187112	0.00869574	0.0680372	0.029248	0.00932861	0.00772308	0.0110329	0.0138618	0.0220162	0.0295951	0.449174	0.00384494	0.00851963
66	0.0125166	0.00490893	0.00896516	0.026451	0.156769	0.0136695	0.0462475	0.0135908	0.014576	0.0383157	0.00638591	0.0130551	0.00301861	0.0128126	0.0170487	0.037695	0.0120682	0.0152221	0.0130971	0.533586
67	0.30917	0.0601005	0.0153717	0.0165767	0.0197117	0.190505	0.0129456	0.017899	0.0123039	0.0208435	0.0154904	0.0210746	0.00754118	0.016099	0.0229465	0.0986145	0.075472	0.0477484	0.00305651	0.0165291
68	0.0217628	0.00190519	0.00355024	0.0624459	0.0230197	0.00582611	0.0395539	0.0572709	0.10941	0.112083	0.0659779	0.0154367	0.00304283	0.16805	0.119984	0.00872168	0.0595788	0.0885453	0.00126412	0.0325707
69	0.0017694	0.000582756	0.000732099	0.000791147	0.0518958	0.00406995	0.000976327	0.0859982	0.00219982	0.767954	0.0273135	0.00109488	0.00272116	0.00237168	0.00761822	0.0019283	0.00154345	0.0370471	0.000408389	0.000983319
70	0.136641	0.0243954	0.00724038	0.0334759	0.00800789	0.0142189	0.0252534	0.00802665	0.00206979	0.0377614	0.00755261	0.00769044	0.372474	0.0242937	0.0282875	0.182563	0.0596	0.0149842	0.00392357	0.00154028
71	0.0145047	0.0150951	0.398986	0.0534253	0.00196884	0.0720136	0.0151537	0.00313931	0.015858	0.00369567	0.00207708	0.229463	0.00406175	0.0124754	0.0209849	0.0932942	0.0222488	0.0146193	0.000495692	0.00643957
72	0.0425912	0.00271351	0.0525176	0.197005	0.00354127	0.342972	0.0050933	0.010146	0.0311669	0.0110184	0.0135231	0.0319682	0.0120275	0.0604776	0.088915	0.0364333	0.0335069	0.0166406	0.00483211	0.00291126
73	0.0303405	0.00144279	0.0143829	0.0169563	0.0432194	0.00312195	0.03576	0.102373	0.0248827	0.195685	0.107443	0.0203127	0.0299524	0.104859	0.0609782	0.066009	0.0824223	0.0581643	0.000356085	0.00133899
74	0.021601	0.0011619	0.117584	0.346354	0.0129055	0.017833	0.0875434	0.00521992	0.0873111	0.0120681	0.0148422	0.0348794	0.0164259	0.154002	0.0211221	0.0107157	0.00599896	0.0113318	0.000676766	0.0204231
75	0.00617783	0.000901914	0.00302755	0.00104134	0.00480964	0.00348345	0.0010844	0.574482	0.00473548	0.0449185	0.023606	0.00160398	0.00645363	0.00146103	0.0056226	0.00625535	0.0317589	0.27719	0.000396436	0.000990134
76	0.346598	0.0199766	0.0205873	0.0185851	0.0194665	0.0733578	0.0136774	0.022901	0.0189603	0.0288608	0.0144717	0.0302561	0.0323221	0.0197826	0.0266497	0.132414	0.0859688	0.0554572	0.00352497	0.0161822
77	0.109365	0.00555112	0.00176295	0.00702941	0.0050128	0.00459574	0.00180224	0.146821	0.00207538	0.0234779	0.0164395	0.00209443	0.0011982	0.00210327	0.00258157	0.00508755	0.00897198	0.649033	0.00330982	0.00168806
78	0.0226036	0.00858155	0.0257097	0.0282552	0.00641024	0.0311706	0.0168232	0.0226353	0.2752	0.0182316	0.0243922	0.147517	0.00545221	0.0418075	0.176188	0.05525	0.0616868	0.0194415	0.00490296	0.00774101
79	0.0915174	0.0255952	0.0568208	0.0499601	0.00684578	0.052508	0.0652848	0.00728405	0.0503164	0.0342763	0.00322891	0.0881341	0.0015451	0.11625	0.103261	0.141735	0.0480521	0.0270598	0.00143354	0.0288917
80	0.0668962	0.0169679	0.0220619	0.0316722	0.0110296	0.0396348	0.0235297	0.035055	0.146658	0.0301852	0.0236383	0.0894979	0.0134603	0.038303	0.100014	0.127338	0.134165	0.0357796	0.00404202	0.0100719
81	0.0473178	0.00577283	0.0327654	0.113566	0.00331231	0.27779	0.0105276	0.0153075	0.0505024	0.0209904	0.00759953	0.0341846	0.00592079	0.0823195	0.120838	0.0725426	0.0469652	0.0329628	0.0150484	0.00376535
82	0.033935	0.00500925	0.0998001	0.229729	0.0161877	0.026264	0.0944379	0.0135297	0.0811154	0.0230665	0.0157396	0.0661684	0.0118699	0.14802	0.042402	0.029437	0.0186449	0.021278	0.00128915	0.0220766
83	0.0752602	0.012162	0.0208463	0.0346757	0.0430825	0.204278	0.0187694	0.033839	0.0311221	0.0521998	0.0223266	0.0354195	0.0113198	0.0356952	0.0722614	0.0725947	0.0411981	0.0997876	0.0568602	0.0263016
84	0.0586208	0.00599605	0.0396199	0.0702662	0.140851	0.0203748	0.023589	0.0622277	0.0404651	0.196853	0.0124739	0.0130485	0.00844575	0.082521	0.0105973	0.0637785	0.0107663	0.0927251	0.00344846	0.0433317
85	0.0445753	0.00132766	0.0254299	0.06339	0.00520895	0.0175413	0.00477496	0.156934	0.0297921	0.107898	0.0809329	0.0283171	0.0327739	0.0341443	0.0551419	0.0119801	0.105297	0.190607	0.000666687	0.00326776
86	0.0215842	0.00215128	0.106367	0.308201	0.017052	0.0165428	0.0957115	0.00702051	0.0887511	0.0172816	0.0154631	0.0353875	0.0143145	0.165987	0.0259124	0.0126773	0.00633593	0.0132244	0.000875788	0.0291586
87	0.0211767	0.0224463	0.00710121	0.0118619	0.175912	0.0126035	0.0209158	0.0757747	0.0173633	0.27826	0.07444	0.0130459	0.0106155	0.041983	0.0466024	0.0332621	0.0309282	0.0538898	0.00553632	0.0462805
88	0.0141323	0.00244027	0.00338509	0.044012	0.0228034	0.00898027	0.0201588	0.049586	0.24833	0.0815863	0.0647948	0.0220109	0.0037836	0.113529	0.159721	0.0193433	0.0602744	0.042594	0.00215918	0.0163748
89	0.015405	0.0133438	0.066927	0.0105649	0.00525514	0.0138886	0.0376956	0.0160357	0.0517104	0.00528609	0.00255317	0.5828	0.00295399	0.0104289	0.00429073	0.0795717	0.0534983	0.00755117	0.00059248	0.0196473
90	0.0309575	0.00140798	0.156108	0.321591	0.00841017	0.0341815	0.0575906	0.0116772	0.0698051	0.0167264	0.0123553	0.052	0.0165271	0.118611	0.0217878	0.0217934	0.0160838	0.0194485	0.000867637	0.0120704
91	0.0133695	0.00184343	0.00566994	0.00268013	0.00900329	0.00620495	0.00139995	0.501462	0.00438572	0.0608736	0.023728	0.00260724	0.0119487	0.00251219	0.00683419	0.00722713	0.0378546	0.297729	0.000647996	0.0020185
92	0.03986	0.00184752	0.0137201	0.0582107	0.0234219	0.00816253	0.022542	0.112498	0.0536716	0.153898	0.0962378	0.0185428	0.0196895	0.0986402	0.0728682	0.0278078	0.0668806	0.102096	0.000709164	0.00869515
93	0.00276355	0.00195673	0.00105325	0.00102506	0.0572408	0.00473416	0.00187786	0.0839591	0.00245958	0.754451	0.0266799	0.00149344	0.00261911	0.00327792	0.00798739	0.00259437	0.0018674	0.0390415	0.000638476	0.00227978
94	0.00880862	0.00119754	0.00322968	0.00121536	0.0076348	0.00373091	0.0012424	0.539552	0.00441773	0.0601922	0.027888	0.00195761	0.00644855	0.00193036	0.0062756	0.00772174	0.0324996	0.281087	0.000460431	0.00251003
95	0.433758	0.0184104	0.00735328	0.00818937	0.0150903	0.0723638	0.00879697	0.0206465	0.0109561	0.0191879	0.0265872	0.0120611	0.00921163	0.010425	0.0123847	0.109063	0.107775	0.0805137	0.0020902	0.0151358
96	0.00673423	0.00545145	0.00115602	0.0147818	0.0020984	0.0231989	0.00282913	0.0169803	0.387004	0.0141471	0.0302381	0.0479145	0.00143447	0.0459638	0.282935	0.040845	0.0596259	0.00962625	0.0058974	0.00113812
97	0.0229256	0.00254884	0.00210114	0.00335668	0.0339288	0.00460968	0.00204855	0.18224	0.00335988	0.465336	0.036999	0.00363385	0.00466091	0.00505624	0.0111215	0.00929698	0.0174147	0.182609	0.000867357	0.00588594
98	0.0268632	0.0077755	0.0135329	0.0488039	0.0228057	0.0174013	0.0428609	0.0390011	0.116771	0.0949484	0.0416934	0.020977	0.00566368	0.173081	0.139307	0.0244136	0.0390366	0.0511702	0.00456225	0.0693313
99	0.0609688	0.0289119	0.0209441	0.0373182	0.0285035	0.0291603	0.0919884	0.0378941	0.0396281	0.0606884	0.0260036	0.0290596	0.137926	0.0458958	0.117382	0.0878172	0.0497163	0.0326835	0.0158705	0.0216402
100	0.00523139	0.00375126	0.000841733	0.0143026	0.00188327	0.0188175	0.00215911	0.0179748	0.397764	0.0139991	0.0318644	0.0478267	0.00120875	0.0439655	0.284075	0.0391244	0.0599778	0.00973493	0.00473846	0.000759378
101	0.0244052	0.0127055	0.0517256	0.0237207	0.0233034	0.0302797	0.0706314	0.0672891	0.0467271	0.0341531	0.0172392	0.370032	0.00745273	0.0326475	0.0288836	0.0658701	0.0465477	0.0263832	0.00234244	0.0176608
102	0.010463	0.00389991	0.00312441	0.00337915	0.0454249	0.0053596	0.0037127	0.10318	0.00469557	0.674193	0.040839	0.00365005	0.00640434	0.00759631	0.0114198	0.00668758	0.00698426	0.0522255	0.00109528	0.00566585
103	0.147948	0.00803703	0.00478269	0.00923706	0.0192618	0.0195065	0.00526515	0.124572	0.00653192	0.0370998	0.0206827	0.00659561	0.00391866	0.00640729	0.00890055	0.0238616	0.0257414	0.510264	0.00346159	0.00792531
104	0.00529601	0.00375495	0.000859382	0.0145178	0.00189775	0.0190577	0.00215869	0.0174816	0.398727	0.0136828	0.0316581	0.0470512	0.00125552	0.0440516	0.28575	0.038867	0.0587209	0.00964582	0.0048026	0.00076385
105	0.00410993	0.0024584	0.00130367	0.0017489	0.066111	0.00496228	0.00399363	0.0851373	0.00288389	0.728306	0.0269954	0.00217701	0.00259481	0.00499424	0.00810829	0.00359605	0.00227681	0.0407144	0.00119087	0.0063367
106	0.0014968	0.000500013	0.00071206	0.000772317	0.0458747	0.00328099	0.000839061	0.106751	0.00248818	0.742545	0.0333181	0.000982979	0.00332495	0.00277817	0.00913716	0.00169158	0.00141562	0.0410325	0.000292453	0.000766615
107	0.231312	0.0185731	0.0233856	0.0369603	0.0213199	0.260083	0.0138334	0.0179562	0.0193546	0.0277189	0.0157935	0.0336428	0.00890378	0.0230759	0.040595	0.0858338	0.056337	0.0438127	0.00691133	0.0145973
108	0.0168547	0.258584	0.00402552	0.00387833	0.300734	0.00793301	0.00470309	0.0218217	0.00623608	0.067736	0.0204721	0.005259	0.00166818	0.00569998	0.0156556	0.027878	0.0211982	0.0619375	0.00479437	0.142931
109	0.0281979	0.36358	0.0248414	0.0198156	0.0509825	0.0886001	0.0144461	0.0221037	0.00919154	0.0320386	0.0157372	0.0240375	0.00873445	0.010694	0.0236578	0.158595	0.0431282	0.0306581	0.00236248	0.0285977
110	0.0365444	0.00625234	0.00291602	0.00250677	0.0690123	0.00661181	0.00551988	0.200189	0.00327992	0.202505	0.053115	0.0100042	0.00351941	0.00931286	0.0177814	0.0543267	0.0494817	0.232449	0.00104982	0.033623
111	0.0191238	0.00129348	0.0977304	0.321766	0.0141161	0.0137382	0.107245	0.00482056	0.0999216	0.0138421	0.0162018	0.0355715	0.0131277	0.166428	0.0273555	0.00832124	0.00474755	0.0111129	0.000810529	0.022727
112	0.0443783	0.00252362	0.0382241	0.187909	0.00348808	0.364267	0.00341868	0.00906554	0.0324947	0.0103822	0.0145159	0.0268124	0.0136587	0.0629674	0.0933146	0.0372352	0.0320793	0.0147532	0.00526866	0.0032426
113	0.026398	0.000891464	0.161436	0.354635	0.00726322	0.02634	0.0552607	0.00911223	0.0731479	0.0123097	0.0110597	0.0484073	0.0199937	0.121843	0.0151167	0.0183926	0.0112153	0.0159183	0.000508171	0.0107508
114	0.0413446	0.00403468	0.0934454	0.259749	0.00861719	0.162404	0.0346993	0.0119086	0.0512073	0.0185702	0.0123601	0.0413643	0.0127805	0.0959102	0.0549043	0.0357799	0.0263396	0.0207588	0.00373245	0.0100891
115	0.00579255	0.00393132	0.000915453	0.0147045	0.00190487	0.020173	0.00238963	0.0176367	0.391804	0.0141938	0.0311805	0.0497742	0.00147802	0.0440926	0.283821	0.0400889	0.060126	0.0102279	0.00497538	0.000789357
116	0.00209552	0.000557951	0.000654364	0.00088059	0.0297375	0.00228913	0.000957512	0.150422	0.00324288	0.688114	0.046293	0.00111513	0.00539107	0.00440796	0.0106776	0.00210863	0.0026206	0.0471466	0.000266582	0.00102123
117	0.00741518	0.00288684	0.00247731	0.00420618	0.0468236	0.00673643	0.00472317	0.0979432	0.005111	0.678115	0.0418691	0.00343811	0.00448655	0.00881811	0.0122514	0.0074364	0.00697227	0.0468137	0.00153315	0.00994307
118	0.0847239	0.00350829	0.00181934	0.00579715	0.0040903	0.00402023	0.00157978	0.199354	0.00218057	0.0230367	0.0127052	0.00199015	0.00194869	0.00168206	0.00274756	0.00484476	0.00961812	0.631077	0.00206271	0.00121337
119	0.00810371	0.00434866	0.0037571	0.00802332	0.127431	0.00657815	0.0457853	0.00838515	0.00933462	0.02019	0.0042248	0.0138753	0.00164827	0.00739358	0.0198517	0.0379845	0.0120197	0.010277	0.00923501	0.641553
120	0.0394376	0.00459133	0.1214	0.287661	0.0116019	0.0551484	0.0444577	0.0212636	0.0675524	0.0233347	0.0164713	0.0523216	0.0196543	0.0933592	0.0377627	0.0363613	0.0264442	0.0268533	0.00200876	0.0123146
121	0.00295844	0.0096521	0.00137964	0.00408002	0.355381	0.00360283	0.023798	0.0106174	0.00619586	0.0293135	0.0112368	0.00480612	0.000831113	0.00283379	0.00907118	0.0276454	0.00591612	0.0180837	0.00562877	0.466968
122	0.0228513	0.00369604	0.00306692	0.00291114	0.0526555	0.0041034	0.0036097	0.0161939	0.00362109	0.518974	0.220454	0.00369291	0.00144136	0.0219797	0.00507335	0.0149697	0.0150233	0.0709409	0.0103948	0.0043471
123	0.136641	0.0243954	0.00724038	0.0334759	0.00800789	0.0142189	0.0252534	0.00802665	0.00206979	0.0377614	0.00755261	0.00769044	0.372474	0.0242937	0.0282875	0.182563	0.0596	0.0149842	0.00392357	0.00154028
124	0.0282902	0.0109045	0.0530461	0.0174945	0.00301574	0.0166866	0.033677	0.0209573	0.0947532	0.00973663	0.010813	0.432363	0.00632404	0.0179365	0.0373336	0.0894991	0.0880015	0.0151495	0.00108264	0.0129353
125	0.0173206	0.00846756	0.00310056	0.0224853	0.00380736	0.10459	0.0039964	0.0128929	0.252571	0.0192803	0.0182999	0.0577785	0.00290503	0.0470767	0.250649	0.0609883	0.0774424	0.0130228	0.0193714	0.003954
126	0.150859	0.0129913	0.044768	0.0291194	0.0259953	0.072224	0.0197396	0.0296542	0.0355447	0.040189	0.014679	0.122017	0.0163278	0.0311679	0.044196	0.169917	0.0770346	0.0399106	0.00529528	0.0183708
127	0.0271217	0.36524	0.00779808	0.00736693	0.0800234	0.017037	0.0170798	0.0326785	0.0131641	0.14165	0.0221887	0.0114161	0.00791181	0.0164461	0.03826	0.0438863	0.033955	0.0554397	0.00264967	0.058687
128	0.0633775	0.00583661	0.189212	0.208661	0.00824045	0.0431596	0.0460239	0.0216057	0.045918	0.0263714	0.0119627	0.0757441	0.00952224	0.0582101	0.0334105	0.0474276	0.0481628	0.0466483	0.00162442	0.00888175
129	0.0170276	0.0638188	0.0331502	0.0297866	0.0763131	0.0275617	0.135469	0.069137	0.0704348	0.114301	0.0259027	0.00864498	0.00476474	0.0103553	0.0106324	0.0859438	0.0665366	0.0532744	0.00194285	0.095003
130	0.0200783	0.0137013	0.00459711	0.00894974	0.304691	0.0258058	0.0370872	0.106357	0.00492913	0.152821	0.025711	0.0126645	0.00393951	0.0166494	0.00774824	0.0218405	0.00724018	0.0841687	0.0136896	0.127331
131	0.00183949	0.000549502	0.000696231	0.000881614	0.0304197	0.00231532	0.000980057	0.145837	0.00315827	0.696374	0.0457706	0.00110104	0.00516649	0.00433684	0.0103142	0.00178254	0.00240298	0.0450203	0.000289958	0.000764178
132	0.0530944	0.0206496	0.0138109	0.0178711	0.22989	0.074008	0.0302307	0.061032	0.0161851	0.110418	0.0252234	0.0266453	0.0070244	0.02707	0.0249371	0.0500494	0.0245104	0.0981808	0.0116236	0.0775463
133	0.00529601	0.00375495	0.000859382	0.0145178	0.00189775	0.0190577	0.00215869	0.0174816	0.398727	0.0136828	0.0316581	0.0470512	0.00125552	0.0440516	0.28575	0.038867	0.0587209	0.00964582	0.0048026	0.00076385
134	0.0455797	0.0161763	0.0181588	0.048722	0.00342784	0.116071	0.0159569	0.0111395	0.136204	0.020072	0.00853695	0.0654214	0.00329878	0.0721016	0.234765	0.0778316	0.0615295	0.0179523	0.0213554	0.0056994
135	0.260423	0.00299121	0.0427826	0.0485616	0.0128275	0.0665898	0.00405638	0.020742	0.0392799	0.0357306	0.0119251	0.0344189	0.037653	0.028895	0.0483763	0.132004	0.116396	0.049835	0.00100579	0.00550694
136	0.0314603	0.00159457	0.0140288	0.0180184	0.0442184	0.00360664	0.036581	0.100782	0.0256407	0.194659	0.106591	0.0196684	0.0302926	0.104272	0.0614113	0.0688751	0.080307	0.0561323	0.000358067	0.00150306
137	0.00147493	0.00042899	0.000624059	0.000815125	0.0304522	0.00232762	0.000830133	0.140994	0.00322286	0.707156	0.0424013	0.00093098	0.0051866	0.00412841	0.0107338	0.00153514	0.00187484	0.044017	0.000206472	0.00065953
138	0.0144844	0.0148858	0.399403	0.053662	0.00199315	0.0714341	0.0151471	0.00313897	0.0160006	0.00367144	0.00209859	0.228936	0.00413713	0.0124404	0.0207171	0.0934838	0.022615	0.0147601	0.000529964	0.00646139
139	0.0317523	0.016587	0.0102899	0.0161634	0.237097	0.0319128	0.0242756	0.0424758	0.0144702	0.18354	0.0428901	0.0212234	0.00679692	0.0209023	0.0246185	0.0409577	0.0195519	0.051946	0.050512	0.112037
140	0.0316967	0.00327761	0.0425629	0.182068	0.00581902	0.0577999	0.0222039	0.0093528	0.130944	0.0389528	0.039846	0.0339896	0.0961772	0.0422485	0.045398	0.10838	0.0578621	0.0131423	0.00165828	0.0366209
141	0.00545734	0.00369688	0.000911514	0.0140224	0.00202082	0.0185573	0.00225357	0.0200126	0.391023	0.0157124	0.0320162	0.0499394	0.00124678	0.0441574	0.280328	0.038638	0.0635249	0.0109699	0.00465213	0.00085866
142	0.0219709	0.279281	0.00763067	0.00658456	0.0862062	0.0120358	0.020707	0.0460736	0.026988	0.117016	0.0149534	0.00929702	0.0109752	0.0183477	0.150707	0.0291873	0.0250814	0.0464972	0.00234329	0.0681177
143	0.0295785	0.0804984	0.0049881	0.00507924	0.139796	0.00958982	0.0417878	0.0640112	0.00617739	0.316083	0.0176368	0.00832876	0.00310473	0.0514675	0.06278	0.0172005	0.00920451	0.0757477	0.00174633	0.0551935
144	0.052992	0.00217182	0.00591793	0.06543	0.00408698	0.0362074	0.0534742	0.0535113	0.127434	0.0104999	0.0205993	0.129743	0.00240579	0.0335337	0.112318	0.101278	0.0887591	0.0956198	0.00131445	0.00270345
145	0.0178176	0.00174902	0.00424167	0.00344331	0.0114392	0.00519263	0.00369141	0.489717	0.0066242	0.0664388	0.0251544	0.00396561	0.00687319	0.00459673	0.00862993	0.00958776	0.0318271	0.294876	0.000681748	0.00345261
146	0.00586287	0.000895384	0.00278371	0.00100966	0.00438427	0.0032921	0.0011499	0.586639	0.00448178	0.0420732	0.0228429	0.00160124	0.00593512	0.00146351	0.00576325	0.00645799	0.0328037	0.269202	0.00040169	0.000957447
147	0.0431507	0.00107313	0.21785	0.307857	0.00242495	0.0401062	0.0240964	0.0168906	0.0541665	0.0177288	0.0086957	0.0819484	0.0139679	0.0655045	0.0143423	0.0271811	0.0250152	0.0353107	0.000557851	0.00213279
148	0.0769665	0.0235474	0.0251456	0.0396098	0.0298091	0.247657	0.018561	0.0309596	0.0270795	0.0399872	0.0524246	0.0464542	0.0140571	0.0281756	0.0518878	0.141492	0.0437583	0.0346635	0.0101621	0.0176021
149	0.00683799	0.00111382	0.00317672	0.00132696	0.00505932	0.00380906	0.00115452	0.572855	0.00453317	0.0439477	0.0222109	0.00174664	0.00661897	0.00177882	0.00589697	0.00656533	0.036503	0.273208	0.000405682	0.00125174
150	0.518673	0.019126	0.00285633	0.00269643	0.0146189	0.0856459	0.00651615	0.014534	0.00304306	0.0107774	0.0120213	0.00397601	0.00188417	0.00319694	0.00424408	0.091296	0.113308	0.0716947	0.000980822	0.0189101
151	0.0233622	0.00186545	0.0935703	0.256351	0.0160695	0.0139355	0.125516	0.00685101	0.110397	0.0154376	0.014883	0.0432052	0.0113308	0.166822	0.0428753	0.0103644	0.00626208	0.0141223	0.0012496	0.0255298
152	0.11386	0.0193837	0.0310613	0.0574088	0.0228042	0.29117	0.0149527	0.0235549	0.0285872	0.0332053	0.0191023	0.0438037	0.010635	0.0353484	0.0618348	0.089052	0.0471657	0.0351136	0.00772137	0.0142344
153	0.00152318	0.000428011	0.000625491	0.000830023	0.0306086	0.00237263	0.000837341	0.142843	0.00315494	0.705022	0.0428054	0.000961751	0.0050656	0.00401093	0.010483	0.00153879	0.00194576	0.0440394	0.000225071	0.000679668
154	0.0325586	0.00504773	0.0134525	0.0165422	0.0409547	0.0262343	0.0596945	0.071637	0.0244424	0.197051	0.0895137	0.0695266	0.0178044	0.0959746	0.0502583	0.0740681	0.0589642	0.0424899	0.00360614	0.0101793
155	0.0358659	0.0199865	0.0113388	0.0138123	0.100025	0.0233944	0.0368007	0.016117	0.0191266	0.0317903	0.0125031	0.029559	0.00434878	0.0153002	0.0304061	0.0529839	0.0500904	0.0258148	0.00800063	0.462735
156	0.00171263	0.000453083	0.000619121	0.000771916	0.031348	0.00240841	0.000834315	0.137723	0.00314313	0.709454	0.0420011	0.000964574	0.00489123	0.00398694	0.0105841	0.00163164	0.00196078	0.0445981	0.000211779	0.000703064
157	0.036004	0.0131603	0.0483911	0.0989821	0.0494764	0.0296677	0.12816	0.0304679	0.057325	0.0615049	0.0195816	0.0400201	0.00988898	0.132552	0.0508626	0.0399908	0.0236131	0.0343867	0.00378619	0.0921793
158	0.0410202	0.00200831	0.159447	0.257098	0.00506734	0.0331073	0.0284548	0.0289999	0.0764771	0.0176041	0.0211925	0.117913	0.00983488	0.0694283	0.0262481	0.0318736	0.0368746	0.03107	0.00146777	0.00481289
159	0.0475646	0.017592	0.0758552	0.0619468	0.120478	0.0223213	0.126967	0.0393523	0.0546283	0.0896264	0.0139349	0.017539	0.00914291	0.0446936	0.0157401	0.0426053	0.0246221	0.0421552	0.00395845	0.129276
160	0.366733	0.0170394	0.0138814	0.0132733	0.0189526	0.0723811	0.00880499	0.0207457	0.0144555	0.025257	0.0137032	0.0232071	0.0123749	0.0136599	0.0184518	0.145212	0.110897	0.0731965	0.00234309	0.0154306
161	0.0269124	0.00607411	0.0135511	0.045976	0.0107552	0.05934	0.0527392	0.0190693	0.0302868	0.0622193	0.0162461	0.0200289	0.00648175	0.203038	0.300577	0.0327043	0.0240167	0.0224762	0.0319061	0.0156015
162	0.0339846	0.00242753	0.0181032	0.0374459	0.0246621	0.00987756	0.0260325	0.151705	0.0242117	0.153198	0.0822363	0.0207063	0.0353101	0.070355	0.0590909	0.0350608	0.0857569	0.126034	0.000582118	0.00321961
163	0.02084	0.19465	0.0104861	0.0106581	0.0203131	0.0185306	0.0532681	0.0565504	0.128639	0.0686998	0.0135058	0.0137655	0.0457989	0.0136454	0.175121	0.0560408	0.0562089	0.0212539	0.00405243	0.0179722
164	0.0059183	0.000893531	0.00285289	0.00100489	0.00448698	0.0033458	0.00115574	0.585543	0.00447241	0.0424687	0.0226361	0.00159616	0.0058846	0.00148245	0.00585781	0.00651105	0.0323749	0.270134	0.000405339	0.000974766
165	0.0745579	0.00368517	0.00222591	0.00487728	0.00572302	0.00434336	0.00158707	0.260716	0.00247068	0.0316918	0.0172135	0.00212187	0.00311293	0.00182976	0.0035211	0.00574751	0.0152387	0.555482	0.00218266	0.00167259
166	0.0356462	0.0173152	0.0274743	0.0545842	0.0746566	0.0274178	0.107221	0.045731	0.0448559	0.124584	0.0235618	0.0270328	0.00923014	0.11878	0.0597547	0.0401823	0.0236519	0.0487287	0.00538623	0.0842059
167	0.0700791	0.022639	0.0231885	0.0393883	0.0179861	0.0467876	0.0302055	0.0367488	0.059777	0.0518733	0.0269979	0.0314192	0.126211	0.0387199	0.155021	0.0940688	0.0603163	0.0360705	0.0171703	0.0153323
168	0.0504302	0.0141115	0.23818	0.115911	0.0144139	0.063473	0.0259528	0.0263584	0.0396314	0.0308094	0.0135958	0.126752	0.011302	0.0447409	0.0321263	0.0658739	0.0367068	0.0337082	0.00290985	0.0130125
169	0.00287491	0.000566821	0.000800305	0.000947255	0.0319365	0.00251123	0.0009357	0.136358	0.00311412	0.691391	0.0542386	0.00114378	0.00486647	0.00505026	0.0100299	0.00246722	0.00277664	0.0462291	0.000866772	0.000895045
170	0.0269079	0.0079071	0.0220244	0.0363704	0.0111277	0.0292862	0.0144451	0.0284292	0.29758	0.0291017	0.0295802	0.0606404	0.00807762	0.0515593	0.191333	0.0482008	0.0636014	0.0255602	0.00535873	0.0129086
171	0.161646	0.0218885	0.00722921	0.0307555	0.00796412	0.0143489	0.0237582	0.00874748	0.00285266	0.0390216	0.00790947	0.007849	0.361603	0.0227943	0.0263836	0.174503	0.0580637	0.0155479	0.00504715	0.00208665
172	0.0943812	0.0166133	0.0245304	0.0251294	0.0191804	0.338948	0.00962328	0.01931	0.0159672	0.0218929	0.0146547	0.0862273	0.00579203	0.0181452	0.0429966	0.176206	0.028226	0.0250217	0.00572772	0.0114269
173	0.0223735	0.0143384	0.0959067	0.0248775	0.0114512	0.0292188	0.0358502	0.0169378	0.053351	0.0119751	0.00742121	0.472983	0.00531996	0.0162149	0.0187001	0.0770535	0.0456503	0.0156774	0.00237165	0.0223279
174	0.0221002	0.00152031	0.00292492	0.0019437	0.00509741	0.00363413	0.00112565	0.506509	0.0040051	0.0402449	0.0207161	0.00175676	0.00558359	0.00161552	0.00520192	0.0063165	0.0287108	0.338911	0.000792401	0.00129026
175	0.0104345	0.00600683	0.0036415	0.00401045	0.0455915	0.00781593	0.00520862	0.101628	0.00651606	0.648346	0.0420463	0.0045903	0.00569855	0.0104068	0.0152567	0.0124771	0.0116111	0.0526574	0.00122689	0.00482952
176	0.0118495	0.0061221	0.00277542	0.00322868	0.0489815	0.0108076	0.00410661	0.10113	0.00501581	0.655597	0.0436876	0.00385783	0.00537279	0.0094969	0.0134781	0.0110177	0.00836743	0.0483978	0.00141467	0.00529466
177	0.0266294	0.0150137	0.320614	0.0657017	0.00530558	0.0886984	0.019391	0.00910939	0.0242093	0.0100864	0.00511075	0.212356	0.0056927	0.0226981	0.0302889	0.0849289	0.0262482	0.0189442	0.00100571	0.00796762
178	0.100702	0.0280912	0.053694	0.0554652	0.00803106	0.0550428	0.0652295	0.00673274	0.0536679	0.0292328	0.00288553	0.0839349	0.00156891	0.105904	0.110327	0.141766	0.040419	0.02776	0.00147042	0.0280751
179	0.0459767	0.00120399	0.205103	0.306792	0.0028967	0.0449724	0.0354587	0.0150157	0.0515529	0.0161878	0.00938676	0.0742919	0.0112355	0.0681032	0.0185425	0.0280965	0.0289126	0.0327035	0.000572077	0.00299495
180	0.0242677	0.0842371	0.00739264	0.00760246	0.128165	0.0106095	0.020725	0.0398049	0.0102757	0.284665	0.119871	0.00776503	0.00297984	0.0189227	0.0246404	0.0280042	0.0383622	0.0669401	0.00598013	0.0687894
181	0.0531375	0.00346621	0.0291667	0.0256015	0.00308775	0.0161035	0.0263467	0.0476436	0.121445	0.0171058	0.024339	0.199722	0.0160927	0.0203631	0.061188	0.11468	0.174425	0.0407143	0.0011104	0.00426084
182	0.244277	0.0174456	0.0107638	0.0245345	0.00969595	0.0200106	0.0180035	0.0118616	0.00754771	0.0326362	0.00968179	0.0118562	0.279166	0.0200015	0.0239907	0.170538	0.0492778	0.0190532	0.0155907	0.00406741
183	0.00902952	0.00585187	0.00284267	0.0176493	0.00507216	0.0234894	0.0047582	0.0209762	0.374197	0.0256067	0.0331861	0.0454028	0.00307213	0.0473714	0.256718	0.0390644	0.0643659	0.0129988	0.00539692	0.00295086
184	0.0282483	0.00479589	0.011184	0.0104259	0.0501408	0.0148042	0.0146035	0.318567	0.011037	0.114193	0.037044	0.0114536	0.0340561	0.0236554	0.0257322	0.023993	0.0442686	0.206149	0.00187717	0.0137715
185	0.434505	0.0170035	0.0090468	0.00807095	0.0260473	0.0726393	0.00655556	0.0183652	0.00817723	0.0205576	0.0107543	0.0147359	0.00643662	0.00893835	0.012225	0.125621	0.106364	0.0735159	0.0015979	0.0188421
186	0.0716027	0.0163267	0.109425	0.0545644	0.0290607	0.0401682	0.0267784	0.0600258	0.0330439	0.110338	0.0370495	0.0492281	0.0186411	0.0466847	0.0435851	0.0699828	0.101741	0.0621641	0.00479827	0.0147926
187	0.0179251	0.0231615	0.0130319	0.0163449	0.273502	0.0157219	0.0364477	0.0257815	0.0353787	0.0610669	0.0179378	0.0145516	0.00372107	0.0176566	0.0180941	0.0362389	0.0166993	0.0342127	0.0105504	0.311975
188	0.0992161	0.0208666	0.027778	0.0410339	0.0207473	0.292778	0.015497	0.0229088	0.0275645	0.0261306	0.0190667	0.0564333	0.010796	0.0265538	0.0588934	0.136171	0.0425065	0.0303044	0.00843563	0.0163186
189	0.0015996	0.0004419	0.0006238	0.000847952	0.0297746	0.00223808	0.000905663	0.147883	0.00320276	0.696692	0.0446225	0.000999804	0.00541942	0.00425462	0.0105578	0.00160616	0.00214495	0.0452149	0.00024288	0.000727514
190	0.457103	0.0178692	0.005221	0.00666947	0.0161321	0.0736817	0.00768538	0.0213436	0.00826825	0.0180701	0.0162309	0.0117599	0.00381981	0.00689573	0.00984775	0.0994593	0.108013	0.0923641	0.00227116	0.0172954
191	0.00530901	0.00374036	0.000863699	0.0145637	0.0020146	0.019022	0.00216988	0.0175203	0.400063	0.0139407	0.0316771	0.0467772	0.00124369	0.0440147	0.284589	0.0387283	0.0585568	0.00960023	0.00481323	0.000792098
192	0.0395275	0.00265947	0.0143948	0.0199086	0.0307255	0.00733928	0.0274649	0.133718	0.0379933	0.162965	0.108706	0.0352783	0.0253405	0.0707354	0.0506288	0.0634499	0.10235	0.0624663	0.00106187	0.00328696
193	0.0119367	0.0793869	0.00325882	0.00475274	0.396369	0.00960489	0.0106709	0.0370296	0.00525858	0.108607	0.0328058	0.00504628	0.00172503	0.00793678	0.0119071	0.025604	0.0115634	0.0695016	0.00974382	0.157291
194	0.0150137	0.0688236	0.0866681	0.0597607	0.0493243	0.190045	0.0291784	0.0461231	0.00748741	0.0326441	0.0282761	0.0537243	0.0241025	0.00943818	0.0502457	0.197183	0.0105169	0.0116789	0.00186709	0.0278998
