394	20
1	0.023921	0.0124084	0.00481458	0.0139627	0.0425139	0.00582109	0.0114816	0.207562	0.0142625	0.251129	0.0300534	0.00493247	0.00296271	0.0306335	0.0199185	0.0140969	0.028201	0.213909	0.00431897	0.063096
2	0.0110817	0.00364192	0.00282825	0.00208616	0.0409082	0.00200497	0.00132777	0.228124	0.00721126	0.35107	0.0218015	0.00071182	0.000381956	0.00412836	0.00667657	0.00321165	0.0124398	0.295633	0.000583729	0.00414797
3	0.0594407	0.0060044	0.0230977	0.0773117	0.00233628	0.00481164	0.0641755	0.00517535	0.24594	0.0038932	0.00158173	0.0166834	0.00420191	0.115651	0.232828	0.0478865	0.0508356	0.0239971	0.00124999	0.0128982
4	0.0554371	0.00218674	0.0147259	0.0297007	0.000612528	0.00192142	0.0108586	0.00482231	0.419871	0.0631259	0.00953779	0.0246568	0.00149945	0.0556278	0.266481	0.0267104	0.00496823	0.00250961	0.00039635	0.00435053
5	0.191679	0.0245363	0.0015734	0.00159549	0.00419194	0.0144234	0.00165638	0.287456	0.00189565	0.0673286	0.00698805	0.0017984	0.00140863	0.00231297	0.00256467	0.012583	0.0638839	0.310608	0.000528523	0.000988059
6	0.0370385	0.0113382	0.0249351	0.0415697	0.00138391	0.0102496	0.0380427	0.0110421	0.233879	0.012072	0.00398511	0.0647289	0.032793	0.108697	0.216737	0.0868221	0.0484508	0.0100926	0.00481665	0.00132586
7	0.0964264	0.0188309	0.00139275	0.00357438	0.00553574	0.0147415	0.00231378	0.182665	0.00200372	0.0358946	0.00760225	0.00317584	0.00396031	0.00369013	0.00259515	0.0089817	0.0246668	0.579	0.000774294	0.00217465
8	0.0221164	0.0261454	0.010645	0.0119773	0.184718	0.00990221	0.0386988	0.0207456	0.0130836	0.101046	0.0198009	0.00593734	0.00326357	0.0122461	0.0197288	0.0147554	0.0309416	0.0236299	0.0126647	0.417953
9	0.00926938	0.00121812	0.498749	0.312358	0.00112505	0.0821387	0.011195	0.00184721	0.0081431	0.00274202	0.00287314	0.0168033	0.000884571	0.00209797	0.00180924	0.0293719	0.00980634	0.00548278	0.00114193	0.000943816
10	0.257466	0.0323664	0.00164279	0.00178058	0.00573068	0.0113693	0.00176821	0.235455	0.00132728	0.0971172	0.00741487	0.00149686	0.000927384	0.00243324	0.00286417	0.0119117	0.0386965	0.286781	0.000392806	0.00105721
11	0.0218888	0.00562444	0.023384	0.0955325	0.00645547	0.00485122	0.0152975	0.166631	0.0986973	0.0584589	0.0263515	0.008201	0.0111774	0.0641784	0.0957989	0.0339407	0.0661023	0.183365	0.000473393	0.0135905
12	0.144996	0.00417357	0.0656868	0.240572	0.00145213	0.023811	0.0239081	0.0169519	0.114372	0.00775039	0.00212517	0.0567808	0.00281925	0.114179	0.0473302	0.0645194	0.0395956	0.0256739	0.000526266	0.00277606
13	0.00502673	0.00192845	0.00320672	0.00207745	0.00116376	0.00231096	0.00197417	0.00224119	0.00183604	0.00353522	0.00222161	0.00416902	0.001795	0.00277038	0.00259069	0.45497	0.501128	0.00323233	0.000433583	0.00138957
14	0.127178	0.010808	0.0937869	0.119475	0.00285645	0.00824957	0.012907	0.0113606	0.0510579	0.0142242	0.00464385	0.0206633	0.357068	0.0459631	0.0217543	0.055544	0.0202639	0.0163231	0.000698533	0.00517455
15	0.00679654	0.00399972	0.000519279	0.000682251	0.0541846	0.000452595	0.000434671	0.0717667	0.000907312	0.683975	0.0694266	0.000624204	0.000255186	0.00247198	0.000990726	0.00437278	0.0214995	0.0609878	0.000131846	0.0155205
16	0.0410447	0.00188714	0.189609	0.251194	0.00307534	0.0277644	0.0481113	0.0021301	0.0618035	0.0113862	0.00108965	0.0674549	0.00308167	0.137214	0.0349886	0.0533082	0.0396252	0.0186054	0.00134013	0.00528612
17	0.0652448	0.00919664	0.0532926	0.065908	0.0338122	0.00700822	0.0625753	0.00504309	0.0710599	0.0248701	0.00168496	0.0344391	0.219192	0.0293356	0.133611	0.0491614	0.0394567	0.0468689	0.000531529	0.0477082
18	0.122671	0.00625537	0.0150279	0.00778746	0.0165195	0.0344566	0.022279	0.0307123	0.0257341	0.188339	0.266459	0.00783628	0.00854078	0.0399266	0.0349214	0.0534452	0.0552708	0.0522594	0.00146186	0.0100966
19	0.0823699	0.00475018	0.0282246	0.040545	0.0210761	0.0214856	0.0546901	0.0124439	0.0716384	0.00913762	0.00215722	0.0570668	0.273775	0.0171391	0.131777	0.0383659	0.0582537	0.0558706	0.000644097	0.0185895
20	0.0393861	0.00898281	0.0247051	0.0405267	0.000618259	0.0113437	0.0395498	0.0125551	0.236146	0.0133599	0.00395469	0.0667522	0.0220437	0.112224	0.208646	0.0927074	0.0517503	0.00916073	0.00523834	0.00034936
21	0.00641628	0.00403448	0.000611364	0.000604243	0.0538954	0.000479802	0.00043186	0.0761633	0.0010401	0.678245	0.0652656	0.000548342	0.000250261	0.00239764	0.000957968	0.00424585	0.0209284	0.0684208	0.000134253	0.0149288
22	0.162759	0.019713	0.036694	0.0187548	0.00335011	0.0784679	0.0149322	0.01088	0.0233618	0.0227597	0.0103369	0.0638818	0.0147657	0.0186359	0.024527	0.257723	0.180235	0.0317461	0.00157311	0.00490338
23	0.155259	0.00492121	0.0564666	0.238208	0.000678668	0.0296958	0.02421	0.013414	0.121962	0.00484509	0.000772451	0.0599901	0.00108767	0.101035	0.0534602	0.0704094	0.0446436	0.0177479	0.000270729	0.000921851
24	0.0804489	0.00688735	0.0212713	0.084199	0.00386187	0.00525515	0.0631264	0.00471334	0.248176	0.00856946	0.00208139	0.00614797	0.000935457	0.110885	0.231666	0.0364802	0.0396779	0.0239055	0.000580102	0.021131
25	0.00650171	0.00400677	0.000476452	0.000613412	0.0546191	0.000404931	0.000425699	0.0651383	0.000612282	0.6962	0.0707904	0.000632457	0.000243044	0.00231074	0.000769352	0.00466634	0.0225845	0.0531002	0.000132939	0.0157713
26	0.0123854	0.000659127	0.0548711	0.0127626	0.000362833	0.678174	0.0143489	0.000716924	0.0379781	0.00739855	0.000666972	0.114018	0.00331168	0.0132109	0.0178498	0.028206	0.00131189	0.00110002	0.000157848	0.000508899
27	0.0715283	0.148601	0.0109742	0.00733284	0.00508282	0.0136355	0.0129946	0.0111222	0.0134247	0.0157403	0.00795098	0.294603	0.00715697	0.0135422	0.11906	0.106983	0.071067	0.0582971	0.00356542	0.00733815
28	0.0368601	0.00928519	0.0263693	0.0426562	0.00055154	0.0104296	0.0392462	0.0109964	0.237294	0.0113962	0.00406183	0.0679573	0.0215888	0.114358	0.211038	0.0890158	0.0522525	0.00930159	0.00504023	0.000300922
29	0.019125	0.00541102	0.00335825	0.00130946	0.0316444	0.00358638	0.00135168	0.28039	0.000611728	0.0679395	0.0426389	0.000676895	0.000443218	0.00100144	0.0026495	0.00342398	0.0093387	0.504778	0.00631584	0.0140058
30	0.0101949	0.00648139	0.00766212	0.00782122	0.261971	0.00270894	0.0426548	0.0726624	0.00992838	0.19514	0.0404586	0.00171987	0.000789601	0.0020822	0.00186548	0.00767404	0.00323593	0.065818	0.0767246	0.182407
31	0.00682828	0.00397179	0.000584663	0.000642004	0.058788	0.000470666	0.000656097	0.065734	0.000622754	0.691858	0.0709196	0.000638578	0.000313268	0.0030356	0.000824292	0.0043322	0.0214251	0.0518241	0.000154984	0.0163762
32	0.0595238	0.0101121	0.0253624	0.0553442	0.00724159	0.0123392	0.0327706	0.0130878	0.288359	0.0367909	0.0169817	0.0314456	0.0104918	0.0749081	0.207596	0.0455729	0.0360094	0.0199645	0.00274308	0.0133552
33	0.0461784	0.0130877	0.0187008	0.0335805	0.00547966	0.0165242	0.0482981	0.0227667	0.161686	0.0334894	0.0252379	0.0268557	0.0194247	0.0654122	0.347373	0.0453129	0.032238	0.0234658	0.00547325	0.00941528
34	0.0756942	0.00530203	0.136068	0.354685	0.00721262	0.0332088	0.02794	0.0152004	0.048169	0.017112	0.00609689	0.0305472	0.0112947	0.0646631	0.0330902	0.0606265	0.033664	0.0271855	0.00151242	0.0107274
35	0.090477	0.00794548	0.100473	0.0367174	0.00259124	0.00689229	0.0197149	0.0116346	0.0192402	0.0364389	0.00535489	0.0133123	0.493196	0.0165863	0.00886859	0.0938091	0.0185851	0.0120804	0.001096	0.00498659
36	0.0823789	0.0185128	0.0146873	0.0245788	0.00385515	0.0199473	0.0109634	0.0993043	0.0231289	0.0363772	0.0148346	0.0624383	0.00988841	0.0192465	0.0218802	0.0917347	0.206292	0.234945	0.00119398	0.00381251
37	0.0693936	0.0101944	0.0289063	0.0775405	0.0386571	0.0119506	0.08654	0.00856696	0.191055	0.0189865	0.00848765	0.0242965	0.0172251	0.110133	0.164269	0.050943	0.0328327	0.0201786	0.00338233	0.0264613
38	0.190471	0.01949	0.0289077	0.0319403	0.00754904	0.0442227	0.014033	0.0133314	0.0246607	0.0221699	0.0121834	0.0357666	0.0183444	0.0238985	0.0243156	0.295644	0.14885	0.027909	0.00279342	0.0135195
39	0.005603	0.00689902	0.00607175	0.00221334	0.605356	0.00290285	0.0123437	0.0122404	0.00296165	0.0540395	0.0149655	0.00144089	0.00157047	0.00201006	0.00340485	0.0098972	0.00696131	0.0137008	0.0187263	0.216692
40	0.0644601	0.0109391	0.0342829	0.0615901	0.00712393	0.0205488	0.0363598	0.0148458	0.218904	0.0266205	0.00924103	0.0517293	0.0138652	0.0892041	0.152926	0.0940539	0.0575316	0.021479	0.00441812	0.00987694
41	0.00221775	0.00491097	0.000697947	0.000511244	0.00218009	0.000785661	0.000543496	0.605516	0.000882076	0.0532084	0.0203941	0.000509414	0.000269859	0.000782238	0.000860921	0.00121424	0.00616031	0.297683	0.000150432	0.000521929
42	0.0473202	0.015504	0.0195377	0.0388371	0.00633395	0.0180522	0.0515766	0.0185243	0.16243	0.0307724	0.021875	0.0269339	0.0185448	0.062004	0.344631	0.0461836	0.0291714	0.0245129	0.00583499	0.0114199
43	0.0576874	0.00202942	0.0139581	0.00412241	0.00103597	0.845033	0.00380953	0.00154508	0.00795097	0.00278584	0.00219967	0.0168864	0.00125336	0.00326044	0.00579521	0.0189939	0.00549603	0.00311267	0.000234753	0.00280958
44	0.55742	0.0124978	0.00564947	0.00928922	0.000945635	0.0482788	0.00317258	0.00884696	0.00822134	0.0101537	0.00431552	0.0120815	0.00795239	0.00690021	0.00638421	0.233786	0.0394957	0.0212594	0.000491769	0.00285782
45	0.0152026	0.0189891	0.00760225	0.00775783	0.22339	0.00593856	0.0742871	0.0294434	0.0128125	0.0895809	0.0201752	0.00302771	0.00222343	0.00696526	0.00897256	0.0109443	0.0181071	0.0316655	0.025679	0.387236
46	0.148807	0.0161791	0.0264133	0.0120797	0.00390971	0.0352059	0.0562207	0.0173251	0.0405417	0.0174398	0.00871271	0.182053	0.0119105	0.0283468	0.0486223	0.108374	0.192923	0.036605	0.00223771	0.00609328
47	0.0199214	0.0520469	0.0041343	0.0046037	0.00269331	0.0147357	0.00554975	0.00550321	0.256748	0.0648171	0.144218	0.0218673	0.00229884	0.00609362	0.3452	0.0100051	0.0172148	0.00757014	0.00194874	0.0128307
48	0.0136867	0.00752416	0.00177098	0.0038142	0.00308232	0.00257092	0.00171529	0.343068	0.00225582	0.201744	0.246698	0.00348331	0.00093786	0.00206932	0.0022305	0.00705187	0.0445616	0.11001	0.000398396	0.0013276
49	0.44008	0.0399727	0.0186575	0.00509586	0.0167367	0.00563956	0.0171612	0.0220076	0.0037282	0.00702165	0.00362221	0.0203606	0.00199892	0.0198858	0.0599948	0.139864	0.0368932	0.137428	0.00112799	0.00272426
50	0.0517619	0.00460477	0.00984553	0.0256727	0.00663345	0.0445431	0.0931518	0.00415569	0.0925269	0.0340555	0.00398507	0.137786	0.00314857	0.244105	0.110759	0.110812	0.00998711	0.00552957	0.00212295	0.00481317
51	0.0198939	0.0077264	0.00157232	0.00295533	0.037781	0.00216258	0.00187373	0.15161	0.00408619	0.479531	0.0611587	0.00154506	0.00108632	0.00444992	0.00568232	0.00804856	0.0403982	0.158477	0.00038718	0.00957527
52	0.0254268	0.00736242	0.0524404	0.00265401	0.00127151	0.00921193	0.00493565	0.00255906	0.0024304	0.0190692	0.0146889	0.0719004	0.0287967	0.01121	0.015221	0.353656	0.371849	0.00331648	0.00055664	0.0014441
53	0.0903576	0.00242619	0.035981	0.261882	0.00157133	0.00285416	0.00353956	0.0038993	0.0498343	0.0502087	0.00255149	0.00418989	0.0015625	0.395731	0.0169885	0.0622596	0.006047	0.00525634	0.000761097	0.00209852
54	0.0287687	0.0373512	0.00408172	0.00562753	0.00214317	0.0197453	0.00664175	0.00463752	0.258667	0.0889932	0.0828063	0.0261365	0.00204223	0.0100715	0.360988	0.0127123	0.0216236	0.00591105	0.00257902	0.0184725
55	0.175503	0.00415104	0.0491118	0.239103	0.00137108	0.0235863	0.0225069	0.0144507	0.122404	0.0058513	0.00106031	0.0548655	0.00132549	0.10622	0.047888	0.0710527	0.0374806	0.0188965	0.000404854	0.00276716
56	0.0519031	0.0188583	0.0140992	0.0319374	0.0017081	0.0118293	0.0449141	0.00590354	0.247442	0.0107109	0.00597489	0.0307953	0.00978292	0.0836865	0.318922	0.0541886	0.0336891	0.0151095	0.00329561	0.00525005
57	0.145736	0.057322	0.0174771	0.00917976	0.00308435	0.487432	0.00676939	0.00849997	0.00994594	0.0156197	0.00520817	0.0245304	0.00561336	0.0098473	0.0109887	0.118202	0.042493	0.0156215	0.00147876	0.00495157
58	0.0392347	0.0197435	0.000783322	0.00179707	0.00436852	0.00489376	0.00181252	0.154277	0.000636765	0.0226702	0.00530463	0.000686455	0.00414242	0.00325901	0.00142194	0.00190498	0.012642	0.717052	0.00146245	0.00190645
59	0.0051003	0.00676764	0.000718354	0.000525519	0.0011404	0.000885652	0.000599963	0.570407	0.000560578	0.0301762	0.0167734	0.000567618	0.000759971	0.000966397	0.000726179	0.00122146	0.0065491	0.354249	0.000515118	0.000790484
60	0.311167	0.259404	0.00409453	0.00411747	0.00244783	0.0355457	0.00409156	0.00441084	0.00381684	0.00665819	0.0035502	0.0038181	0.00181041	0.00423171	0.00424078	0.0250818	0.311749	0.00621942	0.000957315	0.00258698
61	0.487309	0.0474431	0.00308965	0.00463898	0.00200274	0.0511683	0.00318728	0.00538172	0.00414867	0.0105895	0.0034586	0.0101584	0.00256196	0.00668209	0.00477487	0.289669	0.0340555	0.0142725	0.00115131	0.0142569
62	0.421031	0.022288	0.00993465	0.0150972	0.00216738	0.0556321	0.00536594	0.0067383	0.0108334	0.0144218	0.0057852	0.0186545	0.0103207	0.0112911	0.0102607	0.310611	0.0442618	0.0185655	0.00127368	0.00546616
63	0.461446	0.0172826	0.00853198	0.0159222	0.00606538	0.0211375	0.0065663	0.070187	0.0101443	0.0301345	0.00850426	0.0163135	0.00673269	0.0102354	0.0116899	0.0674743	0.0510976	0.174517	0.00107227	0.00494589
64	0.0573522	0.0015774	0.0123742	0.0038416	0.000395551	0.870318	0.00206602	0.000715254	0.00482301	0.00167982	0.000614918	0.0132982	0.000613639	0.00233655	0.00329446	0.016787	0.00412734	0.00104733	0.000180325	0.00255688
65	0.0481032	0.00512809	0.0794746	0.0300376	0.00214499	0.41915	0.0210275	0.0064613	0.0353053	0.0120725	0.00342938	0.157633	0.00751318	0.02676	0.0247343	0.0702322	0.0312452	0.0147418	0.00146389	0.00334205
66	0.0601625	0.0138099	0.0237525	0.0379314	0.0244655	0.0228468	0.18055	0.0294122	0.056507	0.0607179	0.0998953	0.0284115	0.0121935	0.115287	0.0763044	0.0430687	0.0401722	0.0337229	0.00843902	0.0323496
67	0.301132	0.0240075	0.0143805	0.0140373	0.0048364	0.0798385	0.0128896	0.0192331	0.0106226	0.0816667	0.0151567	0.0171556	0.0950492	0.0123961	0.0143067	0.125488	0.0918394	0.0569205	0.00264926	0.00639432
68	0.062075	0.00924237	0.0485522	0.0851499	0.0115446	0.0212383	0.115272	0.0140535	0.111451	0.0215625	0.0116902	0.0495065	0.0110346	0.166092	0.116974	0.0610807	0.0362253	0.022668	0.00361313	0.0209741
69	0.0751608	0.00319607	0.0124942	0.00364655	0.00153405	0.802295	0.00336934	0.00183417	0.00582852	0.00399964	0.00153607	0.0157997	0.0016465	0.0038468	0.00419	0.0431849	0.00965118	0.00329168	0.000379375	0.00311542
70	0.0146576	0.00573492	0.00262471	0.00167464	0.0289899	0.00269154	0.00125177	0.199019	0.00612611	0.302074	0.0170587	0.000729906	0.00118096	0.00367623	0.00446175	0.00253643	0.0104436	0.391371	0.000664516	0.00303293
71	0.579083	0.0136998	0.00924013	0.0117481	0.00279366	0.0459995	0.00467305	0.0225049	0.0104553	0.0193713	0.00627107	0.0140884	0.0159671	0.00905777	0.00981772	0.12241	0.0574937	0.0409314	0.000972591	0.00342164
72	0.00675509	0.00365346	0.000898036	0.00154332	0.0870369	0.000605456	0.00365337	0.056967	0.00101622	0.642133	0.0738162	0.000848702	0.000367071	0.00236259	0.00106718	0.00429331	0.0182862	0.049051	0.0077017	0.0379443
73	0.493304	0.0108102	0.000971303	0.00284518	0.000484603	0.0754424	0.00087448	0.000929793	0.00091748	0.00652423	0.00183675	0.00979941	0.000481085	0.00401534	0.000981384	0.374966	0.00956818	0.00242976	0.000241527	0.00257754
74	0.52767	0.00948809	0.00278589	0.00234462	0.000531298	0.0811466	0.001376	0.00182779	0.00123817	0.0067792	0.00161284	0.0106452	0.00114009	0.00469117	0.00111097	0.321727	0.0153949	0.00516218	0.00026473	0.00306318
75	0.0430217	0.00833367	0.0243786	0.0433075	0.000719984	0.0114432	0.0413084	0.012569	0.234912	0.0134691	0.00367373	0.0642594	0.0199966	0.112653	0.2044	0.0945752	0.0515658	0.00995091	0.00479155	0.000669705
76	0.0508507	0.00231948	0.0154461	0.00290755	0.0236475	0.0122924	0.0279249	0.0478861	0.0396092	0.307066	0.30148	0.0027759	0.00112	0.0269047	0.0529973	0.0273182	0.022511	0.0213146	0.000659244	0.0129692
77	0.0123854	0.000659127	0.0548711	0.0127626	0.000362833	0.678174	0.0143489	0.000716924	0.0379781	0.00739855	0.000666972	0.114018	0.00331168	0.0132109	0.0178498	0.028206	0.00131189	0.00110002	0.000157848	0.000508899
78	0.0166634	0.053774	0.00230898	0.00627167	0.0112104	0.00628472	0.00263843	0.208876	0.00330062	0.166085	0.132821	0.00882312	0.00622875	0.00362085	0.00367059	0.0304995	0.0759328	0.257481	0.00081934	0.00268929
79	0.0368601	0.00928519	0.0263693	0.0426562	0.00055154	0.0104296	0.0392462	0.0109964	0.237294	0.0113962	0.00406183	0.0679573	0.0215888	0.114358	0.211038	0.0890158	0.0522525	0.00930159	0.00504023	0.000300922
80	0.675336	0.0134855	0.00129924	0.00232678	0.000471498	0.0288673	0.00120026	0.00867993	0.00274023	0.00897291	0.00430054	0.00362301	0.00738713	0.00150145	0.00119655	0.138579	0.0727944	0.0255694	0.000332374	0.00133643
81	0.0318368	0.00740599	0.00231153	0.00240703	0.0010563	0.00233622	0.00216521	0.190925	0.0105493	0.0468652	0.00202347	0.00372993	0.00133809	0.0023482	0.00207364	0.0215768	0.275673	0.391411	0.000490539	0.00147595
82	0.00568939	0.00562742	0.00104992	0.000635083	0.00617766	0.00122359	0.000611439	0.558688	0.000838917	0.0512611	0.0205939	0.000602192	0.000375428	0.000859005	0.00107136	0.00162084	0.00683406	0.333127	0.000886886	0.0022268
83	0.053532	0.0240317	0.000767688	0.00193213	0.00203955	0.00555895	0.00178963	0.128451	0.00084281	0.0204523	0.00193099	0.000879856	0.00470659	0.0036883	0.00144728	0.00218985	0.0147318	0.729156	0.000926618	0.000945715
84	0.025308	0.0168466	0.00487906	0.0114243	0.0178665	0.00593421	0.00389783	0.174486	0.0072078	0.285469	0.164639	0.00856335	0.0072175	0.00903978	0.0098243	0.0198718	0.0706816	0.149883	0.00108118	0.00587985
85	0.0934191	0.0232211	0.0319582	0.0220771	0.00437816	0.00840366	0.026834	0.0143121	0.0240893	0.0232651	0.00606348	0.0141082	0.564436	0.0228422	0.0207239	0.0452807	0.0290113	0.0201216	0.000880472	0.00457372
86	0.0546421	0.021966	0.0233393	0.129475	0.00158732	0.0150267	0.00499267	0.0588419	0.0569819	0.0431081	0.0275377	0.0110912	0.0159067	0.0671012	0.0561454	0.0411194	0.127551	0.23835	0.000602917	0.00463331
87	0.157498	0.0108673	0.021728	0.00340604	0.00112278	0.0477407	0.024568	0.0300153	0.0280516	0.0110064	0.00426987	0.178926	0.00892336	0.0240251	0.0496332	0.171155	0.155131	0.0674239	0.00313874	0.00137066
88	0.060061	0.0114161	0.0212259	0.00848053	0.00176235	0.0123584	0.00922355	0.00868118	0.0133487	0.0141827	0.00751614	0.0321985	0.00894948	0.0116145	0.0151849	0.333064	0.409765	0.017444	0.000592512	0.00293073
89	0.157104	0.0245111	0.0313532	0.013925	0.00223971	0.00613356	0.016917	0.0086932	0.0184046	0.0222065	0.00652765	0.00890974	0.556339	0.0215788	0.00546363	0.05688	0.0253145	0.0140471	0.000892229	0.00255939
90	0.0733972	0.00204559	0.215014	0.252649	0.00125092	0.0202644	0.0084808	0.0120106	0.0316834	0.00821477	0.0116936	0.0403872	0.0505219	0.077524	0.0160778	0.137525	0.0249969	0.00830501	0.000714217	0.00724418
91	0.0361129	0.00605826	0.00269722	0.00524137	0.0351484	0.00408376	0.00363257	0.229419	0.00769838	0.310474	0.0249287	0.00142778	0.000908983	0.0137139	0.00934285	0.00686607	0.0210037	0.272826	0.000543844	0.00787315
92	0.0509383	0.00646325	0.0160595	0.040523	0.00164922	0.00718652	0.0295917	0.00899909	0.337449	0.0371576	0.0111377	0.028393	0.00836139	0.0720656	0.261702	0.0402843	0.0223752	0.0110586	0.00171108	0.00689383
93	0.0191085	0.00845083	0.00298103	0.00211387	0.0219391	0.0032187	0.00174026	0.225228	0.00111428	0.0506184	0.0298777	0.00135365	0.00158502	0.00247929	0.00656681	0.00344518	0.0106318	0.581138	0.0120236	0.0143853
94	0.047075	0.00348634	0.190319	0.212995	0.00322622	0.0347547	0.042576	0.00258323	0.0669064	0.0118674	0.000854033	0.085161	0.00180835	0.14536	0.0452985	0.055636	0.0307314	0.0144071	0.00101691	0.00393661
95	0.513578	0.00913762	0.00104936	0.00219018	0.000591438	0.0774574	0.00106967	0.00116779	0.00105493	0.00649922	0.00150237	0.0130662	0.000619852	0.00598384	0.0011563	0.350534	0.00840186	0.00218218	0.000253448	0.00250498
96	0.0496503	0.0302487	0.00181178	0.00356724	0.00647427	0.00607951	0.00323837	0.177417	0.00215899	0.0350803	0.0128213	0.00253012	0.00439145	0.0054775	0.00330883	0.00703861	0.0210153	0.621566	0.00131595	0.00480917
97	0.0552988	0.0017567	0.0109402	0.0291961	0.000642183	0.00133746	0.00909026	0.00468234	0.444158	0.0596396	0.00723273	0.0215928	0.000566275	0.0548624	0.267891	0.0208916	0.00324802	0.00210926	0.000215331	0.00464966
98	0.0290905	0.0035023	0.102826	0.220499	0.00871804	0.0185821	0.0596297	0.00345947	0.119508	0.0127654	0.00159103	0.0587282	0.00344153	0.125355	0.0917718	0.0538616	0.061236	0.0127647	0.00457022	0.00809893
99	0.0406122	0.0204254	0.00064758	0.00191613	0.00168612	0.00542178	0.00189566	0.123073	0.000655621	0.0149195	0.00122583	0.000675813	0.00480376	0.00366182	0.00117244	0.0013794	0.0125969	0.761397	0.000975975	0.00085751
100	0.0505076	0.0139065	0.00149875	0.0046713	0.0135596	0.00637776	0.0043753	0.181061	0.00119048	0.0451835	0.0133696	0.000842295	0.00320577	0.00371998	0.00249929	0.00290089	0.0129193	0.631608	0.00199296	0.00461072
101	0.0248181	0.00827646	0.00803607	0.0553123	0.00919719	0.00804943	0.02127	0.171705	0.0468318	0.173378	0.0571255	0.00466022	0.0110967	0.109026	0.145506	0.0184826	0.0363276	0.0821745	0.00112931	0.00759615
102	0.0590423	0.00301154	0.00420858	0.0359385	0.10398	0.00380607	0.397721	0.0199941	0.0969716	0.00637991	0.0208512	0.0038664	0.00180116	0.0378576	0.00495428	0.0386724	0.00648215	0.0574789	0.00110926	0.0958724
103	0.0604159	0.00173861	0.0143284	0.00597639	0.000526977	0.859029	0.00280055	0.00135864	0.00474191	0.00233075	0.000908946	0.0100964	0.000931212	0.00264148	0.00385413	0.017959	0.00455387	0.00197752	0.000230082	0.00360053
104	0.0549666	0.000892023	0.231726	0.266431	0.00167188	0.0223742	0.0284431	0.00280604	0.043623	0.01379	0.00292726	0.0714932	0.0165729	0.0903805	0.0246468	0.0704436	0.0285363	0.016271	0.00110263	0.010902
105	0.0859199	0.00480813	0.0563403	0.00660879	0.00172009	0.041679	0.0105012	0.00755363	0.0101524	0.0256516	0.00595845	0.173502	0.0105845	0.00992299	0.0178624	0.275615	0.236481	0.0158717	0.001545	0.00172107
106	0.00307155	0.000977671	0.00608878	0.00123632	0.73452	0.00154539	0.00679845	0.00206761	0.00120032	0.0320774	0.0126483	0.00130541	0.000790517	0.00147988	0.0013687	0.0107892	0.00240623	0.00308819	0.0158773	0.160663
107	0.0634458	0.0015446	0.25165	0.230134	0.00177879	0.0209959	0.0137134	0.00559944	0.0285361	0.00990637	0.00628946	0.0784731	0.0460716	0.0538218	0.0134742	0.115797	0.0359465	0.0107504	0.00130539	0.0107657
108	0.10776	0.00196182	0.0991296	0.539552	0.00133918	0.0209464	0.0213484	0.014938	0.0092586	0.00847499	0.00348213	0.0105567	0.0144688	0.0445101	0.00897933	0.0746538	0.0083976	0.00625707	0.000668453	0.003317
109	0.528345	0.090702	0.00240172	0.00250193	0.00118723	0.0232063	0.00229912	0.00613078	0.00333997	0.0107812	0.00357021	0.0031517	0.00589758	0.00242226	0.00268443	0.124598	0.16641	0.0174471	0.000472565	0.00245158
110	0.154598	0.0180465	0.0179648	0.0574255	0.0364221	0.00839053	0.0319996	0.00659504	0.139014	0.0344119	0.0119445	0.040759	0.00134318	0.200939	0.0688693	0.10221	0.00763258	0.00595822	0.0111297	0.0443461
111	0.0179577	0.00163531	0.0976333	0.248759	0.012132	0.0139835	0.0746551	0.00188588	0.109199	0.016225	0.00150146	0.0493104	0.00192083	0.129032	0.0838517	0.0467576	0.0602168	0.0134139	0.00594768	0.0139824
112	0.0123854	0.000659127	0.0548711	0.0127626	0.000362833	0.678174	0.0143489	0.000716924	0.0379781	0.00739855	0.000666972	0.114018	0.00331168	0.0132109	0.0178498	0.028206	0.00131189	0.00110002	0.000157848	0.000508899
113	0.0969935	0.0039133	0.0100087	0.0112071	0.0480307	0.00790143	0.0563155	0.0142209	0.013309	0.264149	0.135978	0.00459464	0.0023991	0.0309721	0.12875	0.0153902	0.0142276	0.00952321	0.00144212	0.130675
114	0.061668	0.0230292	0.00338576	0.00268342	0.00173175	0.00577913	0.00275199	0.122019	0.00554639	0.0450416	0.00727926	0.00762669	0.00313336	0.00411416	0.00447841	0.0743981	0.34462	0.277576	0.000907433	0.00223016
115	0.00307937	0.000972072	0.00609481	0.00124099	0.734032	0.00155015	0.00683886	0.00215779	0.0012079	0.0321659	0.0126898	0.00130297	0.000788906	0.00147919	0.0013687	0.0107913	0.00238958	0.00313018	0.0159911	0.160728
116	0.00126283	0.00509823	0.000648288	0.000454084	0.00028692	0.000562322	0.000506625	0.627039	0.000517548	0.0317602	0.0178017	0.000502884	0.000282362	0.00059808	0.000580692	0.00113071	0.00563823	0.304831	0.000156627	0.000340835
117	0.0949768	0.0143926	0.0295116	0.00763435	0.00241041	0.0044253	0.076444	0.00838389	0.0136128	0.0356446	0.00449796	0.00435461	0.607912	0.0146502	0.00425861	0.0511152	0.0127809	0.00916126	0.00117308	0.00265933
118	0.0872567	0.0147712	0.0336462	0.0166269	0.0062868	0.0107766	0.0333733	0.0227313	0.0204774	0.0741309	0.0125927	0.0112291	0.49275	0.0205956	0.0220542	0.0528471	0.0291208	0.0281572	0.00271692	0.007859
119	0.00307155	0.000977671	0.00608878	0.00123632	0.73452	0.00154539	0.00679845	0.00206761	0.00120032	0.0320774	0.0126483	0.00130541	0.000790517	0.00147988	0.0013687	0.0107892	0.00240623	0.00308819	0.0158773	0.160663
120	0.0408744	0.00497418	0.351512	0.20192	0.00572004	0.0624353	0.0260331	0.00792138	0.0308944	0.012975	0.00707803	0.0623987	0.0220396	0.0315577	0.0208338	0.0570518	0.0303853	0.0153995	0.00230747	0.00568788
121	0.0680189	0.00816068	0.264793	0.0148066	0.00641174	0.0115073	0.362102	0.0117104	0.0102699	0.0152043	0.00974577	0.105793	0.0064554	0.0179977	0.0127189	0.0215955	0.0218957	0.0172895	0.00293306	0.0105903
122	0.0534317	0.0095142	0.0316657	0.169076	0.00453783	0.0105335	0.00980305	0.0544046	0.0457967	0.0285142	0.0223419	0.0157231	0.130866	0.0608244	0.0386085	0.0341956	0.103092	0.16921	0.000859995	0.00700169
123	0.0449534	0.0039728	0.102714	0.111058	0.00589871	0.0284059	0.0604843	0.00688944	0.00649428	0.188165	0.0331164	0.00754855	0.00278985	0.049076	0.0397754	0.0110533	0.034542	0.00932369	0.00165537	0.252084
124	0.0316941	0.0161979	0.00106553	0.00179472	0.00284189	0.00451826	0.00164651	0.177804	0.00206177	0.0227096	0.0046416	0.0013996	0.00385766	0.00309162	0.00171582	0.00568631	0.0544445	0.659738	0.00140075	0.00169034
125	0.017832	0.00688552	0.0017793	0.00171309	0.0153304	0.00230166	0.0011636	0.444256	0.00246053	0.119885	0.0251545	0.000942529	0.000589087	0.00204159	0.00270129	0.00359311	0.0127276	0.333854	0.00104223	0.00374757
126	0.69391	0.00732578	0.00278287	0.00753961	0.000996436	0.0202811	0.00192961	0.0249833	0.00714528	0.00588027	0.00845371	0.00690906	0.00314357	0.0019857	0.00245354	0.101248	0.0544522	0.0459682	0.000331946	0.00227947
127	0.0567076	0.00174498	0.0111527	0.00262211	0.00119832	0.860225	0.00265936	0.00101086	0.00665252	0.00306641	0.000996849	0.0152633	0.00102053	0.00392882	0.00521817	0.0175186	0.00450251	0.00167578	0.000281494	0.00255387
128	0.0646579	0.0109217	0.0760523	0.0844728	0.00725734	0.0336147	0.0418215	0.0126444	0.0831807	0.0220949	0.00787276	0.14534	0.00988765	0.149891	0.0761952	0.0884273	0.0502235	0.0223066	0.00424823	0.00888918
129	0.0768838	0.00234581	0.00502038	0.00127501	0.000614313	0.875168	0.000810661	0.000945888	0.000910388	0.00125349	0.00101497	0.0015411	0.000367345	0.000872456	0.00149474	0.0199306	0.00493159	0.00153367	0.000208107	0.00287726
130	0.0590484	0.0151618	0.0122929	0.00953842	0.00200987	0.012368	0.0109851	0.0102489	0.0114547	0.0146559	0.00772581	0.0279685	0.00985315	0.0118984	0.0124087	0.331547	0.414715	0.0215626	0.00132846	0.00322782
131	0.00126283	0.00509823	0.000648288	0.000454084	0.00028692	0.000562322	0.000506625	0.627039	0.000517548	0.0317602	0.0178017	0.000502884	0.000282362	0.00059808	0.000580692	0.00113071	0.00563823	0.304831	0.000156627	0.000340835
132	0.0638609	0.00161281	0.00450351	0.000638201	0.000357835	0.89924	0.000615557	0.000705418	0.000627978	0.00100151	0.000594704	0.00088769	0.000300615	0.000637658	0.00138342	0.0152374	0.00382557	0.000962961	0.000172393	0.00283368
133	0.0606636	0.0019864	0.0185485	0.00239067	0.0284965	0.0139679	0.0347767	0.0442041	0.0434083	0.263795	0.302668	0.00258096	0.0013092	0.0268709	0.0609798	0.0322866	0.0255467	0.0184329	0.000511358	0.016576
134	0.0711675	0.00414671	0.152789	0.373309	0.00535189	0.0311054	0.0260022	0.0144105	0.0433633	0.0165609	0.00584383	0.029955	0.014096	0.0547294	0.0323362	0.0593882	0.0278725	0.0271852	0.00125242	0.00913484
135	0.0167019	0.00521767	0.00145283	0.00261282	0.0220962	0.00124981	0.00120662	0.222622	0.00376525	0.402939	0.157329	0.00224528	0.000630031	0.00306345	0.00398366	0.00511729	0.0263152	0.115916	0.00028347	0.00525163
136	0.0154423	0.0270462	0.00319364	0.0132923	0.0199762	0.00304635	0.00287624	0.184056	0.00418957	0.265502	0.216755	0.0156024	0.00410353	0.00427916	0.0048275	0.0216739	0.0507498	0.139549	0.000480123	0.00335893
137	0.0383892	0.00796406	0.0276962	0.0498693	0.00276661	0.0110043	0.0510252	0.00886627	0.209322	0.0108282	0.00633192	0.0558512	0.0176063	0.122736	0.231106	0.0817888	0.0469303	0.00963155	0.00714064	0.00314624
138	0.0857852	0.00822791	0.0819162	0.122725	0.00957629	0.0200784	0.0552005	0.00662069	0.14865	0.0145705	0.0040812	0.0464167	0.00544071	0.159156	0.10325	0.0683599	0.0307659	0.0126232	0.00267742	0.0138782
139	0.00126283	0.00509823	0.000648288	0.000454084	0.00028692	0.000562322	0.000506625	0.627039	0.000517548	0.0317602	0.0178017	0.000502884	0.000282362	0.00059808	0.000580692	0.00113071	0.00563823	0.304831	0.000156627	0.000340835
140	0.00400175	0.00756191	0.00522351	0.00143843	0.619273	0.00266165	0.0104945	0.00602138	0.00167488	0.0453459	0.0128099	0.00126454	0.000769791	0.00154507	0.00327764	0.00903457	0.00717263	0.00654516	0.0139499	0.239934
141	0.0403838	0.0205511	0.000610022	0.00191697	0.00172428	0.00543208	0.00190493	0.12323	0.000654256	0.0150128	0.0012513	0.000679065	0.00480588	0.00362834	0.00116497	0.00136796	0.0126123	0.761222	0.000973494	0.000874247
142	0.14172	0.114388	0.011157	0.0079641	0.00227094	0.00507798	0.0108027	0.00648775	0.0108846	0.0126846	0.00423376	0.00750737	0.536782	0.050556	0.00523669	0.0424239	0.0155538	0.0100602	0.00146997	0.00273801
143	0.0582209	0.056189	0.00268387	0.00289282	0.00295018	0.00692242	0.00392471	0.239321	0.00404898	0.0577543	0.0300299	0.00579333	0.00329153	0.00605715	0.00292428	0.0343598	0.116513	0.359611	0.000889911	0.00562145
144	0.0559177	0.00297476	0.017957	0.00876342	0.00060866	0.832626	0.003941	0.00193802	0.0084039	0.00314065	0.000866994	0.0192235	0.000994912	0.00499576	0.00594599	0.0197222	0.0053165	0.00339907	0.00047003	0.00279362
145	0.061131	0.00199429	0.0108088	0.00343191	0.000514476	0.864475	0.00244436	0.00114782	0.00469095	0.00187467	0.00084601	0.0125165	0.000949369	0.0023502	0.00324943	0.0186072	0.00450065	0.00160183	0.000240296	0.00262524
146	0.0583831	0.00191025	0.0108738	0.00264658	0.000868365	0.869856	0.00205223	0.000938095	0.00454013	0.00208425	0.00105297	0.0122123	0.000767165	0.00257754	0.00326319	0.0169357	0.00406697	0.00190256	0.000192591	0.00287592
147	0.0851624	0.0039806	0.0170408	0.00566625	0.000775879	0.763299	0.0038957	0.00173901	0.00770751	0.00568066	0.00116905	0.0219596	0.00211212	0.00500825	0.00500989	0.0516891	0.0100851	0.0043325	0.000518888	0.00316744
148	0.0106466	0.00486478	0.00152442	0.00213235	0.0500956	0.00145932	0.00220177	0.0823991	0.00520787	0.618345	0.0946989	0.00142459	0.000590819	0.00469028	0.00736612	0.00557605	0.0231137	0.065764	0.000904796	0.0169943
149	0.254514	0.0360587	0.00119808	0.00145385	0.00602843	0.0124146	0.00132335	0.256897	0.00121876	0.0933814	0.00856992	0.00120577	0.000673277	0.00198452	0.002551	0.0127803	0.0427932	0.263701	0.00037141	0.000881035
150	0.548541	0.00993208	0.000956516	0.00197432	0.000457999	0.064799	0.000816246	0.00220516	0.00116164	0.00602081	0.00167574	0.00890128	0.000937103	0.00369184	0.000942532	0.322855	0.0166235	0.00506745	0.000224779	0.00221656
151	0.0566641	0.0018881	0.0118135	0.00291868	0.000797575	0.859445	0.00360694	0.000931908	0.00544238	0.00307316	0.00177452	0.0149308	0.00187723	0.00395876	0.00385362	0.0184781	0.0041192	0.0014167	0.000234899	0.00277435
152	0.00126283	0.00509823	0.000648288	0.000454084	0.00028692	0.000562322	0.000506625	0.627039	0.000517548	0.0317602	0.0178017	0.000502884	0.000282362	0.00059808	0.000580692	0.00113071	0.00563823	0.304831	0.000156627	0.000340835
153	0.592976	0.00991241	0.00156214	0.00253506	0.000545507	0.0587262	0.00110082	0.00431223	0.00191246	0.00858029	0.00328952	0.00653255	0.00415418	0.00278623	0.00112745	0.243645	0.0406065	0.0135426	0.000248725	0.00190377
154	0.516118	0.00346399	0.00787701	0.0208038	0.00117723	0.0268811	0.00237088	0.0575038	0.00328071	0.0156336	0.00424974	0.042508	0.00174724	0.00293284	0.00628974	0.101237	0.05155	0.127816	0.000563294	0.0059955
155	0.0105875	0.00830915	0.00834845	0.00653753	0.271572	0.00249508	0.0406346	0.0822311	0.0117947	0.167955	0.0384574	0.00160404	0.000803893	0.00196107	0.00177098	0.00863438	0.00308463	0.0749074	0.0680358	0.190275
156	0.0191421	0.00540567	0.0033621	0.00134626	0.0317954	0.00357947	0.00136804	0.280437	0.000633277	0.0685969	0.0426683	0.000680613	0.000443222	0.00101901	0.00269481	0.00346476	0.00943045	0.503662	0.00628188	0.0139896
157	0.0576884	0.00882019	0.025319	0.0515863	0.00543142	0.011304	0.0296647	0.0121415	0.303707	0.0378775	0.0163559	0.0353101	0.00905678	0.0799012	0.200935	0.0487541	0.0335474	0.0175169	0.00369264	0.0113894
158	0.151346	0.0164788	0.0172614	0.0534293	0.0357862	0.00966196	0.0351947	0.00581304	0.133941	0.0309262	0.0129914	0.0463536	0.00128923	0.210891	0.07116	0.101712	0.00693201	0.00568258	0.01224	0.0409104
159	0.00989555	0.00337599	0.00303117	0.00157925	0.0368345	0.00214379	0.00102195	0.227545	0.00770578	0.370784	0.0195249	0.000712398	0.000380292	0.00390743	0.00551312	0.00296578	0.0112904	0.288441	0.000180435	0.00316834
160	0.132041	0.0536254	0.00638511	0.0077156	0.00695305	0.00611148	0.0065157	0.00629189	0.0850853	0.0591788	0.0586292	0.0595412	0.00288958	0.0200839	0.147658	0.125588	0.0107381	0.0313864	0.0740706	0.0995122
161	0.0999791	0.0213976	0.0347074	0.0185055	0.00412664	0.00553533	0.0227988	0.0163351	0.0210469	0.0264989	0.00728639	0.0120152	0.5639	0.0210268	0.0145895	0.047928	0.0266531	0.0298326	0.00110676	0.0047305
162	0.0442797	0.00305166	0.208013	0.227971	0.00394864	0.0371966	0.0454859	0.00234592	0.064181	0.0108499	0.000850621	0.0758782	0.00222812	0.132842	0.0355079	0.0528033	0.0315519	0.0156313	0.000948825	0.0044339
163	0.0313823	0.00751475	0.00223497	0.00237364	0.00107965	0.00239303	0.00227385	0.189845	0.0106291	0.0462808	0.00205203	0.00381246	0.00134241	0.00246961	0.00216371	0.0215101	0.276662	0.392031	0.000483136	0.00146715
164	0.0546943	0.00197388	0.0110704	0.0309974	0.000702318	0.00148601	0.0107727	0.00474651	0.440035	0.0574454	0.00701817	0.0212481	0.000776329	0.0573465	0.264937	0.0219337	0.00493604	0.00275378	0.000278778	0.00484791
165	0.00135717	0.00508728	0.000673637	0.000454177	0.000573302	0.000554894	0.000506816	0.623351	0.000511542	0.0320783	0.0179061	0.000506222	0.000285078	0.000588169	0.000612212	0.00111655	0.00570806	0.30741	0.000274482	0.000445686
166	0.018949	0.00626099	0.0037268	0.0020711	0.0464367	0.00414189	0.00266341	0.27495	0.00143013	0.0776356	0.0403646	0.00117639	0.000586111	0.00202374	0.0031372	0.00490586	0.00999015	0.473067	0.0065714	0.0199119
167	0.0638609	0.00161281	0.00450351	0.000638201	0.000357835	0.89924	0.000615557	0.000705418	0.000627978	0.00100151	0.000594704	0.00088769	0.000300615	0.000637658	0.00138342	0.0152374	0.00382557	0.000962961	0.000172393	0.00283368
168	0.0477467	0.0174421	0.00347885	0.00674091	0.00817453	0.00606229	0.00381717	0.174557	0.00401674	0.0419775	0.0134123	0.00323806	0.00892797	0.00622647	0.00484506	0.00930243	0.0269822	0.6072	0.00211488	0.00373746
169	0.056731	0.00367631	0.106775	0.243398	0.00742222	0.02142	0.0684629	0.00742348	0.0928636	0.0147187	0.00350848	0.0477078	0.0067729	0.122163	0.0686545	0.0540692	0.039542	0.017635	0.00243801	0.0146184
170	0.291103	0.0135637	0.00589769	0.00533096	0.00214482	0.0209265	0.00496659	0.00523361	0.00897058	0.0242248	0.0252612	0.00427257	0.203221	0.010385	0.00423057	0.2072	0.131893	0.0275301	0.000847535	0.00279804
171	0.0873189	0.00250445	0.0715116	0.308369	0.0724696	0.00334795	0.00370566	0.0189467	0.0328631	0.0346636	0.00303316	0.0190279	0.00205266	0.00468931	0.00383447	0.0855866	0.117535	0.110217	0.000921343	0.017402
172	0.00966641	0.00120616	0.496724	0.311068	0.00118279	0.0825639	0.0112515	0.00184671	0.00828584	0.00274921	0.00300356	0.0177753	0.000918314	0.00244275	0.00186972	0.0294806	0.0102717	0.00555116	0.00114177	0.00100097
173	0.513356	0.00916019	0.0010167	0.00200145	0.000564314	0.077097	0.00097995	0.00106878	0.00101698	0.00647554	0.00144109	0.012801	0.000592049	0.00543895	0.00112846	0.352767	0.00829486	0.00207265	0.000251387	0.00247588
174	0.369001	0.0429009	0.0745426	0.0465811	0.00420086	0.00916943	0.00794953	0.00975981	0.00777631	0.014181	0.00711002	0.256443	0.0754274	0.00964536	0.00811316	0.0177898	0.015801	0.0145884	0.00332284	0.00569733
175	0.248974	0.0933169	0.0051746	0.0048969	0.00198044	0.048342	0.00363686	0.00706199	0.00388581	0.072803	0.0110803	0.0109965	0.033883	0.00503631	0.00390739	0.221533	0.164421	0.0558336	0.000683381	0.00255351
176	0.00671193	0.00416228	0.000512179	0.000710516	0.0559013	0.000423495	0.000486996	0.0620834	0.000703149	0.690103	0.0790977	0.000755176	0.000259103	0.00233636	0.000848933	0.00434838	0.0219479	0.0516438	0.000121085	0.0168429
177	0.177079	0.003401	0.0197944	0.00416405	0.00252142	0.00410061	0.0359094	0.0388956	0.201395	0.0556514	0.0201789	0.0202153	0.00211425	0.0894564	0.0213385	0.0302336	0.163172	0.00656886	0.00134714	0.102464
178	0.0662961	0.00224022	0.002797	0.110691	0.0110454	0.00279415	0.00287627	0.0292187	0.0632658	0.127151	0.0232506	0.00316709	0.00150778	0.2799	0.15469	0.0149292	0.0653397	0.0360904	0.000724438	0.00202518
179	0.517697	0.0108362	0.00131466	0.00294632	0.000710807	0.0671144	0.00116386	0.00278341	0.00146476	0.00768084	0.00230755	0.0103353	0.00148986	0.0041369	0.00194556	0.335562	0.0197254	0.00807446	0.000239338	0.00247149
180	0.0153607	0.0035318	0.00228786	0.00271708	0.0295707	0.00162689	0.00155272	0.203353	0.00876597	0.416459	0.0709546	0.00132029	0.000565754	0.00461042	0.00845767	0.00387199	0.0152177	0.206008	0.000283266	0.00348457
181	0.124454	0.0132401	0.0319888	0.104353	0.0191556	0.00758725	0.0501985	0.00870691	0.192825	0.0200312	0.00369847	0.0147684	0.000877113	0.165002	0.114671	0.0583516	0.0183273	0.01099	0.00315345	0.0376209
182	0.092448	0.00562519	0.0275664	0.113147	0.00555765	0.00499882	0.0711396	0.0050013	0.221705	0.00617276	0.00133704	0.00788311	0.000642317	0.130521	0.177497	0.0442071	0.0356463	0.0245023	0.000808338	0.0235937
183	0.0123854	0.000659127	0.0548711	0.0127626	0.000362833	0.678174	0.0143489	0.000716924	0.0379781	0.00739855	0.000666972	0.114018	0.00331168	0.0132109	0.0178498	0.028206	0.00131189	0.00110002	0.000157848	0.000508899
184	0.0663044	0.00485278	0.0290243	0.118144	0.00516279	0.00488478	0.0798215	0.00369317	0.227868	0.00566012	0.00113269	0.00668443	0.000460148	0.127453	0.191425	0.0398841	0.04082	0.0232758	0.0011881	0.0222606
185	0.0267514	0.00879021	0.00947456	0.0132665	0.00517377	0.0155079	0.0176816	0.177188	0.0164382	0.0801737	0.017831	0.0088471	0.167116	0.0559031	0.258152	0.0218197	0.0311576	0.0617611	0.00164327	0.00532349
186	0.0397548	0.0226364	0.000777626	0.00211466	0.0018778	0.0051577	0.00228618	0.136138	0.0007805	0.0147503	0.00162863	0.000897117	0.00840261	0.00515712	0.00160576	0.00218544	0.0170512	0.734687	0.00108983	0.00102125
187	0.0517216	0.00945403	0.0301296	0.147997	0.00208173	0.0100766	0.00523044	0.0839465	0.0665712	0.0346568	0.0294601	0.0147733	0.0232617	0.0649663	0.0509347	0.0388488	0.125144	0.204135	0.000358262	0.0062524
188	0.00679765	0.00402395	0.000552017	0.000715022	0.0572672	0.000514174	0.000629928	0.062115	0.000621265	0.688463	0.0767068	0.000860416	0.000379387	0.00244694	0.000801864	0.00465894	0.0216151	0.0527692	0.00040513	0.0176573
189	0.0755165	0.00160299	0.265707	0.220662	0.00253565	0.0210234	0.00859959	0.00493925	0.0236149	0.00830541	0.00588862	0.0869521	0.0638331	0.030613	0.00769402	0.124429	0.0245539	0.00980039	0.00152039	0.0122085
