230	20
1	0.0375896	0.0147524	0.000774799	0.00224156	0.0415776	0.00220387	0.0161654	0.180122	0.002406	0.411233	0.0476366	0.010651	0.00373154	0.0121137	0.00321646	0.01588	0.0657374	0.118723	0.000540005	0.0127049
2	0.00809717	0.0141739	0.00332191	0.00101322	0.175957	0.00106385	0.00380126	0.0582054	0.00063597	0.558276	0.108046	0.00201171	0.000807048	0.00116866	0.000782356	0.00227185	0.0139259	0.0280788	0.00279274	0.0155686
3	0.00787434	0.0155446	0.00346051	0.000903331	0.18506	0.00111022	0.00457663	0.0535586	0.000741264	0.545564	0.11183	0.00206602	0.000785359	0.00103249	0.000903181	0.00212362	0.0164333	0.0279682	0.00344172	0.0150221
4	0.152957	0.03164	0.00340288	0.00114978	0.00110216	0.651978	0.000745759	0.00196096	0.00129839	0.00324969	0.00736267	0.00172111	0.00183692	0.00163312	0.00551011	0.0772588	0.0363664	0.0176914	0.000305444	0.000829721
5	0.124836	0.0026386	0.0389739	0.0319578	0.00289504	0.00841636	0.00770579	0.00371188	0.0244127	0.00445762	0.00388858	0.00814041	0.633682	0.0227323	0.016296	0.0390388	0.0184171	0.00507501	0.000646652	0.00207744
6	0.120473	0.0227062	0.0076372	0.00357544	0.000843294	0.70626	0.00170906	0.00154903	0.00428809	0.00208356	0.00544894	0.00681698	0.00163442	0.0037889	0.00659761	0.0701132	0.0195314	0.0136412	0.000264708	0.0010383
7	0.0977352	0.00223571	0.0317789	0.029181	0.00249914	0.00745039	0.008152	0.00449686	0.0245865	0.00228648	0.0036043	0.00896863	0.669151	0.0235437	0.0163024	0.0411584	0.018924	0.00410842	0.00101528	0.0028215
8	0.308022	0.0975261	0.00253968	0.00324942	0.00654814	0.0404442	0.00108589	0.022642	0.00129401	0.0161104	0.0431958	0.00269823	0.017615	0.00255653	0.00162448	0.0874118	0.252177	0.0910343	0.000435034	0.00178982
9	0.0540777	0.0287716	0.159759	0.0808952	0.00357896	0.0287599	0.00623966	0.0268326	0.00840666	0.00867094	0.0292126	0.235475	0.117698	0.0253058	0.0170926	0.0618981	0.0923176	0.00894726	0.00155075	0.0045098
10	0.107733	0.0397513	0.00154995	0.00435569	0.000857617	0.00323682	0.000523822	0.130963	0.000606226	0.0881332	0.0411277	0.00187084	0.0131417	0.00675469	0.00374092	0.0255171	0.0824239	0.446624	0.00021794	0.00087009
11	0.11431	0.003553	0.0625438	0.0340312	0.00755941	0.00434341	0.0960153	0.0156546	0.00841248	0.00556214	0.0104157	0.0815711	0.214117	0.0125951	0.00403723	0.175899	0.0251781	0.00507459	0.0186679	0.100459
12	0.0975684	0.00100118	0.0648472	0.087871	0.00403	0.00804887	0.0139871	0.00178449	0.0264423	0.00391689	0.00459535	0.0115772	0.548748	0.0453926	0.017336	0.0392968	0.0167984	0.00580016	0.000244595	0.000713327
13	0.0935502	0.00173635	0.0407963	0.206684	0.0010223	0.0245541	0.0141832	0.0118938	0.0914251	0.0115962	0.00449035	0.050073	0.00411373	0.0976589	0.163281	0.103396	0.0678381	0.00906028	0.000446469	0.00220138
14	0.0421887	0.00889083	0.00110597	0.00142227	0.0287702	0.00224519	0.00107345	0.456342	0.00109328	0.0668302	0.0185974	0.00166404	0.000899639	0.00189067	0.00123472	0.00785326	0.00774813	0.346627	0.000770555	0.0027522
15	0.103562	0.0596895	0.00200154	0.00608973	0.0201767	0.0127175	0.0394845	0.0331566	0.0101784	0.308549	0.0679338	0.0241834	0.00167381	0.0424248	0.0675763	0.0243012	0.029153	0.0685822	0.0136098	0.064956
16	0.0966905	0.000938735	0.0468889	0.215909	0.000591021	0.0274319	0.016218	0.00978324	0.102041	0.0118499	0.00435446	0.0550319	0.00498441	0.107869	0.126526	0.0900942	0.0722787	0.00796186	0.00029482	0.0022627
17	0.445529	0.00575917	0.00494853	0.0271679	0.00253852	0.104224	0.00323044	0.0217083	0.0217367	0.019548	0.00339721	0.0181132	0.0016579	0.0349067	0.00460454	0.213802	0.0339501	0.0309204	0.000569238	0.001688
18	0.0538825	0.0225185	0.00372996	0.00580944	0.00465741	0.0297172	0.00432464	0.0734015	0.00404909	0.305487	0.28309	0.0295397	0.00437201	0.0814747	0.00648705	0.0628498	0.00755148	0.0107344	0.00214109	0.00418315
19	0.406853	0.00256494	0.0015667	0.0163541	0.00166203	0.113362	0.00156281	0.0262841	0.0179859	0.0202565	0.00266383	0.0252873	0.00146429	0.0249124	0.00228735	0.278063	0.0332613	0.021935	0.000604858	0.00106761
20	0.0381751	0.0034361	0.00475988	0.00476326	0.00247629	0.00462754	0.018858	0.021772	0.0785621	0.1302	0.0488673	0.0691469	0.00415442	0.127646	0.243883	0.049271	0.0848775	0.0464536	0.00135243	0.0167169
21	0.0811167	0.00243983	0.0401027	0.0271922	0.00306926	0.0170874	0.0187815	0.00310025	0.0226708	0.00278047	0.00326655	0.0402049	0.537612	0.0589889	0.029099	0.0681625	0.0388052	0.002923	0.000641077	0.00195566
22	0.0580179	0.0384998	0.00292509	0.0228489	0.00991472	0.00444652	0.00346647	0.15711	0.00417429	0.183458	0.0979022	0.00749729	0.0266899	0.0157628	0.00856349	0.0288375	0.0787038	0.246638	0.0014002	0.003144
23	0.0315169	0.00246922	0.000552858	0.000697438	0.0480161	0.00131086	0.00211995	0.331249	0.000596692	0.329367	0.0382577	0.000917652	0.000508771	0.00111636	0.00418365	0.0018614	0.0076335	0.183382	0.00483229	0.00941135
24	0.0583041	0.0141899	0.00473394	0.00665746	0.00240525	0.25748	0.00341561	0.00537926	0.0066215	0.0120412	0.00465408	0.224496	0.00683319	0.0069115	0.00738051	0.351912	0.0178422	0.00561188	0.001036	0.00209431
25	0.076409	0.014184	0.0356626	0.03602	0.0246606	0.00815159	0.109463	0.0388709	0.00916304	0.011496	0.0134093	0.0836791	0.165988	0.05097	0.00785464	0.133234	0.0259677	0.0190425	0.0121153	0.123659
26	0.0081738	0.0136682	0.00401359	0.00097964	0.182175	0.00099303	0.00383692	0.0567948	0.000619044	0.545819	0.11468	0.00189081	0.000773533	0.000869402	0.000734185	0.00196735	0.0147739	0.0278126	0.00283415	0.0165909
27	0.0311315	0.0190497	0.0689784	0.0608965	0.002484	0.314208	0.0484209	0.00372676	0.0706112	0.0113056	0.0111872	0.118089	0.00470726	0.109637	0.0217205	0.0806891	0.00833622	0.00543909	0.00114295	0.00823842
28	0.09885	0.00144653	0.0350233	0.0305769	0.00230695	0.0067916	0.00749033	0.00186971	0.028103	0.00175254	0.00236001	0.00739285	0.675857	0.0231337	0.0166522	0.0393065	0.017324	0.00261419	0.000247329	0.000901594
29	0.32547	0.0236623	0.0226759	0.0669896	0.0217567	0.0291749	0.0135779	0.025291	0.0643341	0.0273924	0.0142739	0.0258009	0.0132455	0.0356728	0.040548	0.0657806	0.0515319	0.115381	0.000446998	0.0169935
30	0.0456266	0.0194576	0.000266845	0.00172946	0.0428304	0.00164174	0.00527279	0.195277	0.00241321	0.379565	0.0601891	0.0106038	0.00445129	0.00905046	0.00283409	0.0172889	0.0456734	0.144806	0.000394759	0.0106272
31	0.0438585	0.0181012	0.00071596	0.0072438	0.0343086	0.00491035	0.00633895	0.175474	0.00408765	0.375656	0.0969735	0.0169738	0.00457167	0.0198853	0.0068898	0.021331	0.0343302	0.117313	0.00157382	0.00946307
32	0.0314665	0.0192747	0.462616	0.107758	0.00218452	0.00731949	0.00303155	0.00665703	0.0159598	0.00515773	0.00843115	0.133317	0.0164753	0.0354314	0.0205986	0.0704965	0.0454197	0.00511409	0.000902074	0.00238913
33	0.0296315	0.00907743	0.117984	0.587735	0.00084915	0.0110088	0.00696299	0.00665114	0.00593427	0.00493195	0.00790869	0.0207012	0.00157267	0.111947	0.0320565	0.0235343	0.00872481	0.0065283	0.0048285	0.00143216
34	0.0827365	0.0306458	0.00133599	0.00409074	0.0022401	0.00187407	0.000488984	0.149207	0.000557	0.103583	0.0400437	0.00177886	0.0107604	0.00647573	0.00392079	0.0209724	0.0819429	0.455913	0.000447616	0.000985244
35	0.0258343	0.0327819	0.00985524	0.0114994	0.00508237	0.0216719	0.00621925	0.00956659	0.17402	0.0115904	0.117757	0.0146017	0.00499007	0.32887	0.145734	0.0428294	0.0138785	0.0155763	0.00204759	0.00559526
36	0.211626	0.00133079	0.04835	0.200218	0.00106368	0.0944079	0.0254574	0.00150754	0.0376596	0.00690137	0.00152128	0.0241071	0.00572441	0.093273	0.0269604	0.125393	0.0375668	0.0514963	0.000323178	0.00511204
37	0.0221225	0.0084013	0.0580492	0.00866067	0.0341919	0.189801	0.00672699	0.0115468	0.00716729	0.12009	0.232732	0.0106993	0.00632657	0.136114	0.0965175	0.0160275	0.0148009	0.0122631	0.00235264	0.00540916
38	0.0462525	0.0170159	0.000459509	0.0043853	0.0444225	0.00208811	0.00549517	0.190176	0.00264094	0.402626	0.0630687	0.0101082	0.00390761	0.00859824	0.00382156	0.0192352	0.0397902	0.123922	0.00067657	0.01131
39	0.0510915	0.0013068	0.00584232	0.0224695	0.000966964	0.00169099	0.000940926	0.00818452	0.141997	0.0142392	0.00159981	0.0018124	0.00471641	0.0862272	0.632423	0.00278036	0.0140438	0.00188812	0.00479436	0.000984515
40	0.10828	0.00450623	0.0582853	0.0807499	0.019563	0.0425552	0.00867638	0.00588186	0.0381512	0.0270115	0.0256164	0.0269675	0.0213823	0.106376	0.0525165	0.0114175	0.066408	0.0250122	0.00117817	0.269465
41	0.0847499	0.0284537	0.0012571	0.00370173	0.00345692	0.00174226	0.000572328	0.161409	0.000558437	0.119201	0.0397383	0.00161778	0.0108018	0.0057966	0.00321415	0.0206106	0.0733914	0.437484	0.000693564	0.00154974
42	0.0409786	0.00877059	0.00284795	0.00345279	0.305145	0.0254586	0.00408449	0.0217438	0.00294079	0.0793444	0.0460001	0.0218456	0.00299317	0.00657108	0.0156937	0.0134938	0.00972757	0.0130875	0.0903088	0.285511
43	0.0630705	0.00611931	0.0201347	0.0213689	0.00298125	0.115554	0.00326528	0.00535467	0.11337	0.00684784	0.0294788	0.0385365	0.00298502	0.440659	0.0667572	0.0116276	0.00780348	0.0392438	0.00145425	0.00338741
44	0.156109	0.0829514	0.00457081	0.00824131	0.00644353	0.0213891	0.00395923	0.0404006	0.00343112	0.0225678	0.0325908	0.0145302	0.0464459	0.00819561	0.00509048	0.0605969	0.342478	0.133297	0.00159747	0.00511388
45	0.101455	0.000818312	0.0634678	0.219872	0.000510126	0.0319296	0.0164969	0.0104097	0.111636	0.0102544	0.00332491	0.0484381	0.00846598	0.10713	0.124387	0.072992	0.0576569	0.00716977	0.000256375	0.00332786
46	0.0871181	0.024083	0.001308	0.00292439	0.112806	0.00361453	0.0319457	0.0451075	0.00332071	0.220657	0.105707	0.00718056	0.00122631	0.0408827	0.0250464	0.028527	0.0540871	0.0865333	0.0464212	0.0715041
47	0.121559	0.0686304	0.00364389	0.00773196	0.00311836	0.0111356	0.00236476	0.0799088	0.00237727	0.0470446	0.0364979	0.00472714	0.0307416	0.00738508	0.00443546	0.0335629	0.266583	0.263721	0.00105878	0.00377363
48	0.00819643	0.0136637	0.00358207	0.000941292	0.182652	0.000874984	0.00384236	0.0569794	0.000613628	0.547854	0.112826	0.00189736	0.000758495	0.000862426	0.000712718	0.00193779	0.0145685	0.0276669	0.00285276	0.0167181
49	0.372503	0.101161	0.00245605	0.00249218	0.00662852	0.0528228	0.000884836	0.0485927	0.00106029	0.0586265	0.0411615	0.00248293	0.0234634	0.001906	0.00120424	0.0526089	0.0699684	0.153655	0.000391641	0.00592996
50	0.0473069	0.0103669	0.000735223	0.00098723	0.0197864	0.0030607	0.000744418	0.318066	0.000620043	0.148795	0.0283313	0.00119867	0.00088514	0.00109601	0.000732519	0.00666701	0.013584	0.389909	0.00180874	0.00531808
51	0.0751756	0.0146373	0.138639	0.0457807	0.00410355	0.0254545	0.013808	0.0146786	0.0130026	0.0123528	0.015853	0.188226	0.127451	0.047348	0.0352212	0.11751	0.0940525	0.00712109	0.00241719	0.00716746
52	0.129727	0.0240666	0.00358369	0.000909197	0.000560792	0.712319	0.000616503	0.00114086	0.00130015	0.00121488	0.00524787	0.0014351	0.00108061	0.00121658	0.00617138	0.0732755	0.021307	0.0139175	0.000278285	0.000630974
53	0.150723	0.0232495	0.00429459	0.00541668	0.00406054	0.0334358	0.00471877	0.00806445	0.00404052	0.00888476	0.0107077	0.016292	0.142556	0.00595793	0.00390091	0.310463	0.245732	0.0117106	0.00162897	0.00416158
54	0.501985	0.0430765	0.00107671	0.00297076	0.00349285	0.202173	0.000890105	0.00562907	0.00269095	0.0131179	0.00369147	0.00292922	0.000902607	0.0074157	0.00157779	0.131583	0.0415301	0.0309507	0.000261976	0.00205454
55	0.10963	0.0142823	0.0165525	0.0261634	0.00969372	0.0246959	0.0726302	0.0224053	0.0283157	0.0332789	0.0633237	0.0921752	0.0248277	0.0379256	0.0910561	0.129408	0.155235	0.0237828	0.0047331	0.0198849
56	0.543802	0.0499025	0.0006446	0.00102742	0.0039376	0.162535	0.000571841	0.00218539	0.000895852	0.0130304	0.00323508	0.000982178	0.000587374	0.00576064	0.000913927	0.129155	0.04681	0.0316612	0.000224751	0.00213679
57	0.130142	0.0240381	0.00358212	0.00091467	0.000552436	0.711913	0.000599355	0.0010586	0.00137432	0.00130665	0.00525127	0.00156832	0.00124909	0.00114323	0.0062778	0.0734031	0.0208858	0.0138652	0.00025016	0.000624865
58	0.053874	0.0198164	0.00111555	0.00341636	0.033676	0.00720838	0.00634865	0.151582	0.00306726	0.385459	0.114017	0.0212841	0.00459378	0.0259966	0.00550698	0.0270258	0.0314315	0.0929079	0.001715	0.0099577
59	0.0396578	0.00831111	0.111946	0.565548	0.000898303	0.011223	0.00704631	0.00683819	0.0133943	0.00654857	0.00847726	0.0215104	0.00863953	0.107582	0.0330268	0.0241117	0.010785	0.00782195	0.00470892	0.00192471
60	0.371678	0.0867306	0.00143257	0.00235725	0.0102951	0.0384423	0.00126224	0.0175544	0.00164365	0.0115892	0.0558905	0.00243882	0.0133126	0.00289326	0.00185874	0.0722429	0.251005	0.0542969	0.000573213	0.00250302
61	0.375903	0.107126	0.00250934	0.00236776	0.00681047	0.0551045	0.000721901	0.0491492	0.000902058	0.0519034	0.0431104	0.00221128	0.0107855	0.00169914	0.00102711	0.0564474	0.0751573	0.150907	0.000363427	0.00579468
62	0.0429518	0.0158562	0.000341838	0.0013015	0.0503199	0.0013884	0.0041907	0.211021	0.00180972	0.395401	0.062892	0.00758876	0.00272381	0.00619061	0.00288002	0.012707	0.030246	0.138922	0.00123424	0.0100332
63	0.157927	0.0898824	0.0274623	0.00940946	0.0301647	0.0419813	0.00232874	0.0603324	0.00303238	0.0814923	0.0432103	0.01865	0.0052151	0.00732078	0.00435697	0.102885	0.0993557	0.210036	0.00104245	0.00391459
64	0.192488	0.0126446	0.00573038	0.0104277	0.00414114	0.197283	0.00335399	0.00994616	0.0115645	0.0468846	0.00933298	0.113834	0.0249879	0.0094347	0.0169037	0.203373	0.114598	0.00964283	0.00132955	0.00210087
65	0.0525734	0.0179897	0.000441728	0.00178792	0.0422317	0.00279645	0.00483046	0.174046	0.00224472	0.41806	0.0572414	0.0103051	0.00369357	0.00766718	0.00299842	0.0258244	0.0453848	0.120222	0.000260557	0.00940045
66	0.0464884	0.00705788	0.000417223	0.000636103	0.0259639	0.00164044	0.00117295	0.286298	0.000477265	0.242244	0.0317945	0.000730858	0.000899118	0.000952096	0.00147653	0.00331031	0.0163624	0.322849	0.0032839	0.00594527
67	0.0374675	0.00900792	0.0862849	0.591401	0.000799608	0.0119811	0.00592658	0.00604087	0.0106764	0.00817514	0.00861957	0.0236898	0.00212747	0.111863	0.0342523	0.0206426	0.0137083	0.00837697	0.00678981	0.00216993
68	0.0963889	0.000914538	0.0339891	0.0363902	0.00267629	0.00811217	0.00881634	0.00140881	0.0282243	0.00156689	0.00214591	0.00812408	0.670096	0.0288901	0.0201232	0.0339539	0.0150469	0.00229622	0.000200911	0.000634748
69	0.0234051	0.00797171	0.0738324	0.0663567	0.00100816	0.432494	0.0294592	0.00154291	0.082115	0.00574554	0.00536156	0.111678	0.00106138	0.0684922	0.0185433	0.0612038	0.00238564	0.00198017	0.000412816	0.00494998
70	0.0147207	0.00324299	0.776444	0.12878	0.0012638	0.00242261	0.00161817	0.00239258	0.00293083	0.0026941	0.0123226	0.00588202	0.00134552	0.00615269	0.00396371	0.0144971	0.0143297	0.00300249	0.000528183	0.00146632
71	0.0346332	0.00341855	0.0392649	0.0359352	0.00187476	0.0171353	0.00844936	0.0235122	0.343024	0.00661574	0.00488267	0.0332527	0.0119137	0.0265879	0.165302	0.0599359	0.144542	0.037503	0.000720602	0.00149626
72	0.252739	0.0604938	0.00833813	0.0178598	0.0318098	0.0298865	0.0260653	0.0651251	0.0550317	0.0169156	0.0448278	0.0949433	0.00761105	0.0318558	0.032615	0.0783676	0.0451883	0.0424839	0.00215364	0.0556891
73	0.122454	0.0228836	0.0069043	0.00263358	0.000717011	0.704464	0.00141672	0.00124017	0.00337218	0.00185183	0.00586934	0.00641919	0.00159489	0.00435804	0.00772827	0.0716661	0.0199237	0.0134397	0.000265642	0.000797618
74	0.087094	0.0301829	0.00114799	0.00286853	0.107585	0.00368637	0.033464	0.0534715	0.00422803	0.231204	0.0965218	0.00870938	0.00134294	0.0342002	0.0282194	0.0298359	0.0489413	0.0924309	0.033853	0.071013
75	0.0418521	0.00992108	0.00499313	0.00650215	0.29445	0.0414393	0.00496998	0.0239326	0.00473077	0.0720786	0.041679	0.0226194	0.00480244	0.0104684	0.0165111	0.0168469	0.0115459	0.0143775	0.108153	0.248126
76	0.129989	0.0240956	0.00358788	0.000910592	0.000551719	0.712618	0.000600028	0.00105703	0.0013113	0.0012497	0.00525971	0.0014076	0.00113093	0.00112044	0.00618362	0.07327	0.0208888	0.0138962	0.000249809	0.000622049
77	0.0615061	0.00493396	0.0954649	0.136174	0.00334501	0.0628877	0.099518	0.00430239	0.0362487	0.0387614	0.0768972	0.0725087	0.00419672	0.12207	0.0349534	0.0529869	0.0262996	0.00638274	0.000930791	0.0596315
78	0.0478034	0.0104283	0.00888453	0.0215408	0.00492241	0.00642448	0.00849967	0.0352204	0.121726	0.0780414	0.0188499	0.0144207	0.00657645	0.0732	0.455429	0.019628	0.0283761	0.0256511	0.00710639	0.00727125
79	0.0447125	0.0140695	0.000268242	0.00134418	0.0460963	0.00147887	0.00408353	0.224964	0.00175967	0.379574	0.0597944	0.00761066	0.00280318	0.00609411	0.00319538	0.0133949	0.0298769	0.147479	0.00136969	0.0100307
80	0.347788	0.0262394	0.0185883	0.0476833	0.0208953	0.0293303	0.0146549	0.0295635	0.0677325	0.0262295	0.0142263	0.0275329	0.0102093	0.0344272	0.0402932	0.0610951	0.0537024	0.114623	0.000370878	0.0148144
81	0.02842	0.00981665	0.119995	0.584825	0.000870236	0.0104325	0.00647921	0.00728254	0.00536236	0.00505758	0.00885788	0.0233808	0.0015112	0.110652	0.0302598	0.0247745	0.00926667	0.00658177	0.0047617	0.00141236
82	0.0423267	0.0171444	0.000851087	0.0125598	0.0315688	0.00363678	0.00581344	0.210466	0.00776098	0.338067	0.0930307	0.0138195	0.00500012	0.0115298	0.00837653	0.0198263	0.0368273	0.132541	0.00128423	0.00756992
83	0.537284	0.0518536	0.00063912	0.00113605	0.00429631	0.158447	0.00055065	0.00333854	0.00093017	0.0145985	0.00508041	0.000962147	0.00125526	0.00563188	0.000854297	0.125018	0.049531	0.0360746	0.000221028	0.0022977
84	0.0969736	0.000912297	0.0476121	0.216486	0.000580731	0.0279111	0.0162733	0.00973427	0.101969	0.0118994	0.00432308	0.0546638	0.00510239	0.107785	0.12592	0.0892301	0.0719016	0.00816248	0.000289463	0.00226967
85	0.0483304	0.00204395	0.0096624	0.0229773	0.000949177	0.00388249	0.00320052	0.0081643	0.177173	0.01525	0.00314938	0.00672978	0.00488519	0.0868015	0.569736	0.0100304	0.0173922	0.00443053	0.00421407	0.000997368
86	0.138145	0.116856	0.001816	0.00426417	0.0171889	0.00577687	0.0471396	0.0627256	0.00616096	0.223163	0.0649635	0.0224943	0.00207254	0.0345252	0.0266619	0.0316043	0.0330142	0.077315	0.00950573	0.0746078
87	0.0414215	0.00620503	0.0378983	0.0265066	0.000819964	0.0198752	0.0190026	0.00768057	0.410713	0.00975956	0.00604037	0.0424934	0.00579094	0.08099	0.154935	0.0603214	0.0445652	0.0236666	0.000459219	0.000855557
88	0.155376	0.0444368	0.00734017	0.0117786	0.0121768	0.0177236	0.00731461	0.115899	0.0066989	0.0152759	0.0180958	0.0142429	0.219726	0.011114	0.007569	0.0265092	0.0607674	0.105297	0.0317081	0.11095
89	0.0451511	0.00512461	0.0346508	0.027076	0.000902001	0.0186727	0.0224046	0.00780308	0.41346	0.0105287	0.00519467	0.042664	0.00597087	0.0746418	0.146668	0.0646611	0.0458879	0.0271623	0.000462322	0.000914291
90	0.0475464	0.00739343	0.000417927	0.000649083	0.0253557	0.00160552	0.00108321	0.287324	0.000479756	0.234806	0.0316796	0.000718889	0.000898263	0.000952645	0.00137676	0.00347105	0.0162265	0.328927	0.00322465	0.00586351
91	0.00795572	0.0122731	0.0031938	0.00107848	0.177381	0.00129144	0.00368444	0.0588335	0.000726278	0.520777	0.0981752	0.00225566	0.000876027	0.00113861	0.00107938	0.00355216	0.0156024	0.0735598	0.00261702	0.0139489
92	0.473244	0.0630515	0.00105271	0.00263779	0.0121684	0.141032	0.000905106	0.0132259	0.00166177	0.0232367	0.0167867	0.00184756	0.0056447	0.0055326	0.00148654	0.100684	0.0705733	0.0580611	0.000305598	0.00686139
93	0.0442818	0.0184743	0.00023627	0.00155576	0.0458311	0.00141182	0.00453624	0.208754	0.00227351	0.373321	0.062	0.0087805	0.00405663	0.00784968	0.00280136	0.0145814	0.0410091	0.147189	0.000837294	0.0102196
94	0.121741	0.0409769	0.00161551	0.00403835	0.00126559	0.00533414	0.000585826	0.137323	0.000789655	0.0809438	0.0379411	0.00191592	0.0116162	0.00620755	0.00344401	0.0233748	0.0759185	0.442876	0.000292077	0.00179958
95	0.0165467	0.00635275	0.00536677	0.00682784	0.0290899	0.00769485	0.412839	0.0085677	0.00592069	0.0100698	0.0540476	0.0090257	0.00448184	0.378646	0.00526636	0.0134139	0.0108408	0.00896938	0.00189948	0.00413198
96	0.198707	0.0268108	0.00311406	0.00132177	0.00121201	0.614644	0.000607865	0.001931	0.00161636	0.00350244	0.00503542	0.00182298	0.00103002	0.00238074	0.00528721	0.0870216	0.0249168	0.0177688	0.000238025	0.00103182
97	0.0148084	0.00328721	0.776061	0.128498	0.0012673	0.00243136	0.00161918	0.00237965	0.00295693	0.00269887	0.0122232	0.00604873	0.0013428	0.00626901	0.00410194	0.0146838	0.0143526	0.00298189	0.000524923	0.00146324
98	0.136723	0.0107527	0.002107	0.0038754	0.00622352	0.0655738	0.00312816	0.00690618	0.0026997	0.0106906	0.0102706	0.0286709	0.0203001	0.00508307	0.00346661	0.344207	0.323824	0.0123561	0.00104732	0.00209325
99	0.184195	0.0152984	0.001428	0.00225696	0.00577477	0.0671358	0.00146298	0.00364264	0.00205193	0.00838591	0.00890293	0.015676	0.0163135	0.00311653	0.00250664	0.36138	0.287123	0.0112387	0.000623402	0.00148647
100	0.137882	0.00639138	0.00119227	0.00213184	0.00492481	0.075077	0.00185939	0.00242665	0.00150398	0.00827813	0.00848127	0.0255434	0.0146054	0.002434	0.00235088	0.333458	0.362884	0.00680381	0.000513741	0.00125763
101	0.154038	0.0113482	0.00151615	0.00194598	0.00504237	0.12209	0.00132819	0.00316321	0.00181207	0.00896892	0.00960218	0.0200603	0.0147508	0.00280516	0.00260298	0.312918	0.314713	0.00969097	0.000516726	0.00108705
102	0.09219	0.0346146	0.00153218	0.00442127	0.000627771	0.00198027	0.000517709	0.127234	0.000552091	0.0924973	0.0427815	0.00188258	0.0122474	0.00741152	0.00452411	0.0237663	0.0889088	0.461517	0.000219869	0.000574538
103	0.0705355	0.0812847	0.00185078	0.0100065	0.017851	0.00558643	0.0434111	0.0404429	0.0192371	0.320836	0.0678894	0.0236488	0.0014463	0.025616	0.0818187	0.0120116	0.0140225	0.0995887	0.0205318	0.0423841
104	0.0344767	0.0122306	0.0182995	0.0173736	0.00831538	0.0301786	0.111206	0.0214177	0.0119058	0.0213422	0.0188043	0.243414	0.028338	0.126399	0.014447	0.205206	0.0365934	0.0228496	0.00361247	0.0135906
105	0.0846171	0.0021832	0.0409546	0.0335066	0.00292136	0.0171959	0.0186209	0.00281248	0.0242361	0.00266302	0.00316959	0.0387075	0.536668	0.0558105	0.0306495	0.0639394	0.035598	0.00299059	0.000665298	0.00209071
106	0.0413603	0.00944014	0.000298645	0.00090286	0.0477469	0.0012681	0.00314931	0.258714	0.0011976	0.365912	0.0553883	0.00450462	0.00164415	0.00373888	0.00328774	0.00787135	0.0192971	0.161818	0.00247695	0.00998352
107	0.161539	0.000740906	0.145256	0.274111	0.00052455	0.0274841	0.00714322	0.00618721	0.114368	0.00879286	0.00118739	0.0177363	0.0164101	0.07673	0.0882401	0.0297655	0.00663306	0.0113963	0.000251992	0.00550365
108	0.206979	0.00116321	0.0480344	0.196152	0.00105808	0.108003	0.0277461	0.00169707	0.0375003	0.00655338	0.00165559	0.0231298	0.00545796	0.091897	0.0255368	0.12142	0.0412104	0.0495041	0.000344118	0.00495709
109	0.0314584	0.0024189	0.000548735	0.000694269	0.0481724	0.00130667	0.00205051	0.332001	0.000593826	0.328518	0.0381909	0.000918643	0.000510493	0.00109699	0.00415256	0.00189163	0.00763564	0.183539	0.00485699	0.00944501
110	0.129864	0.0241106	0.00356992	0.00090873	0.00055191	0.712965	0.000599001	0.00105879	0.00130016	0.00122387	0.00526769	0.00135961	0.0010814	0.0011128	0.00616955	0.073143	0.0209132	0.013932	0.000246522	0.000621488
111	0.161539	0.000740906	0.145256	0.274111	0.00052455	0.0274841	0.00714322	0.00618721	0.114368	0.00879286	0.00118739	0.0177363	0.0164101	0.07673	0.0882401	0.0297655	0.00663306	0.0113963	0.000251992	0.00550365
112	0.0407815	0.00673004	0.000370315	0.000889225	0.0472665	0.00121449	0.00300162	0.281654	0.000851787	0.354422	0.0500072	0.00334871	0.00110348	0.00290856	0.00400999	0.00586188	0.0150488	0.166292	0.00304902	0.0111888
113	0.00679162	0.00265101	0.266205	0.0335147	0.00189599	0.397371	0.00259784	0.00323173	0.0137145	0.00389582	0.00373029	0.198257	0.00190365	0.0348958	0.0025998	0.01633	0.00448996	0.00365158	0.000755444	0.00151736
114	0.37987	0.108388	0.00236268	0.00240242	0.0070215	0.0563547	0.000677516	0.0450973	0.000855077	0.0488599	0.0435936	0.00207347	0.0110584	0.00176441	0.00097362	0.0574271	0.0844815	0.140856	0.000361262	0.00552213
115	0.00869531	0.0137107	0.00325655	0.000841369	0.173297	0.000896835	0.00376828	0.064612	0.00062833	0.553432	0.10555	0.00204394	0.00079206	0.000975816	0.000815625	0.00209822	0.0141273	0.0317333	0.00280974	0.0159146
116	0.0185972	0.00576257	0.00261059	0.00373683	0.259316	0.00380285	0.00878912	0.0505327	0.00281012	0.208864	0.0565754	0.00488845	0.00223712	0.0118871	0.0055705	0.110435	0.0716087	0.103178	0.00873222	0.0600656
117	0.042079	0.00519378	0.000363014	0.000686535	0.0384045	0.00116991	0.00189721	0.307057	0.000583792	0.282778	0.0400179	0.00115194	0.000776883	0.00116168	0.00264582	0.00321179	0.012651	0.245781	0.00343818	0.00895145
118	0.0910292	0.0344012	0.00146509	0.00432518	0.000885577	0.00194602	0.000543957	0.128416	0.000559702	0.0940976	0.0416169	0.00187373	0.012014	0.00717718	0.0043835	0.0238425	0.0869099	0.463683	0.000223662	0.000606057
119	0.0153297	0.00347054	0.767181	0.128078	0.00125531	0.00305541	0.00176155	0.00277687	0.00332918	0.00329496	0.0125307	0.00736197	0.00146439	0.00704247	0.00432019	0.016988	0.0153973	0.00317123	0.000545524	0.00164569
120	0.338993	0.105344	0.00120018	0.0020345	0.00571904	0.0389177	0.00100327	0.0148305	0.00122623	0.0129314	0.0428686	0.00175484	0.0169188	0.00237853	0.00128224	0.0842957	0.257155	0.0691026	0.000374799	0.00166884
121	0.0905209	0.0343526	0.00726327	0.0378576	0.00728696	0.0081675	0.00360363	0.122449	0.00627739	0.0804059	0.0555625	0.0103258	0.013043	0.013134	0.0106032	0.0305669	0.109509	0.350311	0.00270848	0.00605119
122	0.377322	0.0998356	0.00159003	0.00209722	0.00622051	0.0563657	0.000922731	0.0211873	0.00127762	0.0216414	0.0376375	0.00173043	0.0135484	0.00279742	0.00135664	0.0784638	0.186854	0.0853796	0.000359238	0.00341205
123	0.292118	0.0195042	0.00112729	0.00292643	0.00472073	0.0925218	0.000941366	0.00430373	0.00268198	0.00888178	0.00488479	0.0104729	0.00763257	0.00493067	0.00159525	0.332789	0.191357	0.0150187	0.000371208	0.00122086
124	0.040739	0.014963	0.000396047	0.0013286	0.0540662	0.00136306	0.0043562	0.204184	0.00169373	0.414263	0.0615419	0.00752841	0.00253143	0.00605828	0.00298057	0.0121509	0.0292681	0.128211	0.00123905	0.0111376
125	0.129864	0.0241106	0.00356992	0.00090873	0.00055191	0.712965	0.000599001	0.00105879	0.00130016	0.00122387	0.00526769	0.00135961	0.0010814	0.0011128	0.00616955	0.073143	0.0209132	0.013932	0.000246522	0.000621488
126	0.315835	0.0541836	0.00268792	0.0028127	0.00567021	0.332002	0.00108298	0.0147596	0.00242485	0.0163631	0.0243824	0.00211833	0.00557435	0.00346642	0.00340603	0.0766091	0.0751485	0.0576567	0.000266037	0.00355029
127	0.109127	0.0406741	0.0118349	0.0412818	0.00450551	0.00562951	0.00156435	0.102196	0.00286444	0.0659445	0.0762963	0.0125246	0.0106005	0.0153601	0.0121683	0.0337857	0.131555	0.318007	0.00252209	0.00155833
128	0.10205	0.00123846	0.152345	0.230868	0.00213792	0.00561834	0.0135419	0.00470253	0.0246049	0.0102775	0.0128735	0.0131666	0.279948	0.0595804	0.00760237	0.0422993	0.0183161	0.0176734	0.00034494	0.000810441
129	0.036972	0.010754	0.000441488	0.00108793	0.0563692	0.00160428	0.00346515	0.22638	0.00151815	0.362921	0.0540488	0.00570566	0.0021593	0.00455668	0.00286954	0.00952549	0.027262	0.181672	0.00187034	0.00881756
130	0.0980137	0.0334863	0.00205761	0.00626823	0.000817279	0.00203635	0.00060465	0.127291	0.00073177	0.0885145	0.0540875	0.00237824	0.0124574	0.00855421	0.00433868	0.0245223	0.0892048	0.443571	0.000302638	0.000761963
131	0.118623	0.00353592	0.242292	0.252987	0.000893369	0.0221585	0.00756478	0.00600238	0.077967	0.00823884	0.00437648	0.0255247	0.0167671	0.0727342	0.0695736	0.0377813	0.0169171	0.0102587	0.000989085	0.00481529
132	0.160985	0.000736852	0.144933	0.274052	0.000522645	0.0275895	0.00718948	0.00618563	0.114336	0.0087871	0.00119206	0.0178629	0.0163279	0.0769405	0.0884845	0.0299306	0.00681611	0.011372	0.000252787	0.00550337
133	0.0756171	0.0216474	0.00201162	0.00906911	0.0854072	0.00599355	0.0227591	0.0843222	0.00482958	0.24582	0.0997131	0.00943818	0.0019253	0.0467068	0.0208995	0.0245934	0.0379556	0.0807381	0.0736247	0.046929
134	0.0268334	0.00845897	0.0617809	0.0789206	0.00103835	0.398261	0.0313819	0.00172326	0.0960999	0.00622701	0.00653808	0.108214	0.0010117	0.0759435	0.0215892	0.0649302	0.00253808	0.0020189	0.000496699	0.00599405
135	0.0483587	0.00833576	0.000649468	0.000910963	0.0231328	0.00186662	0.000767644	0.341052	0.000608325	0.158695	0.0247291	0.00093069	0.000755035	0.00101479	0.000851119	0.00518167	0.0127288	0.363128	0.00200198	0.0043013
136	0.0216909	0.00575686	0.710016	0.116985	0.00190866	0.00897318	0.00354055	0.00374232	0.00647379	0.00429207	0.0131794	0.017836	0.00549794	0.0130187	0.00907605	0.0305481	0.018634	0.00561171	0.000849347	0.00236956
137	0.303794	0.0761924	0.00263257	0.00235622	0.00667128	0.0401253	0.00119297	0.114087	0.00133225	0.0660575	0.0372661	0.00265497	0.00740299	0.00240871	0.00173676	0.0336925	0.0357825	0.254128	0.000590758	0.00989469
138	0.260537	0.0723364	0.00227417	0.00206254	0.00336564	0.0291905	0.000904632	0.109346	0.000977924	0.0721963	0.0366242	0.00220923	0.00832961	0.00300457	0.00199333	0.0309712	0.0467616	0.310594	0.000431889	0.00588953
139	0.0189108	0.00906792	0.00404948	0.00714604	0.258628	0.00699766	0.00874283	0.0692512	0.00513216	0.120584	0.038085	0.00992438	0.00346265	0.0114977	0.00670048	0.14772	0.0716056	0.0857196	0.00683757	0.109937
140	0.186033	0.0155109	0.00116607	0.00168392	0.00538267	0.0672261	0.00114461	0.00254154	0.00129959	0.00614496	0.00730596	0.0131183	0.0125062	0.00202037	0.00169308	0.376127	0.286182	0.0115611	0.000395237	0.000957139
141	0.162966	0.0266698	0.00330226	0.000933496	0.000764355	0.666776	0.000607518	0.00131467	0.00131907	0.00215693	0.00483577	0.0014223	0.000989147	0.00162585	0.00567495	0.0795923	0.0230676	0.0150184	0.00024514	0.000718779
142	0.141304	0.00767632	0.00115629	0.00169733	0.00509211	0.0760399	0.00131167	0.00214585	0.00134631	0.0101064	0.00988988	0.0190255	0.0175372	0.00221649	0.0018152	0.346063	0.347022	0.00691182	0.000450327	0.0011911
143	0.0213038	0.00737714	0.00776167	0.0114899	0.0268394	0.0141902	0.343893	0.0100046	0.0118023	0.0124827	0.0498371	0.0194698	0.00562765	0.387378	0.0130296	0.0224345	0.015032	0.012189	0.00264735	0.00521004
144	0.0472784	0.00809553	0.0341689	0.0327117	0.00419689	0.0230708	0.0178507	0.0151295	0.39429	0.017624	0.0140191	0.0388455	0.011159	0.0648254	0.131323	0.0552156	0.0540126	0.0281548	0.00159921	0.00643009
145	0.446422	0.081259	0.00144468	0.00246684	0.0059116	0.109551	0.000892487	0.0313082	0.00163335	0.0322123	0.0246298	0.00214265	0.00590167	0.00446256	0.001476	0.086906	0.0601108	0.0961163	0.000357859	0.00479546
146	0.0347328	0.00915387	0.000565476	0.00103165	0.0581081	0.00115804	0.00318282	0.249487	0.0010688	0.392648	0.0562509	0.00433447	0.00161393	0.00365154	0.0032672	0.00678157	0.0179821	0.141509	0.0028711	0.0106017
147	0.0368109	0.0161273	0.00379088	0.00607793	0.00221241	0.264344	0.00302254	0.00388071	0.00433088	0.0059337	0.00429596	0.241136	0.00362535	0.00523437	0.00452295	0.378413	0.00805106	0.00504863	0.00102832	0.00211286
148	0.543997	0.0500488	0.00065681	0.000961855	0.00390088	0.163488	0.000573446	0.00212391	0.000898929	0.0128455	0.0030402	0.00097737	0.000543894	0.00568253	0.000917523	0.129296	0.0461656	0.0314524	0.000223123	0.00220527
149	0.18023	0.0412167	0.00719156	0.00698826	0.0049588	0.0170005	0.00471223	0.0297215	0.00665677	0.00861781	0.0311246	0.00979472	0.319073	0.00569249	0.00485695	0.10745	0.154359	0.0484376	0.00328731	0.00863077
150	0.11657	0.00616262	0.0266895	0.0216736	0.00236903	0.0066164	0.00702411	0.00447193	0.022024	0.0020993	0.00355644	0.00713784	0.650214	0.0191026	0.0141737	0.0612703	0.0217616	0.00450266	0.000783038	0.00179745
151	0.129831	0.023529	0.00473729	0.00196732	0.000618228	0.702921	0.00118435	0.00140929	0.00244471	0.00148909	0.00528548	0.00482223	0.00125661	0.00196755	0.00624782	0.07486	0.0207697	0.0137199	0.000232182	0.000706866
152	0.0552897	0.0170615	0.000737827	0.00233154	0.0379243	0.00271511	0.00519286	0.180551	0.00250656	0.393061	0.0555816	0.0103532	0.0041718	0.00791132	0.00313073	0.0336112	0.0580285	0.120508	0.000381028	0.00895093
153	0.502754	0.0474802	0.00103593	0.00163073	0.00355588	0.126884	0.000866642	0.00269631	0.00144685	0.0103356	0.00276084	0.00221075	0.00197543	0.00548176	0.00135826	0.206885	0.0540347	0.0246207	0.000284113	0.00170288
154	0.042939	0.0188716	0.00317525	0.00666996	0.0451229	0.00569989	0.00634238	0.159055	0.00479143	0.383445	0.0865985	0.0123906	0.027438	0.0144641	0.00638792	0.0221812	0.0362943	0.106323	0.00175952	0.0100502
155	0.0343368	0.00288105	0.000414988	0.000581391	0.046671	0.00123358	0.00189971	0.336767	0.000530342	0.297173	0.0372659	0.000801526	0.000556323	0.000958397	0.00327468	0.0021521	0.00860544	0.211353	0.00407765	0.008466
156	0.162675	0.00889457	0.00116982	0.00159378	0.00608794	0.0691149	0.00107742	0.00191156	0.0012423	0.00691111	0.00720685	0.0151288	0.0131444	0.00192996	0.00164735	0.381055	0.31036	0.00744864	0.000419647	0.000980227
157	0.0375135	0.00688819	0.000505805	0.00101051	0.0750594	0.00131159	0.00371581	0.275946	0.00113714	0.326959	0.0543882	0.00455642	0.00131801	0.00316035	0.00342742	0.00646205	0.0162866	0.164448	0.00305086	0.0128549
158	0.0300038	0.0145054	0.0028287	0.00504345	0.00215432	0.236513	0.0029023	0.00400282	0.00313621	0.00538023	0.00411463	0.251935	0.00247886	0.00450073	0.00331203	0.411923	0.0070352	0.00523507	0.000947055	0.00204866
159	0.0997749	0.00132773	0.186722	0.27375	0.00148598	0.00674567	0.016716	0.00610304	0.0303678	0.0119684	0.0138606	0.0149273	0.180135	0.0633505	0.00496954	0.0482125	0.0187536	0.0196041	0.00034937	0.000876103
160	0.0511535	0.00129887	0.00584717	0.0225178	0.000966964	0.00169105	0.000942629	0.00818172	0.142075	0.0142569	0.00158285	0.00181874	0.00471021	0.0861051	0.632416	0.00277613	0.0139995	0.00189097	0.00478441	0.000984848
161	0.242865	0.0449905	0.00346887	0.00823441	0.117178	0.0171274	0.0147521	0.0642576	0.00487029	0.0944477	0.0682474	0.0100181	0.00857077	0.0177581	0.0101443	0.0332821	0.0399264	0.118247	0.0132373	0.0683766
162	0.0927002	0.0281158	0.00251225	0.114947	0.0114139	0.00555967	0.00442598	0.130982	0.0242542	0.158918	0.116193	0.00674802	0.00260172	0.028085	0.0371471	0.0250561	0.0283055	0.149913	0.0304865	0.0016354
163	0.0212861	0.0077055	0.00589836	0.00705596	0.00443569	0.0338943	0.0441505	0.0384757	0.00595194	0.037275	0.00839779	0.135988	0.0452554	0.0420933	0.00717143	0.426847	0.0807017	0.0407283	0.00195139	0.00473663
164	0.0391386	0.010663	0.00277218	0.00321317	0.294429	0.0252612	0.00286627	0.0176018	0.00311709	0.0735435	0.0396442	0.0260774	0.00283124	0.00434415	0.0174664	0.0135887	0.00635611	0.010737	0.0827143	0.323635
165	0.060366	0.0365016	0.00370056	0.0124374	0.204726	0.0136484	0.0164187	0.0281553	0.00471232	0.0766371	0.0338184	0.0367366	0.00580515	0.0155836	0.0126186	0.0437718	0.0192169	0.0502669	0.0336782	0.291201
166	0.00765132	0.0149324	0.00338519	0.000846942	0.187887	0.00104621	0.00426112	0.0532485	0.000668985	0.547784	0.108086	0.00200464	0.000826839	0.00102831	0.000822656	0.00213196	0.016213	0.0280534	0.00425668	0.0148647
167	0.015544	0.0034503	0.7693	0.127567	0.0013504	0.00339858	0.00195798	0.0023666	0.00322568	0.00307169	0.0126606	0.00684471	0.00287522	0.00690232	0.00425098	0.0152725	0.0145898	0.00332861	0.000558583	0.00148496
168	0.0468553	0.0177632	0.000248544	0.00158123	0.0449639	0.00160257	0.00510722	0.19442	0.00212026	0.403102	0.0624971	0.0101038	0.00355633	0.00825935	0.00304635	0.0163595	0.0378309	0.129534	0.000540341	0.0105077
169	0.118065	0.00343317	0.0120863	0.0221352	0.0115704	0.0952685	0.00227001	0.0314919	0.0421015	0.067873	0.00443353	0.158428	0.0210517	0.013228	0.0451357	0.185486	0.159689	0.00386071	0.000674873	0.00171667
170	0.0728391	0.0717709	0.0101565	0.0276725	0.0668384	0.0181993	0.0336424	0.0793	0.0165221	0.0613188	0.0294225	0.089396	0.0192785	0.0280568	0.0208858	0.0409503	0.0321624	0.0450492	0.0140843	0.222454
171	0.0199994	0.00744334	0.00918682	0.0161518	0.0252535	0.0110964	0.406279	0.00907362	0.0121535	0.0165306	0.0482775	0.0172238	0.00572674	0.322435	0.0123016	0.0203392	0.0145095	0.0117638	0.0025771	0.011677
172	0.0392739	0.0177681	0.00974538	0.0468157	0.0328152	0.0143119	0.241646	0.02107	0.0221332	0.0947992	0.0239956	0.05102	0.0115328	0.0256358	0.0729141	0.0257741	0.0378431	0.0249308	0.00818706	0.177788
173	0.132442	0.0454572	0.00815137	0.0121149	0.0162022	0.0351873	0.0103671	0.0332364	0.00726236	0.0451055	0.0660201	0.0268976	0.0188156	0.0138282	0.0114298	0.100546	0.339856	0.0659391	0.00291487	0.00822709
174	0.300888	0.0658393	0.00455631	0.0219264	0.0228057	0.076241	0.00330394	0.069652	0.0074258	0.0386502	0.0479637	0.00659744	0.0363995	0.00709417	0.00565913	0.0389595	0.0979046	0.120001	0.00291014	0.0252226
175	0.184485	0.0534406	0.0056898	0.00681565	0.00386913	0.0167605	0.00545003	0.0131454	0.00542487	0.00963014	0.0135458	0.0120188	0.237676	0.00770027	0.00530528	0.261576	0.129636	0.0192045	0.00278193	0.00584423
176	0.10498	0.0367895	0.00165934	0.00458667	0.000877223	0.00332487	0.000563604	0.129877	0.000709536	0.0853948	0.0416529	0.00191034	0.0133776	0.0068317	0.00386225	0.0282371	0.0889919	0.445297	0.000280856	0.000794612
177	0.0349804	0.0146096	0.0032956	0.00347515	0.00209589	0.00628877	0.0104905	0.0412332	0.00259543	0.0305592	0.00447707	0.207122	0.0564612	0.0186976	0.00330533	0.202976	0.323775	0.0304434	0.000954635	0.00216369
178	0.203162	0.018783	0.00467332	0.00614074	0.00356157	0.117007	0.00347277	0.00726526	0.00856819	0.14745	0.0366406	0.131244	0.0444276	0.00610798	0.0181429	0.123349	0.11024	0.00576076	0.00129683	0.00270631
179	0.0455197	0.0179964	0.000275456	0.00170642	0.0441281	0.00170358	0.00643895	0.187065	0.00224721	0.405684	0.0612968	0.0118008	0.00392576	0.0091509	0.00340609	0.017646	0.0424677	0.126272	0.000277424	0.0109913
180	0.0399323	0.00981219	0.00285047	0.00307424	0.303135	0.0263797	0.00270644	0.0177283	0.00291904	0.0730411	0.0412842	0.023935	0.00279804	0.00436891	0.0162085	0.0128744	0.00626505	0.00979087	0.0843244	0.316572
181	0.544447	0.0498795	0.000650902	0.000957276	0.00389584	0.163422	0.000573293	0.00208015	0.000856734	0.0128681	0.00304382	0.000960033	0.000544804	0.00568448	0.000914718	0.129352	0.0461606	0.0313465	0.000224665	0.002138
182	0.0452926	0.0182025	0.000398716	0.00175144	0.0516812	0.00179798	0.00522432	0.177282	0.00211503	0.417962	0.0647482	0.0102827	0.00383365	0.00812173	0.00300353	0.0184845	0.0395078	0.118809	0.000462783	0.0110381
183	0.0219241	0.00854062	0.0103859	0.0696949	0.00592461	0.0120587	0.272865	0.0117385	0.0350558	0.0579992	0.013214	0.0719558	0.00676985	0.0151434	0.150332	0.018608	0.0460366	0.0119006	0.00217657	0.157676
184	0.0701991	0.00562442	0.0355528	0.534833	0.00196189	0.0117962	0.00608807	0.0097897	0.03401	0.0197437	0.0211473	0.0224415	0.00500399	0.115031	0.0328478	0.0133416	0.0301657	0.0130628	0.0121185	0.00524106
185	0.544447	0.0498795	0.000650902	0.000957276	0.00389584	0.163422	0.000573293	0.00208015	0.000856734	0.0128681	0.00304382	0.000960033	0.000544804	0.00568448	0.000914718	0.129352	0.0461606	0.0313465	0.000224665	0.002138
186	0.0407397	0.00910827	0.000457081	0.00099381	0.0544456	0.00130996	0.00329093	0.256142	0.00109256	0.36952	0.0537186	0.00457865	0.00151996	0.00368469	0.00329201	0.00814844	0.0190409	0.155849	0.00267006	0.0103973
187	0.0948511	0.0232956	0.0742691	0.0680297	0.00437624	0.0412735	0.00326476	0.0326937	0.0261077	0.0599498	0.0066398	0.00701526	0.003862	0.0251435	0.243113	0.185311	0.0291385	0.0665058	0.00129257	0.00386749
188	0.0441867	0.0187326	0.00166236	0.0657526	0.00445842	0.00941585	0.00860678	0.184628	0.0164141	0.240775	0.126131	0.0126547	0.0056617	0.0246034	0.0331115	0.0203105	0.0141339	0.158399	0.00902863	0.00133334
189	0.0383033	0.00356928	0.000380364	0.000540636	0.0445345	0.00114677	0.00236063	0.312635	0.000533846	0.307408	0.0428885	0.000898214	0.000601171	0.00107577	0.00325497	0.00215198	0.00972589	0.214534	0.00391023	0.0095472
190	0.0837704	0.00331639	0.0641793	0.425924	0.00101044	0.0257174	0.0146497	0.00624768	0.0573804	0.0184956	0.0111111	0.0431219	0.00811805	0.106895	0.0517157	0.025819	0.0300682	0.0075406	0.0041805	0.0107388
