280	20
1	0.0403608	0.00452768	0.0786164	0.127212	0.00414953	0.0204904	0.0492749	0.00734745	0.120431	0.0119206	0.00404243	0.110068	0.00290762	0.0918826	0.168408	0.0768086	0.0507949	0.0160189	0.000811462	0.0139281
2	0.0930416	0.00608227	0.000877572	0.00136323	0.0605922	0.0243895	0.00165817	0.201121	0.000689466	0.311116	0.0456433	0.00164346	0.00158747	0.000865527	0.00323347	0.0242709	0.0782297	0.137144	0.00325394	0.00319708
3	0.216242	0.0268387	0.00107237	0.00133775	0.00232661	0.442834	0.000935663	0.0066958	0.000698732	0.00622184	0.00893206	0.0123859	0.00102359	0.00489905	0.00454153	0.200912	0.0335326	0.0243435	0.000642829	0.00358369
4	0.0229751	0.00728273	0.00094623	0.00121334	0.0951091	0.00499779	0.00173042	0.225383	0.000573441	0.395173	0.0630889	0.00124321	0.00218076	0.000477085	0.00140383	0.0143475	0.0166635	0.123687	0.00422431	0.0172995
5	0.0190265	0.00751204	0.000642018	0.00186376	0.141895	0.00556996	0.00298806	0.176351	0.000523355	0.41208	0.0865885	0.000793947	0.000816561	0.000805659	0.0025966	0.0184876	0.0110445	0.0750965	0.00714812	0.02817
6	0.102445	0.00793499	0.0010348	0.00126376	0.0500002	0.062181	0.00137646	0.187796	0.00110202	0.289906	0.0463096	0.00151217	0.0024735	0.0020527	0.00268632	0.0290443	0.0661999	0.138216	0.00355744	0.00290704
7	0.0305181	0.00443913	0.00170654	0.00240804	0.0329124	0.00658367	0.00196714	0.362584	0.00227389	0.199668	0.053075	0.00640458	0.00356187	0.00122114	0.000994618	0.0137927	0.0511819	0.217951	0.00160715	0.00514986
8	0.0656771	0.0084624	0.000854043	0.000907593	0.0630896	0.0173595	0.00105384	0.219997	0.000445229	0.348178	0.0414465	0.000774886	0.00260536	0.000651031	0.00200012	0.0183371	0.0501206	0.151092	0.00228227	0.00466649
9	0.268115	0.011694	0.00251813	0.00178629	0.0604215	0.170156	0.00132377	0.0956325	0.00121438	0.0969357	0.0338057	0.00659873	0.00647087	0.00495982	0.00159656	0.0656933	0.0562026	0.086741	0.0133645	0.0147692
10	0.0231399	0.00334276	0.00175015	0.00173047	0.0427306	0.00679825	0.00107208	0.372577	0.00146805	0.232295	0.0484141	0.00545328	0.00313795	0.000630425	0.000683744	0.0116163	0.0365469	0.198401	0.00257959	0.00563279
11	0.1577	0.0345857	0.00527458	0.00509758	0.0833859	0.173091	0.0051592	0.0918646	0.00391522	0.148046	0.0531283	0.0101184	0.00797485	0.00955271	0.00466236	0.0559173	0.0395595	0.0809834	0.0101299	0.0198532
12	0.218334	0.0269114	0.00186088	0.00168289	0.00293155	0.42028	0.000933081	0.0077837	0.000707378	0.00701062	0.00823449	0.0120474	0.00121989	0.00475449	0.00470158	0.212239	0.0392006	0.0249166	0.000672019	0.00357813
13	0.10158	0.0145216	0.00163792	0.00148722	0.0227879	0.160265	0.00121501	0.153677	0.00213131	0.256288	0.0431713	0.00251573	0.00423979	0.00424278	0.00140723	0.0472425	0.0351232	0.140373	0.00295789	0.00313435
14	0.0208385	0.00748207	0.000652262	0.00177285	0.140445	0.00586775	0.00266054	0.178947	0.00051873	0.41247	0.0814279	0.000828789	0.000994041	0.000750858	0.00248904	0.0189427	0.011401	0.0777864	0.00661786	0.0271067
15	0.251856	0.0269436	0.00559591	0.00359119	0.0061145	0.294108	0.00109275	0.0191111	0.000846128	0.0118136	0.00815972	0.00898983	0.00233382	0.00411728	0.00436757	0.243923	0.0706622	0.031119	0.000969868	0.00428473
16	0.0236852	0.00338958	0.00157043	0.00185267	0.0381208	0.00582107	0.00113536	0.376095	0.00201606	0.223285	0.0520178	0.00641691	0.00311349	0.000668453	0.000630088	0.012769	0.0403998	0.199977	0.00176397	0.00527193
17	0.0349447	0.00940074	0.000726861	0.0008833	0.0884033	0.00728708	0.00125957	0.214653	0.000379277	0.39773	0.0564623	0.000700122	0.0024152	0.000407147	0.00130123	0.0149627	0.0218504	0.128812	0.00377466	0.0136459
18	0.223309	0.0259973	0.00196692	0.00183224	0.00247861	0.429512	0.000927519	0.00707786	0.000693993	0.0062916	0.00904814	0.0121537	0.00118362	0.00487987	0.00441921	0.205321	0.0346536	0.024064	0.000665934	0.00352403
19	0.053481	0.00175823	0.125704	0.145436	0.0051136	0.0305181	0.0338272	0.0103668	0.0745071	0.0217128	0.0102818	0.125981	0.0205792	0.0603155	0.0596887	0.105535	0.082116	0.0188065	0.0018797	0.012393
20	0.0231315	0.00721831	0.00468771	0.00695401	0.20058	0.00270144	0.00997854	0.0583205	0.00107026	0.125898	0.0272448	0.00240803	0.00790956	0.0184999	0.0143988	0.0156198	0.00935306	0.0468003	0.028138	0.389087
21	0.105774	0.00529524	0.00274696	0.00411535	0.0624778	0.040934	0.00317763	0.123497	0.00244347	0.131069	0.041707	0.0501886	0.00219277	0.0075121	0.0032691	0.111259	0.173162	0.0733048	0.0280827	0.0277903
22	0.233218	0.0249001	0.00326492	0.00321154	0.00362734	0.411278	0.00140366	0.00790179	0.00106167	0.00774266	0.00907514	0.0139898	0.00208582	0.00519293	0.00488269	0.201972	0.035569	0.0247476	0.000816309	0.00405956
23	0.0442876	0.00793176	0.00170485	0.00655781	0.0221712	0.00489286	0.006607	0.347307	0.00525567	0.110877	0.0426638	0.00652683	0.00802883	0.00368374	0.00163798	0.0124834	0.0626808	0.29676	0.00089037	0.00705142
24	0.050933	0.00318478	0.0272599	0.0941198	0.0122628	0.0272933	0.0349021	0.0386162	0.118854	0.028772	0.0112825	0.0559515	0.0787584	0.0685407	0.132922	0.057429	0.0563006	0.0637981	0.0136982	0.0251214
25	0.0241063	0.00722065	0.00118128	0.00121706	0.0817494	0.00505164	0.00135449	0.249537	0.000628634	0.373795	0.0534449	0.00170617	0.00267994	0.00056099	0.00115332	0.0151321	0.0188084	0.141617	0.00368615	0.0153692
26	0.0714076	0.0095393	0.00250712	0.00724535	0.0211954	0.00790247	0.00689743	0.267568	0.00861774	0.121224	0.037317	0.00413894	0.0147295	0.0055857	0.00424847	0.0174072	0.0692864	0.309258	0.00258251	0.0113415
27	0.0317962	0.00327659	0.0811231	0.0493711	0.00916736	0.0294269	0.053102	0.0113662	0.0460403	0.0269441	0.0196571	0.18964	0.0386078	0.0511934	0.0421955	0.136578	0.136544	0.0198435	0.0016257	0.022502
28	0.12214	0.0112697	0.00354983	0.00671768	0.0491308	0.0165829	0.00419174	0.11761	0.0022629	0.127242	0.0357114	0.0144411	0.00408047	0.00615144	0.0075995	0.116756	0.235688	0.0831881	0.0101581	0.0255281
29	0.0997697	0.0109316	0.0246927	0.0224139	0.0100468	0.0284904	0.0156693	0.0292933	0.0206062	0.0216779	0.00982907	0.0334399	0.131401	0.0166765	0.193342	0.190578	0.10229	0.0291451	0.00259633	0.00711019
30	0.155461	0.00733854	0.0133755	0.00608475	0.0136818	0.0500698	0.0046082	0.192474	0.00867789	0.0753774	0.0245252	0.00572434	0.0262896	0.00716308	0.00472882	0.0347339	0.119837	0.239558	0.00326279	0.00702853
31	0.0195378	0.00221789	0.00172126	0.0029614	0.024604	0.00483035	0.00208489	0.410079	0.00352202	0.152796	0.0686133	0.0111798	0.00325841	0.00132537	0.000859903	0.0133143	0.0501989	0.220223	0.0016337	0.00503813
32	0.216779	0.0105682	0.00701753	0.00484134	0.0273459	0.134039	0.0035552	0.107867	0.00423727	0.0609842	0.0218366	0.009347	0.0390803	0.00849484	0.00401856	0.101466	0.0998285	0.122862	0.00697983	0.00885163
33	0.09282	0.00839077	0.00309209	0.00616295	0.0112032	0.0109017	0.0065931	0.252522	0.0157625	0.0635545	0.030315	0.00547404	0.0287188	0.00796912	0.00394101	0.0174294	0.0869975	0.339079	0.000790175	0.00828298
34	0.0787457	0.00881376	0.00215515	0.00961649	0.0136506	0.0144858	0.00611045	0.264247	0.00935758	0.0863424	0.0502682	0.00666252	0.0118417	0.00602563	0.00326674	0.0264874	0.0817891	0.311496	0.00150142	0.00713621
35	0.116233	0.00795764	0.000989414	0.00196639	0.0281797	0.0268891	0.00112167	0.214701	0.00127977	0.137733	0.0716809	0.0139122	0.00155491	0.00137522	0.00136886	0.0792118	0.155665	0.127963	0.00716613	0.00305116
36	0.216683	0.0267331	0.00106403	0.00130888	0.00252659	0.442551	0.000926253	0.0067818	0.000696999	0.00634108	0.0089557	0.0123606	0.00101742	0.0048789	0.00446785	0.200395	0.0334541	0.024552	0.000700614	0.00360518
37	0.226456	0.0229148	0.00445378	0.0111238	0.0141453	0.336907	0.00472968	0.0228143	0.0047172	0.0261576	0.0155208	0.013875	0.00500086	0.0074236	0.00638457	0.177425	0.038831	0.0397098	0.0043623	0.0170475
38	0.0198913	0.00755511	0.000641806	0.00156637	0.126149	0.00526358	0.00267374	0.188835	0.000577352	0.416506	0.0803543	0.000829622	0.00109574	0.000654154	0.00214999	0.0166441	0.0117135	0.0862577	0.00617578	0.0244666
39	0.0184054	0.00643034	0.000836357	0.00165048	0.0822356	0.00423506	0.00232195	0.218694	0.00115164	0.458853	0.0563462	0.00121615	0.0015995	0.00116517	0.00177078	0.011633	0.0128571	0.10113	0.00346867	0.0139995
40	0.284825	0.025367	0.0088615	0.00444695	0.0395971	0.23417	0.00237807	0.0445691	0.00156301	0.0463678	0.0224537	0.0110969	0.00467351	0.00653995	0.00378655	0.138376	0.0442147	0.0538048	0.0090396	0.013869
41	0.213746	0.0258399	0.00180584	0.00305741	0.00356374	0.424656	0.00134012	0.00994654	0.00126726	0.00938358	0.010095	0.0144281	0.00302078	0.00534464	0.00509414	0.198761	0.0363774	0.0268443	0.00106647	0.00436166
42	0.0692623	0.0106343	0.0113197	0.0205867	0.0327985	0.0275465	0.00997382	0.155836	0.008375	0.154096	0.103027	0.0143259	0.0786518	0.015727	0.0161311	0.0867871	0.0659734	0.0998409	0.00635435	0.012753
43	0.0496785	0.001307	0.00118833	0.0141971	0.0857284	0.0121036	0.00687862	0.146873	0.00105769	0.310907	0.0216936	0.00145431	0.0153414	0.00912351	0.0151943	0.0126732	0.0120786	0.199391	0.0527559	0.0303747
44	0.13519	0.00846626	0.00215871	0.00220075	0.0262722	0.0589302	0.00154384	0.200722	0.00238757	0.122847	0.0568335	0.0129976	0.00427013	0.0026844	0.00142683	0.0775399	0.131113	0.137413	0.00993874	0.00506403
45	0.228094	0.0254739	0.00291989	0.00301024	0.00416118	0.410475	0.00136501	0.0101756	0.000811133	0.00856691	0.00916692	0.0119753	0.00200166	0.00546147	0.00465522	0.202447	0.0376445	0.0267688	0.000997904	0.00382856
46	0.097716	0.00588809	0.000765751	0.00136685	0.0591757	0.0253678	0.00161675	0.198534	0.000594884	0.301633	0.0466742	0.00192188	0.00137147	0.00073768	0.0032359	0.0269115	0.0849452	0.13544	0.0033031	0.0027999
47	0.195542	0.0134668	0.00149143	0.00146337	0.0467413	0.163169	0.00113194	0.131966	0.00142704	0.159732	0.042174	0.0040426	0.0100436	0.00413558	0.00150185	0.0529557	0.0358321	0.109584	0.0115788	0.0120214
48	0.163033	0.0196928	0.00358108	0.00386045	0.00673298	0.0208894	0.00336008	0.0764528	0.00288205	0.0578497	0.0209919	0.00512444	0.00583689	0.00369851	0.00745171	0.170739	0.257148	0.161744	0.00236132	0.00656911
49	0.23626	0.0248106	0.00356662	0.00268455	0.00307221	0.406176	0.00112208	0.00777094	0.00073095	0.00704537	0.00844305	0.0123242	0.00217373	0.00488829	0.00468688	0.207626	0.0380214	0.0243406	0.000726772	0.00353069
50	0.0327597	0.00892496	0.000828734	0.00103612	0.0805148	0.00592389	0.000980925	0.224307	0.000320268	0.39631	0.0448334	0.000798061	0.00357669	0.000578497	0.00122628	0.0153205	0.0202479	0.145888	0.00388604	0.011738
51	0.0189768	0.00413832	0.0017282	0.00210076	0.0356637	0.0045938	0.00131745	0.380339	0.00192954	0.21917	0.0471976	0.00648978	0.00331359	0.000806526	0.000724555	0.0122643	0.0381325	0.213831	0.00161424	0.00566931
52	0.320965	0.0182947	0.0105904	0.00731792	0.0059894	0.286394	0.00112508	0.0115088	0.000980967	0.00927076	0.00829025	0.00845569	0.00394212	0.00410352	0.00343651	0.217646	0.0469328	0.03031	0.000929303	0.00351711
53	0.221291	0.0257368	0.00182069	0.00212792	0.00275858	0.423768	0.00118867	0.00787585	0.00087899	0.00751768	0.00896527	0.0120326	0.00124201	0.00482685	0.004529	0.204229	0.0375893	0.0265054	0.000845726	0.00427003
54	0.0839263	0.00674281	0.000759153	0.00113685	0.0618419	0.0208134	0.00142515	0.209935	0.000442157	0.32196	0.0431524	0.00119949	0.00187406	0.000618484	0.00270143	0.0219973	0.0692535	0.144155	0.00272453	0.00334103
55	0.0285566	0.0298672	0.0153995	0.014178	0.103686	0.0182986	0.267565	0.0561451	0.00861783	0.0515039	0.0132329	0.0364283	0.00717185	0.0626996	0.0190031	0.0254947	0.0299656	0.0507185	0.0075182	0.153949
56	0.0535074	0.00909133	0.00889282	0.0235247	0.0819474	0.0157463	0.0592048	0.1008	0.0192001	0.175671	0.0326165	0.0155409	0.0122355	0.0249785	0.0615415	0.0363344	0.0465465	0.146296	0.0207114	0.055614
57	0.023454	0.00710234	0.00471796	0.00685171	0.200397	0.00256902	0.0100068	0.0572104	0.00106981	0.122528	0.0266643	0.00241398	0.00791394	0.0184927	0.0142782	0.0151466	0.0093619	0.0465474	0.0280416	0.395233
58	0.0731736	0.00308291	0.00321399	0.00518307	0.125385	0.0144901	0.00407392	0.0798964	0.00287545	0.198921	0.0258018	0.0176596	0.00335456	0.019051	0.00390748	0.142083	0.164664	0.0357074	0.0235066	0.0539686
59	0.452187	0.00722973	0.030159	0.0192536	0.00831501	0.11184	0.00166905	0.0135292	0.00130288	0.00968175	0.00696657	0.00570675	0.00921947	0.00373445	0.00255046	0.233688	0.0579071	0.0220637	0.000840919	0.00215449
60	0.0496785	0.001307	0.00118833	0.0141971	0.0857284	0.0121036	0.00687862	0.146873	0.00105769	0.310907	0.0216936	0.00145431	0.0153414	0.00912351	0.0151943	0.0126732	0.0120786	0.199391	0.0527559	0.0303747
61	0.150114	0.00895023	0.00291816	0.00537607	0.016903	0.0483963	0.0101154	0.0643139	0.00306269	0.0106983	0.00803487	0.0298116	0.200837	0.0252466	0.00693482	0.282063	0.0573604	0.0636756	0.0017967	0.003391
62	0.156835	0.0797092	0.0151801	0.0135636	0.0236933	0.155109	0.0137309	0.0279302	0.0122852	0.0342294	0.0464878	0.08648	0.00712513	0.0442753	0.0151944	0.120763	0.0480294	0.0374648	0.00773223	0.0541826
63	0.284734	0.0125224	0.00217323	0.00153081	0.0612372	0.19587	0.00108988	0.0805732	0.00101906	0.0797389	0.0346891	0.00588259	0.00627009	0.00467644	0.00138591	0.0692145	0.0399985	0.083696	0.0160046	0.0176934
64	0.0202164	0.0042933	0.00168888	0.00137304	0.0445795	0.00515507	0.000794769	0.358946	0.00115814	0.259218	0.0444473	0.00435526	0.0038222	0.000526411	0.000433035	0.0118659	0.0313019	0.198937	0.00168317	0.00520437
65	0.414875	0.00977728	0.0241775	0.0132671	0.0107877	0.0961323	0.00110089	0.015472	0.000874261	0.0115176	0.00556358	0.00687431	0.00610581	0.00415232	0.00305351	0.283021	0.0694052	0.020599	0.000757191	0.00248629
66	0.183671	0.0187962	0.00283033	0.00486184	0.0081471	0.0183307	0.00474832	0.0872965	0.00401497	0.041727	0.0341494	0.00870093	0.0387442	0.00646149	0.0079369	0.237662	0.196818	0.0860796	0.00176963	0.00725459
67	0.0448986	0.00623209	0.00175935	0.00487658	0.0219073	0.00524618	0.0050007	0.351109	0.00573528	0.115276	0.04664	0.00611822	0.00916065	0.00353265	0.00163707	0.0129516	0.0614324	0.288619	0.000957804	0.00690964
68	0.0974681	0.00616276	0.000799866	0.00158006	0.058295	0.0251803	0.00160917	0.198204	0.000550409	0.298354	0.0472172	0.00200894	0.0013895	0.000733758	0.00320386	0.0279988	0.0863642	0.136754	0.00323616	0.00289062
69	0.121194	0.0090618	0.00682596	0.0634802	0.0395701	0.0452148	0.0381211	0.081547	0.0172635	0.0262653	0.0151541	0.0382989	0.0173347	0.124079	0.0147998	0.10001	0.0843135	0.139175	0.00380934	0.0144827
70	0.232448	0.0245763	0.00344786	0.00441111	0.00689507	0.395064	0.00181478	0.0130027	0.00198564	0.0119185	0.0106161	0.0121881	0.00327299	0.00596228	0.00514311	0.193692	0.0375064	0.0292232	0.00172352	0.00510893
71	0.0377526	0.00935435	0.000711977	0.00126001	0.0869987	0.0080683	0.00149418	0.211787	0.000326278	0.395332	0.0518434	0.000699272	0.00296939	0.000598709	0.00182545	0.0145073	0.023574	0.13085	0.00521849	0.0148284
72	0.0337599	0.00949936	0.00106475	0.000676675	0.0675822	0.00614689	0.000627866	0.244737	0.000356085	0.377861	0.0386637	0.000997645	0.00363847	0.000437804	0.00082647	0.0169883	0.0252906	0.161155	0.00190694	0.00778307
73	0.428841	0.00962869	0.0213696	0.0137882	0.00716234	0.152276	0.00115228	0.0120446	0.000840599	0.00843589	0.00839334	0.00557725	0.00700895	0.0036487	0.00219079	0.234135	0.0587101	0.0220176	0.000725994	0.00205263
74	0.266257	0.0214757	0.00708703	0.0063367	0.00577604	0.345558	0.00134333	0.0106794	0.00112169	0.00899754	0.00860011	0.0119722	0.00366927	0.00522638	0.00428051	0.216521	0.0456723	0.025034	0.000946034	0.00344618
75	0.254366	0.0152012	0.00223518	0.0019199	0.052527	0.180713	0.00175796	0.094645	0.00194576	0.091815	0.040091	0.00878043	0.00623139	0.00457144	0.00142656	0.0709363	0.0486712	0.090467	0.0137452	0.0179539
76	0.0961672	0.00754643	0.00897822	0.075688	0.0202834	0.0186138	0.0167776	0.108626	0.019583	0.0904019	0.0297279	0.018054	0.0520512	0.0529066	0.0233787	0.0437632	0.0850239	0.211278	0.006537	0.0146136
77	0.115583	0.00821323	0.00100926	0.0020044	0.027045	0.0271682	0.00108817	0.215006	0.00140521	0.128533	0.0733064	0.0152121	0.00155194	0.00151891	0.00123347	0.0813601	0.160244	0.127389	0.00781044	0.00331803
78	0.0312516	0.00970552	0.000763718	0.000743838	0.0782304	0.00628296	0.000988254	0.226336	0.000399699	0.404911	0.0475706	0.000756407	0.00292792	0.000421556	0.000930357	0.0145138	0.0195301	0.139378	0.00301074	0.0113475
79	0.0887185	0.000583401	0.121338	0.234907	0.00475114	0.0104147	0.0467796	0.00722375	0.0899849	0.0207206	0.0123745	0.0657202	0.00150413	0.0739692	0.0648177	0.0824968	0.0407788	0.0176261	0.00217176	0.0131189
80	0.0526646	0.00593201	0.00755934	0.0071451	0.03828	0.0496405	0.00440986	0.220601	0.0215689	0.235515	0.078629	0.0100543	0.00683988	0.0233784	0.00453818	0.0288027	0.0407891	0.133583	0.0197411	0.0103279
81	0.101474	0.014521	0.00163889	0.00148151	0.0226412	0.160608	0.00121802	0.153669	0.00213405	0.256369	0.0430455	0.00251654	0.00426764	0.00424584	0.00139818	0.0474123	0.0350636	0.140204	0.00295358	0.00313861
82	0.019947	0.00787652	0.000646909	0.00167268	0.134145	0.00523572	0.00279711	0.182773	0.000521519	0.411951	0.0829863	0.000785821	0.00100507	0.000625771	0.00226363	0.0183471	0.0116105	0.0819764	0.00654297	0.0262891
83	0.0269854	0.00497572	0.00305267	0.00322568	0.0393748	0.00497091	0.00234625	0.353019	0.00227276	0.216406	0.0422544	0.00510617	0.00470123	0.00161602	0.00125434	0.0126026	0.0376327	0.226456	0.00352772	0.00821982
84	0.0376702	0.00444281	0.000903904	0.00803496	0.101283	0.0106483	0.00493908	0.16751	0.000811485	0.365072	0.0448398	0.00119353	0.00798519	0.00491901	0.00855875	0.0141853	0.0124346	0.141978	0.0300223	0.0325677
85	0.097472	0.00568031	0.00100882	0.00203186	0.0611466	0.0234205	0.00221711	0.192315	0.000625939	0.311112	0.0456212	0.00152307	0.00176299	0.000870874	0.004287	0.0240115	0.0813627	0.135432	0.00408686	0.00401181
86	0.0200752	0.00771724	0.00067851	0.00178779	0.13892	0.00553926	0.00335482	0.177943	0.00052589	0.409684	0.087001	0.000784466	0.000863211	0.000742215	0.00262495	0.0177215	0.0125665	0.0781994	0.00712574	0.0261444
87	0.21056	0.0273232	0.00347541	0.00354386	0.00585988	0.016847	0.00156892	0.0574941	0.00147683	0.0464206	0.0185829	0.0037441	0.00494689	0.00283282	0.0076335	0.271633	0.238251	0.0694634	0.000894637	0.00744725
88	0.0195424	0.00241515	0.0405277	0.0618339	0.00866356	0.0156734	0.0442517	0.0173072	0.224407	0.0216977	0.00936356	0.0461774	0.0394083	0.0712743	0.217866	0.0279193	0.0884101	0.0307101	0.00821539	0.00433518
89	0.0168611	0.00312603	0.0808357	0.0301968	0.00548747	0.00681748	0.0181954	0.0225776	0.00300503	0.0234897	0.00571586	0.0489387	0.278859	0.00474988	0.0404881	0.20716	0.187208	0.0112284	0.00182656	0.00323237
90	0.438943	0.00827667	0.0240822	0.0151419	0.00885542	0.112782	0.00129847	0.0137876	0.000914822	0.00919737	0.00699104	0.00580406	0.0104082	0.0039048	0.00247755	0.249247	0.0625463	0.0226919	0.000736454	0.00191379
91	0.0496785	0.001307	0.00118833	0.0141971	0.0857284	0.0121036	0.00687862	0.146873	0.00105769	0.310907	0.0216936	0.00145431	0.0153414	0.00912351	0.0151943	0.0126732	0.0120786	0.199391	0.0527559	0.0303747
92	0.12744	0.00060794	0.143316	0.261914	0.00811247	0.00309308	0.0433121	0.00638543	0.0536657	0.026163	0.0215928	0.0442543	0.000852883	0.0543989	0.0364194	0.103141	0.0298806	0.0180197	0.00376983	0.0136619
93	0.0242827	0.00496326	0.00289102	0.00185414	0.0584682	0.00573666	0.00155608	0.296595	0.00135174	0.323374	0.0480053	0.00354208	0.00296904	0.001479	0.00141631	0.0128123	0.0295269	0.168279	0.00260602	0.00829084
94	0.0474924	0.0104147	0.00254655	0.011953	0.0197832	0.00555444	0.00632064	0.324441	0.00522835	0.122396	0.0433887	0.0058236	0.00804543	0.00426616	0.00400135	0.0156357	0.0727806	0.281516	0.00107445	0.00733826
95	0.0870197	0.0101645	0.00169092	0.00402581	0.0238115	0.0204101	0.00461102	0.268591	0.00420819	0.138139	0.0467081	0.00669987	0.00621684	0.00326395	0.00255631	0.0406186	0.0957641	0.226818	0.00303389	0.00564859
96	0.284654	0.0125748	0.00215738	0.00152859	0.0610093	0.196519	0.00108557	0.0805592	0.00104236	0.0795591	0.0344721	0.00589052	0.00609571	0.00468249	0.00136827	0.0690768	0.0400641	0.0838705	0.0159815	0.0178088
97	0.041879	0.00745196	0.000933419	0.00264918	0.0736998	0.00736513	0.00190609	0.218357	0.000466636	0.369168	0.0362592	0.000938156	0.00757545	0.00181792	0.00339898	0.014262	0.023415	0.165768	0.0101514	0.0125374
98	0.14613	0.00885661	0.0128984	0.0120976	0.0134024	0.0464928	0.0121401	0.0466647	0.00449018	0.015235	0.00846629	0.0328754	0.222821	0.0242476	0.0128703	0.245696	0.0699454	0.0556993	0.00213057	0.0068397
99	0.0852575	0.00880076	0.00982892	0.0457419	0.0270954	0.017109	0.0109894	0.136372	0.0106354	0.150067	0.091184	0.0158503	0.0121438	0.0135618	0.0215517	0.106406	0.121343	0.0950747	0.00581885	0.0151686
100	0.0381016	0.00264484	0.00161432	0.00285306	0.0294629	0.0105903	0.00162959	0.370139	0.00237729	0.16618	0.0671792	0.00924287	0.00241116	0.000940233	0.000960178	0.0232022	0.06606	0.197801	0.0023386	0.00427161
101	0.0344877	0.00955207	0.00119	0.000686567	0.0600118	0.00623248	0.000522276	0.260989	0.000556021	0.356954	0.0326143	0.00123875	0.0041692	0.000500239	0.000764851	0.0177384	0.0285569	0.176347	0.00140914	0.00547895
102	0.115658	0.00820956	0.000999744	0.0020029	0.0271416	0.0271882	0.00109071	0.214744	0.00140253	0.128671	0.0731192	0.0151991	0.00155404	0.00152657	0.00123564	0.0813965	0.160282	0.12742	0.00785058	0.00330872
103	0.0575783	0.00559104	0.154271	0.0390949	0.0068374	0.0948144	0.012718	0.0135668	0.0147661	0.034905	0.0179665	0.204914	0.00822806	0.0197413	0.0148349	0.152074	0.109707	0.0232838	0.00234743	0.0127599
104	0.389	0.0105349	0.0218645	0.0131187	0.0120936	0.09227	0.0011822	0.0161663	0.000849974	0.0113473	0.00515425	0.00666567	0.00551947	0.00515047	0.00367349	0.304751	0.0763399	0.0207027	0.000808219	0.00280727
105	0.0329117	0.00945643	0.00123642	0.000681752	0.0596821	0.00585864	0.000517889	0.264135	0.000592909	0.355352	0.0326888	0.00134769	0.00420651	0.000493158	0.000704475	0.0174827	0.0277127	0.17796	0.00138687	0.00559222
106	0.216526	0.0268851	0.00152775	0.0014306	0.00249235	0.438101	0.000948022	0.00685323	0.000699701	0.00632705	0.00877622	0.0126324	0.00129855	0.00494688	0.00468249	0.203095	0.0340815	0.0244185	0.000644142	0.003634
107	0.118188	0.0101376	0.00136942	0.00243687	0.0235348	0.0359868	0.00150742	0.208672	0.00205816	0.124496	0.0659974	0.0155683	0.00235109	0.00240984	0.00159086	0.0822368	0.146683	0.143677	0.00730252	0.00379634
108	0.28188	0.0124738	0.00246339	0.00203739	0.0596037	0.196091	0.00143022	0.0789737	0.00111976	0.0795836	0.0332313	0.00585665	0.00611743	0.00478536	0.00152179	0.0737241	0.040814	0.0820779	0.0174192	0.018796
109	0.0283177	0.00826645	0.00124298	0.000996605	0.0666732	0.00513449	0.000894069	0.252073	0.000564622	0.378134	0.0401745	0.00131258	0.00364842	0.000561606	0.000853455	0.0149086	0.0224808	0.162934	0.00229878	0.00853014
110	0.02184	0.00759155	0.000611111	0.00176304	0.137	0.00627839	0.00264534	0.180107	0.0005928	0.411315	0.0796755	0.000846216	0.00115721	0.000872492	0.00253023	0.0194065	0.0123678	0.0806631	0.00664747	0.0260902
111	0.0197094	0.00144633	0.00176062	0.00270156	0.0258501	0.00546218	0.00149804	0.406223	0.00347186	0.161124	0.0745235	0.0131853	0.00236657	0.000950778	0.00065307	0.01677	0.052736	0.203035	0.00189191	0.00464151
112	0.035161	0.00976609	0.00838601	0.0432359	0.0555673	0.0241592	0.0429871	0.0680759	0.0906901	0.0394517	0.04116	0.0515473	0.00597699	0.0673796	0.0927521	0.100848	0.0722028	0.0452945	0.00695742	0.0984011
113	0.0215817	0.00146786	0.00168525	0.00272298	0.0258389	0.00572102	0.00154927	0.400459	0.00351133	0.163318	0.0756055	0.0134139	0.00258989	0.00102245	0.000691196	0.0175088	0.0534329	0.201203	0.00211942	0.00455728
114	0.0266397	0.00798467	0.00127762	0.000928606	0.063654	0.00495203	0.000754614	0.263925	0.000721008	0.370384	0.0379417	0.00152963	0.00367365	0.000601609	0.000813344	0.0148332	0.0221846	0.167182	0.00216893	0.00785106
115	0.0230474	0.00139611	0.0292669	0.0891344	0.00655213	0.0113141	0.032633	0.0415609	0.258043	0.0410829	0.0129585	0.0362651	0.0140305	0.115209	0.159611	0.0324928	0.0638125	0.0242947	0.00315894	0.00413588
116	0.167591	0.0106175	0.00215636	0.00437772	0.011211	0.0207988	0.00837897	0.156142	0.0086823	0.0573224	0.0611399	0.011497	0.00590916	0.00404458	0.00458468	0.171275	0.143782	0.137133	0.00373001	0.00962755
117	0.0191331	0.00732106	0.000862972	0.00193117	0.150099	0.00607153	0.00313374	0.168508	0.000590674	0.405656	0.0854207	0.00098591	0.000885841	0.00136786	0.00319844	0.0204875	0.011146	0.0709882	0.00727973	0.0349326
118	0.0457968	0.000365183	0.0945208	0.191076	0.000806073	0.0202102	0.0390404	0.00792522	0.132915	0.0124106	0.00292217	0.0960754	0.00230954	0.095139	0.105016	0.0675525	0.0531675	0.0197774	0.000473463	0.0125014
119	0.0280357	0.00455241	0.00173387	0.00207732	0.0377432	0.00815552	0.00143782	0.352945	0.00217408	0.23022	0.0526918	0.00693435	0.00311022	0.000932319	0.000923973	0.016894	0.0440659	0.198292	0.00162154	0.00545917
120	0.198995	0.017414	0.00319412	0.0081708	0.0114487	0.0165831	0.00234389	0.0892856	0.00325218	0.0714936	0.0537668	0.00719908	0.00549051	0.00548547	0.00904642	0.174285	0.216652	0.0963254	0.00314025	0.00642759
121	0.0637947	0.000459959	0.110941	0.20069	0.00349176	0.014563	0.0433195	0.00671752	0.106954	0.0155938	0.00718393	0.0963235	0.0017691	0.0863201	0.0831796	0.0813295	0.045188	0.0181215	0.00129788	0.0127613
122	0.159988	0.0336384	0.00199371	0.0031118	0.00685	0.0104279	0.00191212	0.0885408	0.0017337	0.0627511	0.0297966	0.00457087	0.00477815	0.00281629	0.00781228	0.210849	0.272802	0.087195	0.00167644	0.00675632
123	0.10358	0.0085578	0.0162901	0.0425532	0.0351837	0.005027	0.0151191	0.156233	0.00200068	0.172367	0.0799322	0.00354888	0.0117814	0.00646899	0.0334332	0.0398203	0.116768	0.133294	0.00215304	0.0158886
124	0.110363	0.00932466	0.00400389	0.00919239	0.0122017	0.0655176	0.0109	0.0545657	0.0050462	0.0140228	0.00662968	0.0508318	0.204485	0.0362264	0.00741793	0.246132	0.0503503	0.0952006	0.00281479	0.00477293
125	0.0352185	0.00624718	0.00521767	0.00661064	0.148609	0.00465456	0.0576646	0.0737091	0.00188871	0.142503	0.0161164	0.00521651	0.0167623	0.0221259	0.0114047	0.0240682	0.028726	0.0720522	0.015885	0.30532
126	0.0198246	0.00727741	0.000670152	0.00175482	0.132117	0.00541458	0.00269462	0.184016	0.000664285	0.421292	0.0800957	0.000821216	0.000968885	0.000721394	0.00242297	0.0173504	0.0114013	0.0791323	0.00623632	0.0251233
127	0.0792419	0.00250151	0.312839	0.096045	0.00438446	0.0645814	0.0108656	0.012234	0.0419912	0.035694	0.00951789	0.0804663	0.00957889	0.0351832	0.0153931	0.117588	0.0357469	0.0279482	0.00189095	0.00630937
128	0.229985	0.0189244	0.0156284	0.0230374	0.0111916	0.219802	0.0090675	0.0208679	0.0123091	0.0218932	0.0133644	0.0392096	0.0201846	0.0138322	0.0310728	0.191368	0.0489087	0.0448769	0.00327277	0.0112032
129	0.0534627	0.00935863	0.00160489	0.00410674	0.02541	0.00903579	0.00516127	0.31734	0.00526915	0.149634	0.0398485	0.00501532	0.00773	0.00371839	0.00188559	0.0178544	0.0622581	0.272812	0.00144393	0.00705134
130	0.402506	0.0106101	0.0209094	0.0122193	0.0137641	0.0935267	0.00107323	0.0186717	0.000846754	0.0134918	0.00596297	0.00649646	0.00562107	0.00428402	0.00343087	0.285375	0.074113	0.0226008	0.00116747	0.00332878
131	0.0103568	0.00275145	0.00101455	0.00258178	0.0467358	0.00308945	0.00366835	0.271532	0.00227316	0.466317	0.0493789	0.00307753	0.00141552	0.00193614	0.00220374	0.00751188	0.0149939	0.10005	0.00187418	0.00723764
132	0.143958	0.0154098	0.00374432	0.00616253	0.0228233	0.0252673	0.00409838	0.144915	0.00323723	0.113078	0.0459076	0.0105792	0.00533078	0.00524854	0.00657437	0.134104	0.191481	0.105425	0.00501294	0.0076429
133	0.0269284	0.00271901	0.274264	0.0447131	0.00519072	0.0761165	0.00997586	0.0102062	0.0165918	0.0309431	0.0124612	0.212624	0.00525566	0.0182509	0.00976244	0.128806	0.0861295	0.0189051	0.00190016	0.00825694
134	0.0198727	0.00238337	0.0422154	0.0654015	0.00760046	0.0157024	0.0440124	0.016512	0.224015	0.0215221	0.0093686	0.0480819	0.0365553	0.0736172	0.216381	0.0286345	0.0882564	0.0286936	0.00753215	0.00364186
135	0.0311627	0.00831952	0.0113772	0.00861366	0.176919	0.00525923	0.0485062	0.0512453	0.00454798	0.101827	0.021653	0.00842658	0.00927066	0.0224379	0.0235624	0.0260653	0.0153004	0.0526334	0.027655	0.345217
136	0.0901037	0.00866827	0.00254773	0.00588198	0.0106873	0.0121593	0.00704969	0.253511	0.0164602	0.0630147	0.0339601	0.007208	0.0177863	0.00896003	0.00368532	0.0247504	0.0832109	0.341195	0.000832432	0.00832738
137	0.185007	0.0317576	0.00530413	0.00530248	0.00729749	0.32085	0.00492406	0.0133512	0.00872997	0.0140105	0.0105909	0.0203688	0.00759429	0.00894059	0.0571552	0.207734	0.0564023	0.0274394	0.00139811	0.00584278
138	0.108532	0.00927414	0.015732	0.0429467	0.0357763	0.00404824	0.016087	0.153035	0.00150372	0.161587	0.0801109	0.00299575	0.0124703	0.00515521	0.0347767	0.0389559	0.124509	0.134085	0.00154968	0.0168693
139	0.428504	0.00737945	0.0291346	0.0264662	0.00877444	0.149077	0.00301295	0.0207224	0.0022726	0.0132343	0.00839975	0.00720971	0.00971111	0.00481335	0.00356928	0.195996	0.0518355	0.0243798	0.00143806	0.00406848
140	0.134551	0.000685533	0.144356	0.261091	0.00868954	0.00231576	0.0419317	0.00697633	0.0486124	0.02705	0.0236344	0.0399468	0.000912909	0.053187	0.0313391	0.110857	0.0282945	0.0180573	0.00389242	0.013619
141	0.117016	0.000596422	0.145145	0.25052	0.00737841	0.00502502	0.045238	0.00633779	0.0605242	0.0241719	0.0188881	0.0532829	0.000973691	0.0576	0.0424993	0.098606	0.0319382	0.0174484	0.00324454	0.0135658
142	0.0461594	0.000413578	0.0934777	0.188717	0.00159822	0.0194098	0.0421856	0.00885437	0.132457	0.0128438	0.00342337	0.0970291	0.00241306	0.0938604	0.102377	0.0673024	0.053426	0.0200521	0.000591384	0.0134091
143	0.0880067	0.00841212	0.0541129	0.133122	0.0294432	0.0143973	0.146112	0.0281882	0.0431876	0.0425633	0.0218217	0.0406381	0.00676526	0.0722848	0.0578043	0.0612449	0.0369848	0.036991	0.00484368	0.0730763
144	0.254919	0.0120697	0.00214457	0.00147256	0.0560287	0.174343	0.00115054	0.0990057	0.00128903	0.0942002	0.0371604	0.00694176	0.00595278	0.00648417	0.00128928	0.071615	0.0555883	0.0897221	0.0136788	0.0149448
145	0.0164217	0.00244865	0.00181193	0.00213684	0.0324425	0.00421512	0.00119639	0.401427	0.00266562	0.19751	0.0549793	0.00927425	0.00282451	0.000721321	0.000597903	0.0139798	0.0396711	0.208066	0.00155925	0.00605152
146	0.0694498	0.015135	0.00158245	0.00595697	0.0129793	0.00617312	0.00882803	0.289923	0.00847472	0.0830801	0.03019	0.00387601	0.0114982	0.00666535	0.00268968	0.017432	0.0746191	0.341708	0.000490381	0.00924868
147	0.0721234	0.0152687	0.00161309	0.00582399	0.0120498	0.00560585	0.00963183	0.28769	0.00850732	0.0800134	0.0297924	0.00383118	0.0113297	0.00614728	0.00278929	0.0168617	0.0749131	0.346467	0.000452205	0.0090885
148	0.0511623	0.00612746	0.0525815	0.02842	0.00927687	0.0177889	0.0168794	0.030126	0.0142318	0.0247042	0.00883833	0.0412	0.244195	0.014102	0.0662442	0.200775	0.137892	0.0258197	0.00344889	0.0061862
149	0.019928	0.0057273	0.000953849	0.00167077	0.076093	0.00451332	0.00239074	0.235901	0.00127588	0.435199	0.0505244	0.00171318	0.00197674	0.00111528	0.00180158	0.012494	0.0160871	0.115608	0.00299705	0.0120295
150	0.0275957	0.00644595	0.0107195	0.0563511	0.050645	0.0157948	0.041786	0.0823085	0.126092	0.0419999	0.0387779	0.0379667	0.00591282	0.0705436	0.107368	0.0758958	0.0756701	0.0444042	0.00747097	0.0762512
151	0.0834177	0.00813348	0.00303147	0.00626477	0.0131638	0.00975657	0.00633029	0.240053	0.0233751	0.0670563	0.0319837	0.00556351	0.0256067	0.00841575	0.00363213	0.0164377	0.0924013	0.346553	0.000885356	0.00793783
152	0.0788046	0.0106765	0.00183537	0.00551133	0.0110472	0.00758898	0.00750805	0.275158	0.0132405	0.0691125	0.0332166	0.00479422	0.015507	0.00679828	0.00381814	0.0174713	0.0779614	0.350368	0.000476518	0.00910572
153	0.145361	0.0379417	0.00541935	0.00637915	0.0809264	0.160846	0.00850703	0.0952334	0.00505542	0.160524	0.0419428	0.012589	0.00816567	0.0128125	0.00640463	0.0587255	0.043688	0.0818347	0.00904869	0.0185951
154	0.158039	0.0322684	0.0024413	0.00302098	0.00597955	0.0101208	0.00201139	0.0767264	0.0017025	0.0637886	0.0227839	0.00347951	0.00477845	0.00260272	0.00993211	0.199552	0.283772	0.109218	0.00141068	0.00637222
155	0.0115486	0.00250623	0.00106984	0.00293967	0.02486	0.00306635	0.00379481	0.269609	0.00329452	0.48709	0.035106	0.00383248	0.00193488	0.00273355	0.00241968	0.00657334	0.0174103	0.115791	0.00110288	0.00331639
156	0.0378703	0.0288583	0.00948087	0.0363255	0.0501763	0.041961	0.027547	0.0691488	0.143404	0.0376153	0.0225889	0.0274602	0.00802303	0.152947	0.0428899	0.0716455	0.0706263	0.0848367	0.00461481	0.0319806
157	0.0202896	0.00754666	0.000683816	0.00171014	0.135118	0.00547028	0.00292075	0.180627	0.000495584	0.413011	0.0831673	0.000721595	0.00105409	0.000702384	0.00240064	0.0173535	0.011668	0.0820808	0.00729723	0.0256816
158	0.0239861	0.00681845	0.00520138	0.00661615	0.197931	0.0029264	0.0123591	0.0560237	0.0011637	0.125694	0.0254409	0.00268066	0.00840343	0.0205594	0.0166497	0.0177827	0.0101095	0.049936	0.0290043	0.380714
159	0.0326691	0.00929305	0.00850034	0.0445448	0.0574173	0.0240914	0.0440311	0.062818	0.0947484	0.0365098	0.0396926	0.0518942	0.010025	0.065889	0.0945933	0.09434	0.0659612	0.0483085	0.00722409	0.107449
160	0.0460932	0.00041023	0.093656	0.191905	0.000843507	0.0203987	0.0385418	0.00849082	0.132549	0.0125087	0.00298693	0.0948647	0.00295811	0.0949733	0.104665	0.0671112	0.0535392	0.0204631	0.000576915	0.0124646
161	0.0204658	0.00764997	0.000813121	0.00178825	0.139001	0.00584983	0.00317265	0.175099	0.000673844	0.408455	0.0858465	0.000975728	0.00108237	0.000848837	0.00255186	0.0178672	0.0138954	0.0813614	0.00693905	0.0256629
162	0.162573	0.0131695	0.00183006	0.00179622	0.0336195	0.160692	0.00111362	0.140343	0.00191187	0.189859	0.0436408	0.00373374	0.00604801	0.00428949	0.00147796	0.0494536	0.0376454	0.132602	0.00665587	0.00754494
163	0.0200283	0.00132899	0.0208021	0.104566	0.0099164	0.00920515	0.0261311	0.064954	0.277036	0.0465562	0.0192803	0.02455	0.00519802	0.129167	0.116153	0.0293765	0.0623022	0.0250195	0.00191195	0.00651789
164	0.0458815	0.000634665	0.0922108	0.185259	0.00230318	0.0205457	0.0404695	0.0109533	0.136791	0.0149836	0.0047699	0.0916747	0.00326949	0.0967781	0.100887	0.066055	0.0522919	0.0200411	0.000778873	0.0134218
165	0.0209247	0.00458407	0.00129827	0.00280376	0.0368335	0.00512134	0.00301369	0.262055	0.00237906	0.437744	0.0381448	0.00325382	0.00230485	0.00234938	0.00229622	0.0103592	0.026936	0.131171	0.0018821	0.00454487
166	0.216593	0.0267481	0.00109082	0.00132886	0.00239679	0.442331	0.000927176	0.00678254	0.000693993	0.0063192	0.00899129	0.0124088	0.00103089	0.00491171	0.00454098	0.200655	0.0335494	0.0244136	0.000666382	0.00362033
167	0.0329334	0.000946232	0.0859749	0.0761922	0.0136405	0.00703068	0.102388	0.0051918	0.120804	0.00617526	0.00792401	0.191882	0.00142752	0.133434	0.0673622	0.0678465	0.0406568	0.0121008	0.000787297	0.0253027
168	0.00768784	0.00187474	0.000951852	0.00335903	0.033087	0.00267899	0.00641902	0.242471	0.00304514	0.538714	0.0474176	0.00374767	0.000880027	0.00310838	0.00324932	0.00612805	0.0136018	0.0747839	0.00147995	0.00531482
169	0.0221446	0.00701349	0.000737624	0.0017186	0.117899	0.00682289	0.00272037	0.206765	0.000721375	0.400665	0.0771198	0.00123807	0.00123226	0.0007413	0.00234118	0.0160462	0.01533	0.0913958	0.0057862	0.0215619
170	0.439226	0.00789858	0.025255	0.0181346	0.0090112	0.105067	0.00154405	0.0135931	0.00149296	0.0103004	0.00759969	0.00600457	0.00834488	0.00416847	0.00278465	0.252659	0.0609219	0.0225457	0.000809888	0.00263844
171	0.035131	0.00514605	0.0317377	0.0113068	0.0113402	0.04005	0.0257962	0.0176346	0.0108295	0.0587329	0.0497599	0.186202	0.00412608	0.0271372	0.0259979	0.174555	0.194145	0.0389467	0.00311876	0.0483067
172	0.0426125	0.00562459	0.0224178	0.124331	0.0170311	0.0201641	0.0232828	0.101613	0.14335	0.0824331	0.0251725	0.023685	0.0114118	0.128943	0.0613533	0.0413651	0.0543487	0.0529556	0.0041951	0.0137092
173	0.00336061	0.000837574	0.000933125	0.00376368	0.014347	0.00173763	0.00618047	0.237843	0.00396634	0.608982	0.0325049	0.00333797	0.000645418	0.00386456	0.00348282	0.00277154	0.00765277	0.0619108	0.00061682	0.00126104
174	0.239925	0.00439151	0.00686497	0.0766232	0.00736096	0.0805812	0.0161416	0.0292507	0.0483727	0.056399	0.0629392	0.0141963	0.00736215	0.013481	0.0115981	0.152213	0.0549706	0.0932234	0.0028177	0.021287
175	0.0734079	0.0052029	0.00334888	0.0120147	0.0784012	0.0105055	0.00989535	0.174934	0.000941441	0.298717	0.0481465	0.00136304	0.00624165	0.00302369	0.0133405	0.0185315	0.0654755	0.141385	0.0133325	0.0217918
176	0.240269	0.00578599	0.00709639	0.0578074	0.00754137	0.113136	0.0251085	0.0264252	0.0215854	0.0521124	0.0277481	0.0132952	0.00931338	0.00987191	0.00868543	0.206189	0.0489875	0.0768514	0.00303505	0.0391548
177	0.0440309	0.000429034	0.0792195	0.179094	0.00164382	0.0163796	0.0345894	0.0178866	0.165092	0.022331	0.00751579	0.0774827	0.00299272	0.106415	0.109696	0.0565174	0.0493938	0.0189845	0.000713512	0.00959223
178	0.106204	0.00708458	0.00984803	0.0277831	0.0527866	0.00828954	0.0151609	0.167022	0.00125395	0.188643	0.069876	0.00338286	0.00711275	0.00269278	0.0219148	0.0316539	0.132775	0.127177	0.00211385	0.0172243
179	0.0236397	0.00126245	0.0276872	0.119457	0.00721848	0.01092	0.0263375	0.054949	0.270714	0.0436352	0.0188397	0.0286227	0.00461771	0.13373	0.112524	0.0303719	0.0564118	0.0223567	0.00152581	0.00517998
180	0.406886	0.00812249	0.0211654	0.0271651	0.00861782	0.0849927	0.0034162	0.0188508	0.00446592	0.0175643	0.0196803	0.00635558	0.00837013	0.00666721	0.00621879	0.240333	0.0735692	0.0312802	0.0010307	0.00524862
181	0.0264875	0.00131773	0.0383043	0.123655	0.00462046	0.0150371	0.0286777	0.0359725	0.264883	0.0363896	0.0130615	0.0437564	0.00567196	0.135338	0.110753	0.0359427	0.0524682	0.0207021	0.00116968	0.00579129
182	0.019083	0.00754631	0.000666761	0.0017798	0.140389	0.00538791	0.00300106	0.177399	0.00052443	0.412916	0.0861586	0.000830807	0.000837355	0.000779577	0.00246443	0.0181691	0.0112174	0.0763886	0.00710927	0.0273513
183	0.029638	0.0257461	0.0100687	0.00370051	0.00371385	0.0195034	0.0215783	0.00758584	0.0694561	0.0189487	0.00487518	0.0308673	0.00534028	0.0171924	0.583666	0.0923288	0.0434883	0.00798742	0.00159306	0.00272118
184	0.243467	0.00612494	0.00921786	0.0532219	0.0116144	0.0264816	0.0104396	0.045339	0.0165022	0.0955683	0.0806494	0.010282	0.00962872	0.0286719	0.0326798	0.124568	0.0808397	0.101046	0.00273352	0.0109246
185	0.0175477	0.00364127	0.00131008	0.00305729	0.0431277	0.00556158	0.0043514	0.229498	0.00305335	0.509423	0.0419747	0.00317903	0.00123514	0.00301157	0.00282158	0.0105021	0.0168075	0.08958	0.00258191	0.00773524
186	0.0412404	0.0082099	0.0298674	0.0721758	0.0243693	0.0148398	0.164714	0.0326014	0.0653157	0.031273	0.0356682	0.0544506	0.00827675	0.171584	0.0685582	0.0417276	0.0406695	0.0528015	0.00530779	0.0363493
187	0.272692	0.0158572	0.0206478	0.00992747	0.0263744	0.0399376	0.00575254	0.0234571	0.0046716	0.0227738	0.0108824	0.0366017	0.0166448	0.00825151	0.0435061	0.300796	0.101502	0.0266853	0.00347771	0.00956105
188	0.0339808	0.00167064	0.0684664	0.107171	0.0116782	0.0129981	0.0659093	0.0172917	0.157289	0.0182628	0.00963804	0.127038	0.00329569	0.121779	0.0885577	0.0649424	0.0474108	0.0195932	0.00106564	0.0219614
189	0.0217238	0.00566405	0.001782	0.00364324	0.0252751	0.00425291	0.00277528	0.417021	0.00263886	0.145288	0.048702	0.00718304	0.00367641	0.00149227	0.00102915	0.0114715	0.0513243	0.237898	0.00150886	0.00565004
190	0.0317072	0.001252	0.0869143	0.0501443	0.019659	0.00411488	0.123791	0.00475734	0.107984	0.00519511	0.00776296	0.222499	0.0013594	0.13079	0.0494419	0.0718309	0.0360018	0.0112409	0.000940269	0.0326137
191	0.0787243	0.0063917	0.0373225	0.0198946	0.010958	0.0291774	0.0142383	0.0391561	0.00576328	0.0214692	0.00806744	0.0385273	0.258872	0.0169054	0.0276045	0.224822	0.113709	0.0405802	0.00250574	0.00531018
192	0.044593	0.0179703	0.0152565	0.0264786	0.0557365	0.0201891	0.198738	0.124868	0.0240261	0.0920913	0.0289671	0.0284958	0.0128494	0.0464335	0.0264421	0.0416724	0.04817	0.0803024	0.00537587	0.0613447
