367	20
1	0.0749927	0.0307893	0.000490111	0.00339165	0.0126081	0.0139203	0.000651818	0.239239	0.00351023	0.177023	0.0373163	0.00168071	0.000611107	0.00505405	0.00414736	0.0172882	0.0157064	0.353323	0.00579831	0.00245741
2	0.0397613	0.000665024	0.0292279	0.021677	0.000563397	0.0112354	0.0222492	0.00158334	0.401164	0.0132854	0.0127792	0.0151523	0.00922367	0.0564399	0.287224	0.0375427	0.0186159	0.0204457	0.000271049	0.000893366
3	0.065156	0.000533012	0.0406707	0.0136945	0.0104712	0.00879375	0.133351	0.00177784	0.0548907	0.0629191	0.00189991	0.150338	0.000598495	0.118964	0.0615373	0.135416	0.0990584	0.0339213	0.000597158	0.00541179
4	0.0682918	0.0260288	0.000632975	0.00272299	0.0282536	0.0108654	0.00181951	0.198455	0.00336048	0.267837	0.0618706	0.00286047	0.000569845	0.0063386	0.00341001	0.0200591	0.0174083	0.26905	0.00479924	0.00536636
5	0.111395	0.000670834	0.0205155	0.0321797	0.00129331	0.019352	0.00172215	0.00622653	0.0359785	0.00489547	0.00333806	0.0122215	0.576033	0.00321265	0.00233142	0.12012	0.0414371	0.00508362	0.000601223	0.00139189
6	0.0470912	0.0245845	0.000782827	0.00250916	0.0131389	0.0109524	0.000953644	0.342948	0.00285968	0.127147	0.0299958	0.00282328	0.000564149	0.00486565	0.00305987	0.0117899	0.0186663	0.348063	0.00347944	0.00372485
7	0.00710401	0.0050809	0.00169484	0.00385712	0.185828	0.00295239	0.0686123	0.0133243	0.0017027	0.033069	0.0038896	0.00550952	0.000984438	0.00870438	0.00292442	0.00558187	0.00664926	0.0170542	0.0147998	0.610677
8	0.0189147	0.00443446	0.00830019	0.0102407	0.00912889	0.0117635	0.0307253	0.0286762	0.170906	0.0690359	0.0200881	0.0150833	0.00822921	0.196128	0.345793	0.0225098	0.0168032	0.00767951	0.000816203	0.00474336
9	0.0114918	0.00230215	0.00289008	0.00642751	0.410407	0.00620656	0.0791521	0.0114956	0.0038329	0.0714807	0.0852053	0.0130659	0.00119646	0.0350016	0.007401	0.0179552	0.0149006	0.0185148	0.0135869	0.187486
10	0.00801164	0.00612385	0.000770755	0.00878559	0.145149	0.00253499	0.0160012	0.0805126	0.00443585	0.372841	0.0389	0.00557059	0.000490638	0.0157223	0.0153585	0.00665148	0.0123233	0.0928118	0.0114667	0.155538
11	0.071135	0.00143187	0.315512	0.00847118	0.00226354	0.238114	0.00552593	0.0027064	0.0049422	0.00552932	0.00372932	0.235382	0.00338178	0.00870099	0.00454605	0.0702479	0.00712539	0.00589513	0.00120051	0.00415951
12	0.0738306	0.00276908	0.131116	0.064955	0.00516184	0.390407	0.0148021	0.000834233	0.0213588	0.0139243	0.0120991	0.0950762	0.0117524	0.0515688	0.00977329	0.0727029	0.0136632	0.0110051	0.00266101	0.000539533
13	0.140921	0.00111053	0.12473	0.264534	0.000824718	0.0345562	0.0190159	0.00170412	0.057766	0.00870481	0.0034884	0.0496915	0.00311207	0.0799311	0.0370275	0.0782366	0.0604443	0.0322681	0.000252366	0.00168082
14	0.0738587	0.0291171	0.000479443	0.00333094	0.0116784	0.0134042	0.000647342	0.241267	0.00380615	0.173257	0.0354114	0.00225783	0.00078583	0.00488337	0.00444603	0.0167207	0.0193975	0.357578	0.00531339	0.00235927
15	0.00764551	0.000406414	0.000608139	0.00201187	0.0142459	0.00099296	0.000577138	0.317479	0.000761583	0.439602	0.06734	0.00112091	0.000263991	0.00121414	0.000842525	0.0019323	0.00310682	0.138603	0.000450484	0.000794465
16	0.00728957	0.00572594	0.00188714	0.00418613	0.158462	0.00247701	0.0733067	0.013434	0.00192963	0.0391939	0.00442953	0.00450146	0.000834387	0.0101471	0.00393012	0.00490459	0.00645343	0.0174639	0.0156811	0.623762
17	0.0622739	0.00916484	0.00120434	0.002526	0.0098578	0.00665026	0.00250863	0.263191	0.00321455	0.0846622	0.0228133	0.00520343	0.00157763	0.00359858	0.00475202	0.010843	0.0362899	0.46145	0.00209308	0.00612486
18	0.0617965	0.00441995	0.0343767	0.0154518	0.00646583	0.667846	0.0116697	0.00447801	0.016718	0.00615376	0.00484366	0.0458419	0.00317366	0.0209727	0.0100367	0.0526601	0.00987026	0.00988171	0.00575786	0.00758543
19	0.0609894	0.0039855	0.0270112	0.0370005	0.00497107	0.0287127	0.025645	0.015514	0.324203	0.0288924	0.0148823	0.0273681	0.0182844	0.0684201	0.199831	0.0505775	0.031373	0.0242094	0.0020445	0.00608431
20	0.521995	0.0026981	0.0117178	0.0171195	0.00491532	0.0493773	0.00923249	0.0103997	0.0119461	0.0115627	0.0118015	0.0209684	0.0134913	0.0154995	0.012209	0.177338	0.0424026	0.0495301	0.00117203	0.00462393
21	0.0337848	0.0213894	0.00468401	0.00615196	0.0030808	0.0469948	0.00644997	0.0510346	0.402688	0.0309391	0.00553291	0.0269347	0.00252485	0.0139096	0.23129	0.0312609	0.0101239	0.0477972	0.00135989	0.0220688
22	0.0664003	0.000857112	0.128174	0.00303799	0.00175208	0.0100394	0.00395679	0.00300021	0.00297456	0.0043623	0.00276518	0.601769	0.00271338	0.0167896	0.00415401	0.130869	0.00589689	0.00589598	0.000974693	0.00361705
23	0.0196556	0.00438368	0.00052614	0.00258641	0.0235983	0.00290398	0.00126647	0.262797	0.00202634	0.406907	0.0625373	0.00170221	0.000582411	0.00318694	0.00253466	0.00509275	0.00934085	0.182416	0.00121587	0.00473992
24	0.0356021	0.000417266	0.0314179	0.0211713	0.00048881	0.0115007	0.0232125	0.0011634	0.402473	0.0119151	0.0134661	0.0149352	0.00837323	0.0595806	0.292251	0.0360501	0.0155292	0.0195048	0.000198207	0.000749624
25	0.167914	0.0018883	0.0058982	0.00718077	0.00309262	0.00775187	0.00492494	0.00591274	0.179227	0.00677152	0.00492811	0.258701	0.00199466	0.0100585	0.212076	0.0985492	0.0110913	0.00758085	0.0013189	0.00313965
26	0.0187434	0.0106537	0.00530268	0.0110849	0.00189029	0.00685145	0.0110882	0.00687277	0.0891806	0.0162533	0.00363625	0.00819626	0.00169986	0.0223404	0.743655	0.012867	0.0179205	0.00662653	0.000866998	0.00426994
27	0.0072086	0.000332226	0.000251605	0.00156464	0.0148645	0.000522412	0.000351356	0.298567	0.000430635	0.460938	0.0630483	0.000504004	0.000130431	0.000678778	0.000424283	0.000988267	0.00193987	0.14634	0.000157986	0.000756939
28	0.152154	0.000526101	0.00285413	0.00184709	0.00136502	0.0739548	0.01062	0.00908582	0.0515505	0.0126901	0.0128246	0.0359616	0.00768252	0.0217038	0.0151021	0.439763	0.132489	0.0120475	0.000843618	0.00493434
29	0.0207664	0.00145676	0.0429849	0.00584728	0.00438992	0.0337244	0.00586946	0.00416949	0.00548031	0.00600185	0.00345937	0.116833	0.00511149	0.0452951	0.00533748	0.599382	0.0613355	0.0124907	0.00107425	0.018991
30	0.00654642	0.00317558	0.0010718	0.00223441	0.128701	0.00244317	0.110546	0.0124751	0.00156977	0.0281212	0.00390778	0.00242306	0.000457964	0.0107329	0.00253226	0.00480281	0.00518133	0.0165508	0.00373219	0.652794
31	0.28855	0.0106463	0.00581348	0.00423486	0.049071	0.00497276	0.0105677	0.0827863	0.00274986	0.0727453	0.0430405	0.0315264	0.00376153	0.00850158	0.00498418	0.103552	0.132422	0.108931	0.0113076	0.0198358
32	0.0241091	0.00978197	0.000628066	0.00212205	0.0302636	0.00540601	0.000760569	0.269393	0.00143557	0.231497	0.0802457	0.00200027	0.000386518	0.0156763	0.00193411	0.00774436	0.0178191	0.277973	0.00217009	0.0186538
33	0.0621629	0.000259212	0.167754	0.467986	0.00160776	0.0172668	0.0168689	0.00815463	0.0228682	0.0104156	0.0168934	0.0210189	0.0004731	0.0859035	0.0257127	0.0338136	0.0257602	0.0131522	0.00140058	0.000527982
34	0.0118196	0.00153224	0.00228678	0.00289851	0.0749733	0.00392117	0.00279349	0.350649	0.0032048	0.0120751	0.00464662	0.00478422	0.00130021	0.00393901	0.00410184	0.00761705	0.0535548	0.385602	0.0124017	0.0558993
35	0.0497909	0.00497483	0.00350432	0.00227807	0.0159019	0.00550291	0.00164128	0.286604	0.002859	0.132845	0.0399363	0.0106998	0.0025949	0.0077183	0.0058154	0.0339209	0.149159	0.235786	0.00321898	0.00524852
36	0.0654618	0.00150506	0.00093615	0.00156021	0.0025873	0.00684688	0.00140058	0.240244	0.00385171	0.0826101	0.0122053	0.02369	0.00627299	0.0016514	0.013753	0.015642	0.102735	0.409822	0.000756449	0.00646759
37	0.0776506	0.00654832	0.00261046	0.00285135	0.00628201	0.00536645	0.00700211	0.111403	0.00496082	0.0358426	0.0125949	0.00859574	0.00290087	0.00678693	0.00612333	0.0148138	0.106839	0.570253	0.00148614	0.00908878
38	0.147855	0.00308689	0.047874	0.0968368	0.000824035	0.0527591	0.0210156	0.00204309	0.135015	0.0060798	0.00163988	0.0727547	0.00299754	0.0688584	0.121651	0.124053	0.0743031	0.0169794	0.00210776	0.00126548
39	0.010273	0.00124789	0.0162324	0.0132449	0.00655049	0.0101388	0.00331827	0.00372403	0.00355606	0.00527854	0.00399952	0.161302	0.00233519	0.0302359	0.00404744	0.413319	0.28217	0.0245956	0.000970251	0.00346042
40	0.0845307	0.00141294	0.154256	0.298026	0.0032314	0.115384	0.0155044	0.00474837	0.0314936	0.0118823	0.0116434	0.0543194	0.0177419	0.0676649	0.0248664	0.0564476	0.0283016	0.0156891	0.00127886	0.00157739
41	0.344399	0.00316325	0.00390043	0.0224627	0.00737523	0.0301618	0.00547537	0.0952049	0.00481256	0.0217871	0.00994308	0.0347597	0.0305141	0.00589471	0.0225761	0.101927	0.144455	0.104366	0.00214004	0.00468197
42	0.0480598	0.000341397	0.186238	0.534348	0.00268287	0.01071	0.0120025	0.00993355	0.0115487	0.00692803	0.0141296	0.0111575	0.000455538	0.0797402	0.0226987	0.017319	0.0232125	0.00751566	0.000319993	0.00065846
43	0.453784	0.00264452	0.0122704	0.0152219	0.00383722	0.0449695	0.00691263	0.00663459	0.0125689	0.00972974	0.00713234	0.0204573	0.00949179	0.0124219	0.0110035	0.281843	0.0446998	0.0392134	0.000857539	0.00430668
44	0.0186577	0.00365078	0.00104982	0.00608905	0.0979926	0.00532594	0.010204	0.0815883	0.00589743	0.503503	0.091172	0.00495111	0.000728045	0.0119962	0.0057188	0.012007	0.0152863	0.0772525	0.00494619	0.0419833
45	0.00680182	0.000160631	0.000244573	0.00159003	0.0136143	0.000418659	0.000258106	0.304201	0.000343159	0.459883	0.062417	0.000444429	0.000135006	0.000527732	0.000428074	0.000777769	0.0016017	0.145646	0.000110525	0.000396462
46	0.0215848	0.00362764	0.00224089	0.00911551	0.0520709	0.00522919	0.00590512	0.137262	0.00736479	0.498846	0.0803458	0.00535713	0.00394098	0.0123897	0.0116149	0.012059	0.0151003	0.0949769	0.00363793	0.017331
47	0.0687748	0.00499792	0.137344	0.413913	0.00532148	0.0260561	0.0177936	0.0118725	0.0304247	0.0187282	0.0158396	0.0285955	0.00906342	0.0835202	0.0369744	0.0361366	0.0319078	0.0161597	0.00174527	0.00483086
48	0.195212	0.00117322	0.0192121	0.0259077	0.00255877	0.0585219	0.0780731	0.0193667	0.00983081	0.0083763	0.00381934	0.182487	0.00149311	0.0664246	0.0248493	0.233247	0.0594951	0.00644035	0.00103525	0.00247598
49	0.0177891	0.00147201	0.0363273	0.0468463	0.00512267	0.00696039	0.0144843	0.00972715	0.0128339	0.0108535	0.00966774	0.136428	0.00184502	0.127616	0.0178878	0.249892	0.260387	0.0280534	0.00109279	0.00471265
50	0.00963776	0.00531409	0.000764706	0.00685118	0.146383	0.00381386	0.0150195	0.0728731	0.00451169	0.40943	0.051753	0.00630915	0.000539161	0.0136602	0.0121002	0.00999223	0.0127049	0.0785515	0.00947025	0.130321
51	0.0141375	0.00472588	0.000507195	0.00130664	0.0136571	0.00373442	0.000712162	0.488947	0.00106958	0.116977	0.0297388	0.00242648	0.000473362	0.00270923	0.00150093	0.00324143	0.00626206	0.30167	0.00120771	0.00499518
52	0.0394434	0.00393563	0.0238775	0.0243022	0.00218347	0.0185272	0.0216762	0.00792769	0.338457	0.0207037	0.0104314	0.020741	0.00779261	0.0545087	0.323404	0.0380314	0.0231505	0.0161671	0.000939728	0.0037996
53	0.104223	0.00119652	0.0400831	0.12523	0.00373173	0.0273324	0.0191092	0.00491785	0.145896	0.0418843	0.013141	0.0328946	0.00037554	0.165964	0.124826	0.0784301	0.0566343	0.0130215	0.000757984	0.000350245
54	0.00648021	0.0011367	0.00188701	0.00308124	0.114044	0.00929322	0.205669	0.0178712	0.0030019	0.212036	0.12465	0.0337933	0.000921682	0.11553	0.0103205	0.00673219	0.00472501	0.0116275	0.0124397	0.10476
55	0.0320626	0.000514733	0.0228016	0.0125264	0.00372722	0.0134829	0.0367367	0.00605242	0.35237	0.023886	0.0295711	0.020214	0.00758252	0.104098	0.272516	0.0341527	0.0135987	0.0130055	0.000246212	0.000854664
56	0.103527	0.00110029	0.0223973	0.0388037	0.00281539	0.020658	0.00396744	0.00832959	0.0326496	0.0275041	0.00549636	0.0145269	0.565595	0.00739939	0.00873565	0.0898164	0.0285887	0.0149608	0.0011098	0.00201861
57	0.0382845	0.0029704	0.00440948	0.00576182	0.00452009	0.00790615	0.0796849	0.0064525	0.240422	0.0351539	0.00594986	0.00762285	0.227594	0.0096302	0.288006	0.0126467	0.00950816	0.00823798	0.00173314	0.00350543
58	0.00181301	0.000317032	0.000566391	0.00366895	0.685006	0.000875763	0.00240512	0.00355806	0.000709336	0.0241031	0.00508674	0.000929417	0.000307457	0.00104762	0.00395473	0.00144161	0.00123171	0.00112759	0.00322263	0.258627
59	0.0814237	0.00333459	0.101214	0.0367262	0.00708119	0.0668364	0.0237844	0.0123129	0.0298903	0.0202513	0.00905023	0.337447	0.00613603	0.0439904	0.0348558	0.118227	0.0402642	0.0164211	0.0033384	0.00741593
60	0.00657388	0.00296077	0.000450141	0.000553312	0.00956399	0.00286869	0.000525628	0.568696	0.000646539	0.0635232	0.0209544	0.00212978	0.000236796	0.00121946	0.000698569	0.00116605	0.00136624	0.313721	0.000208424	0.00193717
61	0.0527821	0.017399	0.00201699	0.00702	0.0391033	0.00600721	0.0126401	0.108433	0.0107515	0.436785	0.0700438	0.0147553	0.00130152	0.025625	0.00903469	0.0340742	0.0209638	0.112436	0.00330396	0.0155239
62	0.0173233	0.00258303	0.000706749	0.00227206	0.0872589	0.00461814	0.00351196	0.0587238	0.00546806	0.585203	0.12216	0.0030251	0.000366689	0.00343419	0.00153562	0.013329	0.0164815	0.0607485	0.00302512	0.00822498
63	0.0206852	0.00517248	0.0183417	0.0157255	0.000837061	0.00897541	0.011972	0.00388459	0.305711	0.0113592	0.00615472	0.0086285	0.00379841	0.0319298	0.501528	0.0193953	0.0123473	0.0113819	0.00042924	0.00174264
64	0.0485619	0.00157761	0.488888	0.0490155	0.00296182	0.0659703	0.0105088	0.00460078	0.0138244	0.0102181	0.00592128	0.113814	0.00603046	0.0254457	0.0175911	0.0912923	0.0280309	0.00810909	0.0019469	0.00569142
65	0.0632732	0.00154173	0.31787	0.0371865	0.00375633	0.248832	0.0121034	0.00154295	0.0142023	0.00923594	0.00736601	0.141287	0.007262	0.0291185	0.00828995	0.0716817	0.0116038	0.00837146	0.00200519	0.00346949
66	0.0604795	0.00430867	0.028434	0.0330622	0.00379438	0.0262777	0.0208882	0.0124349	0.342039	0.0256759	0.0127173	0.0253479	0.0144369	0.063013	0.215402	0.0487026	0.0312121	0.0243558	0.00212922	0.00528899
67	0.0503445	0.00129513	0.0140814	0.00633341	0.0251815	0.0450758	0.00739548	0.00492797	0.0109706	0.00991547	0.00707208	0.0902075	0.0208365	0.0148937	0.00782846	0.46695	0.196949	0.0132154	0.00140113	0.00512438
68	0.00442284	0.00503351	0.000906665	0.00346826	0.206016	0.00133078	0.0638343	0.0102984	0.00109798	0.0389884	0.00272797	0.00401666	0.000431583	0.00788492	0.00227575	0.00246653	0.00446076	0.0129356	0.0164493	0.610954
69	0.147805	0.00255504	0.00836172	0.017658	0.00639836	0.040963	0.0057539	0.0305293	0.0257075	0.107298	0.011769	0.0125846	0.355646	0.0102995	0.011935	0.0970451	0.0323096	0.0698169	0.00189811	0.00366659
70	0.012127	0.0104502	0.00224984	0.0147148	0.202662	0.00337047	0.0272039	0.00301916	0.00274227	0.0237304	0.00449171	0.0237915	0.0010989	0.0160966	0.0036196	0.00616716	0.00866633	0.00363241	0.0789737	0.551192
71	0.00684418	0.000263496	0.000247119	0.00160735	0.0138421	0.00047822	0.000268287	0.304085	0.000346586	0.45597	0.0622663	0.000502495	0.000135437	0.000811708	0.000440412	0.00080383	0.00181235	0.148532	0.000123493	0.000620124
72	0.0403951	0.0159034	0.000731395	0.0370641	0.0683544	0.00502654	0.0308082	0.0605077	0.0515049	0.267057	0.0562075	0.00912412	0.000526877	0.0776605	0.0592305	0.0111392	0.0283412	0.11095	0.00407339	0.0653939
73	0.00679959	0.000158663	0.000244529	0.00158717	0.0136117	0.000415036	0.000258172	0.304218	0.000343159	0.460074	0.0624218	0.000444335	0.000135111	0.000510807	0.00042826	0.000745306	0.0015902	0.145553	0.000110525	0.000351662
74	0.0963767	0.00147663	0.0421882	0.0461678	0.00221955	0.0265722	0.00316409	0.0031938	0.0338029	0.00515606	0.00872439	0.0101857	0.00601674	0.0165769	0.0290965	0.337303	0.322175	0.00587646	0.000775787	0.00295171
75	0.167732	0.00173829	0.0484667	0.061604	0.00150352	0.0757904	0.0168946	0.003388	0.136506	0.0094742	0.00326314	0.0651969	0.00163682	0.0578747	0.116239	0.123468	0.0899494	0.0124627	0.00482829	0.00198295
76	0.0125078	0.0142625	0.00113367	0.00799735	0.167314	0.00228026	0.0159774	0.0227896	0.00187331	0.0983015	0.0052748	0.0114456	0.000601067	0.00889286	0.00632473	0.00644704	0.00784935	0.026719	0.0518825	0.530125
77	0.00475088	0.00512189	0.000833917	0.00515576	0.486419	0.00116707	0.00695725	0.00282779	0.0010249	0.0243124	0.00355957	0.00465394	0.000354119	0.00372358	0.00323945	0.0020013	0.00373831	0.00154479	0.0236773	0.414937
78	0.0572955	0.00428428	0.0256895	0.0137132	0.00620189	0.666545	0.0121159	0.00417498	0.0165579	0.00750715	0.0057082	0.0507977	0.00341492	0.0200989	0.0102646	0.0624828	0.0132432	0.00894468	0.00535189	0.00560816
79	0.104132	0.00117565	0.025434	0.0363516	0.00214928	0.0206179	0.00367608	0.00766188	0.0324949	0.0279273	0.00508898	0.0149157	0.574654	0.00643688	0.00706369	0.0888397	0.0254047	0.0133698	0.000792103	0.00181359
80	0.00180743	0.000271696	0.000568987	0.00365857	0.685972	0.000874655	0.00239771	0.00356325	0.000709542	0.0240907	0.00508695	0.000917056	0.000307459	0.00101566	0.00395884	0.00141646	0.00121479	0.00112679	0.00317941	0.257862
81	0.267217	0.00365777	0.00432298	0.0126423	0.0113701	0.0255588	0.00503293	0.0957161	0.00816346	0.0602281	0.0154811	0.0218748	0.0807245	0.00683651	0.0140557	0.0903046	0.122968	0.144481	0.0034681	0.00589623
82	0.0774649	0.00084387	0.0597331	0.00657325	0.00349298	0.0728667	0.0254104	0.00380422	0.0038868	0.00536605	0.00417355	0.294239	0.020717	0.0128759	0.00748563	0.353395	0.0254946	0.0173888	0.000939702	0.00384891
83	0.634759	0.000488728	0.00303021	0.00505574	0.000865212	0.0748319	0.000918293	0.0153973	0.00115847	0.0108211	0.0123949	0.00204982	0.00984592	0.00242534	0.00836493	0.0871986	0.0295121	0.0994492	0.000399476	0.00103353
84	0.0554847	0.00184357	0.0354907	0.00361084	0.00566702	0.291889	0.087405	0.00368881	0.0103921	0.0211618	0.00376954	0.0438785	0.00168779	0.0209544	0.0228842	0.108067	0.0483407	0.0354109	0.119187	0.0791869
85	0.379115	0.00182833	0.0437477	0.00532109	0.00520201	0.0432759	0.00448133	0.0270709	0.00530821	0.0170583	0.00937057	0.013475	0.00340176	0.0317674	0.00799398	0.293553	0.0174423	0.0856114	0.0014646	0.003511
86	0.102974	0.0157794	0.00226474	0.00711304	0.0120215	0.012367	0.00220593	0.179824	0.00488089	0.157189	0.0297876	0.00540879	0.00391595	0.00829505	0.0080707	0.0163057	0.034883	0.389447	0.00311401	0.00415279
87	0.127055	0.0011435	0.0280383	0.0492052	0.000401087	0.0600994	0.016443	0.0134328	0.174081	0.0192663	0.00922745	0.0650269	0.00112682	0.0681911	0.132894	0.116867	0.0987903	0.0117563	0.00504186	0.00191292
88	0.0955186	0.000657402	0.103795	0.235407	0.00317356	0.00862501	0.0455664	0.00306582	0.0295923	0.0433461	0.0215823	0.0568096	0.000705889	0.202132	0.0423664	0.0496936	0.0361316	0.00642125	0.0136401	0.00176937
89	0.0362809	0.00226218	0.00436271	0.00647582	0.00464003	0.00836954	0.00420293	0.00704698	0.00576823	0.050044	0.0295887	0.0339553	0.00224269	0.00827503	0.00699896	0.111348	0.641388	0.0320152	0.0015216	0.00321338
90	0.00679959	0.000158663	0.000244529	0.00158717	0.0136117	0.000415036	0.000258172	0.304218	0.000343159	0.460074	0.0624218	0.000444335	0.000135111	0.000510807	0.00042826	0.000745306	0.0015902	0.145553	0.000110525	0.000351662
91	0.0780263	0.000479347	0.0392909	0.0158885	0.0116499	0.0069524	0.131405	0.00187475	0.0605016	0.0682799	0.0016301	0.151808	0.00054116	0.121924	0.0498456	0.140529	0.0759084	0.0361405	0.0005264	0.00679857
92	0.149142	0.00700279	0.0128843	0.00300551	0.0341543	0.00381897	0.00608917	0.118832	0.0027358	0.119905	0.0378196	0.0277892	0.0022976	0.0160271	0.00400756	0.106096	0.178311	0.144956	0.0150948	0.0100314
93	0.0082565	0.000384982	0.000249546	0.00148611	0.0166284	0.000588711	0.000368839	0.288907	0.00047296	0.470449	0.0657978	0.000492722	0.000139077	0.000641356	0.00044769	0.00106663	0.0020703	0.140701	0.000222786	0.000629287
94	0.0955703	0.00166213	0.0534883	0.172808	0.00402659	0.0160052	0.03153	0.00578964	0.111764	0.0420434	0.0151452	0.0290062	0.000516833	0.202685	0.100363	0.0533583	0.0457454	0.0146165	0.00264499	0.00123063
95	0.00992305	0.00772579	0.00937291	0.0116281	0.000855912	0.00348669	0.00640128	0.00239434	0.182933	0.00703033	0.0024515	0.0036404	0.00125217	0.0132984	0.715066	0.00695442	0.00967596	0.0041123	0.000376663	0.0014207
96	0.0691997	0.00207836	0.00211466	0.00125945	0.00586067	0.00550412	0.00129424	0.244725	0.00345372	0.100735	0.0192079	0.0179453	0.0044502	0.00363474	0.00936172	0.024355	0.135994	0.342103	0.00191741	0.00480515
97	0.0156631	0.00416135	0.00231584	0.00655884	0.363996	0.00595249	0.00973166	0.0573722	0.00425904	0.232627	0.0426054	0.00587992	0.000781329	0.00908714	0.00729213	0.0132985	0.0117064	0.0529738	0.00553757	0.148201
98	0.0139721	0.00155973	0.00914568	0.00386814	0.0316546	0.0217129	0.0534408	0.0175409	0.194789	0.104507	0.0492709	0.027358	0.0364319	0.217398	0.170139	0.0308742	0.00823973	0.00494622	0.00102438	0.00212816
99	0.00679959	0.000158663	0.000244529	0.00158717	0.0136117	0.000415036	0.000258172	0.304218	0.000343159	0.460074	0.0624218	0.000444335	0.000135111	0.000510807	0.00042826	0.000745306	0.0015902	0.145553	0.000110525	0.000351662
100	0.0137502	0.00893101	0.00327983	0.0100786	0.00240149	0.00398103	0.00892779	0.00506319	0.0783292	0.0151972	0.00297726	0.00559791	0.00162998	0.0205229	0.785497	0.00828533	0.0137587	0.00726257	0.000717643	0.00381087
101	0.00792734	0.00114563	0.0276292	0.023245	0.00374324	0.00736331	0.00281953	0.00321516	0.00450823	0.00417055	0.00354985	0.156947	0.00233692	0.0715918	0.003794	0.363194	0.268153	0.0408347	0.000722534	0.00310913
102	0.0364127	0.459819	0.010059	0.0164662	0.00916975	0.0193204	0.0160649	0.0143076	0.0348992	0.0257247	0.0129939	0.0146604	0.00538056	0.0235682	0.210712	0.0303638	0.0243486	0.024343	0.00298409	0.00840256
103	0.160664	0.00288168	0.0788352	0.157828	0.0022954	0.0294199	0.010912	0.00195044	0.0437234	0.00628029	0.00360653	0.0327813	0.0101341	0.0506354	0.0328052	0.179435	0.173328	0.0177579	0.000767335	0.003959
104	0.0351515	0.00104323	0.536978	0.123113	0.00140021	0.0175229	0.00997366	0.00257406	0.00832664	0.0034352	0.00231749	0.154498	0.000969782	0.0243866	0.042539	0.0187998	0.00651154	0.0060036	0.000618673	0.00383633
105	0.0895369	0.000369111	0.00545339	0.0015275	0.0022574	0.0490575	0.00968989	0.00221271	0.0197039	0.0120604	0.00279744	0.0365576	0.0209148	0.00897782	0.0101107	0.600039	0.124279	0.00332962	0.000303502	0.000822191
106	0.0144893	0.00426611	0.00436144	0.026848	0.240493	0.00648375	0.00630098	0.00597457	0.00580234	0.0432295	0.0570459	0.00594709	0.00157283	0.0275724	0.00642157	0.03525	0.0959588	0.254888	0.00151857	0.155576
107	0.00177109	0.000365794	0.000575841	0.0038244	0.676984	0.000875716	0.00316732	0.00376691	0.000741318	0.025093	0.00515723	0.000976548	0.000308122	0.00109833	0.00399559	0.00137014	0.00127779	0.00138332	0.00359677	0.263671
108	0.142895	0.00162962	0.0297513	0.0542526	0.00035312	0.0529874	0.0184972	0.00376973	0.163407	0.00628364	0.00268906	0.084704	0.00149337	0.0661898	0.148217	0.138307	0.0693583	0.0120205	0.00246257	0.000731868
109	0.138199	0.000578754	0.024726	0.0168445	0.000971116	0.107722	0.0830563	0.00423388	0.00702615	0.00204409	0.00133865	0.223061	0.00121755	0.0327907	0.038353	0.238314	0.0759333	0.00230228	0.000438864	0.000848159
110	0.0337871	0.00720517	0.00880487	0.0186159	0.00132045	0.00973436	0.0104943	0.00777562	0.126269	0.0169711	0.00538375	0.0151854	0.00241588	0.0356362	0.634307	0.0223815	0.0321187	0.00785186	0.000834018	0.00290807
111	0.0322209	0.0011298	0.0722631	0.0268439	0.00192842	0.0107403	0.00249588	0.00269119	0.0459558	0.00491857	0.0163687	0.0085175	0.00188879	0.0337239	0.00988556	0.398947	0.319734	0.00692615	0.000877216	0.00194294
112	0.0182927	0.00777802	0.00751141	0.012197	0.00120718	0.00584348	0.00924306	0.00366843	0.124809	0.0121838	0.00386512	0.00847043	0.00228811	0.0256796	0.721524	0.0139031	0.0133962	0.00557864	0.00053558	0.00202543
113	0.246663	0.00125134	0.0148446	0.0277169	0.00295046	0.036171	0.00374798	0.013971	0.0310013	0.0164197	0.00985709	0.013257	0.411643	0.00802695	0.00813658	0.0953931	0.033398	0.021624	0.000995161	0.00293152
114	0.0512325	0.540438	0.0101256	0.0190892	0.016596	0.0278041	0.0135491	0.0278116	0.0209728	0.0327192	0.0204707	0.0164886	0.00666951	0.0234903	0.0518362	0.0384165	0.025444	0.0389282	0.0038047	0.0141131
115	0.00895487	0.000692407	0.000255757	0.0013861	0.0204163	0.000874376	0.000541903	0.27393	0.000812623	0.47603	0.0688644	0.000656073	0.000143085	0.00084767	0.000437422	0.0019794	0.00330741	0.138308	0.000433159	0.00113009
116	0.0451123	0.00260779	0.0115593	0.143539	0.0130033	0.00679506	0.0319241	0.00945223	0.0101729	0.16406	0.0360694	0.0532457	0.00264001	0.347548	0.0131372	0.0220776	0.0284097	0.0180198	0.00343696	0.0371893
117	0.00245903	0.0017513	0.000791736	0.00102845	0.127373	0.00118566	0.111813	0.0133001	0.000965631	0.0264081	0.00122859	0.00116377	0.000370756	0.00893518	0.00122338	0.00199511	0.00290605	0.0171803	0.00038752	0.677533
118	0.0839062	0.000677352	0.126906	0.336186	0.00324923	0.0157524	0.0360769	0.00510022	0.030966	0.0248062	0.0171498	0.039485	0.00107524	0.148433	0.0385055	0.0402038	0.0332094	0.0109735	0.00576983	0.00156904
119	0.0107645	0.00198659	0.00143505	0.00216337	0.0168551	0.00284139	0.0016367	0.379655	0.00188196	0.31143	0.0783653	0.00343332	0.000564681	0.00482158	0.00256648	0.00537755	0.0102456	0.159098	0.000900434	0.00397651
120	0.0242709	0.00153109	0.00321368	0.0626846	0.00438528	0.175882	0.129857	0.0106705	0.252423	0.00544311	0.0042069	0.0589173	0.00146142	0.0497807	0.142208	0.048502	0.00586933	0.00505143	0.00286085	0.0107819
121	0.0581641	0.00592886	0.0115644	0.026022	0.013588	0.0230388	0.0199968	0.092717	0.0942037	0.120201	0.0259541	0.0654806	0.00651068	0.0757225	0.201743	0.0375234	0.054006	0.0451443	0.00489584	0.0175955
122	0.0555776	0.535593	0.0106107	0.0176309	0.0170255	0.030873	0.013225	0.029075	0.02087	0.035395	0.0176487	0.016341	0.00436957	0.0208058	0.045134	0.040841	0.0281037	0.0434226	0.00406581	0.0133917
123	0.0887247	0.000374533	0.00567701	0.00165675	0.00226666	0.0478886	0.00946693	0.0022074	0.0196266	0.0122991	0.00283354	0.0355559	0.0205546	0.00874831	0.0103496	0.599536	0.127897	0.00327263	0.000323846	0.000740284
124	0.589569	0.00101724	0.00166188	0.0143134	0.00178167	0.341844	0.00167054	0.00226389	0.00612645	0.00335245	0.00232775	0.0028832	0.000888401	0.00267258	0.00246178	0.015919	0.00369634	0.00338826	0.000887392	0.00127513
125	0.101086	0.00143195	0.0233448	0.0419588	0.00236548	0.0209536	0.00373576	0.00950615	0.0312116	0.0286284	0.00536157	0.0163327	0.559135	0.00680404	0.00726001	0.0906764	0.0311898	0.0160289	0.000955968	0.00203303
126	0.0506496	0.535843	0.00990737	0.01595	0.015779	0.0304693	0.0150942	0.0330592	0.0179202	0.0353164	0.018189	0.0161206	0.00553027	0.0206362	0.0466655	0.0384159	0.0275891	0.0483315	0.00317342	0.0153605
127	0.0270564	0.0461782	0.00777345	0.00764643	0.00865143	0.0147253	0.00844316	0.154659	0.00911245	0.0252269	0.0119106	0.0131434	0.00319225	0.0473284	0.0104827	0.0247491	0.375442	0.195323	0.00318779	0.0057671
128	0.126967	0.000801837	0.00235648	0.0591874	0.00258283	0.0158298	0.011828	0.112815	0.100538	0.0322132	0.0479707	0.00719389	0.000911723	0.0334537	0.141089	0.101091	0.0980848	0.100147	0.0010403	0.00389837
129	0.152319	0.00184165	0.160135	0.0375092	0.00272076	0.020582	0.00376995	0.00438569	0.113578	0.104474	0.103296	0.021688	0.00148314	0.054412	0.160967	0.0244351	0.0237938	0.00486581	0.00124847	0.00249466
130	0.015373	0.00567774	0.00169045	0.0124806	0.172651	0.00456344	0.0100895	0.0672195	0.0066702	0.283634	0.0644719	0.00516971	0.0008214	0.018766	0.00992978	0.0171229	0.043904	0.150006	0.00483863	0.10492
131	0.0126618	0.00732327	0.000850922	0.00672137	0.140876	0.00340355	0.0139102	0.0792365	0.00428009	0.37759	0.0415928	0.00632224	0.000582488	0.0117843	0.0138165	0.0111004	0.0130306	0.0956857	0.0121717	0.147059
132	0.094883	0.00115927	0.0448296	0.146734	0.00493153	0.0176399	0.0193703	0.00524876	0.139286	0.0525972	0.0164864	0.0223674	0.000167302	0.190752	0.12094	0.0581148	0.0505495	0.0133619	0.000329055	0.000252187
133	0.0564622	0.00409743	0.025995	0.0133281	0.00828541	0.67517	0.0107708	0.00480644	0.0174882	0.00801923	0.00646945	0.0443561	0.00363105	0.0206905	0.011233	0.0523374	0.0119785	0.0086935	0.00599195	0.0101961
134	0.0271036	0.000575927	0.0458828	0.0294582	0.000652306	0.0120426	0.0223932	0.00136811	0.443506	0.00832608	0.00953394	0.0114583	0.00655538	0.0497629	0.272782	0.0301277	0.0120716	0.015307	0.000313761	0.000778918
135	0.094883	0.00115927	0.0448296	0.146734	0.00493153	0.0176399	0.0193703	0.00524876	0.139286	0.0525972	0.0164864	0.0223674	0.000167302	0.190752	0.12094	0.0581148	0.0505495	0.0133619	0.000329055	0.000252187
136	0.0577784	0.00740945	0.0141168	0.0205643	0.0444569	0.0227547	0.0276943	0.0929208	0.0238831	0.207617	0.179209	0.0179321	0.00788974	0.0506334	0.0272924	0.0514023	0.0371556	0.0817829	0.00580366	0.0217031
137	0.0974611	0.000362722	0.0836411	0.242425	0.00387498	0.00698548	0.053479	0.00298861	0.0282588	0.045018	0.0250285	0.0521254	0.000506775	0.215083	0.0411144	0.0435741	0.0377461	0.0049505	0.0130599	0.00231665
138	0.0979274	0.00328527	0.0460055	0.136582	0.00355619	0.0124508	0.0216918	0.0084126	0.143951	0.0431489	0.011275	0.0151604	0.000243633	0.227273	0.100452	0.0554664	0.0509152	0.0215069	0.000318371	0.000377481
139	0.169656	0.0659697	0.00508835	0.0579724	0.193134	0.0252077	0.0329228	0.00791063	0.00659742	0.0537138	0.00899272	0.00810784	0.00291846	0.00837368	0.00756191	0.14309	0.0406954	0.0354161	0.002319	0.124352
140	0.460184	0.00101769	0.00370081	0.00317072	0.00127059	0.00531634	0.00218038	0.00347887	0.00247372	0.0033722	0.00261203	0.00277479	0.00111833	0.00419979	0.00287537	0.456304	0.0142471	0.0272791	0.000661295	0.00176245
141	0.101312	0.000193359	0.137119	0.364819	0.00117633	0.0257112	0.0211343	0.00815074	0.0319355	0.016908	0.018024	0.0332272	0.000808019	0.101723	0.0341917	0.0504469	0.0310559	0.018562	0.00260211	0.000900337
142	0.190931	0.000638395	0.145211	0.220198	0.00119906	0.0237922	0.0185441	0.00153549	0.0377315	0.00485534	0.00226223	0.117361	0.00126714	0.0710429	0.0686934	0.0431059	0.0260797	0.0236606	0.000389007	0.00150171
143	0.00867022	0.00126144	0.00209823	0.0388148	0.0178985	0.00362855	0.00320837	0.0186699	0.00331138	0.709856	0.113252	0.00379758	0.00128483	0.0271919	0.0146593	0.00669142	0.00460298	0.00559588	0.0132362	0.00226993
144	0.120575	0.000642994	0.210495	0.269244	0.00111633	0.0118295	0.0256962	0.00198308	0.028862	0.00327508	0.00222162	0.139101	0.000950147	0.0587843	0.0764239	0.0214699	0.00911966	0.0165851	0.000531573	0.00109296
145	0.00180743	0.000271696	0.000568987	0.00365857	0.685972	0.000874655	0.00239771	0.00356325	0.000709542	0.0240907	0.00508695	0.000917056	0.000307459	0.00101566	0.00395884	0.00141646	0.00121479	0.00112679	0.00317941	0.257862
146	0.0742171	0.00362473	0.130773	0.402663	0.00663369	0.0242236	0.0185843	0.0113485	0.0291489	0.0197007	0.0159954	0.0300666	0.00821795	0.0928494	0.0353003	0.0393996	0.0313933	0.0190511	0.00182639	0.00498171
147	0.0943762	0.00114821	0.0443668	0.145491	0.00485652	0.0175683	0.0192378	0.0057659	0.140044	0.0532856	0.0165682	0.0225789	0.000208076	0.189882	0.121681	0.0574314	0.0515788	0.0133252	0.000335397	0.000270584
148	0.541714	0.00419425	0.0138806	0.0231645	0.00620116	0.0656422	0.00869093	0.0124657	0.0190647	0.0193752	0.0144268	0.0189207	0.00810346	0.0244317	0.02008	0.102526	0.0386523	0.0527065	0.00113916	0.00462069
149	0.597745	0.00236651	0.00350239	0.00573721	0.00174849	0.0825417	0.00140061	0.0218011	0.00199173	0.0151346	0.0167486	0.00304679	0.00976726	0.00371425	0.00912203	0.0894672	0.0306935	0.10126	0.000664166	0.00154668
150	0.0952812	0.0130664	0.000816905	0.0630617	0.0142396	0.00948074	0.0271556	0.0799903	0.0772	0.122348	0.047383	0.0090421	0.000560849	0.0911066	0.114504	0.0358207	0.0321826	0.139685	0.00227357	0.0248013
151	0.00965858	0.00751514	0.000813641	0.00461827	0.124382	0.00189216	0.0137952	0.0972335	0.0026198	0.343874	0.0193524	0.00817154	0.000526496	0.00780167	0.0215413	0.00761483	0.0069287	0.102157	0.0230011	0.196503
152	0.0208777	0.00830848	0.0084249	0.0145856	0.00140482	0.00856794	0.0112339	0.00558594	0.141222	0.0144476	0.00473266	0.0107406	0.00299552	0.0302074	0.673634	0.0171015	0.0146345	0.00774307	0.000751608	0.00280047
153	0.0324874	0.000796827	0.585527	0.0216666	0.00143009	0.0444174	0.00367611	0.002264	0.00239801	0.00328604	0.00179344	0.223547	0.00115225	0.0082571	0.00909575	0.0392139	0.00530545	0.00340053	0.000652468	0.00963321
154	0.0168984	0.00823561	0.00287257	0.00778936	0.00222978	0.0092378	0.0207022	0.0112551	0.151408	0.0521759	0.00468654	0.00445921	0.00204445	0.0938838	0.555054	0.0184438	0.0198976	0.00780068	0.000649346	0.0102756
155	0.0070901	0.000279749	0.000248399	0.00157835	0.0138127	0.000437999	0.000302117	0.303163	0.000362916	0.459522	0.0629251	0.000463202	0.000135469	0.000624547	0.000425817	0.000854871	0.00168049	0.145446	0.000143637	0.000503121
156	0.150471	0.000518078	0.00973316	0.0211954	0.000565567	0.0567452	0.0119989	0.0296339	0.179148	0.0293286	0.0199278	0.049667	0.000661555	0.0701875	0.105122	0.127297	0.117133	0.00827545	0.00609782	0.00629427
157	0.446749	0.00139511	0.0458576	0.00501216	0.0164045	0.0525953	0.00283894	0.0201297	0.00348111	0.0725519	0.0301902	0.0417194	0.00191789	0.0551596	0.0179683	0.125118	0.0193169	0.0383315	0.00112862	0.00213413
158	0.0171858	0.0023375	0.000296105	0.00101321	0.0401993	0.00232402	0.00126954	0.201774	0.00188585	0.497473	0.0857226	0.00120679	0.000188279	0.00226256	0.000615629	0.00530844	0.00793304	0.125989	0.00127648	0.00373844
159	0.14151	0.00173406	0.0300155	0.0561142	0.000344124	0.0545884	0.018676	0.00361571	0.164288	0.00650337	0.00275199	0.0806573	0.00156822	0.0665401	0.144742	0.138451	0.0722863	0.0122797	0.00259884	0.000736164
160	0.0654526	0.000890003	0.366498	0.191603	0.00174637	0.0139916	0.0166634	0.0024692	0.0154126	0.00384129	0.00240333	0.167235	0.00107845	0.0420149	0.065078	0.0230045	0.00663353	0.00996463	0.000907813	0.00311229
161	0.180639	0.00729978	0.00488589	0.0157717	0.0329456	0.00690972	0.00232997	0.173293	0.00775786	0.17248	0.0785771	0.00658442	0.00752838	0.0258856	0.026063	0.0311829	0.0290805	0.183114	0.00232073	0.00535115
162	0.0365274	0.00147099	0.584611	0.0630019	0.00268575	0.0508187	0.00885157	0.00404188	0.0125769	0.00711749	0.00587778	0.112574	0.00234427	0.0216331	0.0215105	0.0368385	0.0129232	0.0072651	0.00135348	0.00597637
163	0.0131451	0.00655327	0.000438061	0.000763503	0.0127486	0.00423724	0.000546851	0.509139	0.000851434	0.0788425	0.0239328	0.00192457	0.00024286	0.00199686	0.000929467	0.00273505	0.00327325	0.33423	0.000624757	0.00284523
164	0.00999447	0.00397776	0.000437588	0.0017605	0.0253261	0.0026999	0.00051891	0.299554	0.000781713	0.301368	0.0700837	0.00118793	0.000297222	0.00904109	0.000916885	0.00315598	0.00993687	0.247079	0.000755716	0.011126
165	0.437485	0.0209287	0.00301445	0.0111633	0.00147791	0.235623	0.00163586	0.010129	0.00350097	0.00842108	0.00607727	0.00312171	0.00536318	0.00287204	0.00503849	0.158376	0.023089	0.0599615	0.00077577	0.0019452
166	0.0762984	0.030827	0.000489637	0.00323818	0.0141798	0.0136525	0.000618472	0.238949	0.00324892	0.180295	0.039604	0.00175295	0.000582102	0.00536131	0.00406139	0.0174915	0.0154956	0.345404	0.0056192	0.00283066
167	0.0828752	0.00235071	0.129143	0.0750249	0.00564324	0.318922	0.0211099	0.000754715	0.0294526	0.017999	0.0137947	0.106667	0.0138193	0.0576862	0.00883853	0.0834683	0.0144617	0.0152488	0.0022989	0.000441505
168	0.084158	0.00229183	0.127826	0.0726396	0.00560368	0.317228	0.0226354	0.000874451	0.0304535	0.0184561	0.013342	0.106395	0.0132328	0.0563441	0.00935974	0.0857118	0.0149241	0.0154501	0.00243663	0.000636898
169	0.06911	0.0190453	0.000739937	0.0531799	0.0207422	0.00771934	0.0353219	0.0599136	0.080533	0.165348	0.0544942	0.0125001	0.000528702	0.117735	0.0886259	0.0166086	0.0350065	0.128686	0.00302296	0.031139
170	0.291609	0.0117712	0.00592941	0.00410992	0.0440443	0.00452092	0.0110175	0.0813748	0.00235535	0.0745017	0.0365196	0.0342593	0.00384202	0.00794656	0.00419678	0.108955	0.136495	0.105385	0.0123418	0.0188248
171	0.193982	0.117508	0.00232809	0.00389239	0.00273466	0.371212	0.00291099	0.0186161	0.00379419	0.00495496	0.0033482	0.00431442	0.00191395	0.00442492	0.00462991	0.165092	0.00967327	0.081615	0.000947773	0.00210785
172	0.00941423	0.00464646	0.000438726	0.000879081	0.0140657	0.00408453	0.000536436	0.521422	0.000782243	0.0783266	0.0238101	0.00195081	0.00022522	0.00229448	0.000863073	0.00200071	0.00294313	0.327254	0.00049258	0.00356976
173	0.0717819	0.0011663	0.0170656	0.150991	0.0198453	0.0048992	0.064868	0.00392478	0.0098578	0.07379	0.0158569	0.0593501	0.00133957	0.366115	0.0130433	0.0313544	0.0452367	0.0213211	0.00370029	0.0244923
174	0.0746806	0.0307707	0.000488418	0.00338128	0.01282	0.0140318	0.000644512	0.239599	0.0034506	0.17747	0.0376478	0.00166249	0.000613906	0.00517263	0.00414831	0.0172737	0.0157503	0.352168	0.00574044	0.00248514
175	0.0675821	0.0193463	0.00127738	0.00185219	0.0431006	0.00798386	0.00296917	0.169138	0.00357258	0.296942	0.0814321	0.00548779	0.000567802	0.00808487	0.00278701	0.0314681	0.0314331	0.210598	0.00482005	0.0095565
176	0.0230543	0.00355719	0.00634175	0.00784276	0.08675	0.00934081	0.0424692	0.0449601	0.00874304	0.0164539	0.239397	0.0111533	0.00307078	0.0434444	0.0109766	0.195297	0.149865	0.0508821	0.00273826	0.043663
177	0.00708481	0.00170411	0.00227276	0.00274562	0.0758633	0.00376076	0.00236644	0.393334	0.00285981	0.015043	0.00619551	0.00350114	0.000931556	0.00370527	0.00330274	0.00609176	0.0348406	0.36954	0.0107635	0.0540935
178	0.0339044	0.00888866	0.00938042	0.0200328	0.00320943	0.0125088	0.0573834	0.0099054	0.105014	0.026157	0.0102379	0.0164049	0.00856427	0.0551668	0.538327	0.0297783	0.0267685	0.0130105	0.000991363	0.0143666
179	0.0828159	0.00235513	0.129219	0.0750148	0.00565098	0.319065	0.0210844	0.00075458	0.0294006	0.0179909	0.0137876	0.106656	0.0138271	0.0577072	0.00884862	0.0833392	0.0144736	0.0152665	0.00230132	0.000441463
180	0.018259	0.00121743	0.0101244	0.00807518	0.0151197	0.565809	0.0549603	0.00329092	0.0510808	0.00699711	0.00368869	0.0533231	0.00200601	0.0166158	0.0323363	0.0661569	0.0138994	0.0104662	0.03806	0.0285141
181	0.0246785	0.00113445	0.0229425	0.0179985	0.012129	0.0146888	0.0684819	0.0347642	0.193264	0.0495462	0.0394456	0.0306217	0.00951855	0.227721	0.189055	0.0378523	0.016301	0.00658317	0.00091986	0.00235379
182	0.0175587	0.0031652	0.00519614	0.00712253	0.0185517	0.0115601	0.0512474	0.209316	0.00816973	0.124334	0.0930893	0.134045	0.00248446	0.115956	0.0133939	0.0718173	0.0111025	0.0558387	0.00217507	0.0438763
183	0.0100479	0.00693821	0.00116975	0.00438004	0.123535	0.00243108	0.0128061	0.101835	0.00253261	0.32951	0.0171578	0.012257	0.000616077	0.00768061	0.0236627	0.0102572	0.00656184	0.106305	0.027646	0.192671
184	0.0440536	0.00224391	0.0395282	0.0187273	0.00546368	0.596699	0.0184566	0.00232674	0.0181022	0.0062692	0.00510839	0.0867493	0.0051991	0.0235571	0.0115585	0.0838568	0.0161811	0.00631524	0.00513925	0.00446448
185	0.138022	0.000575125	0.0248482	0.0168798	0.00096568	0.108064	0.0828049	0.00423425	0.00704106	0.00203768	0.00131717	0.22287	0.00121729	0.0325768	0.0383305	0.238508	0.076115	0.00230177	0.000436455	0.000855166
186	0.0328287	0.0168298	0.0028746	0.0180982	0.00228295	0.0049065	0.0529418	0.0149134	0.0813578	0.0527722	0.00416521	0.00482417	0.00170478	0.0981972	0.493332	0.029236	0.0409358	0.01968	0.000833449	0.0272859
187	0.123142	0.00161422	0.0400508	0.00572707	0.0209884	0.0308931	0.00449225	0.0046775	0.00568322	0.00650985	0.0223665	0.124799	0.116987	0.00679074	0.00565967	0.310714	0.140719	0.023772	0.00111462	0.00329849
188	0.00261855	0.00185072	0.000797643	0.00121069	0.152144	0.00131988	0.109639	0.0173574	0.00109236	0.0289868	0.00144885	0.00130172	0.000407056	0.00953527	0.00153892	0.00223226	0.00296829	0.0231321	0.000433057	0.639985
189	0.00194359	0.000435923	0.000602604	0.00399731	0.663936	0.000882603	0.00441987	0.00465826	0.000730301	0.0269522	0.00494899	0.00107726	0.000288942	0.00124284	0.00425135	0.0014981	0.00132386	0.00226946	0.00414137	0.2704
190	0.0968058	0.00263362	0.0111742	0.017627	0.013214	0.0125603	0.00586721	0.0377818	0.00732592	0.287903	0.0216736	0.0111583	0.307819	0.0172747	0.0136561	0.0246485	0.0159917	0.0880388	0.002658	0.0041878
