255	20
1	0.206808	0.00957945	0.000512045	0.0020649	0.00906362	0.121941	0.00974109	0.0163173	0.00601937	0.0136928	0.0134811	0.022898	0.0255543	0.00754136	0.00173234	0.388761	0.104731	0.0261188	0.000743732	0.0126994
2	0.0652134	0.00845234	0.000356669	0.00127471	0.063487	0.0157788	0.00040361	0.219572	0.000439197	0.392033	0.0409735	0.00119605	0.00135043	0.000958458	0.00048889	0.00891915	0.0161517	0.159179	0.0014161	0.00235652
3	0.187011	0.0168913	0.000392995	0.00084766	0.0139268	0.149624	0.00811012	0.01988	0.00257785	0.00874174	0.015402	0.0195414	0.013509	0.00943219	0.000388437	0.403769	0.101045	0.0232668	0.000474509	0.00516802
4	0.171208	0.0206276	0.000566983	0.0012099	0.0791656	0.0761598	0.00151679	0.032733	0.00119828	0.214256	0.0463521	0.00456875	0.0129496	0.00160651	0.000826862	0.182024	0.0548831	0.0935006	0.00178649	0.00285981
5	0.0483806	0.00308288	0.000118714	0.000169932	0.0193522	0.0055754	0.000175346	0.344484	0.000934698	0.165302	0.0389003	0.000277589	0.00200147	0.00242379	0.00113824	0.00515785	0.0329806	0.327136	0.00189693	0.000511852
6	0.0342399	0.00188697	0.00188035	0.00964899	0.426786	0.00744393	0.00150016	0.0672173	0.00106859	0.11811	0.0836977	0.00547079	0.00130572	0.00206468	0.00113673	0.0236982	0.00695517	0.0389487	0.00282905	0.164111
7	0.481514	0.0029211	0.000654846	0.00126821	0.0167444	0.148029	0.00131031	0.0398529	0.00111427	0.0273308	0.0192725	0.00931254	0.001761	0.00138157	0.00102488	0.141734	0.0131431	0.0872361	0.00183628	0.00255836
8	0.0521319	0.0111724	0.000307525	0.00188017	0.0913394	0.0155598	0.00354218	0.125218	0.000833167	0.391185	0.113841	0.00336633	0.000703053	0.00298044	0.00173798	0.0253609	0.0536601	0.0910604	0.00746519	0.00665479
9	0.0335576	0.00437391	0.0121611	0.0148498	0.0160376	0.0178628	0.0227429	0.0171189	0.214726	0.0246746	0.0229729	0.0199521	0.0132136	0.0152835	0.400648	0.0663397	0.0230408	0.0245098	0.00801593	0.0279185
10	0.0661118	0.0106132	0.00230213	0.0339561	0.165552	0.0128765	0.00662386	0.0609923	0.00646346	0.206381	0.119166	0.0278659	0.00340328	0.0549444	0.0107878	0.0409695	0.0534929	0.069413	0.019548	0.0285364
11	0.0205705	0.00413494	0.000817358	0.00167379	0.356222	0.0202858	0.00102392	0.0373	0.000953493	0.406623	0.0820981	0.00210318	0.00116576	0.00138576	0.000862256	0.0237784	0.00954637	0.0118959	0.00376593	0.0137926
12	0.160152	0.005867	0.000662517	0.000658107	0.00742247	0.60332	0.00158092	0.0116981	0.000988552	0.00656693	0.00853646	0.00845466	0.0048167	0.00163943	0.000824145	0.144025	0.0140803	0.0149457	0.0013908	0.00237058
13	0.0392687	0.00978683	0.000729255	0.00351293	0.0553376	0.00949339	0.00659478	0.170629	0.00165135	0.331756	0.195866	0.00650965	0.00142105	0.00715533	0.00356441	0.0182352	0.0356115	0.082326	0.0125965	0.0079546
14	0.0532898	0.0063835	0.00155137	0.00531727	0.333847	0.01507	0.00348499	0.0557148	0.00211411	0.17216	0.0674246	0.00835505	0.0030255	0.00761911	0.00307785	0.0290783	0.0484601	0.05061	0.0162179	0.117199
15	0.0162112	0.00760084	0.000254757	0.00254293	0.0495004	0.00385704	0.00586786	0.194222	0.000349578	0.410059	0.172511	0.00365124	0.000405569	0.00529032	0.000573309	0.00632055	0.0222588	0.0873272	0.00740928	0.00378705
16	0.0522081	0.00339055	0.000275217	0.00048635	0.0201549	0.00560936	0.000528967	0.311829	0.00213185	0.180557	0.0353145	0.000769616	0.00312348	0.0025792	0.00345998	0.00683239	0.0349099	0.331397	0.00186071	0.00258109
17	0.0199149	0.00973003	0.000640307	0.00296161	0.0611331	0.00503808	0.00716901	0.165737	0.000773437	0.35663	0.221508	0.00770503	0.000513732	0.00908105	0.00170916	0.00970412	0.0307548	0.0735583	0.00989927	0.00583936
18	0.0955429	0.0156452	0.00526493	0.00690265	0.0340835	0.0328787	0.00778387	0.0484693	0.00683939	0.0405688	0.0147026	0.0118962	0.431962	0.010664	0.00844407	0.127106	0.0281453	0.0507872	0.0119197	0.0103938
19	0.0412501	0.00243518	0.000202648	0.000311465	0.0224833	0.00695432	0.000347249	0.406922	0.000653805	0.124332	0.0311761	0.000610255	0.00143455	0.00212123	0.000856486	0.00395275	0.0210504	0.330169	0.00161551	0.00112205
20	0.0159946	0.00181848	0.00045047	0.00119629	0.0421096	0.00349358	0.000619356	0.250506	0.000382295	0.470314	0.0630032	0.00251084	0.000780456	0.00153973	0.000287507	0.00302657	0.0113449	0.126648	0.00153891	0.00243431
21	0.306631	0.00101673	0.000520309	0.00269855	0.00315883	0.0181739	0.00149349	0.0170069	0.00137844	0.00669155	0.0156238	0.00241887	0.0321664	0.00114711	0.0125045	0.454551	0.0767058	0.0409299	0.000982147	0.0042009
22	0.0591294	0.00333664	0.000482121	0.000881122	0.0323436	0.0106166	0.0002848	0.285942	0.00316044	0.217076	0.0321779	0.000625343	0.00627642	0.00209062	0.0025128	0.0088104	0.0329066	0.293936	0.00377914	0.00363249
23	0.115103	0.0100131	0.0252571	0.0306357	0.0892512	0.0132564	0.0419216	0.0211197	0.00272455	0.107821	0.013827	0.00709805	0.0064068	0.00672304	0.00252055	0.0464166	0.01967	0.0460219	0.0145341	0.379678
24	0.13674	0.00398304	0.000865954	0.00192588	0.17804	0.00674041	0.0015484	0.0603466	0.00138577	0.255208	0.0214735	0.0136775	0.0124213	0.0133286	0.00143907	0.0312818	0.12928	0.0964654	0.00300072	0.0308481
25	0.0422989	0.00371994	0.00125065	0.00347104	0.0202095	0.00720577	0.0022955	0.0235091	0.0174214	0.555935	0.0918728	0.0222222	0.00232168	0.0366594	0.032614	0.0130366	0.0272911	0.0236786	0.0659383	0.00704881
26	0.0501048	0.0033449	0.000124057	0.000175545	0.0197925	0.00586294	0.000167338	0.34073	0.00094259	0.168035	0.0387666	0.000284547	0.00203798	0.00240503	0.00116566	0.0053907	0.033203	0.325121	0.00184053	0.000505939
27	0.077223	0.00331095	0.000281378	0.00049	0.00387229	0.798823	0.000433059	0.00712064	0.00048662	0.00315891	0.0048631	0.0030673	0.00267873	0.000578446	0.000448356	0.0816021	0.0017773	0.00810033	0.000644668	0.00104011
28	0.010443	0.00059585	0.000513588	0.00120566	0.0345214	0.00174723	0.000373265	0.258626	0.000307665	0.482029	0.0591078	0.00262951	0.000645612	0.00131728	0.000251915	0.00167097	0.0103229	0.130538	0.00100835	0.00214486
29	0.468492	0.00436002	0.000683253	0.0012323	0.00943538	0.0457544	0.00189014	0.0889715	0.000989539	0.0410258	0.0270385	0.00999008	0.00266615	0.00380045	0.00092969	0.125933	0.0425402	0.119232	0.00193565	0.00310062
30	0.0117654	0.000852691	0.000546737	0.00137419	0.0348595	0.00222148	0.000657591	0.26179	0.000322975	0.458947	0.0675244	0.00306112	0.000878403	0.00174007	0.00032613	0.00193132	0.011277	0.135673	0.00172741	0.00252361
31	0.0830545	0.00351231	0.000319508	0.000517054	0.00404919	0.775895	0.000712283	0.00707869	0.000667203	0.0027446	0.00512537	0.00394759	0.00302706	0.000891048	0.000431928	0.0933122	0.00452822	0.00842928	0.000517424	0.00123922
32	0.180629	0.00260167	0.00120664	0.00187465	0.0116958	0.0796452	0.00494979	0.400787	0.0020865	0.0444832	0.0758713	0.0037059	0.00225501	0.00558849	0.00170175	0.040978	0.0458031	0.0883508	0.00235612	0.00343089
33	0.0481265	0.00398897	0.00267164	0.005543	0.383064	0.0069599	0.00562138	0.0343271	0.00170457	0.0617351	0.0376749	0.0114455	0.00177127	0.00220656	0.00129027	0.0314918	0.00787177	0.0358556	0.0046656	0.311984
34	0.15798	0.0084163	0.0119996	0.00571301	0.0397933	0.279611	0.00716854	0.024813	0.0156359	0.0413123	0.0691182	0.0752982	0.00639971	0.00949252	0.00386243	0.087004	0.0344759	0.049563	0.0203736	0.051969
35	0.070801	0.00863573	0.000232059	0.00106267	0.0670624	0.017282	0.000235296	0.225661	0.000436444	0.398276	0.0294432	0.000939032	0.00203635	0.000520322	0.000504404	0.0089246	0.0144208	0.149182	0.00211287	0.00223106
36	0.0641648	0.00145672	0.000763252	0.00193905	0.00441131	0.0215991	0.00147271	0.0230128	0.00200756	0.0190091	0.0800022	0.00179112	0.00130411	0.00126892	0.000861783	0.143623	0.614697	0.0133526	0.00117957	0.00208305
37	0.118504	0.00823999	0.00342257	0.0307228	0.0446212	0.0333025	0.00962863	0.0451477	0.00983123	0.0695537	0.156436	0.0691891	0.00886515	0.21449	0.0065323	0.0489844	0.039708	0.0446344	0.00994681	0.0282396
38	0.551319	0.00215815	0.000493395	0.000981199	0.00867028	0.0859371	0.00103203	0.0528396	0.00087932	0.0185974	0.0167573	0.0116361	0.00167003	0.00110926	0.00077163	0.128328	0.0196989	0.0941386	0.00109029	0.00189211
39	0.101701	0.0145014	7.24404e-05	0.000794709	0.0782774	0.0234645	0.000131247	0.203794	0.00018417	0.356112	0.0184598	0.000147014	0.000969623	0.000137531	0.000123927	0.013225	0.0168342	0.170026	0.000734063	0.000310321
40	0.0165435	0.00932367	0.000727306	0.00137324	0.551545	0.0289752	0.00113876	0.0134251	0.00117507	0.258792	0.0582151	0.00171985	0.00124651	0.00142484	0.000962835	0.0242064	0.0137065	0.00657636	0.00120423	0.00771914
41	0.067609	0.00800074	0.00785207	0.027406	0.0502121	0.032912	0.0121843	0.0412916	0.0199088	0.0684131	0.116775	0.0293873	0.0111594	0.209638	0.0108155	0.0961816	0.0379943	0.043223	0.0160535	0.092983
42	0.0519388	0.00323704	0.000217251	0.000420165	0.0267516	0.00816104	0.000302988	0.343096	0.00090338	0.181308	0.0388022	0.000523155	0.00268312	0.00213477	0.00113844	0.00639574	0.0342633	0.293336	0.00269485	0.0016927
43	0.101025	0.0145242	0.00309859	0.00430889	0.0747026	0.0328053	0.00400167	0.0527125	0.0047166	0.05753	0.0226876	0.0081326	0.391223	0.00530605	0.00407823	0.0920607	0.0245567	0.0759823	0.0136422	0.0129044
44	0.0388274	0.00203949	0.00100559	0.00674849	0.440786	0.0080084	0.00112174	0.0551377	0.00093878	0.143232	0.0842808	0.00425901	0.00108152	0.00190295	0.000935547	0.0206804	0.00786128	0.0311271	0.00302721	0.146999
45	0.0792652	0.00360576	0.00037295	0.000615049	0.00385118	0.784399	0.000793599	0.00707536	0.000675435	0.00296742	0.00512196	0.00343111	0.00311068	0.000952562	0.000619489	0.0894233	0.00401238	0.00806084	0.000482875	0.00116414
46	0.0361184	0.00217887	0.00100426	0.00266165	0.0229582	0.0063431	0.00197166	0.198397	0.0129518	0.171264	0.200605	0.00440832	0.0021365	0.00296039	0.033328	0.0616592	0.0336243	0.131675	0.0449198	0.0288358
47	0.113873	0.00437999	0.000980972	0.00224606	0.0344404	0.00946812	0.00298386	0.0651778	0.00296659	0.462683	0.106544	0.00567771	0.00178837	0.00516934	0.00551727	0.010982	0.0126095	0.0645526	0.0832864	0.00467291
48	0.322236	0.0228316	0.0012556	0.00266822	0.0125961	0.0716603	0.00399751	0.0260889	0.00210259	0.0428507	0.0223544	0.0112562	0.0164013	0.00491863	0.00467188	0.322476	0.0612923	0.0368646	0.00251302	0.00896368
49	0.0433897	0.00946343	0.311235	0.234465	0.00475295	0.00454026	0.050484	0.0209276	0.0351742	0.00646411	0.00439329	0.0450851	0.0504759	0.0237873	0.033626	0.0508683	0.0467532	0.019393	0.00132416	0.00339779
50	0.0190041	0.000806137	0.000580032	0.00429922	0.0138922	0.00369519	0.0243519	0.00685859	0.446913	0.0112436	0.0148852	0.0122104	0.00119836	0.00895498	0.361889	0.0152106	0.0138567	0.0184176	0.0083644	0.0133687
51	0.0206015	0.0020696	0.000796964	0.00176159	0.285056	0.0151116	0.0015796	0.297457	0.0125744	0.0547902	0.00547011	0.00213542	0.00159495	0.00206603	0.00162408	0.00690268	0.0061857	0.0883946	0.0846671	0.109161
52	0.0447426	0.00979596	0.0479447	0.0419081	0.0107398	0.0995225	0.0536321	0.00434595	0.0397732	0.0312824	0.00688669	0.0688025	0.0702439	0.066047	0.0647557	0.238845	0.0519352	0.0186408	0.000805856	0.0293496
53	0.0188862	0.00111055	0.00112157	0.00408728	0.0132813	0.00846107	0.0219572	0.00823365	0.408093	0.0109115	0.0156232	0.0164842	0.00347681	0.00985997	0.381965	0.0171317	0.0137996	0.0179765	0.00724383	0.0202954
54	0.0199372	0.0010227	0.000652471	0.00431458	0.013891	0.00428351	0.0238364	0.0074363	0.444259	0.0124963	0.0149666	0.0125816	0.00135934	0.0088431	0.360163	0.0155605	0.0140511	0.0185982	0.00809179	0.0136553
55	0.024612	0.00265855	0.00839145	0.00288051	0.0154683	0.0798438	0.0458936	0.0285516	0.296786	0.0107884	0.00759024	0.0558487	0.0975926	0.0328541	0.16659	0.0162766	0.0157186	0.0334207	0.0024946	0.0557391
56	0.0484465	0.00300354	0.000120601	0.000171156	0.0188188	0.00537621	0.000171037	0.343687	0.000939981	0.165777	0.0393184	0.000278041	0.00204687	0.00240827	0.00114773	0.00521382	0.0335218	0.32717	0.00188288	0.000499376
57	0.0331876	0.00200209	0.000266682	0.000488068	0.0230854	0.00453388	0.000295134	0.337627	0.00061063	0.247428	0.0526287	0.00121022	0.00138896	0.00202688	0.000805649	0.00376741	0.0236606	0.261744	0.00204017	0.00120329
58	0.11085	0.0176933	0.000628068	0.000947068	0.0943975	0.0184392	0.00140587	0.168486	0.00150813	0.195468	0.0337083	0.00169229	0.00395213	0.0108592	0.00239617	0.0257366	0.0405663	0.217031	0.00305736	0.0511771
59	0.18364	0.0014185	0.000538501	0.000843103	0.0974642	0.0797282	0.000938789	0.238953	0.000823931	0.165921	0.0357225	0.00117556	0.0014884	0.000943145	0.00120502	0.0219823	0.0623719	0.0896782	0.0120815	0.00308243
60	0.0932032	0.0110123	0.00109308	0.00142194	0.00654771	0.727756	0.00172626	0.00877457	0.00118304	0.00762873	0.0077434	0.00521745	0.00427023	0.00187833	0.00164589	0.0965216	0.00735421	0.0104852	0.00141616	0.00312114
61	0.0326556	0.00953105	0.000524272	0.00291629	0.0784395	0.0102881	0.00574003	0.156451	0.000993416	0.331882	0.177311	0.00550244	0.000728957	0.0070691	0.00222441	0.015517	0.0562114	0.0890408	0.00869009	0.00828314
62	0.101794	0.0145096	7.24987e-05	0.000797016	0.0781168	0.0234886	0.000131018	0.203877	0.000185637	0.356404	0.0182856	0.00014689	0.000970914	0.000137574	0.000123941	0.0132392	0.0167496	0.169947	0.000734576	0.000287489
63	0.0474877	0.00287158	0.000226894	0.000264074	0.0209728	0.00604208	0.00016908	0.338148	0.00104491	0.172764	0.0394203	0.000323625	0.00270176	0.00269545	0.00116323	0.00523073	0.0330327	0.322173	0.00219815	0.00107001
64	0.0425778	0.00661952	0.00123537	0.00767585	0.293608	0.00990784	0.00360474	0.0661089	0.00281711	0.194531	0.0892335	0.0131664	0.00174576	0.0117596	0.00520199	0.0362868	0.0241007	0.0671866	0.0113509	0.111281
65	0.198737	0.0251917	0.000350039	0.000690029	0.0543575	0.067459	0.000545511	0.211347	0.000563736	0.154403	0.0262175	0.00095328	0.000696588	0.00143067	0.000529405	0.0143325	0.0080717	0.226894	0.000766407	0.00646348
66	0.113393	0.0120282	0.000133738	0.000821886	0.0782672	0.025172	0.000239003	0.220525	0.000284381	0.335256	0.0165933	0.000259067	0.00169817	0.000186575	0.000516984	0.0135636	0.0174446	0.159295	0.00267508	0.00164685
67	0.0800076	0.00331018	0.000465429	0.000514446	0.0041572	0.79168	0.000454535	0.00698682	0.000728674	0.00273696	0.00525745	0.00370186	0.00267434	0.000604464	0.000481573	0.0829297	0.00217992	0.00903441	0.000759302	0.00133468
68	0.181003	0.00581947	0.00846749	0.00294908	0.019772	0.170812	0.00590564	0.0227644	0.00870615	0.0515263	0.0291984	0.133588	0.0133005	0.00812484	0.00225137	0.205231	0.0636801	0.0407762	0.0106427	0.015481
69	0.0979693	0.0119523	0.000218188	0.00145061	0.0805043	0.0251635	0.000147873	0.208926	0.000490915	0.346136	0.0189139	0.000220675	0.00288448	0.000201408	0.000665173	0.0121028	0.0165763	0.169561	0.00291274	0.00300266
70	0.0434188	0.00259986	0.000138581	0.000203126	0.0185802	0.0056609	0.000244404	0.366807	0.000774969	0.15841	0.0397035	0.000395788	0.00166125	0.00210361	0.00100423	0.00462453	0.0280329	0.322806	0.00226829	0.00056268
71	0.483724	0.0885226	0.000661234	0.000831567	0.00856543	0.0888217	0.00106692	0.0274786	0.000856932	0.0400326	0.0227104	0.00195069	0.0038205	0.00141243	0.000838	0.178749	0.0341143	0.00693637	0.00154434	0.00736258
72	0.335529	0.0295229	0.00380363	0.00376578	0.0612845	0.256745	0.00271955	0.018333	0.00546806	0.0220888	0.021103	0.0150097	0.00262137	0.00285404	0.00176175	0.096313	0.033826	0.0274398	0.0278232	0.0319881
73	0.0418815	0.0157374	0.000420933	0.0160919	0.11276	0.00550429	0.00858567	0.087662	0.00738617	0.249327	0.11189	0.0454304	0.000619196	0.035827	0.0172237	0.0509643	0.0421609	0.107322	0.0177456	0.0254599
74	0.306631	0.00101673	0.000520309	0.00269855	0.00315883	0.0181739	0.00149349	0.0170069	0.00137844	0.00669155	0.0156238	0.00241887	0.0321664	0.00114711	0.0125045	0.454551	0.0767058	0.0409299	0.000982147	0.0042009
75	0.0265384	0.00442085	0.202584	0.218071	0.00431361	0.00490532	0.141518	0.023054	0.0414051	0.00733139	0.00447266	0.0560538	0.0398341	0.0267749	0.0182668	0.0461008	0.109236	0.0213609	0.00112723	0.00263059
76	0.0179147	0.0027238	0.131218	0.017184	0.00761971	0.0421383	0.035535	0.0127056	0.00204339	0.0124248	0.0084405	0.269401	0.00271322	0.0027492	0.00201514	0.260942	0.154675	0.0105209	0.00207596	0.00495923
77	0.0413468	0.0022706	0.000170705	0.000329945	0.019215	0.00572641	0.00025993	0.386902	0.000724962	0.160185	0.0401239	0.000599554	0.0015635	0.00190474	0.000878963	0.00428006	0.0246987	0.306008	0.00193049	0.000881248
78	0.0538183	0.00277918	0.0329411	0.063962	0.080405	0.0389868	0.0497433	0.0594229	0.00221753	0.0711315	0.023558	0.0193012	0.0333516	0.0342837	0.00174613	0.0130142	0.0754921	0.0450532	0.116047	0.182745
79	0.014314	0.00326111	0.00131276	0.0372019	0.00841523	0.243557	0.0026291	0.0462681	0.00257258	0.111014	0.14498	0.00352958	0.00223412	0.0199559	0.00211379	0.0270186	0.131996	0.0463851	0.147264	0.00397785
80	0.0101198	0.000568157	0.000507029	0.00127143	0.0336628	0.00159487	0.000519167	0.257993	0.000296387	0.477795	0.0635759	0.00271883	0.000637208	0.00133389	0.000243626	0.00160052	0.0101714	0.132095	0.0011199	0.00217656
81	0.0474764	0.00287636	0.000141858	0.000223783	0.0187357	0.0054615	0.000244546	0.354556	0.000881157	0.164504	0.0408121	0.00038578	0.00195039	0.00228239	0.0011637	0.00599997	0.0354571	0.314255	0.00200528	0.000586599
82	0.114848	0.0058275	0.000460152	0.00135934	0.0773731	0.0283033	0.000378312	0.247596	0.00109049	0.2825	0.0189181	0.000492946	0.00617889	0.000557271	0.00184474	0.0110819	0.0251832	0.159339	0.00933145	0.00733603
83	0.286779	0.0045063	0.000390462	0.000854822	0.0112558	0.485086	0.000937987	0.0201539	0.000946328	0.0110298	0.00863644	0.00853335	0.00298003	0.0011109	0.000828333	0.102643	0.00891152	0.0395422	0.00181965	0.00305388
84	0.0223558	0.00256908	0.00353816	0.00548801	0.014443	0.020019	0.0230775	0.0135535	0.272801	0.0167517	0.0191234	0.0174355	0.00989951	0.0149205	0.427355	0.0314247	0.0154592	0.0195831	0.0077578	0.0424443
85	0.256959	0.0113745	0.000630364	0.00105517	0.0916238	0.0512286	0.000857609	0.157541	0.000841344	0.184847	0.0262097	0.0018307	0.00127412	0.00210829	0.00100413	0.0347186	0.0211845	0.146307	0.00322105	0.00518258
86	0.0113829	0.000733384	0.000475302	0.00119177	0.0348253	0.00200807	0.000364999	0.257901	0.000296507	0.479571	0.0597065	0.00263451	0.000610194	0.00133519	0.000250605	0.00173974	0.010086	0.131866	0.000998135	0.0020226
87	0.150939	0.00850806	0.00443388	0.0713548	0.0876702	0.0349228	0.00826131	0.0345817	0.00901319	0.0566629	0.105937	0.0271807	0.00751651	0.226152	0.00479222	0.0406094	0.0453995	0.0458629	0.00820002	0.022002
88	0.0807586	0.00362267	0.000445314	0.000523126	0.00422988	0.789187	0.000697712	0.00755839	0.000671542	0.00294041	0.00515232	0.00380701	0.00294328	0.000687965	0.000497947	0.0823818	0.00233001	0.00940707	0.000759019	0.00139933
89	0.487327	0.0669189	0.000411262	0.000781525	0.00924613	0.0696356	0.000975942	0.0267868	0.000598947	0.0417077	0.0287965	0.00141305	0.00395671	0.000889172	0.000549978	0.208586	0.0358646	0.00735702	0.000970265	0.0072272
90	0.0773881	0.00326911	0.000277666	0.00046308	0.00362688	0.800873	0.000432905	0.00663968	0.000455178	0.00244462	0.00469881	0.00296921	0.00267115	0.000547705	0.000453362	0.0820456	0.00163348	0.00776779	0.000437184	0.000905278
91	0.304164	0.0199987	0.000895119	0.00212853	0.0130319	0.111051	0.00504251	0.0269566	0.00269624	0.0235723	0.0209924	0.0229239	0.0125765	0.00606545	0.00215696	0.275939	0.105294	0.0354922	0.00269518	0.00632674
92	0.0409847	0.00247337	0.000185775	0.000306727	0.0218756	0.00664122	0.000310021	0.396381	0.000631407	0.130225	0.0323692	0.000552482	0.00144886	0.00210012	0.000869699	0.00394049	0.0222659	0.333909	0.00165494	0.000874595
93	0.181393	0.014826	0.000359854	0.000964907	0.0143833	0.150421	0.00796574	0.0208807	0.00233432	0.00848385	0.0162227	0.0192102	0.0130188	0.0107492	0.000409325	0.416361	0.0945862	0.0221603	0.000484024	0.0047852
94	0.245185	0.00919787	0.000487964	0.000965014	0.00895519	0.170109	0.00659929	0.0141102	0.00204982	0.009197	0.0105491	0.0145004	0.0132031	0.00775181	0.000702083	0.402091	0.0641266	0.0152926	0.000605139	0.00432279
95	0.318617	0.00331266	0.0028592	0.00201192	0.0135353	0.0307695	0.00219473	0.0668876	0.00222459	0.032952	0.0243624	0.00910594	0.00281233	0.00483967	0.00174221	0.0993079	0.0826823	0.290444	0.00330222	0.00603689
96	0.113158	0.0148007	0.0003566	0.000669862	0.042778	0.0411303	0.000338786	0.266799	0.000511903	0.215826	0.0295039	0.000591079	0.00162205	0.000966066	0.000765897	0.00882007	0.0154852	0.240928	0.00184306	0.00310541
97	0.0301616	0.00295469	0.0014406	0.00232054	0.0109645	0.0103837	0.00224452	0.218533	0.00250924	0.170878	0.167702	0.0118317	0.0172789	0.00242879	0.00295536	0.110659	0.154277	0.0530091	0.00321635	0.0242511
98	0.397819	0.0244119	0.000655479	0.00192368	0.00727572	0.057418	0.0025297	0.0245377	0.00137393	0.0202156	0.017435	0.00815301	0.0159539	0.00294703	0.00457379	0.304851	0.0646211	0.0359569	0.00107335	0.00627443
99	0.0365585	0.0086277	0.00128063	0.0096093	0.155462	0.0108555	0.00461514	0.0442624	0.00428836	0.238611	0.147892	0.0183985	0.00292875	0.0351142	0.00782523	0.0423563	0.0585579	0.0461944	0.0654131	0.0611487
100	0.0492232	0.00308802	0.000121121	0.000196124	0.0196629	0.00556674	0.000195501	0.33833	0.000948614	0.172993	0.0400088	0.000346961	0.0020486	0.00241668	0.00116205	0.00549711	0.0343747	0.321433	0.00185275	0.000534553
101	0.237062	0.0133679	0.000543317	0.000975325	0.0102972	0.155095	0.00955618	0.0163145	0.00269111	0.0126803	0.0121254	0.015786	0.0130892	0.010166	0.00056875	0.384226	0.0815346	0.0177436	0.000608056	0.00556985
102	0.0431263	0.00916966	0.311653	0.236429	0.0036004	0.00391168	0.0509066	0.0201053	0.0356808	0.00595133	0.00407707	0.0449861	0.050952	0.0244466	0.0338264	0.0517835	0.0469847	0.0189809	0.00116904	0.00225954
103	0.0452406	0.0110347	0.00263638	0.0205572	0.0960479	0.0105654	0.0134929	0.0857523	0.00903686	0.203754	0.0885866	0.037458	0.00555168	0.0323207	0.0212603	0.0999477	0.0397848	0.147197	0.0109871	0.0187883
104	0.050829	0.00591236	0.00192734	0.00277557	0.0202864	0.0232998	0.00240292	0.21314	0.00197404	0.031896	0.0416686	0.00386589	0.00250211	0.00352138	0.00162577	0.0456742	0.284798	0.254834	0.00252074	0.00454543
105	0.043122	0.0105333	0.047362	0.0487304	0.0110707	0.0672172	0.0580325	0.00365947	0.044177	0.0338357	0.00689903	0.0573094	0.0760408	0.0738991	0.0705675	0.242706	0.0529826	0.0191783	0.000740425	0.0319363
106	0.0436662	0.00954634	0.315916	0.235531	0.00380021	0.0040189	0.0488096	0.0199701	0.0355507	0.00600328	0.00417332	0.0446139	0.051825	0.0236075	0.0342754	0.0511263	0.0454774	0.0188172	0.00119192	0.00207911
107	0.0382063	0.00317008	0.00524403	0.324025	0.0084286	0.028563	0.0613556	0.0125312	0.0701202	0.0135782	0.0112579	0.05787	0.0206052	0.232458	0.002109	0.050375	0.0365157	0.0155113	0.00275822	0.0053181
108	0.0183314	0.00121668	0.00232051	0.00770882	0.0141116	0.00809018	0.0308635	0.0101124	0.388632	0.0161486	0.0193369	0.0131777	0.00346438	0.0153984	0.368273	0.0171367	0.0142022	0.0184005	0.0129574	0.0201169
109	0.161158	0.0042605	0.00131645	0.00265068	0.0100454	0.0658814	0.00416187	0.0487321	0.00294706	0.0533819	0.0514707	0.114077	0.0509035	0.00641985	0.00196658	0.201487	0.162162	0.0488436	0.00243783	0.00569703
110	0.0181967	0.000863482	0.00149559	0.00375809	0.0149737	0.0114392	0.0288227	0.00853684	0.436818	0.0120348	0.0133524	0.0152752	0.00501591	0.0148797	0.338115	0.0148318	0.0149646	0.0210378	0.00757056	0.0180172
111	0.487677	0.00283099	0.000866365	0.00100596	0.00893798	0.0593656	0.00153923	0.0732611	0.000956541	0.0285764	0.0216203	0.0114178	0.0024957	0.00310012	0.000898643	0.1291	0.0389795	0.123198	0.00148803	0.0026846
112	0.0423756	0.00808387	0.0396623	0.0085574	0.185112	0.0228834	0.00721971	0.141766	0.00671107	0.12759	0.178603	0.0516025	0.00841964	0.0116412	0.00705943	0.0360388	0.0296468	0.0555979	0.00620817	0.0252221
113	0.368736	0.0238666	0.000486409	0.00136759	0.00917376	0.1167	0.00380977	0.032066	0.00134284	0.0209802	0.0183126	0.00939179	0.00963992	0.00400079	0.00162384	0.285981	0.0521446	0.0338726	0.00142935	0.00507466
114	0.0666602	0.00768171	0.000550279	0.00131939	0.0689335	0.0205627	0.00875522	0.189016	0.00232148	0.252055	0.125747	0.00466203	0.0014556	0.00233351	0.00836581	0.0285522	0.0966371	0.10227	0.0038231	0.00829783
115	0.0445087	0.00272925	0.000138265	0.000236713	0.020667	0.00602402	0.000240026	0.366059	0.000757019	0.158882	0.0419756	0.000404274	0.00164157	0.00204632	0.000979813	0.00499368	0.029042	0.315531	0.00214383	0.000999488
116	0.0772648	0.00325848	0.000342147	0.000459966	0.0037009	0.798477	0.000440997	0.00662818	0.000613404	0.00261422	0.00504577	0.00313801	0.00269617	0.000569928	0.000452943	0.0827813	0.00181158	0.0081527	0.000527547	0.00102431
117	0.159883	0.00140642	0.000900566	0.00113952	0.01152	0.0575877	0.00862673	0.243223	0.000944437	0.0774973	0.0899669	0.00239397	0.000994098	0.0142538	0.000961543	0.0911848	0.0561428	0.175897	0.00300595	0.00247001
118	0.175007	0.0161828	0.000379422	0.000839306	0.0165185	0.145899	0.00793614	0.0216205	0.00244724	0.00803394	0.0168365	0.0196907	0.0138647	0.0105709	0.000456812	0.414401	0.100422	0.0234649	0.000527935	0.0049006
119	0.0642604	0.00596186	0.00100567	0.00196128	0.102267	0.0200471	0.00173636	0.257037	0.00412355	0.195546	0.0349785	0.00247448	0.00705831	0.00464398	0.00335069	0.013288	0.0238257	0.197449	0.017186	0.0417981
120	0.166442	0.00359129	0.0003508	0.000651122	0.00905224	0.664168	0.000603471	0.0114364	0.000596361	0.0045648	0.00535057	0.00558003	0.00324762	0.000743373	0.000501733	0.10191	0.00356602	0.0146032	0.00127095	0.00176983
121	0.0433654	0.00519215	0.000508859	0.000909799	0.096303	0.0143843	0.00175478	0.174541	0.000536555	0.272027	0.124202	0.00108091	0.00112197	0.00180012	0.00137223	0.0132783	0.0716912	0.163195	0.00198789	0.0107469
122	0.318996	0.00116441	0.000500748	0.00255077	0.00326426	0.0207276	0.00141221	0.019205	0.00123688	0.00697326	0.0158177	0.00262622	0.029882	0.00117282	0.0116112	0.437952	0.0754666	0.0445382	0.00095311	0.00394951
123	0.0624782	0.0048245	0.00152689	0.00574144	0.33839	0.013543	0.00228469	0.0907325	0.0021583	0.148449	0.0603384	0.00584373	0.00364387	0.00428187	0.00219707	0.0228522	0.0194915	0.0574336	0.0165353	0.137254
124	0.255492	0.00570913	0.000876803	0.00183409	0.0121097	0.0308958	0.00197442	0.0852316	0.00134779	0.104915	0.0852954	0.00571255	0.00250082	0.00578236	0.000902571	0.121647	0.098056	0.150226	0.00277238	0.0267188
125	0.101904	0.0144756	7.42606e-05	0.000794031	0.07789	0.0237766	0.000136395	0.204134	0.000217317	0.355151	0.0184183	0.000150608	0.00107922	0.000151117	0.000154166	0.0132097	0.0166656	0.17036	0.000815311	0.000442367
126	0.247715	0.0100732	0.000473078	0.000901377	0.00889844	0.168629	0.00659249	0.0142028	0.00196459	0.00968597	0.0107305	0.0146912	0.0123709	0.00774777	0.000635936	0.399942	0.0647373	0.0153074	0.000544312	0.00415716
127	0.0182056	0.00822623	0.00135348	0.00254021	0.061653	0.00521361	0.00606418	0.177366	0.000711561	0.333054	0.242781	0.00617221	0.000872519	0.00837307	0.00098981	0.00849811	0.0262007	0.079349	0.00737782	0.00499757
128	0.0499623	0.00304755	0.000129335	0.000188988	0.0188519	0.00569789	0.000171298	0.340738	0.000964015	0.166029	0.0392248	0.000283826	0.00206188	0.00245109	0.00120121	0.0056117	0.03399	0.326992	0.00188913	0.000514263
129	0.101676	0.0144141	7.46971e-05	0.000809448	0.0781277	0.0235353	0.000132014	0.203279	0.000190326	0.356901	0.0184564	0.000146957	0.00100218	0.000139378	0.00012902	0.0133228	0.0167875	0.169735	0.000793861	0.00034706
130	0.140252	0.00245613	0.000662207	0.00054318	0.00519012	0.699214	0.000733139	0.00961155	0.0005262	0.00312724	0.00445972	0.00641888	0.00377116	0.000669797	0.00066068	0.105274	0.00216842	0.0126355	0.000546324	0.00107984
131	0.229338	0.0126644	0.00104028	0.00247994	0.0146339	0.0349415	0.00257542	0.0334682	0.00234477	0.0224551	0.0133558	0.00674805	0.249122	0.00355916	0.00616433	0.26447	0.0471723	0.0406826	0.00620666	0.00657737
132	0.0833883	0.00307028	0.00116324	0.00233657	0.0738669	0.0313702	0.000282912	0.236318	0.00189435	0.291716	0.027819	0.000473163	0.014235	0.000647455	0.00306644	0.0108588	0.0192601	0.168895	0.0138618	0.0154763
133	0.0139272	0.000731218	0.000547621	0.00114254	0.0324045	0.0024368	0.00034171	0.270182	0.000363387	0.443731	0.0590763	0.00251567	0.000959154	0.00135488	0.000325244	0.00196324	0.0117784	0.152597	0.00140429	0.00221752
134	0.0576762	0.00781322	0.0599735	0.0316336	0.0117732	0.111339	0.0488196	0.00847477	0.0275902	0.0268486	0.0100753	0.107644	0.0482704	0.0451977	0.0427925	0.243911	0.0659782	0.0185863	0.00252833	0.023075
135	0.0418664	0.00392929	0.000881286	0.00388533	0.0586311	0.0125892	0.00171459	0.210328	0.000856669	0.389015	0.0769764	0.00192374	0.00426003	0.00208407	0.00132909	0.00791108	0.018926	0.146285	0.00644191	0.010166
136	0.0431589	0.0106293	0.046618	0.0476875	0.0111467	0.0677818	0.0579224	0.00358098	0.0440939	0.0337807	0.00690023	0.0573875	0.0764562	0.0740536	0.0705279	0.243793	0.0528021	0.0189898	0.00075005	0.03194
137	0.140844	0.00541446	0.0200757	0.00339267	0.0419428	0.284745	0.00386318	0.0145385	0.0276521	0.0428181	0.0538556	0.0691285	0.00302598	0.00305194	0.0018813	0.104231	0.0330525	0.0789421	0.0333564	0.0341889
138	0.00997033	0.000474146	0.000506717	0.001247	0.0336715	0.00157903	0.000392563	0.258289	0.000306145	0.479768	0.0618009	0.00270457	0.000638586	0.00133097	0.000252925	0.00155908	0.00996071	0.13235	0.00103503	0.00216264
139	0.199813	0.0246948	0.000378105	0.000724485	0.0517211	0.0697019	0.000636647	0.214123	0.000565637	0.153879	0.0259116	0.000988538	0.000773654	0.00126933	0.000615412	0.0133176	0.00740586	0.226153	0.000886782	0.00644064
140	0.0352339	0.00439714	0.000569241	0.00131625	0.152696	0.0234784	0.00179317	0.0558432	0.0011787	0.547005	0.0942169	0.00171098	0.000892099	0.00150265	0.00102009	0.0222285	0.0157923	0.0263274	0.00955482	0.00324334
141	0.188186	0.0171848	0.000349994	0.000850109	0.0141793	0.151305	0.00807365	0.0202359	0.00247718	0.00841005	0.0152887	0.0182037	0.0131077	0.00947791	0.000383158	0.403233	0.10057	0.0230011	0.000496165	0.00498693
142	0.100101	0.013754	0.00013112	0.000867108	0.0788484	0.0243904	0.000133205	0.204214	0.000276312	0.354446	0.018361	0.00015408	0.0015459	0.000152733	0.000277689	0.0129508	0.0168551	0.170138	0.00134138	0.0010621
143	0.10216	0.014071	0.000104146	0.000837041	0.0779368	0.0239748	0.00013031	0.204805	0.000270217	0.353206	0.0180803	0.000153705	0.00159322	0.000153091	0.000286956	0.0129865	0.0172999	0.169555	0.0013566	0.00103844
144	0.493344	0.072927	0.000326478	0.00072206	0.00793179	0.082431	0.000773878	0.0242099	0.000502294	0.0386038	0.0240396	0.00132251	0.00395997	0.000856704	0.000484574	0.195657	0.0372434	0.00627853	0.00107815	0.00730772
145	0.021366	0.0117362	0.000340322	0.003258	0.0556711	0.00555501	0.00872705	0.167094	0.000430866	0.367069	0.224069	0.00421772	0.000439082	0.00631457	0.000862225	0.00911595	0.0301624	0.0666265	0.0121308	0.00481475
146	0.0953288	0.00278547	0.000975608	0.00238051	0.0795833	0.0372496	0.000290523	0.233748	0.00187255	0.284095	0.0265294	0.000448896	0.0129341	0.000489211	0.00356963	0.0102854	0.0202388	0.156327	0.0149251	0.0159433
147	0.0599522	0.00230249	0.00349187	0.00274854	0.0637105	0.0254278	0.000948534	0.238341	0.00249395	0.305292	0.0442599	0.00144373	0.0125522	0.00196733	0.00368269	0.0108496	0.017477	0.17174	0.00939339	0.0219253
148	0.0519043	0.00321842	0.000124844	0.000312609	0.0193259	0.00571273	0.000199738	0.333771	0.00103375	0.1698	0.0386241	0.000364365	0.002112	0.0024694	0.00129663	0.0055445	0.0344764	0.327323	0.0018404	0.000546344
149	0.044184	0.00747028	0.286569	0.228106	0.00322106	0.00451168	0.0589399	0.0209443	0.0373265	0.00535516	0.00352551	0.0483324	0.051761	0.0277395	0.0393633	0.0574539	0.0524199	0.0199865	0.000943617	0.00184657
150	0.0279061	0.00865554	0.000616421	0.0056044	0.0834252	0.00634128	0.00509175	0.156902	0.00222252	0.329809	0.151054	0.0130735	0.000855752	0.0198848	0.00459509	0.0176864	0.0380262	0.107132	0.00852681	0.0125909
151	0.0435886	0.0137411	0.000404252	0.0139085	0.105566	0.00507007	0.00735586	0.0836565	0.00688511	0.279111	0.116106	0.0416179	0.000567401	0.0332573	0.0191307	0.0445655	0.0389927	0.0999833	0.0228731	0.0236189
152	0.104169	0.0292117	0.00199713	0.00401266	0.0368529	0.0122047	0.00397586	0.0737068	0.188301	0.146684	0.0374319	0.0300238	0.00383226	0.00410746	0.1325	0.0436534	0.0662373	0.0711795	0.00369187	0.00622701
153	0.0273152	0.0123403	0.000326122	0.0036764	0.0615283	0.0068571	0.00961395	0.152032	0.000563172	0.386209	0.196731	0.00411985	0.000542599	0.00573861	0.00118312	0.0110911	0.0305964	0.0713004	0.013065	0.0051699
154	0.0535055	0.00337068	0.0845198	0.00307833	0.0272001	0.029691	0.0250736	0.068663	0.00234732	0.0328363	0.0104657	0.489254	0.0028076	0.00246665	0.00236348	0.0738037	0.0153038	0.0124832	0.00270188	0.0580638
155	0.0914258	0.00380796	0.000964657	0.00202023	0.0917343	0.0300811	0.000440221	0.219401	0.00166459	0.277152	0.0274225	0.000730447	0.0108633	0.00162439	0.00297642	0.0135124	0.0247352	0.163071	0.01344	0.0229326
156	0.180547	0.0160998	0.000335373	0.000892037	0.0146088	0.149593	0.00828046	0.0208367	0.00250326	0.00812712	0.0159293	0.0185278	0.0134924	0.0100775	0.000405798	0.411346	0.0993956	0.0235334	0.000494503	0.00497379
157	0.0980179	0.00392176	0.0241109	0.00341879	0.0387464	0.0898709	0.00356484	0.105928	0.00392181	0.0288802	0.044108	0.0324973	0.00382933	0.00569358	0.00328456	0.105515	0.0503492	0.344685	0.00411202	0.00554378
158	0.0165548	0.0093325	0.000710823	0.00142157	0.551618	0.0290388	0.00113878	0.0133162	0.00117477	0.258622	0.0582193	0.00171088	0.00124237	0.00144511	0.000973744	0.0242252	0.0137695	0.00656114	0.00120325	0.00772032
159	0.130651	0.0409033	0.000463628	0.000825319	0.110778	0.0220109	0.00094579	0.144069	0.00100456	0.155929	0.0432633	0.00224559	0.0011111	0.00580229	0.000748378	0.0553296	0.0558742	0.210183	0.00174027	0.0161214
160	0.0431448	0.0188476	0.000704768	0.0186094	0.0964394	0.00657244	0.0122142	0.101132	0.0068849	0.248969	0.107606	0.0414923	0.00137905	0.041724	0.0149686	0.0458186	0.0431398	0.114336	0.0146354	0.0213822
161	0.0410636	0.015836	0.0372704	0.0438814	0.012426	0.0629596	0.0608078	0.00726272	0.0557793	0.0377281	0.00996369	0.0651645	0.0602213	0.0755633	0.0670712	0.224703	0.048054	0.0221735	0.00130446	0.0507665
162	0.159956	0.0330247	0.000948008	0.00331598	0.141998	0.0275231	0.00344511	0.0464487	0.00196281	0.24829	0.0868585	0.00859942	0.00319723	0.0068382	0.00276411	0.036853	0.070637	0.0609029	0.0169481	0.0394898
163	0.0699251	0.0060454	0.000703092	0.000866342	0.0796336	0.0250471	0.00257777	0.195738	0.00115921	0.244014	0.0853844	0.00191512	0.00344933	0.00158596	0.00284253	0.0317053	0.0837887	0.140762	0.0040234	0.018834
164	0.031164	0.00798151	0.00284226	0.00627577	0.0529624	0.0101198	0.00603246	0.104356	0.00396135	0.268922	0.272328	0.0359203	0.00315582	0.0447907	0.0064372	0.0226458	0.0263547	0.0503075	0.0124431	0.0309994
165	0.0875734	0.00499641	0.00115862	0.00148436	0.0218313	0.0338528	0.00210987	0.191773	0.00121062	0.0514962	0.0693963	0.00270395	0.00138718	0.00474049	0.00102086	0.0488745	0.233965	0.235355	0.00222949	0.0028404
166	0.0435858	0.0175976	0.000539038	0.0146564	0.108444	0.00589944	0.00824523	0.0970694	0.00805815	0.245414	0.110017	0.0448919	0.000742836	0.0319929	0.0156632	0.0521885	0.0460608	0.109341	0.0167459	0.0228461
167	0.0434199	0.00300626	0.00363866	0.00717017	0.214759	0.0275398	0.0047054	0.158097	0.00644658	0.0964961	0.0205762	0.00513689	0.00812659	0.00817849	0.00191377	0.0204507	0.0165205	0.0735377	0.157794	0.122486
168	0.0417296	0.00573646	0.000589832	0.000997857	0.0976838	0.012966	0.00175684	0.171026	0.000520012	0.266881	0.122913	0.00128865	0.000848234	0.00226201	0.0013122	0.0142218	0.0755571	0.16754	0.00161389	0.0125552
169	0.179487	0.0215373	0.000458346	0.000816891	0.0784599	0.0248813	0.00128239	0.134577	0.00118118	0.138907	0.0337358	0.00177769	0.0011273	0.0166763	0.00113751	0.0447005	0.0432812	0.234945	0.00184991	0.0391794
170	0.036387	0.00196284	0.000410316	0.000697773	0.0322271	0.0069091	0.000268821	0.312741	0.000742067	0.267145	0.0501528	0.00105506	0.00270118	0.0020004	0.000943706	0.00470108	0.0269931	0.245391	0.00380723	0.00276348
171	0.11586	0.0143256	0.00506555	0.00698342	0.026679	0.0395223	0.00828749	0.0404145	0.005895	0.0344674	0.0150701	0.0122132	0.374684	0.0110963	0.00911059	0.178914	0.0367797	0.0457909	0.00926476	0.00957709
172	0.0686881	0.00121324	0.0267817	0.0235461	0.0704899	0.0456721	0.0147904	0.143865	0.043707	0.148237	0.0336749	0.0147557	0.0699705	0.0247105	0.0341427	0.0661278	0.0246876	0.126784	0.00125684	0.0168988
173	0.0973485	0.00618276	0.0028713	0.0317271	0.0544378	0.168967	0.00439736	0.0517235	0.00442598	0.0305939	0.0170176	0.010249	0.00469448	0.00496	0.00286579	0.106836	0.0192511	0.0528176	0.230968	0.0976654
174	0.0103828	0.00191673	0.00100503	0.0602682	0.0168802	0.0174683	0.0492313	0.0563367	0.288346	0.0950451	0.0984132	0.00300339	0.00219971	0.127717	0.0378967	0.00843096	0.0188623	0.019708	0.0481634	0.038725
175	0.0445669	0.00278984	0.000137621	0.000175247	0.0214206	0.00605558	0.000187141	0.357969	0.00079394	0.154673	0.0366881	0.000316069	0.00179229	0.00240755	0.00102475	0.00444012	0.0287414	0.333318	0.00185756	0.000645084
176	0.0454918	0.00327153	0.00264999	0.00632902	0.243353	0.0177544	0.00385164	0.0883934	0.00338036	0.15715	0.0534745	0.00659266	0.00581035	0.0121561	0.00217389	0.0242064	0.02416	0.046554	0.102814	0.150433
177	0.0910813	0.011788	0.000391065	0.000926778	0.0875996	0.0246815	0.000728492	0.178828	0.000622706	0.316558	0.0479675	0.000720174	0.00192539	0.00126533	0.000743743	0.0240398	0.0380583	0.161625	0.00369215	0.00675714
178	0.133595	0.0340153	0.00119242	0.00245361	0.0268639	0.0316737	0.00200892	0.086259	0.00260966	0.0572335	0.0147294	0.00576054	0.374117	0.0029363	0.00222582	0.0907018	0.028169	0.0739332	0.0217573	0.00776458
179	0.180128	0.00183603	0.000698913	0.000636483	0.0194208	0.0302647	0.00240425	0.14391	0.000558131	0.0978525	0.0724071	0.00192929	0.000691198	0.0146297	0.000533081	0.108751	0.075132	0.239386	0.00452799	0.00430378
180	0.0413424	0.00539728	0.000583918	0.000963622	0.09411	0.0126085	0.00215991	0.171853	0.000578068	0.273128	0.135347	0.00134477	0.000842394	0.00220123	0.00150911	0.0125669	0.0721723	0.1591	0.00218547	0.0100072
181	0.100199	0.0136587	0.000145948	0.000943269	0.0790188	0.0245467	0.000141012	0.204225	0.000260096	0.354687	0.0186352	0.00017101	0.00152973	0.000148133	0.000268849	0.0128148	0.0165591	0.169739	0.00124331	0.00106542
182	0.102381	0.0145041	7.34662e-05	0.000803638	0.0778858	0.0238776	0.000133936	0.204525	0.000226555	0.353439	0.0184576	0.000147803	0.00112152	0.000145169	0.000177788	0.0131613	0.0170292	0.170579	0.000890873	0.00043989
183	0.373312	0.00538488	0.000663006	0.00122964	0.012092	0.291118	0.00228695	0.0158204	0.00132318	0.012497	0.0100121	0.0151392	0.00452586	0.00270508	0.000820867	0.203684	0.01381	0.0269254	0.00250805	0.00414179
184	0.0749411	0.00605909	0.000610754	0.00128327	0.0578179	0.0250291	0.000273906	0.27072	0.00111381	0.255507	0.03518	0.000472844	0.00543634	0.00118542	0.00159362	0.00900721	0.0228665	0.218192	0.00598982	0.00672028
185	0.184287	0.0267662	0.000356243	0.000582664	0.0750262	0.0552218	0.000586134	0.192489	0.000537144	0.145498	0.0296318	0.000868796	0.000568737	0.00278363	0.000546617	0.0199216	0.016933	0.237799	0.000670137	0.00892635
186	0.0844251	0.00265983	0.00274308	0.00505146	0.0789229	0.0359826	0.00150374	0.231194	0.00602854	0.272794	0.0293847	0.00182287	0.0155641	0.00267513	0.00695203	0.014281	0.0192955	0.159932	0.0120043	0.016784
187	0.080537	0.0115328	0.00172205	0.00298605	0.0636778	0.0444525	0.00246878	0.108648	0.00284216	0.121798	0.0286038	0.00349145	0.304694	0.0034554	0.00295375	0.0576605	0.016087	0.0896195	0.028969	0.0238009
188	0.131732	0.022696	0.000858341	0.00174784	0.0667202	0.0642861	0.00231872	0.0318764	0.00176545	0.216065	0.09902	0.0055173	0.0386893	0.00188013	0.00125476	0.179432	0.0527361	0.0751207	0.00212955	0.00415451
189	0.170168	0.0019267	0.000841591	0.000718726	0.0185185	0.0342002	0.00276247	0.157364	0.000605299	0.095419	0.0738285	0.00210979	0.000773211	0.0137028	0.000606069	0.106692	0.0767265	0.234893	0.00415525	0.00398882
