946	20
1	0.071827	0.00476983	0.00473736	0.00381438	0.00746877	0.00762048	0.00324164	0.0474162	0.0527449	0.0299795	0.283572	0.00868524	0.0052067	0.0118484	0.107569	0.0348334	0.231344	0.0771528	0.00160745	0.00456062
2	0.118532	0.00959427	0.0258245	0.0129019	0.00178473	0.0565171	0.0109762	0.0277402	0.0197764	0.0164041	0.0107838	0.10254	0.0455277	0.0190172	0.0173224	0.26668	0.208437	0.0281788	0.000242297	0.00121911
3	0.151089	0.013829	0.00844953	0.00545883	0.0198797	0.0289859	0.00498757	0.0379591	0.00762771	0.0517237	0.0255931	0.0386112	0.0247644	0.0101427	0.0074176	0.331438	0.183678	0.040669	0.00202007	0.00567498
4	0.0275115	0.00677711	0.00362119	0.00457055	0.043946	0.00572012	0.0115322	0.0735404	0.00548095	0.486116	0.0474373	0.00787603	0.126097	0.0242259	0.00650344	0.0338435	0.0261208	0.0519224	0.00241446	0.00474364
5	0.0365467	0.01773	0.043963	0.0176919	0.00652523	0.0404192	0.0341358	0.00705678	0.0338905	0.0115748	0.00463582	0.314266	0.00664833	0.0198628	0.0115002	0.264553	0.0892157	0.0172301	0.000681014	0.0218726
6	0.0160914	0.0196056	0.0127803	0.100536	0.00425032	0.0294079	0.0338313	0.0296669	0.187504	0.0332356	0.0168366	0.018984	0.00412697	0.157462	0.20522	0.0521926	0.0406616	0.0169174	0.00171945	0.0189703
7	0.0105401	0.000339316	0.397348	0.444311	0.00146082	0.0292456	0.00443666	0.00128899	0.0198225	0.00284704	0.000569052	0.0318523	0.00306093	0.011373	0.0017215	0.0188229	0.00960794	0.00731884	0.000106196	0.00392733
8	0.0133158	0.00665094	0.00283548	0.0031037	0.0497025	0.00434059	0.011363	0.092198	0.00458194	0.614027	0.0534797	0.0078352	0.0183654	0.00965258	0.00473668	0.0178863	0.0202768	0.0589568	0.00263542	0.00405674
9	0.026068	0.00395843	0.00157737	0.00158807	0.0161051	0.00264582	0.00273883	0.410651	0.00297859	0.0987593	0.0323646	0.00415221	0.00309587	0.00181434	0.00337188	0.0151862	0.0396008	0.331796	0.000255375	0.00129225
10	0.00745682	0.0156544	0.00214439	0.00113976	0.308654	0.0027378	0.00510372	0.0989587	0.00145065	0.377571	0.0471653	0.00205658	0.00807478	0.00346465	0.00310814	0.0122901	0.00962607	0.0529574	0.00353348	0.0368523
11	0.00698724	0.00875275	0.00203599	0.00166057	0.0901126	0.00337323	0.00730056	0.0840564	0.00215081	0.635315	0.0528877	0.00353201	0.00839313	0.00474729	0.00344927	0.0119158	0.0138591	0.0435556	0.00274769	0.0131673
12	0.0213417	0.00679586	0.00202177	0.0020653	0.0418126	0.00394518	0.00561021	0.296486	0.00331028	0.291298	0.0531242	0.00505018	0.00883434	0.00537496	0.00414138	0.0210181	0.0308427	0.189729	0.00239362	0.00480544
13	0.0617422	0.0141559	0.0251814	0.0623947	0.0205402	0.0247586	0.0171671	0.0381463	0.0309017	0.29972	0.0412714	0.0242265	0.0225541	0.0599454	0.0247287	0.120706	0.0510333	0.0489055	0.0037337	0.0081872
14	0.0473651	0.00333038	0.0107978	0.0329822	0.00444506	0.00758619	0.0691758	0.0115842	0.0294035	0.0523224	0.0094724	0.020814	0.213984	0.325177	0.0244884	0.0754641	0.0385113	0.0178032	0.00254148	0.00275099
15	0.00191759	0.0320421	0.00469865	0.0011342	0.650117	0.0016416	0.0075513	0.0300532	0.000939276	0.0679626	0.00157656	0.00128087	0.0013732	0.00129898	0.0010757	0.0212769	0.00317535	0.0188478	0.00373697	0.1483
16	0.0273026	0.307486	0.00364926	0.0037205	0.0581859	0.0205476	0.0154084	0.0471566	0.00836326	0.255873	0.032542	0.00921301	0.0154283	0.0144691	0.0259225	0.0783063	0.0139982	0.0360729	0.00856771	0.0177864
17	0.0211759	0.000628369	0.578868	0.1607	0.00288261	0.0312977	0.0164861	0.00220935	0.00242969	0.00281732	0.000792969	0.0947736	0.00651836	0.00714703	0.00155395	0.0258803	0.0205774	0.016395	0.000183429	0.00668334
18	0.0153462	0.000455383	0.310943	0.495067	0.00201072	0.0329603	0.00572046	0.00223036	0.0314571	0.00580983	0.000848623	0.0282492	0.00315065	0.0239201	0.00268148	0.0171633	0.00987428	0.00833703	0.000172448	0.0036023
19	0.0280483	0.00630217	0.0554752	0.252465	0.00340329	0.0292877	0.0138815	0.0154086	0.249943	0.0164723	0.012752	0.0333165	0.00620629	0.0635829	0.134978	0.0300829	0.0302715	0.0127132	0.000834144	0.00457551
20	0.00665704	0.00030517	0.00955463	0.0326815	0.000378295	0.0159097	0.00467673	0.0135498	0.528504	0.00270639	0.0202111	0.0515356	0.00537411	0.0289779	0.224982	0.0192654	0.0300213	0.00410955	0.00011659	0.000483056
21	0.0161448	0.000533784	0.199184	0.599346	0.00338431	0.0300208	0.00517148	0.0033337	0.0476517	0.00863411	0.000923973	0.0155262	0.00115669	0.0368572	0.00462915	0.0106831	0.00625367	0.00752914	0.000227388	0.00280876
22	0.316091	0.0105644	0.00956827	0.00927684	0.00852309	0.0376119	0.00415963	0.0156215	0.00949832	0.0197241	0.009589	0.0203073	0.0197802	0.00673398	0.00560403	0.277062	0.178233	0.0362613	0.000327787	0.00546165
23	0.102881	0.00255144	0.00102093	0.00286057	0.030111	0.00673668	0.0024163	0.0969033	0.00160906	0.0539388	0.0232175	0.00203526	0.00460013	0.00185048	0.00101984	0.0185614	0.0137109	0.629566	0.000357174	0.00405185
24	0.0274796	0.0439202	0.0150196	0.00685528	0.00833578	0.0403359	0.260656	0.00792011	0.0742565	0.0377817	0.0139066	0.0561031	0.00799561	0.1021	0.17953	0.0419433	0.0166937	0.0123161	0.00648428	0.0403668
25	0.00577145	0.000688285	0.00908691	0.0323354	0.000645239	0.01535	0.0048652	0.0141258	0.525734	0.00281594	0.0223741	0.0478717	0.00535937	0.0313413	0.232035	0.0178788	0.0269032	0.00423565	0.000100888	0.000481477
26	0.0127696	0.00775186	0.00234725	0.00237748	0.0556305	0.00451487	0.0114531	0.099675	0.00515473	0.588463	0.0556569	0.00719615	0.0118041	0.0118706	0.00514238	0.0202302	0.0211031	0.0629208	0.00565764	0.00828106
27	0.025958	0.00103477	0.217855	0.49387	0.00246335	0.0624364	0.00722611	0.00390335	0.0429069	0.00864762	0.00158061	0.0264666	0.00439024	0.0365528	0.0078844	0.0285668	0.0141463	0.0101143	0.00025524	0.00374082
28	0.00974006	0.0173442	0.00709742	0.0759677	0.00288789	0.0215395	0.0414766	0.0291703	0.17392	0.0441705	0.0151721	0.00797255	0.00848101	0.26584	0.167943	0.0448191	0.0361046	0.0180017	0.0014734	0.0108786
29	0.00779179	0.000295352	0.41822	0.446416	0.00125807	0.0267652	0.00303743	0.000940552	0.0178143	0.00215204	0.000533742	0.0309911	0.00246102	0.00794838	0.0013627	0.0155492	0.00756215	0.00558996	0.000124188	0.00318687
30	0.198593	0.0123857	0.0106321	0.00875813	0.010607	0.0351905	0.00526227	0.020155	0.0107718	0.0187312	0.0113958	0.0428685	0.030216	0.00978552	0.00860547	0.315532	0.21189	0.0337093	0.000512455	0.00439855
31	0.045979	0.00481797	0.0101296	0.0053077	0.00064888	0.837883	0.000646465	0.00584865	0.00268332	0.00142066	0.00155103	0.00592103	0.00109047	0.00335396	0.017682	0.0432866	0.00610775	0.00475743	0.000179381	0.000705409
32	0.00197078	0.0354937	0.00426977	0.00122731	0.56497	0.00184923	0.0188835	0.0270643	0.000905793	0.0597153	0.00144833	0.00144976	0.00128639	0.00180554	0.00123369	0.0216762	0.00376119	0.0169674	0.00404671	0.229975
33	0.00167065	0.0190235	0.00075032	0.000695835	0.210229	0.000910045	0.0856323	0.00827006	0.000888675	0.0145245	0.00110224	0.00107903	0.000865164	0.00413526	0.000852489	0.0114535	0.00424068	0.00243305	0.0054694	0.625775
34	0.00699195	0.0262054	0.00429145	0.00167275	0.606265	0.00286966	0.0113804	0.0334012	0.00178402	0.0793316	0.00727875	0.00324382	0.00467633	0.00273964	0.00235264	0.025214	0.0112745	0.0233718	0.00645387	0.139201
35	0.0113463	0.00389318	0.0764876	0.0199249	0.00536557	0.0223838	0.0400611	0.00362223	0.0401186	0.00441774	0.00258222	0.52276	0.00385508	0.0157031	0.00643456	0.132147	0.0543308	0.0115226	0.000209981	0.0228334
36	0.0634219	0.00202721	0.00139576	0.00314878	0.0258454	0.00245779	0.00602545	0.206776	0.010093	0.204996	0.140867	0.0104112	0.01059	0.00495001	0.00329015	0.0455678	0.0784748	0.175033	0.000623157	0.00400505
37	0.00654026	0.00288526	0.00917213	0.0373136	0.000811402	0.0195824	0.00649767	0.0140969	0.514174	0.00624465	0.02032	0.0466307	0.0049332	0.0392953	0.214987	0.0209823	0.0282232	0.00576165	0.00036847	0.00118075
38	0.00167065	0.0190235	0.00075032	0.000695835	0.210229	0.000910045	0.0856323	0.00827006	0.000888675	0.0145245	0.00110224	0.00107903	0.000865164	0.00413526	0.000852489	0.0114535	0.00424068	0.00243305	0.0054694	0.625775
39	0.0185062	0.0196171	0.00359032	0.00190921	0.429707	0.00378438	0.0043966	0.0782505	0.00238299	0.19155	0.0340514	0.00314162	0.00856826	0.00453907	0.00400684	0.0246195	0.0129627	0.0825071	0.00389222	0.0680166
40	0.0147912	0.000463798	0.285929	0.523172	0.00194308	0.0322683	0.00547446	0.00264792	0.0355331	0.00640561	0.000704231	0.0239062	0.00217215	0.02897	0.00264893	0.0136952	0.00802052	0.00781518	0.000175215	0.00326387
41	0.0174831	0.000332901	0.481919	0.308384	0.00211806	0.0349875	0.0104888	0.00159966	0.00909511	0.00248532	0.000588357	0.0551557	0.00550082	0.00850183	0.00167363	0.0237988	0.016879	0.0128617	0.000127836	0.00601966
42	0.0502494	0.0549246	0.0131528	0.0371223	0.0155962	0.0291608	0.019323	0.0256893	0.0594112	0.203445	0.120748	0.0177852	0.00731542	0.0555451	0.0439384	0.0927012	0.0786474	0.0627862	0.00700388	0.00545419
43	0.0807484	0.00179008	0.000790813	0.000753625	0.0215578	0.00456847	0.00231674	0.110006	0.000988671	0.0455566	0.0178552	0.00161241	0.0029265	0.000835989	0.000970156	0.0118588	0.0108683	0.680432	0.000122597	0.00344028
44	0.0319421	0.0208804	0.00690373	0.00357304	0.0164507	0.0107098	0.159284	0.0301878	0.0331142	0.225349	0.0287531	0.0415787	0.0119554	0.143923	0.0467897	0.0631153	0.0438876	0.0562146	0.00457326	0.0208147
45	0.208867	0.0028783	0.0534844	0.0535521	0.00250923	0.243929	0.00206491	0.00392945	0.00399798	0.00512344	0.00602603	0.0563226	0.00861927	0.0365253	0.00356987	0.210912	0.0733816	0.0152966	0.000512359	0.00849859
46	0.0421038	0.00498937	0.0131551	0.0089378	0.000577045	0.827397	0.00203428	0.0060354	0.00399873	0.00164669	0.00165467	0.00760502	0.00219489	0.00373037	0.019073	0.041466	0.00745458	0.0050529	0.000217999	0.0006756
47	0.0160167	0.00239006	0.101599	0.249736	0.00425345	0.0225526	0.0180832	0.00652142	0.144637	0.0165105	0.00604487	0.214268	0.00422754	0.0523934	0.0334316	0.0476593	0.0375734	0.0121483	0.000612089	0.00934205
48	0.00299372	0.0159808	0.00166192	0.00146265	0.0259845	0.00585815	0.00366642	0.00722029	0.00704457	0.00776224	0.00201877	0.00208521	0.00144484	0.00190557	0.00869461	0.00423313	0.0151903	0.00955738	0.869621	0.00561376
49	0.0055514	0.000297072	0.43471	0.445947	0.000975178	0.0259088	0.00173145	0.000605718	0.0165518	0.00145041	0.00048169	0.0296884	0.00195635	0.00569312	0.00110839	0.0139894	0.00653851	0.00412757	0.000104753	0.00258319
50	0.00491737	0.000283315	0.419155	0.465358	0.000873266	0.0251748	0.000876917	0.000562533	0.0186257	0.00147707	0.000490712	0.0275428	0.00179062	0.005846	0.00111554	0.0138838	0.00566228	0.00379655	0.000110521	0.00245656
51	0.235121	0.00342869	0.00397505	0.0103871	0.0293102	0.0204469	0.00177524	0.0703752	0.00578897	0.0445072	0.0399818	0.00783185	0.0129591	0.00536141	0.00193907	0.0571949	0.0414559	0.404796	0.000355317	0.00300945
52	0.0112392	0.000369057	0.358696	0.479027	0.00159846	0.0288238	0.00416886	0.00166297	0.0253284	0.00418609	0.000839902	0.0283962	0.0027879	0.0163982	0.00184814	0.0158255	0.00868277	0.00672628	0.000180234	0.00321496
53	0.00564127	0.000246946	0.00906742	0.0324493	0.000323392	0.0150948	0.00455234	0.0132037	0.533186	0.00228129	0.0207612	0.0488401	0.00540341	0.0300939	0.22995	0.0176965	0.0269105	0.00390989	9.02618e-05	0.000297329
54	0.00878448	0.0193948	0.00434781	0.0023024	0.213096	0.0039824	0.0826234	0.0138097	0.00433435	0.0246207	0.00391327	0.00997471	0.00581523	0.00824357	0.00629911	0.0256135	0.0105241	0.00972947	0.00517206	0.537419
55	0.0102829	0.00894256	0.00188208	0.00164005	0.0789304	0.00393005	0.00507121	0.0863361	0.00253012	0.645955	0.0538399	0.00278522	0.0080566	0.00420821	0.00384159	0.00963545	0.0125774	0.051658	0.00254458	0.00535204
56	0.158627	0.0298169	0.00825513	0.00539919	0.0319112	0.0565309	0.005341	0.0242993	0.00311692	0.0683082	0.0266111	0.0287009	0.0188744	0.00681675	0.00709631	0.367532	0.093417	0.0442842	0.00437257	0.0106895
57	0.0446578	0.0423551	0.00963153	0.00564389	0.00390006	0.721316	0.00379703	0.00788671	0.00526627	0.00611397	0.00281905	0.0153897	0.0037741	0.00493184	0.0211394	0.075408	0.0148484	0.00690735	0.00173473	0.0024787
58	0.00181128	0.0269903	0.00345071	0.000975927	0.521374	0.00131352	0.0303957	0.0218959	0.00090508	0.0508465	0.00138446	0.00125685	0.00121011	0.00214676	0.0012276	0.0185979	0.00371356	0.0135143	0.00433597	0.292654
59	0.0986751	0.0324766	0.0129679	0.007612	0.0150195	0.0297623	0.0078094	0.0254766	0.0133548	0.0292149	0.0164146	0.0764449	0.0291204	0.0140573	0.0131339	0.287488	0.249259	0.0344948	0.00142611	0.00579249
60	0.00589232	0.00122258	0.00912097	0.0324367	0.00110465	0.018375	0.00506847	0.0127274	0.538302	0.00395932	0.0227734	0.0490187	0.00495379	0.0289994	0.212127	0.0208357	0.027109	0.00519042	0.000371943	0.000411305
61	0.0490493	0.00816275	0.000635777	0.00235496	0.053946	0.00429687	0.0029635	0.141379	0.00267771	0.26231	0.0671822	0.00298335	0.00944489	0.00506558	0.00372907	0.0194012	0.0203089	0.335938	0.00334942	0.00482028
62	0.0206465	0.000413697	0.477719	0.275167	0.00236397	0.0393491	0.0133674	0.00216484	0.00666339	0.00308815	0.000816151	0.0583588	0.00819648	0.00969977	0.00178351	0.0313301	0.0244258	0.0170638	0.000143817	0.00723876
63	0.0183849	0.00035215	0.479378	0.294573	0.00223351	0.0378352	0.0113839	0.00188816	0.00842455	0.00282861	0.000691884	0.0545246	0.00655285	0.00913793	0.00155356	0.0294338	0.0201059	0.0144459	0.000157429	0.00611501
64	0.0465783	0.0105483	0.0420801	0.0163857	0.0055786	0.0406845	0.0273563	0.00772853	0.0283631	0.00906936	0.00406979	0.338994	0.0103031	0.0158935	0.00847671	0.262364	0.095547	0.0154583	0.000402019	0.0141183
65	0.00766659	0.00858235	0.00851878	0.0386117	0.00158358	0.0207873	0.02452	0.0184776	0.426472	0.0118328	0.0193372	0.0382624	0.00463581	0.0709528	0.23346	0.0245233	0.0286181	0.00755404	0.000916692	0.00468632
66	0.00189222	0.0188236	0.000791719	0.000975192	0.209823	0.000984793	0.087519	0.00850869	0.00109867	0.0152456	0.0010739	0.00171929	0.00135642	0.00595207	0.00157443	0.0120126	0.00436762	0.00273432	0.00551969	0.618028
67	0.138933	0.0180779	0.0175388	0.0129431	0.0134101	0.058728	0.013339	0.0202211	0.0155428	0.0328637	0.0153531	0.0832221	0.0500431	0.0193882	0.0122616	0.308551	0.129075	0.0311383	0.00172725	0.00764232
68	0.0623648	0.00989873	0.00540961	0.00616662	0.0100687	0.0113947	0.00332614	0.0445186	0.0585926	0.0440061	0.270125	0.00855219	0.00523486	0.0130563	0.106722	0.0401611	0.216653	0.0764346	0.00279236	0.0045225
69	0.0150483	0.00362154	0.00969774	0.0312305	0.00369875	0.0170863	0.0124641	0.0233098	0.46141	0.0188886	0.0411804	0.0438563	0.00636105	0.0387326	0.185703	0.0236252	0.0410453	0.0196265	0.000980936	0.00243225
70	0.0240516	0.00437307	0.001851	0.00169328	0.0217148	0.00364642	0.00264038	0.440297	0.00295068	0.0785944	0.0350686	0.00414333	0.00270031	0.00176266	0.00392076	0.0128471	0.0403967	0.315859	0.000205534	0.00128381
71	0.00165698	0.0226337	0.00189178	0.000849977	0.341488	0.00102524	0.0609641	0.0139207	0.00089565	0.0296396	0.00112241	0.00112868	0.00101144	0.00321614	0.000931837	0.0149922	0.00374556	0.00704118	0.0051616	0.486683
72	0.00553289	0.0241153	0.00460685	0.00168539	0.618138	0.00264524	0.00966742	0.0353624	0.00106743	0.0812616	0.00647185	0.00245442	0.00455357	0.00241153	0.00171509	0.0242344	0.00765206	0.0269678	0.00398289	0.135474
73	0.0187146	0.00148021	0.252577	0.489549	0.00228027	0.0302558	0.00659904	0.00495142	0.0464198	0.00949249	0.00227845	0.026162	0.00981751	0.0350582	0.0110179	0.0240924	0.0168394	0.00884087	0.000310213	0.00326361
74	0.0174537	0.00352822	0.00111627	0.000989309	0.0163824	0.00227589	0.00156306	0.45984	0.00100103	0.0630767	0.0184172	0.00159194	0.00154215	0.000765482	0.0030781	0.00643134	0.0208077	0.378972	0.000205349	0.000962177
75	0.0171677	0.0222602	0.00891828	0.0313227	0.00800155	0.0274157	0.0859367	0.0230203	0.205843	0.0565475	0.0397059	0.0312918	0.00832838	0.122435	0.19648	0.0408183	0.0338239	0.0230712	0.003921	0.0136918
76	0.0122419	0.00330775	0.0129705	0.0460225	0.0011329	0.0217115	0.0173832	0.0131071	0.478273	0.00661514	0.0226534	0.0503649	0.0072021	0.0452068	0.197454	0.0247269	0.0303483	0.00646818	0.000635342	0.00217519
77	0.00843801	0.010522	0.0124089	0.0405714	0.00554586	0.0116216	0.144511	0.0109375	0.0517342	0.0746188	0.0135195	0.027713	0.0299129	0.410762	0.0591202	0.0364077	0.0167997	0.018075	0.00441034	0.0123703
78	0.0093	0.00233042	0.0191536	0.0351608	0.00136213	0.0182258	0.0127507	0.0115363	0.465912	0.00611372	0.0176725	0.107548	0.00586445	0.0317512	0.17681	0.0345293	0.0330561	0.00698533	0.000232423	0.00370578
79	0.00362006	0.0218062	0.0019107	0.000929199	0.308457	0.0013639	0.0636526	0.0154467	0.000938138	0.0312436	0.00296388	0.00161701	0.00193772	0.00369497	0.00109839	0.0192787	0.00740084	0.00872867	0.00483385	0.499078
80	0.0106596	0.0103256	0.0022068	0.00143994	0.114529	0.00409498	0.0053528	0.0909574	0.0014287	0.596225	0.0529106	0.00299503	0.00907935	0.00328594	0.00284853	0.0133669	0.0152157	0.0474149	0.00262994	0.0130325
81	0.0181702	0.0012367	0.259489	0.502546	0.00272756	0.0319154	0.00568135	0.00364925	0.0489722	0.00858382	0.00225877	0.0239127	0.00321041	0.0320552	0.00950039	0.0206178	0.0126201	0.00925355	0.000234787	0.0033652
82	0.540664	0.00927537	0.00887724	0.00554034	0.00439688	0.0429056	0.0027723	0.0194181	0.0068964	0.0137106	0.0101675	0.0131119	0.0157315	0.00491046	0.00489095	0.123216	0.108539	0.0626012	0.000320891	0.00205337
83	0.0155836	0.00826727	0.00232527	0.00312989	0.0512177	0.00448283	0.0125634	0.0963501	0.00410079	0.590929	0.0554604	0.00544571	0.012374	0.0182331	0.0052206	0.0183355	0.0213378	0.0597362	0.00681496	0.00809229
84	0.0174764	0.00164088	0.481053	0.255516	0.00889729	0.0314786	0.0118729	0.00261246	0.013837	0.00454119	0.00152637	0.078458	0.00711549	0.00986862	0.00420923	0.0282734	0.019799	0.0130395	0.00201767	0.00676692
85	0.00564127	0.000246946	0.00906742	0.0324493	0.000323392	0.0150948	0.00455234	0.0132037	0.533186	0.00228129	0.0207612	0.0488401	0.00540341	0.0300939	0.22995	0.0176965	0.0269105	0.00390989	9.02618e-05	0.000297329
86	0.0135686	0.043973	0.0156029	0.00960197	0.00391436	0.04634	0.242619	0.00176539	0.0974307	0.02521	0.0107165	0.0580775	0.0104148	0.138197	0.212308	0.028741	0.00841979	0.00251217	0.00728685	0.0232994
87	0.00696672	0.000306414	0.42193	0.447892	0.00119091	0.0262056	0.00258373	0.000847928	0.0178545	0.00185487	0.000524025	0.0303346	0.00227692	0.00738831	0.00127768	0.0152247	0.0071981	0.00514284	0.000115286	0.00288492
88	0.0146848	0.048425	0.0143865	0.0080965	0.00369298	0.0519034	0.239003	0.00214589	0.105812	0.0213113	0.0114077	0.0564027	0.00564972	0.113895	0.232587	0.0270884	0.00907423	0.00190923	0.0076125	0.0249128
89	0.339033	0.00241612	0.0164511	0.0188284	0.0051833	0.0688148	0.00870193	0.00389591	0.020911	0.0105969	0.00808314	0.0260108	0.0724859	0.0127662	0.0139858	0.200115	0.121755	0.0460224	0.000212357	0.00373095
90	0.00612916	0.00101769	0.00894978	0.0334901	0.000794794	0.0157708	0.00498365	0.013796	0.526925	0.00383082	0.0224128	0.0471828	0.00505541	0.0324132	0.221176	0.0197101	0.0302115	0.00513576	0.000241534	0.000773383
91	0.342562	0.00707112	0.0131478	0.00941059	0.00187611	0.403054	0.00156995	0.00899175	0.00435539	0.00605796	0.00459279	0.0116571	0.00607839	0.00609894	0.00950173	0.0851213	0.0476736	0.0281882	0.00120766	0.00178341
92	0.0177895	0.00863267	0.0011368	0.00184642	0.0577922	0.00337027	0.00507674	0.148426	0.00194294	0.481301	0.0775522	0.00297726	0.0113983	0.00708448	0.00478349	0.0145174	0.0167372	0.128034	0.00509737	0.00450419
93	0.00462726	0.000300042	0.436819	0.450237	0.00103134	0.0258385	0.0014886	0.000496371	0.0166564	0.00131378	0.000487324	0.0279692	0.00185498	0.00526943	0.000994477	0.0130212	0.00595819	0.00341045	0.000105954	0.0021202
94	0.037435	0.00485995	0.00283747	0.00200092	0.0151742	0.00538222	0.00251143	0.404649	0.00449874	0.0810257	0.0304998	0.00999093	0.00479835	0.00223328	0.00498796	0.0234537	0.0649344	0.296484	0.000252288	0.00199043
95	0.00980899	0.00914878	0.00206965	0.00178872	0.0518884	0.00429897	0.00773782	0.0878195	0.00265043	0.659717	0.057149	0.00397979	0.00878971	0.00587206	0.00401568	0.0133997	0.0178322	0.047679	0.00230991	0.00204495
96	0.0986787	0.00333491	0.00729004	0.00472185	0.00563196	0.0153164	0.00275621	0.107427	0.0300596	0.0449769	0.192113	0.0179445	0.0102912	0.01588	0.0672416	0.0349203	0.160305	0.175285	0.00086517	0.00496109
97	0.0281494	0.004668	0.0184489	0.031685	0.00230444	0.0415103	0.0160799	0.0136787	0.347181	0.0104832	0.0137319	0.114325	0.0112724	0.0427431	0.125382	0.0939779	0.0680637	0.0112965	0.000976916	0.00404097
98	0.00928254	0.000345169	0.440569	0.408283	0.00138403	0.0280784	0.00469426	0.00102445	0.0164343	0.00219243	0.000580425	0.0371564	0.00296035	0.00814318	0.00161859	0.0166802	0.00961677	0.00721577	0.000149762	0.00359093
99	0.0110662	0.00853276	0.00261194	0.00267178	0.0579257	0.00501172	0.00986122	0.0910717	0.00385445	0.619019	0.0585301	0.00467867	0.0101093	0.0137193	0.00477633	0.0149636	0.0174067	0.0558663	0.00303007	0.00529312
100	0.00590832	0.00161466	0.00895175	0.0334671	0.000512985	0.0158722	0.00780314	0.0140913	0.511653	0.00397572	0.0205749	0.0466093	0.00523107	0.0376026	0.234363	0.0190137	0.0270299	0.00453348	0.00020147	0.000990542
101	0.146278	0.00409441	0.00363338	0.0103242	0.0465967	0.0165522	0.00251885	0.0907619	0.00626194	0.0683508	0.0541667	0.0100214	0.0162908	0.00661065	0.00279357	0.0564072	0.050619	0.401311	0.00058033	0.00582684
102	0.00239751	0.0290923	0.00474272	0.00125683	0.619842	0.00193165	0.0132143	0.0282396	0.00119074	0.064263	0.00206579	0.00137557	0.00165673	0.00185943	0.00117901	0.0198237	0.00327365	0.0182246	0.00373104	0.18064
103	0.292456	0.00890861	0.0104707	0.0171739	0.0159614	0.0316026	0.00706659	0.00752876	0.00588516	0.0413722	0.0112802	0.00756191	0.0132634	0.00592434	0.00435934	0.383266	0.0949166	0.0319267	0.00068332	0.00839195
104	0.215608	0.00449525	0.0177816	0.0178589	0.0041083	0.0647678	0.0102821	0.0124678	0.0217322	0.013616	0.00866145	0.0564397	0.074559	0.0175863	0.0172325	0.238141	0.160064	0.041518	0.000147847	0.00293191
105	0.0287775	0.0151367	0.0677383	0.0584849	0.198249	0.067923	0.0172017	0.0701004	0.0107903	0.047332	0.0194467	0.0172602	0.0648546	0.0162163	0.010453	0.0552682	0.0334579	0.0414617	0.00497977	0.154868
106	0.0170989	0.00563855	0.0653044	0.0192304	0.00641141	0.0243533	0.0506499	0.00534077	0.0390118	0.00937411	0.00344744	0.467559	0.00651469	0.027036	0.011683	0.142902	0.0608864	0.0139091	0.000477483	0.0231715
107	0.0180194	0.000738843	0.159758	0.574801	0.00287668	0.0309289	0.00635152	0.00438015	0.0785736	0.0117133	0.00157407	0.0189702	0.00168367	0.0479199	0.00896351	0.0119889	0.00967091	0.00839513	0.000303069	0.00238863
108	0.0159475	0.00037709	0.512645	0.278794	0.00210565	0.0317852	0.0114422	0.00164505	0.00732749	0.0021969	0.000621106	0.0621264	0.00518432	0.00697277	0.0014899	0.0230786	0.0166931	0.0138542	0.00013962	0.00557411
109	0.0338898	0.0142963	0.0108248	0.0283871	0.0184798	0.016379	0.0462907	0.053453	0.0798246	0.299096	0.0460349	0.0265101	0.0138897	0.0824511	0.0580105	0.053343	0.048271	0.0582977	0.00260317	0.00966806
110	0.00174289	0.0223175	0.00176003	0.000770595	0.312479	0.000991336	0.0658188	0.0129605	0.000860711	0.0291265	0.00118673	0.001078	0.000956221	0.00339832	0.0008656	0.0135631	0.0040026	0.00643638	0.00487096	0.514814
111	0.0140826	0.00281767	0.0114189	0.0324543	0.00103695	0.0190354	0.0145974	0.0133398	0.485934	0.00660933	0.0206382	0.0565127	0.00675547	0.0329228	0.212266	0.0267483	0.0344079	0.00619666	0.000549368	0.00167637
112	0.0105264	0.00036916	0.365197	0.474346	0.00159422	0.029294	0.00388733	0.00142324	0.0253129	0.00394698	0.000630522	0.0284363	0.00265912	0.0154518	0.0020748	0.0160888	0.00830798	0.00706648	0.000156437	0.00323083
113	0.0479866	0.00637506	0.00549801	0.00483428	0.0282277	0.00669519	0.00550239	0.139573	0.0231528	0.136142	0.27443	0.00903075	0.0121554	0.0108446	0.0396073	0.0335335	0.0982567	0.109357	0.00252575	0.00627176
114	0.166672	0.00749191	0.00835052	0.00731317	0.00975639	0.0300512	0.00534266	0.0455949	0.0163713	0.0242629	0.0219974	0.0494907	0.0318787	0.0115112	0.010312	0.209291	0.275901	0.0635537	0.000796416	0.00406106
115	0.0148987	0.0269042	0.00242951	0.00394177	0.0175314	0.00518005	0.200831	0.0449271	0.0289012	0.22482	0.0356131	0.014736	0.00823967	0.17338	0.0510937	0.0254571	0.0197142	0.0588264	0.0031535	0.0394219
116	0.015411	0.00872759	0.00237669	0.0022653	0.0523617	0.00551266	0.0105502	0.0938916	0.00526488	0.606955	0.05791	0.00608731	0.0132621	0.00993113	0.00653341	0.0188116	0.0225059	0.0547521	0.00299816	0.00389174
117	0.014776	0.00899577	0.00270451	0.00365645	0.0553372	0.00518682	0.011848	0.0898784	0.0045609	0.606482	0.0565058	0.00543787	0.0118726	0.0143829	0.00522701	0.0184618	0.0208318	0.05569	0.0027769	0.00538775
118	0.103862	0.00571859	0.00520814	0.00269462	0.0061024	0.012538	0.00272202	0.0546542	0.0185354	0.014196	0.025011	0.0632165	0.0151316	0.00785962	0.00755211	0.214436	0.401497	0.0357076	0.000513074	0.00284378
119	0.010505	0.00593116	0.00177662	0.00137082	0.0613862	0.00324409	0.00670298	0.111466	0.00170725	0.622127	0.0627581	0.00408627	0.00959753	0.00286945	0.00221572	0.0126507	0.0235229	0.0509588	0.00220332	0.00292053
120	0.0262161	0.000441085	0.500667	0.20376	0.00301473	0.043598	0.0180907	0.00284259	0.00216889	0.00391349	0.000895852	0.0712299	0.0102966	0.0108618	0.0020048	0.0392375	0.0292515	0.0222744	0.000163834	0.00907206
121	0.0133506	0.00161517	0.323498	0.0912218	0.00449475	0.02413	0.0282851	0.00272768	0.0217368	0.00338263	0.00178226	0.34029	0.0045436	0.0109704	0.00330209	0.0650425	0.0314571	0.0124678	0.000193121	0.015508
122	0.0079437	0.0205089	0.00380769	0.00137319	0.494254	0.00259765	0.00456944	0.123581	0.00183363	0.119703	0.0210125	0.00204793	0.00346677	0.00173486	0.00219089	0.0173729	0.0102302	0.0812485	0.00303276	0.0774911
123	0.0216707	0.0221405	0.0116716	0.0323457	0.00763748	0.0319547	0.0492201	0.0222236	0.303839	0.0295772	0.0229787	0.040907	0.0104022	0.0682158	0.213151	0.0421325	0.0395074	0.0190081	0.00248223	0.00893511
124	0.0210621	0.000661787	0.122809	0.629192	0.00306589	0.03367	0.00758274	0.00464595	0.0630323	0.0120022	0.00106236	0.0114659	0.00121953	0.0541156	0.00437093	0.0107374	0.00746288	0.00911888	0.000306946	0.00241494
125	0.0201112	0.0107051	0.0587099	0.0185806	0.0117497	0.0207697	0.111938	0.0107162	0.0341101	0.0428401	0.00904509	0.326271	0.0101416	0.0576429	0.0205366	0.114994	0.0519484	0.033911	0.00120432	0.0340746
126	0.0884707	0.00348849	0.248047	0.165938	0.00500513	0.0415812	0.010286	0.00767184	0.00707884	0.0216886	0.0240219	0.0306432	0.0724561	0.0243018	0.00639659	0.136575	0.0691667	0.0188779	0.000928007	0.0173778
127	0.0219362	0.00732046	0.0151101	0.0896956	0.0031422	0.0153222	0.0528375	0.0173556	0.115335	0.0516332	0.0161591	0.0197115	0.0193787	0.332557	0.0815734	0.059512	0.0407028	0.0320002	0.00219833	0.00651857
128	0.022656	0.00857311	0.0146574	0.00678768	0.0550069	0.00952995	0.00848196	0.110813	0.00806708	0.531997	0.049653	0.0106793	0.0122858	0.0115118	0.00720599	0.0236799	0.0314742	0.067923	0.00269587	0.00632054
129	0.334897	0.0104905	0.0106154	0.010371	0.00964446	0.0480897	0.00632406	0.0139413	0.00971792	0.0217891	0.0103836	0.0250621	0.0591583	0.012746	0.00836479	0.250288	0.111149	0.0414404	0.00076451	0.00476354
130	0.0642148	0.00789861	0.0363847	0.0240522	0.00620405	0.0212503	0.00982897	0.0274103	0.0855596	0.0517771	0.0834609	0.11243	0.0142381	0.0220504	0.0277997	0.122576	0.234625	0.0414921	0.00168641	0.00506106
131	0.0067142	0.0190486	0.00524695	0.00472789	0.216487	0.00418013	0.081597	0.0112442	0.0029351	0.024827	0.00329239	0.0111605	0.00392627	0.0101371	0.00283084	0.0230348	0.00805654	0.00792311	0.00494041	0.54769
132	0.0350655	0.00633802	0.00848845	0.00431359	0.000675993	0.851035	0.00224056	0.00609568	0.00547047	0.00143574	0.00144828	0.0044354	0.000885774	0.00364449	0.0218523	0.0381291	0.00328896	0.00423062	0.000229278	0.00069669
133	0.0206551	0.00175961	0.437049	0.156997	0.00306117	0.0290718	0.0196094	0.00436962	0.0145608	0.00372132	0.0020537	0.169032	0.00680826	0.0100638	0.00394449	0.0532306	0.0387586	0.0153603	0.000203458	0.00969001
134	0.113842	0.00475264	0.00749654	0.0040799	0.0107058	0.0177608	0.00188746	0.158371	0.0130907	0.0764435	0.047223	0.0335771	0.0122839	0.00691312	0.0117313	0.0639821	0.164546	0.245234	0.000220779	0.00585823
135	0.0289315	0.00347088	0.0711282	0.115184	0.00419271	0.0303316	0.00909439	0.0114844	0.225057	0.0373046	0.0149449	0.152768	0.013508	0.0352535	0.105248	0.0481359	0.0707645	0.0167166	0.00106255	0.00541833
136	0.0852968	0.00733607	0.0054027	0.00274775	0.00665284	0.0104095	0.00248655	0.0472593	0.0173742	0.00870156	0.0201186	0.0720145	0.00979102	0.00649495	0.00722413	0.230394	0.424312	0.0334491	0.000314345	0.00221962
137	0.352928	0.00618406	0.013927	0.0199364	0.00712048	0.0548167	0.00654294	0.0157957	0.0158936	0.0177545	0.0130046	0.0279312	0.0452518	0.0129831	0.0100291	0.187732	0.118934	0.0688659	0.000343673	0.00402487
138	0.0186973	0.018985	0.0116394	0.0308152	0.00570571	0.0358745	0.0568795	0.0194009	0.304457	0.025673	0.0269866	0.0418481	0.0129575	0.0743812	0.210259	0.0408459	0.0343812	0.0154123	0.00647868	0.00832206
139	0.114891	0.0101695	0.0246315	0.0129235	0.000804125	0.0661436	0.0119128	0.0279529	0.0214232	0.0137796	0.00650781	0.116193	0.0374671	0.0200237	0.0163798	0.273656	0.198323	0.0251431	0.000188828	0.00148658
140	0.11548	0.00554972	0.0109095	0.00435212	0.00335819	0.0257499	0.00123612	0.179558	0.0140534	0.0699003	0.0397565	0.0394654	0.0137056	0.00739119	0.0175459	0.0433285	0.137602	0.263995	0.000226795	0.00683648
141	0.0320321	0.00829837	0.000747405	0.00252612	0.0509642	0.00302973	0.00368466	0.182543	0.00448908	0.348224	0.115174	0.00485625	0.0126198	0.00666937	0.00489828	0.0276246	0.0352371	0.146468	0.00461528	0.00529747
142	0.0252979	0.0163142	0.00122941	0.00262045	0.0747484	0.00746537	0.00250858	0.123879	0.0017141	0.39381	0.108142	0.00437436	0.0207818	0.0122634	0.0116282	0.0298411	0.0109087	0.129206	0.00977805	0.0134881
143	0.117398	0.00447306	0.0143822	0.00569079	0.00285265	0.0362704	0.0024296	0.158914	0.0190681	0.0810838	0.0448301	0.0320438	0.0158616	0.00777335	0.0179932	0.0428131	0.121042	0.268665	0.000208327	0.00620724
144	0.0174744	0.00046453	0.277334	0.506729	0.00234298	0.0349313	0.00722124	0.00281021	0.0378541	0.00887179	0.000808739	0.0256498	0.00301496	0.0301748	0.00293183	0.0168462	0.0103638	0.0100773	0.000220005	0.00387886
145	0.0210213	0.00601682	0.00118555	0.0016289	0.0345442	0.00315932	0.0027938	0.289822	0.00218432	0.298825	0.0558054	0.00327124	0.00767004	0.00382987	0.00401488	0.0138013	0.0242189	0.220466	0.00316279	0.00257913
146	0.0108181	0.00230315	0.0502745	0.154752	0.00130488	0.0205552	0.00906485	0.0121916	0.402317	0.00875881	0.0161552	0.0445498	0.00496117	0.0481527	0.156423	0.021392	0.0260992	0.00707306	0.000444421	0.00240946
147	0.0482891	0.00930258	0.0117397	0.0304312	0.00808055	0.0242891	0.0216837	0.0395265	0.280172	0.0478084	0.03114	0.0522742	0.0112213	0.0609932	0.126408	0.0648831	0.0601396	0.0612625	0.00352553	0.00683018
148	0.00910784	0.00652898	0.00135114	0.000983392	0.0574645	0.00332682	0.00489038	0.135184	0.000982462	0.57186	0.0638978	0.00253287	0.00896802	0.00330753	0.0026592	0.00826445	0.0139937	0.0985597	0.00369633	0.00244078
149	0.0250204	0.0105318	0.00233585	0.00251603	0.0838496	0.00523353	0.00469825	0.26509	0.00385175	0.251198	0.0762746	0.00610584	0.0129765	0.00549475	0.00588393	0.0298274	0.0287762	0.163251	0.00324057	0.0138434
150	0.0227402	0.00314309	0.120726	0.507606	0.00354449	0.0303344	0.0101988	0.0102052	0.0897301	0.0177588	0.00566364	0.0181906	0.00341609	0.068677	0.0280952	0.0205793	0.017348	0.0177906	0.000629374	0.00362268
151	0.560931	0.00847501	0.0130637	0.00730632	0.00324134	0.0511089	0.0040126	0.0115863	0.00716168	0.00812477	0.00571821	0.0154797	0.0155494	0.00587742	0.00474073	0.12693	0.0951148	0.0525593	0.00027909	0.00274027
152	0.0510492	0.011013	0.0396979	0.0172118	0.00563208	0.0437016	0.0254312	0.00770542	0.0259468	0.00890827	0.00382425	0.313573	0.0140241	0.0163042	0.00977814	0.275984	0.101212	0.0161185	0.000368533	0.012516
153	0.0770225	0.00344453	0.00826138	0.0054994	0.00509019	0.00854121	0.0172469	0.0228286	0.00880023	0.0576926	0.00844588	0.0140336	0.526151	0.0526376	0.0142386	0.0900208	0.0503945	0.0247958	0.000690493	0.00416362
154	0.0420259	0.0180956	0.0100365	0.00542992	0.0166592	0.00847636	0.107102	0.0272824	0.0393061	0.211847	0.0350979	0.0591579	0.0114248	0.13223	0.0298876	0.0805638	0.0469276	0.0975633	0.00337254	0.0175126
155	0.00629867	0.0148635	0.00271	0.00109192	0.341999	0.00303474	0.00522896	0.0793659	0.000981941	0.387911	0.0384855	0.00246321	0.00720374	0.00254534	0.00246233	0.0123803	0.0100652	0.0389174	0.00321295	0.0387791
156	0.0148082	0.0425291	0.0178055	0.00678421	0.00525285	0.0448556	0.273084	0.00235142	0.0852679	0.0228475	0.0107451	0.0628741	0.0076655	0.109589	0.199319	0.0403086	0.0109962	0.00519753	0.00670754	0.031011
157	0.00719089	0.00030524	0.438342	0.427317	0.00121551	0.0281615	0.00322827	0.000839312	0.0153152	0.00155909	0.000510443	0.0333096	0.00270596	0.00590418	0.00119585	0.0158601	0.008298	0.00566758	0.000104144	0.00296969
158	0.00635768	0.0023889	0.00910418	0.0332392	0.00108536	0.0189951	0.00940494	0.0138884	0.513066	0.00537739	0.0203853	0.0475832	0.00515074	0.0359863	0.224355	0.0197423	0.0273473	0.00519407	0.000259527	0.00108912
159	0.0249969	0.0117938	0.00626221	0.00565358	0.0369815	0.0103785	0.0797511	0.0622041	0.0187562	0.405312	0.0464325	0.0258956	0.0138357	0.0646186	0.0240054	0.0506843	0.0468643	0.0492313	0.00328419	0.013058
160	0.114847	0.00627941	0.0411221	0.0857055	0.00631927	0.0168915	0.0114842	0.0433695	0.0972112	0.0539954	0.0439358	0.085766	0.01233	0.0594505	0.0193848	0.0699824	0.12681	0.0993954	0.00138686	0.00433321
161	0.00206444	0.0311117	0.00479417	0.00117291	0.66954	0.00167336	0.00455486	0.0326148	0.000961881	0.0721169	0.00191025	0.00128323	0.00151972	0.00116733	0.00110955	0.020125	0.00297484	0.0194152	0.00365507	0.126235
162	0.0822952	0.00284651	0.00713678	0.00389307	0.0058799	0.00727257	0.0142269	0.0211536	0.00738899	0.0544248	0.00797689	0.0107843	0.534754	0.0536389	0.012004	0.0958918	0.0496644	0.0245467	0.000484945	0.00373544
163	0.114171	0.00990046	0.0263245	0.0134574	0.000652669	0.05795	0.0118454	0.0273453	0.0210069	0.0144453	0.00757532	0.109505	0.0436251	0.019854	0.0182306	0.266869	0.209223	0.0270382	0.000149866	0.000831143
164	0.0141539	0.0251931	0.00112997	0.00180275	0.133015	0.00392981	0.00343279	0.153288	0.000950119	0.435054	0.0814312	0.00169863	0.0147748	0.00608204	0.00600747	0.0102582	0.00670845	0.0902349	0.0055386	0.00531529
165	0.00607553	0.000494469	0.00927073	0.033433	0.000420661	0.0155233	0.00500838	0.014063	0.527959	0.00281209	0.0203792	0.0483097	0.0052022	0.0310466	0.229995	0.0178987	0.0274666	0.00406018	0.000130769	0.000450823
166	0.0941041	0.0135062	0.0189177	0.00989883	0.00269003	0.0450066	0.00940743	0.0216107	0.017647	0.0114571	0.00702855	0.134147	0.0219557	0.0124266	0.011556	0.335409	0.20735	0.0235766	0.000187158	0.00211799
167	0.11039	0.0111347	0.0141953	0.0114393	0.0122094	0.0290659	0.0658909	0.0147494	0.0160863	0.0415276	0.0119823	0.0652797	0.109468	0.0726139	0.0196405	0.251719	0.0919246	0.0295916	0.0017567	0.0193349
168	0.0193566	0.0231087	0.0136254	0.0301756	0.00662556	0.0381724	0.0701877	0.0175517	0.26605	0.0281291	0.0268363	0.0430027	0.0110581	0.0855078	0.212204	0.0426064	0.03364	0.0148102	0.00679865	0.0105537
169	0.0148796	0.00686685	0.00274217	0.00266653	0.0500162	0.00454192	0.00943043	0.0937321	0.0042662	0.623966	0.0547325	0.00560514	0.00985192	0.00918994	0.00420429	0.0188822	0.021855	0.0565632	0.00268356	0.00332439
170	0.0306091	0.0151247	0.0262668	0.0765238	0.00429314	0.0948037	0.0417222	0.0196445	0.223171	0.0227496	0.0148036	0.0410833	0.0120594	0.0797114	0.191094	0.0461092	0.036315	0.0135236	0.00205852	0.00833356
171	0.068417	0.0117669	0.00977219	0.0106425	0.0238234	0.0196283	0.0239182	0.043667	0.0343811	0.0501912	0.11114	0.0335184	0.0191895	0.0265539	0.0952932	0.131357	0.196593	0.0522444	0.00279136	0.0351107
172	0.0142154	0.0104789	0.00278134	0.00318987	0.0521381	0.00578222	0.00930084	0.0957938	0.00413586	0.604257	0.0574938	0.00511029	0.0147243	0.0122048	0.00467377	0.0186152	0.020967	0.0573947	0.0037219	0.00302095
173	0.0249887	0.00717669	0.00197994	0.00239845	0.0435821	0.004241	0.00794765	0.258155	0.00390248	0.323811	0.0588334	0.00575247	0.0149274	0.00755594	0.0052495	0.021286	0.0302214	0.170228	0.00276151	0.00500094
174	0.0222575	0.00646952	0.049856	0.029154	0.00441572	0.0307762	0.0387101	0.00729999	0.138445	0.00786732	0.00766942	0.352899	0.0077479	0.0254665	0.0617439	0.121903	0.0583258	0.0123163	0.000715505	0.0159622
175	0.00812461	0.011349	0.0120539	0.0412267	0.00499214	0.0137492	0.143424	0.00946099	0.0520716	0.0699813	0.0138679	0.0265194	0.0281534	0.414537	0.0638986	0.0355709	0.0167817	0.0173303	0.00500026	0.0119068
176	0.0169171	0.00848339	0.00217552	0.0024898	0.0522455	0.00523658	0.0111129	0.0893045	0.00491897	0.605576	0.055738	0.00559519	0.0136057	0.013162	0.00605381	0.0226876	0.0213158	0.056657	0.00259144	0.00413339
177	0.00835267	0.00429779	0.0154063	0.0335174	0.00129568	0.0185146	0.0237207	0.0119981	0.445314	0.00752793	0.0185329	0.0904544	0.00570427	0.037585	0.20196	0.0311834	0.0331231	0.00648827	0.000683432	0.0043397
178	0.00295579	0.0158268	0.00165723	0.00146101	0.0238212	0.00576963	0.00360453	0.00717581	0.00703173	0.00766507	0.00203091	0.00206114	0.00142635	0.00188563	0.00867048	0.00416476	0.0152287	0.00949288	0.872785	0.00528575
179	0.0212571	0.00931866	0.0188238	0.0620144	0.00621597	0.0134114	0.0929143	0.0146433	0.0682789	0.0666277	0.0148421	0.029006	0.050208	0.360168	0.0564659	0.0523413	0.030488	0.0222262	0.00316999	0.00757875
180	0.0208517	0.026767	0.0259904	0.016863	0.0201758	0.0279966	0.211008	0.0143143	0.0592396	0.074134	0.0165921	0.0677621	0.015484	0.125774	0.102985	0.060383	0.0255832	0.0238902	0.00437234	0.0598345
181	0.0235949	0.0236626	0.00522143	0.00720179	0.0155066	0.00517911	0.158701	0.0446324	0.0403546	0.204073	0.0399821	0.0253842	0.0100652	0.170279	0.0417651	0.0503276	0.0297269	0.0721148	0.00314854	0.0290789
182	0.0142662	0.0198008	0.00556365	0.0119946	0.0145384	0.00740044	0.196038	0.0329094	0.0328296	0.189856	0.0262866	0.0205448	0.016292	0.230671	0.0544564	0.0301639	0.021001	0.044132	0.00399721	0.0272575
183	0.0416745	0.410251	0.00509716	0.00567305	0.0609257	0.0296777	0.0235362	0.0174614	0.0153775	0.0501544	0.00854303	0.0202011	0.0196071	0.0195025	0.0459506	0.124329	0.0223183	0.0179998	0.0277024	0.0340172
184	0.214573	0.00410843	0.0172853	0.0185095	0.00510872	0.0649983	0.0106119	0.011764	0.0303743	0.0144214	0.00938072	0.060104	0.0753102	0.0176688	0.0214398	0.231056	0.144152	0.0454392	0.000215809	0.00347917
185	0.00929974	0.00357836	0.071691	0.0195573	0.00565098	0.0212766	0.0420512	0.00349732	0.0417095	0.00477362	0.00267221	0.531312	0.00342404	0.0166323	0.00692949	0.124962	0.054535	0.011808	0.00028646	0.024353
186	0.0777149	0.00270768	0.012162	0.00818682	0.00462536	0.00688927	0.014173	0.0215038	0.00677549	0.0550409	0.00736976	0.0132032	0.549514	0.0506065	0.0104788	0.0818177	0.0475135	0.0242887	0.000707884	0.00472115
187	0.0129533	0.0233296	0.0069934	0.0450205	0.00838385	0.0388201	0.0375328	0.0261446	0.235592	0.039167	0.0348757	0.019139	0.0036235	0.11387	0.227105	0.05628	0.0370336	0.0218303	0.00296211	0.00934391
188	0.131454	0.00660239	0.00161759	0.00429747	0.0105654	0.0111831	0.0151931	0.0129159	0.00222386	0.0172034	0.00363527	0.0113461	0.367561	0.0591209	0.013956	0.247853	0.0695208	0.0111946	0.000212658	0.00234326
189	0.0172309	0.00311776	0.0786867	0.0453223	0.00572876	0.0231901	0.0368675	0.00413976	0.0485849	0.00704211	0.00375948	0.47595	0.00491797	0.0186405	0.00914799	0.124441	0.0556473	0.016151	0.000318482	0.0211156
190	0.0743997	0.00540971	0.00846068	0.00379814	0.00508881	0.00683744	0.0151329	0.020543	0.00707512	0.0553039	0.00628551	0.012102	0.560219	0.0503768	0.0114079	0.0835538	0.0457198	0.0220869	0.000397438	0.00580171
191	0.0271706	0.000607262	0.499511	0.198054	0.00286162	0.0439262	0.0174515	0.00342048	0.00316391	0.00429216	0.00137144	0.0726175	0.0103332	0.0107048	0.00220648	0.0403743	0.0303918	0.022743	0.000167217	0.00863153
