498	20
1	0.0425209	0.00978008	0.00151197	0.00225658	0.144395	0.00169289	0.162641	0.00165696	0.0663332	0.0576813	0.00164767	0.135503	0.000856038	0.0185956	0.100908	0.0371232	0.00355	0.0194687	0.00757223	0.184305
2	0.0108455	0.0185195	0.00496761	0.0054156	0.00637015	0.00500413	0.021419	0.0199701	0.0182374	0.408295	0.00911652	0.0229989	0.0080378	0.0436302	0.332388	0.00359383	0.0149273	0.00617047	0.000437646	0.0396551
3	0.224152	0.00115412	0.0210368	0.150235	0.00128967	0.0205863	0.0222525	0.00172261	0.11097	0.0537026	0.00213419	0.0287481	0.000785913	0.0519791	0.0845855	0.202978	0.0172921	0.00298172	0.000445613	0.00096892
4	0.0200998	0.000505299	0.611477	0.183951	0.00365651	0.00483712	0.0127175	0.00289322	0.0061199	0.00618941	0.000426941	0.0801024	0.000266681	0.0262366	0.00444579	0.0115571	0.0105271	0.00727834	0.00117089	0.00554104
5	0.00822402	0.00771136	0.00217368	0.00439018	0.257765	0.00280784	0.0420432	0.00719375	0.00346399	0.013433	0.00464897	0.00416887	0.00515311	0.00276064	0.00893934	0.0111696	0.00248266	0.00481424	0.0434939	0.563163
6	0.0891994	0.00158402	0.00156123	0.0113607	0.00192216	0.00236834	0.00222289	0.00208379	0.232883	0.0390204	0.0107719	0.00267287	0.0010314	0.211317	0.152247	0.0401261	0.16651	0.0210663	0.000444249	0.00960785
7	0.164692	0.00253926	0.00377274	0.0306806	0.00806864	0.00288167	0.00158	0.00172683	0.04102	0.0171036	0.01548	0.00335371	0.538183	0.0308766	0.0120468	0.0517856	0.036881	0.0358344	0.00036725	0.00112585
8	0.0721148	0.00497407	0.00524103	0.00717733	0.144994	0.00679247	0.00553738	0.0059837	0.00852193	0.0901098	0.00739424	0.0319608	0.111201	0.00861204	0.0106768	0.233077	0.0931403	0.0119663	0.0261137	0.114411
9	0.232899	0.000719995	0.177096	0.0744963	0.00948381	0.0494504	0.0341188	0.00779537	0.0155427	0.0341023	0.00538678	0.0347893	0.160505	0.00961823	0.0108653	0.0952137	0.0253358	0.0181675	0.000261236	0.00415193
10	0.00266735	0.00666785	0.000436305	0.000622806	0.308702	0.00199777	0.045352	0.00633499	0.000733202	0.00908964	0.00297196	0.00063528	0.00459521	0.00173853	0.00319845	0.0076259	0.0026031	0.00482746	0.0664895	0.522711
11	0.0786706	0.000813955	0.0226239	0.0279991	0.0488874	0.00630149	0.0215798	0.0546949	0.0210818	0.311895	0.0167866	0.025207	0.000596674	0.02388	0.092334	0.035482	0.0926196	0.0412195	0.0457357	0.0315911
12	0.0422606	0.00666136	0.000530696	0.00247254	0.00306375	0.0051262	0.000410679	0.207251	0.00385293	0.104074	0.0266176	0.00310128	0.000260808	0.00184927	0.00278391	0.0042547	0.0597013	0.524189	0.000152657	0.00138548
13	0.068362	0.00338485	0.321734	0.13441	0.0300921	0.0056687	0.0846796	0.0127588	0.0264621	0.00507313	0.00132447	0.0817284	0.000608067	0.028146	0.030257	0.0580974	0.0544073	0.026756	0.000311478	0.0257391
14	0.0132794	0.00871534	0.00145995	0.00213877	0.0330805	0.00281103	0.00107322	0.10105	0.00383426	0.581308	0.148816	0.00232562	0.00098058	0.0126754	0.00487066	0.0089805	0.0180252	0.0416176	0.00179569	0.0111625
15	0.0337672	0.00655706	0.312784	0.118216	0.0225546	0.00776936	0.067308	0.0304755	0.026758	0.00904013	0.00145714	0.0712657	0.000615528	0.0330285	0.0475843	0.04379	0.110004	0.0311095	0.000369282	0.0255454
16	0.00248998	0.00425708	0.000683909	0.000898903	0.0467572	0.000845441	0.000951509	0.624611	0.000913255	0.0192999	0.00694616	0.00454079	0.00596191	0.00124373	0.00131618	0.00160995	0.00522316	0.270213	0.000222966	0.00101407
17	0.233931	0.000721073	0.151567	0.0823268	0.00782725	0.032808	0.0325289	0.0114457	0.0223816	0.0276519	0.0097266	0.03557	0.135909	0.019119	0.0178497	0.0917139	0.0583856	0.0220741	0.000649446	0.00581321
18	0.00722487	0.00744361	0.000559909	0.000263108	0.0352893	0.00064695	0.00019069	0.0592736	0.00159999	0.790438	0.0492135	0.000253922	0.000475441	0.00416398	0.00352719	0.00320231	0.0046742	0.0247386	0.00129295	0.00552757
19	0.0133442	0.0013694	0.0106517	0.0601908	0.0815629	0.00189322	0.0242681	0.0731038	0.0531384	0.0532844	0.0104766	0.00250745	0.0010269	0.0274611	0.139175	0.0120863	0.0346257	0.397823	0.000618607	0.00139312
20	0.0101299	0.00482227	0.00117523	0.00174255	0.471765	0.00148035	0.0048043	0.0496634	0.00166331	0.311252	0.0221023	0.00878897	0.000947574	0.00495161	0.00332418	0.00361613	0.006097	0.0272391	0.0215322	0.0429028
21	0.00583044	0.0124232	0.545168	0.0227918	0.0224335	0.00476667	0.0577427	0.00147217	0.00162855	0.0105997	0.0116042	0.215628	0.000630301	0.0117108	0.00719555	0.0152877	0.0168492	0.0167576	0.00581006	0.0136701
22	0.0908688	0.00698825	0.00180497	0.00386945	0.00110676	0.821267	0.00173736	0.00252565	0.00170531	0.00558721	0.00152099	0.00331559	0.00112548	0.00362862	0.00424759	0.0293907	0.0100411	0.00796643	0.000219855	0.00108317
23	0.0272272	0.000613482	0.0690007	0.265034	0.000587875	0.00806004	0.0173287	0.0169755	0.186358	0.0273441	0.00566306	0.0468306	0.0177514	0.0733971	0.0237699	0.0370602	0.152403	0.0239292	0.00020836	0.000457228
24	0.0115871	0.00641754	0.000728186	0.000827087	0.0372531	0.00322432	0.000893994	0.104619	0.0077648	0.66634	0.0319111	0.00369514	0.0280025	0.00253153	0.0058515	0.0180433	0.00891701	0.0576663	0.00180775	0.00191879
25	0.0267785	0.000809397	0.013975	0.0824125	0.00112161	0.00129019	0.0184785	0.111065	0.0651113	0.282721	0.00599094	0.0197424	0.00060612	0.0248213	0.0787473	0.0172352	0.0473138	0.200529	0.000402253	0.000849174
26	0.160352	0.00806394	0.017251	0.0627961	0.00795088	0.0614299	0.00168275	0.00864348	0.0384319	0.00955432	0.00167533	0.00212428	0.000762042	0.0162311	0.094487	0.463419	0.0263777	0.00969651	0.000358565	0.00871235
27	0.0214545	0.000256473	0.000294347	0.000431529	0.0547059	0.000442352	0.000380364	0.291011	0.000430251	0.268283	0.016832	0.00302052	0.0027373	0.000572326	0.00212088	0.00214315	0.0013523	0.306852	0.00436226	0.0223173
28	0.278131	0.000333246	0.0606757	0.12739	0.000408374	0.0496967	0.00955691	0.0128126	0.0875559	0.0180194	0.0065324	0.0643453	0.00428754	0.0834635	0.024239	0.0697102	0.0771922	0.0231314	0.000200798	0.00231715
29	0.032283	0.00508157	0.00626101	0.0123664	0.0189125	0.0555265	0.00915862	0.00825064	0.00733875	0.0637449	0.00947237	0.639004	0.0060987	0.0307415	0.0181139	0.0328584	0.0255036	0.0109357	0.00150325	0.00684444
30	0.00762158	0.00211711	0.00231478	0.0269153	0.00212923	0.0269452	0.00231013	0.0029344	0.0712192	0.0443631	0.00799263	0.0152824	0.0014894	0.0037272	0.0246306	0.213456	0.527018	0.00457632	0.000755545	0.0122016
31	0.298452	0.0097277	0.0156854	0.0359792	0.0051971	0.00301281	0.0138272	0.0010836	0.0884725	0.0289657	0.00672708	0.0277741	0.000580749	0.139134	0.0606794	0.181671	0.0566722	0.0134246	0.00425157	0.00868337
32	0.0336372	0.0527713	0.0509973	0.00932315	0.0754081	0.0101381	0.00876166	0.0455178	0.0102641	0.51648	0.0305746	0.0178971	0.00567095	0.0123828	0.019234	0.0220299	0.0208975	0.0339903	0.00312181	0.0209024
33	0.0352637	0.00335128	0.0880405	0.0965144	0.0460038	0.00657083	0.0046879	0.00533047	0.00597757	0.031098	0.117419	0.00609951	0.00305095	0.0296743	0.00748955	0.427241	0.0513872	0.00865671	0.00187191	0.0242711
34	0.0436396	0.00244123	0.00296159	0.00363361	0.00106456	0.896412	0.000823518	0.00084016	0.00175463	0.00336289	0.00069852	0.00307866	0.000647659	0.00339612	0.00385076	0.0228618	0.00405013	0.00354338	0.000140998	0.000798028
35	0.0100018	0.00781874	0.000717538	0.00108143	0.0428556	0.00121366	0.00138145	0.0613599	0.0023842	0.735151	0.063307	0.00128151	0.00104819	0.00623921	0.00488623	0.00610373	0.0103981	0.0289276	0.0026846	0.0111589
36	0.00310433	0.00815397	0.000377668	0.000566495	0.31236	0.00199988	0.0275541	0.00622395	0.000563747	0.013037	0.00383821	0.000638165	0.00495309	0.000807542	0.00368731	0.00668606	0.00121654	0.00410218	0.0461931	0.553937
37	0.0894168	0.0216676	0.00396852	0.0259258	0.0219554	0.00618018	0.0175618	0.0908078	0.0894917	0.114394	0.0802706	0.00745515	0.000772025	0.0964674	0.0990654	0.0107215	0.0505906	0.145121	0.00457833	0.0235885
38	0.0150005	0.000824742	0.186448	0.0372468	0.000847407	0.514452	0.0181206	0.00227533	0.0169077	0.00191065	0.000942564	0.087412	0.0116615	0.0116963	0.0124688	0.0565991	0.0168277	0.0072672	0.000303069	0.00078818
39	0.0726817	0.00265551	0.0180513	0.00397957	0.00599106	0.0749429	0.00429606	0.142471	0.034215	0.0831737	0.148488	0.0985616	0.00142711	0.0190804	0.0385836	0.0346749	0.120358	0.0772255	0.00167924	0.0174632
40	0.0079206	0.000522229	0.000491854	0.000749576	0.613355	0.000852507	0.00298592	0.0589204	0.000765751	0.179333	0.0126396	0.000753886	0.000310527	0.00375165	0.000994037	0.00138291	0.00437613	0.033294	0.0339231	0.0426779
41	0.0775356	0.134433	0.00793502	0.00910954	0.0927843	0.0178038	0.00820043	0.0269349	0.0121989	0.110362	0.0195019	0.0130919	0.00560523	0.013683	0.0137878	0.151026	0.083854	0.193995	0.0022666	0.0058909
42	0.021607	0.0130398	0.00379924	0.0107608	0.00219551	0.00563909	0.00251423	0.0141974	0.00540553	0.0117129	0.0037475	0.0148843	0.00352736	0.00490042	0.00890716	0.162685	0.675387	0.0296493	0.000541921	0.0048987
43	0.0634425	0.00920689	0.0208166	0.0503413	0.00835967	0.0173828	0.0601723	0.0151381	0.0892229	0.105247	0.0141481	0.0368585	0.00622995	0.334423	0.0570166	0.0357078	0.0336762	0.032593	0.00159797	0.00841875
44	0.139999	0.109529	0.00949536	0.0105474	0.0162169	0.0205205	0.0121895	0.0152279	0.0106051	0.0161855	0.00800705	0.39393	0.00404428	0.0207199	0.0116884	0.0661778	0.0631347	0.0620007	0.00303615	0.00674431
45	0.00772151	0.000870022	0.0219032	0.880711	0.00110939	0.0018773	0.00618564	0.00318684	0.0027188	0.00675345	0.0028088	0.00243811	0.00530417	0.0319674	0.00234402	0.0079152	0.00593999	0.00703839	0.000432328	0.000774166
46	0.14696	0.0039588	0.00580543	0.0145425	0.00322539	0.00474735	0.00308812	0.00278201	0.0149374	0.0119803	0.00639703	0.00690021	0.65512	0.0125026	0.00962751	0.0632001	0.0165422	0.0161367	0.000357256	0.00118888
47	0.0292111	0.00521821	0.0294314	0.547854	0.00276155	0.00496481	0.0550631	0.0173748	0.0167223	0.0101533	0.0217275	0.00954613	0.00221804	0.152557	0.0070471	0.0346198	0.042204	0.00789708	0.000811094	0.00261812
48	0.0428999	0.00218912	0.00111243	0.00177746	0.000491344	0.912473	0.000532867	0.000537541	0.000781892	0.00303217	0.000483074	0.00157651	0.00028841	0.00205122	0.0029304	0.0213836	0.00213195	0.00277346	0.0001295	0.000423982
49	0.00635393	0.00254625	0.000414508	0.000645639	0.781262	0.000550268	0.00385153	0.0238155	0.000652177	0.0814383	0.00864855	0.00123717	0.000203698	0.00169535	0.000825391	0.00123336	0.00490512	0.0166907	0.0120682	0.050962
50	0.0309119	0.00682883	0.0143708	0.0147975	0.00719779	0.025208	0.0135381	0.00787231	0.0933943	0.0237406	0.00812508	0.0142141	0.00407381	0.0352746	0.595501	0.0542989	0.0282258	0.0123395	0.00513587	0.00495094
51	0.0125895	0.00775173	0.014124	0.0124835	0.0018122	0.0133258	0.0147513	0.0054509	0.134318	0.0216784	0.00925558	0.00109094	0.00166575	0.0589177	0.618925	0.0188159	0.033476	0.0109603	0.00667627	0.00193151
52	0.0212538	0.00866171	0.00127128	0.00222458	0.0222913	0.00317429	0.00148138	0.342089	0.00542229	0.201321	0.137712	0.00336981	0.00375173	0.0121803	0.00440158	0.010233	0.0232718	0.18204	0.00343381	0.0104146
53	0.194721	0.0276473	0.00554781	0.00914643	0.0144037	0.0534959	0.00640808	0.0218412	0.0110294	0.0770469	0.0222616	0.0101805	0.0040254	0.0131869	0.0114536	0.190233	0.155837	0.166625	0.0013901	0.00351963
54	0.00265557	0.0079646	0.000358392	0.00049393	0.283672	0.00199466	0.0285296	0.00525944	0.000530964	0.00935204	0.0034449	0.000526795	0.0053712	0.000696327	0.00354611	0.00656537	0.000825421	0.00337967	0.0489256	0.585907
55	0.00429917	0.00712023	0.000417075	0.00101955	0.28748	0.00317937	0.0302854	0.00711914	0.0010072	0.0113515	0.00520326	0.000675348	0.00467838	0.00122809	0.00519268	0.0102127	0.000997907	0.00331461	0.0431258	0.572093
56	0.0236075	0.00276077	0.00289087	0.00416649	0.0314213	0.00360659	0.00351748	0.122303	0.00467525	0.0952943	0.0448667	0.00441789	0.47897	0.0373673	0.00535215	0.0348157	0.0358415	0.034083	0.00106358	0.0289789
57	0.0184154	0.00370398	0.596052	0.12841	0.00565877	0.00971318	0.0168786	0.00252746	0.00989891	0.00763071	0.00208316	0.119245	0.00107122	0.022869	0.00714656	0.0191564	0.0138061	0.00789103	0.00152832	0.00631404
58	0.0176391	0.0059359	0.0106884	0.0108771	0.00388649	0.0230086	0.0102813	0.00523957	0.0913029	0.0263361	0.00541868	0.0066016	0.00439103	0.0284429	0.684971	0.0188346	0.0254936	0.00751316	0.00886597	0.00427219
59	0.049098	0.00550659	0.00660365	0.00703507	0.00285963	0.00239282	0.00170168	0.00391391	0.00596377	0.00987679	0.00334603	0.00833519	0.820261	0.00473387	0.00584081	0.0419303	0.00940194	0.00906809	0.00031033	0.00182088
60	0.0163595	0.00356194	0.609194	0.125674	0.00580741	0.00739592	0.0157417	0.00252127	0.0110469	0.00715488	0.00207113	0.11554	0.000672704	0.0230713	0.00776178	0.0179381	0.0127894	0.00790217	0.00156987	0.00622593
61	0.0114167	0.00582469	0.000602567	0.000763631	0.000526837	0.000930724	0.00271947	0.146664	0.00288321	0.00401326	0.00332909	0.00823248	0.000263713	0.000904264	0.00105127	0.00117227	0.00159563	0.80654	0.000194428	0.00037159
62	0.00757144	0.00750732	0.000605976	0.000365879	0.0344158	0.000844279	0.000335265	0.0569951	0.00172884	0.784079	0.0576265	0.000432682	0.000646189	0.00421645	0.00370334	0.00350499	0.0046993	0.0239613	0.00120024	0.0055602
63	0.428957	0.00505835	0.00339508	0.00122381	0.00110004	0.00487514	0.00108101	0.00127518	0.00132515	0.0020184	0.00498711	0.00117497	0.000583654	0.00409369	0.00366552	0.481525	0.0505989	0.00218598	0.000250295	0.000626443
64	0.0225718	0.00157399	0.0017141	0.0362849	0.00168054	0.00218569	0.00226364	0.0586638	0.205164	0.0217115	0.00960711	0.00234349	0.0274568	0.0281486	0.20073	0.0350555	0.166638	0.174249	0.000583231	0.00137427
65	0.00265557	0.0079646	0.000358392	0.00049393	0.283672	0.00199466	0.0285296	0.00525944	0.000530964	0.00935204	0.0034449	0.000526795	0.0053712	0.000696327	0.00354611	0.00656537	0.000825421	0.00337967	0.0489256	0.585907
66	0.0297887	0.158419	0.00173809	0.0102021	0.233659	0.00192453	0.0126766	0.00963932	0.00211366	0.108298	0.00168286	0.0312721	0.000874296	0.00332098	0.0108706	0.0238395	0.0147488	0.0188707	0.0182651	0.307796
67	0.0472059	0.00444719	0.00647778	0.00529952	0.00527536	0.00317128	0.00294304	0.012318	0.00920961	0.0230792	0.00648441	0.00808449	0.793124	0.00738967	0.00672101	0.0256526	0.0169257	0.0116326	0.000625642	0.00393312
68	0.016991	0.0025933	0.00251979	0.00375956	0.145393	0.00330904	0.0999818	0.152189	0.00373078	0.110423	0.0243236	0.00335039	0.0101211	0.0190073	0.00448802	0.0065755	0.0522095	0.279472	0.000688442	0.0588744
69	0.00792065	0.00804977	0.000523306	0.00038743	0.0338444	0.00102231	0.000237599	0.0739651	0.00185639	0.744439	0.062338	0.000365829	0.000839701	0.00478405	0.00337651	0.004212	0.0074876	0.0366525	0.00167374	0.0060241
70	0.00860017	0.00761809	0.000630948	0.000387665	0.0345395	0.00104443	0.000498862	0.0603674	0.00228889	0.781852	0.0472508	0.00060428	0.0016568	0.0042868	0.00469423	0.00457567	0.00546379	0.0265838	0.00138816	0.0056676
71	0.405471	0.020848	0.0102177	0.0294511	0.00198086	0.1147	0.00282327	0.00214264	0.00374579	0.0040472	0.00584915	0.00804755	0.00182171	0.00985345	0.0224156	0.325182	0.02213	0.00655627	0.000346792	0.00237051
72	0.0312476	0.00176219	0.0124416	0.011255	0.00292092	0.10396	0.00616646	0.00416646	0.00573043	0.0210235	0.00333582	0.681857	0.00445823	0.0253748	0.0116023	0.0369484	0.0252846	0.00498821	0.000557636	0.00491956
73	0.0427715	0.00229619	0.00240967	0.00243479	0.000604151	0.905935	0.000730102	0.000611243	0.00165919	0.00312627	0.00065522	0.00295692	0.000419384	0.00225742	0.00328997	0.0215912	0.00260791	0.00295436	0.000231634	0.000457861
74	0.0188461	0.0057865	0.561017	0.110938	0.00779083	0.0101419	0.0244975	0.00299265	0.00711604	0.0064061	0.00275499	0.13911	0.000922984	0.0205133	0.008542	0.0274374	0.0211252	0.0135277	0.00196435	0.00856967
75	0.0335703	0.0397362	0.00249769	0.0346976	0.015748	0.00367983	0.0153951	0.00352693	0.162458	0.377191	0.0205724	0.00402382	0.102963	0.0449182	0.0782749	0.00706077	0.00615651	0.0311027	0.00104381	0.0153839
76	0.0415217	0.0065226	0.000584399	0.00256831	0.00291842	0.00515941	0.000430481	0.209182	0.00410035	0.102534	0.027111	0.00310471	0.000274005	0.00191353	0.00290272	0.00425972	0.0597831	0.523462	0.000153069	0.00151489
77	0.0147725	0.00580907	0.0106879	0.0104962	0.00589621	0.00263379	0.00577349	0.00158047	0.150172	0.0304323	0.00118063	0.00213987	0.00585534	0.016865	0.658214	0.00671515	0.0369911	0.00423043	0.0251638	0.0043908
78	0.0449703	0.00775432	0.022752	0.0264467	0.00880199	0.0688679	0.123286	0.00914997	0.236669	0.0495497	0.00809426	0.0835419	0.00684835	0.0248638	0.0878412	0.0873796	0.0846946	0.0101104	0.00241216	0.00596614
79	0.0608323	0.00662402	0.00110537	0.0246403	0.325248	0.0304878	0.02109	0.00634884	0.0344915	0.0408372	0.0267013	0.00165024	0.000652802	0.0174148	0.0699557	0.0708854	0.0125892	0.00204516	0.0141924	0.232208
80	0.353186	0.0166968	0.00174528	0.00290347	0.00335501	0.00432528	0.0022555	0.0590277	0.0136829	0.026801	0.0259247	0.00307556	0.00127002	0.00386963	0.00395762	0.0314842	0.0429305	0.401167	0.000676997	0.00166574
81	0.0159901	0.0125201	0.00161143	0.108263	0.00445203	0.00232278	0.0454925	0.0953327	0.109361	0.0477571	0.00113277	0.0232088	0.000743074	0.0648594	0.139553	0.0186994	0.127949	0.1785	0.000299417	0.00195291
82	0.00302532	0.00823776	0.000455448	0.000764477	0.286531	0.00246129	0.038944	0.00633003	0.000798879	0.00964419	0.00321377	0.000791351	0.00476204	0.00150116	0.00373775	0.00792341	0.00261642	0.00472794	0.0821712	0.531362
83	0.0139084	0.00144808	0.0629929	0.293911	0.0105197	0.00235417	0.24659	0.00246215	0.0375803	0.0128857	0.00184211	0.0488567	0.00112345	0.101572	0.0122649	0.0537336	0.0221915	0.0634765	0.000511576	0.00977576
84	0.0198943	0.00331556	0.59989	0.132003	0.00553025	0.00741955	0.0164138	0.00305924	0.0113761	0.00732197	0.00164542	0.112374	0.000903862	0.0234115	0.00705335	0.0188404	0.013353	0.00837239	0.00134163	0.00648048
85	0.0521874	0.00386041	0.0124073	0.00573573	0.00150181	0.00353083	0.00215946	0.00331954	0.00520475	0.00970945	0.00293018	0.00763901	0.840393	0.00419188	0.00457581	0.0236483	0.00739231	0.00834838	0.000295108	0.000968818
86	0.00522729	0.0015106	0.00161086	0.00257136	0.344629	0.00220852	0.188314	0.0181482	0.0025846	0.0139673	0.00150964	0.00229925	0.00118453	0.0114089	0.00320886	0.0199465	0.0210372	0.0210713	0.16872	0.168842
87	0.0417356	0.00130329	0.00211607	0.00374041	0.0103387	0.0025902	0.00198084	0.00260306	0.16382	0.030398	0.0106281	0.0203077	0.617105	0.00382027	0.0534001	0.00572291	0.0137215	0.0128146	0.000507359	0.00134628
88	0.0511716	0.00424869	0.00903448	0.0243968	0.00452254	0.0100241	0.0116231	0.067735	0.554564	0.023139	0.0145628	0.0182376	0.00678471	0.0525709	0.0753678	0.0210024	0.0229653	0.022959	0.00168949	0.00340063
89	0.0416304	0.00362384	0.00426501	0.00129436	0.000516161	0.000884618	0.000971437	0.00246355	0.00149786	0.00840971	0.00219546	0.00663576	0.888665	0.00219082	0.00321919	0.0192273	0.00464061	0.00713672	0.000137241	0.000395444
90	0.203105	0.0976439	0.00130891	0.00241477	0.00126483	0.00421472	0.00170433	0.00177713	0.00244677	0.00313858	0.00177144	0.00233708	0.00848611	0.00262501	0.00840273	0.635701	0.00391583	0.0162026	0.000480044	0.00105897
91	0.00579257	0.0100186	0.00144214	0.00272088	0.266368	0.00265917	0.0302573	0.00720108	0.00151005	0.0130374	0.00354737	0.0018232	0.00682001	0.00206229	0.00670366	0.00959045	0.00215391	0.00420439	0.0440182	0.578069
92	0.00956505	0.00790146	0.00102889	0.000923007	0.0342259	0.00115203	0.000709028	0.0633064	0.00311277	0.765293	0.0455809	0.00126581	0.00224611	0.00462888	0.00625193	0.00540015	0.00642936	0.0334601	0.0015404	0.00597843
93	0.00549267	0.00336372	0.000393753	0.000486188	0.848334	0.000509869	0.00419593	0.00946702	0.000549158	0.0371034	0.00623685	0.000541098	0.000238712	0.000923271	0.000701751	0.0010611	0.00515462	0.0107523	0.00326779	0.0612263
94	0.53193	0.039623	0.00389725	0.0141222	0.00831709	0.0987302	0.00405791	0.0196967	0.00414865	0.0320708	0.0141616	0.0106875	0.00377302	0.0116426	0.00904236	0.0929661	0.0456438	0.0493738	0.000600184	0.00551538
95	0.0081034	0.00834758	0.00058986	0.000268192	0.0353995	0.000813263	0.000188656	0.0591224	0.001634	0.787313	0.0471109	0.000342847	0.00128664	0.00386038	0.00337633	0.00413318	0.00461963	0.0266354	0.00120953	0.00564531
96	0.0585557	0.17818	0.00560575	0.00933907	0.0211049	0.0106126	0.00706549	0.0892114	0.0116111	0.0414464	0.01108	0.0143301	0.00359865	0.0113053	0.0119854	0.0357876	0.0664422	0.405765	0.00201967	0.00495373
97	0.791627	0.0033088	0.000688125	0.00206564	0.00124325	0.060269	0.00130904	0.013927	0.000980629	0.00476083	0.00206961	0.000984831	0.000887784	0.00232574	0.00166235	0.0619606	0.0156698	0.0336321	0.000170451	0.000457183
98	0.0430438	0.00219335	0.000406694	0.00170389	0.000484993	0.913996	0.000475275	0.000535788	0.000728848	0.00299126	0.000477466	0.00122325	0.00024942	0.00201387	0.00287261	0.0212811	0.00207618	0.00275547	0.000128606	0.000362543
99	0.00582964	0.00246473	0.522682	0.0285055	0.00129533	0.0126439	0.0104624	0.00211081	0.0902111	0.00382263	0.00163553	0.211497	0.00117254	0.0367733	0.0275792	0.0225694	0.0124482	0.00332001	0.000511679	0.00246477
100	0.00840086	0.00265972	0.000538553	0.00100744	0.616331	0.00164164	0.00595676	0.0459552	0.000962989	0.163095	0.0153945	0.00105951	0.000378669	0.00421085	0.00132518	0.00194244	0.00445317	0.0250001	0.0267583	0.0729288
101	0.262491	0.000469422	0.173687	0.109687	0.00230002	0.0368488	0.0215006	0.0211362	0.0343348	0.0279729	0.0117037	0.0341737	0.00130874	0.0759881	0.0249136	0.0526539	0.059966	0.0412887	0.00321699	0.00435878
102	0.154223	0.0550534	0.00160658	0.0100405	0.00460038	0.0118226	0.030079	0.00770039	0.11354	0.0355126	0.197919	0.00385335	0.0170162	0.0794097	0.169059	0.0559336	0.0170102	0.0266848	0.000523112	0.00841302
103	0.0248917	0.00117845	0.0699543	0.120835	0.00812498	0.0710437	0.0216267	0.00859992	0.00860688	0.00977456	0.00168968	0.0468211	0.00101052	0.0350185	0.00273219	0.381333	0.169169	0.0092483	0.000404166	0.00793839
104	0.0604099	0.00364659	0.0209364	0.111089	0.00370056	0.266615	0.0283812	0.00643451	0.108235	0.0106578	0.00544865	0.120331	0.0044255	0.130114	0.060138	0.0236376	0.0187106	0.0100061	0.00114409	0.00593848
105	0.0922741	0.000918828	0.00234826	0.0130172	0.00177888	0.00358865	0.00639848	0.004553	0.390151	0.0214599	0.00375035	0.030106	0.000599208	0.0424996	0.350564	0.0210756	0.0115142	0.00193285	0.000694882	0.000774831
106	0.0265702	0.00048997	0.0747836	0.266789	0.0005456	0.0089606	0.0195921	0.0167016	0.17527	0.0266316	0.00630619	0.0504436	0.0203096	0.0740257	0.025948	0.0378433	0.144913	0.02329	0.000174195	0.000412552
107	0.0106362	0.00553892	0.000462051	0.000652547	0.000436608	0.000804619	0.00270901	0.145003	0.00285256	0.00311826	0.00268082	0.00698181	0.000262969	0.000874519	0.000827349	0.00103692	0.000987082	0.813613	0.000174479	0.000347597
108	0.26672	0.000871327	0.125957	0.0915063	0.00242653	0.0188846	0.0124426	0.0154571	0.0820891	0.0398476	0.00777815	0.0312127	0.00623424	0.0711235	0.0170675	0.0523932	0.11665	0.0390888	0.000755799	0.0014947
109	0.0153269	0.00283599	0.000716038	0.00124575	0.0300472	0.00127632	0.000796512	0.345683	0.0019613	0.315953	0.0358098	0.0023508	0.00217368	0.00238816	0.00301495	0.00393745	0.00988808	0.211287	0.00263771	0.01067
110	0.143409	0.00152988	0.0150928	0.16272	0.00164131	0.113403	0.077981	0.00292717	0.10984	0.00510589	0.00287163	0.0876699	0.00126758	0.111385	0.100304	0.0312839	0.015867	0.00412489	0.000674939	0.0109005
111	0.0138031	0.001929	0.000358731	0.000621057	0.0395929	0.000549546	0.000453148	0.430312	0.000641654	0.190416	0.0276422	0.00287016	0.00323738	0.000692007	0.00146853	0.00229435	0.0055666	0.262415	0.00271693	0.0124192
112	0.00265557	0.0079646	0.000358392	0.00049393	0.283672	0.00199466	0.0285296	0.00525944	0.000530964	0.00935204	0.0034449	0.000526795	0.0053712	0.000696327	0.00354611	0.00656537	0.000825421	0.00337967	0.0489256	0.585907
113	0.232284	0.0424045	0.00366661	0.00566608	0.0115314	0.0237598	0.00346309	0.0274022	0.00859077	0.0665631	0.0153721	0.00557331	0.00220425	0.00824698	0.00668617	0.181678	0.167049	0.18419	0.000778986	0.00288959
114	0.079112	0.00269404	0.121645	0.108759	0.0214798	0.00622292	0.00620235	0.0252512	0.0838697	0.0100825	0.00862986	0.0289787	0.0354556	0.177957	0.151642	0.0186641	0.0816776	0.0281355	0.000956088	0.00258409
115	0.220071	0.00592128	0.0355906	0.142053	0.00300582	0.00745819	0.112619	0.0104134	0.084463	0.0125753	0.00165823	0.0027371	0.141056	0.0286074	0.0900507	0.0556667	0.0263719	0.00346417	0.000486804	0.0157308
116	0.129739	0.00147898	0.021742	0.152595	0.00285846	0.183781	0.115934	0.00224449	0.108347	0.00457232	0.00287015	0.0507655	0.00138198	0.0769519	0.100038	0.0246273	0.00879725	0.00378376	0.000491319	0.00700018
117	0.00526168	0.00155266	0.00161811	0.00259807	0.344251	0.00225481	0.187464	0.0181603	0.00263584	0.0138314	0.00154322	0.00232698	0.00118446	0.0114555	0.00329429	0.0198493	0.0209239	0.0210487	0.169934	0.168812
118	0.765073	0.00363691	0.00218437	0.00489497	0.00093631	0.0739131	0.0016888	0.00894979	0.00115644	0.00508185	0.00291979	0.0025607	0.00191726	0.00301126	0.00326965	0.0867955	0.0154964	0.0152224	0.000160852	0.00113055
119	0.00883022	0.00754787	0.000679856	0.00111591	0.0330702	0.00284876	0.000845104	0.132434	0.00543802	0.547429	0.150684	0.0010637	0.0043028	0.0139012	0.00363249	0.00847146	0.00604313	0.0574835	0.00166139	0.012517
120	0.190126	0.00111565	0.168475	0.20636	0.000908521	0.0302029	0.0183318	0.0127473	0.0385826	0.0286653	0.00505733	0.0329537	0.000737006	0.106361	0.0446577	0.0390164	0.0441166	0.024324	0.00177917	0.00548081
121	0.219918	0.0865575	0.00111649	0.00217115	0.00111818	0.00432211	0.00143797	0.00161872	0.00216328	0.00281448	0.00171588	0.00207791	0.00743414	0.00249663	0.00865818	0.632378	0.00408029	0.0165174	0.000403337	0.0010005
122	0.0200512	0.00536296	0.000704124	0.0017598	0.0360175	0.0021591	0.000764207	0.188939	0.00302892	0.450283	0.0403638	0.00228088	0.00487883	0.00359171	0.00417094	0.00689674	0.0139331	0.201358	0.00293318	0.0105225
123	0.0209362	0.00138977	0.00167718	0.0106673	0.0015773	0.00203927	0.00939907	0.134722	0.677213	0.0117711	0.0192986	0.00224011	0.000848673	0.0506571	0.0194015	0.00451278	0.00399105	0.0257835	0.000565251	0.00130832
124	0.111206	0.001842	0.0359401	0.0551296	0.00198693	0.00399745	0.0959447	0.00295894	0.162813	0.0169037	0.0142565	0.128233	0.00157705	0.044188	0.287765	0.0222099	0.00545304	0.00435595	0.000812709	0.00242676
125	0.462545	0.00417774	0.000584159	0.000926446	0.000601506	0.00413803	0.000761202	0.000784615	0.000987632	0.00129037	0.00277961	0.000869833	0.00034824	0.00336267	0.00361018	0.498939	0.0110954	0.00156745	0.000158872	0.000471055
126	0.0220268	0.00477246	0.000899282	0.00148342	0.0590697	0.00246714	0.012296	0.252223	0.00456094	0.257494	0.0701621	0.00382435	0.0238669	0.0066963	0.00425199	0.00868081	0.0147336	0.227142	0.00337239	0.0199775
127	0.131074	0.000660432	0.000752871	0.0211549	0.000768121	0.00325617	0.0108693	0.00330178	0.445169	0.0299066	0.00313408	0.0179414	0.000409549	0.0680388	0.236574	0.00913171	0.0151302	0.00183781	0.000273318	0.000615761
128	0.0263476	0.00761189	0.00688321	0.0108482	0.0708447	0.0519936	0.0159862	0.0120371	0.0112341	0.0215697	0.0104683	0.0127957	0.0063501	0.0158741	0.0166369	0.0244013	0.0206449	0.0150963	0.594946	0.0474297
129	0.0395617	0.0018569	0.470036	0.263479	0.0035366	0.00685227	0.0127111	0.0045089	0.0193419	0.0105461	0.00165137	0.0510961	0.00243867	0.0374286	0.0122082	0.0270082	0.0151461	0.00863266	0.00771941	0.00424024
130	0.033322	0.00424479	0.0299957	0.685057	0.00354735	0.00681442	0.00987371	0.00805659	0.0141504	0.0141284	0.00563569	0.00841351	0.043583	0.0281124	0.0152262	0.0280019	0.0177457	0.039828	0.00171181	0.00255135
131	0.0724405	0.00107519	0.165386	0.359757	0.000863055	0.0124285	0.0111635	0.00527632	0.080999	0.0114327	0.00117051	0.0238347	0.00330416	0.118561	0.0372862	0.0550404	0.0270032	0.00768565	0.00214256	0.0031494
132	0.134266	0.0157588	0.00287038	0.0194947	0.00286872	0.00379557	0.0296604	0.00452326	0.0605912	0.020128	0.0031013	0.0183368	0.00157914	0.0199492	0.227008	0.0214652	0.233233	0.165848	0.000797344	0.0147243
133	0.00265557	0.0079646	0.000358392	0.00049393	0.283672	0.00199466	0.0285296	0.00525944	0.000530964	0.00935204	0.0034449	0.000526795	0.0053712	0.000696327	0.00354611	0.00656537	0.000825421	0.00337967	0.0489256	0.585907
134	0.0146949	0.00106557	0.201122	0.0357175	0.000989039	0.482623	0.0162176	0.00232686	0.020306	0.00255483	0.00112889	0.111267	0.0091394	0.0120239	0.0124733	0.0527034	0.0159191	0.00635696	0.000319067	0.00105218
135	0.0116844	0.0248302	0.00487975	0.00561374	0.0140067	0.00519028	0.016773	0.01652	0.0173139	0.434335	0.00787658	0.0178788	0.00638346	0.0329301	0.32477	0.00576712	0.0144083	0.00697607	0.000594682	0.0312684
136	0.159868	0.00237121	0.126265	0.267228	0.00774069	0.0287599	0.0213604	0.00668444	0.0149086	0.020667	0.00627877	0.0203355	0.113327	0.0124129	0.0135515	0.106521	0.022663	0.0435906	0.000976137	0.00449117
137	0.0306136	0.156009	0.00306209	0.0106445	0.211882	0.00365084	0.0137738	0.00994224	0.00463757	0.112763	0.00382043	0.0304197	0.00202425	0.00578421	0.0136703	0.0255649	0.0171197	0.0189089	0.0174611	0.308248
138	0.0961786	0.00431799	0.366131	0.143736	0.00584024	0.0161376	0.0178857	0.0104313	0.0325263	0.0177153	0.00692169	0.0553818	0.00375941	0.102246	0.0277071	0.0373596	0.0298289	0.0179753	0.00163362	0.00628694
139	0.0311973	0.0117345	0.00465437	0.00722578	0.0465071	0.00794184	0.00706606	0.0561309	0.00877368	0.562958	0.0540681	0.00712369	0.00604044	0.0156611	0.0231145	0.0423958	0.0192273	0.0355222	0.00518613	0.0474709
140	0.0362532	0.00567105	0.393517	0.0812108	0.00131513	0.0641319	0.00514412	0.00145387	0.00651115	0.00349958	0.00109691	0.146206	0.00746604	0.00225671	0.0266613	0.169447	0.0401875	0.00663385	0.000502018	0.000835494
141	0.0242724	0.000925107	0.014984	0.0817186	0.001524	0.00148567	0.0205247	0.11501	0.0569894	0.278494	0.0075756	0.0219869	0.000718916	0.0273763	0.083441	0.0160835	0.0525488	0.192221	0.000820138	0.00130013
142	0.00543478	0.00358473	0.000375233	0.000499264	0.869506	0.000527944	0.00452868	0.00495857	0.000588898	0.0249364	0.00575684	0.000542604	0.000244653	0.000734927	0.000691516	0.00102344	0.00530322	0.00815452	0.000484522	0.0621232
143	0.0175886	0.00542194	0.0050093	0.00808504	0.00506037	0.00802113	0.0553587	0.00676616	0.0343684	0.0388589	0.227497	0.413684	0.00372171	0.0907591	0.0367974	0.0145642	0.0119462	0.010423	0.00167484	0.00439389
144	0.00170443	0.00392239	0.000501438	0.000666197	0.0102912	0.000566077	0.000538895	0.658718	0.000680005	0.0170642	0.0062657	0.00414555	0.00543583	0.000820198	0.000911117	0.00108024	0.0043978	0.281754	0.000144209	0.000391804
145	0.121061	0.0151762	0.00249413	0.00492054	0.0135696	0.0111006	0.00419832	0.120363	0.00697415	0.127969	0.0251794	0.00539944	0.00277442	0.007906	0.0074022	0.0237061	0.0537956	0.440144	0.0012837	0.00458335
146	0.417338	0.0700918	0.00193918	0.00998349	0.0129952	0.0612633	0.00379348	0.0304417	0.00410741	0.0641233	0.025663	0.00626254	0.00464396	0.0133059	0.00502366	0.0926266	0.0600699	0.107938	0.000316456	0.00807307
147	0.0758468	0.0138705	0.00696357	0.0178738	0.00821075	0.00842542	0.00599077	0.131518	0.00902547	0.0944906	0.0231841	0.00978086	0.00144171	0.0135914	0.0194511	0.0305455	0.138616	0.386292	0.00150407	0.00337703
148	0.0416458	0.00442576	0.324853	0.0714624	0.00190226	0.0838734	0.0133867	0.00185859	0.00579614	0.004043	0.0015607	0.121497	0.0198836	0.00311713	0.0406564	0.223151	0.0291386	0.00611394	0.000535223	0.00109847
149	0.087368	0.0090186	0.253385	0.0613341	0.0334306	0.0310844	0.130496	0.00847518	0.0344354	0.0127521	0.00567463	0.0587429	0.00271628	0.0436184	0.0464299	0.103	0.0311149	0.0333911	0.00126846	0.012265
150	0.0150273	0.00689266	0.000888189	0.00226405	0.775655	0.0027737	0.00766668	0.00857078	0.00332455	0.0375718	0.00759199	0.00337333	0.000805176	0.00281054	0.00607299	0.00834257	0.00683189	0.00983091	0.00406093	0.0896449
151	0.100912	0.0174517	0.151242	0.0408421	0.0605155	0.0325768	0.0245136	0.0176784	0.0204456	0.0244244	0.010444	0.231896	0.00854878	0.025597	0.029512	0.0587977	0.0939564	0.0369394	0.0026448	0.0110617
152	0.180472	0.00843517	0.00811072	0.0122796	0.189465	0.0147584	0.00833757	0.0108742	0.0126785	0.028661	0.132594	0.0201457	0.049975	0.0140393	0.0150756	0.142195	0.0672502	0.0672106	0.00427928	0.0131638
153	0.042569	0.00217242	0.00132636	0.00198014	0.000543855	0.911064	0.000625528	0.000553732	0.0008396	0.00298499	0.00051358	0.00234572	0.000347138	0.00213316	0.00310299	0.0213689	0.00218492	0.00279822	0.000128331	0.000417452
154	0.800232	0.00409115	0.00143763	0.00396652	0.00104416	0.0471531	0.000959555	0.010292	0.00295734	0.00538142	0.00307471	0.00244492	0.0011539	0.00284557	0.00284284	0.0797982	0.01184	0.0176397	0.000324188	0.000521083
155	0.0934578	0.0155559	0.0201248	0.0270029	0.0293171	0.02296	0.0179515	0.0457122	0.0257894	0.0730609	0.272165	0.0261848	0.0130469	0.0342084	0.0322261	0.135781	0.051027	0.0456732	0.00495425	0.0138016
156	0.00802508	0.00100949	0.0185219	0.882424	0.00135909	0.00163205	0.00714708	0.00353228	0.00261939	0.00699446	0.00293589	0.00197109	0.00515313	0.0312266	0.00270015	0.00740259	0.00591189	0.00647803	0.000549316	0.00240683
157	0.0429718	0.00757322	0.0195506	0.016436	0.00778116	0.0514117	0.0121902	0.0116609	0.0200075	0.025156	0.0126285	0.543925	0.0736368	0.0289663	0.0251596	0.041963	0.0349458	0.0144916	0.00153372	0.00801037
158	0.0483942	0.00876075	0.01643	0.0379198	0.00855454	0.0220087	0.0135227	0.0158634	0.211404	0.0349801	0.0130923	0.0282364	0.00736754	0.0420726	0.0614862	0.0841264	0.30264	0.0320146	0.00298539	0.00814017
159	0.0654598	0.00747378	0.0387777	0.0132132	0.00397685	0.163951	0.00478384	0.00455508	0.0112437	0.00840213	0.00437775	0.0165686	0.0148452	0.017139	0.0124364	0.519574	0.0757404	0.0130812	0.000938	0.00346261
160	0.00914424	0.00766066	0.00071334	0.000737618	0.0347624	0.00158318	0.000769291	0.0622216	0.0025639	0.768497	0.0482851	0.00124157	0.00199354	0.00512884	0.00639147	0.00499888	0.00496245	0.0305587	0.00159671	0.00618911
161	0.0316604	0.00540052	0.0215488	0.0130664	0.00464429	0.0605587	0.00794121	0.00412117	0.0043267	0.021255	0.00497516	0.702294	0.00505943	0.0254581	0.0116715	0.035669	0.0266387	0.00707762	0.00104025	0.00559359
162	0.0016351	0.00390018	0.000506138	0.000672616	0.0103367	0.000564136	0.000527225	0.663532	0.000669185	0.0171544	0.00617008	0.0040784	0.00543645	0.000827362	0.000908263	0.00107811	0.00432551	0.277147	0.000139566	0.000391986
163	0.00606666	0.00332101	0.000474059	0.000692247	0.834903	0.000662493	0.00505331	0.0105436	0.000651723	0.0396314	0.0067653	0.00130137	0.00049271	0.00143206	0.00112047	0.00146881	0.00551656	0.0110355	0.0046767	0.0641911
164	0.0385298	0.00491935	0.00889709	0.0144531	0.00408177	0.0597074	0.00988803	0.00660878	0.0113123	0.0219406	0.00701395	0.640613	0.0053479	0.0481111	0.0158955	0.0386124	0.0461919	0.0106895	0.00145286	0.00573395
165	0.234373	0.0252776	0.0543758	0.0046598	0.00356707	0.00441287	0.00399795	0.00512675	0.00630844	0.00922365	0.00460699	0.00470774	0.00282981	0.00661132	0.00652024	0.205371	0.404917	0.00929655	0.00116185	0.00265463
166	0.182886	0.0021204	0.0282538	0.0430796	0.00188503	0.0219413	0.0150666	0.00838389	0.187594	0.0232888	0.0138556	0.042191	0.000850805	0.0684935	0.172203	0.121265	0.0438683	0.0173895	0.000668815	0.0047153
167	0.0338019	0.152341	0.00203727	0.00877559	0.247112	0.0019341	0.0107222	0.00857287	0.00232297	0.12435	0.00161191	0.029195	0.000856979	0.0032391	0.0124305	0.0253013	0.0125593	0.0159195	0.015392	0.291524
168	0.035229	0.00519703	0.000587732	0.0019639	0.00871551	0.00402887	0.000541294	0.254481	0.003115	0.143876	0.0271844	0.00271456	0.000520271	0.00169047	0.0024786	0.00413319	0.0470129	0.452003	0.000857975	0.00366921
169	0.00818177	0.00755938	0.000584174	0.000494422	0.0377242	0.00112295	0.000600983	0.0753351	0.00194417	0.733565	0.0677232	0.000403675	0.000906399	0.00600674	0.00366192	0.00434014	0.00551584	0.0336955	0.00185285	0.00878142
170	0.720898	0.00878922	0.00206011	0.00354235	0.00329772	0.0467201	0.0019979	0.0110578	0.00400075	0.00923711	0.00667041	0.00525187	0.00297376	0.00508296	0.004312	0.106094	0.0220571	0.034067	0.000309915	0.00158001
171	0.0201955	0.00201207	0.256691	0.00375213	0.00261232	0.00303373	0.0274082	0.00323346	0.122851	0.0423959	0.00301798	0.0914858	0.00126552	0.0168544	0.0601509	0.316603	0.0186913	0.00508089	0.000694764	0.00197018
172	0.080551	0.00117915	0.157547	0.350601	0.0004074	0.0160637	0.013626	0.0040434	0.085099	0.0121732	0.00121302	0.0284383	0.00214287	0.118087	0.0361382	0.0579364	0.0226102	0.00719349	0.00271567	0.00223387
173	0.00291395	0.0123562	0.000894505	0.0012359	0.000925768	0.00208475	0.000879816	0.0124903	0.00155206	0.0103775	0.00126421	0.013662	0.00388469	0.00168276	0.00208245	0.149269	0.763237	0.0138392	0.000262241	0.00510625
174	0.212804	0.0124863	0.00895134	0.0165349	0.00531672	0.0238819	0.00665882	0.0145664	0.0304269	0.0240194	0.0115735	0.0160055	0.00467161	0.0160756	0.0180456	0.221924	0.261757	0.0903367	0.00111699	0.00284673
175	0.00288933	0.0121648	0.000906424	0.0013566	0.00092017	0.00220756	0.000850941	0.0125478	0.0017447	0.0103239	0.00125841	0.0135175	0.0038514	0.00167032	0.00219044	0.149364	0.763398	0.0135909	0.000260241	0.00498623
176	0.0189506	0.00288987	0.599842	0.132796	0.00492304	0.0101102	0.0146986	0.002632	0.0113391	0.007109	0.00228108	0.111354	0.00158078	0.0234451	0.00753374	0.020454	0.0126596	0.00796784	0.00158244	0.00585054
177	0.283298	0.000801157	0.141318	0.0769694	0.0109359	0.0265671	0.0110253	0.0336978	0.0356209	0.0342974	0.0285432	0.0213734	0.00168486	0.0608732	0.0215762	0.0668435	0.0920479	0.0495744	0.00122364	0.00172861
178	0.0398877	0.00572962	0.392739	0.0815385	0.00158851	0.0641316	0.00545582	0.00152087	0.0065502	0.00348998	0.0011868	0.144691	0.0067972	0.00270272	0.0260118	0.165741	0.0421022	0.00666474	0.000406735	0.00106386
179	0.00426512	0.00634969	0.000628423	0.0012426	0.26857	0.00284629	0.0316138	0.0134355	0.00106328	0.0145597	0.00456983	0.0010131	0.00400307	0.00139548	0.00840071	0.0142741	0.00137319	0.00405514	0.0354263	0.580914
180	0.139485	0.00194455	0.0672682	0.00367726	0.0164468	0.249324	0.0571806	0.00292835	0.00375654	0.044131	0.00305796	0.089911	0.00140009	0.00433492	0.200611	0.0639788	0.0430403	0.00462192	0.000883719	0.00201805
181	0.0016351	0.00390018	0.000506138	0.000672616	0.0103367	0.000564136	0.000527225	0.663532	0.000669185	0.0171544	0.00617008	0.0040784	0.00543645	0.000827362	0.000908263	0.00107811	0.00432551	0.277147	0.000139566	0.000391986
182	0.0602582	0.00576096	0.0505556	0.192936	0.00897079	0.0130928	0.0233429	0.00455187	0.0766151	0.18548	0.0234098	0.011583	0.00823867	0.219506	0.0293128	0.0344441	0.0141653	0.0324564	0.000850599	0.00446888
183	0.328773	0.00813591	0.0158093	0.0507062	0.00308904	0.0795543	0.00145318	0.00354744	0.0196688	0.00489803	0.00260308	0.00389635	0.000704865	0.00860379	0.0852843	0.356971	0.0183566	0.00432007	0.000389194	0.00323571
184	0.0106362	0.00553892	0.000462051	0.000652547	0.000436608	0.000804619	0.00270901	0.145003	0.00285256	0.00311826	0.00268082	0.00698181	0.000262969	0.000874519	0.000827349	0.00103692	0.000987082	0.813613	0.000174479	0.000347597
185	0.0060363	0.00408894	0.000530192	0.000650141	0.00421794	0.000698779	0.00150815	0.423197	0.00157631	0.00992488	0.00335015	0.00494006	0.00242634	0.000898373	0.000825513	0.00107909	0.00225188	0.531315	0.000139452	0.000344755
186	0.840821	0.000804128	0.000394755	0.000497094	0.000292162	0.0475889	0.000449273	0.00983171	0.000579994	0.00393237	0.00206836	0.000521349	0.000183055	0.000731364	0.000659013	0.06958	0.0067431	0.0139593	9.60809e-05	0.000267051
187	0.0186855	0.00272604	0.0135112	0.00794944	0.0037592	0.0161008	0.769352	0.0106878	0.00508182	0.011272	0.00320128	0.0620031	0.00569615	0.00831425	0.00735511	0.0123201	0.00556901	0.00568691	0.00989568	0.0208328
188	0.00767752	0.000864581	0.0210647	0.880708	0.00104444	0.00163406	0.00664263	0.00360925	0.00314831	0.00643184	0.00279653	0.00201333	0.00561609	0.0319981	0.0030048	0.00828948	0.00583193	0.00648946	0.00038345	0.000751831
