362	20
1	0.0397713	0.000225276	0.3712	0.135999	0.000887192	0.0482781	0.0213767	0.0034996	0.0286078	0.0018766	0.000738403	0.123228	0.00815002	0.0319764	0.0237935	0.108174	0.0443514	0.00283269	0.000245008	0.00478979
2	0.0563411	0.00539909	0.00248369	0.00299698	0.0202025	0.00418985	0.000991939	0.390181	0.00379847	0.0790855	0.0489306	0.00164962	0.000982336	0.00246254	0.00189584	0.00611395	0.0174802	0.349859	0.00157783	0.00337757
3	0.0837743	0.000671948	0.00342535	0.00783579	0.00125382	0.00168893	0.00112869	0.134674	0.00682683	0.208199	0.00923051	0.00583242	0.000789458	0.0100894	0.00341519	0.0113824	0.0191613	0.484467	0.00127366	0.00487923
4	0.0340752	0.0137916	0.00212191	0.00473216	0.0161307	0.00293493	0.00298089	0.347536	0.00548996	0.199216	0.0432852	0.00233854	0.00272689	0.0054585	0.00428143	0.00402496	0.0211908	0.279611	0.00132119	0.00675182
5	0.0208859	0.00284665	0.00234133	0.000983534	0.0168917	0.00318011	0.00083293	0.476251	0.00164154	0.060751	0.0231831	0.00105159	0.000404584	0.00102672	0.00123299	0.00160225	0.00565495	0.376752	0.000226661	0.00225896
6	0.117316	0.0054997	0.0175937	0.0140057	0.0130679	0.577962	0.00585556	0.00756885	0.0138493	0.0112754	0.0047664	0.0326648	0.00456441	0.0113213	0.00875121	0.0914033	0.0399069	0.0115392	0.00496374	0.00612399
7	0.478924	0.0148185	0.000920616	0.00261434	0.0125983	0.398425	0.00108067	0.00128286	0.00175465	0.0065604	0.00226217	0.00540754	0.000653746	0.00132561	0.00153043	0.0397407	0.0224415	0.00646426	0.000365536	0.000829733
8	0.144953	0.00665486	0.0194742	0.0149907	0.0135974	0.545116	0.0073352	0.0068061	0.0162139	0.0120515	0.00530356	0.035702	0.00492856	0.0112518	0.0100193	0.0860867	0.0399203	0.011804	0.00235129	0.00543952
9	0.0241198	0.00330779	0.00228221	0.00103172	0.016088	0.00313079	0.000831973	0.467938	0.00175099	0.0601676	0.0223311	0.00115401	0.000597442	0.00120634	0.00135732	0.00179532	0.00755745	0.380786	0.00024857	0.00231774
10	0.0570372	0.00541264	0.00135932	0.00442816	0.0273478	0.00308817	0.00280004	0.246285	0.00402659	0.202609	0.247424	0.00159081	0.00134698	0.00351491	0.00540117	0.00991853	0.0278233	0.136287	0.00545818	0.00684077
11	0.0683834	0.00411123	0.0138175	0.0114464	0.0114936	0.614321	0.00342769	0.0044909	0.0122185	0.00820935	0.00409783	0.0386126	0.00219661	0.00687647	0.0067409	0.134685	0.0449013	0.00632329	0.00110688	0.00253928
12	0.310118	0.00437472	0.00259286	0.0083389	0.0057862	0.0441011	0.00262472	0.00952795	0.00542425	0.0277645	0.0150202	0.00987379	0.00204498	0.00406487	0.00499096	0.220073	0.228039	0.0932549	0.000502975	0.00148256
13	0.0368182	0.00175418	0.0144481	0.00631936	0.00321662	0.0268165	0.00289845	0.0164774	0.0274783	0.00396739	0.00269624	0.0417875	0.00481792	0.00401396	0.0105977	0.466968	0.31901	0.0075571	0.000586616	0.00177041
14	0.0146377	0.000688988	0.000850599	0.00107777	0.0842986	0.000862641	0.00201484	0.173748	0.00176077	0.532379	0.0686599	0.00357446	0.00387304	0.00144797	0.00335078	0.00174917	0.00633956	0.0725361	0.00951164	0.0166378
15	0.478924	0.0148185	0.000920616	0.00261434	0.0125983	0.398425	0.00108067	0.00128286	0.00175465	0.0065604	0.00226217	0.00540754	0.000653746	0.00132561	0.00153043	0.0397407	0.0224415	0.00646426	0.000365536	0.000829733
16	0.215993	0.00540247	0.00239236	0.00353098	0.00446357	0.00823687	0.00266288	0.00592483	0.00502019	0.0516817	0.0345164	0.004074	0.00183504	0.00372243	0.00378853	0.173995	0.308941	0.160815	0.000914134	0.00208947
17	0.012859	0.00306965	0.00106625	0.00311941	0.118974	0.00278294	0.0013304	0.035814	0.00471335	0.445234	0.241639	0.00912905	0.00553259	0.00230116	0.00466101	0.00501598	0.00675604	0.0220104	0.0339337	0.040058
18	0.0123755	0.000366824	0.000476926	0.000835443	0.0461601	0.000517626	0.000455893	0.196265	0.000857136	0.604509	0.0600736	0.000592207	0.000331567	0.000617452	0.000725375	0.0010307	0.00583952	0.0671117	0.000166605	0.000691818
19	0.0374149	0.000261439	0.0213587	0.0413946	0.00130374	0.0126192	0.0656909	0.00305764	0.350468	0.00288723	0.00169975	0.0510058	0.00215351	0.0781132	0.217812	0.0443952	0.0606122	0.00373796	0.000200956	0.00381344
20	0.0729558	0.000792523	0.0502144	0.323806	0.0031554	0.0239118	0.0196067	0.0323112	0.0280464	0.117146	0.018054	0.00999215	0.00115076	0.181813	0.0404616	0.0247656	0.0251134	0.016441	0.00131452	0.0089469
21	0.051785	0.00210455	0.00317117	0.00677456	0.00746217	0.00147079	0.000995545	0.228128	0.00602491	0.235695	0.0172769	0.00291202	0.00064954	0.00988689	0.0031405	0.00646605	0.0133537	0.395836	0.000797656	0.00606835
22	0.0654833	0.00302034	0.0537685	0.4087	0.000757467	0.0158141	0.0164691	0.00557337	0.0876775	0.00346952	0.00117396	0.0360145	0.00182803	0.151151	0.0562308	0.0350614	0.0367752	0.0203471	0.000129249	0.000555129
23	0.0488749	0.00164113	0.0245364	0.051272	0.0107986	0.0112107	0.0302003	0.0164179	0.0803975	0.0142421	0.00356929	0.0254549	0.431286	0.0331231	0.0388624	0.0859302	0.0696584	0.0183787	0.000861519	0.00328425
24	0.0395282	0.000198826	0.36575	0.134758	0.00062764	0.0515727	0.022296	0.0030871	0.0308344	0.00144933	0.000573393	0.119614	0.00801254	0.0300106	0.0246384	0.109939	0.0498143	0.00274738	0.000159644	0.00438777
25	0.0181243	0.000461712	0.0025728	0.00181704	0.283298	0.00176603	0.017291	0.077449	0.00453303	0.243797	0.037183	0.0172525	0.0168557	0.00493822	0.0127031	0.00288384	0.00302889	0.090964	0.0468521	0.116229
26	0.0656174	0.0011699	0.221669	0.219715	0.00446201	0.066621	0.0238384	0.0066968	0.0601366	0.00711405	0.00356028	0.0863541	0.0107576	0.0563065	0.0346602	0.0738587	0.0433885	0.00680232	0.00149165	0.00577992
27	0.0444742	0.00419137	0.00841059	0.0147455	0.00314104	0.00451542	0.0157313	0.059976	0.142322	0.0365087	0.0244603	0.0228938	0.00832009	0.0996628	0.39381	0.0619844	0.0319003	0.014496	0.00162786	0.0068283
28	0.0430818	0.00349685	0.0105664	0.0158442	0.00905182	0.0938129	0.0111147	0.0120199	0.0365978	0.16912	0.240029	0.0601578	0.00778449	0.0762029	0.0993298	0.0665224	0.0205735	0.0137296	0.00310706	0.00785693
29	0.0428382	0.00018768	0.389107	0.123644	0.000683405	0.0486969	0.0211799	0.00361234	0.0272462	0.000903152	0.000588224	0.120234	0.00919723	0.030323	0.0233134	0.11396	0.0363072	0.00281432	0.000201884	0.00496136
30	0.203749	0.024905	0.00366617	0.00459687	0.00438682	0.0245733	0.00288818	0.0754399	0.00550363	0.0522823	0.00269567	0.00448137	0.213505	0.00393932	0.00504168	0.00705116	0.0430437	0.309561	0.000823436	0.00786676
31	0.478924	0.0148185	0.000920616	0.00261434	0.0125983	0.398425	0.00108067	0.00128286	0.00175465	0.0065604	0.00226217	0.00540754	0.000653746	0.00132561	0.00153043	0.0397407	0.0224415	0.00646426	0.000365536	0.000829733
32	0.118018	0.00212682	0.0329691	0.104704	0.00234023	0.0615063	0.0172471	0.038479	0.0312514	0.229596	0.0117519	0.00427699	0.00181546	0.198665	0.0397571	0.0444169	0.0378188	0.0178107	0.00254552	0.00290352
33	0.081518	0.00284707	0.103402	0.241201	0.00688782	0.107573	0.0237083	0.0126477	0.0683027	0.020526	0.00985812	0.0519072	0.0141818	0.0759394	0.0425278	0.0648194	0.042369	0.0193242	0.00196861	0.00849051
34	0.0605283	0.00876943	0.106525	0.0490593	0.0107832	0.0575832	0.0342936	0.0143402	0.0543938	0.0130629	0.0105675	0.212411	0.021161	0.0288322	0.0400616	0.166995	0.0801579	0.0171563	0.00309174	0.0102273
35	0.0303788	0.000719797	0.0127643	0.00182549	0.00204414	0.0220263	0.00119625	0.00826392	0.0266262	0.00226079	0.00124988	0.0333909	0.00436668	0.00175026	0.00887509	0.513606	0.323776	0.00381666	0.000293768	0.000767958
36	0.065427	0.000738592	0.193615	0.0385646	0.00776954	0.175636	0.0728855	0.0072933	0.0374689	0.00735056	0.0183424	0.21616	0.0014048	0.0454204	0.0256409	0.0401942	0.00465075	0.00245304	0.0132843	0.0257002
37	0.400681	0.0026863	0.0136587	0.0916038	0.00487277	0.0855994	0.00369698	0.00845825	0.0130369	0.0144187	0.0201677	0.0181162	0.111089	0.00489284	0.00637836	0.117996	0.0168526	0.061415	0.00122163	0.00315756
38	0.0187055	0.000536712	0.00506678	0.00145101	0.221428	0.00126074	0.0134445	0.0630558	0.0134027	0.190194	0.0386015	0.030942	0.00932387	0.00696031	0.0312913	0.00283141	0.00249537	0.0667578	0.145834	0.136416
39	0.0346619	0.00339521	0.041746	0.0291332	0.00898564	0.0383266	0.144961	0.0112742	0.116615	0.0141633	0.0124497	0.214085	0.0105976	0.05032	0.139905	0.0454478	0.0515788	0.0154403	0.00293068	0.0139824
40	0.0594775	0.00474891	0.109355	0.0566415	0.013544	0.0498131	0.0365195	0.0166215	0.0646588	0.0174153	0.0114156	0.306446	0.0215289	0.0326808	0.047359	0.0665809	0.0471643	0.0202902	0.00532062	0.0124185
41	0.353818	0.0125793	0.0145267	0.0311695	0.0152424	0.142311	0.0105233	0.0327498	0.0281651	0.0303087	0.015642	0.0159348	0.0249539	0.0200098	0.0150997	0.106717	0.0609062	0.0598055	0.0022915	0.00724587
42	0.12991	0.00615557	0.0206592	0.0144162	0.0119663	0.556812	0.00799492	0.00961182	0.0136344	0.0148592	0.00657381	0.0401469	0.00523242	0.00923143	0.00990069	0.0851132	0.0370454	0.0148464	0.0014802	0.00441005
43	0.106632	0.00915609	0.0379234	0.0529972	0.0119148	0.0455583	0.0153277	0.0336132	0.0570744	0.0280251	0.0152765	0.0359107	0.0295576	0.0328116	0.0423727	0.183109	0.20478	0.0487587	0.00232434	0.00687661
44	0.128596	0.00536687	0.0206618	0.0155263	0.0117802	0.568817	0.00730424	0.00653633	0.0141656	0.0116991	0.0068514	0.0350889	0.00494421	0.00886039	0.010851	0.0870298	0.0402271	0.0105011	0.00159105	0.0036012
45	0.070509	0.00642062	0.0546883	0.0624717	0.035629	0.0422594	0.138027	0.0277193	0.0826449	0.0362152	0.0169269	0.0669079	0.050446	0.0507832	0.0669835	0.0626929	0.0483273	0.0267654	0.0109695	0.0426135
46	0.457897	0.0137616	0.00750318	0.00872238	0.00257121	0.0201851	0.0068223	0.00244259	0.00587559	0.00241182	0.00512299	0.00286115	0.0010073	0.00809346	0.00231746	0.345652	0.0958479	0.00938722	0.000363628	0.00115343
47	0.475239	0.014647	0.000993575	0.00264998	0.0127143	0.401471	0.00109731	0.00128679	0.00180979	0.00656737	0.00226669	0.0055545	0.000676993	0.00131951	0.00158581	0.0398474	0.022706	0.00638143	0.000363125	0.000821894
48	0.0184265	0.00129202	0.00394664	0.00305498	0.243051	0.00331663	0.00835236	0.0446563	0.00677482	0.291759	0.0964424	0.0529712	0.0083732	0.00712154	0.0142475	0.00578722	0.00489347	0.0458288	0.0522455	0.0874596
49	0.334056	0.104318	0.0100796	0.018685	0.0191474	0.06439	0.0150085	0.0317547	0.018682	0.0256983	0.0818074	0.0165456	0.0078343	0.0135577	0.0151734	0.0909475	0.0577602	0.0556989	0.00450952	0.0143458
50	0.0798648	0.00290552	0.0790749	0.307494	0.0077534	0.0258408	0.0199114	0.0163308	0.0834244	0.0223977	0.00718379	0.0392781	0.0191294	0.109406	0.0529188	0.0512731	0.0430219	0.0229694	0.00268548	0.00713598
51	0.0132398	0.00271245	0.00212477	0.00382907	0.114905	0.00391307	0.00206922	0.0336131	0.00565997	0.450221	0.233385	0.0144291	0.0095947	0.00400465	0.0059662	0.00591596	0.0066636	0.0209299	0.0292191	0.0376045
52	0.0541164	0.00337269	0.114837	0.049094	0.0160462	0.0649724	0.0394222	0.0190068	0.0597651	0.0221996	0.0111329	0.294252	0.0215547	0.0342848	0.0470104	0.0624733	0.0470975	0.020813	0.00533928	0.0132101
53	0.0294088	0.00292714	0.00966801	0.0158313	0.297996	0.00962378	0.0425267	0.0421831	0.025414	0.067434	0.0237002	0.0189717	0.00658549	0.0146765	0.0209162	0.0256534	0.0215969	0.0422288	0.0414157	0.241242
54	0.206543	0.0361187	0.00517434	0.0103634	0.0118211	0.014133	0.00859138	0.015966	0.0143845	0.0323171	0.0687076	0.019544	0.00402607	0.00871852	0.0113915	0.172885	0.247544	0.101559	0.00240556	0.00780647
55	0.0441696	0.00124904	0.021737	0.0570204	0.0103195	0.00936751	0.0341404	0.0191565	0.066477	0.011091	0.00163073	0.0240163	0.509961	0.0318822	0.0258001	0.0557421	0.0509768	0.02246	0.000426738	0.00237566
56	0.0599793	0.000606529	0.0486107	0.414117	0.00434966	0.00660672	0.0226179	0.0267235	0.0187724	0.0690791	0.0188916	0.0157363	0.00112449	0.213526	0.0285138	0.0123808	0.011048	0.0134392	0.00041666	0.0134604
57	0.0427499	0.000191995	0.386635	0.12443	0.00071437	0.0478863	0.0209785	0.00394296	0.0274195	0.000981915	0.000603364	0.120801	0.0090634	0.0310747	0.0234568	0.114588	0.0360155	0.0028181	0.000264083	0.00538462
58	0.15249	0.0334442	0.00245697	0.0027946	0.00331148	0.0185723	0.00212791	0.173144	0.00433642	0.0400569	0.00288804	0.00560521	0.125423	0.00305882	0.00556588	0.00688252	0.0718283	0.334971	0.00048515	0.0105573
59	0.149632	0.000869366	0.0843	0.116568	0.00235178	0.042752	0.00959775	0.00636208	0.110541	0.00384445	0.0135032	0.0454395	0.00136122	0.0152414	0.036271	0.182661	0.170578	0.00325195	0.000588636	0.00428503
60	0.0377345	0.000379558	0.0264472	0.0447129	0.00193721	0.0156148	0.0400246	0.00411455	0.375167	0.0044329	0.00100205	0.0283661	0.00895476	0.0809788	0.226845	0.0422543	0.0537773	0.00449392	0.000322135	0.00243956
61	0.221647	0.0101388	0.0159971	0.0392944	0.0172721	0.0427093	0.0177789	0.054638	0.0416713	0.036309	0.0207572	0.0739526	0.0215299	0.0250239	0.03392	0.0882517	0.0762156	0.14356	0.0064892	0.0128435
62	0.0418663	0.00208086	0.00384954	0.0090327	0.00338192	0.00112914	0.00115962	0.244044	0.00700776	0.228284	0.013783	0.00228883	0.000464206	0.0130508	0.0038954	0.00604251	0.010636	0.399473	0.000850968	0.00767941
63	0.158439	0.0015245	0.0460777	0.0867613	0.00302811	0.0414252	0.0383309	0.00732301	0.146553	0.018016	0.00491945	0.0900153	0.00408258	0.050968	0.0886763	0.111362	0.0774973	0.0198434	0.000681148	0.00447592
64	0.0204309	0.00285035	0.00239163	0.000879824	0.0176183	0.00307666	0.000702627	0.479518	0.0016161	0.0633791	0.0242339	0.000941077	0.000412319	0.000860715	0.00105956	0.00153344	0.00519121	0.370779	0.000179789	0.00234581
65	0.239267	0.0943082	0.0109009	0.033129	0.0462426	0.0652002	0.0503028	0.0562322	0.0218037	0.0279624	0.0179707	0.0831882	0.00823679	0.020198	0.0176184	0.0342887	0.0780864	0.0220037	0.00889257	0.0641674
66	0.0636355	0.00571858	0.048411	0.375236	0.000930402	0.0139455	0.0160951	0.00861575	0.0928938	0.00558036	0.00198664	0.031415	0.00203896	0.14375	0.0601034	0.0347442	0.0616765	0.0321306	0.000411563	0.000681915
67	0.104481	0.000855097	0.0249254	0.0847761	0.004421	0.0187967	0.0285071	0.0144467	0.126965	0.033251	0.0211865	0.0186084	0.00354318	0.344911	0.0637244	0.0836715	0.0182861	0.00231228	0.000421063	0.00191011
68	0.0033407	0.00046012	0.00136306	0.00461982	0.545195	0.00125074	0.0161862	0.0174639	0.0127547	0.0180492	0.00852703	0.00472955	0.00108274	0.00270772	0.00230738	0.00298008	0.00243819	0.0105607	0.0236688	0.320314
69	0.0647628	0.00151172	0.0464299	0.381803	0.00466319	0.00763925	0.0415977	0.0214451	0.0171132	0.0681461	0.0230817	0.0304191	0.00201459	0.208074	0.0247827	0.0137745	0.0115086	0.0120765	0.00081757	0.0183388
70	0.0432148	0.00195045	0.00394531	0.00910649	0.0032166	0.00111246	0.00112607	0.240166	0.00696702	0.228674	0.0133414	0.00235944	0.000466726	0.0132454	0.00396227	0.00635329	0.0110165	0.401318	0.000921662	0.00753652
71	0.181938	0.0053314	0.00686548	0.00417423	0.00922018	0.0319166	0.00291344	0.00661491	0.0104598	0.00969758	0.00614942	0.0212487	0.00250627	0.00426042	0.00622429	0.35236	0.304958	0.0314011	0.00059578	0.00116453
72	0.024358	0.00216119	0.00586045	0.0103271	0.00526364	0.00627915	0.00600655	0.0083702	0.285744	0.171176	0.0363262	0.0133701	0.00408487	0.0095529	0.329422	0.0177549	0.0162729	0.0417374	0.00161757	0.00431512
73	0.0656455	0.00260447	0.0542912	0.41261	0.0017193	0.0145603	0.0167631	0.00747608	0.0766762	0.00980102	0.00315036	0.034189	0.00186688	0.161729	0.0499568	0.0334941	0.0328255	0.0181336	0.000160662	0.00234744
74	0.0175836	0.000792943	0.00241366	0.0015083	0.245698	0.00142573	0.00788475	0.0500371	0.00516268	0.287112	0.103455	0.0225757	0.00805324	0.00545804	0.0154794	0.00262931	0.00242947	0.0523617	0.0712865	0.096653
75	0.0159914	0.00289574	0.00134775	0.00284157	0.149525	0.00301447	0.00311728	0.0433527	0.00539984	0.395382	0.207773	0.0119037	0.00598289	0.00304894	0.00748229	0.00501146	0.00756027	0.031507	0.0449864	0.051876
76	0.458275	0.0149847	0.00668197	0.00633334	0.00275475	0.0188372	0.00705148	0.00200429	0.00511899	0.00208947	0.00458943	0.00252818	0.000841882	0.00662774	0.00183803	0.346449	0.10235	0.00932692	0.000338375	0.000979385
77	0.0252152	0.00129552	0.00347598	0.00438894	0.0728054	0.00424062	0.244585	0.00482625	0.00735841	0.0056874	0.00306437	0.0194801	0.00253685	0.00506565	0.0202932	0.123716	0.0531437	0.00492348	0.0627759	0.331121
78	0.10118	0.0518251	0.016172	0.0316914	0.016106	0.0241178	0.059013	0.0770969	0.0245008	0.242276	0.0252896	0.0164416	0.00913491	0.127111	0.0234915	0.0312655	0.0362608	0.0258293	0.0429582	0.0182388
79	0.108646	0.0044893	0.00550188	0.0204162	0.0044627	0.00389359	0.00175698	0.187653	0.0174366	0.114401	0.0167733	0.0042881	0.00269067	0.0173901	0.00419858	0.027774	0.0437357	0.397684	0.0045222	0.0122851
80	0.0442038	0.000214315	0.368027	0.117253	0.000664513	0.049601	0.024697	0.00400402	0.0357245	0.000832053	0.000552598	0.131057	0.00923346	0.0264415	0.0257984	0.109236	0.0434203	0.00379891	0.00019304	0.00504772
81	0.107108	0.00408719	0.0345294	0.0259293	0.0312573	0.0455984	0.0336883	0.0396384	0.0317926	0.023214	0.00755743	0.0250581	0.327428	0.0162813	0.0225637	0.0898847	0.0638295	0.063252	0.00139849	0.00590331
82	0.0330592	0.000251519	0.0493353	0.0735225	0.00226142	0.0153776	0.0378999	0.00306608	0.321436	0.00199785	0.000762216	0.0302996	0.00506368	0.0756115	0.212416	0.0570868	0.0738621	0.00160864	0.000196234	0.00488644
83	0.153561	0.000548065	0.100974	0.146435	0.00140585	0.0336113	0.0226175	0.00736562	0.117572	0.00280805	0.00814584	0.0524691	0.00569534	0.0336878	0.0459439	0.145134	0.114915	0.00242452	0.000334026	0.00435159
84	0.0164849	0.00107503	0.00456199	0.00468278	0.273813	0.00228454	0.01443	0.0613326	0.0146297	0.150401	0.0470701	0.0221961	0.00699143	0.00818158	0.0235085	0.00631064	0.00637721	0.0557797	0.121139	0.15875
85	0.0160978	0.00454043	0.00205055	0.00384874	0.0146883	0.00165388	0.00145322	0.38872	0.00388227	0.230702	0.0275135	0.000947547	0.000504686	0.00578263	0.00204669	0.00142545	0.004402	0.28229	0.000220197	0.00723083
86	0.0369625	0.00303026	0.0134791	0.0196527	0.0051504	0.0110878	0.141952	0.00854627	0.121725	0.0143973	0.0217543	0.174279	0.00227795	0.108128	0.181411	0.0373268	0.0688979	0.0195845	0.00120505	0.00915149
87	0.113652	0.00424481	0.00678315	0.00874752	0.0214913	0.00757345	0.0217402	0.00582481	0.029256	0.0095517	0.00589735	0.0661393	0.272723	0.0355484	0.0714694	0.179848	0.122416	0.0107094	0.000890625	0.00549342
88	0.116043	0.0343471	0.00171865	0.00308841	0.00208335	0.00458602	0.00170991	0.296774	0.00384125	0.0425606	0.00561035	0.0092496	0.00619885	0.00266266	0.00931713	0.0115519	0.118641	0.324956	0.000459115	0.00460083
89	0.158367	0.049524	0.0161609	0.0263518	0.0179969	0.0178182	0.025089	0.0218687	0.0331022	0.0209983	0.0113892	0.0721275	0.284737	0.0245622	0.0701565	0.0565334	0.052506	0.0259435	0.00366214	0.0111058
90	0.0709102	0.00670235	0.0469258	0.0467897	0.0464357	0.0410112	0.128945	0.0234604	0.0953817	0.0328885	0.016234	0.062993	0.0419718	0.0551209	0.0805919	0.0623277	0.0498178	0.0262125	0.0120403	0.0532394
91	0.03097	0.0275333	0.00325617	0.0190596	0.0145934	0.00429204	0.0153956	0.296269	0.0106377	0.196961	0.138379	0.0034286	0.00644055	0.0187422	0.0082888	0.00984347	0.0164055	0.156512	0.00481476	0.0181772
92	0.180288	0.00475502	0.021894	0.0155472	0.00566361	0.0440237	0.00433504	0.00805439	0.0226164	0.00557313	0.00468327	0.0243424	0.00311263	0.00580851	0.0106736	0.377996	0.243534	0.0147386	0.00054178	0.00181835
93	0.0179834	0.000881457	0.00202439	0.0014365	0.240618	0.00135884	0.00689969	0.0497154	0.00383309	0.304864	0.118892	0.0202726	0.00807334	0.0049116	0.0131269	0.00263326	0.00258768	0.0511438	0.0605075	0.0882374
94	0.128935	0.00672705	0.00895258	0.0161578	0.0661677	0.125837	0.00769421	0.123005	0.0217569	0.0993393	0.0122452	0.0122937	0.0224985	0.0105424	0.0147928	0.0419729	0.0681225	0.196667	0.00435261	0.0119393
95	0.0165448	0.00212124	0.00839395	0.071152	0.0676799	0.00642032	0.0991195	0.0570489	0.0404652	0.0103855	0.0762088	0.0125265	0.00354272	0.135267	0.153564	0.0626173	0.080926	0.0305448	0.038737	0.0267341
96	0.0230834	0.00277494	0.0194321	0.0100449	0.014833	0.63383	0.00406835	0.00519303	0.012083	0.00776046	0.00394506	0.0462324	0.00261382	0.00701983	0.00707856	0.140263	0.0506377	0.00541766	0.000961826	0.00272624
97	0.145231	0.00059248	0.198909	0.383756	0.0104264	0.0211467	0.00787737	0.00861209	0.0650396	0.00683846	0.00624621	0.00858558	0.0126198	0.038559	0.0165645	0.043796	0.0217306	0.00201968	0.000446776	0.00100373
98	0.0956643	0.000575965	0.158437	0.229033	0.00407177	0.0237439	0.0240782	0.0110174	0.161063	0.00227312	0.00165574	0.0343363	0.0115809	0.0552632	0.0640794	0.0574953	0.0579031	0.00192478	0.000238424	0.00556525
99	0.0482431	0.000579606	0.2125	0.0481085	0.00889604	0.170226	0.0656797	0.00824199	0.0349268	0.0075976	0.00981708	0.239606	0.00111238	0.0501229	0.0305173	0.0329148	0.00368326	0.00203708	0.00547236	0.0197169
100	0.11665	0.0347984	0.00182357	0.00307465	0.00207195	0.00473979	0.00181049	0.295696	0.00395582	0.0418179	0.00561514	0.00977056	0.00645078	0.00288181	0.00969018	0.0121874	0.116887	0.324905	0.00046239	0.00471108
101	0.168715	0.000333294	0.100305	0.160382	0.00102593	0.027579	0.0447598	0.00968202	0.156394	0.00247007	0.00157437	0.0481046	0.014752	0.0644804	0.0656058	0.0852575	0.042019	0.00245633	0.000285889	0.00381805
102	0.00237165	0.000310035	0.000827713	0.00467419	0.57139	0.000895663	0.0101527	0.0157012	0.0125351	0.0110633	0.00777459	0.00405763	0.000568667	0.00122289	0.00135161	0.00164518	0.00173048	0.00756525	0.0199168	0.324246
103	0.0208707	0.00218674	0.000965562	0.00249285	0.0528893	0.00158248	0.00129233	0.187244	0.00388701	0.503464	0.0999049	0.0022057	0.00189137	0.00204254	0.00413852	0.00369434	0.0116628	0.0835476	0.0063852	0.0076523
104	0.0456258	0.000304722	0.0125266	0.0399954	0.00389653	0.00590087	0.0295352	0.00358659	0.449335	0.0040565	0.00110711	0.0200196	0.00133783	0.0781342	0.226117	0.019576	0.0472038	0.00965783	0.000382365	0.00170087
105	0.0619574	0.00024474	0.0178793	0.0319977	0.00259635	0.00722882	0.0373975	0.004575	0.420626	0.00617258	0.000901112	0.0292961	0.00179243	0.0777942	0.205006	0.0299021	0.0547285	0.00752129	0.000265781	0.00211666
106	0.0666158	0.00632517	0.0174263	0.0422293	0.0218222	0.0201866	0.0244577	0.117974	0.0819039	0.065754	0.0286889	0.0264176	0.0245673	0.0526908	0.211193	0.0454487	0.0464229	0.0715626	0.0124411	0.0158719
107	0.0114393	0.00129051	0.00366466	0.00491764	0.305024	0.00651759	0.211874	0.00711514	0.0080496	0.0252392	0.00379181	0.00533689	0.00258093	0.0391497	0.00628348	0.00884015	0.00782067	0.0377622	0.00316232	0.30014
108	0.0675606	0.00308187	0.0586445	0.410482	0.000957714	0.0159255	0.0158626	0.00543322	0.0880701	0.00235873	0.000998602	0.0355641	0.00215914	0.145895	0.0547191	0.0355731	0.0369043	0.0192657	0.000128816	0.000415807
109	0.404573	0.00167343	0.00423511	0.0533947	0.00344711	0.00702167	0.00640736	0.0100977	0.0974393	0.0343857	0.00410664	0.00976258	0.00263013	0.0389037	0.0288125	0.096351	0.135733	0.057278	0.000840319	0.00290696
110	0.0117957	0.00266803	0.00111416	0.00312342	0.113653	0.00254678	0.00130449	0.0361586	0.00431083	0.465733	0.235482	0.00930661	0.0058189	0.00230826	0.00434792	0.0047398	0.00568117	0.021038	0.0307982	0.0380712
111	0.178006	0.000886728	0.0064321	0.0435017	0.00328501	0.0259607	0.0246002	0.0138306	0.20237	0.0100436	0.00320729	0.0425715	0.00194787	0.0500755	0.10242	0.151601	0.0990862	0.0377295	0.000505538	0.0019395
112	0.0353824	0.000908154	0.0236807	0.0355533	0.0138795	0.0144617	0.088028	0.0236782	0.0479529	0.0196704	0.00230064	0.0346326	0.479902	0.014734	0.0339022	0.0537383	0.0509449	0.0223579	0.000431178	0.00386106
113	0.0664658	0.0185274	0.00264793	0.0186452	0.0791426	0.00802866	0.00487645	0.0967088	0.0184695	0.304319	0.188482	0.00532384	0.00725204	0.00540204	0.0151122	0.0247379	0.0307136	0.0621064	0.0183247	0.0247133
114	0.00652841	0.000885329	0.00164775	0.00466812	0.528909	0.00164126	0.0139737	0.021422	0.0121209	0.0302896	0.0117962	0.0097355	0.00155297	0.00248092	0.00369297	0.00245626	0.00298774	0.0167144	0.0277171	0.29878
115	0.171008	0.000385078	0.094391	0.15649	0.0010191	0.0285146	0.0478875	0.00952197	0.160174	0.00247486	0.00141389	0.0475959	0.0149092	0.0680462	0.0662073	0.0848579	0.0383771	0.00247677	0.000275682	0.00397348
116	0.0452712	0.000240736	0.350198	0.116679	0.000670494	0.0509479	0.0276261	0.0048591	0.0444751	0.000977211	0.000645396	0.130347	0.00990276	0.0262702	0.0287769	0.104817	0.0480312	0.00372213	0.000231241	0.00531199
117	0.0404116	0.00466996	0.00111953	0.00397709	0.0308554	0.00191086	0.00251959	0.236617	0.00271618	0.307599	0.207989	0.00128946	0.00102014	0.00300654	0.00470658	0.00731192	0.026051	0.106205	0.00394211	0.00608243
118	0.0588795	0.00309315	0.0484856	0.38863	0.000971283	0.014545	0.0163978	0.00873947	0.0977508	0.00406494	0.00134889	0.0308535	0.00168665	0.151997	0.0660127	0.0321178	0.0454035	0.0280879	0.000139009	0.000795752
119	0.00241428	0.000303791	0.000805273	0.00438904	0.552297	0.000881347	0.0137328	0.0173185	0.0130501	0.0128337	0.00719079	0.00377392	0.000603059	0.00173501	0.00132871	0.00165277	0.00172146	0.00877356	0.0208604	0.334334
120	0.0276847	0.000718284	0.0121937	0.00162438	0.00206827	0.0196765	0.00103751	0.00980313	0.0258515	0.0017257	0.000994492	0.0323825	0.00423634	0.00156626	0.00848916	0.508603	0.337611	0.0026306	0.0003328	0.000770804
121	0.00541273	0.000677986	0.249573	0.28184	0.00142797	0.0166908	0.0108551	0.00244717	0.0326878	0.0151272	0.00155742	0.0576879	0.00112994	0.0532997	0.0275539	0.0611647	0.176747	0.00206095	0.000477989	0.00158045
122	0.042858	0.000187247	0.388894	0.12352	0.000681929	0.0484863	0.0212216	0.00362423	0.0273389	0.000887928	0.000583189	0.120458	0.00917986	0.0302137	0.0233761	0.114056	0.0364041	0.0028155	0.000211418	0.00500136
123	0.0916934	0.00157929	0.0408646	0.0419232	0.0395075	0.00635791	0.105473	0.0424	0.0557558	0.0195158	0.0141952	0.0217066	0.297441	0.0406059	0.105672	0.0239249	0.0141934	0.00843804	0.000861449	0.0278913
124	0.0138783	0.00848383	0.0161306	0.110554	0.0014323	0.00180614	0.0207408	0.0390772	0.163139	0.0363116	0.00868665	0.00244599	0.00134121	0.132298	0.0711258	0.0128669	0.220022	0.137686	0.000604379	0.00136924
125	0.0135168	0.000786183	0.000585253	0.00104659	0.0439694	0.000704923	0.000572371	0.232158	0.00109599	0.547443	0.0628461	0.000713509	0.000376574	0.000760724	0.00099209	0.00121939	0.00591087	0.0835513	0.00034748	0.00140338
126	0.204148	0.000878571	0.0120221	0.0511247	0.00344275	0.0399787	0.0195943	0.00646967	0.190405	0.00895027	0.00342511	0.0598389	0.00171716	0.0401111	0.11362	0.135811	0.0826085	0.0241635	0.000427237	0.00126393
127	0.0653028	0.00308033	0.0538744	0.408465	0.000702244	0.0160492	0.016266	0.00526954	0.0890667	0.00236062	0.00090892	0.0363283	0.00185444	0.150196	0.056927	0.0352458	0.0371838	0.0203802	0.000127265	0.000411417
128	0.0504183	0.00613274	0.00912939	0.0290757	0.0379241	0.0148999	0.0288631	0.0981138	0.089011	0.0714673	0.0732062	0.0154352	0.0150852	0.038202	0.116885	0.0707629	0.0414143	0.0498345	0.12252	0.0216196
129	0.0603631	0.00444549	0.00122404	0.00394204	0.0276008	0.00234853	0.00252945	0.228762	0.00292627	0.188665	0.283484	0.001597	0.00107679	0.00290136	0.00571441	0.0107129	0.0319118	0.127174	0.00599312	0.00662679
130	0.0637575	0.00257699	0.0275197	0.0586685	0.0172467	0.0120977	0.0293847	0.017861	0.0607085	0.0200541	0.00622139	0.0214916	0.460192	0.0337657	0.0317418	0.0549386	0.0459046	0.0263602	0.00323124	0.00627712
131	0.0269335	0.00188003	0.00351092	0.00354793	0.268489	0.00372646	0.0426756	0.0553565	0.0080348	0.22775	0.0484286	0.0185873	0.0110257	0.00933207	0.0147855	0.00616375	0.0067135	0.0627112	0.0489148	0.131433
132	0.0601717	0.00443624	0.00122582	0.00391247	0.0274971	0.00233499	0.00252095	0.228998	0.00285705	0.188877	0.283791	0.00159407	0.00103275	0.00293247	0.00566413	0.0106818	0.0318872	0.126974	0.00597448	0.00663725
133	0.105415	0.00184073	0.0116428	0.0179715	0.0075239	0.00721012	0.0381322	0.0450502	0.161638	0.0264445	0.0043797	0.0505794	0.160077	0.0649337	0.120158	0.0235857	0.0740292	0.0563898	0.00115481	0.0218442
134	0.017032	0.00469857	0.00220224	0.00203146	0.0176648	0.00268988	0.000975715	0.427736	0.00234323	0.116138	0.0323758	0.000719258	0.0003337	0.00283865	0.00115378	0.00106832	0.0046221	0.358354	0.000133668	0.00488883
135	0.474842	0.0152631	0.00108032	0.00277199	0.0125588	0.400126	0.00111991	0.00137793	0.00182934	0.00675346	0.00266602	0.00560189	0.000678907	0.00148965	0.00171807	0.0398315	0.0225205	0.00649157	0.000377091	0.000901599
136	0.0619342	0.00539167	0.00244497	0.00649874	0.0219886	0.0107322	0.00202594	0.316079	0.0123396	0.140103	0.0674908	0.00181935	0.00642812	0.00437812	0.00743943	0.0105352	0.0207354	0.29107	0.00445047	0.00611513
137	0.018889	0.00119715	0.0142143	0.00162563	0.00148569	0.0229908	0.00129995	0.00838159	0.0292889	0.0017802	0.00107926	0.0381407	0.00490211	0.00151931	0.00989772	0.515261	0.324827	0.00213741	0.000315765	0.000765697
138	0.0174599	0.00194599	0.00815178	0.00523149	0.128511	0.00442975	0.0259804	0.0388888	0.0551165	0.074846	0.0132716	0.0216944	0.007445	0.00738475	0.0671537	0.00909198	0.00797495	0.0469385	0.272879	0.185604
139	0.131202	0.0140013	0.0619117	0.101921	0.00392388	0.0475672	0.0312386	0.0417147	0.0299621	0.0978266	0.0296319	0.0396118	0.00165385	0.0492583	0.0634949	0.0495582	0.0940406	0.0530954	0.0153585	0.0430275
140	0.145374	0.00664371	0.0186319	0.0163478	0.0123943	0.560487	0.00798772	0.00777315	0.0155976	0.00926691	0.00536708	0.0326899	0.00569397	0.00997417	0.0128365	0.0794352	0.0350045	0.0134345	0.000999185	0.0040617
141	0.235286	0.00908829	0.00421085	0.00384398	0.018586	0.0169266	0.00377684	0.00465472	0.00768668	0.0092309	0.00665835	0.0158469	0.00248189	0.00616629	0.00581847	0.298886	0.309888	0.038694	0.000730042	0.00153891
142	0.0729065	0.00127623	0.196185	0.298389	0.00373023	0.0289996	0.0178486	0.00725116	0.0635434	0.0084944	0.00376393	0.0537177	0.0101397	0.0745915	0.0347619	0.060147	0.0523709	0.00782357	0.000425308	0.00363455
143	0.0271955	0.0109013	0.00215709	0.00248625	0.0158357	0.0029451	0.00166455	0.411579	0.00234574	0.106357	0.036535	0.00134984	0.000815106	0.00315969	0.00193899	0.00205692	0.0127535	0.352726	0.000301877	0.00489664
144	0.0157898	0.00181612	0.152582	0.0377941	0.00994692	0.0177617	0.0172898	0.0115761	0.0329883	0.00652235	0.00478796	0.590148	0.00339247	0.012188	0.0152806	0.0302365	0.0200179	0.0120076	0.00274779	0.00512645
145	0.00237165	0.000310035	0.000827713	0.00467419	0.57139	0.000895663	0.0101527	0.0157012	0.0125351	0.0110633	0.00777459	0.00405763	0.000568667	0.00122289	0.00135161	0.00164518	0.00173048	0.00756525	0.0199168	0.324246
146	0.0568123	0.00236642	0.0788632	0.254525	0.00430308	0.125745	0.0167321	0.00877732	0.0841109	0.0135851	0.00482684	0.0434209	0.0041749	0.104746	0.0426884	0.0956105	0.0405422	0.0126726	0.000809949	0.00468793
147	0.172613	0.00208168	0.0063136	0.161255	0.00570697	0.00993801	0.00602281	0.00849803	0.0121472	0.0640399	0.00673041	0.00823612	0.00506117	0.00863832	0.0362309	0.307054	0.041468	0.106381	0.00167207	0.0299115
148	0.0382196	0.00280291	0.00356603	0.00856135	0.00572819	0.00133551	0.00140078	0.262871	0.00655659	0.237645	0.0173093	0.00214098	0.000597232	0.0125056	0.00349188	0.00604673	0.0101045	0.370513	0.000895054	0.00770812
149	0.259293	0.00740068	0.00305989	0.00342891	0.011917	0.0176122	0.00296723	0.00509543	0.00468604	0.0167183	0.0109406	0.0109799	0.00130138	0.00481557	0.0040527	0.271542	0.297466	0.0648002	0.000746406	0.00117773
150	0.0366232	0.000299466	0.0203396	0.0405923	0.00137733	0.0128652	0.0707295	0.00300652	0.34173	0.00287862	0.00203525	0.0568377	0.00210629	0.0775097	0.218355	0.0438157	0.061005	0.00406763	0.000246316	0.00357953
151	0.0767764	0.000509361	0.0100662	0.0687759	0.00645606	0.0100216	0.0231206	0.0238106	0.141512	0.0596061	0.0327004	0.00543762	0.000955399	0.402299	0.0663977	0.0499226	0.018168	0.0020758	0.000410662	0.000977225
152	0.0120601	0.00272792	0.00106844	0.00304937	0.117901	0.00252574	0.00133149	0.0352741	0.00436494	0.452406	0.23961	0.0093612	0.00573263	0.00231371	0.00458407	0.00471962	0.00582525	0.0214115	0.0328801	0.0408526
153	0.0924738	0.00219228	0.0032128	0.00689914	0.115818	0.0276517	0.00404132	0.243406	0.025224	0.18182	0.0120046	0.00408248	0.0079123	0.0047682	0.00930778	0.0221008	0.0393868	0.175746	0.00418725	0.0177644
154	0.0672994	0.00331171	0.0617605	0.407967	0.000947399	0.0161532	0.0164663	0.00537927	0.0880186	0.00239304	0.000998157	0.0355214	0.00256122	0.142342	0.0556707	0.0359073	0.0375152	0.0191443	0.000129014	0.000514278
155	0.0784858	0.0074856	0.00309195	0.00701139	0.00779155	0.00353044	0.00126738	0.26641	0.00712139	0.121983	0.0201531	0.00383132	0.00566938	0.00802392	0.00412517	0.0110837	0.0332881	0.402284	0.00153828	0.00582409
156	0.0138272	0.00850245	0.0161373	0.110391	0.00140384	0.00181443	0.0208021	0.039153	0.163359	0.0363754	0.00874395	0.00242483	0.00130649	0.131866	0.071404	0.0129086	0.220218	0.137378	0.000616322	0.00136767
157	0.0445115	0.000246548	0.367139	0.115227	0.000959429	0.0560157	0.0259102	0.00359704	0.0330148	0.00103338	0.000848156	0.132827	0.00861027	0.0273481	0.0261329	0.107207	0.0400062	0.00331919	0.000367731	0.00567929
158	0.0127095	0.000375628	0.000475401	0.000858134	0.0457673	0.000553035	0.00048715	0.213064	0.000982844	0.584544	0.0585375	0.000646407	0.000355363	0.000668012	0.000775696	0.00108191	0.00551176	0.0713997	0.000178238	0.00102926
159	0.0288554	0.000321962	0.0770217	0.0977068	0.00305549	0.017294	0.0298636	0.00471325	0.289744	0.00172519	0.000953284	0.0337741	0.00476101	0.0704883	0.177662	0.0625186	0.0904315	0.00126346	0.00022369	0.00762273
160	0.0170484	0.00425099	0.0070489	0.0147875	0.00304174	0.00543397	0.011256	0.00975055	0.136493	0.0197048	0.00446232	0.00593389	0.033668	0.264958	0.420462	0.018748	0.0109444	0.00544327	0.000986148	0.00557811
161	0.0474671	0.00199729	0.0728907	0.061663	0.00414574	0.00798089	0.0593934	0.0578665	0.0810563	0.0448205	0.00830759	0.0805452	0.0026555	0.0539361	0.181531	0.0599284	0.107348	0.0320882	0.00214801	0.0322306
162	0.251897	0.00755519	0.00313763	0.00291078	0.014173	0.0144151	0.00239728	0.00422201	0.00384258	0.012062	0.00820082	0.0103335	0.00120033	0.0048094	0.00332083	0.288298	0.315875	0.0495996	0.00060775	0.00114337
163	0.00805553	0.000912056	0.0671074	0.010696	0.00248869	0.0791177	0.0187871	0.00404117	0.338819	0.0045312	0.00229269	0.0554193	0.0923169	0.0110971	0.267847	0.0200385	0.00721159	0.00580911	0.00109281	0.0023188
164	0.00521167	0.000565277	0.0022133	0.00484814	0.468953	0.00168033	0.0204297	0.0216971	0.0313086	0.0172821	0.00691372	0.00433629	0.00195629	0.00287105	0.00990835	0.00392442	0.00319905	0.0124752	0.0588495	0.321377
165	0.0195426	0.00237395	0.00190286	0.00394387	0.0214787	0.0010458	0.00105398	0.289873	0.00363679	0.363374	0.0332632	0.00113092	0.000498501	0.00610026	0.00231599	0.00177441	0.00559497	0.23543	0.00023931	0.00542632
166	0.0164961	0.00145852	0.0044895	0.00631138	0.426578	0.0114435	0.0170811	0.0366683	0.0186683	0.0778375	0.0330668	0.0126306	0.00662187	0.00663878	0.0119334	0.00962768	0.00908008	0.0294459	0.0309773	0.232946
167	0.0308475	0.00250427	0.00251849	0.00368715	0.0134064	0.00231035	0.00086457	0.380129	0.00404253	0.15533	0.0226402	0.0010833	0.000897226	0.00517142	0.00222635	0.00274491	0.00747079	0.35703	0.000544437	0.00455179
168	0.300306	0.0367652	0.0099106	0.0132415	0.0155389	0.406854	0.00934522	0.0109128	0.0131471	0.0141891	0.00698412	0.0181891	0.00480589	0.00974607	0.0106939	0.057346	0.0376144	0.0142686	0.00316594	0.0069751
169	0.468909	0.0142904	0.00136948	0.00306406	0.0124076	0.391069	0.0012029	0.00213985	0.00199207	0.00711064	0.00240063	0.00676193	0.000962341	0.00144581	0.00180332	0.0480447	0.0256182	0.00810862	0.000392525	0.000906962
170	0.137973	0.00607713	0.0198387	0.0124463	0.0122146	0.545981	0.00916663	0.0153453	0.0136481	0.0148017	0.0070487	0.0356252	0.00448692	0.0100658	0.00983669	0.0820543	0.0380701	0.0173265	0.00262388	0.0053691
171	0.14767	0.00647097	0.0205516	0.0160693	0.0119996	0.541873	0.0106399	0.00784815	0.0197647	0.0102195	0.00647934	0.0360731	0.00542664	0.00949725	0.0132904	0.0798883	0.0365562	0.0130279	0.00199223	0.00466199
172	0.226692	0.00375484	0.0418603	0.009127	0.00588953	0.280232	0.06601	0.00855808	0.062506	0.0103189	0.0345578	0.0474163	0.00380064	0.0113301	0.0100864	0.0451485	0.0139921	0.0087865	0.0521565	0.0577762
173	0.44732	0.0137367	0.0066402	0.00656899	0.00328071	0.0214907	0.00661191	0.00250158	0.00510775	0.00249001	0.00436025	0.00309312	0.00105893	0.00654257	0.00207176	0.34299	0.112263	0.0105046	0.000347989	0.00101998
174	0.0129726	0.000413328	0.000502494	0.000870294	0.047165	0.000626358	0.000597638	0.205057	0.00101989	0.590301	0.0586758	0.000631075	0.000475725	0.00066181	0.00080645	0.0011435	0.00575853	0.0707895	0.000241584	0.00129004
175	0.0296209	0.000946273	0.0255801	0.0346181	0.0114881	0.0178075	0.0987334	0.019965	0.053891	0.0250515	0.00224822	0.0373657	0.465573	0.0154249	0.0361295	0.0500576	0.0524911	0.0188647	0.000431056	0.00371217
176	0.0229705	0.00468299	0.00222127	0.00487433	0.0283623	0.00206885	0.00213784	0.322766	0.00527334	0.249181	0.0351178	0.00243194	0.00148421	0.00642768	0.00342142	0.00319226	0.00889348	0.273106	0.00277032	0.018616
177	0.0260298	0.00330429	0.0031384	0.00706102	0.0652959	0.00692488	0.00521292	0.151882	0.0120696	0.462058	0.086629	0.00696706	0.0102892	0.0108559	0.00996641	0.013379	0.0141876	0.0792614	0.00970734	0.0157804
178	0.0533183	0.002233	0.0441138	0.369936	0.00242087	0.0147164	0.014612	0.00685682	0.109055	0.00625902	0.00311204	0.0252887	0.00195495	0.173655	0.0858935	0.0290115	0.0340059	0.0207523	0.000245835	0.00255939
179	0.11789	0.00223762	0.00516345	0.0331808	0.00530498	0.0123061	0.00659645	0.00992558	0.275202	0.0849634	0.103064	0.00958309	0.00397367	0.0144788	0.173262	0.0646551	0.0612984	0.0100012	0.00217052	0.00474228
180	0.267503	0.00808272	0.00344482	0.00306578	0.0147752	0.0155379	0.0027408	0.00388305	0.00378709	0.00913703	0.00616564	0.00986339	0.0011859	0.00505654	0.00317278	0.305904	0.294953	0.0400141	0.000615195	0.00111232
181	0.0551279	0.000578961	0.203312	0.059096	0.00784749	0.156026	0.0654018	0.00791347	0.0521083	0.00716807	0.00865237	0.214119	0.00245677	0.0506621	0.0362478	0.0386296	0.00988584	0.00229275	0.00471739	0.0177574
182	0.0278907	0.00476705	0.00265545	0.00646946	0.0134121	0.00226099	0.00183929	0.345052	0.00925315	0.199985	0.0365429	0.00144131	0.00219951	0.00749946	0.00424277	0.00547024	0.00909549	0.309192	0.00202231	0.00870934
183	0.0485131	0.000777817	0.0324029	0.0866668	0.00850099	0.00208754	0.00302847	0.00807548	0.079943	0.00273282	0.00111778	0.00531384	0.564734	0.0538388	0.0262246	0.0247846	0.0374143	0.0121154	0.000460111	0.00126789
184	0.0854949	0.00130005	0.0789552	0.370245	0.0140258	0.0132899	0.0174992	0.0245571	0.0453791	0.0378297	0.0115202	0.0180733	0.00381038	0.170814	0.0316348	0.0349347	0.0203918	0.0115375	0.00124603	0.00746193
185	0.361739	0.00610328	0.00431861	0.0112472	0.00790162	0.0799142	0.00404526	0.0567295	0.0235696	0.00945541	0.0100485	0.0097762	0.0041085	0.00518931	0.0215867	0.174503	0.0256566	0.17958	0.0015966	0.00292999
186	0.0374277	0.000211087	0.0325955	0.0517936	0.00171334	0.0115427	0.0421598	0.00312504	0.37016	0.00274808	0.000596521	0.0306216	0.00414954	0.0766008	0.222983	0.0452568	0.0600917	0.00306303	0.000176359	0.0029832
187	0.0494396	0.000716063	0.210623	0.0502861	0.0089489	0.169483	0.067035	0.00791184	0.0352286	0.00864672	0.0103298	0.2299	0.00115633	0.052468	0.0320823	0.0339103	0.00451207	0.00189715	0.00527547	0.0201498
188	0.00256327	0.00030985	0.000808192	0.00434611	0.547732	0.000890917	0.0142326	0.0184398	0.0128133	0.013906	0.00756375	0.00394055	0.000624974	0.00187077	0.0013537	0.00166323	0.00185371	0.0105322	0.0209586	0.333597
189	0.465267	0.0142784	0.000928814	0.00293095	0.0131676	0.411146	0.00107148	0.00126396	0.00181315	0.00696057	0.00240538	0.00523076	0.000695545	0.00134988	0.00160698	0.038824	0.0229042	0.0069303	0.000400639	0.000824937
190	0.307274	0.00721112	0.00612429	0.0475299	0.010051	0.265437	0.0069137	0.0194533	0.0145231	0.017107	0.0116592	0.0157375	0.0205933	0.00795223	0.0113242	0.0815718	0.0384822	0.102833	0.00209338	0.00612911
191	0.0193091	0.00310073	0.0015151	0.00320053	0.145972	0.0029853	0.00360768	0.0644887	0.00590862	0.412193	0.171121	0.0108042	0.00616763	0.00386263	0.00818885	0.00645699	0.0105965	0.0410574	0.0346676	0.0447965
