368	20
1	0.0206504	0.0131899	0.0189852	0.00551798	0.0499515	0.00457316	0.00626803	0.101751	0.00708954	0.388724	0.0710844	0.00670734	0.00503163	0.0103819	0.0068262	0.00967629	0.172008	0.0852989	0.00353368	0.0127507
2	0.680504	0.0171005	0.000602886	0.00393344	0.00195565	0.111245	0.000772497	0.00223018	0.0048183	0.00433316	0.00242344	0.00575892	0.0058661	0.00315975	0.00199182	0.100033	0.0353578	0.0168146	0.000148657	0.000951147
3	0.0383607	0.0206932	0.0148581	0.0147462	0.310217	0.0150904	0.0178769	0.0456859	0.0195172	0.0735022	0.0311112	0.0220918	0.0114307	0.0183899	0.0264016	0.0458007	0.141829	0.0690168	0.0199284	0.0434521
4	0.00331534	0.00134362	0.0300496	0.00188291	0.00162783	0.00210236	0.0151498	0.00395562	0.00209092	0.00303821	0.00746211	0.0752831	0.0189248	0.00221513	0.00213277	0.212753	0.606286	0.00883155	0.000452157	0.00110259
5	0.0478243	0.00696787	0.0100349	0.0865397	0.0334198	0.00615352	0.0354925	0.159659	0.0783359	0.223991	0.0643346	0.0384279	0.0529211	0.0543144	0.0395119	0.0154212	0.0167938	0.0193108	0.00128381	0.00926249
6	0.034861	0.00443505	0.0213149	0.261646	0.00348557	0.00416591	0.0359997	0.00947841	0.16451	0.0105705	0.0103791	0.0574625	0.00817568	0.120186	0.097502	0.0338361	0.0676405	0.0459766	0.000393655	0.0079805
7	0.0482921	0.00323305	0.185699	0.39527	0.00290164	0.017245	0.0224269	0.00209015	0.0461019	0.0192516	0.00975255	0.0297698	0.00397071	0.122961	0.0223082	0.0375057	0.0225299	0.00353404	0.000290183	0.0048667
8	0.0300427	0.0104787	0.0110948	0.0266838	0.00555135	0.0199054	0.0262391	0.00988089	0.176274	0.0177382	0.00554771	0.0333395	0.020382	0.0642127	0.455516	0.0312936	0.0264973	0.0156105	0.000603338	0.0131083
9	0.0254441	0.00168145	0.103101	0.164235	0.0124506	0.00162024	0.0608459	0.0212284	0.085047	0.0609665	0.0224298	0.00952321	0.00180539	0.264315	0.0926046	0.0167214	0.0179375	0.0135153	0.000510003	0.0240171
10	0.0750649	0.00635841	0.0110943	0.0295877	0.0103172	0.0309612	0.0389269	0.0704126	0.0360338	0.0775216	0.0318321	0.0489386	0.00665228	0.0754506	0.184372	0.0698182	0.0890912	0.0612343	0.00067746	0.0456542
11	0.0188043	0.00901391	0.0175332	0.00292118	0.117474	0.00361819	0.0309853	0.0862127	0.0115162	0.400081	0.093932	0.010494	0.00322681	0.00796998	0.0169986	0.0134547	0.0176188	0.036279	0.00128674	0.100579
12	0.0585486	0.0664491	0.0275767	0.0185479	0.00723755	0.281866	0.080817	0.0112661	0.0110416	0.0143466	0.00731716	0.0515444	0.00971689	0.0148321	0.0577954	0.206077	0.0168793	0.0171023	0.00364507	0.0373925
13	0.012921	0.0084563	0.00098376	0.00192415	0.0218235	0.00158086	0.000917839	0.238651	0.00303182	0.403096	0.0438828	0.00151891	0.00451706	0.00390505	0.00219845	0.00453468	0.0368667	0.204042	0.00186254	0.0032851
14	0.0234899	0.00309613	0.0698677	0.116925	0.00878098	0.00393578	0.0849402	0.0191127	0.0944804	0.0411603	0.0216611	0.0152191	0.00456253	0.227651	0.171543	0.0330446	0.0257191	0.0132837	0.000495786	0.0210307
15	0.0316558	0.00299315	0.00390739	0.00895059	0.00874397	0.887627	0.00128973	0.0113607	0.00228877	0.00171883	0.000915884	0.00319377	0.00769989	0.00180612	0.00453631	0.00991956	0.00650089	0.00329166	0.000942529	0.00065703
16	0.0164996	0.0110742	0.00326892	0.00157211	0.135834	0.00270477	0.00602414	0.0992815	0.00317342	0.490142	0.0707833	0.00525485	0.00248395	0.00991504	0.00630341	0.00783305	0.0115429	0.0848778	0.00437582	0.0270553
17	0.00844365	0.00870523	0.000460199	0.000617126	0.0153358	0.00049208	0.00055178	0.115576	0.000545181	0.691796	0.0426113	0.000560189	0.000774089	0.00699854	0.000796836	0.00162158	0.00239111	0.101069	0.000211482	0.000443677
18	0.171091	0.0105103	0.0250252	0.0333326	0.0144574	0.0256022	0.0161551	0.00920983	0.0261465	0.0228648	0.00782509	0.0178006	0.458629	0.0175088	0.0213996	0.0712215	0.0228287	0.01852	0.00189922	0.00797291
19	0.260239	0.0258129	0.00561382	0.0033343	0.0202671	0.0188537	0.0125366	0.0101575	0.0136741	0.0168325	0.00842078	0.00668327	0.362996	0.0111734	0.029853	0.0990071	0.0384064	0.0284027	0.000682412	0.0270528
20	0.153338	0.0339039	0.0266154	0.0194907	0.00353424	0.0438268	0.0330084	0.0296362	0.111853	0.0206466	0.00449832	0.0508092	0.0205723	0.0651645	0.124286	0.070444	0.116128	0.0661773	0.000980913	0.00508632
21	0.0490109	0.00320607	0.211903	0.41616	0.00178815	0.0189924	0.018955	0.000577466	0.0453706	0.0120368	0.0104065	0.0359736	0.00450102	0.0784621	0.0186174	0.0431712	0.02461	0.00244552	0.000121875	0.00369075
22	0.09759	0.012055	0.0211729	0.125465	0.0238012	0.0117725	0.00729847	0.105069	0.0416818	0.195608	0.0352716	0.00353948	0.00195963	0.0423846	0.0254501	0.040216	0.0717984	0.129821	0.000512344	0.00753275
23	0.0714315	0.00295747	0.173605	0.372388	0.00246311	0.0152443	0.0167334	0.00228116	0.0454664	0.0184828	0.00913304	0.026894	0.00750455	0.148373	0.0245539	0.0352708	0.0178157	0.00526249	0.000317326	0.00382202
24	0.101635	0.0171328	0.00812124	0.0533133	0.0191768	0.0056975	0.0131039	0.148044	0.0362752	0.186412	0.0756539	0.00155272	0.00121123	0.0166892	0.0278975	0.0518131	0.066753	0.153545	0.000296237	0.0156757
25	0.0348418	0.00205565	0.0928504	0.184813	0.0208273	0.00180907	0.0458354	0.021963	0.0986213	0.0914019	0.0335478	0.0166343	0.00279959	0.210923	0.0718939	0.0106842	0.0125111	0.018376	0.000608466	0.0270036
26	0.0989403	0.0155737	0.00677817	0.0151136	0.0279024	0.0153993	0.0612142	0.0645335	0.0481806	0.0821757	0.0221382	0.0480838	0.00484625	0.0321643	0.211257	0.0783517	0.0770471	0.0473323	0.000675253	0.0422926
27	0.128151	0.0412422	0.00123919	0.00335698	0.0263718	0.00752881	0.00316249	0.375706	0.00174626	0.0535651	0.0112271	0.00338106	0.0037427	0.00189599	0.00278128	0.0175358	0.0239201	0.291799	0.000610697	0.00103638
28	0.0144146	0.00940199	0.00144028	0.00193584	0.058799	0.00288739	0.00126024	0.267709	0.00460654	0.251506	0.0685754	0.00235468	0.00700607	0.00505673	0.00293058	0.00698502	0.0594716	0.218814	0.00291897	0.0119254
29	0.0760427	0.00329008	0.164803	0.323361	0.0016322	0.0352689	0.0330044	0.00144973	0.0519311	0.00934647	0.00600464	0.0597449	0.00311942	0.0918781	0.0284941	0.0800833	0.0241929	0.00231632	0.000725737	0.00331184
30	0.0167454	0.0106698	0.00450898	0.0067398	0.00167455	0.00860252	0.0209787	0.00262668	0.221902	0.00567081	0.00300711	0.0309479	0.0136528	0.0614195	0.539409	0.0228059	0.0132423	0.00518065	0.000156757	0.0100593
31	0.00311222	0.00107033	0.000948499	0.00121345	0.265693	0.00664233	0.0317735	0.0112057	0.00145391	0.0210552	0.00565333	0.00529966	0.00343027	0.0030304	0.00308647	0.00382874	0.00733408	0.0111451	0.0344051	0.578619
32	0.0657421	0.00929484	0.00353187	0.0201305	0.0161704	0.00352398	0.00978958	0.23815	0.0241718	0.17669	0.0829259	0.00290935	0.00558255	0.00818375	0.0233502	0.0428968	0.0701631	0.182814	0.00128956	0.0126898
33	0.0636199	0.00430087	0.00380989	0.00548508	0.188374	0.00895148	0.0731602	0.0685794	0.00578727	0.0572081	0.0243292	0.00570161	0.00645474	0.0734107	0.0068232	0.0110635	0.0137201	0.0377742	0.0342902	0.307157
34	0.0090407	0.00951345	0.000528528	0.000651608	0.0172799	0.00061931	0.000878175	0.115558	0.000633149	0.68255	0.0435593	0.000810418	0.000915236	0.00687009	0.00103247	0.00226817	0.0039573	0.101948	0.000315649	0.00107064
35	0.0550288	0.00800196	0.0217798	0.0336122	0.0165794	0.0143598	0.0441613	0.0756738	0.015409	0.059415	0.0496838	0.0833247	0.00768227	0.0462326	0.107618	0.12768	0.111194	0.0812996	0.00068153	0.0405824
36	0.124575	0.0135174	0.116831	0.0943686	0.00214156	0.1815	0.0208746	0.00558402	0.0190373	0.00449467	0.00260896	0.0748283	0.00310139	0.038478	0.0285476	0.216384	0.0197492	0.00869072	0.0130341	0.0116529
37	0.00851046	0.0087511	0.000473639	0.000704628	0.0157464	0.000528488	0.000576092	0.12519	0.000578397	0.6665	0.0424346	0.000573091	0.00076266	0.00652325	0.000841006	0.00172951	0.00343458	0.115135	0.000218231	0.000789131
38	0.0157395	0.0326302	0.00632584	0.00848484	0.00662949	0.00580534	0.227081	0.00915958	0.00803953	0.180764	0.00653526	0.00881392	0.00520175	0.226048	0.105214	0.0615121	0.012289	0.011227	0.00709919	0.0554005
39	0.0472226	0.00324393	0.212914	0.409156	0.00183156	0.0181918	0.0207323	0.00101355	0.0461164	0.0123972	0.011235	0.0363777	0.00453058	0.0814291	0.0197863	0.0411554	0.0254419	0.00321072	0.000161628	0.00385258
40	0.0619332	0.00851997	0.00989413	0.0344672	0.00693632	0.0580272	0.0395904	0.0413214	0.0399498	0.0606857	0.0170206	0.0435442	0.00658579	0.117623	0.233342	0.043338	0.089029	0.0490669	0.00110454	0.0380206
41	0.0104243	0.0219663	0.157772	0.0345204	0.0111633	0.0135266	0.0850936	0.00394711	0.0291885	0.00453284	0.0022012	0.44272	0.00187554	0.0337294	0.00678541	0.0547034	0.0297595	0.00423713	0.00409982	0.0477544
42	0.0872	0.0061579	0.0361604	0.20215	0.00526015	0.0092363	0.0297159	0.0144217	0.108716	0.0286917	0.00674083	0.0369423	0.0546527	0.106819	0.119983	0.0413143	0.054733	0.0430547	0.000941891	0.00710855
43	0.0234444	0.00985326	0.00890034	0.0100102	0.00301917	0.0199806	0.0267772	0.00543678	0.190365	0.00832416	0.00408911	0.0247836	0.0111447	0.0606232	0.515112	0.0265432	0.032389	0.00787741	0.000229503	0.0110963
44	0.055394	0.023539	0.00362635	0.0168985	0.0190518	0.00411184	0.00928593	0.170547	0.0152194	0.298476	0.0732398	0.00274247	0.00379478	0.00996275	0.0133505	0.0396826	0.0643123	0.165446	0.00123322	0.0100862
45	0.00297841	0.00105634	0.00095445	0.00119755	0.265645	0.00665971	0.0315383	0.0108805	0.00142936	0.0209364	0.00559338	0.00525776	0.00342293	0.00286128	0.0030342	0.00386594	0.00727055	0.0108762	0.0343108	0.580231
46	0.00304707	0.00109083	0.000996451	0.0012595	0.266637	0.00662072	0.0314139	0.0113219	0.00154281	0.0217361	0.00591521	0.00543148	0.00334824	0.00283903	0.00349025	0.00391528	0.00740592	0.0112881	0.0339172	0.576783
47	0.0307422	0.010487	0.00664615	0.0084097	0.00214167	0.0121617	0.0214438	0.00386538	0.20069	0.0068777	0.00335048	0.0323501	0.0107124	0.0698776	0.511172	0.0316082	0.0126309	0.00562017	0.000203989	0.0190078
48	0.0126791	0.012964	0.00163765	0.001933	0.0486352	0.000904962	0.000824072	0.193707	0.00115039	0.358813	0.0472526	0.00116362	0.00125304	0.00470743	0.0012086	0.00222673	0.0301291	0.271113	0.00210035	0.00559603
49	0.00851054	0.00878215	0.00047946	0.000610251	0.0149072	0.000497333	0.000552928	0.115729	0.000554855	0.691337	0.0423161	0.000554285	0.000756354	0.00687445	0.000776808	0.0016394	0.00256673	0.101937	0.000204775	0.000414103
50	0.0996603	0.021434	0.0100281	0.0596885	0.01719	0.00716898	0.0118884	0.147051	0.0391886	0.175763	0.0715132	0.0025057	0.00164488	0.0213235	0.0291621	0.0563289	0.0695655	0.144996	0.000301803	0.0135975
51	0.00726064	0.0131314	0.161777	0.031223	0.00746215	0.00880553	0.106683	0.0034804	0.0351229	0.00368712	0.00214573	0.470369	0.00190565	0.0215651	0.00539862	0.0399384	0.0260317	0.00353095	0.00394312	0.0465388
52	0.0317865	0.00791235	0.00277415	0.00473237	0.0165438	0.00476813	0.0017473	0.324598	0.0124824	0.187509	0.0514802	0.00592363	0.020101	0.00857612	0.00630616	0.0105352	0.116621	0.176618	0.00721435	0.00177008
53	0.0545395	0.00358947	0.173628	0.426324	0.00186857	0.0213686	0.0195581	0.00134005	0.0531371	0.0138965	0.00869815	0.0340907	0.00519549	0.0800706	0.0211024	0.0469703	0.027858	0.00274645	0.00012309	0.00389455
54	0.0877689	0.00217152	0.105276	0.322341	0.00278745	0.00389822	0.00615261	0.00302232	0.13303	0.0372954	0.00455739	0.0699142	0.0079034	0.0630068	0.0815603	0.0259603	0.00802294	0.0103595	0.000650897	0.0243208
55	0.00551979	0.0104857	0.00186142	0.00159983	0.186481	0.00603539	0.00444347	0.180849	0.0022902	0.253676	0.114664	0.00538256	0.00190149	0.00406287	0.00334609	0.0114388	0.0115545	0.138417	0.0010122	0.054979
56	0.0791002	0.0180027	0.00295496	0.002838	0.0730925	0.00587213	0.00429364	0.058457	0.0031491	0.447699	0.0956831	0.00327566	0.00170647	0.0289375	0.0038078	0.0227103	0.0150287	0.1016	0.00150203	0.0302899
57	0.151569	0.0130507	0.0189396	0.0239135	0.0637354	0.0234438	0.0205785	0.015964	0.0277347	0.0298232	0.0113293	0.0171549	0.362889	0.0210964	0.0263989	0.0821825	0.0301112	0.0279702	0.00417059	0.0279437
58	0.0069232	0.00712496	0.000538864	0.0023062	0.0394587	0.000805804	0.000660337	0.29776	0.00090769	0.255663	0.0447996	0.00108792	0.0013996	0.0015388	0.000905086	0.00199114	0.0144999	0.312249	0.000268307	0.00911149
59	0.0223604	0.0161078	0.000582557	0.00291638	0.0222126	0.00326718	0.00265892	0.471442	0.000848475	0.0738998	0.0108242	0.00251831	0.00201132	0.000999408	0.000925198	0.00289403	0.0170377	0.345035	0.000327666	0.00113146
60	0.0278258	0.0106845	0.395206	0.0836788	0.0162335	0.0157571	0.032448	0.0134816	0.0261195	0.0267121	0.0104555	0.117606	0.0111958	0.0363146	0.0175371	0.0363691	0.0267697	0.0161923	0.00311286	0.0762998
61	0.33681	0.0718328	0.0032385	0.0112987	0.0119783	0.0507332	0.00614108	0.0429359	0.00811464	0.0292382	0.0116614	0.00849383	0.0147313	0.00763412	0.00924079	0.117449	0.137006	0.114017	0.00226451	0.00518095
62	0.132918	0.0133852	0.0212145	0.0149688	0.0184056	0.0261574	0.0203087	0.0122949	0.0202654	0.0264359	0.0373517	0.0180517	0.348106	0.0204944	0.0312578	0.129068	0.0747596	0.0220788	0.00149214	0.0109854
63	0.0796769	0.0461545	0.00310441	0.011414	0.00570956	0.0295054	0.00369327	0.0621525	0.0044716	0.00974325	0.00368292	0.00387118	0.00237577	0.00530469	0.00395002	0.0445645	0.371015	0.299754	0.00112123	0.00873453
64	0.087785	0.0193105	0.0115962	0.064834	0.0190543	0.0104033	0.0120244	0.147846	0.0299401	0.173376	0.0518257	0.00819856	0.00491962	0.0206865	0.0269059	0.0536466	0.0649589	0.178704	0.00132173	0.0126617
65	0.0620645	0.00534702	0.00353482	0.00907777	0.00970754	0.802414	0.00190705	0.0187233	0.00334035	0.00563606	0.00366211	0.00348357	0.00949947	0.00236524	0.00508409	0.0155081	0.0224955	0.0138191	0.000874851	0.00145584
66	0.0455684	0.00222541	0.110486	0.20452	0.0136806	0.00226436	0.0312867	0.0156393	0.0793584	0.0969277	0.0221843	0.0112378	0.00485024	0.242695	0.0558299	0.0100805	0.0111696	0.0211701	0.00071381	0.0181123
67	0.343625	0.0444106	0.00186702	0.00455952	0.00973769	0.0313558	0.00260586	0.136037	0.00361451	0.0565549	0.0317156	0.00322354	0.00571045	0.00286364	0.0149766	0.0270438	0.0455	0.232508	0.000705728	0.00138464
68	0.0637323	0.29322	0.00534032	0.00887604	0.0188127	0.00581805	0.00821481	0.0779027	0.00746432	0.214337	0.0294874	0.00680193	0.0103447	0.0108928	0.0213599	0.0211389	0.0430219	0.143229	0.00380922	0.0061964
69	0.0853349	0.024196	0.0105691	0.0779742	0.0143129	0.0128609	0.0086725	0.0991988	0.0524649	0.20246	0.0550729	0.0116264	0.00250778	0.0731924	0.02014	0.0492333	0.091567	0.0994051	0.000586997	0.00862372
70	0.0351697	0.00432671	0.0295897	0.210189	0.00374766	0.00437309	0.0440351	0.00677682	0.152305	0.0136145	0.0105397	0.0897385	0.00398748	0.113181	0.116549	0.0312657	0.0758808	0.0443806	0.0016932	0.00865686
71	0.00329922	0.00106811	0.000969517	0.0011942	0.266735	0.00674771	0.0319553	0.0114155	0.00141025	0.0211876	0.00566467	0.00526789	0.0034977	0.00318822	0.00306266	0.00389075	0.00750708	0.0111846	0.0345841	0.57617
72	0.0965119	0.023012	0.0547003	0.0356322	0.00339821	0.27448	0.0580592	0.00746355	0.0117024	0.00847997	0.00397891	0.0375679	0.0105194	0.0199531	0.0471982	0.261984	0.013428	0.0139494	0.00486842	0.0131135
73	0.0633964	0.00398333	0.012211	0.0279658	0.049591	0.0215122	0.0634274	0.058875	0.014988	0.0944828	0.0602729	0.0715806	0.00609128	0.0293936	0.0929982	0.0915693	0.0931765	0.0739022	0.000723148	0.0698592
74	0.0448885	0.00992267	0.00894302	0.0213607	0.00982828	0.00422764	0.00339807	0.309218	0.0134037	0.165098	0.0318206	0.0214832	0.0142489	0.00626196	0.0145116	0.0142739	0.0881718	0.212569	0.00321858	0.00315216
75	0.0125331	0.00186689	0.00185714	0.00186654	0.287228	0.0135732	0.0483339	0.0305121	0.00273271	0.0308102	0.00778469	0.00503373	0.00844409	0.013889	0.00495256	0.00617069	0.0152985	0.022347	0.0379585	0.446807
76	0.0250436	0.0074224	0.0485982	0.0371699	0.00632487	0.00950283	0.0351798	0.0416122	0.0589681	0.0239706	0.0106794	0.0122523	0.00726892	0.290721	0.166361	0.0960823	0.0479829	0.03611	0.00121264	0.0375366
77	0.0307189	0.00587927	0.0225631	0.06658	0.0069365	0.0228213	0.0352295	0.00221682	0.210529	0.00522395	0.0116348	0.0617357	0.00573914	0.0744623	0.368054	0.0317608	0.0222064	0.00680913	0.000155121	0.00874386
78	0.19407	0.0125563	0.00876768	0.00517642	0.0175306	0.030636	0.0157795	0.00613564	0.0143382	0.0272474	0.0171909	0.0116651	0.392543	0.0216102	0.0348381	0.118486	0.0431326	0.0185141	0.000620384	0.00916177
79	0.0196577	0.0128035	0.00714193	0.0107607	0.00277819	0.0112386	0.0347601	0.00897153	0.189549	0.0103606	0.00648331	0.0228243	0.015647	0.0805351	0.492645	0.0286527	0.0226334	0.0118194	0.000220689	0.0105172
80	0.0841129	0.00926574	0.0520895	0.041755	0.0047753	0.536573	0.0135099	0.00949896	0.0154986	0.00461676	0.00326681	0.026015	0.00785588	0.0169651	0.0218305	0.118558	0.0126373	0.00983342	0.00545262	0.00589035
81	0.00870732	0.00979354	0.00075958	0.00110204	0.0744051	0.00184688	0.00162604	0.151251	0.00119086	0.463231	0.0994891	0.00205501	0.00126879	0.00736041	0.00190425	0.00454537	0.00983549	0.142704	0.000578637	0.0163449
82	0.00297841	0.00105634	0.00095445	0.00119755	0.265645	0.00665971	0.0315383	0.0108805	0.00142936	0.0209364	0.00559338	0.00525776	0.00342293	0.00286128	0.0030342	0.00386594	0.00727055	0.0108762	0.0343108	0.580231
83	0.0083858	0.00712643	0.000559375	0.00276383	0.0303585	0.000795488	0.000700575	0.326694	0.000808095	0.233173	0.0323001	0.00108	0.00140606	0.000954964	0.000771053	0.00151114	0.0119963	0.332852	0.000182459	0.005581
84	0.0667888	0.0281905	0.0047505	0.00604605	0.00540174	0.00775605	0.00650518	0.0100975	0.00652249	0.0109781	0.00604879	0.00701402	0.0039426	0.00680968	0.0466146	0.547875	0.21462	0.00900866	0.00118053	0.00384938
85	0.0897828	0.00776143	0.00802686	0.00973199	0.0482206	0.0145217	0.0103217	0.183038	0.0800363	0.10996	0.00945003	0.00815581	0.0610484	0.0117356	0.0423434	0.147791	0.0166502	0.0516063	0.00191531	0.0879029
86	0.0356659	0.0150202	0.000994415	0.0039749	0.0216655	0.00321892	0.00225769	0.442267	0.00162316	0.0941485	0.0158165	0.00261578	0.00203715	0.000958657	0.00153749	0.00438755	0.0178878	0.332094	0.000248722	0.00158025
87	0.039926	0.493044	0.00483845	0.00607871	0.00467041	0.00458631	0.0048545	0.0250096	0.00620561	0.194953	0.0057802	0.00578831	0.0172788	0.00642619	0.0358014	0.00945737	0.0251844	0.101404	0.00467394	0.00403917
88	0.00358586	0.00968208	0.00145598	0.00163554	0.1732	0.00491528	0.00308492	0.209301	0.0019279	0.200011	0.115092	0.00390336	0.00162179	0.00346158	0.00248778	0.00950085	0.0145744	0.189849	0.000372463	0.0503367
89	0.0677311	0.0256081	0.0196003	0.0143398	0.00733703	0.0135333	0.0140549	0.0408879	0.0125357	0.022024	0.0125426	0.0382436	0.0149215	0.0127442	0.019333	0.29857	0.320563	0.0378888	0.00174197	0.00579862
90	0.0328331	0.0113435	0.270259	0.0475381	0.0102986	0.0118839	0.0625092	0.0476118	0.0282987	0.0277228	0.0119761	0.156498	0.0112787	0.0340237	0.0345156	0.0584307	0.0915506	0.0252616	0.00346564	0.0227005
91	0.0255389	0.00293003	0.00334373	0.00847174	0.0108744	0.899844	0.00130462	0.0115879	0.00185302	0.00206544	0.001207	0.00241939	0.00646025	0.00127699	0.0036161	0.00657436	0.0057724	0.00280964	0.0011667	0.000883379
92	0.106873	0.0107741	0.0900715	0.138209	0.00338979	0.18485	0.0383561	0.00701006	0.0409725	0.0090118	0.00552437	0.0512264	0.00408072	0.0635679	0.0339823	0.171525	0.0216831	0.0084331	0.00434929	0.00610883
93	0.0598212	0.0176136	0.0141751	0.0241364	0.0115983	0.0181963	0.0350348	0.0831263	0.0663327	0.0659938	0.017509	0.0319954	0.011631	0.0540005	0.250897	0.0957485	0.0631222	0.0516254	0.00211327	0.0253295
94	0.0661719	0.0214282	0.00167435	0.00610244	0.0207058	0.00579474	0.00341877	0.410714	0.00343598	0.0705156	0.014034	0.00321733	0.00263522	0.00452567	0.00312158	0.0083978	0.0274938	0.324758	0.000410941	0.00144416
95	0.0155698	0.0101832	0.00152904	0.00329662	0.0405413	0.00169635	0.00262265	0.129717	0.00302738	0.565347	0.0602844	0.00193134	0.00186162	0.00872561	0.00387901	0.00704315	0.0129187	0.11992	0.000883226	0.00902283
96	0.0742642	0.00889358	0.0150188	0.0158538	0.00694011	0.713309	0.00985499	0.00979703	0.00816786	0.00433876	0.00261072	0.00987337	0.00869058	0.00691538	0.0150343	0.0632224	0.0118626	0.00981974	0.00183857	0.00369408
97	0.0270722	0.0127701	0.00693306	0.0102765	0.185556	0.00513185	0.0133303	0.0833357	0.0112431	0.356743	0.0584045	0.00903767	0.00495031	0.0125599	0.0298248	0.019007	0.0244097	0.0885734	0.00783319	0.0330078
98	0.026912	0.00267945	0.00341737	0.00869758	0.00846093	0.902527	0.00115862	0.0112037	0.00197165	0.00132435	0.00075006	0.00238241	0.00657101	0.00123419	0.00373317	0.00727597	0.0055569	0.00259375	0.00092237	0.00062786
99	0.0570719	0.00891361	0.343255	0.113064	0.00711502	0.117548	0.0221683	0.0110955	0.0275495	0.0138295	0.00634093	0.0589187	0.0214315	0.0378134	0.0209367	0.0775993	0.0252787	0.0141145	0.00401851	0.0119377
100	0.0229844	0.0164177	0.0021384	0.00684261	0.0270086	0.0026033	0.00375303	0.112355	0.00514934	0.555627	0.0700566	0.00401671	0.00243349	0.0235077	0.00443667	0.0100242	0.016965	0.107014	0.000583945	0.00608162
101	0.0287869	0.00279086	0.00340646	0.00896801	0.00877885	0.896171	0.000937643	0.01205	0.0020172	0.0027835	0.00116563	0.0023909	0.00680525	0.00133361	0.00356811	0.00709102	0.00593824	0.0033206	0.000922157	0.00077454
102	0.3502	0.085826	0.00160282	0.00209406	0.0074847	0.0351983	0.00528184	0.0653437	0.0024456	0.0731422	0.0161373	0.00558358	0.0106327	0.00201671	0.00483393	0.0745627	0.0732864	0.181795	0.00035833	0.00217405
103	0.00976027	0.0478988	0.0620206	0.0112282	0.0418481	0.0233316	0.0823251	0.00556076	0.0121781	0.00781984	0.00456559	0.38794	0.00335419	0.114136	0.0069199	0.0421038	0.0282371	0.00761822	0.00195839	0.0991953
104	0.0451747	0.00524024	0.00884632	0.0190798	0.00905447	0.803862	0.00347458	0.0208278	0.00615171	0.00695717	0.0027711	0.00561611	0.00636812	0.00542495	0.00644638	0.0192846	0.0123159	0.00978032	0.00168319	0.00164083
105	0.0813102	0.0317804	0.00471987	0.0170823	0.0298254	0.00591941	0.00873088	0.18706	0.0148527	0.238773	0.0993413	0.0040761	0.0060884	0.012548	0.0123456	0.0294762	0.0538518	0.147505	0.00181503	0.0128993
106	0.0973259	0.00455577	0.00324015	0.00674392	0.0143522	0.73975	0.0044265	0.010071	0.00383081	0.003459	0.0022768	0.0022851	0.0511837	0.00244325	0.00650332	0.024943	0.0145821	0.00500501	0.000902794	0.00211945
107	0.0334306	0.026964	0.00143252	0.00446963	0.0284014	0.00375578	0.00280908	0.396797	0.00257345	0.122057	0.0222439	0.00290914	0.00291981	0.00215021	0.00252405	0.00657552	0.0264466	0.306812	0.00117863	0.00354963
108	0.246662	0.020953	0.0062493	0.00336393	0.0239948	0.0243686	0.0153412	0.00751111	0.0201175	0.0222868	0.00905489	0.00810962	0.355884	0.012443	0.0269941	0.130471	0.0323441	0.020584	0.000689673	0.0125784
109	0.0237876	0.0163855	0.000516914	0.00339936	0.0240301	0.00321141	0.00252574	0.477282	0.000793284	0.0764979	0.00998085	0.002656	0.00154985	0.000819087	0.000883075	0.00275733	0.013834	0.337883	0.000224126	0.000983107
110	0.27916	0.0262669	0.0259978	0.0253849	0.00636382	0.256629	0.0152265	0.00786008	0.010965	0.00834922	0.00491672	0.0219606	0.0142754	0.0146055	0.0239302	0.190261	0.0351293	0.0244411	0.00357235	0.00470446
111	0.0272331	0.00729191	0.0273366	0.0583334	0.0059119	0.0126225	0.0294723	0.00553717	0.247893	0.0115648	0.00633376	0.0760055	0.0225809	0.066764	0.313546	0.0339893	0.024007	0.0118778	0.0006759	0.0110238
112	0.078509	0.0193115	0.00499963	0.023822	0.0273775	0.00536228	0.010779	0.134896	0.0201256	0.264923	0.0950319	0.00269651	0.00226453	0.0137399	0.0176748	0.0544086	0.0505798	0.154722	0.000644616	0.0181313
113	0.146005	0.0566332	0.0386871	0.0485319	0.00435982	0.004747	0.0276038	0.0316436	0.0457521	0.0285654	0.0310952	0.0638526	0.00236381	0.0299755	0.00925428	0.282426	0.0892167	0.0560661	0.000882944	0.00233803
114	0.0271006	0.0114799	0.00304913	0.00869876	0.0545531	0.00389533	0.00332991	0.115601	0.00708695	0.453998	0.0546608	0.00340335	0.00218439	0.0287687	0.00486177	0.0107366	0.0229429	0.172588	0.00170717	0.00935457
115	0.0530273	0.0162739	0.0267231	0.0255414	0.043035	0.0252565	0.0417444	0.0456141	0.0243484	0.0744487	0.0734615	0.100477	0.0136857	0.0354455	0.0565321	0.107571	0.0620208	0.0494622	0.00424361	0.121088
116	0.0768331	0.0563552	0.00191207	0.00988006	0.00271726	0.0201197	0.00300187	0.0579534	0.00240402	0.00972555	0.00373717	0.00279825	0.00153049	0.00265639	0.00284944	0.0540797	0.392131	0.289974	0.000491728	0.00885026
117	0.679546	0.0270351	0.000714894	0.0038564	0.00288295	0.0635502	0.00121814	0.00607214	0.00490547	0.00645495	0.00188519	0.0104206	0.0023552	0.00340327	0.00210584	0.110123	0.0368031	0.0347835	0.000166262	0.00171805
118	0.102623	0.0503913	0.00604082	0.0142308	0.0703835	0.0182418	0.010658	0.0645959	0.0124806	0.315375	0.0996399	0.00600811	0.00368651	0.0242959	0.0113895	0.0538016	0.0202704	0.0657167	0.000791276	0.04938
119	0.244396	0.00275138	0.00247589	0.00528521	0.00611877	0.626174	0.00155667	0.00758705	0.00156437	0.00250121	0.00441788	0.00153235	0.0151091	0.00172179	0.00235632	0.0322526	0.03683	0.00383956	0.000616171	0.000913467
120	0.122211	0.0088142	0.0142752	0.0162143	0.0113173	0.396792	0.0148919	0.0107958	0.0413032	0.0115048	0.0049368	0.0197729	0.113598	0.0188838	0.0546023	0.0847988	0.029296	0.0197976	0.0010639	0.00513023
121	0.0170019	0.0114811	0.000486128	0.00265038	0.0240045	0.00211092	0.00158502	0.443136	0.000760094	0.121302	0.0190367	0.0017832	0.00146115	0.00072772	0.000743145	0.00209294	0.0128814	0.334203	0.00014048	0.00241267
122	0.0276062	0.0141377	0.0675928	0.0419074	0.0174831	0.00614195	0.11729	0.0044737	0.130574	0.022886	0.00346588	0.116744	0.147584	0.0941688	0.118644	0.038322	0.00669364	0.0189912	0.000597059	0.00469583
123	0.0817822	0.0032649	0.0577977	0.101734	0.00691343	0.0167	0.0307928	0.00970568	0.0615218	0.0268412	0.0041655	0.0343918	0.442213	0.0359099	0.0233969	0.0344274	0.0131591	0.0118869	0.000682625	0.00271312
124	0.116983	0.00483371	0.124306	0.14701	0.00160261	0.0683607	0.0505008	0.00306539	0.0614754	0.00438053	0.00297427	0.0940463	0.00112542	0.0880281	0.0443056	0.15604	0.0216108	0.00329652	0.0024093	0.0036452
125	0.0240868	0.187707	0.00242247	0.00407285	0.0167103	0.00322837	0.0291561	0.0791046	0.00390283	0.0790066	0.160841	0.00734435	0.00261492	0.0431623	0.0040667	0.0444529	0.151904	0.152859	0.00102483	0.00233305
126	0.00858732	0.00870355	0.000509354	0.000621306	0.0157816	0.000525195	0.000561703	0.121509	0.000563357	0.685176	0.0414942	0.000576604	0.0007858	0.00647804	0.000785683	0.00159425	0.00316859	0.101928	0.000208787	0.000441719
127	0.0383782	0.00429177	0.391058	0.217293	0.00704009	0.0104056	0.0170429	0.0104127	0.0332682	0.0371694	0.00917297	0.0436305	0.0168061	0.0654173	0.0200736	0.0281231	0.021814	0.0139098	0.000951011	0.0137424
128	0.0764702	0.12666	0.00536417	0.00955688	0.00836451	0.00808774	0.0280808	0.0883692	0.00689257	0.120055	0.0675286	0.017623	0.00447808	0.0183788	0.00609407	0.0676664	0.115996	0.218843	0.00125603	0.00423606
129	0.0319068	0.00271681	0.00485954	0.00934796	0.00833139	0.875258	0.00180589	0.0105992	0.00338045	0.0019096	0.000996051	0.00422811	0.0148154	0.00227812	0.00587476	0.0104147	0.00605318	0.00346788	0.00101977	0.000736355
130	0.0828819	0.0388387	0.00849824	0.0144878	0.00919333	0.0177708	0.00700366	0.0705642	0.0101242	0.0376033	0.0128915	0.0135777	0.00780803	0.0100103	0.0142095	0.0586696	0.351409	0.222117	0.00209141	0.01025
131	0.00714374	0.00968517	0.144781	0.0438301	0.00464501	0.00757439	0.0651375	0.00317351	0.032547	0.0036985	0.00182211	0.532213	0.00356345	0.0156094	0.00788917	0.0406582	0.0394209	0.0036098	0.00483099	0.0281667
132	0.0143714	0.00552194	0.0196545	0.0132542	0.00477956	0.00818916	0.0131092	0.00716109	0.0526339	0.0125959	0.00813371	0.597572	0.0284869	0.00780823	0.0318375	0.0412175	0.115273	0.00959857	0.00345862	0.00534299
133	0.033502	0.00454777	0.0237883	0.346679	0.00234148	0.00363527	0.0227015	0.0269482	0.144349	0.017666	0.00985553	0.0325815	0.028336	0.124017	0.0489466	0.0269883	0.064081	0.0351919	0.000461703	0.00338285
134	0.212799	0.0114696	0.0368538	0.179496	0.00176263	0.0124123	0.00963635	0.018959	0.164213	0.0421702	0.0102571	0.0244865	0.00199985	0.0362903	0.0136597	0.0880392	0.106838	0.0268079	0.00048742	0.00136247
135	0.00804985	0.00902107	0.00661273	0.00177067	0.155659	0.00372338	0.0137954	0.119183	0.00464655	0.410695	0.084264	0.0117591	0.00358106	0.00669634	0.00816313	0.0095533	0.0130954	0.0660681	0.00215678	0.0615051
136	0.0434822	0.0163125	0.00446214	0.00799164	0.00544449	0.012749	0.0590199	0.0737266	0.0621607	0.1704	0.00629922	0.0169407	0.00422194	0.0343035	0.348998	0.0308745	0.0464466	0.0375124	0.000928098	0.0177261
137	0.0911057	0.00226429	0.0840169	0.244864	0.00225791	0.00457261	0.0129626	0.00245947	0.14754	0.0253922	0.00462097	0.133374	0.00436075	0.0772819	0.0793738	0.0300468	0.0196558	0.0179953	0.00122814	0.0146275
138	0.012264	0.0149474	0.383205	0.0355584	0.0217308	0.0112249	0.0674887	0.00586785	0.0165882	0.00753544	0.00263258	0.242248	0.00768838	0.0481071	0.00873895	0.0517236	0.0221091	0.00613533	0.00188911	0.0323167
139	0.0951993	0.00160797	0.0721681	0.103689	0.00564656	0.0191298	0.0190939	0.00847571	0.0570537	0.0291281	0.00194671	0.0315082	0.478729	0.0234532	0.00738238	0.0313104	0.00316361	0.00971415	0.00037135	0.00122941
140	0.0242607	0.00708459	0.0270646	0.0038937	0.11725	0.00400248	0.0374977	0.0794588	0.0164349	0.361156	0.0886748	0.00930335	0.00313027	0.00775541	0.0160335	0.0161752	0.0225149	0.0298823	0.000684922	0.127742
141	0.0118585	0.00324705	0.00584028	0.00890301	0.2293	0.00799931	0.033024	0.0160763	0.00823502	0.0282396	0.00872997	0.00973536	0.0064743	0.00976505	0.0106822	0.0090767	0.011562	0.0158447	0.0305562	0.534851
142	0.0312366	0.00727317	0.00268285	0.00470363	0.0175719	0.00461412	0.00187687	0.321187	0.0140185	0.188683	0.0567325	0.00524007	0.0190694	0.00793384	0.00690213	0.0126134	0.112139	0.176758	0.00637176	0.00239252
143	0.0262532	0.00263351	0.00309059	0.00852728	0.00866666	0.906405	0.000823502	0.0113199	0.0016489	0.00132186	0.000738664	0.00227903	0.00644742	0.00109802	0.00339205	0.00602579	0.00549201	0.00235427	0.000859949	0.00062292
144	0.0908697	0.0198254	0.00824222	0.0455704	0.0230084	0.00565121	0.0161267	0.147151	0.0303715	0.217172	0.0741748	0.0025712	0.00152798	0.0181891	0.025919	0.0500999	0.0606417	0.138351	0.00038899	0.0241483
145	0.0162426	0.0101886	0.00625808	0.00661379	0.00193781	0.00858556	0.0214043	0.00284737	0.222013	0.00667471	0.00308178	0.0312978	0.0180806	0.0594426	0.532145	0.0226148	0.0130997	0.00632958	0.000161346	0.0109817
146	0.0223778	0.00253533	0.0710489	0.131068	0.00725884	0.00251199	0.0970013	0.0204242	0.0915625	0.0312449	0.0160791	0.0111335	0.00233808	0.246452	0.15709	0.0297603	0.0258478	0.0123156	0.000509865	0.0214395
147	0.035211	0.00541398	0.0157091	0.0665894	0.00653885	0.0119237	0.0378727	0.00404092	0.177431	0.0114273	0.00320686	0.111005	0.179691	0.061478	0.226782	0.0257884	0.00705361	0.00907158	0.000783629	0.00298244
148	0.0250352	0.00891319	0.00926499	0.0293497	0.0034234	0.011595	0.0254205	0.00543004	0.201436	0.0101329	0.00342088	0.0466353	0.0637879	0.0607052	0.434876	0.0260072	0.0162499	0.00901111	0.000318289	0.00898774
149	0.0984306	0.0275718	0.0375155	0.0523588	0.00619218	0.0037068	0.00478157	0.191296	0.0330468	0.134672	0.0237239	0.0177472	0.0248755	0.00752963	0.00908633	0.0235025	0.0698858	0.229405	0.00112539	0.00354764
150	0.0475786	0.00551238	0.0292495	0.0729135	0.0104379	0.0114894	0.0482135	0.0130275	0.137778	0.0134811	0.00436534	0.0206223	0.0474033	0.0867381	0.21447	0.0801461	0.120094	0.0334218	0.000526189	0.00253156
151	0.098587	0.012014	0.0893777	0.0857313	0.00230387	0.273628	0.0180419	0.0142715	0.0591607	0.0109336	0.00808597	0.0373178	0.00344479	0.048263	0.0290214	0.157052	0.0315676	0.00996322	0.0061793	0.00505538
152	0.085365	0.00197223	0.102593	0.228242	0.00438059	0.0186892	0.0284834	0.00422996	0.130815	0.0157218	0.00219331	0.0174888	0.158608	0.0930182	0.0337219	0.0528648	0.0125777	0.00624644	0.000700425	0.00208831
153	0.178555	0.00225251	0.0804867	0.305889	0.0024713	0.00298888	0.00397371	0.00308781	0.083368	0.0621677	0.00251653	0.0343118	0.027532	0.0845969	0.0648572	0.0293647	0.00451695	0.0176906	0.000487799	0.00888545
154	0.012314	0.00210392	0.00273505	0.00265743	0.253293	0.0147246	0.0430978	0.0247074	0.00540611	0.0406988	0.0096588	0.00680197	0.00537755	0.0103102	0.00600471	0.00787485	0.0125386	0.0198804	0.0327164	0.487099
155	0.0840714	0.0143456	0.0405598	0.0519935	0.0361788	0.00712859	0.017416	0.125189	0.0305992	0.185402	0.0670651	0.00949733	0.00251592	0.0180662	0.0344701	0.0537151	0.0638923	0.12405	0.000654778	0.0331882
156	0.0547622	0.00367952	0.181572	0.432868	0.0018333	0.0210397	0.0183323	0.000542613	0.0477281	0.0133571	0.00870016	0.0332903	0.00491448	0.080256	0.0200912	0.0464853	0.0250716	0.00184985	0.000114962	0.00351144
157	0.00520645	0.00746029	0.00157704	0.00186628	0.408986	0.00236396	0.00301159	0.0460594	0.00280683	0.346464	0.0458505	0.00601415	0.00380948	0.00508004	0.012994	0.00599143	0.00827937	0.0551586	0.0203287	0.0106918
158	0.00690527	0.00662144	0.000508393	0.00229622	0.036989	0.000592994	0.000552448	0.293817	0.000648141	0.242837	0.0422567	0.000825265	0.00136781	0.00120863	0.000691315	0.00141796	0.0138175	0.338885	0.000159654	0.00760195
159	0.0405064	0.00291596	0.294119	0.370355	0.00171438	0.0154487	0.0184579	0.00103293	0.0381407	0.0106694	0.0093527	0.0375969	0.0049918	0.0715244	0.0154331	0.0344184	0.0234699	0.00452983	0.000187189	0.00513493
160	0.0550552	0.00505633	0.0950513	0.287423	0.00332769	0.0143716	0.0256208	0.00630886	0.121664	0.0181597	0.00911762	0.0781501	0.0129838	0.0834745	0.0787612	0.0420359	0.036582	0.0172204	0.00105534	0.00858129
161	0.0233528	0.0176918	0.00460949	0.0069851	0.443187	0.00790645	0.00882438	0.0563539	0.00873314	0.0830395	0.0294924	0.00752362	0.00750797	0.0142159	0.014865	0.0181641	0.0541471	0.130983	0.0452506	0.0171668
162	0.0108359	0.0153115	0.00166967	0.00165769	0.084085	0.00200145	0.00142595	0.205374	0.0016582	0.280478	0.0776837	0.00170105	0.00156157	0.00519109	0.00162883	0.00456397	0.0319662	0.252377	0.00204447	0.0167847
163	0.0320901	0.00577875	0.0269776	0.286648	0.0026114	0.0034393	0.0339065	0.0165331	0.150378	0.0157982	0.00817721	0.0485111	0.0148441	0.121005	0.0784313	0.0327403	0.0737448	0.0428847	0.000397342	0.00510357
164	0.638963	0.0308954	0.000995949	0.00869942	0.00725692	0.0700744	0.00100911	0.00417082	0.00616056	0.00599838	0.00188883	0.00656796	0.00208451	0.00444488	0.0011635	0.158401	0.0291348	0.0208315	0.000273701	0.000985245
165	0.309385	0.0526949	0.00238539	0.00707778	0.00775924	0.0213055	0.00197187	0.153613	0.00278147	0.0531001	0.0250933	0.0025589	0.00534341	0.00127247	0.00760314	0.0267095	0.0495195	0.268711	0.000216304	0.000899014
166	0.0773321	0.0536216	0.00171451	0.0102435	0.00265225	0.0209913	0.00225662	0.0588177	0.00228957	0.00393507	0.00214384	0.00247834	0.00143194	0.00241602	0.00253599	0.0489826	0.403972	0.292637	0.000490004	0.00905836
167	0.00915534	0.0148548	0.000835649	0.000950538	0.0533877	0.00149092	0.00123771	0.162934	0.00113503	0.513106	0.0560133	0.00175316	0.00183667	0.00563754	0.00127024	0.0026145	0.0135554	0.14692	0.0011753	0.0101368
168	0.0158712	0.0105764	0.000478196	0.00259351	0.0244083	0.00196003	0.00152775	0.430909	0.000775189	0.134138	0.0217185	0.00175997	0.00159358	0.000783525	0.000832258	0.00203306	0.0141093	0.330854	0.0002076	0.00287045
169	0.0305304	0.0141098	0.0066831	0.028028	0.0111017	0.00700878	0.306554	0.0124918	0.00914984	0.0954548	0.0153323	0.0298218	0.00662908	0.263608	0.0361027	0.0280959	0.0227458	0.0136859	0.0320382	0.0308274
170	0.0555876	0.0698026	0.00787159	0.0103027	0.429665	0.00986501	0.0106974	0.0451371	0.0116554	0.050604	0.031935	0.0111364	0.008686	0.013775	0.0170973	0.0280372	0.0234542	0.0440806	0.105764	0.0148448
171	0.0600998	0.00417961	0.156178	0.374732	0.00244264	0.0195498	0.0197322	0.00391847	0.0720521	0.0187977	0.00855834	0.0399257	0.0139826	0.0830561	0.0324081	0.0465367	0.0301063	0.00822573	0.000375926	0.00514158
172	0.0473296	0.00799083	0.430569	0.124879	0.00789563	0.0272547	0.0226272	0.00879901	0.0290219	0.0155566	0.00620699	0.0692367	0.0184202	0.0390059	0.0156227	0.0697984	0.0317577	0.0123025	0.00215684	0.013569
173	0.0201515	0.0258532	0.00446368	0.00568967	0.540726	0.00767216	0.0091206	0.0492366	0.00846936	0.0609624	0.0331183	0.00529443	0.00653028	0.00955024	0.0137743	0.0320963	0.0179536	0.0448242	0.0610454	0.0434682
174	0.628407	0.0318003	0.00134881	0.0121956	0.00252416	0.101868	0.00138494	0.002793	0.017412	0.0118776	0.00163187	0.00655578	0.00251767	0.00899273	0.00224108	0.122701	0.0233853	0.0190851	0.000240003	0.00103804
175	0.0700479	0.00809988	0.0239316	0.0145073	0.00906073	0.0513467	0.0163331	0.0182704	0.0195637	0.0497969	0.046084	0.164217	0.0892537	0.0171252	0.0265432	0.110988	0.227684	0.0241034	0.0020683	0.0109747
176	0.115055	0.00994345	0.0342704	0.0451361	0.0049117	0.0242866	0.0470309	0.02035	0.12334	0.0198843	0.00266364	0.0266301	0.0437944	0.0863236	0.111031	0.0893512	0.141574	0.0518388	0.000368116	0.00221655
177	0.012921	0.00969644	0.155272	0.0549972	0.00469013	0.0102515	0.072436	0.00438491	0.0406663	0.00590833	0.0021359	0.439993	0.00358628	0.0250193	0.0134268	0.0438746	0.0580902	0.00381904	0.0121126	0.0267185
178	0.627854	0.0426513	0.00106173	0.00370465	0.00424411	0.0535803	0.00156779	0.0179339	0.00439492	0.0132848	0.00421932	0.00635501	0.00309978	0.00303572	0.00268119	0.101216	0.0469749	0.0599506	0.000326949	0.00186298
179	0.0366872	0.0103565	0.00974568	0.0137407	0.227121	0.0636487	0.0174346	0.0841299	0.0778695	0.128822	0.0239428	0.0113196	0.0140271	0.0134947	0.0232354	0.070529	0.0225184	0.0702536	0.00514335	0.0759797
180	0.0310336	0.00270045	0.0348814	0.158578	0.00504711	0.0130646	0.0390076	0.00294543	0.199977	0.0061856	0.0152747	0.0760665	0.00229471	0.0848125	0.237163	0.0323117	0.036989	0.0148082	0.000381181	0.00647859
181	0.00730689	0.00681158	0.00529981	0.00235281	0.194956	0.00280719	0.009791	0.0919529	0.00473541	0.459866	0.0559067	0.0134823	0.00829417	0.0113161	0.00836363	0.00722484	0.0169606	0.0480915	0.00474523	0.0397358
182	0.0294085	0.0142215	0.0100544	0.0180992	0.0370018	0.00710098	0.0201661	0.0834741	0.0179814	0.474338	0.0458285	0.0110766	0.00890937	0.0574915	0.0228908	0.0203601	0.0232384	0.0797551	0.00229502	0.0163091
183	0.0562614	0.0032832	0.177699	0.411	0.00175874	0.0227261	0.0214843	0.000614319	0.05147	0.0125124	0.0080969	0.0417918	0.00414903	0.083081	0.0223798	0.0516942	0.0243468	0.00198275	0.000199674	0.00346778
184	0.0230216	0.00989386	0.00835904	0.0240151	0.00290129	0.0136203	0.0301959	0.00663424	0.197374	0.0124572	0.0052011	0.0301116	0.0105404	0.0709679	0.486645	0.0259855	0.02292	0.00860669	0.000196351	0.0103526
185	0.00343096	0.00107698	0.000981286	0.00119611	0.264245	0.0068663	0.0319161	0.0116608	0.00143901	0.0213397	0.00601654	0.00520429	0.0035045	0.00325491	0.00312709	0.00392743	0.00734042	0.0114818	0.0351717	0.576819
186	0.036732	0.0137327	0.00572582	0.00827992	0.00247242	0.0232256	0.0324704	0.00846713	0.164877	0.012161	0.004494	0.0244064	0.00884705	0.0933636	0.481846	0.0300403	0.0202096	0.0102187	0.000255597	0.0181746
187	0.0195073	0.011792	0.202764	0.0960699	0.00421096	0.0162331	0.0773711	0.00267869	0.0410218	0.00718668	0.00140624	0.315973	0.00122605	0.0430467	0.0202917	0.0419155	0.0551511	0.00263424	0.00763943	0.0318804
188	0.0479356	0.480411	0.00416469	0.00515332	0.00485899	0.00428328	0.00449066	0.0308121	0.00586237	0.211279	0.00509523	0.00560809	0.0205427	0.0063771	0.040673	0.00911835	0.0290458	0.0753567	0.00542594	0.0035058
189	0.0263745	0.18129	0.00224392	0.00421	0.0138106	0.00401104	0.0307137	0.0810739	0.00372946	0.0897159	0.137672	0.0080546	0.00242972	0.0353395	0.00376336	0.0558567	0.144723	0.170832	0.000975186	0.00318012
190	0.0177747	0.0047016	0.00649207	0.00750825	0.269404	0.0105679	0.0389969	0.0462449	0.0199902	0.0623405	0.0189122	0.0100265	0.00680368	0.013583	0.0327166	0.0196337	0.0239241	0.0599691	0.0234149	0.306996
191	0.0281047	0.00977331	0.128522	0.0585243	0.00480636	0.0139499	0.0544378	0.00445581	0.0683439	0.00767554	0.00406356	0.411796	0.00928561	0.0304688	0.030462	0.0623482	0.0402776	0.00606448	0.0037375	0.0229021
192	0.123403	0.019566	0.204843	0.0643818	0.0153924	0.0266748	0.0199181	0.0519643	0.032008	0.0560437	0.0197643	0.0353564	0.0270259	0.0316305	0.0257616	0.0585157	0.0510415	0.121032	0.00315389	0.0125231
