341	20
1	0.03074	0.000573377	0.00288433	0.0161507	0.00433517	0.0287637	0.0338058	0.0073422	0.255856	0.021454	0.00459257	0.0395443	0.0241376	0.0657063	0.343797	0.0778751	0.0311976	0.00280884	0.00637812	0.0020574
2	0.0114748	0.000282255	0.000553853	0.000558016	0.00623145	0.000816348	0.000726674	0.338104	0.000736054	0.0867779	0.0111229	0.000489432	0.00824744	0.000536549	0.00292948	0.000826641	0.0143433	0.511853	0.00101037	0.00237947
3	0.199144	0.00116925	0.00374483	0.00689329	0.00411333	0.608693	0.00517739	0.00406797	0.00721073	0.00906738	0.0041411	0.0045389	0.0115028	0.00683659	0.0353365	0.0492043	0.0111741	0.0228322	0.00235771	0.00279453
4	0.00292589	0.000168931	0.000644004	0.000752718	0.0886643	0.00420455	0.000731669	0.147283	0.00212435	0.513463	0.0878711	0.00197	0.00191586	0.00539672	0.0135971	0.00137514	0.00453607	0.098364	0.00412144	0.0198894
5	0.0208858	0.00117998	0.00168677	0.000834416	0.042374	0.00297391	0.000800124	0.193786	0.00222723	0.377637	0.0780419	0.00168465	0.00291841	0.00276074	0.0104571	0.00173558	0.0118875	0.233087	0.0047975	0.00824486
6	0.0273672	0.00263119	0.119069	0.049538	0.0155049	0.0151467	0.0223989	0.00791791	0.0546155	0.0208597	0.00767372	0.459582	0.0203586	0.023422	0.0425317	0.0579371	0.0270313	0.0131459	0.00409333	0.00917464
7	0.0119022	0.000730639	0.00124965	0.000817076	0.0715217	0.0035076	0.000702847	0.178965	0.00203508	0.437262	0.0852747	0.00171416	0.00195926	0.00420467	0.0121584	0.00152872	0.00748491	0.158858	0.00423596	0.0138871
8	0.119247	0.000512908	0.0423175	0.0979118	0.00121254	0.0055852	0.0109637	0.0212384	0.134212	0.0151989	0.0138473	0.0307262	0.0064296	0.0587834	0.0830279	0.14602	0.145517	0.0602693	0.00223717	0.00474273
9	0.0154688	0.00278483	0.00609366	0.00366924	0.039465	0.0106658	0.00266059	0.00350134	0.00349499	0.00556459	0.0034082	0.00262199	0.00253092	0.00681674	0.029062	0.00612429	0.0107963	0.00520225	0.817412	0.0226563
10	0.0449658	0.000192843	0.11732	0.295791	0.000691442	0.0250904	0.0137648	0.00677598	0.127432	0.00634213	0.00414085	0.0617383	0.0196942	0.0747661	0.0902979	0.0493628	0.0285114	0.0230625	0.0057546	0.00430528
11	0.153849	0.0010678	0.0418264	0.0664871	0.0056298	0.00966037	0.017242	0.0213733	0.104318	0.0277553	0.0171553	0.0158232	0.00239147	0.045966	0.0671889	0.173361	0.146615	0.0748114	0.0018292	0.00564961
12	0.00274604	0.000174594	0.0007242	0.000786999	0.0894113	0.00452232	0.000870927	0.148442	0.00227491	0.513886	0.084354	0.00200814	0.00199482	0.00590508	0.0136905	0.00137793	0.00463149	0.0976054	0.00420579	0.020388
13	0.00905728	0.00592695	0.00207134	0.00333992	0.356949	0.00809807	0.0218953	0.00469086	0.00385083	0.0547458	0.00207617	0.00962342	0.0128535	0.0127879	0.00467762	0.00387605	0.0115666	0.013603	0.00461991	0.453691
14	0.0457681	0.00578124	0.0241415	0.0271915	0.00945046	0.0222039	0.0133235	0.0196651	0.0546812	0.0233029	0.00713544	0.0338674	0.43769	0.0267799	0.0586235	0.103882	0.046842	0.0222676	0.00507247	0.01233
15	0.0514291	0.00179985	0.0732312	0.179995	0.0122021	0.0752691	0.0215755	0.0476451	0.0704403	0.026658	0.0218292	0.0521869	0.0103547	0.0473058	0.0607197	0.0285225	0.0180255	0.189639	0.00424432	0.00692766
16	0.0548232	0.00228003	0.0657629	0.0709375	0.0268346	0.0209056	0.0166282	0.0115697	0.0296204	0.0200951	0.0117586	0.0206906	0.00964378	0.0494044	0.0508907	0.027424	0.0200121	0.0181306	0.455223	0.0173649
17	0.0259738	0.00101152	0.00236737	0.00271516	0.0167217	0.00276097	0.00278984	0.282719	0.00410258	0.148501	0.0294227	0.00164173	0.00766411	0.00260263	0.0111144	0.00737215	0.0179271	0.426089	0.00226448	0.00423965
18	0.0114187	0.00303094	0.431383	0.0843105	0.00605912	0.0278828	0.046746	0.00130096	0.0209586	0.0120772	0.00140173	0.268713	0.00479631	0.00329158	0.00964555	0.0457421	0.0110181	0.00241689	0.000807802	0.00699928
19	0.0529738	0.00187175	0.0949625	0.208129	0.00677033	0.0331967	0.0236905	0.0148293	0.127408	0.0209747	0.0155751	0.0533278	0.0164478	0.0719771	0.13191	0.049997	0.0269684	0.0335725	0.00727941	0.00813828
20	0.0451951	0.000293523	0.126874	0.292647	0.00120868	0.0250154	0.0141451	0.00922562	0.114662	0.00880411	0.00561608	0.0680372	0.0181108	0.0687111	0.0790652	0.0446801	0.0266801	0.0404001	0.00569571	0.00493315
21	0.0102335	0.000733225	0.0207541	0.00647023	0.00300306	0.0437488	0.00603445	0.0140177	0.0761954	0.00775338	0.0030447	0.0442251	0.352697	0.0389634	0.0833515	0.184201	0.0891423	0.0106588	0.00218374	0.00258959
22	0.14199	0.00053162	0.0253944	0.0593646	0.00165265	0.00163309	0.0120451	0.0243156	0.124162	0.0186121	0.0194576	0.0161449	0.00142077	0.0529634	0.0747291	0.174471	0.172868	0.0732791	0.00101571	0.00394874
23	0.0115915	0.820702	0.00362646	0.00283078	0.0336774	0.0187873	0.0179365	0.00222676	0.0038621	0.003987	0.00382373	0.0028896	0.0102339	0.00303578	0.0232284	0.0193503	0.00309289	0.0107716	0.00238022	0.00196578
24	0.0346835	0.00265952	0.0161242	0.0174847	0.0116112	0.019801	0.0722562	0.0199175	0.08379	0.034837	0.0128225	0.0277965	0.284229	0.0458177	0.170801	0.0661672	0.0327851	0.0223658	0.0098655	0.0141849
25	0.0507684	0.00111618	0.136112	0.225075	0.00519693	0.0246201	0.024261	0.00752284	0.100715	0.0178786	0.0050177	0.104568	0.0214139	0.0646496	0.0692306	0.0628297	0.0374124	0.025957	0.00535726	0.0102982
26	0.00379437	0.000252751	0.000701538	0.000698173	0.0837976	0.00419217	0.000697543	0.157563	0.00209608	0.50305	0.085389	0.00194984	0.00189243	0.00512171	0.0135649	0.00118334	0.00510659	0.106777	0.00417918	0.0179929
27	0.15569	0.00417158	0.0286507	0.0488754	0.0134126	0.0213914	0.0152971	0.0285329	0.0474762	0.0335065	0.0110131	0.0167482	0.368765	0.0206084	0.038366	0.062788	0.0280558	0.0385494	0.00490559	0.013196
28	0.0426283	0.00185391	0.0560346	0.112803	0.0341871	0.0295144	0.0143111	0.0392844	0.029666	0.140359	0.128501	0.0373959	0.0242716	0.064155	0.0943049	0.0821377	0.0106256	0.0225043	0.0277595	0.00770176
29	0.00291128	0.000179964	0.000784409	0.000915831	0.0927876	0.00417887	0.00091505	0.143589	0.00229511	0.51094	0.0881343	0.00200618	0.00194069	0.00601693	0.0136014	0.00182684	0.00445807	0.0956007	0.00397289	0.0229454
30	0.00868592	0.00323959	0.535329	0.104024	0.00456053	0.0339318	0.0579417	0.000930108	0.0181552	0.0117622	0.000850695	0.151391	0.00102396	0.00179937	0.0101229	0.0402021	0.00610005	0.00168004	0.000581003	0.00768854
31	0.0475665	0.00288302	0.00365884	0.00182365	0.0251222	0.00199246	0.00111903	0.18798	0.00398062	0.29541	0.0893724	0.00180573	0.00227302	0.0020881	0.00915935	0.00484221	0.0162462	0.294069	0.00607338	0.00253396
32	0.0114748	0.000282255	0.000553853	0.000558016	0.00623145	0.000816348	0.000726674	0.338104	0.000736054	0.0867779	0.0111229	0.000489432	0.00824744	0.000536549	0.00292948	0.000826641	0.0143433	0.511853	0.00101037	0.00237947
33	0.121669	0.00532729	0.00682255	0.00747833	0.0122335	0.0060626	0.00179999	0.120655	0.0137359	0.116029	0.0377088	0.00516784	0.0137545	0.00628026	0.00646342	0.0576671	0.0395492	0.415059	0.00262035	0.00391714
34	0.580292	0.000315723	0.00110016	0.00359357	0.00230928	0.00953811	0.00121229	0.00970833	0.00176524	0.0346321	0.00385398	0.00119653	0.00130975	0.00128851	0.00446745	0.0618846	0.0931414	0.186608	0.000685889	0.00109715
35	0.0227615	0.000777835	0.00287391	0.0447408	0.00178146	0.00676202	0.0115795	0.00285503	0.40262	0.00644644	0.0176775	0.0202834	0.00575829	0.0399226	0.322029	0.0584631	0.0250899	0.00414566	0.00231759	0.00111423
36	0.0251124	0.00126039	0.00177791	0.00101897	0.0264318	0.00222267	0.00102182	0.23327	0.0022218	0.269569	0.0590082	0.00145809	0.00485804	0.00202295	0.00829627	0.00349542	0.0182425	0.330189	0.00356893	0.00495305
37	0.0278787	0.00134446	0.0171692	0.0104121	0.00477932	0.0226377	0.0094276	0.0124492	0.0556051	0.0153568	0.00676015	0.0363089	0.452557	0.0218823	0.060538	0.165435	0.0604541	0.0116208	0.00352116	0.00386187
38	0.0125829	0.805909	0.00250815	0.00320796	0.0331611	0.0181878	0.0219899	0.0028388	0.00481539	0.004417	0.00328648	0.00308116	0.00942971	0.00374024	0.0273843	0.020335	0.0047625	0.0114981	0.00307714	0.00378757
39	0.159149	0.00454806	0.0459282	0.0691907	0.0321013	0.0717742	0.0285482	0.0269879	0.0529471	0.0610592	0.0207716	0.0316341	0.00800789	0.0567158	0.103783	0.10216	0.0381679	0.0549813	0.00689088	0.0246544
40	0.024138	0.0032327	0.00907768	0.0220485	0.00459948	0.0120422	0.0276335	0.00806826	0.251319	0.0173089	0.0242941	0.0214205	0.0183976	0.0366005	0.397106	0.0447964	0.055464	0.0132419	0.00469341	0.00451727
41	0.00851107	0.00316646	0.535105	0.104107	0.00467825	0.0337265	0.0572646	0.000951804	0.0180894	0.0116646	0.000863414	0.152982	0.00115376	0.00157599	0.0100202	0.0401799	0.00602254	0.00165118	0.000566281	0.00772044
42	0.0178586	0.00073092	0.00107051	0.000804911	0.0100414	0.00110196	0.0014646	0.310788	0.00129255	0.118373	0.0215066	0.000725573	0.00752981	0.000917165	0.00379007	0.0025606	0.0150827	0.479981	0.00165531	0.00272491
43	0.143806	0.00411006	0.0489173	0.0677271	0.0362351	0.0709436	0.0296616	0.0312765	0.0499278	0.0682673	0.0232506	0.0310816	0.012634	0.0583655	0.100865	0.0958715	0.0354009	0.0589693	0.00729014	0.0253994
44	0.0231982	0.0291095	0.0156544	0.017939	0.00586059	0.0158262	0.0318286	0.0125504	0.151067	0.0196912	0.0614505	0.0106275	0.00665174	0.0221546	0.461274	0.0201153	0.0505854	0.0274956	0.00842458	0.00849587
45	0.00478771	0.000403553	0.00100344	0.00125283	0.0965316	0.00420599	0.00175598	0.14029	0.00300876	0.495521	0.086096	0.00234042	0.00225577	0.00806558	0.0139033	0.00289163	0.00555466	0.097564	0.00424429	0.0283235
46	0.032797	0.00317957	0.0268441	0.0363183	0.0248625	0.0269916	0.146163	0.0198071	0.0654163	0.0499452	0.0129103	0.0354395	0.0151625	0.210483	0.148841	0.0420875	0.0304806	0.0307804	0.0139514	0.0275401
47	0.0810273	0.00287503	0.00721673	0.00635927	0.0300711	0.00577874	0.00575705	0.147832	0.010209	0.220061	0.0773925	0.00596453	0.00731912	0.00485387	0.0151555	0.0243404	0.0464088	0.285992	0.00572695	0.00965915
48	0.0817055	0.00331701	0.0342459	0.0260765	0.0668162	0.0231712	0.0912219	0.0141223	0.0337606	0.0765869	0.0141957	0.269715	0.0148833	0.0957017	0.0405242	0.0474618	0.0247472	0.0210609	0.00583905	0.0148472
49	0.0141929	0.000854129	0.00165529	0.00170639	0.065496	0.00384085	0.000907339	0.162275	0.00289558	0.451595	0.0884651	0.00224444	0.00276462	0.00461103	0.0132658	0.00307434	0.00945947	0.152004	0.00480143	0.0138905
50	0.392943	0.00241891	0.00358367	0.00878633	0.00616957	0.00873623	0.00150096	0.046338	0.0075476	0.055513	0.0151392	0.00307959	0.00757441	0.00384387	0.00498156	0.077705	0.0726045	0.278139	0.000948418	0.00244673
51	0.585794	0.000273219	0.00105192	0.00353538	0.00219718	0.00949819	0.00121613	0.00864295	0.00156405	0.0340319	0.00349584	0.00112514	0.00117453	0.00122307	0.00444197	0.061692	0.0935952	0.184041	0.000670211	0.000735765
52	0.4216	0.00316406	0.0138126	0.0243468	0.00892759	0.035538	0.0117824	0.0191317	0.024353	0.0422112	0.0127022	0.0113853	0.0239709	0.0140637	0.0323768	0.0800759	0.079512	0.130265	0.0035605	0.0072207
53	0.0471442	0.000579575	0.00851106	0.0221189	0.00417034	0.0337716	0.0494742	0.00608928	0.208158	0.0239876	0.00296078	0.0553364	0.0289577	0.0887403	0.275769	0.0824855	0.0472257	0.00618991	0.00653916	0.00179145
54	0.0420499	0.0022796	0.00295426	0.00154913	0.0146978	0.00162879	0.00101754	0.231625	0.00332881	0.204097	0.0590749	0.0013253	0.00462383	0.00150798	0.00644461	0.00559012	0.01872	0.391666	0.00416265	0.00165694
55	0.586807	0.000263327	0.00103533	0.0035101	0.00217232	0.00950095	0.00120872	0.00868536	0.00154225	0.0340885	0.00345369	0.00114071	0.00116873	0.00120792	0.00448033	0.0621793	0.0946377	0.181496	0.000669086	0.000753182
56	0.409511	0.00203143	0.0030662	0.00649515	0.00548457	0.00873601	0.00158137	0.0383424	0.00663771	0.0580764	0.0151804	0.00273342	0.00759022	0.00321835	0.00457204	0.0708453	0.0720036	0.280648	0.000766881	0.00247886
57	0.110549	0.00360684	0.00891774	0.00840952	0.0152485	0.022067	0.00545289	0.121145	0.0134137	0.0968292	0.0629163	0.00744423	0.0146984	0.007521	0.024439	0.0791847	0.072519	0.311976	0.00369257	0.00996928
58	0.0141622	0.00241649	0.037056	0.0324457	0.0111828	0.0114022	0.21211	0.0366696	0.0742375	0.0205676	0.0367876	0.0179595	0.00714133	0.0121873	0.247173	0.061361	0.0133087	0.0399838	0.00481973	0.107028
59	0.0571151	0.00314621	0.00408225	0.00236522	0.019369	0.00221133	0.00120029	0.183921	0.00495919	0.258088	0.0834273	0.0019607	0.00333646	0.00213438	0.00852954	0.00910574	0.019106	0.328193	0.00597128	0.00177776
60	0.0516557	0.00291189	0.00375331	0.00192038	0.0230705	0.00199676	0.00110787	0.185826	0.00421217	0.283973	0.087563	0.00178971	0.00247479	0.00199775	0.00886595	0.00601963	0.0169773	0.305723	0.00606655	0.00209451
61	0.00340753	0.000221621	0.000677031	0.000728923	0.0852559	0.00476154	0.000777559	0.150786	0.0023429	0.513201	0.0837016	0.00208439	0.00201863	0.00536482	0.0138902	0.00130165	0.00484274	0.101587	0.00447974	0.0185692
62	0.0515934	0.00502822	0.00676634	0.00311723	0.016729	0.00218359	0.00223924	0.205558	0.00577944	0.235188	0.0747505	0.00218827	0.00356297	0.00282515	0.0136021	0.00825427	0.0168048	0.333788	0.00850171	0.0015393
63	0.0375271	0.000819591	0.0222335	0.00346683	0.00311538	0.0372812	0.00434719	0.00320775	0.009018	0.00608109	0.0034097	0.0168081	0.0350081	0.00871808	0.0113493	0.639793	0.144968	0.00684215	0.00255403	0.00345094
64	0.0449127	0.000193153	0.117294	0.295668	0.000691297	0.0251343	0.0137841	0.0067489	0.127448	0.00636338	0.0041514	0.061694	0.0197333	0.0747982	0.0903778	0.0495685	0.0283974	0.0229969	0.0057377	0.00430602
65	0.0113632	0.832731	0.00185656	0.00219653	0.0341831	0.0186751	0.0179187	0.00197532	0.00252277	0.00323045	0.00233129	0.00227283	0.00989879	0.00268292	0.020007	0.0194541	0.002556	0.0104733	0.001932	0.00173954
66	0.0513321	0.00199876	0.0552632	0.109645	0.0353152	0.034701	0.015842	0.0415557	0.0312536	0.133083	0.118049	0.0349357	0.0221116	0.0627177	0.0956312	0.0817772	0.0123493	0.0264648	0.0264091	0.00956366
67	0.05621	0.00223734	0.0225195	0.0311355	0.0254993	0.0152016	0.0235156	0.0485629	0.0430722	0.124086	0.028199	0.0214753	0.28518	0.0262942	0.0530827	0.0595949	0.0331984	0.0676287	0.00763422	0.025672
68	0.0639966	0.000942189	0.01761	0.00982909	0.0467414	0.0111873	0.0196643	0.0866998	0.0212705	0.179138	0.130703	0.01925	0.0141497	0.00635639	0.0339574	0.0320765	0.122618	0.139598	0.0100184	0.034194
69	0.0346951	0.00147813	0.0192351	0.0327878	0.0234479	0.01349	0.0417002	0.0722091	0.024523	0.166669	0.117912	0.0149971	0.0997356	0.0475495	0.0647974	0.0508636	0.0315321	0.0941309	0.035486	0.0127605
70	0.0120215	0.00288328	0.484026	0.129342	0.00444975	0.032342	0.051808	0.00253037	0.0258227	0.0130018	0.00238984	0.149652	0.00327788	0.00815373	0.0158012	0.0404682	0.00898934	0.00377987	0.00146042	0.00780034
71	0.0101182	0.000699482	0.00115825	0.000758903	0.0676716	0.00374705	0.000708475	0.174982	0.00217216	0.462301	0.0902464	0.00189525	0.00191066	0.00407049	0.0126253	0.00119755	0.00730755	0.137821	0.00484799	0.0137608
72	0.0135003	0.00183103	0.00387478	0.00584108	0.169227	0.00665551	0.0138548	0.0901887	0.00909881	0.347393	0.0702552	0.00747824	0.0068771	0.0167582	0.0189615	0.010988	0.0100952	0.0733914	0.0056509	0.118079
73	0.013508	0.00122856	0.0132494	0.00567437	0.00339017	0.0401795	0.00645197	0.0377548	0.0938771	0.00843693	0.00406362	0.02825	0.287601	0.0221084	0.159635	0.173254	0.0691884	0.0255849	0.00305568	0.0035081
74	0.0113632	0.832731	0.00185656	0.00219653	0.0341831	0.0186751	0.0179187	0.00197532	0.00252277	0.00323045	0.00233129	0.00227283	0.00989879	0.00268292	0.020007	0.0194541	0.002556	0.0104733	0.001932	0.00173954
75	0.0317761	0.000429698	0.0831804	0.201756	0.00176369	0.031323	0.0237546	0.00465653	0.173818	0.00930848	0.0110323	0.0859455	0.013668	0.1063	0.133467	0.0444936	0.0204796	0.0157958	0.00484168	0.00221065
76	0.00833366	0.00316394	0.536826	0.105183	0.00445583	0.0337863	0.0574287	0.000955725	0.0180641	0.0116552	0.000917203	0.150646	0.000962383	0.00159544	0.00998841	0.0401098	0.00604065	0.00159364	0.000575162	0.0077195
77	0.0412639	0.00202248	0.0353929	0.142066	0.0243043	0.0156712	0.0123092	0.0291036	0.0312274	0.164255	0.170361	0.0245027	0.0210312	0.0720783	0.0866722	0.0690568	0.0131366	0.0175823	0.0211779	0.00678556
78	0.113848	0.00548745	0.00734535	0.0091942	0.015392	0.00554727	0.00187748	0.122598	0.0167187	0.123723	0.0434403	0.00536139	0.0127981	0.00655398	0.00647977	0.0540986	0.0336355	0.409049	0.00309127	0.0037608
79	0.0471428	0.000224093	0.107954	0.268564	0.00110599	0.0795182	0.013157	0.00667425	0.124069	0.00643756	0.00446069	0.0575323	0.0205561	0.0725376	0.0892765	0.0446232	0.0250924	0.0212309	0.00568339	0.00416103
80	0.00927997	0.00304116	0.518489	0.113673	0.00429051	0.0344291	0.0559517	0.000965055	0.0215449	0.0116338	0.000852487	0.150693	0.00145565	0.00259122	0.0112114	0.0413383	0.00776806	0.00249793	0.000583157	0.00771026
81	0.0627303	0.000721294	0.0160658	0.0092858	0.0479941	0.012466	0.0225303	0.0814185	0.021724	0.179389	0.13543	0.0226724	0.0116071	0.00554305	0.0377498	0.0279697	0.129123	0.12097	0.0127703	0.0418389
82	0.0142633	0.00122482	0.0056413	0.00227039	0.0398195	0.0101933	0.00217888	0.00203613	0.00264031	0.00320177	0.00190097	0.00218869	0.00168	0.00601664	0.0279262	0.00326981	0.0105017	0.00308444	0.837081	0.0228808
83	0.00303994	0.000176154	0.000637374	0.000773191	0.0884145	0.00410271	0.000728313	0.147129	0.00214125	0.512254	0.088627	0.00196868	0.00195117	0.00529557	0.0135504	0.00129706	0.00459455	0.0991666	0.0040602	0.0200925
84	0.00824355	0.00471301	0.00204667	0.00316847	0.318347	0.00900862	0.0247133	0.00585137	0.00398293	0.059967	0.00315443	0.00882241	0.013643	0.0124747	0.00551716	0.00424874	0.00986114	0.01136	0.00552677	0.48535
85	0.0200171	0.000871676	0.00358673	0.050732	0.00143351	0.00343488	0.00931085	0.00259321	0.417538	0.00407945	0.0214402	0.0162574	0.00313356	0.0389832	0.320765	0.05499	0.023425	0.0048536	0.00144729	0.00110677
86	0.141979	0.00189042	0.0327171	0.0627795	0.0098295	0.0228112	0.0162389	0.0244153	0.113984	0.0303905	0.0176438	0.0236477	0.00309826	0.0554196	0.0998008	0.136529	0.123994	0.0672573	0.00299793	0.0125766
87	0.00918133	0.000477282	0.00108539	0.000962554	0.0702399	0.00364638	0.00101224	0.1569	0.00298826	0.477238	0.0954774	0.00237719	0.00239169	0.0046077	0.0141179	0.00189191	0.0085657	0.126126	0.00496559	0.0157473
88	0.100868	0.00130074	0.048502	0.181636	0.00500579	0.07143	0.0240358	0.00612779	0.124571	0.0109917	0.00745889	0.0404416	0.0094032	0.0902881	0.163288	0.0415944	0.0341022	0.0275289	0.00682292	0.0046035
89	0.0441498	0.000895601	0.0855899	0.174364	0.00567625	0.0463184	0.0607049	0.00501572	0.1105	0.0229808	0.00817776	0.0699659	0.0165241	0.142293	0.105314	0.0616857	0.0187247	0.0152126	0.00293744	0.00296884
90	0.0281709	0.00259747	0.0281146	0.0246129	0.0121439	0.0162473	0.0406382	0.0137883	0.198022	0.0453915	0.0219434	0.028249	0.0102832	0.0540113	0.355153	0.0353335	0.0474018	0.02037	0.00620077	0.0113269
91	0.0227664	0.00143137	0.00190355	0.000834073	0.0427201	0.00280668	0.000812913	0.178176	0.00227532	0.408546	0.0893602	0.00185798	0.0021327	0.00277152	0.012505	0.00140304	0.0139062	0.200455	0.00569846	0.00763765
92	0.142487	0.00406101	0.0481106	0.0726107	0.0273356	0.0692114	0.0388232	0.023464	0.0490169	0.0557562	0.0186548	0.0340497	0.00851081	0.0712094	0.116714	0.100199	0.0321912	0.0605835	0.00619904	0.0208114
93	0.0165887	0.000930724	0.00463084	0.00912425	0.0713207	0.00527432	0.00455013	0.136881	0.00752739	0.420178	0.104679	0.00527504	0.00525754	0.0107668	0.0199642	0.011019	0.0158374	0.123371	0.00664072	0.0201823
94	0.0307642	0.0014594	0.0193546	0.0146794	0.00701372	0.0219109	0.00953497	0.0170833	0.0591624	0.0208092	0.00758907	0.0400948	0.426151	0.0296053	0.0651127	0.123722	0.0758743	0.021253	0.00393649	0.0048895
95	0.0114748	0.000282255	0.000553853	0.000558016	0.00623145	0.000816348	0.000726674	0.338104	0.000736054	0.0867779	0.0111229	0.000489432	0.00824744	0.000536549	0.00292948	0.000826641	0.0143433	0.511853	0.00101037	0.00237947
96	0.109716	0.0106211	0.020404	0.024363	0.00841723	0.564512	0.0101987	0.00682514	0.0231879	0.00951391	0.00904365	0.0164227	0.0173511	0.0251061	0.0523358	0.046602	0.0113049	0.0196511	0.00705989	0.00736392
97	0.215855	0.00193036	0.0184976	0.0213276	0.00813422	0.021528	0.00965182	0.0135549	0.0246384	0.0271391	0.0111176	0.0192295	0.0196442	0.0146314	0.0304459	0.343573	0.112459	0.0746179	0.00501045	0.00701414
98	0.0128581	0.808673	0.00298243	0.00329012	0.036083	0.0187892	0.0187295	0.00294989	0.00344724	0.00438522	0.00289276	0.0116162	0.00970181	0.0033517	0.0202626	0.0198885	0.00381643	0.0114395	0.0022208	0.00262217
99	0.0281201	0.000689621	0.0713267	0.181688	0.00207363	0.0255277	0.0264499	0.00691889	0.193809	0.0139923	0.0215252	0.0741596	0.0103396	0.122973	0.140312	0.037646	0.01841	0.0185845	0.00360169	0.00185309
100	0.0202813	0.00107395	0.00235246	0.00132521	0.0497043	0.00357626	0.00175588	0.176777	0.00350113	0.399813	0.0820021	0.0029035	0.00360979	0.00360091	0.0129613	0.00414623	0.019277	0.194571	0.00499837	0.0117697
101	0.599094	0.000254271	0.00123085	0.00329652	0.00218153	0.00803802	0.00131986	0.00866467	0.00160585	0.0303462	0.00287791	0.00123368	0.00119898	0.00133182	0.00517283	0.0730461	0.100088	0.157446	0.000714698	0.000858825
102	0.0369794	0.000368075	0.00299315	0.00719451	0.00473813	0.0295226	0.0461784	0.00519123	0.227691	0.0279897	0.00148325	0.0384702	0.0416104	0.0690905	0.328397	0.0802985	0.0388666	0.00283994	0.00804504	0.00205235
103	0.0296582	0.00150772	0.00658919	0.0164621	0.00516965	0.0189657	0.0336403	0.0064041	0.25991	0.0229332	0.010745	0.0292924	0.0440261	0.0494806	0.352416	0.060075	0.0346286	0.00800547	0.00615875	0.00393254
104	0.0261564	0.00265531	0.0226442	0.255959	0.00956047	0.0145631	0.0219208	0.0145179	0.0418444	0.0703036	0.0152417	0.0167076	0.0187296	0.242879	0.041307	0.0655964	0.020965	0.0824673	0.00722425	0.00875678
105	0.499016	0.00161735	0.00708718	0.0132846	0.00571247	0.0143957	0.00581436	0.0145517	0.0137473	0.0390843	0.0082546	0.00546776	0.00629796	0.00879921	0.0187124	0.0790014	0.103897	0.146887	0.00246272	0.00590951
106	0.00683246	0.0035057	0.00193289	0.00360611	0.255866	0.0103748	0.0296543	0.00716137	0.00387213	0.0671993	0.00407903	0.00740821	0.0158368	0.0118724	0.00480935	0.00485334	0.00753803	0.00979245	0.00587495	0.53793
107	0.585794	0.000273219	0.00105192	0.00353538	0.00219718	0.00949819	0.00121613	0.00864295	0.00156405	0.0340319	0.00349584	0.00112514	0.00117453	0.00122307	0.00444197	0.061692	0.0935952	0.184041	0.000670211	0.000735765
108	0.10373	0.00136231	0.0255091	0.0217077	0.00697764	0.0187098	0.0118472	0.0130924	0.040419	0.0191241	0.011425	0.0311269	0.0347289	0.0214356	0.0357637	0.390602	0.156144	0.0418841	0.00580556	0.00860499
109	0.0181458	0.000743543	0.00112051	0.000729558	0.00880894	0.00106608	0.000820734	0.316627	0.00115508	0.119198	0.0266952	0.000699976	0.00712069	0.000696175	0.00400147	0.00139925	0.0145331	0.472379	0.00188975	0.00216996
110	0.015294	0.000829191	0.00137484	0.000944603	0.048729	0.00312702	0.00113246	0.203876	0.00264621	0.370658	0.0697675	0.00185215	0.00429541	0.00342679	0.0107689	0.00246316	0.0101394	0.234261	0.00402866	0.0103859
111	0.0387198	0.00727037	0.0913966	0.0492187	0.0281162	0.0264931	0.160562	0.0259515	0.0571084	0.0484853	0.0161015	0.0505729	0.0213996	0.063388	0.134337	0.0481453	0.0260063	0.041646	0.0125822	0.0524988
112	0.0721456	0.000728896	0.0177375	0.0121551	0.00501637	0.0186076	0.00709247	0.00684524	0.0192494	0.00918651	0.0071991	0.0192674	0.0248679	0.0132824	0.0183677	0.557667	0.154394	0.0234374	0.00539824	0.00735408
113	0.14866	0.00310639	0.0473921	0.0703701	0.0141466	0.0260955	0.0185618	0.0320699	0.0646307	0.0403211	0.0192339	0.0185767	0.00901579	0.0391723	0.0616669	0.16831	0.0858517	0.116993	0.00523442	0.0105916
114	0.147647	0.00438288	0.0476128	0.0716911	0.034531	0.0688044	0.0297336	0.0336344	0.0510925	0.0605546	0.0236197	0.0283389	0.0111776	0.0574793	0.10081	0.101265	0.0377288	0.0594499	0.00701332	0.0234322
115	0.0148975	0.00647069	0.0107328	0.0120246	0.19373	0.0123217	0.0381459	0.0126926	0.0111766	0.0685731	0.0103499	0.0152691	0.0145822	0.0163198	0.0163914	0.0171493	0.013882	0.0170782	0.0196211	0.478591
116	0.341575	0.0023345	0.00681442	0.0098526	0.00943188	0.0113354	0.00343408	0.0585786	0.0102797	0.0918417	0.0242216	0.00460965	0.00833647	0.00695302	0.0121496	0.057629	0.0635214	0.270244	0.00242566	0.00443169
117	0.0119817	0.816991	0.00396188	0.00347617	0.0339851	0.0183828	0.0188817	0.00271428	0.00385527	0.00413171	0.00306214	0.00332165	0.0100009	0.00333843	0.0221963	0.0197511	0.00325723	0.0114705	0.00281325	0.0024272
118	0.106511	0.00658066	0.0199602	0.0261032	0.0110399	0.561301	0.0113248	0.00854309	0.0237373	0.0152877	0.0093227	0.0147547	0.0144052	0.0248138	0.0502201	0.0430745	0.0116109	0.023231	0.00752762	0.0106503
119	0.457027	0.00116705	0.00497508	0.0100438	0.00700321	0.010598	0.00588059	0.0392845	0.00752467	0.0529806	0.0130909	0.00375904	0.00544307	0.00496735	0.0108259	0.0614054	0.0783125	0.21995	0.00159919	0.00416251
120	0.0324541	0.00170325	0.00259663	0.0015575	0.0131068	0.00196031	0.00126789	0.265062	0.00293116	0.172882	0.0511531	0.00136874	0.00576187	0.00142735	0.00613404	0.0051641	0.020341	0.407431	0.00359276	0.00210486
121	0.580918	0.000245815	0.00120023	0.00339397	0.00222169	0.00835242	0.00136222	0.0102497	0.00166606	0.0316718	0.00330085	0.00120689	0.00146431	0.00141265	0.00549982	0.0729348	0.107813	0.163525	0.000747648	0.000813561
122	0.0812179	0.00254663	0.00538017	0.00402693	0.0185673	0.00504545	0.00393621	0.110349	0.00738928	0.312194	0.0577597	0.00437004	0.0152607	0.00531553	0.0109322	0.022732	0.0386336	0.278778	0.00489362	0.0106713
123	0.211849	0.00460955	0.0533776	0.136861	0.0134553	0.0369585	0.0209563	0.022213	0.06814	0.032812	0.0158834	0.0316558	0.0365867	0.0465707	0.0696069	0.070207	0.0488896	0.0632754	0.00637185	0.00972054
124	0.0144858	0.00252206	0.00998099	0.00788017	0.00638686	0.0117905	0.181111	0.0083501	0.0722169	0.0450459	0.00920903	0.0133606	0.00964061	0.148577	0.370989	0.028231	0.018186	0.0212879	0.0143533	0.00639561
125	0.0632664	0.000988122	0.0178532	0.00852826	0.00506196	0.022385	0.00689724	0.00523257	0.0157436	0.0104341	0.00696906	0.016604	0.026198	0.0104152	0.0174343	0.580034	0.152386	0.022246	0.00479956	0.00652327
126	0.0124142	0.000770579	0.00139743	0.00109503	0.0604232	0.00386946	0.00130706	0.18341	0.00269973	0.425534	0.0822855	0.00212202	0.00310071	0.00433404	0.0125828	0.00232498	0.00968981	0.17319	0.00468767	0.0127622
127	0.0238793	0.00367154	0.0138279	0.00840982	0.0125085	0.0126988	0.0677072	0.047836	0.0525928	0.0924638	0.0322316	0.0112944	0.00806818	0.0238553	0.401448	0.0180782	0.0761162	0.0760285	0.00593681	0.0113473
128	0.0130251	0.00296045	0.483752	0.105938	0.00528132	0.0327337	0.0524215	0.00304131	0.0233892	0.0134373	0.00243984	0.170316	0.00426457	0.0069069	0.0143289	0.0425287	0.0082257	0.00606233	0.00125596	0.00769179
129	0.00900022	0.000522919	0.00205237	0.0022227	0.10674	0.00442564	0.00623644	0.111177	0.00665511	0.460688	0.120703	0.00265762	0.00323215	0.0136313	0.0167381	0.00895667	0.00774005	0.0786876	0.0038706	0.0340624
130	0.0114748	0.000282255	0.000553853	0.000558016	0.00623145	0.000816348	0.000726674	0.338104	0.000736054	0.0867779	0.0111229	0.000489432	0.00824744	0.000536549	0.00292948	0.000826641	0.0143433	0.511853	0.00101037	0.00237947
131	0.0476493	0.00272404	0.00375282	0.00198015	0.0256072	0.00225194	0.00125681	0.186768	0.00417975	0.297688	0.0903303	0.0019093	0.0025767	0.0022916	0.00942053	0.00562972	0.0166868	0.288066	0.00624959	0.00298106
132	0.0352709	0.00156955	0.00321173	0.00252016	0.0388578	0.00314738	0.00240313	0.184505	0.00545821	0.31659	0.0678841	0.00244129	0.00607104	0.00376772	0.0107516	0.00856933	0.0179499	0.275365	0.00464351	0.00902377
133	0.0913412	0.00386703	0.0153669	0.0148029	0.0151637	0.0135192	0.224712	0.126119	0.0209711	0.0868898	0.017317	0.0143878	0.0148429	0.0172908	0.0319043	0.0248936	0.0213443	0.22464	0.00722777	0.0133981
134	0.021481	0.0033944	0.446052	0.117912	0.00578036	0.0323303	0.051079	0.00577142	0.0310874	0.0174596	0.00457681	0.135226	0.00913147	0.0139814	0.0244036	0.0441585	0.0120042	0.0109755	0.00401353	0.0091806
135	0.144968	0.00539351	0.0435951	0.0748743	0.0291319	0.0873525	0.0320937	0.0229871	0.0553649	0.0495966	0.0191308	0.0339315	0.00621455	0.0671547	0.119607	0.0919564	0.0360947	0.0512735	0.00624709	0.023032
136	0.169939	0.00125918	0.00538394	0.00706448	0.00363479	0.631499	0.00526795	0.00476859	0.00769441	0.00891031	0.00415118	0.00440192	0.0136614	0.00544436	0.0416356	0.0564365	0.00804523	0.0150692	0.0028191	0.00291387
137	0.0211066	0.000965305	0.0107351	0.0116089	0.0741278	0.00702482	0.00739967	0.130318	0.0123846	0.39781	0.0754388	0.0126487	0.00738185	0.0123846	0.0237132	0.013681	0.0139971	0.133592	0.00576123	0.0279208
138	0.146411	0.000559012	0.0260051	0.0611383	0.00159964	0.00169196	0.0111601	0.0234688	0.126253	0.0175946	0.0179992	0.0167121	0.00136709	0.0531153	0.0773835	0.171503	0.168746	0.0722206	0.000965979	0.00410583
139	0.36196	0.00212433	0.0493336	0.056858	0.0121117	0.0411597	0.0128371	0.010606	0.0525437	0.108314	0.00926502	0.0128693	0.00677612	0.0198185	0.051332	0.12094	0.0361162	0.0217068	0.00384379	0.00948323
140	0.433944	0.00124837	0.0119641	0.0203344	0.00763097	0.0263778	0.00884219	0.0158065	0.0182244	0.0364753	0.00913212	0.0115222	0.0108632	0.0130315	0.0262829	0.125057	0.0885204	0.126383	0.00285272	0.00550691
141	0.105129	0.0037539	0.0231311	0.0300592	0.0139458	0.531994	0.0134918	0.00912767	0.0265313	0.0138427	0.00990029	0.017023	0.0164966	0.0272571	0.0563329	0.0445573	0.0131073	0.0234502	0.00700851	0.0138601
142	0.0151984	0.00161042	0.00690576	0.00372859	0.0407715	0.0106943	0.00410645	0.00353271	0.00361246	0.00803894	0.00361779	0.00418051	0.00302264	0.00684104	0.0294341	0.00629351	0.0120635	0.00530884	0.805434	0.0256048
143	0.0211489	0.0024372	0.0149802	0.0307413	0.0081794	0.00921161	0.057348	0.0396316	0.18041	0.0547248	0.012537	0.0498632	0.0099414	0.29048	0.0810716	0.0239812	0.0522763	0.0481178	0.00537821	0.00753977
144	0.0114748	0.000282255	0.000553853	0.000558016	0.00623145	0.000816348	0.000726674	0.338104	0.000736054	0.0867779	0.0111229	0.000489432	0.00824744	0.000536549	0.00292948	0.000826641	0.0143433	0.511853	0.00101037	0.00237947
145	0.0164347	0.00209283	0.0190578	0.00564437	0.0264	0.0107821	0.0843136	0.0249945	0.147106	0.052863	0.015877	0.0304782	0.0084062	0.0418841	0.391974	0.0220631	0.0406598	0.0196932	0.00592255	0.0333531
146	0.0633017	0.00102142	0.040876	0.0697224	0.0444579	0.0248415	0.04486	0.105061	0.063513	0.105289	0.0346988	0.00693909	0.0758826	0.0708517	0.0901234	0.0355979	0.0357896	0.0730889	0.00504821	0.00903584
147	0.0692004	0.00128735	0.0158893	0.0130672	0.0508597	0.0140874	0.0222596	0.10285	0.0223894	0.164307	0.12577	0.0187763	0.0126748	0.0102276	0.0486637	0.031631	0.0995338	0.124226	0.0101369	0.0421628
148	0.0418651	0.00026159	0.0984052	0.295595	0.00103612	0.0203107	0.0115577	0.0112964	0.134754	0.0130596	0.00976409	0.0490181	0.019446	0.0951372	0.0989995	0.0392783	0.0280819	0.0230269	0.00529536	0.00381071
149	0.0329527	0.00188376	0.0121438	0.0194609	0.0065316	0.0229387	0.0298448	0.015422	0.183169	0.0252319	0.00997375	0.0303713	0.138373	0.0441997	0.278221	0.0824476	0.0426627	0.0135992	0.0063952	0.00417787
150	0.0225166	0.00126625	0.00261968	0.00337827	0.00961443	0.00210756	0.00137934	0.303695	0.00330102	0.109713	0.0222372	0.00185438	0.0077832	0.00189535	0.00519583	0.00516843	0.0165735	0.474752	0.00211484	0.00283473
151	0.0624502	0.0029497	0.0240276	0.0365865	0.0218118	0.0262851	0.0364056	0.0751048	0.0551487	0.112462	0.0395418	0.0225144	0.0262528	0.0368017	0.202051	0.0748688	0.0420157	0.077246	0.0105244	0.0149521
152	0.0257548	0.00173004	0.0583198	0.00784632	0.0281052	0.0063942	0.0154255	0.00488492	0.0314543	0.0195151	0.00507833	0.639866	0.0165613	0.0136784	0.0112418	0.0709728	0.0274533	0.0076972	0.00267656	0.00534447
153	0.19985	0.00324173	0.029956	0.053445	0.0132162	0.0178978	0.0143021	0.0584195	0.0438519	0.0333881	0.0144591	0.00990374	0.328531	0.0178167	0.0278948	0.0478447	0.0248968	0.0472331	0.00571327	0.00813812
154	0.0127997	0.00201033	0.0338084	0.0111069	0.0366373	0.00768349	0.119431	0.0179511	0.17153	0.0544987	0.013015	0.0625336	0.00741906	0.0258864	0.287736	0.0221043	0.0230095	0.0158956	0.00643787	0.0685068
155	0.582016	0.000311735	0.0020634	0.00463437	0.00299954	0.00900439	0.001757	0.00987138	0.00321828	0.0346076	0.00478416	0.00186044	0.00199999	0.0022402	0.00626474	0.0691506	0.0955258	0.16526	0.000760111	0.00167047
156	0.0450874	0.000193564	0.110876	0.295672	0.000690819	0.0241858	0.0132747	0.00733211	0.130048	0.00715768	0.00504713	0.0586559	0.0200433	0.0804263	0.0932894	0.0470216	0.0276841	0.0234549	0.00574306	0.00411712
157	0.0407522	0.000428978	0.00358414	0.00720889	0.00507436	0.0253859	0.043901	0.00519995	0.239725	0.0320405	0.00218037	0.0393657	0.0491279	0.0631884	0.318937	0.07554	0.0350594	0.00329284	0.00748152	0.00252616
158	0.0085026	0.00317447	0.526392	0.103068	0.00452014	0.0399949	0.0578588	0.00106642	0.0181376	0.0130887	0.00109947	0.152896	0.00105893	0.00172547	0.0109927	0.0397964	0.00616697	0.00162485	0.000566704	0.00826888
159	0.488822	0.000514766	0.00441317	0.00950506	0.00325407	0.00714672	0.0036332	0.0103448	0.0124022	0.0306544	0.00511033	0.00372859	0.00207776	0.0059637	0.0186118	0.117487	0.143337	0.128419	0.00204682	0.00252764
160	0.012289	0.00110467	0.00374046	0.00555848	0.100563	0.00790939	0.0133717	0.120628	0.00731811	0.354605	0.0688532	0.0073291	0.00768956	0.01083	0.0188153	0.00960387	0.0155964	0.0882328	0.00626706	0.139695
161	0.0394878	0.00441255	0.0745573	0.0414128	0.0292474	0.0173726	0.0306638	0.0308561	0.0364847	0.0986923	0.0275723	0.330968	0.0166739	0.0338395	0.0426169	0.0497447	0.0270463	0.043741	0.00701228	0.0175982
162	0.0419135	0.000579453	0.077046	0.22841	0.00273185	0.0282586	0.017429	0.00954879	0.165403	0.0159266	0.0155264	0.053547	0.0140765	0.0970953	0.132893	0.0442474	0.0250574	0.0218931	0.00433399	0.00408272
163	0.0126168	0.00452759	0.00715229	0.0162299	0.108352	0.0096486	0.0461117	0.00883735	0.0128096	0.0432364	0.0045697	0.00803266	0.0114861	0.022932	0.0208133	0.0163783	0.0130213	0.0150018	0.230026	0.388218
164	0.0262549	0.0024093	0.126997	0.0391665	0.0181146	0.0146987	0.0252695	0.0081614	0.0414333	0.0228664	0.00781955	0.488828	0.0217715	0.0193651	0.0294952	0.0578441	0.0246072	0.0112945	0.00467494	0.00892783
165	0.0165709	0.0042724	0.00766877	0.0132907	0.204015	0.0109078	0.0380973	0.013902	0.0114385	0.070821	0.0105102	0.0105058	0.0149922	0.0193037	0.0179702	0.0142287	0.0140187	0.0218153	0.0190604	0.466611
166	0.0431999	0.00107799	0.0375956	0.0208834	0.00883849	0.019646	0.0148482	0.0085202	0.0328668	0.0156493	0.00879115	0.155228	0.0429696	0.0213869	0.0309115	0.381575	0.121224	0.0199802	0.00586854	0.00893906
167	0.0243796	0.00342563	0.00918353	0.0332901	0.0049323	0.0135512	0.0278544	0.0079123	0.29359	0.0179842	0.0209749	0.0231907	0.0137058	0.0431934	0.360415	0.0478389	0.0321025	0.0124441	0.00453618	0.00549533
168	0.00708956	0.000377168	0.00138582	0.00167712	0.103742	0.00439977	0.00339416	0.132378	0.00380684	0.485775	0.0864392	0.00231473	0.00311149	0.00828229	0.0149468	0.00466084	0.00697337	0.0935582	0.00420558	0.0314817
169	0.0381265	0.158827	0.0174065	0.0212113	0.0236086	0.0205339	0.0423899	0.0171267	0.0484462	0.031584	0.0229696	0.0155097	0.0148494	0.0342795	0.240467	0.0301668	0.0301976	0.0309366	0.13992	0.0214431
170	0.00575891	0.000358325	0.000834994	0.000681891	0.074738	0.00390543	0.00073845	0.155244	0.00252547	0.499794	0.0874467	0.00224891	0.00221287	0.00474255	0.0143027	0.00121743	0.00615096	0.115378	0.00557994	0.0161411
171	0.0166224	0.00223121	0.00724692	0.00589839	0.0412441	0.0135017	0.00457801	0.00289086	0.00491657	0.00741515	0.00383489	0.00352608	0.00321206	0.00886962	0.0308564	0.00675705	0.0128844	0.00463933	0.79318	0.0256946
172	0.0899788	0.00266691	0.0213831	0.0461837	0.0076998	0.0146816	0.0201305	0.0228312	0.117236	0.0519273	0.0178638	0.0252216	0.0125654	0.119627	0.0790992	0.130682	0.150243	0.0564529	0.00505872	0.00846794
173	0.0182835	0.00133293	0.354981	0.334969	0.00369256	0.00505147	0.0249708	0.017222	0.00808066	0.0236009	0.0287795	0.0244861	0.0102968	0.0489057	0.0217252	0.0112355	0.0229304	0.007275	0.0229727	0.00920843
174	0.0207665	0.00273413	0.00888729	0.0139188	0.112505	0.0112437	0.0322934	0.0834519	0.0143962	0.174009	0.0415878	0.0136952	0.0128659	0.013206	0.0288737	0.0212178	0.0230308	0.0679096	0.0112632	0.292144
175	0.00835296	0.00316395	0.537324	0.104479	0.00447231	0.0339013	0.0574096	0.000933123	0.018087	0.011683	0.000835312	0.150879	0.000964637	0.00154626	0.00999923	0.0400894	0.00603391	0.00157813	0.00054647	0.00772219
176	0.0222555	0.00432508	0.01723	0.0190844	0.00559605	0.0167343	0.0402103	0.015381	0.20486	0.0213409	0.0370793	0.0133828	0.00867546	0.0257828	0.422646	0.0212262	0.0362443	0.0565424	0.00406296	0.00733994
177	0.0115401	0.000283318	0.000557855	0.000575957	0.00623926	0.000821055	0.000726612	0.337896	0.000752338	0.0868639	0.0111568	0.000494966	0.00825332	0.000537355	0.00293274	0.00085841	0.0143775	0.511745	0.00101723	0.0023702
178	0.011564	0.000283159	0.000555897	0.000562962	0.0062422	0.000819219	0.000724479	0.337966	0.000735093	0.0868613	0.0111794	0.000489432	0.00824034	0.000535419	0.00293935	0.000840677	0.0143355	0.511731	0.00101586	0.00237865
179	0.0117142	0.00691617	0.00289236	0.00420888	0.383192	0.00800013	0.0211123	0.00505384	0.00523305	0.0514848	0.00408583	0.0155358	0.0115393	0.0144829	0.00594328	0.00622698	0.0141975	0.0168072	0.00430364	0.40707
180	0.014249	0.000549017	0.000913566	0.000694162	0.00687886	0.000896863	0.000747732	0.329042	0.00111212	0.0960695	0.0149982	0.000662772	0.008356	0.000618999	0.00338772	0.00152811	0.0146714	0.501026	0.00128247	0.00231563
181	0.0422005	0.00338774	0.227167	0.121412	0.00923639	0.0323045	0.044034	0.0158254	0.0712977	0.0271009	0.0152799	0.0850303	0.0148248	0.0418843	0.12191	0.052543	0.0273429	0.0276158	0.00634143	0.0132615
182	0.130198	0.000816369	0.0130641	0.00436823	0.00347854	0.0179969	0.00481851	0.00368434	0.00549847	0.00802995	0.00334029	0.0122173	0.0177076	0.00444539	0.0082204	0.601761	0.137254	0.0152877	0.00327907	0.00453378
183	0.044165	0.00204956	0.177302	0.168907	0.0111894	0.0312815	0.0355348	0.0188525	0.078264	0.0294158	0.0159001	0.0656666	0.0217551	0.0941771	0.0779822	0.0508555	0.0280617	0.0302384	0.00917666	0.00922446
184	0.00310577	0.00019599	0.000692214	0.000736297	0.0855823	0.00426483	0.000692906	0.150127	0.00222392	0.511975	0.0860972	0.00203111	0.0020064	0.00559649	0.014128	0.00125711	0.00477684	0.101116	0.00427855	0.0191163
185	0.0111371	0.000683098	0.00146734	0.00085039	0.0540245	0.0049859	0.00105117	0.204901	0.00199721	0.396703	0.0712009	0.0017646	0.00299703	0.00388103	0.0109757	0.00131651	0.00918318	0.205062	0.00402243	0.0117967
186	0.0128478	0.000393855	0.000697134	0.000599953	0.00678375	0.000784098	0.000744644	0.332761	0.000851674	0.0914904	0.0131497	0.000548401	0.00806585	0.000569606	0.00306283	0.00102233	0.0147685	0.507368	0.00111988	0.00237089
187	0.0856095	0.00239371	0.0187026	0.0234098	0.0676004	0.0221924	0.0191527	0.0406041	0.0248924	0.21874	0.0581988	0.0159675	0.0150774	0.0420225	0.0400758	0.0590694	0.0678497	0.11998	0.00756514	0.0508968
188	0.021386	0.00210001	0.0123549	0.0100622	0.0139542	0.014827	0.0447589	0.0112519	0.187052	0.057766	0.00949916	0.0570859	0.0162784	0.0392349	0.39577	0.0400735	0.0319895	0.0116256	0.00792991	0.0150005
189	0.0260521	0.00224898	0.0933507	0.0106258	0.0139057	0.00523442	0.0109527	0.00410741	0.0368532	0.0122532	0.00361818	0.619308	0.0205626	0.00872785	0.00950919	0.0787017	0.0303625	0.00698933	0.00239008	0.0042465
190	0.0174175	0.00126783	0.00196685	0.00103991	0.0478481	0.00318618	0.00106393	0.19076	0.00301081	0.412735	0.0997997	0.00273754	0.0029739	0.00333312	0.0132624	0.00140781	0.00952995	0.170865	0.00659106	0.00920333
191	0.00836815	0.00315521	0.536952	0.105004	0.00446219	0.0337911	0.0573163	0.000999592	0.0180526	0.0118071	0.000911856	0.15041	0.00101231	0.00165237	0.0100137	0.0400924	0.00606958	0.00159265	0.000572322	0.00776456
192	0.08026	0.00178012	0.0488209	0.0599812	0.0538902	0.0422765	0.0631423	0.109509	0.0550053	0.0790292	0.0247493	0.01197	0.0560679	0.057444	0.0785334	0.0610238	0.0212594	0.0697585	0.00535125	0.0201481
