259	20
1	0.126066	0.0360395	0.0151932	0.020856	0.0139973	0.329312	0.0190483	0.0311252	0.0275311	0.0510582	0.0473134	0.0223374	0.0098392	0.0199355	0.0295788	0.0939767	0.0452219	0.0429747	0.00513015	0.0134662
2	0.109628	0.0152236	0.0698267	0.0870513	0.00881401	0.276997	0.0478287	0.00948025	0.0415902	0.0283223	0.00811041	0.0486326	0.00959986	0.0386778	0.0311235	0.0996431	0.0446103	0.0165387	0.00281644	0.00548583
3	0.0100995	0.0214374	0.00120325	0.00282164	0.272173	0.00162554	0.0342535	0.0568724	0.0104382	0.134811	0.0405677	0.00558403	0.00666363	0.0055324	0.0148122	0.0277735	0.014077	0.0431554	0.0134546	0.282645
4	0.142535	0.0192471	0.0392306	0.0578173	0.00801566	0.418497	0.0408697	0.00877754	0.0178959	0.0224494	0.00534856	0.0241959	0.00508299	0.0222261	0.0153971	0.0978008	0.028873	0.0160401	0.00236151	0.00733944
5	0.0122581	0.00811944	0.00177224	0.0226921	0.00910685	0.0125202	0.0254716	0.0141873	0.305155	0.0372673	0.0208217	0.0102049	0.00136014	0.0374069	0.362986	0.0282989	0.0350855	0.0281059	0.00724078	0.0199397
6	0.0500002	0.2027	0.00754834	0.00770257	0.0104124	0.0110585	0.00982456	0.0868815	0.0121204	0.0371527	0.0177498	0.01148	0.00798345	0.00983121	0.0405693	0.0318598	0.0411754	0.390914	0.00360188	0.00943347
7	0.00692985	0.0272538	0.000547683	0.00185583	0.300271	0.00061165	0.0331732	0.0321767	0.00805506	0.0539193	0.00333375	0.00276482	0.00584314	0.0031286	0.0118545	0.0270787	0.0131611	0.0300276	0.0138747	0.424138
8	0.0879073	0.0134514	0.0131983	0.142261	0.00817076	0.121907	0.0147848	0.0196745	0.148312	0.140398	0.0135017	0.0197863	0.0369238	0.0789922	0.0222738	0.0438188	0.0316028	0.0299776	0.0040859	0.00897307
9	0.0569066	0.0094268	0.00490063	0.00128545	0.10091	0.0016159	0.001728	0.176638	0.00246942	0.197977	0.0638145	0.00333643	0.00139791	0.0023009	0.00374439	0.00517789	0.00412271	0.358397	0.000590315	0.00325951
10	0.0205924	0.0152876	0.00675993	0.0125349	0.0223879	0.00255215	0.0180681	0.241223	0.0209504	0.0299867	0.0474345	0.020213	0.0011102	0.0196283	0.0156544	0.0841605	0.0988963	0.293647	0.00649379	0.0224193
11	0.00694426	0.0271865	0.000547792	0.00185676	0.300224	0.000608137	0.0328867	0.0320367	0.0080163	0.0538983	0.00334884	0.00273362	0.00585027	0.00311925	0.0118158	0.0270848	0.0131387	0.0300729	0.0138983	0.424732
12	0.144068	0.0291858	0.0111574	0.0190594	0.0337841	0.02541	0.0313786	0.0420617	0.0192053	0.049999	0.0170554	0.0267002	0.226542	0.0165132	0.0304736	0.105795	0.0452212	0.0502741	0.00424677	0.0718689
13	0.279859	0.114191	0.0046573	0.00571523	0.00603021	0.110089	0.00739144	0.0424576	0.0128273	0.0901649	0.0561875	0.00823772	0.00654534	0.00736573	0.0300679	0.0673185	0.0156719	0.103748	0.00305838	0.0284163
14	0.072637	0.00971852	0.0263951	0.0688128	0.00146323	0.00843821	0.0364823	0.0265107	0.250137	0.0190453	0.00574736	0.0303419	0.0462888	0.0864872	0.207583	0.0614709	0.0143573	0.0196715	0.00672251	0.00168928
15	0.0190715	0.00139983	0.000530252	0.000599575	0.00470641	0.000679498	0.000875353	0.479109	0.00089757	0.0277248	0.0297517	0.00170326	0.00068674	0.00382301	0.00605941	0.0089041	0.0165245	0.395859	0.000258915	0.00083501
16	0.0181517	0.000887551	0.00047218	0.000567351	0.00352614	0.000671134	0.000829951	0.48695	0.000915952	0.0288292	0.029671	0.00179212	0.00063183	0.00385062	0.00612193	0.00882414	0.0163454	0.389936	0.000249954	0.000775459
17	0.081101	0.0185753	0.0307567	0.0373799	0.00441262	0.0226618	0.0346889	0.0125628	0.0248945	0.006175	0.00333915	0.0830552	0.2449	0.0446882	0.0716249	0.213535	0.0324209	0.020618	0.00111351	0.0114972
18	0.0619428	0.00829226	0.0190449	0.0560957	0.00128812	0.00917327	0.0376317	0.0250743	0.291518	0.0173424	0.00534891	0.0295026	0.03836	0.0865082	0.221181	0.054859	0.00902318	0.0181165	0.00749799	0.00219829
19	0.0333357	0.0162651	0.0281104	0.0407767	0.00284443	0.0371904	0.0300889	0.0307523	0.109404	0.0390723	0.0442704	0.085029	0.00298436	0.103196	0.0963307	0.159025	0.113305	0.0206858	0.00115041	0.00618335
20	0.0443108	0.00963822	0.07731	0.258799	0.00612362	0.0227786	0.0340741	0.0168073	0.108608	0.0219635	0.0150973	0.0417154	0.0166093	0.0775518	0.114278	0.0578209	0.0383809	0.0228547	0.00544743	0.00983101
21	0.018236	0.00111143	0.000476199	0.000573982	0.00365262	0.000904062	0.000838075	0.486744	0.000831117	0.0265802	0.0294428	0.00176618	0.00061895	0.00389058	0.00610643	0.00901745	0.0164243	0.391675	0.000276894	0.0008335
22	0.0821039	0.0123219	0.0976533	0.130298	0.00926565	0.0233838	0.0435496	0.0113747	0.0781271	0.0351217	0.0136428	0.089203	0.0152558	0.0615815	0.0519841	0.144651	0.0803342	0.0124787	0.00363787	0.00403158
23	0.013091	0.00632293	0.000553389	0.000579238	0.0189945	0.00209003	0.00121453	0.330627	0.00110487	0.354085	0.0597529	0.00383064	0.00568937	0.00393001	0.00408688	0.00462615	0.00754996	0.180228	0.000359217	0.00128341
24	0.0265845	0.0181117	0.0221872	0.0357815	0.0272821	0.0186348	0.13152	0.0554785	0.0486028	0.167454	0.028243	0.0559017	0.0120144	0.126531	0.0426388	0.0492401	0.0243631	0.0426028	0.00871761	0.0581103
25	0.0161895	0.0095365	0.00188101	0.0154159	0.0037987	0.0587397	0.0253573	0.0101693	0.319159	0.0160575	0.00816248	0.0466695	0.00356	0.0621998	0.321985	0.042626	0.0121787	0.0113559	0.00271327	0.012245
26	0.0594093	0.0171929	0.0391849	0.0614797	0.00721294	0.0570981	0.0206465	0.02061	0.0911152	0.0442301	0.0299578	0.0669248	0.00750082	0.0711102	0.0714262	0.178591	0.121371	0.0261418	0.00138296	0.00741431
27	0.0375686	0.0209998	0.00107144	0.00165343	0.0364504	0.00360839	0.00255637	0.216788	0.00229669	0.28103	0.152564	0.00337797	0.0037843	0.00361773	0.00659726	0.0103341	0.0222147	0.186189	0.000825867	0.00647164
28	0.0235646	0.0177867	0.0676146	0.00440807	0.00196458	0.0165825	0.0871384	0.0179624	0.142886	0.0270471	0.0209566	0.153214	0.00254348	0.0973277	0.0796627	0.149882	0.0245124	0.0535603	0.00149977	0.00988483
29	0.00952054	0.0220425	0.00360285	0.00419321	0.00428957	0.00475167	0.266809	0.00821181	0.00624513	0.00956452	0.0054678	0.520293	0.00372305	0.0546477	0.0236931	0.0126249	0.00795056	0.00966424	0.00181037	0.0208946
30	0.0715994	0.00945085	0.0224006	0.0658791	0.00098627	0.00555175	0.0364879	0.0274295	0.264231	0.0178169	0.00487816	0.0259424	0.0471847	0.0890163	0.219368	0.0544666	0.00879348	0.0200488	0.00726533	0.00120202
31	0.00952054	0.0220425	0.00360285	0.00419321	0.00428957	0.00475167	0.266809	0.00821181	0.00624513	0.00956452	0.0054678	0.520293	0.00372305	0.0546477	0.0236931	0.0126249	0.00795056	0.00966424	0.00181037	0.0208946
32	0.0182952	0.000855359	0.000462226	0.000570141	0.00346855	0.00064651	0.000813659	0.487935	0.000829071	0.0266634	0.0294099	0.00160329	0.000590475	0.00372466	0.00602099	0.00874565	0.0163318	0.392032	0.000245355	0.000756771
33	0.0820082	0.199939	0.00807064	0.00884495	0.0135473	0.014208	0.0114342	0.0687861	0.0133467	0.0462642	0.0212556	0.014586	0.011034	0.0118925	0.0311854	0.039728	0.0555034	0.326965	0.00479343	0.0166067
34	0.0644006	0.00666322	0.0146702	0.0484291	0.00162922	0.0734764	0.0328114	0.0142574	0.254092	0.0105036	0.0040752	0.0404179	0.0176659	0.127439	0.215946	0.0433195	0.0109562	0.011621	0.00323184	0.00439403
35	0.01161	0.00735068	0.00122374	0.00158013	0.276691	0.00188305	0.00892207	0.0691904	0.0049876	0.316742	0.129212	0.00513107	0.00166971	0.00625274	0.010421	0.0172154	0.0121035	0.0651983	0.0122472	0.0403687
36	0.00609526	0.0197141	0.013709	0.065318	0.0719446	0.0054923	0.168856	0.0749599	0.0392815	0.105015	0.00392058	0.0333949	0.0026771	0.0851986	0.0429604	0.0324648	0.00569256	0.0492048	0.00147544	0.172625
37	0.00915081	0.0573986	0.00246554	0.00477472	0.178042	0.00422196	0.04511	0.0179836	0.00761598	0.0258965	0.00494738	0.0308203	0.00658078	0.0046216	0.00946247	0.083308	0.0231961	0.0586507	0.00895315	0.4168
38	0.00917959	0.0298614	0.00125659	0.00342663	0.29299	0.00389892	0.0339914	0.0326374	0.012795	0.060818	0.00952864	0.00531762	0.0073274	0.00468918	0.0174021	0.0323001	0.0162495	0.0303701	0.0142523	0.381708
39	0.0367755	0.0034399	0.110651	0.37551	0.00281967	0.010427	0.0326579	0.0129472	0.0833603	0.00684067	0.0114359	0.0363072	0.0164017	0.0919935	0.0756674	0.0404663	0.0286744	0.0151649	0.00359563	0.00486338
40	0.0124122	0.0025432	0.456145	0.051832	0.00189242	0.0220343	0.00329786	0.00318282	0.00473566	0.00513225	0.00230894	0.280432	0.00763795	0.00309154	0.00988019	0.0942604	0.0320774	0.00440017	0.000776629	0.0019268
41	0.0822117	0.0133748	0.0984449	0.119889	0.00856926	0.0246616	0.0444632	0.0114134	0.0780963	0.0371585	0.0136376	0.091627	0.0161731	0.0600954	0.0520478	0.147989	0.0805866	0.0116202	0.00375564	0.00418432
42	0.00700643	0.0340165	0.000658486	0.0029212	0.275301	0.00103232	0.0298706	0.0239885	0.00656824	0.039906	0.00283742	0.00508756	0.0084613	0.00270658	0.0093852	0.0329815	0.0143404	0.0275531	0.0145961	0.460782
43	0.0322969	0.00707477	0.000662341	0.000910146	0.0410458	0.00313562	0.00282106	0.233398	0.00194009	0.258651	0.216385	0.00224612	0.00396697	0.00303582	0.00899501	0.00995511	0.0133363	0.152566	0.000882786	0.00669386
44	0.0153826	0.00935744	0.000518771	0.000705048	0.0146997	0.0022417	0.000678235	0.341505	0.000785894	0.303629	0.0495384	0.0044524	0.00639097	0.00422028	0.00370202	0.00434381	0.0100009	0.226727	0.000262334	0.000858158
45	0.0294542	0.00822813	0.00198768	0.00201923	0.0646328	0.00461357	0.00780291	0.169229	0.00591625	0.333894	0.186112	0.00513732	0.00454928	0.00747259	0.010009	0.0135341	0.0150267	0.111033	0.00431806	0.0150299
46	0.0631592	0.0167211	0.0777358	0.131814	0.0129925	0.0317387	0.0456258	0.0231433	0.0718999	0.0640398	0.0184681	0.0880435	0.0204023	0.0596976	0.0551431	0.111322	0.0629828	0.0226967	0.00635079	0.0160224
47	0.0270108	0.00655594	0.0035073	0.00412718	0.0111642	0.00457327	0.0663328	0.0803943	0.0390699	0.505563	0.0558475	0.0352188	0.00384443	0.0468827	0.00763105	0.0123287	0.00864178	0.0430714	0.0111997	0.0270353
48	0.0714601	0.149844	0.017578	0.0194327	0.0398127	0.0433513	0.0308081	0.0573167	0.0330147	0.060717	0.027132	0.0318016	0.0259726	0.0250107	0.0407716	0.0826237	0.0543499	0.125502	0.00761315	0.0558873
49	0.0772411	0.0198785	0.0362835	0.0451525	0.00303005	0.0268583	0.0347802	0.0125878	0.0340796	0.00765685	0.00325143	0.0918249	0.198117	0.0479028	0.0759951	0.21699	0.0388524	0.0185128	0.00146159	0.00954362
50	0.00804803	0.00897786	0.00242521	0.0182647	0.00169525	0.119461	0.0405955	0.00487621	0.295443	0.0148113	0.00223026	0.0946213	0.00708079	0.0790029	0.252051	0.0248089	0.00416371	0.00423402	0.000946486	0.0162621
51	0.0139022	0.00811732	0.00338074	0.0208295	0.00130525	0.125945	0.0386801	0.00477473	0.293251	0.0117304	0.0015433	0.0872827	0.00655063	0.0955286	0.240037	0.0244169	0.00442678	0.00379771	0.000832412	0.0136684
52	0.0239634	0.00846274	0.000753171	0.000896198	0.0778129	0.00217697	0.00950172	0.175342	0.00446777	0.315529	0.181862	0.00411022	0.00288511	0.00429864	0.0102436	0.0119554	0.0134664	0.121117	0.00386745	0.0272881
53	0.020896	0.00676091	0.0039347	0.00535641	0.00885545	0.00523829	0.0784144	0.105912	0.0227492	0.40999	0.0752905	0.0365701	0.00521091	0.096435	0.00811325	0.0134021	0.0107358	0.048948	0.0217608	0.0154258
54	0.012537	0.00805737	0.00190592	0.0217173	0.00924548	0.0156346	0.0245523	0.014321	0.310713	0.035267	0.0195253	0.0124705	0.00176158	0.0396652	0.361084	0.0280333	0.0318388	0.0263675	0.00687592	0.0184262
55	0.0672648	0.00901741	0.00239744	0.0330998	0.00972588	0.0214466	0.0348147	0.0278094	0.0818849	0.0215807	0.0343092	0.0245915	0.0145489	0.048836	0.133279	0.13851	0.109465	0.109971	0.00588535	0.0715619
56	0.0298802	0.00845239	0.0104031	0.031071	0.00415132	0.0301889	0.0368505	0.0204747	0.30369	0.0218364	0.0100328	0.040685	0.0159093	0.065069	0.279385	0.0424461	0.0158756	0.0183323	0.00511689	0.0101496
57	0.0119636	0.00822422	0.00313217	0.0199294	0.00138814	0.127009	0.0392161	0.00463472	0.294408	0.0119696	0.00152349	0.0881253	0.00647847	0.0912639	0.244449	0.0238412	0.00409107	0.00355093	0.000781988	0.0140201
58	0.0676112	0.00884622	0.00238919	0.0311952	0.00934598	0.0219784	0.0355589	0.0293883	0.0807706	0.0220154	0.0348709	0.0237849	0.0157836	0.0467718	0.12692	0.138451	0.113632	0.111871	0.00623877	0.0725765
59	0.0141266	0.00596426	0.000437574	0.000531598	0.0252989	0.00213255	0.00106144	0.292062	0.000799655	0.388212	0.0753002	0.00328186	0.00596615	0.00346478	0.00440939	0.00417777	0.00788695	0.163256	0.000312794	0.00131728
60	0.071952	0.0231711	0.0278832	0.0354307	0.00424793	0.0185813	0.0269694	0.0112078	0.0541558	0.0298412	0.0172981	0.0471904	0.0161975	0.0287011	0.0413627	0.283577	0.228104	0.0239068	0.0033693	0.00685171
61	0.0266551	0.00198023	0.133595	0.442352	0.00282447	0.0111241	0.03164	0.0112831	0.0431957	0.00392397	0.0129233	0.0394487	0.0104245	0.093628	0.0420752	0.0346021	0.0330658	0.0165733	0.00255725	0.00612779
62	0.0937405	0.0286743	0.0058812	0.0194566	0.029528	0.00683093	0.0387857	0.0466753	0.00971431	0.0451701	0.0203502	0.0247322	0.361478	0.0088645	0.0279368	0.109932	0.0448541	0.0275874	0.00241728	0.0473911
63	0.0585908	0.00813457	0.0890211	0.262236	0.0047652	0.0165198	0.0387853	0.0139494	0.0955025	0.0184745	0.0104466	0.0540069	0.0196527	0.078596	0.0847975	0.0762246	0.043001	0.0152104	0.00772601	0.00435889
64	0.286127	0.0908455	0.0104144	0.00333869	0.0035213	0.00412299	0.00409335	0.0316988	0.0051849	0.00850099	0.00452565	0.00557817	0.00394248	0.00472039	0.00703368	0.039958	0.191112	0.289804	0.00162774	0.00384999
65	0.0703009	0.0106609	0.0164398	0.04909	0.0017034	0.0150689	0.0280105	0.0229241	0.266865	0.0140551	0.00713784	0.0263681	0.0282014	0.090258	0.259359	0.0579144	0.010949	0.0167558	0.00515198	0.00278562
66	0.0110661	0.037268	0.000980405	0.00283541	0.291178	0.00134382	0.03553	0.0365724	0.0116547	0.0487982	0.00339935	0.00399532	0.00681782	0.00348078	0.0204743	0.0289779	0.0166445	0.0271745	0.0137471	0.398062
67	0.00693007	0.0272505	0.000547682	0.00185655	0.300418	0.000607754	0.0329607	0.0321425	0.00803982	0.0538969	0.003338	0.00272763	0.00584721	0.00313108	0.0118592	0.0271041	0.013174	0.0300686	0.0138787	0.424221
68	0.0472042	0.0131024	0.000879902	0.00152371	0.0378586	0.00607094	0.00287453	0.172559	0.00271643	0.25004	0.254867	0.00243779	0.00307969	0.00275597	0.00739998	0.0139272	0.02302	0.150097	0.000907952	0.00667821
69	0.0115983	0.00817834	0.0017405	0.0224407	0.00914675	0.0123748	0.024576	0.0143322	0.30911	0.0378549	0.0210789	0.00991572	0.00106306	0.0371515	0.365458	0.0262403	0.0340442	0.027154	0.00739746	0.0191444
70	0.20285	0.029028	0.00345818	0.00874931	0.0058085	0.549534	0.0105393	0.00831604	0.00461874	0.0143996	0.00542988	0.00331638	0.00252788	0.00237753	0.00330661	0.104876	0.0254238	0.00719688	0.0010415	0.00720213
71	0.0446167	0.102454	0.0023443	0.00766011	0.0111086	0.00638581	0.0028081	0.170281	0.00452008	0.189199	0.0676207	0.00935563	0.00379803	0.00514626	0.00633657	0.0177954	0.0990911	0.244384	0.00110024	0.00399344
72	0.0703039	0.00971558	0.0230447	0.0640358	0.00105399	0.00605153	0.0380682	0.0276022	0.261265	0.0184671	0.00513898	0.0286416	0.044163	0.0912202	0.215327	0.0570985	0.0099194	0.020164	0.00744653	0.00127287
73	0.00683711	0.0336563	0.00458873	0.0119828	0.119894	0.0133615	0.247299	0.0377683	0.0209103	0.0523877	0.0041887	0.039601	0.00325723	0.0163393	0.0112119	0.0274754	0.00775339	0.0170597	0.00240879	0.322018
74	0.022264	0.00618513	0.000471238	0.000697682	0.0348812	0.00252999	0.0019658	0.252318	0.00139751	0.347949	0.14672	0.00239137	0.00477525	0.00263278	0.00687526	0.00631572	0.0124117	0.142506	0.000439616	0.00427249
75	0.0577793	0.0272649	0.0356568	0.0406241	0.0287745	0.0416462	0.101094	0.0272643	0.0596793	0.0416136	0.0172219	0.0728083	0.0386992	0.0443634	0.0510085	0.15797	0.0689702	0.033769	0.00647659	0.0473163
76	0.00894696	0.00911516	0.00260008	0.0189096	0.00141975	0.124671	0.0409811	0.004534	0.291763	0.0138503	0.0015534	0.097411	0.00728499	0.0818685	0.247213	0.0243583	0.0033583	0.00348457	0.000706487	0.0159697
77	0.0182952	0.000855359	0.000462226	0.000570141	0.00346855	0.00064651	0.000813659	0.487935	0.000829071	0.0266634	0.0294099	0.00160329	0.000590475	0.00372466	0.00602099	0.00874565	0.0163318	0.392032	0.000245355	0.000756771
78	0.0173599	0.00144609	0.000493049	0.000552396	0.00565652	0.000853972	0.000801835	0.474131	0.000826152	0.0595603	0.0338619	0.00221026	0.00107496	0.00350089	0.00564953	0.0078534	0.0146546	0.368527	0.000254861	0.000731087
79	0.0122647	0.0291332	0.00603773	0.016636	0.126045	0.011956	0.202168	0.0414277	0.025149	0.061897	0.00779199	0.0472407	0.00659609	0.0247074	0.0217247	0.0338338	0.0121159	0.0272932	0.00532829	0.280654
80	0.0361329	0.0149867	0.0137436	0.0388227	0.0115877	0.0156819	0.0282837	0.0250079	0.221558	0.0367111	0.0205961	0.0249273	0.0156678	0.0495579	0.271748	0.0549368	0.0367337	0.0341518	0.0300233	0.0191416
81	0.0256305	0.00640892	0.389847	0.0682203	0.00441018	0.029052	0.0162185	0.00930677	0.020467	0.0145835	0.00723123	0.203099	0.0112246	0.0204829	0.0211742	0.096519	0.0375393	0.0115736	0.00206319	0.00494761
82	0.0211561	0.00702953	0.000666633	0.00096135	0.0337212	0.00290771	0.0024841	0.267002	0.00194246	0.339851	0.118989	0.00348811	0.00526267	0.00415851	0.00679177	0.00791563	0.0116718	0.158721	0.000950382	0.00432854
83	0.0362833	0.0107767	0.0124565	0.0376872	0.00726057	0.034934	0.0353747	0.020043	0.28802	0.0287224	0.0120459	0.036905	0.0172545	0.0659831	0.241936	0.0498125	0.0227417	0.0220008	0.00537279	0.0143894
84	0.053559	0.0351931	0.00636659	0.00806135	0.022849	0.00565675	0.0128843	0.118241	0.00975832	0.157318	0.0088388	0.00763664	0.276599	0.00720672	0.0158873	0.0445829	0.0509599	0.137755	0.00216861	0.0184773
85	0.198939	0.0269117	0.00338391	0.00856511	0.00634612	0.501925	0.0121317	0.00903104	0.00502546	0.0139753	0.00550569	0.00475807	0.00411195	0.00289582	0.00397388	0.146683	0.0289896	0.00780009	0.00107277	0.00797447
86	0.0327716	0.0174274	0.118115	0.0439853	0.0102164	0.0272542	0.0942248	0.0183386	0.0408994	0.0250897	0.012056	0.287996	0.018064	0.0443711	0.0435462	0.0850734	0.0402601	0.0205521	0.00297098	0.0167881
87	0.0188028	0.00575539	0.000680062	0.000585269	0.0390442	0.0021918	0.00201143	0.268394	0.00129608	0.350832	0.119444	0.00282522	0.0047587	0.00306997	0.00619044	0.0057265	0.00917258	0.154138	0.000762298	0.00431908
88	0.0119808	0.0076338	0.00124123	0.00151998	0.274067	0.00198051	0.00919294	0.0698236	0.0050183	0.314237	0.128343	0.00523198	0.00180252	0.0063833	0.0106265	0.0173401	0.0121166	0.0671288	0.0122739	0.0420585
89	0.0130668	0.00648471	0.000446405	0.000519417	0.0173021	0.00232121	0.000786308	0.324124	0.000756019	0.35395	0.0546413	0.0042619	0.00580832	0.00371817	0.00362027	0.0038857	0.00766416	0.195549	0.000243159	0.000850448
90	0.0306409	0.0018732	0.137641	0.391055	0.00379812	0.0119859	0.034712	0.012239	0.0479489	0.00525871	0.0139621	0.0479016	0.00841175	0.0971761	0.0451332	0.043986	0.0411138	0.0170475	0.00213979	0.00597553
91	0.0181602	0.0101025	0.000751117	0.000589087	0.017989	0.00219415	0.000684398	0.320669	0.000948515	0.304673	0.0466083	0.00432778	0.00579436	0.00418402	0.00308801	0.00437564	0.00803084	0.245546	0.00026264	0.00102232
92	0.0237588	0.00842341	0.00603296	0.0264813	0.00556427	0.0276192	0.0294607	0.0154632	0.318697	0.0256954	0.0133703	0.0271304	0.0097388	0.0554108	0.307397	0.0367477	0.0221882	0.0212103	0.00622236	0.0133883
93	0.0126428	0.00698997	0.000533834	0.000648541	0.0131451	0.00224995	0.000773834	0.366186	0.000841062	0.298537	0.0491975	0.00463979	0.00605657	0.00412715	0.00384541	0.00437703	0.00734877	0.216824	0.000256836	0.000779517
94	0.200967	0.0285279	0.0041338	0.00932385	0.00608495	0.533236	0.0108165	0.00911407	0.00581848	0.0148474	0.00563629	0.00476707	0.0039143	0.00341778	0.00437341	0.111463	0.0258284	0.0087246	0.00112089	0.00788386
95	0.0248662	0.00611429	0.403123	0.0745732	0.00518425	0.0244972	0.0143338	0.00766683	0.0208239	0.0124673	0.00592788	0.202538	0.0117437	0.019161	0.0212189	0.0927225	0.0352919	0.012111	0.00166266	0.00397261
96	0.0144087	0.00736706	0.00157852	0.00204867	0.210316	0.00242876	0.00920116	0.0893934	0.0056456	0.36524	0.119354	0.00589308	0.00278585	0.00717874	0.00956225	0.0159809	0.0127825	0.0732362	0.0110812	0.0345174
97	0.16672	0.0272566	0.0106102	0.0169821	0.00680801	0.506589	0.0168021	0.0103013	0.0186159	0.0206194	0.00808534	0.01381	0.00399361	0.0096134	0.0158826	0.0947092	0.0278876	0.0147851	0.00183967	0.00808858
98	0.0333223	0.0144083	0.0132685	0.025186	0.0278331	0.0193573	0.0542126	0.0845201	0.0465119	0.305489	0.0490396	0.0341338	0.0128056	0.081056	0.0366582	0.0424147	0.0260027	0.0563085	0.00960328	0.027869
99	0.186909	0.0440307	0.0154312	0.0144617	0.00601842	0.0202884	0.0141917	0.0376431	0.0256065	0.0350769	0.0143944	0.0207028	0.0185458	0.0167427	0.0258201	0.160111	0.183606	0.144613	0.00382297	0.0119839
100	0.322304	0.072322	0.0192488	0.00393933	0.00390686	0.00590082	0.00467604	0.0337061	0.00688232	0.0117895	0.00651021	0.00655627	0.0044617	0.00559711	0.00695593	0.0632093	0.235414	0.179062	0.00212439	0.00543417
101	0.0115693	0.00820607	0.00171922	0.0224272	0.00915171	0.0123411	0.0245195	0.0143137	0.309093	0.0380325	0.02102	0.00988452	0.00105597	0.0371236	0.365469	0.0261634	0.0342047	0.0271671	0.00739617	0.0191428
102	0.0293705	0.0229408	0.000791191	0.00141052	0.0175453	0.0027497	0.000956243	0.28468	0.00145534	0.300426	0.0621449	0.00418067	0.0070423	0.00641997	0.00424954	0.00821857	0.019391	0.223645	0.000435893	0.00194655
103	0.0271713	0.00159087	0.141223	0.406847	0.00348752	0.0115294	0.0337298	0.0116552	0.0467002	0.00383937	0.0141986	0.0435883	0.0086098	0.0986842	0.0450173	0.04023	0.0372314	0.0164468	0.00197179	0.00624786
104	0.0339762	0.00315102	0.131557	0.318444	0.00435045	0.120583	0.0431805	0.0100253	0.0425018	0.0104385	0.0104345	0.0469521	0.00796462	0.0839557	0.0332819	0.04676	0.028652	0.0154281	0.00251647	0.00584656
105	0.0275233	0.00163136	0.140339	0.405265	0.0035432	0.0115213	0.0338547	0.01162	0.0469644	0.00403234	0.0143477	0.0437409	0.00854723	0.098981	0.0451112	0.0407598	0.0374794	0.0164295	0.00196228	0.00634575
106	0.0117157	0.00828683	0.00176923	0.022565	0.0090331	0.0129269	0.0244218	0.0142568	0.309489	0.0379522	0.0206731	0.0108499	0.00120485	0.037665	0.36407	0.0264489	0.0337077	0.0268031	0.0073051	0.018855
107	0.0465886	0.00776964	0.0132088	0.0427872	0.00157809	0.0212031	0.0386069	0.0230634	0.310566	0.0151898	0.00551852	0.0354135	0.0296179	0.0761753	0.249443	0.04883	0.00813421	0.0155753	0.00568	0.00505069
108	0.0115983	0.00817834	0.0017405	0.0224407	0.00914675	0.0123748	0.024576	0.0143322	0.30911	0.0378549	0.0210789	0.00991572	0.00106306	0.0371515	0.365458	0.0262403	0.0340442	0.027154	0.00739746	0.0191444
109	0.08812	0.0231404	0.00981765	0.017204	0.0110461	0.113974	0.0134057	0.0225478	0.0302548	0.0550371	0.0154807	0.0179019	0.0112188	0.0166938	0.026893	0.200345	0.228772	0.0632596	0.00376986	0.0311184
110	0.0240572	0.00582813	0.000630814	0.000636531	0.0350191	0.00217249	0.00196262	0.282365	0.00140372	0.268914	0.159606	0.00275124	0.00488367	0.00356666	0.00919409	0.00651735	0.00944061	0.176458	0.000433031	0.00415952
111	0.143931	0.0736407	0.0198013	0.0293549	0.0161974	0.192445	0.0240418	0.0233149	0.0815811	0.0478979	0.0218622	0.03281	0.0128764	0.033133	0.0460808	0.0933054	0.0509413	0.0376414	0.0037096	0.0154345
112	0.0963569	0.0165681	0.0522647	0.100658	0.00850231	0.336786	0.0358986	0.0118035	0.0392079	0.0317413	0.00899881	0.0337729	0.00914047	0.0396573	0.0271896	0.0821114	0.0345448	0.023311	0.00292795	0.00855786
113	0.0810477	0.021848	0.0217325	0.0300598	0.013556	0.146709	0.0201053	0.0369112	0.0433783	0.10173	0.0270176	0.0287869	0.0147549	0.0277484	0.0325576	0.114593	0.159826	0.0537833	0.00471058	0.019145
114	0.0962551	0.0533367	0.00938243	0.0155342	0.0225603	0.0138953	0.0291014	0.0542035	0.017759	0.0554026	0.0127069	0.0200452	0.352157	0.0133043	0.0255086	0.092586	0.0332413	0.0554005	0.00269073	0.0249291
115	0.0527441	0.0274923	0.0848479	0.0361639	0.00664164	0.0219829	0.0281131	0.0170764	0.04181	0.021837	0.0113079	0.120186	0.0208039	0.0333439	0.0357202	0.277084	0.131909	0.0194898	0.00398368	0.00746274
116	0.00738386	0.0348336	0.000666354	0.00332649	0.289357	0.000767786	0.0272632	0.0253423	0.00695195	0.0412575	0.00287502	0.00427014	0.00904022	0.00273439	0.00993069	0.0324201	0.0149518	0.0272308	0.0163167	0.44308
117	0.0201534	0.00536911	0.000802661	0.00148148	0.0193805	0.00241306	0.00247344	0.350173	0.0027595	0.218945	0.0919219	0.004495	0.00499352	0.00883752	0.00974769	0.010259	0.013212	0.228288	0.00109282	0.0032008
118	0.185597	0.0253055	0.0200165	0.0221395	0.00803243	0.0840031	0.0237656	0.0161739	0.0243645	0.0203856	0.0103585	0.0474855	0.0952987	0.0255589	0.0354807	0.255348	0.0633868	0.0213983	0.00327574	0.0126251
119	0.0818288	0.0225414	0.016179	0.0228542	0.0206783	0.0128714	0.0499164	0.0243335	0.0227056	0.0312105	0.0105851	0.0352617	0.345307	0.0208355	0.0384444	0.152706	0.0414626	0.0254769	0.00225296	0.0225487
120	0.0436457	0.0102133	0.134618	0.22335	0.00820483	0.0315002	0.0386099	0.0153411	0.0649256	0.0241444	0.0134795	0.0993894	0.0149256	0.0660465	0.0512492	0.0822893	0.0475744	0.0165668	0.00340513	0.0105214
121	0.0184984	0.00108687	0.000527309	0.00062881	0.00506641	0.000680096	0.000901937	0.479562	0.00092948	0.0333136	0.0322916	0.00183602	0.000746008	0.00377196	0.00606629	0.00881626	0.0160218	0.388154	0.000248631	0.000852555
122	0.0150866	0.00654462	0.00063056	0.000901786	0.0164085	0.00223505	0.0013574	0.348038	0.00129584	0.29942	0.0554718	0.00425254	0.00510917	0.00439671	0.00439538	0.00861233	0.00999603	0.2138	0.000471967	0.00157573
123	0.00766398	0.0310312	0.0051569	0.0163237	0.112096	0.0126292	0.231655	0.0454644	0.0226173	0.0579742	0.00466337	0.0473256	0.00328732	0.0212582	0.014516	0.0300974	0.0081336	0.0206563	0.00226671	0.305183
124	0.132799	0.0388652	0.00752453	0.011434	0.0091017	0.317644	0.0267212	0.0117229	0.00822052	0.0149462	0.00575419	0.0138918	0.00578083	0.011881	0.0131923	0.255435	0.0816793	0.0184513	0.00188892	0.0130649
125	0.00719283	0.0342121	0.000627502	0.00308539	0.29079	0.00077537	0.026639	0.0249007	0.00670042	0.0403126	0.00283035	0.00438038	0.00965004	0.00274913	0.00969464	0.0322774	0.0153355	0.0275153	0.0157376	0.444594
126	0.0858342	0.00976251	0.0278021	0.181596	0.00588767	0.130131	0.0186589	0.0136678	0.119624	0.0491721	0.0109494	0.0225462	0.0147414	0.13499	0.0416724	0.0558665	0.0266108	0.0408101	0.00304994	0.00662584
127	0.305262	0.0914068	0.0100988	0.00326223	0.00384339	0.00944142	0.00494636	0.0308516	0.00617969	0.0140766	0.00881606	0.00660442	0.00533281	0.00498541	0.00916962	0.0511933	0.142224	0.284628	0.00176043	0.00591721
128	0.0158294	0.00396958	0.451089	0.0527631	0.0023681	0.0212925	0.00630003	0.00411434	0.00871117	0.00683727	0.00320973	0.249166	0.00837019	0.00684072	0.0122773	0.10284	0.0347894	0.00570251	0.00110844	0.00242107
129	0.0182952	0.000855359	0.000462226	0.000570141	0.00346855	0.00064651	0.000813659	0.487935	0.000829071	0.0266634	0.0294099	0.00160329	0.000590475	0.00372466	0.00602099	0.00874565	0.0163318	0.392032	0.000245355	0.000756771
130	0.0430816	0.0346862	0.0189988	0.0253614	0.0727906	0.023097	0.0334926	0.0511799	0.0482455	0.090308	0.0359609	0.0374323	0.021749	0.0307517	0.0561776	0.0789407	0.04912	0.0567232	0.102381	0.0895225
131	0.220118	0.0164927	0.019652	0.00469311	0.00830154	0.0133263	0.00626058	0.0171867	0.0127817	0.012713	0.00704469	0.0802433	0.0110732	0.0133162	0.00878605	0.474508	0.0441724	0.013806	0.00583703	0.00968713
132	0.0270626	0.00553134	0.000612981	0.000694153	0.0430229	0.00261645	0.00253676	0.226289	0.00161258	0.334718	0.184672	0.00158965	0.00423598	0.00240881	0.00888639	0.00698927	0.012094	0.128443	0.000528467	0.00545629
133	0.156117	0.0257578	0.0162204	0.0232272	0.00687234	0.476285	0.0182537	0.0115695	0.0236548	0.0250211	0.00838027	0.0153888	0.00597993	0.0139777	0.0206309	0.097228	0.0283981	0.0162538	0.00191804	0.00886543
134	0.0658631	0.111385	0.00789255	0.0093269	0.0168776	0.0134191	0.0121533	0.134063	0.0174962	0.0671154	0.0369312	0.0172592	0.017481	0.0133656	0.0212573	0.0908235	0.0739023	0.255207	0.00427519	0.0139059
135	0.0180919	0.00132051	0.000455576	0.000533188	0.0045592	0.000771416	0.000796128	0.479164	0.000828152	0.0514754	0.0329265	0.00194444	0.00108567	0.00365211	0.0057967	0.00811841	0.0157195	0.371749	0.000220474	0.000792583
136	0.0434908	0.0113507	0.000800247	0.00132054	0.0368762	0.00501571	0.00283606	0.182839	0.00208576	0.26358	0.255836	0.00187317	0.00347264	0.00256093	0.00777237	0.0107134	0.0180356	0.142877	0.000773701	0.00589011
137	0.0586192	0.0323523	0.0201796	0.0169505	0.00850934	0.0155827	0.0298203	0.0198303	0.0424289	0.0230189	0.0114864	0.0453341	0.184656	0.0216149	0.0348481	0.224476	0.163088	0.0302508	0.00360591	0.0133462
138	0.0940856	0.0218782	0.0121288	0.0198315	0.0239465	0.0129266	0.0497069	0.028427	0.0227225	0.0391448	0.0110973	0.0271115	0.379258	0.0169142	0.032214	0.118307	0.0342508	0.0248592	0.00296743	0.0282225
139	0.00771651	0.0320353	0.00132887	0.00378307	0.282955	0.00181	0.036152	0.0283748	0.00838852	0.0474209	0.00355502	0.00662494	0.00762978	0.0045909	0.0113471	0.0357007	0.0161032	0.0297986	0.0140173	0.420667
140	0.0631759	0.00896154	0.102045	0.210608	0.00855143	0.0178922	0.0399546	0.0120282	0.083055	0.0244565	0.0131296	0.0717383	0.0135032	0.0792406	0.0633518	0.105448	0.061223	0.0139756	0.00332031	0.00434004
141	0.107892	0.0188518	0.00845366	0.0112466	0.00525002	0.0181	0.0114138	0.0224378	0.0401346	0.0491568	0.0237346	0.0176488	0.00872374	0.0126663	0.0242666	0.248696	0.295409	0.0614239	0.00330142	0.0111922
142	0.0851282	0.0150598	0.0601191	0.0763939	0.00553795	0.0183095	0.0348505	0.00885523	0.0831318	0.0315	0.0100812	0.07859	0.0291097	0.0538322	0.0527436	0.241701	0.0982833	0.00953177	0.00347627	0.00376527
143	0.0380198	0.0557576	0.0351026	0.00856528	0.00196902	0.0194895	0.0300868	0.0110965	0.0350712	0.00916848	0.011635	0.0665851	0.0267047	0.0240702	0.0348852	0.319166	0.249376	0.015179	0.00405504	0.0040171
144	0.023519	0.0117675	0.00200812	0.00303106	0.0186761	0.00523607	0.00364745	0.276294	0.00556962	0.287215	0.0656941	0.00774908	0.0233641	0.015768	0.0157794	0.0146701	0.0158924	0.19715	0.00266593	0.00430359
145	0.0708725	0.00930965	0.0216569	0.0663508	0.000968111	0.00567022	0.0364851	0.0271179	0.267464	0.0174621	0.00508877	0.0258015	0.0453046	0.0887568	0.220702	0.0543256	0.00876093	0.0195643	0.0071282	0.00121052
146	0.077055	0.010975	0.106139	0.162076	0.0082344	0.0216354	0.0421593	0.0119531	0.0732554	0.0313096	0.0133202	0.0830442	0.0142728	0.0648296	0.0500737	0.132134	0.0763226	0.0135784	0.00334585	0.00428672
147	0.054627	0.072203	0.00298788	0.00834584	0.0182897	0.00801322	0.00603318	0.179857	0.00876201	0.145333	0.0919869	0.0123483	0.00493096	0.00743149	0.00911519	0.039022	0.109662	0.207194	0.00283126	0.0110264
148	0.0107362	0.0263852	0.00277287	0.00756575	0.238672	0.00285629	0.0534619	0.0415189	0.013025	0.0865186	0.0129248	0.0103973	0.00903253	0.0120296	0.015269	0.0307615	0.0148065	0.0364974	0.0129804	0.361788
149	0.225777	0.027188	0.0106492	0.0287157	0.0101872	0.205106	0.0126334	0.0204051	0.0686514	0.136008	0.0163093	0.0127885	0.0141035	0.0210095	0.0194281	0.0525997	0.0675515	0.0323307	0.0041246	0.0144343
150	0.070469	0.00840565	0.0154458	0.0475867	0.00143039	0.0127907	0.0259235	0.0228358	0.268761	0.012158	0.00758873	0.0257648	0.0247629	0.0923416	0.267854	0.0627314	0.0108397	0.0157117	0.00468375	0.0019152
151	0.0818458	0.0154302	0.0957325	0.105839	0.00816039	0.0271503	0.0463949	0.0119812	0.0780701	0.0385944	0.0133193	0.0956797	0.0174937	0.05976	0.0536	0.150403	0.0810622	0.0114337	0.00384988	0.00420048
152	0.0128239	0.0066807	0.00098948	0.00131218	0.150553	0.00179959	0.00784026	0.110611	0.00418546	0.414212	0.132589	0.00488538	0.00230823	0.00610912	0.00842406	0.0141682	0.0133879	0.0670536	0.00943183	0.0306345
153	0.0131082	0.00667644	0.000565165	0.000604696	0.012757	0.00213623	0.00079031	0.378652	0.000856561	0.276541	0.0484024	0.00449831	0.00544657	0.00394874	0.00387729	0.00462926	0.00773044	0.227719	0.000263032	0.000796943
154	0.0751181	0.0150826	0.0912777	0.100864	0.00807846	0.0263289	0.045722	0.012711	0.0885656	0.0415744	0.0152825	0.0937247	0.0142297	0.0672141	0.059154	0.145115	0.0807892	0.011713	0.00345169	0.00400253
155	0.0643566	0.0169754	0.0210396	0.0462803	0.00879187	0.0189054	0.0352384	0.0273293	0.154068	0.0259959	0.0101387	0.0423587	0.117696	0.0594795	0.172639	0.10021	0.0279508	0.0287758	0.00719706	0.0145734
156	0.0446243	0.0220367	0.00399894	0.00625617	0.0506175	0.00627561	0.0126714	0.0610485	0.007548	0.210594	0.00779391	0.00820164	0.429149	0.00689807	0.00888058	0.0470125	0.0155246	0.0362607	0.00269067	0.0119168
157	0.0479077	0.0474698	0.0228093	0.00919916	0.00113294	0.0129901	0.0289397	0.00700087	0.0417399	0.0112215	0.00868686	0.0667431	0.0272678	0.0232367	0.0374045	0.344196	0.243396	0.0106574	0.00496246	0.00303854
158	0.0307824	0.0136796	0.000856226	0.000977236	0.0195563	0.00225278	0.00083828	0.317804	0.000920315	0.255531	0.0773363	0.0034831	0.00471174	0.00417676	0.00447152	0.00594404	0.0162162	0.238947	0.00025024	0.00126418
159	0.0828774	0.0142449	0.0973365	0.110822	0.00854528	0.0259643	0.0452203	0.0114815	0.0785852	0.0391597	0.0136509	0.0936022	0.016597	0.0587447	0.0518951	0.15016	0.0817921	0.0114269	0.00388455	0.0040095
160	0.0787899	0.0137677	0.0936956	0.107664	0.00820529	0.072123	0.0461303	0.0104581	0.0689416	0.0344125	0.0116129	0.0897943	0.0191595	0.0560889	0.0487044	0.144676	0.0740369	0.0118575	0.00467128	0.00521096
161	0.0197502	0.0205009	0.00228418	0.00323546	0.27775	0.00282414	0.0431187	0.0660157	0.0269541	0.0806216	0.00450397	0.0049987	0.0252338	0.00534582	0.0310259	0.0596395	0.0263041	0.0203361	0.0208626	0.258695
162	0.0567331	0.0870761	0.00210278	0.00985734	0.0139732	0.00655631	0.00298369	0.184256	0.00505211	0.161666	0.0924359	0.0119857	0.003074	0.00490793	0.00521099	0.0252473	0.115048	0.205225	0.00131596	0.00529315
163	0.108132	0.0547204	0.0125134	0.0159827	0.0175028	0.0167092	0.0259486	0.048086	0.0172833	0.0480869	0.0132887	0.0245474	0.259289	0.0152764	0.0278627	0.128776	0.0551917	0.0875681	0.00321359	0.020022
164	0.0829619	0.0141399	0.0973136	0.111413	0.00856617	0.0258528	0.0450706	0.0114618	0.0786011	0.0390618	0.0136338	0.0934634	0.0165658	0.0586985	0.0517735	0.15006	0.0819165	0.0115576	0.00389155	0.00399644
165	0.0673965	0.0146784	0.00765749	0.0434555	0.0162267	0.0399068	0.0220174	0.0190413	0.0835107	0.027269	0.0244739	0.0250473	0.013754	0.0484464	0.117349	0.163253	0.116291	0.0885412	0.00420649	0.0574786
166	0.0625058	0.0136664	0.00863656	0.013733	0.0183216	0.0286481	0.00837464	0.100916	0.0393335	0.189407	0.077751	0.0340181	0.0454748	0.0221714	0.0412519	0.100678	0.0731344	0.0817128	0.0221463	0.0181194
167	0.0867314	0.0203074	0.00795831	0.0141644	0.0283945	0.00718882	0.0438578	0.02284	0.00935789	0.0364372	0.0102494	0.0213738	0.450511	0.0106347	0.0217063	0.140913	0.0256408	0.0158995	0.00150807	0.0243261
168	0.112713	0.00721023	0.0148705	0.0165501	0.00418302	0.00420382	0.0315687	0.0740686	0.0181696	0.0795037	0.00526567	0.00582953	0.170993	0.00546119	0.0358912	0.103217	0.109776	0.178819	0.00171044	0.019996
169	0.0503985	0.0498236	0.0196933	0.0106492	0.00117524	0.0158858	0.030805	0.0068693	0.0382874	0.0110116	0.00821889	0.0611316	0.0258734	0.0255435	0.0385331	0.358251	0.227102	0.0123766	0.00420265	0.00416904
170	0.0182952	0.000855359	0.000462226	0.000570141	0.00346855	0.00064651	0.000813659	0.487935	0.000829071	0.0266634	0.0294099	0.00160329	0.000590475	0.00372466	0.00602099	0.00874565	0.0163318	0.392032	0.000245355	0.000756771
171	0.0399586	0.0574736	0.032727	0.00611387	0.00278069	0.0244843	0.0285441	0.0167563	0.031405	0.0109471	0.0133314	0.0514989	0.0242177	0.0210312	0.0316494	0.322484	0.25029	0.0254615	0.0033636	0.00548197
172	0.064303	0.0089548	0.0212312	0.0552642	0.00149566	0.0144054	0.0307768	0.0233945	0.258812	0.0161701	0.00807823	0.0305558	0.0290422	0.0990652	0.231698	0.067835	0.0153327	0.0165064	0.00519086	0.00188825
173	0.0149492	0.0699139	0.00456687	0.0226251	0.220971	0.00580864	0.0298949	0.0286603	0.0118803	0.0380725	0.00651269	0.012144	0.0114791	0.00768413	0.017339	0.0402504	0.0196701	0.0296292	0.0488719	0.359077
174	0.121256	0.0996151	0.0036145	0.0060489	0.0157004	0.0420567	0.00465458	0.13341	0.0081149	0.130468	0.0720707	0.00850999	0.00451031	0.00597114	0.0135896	0.0343422	0.0510653	0.231003	0.00190024	0.012099
175	0.039573	0.014891	0.177117	0.0727809	0.0094822	0.0300679	0.0703956	0.0194604	0.0698825	0.0304336	0.0146949	0.115687	0.015201	0.0577986	0.0511598	0.106269	0.0427462	0.0449712	0.00371978	0.0136683
176	0.00698175	0.0277051	0.000547553	0.00189415	0.29971	0.000649108	0.0337759	0.0319926	0.00807007	0.0533854	0.0032933	0.0030226	0.00597372	0.00314971	0.0119501	0.0274499	0.0132836	0.0299958	0.0138217	0.423348
177	0.0405491	0.0460109	0.0276769	0.00654751	0.0014859	0.0152343	0.0257647	0.010724	0.0318959	0.0108769	0.0105292	0.0547458	0.0272077	0.022985	0.0305818	0.322091	0.289952	0.0171324	0.00391887	0.00408942
178	0.074143	0.012764	0.134814	0.102965	0.00752532	0.0250624	0.039611	0.0104484	0.0696441	0.0357109	0.0123232	0.120566	0.0154462	0.0515046	0.0462363	0.145491	0.0780553	0.0105419	0.00342285	0.00372529
179	0.0465219	0.00892277	0.0200477	0.0518737	0.00434415	0.0111671	0.0282178	0.0196862	0.269288	0.0239793	0.0154358	0.0239527	0.0196037	0.0695685	0.27779	0.0518593	0.0228515	0.020274	0.00593828	0.00867725
180	0.00678638	0.0291258	0.00378033	0.011059	0.169214	0.00927774	0.179537	0.0380174	0.0174402	0.058246	0.00364925	0.0277923	0.0038332	0.0151226	0.0119352	0.0261563	0.00887316	0.0213918	0.00562371	0.353138
181	0.117112	0.0330503	0.0216251	0.0318826	0.0115907	0.342169	0.0203654	0.0288138	0.0282271	0.0452733	0.0210999	0.021789	0.0122939	0.0222156	0.0261343	0.0842081	0.0433994	0.072003	0.00433002	0.0124179
182	0.0218161	0.00908263	0.000797077	0.000964239	0.104416	0.00195504	0.00892031	0.164345	0.00471429	0.311743	0.165347	0.00443101	0.00240422	0.00464492	0.0101457	0.0129108	0.0129576	0.120902	0.00532702	0.0321752
183	0.205736	0.030685	0.00356503	0.0089386	0.00567998	0.539804	0.0102281	0.00843155	0.00579039	0.0177325	0.00617941	0.00337776	0.00256251	0.00280408	0.00399738	0.101844	0.0256142	0.00847871	0.00107204	0.0074787
184	0.00951368	0.0317974	0.000673942	0.00272397	0.288911	0.000964826	0.0289982	0.0296939	0.00798172	0.0466218	0.00366064	0.00383025	0.00788237	0.00291578	0.0124192	0.0294951	0.0142542	0.0276547	0.0144826	0.435525
185	0.0755926	0.00952893	0.00727657	0.0773843	0.00777537	0.020734	0.0154756	0.0586761	0.0976459	0.0790023	0.0661567	0.0257298	0.0151543	0.079736	0.0941385	0.0632458	0.0658473	0.116771	0.00500211	0.0191271
186	0.021593	0.00685232	0.00106394	0.00108505	0.0965786	0.00279101	0.00561441	0.173048	0.00359281	0.355079	0.149913	0.00413582	0.00368333	0.00459352	0.008757	0.011658	0.0132111	0.113038	0.00493496	0.0187772
187	0.0679445	0.0234917	0.0303832	0.0016776	0.00831682	0.00200159	0.00256564	0.017198	0.0121523	0.00419135	0.0022305	0.106264	0.00204685	0.0161404	0.00435172	0.614705	0.0630825	0.00452225	0.00792134	0.00881301
188	0.0113469	0.00240936	0.46202	0.0510658	0.00178706	0.0220546	0.00259566	0.0030497	0.00320461	0.00452492	0.00210949	0.283505	0.0075268	0.00199758	0.00914739	0.0934802	0.0312167	0.00430404	0.000734674	0.00191994
189	0.0228996	0.0121294	0.118571	0.0696969	0.0186165	0.265165	0.104931	0.00822529	0.0193194	0.0434341	0.0055192	0.0939185	0.0112585	0.0473588	0.0435069	0.0828344	0.0138432	0.0111727	0.00258886	0.0050111
190	0.0417653	0.0755179	0.013621	0.00492419	0.00258944	0.0477798	0.0328989	0.00929455	0.0164896	0.00718494	0.00719172	0.044216	0.0148205	0.0310279	0.0340676	0.398985	0.177144	0.0268988	0.00250045	0.0110824
191	0.0213647	0.0190996	0.00580682	0.0103701	0.0260706	0.00270076	0.01811	0.238312	0.018189	0.0278524	0.045998	0.0203118	0.00136954	0.017048	0.0138229	0.0877082	0.0970862	0.294367	0.00810609	0.0263064
192	0.218195	0.0357958	0.00384937	0.00872266	0.00603923	0.500544	0.0104735	0.0098254	0.00694143	0.0208695	0.00797234	0.00379306	0.00296732	0.00300078	0.00482906	0.0982544	0.0342359	0.0140078	0.00138767	0.00829588
193	0.0334871	0.0084471	0.00174658	0.000946532	0.0248712	0.00163141	0.00108309	0.376668	0.00156936	0.100987	0.0467573	0.00297811	0.00140841	0.00356862	0.00532834	0.00815317	0.0151357	0.363204	0.000344306	0.00168527
