239	20
1	0.0186479	0.00933116	0.00368928	0.0110133	0.22847	0.00410362	0.0146673	0.129111	0.0187449	0.107136	0.0314964	0.00727975	0.0171894	0.0227094	0.0209121	0.0238455	0.0241392	0.0759075	0.0231185	0.208488
2	0.0459262	0.0208344	0.00423102	0.00120277	0.0130574	0.0096032	0.00343014	0.0303016	0.00131675	0.0317415	0.0297979	0.0322266	0.00112896	0.00594086	0.00160902	0.34198	0.392598	0.026602	0.00106996	0.00540244
3	0.0481321	0.0111039	0.000337467	0.000487264	0.136437	0.0124919	0.0006557	0.231391	0.000673724	0.241288	0.0431684	0.00254428	0.00315206	0.00219893	0.00294926	0.0164167	0.0334194	0.192891	0.00361693	0.0166455
4	0.0191092	0.00622571	0.504881	0.237974	0.00725652	0.0125648	0.0226685	0.00378196	0.00101557	0.00450933	0.00245612	0.0467684	0.00093943	0.0645405	0.0114556	0.0190303	0.0135472	0.00371232	0.000907486	0.0166558
5	0.019078	0.00625089	0.505705	0.237931	0.00726631	0.0124955	0.022672	0.00371868	0.00103512	0.00438576	0.00242964	0.0466471	0.00092246	0.0645358	0.0115311	0.0188249	0.0132786	0.00369842	0.000905403	0.0166879
6	0.04444	0.0141604	0.00216124	0.00518884	0.0344497	0.00757258	0.0152615	0.302007	0.00302626	0.149084	0.0284713	0.0165782	0.00756795	0.03737	0.00581713	0.0282879	0.0695172	0.183798	0.00350883	0.0417319
7	0.0395471	0.0102328	0.000255427	0.000415863	0.0495568	0.00615176	0.00139679	0.280355	0.000811632	0.320019	0.0579844	0.00317709	0.00417606	0.00339331	0.00315974	0.0144452	0.028507	0.16911	0.0019166	0.00538843
8	0.0287681	0.00297201	0.191727	0.269052	0.00504461	0.0101216	0.00830341	0.0389838	0.00202784	0.0516193	0.0104852	0.0996291	0.014271	0.0161417	0.00265944	0.118772	0.0994875	0.0247823	0.00165856	0.00349325
9	0.0261902	0.00500768	0.00974326	0.0196758	0.0116373	0.144472	0.00705792	0.0170069	0.270485	0.0400267	0.0225386	0.055368	0.0053587	0.0922836	0.16791	0.0367082	0.019219	0.019399	0.0199888	0.00992321
10	0.0465395	0.0134668	0.00413954	0.00441302	0.235238	0.0130094	0.00378663	0.11132	0.00338019	0.189264	0.0710291	0.00793524	0.00336768	0.0194177	0.00461979	0.0464537	0.0794507	0.069338	0.0234367	0.0503946
11	0.0447049	0.00991835	0.000871131	0.000967308	0.00562524	0.82003	0.000803033	0.00284616	0.000695632	0.010458	0.00891351	0.00821986	0.00483452	0.00190767	0.0118115	0.0495814	0.00566636	0.0100796	0.000622114	0.00144362
12	0.0169008	0.00933987	0.00102433	0.00207859	0.0174591	0.00683011	0.0182848	0.0426308	0.30492	0.0327055	0.0180338	0.0317943	0.0137273	0.0241323	0.311682	0.0508252	0.0279741	0.00932259	0.0529027	0.00743133
13	0.00658371	0.00301973	0.00132323	0.00378615	0.419583	0.00380331	0.0288096	0.0107144	0.00215251	0.0436698	0.00391804	0.00577511	0.00154952	0.00356602	0.00220428	0.0149096	0.0072334	0.0201524	0.0207944	0.396452
14	0.0333082	0.0135254	0.00827496	0.0113434	0.0206709	0.016773	0.215464	0.0291135	0.0101061	0.0383568	0.0182257	0.0127073	0.00720025	0.355777	0.0520025	0.0341419	0.0300935	0.0295639	0.00712567	0.0562262
15	0.0494056	0.00977359	0.000932578	0.00117748	0.0760267	0.0220983	0.00244263	0.295651	0.0213378	0.175702	0.0398511	0.00707995	0.00104886	0.00801562	0.0139449	0.0097373	0.0402392	0.13072	0.0195636	0.0752524
16	0.0337118	0.0207556	0.00267509	0.0135547	0.0601981	0.0155505	0.025958	0.0965805	0.136115	0.128093	0.0636485	0.00809643	0.00300589	0.0418967	0.205417	0.0226253	0.0256049	0.0318221	0.0305971	0.0340938
17	0.0873108	0.0396313	0.00299635	0.00399543	0.0651306	0.0328275	0.00287513	0.195679	0.00069952	0.165317	0.0409216	0.00836425	0.00462581	0.0211312	0.00239927	0.0779219	0.0829796	0.144239	0.00444718	0.0165075
18	0.0360789	0.010077	0.00243061	0.00258498	0.2061	0.0126782	0.00683794	0.0959892	0.00410226	0.319146	0.0533917	0.00777185	0.00823069	0.00723646	0.00362204	0.0374423	0.0460032	0.0627022	0.0156526	0.0619219
19	0.0768787	0.0327243	0.00128764	0.00117964	0.145931	0.0438182	0.000574838	0.158281	0.000216219	0.238465	0.0384292	0.00307951	0.00247775	0.00340734	0.000474866	0.0543973	0.0467426	0.134321	0.0084306	0.0088826
20	0.0907086	0.00898845	0.000683424	0.000757559	0.135682	0.00658722	0.000869067	0.233103	0.000662126	0.136602	0.105514	0.00134068	0.00129043	0.00186989	0.00499679	0.0187889	0.0413305	0.198292	0.00879514	0.00313783
21	0.240429	0.056259	0.00207875	0.00318479	0.0242511	0.049516	0.00351664	0.0773244	0.00412974	0.0605142	0.0236962	0.0295053	0.0038588	0.00751002	0.00630864	0.177051	0.125777	0.100398	0.000601638	0.00408989
22	0.019078	0.00625089	0.505705	0.237931	0.00726631	0.0124955	0.022672	0.00371868	0.00103512	0.00438576	0.00242964	0.0466471	0.00092246	0.0645358	0.0115311	0.0188249	0.0132786	0.00369842	0.000905403	0.0166879
23	0.259574	0.0351361	0.00141222	0.00395897	0.0071228	0.320285	0.0026843	0.0202052	0.00831869	0.00957417	0.00973938	0.012438	0.00308587	0.00657273	0.00192174	0.223391	0.0430378	0.0288532	0.000639491	0.00204887
24	0.0876467	0.0451374	0.00260119	0.00324098	0.0857685	0.039561	0.000539877	0.18089	0.000282382	0.169772	0.0409018	0.00726659	0.00536412	0.0084586	0.000512481	0.081311	0.0615511	0.154245	0.00591645	0.0190333
25	0.00591045	0.00217989	0.031901	0.818982	0.00409576	0.00303013	0.00164838	0.0130643	0.00171673	0.0134694	0.00371979	0.002809	0.00143596	0.0369531	0.00871798	0.0279705	0.0133315	0.00531348	0.00117375	0.00257657
26	0.0313299	0.00553314	0.000577127	0.000754645	0.0883646	0.00737315	0.0024909	0.309483	0.00720692	0.170868	0.0344083	0.00948269	0.000677235	0.0134656	0.00523486	0.0104855	0.049671	0.174246	0.0112832	0.067065
27	0.0652451	0.00664842	0.00351156	0.00827221	0.0209133	0.0122907	0.00780042	0.145792	0.00389971	0.116881	0.121013	0.0461752	0.00376785	0.0649738	0.00700282	0.0449829	0.157705	0.13235	0.0028629	0.0279112
28	0.0231139	0.00433245	0.000396988	0.000368717	0.0788596	0.00611687	0.00323092	0.186958	0.00136659	0.38599	0.108384	0.0056154	0.000550201	0.00668906	0.00175375	0.00890586	0.0308792	0.106015	0.00724448	0.0332291
29	0.0307014	0.00723976	0.000308745	0.000377054	0.0507303	0.00672	0.00289249	0.21512	0.00138294	0.379543	0.104779	0.00445241	0.00124014	0.00617079	0.0018865	0.0127729	0.0332911	0.117894	0.00506017	0.0174381
30	0.240322	0.031271	0.00355657	0.00363234	0.00739618	0.0870216	0.0038077	0.0199246	0.00485026	0.0138857	0.022921	0.0574101	0.0137716	0.0197513	0.00267474	0.318191	0.111239	0.033989	0.0010686	0.0033152
31	0.0488028	0.0108488	0.000184806	0.000352301	0.0815617	0.00801319	0.00042206	0.30431	0.000424147	0.245409	0.0277597	0.00156786	0.00726244	0.00114291	0.00338391	0.0159569	0.028007	0.207362	0.0021228	0.00510539
32	0.0300859	0.00870074	0.000283958	0.000339413	0.0232782	0.0047465	0.00324007	0.211838	0.00131895	0.418246	0.113828	0.00511792	0.00028385	0.00698427	0.00195986	0.0129535	0.0318782	0.112104	0.00306733	0.00974511
33	0.130584	0.00519548	0.00216176	0.0034524	0.0253336	0.162903	0.0026774	0.0951215	0.00262959	0.108475	0.0543714	0.0438692	0.00281973	0.018585	0.0178895	0.0535644	0.0531971	0.100233	0.0565651	0.0603717
34	0.0840359	0.00462032	0.0102805	0.0151176	0.00267879	0.00246485	0.00926263	0.00772356	0.0102168	0.0128143	0.00235167	0.00250654	0.618283	0.0332003	0.0101514	0.0889384	0.0648623	0.018073	0.000817851	0.00160008
35	0.159779	0.012082	0.00186621	0.0252805	0.0178037	0.0209457	0.00565005	0.110645	0.029042	0.0772889	0.0249336	0.0179213	0.0171092	0.0229531	0.00710362	0.181222	0.160941	0.0948779	0.000663579	0.0118921
36	0.0301252	0.00865231	0.000281648	0.000340193	0.0233266	0.00479517	0.00324467	0.211659	0.00130299	0.418279	0.114079	0.00506572	0.000268157	0.00698287	0.00195447	0.0129271	0.0318688	0.111939	0.00309002	0.00981861
37	0.291618	0.0279013	0.00266845	0.0129757	0.00882055	0.141537	0.010077	0.0366832	0.0203466	0.0167801	0.0159654	0.0156035	0.00275578	0.0167086	0.00357201	0.268821	0.066007	0.0366387	0.00118427	0.00333527
38	0.0512912	0.00847428	0.00107711	0.00165737	0.153256	0.0201858	0.00327494	0.0888725	0.00223562	0.384989	0.0501802	0.0211705	0.00406647	0.00624294	0.0014925	0.0660493	0.0521532	0.0540119	0.0212818	0.00803671
39	0.0308752	0.00811772	0.000270061	0.000362393	0.0271716	0.00505961	0.0034224	0.202296	0.00145352	0.415144	0.118885	0.00496832	0.000269333	0.00778693	0.00179869	0.0141004	0.0331592	0.109975	0.00362846	0.0112559
40	0.277689	0.035091	0.00297125	0.00205806	0.00810206	0.0989188	0.00247618	0.0248554	0.00436313	0.0123411	0.01862	0.0176236	0.00552762	0.00551486	0.00157436	0.302116	0.121406	0.0557818	0.000492861	0.00247686
41	0.0699332	0.0369333	0.00466202	0.00152686	0.0309699	0.0237248	0.00768599	0.0271248	0.00126503	0.0160906	0.0374512	0.0152204	0.000909384	0.0108125	0.00202539	0.414454	0.260041	0.0324457	0.000991194	0.00573316
42	0.0869339	0.0460547	0.00270935	0.00330675	0.0828015	0.0394253	0.000374481	0.184257	0.000188815	0.166072	0.039501	0.00740239	0.00557402	0.0087185	0.000426315	0.0820102	0.0607281	0.157343	0.00604482	0.0201275
43	0.0311253	0.0121628	0.0202818	0.00783547	0.156605	0.0122929	0.00917012	0.171794	0.0115151	0.0682343	0.0302366	0.00998913	0.024857	0.0190421	0.0123048	0.0685834	0.0479222	0.144705	0.0122053	0.129137
44	0.0249185	0.0122707	0.0041856	0.036864	0.260441	0.0123514	0.0146762	0.0444274	0.008888	0.116844	0.0292325	0.0827082	0.00827585	0.0156392	0.00874924	0.0327582	0.0499475	0.036974	0.0395444	0.160304
45	0.07078	0.0192461	0.000402987	0.000550995	0.123076	0.0235455	0.000361414	0.216556	0.000168778	0.239315	0.0370295	0.00148496	0.00313456	0.00137668	0.00158108	0.0293894	0.0420647	0.181731	0.00412193	0.00408329
46	0.0490097	0.00985179	0.00138345	0.00131415	0.00671714	0.787422	0.00113113	0.00642312	0.00111664	0.0161439	0.0117202	0.0111376	0.00490521	0.00295892	0.0117929	0.0489536	0.0081804	0.0148941	0.00174145	0.00320305
47	0.0198838	0.00629966	0.00715889	0.0106698	0.164522	0.00485434	0.00514866	0.171749	0.007026	0.099243	0.133147	0.0131334	0.0040805	0.0204628	0.00660236	0.0359135	0.0312335	0.0814208	0.032582	0.144868
48	0.0784958	0.0284187	0.00204344	0.000616973	0.188159	0.0522748	0.00178691	0.116649	0.000484005	0.267512	0.0539859	0.00351752	0.0019903	0.00191778	0.000721084	0.0442506	0.0431821	0.0970224	0.011475	0.00549643
49	0.0551631	0.0112978	0.000160107	0.000307007	0.0749374	0.00814987	0.00021498	0.293288	0.000182953	0.248141	0.0242802	0.00133536	0.00670178	0.000541521	0.0034541	0.0181993	0.0316699	0.219199	0.00129261	0.00148456
50	0.0453691	0.0144264	0.000865187	0.00108009	0.00677791	0.797833	0.000895606	0.00343048	0.00116425	0.0110024	0.00932405	0.00781225	0.00645751	0.00254043	0.0108262	0.0615513	0.00698373	0.00949081	0.000682991	0.0014865
51	0.299057	0.0361546	0.00418803	0.00167648	0.00561226	0.0789349	0.00252339	0.019687	0.00568939	0.0113458	0.0145588	0.0358439	0.00306467	0.00645433	0.00140942	0.328997	0.0971534	0.0453452	0.000556495	0.00174805
52	0.159347	0.020706	0.00142176	0.00212172	0.00463802	0.546361	0.00125356	0.00788733	0.00303922	0.0093636	0.00627292	0.0248383	0.0107783	0.00573612	0.00560951	0.137689	0.0355913	0.0147315	0.000892494	0.00172195
53	0.0273249	0.00893992	0.00215568	0.0101214	0.186219	0.00807635	0.0207269	0.134576	0.0398836	0.0620129	0.021579	0.0157744	0.0120022	0.0446754	0.0327428	0.043453	0.0175964	0.103365	0.0304844	0.178291
54	0.0214813	0.00400758	0.000455782	0.000562445	0.119677	0.00752997	0.00179247	0.248726	0.00413027	0.244505	0.0573684	0.00943921	0.000576476	0.00826328	0.00401882	0.00754258	0.0365064	0.151439	0.0115856	0.0603932
55	0.327707	0.0391303	0.00206844	0.0028486	0.00614697	0.142672	0.00261643	0.0193782	0.00656767	0.00920254	0.0152254	0.0138747	0.00103777	0.00431869	0.00115942	0.28217	0.0748143	0.0472066	0.000397045	0.00145822
56	0.0193437	0.0060458	0.489058	0.219841	0.00727289	0.0134706	0.0205252	0.00723492	0.00172202	0.00841075	0.0037502	0.0539315	0.00201193	0.0568404	0.0108095	0.0317219	0.0251013	0.00625202	0.00126865	0.015388
57	0.0253222	0.00819953	0.00135804	0.00281159	0.0154999	0.00588444	0.0302969	0.0565809	0.266422	0.0328343	0.0237667	0.0334678	0.00885976	0.0258393	0.316205	0.0475287	0.0346447	0.0142738	0.0383671	0.0118371
58	0.0194493	0.0322584	0.00176925	0.0121025	0.19065	0.00994008	0.0320014	0.110021	0.0299068	0.0534698	0.0214485	0.0107285	0.00713063	0.0171521	0.0215949	0.0236767	0.0308008	0.0703939	0.0345786	0.270927
59	0.0447126	0.00999527	0.000862097	0.000967675	0.00562832	0.819676	0.000802455	0.00285165	0.000695632	0.010426	0.00891712	0.00824961	0.00486754	0.00190772	0.0117891	0.0497856	0.00573887	0.0100652	0.00061786	0.00144379
60	0.0148504	0.00472676	0.00103539	0.0121167	0.00599393	0.00885401	0.0138332	0.00402556	0.0377621	0.00792456	0.00281324	0.00164466	0.00643154	0.0310561	0.813832	0.0165883	0.0037367	0.00691885	0.000884911	0.00497051
61	0.0201044	0.00537246	0.00530855	0.007751	0.0112729	0.0201347	0.00953575	0.0231552	0.388582	0.044375	0.0118328	0.0204743	0.00676684	0.0600827	0.261361	0.0359233	0.0187887	0.00780238	0.0336458	0.00773075
62	0.0687827	0.0381954	0.00473122	0.00158326	0.0320699	0.0238349	0.00807892	0.0281489	0.00127847	0.0164933	0.0370541	0.0152499	0.00100176	0.0113512	0.00205064	0.407545	0.263063	0.03269	0.000978718	0.00581884
63	0.313104	0.0410047	0.00259515	0.00147894	0.0066286	0.0711109	0.00257939	0.0266469	0.00404056	0.0127494	0.0167947	0.0180287	0.000877323	0.00426222	0.00134858	0.330009	0.0894514	0.0551352	0.000420068	0.0017338
64	0.0519805	0.00765248	0.00418029	0.00147707	0.333939	0.00803233	0.00503149	0.0847623	0.00271169	0.212872	0.051435	0.00284149	0.00213125	0.00552905	0.00463177	0.0251184	0.043204	0.0469456	0.0261452	0.079379
65	0.307516	0.0438785	0.0026201	0.0013336	0.00664574	0.0698984	0.00233514	0.0263647	0.00388241	0.0110155	0.0175297	0.0187622	0.00078081	0.00426661	0.00127973	0.331764	0.0919061	0.0562403	0.000394721	0.00158616
66	0.024399	0.00507886	0.0438114	0.0786424	0.026021	0.0494402	0.00838879	0.0343647	0.0473828	0.0369027	0.0121744	0.0636447	0.195657	0.126272	0.0167059	0.0454802	0.15234	0.0247605	0.00277984	0.00575458
67	0.029094	0.00184473	0.0983915	0.0229478	0.00324474	0.0942989	0.0285198	0.0265078	0.0283817	0.00461942	0.00860962	0.153864	0.0192511	0.0134126	0.0166376	0.204078	0.169252	0.0529202	0.0111719	0.0129526
68	0.024447	0.00525941	0.000323722	0.000350941	0.0587923	0.00734295	0.00341308	0.179512	0.00126506	0.417363	0.12204	0.00473396	0.000449829	0.00658657	0.00117959	0.0107408	0.0323698	0.0936015	0.00648198	0.0237464
69	0.0311841	0.00838565	0.000275184	0.000325571	0.0299171	0.00590035	0.00287624	0.208699	0.00135038	0.411904	0.111461	0.00442359	0.000651288	0.00615829	0.00180036	0.0132545	0.0326655	0.113667	0.00357174	0.0115294
70	0.0652231	0.0164592	0.000309072	0.00036661	0.156582	0.020963	0.000326729	0.221824	0.000244298	0.215356	0.0381509	0.000925897	0.00267601	0.000857677	0.00215565	0.0227905	0.0404329	0.183828	0.00464901	0.00587865
71	0.0587838	0.0126072	0.000739443	0.000931995	0.134513	0.0272262	0.00181336	0.119728	0.000813351	0.369391	0.0560831	0.00961693	0.0022804	0.00581226	0.000818051	0.0514214	0.0494906	0.0737599	0.0157189	0.00845071
72	0.0148504	0.00472676	0.00103539	0.0121167	0.00599393	0.00885401	0.0138332	0.00402556	0.0377621	0.00792456	0.00281324	0.00164466	0.00643154	0.0310561	0.813832	0.0165883	0.0037367	0.00691885	0.000884911	0.00497051
73	0.14706	0.10673	0.0171217	0.00206526	0.22823	0.0932285	0.00209488	0.0252825	0.00203518	0.105264	0.0567732	0.00276352	0.00172796	0.00382806	0.00268183	0.0818738	0.0692451	0.0321625	0.012941	0.00689034
74	0.0545799	0.0179692	0.000344136	0.000495283	0.172851	0.0354555	0.00168945	0.13903	0.000531619	0.328544	0.0567074	0.004305	0.00166046	0.00255636	0.000491848	0.0358704	0.0384513	0.0902307	0.0089467	0.00928954
75	0.0561152	0.0249723	0.00272329	0.0111298	0.191457	0.0132869	0.00486472	0.0854672	0.00596721	0.211258	0.072271	0.00706255	0.00394996	0.0266401	0.0044075	0.0418341	0.0700562	0.0899155	0.00712015	0.0695013
76	0.0451055	0.0098519	0.000874207	0.000969212	0.00557416	0.819017	0.000802164	0.0028637	0.000698895	0.0104656	0.00897146	0.00836631	0.00481218	0.00191777	0.0117967	0.0498521	0.00583084	0.0101463	0.000628432	0.00145517
77	0.0673034	0.0202555	0.000424521	0.000476338	0.181778	0.0300382	0.00063179	0.181038	0.000304064	0.221986	0.0450279	0.0016801	0.00142861	0.0013812	0.0015386	0.0302162	0.0442026	0.155131	0.00697907	0.00817851
78	0.169632	0.0513867	0.00299218	0.00410901	0.0354984	0.0634711	0.00468036	0.111889	0.00500919	0.0947421	0.0251103	0.0173215	0.00520927	0.00977863	0.00762318	0.156182	0.125343	0.101325	0.00118276	0.00751441
79	0.037618	0.00702137	0.000383171	0.000402983	0.131432	0.00722201	0.000838318	0.248609	0.00155159	0.233151	0.044636	0.00432547	0.00289997	0.00336994	0.0036615	0.0101785	0.0314584	0.196279	0.00469465	0.0302672
80	0.0606151	0.0112089	0.00076844	0.00100111	0.00514445	0.783102	0.000873373	0.00330143	0.00111824	0.00932559	0.00771876	0.00946948	0.0049363	0.00239872	0.0113244	0.0683738	0.00827339	0.00888167	0.000743035	0.00142199
81	0.138746	0.0558723	0.00303869	0.00229451	0.0607841	0.0537903	0.00271668	0.144747	0.000618995	0.131846	0.0345683	0.0106393	0.00363023	0.00851671	0.00290392	0.114369	0.097535	0.117989	0.0035088	0.0118842
82	0.15712	0.0128584	0.00185773	0.0185952	0.020456	0.0260003	0.00701202	0.0797403	0.0283092	0.0690585	0.0251917	0.0272109	0.0149978	0.0221935	0.00696998	0.203228	0.171996	0.0950129	0.000601797	0.0115901
83	0.158479	0.0323268	0.00213037	0.00869416	0.0258641	0.0390507	0.00792783	0.117651	0.0121639	0.0997013	0.0236019	0.0195556	0.0136914	0.0131627	0.00560401	0.177895	0.135433	0.0893238	0.00096268	0.0167807
84	0.0836634	0.00537889	0.0108352	0.0159862	0.00414489	0.00404746	0.0085977	0.01047	0.0116078	0.0173459	0.00310537	0.00428286	0.60168	0.0367146	0.0122755	0.0829218	0.0618759	0.0223939	0.000967894	0.00170418
85	0.0874706	0.0461506	0.00265189	0.00338851	0.0808964	0.0389074	0.000517414	0.184793	0.000194339	0.164376	0.039604	0.00780556	0.00581143	0.00913303	0.000481673	0.0831728	0.0618287	0.156496	0.00568242	0.0206384
86	0.128327	0.0152287	0.0156695	0.00493027	0.0125163	0.0256862	0.00399506	0.14227	0.00581163	0.0750003	0.0204352	0.0079156	0.00591494	0.00859159	0.00467713	0.168321	0.216381	0.130823	0.00119429	0.0063104
87	0.0198296	0.00380571	0.00111322	0.00054647	0.0978556	0.00601414	0.00500649	0.173196	0.00160301	0.378894	0.105176	0.00627675	0.00140863	0.00716635	0.00242561	0.00974743	0.0309374	0.0916035	0.0110609	0.046333
88	0.039451	0.0270898	0.00363754	0.00327057	0.208311	0.00423406	0.00579681	0.0951182	0.0108506	0.242618	0.103015	0.00399175	0.00323501	0.0108335	0.0079528	0.0402703	0.0446932	0.037894	0.00937798	0.0983591
89	0.185544	0.0366574	0.00316308	0.0034141	0.0185832	0.0293329	0.00355766	0.0535247	0.00506976	0.0453643	0.0404935	0.0157025	0.00452407	0.0118946	0.00301258	0.285893	0.179553	0.069441	0.000606588	0.00466841
90	0.0059257	0.00221607	0.031323	0.820115	0.00411714	0.00295473	0.00170701	0.0130375	0.0018254	0.0132454	0.00357684	0.00259833	0.00141107	0.0371934	0.00905395	0.0277426	0.0129137	0.00530714	0.00113231	0.00260336
91	0.0279259	0.00509366	0.000993828	0.00123599	0.106958	0.00665168	0.00271787	0.279387	0.00605835	0.181777	0.0429844	0.0109574	0.000859556	0.0122901	0.00455447	0.0113915	0.047072	0.157362	0.014707	0.0790215
92	0.0859166	0.0103957	0.0164801	0.00409191	0.0232742	0.0162659	0.00475329	0.190138	0.00177544	0.100025	0.026144	0.00688357	0.00500865	0.0129826	0.00584451	0.133188	0.19244	0.15365	0.00201223	0.00873026
93	0.0711665	0.00506111	0.0153928	0.0482962	0.0058488	0.0095275	0.00855126	0.0108904	0.0258222	0.0181782	0.00377373	0.01505	0.539899	0.0431921	0.0133298	0.0681538	0.0710112	0.0235718	0.000992598	0.0022908
94	0.164685	0.0148085	0.00174279	0.0196119	0.0161695	0.0246369	0.00541553	0.0810683	0.0334364	0.0725075	0.0253074	0.0207108	0.0190303	0.0222355	0.00945311	0.196135	0.168811	0.093501	0.000535765	0.0101985
95	0.0862961	0.0456597	0.00271208	0.00324909	0.0846549	0.0402371	0.000335187	0.182927	0.00018492	0.16857	0.0394513	0.00705709	0.00537931	0.00841033	0.000432732	0.0808841	0.059882	0.157977	0.00626719	0.0194329
96	0.141682	0.0515901	0.00756341	0.00225373	0.232082	0.053595	0.00253256	0.052341	0.00186652	0.13879	0.0717363	0.00454076	0.0020992	0.00514013	0.00339903	0.0687915	0.0619164	0.0504753	0.0343372	0.0132687
97	0.0247488	0.022706	0.00313342	0.00892095	0.211655	0.00725175	0.0217654	0.115847	0.0240695	0.0702912	0.0261946	0.00938435	0.00770797	0.0195546	0.019496	0.0300207	0.0258029	0.0829607	0.0348177	0.233671
98	0.16603	0.0151883	0.00302005	0.0126352	0.0186691	0.0211417	0.00463228	0.0876859	0.0182716	0.0743408	0.0333489	0.0166152	0.0170701	0.0160052	0.00615459	0.209476	0.169161	0.101814	0.000758336	0.00798165
99	0.0573789	0.0115326	0.000162641	0.000297628	0.0766323	0.00845286	0.000201692	0.283599	0.000175728	0.25079	0.0254674	0.00121206	0.00658144	0.000570374	0.00309544	0.0179661	0.0321524	0.220859	0.00135323	0.00152009
100	0.0447049	0.00991835	0.000871131	0.000967308	0.00562524	0.82003	0.000803033	0.00284616	0.000695632	0.010458	0.00891351	0.00821986	0.00483452	0.00190767	0.0118115	0.0495814	0.00566636	0.0100796	0.000622114	0.00144362
101	0.136603	0.00711428	0.00203159	0.0310624	0.00985788	0.0298658	0.00356171	0.0424762	0.0867929	0.0623845	0.0373935	0.0178235	0.00792365	0.0334486	0.0557688	0.180728	0.171257	0.0733797	0.00115002	0.00937668
102	0.0832682	0.0421841	0.00238796	0.00298003	0.0809342	0.0349147	0.00118699	0.191128	0.000230177	0.173269	0.0469617	0.00777361	0.00485569	0.00868246	0.00105049	0.0736204	0.0595969	0.162206	0.00522313	0.017546
103	0.0249939	0.00463829	0.00475911	0.0014931	0.261287	0.00212872	0.00949882	0.103889	0.00368233	0.238788	0.0462322	0.00231635	0.00414891	0.00612826	0.00807751	0.0173495	0.0346545	0.0504888	0.0342445	0.141201
104	0.0981254	0.0424894	0.00248948	0.0122946	0.071239	0.0436535	0.00187723	0.167963	0.00121065	0.148419	0.0426555	0.00904095	0.00537629	0.0151619	0.00254786	0.0795414	0.0753306	0.156374	0.0047774	0.0194331
105	0.087598	0.0460957	0.00263982	0.00339022	0.0806417	0.0388621	0.000534248	0.185076	0.000205582	0.164302	0.0396398	0.0078787	0.00581529	0.00920592	0.000524823	0.0830214	0.0617665	0.156505	0.00567086	0.020626
106	0.0728253	0.0280527	0.000771783	0.000894184	0.160152	0.042259	0.000886231	0.147163	0.000341133	0.271698	0.0398619	0.00310247	0.00207313	0.00269865	0.000400646	0.0493875	0.0443589	0.116845	0.00921964	0.00700886
107	0.0292124	0.00654242	0.000254271	0.00031997	0.0337584	0.00607084	0.00313525	0.18919	0.00147734	0.428766	0.121749	0.00426656	0.000274374	0.00672752	0.0013779	0.0132377	0.0340379	0.0990479	0.00524159	0.0153124
108	0.237843	0.0418572	0.00113793	0.00378267	0.00927724	0.41412	0.00196992	0.0174052	0.00489393	0.0125038	0.00831182	0.0100441	0.00430007	0.00924614	0.00286917	0.155921	0.034948	0.0271326	0.000703302	0.00173351
109	0.0234781	0.00598255	0.0136757	0.0167156	0.142751	0.00526969	0.00259179	0.160165	0.00263589	0.0743252	0.191638	0.0101602	0.00310911	0.0139063	0.00349553	0.0484981	0.0234731	0.0661813	0.0451694	0.146779
110	0.0694915	0.0142729	0.000190438	0.000302359	0.114828	0.0157603	0.000268068	0.242242	0.000187285	0.235153	0.0364846	0.00103088	0.00370595	0.000591952	0.00226254	0.0206387	0.0389485	0.198241	0.00306018	0.00233982
111	0.0318838	0.00816837	0.00047799	0.000599512	0.1067	0.00761449	0.00129754	0.3137	0.00482056	0.180362	0.032699	0.00620606	0.00215859	0.00799082	0.00445189	0.00982673	0.0409581	0.181876	0.00807579	0.0501325
112	0.0279191	0.00666568	0.000281702	0.000322563	0.0347203	0.00613189	0.0035643	0.189829	0.00143739	0.426306	0.124111	0.00457608	0.000328306	0.00670644	0.00142367	0.0123332	0.0333574	0.0992443	0.0047571	0.015985
113	0.0217254	0.00277606	0.15475	0.226407	0.00713952	0.0195035	0.0129605	0.0379328	0.0167361	0.0566881	0.0151737	0.0902191	0.0658487	0.0430261	0.00921515	0.0946106	0.0933545	0.0274641	0.00137741	0.00309113
114	0.0288927	0.00171987	0.0978944	0.021876	0.00310144	0.094585	0.0282936	0.0263946	0.029397	0.00461996	0.00817818	0.148204	0.0199535	0.0137988	0.0182392	0.201272	0.174259	0.0536068	0.0118886	0.0138249
115	0.0247997	0.00484427	0.00509675	0.0017394	0.273875	0.00184827	0.0110082	0.10002	0.00421855	0.222284	0.0395116	0.00141146	0.00440526	0.00582216	0.00917022	0.0159466	0.0317079	0.0462657	0.0390736	0.156952
116	0.0289956	0.00185635	0.098196	0.0226776	0.00316333	0.094739	0.0281026	0.0264154	0.028869	0.00457745	0.0084632	0.152938	0.0196099	0.0136123	0.0169567	0.203562	0.170111	0.0527573	0.0112426	0.0131553
117	0.0148504	0.00472676	0.00103539	0.0121167	0.00599393	0.00885401	0.0138332	0.00402556	0.0377621	0.00792456	0.00281324	0.00164466	0.00643154	0.0310561	0.813832	0.0165883	0.0037367	0.00691885	0.000884911	0.00497051
118	0.144514	0.0046465	0.00255469	0.00338828	0.0170573	0.162261	0.00281915	0.0788005	0.00268965	0.133881	0.0420002	0.0382732	0.00273306	0.0139965	0.0124311	0.0429285	0.0541381	0.0903522	0.0674835	0.0830513
119	0.0253968	0.00499579	0.000564536	0.000558831	0.072701	0.00684196	0.00347592	0.174116	0.00134235	0.398744	0.118322	0.00503058	0.000733883	0.00775041	0.00143828	0.0119988	0.0335298	0.0951501	0.0087428	0.0285657
120	0.0447094	0.0100039	0.000349133	0.00048611	0.0442603	0.0061401	0.00205579	0.23861	0.000754958	0.332016	0.0723556	0.00369178	0.00305239	0.00500253	0.00264603	0.0179243	0.0349993	0.172889	0.00216988	0.00588396
121	0.234579	0.0179472	0.00209384	0.00279595	0.048678	0.114539	0.00233236	0.126706	0.00247315	0.0946863	0.0325792	0.00518588	0.00219715	0.0174097	0.0573578	0.0346437	0.0254304	0.169575	0.0035271	0.00526238
122	0.0689709	0.0225443	0.000353376	0.000419238	0.177864	0.0320708	0.000734538	0.164505	0.000379332	0.254667	0.0411247	0.0018243	0.00151479	0.00138592	0.00116816	0.0331723	0.0408559	0.140475	0.00940758	0.00656338
123	0.148174	0.0910016	0.00280869	0.0135807	0.0183387	0.0780868	0.00426083	0.0426223	0.00296006	0.0337439	0.0164111	0.107665	0.00770955	0.0387533	0.00350211	0.225136	0.135163	0.0218931	0.00140636	0.00678347
124	0.305636	0.0448542	0.00257929	0.00128	0.00709195	0.0686228	0.00229398	0.0272751	0.00381834	0.0115842	0.0175448	0.0190857	0.00087167	0.00427906	0.00131718	0.329172	0.0933605	0.0573544	0.000395963	0.00158308
125	0.0575452	0.0116004	0.000160603	0.000295239	0.0771226	0.00862185	0.000199045	0.283463	0.000170585	0.250483	0.0254337	0.00120128	0.00657769	0.00055457	0.00308909	0.0179743	0.0323448	0.220251	0.00138281	0.00153003
126	0.0837957	0.00461228	0.0102718	0.015207	0.00280847	0.00272772	0.00920561	0.00789506	0.0102932	0.0128127	0.00238598	0.00261524	0.616767	0.0340408	0.0101345	0.0885134	0.0654005	0.0181051	0.000805696	0.0016024
127	0.101122	0.11799	0.0275719	0.00314474	0.0718648	0.1004	0.00316951	0.059379	0.00216543	0.147055	0.0453253	0.0061594	0.00294774	0.00677248	0.00296135	0.116233	0.0806894	0.080882	0.0039343	0.0202319
128	0.0630227	0.019492	0.0003488	0.000459943	0.183649	0.0383849	0.00123205	0.136602	0.000426611	0.31752	0.0434233	0.00341705	0.00165	0.0018206	0.000429266	0.0412021	0.0404205	0.0927232	0.00891081	0.00486577
129	0.0514331	0.0122865	0.000174864	0.000350696	0.0920818	0.0102658	0.000275379	0.313405	0.000183789	0.23596	0.0241966	0.000906345	0.00881058	0.00058607	0.00261902	0.0149094	0.021975	0.205383	0.00159839	0.00259888
130	0.130137	0.0556765	0.00283518	0.00313257	0.0573017	0.046555	0.00244317	0.15294	0.00123156	0.13237	0.0343285	0.0117465	0.0049252	0.011186	0.00246813	0.113717	0.0904524	0.1275	0.00353538	0.0155199
131	0.0682067	0.0245608	0.000572095	0.000605142	0.171261	0.0417511	0.00111382	0.13871	0.000364876	0.293031	0.0427104	0.00328624	0.00180452	0.00213459	0.000467905	0.0469234	0.042435	0.104499	0.00974617	0.00581577
132	0.0514451	0.0124691	0.000179494	0.000366105	0.0928591	0.010286	0.000274261	0.312567	0.000186612	0.235301	0.0245605	0.000888012	0.00890916	0.000620694	0.00252551	0.014731	0.021983	0.205424	0.00168241	0.00274191
133	0.0246158	0.00490857	0.00531442	0.00195156	0.271975	0.00208305	0.0117478	0.101171	0.00521848	0.212643	0.0376588	0.00166107	0.0045618	0.00728257	0.0104165	0.0163157	0.0317139	0.0482852	0.0418407	0.158635
134	0.0485919	0.0112039	0.000177042	0.000386775	0.0631133	0.00706204	0.000612025	0.289407	0.000338351	0.281704	0.0360649	0.00188759	0.00571453	0.00142875	0.0036706	0.016105	0.0296132	0.199015	0.00145054	0.00245276
135	0.0247443	0.00392564	0.0688793	0.072478	0.0180784	0.0239425	0.0278363	0.0239015	0.0913601	0.113646	0.0298602	0.052304	0.100045	0.102033	0.063824	0.0604253	0.055246	0.0514158	0.00637554	0.00967868
136	0.00584658	0.00220628	0.031385	0.820828	0.00413294	0.00295309	0.00160537	0.0130008	0.0017164	0.0132817	0.00365829	0.00239482	0.00141408	0.0370598	0.00882648	0.0277841	0.0128665	0.00526324	0.00117866	0.00259777
137	0.0714371	0.0331383	0.00443642	0.00263945	0.0339421	0.0241616	0.00794374	0.026198	0.00215135	0.0179915	0.033372	0.0157397	0.00179863	0.0109605	0.00264905	0.434062	0.237962	0.0315029	0.00153526	0.00637795
138	0.0756639	0.0126192	0.00755058	0.0113344	0.0128727	0.0065697	0.00598232	0.0343059	0.00835394	0.0338209	0.00321827	0.00294968	0.588098	0.0263024	0.00835414	0.0668841	0.051542	0.0403429	0.00109495	0.00213966
139	0.0182999	0.0102222	0.00156547	0.00973347	0.0160777	0.00824532	0.0264472	0.0222523	0.0863665	0.0240092	0.0113211	0.0080675	0.00638052	0.0258344	0.640065	0.0315696	0.0137032	0.0155095	0.00998575	0.0143445
140	0.00648009	0.00276152	0.00135221	0.00366777	0.421194	0.00370412	0.0285348	0.0102033	0.00197073	0.0431201	0.00389602	0.00567339	0.00153438	0.00355781	0.00214285	0.0149484	0.00698668	0.0197398	0.0205898	0.397942
141	0.0294363	0.0210787	0.0516101	0.0205752	0.0244209	0.00683571	0.0726837	0.0118103	0.00275408	0.41564	0.00810315	0.0394764	0.0031831	0.0887963	0.00436	0.0280187	0.0122544	0.0125006	0.00221022	0.144252
142	0.0332986	0.00987043	0.000316253	0.000455205	0.0270268	0.00506305	0.00411202	0.207238	0.00136428	0.397619	0.117546	0.00593269	0.000336683	0.00861307	0.00236119	0.0159003	0.0332347	0.11624	0.00319011	0.0102811
143	0.0167746	0.00710974	0.00254468	0.0359996	0.0090169	0.0274083	0.00393514	0.234297	0.00232399	0.103206	0.00823332	0.0207238	0.0070703	0.011995	0.00376454	0.0257267	0.113234	0.358275	0.00234949	0.006012
144	0.0299908	0.00883821	0.000315877	0.00037101	0.0234714	0.00485012	0.00319221	0.212214	0.00131597	0.418409	0.113725	0.00506642	0.000301735	0.00697416	0.00197471	0.0128669	0.0316994	0.111402	0.00312555	0.00989477
145	0.0388007	0.00255804	0.0514511	0.264196	0.00605395	0.00643393	0.0331124	0.0176783	0.0864287	0.0214423	0.00664281	0.102098	0.00261741	0.162673	0.120282	0.0106515	0.0401983	0.0184187	0.00327273	0.00499129
146	0.0205807	0.00272474	0.0537001	0.0816033	0.0194948	0.0184981	0.0149761	0.00754348	0.183089	0.038048	0.0278347	0.036464	0.00350432	0.120524	0.183117	0.0573043	0.0384086	0.0107424	0.0405573	0.0412844
147	0.0617406	0.00399119	0.00190767	0.00323986	0.00809545	0.0303136	0.00241183	0.407446	0.00286727	0.0255248	0.150264	0.00425555	0.002207	0.0166557	0.0032956	0.010095	0.0341553	0.224795	0.00225479	0.00448276
148	0.214325	0.0918885	0.00261659	0.00600949	0.0298327	0.0774083	0.00403045	0.073161	0.00199229	0.0513261	0.0161343	0.0457187	0.00341283	0.0203587	0.00449701	0.196396	0.10549	0.0497794	0.00102139	0.00460199
149	0.0571261	0.00594631	0.00680162	0.00647338	0.0302308	0.00766715	0.0149727	0.290036	0.00277298	0.116176	0.0234209	0.0105166	0.0132737	0.0237224	0.0169549	0.083698	0.151699	0.125702	0.00181976	0.010989
150	0.0453136	0.0202782	0.00428739	0.00121371	0.0128296	0.00947387	0.00333793	0.0303933	0.00136647	0.031988	0.0294631	0.0321993	0.0011294	0.00588167	0.00163371	0.341032	0.395212	0.026383	0.00108133	0.00550249
151	0.0476767	0.0114798	0.000211883	0.000520132	0.0739855	0.00733527	0.000368923	0.326328	0.000233292	0.231254	0.0221219	0.00103392	0.0108227	0.00115118	0.00385319	0.0176543	0.0266572	0.211788	0.00351914	0.00200438
152	0.0209885	0.0205227	0.00433441	0.00764156	0.102342	0.0096125	0.0227489	0.0939116	0.0625096	0.263754	0.0793712	0.0102298	0.00826445	0.0489363	0.105379	0.0224746	0.0201009	0.039431	0.0147698	0.0426782
153	0.0301606	0.00863694	0.000270335	0.000332633	0.0242056	0.0049028	0.00320556	0.208616	0.00135639	0.419285	0.11508	0.00517858	0.000268847	0.00705167	0.00187713	0.013023	0.0322308	0.110911	0.00324945	0.0101576
154	0.0666977	0.0351291	0.00429057	0.00508828	0.0970679	0.0278207	0.00310738	0.170818	0.00330134	0.126988	0.070895	0.00824215	0.00482966	0.0109466	0.00359664	0.0722849	0.0528673	0.125072	0.044681	0.0662752
155	0.0866555	0.046059	0.00264113	0.00347634	0.0814191	0.0386507	0.000577227	0.184854	0.000196198	0.164691	0.0397946	0.00784868	0.00585963	0.00906883	0.00049099	0.0828558	0.0619629	0.156148	0.00579771	0.0209528
156	0.218574	0.0630471	0.00950186	0.00242126	0.0220254	0.0772081	0.0152235	0.0376029	0.00290222	0.0207002	0.0406589	0.0459709	0.00203028	0.00840648	0.00915103	0.265191	0.0931807	0.0546592	0.000976235	0.0105681
157	0.0600887	0.0196358	0.00924063	0.00410919	0.282833	0.0182546	0.00386956	0.0828139	0.00383262	0.181215	0.0691503	0.00407321	0.00258644	0.00818512	0.00456688	0.0466655	0.0487133	0.0531991	0.0181271	0.0788399
158	0.170287	0.0638049	0.00283194	0.00254618	0.0204834	0.0584225	0.00784108	0.133717	0.00191287	0.106886	0.0346788	0.0102422	0.00302744	0.023243	0.00417268	0.121629	0.138356	0.0889797	0.00110183	0.00583552
159	0.0506562	0.0077704	0.00530698	0.0861715	0.135768	0.0159637	0.00604445	0.0400515	0.0070792	0.133797	0.0782396	0.053271	0.0302364	0.0441178	0.00745519	0.0842958	0.0366499	0.0638963	0.00825033	0.104979
160	0.046729	0.0250851	0.00387749	0.0032815	0.249285	0.00487116	0.005189	0.0865378	0.00794972	0.208205	0.0923927	0.00256061	0.00186265	0.00903553	0.00724706	0.0436422	0.047336	0.0383726	0.0131391	0.103401
161	0.195384	0.0247225	0.00186227	0.00219734	0.00475244	0.280209	0.00179756	0.00746514	0.00279355	0.0135884	0.0068847	0.029213	0.0872766	0.0100175	0.003484	0.199282	0.0895062	0.0354981	0.00124066	0.00282449
162	0.0390595	0.00907487	0.00215642	0.0028694	0.0280917	0.0057879	0.0140999	0.300803	0.0018343	0.186359	0.0518322	0.0209559	0.00413233	0.0333156	0.00638914	0.0359059	0.067046	0.166273	0.0016232	0.0223909
163	0.0465076	0.00827875	0.00200729	0.00290964	0.060382	0.0085266	0.00754926	0.29671	0.00435447	0.137797	0.0298544	0.0170352	0.0026069	0.0237443	0.00531257	0.0296054	0.0794731	0.172388	0.00661238	0.0583449
164	0.0189238	0.00363428	0.000895324	0.000731796	0.122271	0.00613732	0.00362814	0.206959	0.00327806	0.296662	0.0741672	0.0120778	0.00178449	0.00822247	0.00399112	0.00920918	0.0337799	0.12414	0.0107698	0.0587372
165	0.0416735	0.00904739	0.000431048	0.000501033	0.0719184	0.0166598	0.00260802	0.161995	0.0012352	0.404251	0.09816	0.00538394	0.00121728	0.00573351	0.00111432	0.0275263	0.0416959	0.0867224	0.00881387	0.013312
166	0.0881953	0.00784739	0.0210846	0.00693536	0.0109434	0.0289811	0.00400412	0.0851017	0.0241737	0.147461	0.108709	0.0084925	0.00469901	0.0270665	0.00686345	0.216409	0.112035	0.0440558	0.00298455	0.0439574
167	0.0840359	0.00462032	0.0102805	0.0151176	0.00267879	0.00246485	0.00926263	0.00772356	0.0102168	0.0128143	0.00235167	0.00250654	0.618283	0.0332003	0.0101514	0.0889384	0.0648623	0.018073	0.000817851	0.00160008
168	0.0459673	0.00432222	0.0745829	0.0747399	0.102438	0.0272439	0.00633839	0.0692195	0.0807217	0.100316	0.0290481	0.0166466	0.0115361	0.135534	0.0272408	0.0669941	0.0355632	0.0830606	0.00248297	0.00600336
169	0.0230958	0.00389623	0.000408238	0.000378735	0.0808314	0.00676736	0.00321107	0.185417	0.00149449	0.382795	0.104452	0.00589629	0.000623748	0.00695217	0.00174743	0.0099678	0.0340644	0.102667	0.00906968	0.0362639
170	0.0167185	0.00948904	0.00427149	0.00551883	0.175398	0.00402675	0.0176718	0.0524012	0.0150879	0.391439	0.0592904	0.0347834	0.0239121	0.0226562	0.00957078	0.0406099	0.0385807	0.0371118	0.00475539	0.0367072
171	0.0293386	0.00697272	0.000379889	0.000364953	0.0318832	0.00572866	0.00332912	0.191567	0.00216628	0.41663	0.127666	0.00459248	0.000335564	0.007929	0.0016249	0.014406	0.0340378	0.100691	0.00463444	0.0157226
172	0.0269538	0.00620059	0.000539494	0.000595332	0.106218	0.0101177	0.00363866	0.15967	0.0016018	0.392372	0.100798	0.00563676	0.00152515	0.00747634	0.00159011	0.0148928	0.0340974	0.0877972	0.00800491	0.0302736
173	0.035017	0.00623124	0.00062302	0.000803437	0.0862857	0.00824755	0.00240232	0.302615	0.00695583	0.172274	0.0331443	0.0093058	0.000763706	0.0137014	0.00503106	0.0124331	0.0515089	0.170948	0.012167	0.0695413
174	0.127598	0.0168424	0.00458216	0.00520232	0.013297	0.0130491	0.00331737	0.0545239	0.00742152	0.064847	0.0399391	0.0216966	0.00652363	0.0103027	0.00305543	0.291297	0.247415	0.0611733	0.000757817	0.00715821
175	0.11664	0.0532222	0.0110091	0.00179461	0.0389823	0.0343128	0.00678691	0.0382152	0.00155966	0.0206778	0.036533	0.02383	0.00125543	0.00807761	0.00343358	0.335165	0.20046	0.0565204	0.000931201	0.010593
176	0.0629771	0.0194323	0.000350466	0.000461857	0.183898	0.0381634	0.00123093	0.136716	0.000426425	0.318077	0.0433014	0.00343128	0.00166057	0.00181967	0.000443222	0.0414508	0.0402876	0.0921129	0.00887442	0.00488404
177	0.237005	0.0472244	0.00207857	0.00461555	0.0267866	0.261762	0.00293113	0.0685158	0.00304662	0.0413616	0.011331	0.00568563	0.00157683	0.00585719	0.00353724	0.152271	0.0500444	0.0701701	0.00110839	0.00309055
178	0.00642687	0.00234048	0.0472206	0.799049	0.00422511	0.00342539	0.00246587	0.0121945	0.00166465	0.0126529	0.00364329	0.00470346	0.00146082	0.0379773	0.00935537	0.0284807	0.0128151	0.00537539	0.00115277	0.00337063
179	0.0502094	0.0122116	0.000180568	0.000364327	0.0899543	0.00989125	0.000293393	0.317881	0.00019497	0.236182	0.0235035	0.000972432	0.0087852	0.000592918	0.00280558	0.0150169	0.0219445	0.2049	0.00156289	0.00255258
180	0.0599894	0.0260353	0.00144716	0.00175349	0.0817895	0.0241001	0.00120742	0.171025	0.000881385	0.18152	0.0229452	0.00338283	0.198499	0.00475183	0.00211614	0.0376802	0.0320753	0.138114	0.00390559	0.00678238
181	0.268296	0.0497491	0.00157391	0.00416611	0.0310919	0.225089	0.0025708	0.0535376	0.00259989	0.0392516	0.0129893	0.00962609	0.00155635	0.00584372	0.00380465	0.147636	0.0602815	0.0768223	0.0011103	0.00240498
182	0.0791785	0.0363564	0.00264123	0.00358751	0.0657013	0.0338567	0.00420469	0.206933	0.000522101	0.155216	0.0416115	0.0147999	0.00652157	0.0142004	0.00236018	0.077338	0.0650124	0.16168	0.00455823	0.0237204
183	0.0515777	0.0123505	0.000178327	0.000347981	0.0927998	0.0103166	0.00027619	0.312293	0.00017466	0.236178	0.0243548	0.000903577	0.00881716	0.000587042	0.00259355	0.0149529	0.0220863	0.204967	0.00162168	0.00262282
184	0.0571279	0.0114759	0.000168286	0.000350811	0.0751327	0.0082694	0.000224657	0.282017	0.000205833	0.252959	0.0250283	0.00122648	0.00654894	0.000618435	0.00308253	0.0181689	0.0313289	0.223257	0.00129773	0.00151178
185	0.219349	0.0528405	0.00205973	0.00421761	0.0261627	0.0512685	0.00416001	0.0853247	0.00504935	0.0734202	0.0250853	0.0336346	0.00484237	0.00893581	0.00848001	0.158992	0.128351	0.101232	0.00101096	0.00558415
186	0.0868123	0.0459214	0.00274237	0.0033094	0.0832494	0.039697	0.000356545	0.183807	0.000191619	0.166603	0.0394968	0.00728339	0.00549879	0.00864786	0.000423433	0.0817812	0.0605912	0.157533	0.00615098	0.0199032
187	0.0592416	0.0125722	0.000969239	0.00143283	0.170908	0.0706916	0.00755028	0.111073	0.00106183	0.276788	0.0709503	0.0121597	0.00756462	0.00369749	0.00191413	0.0441187	0.0424281	0.0770363	0.0156463	0.0121961
188	0.0291549	0.00637576	0.000260235	0.000311945	0.0340894	0.00600789	0.00320709	0.188373	0.00152057	0.428694	0.122702	0.00417858	0.000316936	0.00681136	0.00137206	0.013207	0.0344023	0.0981318	0.00509098	0.0157926
189	0.0789672	0.0280739	0.00186378	0.0025178	0.128304	0.0311862	0.0022784	0.15456	0.00117376	0.217213	0.0459395	0.0113217	0.00454512	0.00736409	0.00163516	0.0781137	0.0692201	0.112812	0.00881834	0.014092
190	0.082274	0.0421946	0.00227153	0.00242588	0.106301	0.0425996	0.00037446	0.177428	0.000187262	0.188989	0.0393809	0.0052485	0.00416961	0.00651291	0.000476196	0.0705916	0.0553294	0.151318	0.00663511	0.0152925
191	0.0858831	0.0451557	0.00259168	0.00346248	0.0811233	0.0384435	0.00043748	0.186021	0.000205984	0.169003	0.0402875	0.00733937	0.00554354	0.00898138	0.000506984	0.0808051	0.060365	0.158785	0.00568273	0.0193767
