247	20
1	0.0445495	0.00350678	0.0110683	0.0209698	0.0124305	0.0413874	0.0664236	0.0194643	0.24543	0.0733686	0.0112236	0.0349668	0.00573369	0.0627996	0.196332	0.0553904	0.0330959	0.0213018	0.0162945	0.024263
2	0.0290144	0.00237759	0.000733787	0.00119773	0.0394727	0.00521872	0.0126141	0.166172	0.000309188	0.477733	0.0708734	0.00157006	0.00199546	0.0132481	0.000680637	0.00840432	0.0428571	0.11563	0.00527522	0.00462332
3	0.201332	0.0306323	0.00276058	0.00236456	0.0633771	0.0862785	0.00203794	0.0307778	0.00112622	0.0655646	0.0551095	0.00373513	0.00461241	0.00341974	0.00172558	0.236901	0.162252	0.0352185	0.00410791	0.00666683
4	0.0467324	0.0121537	0.000659603	0.000830996	0.204395	0.0492897	0.000812805	0.127622	0.00079894	0.21593	0.0135844	0.00127883	0.00695266	0.0030575	0.00144552	0.025064	0.0482847	0.0595381	0.134616	0.0469529
5	0.123967	0.00308506	0.00129671	0.0014555	0.0147661	0.0628137	0.00154011	0.0265845	0.00106821	0.0432392	0.0054936	0.0024993	0.508846	0.00258275	0.00196002	0.0603146	0.0793524	0.0398625	0.00158468	0.0176875
6	0.0311108	0.00657776	0.00025494	0.000383301	0.0307564	0.00599586	0.00131357	0.406313	0.000258888	0.173148	0.0399194	0.000719188	0.00184382	0.000896856	0.00045393	0.00473363	0.0305322	0.258177	0.00376537	0.00284668
7	0.0333003	0.0134936	0.000189012	0.000553447	0.119039	0.00549484	0.000243086	0.228295	0.000143314	0.310724	0.0399303	0.000358387	0.00576465	0.000970727	0.000243127	0.0126233	0.0192131	0.201377	0.00536897	0.00267587
8	0.0326758	0.00770431	0.000233106	0.000277421	0.0306219	0.0072638	0.00101692	0.427874	0.000188582	0.162815	0.0291818	0.000509785	0.00206999	0.000422021	0.00018201	0.00530889	0.0255142	0.261023	0.00321951	0.00189787
9	0.305853	0.0240095	0.00209226	0.00153738	0.00959539	0.145904	0.00122031	0.0150466	0.000336716	0.0185639	0.0183024	0.0181194	0.000899084	0.00593384	0.00042325	0.296573	0.103275	0.0255111	0.00068513	0.00611812
10	0.0362773	0.00209978	0.0114447	0.0340905	0.027796	0.0280569	0.192308	0.0232024	0.0293907	0.0366821	0.0256609	0.0670417	0.00276174	0.188073	0.0784062	0.0826449	0.0203443	0.0190914	0.00929362	0.0853341
11	0.0305971	0.0125121	0.000193629	0.000586777	0.118921	0.00375811	0.00053466	0.234109	0.000125479	0.308042	0.0379902	0.000289658	0.00598043	0.00113033	0.00018991	0.0121734	0.019119	0.206125	0.00536477	0.00225852
12	0.334828	0.0414653	0.00210789	0.00213099	0.00919807	0.107083	0.000415005	0.0240151	0.000305435	0.0279385	0.0168521	0.00283326	0.000975775	0.000627899	0.000507502	0.28112	0.109878	0.0354075	0.000681228	0.00162994
13	0.0758899	0.00340382	0.0013979	0.00651158	0.0727987	0.0103632	0.00229284	0.201656	0.00115955	0.127829	0.110705	0.0665408	0.0129778	0.0123604	0.0034179	0.0833208	0.0573231	0.109412	0.00647349	0.0341664
14	0.185826	0.000734509	0.00442878	0.000655581	0.0176387	0.0743539	0.00479015	0.00639457	0.000350087	0.019141	0.0246938	0.0903757	0.000986252	0.0273332	0.000444709	0.348186	0.158139	0.0263442	0.000574439	0.00860881
15	0.0279924	0.0114271	0.000412407	0.000699905	0.131446	0.00345214	0.000506306	0.22302	0.000260949	0.290352	0.0305508	0.00066428	0.00641998	0.000983765	0.00040566	0.0148218	0.0168892	0.231139	0.00529062	0.00326592
16	0.111917	0.0120521	0.000989319	0.00144414	0.0228219	0.0253274	0.000485102	0.340744	0.00024752	0.0911367	0.0267951	0.00433555	0.00171045	0.00075173	0.000429464	0.0434125	0.0553371	0.258416	0.000844878	0.000801401
17	0.0821844	0.0139649	0.429461	0.0589232	0.00887755	0.0198438	0.0217828	0.0155495	0.00161859	0.0337751	0.0228683	0.0776336	0.0132739	0.0547556	0.00269199	0.0728761	0.0460986	0.0166967	0.00286183	0.00426208
18	0.0642364	0.00295413	0.00625007	0.00274337	0.00942439	0.0165177	0.00325665	0.111652	0.00125432	0.0276874	0.0174114	0.060939	0.00598296	0.00688124	0.00152806	0.169687	0.409432	0.0769116	0.00186605	0.00338462
19	0.0734103	0.00146664	0.000701072	0.00352821	0.0124159	0.0220368	0.000657551	0.373419	0.000440246	0.0414957	0.0622985	0.0107621	0.000915267	0.00100085	0.000598706	0.0309492	0.0519647	0.309382	0.00119258	0.00136484
20	0.0391601	0.00691173	0.000666604	0.00165614	0.0825578	0.00795436	0.0011218	0.239651	0.00163392	0.2171	0.0665401	0.00697984	0.0033927	0.00976639	0.00992032	0.0156771	0.0456125	0.177828	0.020436	0.0454333
21	0.420881	0.0162643	0.00100155	0.0012482	0.00655607	0.028674	0.00132405	0.0689607	0.000963194	0.0482873	0.0297741	0.00314676	0.00197792	0.00153834	0.00322377	0.0974351	0.16453	0.0994203	0.00160151	0.00319123
22	0.187272	0.0110548	0.000203789	0.00125547	0.00418465	0.600212	0.000469725	0.00656287	0.000178959	0.00313042	0.00810516	0.000501011	0.00226166	0.000455398	0.00023445	0.143857	0.0169428	0.00856352	0.000362667	0.00419214
23	0.160933	0.00869081	0.30789	0.0799504	0.00619045	0.0334815	0.0500691	0.0194083	0.0111412	0.0231831	0.0152169	0.0425293	0.0274336	0.0547713	0.0106751	0.072194	0.0488346	0.0190147	0.00401391	0.00437825
24	0.0292238	0.0067321	0.000392162	0.000863147	0.0885879	0.010678	0.00552088	0.0928864	0.00069678	0.527547	0.0950032	0.00111448	0.00260174	0.00830169	0.000743922	0.00919114	0.0275435	0.0822235	0.00496544	0.00518285
25	0.396981	0.0111773	0.00211184	0.00129662	0.00659348	0.126583	0.00273977	0.00589717	0.000702935	0.011187	0.0103001	0.0245356	0.0011844	0.0133637	0.000757222	0.305593	0.0580324	0.0163198	0.000725507	0.00391843
26	0.285171	0.0202768	0.00202128	0.00296425	0.0082197	0.369121	0.00211426	0.0180215	0.000892346	0.0194762	0.0123303	0.00791671	0.00391566	0.00194126	0.00102316	0.140388	0.0521656	0.0466893	0.00163465	0.00371677
27	0.0908216	0.00989277	0.0011682	0.00191669	0.0262494	0.03154	0.000897753	0.321633	0.00050055	0.103649	0.0403788	0.00538345	0.00303565	0.0012917	0.000818628	0.0406229	0.0456726	0.270024	0.00230046	0.00220345
28	0.486511	0.0113895	0.000345159	0.000391692	0.00157567	0.151394	0.000456191	0.0026133	0.000239295	0.00465457	0.00279731	0.000632338	0.000572287	0.00242934	0.000297352	0.302539	0.0203552	0.00909398	0.000427312	0.00128562
29	0.0324895	0.00614771	0.000223858	0.000355055	0.0276273	0.0066131	0.00102451	0.421446	0.000170353	0.153106	0.0366162	0.000765227	0.00159729	0.000402554	0.000205663	0.00506615	0.0313791	0.269252	0.00348973	0.0020228
30	0.183657	0.0115115	0.000210352	0.00112	0.00406894	0.610236	0.000342195	0.00630621	0.000178556	0.00302919	0.0078561	0.000325261	0.00232142	0.000390509	0.000230909	0.139033	0.0165342	0.00816984	0.000358234	0.00412038
31	0.184433	0.000774299	0.00494806	0.000466566	0.0191608	0.0708941	0.00524835	0.00699772	0.000344852	0.019976	0.0251053	0.0903647	0.00115052	0.0274082	0.000473007	0.343871	0.159699	0.0291041	0.000527429	0.00905337
32	0.189515	0.00215032	0.00487183	0.00151818	0.0178244	0.083077	0.00545517	0.00829984	0.000377094	0.0187526	0.0224028	0.101949	0.00139801	0.0246256	0.000665577	0.337879	0.139818	0.0296131	0.000937878	0.00886891
33	0.0313234	0.0093281	0.000227276	0.000333069	0.0525115	0.00611183	0.000879376	0.393191	0.00017293	0.201057	0.0269418	0.000377094	0.00285985	0.000407429	0.000201837	0.00653946	0.0200844	0.241779	0.0038283	0.00184462
34	0.0220928	0.01125	0.000696804	0.000905178	0.407276	0.00337795	0.0251785	0.0280342	0.000601942	0.0908859	0.0447646	0.00117932	0.00363489	0.00142655	0.000669071	0.0143098	0.010113	0.0243757	0.0331475	0.27608
35	0.046878	0.00520278	0.000349829	0.00258329	0.0840888	0.00790609	0.000570725	0.229493	0.00145695	0.161324	0.0741907	0.0224856	0.0035665	0.0110989	0.0096061	0.0301345	0.060083	0.183914	0.021453	0.0436144
36	0.122382	0.0281992	0.00129577	0.00124715	0.0584939	0.0387555	0.00179503	0.14259	0.00110187	0.188786	0.0270439	0.00270169	0.0904642	0.00227481	0.000777587	0.0667746	0.103082	0.112056	0.00381573	0.00636306
37	0.0319099	0.0133307	0.000205557	0.000434978	0.11843	0.00393714	0.00023186	0.248547	0.000136189	0.285807	0.0342572	0.000371588	0.00646829	0.000571885	0.000254613	0.0128299	0.0187356	0.216084	0.00494682	0.00250905
38	0.18834	0.0116857	0.000369179	0.0015152	0.004339	0.588502	0.000718056	0.0069083	0.000185881	0.00363627	0.00842786	0.000932033	0.00217279	0.000696578	0.000249384	0.147786	0.0200109	0.00888582	0.000434367	0.00420546
39	0.0328571	0.00589936	0.000222029	0.000376181	0.02644	0.00683238	0.000996687	0.422675	0.000173179	0.149218	0.0371454	0.000925663	0.00154351	0.000427168	0.000207807	0.00518144	0.0321146	0.271409	0.0034366	0.00191912
40	0.0685852	0.0175962	0.000144766	0.00071204	0.0680743	0.0192278	0.00279685	0.164071	0.000180336	0.364779	0.067727	0.000716114	0.0031732	0.00345817	0.000326854	0.0226286	0.0556523	0.130007	0.00600689	0.00413649
41	0.0687001	0.00582603	0.00221006	0.0011141	0.091995	0.058491	0.0153772	0.0936548	0.000742039	0.240007	0.0954575	0.0181003	0.00203937	0.0444009	0.0119202	0.10909	0.0556432	0.0368361	0.00366965	0.044726
42	0.275583	0.0104866	0.000249781	0.00079293	0.00345948	0.462613	0.000311185	0.00548436	0.000149723	0.00363755	0.00816296	0.000501233	0.00165332	0.000977286	0.000252155	0.192992	0.0182943	0.0103963	0.000373834	0.0036292
43	0.0404593	0.0074542	0.000297776	0.000928485	0.0509812	0.0113394	0.00701755	0.171355	0.000243131	0.433948	0.0587145	0.0012122	0.00206742	0.00686151	0.000610852	0.0119633	0.0489195	0.136501	0.00491392	0.00421227
44	0.13469	0.00301775	0.015956	0.00218726	0.00972167	0.0663375	0.0127002	0.0985178	0.00101917	0.0708926	0.0467089	0.0847045	0.0487259	0.0586412	0.0010723	0.169672	0.103049	0.0660545	0.00234657	0.0039859
45	0.135839	0.00295425	0.00114576	0.00103351	0.0141907	0.0676262	0.00138894	0.0251258	0.000884703	0.0437709	0.00476678	0.00219704	0.499299	0.00232402	0.000926271	0.0568515	0.0787446	0.0417038	0.00143656	0.0177901
46	0.02071	0.00282587	0.0152309	0.00182416	0.0147522	0.00786136	0.00241652	0.155885	0.0345888	0.271651	0.0868113	0.0175502	0.01506	0.00784339	0.0122227	0.0233884	0.141789	0.160589	0.00267261	0.00432729
47	0.0328696	0.00598005	0.000225912	0.00037548	0.0265199	0.00672871	0.00100517	0.423062	0.00017606	0.149512	0.0367891	0.000922392	0.00156074	0.000414319	0.000199127	0.00511004	0.0319599	0.271154	0.00353411	0.0019015
48	0.486511	0.0113895	0.000345159	0.000391692	0.00157567	0.151394	0.000456191	0.0026133	0.000239295	0.00465457	0.00279731	0.000632338	0.000572287	0.00242934	0.000297352	0.302539	0.0203552	0.00909398	0.000427312	0.00128562
49	0.0265092	0.000964899	0.000656129	0.0285928	0.0316508	0.0175066	0.225306	0.0236035	0.0330884	0.0348321	0.0195673	0.0641504	0.00101274	0.185831	0.100309	0.0481567	0.0189645	0.0180365	0.0103106	0.110951
50	0.0265092	0.000964899	0.000656129	0.0285928	0.0316508	0.0175066	0.225306	0.0236035	0.0330884	0.0348321	0.0195673	0.0641504	0.00101274	0.185831	0.100309	0.0481567	0.0189645	0.0180365	0.0103106	0.110951
51	0.0297044	0.00140078	0.00250235	0.027512	0.0272613	0.021351	0.19536	0.0218066	0.0696657	0.0424995	0.0195658	0.0606702	0.00203504	0.16566	0.117974	0.0523154	0.0222997	0.0179317	0.0110533	0.0914317
52	0.185672	0.010893	0.000199337	0.00100858	0.00415991	0.602354	0.000327726	0.00660457	0.000176386	0.00291048	0.00837856	0.000320687	0.00214626	0.000400655	0.000222389	0.144306	0.0168346	0.00833577	0.000364563	0.00438446
53	0.06885	0.0182669	0.000171874	0.000444356	0.0822428	0.0277291	0.00123934	0.129441	0.000170083	0.424191	0.067189	0.000579418	0.00171089	0.0013311	0.000318943	0.0167875	0.0358155	0.111765	0.00625287	0.00550327
54	0.0964889	0.00587449	0.0216546	0.0116566	0.0862616	0.0283415	0.00179347	0.0661464	0.00123879	0.0874336	0.0257647	0.0022219	0.00269361	0.00305381	0.0230661	0.0090208	0.0320307	0.0837219	0.154659	0.256877
55	0.0326863	0.00376949	0.000398713	0.00110154	0.04247	0.00670388	0.0100902	0.16269	0.000254886	0.474909	0.0749234	0.0011618	0.00205835	0.0106344	0.000493799	0.0083061	0.0413558	0.115804	0.00601863	0.00416976
56	0.398565	0.0345908	0.000273552	0.000412002	0.00951463	0.141502	0.000351717	0.0247724	0.00108514	0.0338541	0.0159776	0.0162229	0.00307972	0.000548831	0.00124509	0.16242	0.0674298	0.0842064	0.00245663	0.00149136
57	0.0848175	0.0268043	9.2982e-05	0.000231803	0.0772494	0.0307013	0.000360544	0.148885	8.7224e-05	0.359651	0.0610499	0.000222363	0.00355391	0.000333438	0.000101937	0.0264268	0.0428645	0.128693	0.00594972	0.00192307
58	0.130473	0.0335096	0.000669143	0.000720426	0.105648	0.1758	0.000758537	0.147157	0.000554985	0.183186	0.0436693	0.00093554	0.0296387	0.00124961	0.000658435	0.00853111	0.00499922	0.128181	0.00243237	0.00122893
59	0.075613	0.0233394	9.84179e-05	0.000267611	0.0814123	0.0298975	0.00048678	0.135486	0.000104853	0.402615	0.0631069	0.00023651	0.00238043	0.000511244	0.000120968	0.0211483	0.0353877	0.119007	0.00626172	0.0025182
60	0.291827	0.044719	0.00282127	0.00283524	0.00989771	0.101562	0.00043793	0.0252378	0.000285282	0.027603	0.0190304	0.00114668	0.00077108	0.000653011	0.000388055	0.311026	0.126616	0.0307821	0.000523293	0.00183642
61	0.040865	0.00946703	0.000284749	0.00256943	0.0743022	0.00713653	0.00367248	0.192059	0.000405569	0.352303	0.0732008	0.0018867	0.00302272	0.00862324	0.00156024	0.0140474	0.046782	0.151141	0.00765836	0.00901148
62	0.354383	0.0318562	0.000714706	0.000790446	0.00724499	0.10235	0.000873216	0.0365203	0.00613401	0.0617673	0.0273635	0.0195267	0.00333687	0.0014755	0.00873844	0.169386	0.0482913	0.110288	0.00198253	0.00697666
63	0.045454	0.0131239	0.000612395	0.000933659	0.209737	0.0465431	0.000823463	0.126608	0.000701324	0.214743	0.0127643	0.00122301	0.00746462	0.00309918	0.00126861	0.0252424	0.0474435	0.057712	0.136506	0.0479963
64	0.204352	0.0106739	0.00028954	0.00108318	0.00393567	0.574103	0.000392126	0.00692578	0.000198616	0.00294849	0.00803567	0.000336082	0.00202419	0.000531984	0.000278642	0.154287	0.016879	0.00826108	0.000367176	0.00409641
65	0.0658645	0.0194557	0.000126969	0.000560463	0.0776218	0.0219318	0.00141445	0.15561	9.64136e-05	0.379886	0.067762	0.000344357	0.0027107	0.00221266	0.000105087	0.0200473	0.0412919	0.13405	0.00586651	0.00304139
66	0.0314656	0.0121718	0.000304029	0.000614433	0.12265	0.00416029	0.000377072	0.236775	0.000228965	0.283215	0.0339983	0.000589981	0.0192142	0.00090524	0.000365274	0.0142075	0.0167691	0.214243	0.0049951	0.00275096
67	0.28836	0.00635656	0.00293774	0.00303778	0.0490074	0.216639	0.00269711	0.0245754	0.00153637	0.094752	0.0382909	0.00317599	0.157537	0.00462342	0.00239288	0.0551339	0.0148237	0.0264138	0.00255836	0.00514995
68	0.118066	0.00634116	0.000842254	0.00105214	0.113118	0.0940802	0.0142679	0.0784963	0.000998855	0.181067	0.0751964	0.0129721	0.00126068	0.0141238	0.00861776	0.0969221	0.0535235	0.0792897	0.00361127	0.0461534
69	0.0879488	0.0294153	0.000162496	0.000288284	0.0756173	0.0314866	0.000534009	0.142618	0.000141564	0.354806	0.0624981	0.000360187	0.00525303	0.000474817	0.000175204	0.0282395	0.0500618	0.122322	0.0056521	0.0019459
70	0.0788049	0.0251689	0.000114404	0.000251638	0.0805524	0.0305668	0.00037481	0.138444	9.32115e-05	0.390333	0.0625694	0.000212108	0.00262659	0.000361398	0.000128916	0.0225311	0.0362472	0.121827	0.00655719	0.00223491
71	0.0748283	0.0151648	0.461435	0.0720194	0.00712895	0.0150165	0.0233345	0.011872	0.00161278	0.0270133	0.0223687	0.0705367	0.0136328	0.0613292	0.00206942	0.0577629	0.0440496	0.0129202	0.00259802	0.00330651
72	0.450414	0.0174275	0.000493702	0.000594785	0.00365613	0.148575	0.000404291	0.00829141	0.000365314	0.0124951	0.00672376	0.00343446	0.000897468	0.00177275	0.000423115	0.275322	0.0385315	0.0281416	0.000776885	0.00125912
73	0.0410988	0.00308268	0.000937742	0.00143513	0.0328373	0.00535365	0.0221656	0.16425	0.0010877	0.428877	0.0879059	0.00207279	0.00248189	0.0145684	0.00108153	0.0133126	0.0549757	0.113129	0.00515125	0.00419597
74	0.139753	0.00505108	0.00677723	0.0795916	0.0357352	0.325245	0.0706601	0.015308	0.00162221	0.0171805	0.00798807	0.0668763	0.00348345	0.0237091	0.00336091	0.148967	0.0184565	0.0146891	0.00291537	0.0126307
75	0.0437281	0.00347843	0.0111627	0.0211808	0.0121989	0.0412192	0.0659714	0.0191633	0.246444	0.0733331	0.0113058	0.0353892	0.00576751	0.0630359	0.197056	0.055403	0.0328341	0.0209535	0.0164431	0.0239317
76	0.13104	0.00265616	0.000993053	0.000998923	0.0143846	0.0676453	0.001302	0.0250221	0.00088702	0.0429933	0.00434037	0.00170031	0.509013	0.0019468	0.00102006	0.0566837	0.0779299	0.039904	0.0014671	0.0180719
77	0.0437281	0.00347843	0.0111627	0.0211808	0.0121989	0.0412192	0.0659714	0.0191633	0.246444	0.0733331	0.0113058	0.0353892	0.00576751	0.0630359	0.197056	0.055403	0.0328341	0.0209535	0.0164431	0.0239317
78	0.0600916	0.00503317	0.000330167	0.00121111	0.093395	0.0171895	0.000731344	0.179589	0.00468988	0.193995	0.0561936	0.00485836	0.00424826	0.00664393	0.0130069	0.0253036	0.0467244	0.175276	0.0486889	0.0627996
79	0.0629698	0.0222141	0.000145531	0.000320234	0.0941272	0.0168507	0.000293439	0.2051	0.000108163	0.312481	0.048364	0.000252518	0.0046983	0.000486764	0.000158273	0.0221454	0.0319249	0.169686	0.00585862	0.00181516
80	0.172156	0.00185317	0.00804789	0.000720805	0.0239693	0.068248	0.00496697	0.011411	0.00042073	0.0307936	0.0330605	0.0823053	0.00309585	0.0281215	0.000667161	0.329512	0.15503	0.0339477	0.000971726	0.0107001
81	0.0287458	0.0124505	0.000196007	0.000483122	0.124033	0.00267526	0.000236238	0.245205	0.000126008	0.296386	0.0328885	0.000290516	0.00628051	0.000583899	0.000200328	0.0123323	0.0158142	0.213819	0.00499574	0.00225881
82	0.0910863	0.030367	0.000103824	0.000210456	0.0744108	0.0294985	0.000403056	0.160105	9.91589e-05	0.3239	0.0601645	0.000225635	0.00457513	0.00033808	9.53012e-05	0.0310366	0.0503535	0.135191	0.00623245	0.00160447
83	0.394213	0.0336106	0.00032034	0.000409729	0.00945115	0.144594	0.000375187	0.025638	0.00104645	0.0332233	0.0154906	0.0161939	0.00322562	0.00059881	0.00125098	0.162403	0.0700514	0.0842033	0.00223607	0.0014654
84	0.0300683	0.00430251	0.00247091	0.00189049	0.0725589	0.00803931	0.00398641	0.131643	0.00398465	0.326391	0.0796501	0.0235599	0.00393831	0.0102771	0.00395477	0.0158794	0.0906525	0.168588	0.00589902	0.012266
85	0.171529	0.0264958	0.000982783	0.00102376	0.0753515	0.182029	0.0014209	0.105963	0.000895573	0.179462	0.0549304	0.00150151	0.0636734	0.00207127	0.000962354	0.0215337	0.0064704	0.0999965	0.00204522	0.00166298
86	0.028831	0.012489	0.000197738	0.000481442	0.123822	0.00270374	0.000231288	0.245683	0.000126184	0.29588	0.032766	0.000284523	0.00626298	0.000568827	0.000198571	0.0123366	0.0157566	0.214186	0.00498059	0.00221459
87	0.0481673	0.00423622	0.0172499	0.0222257	0.0128715	0.0402242	0.0656028	0.0217752	0.233344	0.0794298	0.0124031	0.0441832	0.00639583	0.0587219	0.1792	0.0542229	0.0380004	0.0234381	0.0156839	0.0226231
88	0.0947024	0.0102912	0.000712594	0.00102727	0.0338417	0.0227545	0.000554173	0.367562	0.000348633	0.105644	0.0245271	0.00298777	0.0017397	0.00104971	0.000459988	0.0344251	0.0396108	0.255093	0.0015498	0.00111857
89	0.110083	0.0250148	0.0003839	0.000538854	0.09405	0.0816344	0.000904245	0.146047	0.000552483	0.253311	0.0422986	0.000820219	0.0237851	0.00119727	0.00110928	0.0258893	0.0387065	0.135093	0.0124872	0.00609433
90	0.0677527	0.0239241	0.000277639	0.000369715	0.0994814	0.0365318	0.000386127	0.0796072	0.000256338	0.517201	0.0639357	0.000509432	0.00120309	0.000613641	0.000325417	0.0105845	0.0123534	0.0759352	0.00657674	0.00217517
91	0.153064	0.00470212	0.0261048	0.0176721	0.0405894	0.132554	0.0164429	0.0145572	0.00279125	0.0277586	0.0191631	0.11668	0.00470442	0.0260619	0.0142016	0.254421	0.0827151	0.0253897	0.00213491	0.018291
92	0.0973419	0.00587032	0.02567	0.0136176	0.0818343	0.0269239	0.00202612	0.0639049	0.00118184	0.0802888	0.026533	0.00245962	0.00279422	0.00342984	0.0239885	0.00858339	0.0343636	0.0787359	0.156331	0.264121
93	0.0700173	0.0259573	0.000357603	0.000456039	0.0685023	0.0133338	0.000537403	0.263933	0.000322879	0.240502	0.0403924	0.000553138	0.00348791	0.00084268	0.000392356	0.0183572	0.0257139	0.212677	0.0115812	0.00208259
94	0.00378328	0.000753979	0.000449066	0.000473986	0.163787	0.00198377	0.0035783	0.0309278	0.000340077	0.6036	0.130738	0.000651269	0.00354619	0.00872481	0.00040269	0.00553351	0.00865572	0.0214548	0.00376819	0.00684733
95	0.0570762	0.00211181	0.000500595	0.00254313	0.0145812	0.0185309	0.000760233	0.402175	0.000389044	0.0708042	0.062283	0.00804722	0.00113448	0.000749919	0.000532908	0.0230305	0.046167	0.28551	0.00162233	0.00145036
96	0.342315	0.00235994	0.0110442	0.239385	0.00568429	0.036684	0.0202645	0.0146741	0.0669526	0.0147656	0.00754905	0.00917277	0.0890162	0.039297	0.0492277	0.0149975	0.0139209	0.0154254	0.00352736	0.00373662
97	0.00363414	0.000708547	0.000413536	0.000490009	0.154132	0.00190223	0.003987	0.0305027	0.000355603	0.604178	0.138621	0.000627927	0.00354491	0.00958602	0.000405321	0.00573442	0.00859805	0.0209413	0.00394025	0.0076974
98	0.157605	0.0102749	0.00607295	0.0382156	0.0192659	0.492674	0.0241415	0.0155821	0.00260762	0.0155673	0.00963344	0.0243427	0.00424469	0.0104989	0.00396276	0.118031	0.0203507	0.0157521	0.00268204	0.00849448
99	0.394265	0.0310668	0.000635009	0.000784323	0.00931838	0.138437	0.000582714	0.0255828	0.0014616	0.0423849	0.0168598	0.0151018	0.0037081	0.000851909	0.00203461	0.156599	0.0648252	0.0912644	0.00218904	0.00204819
100	0.288841	0.0025214	0.0143123	0.0529904	0.00619998	0.0266893	0.00215503	0.211955	0.0134866	0.0352164	0.00666531	0.0026464	0.0690237	0.0302264	0.00140496	0.0388435	0.0346318	0.157027	0.00218529	0.00297826
101	0.179525	0.0114758	0.000310998	0.00183736	0.00444496	0.611171	0.000951576	0.00712713	0.00033609	0.00375361	0.00803456	0.000849453	0.00249036	0.000718038	0.000418363	0.136552	0.0165074	0.00862252	0.000451443	0.00442242
102	0.374638	0.0390495	0.00112441	0.00119471	0.0117359	0.0991849	0.000574567	0.0294339	0.000726108	0.036976	0.0191136	0.0080914	0.00247599	0.000820357	0.00177019	0.195551	0.106166	0.0679718	0.0016599	0.00174135
103	0.207021	0.0121888	0.00148153	0.00385403	0.00634357	0.563605	0.00230394	0.00856956	0.000394288	0.0101356	0.00875205	0.00199576	0.00630018	0.00119954	0.000423819	0.130049	0.0183369	0.0122296	0.000722673	0.00409328
104	0.0425484	0.00533624	0.000369408	0.00136784	0.0698816	0.00783662	0.000652786	0.230947	0.00259533	0.195503	0.0601775	0.00612382	0.00225879	0.00942435	0.0140809	0.0144845	0.0432512	0.200504	0.0345519	0.0581043
105	0.472858	0.0132281	0.000455435	0.000487862	0.00201126	0.152932	0.000455237	0.00404734	0.000248843	0.00569116	0.00367872	0.00144311	0.000608967	0.00247191	0.000267283	0.300044	0.0265388	0.0106723	0.000489	0.00137095
106	0.0353808	0.00147973	0.00810093	0.00101178	0.00346875	0.0114114	0.00117932	0.0399026	0.000628156	0.0136918	0.00367299	0.0381178	0.00135254	0.00159693	0.000938178	0.210325	0.594327	0.0306754	0.00117552	0.00156296
107	0.36131	0.0358122	0.000982853	0.00118524	0.00915943	0.120707	0.000359107	0.0248781	0.00100198	0.038573	0.0200851	0.0096284	0.00224229	0.000550636	0.00137286	0.212514	0.0879141	0.0684651	0.00153004	0.00172955
108	0.103522	0.0217624	0.000704434	0.000521947	0.0487126	0.0285356	0.000936067	0.243674	0.000254558	0.259954	0.0271972	0.000819507	0.00379413	0.000872631	0.000355207	0.0384914	0.0746903	0.13931	0.00317404	0.00271794
109	0.0443796	0.00580642	0.0125401	0.00138537	0.0694178	0.0198541	0.00961516	0.25551	0.000696042	0.33941	0.0541133	0.0107378	0.0086338	0.0588776	0.00154961	0.0402207	0.0278262	0.0223781	0.00223526	0.0148127
110	0.0685131	0.0201609	0.000112092	0.000414932	0.0844967	0.0264731	0.000827055	0.133899	0.000114212	0.415741	0.0650956	0.000362766	0.0019912	0.00123989	0.000119903	0.0183626	0.0357159	0.116673	0.00643748	0.00324946
111	0.0437281	0.00347843	0.0111627	0.0211808	0.0121989	0.0412192	0.0659714	0.0191633	0.246444	0.0733331	0.0113058	0.0353892	0.00576751	0.0630359	0.197056	0.055403	0.0328341	0.0209535	0.0164431	0.0239317
112	0.0266902	0.00448373	0.000267389	0.000658322	0.0326865	0.00495962	0.00684595	0.312597	0.000231718	0.314025	0.0484451	0.000705603	0.00202814	0.00558336	0.000348161	0.00541293	0.0364825	0.190658	0.00398651	0.00290487
113	0.181173	0.0127463	0.000286773	0.00174456	0.00452108	0.609131	0.000921819	0.0069506	0.000250203	0.00409769	0.00793372	0.000594532	0.00238738	0.000588902	0.000263126	0.136509	0.0167254	0.00853167	0.000479934	0.00416316
114	0.0553018	0.01579	0.00010788	0.000735306	0.0828233	0.0144385	0.00188098	0.187207	0.000102205	0.352343	0.063412	0.000363876	0.00331423	0.00271376	0.000125355	0.0170916	0.0390987	0.154109	0.00601021	0.00303114
115	0.129294	0.00281163	0.000986369	0.00208297	0.0155789	0.064259	0.00139834	0.0264538	0.00128041	0.0439987	0.00462629	0.00204648	0.507337	0.00240293	0.00166922	0.0559054	0.0762097	0.041909	0.00185356	0.0178959
116	0.0759506	0.00193323	0.00100053	0.00379606	0.0107686	0.0259708	0.00129804	0.383441	0.000534463	0.0349323	0.0785638	0.0177474	0.0015303	0.00184275	0.000907721	0.048357	0.0462958	0.261991	0.00119902	0.00193947
117	0.224198	0.0121931	0.000310057	0.00122632	0.00485713	0.537095	0.000547407	0.00651124	0.00019975	0.00369818	0.0077055	0.00125651	0.00194842	0.000845302	0.000303571	0.164718	0.0185212	0.009573	0.000412893	0.00387834
118	0.0690847	0.0222879	0.000206872	0.000317303	0.0964583	0.0335776	0.000360688	0.0976411	0.0001894	0.483648	0.0664096	0.000415812	0.00107517	0.000595963	0.000244313	0.0128552	0.0172764	0.0882112	0.00668396	0.00246028
119	0.188046	0.000774808	0.00393104	0.000498595	0.0163726	0.0698324	0.0042372	0.00628121	0.000323329	0.0176409	0.024258	0.0863117	0.00065973	0.027531	0.000423987	0.357608	0.161954	0.0248742	0.000576337	0.00786543
120	0.0372528	0.00675694	0.000291257	0.00172558	0.0809231	0.00604726	0.000417162	0.245484	0.00163681	0.174222	0.0657777	0.0113877	0.00237353	0.0104441	0.01321	0.0148252	0.0543167	0.196245	0.0235164	0.053147
121	0.0695904	0.0217937	0.000264521	0.00136817	0.130569	0.0400751	0.000971569	0.0869347	0.00034883	0.458743	0.0544085	0.00112128	0.00168368	0.00125909	0.00036108	0.013184	0.0168162	0.0748757	0.019161	0.00646983
122	0.0884447	0.0421439	0.000453776	0.000620461	0.090853	0.0239193	0.00067024	0.161336	0.00030738	0.278133	0.06401	0.000721842	0.00492147	0.000988586	0.000420463	0.0331998	0.0450156	0.154676	0.00686854	0.00229583
123	0.0744456	0.0245424	0.432545	0.0869177	0.00940234	0.0191035	0.0237628	0.0175989	0.00187128	0.0305221	0.0207862	0.0618973	0.013453	0.0522732	0.00368163	0.0554191	0.0420868	0.021082	0.00376761	0.00484173
124	0.131642	0.0167864	0.00176054	0.0030971	0.0210113	0.0411013	0.00203415	0.148739	0.00120031	0.0179873	0.038759	0.00371839	0.00344642	0.0155682	0.00180349	0.102623	0.057852	0.371306	0.00223784	0.0173258
125	0.299614	0.0416338	0.0023156	0.00237507	0.0113647	0.109006	0.000460291	0.0241868	0.00035776	0.0289445	0.0193765	0.00347394	0.00106601	0.000773614	0.000448616	0.292843	0.119346	0.0398462	0.000828948	0.00173853
126	0.0913133	0.0281311	0.000372772	0.000244404	0.0744456	0.0297761	0.000621859	0.161724	0.000120444	0.328899	0.059761	0.000855826	0.00429332	0.0010161	0.000177402	0.031705	0.0476314	0.130655	0.00610236	0.00215461
127	0.0223693	0.0112704	0.000645803	0.0009791	0.40578	0.0037246	0.0255948	0.0284946	0.000624642	0.0900939	0.0453288	0.00132716	0.00374008	0.00151779	0.000681606	0.0151698	0.00943505	0.0249682	0.0313585	0.276896
128	0.29013	0.0452054	0.00302351	0.00293071	0.00996181	0.0990387	0.000478824	0.0252238	0.000253941	0.0273362	0.0191224	0.000614302	0.000717583	0.000656205	0.000361762	0.313992	0.130036	0.0285597	0.000465309	0.0018924
129	0.0918691	0.0301573	0.000157378	0.000227985	0.0756127	0.0296221	0.000389454	0.168041	0.000109205	0.310759	0.0570737	0.00028323	0.0048969	0.000341924	9.6592e-05	0.031268	0.0499176	0.141682	0.00601152	0.00148383
130	0.0813105	0.00279583	0.000855325	0.00687487	0.01106	0.0297601	0.000953594	0.346587	0.000683528	0.0306449	0.06344	0.0101379	0.00144113	0.0022459	0.000922407	0.0417782	0.0566621	0.308216	0.00107586	0.00255409
131	0.388902	0.0346002	0.000526649	0.000602357	0.00918997	0.138166	0.000456361	0.027611	0.00102771	0.0334004	0.0157365	0.0147484	0.00407825	0.000693332	0.00128993	0.16509	0.0771118	0.0830138	0.00213032	0.00162585
132	0.0295193	0.0119149	0.000205087	0.000472121	0.10739	0.00326369	0.00045817	0.272989	0.000125989	0.280692	0.0321484	0.000333525	0.00542678	0.000721697	0.000248213	0.011611	0.0174716	0.216878	0.00568286	0.00244862
133	0.00367864	0.000729515	0.000442177	0.000494082	0.162682	0.00195407	0.00358965	0.0313264	0.000336356	0.602975	0.131825	0.000657006	0.00361947	0.00875312	0.000413987	0.0054854	0.00869745	0.0216655	0.00378793	0.00688642
134	0.0354548	0.00591149	0.000264165	0.000488323	0.0259909	0.00752822	0.000912846	0.421631	0.000193708	0.144674	0.0380797	0.00129617	0.00154537	0.000428038	0.000218956	0.00649315	0.0313314	0.272324	0.00335583	0.00187816
135	0.431658	0.0232656	0.000666738	0.000523952	0.00626415	0.146476	0.000477927	0.015257	0.000734011	0.0250421	0.011088	0.00897369	0.00183755	0.00124666	0.00100791	0.219331	0.0475823	0.0557674	0.0013868	0.00141299
136	0.062255	0.00330104	0.0112908	0.0316922	0.0112769	0.0423024	0.0648142	0.018441	0.211408	0.0623851	0.0131482	0.0340885	0.021329	0.0661518	0.192914	0.0576101	0.0384551	0.0197623	0.0166133	0.0207613
137	0.123163	0.0219354	0.00167753	0.000476724	0.0300526	0.032087	0.000457287	0.262293	0.000693378	0.168744	0.0120593	0.00227352	0.0050134	0.000906781	0.000442668	0.0539773	0.073483	0.207929	0.00121353	0.0011227
138	0.199018	0.0109481	0.000234712	0.00109685	0.00409741	0.578152	0.00040712	0.00666037	0.000183154	0.00323194	0.00811026	0.000594052	0.00209461	0.000518926	0.000239842	0.15363	0.0175234	0.00889078	0.000369897	0.00399888
139	0.486511	0.0113895	0.000345159	0.000391692	0.00157567	0.151394	0.000456191	0.0026133	0.000239295	0.00465457	0.00279731	0.000632338	0.000572287	0.00242934	0.000297352	0.302539	0.0203552	0.00909398	0.000427312	0.00128562
140	0.0350487	0.00145808	0.00114083	0.0271544	0.0336142	0.0281946	0.213045	0.0227008	0.031074	0.0339187	0.0192894	0.0760592	0.00128586	0.170881	0.0903266	0.0526775	0.0199823	0.0179674	0.00994244	0.114239
141	0.045306	0.00164071	0.00762227	0.0380849	0.02653	0.0220337	0.189219	0.0236174	0.0535022	0.0387391	0.0195285	0.0616704	0.00322953	0.171278	0.106047	0.0492958	0.022816	0.0198566	0.0106119	0.0893716
142	0.121069	0.00916911	0.00154661	0.00281564	0.0162288	0.0312824	0.00114159	0.287234	0.000681829	0.0453927	0.0316699	0.00615505	0.00346858	0.00442765	0.000836374	0.079094	0.049595	0.301951	0.00114528	0.00509556
143	0.31979	0.0132895	0.00185879	0.00227094	0.00851742	0.0338471	0.00214653	0.0470296	0.00152485	0.0466553	0.0599763	0.00346022	0.00339289	0.0040101	0.00383069	0.0400116	0.176513	0.222727	0.00323871	0.00590936
144	0.0674433	0.00970757	0.0131609	0.00146581	0.0556738	0.0231619	0.00613309	0.249732	0.000828739	0.314797	0.0640101	0.0191024	0.00588598	0.0440674	0.00166707	0.0616452	0.0271003	0.0227915	0.00175889	0.00986703
145	0.0504599	0.00470004	0.00354621	0.00386527	0.0138298	0.0248363	0.00563874	0.0187187	0.00231173	0.0216413	0.0146697	0.219461	0.00403055	0.0651712	0.00259296	0.453657	0.034626	0.0444966	0.00427141	0.00747555
146	0.0362548	0.0097503	0.000373806	0.00171321	0.0914523	0.00586018	0.000507021	0.238311	0.00137734	0.171738	0.0636214	0.00992008	0.00247534	0.00944343	0.0112666	0.0142641	0.0537545	0.198495	0.0231961	0.0562254
147	0.28991	0.0451315	0.00295157	0.0029608	0.00991834	0.099553	0.000478269	0.025405	0.000259344	0.0276218	0.0190617	0.000814298	0.000737483	0.000650665	0.000361672	0.312896	0.129573	0.0293893	0.000472382	0.00185424
148	0.188068	0.000739985	0.00393966	0.000482805	0.0163873	0.0698691	0.00423674	0.0062739	0.000323303	0.0176193	0.0242647	0.0863872	0.000659827	0.0275331	0.000423987	0.357476	0.16198	0.024897	0.000572867	0.00786571
149	0.0276826	0.00314188	0.000887968	0.00140947	0.0612002	0.00503152	0.00691055	0.145129	0.00133963	0.436476	0.0846323	0.00339657	0.00220115	0.0130242	0.00101772	0.00935867	0.0609449	0.12821	0.00426838	0.00373777
150	0.0910699	0.0301516	0.000104483	0.000218792	0.0739537	0.0293515	0.000422696	0.16019	0.000100143	0.323754	0.0600534	0.000228508	0.00468801	0.000348849	9.73519e-05	0.03112	0.0517493	0.13456	0.00615599	0.00168233
151	0.022574	0.0106767	0.000765995	0.00100004	0.401147	0.00339733	0.0243055	0.027381	0.000675106	0.0848758	0.042993	0.00135282	0.00337631	0.00152449	0.000792817	0.0155403	0.00920894	0.0226828	0.0313292	0.2944
152	0.211566	0.0386075	0.00153273	0.00166101	0.0217713	0.026464	0.00215546	0.110684	0.00110348	0.113726	0.100547	0.00256019	0.00365187	0.00301633	0.00501692	0.0466335	0.184698	0.112392	0.00356115	0.00865104
153	0.0290767	0.0120831	0.000184695	0.000592309	0.120566	0.00312439	0.000369314	0.238012	0.000134025	0.302044	0.0386083	0.000329458	0.00624068	0.0010801	0.000230233	0.0117796	0.0185737	0.209326	0.00524817	0.00239671
154	0.130483	0.00280991	0.00124975	0.00112412	0.0142271	0.0648865	0.00146804	0.0254353	0.00103183	0.043719	0.00469356	0.00205858	0.507027	0.00227005	0.000963578	0.0557862	0.0786996	0.0417048	0.00167933	0.0186828
155	0.0211683	0.00378768	0.00229848	0.00268531	0.018107	0.030306	0.00470461	0.0759763	0.00175111	0.318939	0.240809	0.00516492	0.00315417	0.0434884	0.00325512	0.057769	0.0495456	0.0152501	0.0403708	0.0614692
156	0.372766	0.0124012	0.000796313	0.000792614	0.00351655	0.294582	0.000526237	0.00550255	0.00022233	0.00621759	0.00612981	0.000913057	0.00145191	0.00157937	0.000360396	0.252527	0.0250019	0.0117865	0.000484569	0.00244203
157	0.0289295	0.0126917	0.000209425	0.000480781	0.120208	0.00292286	0.000250615	0.254306	0.000123872	0.292867	0.0322357	0.00029939	0.00601521	0.000565403	0.000197416	0.0120568	0.0151562	0.213416	0.00492173	0.00214635
158	0.486511	0.0113895	0.000345159	0.000391692	0.00157567	0.151394	0.000456191	0.0026133	0.000239295	0.00465457	0.00279731	0.000632338	0.000572287	0.00242934	0.000297352	0.302539	0.0203552	0.00909398	0.000427312	0.00128562
159	0.0997636	0.00257101	0.00178001	0.0122371	0.0592808	0.0117074	0.00205651	0.178935	0.00102453	0.115593	0.107518	0.0602595	0.0086022	0.0167856	0.00132606	0.134618	0.0757392	0.0935318	0.00316269	0.0135079
160	0.383522	0.0343326	0.00134464	0.00142238	0.00785837	0.120039	0.000334857	0.019118	0.000446183	0.0240559	0.0140662	0.00549078	0.00137498	0.00088274	0.000567522	0.251065	0.0880613	0.0435234	0.0010167	0.00147738
161	0.236766	0.0304556	0.000861292	0.00120939	0.0108808	0.0302026	0.00171544	0.109281	0.000801381	0.0877583	0.0758012	0.00181109	0.00230075	0.00229763	0.0051156	0.052279	0.227632	0.109083	0.00248543	0.0112636
162	0.256569	0.0286589	0.00293879	0.00194343	0.0125395	0.0878741	0.00160193	0.0178378	0.000290587	0.0258568	0.0231187	0.026971	0.000712192	0.00878749	0.000416832	0.32512	0.14822	0.0260188	0.000512905	0.00401064
163	0.105147	0.00974544	0.00103867	0.00167707	0.0197773	0.0248291	0.000531827	0.353344	0.000278623	0.0793753	0.0306185	0.00543425	0.00179238	0.000866532	0.000444811	0.0458305	0.051967	0.265526	0.000808949	0.000967601
164	0.041613	0.00371061	0.00527147	0.00240649	0.0159589	0.00927266	0.00300684	0.130163	0.0395683	0.272075	0.0680359	0.00824255	0.00609467	0.0221757	0.0855594	0.0163517	0.0796525	0.176623	0.00493635	0.00928216
165	0.0654318	0.00188874	0.000707161	0.00342569	0.011826	0.0227594	0.000776315	0.367438	0.0005325	0.0439881	0.0537542	0.00871895	0.00115986	0.00114076	0.00076827	0.0275359	0.0528408	0.332414	0.00129869	0.00159475
166	0.193374	0.010318	0.000208737	0.00100557	0.0040549	0.58415	0.000346707	0.00666724	0.000180183	0.00295289	0.00818861	0.000328997	0.0020249	0.000439906	0.000246742	0.155716	0.0170088	0.00827343	0.000385232	0.00412978
167	0.0279712	0.00102149	0.000838098	0.0273842	0.0357331	0.0172388	0.222132	0.023525	0.0339099	0.0335217	0.0188189	0.0638313	0.00105753	0.182406	0.0990725	0.0480562	0.0188547	0.0182222	0.0105253	0.11588
168	0.185596	0.0103395	0.000209611	0.00101239	0.00410854	0.59731	0.00034169	0.00682388	0.000177942	0.00296917	0.00846979	0.000319123	0.00209	0.000407855	0.000242853	0.149608	0.0170268	0.00832474	0.000385644	0.00423702
169	0.0378578	0.00539687	0.000337213	0.00165992	0.0704087	0.00617927	0.000906971	0.247029	0.002215	0.193693	0.0661314	0.00763162	0.00221094	0.0134699	0.017716	0.0133796	0.0460748	0.190035	0.0252712	0.0523958
170	0.132001	0.00170624	0.00103253	0.0107463	0.0256728	0.151425	0.010451	0.101791	0.0160161	0.151993	0.103625	0.00181928	0.00173225	0.00195441	0.0356964	0.0496996	0.0260346	0.116285	0.0479064	0.0124115
171	0.0813265	0.0218199	0.000347968	0.000579905	0.0708816	0.0207513	0.00197893	0.153894	0.000268157	0.329394	0.0735394	0.000806366	0.00400001	0.00177768	0.000244551	0.030248	0.0817455	0.115366	0.00677106	0.00425971
172	0.394263	0.0336386	0.000326036	0.000424094	0.00939847	0.144059	0.000388139	0.0258554	0.00105188	0.0333093	0.0154509	0.0164247	0.00322113	0.000594338	0.00123544	0.162309	0.0699049	0.0844439	0.00222239	0.00147975
173	0.09105	0.0303349	0.000103376	0.000213173	0.0744636	0.0294289	0.000401877	0.160151	9.70506e-05	0.32379	0.0602347	0.000226108	0.00458127	0.000336355	9.66724e-05	0.0309964	0.0503523	0.135309	0.00622381	0.00160923
174	0.392894	0.0358953	0.000550925	0.000467751	0.0109075	0.14453	0.000500332	0.0251712	0.00123464	0.0345883	0.0175037	0.0155226	0.00312284	0.000639614	0.00140817	0.161417	0.0641759	0.0853996	0.002427	0.00164314
175	0.121111	0.0257459	0.000868144	0.000337401	0.0460632	0.0405284	0.000816238	0.198678	0.000187081	0.24198	0.0221488	0.00115175	0.00745745	0.000487576	0.000253861	0.0473275	0.0829401	0.156519	0.0031094	0.00228866
176	0.090995	0.0303769	0.000103368	0.000207462	0.074685	0.0293564	0.000397966	0.160444	9.80791e-05	0.32267	0.059924	0.000227962	0.00465211	0.000335032	9.69759e-05	0.0311204	0.0507713	0.135754	0.00618834	0.00159602
177	0.052541	0.0110582	0.000527409	0.0012206	0.0670266	0.0117882	0.00378019	0.16117	0.000989522	0.374715	0.0803586	0.00163102	0.00284657	0.00605514	0.000485406	0.0194242	0.071067	0.122836	0.00565788	0.00482175
178	0.0762727	0.0063375	0.00104195	0.00108381	0.173074	0.0195215	0.000943144	0.0994158	0.00188244	0.213737	0.0259598	0.00118804	0.00448978	0.00750377	0.00426845	0.0275697	0.0409008	0.118801	0.089186	0.0868227
179	0.0731016	0.0140397	0.000319865	0.000751124	0.0698186	0.0197739	0.0044271	0.153937	0.000396578	0.357233	0.0541978	0.000818286	0.00321346	0.00278337	0.000657378	0.0271792	0.0781299	0.11795	0.00883935	0.0124331
180	0.0931256	0.00293459	0.0011188	0.0230268	0.362683	0.107762	0.0117469	0.0193216	0.00116714	0.210561	0.0360603	0.0127349	0.00198344	0.0130438	0.00130535	0.0389867	0.0171623	0.0183732	0.0240481	0.00285433
181	0.0304592	0.00883203	0.000221983	0.000295218	0.0396466	0.00646597	0.000974842	0.41935	0.000230414	0.18124	0.0274933	0.000389249	0.002479	0.00044944	0.000193878	0.00549728	0.0220742	0.24818	0.00355048	0.00197609
182	0.25034	0.0058611	0.00610515	0.0137014	0.00752395	0.0412698	0.00244462	0.190205	0.00440816	0.0683896	0.00800133	0.00385293	0.0691564	0.00976366	0.0016845	0.0878114	0.0243557	0.199836	0.0018858	0.00340369
183	0.148678	0.0120441	0.0331768	0.052007	0.0373078	0.149755	0.0026647	0.00782665	0.0135306	0.0683752	0.00499654	0.0244197	0.00187767	0.0439919	0.137112	0.181518	0.0265788	0.00752864	0.00147316	0.0451381
184	0.0676531	0.0212389	0.000236798	0.000355219	0.0967212	0.0326332	0.000462349	0.0941725	0.000195892	0.495611	0.0653585	0.000459383	0.000960962	0.000845287	0.000264508	0.0111105	0.0155729	0.0864491	0.00727258	0.00242574
185	0.0252137	0.0110556	0.000774008	0.00115709	0.402799	0.00378335	0.0243666	0.0269032	0.000693793	0.0836549	0.0431006	0.0013352	0.00335594	0.00181188	0.000819276	0.0161896	0.00957937	0.0225177	0.0334792	0.287409
186	0.035246	0.00146411	0.0081284	0.000990134	0.00342518	0.0114685	0.00118194	0.040011	0.000612127	0.0137493	0.00362978	0.0385027	0.00134282	0.00164965	0.000932025	0.210402	0.59365	0.030903	0.0011629	0.00154775
187	0.285937	0.00113747	0.0537365	0.167219	0.00221367	0.0389455	0.0393209	0.0361889	0.0387976	0.0271837	0.0115997	0.0392854	0.0177573	0.0697657	0.0371325	0.0423774	0.0401527	0.0377182	0.00786505	0.00566609
188	0.0718994	0.018403	0.000418074	0.000565149	0.0762413	0.0180468	0.000732861	0.227811	0.00031981	0.265517	0.0410263	0.00102017	0.00415245	0.00146635	0.000839585	0.0283832	0.0442462	0.188575	0.00609143	0.00424429
