758	20
1	0.0672611	0.0176204	0.0701274	0.112195	0.00171412	0.0161373	0.0548466	0.00555823	0.137804	0.0111811	0.00674421	0.0713406	0.00281743	0.0993753	0.161201	0.0698587	0.064681	0.0169884	0.00181314	0.0107354
2	0.014027	0.0160487	0.0030485	0.00345272	0.274395	0.00242305	0.00890077	0.277319	0.00378584	0.148892	0.00334475	0.0145969	0.00248043	0.0041092	0.00421007	0.0121202	0.0123321	0.153622	0.00154432	0.0393464
3	0.144821	0.070382	0.0332913	0.0344364	0.014608	0.0113316	0.00732963	0.0042862	0.00611637	0.00561992	0.00323012	0.0654803	0.00295301	0.0175927	0.00717263	0.459695	0.024455	0.0163595	0.0431758	0.0276636
4	0.00803255	0.00402322	0.000274295	0.000443843	0.0013759	0.00111939	0.000503544	0.532693	0.000474967	0.0528786	0.0227918	0.000983276	0.00450854	0.00296004	0.00109639	0.00275154	0.016066	0.345508	7.07201e-05	0.00144448
5	0.0363585	0.00647559	0.459889	0.177276	0.00451886	0.0200324	0.0171294	0.00351123	0.0254326	0.0136302	0.00583244	0.0709641	0.0173402	0.0382835	0.0250624	0.0424073	0.0203987	0.0112111	0.00107045	0.00317603
6	0.0636398	0.0253741	0.0124947	0.030858	0.00927358	0.011267	0.0167261	0.0532133	0.0380328	0.0446692	0.020861	0.0194724	0.0182496	0.0356395	0.132875	0.108576	0.217273	0.132388	0.00214627	0.0069707
7	0.0225552	0.0018431	0.00761331	0.00413971	0.00143164	0.899295	0.00285088	0.00069625	0.00361843	0.00203428	0.000790544	0.00884923	0.00170527	0.00257431	0.00384239	0.0256687	0.00521965	0.00326303	0.000823283	0.00118545
8	0.0177762	0.00257452	0.00830172	0.0124973	0.00390032	0.796506	0.00512859	0.00220702	0.013624	0.00357578	0.00228681	0.0143809	0.00364269	0.0123344	0.0223691	0.0596058	0.0111006	0.00415729	0.00202094	0.00200958
9	0.0865565	0.0154709	0.0165606	0.0177678	0.00388585	0.0149261	0.00911027	0.012172	0.0122693	0.00957271	0.00599244	0.0254561	0.0055157	0.0194445	0.0112016	0.230113	0.466521	0.0338394	0.00070863	0.00291635
10	0.026533	0.00453499	0.00345328	0.00431694	0.671866	0.00417948	0.0145959	0.017204	0.00426433	0.101389	0.014739	0.00360104	0.0107311	0.00496041	0.00389109	0.0101812	0.00733471	0.0155977	0.0142137	0.0624134
11	0.0927398	0.0827462	0.0175081	0.0225046	0.0128349	0.0202029	0.0128566	0.0406846	0.0253519	0.0646301	0.0140019	0.0227374	0.138957	0.0221896	0.0512332	0.0856934	0.185594	0.0780839	0.0017067	0.00774321
12	0.0566653	0.00946009	0.256041	0.106681	0.00817469	0.0231062	0.0281433	0.0131759	0.0665819	0.026508	0.00794285	0.071462	0.0178855	0.0589542	0.110369	0.0622175	0.0473062	0.0181659	0.00236803	0.00879177
13	0.0697951	0.0150556	0.0337162	0.0565354	0.0122736	0.0305431	0.0304011	0.0225457	0.199365	0.039376	0.0177135	0.0395535	0.0231458	0.0756536	0.164503	0.0676752	0.0584556	0.0313504	0.00226137	0.0100815
14	0.0233308	0.00557808	0.000674299	0.00373675	0.00982029	0.0026791	0.00315474	0.344506	0.00112985	0.193151	0.0304641	0.00195762	0.000840837	0.0021355	0.00289865	0.00467123	0.00975015	0.35377	0.000397749	0.00535382
15	0.0704495	0.0231926	0.00946193	0.0147063	0.0276872	0.0128526	0.0103872	0.102263	0.0223578	0.253267	0.0259108	0.0113869	0.186485	0.0198733	0.0343075	0.03545	0.0431695	0.0785266	0.00388782	0.0143779
16	0.10442	0.0291086	0.0467145	0.024663	0.0113583	0.045017	0.0307067	0.00716568	0.0215369	0.0120781	0.00569072	0.104801	0.00900651	0.0261234	0.0260714	0.387294	0.0737948	0.0169914	0.00552668	0.0119316
17	0.0602489	0.0285214	0.0931949	0.487781	0.00269834	0.00505886	0.0657515	0.0243289	0.00401753	0.014827	0.00222323	0.0063045	0.0139161	0.0405776	0.0154315	0.0453993	0.00895278	0.0707469	0.000720507	0.00929898
18	0.0659958	0.0104772	0.00775405	0.0256959	0.011348	0.0171786	0.151366	0.00918924	0.0664821	0.0566703	0.00520541	0.16058	0.00375558	0.0682382	0.194322	0.0481012	0.047474	0.0217389	0.00184421	0.0265833
19	0.11951	0.0200961	0.0190977	0.0463856	0.0482085	0.0314283	0.0472664	0.0199936	0.0221684	0.0316184	0.00925963	0.023627	0.20852	0.0305258	0.0418023	0.0638923	0.0288412	0.0351221	0.00591956	0.146717
20	0.140567	0.00406472	0.14592	0.108721	0.00118493	0.0320286	0.0199881	0.00442045	0.0823062	0.00663316	0.000627361	0.0534749	0.180664	0.0532264	0.0543508	0.0739119	0.0224622	0.0129235	0.000165745	0.00235847
21	0.0344075	0.00651934	0.446975	0.204745	0.00337064	0.0229922	0.0173105	0.0029528	0.0236963	0.0120294	0.00513279	0.0656205	0.0122342	0.04391	0.0247889	0.0416094	0.0155596	0.0108824	0.00104241	0.00422168
22	0.306308	0.0158568	0.0172975	0.0186488	0.00218332	0.0716224	0.00593412	0.00913848	0.0132046	0.0162293	0.00243992	0.0190565	0.278553	0.012807	0.0210386	0.121204	0.0301023	0.0300065	0.000390013	0.0079784
23	0.174483	0.0340288	0.0103919	0.0162008	0.003223	0.0423007	0.00594469	0.0346433	0.0122455	0.0362408	0.00452562	0.0134564	0.385663	0.0101146	0.0231025	0.0536266	0.0211562	0.108556	0.000651111	0.0094456
24	0.0574788	0.0530968	0.00164655	0.00381807	0.0146431	0.00356612	0.00832945	0.115641	0.00375335	0.12789	0.0229116	0.0025923	0.0181808	0.00475003	0.0183494	0.0377711	0.299044	0.201183	0.000548453	0.00480564
25	0.150519	0.0106862	0.0328708	0.317268	0.007253	0.00950833	0.099058	0.0146584	0.0205357	0.0470881	0.0106667	0.0108735	0.00622744	0.11831	0.0348453	0.051238	0.0172545	0.0270801	0.00435823	0.00970049
26	0.371295	0.010673	0.0012452	0.0016863	0.00105132	0.506506	0.00153025	0.00667385	0.00162484	0.00183431	0.00101917	0.00376365	0.0110927	0.0018941	0.00205038	0.0413004	0.0191712	0.0143143	0.000246286	0.00102825
27	0.0149072	0.00501997	0.000389993	0.000963297	0.00262871	0.00147741	0.00160806	0.495598	0.000629766	0.0701499	0.032147	0.00121402	0.00400709	0.00381919	0.00170041	0.00335662	0.0161859	0.342116	0.000105818	0.00197603
28	0.0210162	0.00517248	0.00644028	0.0110683	0.0101051	0.0186125	0.0153277	0.00338882	0.146405	0.0165321	0.00853759	0.0225738	0.0102767	0.0307389	0.599996	0.0217728	0.0201305	0.0104733	0.000988417	0.0204442
29	0.0483436	0.00132657	0.0752649	0.082677	0.00111888	0.0246369	0.0234412	0.00985607	0.0925302	0.0611953	0.00143156	0.00756896	0.00118733	0.0868784	0.397207	0.0286673	0.0350023	0.0069112	0.000425379	0.01433
30	0.00355867	0.00237314	0.000516274	0.00628424	0.012415	0.00123484	0.00463875	0.392198	0.000794683	0.254065	0.046981	0.0017099	0.000429122	0.00304718	0.00289879	0.00190114	0.00722362	0.25242	0.000147106	0.0051635
31	0.0155549	0.00425934	0.000998265	0.00319503	0.0327674	0.0015718	0.0030906	0.11235	0.00338138	0.437649	0.232795	0.0018784	0.00286033	0.0057899	0.00839051	0.0113857	0.0385231	0.0631063	0.0059959	0.0144567
32	0.134287	0.0161772	0.10507	0.144914	0.00654738	0.0421537	0.0206221	0.00717335	0.0699571	0.0100309	0.00381019	0.0522884	0.0624021	0.085683	0.0547913	0.0973831	0.0677686	0.0156424	0.000381503	0.00291647
33	0.129802	0.0602983	0.0483787	0.0638478	0.020519	0.0128371	0.00975286	0.00501488	0.00882937	0.00574771	0.00341606	0.0453534	0.00228024	0.0248964	0.0100404	0.420667	0.0326003	0.020753	0.0481646	0.0268001
34	0.00846599	0.00441793	0.000382331	0.00305942	0.00702968	0.00157932	0.00236142	0.446839	0.000685003	0.160784	0.0337896	0.00184821	0.00194172	0.00255351	0.0020316	0.00261811	0.0114224	0.304827	7.57287e-05	0.00328813
35	0.0131353	0.00207378	0.00407179	0.00431107	0.00477555	0.04047	0.0138389	0.00178813	0.13312	0.0117242	0.00622988	0.011852	0.00397767	0.0310428	0.676667	0.0086514	0.0105825	0.0135689	0.000670702	0.00744805
36	0.0169746	0.0042133	0.000993108	0.00260032	0.018232	0.00122851	0.00308677	0.222125	0.0025962	0.277907	0.268371	0.0016719	0.00216657	0.00752381	0.00661306	0.0106104	0.0294226	0.115089	0.00164652	0.00692824
37	0.0121466	0.0013335	0.00604418	0.00224962	0.00143141	0.923826	0.00273053	0.000745371	0.00324305	0.00185498	0.00087416	0.00760125	0.00179658	0.00127085	0.00393935	0.0193201	0.00455955	0.00307954	0.000850438	0.00110268
38	0.0741713	0.0225455	0.010523	0.0170424	0.00678095	0.0105677	0.00964925	0.0300558	0.0150313	0.0284339	0.00847943	0.0230783	0.0121212	0.021053	0.0190447	0.139958	0.467194	0.0779416	0.00163273	0.00469625
39	0.0828786	0.0199294	0.0112013	0.0149439	0.00650979	0.0116596	0.0100543	0.0309616	0.0155017	0.0284089	0.0140962	0.0227946	0.00923951	0.0176481	0.0157399	0.149389	0.459826	0.0742582	0.000997506	0.00396246
40	0.0340255	0.00838238	0.00544205	0.0144323	0.00570203	0.00380718	0.0073202	0.322923	0.0108593	0.10381	0.0215577	0.00443163	0.00269748	0.014298	0.0364658	0.0157583	0.0339591	0.348773	0.00029698	0.00505844
41	0.43946	0.01655	0.00195612	0.00273199	0.00177762	0.358312	0.00363673	0.0152383	0.00307491	0.00355578	0.00188088	0.00742105	0.0114969	0.00338103	0.00345051	0.0677296	0.0331642	0.0229879	0.000555563	0.00163908
42	0.188605	0.0316426	0.011064	0.0193917	0.00597964	0.0262266	0.0113849	0.0251914	0.0160287	0.0283331	0.00816886	0.0255615	0.0132453	0.0220259	0.0210914	0.17205	0.299812	0.0681106	0.00158828	0.00449799
43	0.0559091	0.0298003	0.0868939	0.0310093	0.0114378	0.0443507	0.041315	0.0103007	0.0353162	0.0258485	0.00889132	0.35883	0.0187726	0.0426811	0.0422451	0.0689032	0.0485278	0.0204424	0.00365727	0.0148675
44	0.469833	0.0268253	0.0109885	0.0201866	0.00710286	0.0714601	0.0137172	0.0171796	0.0153191	0.0261956	0.00882396	0.0151273	0.0199316	0.0214536	0.0220801	0.127259	0.0494861	0.0489475	0.00124363	0.00683911
45	0.0148432	0.00614323	0.00117761	0.00525319	0.0392067	0.00179827	0.00344948	0.230866	0.003698	0.440974	0.0475933	0.0027268	0.00737084	0.00604352	0.00821672	0.00688303	0.017105	0.145277	0.00330014	0.00807373
46	0.0777699	0.0239841	0.0171746	0.0332574	0.0355323	0.0143522	0.0204877	0.0558851	0.0230791	0.271423	0.0508549	0.0197073	0.0221274	0.0372279	0.049188	0.09542	0.0598953	0.067717	0.00731596	0.0176004
47	0.0849242	0.013302	0.0961022	0.244761	0.00933019	0.0229413	0.0219978	0.0192434	0.0474689	0.0237496	0.0109417	0.0344354	0.0236737	0.0715875	0.0554152	0.0910432	0.0923237	0.0281693	0.00170728	0.00688268
48	0.0250973	0.00257904	0.00853511	0.0108177	0.0015393	0.0821205	0.0343006	0.00192888	0.164328	0.0177422	0.00620783	0.0110537	0.00193619	0.0470929	0.553656	0.00892744	0.00608396	0.0130896	0.000469405	0.00249416
49	0.0800724	0.0167742	0.054038	0.0964015	0.00144018	0.0145405	0.0217193	0.00714383	0.216777	0.0120885	0.00773557	0.0537007	0.00113832	0.113621	0.146938	0.0732841	0.0673975	0.012231	0.000422078	0.00253639
50	0.0114834	0.000733171	0.00648388	0.00202884	0.00124346	0.932478	0.0024152	0.000521301	0.00271383	0.00130605	0.00066527	0.00641635	0.00128153	0.00118158	0.00330714	0.017932	0.00357942	0.00243848	0.00083892	0.000951921
51	0.184155	0.00389602	0.102168	0.454648	0.00719888	0.00474385	0.0189164	0.00329551	0.0440068	0.00971766	0.015065	0.0202008	0.00587841	0.0530929	0.00785688	0.0195955	0.0310582	0.0118846	0.00102905	0.00159281
52	0.0735462	0.00332774	0.0219849	0.00621161	0.00559865	0.00395224	0.00497273	0.00531064	0.100141	0.00658132	0.00300702	0.0125582	0.194218	0.0150134	0.505084	0.0171646	0.00990041	0.00578748	0.00262009	0.00302
53	0.0592792	0.0585912	0.00135028	0.00167332	0.0143949	0.0037915	0.00846165	0.105962	0.00209396	0.127003	0.0242078	0.00214077	0.0171344	0.00390485	0.0155466	0.0409453	0.303975	0.204343	0.000538778	0.0046617
54	0.402086	0.0109672	0.0052949	0.00681182	0.00443596	0.0459549	0.00647512	0.0269887	0.0112853	0.111156	0.0064968	0.00677597	0.00867329	0.0132876	0.0142578	0.0159401	0.0302165	0.267447	0.00132979	0.00411938
55	0.00271328	0.00958559	0.000764731	0.000978354	0.0674919	0.00262369	0.000924871	0.0414503	0.00131244	0.77164	0.0393616	0.00318495	0.00112902	0.00127673	0.00208574	0.00205283	0.00506025	0.0433269	0.000681172	0.00235589
56	0.122292	0.0279433	0.000903593	0.00140298	0.0519947	0.00270686	0.00319606	0.0773425	0.00225775	0.341548	0.0518322	0.00134427	0.00104967	0.00355401	0.00719391	0.00299942	0.00473696	0.267522	0.00519213	0.0229872
57	0.0090618	0.00397798	0.00192896	0.00225487	0.00203618	0.00257079	0.00239151	0.463949	0.00240868	0.0291104	0.0137038	0.00261587	0.00357944	0.00452442	0.00914357	0.00574867	0.126535	0.312212	0.000421869	0.00182558
58	0.0446378	0.0103892	0.0108225	0.00879219	0.00719768	0.0110845	0.0136604	0.00784892	0.0112563	0.00655886	0.00457806	0.152725	0.00442297	0.0175926	0.0133088	0.195268	0.461592	0.0115331	0.00181306	0.00491772
59	0.0378234	0.0131782	0.00320351	0.0623743	0.00616073	0.00165261	0.00851123	0.00598864	0.352328	0.0281241	0.0131742	0.0168796	0.00102256	0.13445	0.233177	0.0519959	0.0223849	0.00504044	0.00141652	0.00111394
60	0.00664098	0.000612497	0.00582905	0.00182901	0.00104277	0.939052	0.0024184	0.000477841	0.00250514	0.00130815	0.000749949	0.00572274	0.000945491	0.00148596	0.00337684	0.0173878	0.0037933	0.00304071	0.000812016	0.000969452
61	0.0239869	0.00198924	0.000980493	0.0010827	0.758168	0.00291628	0.00784159	0.00749053	0.00254623	0.10182	0.0138008	0.00121523	0.00084093	0.0014167	0.0015514	0.00690021	0.00246901	0.00753577	0.0135554	0.0418922
62	0.0295219	0.00215258	0.00543516	0.00813607	0.00122664	0.0831435	0.0240231	0.00166401	0.191339	0.0130688	0.00751837	0.00285715	0.00122112	0.0336897	0.573774	0.00390763	0.00332919	0.0114453	0.000464173	0.00208354
63	0.0559273	0.00995386	0.349193	0.0400379	0.0120881	0.0149914	0.127623	0.00465511	0.0297119	0.0134702	0.00422507	0.160187	0.01784	0.0306	0.0226124	0.0622823	0.0146523	0.0154051	0.00323193	0.0113126
64	0.11729	0.0331834	0.00487031	0.0178634	0.0149043	0.00575037	0.0125542	0.116572	0.00583991	0.214718	0.0473628	0.0097171	0.00794763	0.0817663	0.0350267	0.0458286	0.0282206	0.185116	0.00089546	0.0145736
65	0.0129045	0.0142469	0.000835505	0.0014752	0.0745629	0.00259458	0.00262971	0.0845218	0.00144487	0.639135	0.0418974	0.0030546	0.00153767	0.00267998	0.00352242	0.00375579	0.0134752	0.0870514	0.000989089	0.00768544
66	0.0888229	0.00758788	0.0320051	0.13326	0.00819943	0.010333	0.134111	0.00845274	0.0758792	0.0327511	0.0230977	0.0390786	0.00265779	0.114582	0.127991	0.0218824	0.0166259	0.0607023	0.0186072	0.0433731
67	0.0152251	0.0056905	0.00119446	0.00577994	0.0192109	0.00218354	0.00425717	0.380119	0.00455215	0.199898	0.0351174	0.00235225	0.00280829	0.00509392	0.00731313	0.00583042	0.0150868	0.280884	0.000893551	0.00650952
68	0.38251	0.0104412	0.0015507	0.00212449	0.00109333	0.480003	0.0018363	0.00601086	0.00210125	0.00257257	0.00114626	0.00398398	0.0126404	0.00236809	0.0023701	0.0509337	0.0198921	0.0152114	0.000280224	0.00092936
69	0.00900933	0.00997462	0.510303	0.0128765	0.00391458	0.0237697	0.0138713	0.00288853	0.0146727	0.0059168	0.00731863	0.212657	0.00157506	0.0235546	0.00497656	0.055366	0.0505352	0.00452502	0.000818942	0.0314763
70	0.077537	0.0168165	0.0422584	0.091098	0.0168594	0.0374731	0.049694	0.0225037	0.0670046	0.0446344	0.0275871	0.0373691	0.0128785	0.211269	0.0790783	0.0669449	0.0500684	0.0287524	0.00353683	0.016636
71	0.357224	0.00436453	0.0230007	0.0652046	0.00568624	0.0128887	0.0401367	0.00382637	0.0161027	0.0217942	0.00462001	0.0627945	0.0017722	0.029984	0.0361906	0.198345	0.0914471	0.0210898	0.00119311	0.00233505
72	0.0665865	0.0129658	0.0283955	0.0242824	0.00851191	0.0139255	0.0153585	0.0137965	0.0678006	0.0212862	0.00871088	0.0221542	0.229327	0.0257258	0.341872	0.0444309	0.0231315	0.019308	0.00260839	0.00982294
73	0.0721301	0.0110703	0.041166	0.0372088	0.00558472	0.0365377	0.0118479	0.00682561	0.0392473	0.0150749	0.00242402	0.0266461	0.55101	0.0147796	0.030263	0.0626886	0.0126816	0.0169338	0.000312154	0.00556809
74	0.0206172	0.00367404	0.196716	0.0292614	0.0146458	0.00352082	0.0818316	0.0030278	0.222083	0.00424872	0.00275428	0.136618	0.00215435	0.0819154	0.110738	0.0714162	0.00625992	0.00516467	0.000644641	0.00270752
75	0.00632738	0.00308932	0.000565887	0.00071261	0.0458185	0.00092407	0.000591361	0.18413	0.00184696	0.588761	0.059946	0.00137143	0.00435015	0.000971589	0.00310576	0.00138206	0.0144562	0.068768	0.0049549	0.00792653
76	0.0265889	0.00672344	0.0050855	0.00478917	0.661761	0.00481866	0.0175929	0.0171654	0.00424136	0.0985517	0.0146701	0.00602986	0.0023896	0.00516355	0.00508292	0.0128162	0.0102003	0.0147585	0.0151822	0.0663885
77	0.0515586	0.00126676	0.265467	0.336676	0.00395755	0.0301531	0.00427749	0.00168274	0.0314844	0.00184482	0.0100123	0.0356842	0.00872826	0.0745737	0.0285273	0.0836841	0.0240562	0.00563719	0.000236719	0.000491162
78	0.0210318	0.00820904	0.00555518	0.0155327	0.057534	0.00912309	0.0152642	0.0507774	0.0334225	0.47788	0.0189689	0.00603889	0.0080667	0.0508673	0.0808851	0.0160494	0.0571479	0.0268288	0.0168252	0.0239917
79	0.0868641	0.00838813	0.0736326	0.129173	0.000366043	0.0230166	0.0243891	0.0074056	0.142314	0.0103614	0.00630968	0.065395	0.000921317	0.0960252	0.140323	0.090124	0.082835	0.00980763	9.89865e-05	0.00225073
80	0.0578141	0.0364322	0.0033867	0.042414	0.00633025	0.00228918	0.0105987	0.0160872	0.279812	0.0400267	0.0379003	0.0184447	0.00119661	0.118474	0.212934	0.0462065	0.0469923	0.0179704	0.00258458	0.00210551
81	0.085292	0.0120028	0.0149246	0.0349913	0.00705542	0.0203806	0.00944838	0.0278591	0.0294167	0.0543127	0.0273102	0.0161072	0.400795	0.0381772	0.0519672	0.0826201	0.0411864	0.0374877	0.000631073	0.00803429
82	0.0496995	0.00113806	0.264863	0.341248	0.00382777	0.0301962	0.00400907	0.00164053	0.0308178	0.0015424	0.0101537	0.0352017	0.00774573	0.0743109	0.0284943	0.0850326	0.0240151	0.00536699	0.000235399	0.000460959
83	0.105616	0.00805041	0.00336804	0.00489444	0.0177314	0.0182013	0.00437969	0.0531849	0.00522608	0.191449	0.101779	0.0651117	0.0915709	0.0946468	0.0223332	0.0258019	0.0539984	0.12808	0.00103725	0.00353995
84	0.00524185	0.00216099	0.000446603	0.00279893	0.0335795	0.00099477	0.0018799	0.271583	0.00151504	0.45261	0.0553977	0.00135909	0.0032179	0.00162514	0.00315511	0.00151056	0.0119037	0.138551	0.0035806	0.00688772
85	0.0606597	0.00899263	0.00252189	0.0721512	0.125997	0.0115205	0.13414	0.0168881	0.0208575	0.028507	0.0106202	0.00351763	0.0337543	0.0476142	0.0414861	0.0212452	0.0199877	0.00990183	0.00974476	0.319892
86	0.0499516	0.00117655	0.261992	0.339819	0.00376686	0.0301895	0.00420718	0.00173669	0.0317782	0.00166074	0.0100655	0.0355094	0.00763874	0.0747254	0.0293426	0.085844	0.024542	0.00535637	0.000230685	0.000466652
87	0.0165197	0.00507294	0.000552609	0.000660385	0.00168216	0.00207878	0.000897358	0.469769	0.000695167	0.0600763	0.018619	0.00142878	0.00350344	0.00226211	0.00191518	0.00368444	0.0181515	0.390094	0.000117962	0.00221897
88	0.0419879	0.00743611	0.00165561	0.0040982	0.00601238	0.00420467	0.00409016	0.276177	0.00197469	0.120854	0.0150795	0.00285455	0.000219701	0.00110719	0.00259837	0.00609353	0.0103802	0.485831	8.25613e-05	0.00726249
89	0.171809	0.0119612	0.0648281	0.202708	0.0066463	0.12003	0.021451	0.00639003	0.0494644	0.0102693	0.0113041	0.0373419	0.0274886	0.0663764	0.0568556	0.0786244	0.0339588	0.0132958	0.00199919	0.00719769
90	0.0536322	0.00962162	0.00102292	0.00114846	0.00289731	0.00566577	0.00206655	0.25841	0.00157347	0.0983125	0.0090683	0.00284097	0.00021596	0.000458797	0.00287911	0.00769887	0.0123662	0.52459	7.42032e-05	0.00545679
91	0.0444751	0.00919647	0.412119	0.144326	0.0015406	0.00289579	0.0177604	0.00209696	0.0503999	0.0320022	0.00183973	0.105858	0.0527144	0.0195674	0.0370242	0.0445607	0.0139888	0.00606984	0.000421368	0.00114267
92	0.058216	0.0372583	0.0535633	0.133456	0.00924491	0.393368	0.0165029	0.00442709	0.03064	0.00569901	0.0107495	0.0742655	0.0171065	0.0417908	0.0184769	0.0563929	0.021383	0.00825805	0.00144963	0.0077513
93	0.0432169	0.00894241	0.0162049	0.0234257	0.00912485	0.0273878	0.0193204	0.0126485	0.105485	0.0295949	0.0103461	0.0239583	0.0192626	0.0456297	0.510321	0.0341418	0.0276634	0.0205358	0.00166927	0.0111206
94	0.00420188	0.00205202	0.000800485	0.00781617	0.012695	0.00111215	0.00540023	0.371696	0.00109287	0.256275	0.0456028	0.00157294	0.000313127	0.0028044	0.00265918	0.00180725	0.00589329	0.269253	0.000215627	0.00673594
95	0.0256422	0.0193487	0.164723	0.0261724	0.00314314	0.0521878	0.00484082	0.123526	0.00508193	0.0833874	0.0346416	0.00618815	0.00223598	0.0764436	0.0409627	0.0592443	0.137416	0.131443	0.000894975	0.00247663
96	0.0129519	0.0168293	0.0017432	0.00212146	0.280353	0.00144849	0.00881497	0.279045	0.00295229	0.158852	0.0023704	0.00797932	0.00219162	0.00280937	0.00302371	0.0107635	0.0104352	0.151336	0.00120473	0.0427746
97	0.077713	0.0118887	0.0733293	0.114973	0.000845805	0.0196801	0.0218803	0.00617924	0.129299	0.00901489	0.00593202	0.0636663	0.00116812	0.095294	0.176423	0.0873877	0.0917384	0.0102943	0.000215244	0.00307809
98	0.112203	0.0426965	0.00495685	0.0023277	0.00652759	0.0465932	0.00868034	0.0023645	0.000997127	0.00310836	0.000678073	0.0167071	0.00178123	0.00456606	0.00126146	0.649264	0.0768237	0.0151029	0.000615438	0.00274482
99	0.0509776	0.00941903	0.00105837	0.00133993	0.00316898	0.00533506	0.00215847	0.267448	0.00158091	0.101232	0.0100177	0.00280295	0.000311261	0.000566937	0.00276134	0.00724466	0.0121922	0.514728	7.46415e-05	0.00558179
100	0.558733	0.0215576	0.0058219	0.00197168	0.00294124	0.0357601	0.00696326	0.00374013	0.00358597	0.00894648	0.00327227	0.00543908	0.0127231	0.00552329	0.00497771	0.236219	0.0442519	0.035958	0.000432058	0.00118222
101	0.00807338	0.0039908	0.000284091	0.00050171	0.00150686	0.00112756	0.000486785	0.529028	0.000444148	0.0575824	0.0226095	0.00101249	0.00438005	0.0027903	0.00112991	0.00273189	0.0157195	0.345055	7.68679e-05	0.00146861
102	0.564119	0.0996534	0.00202881	0.00235848	0.00669334	0.00393524	0.00273271	0.00771249	0.00927907	0.0309723	0.0102985	0.00812201	0.00197257	0.0189914	0.0064336	0.113983	0.0515485	0.0568798	0.000560787	0.00172491
103	0.00523775	0.0110993	0.00116649	0.00124242	0.109994	0.00313223	0.00102667	0.0207188	0.00157589	0.759546	0.0360118	0.00334674	0.00100767	0.0018293	0.00235666	0.00260572	0.0042188	0.0307605	0.00028189	0.0028414
104	0.0247991	0.00353536	0.00110681	0.00165399	0.011692	0.00122425	0.0016473	0.067479	0.00357051	0.256089	0.474313	0.00160084	0.000757102	0.00791498	0.00791446	0.0189962	0.0432466	0.0647704	0.000262058	0.00742689
105	0.0716506	0.0148932	0.0895511	0.0365753	0.019433	0.0327632	0.165148	0.0123136	0.0429291	0.024339	0.0106202	0.182695	0.0165316	0.0516681	0.0589863	0.0872301	0.035637	0.0211484	0.00413733	0.0217501
106	0.559617	0.0105964	0.00583338	0.00145396	0.00209189	0.127327	0.0053206	0.00409589	0.00141104	0.00353311	0.00121515	0.00428377	0.0118317	0.0026445	0.0042208	0.21033	0.0245804	0.0179592	0.000280685	0.00137331
107	0.0132916	0.00334422	0.00297202	0.00638607	0.250775	0.00378831	0.104834	0.00767239	0.00390493	0.0488143	0.00971376	0.00170638	0.00605021	0.0133125	0.00961767	0.0161611	0.00590153	0.0238971	0.0379897	0.429868
108	0.0939694	0.0216607	0.00834016	0.0196234	0.00447889	0.0211607	0.00795603	0.178204	0.122538	0.116887	0.0541332	0.00642166	0.00556062	0.0443551	0.108291	0.0252602	0.0495681	0.104618	0.0012586	0.00571607
109	0.053085	0.00957761	0.00104175	0.00116646	0.00294462	0.00557807	0.00207969	0.260771	0.00157892	0.0984886	0.00915597	0.00280541	0.000241742	0.000467782	0.0028393	0.00760655	0.0122952	0.522693	7.45349e-05	0.00550927
110	0.317215	0.00188503	0.00533987	0.131275	0.00219892	0.146923	0.029477	0.00303737	0.0469629	0.00383413	0.0143478	0.035722	0.00143283	0.0569432	0.0901662	0.0873917	0.0183069	0.00459901	0.000750963	0.0021905
111	0.103157	0.00893433	0.0709749	0.122158	0.000610667	0.0244461	0.0228759	0.0077328	0.143787	0.0109715	0.00749672	0.0583527	0.00136469	0.0945011	0.143263	0.0886599	0.075493	0.0128696	7.62767e-05	0.00227457
112	0.00825419	0.00120281	0.000564529	0.000753468	0.0504387	0.000654453	0.000674726	0.235938	0.0023922	0.503749	0.0626771	0.000864183	0.0057108	0.000948412	0.00352064	0.00140069	0.0165612	0.0854061	0.00729285	0.0109955
113	0.49622	0.0797961	0.00533234	0.00711449	0.0204377	0.0104334	0.00713947	0.0115669	0.0125368	0.0371077	0.0106923	0.0117656	0.00516729	0.0205993	0.0117123	0.151399	0.0535339	0.0421554	0.00163909	0.00365114
114	0.0478598	0.00353564	0.0497563	0.0831676	0.00166593	0.0198205	0.0180866	0.0146951	0.120571	0.057876	0.00739459	0.0068916	0.00115361	0.0957883	0.370695	0.0356603	0.0361355	0.0160972	0.000383422	0.0127656
115	0.0470778	0.00876596	0.00746842	0.0101701	0.530222	0.00660237	0.0290528	0.0415229	0.0129697	0.0762544	0.013781	0.00988634	0.00304851	0.0165059	0.0189738	0.0353435	0.0147881	0.0251305	0.0140946	0.0783417
116	0.0905186	0.0222262	0.0556877	0.0973854	0.00682971	0.00722206	0.0383394	0.00451064	0.064975	0.0151653	0.00805393	0.0242763	0.0377828	0.0582661	0.0798802	0.161292	0.207373	0.0158734	0.000324478	0.00401768
117	0.0169639	0.0073438	0.0569101	0.0428566	0.0365604	0.00626161	0.09875	0.00728531	0.00987679	0.0143258	0.00768776	0.0761184	0.00236311	0.413845	0.0135965	0.0656532	0.0573021	0.01111	0.000967369	0.0542225
118	0.0101208	0.00431897	0.00030648	0.000430187	0.00131625	0.00136141	0.000523693	0.516589	0.000483767	0.0538413	0.0212931	0.0009879	0.00422171	0.00269154	0.00113394	0.00292743	0.0159034	0.359878	6.98717e-05	0.00160161
119	0.0536525	0.00943837	0.00452007	0.00680466	0.00131256	0.00248858	0.00220663	0.016222	0.00525764	0.00771601	0.00579907	0.0156074	0.00387265	0.0127226	0.0031803	0.21841	0.581204	0.0481278	0.000423667	0.0010336
120	0.0635807	0.0551876	0.00161045	0.00227621	0.0133304	0.00322894	0.00651875	0.111412	0.00243234	0.14802	0.0213513	0.00260875	0.0317361	0.00350233	0.017539	0.0354721	0.292926	0.18082	0.000656056	0.00579094
121	0.0424677	0.00770648	0.00236017	0.00339351	0.0222856	0.00279211	0.00774335	0.0499555	0.0139005	0.150347	0.40273	0.00395172	0.00160016	0.0272054	0.0429653	0.049964	0.0724133	0.0911498	0.000620038	0.00444782
122	0.0184138	0.00656638	0.000611096	0.000681647	0.00282088	0.00117295	0.00364952	0.515061	0.000793415	0.0559627	0.0568746	0.0011379	0.00532386	0.00804276	0.00312531	0.00488785	0.0215861	0.291936	0.000145127	0.00120636
123	0.0241679	0.00229534	0.00636993	0.0085988	0.00137163	0.0766104	0.0277384	0.00182448	0.180674	0.0166216	0.00583073	0.00521985	0.00145377	0.0420832	0.572412	0.00514826	0.00453003	0.014372	0.000446731	0.00223103
124	0.0303007	0.00632442	0.000603633	0.000822656	0.0558037	0.000874412	0.00128227	0.203177	0.0021056	0.46553	0.0647108	0.00086704	0.00432587	0.00107832	0.00444992	0.00146396	0.0131079	0.12031	0.00655232	0.0163094
125	0.0461099	0.00872753	0.000940795	0.00145683	0.0036909	0.00531448	0.00204682	0.287614	0.00142447	0.108296	0.0126718	0.0027759	0.000478855	0.000691852	0.00282044	0.00714173	0.0125256	0.490056	7.49133e-05	0.00514091
126	0.111848	0.022456	0.0279346	0.0250165	0.00180949	0.0463222	0.00466907	0.00628486	0.014175	0.0197271	0.00420562	0.025056	0.459415	0.0129637	0.0387709	0.123776	0.0193911	0.0234754	0.000390708	0.0123127
127	0.0531311	0.0130415	0.0370714	0.0495546	0.010908	0.0259578	0.0393148	0.0125787	0.102642	0.0300178	0.01159	0.0846138	0.0124636	0.0941368	0.285334	0.0588401	0.045751	0.0200254	0.00197585	0.0110522
128	0.480042	0.0197916	0.00178101	0.00184151	0.00200055	0.274115	0.0023707	0.00809557	0.00225771	0.00282725	0.0011996	0.0074479	0.00778246	0.00363677	0.00237508	0.108286	0.0472838	0.0254047	0.000343809	0.00111797
129	0.0466431	0.0212722	0.0931813	0.075581	0.10229	0.0116707	0.0821452	0.0107238	0.0133564	0.0712654	0.0376361	0.0617914	0.00155898	0.116138	0.0270037	0.0704507	0.0426728	0.0309522	0.0119518	0.0717153
130	0.184795	0.0268625	0.0145619	0.0167622	0.00534151	0.0263583	0.0116305	0.00964213	0.0146234	0.0123521	0.00505458	0.0266077	0.0104626	0.0201414	0.0138054	0.266014	0.291184	0.0397872	0.000900599	0.00311273
131	0.28616	0.0453165	0.00197862	0.00217179	0.00126412	0.0127298	0.00286391	0.00530353	0.016534	0.0172902	0.00218985	0.00844454	0.00414809	0.00427934	0.00299227	0.233233	0.267128	0.0841949	0.000789462	0.000988082
132	0.1105	0.0784923	0.00163423	0.00172685	0.00299223	0.0109617	0.00466977	0.0597131	0.0028758	0.0557843	0.00462584	0.00271965	0.00259822	0.00588648	0.00525444	0.0855103	0.249467	0.310575	0.00225738	0.00175465
133	0.085082	0.0144528	0.00282275	0.00850101	0.00490305	0.00650527	0.00695821	0.218835	0.0103804	0.10651	0.0109921	0.00411468	0.00139905	0.0123937	0.0163792	0.0363755	0.0248201	0.42089	0.000266187	0.00741844
134	0.0290928	0.00746942	0.553723	0.122571	0.00183046	0.00750211	0.0211425	0.00193447	0.0237635	0.0242018	0.00191849	0.0964754	0.0225555	0.0109212	0.0232459	0.029951	0.0103556	0.00884308	0.000595265	0.00190776
135	0.514285	0.0156556	0.00286057	0.00331522	0.00186829	0.24258	0.00330088	0.00687305	0.00194635	0.00260508	0.001274	0.00590492	0.0102595	0.00373513	0.00345577	0.124717	0.0313601	0.022522	0.000352287	0.00112993
136	0.115656	0.0179604	0.0139606	0.0346223	0.0667959	0.0162751	0.0442308	0.102479	0.0259729	0.104557	0.0252438	0.0172811	0.0167065	0.0349308	0.0440741	0.0459792	0.036703	0.103902	0.00930768	0.123361
137	0.0507489	0.0116235	0.00119721	0.00272648	0.0114364	0.00526969	0.00310001	0.250238	0.00216143	0.178528	0.0213584	0.00238279	0.0012401	0.00220014	0.00427693	0.00756669	0.0150736	0.420779	0.000855231	0.00723738
138	0.0912468	0.0067099	0.0755597	0.00913644	0.00476318	0.0640645	0.0518639	0.00357994	0.00858557	0.00395267	0.0035591	0.0588853	0.00215802	0.0201745	0.00881025	0.385259	0.169727	0.00875479	0.000689866	0.0225203
139	0.104512	0.0245075	0.0268241	0.03106	0.0102611	0.0366709	0.0138842	0.0157449	0.0232921	0.0243384	0.00725075	0.0292558	0.379748	0.0201696	0.0393042	0.110848	0.0319	0.0336676	0.00174994	0.0350116
140	0.0314688	0.0198984	0.010727	0.0726163	0.00575102	0.00148622	0.0304024	0.175992	0.0534811	0.0574729	0.00490642	0.00917834	0.000500293	0.028936	0.048756	0.0338979	0.130322	0.276395	0.000210775	0.00760056
141	0.0053975	0.00232426	0.000418421	0.00324427	0.0314857	0.000920435	0.00208212	0.301332	0.00134766	0.407846	0.0555879	0.00134584	0.00243628	0.00185328	0.00343259	0.00175816	0.0108799	0.155732	0.00326093	0.00731378
142	0.0477629	0.00122522	0.0753684	0.0821774	0.00110509	0.0250716	0.0232285	0.00994666	0.0932085	0.0602736	0.00134453	0.00768928	0.00112326	0.0864275	0.398214	0.028671	0.0356057	0.00689318	0.00040956	0.0142543
143	0.0476916	0.00121268	0.0753034	0.0820988	0.00110451	0.0249857	0.0232351	0.00994719	0.093138	0.0603817	0.00133969	0.00760431	0.00112708	0.0863676	0.398685	0.0285113	0.0355899	0.00690945	0.000424247	0.0143432
144	0.0273413	0.00592031	0.00883976	0.0188378	0.2076	0.00675626	0.106674	0.0119611	0.0125225	0.047615	0.0121048	0.00800883	0.00994228	0.0237431	0.0223491	0.0239375	0.0113098	0.0250849	0.0297019	0.379749
145	0.0535246	0.00959128	0.00102462	0.00118158	0.00291933	0.00565662	0.00209315	0.258478	0.00157453	0.0984664	0.0090915	0.00283766	0.00021596	0.000462843	0.00287777	0.00768972	0.0123752	0.524372	7.42032e-05	0.00549319
146	0.105066	0.0094532	0.0970614	0.12294	0.000842669	0.023007	0.0247067	0.00725817	0.127687	0.0136802	0.00513696	0.0630607	0.0150964	0.0913865	0.119702	0.0917014	0.0682928	0.0117288	8.22739e-05	0.00211022
147	0.0588704	0.00130424	0.0679392	0.0806551	0.00107064	0.136322	0.0592918	0.00154839	0.0688855	0.0149728	0.0116846	0.123658	0.000653033	0.139935	0.0629775	0.105984	0.0471141	0.00499902	0.00037003	0.011765
148	0.0495351	0.00449904	0.0472074	0.0181885	0.0030912	0.00362559	0.00721391	0.0165363	0.148401	0.00699398	0.00406897	0.0707983	0.149475	0.0657252	0.290049	0.0620237	0.0318112	0.0050828	0.0124448	0.00322797
149	0.0218474	0.00857865	0.000763676	0.00409398	0.0329132	0.00231321	0.00377325	0.312574	0.00147309	0.24008	0.034244	0.00250923	0.000897467	0.00238835	0.00356649	0.00414678	0.0117466	0.301737	0.00103395	0.00931912
150	0.0645826	0.0102451	0.0388411	0.105576	0.085616	0.00336246	0.0403517	0.0145344	0.0136913	0.202393	0.089161	0.00575097	0.00168714	0.124742	0.0341456	0.0464698	0.034127	0.0304581	0.0235174	0.0307464
151	0.0404094	0.0102442	0.0014971	0.00353929	0.397975	0.0024657	0.00828256	0.0886324	0.00342405	0.217153	0.0264864	0.00255718	0.00176813	0.00349974	0.0058561	0.00676473	0.00968493	0.112017	0.0108607	0.0468824
152	0.0365897	0.008499	0.00379252	0.00864126	0.0179357	0.00383117	0.00665005	0.104557	0.00779442	0.22501	0.345491	0.00422689	0.00568636	0.018585	0.020873	0.0353828	0.0489531	0.085732	0.00230224	0.00946652
153	0.0531383	0.0353752	0.00393064	0.0395833	0.00843164	0.00290275	0.0126164	0.0109177	0.264668	0.0319937	0.0403073	0.0170854	0.00194668	0.139182	0.223149	0.0499356	0.04633	0.012521	0.00307814	0.00290688
154	0.114302	0.0238762	0.0516464	0.0358988	0.0101544	0.0410651	0.0329858	0.00763116	0.028303	0.0148893	0.00647385	0.119861	0.0105767	0.035488	0.0386857	0.32421	0.0680133	0.0181922	0.00512248	0.0126247
155	0.114074	0.00866059	0.0801963	0.00749427	0.00535108	0.041962	0.0423696	0.00384379	0.00563042	0.00416787	0.00235113	0.063941	0.00196726	0.0152473	0.00731646	0.449473	0.114867	0.0104757	0.00245482	0.0181565
156	0.0107664	0.00136931	0.00775809	0.00306112	0.00134007	0.919632	0.00313656	0.000648484	0.00420549	0.0014539	0.000662436	0.0076002	0.00148701	0.00414083	0.00417651	0.0196391	0.00436716	0.00265987	0.000752946	0.00114263
157	0.340834	0.025751	0.00659035	0.00978426	0.00807376	0.168406	0.00681812	0.00851525	0.00870769	0.00913262	0.00245878	0.0267186	0.0117746	0.0185966	0.0065465	0.1792	0.128301	0.0305749	0.000609314	0.00260732
158	0.013945	0.00798925	0.00152239	0.00268457	0.0434089	0.0023291	0.0022023	0.102715	0.00364704	0.574451	0.122743	0.00275817	0.00515914	0.00496682	0.00602986	0.00676383	0.0180187	0.0700686	0.00207475	0.00652202
159	0.41108	0.0244819	0.00711314	0.00186763	0.00118634	0.0125528	0.0114303	0.0784211	0.026587	0.0415021	0.00337361	0.00783518	0.0021999	0.0179377	0.0388833	0.0237787	0.102917	0.183959	0.000429109	0.00246398
160	0.0737422	0.0650388	0.00634499	0.0224529	0.0130208	0.0247971	0.0697212	0.0436851	0.0504297	0.0199249	0.0115659	0.0696888	0.00473301	0.0741245	0.20567	0.113399	0.0848742	0.0325829	0.00167912	0.0125249
161	0.373991	0.00944709	0.00158669	0.00215674	0.00100347	0.490515	0.00187456	0.00598177	0.00184612	0.00317533	0.001175	0.00386268	0.0126472	0.00219093	0.00252978	0.0501778	0.0193611	0.0151623	0.00028737	0.001028
162	0.060686	0.0190374	0.00998065	0.0163396	0.0880341	0.00836451	0.0761498	0.0494052	0.104252	0.0501244	0.0189487	0.0537096	0.00861353	0.0546618	0.156797	0.139025	0.0378857	0.0136806	0.00594735	0.0283569
163	0.0453829	0.00836899	0.123401	0.0682069	0.00758324	0.00988667	0.055902	0.00517991	0.22315	0.00813908	0.00463014	0.0853058	0.0025176	0.0921715	0.133636	0.0806458	0.0347601	0.00706517	0.000682747	0.00338448
164	0.268953	0.0352286	0.00466964	0.00315673	0.00580347	0.0994076	0.00662539	0.00352623	0.00198995	0.00334555	0.00101641	0.0127199	0.00396552	0.00657225	0.00243646	0.457749	0.0638515	0.0160996	0.000432802	0.00245024
165	0.00793055	0.00363657	0.000363608	0.00264971	0.00539881	0.00142482	0.00194741	0.463952	0.000553691	0.139099	0.0301738	0.00158191	0.00243296	0.00251034	0.00178886	0.00251219	0.0127454	0.316427	7.36841e-05	0.00279794
166	0.0161979	0.00703024	0.00164416	0.00220946	0.0367541	0.00199021	0.00220704	0.0952216	0.00269596	0.518677	0.181818	0.00297913	0.00223487	0.00578276	0.00687892	0.00971224	0.0210673	0.0775332	0.00165301	0.00571255
167	0.118831	0.040245	0.0208015	0.0213872	0.01144	0.0441963	0.0161037	0.0104467	0.0161202	0.011331	0.0069749	0.0282696	0.0111537	0.0195232	0.0209544	0.478736	0.0881622	0.0214332	0.0042628	0.00962721
168	0.0338258	0.00298105	0.00715308	0.00340577	0.00183276	0.842443	0.00335233	0.000726527	0.00463796	0.00172256	0.000945524	0.0094439	0.0019597	0.00327789	0.00567198	0.0606001	0.0101302	0.00355003	0.00114618	0.00119414
169	0.0865098	0.0157567	0.0310393	0.0296719	0.00629394	0.0329512	0.0109474	0.0113405	0.0246836	0.0201149	0.00520873	0.0232197	0.51821	0.0151603	0.0304487	0.0809505	0.021443	0.0257937	0.000543526	0.00971292
170	0.435642	0.0269039	0.00619789	0.0114959	0.00653351	0.0389322	0.00705376	0.0470089	0.0120482	0.0464959	0.0100314	0.00894569	0.0173602	0.0155252	0.0152251	0.0846777	0.0574236	0.14494	0.00177055	0.00578839
171	0.402706	0.0124307	0.00203929	0.004665	0.00148029	0.431224	0.00276866	0.00703002	0.00276143	0.00268535	0.00149225	0.00622243	0.0105732	0.00373044	0.00437336	0.0601273	0.0250269	0.0171067	0.000414514	0.00114247
172	0.00967697	0.00105677	0.00838871	0.00328395	0.00114284	0.921035	0.0032062	0.000716504	0.00355888	0.00152993	0.00066792	0.00793156	0.00173728	0.00330908	0.00380018	0.0194066	0.00494238	0.00285169	0.000774697	0.000982582
173	0.0479511	0.00900262	0.00110678	0.00198383	0.0046728	0.00479148	0.00272622	0.272518	0.00166067	0.108099	0.0140324	0.00271465	0.000379017	0.0011244	0.00295997	0.00684759	0.0121757	0.498687	0.000108765	0.0064574
174	0.0309618	0.00659678	0.000767403	0.00236668	0.00472356	0.00356628	0.00237391	0.346417	0.00116217	0.123836	0.0199682	0.00231299	0.00114827	0.00141631	0.00240121	0.00505124	0.0116634	0.428588	7.92946e-05	0.00459993
175	0.458551	0.0168971	0.00482756	0.00825887	0.0030459	0.258727	0.00481844	0.00783857	0.00445993	0.00386826	0.00205935	0.00912618	0.0098573	0.0059836	0.00686404	0.132324	0.0372567	0.0226812	0.000785712	0.00176931
176	0.123413	0.0389001	0.00283739	0.00417277	0.0926559	0.0037544	0.0162744	0.0775269	0.00547112	0.243734	0.0859891	0.00324269	0.00361409	0.0126172	0.0126145	0.0096847	0.022499	0.202446	0.00400123	0.0345517
177	0.00189554	0.000507074	0.00533859	0.00108938	0.00097331	0.948003	0.00202533	0.000307112	0.00257235	0.0013414	0.000545435	0.00539679	0.000679737	0.000531995	0.00331499	0.0178084	0.00365762	0.00230791	0.000835351	0.000868843
178	0.0241317	0.004408	0.00179346	0.00348647	0.622623	0.00301478	0.0114402	0.0287253	0.00342619	0.162509	0.0196762	0.00242214	0.00137583	0.00437369	0.00567351	0.00859045	0.00704229	0.0235457	0.0129616	0.0487808
179	0.0263745	0.00816731	0.542073	0.0819472	0.00356894	0.024999	0.02061	0.00491647	0.0208577	0.0125388	0.00453394	0.106852	0.013361	0.0218687	0.021734	0.0433429	0.0234375	0.0103128	0.00115069	0.00735405
180	0.0360093	0.010142	0.00865969	0.0125839	0.0239955	0.00978831	0.0104615	0.0933785	0.015595	0.201262	0.345657	0.00909472	0.00459992	0.0222814	0.0277441	0.0305677	0.0481409	0.0777161	0.00240921	0.00991315
181	0.00651676	0.00218271	0.0214584	0.00718929	0.00188124	0.889418	0.00470263	0.000593103	0.00398173	0.00190921	0.00116372	0.01796	0.00239995	0.00376162	0.00399012	0.0200118	0.00497099	0.00301904	0.00116582	0.00172391
182	0.00880488	0.000885211	0.0062532	0.00140022	0.000984468	0.938361	0.00230137	0.00055649	0.00239267	0.00140467	0.000653213	0.00590326	0.00114308	0.000639724	0.00282909	0.017615	0.00334907	0.00280477	0.00078204	0.000936913
183	0.0679039	0.0183333	0.0112636	0.0168918	0.0055234	0.013655	0.010946	0.0289925	0.0188609	0.022363	0.00897155	0.0268011	0.00905195	0.0202634	0.0219889	0.154252	0.474148	0.0639499	0.00143865	0.00440053
184	0.125013	0.0395613	0.0155436	0.0186936	0.015447	0.0497709	0.0145992	0.0105648	0.0118196	0.0127548	0.00522539	0.0259509	0.00498827	0.0169156	0.0147077	0.489617	0.0921294	0.0274039	0.0021714	0.00712311
185	0.07205	0.0180208	0.010652	0.016118	0.00492854	0.0168559	0.00988341	0.0232645	0.0165143	0.0240798	0.0117425	0.0268549	0.00896847	0.0185421	0.0168679	0.156845	0.487465	0.0557514	0.00141153	0.00318373
186	0.0494341	0.0100212	0.248396	0.0750061	0.0113779	0.021929	0.066956	0.00688844	0.114336	0.0189745	0.00679446	0.094427	0.0175554	0.0639168	0.0763103	0.0654051	0.0294039	0.0119183	0.00210401	0.0088453
187	0.0499167	0.0150983	0.00301555	0.00424022	0.00432711	0.0118879	0.00418323	0.262524	0.00373883	0.0813707	0.012165	0.00395691	0.00157028	0.0061413	0.00853411	0.0179999	0.0603362	0.443581	0.00042995	0.00498311
188	0.0667703	0.155051	0.00171193	0.00244493	0.0104859	0.0239955	0.0046022	0.00206524	0.00192269	0.00428527	0.00132813	0.00598374	0.00112315	0.00526069	0.00273549	0.637586	0.0646327	0.00573025	0.000755896	0.00152931
189	0.0409521	0.0377354	0.0107389	0.0289161	0.00870648	0.0211688	0.070191	0.0275517	0.0768981	0.0615797	0.0131995	0.0353313	0.00709483	0.0814788	0.346514	0.0388921	0.0305675	0.0514738	0.00167989	0.00933015
190	0.01382	0.00284764	0.00281549	0.00513353	0.248052	0.00280133	0.0843984	0.00638225	0.00315659	0.0587399	0.00880824	0.00194659	0.00682672	0.0118898	0.0103515	0.0129348	0.00731892	0.0228488	0.03563	0.453298
191	0.0456669	0.00254915	0.312373	0.302606	0.00319574	0.0226148	0.00737584	0.00167053	0.0339078	0.00736549	0.00820198	0.0508448	0.015219	0.0619511	0.0274921	0.0684961	0.0217526	0.00560712	0.000303984	0.000805909
