621	20
1	0.0433669	0.140773	0.0247601	0.00619374	0.00580414	0.00904015	0.0258078	0.00895458	0.00425934	0.0316387	0.00625297	0.0780126	0.00323789	0.00566725	0.0266177	0.495073	0.0436361	0.00943682	0.00165552	0.029812
2	0.0797002	0.00389041	0.00924546	0.00631826	0.00268632	0.0182831	0.00939521	0.00943953	0.0102802	0.0239904	0.00351878	0.00452182	0.669923	0.0114246	0.0163105	0.0747323	0.0218844	0.0225808	0.000365829	0.0015091
3	0.0176433	0.00111729	0.00365401	0.00568087	0.0124299	0.00163388	0.00473723	0.388425	0.0052282	0.0126539	0.0121889	0.00134848	0.000694986	0.00420124	0.00233543	0.00373221	0.00610671	0.50743	0.000386766	0.00837213
4	0.0608558	0.000652316	0.0764099	0.184038	0.00181873	0.0235785	0.0137544	0.00535555	0.205491	0.00786044	0.00221687	0.0478855	0.0890878	0.0203873	0.139282	0.0577744	0.0513032	0.0100148	0.000790091	0.0014433
5	0.021711	0.00246843	0.0112617	0.437412	0.00598892	0.00779365	0.00876183	0.0344137	0.011831	0.0123263	0.0323461	0.019513	0.00637084	0.31925	0.00513633	0.0165812	0.0190889	0.0168519	0.00202026	0.00887229
6	0.189736	0.0213832	0.00248001	0.00277324	0.0448776	0.0261564	0.00241819	0.157607	0.00357067	0.093514	0.0253072	0.00431914	0.00491994	0.00660084	0.00410327	0.051711	0.0625397	0.288628	0.0016296	0.00572431
7	0.0809464	0.00142734	0.0740306	0.101079	0.00821652	0.0301982	0.0224951	0.0233082	0.171749	0.0192001	0.00938859	0.035215	0.0583914	0.0489898	0.189651	0.0608296	0.0422701	0.0146747	0.00267379	0.00526581
8	0.0939175	0.00631249	0.01929	0.0187136	0.0299435	0.021574	0.0203475	0.0402823	0.0592202	0.193076	0.135396	0.120603	0.00839277	0.0307283	0.0236039	0.0433842	0.0526154	0.0409172	0.00781097	0.0338711
9	0.149557	0.0397172	0.0013657	0.00132504	0.0301684	0.0233115	0.00121276	0.146853	0.00310324	0.0762588	0.0324953	0.00427153	0.00578076	0.00677437	0.00288003	0.0890196	0.139793	0.237773	0.00274637	0.00559397
10	0.173662	0.0169187	0.00428253	0.00539195	0.0445089	0.0257313	0.00411392	0.158578	0.00441928	0.0791007	0.0252707	0.00782227	0.00903326	0.00760463	0.00540588	0.0495545	0.06935	0.300815	0.0015155	0.00692106
11	0.0327176	0.000910491	0.0125274	0.00821497	0.00220437	0.0150357	0.00933964	0.00585536	0.0139469	0.0194399	0.00379589	0.00444878	0.765673	0.00908381	0.019249	0.0530359	0.016111	0.00703821	0.000262282	0.00111014
12	0.118629	0.00345031	0.00469307	0.0526006	0.00731778	0.00820592	0.00471826	0.0944699	0.0287862	0.0676895	0.0168375	0.041806	0.0529215	0.00646487	0.00645279	0.0188329	0.281891	0.175794	0.00316876	0.0052707
13	0.0343703	0.00242377	0.0814996	0.0648736	0.0273283	0.116353	0.0233199	0.00620636	0.0272086	0.031539	0.00940422	0.0262314	0.00264558	0.067662	0.0945247	0.0661651	0.270814	0.0352749	0.00555027	0.00660531
14	0.0280919	0.00325663	0.400654	0.0437701	0.0112442	0.0406091	0.0275474	0.0134796	0.0277907	0.016732	0.0240231	0.17346	0.0149646	0.0283502	0.019856	0.0580333	0.0310841	0.0220083	0.0028344	0.0122101
15	0.027502	0.00271996	0.366516	0.103175	0.00772796	0.0368441	0.0362431	0.00653487	0.0372269	0.00732449	0.0126559	0.183047	0.0114379	0.0358141	0.0215223	0.0505577	0.0243915	0.0161301	0.00166169	0.0109669
16	0.0306326	0.000868358	0.0104124	0.00681853	0.00212194	0.0136837	0.00938363	0.00569888	0.0115139	0.0190356	0.00333515	0.00506781	0.778189	0.00883373	0.0192056	0.0504943	0.0161178	0.00722063	0.000234303	0.00113202
17	0.0753711	0.00693778	0.0275278	0.0178278	0.00239518	0.0176249	0.00137878	0.00761335	0.00489778	0.00886354	0.00139521	0.0643804	0.00570367	0.00207039	0.0138789	0.404639	0.321848	0.00700268	0.000305161	0.00833821
18	0.0128297	0.00224774	0.00385259	0.0413321	0.00762195	0.00644079	0.00477299	0.0190331	0.00518821	0.505669	0.0921966	0.0074423	0.00406074	0.0945696	0.0292035	0.0326651	0.101725	0.0200997	0.00200045	0.00704868
19	0.187761	0.0369387	0.00720531	0.00765785	0.0124741	0.0236441	0.0104802	0.021011	0.00820446	0.0514933	0.0105751	0.00950061	0.331975	0.0322765	0.0127203	0.0995003	0.0735201	0.0528677	0.00222772	0.0079664
20	0.294724	0.0707486	0.000560715	0.000498253	0.0309972	0.0321637	0.000846869	0.0608047	0.000545353	0.0637641	0.0150438	0.0015554	0.00305846	0.00276216	0.00351494	0.145109	0.117352	0.150982	0.000601514	0.00436773
21	0.0282644	0.00343501	0.00390756	0.00431976	0.114504	0.0257739	0.00890636	0.0540416	0.00396534	0.399894	0.13625	0.0213963	0.00439245	0.00934583	0.00757964	0.0135894	0.0231444	0.0759833	0.0148599	0.0464479
22	0.119103	0.0160131	0.0182796	0.0127965	0.0117759	0.0309841	0.00713556	0.0218778	0.0107653	0.0192967	0.0216058	0.0395792	0.00827976	0.00975222	0.0128864	0.289522	0.295957	0.0423593	0.00143533	0.0105954
23	0.0560754	0.00552418	0.00170178	0.00179445	0.179929	0.00983022	0.00362936	0.212035	0.0027232	0.174608	0.032519	0.0023997	0.00561696	0.00337317	0.00361793	0.018516	0.0291851	0.224184	0.00684706	0.0258909
24	0.0262927	0.00601144	0.0152575	0.0211317	0.0110062	0.0184283	0.0275756	0.0111496	0.286949	0.0118591	0.0134664	0.0330546	0.0249818	0.0400126	0.350564	0.0424335	0.032932	0.00937476	0.00429483	0.0132241
25	0.113473	0.00345412	0.0030462	0.00284242	0.0183063	0.0192294	0.00291768	0.0316834	0.00411155	0.0146422	0.0892737	0.00895049	0.00820663	0.00413649	0.0048182	0.200178	0.33556	0.129392	0.00116396	0.00461418
26	0.018321	0.0156777	0.00234963	0.00825733	0.171544	0.0146096	0.00785567	0.0486361	0.00403755	0.16647	0.0238522	0.0032063	0.00449433	0.00605892	0.00979719	0.0187505	0.0193591	0.0361809	0.368192	0.05235
27	0.0637002	0.00404807	0.00759997	0.00296765	0.22155	0.0151727	0.00440685	0.112733	0.0034111	0.0667367	0.0112431	0.00710988	0.00350732	0.00702317	0.0042063	0.0765327	0.218048	0.152281	0.00237989	0.0153429
28	0.0330372	0.00345166	0.000252549	0.000711855	0.0319352	0.00192176	0.00384498	0.321009	0.000278936	0.336985	0.0784479	0.000480902	0.00275989	0.0036461	0.0017281	0.00363512	0.0160246	0.15569	0.00060815	0.00355083
29	0.033726	0.000719739	0.00294484	0.01499	0.0014421	0.865383	0.00139627	0.00122329	0.00248317	0.00176577	0.00193493	0.00770794	0.00926342	0.00258435	0.0066025	0.0296082	0.0111949	0.00208156	0.000374309	0.00257372
30	0.0290897	0.00259638	0.000827867	0.00082547	0.0532984	0.0135071	0.00276766	0.293256	0.000674535	0.264931	0.141828	0.00238177	0.00212645	0.00320437	0.00210062	0.00575477	0.0347495	0.135874	0.00436043	0.00584727
31	0.262003	0.0261872	0.00182515	0.000752133	0.0584063	0.0624155	0.00117919	0.109581	0.000974798	0.0944966	0.0164937	0.00328255	0.00661674	0.00291455	0.00241837	0.0894472	0.0989517	0.156766	0.00104463	0.00424413
32	0.307122	0.0871022	0.000633023	0.000552808	0.0306338	0.0316274	0.000823217	0.0313182	0.000574965	0.0602036	0.0122012	0.00116813	0.00351042	0.00348423	0.0050443	0.19463	0.149229	0.0736708	0.000254962	0.00621543
33	0.165872	0.141079	0.0180145	0.0129595	0.0159399	0.19912	0.0124591	0.0171463	0.00808844	0.0147263	0.0114667	0.0711221	0.00624464	0.0131073	0.00950684	0.154918	0.0480056	0.0647342	0.00264257	0.0128467
34	0.246434	0.0304445	0.000598077	0.000537575	0.0397731	0.034882	0.000619941	0.137508	0.000769701	0.0747953	0.0248565	0.00196707	0.00136492	0.00299238	0.0010574	0.0585441	0.0566289	0.28254	0.00112802	0.00255828
35	0.0342388	0.00392866	0.000309892	0.000707819	0.0348446	0.00176177	0.00386467	0.315585	0.000290859	0.347178	0.0708083	0.000323118	0.00274645	0.0036411	0.00175581	0.00389843	0.0150069	0.15503	0.000476117	0.00360322
36	0.0376859	0.00804067	0.00264108	0.00138955	0.112157	0.0207367	0.0034323	0.129925	0.00123309	0.47196	0.0704635	0.0038255	0.00193926	0.00415294	0.00311218	0.0104432	0.0162211	0.0868411	0.0027412	0.0110588
37	0.338053	0.00545833	0.00218175	0.00918629	0.00475034	0.0334825	0.00202241	0.0148325	0.0020419	0.00886861	0.0131981	0.0144895	0.0078678	0.00487383	0.00220678	0.456009	0.0627233	0.0135291	0.000725261	0.00350029
38	0.249811	0.0192014	0.00179355	0.00101648	0.091486	0.067894	0.00259396	0.12051	0.00155643	0.10001	0.0228662	0.00400949	0.00282252	0.00330819	0.00350452	0.049303	0.0548974	0.190604	0.00256146	0.0102506
39	0.0672679	0.00361277	0.00106488	0.000845844	0.114132	0.00749448	0.000873085	0.22391	0.00236029	0.216277	0.0213443	0.000987329	0.00553696	0.00231563	0.00258656	0.0205215	0.030158	0.269979	0.00160405	0.00712735
40	0.0291984	0.00410479	0.15536	0.0473739	0.00845299	0.129136	0.0585476	0.00632047	0.0348419	0.00761921	0.017558	0.243907	0.00481796	0.0557091	0.0225257	0.115838	0.0312751	0.0103365	0.00232006	0.0147574
41	0.0898712	0.00294877	0.0197511	0.0927341	0.0174729	0.0165404	0.0163158	0.0292231	0.0177521	0.0205614	0.0541219	0.0749924	0.0234666	0.264796	0.0166667	0.0658081	0.114317	0.0481806	0.00230827	0.0121712
42	0.0372051	0.00753538	0.00140573	0.000982967	0.244468	0.0114213	0.00549076	0.154124	0.00194282	0.25436	0.0474364	0.00243635	0.00476006	0.00329208	0.00382009	0.0181739	0.0234607	0.125285	0.012397	0.0400023
43	0.0458234	0.0217843	0.00311244	0.00378949	0.428883	0.016651	0.0104434	0.0445126	0.00569761	0.100379	0.0218118	0.0111899	0.00335641	0.00545368	0.00522277	0.0763114	0.0728444	0.0524867	0.0320817	0.0381653
44	0.129396	0.00192471	0.0286431	0.00602254	0.0364781	0.24358	0.0127543	0.0247683	0.00495422	0.0356854	0.0327063	0.0479467	0.0062736	0.054636	0.0062076	0.232944	0.0414993	0.0176229	0.0159366	0.0200204
45	0.0155855	0.0033295	0.0010172	0.000956173	0.484229	0.00706291	0.00994138	0.026354	0.00325392	0.05833	0.0185237	0.00649915	0.00291368	0.00156373	0.00848111	0.0140135	0.0125371	0.0363475	0.0202461	0.268814
46	0.0129142	0.00250403	0.0147554	0.0154044	0.0138268	0.0145306	0.0632408	0.00467412	0.326536	0.00870337	0.00882379	0.0353942	0.00706973	0.0523875	0.337781	0.0345979	0.017225	0.00377685	0.00735263	0.0185018
47	0.0819849	0.00151431	0.0330522	0.0665533	0.00388481	0.0461695	0.021937	0.00305446	0.0745519	0.00587771	0.00596629	0.0419137	0.0221167	0.123495	0.100006	0.221066	0.122063	0.0120302	0.00460283	0.00816044
48	0.0527801	0.00212256	0.0287218	0.128352	0.00712762	0.00689268	0.00854468	0.0185294	0.0123689	0.0115964	0.0447271	0.115218	0.0630297	0.305855	0.00596924	0.0821174	0.0591218	0.033159	0.00118444	0.012583
49	0.0321115	0.00104925	0.0114522	0.00767156	0.0026094	0.0178134	0.00913253	0.00726417	0.0129985	0.0206168	0.00345871	0.00485498	0.761669	0.00998811	0.02079	0.0520543	0.0154629	0.0072156	0.000363281	0.00142396
50	0.0330765	0.00399461	0.000544363	0.000740518	0.0442867	0.0030892	0.00338901	0.302983	0.000598485	0.340493	0.0708536	0.00057064	0.00294544	0.00356843	0.00190013	0.00460442	0.0158816	0.161982	0.000729033	0.00376915
51	0.0192757	0.00226989	0.003834	0.0198893	0.0230175	0.0287374	0.0420197	0.0742411	0.022529	0.00896502	0.0312545	0.0301483	0.00261255	0.0214462	0.00554993	0.23846	0.200241	0.187369	0.00222904	0.0359105
52	0.0263331	0.00129683	0.000723478	0.00339129	0.0228772	0.00339025	0.000667727	0.34669	0.00210071	0.134654	0.0168708	0.000822466	0.0017418	0.00473379	0.00438151	0.00242614	0.0095257	0.415322	0.000961797	0.00108909
53	0.0340374	0.000764839	0.0542625	0.00917777	0.0015266	0.093767	0.0131766	0.00236431	0.00280472	0.00681097	0.00175378	0.108759	0.0459905	0.00360439	0.00237495	0.450539	0.157664	0.00349003	0.000481379	0.00664981
54	0.214576	0.00484658	0.0125316	0.00873816	0.0282233	0.172186	0.0227214	0.0179911	0.00418483	0.0348847	0.0300477	0.042655	0.0188443	0.0493284	0.00602705	0.226504	0.0525282	0.03262	0.00593685	0.0146241
55	0.074019	0.00801323	0.00085165	0.000730992	0.0393598	0.00944226	0.000739932	0.206823	0.0036098	0.104443	0.0448673	0.00356688	0.00522129	0.00799234	0.00196049	0.0347698	0.142686	0.304682	0.00137601	0.00484578
56	0.300285	0.0931569	0.000685783	0.000631958	0.0299567	0.0263673	0.000940912	0.0248643	0.000533774	0.0595732	0.011729	0.00110811	0.00431048	0.00412962	0.00509299	0.202237	0.156351	0.0712831	0.000257999	0.00650442
57	0.0306936	0.00213986	0.00257187	0.00403298	0.0163772	0.0025527	0.00239171	0.365672	0.00367754	0.0537158	0.0189956	0.00114605	0.000925239	0.00424536	0.00297064	0.00463361	0.0126003	0.465378	0.000645239	0.00463432
58	0.0391731	0.00316638	0.0182002	0.0366421	0.0429027	0.0145773	0.0204338	0.102853	0.0140784	0.137845	0.102916	0.0660983	0.0124499	0.139688	0.0206568	0.0349271	0.0927795	0.0720558	0.00321526	0.0253415
59	0.0304235	0.00290532	0.00042269	0.00106242	0.0388293	0.00499593	0.00255718	0.306408	0.00101419	0.268354	0.104746	0.0016397	0.002714	0.00430513	0.00231161	0.00593842	0.0267722	0.189489	0.00182041	0.00329215
60	0.238845	0.0227897	0.000584321	0.000437462	0.0437764	0.0407021	0.000503277	0.137163	0.00109864	0.0889153	0.0273964	0.00230742	0.00218863	0.00310694	0.00105762	0.0522611	0.0711537	0.262039	0.000650436	0.00302329
61	0.303682	0.0837294	0.000738139	0.000825502	0.0262333	0.027423	0.000898445	0.0324467	0.000527897	0.0553447	0.0126076	0.00167905	0.00436362	0.00331326	0.00481501	0.194366	0.148979	0.0913535	0.000414629	0.00625989
62	0.0385832	0.00492694	0.00429357	0.00545734	0.139799	0.0137716	0.0238698	0.0710374	0.0050357	0.227275	0.0577041	0.0111471	0.00630592	0.0124197	0.00948277	0.0118383	0.0279377	0.0967702	0.0127957	0.219548
63	0.0774599	0.00551281	0.00731774	0.00683846	0.0723156	0.0177817	0.00868059	0.0949443	0.0122525	0.0949384	0.0227993	0.00764273	0.353572	0.0105875	0.0167866	0.0412698	0.0399593	0.0912697	0.00284779	0.0152235
64	0.0344026	0.00360536	0.000242659	0.000697078	0.0322092	0.00137407	0.0039115	0.32085	0.000293845	0.342263	0.0717093	0.000310128	0.00279692	0.00369077	0.00175855	0.00361776	0.0147119	0.157513	0.000401263	0.00364072
65	0.041045	0.00161715	0.001325	0.0150345	0.00117442	0.865195	0.000819285	0.00141639	0.00130406	0.00170583	0.00114931	0.00450858	0.00907184	0.00156233	0.00641336	0.0302063	0.0115512	0.00300374	0.000324133	0.00157224
66	0.00340925	0.000366891	0.0105547	0.0143733	0.00948237	0.00319859	0.0232972	0.00446199	0.4019	0.00218571	0.00553169	0.0122856	0.000579731	0.0483379	0.411375	0.0248593	0.0124662	0.00150275	0.00214239	0.00768911
67	0.0278797	0.00880154	0.00213821	0.000594119	0.148433	0.0116524	0.00238368	0.120623	0.000738244	0.524931	0.0483432	0.00157753	0.00162431	0.00261538	0.00160171	0.00813447	0.0118991	0.0666619	0.00234098	0.00702653
68	0.0229997	0.00307659	0.00156673	0.00404333	0.144536	0.0151521	0.00946036	0.0385563	0.00146276	0.472608	0.182059	0.00736918	0.0016701	0.00769878	0.00642748	0.00956445	0.0139124	0.0266	0.00273513	0.0285015
69	0.189871	0.00627726	0.0318841	0.141356	0.0096856	0.0451156	0.0180601	0.0164209	0.0435442	0.0146963	0.0140054	0.048229	0.0211777	0.068275	0.0369499	0.176867	0.0719828	0.0270682	0.00355615	0.0149776
70	0.129946	0.00126999	0.0029177	0.0027318	0.00357933	0.0039691	0.00273943	0.0198193	0.216097	0.00447257	0.00745957	0.0785436	0.00213159	0.00691524	0.26965	0.149973	0.0760513	0.0176028	0.00100465	0.0031258
71	0.0957262	0.0118991	0.00080743	0.00138764	0.026594	0.00989841	0.000757846	0.185471	0.0131752	0.0947949	0.0552842	0.00610134	0.00455958	0.00694435	0.00295335	0.0348448	0.172981	0.265584	0.0037577	0.00647704
72	0.0290911	0.00605431	0.00132141	0.000800012	0.0668258	0.00594904	0.00212481	0.235796	0.000801723	0.436429	0.0447635	0.000606925	0.0024087	0.00257114	0.00167662	0.0058527	0.0134789	0.139022	0.000827269	0.00359923
73	0.0305025	0.000870196	0.0104587	0.00680193	0.00212965	0.0136985	0.00938548	0.00573729	0.0114327	0.0189367	0.00329485	0.00486033	0.779176	0.00846319	0.0192169	0.0505432	0.0159869	0.00714973	0.000225121	0.00113006
74	0.0566373	0.000565774	0.087726	0.187507	0.00130202	0.023789	0.0142042	0.00351526	0.207856	0.00322318	0.0013594	0.0601453	0.0784968	0.0166405	0.139169	0.0508422	0.0564668	0.00853974	0.000412007	0.00160231
75	0.0981784	0.00202455	0.0137874	0.0902195	0.00374334	0.0941841	0.0123876	0.00391321	0.0684747	0.0057216	0.00566849	0.034206	0.0256812	0.0993861	0.100461	0.249061	0.0705623	0.00781874	0.0092815	0.00524004
76	0.0207038	0.0223051	0.000950716	0.00105834	0.582071	0.0146671	0.0119256	0.0356532	0.000943829	0.0907918	0.0102798	0.00228069	0.00161657	0.00141014	0.00197074	0.0453843	0.0288393	0.0351052	0.0505236	0.0415189
77	0.0750681	0.00752868	0.0275457	0.0185278	0.00244846	0.0182721	0.00156995	0.00778553	0.00466706	0.00870614	0.00133965	0.0663934	0.00601453	0.00203634	0.0138548	0.406829	0.315478	0.00702732	0.000316687	0.00859095
78	0.0236583	0.00202419	0.00121065	0.00258694	0.169778	0.0159053	0.00869954	0.0418789	0.000952608	0.494273	0.158711	0.00658606	0.000912588	0.00782682	0.00397654	0.00699527	0.0093532	0.0201505	0.00199985	0.0225202
79	0.037445	0.00797158	0.106493	0.0219014	0.0138904	0.0301206	0.0526756	0.0217115	0.0134648	0.0160114	0.0127194	0.483464	0.00608468	0.019089	0.021595	0.0545662	0.030401	0.0281768	0.00188468	0.0203348
80	0.0316912	0.000924002	0.0109475	0.00709606	0.00219312	0.0158933	0.00922681	0.0059473	0.0119991	0.0192986	0.0034803	0.00500816	0.770036	0.0089504	0.0193027	0.0519102	0.0166622	0.0074542	0.00052434	0.00145501
81	0.03276	0.000737086	0.00273779	0.0150233	0.00140802	0.875758	0.000863162	0.00142747	0.000903141	0.00165333	0.00134822	0.00593765	0.0114219	0.00176016	0.00628327	0.0244933	0.0108134	0.00276857	0.000420014	0.00148224
82	0.0334117	0.000896694	0.0129941	0.0086958	0.00237554	0.0160092	0.00932364	0.00606508	0.0147183	0.019437	0.00350958	0.00439452	0.763152	0.0087666	0.0198789	0.052595	0.0153812	0.007023	0.000251049	0.00112115
83	0.0256351	0.0110369	0.00213167	0.00218139	0.494329	0.012006	0.0106483	0.0388887	0.00439052	0.0813701	0.0178712	0.00746811	0.00317022	0.00438844	0.0074924	0.0296543	0.021891	0.0488591	0.028292	0.148296
84	0.0485827	0.00723177	0.0374152	0.0122479	0.00279668	0.0566542	0.00866907	0.00598965	0.00538716	0.00883277	0.00616034	0.133626	0.0254466	0.00549144	0.0080136	0.436339	0.173347	0.00781915	0.000858951	0.00909186
85	0.0124694	0.000536176	0.00109319	0.000885945	0.0520284	0.0126598	0.000975822	0.284596	0.000875564	0.159298	0.248678	0.00531095	0.00181511	0.00353124	0.00162721	0.00783415	0.0471968	0.151693	0.00552619	0.00136894
86	0.0297377	0.00245346	0.0198173	0.0305746	0.0114198	0.020191	0.0328726	0.0112057	0.31658	0.0173623	0.0128639	0.034687	0.0159713	0.0489194	0.286494	0.0504154	0.0302519	0.0116405	0.00711012	0.00943127
87	0.0399748	0.00541074	0.0548244	0.388151	0.0103797	0.0337422	0.0179563	0.0188431	0.0669166	0.0180139	0.0152899	0.0489078	0.0308838	0.077844	0.0356941	0.0464189	0.0366713	0.0367073	0.00324416	0.0141258
88	0.0295567	0.0046823	0.0351704	0.0170036	0.0214204	0.02652	0.389018	0.0153192	0.0303621	0.023533	0.0119157	0.116956	0.00462813	0.0590339	0.0408454	0.0356197	0.0262657	0.0172999	0.00552086	0.089329
89	0.0837608	0.0226166	0.0016695	0.00175284	0.0582282	0.0139307	0.0020667	0.196468	0.00248736	0.227519	0.0567303	0.00309901	0.00394798	0.00577086	0.00361181	0.0309927	0.0608369	0.21445	0.00244291	0.00761775
90	0.036113	0.00451239	0.000742612	0.00110434	0.0486194	0.00448975	0.00277463	0.278416	0.00140057	0.321078	0.0694714	0.00128336	0.00412411	0.00423446	0.00286204	0.00768682	0.0266416	0.178969	0.00133546	0.00414078
91	0.0965307	0.0117733	0.00335945	0.00252638	0.0383869	0.0224974	0.00382696	0.183196	0.00490869	0.0876095	0.0422173	0.00800807	0.00591576	0.00922314	0.00414738	0.072654	0.144686	0.248368	0.00277478	0.0073897
92	0.0677822	0.0655172	0.0118956	0.00988895	0.00960473	0.0418937	0.00657994	0.0483794	0.00632266	0.0190376	0.0109743	0.0514548	0.00473358	0.00866279	0.0105492	0.216061	0.34249	0.0252534	0.00294957	0.0399693
93	0.0673184	0.00740326	0.00110571	0.00119928	0.0295481	0.00892305	0.000872931	0.226394	0.00282904	0.0928728	0.0628615	0.00399124	0.00526348	0.00798406	0.00157447	0.0359109	0.125383	0.312445	0.00171894	0.00440043
94	0.0243748	0.0028156	0.00152183	0.00231942	0.135839	0.0130884	0.00666357	0.114101	0.00140613	0.422268	0.146186	0.00604488	0.0034032	0.00735836	0.00447408	0.00793661	0.0202525	0.0595655	0.00242325	0.0179586
95	0.2658	0.0425642	0.00470394	0.00459269	0.060765	0.0461021	0.00506357	0.065304	0.00554949	0.0626573	0.0234524	0.0074204	0.0070439	0.0109255	0.00919754	0.121014	0.130125	0.111496	0.00301521	0.0132075
96	0.19347	0.00936394	0.0208519	0.0142276	0.00627041	0.163538	0.0120275	0.0138111	0.0108007	0.0112907	0.015178	0.091373	0.0125824	0.0211043	0.00926813	0.260533	0.090452	0.027425	0.00201899	0.0144136
97	0.316085	0.0914949	0.000752986	0.000966559	0.0262371	0.0304262	0.000812748	0.0205031	0.000512986	0.0471055	0.0125933	0.00176472	0.00320199	0.00332179	0.00508897	0.21046	0.158281	0.0634325	0.00022116	0.00673717
98	0.338396	0.0186285	0.00696143	0.00580928	0.00434694	0.236585	0.00561993	0.00945381	0.00336597	0.0102434	0.00503979	0.0139452	0.00950532	0.00869353	0.00878868	0.234003	0.0449212	0.0307723	0.000980769	0.00394012
99	0.308914	0.0850092	0.000847621	0.00103814	0.0260912	0.0254911	0.0012674	0.0237414	0.00065428	0.0509436	0.0117381	0.00195426	0.0124673	0.00386966	0.00517614	0.218849	0.14677	0.0650615	0.00029104	0.00982513
100	0.0348425	0.00080309	0.0546347	0.00949061	0.00155199	0.0941024	0.0136187	0.00236188	0.00265797	0.00700474	0.00174416	0.111576	0.0460859	0.00353024	0.00234072	0.44739	0.155243	0.00358996	0.000536283	0.00689497
101	0.327692	0.0155175	0.00268374	0.00288319	0.00408901	0.0299365	0.0119552	0.0167466	0.00283213	0.0404123	0.00555501	0.00476332	0.201541	0.00769156	0.00778178	0.149098	0.0573961	0.105156	0.00111965	0.00514905
102	0.0149042	0.00151357	0.00183776	0.00152736	0.417394	0.0104756	0.015536	0.0280906	0.00413059	0.0648536	0.029366	0.00758892	0.00872581	0.00240842	0.00867294	0.0112217	0.0152411	0.0337188	0.0167685	0.306025
103	0.370843	0.0228527	0.00719628	0.00258324	0.00802769	0.224437	0.00559157	0.0170785	0.00242946	0.0159684	0.00501502	0.0113243	0.0108153	0.00296654	0.00746461	0.180816	0.0477637	0.0528563	0.000693248	0.00327662
104	0.0799209	0.00929537	0.000665078	0.000473643	0.0330595	0.0114719	0.000450702	0.21114	0.0032454	0.0964492	0.0545309	0.00332412	0.00432187	0.00855606	0.000986289	0.0364343	0.142825	0.296656	0.00159524	0.00459848
105	0.0201147	0.00752603	0.10515	0.0122429	0.013011	0.331214	0.040169	0.00743303	0.00981811	0.010113	0.0447987	0.12645	0.00531683	0.0187356	0.00681264	0.166082	0.0219867	0.00907321	0.00319172	0.0407613
106	0.0457017	0.00300492	0.000399083	0.00115484	0.0559774	0.0032666	0.0025788	0.311131	0.000889654	0.281143	0.0486461	0.000529448	0.00347357	0.00331981	0.00212221	0.00776648	0.0140212	0.210267	0.000728795	0.0038778
107	0.0282335	0.00152294	0.000688672	0.00292332	0.028674	0.00320044	0.000971781	0.343273	0.00194817	0.160364	0.0211348	0.00076309	0.00219351	0.00456351	0.00390077	0.00333829	0.0105782	0.379403	0.000752372	0.00157281
108	0.0866781	0.00510511	0.0487315	0.013087	0.00516491	0.0289402	0.00423509	0.00811413	0.00793012	0.00816175	0.00475358	0.0886542	0.00506505	0.00468835	0.0130622	0.272957	0.361173	0.0217142	0.000931245	0.0108542
109	0.129718	0.0128973	0.00108412	0.00077129	0.0451398	0.0189929	0.000502243	0.191892	0.00231519	0.0974585	0.0325782	0.00330753	0.00372342	0.00631943	0.00109304	0.0503074	0.110214	0.286358	0.00147244	0.00385497
110	0.0493663	0.0051337	0.00117649	0.00535961	0.0369875	0.00789307	0.00186265	0.201466	0.00480732	0.146465	0.106103	0.00600271	0.0104675	0.0165291	0.00868202	0.0312853	0.118019	0.236807	0.00173799	0.0038492
111	0.00600676	0.000407047	0.0117966	0.0131751	0.00901736	0.0036863	0.0220477	0.00481604	0.389126	0.00264231	0.00891078	0.0180057	0.00376032	0.0444693	0.410561	0.024797	0.015525	0.00187783	0.00201775	0.00735366
112	0.182353	0.0157271	0.000658855	0.000591722	0.0460136	0.020866	0.000478442	0.170774	0.00157536	0.096656	0.0281902	0.00255273	0.00277406	0.00396687	0.00101352	0.0353315	0.0747286	0.311773	0.000735627	0.00323943
113	0.00701385	0.000498407	0.000814756	0.000865509	0.398793	0.0111714	0.0299659	0.0189298	0.00379585	0.0588473	0.0131599	0.00468572	0.00276852	0.00130192	0.00598389	0.00703201	0.00713193	0.0228578	0.0111511	0.393231
114	0.024909	0.00357179	0.00436783	0.00470721	0.21158	0.0179581	0.0521335	0.0268747	0.00524493	0.0554891	0.0122366	0.0120381	0.00347738	0.00959835	0.00668036	0.0180635	0.0191613	0.0355672	0.0174597	0.458881
115	0.0274089	0.000663929	0.0185661	0.0131134	0.00597414	0.0528822	0.121713	0.00563734	0.278794	0.0328507	0.0207925	0.0651533	0.0077709	0.08185	0.194417	0.0444342	0.0119684	0.00353999	0.00829251	0.00417714
116	0.0268663	0.000719398	0.0266841	0.0361985	0.00784047	0.0549675	0.0665901	0.00574744	0.279849	0.0277292	0.0218401	0.0329156	0.00828242	0.100775	0.223407	0.0424861	0.0206852	0.0050351	0.00730697	0.00407385
117	0.0324752	0.00351204	0.000316034	0.00071281	0.0341245	0.00204162	0.0037243	0.31734	0.000303917	0.340038	0.0790375	0.000540502	0.00274808	0.00360407	0.0016332	0.00373858	0.0160463	0.154015	0.000597712	0.00345104
118	0.0335936	0.000900637	0.0569921	0.00957407	0.00156706	0.0963489	0.0137899	0.00236443	0.00270935	0.00684966	0.00196945	0.113043	0.0463752	0.00352481	0.00231234	0.444868	0.152172	0.00356637	0.000569519	0.00690893
119	0.0570419	0.00476902	0.00306582	0.00343332	0.18222	0.0258172	0.0349542	0.121501	0.00346374	0.151516	0.0674022	0.00505024	0.0161404	0.0109077	0.00603955	0.0122937	0.0803337	0.0761796	0.0174427	0.120428
120	0.0533052	0.00388453	0.000936712	0.000524178	0.156861	0.0116111	0.00124318	0.17563	0.00453858	0.273886	0.0275442	0.000745317	0.00854613	0.00145085	0.00410518	0.0134525	0.00967748	0.234849	0.00269062	0.0145178
121	0.310915	0.0213727	0.00250073	0.00262644	0.00621677	0.0337933	0.0154827	0.0233097	0.00242284	0.0468939	0.00550988	0.00488514	0.185058	0.00808639	0.00687182	0.148951	0.066406	0.102205	0.00133562	0.00515611
122	0.400844	0.0217304	0.00817586	0.00125284	0.00191479	0.24603	0.00596471	0.00526732	0.00161359	0.00751274	0.00173478	0.00992588	0.00975135	0.0015174	0.00759829	0.195991	0.0369866	0.0340493	0.00038151	0.00175807
123	0.0341589	0.00859432	0.00173385	0.000431626	0.0937996	0.00896538	0.00130306	0.184615	0.000678539	0.483903	0.033146	0.000536391	0.0020374	0.00175232	0.00182555	0.00825704	0.0139454	0.115231	0.0015689	0.00351645
124	0.0369309	0.00645182	0.00122109	0.000922877	0.0796144	0.00731214	0.00206897	0.248409	0.00135842	0.361765	0.0473921	0.000690071	0.00361101	0.00322299	0.00444424	0.00793719	0.0145581	0.165091	0.00174568	0.00525359
125	0.0837995	0.00955798	0.000595146	0.000468042	0.0297429	0.0103708	0.000401619	0.2048	0.00307779	0.0914294	0.045244	0.00340224	0.0048549	0.0080442	0.000844993	0.0379969	0.146077	0.313723	0.0012976	0.00427283
126	0.0253275	0.00248646	0.00134863	0.0150311	0.0433537	0.003087	0.00478455	0.238889	0.00380684	0.304074	0.0998401	0.0047318	0.00954307	0.0198663	0.0136466	0.0105735	0.0494271	0.143344	0.000818543	0.00601962
127	0.089442	0.00372517	0.023751	0.0103697	0.00554885	0.0299766	0.00938594	0.013906	0.0255062	0.0129777	0.0099612	0.0432792	0.00934243	0.00727631	0.0175997	0.371389	0.290305	0.0180219	0.000708069	0.00752812
128	0.108713	0.0138796	0.0124705	0.00858656	0.0127141	0.0284467	0.0073636	0.0505574	0.0106694	0.0239213	0.0299289	0.0286529	0.0434265	0.0104549	0.0119791	0.253466	0.278145	0.0558569	0.00131647	0.00945121
129	0.0572026	0.00776636	0.0268542	0.0594203	0.0350868	0.0273947	0.0605804	0.0277941	0.0278066	0.0556098	0.0320794	0.0550577	0.0139764	0.17351	0.0304337	0.0665414	0.0522583	0.0378588	0.0291158	0.123652
130	0.0130279	0.000625291	0.00108553	0.00089493	0.0517284	0.0123842	0.00106617	0.284623	0.000870436	0.163765	0.245432	0.0052149	0.00177983	0.00348065	0.00159801	0.00764713	0.0460442	0.151853	0.00544012	0.00143839
131	0.0135331	0.000963866	0.00129251	0.00164212	0.0539488	0.0115793	0.00176278	0.262571	0.00155098	0.188672	0.23459	0.0058576	0.00371669	0.00543094	0.00354502	0.00862897	0.0493316	0.143299	0.00471196	0.00337312
132	0.0356439	0.000660925	0.0020535	0.0148739	0.00113665	0.863341	0.000993542	0.00142689	0.00133856	0.00153241	0.00110172	0.00570369	0.0183408	0.00161328	0.00634368	0.0286339	0.0114606	0.00206509	0.000347583	0.00138827
133	0.0104262	0.00259794	0.000988285	0.000831501	0.484757	0.00688576	0.00975696	0.0206756	0.00352897	0.0549558	0.0176172	0.0055866	0.00307784	0.00127369	0.00775145	0.012086	0.0111062	0.0299371	0.0190096	0.297151
134	0.0690304	0.00302448	0.0018225	0.0134843	0.00330187	0.805647	0.0014601	0.00536526	0.00172869	0.0038188	0.00173776	0.00418851	0.00978366	0.00204574	0.00686009	0.0390395	0.0154736	0.00988067	0.000331893	0.00197535
135	0.0231461	0.0189217	0.00158539	0.00149148	0.510824	0.0152206	0.0115747	0.0393127	0.00164458	0.11177	0.0150976	0.00340144	0.00208021	0.00281404	0.00376299	0.042287	0.0274328	0.0374904	0.0718057	0.0583369
136	0.320654	0.0274672	0.00940244	0.0130891	0.0263446	0.0832174	0.00907339	0.0394936	0.00921422	0.0393145	0.0154679	0.0161185	0.0178586	0.0154867	0.0126529	0.169667	0.0832772	0.0787026	0.00164439	0.0118535
137	0.049668	0.00246677	0.00555631	0.0166058	0.00675124	0.757947	0.00350625	0.00663278	0.0062428	0.00644849	0.00516523	0.0117168	0.0117574	0.00702423	0.0102517	0.0471763	0.0312586	0.00735765	0.00112135	0.00534566
138	0.0330905	0.00382166	0.000353995	0.000693019	0.0334788	0.00166869	0.00387398	0.317154	0.000269342	0.348855	0.0720679	0.000322329	0.00275516	0.00363835	0.00165972	0.0037508	0.0149033	0.153784	0.000409499	0.00345024
139	0.035673	0.00398223	0.00206144	0.00465701	0.144542	0.0186231	0.0126612	0.0636978	0.00300883	0.355637	0.146659	0.00685071	0.0046034	0.00812309	0.00784128	0.0114869	0.0550008	0.037387	0.0055064	0.0719979
140	0.0283916	0.0115532	0.00847582	0.00999217	0.136575	0.0121674	0.0573662	0.0283633	0.0881044	0.0605651	0.0625509	0.0304238	0.0104155	0.0286859	0.147075	0.0239532	0.0330453	0.0630768	0.0230876	0.136132
141	0.00568267	0.000393341	0.0131008	0.0185477	0.00946151	0.00495995	0.0232642	0.00464427	0.395505	0.00296018	0.00561067	0.0138131	0.00329977	0.0483599	0.396966	0.0274746	0.0143735	0.00191458	0.00226974	0.00739867
142	0.00673435	0.00220921	0.00119547	0.00121553	0.284917	0.019932	0.0702749	0.0295536	0.00241568	0.0680086	0.00488686	0.00376428	0.00184917	0.00198409	0.0022144	0.00791626	0.00619306	0.0185343	0.00476002	0.461441
143	0.0394697	0.00531932	0.00308671	0.00446094	0.123004	0.0142276	0.0114635	0.125846	0.00370156	0.321542	0.0629959	0.0071447	0.00677805	0.00907107	0.00696671	0.0135825	0.0253101	0.134588	0.0103257	0.0711156
144	0.0291182	0.00192493	0.00226179	0.00366266	0.0249236	0.00301982	0.00234689	0.34416	0.00371776	0.0839008	0.0211321	0.00146131	0.00184066	0.00441821	0.00304474	0.00570002	0.0153398	0.442008	0.000770096	0.00524845
145	0.0114571	0.00193002	0.201829	0.280048	0.00699074	0.0406076	0.0651957	0.00365836	0.072425	0.00422201	0.0111777	0.133955	0.00856119	0.0482119	0.0278128	0.0390782	0.00891325	0.0167596	0.000796652	0.0163705
146	0.037004	0.00143826	0.0107015	0.00742587	0.0025016	0.0145143	0.0113184	0.00649914	0.0132528	0.0200468	0.00401194	0.00530866	0.748997	0.00967644	0.0207312	0.0566048	0.0187695	0.00934576	0.000545783	0.00130627
147	0.379456	0.0174878	0.00562739	0.00392529	0.00535021	0.12052	0.00717955	0.0108147	0.004084	0.0185993	0.006946	0.00786017	0.0843903	0.00496079	0.0191888	0.161127	0.0705266	0.0640261	0.000894334	0.00703539
148	0.0858645	0.0023954	0.0785527	0.244512	0.00909004	0.00679636	0.047557	0.0307448	0.0106864	0.0083886	0.0154267	0.0621355	0.0292733	0.203376	0.00783764	0.0485048	0.0370968	0.0272574	0.00164213	0.0428621
149	0.0505411	0.00709928	0.0116561	0.0087219	0.0643184	0.0217048	0.0128245	0.137062	0.0126626	0.190425	0.181571	0.0219317	0.0135374	0.0198754	0.0170178	0.0387669	0.0559613	0.0986609	0.00707795	0.0285841
150	0.0403382	0.00943761	0.00255067	0.00310688	0.239263	0.0162174	0.0124756	0.131728	0.00458462	0.147271	0.0482927	0.0056263	0.00551273	0.00674799	0.00640665	0.0218856	0.0367084	0.123836	0.0724164	0.0655933
151	0.0189585	0.0375875	0.00424214	0.0203604	0.0110632	0.0208009	0.00848074	0.0229957	0.0120168	0.0651771	0.00853427	0.00686121	0.0238509	0.0119208	0.0149617	0.020646	0.0201677	0.0173315	0.586782	0.0672613
152	0.0519503	0.00250274	0.0108954	0.0104599	0.0124612	0.0168311	0.010059	0.0260643	0.0153952	0.0387029	0.0117242	0.00844786	0.614917	0.0127053	0.0212288	0.0571713	0.0294279	0.0446141	0.00107697	0.0033642
153	0.174901	0.00319454	0.00309652	0.0212277	0.00513303	0.115595	0.0130464	0.00565467	0.0021472	0.0241419	0.0145864	0.0381741	0.00287415	0.0881759	0.00220737	0.42069	0.0320381	0.0084531	0.00190309	0.0227599
154	0.0621743	0.002322	0.00862926	0.00633825	0.0135314	0.0288367	0.0301278	0.0485101	0.024265	0.0162565	0.0605439	0.0656282	0.002707	0.0119116	0.0128433	0.28371	0.216806	0.0867371	0.00118842	0.0169328
155	0.0372849	0.00688442	0.0516078	0.0138263	0.0644571	0.0162114	0.00960952	0.111996	0.00976054	0.31461	0.108419	0.024357	0.00698257	0.0188695	0.0150256	0.0244286	0.042523	0.101654	0.00398919	0.017504
156	0.0701568	0.00601745	0.0019259	0.00318882	0.0374916	0.00837614	0.00213533	0.199476	0.00522049	0.130986	0.0740489	0.00598292	0.017576	0.00881514	0.00542356	0.0291123	0.13062	0.254847	0.00245462	0.00614578
157	0.0337879	0.00301545	0.0513057	0.0409989	0.0668493	0.0159756	0.0271329	0.0776286	0.0137809	0.116816	0.0784363	0.108057	0.0108896	0.132759	0.0224725	0.0350329	0.0512885	0.0773265	0.00371471	0.0327316
158	0.165069	0.0154669	0.00111315	0.0012826	0.0410515	0.0177748	0.00121375	0.182035	0.00299609	0.101514	0.0405434	0.00337559	0.00390647	0.00466542	0.00271246	0.0349581	0.0773124	0.297212	0.00162814	0.00416855
159	0.133968	0.0101732	0.0232402	0.0103804	0.0061811	0.0590632	0.00659419	0.01279	0.00738459	0.0130872	0.0105534	0.0517129	0.0145139	0.00695375	0.0084148	0.387121	0.208505	0.0208511	0.000690025	0.00782206
160	0.0341662	0.00780775	0.00227605	0.00115564	0.0948641	0.00935879	0.00202368	0.180536	0.00149788	0.428576	0.0444866	0.00162053	0.0038041	0.003883	0.00339534	0.0119344	0.0323215	0.128461	0.00188695	0.0059446
161	0.015219	0.00174718	0.00103476	0.00100854	0.468203	0.00629224	0.00676794	0.0353845	0.00316086	0.0757533	0.0301251	0.0068441	0.00347327	0.00188182	0.00948651	0.00881497	0.0131477	0.0457554	0.0186154	0.247284
162	0.184685	0.0121713	0.0116761	0.0103188	0.0106684	0.0240858	0.00581391	0.0156679	0.00721319	0.0121395	0.016144	0.0294227	0.00553244	0.00725856	0.0131882	0.17919	0.379207	0.0367635	0.0020862	0.0367677
163	0.0204212	0.002744	0.00236718	0.00367883	0.137119	0.0155275	0.0081688	0.0591358	0.00326493	0.441336	0.165822	0.0160293	0.00464598	0.0156129	0.00743826	0.0115534	0.0248069	0.035216	0.00261965	0.0224924
164	0.0437154	0.00546075	0.0856054	0.108772	0.0188422	0.0508099	0.172965	0.0147084	0.0538517	0.0292267	0.0201332	0.088201	0.0154709	0.0833682	0.0472371	0.0582773	0.0423009	0.0240445	0.00461328	0.0323961
165	0.130493	0.0265629	0.0235306	0.105034	0.00657447	0.0862703	0.019761	0.015485	0.0369623	0.014865	0.0112783	0.074373	0.00738105	0.0937762	0.030425	0.185703	0.0882052	0.0223843	0.00457723	0.016358
166	0.0538085	0.00057959	0.0834369	0.202952	0.00148912	0.0208946	0.0135104	0.00428141	0.202854	0.00459433	0.00144667	0.0519392	0.0900406	0.018652	0.135942	0.0481292	0.0527853	0.0105062	0.000592772	0.00156478
167	0.0133681	0.002576	0.0804412	0.57971	0.00565495	0.00850504	0.0135967	0.00846431	0.0869811	0.00993261	0.00811096	0.0425739	0.00935706	0.0243362	0.0163772	0.0149635	0.0134015	0.0493659	0.00203142	0.0102528
168	0.0526919	0.00085077	0.0368481	0.0645115	0.0123684	0.129625	0.0689379	0.00317749	0.107307	0.0237438	0.016514	0.0448365	0.00350059	0.13106	0.118326	0.0855526	0.0632205	0.0159834	0.0182834	0.00266181
169	0.0569186	0.000871851	0.0425089	0.0830693	0.00815256	0.125215	0.0633839	0.00149663	0.0798719	0.0144599	0.0160291	0.0452512	0.000724431	0.156908	0.0917887	0.104712	0.0791936	0.015394	0.0118967	0.00215446
170	0.00950064	0.00143298	0.00271726	0.0129528	0.0785756	0.00411967	0.00580865	0.136794	0.0146896	0.259888	0.12358	0.0154928	0.0305495	0.0240055	0.0319518	0.0258419	0.105745	0.108158	0.00120575	0.0069918
171	0.0592695	0.00339898	0.0326904	0.0130531	0.0024257	0.0328686	0.004148	0.00624139	0.0126668	0.00759215	0.00268701	0.0571324	0.0167977	0.00506459	0.011124	0.402685	0.317228	0.00660452	0.000455727	0.00586611
172	0.031156	0.00120224	0.0149826	0.0184529	0.0104031	0.0363527	0.0524306	0.00789097	0.296863	0.0388912	0.0203501	0.0307482	0.0218693	0.0771888	0.265529	0.0411405	0.014896	0.00659542	0.00800708	0.00505049
173	0.10036	0.00276024	0.0366632	0.0026965	0.0737301	0.0610412	0.0108508	0.0977427	0.0141001	0.0581846	0.048483	0.0384744	0.0028042	0.011524	0.0124922	0.185673	0.142977	0.0712196	0.00237446	0.0258488
174	0.00818569	0.000465118	0.0111273	0.0134254	0.00833762	0.00895201	0.0335033	0.00469512	0.385123	0.00703978	0.00819947	0.0266604	0.00199184	0.0538733	0.376684	0.0278279	0.0125364	0.00176425	0.00329411	0.00631426
175	0.0146448	0.00444902	0.00114532	0.000964212	0.450161	0.010111	0.015763	0.0327297	0.00325984	0.0944928	0.024719	0.00600094	0.00318804	0.00191364	0.00678755	0.0144087	0.0139356	0.0365639	0.0195752	0.245187
176	0.0261319	0.00959374	0.00142077	0.00159008	0.389678	0.0113202	0.0089186	0.0696411	0.00252785	0.188914	0.0410035	0.00438729	0.003586	0.00286174	0.00512906	0.0240037	0.0216927	0.0634053	0.0225121	0.101682
177	0.0331318	0.0109688	0.00218461	0.00041947	0.099156	0.0106133	0.00108743	0.17491	0.000583238	0.491829	0.0333853	0.000563431	0.00155887	0.00212957	0.00201241	0.00922295	0.0147901	0.106316	0.00200835	0.00312825
178	0.0318007	0.00325469	0.000289526	0.000929991	0.031673	0.00276029	0.00323529	0.330244	0.000437278	0.30339	0.0795617	0.000703057	0.00261116	0.00407649	0.00186224	0.00423876	0.0214158	0.173536	0.000941516	0.00303784
179	0.221094	0.0276546	0.00163724	0.00241592	0.0541607	0.0192463	0.00565006	0.0955062	0.00204564	0.0416308	0.015942	0.00389921	0.00153601	0.00460032	0.00250012	0.0271769	0.0537237	0.411974	0.000977301	0.00662913
180	0.0235067	0.00205363	0.00126348	0.00253021	0.169314	0.0161339	0.00868206	0.0420559	0.000929035	0.494671	0.158299	0.00682956	0.000880638	0.00816587	0.00385382	0.00700242	0.00973758	0.0195655	0.00200738	0.0225175
181	0.0911377	0.0108705	0.000616126	0.000403416	0.0339104	0.0125725	0.000377875	0.20003	0.00295298	0.0945171	0.0439439	0.00268988	0.00396841	0.00783318	0.000749388	0.0390976	0.139675	0.309097	0.00119104	0.00436559
182	0.299497	0.0970095	0.00100438	0.000672888	0.0307616	0.0255289	0.000898714	0.0230237	0.000692653	0.0614572	0.0117576	0.00155357	0.0041101	0.00557593	0.00514631	0.200776	0.15612	0.0676348	0.000288972	0.00649059
183	0.17382	0.0267593	0.00957528	0.00772187	0.0163375	0.0281633	0.00586607	0.0506593	0.00881566	0.0321666	0.0215096	0.024055	0.00562903	0.00579321	0.0105745	0.266479	0.232134	0.0608926	0.00143026	0.0116179
184	0.0905749	0.0503482	0.00223599	0.00275105	0.328209	0.0160493	0.00629947	0.0229813	0.00801568	0.0670644	0.0404643	0.0209441	0.00451517	0.00555003	0.00407102	0.139231	0.101464	0.0377587	0.0177382	0.0337348
185	0.319469	0.0690546	0.000539242	0.000464501	0.0355343	0.040834	0.000758126	0.0537396	0.000451488	0.0713206	0.0132693	0.00152168	0.00342927	0.00228853	0.00357426	0.15225	0.117372	0.109158	0.000301796	0.00467038
186	0.0319246	0.00918842	0.00593634	0.00587994	0.124071	0.0163101	0.0442183	0.0277873	0.00817839	0.0614408	0.026097	0.012601	0.00493026	0.0235944	0.0129756	0.0258457	0.0505804	0.0450527	0.0890431	0.374345
187	0.0431906	0.0126842	0.0161594	0.0148984	0.0387925	0.0337545	0.0303788	0.0207984	0.0233585	0.056986	0.0250491	0.0243086	0.0106755	0.0694675	0.0207379	0.0815683	0.0476687	0.0316848	0.184187	0.213651
188	0.081921	0.00940177	0.000585738	0.000419675	0.0306727	0.0101035	0.000340945	0.206835	0.00308773	0.0925016	0.0449907	0.00317653	0.00462538	0.00831719	0.000799403	0.0370879	0.145465	0.314158	0.00120474	0.00430614
189	0.0493699	0.00547248	0.00108932	0.000521285	0.139716	0.0116385	0.00120783	0.181763	0.00358404	0.31112	0.0310693	0.000742799	0.00730563	0.00177304	0.00502486	0.0125442	0.0111489	0.210468	0.00299955	0.0114401
190	0.0354229	0.00120922	0.0109674	0.00774378	0.00236951	0.0141197	0.00976305	0.0065427	0.0132677	0.0200616	0.00373157	0.0054221	0.758992	0.0088589	0.0199283	0.0532111	0.0180092	0.00842085	0.000249173	0.00170937
191	0.210056	0.0139696	0.0179199	0.0111289	0.00711363	0.287293	0.00866353	0.0113679	0.00777874	0.0100159	0.00922855	0.0641908	0.0092295	0.0127931	0.0078808	0.202572	0.0598668	0.037755	0.00230741	0.00886923
