230	20
1	0.0257189	0.0244257	0.0108139	0.0107919	0.0168628	0.0158417	0.31495	0.0312528	0.0531147	0.0570583	0.0181686	0.0382389	0.00562107	0.0973252	0.185403	0.0281206	0.0231972	0.0206055	0.00243939	0.0200491
2	0.0590224	0.00389804	0.000451257	0.00173394	0.0204451	0.00833421	0.000484792	0.210279	0.000725445	0.139401	0.0288751	0.000582464	0.00250204	0.000420548	0.000650955	0.0096253	0.0218394	0.485628	0.00132889	0.00377161
3	0.0706772	0.0033203	0.000543434	0.00223927	0.0178325	0.0101867	0.00100248	0.190977	0.00081697	0.119762	0.0270433	0.000662371	0.00319132	0.000493962	0.000795767	0.0116682	0.0209138	0.513642	0.00137651	0.00285537
4	0.0139987	0.00128206	0.00199032	0.00296512	0.0435268	0.00115781	0.00128751	0.197379	0.00339803	0.237904	0.303381	0.00197655	0.00289866	0.00550393	0.00269993	0.00223523	0.0404369	0.130442	0.000379598	0.00515568
5	0.00700996	0.00307692	0.000513286	0.000459711	0.0677599	0.000567699	0.00107552	0.154364	0.00709244	0.501849	0.0713718	0.00224249	0.001919	0.00615618	0.0101665	0.00115142	0.00198193	0.158485	0.000173792	0.00258362
6	0.482554	0.0328867	0.00823447	0.000990781	0.00970254	0.0575833	0.000933618	0.0170659	0.00172872	0.00749249	0.00238787	0.00115375	0.0509918	0.00186291	0.00507407	0.15398	0.10871	0.0555407	0.000478509	0.00064669
7	0.037158	0.0560482	0.00524645	0.00690494	0.0068068	0.0465831	0.00692782	0.0522881	0.0118929	0.0155261	0.0328516	0.0310716	0.0136469	0.00921833	0.00598714	0.393345	0.187775	0.0518651	0.00226932	0.0265882
8	0.0866703	0.00720692	0.0275208	0.0242267	0.00551029	0.0197524	0.019827	0.0118006	0.0117155	0.0695511	0.0111982	0.00983189	0.536645	0.0273241	0.0107555	0.0504085	0.0340726	0.0328404	0.000571875	0.00257047
9	0.128936	0.0714729	0.00244808	0.00213929	0.00348291	0.642157	0.00179431	0.012858	0.00196895	0.0164038	0.00715936	0.00915905	0.00201048	0.00323143	0.0177237	0.0124658	0.00526309	0.0480362	0.00453995	0.00674959
10	0.0266788	0.00422188	0.00530015	0.00561264	0.0693145	0.00329038	0.00154148	0.190176	0.00992063	0.26677	0.217623	0.00484492	0.0207777	0.00372631	0.0015309	0.00836571	0.03289	0.112007	0.000293455	0.0151148
11	0.121287	0.0350316	0.00323152	0.00329896	0.0170216	0.322859	0.00314932	0.00992087	0.00722397	0.00752396	0.0129658	0.0125362	0.0103062	0.00618352	0.0186967	0.242428	0.144447	0.0166861	0.00273979	0.00246285
12	0.0305371	0.00734347	0.0135851	0.00310508	0.0346434	0.00380711	0.521138	0.00886578	0.00510982	0.0103903	0.00344625	0.031973	0.00225464	0.0987276	0.0489536	0.0474063	0.0188549	0.00812865	0.00142399	0.100306
13	0.00778787	0.00493972	0.000696559	0.000599641	0.0740404	0.000779463	0.000752829	0.204305	0.00710327	0.422809	0.0476102	0.00254388	0.0041692	0.00690838	0.00889934	0.0026677	0.00256738	0.19869	0.00022375	0.00190666
14	0.110152	0.00893494	0.00288117	0.00367456	0.0151231	0.00470692	0.00267186	0.292018	0.00530369	0.140674	0.097438	0.0207453	0.00298224	0.00461116	0.00358985	0.0213308	0.120309	0.134225	0.00129042	0.00733734
15	0.120221	0.00472436	0.0136504	0.0172011	0.00136814	0.0204448	0.017545	0.00508911	0.00764187	0.0511162	0.00683906	0.00588673	0.587702	0.0249976	0.00667607	0.0580475	0.0353671	0.0147248	0.000272093	0.000484419
16	0.0171687	0.00175737	0.00241269	0.00358847	0.045546	0.00138868	0.00139264	0.199152	0.00288808	0.191386	0.340283	0.00206441	0.00428624	0.00529121	0.00157173	0.00306753	0.0500244	0.119727	0.000402464	0.0066024
17	0.0818483	0.00467993	0.00128156	0.00205979	0.0245756	0.00556303	0.00311121	0.233176	0.00140724	0.16795	0.0202847	0.00160757	0.0018993	0.00113287	0.00197595	0.0253875	0.0185219	0.398333	0.00134443	0.00385986
18	0.0855122	0.00847519	0.0929998	0.247529	0.00459216	0.03143	0.036494	0.0188844	0.048435	0.0240216	0.00619057	0.0256504	0.0351779	0.0825537	0.058255	0.0613429	0.0572795	0.0642445	0.000781183	0.0101508
19	0.00874714	0.00421178	0.000627682	0.00059205	0.0532747	0.000743202	0.00172248	0.0934573	0.00452806	0.656235	0.0711979	0.00123298	0.000897755	0.00292694	0.0144328	0.0012915	0.00170745	0.0779337	0.00022355	0.00401608
20	0.495977	0.0323062	0.00878952	0.000978131	0.00992814	0.0606024	0.000861402	0.0170406	0.00180919	0.00714523	0.00234345	0.00115539	0.0370694	0.001926	0.00524217	0.154592	0.106375	0.0546801	0.00055624	0.000621716
21	0.0452279	0.0161847	0.0386624	0.0947697	0.00437136	0.0697044	0.0399648	0.00488632	0.201717	0.0206765	0.0142211	0.0778376	0.00857734	0.051609	0.191146	0.0591778	0.0332368	0.0212289	0.00255881	0.00424179
22	0.0216449	0.00848058	0.0217321	0.0090598	0.0100588	0.028569	0.0377842	0.0224568	0.078755	0.128945	0.0299618	0.0144899	0.00903978	0.120073	0.369269	0.0156484	0.0353132	0.0327836	0.00141626	0.00451861
23	0.010577	0.00498992	0.000993167	0.000956776	0.0686217	0.00102754	0.00167893	0.109734	0.00508567	0.592053	0.0679396	0.00182035	0.00300684	0.00362359	0.0145372	0.00213365	0.00355639	0.102117	0.000230939	0.0053171
24	0.296827	0.00566295	0.00472571	0.00421867	0.0275184	0.00690735	0.0227369	0.118102	0.00542536	0.150315	0.00852159	0.00535374	0.00421189	0.00401004	0.00605991	0.0795934	0.0155661	0.228551	0.00169515	0.00399711
25	0.1044	0.00746445	0.0625411	0.067062	0.0122453	0.0253744	0.0454171	0.0311132	0.0658239	0.029277	0.0130638	0.0420346	0.0625652	0.0685813	0.0824288	0.10815	0.110114	0.0480415	0.00169395	0.0126081
26	0.0553512	0.0104727	0.00160807	0.00661064	0.0247131	0.00636934	0.00184737	0.29785	0.00233442	0.0513698	0.0109098	0.00279465	0.0298772	0.00150018	0.00609603	0.0313135	0.0632906	0.389339	0.000726581	0.00562483
27	0.0433236	0.0267335	0.0114358	0.0140491	0.00906347	0.0282229	0.00902452	0.0319524	0.0367178	0.0185082	0.0393938	0.0190979	0.0172964	0.0141599	0.0141633	0.275988	0.322842	0.0331155	0.00305183	0.0318595
28	0.0115509	0.00756425	0.000764789	0.000716435	0.0781218	0.0010369	0.000771225	0.254978	0.00662584	0.33684	0.0261	0.0021093	0.0031461	0.0048282	0.00730289	0.00419168	0.00394275	0.247145	0.000400354	0.00186472
29	0.0081324	0.00649153	0.000702841	0.000536557	0.0816618	0.000814673	0.000726538	0.230711	0.00674503	0.376011	0.0341927	0.00225892	0.00305402	0.00564386	0.00851694	0.00328364	0.00235573	0.226272	0.000293115	0.00159552
30	0.103055	0.00921161	0.0660864	0.0885459	0.013736	0.0320109	0.0396457	0.0261606	0.06354	0.0321898	0.0132782	0.039234	0.0716635	0.059816	0.0778037	0.104409	0.0938413	0.0497831	0.00147809	0.0145113
31	0.0213201	0.00554479	0.000843423	0.00108576	0.0516279	0.00269924	0.000777817	0.253917	0.00451864	0.30221	0.0366922	0.00177983	0.00258934	0.00330117	0.00547695	0.00551483	0.0116617	0.284713	0.000792658	0.00293391
32	0.0910264	0.00212142	0.0150039	0.0199871	0.00087082	0.0179432	0.0194534	0.00444146	0.00899634	0.0553167	0.00735875	0.00676816	0.621733	0.0278502	0.00771253	0.050596	0.0295295	0.0123691	0.000280343	0.000642066
33	0.0906204	0.0019987	0.0142088	0.0189148	0.000718219	0.0177475	0.0192854	0.0042412	0.00830799	0.0556182	0.00732789	0.00635607	0.6288	0.0273364	0.00685693	0.0501305	0.02889	0.0119316	0.000272988	0.000436438
34	0.124534	0.00434365	0.00317087	0.00456584	0.0254421	0.0225064	0.00362575	0.176906	0.00401746	0.0281459	0.0569425	0.00355032	0.0688478	0.00316077	0.00414187	0.0160468	0.0150559	0.430113	0.00155102	0.00333174
35	0.085443	0.00572144	0.147875	0.027761	0.00717808	0.0147857	0.0596267	0.0147292	0.0494788	0.0156768	0.00943053	0.126284	0.0504021	0.0614945	0.0430219	0.168384	0.0830212	0.0226329	0.00118129	0.00587098
36	0.0403389	0.00917748	0.00847238	0.00857429	0.0986963	0.00566026	0.00195022	0.157353	0.0169727	0.319075	0.0937531	0.00962161	0.0377746	0.00290734	0.00187782	0.0180755	0.0294402	0.11976	0.000339376	0.0201795
37	0.29893	0.0222726	0.00240014	0.00209928	0.00503332	0.010169	0.00191961	0.0255145	0.0117949	0.119378	0.0771389	0.0230539	0.00270018	0.00229142	0.00620112	0.0782401	0.141668	0.150154	0.00284192	0.0161988
38	0.00756836	0.00417898	0.00093941	0.00080897	0.0578863	0.000994222	0.000972392	0.176562	0.0124529	0.44374	0.0627612	0.00543203	0.00251737	0.0109996	0.0153726	0.00202654	0.00325198	0.189273	0.000420546	0.00184134
39	0.0906204	0.0019987	0.0142088	0.0189148	0.000718219	0.0177475	0.0192854	0.0042412	0.00830799	0.0556182	0.00732789	0.00635607	0.6288	0.0273364	0.00685693	0.0501305	0.02889	0.0119316	0.000272988	0.000436438
40	0.103364	0.00918447	0.0636801	0.0783688	0.014175	0.0322896	0.040272	0.0257275	0.063215	0.032316	0.0141577	0.0400265	0.0790614	0.0572447	0.0789551	0.109161	0.0944946	0.0484933	0.00137197	0.0144414
41	0.00857163	0.00684341	0.000691463	0.000555577	0.0812598	0.000824602	0.000758757	0.242532	0.00646412	0.36217	0.0307687	0.00220263	0.00283861	0.00521141	0.00841988	0.00349969	0.00247722	0.232043	0.000342094	0.00152493
42	0.019988	0.0194867	0.0049777	0.0379524	0.00951076	0.0397505	0.046719	0.00365335	0.238378	0.0163396	0.00814936	0.0742508	0.0246578	0.0525286	0.297984	0.0583087	0.0242813	0.00643516	0.00762666	0.00902218
43	0.0201501	0.0209073	0.00488507	0.0365066	0.00860238	0.0425118	0.0469963	0.00263464	0.24022	0.0146902	0.00829536	0.0774586	0.0347346	0.0478414	0.291039	0.0593175	0.0233489	0.00465902	0.00709832	0.0081022
44	0.0479245	0.00937139	0.0054256	0.00661426	0.0815224	0.0052323	0.00160776	0.18134	0.0107751	0.256367	0.0588643	0.0113064	0.0391449	0.00329926	0.00298075	0.018829	0.0459754	0.198939	0.000543632	0.0139364
45	0.310046	0.0270638	0.0200496	0.00814721	0.00661162	0.0219159	0.00444719	0.0146637	0.0170977	0.0186298	0.0206967	0.00577003	0.0348631	0.0174853	0.0318644	0.142181	0.209206	0.0827302	0.00406353	0.00246652
46	0.275392	0.0245705	0.00229804	0.00200826	0.00671037	0.0149182	0.002073	0.0429753	0.0105013	0.126606	0.0693762	0.0175582	0.00304776	0.00199598	0.00480736	0.0613226	0.112219	0.204795	0.0023744	0.0144511
47	0.0304935	0.00691251	0.00624906	0.00549696	0.104613	0.00403094	0.00396211	0.148976	0.0146201	0.373678	0.0896772	0.00745663	0.0257408	0.00277951	0.00498916	0.0123115	0.0200464	0.113675	0.00195036	0.0223412
48	0.0241578	0.00666183	0.000706669	0.0010878	0.0601077	0.00282857	0.000794175	0.272355	0.00390911	0.252409	0.0211312	0.00146341	0.00227293	0.00257182	0.00429428	0.0069269	0.00968955	0.323362	0.000731824	0.00253843
49	0.380234	0.0344969	0.0125703	0.00193995	0.0157136	0.036556	0.00179242	0.0549943	0.00588861	0.0168307	0.00474079	0.0019182	0.0367745	0.00299872	0.00685864	0.118878	0.141436	0.122831	0.000867188	0.00167927
50	0.057551	0.00778831	0.306633	0.203263	0.0043486	0.0458575	0.0866576	0.0128632	0.0348751	0.014784	0.00432473	0.055544	0.0148544	0.0291987	0.0213214	0.0287072	0.0280388	0.0376207	0.000938426	0.0048304
51	0.0399325	0.00888457	0.00815764	0.00811708	0.102397	0.0059448	0.00228727	0.158245	0.0168391	0.309873	0.0937174	0.0101811	0.0387638	0.00292156	0.00163927	0.0186383	0.0302101	0.12082	0.000546017	0.0218841
52	0.0133882	0.00198906	0.00154917	0.00157264	0.791848	0.00194732	0.00155879	0.0109171	0.00173792	0.103778	0.00741379	0.00196202	0.00145464	0.00165067	0.00220265	0.00374387	0.00379789	0.0131834	0.000719147	0.0335863
53	0.163436	0.0467346	0.00292082	0.0027395	0.0328962	0.344311	0.002656	0.00622637	0.0113444	0.00663984	0.0182198	0.0152182	0.00299876	0.00278915	0.0327325	0.185128	0.0934984	0.024759	0.00249276	0.00225942
54	0.305244	0.0247088	0.00219128	0.00183051	0.00458341	0.0102471	0.00184324	0.0238607	0.0121483	0.120156	0.0786511	0.022357	0.00247492	0.00212292	0.00483398	0.0695758	0.134494	0.158585	0.00247707	0.017614
55	0.00681876	0.00326978	0.000464563	0.000411414	0.0625585	0.000546964	0.0012809	0.134327	0.00624221	0.552076	0.0743251	0.00185571	0.00142844	0.00587761	0.012635	0.000936791	0.00157234	0.129996	0.000164495	0.0032129
56	0.0976282	0.0109212	0.0792701	0.124817	0.010548	0.0346623	0.0378733	0.0215189	0.060952	0.0288104	0.0127357	0.0351516	0.0783596	0.0602896	0.0724783	0.0967291	0.0773955	0.0453451	0.000902175	0.0136119
57	0.0511637	0.00485094	0.000442376	0.00160999	0.0238552	0.00644771	0.000461761	0.21188	0.000724842	0.167784	0.0280158	0.000606936	0.000745861	0.000369532	0.000842779	0.00874402	0.0230635	0.461262	0.0012553	0.00587373
58	0.440507	0.0356233	0.00782693	0.0014665	0.00985255	0.0662992	0.00129931	0.0234384	0.00261523	0.00751353	0.00359916	0.00335664	0.0367678	0.00292247	0.00512279	0.17717	0.12351	0.0491745	0.000696625	0.00123787
59	0.0663526	0.013158	0.0635936	0.136993	0.00132551	0.0796543	0.0321291	0.00569508	0.171225	0.0250479	0.019809	0.0776426	0.00136798	0.0414274	0.119092	0.0654376	0.0402861	0.0362847	0.000310257	0.00316816
60	0.0192117	0.0222467	0.00772153	0.00141772	0.235859	0.0017326	0.0641818	0.00265512	0.0016208	0.0111274	0.00191881	0.00150656	0.0011802	0.00131992	0.00725651	0.00285596	0.00336419	0.0291963	0.00739964	0.576228
61	0.0578496	0.00582565	0.00052474	0.00182414	0.0234637	0.00720845	0.000471935	0.198216	0.000651286	0.156245	0.0336878	0.00121118	0.00192945	0.000684101	0.000724325	0.0112833	0.0295966	0.46251	0.00122835	0.00486402
62	0.0133882	0.00198906	0.00154917	0.00157264	0.791848	0.00194732	0.00155879	0.0109171	0.00173792	0.103778	0.00741379	0.00196202	0.00145464	0.00165067	0.00220265	0.00374387	0.00379789	0.0131834	0.000719147	0.0335863
63	0.039279	0.0263137	0.027953	0.00245948	0.232312	0.00262062	0.0416324	0.129747	0.006417	0.0949784	0.0725557	0.0233691	0.00205699	0.00294389	0.00966147	0.04248	0.0316369	0.0774681	0.058711	0.0754039
64	0.201174	0.0191375	0.00983526	0.0114916	0.00619285	0.0181645	0.0094903	0.0083467	0.00694789	0.0289713	0.00691413	0.00465695	0.368728	0.0140666	0.00859511	0.0864625	0.153179	0.0345045	0.00148309	0.00165742
65	0.0550435	0.0386443	0.00156897	0.00529093	0.00430224	0.0662542	0.00472907	0.0282484	0.0113663	0.0120322	0.0102301	0.022187	0.0246399	0.0151647	0.00208464	0.412879	0.268109	0.0104947	0.000933536	0.00579722
66	0.0610199	0.0165865	0.00777267	0.00680735	0.00641902	0.0400499	0.0263175	0.0136819	0.00873473	0.00818063	0.0151993	0.132849	0.0377002	0.0235668	0.00372314	0.390679	0.18832	0.00824016	0.000813997	0.00333825
67	0.0325196	0.00630425	0.0150268	0.00237347	0.0384324	0.00365915	0.517577	0.00796473	0.00269406	0.00949528	0.00333818	0.0338864	0.00218974	0.0808922	0.0493729	0.0528692	0.0193194	0.00699483	0.00110982	0.113981
68	0.0618052	0.0233946	0.00627191	0.00476283	0.0982583	0.00390565	0.00371846	0.115732	0.00835365	0.274409	0.0792047	0.0154654	0.0178063	0.0100709	0.00318998	0.0427924	0.0741555	0.132205	0.00424314	0.0202558
69	0.0906204	0.0019987	0.0142088	0.0189148	0.000718219	0.0177475	0.0192854	0.0042412	0.00830799	0.0556182	0.00732789	0.00635607	0.6288	0.0273364	0.00685693	0.0501305	0.02889	0.0119316	0.000272988	0.000436438
70	0.0994736	0.00708809	0.0641938	0.0778167	0.0153209	0.0272671	0.0371649	0.0397683	0.07245	0.0291664	0.0183551	0.0351592	0.0481616	0.0597152	0.0836651	0.0872957	0.119064	0.06263	0.00369233	0.0125524
71	0.00892818	0.00264318	0.000667587	0.00054688	0.0459976	0.000661548	0.00123946	0.115582	0.00578202	0.616143	0.0801714	0.00137728	0.00117702	0.00374448	0.00964907	0.00121796	0.00242034	0.0989237	0.000221792	0.00290492
72	0.0594595	0.00747283	0.329703	0.0919306	0.00605326	0.0438545	0.197304	0.0129288	0.0122426	0.0124223	0.0060514	0.098117	0.00800161	0.00764867	0.0065385	0.0169584	0.0190917	0.0584849	0.00210732	0.00362836
73	0.0807036	0.00552841	0.030967	0.0137217	0.0115039	0.0282044	0.0454091	0.0933684	0.124129	0.0435597	0.0411331	0.016251	0.01064	0.0250786	0.174409	0.0807574	0.0772561	0.0896544	0.00246521	0.0052603
74	0.0681894	0.010061	0.203674	0.24713	0.00281139	0.0358097	0.0465412	0.025466	0.0527521	0.0186985	0.00471111	0.0353678	0.0239873	0.0529319	0.0374261	0.0401667	0.0372189	0.0465712	0.000648819	0.00983653
75	0.103709	0.0179326	0.026311	0.0361328	0.0209314	0.00450985	0.0295887	0.0314406	0.0486342	0.238129	0.138816	0.0685497	0.00347046	0.0639075	0.0327164	0.0719355	0.0177913	0.0291966	0.013485	0.00281261
76	0.109648	0.00761559	0.0640975	0.0675289	0.0123213	0.0259943	0.0418199	0.0303115	0.0662681	0.028977	0.0133212	0.0427711	0.0650413	0.0663921	0.0803695	0.104486	0.10889	0.049734	0.00166569	0.0127472
77	0.0421888	0.00185756	0.191571	0.449518	0.00570006	0.0759166	0.0115929	0.00327227	0.0753661	0.00899102	0.00228524	0.0566268	0.00282772	0.0259832	0.0101452	0.0173735	0.00691302	0.0101706	0.000515192	0.00118543
78	0.0936395	0.00426371	0.0270709	0.035842	0.00286077	0.0223439	0.0225666	0.0080207	0.0203125	0.0510706	0.00842467	0.0129661	0.517173	0.0326605	0.0200966	0.0584903	0.0404187	0.0175789	0.00043238	0.00376762
79	0.0538437	0.00603652	0.0362145	0.0583838	0.00846019	0.0194064	0.0308598	0.0298663	0.10225	0.0606198	0.0104828	0.0284626	0.0605998	0.104913	0.180028	0.0698695	0.0617897	0.0617463	0.00178571	0.0143819
80	0.00811927	0.00327631	0.000656261	0.00055652	0.0647287	0.000599939	0.00109685	0.187361	0.0065585	0.473201	0.0650051	0.00206812	0.00230651	0.00548335	0.00904138	0.00205926	0.00211782	0.162999	0.000243637	0.00252178
81	0.0906204	0.0019987	0.0142088	0.0189148	0.000718219	0.0177475	0.0192854	0.0042412	0.00830799	0.0556182	0.00732789	0.00635607	0.6288	0.0273364	0.00685693	0.0501305	0.02889	0.0119316	0.000272988	0.000436438
82	0.0910895	0.0371211	0.00195297	0.00241319	0.00453307	0.736789	0.00127729	0.00624916	0.00221433	0.0078589	0.00971601	0.00635912	0.00119834	0.00270639	0.0266171	0.0204697	0.0104099	0.0215629	0.0053009	0.00416133
83	0.0458218	0.246034	0.067668	0.0158806	0.0145172	0.0758522	0.0110138	0.0220417	0.0154728	0.13447	0.015617	0.0170443	0.0639645	0.0144845	0.0178485	0.0844301	0.0312189	0.090894	0.00564381	0.0100818
84	0.496525	0.0318796	0.00834334	0.000932703	0.0102331	0.0607111	0.000846683	0.0173661	0.00168816	0.0073394	0.00226444	0.00110512	0.0377677	0.00186116	0.00511744	0.1513	0.1076	0.0560499	0.000476274	0.000592083
85	0.0843732	0.011756	0.253738	0.142853	0.00481681	0.0348381	0.0616463	0.0169857	0.0428085	0.0213579	0.00647644	0.0444943	0.0332452	0.042699	0.0363624	0.0576614	0.0535082	0.0411702	0.000623517	0.00858517
86	0.0978174	0.0397798	0.00131219	0.00117691	0.00455091	0.724313	0.00115596	0.00631738	0.00195853	0.00797354	0.00937151	0.00581264	0.0010225	0.00274131	0.0272785	0.0225173	0.0119356	0.0222072	0.00669504	0.00406262
87	0.0280675	0.00653146	0.000647668	0.00150967	0.0494631	0.00345414	0.000675827	0.300298	0.00257946	0.204027	0.016287	0.00125932	0.00305129	0.00191169	0.00324828	0.0105913	0.0142147	0.348538	0.000911948	0.00273292
88	0.00722126	0.00451137	0.0005188	0.000516784	0.0669231	0.000605649	0.00174203	0.114381	0.00474416	0.595885	0.0688178	0.00154657	0.00122698	0.0042533	0.0158707	0.00106636	0.00157332	0.104156	0.000193023	0.00424655
89	0.0687054	0.0032843	0.000474848	0.00281264	0.0194385	0.0110719	0.000543181	0.187401	0.000840412	0.11653	0.0306459	0.000627613	0.00510045	0.000467241	0.000584679	0.0116522	0.0222719	0.513311	0.0012223	0.00301443
90	0.0548094	0.00877593	0.0409746	0.0352928	0.0150279	0.0243003	0.134287	0.0149139	0.0509968	0.0214675	0.01405	0.196274	0.0324908	0.0675548	0.0599496	0.12578	0.0577177	0.0217052	0.00198358	0.0216485
91	0.0262941	0.00384181	0.00173248	0.00274462	0.00301848	0.00406622	0.00185665	0.0370161	0.00412418	0.0176188	0.00397741	0.00299825	0.00377081	0.00278358	0.00271912	0.184711	0.650823	0.042002	0.00081528	0.00308592
92	0.0422596	0.0253667	0.0259261	0.00320121	0.230795	0.00278293	0.0406209	0.12718	0.00751797	0.0982974	0.0731019	0.0248955	0.00229161	0.0035264	0.0112411	0.0434492	0.0307275	0.0752245	0.0606561	0.0709383
93	0.0794528	0.0130577	0.11192	0.243374	0.00398294	0.0314967	0.037548	0.0244114	0.0570756	0.0248912	0.00739726	0.0273963	0.0333706	0.0709226	0.0575656	0.0590592	0.0518831	0.0486663	0.000720618	0.0158076
94	0.0413892	0.00118226	0.203741	0.46634	0.0053212	0.0803733	0.0102119	0.00268141	0.0672341	0.00711528	0.00132372	0.0558155	0.00282462	0.0219029	0.00406194	0.0151732	0.00468675	0.00734322	0.000501551	0.000777878
95	0.0122801	0.00271351	0.00125349	0.00111951	0.0452436	0.00093493	0.00128836	0.116359	0.00729043	0.60673	0.0832536	0.00156737	0.00273571	0.00348381	0.00847653	0.00196893	0.00373497	0.0957912	0.000221352	0.00355325
96	0.0461713	0.00296092	0.185905	0.436994	0.0045374	0.0642778	0.0167155	0.00563357	0.0614793	0.010171	0.00197106	0.0472609	0.00581764	0.0385914	0.0172759	0.0222761	0.013047	0.0155464	0.000508855	0.00285825
97	0.0982715	0.0102808	0.061282	0.0769215	0.0131536	0.035067	0.0399135	0.0233622	0.0668618	0.0316789	0.0142467	0.0383621	0.0923735	0.0561605	0.083445	0.109341	0.0877618	0.0460772	0.00125642	0.014183
98	0.0189634	0.0194303	0.00825184	0.00178999	0.226077	0.00208743	0.0768289	0.0098118	0.00238503	0.0222664	0.00628925	0.00272412	0.00160254	0.00167879	0.011133	0.00544444	0.00519309	0.0390664	0.0155496	0.523427
99	0.0907969	0.00199936	0.0142239	0.0188892	0.000717441	0.0177493	0.0192505	0.00423799	0.00830124	0.0556081	0.00731687	0.00636572	0.62878	0.0273038	0.00685051	0.0501275	0.028886	0.0119013	0.000257977	0.000436439
100	0.0157433	0.00514376	0.00158114	0.00221862	0.00737175	0.0120368	0.00181193	0.466045	0.00160038	0.0346528	0.00551443	0.0021427	0.00363803	0.00153216	0.00245421	0.00738494	0.0252412	0.400074	0.00188873	0.00192484
101	0.0937076	0.0375084	0.00145375	0.00174578	0.00424112	0.736448	0.00148856	0.00601334	0.00188419	0.00762581	0.00986857	0.00580083	0.00105399	0.00265697	0.0267586	0.020019	0.0102233	0.0218255	0.00567553	0.00400093
102	0.0951688	0.00241434	0.0148274	0.0190786	0.000968678	0.0183539	0.0195132	0.00458582	0.00887954	0.0544561	0.00732652	0.00714428	0.613699	0.0273543	0.00771264	0.0531606	0.0316653	0.0127889	0.000273473	0.000628964
103	0.0102061	0.00734249	0.000725541	0.000587911	0.0769647	0.000910305	0.000769932	0.249933	0.00634495	0.350129	0.0289901	0.00208169	0.00282694	0.00499904	0.0082119	0.00382468	0.00316594	0.239864	0.000385589	0.00173577
104	0.0374381	0.0159246	0.00208808	0.010137	0.0236808	0.00373078	0.00164389	0.294558	0.0037617	0.0572277	0.002678	0.00296938	0.0266585	0.00149723	0.0106534	0.0315189	0.132986	0.330087	0.000810368	0.00994972
105	0.00650162	0.00286885	0.000517749	0.000461624	0.0659427	0.000548296	0.00114604	0.151667	0.00717144	0.513098	0.0737413	0.00211877	0.00187973	0.00602947	0.0100574	0.00106217	0.00165177	0.1508	0.00017658	0.00255868
106	0.0877848	0.0108089	0.0878388	0.157713	0.0050322	0.0485427	0.0319858	0.0166116	0.104055	0.0262847	0.0125509	0.0499931	0.0279965	0.0556664	0.0847289	0.0733624	0.0643033	0.0418315	0.00073405	0.0121749
107	0.00880746	0.0321292	0.00321193	0.0032341	0.0366492	0.00390025	0.00317504	0.00650803	0.00354523	0.0759869	0.0046514	0.00387816	0.00239375	0.00296538	0.00377803	0.020301	0.00734407	0.00849223	0.766594	0.00245433
108	0.0145416	0.00425039	0.00112461	0.00148651	0.0508288	0.00115515	0.00201397	0.105303	0.0061065	0.602583	0.0830863	0.00245624	0.00223621	0.00431307	0.0121994	0.00368554	0.00704533	0.0903985	0.000549926	0.00463601
109	0.0427748	0.00421448	0.300226	0.298929	0.00461902	0.0726504	0.0636353	0.0073825	0.0449471	0.00857669	0.0029349	0.0679379	0.00575606	0.0164414	0.00704018	0.0160808	0.0118573	0.0211616	0.000753544	0.00208088
110	0.0655107	0.0131899	0.0631834	0.137516	0.00122026	0.080336	0.0321044	0.00545503	0.172565	0.0248425	0.0199265	0.0781971	0.000607167	0.0410744	0.120073	0.0653941	0.0395991	0.0359638	0.000292754	0.00294943
111	0.0313083	0.0139289	0.0227512	0.101373	0.00951674	0.0224552	0.0725471	0.00601449	0.111513	0.0145965	0.00537998	0.034073	0.0094756	0.324133	0.121346	0.0294816	0.0321214	0.0265009	0.00708886	0.0043957
112	0.0990519	0.00993608	0.0717355	0.113633	0.0117222	0.0322278	0.0382149	0.0239643	0.0612712	0.0300753	0.0138257	0.0367948	0.0750149	0.0602695	0.0774374	0.10054	0.0828657	0.0463137	0.00108668	0.0140192
113	0.103364	0.00918447	0.0636801	0.0783688	0.014175	0.0322896	0.040272	0.0257275	0.063215	0.032316	0.0141577	0.0400265	0.0790614	0.0572447	0.0789551	0.109161	0.0944946	0.0484933	0.00137197	0.0144414
114	0.0639402	0.0137158	0.0613997	0.134161	0.00130744	0.0803983	0.0324505	0.00534305	0.175486	0.0241758	0.0193491	0.0789606	0.00105134	0.0411369	0.12526	0.0650226	0.0389181	0.0346681	0.000363129	0.00289279
115	0.160167	0.0273074	0.0100212	0.0133024	0.00788764	0.0390549	0.00931145	0.01522	0.0102224	0.0119048	0.00786646	0.0229525	0.0624095	0.0136825	0.00899731	0.380374	0.170271	0.0231288	0.00226757	0.00365186
116	0.0677033	0.00419929	0.000856387	0.00256953	0.0186148	0.0102611	0.00102659	0.21788	0.00132922	0.103938	0.0262943	0.00133535	0.00925583	0.000738988	0.0012773	0.0132806	0.0263398	0.48875	0.00131249	0.00303689
117	0.0512197	0.00547848	0.000484484	0.00149709	0.0235117	0.00642098	0.000522035	0.203033	0.00075466	0.176788	0.0293293	0.000659917	0.000660839	0.000539818	0.000889593	0.00865502	0.0232661	0.459533	0.00126896	0.00548757
118	0.0193354	0.022146	0.00774255	0.00136959	0.236025	0.00171715	0.063975	0.00261045	0.00159216	0.0108711	0.00187459	0.0014783	0.00117946	0.00131789	0.00722228	0.00280398	0.00335371	0.0287275	0.00724562	0.577412
119	0.0323783	0.00442051	0.000585514	0.00122638	0.0258638	0.00671414	0.000649706	0.310814	0.00161182	0.141955	0.0155299	0.000983698	0.0012257	0.00103313	0.00186752	0.00682653	0.0169295	0.424924	0.002072	0.00238898
120	0.153187	0.0914334	0.00361023	0.00393233	0.00608766	0.0196582	0.00306568	0.00873665	0.00410461	0.00826524	0.00577669	0.00457417	0.00535365	0.00418082	0.00497083	0.585323	0.0553854	0.0107842	0.018777	0.0027931
121	0.0124893	0.00210834	0.00147254	0.00138673	0.718148	0.0017234	0.00179016	0.0211907	0.00196838	0.156268	0.0144914	0.00177112	0.00130555	0.00168225	0.00330086	0.00325349	0.00327515	0.0218669	0.000578175	0.0299293
122	0.0883959	0.0329473	0.0047726	0.0081829	0.00485679	0.715354	0.00184605	0.0067964	0.00567488	0.00842766	0.0110718	0.00756096	0.0020852	0.00378917	0.0340676	0.0225201	0.0117829	0.0203629	0.00524054	0.00426406
123	0.0704886	0.018193	0.0295236	0.0651392	0.0101643	0.0318476	0.021913	0.020367	0.0298831	0.0184621	0.013184	0.0327643	0.0424014	0.0447496	0.0320932	0.292376	0.185587	0.0309684	0.00152615	0.00836875
124	0.065237	0.0140266	0.00830653	0.00704318	0.0249955	0.328276	0.0166674	0.0219752	0.0395302	0.0596051	0.0630705	0.0120802	0.00528727	0.0492676	0.167823	0.0358311	0.0237982	0.0503819	0.00317287	0.00362433
125	0.106828	0.0964805	0.00513997	0.00411942	0.00700882	0.561277	0.00489938	0.0138173	0.00596544	0.0174878	0.0095773	0.0396347	0.00440414	0.00494501	0.0181494	0.021371	0.0120493	0.0354529	0.00463534	0.026757
126	0.268453	0.0130762	0.00681797	0.00293643	0.00532409	0.021627	0.00272321	0.0158581	0.00906559	0.0627264	0.0352731	0.00746456	0.0108794	0.00630822	0.0392033	0.0975768	0.265834	0.108724	0.0148585	0.00526911
127	0.0268034	0.0159812	0.0142376	0.00235429	0.172568	0.00257507	0.0331448	0.132455	0.00784123	0.261841	0.0907138	0.0134903	0.00564943	0.00272612	0.0120521	0.0240997	0.0191881	0.0811523	0.0312392	0.0498877
128	0.0702904	0.0155981	0.00392155	0.0259124	0.0239285	0.021812	0.00703316	0.0145571	0.00754705	0.0122467	0.0089077	0.0157454	0.087847	0.0110936	0.00585352	0.310807	0.333843	0.0173401	0.00149256	0.00422296
129	0.0751575	0.00851993	0.104159	0.321267	0.00145958	0.0275066	0.0350479	0.0148598	0.0475176	0.0193444	0.00433972	0.0243088	0.0158224	0.085194	0.0621768	0.0476727	0.0455408	0.0503221	0.00046033	0.00932387
130	0.0450355	0.00714292	0.0729315	0.224549	0.0031743	0.0184607	0.046768	0.00974243	0.0340885	0.0194634	0.00343706	0.0167804	0.00956318	0.349031	0.0430984	0.0287235	0.0290311	0.0319196	0.00162186	0.00543767
131	0.017274	0.00205836	0.00236472	0.0135867	0.0333457	0.00200699	0.0020057	0.147233	0.00245259	0.207674	0.329216	0.00226486	0.00256561	0.0277581	0.00202123	0.00345199	0.124075	0.060352	0.000883112	0.0174102
132	0.0890789	0.0044198	0.0552185	0.0325378	0.0099732	0.0123196	0.0316022	0.0771699	0.0596578	0.0168276	0.0345827	0.0707692	0.0177555	0.045314	0.10677	0.0543335	0.185441	0.0779491	0.00293549	0.0153446
133	0.0599948	0.0111052	0.0817798	0.231323	0.00420714	0.0436638	0.0448797	0.0116642	0.100369	0.0205054	0.00888485	0.0520892	0.0162969	0.0649994	0.110696	0.0524972	0.040452	0.0353809	0.00160588	0.00760549
134	0.0102845	0.00268116	0.000821836	0.000859205	0.0479501	0.000905295	0.00118891	0.131561	0.00537057	0.541198	0.108417	0.00171488	0.00189874	0.00413885	0.00838404	0.00156844	0.00740777	0.120224	0.000297351	0.00312856
135	0.380761	0.024289	0.0125129	0.0101299	0.00975039	0.0453619	0.00645875	0.0172088	0.00889386	0.0234527	0.00700928	0.00715153	0.0848604	0.00996497	0.0139349	0.159077	0.122674	0.0526674	0.00125144	0.00258991
136	0.09755	0.0565687	0.00903465	0.00571526	0.121947	0.00439363	0.0461991	0.0689399	0.0357453	0.178112	0.0775429	0.0143789	0.0027348	0.00870921	0.0618413	0.053606	0.0308513	0.0264461	0.0668996	0.0327844
137	0.16703	0.039076	0.00252324	0.00163732	0.0045948	0.624571	0.00125151	0.0081904	0.0035453	0.00876321	0.00782737	0.00729114	0.00535083	0.0027745	0.023799	0.035826	0.0190111	0.0284233	0.00431844	0.00419497
138	0.0128859	0.00429685	0.0011519	0.00118296	0.0508083	0.00103979	0.00181432	0.113546	0.00568572	0.582348	0.0874598	0.00223775	0.00220205	0.0039568	0.0119116	0.0027784	0.00696845	0.103095	0.000467928	0.00416207
139	0.0433765	0.00182442	0.201164	0.456016	0.0050282	0.0748671	0.0125937	0.00364725	0.0658922	0.00785031	0.00148616	0.053685	0.00396001	0.0253829	0.00723077	0.0169842	0.00716855	0.00997869	0.000504084	0.00135944
140	0.111067	0.015172	0.0304123	0.0386875	0.0183541	0.00457109	0.0253802	0.0270546	0.0487644	0.240224	0.138294	0.0641217	0.00385522	0.0653548	0.0304338	0.0727296	0.0195539	0.0288325	0.0145065	0.00262984
141	0.143723	0.0475554	0.00376702	0.00400714	0.00839005	0.0970686	0.00353484	0.0161841	0.00703304	0.00830439	0.00880946	0.0126608	0.018507	0.00780677	0.00670562	0.406173	0.175533	0.0173939	0.00302228	0.00381931
142	0.0464949	0.0166278	0.0411794	0.104811	0.00348295	0.074848	0.0394228	0.00412396	0.199246	0.0199494	0.0142908	0.077796	0.00648902	0.0508426	0.178362	0.0611832	0.0317793	0.0234568	0.0021138	0.00350006
143	0.0238772	0.0200448	0.00440423	0.03167	0.0183863	0.00493311	0.12391	0.00643879	0.089539	0.00919861	0.00404896	0.0200576	0.00288764	0.466572	0.0666735	0.00781241	0.0377275	0.0420227	0.0166996	0.00309562
144	0.0190075	0.0204992	0.00416473	0.0362625	0.00865359	0.0424493	0.0467514	0.00260242	0.243074	0.0145147	0.00810129	0.0783978	0.0289856	0.0489807	0.297821	0.0579209	0.0224953	0.0041061	0.00721429	0.00799708
145	0.0137623	0.00213607	0.00193107	0.00164867	0.784499	0.00207852	0.00249665	0.0112973	0.00188133	0.101982	0.00784141	0.00216962	0.00154783	0.00170514	0.00270783	0.00428364	0.0042921	0.0137414	0.00102171	0.0369769
146	0.0219549	0.00541829	0.000776557	0.00114727	0.0396622	0.00491681	0.000866751	0.350618	0.00259613	0.182214	0.0127364	0.00159294	0.00239405	0.00219159	0.00339432	0.00703755	0.012848	0.34446	0.00125146	0.00192327
147	0.00870886	0.0322717	0.00319113	0.00325107	0.0353732	0.00391414	0.00306458	0.00603298	0.00360941	0.076103	0.00432609	0.00371971	0.00239351	0.00300894	0.00377493	0.0202134	0.00728971	0.00822311	0.769379	0.00215108
148	0.128696	0.00386337	0.00166496	0.00276375	0.016875	0.0100195	0.00468379	0.171528	0.00255584	0.0904731	0.0222166	0.0022978	0.0113144	0.00159147	0.00168415	0.0303506	0.0243132	0.469351	0.0012033	0.0025541
149	0.0634881	0.00353002	0.000448564	0.00219113	0.0195244	0.00973043	0.000448037	0.19497	0.000648413	0.124219	0.0290458	0.000544282	0.00311206	0.000386753	0.000552231	0.010497	0.0223016	0.509875	0.0013016	0.0031855
150	0.0164278	0.019762	0.00411057	0.0306379	0.00801522	0.0368414	0.0449725	0.00210255	0.22639	0.0159116	0.00769015	0.0703234	0.0166774	0.0479714	0.36511	0.0500461	0.0204458	0.00261751	0.00676039	0.00718696
151	0.098857	0.0103627	0.0611915	0.0766802	0.0134165	0.0347961	0.0398528	0.023512	0.0663972	0.0319284	0.0148168	0.0381497	0.0919992	0.0556372	0.0823836	0.109625	0.0883731	0.0464029	0.0012618	0.0143559
152	0.0906757	0.00207699	0.0149141	0.0197559	0.000893661	0.0179726	0.019441	0.00440078	0.00888134	0.0555122	0.00747139	0.00668833	0.621972	0.0274126	0.00773768	0.0513384	0.0295464	0.0124137	0.000283372	0.000612046
153	0.0398761	0.0209268	0.0461016	0.0287505	0.0202107	0.00797399	0.0876557	0.0767942	0.0120732	0.0284618	0.0427465	0.0963583	0.040347	0.0111507	0.0432201	0.19607	0.125052	0.0700709	0.00111084	0.00504918
154	0.0759062	0.0126721	0.116673	0.264173	0.0030344	0.0299842	0.0378631	0.0233954	0.0552763	0.0237229	0.00631914	0.0267188	0.0289412	0.073171	0.0562003	0.05427	0.0481053	0.0474907	0.00064443	0.0154388
155	0.0510899	0.00243894	0.158749	0.374456	0.00425403	0.158873	0.0109239	0.0114837	0.0587488	0.00894023	0.00278222	0.0434947	0.0115817	0.0244629	0.0181132	0.0225108	0.0185519	0.0135358	0.000600193	0.00440916
156	0.0135369	0.00216142	0.00173613	0.00156906	0.781873	0.002233	0.00166403	0.0127438	0.00191348	0.10732	0.00888755	0.00205344	0.00144948	0.00170449	0.00237854	0.00395542	0.00441063	0.0142533	0.000962258	0.0331938
157	0.0444972	0.00684059	0.00257919	0.00281968	0.0518415	0.00355641	0.000830213	0.16337	0.00529831	0.30137	0.0549422	0.00420745	0.00931573	0.00240649	0.00257853	0.0104173	0.0298105	0.29205	0.000565306	0.0107041
158	0.0712267	0.00774615	0.118862	0.329564	0.00148504	0.0332951	0.0317202	0.0135429	0.0500753	0.0183039	0.00423712	0.0261177	0.0151561	0.0773656	0.0572168	0.0493394	0.042152	0.0438092	0.000443251	0.00834166
159	0.0231109	0.0176798	0.00910931	0.0347832	0.00867923	0.0388597	0.0425412	0.00812848	0.206625	0.0243021	0.0142007	0.0631091	0.0152501	0.0525733	0.344565	0.0484573	0.0241503	0.011786	0.005612	0.00647749
160	0.0749178	0.00674261	0.00199183	0.00375552	0.0105497	0.00510109	0.00145462	0.186264	0.00535272	0.0455176	0.00538155	0.0026732	0.0124926	0.00147816	0.00442158	0.0609832	0.308626	0.257648	0.000924765	0.00372234
161	0.0181658	0.0206683	0.00400158	0.0385188	0.00848528	0.0405101	0.0463552	0.00256472	0.249153	0.0143988	0.00769839	0.0771024	0.0193885	0.0523399	0.303067	0.0567225	0.0223853	0.0034585	0.00722877	0.00778667
162	0.045078	0.00196939	0.166277	0.300095	0.00343967	0.257147	0.004987	0.0145821	0.055493	0.00507776	0.00177317	0.0440485	0.0194972	0.00931659	0.015275	0.0205891	0.0220563	0.00579517	0.000647651	0.00685519
163	0.0456424	0.00630424	0.0101972	0.00415409	0.0197613	0.0291152	0.0392627	0.0483907	0.102965	0.0993895	0.0754587	0.0183575	0.00371576	0.0609364	0.285	0.0230402	0.0437212	0.0810954	0.00110664	0.00238596
164	0.0906683	0.034801	0.00262481	0.00336099	0.00813539	0.697219	0.00146482	0.00598064	0.00300053	0.00805849	0.0119474	0.00606046	0.00372073	0.00331629	0.0281475	0.0409709	0.0210354	0.0208689	0.00506053	0.00355792
165	0.00946375	0.0100804	0.00129927	0.0010263	0.0830308	0.00121242	0.00360015	0.0943025	0.00447684	0.572557	0.07395	0.00211585	0.00247557	0.00352679	0.0279399	0.00327395	0.0036045	0.0921117	0.000526435	0.00942549
166	0.0635557	0.00439129	0.00053424	0.00214704	0.0200921	0.00888871	0.000576954	0.186447	0.000774243	0.135993	0.0316977	0.000909483	0.00236915	0.000539321	0.000615427	0.0116807	0.0260055	0.497632	0.00126115	0.00388938
167	0.0434222	0.00383259	0.000543446	0.00157477	0.0151765	0.00821925	0.000556951	0.274934	0.000691343	0.120004	0.0199764	0.000691453	0.000993996	0.000563336	0.000820516	0.00760304	0.0223462	0.472299	0.00279598	0.00295444
168	0.100728	0.00952945	0.0620175	0.0741838	0.0146104	0.030003	0.0378215	0.0239321	0.0612498	0.0569393	0.0326283	0.042525	0.0695501	0.0585639	0.0721234	0.113259	0.0807888	0.0447543	0.00231159	0.0124804
169	0.00981989	0.0335696	0.00331392	0.0037154	0.0350471	0.00414008	0.00324828	0.00636709	0.00385398	0.0744963	0.0045976	0.00413942	0.00243767	0.00308246	0.00407898	0.021485	0.00779492	0.00872969	0.763886	0.00219623
170	0.373483	0.0230211	0.00814226	0.00382202	0.00904991	0.0345059	0.00220136	0.0378207	0.00882576	0.0342905	0.0103683	0.00397412	0.0376229	0.00451746	0.009598	0.119733	0.160874	0.113758	0.00157059	0.00282144
171	0.0926073	0.0043786	0.0345246	0.0390401	0.00429636	0.0220021	0.0253599	0.0103064	0.0288676	0.046675	0.00904021	0.0181157	0.453201	0.0392689	0.0294989	0.0688453	0.0461283	0.0224768	0.000525808	0.00484092
172	0.0204647	0.013218	0.0106526	0.0339346	0.0134283	0.00529947	0.118909	0.00720486	0.0504506	0.0134109	0.00413735	0.0150441	0.00626653	0.561239	0.0457118	0.0114935	0.0258451	0.0254815	0.00922238	0.00858521
173	0.175959	0.00668964	0.00403982	0.00339705	0.0127787	0.0159205	0.00266178	0.116195	0.0297553	0.0616897	0.00571283	0.00333971	0.0325413	0.00229934	0.00675603	0.0438545	0.218496	0.253491	0.00132542	0.00309796
174	0.0703891	0.0078307	0.0976168	0.336624	0.00197692	0.0237916	0.0363721	0.0136183	0.0420812	0.0204401	0.00394757	0.0207695	0.0146136	0.0953258	0.0700013	0.0449096	0.0452641	0.045342	0.000713804	0.00837196
175	0.0133157	0.0061798	0.00155464	0.00286843	0.0084797	0.0104185	0.0017714	0.487179	0.00162722	0.0337101	0.00459685	0.00233231	0.00479946	0.00156687	0.00301863	0.00933718	0.0325886	0.370692	0.00166251	0.00230075
176	0.0101223	0.00423161	0.00101397	0.00129551	0.0540943	0.000944353	0.00180305	0.102606	0.00529365	0.629274	0.0708914	0.00199935	0.00196969	0.0035772	0.0131702	0.00213814	0.00265366	0.0886253	0.000257827	0.0040387
177	0.264493	0.00963232	0.00290692	0.0025951	0.012059	0.274608	0.00278289	0.00575397	0.0458896	0.00703968	0.00730781	0.0432186	0.00247497	0.00262768	0.0702402	0.180691	0.0368374	0.0253966	0.00113123	0.00231464
178	0.0321492	0.0100222	0.0202987	0.0105441	0.0321395	0.00741177	0.499713	0.0153978	0.0137689	0.0180603	0.00870777	0.0339209	0.00676863	0.0793647	0.0528615	0.0454155	0.0216244	0.0152744	0.00202375	0.074533
179	0.0980586	0.010262	0.0611104	0.0769158	0.013097	0.0351687	0.0398764	0.0232404	0.0670312	0.0317019	0.0141997	0.0382457	0.0928114	0.0562671	0.0837775	0.109107	0.0874955	0.0461974	0.00124375	0.0141922
180	0.329076	0.0431216	0.00521518	0.00251689	0.00623184	0.029846	0.00206374	0.0104025	0.003033	0.00833627	0.00417619	0.00312361	0.0173219	0.00286241	0.00478592	0.429838	0.0627762	0.0264059	0.0070395	0.00182758
181	0.0239329	0.0125729	0.00135954	0.00532669	0.020085	0.00571332	0.00137107	0.353897	0.00173049	0.0510801	0.00551206	0.00195682	0.013141	0.00116027	0.00537064	0.0179156	0.0725355	0.39909	0.00109494	0.00515351
182	0.108516	0.0298198	0.00213343	0.00206696	0.00584904	0.693405	0.00154434	0.00591277	0.00440812	0.0086982	0.0152777	0.00730961	0.00166149	0.00384557	0.0386559	0.0283944	0.0131923	0.0207832	0.00523636	0.00328969
183	0.136649	0.0719965	0.00229599	0.00194775	0.00389302	0.630931	0.00177358	0.0140553	0.00209594	0.0149191	0.00685017	0.00903443	0.00209916	0.00330472	0.0173627	0.0139096	0.00626161	0.0494223	0.00447303	0.00672571
184	0.0214675	0.00699483	0.0052348	0.003004	0.611668	0.00514137	0.00727644	0.0448635	0.00506336	0.123247	0.0399125	0.0060581	0.00414362	0.00404758	0.00649539	0.0117726	0.0127073	0.0406054	0.00788694	0.0324093
185	0.00752243	0.00293534	0.000586752	0.000551068	0.063405	0.000595111	0.00118545	0.145368	0.00674178	0.512489	0.0766179	0.00216616	0.00186297	0.00597927	0.0102215	0.00120985	0.00234732	0.155317	0.000194021	0.00270447
186	0.0252631	0.00354699	0.0018034	0.00281476	0.00314856	0.00411867	0.00191981	0.0350559	0.00421526	0.017062	0.00425645	0.00299186	0.00405726	0.00264634	0.00284866	0.184595	0.653626	0.0419533	0.000902161	0.00317461
187	0.0302775	0.00846982	0.0145858	0.00748901	0.0312756	0.00477036	0.517573	0.0109027	0.00787483	0.0127345	0.00399435	0.032906	0.0039089	0.104815	0.0538786	0.0443402	0.0186239	0.00900378	0.00142949	0.0811464
188	0.0951768	0.0698687	0.00394872	0.00321004	0.0109801	0.618752	0.00213664	0.00733842	0.00299647	0.0121886	0.0112592	0.0081668	0.00265661	0.0031046	0.0237569	0.060009	0.0287953	0.0253376	0.00502684	0.00529093
189	0.0910821	0.0374695	0.00156769	0.00198094	0.00447879	0.73723	0.00112842	0.00662499	0.00187217	0.00860702	0.00995866	0.00596121	0.00106929	0.00277668	0.0265658	0.0197683	0.00984611	0.0227081	0.00530219	0.00400231
190	0.00855163	0.0322608	0.00315481	0.00324533	0.0354292	0.00382336	0.00308418	0.0059753	0.00356939	0.075937	0.0042967	0.00371346	0.0023916	0.00294687	0.00376349	0.0203348	0.00710043	0.0080421	0.770242	0.00213732
191	0.0997133	0.0234615	0.00645539	0.00684018	0.0422914	0.185426	0.0112885	0.0164791	0.0162835	0.0142745	0.0144052	0.194647	0.00982604	0.00922524	0.0247649	0.225045	0.0683366	0.022598	0.00288113	0.00575772
