505	20
1	0.0826433	0.00461792	0.0348419	0.0269866	0.00780946	0.0145353	0.0228285	0.014578	0.133711	0.0119193	0.0446389	0.0683231	0.0499786	0.154463	0.0150203	0.157464	0.125525	0.0231015	0.00551296	0.00150214
2	0.00743752	0.00213221	0.0231745	0.0294798	0.0106934	0.00407684	0.0277974	0.0114984	0.379479	0.0169632	0.00377881	0.0406384	0.00710126	0.11345	0.251005	0.0262776	0.0198334	0.0125942	0.000828143	0.0117608
3	0.00723228	0.00261617	0.0290744	0.0294945	0.00957756	0.00381294	0.0294554	0.0129429	0.397066	0.0121632	0.0045669	0.0445928	0.00720712	0.106708	0.222145	0.0316177	0.0241202	0.0124463	0.000891633	0.0122686
4	0.0324489	0.000359801	0.00286889	0.00334925	0.0196128	0.00306652	0.000629878	0.375702	0.00229112	0.343445	0.0404569	0.00633146	0.00155199	0.00715993	0.00156942	0.0053892	0.027583	0.119017	0.000138298	0.00702971
5	0.0227184	0.00582191	0.00125943	0.00199507	0.182995	0.00275812	0.00434853	0.193922	0.00484449	0.349776	0.041252	0.00263386	0.00215926	0.00350291	0.0045466	0.00875047	0.00984771	0.0966399	0.0137194	0.0465089
6	0.0265497	0.00312075	0.00243151	0.00188117	0.00593534	0.00437907	0.000486177	0.39384	0.00125289	0.0547051	0.0132605	0.000990214	0.000601188	0.00113404	0.000569748	0.00548944	0.0189202	0.46333	0.000124523	0.000998644
7	0.0780687	0.0148744	0.0561482	0.0514545	0.00945904	0.032263	0.0325826	0.0217808	0.0497631	0.0205214	0.0153252	0.199568	0.0102817	0.0299741	0.0256212	0.112017	0.191909	0.0266956	0.00549368	0.0161988
8	0.105688	0.21618	0.0152731	0.00976263	0.00694981	0.0239932	0.00818886	0.0102152	0.0108948	0.012531	0.00652061	0.162246	0.0065395	0.0102971	0.00893697	0.192749	0.167739	0.017452	0.00187861	0.00596413
9	0.329665	0.0251636	0.0168733	0.0305778	0.0103885	0.207766	0.0126779	0.021238	0.0308946	0.0247584	0.00743491	0.032528	0.00925957	0.0256729	0.0164429	0.103312	0.0539891	0.0318701	0.00166441	0.00782283
10	0.0325885	0.0120614	0.00376818	0.00142453	0.272196	0.00436853	0.0137732	0.0849797	0.00603418	0.346155	0.0456905	0.00495715	0.0021787	0.0120866	0.00766042	0.0147989	0.0109842	0.0320532	0.0162545	0.0759867
11	0.132443	0.00196779	0.0110116	0.0184603	0.00312742	0.0051065	0.00682903	0.00565759	0.0311344	0.0113977	0.00247714	0.00867707	0.626864	0.0130474	0.00726901	0.0600984	0.0314489	0.0168999	0.000852666	0.00522945
12	0.0198768	0.00542989	0.00760397	0.0057905	0.223643	0.00630787	0.0442156	0.017229	0.0121813	0.0526126	0.00922936	0.0196019	0.00684048	0.00870111	0.0115515	0.0152357	0.0158283	0.0179579	0.0293478	0.470815
13	0.318549	0.0273778	0.01272	0.018025	0.0151789	0.0434182	0.00794776	0.0599721	0.0204752	0.0332179	0.0127384	0.0224242	0.00699893	0.0165706	0.0111294	0.206262	0.0922032	0.0641799	0.00226845	0.00834304
14	0.0719949	0.00823676	0.0955555	0.05094	0.0116867	0.0614867	0.0463152	0.0170078	0.0530781	0.0252161	0.0092245	0.299337	0.00942842	0.0372712	0.0285729	0.0768151	0.0586804	0.0204921	0.0034443	0.015216
15	0.0493327	0.00684215	0.0521928	0.0400483	0.00392794	0.568288	0.0121675	0.00642208	0.0537729	0.0120219	0.00426272	0.0736051	0.00290181	0.0243	0.0128891	0.0444576	0.0177394	0.00760952	0.000849391	0.00636915
16	0.073517	0.00150872	0.0961	0.0252302	0.00250695	0.00403181	0.0629336	0.00662138	0.0415209	0.0053644	0.00326495	0.0359724	0.37111	0.028872	0.00425675	0.203591	0.00920948	0.00545093	0.000744456	0.0181927
17	0.0302182	0.00586761	0.0016315	0.00209585	0.0663381	0.00311589	0.00362869	0.199446	0.00447985	0.492903	0.0627368	0.00224069	0.00149099	0.00607105	0.00243966	0.0138268	0.0189622	0.0660026	0.00103828	0.0154658
18	0.0546043	0.0117392	0.0304124	0.0346863	0.0588137	0.0328694	0.209499	0.021797	0.0583967	0.0492886	0.0178858	0.0968989	0.0140936	0.0467253	0.0327216	0.0458135	0.040752	0.0251057	0.0119962	0.105901
19	0.0265918	0.000203292	0.000417822	0.00127146	0.0171793	0.00225283	0.000443665	0.349534	0.00246319	0.44809	0.025572	0.00138537	0.00200319	0.000611767	0.0005278	0.0069967	0.00374042	0.102948	0.000104447	0.00766323
20	0.0497809	0.00570491	0.047874	0.0438619	0.00439011	0.587858	0.0120247	0.00666272	0.0515686	0.0091954	0.00309006	0.0725779	0.00399532	0.0229166	0.0108369	0.0384142	0.0120189	0.00981371	0.00100192	0.00641316
21	0.0521439	0.0107709	0.0296519	0.0375132	0.0564792	0.0387746	0.197428	0.0276746	0.0617416	0.0520674	0.0181262	0.0990474	0.016152	0.0468852	0.0349208	0.0491794	0.044193	0.0252524	0.00817071	0.0938281
22	0.00973754	0.00491303	0.000843449	0.00291155	0.0181385	0.000899876	0.000730854	0.116565	0.00692226	0.58907	0.121446	0.00115654	0.00136272	0.00280879	0.00110124	0.00916089	0.0310038	0.0737501	0.000269143	0.00720855
23	0.0463794	0.00565139	0.0028526	0.0216976	0.0155865	0.00233429	0.00587889	0.167896	0.0338925	0.139578	0.0911366	0.00358968	0.00238947	0.0281749	0.0369222	0.0113476	0.0371243	0.341166	0.00210687	0.00429542
24	0.084818	0.00534989	0.0260153	0.222	0.00657198	0.381743	0.00918449	0.00973431	0.0418153	0.0156484	0.00544631	0.0371584	0.00368074	0.0215362	0.0114847	0.026863	0.0641262	0.0182269	0.00205494	0.00654187
25	0.0406782	0.00891062	0.0190412	0.0105228	0.12637	0.0426382	0.251223	0.00790271	0.0102725	0.0135408	0.00997326	0.0128897	0.00218829	0.0116525	0.00640384	0.0216668	0.0514033	0.0125696	0.0127772	0.327376
26	0.0202702	0.00192427	0.00158055	0.00162645	0.00581088	0.00294715	0.000525991	0.381842	0.00157243	0.0754876	0.0187209	0.00126082	0.000275515	0.00217129	0.00139863	0.00387528	0.0185854	0.4595	0.000125219	0.000499435
27	0.0878611	0.00467442	0.113373	0.118917	0.0057587	0.0112317	0.0229173	0.01024	0.0880538	0.0159042	0.00958054	0.0318149	0.197892	0.102719	0.0174088	0.0836959	0.0476163	0.0208032	0.00249013	0.00704853
28	0.527731	0.048573	0.00189699	0.00253782	0.00732593	0.119276	0.00131203	0.0151295	0.00286792	0.0216646	0.00257103	0.00314035	0.00108858	0.00245608	0.00202593	0.132599	0.0928223	0.0127374	0.000403497	0.00184068
29	0.0439499	0.00759918	0.496951	0.119477	0.00372326	0.017668	0.0116615	0.00555481	0.0361707	0.00973781	0.00408825	0.116956	0.00744444	0.0224041	0.0136096	0.0425925	0.0259505	0.00798355	0.000872743	0.00560515
30	0.031482	0.00919181	0.0010483	0.0012413	0.0198582	0.00253138	0.000775829	0.643598	0.00159758	0.00925291	0.0158404	0.00155523	0.0030714	0.00147896	0.000985657	0.0113754	0.0296812	0.209672	0.000368448	0.00539315
31	0.026091	0.0120275	0.00617287	0.00652956	0.216879	0.00203913	0.0545657	0.0306651	0.00981879	0.0955164	0.00629356	0.00583463	0.00307379	0.0110615	0.00435051	0.0120673	0.00762626	0.0206398	0.0771021	0.391645
32	0.358524	0.0449636	0.00133262	0.00206799	0.00859478	0.018413	0.00136399	0.0183788	0.00365746	0.00772044	0.00479629	0.00757591	0.000614689	0.00435217	0.00149224	0.315121	0.106934	0.091062	0.000315727	0.00271922
33	0.0384199	0.00574903	0.0188585	0.0304246	0.0114756	0.0176275	0.0198655	0.0149455	0.266566	0.0260804	0.0114361	0.0352469	0.00738612	0.0480664	0.351321	0.0275498	0.0285459	0.0194418	0.00195052	0.0190432
34	0.107418	0.00133584	0.00324616	0.00400945	0.521465	0.00329609	0.00320073	0.00572983	0.0053565	0.00909809	0.00420997	0.0182717	0.00741053	0.00462696	0.00321546	0.0709729	0.0387771	0.00461593	0.00105379	0.18269
35	0.0239173	0.00237995	0.00550677	0.00695804	0.0204949	0.00614532	0.11397	0.00824848	0.0499297	0.310944	0.162871	0.0314637	0.00212696	0.08412	0.0818312	0.0360284	0.00935206	0.0080337	0.00106211	0.0346177
36	0.00267749	0.000360307	0.00928921	0.00135658	0.00115313	0.00125751	0.00782162	0.00100027	0.391092	0.00394059	0.00468656	0.0107812	0.000553037	0.0104942	0.540832	0.00223159	0.00806734	0.00129607	0.000278714	0.00083067
37	0.057986	0.00220502	0.00466631	0.00773138	0.0139952	0.00345644	0.0502598	0.00866098	0.0376703	0.381142	0.242363	0.0156309	0.00153373	0.0513055	0.0392348	0.0464994	0.00744232	0.00877663	0.00103465	0.0184061
38	0.042654	0.0803934	0.00836244	0.0340903	0.0514014	0.0537787	0.0556234	0.0572779	0.0898952	0.0339416	0.0505304	0.0591035	0.00315121	0.220085	0.0692843	0.0392335	0.0121843	0.0325457	0.00122788	0.00523581
39	0.0321401	0.003543	0.052745	0.0442758	0.00169878	0.529382	0.0108461	0.00374011	0.0952925	0.00560062	0.00309934	0.102966	0.00126116	0.0281422	0.0232935	0.0368753	0.0147312	0.00630735	0.00052472	0.00353525
40	0.0293999	0.00135952	0.0344556	0.0595779	0.00426318	0.00228108	0.252724	0.0172782	0.0450469	0.00648995	0.00171823	0.369541	0.00106856	0.0804615	0.0298453	0.0134657	0.0293878	0.0123671	0.00040408	0.00886487
41	0.0421209	0.00150249	0.0206219	0.00647527	0.00381651	0.00403705	0.0910816	0.147399	0.00682676	0.0701319	0.00244509	0.0622552	0.00187624	0.00530899	0.0548148	0.00772419	0.0596526	0.070657	0.0689997	0.272252
42	0.0874951	0.00117062	0.00260117	0.00332599	0.520232	0.0027983	0.00264102	0.00522844	0.00421345	0.00762721	0.00417529	0.0142834	0.00939001	0.00369842	0.00291764	0.0622175	0.0338165	0.00416441	0.00239002	0.225614
43	0.0215323	0.0358698	0.00276575	0.00388466	0.0659788	0.00357413	0.0028554	0.132539	0.00444656	0.112283	0.136345	0.00416486	0.00120638	0.00718582	0.00492823	0.00954587	0.00898917	0.418822	0.00923576	0.0138474
44	0.133017	0.278248	0.0125978	0.0104967	0.0151267	0.0915697	0.0103273	0.015997	0.0144364	0.0221072	0.00788113	0.0404382	0.00709984	0.0137132	0.00886104	0.20601	0.0770421	0.0227316	0.00267292	0.00962653
45	0.300601	0.0217676	0.0136687	0.00933342	0.00522333	0.372025	0.00551162	0.0097613	0.01401	0.0136098	0.00362959	0.0241017	0.00251894	0.0119416	0.00736727	0.132717	0.0382624	0.0103303	0.000617034	0.00300213
46	0.0676434	0.00475438	0.386945	0.0879006	0.00351071	0.0202453	0.00792883	0.00388865	0.0207982	0.00658714	0.00363247	0.12605	0.00691897	0.024773	0.0108995	0.160452	0.0439449	0.00954334	0.00106507	0.0025181
47	0.0444674	0.00518097	0.463305	0.131774	0.00459587	0.025728	0.0131219	0.00723984	0.0453436	0.00790073	0.00333541	0.113755	0.00766258	0.025912	0.0157523	0.0422885	0.0266315	0.00990553	0.00103209	0.0050678
48	0.190324	0.00601994	0.0156533	0.0329551	0.00335412	0.0197114	0.00374813	0.0327356	0.0275923	0.0124257	0.0242935	0.0235169	0.0102659	0.00768036	0.0150372	0.11452	0.423375	0.0312924	0.000569142	0.00493029
49	0.0287841	0.0135617	0.0208384	0.0113463	0.120282	0.0225618	0.193989	0.016978	0.0220328	0.058346	0.0103874	0.0449571	0.00819269	0.0199838	0.01917	0.0220993	0.0263833	0.022959	0.019416	0.297731
50	0.0385754	0.00499416	0.0478912	0.0445469	0.00419908	0.600342	0.0111829	0.00747171	0.0527731	0.0135707	0.00399614	0.0695806	0.00231702	0.0234644	0.00963621	0.0371985	0.0144297	0.00897041	0.00120199	0.00365825
51	0.197658	0.0224381	0.0176101	0.0244088	0.0050685	0.0283068	0.00917992	0.023657	0.0251721	0.0141765	0.0108629	0.0486493	0.00942767	0.0135394	0.0120092	0.159247	0.313253	0.0587485	0.000577566	0.00600954
52	0.353108	0.00326675	0.00615717	0.00793525	0.00583629	0.0247217	0.00570166	0.0273242	0.0105162	0.0608978	0.00328295	0.00696101	0.349338	0.00705407	0.00537001	0.0325499	0.028279	0.0561986	0.00137841	0.00412264
53	0.0131776	0.00343599	0.000776174	0.000809279	0.016499	0.000877268	0.000549107	0.617079	0.000992541	0.0236244	0.0122611	0.000968311	0.00212825	0.00089337	0.000580863	0.00443876	0.0148452	0.28187	0.000253028	0.00394043
54	0.122085	0.00710701	0.031835	0.0769063	0.0124457	0.0240417	0.00803112	0.0325325	0.0294488	0.0320408	0.113465	0.0733314	0.00834842	0.043199	0.0160415	0.0721383	0.188213	0.100029	0.00196404	0.00679644
55	0.0213049	0.00108838	0.000481486	0.00175735	0.0177528	0.0018265	0.000476648	0.287736	0.00315116	0.490316	0.047028	0.00117306	0.0017822	0.0010062	0.000606798	0.00692245	0.00891447	0.0991159	0.000140944	0.00741815
56	0.163825	0.00175839	0.0043663	0.0157809	0.00247972	0.0479659	0.0125221	0.0035768	0.307563	0.00521328	0.00257319	0.286417	0.001897	0.00773269	0.0647911	0.0292409	0.0319913	0.00628549	0.000934513	0.0030864
57	0.374004	0.0260617	0.00740266	0.0152118	0.0590508	0.0239348	0.00542454	0.0143785	0.0144522	0.0384986	0.0109017	0.0170377	0.00415113	0.0140672	0.00970098	0.243042	0.0786149	0.0229998	0.00127751	0.0197875
58	0.169953	0.00447577	0.0641932	0.196458	0.00796967	0.0430861	0.00805392	0.0129272	0.0987655	0.0258826	0.00936477	0.0274802	0.00160567	0.13191	0.0751514	0.0560183	0.0295073	0.0273255	0.00168295	0.00818824
59	0.106391	0.00123449	0.127345	0.14189	0.00230248	0.0170856	0.00603988	0.00287399	0.210175	0.0133793	0.00234624	0.107381	0.000902503	0.101316	0.0413467	0.0727877	0.034083	0.00874042	0.000592062	0.0017888
60	0.0923771	0.00162078	0.00984001	0.117525	0.00357266	0.00356029	0.0105104	0.0269788	0.0360563	0.330566	0.0628549	0.0291983	0.00184632	0.116153	0.0611088	0.00979972	0.0127203	0.0458679	0.00169498	0.026148
61	0.0127033	0.00372963	0.0638349	0.0498588	0.000674664	0.667313	0.00487058	0.00113714	0.0543042	0.00149358	0.000686896	0.0940919	0.00046119	0.021593	0.00484976	0.0134238	0.00262884	0.00136244	0.000216084	0.000766046
62	0.0383453	0.000716338	0.00299241	0.0215455	0.0070967	0.00180293	0.008692	0.229829	0.0471	0.125048	0.0826316	0.00354027	0.00294186	0.0302812	0.0404993	0.0113951	0.0434599	0.299583	0.000430524	0.00206876
63	0.112846	0.0015596	0.028304	0.0531069	0.00390779	0.00976583	0.00294779	0.0317728	0.0538796	0.00381394	0.00726407	0.0248138	0.0318085	0.00965986	0.0171185	0.169992	0.405291	0.0304503	0.000440719	0.00125687
64	0.129452	0.000763294	0.0245078	0.0349752	0.00247665	0.00407479	0.0118483	0.00518555	0.0458768	0.00847282	0.0020418	0.00978405	0.560985	0.0158833	0.00658204	0.0836037	0.0334628	0.015882	0.000420955	0.00372052
65	0.0509951	0.00223159	0.0404458	0.181592	0.00705261	0.0192536	0.0214271	0.00805016	0.257471	0.0116729	0.00532223	0.0582096	0.00399907	0.0945079	0.108751	0.0607963	0.0491431	0.0117632	0.00135535	0.00596109
66	0.249874	0.000596243	0.0821307	0.358526	0.00115015	0.0105556	0.00125408	0.0126902	0.045796	0.00636914	0.00206972	0.0194139	0.001984	0.106249	0.00974727	0.0327311	0.0349003	0.016265	0.00300139	0.0046964
67	0.0242555	0.0207638	0.00467804	0.00155625	0.178586	0.00508386	0.0185588	0.0518063	0.00707643	0.490248	0.0836538	0.00532741	0.000589649	0.0299332	0.0112301	0.0109787	0.00955562	0.00957784	0.00465221	0.0318886
68	0.0271254	0.00421786	0.00254826	0.00082788	0.00849428	0.00565052	0.000582546	0.44564	0.0010406	0.0379415	0.0113029	0.000898033	0.000989826	0.000879129	0.000671958	0.00649742	0.0214463	0.421171	0.000113028	0.00196153
69	0.30202	0.0014662	0.104713	0.241887	0.00230676	0.0326211	0.0021229	0.00946205	0.0654459	0.0143112	0.00335106	0.04231	0.00175849	0.0668164	0.0125198	0.0368274	0.0395901	0.014526	0.00167176	0.00427283
70	0.0565183	0.00716485	0.163387	0.124983	0.0106447	0.0163346	0.0211558	0.0650395	0.0370224	0.0800965	0.00983052	0.0816608	0.00586839	0.0393353	0.0282181	0.0405255	0.0979942	0.0306363	0.0060537	0.0775306
71	0.021642	0.0233808	0.00396793	0.00146325	0.193228	0.00413529	0.0171589	0.0625712	0.00689472	0.47053	0.070308	0.0055861	0.000741073	0.0218147	0.0125149	0.00930701	0.0105606	0.0169502	0.00752952	0.0397154
72	0.102814	0.0195626	0.0408949	0.0316856	0.00557937	0.031155	0.023787	0.0207094	0.119682	0.0341462	0.0144808	0.0749818	0.0233387	0.081799	0.0320708	0.139445	0.169483	0.0275997	0.00207042	0.00471453
73	0.149275	0.00232569	0.18866	0.0468583	0.0032328	0.263765	0.00512758	0.00499285	0.0650372	0.00583999	0.00302822	0.0561801	0.00194572	0.040843	0.0421292	0.0857315	0.00899428	0.00537665	0.00118748	0.0194705
74	0.0243069	0.0209431	0.00319182	0.00128273	0.247119	0.00368452	0.016295	0.0803691	0.00568498	0.387933	0.0564704	0.00494324	0.00113508	0.0167367	0.0134129	0.00970285	0.00971861	0.023973	0.0129006	0.0601961
75	0.0524861	0.00161934	0.0632233	0.0342257	0.046122	0.187901	0.160641	0.00441779	0.0206329	0.0513119	0.0169718	0.183685	0.00133816	0.0770777	0.0189407	0.0504632	0.00674793	0.00479593	0.000907352	0.0164914
76	0.0123129	0.00324132	0.000665129	0.000740492	0.0179567	0.000608238	0.000540415	0.622353	0.000960394	0.0211265	0.0117303	0.000949186	0.00210856	0.000867171	0.000597741	0.00404931	0.0141404	0.280764	0.00026239	0.00402625
77	0.13764	0.00119348	0.0533379	0.150111	0.00590627	0.0744383	0.0137075	0.00881917	0.0951008	0.0145654	0.00732035	0.0949154	0.000804032	0.0984154	0.0642288	0.115868	0.0361796	0.0149388	0.000776531	0.0117325
78	0.0149453	0.00346628	0.00881979	0.00566346	0.231793	0.00363235	0.114299	0.00279309	0.0160613	0.0699536	0.00928577	0.0063474	0.00427931	0.00899761	0.00548208	0.00806568	0.0108186	0.00855837	0.024014	0.442724
79	0.034641	0.00570023	0.56367	0.0560898	0.0017611	0.014089	0.0104072	0.00240832	0.0178087	0.0033218	0.00146804	0.16175	0.005992	0.0115587	0.00805964	0.0757421	0.0201883	0.00353553	0.000424765	0.00138375
80	0.0357389	0.0169711	0.00972548	0.0283124	0.0305534	0.00451374	0.296557	0.0376216	0.0236376	0.0310078	0.00250149	0.245887	0.0021106	0.0603305	0.0238727	0.0287558	0.0314032	0.0200612	0.00244159	0.0679973
81	0.00991113	0.000375203	0.000841985	0.00107956	0.283975	0.000902011	0.00314178	0.00262522	0.00125316	0.00640716	0.00520713	0.00122623	0.00651899	0.00109551	0.003953	0.0039097	0.00853238	0.0158058	0.0252289	0.61801
82	0.0189186	0.0258389	0.0769081	0.00800347	0.014097	0.110083	0.208988	0.00644078	0.00969792	0.0073929	0.00491041	0.00851614	0.00244453	0.00872304	0.00510845	0.0551869	0.0173469	0.00689006	0.00142406	0.403081
83	0.0339433	0.00886327	0.00896568	0.00553578	0.00264762	0.0107342	0.0304688	0.00697912	0.00807598	0.00632246	0.00279082	0.11142	0.00205341	0.00753345	0.02328	0.365552	0.327024	0.0285491	0.00103159	0.00823006
84	0.102497	0.0159629	0.0340231	0.0433065	0.0181993	0.0317721	0.0146177	0.0423126	0.0448544	0.0356514	0.0207966	0.0534166	0.0155729	0.0323865	0.0244314	0.147862	0.256594	0.0452205	0.00293795	0.0175846
85	0.0297513	0.000730414	0.268704	0.0889456	0.00134417	0.00257492	0.094703	0.00313191	0.00728093	0.00247745	0.00129117	0.426517	0.00160918	0.0194009	0.00738161	0.0219691	0.0164607	0.00343806	0.000520203	0.00176833
86	0.180485	0.00381745	0.0629678	0.0161224	0.00485114	0.0916803	0.00598497	0.0088878	0.0132867	0.00981949	0.00516922	0.0509219	0.0064712	0.013674	0.00825448	0.422871	0.0619353	0.00821442	0.0185148	0.00607001
87	0.0587343	0.000798551	0.112912	0.433915	0.00160435	0.00214787	0.00200157	0.0102181	0.045306	0.015671	0.00133856	0.00325451	0.225163	0.036964	0.00245444	0.0123812	0.0136997	0.0193735	0.000451688	0.00161035
88	0.154357	0.00278383	0.0478996	0.347486	0.00483356	0.0637479	0.0090727	0.0111449	0.0444994	0.038047	0.00895553	0.0252126	0.00523474	0.0640288	0.0259404	0.038512	0.057808	0.0407423	0.00156027	0.00813402
89	0.019721	0.00428615	0.0193775	0.0121058	0.00419046	0.0115255	0.101963	0.00698565	0.0123513	0.0078645	0.00322895	0.450055	0.00347553	0.0135488	0.0105182	0.160663	0.141814	0.00946446	0.00167651	0.00518388
90	0.0117998	0.00270468	0.0229353	0.0305222	0.0127432	0.00457444	0.0298402	0.0135469	0.362945	0.0181827	0.00507809	0.0396187	0.00674819	0.126735	0.235173	0.0277603	0.019274	0.0159993	0.000802619	0.0130165
91	0.116148	0.000637725	0.0588138	0.303967	0.00207144	0.00403469	0.0354037	0.0282577	0.051863	0.0695503	0.00302459	0.0292712	0.000623964	0.10403	0.0369221	0.0274685	0.0423163	0.0652429	0.000456342	0.0198969
92	0.0195309	0.0202923	0.00281717	0.00126351	0.250677	0.00300886	0.0176543	0.0891052	0.00535653	0.376419	0.0510862	0.00549655	0.00117954	0.0151385	0.0156157	0.00705922	0.00865498	0.0276481	0.0153009	0.0666954
93	0.366926	0.0532763	0.000920092	0.0013479	0.00913593	0.0191148	0.000907987	0.0125752	0.00176327	0.00781107	0.00478827	0.00799943	0.000465263	0.00425131	0.00100811	0.348621	0.114305	0.0419258	0.000201496	0.00265568
94	0.0963417	0.0011096	0.0949877	0.166748	0.00759738	0.0343675	0.0230177	0.00932386	0.0893854	0.0443558	0.0202041	0.0469305	0.00107066	0.109896	0.0572622	0.0871788	0.0544776	0.0293325	0.00134929	0.0250637
95	0.0149555	0.00788989	0.000865083	0.00102453	0.024103	0.000921125	0.000763562	0.679795	0.0013851	0.00936531	0.0209845	0.00143302	0.00338632	0.00140715	0.000846704	0.00762706	0.0202074	0.195274	0.000609258	0.00715641
96	0.0103677	0.000538876	0.000901717	0.00121716	0.284201	0.000912177	0.00401014	0.00466488	0.00148074	0.00939555	0.00531518	0.00126684	0.0063364	0.0012548	0.0039159	0.00395872	0.00841962	0.0167236	0.0262539	0.608865
97	0.0217881	0.00220348	0.0173366	0.0364469	0.0145837	0.0653175	0.01655	0.0391238	0.0892954	0.213189	0.00241055	0.083122	0.00203197	0.0299523	0.119942	0.0702084	0.155978	0.00451144	0.000978119	0.0150302
98	0.171741	0.0137368	0.0306189	0.0444551	0.00248032	0.00361809	0.00825307	0.0282248	0.283409	0.00462947	0.00208856	0.00564407	0.0016572	0.0610563	0.220892	0.0437041	0.0660968	0.00475701	0.00069461	0.00224322
99	0.0640329	0.00568917	0.0108337	0.0126386	0.0644694	0.0105974	0.0129775	0.0160966	0.0169548	0.31376	0.0556035	0.21689	0.00425965	0.0164094	0.0159726	0.021641	0.0208629	0.0618899	0.0453568	0.013064
100	0.00691916	0.00245869	0.0297389	0.0293881	0.00890253	0.00424435	0.0293074	0.0134422	0.399736	0.0126541	0.00427139	0.047005	0.00652138	0.102483	0.221642	0.0309809	0.0238833	0.0126299	0.000958836	0.0128336
101	0.177077	0.00105414	0.00348865	0.0205871	0.0015234	0.0759386	0.0141485	0.00261958	0.228607	0.00369676	0.00133417	0.34684	0.00137289	0.00844423	0.0568356	0.0233442	0.0271656	0.00342056	0.000507394	0.0019951
102	0.0116775	0.00374492	0.0643567	0.0497764	0.000673287	0.670921	0.00486408	0.00106583	0.0538948	0.00146203	0.00067835	0.0934067	0.000461079	0.0206951	0.00450152	0.0129996	0.00255528	0.00132552	0.000215352	0.000724578
103	0.00514504	0.000926124	0.018761	0.00239839	0.194291	0.00192476	0.135727	0.00230609	0.0361291	0.177677	0.0119673	0.0113757	0.000908628	0.01165	0.0116654	0.00394391	0.00345969	0.00249081	0.00544544	0.361807
104	0.0293754	0.00311356	0.00366611	0.00430802	0.0113829	0.00451082	0.00126334	0.388965	0.00383925	0.092395	0.0313524	0.00455959	0.001146	0.00717503	0.00345646	0.00595499	0.0366463	0.365025	0.000198792	0.00166595
105	0.104326	0.0012649	0.0803243	0.179029	0.0254112	0.0104067	0.0258088	0.0144772	0.0756098	0.021183	0.00533385	0.0348197	0.00159738	0.0443547	0.0324918	0.173954	0.0778875	0.0616202	0.000741658	0.0293583
106	0.00265262	0.000358077	0.00934135	0.00126095	0.00114129	0.00124272	0.00781615	0.000997964	0.391728	0.00381096	0.00468741	0.0106044	0.000480079	0.0103952	0.540863	0.00219953	0.00808844	0.00124316	0.000277521	0.000811688
107	0.112427	0.00175892	0.0577184	0.0697524	0.0083824	0.0224858	0.00371504	0.0478049	0.0507223	0.00504314	0.0113854	0.0339325	0.0476813	0.0124487	0.00853377	0.173806	0.275159	0.0552424	0.00051354	0.00148717
108	0.0174239	0.0031165	0.00117504	0.000704523	0.0103857	0.00252573	0.000471467	0.502945	0.000813601	0.0398265	0.0121915	0.000829768	0.00117425	0.000783078	0.000501014	0.00424153	0.0163928	0.382119	0.000188208	0.00219095
109	0.118836	0.00187907	0.0682535	0.208642	0.0174329	0.0236388	0.0174184	0.0108708	0.0806079	0.0220112	0.00773231	0.041962	0.00130481	0.0773551	0.0501	0.127604	0.0576653	0.0437976	0.00101383	0.0218749
110	0.0436323	0.00561899	0.0135671	0.0426482	0.0178199	0.0106187	0.00923448	0.239352	0.0351729	0.0806637	0.0466147	0.0177194	0.00472609	0.065915	0.0255052	0.0241677	0.0500463	0.257116	0.00135561	0.00850528
111	0.109962	0.00586233	0.00514195	0.00230552	0.22589	0.0125845	0.00493679	0.0379063	0.00411721	0.334342	0.0633253	0.00363076	0.00112442	0.00829916	0.00390585	0.0582633	0.0409801	0.0197703	0.00190364	0.0557487
112	0.00991113	0.000375203	0.000841985	0.00107956	0.283975	0.000902011	0.00314178	0.00262522	0.00125316	0.00640716	0.00520713	0.00122623	0.00651899	0.00109551	0.003953	0.0039097	0.00853238	0.0158058	0.0252289	0.61801
113	0.0615065	0.108458	0.418174	0.0461805	0.00919248	0.0196355	0.0106839	0.00948219	0.0247376	0.0126492	0.00587774	0.096546	0.0082952	0.0184404	0.0134696	0.0842691	0.0295977	0.0106164	0.00207581	0.0101125
114	0.0921297	0.00345749	0.0484993	0.105306	0.00420922	0.0208489	0.00802271	0.0152945	0.0373393	0.0126909	0.00739611	0.0650625	0.157607	0.0295041	0.00820266	0.13649	0.211694	0.0308319	0.00154814	0.00386624
115	0.11209	0.000850063	0.0576548	0.293535	0.00247359	0.00467272	0.0355966	0.0297635	0.0543929	0.0649732	0.00314298	0.0317292	0.000865327	0.104351	0.0345589	0.0304745	0.0421676	0.077763	0.000634471	0.0183102
116	0.188132	0.0248617	0.084705	0.185831	0.00817518	0.0332699	0.00642686	0.0102472	0.10394	0.0256248	0.00531114	0.0383846	0.00259589	0.110072	0.0715017	0.0431901	0.0279436	0.0214588	0.00247599	0.00585282
117	0.0820121	0.00167427	0.0288644	0.0713791	0.00177554	0.218499	0.00607485	0.00610263	0.115557	0.00468406	0.00171659	0.18703	0.00105199	0.149638	0.0520864	0.0547731	0.0107344	0.00341808	0.000481699	0.00244712
118	0.0335897	0.00357784	0.00739482	0.0110613	0.0390155	0.00631976	0.00521092	0.311546	0.0128437	0.172924	0.074881	0.0131549	0.00223288	0.0350042	0.0444025	0.00991754	0.0620225	0.146954	0.00141484	0.00653218
119	0.0218648	0.00185704	0.00129162	0.00197077	0.350572	0.00169455	0.00792132	0.0090271	0.00326741	0.0139945	0.00680702	0.00546955	0.0181979	0.0026488	0.00380109	0.0149214	0.0194303	0.0106939	0.0167693	0.487799
120	0.0294241	0.00810522	0.00566352	0.0104016	0.077482	0.00880655	0.011486	0.127726	0.0149378	0.464554	0.0725473	0.00898765	0.00423277	0.0164799	0.0113729	0.0165447	0.0195847	0.0609971	0.00387252	0.0267938
121	0.161978	0.00204584	0.00213855	0.00537285	0.00158787	0.00321924	0.00182987	0.00384481	0.00745039	0.00949573	0.00111344	0.00250914	0.693393	0.00321605	0.00172184	0.0571706	0.0236988	0.0163205	0.000420378	0.00147274
122	0.0440869	0.00481107	0.454698	0.13563	0.00417981	0.028063	0.0148518	0.00790312	0.0375009	0.0100861	0.00489052	0.112242	0.00858797	0.0274014	0.0160239	0.0456945	0.0262261	0.00954403	0.00119708	0.00638059
123	0.038059	0.00412797	0.0196151	0.0256144	0.00984246	0.0143933	0.0217231	0.012925	0.278294	0.0231704	0.0122412	0.0296348	0.0066208	0.0443263	0.371498	0.0259014	0.0260363	0.0199702	0.00306814	0.012937
124	0.0136511	0.000705178	0.00152215	0.00134678	0.305412	0.0010473	0.00860705	0.00492063	0.00237081	0.0162347	0.00592414	0.00203094	0.00832791	0.00163034	0.00369516	0.0070102	0.0118204	0.0130017	0.0227493	0.567992
125	0.0179311	0.00177861	0.00116318	0.000695362	0.00589935	0.00202585	0.000376745	0.406417	0.000555094	0.0643082	0.0143404	0.00062887	0.000408954	0.000612867	0.000455084	0.00326514	0.013354	0.465076	9.92715e-05	0.000609177
126	0.0195321	0.00297756	0.0260661	0.0369248	0.00857715	0.00593208	0.0259131	0.0195815	0.380573	0.0174084	0.00429577	0.0378493	0.00632965	0.0899662	0.224151	0.0292101	0.030308	0.0202357	0.00105618	0.0131122
127	0.0539681	0.00581584	0.0483934	0.042531	0.00848372	0.577961	0.00950947	0.00707607	0.0494502	0.0148438	0.00416273	0.0710304	0.00323329	0.0235781	0.00930877	0.0424137	0.0121185	0.0102956	0.00106949	0.0047567
128	0.0528624	0.0014155	0.0450834	0.117397	0.00280503	0.00866151	0.00418885	0.0422549	0.0541708	0.0100698	0.0133422	0.0372082	0.0109812	0.066543	0.012811	0.117376	0.381222	0.0192423	0.000577032	0.00178869
129	0.148118	0.294436	0.0277061	0.0180538	0.0333308	0.0477887	0.0154804	0.0356771	0.0246042	0.0513816	0.0187743	0.0389386	0.00555872	0.0204111	0.0158043	0.080717	0.0538372	0.0452582	0.00529596	0.0188276
130	0.131067	0.00139511	0.0113338	0.0192675	0.00323863	0.00430685	0.00597574	0.00718913	0.0190778	0.0100663	0.0020161	0.00813737	0.657194	0.00918158	0.00533925	0.0586049	0.0258106	0.0165782	0.000642896	0.00357652
131	0.00696002	0.00234492	0.0304226	0.0283452	0.00806728	0.00870845	0.0309849	0.0140266	0.397356	0.0118798	0.00407849	0.0507745	0.00576446	0.0926533	0.220206	0.0354124	0.0252518	0.0115266	0.00141467	0.0138228
132	0.131844	0.307916	0.0297555	0.015251	0.0334212	0.0409864	0.021462	0.0293685	0.0251783	0.0460876	0.018181	0.0442265	0.00626472	0.0199202	0.0149036	0.0915303	0.0542349	0.040584	0.00514051	0.0237441
133	0.0901573	0.00163665	0.0216449	0.00687635	0.00250953	0.543285	0.0994204	0.00389724	0.106858	0.0339279	0.00280581	0.0224645	0.00171578	0.0201842	0.0194693	0.00751131	0.00625179	0.00603773	0.000747783	0.00259854
134	0.55328	0.00623968	0.00227379	0.0219165	0.0238273	0.00431578	0.0020859	0.00348666	0.0129838	0.00889476	0.00768956	0.00362747	0.00113031	0.0133663	0.0134796	0.190967	0.0990582	0.00565036	0.000449004	0.0252788
135	0.166244	0.000532727	0.0465071	0.0805907	0.00104753	0.00712193	0.00706283	0.00156597	0.211642	0.0181575	0.000817846	0.00787063	0.245974	0.0629623	0.0328268	0.0307395	0.0519604	0.0250897	0.000269427	0.00101792
136	0.0354646	0.00268087	0.407559	0.0960982	0.00130821	0.00475136	0.0436309	0.00161327	0.0103883	0.00204655	0.00108512	0.326146	0.00256092	0.0143917	0.00627338	0.0276069	0.0126858	0.00224495	0.00040178	0.00106211
137	0.162315	0.00495169	0.0557797	0.177184	0.00829307	0.0383837	0.0141447	0.0137627	0.104461	0.0269655	0.00871729	0.0400428	0.0050951	0.130551	0.0841139	0.0520184	0.0352095	0.0273934	0.00225102	0.00836739
138	0.0340366	0.008231	0.0103331	0.013562	0.0125732	0.0120164	0.0338625	0.0161402	0.0318591	0.0199978	0.00749984	0.259469	0.0270573	0.0403088	0.114477	0.0208577	0.0564845	0.0164884	0.0139344	0.250811
139	0.0406	0.00488876	0.0497257	0.0446008	0.00271676	0.604356	0.0120189	0.00543114	0.0541029	0.0091268	0.00565906	0.0710023	0.00229451	0.0279721	0.0129737	0.0313891	0.0111613	0.00643809	0.000902645	0.0026394
140	0.0437334	0.00522016	0.460411	0.13081	0.00357001	0.0231901	0.0146432	0.00751206	0.0390231	0.0101961	0.00396534	0.116885	0.00661875	0.026773	0.0149598	0.0417538	0.030975	0.0128744	0.00154424	0.00534148
141	0.069529	0.00216294	0.0094085	0.0576052	0.0294816	0.00622711	0.00693078	0.00650945	0.00989318	0.00895176	0.00528185	0.400338	0.00290333	0.00843381	0.00665511	0.280856	0.0115604	0.0703301	0.00178942	0.00515221
142	0.131734	0.319742	0.0230779	0.017132	0.0390293	0.0380042	0.0199766	0.0347484	0.0232511	0.0517661	0.0171919	0.03863	0.00686249	0.0228856	0.0167758	0.0801691	0.0502158	0.0444914	0.00485019	0.0194662
143	0.0509504	0.000511941	0.290526	0.41139	0.00285814	0.0134637	0.00912349	0.00253679	0.0427478	0.00612862	0.00105062	0.0369653	0.0114202	0.0330381	0.00826872	0.0255839	0.0358457	0.0125659	0.000697567	0.00432719
144	0.102524	0.0017621	0.00453553	0.00457068	0.00294319	0.0285275	0.017861	0.0472494	0.107412	0.00530087	0.00248177	0.096825	0.00167804	0.0192993	0.00408199	0.106178	0.00692123	0.436231	0.00094102	0.00267647
145	0.13909	0.316397	0.0209163	0.0147941	0.0287972	0.0296883	0.0220128	0.0365307	0.0239422	0.0459748	0.0169837	0.0451938	0.00690103	0.0192068	0.0154461	0.0913529	0.0613491	0.042117	0.00539511	0.017911
146	0.12056	0.00143104	0.0134855	0.00517322	0.00240868	0.409923	0.00558057	0.00522255	0.00887578	0.00535522	0.00261151	0.0480796	0.00505919	0.0172872	0.00913554	0.314063	0.0124203	0.00682906	0.00243253	0.00406591
147	0.166979	0.00268004	0.0247371	0.0480662	0.00470623	0.0133094	0.00330069	0.0335771	0.0543644	0.00569225	0.0109517	0.0227209	0.024203	0.00951081	0.0189483	0.160771	0.348498	0.0435366	0.000419148	0.00302812
148	0.156751	0.0149562	0.015564	0.0194318	0.00692633	0.0239453	0.0307019	0.0383952	0.0315764	0.0143764	0.00868177	0.0590405	0.007589	0.017332	0.0114455	0.168816	0.278362	0.0882693	0.00101712	0.00682209
149	0.0302818	0.00712881	0.0110942	0.00947283	0.191863	0.00681578	0.0565718	0.0495794	0.0209796	0.204621	0.0247978	0.0150792	0.00507208	0.0149063	0.013136	0.0167722	0.0154083	0.028065	0.022716	0.255639
150	0.107559	0.000839043	0.123309	0.12404	0.00343845	0.0248182	0.00384485	0.00683134	0.0144478	0.0160583	0.0074551	0.0999287	0.00132852	0.0423229	0.0167771	0.271458	0.111483	0.0198028	0.00100507	0.00325182
151	0.137151	0.000630631	0.00277764	0.00674855	0.00114633	0.0015763	0.0017023	0.00307037	0.00775311	0.00684951	0.00106725	0.00286539	0.720095	0.00327473	0.00183424	0.0572468	0.0277471	0.0149137	0.000338337	0.00121163
152	0.199332	0.0104101	0.0127778	0.0187827	0.00360987	0.0477589	0.00396742	0.0375288	0.0305734	0.0388306	0.0605482	0.0334701	0.00539402	0.00859198	0.0265209	0.108377	0.31451	0.0326927	0.000747012	0.00557624
153	0.00335226	0.000571466	0.383872	0.535546	0.00181291	0.00135882	0.00390994	0.00138588	0.00746755	0.0075846	0.00101072	0.0239813	0.000652032	0.00608114	0.00506954	0.00273618	0.00387767	0.00286376	0.000349355	0.00651626
154	0.00868212	0.00597042	0.000914113	0.00302164	0.0205788	0.000910576	0.000933431	0.100191	0.00737052	0.593477	0.128898	0.00127823	0.00134014	0.00310643	0.00103232	0.00986307	0.0336917	0.0712855	0.000262613	0.0071923
155	0.0261503	0.00146606	0.00410871	0.0341537	0.00326551	0.00454463	0.00370362	0.449377	0.320876	0.0724421	0.00283649	0.00662089	0.00210049	0.0225564	0.00460711	0.00798441	0.00764069	0.0211643	0.00108221	0.00331923
156	0.033085	0.000809822	0.288698	0.0974543	0.00123115	0.00257024	0.0683197	0.00169752	0.00467771	0.00220641	0.00120896	0.436393	0.00159147	0.0143058	0.00565741	0.0230132	0.0128449	0.00242723	0.000476757	0.00133136
157	0.140032	0.000560711	0.00149022	0.0047168	0.00106559	0.00137032	0.00129791	0.0024478	0.00684422	0.0069955	0.00081344	0.00213112	0.737461	0.00258837	0.00141527	0.0523605	0.0203743	0.0146287	0.000340192	0.00106572
158	0.0122498	0.00172855	0.00505169	0.00754641	0.0236368	0.0062313	0.0596992	0.0427608	0.139938	0.00701549	0.00323628	0.0283674	0.00184834	0.0269722	0.361868	0.0103707	0.00869276	0.0961261	0.00140975	0.15525
159	0.189267	0.129659	0.0118195	0.0105445	0.0478845	0.0288234	0.00971366	0.0156813	0.012235	0.0230249	0.00775726	0.0251337	0.00492381	0.0148244	0.00885643	0.33729	0.0795018	0.0294406	0.00245216	0.0111664
160	0.235148	0.0147619	0.00367054	0.00302491	0.00685515	0.0088816	0.00251541	0.1063	0.0133708	0.0122156	0.00923884	0.00417526	0.00158614	0.00330735	0.00265803	0.0676788	0.103111	0.399282	0.000657137	0.00156094
161	0.0266837	0.0002032	0.000420933	0.00126221	0.0171722	0.00225941	0.000439205	0.350051	0.00248669	0.447617	0.0254067	0.00138982	0.00201242	0.000611892	0.000530749	0.00701887	0.00372373	0.10295	0.000104529	0.00765547
162	0.0724235	0.0845336	0.00699317	0.00714486	0.00392033	0.0207315	0.00930634	0.00984293	0.00841041	0.00933989	0.00458787	0.083414	0.00462806	0.00794345	0.0113777	0.324679	0.30055	0.0191707	0.00106201	0.00994107
163	0.023445	0.00719892	0.0710884	0.0472505	0.00186477	0.594228	0.00767136	0.00248661	0.0609516	0.00358339	0.00112985	0.102296	0.000743615	0.0343969	0.0139551	0.0183902	0.00419909	0.00236515	0.000509305	0.00224629
164	0.154654	0.0039813	0.0401975	0.0599086	0.00567691	0.0291232	0.00987921	0.0229341	0.076135	0.0126685	0.0133991	0.0486167	0.023388	0.0387051	0.0127071	0.155277	0.248648	0.0390069	0.000789028	0.004305
165	0.152905	0.000998824	0.0290753	0.0661344	0.0021141	0.00640066	0.00541492	0.00682806	0.166224	0.0110632	0.00261802	0.0104103	0.177907	0.0427651	0.0344686	0.0968916	0.145237	0.040427	0.000381207	0.0017354
166	0.214572	0.00423762	0.00994632	0.018976	0.0154277	0.0202421	0.0175258	0.0480173	0.027129	0.145188	0.013156	0.0157042	0.272464	0.0142242	0.0116893	0.0311857	0.0423095	0.0645513	0.00223604	0.011218
167	0.00546666	0.00113546	0.00251113	0.177721	0.00139277	0.00193906	0.00193947	0.296667	0.050948	0.0196389	0.00794301	0.00991386	0.00806711	0.0323953	0.00222468	0.0128288	0.00987889	0.355251	0.000536415	0.00160094
168	0.0660156	0.000921881	0.0128322	0.0615664	0.00321526	0.00358324	0.0164196	0.0714958	0.0469218	0.338141	0.0858476	0.00947303	0.00236697	0.0596453	0.0695528	0.00865373	0.020315	0.0987197	0.000814708	0.0234982
169	0.00265262	0.000358077	0.00934135	0.00126095	0.00114129	0.00124272	0.00781615	0.000997964	0.391728	0.00381096	0.00468741	0.0106044	0.000480079	0.0103952	0.540863	0.00219953	0.00808844	0.00124316	0.000277521	0.000811688
170	0.0401685	0.000458991	0.21832	0.356351	0.0024321	0.0117263	0.0263538	0.00225092	0.0621489	0.0115351	0.00112936	0.0622679	0.0124781	0.0194135	0.0054575	0.0607927	0.0869197	0.0162762	0.000435456	0.00308439
171	0.0710572	0.00776569	0.00716922	0.0148913	0.00207409	0.00997875	0.00470072	0.00905737	0.0159245	0.00447224	0.00422651	0.015167	0.00591154	0.0178786	0.0216259	0.40063	0.36149	0.012349	0.000383682	0.0132468
172	0.0372979	0.00114178	0.268936	0.298109	0.00312473	0.0124142	0.00982878	0.0041972	0.131846	0.0180511	0.00216183	0.0307418	0.0232657	0.0317646	0.0068231	0.0257876	0.0550637	0.0347642	0.000784166	0.00389674
173	0.0548388	0.00803679	0.04935	0.0386193	0.0134601	0.0235637	0.120575	0.0164531	0.0791018	0.0391967	0.0306866	0.0615952	0.0132408	0.211228	0.0394538	0.113988	0.048815	0.0172867	0.00439103	0.0161193
174	0.0204682	0.00332538	0.00112275	0.00117938	0.368813	0.00131594	0.00733509	0.141801	0.00552786	0.200115	0.0162138	0.00235279	0.00320364	0.00155377	0.00450712	0.0048408	0.00284238	0.0553269	0.0318375	0.126318
175	0.0185411	0.00218921	0.00299285	0.00295152	0.306447	0.0025485	0.0218763	0.00949587	0.00451399	0.0267842	0.00645503	0.0034377	0.00853425	0.00450833	0.00393908	0.00998193	0.0136366	0.0147969	0.0253113	0.511058
176	0.0210978	0.00444898	0.00161179	0.00189189	0.281574	0.00216291	0.00564583	0.139368	0.00497243	0.308118	0.0340893	0.00363826	0.00254659	0.00277725	0.00482319	0.00889259	0.00834077	0.0744595	0.0221928	0.0673477
177	0.00844354	0.00239385	0.0303591	0.0298618	0.00923979	0.00445732	0.0290545	0.0132403	0.390436	0.0129856	0.004577	0.0468321	0.0064625	0.10831	0.220582	0.0324059	0.0242935	0.012854	0.000876756	0.0123349
178	0.0277437	0.00127505	0.00160582	0.00280697	0.0221844	0.0027709	0.00106009	0.328628	0.00374393	0.338497	0.0343467	0.00273237	0.00250464	0.00424452	0.00271735	0.00660221	0.015602	0.19228	0.000641681	0.00801285
179	0.0262997	0.000633312	0.00121757	0.00248025	0.0214965	0.00236152	0.00120075	0.339399	0.0036385	0.4162	0.0307829	0.00300744	0.00194846	0.00261424	0.00189568	0.00671041	0.00932576	0.119037	0.000710441	0.00904117
180	0.0115998	0.00247865	0.0288714	0.029858	0.0105798	0.00482007	0.0298007	0.0124879	0.379946	0.0142346	0.00579122	0.0445426	0.00639949	0.120702	0.214232	0.0341003	0.0230699	0.0129361	0.000845033	0.0127035
181	0.0859931	0.00153965	0.258324	0.332051	0.00433082	0.0200485	0.0117784	0.0031257	0.0531565	0.00524632	0.00119827	0.0439958	0.00873631	0.0537229	0.01795	0.0352782	0.0411919	0.0174821	0.00139177	0.00345874
182	0.0202511	0.00436487	0.00164362	0.00211309	0.354355	0.00150463	0.00979085	0.139669	0.00560326	0.195992	0.0168129	0.00308594	0.00345753	0.00214494	0.00457567	0.00587965	0.00514101	0.0630991	0.0345529	0.125963
183	0.0358772	0.000352178	0.00493151	0.00517554	0.0196288	0.00410124	0.000745556	0.387666	0.00221489	0.273164	0.0447326	0.0108879	0.00128536	0.0120593	0.00240401	0.00437059	0.0440592	0.141333	0.000182692	0.00482752
184	0.0702138	0.00367205	0.0472127	0.0754218	0.00580415	0.0138786	0.033729	0.0116561	0.0920384	0.0122669	0.0198922	0.0595051	0.110396	0.143462	0.0118087	0.155915	0.105709	0.0197135	0.0036095	0.00409603
185	0.0939734	0.00113881	0.0830466	0.124446	0.00297561	0.0236647	0.00568599	0.00962439	0.0346245	0.0137141	0.00322646	0.037923	0.199649	0.0401247	0.00374118	0.155881	0.124422	0.039339	0.000674284	0.00212462
186	0.135008	0.00181799	0.0300004	0.29922	0.00412067	0.07322	0.00862052	0.00673924	0.057862	0.0102071	0.00352503	0.0787126	0.00207341	0.12112	0.0321417	0.0918662	0.0246703	0.0128145	0.00109382	0.00516627
187	0.0645856	0.00663892	0.0040552	0.00436937	0.0090269	0.00749485	0.00139404	0.280639	0.00676602	0.0668429	0.0401681	0.00358792	0.000620649	0.0104314	0.00674201	0.0184224	0.053556	0.413499	0.000251963	0.000907209
188	0.121535	0.00356543	0.0110249	0.0101528	0.00479752	0.00861034	0.00905138	0.0288213	0.0936723	0.080455	0.00615908	0.035436	0.00468968	0.134787	0.107048	0.19265	0.0874232	0.0534828	0.00150539	0.00513319
189	0.187778	0.00132601	0.00699784	0.0337434	0.00234749	0.0543653	0.03605	0.00365355	0.195308	0.00451048	0.00202193	0.326107	0.00194301	0.0202126	0.0520361	0.0281181	0.0352175	0.00509187	0.000636718	0.00253528
190	0.0358364	0.0113744	0.0125148	0.0137976	0.157455	0.0108699	0.0644036	0.00959473	0.152137	0.0557384	0.0106095	0.0337163	0.00859122	0.0853696	0.0251985	0.0291749	0.0207752	0.013612	0.0180345	0.231196
191	0.0475976	0.00361729	0.00300417	0.013236	0.0116918	0.00268616	0.00443267	0.142047	0.0283517	0.310522	0.123732	0.00313902	0.00947685	0.0155517	0.017788	0.0175092	0.0536866	0.185364	0.00063926	0.00592605
