343	20
1	0.330629	0.00201816	0.00152956	0.0015068	0.037319	0.0236723	0.000816361	0.0573839	0.00176202	0.139321	0.0267467	0.00169444	0.00927408	0.00187352	0.00141514	0.176448	0.070981	0.113867	0.000684517	0.00105801
2	0.0615734	0.00200627	0.198227	0.0813888	0.0894924	0.0654603	0.0792559	0.00637908	0.00348082	0.00729213	0.00478477	0.0191206	0.00159539	0.0178665	0.00289538	0.0461027	0.0211772	0.0399127	0.0634551	0.188534
3	0.0181389	0.00473819	0.000335893	0.000376834	0.0500945	0.00366286	0.000287786	0.302516	0.000378526	0.369926	0.0424088	0.00503898	0.000257485	0.000837454	0.000336823	0.00268525	0.00632905	0.183846	0.00100878	0.00679573
4	0.134726	0.00603545	0.000640822	0.000542148	0.0137866	0.0246052	0.000284463	0.28406	0.000545575	0.136967	0.00942917	0.0005859	0.0010424	0.000518166	0.000388823	0.0177546	0.0174394	0.348888	0.000596676	0.0011638
5	0.778569	0.0123633	0.000259968	0.000294034	0.00208016	0.0183071	0.000212713	0.000783486	0.000336411	0.00219888	0.00126099	0.000396526	0.000197253	0.000322911	0.000277546	0.154886	0.0159383	0.00909908	0.00113008	0.00108694
6	0.561503	0.00958352	0.00133807	0.00128039	0.0116671	0.107536	0.000485135	0.0140212	0.000968937	0.00397546	0.0121442	0.000700774	0.000467544	0.000983124	0.000497142	0.176722	0.0613535	0.0317454	0.000319331	0.00270751
7	0.132107	0.00974135	0.0011833	0.000686774	0.0186087	0.0246606	0.000384662	0.294283	0.000667212	0.118818	0.00947245	0.000792113	0.00104642	0.000747407	0.000495892	0.0356542	0.0261008	0.32116	0.00152559	0.00186464
8	0.0114495	0.0795915	0.000941746	0.00118349	0.119269	0.0133837	0.00306412	0.0106509	0.00145356	0.580219	0.061109	0.0137715	0.000955965	0.00147868	0.00132506	0.0223209	0.0372621	0.0363383	0.00276629	0.00146644
9	0.0134263	0.00988492	0.000856756	0.00104956	0.533322	0.00342524	0.000920868	0.0430279	0.00439893	0.213469	0.0337927	0.0031276	0.00358849	0.00170179	0.00258684	0.00838679	0.00710346	0.0349341	0.00577833	0.0752182
10	0.0182538	0.000931098	0.000482001	0.000385121	0.0316077	0.00298964	0.000288535	0.530611	0.000436983	0.0767397	0.0159143	0.00255016	0.000550669	0.000397586	0.000383355	0.0019148	0.00420293	0.305229	0.00139726	0.00473464
11	0.0381489	0.019206	0.000449347	0.000531884	0.0897628	0.013324	0.000510321	0.102773	0.000596085	0.429056	0.10476	0.000656468	0.000376587	0.00605625	0.00040331	0.00402651	0.0107617	0.156714	0.000977033	0.0209103
12	0.423212	0.0109926	0.00106239	0.00100317	0.00750636	0.25626	0.000814775	0.0154206	0.000867202	0.00207996	0.0104953	0.00242782	0.000734946	0.00132257	0.000621163	0.16949	0.0706799	0.0221414	0.000312782	0.00255584
13	0.031164	0.00611151	0.000466662	0.000478815	0.0478941	0.00760917	0.000625543	0.162078	0.00050943	0.496999	0.0694747	0.00192984	0.00049381	0.00229511	0.000587452	0.0076877	0.010636	0.14245	0.00370037	0.00680914
14	0.0850346	0.000989126	0.00436899	0.00905804	0.0288052	0.0281678	0.0822284	0.00250194	0.238754	0.0178032	0.0558886	0.0695932	0.00123082	0.0422739	0.200538	0.0423119	0.0118352	0.0209139	0.0127829	0.0449209
15	0.0613619	0.0017829	0.00265469	0.00314938	0.0684665	0.143375	0.0125812	0.0135706	0.0748405	0.11571	0.100187	0.0434291	0.00176957	0.0794771	0.117995	0.0352028	0.0162726	0.0170348	0.0425359	0.0486041
16	0.00985578	0.000822604	0.00072276	0.00479063	0.00689317	0.00176709	0.000512257	0.0253789	0.00384523	0.168903	0.727612	0.00111718	0.000687586	0.00494776	0.00698714	0.00234917	0.00875508	0.0231095	0.000323854	0.000619267
17	0.194727	0.00137814	0.00943082	0.00518758	0.00256942	0.0984	0.00631417	0.0062676	0.0735076	0.0047022	0.00317789	0.0683198	0.0073415	0.0243335	0.0912787	0.301745	0.0933197	0.00579137	0.000852219	0.00135588
18	0.00952928	0.00136365	0.0164126	0.0165207	0.00314933	0.0590494	0.279557	0.0186849	0.0669526	0.00523173	0.00322757	0.109384	0.00174064	0.00859961	0.175286	0.196375	0.0199107	0.00607933	0.00090694	0.00203913
19	0.0766387	0.00545323	0.00695629	0.00851339	0.0553275	0.0156912	0.10738	0.0127637	0.00953691	0.0164706	0.0105995	0.0122001	0.297456	0.177474	0.0092643	0.024072	0.0197611	0.124856	0.00332873	0.00625667
20	0.232903	0.00134561	0.0454011	0.0944238	0.00262202	0.0181209	0.00162612	0.00366119	0.207996	0.0618667	0.00323837	0.00387072	0.00273035	0.0405049	0.0699454	0.0342799	0.0879162	0.0855824	0.000728324	0.00123707
21	0.0317669	0.00598807	0.000938278	0.00120541	0.00292162	0.00218911	0.00688583	0.002278	0.0200672	0.00245895	0.00164968	0.00962116	0.000776717	0.00737281	0.000858929	0.231216	0.658918	0.00397694	0.00191371	0.00699665
22	0.841588	0.00610971	0.000261422	0.000270352	0.00109029	0.0122885	0.00020672	0.00048997	0.000320617	0.0015179	0.000500759	0.0004068	0.000169006	0.000330169	0.000269063	0.114758	0.0108188	0.00519756	0.00146256	0.00194353
23	0.0296808	0.000810583	0.00794845	0.00120084	0.00284109	0.00603193	0.00761032	0.0217293	0.111691	0.0251528	0.00542062	0.0274348	0.0107272	0.0990773	0.54587	0.0310891	0.0199943	0.0367101	0.00416562	0.00481368
24	0.0507818	0.000533177	0.0139089	0.00104912	0.0018619	0.0126511	0.0124444	0.0154973	0.136916	0.0202649	0.00667076	0.0417967	0.0103503	0.103293	0.458752	0.0546189	0.0290012	0.0170829	0.00602033	0.00650503
25	0.0749594	0.00143951	0.0182629	0.00616551	0.00173552	0.802645	0.00136722	0.00330933	0.00260989	0.00308594	0.00196204	0.00669307	0.00197738	0.00527533	0.00290282	0.0459922	0.0134006	0.00479438	0.000485237	0.00093647
26	0.0338749	0.0947088	0.0065772	0.00606065	0.0126812	0.0147899	0.0540703	0.0805545	0.0103975	0.0172543	0.0610684	0.224049	0.00707036	0.0116738	0.00718937	0.0731069	0.0224006	0.253338	0.00335506	0.00577927
27	0.0529415	0.00112512	0.00101584	0.00139668	0.0756885	0.0111553	0.00114095	0.105917	0.0177856	0.262262	0.0565515	0.0103316	0.00107684	0.0643596	0.0693872	0.026373	0.0887799	0.0760004	0.0421968	0.0345147
28	0.0320238	0.0115448	0.00062206	0.000716428	0.232066	0.00306616	0.000500705	0.130739	0.000971602	0.314938	0.0404733	0.0121775	0.00213723	0.00117036	0.00871686	0.016539	0.0265442	0.0702851	0.0121934	0.0825741
29	0.199801	0.00250096	0.00881232	0.00279611	0.0029392	0.492592	0.00116246	0.00374451	0.00168187	0.00247779	0.00387643	0.00441416	0.000987865	0.00365093	0.00153262	0.239834	0.0203277	0.00521759	0.000655801	0.000995622
30	0.155503	0.00280692	0.00349625	0.0260094	0.028252	0.120039	0.00291226	0.172393	0.0262324	0.00872201	0.171357	0.00457097	0.00242205	0.00458915	0.00359363	0.101534	0.00905066	0.151657	0.00180705	0.0030529
31	0.171044	0.00746843	0.00340813	0.000527321	0.0375738	0.0288429	0.000390963	0.173876	0.00270332	0.1162	0.0236658	0.00104943	0.00137497	0.00173588	0.00301231	0.0289329	0.0715637	0.280968	0.0193687	0.0262943
32	0.774635	0.00769355	0.000760017	0.000725427	0.00236678	0.129945	0.000749316	0.0086591	0.000959449	0.00678194	0.00264296	0.00134236	0.000856358	0.00139455	0.000791626	0.041312	0.0106578	0.00588433	0.000664374	0.0011774
33	0.0236424	0.000873203	0.0015415	0.00479643	0.00710729	0.00600256	0.000925534	0.0376451	0.00173892	0.0621729	0.800842	0.00213993	0.000781082	0.00249941	0.00128832	0.00602988	0.00749506	0.0304273	0.000645984	0.00140549
34	0.298005	0.00522519	0.00102873	0.00113841	0.0195329	0.104215	0.000990387	0.0519209	0.00143385	0.223852	0.00276121	0.00128894	0.000966934	0.00144713	0.00115577	0.0202433	0.120466	0.142898	0.000568544	0.000860963
35	0.0186671	0.00368143	0.00031264	0.000393446	0.0415315	0.00392307	0.000266033	0.390665	0.000455746	0.276291	0.0367468	0.00897773	0.000397228	0.000500755	0.000356048	0.00284882	0.00434389	0.207616	0.000194227	0.00183196
36	0.70035	0.00865753	0.000850312	0.000697918	0.00377584	0.0409595	0.000983602	0.00637422	0.000967556	0.00543097	0.00411078	0.00128084	0.00220743	0.0013051	0.000835414	0.142298	0.0282364	0.0475516	0.00128274	0.00184357
37	0.0484909	0.000686157	0.000917452	0.00047067	0.00570635	0.00215383	0.000289661	0.319897	0.000446552	0.050098	0.0163791	0.000555367	0.000290367	0.000490426	0.000381474	0.00270757	0.0279661	0.521445	0.000168923	0.000459347
38	0.202897	0.00637547	0.000284363	0.00114394	0.0193781	0.0455807	0.000237945	0.141439	0.000378868	0.255858	0.00790341	0.000503869	0.000338284	0.00043007	0.000445378	0.00656406	0.00838207	0.301461	0.000146058	0.000252544
39	0.172023	0.00288888	0.00138069	0.000780623	0.0514401	0.0636206	0.000267576	0.199385	0.000403159	0.329904	0.0130448	0.000434555	0.00168538	0.000783127	0.00143453	0.0080994	0.0207628	0.12335	0.00320321	0.00510778
40	0.213977	0.00394455	0.00127533	0.000734847	0.00948906	0.0985707	0.000344835	0.170626	0.000579994	0.188125	0.00433278	0.000735228	0.00712986	0.000576707	0.000866261	0.0378779	0.0390345	0.219147	0.000372286	0.00225953
41	0.473887	0.0434545	0.00119367	0.00112838	0.015798	0.265197	0.000928103	0.00200841	0.0014723	0.107276	0.0219844	0.00158007	0.00768772	0.00144356	0.00115018	0.012932	0.0280895	0.0114636	0.000535827	0.000790077
42	0.0349647	0.000692755	0.000324348	0.000376908	0.0436426	0.00491096	0.00204996	0.211402	0.000400203	0.33616	0.0931419	0.000625392	0.000265653	0.00290352	0.000387411	0.0231428	0.029329	0.196594	0.0168182	0.00186839
43	0.203205	0.00635417	0.000284248	0.0011563	0.0193303	0.0456181	0.000236507	0.141141	0.000379803	0.255885	0.00796219	0.000504499	0.000348429	0.00043027	0.000447619	0.00657152	0.00836425	0.30138	0.000145974	0.000255633
44	0.065084	0.00250933	0.000715816	0.000778059	0.00515283	0.0368079	0.000576029	0.427221	0.00114623	0.169635	0.0107144	0.00181208	0.00602271	0.00117	0.000768029	0.0182639	0.00716199	0.243533	0.00027644	0.000651046
45	0.0149313	0.000163921	0.00135136	0.00085549	0.000268706	0.974255	0.000187582	0.000605829	0.000378358	0.000530053	0.00033908	0.000589364	0.000175185	0.000893916	0.000759557	0.00197782	0.000633257	0.000818222	0.000112116	0.000173499
46	0.436764	0.0116746	0.000909598	0.000959655	0.00852738	0.212249	0.0005363	0.0173377	0.000843112	0.00176214	0.0101469	0.00104418	0.000492219	0.000966943	0.000649302	0.186278	0.079672	0.0262739	0.000270683	0.00264187
47	0.226907	0.00637017	0.000688418	0.000932729	0.0115175	0.131952	0.000538877	0.137939	0.00101617	0.0816062	0.00213853	0.00108814	0.00344907	0.00102788	0.000786742	0.074679	0.0559815	0.260292	0.000379076	0.00071031
48	0.091555	0.00237128	0.000719096	0.00112806	0.0917493	0.0270953	0.000417386	0.254747	0.00364244	0.125961	0.0186753	0.00191028	0.00766851	0.000797022	0.00136651	0.0108355	0.0122053	0.282903	0.0247633	0.0394889
49	0.107423	0.00338577	0.00217334	0.00313669	0.00163351	0.825674	0.00108441	0.00191399	0.000713148	0.00635854	0.00220419	0.00405817	0.00145448	0.00276081	0.00155302	0.0212656	0.00933103	0.00322198	0.000245152	0.000410013
50	0.158722	0.00586279	0.00263108	0.000722813	0.0427227	0.0306408	0.000493117	0.140798	0.00621706	0.120647	0.0381481	0.00161006	0.00457975	0.00215991	0.00595659	0.0267212	0.0958942	0.251234	0.0275908	0.0366472
51	0.112367	0.00881605	0.00158604	0.00204876	0.0301252	0.0308508	0.00163493	0.0751673	0.0692288	0.172422	0.0920669	0.00454686	0.0124201	0.0151551	0.0970664	0.0815107	0.0682587	0.10921	0.00274011	0.012778
52	0.819303	0.00753358	0.00026213	0.000275263	0.0014901	0.0211117	0.00020745	0.000780327	0.000357185	0.0016133	0.000899389	0.000398939	0.000176341	0.000398937	0.000276885	0.123202	0.0120272	0.00625932	0.00192157	0.00150562
53	0.016165	0.000447209	0.00467873	0.00067556	0.000841692	0.00958501	0.000639312	0.0219882	0.347147	0.0591382	0.00105273	0.0220647	0.000719335	0.0501198	0.304164	0.0384319	0.0651017	0.0350776	0.000473868	0.0214888
54	0.0152396	0.000489361	0.00452026	0.000675861	0.000826877	0.0097459	0.000478785	0.0218607	0.351237	0.0594484	0.000985606	0.0217397	0.000582482	0.0481546	0.300583	0.0386065	0.067877	0.0346682	0.000381172	0.0218994
55	0.0194773	0.00255673	0.00174999	0.000555328	0.00120722	0.00123717	0.000508661	0.106953	0.000793001	0.0103008	0.0141324	0.000841094	0.000315812	0.000715889	0.000563391	0.00228055	0.0680858	0.766964	0.000233384	0.000529009
56	0.152769	0.0012861	0.00216464	0.165683	0.00238835	0.00420522	0.00164737	0.00316779	0.123415	0.0165097	0.00280868	0.0181795	0.204085	0.214939	0.0421879	0.0185238	0.00531614	0.0182285	0.000954409	0.00154107
57	0.00965411	0.000461241	0.000794915	0.00509737	0.00618066	0.00173332	0.000501701	0.031277	0.000878174	0.0595806	0.843558	0.000920789	0.000469124	0.00130242	0.00108494	0.00206165	0.0060781	0.0273352	0.000364599	0.000665704
58	0.0562815	0.0133334	0.0140662	0.0133882	0.0155197	0.0238568	0.0117206	0.0891543	0.0206878	0.0286894	0.0202666	0.0914582	0.0104031	0.0209358	0.0158158	0.0725338	0.404677	0.0619702	0.0049307	0.010311
59	0.281121	0.00159835	0.119363	0.0844911	0.00241837	0.0883072	0.015194	0.00379738	0.0340721	0.00470725	0.00330297	0.00490022	0.00241944	0.151309	0.0179099	0.157996	0.0055845	0.0187885	0.000927729	0.00179239
60	0.00958015	0.000364518	0.000524767	0.00450649	0.00607442	0.00143223	0.000453717	0.030786	0.000811211	0.0592675	0.848501	0.000822465	0.00042713	0.000980666	0.00107329	0.00184215	0.0052687	0.026421	0.000344092	0.000518244
61	0.0315458	0.00067834	0.0187898	0.0150066	0.00113082	0.0033776	0.00542641	0.00195916	0.00368262	0.00264831	0.00140814	0.00607574	0.86079	0.00160093	0.00202183	0.0312192	0.00420126	0.00743437	0.000482397	0.000521085
62	0.0167636	0.0023936	0.00653908	0.327421	0.00457112	0.00853721	0.00309191	0.00756654	0.00538553	0.00866038	0.00659722	0.00478372	0.00318431	0.527519	0.00405454	0.0106158	0.0105602	0.0112654	0.0017568	0.0287323
63	0.0134761	0.0014406	0.0013827	0.00858193	0.00633604	0.00390518	0.000978878	0.00362698	0.0207058	0.460703	0.361073	0.00230168	0.00109916	0.026177	0.0430553	0.00444219	0.0328789	0.00599805	0.00067142	0.00116586
64	0.022534	0.00208815	0.00160735	0.000540941	0.00259041	0.00128126	0.000281814	0.147903	0.000923844	0.0175252	0.011353	0.000949493	0.000263286	0.000534928	0.000442959	0.00220599	0.0344254	0.751767	0.000232004	0.000550824
65	0.549714	0.00973071	0.00333575	0.00331532	0.00806108	0.114837	0.000983707	0.0131198	0.00262492	0.00678281	0.0147415	0.00262736	0.00100352	0.00225569	0.00121127	0.192269	0.0484924	0.0221726	0.000672619	0.00204969
66	0.0636478	0.0156115	0.000514061	0.000538398	0.0840954	0.0219764	0.000529164	0.125425	0.000482343	0.393264	0.0825194	0.000635941	0.000765172	0.00567868	0.000562416	0.00674633	0.0129353	0.162432	0.0031108	0.0185297
67	0.00261935	0.0102442	0.00055225	0.000718862	0.659975	0.00133058	0.000531776	0.0125764	0.00471905	0.187186	0.029962	0.00084486	0.00419487	0.000858144	0.000579782	0.00635733	0.00161821	0.00858856	0.00372541	0.0628174
68	0.0119105	0.00316528	0.0124705	0.00576563	0.00486406	0.0187217	0.0508686	0.00536402	0.00733267	0.0053083	0.00594009	0.797035	0.0022106	0.0172455	0.00996977	0.0180915	0.00819575	0.0106902	0.00150345	0.00334724
69	0.431562	0.011817	0.00161936	0.0014257	0.00821037	0.254771	0.00096626	0.0126383	0.00106368	0.00827715	0.014718	0.00368433	0.00133957	0.00175479	0.000641004	0.15416	0.0658147	0.0224994	0.000349409	0.00268812
70	0.0354182	0.0195867	0.000664362	0.000796667	0.135456	0.0106867	0.00070552	0.0913372	0.000904895	0.386144	0.110247	0.00236279	0.000601045	0.00445499	0.0013807	0.00516028	0.0115106	0.15457	0.00244462	0.0255667
71	0.0770656	0.00636528	0.00849139	0.00818557	0.0150115	0.368413	0.00417199	0.168028	0.01228	0.0445966	0.0217264	0.0107109	0.00590448	0.00831559	0.00615401	0.0355301	0.0292476	0.159748	0.00354226	0.00651186
72	0.0315304	0.000465192	0.00190806	0.00119682	0.000614472	0.934858	0.000698555	0.00100181	0.000540287	0.000812696	0.000637597	0.00204059	0.000526325	0.00160098	0.000931395	0.0144962	0.0041542	0.00152057	0.000178711	0.000287347
73	0.138465	0.00258819	0.00400341	0.00370643	0.00490421	0.202238	0.00264219	0.0370345	0.00440326	0.186903	0.334767	0.00518653	0.00271629	0.00565131	0.00411599	0.0102153	0.00974968	0.0363132	0.00151677	0.00288003
74	0.778769	0.0125245	0.00025435	0.000286055	0.00211967	0.0183014	0.000224209	0.000831454	0.000398255	0.00213046	0.00127433	0.000367039	0.000197779	0.000315254	0.000278341	0.154263	0.0162464	0.00899497	0.00113259	0.00109087
75	0.493256	0.00670676	0.00257565	0.0038709	0.00809659	0.0299404	0.00234943	0.0205517	0.0034077	0.0148838	0.00868294	0.00362297	0.00474916	0.00413494	0.00320266	0.121622	0.0383322	0.22431	0.00144026	0.00426396
76	0.264236	0.0678641	0.00210697	0.00677281	0.0500282	0.101654	0.00183736	0.012884	0.00282357	0.073247	0.0817991	0.00335404	0.00162198	0.0125381	0.00233554	0.0500914	0.0880129	0.159961	0.00150725	0.0153249
77	0.193539	0.0232899	0.00120468	0.0013151	0.211399	0.0285487	0.00121201	0.0434676	0.00167235	0.364225	0.0450816	0.00236535	0.000799606	0.00161049	0.00121973	0.00613788	0.0351242	0.0359571	0.00077615	0.00105392
78	0.0331844	0.000998672	0.000569336	0.000549599	0.00710962	0.0148137	0.000379777	0.508252	0.000568084	0.0919223	0.00979484	0.00146495	0.00227812	0.000691902	0.000521205	0.00657538	0.00675637	0.311783	0.000314551	0.00147217
79	0.229114	0.00329301	0.00763487	0.00253757	0.00325266	0.476666	0.00103987	0.00472594	0.00136842	0.00238643	0.0043768	0.00391926	0.00092151	0.00342069	0.00140945	0.221886	0.0238669	0.00640327	0.000575547	0.0012021
80	0.11453	0.00213003	0.000803355	0.000609871	0.0937571	0.0400554	0.000309136	0.178154	0.00133411	0.172329	0.0241434	0.00316637	0.00715426	0.00054709	0.00354344	0.0257112	0.0193239	0.195472	0.0509732	0.0659532
81	0.162743	0.00247842	0.00118143	0.00146997	0.0855502	0.116193	0.0006402	0.0996383	0.00257544	0.159444	0.027756	0.00257105	0.0115882	0.00131263	0.00219956	0.0426375	0.00997955	0.197694	0.025286	0.047062
82	0.0846689	0.00374288	0.000663853	0.000528258	0.0626577	0.0279956	0.000373492	0.274179	0.000485962	0.344091	0.0291584	0.00289873	0.000592533	0.00116522	0.000774313	0.00456592	0.0128176	0.14182	0.00255987	0.0042613
83	0.207646	0.00281445	0.0799211	0.0277079	0.00514833	0.372133	0.00307362	0.00721963	0.00609554	0.007323	0.00561003	0.0114035	0.00317114	0.00784984	0.00471775	0.131091	0.102959	0.0106545	0.00134181	0.00211889
84	0.143786	0.00865383	0.00132141	0.000559009	0.0145245	0.039446	0.000339667	0.28295	0.000646361	0.119391	0.0125038	0.000649789	0.0015096	0.000813668	0.000505153	0.0318244	0.0330582	0.303467	0.00165146	0.0023994
85	0.0978686	0.0022285	0.000372674	0.000534057	0.101237	0.033191	0.000663094	0.200121	0.000780958	0.248563	0.0374492	0.00179661	0.00502106	0.0011557	0.00158761	0.0195142	0.0141677	0.168846	0.0288781	0.0360242
86	0.00722632	0.000212182	0.000522667	0.000432831	0.00675627	0.00144049	0.000288721	0.684902	0.00039909	0.0313515	0.00540593	0.00187778	0.00026509	0.000439568	0.000299602	0.00164521	0.00165134	0.252716	0.000165259	0.00200148
87	0.0154033	0.000168641	0.00129733	0.000888364	0.000258864	0.973332	0.00020153	0.000463696	0.000325396	0.000540778	0.000303467	0.000548906	0.000183422	0.000957457	0.000761129	0.00258822	0.000647537	0.000789408	0.000111315	0.000229741
88	0.477835	0.0112729	0.000670512	0.000810032	0.00988162	0.18389	0.000496738	0.0135896	0.000790938	0.00191184	0.0118999	0.000878658	0.000489917	0.000836333	0.000610326	0.188083	0.0694054	0.0236625	0.000298123	0.00268593
89	0.0533566	0.00226813	0.000493103	0.000364964	0.018893	0.00581142	0.000282696	0.3559	0.000409989	0.120632	0.0245309	0.00182693	0.000446386	0.000504573	0.000367621	0.00510581	0.0165241	0.390507	0.000409007	0.00136575
90	0.137877	0.0177726	0.00424419	0.003636	0.00813912	0.0158193	0.00263015	0.00610318	0.0074839	0.00599434	0.00463823	0.0100332	0.00151431	0.00528339	0.00307465	0.389484	0.355204	0.011547	0.00647308	0.00304751
91	0.00348432	0.011426	0.000657929	0.000710775	0.657814	0.00153699	0.000587771	0.0151709	0.00419236	0.192366	0.0286659	0.00138726	0.0036507	0.000883508	0.000855726	0.00592799	0.00221362	0.00970989	0.00477707	0.0539814
92	0.0669398	0.0077487	0.00133391	0.00154101	0.0108538	0.00431201	0.00260806	0.00264896	0.00647431	0.00351129	0.00201835	0.00514798	0.000968937	0.00373096	0.00116111	0.401857	0.456747	0.00498252	0.0126534	0.00276065
93	0.073878	0.00148665	0.00186984	0.00168876	0.000885287	0.884608	0.000630412	0.00160303	0.000638868	0.00245508	0.00130554	0.00227527	0.000844973	0.00212179	0.00126494	0.0137245	0.00603625	0.00210614	0.000218264	0.000358588
94	0.24327	0.0113774	0.00947824	0.00646599	0.00472768	0.0357838	0.00991323	0.00892542	0.0112481	0.00937498	0.00629862	0.0162093	0.0162792	0.0079007	0.0061001	0.527744	0.0505752	0.0143065	0.00132145	0.00270053
95	0.0218098	0.00670177	0.000336649	0.000434598	0.0434539	0.00502175	0.000378272	0.337855	0.000482045	0.282533	0.0382949	0.00722304	0.000404757	0.000602021	0.000406554	0.00271363	0.00411053	0.244066	0.000613694	0.00255811
96	0.00846008	0.000284411	0.000513032	0.000405034	0.0151231	0.00151796	0.00028158	0.620056	0.000348695	0.0443029	0.00934835	0.00195512	0.000257059	0.000382663	0.000354984	0.00160773	0.00225342	0.289152	0.000199658	0.00319556
97	0.764793	0.00833364	0.00134816	0.00270831	0.00354121	0.0351483	0.00131107	0.00626769	0.00175259	0.0054105	0.00401589	0.00123488	0.00219652	0.00208923	0.00131156	0.109709	0.0288801	0.0163176	0.00136844	0.00226296
98	0.0986291	0.00243423	0.00418178	0.00422427	0.266301	0.00726245	0.00339972	0.0066667	0.00492487	0.0286103	0.0273853	0.0464217	0.00297296	0.00448722	0.00378887	0.00976229	0.0358237	0.053541	0.145433	0.24375
99	0.467268	0.0435184	0.00122366	0.00117856	0.0159283	0.268103	0.000919543	0.00202145	0.00150577	0.116656	0.0208593	0.00161291	0.00731901	0.00146143	0.0012581	0.0107876	0.0268361	0.0101729	0.000562543	0.00080718
100	0.0378437	0.00113825	0.0283424	0.0249063	0.00306649	0.0162253	0.0272721	0.00528999	0.562604	0.00907397	0.00508772	0.0188166	0.00266793	0.0470833	0.149302	0.020996	0.0163881	0.0192422	0.00104404	0.00360923
101	0.0136261	0.00652527	0.00102635	0.00128696	0.0448267	0.00702955	0.000759832	0.0262231	0.00157628	0.760316	0.0730051	0.00350713	0.000825544	0.00289461	0.00182176	0.00864281	0.00861095	0.0338705	0.00103716	0.00258786
102	0.072089	0.0340347	0.0641825	0.0333539	0.00227796	0.0188236	0.0351786	0.00380364	0.0451288	0.00567751	0.00277066	0.106407	0.00109006	0.229716	0.0434048	0.27984	0.0148247	0.00541589	0.000761256	0.00121922
103	0.103506	0.00143535	0.00398295	0.0648781	0.00273905	0.721272	0.00224677	0.00360592	0.00273322	0.00452124	0.00265952	0.00631663	0.00219064	0.0172159	0.0138361	0.0270657	0.010752	0.00644499	0.00089419	0.00170296
104	0.15252	0.000949089	0.0147353	0.00246133	0.00177375	0.0608053	0.0125416	0.0121524	0.196839	0.00654697	0.00321573	0.0551584	0.0128192	0.0365957	0.194079	0.139032	0.0890487	0.00444819	0.00181892	0.00245972
105	0.194549	0.00139898	0.00679437	0.0116787	0.00289196	0.0111253	0.00245307	0.00511481	0.025602	0.0206356	0.0035008	0.0336531	0.415989	0.0344616	0.0329175	0.0863239	0.0379483	0.0568325	0.0142539	0.00187613
106	0.0605097	0.00091624	0.00130152	0.0129151	0.042022	0.0151576	0.000988177	0.178779	0.0580212	0.153036	0.0597761	0.0209345	0.0123668	0.00169843	0.00162169	0.00506765	0.0269802	0.287213	0.0197115	0.0409848
107	0.0500656	0.000790491	0.00224656	0.00350112	0.00357822	0.0239832	0.00306566	0.0304084	0.0533372	0.125867	0.0563172	0.0770016	0.00101362	0.0476508	0.092311	0.096757	0.173834	0.145605	0.00880084	0.00386605
108	0.0322005	0.0113843	0.000630044	0.00071371	0.230118	0.00312027	0.000510843	0.130371	0.00107806	0.315016	0.0406904	0.0122432	0.0021134	0.00197507	0.00934425	0.0166048	0.0271653	0.0701874	0.0124519	0.0820818
109	0.139279	0.000824148	0.000907611	0.0098389	0.0721766	0.0142849	0.000820582	0.0937712	0.0460991	0.189079	0.0484862	0.00521983	0.0495128	0.00121405	0.00118724	0.00421619	0.00688195	0.226993	0.0442991	0.0449085
110	0.0349176	0.000690313	0.000320419	0.000376843	0.0436252	0.00490653	0.00204627	0.211443	0.000400143	0.33627	0.0930552	0.000634784	0.000265656	0.00290284	0.000387865	0.0231079	0.0293194	0.196628	0.0168245	0.00187714
111	0.0398208	0.0161355	0.0280465	0.0167865	0.0198954	0.00381849	0.0265885	0.0279493	0.0300095	0.0424812	0.0410682	0.334883	0.0508921	0.0537754	0.00278468	0.119739	0.0758704	0.0551481	0.000800158	0.0135073
112	0.208585	0.0036537	0.00169347	0.000788791	0.0302648	0.0808024	0.00021482	0.168566	0.000346304	0.316512	0.00961806	0.000368435	0.00250008	0.000467508	0.00217837	0.0102866	0.0225767	0.135205	0.00117065	0.00420139
113	0.216672	0.00330258	0.00133545	0.000835295	0.0352104	0.0897807	0.000273116	0.140389	0.000386338	0.329556	0.00906097	0.000472614	0.00167664	0.000556384	0.00174614	0.010333	0.0297257	0.124422	0.00103792	0.00322712
114	0.0476876	0.00261942	0.000377586	0.000407077	0.0521132	0.010402	0.00290765	0.193724	0.000947856	0.319283	0.0951728	0.000603374	0.00183237	0.00312013	0.000946821	0.0253647	0.0380121	0.187372	0.01396	0.00314593
115	0.207564	0.00392082	0.00142201	0.0007299	0.0412364	0.0837399	0.000242927	0.154302	0.000352256	0.332261	0.0103119	0.00039614	0.00163568	0.000631386	0.00175783	0.00900011	0.0236822	0.121782	0.00131456	0.00371628
116	0.203965	0.00584541	0.000492969	0.00113037	0.0194871	0.0502264	0.000223193	0.155833	0.000343125	0.267705	0.0083842	0.000430573	0.000856356	0.000374999	0.00067361	0.00727106	0.0104304	0.265027	0.000322617	0.000977786
117	0.0781267	0.00622238	0.000448811	0.00058656	0.164193	0.0281505	0.000310052	0.167247	0.000801461	0.224095	0.02772	0.00554164	0.00751374	0.000600632	0.00427221	0.0225587	0.0166944	0.141747	0.034404	0.0687661
118	0.11371	0.00212943	0.000769718	0.000618616	0.0940085	0.0400317	0.000296546	0.178545	0.00133664	0.172778	0.024016	0.00327982	0.00717439	0.000540428	0.00355877	0.0255533	0.0190278	0.195483	0.0511707	0.0659725
119	0.205184	0.0037786	0.00212865	0.000785276	0.0261649	0.0794169	0.0002348	0.177717	0.000366443	0.303696	0.00964483	0.000421748	0.0036906	0.000474253	0.00174504	0.0129951	0.0248053	0.140569	0.00119077	0.00499096
120	0.0441363	0.0170928	0.000430299	0.000515477	0.081063	0.0133362	0.000633757	0.113047	0.000569384	0.409625	0.101158	0.000596656	0.000357616	0.00581457	0.000392132	0.00609488	0.0137282	0.171837	0.00219294	0.0173792
121	0.158828	0.0260139	0.00196685	0.00138106	0.0507819	0.0367275	0.00095563	0.10041	0.00324205	0.154937	0.045233	0.00135877	0.00265916	0.007954	0.00327719	0.025494	0.115863	0.23684	0.00731882	0.0187579
122	0.015539	0.0233848	0.000670611	0.000942628	0.0962614	0.0196959	0.000880728	0.0146133	0.00101285	0.706294	0.0386423	0.00829812	0.000525182	0.000983012	0.00101582	0.0259499	0.019619	0.0240059	0.000772991	0.000892357
123	0.202563	0.00638801	0.000288228	0.0011426	0.019402	0.0456431	0.000234514	0.141928	0.00037291	0.256381	0.00791274	0.000491156	0.000349409	0.000425767	0.000456682	0.00658097	0.00847617	0.300548	0.000150095	0.00026596
124	0.0318708	0.0118965	0.000614996	0.000697709	0.232162	0.00326296	0.000498995	0.130702	0.000819236	0.317054	0.0414023	0.0117434	0.00214961	0.000892151	0.0079929	0.0163183	0.0253855	0.0717912	0.0117213	0.0810241
125	0.0150239	0.000189078	0.00126315	0.000845931	0.000259579	0.974586	0.000187687	0.000520987	0.000324349	0.000525169	0.000305405	0.000489302	0.000177752	0.000915339	0.000790583	0.00181941	0.000627606	0.000861878	0.000111929	0.000174858
126	0.0821228	0.00281243	0.000543408	0.000701035	0.0989762	0.0303125	0.000361074	0.227494	0.00166167	0.14594	0.0209265	0.00228615	0.00604458	0.000675675	0.00172927	0.0135968	0.00932395	0.276055	0.0318063	0.046631
127	0.0336372	0.0518128	0.00226153	0.00242655	0.141258	0.0362263	0.0194722	0.0251774	0.00309893	0.284637	0.0942733	0.0195862	0.00236068	0.0033168	0.00301601	0.0260011	0.155783	0.078206	0.0149641	0.00248575
128	0.0334611	0.00567498	0.00043071	0.000501976	0.0674952	0.00630687	0.00156544	0.169898	0.00050575	0.353267	0.121843	0.000801185	0.000330913	0.00316183	0.00051469	0.0155913	0.0224638	0.178068	0.0121552	0.00596304
129	0.0400494	0.00524439	0.00290847	0.00230491	0.0052408	0.00722202	0.00175006	0.127402	0.00558666	0.013803	0.0203579	0.00415187	0.00187482	0.0023072	0.00206468	0.00775518	0.201685	0.543343	0.00175871	0.0031899
130	0.0351235	0.000692646	0.000325117	0.000373684	0.0436694	0.00495731	0.00206132	0.211379	0.000408215	0.335868	0.0930998	0.000625777	0.000309132	0.00290641	0.000399355	0.023227	0.0295477	0.196347	0.0168161	0.00186379
131	0.123655	0.00228241	0.0208918	0.0208981	0.00450343	0.0865132	0.00586169	0.00771325	0.0379481	0.0113114	0.00535042	0.0253322	0.267962	0.0172042	0.0838761	0.190508	0.0643066	0.0172701	0.00379974	0.00281147
132	0.0193343	0.00183731	0.0009234	0.000505882	0.00512401	0.00234016	0.000316004	0.487179	0.00162979	0.029092	0.0076427	0.00150149	0.000305578	0.000536563	0.00055759	0.00269323	0.0139788	0.42316	0.000183524	0.00115834
133	0.0151144	0.0001598	0.0013033	0.00083091	0.000270824	0.974181	0.00022107	0.00044361	0.000365661	0.000537841	0.000302376	0.000589487	0.000201729	0.000885609	0.000748346	0.00208633	0.00071476	0.000763606	0.000109456	0.000169606
134	0.0444935	0.000437415	0.00613465	0.00250357	0.000748588	0.84474	0.00209805	0.00124184	0.000999579	0.00159659	0.00106048	0.00708269	0.00179371	0.00332691	0.00126493	0.0686269	0.0086424	0.00244301	0.000283584	0.000481711
135	0.422035	0.00239476	0.00224897	0.00241493	0.00117763	0.51201	0.000927848	0.00459605	0.00117158	0.00285519	0.00109746	0.00402616	0.00138501	0.00303489	0.00204998	0.0266277	0.00634228	0.00276511	0.000384537	0.000455588
136	0.0192092	0.00183614	0.624607	0.104155	0.0035443	0.0212322	0.00402024	0.0102169	0.016969	0.00894997	0.00801612	0.0616268	0.00580772	0.0125054	0.00715539	0.0465044	0.0275259	0.0111178	0.00140906	0.00359128
137	0.0341137	0.00174181	0.00116792	0.00449997	0.00971715	0.00847349	0.00132584	0.035772	0.0023694	0.0715313	0.755047	0.00193586	0.00105164	0.00376317	0.00271477	0.00863462	0.0108802	0.0414643	0.00149351	0.00230198
138	0.0273202	0.000630169	0.0180629	0.0140828	0.00114138	0.00252013	0.00520037	0.00137726	0.00114882	0.00169266	0.0011153	0.0054622	0.882158	0.00124656	0.00166089	0.0262051	0.00232795	0.00564596	0.000378009	0.000623617
139	0.0231943	0.00298887	0.00154099	0.000504048	0.00216916	0.0017987	0.00035219	0.175468	0.00222697	0.0176956	0.00884134	0.000783854	0.000330339	0.000599743	0.000373729	0.00258002	0.0371965	0.72077	0.000181852	0.000402908
140	0.04276	0.0048788	0.00147406	0.000803503	0.00379975	0.00618169	0.000335351	0.163766	0.00380353	0.0249432	0.00900703	0.000637679	0.000552457	0.000828613	0.000568582	0.00599321	0.036203	0.691289	0.00095709	0.00121721
141	0.00734514	0.000212299	0.000519539	0.000445	0.00674415	0.00143147	0.000289642	0.684132	0.000397895	0.0312749	0.00539457	0.0018776	0.000264933	0.000438005	0.000299279	0.00164569	0.00170374	0.253417	0.000170535	0.00199641
142	0.552293	0.00858437	0.00174185	0.00157801	0.00322382	0.0184612	0.00121116	0.00414504	0.00209461	0.00439911	0.00370296	0.00184649	0.00141666	0.00164845	0.00183828	0.36179	0.0176796	0.0100396	0.00102912	0.00127635
143	0.0241033	0.00608682	0.000421764	0.000685493	0.0524689	0.0055518	0.00114695	0.132449	0.000605311	0.465192	0.143391	0.00122972	0.000310399	0.00243514	0.000743931	0.00832245	0.0124129	0.128883	0.00529889	0.008261
144	0.00839469	0.0109026	0.00096854	0.000974945	0.505419	0.00256829	0.000675709	0.0339955	0.00416642	0.262559	0.0322511	0.00348958	0.00335202	0.00128561	0.00232487	0.00810172	0.00718545	0.022786	0.00474066	0.0838585
145	0.00590321	0.00108314	0.00977344	0.00197061	0.00182789	0.0112204	0.00776346	0.00367358	0.00171089	0.00361793	0.00247692	0.919752	0.00141994	0.00924394	0.00117645	0.00597375	0.00479711	0.00501972	0.000549886	0.00104591
146	0.800224	0.00802608	0.000732457	0.000888889	0.00243273	0.0198611	0.000286811	0.00232966	0.000796223	0.00308373	0.00246967	0.000796233	0.000287034	0.000640461	0.000732706	0.129194	0.0160364	0.00810976	0.0013351	0.00173758
147	0.0122088	0.015459	0.000596073	0.000700161	0.42387	0.00280244	0.000511934	0.0488385	0.00314593	0.29452	0.051908	0.00426085	0.00271749	0.0013929	0.00266942	0.00875566	0.0092383	0.0412634	0.00464959	0.0704923
148	0.111877	0.0255471	0.00428241	0.00374832	0.0063321	0.0230674	0.0036883	0.0070998	0.0111463	0.00692222	0.00346195	0.0153164	0.00233575	0.00538725	0.00366535	0.309364	0.433442	0.0150688	0.00409968	0.00414809
149	0.0154205	0.000196384	0.00127739	0.000878241	0.000342586	0.971047	0.000399693	0.000556749	0.000384414	0.000607058	0.000342112	0.00102632	0.000312657	0.000901985	0.000775301	0.00318017	0.000989193	0.00103836	0.000119672	0.000204396
150	0.0342168	0.000834199	0.000315069	0.000383556	0.0437623	0.00485167	0.00198349	0.212115	0.000401896	0.339919	0.0917589	0.00067518	0.000275485	0.00285061	0.000379887	0.0223628	0.028837	0.195356	0.0164861	0.00223542
151	0.798083	0.00885171	0.000484838	0.00050413	0.00224471	0.0178558	0.000232195	0.00190707	0.000550702	0.00341615	0.00168263	0.000848731	0.000301721	0.000744072	0.000521352	0.130667	0.0192949	0.00888446	0.00129762	0.00162683
152	0.482064	0.00722941	0.000842447	0.00202019	0.00734198	0.0863476	0.000724186	0.0180092	0.00201799	0.0101765	0.011602	0.00199455	0.00104051	0.00290122	0.00174229	0.119008	0.0682532	0.172735	0.000579294	0.00337039
153	0.781131	0.0123887	0.000254771	0.000281212	0.0020516	0.0180438	0.000224464	0.00076633	0.000331174	0.00211366	0.00125108	0.000364931	0.000190539	0.000322936	0.000275783	0.153161	0.0156224	0.00898909	0.00115087	0.00108446
154	0.252494	0.0277169	0.0015121	0.00165507	0.210754	0.0356524	0.00151771	0.0494262	0.00212222	0.250482	0.070996	0.00255454	0.00094197	0.00223332	0.00179857	0.0073399	0.0348385	0.0432328	0.000892132	0.00183932
155	0.411368	0.00438399	0.0224233	0.0348085	0.00247328	0.037755	0.00123023	0.0580392	0.0256181	0.0436498	0.050519	0.00339998	0.00175762	0.00806615	0.00158391	0.172273	0.0978282	0.0206672	0.000822817	0.00133341
156	0.0156002	0.000174015	0.00131081	0.000859169	0.000276795	0.972601	0.000251992	0.000503923	0.000368215	0.000532975	0.000314917	0.000838523	0.000290914	0.000990374	0.000774616	0.00237643	0.000835118	0.000816924	0.000109782	0.000172786
157	0.00279658	0.0101493	0.000543411	0.000710603	0.658138	0.0012895	0.000506407	0.0136704	0.00467946	0.186752	0.0292652	0.000936143	0.00420498	0.000874404	0.000629199	0.00632787	0.00177561	0.00911746	0.00377127	0.0638619
158	0.288916	0.00298948	0.00157563	0.00183895	0.0286229	0.0204173	0.000981568	0.059906	0.0023638	0.150603	0.0316257	0.0020795	0.00695542	0.00231949	0.0016924	0.161088	0.0815138	0.151178	0.00121334	0.0021192
159	0.0211309	0.00604778	0.000353369	0.000406593	0.0538001	0.00446407	0.000635179	0.214483	0.000757248	0.407242	0.0684836	0.00229819	0.000337298	0.00225159	0.000381826	0.00759209	0.0156684	0.174278	0.00513584	0.0142539
160	0.0704462	0.000726503	0.103663	0.0430931	0.00202936	0.337772	0.0733668	0.00202196	0.00404614	0.00300641	0.0118401	0.160048	0.000881673	0.0453204	0.00124246	0.131677	0.00364868	0.00350889	0.00062848	0.00103229
161	0.0516505	0.00942305	0.129158	0.0611157	0.00563078	0.0319277	0.00936258	0.0290484	0.0242177	0.0167273	0.0112581	0.169594	0.00978176	0.028781	0.00756936	0.289914	0.0919789	0.0177352	0.00124398	0.00388275
162	0.0469864	0.0067042	0.0442492	0.0220386	0.0186087	0.00395508	0.0282351	0.0372519	0.0381546	0.0545386	0.0365762	0.186129	0.0863461	0.0838573	0.00390663	0.121394	0.108648	0.0485657	0.00080695	0.0230485
163	0.217202	0.00398249	0.000987922	0.00517614	0.0198662	0.0496687	0.000590125	0.141975	0.000842867	0.284305	0.0289621	0.000830741	0.00142402	0.00130543	0.00120668	0.00799071	0.0166837	0.213864	0.000759942	0.00237654
164	0.00929082	0.000422786	0.000557173	0.00371537	0.0109225	0.00151817	0.000474266	0.0299863	0.000920608	0.263532	0.639172	0.000858753	0.000432513	0.00103338	0.00120598	0.00187134	0.00467644	0.028564	0.000330954	0.000514742
165	0.00816679	0.000550633	0.000452926	0.000430623	0.0149914	0.00163545	0.000289127	0.621378	0.000387524	0.0726279	0.013244	0.0038192	0.000267419	0.000426635	0.000301169	0.00203696	0.00229531	0.253989	0.000174809	0.00253522
166	0.0313275	0.00284845	0.000758097	0.000536509	0.00497771	0.00294339	0.000322045	0.430656	0.00395248	0.0346829	0.0102522	0.00111288	0.000321947	0.00064599	0.000404756	0.00429235	0.0211298	0.447705	0.000156653	0.000973267
167	0.3569	0.0037655	0.00171494	0.00485125	0.00895887	0.104051	0.00128324	0.0632525	0.00469249	0.0301342	0.0066891	0.0037134	0.00343642	0.00565632	0.00205039	0.109741	0.110932	0.174594	0.000827948	0.00275471
168	0.0150375	0.000165161	0.00126818	0.000794329	0.000261181	0.974258	0.000186833	0.000450645	0.000331088	0.000525559	0.00030307	0.000432351	0.000170252	0.000836095	0.000730635	0.00261655	0.000596645	0.000746196	0.000112737	0.000177162
169	0.432236	0.0135184	0.0105744	0.0114942	0.00783415	0.0295481	0.00163719	0.0651438	0.00837378	0.0495549	0.0519123	0.00247217	0.00217206	0.00496556	0.00160044	0.185618	0.0781893	0.040773	0.000642532	0.00174028
170	0.0214509	0.0115121	0.000378611	0.00039828	0.0656206	0.00618476	0.000345928	0.194861	0.000464081	0.438747	0.0724396	0.00214237	0.000270637	0.0026771	0.000398551	0.00279389	0.00810373	0.154361	0.00115674	0.0156932
171	0.0298075	0.00438305	0.0179243	0.0023787	0.00731659	0.00647883	0.00141029	0.176786	0.00506481	0.0264624	0.0106774	0.0028395	0.00154086	0.00239914	0.00162475	0.00732932	0.0322385	0.659318	0.00166381	0.00235656
172	0.0153493	0.000166802	0.00136237	0.00081378	0.000306795	0.972456	0.000191209	0.000444876	0.000334804	0.000529693	0.000322942	0.000444384	0.00017714	0.000877947	0.00077198	0.00371685	0.000678153	0.000754681	0.000121924	0.000178493
173	0.711304	0.014894	0.00051435	0.00067246	0.00560141	0.0312957	0.000317041	0.0032504	0.000673299	0.00261771	0.00336316	0.000815341	0.000442419	0.000881275	0.000572736	0.182448	0.0260103	0.011972	0.000980244	0.00137416
174	0.615023	0.00849926	0.000909882	0.000918707	0.00270547	0.0175227	0.00058413	0.00273041	0.00120658	0.00349835	0.00250758	0.00117483	0.00048119	0.00100144	0.00117217	0.31327	0.0156312	0.00866291	0.00118159	0.0013191
175	0.0149482	0.000167274	0.00147852	0.000813642	0.000269436	0.973974	0.000195768	0.000444816	0.000346871	0.000553636	0.000296612	0.000736192	0.000186523	0.000938932	0.000737512	0.00222686	0.000635995	0.000747035	0.000118111	0.000183918
176	0.177266	0.00448602	0.00110569	0.00118799	0.048538	0.0265147	0.00136826	0.100984	0.0063774	0.174909	0.0609058	0.00167181	0.0136607	0.00275194	0.00714766	0.0993137	0.125705	0.133925	0.0076877	0.00449256
177	0.0294299	0.00951339	0.000937881	0.00104833	0.17012	0.00495639	0.000841337	0.179378	0.00129665	0.342071	0.0436272	0.00916175	0.00139104	0.00188386	0.00683364	0.0123009	0.0273871	0.0887617	0.00815526	0.0609044
178	0.0138936	0.00679328	0.000684462	0.00076824	0.04705	0.00724382	0.000674007	0.0243075	0.0014254	0.759145	0.0773037	0.0033016	0.000611693	0.00249536	0.00217609	0.00861179	0.00810459	0.0315904	0.000686955	0.00313239
179	0.0881579	0.062746	0.00487598	0.00288907	0.00390472	0.0150912	0.00255911	0.00376817	0.00611568	0.00343005	0.00268386	0.0230752	0.00107368	0.00379933	0.00159504	0.311279	0.445256	0.0125474	0.0024808	0.00267139
180	0.0462883	0.00106659	0.0209406	0.0332435	0.0347039	0.0078017	0.0237171	0.0720055	0.101905	0.118638	0.0327419	0.0432096	0.000828924	0.120855	0.0955023	0.0511025	0.0293157	0.135176	0.00134088	0.0296181
181	0.0802147	0.0017534	0.00230956	0.00292602	0.00860455	0.00541527	0.00188377	0.0723708	0.00434583	0.336379	0.115531	0.0111201	0.00158501	0.156358	0.0203683	0.0148737	0.0301971	0.105458	0.0174879	0.0108183
182	0.00982144	0.000365242	0.000541507	0.00454177	0.0058689	0.00145695	0.000490056	0.0300071	0.00103935	0.0640664	0.843209	0.000908683	0.000524059	0.00133892	0.00159628	0.0018352	0.00560288	0.025853	0.000359855	0.000573501
183	0.446984	0.0528107	0.00491012	0.00302062	0.0049243	0.0203533	0.00200307	0.00342416	0.00396832	0.00509797	0.00374359	0.0123456	0.00211911	0.00474446	0.00215261	0.320814	0.0884004	0.0146101	0.00166642	0.00190689
184	0.031795	0.000447209	0.0303265	0.0229624	0.000837068	0.0146375	0.0327432	0.0010688	0.589327	0.00154395	0.00104314	0.0146665	0.000415046	0.0529895	0.167355	0.0139167	0.00937882	0.0138197	0.000243624	0.000482638
185	0.860224	0.00493588	0.000813297	0.000891252	0.00112884	0.0997445	0.000728073	0.0119251	0.00114918	0.00177606	0.00106305	0.00121568	0.000796829	0.00139266	0.000864422	0.00435663	0.00311907	0.00275305	0.000516696	0.000605385
