204	20
1	0.0181385	0.0064088	0.00332165	0.00161317	0.0791828	0.00410598	0.00332172	0.253534	0.00259169	0.46605	0.0316841	0.00187263	0.00187742	0.00196595	0.00391828	0.00279014	0.00961873	0.0930237	0.00400332	0.0109772
2	0.0340313	0.00914219	0.000342799	0.00351298	0.0130269	0.0013326	0.000330998	0.307858	0.00195979	0.075015	0.0137809	0.000277069	0.000234882	0.000496931	0.00115134	0.00141198	0.0085902	0.52451	0.000964471	0.00203029
3	0.0409757	0.00657226	0.0291537	0.0205427	0.00453457	0.692596	0.0172474	0.00393622	0.018525	0.0212687	0.0061493	0.018229	0.00841124	0.0142239	0.0253455	0.0377466	0.0167846	0.0119352	0.0022004	0.00362217
4	0.542755	0.0163705	0.00627648	0.00742245	0.00582815	0.0978042	0.00111477	0.0135656	0.00126919	0.0225418	0.00595321	0.00610926	0.00876369	0.00673925	0.00183696	0.127922	0.0761499	0.0454014	0.000462833	0.00571242
5	0.0381959	0.00640658	0.0300371	0.0201752	0.0048336	0.691558	0.0180834	0.00418115	0.0190917	0.0210471	0.00590597	0.0187089	0.00803292	0.0141246	0.0277728	0.0381911	0.0160106	0.0114176	0.00224511	0.00398048
6	0.275092	0.0729299	0.00348622	0.00487523	0.00284997	0.00508459	0.00347486	0.00425407	0.00392503	0.0506318	0.00324671	0.00261397	0.390587	0.00405046	0.00824398	0.0786447	0.0447109	0.0369332	0.00126512	0.0030995
7	0.0459199	0.00601543	0.0295943	0.0195226	0.00534852	0.630973	0.031247	0.00380791	0.0305409	0.0167961	0.00539341	0.0321086	0.00851972	0.0152527	0.045542	0.0391721	0.0167639	0.00993259	0.00159289	0.00595672
8	0.0442765	0.00361446	0.315429	0.0860882	0.00401872	0.0966248	0.0367174	0.00572808	0.0242309	0.00657009	0.00348733	0.109047	0.00429015	0.016417	0.0483295	0.0645371	0.118856	0.00712606	0.000949237	0.00366275
9	0.184467	0.00329029	0.0335145	0.0773848	0.00863583	0.0152731	0.0191859	0.0603613	0.0360837	0.0212021	0.00313278	0.00253235	0.205197	0.0150399	0.0420153	0.0370402	0.0839728	0.117576	0.00495174	0.029143
10	0.127313	0.00149531	0.151827	0.238311	0.000824703	0.0544803	0.0159279	0.00250401	0.119949	0.0111232	0.00343234	0.0398703	0.00545643	0.0843774	0.0637396	0.0418964	0.0222915	0.011327	0.00172029	0.00213299
11	0.0358712	0.0122909	0.011839	0.00719291	0.118304	0.0242074	0.0202456	0.0402356	0.00974573	0.388164	0.0739708	0.0278777	0.00307423	0.0280355	0.0171083	0.0236266	0.0308515	0.0297353	0.00553299	0.0920906
12	0.0215367	0.00979841	0.00392321	0.00133044	0.0612711	0.00704718	0.00114734	0.0981216	0.00311639	0.691913	0.0296673	0.00260593	0.00278262	0.00140434	0.00271095	0.00198274	0.00647514	0.0425782	0.00144636	0.00914076
13	0.114165	0.0160786	0.015545	0.0190809	0.0071622	0.0326461	0.00944447	0.0156546	0.0115873	0.0364778	0.00866221	0.0196518	0.0402344	0.0122386	0.0147144	0.201256	0.389675	0.0266572	0.00233813	0.0067301
14	0.0627147	0.0032479	0.00453657	0.0141493	0.00224183	0.0128642	0.00392738	0.101479	0.014068	0.390617	0.0209767	0.00267705	0.0146863	0.0213003	0.0377243	0.0146627	0.0194072	0.24489	0.0102998	0.00352899
15	0.0580726	0.00763136	0.0219144	0.0239926	0.00311634	0.0568809	0.0300879	0.0113734	0.0483268	0.0336459	0.00342372	0.0032197	0.00971895	0.019357	0.620813	0.0164292	0.0163895	0.0103853	0.00160194	0.00361961
16	0.653058	0.0061386	0.00132637	0.00168993	0.00455778	0.110394	0.00108357	0.0125235	0.00161526	0.00826067	0.00665981	0.000884428	0.0126383	0.00731673	0.00185592	0.0916413	0.0220874	0.0519255	0.000477504	0.00386538
17	0.0851562	0.0045399	0.0159967	0.0328633	0.0069846	0.010255	0.0183428	0.0296773	0.122387	0.191456	0.0630501	0.00294569	0.0034109	0.0763392	0.176867	0.0159091	0.0228225	0.0680988	0.0136822	0.0392166
18	0.0912516	0.00501923	0.0295917	0.170053	0.00731944	0.0292538	0.0379084	0.00913277	0.0904952	0.0615705	0.0261682	0.0510703	0.0109825	0.0600432	0.19199	0.0522497	0.03741	0.0360314	0.000868147	0.00159136
19	0.326899	0.126517	0.0107881	0.0111598	0.0128501	0.0929401	0.00510901	0.0432939	0.00604566	0.0313899	0.00602938	0.00848371	0.00454467	0.00693804	0.00642192	0.105727	0.0881717	0.0971566	0.00224674	0.00728696
20	0.0722542	0.00288732	0.197812	0.265385	0.000924966	0.0450436	0.02917	0.00315116	0.0685248	0.00839438	0.00128593	0.0531129	0.0136372	0.0940291	0.0312333	0.0520824	0.044603	0.0152263	0.000347273	0.000895027
21	0.161904	0.0487377	0.0128785	0.00628806	0.0319428	0.0114388	0.00586585	0.0844652	0.00666524	0.0845791	0.0236326	0.00820372	0.0104304	0.0108962	0.00811506	0.0305017	0.0614812	0.372224	0.00354129	0.0162085
22	0.0355876	0.00922269	0.000324878	0.00325873	0.0132308	0.00132878	0.000347383	0.312323	0.00210864	0.0803693	0.0145517	0.000257146	0.000228434	0.000549917	0.00115272	0.00138007	0.00889434	0.511597	0.00102432	0.00226229
23	0.0199231	0.00336422	0.00142586	0.001774	0.0504504	0.0010135	0.0046614	0.393946	0.00212461	0.256862	0.0377535	0.000929908	0.00138979	0.00245029	0.00455519	0.00249722	0.0143378	0.182433	0.00746119	0.0106472
24	0.0521227	0.0611399	0.00579257	0.0103162	0.107833	0.0237889	0.0396346	0.0673846	0.00849128	0.0371432	0.00905781	0.00538965	0.00377582	0.00703073	0.00703684	0.014237	0.0832759	0.18315	0.0147659	0.258633
25	0.101547	0.0328751	0.208581	0.0667387	0.0874722	0.0109466	0.0289117	0.00882729	0.00656946	0.0138397	0.0229668	0.133125	0.0589357	0.0467591	0.0289177	0.0141609	0.0138959	0.0333449	0.00175826	0.0798271
26	0.218724	0.0509714	0.0426635	0.0315185	0.011767	0.008393	0.0222761	0.0184297	0.00723313	0.0555053	0.0240237	0.00673489	0.0238728	0.0260447	0.0246722	0.0146124	0.0596526	0.342484	0.0030149	0.00740559
27	0.102313	0.0145851	0.0228647	0.0252375	0.00929679	0.289588	0.0124857	0.0517486	0.0485183	0.0635413	0.0116105	0.00903475	0.0573444	0.0168723	0.0243636	0.0711587	0.0686605	0.0606759	0.0296798	0.0104202
28	0.0581328	0.0191751	0.0436645	0.0442613	0.0111001	0.0395339	0.0181546	0.0554581	0.10839	0.109285	0.0250232	0.0174811	0.00738538	0.0673776	0.18241	0.0316736	0.0410607	0.0943419	0.00527587	0.0208153
29	0.0912516	0.00501923	0.0295917	0.170053	0.00731944	0.0292538	0.0379084	0.00913277	0.0904952	0.0615705	0.0261682	0.0510703	0.0109825	0.0600432	0.19199	0.0522497	0.03741	0.0360314	0.000868147	0.00159136
30	0.0838112	0.0026386	0.18896	0.273391	0.000698072	0.0447953	0.0238152	0.0037225	0.0834223	0.00906089	0.00158444	0.0473919	0.0136595	0.0912815	0.036821	0.0455479	0.0313962	0.0164834	0.00057224	0.000946006
31	0.109436	0.019169	0.00855389	0.014419	0.014563	0.0149611	0.00658037	0.175452	0.0232636	0.104408	0.0255434	0.0167573	0.0141531	0.0205821	0.0452329	0.0376666	0.0862268	0.249769	0.00258537	0.0106785
32	0.107903	0.0339361	0.0933698	0.122527	0.0134781	0.0953692	0.0152367	0.0379616	0.0229364	0.0475157	0.0277934	0.0888683	0.00678026	0.0406677	0.0247336	0.088819	0.0521069	0.0682539	0.00255916	0.0091837
33	0.173123	0.00115937	0.117226	0.215629	0.000726782	0.0326465	0.0130311	0.00137653	0.144524	0.0152333	0.00579926	0.0284124	0.00109589	0.0916477	0.0918442	0.0332388	0.0154224	0.0115842	0.00299781	0.00328191
34	0.0860972	0.0130326	0.0148466	0.0375854	0.00869165	0.00834276	0.0123971	0.137066	0.0515617	0.18445	0.0553469	0.0129376	0.00463796	0.0452174	0.0473533	0.0196186	0.0617309	0.170626	0.0101986	0.0182627
35	0.0210215	0.00400577	0.0011894	0.000894108	0.0340548	0.00251673	0.00190776	0.334429	0.00157249	0.394112	0.0416222	0.000605518	0.00245979	0.000822448	0.00257492	0.00151209	0.0128001	0.13497	0.00250266	0.00442759
36	0.0413264	0.00902103	0.000482219	0.00381753	0.0123438	0.00175366	0.000725737	0.310408	0.00541123	0.091644	0.0198765	0.000501544	0.000570608	0.00192289	0.00232105	0.00263759	0.0133727	0.476783	0.000948115	0.00413239
37	0.0596868	0.0115239	0.00888957	0.0337547	0.0106097	0.0052303	0.00908854	0.151708	0.0648434	0.102859	0.0216033	0.05538	0.00210427	0.068144	0.105355	0.0328928	0.0990711	0.135052	0.00127338	0.02093
38	0.0384425	0.00996368	0.000498788	0.00338195	0.0140229	0.00180572	0.000557699	0.306143	0.00240224	0.0821301	0.0151635	0.00041004	0.000726396	0.000815657	0.00151272	0.00246976	0.0107417	0.505023	0.00109976	0.00268867
39	0.278454	0.062358	0.00352975	0.00235148	0.00760178	0.011141	0.00178549	0.0630951	0.00238171	0.0376247	0.00439253	0.0023879	0.0020357	0.00335375	0.0033495	0.0269421	0.0544843	0.429318	0.000641735	0.00277167
40	0.0555089	0.00913743	0.028281	0.0340998	0.00693682	0.042769	0.051572	0.012387	0.0694752	0.0345776	0.00545641	0.0165036	0.00926171	0.0301677	0.507934	0.0251917	0.0309889	0.0192153	0.00370797	0.00682834
41	0.0615231	0.01138	0.00206577	0.00402749	0.0174273	0.00761676	0.00184928	0.216331	0.00583029	0.256744	0.0224605	0.00138982	0.00722473	0.00441781	0.00811806	0.0123475	0.0209738	0.33107	0.00263148	0.00457213
42	0.0722594	0.0546801	0.0130416	0.0183404	0.0324486	0.0168634	0.0165847	0.0842941	0.0756572	0.162095	0.0592783	0.0112513	0.00827413	0.0252153	0.0408222	0.0242489	0.0356893	0.157163	0.00903133	0.0827622
43	0.201434	0.00773978	0.0293147	0.0418259	0.00234523	0.131197	0.00792832	0.00733355	0.00567018	0.0140714	0.00398482	0.033428	0.0932378	0.0183216	0.0130144	0.300536	0.0646058	0.0179734	0.00100371	0.00503457
44	0.046026	0.00759832	0.0291865	0.0207081	0.00473669	0.679838	0.017338	0.0044066	0.0176857	0.0207114	0.00599327	0.017753	0.00901249	0.0132496	0.0256164	0.043997	0.017393	0.0128462	0.00215214	0.00375196
45	0.036335	0.00506686	0.58939	0.0352539	0.00847172	0.0166984	0.0394331	0.0131185	0.0184167	0.0101698	0.00597882	0.0478136	0.00796081	0.0275993	0.030114	0.0478955	0.0395167	0.0120082	0.00134512	0.00741336
46	0.26492	0.0402366	0.00857954	0.0150086	0.00228936	0.0262021	0.00570514	0.00654205	0.0063626	0.0286795	0.00251902	0.013795	0.292675	0.00908537	0.0111927	0.170281	0.0462607	0.0442948	0.00124172	0.0041288
47	0.0760856	0.0280956	0.0234877	0.00893701	0.237073	0.030954	0.027589	0.00657347	0.011417	0.115594	0.0107241	0.0160961	0.00270035	0.0102004	0.0102089	0.085641	0.0376751	0.0117706	0.0241501	0.225027
48	0.0782384	0.0142971	0.00285516	0.00561616	0.0209594	0.0246122	0.00543034	0.227963	0.00815921	0.161544	0.0328721	0.0100707	0.0126577	0.00705855	0.00717002	0.0519234	0.0753722	0.248221	0.00130331	0.00367633
49	0.0942882	0.0251335	0.0635085	0.0239006	0.178271	0.041535	0.0808522	0.0195849	0.0238137	0.0597971	0.0132418	0.0740594	0.00458352	0.0276232	0.0452696	0.0628834	0.0452016	0.0325727	0.009921	0.0739595
50	0.108435	0.014638	0.0380871	0.0392707	0.00379043	0.438221	0.00833746	0.00706847	0.011958	0.0180565	0.00575056	0.0240001	0.0451502	0.0152832	0.0203515	0.133949	0.0470573	0.0150329	0.00260034	0.00296181
51	0.0852553	0.00836428	0.0368223	0.0339241	0.00417713	0.0651898	0.0209277	0.0208833	0.0274787	0.026075	0.00473307	0.00638454	0.0250634	0.0172867	0.522892	0.0407541	0.0317418	0.0151654	0.0019758	0.00490549
52	0.168664	0.0394714	0.00428944	0.00286179	0.0141541	0.0417364	0.00166459	0.114663	0.0107056	0.122856	0.0289483	0.00292897	0.0128539	0.00405662	0.00832032	0.0755229	0.0634711	0.275716	0.00126735	0.00584848
53	0.0387288	0.00909366	0.000358467	0.00329734	0.0127969	0.00125438	0.000545801	0.317399	0.00283073	0.0874824	0.0168931	0.000268397	0.000262048	0.000928692	0.00145986	0.0015634	0.0102039	0.49058	0.000967818	0.00308508
54	0.0878784	0.00301464	0.16319	0.149195	0.00207787	0.0368581	0.0407454	0.00426834	0.0642569	0.0187033	0.0146218	0.0286036	0.229503	0.0337422	0.00852186	0.0673458	0.0195516	0.0248301	0.00105928	0.00203317
55	0.0429375	0.0762025	0.00522103	0.0108396	0.104773	0.0186409	0.0274898	0.0645687	0.00860162	0.0285742	0.00777943	0.00336665	0.00364355	0.00608464	0.00681737	0.0130552	0.0524941	0.206019	0.022944	0.289947
56	0.07919	0.00806406	0.16886	0.274565	0.00144647	0.0339083	0.0379992	0.00392495	0.0688955	0.0131062	0.00256623	0.0437955	0.0102165	0.0963872	0.0518233	0.0405156	0.0313788	0.0311989	0.000671798	0.00148652
57	0.0337706	0.00906112	0.000341726	0.00356926	0.0131616	0.00130748	0.000323957	0.308303	0.00189759	0.0748347	0.0137264	0.000271783	0.000237021	0.000471339	0.00112793	0.00139803	0.0083823	0.524846	0.000971749	0.00199689
58	0.034886	0.00922214	0.000325735	0.00335403	0.0132115	0.00131693	0.000318532	0.309862	0.00199318	0.0779794	0.0139724	0.000267023	0.000230654	0.000507091	0.00112656	0.00138538	0.00860244	0.51823	0.00106155	0.00214729
59	0.257723	0.0635572	0.00873292	0.0116745	0.00258758	0.00818395	0.00300962	0.00371788	0.012014	0.0403011	0.0037873	0.00564562	0.383828	0.010284	0.0113638	0.0866219	0.0477344	0.035086	0.00138263	0.00276458
60	0.0610439	0.00763537	0.0311371	0.0204766	0.00536477	0.661952	0.0154175	0.00553779	0.0172301	0.0223864	0.00669833	0.0173889	0.00888858	0.0146335	0.0232049	0.041062	0.0190501	0.0142829	0.00238857	0.00422081
61	0.0292129	0.00747519	0.000435124	0.0028566	0.017839	0.00122662	0.000784588	0.348891	0.00161613	0.102689	0.0207888	0.000317494	0.000491666	0.000534355	0.00138065	0.00129985	0.00990916	0.448875	0.00122901	0.00214751
62	0.156722	0.00472506	0.0100169	0.0191554	0.00226698	0.0456241	0.00531844	0.00579202	0.00367312	0.0247686	0.00269439	0.0234333	0.103785	0.0114412	0.0100453	0.355921	0.193385	0.015209	0.0011241	0.00489917
63	0.228001	0.00264747	0.0141096	0.0300466	0.00120064	0.064847	0.0057624	0.00604174	0.00145976	0.0108548	0.00151067	0.0432537	0.118907	0.0173899	0.0116616	0.37041	0.0472777	0.0181534	0.000527816	0.00593795
64	0.637415	0.00635922	0.0014109	0.00149489	0.00561407	0.109749	0.00121712	0.0140404	0.00144546	0.0073778	0.00790634	0.00113202	0.0169506	0.00839934	0.00177137	0.0983262	0.0217148	0.0532833	0.000461586	0.00393048
65	0.0645675	0.00945243	0.00662496	0.0122743	0.0230812	0.0210591	0.00841579	0.227097	0.00698021	0.136968	0.0311612	0.0123183	0.00903156	0.0104262	0.00765675	0.0607743	0.0997247	0.246979	0.00206686	0.00334151
66	0.652992	0.00414598	0.00125299	0.00135263	0.00432951	0.11091	0.00107681	0.0115393	0.00115482	0.0078917	0.00692658	0.000891937	0.0134034	0.00776318	0.00157437	0.096699	0.0226042	0.0490934	0.000458683	0.00393994
67	0.589385	0.0285429	0.0017976	0.00197558	0.00703922	0.105628	0.00146253	0.0265882	0.00190324	0.0089009	0.00550409	0.00129658	0.0097213	0.00583261	0.00215394	0.0678511	0.0220773	0.108521	0.000574577	0.00324465
68	0.297966	0.0644842	0.00279275	0.00300188	0.00162193	0.00333816	0.00204972	0.00296888	0.00230935	0.0418013	0.00237228	0.00181307	0.412172	0.0027619	0.00701661	0.0676131	0.0452993	0.0356128	0.000936182	0.00206935
69	0.329825	0.0415437	0.0167762	0.0257664	0.0106856	0.0697922	0.00184159	0.0214027	0.00380667	0.0506661	0.0069278	0.0163955	0.00133963	0.00599586	0.00322745	0.177888	0.168603	0.0371209	0.00059671	0.00979955
70	0.0852227	0.0275534	0.0351582	0.0114855	0.233103	0.0340198	0.0481254	0.00721952	0.0162563	0.0991903	0.0105663	0.0279379	0.00208984	0.0128216	0.0173365	0.0784303	0.0407915	0.0126998	0.0224339	0.177558
71	0.311868	0.0429249	0.0192479	0.0192912	0.015366	0.0762849	0.00212269	0.0224433	0.00221574	0.0510217	0.00585944	0.0177724	0.00145532	0.00646714	0.00267869	0.174581	0.173077	0.0440944	0.000731202	0.0104972
72	0.0778631	0.0188397	0.0736419	0.0671752	0.00679209	0.511449	0.00707449	0.00959489	0.0170853	0.0259433	0.00796998	0.0188847	0.0114155	0.0202313	0.0137738	0.0614575	0.0272714	0.0190836	0.00207437	0.002379
73	0.018972	0.00212265	0.000774834	0.00126353	0.0361511	0.000953847	0.00218666	0.430042	0.0011721	0.209732	0.0383726	0.000520957	0.00127991	0.000924801	0.00242977	0.00146806	0.015198	0.229145	0.0032002	0.00408948
74	0.217371	0.0362446	0.0107332	0.0200381	0.00471926	0.0117265	0.00860643	0.0128061	0.013581	0.0325138	0.00380523	0.00472775	0.350446	0.0102207	0.026088	0.0834697	0.0930966	0.0506365	0.00231349	0.006856
75	0.0532605	0.00555408	0.00287525	0.00661459	0.0116619	0.00815286	0.00226173	0.100701	0.00682674	0.523565	0.027059	0.00211806	0.0249509	0.0095906	0.0161894	0.00761894	0.0109263	0.172355	0.00422577	0.00349259
76	0.135158	0.00818549	0.0251163	0.0342528	0.0104906	0.055412	0.0405147	0.0233366	0.022968	0.0489773	0.010313	0.0144291	0.10108	0.0225435	0.051476	0.135373	0.151757	0.089897	0.00445793	0.0142612
77	0.143602	0.00881306	0.149396	0.0165032	0.00942052	0.088642	0.0900066	0.012817	0.0114952	0.0216183	0.0348658	0.0120361	0.0354289	0.0882962	0.042143	0.0987258	0.0489285	0.0499552	0.00350638	0.0338002
78	0.0648478	0.00899254	0.0864298	0.0414246	0.00471761	0.588584	0.00254279	0.00738524	0.00727914	0.0423596	0.011415	0.00922586	0.00648341	0.0232282	0.00802503	0.0413945	0.0207742	0.0203017	0.00210548	0.00248309
79	0.0753483	0.0120358	0.0110192	0.0161438	0.0048343	0.0224246	0.0082372	0.00982173	0.010986	0.0431544	0.00861848	0.0107392	0.0710147	0.0116582	0.0131045	0.218375	0.425223	0.0194715	0.0024286	0.00536175
80	0.0323048	0.0131551	0.00332757	0.0016714	0.0489196	0.00771423	0.00214909	0.122594	0.00550409	0.603493	0.0351625	0.00215838	0.00367882	0.00253313	0.00372812	0.00533959	0.0112606	0.0824991	0.00217102	0.0106364
81	0.0354312	0.0100471	0.000360997	0.00335288	0.0128947	0.0015301	0.000324609	0.304667	0.00189603	0.0751586	0.013416	0.000310113	0.000246506	0.000516362	0.00117216	0.00154065	0.00870144	0.52546	0.00096245	0.00201028
82	0.0242592	0.00500528	0.00116419	0.00187902	0.0476954	0.00111038	0.00414345	0.38654	0.001891	0.223763	0.0330827	0.000898298	0.00138044	0.00195152	0.00443209	0.0024523	0.0135155	0.228985	0.0057769	0.0100744
83	0.0470139	0.00824218	0.00931491	0.00956246	0.11319	0.0180947	0.0323907	0.0298331	0.00886876	0.177683	0.115378	0.0334177	0.00473039	0.0628025	0.01269	0.0382796	0.0666603	0.0380063	0.00336885	0.170472
84	0.148229	0.017296	0.0333235	0.0312832	0.0277762	0.105643	0.0621853	0.025154	0.0193997	0.0381736	0.0693706	0.0640293	0.0137527	0.0226704	0.0271958	0.0980906	0.0977484	0.0727524	0.00469136	0.0212345
85	0.25839	0.0344218	0.0488005	0.0567319	0.00987601	0.129982	0.004054	0.0177203	0.00948489	0.0357383	0.00683443	0.0245362	0.0110205	0.0108591	0.00386252	0.175902	0.114522	0.0398495	0.000670947	0.00674409
86	0.134545	0.0253237	0.00528746	0.00203327	0.0144042	0.030078	0.00139386	0.129374	0.0145071	0.139882	0.0412931	0.00277821	0.0188858	0.00409436	0.0114352	0.0616569	0.0636289	0.292691	0.00129684	0.00541145
87	0.070435	0.00267275	0.198373	0.261301	0.000839221	0.0459444	0.0289876	0.00310046	0.0684239	0.00843933	0.00111531	0.0555539	0.0129139	0.0920016	0.0316626	0.0544561	0.0479795	0.0145755	0.000350162	0.000875127
88	0.063268	0.0313709	0.0115565	0.0606131	0.00659303	0.0113738	0.00763759	0.0582573	0.042316	0.0764676	0.0921553	0.0102408	0.00685969	0.0205719	0.0420316	0.0265226	0.353606	0.0660094	0.00395314	0.00859603
89	0.0921354	0.00776047	0.0740495	0.097376	0.00375018	0.0163549	0.0165719	0.00656723	0.129895	0.0352682	0.0254932	0.0229817	0.262521	0.0473304	0.0371518	0.0678051	0.021231	0.0305671	0.00173751	0.00345141
90	0.304418	0.0657476	0.00321775	0.00211697	0.00716863	0.00991812	0.00169413	0.0578205	0.00202048	0.0308193	0.00303354	0.00225207	0.00155765	0.00303357	0.00274944	0.0280053	0.0524995	0.419037	0.000573887	0.0023161
91	0.628982	0.00632512	0.00197726	0.00246392	0.00460541	0.10967	0.00146148	0.0122526	0.00138787	0.00946416	0.00817881	0.00191396	0.0131468	0.00742168	0.00185143	0.0997478	0.0293079	0.0540052	0.000602235	0.00523396
92	0.0364443	0.00915549	0.000340104	0.00323967	0.0132606	0.00131548	0.000379898	0.313671	0.00225176	0.0821612	0.0150476	0.000263433	0.000232236	0.00062313	0.00119975	0.00140265	0.0091368	0.50644	0.00101021	0.00242404
93	0.0361368	0.00908396	0.000340672	0.00330167	0.0130397	0.00131091	0.000434708	0.313147	0.00227522	0.0823505	0.0152743	0.000291923	0.00024749	0.000701041	0.00122443	0.00151014	0.00953978	0.506272	0.0010156	0.00250259
94	0.0284216	0.00402056	0.0547127	0.0429806	0.0162739	0.00589937	0.00469369	0.0915605	0.0163971	0.0502173	0.0304951	0.00435203	0.0026415	0.0174579	0.0294881	0.0698511	0.211415	0.302446	0.0135552	0.00311983
95	0.316025	0.0420888	0.0167588	0.0191031	0.0119973	0.0770993	0.00168672	0.0226257	0.00180963	0.0515099	0.0055694	0.0161317	0.00126147	0.00609589	0.00196705	0.179745	0.17703	0.0401666	0.000518445	0.0108103
96	0.0666699	0.0287225	0.0622332	0.0981874	0.00229268	0.0125488	0.00299223	0.00343051	0.0962936	0.0213178	0.00476807	0.0418905	0.130509	0.0996881	0.0543202	0.17728	0.0776829	0.0160008	0.000945895	0.00222589
97	0.0352272	0.00792865	0.000571466	0.00303578	0.0153587	0.00186251	0.000679495	0.292862	0.00233494	0.179752	0.0194105	0.000401556	0.00220065	0.00114199	0.00253999	0.00176125	0.00945308	0.419313	0.00149216	0.00267294
98	0.15498	0.0183662	0.13912	0.136309	0.0133057	0.227972	0.0055262	0.0224488	0.0318237	0.0230151	0.00774312	0.035602	0.00475242	0.0250678	0.00445127	0.0896141	0.032919	0.0240299	0.000899338	0.002054
99	0.0567952	0.00356507	0.213065	0.122457	0.00291374	0.0575963	0.0209285	0.00437678	0.0158363	0.00703109	0.00320182	0.139876	0.0026457	0.00866182	0.0439005	0.0822423	0.203895	0.00730913	0.00118091	0.00252208
100	0.224953	0.00235559	0.0142879	0.0302445	0.00110415	0.0642042	0.00589598	0.00588044	0.00145684	0.0105302	0.00137019	0.0436718	0.121189	0.0173891	0.011906	0.373549	0.0463854	0.0174657	0.000514638	0.00564612
101	0.157166	0.00466649	0.0262216	0.0663128	0.0107634	0.0216222	0.0335143	0.0419151	0.0385439	0.0220984	0.00533171	0.00650241	0.162175	0.0347934	0.0563352	0.0608483	0.110348	0.116749	0.00703188	0.0170605
102	0.29188	0.0730464	0.0087165	0.0101583	0.00603382	0.0468611	0.00244826	0.0111314	0.00837161	0.0324549	0.00417038	0.00781886	0.00760181	0.00442379	0.00332712	0.28645	0.105429	0.0829969	0.000777078	0.00590291
103	0.0239708	0.00216932	0.00071127	0.00127622	0.028881	0.00101463	0.00276318	0.422705	0.00188302	0.215165	0.0406721	0.000578355	0.00146447	0.00132203	0.00283854	0.00179861	0.0179569	0.225804	0.00279393	0.00423131
104	0.0164228	0.000906552	0.000848735	0.000879102	0.0416954	0.000899859	0.00246688	0.445681	0.000802209	0.238428	0.041137	0.000560648	0.00150558	0.00085099	0.00257903	0.00148093	0.0162778	0.178177	0.00379921	0.00460123
105	0.0493092	0.00858889	0.000767449	0.003226	0.0157426	0.00522856	0.00158354	0.321313	0.00386252	0.126616	0.0216042	0.00177481	0.00260345	0.00178058	0.00271866	0.0122136	0.022999	0.393693	0.00123219	0.00314177
106	0.0336081	0.00901368	0.000343553	0.00355651	0.0132923	0.00130734	0.000333821	0.309304	0.00188805	0.0756005	0.0139024	0.000270539	0.000239861	0.00047192	0.00113453	0.00139633	0.00844713	0.522893	0.000997443	0.00199877
107	0.0470506	0.00711799	0.0301088	0.0221141	0.00466473	0.670915	0.0181738	0.00415934	0.0193843	0.0203731	0.00588093	0.019313	0.00875732	0.0145256	0.0264147	0.0443055	0.0180767	0.0121038	0.00210302	0.00445736
108	0.0708026	0.00256	0.20293	0.263154	0.000839779	0.0468562	0.0271948	0.00324534	0.0736473	0.00818973	0.00166886	0.0523618	0.029084	0.0850643	0.0285639	0.0509827	0.0353745	0.0163608	0.000293127	0.000826279
109	0.021966	0.0117046	0.0101662	0.00265334	0.0971418	0.00861088	0.00478646	0.0929516	0.00439839	0.607255	0.0360009	0.00599885	0.00236206	0.0049669	0.00710453	0.00567146	0.0101802	0.0406651	0.0044768	0.0209391
110	0.094341	0.0251982	0.0444392	0.0206466	0.206814	0.0368944	0.0752263	0.0135317	0.0262244	0.0812248	0.0148364	0.038552	0.00151173	0.0259579	0.0368497	0.0736364	0.0402826	0.0216356	0.0158662	0.10633
111	0.0389972	0.00209743	0.0364029	0.0222056	0.00812327	0.491486	0.0685048	0.00235993	0.0641989	0.00885151	0.00521264	0.0742767	0.00725215	0.0206244	0.0802969	0.0391789	0.0147597	0.00437247	0.000600863	0.0101977
112	0.0861216	0.0253354	0.00896434	0.0287643	0.00480029	0.00990182	0.0470214	0.0314894	0.0881078	0.106775	0.0122784	0.00542566	0.0234129	0.156396	0.187542	0.0138674	0.0719148	0.0211259	0.0613798	0.00937695
113	0.0126643	0.0041427	0.0281934	0.0392513	0.00385176	0.00825011	0.0328322	0.00423828	0.236324	0.0126757	0.00162593	0.0682367	0.00367752	0.0525254	0.300985	0.0513482	0.100244	0.0253025	0.00513612	0.00849484
114	0.0339645	0.00910024	0.000336123	0.00352418	0.0132339	0.00130437	0.000319731	0.30859	0.00190628	0.0754974	0.0137772	0.000271368	0.000231734	0.000469309	0.00111795	0.00139968	0.00842745	0.523495	0.0009979	0.00203527
115	0.0641472	0.0171868	0.00307549	0.00174064	0.0320063	0.0149246	0.00111663	0.11559	0.00632615	0.488758	0.0369696	0.00233116	0.00873344	0.00254584	0.00458169	0.0185641	0.027037	0.14671	0.00106783	0.00658793
116	0.0334921	0.00780747	0.000419243	0.00300279	0.0177538	0.00122464	0.00079096	0.33629	0.00245383	0.105986	0.0199888	0.00034113	0.000413376	0.000827622	0.00156339	0.00152477	0.0114051	0.450157	0.00140625	0.00315244
117	0.0388477	0.00426995	0.000689066	0.00239209	0.0208291	0.00149737	0.00161412	0.352175	0.00258108	0.208851	0.0266112	0.000664803	0.00365255	0.00165785	0.00319418	0.00248401	0.0153338	0.306614	0.00224505	0.00379614
118	0.035642	0.0092258	0.000328277	0.00325865	0.0132473	0.00133	0.000338836	0.31242	0.00210866	0.0803554	0.0145375	0.000256567	0.000228728	0.000554284	0.00114372	0.0013813	0.00884999	0.511493	0.00102358	0.00227686
119	0.0202151	0.0119375	0.00597519	0.00225217	0.0851277	0.00755349	0.00382634	0.0843513	0.00287744	0.665262	0.0259845	0.00408523	0.00222881	0.00289635	0.0055101	0.00295781	0.00700811	0.0396187	0.00439856	0.0159331
120	0.0929218	0.0197634	0.05986	0.0838926	0.00203408	0.0235099	0.00652347	0.0045959	0.0657055	0.0243243	0.0054132	0.0396151	0.128758	0.073154	0.0381162	0.185895	0.125	0.0167599	0.00115003	0.00300799
121	0.132151	0.00978912	0.036777	0.0386436	0.00935016	0.0461609	0.0232643	0.0296395	0.0139266	0.0223769	0.00813111	0.134548	0.0527446	0.022651	0.0208196	0.273009	0.0795767	0.0328885	0.0026629	0.0108888
122	0.179075	0.00180449	0.0252136	0.0597091	0.011384	0.0205029	0.0267175	0.0368633	0.0419209	0.0152604	0.00160013	0.00142412	0.174405	0.0193211	0.0461314	0.0521976	0.10694	0.153771	0.00646943	0.0192897
123	0.0476868	0.0117819	0.0178749	0.0404892	0.0493531	0.0176083	0.0675592	0.0350599	0.0202393	0.0611965	0.0140436	0.13226	0.00619798	0.0605162	0.0551533	0.0807139	0.151262	0.0827503	0.00365471	0.0445992
124	0.653006	0.00415454	0.00125792	0.00141956	0.00432796	0.110819	0.00107575	0.011531	0.00120133	0.00790617	0.00692653	0.000898719	0.0133947	0.00776702	0.00161264	0.0966597	0.0226142	0.0490267	0.000458846	0.00394168
125	0.12517	0.0280124	0.00412847	0.00498861	0.0160178	0.0151249	0.0029506	0.18925	0.0087837	0.0987553	0.0218275	0.00412501	0.0079854	0.0050883	0.00838081	0.03556	0.0425172	0.372373	0.00229097	0.00666992
126	0.0131642	0.00502921	0.0382072	0.0581271	0.00380015	0.0040855	0.0274267	0.00432532	0.224599	0.0141985	0.00112723	0.0548115	0.00367313	0.0589518	0.333847	0.0433984	0.0695056	0.0261684	0.006354	0.00920072
127	0.100262	0.017174	0.0141223	0.0420776	0.0664426	0.0308525	0.115561	0.0437777	0.0405813	0.138676	0.0344968	0.049692	0.00255096	0.075313	0.0657053	0.0558919	0.013545	0.0418302	0.00307585	0.048372
128	0.0385414	0.00193584	0.0368551	0.022776	0.0076662	0.49457	0.0680355	0.00218199	0.0655009	0.0087054	0.00504766	0.0720747	0.00676118	0.0203545	0.0802974	0.0394486	0.0145052	0.0040163	0.000579093	0.0101467
129	0.0195562	0.00453262	0.0171785	0.00777917	0.0493308	0.0501408	0.0370125	0.0187397	0.0635656	0.287579	0.0438509	0.00361383	0.00264095	0.0454384	0.193935	0.00841167	0.0308172	0.0388783	0.00274365	0.0742555
130	0.0383873	0.00551448	0.603073	0.0281585	0.00344091	0.0200479	0.0455529	0.0140503	0.0180789	0.0110069	0.00409682	0.0306068	0.00703616	0.0274319	0.0295372	0.0611024	0.0359194	0.011464	0.0015198	0.00397414
131	0.152382	0.0287029	0.00450803	0.00237203	0.015826	0.0274373	0.00160416	0.119439	0.0115684	0.141203	0.0337349	0.00279665	0.0140483	0.0039222	0.00902442	0.0853882	0.0662171	0.27089	0.00137295	0.00756104
132	0.0942322	0.0109546	0.122434	0.0620521	0.00602234	0.0476967	0.0269549	0.0150983	0.0438245	0.0280485	0.00708535	0.0171829	0.0127257	0.035084	0.37341	0.033892	0.0302131	0.022787	0.00317051	0.00713202
133	0.201048	0.0419467	0.0661249	0.0550445	0.0314275	0.0324953	0.0494318	0.0273013	0.0380962	0.0656889	0.00703027	0.0217268	0.00273895	0.0443855	0.113787	0.0768629	0.0250741	0.05792	0.0105771	0.0312929
134	0.0161635	0.0115756	0.00764039	0.00309012	0.122583	0.00591792	0.00612385	0.11077	0.00280916	0.59564	0.0230947	0.00420111	0.00166647	0.00403502	0.00752833	0.00426862	0.0067998	0.0380986	0.00638372	0.0216099
135	0.374332	0.0153423	0.00407985	0.005349	0.00305078	0.17513	0.0758642	0.00461497	0.0402924	0.00749306	0.0157237	0.00308033	0.00283835	0.0159593	0.0404922	0.112258	0.0441433	0.00869071	0.00143353	0.0498328
136	0.0385163	0.00193976	0.0368428	0.0227132	0.00768143	0.494693	0.0681072	0.00218521	0.0654098	0.00869504	0.0050611	0.0720995	0.00676157	0.0203455	0.0802913	0.0394285	0.0144806	0.00401808	0.000580001	0.0101503
137	0.12749	0.0270026	0.0037435	0.00207951	0.0150701	0.0266223	0.00129348	0.140946	0.0154926	0.147134	0.0349521	0.00282219	0.0171396	0.00451882	0.0113408	0.0525704	0.0628458	0.300503	0.00130139	0.00513094
138	0.0128292	0.00478706	0.0370232	0.0564375	0.00379133	0.00408646	0.0272515	0.0042112	0.22575	0.0143326	0.00112446	0.0549696	0.00374992	0.0587813	0.335444	0.0436421	0.0701166	0.0260421	0.00629013	0.00933964
139	0.0164228	0.000906552	0.000848735	0.000879102	0.0416954	0.000899859	0.00246688	0.445681	0.000802209	0.238428	0.041137	0.000560648	0.00150558	0.00085099	0.00257903	0.00148093	0.0162778	0.178177	0.00379921	0.00460123
140	0.340141	0.147103	0.00640554	0.00643925	0.0206208	0.143558	0.00445692	0.0539245	0.00637374	0.0137596	0.00505397	0.00392915	0.00420447	0.00674904	0.00672434	0.0387696	0.0219541	0.163625	0.00224283	0.00396514
141	0.354371	0.0743327	0.00262221	0.00236823	0.00726155	0.0133597	0.00156268	0.0468429	0.0022321	0.023656	0.00214134	0.00212804	0.00156431	0.00246948	0.00270344	0.0319896	0.0569232	0.368812	0.000649059	0.0020103
142	0.0349249	0.00922422	0.00032476	0.00333862	0.0132214	0.00131765	0.000320215	0.310486	0.00199539	0.0781925	0.014053	0.000261889	0.000225839	0.000511408	0.001127	0.00140164	0.00865787	0.517209	0.00103734	0.00216975
143	0.0556537	0.00750649	0.0527301	0.0333291	0.0218844	0.496388	0.0397763	0.00690785	0.0368378	0.0171183	0.00670016	0.0538886	0.00791894	0.0189394	0.0459341	0.053123	0.0198642	0.0125641	0.00163102	0.0113041
144	0.0686199	0.0280447	0.0647512	0.103376	0.00225258	0.0132592	0.00330654	0.00343234	0.097544	0.0214334	0.00489638	0.0408531	0.135516	0.100984	0.0555745	0.177804	0.058569	0.0165581	0.00095998	0.00226503
145	0.153492	0.00546061	0.00713925	0.0400552	0.00431661	0.124268	0.00496648	0.0247094	0.233368	0.0124432	0.00527725	0.0042135	0.0207568	0.0969727	0.0601131	0.104721	0.028401	0.0629272	0.00257247	0.00382577
146	0.205826	0.0342079	0.0144484	0.0197023	0.0131893	0.0330784	0.0083192	0.0561282	0.0139768	0.0836556	0.0200714	0.0108696	0.0174393	0.0134475	0.0173169	0.0815333	0.189053	0.154555	0.00333136	0.00985152
147	0.523261	0.00558202	0.0072212	0.0878219	0.00169768	0.0158447	0.00146152	0.0102234	0.0779132	0.0148642	0.0045042	0.00502989	0.00435217	0.0121114	0.0437056	0.102386	0.0502022	0.0172891	0.00514157	0.00938705
148	0.174801	0.00109975	0.115968	0.214406	0.000748487	0.0326503	0.0126726	0.00137443	0.14569	0.0153124	0.00592791	0.0280727	0.000980952	0.0913554	0.0927866	0.0331904	0.0152024	0.0114048	0.00303747	0.00332012
149	0.54152	0.00544723	0.00521726	0.0866892	0.00135266	0.0117715	0.00114491	0.00856128	0.0719118	0.0150088	0.00461019	0.00500085	0.00449451	0.0124642	0.0456728	0.0958829	0.0535765	0.0181067	0.00348132	0.00808585
150	0.0211342	0.00351938	0.00123034	0.00118946	0.0438641	0.00173529	0.00282684	0.364078	0.00159135	0.324717	0.03696	0.000713217	0.00177659	0.00141499	0.00343589	0.00181312	0.0131513	0.163827	0.00418231	0.00683956
151	0.0579567	0.00536731	0.0335773	0.0234243	0.0388436	0.349437	0.0894663	0.00879012	0.0568234	0.0259778	0.0149916	0.0783733	0.00520844	0.032421	0.0775971	0.0422011	0.0174656	0.0138231	0.00162809	0.026627
152	0.0164228	0.000906552	0.000848735	0.000879102	0.0416954	0.000899859	0.00246688	0.445681	0.000802209	0.238428	0.041137	0.000560648	0.00150558	0.00085099	0.00257903	0.00148093	0.0162778	0.178177	0.00379921	0.00460123
153	0.0598271	0.0115375	0.00884323	0.0337989	0.010612	0.00521131	0.00896495	0.151833	0.0649127	0.102516	0.0213664	0.0556113	0.00209129	0.0679932	0.105677	0.0331963	0.098538	0.135138	0.00125581	0.0210758
154	0.297477	0.0648168	0.00276456	0.00297988	0.00161916	0.0033474	0.00205728	0.0029447	0.00225416	0.0414043	0.00236954	0.00175381	0.412946	0.00276004	0.00704225	0.0675803	0.0450274	0.0358086	0.000957477	0.00208967
155	0.213515	0.019481	0.127841	0.163603	0.0306485	0.0698741	0.0132994	0.0158957	0.0342267	0.0274701	0.00906936	0.0248459	0.013102	0.0234837	0.0239862	0.0872045	0.0601128	0.0303309	0.00344726	0.00856349
156	0.0261657	0.0232498	0.0107371	0.00768096	0.145943	0.00400374	0.0245198	0.0977968	0.00362373	0.431181	0.0125783	0.00586353	0.00120854	0.0126598	0.0244787	0.0104321	0.00681919	0.0814802	0.0191465	0.0504314
157	0.0407677	0.0130688	0.00368176	0.00538741	0.00578761	0.00406837	0.00289013	0.266328	0.0294468	0.129674	0.0744544	0.00193203	0.00208416	0.0181937	0.00572674	0.00634418	0.0289515	0.339427	0.00191499	0.0198711
158	0.0123214	0.0042728	0.0360916	0.0521824	0.00389962	0.00396346	0.0266699	0.00403407	0.227914	0.0140393	0.000972039	0.0555049	0.00390501	0.057916	0.338678	0.0443416	0.0717249	0.0253456	0.00636798	0.00985547
159	0.0352154	0.00925551	0.000329142	0.00331991	0.0132439	0.00131399	0.000332943	0.310509	0.00203376	0.0784831	0.0141557	0.000260098	0.000233858	0.000532863	0.00113763	0.00137092	0.00864398	0.516377	0.00104385	0.00220724
160	0.0211914	0.0162374	0.00770527	0.00299002	0.104446	0.00892379	0.00670332	0.0698903	0.00271614	0.631246	0.0217856	0.00522796	0.00171318	0.00459896	0.00879957	0.00443094	0.00779393	0.0421119	0.00748073	0.0240078
161	0.021419	0.0202624	0.00900307	0.00628019	0.129718	0.00367156	0.020214	0.142896	0.00301085	0.422917	0.015893	0.00463882	0.00122998	0.00997883	0.0193669	0.00826384	0.00752943	0.0916759	0.0187039	0.0433277
162	0.136836	0.0417174	0.00550116	0.00695666	0.0488557	0.0168363	0.00842337	0.138952	0.0105328	0.130188	0.0301898	0.00414743	0.0205736	0.00521351	0.0103377	0.0368068	0.0420012	0.272675	0.00734573	0.0259104
163	0.0506744	0.0614301	0.0672697	0.0651121	0.00678724	0.0538153	0.0207345	0.0144378	0.088411	0.0461306	0.00673553	0.0159093	0.0110822	0.0668997	0.263072	0.0501496	0.0509945	0.0493877	0.00383804	0.00712912
164	0.226281	0.00240538	0.0142279	0.0300504	0.00113548	0.0644318	0.00583767	0.00599008	0.00148879	0.0104788	0.00141341	0.0434271	0.120608	0.0174307	0.0118174	0.3729	0.0461867	0.0177208	0.00051483	0.00565412
165	0.178154	0.00179264	0.025884	0.0603765	0.0114461	0.0201996	0.0267151	0.0373158	0.0415388	0.0151295	0.00156066	0.00146296	0.175033	0.0192878	0.0452389	0.0520464	0.106494	0.154339	0.00658791	0.0193969
166	0.129211	0.0268149	0.00373433	0.00208884	0.0151965	0.026719	0.0013874	0.140857	0.0145182	0.144706	0.0344161	0.00283793	0.0163531	0.00462334	0.0112128	0.0514161	0.064136	0.303398	0.00123413	0.00513895
167	0.0844967	0.0301118	0.0241519	0.0187686	0.110054	0.0302594	0.026518	0.0238699	0.0156178	0.0794202	0.0220393	0.0224872	0.0103649	0.0197415	0.017723	0.104704	0.0500247	0.0542061	0.0157264	0.239714
168	0.0739549	0.0165501	0.123014	0.22909	0.00293487	0.0251339	0.0441706	0.00586122	0.0736041	0.0249373	0.00609325	0.0362893	0.00735537	0.0930646	0.122689	0.0361925	0.0303848	0.0447792	0.00146418	0.00243715
169	0.0865226	0.00669951	0.0314899	0.0116621	0.0072618	0.0113679	0.0612227	0.0975036	0.00791478	0.0165095	0.00824449	0.16703	0.00545856	0.0105324	0.0104875	0.187827	0.22138	0.0407216	0.00318814	0.00697611
170	0.169795	0.00125835	0.11673	0.210331	0.000940285	0.0344065	0.0132681	0.00158804	0.145367	0.0164318	0.00644499	0.0291429	0.00149469	0.0897165	0.0927551	0.0342266	0.0176634	0.0120241	0.00285826	0.00355646
171	0.136123	0.050775	0.00803731	0.0109037	0.0632637	0.0113794	0.0124288	0.134461	0.0091649	0.11308	0.0289901	0.00521394	0.0151477	0.00657616	0.0108802	0.0230002	0.0302274	0.285669	0.0102761	0.0344023
172	0.0280181	0.00390387	0.638481	0.00723511	0.00296895	0.010303	0.0732687	0.0163912	0.0155998	0.00755735	0.00409461	0.0268289	0.00297687	0.0289121	0.0316279	0.0539767	0.0340369	0.00903507	0.00134139	0.00344265
173	0.110319	0.070425	0.00509316	0.0158585	0.0766155	0.0124303	0.0207666	0.130669	0.0114751	0.0816227	0.0228598	0.00422166	0.00836555	0.00520372	0.00951076	0.0144931	0.0243679	0.251321	0.0202236	0.104158
174	0.0383448	0.00904046	0.000359566	0.00326943	0.0130328	0.00126619	0.000469197	0.315865	0.0025945	0.0856644	0.0162867	0.000270917	0.000247814	0.000830373	0.00137016	0.00154906	0.00984269	0.49595	0.000971476	0.00277526
175	0.132841	0.0445578	0.00567654	0.00786608	0.0502721	0.0166994	0.00940434	0.133273	0.0104646	0.121045	0.0325397	0.00463983	0.0138825	0.00560169	0.0108821	0.0321848	0.0412639	0.289392	0.00935353	0.0281612
176	0.0394263	0.0221856	0.0103599	0.00848685	0.128789	0.00842831	0.0201748	0.0953748	0.00634745	0.389382	0.0205448	0.00840515	0.0032827	0.0220381	0.0225389	0.0143296	0.0151233	0.10908	0.014194	0.0415091
177	0.31557	0.0422269	0.0167009	0.0191489	0.0120489	0.0766337	0.00167642	0.0227483	0.001842	0.0517942	0.00556378	0.0161126	0.0012479	0.00611806	0.0019551	0.179476	0.177396	0.0403389	0.000506719	0.0108949
178	0.33675	0.025394	0.0133296	0.0207921	0.00658317	0.0785076	0.00427952	0.0141184	0.00421747	0.0289181	0.00472787	0.0197738	0.0382477	0.00969094	0.0068654	0.237241	0.104714	0.0375665	0.0005661	0.00771631
179	0.224999	0.00237089	0.0143245	0.0303241	0.0011127	0.0642116	0.00589096	0.00590244	0.00147462	0.0106018	0.00136488	0.0436117	0.121365	0.0174021	0.0119026	0.37318	0.0463623	0.0174538	0.00051439	0.00563057
180	0.188661	0.0238913	0.0457626	0.0355657	0.0174377	0.0229383	0.0235158	0.0344851	0.0545574	0.067182	0.0121968	0.0145449	0.0290524	0.0251359	0.063512	0.118488	0.0651187	0.114663	0.00594361	0.0373488
181	0.307149	0.0441406	0.0168094	0.0193947	0.0116267	0.0806963	0.00213946	0.0248809	0.00245758	0.0507302	0.00599182	0.017513	0.00173649	0.00762325	0.00234955	0.177367	0.177529	0.0389011	0.000592714	0.0103713
182	0.374843	0.0559125	0.00403567	0.00335881	0.0140988	0.0243441	0.00202672	0.0417888	0.00273398	0.0232607	0.00418849	0.00252185	0.00330261	0.00373466	0.00363161	0.0396176	0.0519449	0.340799	0.000727216	0.00312909
183	0.0122665	0.00429341	0.0359994	0.0525067	0.00389755	0.00397131	0.0267646	0.00403803	0.228007	0.0140032	0.000928771	0.0556963	0.00384248	0.0579234	0.338103	0.0443512	0.0719737	0.025336	0.00631674	0.00978062
184	0.0995768	0.0197043	0.0519069	0.0246093	0.169478	0.0496379	0.0973595	0.0156852	0.0274678	0.0538572	0.0152027	0.0763838	0.00341055	0.0317164	0.0488667	0.0621838	0.0398358	0.0300924	0.0090345	0.0739907
185	0.0213277	0.0201579	0.0131449	0.00547947	0.138988	0.00782072	0.0124457	0.0567627	0.00282056	0.55121	0.0212908	0.0099706	0.00176039	0.00770454	0.0176494	0.00712069	0.0118673	0.0410115	0.0143303	0.0371367
186	0.110939	0.0448506	0.00643988	0.0105079	0.0901805	0.00648245	0.0208227	0.143247	0.00997142	0.155013	0.0291188	0.0067521	0.00858026	0.00961179	0.0190944	0.0154893	0.0141156	0.237474	0.0153309	0.045978
187	0.116842	0.0679709	0.00558702	0.0136804	0.0780166	0.0116633	0.0209651	0.131116	0.0101567	0.0846775	0.0227858	0.00438506	0.00932892	0.00553108	0.00966501	0.0161565	0.0278516	0.256892	0.016877	0.0898512
188	0.259582	0.111759	0.00495071	0.0056497	0.00365578	0.0182097	0.00424897	0.00568565	0.0188247	0.0159453	0.00430967	0.00374395	0.018218	0.00560796	0.00656834	0.343815	0.0497114	0.11418	0.00132983	0.00400481
189	0.0393265	0.00506479	0.00160096	0.00242452	0.025685	0.00538494	0.00245422	0.292224	0.00343223	0.357346	0.0375091	0.00125419	0.0110717	0.00301307	0.00646525	0.00754521	0.0179656	0.173449	0.002893	0.00388988
190	0.0702152	0.0123575	0.0554249	0.0380896	0.00570255	0.565624	0.00749054	0.00857257	0.0108092	0.0267929	0.00874941	0.0135477	0.0126253	0.016194	0.0127747	0.0757225	0.0282394	0.0251557	0.0023833	0.00352876
191	0.0751509	0.00903763	0.0483148	0.115659	0.00447084	0.0158492	0.0163151	0.0072146	0.131311	0.0445691	0.026192	0.0340056	0.180374	0.0554585	0.101641	0.0585418	0.0266242	0.0445552	0.00155274	0.00316194
192	0.069369	0.0153868	0.00711139	0.0553151	0.004652	0.0163472	0.0135404	0.121569	0.0798406	0.0846217	0.0485589	0.0178284	0.011155	0.104838	0.0496312	0.0433967	0.0871156	0.158899	0.00234928	0.00847578
