210	20
1	0.0933094	0.00125709	0.0600406	0.180272	0.00358228	0.0052836	0.0045363	0.0321018	0.0849303	0.070705	0.00491363	0.0285938	0.00340613	0.110316	0.0496065	0.0986645	0.0285459	0.0622074	0.00152324	0.0762044
2	0.200421	0.0126517	0.00219883	0.00241152	0.0070722	0.00291331	0.00168928	0.206224	0.00246581	0.00319245	0.0215841	0.0171123	0.00767023	0.00307118	0.00190281	0.0192208	0.00813765	0.478341	0.000547149	0.00117295
3	0.0795922	0.000746876	0.00299243	0.014168	0.00408623	0.0190699	0.00252702	0.0436692	0.00328383	0.0161984	0.0140988	0.00388038	0.00155904	0.00415395	0.0141724	0.158644	0.608796	0.00329173	0.00101125	0.00405847
4	0.0214678	0.00099308	0.0288973	0.00456992	0.0021233	0.118328	0.070647	0.0026073	0.0167135	0.00356601	0.0163818	0.0659711	0.00211712	0.0663547	0.0335768	0.277314	0.261946	0.0038402	0.000858395	0.001726
5	0.0109623	0.00162769	0.00668284	0.0125808	0.16015	0.00492715	0.105184	0.00555623	0.0091486	0.00839362	0.00473911	0.00708343	0.00457323	0.0164822	0.00699854	0.0100437	0.00966402	0.0397731	0.00707057	0.56836
6	0.0218398	0.157466	0.0109993	0.0145105	0.00709986	0.0103884	0.0132566	0.00740989	0.0125367	0.012838	0.0104454	0.403086	0.0051338	0.0160517	0.0108164	0.0736969	0.141238	0.0628275	0.00336222	0.00499717
7	0.034195	0.012334	0.0438078	0.0336936	0.0196741	0.0282137	0.0367116	0.0124494	0.0283184	0.0210585	0.013946	0.520581	0.0166667	0.0381304	0.0202698	0.0430327	0.035682	0.022834	0.00436845	0.0140331
8	0.00239755	0.000336499	0.001315	0.0107222	0.275182	0.00108334	0.0362881	0.000794649	0.00168833	0.00146203	0.00104816	0.00235485	0.000845853	0.00322209	0.00122121	0.00189431	0.00181373	0.0138513	0.00956194	0.632917
9	0.0107986	0.00221184	0.00829923	0.0169429	0.229623	0.00601728	0.0382503	0.00721611	0.00809212	0.0118972	0.00546439	0.0112225	0.00254653	0.0116794	0.00627153	0.0116183	0.00696544	0.021055	0.0123432	0.571485
10	0.0630397	0.00507314	0.106924	0.281913	0.0146382	0.0365932	0.018588	0.016312	0.0624081	0.0276428	0.0177179	0.0389816	0.0270631	0.0752017	0.0403457	0.0594601	0.047042	0.0317679	0.0128783	0.0164089
11	0.00493717	0.00460571	0.00278352	0.00315851	0.691505	0.00180376	0.00270323	0.0398983	0.00326478	0.112582	0.0154918	0.00600044	0.0012361	0.00346831	0.00183792	0.00356251	0.00391223	0.0331309	0.00192545	0.0621927
12	0.0433168	0.00364074	0.0170777	0.015679	0.0049551	0.141506	0.0269975	0.0129295	0.0136607	0.0117482	0.0116453	0.0317103	0.00737936	0.0292079	0.0200684	0.22045	0.374285	0.00828057	0.00151681	0.00394561
13	0.0302568	0.00120885	0.00468221	0.00505953	0.048153	0.020933	0.0234983	0.0492274	0.0083019	0.205576	0.0449628	0.00519284	0.0225873	0.011794	0.0076677	0.0733593	0.297686	0.118646	0.00123327	0.0199736
14	0.078971	0.000440587	0.364323	0.00901274	0.00143884	0.219356	0.00975736	0.0014148	0.00538947	0.00260204	0.00185727	0.0683176	0.00626891	0.0399218	0.0100103	0.140906	0.0357514	0.00263203	0.000617208	0.00101196
15	0.0747547	0.00494478	0.0430096	0.0694153	0.0149203	0.019178	0.0221484	0.0216636	0.180615	0.0417313	0.0230828	0.0334046	0.0114386	0.157794	0.0613071	0.0520359	0.0301107	0.0380697	0.0082608	0.0921157
16	0.131503	0.000643567	0.102743	0.144633	0.00257677	0.139992	0.0132898	0.00187243	0.00890405	0.00316937	0.00260698	0.0401266	0.0144588	0.0367188	0.0255004	0.235882	0.0904387	0.00281846	0.000775246	0.00134749
17	0.164285	0.000415145	0.310613	0.0185281	0.00171766	0.130233	0.00619561	0.00444467	0.0197563	0.00285827	0.00210118	0.0585859	0.00889166	0.0615479	0.0100715	0.124339	0.0589063	0.0146533	0.000687649	0.0011686
18	0.192079	0.0136722	0.0043671	0.00318105	0.01605	0.0038453	0.00577293	0.164122	0.00346341	0.0181414	0.0211797	0.014673	0.0224075	0.00442203	0.00625992	0.0167889	0.00972205	0.477995	0.000743998	0.00111411
19	0.202652	0.00184785	0.00744754	0.00916921	0.112835	0.0322007	0.00546746	0.00375858	0.116054	0.00663899	0.00539023	0.0075394	0.00411114	0.0368713	0.00663595	0.218188	0.0369877	0.122103	0.0347333	0.0293696
20	0.0751492	0.000250071	0.200212	0.190243	0.00774455	0.00203699	0.028183	0.000906395	0.109468	0.0149534	0.00778966	0.0349221	0.00101528	0.0365244	0.140871	0.0857471	0.0424644	0.00186741	0.00726414	0.012387
21	0.0429805	0.000958849	0.1963	0.0171218	0.00355084	0.0765524	0.0058968	0.004019	0.00897142	0.00635498	0.00441612	0.12654	0.330807	0.0134684	0.00627311	0.131097	0.0133269	0.00655623	0.0014933	0.00331493
22	0.0283395	0.00234958	0.0173717	0.0230175	0.0131563	0.0143532	0.0124177	0.0118889	0.019532	0.0193632	0.0152395	0.0213367	0.00739285	0.0220934	0.0194865	0.0237011	0.0215029	0.0177572	0.678733	0.0109678
23	0.0207653	0.000400246	0.0020835	0.037946	0.00101963	0.00181965	0.00825947	0.00115652	0.103401	0.00212542	0.00151517	0.0314122	0.00107809	0.0776493	0.0665793	0.221763	0.417499	0.00206444	0.000497573	0.000965184
24	0.00181159	0.000222261	0.000930131	0.00114188	0.00496083	0.000798919	0.000725704	0.583784	0.00100271	0.157902	0.0192762	0.00106576	0.000982081	0.0011944	0.000920075	0.00141059	0.00130525	0.219827	0.000272042	0.000466988
25	0.0268773	0.0005259	0.0252242	0.157798	0.00138565	0.0101228	0.00187943	0.001292	0.119133	0.01844	0.00165034	0.0104365	0.000923603	0.00304849	0.141695	0.179611	0.231863	0.0665737	0.000576127	0.000943908
26	0.00200804	0.00023196	0.00102739	0.00117725	0.00598756	0.000945753	0.000802939	0.585463	0.00106418	0.141694	0.0182008	0.00119886	0.000922767	0.00129622	0.00105353	0.00152858	0.00143406	0.233031	0.000346992	0.000585969
27	0.0532454	0.00054259	0.288968	0.235906	0.0132877	0.126862	0.00365473	0.00204329	0.00509601	0.00370472	0.00246889	0.0244133	0.00550827	0.0122068	0.00565861	0.131642	0.0789469	0.00335768	0.000902421	0.0015856
28	0.0943269	0.00149537	0.0437635	0.0279574	0.00512081	0.54983	0.0119591	0.00776643	0.0166566	0.0132712	0.00795885	0.0332351	0.0197822	0.0259539	0.0134331	0.0704009	0.0310932	0.0133965	0.00742706	0.00517166
29	0.0368825	0.00155956	0.0617896	0.0798895	0.00913287	0.00734487	0.0549432	0.00568176	0.034035	0.461057	0.187703	0.00854726	0.00336572	0.0089438	0.0073676	0.00953255	0.0088017	0.00837966	0.00182534	0.00321773
30	0.18094	0.0854057	0.00524153	0.00650698	0.0074855	0.0077604	0.00490083	0.187586	0.00684822	0.00963015	0.0153622	0.0153985	0.00761387	0.00793337	0.00422868	0.0156606	0.0104294	0.416869	0.00134227	0.00285665
31	0.0771063	0.000369926	0.104498	0.182682	0.00122124	0.0830356	0.0305563	0.00134313	0.176084	0.018249	0.00212437	0.0857873	0.00128275	0.121283	0.0549908	0.0404379	0.00622094	0.010985	0.000629127	0.00111233
32	0.0480439	0.000558211	0.0104565	0.0466584	0.00163513	0.0043514	0.0423777	0.00164844	0.395533	0.00438854	0.0122794	0.163213	0.00197512	0.0494184	0.141451	0.0313018	0.039344	0.00276026	0.000788191	0.00181837
33	0.123994	0.00060778	0.0280493	0.0713616	0.00151128	0.0438037	0.00339354	0.00432078	0.0183761	0.029029	0.00802791	0.00710142	0.439189	0.0293887	0.00816621	0.0707026	0.101143	0.00950122	0.000802066	0.00153054
34	0.0327169	0.000674109	0.00455761	0.00410541	0.108523	0.113108	0.00273318	0.058686	0.0892784	0.09599	0.131504	0.00464447	0.00190948	0.163442	0.130999	0.0050506	0.00493799	0.0442984	0.00101233	0.00182958
35	0.00616851	0.000609586	0.00493252	0.00509565	0.145605	0.000875338	0.00503805	0.263984	0.00115872	0.313933	0.0406187	0.00121093	0.000649075	0.00138598	0.00109876	0.00148978	0.00368013	0.119738	0.00895425	0.0737748
36	0.0907589	0.000532144	0.423704	0.0171319	0.00191082	0.145801	0.00573658	0.00121838	0.00633415	0.00215234	0.00158875	0.060304	0.0111272	0.0310875	0.00593127	0.14133	0.0497954	0.00222035	0.000506641	0.00082847
37	0.00677475	0.000608576	0.00471794	0.00482945	0.14396	0.000821971	0.00581385	0.263674	0.00147924	0.312426	0.0425161	0.00124634	0.000641724	0.00181892	0.00153884	0.00151545	0.00421376	0.122125	0.00853851	0.0707402
38	0.0653583	0.000548575	0.539319	0.23492	0.00132965	0.0117854	0.0201819	0.0016988	0.00605169	0.00312733	0.00173652	0.0161565	0.00227011	0.044746	0.00210859	0.0187983	0.00839811	0.00553194	0.0111513	0.00478162
39	0.108096	0.000497874	0.487776	0.213435	0.00132322	0.00537656	0.00811971	0.00151054	0.00293298	0.0025204	0.00177996	0.00587327	0.00134814	0.0983527	0.00240377	0.0161118	0.0173391	0.0110754	0.00437936	0.00974765
40	0.00613554	0.00061312	0.00482617	0.00501176	0.1445	0.000838964	0.00498485	0.267807	0.00112723	0.312439	0.0404848	0.00120649	0.000637427	0.00137674	0.00106284	0.00147688	0.00350911	0.121589	0.00892549	0.0714469
41	0.0281866	0.00283586	0.00222756	0.00216303	0.0443607	0.0022786	0.0124361	0.154449	0.0160226	0.394425	0.135273	0.00222579	0.00617896	0.0340887	0.0116969	0.0133989	0.0368192	0.0840392	0.000543148	0.0163511
42	0.1574	0.000474552	0.0626431	0.0646388	0.00112689	0.0740797	0.00305476	0.00116005	0.0198633	0.0105379	0.00284004	0.00847736	0.358756	0.0316754	0.0144053	0.123978	0.0612917	0.00211206	0.000540474	0.00094465
43	0.0339813	0.00407502	0.00255027	0.00234757	0.0235326	0.00258871	0.00829144	0.14448	0.0112355	0.402696	0.147531	0.00245711	0.0101951	0.0438167	0.00814012	0.0211246	0.03041	0.0817339	0.000543535	0.0182698
44	0.0221276	0.00135606	0.043935	0.328955	0.0170627	0.00783121	0.0193748	0.0122304	0.0149095	0.0154467	0.0315874	0.0121617	0.00570877	0.362269	0.0246218	0.0135854	0.0178597	0.00929776	0.0213203	0.0183589
45	0.0677373	0.00118238	0.351307	0.314655	0.00302893	0.00750842	0.00793168	0.00363727	0.0077819	0.00591791	0.00388527	0.011402	0.00418027	0.134671	0.00542453	0.015992	0.0333722	0.00970729	0.00325725	0.00742073
46	0.0484217	0.00240154	0.0248433	0.050216	0.00851446	0.0180859	0.0194465	0.0212851	0.162154	0.0300596	0.0205474	0.040063	0.0114443	0.0457127	0.314241	0.0530958	0.0664728	0.0417028	0.0123359	0.00895628
47	0.0485052	0.000413146	0.013861	0.0074511	0.0112054	0.00228287	0.018479	0.242905	0.00341918	0.114404	0.0140333	0.0286565	0.0029129	0.0215018	0.0105206	0.0162265	0.110798	0.330504	0.000797026	0.00112324
48	0.029651	0.00253635	0.0234867	0.0432577	0.0901772	0.0137104	0.102233	0.0112065	0.0246985	0.0207346	0.0114623	0.0330729	0.0112675	0.107431	0.0149957	0.0321219	0.0209846	0.0270954	0.0102577	0.369619
49	0.0523742	0.00436339	0.0331952	0.0387805	0.0128738	0.0279773	0.0196702	0.0190983	0.0713198	0.131078	0.0449382	0.126931	0.0137728	0.04875	0.212997	0.0431116	0.0459188	0.0350612	0.00674867	0.0110399
50	0.012969	0.00126183	0.00804795	0.00847642	0.226844	0.00544593	0.0880467	0.0105338	0.00816074	0.24743	0.323367	0.00807365	0.00373489	0.00855262	0.00581496	0.00984174	0.0104094	0.0068226	0.00156615	0.00459999
51	0.0498054	0.003522	0.0275753	0.0487209	0.00954074	0.0194028	0.0200357	0.0206776	0.150013	0.0258868	0.0178098	0.0439866	0.0157657	0.0455517	0.327503	0.05861	0.0673465	0.0337302	0.00467104	0.00984595
52	0.0655222	0.168722	0.0254218	0.0400693	0.0406315	0.0237245	0.0236513	0.0392367	0.0294329	0.047375	0.0318529	0.118955	0.0154605	0.0366117	0.0244954	0.0801862	0.084633	0.0716809	0.0143673	0.0179704
53	0.095042	0.0110878	0.0153442	0.0175209	0.0202177	0.0172325	0.0159425	0.159581	0.022705	0.0668359	0.0280752	0.0250369	0.0106314	0.0251021	0.0270637	0.0329181	0.0472699	0.345708	0.00795609	0.00872908
54	0.0671026	0.00404558	0.109084	0.287643	0.0148626	0.0283716	0.0192336	0.0168788	0.0508519	0.0297258	0.0172112	0.0413989	0.0299322	0.0827475	0.0381862	0.0522918	0.0468595	0.0306726	0.010614	0.022287
55	0.722705	0.00038212	0.00243631	0.00531885	0.00114051	0.119076	0.00171635	0.0018732	0.00257735	0.00261179	0.00472778	0.00286491	0.00127085	0.00470836	0.00209155	0.0761362	0.028495	0.0182633	0.000537139	0.0010673
56	0.0297644	0.00265593	0.0181438	0.0264743	0.0167126	0.0150344	0.0131951	0.0120568	0.0171528	0.018633	0.0149371	0.0245937	0.00789063	0.0241344	0.0185596	0.0236029	0.0229795	0.0183906	0.660145	0.014943
57	0.45588	0.000712994	0.00710114	0.00660055	0.00482722	0.0367255	0.00407669	0.00297417	0.00730485	0.00720589	0.00452976	0.00795939	0.0100432	0.00673787	0.0062646	0.342775	0.0463135	0.0354759	0.00147084	0.00502009
58	0.022122	0.00195095	0.00299024	0.0030625	0.0266834	0.00366718	0.00414933	0.16392	0.00553223	0.390822	0.25476	0.00289229	0.0104875	0.0088171	0.00460397	0.00514148	0.0100695	0.066351	0.0011666	0.010811
59	0.172303	0.0129674	0.00406573	0.00272442	0.00800547	0.00270581	0.00267192	0.201446	0.00221705	0.0124959	0.0207914	0.020779	0.00717502	0.00544744	0.00274252	0.0179387	0.0163955	0.485429	0.000542186	0.00115688
60	0.00187575	0.000254777	0.000921629	0.00111876	0.0054227	0.000850444	0.000746317	0.586217	0.00101778	0.147251	0.0187587	0.00111116	0.0010068	0.00116791	0.00097653	0.001463	0.00138692	0.227614	0.000293095	0.000545334
61	0.0934283	0.00100464	0.0516	0.048214	0.00501412	0.0329946	0.0129736	0.00721924	0.032234	0.0267594	0.0149332	0.028347	0.445701	0.0269309	0.0130147	0.0887769	0.0450808	0.0165677	0.0044108	0.00479477
62	0.0316417	0.00327981	0.0191831	0.025629	0.01662	0.0134872	0.0117673	0.0117357	0.0186382	0.0214249	0.0138927	0.0251825	0.00709982	0.0222176	0.01782	0.0237278	0.0219128	0.0191486	0.659633	0.0159585
63	0.033276	0.000369596	0.0240494	0.0111423	0.0137496	0.00210118	0.00876181	0.238099	0.00318546	0.096248	0.0236996	0.0402713	0.00234025	0.0321686	0.00502089	0.0258198	0.0796118	0.358253	0.000727506	0.00110485
64	0.096554	0.00147655	0.0482709	0.028331	0.00991526	0.532121	0.00957941	0.00732314	0.0175032	0.0147268	0.00945868	0.0354457	0.0232274	0.0256726	0.0125128	0.0668087	0.0349032	0.0138028	0.00745294	0.00491444
65	0.00730339	0.000637957	0.00493415	0.00493962	0.142183	0.000939382	0.00580417	0.269106	0.00162993	0.298685	0.0403413	0.00182311	0.000912344	0.00239716	0.00204251	0.00197673	0.00470281	0.133022	0.00826857	0.0683513
66	0.0966243	0.000853169	0.0173291	0.100294	0.0022656	0.0171416	0.00421659	0.00314142	0.0138102	0.0126741	0.00315845	0.0074062	0.452505	0.0451812	0.00859616	0.182551	0.0234969	0.00537451	0.0013155	0.0020649
67	0.020811	0.00223595	0.00226648	0.00224097	0.0147664	0.00152126	0.00282948	0.131648	0.00375197	0.447348	0.290618	0.00201855	0.00342537	0.00620654	0.00241058	0.00427499	0.005514	0.0502943	0.000652449	0.00516565
68	0.357078	0.000633526	0.00375754	0.00528609	0.00210146	0.0637925	0.0289184	0.00222865	0.0767457	0.00391123	0.00334208	0.0560079	0.0017131	0.0043538	0.0945451	0.257849	0.00487216	0.0036778	0.000796378	0.0283901
69	0.110141	0.000232054	0.185139	0.177247	0.00513978	0.00281428	0.0236684	0.000877231	0.135649	0.0124088	0.00538944	0.0299738	0.000860012	0.0394583	0.127502	0.0817253	0.0439624	0.00268018	0.00464864	0.010484
70	0.00649263	0.000609034	0.00481028	0.00490159	0.142961	0.000818683	0.0051638	0.268842	0.00113362	0.309195	0.0407176	0.00144751	0.000821729	0.00161219	0.00142902	0.00163752	0.00397605	0.125694	0.00855127	0.0691858
71	0.00183454	0.000223543	0.000934937	0.00115403	0.00515878	0.00080178	0.00072917	0.583249	0.00100441	0.158225	0.0193457	0.00106423	0.000981742	0.00119614	0.000920538	0.00141169	0.00130124	0.21958	0.000290457	0.000592913
72	0.169846	0.000306305	0.0580327	0.0925295	0.0010478	0.0124756	0.0156054	0.00108	0.302146	0.00401617	0.00232191	0.0459615	0.00102733	0.067504	0.127564	0.0553903	0.0315907	0.00874594	0.000531017	0.00227732
73	0.130374	0.000770273	0.0565971	0.00605661	0.0157966	0.00372823	0.00291115	0.0153697	0.192563	0.0881487	0.0656989	0.00471948	0.00191907	0.159062	0.143019	0.0319171	0.0052086	0.0304912	0.0141091	0.0315391
74	0.318279	0.015379	0.00590368	0.004375	0.0526634	0.00538552	0.0177931	0.0241628	0.00397723	0.0857665	0.0204321	0.0039311	0.00586425	0.00490575	0.00713482	0.0078272	0.0050866	0.408671	0.000868548	0.00159337
75	0.0791214	0.000405545	0.102534	0.179131	0.00120833	0.0827426	0.0296244	0.00135426	0.17711	0.0174305	0.0020609	0.0842575	0.00127643	0.123981	0.0560803	0.0418973	0.00724875	0.0107619	0.000620918	0.00115286
76	0.0644953	0.00522113	0.0123941	0.00995897	0.0280448	0.0108783	0.0203397	0.178769	0.0114492	0.131121	0.0327295	0.0117482	0.0861446	0.0199602	0.0226045	0.0228196	0.0458057	0.275976	0.00229735	0.00724334
77	0.00885369	0.000711619	0.020398	0.00549402	0.00250711	0.00375175	0.00305556	0.00304354	0.0827309	0.247582	0.0197316	0.14717	0.00270468	0.133778	0.00484861	0.021747	0.284422	0.00431645	0.00123461	0.00191919
78	0.142435	0.000713833	0.051229	0.0268778	0.00205311	0.116038	0.00303671	0.00220695	0.00641371	0.00348945	0.0155823	0.0199931	0.125397	0.00983974	0.00461254	0.428021	0.035552	0.00374845	0.000927943	0.00183278
79	0.0712957	0.000423475	0.0679706	0.0647996	0.00118351	0.0477619	0.0460459	0.00139409	0.208537	0.00440949	0.00204058	0.114412	0.00124725	0.0871296	0.090792	0.148229	0.0301754	0.00554873	0.000663283	0.00594095
80	0.626626	0.000553463	0.0111976	0.00588201	0.00382867	0.0800105	0.0030379	0.00472458	0.00744302	0.00517832	0.00468386	0.0100628	0.00204376	0.0138227	0.00361533	0.129195	0.033678	0.0510655	0.00114331	0.00220767
81	0.0245678	0.000335722	0.00269097	0.0283382	0.000908316	0.00231426	0.0086883	0.0105458	0.25577	0.0106376	0.00573967	0.016926	0.00111797	0.0202775	0.468862	0.0407428	0.0776575	0.0181511	0.00447219	0.00125657
82	0.00239755	0.000336499	0.001315	0.0107222	0.275182	0.00108334	0.0362881	0.000794649	0.00168833	0.00146203	0.00104816	0.00235485	0.000845853	0.00322209	0.00122121	0.00189431	0.00181373	0.0138513	0.00956194	0.632917
83	0.00226444	0.000219768	0.00102299	0.00121422	0.00640909	0.000812391	0.000943255	0.57844	0.00101046	0.159206	0.0193607	0.00114915	0.0010731	0.00125456	0.000990368	0.00144815	0.00197978	0.219731	0.000334632	0.00113575
84	0.0811737	0.00161106	0.0199049	0.192335	0.00398258	0.00491039	0.00553603	0.0334544	0.0988534	0.0474486	0.00487886	0.01633	0.00295305	0.121312	0.157117	0.0781928	0.0157728	0.064841	0.00158851	0.0478046
85	0.0065718	0.00359487	0.00310645	0.00351012	0.627051	0.00221488	0.00984844	0.0443595	0.00397257	0.123921	0.0558581	0.00575549	0.00167013	0.005483	0.00314592	0.00495844	0.00635857	0.0317541	0.00191536	0.0549505
86	0.0132411	0.00164801	0.00651527	0.0804506	0.00349493	0.00625171	0.0304545	0.13908	0.0341737	0.0585015	0.00605005	0.00722071	0.00370723	0.161011	0.00669694	0.0103055	0.338979	0.0875628	0.00166638	0.00298891
87	0.101564	0.00378319	0.0137167	0.0128971	0.00681722	0.0572612	0.00762768	0.0112254	0.00612503	0.0109261	0.00871839	0.0175178	0.0250126	0.0102269	0.00929951	0.396477	0.287141	0.00639057	0.00155408	0.00571787
88	0.0658511	0.000992638	0.00868853	0.00518136	0.0356433	0.00362108	0.0374768	0.183764	0.00846694	0.180842	0.0361553	0.0115743	0.00844902	0.0276114	0.0407699	0.0143298	0.0623264	0.261739	0.000807427	0.00571025
89	0.00621826	0.000606383	0.00534022	0.00540638	0.145489	0.000944836	0.00502381	0.265093	0.00127643	0.314095	0.0414158	0.00125077	0.000712315	0.00153352	0.00112974	0.00153254	0.00387768	0.117147	0.00875329	0.0731535
90	0.0380726	0.000593601	0.317947	0.152897	0.00200729	0.0181139	0.0326429	0.0163534	0.0368783	0.019837	0.0028215	0.107865	0.133667	0.0643252	0.00301632	0.0259255	0.020925	0.00377595	0.000941416	0.00139299
91	0.00357654	0.000382146	0.00542493	0.0141223	0.270964	0.00129052	0.0368772	0.0014191	0.00255601	0.00330514	0.00141855	0.0192245	0.00126039	0.00397754	0.00160241	0.00457221	0.00296779	0.0150025	0.0262564	0.5838
92	0.0940788	0.00276914	0.0545109	0.0462473	0.00529824	0.0354361	0.0123683	0.0070643	0.0314728	0.0263864	0.0136207	0.0228776	0.445533	0.0305446	0.0151212	0.0925609	0.0416239	0.0143246	0.00414558	0.0040159
93	0.0150636	0.00168504	0.0107038	0.019406	0.217329	0.00644158	0.0411794	0.00861545	0.00979811	0.0150769	0.00578732	0.0159566	0.00359633	0.0163309	0.00796093	0.0151348	0.00927222	0.0210397	0.00938354	0.550239
94	0.0339352	0.000522909	0.00545105	0.00395845	0.00431043	0.0136021	0.0357963	0.0664592	0.0316542	0.0380647	0.0180998	0.00555332	0.00305328	0.0284147	0.0762263	0.0266455	0.101683	0.498762	0.000853454	0.00695399
95	0.0608893	0.00540571	0.0987083	0.289315	0.0159976	0.0303286	0.0201648	0.0171268	0.0542132	0.0269689	0.0207195	0.0377637	0.0311194	0.0797188	0.0422478	0.0544919	0.0504501	0.0308663	0.0143014	0.0192029
96	0.692775	0.000402968	0.00282538	0.00492016	0.0010357	0.147512	0.00168854	0.00174748	0.0025881	0.00240069	0.00408613	0.00332713	0.00127863	0.00450819	0.00226643	0.0826577	0.0235582	0.0187342	0.000491793	0.00119588
97	0.0360792	0.00205171	0.0110617	0.0125839	0.0414916	0.00736694	0.011291	0.205315	0.0113401	0.275758	0.073184	0.0107396	0.00843976	0.0261311	0.0156026	0.015848	0.035178	0.178097	0.00336914	0.0190718
98	0.0273017	0.00178541	0.011223	0.0297152	0.00660449	0.00983486	0.0106029	0.0104017	0.0755221	0.0137519	0.00994957	0.0185359	0.00525495	0.0220947	0.36971	0.061584	0.288415	0.019838	0.00361531	0.00425938
99	0.019971	0.00201455	0.00135314	0.00165434	0.00622919	0.00121249	0.00124912	0.132983	0.00193985	0.453734	0.310067	0.00159085	0.00128274	0.00373734	0.00154305	0.00309256	0.00317067	0.0496049	0.000392702	0.00317794
100	0.110924	0.000507889	0.482556	0.210484	0.00140553	0.00681659	0.0089157	0.00149827	0.00469533	0.00293065	0.00212892	0.00702547	0.00187961	0.0941045	0.00450601	0.0179014	0.0178999	0.0104178	0.00451513	0.00888828
101	0.0641267	0.0031843	0.10211	0.292969	0.0136322	0.0342166	0.019398	0.0146543	0.0544	0.0298494	0.0190715	0.0458103	0.0317208	0.0659915	0.0396782	0.0610272	0.0478353	0.0322572	0.0147954	0.0132719
102	0.444582	0.00239447	0.0210239	0.0277105	0.0102824	0.142948	0.0109011	0.0125991	0.0201004	0.0222413	0.0709649	0.0194429	0.014718	0.0277613	0.0183668	0.0623972	0.029075	0.0306	0.00393799	0.00795251
103	0.0382554	0.00113003	0.00561018	0.00757989	0.0039793	0.00648298	0.00458582	0.00454542	0.00750314	0.175958	0.35158	0.0578175	0.00339559	0.0789497	0.0842142	0.0321949	0.0784566	0.0533451	0.00168643	0.00273026
104	0.00856484	0.00951176	0.0272489	0.00521864	0.00994588	0.00406709	0.0543237	0.0028519	0.00521344	0.00515634	0.00324848	0.807132	0.0021657	0.0216168	0.00494833	0.00738343	0.0102883	0.00769396	0.00127318	0.00214733
105	0.0362086	0.00108939	0.309292	0.120338	0.00343704	0.0204067	0.00951564	0.00489521	0.0220355	0.0083507	0.00392087	0.0462746	0.241439	0.0187777	0.00536515	0.123772	0.0145397	0.00588286	0.00163897	0.0028204
106	0.0319258	0.00324646	0.0148343	0.0186541	0.0532151	0.0104744	0.0122329	0.137295	0.0184633	0.336614	0.117691	0.0165402	0.013617	0.0299653	0.0189064	0.0191751	0.0371887	0.0864099	0.0051869	0.0183634
107	0.547486	0.000482725	0.00289815	0.00364449	0.00261226	0.0311287	0.00248913	0.0022233	0.00374226	0.00408198	0.00291505	0.00354654	0.00170366	0.00433634	0.00298975	0.238348	0.0737955	0.0680108	0.000974497	0.00259054
108	0.00761902	0.000965711	0.00454374	0.00462114	0.16457	0.00159309	0.00643317	0.236973	0.00416888	0.337434	0.0778733	0.0022886	0.00129749	0.00503331	0.00284407	0.0034544	0.0135817	0.0779706	0.00531858	0.0414163
109	0.0200377	0.00203729	0.00135487	0.00164102	0.00715536	0.0012077	0.00133415	0.131856	0.00218914	0.454207	0.306932	0.00152854	0.00140374	0.00446091	0.00162767	0.00320368	0.00363304	0.0503528	0.000404195	0.00343272
110	0.566752	0.000437909	0.00273255	0.00341794	0.00205837	0.0360975	0.00223622	0.00213253	0.00394431	0.00334538	0.00291067	0.00339226	0.0015144	0.00422267	0.00281461	0.221267	0.0653462	0.0726524	0.000999154	0.0017253
111	0.0151125	0.000518537	0.00304219	0.00331844	0.020509	0.0063011	0.00628012	0.0412171	0.0105767	0.132575	0.0392154	0.0036663	0.00590639	0.0122377	0.00936309	0.0374263	0.423792	0.22356	0.000702933	0.00467883
112	0.0937127	0.00194269	0.0463034	0.0226202	0.0069795	0.537363	0.0116242	0.00595138	0.0194104	0.011948	0.0101045	0.036194	0.0266722	0.0247534	0.0116431	0.0814268	0.032826	0.0125051	0.00169591	0.00432327
113	0.0201952	0.00207398	0.00135558	0.00159111	0.0064673	0.00121899	0.00126535	0.131869	0.00202657	0.453925	0.308963	0.00155024	0.0013527	0.00406207	0.00157662	0.00314194	0.003319	0.0503412	0.000388465	0.00331749
114	0.00422903	0.000514953	0.00298049	0.01552	0.265115	0.0022595	0.0355648	0.0016812	0.00286496	0.00316348	0.00158322	0.00448486	0.00119187	0.00449357	0.00274681	0.00390569	0.00345361	0.0154905	0.0125026	0.616254
115	0.0851858	0.00134726	0.172573	0.0514721	0.00634625	0.294041	0.0172219	0.00597892	0.0290855	0.0132993	0.00874857	0.0475994	0.0200818	0.0843326	0.0173637	0.0833801	0.037595	0.0153355	0.00330014	0.00571239
116	0.0757577	0.000488446	0.0304104	0.0779891	0.00116062	0.0129473	0.046656	0.00122719	0.366576	0.00499881	0.00658965	0.0965267	0.00109962	0.0587785	0.135205	0.0491371	0.0277383	0.00445549	0.000590016	0.00166857
117	0.134317	0.000791371	0.0349669	0.124206	0.00223798	0.0243894	0.00358195	0.0166611	0.0202314	0.0372894	0.0338825	0.0207419	0.14568	0.0377229	0.00350356	0.0551695	0.253734	0.0485812	0.000799008	0.00151197
118	0.0226992	0.00180955	0.0014972	0.00170403	0.00576687	0.00129462	0.00129391	0.122658	0.00270222	0.43316	0.331204	0.00196769	0.0115662	0.00373304	0.00180094	0.0031968	0.00313689	0.0454372	0.000485786	0.00288554
119	0.126185	0.000548235	0.0174514	0.0482487	0.00173367	0.0313566	0.00239789	0.00349531	0.0218386	0.0423778	0.00450631	0.00455742	0.509692	0.0300071	0.00809333	0.0687956	0.0705662	0.00617956	0.000770369	0.00119951
120	0.112905	0.00197379	0.0093814	0.0123092	0.00505543	0.0755215	0.0071035	0.00607501	0.249701	0.0115323	0.00912877	0.225756	0.125185	0.0445515	0.0567106	0.0141701	0.0131329	0.0130398	0.00233539	0.0044317
121	0.179505	0.0038528	0.0596817	0.0796158	0.012337	0.0495537	0.0192937	0.0160179	0.0714439	0.0314692	0.0231678	0.0394313	0.0362463	0.175112	0.048847	0.0597202	0.0406031	0.0326255	0.00763498	0.0138414
122	0.0175674	0.00164892	0.0979823	0.0144015	0.0370272	0.0083133	0.0629414	0.00437502	0.0103354	0.00868799	0.00598872	0.592226	0.00477034	0.0707456	0.00967304	0.0204176	0.0125628	0.00829934	0.00237831	0.00965794
123	0.0895645	0.00372444	0.0453745	0.0237246	0.00513492	0.570343	0.00914602	0.00695001	0.0156904	0.011741	0.00762243	0.0378454	0.0158376	0.0217292	0.0127453	0.0705526	0.0290019	0.0167156	0.00239889	0.00415787
124	0.476433	0.00220318	0.02764	0.0253094	0.00719354	0.0724089	0.0111853	0.0148646	0.0307599	0.0195124	0.0169294	0.0217014	0.0318035	0.0281471	0.0207688	0.103514	0.0401898	0.0404874	0.00316083	0.00578753
125	0.131266	0.00120264	0.0369902	0.0402131	0.00502951	0.0283377	0.00703074	0.00692507	0.0316268	0.0240291	0.0142887	0.0161417	0.452555	0.0238398	0.0200883	0.0944278	0.0450674	0.0151702	0.00234976	0.00342036
126	0.00181159	0.000222261	0.000930131	0.00114188	0.00496083	0.000798919	0.000725704	0.583784	0.00100271	0.157902	0.0192762	0.00106576	0.000982081	0.0011944	0.000920075	0.00141059	0.00130525	0.219827	0.000272042	0.000466988
127	0.0566927	0.00382119	0.028418	0.0510529	0.0110731	0.021065	0.0177563	0.0222987	0.148933	0.0232854	0.0184938	0.0387948	0.00933342	0.049223	0.321509	0.0537732	0.0660734	0.038157	0.0112176	0.00902874
128	0.024681	0.00603696	0.00213934	0.00209482	0.0321743	0.00167482	0.00444355	0.15732	0.00647336	0.433696	0.176463	0.00180378	0.00444779	0.019507	0.00436223	0.00956385	0.01586	0.0747273	0.00136956	0.0211621
129	0.157671	0.00992805	0.00500972	0.0034091	0.0121484	0.002492	0.00384303	0.202711	0.00243475	0.0185405	0.0264271	0.0176567	0.00653981	0.00714632	0.0036456	0.0171274	0.0218004	0.479882	0.000572128	0.00101483
130	0.0498695	0.000445818	0.0136399	0.007206	0.0112072	0.0024803	0.0171407	0.233068	0.00378536	0.117151	0.0147448	0.0267027	0.00293579	0.021533	0.0107958	0.0163888	0.109896	0.339152	0.000827917	0.00102916
131	0.0978495	0.00221543	0.049243	0.0418973	0.00477829	0.0323591	0.00916746	0.00774675	0.0284116	0.0273704	0.0168637	0.0263898	0.452027	0.0282055	0.0132727	0.0951103	0.0422486	0.0180977	0.00187346	0.00487295
132	0.0296518	0.0024062	0.017607	0.0264627	0.0171067	0.0151384	0.0135865	0.0123995	0.0189703	0.0197595	0.0175105	0.0240805	0.00776363	0.0240442	0.0185029	0.0218988	0.0229084	0.018722	0.656206	0.0152745
133	0.0705511	0.00630134	0.0318381	0.037751	0.16847	0.0363073	0.0215126	0.0241976	0.180209	0.0515054	0.0338387	0.0384399	0.0173042	0.0485422	0.0406361	0.0592224	0.0391847	0.0459024	0.0115576	0.0367285
134	0.0101138	0.00130846	0.00724882	0.0165594	0.235004	0.00409365	0.040989	0.0091233	0.00763695	0.0130767	0.00505961	0.0101939	0.00208687	0.0105332	0.00863338	0.00768086	0.00877599	0.0214176	0.0110161	0.569448
135	0.114124	0.00395199	0.0466709	0.0289542	0.00915068	0.518661	0.0128286	0.00820907	0.0178498	0.0158122	0.0100078	0.032814	0.019364	0.022916	0.0150254	0.0666496	0.0299294	0.0171903	0.00489695	0.00499466
136	0.00615119	0.00198085	0.0200285	0.00458188	0.602394	0.00253936	0.012208	0.00227194	0.00325738	0.0229425	0.00633746	0.0907194	0.00174818	0.00422669	0.00213314	0.0134961	0.00387182	0.00869417	0.00962446	0.180793
137	0.0546224	0.00292737	0.025582	0.0556572	0.0107834	0.0187579	0.01948	0.011057	0.221949	0.0267934	0.0149492	0.0467463	0.0101085	0.0506262	0.117511	0.0865244	0.17353	0.0404666	0.00572611	0.00620232
138	0.0636393	0.000740523	0.0258696	0.00691005	0.00271153	0.612058	0.00405535	0.00314236	0.00540414	0.00596879	0.00425564	0.0538882	0.0172079	0.0091828	0.00529245	0.15222	0.0190925	0.00526076	0.000962816	0.00213752
139	0.310324	0.00858766	0.0158362	0.0177824	0.00932971	0.145505	0.0099787	0.128706	0.0148812	0.0660902	0.012528	0.0178226	0.00813108	0.0212841	0.010821	0.0254578	0.0194227	0.148763	0.00364055	0.00510749
140	0.0714179	0.00437171	0.0400423	0.0659652	0.0135606	0.0234901	0.0253811	0.0164596	0.255218	0.0270304	0.0210618	0.0579265	0.0190924	0.0549527	0.130099	0.0585679	0.0577684	0.0333879	0.00651259	0.0176945
141	0.584685	0.000671023	0.0037765	0.00362927	0.00370759	0.0447832	0.00317933	0.00213955	0.0061929	0.00525923	0.00350787	0.00552157	0.00185127	0.00571011	0.00580568	0.228983	0.0426732	0.0430084	0.00113051	0.00378464
142	0.00190598	0.00025926	0.000956132	0.00119977	0.00702344	0.00079838	0.000780046	0.57956	0.00100873	0.160278	0.0196863	0.00107385	0.000955539	0.00121275	0.000911317	0.00142013	0.0013671	0.217793	0.000400229	0.00141123
143	0.0287517	0.00237671	0.0355279	0.0143628	0.00757158	0.0103384	0.0127561	0.100909	0.0117518	0.0481364	0.0381127	0.0445935	0.00900257	0.0443818	0.0135605	0.0717898	0.190048	0.310422	0.00177712	0.00382976
144	0.0440693	0.000302222	0.00616015	0.0410186	0.00105821	0.00343089	0.0242264	0.00649717	0.315928	0.0108417	0.00482531	0.0382559	0.000955071	0.0215449	0.355649	0.0552345	0.0556422	0.0110249	0.00232359	0.00101223
145	0.00986821	0.000650249	0.00459953	0.00443043	0.117331	0.00155062	0.00556543	0.321115	0.00232696	0.256945	0.0511682	0.0025475	0.00152538	0.00437208	0.00292975	0.00388779	0.00723106	0.148635	0.00591986	0.0474009
146	0.024333	0.000552116	0.0247005	0.154819	0.0013902	0.00939039	0.00186627	0.00132311	0.114183	0.017087	0.00169825	0.00980212	0.000962765	0.00304251	0.154811	0.179361	0.235612	0.0635917	0.000561602	0.000912763
147	0.0101265	0.0224453	0.00583844	0.00633839	0.625564	0.00503065	0.00397043	0.00347905	0.00675086	0.173582	0.00930251	0.00766214	0.00260537	0.00705418	0.00541335	0.00853324	0.00706357	0.061959	0.00131233	0.0259688
148	0.0154234	0.000465327	0.00335706	0.00298473	0.0116323	0.00385553	0.0039109	0.0338085	0.0137817	0.121557	0.0364861	0.00386424	0.00320364	0.0154398	0.01272	0.0309798	0.406002	0.277543	0.00058489	0.00240097
149	0.0941758	0.000380225	0.249302	0.199923	0.00471291	0.00213217	0.0281618	0.0011556	0.110562	0.0102619	0.00552841	0.0213189	0.00112086	0.024113	0.12332	0.0731047	0.035781	0.00231844	0.00422646	0.00840043
150	0.0484581	0.000641854	0.00393138	0.15298	0.00217767	0.00316396	0.00280867	0.00231421	0.0195547	0.00432852	0.17165	0.00413471	0.0154698	0.437292	0.113772	0.00577901	0.00485341	0.00411569	0.000790914	0.0017834
151	0.0984431	0.00321506	0.0338504	0.0505174	0.00681517	0.0346211	0.0094148	0.0108038	0.0209796	0.0337805	0.012585	0.016391	0.395288	0.0302914	0.0113665	0.0761312	0.12126	0.0258705	0.00509856	0.00327617
152	0.108173	0.00102976	0.00382163	0.0608537	0.00224241	0.0322655	0.0180374	0.00298026	0.170674	0.0442123	0.0514999	0.0342396	0.0759376	0.0616648	0.0957596	0.0340939	0.032826	0.166875	0.00102808	0.00178522
153	0.0155195	0.103728	0.00738852	0.00869482	0.00415364	0.00794138	0.00622052	0.00503797	0.00896605	0.00839366	0.00575875	0.151301	0.0052417	0.010211	0.00728577	0.310685	0.313538	0.0148932	0.00165537	0.00338522
154	0.181185	0.00135284	0.00505654	0.00781242	0.025791	0.0129766	0.00484577	0.0123823	0.00542145	0.0251078	0.00686152	0.006418	0.00270712	0.00609675	0.00746729	0.349426	0.310111	0.00702803	0.00121357	0.020739
155	0.0293498	0.00263726	0.0162969	0.0244023	0.0162778	0.0146936	0.0134465	0.0130956	0.0185097	0.0199813	0.015701	0.0214318	0.00752955	0.0233475	0.0181388	0.0200954	0.020165	0.0193665	0.67285	0.0126841
156	0.0250264	0.000821531	0.0049514	0.106483	0.0189005	0.00401557	0.0364434	0.00271125	0.0231444	0.0046559	0.0831931	0.363016	0.00222423	0.150542	0.0378873	0.073116	0.0229363	0.0362774	0.00155879	0.00209542
157	0.354353	0.000960496	0.107123	0.00645874	0.00253661	0.0952194	0.00375134	0.0206115	0.0111167	0.00598989	0.00412685	0.0697241	0.00287196	0.102405	0.00670775	0.0885202	0.0499038	0.0639985	0.00139858	0.00222265
158	0.148136	0.000464427	0.0232739	0.0204459	0.00126767	0.0264117	0.00175291	0.00141486	0.0235537	0.00917766	0.00187723	0.00568525	0.552903	0.015107	0.01359	0.129482	0.0214617	0.00234981	0.000652715	0.00099336
159	0.0287474	0.000565753	0.145312	0.0407937	0.00244669	0.0223371	0.0760758	0.00217389	0.0620752	0.0039546	0.00263608	0.201722	0.0017933	0.0743101	0.0981498	0.18736	0.0199163	0.00342032	0.00105059	0.0251591
160	0.0440037	0.00415855	0.0318938	0.234288	0.0132867	0.0222119	0.0188063	0.0136001	0.0300139	0.0308912	0.103759	0.120953	0.0136778	0.0423568	0.0283989	0.0419446	0.0349176	0.0265377	0.132281	0.0120192
161	0.00307928	0.000426916	0.0022928	0.0121453	0.278215	0.00132005	0.0355637	0.00393374	0.00208048	0.00685489	0.00190271	0.00487628	0.0010475	0.00493551	0.00133563	0.00267608	0.0024596	0.0153459	0.011637	0.607872
162	0.0643507	0.000487752	0.195778	0.0267648	0.00376869	0.473435	0.00735273	0.00257992	0.00914747	0.00729379	0.00446986	0.0400276	0.0150165	0.0248335	0.00857349	0.078893	0.0289417	0.00522379	0.00103894	0.00202235
163	0.0151094	0.00645279	0.00985384	0.0120895	0.552299	0.00852474	0.0147746	0.0206757	0.00837064	0.0616091	0.020445	0.0198344	0.00453609	0.0123107	0.00738766	0.011216	0.0114449	0.025899	0.00813361	0.169033
164	0.00317856	0.000393894	0.00178982	0.0147052	0.270122	0.0012171	0.036654	0.00133541	0.00237446	0.00224796	0.0013363	0.00263965	0.0011851	0.00372327	0.0015042	0.00238592	0.00264696	0.0154989	0.0241267	0.610935
165	0.73568	0.000387857	0.0020315	0.00260847	0.000989443	0.0863784	0.0016039	0.00159656	0.00236383	0.00219015	0.00401954	0.00265763	0.00103055	0.00335576	0.00195471	0.0996875	0.0256468	0.0241556	0.00057009	0.00109142
166	0.0367197	0.0107611	0.0422024	0.0284336	0.0177113	0.0298586	0.0362494	0.0103964	0.0334808	0.0150265	0.0124284	0.549732	0.0169163	0.0365303	0.0224701	0.0365207	0.0298833	0.0191223	0.00593767	0.00961907
167	0.0647951	0.00500324	0.00618904	0.00485409	0.017069	0.00440675	0.00697441	0.345838	0.00628062	0.105719	0.0251067	0.0114459	0.0052052	0.0100941	0.00859066	0.0118742	0.0248429	0.328346	0.00125945	0.00610561
168	0.0444849	0.0130892	0.0461452	0.0383632	0.0164089	0.0232593	0.034828	0.01043	0.0432394	0.0220549	0.0181012	0.479119	0.0155574	0.0421796	0.0287527	0.0449988	0.0335803	0.0247748	0.00732554	0.0133077
169	0.0932787	0.00306155	0.0545774	0.0466358	0.00554499	0.0348705	0.00900648	0.00824751	0.0266781	0.0270448	0.016703	0.0285009	0.448136	0.0298525	0.0154179	0.0881615	0.0408264	0.0153328	0.00327731	0.0048456
170	0.111431	0.000787628	0.119732	0.150471	0.0019949	0.040377	0.0418966	0.00248917	0.0315949	0.0169121	0.00290369	0.16136	0.00441116	0.164755	0.00354172	0.0303335	0.109022	0.00348	0.00083657	0.00167029
171	0.0282078	0.00134893	0.00978898	0.0136941	0.0068493	0.011683	0.0816687	0.0875695	0.0619346	0.0240467	0.0126084	0.0124633	0.00485058	0.0293167	0.0848581	0.0216524	0.0505122	0.418277	0.00160817	0.0370618
172	0.0584692	0.000824067	0.206894	0.0180592	0.00290864	0.0284374	0.00377692	0.00306791	0.00672425	0.0049581	0.00422991	0.0942683	0.331323	0.00742856	0.0053942	0.204309	0.00947332	0.00567698	0.0012283	0.00254846
173	0.0573364	0.00606068	0.0357595	0.0409989	0.0130819	0.0311943	0.154218	0.02293	0.0324481	0.0419352	0.022625	0.0336412	0.148991	0.03993	0.0275158	0.0686956	0.159669	0.0402018	0.00750523	0.0152616
174	0.0790456	0.00273128	0.0266877	0.0459799	0.00611499	0.0230469	0.0105884	0.0145058	0.0225271	0.134468	0.0187545	0.0174306	0.356041	0.0913391	0.015658	0.0523821	0.0459714	0.0277443	0.00354559	0.00543724
175	0.0617915	0.00411398	0.0393508	0.0510799	0.00880719	0.0283702	0.0269905	0.0137549	0.130987	0.0239156	0.0178176	0.1558	0.0163215	0.0527185	0.213064	0.0636037	0.0531562	0.0233053	0.00672365	0.00832861
176	0.0284131	0.00290994	0.0177321	0.0271603	0.0193963	0.0149731	0.0130667	0.0101372	0.0185818	0.0174437	0.0153684	0.0227584	0.00968868	0.0235234	0.0187343	0.0230608	0.0239317	0.0178291	0.655572	0.019719
177	0.0876723	0.00414727	0.0306484	0.0390328	0.0051348	0.0424585	0.0110167	0.00886772	0.0165406	0.0198128	0.0112795	0.0211566	0.26904	0.0235142	0.0107514	0.238933	0.13738	0.014659	0.00288228	0.00507167
178	0.0753864	0.00457608	0.0583385	0.0971984	0.0181064	0.0331776	0.0261897	0.0182765	0.0523451	0.0492627	0.0404237	0.047232	0.0247567	0.238073	0.0481062	0.0536234	0.0487192	0.0326478	0.00937503	0.0241856
179	0.163502	0.000516518	0.0356677	0.0707369	0.00147706	0.0321808	0.0180304	0.00292938	0.2651	0.00577593	0.0039219	0.0395717	0.00218981	0.0563682	0.144658	0.0943	0.0384191	0.0194782	0.00113052	0.00404547
180	0.0196167	0.000343587	0.00207929	0.0376552	0.00103398	0.00194226	0.00882491	0.00122209	0.101358	0.00215883	0.00152364	0.0314906	0.0010551	0.0750183	0.0681872	0.226609	0.416323	0.00210301	0.000483193	0.000971282
181	0.0621298	0.00390581	0.111363	0.288763	0.0127212	0.0285075	0.0202514	0.0147528	0.0541715	0.027256	0.0214476	0.0407157	0.0256877	0.0934352	0.0384027	0.0568977	0.052621	0.0209548	0.0111316	0.0148845
182	0.0688485	0.000593985	0.0504006	0.119045	0.00228096	0.0295612	0.0224975	0.00912898	0.190632	0.0131674	0.00528301	0.0687603	0.00202866	0.104167	0.193449	0.0676801	0.0278192	0.0156026	0.001471	0.00758288
183	0.102694	0.00317562	0.0226859	0.00645112	0.0734382	0.00527564	0.0322492	0.0624873	0.00726938	0.107233	0.0433876	0.00657553	0.0276748	0.01157	0.0646599	0.0286628	0.0205153	0.369772	0.00130311	0.00291954
184	0.00192129	0.000235539	0.000936805	0.00115406	0.00595091	0.000808964	0.000799183	0.581464	0.00102034	0.158882	0.0196616	0.00106044	0.000969179	0.00124075	0.000971476	0.00142917	0.00138848	0.218916	0.000328882	0.00086088
185	0.0677555	0.000434814	0.027012	0.00901988	0.00201386	0.699949	0.0030757	0.00183827	0.00414681	0.00385837	0.00307661	0.036501	0.0207001	0.00812021	0.00383638	0.0789387	0.0237337	0.00387448	0.000660194	0.00145434
186	0.165393	0.000699943	0.118367	0.138673	0.00278861	0.133868	0.00671424	0.00262222	0.0210889	0.00529126	0.00511413	0.0215758	0.0642175	0.0477143	0.0147203	0.152453	0.0911903	0.00496322	0.000838702	0.00170783
187	0.0195174	0.000546553	0.00407034	0.0203176	0.00185868	0.00357782	0.00692864	0.0201977	0.238674	0.018295	0.0148613	0.0240481	0.00130537	0.0147783	0.456307	0.0296603	0.0702381	0.0398244	0.0134026	0.00159144
188	0.0154232	0.00129766	0.00766819	0.0394486	0.00404006	0.00670694	0.037667	0.274454	0.130719	0.00870522	0.00652002	0.0374378	0.00393388	0.0838509	0.202695	0.0127214	0.010556	0.106278	0.00236742	0.00750972
189	0.0507199	0.000656523	0.189048	0.141433	0.00232825	0.003532	0.00335588	0.0026397	0.133518	0.0041355	0.00277599	0.0335794	0.387707	0.0197555	0.00336978	0.00957535	0.00544491	0.00362537	0.000977985	0.00182207
190	0.0679046	0.0098996	0.0301665	0.0456073	0.013251	0.0324008	0.0160442	0.0268645	0.0396907	0.0423411	0.0182847	0.0384449	0.021498	0.0403148	0.0480812	0.113887	0.331629	0.0465489	0.00792666	0.00921441
191	0.00963386	0.000936322	0.00447504	0.0530416	0.00264435	0.00387288	0.00354752	0.00270959	0.0201576	0.5936	0.00329051	0.00543025	0.0211995	0.199161	0.0043601	0.0072751	0.00600443	0.0553981	0.00127087	0.0019914
