286	20
1	0.0462631	0.00133578	0.0313443	0.0202117	0.00383246	0.275377	0.0061169	0.0060402	0.136113	0.0442421	0.0220376	0.0611325	0.00211846	0.0468304	0.126243	0.110606	0.035686	0.00814183	0.0121251	0.00420281
2	0.102023	0.00559644	0.00235139	0.00231736	0.074234	0.0149157	0.00291718	0.12384	0.010789	0.184865	0.0111292	0.00361121	0.00885169	0.00501153	0.0689123	0.115413	0.0205363	0.226925	0.00855073	0.00720958
3	0.0600344	0.032191	0.0026503	0.00228658	0.0661759	0.0219672	0.00417979	0.11389	0.0210379	0.265891	0.143129	0.00357077	0.00469012	0.0198581	0.00368925	0.0137328	0.0158782	0.134686	0.0620925	0.00836843
4	0.0438491	0.00106467	0.0330154	0.0474457	0.00566402	0.107863	0.0097699	0.0136763	0.225374	0.0516949	0.0234991	0.0472001	0.00395159	0.0717187	0.202974	0.0576227	0.0179133	0.0231543	0.00614904	0.00639979
5	0.0568721	0.000865117	0.0549105	0.0725079	0.0041624	0.119586	0.00701291	0.0133089	0.21335	0.0391282	0.0182354	0.0524759	0.00997022	0.0667891	0.15816	0.0633463	0.0155407	0.0170765	0.00836323	0.00833947
6	0.158167	0.0476695	0.00105827	0.0128067	0.0141961	0.0588677	0.00230296	0.1425	0.00261232	0.124849	0.0228988	0.0114657	0.00524567	0.00286385	0.00230636	0.0375342	0.0725055	0.229093	0.0134169	0.0376394
7	0.0648534	0.0140246	0.00144132	0.00342599	0.0440653	0.0194177	0.00641493	0.174795	0.00663575	0.303415	0.080365	0.00154069	0.0144626	0.0037573	0.00352308	0.0148547	0.0465475	0.176584	0.00911686	0.0107597
8	0.0778368	0.00458946	0.00676052	0.0157898	0.0197484	0.00852853	0.00574219	0.138742	0.072595	0.236192	0.0341595	0.00411687	0.00862059	0.00653621	0.102244	0.0528323	0.0410663	0.153788	0.0047357	0.00537655
9	0.213038	0.0202028	0.0214178	0.00723907	0.0208732	0.0611103	0.00175319	0.0255233	0.0108323	0.0678711	0.0237587	0.0130262	0.0120194	0.0113307	0.0079802	0.182172	0.214254	0.0761807	0.00432682	0.00509041
10	0.0949067	0.0118703	0.00721568	0.00526434	0.0478523	0.0160223	0.0122647	0.0300548	0.00888665	0.0399896	0.104225	0.0479119	0.00621331	0.00923159	0.0110651	0.0313325	0.0795935	0.156974	0.0826609	0.196465
11	0.195092	0.0246157	0.00135618	0.000301856	0.0516818	0.120642	0.000441391	0.0390701	0.000562882	0.113915	0.054289	0.00179635	0.0059515	0.00135284	0.000642714	0.117646	0.168698	0.100133	0.000955424	0.000855653
12	0.0185064	0.0018945	0.00145635	0.00109662	0.0850433	0.00434666	0.0721075	0.0158221	0.0138739	0.0346745	0.00375353	0.0110814	0.00191799	0.00249403	0.00471326	0.0423012	0.00749123	0.0285128	0.012863	0.63605
13	0.0700289	0.0233	0.000995961	0.00264681	0.0408843	0.0265831	0.00265065	0.179378	0.00324573	0.251949	0.0674483	0.00143437	0.00723814	0.00277365	0.00214426	0.0201108	0.0523793	0.229184	0.00761955	0.00800534
14	0.274966	0.00984948	0.000792428	0.000675861	0.0319284	0.199293	0.000887635	0.0492315	0.00105049	0.122665	0.0233546	0.00128295	0.00352665	0.00199385	0.000983245	0.0751862	0.079611	0.120308	0.00115787	0.00125704
15	0.0626452	0.00878143	0.000876946	0.00157545	0.0640004	0.0213618	0.00126194	0.227581	0.00165389	0.20534	0.0382931	0.00080221	0.00401615	0.00373529	0.00299844	0.0133182	0.0239555	0.306958	0.00733478	0.00351053
16	0.0651667	0.0152222	0.00396452	0.00538932	0.0428538	0.0132971	0.0494397	0.0220579	0.010557	0.0348627	0.0333625	0.0159358	0.00651581	0.00735155	0.0399556	0.0322448	0.027142	0.0474153	0.137505	0.389761
17	0.0465492	0.0124505	0.00108385	0.0034633	0.0298277	0.0190746	0.00227097	0.243221	0.00296619	0.209334	0.0707362	0.00108965	0.00827492	0.00454983	0.00213899	0.0174661	0.0518364	0.262063	0.00695922	0.00464426
18	0.187277	0.0223956	0.00183557	0.00044978	0.0432406	0.128086	0.0009446	0.0343686	0.00104224	0.0993947	0.0404303	0.00228566	0.00860772	0.00223137	0.00116491	0.130296	0.197895	0.095055	0.00165839	0.00134169
19	0.0830403	0.0305535	0.000997748	0.00386131	0.0268509	0.0275347	0.00226333	0.195674	0.00249156	0.209918	0.0588424	0.00251378	0.007213	0.00305288	0.00147007	0.0222884	0.0633773	0.236795	0.00801087	0.0132513
20	0.281762	0.0413861	0.00482972	0.00423389	0.0179543	0.169258	0.00287033	0.0196762	0.0108641	0.0390933	0.0170164	0.0102131	0.00879043	0.00610464	0.00914018	0.242999	0.0642676	0.043498	0.00319152	0.00285191
21	0.185623	0.0176418	0.00277809	0.00223703	0.0428977	0.150379	0.00147318	0.0441163	0.00321007	0.0786095	0.0410946	0.00376416	0.0311966	0.00613885	0.0039026	0.138281	0.16113	0.0800943	0.00263432	0.00279789
22	0.199468	0.0254937	0.00258114	0.000491165	0.0275906	0.13005	0.000656001	0.0335664	0.000702658	0.0765281	0.0323841	0.00344425	0.0111758	0.00220093	0.000906227	0.14985	0.217995	0.0825653	0.00133654	0.00101425
23	0.0379042	0.00594786	0.0016903	0.00697634	0.0425823	0.0108681	0.00276348	0.250972	0.00782668	0.195828	0.0637492	0.00237285	0.00568391	0.0204667	0.00803185	0.0169144	0.0339165	0.268315	0.006994	0.0101965
24	0.0656089	0.0115941	0.00539284	0.00641557	0.0519106	0.023123	0.00269176	0.23725	0.00689575	0.159375	0.0505401	0.00878395	0.00802538	0.00755317	0.00624589	0.0304382	0.0480373	0.251784	0.00820507	0.0101289
25	0.0398338	0.00542153	0.00254014	0.0016711	0.0951012	0.0069589	0.00294682	0.146189	0.00432222	0.354257	0.155239	0.00177899	0.00329067	0.00784532	0.000889442	0.00983619	0.0149452	0.125627	0.00658292	0.0147235
26	0.0697034	0.00294969	0.00141732	0.00182823	0.375655	0.00627909	0.00450505	0.0741801	0.00375952	0.110255	0.0309915	0.017156	0.00210087	0.00744925	0.0046284	0.0198371	0.0483106	0.11632	0.006163	0.0965107
27	0.0833794	0.013638	0.055854	0.0275498	0.0179153	0.0689189	0.014777	0.0263678	0.080939	0.0325379	0.0198562	0.200172	0.0156614	0.038799	0.053297	0.108179	0.0769764	0.0423792	0.00745559	0.0153472
28	0.0461366	0.00126446	0.0416339	0.0398228	0.00495244	0.0790776	0.0316857	0.0114708	0.247486	0.0365176	0.0157115	0.052441	0.0159578	0.0594667	0.200917	0.0613968	0.0245908	0.0164855	0.00517648	0.0078085
29	0.0520087	0.00731488	0.00296382	0.0025683	0.0497796	0.00957028	0.0755721	0.0168507	0.0127467	0.0284085	0.0213475	0.0159953	0.00419009	0.00503306	0.0209233	0.0309656	0.0195896	0.0344714	0.102094	0.487607
30	0.027502	0.00452485	0.000732852	0.00346768	0.0141507	0.00752374	0.000690166	0.323984	0.000928918	0.140286	0.0444334	0.000715025	0.00608755	0.00564552	0.00210554	0.0106646	0.0408457	0.35946	0.0048773	0.001375
31	0.0830246	0.0137077	0.00324174	0.00580973	0.0910713	0.0317278	0.0060417	0.111775	0.0133958	0.276097	0.0735202	0.00723661	0.0068952	0.0107829	0.0112328	0.0329446	0.0437958	0.144048	0.00931896	0.0243327
32	0.117785	0.0212847	0.0343438	0.0112048	0.00455593	0.044073	0.0129292	0.0111969	0.135261	0.0116762	0.0059928	0.118211	0.00829728	0.0229751	0.0533781	0.206087	0.15203	0.0242009	0.00210399	0.00241343
33	0.028532	0.00223806	0.0351199	0.00247288	0.00563287	0.00776062	0.0914196	0.00611276	0.230242	0.0194203	0.00432128	0.0585339	0.13792	0.0271813	0.215932	0.0716727	0.0341402	0.0101675	0.00176379	0.00941607
34	0.0670063	0.00886104	0.0256961	0.0196657	0.00362177	0.121926	0.0169612	0.00605703	0.199796	0.0234559	0.012233	0.0965996	0.00375312	0.0402186	0.11634	0.137525	0.0781246	0.0130488	0.00497834	0.00413212
35	0.060884	0.00615107	0.00357139	0.0457671	0.0661608	0.009439	0.0288757	0.0564262	0.040552	0.24249	0.0674223	0.00622274	0.00403253	0.0729755	0.0338804	0.019533	0.0169705	0.123348	0.00657273	0.0887253
36	0.0987834	0.00810824	0.0034584	0.00376639	0.173746	0.0141764	0.00644976	0.0795861	0.00650931	0.0659342	0.0229815	0.00820363	0.00720204	0.0128736	0.00776356	0.141303	0.0808084	0.103846	0.0122175	0.142283
37	0.101808	0.00555433	0.104955	0.00368696	0.0135716	0.404579	0.0406868	0.0148238	0.0094888	0.0234734	0.0103561	0.134555	0.0321005	0.0073898	0.0107713	0.0382004	0.0158956	0.0174312	0.00561613	0.00505687
38	0.0473248	0.0957113	0.00324554	0.00277731	0.559789	0.0186085	0.00346783	0.0176194	0.0046738	0.0645974	0.0131917	0.00513286	0.00423679	0.00680532	0.00581278	0.0238386	0.0202863	0.0311975	0.0548073	0.0168761
39	0.0274873	0.00254731	0.0363835	0.0026921	0.00597974	0.00772175	0.0905388	0.00646684	0.206652	0.0195896	0.00469603	0.0563604	0.188082	0.026248	0.19103	0.0707854	0.03477	0.0106883	0.00205804	0.00922372
40	0.0160716	0.00185185	0.00111647	0.00114071	0.107602	0.00397199	0.0674303	0.0135948	0.0104839	0.0295081	0.0046805	0.00746372	0.00180678	0.00238426	0.00456898	0.0319356	0.00561714	0.0207815	0.0134041	0.654585
41	0.0894008	0.00873494	0.0228797	0.027078	0.0301812	0.0421558	0.0236692	0.0418876	0.0599106	0.067835	0.0188097	0.0265769	0.230325	0.0254651	0.0470674	0.0958619	0.0597901	0.0623982	0.00722611	0.0127465
42	0.025042	0.00330191	0.000523576	0.00255433	0.011516	0.00601011	0.000334108	0.339181	0.000671039	0.110955	0.0419922	0.000623046	0.00502284	0.00557142	0.00219645	0.0101767	0.0409595	0.388819	0.00382649	0.000723404
43	0.218664	0.0251822	0.00195704	0.000707779	0.0291367	0.132633	0.000597719	0.0326226	0.000786983	0.0765997	0.0347998	0.00349125	0.00843761	0.00245941	0.000898284	0.145526	0.191006	0.0921379	0.00136952	0.000986451
44	0.0769566	0.0121073	0.00258873	0.00511049	0.0754692	0.0272338	0.00306506	0.142562	0.00937812	0.248283	0.0725637	0.00354951	0.00754015	0.00699202	0.00876144	0.0311773	0.0446713	0.203338	0.00758738	0.0110651
45	0.196218	0.029061	0.00551295	0.00401273	0.0211343	0.0767326	0.00191115	0.0281638	0.0111839	0.0506158	0.0268749	0.0145181	0.0109786	0.00984222	0.00586872	0.209531	0.227848	0.06144	0.00535356	0.00319807
46	0.113943	0.0281957	0.000808597	0.000931352	0.0849855	0.0434245	0.00111268	0.0768883	0.00242145	0.261561	0.114281	0.00220507	0.00163852	0.00269542	0.00136042	0.0637738	0.0671403	0.126343	0.00362423	0.00266588
47	0.0475482	0.0128486	0.00119555	0.00450032	0.0274005	0.0157035	0.0031181	0.225237	0.00626916	0.231283	0.0698501	0.00191463	0.0126955	0.00537251	0.00359996	0.0230313	0.0639986	0.219318	0.0162602	0.00885631
48	0.152414	0.0134426	0.0463665	0.00898795	0.0222979	0.277226	0.0537141	0.0237019	0.0368812	0.0442615	0.0162027	0.0617748	0.0189332	0.0169681	0.0318239	0.0787192	0.0390194	0.0371625	0.00622487	0.0138775
49	0.0955859	0.013549	0.00257529	0.00729925	0.048429	0.0311331	0.00397051	0.137967	0.00786728	0.224707	0.0819441	0.0051045	0.0290181	0.00918237	0.00656575	0.0387165	0.0570686	0.17496	0.0117031	0.0126533
50	0.23511	0.0135103	0.00084109	0.000584003	0.0344439	0.180679	0.000557946	0.0459788	0.000724974	0.117273	0.0302992	0.00135684	0.00465927	0.00165214	0.000736696	0.0968178	0.117159	0.11554	0.000985391	0.00109084
51	0.0935397	0.0525381	0.00190819	0.00148686	0.289067	0.0543584	0.00198428	0.0479782	0.00267131	0.183011	0.0415389	0.00256202	0.00389381	0.00314737	0.00342699	0.0420963	0.0428547	0.113099	0.0136736	0.0051641
52	0.321788	0.10345	0.00185833	0.00158919	0.00947322	0.07449	0.00124574	0.0145455	0.00286848	0.020634	0.0155558	0.00953713	0.00341383	0.00253095	0.00298742	0.314598	0.0507527	0.043688	0.00231938	0.00267484
53	0.183125	0.0189426	0.00609728	0.00474391	0.0538967	0.0372971	0.00443404	0.0218624	0.00687146	0.0385059	0.0218607	0.0104964	0.0119471	0.0131666	0.00599514	0.299221	0.155074	0.0472831	0.0480353	0.0111431
54	0.199904	0.0238958	0.00254721	0.000470355	0.0301386	0.124677	0.000555886	0.0335454	0.000692432	0.0804014	0.0360766	0.00273309	0.00911498	0.00229241	0.000891563	0.145528	0.214311	0.0898772	0.00125422	0.00109274
55	0.0459195	0.0093052	0.000674643	0.00301201	0.0274505	0.0146236	0.00173864	0.262254	0.0019256	0.193306	0.0426628	0.000983766	0.00742044	0.00428002	0.00295257	0.0127184	0.0418571	0.316296	0.0067088	0.00390982
56	0.405761	0.072024	0.00141669	0.00126343	0.0115401	0.0836341	0.00126591	0.0199854	0.00178918	0.0284595	0.0143791	0.00492825	0.00340518	0.00265271	0.0023914	0.246174	0.0437353	0.0500061	0.0018759	0.00331272
57	0.0761728	0.00165578	0.000813311	0.000731217	0.413306	0.00308673	0.000689059	0.0903316	0.00149221	0.106606	0.0306222	0.00619394	0.00133533	0.00652398	0.00380649	0.0154199	0.0552332	0.103284	0.0040215	0.0786743
58	0.0874403	0.0114077	0.000422426	0.000378301	0.109096	0.0373997	0.000580991	0.171551	0.00162264	0.198913	0.010956	0.000764745	0.00338957	0.0014211	0.00432197	0.0181011	0.0152889	0.312775	0.0109421	0.00322673
59	0.0598579	0.0188667	0.00141149	0.00215984	0.0475609	0.0224456	0.00360432	0.152048	0.00428885	0.352987	0.0822787	0.00197016	0.00663839	0.00376313	0.00238998	0.0153084	0.0349215	0.171394	0.00737937	0.00872522
60	0.0254351	0.00353794	0.000550463	0.00266358	0.0116703	0.00643309	0.00037376	0.33684	0.00068698	0.11291	0.0419779	0.000650021	0.00529193	0.00547887	0.00208498	0.0102855	0.0418507	0.386338	0.00401834	0.000922875
61	0.0320209	0.00213696	0.0282919	0.00347723	0.00465766	0.0118582	0.0890801	0.00487465	0.275381	0.0208055	0.00444259	0.0663729	0.0370369	0.0290826	0.27235	0.0674812	0.0319939	0.00741492	0.00170875	0.00953208
62	0.0511499	0.00538941	0.000517742	0.00167787	0.0406767	0.0189295	0.000557729	0.27272	0.000954188	0.144332	0.0273605	0.000664595	0.00372936	0.00376677	0.00556975	0.0126771	0.0279949	0.374304	0.00543228	0.00159661
63	0.0533273	0.00487089	0.00129208	0.000993548	0.367544	0.0200823	0.000998322	0.0169524	0.00223772	0.363608	0.0264952	0.00201721	0.00161018	0.0027015	0.00179468	0.0110014	0.0525451	0.0615523	0.00176697	0.00660855
64	0.0419615	0.000939396	0.0346639	0.040248	0.00366621	0.17096	0.00841493	0.00824627	0.211049	0.0426707	0.0219232	0.0616383	0.00220072	0.0647079	0.171461	0.0700052	0.0193174	0.0120135	0.00770533	0.00620726
65	0.0811128	0.0138208	0.000684224	0.000465732	0.10939	0.033485	0.00085762	0.161044	0.00206027	0.215658	0.0236765	0.000769682	0.00366241	0.00180599	0.00329379	0.0170237	0.0162897	0.298001	0.0131377	0.00376113
66	0.0265381	0.00351256	0.000506077	0.0023751	0.0143556	0.00677696	0.000350337	0.33197	0.000703957	0.112272	0.0408453	0.000631833	0.00489011	0.00536924	0.00226858	0.0102485	0.0404955	0.391095	0.00398008	0.000815692
67	0.0880821	0.00266964	0.181617	0.271823	0.00751844	0.0269598	0.00206121	0.0236661	0.144661	0.0145231	0.0055276	0.0228227	0.0606064	0.0164922	0.0388013	0.0419114	0.0100747	0.0315197	0.00403093	0.00463226
68	0.109892	0.00517679	0.0018407	0.00346772	0.0466052	0.03549	0.00276853	0.124209	0.00624416	0.202946	0.016605	0.00342359	0.0963083	0.0130865	0.0324289	0.0623752	0.0575255	0.146095	0.0252506	0.00826172
69	0.0985826	0.0248651	0.0138693	0.00105523	0.00363257	0.0469595	0.0164454	0.00471573	0.177972	0.00647607	0.00339674	0.120867	0.00173009	0.015951	0.072754	0.215384	0.156256	0.0156833	0.00141373	0.00198991
70	0.0983393	0.0297834	0.0151969	0.00108648	0.00427925	0.0449013	0.0161543	0.00609052	0.172151	0.00733049	0.00374614	0.125777	0.00219963	0.0158167	0.071126	0.210649	0.15415	0.0166609	0.00179826	0.00276396
71	0.0416315	0.00677131	0.000727902	0.00291036	0.0266398	0.0122185	0.000601372	0.290473	0.00127672	0.141288	0.035825	0.00113581	0.00533635	0.00497026	0.00436261	0.0176708	0.038598	0.358658	0.00591864	0.00298559
72	0.0371804	0.00773683	0.00424323	0.00178773	0.0803875	0.00840777	0.00292233	0.169786	0.00397979	0.311828	0.126843	0.00138157	0.00372217	0.00689342	0.000999455	0.00958872	0.0232389	0.180574	0.00710182	0.0113975
73	0.105727	0.0104673	0.0081322	0.0178042	0.0349577	0.0393634	0.00802268	0.0783959	0.0288549	0.0931249	0.0252733	0.0145302	0.144062	0.0240193	0.0272147	0.0773184	0.110033	0.132786	0.00981205	0.0101015
74	0.0480276	0.00835266	0.00162708	0.00347791	0.0354753	0.0141484	0.00136026	0.273098	0.00317926	0.151037	0.0474057	0.00473866	0.00809575	0.00569661	0.00535659	0.0193938	0.0424854	0.314701	0.00636052	0.00598282
75	0.21619	0.01901	0.015623	0.00443816	0.0241649	0.318787	0.00891547	0.0253105	0.0101681	0.0593906	0.0161038	0.0175775	0.00916089	0.00929628	0.00949461	0.123557	0.0520835	0.0535207	0.00369615	0.0035116
76	0.188248	0.0160946	0.00153241	0.00228074	0.276444	0.0702356	0.00236303	0.025008	0.00283893	0.238158	0.025202	0.00305904	0.00283966	0.00349544	0.00272724	0.0382285	0.0343211	0.0577584	0.00461035	0.00455428
77	0.0999756	0.013843	0.00127033	0.000944772	0.242543	0.0284629	0.000836751	0.043785	0.00173938	0.252639	0.0788053	0.00243241	0.00157058	0.00430198	0.00185429	0.0345995	0.0757435	0.0948243	0.00208654	0.0177427
78	0.0822284	0.00459774	0.00234815	0.00210071	0.377063	0.00801127	0.0026769	0.0626815	0.00394237	0.0965686	0.0484976	0.00811196	0.00276007	0.021761	0.00428604	0.0236701	0.0694666	0.0743413	0.00707571	0.0978108
79	0.509845	0.0621851	0.00141577	0.00116448	0.00594072	0.0699326	0.0014917	0.0108242	0.00176457	0.00896446	0.00684131	0.00340095	0.00275433	0.00248011	0.00247297	0.272823	0.0106162	0.021071	0.00181988	0.00219133
80	0.129734	0.0241997	0.000595579	0.000350959	0.0997367	0.0501606	0.000409867	0.0523787	0.000977486	0.238928	0.113009	0.000904234	0.00115393	0.000902189	0.000592129	0.0597395	0.0846229	0.13957	0.000939222	0.00109518
81	0.148287	0.0462075	0.0083827	0.00206094	0.01951	0.0683205	0.00197166	0.029279	0.00934451	0.0468843	0.0241194	0.0241392	0.00898765	0.00620504	0.0052659	0.201161	0.266705	0.0749723	0.00376385	0.00443235
82	0.0772128	0.0110569	0.00183289	0.00238518	0.199709	0.0238785	0.00242365	0.0752521	0.00520202	0.304606	0.0716687	0.002543	0.00347598	0.00850851	0.00339981	0.0285732	0.0430989	0.104917	0.0060261	0.0242304
83	0.205483	0.135144	0.00683679	0.00619236	0.0436859	0.0251411	0.0129061	0.0326529	0.0122772	0.0456576	0.0766321	0.0143841	0.00861029	0.0207106	0.0650443	0.0564093	0.0309675	0.0474047	0.11481	0.0390493
84	0.127958	0.0124429	0.00151991	0.00114931	0.120622	0.0228825	0.00146525	0.0353357	0.00385463	0.4017	0.0858342	0.0026614	0.00214686	0.00354616	0.00159041	0.0362611	0.0575429	0.0724014	0.00287145	0.00621384
85	0.109825	0.00601897	0.0152679	0.00330649	0.0207353	0.433082	0.00595735	0.0164867	0.0212021	0.0651733	0.0141584	0.0231058	0.00699756	0.014439	0.0242986	0.141833	0.0362971	0.0301386	0.00726227	0.00441445
86	0.0782457	0.0136487	0.061283	0.0193482	0.0159953	0.0705627	0.0199445	0.0297172	0.0859169	0.0355265	0.0182065	0.195438	0.0184773	0.0318018	0.0608766	0.112923	0.0725171	0.0395402	0.0072185	0.0128124
87	0.173203	0.0215803	0.0068846	0.0116979	0.0201057	0.0455232	0.00267087	0.0235809	0.0152385	0.0349569	0.042473	0.0173342	0.0144875	0.0341932	0.0101012	0.27049	0.197705	0.0431692	0.00904144	0.00556369
88	0.266116	0.0183619	0.00194977	0.00321413	0.0422115	0.0965092	0.00296233	0.0582058	0.00392428	0.131313	0.0286471	0.00394595	0.00591543	0.00509422	0.00552176	0.0892135	0.0673339	0.157442	0.00444234	0.00767687
89	0.0350044	0.00496162	0.0031056	0.00526671	0.0923952	0.00981167	0.0570341	0.0250065	0.0148213	0.0497837	0.0148986	0.0128811	0.0033083	0.00698327	0.00892305	0.0371721	0.0181908	0.0407543	0.0202	0.539498
90	0.0420307	0.00620124	0.00262504	0.00146712	0.0977911	0.00804961	0.00267317	0.1375	0.00394732	0.361226	0.151763	0.00187559	0.00289657	0.00752649	0.000821528	0.0120506	0.0172144	0.12294	0.00599519	0.0134052
91	0.015885	0.00176082	0.0010146	0.000997395	0.0869868	0.00385593	0.0741536	0.0132384	0.0113408	0.0282104	0.00313391	0.00847146	0.00165825	0.00210824	0.00488999	0.033491	0.00493448	0.0215339	0.0153203	0.667015
92	0.0550611	0.0093331	0.00248185	0.00423479	0.0614397	0.0172141	0.00225974	0.180624	0.00648342	0.294421	0.0838047	0.00232578	0.00733354	0.00688638	0.00636575	0.0216852	0.034367	0.185216	0.00716446	0.0112982
93	0.131819	0.0187308	0.0067612	0.016846	0.0220262	0.04853	0.00385846	0.0269688	0.0208026	0.0486383	0.0219924	0.0176173	0.064752	0.0211744	0.0180834	0.260628	0.184128	0.0528561	0.00839369	0.00539393
94	0.0649184	0.011308	0.00231195	0.00373921	0.0636205	0.0229096	0.00306287	0.180187	0.00507197	0.214229	0.0579057	0.00241108	0.00787472	0.00704903	0.00542662	0.0249333	0.0437035	0.256531	0.0102365	0.0125691
95	0.370042	0.0727368	0.00132802	0.00131496	0.00639022	0.0669397	0.00128648	0.00919491	0.00191234	0.00834089	0.00884029	0.00506102	0.00335143	0.00357546	0.00204961	0.387073	0.0226919	0.0225532	0.00342155	0.00189576
96	0.0731496	0.0276777	0.00209854	0.00320671	0.341663	0.0241543	0.00524297	0.0655121	0.00795695	0.152524	0.0411882	0.00565028	0.00418014	0.00760903	0.00818713	0.0331311	0.0392138	0.0886361	0.0172161	0.0518028
97	0.149321	0.0181388	0.00334623	0.00576059	0.0434868	0.0483338	0.00427594	0.173521	0.00788466	0.163329	0.0412454	0.00685597	0.0112265	0.00840319	0.0122531	0.0772513	0.0682627	0.139175	0.00736336	0.0105641
98	0.103864	0.00370098	0.0395585	0.13553	0.0176157	0.0462615	0.00472321	0.0291296	0.0798687	0.0477417	0.0170565	0.0541837	0.0282321	0.157068	0.0585925	0.0556765	0.0597018	0.0434275	0.0052674	0.0128006
99	0.0601271	0.0121403	0.00319516	0.0036402	0.0696555	0.0181077	0.00279598	0.175708	0.00602986	0.243157	0.118414	0.00383698	0.00533418	0.00762372	0.00515852	0.025487	0.0379364	0.181018	0.00846134	0.0121732
100	0.0926871	0.0207776	0.000997292	0.00147927	0.0695675	0.0287953	0.00226585	0.110213	0.0027454	0.288678	0.093757	0.00124782	0.00474798	0.00225077	0.00137509	0.0339954	0.0609427	0.173523	0.00432646	0.00562756
101	0.0734538	0.00508674	0.0271133	0.0393957	0.0110087	0.0568068	0.0274417	0.0213582	0.21455	0.0454167	0.0162714	0.0579987	0.0224032	0.0433276	0.155968	0.0810826	0.0554859	0.0285598	0.00400849	0.0132628
102	0.419281	0.06389	0.00142573	0.00116837	0.00755904	0.0880014	0.00140365	0.0101096	0.00349582	0.0122058	0.00871611	0.00550802	0.00280714	0.00265949	0.00280624	0.317823	0.0238828	0.0235189	0.00187999	0.00185772
103	0.0621948	0.00622158	0.00325666	0.00769794	0.127008	0.0137949	0.00460129	0.103448	0.0100566	0.257991	0.0296395	0.00626752	0.0117858	0.0430278	0.00972296	0.0642413	0.0904161	0.0677661	0.0108811	0.0699816
104	0.185477	0.0298925	0.00491541	0.00526262	0.0290785	0.0738247	0.00206234	0.0297027	0.00990971	0.0586355	0.0560949	0.0122629	0.01195	0.0135386	0.00713517	0.227395	0.170393	0.061385	0.00673443	0.00434946
105	0.0985641	0.00867212	0.0220697	0.0296293	0.026301	0.0436047	0.022288	0.0437864	0.0600157	0.0639452	0.0198287	0.0266049	0.215726	0.0300206	0.0527983	0.0867164	0.0690717	0.061504	0.00714668	0.0117059
106	0.148036	0.0508006	0.00098798	0.00329355	0.0474228	0.0739324	0.00128919	0.0907627	0.00159527	0.153846	0.0619237	0.00360562	0.00378836	0.00179978	0.00140677	0.0555741	0.098578	0.182738	0.0049363	0.0136839
107	0.200696	0.0170371	0.00289043	0.00280701	0.0389721	0.0742884	0.00390933	0.0440412	0.00328429	0.115988	0.0293084	0.00428594	0.00874707	0.00443941	0.00431462	0.116393	0.122159	0.185512	0.00780785	0.0131195
108	0.0911652	0.0173149	0.00204976	0.00366756	0.0486694	0.0359431	0.00248299	0.155302	0.00501059	0.190603	0.0572778	0.00280923	0.00786147	0.00501495	0.00366406	0.0400067	0.0844568	0.228839	0.00832253	0.00953927
109	0.0688549	0.0047835	0.00125868	0.00136472	0.406942	0.0053322	0.00189726	0.0741677	0.00257421	0.126945	0.0455256	0.00561512	0.00172224	0.0088745	0.0024617	0.0164336	0.0476649	0.0777246	0.00457249	0.095285
110	0.129403	0.0261818	0.000422227	0.000307709	0.103214	0.045326	0.000304916	0.0551679	0.00073049	0.239203	0.110793	0.000743297	0.000650407	0.000628059	0.000505481	0.0619493	0.0841817	0.138598	0.000710192	0.000979951
111	0.062779	0.0224412	0.00116969	0.00322474	0.037574	0.0226955	0.00240499	0.188924	0.00368754	0.241983	0.0819916	0.00158816	0.00722856	0.0036388	0.00181402	0.0249179	0.0564208	0.219862	0.00855059	0.00710372
112	0.147191	0.00815466	0.0104614	0.015897	0.0236902	0.210484	0.00518068	0.0286318	0.0422765	0.119325	0.0216602	0.0222501	0.0173681	0.0488436	0.0357849	0.117073	0.0596004	0.0507258	0.00878551	0.00661676
113	0.151664	0.0520522	0.000872122	0.00704272	0.0146291	0.0477821	0.00232353	0.152329	0.00187705	0.130007	0.0274666	0.00647771	0.00464598	0.00211343	0.0016812	0.0337918	0.0849332	0.232395	0.00842531	0.0374907
114	0.128275	0.0259197	0.000381688	0.000306231	0.104665	0.0444183	0.000355969	0.0546128	0.000772095	0.243763	0.112414	0.00071995	0.000676168	0.00067045	0.000504964	0.0615443	0.0814566	0.136951	0.000803645	0.000789926
115	0.0532069	0.00487284	0.00126034	0.000933178	0.370984	0.0191811	0.000891966	0.0190967	0.0020812	0.3552	0.0260486	0.0021503	0.00157506	0.0028102	0.00179784	0.0111024	0.05303	0.0638021	0.0016954	0.00827928
116	0.0469361	0.00140903	0.0307115	0.0241695	0.00428891	0.260653	0.00774591	0.00658014	0.157596	0.0378457	0.019995	0.0688079	0.00241255	0.0472706	0.157523	0.0795706	0.0234429	0.00925728	0.00880526	0.00497846
117	0.0550874	0.0115982	0.00293762	0.00466608	0.0354979	0.0176309	0.00520283	0.157123	0.0286834	0.271997	0.0790609	0.00455342	0.0100146	0.00629833	0.0144438	0.0281442	0.0920834	0.15519	0.0110542	0.00873299
118	0.08538	0.00275956	0.215496	0.34375	0.00569217	0.0394385	0.00187203	0.0366909	0.0439929	0.00897324	0.00447529	0.0412556	0.0313977	0.017855	0.0238635	0.0374677	0.00726452	0.0466107	0.0024057	0.00335901
119	0.201583	0.000817425	0.00973721	0.090573	0.010017	0.0387406	0.000543275	0.030183	0.089582	0.0284611	0.0131306	0.0420696	0.0602589	0.0667464	0.056973	0.084394	0.118639	0.052089	0.000729069	0.00473334
120	0.127904	0.0259878	0.000389472	0.000328869	0.105078	0.043768	0.000306346	0.0534249	0.000750442	0.245173	0.112994	0.000730127	0.000663889	0.000665646	0.00050818	0.0612373	0.0822448	0.136433	0.000671411	0.000740223
121	0.129932	0.0262593	0.000357564	0.000307154	0.104561	0.045666	0.000311352	0.0538283	0.000726824	0.240932	0.111656	0.000720889	0.000594315	0.000616341	0.000498524	0.0625336	0.0832151	0.135977	0.000616923	0.000689268
122	0.178138	0.0249157	0.0177785	0.0230603	0.016146	0.0387324	0.00276835	0.0719662	0.0366913	0.0359258	0.0182332	0.0944694	0.019147	0.024589	0.0211536	0.145881	0.16432	0.0517989	0.00578934	0.00849668
123	0.0619606	0.0136661	0.00200096	0.0026181	0.073356	0.0213467	0.00223118	0.154887	0.00443049	0.255648	0.109176	0.00278135	0.00474543	0.00761007	0.00332168	0.0232724	0.041757	0.197484	0.00755601	0.0101503
124	0.133924	0.0254722	0.000352197	0.000317252	0.101441	0.0513443	0.000348089	0.053693	0.000724595	0.235695	0.107211	0.000726094	0.000864566	0.000656568	0.000481372	0.0646395	0.0856339	0.13501	0.000671611	0.000793296
125	0.153622	0.0353589	0.000675183	0.00436615	0.0258194	0.0698343	0.00156398	0.143749	0.0013957	0.146177	0.0339027	0.0041008	0.00527481	0.00180908	0.00198111	0.0433581	0.0766749	0.223106	0.00664219	0.0205885
126	0.0374749	0.00749545	0.000990639	0.00411414	0.0203236	0.0105327	0.00127234	0.304678	0.00224931	0.133936	0.0603472	0.00215264	0.00643331	0.00619135	0.00299962	0.0211686	0.0456924	0.321495	0.00613048	0.00432258
127	0.202602	0.0458068	0.00253814	0.000922359	0.0266827	0.104826	0.000726979	0.0422351	0.00149148	0.0719064	0.032707	0.00822523	0.00773072	0.00250199	0.00131756	0.163311	0.186346	0.0918955	0.00209665	0.00413163
128	0.0868291	0.0118601	0.000414804	0.00033354	0.112028	0.0379714	0.000559767	0.1683	0.00165725	0.198948	0.0109067	0.000751458	0.00337332	0.00142555	0.00424565	0.0181073	0.0147177	0.3132	0.0112159	0.00315496
129	0.14857	0.0144294	0.018325	0.0109988	0.0261122	0.282288	0.00780317	0.0284151	0.0372248	0.0678794	0.0207109	0.0282673	0.0111419	0.0185939	0.0324816	0.111196	0.0644063	0.0584186	0.00656024	0.00617659
130	0.115271	0.0229826	0.00128385	0.00331037	0.0405999	0.0441224	0.00156274	0.156067	0.00288497	0.148739	0.0626232	0.00310008	0.006863	0.00411457	0.00298266	0.0492809	0.100399	0.216277	0.00616142	0.0113738
131	0.272255	0.00963377	0.000724183	0.000685433	0.0318488	0.193569	0.000914913	0.0491056	0.00104999	0.122827	0.0259771	0.00132238	0.0035507	0.00183309	0.000909488	0.0772985	0.0833208	0.120869	0.00111035	0.00119468
132	0.0264479	0.00321434	0.000488718	0.00255325	0.0122151	0.00635424	0.000388351	0.337407	0.000691342	0.108629	0.0409977	0.000686493	0.00493927	0.00548258	0.00221282	0.0100503	0.0408227	0.391661	0.00367875	0.00108015
133	0.414322	0.0878809	0.0018017	0.00112376	0.00875496	0.0638657	0.00148603	0.0150056	0.00471361	0.0168115	0.0129486	0.00825278	0.00321144	0.00344841	0.00376021	0.280648	0.036227	0.030703	0.0026224	0.00241299
134	0.373488	0.0856562	0.00133738	0.00126305	0.00525102	0.0645886	0.00115606	0.0089998	0.0018861	0.00671578	0.00918318	0.00609544	0.00277759	0.00279048	0.00199363	0.374997	0.0240828	0.0234231	0.0025101	0.00180499
135	0.0866019	0.00753232	0.00154852	0.00345937	0.166752	0.0115528	0.0170895	0.0968592	0.00788684	0.124771	0.029592	0.00660994	0.00370151	0.00696586	0.00582902	0.0293234	0.0356055	0.118424	0.0107079	0.229187
136	0.196151	0.0209077	0.00649312	0.00704181	0.0290826	0.178011	0.00359215	0.0351064	0.0169698	0.0793871	0.0289964	0.0160686	0.0103903	0.0126488	0.0106097	0.117348	0.142024	0.0818328	0.00338978	0.00394868
137	0.146255	0.00410178	0.0918147	0.202337	0.0117937	0.0394439	0.002263	0.0363142	0.0711703	0.029773	0.0115095	0.0389985	0.0401871	0.050257	0.0430547	0.061996	0.0564247	0.052277	0.00386935	0.00615867
138	0.0548035	0.0120252	0.000890561	0.00976174	0.0142208	0.0171015	0.00259237	0.254497	0.0039503	0.194984	0.050796	0.00200141	0.0192515	0.00447976	0.00485485	0.022108	0.056359	0.258285	0.00964385	0.00739453
139	0.0629272	0.00922334	0.0283444	0.0012779	0.00325825	0.0286164	0.0653186	0.00362067	0.221972	0.0107101	0.00301371	0.113209	0.0239342	0.0288776	0.154459	0.13756	0.0888232	0.00866118	0.00118999	0.00500289
140	0.0743863	0.00393556	0.000838954	0.00101495	0.423971	0.00395408	0.000887298	0.0840796	0.00153174	0.111092	0.0331246	0.00562369	0.0018046	0.00755492	0.00340734	0.0158031	0.0502169	0.0886298	0.00439864	0.0837455
141	0.0405513	0.0129716	0.188589	0.00476091	0.0128015	0.0119385	0.00378738	0.0445779	0.00838442	0.0212783	0.0124263	0.266411	0.00525105	0.00927539	0.00668882	0.163198	0.0900936	0.0854587	0.00488948	0.00666729
142	0.115803	0.00362169	0.00180433	0.00208268	0.065339	0.0307237	0.00605721	0.029581	0.00546625	0.158142	0.00996338	0.00319616	0.0278721	0.0063613	0.00663423	0.0585776	0.11246	0.248682	0.0748498	0.0327835
143	0.0770074	0.00617392	0.00110696	0.0012652	0.172704	0.0211954	0.00188531	0.134549	0.00324581	0.148262	0.0117804	0.00317658	0.00926578	0.00487959	0.0268516	0.0264882	0.046186	0.245852	0.0289899	0.0291343
144	0.143193	0.01646	0.0159718	0.00812324	0.0304283	0.263048	0.00858579	0.0379764	0.0296819	0.0806036	0.0255673	0.0275197	0.0109956	0.0162004	0.0253841	0.111441	0.066355	0.0703349	0.00614564	0.00598411
145	0.0712352	0.0086649	0.00099044	0.000830534	0.20083	0.0211123	0.00137502	0.129597	0.00204035	0.224236	0.0449775	0.00218393	0.00326182	0.00353006	0.00324873	0.0163377	0.0278946	0.208202	0.00841557	0.0210369
146	0.130995	0.0285432	0.000378699	0.000497589	0.0980829	0.0451209	0.000426994	0.0649272	0.000799219	0.226597	0.104815	0.000879399	0.000867263	0.000710696	0.000525046	0.0612565	0.0861132	0.144654	0.000997968	0.00281257
147	0.0490362	0.00536101	0.00324474	0.0405379	0.0815294	0.0104428	0.0185195	0.0887395	0.0248457	0.272305	0.062954	0.00571726	0.00493815	0.067342	0.0181237	0.0184263	0.0223349	0.111575	0.00711345	0.0869135
148	0.041677	0.00815515	0.00264628	0.00499704	0.0899386	0.00882117	0.00493922	0.138975	0.00858238	0.303604	0.157434	0.00389553	0.0040209	0.0277651	0.00311381	0.011476	0.0182188	0.129992	0.0127994	0.0189477
149	0.0553739	0.00869633	0.00205439	0.00122114	0.102113	0.0130066	0.00205088	0.120978	0.00343318	0.342533	0.152435	0.00166783	0.00192099	0.00634177	0.000727569	0.0213988	0.0260744	0.12228	0.00487428	0.0108188
150	0.213099	0.0182558	0.00131056	0.000613366	0.0331764	0.171062	0.000616394	0.0415181	0.000628634	0.101291	0.0349112	0.00206269	0.00710762	0.00167685	0.000870654	0.120353	0.149088	0.10019	0.00109709	0.00107331
151	0.416001	0.062162	0.00147725	0.00141465	0.00769198	0.1044	0.00166511	0.0104457	0.00178788	0.0120575	0.00782107	0.00422422	0.00275872	0.00278127	0.00220815	0.31379	0.0195939	0.0239728	0.00181504	0.0019312
152	0.0382553	0.00748841	0.00165965	0.0253036	0.0209873	0.0111977	0.00256817	0.273226	0.00466115	0.169185	0.0613361	0.00276068	0.0101701	0.00874007	0.00463152	0.0158343	0.0432631	0.28322	0.00709689	0.00841513
153	0.155328	0.048887	0.000733835	0.00648125	0.0230892	0.0540064	0.0019759	0.145722	0.00168306	0.143333	0.0270848	0.00621439	0.00474155	0.00173189	0.00158505	0.0367464	0.0710491	0.226079	0.00936677	0.0341623
154	0.20711	0.0322507	0.00160995	0.00109078	0.0827844	0.111723	0.000785348	0.0344397	0.00151643	0.104627	0.0442782	0.00268738	0.00584738	0.00277937	0.00212308	0.112083	0.144903	0.102016	0.00256509	0.00277987
155	0.105705	0.00439422	0.108269	0.22426	0.0114216	0.043438	0.00401991	0.042664	0.0727778	0.0343915	0.0134079	0.03886	0.0338383	0.0484151	0.0516266	0.0528872	0.0418295	0.0562148	0.00418871	0.00739096
156	0.46977	0.067149	0.00146008	0.00173751	0.00593667	0.0676247	0.00141053	0.0106722	0.00241631	0.00883507	0.00750632	0.00440198	0.00313174	0.00286954	0.00257318	0.300615	0.0158285	0.0221003	0.00190872	0.00205219
157	0.124729	0.0253518	0.000469676	0.000329726	0.105752	0.0421605	0.000423209	0.055032	0.000951223	0.250162	0.113052	0.000712543	0.000914202	0.000847001	0.000563366	0.0585542	0.0798913	0.137832	0.00128816	0.000982922
158	0.0525618	0.00336492	0.0271197	0.0275764	0.00717776	0.0490135	0.0464357	0.0157308	0.242741	0.0346118	0.0128545	0.0545845	0.0254071	0.0415314	0.223568	0.0667698	0.0346019	0.0209006	0.00445778	0.00899102
159	0.0711593	0.0129198	0.00750773	0.00489957	0.048594	0.0230733	0.00431231	0.108487	0.0106697	0.319714	0.099366	0.0417381	0.00842004	0.011427	0.00956692	0.0671826	0.042775	0.0862556	0.00703053	0.0149015
160	0.0783086	0.0293392	0.000703206	0.00419712	0.0128745	0.0235565	0.00148537	0.248788	0.00141193	0.127835	0.0455616	0.00302541	0.00663449	0.00364426	0.00163303	0.0198986	0.0701809	0.298899	0.00687053	0.0151522
161	0.08567	0.0076649	0.00152151	0.00132836	0.0887623	0.0129804	0.00173645	0.0608898	0.00400711	0.445248	0.134792	0.00352119	0.00203095	0.00662593	0.00182544	0.0309679	0.0295502	0.0676866	0.00342405	0.00976768
162	0.0424754	0.00850294	0.00160438	0.00282345	0.0519573	0.012724	0.00133461	0.259503	0.0022165	0.166799	0.0848477	0.00197845	0.00474747	0.00557425	0.0017234	0.0181305	0.050842	0.270275	0.00527194	0.00666868
163	0.0942426	0.00408208	0.0432172	0.143983	0.0162781	0.0421554	0.00539383	0.0313888	0.0738113	0.0405843	0.0169925	0.0607271	0.0244335	0.173067	0.0560598	0.0546899	0.0577488	0.0458336	0.00492074	0.0103905
164	0.0464564	0.00915728	0.00294866	0.00773333	0.0671501	0.0104784	0.014043	0.150617	0.0258245	0.309553	0.108869	0.00245224	0.0062026	0.0149358	0.0095364	0.0149233	0.0271143	0.139661	0.0121265	0.0202173
165	0.0544536	0.00476798	0.00142405	0.00123611	0.281775	0.0160362	0.00122726	0.0460521	0.00264212	0.37183	0.0642803	0.00219289	0.00160723	0.00406091	0.00146877	0.0131052	0.0395381	0.0782982	0.00246328	0.0115408
166	0.0459124	0.00910197	0.00231215	0.00196558	0.0733579	0.0111602	0.00358226	0.141769	0.00459695	0.373275	0.12567	0.00181688	0.00483221	0.00667204	0.00182604	0.0125687	0.024415	0.135709	0.00653284	0.0129245
167	0.124532	0.0087874	0.0160473	0.026946	0.00603693	0.115072	0.00876398	0.012616	0.129252	0.018448	0.010073	0.0965164	0.0154122	0.0558751	0.0596776	0.133488	0.135558	0.0203872	0.00355794	0.00295264
168	0.0708829	0.00794584	0.0302831	0.0150777	0.00313462	0.0600281	0.037667	0.00560633	0.224764	0.0163139	0.00712696	0.102262	0.0118897	0.0404165	0.141768	0.129734	0.0771062	0.0104982	0.00259872	0.00489464
169	0.0370805	0.00159481	0.0273602	0.0166178	0.00497241	0.0339938	0.0645575	0.00919093	0.283069	0.0274693	0.00849012	0.0537826	0.0214968	0.0406592	0.262899	0.0560604	0.023211	0.01231	0.00301776	0.0121666
170	0.0544687	0.00351998	0.0353135	0.0189455	0.0039452	0.243679	0.00965281	0.00559566	0.15263	0.0332382	0.0168447	0.078542	0.00336832	0.0416076	0.116086	0.117268	0.0450818	0.0085654	0.00790168	0.00374551
171	0.0386358	0.0048233	0.00298339	0.00303302	0.109101	0.00601283	0.0037477	0.150258	0.0049886	0.325819	0.147529	0.0017747	0.00321243	0.00990142	0.00164203	0.00909071	0.016338	0.132096	0.00608013	0.0229331
172	0.0871025	0.0179941	0.0168083	0.00118994	0.00312387	0.0488	0.0270078	0.00417283	0.202271	0.00671223	0.00306049	0.124677	0.00460287	0.0196698	0.0873217	0.197668	0.131806	0.0124396	0.00131195	0.00226058
173	0.05336	0.00862628	0.00234666	0.00164241	0.0998235	0.0132145	0.0024657	0.122611	0.00420815	0.3397	0.151919	0.00160252	0.00273844	0.00739942	0.000968278	0.0169461	0.0251779	0.126432	0.00650528	0.0123124
174	0.0577925	0.0108322	0.135464	0.0353418	0.00983147	0.0739964	0.0130328	0.0285042	0.0428768	0.0208039	0.0134196	0.254718	0.0121072	0.0224694	0.030619	0.112606	0.0633916	0.0502401	0.00578307	0.0061703
175	0.0743227	0.00984699	0.0066567	0.00653286	0.0331674	0.0289108	0.00812654	0.0368562	0.0151166	0.120766	0.0166901	0.0148229	0.23536	0.0184535	0.0214287	0.219366	0.0624957	0.0494262	0.00901391	0.0126408
176	0.042132	0.0085142	0.000863079	0.00366687	0.0399907	0.0148038	0.00149685	0.255414	0.00239903	0.203365	0.0495212	0.000937682	0.00911288	0.00546486	0.00259489	0.0143924	0.0385149	0.290247	0.0123941	0.00417547
177	0.18334	0.00242423	0.01139	0.102813	0.0104836	0.0356224	0.00157109	0.0370931	0.0741624	0.0276912	0.01366	0.0390082	0.0515005	0.0740388	0.0476119	0.106784	0.125071	0.0476835	0.00227657	0.00577377
178	0.198019	0.022559	0.00170073	0.000843272	0.0398063	0.131718	0.00054524	0.0381275	0.00103376	0.101253	0.0454763	0.00244584	0.00767458	0.00195963	0.00108832	0.125597	0.179852	0.0979224	0.00126032	0.00111897
179	0.0489068	0.00667336	0.00272775	0.00578503	0.0787253	0.0108182	0.00531131	0.107373	0.0094171	0.36158	0.15791	0.00524877	0.00372548	0.0282511	0.00434847	0.0167081	0.0192727	0.0988418	0.00958498	0.0187903
180	0.0353455	0.002385	0.00106045	0.00114627	0.200039	0.00529772	0.0421833	0.034748	0.00775912	0.083671	0.0159858	0.0064879	0.00205211	0.00425503	0.00352919	0.026722	0.0201232	0.0451796	0.00950789	0.452522
181	0.0173966	0.00198799	0.00099819	0.00109322	0.0875666	0.00412532	0.073053	0.0133241	0.0116891	0.0295843	0.00334596	0.00836089	0.0017461	0.00250064	0.00507187	0.0335865	0.00550072	0.0223691	0.0148291	0.661871
182	0.024805	0.00336051	0.000531907	0.00263013	0.0112757	0.00610491	0.000337745	0.338011	0.000698883	0.109677	0.0425659	0.000636002	0.00521875	0.00555813	0.00213391	0.0101539	0.0420131	0.389706	0.00384551	0.000736478
183	0.37973	0.0840506	0.00120009	0.00129039	0.00563579	0.0654072	0.00113771	0.00893417	0.00194354	0.00673949	0.00875098	0.00575977	0.0026316	0.00262847	0.00187978	0.372587	0.0220523	0.0234448	0.00252641	0.00166948
184	0.0986106	0.00941899	0.0228526	0.0367204	0.0274454	0.0351224	0.0210399	0.0448394	0.0603597	0.0676105	0.020338	0.0258745	0.220188	0.0277062	0.0465039	0.0854491	0.0632527	0.0684346	0.00885073	0.0093828
185	0.452781	0.0995615	0.00168664	0.0018037	0.00744581	0.0569259	0.00254831	0.0248334	0.00304285	0.0128299	0.0120077	0.00639907	0.00292841	0.00506822	0.00537065	0.245029	0.0231041	0.0272208	0.00484179	0.00457118
186	0.130595	0.0698297	0.0251577	0.00162297	0.00788598	0.0406323	0.00755725	0.0167857	0.0651985	0.0150617	0.0108581	0.106312	0.00489815	0.0109774	0.0279212	0.266812	0.146721	0.0377227	0.00391481	0.0035366
187	0.105545	0.0252772	0.0017067	0.00166605	0.450378	0.0369327	0.0017483	0.0138483	0.00242249	0.224259	0.0120471	0.00298881	0.00198465	0.00399035	0.00286733	0.0348185	0.0277193	0.0329993	0.00873688	0.00806408
188	0.0892998	0.0125263	0.000447672	0.0004407	0.110375	0.0400333	0.000582383	0.16448	0.00180111	0.198262	0.0108982	0.000832531	0.00355806	0.00149404	0.00398091	0.0181832	0.014739	0.312909	0.0115782	0.00357868
189	0.0438464	0.130625	0.00395392	0.00293905	0.556499	0.0204875	0.00419025	0.0121527	0.00508923	0.0503525	0.0118289	0.00543648	0.00422473	0.00742952	0.00716256	0.0238623	0.0165514	0.0254604	0.0587969	0.00911189
190	0.0989418	0.0171173	0.00351136	0.00399893	0.0882829	0.0346501	0.00279268	0.0933524	0.0069331	0.263362	0.064855	0.00628023	0.00924039	0.00908082	0.00619804	0.0496722	0.0912211	0.131405	0.00691071	0.0121943
191	0.106742	0.0452598	0.00138239	0.00120925	0.227681	0.0376969	0.00147355	0.0362408	0.00211029	0.247171	0.0453103	0.00209711	0.00155076	0.0023606	0.00200039	0.100859	0.0613031	0.0725165	0.00264504	0.00238992
192	0.0784484	0.00943937	0.000475018	0.00046174	0.0927439	0.031067	0.000570259	0.199115	0.00122473	0.188463	0.0138293	0.000687966	0.00263476	0.00186463	0.00407807	0.0160272	0.0164235	0.331513	0.00866313	0.00227007
