337	20
1	0.0182964	0.00353599	0.180375	0.136357	0.00869405	0.0254699	0.0467316	0.00713369	0.0606888	0.0199561	0.00377801	0.0681489	0.0410303	0.0850716	0.0241221	0.157329	0.0767033	0.0141563	0.00346611	0.018956
2	0.074871	0.0140552	0.0186758	0.0397337	0.00766651	0.0218799	0.0257832	0.0398	0.173208	0.0403982	0.0285695	0.036775	0.0189041	0.0751193	0.170382	0.0627178	0.0581628	0.0824031	0.000196454	0.010698
3	0.0131381	0.00270838	0.000545193	0.000650309	0.00848289	0.000600853	0.000627444	0.403582	0.00325726	0.113826	0.0250397	0.000887094	0.000405469	0.00248544	0.000709522	0.00307221	0.00596233	0.40983	0.000138077	0.00405126
4	0.00280185	0.00976986	0.00517942	0.00601453	0.172415	0.00518986	0.063134	0.00427681	0.00286379	0.0177666	0.00239436	0.00424663	0.00526429	0.00976108	0.0103432	0.0073852	0.00706585	0.00910422	0.0158562	0.639167
5	0.00354749	0.00148672	0.00186601	0.0221792	0.00732505	0.00821537	0.0133748	0.0131575	0.589581	0.0329256	0.0021451	0.019636	0.00131793	0.0176767	0.193184	0.00441354	0.0167967	0.0149196	0.000561627	0.03569
6	0.0442412	0.00376098	0.29435	0.344709	0.000436799	0.0374969	0.00994934	0.00055378	0.0283524	0.00322475	0.00177966	0.0585976	0.00955707	0.0471037	0.0053016	0.0531665	0.0468937	0.00989019	0.000169829	0.000464828
7	0.0307907	0.00367792	0.19266	0.439249	0.00310386	0.0250783	0.00892442	0.00370147	0.0356743	0.0123349	0.0038659	0.0423143	0.00700352	0.0926851	0.0100741	0.0413804	0.0317053	0.0129061	0.000508264	0.00236187
8	0.0147461	0.50425	0.084074	0.00926041	0.00603466	0.03028	0.00455059	0.00935199	0.0109346	0.0111273	0.00702019	0.0527906	0.0103442	0.00673128	0.0119058	0.139293	0.0635534	0.0159114	0.00417735	0.0036636
9	0.167923	0.0206334	0.00754171	0.00809802	0.00374584	0.0141317	0.0031476	0.0897154	0.00333792	0.1116	0.0421064	0.00977977	0.0609032	0.00433816	0.00977014	0.0930624	0.124665	0.222733	0.000567026	0.00220158
10	0.0122106	0.421959	0.0533773	0.00815101	0.00429175	0.0301892	0.00257164	0.00431271	0.0106473	0.00508629	0.00910595	0.0341901	0.0107988	0.004223	0.00803129	0.223151	0.12813	0.0231815	0.0039316	0.00245975
11	0.00484854	0.0276339	0.00403497	0.00481984	0.31424	0.0030832	0.0452266	0.015504	0.0106028	0.058934	0.0142682	0.00707292	0.00703735	0.00791467	0.012407	0.00752002	0.0138969	0.0207718	0.00693941	0.413244
12	0.138693	0.00200367	0.149403	0.206289	0.00492389	0.00890323	0.0352549	0.0103982	0.054937	0.0346494	0.0121343	0.0634566	0.00423164	0.0767452	0.0164705	0.0955771	0.0402859	0.0433954	0.000471631	0.00177643
13	0.0134475	0.00579957	0.0370706	0.0137357	0.00694664	0.0216748	0.00267358	0.00228805	0.00728537	0.00420349	0.00192128	0.0518397	0.00553369	0.00320557	0.0151911	0.385757	0.415478	0.00388048	0.000589712	0.00147852
14	0.203198	0.0213418	0.00830145	0.0175602	0.0112888	0.0198305	0.028469	0.027896	0.00886868	0.00601795	0.0217895	0.0107704	0.374077	0.0285615	0.0328786	0.099101	0.0287686	0.0394111	0.0100561	0.00181432
15	0.0384631	0.00747119	0.260693	0.331529	0.00114544	0.0395823	0.0166307	0.00182107	0.0324534	0.00474939	0.00242546	0.0525363	0.0527578	0.046438	0.00584189	0.0513249	0.0395925	0.0127609	0.000678421	0.00110506
16	0.0254714	0.00523019	0.140294	0.041182	0.00118222	0.31272	0.0489899	0.0014346	0.0354674	0.0108608	0.00411756	0.209001	0.0061739	0.0235322	0.00166246	0.0942468	0.0298681	0.00273478	0.00103627	0.00479446
17	0.0978081	0.00657441	0.0294431	0.0568505	0.00610952	0.424423	0.0140285	0.00867689	0.0505228	0.0142272	0.00574373	0.0235234	0.0654248	0.0346981	0.0310048	0.0840256	0.0201803	0.0190829	0.00185983	0.00579225
18	0.0111339	0.00237092	0.000650578	0.00118249	0.0208915	0.000798107	0.000617646	0.340312	0.00316243	0.236615	0.0242867	0.00233988	0.00105386	0.00506161	0.00174085	0.00463498	0.0114334	0.326055	0.000668225	0.00498991
19	0.00392142	0.0311415	0.0104349	0.0069726	0.225458	0.00271743	0.0300419	0.0261267	0.0147596	0.0776478	0.0174171	0.0250211	0.00374483	0.0148815	0.011417	0.00831163	0.0214155	0.0408312	0.00690138	0.420837
20	0.0131381	0.00270838	0.000545193	0.000650309	0.00848289	0.000600853	0.000627444	0.403582	0.00325726	0.113826	0.0250397	0.000887094	0.000405469	0.00248544	0.000709522	0.00307221	0.00596233	0.40983	0.000138077	0.00405126
21	0.00894114	0.526501	0.111885	0.00762531	0.00370564	0.0313479	0.00338149	0.00521803	0.00881035	0.00612616	0.00451018	0.0653331	0.00733389	0.00536515	0.00983671	0.130447	0.0478929	0.0093142	0.00380393	0.00262081
22	0.0168608	0.00232492	0.00325353	0.00531954	0.0339452	0.000787065	0.000675157	0.0946863	0.0132372	0.569392	0.180034	0.00118444	0.00314158	0.00888991	0.00650041	0.0052415	0.00831338	0.0376382	0.00182774	0.00674618
23	0.0863694	0.0201586	0.0132553	0.0159286	0.0314559	0.0171208	0.0655916	0.0355758	0.0780558	0.0438817	0.0146617	0.0987939	0.0026328	0.0672373	0.0672381	0.142794	0.116032	0.0393701	0.00559153	0.0382553
24	0.0552307	0.00839002	0.0724333	0.190397	0.00112897	0.00353149	0.00465027	0.0168399	0.161086	0.0225169	0.00252183	0.0778062	0.0196401	0.117195	0.153417	0.0303024	0.0273763	0.0255965	0.00035374	0.00958491
25	0.0667513	0.0123325	0.0425836	0.0730191	0.0048687	0.0162866	0.0218849	0.0455252	0.16026	0.0365762	0.0192382	0.0475553	0.0216578	0.0856846	0.159721	0.0488111	0.0474255	0.0785493	0.000218646	0.0110511
26	0.0451388	0.0108925	0.00856673	0.00914576	0.0105053	0.0121391	0.0111749	0.285388	0.0499627	0.13335	0.0980616	0.0266739	0.0344803	0.010625	0.0340058	0.0206364	0.0326637	0.163345	0.00102289	0.00222181
27	0.0692391	0.00956613	0.0104198	0.0316519	0.0126146	0.0285617	0.0380173	0.0478606	0.101202	0.0415641	0.0104722	0.0795271	0.0227937	0.0437587	0.0290133	0.110715	0.261884	0.0362045	0.00279978	0.0121347
28	0.0038561	0.00157901	0.00191019	0.0227224	0.0073819	0.00824131	0.0136266	0.0134268	0.584392	0.0330742	0.00216751	0.0188743	0.00135466	0.0179523	0.19585	0.00468122	0.0167267	0.0157281	0.000501478	0.0359532
29	0.0151497	0.00191649	0.00313864	0.00460873	0.0345631	0.000701924	0.000640705	0.099203	0.0126819	0.565605	0.181587	0.00111326	0.00319664	0.00911942	0.00636145	0.00492939	0.00859672	0.0380328	0.00190199	0.00695228
30	0.226769	0.00925034	0.0125809	0.100779	0.0351955	0.219963	0.0107053	0.00806645	0.0161366	0.0181364	0.00871808	0.0408368	0.00747705	0.0347689	0.0390469	0.0710118	0.040786	0.0669244	0.0210475	0.0117996
31	0.448343	0.0851586	0.00183581	0.00240863	0.00477684	0.0279145	0.00175356	0.0297943	0.01973	0.0274666	0.00745398	0.00782509	0.00155413	0.00264057	0.00981115	0.173949	0.0236031	0.111513	0.000594387	0.0118734
32	0.119459	0.04158	0.00262536	0.0038503	0.00393902	0.00321423	0.0102582	0.219256	0.0115946	0.0618386	0.0154564	0.00523309	0.00195477	0.00536496	0.00360378	0.0219504	0.0464419	0.38987	0.000592793	0.0319167
33	0.117195	0.00241226	0.100636	0.208663	0.00347289	0.00503567	0.0185161	0.0149356	0.0965678	0.0301011	0.0134983	0.0747245	0.00562362	0.115035	0.0422388	0.0751453	0.040056	0.0329769	0.000385992	0.00277959
34	0.221779	0.00344799	0.00860082	0.0582856	0.00444455	0.28074	0.0113415	0.0129384	0.0619231	0.0180494	0.00387523	0.0151097	0.00379256	0.0340072	0.0368936	0.15556	0.0354426	0.00756918	0.00129345	0.0249054
35	0.0131381	0.00270838	0.000545193	0.000650309	0.00848289	0.000600853	0.000627444	0.403582	0.00325726	0.113826	0.0250397	0.000887094	0.000405469	0.00248544	0.000709522	0.00307221	0.00596233	0.40983	0.000138077	0.00405126
36	0.0123027	0.452308	0.063626	0.00827188	0.00445982	0.0298451	0.00295908	0.00532787	0.0110714	0.00524958	0.00799805	0.0411441	0.0104465	0.00451582	0.00962311	0.194348	0.110326	0.0192823	0.00419736	0.00269689
37	0.0219333	0.00250241	0.261243	0.291471	0.000948926	0.082697	0.0160181	0.00132362	0.0583974	0.0137671	0.00201147	0.0775406	0.0100065	0.0544216	0.00899033	0.0464441	0.0412654	0.00651044	0.00141608	0.00109233
38	0.0427057	0.0137669	0.00541425	0.0275367	0.0206132	0.00421861	0.00306437	0.049234	0.0407083	0.514822	0.162942	0.00587138	0.00379199	0.0101039	0.0081545	0.0194965	0.00993564	0.0500105	0.00156867	0.00604028
39	0.0754539	0.0134375	0.0193296	0.0405804	0.0077991	0.0224545	0.0271183	0.0413016	0.173637	0.0401059	0.0272663	0.0367068	0.017698	0.0777967	0.165019	0.0639107	0.0585926	0.0806688	0.000163201	0.0109605
40	0.0443969	0.00374895	0.293762	0.344249	0.000436134	0.037338	0.00988848	0.000562187	0.0286853	0.00328934	0.00179976	0.058731	0.0096254	0.0473449	0.00543598	0.0531824	0.0469852	0.00989352	0.000171581	0.00047363
41	0.0448361	0.010905	0.0952095	0.0379729	0.0145358	0.0362764	0.0690103	0.0162088	0.0358397	0.0264582	0.00972165	0.307457	0.010359	0.0284522	0.0593149	0.110163	0.036043	0.0211657	0.00190188	0.028169
42	0.0170086	0.00973855	0.00158903	0.00360193	0.0480516	0.00430629	0.00171444	0.19616	0.00439981	0.438532	0.0399972	0.00989852	0.00541878	0.0112921	0.00558479	0.0101872	0.0241181	0.160284	0.00243479	0.00568235
43	0.0136254	0.00778831	0.00500614	0.00626425	0.115967	0.0297023	0.0149378	0.0396124	0.0171059	0.0773517	0.0273199	0.0174255	0.0125504	0.00768794	0.0329772	0.0132289	0.0113289	0.0307648	0.387362	0.131993
44	0.0151822	0.00195038	0.00318612	0.00481227	0.0352923	0.000742718	0.000642263	0.0985077	0.0128066	0.564412	0.182313	0.0011413	0.00327504	0.00913567	0.00633238	0.00499086	0.0084939	0.0378602	0.00191902	0.00700401
45	0.0422412	0.16702	0.0303691	0.0238624	0.0233605	0.0197545	0.0218758	0.0371385	0.0400431	0.0519754	0.0179889	0.141719	0.0108839	0.0380194	0.0754432	0.0732087	0.0642425	0.103019	0.00460416	0.0132313
46	0.0157363	0.0033869	0.00304186	0.00576803	0.0374392	0.00286556	0.00144561	0.121985	0.0107046	0.526923	0.120833	0.00439286	0.00418299	0.0109754	0.01006	0.00847742	0.0176633	0.0858443	0.00204132	0.00623378
47	0.0422128	0.0129576	0.0532622	0.0653317	0.0357895	0.0150711	0.0919987	0.0286595	0.0559465	0.0482206	0.00970159	0.0695027	0.0118076	0.0936847	0.0318914	0.15236	0.0997299	0.0373189	0.00354688	0.0410061
48	0.0225836	0.342468	0.0901788	0.0169926	0.00947706	0.0267855	0.00751751	0.0153817	0.0176727	0.0191709	0.012457	0.0401676	0.03838	0.015596	0.0460005	0.111498	0.131446	0.024677	0.0044979	0.00705154
49	0.0664427	0.00572307	0.0244555	0.0498866	0.00638804	0.627286	0.0112681	0.00356076	0.0164278	0.00672243	0.00528674	0.0198423	0.0350647	0.0173854	0.0232111	0.0502248	0.0100355	0.0141289	0.00151331	0.00514651
50	0.228146	0.00390108	0.0057297	0.0214543	0.0322793	0.00709713	0.0995312	0.0071267	0.0405166	0.0254737	0.036491	0.0696668	0.00306547	0.0128939	0.0103612	0.146101	0.135562	0.00934982	0.00169065	0.103563
51	0.0147649	0.00315836	0.000576788	0.000696427	0.00848688	0.000672702	0.000777257	0.399892	0.00360544	0.113139	0.0249726	0.00100662	0.00057317	0.00257343	0.000788208	0.00326136	0.00677047	0.409736	0.000143779	0.00440415
52	0.0526351	0.00885489	0.00954389	0.0146134	0.226913	0.108039	0.0419366	0.0141574	0.0141418	0.0805938	0.168414	0.0490878	0.00793437	0.0145212	0.0480689	0.0572671	0.0198596	0.0174039	0.00299135	0.0430232
53	0.0214569	0.483799	0.0783275	0.00859286	0.00481112	0.0364478	0.00427691	0.00709969	0.012196	0.00894454	0.00746626	0.0511563	0.00818303	0.00625462	0.0107521	0.155399	0.0693294	0.0175368	0.00464703	0.00332345
54	0.0368065	0.00544704	0.0226449	0.0612777	0.00653516	0.628132	0.0103001	0.00375323	0.0200446	0.00668227	0.00368429	0.00941167	0.0615897	0.0201372	0.0307024	0.0414577	0.00808869	0.0171627	0.0019494	0.00419323
55	0.0293503	0.00531548	0.0151977	0.0819343	0.00167851	0.0200626	0.0236392	0.01107	0.238199	0.0113611	0.00868472	0.0199703	0.0041848	0.137231	0.308773	0.0392433	0.0268699	0.0109075	0.00409719	0.00223035
56	0.0292572	0.00402396	0.0134907	0.0842003	0.00149075	0.026584	0.0258326	0.00454726	0.255055	0.00596113	0.0072143	0.0203403	0.00426958	0.14342	0.284055	0.0507611	0.0276736	0.00434802	0.00629209	0.00118372
57	0.0461766	0.00619188	0.0205282	0.0629319	0.00714127	0.603907	0.0156283	0.00462411	0.0255403	0.00780086	0.00431111	0.0115801	0.0377909	0.022998	0.039343	0.047845	0.00951397	0.0175968	0.00288531	0.00566537
58	0.0481696	0.0204222	0.0217056	0.0339195	0.0341306	0.0130662	0.141712	0.0251496	0.0555581	0.0428669	0.00913415	0.147144	0.00538165	0.0526791	0.0605792	0.107249	0.0751453	0.0303071	0.00358817	0.0720927
59	0.0254196	0.00528145	0.139536	0.040745	0.00118667	0.313479	0.0489804	0.00145743	0.0352375	0.0108238	0.00425681	0.209679	0.0061146	0.0233388	0.00171076	0.0943516	0.0298663	0.00273929	0.00100782	0.00478881
60	0.119043	0.00598147	0.045217	0.0629688	0.00729836	0.369458	0.0435644	0.00654161	0.0422123	0.011869	0.00587202	0.0606128	0.0129556	0.0283718	0.0307662	0.0997776	0.022238	0.0120274	0.00208716	0.0111376
61	0.445477	0.00580589	0.00334368	0.00795084	0.00697315	0.306466	0.0052771	0.00442294	0.0111126	0.00952149	0.0185714	0.0183361	0.00301186	0.0179756	0.0116089	0.0853142	0.0197863	0.0104853	0.00120207	0.00735686
62	0.00786115	0.00282605	0.00116356	0.00405665	0.0508345	0.00145121	0.000648929	0.168502	0.00298202	0.518768	0.034519	0.0055001	0.00301043	0.0128535	0.00591348	0.00989191	0.0269152	0.132435	0.00317647	0.00669149
63	0.0245377	0.00230375	0.236405	0.26194	0.00134137	0.0708961	0.0150769	0.00288761	0.0781549	0.020074	0.00271592	0.0813363	0.0109722	0.0702462	0.0174205	0.0508249	0.0415502	0.00809429	0.00169398	0.00152796
64	0.0816855	0.00383125	0.00441375	0.0154453	0.189822	0.00539846	0.131751	0.00609782	0.0194138	0.0126377	0.0146984	0.0329896	0.00751622	0.0149394	0.0110817	0.0856856	0.0676413	0.00783364	0.00574952	0.281369
65	0.0440503	0.00295964	0.00230406	0.0106304	0.314848	0.00252019	0.0717685	0.002744	0.0105388	0.00445121	0.00986362	0.0111999	0.00923675	0.0184422	0.00402271	0.0730652	0.0449419	0.00385608	0.00810914	0.350447
66	0.0548537	0.00973923	0.0666283	0.187454	0.00130234	0.00347967	0.00476502	0.0172132	0.168157	0.0247436	0.00357461	0.0718501	0.0166754	0.116135	0.165766	0.0282225	0.0239132	0.024084	0.000369304	0.0110741
67	0.00713323	0.0197639	0.0043544	0.00567045	0.251335	0.0041228	0.0698429	0.00831324	0.00791132	0.0369056	0.00773016	0.00594606	0.00612755	0.00916568	0.0149631	0.0123768	0.0125761	0.0135586	0.0102435	0.491959
68	0.195777	0.0230229	0.00863327	0.0176721	0.00883374	0.0348703	0.0307986	0.0207155	0.0115369	0.00767721	0.021717	0.0107375	0.372701	0.0250847	0.0278415	0.110968	0.0280073	0.0322458	0.00901359	0.00214583
69	0.00928165	0.00410648	0.00105668	0.00258888	0.0511387	0.00174114	0.000655049	0.183821	0.00281454	0.502812	0.0338206	0.00514799	0.00290241	0.010226	0.00432568	0.00792385	0.0218972	0.144806	0.00234581	0.00658876
70	0.465941	0.0820805	0.00177271	0.00213285	0.00389418	0.0256736	0.00166048	0.0273393	0.0146712	0.0195963	0.00594767	0.00862276	0.00133111	0.00249937	0.00999049	0.173349	0.0231163	0.119071	0.000490996	0.0108193
71	0.018078	0.00424432	0.00099375	0.00133328	0.009468	0.0026812	0.00119996	0.382396	0.00366804	0.115921	0.0301251	0.0020906	0.0020236	0.00348382	0.00155773	0.00456733	0.0108723	0.400481	0.000194077	0.00462078
72	0.0169148	0.00342434	0.00756376	0.0326877	0.00657091	0.0156033	0.0159767	0.0175746	0.498408	0.0310267	0.0054725	0.022309	0.00334981	0.0364636	0.19987	0.0163607	0.0212957	0.0203862	0.000897308	0.0278444
73	0.0154697	0.00338734	0.00299331	0.00462802	0.0361567	0.00147256	0.00149158	0.111337	0.0119563	0.545131	0.165567	0.00223671	0.0035379	0.0106891	0.00665571	0.00637729	0.0114169	0.0507099	0.00218671	0.00659985
74	0.0244193	0.00437219	0.16935	0.138644	0.00174499	0.272387	0.0297164	0.0022763	0.0467052	0.0112937	0.00385312	0.128616	0.0124579	0.0359939	0.00777987	0.0663103	0.031838	0.007159	0.00175872	0.00332436
75	0.0157362	0.0120327	0.0249771	0.00785902	0.00719733	0.0184209	0.00299034	0.00334642	0.00928491	0.00470883	0.00262955	0.0372243	0.00707335	0.00295789	0.0178991	0.375059	0.442163	0.00594317	0.000824159	0.00167302
76	0.0161136	0.00708364	0.00185502	0.00397813	0.0469546	0.00281335	0.00150483	0.203247	0.0060399	0.432066	0.0649123	0.00495943	0.00408828	0.00954619	0.00487036	0.00843953	0.0171003	0.155347	0.0024294	0.00665104
77	0.0442931	0.00379158	0.284916	0.340261	0.00114293	0.0375472	0.0106127	0.00169233	0.0299873	0.00493877	0.00218341	0.0599324	0.0111718	0.048938	0.00627954	0.0539054	0.046091	0.0112896	0.000282877	0.000743191
78	0.0190886	0.00953708	0.000633007	0.00130129	0.015956	0.00238086	0.00119411	0.374788	0.00299846	0.128708	0.0314783	0.00202849	0.00194299	0.00414084	0.00121661	0.00445271	0.00894027	0.383742	0.00072191	0.0047514
79	0.00225035	0.00994696	0.00509104	0.00580548	0.172665	0.00529452	0.0622632	0.00427589	0.00281783	0.0181032	0.00232945	0.00415711	0.00531185	0.00962736	0.0103975	0.00664838	0.00661317	0.00906378	0.0158042	0.641534
80	0.00989595	0.511194	0.104809	0.00780617	0.00423382	0.0306407	0.00359813	0.0052876	0.00952698	0.00649497	0.00544816	0.0645146	0.00732907	0.00529286	0.00987189	0.142127	0.0544833	0.0109391	0.00395166	0.00255557
81	0.00370695	0.0127662	0.00503753	0.00595545	0.188213	0.00532774	0.058017	0.00719807	0.00549033	0.0290028	0.00549945	0.00605942	0.00572424	0.00959581	0.0142317	0.00795776	0.00961625	0.0136774	0.0196741	0.587249
82	0.285708	0.00616964	0.0389283	0.0714677	0.0119065	0.0233772	0.013668	0.0202261	0.0973033	0.0274234	0.00555556	0.0262515	0.0649942	0.0344439	0.0336346	0.167686	0.0310678	0.0366345	0.00165991	0.00189325
83	0.0319102	0.192684	0.183441	0.20412	0.00397782	0.0329247	0.00850906	0.00667175	0.0247758	0.0121412	0.00604874	0.0500498	0.0125394	0.0361605	0.0145972	0.0851571	0.0734811	0.0158895	0.00182391	0.00309644
84	0.0208501	0.00209852	0.377469	0.0534451	0.00806307	0.0113614	0.00320306	0.0293788	0.0163303	0.0128245	0.010661	0.36275	0.00234064	0.0132654	0.00743563	0.0201506	0.0151997	0.0222644	0.00151513	0.00939354
85	0.0441203	0.00390381	0.293601	0.345024	0.000448395	0.0376911	0.0100648	0.000572898	0.0283432	0.00323496	0.0017869	0.058418	0.0102063	0.0469481	0.00528313	0.0531083	0.0465547	0.0100269	0.000178256	0.000484726
86	0.161035	0.00649008	0.0866961	0.105351	0.0193767	0.012895	0.0126291	0.0294281	0.0140136	0.0821641	0.032369	0.0375051	0.0716539	0.0378189	0.0179544	0.163007	0.0474637	0.047771	0.00102027	0.0133581
87	0.0536194	0.00971344	0.0216107	0.0339955	0.00862726	0.0129154	0.0185539	0.0676929	0.174094	0.0649815	0.0324675	0.0271566	0.0110005	0.0571303	0.148562	0.0548241	0.0743817	0.121172	0.000529915	0.00697241
88	0.0353823	0.0124578	0.03538	0.0372468	0.00611805	0.00534428	0.00553782	0.131259	0.115882	0.113451	0.0222887	0.0214042	0.00297008	0.044024	0.0923794	0.0689568	0.112977	0.134028	0.000658909	0.002254
89	0.040632	0.00421687	0.254193	0.0510974	0.0287466	0.0136867	0.00583448	0.0528175	0.016113	0.0189567	0.0151483	0.35326	0.00326611	0.0189578	0.0096533	0.0244247	0.0278319	0.046731	0.00661623	0.00781669
90	0.0464583	0.00430248	0.0350939	0.0533041	0.00101786	0.0178513	0.00100082	0.0053683	0.0459753	0.035304	0.00427406	0.0188575	0.602993	0.0231846	0.00943724	0.0548561	0.0275361	0.0122274	0.000288009	0.000669629
91	0.0124635	0.0068551	0.0585343	0.0467863	0.0454607	0.0174468	0.152479	0.0174535	0.0607927	0.107558	0.00498403	0.183524	0.00395901	0.0565665	0.025014	0.0530296	0.0147485	0.0134364	0.0010018	0.117905
92	0.0108231	0.00548289	0.00149487	0.00289319	0.0513885	0.00380555	0.00176632	0.191538	0.00390279	0.461618	0.0348701	0.0091582	0.00744218	0.0131434	0.00594999	0.00916283	0.028902	0.148464	0.00207636	0.00611802
93	0.291997	0.00727489	0.0394123	0.0809293	0.00918473	0.0273977	0.0164981	0.0207928	0.107768	0.0350242	0.00702107	0.0219114	0.0462533	0.0352493	0.0264036	0.153816	0.0357783	0.0350444	0.00105744	0.00118558
94	0.0726244	0.0147495	0.020987	0.0357347	0.0156914	0.0166833	0.0637933	0.0602295	0.124605	0.0670345	0.0250291	0.0518995	0.0110427	0.0784933	0.121621	0.0650594	0.0583503	0.0786206	0.00153393	0.0162176
95	0.0195779	0.00522277	0.00349371	0.00615208	0.0556261	0.00214764	0.00169691	0.0941352	0.0143296	0.532928	0.171913	0.00193975	0.0036323	0.00857806	0.00676935	0.00693029	0.0086316	0.0423782	0.00232867	0.0115886
96	0.293327	0.00710641	0.0351823	0.0845792	0.00622915	0.0339134	0.0172647	0.0200273	0.105476	0.0453652	0.00657175	0.0178718	0.0293213	0.0385555	0.0207973	0.174069	0.0355653	0.0258214	0.000452106	0.0025049
97	0.0152403	0.0080337	0.014964	0.0310562	0.0473772	0.00849534	0.352261	0.0195113	0.0401415	0.0248234	0.00411955	0.151663	0.0135431	0.0207776	0.0437926	0.0527484	0.042261	0.0227279	0.00131859	0.085144
98	0.00753049	0.00356869	0.00444923	0.00577586	0.0873492	0.0364133	0.0150733	0.0138667	0.0179017	0.0317876	0.014806	0.0194308	0.0148589	0.00549901	0.0413581	0.00968298	0.0083957	0.0213546	0.486288	0.15461
99	0.0912436	0.0221203	0.025653	0.0684079	0.00718398	0.423443	0.0252013	0.00888497	0.0630793	0.0176344	0.00807401	0.0297262	0.0230271	0.0369515	0.0412568	0.0621789	0.0199548	0.0173662	0.00155955	0.0070534
100	0.00879798	0.00437041	0.0011503	0.00285142	0.053804	0.00166234	0.000642171	0.17234	0.00345636	0.519884	0.0424916	0.00532344	0.00301685	0.010401	0.00444733	0.00820757	0.0216964	0.126108	0.00245502	0.00689456
101	0.0222656	0.00197494	0.37502	0.0553938	0.00901862	0.00981804	0.00307462	0.03227	0.016316	0.014473	0.0119814	0.354854	0.00226236	0.0147124	0.00666635	0.0171769	0.0167796	0.0239396	0.00180679	0.0101958
102	0.0246611	0.00626668	0.00123432	0.00230727	0.0198589	0.0177977	0.00188438	0.244387	0.00399952	0.173925	0.100643	0.00770207	0.0192637	0.00937615	0.00765275	0.00914029	0.0417197	0.306265	0.000279437	0.00163556
103	0.100279	0.0192585	0.0329361	0.0144536	0.017732	0.0200689	0.0063325	0.137786	0.0153366	0.123819	0.0799904	0.0473875	0.0163786	0.0220792	0.0441036	0.0463393	0.129503	0.122587	0.000992302	0.00263758
104	0.0322736	0.00360174	0.173658	0.432344	0.00261276	0.0244026	0.00796121	0.00450767	0.0473889	0.0128319	0.00420533	0.0444206	0.00737054	0.0951614	0.0173695	0.0427503	0.0310133	0.0130857	0.000673213	0.00236829
105	0.0178638	0.00290593	0.00345998	0.00669139	0.0325761	0.000974734	0.000915713	0.0981869	0.016188	0.555691	0.180388	0.00188272	0.0033789	0.00933458	0.00777899	0.00568784	0.00877207	0.0389764	0.00179821	0.00654881
106	0.0757536	0.00445817	0.101572	0.295841	0.00551681	0.0140848	0.00951401	0.0120749	0.0652643	0.0160259	0.00907971	0.0840755	0.00922426	0.106181	0.0526986	0.0576596	0.0501704	0.0251721	0.000741127	0.00489254
107	0.0118295	0.00276975	0.00079374	0.00167069	0.0274889	0.00103093	0.000728554	0.297491	0.00413417	0.306986	0.0254734	0.00321149	0.0012875	0.00747521	0.00241323	0.00575236	0.0144561	0.277263	0.00112514	0.00661833
108	0.0442412	0.00376098	0.29435	0.344709	0.000436799	0.0374969	0.00994934	0.00055378	0.0283524	0.00322475	0.00177966	0.0585976	0.00955707	0.0471037	0.0053016	0.0531665	0.0468937	0.00989019	0.000169829	0.000464828
109	0.028009	0.0787081	0.0556125	0.0579881	0.0142968	0.063277	0.00559821	0.0341455	0.0162118	0.104991	0.0493612	0.0453389	0.00989437	0.0701955	0.0112033	0.0883331	0.218727	0.0232425	0.00175289	0.0231136
110	0.0509326	0.00410303	0.28471	0.339976	0.000705894	0.0375621	0.0104595	0.00123065	0.0286718	0.00442912	0.00227183	0.056398	0.014225	0.0464738	0.00554923	0.0550095	0.0453521	0.0110458	0.000225919	0.000667405
111	0.262879	0.00929794	0.0449398	0.099624	0.00597355	0.0284446	0.0196929	0.0230606	0.10919	0.0439764	0.0110308	0.0221668	0.0272403	0.0418437	0.021303	0.153002	0.0410776	0.0339885	0.000303873	0.000964197
112	0.0255952	0.00522243	0.140012	0.0408375	0.00117772	0.313117	0.0490129	0.00144449	0.0353344	0.0108556	0.00412328	0.209345	0.0061577	0.0235179	0.00167688	0.0942125	0.0298096	0.00272705	0.00103162	0.00478955
113	0.0805401	0.0135091	0.0200624	0.0443862	0.00728937	0.0224599	0.0266301	0.041771	0.172952	0.041374	0.0279691	0.0360354	0.0175281	0.0771596	0.161219	0.0634573	0.0550398	0.0797542	0.000156447	0.0107067
114	0.0441794	0.00294384	0.00229119	0.0106833	0.314971	0.0025017	0.0716854	0.00279381	0.0105318	0.00442524	0.00991939	0.0112504	0.00930128	0.0186092	0.00401958	0.0732378	0.0451047	0.00385139	0.008128	0.349572
115	0.29487	0.00865864	0.00639226	0.0182037	0.00562252	0.395833	0.00754713	0.00608381	0.0196135	0.0103112	0.011214	0.01806	0.00691344	0.0150579	0.0176978	0.109908	0.0224782	0.0152114	0.000866182	0.00945712
116	0.0464583	0.00430248	0.0350939	0.0533041	0.00101786	0.0178513	0.00100082	0.0053683	0.0459753	0.035304	0.00427406	0.0188575	0.602993	0.0231846	0.00943724	0.0548561	0.0275361	0.0122274	0.000288009	0.000669629
117	0.143477	0.0041383	0.0146557	0.0532724	0.0052712	0.439614	0.0114398	0.00809174	0.0459512	0.00978305	0.00303531	0.010023	0.0137209	0.0241712	0.0424968	0.119779	0.0212864	0.00945695	0.000882601	0.0194535
118	0.00647512	0.0326395	0.00519203	0.00648909	0.264897	0.00408169	0.0423593	0.0206963	0.0281928	0.158426	0.0266363	0.012975	0.00415578	0.00816351	0.0328871	0.00914412	0.0175439	0.0421592	0.00338106	0.273506
119	0.0346647	0.0374524	0.0117636	0.0133588	0.0152944	0.012658	0.00757912	0.134319	0.0117975	0.158811	0.0501786	0.0199798	0.00829633	0.0485573	0.0166592	0.0323473	0.166323	0.198382	0.00154333	0.0200349
120	0.0449362	0.00561363	0.0256069	0.0524097	0.00738138	0.6214	0.0126271	0.00402506	0.0186942	0.00692086	0.00575071	0.0229205	0.0456896	0.0189758	0.0250663	0.0508084	0.00923356	0.0154482	0.00178947	0.00470268
121	0.0151753	0.00192092	0.00314769	0.00463501	0.0345172	0.000695724	0.000636419	0.098941	0.0127174	0.565804	0.181947	0.00110357	0.00319956	0.00911187	0.00636923	0.00493764	0.00856921	0.0377203	0.00191586	0.00693502
122	0.0720863	0.0126254	0.0274269	0.0490498	0.00552027	0.0184811	0.0240843	0.0488496	0.171416	0.0424416	0.0241475	0.0398367	0.0171527	0.0796905	0.166924	0.0521881	0.0509467	0.0865606	0.000170002	0.0104024
123	0.0368586	0.178243	0.0600447	0.027728	0.0202348	0.0346609	0.024211	0.0236772	0.0287671	0.0291359	0.016897	0.232768	0.0111562	0.0286586	0.0318026	0.0988276	0.053902	0.0412235	0.00526858	0.015935
124	0.0149957	0.00201239	0.00310065	0.00460145	0.0371049	0.000944414	0.000663256	0.0999762	0.0124793	0.559665	0.181831	0.00131281	0.00325062	0.0090162	0.00623357	0.00566815	0.00958951	0.0385091	0.00194714	0.00709866
125	0.0145192	0.00468003	0.0242049	0.00676499	0.00702362	0.0178694	0.00148406	0.00205632	0.00788353	0.00279881	0.00166275	0.0358849	0.00421961	0.00223936	0.0189768	0.382771	0.460153	0.00313661	0.000421854	0.00124938
126	0.0133105	0.5071	0.0813346	0.00779056	0.00470607	0.0300777	0.00328871	0.00577251	0.010384	0.00561332	0.00644886	0.0513691	0.00800175	0.00482504	0.00967728	0.157749	0.0696299	0.0161119	0.00380029	0.0030082
127	0.0195257	0.0122225	0.00579114	0.00894045	0.180874	0.00539674	0.065722	0.0104376	0.0112281	0.0274759	0.00799684	0.0147997	0.00531503	0.0126982	0.0125092	0.0261644	0.0271568	0.016203	0.0121044	0.517438
128	0.0151753	0.00192092	0.00314769	0.00463501	0.0345172	0.000695724	0.000636419	0.098941	0.0127174	0.565804	0.181947	0.00110357	0.00319956	0.00911187	0.00636923	0.00493764	0.00856921	0.0377203	0.00191586	0.00693502
129	0.0798405	0.00500639	0.0189469	0.0142526	0.00482066	0.0672395	0.030724	0.00620649	0.0225257	0.00801641	0.0124548	0.432487	0.00888864	0.0180621	0.0213089	0.18819	0.0468213	0.00849789	0.00149542	0.00421466
130	0.00788767	0.00377659	0.000898642	0.00230603	0.050209	0.00280432	0.000631815	0.199305	0.00189213	0.456659	0.0333762	0.00519433	0.00422023	0.0101162	0.00411465	0.0078095	0.0253517	0.175374	0.00191318	0.00616003
131	0.360025	0.0153096	0.00419418	0.0109843	0.0289169	0.291029	0.00390957	0.00463318	0.00807906	0.0293288	0.00723549	0.0383542	0.00268547	0.0113249	0.0267243	0.0600199	0.0258498	0.0423828	0.0040261	0.0249878
132	0.0709959	0.0200362	0.0203057	0.0216646	0.0340443	0.0162248	0.0967902	0.0316989	0.0631238	0.0470433	0.0119373	0.115241	0.002354	0.063021	0.0591236	0.128088	0.100471	0.0387084	0.00506414	0.0540646
133	0.348197	0.00405833	0.00272308	0.00782083	0.00608149	0.403928	0.00493287	0.00364269	0.0103136	0.0082109	0.0154473	0.0214671	0.00215993	0.0120756	0.0106427	0.0978803	0.0230782	0.00927753	0.000812433	0.00725011
134	0.0151753	0.00192092	0.00314769	0.00463501	0.0345172	0.000695724	0.000636419	0.098941	0.0127174	0.565804	0.181947	0.00110357	0.00319956	0.00911187	0.00636923	0.00493764	0.00856921	0.0377203	0.00191586	0.00693502
135	0.0205642	0.125475	0.00989175	0.0137625	0.0367792	0.0105902	0.0372382	0.0475175	0.015458	0.137301	0.0138942	0.116337	0.00608615	0.0693103	0.0446595	0.0270275	0.0858238	0.169967	0.00368534	0.00863169
136	0.0295092	0.111516	0.0215817	0.0322352	0.00971611	0.0361065	0.00585841	0.0082685	0.0224434	0.0156227	0.0114065	0.0580888	0.0334652	0.0113149	0.0123069	0.364734	0.158208	0.0493725	0.00395404	0.00429189
137	0.0347574	0.00572366	0.0439734	0.0845592	0.00535252	0.606726	0.0102565	0.00311806	0.0189439	0.00518116	0.00321118	0.0122776	0.0499273	0.022219	0.024018	0.0397593	0.00908898	0.0153946	0.00159013	0.00392213
138	0.0482521	0.0131319	0.0803937	0.182284	0.00201215	0.00446407	0.00459881	0.0158783	0.176889	0.0341017	0.00533464	0.0528534	0.012112	0.0953192	0.197795	0.0233342	0.0186256	0.0226345	0.000535392	0.0094501
139	0.00368711	0.0360901	0.00512015	0.00594621	0.287432	0.00204812	0.0301534	0.0296013	0.0174044	0.0807264	0.0218464	0.0133437	0.00364857	0.0090745	0.012169	0.0069309	0.0227828	0.0406933	0.00522843	0.366073
140	0.0696161	0.013898	0.0432433	0.0689758	0.00452471	0.0179818	0.0249101	0.0439346	0.155284	0.0366763	0.0185198	0.0523487	0.0226998	0.0839551	0.156481	0.0461784	0.0433483	0.0842678	0.00019991	0.0129572
141	0.106573	0.00663838	0.0380928	0.0910216	0.022599	0.353438	0.0278894	0.0109697	0.0268179	0.0202268	0.00858305	0.0209919	0.0288741	0.0255506	0.0381095	0.101881	0.0195551	0.0378089	0.00361959	0.0107604
142	0.0132929	0.00269798	0.000550011	0.000673652	0.0086196	0.000826388	0.000627744	0.401579	0.00320546	0.116094	0.0263059	0.000981843	0.000725601	0.0025342	0.00077488	0.00313751	0.00657777	0.406696	0.000134744	0.00396438
143	0.16045	0.0298876	0.00524604	0.00648218	0.00343988	0.0219303	0.0137492	0.00899934	0.194448	0.00586614	0.00427531	0.0549419	0.0354226	0.0158085	0.157134	0.167036	0.0829307	0.0286275	0.000859512	0.0024648
144	0.152683	0.013896	0.0142143	0.0206496	0.00431584	0.0140964	0.0039165	0.0717117	0.0114149	0.0960011	0.024937	0.0147621	0.200312	0.0119012	0.010621	0.0900689	0.0921776	0.149263	0.000995706	0.00206241
145	0.0866587	0.0196103	0.0129714	0.016137	0.0310522	0.0170789	0.0635797	0.0370031	0.0819721	0.044418	0.0152788	0.0952589	0.00303958	0.0684689	0.0721816	0.139331	0.113477	0.040382	0.0053383	0.0367629
146	0.0617511	0.0365834	0.040832	0.0464961	0.0255395	0.0550793	0.00822784	0.0450522	0.0169136	0.135455	0.0797146	0.036372	0.0113667	0.064942	0.0171334	0.100926	0.174713	0.0316733	0.00146937	0.00976049
147	0.00491327	0.00487206	0.00256469	0.00161026	0.385649	0.00112946	0.00131775	0.071478	0.0042209	0.317013	0.0973574	0.00165741	0.00577618	0.0015688	0.00137532	0.0106115	0.0043509	0.026702	0.0100238	0.0458078
148	0.00913666	0.00287175	0.0051163	0.0308148	0.00583089	0.0080818	0.0116594	0.0247816	0.487909	0.0254809	0.0042929	0.0150114	0.0018134	0.0295666	0.274086	0.00914232	0.0166742	0.0135963	0.000872918	0.02326
149	0.106398	0.0176786	0.0127601	0.014362	0.0313357	0.0170072	0.0635873	0.0310407	0.0741418	0.0416986	0.0160392	0.104035	0.00255314	0.0672215	0.0636038	0.14146	0.113269	0.0359416	0.0050586	0.0408073
150	0.0770823	0.0682706	0.00138235	0.00624412	0.065951	0.0121077	0.00669093	0.22648	0.00274139	0.24905	0.0512627	0.00756269	0.00736425	0.00848323	0.00235661	0.0161813	0.00412494	0.176306	0.00909107	0.00126668
151	0.0131381	0.00270838	0.000545193	0.000650309	0.00848289	0.000600853	0.000627444	0.403582	0.00325726	0.113826	0.0250397	0.000887094	0.000405469	0.00248544	0.000709522	0.00307221	0.00596233	0.40983	0.000138077	0.00405126
152	0.353385	0.00521229	0.00263059	0.00793054	0.00836714	0.387875	0.00411999	0.00373704	0.0091943	0.0098796	0.0140259	0.0274602	0.0021693	0.011187	0.0106852	0.0950545	0.0249926	0.0127576	0.00118352	0.00815273
153	0.0262245	0.00387737	0.0128719	0.0897123	0.000936731	0.022942	0.0272324	0.0039962	0.251646	0.0049796	0.00683467	0.0196667	0.0032225	0.156346	0.288671	0.0422198	0.0281752	0.00464376	0.00514813	0.000652973
154	0.0254734	0.0052264	0.139932	0.0408809	0.00117648	0.313245	0.0489699	0.00143953	0.0353872	0.0108556	0.00411735	0.209251	0.00616302	0.0234661	0.00165258	0.0944229	0.0297905	0.00271872	0.00103158	0.00480085
155	0.0165229	0.00840557	0.0194878	0.0295432	0.0362777	0.0120166	0.334456	0.0159968	0.0343102	0.0296716	0.00479037	0.194094	0.00979198	0.0218053	0.0363126	0.057204	0.0312517	0.0174984	0.00141843	0.0891449
156	0.235343	0.0165981	0.0097064	0.023141	0.0072417	0.0175151	0.0229258	0.0191445	0.0138293	0.0046312	0.0115692	0.0116433	0.346375	0.0277741	0.0338382	0.109954	0.0352267	0.0393214	0.0128713	0.0013505
157	0.0401911	0.00338722	0.284635	0.328071	0.000580507	0.0498728	0.0122504	0.00072556	0.0321844	0.00507132	0.00253695	0.0669933	0.00931245	0.0476784	0.00555879	0.0547571	0.0459658	0.00919474	0.000360722	0.00067211
158	0.0109902	0.0206205	0.00396227	0.005605	0.326945	0.00321768	0.0407335	0.0202794	0.0111191	0.0760951	0.0226756	0.00932703	0.00599034	0.00859903	0.0107271	0.0170766	0.0184894	0.0206256	0.0114396	0.355482
159	0.412036	0.0798386	0.00531238	0.00878399	0.0158403	0.0524523	0.00470713	0.0197826	0.0515924	0.0346735	0.00689718	0.0101597	0.00539513	0.00743027	0.0133267	0.183589	0.0192331	0.0596056	0.000920669	0.00842308
160	0.0137267	0.00577952	0.0255752	0.00741318	0.00725786	0.0188278	0.00147508	0.00203343	0.00741975	0.00276364	0.00187807	0.0366033	0.00449448	0.00223609	0.0178807	0.387038	0.452248	0.00369955	0.000399672	0.00124993
161	0.0502865	0.00410639	0.0135218	0.0209682	0.0045436	0.0891086	0.0096154	0.00712611	0.0692332	0.00825631	0.0317784	0.313801	0.0219675	0.0432728	0.028709	0.202138	0.0680667	0.00894927	0.00117829	0.00337207
162	0.026592	0.00377567	0.0127118	0.091389	0.00107946	0.023429	0.030056	0.00408779	0.246651	0.00551778	0.00774637	0.0229269	0.00328398	0.159945	0.281568	0.0412488	0.0274596	0.00492125	0.00483847	0.000772242
163	0.0464713	0.0141391	0.0232729	0.0690412	0.023363	0.0215972	0.0245859	0.0384256	0.057791	0.0811048	0.076668	0.0383146	0.0149957	0.245984	0.0474854	0.0545387	0.0493474	0.0561087	0.00330571	0.0134594
164	0.0447069	0.0144875	0.042471	0.0993365	0.0169061	0.0260203	0.0264071	0.0278244	0.0814698	0.0452147	0.0244651	0.0436249	0.0206934	0.24606	0.0698467	0.0538136	0.0473963	0.0468878	0.00487366	0.0174944
165	0.0370051	0.0135784	0.313588	0.20618	0.00466664	0.0374434	0.0114595	0.0113346	0.0302968	0.0112803	0.00650511	0.145624	0.0141173	0.0365022	0.00969939	0.0515563	0.0363485	0.0165587	0.000902347	0.00535302
166	0.459975	0.079457	0.00222957	0.0026634	0.0040295	0.0256348	0.00172836	0.0289689	0.0145538	0.021331	0.0062537	0.00857743	0.0022839	0.00286525	0.0101844	0.173427	0.0251541	0.118656	0.000479034	0.0115481
167	0.0504422	0.019972	0.0550125	0.10648	0.068495	0.0239241	0.191289	0.0102783	0.0170789	0.0803835	0.0212866	0.0626688	0.00431732	0.0977899	0.0110281	0.0584672	0.0156628	0.04855	0.00158181	0.0552918
168	0.0276317	0.00342741	0.214822	0.441234	0.00192188	0.03568	0.00949695	0.00283823	0.033054	0.0127022	0.00275226	0.0473098	0.00764625	0.0679295	0.00743658	0.0401196	0.0328829	0.00908677	0.000535175	0.00149291
169	0.00384809	0.0300896	0.0043528	0.00489043	0.319228	0.00287118	0.0379602	0.0183402	0.0120756	0.0661109	0.01638	0.00842542	0.00561691	0.00776148	0.0121051	0.00622517	0.014778	0.0248637	0.00633284	0.397745
170	0.00461225	0.00337258	0.00284996	0.00158695	0.360641	0.00115935	0.000916952	0.0768483	0.00426709	0.335798	0.103176	0.00162523	0.00605447	0.00154429	0.00135874	0.0110154	0.00423349	0.0280797	0.010909	0.0399508
171	0.0802948	0.0288606	0.00968601	0.0324591	0.00909614	0.0510867	0.0298628	0.0734866	0.0426459	0.202524	0.0107784	0.0173945	0.00612765	0.132658	0.0905566	0.0882692	0.0665486	0.0188125	0.00221357	0.00663806
172	0.00234393	0.0109595	0.00515006	0.00584006	0.175366	0.00505256	0.0613252	0.00516698	0.0032856	0.0226239	0.00297335	0.00502191	0.0058166	0.0102207	0.0103856	0.00678233	0.00747089	0.0104711	0.0151148	0.628629
173	0.00551955	0.00220449	0.00087721	0.00240862	0.0565919	0.00129114	0.000526857	0.176961	0.00233444	0.530794	0.0248339	0.00583603	0.00283584	0.0106293	0.00420434	0.00820574	0.0238438	0.130745	0.002153	0.00720278
174	0.00548394	0.00228972	0.000901087	0.00244635	0.0570128	0.00136743	0.000543626	0.178209	0.00216908	0.525496	0.024382	0.00624677	0.00307153	0.0108553	0.00419091	0.00850843	0.0246279	0.133076	0.00210063	0.00702214
175	0.028379	0.00256891	0.271424	0.289411	0.00126256	0.0591591	0.0145065	0.0013222	0.0475955	0.0091806	0.00186625	0.0702391	0.0110749	0.058299	0.00714792	0.0644066	0.0509905	0.00830999	0.00127915	0.00157731
176	0.175063	0.00839902	0.0675491	0.0867065	0.0297265	0.0151218	0.0147352	0.044091	0.00428673	0.0765488	0.0206063	0.0513198	0.0629263	0.0359513	0.0234677	0.160123	0.0247649	0.0770173	0.000491536	0.0211046
177	0.00467693	0.00346965	0.00276841	0.00158193	0.367413	0.00114919	0.000956087	0.0753453	0.00420912	0.331516	0.102005	0.00163066	0.00596607	0.00154226	0.00133265	0.0111441	0.00424082	0.0278655	0.0108188	0.0403684
178	0.0289145	0.00593951	0.0154083	0.0861602	0.00154882	0.0284986	0.0246051	0.00768378	0.250289	0.00746108	0.0074525	0.021868	0.00448412	0.138047	0.278646	0.0478052	0.030371	0.00835818	0.00501124	0.00144893
179	0.00401725	0.0357304	0.00504717	0.00562162	0.321955	0.00205758	0.0268799	0.0291974	0.0165197	0.0863589	0.0248157	0.0134591	0.00390257	0.00856066	0.0122303	0.00695548	0.0216726	0.0399163	0.00443037	0.330672
180	0.0997152	0.0156238	0.0266818	0.0706437	0.00639707	0.0238526	0.0249327	0.0422749	0.155518	0.0475699	0.0273783	0.0350865	0.017018	0.0765106	0.127458	0.0715311	0.0473312	0.0757965	0.00016866	0.00851139
181	0.0251326	0.00677615	0.00121358	0.00232727	0.0203903	0.018108	0.00178268	0.2401	0.00366057	0.178696	0.0994428	0.00779564	0.0186992	0.00982708	0.00735135	0.0092804	0.0429176	0.304522	0.000330054	0.00164679
182	0.0374885	0.0060001	0.0185685	0.158307	0.011278	0.00646164	0.00686278	0.0664626	0.0270813	0.0373435	0.0118773	0.0303445	0.00897166	0.162115	0.0473803	0.05547	0.141316	0.159512	0.00140591	0.00575455
183	0.0412653	0.00340413	0.293703	0.338261	0.000451288	0.0409494	0.0101212	0.000582527	0.0307901	0.00405644	0.00176906	0.0612055	0.00910795	0.0490611	0.00546394	0.0531818	0.0465829	0.0092641	0.000256016	0.000523053
184	0.00368429	0.00142525	0.00192835	0.0263609	0.00638359	0.00670522	0.0110163	0.0188843	0.546224	0.0265598	0.0019441	0.0162358	0.00141815	0.0176644	0.251266	0.00451911	0.0157092	0.0126418	0.000598066	0.0288318
185	0.00585081	0.00252955	0.000937179	0.00246761	0.0546239	0.00183045	0.000546336	0.182509	0.00197252	0.508301	0.027122	0.00576566	0.00349353	0.011108	0.00434975	0.00835807	0.0272935	0.141851	0.00212468	0.00696544
186	0.0107652	0.00307138	0.00849077	0.255165	0.0184874	0.00481205	0.00383743	0.00705848	0.106021	0.0218379	0.0207826	0.0235657	0.00400107	0.341237	0.00700743	0.0393269	0.0406163	0.0796299	0.00103437	0.00325208
187	0.00994676	0.516621	0.113386	0.0115532	0.00379951	0.0309972	0.00364822	0.00604159	0.00918696	0.00727441	0.00488641	0.0611225	0.00813533	0.00648921	0.0101367	0.127922	0.0516122	0.0104437	0.00396345	0.00283363
188	0.0399762	0.0684648	0.0276682	0.0537704	0.0198246	0.101555	0.00371734	0.0129381	0.0315091	0.153252	0.0704646	0.0713555	0.0163318	0.068382	0.0174283	0.0727536	0.12933	0.0330958	0.0016347	0.00654755
189	0.0141837	0.101959	0.0325658	0.00991298	0.00649231	0.0248875	0.00255557	0.00346924	0.00876343	0.00503279	0.0064939	0.0310081	0.0152463	0.00386798	0.0134841	0.338266	0.363354	0.014892	0.00131098	0.00225443
190	0.0323403	0.016903	0.00337805	0.0550196	0.00274579	0.223195	0.113479	0.0037064	0.163747	0.0230165	0.00325196	0.0956815	0.00266006	0.113542	0.0893316	0.0351748	0.0135276	0.0054754	0.00127437	0.00255106
191	0.0357814	0.0201953	0.00456349	0.052245	0.00263657	0.192755	0.0906457	0.00441648	0.176874	0.0226981	0.00391519	0.0768641	0.00277394	0.119335	0.128656	0.0382873	0.0182568	0.00524544	0.0015158	0.00233945
192	0.082516	0.0195798	0.0149294	0.0188095	0.0222187	0.0363384	0.0431823	0.171871	0.0272944	0.0912171	0.0725737	0.0479327	0.0166588	0.0222925	0.0269027	0.0406348	0.0429164	0.190296	0.00287455	0.00896131
