229	20
1	0.0333667	0.00291366	0.000645909	0.000994427	0.0170372	0.0103617	0.000659795	0.39544	0.00467126	0.0782978	0.0297907	0.00541994	0.00850888	0.00117824	0.00215068	0.00438321	0.00915891	0.389998	0.00174945	0.00327417
2	0.0547454	0.00710956	0.00113867	0.000843138	0.0240433	0.00548513	0.00218721	0.261613	0.0043156	0.108806	0.038505	0.0032049	0.00534585	0.00243005	0.00511617	0.00816643	0.0177481	0.44046	0.00277229	0.00596389
3	0.0347002	0.00322213	0.000467309	0.00065857	0.0160551	0.00784525	0.00059014	0.34469	0.00277236	0.0854481	0.0264917	0.0041783	0.00661991	0.00078542	0.00195547	0.0032511	0.00655132	0.448536	0.00177536	0.00340616
4	0.14335	0.00675793	0.00534731	0.0130598	0.0262696	0.00886262	0.00499069	0.1232	0.00915464	0.106659	0.0407825	0.00415906	0.00844497	0.00877555	0.0107619	0.0261009	0.0495366	0.393891	0.00426483	0.00563213
5	0.0618343	0.00789232	0.0400571	0.0108693	0.00127135	0.741495	0.00695443	0.00528466	0.00694071	0.00550494	0.00507203	0.0254487	0.00360845	0.0115053	0.0294591	0.0231073	0.00494925	0.00577797	0.00116569	0.0018018
6	0.391009	0.0342594	0.00168548	0.00102417	0.00126112	0.366159	0.00270163	0.00250159	0.00176583	0.00490322	0.00607663	0.00659291	0.00167284	0.00140541	0.0113841	0.123746	0.0139839	0.0124698	0.00496134	0.0104361
7	0.0406168	0.00576263	0.0633098	0.0210356	0.00126196	0.706771	0.011081	0.00444408	0.0113372	0.00580799	0.00389734	0.0368463	0.00558175	0.0180339	0.0353275	0.0169774	0.00520861	0.00447276	0.000916304	0.00131015
8	0.0318096	0.00306404	0.000615915	0.000916761	0.0177394	0.011127	0.000865474	0.389353	0.00405429	0.0960796	0.0331474	0.00530709	0.00890982	0.0013482	0.00263399	0.00471062	0.00771581	0.374964	0.00184056	0.00379694
9	0.415899	0.0378649	0.000910461	0.00108396	0.00158968	0.324263	0.00266392	0.00284806	0.00158869	0.00508746	0.00690404	0.00675733	0.0027319	0.00146906	0.0104132	0.131534	0.0150276	0.0145574	0.00554529	0.011261
10	0.0387616	0.00521452	0.0848804	0.0266615	0.00153507	0.645678	0.0149059	0.00366958	0.0128089	0.00843858	0.00376018	0.0552598	0.00628866	0.0221942	0.0391403	0.0190674	0.0047813	0.00408327	0.000889769	0.00198068
11	0.0728186	0.0115231	0.00850741	0.0135489	0.0230535	0.115001	0.0178883	0.0885066	0.0171709	0.255063	0.0799284	0.0209515	0.0190052	0.0189354	0.0273706	0.094078	0.0346326	0.0530039	0.0126467	0.0163668
12	0.527765	0.0231759	0.00123146	0.00896754	0.00294191	0.0348616	0.00267516	0.0176379	0.00629267	0.0223965	0.0144102	0.00500066	0.00841489	0.00447942	0.0041523	0.132797	0.11623	0.0604577	0.000850971	0.00526174
13	0.347837	0.0377881	0.00118542	0.0026275	0.00175147	0.0139592	0.00166983	0.0182604	0.00479639	0.0212617	0.0126502	0.00264566	0.0084657	0.00444185	0.00282854	0.127782	0.291017	0.0964761	0.000828402	0.00172619
14	0.384836	0.0483785	0.00287194	0.00712754	0.00460275	0.0396631	0.0118094	0.0113333	0.00892792	0.0333428	0.0103673	0.00978209	0.0827364	0.00991987	0.0132904	0.182984	0.0768952	0.0416615	0.00909377	0.010376
15	0.0505581	0.00234534	0.00329208	0.0130869	0.0245633	0.00917203	0.0049951	0.102443	0.00452509	0.493342	0.0455844	0.00493493	0.0119349	0.00452699	0.0158473	0.0106676	0.014832	0.176913	0.00237324	0.00406255
16	0.441097	0.0295205	0.000861726	0.00149194	0.00120367	0.290117	0.00301234	0.00206116	0.00168465	0.00521924	0.00554376	0.00556831	0.00172752	0.00136652	0.0108429	0.149243	0.0239986	0.0117445	0.00431542	0.0093806
17	0.0277734	0.0067614	0.00380482	0.00570578	0.118338	0.00944119	0.00979068	0.0875657	0.00749028	0.481921	0.0647257	0.00699512	0.0192039	0.00596533	0.0183125	0.013433	0.0119152	0.0536887	0.00931805	0.0378502
18	0.0308078	0.012118	0.0149371	0.0226531	0.0060302	0.0270657	0.0297542	0.0259262	0.173228	0.0290945	0.0208791	0.0238008	0.00898775	0.0499261	0.420609	0.0453231	0.0189851	0.0219385	0.00709495	0.0108408
19	0.0929246	0.00912224	0.00263103	0.010768	0.048922	0.0105331	0.0208987	0.113027	0.0480805	0.204833	0.0712526	0.00584505	0.00275455	0.0258911	0.0322446	0.0401872	0.0515839	0.1877	0.00542	0.0153804
20	0.0569525	0.00944607	0.0308288	0.014064	0.00402315	0.63634	0.00941824	0.00958654	0.0227294	0.0144009	0.0187749	0.0207708	0.00654149	0.0173871	0.0673354	0.0300559	0.0113863	0.011685	0.00369998	0.00457387
21	0.0395899	0.00440087	0.000649207	0.000592943	0.0231563	0.00754345	0.00148275	0.331917	0.00351043	0.120123	0.037656	0.00411791	0.00594032	0.00148814	0.00323443	0.00540141	0.00992133	0.391566	0.00258172	0.00512678
22	0.0810305	0.0035687	0.0538666	0.0873642	0.00269157	0.0471551	0.0163438	0.00724443	0.151445	0.0218937	0.00300132	0.0768902	0.0620228	0.0855406	0.166096	0.0710048	0.0365907	0.0220221	0.00298508	0.00124322
23	0.156886	0.146507	0.00407247	0.00559688	0.00671838	0.0524177	0.00855093	0.01642	0.0110067	0.0154358	0.00788341	0.0148441	0.0117821	0.00930917	0.0869448	0.280743	0.113118	0.0425321	0.00404171	0.00518916
24	0.081434	0.0126734	0.00254624	0.00127448	0.0575635	0.00388678	0.0104732	0.171297	0.0125041	0.217123	0.0854554	0.00305264	0.00205257	0.0101372	0.0204298	0.0233369	0.0444851	0.22328	0.00338414	0.0136105
25	0.0393544	0.00379042	0.00108774	0.000908296	0.0173147	0.00732242	0.00118642	0.317534	0.00310395	0.0891171	0.0277428	0.0040352	0.00633381	0.00149481	0.0030064	0.00488829	0.0100163	0.455602	0.00201455	0.00414666
26	0.0168783	0.00177942	0.00116273	0.00260224	0.0477935	0.00410372	0.00256936	0.119815	0.00478368	0.615949	0.0817781	0.0022627	0.0038384	0.00271905	0.0097333	0.00552938	0.0072851	0.0589114	0.00176104	0.00874396
27	0.0999564	0.00960037	0.0469334	0.186812	0.0150396	0.0492686	0.019697	0.0677337	0.0452263	0.0643863	0.0282044	0.0350986	0.018199	0.0455265	0.0513614	0.0647129	0.0473031	0.0856011	0.00665285	0.0126864
28	0.0338296	0.00342286	0.00273987	0.0114539	0.0065407	0.0213098	0.0104309	0.00682068	0.343175	0.0371854	0.0403539	0.00584613	0.0139354	0.0335743	0.269766	0.0711826	0.0142999	0.0260595	0.0192847	0.0287894
29	0.338408	0.0142109	0.0032887	0.00572644	0.00570029	0.142699	0.0326457	0.00851693	0.00740342	0.0112834	0.0062199	0.0160176	0.00884123	0.00548203	0.0171621	0.281673	0.0692546	0.0173094	0.00342399	0.00473334
30	0.186939	0.0181883	0.0181573	0.0784506	0.00368473	0.0872807	0.0163473	0.00757153	0.0361699	0.0164245	0.0173302	0.0577955	0.00593755	0.0235187	0.032416	0.174136	0.155257	0.061257	0.00102014	0.00211808
31	0.0670031	0.0109729	0.00649904	0.0163621	0.049956	0.0174404	0.0403965	0.0753639	0.0292	0.263048	0.0467469	0.016696	0.00876292	0.0261471	0.0814399	0.0376067	0.0385403	0.137836	0.00635266	0.0236295
32	0.0233345	0.0166668	0.00923686	0.0116236	0.00680525	0.0241429	0.0338525	0.0155004	0.0675189	0.0340318	0.018812	0.0141004	0.00576641	0.0371818	0.609397	0.0311849	0.0136726	0.0165201	0.00461358	0.00603763
33	0.35909	0.0345287	0.00126847	0.00241265	0.00207013	0.0145913	0.0018374	0.0234071	0.00504855	0.0216012	0.0131164	0.00287653	0.00836658	0.00517656	0.00306774	0.132867	0.267468	0.0982097	0.000931697	0.00206434
34	0.142965	0.014122	0.0817641	0.227095	0.00359994	0.0795926	0.0142557	0.00792721	0.0432242	0.0206933	0.0377978	0.0266907	0.00940123	0.0445957	0.0159447	0.0979072	0.070196	0.0555018	0.00116362	0.00556186
35	0.0748211	0.00934244	0.0344825	0.00985545	0.00161071	0.728851	0.00643336	0.00586307	0.00697552	0.00633202	0.00612244	0.0213296	0.00371602	0.0107181	0.0278114	0.0284771	0.005883	0.00699944	0.00167102	0.00270501
36	0.25039	0.0166111	0.00305435	0.00565323	0.0459143	0.0612296	0.0122938	0.0721493	0.00671233	0.0638544	0.0129409	0.0191634	0.0118723	0.00573183	0.0112168	0.154491	0.0992541	0.105058	0.00272304	0.0396873
37	0.466172	0.0251923	0.000839821	0.00132239	0.00125619	0.253344	0.00288885	0.00237683	0.00168468	0.00570366	0.00505284	0.00478685	0.00214332	0.00139907	0.00783651	0.164514	0.0326877	0.00961133	0.00369473	0.00749195
38	0.0123552	0.00082643	0.000651458	0.00164211	0.0424131	0.00244787	0.0011538	0.154139	0.00148479	0.620182	0.0829591	0.000973782	0.00315785	0.000920478	0.00619281	0.00296369	0.00540641	0.0538295	0.000525927	0.00577485
39	0.167277	0.0185049	0.00318408	0.00429979	0.0315185	0.119723	0.0103675	0.0811293	0.00786053	0.0226203	0.0197244	0.0517768	0.0338886	0.00540133	0.0183029	0.164095	0.162262	0.0658606	0.00469441	0.00750777
40	0.0728946	0.00973459	0.00162898	0.000910325	0.0421916	0.00407352	0.0063295	0.220626	0.00797144	0.186478	0.0745452	0.00270906	0.00378263	0.00595138	0.0118958	0.0170794	0.0345639	0.283131	0.00355574	0.009948
41	0.0565899	0.0109085	0.00612183	0.00883008	0.0975278	0.0336996	0.0790787	0.020728	0.0236851	0.0561132	0.0269106	0.0153949	0.020722	0.057153	0.0425395	0.151021	0.0442262	0.0147991	0.174128	0.0598231
42	0.147575	0.00151737	0.0189727	0.0800093	0.00720846	0.0225013	0.0157986	0.00760606	0.0952821	0.0115735	0.00177431	0.0614685	0.158898	0.052662	0.0930546	0.111893	0.0675334	0.0426014	0.000761885	0.00130862
43	0.0622103	0.00946415	0.0725737	0.0311124	0.00945228	0.0810304	0.0246405	0.0114786	0.0437305	0.0426688	0.00758494	0.259183	0.0141269	0.0235448	0.0447457	0.179201	0.0486625	0.0175513	0.00612034	0.0109185
44	0.384921	0.0264688	0.00539133	0.00424285	0.00198203	0.330171	0.00371	0.00507261	0.00365982	0.00701331	0.00672574	0.00843307	0.00316369	0.00341336	0.0128037	0.129443	0.035297	0.0153605	0.00414632	0.00858101
45	0.0484647	0.0115658	0.00624157	0.00604408	0.212858	0.0192106	0.0348612	0.0283023	0.0212978	0.109777	0.0392215	0.010886	0.00876571	0.0202945	0.0220593	0.0644469	0.0202831	0.0295414	0.212911	0.0729666
46	0.0393177	0.00555773	0.0023232	0.011798	0.0210191	0.0306909	0.0124602	0.0116021	0.225161	0.074147	0.0429533	0.00588111	0.0225123	0.0409195	0.302306	0.0569304	0.0224104	0.0425329	0.0116654	0.0178114
47	0.35504	0.00999343	0.00369349	0.0182365	0.0138813	0.0198001	0.00302514	0.0643011	0.0100152	0.0492157	0.0235044	0.00543866	0.00708708	0.00780622	0.00851711	0.0545274	0.0716553	0.264799	0.00270656	0.0067558
48	0.0163126	0.00154841	0.00107623	0.00282339	0.0465724	0.00322143	0.00246797	0.120585	0.00213215	0.625727	0.084696	0.00136432	0.00336942	0.00187034	0.00790552	0.00398092	0.00716572	0.0576561	0.000728682	0.00879619
49	0.0666524	0.00903223	0.151014	0.188027	0.00522515	0.0635429	0.0318385	0.00689809	0.0738068	0.0119615	0.00400044	0.0863329	0.0189621	0.0696829	0.0685232	0.0722973	0.0474729	0.010852	0.00131391	0.0125636
50	0.230112	0.0114835	0.00809206	0.0519365	0.00518632	0.0525578	0.021933	0.0217119	0.0319959	0.0264252	0.0118907	0.0444805	0.0156527	0.0372487	0.0338581	0.129021	0.138384	0.122519	0.00130309	0.00420821
51	0.0190796	0.00172397	0.00053506	0.00160101	0.0357081	0.00282838	0.00152317	0.152985	0.00194428	0.568726	0.0761177	0.00136833	0.00385469	0.00123023	0.00617504	0.00348251	0.00690593	0.108773	0.000803003	0.00463589
52	0.229565	0.0214876	0.00901933	0.013088	0.00435427	0.440703	0.00617657	0.0131133	0.00842667	0.0108561	0.00863083	0.016799	0.00604254	0.00704706	0.0199215	0.0970714	0.0406496	0.0370978	0.00356369	0.00638714
53	0.0356088	0.00339614	0.000461149	0.000544979	0.015619	0.00733114	0.000587556	0.32449	0.00253547	0.0871113	0.0257069	0.00393784	0.0062567	0.00070355	0.00195366	0.00295405	0.00591241	0.469558	0.0018225	0.00350921
54	0.419301	0.036515	0.000860763	0.00106016	0.00126262	0.328062	0.00264597	0.00216364	0.0015248	0.00500069	0.00638358	0.00660884	0.00158255	0.00140768	0.0102687	0.130757	0.0143711	0.0136183	0.00535754	0.0112473
55	0.0754859	0.0116987	0.171524	0.197662	0.00732324	0.0628288	0.0423949	0.00559489	0.0528784	0.00732163	0.00547227	0.0838011	0.0260063	0.0585642	0.0280806	0.0807264	0.0559356	0.00972673	0.000432788	0.016542
56	0.0636468	0.0118612	0.13339	0.170197	0.0150559	0.0488483	0.044235	0.0111379	0.0745659	0.016809	0.00864953	0.0832847	0.0176681	0.0530066	0.0455298	0.0860498	0.0643116	0.0150749	0.00688414	0.0297946
57	0.0120182	0.000747904	0.000486593	0.00170137	0.0401452	0.00213362	0.00112312	0.123785	0.00130365	0.656578	0.0855599	0.000779484	0.00312429	0.000854971	0.00633352	0.00251918	0.00521216	0.0508372	0.000392617	0.0043642
58	0.13116	0.0124501	0.0040803	0.0183702	0.0200497	0.0221695	0.0393407	0.0682081	0.0305441	0.104265	0.0530416	0.00995779	0.00601106	0.0298761	0.233878	0.0423316	0.0688731	0.0850729	0.00542571	0.0148946
59	0.127693	0.00394795	0.00103066	0.00805194	0.031136	0.00273081	0.00209933	0.121107	0.0082433	0.0779237	0.0541678	0.00144161	0.012371	0.00606111	0.00622818	0.0267484	0.0788269	0.426097	0.00139084	0.00270315
60	0.0352125	0.030113	0.00342955	0.00450272	0.00948546	0.0161518	0.0276803	0.0363964	0.035587	0.0543401	0.0218545	0.0098414	0.00543156	0.0227723	0.568232	0.0497609	0.025074	0.0327303	0.00352867	0.00787537
61	0.17421	0.0911085	0.00438007	0.0041239	0.0318136	0.140377	0.00943436	0.0534738	0.00971424	0.021468	0.0116413	0.0285558	0.0624857	0.00721476	0.0409776	0.125378	0.0814992	0.0660636	0.0266606	0.00942027
62	0.037048	0.00362995	0.000901373	0.00134773	0.0364023	0.00284718	0.00273814	0.157895	0.00410378	0.471056	0.0845689	0.00157657	0.00331296	0.00248873	0.00793986	0.00802845	0.0143527	0.152113	0.00153037	0.0061192
63	0.0467123	0.00566961	0.0672907	0.0843939	0.00092749	0.0518468	0.0192274	0.00920073	0.191966	0.0190181	0.00332031	0.0831505	0.00890602	0.100012	0.207	0.0507556	0.0324604	0.0125395	0.00427989	0.00132339
64	0.0245465	0.0143374	0.00825844	0.0118052	0.00533883	0.0240858	0.0332878	0.0155297	0.0696149	0.0311583	0.0195796	0.0130169	0.00571562	0.0355317	0.618371	0.0301536	0.0132363	0.0168628	0.00356373	0.00600544
65	0.0519796	0.00508939	0.0759112	0.0934493	0.00077841	0.0562624	0.0163279	0.00834586	0.169375	0.0218219	0.00332537	0.0895408	0.00936169	0.0981479	0.193854	0.0550982	0.0325368	0.0133181	0.00443491	0.00104171
66	0.167729	0.00651874	0.0857088	0.0894576	0.0348283	0.0126126	0.00719598	0.0456096	0.00987301	0.0928367	0.00896476	0.00807462	0.00655418	0.00938349	0.0127799	0.0221833	0.0194011	0.323293	0.031305	0.00568981
67	0.0120137	0.000833593	0.000558197	0.00168403	0.0411222	0.00212687	0.00113371	0.123509	0.00134345	0.655428	0.0856381	0.00081262	0.00312075	0.000866954	0.00644283	0.00253169	0.00519539	0.0507258	0.000425881	0.00448654
68	0.0241144	0.00177834	0.000640986	0.00187562	0.0367619	0.0025561	0.00183169	0.139491	0.00260557	0.565642	0.086774	0.00127182	0.00354439	0.00153697	0.00715653	0.00545203	0.00908863	0.102095	0.000822819	0.00496029
69	0.0545945	0.00460091	0.0834413	0.117786	0.000780362	0.0572602	0.0161376	0.00849785	0.148256	0.0236852	0.00300156	0.0877357	0.00945604	0.0968056	0.182148	0.055542	0.0309033	0.0138059	0.00426931	0.00129251
70	0.417253	0.0265213	0.00125071	0.00553678	0.00210644	0.0262669	0.00217396	0.0150674	0.00600621	0.0242327	0.0161483	0.00380983	0.00721385	0.00441142	0.00360703	0.0985963	0.244431	0.0912541	0.000990905	0.00312192
71	0.0118517	0.00066508	0.000477271	0.00169362	0.0397966	0.00212587	0.00106114	0.123869	0.00125842	0.658322	0.08557	0.000770255	0.00313838	0.000778796	0.00626326	0.00245674	0.00507779	0.0502183	0.000372476	0.00423369
72	0.605296	0.0124967	0.00187877	0.0360304	0.00307281	0.0440237	0.00328427	0.00550388	0.0136203	0.0260236	0.00534476	0.0174618	0.00310256	0.00381521	0.00920686	0.100187	0.0379836	0.053809	0.0010308	0.0168277
73	0.066904	0.00863047	0.149322	0.176981	0.0050224	0.0670733	0.0313179	0.00738702	0.0793288	0.0120991	0.00350866	0.0870569	0.0188172	0.0695159	0.0718418	0.074276	0.0457493	0.0107989	0.00137104	0.0129973
74	0.0260104	0.00239519	0.000843981	0.00153537	0.0361694	0.00322141	0.00193666	0.163908	0.00284775	0.515716	0.0745798	0.00166224	0.00384212	0.00234587	0.00646702	0.00555452	0.0112689	0.133541	0.00102117	0.0051326
75	0.127856	0.0063985	0.0339216	0.0886637	0.0077167	0.0348295	0.0180206	0.0113473	0.104963	0.0370547	0.00805725	0.0556191	0.124396	0.0554559	0.0927139	0.089959	0.0545952	0.0360422	0.00466775	0.00772222
76	0.146669	0.00148928	0.0194273	0.0803214	0.00649875	0.0230636	0.0162438	0.00751882	0.095149	0.011575	0.00166671	0.0623333	0.159042	0.054152	0.0918688	0.112452	0.0669039	0.0416947	0.000728366	0.00120151
77	0.037562	0.00421882	0.10853	0.0341438	0.00157833	0.594978	0.0203833	0.00322929	0.0133068	0.00981835	0.00339866	0.0640421	0.00831677	0.0271609	0.0447849	0.0151779	0.00348473	0.00362919	0.000890721	0.00136502
78	0.345938	0.037584	0.00128817	0.00246814	0.00169877	0.0141029	0.00177707	0.0181836	0.00476266	0.02081	0.0124375	0.00296043	0.00855833	0.0045059	0.00301439	0.128295	0.294183	0.0951103	0.0008123	0.00150939
79	0.0329297	0.00314795	0.000515181	0.000619769	0.0158443	0.00842331	0.000620114	0.364236	0.00305984	0.0842259	0.027546	0.00441991	0.00708152	0.000876269	0.00188958	0.00314907	0.00612936	0.430154	0.00181566	0.00331592
80	0.012071	0.0198469	0.00206897	0.00283597	0.0041611	0.0233044	0.0673687	0.0124847	0.108135	0.0202957	0.0189608	0.0115389	0.00377091	0.0579566	0.583931	0.0259329	0.00834143	0.01046	0.00197341	0.00456112
81	0.023679	0.0155124	0.00749637	0.00319132	0.390758	0.0103379	0.0260098	0.0273556	0.00337419	0.176846	0.0326239	0.0158905	0.00846641	0.00546956	0.0207672	0.00847057	0.0145866	0.030955	0.0114458	0.166764
82	0.0290236	0.0047554	0.089519	0.00415791	0.00492373	0.103042	0.0191697	0.00692416	0.023005	0.0652809	0.00644099	0.349309	0.00362401	0.0053075	0.00918285	0.220214	0.0399524	0.00938652	0.00243611	0.00434602
83	0.291634	0.0988556	0.00242605	0.00409903	0.00488954	0.0386434	0.00519899	0.0148286	0.00718693	0.0222885	0.0101805	0.00935213	0.0143267	0.00685809	0.0303183	0.241148	0.134873	0.0568304	0.00242093	0.00364204
84	0.0191707	0.0150419	0.0165633	0.0217083	0.003614	0.0383956	0.0667224	0.0112789	0.193533	0.0153951	0.0145601	0.034518	0.00531614	0.0834115	0.392377	0.0331322	0.0157777	0.0107448	0.00339562	0.00534374
85	0.0430286	0.00355942	0.000514641	0.00110443	0.0151938	0.00706219	0.00066787	0.292134	0.00260999	0.0959778	0.0275195	0.00375069	0.0072725	0.00103575	0.00231572	0.0041762	0.0105876	0.476239	0.0017535	0.00349675
86	0.192756	0.002811	0.00298051	0.0348704	0.010673	0.0167312	0.00865881	0.081414	0.026064	0.0512376	0.0208444	0.00441621	0.00494696	0.0315722	0.0264665	0.0516882	0.097804	0.329377	0.00147049	0.00321779
87	0.186219	0.0139227	0.0120848	0.0528537	0.00461839	0.0832147	0.0233323	0.00882552	0.0451601	0.0118574	0.00752802	0.0753487	0.0297236	0.022271	0.0528544	0.183596	0.133242	0.0503121	0.000901932	0.00213322
88	0.0324456	0.00316595	0.000606207	0.000804927	0.0183253	0.00952653	0.000854398	0.395665	0.00399726	0.0829862	0.0332054	0.00552145	0.00789715	0.00112096	0.00221519	0.00405609	0.00794919	0.384184	0.0018715	0.00360098
89	0.0276743	0.00494748	0.268344	0.00727092	0.00512997	0.0831998	0.0167273	0.00724079	0.0164536	0.0399095	0.00603209	0.292068	0.00405573	0.00677211	0.0107695	0.152867	0.0326949	0.00953091	0.00285248	0.00545977
90	0.0461475	0.00613469	0.0639092	0.0308309	0.00162864	0.652436	0.011572	0.00511514	0.0228908	0.00710211	0.00440583	0.0389569	0.00580142	0.0225502	0.0415854	0.0212805	0.0087726	0.00589486	0.00113191	0.00185304
91	0.156944	0.0314536	0.00533588	0.0186222	0.00618314	0.0681546	0.023095	0.0107965	0.0188665	0.010098	0.00707156	0.0689266	0.00757035	0.0194706	0.0426644	0.236556	0.226664	0.0378389	0.00142227	0.00226501
92	0.0774551	0.00413217	0.0194421	0.0049649	0.00479186	0.00834283	0.00430018	0.20553	0.0374089	0.0129848	0.00729137	0.00502704	0.00356355	0.0725157	0.027664	0.0809655	0.239904	0.177125	0.00284431	0.00374637
93	0.0168518	0.00168087	0.000697929	0.00164398	0.0412278	0.00324413	0.0015618	0.19679	0.00226221	0.536411	0.077871	0.00171512	0.00381919	0.00138245	0.00619974	0.00387759	0.00711055	0.0877235	0.000810167	0.00711911
94	0.0388296	0.00226121	0.00211024	0.0129237	0.00878535	0.0211972	0.0034394	0.00603852	0.327166	0.0452107	0.0453227	0.00306329	0.0183758	0.0288297	0.268409	0.0746955	0.0170982	0.0307511	0.019304	0.0261887
95	0.470298	0.00483655	0.00126825	0.00174452	0.00214984	0.105427	0.00759697	0.00383986	0.00248242	0.00537368	0.00346236	0.00412805	0.00303681	0.00211745	0.00506095	0.275056	0.0945468	0.00500479	0.000871587	0.00169841
96	0.0663778	0.0110389	0.025351	0.0121839	0.00960824	0.602596	0.00772201	0.0422859	0.0117083	0.0260762	0.0119996	0.0200357	0.00842454	0.0127145	0.0304946	0.0350576	0.0199438	0.0366618	0.00307127	0.00664832
97	0.134384	0.00285386	0.00332605	0.0112622	0.0185109	0.0050128	0.00201379	0.126997	0.0126392	0.0519273	0.0336437	0.00237572	0.00897897	0.0190046	0.00912202	0.0387648	0.101737	0.414849	0.00102035	0.00157717
98	0.0334314	0.0160383	0.0371903	0.0449094	0.0354795	0.00724163	0.086751	0.0165219	0.0867548	0.0394736	0.0191237	0.170931	0.00249138	0.0234514	0.0913082	0.0978027	0.0553186	0.0201264	0.0325194	0.0831354
99	0.0899703	0.0178885	0.0441959	0.0570643	0.0114953	0.0564772	0.0314427	0.0140884	0.0744818	0.0256956	0.00887612	0.101316	0.0303425	0.0413338	0.109762	0.168327	0.066789	0.0262742	0.00840361	0.0157761
100	0.126954	0.00415897	0.00107109	0.0080681	0.0324517	0.00272025	0.00229202	0.122657	0.00857651	0.0824294	0.0559611	0.00142335	0.0121931	0.0061435	0.00666182	0.0266157	0.0775143	0.417644	0.00146815	0.00299568
101	0.0730201	0.00573537	0.0010496	0.0029618	0.0293906	0.0038733	0.00282341	0.211693	0.00571464	0.10821	0.0442848	0.00234476	0.00626271	0.00431626	0.00881761	0.0142682	0.0358911	0.431902	0.00200444	0.00543629
102	0.47877	0.02145	0.000939336	0.00275385	0.00147567	0.226052	0.00383082	0.00315255	0.00225837	0.00904944	0.00461957	0.00497922	0.00227874	0.00146754	0.00757033	0.171391	0.035703	0.0116504	0.0033246	0.0072833
103	0.0478199	0.00531799	0.0688344	0.086405	0.000877444	0.0525328	0.0176968	0.00877513	0.188689	0.0194716	0.00310857	0.0849796	0.0089696	0.100524	0.203492	0.0514403	0.0331522	0.0126363	0.00423537	0.00104186
104	0.0575818	0.00830532	0.00888174	0.0131897	0.120896	0.0209352	0.0611596	0.0344653	0.0450743	0.0541772	0.0542756	0.0221505	0.00742306	0.02735	0.0329274	0.110373	0.0305621	0.0197149	0.191629	0.0789292
105	0.0173325	0.00170619	0.000663325	0.00177428	0.0428107	0.00240814	0.0020976	0.124989	0.00233089	0.623192	0.0860278	0.000978429	0.0030619	0.00161339	0.00850053	0.0041458	0.00821773	0.0623023	0.000636024	0.0052114
106	0.0417944	0.00465774	0.0780412	0.0372111	0.00122791	0.590554	0.0140548	0.00444289	0.0297213	0.00888488	0.00365357	0.0495095	0.00717271	0.0347407	0.0589126	0.0205376	0.0075242	0.00493237	0.00120784	0.00121838
107	0.0126856	0.00146506	0.000559291	0.00165222	0.0542756	0.00209672	0.00149809	0.120829	0.00132393	0.637394	0.0857613	0.000887288	0.00312393	0.0011729	0.00728847	0.00257166	0.00528272	0.0517278	0.000779112	0.00762576
108	0.146669	0.00148928	0.0194273	0.0803214	0.00649875	0.0230636	0.0162438	0.00751882	0.095149	0.011575	0.00166671	0.0623333	0.159042	0.054152	0.0918688	0.112452	0.0669039	0.0416947	0.000728366	0.00120151
109	0.137557	0.00211981	0.0288043	0.0887385	0.00614436	0.0260732	0.0168238	0.00687478	0.0964731	0.0124359	0.0018417	0.0690856	0.143044	0.0602625	0.0917896	0.106747	0.0641498	0.038258	0.000859751	0.0019174
110	0.368311	0.0372254	0.00318015	0.00968543	0.00375453	0.0168021	0.00402476	0.0142508	0.0207539	0.0392516	0.0125031	0.00836999	0.0795665	0.00906035	0.0106747	0.121503	0.152378	0.0834986	0.00180419	0.00340117
111	0.101347	0.0479291	0.00278872	0.00596904	0.00887679	0.0483734	0.00536044	0.081933	0.0829567	0.0364291	0.00799904	0.0239966	0.00421199	0.0309467	0.201098	0.110295	0.0785298	0.114531	0.00232915	0.00409905
112	0.150213	0.0163238	0.0181347	0.025871	0.00711927	0.192206	0.0331572	0.0143465	0.0280862	0.0158253	0.00852192	0.0612291	0.0586377	0.0171947	0.0660275	0.174853	0.068151	0.0295199	0.00794531	0.00663782
113	0.0364948	0.029337	0.0205996	0.0321687	0.0546314	0.012023	0.111739	0.0200182	0.0561808	0.0566004	0.0215842	0.0604937	0.0044922	0.0432553	0.149262	0.0989074	0.0772626	0.0205634	0.0299824	0.0644034
114	0.100209	0.0726554	0.00402608	0.00488421	0.00938062	0.0139183	0.00647982	0.0577807	0.0071282	0.147912	0.059915	0.00686823	0.027979	0.00625458	0.0345896	0.135742	0.122989	0.107292	0.00303029	0.0709661
115	0.602472	0.0134802	0.00200555	0.0364538	0.00273368	0.0395714	0.0031769	0.00558673	0.0132587	0.0262218	0.00560667	0.0164466	0.00344027	0.00418299	0.00888	0.0968866	0.0429323	0.0593235	0.0010218	0.0163185
116	0.0832705	0.0125328	0.00244261	0.00129594	0.0572499	0.00365582	0.0100395	0.176603	0.0114923	0.20928	0.0848349	0.00288117	0.00218523	0.00926001	0.0188495	0.0227747	0.0444457	0.229705	0.00369053	0.0135113
117	0.0366609	0.0140864	0.00645802	0.0113378	0.0216353	0.0130817	0.037135	0.0339621	0.0380052	0.0802402	0.0283184	0.0118494	0.00454506	0.0290923	0.507228	0.0311956	0.0231612	0.0564235	0.00392571	0.0116581
118	0.117089	0.0123948	0.0229701	0.00668177	0.00149235	0.702262	0.0043528	0.00565445	0.00575812	0.00557653	0.00593089	0.0153398	0.00288643	0.00777318	0.0263316	0.0378205	0.00665458	0.00800352	0.00181421	0.00321354
119	0.0253336	0.0195575	0.00334547	0.00140722	0.358626	0.00378994	0.0125604	0.0552139	0.00267087	0.241106	0.0561373	0.00477236	0.00406931	0.0086513	0.0299113	0.00512734	0.00704304	0.0622778	0.00870335	0.0896968
120	0.503269	0.0139141	0.00352971	0.0363977	0.0026071	0.0446879	0.00536356	0.00810328	0.018404	0.0220047	0.00851215	0.0190719	0.00436494	0.00796795	0.0129979	0.10857	0.0953364	0.0749791	0.000770561	0.00914813
121	0.0385089	0.0186695	0.0376062	0.0619232	0.0432428	0.00445086	0.0823437	0.0181728	0.0962173	0.0484016	0.0235497	0.105566	0.00146656	0.0201454	0.0893741	0.109867	0.0697783	0.0235705	0.0322993	0.074846
122	0.070752	0.0105924	0.164897	0.191396	0.00647602	0.0676735	0.0375867	0.00626349	0.0607405	0.00869726	0.0042342	0.0868241	0.02238	0.0628704	0.0412962	0.0782004	0.0520681	0.0106272	0.000688062	0.0157359
123	0.0428456	0.00684162	0.0551949	0.0144672	0.00109572	0.734496	0.00904613	0.00441238	0.00811284	0.00566593	0.00435546	0.034136	0.00428113	0.0149659	0.0346443	0.0163978	0.00308014	0.00398305	0.000826194	0.00115127
124	0.0599533	0.0156404	0.0121841	0.0202791	0.044303	0.0232082	0.162755	0.0721468	0.0367233	0.077663	0.0662973	0.0267132	0.00957065	0.0621018	0.0570056	0.0631284	0.0419393	0.0572256	0.0261048	0.0650574
125	0.0696113	0.0195667	0.16133	0.183593	0.00783691	0.0705254	0.0353646	0.00623448	0.0576059	0.00775781	0.00520568	0.0854376	0.0296759	0.0604567	0.0345998	0.0788746	0.0492727	0.0131337	0.000805081	0.0231125
126	0.0251667	0.0194842	0.00334222	0.0014176	0.359626	0.00381715	0.012563	0.0547412	0.00263812	0.241256	0.0558995	0.00477051	0.00407173	0.00865885	0.0299771	0.00510269	0.00693511	0.0621073	0.00871188	0.0897133
127	0.0551217	0.0046685	0.0871335	0.108512	0.000785733	0.0595415	0.0171199	0.00830939	0.148078	0.023199	0.00274603	0.0894971	0.00976995	0.0962341	0.181033	0.0571512	0.031281	0.0140063	0.00428273	0.00152966
128	0.037562	0.00421882	0.10853	0.0341438	0.00157833	0.594978	0.0203833	0.00322929	0.0133068	0.00981835	0.00339866	0.0640421	0.00831677	0.0271609	0.0447849	0.0151779	0.00348473	0.00362919	0.000890721	0.00136502
129	0.0740503	0.0146818	0.00365963	0.00148543	0.0744931	0.00421103	0.0107462	0.166802	0.0134591	0.219152	0.082394	0.00476944	0.00176388	0.011327	0.0218538	0.0234016	0.0422276	0.207423	0.00344292	0.0186563
130	0.0971104	0.00968775	0.00804616	0.0311103	0.0270684	0.0395839	0.0159733	0.0369136	0.109999	0.0843741	0.0274787	0.0197451	0.0145409	0.0669293	0.146866	0.0746736	0.0708896	0.100531	0.00602154	0.0124578
131	0.212708	0.0101808	0.00291634	0.0047525	0.0575663	0.0619899	0.0211199	0.113934	0.00759851	0.0984074	0.0200228	0.0174253	0.0107455	0.00764169	0.0106237	0.127797	0.0676867	0.124776	0.00370895	0.0183976
132	0.324708	0.023294	0.0062649	0.00288466	0.00243917	0.424109	0.00352064	0.00411726	0.00348299	0.00589197	0.00544033	0.00821615	0.00286842	0.00323591	0.0140549	0.11714	0.0241739	0.0136594	0.00338234	0.00711579
133	0.0255824	0.0193334	0.00329354	0.00142673	0.356337	0.00379392	0.0124318	0.0556174	0.00276283	0.241907	0.0564699	0.00467928	0.00401635	0.0087284	0.0301692	0.00524578	0.00725352	0.0639087	0.00857314	0.0884693
134	0.0611811	0.00715155	0.00124111	0.000827508	0.0311241	0.00548778	0.00413047	0.253633	0.00641312	0.177487	0.0630147	0.00320326	0.00452157	0.00389835	0.00832939	0.013603	0.0222482	0.321812	0.00306232	0.00763061
135	0.162361	0.0202145	0.0156208	0.0382896	0.0107566	0.0397974	0.0189572	0.0189367	0.0445434	0.0313462	0.013248	0.0370908	0.157643	0.0278124	0.0498602	0.143797	0.0985846	0.0438816	0.013544	0.013715
136	0.064	0.0099812	0.00154333	0.000940185	0.0370912	0.00478289	0.00448131	0.247824	0.00632757	0.152536	0.059491	0.00292762	0.00420301	0.00413192	0.00888541	0.0129016	0.0256087	0.338374	0.00511868	0.00884915
137	0.0318971	0.00481974	0.0989131	0.00421716	0.00437538	0.0906471	0.0224344	0.00627375	0.0187912	0.0507925	0.00558665	0.353488	0.00350861	0.005097	0.00897363	0.222978	0.0520249	0.00883769	0.0022747	0.00406976
138	0.076901	0.0115474	0.16945	0.196038	0.00725177	0.0623899	0.042686	0.00550853	0.0532824	0.00747139	0.00543115	0.0832758	0.0278234	0.0586156	0.028852	0.0809407	0.0559185	0.00998782	0.000435853	0.0161928
139	0.0566637	0.0051517	0.0921905	0.11384	0.00287636	0.0565217	0.0190623	0.00985837	0.138974	0.0247729	0.00386294	0.0865549	0.0105902	0.0912193	0.164616	0.0625263	0.0358971	0.0152295	0.00477507	0.00481766
140	0.0458027	0.00511487	0.000761411	0.000682877	0.0214326	0.00577993	0.00149227	0.285603	0.0034757	0.103346	0.0337524	0.00329613	0.00546056	0.00165956	0.00404302	0.0056088	0.0119192	0.452776	0.00247525	0.00551701
141	0.035369	0.0161717	0.0273911	0.0372566	0.133238	0.0172827	0.0982999	0.0146247	0.0504295	0.0561668	0.0204555	0.0883311	0.00763853	0.0171129	0.0590105	0.0829213	0.0431876	0.0169013	0.0250146	0.153196
142	0.0376855	0.012322	0.00629921	0.00462903	0.262216	0.0153707	0.0384274	0.027293	0.0162998	0.11364	0.0376882	0.0126561	0.00859652	0.0158812	0.0196208	0.0518354	0.0176612	0.023035	0.16388	0.114963
143	0.0254931	0.0150036	0.0123592	0.00926751	0.349588	0.0191083	0.0445297	0.018878	0.00557037	0.130743	0.0251604	0.0339054	0.011124	0.00638091	0.0230838	0.0165745	0.0142503	0.0210049	0.013164	0.204811
144	0.311389	0.0319297	0.00141192	0.00530592	0.013638	0.0120272	0.00285029	0.0641031	0.00720737	0.0590339	0.0336959	0.00299893	0.0119583	0.00778546	0.0060655	0.0862851	0.131337	0.205416	0.00127257	0.00428806
145	0.066492	0.0099371	0.00212477	0.0018218	0.0514195	0.00383585	0.00933165	0.156383	0.0130441	0.305129	0.0856139	0.00287123	0.00214888	0.00948854	0.0212074	0.0197488	0.0388158	0.186283	0.00267696	0.0116266
146	0.0694381	0.00797746	0.136719	0.17138	0.00421101	0.0692141	0.0282695	0.00677654	0.085289	0.012818	0.00370178	0.0856543	0.017076	0.0727985	0.084674	0.073505	0.0468725	0.0113822	0.00157385	0.0106689
147	0.0386713	0.0186262	0.0376228	0.0621388	0.043194	0.00451649	0.0820707	0.01817	0.0967925	0.0484303	0.0234855	0.105273	0.00145549	0.0204105	0.0894637	0.109689	0.0698436	0.0234471	0.0320908	0.0746084
148	0.0816695	0.0128144	0.002507	0.00123563	0.0573503	0.00380435	0.0105076	0.174146	0.0121472	0.214807	0.0857483	0.00300126	0.0020466	0.0097642	0.0198315	0.0231889	0.0442491	0.223838	0.00352788	0.0138161
149	0.0516159	0.00550986	0.0706422	0.0891504	0.000859837	0.0533684	0.0168883	0.00838421	0.178897	0.0202081	0.00308193	0.0866508	0.0109425	0.0986883	0.198892	0.0535804	0.0337478	0.0135946	0.00429625	0.00100134
150	0.0735175	0.0103005	0.00174057	0.00104943	0.0467963	0.00416428	0.00588992	0.224989	0.00772465	0.167502	0.0703277	0.0027325	0.00363468	0.00561179	0.0114649	0.0166404	0.0337383	0.29581	0.00504261	0.0113237
151	0.120395	0.00416387	0.00317026	0.0453718	0.0218579	0.0239034	0.0270615	0.0553109	0.0662258	0.134271	0.0468645	0.010411	0.00259419	0.0647957	0.0698355	0.0608887	0.0733589	0.142872	0.006798	0.0198492
152	0.0754859	0.0116987	0.171524	0.197662	0.00732324	0.0628288	0.0423949	0.00559489	0.0528784	0.00732163	0.00547227	0.0838011	0.0260063	0.0585642	0.0280806	0.0807264	0.0559356	0.00972673	0.000432788	0.016542
153	0.0766953	0.0119996	0.00200981	0.000862282	0.0506097	0.00398763	0.00749538	0.209288	0.00904326	0.187484	0.0778029	0.00291602	0.0026894	0.00699652	0.014282	0.0194104	0.0366327	0.26287	0.00414646	0.012779
154	0.0338097	0.00327399	0.000487369	0.000566293	0.0158885	0.00780558	0.000589707	0.34854	0.00278726	0.0860592	0.0267004	0.00414652	0.00670147	0.000734785	0.00189361	0.00301926	0.00585515	0.445923	0.00182273	0.00339534
155	0.0526594	0.00551774	0.0818325	0.101957	0.00085912	0.0570697	0.0171795	0.00839576	0.15928	0.021362	0.00294549	0.0889366	0.00963071	0.0972488	0.18793	0.0559948	0.0318118	0.0132805	0.00448889	0.00161935
156	0.237237	0.0157729	0.00351721	0.0143274	0.0188669	0.081005	0.0143193	0.0271342	0.0144251	0.0140777	0.00765019	0.0702618	0.0129949	0.00923571	0.0231276	0.20164	0.169442	0.0577264	0.0023399	0.0048981
157	0.0681685	0.00412611	0.0658055	0.0948458	0.00160123	0.0496248	0.0182479	0.00752699	0.149002	0.0222194	0.0024545	0.0838482	0.0430487	0.0934497	0.17561	0.0634565	0.0344053	0.0178732	0.00351945	0.00116578
158	0.027758	0.00501976	0.00136727	0.00154511	0.0698408	0.00268203	0.00364615	0.157309	0.00382694	0.493599	0.0817517	0.00157963	0.00275729	0.00340439	0.0111481	0.00732926	0.0132013	0.0973857	0.00170443	0.0131447
159	0.0369368	0.00244845	0.0020591	0.0116107	0.00769257	0.0215763	0.00451683	0.00622193	0.337744	0.0426381	0.0455531	0.00312534	0.0156929	0.0274294	0.267047	0.0722473	0.0149122	0.0298018	0.0219639	0.0287819
160	0.0307995	0.0212606	0.0178868	0.00797106	0.31293	0.0164996	0.0534011	0.0178754	0.00456254	0.143052	0.0318584	0.0250625	0.0163028	0.00623865	0.0187969	0.0147584	0.0121365	0.0205141	0.0129927	0.2151
161	0.0232679	0.0131441	0.0021006	0.00364958	0.0213814	0.0106914	0.022724	0.036697	0.0379786	0.118822	0.0378923	0.00412675	0.00467628	0.0203732	0.564063	0.0231088	0.0127751	0.0310281	0.00311471	0.00838502
162	0.123868	0.023918	0.00370271	0.00476695	0.00570965	0.0243144	0.0472537	0.00679037	0.00896772	0.0730169	0.0103932	0.025462	0.246547	0.0254356	0.0311414	0.191545	0.0331415	0.0104833	0.0586806	0.0448618
163	0.109574	0.00569714	0.0503097	0.102057	0.00692264	0.035429	0.0222851	0.0080223	0.086317	0.0236035	0.00410245	0.0720081	0.115203	0.065797	0.0859597	0.102139	0.0634433	0.0311385	0.00340993	0.00658194
164	0.084577	0.00991046	0.00551819	0.0100943	0.0826153	0.0136858	0.0186251	0.101733	0.0386322	0.180537	0.0527877	0.00755991	0.00557404	0.0184354	0.024102	0.0561564	0.0341798	0.136722	0.0939765	0.0245778
165	0.0751486	0.0117918	0.17033	0.197516	0.0072806	0.0631044	0.0419575	0.00561815	0.0534412	0.00747247	0.00539486	0.0839246	0.0260261	0.0588821	0.029004	0.0806991	0.0556305	0.00978861	0.00044277	0.016546
166	0.0445145	0.00351699	0.00104404	0.00321991	0.0144506	0.0171259	0.00380533	0.276551	0.00339845	0.179624	0.0257794	0.0101343	0.00850809	0.00375951	0.00559547	0.00739414	0.00818557	0.378007	0.00186107	0.00352495
167	0.0962643	0.00659796	0.00128995	0.0028708	0.0343106	0.00325843	0.004503	0.165088	0.00793195	0.167242	0.0742725	0.00204091	0.00845677	0.00522742	0.00889967	0.0191188	0.0472425	0.336672	0.00232147	0.00639111
168	0.0377786	0.0042479	0.107979	0.0343612	0.00157135	0.595263	0.0204042	0.00323025	0.0134094	0.00964488	0.00335485	0.0636661	0.00829761	0.02733	0.0445513	0.0154139	0.00363714	0.00357292	0.000889655	0.00139651
169	0.180978	0.0219776	0.00438755	0.0195546	0.0106535	0.107918	0.0219895	0.0269947	0.0236947	0.0109384	0.00802361	0.0830905	0.0200828	0.0110459	0.0409628	0.187702	0.157999	0.056948	0.00282885	0.00222988
170	0.13223	0.00334549	0.0011359	0.00910332	0.0245229	0.00295612	0.00154566	0.118397	0.00807235	0.0639938	0.0449351	0.0015672	0.0113004	0.00767472	0.00598108	0.0271598	0.0797429	0.453242	0.00112556	0.00196889
171	0.344842	0.0403646	0.00134618	0.00328769	0.00235257	0.0184273	0.00207783	0.0192909	0.00551182	0.0226686	0.0126602	0.00371864	0.0100365	0.00484046	0.00435124	0.127463	0.27434	0.0991443	0.00107839	0.00219734
172	0.0427132	0.00413769	0.0011559	0.00283402	0.0273419	0.00700972	0.00368816	0.199984	0.00426628	0.322521	0.0553056	0.00405919	0.00608333	0.00321245	0.00911968	0.00814866	0.0138098	0.277482	0.00192323	0.00520412
173	0.424877	0.017183	0.00238177	0.0198467	0.00687876	0.0353887	0.00408936	0.0288841	0.0114059	0.0308814	0.0119324	0.00957348	0.0067244	0.00905086	0.00947821	0.0859265	0.105417	0.170908	0.00177397	0.00739896
174	0.062007	0.00752234	0.0390922	0.0115381	0.00135253	0.739138	0.007076	0.00526606	0.00847931	0.0057347	0.00520302	0.0239157	0.00428296	0.011885	0.0291817	0.0226702	0.00583461	0.0061637	0.00146976	0.00218744
175	0.0558975	0.00907521	0.272823	0.0848465	0.0106568	0.109687	0.0238623	0.0126135	0.0488319	0.0252781	0.00938196	0.0962356	0.0141275	0.0395062	0.05049	0.0625934	0.0333603	0.0213794	0.00370738	0.0156464
176	0.468149	0.0190084	0.00211578	0.00543184	0.00223434	0.187421	0.00515526	0.00357328	0.00476898	0.0075306	0.00480557	0.00754256	0.00356054	0.00279795	0.0103456	0.192732	0.0510443	0.0128866	0.0026016	0.00629578
177	0.0373175	0.025124	0.00497682	0.00267986	0.329089	0.0068153	0.0152913	0.0439584	0.00548603	0.223261	0.0716711	0.00682026	0.00593772	0.00813199	0.0234024	0.0113477	0.0107246	0.0496723	0.0331119	0.0851803
178	0.0762895	0.0146141	0.0307132	0.0376953	0.0454121	0.0453237	0.172579	0.0296882	0.0449919	0.0555209	0.0288214	0.0485871	0.0195395	0.0393294	0.0852656	0.0786783	0.0455641	0.0310549	0.0218541	0.0484779
179	0.385479	0.0477481	0.00207348	0.00375562	0.004043	0.0161536	0.00255524	0.0185737	0.0108087	0.0427825	0.015429	0.00427124	0.0563884	0.00679194	0.00554894	0.114105	0.160811	0.0971655	0.00168262	0.00383301
180	0.133426	0.0165929	0.0063563	0.00660039	0.0170267	0.019014	0.00850878	0.102002	0.0152245	0.0527995	0.0772433	0.00862342	0.0107635	0.0215694	0.021799	0.0651304	0.227826	0.176528	0.00312035	0.00984536
181	0.400412	0.0412142	0.00188987	0.00536714	0.00380745	0.189124	0.00401098	0.0107116	0.00522347	0.0130444	0.00869283	0.010627	0.00727227	0.00365215	0.010772	0.139128	0.0944467	0.0396438	0.00376537	0.00719512
182	0.136163	0.0184105	0.0217	0.0340027	0.0132373	0.116896	0.023867	0.0211266	0.0371526	0.034373	0.0176664	0.0380234	0.131054	0.0247524	0.0481878	0.151324	0.05641	0.0353835	0.0212835	0.0189858
183	0.0514776	0.0148353	0.113384	0.148696	0.07995	0.0593625	0.0403312	0.0106701	0.0390285	0.0242701	0.0106143	0.0806543	0.0171255	0.0340261	0.031406	0.0589605	0.0377931	0.015346	0.00548207	0.126586
184	0.0118517	0.00066508	0.000477271	0.00169362	0.0397966	0.00212587	0.00106114	0.123869	0.00125842	0.658322	0.08557	0.000770255	0.00313838	0.000778796	0.00626326	0.00245674	0.00507779	0.0502183	0.000372476	0.00423369
185	0.350495	0.0266785	0.00349993	0.00164446	0.00139154	0.423856	0.00263019	0.00299332	0.00242343	0.00480153	0.0054445	0.00619901	0.00170573	0.00163579	0.0141319	0.111834	0.0155639	0.0113533	0.00367835	0.00803914
186	0.0678474	0.0080042	0.103784	0.140385	0.00544729	0.0591756	0.026379	0.00852278	0.104486	0.0199522	0.00587049	0.0872105	0.0244442	0.0833431	0.113493	0.0691699	0.0423655	0.0164938	0.00369797	0.00992817
187	0.0675005	0.00852184	0.0365088	0.0116529	0.00180321	0.727734	0.00639358	0.00639789	0.00837699	0.00713605	0.00582499	0.0226574	0.00412637	0.0119517	0.0302708	0.0248105	0.00612246	0.00827189	0.00162253	0.00231579
188	0.391473	0.0396091	0.00147599	0.00173609	0.00152845	0.356012	0.00254761	0.0029138	0.00206923	0.00568746	0.00631726	0.00658167	0.00242121	0.00164204	0.0118234	0.120619	0.0154984	0.014086	0.00511291	0.0108461
189	0.413538	0.0392947	0.000964471	0.00114742	0.00152023	0.321754	0.00271487	0.00268815	0.00152098	0.00527385	0.00632067	0.00652173	0.00244164	0.00144433	0.0109634	0.135037	0.0157897	0.0139374	0.00535063	0.0117767
190	0.416361	0.0552034	0.00159636	0.003745	0.00238007	0.0127058	0.00193274	0.0169808	0.00652716	0.0423758	0.0188158	0.0028644	0.0197	0.00969734	0.00419373	0.130421	0.158305	0.0918549	0.00105211	0.00328773
191	0.488008	0.00727496	0.00117413	0.00175446	0.00187888	0.126995	0.00622418	0.00361143	0.00227461	0.00559488	0.003548	0.00330867	0.00287011	0.00169839	0.0043489	0.248705	0.0815881	0.00541123	0.00125767	0.0024731
192	0.0118801	0.000661593	0.000477906	0.0016945	0.0396812	0.00220767	0.00105774	0.123525	0.00129773	0.658258	0.0858879	0.000770308	0.00312109	0.000792583	0.00632719	0.00251579	0.00507945	0.0501702	0.000368679	0.0042254
