295	20
1	0.068972	0.0011303	0.000948312	0.0510808	0.0238385	0.0175526	0.0312034	0.130168	0.0420117	0.155865	0.0203722	0.00684065	0.000686532	0.0201339	0.109326	0.0310676	0.07211	0.151143	0.00045564	0.065094
2	0.0169582	0.00377928	0.00682012	0.0232332	0.00114576	0.0140096	0.0222186	0.00123528	0.383215	0.00458548	0.00166513	0.0438295	0.000761474	0.0352161	0.404638	0.026576	0.0060017	0.00239314	0.000286375	0.00143273
3	0.0111806	0.0384082	0.00133225	0.0318694	0.0136906	0.00169318	0.0211371	0.00193406	0.312298	0.0219826	0.00158388	0.00351144	0.000733511	0.139639	0.343704	0.0167344	0.0155703	0.0152918	0.00656255	0.00114316
4	0.263452	0.00227974	0.000806407	0.00106264	0.000900874	0.0273638	0.00103385	0.00137705	0.00118581	0.00262445	0.00585223	0.00583776	0.00569094	0.0012677	0.00143736	0.645591	0.0196936	0.0112993	0.000381261	0.000862617
5	0.0039757	0.0011184	0.00106968	0.00144984	0.12627	0.00115736	0.0106267	0.23042	0.00141566	0.370698	0.0106351	0.00776724	0.00552304	0.00468763	0.00156434	0.00675032	0.0145619	0.183802	0.000419388	0.0160871
6	0.0275706	0.0052347	0.537961	0.058609	0.00617486	0.0678436	0.0079135	0.00506508	0.0229363	0.0116302	0.00409936	0.131507	0.0148189	0.0120966	0.0151304	0.0363732	0.0160602	0.0104851	0.00136811	0.00712254
7	0.310833	0.0287367	0.00625106	0.0112123	0.0410664	0.0227683	0.00834337	0.0176412	0.0103333	0.08349	0.0637493	0.0140911	0.00911002	0.0103351	0.0126897	0.25086	0.0541695	0.0337578	0.00313189	0.0074301
8	0.0633621	0.0164511	0.0143596	0.038212	0.0106115	0.0140528	0.0283827	0.0189051	0.131001	0.0350398	0.0129991	0.0247711	0.104174	0.0369083	0.339212	0.0482241	0.0290791	0.0248409	0.0026753	0.00673823
9	0.03101	0.00374416	0.0113635	0.0350091	0.00127888	0.0141815	0.038873	0.00237756	0.301972	0.00462111	0.00112999	0.0458371	0.00194336	0.0580078	0.387825	0.0400905	0.0172736	0.00232247	0.000327154	0.00081261
10	0.0125567	0.00104687	0.000793154	0.00107624	0.00522119	0.0230795	0.0167892	0.00586762	0.598163	0.00246503	0.0104093	0.020782	0.00516457	0.0240879	0.19598	0.0479848	0.00176226	0.0158555	0.000308306	0.0106066
11	0.00183233	0.00416158	0.0043268	0.000615869	0.000561874	0.000559868	0.00297778	0.290559	0.00073608	0.164959	0.00446777	0.000693982	0.000317623	0.000678368	0.00186141	0.00115212	0.00804378	0.506773	0.001673	0.00304883
12	0.0268028	0.00257718	0.000513549	0.000471154	0.00496393	0.000560669	0.000399247	0.462921	0.000656989	0.030784	0.00670912	0.00296024	0.000270196	0.000611646	0.000800706	0.00303347	0.0068353	0.447637	0.00014	0.000351979
13	0.0268822	0.00257702	0.000490385	0.000472056	0.004972	0.000563178	0.000398847	0.463371	0.000656502	0.0303469	0.00670803	0.00296576	0.000270194	0.000611493	0.000789577	0.0030338	0.00683026	0.44758	0.000133958	0.000347065
14	0.0107332	0.000591841	0.00336679	0.000397519	0.00067543	0.963736	0.00341896	0.000443829	0.00149145	0.000926094	0.000472459	0.00223063	0.000195773	0.00166154	0.00106418	0.00600454	0.000737647	0.0015121	0.000112886	0.000226604
15	0.313902	0.053485	0.00128662	0.0130813	0.151165	0.00432978	0.0021933	0.0148774	0.00264397	0.082608	0.0651598	0.00267172	0.00126645	0.00241846	0.00298355	0.155346	0.115002	0.0132086	0.00060532	0.00176633
16	0.00557593	0.000614938	0.00450201	0.00108964	0.000408498	0.967155	0.00354764	0.000540256	0.00171689	0.00118926	0.000495722	0.00226598	0.000232764	0.00169422	0.000564248	0.00593693	0.000760252	0.00111353	8.79716e-05	0.000508327
17	0.101388	0.072894	0.0108976	0.0163727	0.00773546	0.0292164	0.00856882	0.0218556	0.0159904	0.0412941	0.0111819	0.0273768	0.436145	0.0148557	0.0169251	0.0660901	0.0327976	0.0580065	0.00279811	0.00761028
18	0.785954	0.0286746	0.000377197	0.000540593	0.000706535	0.0319678	0.000606567	0.00110904	0.0006949	0.00156349	0.000747859	0.000973648	0.000420806	0.00275404	0.000779648	0.123147	0.00842185	0.00965514	0.000263243	0.000642174
19	0.00439213	0.000499574	0.00345681	0.00047429	0.000495393	0.9718	0.00355234	0.000511453	0.00167279	0.00103795	0.000389852	0.0017184	0.000188565	0.00155002	0.000589343	0.00539784	0.000552895	0.00141674	9.08171e-05	0.000212835
20	0.00436947	0.000440547	0.000281835	0.000364034	0.0480991	0.000383822	0.00184129	0.0768264	0.00190861	0.735329	0.0790996	0.000446883	0.000166401	0.00163236	0.000481616	0.00381888	0.0037176	0.0261378	0.000355437	0.0142992
21	0.00572227	0.000601425	0.00056435	0.000833272	0.729147	0.000805198	0.000841535	0.0119579	0.0010592	0.101611	0.0415303	0.000989192	0.000477276	0.00097438	0.00107921	0.00164544	0.00893418	0.00507726	0.0306632	0.0554858
22	0.795388	0.0282439	0.000371392	0.000500822	0.000692314	0.0302876	0.000445828	0.000613914	0.000667812	0.00121983	0.000693986	0.000703879	0.000297921	0.00252335	0.000555979	0.116755	0.0082051	0.0112982	0.000168086	0.000367623
23	0.73312	0.00477706	0.00048332	0.000745328	0.00384552	0.194269	0.00063646	0.00103231	0.00104413	0.00141624	0.000798776	0.000938227	0.000415474	0.00101176	0.00103302	0.0453894	0.00558557	0.00255223	0.000296099	0.000610658
24	0.0326771	0.0160919	0.00255896	0.00590611	0.0986885	0.00342193	0.00514264	0.0570202	0.00761819	0.448535	0.0349152	0.007339	0.00226334	0.00648927	0.00651627	0.0101995	0.0118579	0.0526034	0.0675237	0.122631
25	0.0689458	0.00113091	0.000903754	0.0503976	0.0233902	0.0178185	0.031087	0.130273	0.0422165	0.156073	0.0206354	0.00695925	0.000659771	0.0203122	0.109793	0.0312262	0.0727269	0.150158	0.000451297	0.0648414
26	0.123787	0.0843985	0.00278047	0.00598239	0.122734	0.00511554	0.0249536	0.0164137	0.00666706	0.468514	0.0186276	0.0151044	0.00217126	0.00559056	0.00594908	0.0314612	0.0203219	0.0148896	0.00538368	0.0191542
27	0.1644	0.0147096	0.00355364	0.00420107	0.0382653	0.0249475	0.00443734	0.070185	0.00460005	0.265896	0.0457458	0.00583154	0.00728256	0.00582148	0.00556659	0.0681281	0.0163373	0.236302	0.00322591	0.0105633
28	0.0291483	0.00321651	0.00291181	0.442958	0.00330427	0.0040193	0.00348358	0.0048859	0.154276	0.0736352	0.00330882	0.00516282	0.00206132	0.0398177	0.170627	0.0236273	0.00737015	0.0220292	0.0010631	0.00309414
29	0.22265	0.0274833	0.0124199	0.0457745	0.0198411	0.0195472	0.0720373	0.0103342	0.109463	0.0357741	0.0311317	0.0873305	0.000572152	0.058104	0.104847	0.0458107	0.023467	0.0363565	0.000585118	0.0364706
30	0.00310166	0.000211629	0.00341551	0.000250313	0.000225303	0.977091	0.00346905	0.000305394	0.00140131	0.000502163	0.000221139	0.00152831	0.000157013	0.0013557	0.00036034	0.0053048	0.000424594	0.000405357	8.38283e-05	0.000185267
31	0.0600245	0.0306386	0.000903121	0.00734605	0.141968	0.00136123	0.00123276	0.114482	0.0074173	0.355694	0.0153265	0.00184078	0.000923445	0.00719931	0.00160536	0.00788595	0.00817755	0.106766	0.0413928	0.0878163
32	0.0995708	0.00868942	0.0220547	0.0756051	0.00383588	0.0110276	0.0108112	0.0122364	0.287935	0.027911	0.00641116	0.020112	0.0216814	0.0695252	0.24758	0.0351826	0.014257	0.0195806	0.000202527	0.00579098
33	0.118073	0.0510443	0.00663114	0.00487581	0.0082836	0.0177896	0.00460975	0.052037	0.00969695	0.0337276	0.00845519	0.017344	0.358103	0.0101784	0.0120659	0.0732265	0.0304864	0.17731	0.00119501	0.00486706
34	0.00751236	0.00313974	0.00665936	0.00136455	0.00502562	0.00121921	0.00254662	0.358119	0.00151532	0.190537	0.0155972	0.00301759	0.00191635	0.00309055	0.00616798	0.00491554	0.0273577	0.356028	0.00081639	0.00345407
35	0.00183233	0.00416158	0.0043268	0.000615869	0.000561874	0.000559868	0.00297778	0.290559	0.00073608	0.164959	0.00446777	0.000693982	0.000317623	0.000678368	0.00186141	0.00115212	0.00804378	0.506773	0.001673	0.00304883
36	0.00232157	0.000777679	0.000594228	0.000735612	0.170864	0.000717589	0.00690164	0.222983	0.00114393	0.431445	0.00550291	0.00305771	0.00267359	0.00163039	0.000921089	0.00170979	0.00721704	0.121261	0.000312441	0.01723
37	0.0497274	0.00591507	0.22133	0.308457	0.0038998	0.0409524	0.0172265	0.00747508	0.0492092	0.0100434	0.00550732	0.0674272	0.0289597	0.0380082	0.0405161	0.0586434	0.0253335	0.0121599	0.000483207	0.00872506
38	0.0477726	0.00890549	0.00359816	0.0073224	0.00470115	0.00598645	0.00585006	0.0107501	0.0504462	0.0152497	0.0080444	0.00720387	0.00280706	0.540831	0.221927	0.030299	0.0123134	0.0101201	0.00223555	0.0036366
39	0.0072019	0.000811368	0.0055969	0.00128316	0.000455364	0.961567	0.00363843	0.000611765	0.00221131	0.000995866	0.000640922	0.002325	0.0002206	0.00251836	0.00105377	0.00624563	0.00096907	0.00108001	8.73459e-05	0.000486491
40	0.0993831	0.00882684	0.0225369	0.0757806	0.00379614	0.0112568	0.0107565	0.012231	0.287215	0.0279802	0.00643665	0.0203098	0.0218042	0.0699544	0.246546	0.0353842	0.0142364	0.0194111	0.000202292	0.00595181
41	0.137881	0.0163749	0.202694	0.156985	0.00120431	0.0257884	0.00767399	0.00378388	0.0667024	0.00397808	0.00309155	0.0787676	0.0847188	0.026018	0.0282925	0.106332	0.0335898	0.0124462	0.000498079	0.00317883
42	0.057433	0.0155794	0.00110187	0.00319069	0.00964252	0.00521557	0.00731155	0.19318	0.00644558	0.107722	0.075016	0.00384792	0.0222396	0.00235911	0.00285309	0.0351628	0.0518837	0.366692	0.00350848	0.0296142
43	0.0898043	0.000743598	0.0580208	0.327002	0.00845486	0.0205004	0.0453232	0.00520275	0.108517	0.00806556	0.00527956	0.0495509	0.000879606	0.0679902	0.0947173	0.0522093	0.0180339	0.0104821	8.41671e-05	0.029139
44	0.0670915	0.000750615	0.0873264	0.340223	0.00536895	0.0153962	0.0392525	0.00529912	0.103067	0.00520754	0.00345965	0.0492494	0.00207764	0.0751468	0.0859065	0.0669508	0.0225372	0.00661401	0.000101045	0.018974
45	0.0211176	0.0240689	0.00354668	0.0119085	0.00357384	0.00500613	0.0105938	0.0117596	0.0871077	0.0198636	0.00874566	0.0140475	0.00487037	0.0312883	0.668761	0.0331163	0.024131	0.0104849	0.00185979	0.00414866
46	0.104103	0.00156995	0.0339608	0.0625517	0.0108278	0.0483584	0.017045	0.0605802	0.112711	0.0388812	0.0181008	0.00681684	0.0312156	0.0316826	0.0604443	0.0948964	0.0646012	0.189001	0.00593073	0.00672153
47	0.0994477	0.00862402	0.0220637	0.0761413	0.00396204	0.0109977	0.0109336	0.0122299	0.287748	0.0279298	0.00637332	0.0200149	0.0214913	0.069554	0.247367	0.0351157	0.0142554	0.0196332	0.000215987	0.00590109
48	0.167525	0.0073113	0.115118	0.0526276	0.00504156	0.058016	0.0102514	0.0341731	0.119328	0.0149962	0.00845956	0.0172964	0.016153	0.0272714	0.0512761	0.144818	0.0741924	0.069126	0.00220673	0.00481176
49	0.0253837	0.00328674	0.00181629	0.000630213	0.00433549	0.000701367	0.000944673	0.462553	0.000918922	0.0468895	0.00738122	0.00276205	0.00151094	0.00072053	0.0017662	0.00316359	0.014351	0.419667	0.000228426	0.000988892
50	0.0472551	0.00194364	0.0328605	0.135963	0.00507791	0.0154726	0.0298569	0.0901665	0.15072	0.0319131	0.00541509	0.0365189	0.0514801	0.0433355	0.0572092	0.0235013	0.0699866	0.166877	0.00193824	0.00250918
51	0.00244407	0.00110634	0.000604429	0.000753224	0.172892	0.000771671	0.00729888	0.221623	0.00119194	0.429589	0.00571623	0.00316005	0.0027172	0.00169483	0.000981705	0.00194369	0.0072708	0.120931	0.000299842	0.0170101
52	0.00672599	0.00202029	0.367513	0.00517928	0.00231579	0.00262866	0.0304081	0.00316398	0.0394304	0.0291173	0.00243457	0.407411	0.0136132	0.00283093	0.0153136	0.00956247	0.0290235	0.0281885	0.000833389	0.00228611
53	0.0622242	0.00233279	0.00141673	0.0994374	0.00178484	0.0125776	0.00151845	0.0481597	0.0200604	0.0371363	0.00245152	0.0120181	0.485739	0.00251635	0.0125628	0.0423909	0.121552	0.0319819	0.000735904	0.00140286
54	0.0449265	0.00871182	0.116143	0.376144	0.00873789	0.00771274	0.029802	0.0132899	0.050529	0.0240359	0.0148972	0.0932918	0.000943466	0.0395669	0.0748366	0.0431092	0.0157388	0.0140661	0.000340868	0.0231765
55	0.107427	0.123928	0.00915252	0.0143391	0.0126664	0.0175383	0.0161122	0.0165818	0.0158624	0.0292337	0.0144876	0.204275	0.0120266	0.0221413	0.0159827	0.237633	0.0918129	0.0217258	0.00531328	0.0117609
56	0.0378169	0.0133749	0.1127	0.0282363	0.0106169	0.0202455	0.0411705	0.0138301	0.0298322	0.0275499	0.0115159	0.480993	0.0135286	0.0177959	0.0254928	0.0375277	0.0320326	0.0256498	0.00529661	0.0147938
57	0.0484121	0.0131392	0.00120746	0.00410889	0.0109744	0.0081124	0.0158803	0.219453	0.0131378	0.0919333	0.025023	0.00467229	0.0235468	0.0019615	0.00209139	0.0250386	0.0745884	0.331383	0.00671633	0.0786196
58	0.135293	0.100035	0.00576845	0.00943284	0.0124926	0.0541681	0.0174272	0.0110219	0.014699	0.171146	0.0231893	0.0731862	0.00563789	0.134351	0.0196554	0.148905	0.0208338	0.0155199	0.00748535	0.0197521
59	0.0120658	0.00581086	0.000757272	0.00138467	0.38187	0.00125231	0.00508012	0.0144702	0.00486296	0.0150344	0.0130618	0.0025315	0.000620778	0.00131651	0.00828795	0.00675418	0.00383176	0.0141601	0.0299617	0.476885
60	0.0034938	0.000261639	0.00344606	0.000585762	0.000257335	0.975533	0.00347208	0.000335249	0.00144289	0.000623776	0.000251241	0.00169492	0.000157132	0.00140128	0.00038654	0.00537022	0.000444885	0.000566206	8.78689e-05	0.000188466
61	0.122415	0.0162491	0.0176956	0.189497	0.0203066	0.0196179	0.0178927	0.0377257	0.0434592	0.202993	0.0339175	0.0267689	0.0186148	0.0276662	0.0505774	0.0396505	0.0419034	0.0459124	0.00736877	0.0197688
62	0.00336391	0.000239949	0.00344891	0.000253785	0.000285479	0.976119	0.00344675	0.000350389	0.00143049	0.000593515	0.00027944	0.00165617	0.00015723	0.00138472	0.000398464	0.00532986	0.000434007	0.000522846	8.41119e-05	0.00022128
63	0.00551448	0.000657081	0.00395382	0.000532398	0.000773651	0.968167	0.00353926	0.00059616	0.00161664	0.00111997	0.00104431	0.00207488	0.000257681	0.00154385	0.000712791	0.00553127	0.000757435	0.00117676	0.000158443	0.000272384
64	0.714008	0.0196116	0.002274	0.00432955	0.00500801	0.070198	0.0023696	0.00513897	0.00571031	0.00863829	0.00377971	0.00450837	0.00673463	0.00423303	0.00631429	0.10541	0.0135731	0.0148061	0.0010058	0.00234799
65	0.00380559	0.000246038	0.00425036	0.00168419	0.000229133	0.971018	0.0037307	0.000365716	0.00159096	0.00072601	0.00031508	0.00280058	0.000214933	0.00168945	0.000604505	0.00542844	0.00056533	0.000454677	8.53414e-05	0.000195316
66	0.336406	0.085419	0.00441314	0.00910844	0.0437647	0.0148463	0.00543511	0.0345268	0.00787662	0.0989203	0.0282201	0.00922571	0.00396981	0.0080993	0.00942224	0.0624832	0.179406	0.0506893	0.00190733	0.0058607
67	0.0114045	0.00580409	0.000577982	0.00100332	0.348948	0.000958785	0.00460587	0.0140096	0.00480563	0.00426902	0.0102917	0.00148872	0.000446762	0.00108925	0.00868885	0.00696215	0.00318544	0.014606	0.0300646	0.52679
68	0.0653665	0.00748419	0.00297985	0.00436843	0.00297555	0.0157444	0.00348351	0.00406519	0.00520737	0.00594568	0.0147581	0.00613336	0.0082767	0.0047763	0.00539945	0.568092	0.263684	0.00824849	0.00110544	0.00190565
69	0.0282784	0.00489679	0.512403	0.0627127	0.00500585	0.0702004	0.00871467	0.00788795	0.026182	0.0127453	0.00440848	0.134262	0.0108594	0.0146733	0.0183884	0.0382255	0.0174147	0.0139327	0.00160903	0.00719939
70	0.00432585	0.000334068	0.0036544	0.000671626	0.000231047	0.972688	0.00348981	0.000325493	0.00146155	0.000529	0.000261742	0.00211176	0.0001652	0.00146862	0.000433456	0.00579835	0.00113332	0.000605588	8.44893e-05	0.000226728
71	0.0476945	0.00783398	0.01273	0.0450555	0.00914215	0.0190337	0.0271588	0.014985	0.394196	0.0241688	0.0116262	0.031322	0.0152271	0.0492309	0.190069	0.0422523	0.0191743	0.0248314	0.00162425	0.0126439
72	0.012955	0.00438444	0.00126468	0.00293835	0.056019	0.00190484	0.00292316	0.150802	0.00371776	0.565284	0.0671038	0.00258488	0.00251551	0.00415716	0.0036562	0.00617954	0.00922209	0.0824334	0.00356727	0.0163872
73	0.0439216	0.00571796	0.0040799	0.00524913	0.0647156	0.0312977	0.0588087	0.0865014	0.00963575	0.0171699	0.00600697	0.190524	0.00276079	0.00633686	0.0124304	0.0614231	0.119851	0.030267	0.100135	0.143167
74	0.127198	0.0669174	0.00113409	0.0231142	0.00184964	0.00216155	0.0309741	0.00226202	0.00918641	0.00378202	0.00294848	0.0102735	0.00135318	0.0374326	0.00256225	0.265552	0.399857	0.00948034	0.000578276	0.00138211
75	0.0344371	0.00835311	0.0240169	0.157551	0.0388896	0.00886736	0.0281869	0.0106396	0.21944	0.0408466	0.0114452	0.0138572	0.000530188	0.0884804	0.15112	0.0340048	0.0776576	0.00784532	0.0122261	0.0316048
76	0.0297946	0.00297488	0.000566884	0.000916052	0.00501346	0.000632934	0.00123474	0.425368	0.000910432	0.0323445	0.0115742	0.00322886	0.000599163	0.000657369	0.000903304	0.00523765	0.00912448	0.466827	0.000226097	0.00186545
77	0.00474747	0.000706523	0.000371293	0.000443924	0.0481062	0.000439914	0.00211452	0.075982	0.00248185	0.726536	0.0787535	0.000673659	0.000398103	0.00170769	0.0011323	0.00443493	0.00550909	0.0282693	0.000968193	0.0162234
78	0.0637145	0.000760141	0.0913812	0.341698	0.00505242	0.0144319	0.0391485	0.00514367	0.101311	0.00490798	0.00325329	0.0504684	0.00204966	0.0753786	0.0850483	0.0695606	0.0226475	0.00622641	0.000118032	0.0176995
79	0.13167	0.0031878	0.0195749	0.0367294	0.00311068	0.00388507	0.00357441	0.0993638	0.0217713	0.153157	0.00525274	0.0232857	0.00217026	0.0551279	0.0377468	0.0553511	0.209903	0.0573404	0.0426563	0.0351416
80	0.00484094	0.000951833	0.000649025	0.000725137	0.10024	0.000784691	0.00200624	0.0666579	0.00227567	0.697279	0.0747968	0.00103719	0.000374084	0.00188201	0.00112647	0.00404726	0.00398952	0.0234671	0.000418145	0.0124515
81	0.0622954	0.0208501	0.00144579	0.012664	0.00497805	0.00462032	0.0311479	0.21281	0.00907742	0.0659929	0.0111634	0.0127962	0.0114774	0.00266703	0.00283226	0.0184467	0.0462229	0.411664	0.00308306	0.0537655
82	0.0902294	0.000799758	0.0579469	0.326058	0.00851512	0.0204934	0.0453772	0.00519692	0.108594	0.00815903	0.00530997	0.0496031	0.000869151	0.068015	0.0947856	0.0522148	0.0180166	0.010532	8.41439e-05	0.0292003
83	0.121511	0.152878	0.0027477	0.00391451	0.280128	0.00404469	0.13002	0.00480071	0.0048182	0.0473558	0.0217097	0.0611026	0.00226744	0.00477706	0.00494707	0.0587495	0.0068239	0.00672789	0.00134164	0.0793349
84	0.00310166	0.000211629	0.00341551	0.000250313	0.000225303	0.977091	0.00346905	0.000305394	0.00140131	0.000502163	0.000221139	0.00152831	0.000157013	0.0013557	0.00036034	0.0053048	0.000424594	0.000405357	8.38283e-05	0.000185267
85	0.766193	0.0213191	0.00111177	0.00076944	0.00170142	0.0634888	0.000668198	0.00165108	0.00101091	0.00244982	0.00167579	0.00116137	0.000885829	0.00213947	0.00128934	0.103651	0.0137894	0.0144033	0.000228366	0.000412401
86	0.0389366	0.00342307	0.160411	0.00358706	0.00324604	0.0039585	0.0329627	0.00417663	0.0510787	0.00594501	0.00414698	0.0487662	0.354798	0.0518892	0.00435723	0.133182	0.0249098	0.0663167	0.00113796	0.00276997
87	0.09291	0.00133265	0.111326	0.39892	0.00118092	0.00287754	0.00230088	0.00156631	0.0466833	0.00687102	0.00116039	0.0121165	0.158793	0.0233466	0.0236405	0.0829894	0.0189283	0.00517452	0.000331854	0.00755027
88	0.0389039	0.00594643	0.184467	0.322758	0.00338227	0.0147808	0.0295933	0.00464585	0.062059	0.00775444	0.00481179	0.0886448	0.00708925	0.0557543	0.054832	0.0848861	0.0163083	0.00580722	0.000294172	0.00728142
89	0.0241529	0.00519261	0.00166936	0.0022572	0.0116302	0.00160052	0.00253312	0.39988	0.00248154	0.0882233	0.0213462	0.0031935	0.00766075	0.00238595	0.00215031	0.00569747	0.0130622	0.397845	0.00109159	0.00594628
90	0.0524162	0.00741331	0.00140175	0.0122768	0.01589	0.047214	0.00178525	0.0677773	0.0383488	0.464093	0.104523	0.0170295	0.00688835	0.0117036	0.0602318	0.00486372	0.0347616	0.0431376	0.00139814	0.00684653
91	0.0273018	0.00304911	0.00152405	0.00215871	0.119651	0.014002	0.0259087	0.119716	0.0112389	0.0234171	0.00381167	0.0431231	0.000997027	0.00229023	0.0203706	0.0208378	0.0993811	0.0729202	0.101272	0.287029
92	0.290888	0.00318138	0.00341777	0.0041678	0.00307423	0.0463906	0.0824019	0.00391861	0.0187996	0.00589348	0.00326631	0.158108	0.00208231	0.109836	0.00418914	0.17192	0.0372706	0.00499567	0.000994748	0.045204
93	0.0473599	0.0028565	0.00245101	0.00975252	0.0217087	0.0031749	0.243547	0.010223	0.193267	0.0918406	0.00523453	0.0429264	0.0330128	0.0186436	0.216649	0.0163093	0.00752989	0.012341	0.00107531	0.0200975
94	0.173574	0.0217575	0.0152534	0.024977	0.00579126	0.0332693	0.00420201	0.011191	0.016012	0.0197379	0.00906024	0.0334188	0.428035	0.0130509	0.0153878	0.0908411	0.0409107	0.0363196	0.00125962	0.00595156
95	0.0734091	0.0196003	0.0200175	0.0472035	0.0290338	0.0312443	0.252132	0.028421	0.0595528	0.0652869	0.0211092	0.0530221	0.0162695	0.0363434	0.079469	0.0499969	0.0424315	0.0389174	0.00688222	0.0296573
96	0.0052028	0.00392435	0.0037035	0.000565675	0.00115236	0.000570063	0.0026221	0.320373	0.000680124	0.144813	0.0046786	0.00103334	0.000288342	0.000634186	0.00173298	0.00140147	0.00765141	0.494929	0.00150095	0.00254356
97	0.00501321	0.000457508	0.00402031	0.00135273	0.000365874	0.967351	0.00368085	0.000473815	0.00164156	0.00105754	0.000555934	0.0028545	0.000356633	0.00179334	0.000787539	0.00590897	0.000586167	0.00138068	0.000122075	0.000239544
98	0.0350026	0.00290339	0.00123273	0.00195117	0.00149158	0.0100714	0.00204013	0.00231771	0.00220769	0.00296001	0.0145476	0.00218452	0.00719179	0.00241738	0.00265714	0.56491	0.338687	0.00315981	0.000689575	0.00137675
99	0.051432	0.00544718	0.214359	0.0294531	0.0550629	0.0504316	0.00882434	0.00999301	0.0078175	0.047768	0.0167483	0.212681	0.0296138	0.0179643	0.0350383	0.0275721	0.0232238	0.010183	0.00605075	0.140336
100	0.0408641	0.00298373	0.00237573	0.00367469	0.00321259	0.00343364	0.00306905	0.0706669	0.269051	0.11364	0.00414806	0.0371796	0.00216663	0.0374553	0.231264	0.0068861	0.00646478	0.141026	0.000970201	0.0194686
101	0.00865869	0.003348	0.000849906	0.001516	0.101368	0.000878258	0.00391583	0.150298	0.00226005	0.564889	0.0469614	0.00200083	0.0017493	0.00291979	0.00139012	0.00392287	0.00686959	0.0720411	0.00410435	0.020058
102	0.0695642	0.00421183	0.0186156	0.0740932	0.0168762	0.0131197	0.0133592	0.092348	0.156068	0.0282095	0.0110278	0.017689	0.0932397	0.0567318	0.102935	0.0438278	0.060293	0.122399	0.00203183	0.00335951
103	0.00904078	0.000643999	0.000597318	0.00352111	0.0270473	0.000742267	0.000656674	0.37572	0.00101958	0.309691	0.14001	0.00175218	0.00124358	0.00522912	0.00193977	0.00245811	0.00523886	0.105346	0.00101873	0.00708347
104	0.0137028	0.0272423	0.00173955	0.00230109	0.00125234	0.00267905	0.00182071	0.0116298	0.0515853	0.0133619	0.00668688	0.00820931	0.00184889	0.0229093	0.764381	0.0326619	0.0254787	0.00835918	0.000960519	0.00118966
105	0.0882902	0.000781673	0.0589997	0.327663	0.00807709	0.0196206	0.0448299	0.00515539	0.109664	0.00781544	0.0052617	0.051201	0.00097154	0.0687062	0.0943393	0.0520622	0.018418	0.0100773	8.65305e-05	0.02798
106	0.0347339	0.00847184	0.0243098	0.160419	0.0370064	0.00881243	0.0274881	0.0104427	0.21701	0.0405303	0.0117865	0.0142182	0.000494687	0.0888909	0.152983	0.0349374	0.0777326	0.00784351	0.0117811	0.0301074
107	0.0101829	0.00162899	0.000781202	0.00351946	0.0250092	0.000756145	0.000805268	0.371498	0.00105504	0.298343	0.130173	0.00181662	0.00107774	0.00537219	0.00178909	0.00275478	0.0062888	0.129556	0.000862739	0.00673063
108	0.00519355	0.00179861	0.00122488	0.21414	0.0117688	0.0216729	0.011505	0.345059	0.0616144	0.134852	0.00202029	0.0117321	0.0012101	0.0219201	0.041717	0.0140241	0.0365841	0.0596511	0.00074207	0.00156898
109	0.153585	0.0421588	0.0025141	0.0061871	0.0275686	0.0311603	0.0541786	0.00358961	0.0195206	0.223352	0.0721871	0.105	0.00166338	0.0323193	0.0418968	0.0578018	0.0216918	0.00740686	0.0285362	0.067682
110	0.00310166	0.000211629	0.00341551	0.000250313	0.000225303	0.977091	0.00346905	0.000305394	0.00140131	0.000502163	0.000221139	0.00152831	0.000157013	0.0013557	0.00036034	0.0053048	0.000424594	0.000405357	8.38283e-05	0.000185267
111	0.194588	0.0757871	0.00258435	0.00406134	0.0241938	0.395585	0.00318266	0.0342715	0.00449051	0.0328957	0.0217806	0.00456105	0.00286711	0.00536106	0.00495284	0.0282917	0.0216074	0.134288	0.00134958	0.00330106
112	0.0203524	0.00115574	0.0489209	0.561377	0.00125769	0.0073614	0.0130834	0.0136212	0.0624482	0.00816402	0.00700143	0.00743559	0.00074381	0.0759078	0.0130153	0.0462763	0.0752701	0.0350484	0.000581202	0.000978454
113	0.00664155	0.00181961	0.001518	0.00246428	0.155521	0.00229616	0.00189255	0.24836	0.00293707	0.0250335	0.012564	0.003001	0.00141243	0.00238677	0.00301088	0.00439902	0.00395832	0.478798	0.000662801	0.041323
114	0.0442275	0.00244594	0.00265608	0.0183791	0.0421964	0.00295996	0.285365	0.018762	0.0631267	0.176019	0.00261157	0.0289374	0.0019306	0.0200103	0.212203	0.00647757	0.00531419	0.0208685	0.00101265	0.0444957
115	0.00956229	0.00375772	0.000634156	0.000989257	0.490443	0.00134712	0.00387147	0.0173767	0.00351489	0.0432292	0.0218391	0.00242197	0.000478017	0.00111179	0.00604632	0.00540368	0.00953483	0.0137084	0.0368903	0.32784
116	0.0159241	0.00199794	0.0860555	0.245709	0.00206449	0.15894	0.0283271	0.00237623	0.0309538	0.0124919	0.00189775	0.177118	0.00125938	0.0473946	0.0375559	0.140763	0.00298851	0.00377537	0.000560335	0.00184667
117	0.136095	0.0670103	0.00109547	0.0257347	0.00152963	0.0015391	0.0348611	0.00212128	0.0100303	0.00339741	0.0019742	0.0105677	0.00100937	0.0421915	0.00243633	0.249993	0.39635	0.0102366	0.000515398	0.00131107
118	0.011353	0.0393195	0.00123032	0.0318146	0.0140259	0.00159472	0.0214682	0.00194719	0.310252	0.0221988	0.00165377	0.00282405	0.000740416	0.141371	0.34183	0.0168181	0.0159361	0.0156866	0.00677621	0.00115905
119	0.0850848	0.0244044	0.000649435	0.000956144	0.0552611	0.00182439	0.00408695	0.0490182	0.0012388	0.240828	0.0534424	0.00146323	0.000515492	0.00120761	0.0014647	0.00785336	0.00180319	0.452863	0.000991474	0.0150437
120	0.0419935	0.0203389	0.0905944	0.169617	0.00172047	0.011298	0.00185915	0.0300688	0.0214298	0.0132725	0.00213545	0.00266633	0.00117844	0.0209329	0.0121233	0.0228603	0.414063	0.119285	0.000769593	0.0017923
121	0.0284184	0.00376923	0.463169	0.0841315	0.000528969	0.198965	0.00361562	0.000937244	0.0278534	0.00126307	0.000769117	0.106681	0.000678101	0.0182526	0.0220935	0.027422	0.00940185	0.00130931	0.000217525	0.000522764
122	0.00212208	0.000721742	0.000591944	0.000718419	0.170892	0.000738327	0.00693995	0.223403	0.00113207	0.431601	0.00549495	0.00307037	0.00271646	0.00162201	0.000921529	0.00169092	0.00719619	0.121226	0.000198833	0.0170025
123	0.0931132	0.0228312	0.000596605	0.000869308	0.0424979	0.00211605	0.00456444	0.0658809	0.00104473	0.253284	0.048219	0.00115451	0.000496966	0.00100049	0.00113129	0.00980908	0.00153109	0.429993	0.00195205	0.017914
124	0.0268822	0.00257702	0.000490385	0.000472056	0.004972	0.000563178	0.000398847	0.463371	0.000656502	0.0303469	0.00670803	0.00296576	0.000270194	0.000611493	0.000789577	0.0030338	0.00683026	0.44758	0.000133958	0.000347065
125	0.00436947	0.000440547	0.000281835	0.000364034	0.0480991	0.000383822	0.00184129	0.0768264	0.00190861	0.735329	0.0790996	0.000446883	0.000166401	0.00163236	0.000481616	0.00381888	0.0037176	0.0261378	0.000355437	0.0142992
126	0.725708	0.00541552	0.000571488	0.000761242	0.00383666	0.195948	0.000647532	0.00112163	0.00111039	0.00163104	0.00107571	0.00112244	0.000426574	0.00113124	0.00127711	0.0475324	0.00632043	0.00336299	0.000326703	0.000672835
127	0.0468367	0.0397136	0.00173404	0.00291455	0.00923933	0.00311001	0.00591356	0.229379	0.00428562	0.0938943	0.00818143	0.00341973	0.0871477	0.00206258	0.00253016	0.021202	0.0612041	0.359911	0.00163871	0.0156812
128	0.0040963	0.000697002	0.00399194	0.00108629	0.00038175	0.969622	0.00353604	0.000587734	0.00181728	0.00105211	0.000424123	0.00201549	0.000194222	0.00196998	0.000468443	0.00599455	0.000682935	0.000801617	0.000199974	0.000380055
129	0.0253154	0.00972226	0.0717978	0.0109435	0.00899966	0.0108841	0.101043	0.0136811	0.0222871	0.023477	0.00994265	0.569318	0.00893546	0.0105193	0.0144682	0.022489	0.02629	0.0235728	0.00641832	0.00989503
130	0.118882	0.0101394	0.0124385	0.0119609	0.00441663	0.493087	0.00636822	0.00693862	0.0088695	0.0121257	0.00928214	0.015519	0.0162807	0.00889164	0.00777908	0.201471	0.0354125	0.0149592	0.00125787	0.00392091
131	0.800098	0.0231426	0.000297783	0.000419201	0.000592426	0.029986	0.000411793	0.000502778	0.000548615	0.00102787	0.000561132	0.000511907	0.000285302	0.00255423	0.000500811	0.120331	0.00826421	0.00951618	0.000142586	0.000305344
132	0.0551312	0.0446412	0.167272	0.219132	0.0107281	0.0235373	0.0560488	0.0154768	0.0467367	0.0244863	0.0149756	0.062031	0.010102	0.030005	0.107423	0.0509572	0.0228063	0.0186886	0.00254174	0.0172793
133	0.097624	0.0107985	0.313242	0.140695	0.00145174	0.0415622	0.00746503	0.00391192	0.048518	0.00488591	0.00301215	0.0853194	0.0661487	0.0186521	0.0234851	0.0930121	0.0256607	0.00960868	0.000551956	0.0043951
134	0.0139249	0.0649659	0.00207447	0.00340912	0.0042786	0.00364634	0.00312501	0.0580554	0.00456481	0.0914102	0.0638756	0.00420755	0.00532952	0.00423179	0.00464054	0.090925	0.227864	0.3433	0.00142843	0.00474353
135	0.0114843	0.00591432	0.000579685	0.00100159	0.344814	0.000920416	0.00451711	0.0137338	0.00486087	0.00294101	0.00993884	0.00120628	0.000441028	0.00107033	0.00877107	0.00698361	0.00266244	0.0145692	0.029634	0.533956
136	0.0870294	0.000774466	0.0506318	0.335272	0.00969316	0.0232088	0.0457418	0.00827718	0.101373	0.00826467	0.00464889	0.0444174	0.000945211	0.0672333	0.0936433	0.0566422	0.0198744	0.00934183	0.000124295	0.0328626
137	0.113733	0.00459113	0.00275942	0.0481874	0.00557667	0.00471959	0.0200339	0.00801626	0.0210094	0.20637	0.212408	0.056608	0.00280442	0.00627264	0.0400638	0.0255426	0.0865798	0.0561023	0.0225204	0.0561013
138	0.00454759	0.00049479	0.000289828	0.000375474	0.0486518	0.000389317	0.00185397	0.0771251	0.00190777	0.735361	0.0780777	0.000467481	0.000169399	0.00159712	0.000501016	0.00378252	0.00368012	0.0261061	0.000473247	0.0141489
139	0.00904078	0.000643999	0.000597318	0.00352111	0.0270473	0.000742267	0.000656674	0.37572	0.00101958	0.309691	0.14001	0.00175218	0.00124358	0.00522912	0.00193977	0.00245811	0.00523886	0.105346	0.00101873	0.00708347
140	0.0204051	0.00120388	0.0462456	0.561885	0.00124389	0.00689114	0.0129309	0.0143097	0.0639494	0.00863653	0.00654366	0.00760387	0.000665241	0.078662	0.0136487	0.0443797	0.0732169	0.0360932	0.000544301	0.000941598
141	0.335869	0.0118338	0.00157156	0.00203595	0.0107551	0.0121985	0.00208073	0.00224643	0.0332905	0.0123277	0.00193881	0.0233906	0.260576	0.0415068	0.0407789	0.115031	0.0470687	0.0343158	0.000577084	0.010607
142	0.0461666	0.0143175	0.0105511	0.0598804	0.0123506	0.011313	0.0207659	0.0138085	0.24912	0.0258961	0.00856623	0.0198777	0.00989603	0.208641	0.191459	0.0365443	0.0265021	0.0217917	0.00354881	0.00900371
143	0.181996	0.0147251	0.0184269	0.00262388	0.00271094	0.0685444	0.00239964	0.00303809	0.00439718	0.00530557	0.010402	0.0579343	0.410889	0.00414653	0.00518808	0.138474	0.0494261	0.0165351	0.000735217	0.00210216
144	0.00582003	0.000596335	0.000573058	0.000888374	0.727298	0.000823188	0.000875661	0.0123353	0.0011258	0.102127	0.0415418	0.00101597	0.000525205	0.00113822	0.00113789	0.00165102	0.00923535	0.00511701	0.0305186	0.0556568
145	0.799179	0.0225855	0.000304493	0.000442692	0.000683976	0.033415	0.000421102	0.000598447	0.000557657	0.00104558	0.000572967	0.000528214	0.00028476	0.00266903	0.000520202	0.118094	0.00819629	0.00938626	0.000149578	0.000365977
146	0.0314393	0.0137754	0.000637352	0.00103382	0.0051431	0.000970533	0.000839276	0.19559	0.00125858	0.115843	0.236831	0.00112041	0.00053439	0.00114781	0.00114989	0.00425819	0.0156047	0.366823	0.00278704	0.00321251
147	0.00907459	0.00046572	0.00346098	0.000404802	0.000258508	0.968078	0.0034358	0.000367536	0.00143171	0.000922926	0.000356824	0.00193525	0.000181627	0.00145827	0.000507879	0.00592984	0.000901269	0.000534186	8.90074e-05	0.000205731
148	0.0805999	0.0213208	0.00079058	0.00112822	0.0705729	0.00186671	0.00388707	0.0499095	0.00163162	0.220183	0.0473327	0.00148007	0.000663465	0.00128069	0.00154356	0.00690723	0.00186354	0.469491	0.000655532	0.0168917
149	0.0178608	0.0221267	0.00328099	0.0161232	0.00374324	0.00526163	0.0104426	0.0112473	0.090633	0.0169647	0.00766679	0.0133301	0.00345094	0.0333803	0.673447	0.0304532	0.0241614	0.0108578	0.00126805	0.00429995
150	0.0270787	0.00256917	0.000540948	0.000480064	0.00494581	0.000555999	0.000431289	0.464456	0.000657164	0.030659	0.0067437	0.00296378	0.000270671	0.000611388	0.000853377	0.00302844	0.00705815	0.445606	0.000134208	0.000356133
151	0.0362823	0.00677553	0.0412458	0.38934	0.00725436	0.0148395	0.0196777	0.0635453	0.0634507	0.0354414	0.0165068	0.0263153	0.00630526	0.0864418	0.0506022	0.0399202	0.0488378	0.035114	0.00186627	0.0102374
152	0.0734116	0.0164479	0.0264809	0.0641052	0.0176355	0.027234	0.208358	0.0211624	0.0711214	0.0434933	0.0180401	0.0466057	0.0164088	0.123075	0.0851444	0.0501242	0.0386772	0.0272835	0.00464119	0.0205499
153	0.0286553	0.0049555	0.0187122	0.0925333	0.00304345	0.003748	0.0032321	0.00553522	0.0399338	0.132598	0.00395624	0.00594425	0.402627	0.0438297	0.0522586	0.140296	0.00715984	0.00685987	0.0011181	0.00300365
154	0.0617652	0.0053369	0.00497346	0.0160706	0.00398545	0.00533528	0.00821394	0.00888639	0.0763107	0.012815	0.00498159	0.00799515	0.00366812	0.528378	0.187255	0.037488	0.0127238	0.00846214	0.00167045	0.00368477
155	0.160523	0.0127124	0.0967658	0.158152	0.00128154	0.0745945	0.0193185	0.0111108	0.0886789	0.00255224	0.00760529	0.0497656	0.0357788	0.00937427	0.0443227	0.154181	0.0528268	0.0129311	0.000507321	0.00701696
156	0.0233874	0.00140587	0.0476929	0.0184619	0.0390181	0.00200906	0.00985777	0.0859188	0.00221745	0.413271	0.100041	0.0132149	0.00263165	0.0505635	0.00381953	0.0160016	0.0299314	0.119144	0.0178622	0.00355008
157	0.0181469	0.00281404	0.00194966	0.000548567	0.00342071	0.000551562	0.00130113	0.413935	0.000643839	0.0771004	0.00656411	0.0021367	0.000448157	0.000612683	0.00127762	0.00243696	0.0076527	0.456572	0.000576657	0.00131049
158	0.00621477	0.00213879	0.613694	0.0196569	0.0039167	0.00565599	0.00737336	0.00314677	0.010708	0.00942699	0.00245184	0.243913	0.00770776	0.00297805	0.00595289	0.0305648	0.00951606	0.00960569	0.000717682	0.0046606
159	0.0480448	0.00655467	0.0208622	0.146292	0.0289384	0.00733463	0.0267427	0.012193	0.214943	0.0406294	0.0107027	0.0155214	0.00378948	0.0880411	0.18623	0.0397778	0.0616187	0.0110199	0.00770403	0.0230602
160	0.337686	0.00969834	0.0016712	0.00223422	0.00818264	0.00951155	0.00189375	0.00223394	0.0291697	0.00990751	0.00192685	0.0178313	0.271307	0.0345829	0.0395583	0.112096	0.0529279	0.0488305	0.000685079	0.00806562
161	0.800011	0.0228878	0.000289242	0.000420443	0.000615451	0.0315212	0.0004134	0.000512665	0.000539999	0.0010459	0.000562893	0.00051471	0.000294814	0.00247912	0.000496012	0.119226	0.00817508	0.00955298	0.00014339	0.000298599
162	0.0933315	0.00143335	0.112541	0.400459	0.00120216	0.0028177	0.00225697	0.00159196	0.0451077	0.00678569	0.0011548	0.0123818	0.156056	0.022544	0.0231344	0.0843753	0.019344	0.00506802	0.000346227	0.00806935
163	0.0240281	0.00926771	0.00660852	0.00997711	0.273461	0.00527134	0.00895568	0.022006	0.0115299	0.0242689	0.0143237	0.0169125	0.00337144	0.00661375	0.0172009	0.0155642	0.0129103	0.0271302	0.0277929	0.462806
164	0.146536	0.00407799	0.00322796	0.0101989	0.0312601	0.00543223	0.0406486	0.00515983	0.184663	0.00898698	0.0192396	0.0831247	0.00359873	0.0589188	0.176074	0.165845	0.0393299	0.00775827	0.0011256	0.00479315
165	0.0055823	0.00120981	0.000367758	0.000606678	0.0672583	0.000403971	0.00254361	0.106637	0.00181087	0.669425	0.0664309	0.000937734	0.000666196	0.00279772	0.000557766	0.00362491	0.0043155	0.0467308	0.00128716	0.0168057
166	0.252674	0.00293731	0.00302472	0.00367697	0.0180598	0.00379705	0.0187193	0.0346447	0.00414849	0.0222105	0.00435694	0.036159	0.00248266	0.00416319	0.0201392	0.136385	0.199348	0.229167	0.0011284	0.0027785
167	0.0116137	0.0250213	0.0015941	0.00436752	0.00142932	0.00232059	0.0015778	0.0121908	0.0643047	0.0167882	0.00877935	0.0095365	0.00243981	0.0238197	0.740788	0.0336178	0.0302	0.00702903	0.00138361	0.00119774
168	0.261822	0.0331604	0.017975	0.00284192	0.00293531	0.291552	0.00265792	0.00602574	0.00320699	0.00820191	0.00817418	0.0184875	0.00724523	0.00301171	0.00977261	0.136569	0.153925	0.0290798	0.000981754	0.00237315
169	0.302378	0.157138	0.000872569	0.00123639	0.0179836	0.0249091	0.00119542	0.0993833	0.00155634	0.0440902	0.0263929	0.00156107	0.0025526	0.0051787	0.00155351	0.0532838	0.0572991	0.199588	0.000544722	0.00130312
170	0.0115672	0.00592797	0.000578602	0.000987873	0.344494	0.000926669	0.00449648	0.0137284	0.00485864	0.00300897	0.00994706	0.00123508	0.000440999	0.00108955	0.00876973	0.00702471	0.00279629	0.0145961	0.0295683	0.533957
171	0.032439	0.00305092	0.00121127	0.00193613	0.001451	0.0100448	0.00187059	0.00232364	0.0020561	0.0029085	0.0139678	0.00231618	0.00693591	0.0023966	0.00221353	0.573666	0.334165	0.00310039	0.000666678	0.0012803
172	0.0141319	0.00623533	0.00259954	0.00343548	0.61835	0.00200551	0.00439933	0.0237405	0.00482163	0.105743	0.0349663	0.00380969	0.00184027	0.00612497	0.00465007	0.00803168	0.0121495	0.0188781	0.0279026	0.0961842
173	0.127237	0.262806	0.0137099	0.0240821	0.0336409	0.0269547	0.02136	0.0435892	0.0278298	0.0599138	0.0271126	0.0299107	0.0204191	0.0267945	0.0384413	0.0651294	0.0542175	0.0718686	0.00653155	0.018451
174	0.0787668	0.0229239	0.0181484	0.0349032	0.0220124	0.026182	0.0241972	0.0291622	0.0327817	0.0739339	0.220496	0.14787	0.0157515	0.0312099	0.0375046	0.0504988	0.0481841	0.0430968	0.0128659	0.0295104
175	0.14398	0.266625	0.0135656	0.018541	0.026617	0.0242151	0.0151075	0.0513092	0.0199375	0.0561413	0.0322713	0.0282852	0.020589	0.0224697	0.0350682	0.0630026	0.0522049	0.0908308	0.00638682	0.0128525
176	0.182702	0.0191213	0.016782	0.0192064	0.00645832	0.0307486	0.00565178	0.0107327	0.0200269	0.0193768	0.00801055	0.0314299	0.408088	0.0162805	0.0196833	0.0979811	0.040601	0.0396839	0.00121034	0.00622538
177	0.00438521	0.000362489	0.00343254	0.00125315	0.000311232	0.968785	0.00374301	0.000406057	0.00188464	0.00114823	0.00120367	0.00185996	0.000189412	0.0018816	0.00134426	0.005522	0.000928324	0.000782025	0.000196142	0.000381508
178	0.00542257	0.000334866	0.00341519	0.000614943	0.000294147	0.971754	0.00349421	0.000356902	0.00149307	0.000686876	0.000535289	0.00193631	0.000187083	0.00167814	0.000676564	0.00551103	0.000537829	0.000781177	8.92598e-05	0.000200611
179	0.0191741	0.00253406	0.00170334	0.0666089	0.081264	0.00558669	0.0205377	0.0792274	0.0111176	0.122735	0.0313979	0.00467317	0.00162887	0.0913151	0.0615354	0.0228123	0.102445	0.204273	0.000734397	0.0686963
180	0.00340385	0.00525905	0.00359212	0.000657268	0.00146697	0.000588753	0.00262509	0.280537	0.000780125	0.157747	0.00589074	0.000847853	0.00033511	0.000735195	0.00170047	0.00128047	0.0071781	0.520569	0.00201537	0.00278987
181	0.0288564	0.00319757	0.000879513	0.000993247	0.00452054	0.000717524	0.00129613	0.42108	0.000960387	0.0396256	0.0138414	0.0029606	0.00148247	0.000715786	0.0011951	0.00493742	0.0118615	0.458137	0.000394989	0.00234691
182	0.164375	0.0221633	0.0141224	0.0036878	0.00299759	0.0931205	0.00294335	0.00453772	0.00437278	0.00629186	0.0175323	0.0870942	0.369491	0.00402647	0.00488174	0.127431	0.044923	0.022747	0.000996245	0.00226562
183	0.799991	0.0231144	0.000298318	0.000416011	0.000598941	0.0302684	0.000412185	0.00050508	0.000544384	0.00102625	0.000562519	0.000508697	0.000283581	0.00254246	0.000499343	0.120186	0.00829276	0.00950187	0.000142684	0.000304912
184	0.268242	0.00284616	0.00121572	0.00102607	0.00088519	0.0282261	0.00100139	0.00169712	0.00120671	0.00294715	0.00687956	0.00590739	0.00669012	0.00132258	0.00235165	0.630708	0.0224703	0.0131006	0.000388583	0.00088738
185	0.040397	0.00412359	0.00125111	0.00222587	0.00163865	0.00993372	0.00237632	0.00243331	0.00227564	0.00325577	0.0142123	0.00331623	0.00669043	0.00293966	0.00248481	0.576111	0.317628	0.00474941	0.000626684	0.00133064
186	0.0800538	0.00153912	0.0636175	0.32543	0.00983507	0.0300026	0.0400959	0.00541048	0.0950156	0.0107265	0.00537494	0.0584318	0.00208571	0.0654948	0.0823833	0.0672916	0.0170539	0.0125726	0.000218596	0.0273666
187	0.0914807	0.00241013	0.0462417	0.312196	0.00175514	0.00974855	0.00874826	0.00210462	0.0768242	0.0275936	0.00147195	0.029844	0.232059	0.0413037	0.0162735	0.0630727	0.0085513	0.0178399	0.000577865	0.00990336
188	0.0329738	0.00133614	0.0484896	0.132658	0.00154006	0.540035	0.0289517	0.00209854	0.0165029	0.00316603	0.00164203	0.11778	0.00270636	0.0272802	0.0172295	0.0111375	0.0101713	0.00254335	0.000460216	0.00129728
