255	20
1	0.0684421	0.0288588	0.017658	0.0298896	0.0128989	0.108322	0.021109	0.0255819	0.0514727	0.029387	0.0662291	0.0263432	0.0141761	0.0389093	0.14402	0.220211	0.0501512	0.0302973	0.00465325	0.0113887
2	0.0158513	0.0169845	0.0025222	0.00327687	0.0204725	0.0070136	0.00126537	0.248525	0.0033782	0.443605	0.0530753	0.00203727	0.0078071	0.00887153	0.00668527	0.00862511	0.0168448	0.130837	0.00035328	0.00196869
3	0.214206	0.00378069	0.00718865	0.0658719	0.00775547	0.043199	0.0163125	0.0221227	0.102168	0.00396858	0.00215748	0.0174448	0.0141046	0.0704067	0.0165245	0.173225	0.183505	0.0332903	0.000700836	0.00206787
4	0.0239604	0.0130323	0.00798266	0.00313702	0.245676	0.00641723	0.0579143	0.0148268	0.00743859	0.0182491	0.00596279	0.0118728	0.00911579	0.00967658	0.0134493	0.0125128	0.0123362	0.0253609	0.0360134	0.465065
5	0.0485277	0.021607	0.0405186	0.0677908	0.0138552	0.309939	0.0259616	0.0137392	0.0329671	0.0567526	0.0129999	0.111466	0.0133893	0.0259353	0.0356284	0.104707	0.038039	0.0169699	0.00230182	0.00690425
6	0.249769	0.0264935	0.0158811	0.0192465	0.0136513	0.0459191	0.01356	0.0396777	0.0317326	0.0318634	0.0108701	0.0241138	0.0397514	0.0173662	0.0225399	0.115033	0.194198	0.0734834	0.00260951	0.0122396
7	0.365558	0.0300686	0.00592586	0.00503771	0.0106955	0.0265758	0.00385267	0.0425352	0.0130738	0.0295191	0.00708691	0.0180949	0.00685891	0.00560579	0.010601	0.123395	0.17782	0.109749	0.00136949	0.00657645
8	0.0687644	0.0141137	0.052084	0.0879654	0.00709087	0.429001	0.013687	0.00768733	0.0333905	0.0193351	0.00560625	0.0644998	0.0140784	0.0216999	0.0294551	0.0845667	0.0299357	0.0111406	0.00160625	0.00429213
9	0.0214656	0.0161471	0.00424835	0.00758706	0.0180556	0.0069131	0.00298519	0.226238	0.0074708	0.407189	0.0775485	0.00441663	0.00619713	0.011797	0.015053	0.0142954	0.024944	0.12303	0.000761641	0.00365745
10	0.0756756	0.014067	0.038286	0.123965	0.010976	0.040693	0.0300641	0.0207605	0.154981	0.0305269	0.0163173	0.0324214	0.0286864	0.0768474	0.164465	0.0636345	0.0330493	0.0287056	0.00277636	0.0131014
11	0.265623	0.00311995	0.00287183	0.0115381	0.00181619	0.479267	0.0147039	0.0034679	0.00235892	0.00324312	0.00369551	0.00723341	0.00903468	0.00921811	0.00209082	0.144434	0.0300894	0.00421238	0.000581777	0.0014002
12	0.108066	0.0117273	0.0186579	0.0665315	0.00103034	0.0127065	0.0142685	0.00806803	0.228901	0.0104819	0.0121039	0.00722265	0.224223	0.0355956	0.0856528	0.0929714	0.0315166	0.0252734	0.000274325	0.00472728
13	0.0492759	0.0317049	0.00589553	0.00722627	0.0928013	0.0145652	0.00840704	0.180408	0.0122419	0.135281	0.114014	0.00678532	0.00539846	0.0095426	0.00657493	0.0269328	0.0300297	0.214878	0.0114737	0.0365636
14	0.118005	0.0175498	0.0157271	0.0812994	0.00445146	0.116769	0.0220582	0.00565481	0.167432	0.0101955	0.014569	0.0167126	0.00680669	0.147023	0.162384	0.0725621	0.00739058	0.00638134	0.00295805	0.00407103
15	0.442725	0.0239843	0.00431247	0.00904331	0.00437337	0.025719	0.011703	0.00869403	0.00443372	0.0224348	0.00289136	0.00357507	0.292975	0.00766615	0.00375221	0.0619192	0.0202435	0.046474	0.000942451	0.00213855
16	0.145777	0.0158772	0.0272015	0.0373024	0.0070047	0.442461	0.0155588	0.0117284	0.0191029	0.018966	0.00962104	0.0347527	0.0153662	0.0178382	0.0152809	0.111255	0.0347476	0.0149473	0.00140337	0.00380786
17	0.0125634	0.00847549	0.00726601	0.00575994	0.321425	0.00688721	0.00543592	0.0444953	0.0115209	0.00928967	0.00716188	0.0710667	0.0722191	0.0067591	0.00698779	0.0359843	0.111298	0.0424675	0.00259982	0.210337
18	0.014483	0.0155679	0.00320926	0.00299507	0.0238593	0.00631728	0.00150382	0.248786	0.00399114	0.433756	0.0665411	0.00213398	0.00723449	0.0073122	0.00687652	0.00843531	0.0139239	0.129708	0.000401665	0.00296394
19	0.0598298	0.0219138	0.135155	0.0477291	0.0214104	0.0729988	0.0333562	0.0256736	0.0363403	0.0338487	0.0150314	0.200457	0.0160224	0.0337575	0.0379747	0.0819738	0.0680523	0.0305521	0.00729446	0.0206281
20	0.116882	0.0864674	0.145742	0.103554	0.0121108	0.0131926	0.0444494	0.0162419	0.0244977	0.0252229	0.00682507	0.0178019	0.00772584	0.014029	0.0836922	0.0863508	0.0978731	0.0717531	0.00562826	0.0199593
21	0.018193	0.00858669	0.00300496	0.00166298	0.0101485	0.00311433	0.000869362	0.296892	0.00109355	0.127017	0.0135132	0.00100301	0.00206623	0.00275458	0.00181446	0.00506014	0.0167345	0.483794	0.000557431	0.00211937
22	0.0799312	0.0319079	0.0015328	0.00371259	0.0140825	0.0103599	0.00134163	0.121511	0.00139177	0.033403	0.0124397	0.00147726	0.00477336	0.00593179	0.00318683	0.0172948	0.0842884	0.567109	0.00108001	0.00324452
23	0.00517587	0.00145349	0.00399791	0.000915992	0.0025964	0.00111594	0.000840542	0.376799	0.00108973	0.0367711	0.0053151	0.000992353	0.000580576	0.000965144	0.000992823	0.00191139	0.00436413	0.552415	0.000559662	0.00114765
24	0.0451393	0.0188765	0.00222101	0.0199513	0.00424316	0.0082175	0.00598491	0.162003	0.0189623	0.333844	0.0893185	0.0100263	0.00284577	0.0297867	0.0131542	0.0242047	0.057771	0.150728	0.000389155	0.00233334
25	0.0693041	0.0142905	0.0463186	0.172882	0.00681305	0.0250138	0.0429763	0.0134013	0.127206	0.0243682	0.0342075	0.0244872	0.0202963	0.14814	0.128051	0.059653	0.0167029	0.0140088	0.00207126	0.00980781
26	0.343945	0.0254411	0.00409879	0.00192919	0.0131034	0.0109567	0.00159318	0.0466723	0.0118163	0.0335362	0.00485259	0.0205414	0.00133254	0.00212012	0.0105617	0.12114	0.235572	0.1021	0.000446028	0.00824032
27	0.09385	0.0369273	0.000864193	0.00326907	0.0144956	0.0116466	0.000868946	0.105801	0.00104387	0.0321015	0.0129211	0.00112563	0.00147623	0.00467704	0.00161599	0.0145395	0.0805723	0.57878	0.000262216	0.00316119
28	0.00360679	0.0212024	0.00151716	0.00144292	0.0583241	0.00159357	0.0112055	0.471929	0.00175915	0.0639706	0.00446876	0.00153272	0.000855647	0.00164853	0.00150626	0.00341438	0.0082873	0.307352	0.0106738	0.0237093
29	0.117703	0.0232085	0.0184893	0.0137179	0.00819822	0.289321	0.014414	0.0179791	0.0147746	0.0243771	0.0462339	0.0201781	0.00918398	0.013547	0.0202573	0.260038	0.0574184	0.0230199	0.00164325	0.00629695
30	0.0141555	0.0132154	0.00616506	0.00241278	0.250684	0.0029446	0.0394814	0.00891164	0.00589076	0.00399765	0.00352422	0.00645722	0.00434045	0.00292041	0.0128429	0.00655755	0.00493815	0.0254632	0.0353969	0.549701
31	0.0318731	0.00953586	0.397844	0.103001	0.00967056	0.0253365	0.0158736	0.0105176	0.0322803	0.0290912	0.00888855	0.131874	0.00912667	0.039785	0.0171707	0.0502585	0.0377613	0.0158078	0.00179956	0.0225049
32	0.265545	0.00317517	0.00283326	0.01155	0.00190131	0.478449	0.0150033	0.00346044	0.00242664	0.00333605	0.00366428	0.007364	0.00935137	0.00925595	0.00211941	0.143788	0.0303811	0.00441197	0.000577552	0.00140657
33	0.070152	0.0234199	0.0285522	0.0609598	0.0145509	0.037993	0.0296405	0.0293093	0.141803	0.0349525	0.0184975	0.0374713	0.0328447	0.0575328	0.174234	0.0719758	0.0598865	0.0469817	0.0056145	0.0236276
34	0.0755599	0.00953231	0.0142108	0.00473104	0.0976777	0.0276577	0.185068	0.00838311	0.00713391	0.0385036	0.00415239	0.0186558	0.0103474	0.0489818	0.0276702	0.0351715	0.0218493	0.00614884	0.0513526	0.307213
35	0.0113557	0.0448469	0.0373337	0.0153445	0.0347902	0.100252	0.149275	0.00618621	0.0673695	0.0378184	0.0108208	0.23742	0.00248413	0.0560839	0.0710441	0.0688739	0.0353963	0.00809002	0.00140329	0.00381064
36	0.0651832	0.0209805	0.0263639	0.0139946	0.0064471	0.0296371	0.0150745	0.0177636	0.0247385	0.0145496	0.0118364	0.0373762	0.0170324	0.0150724	0.0142605	0.380501	0.262234	0.0197246	0.00131478	0.00591472
37	0.0755753	0.0107743	0.0148894	0.129583	0.0111273	0.0279225	0.053314	0.00818517	0.19494	0.0252236	0.0196838	0.0251748	0.00939593	0.110862	0.192935	0.0616651	0.00790428	0.00610901	0.00145347	0.013283
38	0.0782207	0.00640395	0.0617439	0.173859	0.00465593	0.0101956	0.0218746	0.0174201	0.157852	0.0381117	0.0201416	0.0211842	0.00442324	0.127496	0.113287	0.0833454	0.0400585	0.0148414	0.00103934	0.00384583
39	0.0313524	0.0412038	0.000956348	0.0011451	0.287245	0.00588548	0.00601281	0.0883379	0.00235181	0.247551	0.0939081	0.00240733	0.00163152	0.0016278	0.00115619	0.0152028	0.0146752	0.0685587	0.0416577	0.0471333
40	0.495012	0.0244555	0.00422059	0.00611631	0.00195579	0.180751	0.00640179	0.00744726	0.00430696	0.00784488	0.00572469	0.034026	0.0201094	0.00483164	0.00304588	0.148461	0.0249786	0.0179536	0.000750047	0.00160724
41	0.0788141	0.0108831	0.0168048	0.133121	0.0105013	0.0274012	0.0505232	0.00796945	0.18937	0.0256062	0.0201115	0.0252749	0.00877293	0.114307	0.191832	0.0621476	0.00780651	0.00612439	0.00146492	0.0111647
42	0.102694	0.0125337	0.0393085	0.00862456	0.106181	0.0108418	0.0085713	0.166251	0.0110713	0.167705	0.0099997	0.0095032	0.00707302	0.00940627	0.0694465	0.0216139	0.0474417	0.0898731	0.00232723	0.0995324
43	0.345734	0.0239021	0.00429681	0.00198662	0.0124611	0.0104646	0.00157197	0.0456934	0.0121543	0.0329998	0.00440499	0.0214147	0.00115241	0.00213252	0.0107376	0.121409	0.238536	0.100531	0.000402411	0.00801476
44	0.318	0.0180885	0.0054555	0.0159044	0.0113418	0.0262574	0.00500117	0.0351227	0.0504862	0.0210421	0.00438443	0.021293	0.00438949	0.0179818	0.0141068	0.130532	0.215835	0.0798133	0.000640019	0.00432411
45	0.315992	0.0357569	0.0106088	0.003231	0.0089332	0.0215061	0.00240074	0.0352642	0.0186221	0.040137	0.00591477	0.045716	0.00154829	0.0027927	0.0228112	0.108252	0.20703	0.10774	0.000609771	0.00513297
46	0.103101	0.0364045	0.000948441	0.00309607	0.0144251	0.0117212	0.000930423	0.103966	0.00132009	0.0307326	0.0123507	0.00161293	0.00147924	0.00465544	0.00185847	0.0172105	0.0854306	0.565268	0.00034444	0.00314468
47	0.0319333	0.0423268	0.000845243	0.000861967	0.285345	0.00581882	0.00552944	0.0901932	0.00189455	0.249908	0.0948809	0.00120073	0.000600335	0.00151481	0.000973542	0.0153849	0.0147657	0.0690712	0.03966	0.0472911
48	0.0522443	0.0189641	0.00219193	0.0223904	0.0029691	0.00943228	0.00719046	0.154403	0.0196587	0.323441	0.0871214	0.0113521	0.00259681	0.0280263	0.0156254	0.024772	0.0627087	0.152218	0.00041544	0.00227766
49	0.0140447	0.00638343	0.101518	0.0911192	0.00394183	0.499569	0.00424074	0.0039168	0.0348315	0.0173793	0.00251477	0.0922404	0.00681211	0.019015	0.0300108	0.0517829	0.0111693	0.00650523	0.000877381	0.00212734
50	0.00447859	0.0284524	0.00189034	0.00209557	0.0762375	0.00239782	0.0170502	0.479528	0.00257482	0.0585608	0.00426103	0.00208797	0.00132847	0.00218066	0.00223435	0.00493603	0.00880586	0.255291	0.013366	0.0322422
51	0.106299	0.0115754	0.0187258	0.0668238	0.00113261	0.0122569	0.0138749	0.00789934	0.230742	0.0109712	0.0123198	0.0070233	0.226588	0.0356347	0.086632	0.0911226	0.0307465	0.0247019	0.000290472	0.00464021
52	0.0941169	0.0368812	0.000879543	0.00314739	0.0146881	0.0115213	0.000863205	0.105314	0.00105619	0.0310997	0.0128126	0.00113552	0.00146072	0.00475698	0.00160794	0.0148694	0.0817982	0.578689	0.0002547	0.00304763
53	0.0747212	0.00973665	0.0144661	0.00469611	0.0988131	0.0275773	0.178455	0.00822666	0.00739584	0.0394229	0.00415591	0.0190279	0.00994799	0.0494914	0.0277002	0.0341998	0.0224387	0.00611988	0.0520292	0.311378
54	0.0937745	0.0368635	0.000936503	0.00321701	0.0147282	0.0117217	0.000958206	0.105378	0.0011131	0.0309445	0.0127667	0.00114321	0.00160914	0.0050668	0.00167051	0.015621	0.0824642	0.576672	0.000276918	0.00307415
55	0.21472	0.0141819	0.00780241	0.0168276	0.00750563	0.0239068	0.0238948	0.00926876	0.00659162	0.0243333	0.00264833	0.0040099	0.501636	0.0130378	0.00789162	0.0600661	0.0246716	0.0334789	0.000829615	0.00269751
56	0.0761213	0.0194672	0.0177183	0.0209594	0.0191791	0.0301516	0.0244074	0.026818	0.0262774	0.0285689	0.0113323	0.0393098	0.0182461	0.0175299	0.0226203	0.181299	0.351853	0.0452932	0.00415776	0.0186902
57	0.108813	0.0185461	0.0148451	0.0254058	0.010899	0.0361588	0.0193617	0.0195715	0.0381083	0.0235525	0.00647675	0.00889947	0.442945	0.0272672	0.0262772	0.0979931	0.0417504	0.0223721	0.0022761	0.00848017
58	0.0317765	0.0420807	0.000847939	0.000864644	0.285874	0.00581827	0.00550242	0.0901602	0.00190723	0.250331	0.0944973	0.00119115	0.000600378	0.00149081	0.000987457	0.0153599	0.0147557	0.0687446	0.0394687	0.0477414
59	0.0219197	0.0090054	0.00303284	0.00229637	0.00806806	0.00329358	0.0012815	0.308315	0.00152612	0.0588085	0.00931993	0.0011106	0.00159571	0.00285562	0.00172009	0.00595598	0.023591	0.532484	0.00106052	0.00275984
60	0.319356	0.0785867	0.0627233	0.040807	0.0198557	0.00785936	0.024476	0.0247647	0.0246132	0.0674431	0.00402897	0.00503962	0.00463322	0.00813056	0.0249639	0.145049	0.0332224	0.0984234	0.00110469	0.00491837
61	0.300973	0.128058	0.00259792	0.00385502	0.0115224	0.107683	0.00358987	0.0747534	0.00395095	0.0417975	0.0242317	0.00369766	0.0113576	0.00741164	0.0038331	0.0742813	0.034727	0.134093	0.0198342	0.00775099
62	0.258256	0.0141972	0.00784034	0.0178412	0.00474079	0.399472	0.0147082	0.00973761	0.0131497	0.0116299	0.00732772	0.013294	0.0208471	0.0164839	0.0110238	0.12859	0.033138	0.0126743	0.00130161	0.00374658
63	0.00514951	0.00147119	0.00399406	0.00091957	0.00263304	0.00112059	0.000852862	0.377217	0.00108939	0.0368883	0.00532834	0.000992201	0.00058045	0.000959241	0.000987796	0.00190977	0.0043688	0.551774	0.000568499	0.00119552
64	0.0451337	0.0194108	0.00356852	0.00553565	0.0151448	0.00878796	0.00355005	0.217087	0.00470768	0.0896717	0.0363821	0.00278962	0.00569432	0.00897014	0.0051236	0.0206367	0.0433038	0.456683	0.00246237	0.00535689
65	0.00515018	0.00148226	0.00398206	0.000916065	0.0026783	0.00111604	0.000843614	0.377195	0.0010926	0.0368669	0.0053167	0.000992782	0.000576849	0.000964061	0.000990595	0.00190927	0.00438012	0.551792	0.000589031	0.00116527
66	0.0785057	0.0197133	0.0164814	0.0186919	0.0115978	0.0337787	0.0205031	0.0312114	0.0214208	0.0296088	0.0123738	0.0406972	0.0179598	0.0170474	0.0205718	0.175725	0.364892	0.0556645	0.00240853	0.0111477
67	0.115263	0.0113509	0.018292	0.0616971	0.00192826	0.0138444	0.0137323	0.00898214	0.242653	0.0105957	0.011397	0.00792997	0.209434	0.034049	0.0794377	0.0968599	0.0317111	0.0255678	0.000477955	0.00479691
68	0.0384586	0.00200975	0.318822	0.242093	0.00944161	0.00161906	0.0011571	0.00614674	0.0524012	0.0518159	0.010505	0.101035	0.00074558	0.0673941	0.0148979	0.0329558	0.0353166	0.0072599	0.000325145	0.00559994
69	0.0293464	0.015616	0.202851	0.0136584	0.0791311	0.0127545	0.0393494	0.0150001	0.0125918	0.0166466	0.00786114	0.018307	0.02254	0.0164683	0.0183995	0.0276718	0.0237676	0.0247908	0.0200944	0.383154
70	0.0824561	0.014964	0.276489	0.102847	0.0143496	0.0302622	0.0188125	0.0131094	0.037546	0.0321492	0.010597	0.14903	0.0117411	0.0382228	0.021498	0.0637164	0.0432571	0.019644	0.00296651	0.0163424
71	0.148599	0.0157218	0.0287013	0.0361649	0.00860945	0.442846	0.0165028	0.0122902	0.0189371	0.018799	0.0082301	0.0335951	0.0181124	0.0156955	0.0145797	0.103312	0.0370583	0.0137001	0.00173854	0.00680634
72	0.231009	0.00685588	0.00558748	0.0122699	0.00250043	0.459405	0.0139247	0.00581149	0.0052729	0.00591679	0.00612056	0.00909505	0.0082665	0.00996017	0.00447856	0.170492	0.0335533	0.00638181	0.000923658	0.00217552
73	0.483925	0.0771841	0.00824442	0.00675499	0.00655523	0.0488384	0.00483339	0.0317168	0.00574586	0.0318583	0.00964872	0.00501594	0.0239725	0.00548615	0.00372761	0.151738	0.0180142	0.0710016	0.00217485	0.00356371
74	0.137181	0.0236284	0.0468454	0.0780846	0.0151291	0.0435922	0.030427	0.0282224	0.0943152	0.0363271	0.0207803	0.0292746	0.0348354	0.123016	0.0748685	0.077532	0.0432022	0.0346152	0.00597488	0.0221484
75	0.0758103	0.0313753	0.0045673	0.00749899	0.0327844	0.0193216	0.00386969	0.207222	0.00717434	0.253069	0.043797	0.00493997	0.00751968	0.0102168	0.00868286	0.0267455	0.0344627	0.207976	0.00373383	0.00923267
76	0.0441283	0.0545736	0.0112186	0.0141118	0.00752818	0.00835265	0.00907376	0.246239	0.0375387	0.06514	0.0543921	0.0555084	0.00380806	0.0268774	0.0632026	0.0864974	0.0838934	0.118791	0.00209299	0.00703205
77	0.111457	0.0165651	0.015854	0.0109922	0.00597535	0.0432242	0.0159021	0.0116041	0.00265407	0.0100628	0.00150578	0.00211851	0.523226	0.0207148	0.015232	0.136528	0.0452805	0.00821254	0.000549883	0.00234105
78	0.184155	0.0179357	0.0114625	0.0207954	0.00813496	0.0340538	0.0182624	0.0123184	0.0342144	0.0176467	0.00480921	0.00576878	0.439154	0.020242	0.0204476	0.0895898	0.0326548	0.0230196	0.00105275	0.00428191
79	0.0240406	0.0154838	0.0404493	0.0506215	0.0107848	0.00903001	0.111745	0.103855	0.0174098	0.0703856	0.0713603	0.0152619	0.00529351	0.0766619	0.0183582	0.0295544	0.0728228	0.242927	0.00391499	0.0100386
80	0.103179	0.0207717	0.263318	0.098776	0.0149675	0.0268927	0.0174796	0.0197002	0.0419921	0.0347703	0.0140495	0.0680051	0.0246036	0.0379444	0.0300833	0.0711671	0.0483461	0.0287341	0.00400758	0.0312121
81	0.133183	0.00449471	0.0419988	0.112997	0.00249432	0.0239248	0.029789	0.0161579	0.18995	0.0124091	0.00586444	0.0170706	0.0302787	0.0670091	0.0811908	0.119343	0.0693634	0.0395662	0.00052835	0.00238734
82	0.0196971	0.00426018	0.0574073	0.160095	0.00316026	0.386561	0.00350874	0.00490015	0.0347494	0.0368193	0.00285334	0.143519	0.00313858	0.0213312	0.0539628	0.0477995	0.0073244	0.00564435	0.000872007	0.00239604
83	0.0130514	0.0106178	0.00302901	0.00187375	0.0173195	0.00269884	0.00356489	0.362927	0.00224285	0.0726476	0.0102964	0.00189595	0.0016798	0.00239546	0.0019256	0.00452278	0.0137137	0.464295	0.00284929	0.00645374
84	0.390979	0.0341922	0.0088054	0.0347239	0.00531003	0.0357959	0.0241778	0.0275999	0.0245855	0.100045	0.00954969	0.00416561	0.0035273	0.0440633	0.00572272	0.186923	0.00970703	0.0323753	0.00107504	0.0166762
85	0.0933284	0.0367267	0.000869919	0.00327333	0.0145341	0.011553	0.000858103	0.105713	0.00104989	0.031885	0.0130052	0.00113277	0.00160456	0.00471699	0.00162165	0.0147385	0.0809075	0.579103	0.000276015	0.00310181
86	0.0499261	0.00943703	0.0108929	0.00398187	0.15167	0.0163312	0.134328	0.0111775	0.00794015	0.026175	0.00686191	0.0199845	0.0209065	0.0289131	0.0204535	0.0220801	0.0163711	0.0158674	0.0452747	0.381427
87	0.0119755	0.00789648	0.00712744	0.0121443	0.00293193	0.0133653	0.02098	0.00926528	0.00451136	0.0134514	0.00690014	0.0457317	0.0092254	0.00878739	0.00528839	0.324567	0.487453	0.00593393	0.000667802	0.00179551
88	0.61285	0.0299299	0.0029092	0.00283789	0.00249645	0.0557631	0.00388321	0.0100101	0.00280078	0.00997666	0.00398036	0.00584747	0.0941887	0.00359142	0.00246228	0.112595	0.0112013	0.0308285	0.000683239	0.00116407
89	0.0176087	0.0221237	0.00187684	0.00221744	0.0894987	0.00675608	0.00251387	0.204431	0.00379484	0.384061	0.0704429	0.00210245	0.0054036	0.00805434	0.00375859	0.00952346	0.0133602	0.128608	0.00931035	0.0145539
90	0.0713815	0.0193564	0.0185993	0.0152599	0.0699448	0.0692784	0.164459	0.0168705	0.0183432	0.0350102	0.0133156	0.0304464	0.0185299	0.0391775	0.0314473	0.0481031	0.0384389	0.0208626	0.0618091	0.199367
91	0.153555	0.0140181	0.0274455	0.0340587	0.00810419	0.452271	0.0163832	0.00880025	0.0180453	0.0151084	0.00876553	0.031725	0.0142955	0.0181666	0.016508	0.111464	0.0324603	0.0100749	0.0019978	0.0067522
92	0.0158981	0.00815968	0.00377402	0.00225209	0.0108388	0.00332864	0.00251412	0.348453	0.0018936	0.0580392	0.00981709	0.00133076	0.00170289	0.00246317	0.00212404	0.00591618	0.0137879	0.501744	0.00196396	0.00399913
93	0.219214	0.0107064	0.00806811	0.0173284	0.00563386	0.425989	0.028277	0.00773511	0.0120939	0.0108682	0.00712296	0.0135555	0.0124072	0.0147089	0.0086852	0.1443	0.0337395	0.0101092	0.00213085	0.00732756
94	0.0750456	0.0097916	0.0147315	0.0047889	0.0985034	0.0278795	0.178132	0.00824685	0.00726617	0.039798	0.00420132	0.0192915	0.00990013	0.0496886	0.0279372	0.0342457	0.0225465	0.00607976	0.052137	0.309789
95	0.108922	0.0121579	0.0187895	0.0727973	0.00114259	0.0121763	0.0146248	0.00801281	0.222861	0.0116429	0.0123761	0.0068775	0.224795	0.0380832	0.0826688	0.0912728	0.0308497	0.0250187	0.000322369	0.00460927
96	0.0851522	0.00473715	0.0797679	0.241846	0.00398862	0.0069117	0.0177183	0.012288	0.135291	0.035421	0.0128667	0.0212307	0.00399524	0.140027	0.0649921	0.0791957	0.036009	0.0142519	0.000796972	0.00351245
97	0.0431527	0.0104134	0.0616265	0.234735	0.0068316	0.0160286	0.0897978	0.0110809	0.0610938	0.0155543	0.0184805	0.0221306	0.0420707	0.193641	0.0526745	0.0658665	0.0195559	0.0158223	0.00268434	0.0167597
98	0.106543	0.0739282	0.0229175	0.0254037	0.00451483	0.00921974	0.00809165	0.0695638	0.138904	0.0385992	0.0672274	0.0212528	0.00268569	0.158115	0.121289	0.0526549	0.0127965	0.0591993	0.00358481	0.00350855
99	0.0384925	0.00191806	0.323232	0.239645	0.00953137	0.00150924	0.00109313	0.00604594	0.0521637	0.0518921	0.0102049	0.100879	0.000752327	0.065734	0.0145246	0.0332015	0.0358448	0.0073753	0.000302737	0.00565787
100	0.141001	0.0139835	0.0169642	0.0550205	0.00328753	0.0167517	0.016569	0.0101288	0.183906	0.014223	0.01086	0.0100821	0.259659	0.0323198	0.0669599	0.0839683	0.0309634	0.0276046	0.000517671	0.00523041
101	0.00921186	0.00348064	0.566037	0.0129239	0.00283702	0.024492	0.0234573	0.00391556	0.00334558	0.00459398	0.00219241	0.24713	0.0021944	0.012884	0.00325543	0.0444964	0.0249436	0.00525573	0.000795788	0.00255737
102	0.128964	0.0179217	0.0120076	0.011588	0.00627174	0.0646771	0.0151369	0.0131666	0.00754134	0.0121279	0.00206454	0.00467734	0.488009	0.0276434	0.0135182	0.119574	0.0411596	0.0105007	0.000624886	0.0028244
103	0.0379012	0.00228936	0.333717	0.233308	0.00948582	0.00164165	0.00129986	0.00609958	0.0505306	0.0504559	0.0096212	0.101381	0.000841381	0.0637916	0.0148142	0.0333961	0.0362036	0.00762427	0.000276098	0.00532166
104	0.0446443	0.0296256	0.0174912	0.0276594	0.274065	0.0261216	0.0288378	0.0372952	0.10157	0.0489179	0.0331774	0.0303838	0.0198556	0.0251602	0.0365535	0.0444634	0.0320808	0.0446579	0.0104646	0.086975
105	0.0911962	0.0197017	0.0135859	0.00915959	0.00519468	0.0434148	0.012485	0.0133588	0.00290516	0.0096501	0.00161694	0.00238125	0.53259	0.0230565	0.0170836	0.144646	0.0478204	0.00655181	0.000702654	0.00289815
106	0.0710008	0.0197018	0.013288	0.0150411	0.00923852	0.0716831	0.0220204	0.0212607	0.0149323	0.0485396	0.0144938	0.0418384	0.0173951	0.0149493	0.0132452	0.224739	0.332851	0.0247897	0.002672	0.00632042
107	0.0463132	0.0211051	0.00539419	0.0252542	0.00647283	0.00866384	0.00659317	0.145631	0.0148797	0.268997	0.0668115	0.00983511	0.00376448	0.0210426	0.0169946	0.0269157	0.0713111	0.228849	0.00134152	0.00383057
108	0.107658	0.0110207	0.0207002	0.0651125	0.00101776	0.0141031	0.0143609	0.00896149	0.228772	0.0099491	0.011204	0.00878306	0.213345	0.0355703	0.0860914	0.0961151	0.0350306	0.0266842	0.000271517	0.0052498
109	0.0441807	0.0395098	0.00778266	0.00673483	0.410369	0.00885283	0.0114478	0.0172998	0.0682201	0.0187847	0.0362422	0.0136621	0.00976372	0.00772604	0.0094319	0.0451267	0.0205392	0.047927	0.00768756	0.168712
110	0.120684	0.0191162	0.0127388	0.0182355	0.0112111	0.0369387	0.0165962	0.0195144	0.0318631	0.0206684	0.00801133	0.00970511	0.455002	0.0257879	0.022727	0.0983223	0.0396294	0.023134	0.00264889	0.00746515
111	0.0470316	0.0247899	0.0575685	0.0614069	0.0211586	0.0742929	0.0477287	0.0236384	0.0741556	0.0398606	0.0197063	0.156888	0.0135652	0.0477818	0.113209	0.0682168	0.0523138	0.0316485	0.00546147	0.0195775
112	0.0909482	0.0199734	0.0214959	0.0484683	0.00836762	0.0339553	0.0260869	0.0187258	0.0427187	0.0176751	0.00890964	0.00939782	0.396548	0.0653302	0.0269073	0.100087	0.0381545	0.0175943	0.00212223	0.00653397
113	0.0463455	0.0111127	0.177001	0.211748	0.0123885	0.0490053	0.0267586	0.0143718	0.0547294	0.0374571	0.0126198	0.103545	0.0131439	0.0692625	0.037745	0.0505137	0.0386761	0.0189087	0.00263477	0.0120322
114	0.0510171	0.00986487	0.115185	0.25926	0.00783544	0.0162656	0.0468124	0.0164806	0.067163	0.02561	0.015675	0.0400958	0.030651	0.142778	0.0402638	0.0518814	0.0270002	0.0227646	0.00172419	0.0116729
115	0.119542	0.0120091	0.0246205	0.0879879	0.00415896	0.0628	0.0325004	0.00908865	0.180981	0.0124552	0.0120046	0.0250969	0.0972874	0.0657769	0.117315	0.0763118	0.0264253	0.0275532	0.00113931	0.00494598
116	0.105358	0.0114683	0.0216546	0.112198	0.00548722	0.0508019	0.0365298	0.00602986	0.187344	0.0158853	0.0193796	0.0201636	0.019467	0.119929	0.17036	0.0718623	0.0100663	0.00830347	0.00219374	0.00551822
117	0.0487491	0.0402453	0.0568104	0.0703068	0.0133131	0.341594	0.0206148	0.00531245	0.0411637	0.0119101	0.00342991	0.0549443	0.045167	0.0220792	0.00834233	0.123941	0.0702658	0.0179785	0.00117838	0.00265439
118	0.297198	0.0355896	0.00724127	0.00353102	0.0109018	0.0171037	0.0031005	0.0393927	0.0134954	0.0313377	0.0148762	0.0231822	0.00291556	0.0037286	0.0212292	0.143489	0.203143	0.120716	0.00123084	0.00659734
119	0.0317069	0.0422048	0.000890215	0.000945042	0.283566	0.00583548	0.00586367	0.0898679	0.00214178	0.249165	0.094675	0.00183954	0.00183153	0.00156611	0.00124987	0.0152527	0.0151156	0.0692437	0.0399096	0.0471292
120	0.0384075	0.00217245	0.329433	0.235027	0.00956821	0.00150403	0.0011889	0.00617932	0.0518006	0.0510659	0.0097401	0.100574	0.000768537	0.0651997	0.0147942	0.0329485	0.0361491	0.00779863	0.000280958	0.00539877
121	0.0495237	0.0213158	0.0023074	0.0240433	0.00341858	0.00765421	0.00565982	0.140801	0.020549	0.340575	0.106585	0.0116366	0.00266033	0.0256508	0.012854	0.0289647	0.0595996	0.132868	0.000420061	0.00291336
122	0.656647	0.0389879	0.00170715	0.00182173	0.00184204	0.0602261	0.0018682	0.0121446	0.00253299	0.0104966	0.00490825	0.00598359	0.0307653	0.00263025	0.00154163	0.118646	0.00962544	0.0352018	0.00127205	0.00115181
123	0.00868453	0.0136515	0.0033501	0.00219496	0.104561	0.00228301	0.00246757	0.271968	0.0305073	0.153248	0.33336	0.00281064	0.00153634	0.002732	0.00355935	0.00495943	0.00447404	0.0317007	0.000651624	0.021299
124	0.117305	0.00696603	0.0359696	0.142998	0.00471694	0.0252785	0.0312591	0.00695851	0.183791	0.022807	0.0159598	0.0271867	0.00561613	0.123079	0.152053	0.0651497	0.0153746	0.0122307	0.0010879	0.00421338
125	0.0106556	0.00419438	0.0632809	0.0206209	0.00384418	0.0322107	0.0180149	0.00623659	0.143924	0.0191824	0.00335713	0.0624448	0.0432122	0.0566059	0.151713	0.13255	0.190249	0.033015	0.00103631	0.00365201
126	0.00781578	0.0145056	0.0016164	0.00128431	0.0390831	0.00442269	0.00322039	0.328527	0.0013329	0.330042	0.0308213	0.00116215	0.00515889	0.00389917	0.00283194	0.00423645	0.00670604	0.200964	0.00259559	0.00977479
127	0.00517587	0.00145349	0.00399791	0.000915992	0.0025964	0.00111594	0.000840542	0.376799	0.00108973	0.0367711	0.0053151	0.000992353	0.000580576	0.000965144	0.000992823	0.00191139	0.00436413	0.552415	0.000559662	0.00114765
128	0.0147012	0.0217214	0.00153569	0.000986147	0.0255227	0.00825665	0.000746256	0.256573	0.00105231	0.467166	0.0318931	0.000998167	0.010289	0.00414197	0.00322045	0.00601583	0.00799447	0.134817	0.000304676	0.00206412
129	0.561825	0.0355975	0.00405646	0.00498252	0.00415426	0.100849	0.00490703	0.0156107	0.00442947	0.0127673	0.00709813	0.00708963	0.0581723	0.00487278	0.00315247	0.105142	0.0164304	0.0452433	0.00149193	0.00212762
130	0.0161167	0.00822087	0.010423	0.0119826	0.00603702	0.0256205	0.0326564	0.010501	0.0122295	0.0143033	0.00654547	0.0905465	0.00773992	0.0201257	0.0118312	0.277836	0.4237	0.00783113	0.00172366	0.00402933
131	0.0652624	0.0264752	0.179266	0.0876251	0.0174659	0.0254441	0.0197833	0.0304844	0.110843	0.0362167	0.0137347	0.0388933	0.0234675	0.0443289	0.0471476	0.0635075	0.0487877	0.0973954	0.00329612	0.0205755
132	0.0693806	0.0162432	0.0230659	0.0428332	0.0278465	0.0276955	0.0260934	0.0145646	0.154419	0.0278462	0.0259925	0.0575759	0.198894	0.0309025	0.0643377	0.0715555	0.0479792	0.0326162	0.0153614	0.0247976
133	0.0472051	0.00500052	0.282947	0.220503	0.00922717	0.00781186	0.0067854	0.0104521	0.0714032	0.0454868	0.0102873	0.0848247	0.00476088	0.0697811	0.0264006	0.0400625	0.0351936	0.0138794	0.000934863	0.00705313
134	0.290577	0.0331562	0.0218599	0.0206089	0.0547946	0.0250648	0.0132372	0.0337787	0.0643307	0.0363507	0.0126642	0.0197474	0.0115133	0.0171316	0.0182845	0.127729	0.0901757	0.0907566	0.00238589	0.0158532
135	0.037032	0.0175245	0.235162	0.0188268	0.0572908	0.0151041	0.0418304	0.0174385	0.017419	0.0212073	0.00979623	0.0229038	0.0248349	0.0204821	0.0198666	0.0335666	0.0287228	0.0261136	0.0176629	0.317215
136	0.0867169	0.0154065	0.0219513	0.0937263	0.00745364	0.0363028	0.0322906	0.0150609	0.206934	0.024574	0.0182613	0.0210756	0.0228944	0.107278	0.175458	0.0608782	0.0237889	0.0188878	0.001892	0.00916917
137	0.0316252	0.0421113	0.000854257	0.000890849	0.282744	0.00594757	0.00575137	0.0922899	0.00211794	0.248996	0.097812	0.00124189	0.000631324	0.00152801	0.00099592	0.015361	0.0147916	0.0685196	0.038925	0.0468658
138	0.43338	0.0633733	0.00301276	0.00977105	0.00594046	0.0793142	0.0082602	0.0452303	0.0115758	0.084209	0.0248047	0.00433104	0.00864115	0.0214918	0.00476406	0.114846	0.019872	0.0472989	0.00288566	0.00699775
139	0.095972	0.0377233	0.000896185	0.00320069	0.0149292	0.0119058	0.000938989	0.105743	0.00107822	0.0326006	0.0133123	0.00116506	0.00147149	0.00464718	0.00161012	0.0147377	0.0792749	0.575415	0.000263131	0.00311511
140	0.353811	0.0334374	0.0159436	0.0262891	0.01681	0.0427764	0.0514796	0.0254764	0.0258697	0.0924254	0.0150446	0.0127911	0.0163505	0.0285877	0.0166746	0.126135	0.0282386	0.0374894	0.00587522	0.0284947
141	0.0221693	0.013144	0.00703471	0.00241477	0.230579	0.00536582	0.0542604	0.0135185	0.00573504	0.0178995	0.00748768	0.00930025	0.00630325	0.00751062	0.0136676	0.00943709	0.00781174	0.0283158	0.0423791	0.495665
142	0.0111689	0.0220594	0.00450861	0.00973152	0.0226545	0.00618694	0.125914	0.00727229	0.301774	0.00855572	0.00422497	0.0412815	0.00401848	0.0432206	0.196422	0.0471827	0.0431624	0.0263733	0.00144623	0.0728414
143	0.0401986	0.0112626	0.0031725	0.00465571	0.00601171	0.0144702	0.00310877	0.121021	0.00279617	0.0636124	0.026523	0.00288163	0.0340817	0.0230989	0.0134732	0.0790004	0.0826589	0.45614	0.00908539	0.002747
144	0.0237995	0.0290877	0.00210495	0.0022419	0.315016	0.0128197	0.00526061	0.0676194	0.00342724	0.288882	0.0620359	0.00282882	0.00131172	0.00334088	0.00380005	0.0138431	0.0126518	0.047778	0.0328826	0.0692685
145	0.00523325	0.00396006	0.00250714	0.00895065	0.00268848	0.011868	0.0268345	0.00844365	0.00284108	0.0162526	0.00506111	0.059193	0.00839471	0.00985913	0.00399581	0.271921	0.545106	0.00438009	0.000616142	0.00189355
146	0.0614921	0.0140472	0.0568011	0.0970388	0.00762421	0.423171	0.0115475	0.00708469	0.03691	0.0182401	0.00598081	0.069488	0.0150011	0.0261979	0.0338928	0.0726893	0.0264243	0.0114922	0.00177516	0.0031021
147	0.00998678	0.00350519	0.564296	0.0152594	0.00290649	0.0243207	0.0223824	0.00413397	0.00403867	0.00512079	0.00227421	0.243947	0.00231357	0.0133533	0.00327107	0.0443454	0.0250154	0.0055847	0.000907704	0.0030374
148	0.0125272	0.00673225	0.0993727	0.332474	0.00432546	0.00538142	0.102033	0.00678296	0.0124668	0.0115641	0.0180808	0.0211516	0.0534838	0.224827	0.00888568	0.0416255	0.011385	0.00764134	0.00163491	0.0176242
149	0.0233569	0.0176185	0.00232179	0.00906724	0.0140468	0.00715335	0.00247748	0.213785	0.00834081	0.404623	0.0782035	0.0045336	0.00740893	0.0135471	0.0088895	0.0170308	0.0308967	0.134097	0.000315769	0.00228572
150	0.284817	0.00913667	0.00372281	0.010422	0.00242979	0.43398	0.0128364	0.00683751	0.00380825	0.00663806	0.00563653	0.00862503	0.0101349	0.00902801	0.00290631	0.143566	0.0326678	0.0103378	0.000800515	0.00166759
151	0.259931	0.0773889	0.00127895	0.00204804	0.0226328	0.0817123	0.00261855	0.106105	0.00219239	0.0625308	0.049619	0.0020162	0.0133494	0.00852448	0.00208586	0.0826802	0.0400765	0.16406	0.00441512	0.0147343
152	0.0146187	0.0166894	0.0028702	0.00322678	0.0251393	0.00657343	0.00131296	0.252487	0.00388027	0.427361	0.0659729	0.00210921	0.00724007	0.00685052	0.00717862	0.0088237	0.0141688	0.129524	0.000686716	0.0032862
153	0.0239738	0.0287494	0.00185156	0.00216979	0.352439	0.00677398	0.00471803	0.0770834	0.00293674	0.276422	0.0612889	0.00219215	0.00151949	0.00238617	0.00226213	0.0121327	0.012194	0.0466288	0.0290817	0.0531967
154	0.264127	0.00309693	0.00288605	0.0114938	0.00186689	0.480313	0.0145681	0.00354082	0.00236098	0.00335633	0.00379164	0.00726013	0.0090914	0.00942765	0.00217139	0.144301	0.0299564	0.00435341	0.000620322	0.00141708
155	0.0763268	0.0218812	0.0440946	0.0240407	0.0735088	0.0208934	0.129878	0.0102192	0.0112255	0.0266796	0.0166494	0.0310775	0.00843963	0.0564497	0.0256667	0.0469669	0.0406418	0.0126329	0.0731981	0.249529
156	0.0529755	0.0105579	0.010228	0.0037201	0.165564	0.0152383	0.128404	0.0140618	0.00546733	0.0223742	0.00464244	0.0157865	0.00781465	0.0272256	0.0194227	0.0209011	0.0139751	0.0176309	0.0521	0.39191
157	0.052485	0.023819	0.00192619	0.0242469	0.00309462	0.00773376	0.00558029	0.139855	0.0197094	0.333089	0.101182	0.0104199	0.00262713	0.0272511	0.0123118	0.0321489	0.0623756	0.137185	0.000398925	0.00256003
158	0.0185918	0.0289302	0.00151293	0.00145286	0.0207467	0.0115878	0.00108516	0.254641	0.00142856	0.469497	0.025554	0.00136067	0.0140418	0.00386382	0.0029822	0.00810421	0.00822911	0.124327	0.000320017	0.00174327
159	0.477937	0.0561181	0.00417768	0.00573119	0.00430202	0.0323882	0.00459992	0.00796092	0.00496417	0.00816649	0.00533466	0.163936	0.00420445	0.0045623	0.00515495	0.152993	0.0425682	0.0105844	0.00100139	0.00331419
160	0.00730114	0.00585722	0.00270987	0.00955276	0.00355329	0.0120268	0.0225951	0.00954477	0.00392939	0.0152135	0.00647061	0.0501814	0.0148305	0.0100923	0.00425031	0.268177	0.545778	0.00530314	0.000686079	0.00194722
161	0.341575	0.0277181	0.00405723	0.00191237	0.0141024	0.0132934	0.00164906	0.0503044	0.0109891	0.0350334	0.00632991	0.0192858	0.00173724	0.00238258	0.010099	0.117435	0.224847	0.1082	0.000602141	0.00844726
162	0.059138	0.0329643	0.00592767	0.00859656	0.113812	0.0117019	0.00953719	0.156224	0.0119938	0.110498	0.0399256	0.0075352	0.0115281	0.00828541	0.00714411	0.0235799	0.0441555	0.295095	0.0110454	0.0313119
163	0.160482	0.0851954	0.0186687	0.0175795	0.0180572	0.0427059	0.015673	0.0572538	0.0279964	0.0412448	0.021132	0.019842	0.0149998	0.0183381	0.0220419	0.188933	0.0674286	0.145263	0.00403976	0.0131257
164	0.0422951	0.0148866	0.0177572	0.0111979	0.0045314	0.0214709	0.0180282	0.0148515	0.0147538	0.0139243	0.00870798	0.0453863	0.00746826	0.0125904	0.0104952	0.340741	0.379866	0.0149771	0.00167732	0.00439389
165	0.100614	0.0408812	0.0232365	0.0569425	0.00492363	0.0489873	0.0288496	0.0177863	0.165503	0.0166967	0.0410407	0.0151066	0.00594895	0.12976	0.186378	0.0707723	0.0162992	0.0157199	0.0100269	0.00452687
166	0.0198751	0.023664	0.00255993	0.00150483	0.175733	0.00350878	0.00365157	0.198985	0.0174131	0.199919	0.239451	0.00213425	0.00108053	0.00223004	0.00271387	0.00882582	0.00810204	0.0443353	0.015092	0.0292212
167	0.0520682	0.0271332	0.00304235	0.0172655	0.0089627	0.00947741	0.00459662	0.152539	0.0143596	0.351608	0.071855	0.00895362	0.00492898	0.0196396	0.0106874	0.031268	0.0602864	0.146871	0.000927445	0.00352965
168	0.113549	0.0144296	0.0174728	0.0872274	0.00431772	0.0891955	0.0243369	0.00483478	0.184223	0.0107279	0.0154165	0.018257	0.00701092	0.141863	0.174722	0.0730812	0.00670378	0.0058205	0.00268431	0.00412574
169	0.275922	0.00568999	0.00392303	0.035706	0.013476	0.0329327	0.0082913	0.0248942	0.0888076	0.00679387	0.00254174	0.0195693	0.00780462	0.044019	0.014746	0.152369	0.22791	0.0312825	0.000905495	0.00241518
170	0.00868415	0.0136033	0.00337748	0.00217592	0.104342	0.00227183	0.00247073	0.271861	0.0304147	0.153556	0.333546	0.00277791	0.00153364	0.00273181	0.00360024	0.00497594	0.00446544	0.0316654	0.00065621	0.0212908
171	0.631242	0.0466018	0.00167821	0.00219142	0.00190967	0.0626104	0.00200092	0.0140989	0.00210501	0.0113024	0.00628302	0.0090893	0.0254533	0.00302387	0.00151295	0.125937	0.011695	0.0382585	0.00158536	0.00142093
172	0.124549	0.00434767	0.0532769	0.155625	0.00366651	0.0138323	0.035027	0.00843635	0.179797	0.0239509	0.0112897	0.0313767	0.00462248	0.0989971	0.133922	0.0643654	0.0261329	0.0231083	0.000572498	0.00310409
173	0.0579958	0.00961199	0.0098873	0.00357472	0.156654	0.0175546	0.144455	0.0126188	0.00586964	0.0244697	0.00374492	0.0170312	0.00854854	0.0311434	0.0206426	0.0227759	0.0148106	0.0134968	0.0493433	0.375771
174	0.0430897	0.0262117	0.0536081	0.224133	0.0229598	0.00522374	0.00915795	0.139576	0.0567987	0.0264292	0.00599786	0.0239847	0.00320503	0.0678724	0.00835355	0.0331183	0.0158327	0.21107	0.00101664	0.0223609
175	0.0362211	0.00293721	0.313399	0.26349	0.00877816	0.00181557	0.00257092	0.0060195	0.0486403	0.0483708	0.00897361	0.0889238	0.00091561	0.0727026	0.0135656	0.0355819	0.034542	0.00710032	0.000309413	0.00514259
176	0.154129	0.122632	0.014934	0.021883	0.0104707	0.169538	0.0520846	0.019974	0.0201217	0.0239424	0.0129947	0.0262938	0.0618665	0.0170191	0.0115359	0.0484691	0.173371	0.0262577	0.0043399	0.00814325
177	0.0268336	0.0440894	0.00710077	0.0106636	0.0973281	0.0100094	0.00981339	0.130157	0.0450507	0.223813	0.198641	0.0109186	0.00885811	0.0125165	0.0118704	0.0228012	0.0199229	0.0530619	0.0104328	0.0461183
178	0.0873378	0.0321833	0.0121151	0.0129137	0.00651765	0.0360539	0.013131	0.0186608	0.0189758	0.0138018	0.00439367	0.00561237	0.44439	0.0389879	0.0174549	0.126957	0.0929827	0.0114697	0.00109789	0.00496364
179	0.0643908	0.0183796	0.0670669	0.0421621	0.00628595	0.351208	0.0130212	0.00747534	0.0287469	0.0123205	0.00907504	0.0466187	0.0179374	0.0162376	0.0164017	0.210993	0.0533558	0.0122677	0.00132774	0.00472884
180	0.0273628	0.0323102	0.00216625	0.00266874	0.255266	0.00663978	0.00511492	0.130689	0.00445967	0.26397	0.0823854	0.00230282	0.00330279	0.00329511	0.00355874	0.0133017	0.0156451	0.0757833	0.028242	0.041535
181	0.0954024	0.0162815	0.026709	0.0596442	0.00479726	0.0799512	0.0180204	0.00924295	0.18097	0.0123602	0.010299	0.0178096	0.171053	0.0388699	0.0739048	0.106002	0.0466397	0.0257419	0.00138214	0.0049187
182	0.0683621	0.0112062	0.0186295	0.00815697	0.100422	0.0233451	0.151135	0.00960816	0.0100297	0.0343538	0.00821528	0.0272993	0.0143567	0.0502655	0.0316424	0.0339578	0.0241932	0.0100201	0.0655819	0.299219
183	0.0127733	0.0119628	0.0103882	0.00439583	0.029861	0.00516767	0.00252248	0.243665	0.00921902	0.380248	0.149412	0.00380594	0.00489034	0.0067514	0.0175455	0.0112153	0.0129437	0.0762406	0.000687484	0.00630485
184	0.345986	0.0803698	0.00649944	0.0316078	0.00740603	0.163914	0.0107787	0.042803	0.00893339	0.0291017	0.0396459	0.0411029	0.0140978	0.0101637	0.00641795	0.0655219	0.0596232	0.0273906	0.00357142	0.00506529
185	0.0206156	0.0194247	0.0219212	0.0522446	0.0374424	0.0289566	0.0709769	0.0144639	0.0337814	0.0159296	0.00673012	0.191034	0.00714264	0.0193455	0.0647365	0.160387	0.163371	0.0252795	0.0106518	0.0355649
186	0.0251515	0.00303985	0.00260838	0.0486687	0.0124929	0.0130538	0.00306279	0.0380922	0.37138	0.052259	0.00222992	0.00305367	0.00190512	0.0340198	0.23779	0.00667377	0.0744691	0.0576248	0.000684641	0.0117404
187	0.020774	0.0404415	0.00775083	0.00801861	0.09724	0.0111247	0.00695807	0.138175	0.0096732	0.0463071	0.00866489	0.00911819	0.149727	0.010723	0.0085342	0.0266006	0.137276	0.252728	0.00304139	0.00712435
188	0.0187183	0.0289676	0.00150398	0.0014532	0.0206999	0.0116444	0.00108568	0.25462	0.00144959	0.469259	0.0254828	0.00136117	0.0141331	0.00389787	0.00309373	0.00811989	0.00822286	0.124209	0.000320348	0.00175746
189	0.0206659	0.0223701	0.00329953	0.00295953	0.336509	0.0115954	0.00513222	0.0603132	0.00444073	0.306675	0.0455974	0.0034246	0.0020891	0.00379877	0.0051241	0.0134757	0.0112618	0.0373746	0.0257662	0.0781263
190	0.531563	0.0626905	0.00175984	0.00271107	0.00454618	0.0792031	0.00196871	0.0287667	0.00215151	0.0187733	0.0178725	0.00720857	0.0213662	0.00379332	0.00224258	0.123376	0.0220985	0.0616122	0.00316251	0.00313413
191	0.0141529	0.0131482	0.00616443	0.0024116	0.250319	0.00280828	0.0394351	0.00889066	0.00587129	0.00397048	0.00346229	0.00656933	0.00440173	0.0030062	0.0127301	0.00665134	0.005084	0.0257397	0.0362479	0.548936
192	0.0353883	0.0109666	0.0661422	0.265942	0.00748133	0.0171171	0.107811	0.00983433	0.0387024	0.0121821	0.0191185	0.0222439	0.108298	0.152469	0.0229578	0.0476445	0.0182888	0.0132608	0.00305993	0.0210915
193	0.0943784	0.0154557	0.0212221	0.094021	0.00568995	0.0197811	0.0192353	0.0337601	0.190461	0.0168117	0.0125161	0.0128761	0.171019	0.0411668	0.0701417	0.1029	0.0385441	0.0301874	0.00178967	0.00804241
