260	20
1	0.029837	0.00755799	0.00219811	0.0014372	0.0364977	0.0101958	0.00589945	0.137868	0.00188292	0.524317	0.0808538	0.00262756	0.000298172	0.00292405	0.000791927	0.00698906	0.0130281	0.116969	0.00157643	0.0162517
2	0.0359045	0.00304121	0.000659693	0.000880335	0.00693165	0.000733777	0.000740232	0.36682	0.000870455	0.0266762	0.00908823	0.00122682	0.000425035	0.000925208	0.000897531	0.0051659	0.0269582	0.508399	0.00205997	0.00159592
3	0.124919	0.0335716	0.00621409	0.00606994	0.0453542	0.153269	0.00602719	0.0116282	0.00817968	0.0371517	0.00770103	0.109778	0.00196069	0.00613498	0.0135391	0.194965	0.207209	0.0149243	0.00144696	0.00995653
4	0.373083	0.041674	0.00168545	0.00299993	0.0059146	0.0523006	0.00161081	0.00748499	0.00469811	0.0120113	0.00435522	0.0154973	0.00129625	0.00247383	0.00788145	0.299457	0.110297	0.0427937	0.000585939	0.0118987
5	0.448609	0.0146098	0.00804523	0.0203589	0.0062049	0.327948	0.00343509	0.0142071	0.00463458	0.00680178	0.00538284	0.00796163	0.00425253	0.00520644	0.00409505	0.0737028	0.0186679	0.0216915	0.00126954	0.00291538
6	0.0242332	0.0107763	0.00417126	0.00612445	0.1762	0.00577897	0.0149278	0.0992019	0.00968977	0.291261	0.02173	0.005448	0.00267101	0.00892371	0.0116106	0.0131976	0.0169031	0.051742	0.15925	0.0661594
7	0.202846	0.00974837	0.00636343	0.00921625	0.00998746	0.0152044	0.0032023	0.0412845	0.0274995	0.0251379	0.00514353	0.00348577	0.493465	0.006571	0.0135674	0.0604279	0.0283173	0.0319594	0.000984922	0.00558741
8	0.0196416	0.00409209	0.00243089	0.00356927	0.274682	0.00697369	0.0363445	0.0202986	0.00648771	0.0359948	0.0220791	0.01254	0.0011082	0.0049547	0.00741875	0.0116464	0.0165892	0.0163464	0.0180949	0.478707
9	0.185952	0.0291131	0.00106932	0.0013153	0.00689862	0.0046004	0.00140632	0.0817567	0.00231072	0.0196084	0.00511495	0.00270902	0.0166945	0.00200411	0.00430099	0.107771	0.212493	0.312569	0.000419972	0.00189296
10	0.0393107	0.00726516	0.0183323	0.0675921	0.0141484	0.0105161	0.0502108	0.0137138	0.0275764	0.0177936	0.0111443	0.369521	0.00789343	0.113996	0.0192431	0.0416371	0.0624764	0.0163374	0.0102923	0.0809994
11	0.0727387	0.0153605	0.0177268	0.0119635	0.0348466	0.260543	0.00501398	0.00699928	0.0158814	0.0179437	0.0056675	0.13687	0.00154778	0.00707311	0.0115497	0.24703	0.113155	0.00990822	0.00101325	0.00716768
12	0.0702266	0.00461235	0.0753981	0.111079	0.031389	0.0581798	0.00583826	0.122068	0.0421112	0.0221126	0.00795229	0.00847343	0.10077	0.0577412	0.0649978	0.0574023	0.0218337	0.127674	0.00191963	0.00822057
13	0.0738655	0.0614627	0.00470816	0.00900513	0.0375629	0.00473124	0.00838474	0.219193	0.058446	0.164262	0.014216	0.00721603	0.0565746	0.0132509	0.0288625	0.0310605	0.0475877	0.149653	0.00131094	0.00864559
14	0.0283953	0.0100404	0.031802	0.0261264	0.0317643	0.0167032	0.402954	0.0272487	0.0259179	0.0271398	0.0178702	0.0887897	0.00593842	0.0298103	0.0359934	0.0369751	0.0410484	0.0304061	0.00355931	0.0815172
15	0.0306236	0.0101345	0.00166479	0.00232089	0.0342084	0.00580068	0.00520798	0.211924	0.00221668	0.428806	0.0608936	0.00170699	0.00103606	0.00302451	0.000813986	0.00705181	0.014123	0.160333	0.000850046	0.0172591
16	0.0656278	0.00523614	0.024047	0.0173395	0.00462835	0.650021	0.00697711	0.00688434	0.0548004	0.00816683	0.00347637	0.0658981	0.00240174	0.00775605	0.0146608	0.0348832	0.0128189	0.0110673	0.000641792	0.00266746
17	0.0336067	0.00435585	0.00525554	0.0181269	0.0046559	0.00631894	0.123403	0.00760643	0.081422	0.0166028	0.010852	0.106773	0.00278363	0.0436886	0.153904	0.113684	0.235339	0.0233956	0.00157813	0.00664741
18	0.0310946	0.00762642	0.00165605	0.00276638	0.0246745	0.00594025	0.00539939	0.212451	0.00273819	0.433021	0.067265	0.00157824	0.000559124	0.00367097	0.000897108	0.00624391	0.0120878	0.167425	0.000328181	0.0125768
19	0.247716	0.0166694	0.00210677	0.00268802	0.00653844	0.00516458	0.00250563	0.0676092	0.00302229	0.0291273	0.00473286	0.00381728	0.00874321	0.00294697	0.0318644	0.133157	0.16374	0.262892	0.000643444	0.00431572
20	0.122131	0.0109779	0.0203443	0.0148801	0.0147351	0.328803	0.00762202	0.0129775	0.0180451	0.0120175	0.00812771	0.0727011	0.0033294	0.0131881	0.016624	0.228239	0.0486892	0.0386352	0.00145715	0.0064756
21	0.151123	0.11958	0.00500326	0.00791383	0.0371375	0.0647315	0.0345496	0.0127778	0.00909114	0.0482192	0.00694058	0.00974793	0.00360783	0.063713	0.0082542	0.117229	0.0954945	0.169743	0.0282991	0.00684373
22	0.022787	0.00608324	0.00365053	0.00588656	0.02991	0.0226272	0.014587	0.192672	0.00591075	0.320101	0.0755371	0.00551983	0.00271793	0.0222373	0.00401906	0.00991219	0.0140206	0.125187	0.00275437	0.113879
23	0.031733	0.00620259	0.00154111	0.00379103	0.0192441	0.00465672	0.00573739	0.23852	0.00330687	0.389554	0.0513399	0.00145605	0.000797093	0.00456719	0.000929185	0.00570541	0.0130271	0.204447	0.0003487	0.0130945
24	0.114328	0.00512504	0.0291856	0.0391925	0.00826153	0.0817557	0.00341542	0.0168953	0.0634928	0.0134883	0.0033661	0.0042555	0.44082	0.0168613	0.022355	0.111601	0.0112701	0.00992568	0.00130149	0.00310458
25	0.643242	0.0132089	0.00125368	0.00176665	0.00196124	0.146341	0.00119888	0.0150238	0.00198432	0.00822587	0.00202128	0.00252288	0.00676179	0.00174823	0.00180972	0.116809	0.00885463	0.0236845	0.000346092	0.001235
26	0.0175251	0.00777167	0.628478	0.0819305	0.00416411	0.0115707	0.00945422	0.00844768	0.0248785	0.0109257	0.00592353	0.0424126	0.00410084	0.0128827	0.066205	0.0265357	0.0175384	0.00960342	0.000975573	0.00867609
27	0.060264	0.013172	0.000849433	0.001695	0.0284126	0.00105201	0.00201933	0.329698	0.00240253	0.0709279	0.0137875	0.00264391	0.00145832	0.00286621	0.00167149	0.00602555	0.0353461	0.405229	0.00467556	0.015803
28	0.010785	0.000586869	0.000681727	0.00077649	0.371793	0.0054312	0.0284721	0.0089751	0.000993556	0.0156809	0.0260046	0.00115974	0.000286315	0.000808469	0.0031989	0.00656667	0.0114789	0.00140524	0.0100474	0.494868
29	0.475756	0.013035	0.00189519	0.00307688	0.0125345	0.0256077	0.00187015	0.00779985	0.00388795	0.00751573	0.00322295	0.0064694	0.00112931	0.00339004	0.0255312	0.221923	0.0863147	0.0738484	0.000611442	0.0245806
30	0.0158624	0.00839734	0.0207078	0.0225001	0.00588069	0.0162689	0.00975717	0.0109513	0.189161	0.0110267	0.00497232	0.0120392	0.00177705	0.0243361	0.593292	0.0122013	0.0213605	0.0111325	0.00241382	0.00596217
31	0.0122616	0.000596719	0.000650157	0.000728692	0.342625	0.00578354	0.0278156	0.00833507	0.000965631	0.0144576	0.0233672	0.00114625	0.000260078	0.000835076	0.00360729	0.00603352	0.0116237	0.0013633	0.0108419	0.526702
32	0.0360655	0.0211608	0.00288403	0.0184367	0.0256515	0.00359038	0.0337787	0.00554661	0.0731341	0.249844	0.072767	0.0333355	0.00150216	0.261146	0.060076	0.0481181	0.00666085	0.0203343	0.00105284	0.0249152
33	0.00480072	0.00130494	0.0195922	0.00460588	0.00122958	0.735042	0.00754068	0.00233827	0.0982076	0.00294064	0.0011378	0.0870783	0.000702318	0.00310131	0.0146752	0.00845379	0.00309991	0.00271535	0.000381653	0.00105179
34	0.0419482	0.00249	0.184829	0.193643	0.00241835	0.00285957	0.169182	0.0287797	0.0495215	0.00456635	0.00284581	0.090772	0.00140034	0.0325798	0.0786994	0.0175396	0.0058106	0.048386	0.000539337	0.0411895
35	0.0241034	0.00123981	0.397213	0.281672	0.00128391	0.00328923	0.0176142	0.00396056	0.0201706	0.00986544	0.00475638	0.137138	0.00633639	0.0107458	0.0246413	0.0211116	0.0210292	0.0114298	0.0004193	0.00197992
36	0.179578	0.0294968	0.00123649	0.00129016	0.00695719	0.00439255	0.00147904	0.0742533	0.00234772	0.0206763	0.00434586	0.00247832	0.0188779	0.0021615	0.00431223	0.105155	0.207606	0.330118	0.000413032	0.00282572
37	0.0367379	0.00577212	0.00189641	0.0040806	0.0173013	0.0052437	0.00721089	0.192057	0.00645608	0.439442	0.0513687	0.00166977	0.000613058	0.00434951	0.00112451	0.00640915	0.0121846	0.192694	0.000277203	0.013112
38	0.0107062	0.00058658	0.000683102	0.000773079	0.372322	0.00541387	0.0285722	0.00893396	0.0010055	0.0156749	0.0260451	0.00115586	0.000286237	0.000815895	0.00318903	0.00658353	0.0114537	0.00141047	0.0100737	0.494315
39	0.0269776	0.00203852	0.000731759	0.000927911	0.00454586	0.000787841	0.000747125	0.374452	0.000923253	0.0239602	0.00857431	0.001214	0.000405109	0.000972114	0.000988686	0.00455804	0.0256823	0.51895	0.00146723	0.00109568
40	0.0302741	0.171689	0.00875725	0.00834576	0.0178695	0.142874	0.0103205	0.0103967	0.00939499	0.0185133	0.00836423	0.0295551	0.00393305	0.00981304	0.0145459	0.378134	0.101628	0.0136279	0.00192437	0.010039
41	0.540994	0.0152632	0.00341249	0.0073573	0.00498788	0.195129	0.00134614	0.0153727	0.00391129	0.00713779	0.00451451	0.00536911	0.00665118	0.00263082	0.00376989	0.129127	0.0247059	0.0248943	0.000526436	0.00289886
42	0.0151094	0.00278991	0.00954925	0.00782086	0.00308049	0.00635938	0.00408334	0.00510709	0.0184842	0.0068986	0.00408402	0.0123669	0.00346478	0.00596189	0.00758125	0.23468	0.642166	0.00653248	0.000816132	0.00306407
43	0.0121405	0.00641261	0.722061	0.0909246	0.00229078	0.0141408	0.00528614	0.00439867	0.0102591	0.00664911	0.00531269	0.0424692	0.0034718	0.0101732	0.0176969	0.01858	0.0143698	0.00623645	0.00122524	0.00590095
44	0.0934599	0.144783	0.0538813	0.171167	0.00653199	0.0078515	0.00770635	0.0117804	0.0101979	0.0121348	0.130667	0.0758911	0.00360365	0.039081	0.0399456	0.0954219	0.0440535	0.0425377	0.00242523	0.00687974
45	0.0145299	0.00699218	0.0105579	0.0137603	0.0885427	0.00435854	0.30374	0.0321805	0.0288368	0.0290483	0.0243064	0.109697	0.00148337	0.0217783	0.0272644	0.020179	0.0191461	0.0359671	0.00337014	0.204261
46	0.0532337	0.00600965	0.023044	0.0146288	0.00421146	0.668968	0.00662915	0.00697633	0.0534425	0.00644596	0.00419469	0.0634356	0.00237561	0.0110922	0.0141194	0.0313726	0.016008	0.0102794	0.000951266	0.00258148
47	0.174027	0.019566	0.00118006	0.00181588	0.00428991	0.00370639	0.00139922	0.0616843	0.00216336	0.0176671	0.00265124	0.00249853	0.0110692	0.00195901	0.00479039	0.125184	0.247915	0.314547	0.000459747	0.00142586
48	0.273682	0.00329631	0.0024059	0.00220703	0.00486215	0.00546369	0.00174208	0.0182845	0.0212053	0.0108723	0.00179049	0.00270778	0.541206	0.0024699	0.00850558	0.0497902	0.0298168	0.0160785	0.000671497	0.00294251
49	0.0441365	0.00416993	0.000734658	0.00121869	0.0114246	0.000910304	0.00114323	0.38826	0.00110205	0.0406769	0.00834743	0.00216784	0.00056096	0.00174191	0.00114648	0.0047888	0.0383476	0.441814	0.00310852	0.00419999
50	0.126127	0.015615	0.0147506	0.0553567	0.00753564	0.00589696	0.00873485	0.0566428	0.016211	0.142357	0.04575	0.00598063	0.105901	0.0336554	0.0109224	0.0959986	0.171718	0.0578894	0.0035593	0.0193977
51	0.0944762	0.000713988	0.00886896	0.0714805	0.000973203	0.0202502	0.000897843	0.0136296	0.275151	0.0349634	0.00519768	0.0422273	0.000401016	0.127888	0.179597	0.0402917	0.0629093	0.0191377	0.000246965	0.000699047
52	0.508774	0.017584	0.00535237	0.00712156	0.0081084	0.0825761	0.00332243	0.0197439	0.00885822	0.0134626	0.00521959	0.00851866	0.0263128	0.00653932	0.00955849	0.169146	0.0508263	0.0401866	0.00114249	0.00764624
53	0.0414295	0.00314836	0.111019	0.295816	0.00371547	0.0188997	0.0185922	0.121256	0.0756236	0.0950712	0.0357605	0.00509391	0.00248065	0.0220523	0.107203	0.00718711	0.00756386	0.0239069	0.00098891	0.00319273
54	0.10393	0.000876492	0.00492477	0.0719529	0.00103759	0.0159844	0.0010137	0.0163323	0.287322	0.0408778	0.00566919	0.0313064	0.000420818	0.155637	0.186302	0.0282574	0.034345	0.0127635	0.000253679	0.000792394
55	0.0905099	0.00365983	0.153809	0.356385	0.001185	0.0308358	0.0171176	0.0116921	0.053669	0.0260954	0.0076285	0.0365872	0.00285658	0.0955204	0.039936	0.0310143	0.0173424	0.0160578	0.000258994	0.00783855
56	0.00451952	0.00132414	0.0195977	0.00443178	0.00119476	0.731821	0.00769401	0.00239501	0.0994387	0.00289547	0.00124309	0.0887151	0.000665119	0.00329582	0.0154754	0.00818257	0.00296761	0.00271043	0.000385392	0.00104775
57	0.0187576	0.0399063	0.00243158	0.0138649	0.00408183	0.00253542	0.0030745	0.173698	0.0950203	0.101116	0.0535944	0.00349226	0.00226799	0.0243554	0.0436051	0.0268812	0.0843506	0.303879	0.00064997	0.00243711
58	0.0289867	0.00283034	0.0560862	0.0304427	0.0019073	0.0278684	0.0126461	0.00290763	0.0493566	0.00770453	0.00341213	0.0331519	0.0171082	0.00740108	0.0167027	0.402903	0.287623	0.00705328	0.000522076	0.00338623
59	0.194805	0.029184	0.00415548	0.00574973	0.0110335	0.00595272	0.00541469	0.0187708	0.00947332	0.0311777	0.00588014	0.00723742	0.273037	0.0186219	0.00568116	0.0307323	0.0321832	0.236015	0.00245554	0.0724403
60	0.103393	0.00087974	0.00493538	0.0720789	0.00104725	0.016108	0.00107132	0.0162689	0.286532	0.0410249	0.00559126	0.0313106	0.000426011	0.156001	0.186737	0.0281626	0.034663	0.0126995	0.000256473	0.000812424
61	0.0915781	0.00369516	0.177233	0.392614	0.000928686	0.0298956	0.0176494	0.00522332	0.0327824	0.0182245	0.00656214	0.0328184	0.000767562	0.104397	0.0216456	0.0246831	0.0131206	0.017966	0.000309877	0.00790643
62	0.0184942	0.0130624	0.000812005	0.00205682	0.0442417	0.00170249	0.00708056	0.411947	0.00143956	0.141701	0.0286682	0.00147081	0.00420024	0.0094387	0.00119464	0.00576758	0.0175171	0.233022	0.00244157	0.0537406
63	0.201413	0.0387168	0.00175411	0.00161513	0.0137326	0.00925992	0.00161712	0.144136	0.00250625	0.0305741	0.0151493	0.00569014	0.0108035	0.00434826	0.00484199	0.0835779	0.175691	0.249713	0.000559911	0.00429932
64	0.032313	0.000859908	0.373473	0.212148	0.000832092	0.00115933	0.0112992	0.00432085	0.0158964	0.0176339	0.00638617	0.21106	0.0023193	0.0167463	0.0186842	0.0360894	0.0276864	0.00992159	0.000286585	0.00088423
65	0.0187333	0.00753842	0.0188395	0.0849349	0.0123323	0.0163891	0.0383356	0.0241524	0.331354	0.0199775	0.00549973	0.0272635	0.000517603	0.0848287	0.234802	0.00587311	0.0368784	0.00534581	0.000261255	0.0261425
66	0.0675856	0.00678011	0.00701934	0.00932028	0.150938	0.0076383	0.0105473	0.0116203	0.013618	0.0156162	0.0875319	0.144678	0.00407067	0.0507345	0.0487875	0.016605	0.0163964	0.0601708	0.126975	0.143366
67	0.00979727	0.00326865	0.0529458	0.00478306	0.0158178	0.00420505	0.468128	0.00648267	0.00621936	0.00774668	0.00703699	0.12961	0.00213623	0.0113671	0.0404178	0.00990432	0.0279379	0.0078159	0.00146115	0.182918
68	0.021657	0.0243288	0.00152722	0.00363127	0.320332	0.00472284	0.00357718	0.0885802	0.00242267	0.324619	0.0638322	0.00589906	0.00251273	0.0039749	0.00245365	0.00788532	0.0110632	0.0481474	0.0332741	0.0255595
69	0.0167156	0.00101031	0.0676066	0.0293201	0.00153921	0.477038	0.00311145	0.00230752	0.057973	0.00930208	0.00127708	0.204649	0.000986518	0.0139618	0.0562326	0.0491106	0.0031735	0.00298464	0.000428467	0.00127123
70	0.0124191	0.00375227	0.000878335	0.00253842	0.0890951	0.00231954	0.00495803	0.453603	0.00159022	0.136911	0.0984731	0.00197809	0.00230029	0.00788466	0.00143045	0.00845208	0.0152252	0.139711	0.00105537	0.0154244
71	0.082737	0.00999604	0.0445875	0.0491782	0.00335251	0.0458372	0.0217561	0.00353969	0.0409775	0.00570775	0.00362546	0.0289687	0.00383921	0.00732316	0.0265427	0.479374	0.114838	0.0236383	0.000660816	0.00352023
72	0.0492429	0.0106907	0.00145004	0.00202326	0.306295	0.0040467	0.0210599	0.0492602	0.00868612	0.136252	0.00831336	0.00287254	0.000801053	0.00766007	0.0086589	0.0119879	0.0251528	0.0457739	0.0857794	0.213993
73	0.0139462	0.00385514	0.64919	0.0985313	0.00131291	0.00715234	0.00669072	0.00355989	0.0104172	0.0074164	0.00607087	0.0960753	0.00257121	0.00780647	0.0147003	0.0361977	0.0241886	0.00590921	0.00039592	0.00401193
74	0.0152611	0.0138251	0.00132778	0.0294731	0.0737785	0.00337099	0.147287	0.0700675	0.0606855	0.0519802	0.0227362	0.103743	0.00062964	0.00615359	0.0418092	0.0352861	0.0282095	0.0764237	0.000447867	0.217505
75	0.0108319	0.000579924	0.000680137	0.000772439	0.368894	0.00546838	0.0282332	0.00879674	0.000993415	0.0154709	0.0256047	0.00115757	0.000277334	0.000803996	0.00323461	0.00647447	0.0113618	0.00139667	0.010202	0.498766
76	0.0443608	0.00946821	0.0258983	0.00758343	0.0289629	0.199226	0.0432979	0.00875304	0.0145529	0.0159383	0.0237716	0.0175434	0.00231122	0.0140001	0.0315985	0.323316	0.135165	0.0199031	0.00102728	0.0333211
77	0.212046	0.0190358	0.00104	0.0014464	0.00229628	0.00739697	0.00113046	0.0370966	0.00163814	0.0140246	0.00134172	0.00253113	0.00778906	0.00151021	0.00466058	0.162474	0.234051	0.285508	0.000304712	0.00267859
78	0.0467034	0.00241364	0.0152277	0.00438243	0.00278264	0.00469472	0.0182588	0.00499356	0.0872734	0.00502699	0.00293463	0.00628238	0.00157298	0.536249	0.137153	0.0398214	0.0623849	0.0187368	0.0007041	0.00240325
79	0.0751874	0.0048314	0.191022	0.361609	0.000508891	0.0454398	0.0208853	0.00446425	0.0409338	0.017615	0.00926372	0.043351	0.000913842	0.090895	0.0279602	0.030451	0.0101645	0.0126241	0.000164469	0.0117155
80	0.0103099	0.00505198	0.000829817	0.00408173	0.268252	0.0022548	0.00320872	0.257661	0.00144059	0.230888	0.0915085	0.00184539	0.00249413	0.00449286	0.00123512	0.00707955	0.0163485	0.0809322	0.00671854	0.00336721
81	0.0486065	0.0128789	0.00138289	0.00247091	0.3762	0.00556971	0.00956515	0.088607	0.00420906	0.0859765	0.0162891	0.00317267	0.000889168	0.00379088	0.00417986	0.0076403	0.0204517	0.0991724	0.0218515	0.187096
82	0.0119559	0.00383368	0.00492562	0.052533	0.00446943	0.00518008	0.0240986	0.0362757	0.217161	0.04823	0.164866	0.0306746	0.00223624	0.0870455	0.137157	0.0310705	0.105639	0.026849	0.0013191	0.00447927
83	0.0104311	0.000630163	0.000689244	0.000816758	0.42569	0.00601577	0.0241005	0.00846503	0.00101568	0.0220814	0.0216767	0.00168362	0.000280377	0.0009075	0.00312806	0.00678399	0.0129741	0.00238025	0.0130211	0.437228
84	0.0331441	0.0110916	0.0057107	0.0116246	0.0399315	0.0102946	0.00892506	0.119629	0.0115032	0.423873	0.114215	0.0112521	0.00442318	0.0157675	0.00917084	0.0244459	0.0588182	0.072187	0.00306421	0.0109294
85	0.295456	0.00759913	0.00383992	0.00376066	0.00538935	0.0134681	0.00185264	0.0271325	0.0195435	0.0204205	0.00329662	0.003203	0.464811	0.00368487	0.00768212	0.0655859	0.0284713	0.0202687	0.00072054	0.0038136
86	0.0124662	0.00602727	0.732694	0.09579	0.00149555	0.00462454	0.00515939	0.0041528	0.00876697	0.00580701	0.00595833	0.0433667	0.00279046	0.0108076	0.014761	0.0182152	0.0143869	0.00571291	0.000634538	0.00638221
87	0.0353033	0.0700977	0.0256088	0.0219412	0.0130283	0.0176682	0.0134483	0.0221424	0.0777	0.0248777	0.0153494	0.0211173	0.00796995	0.0209516	0.500693	0.0312636	0.0328247	0.0286137	0.0067418	0.0126596
88	0.0117271	0.000564789	0.000649928	0.000736676	0.346479	0.00567027	0.0279317	0.00837779	0.000955182	0.0146904	0.0237292	0.0011643	0.000263227	0.000820483	0.00346556	0.00605372	0.0114768	0.00136113	0.0108416	0.523041
89	0.0267565	0.00203162	0.00075334	0.000975732	0.00452683	0.000803714	0.000746901	0.375688	0.000959879	0.0243424	0.00830773	0.00120062	0.000396244	0.00105085	0.00100709	0.00447646	0.0261737	0.51723	0.00147993	0.00109215
90	0.00634039	0.00233565	0.00252547	0.401559	0.00296777	0.00296463	0.0157676	0.123496	0.0298663	0.0179637	0.0153225	0.0039324	0.00149032	0.0163144	0.0376659	0.0448141	0.0711136	0.200161	0.000951902	0.00244701
91	0.0542574	0.00499282	0.0243546	0.0182575	0.00488031	0.661261	0.00831172	0.00704648	0.0526071	0.00743114	0.00419886	0.0663873	0.00295437	0.0103942	0.0126279	0.0341184	0.0130974	0.00923493	0.000672607	0.00291386
92	0.0184076	0.00234912	0.00220862	0.118129	0.0022005	0.00254694	0.00230383	0.0934377	0.0743795	0.00475692	0.00268474	0.0269795	0.00118383	0.0149157	0.0145624	0.0186467	0.529084	0.068031	0.000798278	0.00239371
93	0.0717773	0.361926	0.02142	0.0269697	0.0311205	0.0247608	0.0157431	0.0464085	0.0244677	0.0677108	0.0228856	0.0263049	0.0122264	0.0226344	0.0256815	0.0619652	0.0489088	0.058898	0.00879313	0.0193976
94	0.1243	0.00399202	0.024726	0.0283218	0.00863087	0.0311189	0.00424594	0.0200996	0.0678276	0.0154338	0.00402083	0.00578201	0.51886	0.015494	0.0246266	0.0598258	0.0216952	0.0158441	0.00178159	0.00337316
95	0.0152746	0.0136706	0.00134371	0.0294009	0.073658	0.00336079	0.147281	0.0695	0.0609081	0.0517648	0.0227478	0.103616	0.000627583	0.00618087	0.0419347	0.0352065	0.0280974	0.076955	0.000442071	0.218029
96	0.0472767	0.00125838	0.208733	0.105844	0.00113078	0.0886573	0.0340575	0.00769782	0.0856183	0.00770044	0.0154141	0.129549	0.0279783	0.0177613	0.0714443	0.111233	0.0348084	0.00248282	0.000382385	0.000972626
97	0.183638	0.0122992	0.0316688	0.0299465	0.0135314	0.0279036	0.0170066	0.0213727	0.0415764	0.0268444	0.0126741	0.0450856	0.01245	0.262576	0.0408436	0.114065	0.0591473	0.0287365	0.00493627	0.0136989
98	0.0146564	0.0106877	0.00338191	0.0217483	0.0656935	0.00480021	0.131448	0.0491059	0.062817	0.0399345	0.0191966	0.0841207	0.00137974	0.0169699	0.130084	0.0383089	0.0237143	0.0654334	0.00109592	0.215423
99	0.0770169	0.0243713	0.0294707	0.0160627	0.0153753	0.322881	0.0122054	0.0110511	0.0196193	0.0121584	0.0085758	0.0521704	0.00712169	0.0209138	0.0189584	0.253021	0.0703119	0.0176303	0.00170424	0.00938019
100	0.0135391	0.00552622	0.702877	0.0966517	0.00233517	0.009209	0.0065137	0.00565681	0.0111457	0.00746656	0.00668902	0.0473955	0.00330917	0.0127867	0.0174089	0.0209101	0.0157219	0.00750109	0.000828623	0.0065286
101	0.0429723	0.00851911	0.0645045	0.247106	0.00976425	0.0224631	0.0858929	0.0166258	0.026855	0.0949552	0.0146628	0.0265445	0.00559616	0.221068	0.0203182	0.0300395	0.023819	0.0209986	0.00379778	0.0134978
102	0.0623166	0.37585	0.0176069	0.0234041	0.0255366	0.0356549	0.0167775	0.0431998	0.0224783	0.0704391	0.0225155	0.024709	0.0131859	0.02296	0.026922	0.0715707	0.0457912	0.0545292	0.00725882	0.0172937
103	0.00359826	0.00130992	0.296016	0.526509	0.0016387	0.0088811	0.00177005	0.0244724	0.00248825	0.011877	0.00144072	0.00221894	0.00773173	0.0625128	0.00221167	0.018298	0.00384676	0.021044	0.000648609	0.00148623
104	0.0888641	0.002371	0.00251713	0.0386	0.00226058	0.0584459	0.00289728	0.00476553	0.12836	0.00535086	0.00257995	0.256842	0.00132782	0.0510004	0.106743	0.129928	0.0539228	0.0604139	0.000712316	0.00209762
105	0.0535497	0.310055	0.0145267	0.0169344	0.0401669	0.0190984	0.0140479	0.068566	0.0172255	0.158237	0.0314828	0.0188488	0.0121388	0.0204441	0.0233552	0.0479352	0.0376534	0.0651498	0.00753865	0.0230451
106	0.0616084	0.00688622	0.0394597	0.0113925	0.00908209	0.424243	0.0107927	0.00977432	0.0100186	0.0107064	0.00729051	0.023393	0.00386983	0.105243	0.0110521	0.151418	0.0777499	0.0163329	0.00199701	0.00768978
107	0.041704	0.00261033	0.00410308	0.0249247	0.00342166	0.0048675	0.0885688	0.00574722	0.111954	0.00690425	0.00406758	0.0929137	0.00164302	0.0303817	0.190922	0.135845	0.218461	0.0269663	0.00106759	0.00292611
108	0.0571177	0.00281584	0.0422127	0.0554037	0.0194935	0.00837398	0.0440527	0.0465171	0.0145906	0.126751	0.0522897	0.00791914	0.0437165	0.0456844	0.0193051	0.066848	0.258361	0.0552381	0.0136951	0.0196142
109	0.0208558	0.00859676	0.00257903	0.0113997	0.0724629	0.0205738	0.0842945	0.0714841	0.0230948	0.280801	0.0470877	0.0363406	0.00160214	0.0101669	0.0169389	0.0182331	0.0194205	0.0658502	0.0115176	0.176699
110	0.0269597	0.0013478	0.318863	0.233402	0.00155792	0.00325818	0.0148893	0.00915356	0.0132781	0.0161846	0.00555951	0.224958	0.0024312	0.0150683	0.0151723	0.0461044	0.0389891	0.0112698	0.000336534	0.001217
111	0.275251	0.00320596	0.00231579	0.00216975	0.00491808	0.00573123	0.00168361	0.0182013	0.0213781	0.0106369	0.0017819	0.00268752	0.540445	0.00237347	0.00850559	0.0502217	0.0292676	0.015786	0.00067224	0.00276755
112	0.0529049	0.00136342	0.0468755	0.0957835	0.0217384	0.0168822	0.00996279	0.0444581	0.0296298	0.104248	0.0336017	0.0129958	0.0293959	0.0394527	0.0460215	0.0834816	0.229598	0.0758994	0.00527322	0.0204342
113	0.00359826	0.00130992	0.296016	0.526509	0.0016387	0.0088811	0.00177005	0.0244724	0.00248825	0.011877	0.00144072	0.00221894	0.00773173	0.0625128	0.00221167	0.018298	0.00384676	0.021044	0.000648609	0.00148623
114	0.0292325	0.00695864	0.00154894	0.0048388	0.0365923	0.00436975	0.00591292	0.305953	0.00713699	0.288688	0.0511662	0.00314341	0.00184753	0.00830622	0.00162155	0.00835308	0.0198662	0.194182	0.0017141	0.0185687
115	0.00595254	0.0024111	0.00242601	0.0426117	0.00280519	0.00276411	0.0145412	0.378304	0.230792	0.141112	0.00282187	0.00361318	0.00143394	0.00354713	0.0155468	0.0290955	0.0292034	0.0882653	0.000785677	0.00196744
116	0.0314107	0.000863188	0.369652	0.214299	0.000814197	0.00109657	0.011657	0.00433097	0.0162827	0.0166595	0.00618664	0.215506	0.00234186	0.0161623	0.0189386	0.0359235	0.0269936	0.009676	0.000289792	0.000915996
117	0.157401	0.0023996	0.00969885	0.0158821	0.0130573	0.0286017	0.00199206	0.0246789	0.0488523	0.0110945	0.00237408	0.00316984	0.551991	0.00787107	0.0247694	0.0659772	0.0146377	0.0122892	0.000987904	0.00227469
118	0.0766329	0.00121029	0.138049	0.191698	0.00109885	0.0126308	0.0127883	0.0127875	0.169772	0.0166273	0.00157584	0.0267528	0.0317579	0.0820359	0.0519289	0.0929611	0.0499829	0.028352	0.000398079	0.000960444
119	0.0524121	0.0052922	0.0396495	0.0346373	0.00378056	0.0380297	0.0156422	0.00418711	0.0423226	0.00977077	0.00577158	0.0256422	0.00738708	0.0144776	0.0266371	0.421764	0.229875	0.0167776	0.000653822	0.00528989
120	0.0642977	0.00149392	0.0197745	0.0923	0.00156971	0.0118384	0.00431333	0.0143228	0.262475	0.0303034	0.013106	0.0599468	0.000871983	0.0743758	0.158157	0.0566433	0.11816	0.0139841	0.000560421	0.00150584
121	0.0095451	0.00279534	0.00680652	0.00832161	0.0144095	0.00348852	0.302594	0.00601994	0.0157218	0.00749277	0.00402978	0.398178	0.011936	0.0723921	0.0079699	0.0280705	0.0133273	0.00691486	0.00121087	0.0787754
122	0.0600991	0.0136427	0.00182643	0.00254733	0.160214	0.00347142	0.0300013	0.058727	0.0149678	0.167293	0.00544764	0.00290913	0.000907087	0.0113592	0.0130757	0.0150665	0.0248934	0.0469122	0.136981	0.229658
123	0.0107062	0.00058658	0.000683102	0.000773079	0.372322	0.00541387	0.0285722	0.00893396	0.0010055	0.0156749	0.0260451	0.00115586	0.000286237	0.000815895	0.00318903	0.00658353	0.0114537	0.00141047	0.0100737	0.494315
124	0.00768278	0.00766237	0.000914403	0.00415325	0.340059	0.0017892	0.00415915	0.172854	0.00123467	0.27998	0.0597479	0.00156025	0.00365634	0.00424798	0.00116898	0.00376372	0.0112991	0.0719808	0.015996	0.00609055
125	0.0548767	0.026414	0.139266	0.0721212	0.00407887	0.00628664	0.0254293	0.00801126	0.155238	0.0690652	0.0053766	0.0476959	0.0295774	0.00843848	0.260107	0.0430356	0.0110121	0.0288638	0.00143296	0.00367401
126	0.0177851	0.00649818	0.00184604	0.0077512	0.0350326	0.00766174	0.00526921	0.102474	0.00225938	0.584265	0.0954335	0.00393103	0.000564047	0.0157946	0.00681948	0.00741534	0.0105742	0.0741593	0.000840727	0.0136252
127	0.0475363	0.00140776	0.199775	0.0960116	0.00137549	0.0851597	0.0347207	0.006931	0.0740514	0.00792	0.0137778	0.130817	0.0387322	0.0265207	0.064069	0.126209	0.040352	0.00293527	0.000408496	0.00128977
128	0.0732441	0.00506746	0.192125	0.360931	0.000558004	0.0484656	0.020308	0.00442	0.0407228	0.0175774	0.00975474	0.0435615	0.000980185	0.0910423	0.0274365	0.0300743	0.0100078	0.0122018	0.000189917	0.011331
129	0.0371069	0.00370198	0.155169	0.184451	0.00211842	0.266978	0.0263797	0.0058232	0.0307191	0.0205682	0.0064286	0.117048	0.00950378	0.0408354	0.0255816	0.04016	0.0132758	0.00837995	0.000857867	0.0049148
130	0.02189	0.00683478	0.00181309	0.00276853	0.0480033	0.00766296	0.0045325	0.140127	0.00167059	0.537811	0.0862427	0.00246298	0.000509924	0.00540195	0.00220594	0.00640531	0.0115607	0.0989798	0.00128588	0.0118305
131	0.0171718	0.00814825	0.0196704	0.0875273	0.0108884	0.0179435	0.0383594	0.0217639	0.336812	0.0201627	0.00413696	0.0297193	0.000510997	0.0869635	0.231921	0.00615885	0.0334525	0.00529989	0.000231755	0.0231582
132	0.0898851	0.00182773	0.103162	0.0950064	0.00584249	0.0739461	0.00540175	0.0128425	0.0971525	0.0163096	0.00315362	0.0140873	0.274342	0.0380729	0.0338348	0.105708	0.0149587	0.011305	0.000913626	0.00224858
133	0.038131	0.0108716	0.0111689	0.0163917	0.125258	0.0125524	0.015023	0.0322487	0.0831364	0.0671611	0.0226732	0.0319356	0.00430204	0.0234421	0.169467	0.024394	0.0261388	0.0357297	0.201415	0.0485606
134	0.278344	0.0784347	0.0537376	0.00669484	0.00576529	0.0379562	0.00499577	0.063457	0.00881984	0.0121598	0.00535074	0.00719093	0.107993	0.00762161	0.00708371	0.259026	0.0377227	0.0117465	0.00158353	0.00431611
135	0.0177555	0.00476551	0.000755588	0.00217082	0.0282868	0.00197917	0.00650885	0.469216	0.0017641	0.131538	0.0545933	0.00127711	0.00309975	0.0107254	0.00113474	0.00408959	0.0110057	0.22026	0.000699492	0.0283746
136	0.0148092	0.00277483	0.0078673	0.00693354	0.00301654	0.0061	0.00421201	0.00552662	0.0168336	0.00665139	0.0041835	0.0118123	0.00304261	0.00604383	0.00745011	0.215298	0.666758	0.00659992	0.000836088	0.00325024
137	0.0233635	0.0123874	0.0262118	0.0235365	0.00967471	0.0211514	0.0138009	0.0153479	0.122305	0.0175907	0.00913897	0.020081	0.00535966	0.0265161	0.568565	0.0240757	0.0294465	0.0182749	0.00514572	0.00802691
138	0.0144188	0.00343091	0.646872	0.119317	0.00111185	0.00210568	0.00634434	0.00298619	0.00870494	0.00752836	0.00709886	0.105351	0.00172176	0.00704751	0.0141749	0.0226599	0.0194995	0.00562553	0.00031187	0.00368906
139	0.0233215	0.00658473	0.00221719	0.00476205	0.0313377	0.00679229	0.00408318	0.176274	0.00252458	0.472776	0.108672	0.0147322	0.000667748	0.00554958	0.00231514	0.0177316	0.0219099	0.0874655	0.000352614	0.0099312
140	0.0473069	0.00129188	0.216345	0.107328	0.00128863	0.0746094	0.0284242	0.00681214	0.0904292	0.00938987	0.016991	0.128288	0.0285187	0.0175218	0.062216	0.121709	0.0368625	0.00306901	0.000379801	0.00121835
141	0.0223889	0.0109145	0.00395286	0.00567898	0.205863	0.00511388	0.0114864	0.101288	0.0116024	0.223557	0.0214834	0.00598019	0.00306752	0.00818408	0.0117393	0.013127	0.0160676	0.0531835	0.211283	0.0540384
142	0.0580173	0.00540515	0.0218926	0.0161219	0.00534136	0.666789	0.00900493	0.00646653	0.0496207	0.0057722	0.00398944	0.059437	0.00212518	0.00916772	0.0122861	0.0372493	0.0161346	0.0110729	0.000686894	0.00341957
143	0.0260659	0.00192463	0.000754544	0.000976033	0.00437019	0.000810393	0.000752281	0.37704	0.000954959	0.024145	0.00839722	0.00116326	0.000402669	0.00107244	0.000994772	0.00447467	0.0259408	0.51721	0.00144905	0.00110179
144	0.0515189	0.00176575	0.124529	0.121965	0.0026786	0.0299139	0.00637709	0.00824729	0.175585	0.0116257	0.00228164	0.012852	0.223579	0.0651471	0.0423887	0.0685249	0.0331494	0.0154972	0.000798167	0.00157571
145	0.0329036	0.0089638	0.00070357	0.00191712	0.0339826	0.00127682	0.00421653	0.392681	0.00110804	0.107179	0.0220088	0.00125697	0.00262808	0.0062586	0.00094658	0.00488618	0.021924	0.318681	0.00289484	0.0335834
146	0.133846	0.00308506	0.0204332	0.0263806	0.00944254	0.0306303	0.00335239	0.0195301	0.0630785	0.0130128	0.0024754	0.00553122	0.527701	0.013349	0.0342994	0.0619088	0.0154256	0.0120796	0.00149703	0.0029416
147	0.0455625	0.0142115	0.0100966	0.0350747	0.0205965	0.0154953	0.0209161	0.0351209	0.169622	0.198813	0.0454765	0.0303393	0.00655406	0.163061	0.0689551	0.0391667	0.0275928	0.0317346	0.00402316	0.0175879
148	0.030874	0.00600638	0.00698439	0.0141705	0.00827475	0.00977782	0.00666181	0.0555007	0.290292	0.021333	0.0137496	0.0107863	0.00312171	0.0222319	0.151551	0.0743271	0.0584218	0.207557	0.00282153	0.0055571
149	0.0122692	0.0103508	0.00112084	0.00330671	0.254482	0.00265553	0.00412443	0.174319	0.00144527	0.340053	0.0598326	0.00192898	0.00287162	0.00339068	0.00116874	0.00409527	0.0111368	0.086351	0.0166154	0.00848276
150	0.0184889	0.00421973	0.00744308	0.00704408	0.220935	0.00614366	0.0965235	0.0187926	0.0114358	0.0282253	0.019772	0.0443295	0.00213411	0.0097729	0.0149511	0.0135841	0.0173413	0.0167254	0.0131507	0.428987
151	0.100226	0.0195108	0.0175577	0.0229616	0.0178198	0.230185	0.0168414	0.0483308	0.0231803	0.0362238	0.0178584	0.0293995	0.0125029	0.0247995	0.0268626	0.0685628	0.0507706	0.216557	0.00477177	0.0150786
152	0.039887	0.0128001	0.010736	0.015823	0.136871	0.0149545	0.0209853	0.0588419	0.0219221	0.119518	0.0189232	0.0234118	0.00972014	0.0213823	0.025667	0.0300059	0.0316575	0.0519086	0.261432	0.0735528
153	0.0336005	0.00799086	0.00228504	0.00220026	0.276226	0.0151202	0.00465243	0.123876	0.00200652	0.259729	0.062112	0.0033408	0.00152623	0.00430092	0.0020786	0.00787755	0.0138215	0.0973082	0.00724863	0.0726993
154	0.00531149	0.00492778	0.696616	0.177828	0.00139356	0.00253039	0.00433722	0.00570079	0.00474264	0.00439614	0.00371576	0.0287046	0.00275547	0.0109756	0.0122144	0.0122655	0.00951099	0.00636149	0.000556205	0.00515587
155	0.266628	0.0172972	0.038868	0.0342969	0.0199814	0.0593341	0.0204143	0.0283978	0.029605	0.0281357	0.0165767	0.149745	0.0104663	0.0392686	0.030905	0.0867092	0.0628928	0.0392241	0.00599504	0.0152583
156	0.0434176	0.0530625	0.00664363	0.0093264	0.0703854	0.00878849	0.0608327	0.0590518	0.016047	0.164654	0.0111279	0.00978382	0.13475	0.011449	0.012171	0.0324571	0.0212415	0.257052	0.00326246	0.0144955
157	0.0311698	0.00724812	0.00163744	0.00987856	0.0220697	0.0045744	0.00497646	0.23288	0.00385886	0.386537	0.0751232	0.00273425	0.000731594	0.00724216	0.00199772	0.0132042	0.0245811	0.160528	0.00047635	0.00855104
158	0.242783	0.0222637	0.0143839	0.0615161	0.00584178	0.542423	0.00348488	0.0105358	0.00509938	0.00569928	0.0057391	0.0071035	0.00191022	0.00631447	0.0044415	0.0208852	0.0185095	0.0164283	0.00136749	0.00327006
159	0.0265482	0.00577448	0.00722839	0.00622742	0.257356	0.00796727	0.0399884	0.0259265	0.00701907	0.0291205	0.0218623	0.0128866	0.00243929	0.00750366	0.0101639	0.012398	0.0197806	0.022549	0.0137647	0.463496
160	0.0164868	0.0115917	0.00078695	0.00201323	0.0408099	0.00166064	0.00707882	0.439574	0.00129227	0.134974	0.0327473	0.00138373	0.00480045	0.01099	0.00113666	0.00523001	0.0146337	0.22383	0.00186138	0.0471192
161	0.35038	0.023429	0.00465667	0.00569296	0.00727024	0.0602892	0.00316084	0.00790656	0.00728366	0.00956548	0.00468563	0.0136719	0.00114506	0.00306064	0.00936508	0.308608	0.129382	0.0384832	0.000625845	0.011338
162	0.319621	0.010424	0.00403495	0.00653191	0.0761425	0.0878424	0.00311868	0.0535525	0.014045	0.0121029	0.0381637	0.0314078	0.00156679	0.00451348	0.0108707	0.229724	0.0624929	0.0294884	0.00103524	0.00332091
163	0.206325	0.0172548	0.0020119	0.0026576	0.00458708	0.0068714	0.00264862	0.0396572	0.00319347	0.0331733	0.00304011	0.00435161	0.00836249	0.00309046	0.00747297	0.145165	0.251704	0.253961	0.00069385	0.00377783
164	0.102424	0.00257175	0.00282561	0.019365	0.0164116	0.0163439	0.00279434	0.0891722	0.385272	0.0314518	0.0308842	0.00437713	0.00130888	0.0557358	0.0788513	0.0377628	0.00868536	0.110613	0.000872021	0.00227825
165	0.0773747	0.00519005	0.184786	0.35524	0.00053857	0.0429952	0.0205192	0.00469277	0.0459543	0.0181025	0.00933864	0.0428011	0.00144631	0.0924804	0.029249	0.03302	0.0115524	0.0137775	0.000166849	0.0107742
166	0.0609602	0.0140322	0.00178344	0.0025521	0.159084	0.00345637	0.0301168	0.0584473	0.0147243	0.166704	0.00557943	0.00284656	0.000892608	0.0110264	0.0128033	0.0149808	0.0253662	0.048199	0.136587	0.229858
167	0.166757	0.0576453	0.0146387	0.00177982	0.0582556	0.0297145	0.00152605	0.108245	0.00220958	0.211691	0.071279	0.00275549	0.00100477	0.0101329	0.00488604	0.0985826	0.0841403	0.0656294	0.00349913	0.0056269
168	0.175035	0.00517725	0.00365512	0.00483869	0.00470098	0.0577637	0.0700056	0.169544	0.00574352	0.0680292	0.0383956	0.0227196	0.0202702	0.00487982	0.00536768	0.0785876	0.115701	0.0884983	0.00167064	0.0594166
169	0.049537	0.0152559	0.00130699	0.00186956	0.0594919	0.00138821	0.00356705	0.275895	0.00184419	0.0987903	0.0165307	0.00241566	0.00258908	0.00390658	0.00178362	0.0132989	0.0422393	0.3015	0.0102104	0.0965796
170	0.0507858	0.00601596	0.00770815	0.0109806	0.110882	0.00745965	0.207649	0.0121898	0.0131333	0.0440505	0.0128722	0.158498	0.00460445	0.167296	0.0144339	0.0195529	0.0166482	0.0138623	0.00657461	0.114803
171	0.0311199	0.00981227	0.0013914	0.00311644	0.180653	0.00279475	0.0055641	0.283373	0.00284208	0.122651	0.0328135	0.00321173	0.00382952	0.00492453	0.00222093	0.00774625	0.0203596	0.236052	0.00531943	0.0402049
172	0.0170799	0.00537496	0.0016757	0.00688061	0.0303771	0.00396811	0.0124743	0.402776	0.00547406	0.180051	0.0847099	0.00324112	0.00327687	0.0244231	0.00361732	0.00676759	0.0146516	0.168054	0.000527538	0.0246
173	0.0447884	0.00392833	0.0247933	0.0153695	0.0029456	0.683789	0.00651964	0.00533691	0.0575638	0.00577636	0.00326324	0.06903	0.00203525	0.0095543	0.0147761	0.0281102	0.0101873	0.00954313	0.000618908	0.00207121
174	0.0761002	0.0036343	0.0129637	0.0597667	0.00575742	0.0331775	0.00889151	0.0196385	0.261093	0.0492136	0.0101124	0.035952	0.00399938	0.121351	0.166338	0.0539126	0.0474758	0.0224954	0.0014085	0.00671954
175	0.0147815	0.00505655	0.649554	0.152047	0.00162513	0.00835325	0.00667048	0.00575277	0.0108964	0.0070348	0.00549799	0.0488378	0.00326876	0.0163665	0.0157519	0.021634	0.01405	0.00707553	0.000561779	0.00518343
176	0.0374148	0.0169483	0.0200513	0.0244379	0.0218369	0.0130977	0.0354777	0.255643	0.0205615	0.0551613	0.0215018	0.185919	0.00745622	0.0253035	0.0185711	0.0412685	0.0514061	0.115927	0.00422288	0.0277941
177	0.0324454	0.00465712	0.00141441	0.00326657	0.00773347	0.0018085	0.00182437	0.414717	0.00312674	0.0568746	0.0089135	0.00299411	0.000871588	0.00442164	0.0024582	0.00657712	0.0600244	0.380513	0.0021063	0.00325246
178	0.169057	0.0236811	0.00446894	0.00659007	0.012059	0.00676119	0.00633782	0.0206974	0.00947749	0.0452884	0.00701305	0.00701784	0.152631	0.0360382	0.00638758	0.0438606	0.0483885	0.303773	0.00277789	0.0876934
179	0.0246784	0.00784762	0.010269	0.0134635	0.191799	0.00897189	0.241934	0.0286673	0.0155796	0.0389205	0.0224057	0.0558289	0.00553111	0.0277117	0.0166859	0.0225203	0.0217364	0.0285042	0.00968642	0.207259
180	0.028267	0.00922533	0.0303661	0.0248522	0.0320453	0.0179385	0.405548	0.028132	0.0239165	0.0302296	0.0145519	0.0931552	0.00845871	0.0352501	0.0293227	0.0327458	0.0375832	0.0328408	0.00498328	0.0805877
181	0.395227	0.0301564	0.00134919	0.00209591	0.00535822	0.0458536	0.00154825	0.00586516	0.00375623	0.00868928	0.00327495	0.00906252	0.0007906	0.00227301	0.00861022	0.272757	0.140686	0.0449216	0.000482251	0.0172423
182	0.0275451	0.00415856	0.00196911	0.0108499	0.0107551	0.00209943	0.00606689	0.347764	0.00502006	0.218224	0.0188873	0.003036	0.00167122	0.0153164	0.00202685	0.00628302	0.0305921	0.270453	0.000861198	0.0164209
183	0.0119689	0.00379109	0.000958596	0.0036617	0.201757	0.00258347	0.00314108	0.337485	0.00186688	0.16114	0.112658	0.00200168	0.00201789	0.00503173	0.00176325	0.0111086	0.0193885	0.11039	0.00113973	0.00614599
184	0.00999355	0.0114075	0.00199466	0.00355174	0.340873	0.0024816	0.00396646	0.0769456	0.00416397	0.26549	0.0368011	0.00465546	0.00246309	0.00397078	0.00492585	0.00454561	0.00874263	0.0466953	0.147916	0.0184154
185	0.142471	0.00610994	0.0136777	0.0176455	0.0112016	0.0255441	0.00486572	0.0255292	0.0409993	0.0249784	0.00613991	0.00495964	0.526205	0.0123858	0.0188135	0.054676	0.0241459	0.0311024	0.0012879	0.0072615
186	0.621707	0.0173726	0.00101754	0.0018346	0.00301147	0.121627	0.00093357	0.0149247	0.00249603	0.00672439	0.00289868	0.00352951	0.00501109	0.00143848	0.00285482	0.14234	0.0199322	0.0275153	0.000284218	0.00254688
187	0.0225692	0.0106088	0.00157654	0.0206011	0.0173888	0.00225504	0.00342019	0.233042	0.00504704	0.236427	0.304033	0.00382232	0.000909557	0.0164778	0.00423155	0.0209171	0.0529871	0.0410451	0.000441648	0.00219907
188	0.0115526	0.0158549	0.00255349	0.0306506	0.0245333	0.00460901	0.00603666	0.125405	0.0094597	0.497056	0.121816	0.00556646	0.00140562	0.0459145	0.0215724	0.0117889	0.0159394	0.0398198	0.000999076	0.00746726
189	0.0199011	0.00355463	0.00246234	0.0331562	0.0167568	0.015866	0.0397224	0.196722	0.103834	0.227438	0.2308	0.0159994	0.00160855	0.0209389	0.017106	0.022614	0.00718954	0.00809607	0.000737313	0.0154964
190	0.283581	0.012943	0.0136915	0.0407384	0.00493683	0.552591	0.00237871	0.00912151	0.00341929	0.00376125	0.00500684	0.00354815	0.0011916	0.00496356	0.00280932	0.0206085	0.0185852	0.0132644	0.000799783	0.00206023
191	0.124782	0.057665	0.003477	0.0062989	0.0655589	0.00536628	0.00807038	0.114881	0.0321911	0.0661069	0.0240917	0.0054397	0.103406	0.00760417	0.00950218	0.0976245	0.0327081	0.223015	0.00154499	0.0106665
