609	20
1	0.179366	0.00111128	0.018974	0.0146952	0.0135076	0.110469	0.0344303	0.0199218	0.0190499	0.0418057	0.0176542	0.0567086	0.0484253	0.0338993	0.0238167	0.236929	0.0833404	0.0260893	0.000712723	0.0190931
2	0.0778418	0.0036823	0.357375	0.1383	0.00233699	0.104995	0.0200482	0.00376285	0.0263904	0.0117927	0.00619031	0.0440335	0.0274884	0.0427853	0.0252546	0.0543213	0.0330328	0.0119131	0.000292798	0.00816242
3	0.136367	0.0139571	0.0279753	0.00532732	0.00381148	0.119076	0.0109376	0.0100321	0.00885768	0.0193515	0.0100231	0.0527099	0.00628755	0.0293587	0.034107	0.322766	0.155733	0.0176639	0.00909945	0.00655886
4	0.0552881	0.0024122	0.487051	0.150256	0.000766308	0.0541419	0.022891	0.00455342	0.0113342	0.0122425	0.00720868	0.039055	0.0120091	0.0208178	0.00909473	0.0500131	0.0347303	0.0146706	0.000222914	0.0112406
5	0.0441158	0.0117902	0.0046957	0.00565049	0.0299796	0.00213965	0.00951441	0.152834	0.00968011	0.444828	0.039852	0.00270954	0.00611964	0.00740284	0.0178796	0.0111914	0.0428141	0.141697	0.00569883	0.00940718
6	0.180391	0.00133166	0.0158729	0.0126456	0.0143669	0.112216	0.0349033	0.0205486	0.0188657	0.0447778	0.0184048	0.0536851	0.0489731	0.0375871	0.0237416	0.231677	0.0829608	0.0260251	0.000751945	0.0202742
7	0.317742	0.05187	0.000906754	0.00142493	0.0090288	0.0557164	0.00154813	0.0654651	0.00106948	0.112537	0.0474309	0.0123889	0.0177043	0.00922235	0.00221691	0.0869153	0.109683	0.0944822	0.000919805	0.00172826
8	0.0132381	0.0022612	0.00096237	0.000975581	0.232572	0.0065673	0.00401272	0.201308	0.000918655	0.343799	0.0407738	0.00103152	0.00643589	0.00172558	0.00162272	0.00263554	0.00700837	0.0788032	0.0041352	0.0492133
9	0.265924	0.000363835	0.0628141	0.0959803	0.00519006	0.0486071	0.0232003	0.0260622	0.0540482	0.0611106	0.0163331	0.0437617	0.00265957	0.0507935	0.119493	0.0549951	0.0299421	0.0292691	0.00704287	0.0024094
10	0.0913245	0.0206429	0.00051402	0.000954797	0.0310334	0.013317	0.00129724	0.193856	0.000591501	0.266785	0.0304773	0.00113657	0.00350781	0.00349847	0.00152789	0.0180499	0.0465159	0.26604	0.00411232	0.00481775
11	0.00615705	0.00648368	0.000576886	0.000773425	0.00582676	0.000394468	0.000407314	0.408573	0.000335381	0.0893796	0.0117976	0.000534413	0.000490772	0.000836194	0.0021408	0.00234291	0.00807137	0.454009	0.000278123	0.000591004
12	0.0205216	0.00441827	0.000521482	0.000288715	0.0366929	0.000658463	0.000487936	0.408908	0.000276721	0.214856	0.0397154	0.000459796	0.00385735	0.00125254	0.000560757	0.00205375	0.00727692	0.251565	0.000665161	0.0049632
13	0.0912798	0.0153597	0.000495993	0.000622167	0.023633	0.00776964	0.00199453	0.200186	0.000311706	0.199427	0.0230946	0.00347838	0.00522086	0.00310542	0.00275257	0.0123939	0.0401692	0.363245	0.00246418	0.00299639
14	0.0716116	0.00657181	0.071823	0.0409575	0.00412811	0.0705914	0.144874	0.0235983	0.036623	0.0165419	0.00956547	0.0957464	0.0306577	0.110308	0.101436	0.0786027	0.0419779	0.0126806	0.00157313	0.0301312
15	0.0631185	0.0212288	0.0102495	0.00392924	0.0177142	0.00187658	0.0363923	0.139995	0.0061394	0.373584	0.0431084	0.00222567	0.0321675	0.0153794	0.0238595	0.012344	0.0308358	0.141455	0.0111677	0.013229
16	0.037033	0.00743001	0.00553539	0.0278849	0.106917	0.00687182	0.0778941	0.145966	0.014424	0.20756	0.0650118	0.00804828	0.00747797	0.0148631	0.0370799	0.0554701	0.0749864	0.0426863	0.0155535	0.0413056
17	0.141612	0.0148577	0.0242575	0.0079636	0.0070047	0.220696	0.0136546	0.0100914	0.0106475	0.027328	0.0124548	0.0386353	0.0178867	0.0337147	0.0269398	0.278892	0.0842625	0.0158238	0.00193949	0.0113378
18	0.116984	0.00307402	0.0478567	0.0154519	0.0124607	0.225984	0.0225889	0.012889	0.0103732	0.0231245	0.0197501	0.0703028	0.0295082	0.0206124	0.0234234	0.209567	0.0963607	0.0279525	0.0011489	0.0105865
19	0.0436944	0.011691	0.00445866	0.00535896	0.0295935	0.00219738	0.0091343	0.153044	0.0091835	0.448715	0.0398995	0.00265464	0.00628647	0.0070274	0.0177106	0.0110805	0.0429821	0.14071	0.0055413	0.00903694
20	0.10824	0.018151	0.00105603	0.00197885	0.0290454	0.0151823	0.00117494	0.195237	0.000456321	0.210223	0.0245433	0.00281018	0.00770904	0.0034628	0.00161702	0.0239101	0.0457496	0.300871	0.00386795	0.00471424
21	0.101764	0.0312607	0.000774372	0.00500743	0.0524089	0.00599539	0.00469658	0.150485	0.00115262	0.178867	0.0417902	0.00249821	0.0159161	0.00733105	0.00346579	0.0209236	0.0556309	0.28145	0.0177448	0.0208366
22	0.0795727	0.0201032	0.000688941	0.00127649	0.0326435	0.0109588	0.00180911	0.191873	0.00117725	0.289138	0.0327464	0.00123126	0.00324633	0.00415741	0.00275621	0.0169919	0.0479268	0.251127	0.00474785	0.00582728
23	0.18236	0.00119675	0.0164368	0.0138247	0.013731	0.110173	0.0341331	0.0200972	0.0184491	0.0426777	0.0176084	0.0526931	0.0510682	0.03418	0.0241975	0.238343	0.082229	0.0265766	0.0008782	0.0191476
24	0.16229	0.00127549	0.0221306	0.0126789	0.0247894	0.132593	0.035137	0.0251983	0.0171852	0.0438845	0.0175049	0.0469883	0.060805	0.0446512	0.0223282	0.212284	0.0682656	0.022748	0.00126959	0.0259928
25	0.0817928	0.00201389	0.381354	0.205459	0.00121308	0.0480329	0.0196476	0.00659184	0.013003	0.0103858	0.00736627	0.0340246	0.0179233	0.0296166	0.0119849	0.056875	0.0437573	0.0170566	0.000240392	0.0116607
26	0.0619152	0.00405598	0.456709	0.14113	0.00130041	0.0606303	0.0190739	0.00351045	0.0113639	0.0111266	0.00668243	0.0452362	0.0182515	0.0269644	0.010391	0.0627419	0.0363915	0.0131603	0.000260338	0.009105
27	0.138001	0.00179592	0.0176531	0.0620001	0.00506684	0.0078795	0.0113985	0.0726943	0.0478758	0.118966	0.0124576	0.0086451	0.173754	0.0280726	0.0423713	0.0520506	0.066597	0.111832	0.00105703	0.0198324
28	0.144941	0.00444135	0.190192	0.195159	0.00378641	0.0512303	0.0168289	0.00632749	0.0244567	0.0101647	0.00658593	0.0388015	0.054457	0.0654143	0.0288866	0.0810428	0.0535078	0.0166062	0.000180307	0.00698992
29	0.0325844	0.0293423	0.00589457	0.00748733	0.137686	0.0314234	0.0126461	0.0179535	0.00654914	0.388126	0.0212211	0.0317538	0.00608147	0.00960936	0.0117256	0.0599243	0.050104	0.027642	0.0474597	0.0647862
30	0.146037	0.0189517	0.0808837	0.0417225	0.00618154	0.00750712	0.0228881	0.0789682	0.0143741	0.149752	0.0826696	0.00425565	0.0049042	0.0164156	0.0501788	0.0769275	0.0764042	0.0800678	0.0363677	0.00454352
31	0.174863	0.00215771	0.0156858	0.152495	0.036517	0.0322439	0.0892653	0.0457251	0.00260061	0.0270239	0.0250075	0.0298378	0.00269436	0.168194	0.00848415	0.0440138	0.0339014	0.0275559	0.0058059	0.0759276
32	0.116831	0.00413884	0.0474189	0.0408924	0.00944934	0.146131	0.0346582	0.0223325	0.0155111	0.0394509	0.0166315	0.0898787	0.0441836	0.0539821	0.0272976	0.171044	0.0676023	0.0362104	0.000926608	0.015429
33	0.0327655	0.000870381	0.00191946	0.00122995	0.00184295	0.92082	0.000729391	0.00174145	0.000822495	0.00136231	0.00149658	0.00206181	0.00252443	0.00141492	0.0036415	0.0185905	0.0038742	0.00151923	0.000304696	0.000468514
34	0.140421	0.00175592	0.0180537	0.0616016	0.00546978	0.00840524	0.0115407	0.0737578	0.0515437	0.122959	0.0133858	0.0077432	0.156989	0.0289821	0.0445575	0.0527359	0.0677326	0.110959	0.00117039	0.0202364
35	0.148036	0.00297985	0.172756	0.244584	0.00268403	0.0423812	0.017349	0.00855175	0.0227877	0.00893767	0.00710226	0.0325998	0.0406913	0.060179	0.0253807	0.0788636	0.0573941	0.0183155	0.000229792	0.0081963
36	0.0692401	0.00491405	0.0210879	0.0108429	0.0106198	0.0152985	0.0141053	0.0111707	0.00838754	0.0174189	0.0113104	0.612729	0.071372	0.0151528	0.0133736	0.0331132	0.0236554	0.0269429	0.00268903	0.00657559
37	0.0436193	0.00255219	0.00494411	0.00678429	0.125502	0.00545529	0.0469842	0.134836	0.00293637	0.197849	0.112407	0.0057743	0.0185908	0.00475604	0.010854	0.0420092	0.0760673	0.0110995	0.0344959	0.112483
38	0.0521774	0.00187456	0.0027057	0.0301718	0.0151198	0.0257354	0.00319607	0.0615931	0.0879403	0.0943447	0.00378868	0.0193607	0.00189242	0.0159025	0.14938	0.00586352	0.140021	0.285455	0.00155504	0.00192178
39	0.131664	0.00801423	0.000470712	0.000655388	0.00886143	0.0018843	0.000979422	0.182514	0.000502515	0.072954	0.0124825	0.00836253	0.00430026	0.0030061	0.00442482	0.00787215	0.0387403	0.511046	0.000664826	0.000600445
40	0.293578	0.0022456	0.00203993	0.00274988	0.00306239	0.439454	0.00372133	0.0200003	0.00870979	0.0436694	0.0174099	0.00509773	0.0317133	0.00338631	0.00291976	0.0251006	0.00798468	0.0833348	0.00103877	0.00278383
41	0.0151956	0.00363247	0.00036922	0.000316726	0.0228878	0.000291292	0.000252444	0.437759	0.000210324	0.189782	0.0414012	0.000413803	0.00152288	0.000593748	0.000720547	0.00203373	0.00730556	0.273861	0.000214581	0.00123602
42	0.0635683	0.0160963	0.00169851	0.00186686	0.0285982	0.00805281	0.00310784	0.191784	0.00258693	0.355862	0.0315705	0.00129396	0.00271839	0.0037334	0.00569714	0.0148258	0.0440497	0.214089	0.00393724	0.00486281
43	0.0673752	0.0244371	0.00145843	0.00507615	0.184063	0.00745639	0.013716	0.110856	0.00298112	0.16705	0.0340696	0.00791714	0.00672984	0.0116259	0.00472579	0.0413074	0.0461403	0.179899	0.0136571	0.069458
44	0.0174903	0.000935882	0.00482181	0.00429825	0.133159	0.0129089	0.0963525	0.0124288	0.000925272	0.022884	0.00493483	0.00222327	0.0168656	0.00244376	0.00314703	0.0115593	0.00842358	0.00523248	0.0303158	0.60865
45	0.0778457	0.00343826	0.0223767	0.05533	0.00542805	0.0195199	0.0497694	0.00476127	0.186639	0.0161177	0.00463785	0.0298647	0.00244366	0.0787384	0.325602	0.0451432	0.0440288	0.0114359	0.00300023	0.0138795
46	0.199485	0.00209909	0.0128468	0.00967295	0.0147161	0.0901536	0.0317131	0.0188342	0.0144241	0.0486852	0.0159395	0.0553406	0.0335393	0.0347671	0.0198877	0.238473	0.113623	0.0263958	0.00151836	0.0178862
47	0.142587	0.00249928	0.00450885	0.0757021	0.0349928	0.00768469	0.134174	0.075272	0.00207041	0.0840649	0.037778	0.0512699	0.00170747	0.122621	0.0187361	0.05004	0.00991477	0.0411037	0.0184145	0.0848581
48	0.056646	0.0144453	0.00811649	0.0294397	0.0721288	0.00180291	0.0421538	0.0684913	0.0477511	0.274128	0.03153	0.01094	0.00201102	0.0441963	0.0632198	0.012353	0.0382664	0.0929268	0.0442672	0.0451857
49	0.164762	0.0108854	0.00690795	0.0213224	0.00789487	0.00429268	0.00538265	0.08683	0.0183428	0.209068	0.0975098	0.00220537	0.00448145	0.0558825	0.0180651	0.0530635	0.0729558	0.151027	0.00420063	0.00492029
50	0.132619	0.0372099	0.0244619	0.00762209	0.00143073	0.206514	0.0016474	0.00180448	0.00577701	0.00397648	0.012725	0.0386343	0.00097924	0.0270225	0.011928	0.390382	0.0718297	0.0119316	0.00172197	0.00978252
51	0.159844	0.00189296	0.111972	0.0880477	0.00314287	0.209194	0.0196817	0.00506705	0.0549429	0.0203884	0.00731844	0.0792452	0.00736762	0.0713522	0.0755387	0.047144	0.0264845	0.00855433	0.00140086	0.00142096
52	0.0574852	0.00407749	0.465108	0.144077	0.00119884	0.0613004	0.0192526	0.0036641	0.0107106	0.0110007	0.00690187	0.0439334	0.0174928	0.0257794	0.00974985	0.0592361	0.0361069	0.0133796	0.000256944	0.00928798
53	0.0431872	0.0105772	0.00410054	0.00444852	0.0260795	0.00250542	0.0118885	0.151593	0.00786069	0.431436	0.0399928	0.0054933	0.00574843	0.00808222	0.0158998	0.0178275	0.0662673	0.133221	0.00512876	0.00866201
54	0.294786	0.000360648	0.0736509	0.104566	0.00433411	0.0601456	0.0214832	0.0162765	0.0521053	0.0447413	0.0174816	0.0426486	0.00263265	0.0556788	0.0997091	0.0527952	0.0302916	0.0202137	0.00464702	0.00145217
55	0.0480353	0.0135661	0.00720901	0.0167166	0.0492789	0.00131704	0.0203079	0.114842	0.0259511	0.38109	0.0367754	0.00670929	0.00425351	0.0210826	0.0364857	0.0115752	0.0437816	0.123865	0.014894	0.0222646
56	0.350093	0.0555963	0.00154854	0.00238477	0.00715991	0.0578502	0.00210195	0.0649598	0.00179525	0.101894	0.0414573	0.020637	0.0435215	0.00679312	0.00286018	0.0641736	0.0976605	0.0738772	0.00126667	0.00236979
57	0.0571667	0.00365542	0.00138951	0.000718786	0.0230984	0.0012976	0.00095702	0.293159	0.000620645	0.179469	0.0107919	0.00120484	0.0251798	0.0058922	0.00150801	0.00264896	0.00652005	0.372057	0.00370765	0.0089579
58	0.0376462	0.00147371	0.00465206	0.00100436	0.399496	0.00998694	0.0157264	0.00370097	0.000855187	0.0262199	0.0144065	0.00393605	0.0146907	0.00163009	0.0065182	0.0088677	0.0131372	0.0262561	0.0606056	0.34919
59	0.265168	0.0533848	0.000628723	0.000736191	0.0145314	0.0275092	0.00148203	0.0857491	0.00208113	0.0959303	0.0361619	0.00369975	0.00539153	0.00905383	0.00158458	0.0825557	0.0982981	0.21296	0.00106494	0.00202854
60	0.11888	0.00120186	0.366122	0.139995	0.00153206	0.0441094	0.0198692	0.00520777	0.0249759	0.0169445	0.00706736	0.0472849	0.0111414	0.0408791	0.0328268	0.0636698	0.0365546	0.0136513	0.000703782	0.00738293
61	0.267815	0.0305244	0.000671231	0.000743183	0.0109317	0.0201504	0.00131534	0.113487	0.00127808	0.107081	0.0189908	0.00608362	0.00256518	0.00375446	0.00151647	0.042742	0.0556415	0.311467	0.00156377	0.00167852
62	0.0175507	0.00300595	0.000302233	0.000206306	0.0261143	0.000243248	0.000224201	0.443861	0.000186405	0.208024	0.0510809	0.000355945	0.00156729	0.000426858	0.000319495	0.00166355	0.00797895	0.235489	0.000192756	0.00120607
63	0.0183693	0.00278582	0.000272901	0.000203147	0.0277737	0.000242218	0.000218285	0.449608	0.00017901	0.214316	0.053183	0.000343506	0.00168119	0.00044506	0.000333269	0.00173299	0.00820313	0.218775	0.000151254	0.00118377
64	0.0927374	0.00450445	0.0401415	0.00382621	0.00804478	0.0109637	0.01055	0.0393362	0.0225421	0.0210571	0.00856626	0.132411	0.00219309	0.00958185	0.013014	0.243132	0.276078	0.0568434	0.00112707	0.00334968
65	0.171598	0.0611225	0.0047431	0.00493233	0.0367855	0.0650797	0.00574245	0.03244	0.00477875	0.199524	0.0969297	0.00794147	0.00776218	0.00988086	0.00778347	0.0383762	0.189283	0.0241339	0.00276448	0.0283984
66	0.0566349	0.00930711	0.004919	0.0098233	0.0294819	0.00440508	0.0271155	0.0839853	0.0146884	0.307617	0.0243203	0.0139992	0.00797316	0.0325115	0.0315449	0.0519326	0.163879	0.0930355	0.0080375	0.0247885
67	0.0933047	0.00638006	0.00725456	0.00810626	0.00887502	0.0780836	0.00773801	0.0863592	0.00721175	0.202907	0.0796355	0.0493601	0.0742476	0.0369503	0.0367447	0.071189	0.0741701	0.0598226	0.00148397	0.0101757
68	0.010446	0.00187242	0.32963	0.0298789	0.00264015	0.210167	0.00347415	0.00601965	0.0152404	0.00772974	0.0041189	0.222225	0.00287343	0.00782432	0.0341468	0.0808188	0.0169521	0.00992494	0.00113703	0.0028796
69	0.108198	0.0114202	0.000431923	0.000766251	0.0121875	0.00118931	0.00110654	0.190544	0.000412798	0.0850965	0.0188479	0.00783722	0.0071718	0.0025916	0.00581558	0.00621873	0.0399071	0.497741	0.00165574	0.000859077
70	0.0570705	0.00370897	0.00247028	0.00789213	0.0115136	0.0038782	0.00254089	0.0358452	0.00203857	0.0323462	0.012631	0.00351324	0.694725	0.0040503	0.00288818	0.022513	0.0204844	0.0749118	0.00223071	0.00274747
71	0.0172932	0.00746247	0.00056176	0.000801639	0.00483349	0.000460917	0.000453483	0.378218	0.000330927	0.0814101	0.0103984	0.00136458	0.00093225	0.00109548	0.00266633	0.00290185	0.0135116	0.47454	0.000289794	0.000473689
72	0.0112622	0.00250862	0.00104889	0.000812959	0.243199	0.00703065	0.00416188	0.209196	0.000892416	0.329706	0.0298132	0.00115885	0.00684373	0.00134527	0.00142171	0.00287864	0.00590168	0.0827158	0.00414289	0.0539593
73	0.0195196	0.00247855	0.00424676	0.0566912	0.00342454	0.00488217	0.052377	0.00529849	0.0594795	0.0331948	0.0310413	0.0191081	0.0026398	0.638249	0.0105374	0.0371971	0.00839253	0.00640127	0.00168049	0.00316037
74	0.411193	0.0303187	0.00173974	0.00250601	0.00537579	0.0797766	0.00198083	0.0554197	0.0021793	0.109056	0.0463625	0.0150862	0.0238619	0.00519757	0.00253229	0.0504284	0.0672412	0.0863627	0.001084	0.00229697
75	0.0629714	0.00319411	0.00163228	0.000813596	0.0265552	0.00199036	0.00103043	0.282917	0.000812892	0.204249	0.00627439	0.00103614	0.0314529	0.00789738	0.00139902	0.00342475	0.00512142	0.343476	0.00308717	0.0106643
76	0.106869	0.0340358	0.00363325	0.0107074	0.0698041	0.0262524	0.0225501	0.0995559	0.00643817	0.135053	0.0395521	0.0053051	0.0183809	0.0523338	0.0323753	0.029868	0.127146	0.15981	0.00865069	0.011679
77	0.266631	0.000308809	0.064811	0.0986666	0.00485185	0.0487532	0.0230305	0.0225355	0.0515907	0.0560541	0.0173885	0.0466101	0.00236782	0.0550982	0.122671	0.0526995	0.0293388	0.028539	0.006206	0.00184831
78	0.0312959	0.000353947	0.000454705	0.000346889	0.00185891	0.938971	0.000405799	0.00153282	0.000390734	0.000834915	0.000947102	0.000437589	0.00209798	0.000568838	0.00317508	0.0125154	0.00222959	0.00107403	0.000195276	0.000313109
79	0.0248996	0.000725187	0.00055727	0.0018374	0.0408945	0.000630863	0.000570247	0.116666	0.000529382	0.504543	0.200402	0.000774714	0.00129458	0.0106677	0.00290393	0.00183914	0.023065	0.0590586	0.000977766	0.00716318
80	0.0978143	0.00235456	0.0497451	0.00838261	0.00706791	0.140115	0.0194654	0.0157906	0.00720711	0.023072	0.0183454	0.120152	0.0238764	0.0138605	0.0368305	0.259079	0.125429	0.0230059	0.00192217	0.00648381
81	0.261732	0.0022711	0.00696483	0.00746126	0.00734156	0.0386209	0.00820078	0.0239912	0.00719818	0.0205541	0.00799926	0.00974343	0.331303	0.0374668	0.0222829	0.115766	0.0249406	0.045266	0.00140947	0.0194854
82	0.171625	0.00133025	0.0156459	0.0129736	0.0134635	0.107444	0.0309035	0.0239242	0.0211203	0.0513446	0.0273477	0.0529798	0.0491245	0.0375143	0.0311764	0.221735	0.0792212	0.0289331	0.000674414	0.0215182
83	0.0587176	0.00175472	0.410783	0.219824	0.00161095	0.0389432	0.0171579	0.00347636	0.0177682	0.0104944	0.00543093	0.0411898	0.00892682	0.0477337	0.0216389	0.0414163	0.03568	0.010343	0.000239839	0.00687045
84	0.0939295	0.0217276	0.000937185	0.00290844	0.0334568	0.00853328	0.00176355	0.170199	0.00168924	0.239439	0.0432459	0.00138993	0.0058326	0.00845641	0.00316006	0.0211901	0.057724	0.264299	0.00932385	0.0107948
85	0.340581	0.022562	0.00161517	0.00286127	0.00618221	0.0965911	0.00352018	0.071294	0.00217373	0.0716804	0.0260952	0.0154039	0.00790571	0.00646666	0.00293766	0.127821	0.0937394	0.0935121	0.00399589	0.00306092
86	0.0719715	0.0130082	0.0553052	0.0600484	0.00159051	0.123895	0.107484	0.00840369	0.0175715	0.0154642	0.00159215	0.122601	0.0162184	0.148438	0.0383034	0.0974723	0.0547622	0.0149276	0.000543193	0.0303989
87	0.0127167	0.00526658	0.000505817	0.000542046	0.011025	0.000367166	0.000418228	0.410849	0.000302589	0.118013	0.0257615	0.000732441	0.00100255	0.000843093	0.0016725	0.00216936	0.0095249	0.397385	0.000248773	0.000653664
88	0.114382	0.0146023	0.000516494	0.000777548	0.00754096	0.0017976	0.00102972	0.16231	0.00059863	0.0686001	0.0147259	0.00676933	0.00420102	0.00282866	0.00397375	0.00756367	0.0536788	0.532785	0.000542346	0.000776514
89	0.0260082	0.00138902	0.000837444	0.00211416	0.0384807	0.000871546	0.00130149	0.141524	0.00106533	0.463835	0.196633	0.000984984	0.0014158	0.0119043	0.00379159	0.00272239	0.0263566	0.0716745	0.0006639	0.00642547
90	0.041213	0.000507757	0.00395484	0.00326983	0.00594821	0.00272935	0.00227482	0.00446117	0.00215421	0.0118423	0.00384859	0.00144362	0.868056	0.00253275	0.00119385	0.0217491	0.00734144	0.0106123	0.002589	0.00227831
91	0.0803222	0.00277211	0.160381	0.396101	0.00363099	0.0565777	0.0140794	0.00634525	0.0319181	0.0121289	0.00533485	0.0301315	0.00938758	0.0604305	0.0406217	0.0386418	0.0334453	0.0111457	0.00117208	0.00543242
92	0.0241837	0.00145642	0.00073064	0.00201001	0.110511	0.00200419	0.00254171	0.14405	0.000705522	0.395503	0.184711	0.000790659	0.00252402	0.00828859	0.00240293	0.00417266	0.0245993	0.0632839	0.00222435	0.0233067
93	0.109838	0.00320023	0.215471	0.224868	0.0208915	0.0316216	0.0148055	0.0097409	0.0440455	0.0394347	0.0134587	0.0371052	0.0163429	0.0629513	0.0553146	0.0372034	0.0409304	0.0155528	0.00232826	0.00489521
94	0.0301951	0.000189364	0.000334516	0.000341092	0.00183915	0.942889	0.000328084	0.00138923	0.000296572	0.000713664	0.000896941	0.000391151	0.00207979	0.000447276	0.00308961	0.0114188	0.00199612	0.000700032	0.000189662	0.000274446
95	0.184701	0.00717882	0.0479249	0.0441187	0.0105689	0.0523433	0.0200054	0.0394972	0.028683	0.10237	0.0517789	0.0282063	0.0181734	0.0337957	0.0751842	0.0897938	0.0826388	0.0657215	0.00907402	0.00824234
96	0.0188669	0.00274534	0.000285202	0.000210252	0.0278583	0.000278922	0.000229543	0.450957	0.000190665	0.216332	0.053799	0.000346788	0.00169847	0.00043514	0.0002953	0.001781	0.00832529	0.213994	0.00016126	0.00120961
97	0.0685025	0.00577165	0.023671	0.0307029	0.0335688	0.0273013	0.00667862	0.162859	0.0111871	0.0978418	0.0155048	0.0361305	0.0614853	0.0193571	0.0159853	0.099444	0.0973531	0.175909	0.00288167	0.00786465
98	0.0807657	0.0302544	0.00279942	0.00719048	0.0655025	0.0365388	0.012417	0.121665	0.0054152	0.153759	0.0386346	0.00470486	0.0109895	0.0303544	0.0322238	0.020552	0.128513	0.203345	0.00632114	0.00805406
99	0.11328	0.00701981	0.0033941	0.0131632	0.0409611	0.00827122	0.003846	0.0692649	0.00218628	0.0605749	0.0196237	0.0049879	0.447713	0.00512967	0.00378549	0.0277395	0.0265495	0.137173	0.00163199	0.00370444
100	0.0193012	0.00401543	0.000290488	0.000407305	0.0263573	0.000361615	0.000327142	0.443245	0.000221552	0.195556	0.0464919	0.000476847	0.00199112	0.000832563	0.000644899	0.00271609	0.00914559	0.245816	0.000280787	0.00152147
101	0.640761	0.0165806	0.000689099	0.00900675	0.00685348	0.138766	0.0017753	0.0075045	0.00376192	0.00221888	0.00692823	0.000736746	0.000847726	0.00534354	0.00103415	0.126607	0.0238303	0.00574151	0.000378612	0.000634853
102	0.0585127	0.0173404	0.00450856	0.00918316	0.26326	0.0425084	0.0794441	0.0168363	0.00369322	0.023918	0.0148995	0.0285048	0.00701372	0.0155496	0.021998	0.0336151	0.0633909	0.0763244	0.0203777	0.199122
103	0.0597216	0.00707425	0.0171448	0.0441435	0.00415843	0.014554	0.0330823	0.00696925	0.264782	0.0164583	0.00788542	0.0183149	0.00595481	0.080234	0.323764	0.0322246	0.0380628	0.0143302	0.00341871	0.00772179
104	0.0822511	0.00928332	0.00911451	0.0249046	0.106122	0.0211525	0.110835	0.0157772	0.0535541	0.0492513	0.0365523	0.00615144	0.00191279	0.0558655	0.223386	0.0155286	0.0268813	0.0129421	0.0522903	0.0862448
105	0.0783392	0.0189232	0.000852524	0.00127796	0.0313618	0.0103682	0.00173825	0.19279	0.00144584	0.298735	0.0329531	0.0012601	0.00266387	0.00363569	0.00314251	0.0165741	0.047823	0.246487	0.00433611	0.00529271
106	0.379675	0.0416227	0.000728661	0.00100597	0.0077136	0.0353463	0.00150735	0.0730672	0.00125149	0.075331	0.0235647	0.00927193	0.00461654	0.00434977	0.00118477	0.0602542	0.0636266	0.213413	0.000997296	0.00147222
107	0.250713	0.000561511	0.0922379	0.122708	0.00336502	0.0555716	0.0195785	0.0130836	0.0520039	0.0378421	0.0140644	0.0473323	0.0056833	0.0632782	0.0991194	0.0621753	0.0382693	0.0172682	0.00342756	0.00171655
108	0.0524044	0.0125194	0.00740812	0.0217442	0.0805794	0.00266199	0.0394431	0.0766643	0.048549	0.313035	0.0361056	0.00927026	0.00282319	0.0317697	0.0667997	0.0136694	0.0447948	0.0834515	0.0238847	0.0324222
109	0.183001	0.0247548	0.000948871	0.00194384	0.02093	0.0104538	0.00151168	0.141323	0.00322267	0.11467	0.0287554	0.00371055	0.00403944	0.00593212	0.00214165	0.0537552	0.069644	0.315803	0.00676678	0.00669146
110	0.258916	0.000677714	0.0586522	0.0905418	0.00603848	0.0456132	0.0243253	0.0311323	0.0569995	0.072266	0.0175722	0.0388353	0.0028193	0.0482572	0.116952	0.0528067	0.0325784	0.0312931	0.0102021	0.00352083
111	0.0829685	0.00271588	0.0231556	0.057375	0.00450183	0.0182818	0.0557061	0.00407097	0.192091	0.0145339	0.00208685	0.0277174	0.000652475	0.0706368	0.325079	0.0480461	0.0462426	0.0103174	0.00247938	0.011342
112	0.0204988	0.00400253	0.00122817	0.00174461	0.0394202	0.001461	0.00257266	0.0816702	0.00237363	0.658997	0.0780624	0.0015382	0.00704466	0.00883162	0.00743835	0.0046922	0.0143909	0.0505776	0.00395087	0.0095046
113	0.143096	0.00171766	0.0035286	0.00792035	0.00237322	0.0342023	0.00527361	0.00384666	0.140944	0.0135678	0.00455699	0.00655776	0.00382775	0.0343252	0.541138	0.037436	0.0077372	0.00379692	0.00155936	0.00259452
114	0.0829685	0.00271588	0.0231556	0.057375	0.00450183	0.0182818	0.0557061	0.00407097	0.192091	0.0145339	0.00208685	0.0277174	0.000652475	0.0706368	0.325079	0.0480461	0.0462426	0.0103174	0.00247938	0.011342
115	0.0263317	0.00227593	0.00337434	0.00314721	0.00317857	0.003781	0.00355107	0.0620393	0.358548	0.163735	0.0195887	0.00373987	0.00224568	0.0196964	0.0191935	0.020786	0.206773	0.0735002	0.00145689	0.00305758
116	0.177491	0.000932982	0.0846636	0.119826	0.00168839	0.0199693	0.00770438	0.00233059	0.0338186	0.0108288	0.00241937	0.059034	0.252862	0.0412384	0.0319872	0.111234	0.0354923	0.00459103	0.000419292	0.00146876
117	0.06668	0.000463774	0.221029	0.345215	0.00367364	0.0254317	0.00909856	0.00144656	0.0402848	0.0125891	0.0041248	0.0446907	0.000549971	0.105863	0.0558021	0.012	0.046178	0.00413263	0.000220877	0.000526296
118	0.00706807	0.0192357	0.00389441	0.0019292	0.00209108	0.00243811	0.00958405	0.0111081	0.533004	0.00659804	0.00514342	0.00443282	0.00155814	0.0164985	0.359598	0.00401928	0.0056688	0.00338094	0.00117122	0.00157823
119	0.00726383	0.0194529	0.00392017	0.00184319	0.00209685	0.00238179	0.0096707	0.0109403	0.529439	0.00686362	0.00524985	0.00450324	0.00152384	0.017151	0.361879	0.00418859	0.00556089	0.00336127	0.00118555	0.00152488
120	0.00533436	0.00609892	0.00059566	0.000835338	0.00466812	0.000404885	0.000442262	0.409216	0.000351243	0.084326	0.00995746	0.000519767	0.000528597	0.000917822	0.0022879	0.00245075	0.00828667	0.461903	0.000286237	0.000588956
121	0.429605	0.0401834	0.000882128	0.00124877	0.00662436	0.0406532	0.0015329	0.0652007	0.00113568	0.0658389	0.0226344	0.0109565	0.0049168	0.00417201	0.00133635	0.0586022	0.0584375	0.18354	0.000852117	0.00164672
122	0.016891	0.00574544	0.000568208	0.00044551	0.0693687	0.00167213	0.00117066	0.3866	0.000392819	0.236939	0.0541904	0.0011299	0.00249898	0.000894001	0.000616132	0.00233856	0.008507	0.198881	0.00129371	0.00985657
123	0.00567495	0.00614301	0.000590728	0.000842469	0.00440809	0.000406045	0.000425024	0.408575	0.000347554	0.0822043	0.00992875	0.000604732	0.000296383	0.000888525	0.00236449	0.00246118	0.00846077	0.464584	0.000276049	0.000518083
124	0.00962538	0.00246735	0.000487824	0.000439704	0.0493831	0.000616805	0.000576048	0.0289891	0.000526072	0.793739	0.0880645	0.000566161	0.000797863	0.00114543	0.000753187	0.00101987	0.00177743	0.00689934	0.00465061	0.00747574
125	0.175511	0.00150256	0.0185201	0.0146273	0.0144649	0.11284	0.0370499	0.0208137	0.0187221	0.042516	0.0179127	0.0556632	0.0508803	0.0387391	0.0242424	0.227266	0.0809088	0.0255585	0.000706343	0.0215554
126	0.176667	0.00182571	0.0820956	0.0677588	0.00288836	0.0335539	0.0118749	0.00951524	0.0297203	0.0149042	0.00563383	0.136908	0.00901951	0.0276816	0.0259945	0.216756	0.131452	0.0117403	0.00092369	0.00308688
127	0.169246	0.0015664	0.020962	0.0166296	0.0166862	0.112424	0.033565	0.0204815	0.0217767	0.041352	0.0184146	0.058045	0.0512787	0.0387156	0.0291409	0.222184	0.0766297	0.0247804	0.000779356	0.0253422
128	0.200597	0.00118213	0.028992	0.0404622	0.0032042	0.0160192	0.00457554	0.00459798	0.0116464	0.011719	0.00395775	0.02721	0.468311	0.016137	0.0109024	0.109281	0.0287662	0.00798954	0.00117074	0.00327913
129	0.0291359	0.000188899	0.00030451	0.000339085	0.00181554	0.944201	0.000330251	0.00139169	0.000294666	0.000657109	0.000888718	0.000390004	0.00206801	0.000444792	0.00309764	0.0114142	0.00198145	0.000597957	0.000187804	0.000270806
130	0.166223	0.0013208	0.0194968	0.012392	0.017448	0.111841	0.0365723	0.0200337	0.017238	0.0435515	0.0202212	0.0588241	0.0435742	0.0328357	0.0228521	0.22829	0.093668	0.0277973	0.00134929	0.0244713
131	0.105351	0.00118355	0.000773699	0.000918855	0.00230601	0.819691	0.00107469	0.0051469	0.00224829	0.00786454	0.00418369	0.000957074	0.00647366	0.000845841	0.00304136	0.0185332	0.00333877	0.0148535	0.00033242	0.00088194
132	0.183843	0.0306281	0.00217786	0.00316276	0.0437553	0.0137168	0.00492784	0.108749	0.00499418	0.110204	0.0385664	0.00506387	0.00506339	0.0088971	0.00424235	0.0680074	0.0892771	0.25633	0.0047817	0.0136116
133	0.0748403	0.0101784	0.0430304	0.0423134	0.0178074	0.130187	0.15464	0.0141666	0.0143388	0.0207338	0.00773862	0.121535	0.0146477	0.0910699	0.0359265	0.0784894	0.048726	0.0210284	0.00607899	0.0525233
134	0.0116498	0.00215487	0.000660193	0.000774456	0.0388171	0.000849672	0.000777064	0.0337722	0.000769103	0.760083	0.0933726	0.000813607	0.00505555	0.00692713	0.00353289	0.00287042	0.00673019	0.0142646	0.00458181	0.0115433
135	0.0134449	0.000926671	0.723531	0.0323983	0.00146576	0.00974676	0.0362426	0.00211932	0.00296315	0.0129437	0.00225888	0.0856266	0.00190479	0.0346091	0.01096	0.0151237	0.00670607	0.00439618	0.000456091	0.00217638
136	0.162988	0.00267007	0.00256721	0.00202626	0.00338936	0.0408454	0.0040802	0.00607554	0.0138263	0.0171624	0.00563921	0.00821737	0.00192771	0.00607546	0.00690031	0.153154	0.515035	0.0423719	0.00238777	0.00266133
137	0.0748081	0.00617097	0.00632982	0.00630541	0.219613	0.0404933	0.00992206	0.105381	0.00544348	0.193423	0.023868	0.00753105	0.159008	0.00892099	0.010376	0.0170487	0.0177125	0.0464943	0.0080146	0.0331359
138	0.102062	0.00309505	0.0648706	0.187473	0.000794475	0.0272107	0.0139268	0.00640336	0.0798354	0.0219144	0.0116563	0.0515396	0.00357208	0.16517	0.135369	0.0584528	0.0488383	0.0167144	0.000283255	0.000817997
139	0.287869	0.0169999	0.014993	0.00927867	0.00467191	0.120322	0.00617429	0.0105747	0.00568772	0.0172496	0.0119179	0.02898	0.00769343	0.019371	0.0111699	0.310228	0.0913108	0.0172936	0.00204413	0.00616976
140	0.201784	0.0400966	0.000472423	0.000908954	0.0198385	0.0161163	0.00104786	0.118931	0.00125137	0.134902	0.0301358	0.00180064	0.0030317	0.00582371	0.000966653	0.0531898	0.0775152	0.283982	0.00295733	0.00524724
141	0.270106	0.000301198	0.0674961	0.0993064	0.00461838	0.0503147	0.0227944	0.0213528	0.0505396	0.0535729	0.0176574	0.0473139	0.00258867	0.0520095	0.123767	0.0517754	0.0293702	0.0274433	0.00594429	0.00172769
142	0.0203628	0.00330534	0.000301194	0.000238926	0.0279447	0.000661682	0.00028746	0.437533	0.000245354	0.222532	0.053314	0.000399864	0.0016881	0.000548608	0.000445379	0.00225009	0.00993752	0.216406	0.000322815	0.00127577
143	0.0150514	0.00200651	0.000535711	0.000765113	0.0520406	0.000590861	0.000575117	0.0451833	0.000492106	0.725951	0.115176	0.000569977	0.00103841	0.0030109	0.00133945	0.00161221	0.00716119	0.0154445	0.00353049	0.00792495
144	0.0829685	0.00271588	0.0231556	0.057375	0.00450183	0.0182818	0.0557061	0.00407097	0.192091	0.0145339	0.00208685	0.0277174	0.000652475	0.0706368	0.325079	0.0480461	0.0462426	0.0103174	0.00247938	0.011342
145	0.260743	0.00113773	0.0659377	0.0906014	0.00444016	0.0427143	0.0243946	0.0256955	0.0498529	0.0657397	0.0301763	0.0392955	0.00235789	0.0464157	0.12142	0.0501426	0.0363655	0.0308099	0.00965931	0.00210106
146	0.00920866	0.00228855	0.000516628	0.000430704	0.0440373	0.000630678	0.000623397	0.0278105	0.00054721	0.796403	0.0887781	0.000579329	0.00156295	0.00204905	0.00130265	0.00118566	0.00183473	0.00764349	0.00484603	0.00772141
147	0.0997776	0.00245213	0.0254452	0.0570219	0.00395281	0.0213723	0.0534011	0.00398447	0.193862	0.0127124	0.00188044	0.0263567	0.00177989	0.0731613	0.299308	0.0503402	0.0486566	0.0109971	0.00357556	0.00996252
148	0.210386	0.0242295	0.046063	0.00535808	0.0378862	0.0606886	0.0435335	0.00666159	0.00484856	0.0100867	0.00643606	0.0516199	0.00309859	0.0646154	0.18253	0.0108734	0.156965	0.0112399	0.0051185	0.0577614
149	0.0322553	0.00167302	0.00220083	0.00201059	0.0702765	0.012853	0.0255356	0.00459782	0.00275389	0.0244598	0.0176079	0.00247168	0.00265001	0.015336	0.0198469	0.00597653	0.013723	0.00561207	0.592108	0.146051
150	0.0968456	0.00436996	0.207166	0.134921	0.00429245	0.153026	0.0204429	0.00519064	0.0302278	0.0121341	0.0070556	0.0485072	0.0436875	0.0592871	0.0348218	0.0708916	0.0461961	0.0136655	0.00042909	0.00684165
151	0.168836	0.00271545	0.125223	0.178225	0.00269914	0.0445231	0.0175942	0.00528629	0.0486995	0.0133626	0.00751654	0.0414646	0.0412613	0.0914415	0.0654095	0.0726118	0.0556379	0.0127181	0.000239687	0.00453461
152	0.0881927	0.00140831	0.00769027	0.00362262	0.0169274	0.00492862	0.00596738	0.0123571	0.00243537	0.0294551	0.00677718	0.00158212	0.74506	0.00400766	0.00192373	0.0309128	0.0112312	0.0186513	0.00170776	0.0051613
153	0.144954	0.00425494	0.179453	0.164902	0.00632414	0.058515	0.0148271	0.00482932	0.0253551	0.0132824	0.00518752	0.0402133	0.085114	0.0708982	0.030322	0.0857131	0.0460776	0.013419	0.000252181	0.0061065
154	0.0867335	0.00302505	0.140843	0.123109	0.00329583	0.247053	0.0214365	0.00215865	0.0639293	0.0135726	0.00598913	0.0654554	0.0126169	0.0919569	0.0695427	0.0203479	0.020294	0.00691864	0.000411473	0.00131048
155	0.0112588	0.00251149	0.00104851	0.000830787	0.243493	0.00707642	0.00416222	0.209165	0.000891573	0.329402	0.029447	0.00116567	0.00690084	0.00135165	0.00142169	0.00288495	0.00589963	0.0828271	0.00414289	0.0541192
156	0.125563	0.0243932	0.00956725	0.0110891	0.0144316	0.00508156	0.0671741	0.107892	0.00913128	0.15032	0.036873	0.00412115	0.078306	0.0312048	0.0369335	0.025296	0.0399158	0.172943	0.0175735	0.0321896
157	0.018756	0.00272648	0.000276622	0.000204533	0.0282301	0.000256263	0.000221196	0.448379	0.000180756	0.217377	0.0536108	0.000343908	0.00177474	0.000471616	0.000283068	0.00172526	0.00813532	0.215647	0.000153301	0.00124634
158	0.204663	0.00120625	0.0165118	0.0135319	0.0125578	0.0995171	0.0329584	0.0184029	0.0195553	0.04032	0.0162417	0.0510739	0.0634877	0.0320544	0.024363	0.229847	0.0818949	0.0233889	0.000790842	0.0176332
159	0.245374	0.0147496	0.00295999	0.00515383	0.0187703	0.21144	0.0131598	0.0696263	0.00470434	0.0654643	0.0341908	0.0113596	0.00906977	0.00631857	0.00472946	0.0571601	0.0502929	0.160781	0.00194356	0.0127511
160	0.0434396	0.0117702	0.00459413	0.00528797	0.0292829	0.00203646	0.00956662	0.153639	0.00917948	0.448705	0.0404877	0.00259035	0.00654425	0.00707626	0.0177663	0.0108554	0.0419381	0.140695	0.00569295	0.00885282
161	0.0359532	0.0247035	0.0211544	0.0567198	0.013498	0.00206828	0.00952411	0.0267076	0.0893263	0.0160591	0.0128714	0.00955081	0.0193687	0.19255	0.306675	0.023565	0.0386947	0.0839538	0.0155047	0.00155148
162	0.124332	0.00885088	0.000368769	0.000619379	0.00904286	0.00197763	0.000899168	0.18378	0.00041195	0.0814251	0.0133465	0.00832006	0.00486685	0.00258712	0.00448436	0.00879887	0.0418277	0.502828	0.00064757	0.000584596
163	0.0641952	0.0201882	0.00505168	0.0163473	0.0940351	0.00318628	0.0266979	0.091551	0.0266238	0.260941	0.0282839	0.011991	0.00417809	0.0295227	0.0322392	0.0247312	0.0577204	0.143837	0.0215283	0.0371508
164	0.00967191	0.00516007	0.000493835	0.000607762	0.011323	0.000358723	0.000366871	0.411787	0.000289373	0.125694	0.0203698	0.000514201	0.00144451	0.000935692	0.00167511	0.00215833	0.00767848	0.398087	0.000344364	0.00104082
165	0.243872	0.045317	0.00224127	0.00227272	0.0219939	0.0523005	0.0031258	0.0761879	0.00213291	0.187318	0.0741692	0.00842539	0.0102873	0.00810197	0.00407189	0.0737425	0.106594	0.0687227	0.00156915	0.00755318
166	0.10601	0.0124315	0.000426866	0.000771709	0.011747	0.00301851	0.00100298	0.185664	0.000395652	0.105951	0.0186668	0.00594428	0.00534531	0.00267104	0.00396181	0.00916124	0.0464876	0.477322	0.00141634	0.00160353
167	0.0949992	0.00646865	0.0200977	0.0558101	0.0081665	0.0221762	0.0377243	0.0130174	0.0424658	0.0340465	0.025742	0.0274888	0.0102372	0.460327	0.0352835	0.0485734	0.0254808	0.0178667	0.00381526	0.0102126
168	0.0369629	0.000457433	0.00327581	0.00250976	0.00510803	0.00257123	0.00205556	0.00412082	0.00180917	0.01033	0.00359533	0.00117424	0.880161	0.00216235	0.000944137	0.0200477	0.00741686	0.0104234	0.00278039	0.00209388
169	0.151579	0.00387209	0.177315	0.163437	0.00525818	0.0557502	0.0155036	0.00457837	0.0288349	0.0118576	0.00484352	0.0414856	0.07811	0.0684221	0.0318245	0.0913386	0.0471191	0.0127411	0.000278123	0.00585142
170	0.0113632	0.00105356	0.00585906	0.00210165	0.0100068	0.00367788	0.0195822	0.00579174	0.0189356	0.0104086	0.00483489	0.00703132	0.0017624	0.00505997	0.856842	0.00906376	0.00595021	0.00579784	0.0126337	0.00224417
171	0.106811	0.00155044	0.00137819	0.00179565	0.00329727	0.775331	0.00290594	0.0113569	0.00290925	0.0109133	0.00520902	0.00251398	0.00596692	0.00282785	0.00392809	0.0307025	0.00921107	0.0183917	0.000733778	0.00226591
172	0.0906407	0.0330267	0.0240022	0.0355882	0.18227	0.0200197	0.0600702	0.0132992	0.0191104	0.0592649	0.0235875	0.038192	0.00379671	0.0220172	0.0962432	0.0349056	0.095146	0.0264986	0.0288004	0.0935206
173	0.0582966	0.00725406	0.15389	0.0737121	0.00401948	0.114376	0.0348067	0.0321529	0.0129179	0.0239361	0.00519449	0.124798	0.0186571	0.0667235	0.0279338	0.14846	0.0532139	0.0265343	0.00104651	0.0120769
174	0.0244407	0.00392103	0.00258323	0.00512889	0.187972	0.00615393	0.0328138	0.155755	0.00414369	0.263298	0.0457542	0.00379975	0.00863021	0.00536069	0.00764662	0.0154147	0.0262709	0.0576011	0.0161309	0.127181
175	0.00941616	0.00193983	0.00783275	0.0191259	0.0108385	0.00419757	0.812155	0.00462574	0.00390174	0.00723704	0.00491652	0.0120878	0.00892247	0.0159227	0.00561516	0.0124934	0.0070009	0.00485015	0.00155982	0.0453611
176	0.207425	0.00110583	0.188707	0.123262	0.00123787	0.0282278	0.0115034	0.00218576	0.0296015	0.0125402	0.00218147	0.091567	0.00525912	0.0402814	0.035838	0.151317	0.0610905	0.00435552	0.000459561	0.00185413
177	0.113336	0.00713134	0.0057704	0.0134851	0.0124311	0.0264212	0.0049033	0.0462394	0.00725678	0.0737664	0.0138646	0.00942354	0.452479	0.0109591	0.00836126	0.0518009	0.0332479	0.101575	0.00164027	0.00590712
178	0.0519489	0.00220737	0.516334	0.138353	0.000619371	0.0531525	0.0213849	0.00339986	0.0111584	0.0117403	0.00709465	0.0418597	0.00882624	0.019072	0.00912053	0.0477235	0.031822	0.0132085	0.000215526	0.010759
179	0.0527804	0.013394	0.00576449	0.0100809	0.0306953	0.00246402	0.0107716	0.138346	0.0116694	0.407199	0.0448462	0.00326325	0.00607055	0.0139857	0.0224436	0.0144603	0.051838	0.141864	0.00712494	0.0109382
180	0.090714	0.00988409	0.00307852	0.0216663	0.0138792	0.00447464	0.00332471	0.0583318	0.0033975	0.0489159	0.0109025	0.00709922	0.473553	0.0065031	0.00486824	0.0390649	0.0409901	0.15507	0.00106261	0.00321921
181	0.0450865	0.0017597	0.00277574	0.0047741	0.00617756	0.00311705	0.00191026	0.0118618	0.00177239	0.0157065	0.00518237	0.00157301	0.820815	0.00244027	0.00140296	0.0213877	0.0118777	0.0359342	0.00246316	0.00198157
182	0.0290764	0.0278802	0.0120798	0.00518237	0.00772157	0.00776082	0.033473	0.0118495	0.00699324	0.0133994	0.00802155	0.0511355	0.11447	0.00930541	0.0357867	0.191908	0.414457	0.0120802	0.00316146	0.00425862
183	0.0127249	0.00156162	0.00501194	0.00992085	0.0693822	0.0085242	0.406092	0.00885921	0.00219182	0.0130365	0.00398498	0.00586701	0.0247497	0.00504246	0.00469647	0.0105504	0.00792576	0.00454137	0.0153163	0.38002
184	0.0704313	0.0106921	0.0594316	0.0642581	0.00130263	0.124759	0.111886	0.00828433	0.0160264	0.014914	0.00141587	0.124632	0.0172587	0.139376	0.0400789	0.0946055	0.0540414	0.0158579	0.000464527	0.0302839
185	0.0263791	0.00136988	0.00473495	0.00286944	0.207685	0.00974498	0.0583395	0.0126458	0.00143863	0.0374561	0.0105543	0.00283155	0.0128683	0.00240241	0.00463592	0.00835829	0.0103614	0.0129564	0.0716189	0.500749
186	0.0338447	0.00981601	0.00296712	0.00428731	0.0935967	0.00341895	0.00970793	0.170705	0.00677038	0.394921	0.0369159	0.00258084	0.005305	0.00599489	0.0120357	0.00927395	0.034366	0.130677	0.0081228	0.0246931
187	0.629176	0.0159968	0.000981952	0.00867084	0.00630538	0.140367	0.00187239	0.00915817	0.00363949	0.00417657	0.00758172	0.00170445	0.00130803	0.00563457	0.00111968	0.12705	0.0256504	0.00836243	0.000398392	0.000845161
188	0.0633458	0.0269953	0.00290252	0.00843293	0.339719	0.0150068	0.0285053	0.0211412	0.00267612	0.0545922	0.0167621	0.0196823	0.00247166	0.0180113	0.00672769	0.0655791	0.0475721	0.100709	0.0140918	0.145076
189	0.0164957	0.00190252	0.00504371	0.00618786	0.0922877	0.0157548	0.159565	0.0146945	0.00147641	0.0173484	0.00309435	0.00377243	0.0126256	0.00361019	0.00517504	0.00949824	0.00916527	0.00449272	0.0212375	0.596572
190	0.0732874	0.0152824	0.0122464	0.0328288	0.102981	0.0068375	0.076166	0.0393907	0.0605664	0.161352	0.0424043	0.00854904	0.00201881	0.0423854	0.131758	0.0101414	0.0279626	0.048987	0.0397739	0.0650812
191	0.0324657	0.00117928	0.00232477	0.00150737	0.096893	0.0121671	0.0214121	0.00349778	0.00144331	0.0256206	0.0170671	0.0021741	0.00359212	0.0118471	0.0129264	0.00327045	0.0121828	0.00617323	0.557351	0.174905
