613	20
1	0.0451668	0.0168483	0.0543227	0.0123306	0.00709453	0.0216777	0.0289553	0.0217098	0.0275662	0.0223761	0.0128767	0.140704	0.072515	0.0208541	0.0103824	0.322308	0.136675	0.0155044	0.00186559	0.0082668
2	0.0241056	0.000660118	0.174721	0.643102	0.00263452	0.0126559	0.00338234	0.00577369	0.0252306	0.0055911	0.00221961	0.016286	0.0129113	0.0281144	0.00425338	0.010778	0.0125088	0.0115613	0.000139104	0.00337128
3	0.0252095	0.000632345	0.166874	0.6366	0.00249265	0.0127885	0.00333689	0.00606223	0.027399	0.00663399	0.0031917	0.0173401	0.0123047	0.0313183	0.00468959	0.0122839	0.0139959	0.0134016	0.00013595	0.00330954
4	0.041458	0.00129068	0.261258	0.34453	0.0033712	0.0319193	0.0101587	0.00918479	0.041534	0.012725	0.0103185	0.0446938	0.0176865	0.0526184	0.0140077	0.042174	0.035463	0.019421	0.000846058	0.00534107
5	0.0719079	0.00929813	0.0329648	0.0911504	0.0069008	0.0201138	0.0262265	0.0199946	0.181547	0.055369	0.0287745	0.0533373	0.0017703	0.168727	0.134604	0.0337119	0.0345321	0.0178989	0.00199936	0.00917181
6	0.0705114	0.00777448	0.0351097	0.117301	0.00713131	0.0201758	0.0252205	0.00928138	0.241609	0.0271866	0.0140102	0.0549339	0.00510661	0.150914	0.139526	0.0328009	0.0256202	0.006859	0.00237476	0.00655347
7	0.0250604	0.0135587	0.00467127	0.00990623	0.0279509	0.0212982	0.015528	0.144956	0.04793	0.383405	0.0724546	0.0116949	0.00811873	0.0328851	0.0209839	0.0329501	0.0455602	0.0595645	0.00108116	0.0204422
8	0.0369474	0.00614171	0.0206254	0.116786	0.00581081	0.0121549	0.0581659	0.0366307	0.245744	0.0488131	0.019968	0.0393348	0.0285075	0.127393	0.107978	0.0320332	0.0240814	0.0234231	0.00276773	0.00669313
9	0.0406531	0.00052435	0.210447	0.398731	0.00223043	0.0216552	0.0063324	0.0123436	0.0427737	0.0147298	0.0130127	0.0491848	0.00766193	0.0574396	0.0145852	0.0405041	0.0399409	0.022474	0.000379489	0.00439653
10	0.0358582	0.000646603	0.220023	0.411704	0.00226715	0.0182455	0.00630304	0.0133804	0.0421584	0.0131066	0.0117379	0.0477822	0.00580049	0.0551858	0.0165338	0.0364419	0.0380566	0.0202404	0.000310661	0.00421774
11	0.0155931	0.00409447	0.00188204	0.0024442	0.0356851	0.00372148	0.00375682	0.156326	0.00526953	0.499838	0.131183	0.00493982	0.0025356	0.0137765	0.0033076	0.0109145	0.0191175	0.0731401	0.000426516	0.0120477
12	0.0325783	0.000580651	0.19351	0.537406	0.0032354	0.0147869	0.00586664	0.0104011	0.0327348	0.0091261	0.00614828	0.0288828	0.0105501	0.042106	0.00903106	0.0208785	0.0235647	0.0140415	0.000255462	0.00431533
13	0.021152	0.00304445	0.00954038	0.00278952	0.0629395	0.0128908	0.0169171	0.0676646	0.0135624	0.488993	0.0926668	0.0073934	0.0127723	0.0464447	0.00278774	0.0212257	0.0433502	0.0465898	0.00143552	0.0258405
14	0.0679418	0.174628	0.00296547	0.00294641	0.0758545	0.012379	0.0258369	0.0166972	0.00396184	0.172288	0.104191	0.0132945	0.00312826	0.00455076	0.0108588	0.0536809	0.036019	0.0489746	0.0280658	0.141737
15	0.0540338	0.0180309	0.00080453	0.000528624	0.00776332	0.00198871	0.00207559	0.324318	0.000628743	0.0837398	0.0159107	0.00286929	0.00410683	0.00266892	0.00200542	0.00894692	0.0163738	0.448665	0.000208589	0.00433193
16	0.0410914	0.00082818	0.147668	0.374406	0.000909194	0.0206704	0.00702002	0.0132918	0.0594627	0.0271533	0.0206898	0.0374608	0.00110724	0.0935457	0.0136879	0.0474851	0.046398	0.0442237	0.000140057	0.00276059
17	0.0447973	0.0103093	0.0453699	0.080622	0.00352486	0.02402	0.0306828	0.00739762	0.203629	0.0204753	0.0156105	0.0734727	0.000841402	0.143207	0.21268	0.0333956	0.0340504	0.00592652	0.00213875	0.00784865
18	0.0840035	0.0526899	0.000787196	0.00143793	0.0202702	0.00155174	0.00306018	0.158302	0.00271186	0.155322	0.0140569	0.00362534	0.00500274	0.00607917	0.00136603	0.0286351	0.0321645	0.426307	0.000747859	0.00187976
19	0.172174	0.0039456	0.0129603	0.0262606	0.0145679	0.0313935	0.0133946	0.0557616	0.0225364	0.120327	0.0317209	0.061397	0.131047	0.0283146	0.00350478	0.147674	0.0552397	0.063018	0.000558513	0.00420382
20	0.617175	0.018111	0.00382927	0.00300095	0.00230081	0.0311575	0.0028643	0.00493806	0.000448469	0.00525373	0.00367111	0.00361795	0.00116071	0.0030524	0.00310268	0.235422	0.0377712	0.0185956	0.00013381	0.00439375
21	0.00560135	0.00367426	0.00111017	0.000283312	0.0243919	0.000577367	0.000496273	0.195397	0.00211149	0.621529	0.0436823	0.00100207	0.00241511	0.00236098	0.00342027	0.00377232	0.00337793	0.0818506	0.000234632	0.00271197
22	0.038446	0.000581366	0.195099	0.402154	0.00155494	0.0195269	0.0056423	0.0132188	0.0459972	0.0175671	0.0158362	0.0458278	0.00323632	0.0655816	0.0142095	0.0421253	0.0417146	0.0274637	0.000220963	0.00399633
23	0.22	0.0206082	0.00418086	0.0282527	0.00860866	0.0171301	0.0258117	0.0483999	0.0585747	0.0681614	0.0619553	0.0287527	0.00378446	0.100132	0.0308805	0.10579	0.10018	0.062031	0.000449431	0.00631702
24	0.0118284	0.0030099	0.00111654	0.000739303	0.0515509	0.00215141	0.00701886	0.0405629	0.00103122	0.607405	0.224813	0.0021579	0.000980801	0.00762581	0.00257982	0.00620028	0.00887355	0.017666	0.000443366	0.00224551
25	0.0481344	0.0077825	0.00795409	0.0519178	0.0316962	0.00476036	0.0409731	0.0730592	0.0628203	0.22042	0.0492739	0.0240717	0.00614707	0.115414	0.0463921	0.085369	0.0549618	0.0445388	0.000785912	0.0235276
26	0.0196705	0.0108979	0.00152778	0.00122494	0.0281133	0.00166491	0.00189229	0.25433	0.00262829	0.401398	0.0689581	0.00385586	0.00347055	0.00457051	0.00260657	0.00707739	0.0212526	0.156678	0.000713426	0.00746853
27	0.00613856	0.0189078	0.000878932	0.0010431	0.00111194	0.00183097	0.0346327	0.0175042	0.221247	0.0151926	0.00159652	0.00826118	0.00269306	0.0242833	0.594513	0.019275	0.0124153	0.0105567	0.00039622	0.00752121
28	0.130047	0.00451525	0.0284745	0.0154058	0.00414539	0.0261641	0.00184007	0.00601288	0.0150014	0.00433644	0.00625502	0.0228066	0.0049516	0.0125805	0.00418307	0.322301	0.364852	0.0220537	0.000497163	0.00357594
29	0.60476	0.0162313	0.00566818	0.0032328	0.00228857	0.0300057	0.00378949	0.00418024	0.000593987	0.00507151	0.00378177	0.00403383	0.00113837	0.00324042	0.00312313	0.25138	0.0370389	0.0163706	0.000293378	0.00377797
30	0.0767356	0.0106893	0.0269438	0.0278192	0.00963478	0.0359083	0.0161339	0.0102907	0.0296518	0.0250872	0.00915509	0.122727	0.0289247	0.0575951	0.011811	0.237806	0.222823	0.0260724	0.00154544	0.0126459
31	0.175168	0.0634458	0.00372449	0.00710432	0.0100358	0.0340343	0.00178554	0.0199063	0.00283159	0.0116502	0.00743666	0.00795068	0.00585314	0.00504362	0.00233911	0.362646	0.22515	0.0456281	0.000368975	0.00789739
32	0.107828	0.0198308	0.0126999	0.0199209	0.0220661	0.0284142	0.0155873	0.152245	0.0169443	0.0826963	0.0324365	0.0221493	0.0174004	0.0195635	0.0131686	0.200697	0.101537	0.0986454	0.00239794	0.0137716
33	0.0486462	0.046082	0.00105497	0.0012197	0.0200491	0.00213039	0.00533453	0.128464	0.00322556	0.457559	0.0920398	0.00659459	0.00429717	0.00566913	0.00295026	0.0265048	0.0387304	0.10308	0.00114049	0.00522825
34	0.168715	0.0168306	0.0125048	0.0106793	0.00734194	0.0338401	0.00397026	0.0188837	0.0195446	0.0115767	0.0101789	0.0171791	0.00822296	0.0111409	0.00885982	0.270771	0.322237	0.0415372	0.00056114	0.00542535
35	0.581754	0.0184371	0.00385708	0.00366958	0.0029885	0.0430501	0.00264337	0.00651353	0.00130805	0.00577388	0.00435064	0.00406197	0.00206326	0.00389496	0.00305081	0.242963	0.0464798	0.0193225	0.000183638	0.00363454
36	0.108228	0.0655474	0.00179684	0.00443094	0.019441	0.00806146	0.00507573	0.111005	0.0055044	0.131811	0.0221456	0.00659632	0.00713703	0.00788908	0.00518071	0.0629106	0.0454665	0.376638	0.000996482	0.00413692
37	0.0801883	0.0120829	0.00448606	0.0129582	0.00958817	0.0238844	0.0106592	0.0199312	0.0168756	0.0790646	0.0134818	0.0117175	0.530901	0.0189026	0.0265021	0.0456172	0.0436339	0.0332459	0.00111703	0.00516225
38	0.0785155	0.0112688	0.018973	0.032973	0.0289229	0.0133708	0.0195328	0.0463691	0.107893	0.198569	0.13554	0.024241	0.0513493	0.0379704	0.040057	0.0557064	0.0371602	0.044478	0.00254861	0.0145616
39	0.124883	0.0135532	0.0178445	0.0280312	0.00751887	0.0267116	0.0118602	0.0176988	0.0208021	0.0441031	0.010605	0.0281689	0.394109	0.0436225	0.0181101	0.0908571	0.0651857	0.0306607	0.000644599	0.00502967
40	0.0261234	0.0153678	0.00395484	0.00513308	0.0772349	0.00643996	0.0111425	0.092198	0.00948815	0.454748	0.102481	0.00829941	0.00633557	0.0217435	0.00606814	0.0230594	0.0410576	0.0642503	0.00242035	0.0224545
41	0.0322947	0.00602406	0.0196358	0.039348	0.00527781	0.0107761	0.0265766	0.00851785	0.403335	0.0271945	0.00710027	0.0425557	0.0109289	0.0541194	0.224314	0.0467823	0.0155894	0.0100977	0.00283855	0.00669325
42	0.0207211	0.0220382	0.00519519	0.00920169	0.214317	0.00301425	0.0920208	0.012633	0.00383119	0.0395722	0.0279075	0.0203373	0.00128797	0.0314272	0.00564021	0.0275417	0.0203917	0.028463	0.0184452	0.396013
43	0.0168257	0.0074268	0.0016737	0.00164478	0.0343079	0.00283996	0.00286283	0.148712	0.00399087	0.523911	0.124007	0.00504038	0.00229576	0.00852837	0.00335265	0.0105205	0.0184397	0.0747855	0.000466113	0.00836835
44	0.0203986	0.00840188	0.00885123	0.0160187	0.00300633	0.00635102	0.030308	0.00907332	0.34062	0.0167556	0.00165182	0.02633	0.0043603	0.0397519	0.404084	0.0398598	0.00950796	0.00717594	0.00152936	0.00596422
45	0.156079	0.00284726	0.0452979	0.0716127	0.00345868	0.0405617	0.0124407	0.0172964	0.0414521	0.0247925	0.00517123	0.0706706	0.108818	0.0656555	0.0204404	0.17943	0.0917733	0.0390546	0.000235704	0.0029112
46	0.0278114	0.0320883	0.00392929	0.00389672	0.17217	0.00650181	0.124409	0.0145584	0.0185504	0.0791429	0.0510547	0.0153237	0.00356222	0.00773616	0.0122758	0.131068	0.0640494	0.037579	0.00607016	0.188222
47	0.0163802	0.0183968	0.00246141	0.0052144	0.372526	0.00110469	0.014331	0.014159	0.00104973	0.134656	0.0278428	0.00670393	0.00343122	0.00668136	0.000904551	0.0131884	0.00342309	0.00557806	0.0215464	0.33042
48	0.0935147	0.00128725	0.274182	0.117392	0.00970647	0.0812913	0.0306935	0.00291764	0.0464778	0.00374306	0.0015618	0.0772981	0.0883974	0.0316294	0.0170766	0.0654239	0.0400786	0.0032875	0.00366044	0.0103812
49	0.147607	0.00196028	0.0535196	0.0772066	0.00101584	0.0500308	0.0114516	0.0144015	0.0448701	0.0188176	0.00354949	0.0818983	0.0528025	0.0812881	0.0246443	0.197849	0.102272	0.0320064	0.000126632	0.00268142
50	0.0127347	0.00341381	0.00132732	0.00107309	0.0550112	0.00210343	0.0079577	0.0292038	0.00118333	0.613837	0.226653	0.00241685	0.00114312	0.0080799	0.00305694	0.00628697	0.00865792	0.0140458	0.000530589	0.00128338
51	0.0971689	0.0330455	0.00520822	0.057265	0.00828422	0.0322819	0.00853434	0.149765	0.13697	0.0241654	0.0169903	0.0119438	0.00546956	0.0635237	0.0808865	0.0454052	0.052776	0.162625	0.00158851	0.00610249
52	0.016948	0.02241	0.00144257	0.000823512	0.0696225	0.00268119	0.00432757	0.0460037	0.00152426	0.608396	0.157944	0.00320011	0.00144436	0.00696181	0.00174865	0.00739024	0.00906817	0.030006	0.00130521	0.00675226
53	0.627575	0.0181483	0.00381115	0.00269801	0.00220065	0.033202	0.00318781	0.00443923	0.000520044	0.00532208	0.00357888	0.00365802	0.00121707	0.00310333	0.00318189	0.228087	0.0343852	0.0169021	0.000244724	0.00453699
54	0.0080688	0.00322587	0.58232	0.213285	0.00106458	0.0344814	0.00400579	0.00138659	0.00225472	0.00290397	0.00682485	0.0474964	0.00456572	0.0245476	0.00548662	0.0362241	0.00912202	0.00849572	0.000263242	0.00397744
55	0.0342804	0.00745457	0.000983999	0.0004176	0.00724734	0.00262083	0.00112645	0.411589	0.000480323	0.0840491	0.0225145	0.00305569	0.00400566	0.00120662	0.00228355	0.00473675	0.0188687	0.387435	0.00017294	0.00547165
56	0.00376308	0.00343942	0.000975847	0.00024258	0.0232953	0.000410182	0.000308593	0.180715	0.00221823	0.660606	0.0402224	0.000627737	0.00184232	0.0021165	0.00368711	0.00310076	0.00141358	0.0688316	7.13927e-05	0.00211265
57	0.510629	0.0236039	0.00453198	0.00543519	0.00418797	0.0586325	0.00367774	0.0089882	0.00299069	0.009122	0.00608604	0.00679529	0.00421309	0.0045126	0.0030803	0.257666	0.0558572	0.0247362	0.00049368	0.0047596
58	0.0469562	0.0175185	0.000997867	0.001224	0.0166001	0.00212802	0.00226918	0.336846	0.00118048	0.123501	0.027314	0.00330782	0.00534755	0.00306848	0.00241122	0.00806597	0.0268275	0.36812	0.000657083	0.00565872
59	0.00790958	0.00419405	0.00105434	0.000438783	0.0242046	0.000910599	0.00060224	0.212371	0.00194323	0.583028	0.0389102	0.0010341	0.00322573	0.00221611	0.00344356	0.00401396	0.00504077	0.102084	0.000495914	0.00287978
60	0.616287	0.0223836	0.00153298	0.002836	0.00128742	0.114156	0.0012291	0.0045807	0.000484218	0.00408409	0.0032921	0.00172683	0.000864292	0.00194956	0.00149682	0.186647	0.0181896	0.0153525	9.50162e-05	0.00152452
61	0.0462181	0.0162999	0.00372288	0.00690752	0.0243974	0.00589048	0.00877055	0.102402	0.0126288	0.355965	0.181103	0.00982974	0.00577926	0.0188317	0.00848242	0.0311914	0.0790746	0.0698537	0.00187702	0.0107746
62	0.332799	0.0218883	0.00850166	0.0102959	0.00518992	0.0861864	0.00370552	0.0158396	0.00970704	0.010299	0.00919883	0.0134545	0.00771809	0.0100753	0.00479069	0.247005	0.160986	0.0371241	0.00066528	0.00457077
63	0.0804322	0.0554685	0.0238344	0.00556938	0.031853	0.0224134	0.0144027	0.104858	0.0239878	0.103328	0.094004	0.0967075	0.00598122	0.0636332	0.0202186	0.0186849	0.0454646	0.0598937	0.00121607	0.128049
64	0.165536	0.132261	0.00195964	0.00605436	0.00988204	0.0259483	0.00254404	0.0276983	0.00222982	0.0237961	0.0131358	0.00662893	0.00472932	0.00406375	0.0024896	0.309151	0.183938	0.0655925	0.000582063	0.0117791
65	0.00444815	0.00321415	0.00120172	0.00049553	0.0266062	0.000504334	0.000728166	0.175995	0.00246841	0.65875	0.0409969	0.000665375	0.00203749	0.00268785	0.00418392	0.00359414	0.00328042	0.0654428	0.000134348	0.00256546
66	0.0327377	0.00253496	0.0196924	0.0390019	0.00511995	0.0129235	0.0311005	0.00423601	0.407897	0.0216308	0.00415997	0.0445128	0.00650755	0.0671297	0.227274	0.0483909	0.00987185	0.00622032	0.00249133	0.00656706
67	0.00677751	0.0199875	0.000743363	0.00911122	0.273703	0.000658112	0.0584374	0.0099712	0.000617747	0.0107753	0.00250493	0.0157814	0.000539342	0.015514	0.000650574	0.00806758	0.00549015	0.00657446	0.0277503	0.526345
68	0.0508425	0.107459	0.00313809	0.00309959	0.00664015	0.00765072	0.0168483	0.0118479	0.125469	0.0556942	0.00754324	0.00846337	0.00908867	0.0793049	0.38815	0.0408474	0.0363032	0.0346871	0.00114946	0.00577405
69	0.0119142	0.00326417	0.00112737	0.000794616	0.0381791	0.00311472	0.00240292	0.159145	0.00435551	0.54449	0.117203	0.00403662	0.00139488	0.0098855	0.00252215	0.0102334	0.0105521	0.0643505	0.000137964	0.0108962
70	0.0602763	0.00893924	0.00854004	0.0455965	0.0251412	0.0044247	0.027781	0.071378	0.0770361	0.208568	0.0631246	0.0288978	0.00426631	0.101296	0.0569585	0.0723106	0.0635331	0.0545917	0.000356464	0.0169835
71	0.230123	0.0742647	0.00156036	0.00900619	0.00165249	0.336354	0.00682101	0.00433474	0.0150758	0.00987272	0.0138546	0.0168474	0.00219505	0.00899588	0.00176479	0.22911	0.0270589	0.00795677	0.000477414	0.00267297
72	0.0900047	0.00116972	0.294213	0.119509	0.00923	0.0721328	0.032305	0.00254971	0.0444202	0.00349586	0.00139769	0.0773614	0.0837729	0.0287763	0.0167299	0.0664122	0.0383973	0.00303351	0.00390361	0.0111847
73	0.0229079	0.00397669	0.0013972	0.00103805	0.0792843	0.00271829	0.00214313	0.270256	0.00222942	0.366411	0.0374862	0.00223549	0.0279865	0.00306424	0.00203259	0.0101925	0.0100446	0.141906	0.00760646	0.00508357
74	0.21935	0.0305374	0.0623756	0.0426093	0.00708797	0.139219	0.00683329	0.0427229	0.0307388	0.0233115	0.0169142	0.0432457	0.00979296	0.0128949	0.0106204	0.112072	0.0446733	0.135739	0.00115807	0.00810465
75	0.0407903	0.00415959	0.15057	0.0893409	0.026354	0.0336264	0.0493549	0.040473	0.0385133	0.0740347	0.0135851	0.0805876	0.0417119	0.0428731	0.00605598	0.152625	0.0396963	0.0510881	0.000909705	0.0236501
76	0.0125249	0.0254171	0.0019191	0.00801254	0.286869	0.0022236	0.045757	0.0115913	0.00204746	0.047755	0.0135635	0.0143188	0.00153174	0.0133202	0.0021286	0.0150848	0.00884381	0.00847438	0.0345171	0.444101
77	0.063048	0.000934311	0.000399028	0.000810473	0.000552481	0.871304	0.000560109	0.000780973	0.00049809	0.00418525	0.00122784	0.00706123	0.000360216	0.000643199	0.00357215	0.0338464	0.00417175	0.00119201	0.00376539	0.00108683
78	0.00971563	0.0185901	0.00529747	0.0120629	0.228002	0.00310846	0.10115	0.0101734	0.00339187	0.0259209	0.0127995	0.0283132	0.000967737	0.0441874	0.0056585	0.0136968	0.0094914	0.0114169	0.0221328	0.433922
79	0.0379625	0.00264759	0.15067	0.566627	0.00505897	0.0141267	0.0067405	0.0112925	0.0271514	0.0139771	0.00500109	0.0191517	0.0260478	0.0309726	0.00633535	0.0247951	0.0216118	0.0246855	0.000606126	0.00453881
80	0.00811883	0.0198163	0.000987215	0.00859472	0.286545	0.000771303	0.0525277	0.0103041	0.000698091	0.0265891	0.00603184	0.0144779	0.000927912	0.0142181	0.000733805	0.00877614	0.00523637	0.00675449	0.0266049	0.501286
81	0.0309706	0.0215338	0.00174738	0.00152267	0.0165132	0.00158128	0.00152249	0.315318	0.00158656	0.200577	0.0453531	0.00294948	0.00243653	0.00318108	0.00189658	0.00462242	0.0417553	0.298569	0.000189994	0.00617299
82	0.0186902	0.00621753	0.0133593	0.0151719	0.00380272	0.00608057	0.0263943	0.00837786	0.320009	0.0162253	0.00236824	0.0508908	0.00480659	0.0356999	0.390796	0.051266	0.0158276	0.00714522	0.00119528	0.00567474
83	0.0272048	0.00866602	0.010712	0.0234401	0.0359393	0.0189186	0.359061	0.00541699	0.0265943	0.02996	0.0057202	0.107828	0.0119711	0.0919252	0.090306	0.0700003	0.00941654	0.00948171	0.00629696	0.0511405
84	0.00684965	0.00459876	0.00113046	0.000485384	0.0265375	0.000694523	0.000779561	0.198258	0.00236719	0.607852	0.0411323	0.00103457	0.00298303	0.00265799	0.00364115	0.004054	0.00499155	0.0863073	0.000574954	0.00307061
85	0.313952	0.0348101	0.00204825	0.0168211	0.00580767	0.0446065	0.00215614	0.0296351	0.000998289	0.0181483	0.00572363	0.00569831	0.00785045	0.00632418	0.00332294	0.31427	0.105473	0.0760527	0.000189484	0.00611201
86	0.283434	0.016313	0.0213619	0.0173839	0.0220174	0.132784	0.0120641	0.0354982	0.0120429	0.0446162	0.0519914	0.0438499	0.00870954	0.0151721	0.00907566	0.12847	0.0830624	0.0330111	0.00129472	0.0278472
87	0.0503931	0.0135828	0.0661975	0.171509	0.00364938	0.0264779	0.0271528	0.0091969	0.168069	0.0226613	0.018366	0.0592533	0.00364465	0.152464	0.126512	0.0337986	0.0264926	0.0106515	0.00182078	0.00810785
88	0.0271407	0.01357	0.00217113	0.000633142	0.0109711	0.00174472	0.00111585	0.383854	0.000725119	0.174332	0.031153	0.00300929	0.00315408	0.00182338	0.00160381	0.00380654	0.023511	0.308409	0.000289832	0.0069823
89	0.2563	0.0339114	0.00186931	0.0221269	0.00606858	0.0631444	0.00217364	0.0402641	0.00180162	0.0270449	0.00580465	0.00659933	0.0119758	0.00767304	0.00367542	0.292387	0.10096	0.109909	0.000357848	0.0059537
90	0.0412438	0.000764022	0.14831	0.374897	0.000891531	0.0207972	0.00688857	0.0133262	0.059408	0.0268893	0.0206708	0.037702	0.00105367	0.09313	0.0137577	0.0472487	0.0460841	0.044043	0.000140219	0.00275434
91	0.0641095	0.00270596	0.1074	0.295038	0.00468591	0.0178259	0.022189	0.022954	0.056551	0.0383688	0.029303	0.037884	0.00497926	0.104279	0.0181471	0.0547375	0.0548546	0.056655	0.000329442	0.00700308
92	0.00703279	0.0198051	0.00080333	0.00894334	0.276322	0.000682767	0.0570905	0.0104268	0.000633959	0.0144954	0.00334732	0.0154086	0.000624083	0.0151796	0.000642376	0.00819832	0.00540376	0.00645636	0.0278729	0.52063
93	0.0412121	0.000751317	0.14962	0.375209	0.00089714	0.0207182	0.0067562	0.0133977	0.0592106	0.0266829	0.0205409	0.0380027	0.00107476	0.0923817	0.0137465	0.0472192	0.0459685	0.0436906	0.000139088	0.00278118
94	0.030333	0.00673784	0.00114911	0.000387462	0.00598773	0.00230237	0.00104028	0.428118	0.0005132	0.102192	0.0208001	0.00327396	0.00407437	0.00122002	0.00211013	0.00453488	0.0157372	0.36324	0.000202457	0.00604668
95	0.0336876	0.00612581	0.000981796	0.000386581	0.00513319	0.00259607	0.00109358	0.422879	0.00043933	0.0802889	0.0196721	0.00315799	0.00428173	0.00111682	0.0023873	0.00454841	0.0153726	0.389783	0.000181498	0.00588695
96	0.152008	0.00334034	0.0464002	0.0725994	0.00273582	0.0422262	0.013639	0.0162217	0.0446123	0.0226089	0.00447315	0.0723941	0.0990133	0.0709757	0.0226347	0.183782	0.0942881	0.0328526	0.000258904	0.00293601
97	0.00685753	0.0199339	0.000771581	0.00909768	0.275396	0.000647898	0.0577337	0.0100156	0.000624307	0.0124326	0.0028781	0.0156069	0.000600847	0.0154004	0.000654422	0.00810591	0.00544203	0.00655439	0.0276407	0.523606
98	0.0151291	0.0376361	0.058232	0.0333452	0.106851	0.00933847	0.124103	0.00948419	0.00863127	0.0952859	0.0498163	0.140631	0.0039563	0.10949	0.0132473	0.0346352	0.0166459	0.0224386	0.00561366	0.105489
99	0.0364272	0.0321711	0.00146861	0.00157032	0.0239518	0.00101463	0.0020963	0.252291	0.0020154	0.26938	0.0474822	0.00304222	0.00359176	0.00418417	0.00159343	0.0071135	0.0413253	0.26256	0.000688934	0.00603226
100	0.0738636	0.00522576	0.0372401	0.121966	0.00399823	0.0265837	0.0297429	0.00555925	0.267118	0.0110896	0.00823747	0.0568187	0.00157298	0.140117	0.0744977	0.0739718	0.0523607	0.00480483	0.00122039	0.00401222
101	0.0454571	0.00804391	0.0331814	0.0590303	0.0118764	0.0293878	0.236954	0.00842863	0.0869585	0.0297857	0.00764271	0.10743	0.0187274	0.083145	0.0756354	0.0839	0.0204155	0.0116188	0.00680653	0.0355746
102	0.0483079	0.0201868	0.0299555	0.0207568	0.00974624	0.0635323	0.147637	0.0043742	0.0399528	0.018017	0.00591492	0.226683	0.00778551	0.0728311	0.0606277	0.158388	0.0290745	0.00875164	0.00398955	0.0234877
103	0.297784	0.0123856	0.051244	0.0332969	0.00541882	0.160735	0.00690941	0.0134173	0.0122123	0.0219934	0.0204335	0.0370706	0.010201	0.0281155	0.00957224	0.163906	0.0733811	0.0274364	0.00109785	0.0133897
104	0.0345538	0.00188801	0.16201	0.507695	0.00461577	0.0150801	0.00680168	0.0227554	0.0352389	0.0226128	0.0108325	0.0260832	0.0108459	0.0434311	0.00984124	0.0290795	0.0273503	0.023551	0.000741797	0.00499138
105	0.262762	0.0302057	0.00943789	0.0270302	0.0214558	0.0175175	0.0731554	0.0478108	0.00588508	0.0203646	0.0125803	0.00841109	0.128255	0.0228778	0.00408599	0.107343	0.110016	0.0700007	0.00112963	0.0196765
106	0.0164846	0.00229219	0.479784	0.293924	0.00183388	0.0308788	0.00501322	0.00353807	0.00938337	0.0035399	0.00567197	0.0410888	0.00917322	0.0293875	0.0069737	0.0323725	0.0156254	0.00809948	0.000440701	0.00449515
107	0.40283	0.0204303	0.000939839	0.00339499	0.000955768	0.391398	0.00137173	0.00386772	0.00265343	0.00479524	0.00607573	0.00476949	0.00118073	0.00282771	0.00167945	0.126931	0.0132821	0.00811074	0.00128244	0.00122423
108	0.0602458	0.0305057	0.000727893	0.000686298	0.0105781	0.00184161	0.0020031	0.281178	0.000847029	0.105237	0.0152705	0.00297933	0.00413005	0.00323565	0.00175514	0.0125471	0.0202436	0.442256	0.000207855	0.00352423
109	0.044477	0.00402717	0.440452	0.200598	0.00411896	0.0378569	0.0119874	0.0048134	0.0174576	0.0065784	0.00722406	0.0700811	0.0198177	0.0292698	0.0120063	0.0485227	0.0214976	0.0113597	0.00113847	0.00671551
110	0.0139679	0.00370742	0.0012401	0.000567383	0.0692387	0.002111	0.00224233	0.212964	0.00202863	0.502813	0.0441161	0.00168751	0.0166604	0.00315135	0.00242623	0.00699382	0.00760093	0.0961584	0.00427443	0.00605065
111	0.0668216	0.156541	0.00236293	0.00188141	0.0346555	0.0095793	0.00410018	0.0600321	0.00306527	0.361009	0.114438	0.00837098	0.0035908	0.00592751	0.00387558	0.0418203	0.036521	0.0697319	0.00356475	0.0121117
112	0.0300051	0.00993739	0.00152855	0.00271998	0.0288606	0.00503765	0.00746958	0.152667	0.00940849	0.400081	0.164342	0.00803519	0.00310366	0.0201935	0.00509986	0.0343409	0.0366659	0.0643977	0.000676658	0.0154289
113	0.0259479	0.00058945	0.171757	0.633092	0.00270398	0.0133812	0.0037943	0.00624896	0.0264722	0.00593877	0.00260009	0.0179662	0.013579	0.0294469	0.00479563	0.012019	0.0139727	0.011956	0.000173562	0.00356459
114	0.0334822	0.00929909	0.00122432	0.00107485	0.00714545	0.00321509	0.00135983	0.397591	0.00113639	0.0993559	0.025613	0.00311831	0.00377341	0.00173947	0.00246963	0.00492729	0.0235744	0.374035	0.000181365	0.0056845
115	0.00763257	0.00326999	0.582643	0.214332	0.00105584	0.0354816	0.00389866	0.00116108	0.0018923	0.00284119	0.00663455	0.0466616	0.00462164	0.0250948	0.00524385	0.0359364	0.00876956	0.00860636	0.000263983	0.00395884
116	0.0510687	0.0132177	0.0447367	0.0896868	0.00316575	0.0299032	0.0326955	0.00930286	0.196262	0.0256257	0.022951	0.0661275	0.000782794	0.173025	0.164492	0.0320872	0.0259182	0.00671641	0.00229919	0.00993544
117	0.0273285	0.0164354	0.00198031	0.00377531	0.0225201	0.00223661	0.00242884	0.266195	0.00466709	0.279212	0.0868546	0.0054832	0.00221993	0.00680779	0.00295828	0.00843175	0.0458739	0.205676	0.00036355	0.00855181
118	0.0898552	0.00117065	0.294271	0.120292	0.00919676	0.0719413	0.032299	0.00257589	0.0442738	0.00349994	0.00141044	0.0771443	0.0834928	0.0288388	0.0167034	0.0664638	0.038421	0.00304471	0.0038966	0.0112088
119	0.0542284	0.00371946	0.0469518	0.0734742	0.05132	0.00409638	0.0172672	0.0477348	0.0785334	0.186448	0.173606	0.0257943	0.0178785	0.0343823	0.052755	0.0619992	0.0185964	0.0437002	0.000852077	0.00666227
120	0.0132171	0.00578047	0.00118064	0.000323643	0.0171757	0.00109051	0.000605298	0.299155	0.00149902	0.421302	0.0334665	0.00181752	0.0031921	0.00155726	0.00265293	0.00351349	0.00953694	0.17864	0.000338488	0.00395485
121	0.0911259	0.00250027	0.0454147	0.0762445	0.0348556	0.0206611	0.0267327	0.0540307	0.0509469	0.128118	0.034764	0.0428386	0.0847173	0.0450449	0.0121139	0.115265	0.0517444	0.0663292	0.000577952	0.0159735
122	0.0469114	0.0320535	0.0512155	0.00634868	0.00920894	0.0116449	0.0116856	0.0583583	0.00905544	0.0161772	0.0115016	0.28904	0.00803322	0.0107891	0.0311522	0.144468	0.15433	0.0892716	0.00181042	0.00694446
123	0.00677751	0.0199875	0.000743363	0.00911122	0.273703	0.000658112	0.0584374	0.0099712	0.000617747	0.0107753	0.00250493	0.0157814	0.000539342	0.015514	0.000650574	0.00806758	0.00549015	0.00657446	0.0277503	0.526345
124	0.147607	0.00196028	0.0535196	0.0772066	0.00101584	0.0500308	0.0114516	0.0144015	0.0448701	0.0188176	0.00354949	0.0818983	0.0528025	0.0812881	0.0246443	0.197849	0.102272	0.0320064	0.000126632	0.00268142
125	0.025396	0.00784666	0.0103119	0.0330318	0.00402676	0.00582541	0.0273328	0.0100112	0.384704	0.0237228	0.00382175	0.0273909	0.0195853	0.037339	0.31417	0.0346754	0.0110439	0.010055	0.00374774	0.00596192
126	0.125006	0.0190563	0.00300561	0.0047214	0.0136788	0.00412137	0.00714432	0.176395	0.00977263	0.0970325	0.0337071	0.00712914	0.0136984	0.0153284	0.00488353	0.0549921	0.111819	0.292561	0.000698615	0.00524815
127	0.184092	0.147101	0.00303905	0.00979243	0.0166266	0.0395328	0.00335674	0.0508029	0.00648329	0.0907321	0.0416462	0.0103234	0.00997364	0.00892798	0.00369722	0.16068	0.0979314	0.106837	0.00160572	0.0068189
128	0.0300067	0.00965978	0.00919759	0.0174574	0.0376728	0.0115345	0.103995	0.027463	0.0353519	0.17661	0.026216	0.0927215	0.00647013	0.096449	0.0922505	0.0985319	0.0287005	0.0443885	0.00329105	0.0520324
129	0.00976601	0.0203841	0.00146898	0.00904521	0.270017	0.00185085	0.0580233	0.0106127	0.00140351	0.0198234	0.00593755	0.0162193	0.0010006	0.0169633	0.00264521	0.0117637	0.00734376	0.00778956	0.0269219	0.50102
130	0.0225349	0.012162	0.00120572	0.00126596	0.0305584	0.00164668	0.00281797	0.162872	0.00297231	0.53937	0.0868599	0.0036561	0.00301943	0.00595697	0.00288173	0.0111355	0.0206524	0.0809932	0.00056996	0.00686856
131	0.0501494	0.00755943	0.00548926	0.0195196	0.0295253	0.00308246	0.008824	0.223517	0.0252246	0.199978	0.0672619	0.00357835	0.00100476	0.0275648	0.0135937	0.0352727	0.121324	0.147969	0.00022834	0.00933328
132	0.132245	0.00912762	0.0420446	0.0524608	0.00211758	0.054194	0.0162135	0.0111664	0.0428489	0.0155774	0.00421565	0.128602	0.0383717	0.0733874	0.0204339	0.243611	0.0868688	0.0230024	0.000483875	0.00302753
133	0.114947	0.324777	0.00262176	0.00292931	0.0348292	0.0174001	0.00378366	0.026362	0.00401314	0.125099	0.101401	0.0167194	0.00286557	0.00459856	0.00378396	0.0960253	0.0606668	0.0482935	0.00177892	0.00710486
134	0.286905	0.0545905	0.00158393	0.0105466	0.0124219	0.0416599	0.00323084	0.0298618	0.00141084	0.0171637	0.00748791	0.00703642	0.00802411	0.00444128	0.00238199	0.304085	0.113741	0.0810157	0.000339085	0.0120723
135	0.0711457	0.00457238	0.0514594	0.0100266	0.00593478	0.00791727	0.0281801	0.0247449	0.185075	0.0139417	0.00657654	0.153353	0.107759	0.046322	0.0747191	0.125317	0.0132157	0.0447799	0.00165228	0.0233077
136	0.017175	0.0183266	0.00265259	0.00510131	0.380287	0.00114295	0.0115256	0.0130696	0.00110729	0.144585	0.0298054	0.00636531	0.00379529	0.00639819	0.000964235	0.0137177	0.00331319	0.00578235	0.0215922	0.313293
137	0.0591771	0.0413557	0.00145663	0.00317098	0.0122591	0.0029004	0.0105442	0.100674	0.0160044	0.429615	0.0890979	0.00785886	0.00435739	0.0136227	0.0150946	0.039767	0.0530323	0.0852869	0.00181356	0.0129107
138	0.22885	0.0124969	0.0217786	0.0307391	0.0112069	0.0187872	0.020268	0.0416634	0.0116974	0.0509781	0.0117577	0.0206228	0.153432	0.0157434	0.00449899	0.144861	0.0843145	0.109124	0.000699106	0.00648035
139	0.0807293	0.00120406	0.310573	0.141608	0.0088465	0.0673266	0.0295922	0.00301856	0.0391296	0.00339744	0.00201647	0.0726339	0.0736047	0.0293862	0.0166689	0.0649245	0.0367547	0.0033381	0.00424008	0.0110069
140	0.0947704	0.0101292	0.00603939	0.0279566	0.0114	0.0508864	0.00699021	0.0247417	0.0182424	0.121486	0.0156864	0.0180502	0.359019	0.0310138	0.0234616	0.0557985	0.0844548	0.0334976	0.000869924	0.00550619
141	0.00849469	0.00302844	0.566192	0.231183	0.00111989	0.0342003	0.00375998	0.00144173	0.00226562	0.00294277	0.00654766	0.0441385	0.00501334	0.0266235	0.00543725	0.0350046	0.009735	0.00862061	0.000261645	0.00398943
142	0.0528065	0.0123709	0.00322203	0.0082984	0.0526397	0.00221869	0.00827167	0.233064	0.0100876	0.23074	0.0777425	0.00332851	0.00683172	0.0147513	0.00657602	0.0172267	0.0808216	0.164063	0.00194073	0.0129978
143	0.0209541	0.00438273	0.00151487	0.00190148	0.0423578	0.00525496	0.00509152	0.143667	0.00601348	0.431301	0.175297	0.00802886	0.00181119	0.0159483	0.00324155	0.0184844	0.0209641	0.0683088	0.00048939	0.0249875
144	0.0491166	0.0129365	0.0479645	0.0939718	0.00307318	0.0296663	0.0323011	0.00855789	0.202963	0.0229968	0.0194482	0.0656072	0.000740134	0.172075	0.167332	0.0297536	0.0238827	0.00587001	0.00226924	0.00947381
145	0.0720206	0.0521889	0.0025204	0.0117621	0.0500625	0.0156882	0.00358907	0.0886293	0.00323689	0.117258	0.0111322	0.00423452	0.00697278	0.00418239	0.00221149	0.0301906	0.150885	0.358067	0.0121482	0.00301878
146	0.242202	0.042794	0.00249426	0.010278	0.0079407	0.0331807	0.0027093	0.0675178	0.00410115	0.0282298	0.0172675	0.0117758	0.00516566	0.00765799	0.00276412	0.217739	0.139216	0.14899	0.000498428	0.00747814
147	0.036145	0.0571592	0.00240585	0.00228093	0.156188	0.00671078	0.07132	0.0182592	0.00829302	0.10887	0.0615155	0.00910415	0.00228751	0.00464305	0.015987	0.092074	0.0537531	0.053987	0.0131013	0.225915
148	0.0322367	0.00541877	0.00486049	0.00401157	0.0528512	0.00725773	0.0165446	0.147669	0.012721	0.381881	0.106296	0.00569332	0.00797401	0.0351542	0.00559778	0.0212427	0.0462165	0.0788977	0.00163836	0.0258366
149	0.0258301	0.03025	0.00262157	0.00437661	0.336606	0.0023942	0.0168367	0.0132471	0.00169913	0.140712	0.0348855	0.00696562	0.00358702	0.00578932	0.00308383	0.0260377	0.0107626	0.0121459	0.0220129	0.300157
150	0.0188053	0.0273564	0.00101713	0.00699361	0.00441051	0.0101526	0.0284596	0.0973945	0.0901529	0.357498	0.0748683	0.0156307	0.00160427	0.0477294	0.0604428	0.0415498	0.0540541	0.0337941	0.000282845	0.0278027
151	0.0297261	0.00115326	0.0152864	0.0327941	0.00469363	0.00951906	0.0280569	0.003529	0.45963	0.0206711	0.00161219	0.0388951	0.00944748	0.0459669	0.229633	0.049478	0.00736086	0.00504563	0.00275412	0.00474738
152	0.0213569	0.0210062	0.0219897	0.027117	0.0979779	0.00887076	0.148959	0.00822265	0.00751558	0.0870943	0.0647447	0.0628848	0.0020755	0.144451	0.0137285	0.022486	0.0197411	0.0417813	0.00755982	0.170438
153	0.592323	0.0285422	0.00294321	0.00335023	0.00294212	0.0592814	0.00342874	0.00628366	0.00182921	0.00742678	0.00439896	0.00509795	0.00197709	0.00379648	0.0030981	0.213641	0.0355015	0.0197141	0.000210183	0.00421384
154	0.0205358	0.00175189	0.000871339	0.00137627	0.0372494	0.00513722	0.00343086	0.156845	0.0040348	0.414661	0.200641	0.00810511	0.000923565	0.0134584	0.00206315	0.0146673	0.0201521	0.074407	0.000220782	0.0194675
155	0.0474944	0.0216111	0.00394821	0.0162385	0.0170492	0.00364711	0.0360781	0.055165	0.11898	0.135608	0.0474038	0.0322984	0.00634332	0.0935925	0.138125	0.0663864	0.0681219	0.0749309	0.00043643	0.0165415
156	0.0398992	0.0378876	0.00135673	0.00111645	0.0216437	0.000958278	0.00128939	0.249134	0.00102313	0.249187	0.0341115	0.00259797	0.00302965	0.00277843	0.000847756	0.00707609	0.0390801	0.302055	0.000550222	0.0043778
157	0.434202	0.0147743	0.0267737	0.0172729	0.00577416	0.0789306	0.00507601	0.0182956	0.00829416	0.0312991	0.0225386	0.0299898	0.0161128	0.0115178	0.00556043	0.156003	0.0598929	0.0481631	0.000554315	0.0089743
158	0.00543985	0.00554199	0.000952427	0.000326681	0.0253361	0.000603329	0.000467363	0.175897	0.00292273	0.646966	0.0462872	0.0010446	0.00180154	0.00322955	0.0033471	0.00406152	0.00276305	0.0701922	0.000145987	0.00267452
159	0.0290793	0.0129443	0.0033381	0.00670744	0.0161389	0.00344938	0.0200295	0.0395152	0.213706	0.127404	0.059681	0.0133924	0.0119273	0.0922761	0.1726	0.0438946	0.0398388	0.0768893	0.000798511	0.0163902
160	0.00726048	0.00482497	0.000932103	0.000267953	0.0239248	0.000578812	0.000786547	0.173068	0.00201566	0.647151	0.051077	0.00159183	0.0025999	0.00264261	0.00334946	0.00474718	0.0039492	0.0663822	0.000157755	0.00269271
161	0.118175	0.00431655	0.017303	0.00645669	0.00654819	0.00576649	0.0418698	0.0660639	0.0059551	0.214872	0.00776271	0.0210429	0.0689137	0.0418723	0.00399932	0.116675	0.0706914	0.163406	0.00136591	0.0169438
162	0.0316292	0.00607238	0.00385908	0.0395742	0.013497	0.0106146	0.00548797	0.257541	0.0419011	0.151682	0.115681	0.0113289	0.00160243	0.0309628	0.0153223	0.0160489	0.0909469	0.149625	0.000463861	0.00615992
163	0.0258187	0.0354327	0.00131382	0.00206048	0.00794316	0.00263895	0.0261136	0.024547	0.186443	0.0928515	0.0202614	0.0112456	0.0154345	0.0968252	0.286889	0.0486958	0.0455498	0.0601183	0.000602363	0.00921548
164	0.0440375	0.0105031	0.0376428	0.0817294	0.00357602	0.0255367	0.0277262	0.0080922	0.245334	0.028528	0.0194659	0.0628109	0.00236262	0.153634	0.174802	0.0285773	0.0252996	0.00593203	0.00326773	0.0111413
165	0.049024	0.00629737	0.0939131	0.219464	0.00709064	0.0243822	0.0394978	0.0168379	0.0918904	0.0302116	0.0177765	0.0481347	0.0109339	0.160814	0.0548777	0.0493403	0.0368119	0.0243902	0.00175606	0.0165553
166	0.0113924	0.00298671	0.00111309	0.00072245	0.0515774	0.00222998	0.00706815	0.0433443	0.00106455	0.603707	0.224166	0.00237853	0.00101046	0.00780316	0.00260253	0.0061635	0.00897402	0.0188471	0.000377666	0.0024712
167	0.612072	0.0228871	0.00157421	0.00351551	0.00118031	0.127137	0.00107775	0.00457983	0.000603158	0.0037199	0.00379124	0.00162759	0.00109044	0.00247381	0.00133149	0.178793	0.017162	0.0139475	0.000107685	0.00132875
168	0.0178901	0.0186756	0.00266695	0.00471386	0.38649	0.00117513	0.00854932	0.0139036	0.001147	0.155198	0.0322189	0.00567854	0.00402705	0.00570791	0.00103382	0.0144573	0.00326385	0.00589248	0.0213401	0.295971
169	0.0210276	0.00162659	0.00096228	0.00136603	0.0368858	0.00528192	0.00378171	0.161015	0.00437755	0.406722	0.200704	0.0081601	0.00101598	0.0143745	0.00210097	0.0152553	0.0206977	0.0744795	0.000217938	0.0199466
170	0.0412944	0.0425407	0.00115851	0.00100269	0.0178488	0.000972994	0.00201994	0.226908	0.00183838	0.30737	0.0370769	0.00366348	0.00342131	0.00608594	0.00136746	0.0115055	0.0323079	0.256893	0.000391124	0.00433251
171	0.601153	0.0194239	0.00124403	0.00301384	0.000963483	0.158076	0.000976397	0.00442234	0.000736135	0.00324239	0.00397412	0.00143596	0.000972583	0.00218928	0.00102394	0.166848	0.0164119	0.0126823	0.000103572	0.00110692
172	0.0813194	0.022765	0.0120017	0.0150848	0.0481345	0.0197768	0.0191442	0.018545	0.049683	0.0443429	0.0207022	0.0290489	0.0549656	0.168761	0.186624	0.12184	0.0451145	0.0274585	0.00220476	0.0124831
173	0.086418	0.00849258	0.0167117	0.0454063	0.0246385	0.00626928	0.0314468	0.0539674	0.0726834	0.122494	0.0700996	0.0627268	0.00635548	0.0969093	0.0568739	0.0929492	0.0618348	0.0578853	0.000610909	0.0252271
174	0.0336569	0.000597331	0.229794	0.465061	0.00264176	0.0160329	0.00632958	0.0126764	0.0329224	0.00912369	0.00778254	0.0391708	0.00745178	0.0436738	0.012862	0.0291958	0.0321037	0.0141068	0.000276376	0.0045405
175	0.0471658	0.039999	0.0012537	0.000973438	0.0183646	0.000777665	0.00227255	0.230661	0.00144627	0.298337	0.0424437	0.00328841	0.00300672	0.00344634	0.00134732	0.0105407	0.0389932	0.250724	0.00037617	0.00458237
176	0.0301917	0.00919756	0.00115828	0.00268772	0.0269663	0.00448353	0.00375217	0.175754	0.00492946	0.375751	0.177571	0.0185315	0.00222371	0.0103009	0.00277957	0.0152938	0.0327171	0.0909553	0.000492229	0.014263
177	0.0899744	0.0268244	0.0388127	0.0248246	0.00979998	0.132355	0.0376043	0.0116841	0.0132994	0.033534	0.0213784	0.0613478	0.00317381	0.0171048	0.0121154	0.342577	0.029721	0.00935275	0.0181436	0.0663725
178	0.0649779	0.0301082	0.0286415	0.0102812	0.00473976	0.124049	0.0559642	0.00559156	0.0206393	0.0100238	0.00458155	0.27794	0.00403665	0.0464762	0.0263727	0.237505	0.02736	0.009029	0.00317069	0.00851144
179	0.241042	0.032002	0.00195853	0.0228185	0.00535765	0.0528621	0.00206437	0.0455402	0.00175375	0.0274036	0.00825219	0.00779422	0.00917848	0.0103174	0.00446775	0.28464	0.11646	0.119883	0.000307315	0.00589723
180	0.0345011	0.00694283	0.0221191	0.0364754	0.0117833	0.0257567	0.307222	0.00503297	0.066537	0.0375343	0.00384803	0.124771	0.0188723	0.0788715	0.0822353	0.0647079	0.0069757	0.00935419	0.011685	0.0447747
181	0.00344058	0.00303651	0.00104942	0.000227981	0.0243272	0.000415142	0.000297655	0.174694	0.0021284	0.671644	0.040761	0.000612856	0.00185778	0.00205782	0.00386968	0.00321239	0.000914286	0.0634079	7.58618e-05	0.00196954
182	0.0397207	0.0312554	0.0267289	0.00480217	0.014593	0.019346	0.0392804	0.00645541	0.0136563	0.0189685	0.00832093	0.129562	0.0662581	0.0120192	0.0086269	0.380569	0.143302	0.00511324	0.00511873	0.0263036
183	0.0155172	0.0104959	0.0152098	0.0272635	0.0552174	0.0172848	0.234668	0.0104915	0.021118	0.0659781	0.0286447	0.0815929	0.00372932	0.129503	0.0383527	0.0385794	0.0120827	0.0159929	0.0061995	0.172079
184	0.00737719	0.0198198	0.000817304	0.00883727	0.278923	0.000717063	0.0558861	0.0099135	0.000681247	0.0169988	0.00375229	0.0152252	0.000675718	0.0149868	0.000656175	0.00828549	0.00517669	0.00656712	0.0271465	0.517557
185	0.0318119	0.0184932	0.00302316	0.0133829	0.0100946	0.00556033	0.0581267	0.083349	0.0835041	0.252304	0.0650804	0.0297136	0.00354648	0.0718055	0.0895764	0.0498699	0.0558086	0.0525092	0.000307884	0.0221321
186	0.21476	0.00650539	0.0222782	0.0358783	0.0221764	0.0187558	0.0224962	0.0379169	0.0364125	0.0460513	0.0435659	0.10753	0.00628967	0.0154546	0.035021	0.211879	0.0689479	0.016533	0.00154428	0.0300027
187	0.0260106	0.0167127	0.00297599	0.00387228	0.11298	0.00578982	0.00839511	0.128832	0.00467007	0.323889	0.0493003	0.005731	0.00909504	0.00914321	0.00342567	0.0138646	0.0642835	0.190534	0.00260612	0.0178886
188	0.606119	0.0192108	0.00224214	0.00334768	0.0014808	0.144763	0.0011297	0.00573958	0.00103227	0.00411868	0.00492587	0.00236401	0.00137429	0.00275515	0.00128531	0.161332	0.020937	0.0140306	0.000125974	0.00168641
189	0.04779	0.0102858	0.0373458	0.0850258	0.00411305	0.0255788	0.0284115	0.00943363	0.223025	0.0274873	0.022419	0.0618966	0.00427997	0.158291	0.166882	0.0305762	0.032271	0.00811398	0.00543304	0.011341
190	0.0309937	0.000565238	0.202296	0.552117	0.00275016	0.0154479	0.00440975	0.00868627	0.0291324	0.00774546	0.00528693	0.0268824	0.010601	0.0375308	0.00765844	0.0191276	0.02144	0.0129885	0.000175336	0.00416486
191	0.0121504	0.00709301	0.0012989	0.000974985	0.0426121	0.00224679	0.00256167	0.155403	0.00298969	0.574384	0.0795969	0.00281674	0.00320884	0.00622543	0.0031723	0.00807146	0.0124975	0.0732657	0.000833302	0.00859701
