442	20
1	0.0559145	0.000351419	0.227873	0.222882	0.00042107	0.0243996	0.0035954	0.0059671	0.0759784	0.004012	0.000485988	0.116491	0.00361668	0.0345981	0.0086933	0.135772	0.0657499	0.012594	0.000165872	0.000438409
2	0.0190458	0.00622705	0.0161642	0.0266388	0.273024	0.00723624	0.0362616	0.0215033	0.0161438	0.0361337	0.0136041	0.0147384	0.00537647	0.0138042	0.0142774	0.0242207	0.0207018	0.0219848	0.0264024	0.386512
3	0.0177043	0.000706556	0.260811	0.0265788	0.00142654	0.209576	0.0110496	0.00238918	0.0302396	0.00395149	0.0019539	0.169868	0.000817369	0.0227569	0.00829367	0.154236	0.0660227	0.00979536	0.000497488	0.00132601
4	0.210965	0.00121806	0.117539	0.335847	0.00257973	0.0235807	0.00357664	0.00621977	0.0288898	0.00699836	0.00488732	0.0498088	0.00764194	0.0691685	0.0121126	0.0746894	0.0176502	0.0216709	0.000546575	0.00440937
5	0.0558409	0.000351723	0.228114	0.223234	0.000419884	0.0243283	0.00354919	0.00594704	0.0759077	0.00402295	0.000478488	0.116394	0.00361829	0.0345455	0.0086651	0.135722	0.065662	0.0126052	0.000165872	0.000427894
6	0.02371	0.00686731	0.153082	0.0743432	0.00135482	0.0155756	0.00124149	0.00285194	0.00206278	0.00499063	0.00242268	0.129735	0.001138	0.0360003	0.00231948	0.44559	0.0876086	0.0076527	0.00033996	0.00111394
7	0.0152355	0.00655352	0.00207396	0.00393505	0.0457958	0.00106728	0.00236216	0.307497	0.00223195	0.40477	0.0597167	0.00249282	0.000903658	0.00238158	0.00257745	0.00619808	0.00845333	0.116838	0.0017527	0.00716372
8	0.0482563	0.00321454	0.00954066	0.100031	0.0054264	0.0124663	0.00655857	0.0103921	0.261884	0.0107447	0.00836974	0.0423336	0.00647987	0.176798	0.025648	0.0635531	0.18213	0.0155357	0.00185682	0.00878159
9	0.0845563	0.00524734	0.00648684	0.0152585	0.00836472	0.00697843	0.00632187	0.250663	0.0108476	0.0135192	0.00742237	0.0104607	0.00273862	0.0612907	0.00641738	0.175058	0.0516555	0.267413	0.00256924	0.00673028
10	0.020819	0.00849966	0.00900961	0.0139803	0.136358	0.00676346	0.0171941	0.0851523	0.0166029	0.384079	0.0670479	0.00819279	0.00507599	0.0113509	0.0106067	0.0181454	0.0190377	0.0390123	0.010063	0.11301
11	0.0156023	0.0034211	0.0102701	0.168631	0.00627887	0.0535544	0.0081125	0.0096959	0.475342	0.0122535	0.00535756	0.0187303	0.00193917	0.015352	0.118003	0.0226592	0.0278599	0.014393	0.00173289	0.010811
12	0.0272964	0.00203023	0.236954	0.0980927	0.00330866	0.305266	0.00897098	0.00600212	0.0665667	0.00743084	0.00452187	0.0833206	0.00608534	0.0191446	0.0123744	0.0663962	0.0322205	0.00860143	0.00105062	0.00436667
13	0.101638	0.00412336	0.00933943	0.0122495	0.0124045	0.00779823	0.0039774	0.0892065	0.0117428	0.31584	0.059637	0.0102364	0.0965583	0.00944755	0.00809255	0.0233797	0.0422647	0.153597	0.0117603	0.0167071
14	0.0182243	0.000542901	0.209647	0.639245	0.000973306	0.00151466	0.000991207	0.0068007	0.0123397	0.0167688	0.00590944	0.00730209	0.000451345	0.0432657	0.0023719	0.00872689	0.0114328	0.0120782	0.000283556	0.00113019
15	0.173077	0.00137999	0.0279657	0.0368165	0.0128413	0.0601161	0.0349971	0.010193	0.0590493	0.0298103	0.004407	0.0135545	0.363125	0.0284538	0.031928	0.0601698	0.0276882	0.0117404	0.000786244	0.0119014
16	0.0222915	0.0065416	0.000945866	0.00182182	0.0160349	0.00181272	0.00108016	0.452058	0.00307151	0.0860833	0.0132066	0.00245979	0.00101	0.00430651	0.0015555	0.00790101	0.0187627	0.355221	0.00114042	0.00269594
17	0.020142	0.00201124	0.0117909	0.0245344	0.00447085	0.003601	0.0112276	0.00749127	0.289034	0.0189066	0.0155679	0.0288811	0.00465965	0.13907	0.360829	0.0207608	0.0191302	0.0114063	0.00132419	0.0051612
18	0.0384515	0.00511687	0.00698803	0.0115174	0.00307657	0.00367354	0.00248829	0.118931	0.318642	0.103608	0.0700544	0.0123063	0.00116064	0.0401066	0.119676	0.017049	0.0271576	0.0804771	0.0026045	0.0169151
19	0.0351471	0.00721938	0.0157533	0.0414085	0.0138954	0.0104655	0.0201575	0.023551	0.224035	0.0281873	0.0162202	0.0338905	0.0167799	0.0582393	0.317114	0.0484633	0.0465197	0.0224549	0.00340488	0.0170935
20	0.179104	0.00204202	0.0241224	0.0413095	0.0175525	0.0269288	0.0169256	0.0148942	0.0617798	0.0274076	0.00751149	0.0156331	0.375879	0.0188636	0.0287235	0.0655309	0.0383816	0.0222783	0.00189892	0.0132335
21	0.4	0.0107444	0.0013145	0.00249774	0.00632599	0.407406	0.00170812	0.013162	0.00276043	0.0110934	0.00170339	0.00248979	0.000783945	0.00227679	0.00252779	0.103887	0.00798889	0.0169248	0.00139265	0.00301307
22	0.0533108	0.0129371	0.0104158	0.0197655	0.0505966	0.00882527	0.00885939	0.146564	0.0303562	0.151833	0.14724	0.0148788	0.00548311	0.0194103	0.0207849	0.0342837	0.0657905	0.179522	0.00307254	0.0160691
23	0.0293889	0.0111714	0.0143033	0.0185669	0.164589	0.00919666	0.0229599	0.148172	0.0185252	0.0807462	0.0317513	0.015987	0.00847598	0.0173897	0.0129621	0.0302208	0.049105	0.0643008	0.0205169	0.231671
24	0.0247221	0.0122656	0.00206299	0.00262089	0.0763182	0.00353535	0.00168712	0.383354	0.00235982	0.174451	0.0395358	0.00437222	0.000948742	0.00287787	0.00260417	0.00774286	0.0122533	0.234433	0.00300014	0.00885466
25	0.0737696	0.00028768	0.0649616	0.158482	0.0061615	0.0107905	0.0222019	0.00980342	0.247667	0.010144	0.0123706	0.0476412	0.00314603	0.0790552	0.15963	0.0397758	0.0347646	0.0103983	0.000187374	0.00876149
26	0.111941	0.00574646	0.00465177	0.00637759	0.0043359	0.762176	0.00307635	0.00859604	0.00663587	0.00722384	0.0019845	0.00644335	0.00390649	0.00437102	0.00307238	0.0327621	0.0107608	0.0100393	0.00193437	0.00396548
27	0.033126	0.0509889	0.00345034	0.00690613	0.0841373	0.00582706	0.00369955	0.11272	0.0129799	0.35828	0.164063	0.00668039	0.00203733	0.0119494	0.0124998	0.0201479	0.0283056	0.0651467	0.00270364	0.0143521
28	0.124252	0.0359625	0.0099092	0.218957	0.00877193	0.0276715	0.11408	0.00877522	0.0830036	0.0197087	0.00590801	0.142495	0.0024224	0.0975063	0.0146425	0.0305097	0.0255221	0.0189477	0.00179194	0.00916158
29	0.0531008	0.0164059	0.0313334	0.0624453	0.0388945	0.017536	0.229282	0.0233382	0.0556815	0.03205	0.0140467	0.0916147	0.0119403	0.126598	0.0410386	0.0472813	0.0473564	0.0255403	0.00321063	0.0313057
30	0.0707871	0.0605082	0.00820621	0.0121962	0.0292241	0.00899458	0.00462703	0.0368657	0.0172086	0.309689	0.248082	0.00966036	0.00393624	0.0158481	0.0163417	0.0544493	0.0366854	0.0444273	0.00220997	0.010054
31	0.0515363	0.00486776	0.0753659	0.320039	0.0093829	0.0164064	0.0121181	0.0250923	0.0890132	0.0185004	0.0111922	0.0388449	0.00400916	0.0777423	0.0892104	0.0536178	0.0595214	0.0269665	0.00344632	0.0131267
32	0.00848615	0.00163315	0.000326935	0.00058949	0.0113315	0.000344015	0.00115308	0.598314	0.000596882	0.111206	0.0156962	0.00205188	0.000268605	0.00242302	0.000533562	0.00628486	0.00491745	0.232452	9.62509e-05	0.00129539
33	0.0139008	0.00948661	0.00152856	0.0023142	0.0958622	0.00158625	0.00111094	0.314428	0.00131915	0.345462	0.0668535	0.00119763	0.000272389	0.00132288	0.00248948	0.00322584	0.00414635	0.121458	0.00239851	0.00963629
34	0.178986	0.0080829	0.113409	0.0645146	0.00850521	0.0322427	0.011938	0.0191088	0.0314411	0.0175369	0.0140227	0.0745249	0.0127987	0.0270888	0.0215444	0.198681	0.133281	0.0233557	0.00188147	0.00705662
35	0.0163529	0.00347394	0.0645704	0.0193135	0.0390858	0.00790397	0.17066	0.00607566	0.0273841	0.00744987	0.00472916	0.487318	0.00540457	0.0280793	0.0279425	0.0238554	0.0185966	0.00703304	0.00507828	0.0296924
36	0.606196	0.0299834	0.0015631	0.00254456	0.00488785	0.0509409	0.000924514	0.00369717	0.00268862	0.00241893	0.00149131	0.00231822	0.000759473	0.00247618	0.00230261	0.256855	0.011581	0.0112528	0.000762489	0.00435559
37	0.0051076	0.000367967	0.000523544	0.00068554	0.00656055	0.000469334	0.000471601	0.601169	0.00187637	0.0420825	0.0109541	0.00116646	0.00100494	0.00398266	0.000673545	0.00391163	0.0100219	0.307938	0.000173799	0.000858664
38	0.0327706	0.00332614	0.375654	0.157063	0.00709397	0.0314218	0.0141269	0.0113126	0.0421458	0.0115572	0.00678842	0.143872	0.00639363	0.0259569	0.0132879	0.0628945	0.0301698	0.0122863	0.000868854	0.0110099
39	0.0469155	0.00219853	0.135574	0.444586	0.00627523	0.0141643	0.00848521	0.0196783	0.0438537	0.0194465	0.0102669	0.0402062	0.00822209	0.0709803	0.0207776	0.0459497	0.0330217	0.0203639	0.000885147	0.00814945
40	0.408685	0.0572933	0.00410811	0.00714971	0.050183	0.0182102	0.0411016	0.0693007	0.00628093	0.0359941	0.0123292	0.00590011	0.00307632	0.00596246	0.00698109	0.0929584	0.0260824	0.139653	0.0015175	0.00723223
41	0.0439008	0.0119908	0.0050051	0.00756857	0.0166982	0.0047243	0.00332306	0.0374137	0.0378903	0.220018	0.377847	0.00712001	0.00250189	0.0345909	0.0379001	0.038115	0.0524067	0.0499287	0.00196323	0.00909364
42	0.0743722	0.00139792	0.138597	0.0818168	0.00115556	0.111817	0.0186363	0.00513687	0.0645946	0.00561051	0.00828578	0.138514	0.00492194	0.0505249	0.0201348	0.191861	0.0698007	0.00970669	0.000366808	0.00274953
43	0.0320983	0.00143917	0.0862193	0.0587427	0.00258241	0.499543	0.0100311	0.00387669	0.0557371	0.00556121	0.00341746	0.0926945	0.00505825	0.019703	0.0166966	0.0634716	0.0325363	0.00567514	0.00160717	0.00330913
44	0.00831585	0.00117688	0.00202705	0.029793	0.376971	0.0017692	0.16668	0.02088	0.00238931	0.00950006	0.00739782	0.0197065	0.000984063	0.00732549	0.0201472	0.0176197	0.00381282	0.0200227	0.00286104	0.280621
45	0.401968	0.203374	0.00395171	0.00720508	0.00632202	0.140446	0.00403667	0.0160314	0.00634817	0.0110654	0.00576629	0.0386665	0.00211631	0.00622567	0.00577669	0.0466619	0.0671739	0.0200337	0.00182194	0.00500894
46	0.0883547	0.0033326	0.00496051	0.0283187	0.0246264	0.0231181	0.0225148	0.131412	0.0265685	0.026296	0.00588961	0.00919879	0.00185867	0.00899132	0.00636003	0.376733	0.0892621	0.0987989	0.0187478	0.00465697
47	0.0460498	0.0262671	0.000511993	0.000896969	0.0471861	0.00479753	0.000541787	0.333379	0.00076182	0.0586357	0.00478734	0.000993092	0.000369483	0.000865684	0.000743752	0.00219853	0.0161472	0.445398	0.00559117	0.00387783
48	0.0326931	0.00230887	0.00478989	0.0839292	0.00254258	0.00296962	0.00210882	0.0588052	0.0191539	0.0318724	0.0291954	0.00678505	0.00127196	0.0240442	0.0916663	0.213941	0.356269	0.0322639	0.000778145	0.00261179
49	0.00911413	0.00212294	0.000845982	0.00106912	0.005193	0.000831044	0.000634838	0.414722	0.0035047	0.022201	0.00412684	0.00101459	0.00102916	0.00641006	0.000852272	0.00518298	0.0194126	0.499886	0.000617407	0.00122855
50	0.0481829	0.00141213	0.00543243	0.299136	0.00248845	0.00192916	0.00229656	0.110244	0.0562978	0.0273158	0.0147155	0.0149782	0.00126137	0.076985	0.104687	0.109256	0.0376751	0.0723506	0.000722651	0.0126331
51	0.0355568	0.00381001	0.357774	0.169749	0.00520831	0.0331228	0.0138121	0.00959675	0.0404782	0.0123126	0.0073518	0.140903	0.00675807	0.0295385	0.0135676	0.0654347	0.0328956	0.013161	0.00109149	0.00787798
52	0.00385684	0.00115315	0.111355	0.0205057	0.0403369	0.00157912	0.0922745	0.00325199	0.0203748	0.00284509	0.00178028	0.607097	0.00104333	0.0160691	0.0134567	0.0154117	0.00376405	0.00329581	0.00897347	0.0315763
53	0.0235407	0.00123918	0.00634468	0.00303425	0.00109171	0.906582	0.00295062	0.002164	0.00458363	0.00317034	0.00141565	0.00694076	0.000929595	0.00169786	0.00201698	0.018068	0.00544164	0.00262042	0.0024861	0.00368167
54	0.165724	0.0152913	0.0186075	0.0408958	0.0102429	0.0177103	0.0128127	0.0284952	0.0797012	0.0160289	0.0110744	0.0300312	0.0196461	0.0342393	0.193054	0.182456	0.0814118	0.0293168	0.00352359	0.00973696
55	0.0248874	0.00153489	0.00582948	0.00448759	0.00171231	0.901089	0.00306064	0.00221456	0.00694412	0.00359387	0.00126814	0.00572258	0.0028095	0.00190327	0.00254167	0.0171503	0.0039527	0.00298213	0.00240804	0.00390741
56	0.0204053	0.00714101	0.00122709	0.00269175	0.0382246	0.00133092	0.002178	0.486099	0.00206448	0.184693	0.0438884	0.00147541	0.000611963	0.00179179	0.00216012	0.00599383	0.00716683	0.186727	0.000730606	0.0033988
57	0.188259	0.00350097	0.0248723	0.0415116	0.01869	0.027722	0.0184994	0.0123741	0.0489902	0.0278464	0.00625852	0.0150323	0.386716	0.0197956	0.0233863	0.0644219	0.037737	0.0206967	0.00195054	0.0117383
58	0.0222944	0.0239975	0.00238217	0.00306777	0.00239933	0.00280124	0.00180225	0.0854325	0.00271977	0.0405722	0.0220797	0.00258384	0.00542325	0.00291656	0.00262796	0.0110894	0.232643	0.521518	0.000568198	0.0110804
59	0.0114921	0.00175112	0.454207	0.165051	0.00321536	0.181949	0.00522811	0.00550263	0.0532144	0.00732295	0.0041751	0.034185	0.00196673	0.00735791	0.00593634	0.0310757	0.0131955	0.00647327	0.00121969	0.00548129
60	0.0108797	0.00134779	0.0191819	0.0261713	0.0591006	0.00222688	0.00215639	0.288546	0.0388657	0.100326	0.189288	0.00371022	0.0397373	0.0179489	0.00325787	0.0234398	0.0708919	0.0650851	0.016446	0.0213935
61	0.0513266	0.00500615	0.0154503	0.0131963	0.0810517	0.00529692	0.324541	0.011941	0.0175424	0.0132022	0.00793159	0.229534	0.00516605	0.105792	0.0147897	0.0191412	0.0494821	0.0142124	0.00283319	0.0125633
62	0.102874	0.00198104	0.00334789	0.143111	0.00410219	0.00878436	0.0215735	0.00464279	0.167043	0.0085789	0.00399191	0.0199681	0.331508	0.0493437	0.00737855	0.0594437	0.0506248	0.00713627	0.0010589	0.00350744
63	0.0190117	0.00335396	0.00391081	0.00439138	0.00230727	0.00212234	0.00244988	0.119806	0.393236	0.076068	0.0617836	0.00470347	0.00114587	0.0122644	0.160576	0.00726326	0.0200475	0.0937479	0.000878581	0.0109317
64	0.0273776	0.003623	0.00432556	0.00639521	0.0769762	0.00743375	0.00512108	0.00734634	0.00640581	0.00780476	0.00447467	0.0133654	0.150231	0.00618349	0.00573202	0.50565	0.114818	0.00785038	0.0012984	0.0375871
65	0.400177	0.0739801	0.00299233	0.00457123	0.0053911	0.0743168	0.00455925	0.0185066	0.00335944	0.0101707	0.00269259	0.0186634	0.00118935	0.00330687	0.00294978	0.0815501	0.261363	0.0246915	0.0010928	0.00447572
66	0.106198	0.00265316	0.00377213	0.00666788	0.00476047	0.00423073	0.00339932	0.0656303	0.00639372	0.344965	0.0157332	0.00524304	0.0758545	0.00623953	0.00493884	0.0132099	0.0494337	0.234347	0.0226392	0.0236904
67	0.0499625	0.000828436	0.117292	0.461143	0.00567937	0.0111397	0.00271648	0.00517772	0.0339197	0.00959337	0.00726195	0.0441518	0.00162386	0.156708	0.0274215	0.0300285	0.0193973	0.00887675	0.00073631	0.00634235
68	0.0299916	0.00542918	0.00498303	0.0027225	0.00736477	0.00317695	0.0105836	0.178693	0.0146819	0.168087	0.0723535	0.00263285	0.00426349	0.00309204	0.016916	0.0203525	0.192842	0.256007	0.00152337	0.00430348
69	0.124916	0.0158117	0.000856299	0.0046407	0.0273439	0.0033985	0.000753258	0.270606	0.00125097	0.0543969	0.0175484	0.00151384	0.00109594	0.00124232	0.00117758	0.0116145	0.0183454	0.434099	0.00316137	0.0062284
70	0.00778381	0.00570043	0.00302422	0.004133	0.205896	0.00328751	0.0170375	0.00857719	0.00421624	0.549547	0.0647769	0.00367552	0.00171139	0.00384411	0.00441292	0.00758835	0.0065599	0.00590809	0.000934418	0.0913851
71	0.0884383	0.0872256	0.0350835	0.0999564	0.0123558	0.014293	0.010055	0.0300666	0.0291052	0.0216185	0.011727	0.0404946	0.00549402	0.0298968	0.0474769	0.186477	0.198373	0.0383295	0.00288258	0.0106505
72	0.018754	0.00759841	0.00326077	0.0469896	0.00256558	0.00113336	0.000928464	0.22304	0.18079	0.0390887	0.0239761	0.00443542	0.000825299	0.0374118	0.0485615	0.0458184	0.211158	0.0826207	0.000488825	0.0205552
73	0.00917268	0.00360125	0.0010582	0.00324169	0.0348601	0.00100612	0.000940336	0.159929	0.00160923	0.611685	0.10848	0.000784352	0.000701714	0.00108204	0.00208486	0.00213107	0.00713483	0.0434288	0.0023445	0.00472411
74	0.0354961	0.0109256	0.0149986	0.0323467	0.0461476	0.0626853	0.167865	0.0250237	0.0674859	0.0210732	0.0155531	0.0424401	0.0345123	0.0204903	0.123143	0.0491154	0.0565121	0.0261764	0.00520952	0.1428
75	0.394025	0.0229981	0.00911299	0.00850554	0.00720044	0.0231274	0.00370442	0.0144075	0.00902057	0.00942619	0.00850359	0.0227592	0.00400029	0.0114437	0.0126376	0.247704	0.145849	0.0318324	0.00449812	0.00924439
76	0.0306952	0.00158754	0.00571048	0.0047946	0.00167134	0.886421	0.00293065	0.00362773	0.00630049	0.00359883	0.00157272	0.00849617	0.00175436	0.00237103	0.00315886	0.0209425	0.00473461	0.00327686	0.0028396	0.00351553
77	0.0328506	0.00379081	0.00775656	0.00902928	0.00605422	0.803022	0.00595188	0.00714144	0.00996116	0.0101486	0.00384654	0.0102248	0.00233093	0.00594117	0.00762302	0.0256724	0.00963119	0.00948621	0.0191521	0.0103854
78	0.0164964	0.00178516	0.00813781	0.0277198	0.0110209	0.00484064	0.0093568	0.00963352	0.498429	0.0124325	0.00572425	0.0254162	0.0064117	0.0340149	0.265879	0.0209576	0.0214678	0.00914969	0.00436495	0.00676099
79	0.0228931	0.0317931	0.00674696	0.0129854	0.275089	0.00661427	0.0353101	0.0456005	0.0123335	0.0794929	0.0225187	0.00976939	0.00550863	0.0189409	0.0129055	0.022901	0.020323	0.029509	0.0339207	0.294845
80	0.0202958	0.000683334	0.261136	0.0297866	0.00128927	0.206627	0.0125134	0.00229369	0.033228	0.00367622	0.0019717	0.172566	0.000808004	0.025545	0.00854712	0.147764	0.0606756	0.00887157	0.000475289	0.00124658
81	0.187127	0.00234669	0.051739	0.00819869	0.00920846	0.0457946	0.00260458	0.0119147	0.00688448	0.012867	0.0149428	0.131174	0.0128611	0.00997348	0.00876026	0.325993	0.129147	0.0235487	0.00153979	0.00337451
82	0.0198003	0.00542985	0.0140966	0.0218212	0.281111	0.00830809	0.0385284	0.0229737	0.0139785	0.030825	0.0154614	0.0122803	0.00776589	0.0110674	0.0134636	0.0202237	0.0198156	0.0197298	0.0259037	0.397416
83	0.0768878	0.00211728	0.0457921	0.0775168	0.00476419	0.047228	0.0365496	0.0146485	0.137292	0.0131603	0.0157038	0.0566908	0.0317045	0.057339	0.0561263	0.184355	0.108668	0.0229267	0.00103329	0.00949584
84	0.105305	0.00695544	0.00817669	0.0126006	0.142916	0.0092405	0.00672734	0.0234583	0.0523731	0.0341594	0.0658933	0.0132772	0.00374198	0.0121238	0.0111138	0.0197414	0.182955	0.186276	0.00340214	0.0995626
85	0.49297	0.0252779	0.00461517	0.00817682	0.00944013	0.0380535	0.00324218	0.0126539	0.009992	0.00948553	0.00475081	0.0114265	0.00538549	0.00872728	0.00948963	0.26564	0.0444023	0.0257385	0.00245946	0.00807343
86	0.0885314	0.00637441	0.013517	0.0154885	0.0253907	0.471097	0.00888578	0.0391673	0.0205242	0.103228	0.0244202	0.0140181	0.0154742	0.0174236	0.0124531	0.0493596	0.025739	0.0323222	0.00322267	0.0133623
87	0.0215762	0.00079409	0.00668659	0.00444735	0.00301818	0.91075	0.00298223	0.00169001	0.00523146	0.00260519	0.000742794	0.00668251	0.000513207	0.00162711	0.0018307	0.0158782	0.00337944	0.00191163	0.00249131	0.00516203
88	0.0195437	0.00611771	0.00306479	0.00597848	0.0445462	0.0035395	0.00386972	0.163884	0.00905625	0.531922	0.0849956	0.00453397	0.00350251	0.00628146	0.00614118	0.0123212	0.0137386	0.0623281	0.00296723	0.0116685
89	0.0254911	0.00564751	0.0527564	0.0235444	0.043675	0.0160079	0.210268	0.0109139	0.0352222	0.0100873	0.00664958	0.363424	0.0119747	0.0391681	0.0353217	0.0298563	0.0247201	0.0111537	0.00471115	0.0394076
90	0.0305741	0.00213643	0.00531106	0.00489368	0.00102163	0.894358	0.0030511	0.00231917	0.00460964	0.00302504	0.000789444	0.00562384	0.00172881	0.00199644	0.00263418	0.0187808	0.0069765	0.00470495	0.00234114	0.00312403
91	0.042987	0.0128289	0.00463712	0.0101729	0.0379852	0.00491411	0.00403263	0.255021	0.00790487	0.238636	0.04027	0.00515143	0.0058071	0.00772284	0.00711832	0.017291	0.0377252	0.247491	0.00326878	0.00903402
92	0.0261722	0.00481018	0.00432639	0.00239686	0.000883034	0.916176	0.00257607	0.00152509	0.00363688	0.00214421	0.000809554	0.00472167	0.000528946	0.00110554	0.00199545	0.0158416	0.00283861	0.00185286	0.00242549	0.00323349
93	0.228928	0.0385929	0.00249514	0.00412668	0.00411078	0.00341589	0.00267971	0.172153	0.0034641	0.172985	0.0176291	0.00361514	0.00118367	0.00325921	0.0142162	0.235252	0.00691251	0.0813765	0.000923199	0.00268083
94	0.189419	0.0799141	0.0267945	0.0662176	0.00913516	0.0194478	0.00776043	0.0250199	0.0158893	0.0147201	0.0123091	0.0353616	0.00408345	0.0277568	0.0461678	0.212029	0.160808	0.0366518	0.00274161	0.00777398
95	0.146947	0.193913	0.00481354	0.0110758	0.00818575	0.0132171	0.0135741	0.0362119	0.00828284	0.0133781	0.00841886	0.0117192	0.00863814	0.00810132	0.0115386	0.0848398	0.118259	0.291209	0.00184551	0.00583178
96	0.0366353	0.0204144	0.00642879	0.0111587	0.00572773	0.00796618	0.00493998	0.0768735	0.00772688	0.0364014	0.0226328	0.0101409	0.00537165	0.00791924	0.0123378	0.0342077	0.332635	0.348828	0.00135035	0.0103039
97	0.0522074	0.00743137	0.0681526	0.117619	0.00940323	0.0253367	0.0267741	0.0113066	0.166563	0.0180248	0.0151367	0.137864	0.00554027	0.107972	0.0905418	0.0617241	0.0492494	0.0175457	0.00203819	0.00956867
98	0.329083	0.0224026	0.00995423	0.0122101	0.0718435	0.118009	0.00856206	0.0312122	0.0175293	0.0228122	0.0124277	0.0104884	0.00758543	0.0148499	0.0105139	0.167865	0.0382148	0.036629	0.0024571	0.0553501
99	0.169798	0.0127282	0.022233	0.0245503	0.0622945	0.0232281	0.00941088	0.0372905	0.0179266	0.140365	0.0270918	0.0300295	0.0136675	0.0194345	0.016501	0.180573	0.125296	0.0500627	0.00353804	0.0139808
100	0.328883	0.0211518	0.0146791	0.01652	0.00951893	0.0243083	0.00484308	0.0176086	0.0134197	0.0110615	0.00810201	0.0340886	0.00963758	0.0158794	0.0195963	0.263004	0.137878	0.0362431	0.00475299	0.00882469
101	0.0135043	0.00376714	0.0731232	0.370402	0.0027616	0.0062054	0.00589436	0.0377793	0.0805496	0.0134853	0.00631534	0.0213197	0.000437573	0.0432719	0.0449725	0.0925879	0.14344	0.0350655	0.00171129	0.00340546
102	0.043354	0.0227605	0.00227637	0.00342667	0.100621	0.00281884	0.00165989	0.0455374	0.00985941	0.30811	0.198186	0.00563702	0.00178283	0.00759983	0.00481315	0.0100882	0.0895889	0.13155	0.000714424	0.00961508
103	0.009753	0.008618	0.079876	0.362555	0.00218381	0.00408376	0.00427498	0.0572157	0.0873041	0.00882382	0.00455978	0.0245189	0.000774326	0.032161	0.046396	0.0607617	0.140341	0.0625519	0.000948066	0.00229943
104	0.31304	0.0385014	0.00148766	0.0103142	0.00964736	0.0110194	0.00409611	0.129717	0.00217238	0.0444378	0.0225585	0.00381507	0.00225592	0.00420678	0.00237427	0.0344798	0.0501332	0.306718	0.000494417	0.00853081
105	0.00556534	0.00110405	0.0598635	0.299416	0.0288359	0.010983	0.0102392	0.0319987	0.0618949	0.0366169	0.0112642	0.0128435	0.000744483	0.0927148	0.0563149	0.0269072	0.173936	0.023092	0.0242273	0.0314383
106	0.0240944	0.00593768	0.00137149	0.00139254	0.01151	0.00153088	0.0010447	0.349486	0.00299704	0.0270687	0.00416959	0.00126196	0.00108607	0.00711322	0.0010239	0.0152732	0.0249284	0.514569	0.00150732	0.00263332
107	0.00684258	0.00464101	0.00124513	0.0323202	0.00971938	0.00736329	0.103558	0.0163483	0.103035	0.00208046	0.00135497	0.0353696	0.000465483	0.0444522	0.231689	0.0885698	0.272737	0.016164	0.000356706	0.021687
108	0.025617	0.000917924	0.00787891	0.00576348	0.00252731	0.899475	0.0033352	0.00219834	0.0037339	0.00354382	0.000911358	0.00421949	0.000907791	0.00176162	0.00176298	0.0196393	0.00452646	0.00239512	0.00241775	0.00646763
109	0.0553674	0.00662821	0.0207092	0.0216544	0.0182117	0.015129	0.00726252	0.0159897	0.00859784	0.014595	0.0168994	0.0464445	0.0163516	0.0136689	0.0162729	0.447099	0.230013	0.0146695	0.00155513	0.0128811
110	0.0188115	0.00798873	0.0033947	0.0455543	0.00181538	0.00113413	0.000931124	0.21908	0.18758	0.0400175	0.023954	0.00389547	0.000806217	0.0384186	0.0471346	0.0480253	0.20938	0.0812464	0.000520513	0.0203117
111	0.00350168	0.000396718	0.000704184	0.000917338	0.00241059	0.000552139	0.000528022	0.48841	0.00379742	0.0165559	0.00419301	0.000824156	0.00108312	0.00798167	0.000844589	0.00389318	0.0179686	0.444456	0.000239461	0.000742167
112	0.00721659	0.00575544	0.00112626	0.0394339	0.0116898	0.00538245	0.10324	0.0163852	0.105974	0.00180758	0.00121778	0.0328654	0.000483509	0.0521536	0.246457	0.0778216	0.248681	0.015498	0.000369692	0.0264413
113	0.00758809	0.00416155	0.00629185	0.0097569	0.309962	0.0025497	0.046812	0.0171746	0.0027799	0.0330361	0.00860971	0.00311978	0.00114169	0.00898053	0.0021241	0.0102721	0.00392199	0.008039	0.122336	0.391342
114	0.00635705	0.00262255	0.00240706	0.00436986	0.0177633	0.00214807	0.0196335	0.0293232	0.307944	0.230044	0.0475098	0.00407195	0.00110426	0.042219	0.0496746	0.0302046	0.0630715	0.0429265	0.0655702	0.0310349
115	0.363939	0.00166106	0.0254334	0.0155838	0.0143166	0.0200034	0.0052428	0.00438477	0.00432971	0.00549121	0.00259456	0.00296439	0.480406	0.00638132	0.00691178	0.010549	0.0188967	0.00729476	0.000938837	0.0026777
116	0.0327768	0.00400445	0.345117	0.194876	0.00181488	0.0197811	0.00954959	0.0067565	0.0437939	0.00713855	0.00430804	0.166083	0.00459182	0.0357133	0.0125235	0.0672746	0.0290065	0.00951946	0.000496825	0.00487358
117	0.0906553	0.00098707	0.0568499	0.0516254	0.0140403	0.0721375	0.0356943	0.0190716	0.094782	0.0500768	0.00336601	0.0135769	0.262756	0.0165457	0.0358059	0.104584	0.0360485	0.0171288	0.000460692	0.0238072
118	0.0121737	0.00337883	0.0743171	0.37163	0.00385607	0.00673957	0.00640888	0.0363369	0.0782722	0.0144402	0.0067395	0.020634	0.0004308	0.0446062	0.0439892	0.0897942	0.145941	0.0333446	0.00245218	0.00451455
119	0.0114431	0.00328405	0.000359607	0.000758444	0.0130017	0.000651064	0.00140099	0.552812	0.000842748	0.123152	0.0152198	0.00206965	0.000276526	0.00248815	0.000691919	0.00631709	0.00622361	0.257176	0.000393923	0.00143792
120	0.0236338	0.0126765	0.00769808	0.00930386	0.177383	0.00488648	0.00738299	0.151998	0.0114998	0.261305	0.148193	0.00748983	0.00346066	0.0109546	0.00842225	0.0148902	0.0271092	0.0692781	0.00725278	0.0351818
121	0.0372435	0.000715964	0.226402	0.17489	0.0010816	0.0180228	0.0138853	0.00520065	0.0954697	0.00431255	0.00141109	0.149778	0.0100577	0.0381195	0.00704849	0.150406	0.0490324	0.0152488	0.000409965	0.00126379
122	0.017458	0.00175448	0.0318732	0.0392706	0.346152	0.0141114	0.0280194	0.0167048	0.00339128	0.038653	0.00771641	0.00475542	0.0439092	0.00312871	0.00294528	0.0243791	0.0253564	0.0143183	0.010235	0.325868
123	0.0582937	0.000362272	0.247057	0.274979	0.000449302	0.0198873	0.00833981	0.00679535	0.0593486	0.00591955	0.00128027	0.0908809	0.00332188	0.0424552	0.009245	0.104844	0.0519007	0.0110231	0.000149122	0.00346838
124	0.0360707	0.00229448	0.00298932	0.0212016	0.0313233	0.00221016	0.00256139	0.303535	0.0572478	0.00603627	0.00471545	0.0315052	0.00135113	0.00515257	0.0466067	0.00855973	0.265285	0.150656	0.000792176	0.0199068
125	0.00954528	0.0107454	0.00173985	0.000676449	0.164584	0.00227098	0.000305308	0.246042	0.00063262	0.34914	0.0950227	0.000831803	0.000241552	0.000620655	0.00330244	0.00107995	0.0042783	0.0872772	0.00426741	0.0173953
126	0.072457	0.000677757	0.0640997	0.0676553	0.00084403	0.0740646	0.0286865	0.00734995	0.124368	0.00963087	0.0185744	0.0846039	0.020246	0.067493	0.0551857	0.172887	0.106132	0.0172653	0.000272289	0.00750678
127	0.0326629	0.00970954	0.00994509	0.0209914	0.00847818	0.00677893	0.00820151	0.0744903	0.151829	0.0845491	0.14769	0.0156261	0.00373661	0.0415067	0.128265	0.0346928	0.0941253	0.106785	0.0036847	0.0162511
128	0.00870504	0.0106407	0.00175229	0.000939202	0.149397	0.00218862	0.000295557	0.219316	0.000742825	0.394924	0.105399	0.000852535	0.00023845	0.000694112	0.0029945	0.00125294	0.00672949	0.0726961	0.00404162	0.0161999
129	0.00404121	0.000944992	0.00838351	0.00905278	0.00168187	0.00129974	0.00833413	0.00238693	0.240431	0.029939	0.0234913	0.0251931	0.000641873	0.255831	0.370166	0.00348531	0.00313953	0.00944046	0.000513518	0.00160335
130	0.0487738	0.00392939	0.0821604	0.332196	0.0030225	0.0103934	0.00612587	0.0197367	0.0836439	0.0162098	0.011081	0.039779	0.0027593	0.15229	0.0629327	0.0583853	0.0374966	0.0223134	0.00101928	0.00575182
131	0.0207948	0.00692074	0.00425061	0.0405791	0.00249619	0.0023055	0.00294388	0.210038	0.151493	0.0585057	0.0352632	0.00596924	0.00104811	0.0431768	0.0496004	0.0567211	0.199881	0.0899488	0.00078669	0.0172766
132	0.55421	0.025136	0.00223444	0.00366997	0.00692365	0.0423979	0.00147526	0.00350954	0.00420912	0.00288772	0.00202526	0.0085067	0.00135519	0.00309479	0.00412188	0.296973	0.0179508	0.0124786	0.0011053	0.00573483
133	0.00254549	0.00133866	0.000987457	0.00156975	0.481732	0.000782953	0.00137862	0.0125998	0.00141666	0.0064586	0.00133533	0.00132218	0.000444479	0.00132731	0.00126733	0.00673686	0.00355727	0.00692317	0.000609711	0.465666
134	0.0361596	0.00844416	0.0108115	0.0294729	0.0215124	0.00661071	0.0057103	0.245318	0.0336354	0.202836	0.0380187	0.0143522	0.00560472	0.0659645	0.0203808	0.0291955	0.0354773	0.174062	0.00404266	0.0123907
135	0.0337914	0.00967239	0.0131216	0.0192944	0.168909	0.0097785	0.0127632	0.122872	0.0186753	0.118446	0.0378415	0.163797	0.00632436	0.0201061	0.0165008	0.0382529	0.10462	0.0590226	0.00318888	0.0230225
136	0.0891063	0.00125874	0.026626	0.00416403	0.0024221	0.0155199	0.00408116	0.00401244	0.381899	0.00489194	0.00310896	0.0170895	0.104545	0.033937	0.162	0.118781	0.00687076	0.0161093	0.000931041	0.00264573
137	0.0323037	0.000929666	0.158138	0.110388	0.0017186	0.310754	0.00687426	0.00320179	0.0664959	0.00350384	0.00223212	0.169408	0.00118528	0.0146722	0.0120227	0.0567334	0.0420985	0.00484596	0.000721223	0.00177394
138	0.0151612	0.00478032	0.00101391	0.00275956	0.0156695	0.000665777	0.00109551	0.35984	0.0016778	0.407474	0.0122073	0.00192706	0.000344982	0.00220654	0.0016924	0.00479252	0.00344021	0.159827	0.0002375	0.00318619
139	0.00814674	0.00520975	0.00111303	0.0391197	0.0114171	0.00598314	0.0982317	0.0155682	0.113334	0.00170514	0.00128768	0.0335565	0.000439507	0.0512729	0.243659	0.0799443	0.248208	0.0154362	0.000370498	0.0259969
140	0.0106897	0.0101475	0.00260855	0.00224849	0.137549	0.0020115	0.00045284	0.261348	0.00106126	0.368502	0.0917504	0.000848715	0.000251149	0.000729733	0.0032721	0.00203976	0.00450279	0.082605	0.00371656	0.0136653
141	0.0247875	0.0012624	0.0144411	0.107264	0.0152282	0.00248138	0.0155783	0.185875	0.0514891	0.0172084	0.00348787	0.0711713	0.00109604	0.0533886	0.0156025	0.17021	0.0891376	0.144573	0.00120437	0.0145138
142	0.00882858	0.0108175	0.00180098	0.000610018	0.177115	0.00242446	0.000273656	0.232709	0.000631872	0.351526	0.101802	0.000816283	0.000247257	0.000555612	0.003464	0.000998997	0.00435558	0.0783839	0.00460315	0.0180373
143	0.0311172	0.0873398	0.00253803	0.0306022	0.0641772	0.00229755	0.226128	0.0167614	0.0743328	0.0912929	0.015388	0.016668	0.00133301	0.110527	0.0296945	0.030996	0.00589437	0.0300308	0.000730571	0.132151
144	0.013892	0.00124992	0.0106476	0.0341659	0.353832	0.00458328	0.114862	0.0153526	0.00219892	0.0190785	0.0081497	0.0119382	0.00844884	0.00517451	0.0108327	0.0316746	0.00720905	0.0131395	0.0113737	0.322196
145	0.124798	0.000599676	0.104953	0.382304	0.00153903	0.0454886	0.00217808	0.00216445	0.0765484	0.0117381	0.00103867	0.00849897	0.0699111	0.0851756	0.00288944	0.0452131	0.028883	0.00329473	0.00033928	0.00244552
146	0.0358168	0.000693174	0.196323	0.142313	0.00105736	0.19997	0.00690485	0.00373306	0.0691648	0.00329834	0.00150946	0.161289	0.00167752	0.020362	0.0137747	0.0837432	0.0498128	0.00664194	0.000474999	0.00144068
147	0.0244521	0.00187396	0.00468762	0.00273332	0.00174558	0.905262	0.00327757	0.00310504	0.004211	0.00445428	0.00182096	0.00440099	0.00234001	0.00252265	0.00235799	0.0173214	0.00452507	0.00301751	0.00261547	0.00327573
148	0.015289	0.00486621	0.00101683	0.00278111	0.0157556	0.000669371	0.00114136	0.360974	0.00167447	0.405056	0.0126162	0.00192089	0.000337147	0.00218344	0.00170025	0.00478808	0.00343898	0.160388	0.000235623	0.0031674
149	0.0741211	0.000918507	0.00199656	0.0628472	0.0017359	0.00231183	0.00182733	0.0603585	0.279477	0.0236215	0.00295005	0.00955303	0.000804777	0.0763908	0.159985	0.119054	0.0253685	0.0880788	0.000598279	0.0080009
150	0.0692691	0.000607136	0.299985	0.312909	0.000947096	0.0296512	0.0419843	0.00868089	0.0228479	0.0115817	0.00455302	0.0388329	0.00703199	0.0353442	0.00550194	0.0474173	0.042225	0.00347549	0.000235973	0.0169194
151	0.00675377	0.00267254	0.0199439	0.0311193	0.271045	0.00540954	0.0524674	0.0125667	0.00149172	0.0427053	0.0160699	0.0047545	0.0054353	0.00664155	0.00173007	0.0170678	0.00468001	0.00619349	0.0482655	0.442987
152	0.0203689	0.00786568	0.000777995	0.00309049	0.0188676	0.000801239	0.00202702	0.432848	0.00163664	0.272075	0.0272152	0.00202395	0.000365874	0.00210587	0.00162089	0.00621696	0.00458306	0.193192	0.000208635	0.00210916
153	0.0776191	0.000293802	0.0684666	0.170077	0.00623793	0.0132493	0.0226128	0.00964553	0.230451	0.0101732	0.012819	0.0461942	0.00389133	0.0811294	0.146965	0.0439983	0.0362206	0.0109574	0.000192781	0.00880502
154	0.00670744	0.00130305	0.0328173	0.0501136	0.251369	0.00822225	0.0579248	0.0125374	0.00159519	0.0473535	0.0177643	0.00691429	0.00829052	0.00404776	0.0016054	0.017445	0.00616072	0.00482323	0.0410984	0.421906
155	0.00683202	0.000835901	0.000606375	0.00324874	0.00128193	0.000581395	0.00040995	0.124725	0.000782283	0.713245	0.110909	0.000681229	0.000635967	0.000696584	0.000675915	0.00130813	0.00415562	0.0258273	0.00167365	0.000887654
156	0.0908938	0.0351807	0.149246	0.0850721	0.00955134	0.0187239	0.0400131	0.0431269	0.023819	0.0416525	0.0122873	0.115566	0.00546733	0.0234059	0.0124741	0.167159	0.0959115	0.0216195	0.00147216	0.00735824
157	0.0880971	0.0358327	0.000960927	0.002899	0.041736	0.0120366	0.00176666	0.297135	0.00177717	0.106266	0.0228898	0.00144923	0.00048201	0.00148738	0.00178066	0.011189	0.0136222	0.351047	0.00329044	0.00425496
158	0.0536557	0.000194791	0.165946	0.434483	0.00032979	0.0125433	0.00234387	0.00375151	0.0452412	0.00296731	0.00307031	0.0662391	0.000426498	0.111685	0.021818	0.0437244	0.0205071	0.00800742	0.000167574	0.00289806
159	0.0469715	0.0266171	0.000534132	0.00087491	0.0492615	0.00496787	0.000504034	0.326429	0.000806091	0.0547984	0.00402929	0.00101844	0.000376856	0.000815605	0.00076256	0.00208723	0.0169191	0.452206	0.0059652	0.00405546
160	0.639173	0.0327371	0.00149418	0.00207978	0.00328373	0.0484944	0.000870368	0.00407649	0.00259703	0.00216341	0.00143565	0.00258928	0.000688122	0.0023849	0.00217777	0.219341	0.0173057	0.0129236	0.000898014	0.0032863
161	0.00882858	0.0108175	0.00180098	0.000610018	0.177115	0.00242446	0.000273656	0.232709	0.000631872	0.351526	0.101802	0.000816283	0.000247257	0.000555612	0.003464	0.000998997	0.00435558	0.0783839	0.00460315	0.0180373
162	0.0468933	0.0315244	0.00646007	0.0770057	0.00203233	0.00812297	0.00189913	0.044114	0.0698118	0.0893647	0.059779	0.0309923	0.00121128	0.265455	0.0588324	0.0485149	0.0764963	0.0785562	0.000666586	0.00226757
163	0.00603225	0.0036255	0.0061765	0.00976059	0.310452	0.00226055	0.0493739	0.0152494	0.00212932	0.030182	0.00751479	0.00291791	0.000928471	0.00693419	0.00181631	0.00957926	0.00333592	0.00656149	0.119356	0.405814
164	0.0619659	0.0308275	0.00668194	0.0105445	0.0351554	0.06239	0.0271538	0.00856877	0.00744847	0.0105523	0.00736086	0.0128057	0.00739088	0.00658262	0.00753146	0.345127	0.30708	0.0112312	0.00151861	0.0320826
165	0.00246008	0.00124747	0.000999784	0.00149075	0.473747	0.000693103	0.0010881	0.0116431	0.00134117	0.00636183	0.00124409	0.00122051	0.000412404	0.00128042	0.00119539	0.00631912	0.00229352	0.00640869	0.000652202	0.477902
166	0.182665	0.122813	0.0033584	0.00884157	0.00505475	0.00952298	0.0191017	0.0323268	0.00389869	0.0156009	0.00521575	0.00639388	0.0075398	0.00724816	0.00383042	0.0379777	0.15059	0.373484	0.00106897	0.00346818
167	0.0354496	0.00582736	0.128191	0.0508573	0.0246572	0.0278479	0.0567396	0.0170641	0.0527228	0.014436	0.0107937	0.367361	0.00679411	0.0271585	0.0292642	0.0713743	0.0341635	0.0154084	0.00590065	0.0179882
168	0.0545849	0.00389665	0.137632	0.0448371	0.00477623	0.0565881	0.00427554	0.00705223	0.0114581	0.0166246	0.00917979	0.13643	0.00505623	0.0240932	0.00722159	0.345162	0.115658	0.0128985	0.000612531	0.00196201
169	0.0246467	0.00397568	0.00236142	0.0068854	0.0106411	0.0018631	0.00266403	0.483657	0.00452672	0.0722121	0.0142655	0.00369052	0.00160132	0.00841795	0.00349291	0.0342437	0.0188132	0.298374	0.000947903	0.00272036
170	0.0261712	0.00870241	0.00339602	0.00502752	0.0881779	0.00494112	0.20272	0.00522054	0.0765687	0.0056509	0.010126	0.113179	0.0667821	0.00594429	0.121317	0.0241612	0.00741936	0.00701405	0.0209433	0.196537
171	0.0594866	0.00190364	0.00317911	0.064393	0.00339927	0.0382057	0.157548	0.0816883	0.0764976	0.00626391	0.00394452	0.00453574	0.0708524	0.00431527	0.0963547	0.0897592	0.122072	0.0724925	0.00127597	0.0418329
172	0.0602433	0.000877386	0.335544	0.292743	0.00149406	0.0360446	0.0397171	0.00897721	0.0237036	0.0146268	0.00424465	0.0347811	0.00677971	0.0285673	0.00519382	0.0437264	0.0386643	0.00437132	0.000330835	0.0193697
173	0.0567597	0.00539518	0.0117995	0.0129097	0.00304443	0.785951	0.0116055	0.00539495	0.0123847	0.00639338	0.00319026	0.00973134	0.00580501	0.00656547	0.0077774	0.029442	0.0118654	0.00623041	0.00251582	0.00523915
174	0.0240723	0.00122687	0.00413105	0.00366914	0.00159078	0.914867	0.00277468	0.00245821	0.004196	0.00322596	0.00102444	0.00486709	0.00119674	0.00145054	0.00178854	0.0160107	0.00316112	0.0025804	0.00233213	0.00337631
175	0.0979412	0.00308745	0.00891039	0.00581152	0.00550795	0.00689735	0.00389004	0.0189559	0.00536142	0.0222144	0.0698162	0.0528859	0.00305174	0.0244005	0.0187317	0.312915	0.310217	0.00807101	0.000886197	0.0204467
176	0.0746743	0.00865538	0.0278884	0.0488242	0.0315387	0.032101	0.126012	0.0280941	0.0672323	0.0275824	0.013134	0.0444202	0.191925	0.0287018	0.0511989	0.0734004	0.0479594	0.0282062	0.00526558	0.0431859
177	0.0224507	0.00199376	0.0595219	0.35535	0.00369412	0.00343828	0.01627	0.138738	0.0211619	0.112868	0.0180424	0.0114317	0.00192828	0.0145132	0.0108944	0.015213	0.00779977	0.172245	0.00179049	0.0106561
178	0.16029	0.00276589	0.057071	0.0916363	0.0147002	0.0032985	0.0252972	0.0432092	0.0242144	0.0234804	0.0167778	0.0404331	0.000956659	0.0462926	0.00544096	0.123045	0.231023	0.0829325	0.000711511	0.00642346
179	0.355195	0.0201714	0.00504068	0.00739988	0.0102956	0.377899	0.00269633	0.0218565	0.00717556	0.0183984	0.00471194	0.00841914	0.00930252	0.00592667	0.0053634	0.0794369	0.0305281	0.0239683	0.0015904	0.00462438
180	0.0402994	0.0175207	0.00277014	0.00299295	0.14036	0.00298442	0.00123439	0.101154	0.00636269	0.307396	0.158007	0.00495344	0.00117734	0.00506653	0.00356959	0.00666452	0.0624738	0.120456	0.00185953	0.0126971
181	0.0102156	0.00140258	0.00308079	0.0182598	0.00958474	0.00183602	0.00889165	0.00167666	0.556045	0.00458682	0.00121255	0.0224373	0.000506248	0.0171454	0.30704	0.0116038	0.0127546	0.00252365	0.00343489	0.00576176
182	0.104278	0.00131994	0.00408691	0.00641927	0.00225585	0.00229539	0.00178505	0.0274828	0.00375462	0.0312178	0.053624	0.0473785	0.00162933	0.036166	0.0320564	0.278794	0.349868	0.00673777	0.000723891	0.00812684
183	0.365991	0.00247522	0.00208567	0.00443398	0.0182962	0.387256	0.0022738	0.0379492	0.00644031	0.0332661	0.0046046	0.00361918	0.00115987	0.00685602	0.00397943	0.071681	0.00505587	0.0378298	0.000845993	0.00390048
184	0.00882858	0.0108175	0.00180098	0.000610018	0.177115	0.00242446	0.000273656	0.232709	0.000631872	0.351526	0.101802	0.000816283	0.000247257	0.000555612	0.003464	0.000998997	0.00435558	0.0783839	0.00460315	0.0180373
185	0.0672768	0.00555409	0.0102468	0.0152421	0.00876882	0.00994042	0.00771285	0.0535657	0.0112589	0.0997136	0.0168948	0.0739671	0.00304712	0.0164993	0.014031	0.116431	0.394248	0.0672729	0.00142224	0.00690627
186	0.0263192	0.00146305	0.00838284	0.0485151	0.00271065	0.0353871	0.00822423	0.00939754	0.394016	0.00741167	0.00591087	0.0345329	0.00288972	0.0382954	0.193419	0.0708022	0.0665003	0.0235605	0.000761085	0.0215003
187	0.164189	0.0471108	0.00177161	0.0167666	0.00311561	0.0123376	0.00449652	0.074736	0.0025732	0.0346181	0.00804461	0.0119681	0.00592465	0.0138096	0.00353382	0.039016	0.157449	0.394507	0.000609346	0.00342262
188	0.00882858	0.0108175	0.00180098	0.000610018	0.177115	0.00242446	0.000273656	0.232709	0.000631872	0.351526	0.101802	0.000816283	0.000247257	0.000555612	0.003464	0.000998997	0.00435558	0.0783839	0.00460315	0.0180373
189	0.0690487	0.0014258	0.106575	0.0951736	0.00151856	0.0639508	0.0197806	0.00713703	0.117953	0.00806846	0.0120345	0.112998	0.0128428	0.0525861	0.0496075	0.159585	0.0893939	0.0145235	0.000535737	0.00526161
190	0.0560723	0.000355659	0.230627	0.224803	0.000432138	0.0241215	0.00367526	0.00603844	0.0747864	0.00419468	0.000504305	0.115155	0.00361872	0.0342151	0.00871723	0.134098	0.0652345	0.0125749	0.000161291	0.000614983
191	0.0249023	0.017772	0.00449774	0.00761827	0.23882	0.00319653	0.0147597	0.0412776	0.00412462	0.0758018	0.0244722	0.00388263	0.00169888	0.0461699	0.00420376	0.0229663	0.00624807	0.0329533	0.0700544	0.35458
