229	20
1	0.144576	0.0207087	0.000409319	0.000619101	0.00435619	0.0248156	0.000505246	0.179043	0.000526707	0.217838	0.0431812	0.00252171	0.00430191	0.00228042	0.000479439	0.00607191	0.0248412	0.315126	0.000197061	0.00760194
2	0.00544218	0.000562676	0.000321699	0.000447858	0.0864753	0.00124034	0.000556204	0.230289	0.000307165	0.521769	0.0590719	0.000513444	0.000192793	0.00111152	0.00022507	0.000928789	0.00358654	0.080834	9.44625e-05	0.00602979
3	0.0442199	0.0115624	0.000294313	0.00353876	0.373529	0.0144579	0.0191481	0.0938119	0.00353552	0.263124	0.0466758	0.00564731	0.000451117	0.00480252	0.00625621	0.0146626	0.0103603	0.0474222	0.00739626	0.0291043
4	0.0359462	0.0067144	0.0106358	0.00820488	0.0886986	0.00838095	0.00950992	0.262864	0.00596607	0.248746	0.0443596	0.00348571	0.00554974	0.00294371	0.00519291	0.00589704	0.0273073	0.195028	0.00768832	0.0168805
5	0.0314132	0.000572649	0.118089	0.371799	0.00461091	0.0520231	0.0249138	0.00325302	0.0389546	0.0193708	0.0117605	0.0756752	0.0175741	0.110274	0.0282712	0.0644865	0.0176576	0.00552941	0.00022822	0.00354294
6	0.00754046	0.000186581	0.000143264	0.00305163	0.00898768	0.00165061	0.000189383	0.499252	0.000180594	0.115006	0.0123408	0.000300823	0.000158942	0.0003302	0.00019958	0.00356015	0.0230575	0.323516	0.000102747	0.00024522
7	0.0194119	0.000684236	0.00619207	0.0114183	0.0286107	0.0185063	0.0527266	0.0571517	0.158746	0.0317388	0.00213208	0.0404685	0.000713659	0.0176581	0.4348	0.0300378	0.021157	0.0166973	0.00569122	0.0454579
8	0.00941594	0.000370629	0.000331683	0.000548416	0.000907343	0.947548	0.000449562	0.00171349	0.000440452	0.00173847	0.00104151	0.00218691	0.000402957	0.00077581	0.000453389	0.0271257	0.00173668	0.00188388	0.000220212	0.000709208
9	0.0592971	0.00051102	0.000382358	0.000716432	0.00108758	0.0139887	0.000486028	0.00730279	0.000535402	0.00188604	0.00141733	0.00258464	0.660246	0.00931442	0.00746809	0.180152	0.0327855	0.018735	0.000276014	0.000828212
10	0.0128697	0.000683993	0.0100231	0.0166028	0.00696218	0.0220167	0.0411058	0.00816181	0.460862	0.0224134	0.00688833	0.0429279	0.000647124	0.110253	0.184473	0.0296644	0.00790943	0.00291081	0.000457191	0.0121675
11	0.0173844	0.00131458	0.325559	0.345954	0.00235705	0.0126931	0.00138179	0.0697672	0.00139326	0.0313327	0.0114965	0.00214023	0.00104093	0.0530464	0.0014156	0.02497	0.02541	0.0595797	0.000587588	0.0111763
12	0.377476	0.00270569	0.000749212	0.0010473	0.00180574	0.321344	0.000852559	0.00350886	0.000784502	0.0032774	0.00190572	0.00991963	0.0188239	0.00141708	0.000868658	0.229607	0.013944	0.00805356	0.000493543	0.00141482
13	0.0173598	0.0065065	0.00116877	0.00224959	0.527361	0.00668109	0.00596839	0.0525782	0.00268367	0.189854	0.0260799	0.00388471	0.00301063	0.00405785	0.00270177	0.0164913	0.0282748	0.0390613	0.00455738	0.0594693
14	0.0229637	0.010921	0.00100441	0.00166085	0.0024182	0.00277972	0.00121048	0.198901	0.00118198	0.0219076	0.0116172	0.125266	0.00105371	0.0111761	0.00113573	0.0683349	0.229679	0.284031	0.000663394	0.00209387
15	0.00566236	0.00122604	0.0292521	0.874079	0.00285492	0.0127173	0.00163328	0.00508997	0.00137722	0.00571283	0.00294207	0.00233903	0.00109034	0.0185947	0.00140951	0.0196722	0.00536608	0.00611069	0.000686363	0.00218405
16	0.0612557	0.000761898	0.153882	0.0477296	0.0020651	0.00230602	0.00139917	0.0199193	0.0208843	0.0217592	0.00989809	0.231761	0.0315103	0.0382581	0.015665	0.219582	0.0662478	0.0458615	0.00759509	0.00165862
17	0.0104515	0.00207221	0.000880848	0.00098119	0.0162014	0.00425544	0.0025191	0.362264	0.0116452	0.339146	0.0665033	0.0024383	0.000432796	0.0038449	0.00403293	0.00280451	0.0291098	0.137256	0.000182883	0.00297675
18	0.351573	0.00417679	0.00054278	0.00460683	0.00570695	0.168268	0.00926325	0.00912187	0.000476122	0.00196235	0.0252839	0.0278533	0.000506337	0.00916004	0.0044553	0.22482	0.115833	0.018293	0.000223236	0.0178726
19	0.0194703	0.00204436	0.000418151	0.000723741	0.00669892	0.00215304	0.00612029	0.11878	0.00785648	0.612859	0.148014	0.000783511	0.000370062	0.01821	0.000570044	0.0180449	0.0131951	0.0227058	0.000237442	0.000745831
20	0.00233413	0.000245028	0.000285516	0.00035987	0.00321011	0.000666246	0.000305462	0.402509	0.000748661	0.328743	0.0298612	0.000417237	0.000234579	0.000495318	0.000522109	0.00108604	0.00283069	0.218803	0.000120826	0.00622174
21	0.00244287	0.00050638	0.000497511	0.000889957	0.00128169	0.0050849	0.000736726	0.0144017	0.0544353	0.029144	0.00882905	0.000942605	0.000443268	0.0252393	0.814767	0.0102686	0.0145308	0.0104582	0.00413054	0.000969818
22	0.0130959	0.000717177	0.0097768	0.0165882	0.00712312	0.0226825	0.0405127	0.00814841	0.46006	0.0224681	0.00699641	0.0430219	0.000640455	0.109848	0.184011	0.0304274	0.00850349	0.00300102	0.000444107	0.0119333
23	0.0172794	0.000660493	0.00665391	0.0106873	0.028202	0.0195777	0.0528469	0.054571	0.151393	0.030872	0.00195328	0.039797	0.000718482	0.0171653	0.452691	0.0300057	0.0191613	0.0129452	0.00609471	0.0467242
24	0.0286484	0.00741281	0.000715817	0.00111508	0.0775866	0.0117762	0.00104167	0.282167	0.000865543	0.329469	0.0694895	0.00131782	0.0021355	0.00262409	0.000474707	0.0108065	0.0271361	0.132659	0.00720099	0.00535821
25	0.331885	0.0462759	0.00880068	0.0162293	0.0181622	0.0491636	0.00107914	0.0443055	0.0011217	0.0119066	0.0204649	0.0253274	0.000760986	0.0174353	0.0244193	0.111145	0.0443211	0.163617	0.000506203	0.0630724
26	0.002243	0.00041832	0.000368427	0.000421545	0.00583307	0.000864696	0.00046608	0.395014	0.000556568	0.333095	0.0337214	0.00039894	0.000232923	0.00075118	0.000398855	0.00106969	0.00299295	0.214569	0.00011381	0.00647106
27	0.22741	0.0367627	0.000378932	0.000597374	0.00278577	0.0289747	0.000487459	0.117887	0.000421636	0.165859	0.0973941	0.00103685	0.00110414	0.00089916	0.000473666	0.0139095	0.0469927	0.250427	0.00022282	0.00597668
28	0.00391323	0.000875431	0.000636925	0.00771433	0.326404	0.00206128	0.0373581	0.00402043	0.000976824	0.00373979	0.00240956	0.00146605	0.000875189	0.00165739	0.000901115	0.0109081	0.00977146	0.0228427	0.00866744	0.552801
29	0.0111684	0.00458845	0.00361292	0.00333193	0.0386141	0.0048837	0.00523102	0.318883	0.00212518	0.349544	0.0883851	0.000634575	0.000813621	0.00602065	0.00127154	0.0024851	0.0188168	0.134407	0.00116594	0.00401667
30	0.0488093	0.00041301	0.146802	0.28815	0.000868577	0.0128652	0.0107188	0.00246363	0.14763	0.00271449	0.00224977	0.0937287	0.000620497	0.104059	0.0551872	0.0513814	0.0282778	0.00186558	0.000197644	0.000997864
31	0.0150866	0.00129569	0.369328	0.0520542	0.00291402	0.291667	0.0110457	0.00562927	0.0208656	0.0148768	0.00332967	0.139836	0.00111481	0.00231583	0.00150132	0.044422	0.0151864	0.00504565	0.000778008	0.0017077
32	0.00960554	0.002455	0.000893617	0.00105949	0.0093643	0.00835065	0.00941072	0.330578	0.0563506	0.262269	0.00675918	0.0169602	0.000724158	0.00155384	0.0100037	0.00519719	0.0447536	0.210749	0.000431387	0.0125301
33	0.414031	0.0584488	0.000939566	0.00143047	0.00238956	0.0150583	0.000968926	0.0762134	0.00099567	0.00684235	0.00337621	0.00171294	0.0016617	0.00202963	0.000885124	0.0143524	0.0931603	0.303342	0.000513464	0.00164838
34	0.0296046	0.00651098	0.00514954	0.00434325	0.0576816	0.00632112	0.00949362	0.277348	0.0178135	0.28407	0.0215582	0.00924283	0.00289604	0.00179955	0.00723284	0.00746842	0.0371444	0.191293	0.0037378	0.0192911
35	0.00256004	0.000500343	0.000398977	0.000583682	0.00289409	0.00122229	0.000410619	0.345146	0.0004849	0.328016	0.0229914	0.000722521	0.000339434	0.000696831	0.000455181	0.00164786	0.00231018	0.283049	0.000185035	0.00538483
36	0.0492114	0.000426041	0.145734	0.285725	0.00081717	0.012532	0.0104022	0.00252824	0.148303	0.00253375	0.00221289	0.0946391	0.000425332	0.105178	0.0556761	0.0520898	0.028556	0.00184857	0.000202931	0.000958455
37	0.0843138	0.000671433	0.0770257	0.19959	0.008428	0.00795393	0.0135972	0.0202123	0.0551614	0.0344036	0.019197	0.0684387	0.0245197	0.123344	0.0524138	0.0686274	0.106662	0.0227565	0.000406965	0.0122758
38	0.0703081	0.00960384	0.0004901	0.000868547	0.00811047	0.00826259	0.000670879	0.231756	0.000712663	0.216788	0.0477994	0.0051551	0.0020321	0.00508053	0.00050898	0.00529305	0.0265854	0.353972	0.000561138	0.0054409
39	0.00233413	0.000245028	0.000285516	0.00035987	0.00321011	0.000666246	0.000305462	0.402509	0.000748661	0.328743	0.0298612	0.000417237	0.000234579	0.000495318	0.000522109	0.00108604	0.00283069	0.218803	0.000120826	0.00622174
40	0.132029	0.000963063	0.0289902	0.22952	0.00944852	0.0169002	0.00944458	0.051138	0.0397676	0.0444653	0.0443459	0.0222148	0.00129039	0.153382	0.0336228	0.0983242	0.0496715	0.0299089	0.000457493	0.00411637
41	0.032278	0.000555605	0.116296	0.370965	0.00452682	0.0517975	0.0247748	0.00347893	0.039248	0.0194818	0.0119102	0.0748776	0.0174704	0.11128	0.0285337	0.0649933	0.017994	0.00572971	0.000224497	0.00358293
42	0.0421994	0.039753	0.0010042	0.0200851	0.243051	0.00321194	0.0467841	0.0244552	0.0152131	0.202322	0.130416	0.00235559	0.00103998	0.0115781	0.0194673	0.0145223	0.00489823	0.00537858	0.0505675	0.121697
43	0.00805128	0.00317524	0.00103433	0.00118939	0.0287224	0.00493663	0.00200726	0.332403	0.00187019	0.37763	0.0884544	0.000329736	0.00019362	0.0051652	0.000979015	0.00245841	0.0228652	0.116585	0.000104731	0.00184479
44	0.00824639	0.0241168	0.00228691	0.00185232	0.0143406	0.00388791	0.0117958	0.00750759	0.00152633	0.00563368	0.0149018	0.0592055	0.0226522	0.00237933	0.0122788	0.542072	0.222755	0.0269046	0.0111407	0.00451589
45	0.0375957	0.0025644	0.0011432	0.00173951	0.0536956	0.0065069	0.00109304	0.255932	0.00130505	0.309093	0.0255705	0.00208029	0.136464	0.0020119	0.00106124	0.0234267	0.0196137	0.113515	0.00242038	0.00316749
46	0.0101432	0.0089511	0.000316915	0.000732566	0.401902	0.00353751	0.00497503	0.092353	0.000643581	0.214171	0.0407962	0.000928169	0.00460577	0.00255258	0.000914323	0.00733226	0.0212161	0.0750624	0.00749442	0.101372
47	0.0752036	0.000660987	0.112599	0.124671	0.00409658	0.00227982	0.00463315	0.0124152	0.0485983	0.0312732	0.0106983	0.108037	0.074153	0.0982633	0.054431	0.0931249	0.110172	0.0269729	0.00128765	0.00642889
48	0.0105987	0.00215224	0.00232503	0.0213882	0.00477175	0.0229653	0.00272659	0.00921307	0.00239545	0.245853	0.0550318	0.0215629	0.00224914	0.154583	0.00231175	0.046086	0.340374	0.0486955	0.00113952	0.00357738
49	0.0448863	0.00347199	0.0190635	0.00259705	0.00346929	0.0180804	0.00224851	0.0215369	0.00101269	0.00520157	0.00381899	0.0377764	0.00297323	0.00310015	0.00203246	0.57816	0.210213	0.0141633	0.00158137	0.0246131
50	0.0206862	0.000638669	0.0937049	0.557105	0.0032275	0.0448144	0.0129315	0.00374572	0.023077	0.0122095	0.00726331	0.0435693	0.0088863	0.0778389	0.016992	0.0525459	0.0129235	0.00489041	0.000348509	0.00260173
51	0.002634	0.000470176	0.000581198	0.00104069	0.00172196	0.00521249	0.00159873	0.0148638	0.0564165	0.0295267	0.0085957	0.00161919	0.000448729	0.0247861	0.809074	0.0106043	0.0144159	0.0104175	0.00410679	0.00186556
52	0.0969094	0.00222028	0.0020142	0.00262736	0.00687545	0.0234402	0.0021406	0.0693083	0.00256891	0.0527312	0.0160116	0.00373555	0.190302	0.00495689	0.00221205	0.141251	0.190886	0.185021	0.00126268	0.00352526
53	0.0178567	0.00110174	0.454559	0.264847	0.00256246	0.00961302	0.00133321	0.0288017	0.00176227	0.0130396	0.00537387	0.0100384	0.00122705	0.0896453	0.00175423	0.0244572	0.0458282	0.0206629	0.000516455	0.00502009
54	0.0866849	0.00133413	0.00114792	0.0226855	0.018755	0.0130353	0.0170043	0.0884496	0.0786062	0.0489639	0.0151598	0.0431739	0.00111212	0.0253119	0.192221	0.0614513	0.109142	0.161956	0.000534618	0.0132713
55	0.206542	0.0218784	0.0569429	0.0572493	0.0112274	0.0767947	0.0647335	0.00717825	0.0489207	0.00509009	0.029319	0.0913872	0.00281991	0.0252933	0.0143086	0.220695	0.0171089	0.0211929	0.000594048	0.0207234
56	0.00914166	0.000998922	0.00027296	0.000470425	0.0483069	0.00168339	0.00108667	0.213137	0.00260947	0.577161	0.056975	0.000422824	0.000230937	0.0030023	0.000366454	0.00226404	0.00725857	0.0711254	0.000119383	0.00336686
57	0.102852	0.00158009	0.00116624	0.00251475	0.0524248	0.0150285	0.00145927	0.0659609	0.0125265	0.303618	0.188812	0.0484665	0.00112216	0.0146724	0.012959	0.0397602	0.0413225	0.0653646	0.00107103	0.0273178
58	0.0313327	0.000433289	0.119874	0.363929	0.003271	0.0465259	0.0202127	0.00307786	0.0467503	0.0170215	0.0101406	0.0736466	0.0130814	0.117549	0.0347022	0.069452	0.0210525	0.0041841	0.000181721	0.00358171
59	0.00891424	0.000371416	0.000332191	0.000537896	0.000906762	0.948238	0.000444238	0.00171533	0.000438584	0.00172531	0.00104235	0.00213731	0.000380737	0.000778957	0.00045331	0.0270485	0.00173895	0.0018679	0.000219687	0.000708682
60	0.0131804	0.000654086	0.00963148	0.0166923	0.00667012	0.0218917	0.0398004	0.00778597	0.468594	0.0212939	0.00658247	0.0410614	0.000603842	0.105969	0.189385	0.0277614	0.00746014	0.00302897	0.000476015	0.0114778
61	0.077794	0.00125565	0.00118949	0.00180596	0.0786868	0.00322478	0.00114104	0.357606	0.00145795	0.0167706	0.00361319	0.00242308	0.00128151	0.00250906	0.00114716	0.0157108	0.00575107	0.423832	0.000724316	0.00207621
62	0.450397	0.0372205	0.000568408	0.000784987	0.00130576	0.0713469	0.000618606	0.0702832	0.000663196	0.0295918	0.00902274	0.00104001	0.00364173	0.00102894	0.000562812	0.0117558	0.0263998	0.281286	0.000281739	0.0021998
63	0.00690034	0.000202251	0.000174164	0.00275632	0.0106793	0.001996	0.000192171	0.521992	0.000208035	0.113624	0.0133311	0.000329	0.000171633	0.000379587	0.000220385	0.00323729	0.0218963	0.301311	0.000114714	0.000284688
64	0.0056855	0.000199418	0.000164899	0.000292982	0.0986569	0.000766525	0.000222879	0.201184	0.000229434	0.560378	0.0550674	0.000533838	0.00019091	0.000370127	0.000210835	0.000868028	0.00114146	0.0677853	8.69567e-05	0.00596489
65	0.0590563	0.0222915	0.000338728	0.000690087	0.0212061	0.00518699	0.00166253	0.173419	0.000592127	0.100594	0.0552069	0.0010491	0.00164401	0.005169	0.000598537	0.0759416	0.211231	0.262738	0.000277658	0.00110722
66	0.0315136	0.000648091	0.301301	0.280871	0.00296323	0.0362829	0.0124756	0.00355741	0.0338751	0.0118401	0.00713502	0.0613647	0.00785739	0.094556	0.0247482	0.0651693	0.0163026	0.00450052	0.000290461	0.00274779
67	0.0409128	0.00667927	0.0138189	0.0259724	0.00371492	0.205649	0.0314985	0.0105627	0.124157	0.0149681	0.00280257	0.182248	0.00355638	0.0526321	0.0880362	0.123022	0.0540822	0.0144777	0.000278827	0.000930643
68	0.0575972	0.00224081	0.0259738	0.00277344	0.00284493	0.0230527	0.0016236	0.0206253	0.000861175	0.00536205	0.00247894	0.0452836	0.00166155	0.00317145	0.00124244	0.589683	0.171442	0.014604	0.000894942	0.0265831
69	0.0348683	0.000497103	0.00439868	0.000553534	0.00225287	0.0176358	0.000405391	0.00522387	0.000446039	0.0066901	0.00363642	0.0103765	0.759953	0.010718	0.00940651	0.101122	0.017777	0.0091118	0.000175059	0.00475208
70	0.0298448	0.0128356	0.0124605	0.0253913	0.185339	0.0420128	0.00160113	0.074307	0.00149362	0.0517875	0.105948	0.0486449	0.00145878	0.0373258	0.0017926	0.0930223	0.115095	0.0545002	0.0121653	0.0929735
71	0.48319	0.0366535	0.000505921	0.000869743	0.00154676	0.0601001	0.000768088	0.0451756	0.000713718	0.0143954	0.00696407	0.00101537	0.00558452	0.00120597	0.000674704	0.01214	0.0162816	0.310837	0.000400387	0.000978016
72	0.018053	0.00272513	0.000334162	0.000508908	0.00977897	0.0025167	0.00419526	0.142041	0.00917081	0.62763	0.106816	0.000475238	0.000229259	0.0134523	0.000376803	0.010788	0.0173689	0.0328873	0.000134201	0.000518233
73	0.018805	0.00165445	0.000343842	0.00103438	0.0328977	0.00532085	0.000721378	0.248959	0.000503692	0.226936	0.0697331	0.00168873	0.000672689	0.00148839	0.000418795	0.0227721	0.154634	0.206597	0.000413842	0.0044046
74	0.26253	0.0299312	0.000330851	0.000494319	0.0026213	0.0412621	0.000358976	0.119311	0.00035131	0.14475	0.0695951	0.000715154	0.00114678	0.000671508	0.00037949	0.0115395	0.0457507	0.260801	0.000176868	0.00728417
75	0.016264	0.000443749	0.00884968	0.000627022	0.0036326	0.0159394	0.000406112	0.00473782	0.000448499	0.0124261	0.0064348	0.0158379	0.828553	0.0119091	0.0076295	0.0472264	0.0063172	0.00314321	0.000215945	0.00895837
76	0.224858	0.0201522	0.0008549	0.00153348	0.0272861	0.0300927	0.0158139	0.0762291	0.00845449	0.0378747	0.0477636	0.0045301	0.00112987	0.00205455	0.00129694	0.0850079	0.19787	0.168888	0.000340609	0.0479691
77	0.0390426	0.00131492	0.0222741	0.0162187	0.0387864	0.00546541	0.00145092	0.103879	0.0263358	0.124204	0.0076892	0.0639772	0.0181048	0.00403238	0.0277567	0.133109	0.231649	0.118488	0.000803318	0.0154187
78	0.0370547	0.00130045	0.000833294	0.0190108	0.0466162	0.0276634	0.00104349	0.225006	0.000850702	0.230159	0.0242346	0.0294091	0.00172865	0.0189937	0.000944761	0.044591	0.12849	0.143913	0.00815119	0.0100069
79	0.00244287	0.00050638	0.000497511	0.000889957	0.00128169	0.0050849	0.000736726	0.0144017	0.0544353	0.029144	0.00882905	0.000942605	0.000443268	0.0252393	0.814767	0.0102686	0.0145308	0.0104582	0.00413054	0.000969818
80	0.0391307	0.00724853	0.000190284	0.000793993	0.105399	0.0155201	0.000228948	0.265625	0.000470113	0.304948	0.0600385	0.00175308	0.0029	0.00119012	0.000189787	0.0141459	0.0292333	0.136361	0.00980082	0.00483329
81	0.00901909	0.00318765	0.000957618	0.00111737	0.0281423	0.00514989	0.00195797	0.32117	0.00211562	0.395143	0.0878035	0.000318017	0.000206609	0.0053964	0.000960286	0.00288689	0.0223983	0.110421	0.000166138	0.00148224
82	0.00244287	0.00050638	0.000497511	0.000889957	0.00128169	0.0050849	0.000736726	0.0144017	0.0544353	0.029144	0.00882905	0.000942605	0.000443268	0.0252393	0.814767	0.0102686	0.0145308	0.0104582	0.00413054	0.000969818
83	0.00828232	0.00647287	0.000268065	0.000610604	0.364984	0.0029873	0.00639052	0.0990814	0.000498161	0.2045	0.0413142	0.000599285	0.00702747	0.00345118	0.000688972	0.00439298	0.0176357	0.0849968	0.0110723	0.134746
84	0.050212	0.0117924	0.000311157	0.00253218	0.372686	0.0188843	0.0172584	0.0883749	0.00246691	0.268604	0.0485794	0.00784163	0.000349652	0.00279712	0.00443432	0.016519	0.00989268	0.0437646	0.0100225	0.022677
85	0.0391877	0.00434566	0.000253836	0.000713051	0.114656	0.0175465	0.000258109	0.285699	0.000371285	0.289899	0.0564462	0.00150046	0.00233343	0.00079293	0.000212512	0.0137806	0.0277636	0.13667	0.00480604	0.00276347
86	0.424207	0.0314393	0.00270076	0.000528769	0.000808808	0.0776927	0.000376732	0.00840692	0.000356074	0.0109321	0.000932695	0.00351892	0.000311746	0.00101988	0.000503148	0.322949	0.100974	0.0115309	0.000195876	0.000614671
87	0.0186111	0.00173949	0.000340515	0.00103915	0.0329884	0.00529956	0.000719156	0.248598	0.000498951	0.226496	0.0698398	0.00166524	0.000669188	0.00150175	0.000412009	0.0229475	0.155783	0.206081	0.000412724	0.00435804
88	0.0414813	0.0171469	0.000253099	0.000406368	0.221237	0.00922828	0.00121573	0.109127	0.000359167	0.246569	0.0651315	0.00122937	0.00163047	0.00216614	0.000471675	0.0305053	0.0657443	0.119208	0.0176636	0.0492258
89	0.146153	0.00487655	0.000698409	0.00121172	0.066682	0.0401136	0.000799238	0.0521509	0.000693062	0.487508	0.0626509	0.00129386	0.000630754	0.00122997	0.000896005	0.0338332	0.0447927	0.0468441	0.00535493	0.00158743
90	0.0619456	0.000604785	0.000442274	0.000860976	0.00141986	0.0139161	0.000771666	0.0116227	0.000788363	0.00414774	0.00197929	0.00271679	0.626915	0.0102114	0.00693407	0.18513	0.0420686	0.0260183	0.000334236	0.00117205
91	0.442787	0.00204775	0.000723566	0.00139151	0.00221936	0.268903	0.00102082	0.00381888	0.00108002	0.00404067	0.00230822	0.00628528	0.0403677	0.00182203	0.00115835	0.198745	0.00765999	0.011497	0.000524508	0.00159987
92	0.0384867	0.00581965	0.000197086	0.0007113	0.112185	0.0162567	0.000222821	0.2731	0.000410486	0.3003	0.0579116	0.00155629	0.0026644	0.000946731	0.000180979	0.0140838	0.0287191	0.135616	0.00687498	0.00375726
93	0.00444953	0.00101021	0.000828628	0.00723424	0.313544	0.00257009	0.0333115	0.00709587	0.00116476	0.0112006	0.00319501	0.00170594	0.00163751	0.00187179	0.00105629	0.0114797	0.0124994	0.024296	0.0127556	0.547093
94	0.00754206	0.000186696	0.000143273	0.00305223	0.00900166	0.00165432	0.000188729	0.499376	0.000180594	0.114774	0.0123295	0.000300766	0.000159094	0.000328199	0.000199386	0.00356132	0.0230798	0.323597	0.000102747	0.000242514
95	0.266389	0.0126977	0.0150611	0.00152014	0.00152188	0.0645204	0.000577792	0.0156174	0.000647738	0.0099081	0.00134679	0.0227492	0.000495379	0.00407915	0.000583062	0.456539	0.108695	0.01175	0.000239647	0.00506261
96	0.0425601	0.0070401	0.00143635	0.00224243	0.0968959	0.0129446	0.00148211	0.261562	0.00109923	0.30888	0.0548218	0.00179729	0.00266138	0.000837114	0.000947242	0.0133061	0.0304504	0.145328	0.00842179	0.00528603
97	0.0527112	0.0181223	0.000317334	0.000726801	0.0234631	0.00654461	0.00176731	0.196367	0.00051984	0.124428	0.0507668	0.00103291	0.00192552	0.00374547	0.000491782	0.0708576	0.206783	0.237817	0.000276254	0.001337
98	0.177131	0.00989175	0.0291958	0.0322183	0.00319609	0.0253993	0.020189	0.0147121	0.0293577	0.00475731	0.00454221	0.109675	0.00948993	0.0312968	0.0287015	0.235836	0.179308	0.0418268	0.000527932	0.0127466
99	0.0045533	0.000966938	0.000804344	0.00756585	0.359393	0.00232728	0.0444519	0.00445934	0.00110268	0.00433397	0.00286143	0.00162174	0.00108103	0.00178448	0.000994688	0.0108851	0.00985614	0.0278857	0.00796038	0.505111
100	0.0515479	0.00425778	0.00423269	0.00592608	0.00820535	0.0100795	0.0964403	0.0162538	0.00392853	0.0169633	0.0105348	0.413288	0.0377944	0.160941	0.00494211	0.0789312	0.048743	0.0187205	0.00196381	0.00630635
101	0.021494	0.00160455	0.00153995	0.00236084	0.0607118	0.00445176	0.0588259	0.0204123	0.0288137	0.020754	0.017495	0.00302598	0.32852	0.146037	0.00201608	0.0753934	0.0741709	0.0625632	0.0137679	0.0560419
102	0.0313948	0.000448335	0.126005	0.362811	0.00324089	0.0487816	0.0191221	0.00318453	0.0433399	0.016751	0.00976143	0.0716417	0.012483	0.11687	0.0320974	0.0735176	0.0208485	0.00416001	0.000182044	0.00335888
103	0.0101496	0.00289789	0.000883578	0.00106784	0.0248438	0.00449753	0.00245512	0.288828	0.00321845	0.427146	0.0967599	0.000348834	0.000204502	0.00810123	0.000861332	0.00404344	0.0216076	0.100667	8.40447e-05	0.00133482
104	0.00553927	0.000245427	0.000177658	0.000299681	0.0924629	0.000836817	0.000239851	0.215818	0.000290931	0.551652	0.0535535	0.0005687	0.000211106	0.000476956	0.000234178	0.000939915	0.00147218	0.0688993	9.02907e-05	0.00599118
105	0.0209049	0.000514923	0.00746841	0.000798323	0.00334181	0.0186215	0.00053931	0.00530627	0.000717699	0.0107881	0.00568854	0.0140341	0.801942	0.0150937	0.0120339	0.0600686	0.00932214	0.00486426	0.000263523	0.00768832
106	0.1093	0.00113658	0.00293171	0.0448729	0.0778603	0.0281462	0.00127845	0.0653426	0.0298943	0.101071	0.0287661	0.0576568	0.0648597	0.0194192	0.00352894	0.158004	0.117678	0.0612732	0.000594173	0.0263864
107	0.074052	0.000550506	0.113905	0.13028	0.00437996	0.00169488	0.00440248	0.0125969	0.0496588	0.0318705	0.0111021	0.108942	0.0587923	0.102809	0.0562915	0.0891922	0.114609	0.0270365	0.00122768	0.00660702
108	0.0209135	0.0101588	0.00035534	0.000971633	0.298236	0.00659994	0.00483846	0.104162	0.00100031	0.286072	0.0776996	0.00200447	0.00191685	0.00231582	0.00137704	0.0113328	0.0285254	0.0763308	0.00574231	0.0594467
109	0.202186	0.021737	0.000425694	0.000966518	0.0103385	0.028001	0.000368078	0.152997	0.0003691	0.171021	0.0772448	0.0020155	0.00201419	0.00221503	0.000344443	0.0147099	0.0498743	0.253974	0.000499609	0.00869727
110	0.184202	0.00587391	0.0189613	0.0019415	0.0017659	0.0779609	0.000880072	0.0130502	0.000805007	0.00663254	0.00221911	0.03532	0.000553462	0.00813497	0.00110536	0.505394	0.119883	0.010146	0.000305944	0.00486414
111	0.0352157	0.000940946	0.0053446	0.0182612	0.0235568	0.018259	0.0582479	0.0600578	0.133591	0.0348116	0.00449445	0.0415191	0.000947323	0.0226323	0.397828	0.0369361	0.0312221	0.0349189	0.00456799	0.0366465
112	0.136812	0.000867272	0.0305023	0.215086	0.0101486	0.0145677	0.00851193	0.0478054	0.0389044	0.0464089	0.0412239	0.0232756	0.00208619	0.158419	0.0338435	0.100768	0.0542761	0.031543	0.000501556	0.00444834
113	0.0492077	0.00684464	0.00931475	0.0221152	0.00639129	0.17054	0.0218687	0.0138582	0.147159	0.0179413	0.00729175	0.155866	0.00517765	0.0721436	0.0958086	0.120702	0.0615838	0.0149569	0.000286712	0.000941697
114	0.00755772	0.000188357	0.000143084	0.00304058	0.00904958	0.00165819	0.000188973	0.49868	0.00018109	0.11509	0.0124976	0.00030592	0.000159945	0.000328211	0.000202401	0.0035985	0.0234511	0.323328	0.000102856	0.000248089
115	0.0642287	0.000621683	0.000611734	0.000767914	0.00137345	0.013861	0.000560699	0.00841958	0.000662078	0.00327533	0.00186876	0.00276912	0.653171	0.00944955	0.00720609	0.171157	0.0351303	0.023511	0.000319852	0.0010346
116	0.0087848	0.0105181	0.000287862	0.000648529	0.392972	0.00264749	0.00408787	0.0940927	0.000502222	0.217263	0.0423202	0.000735647	0.00455769	0.00239041	0.000689366	0.00728714	0.0216564	0.0758178	0.00715441	0.105587
117	0.0591382	0.00051102	0.000380857	0.000716287	0.00107626	0.0140128	0.000487105	0.0073083	0.000535384	0.00188574	0.00141748	0.00258409	0.660501	0.00926709	0.00747283	0.180014	0.0328136	0.0187811	0.000276014	0.000821245
118	0.111	0.00145339	0.00164888	0.00218717	0.00400648	0.0294758	0.00149811	0.0666075	0.00190486	0.0453258	0.0175987	0.00296354	0.158259	0.0037085	0.00166935	0.176591	0.205123	0.164903	0.000965762	0.00310993
119	0.0445787	0.00644344	0.00216406	0.00180665	0.137956	0.0157335	0.00194834	0.225787	0.00190277	0.229265	0.0529336	0.00284773	0.00625845	0.0031993	0.0010994	0.0155897	0.0374345	0.184569	0.0122886	0.0161943
120	0.0389876	0.00651135	0.000525687	0.000959553	0.109036	0.0157029	0.000513916	0.266924	0.000751428	0.294495	0.0595613	0.00197214	0.00318935	0.00142831	0.000362901	0.013265	0.0286894	0.142106	0.00955006	0.00546845
121	0.00554727	0.00129434	0.0280802	0.876717	0.00286803	0.0125456	0.00155893	0.00506322	0.00124154	0.00559314	0.00296058	0.00212071	0.00105627	0.018361	0.00134614	0.0195779	0.00532355	0.00590363	0.000687206	0.00215331
122	0.235845	0.0295517	0.000323014	0.00056171	0.00435339	0.0366743	0.000452581	0.129485	0.000390764	0.134354	0.0690967	0.000810715	0.00110666	0.00117338	0.000361236	0.0181781	0.0706343	0.260396	0.000201121	0.00605143
123	0.00566093	0.000199306	0.000164899	0.000294185	0.0986343	0.0007661	0.000223067	0.201167	0.000229433	0.560511	0.054989	0.000536514	0.000190985	0.000370171	0.000210774	0.000865852	0.00113853	0.0677985	8.69552e-05	0.00596207
124	0.0381481	0.00449706	0.0002124	0.000649025	0.11559	0.0177039	0.000247601	0.285026	0.000381017	0.289875	0.0571025	0.00157656	0.002433	0.000875604	0.000189947	0.013703	0.0275722	0.136128	0.00507364	0.00301649
125	0.0160167	0.00321949	0.00101767	0.00139832	0.06204	0.0069932	0.00158648	0.235857	0.00129259	0.315742	0.222295	0.00135067	0.00153313	0.00309248	0.00109631	0.00705919	0.0218131	0.085514	0.00248168	0.00860144
126	0.0282291	0.00205553	0.00191605	0.0884309	0.00639056	0.0443163	0.0209921	0.129538	0.00303516	0.246284	0.143617	0.0226267	0.00212448	0.0771182	0.00255015	0.0104714	0.0444518	0.0656268	0.0191795	0.0410477
127	0.038491	0.0045901	0.000215445	0.000679596	0.115917	0.0174785	0.000236261	0.281659	0.000388641	0.292238	0.0562504	0.00150272	0.00247275	0.000875216	0.000186414	0.0137024	0.0281268	0.136712	0.00519995	0.00307786
128	0.219226	0.00147554	0.000670447	0.00158669	0.0626536	0.0059088	0.00180772	0.172536	0.0010372	0.0740782	0.0648237	0.00178246	0.00152128	0.00228615	0.000923431	0.0707879	0.110258	0.203634	0.000429628	0.00257323
129	0.0126021	0.0102072	0.000293535	0.000684051	0.322468	0.00458011	0.00425672	0.115236	0.000750612	0.263374	0.0635018	0.00122927	0.00267795	0.00240055	0.000922641	0.00661319	0.0175517	0.0871529	0.00553638	0.077961
130	0.0169262	0.00109214	0.315391	0.319399	0.00240255	0.00654186	0.00123086	0.0339869	0.00166724	0.0138983	0.0056651	0.00285381	0.00112866	0.158777	0.00164096	0.0181183	0.0731718	0.0205251	0.000590017	0.00499234
131	0.0383082	0.00445105	0.000223259	0.000672725	0.114691	0.017646	0.000255286	0.285346	0.000377077	0.290343	0.0572414	0.0015402	0.0024021	0.000889191	0.000196479	0.0136798	0.0275333	0.136218	0.00502328	0.00296269
132	0.00567455	0.000234112	0.000177704	0.000317968	0.097473	0.000805718	0.000258636	0.202904	0.000263261	0.55854	0.0556327	0.000523371	0.000194185	0.000440481	0.00022507	0.000892668	0.00137152	0.068133	9.32448e-05	0.0058448
133	0.00244287	0.00050638	0.000497511	0.000889957	0.00128169	0.0050849	0.000736726	0.0144017	0.0544353	0.029144	0.00882905	0.000942605	0.000443268	0.0252393	0.814767	0.0102686	0.0145308	0.0104582	0.00413054	0.000969818
134	0.00554727	0.00129434	0.0280802	0.876717	0.00286803	0.0125456	0.00155893	0.00506322	0.00124154	0.00559314	0.00296058	0.00212071	0.00105627	0.018361	0.00134614	0.0195779	0.00532355	0.00590363	0.000687206	0.00215331
135	0.499694	0.0226796	0.000959379	0.000660198	0.00102127	0.108002	0.000649234	0.00536573	0.000361457	0.00666664	0.00154326	0.00242201	0.0020597	0.00100392	0.000509114	0.270021	0.0673247	0.00772836	0.000213857	0.00111481
136	0.181866	0.00876508	0.012614	0.00293286	0.00336968	0.123652	0.00112073	0.0181007	0.000766731	0.00774477	0.00407227	0.0302901	0.00108407	0.00525528	0.00113128	0.443519	0.127633	0.019547	0.000336608	0.00619879
137	0.0641385	0.00513972	0.000690995	0.00107723	0.00675414	0.00569013	0.000993243	0.255302	0.00216476	0.254594	0.0440859	0.0113523	0.00129164	0.0102918	0.00118926	0.00863632	0.0415899	0.276168	0.000709594	0.00814028
138	0.00244287	0.00050638	0.000497511	0.000889957	0.00128169	0.0050849	0.000736726	0.0144017	0.0544353	0.029144	0.00882905	0.000942605	0.000443268	0.0252393	0.814767	0.0102686	0.0145308	0.0104582	0.00413054	0.000969818
139	0.0206427	0.00204719	0.000419807	0.000674865	0.00708275	0.00225807	0.00569149	0.12044	0.00783311	0.612195	0.147388	0.000762518	0.000348551	0.0171856	0.000528691	0.0173075	0.0132194	0.0229466	0.000212855	0.000815177
140	0.019104	0.000434511	0.00769466	0.000582914	0.00326437	0.0164595	0.00042308	0.00466994	0.000465826	0.0111006	0.00576982	0.0144041	0.818543	0.0117045	0.00795469	0.0567515	0.00823479	0.00427504	0.00018295	0.00798005
141	0.0488678	0.00526977	0.0020247	0.0138249	0.0154239	0.0809681	0.00410459	0.0280498	0.225904	0.0133704	0.0296599	0.0664789	0.00292569	0.0962613	0.130468	0.126304	0.0899473	0.0174487	0.00055392	0.00214417
142	0.163705	0.00185298	0.000994798	0.00112127	0.001963	0.631937	0.00115109	0.00376697	0.000790604	0.0030133	0.00297951	0.0112174	0.00611767	0.00178231	0.000897523	0.134056	0.0231083	0.00714312	0.000328321	0.00207363
143	0.0598573	0.00144284	0.00126785	0.0257027	0.00395124	0.0416719	0.0411152	0.00657316	0.00139615	0.0184705	0.00382646	0.0426333	0.121506	0.378115	0.0015247	0.159795	0.08097	0.00682548	0.000723858	0.00263094
144	0.186497	0.00703616	0.00306499	0.00448776	0.0059284	0.0118313	0.00263748	0.0144859	0.0034902	0.00985989	0.0066928	0.0111562	0.00382813	0.00525123	0.00332297	0.186923	0.472939	0.0553502	0.00122812	0.00398992
145	0.00614733	0.000205349	0.000176054	0.00189638	0.00637784	0.00128552	0.000207803	0.481813	0.000590223	0.189407	0.0199699	0.000296641	0.000168052	0.000383228	0.000422128	0.0024194	0.0156676	0.270401	9.90476e-05	0.00206633
146	0.130733	0.0051651	0.0119713	0.00610103	0.00467173	0.133611	0.00163117	0.0181193	0.00182131	0.00831418	0.00422268	0.0561122	0.00096035	0.00712132	0.00182128	0.443695	0.140101	0.0155331	0.000782774	0.00751106
147	0.0187153	0.00229243	0.000612161	0.00143082	0.0408717	0.0058086	0.00077794	0.318109	0.000636286	0.200326	0.0599935	0.00124541	0.000941813	0.00164706	0.000490411	0.0163952	0.103842	0.220185	0.0014824	0.00419677
148	0.0116033	0.000500972	0.000359232	0.00297444	0.0132318	0.00192538	0.00036633	0.476721	0.000550434	0.117663	0.0129656	0.000557145	0.000308229	0.000458975	0.000377433	0.0040729	0.0219364	0.332561	0.000161667	0.000705452
149	0.00891424	0.000371416	0.000332191	0.000537896	0.000906762	0.948238	0.000444238	0.00171533	0.000438584	0.00172531	0.00104235	0.00213731	0.000380737	0.000778957	0.00045331	0.0270485	0.00173895	0.0018679	0.000219687	0.000708682
150	0.217621	0.00581483	0.00153388	0.0032366	0.00861245	0.414936	0.00351616	0.0145873	0.00208295	0.0170093	0.0147652	0.0115263	0.00180518	0.00462093	0.00289198	0.104539	0.120602	0.0422891	0.00112763	0.00688239
151	0.00574094	0.00102485	0.000433248	0.000756641	0.0550135	0.00250339	0.000716764	0.324694	0.000762185	0.421239	0.0521563	0.00051086	0.000249561	0.00168013	0.000479963	0.00198287	0.00891812	0.11685	0.000223952	0.00406435
152	0.00743556	0.000279369	0.000242631	0.00277119	0.0105545	0.00204291	0.00030452	0.529434	0.000332794	0.110376	0.0129511	0.000382692	0.000291816	0.000582881	0.000336654	0.00360075	0.0213234	0.296142	0.000147161	0.000467628
153	0.00325105	0.000683817	0.000402132	0.000466223	0.00815876	0.00129468	0.000534716	0.39201	0.000990456	0.340345	0.038855	0.000385336	0.000218673	0.00119508	0.000627518	0.00126127	0.00579489	0.198036	0.000134101	0.00535584
154	0.00891424	0.000371416	0.000332191	0.000537896	0.000906762	0.948238	0.000444238	0.00171533	0.000438584	0.00172531	0.00104235	0.00213731	0.000380737	0.000778957	0.00045331	0.0270485	0.00173895	0.0018679	0.000219687	0.000708682
155	0.0127513	0.0011441	0.290987	0.27478	0.00264498	0.00393288	0.00123223	0.0173957	0.00111921	0.00795243	0.00427164	0.00228441	0.00111162	0.24651	0.00137949	0.0167828	0.0998343	0.0102765	0.000592664	0.00301727
156	0.460376	0.0224535	0.00227794	0.00103931	0.00197296	0.0800166	0.00112136	0.0140894	0.000520082	0.00868898	0.0038248	0.00513422	0.00069523	0.00190744	0.000968493	0.282936	0.0903465	0.0190624	0.000222254	0.00234688
157	0.418076	0.00389211	0.00218271	0.00407678	0.00795083	0.00994965	0.00319415	0.102131	0.00254331	0.0145661	0.00950796	0.00497808	0.00411766	0.0047072	0.00281129	0.206858	0.0465773	0.144818	0.00137097	0.00569093
158	0.00739733	0.000187452	0.000146155	0.00297494	0.00905588	0.00169021	0.000192468	0.502083	0.000190555	0.115805	0.0125768	0.000301178	0.000161235	0.000330455	0.000194757	0.00348386	0.0228875	0.319961	0.00010575	0.000275271
159	0.0343744	0.000486005	0.0998325	0.328578	0.00201782	0.0319901	0.0111309	0.00582381	0.0646697	0.00937438	0.00842541	0.0734513	0.00544255	0.147273	0.0553613	0.0882708	0.0276072	0.00333653	0.000238487	0.00231537
160	0.498348	0.0203903	0.000863876	0.000608016	0.000973259	0.121024	0.000563696	0.00473258	0.000376882	0.00604149	0.00125852	0.00247421	0.00405685	0.000909077	0.000486686	0.270827	0.0580765	0.00693744	0.000196712	0.000855387
161	0.0413151	0.00678621	0.0135789	0.0260266	0.00369992	0.20424	0.0314618	0.0106008	0.124967	0.0148009	0.00269989	0.181728	0.00358383	0.0529954	0.0878264	0.123834	0.0542059	0.014445	0.000266463	0.000938411
162	0.00566093	0.000199306	0.000164899	0.000294185	0.0986343	0.0007661	0.000223067	0.201167	0.000229433	0.560511	0.054989	0.000536514	0.000190985	0.000370171	0.000210774	0.000865852	0.00113853	0.0677985	8.69552e-05	0.00596207
163	0.182366	0.00208231	0.000861491	0.003328	0.0404362	0.0207367	0.00133712	0.239558	0.000805795	0.0677375	0.059986	0.00345371	0.00172824	0.00366883	0.000837317	0.0380079	0.106483	0.222242	0.000480885	0.0038624
164	0.136923	0.0052133	0.0204175	0.00236225	0.00203073	0.0715903	0.000679835	0.0154774	0.000693168	0.00690418	0.00176074	0.0380906	0.000557181	0.00579771	0.000692054	0.551953	0.119903	0.0107262	0.000313234	0.00791502
165	0.193601	0.00589353	0.0380124	0.035349	0.00298844	0.0276245	0.032562	0.0205808	0.0285223	0.00403031	0.00498281	0.137774	0.0189361	0.0439832	0.0315425	0.200861	0.0948193	0.0575638	0.000533611	0.0198399
166	0.120793	0.00636337	0.00525869	0.00248874	0.0498557	0.0623702	0.00130676	0.215952	0.000678771	0.122337	0.0326411	0.00377466	0.0618089	0.00868354	0.00068927	0.0296094	0.082794	0.183002	0.000655908	0.0089378
167	0.0170634	0.00200396	0.000488433	0.00144964	0.0287428	0.00730618	0.000841791	0.23448	0.000716625	0.237794	0.0720645	0.00223865	0.000641409	0.0019536	0.000550203	0.0263388	0.16269	0.197844	0.000639448	0.00415255
168	0.00740711	0.00018545	0.000144247	0.00288487	0.00872724	0.00165001	0.000197331	0.503817	0.000329547	0.122663	0.012991	0.000327321	0.00015825	0.000322108	0.000280266	0.00335054	0.0224505	0.311696	0.000101491	0.000316878
169	0.00941665	0.000552277	0.000180661	0.00275356	0.0101686	0.00179833	0.000225811	0.49366	0.000245505	0.116804	0.016596	0.000427473	0.000223132	0.000448514	0.000265129	0.00345568	0.0218186	0.320321	0.000151603	0.000487187
170	0.00754206	0.000186696	0.000143273	0.00305223	0.00900166	0.00165432	0.000188729	0.499376	0.000180594	0.114774	0.0123295	0.000300766	0.000159094	0.000328199	0.000199386	0.00356132	0.0230798	0.323597	0.000102747	0.000242514
171	0.118881	0.00127128	0.00113538	0.00747448	0.0311052	0.0527541	0.00110115	0.266767	0.000465513	0.0877746	0.0453449	0.00691472	0.00426437	0.00683071	0.000514267	0.0371536	0.0893841	0.233783	0.000785839	0.00629519
172	0.506929	0.02205	0.000875892	0.000515924	0.000888848	0.110821	0.000384465	0.00478507	0.000370342	0.00622452	0.000993422	0.00160304	0.00249974	0.00078247	0.000424236	0.271754	0.0607049	0.00655951	0.000197766	0.000635566
173	0.0396464	0.00534853	0.00023127	0.000776488	0.111228	0.0165803	0.000225108	0.275204	0.000370754	0.300044	0.0566378	0.00140415	0.00252255	0.000826181	0.000194825	0.0139004	0.0288833	0.136372	0.00629523	0.00330868
174	0.1521	0.0133153	0.0103754	0.00323388	0.00226026	0.0456538	0.000977646	0.017302	0.00229289	0.00699791	0.00240272	0.0287917	0.000857968	0.00404445	0.00196612	0.407189	0.271688	0.0233435	0.000689538	0.00451797
175	0.423141	0.00172903	0.00101246	0.00194501	0.0261184	0.151148	0.00230619	0.022692	0.00124063	0.00561788	0.0448935	0.0122167	0.00119541	0.00338949	0.00188052	0.102271	0.115733	0.0622319	0.000798408	0.018439
176	0.00685155	0.000213917	0.000164449	0.00246722	0.00758007	0.00144415	0.000212478	0.497013	0.000432792	0.153513	0.0157769	0.000318823	0.000161808	0.000346019	0.00033938	0.00288977	0.0194438	0.289663	0.0001053	0.00106294
177	0.427396	0.0318662	0.00260514	0.000520866	0.00079785	0.0786148	0.000372089	0.00815328	0.000359217	0.0108985	0.000908533	0.00344789	0.000321468	0.00100745	0.000502324	0.320475	0.0997489	0.0111949	0.000195628	0.00061363
178	0.0633117	0.00206932	0.00586342	0.026411	0.0168901	0.0825925	0.00173481	0.0464331	0.00234021	0.0199707	0.0045573	0.12882	0.00261169	0.0157089	0.00175674	0.365142	0.162296	0.0329792	0.00078168	0.0177293
179	0.0131108	0.0053554	0.00165796	0.0038464	0.414577	0.00657784	0.00511122	0.0380524	0.00247415	0.183647	0.0171369	0.00357248	0.0046869	0.00545905	0.00290762	0.048368	0.0190936	0.0323532	0.00612471	0.185887
180	0.0742152	0.017169	0.000337703	0.000684153	0.0217133	0.00492764	0.00179767	0.17429	0.000631226	0.100377	0.0526881	0.000866064	0.00209856	0.00381711	0.000552292	0.0835579	0.220481	0.238547	0.000251714	0.000997017
181	0.0870517	0.00805652	0.00113604	0.00173907	0.038138	0.0108424	0.00428464	0.219259	0.00051881	0.124284	0.0392708	0.00219922	0.00744987	0.00401171	0.000566318	0.0664437	0.162125	0.219599	0.000621852	0.00240189
182	0.0582938	0.000516962	0.000450705	0.000812943	0.00116653	0.0144565	0.000532539	0.00740259	0.000571283	0.00209529	0.00173027	0.00263608	0.658197	0.0091932	0.00734414	0.18067	0.0324066	0.0202946	0.000292218	0.000936738
183	0.193339	0.00562517	0.0381326	0.035081	0.00316476	0.0267728	0.0327708	0.0212603	0.0280505	0.00427887	0.00491181	0.135956	0.0187248	0.0440701	0.0314433	0.202993	0.0936108	0.0592686	0.000513344	0.0200331
184	0.0500258	0.0080135	0.00107059	0.00206778	0.110984	0.0209772	0.000921374	0.230019	0.0012939	0.241029	0.0542375	0.00548573	0.00408158	0.00581775	0.000579081	0.0201384	0.0442457	0.16966	0.0154006	0.0139515
185	0.0625779	0.00403833	0.00614592	0.0101183	0.0461844	0.0108916	0.00560085	0.0764383	0.015254	0.0658912	0.0414973	0.0213139	0.00758967	0.00889366	0.154638	0.16789	0.199923	0.0833837	0.00163383	0.0100967
186	0.00807231	0.00323196	0.00104149	0.00119634	0.028859	0.00496811	0.00201748	0.333079	0.0018586	0.377527	0.0887123	0.000293771	0.000191999	0.00517052	0.000970575	0.00237071	0.0222185	0.116299	9.32927e-05	0.00182796
