205	20
1	0.0144512	0.000562803	0.541438	0.0471475	0.00210485	0.00282328	0.0174875	0.00208595	0.0443597	0.00259228	0.00265749	0.198507	0.00696553	0.033444	0.00762449	0.060132	0.00261463	0.00978186	0.000602385	0.00261797
2	0.134874	0.00238063	0.0274854	0.058264	0.0195269	0.0223134	0.0114637	0.0272322	0.049808	0.0403648	0.0336272	0.0247501	0.269579	0.0263556	0.0413498	0.0899441	0.044007	0.0550814	0.00495165	0.016641
3	0.00983406	0.778174	0.00601972	0.00699138	0.0207139	0.00471275	0.00519694	0.00676265	0.00802595	0.0245158	0.00620363	0.00762227	0.00397	0.00688699	0.0062766	0.0427553	0.0396033	0.00903908	0.00216803	0.00452747
4	0.00638636	0.000202497	0.301765	0.165384	0.00621256	0.00392191	0.0668152	0.00341859	0.0881633	0.00913474	0.0063455	0.113399	0.00060195	0.0738908	0.050697	0.0206393	0.0390002	0.0162585	0.000344278	0.027419
5	0.0133507	0.000645298	0.482712	0.0098765	0.00987139	0.040238	0.00509433	0.00339179	0.009854	0.00412777	0.0119785	0.329054	0.00780974	0.0150104	0.00454459	0.0217062	0.00443906	0.00732821	0.00101052	0.0179569
6	0.01165	0.00150798	0.00399871	0.00491934	0.364668	0.00269523	0.0139893	0.0111903	0.00686892	0.104168	0.0273994	0.00734066	0.00334846	0.00795605	0.00320277	0.00755731	0.00852182	0.019375	0.0291384	0.360504
7	0.00227522	0.00030403	0.00329979	0.00463494	0.299254	0.00113986	0.0104009	0.0076424	0.00603334	0.0282655	0.00703475	0.00162226	0.00306803	0.00150744	0.00132557	0.00464603	0.00207528	0.00176071	0.0145912	0.599118
8	0.0612012	0.00047993	0.104404	0.306512	0.0044741	0.035042	0.0167018	0.00797906	0.0841373	0.0280606	0.0112796	0.0398954	0.0217355	0.0921411	0.0461222	0.0732576	0.0326652	0.0248883	0.00153518	0.00748712
9	0.0533839	0.00128127	0.0360877	0.0651123	0.0256559	0.00529163	0.00911908	0.172875	0.0578837	0.073079	0.0520488	0.0191677	0.00151147	0.0391583	0.0373883	0.0410084	0.0677923	0.231289	0.00173314	0.00913352
10	0.0208307	0.0113495	0.000964634	0.00369018	0.0273822	0.0030191	0.00343431	0.22634	0.00423137	0.282297	0.242043	0.00126953	0.000518314	0.0081001	0.00103835	0.00219434	0.0187601	0.139767	0.000414384	0.00235498
11	0.00829716	0.000314219	0.00534061	0.0298178	0.00115771	0.00464455	0.0296211	0.013869	0.466729	0.0187306	0.0132988	0.0109511	0.0010637	0.0713669	0.263261	0.013493	0.0207548	0.0236245	0.00044112	0.00322301
12	0.0722843	0.000572944	0.0939149	0.192592	0.00394829	0.0536348	0.0354381	0.0114255	0.112012	0.0280351	0.0107975	0.0623037	0.0172041	0.0730045	0.0730783	0.100535	0.0292351	0.013299	0.0016423	0.0150426
13	0.083378	0.0127044	0.00184266	0.00281342	0.023798	0.00654192	0.0108313	0.132301	0.00428323	0.338602	0.0579327	0.0119663	0.00907931	0.00322803	0.0033523	0.0344402	0.041454	0.211576	0.00161608	0.00825917
14	0.00966519	0.00243631	0.000960851	0.00562136	0.0645913	0.00226275	0.0025774	0.227752	0.00450769	0.352306	0.10871	0.00207353	0.00307324	0.010295	0.00360082	0.00648753	0.0194992	0.149363	0.0066856	0.0175312
15	0.0595425	0.000206076	0.140795	0.312142	0.00454391	0.0272185	0.0155856	0.00756408	0.0804893	0.025895	0.00992186	0.0434298	0.0193514	0.0777662	0.0331284	0.0534783	0.0482911	0.0315605	0.00238991	0.00670097
16	0.0153718	0.00132961	0.00227481	0.00386099	0.416057	0.00328502	0.00697362	0.0252078	0.00486805	0.226642	0.0595353	0.00603276	0.00195417	0.00467569	0.00601586	0.00470279	0.0166782	0.0474774	0.0326405	0.114416
17	0.00227522	0.00030403	0.00329979	0.00463494	0.299254	0.00113986	0.0104009	0.0076424	0.00603334	0.0282655	0.00703475	0.00162226	0.00306803	0.00150744	0.00132557	0.00464603	0.00207528	0.00176071	0.0145912	0.599118
18	0.0668654	0.00189428	0.0960234	0.132617	0.00156099	0.0174696	0.046706	0.0132433	0.169343	0.0282408	0.0120683	0.0534511	0.00329766	0.113955	0.114622	0.0849288	0.0210547	0.00896334	0.00094103	0.0127553
19	0.074886	0.00584462	0.0208745	0.00843029	0.00186218	0.0020128	0.00196046	0.008785	0.0152233	0.00951828	0.00268051	0.00876575	0.0019416	0.0149173	0.0138281	0.640977	0.161846	0.00308575	0.000826703	0.00173417
20	0.00983406	0.778174	0.00601972	0.00699138	0.0207139	0.00471275	0.00519694	0.00676265	0.00802595	0.0245158	0.00620363	0.00762227	0.00397	0.00688699	0.0062766	0.0427553	0.0396033	0.00903908	0.00216803	0.00452747
21	0.0201594	0.0110627	0.00101456	0.00362537	0.0274387	0.00285368	0.00322723	0.226378	0.00471097	0.277933	0.248622	0.00110568	0.000524384	0.00808777	0.00113277	0.0020848	0.0191148	0.138149	0.000425737	0.00234952
22	0.0393457	0.0012638	0.0434352	0.0301644	0.0950855	0.114804	0.0175594	0.00595629	0.0466349	0.046534	0.0188228	0.0522434	0.00277453	0.0333402	0.032095	0.177529	0.0581947	0.0212084	0.0478471	0.115162
23	0.066388	0.00518009	0.00321678	0.00417528	0.0137815	0.00282889	0.00949002	0.267103	0.0247114	0.0920994	0.0049037	0.0103202	0.0198043	0.00818943	0.00828141	0.0245891	0.0588851	0.361742	0.0116104	0.00270047
24	0.0793861	0.00030432	0.0783608	0.0450335	0.00270626	0.156722	0.00970756	0.00800928	0.0211112	0.0176681	0.0126744	0.0612521	0.0411507	0.0274483	0.0153182	0.264149	0.0950606	0.030521	0.00868112	0.0247354
25	0.181862	0.000270253	0.0195106	0.038358	0.0263443	0.0152046	0.014255	0.0512543	0.0389729	0.0768523	0.0127126	0.019677	0.131608	0.0246417	0.0224183	0.0905652	0.0786498	0.145753	0.001605	0.00948565
26	0.0196316	0.000577397	0.38451	0.00626575	0.00759633	0.0467245	0.00733796	0.0055058	0.00726621	0.00454958	0.00914469	0.388932	0.0130611	0.0142325	0.00486351	0.0275358	0.00546559	0.0106841	0.00130966	0.0348063
27	0.103969	0.000403892	0.0330299	0.0820006	0.0394661	0.033277	0.00493346	0.0363831	0.0505624	0.0684485	0.0173288	0.0232341	0.186668	0.0417098	0.0319747	0.145842	0.0126894	0.0543928	0.0117568	0.0219295
28	0.0785735	0.000292505	0.0733068	0.039911	0.00229178	0.177689	0.00829635	0.00787485	0.0219037	0.0180405	0.0125453	0.0584657	0.043387	0.0265085	0.0150404	0.262902	0.0914408	0.029449	0.00803658	0.0240441
29	0.0163476	0.000724038	0.00325685	0.00952805	0.125323	0.0056776	0.00362389	0.156016	0.00448654	0.304022	0.0679789	0.00471565	0.0293632	0.0124648	0.00693626	0.0163924	0.0504367	0.134383	0.0153722	0.0329515
30	0.10808	0.010107	0.0234575	0.0154279	0.0467696	0.0881863	0.0104627	0.0465921	0.00762793	0.0551627	0.0392932	0.0430788	0.0249701	0.0380989	0.0209981	0.194877	0.137613	0.0630138	0.00856363	0.0176199
31	0.0437249	0.00065257	0.00608268	0.016734	0.0746503	0.00343756	0.0060236	0.103382	0.00678639	0.479898	0.108907	0.0040881	0.0040406	0.0165233	0.0162336	0.0230281	0.0127932	0.0309599	0.00617825	0.0358757
32	0.101615	0.000402876	0.0339224	0.0833546	0.037942	0.0372639	0.00481623	0.0340651	0.0519886	0.066415	0.0165077	0.0237518	0.185183	0.0423864	0.0325302	0.150824	0.0117587	0.0501805	0.0124686	0.0226232
33	0.0785653	0.000309358	0.0818759	0.043363	0.00245766	0.15631	0.00857371	0.00879846	0.0197398	0.0178448	0.0122441	0.062025	0.0422204	0.0273017	0.0145196	0.268295	0.0948011	0.029586	0.00820339	0.0229663
34	0.0426295	0.00154481	0.0103351	0.110162	0.00876484	0.00727112	0.0607513	0.0116162	0.160137	0.0402404	0.011186	0.018354	0.0877019	0.123856	0.139751	0.0279013	0.071088	0.0120001	0.0216481	0.0330606
35	0.0702964	0.00052865	0.121501	0.196456	0.00443025	0.0361115	0.0355446	0.0110891	0.105003	0.0274606	0.0108262	0.0659002	0.00680166	0.0651618	0.0643905	0.0907748	0.0495843	0.0176765	0.00299172	0.0174706
36	0.0385698	0.0033269	0.00677214	0.00892802	0.25908	0.00340007	0.0224874	0.00525557	0.0113821	0.0318938	0.0289331	0.022738	0.00668857	0.0435088	0.00216656	0.0222852	0.0102921	0.0213877	0.047707	0.403197
37	0.0254813	0.00464206	0.00531524	0.0112772	0.29226	0.00815818	0.0214258	0.0115065	0.0107345	0.0784292	0.0398785	0.025229	0.00409811	0.0240093	0.0028547	0.014272	0.0236544	0.0248419	0.0359518	0.335981
38	0.0132736	0.000665693	0.00271242	0.00300616	0.468862	0.002524	0.00230824	0.0207378	0.00380266	0.304144	0.0325737	0.00327175	0.00251998	0.00362619	0.0105044	0.00608622	0.00841484	0.0629601	0.00755162	0.0404547
39	0.0678589	0.00125971	0.18314	0.196062	0.00650289	0.0337556	0.0236274	0.0140131	0.071724	0.0223151	0.0115126	0.0596686	0.0164944	0.052181	0.0375781	0.100309	0.044975	0.0242603	0.0033116	0.0294509
40	0.0328253	0.00089852	0.00441378	0.00562557	0.0146186	0.00336095	0.00363251	0.0992692	0.162776	0.0290694	0.0420614	0.0155977	0.00277802	0.0861122	0.0621607	0.0655071	0.299433	0.0292162	0.0129779	0.0276658
41	0.079632	0.00294332	0.0832436	0.156457	0.00169027	0.0115277	0.0269997	0.0145259	0.187291	0.0317311	0.0137123	0.0321997	0.00209611	0.137085	0.116955	0.071913	0.0126054	0.00568449	0.000742167	0.0109654
42	0.00271983	0.000540374	0.00116385	0.00154283	0.0360212	0.000907424	0.00370462	0.217715	0.0023119	0.498614	0.0520236	0.00160208	0.00189708	0.00498287	0.00148664	0.00743337	0.0144644	0.133946	0.0104073	0.00651628
43	0.194559	0.00230078	0.0150884	0.0598593	0.0341352	0.0185112	0.00843821	0.0591209	0.0347682	0.0828966	0.0246888	0.0149029	0.0441949	0.0290781	0.0152199	0.138002	0.0912368	0.120908	0.0026662	0.00942464
44	0.0265554	0.000740957	0.0368975	0.0144022	0.00343788	0.00270274	0.0130795	0.136422	0.0239409	0.0265135	0.0227113	0.0142734	0.00222456	0.00475328	0.0128096	0.0464539	0.308268	0.275233	0.000924219	0.0276563
45	0.0026127	0.00053935	0.00105965	0.00136283	0.036139	0.00077524	0.00354349	0.218409	0.0022584	0.4978	0.0520415	0.00156576	0.00189357	0.00495982	0.00135711	0.00741274	0.0144581	0.134988	0.0103727	0.0064505
46	0.120519	0.000439389	0.0105315	0.0440341	0.0184284	0.0197669	0.0556126	0.0349235	0.14941	0.0382541	0.0208166	0.0431531	0.0111967	0.0738442	0.156272	0.0642362	0.0491989	0.07115	0.000777752	0.0174356
47	0.0920943	0.00156542	0.09448	0.0276648	0.00573289	0.0621629	0.00892724	0.0129722	0.0414532	0.0148056	0.00996458	0.194463	0.0814983	0.0180727	0.0532328	0.132448	0.0732093	0.0440137	0.019129	0.0121099
48	0.0286788	0.00533385	0.00521138	0.00870313	0.281687	0.00506768	0.0207173	0.0102544	0.0118107	0.0621238	0.0364652	0.0223067	0.00412569	0.0275847	0.00212392	0.0148605	0.0172074	0.0223711	0.0441678	0.369198
49	0.0210712	0.0113814	0.000975252	0.00357669	0.0279624	0.00285539	0.00327613	0.226433	0.00421054	0.281507	0.24332	0.00115929	0.000510456	0.00822383	0.00103519	0.00211258	0.0183425	0.139335	0.000404216	0.0023079
50	0.0616812	0.0119748	0.00416065	0.00523162	0.0148172	0.0194792	0.0120793	0.147891	0.0571421	0.108674	0.148133	0.00543405	0.00224023	0.00686034	0.0358457	0.047601	0.0644537	0.228592	0.0143311	0.00337739
51	0.0256266	0.00230848	0.0039851	0.0174518	0.230818	0.00762347	0.0166496	0.0610947	0.00827664	0.134439	0.0938481	0.0119723	0.00478505	0.0292514	0.00871898	0.0113728	0.0353429	0.0691342	0.0546266	0.172675
52	0.0138164	0.000746099	0.0503134	0.0263323	0.00695463	0.00683414	0.120774	0.00887321	0.148189	0.0135414	0.0132564	0.109095	0.00541638	0.144066	0.164197	0.110779	0.0424546	0.00854772	0.000909953	0.00490422
53	0.0351952	0.000727007	0.00218728	0.0233267	0.128119	0.0129554	0.0030632	0.124227	0.00404456	0.191842	0.0604559	0.00431332	0.00776588	0.0271314	0.0132454	0.0093587	0.0539358	0.212697	0.0154897	0.0699197
54	0.204209	0.000478512	0.0176817	0.0251375	0.0207345	0.0153169	0.0143274	0.0455377	0.0255978	0.0699321	0.0157044	0.0141638	0.148736	0.0183773	0.0173708	0.101307	0.0831273	0.147228	0.00149073	0.0135412
55	0.0869454	0.0136841	0.00210187	0.00277115	0.0223177	0.00615146	0.00954729	0.13257	0.00555083	0.313437	0.0473347	0.0104822	0.013347	0.00353022	0.00381523	0.0402446	0.0516161	0.225923	0.00206478	0.00656533
56	0.0835983	0.000682488	0.0746908	0.0399249	0.00398398	0.160003	0.00856184	0.00884723	0.0197578	0.0206556	0.0142382	0.0587341	0.0414502	0.0258423	0.0143314	0.270006	0.093382	0.0297536	0.00898477	0.0225709
57	0.089606	0.000402521	0.00727156	0.0462907	0.0257944	0.0188662	0.0514087	0.0338999	0.16683	0.0430948	0.0243191	0.0295087	0.0228839	0.0661871	0.186703	0.0726033	0.0368268	0.0446724	0.00191984	0.0309115
58	0.0258383	0.00121569	0.0116823	0.0210115	0.0263419	0.00244615	0.00910136	0.105955	0.0123316	0.484546	0.149714	0.00543834	0.00768488	0.0177804	0.0194617	0.0120338	0.0128996	0.0401997	0.00846962	0.0258477
59	0.00545315	0.00062935	0.00456414	0.00481012	0.317976	0.00170865	0.0155607	0.00674179	0.00631109	0.0398327	0.0107733	0.00435876	0.00448063	0.00433002	0.00155025	0.00699197	0.00352371	0.00387854	0.020266	0.536259
60	0.0730102	0.0096455	0.00404308	0.00574961	0.0190229	0.00621319	0.00840057	0.238294	0.0304506	0.094369	0.0340051	0.00849189	0.0111839	0.012774	0.0180107	0.0367791	0.0712528	0.299034	0.0157587	0.00351122
61	0.00824165	0.00411019	0.000747846	0.00172906	0.0445249	0.00143121	0.0024738	0.248321	0.003115	0.368327	0.126531	0.00139033	0.00158249	0.00608241	0.000981204	0.00488584	0.01615	0.148211	0.004938	0.00622627
62	0.00815725	0.00051247	0.00494975	0.0363666	0.00159044	0.0044527	0.0257644	0.0125001	0.457222	0.0170783	0.0148991	0.0102824	0.00127302	0.0809208	0.265737	0.0123575	0.019133	0.0229162	0.000551174	0.00333571
63	0.0691425	0.000496026	0.123063	0.193999	0.00477896	0.035684	0.0352907	0.0103372	0.105163	0.0283296	0.0113588	0.0690111	0.00602331	0.0638159	0.0636131	0.0897601	0.0513689	0.0180832	0.00323614	0.0174458
64	0.15272	0.00114177	0.0263749	0.155067	0.00562632	0.00713128	0.00828535	0.0289695	0.0487824	0.0134447	0.00679213	0.0113609	0.0114725	0.0248465	0.0300943	0.214875	0.0510157	0.19571	0.0021594	0.00412973
65	0.0155289	0.00114179	0.00223054	0.00319526	0.45671	0.00282283	0.00425417	0.0209326	0.00389767	0.265383	0.0479623	0.00520081	0.00161303	0.00362131	0.00749199	0.00475187	0.0122209	0.0521046	0.0136191	0.0753167
66	0.0635456	0.000733868	0.132866	0.036308	0.00463635	0.146988	0.00940618	0.00875758	0.0229133	0.0162418	0.0110914	0.0813145	0.0337674	0.0366189	0.0208783	0.242203	0.0759312	0.0293431	0.00658648	0.0198679
67	0.0743424	0.000189583	0.159222	0.303848	0.00376121	0.0298209	0.00997636	0.00905385	0.0831637	0.0168029	0.00835476	0.0444862	0.0327894	0.0583237	0.0262807	0.0461535	0.0536058	0.0338361	0.00163676	0.00435258
68	0.0771482	0.000206423	0.150147	0.298625	0.00378571	0.0281736	0.0104982	0.0113945	0.0904129	0.016124	0.00754075	0.0387775	0.0311369	0.0663113	0.0250715	0.0510059	0.0509915	0.0364433	0.00171084	0.00449549
69	0.0617635	0.00203783	0.115948	0.075402	0.00861572	0.0643066	0.0115304	0.0282704	0.0297211	0.0203987	0.0120325	0.084461	0.0164867	0.0230898	0.0187974	0.244981	0.134444	0.0253707	0.00487168	0.0174715
70	0.0131473	0.000346305	0.00547724	0.0205928	0.00278561	0.00492272	0.0198764	0.0101064	0.49625	0.0207737	0.00936573	0.0101299	0.00770035	0.056625	0.267464	0.0110554	0.0168801	0.0168052	0.000543556	0.00915204
71	0.194401	0.000565835	0.0107727	0.0450447	0.0285045	0.0180426	0.0279317	0.0221564	0.15454	0.0377895	0.0219659	0.0349012	0.00754596	0.0534405	0.147519	0.0554281	0.0377217	0.0793588	0.000718804	0.0216511
72	0.114912	0.00822221	0.01495	0.0242917	0.031209	0.0432503	0.0131625	0.0540284	0.0315096	0.122214	0.0648803	0.0450839	0.0260421	0.0317697	0.0433344	0.109357	0.093459	0.110539	0.00576357	0.0120214
73	0.0322611	0.000668014	0.00483754	0.0791209	0.00558975	0.0234334	0.015783	0.151805	0.162084	0.176108	0.0547728	0.0175817	0.00419797	0.0491463	0.0881998	0.0361278	0.048199	0.0456729	0.00139617	0.00301468
74	0.0633931	0.000178551	0.153035	0.277307	0.00562787	0.0282256	0.0191837	0.00792047	0.0855746	0.022283	0.00995741	0.0511377	0.0175113	0.0625899	0.0353526	0.0590881	0.0586782	0.0305339	0.00316515	0.00925603
75	0.0163986	0.000600966	0.0095904	0.03539	0.00451063	0.00650496	0.0294138	0.0168966	0.414666	0.0223803	0.0157234	0.0168775	0.0064749	0.0812957	0.229051	0.0232287	0.0379074	0.0234042	0.00204177	0.00764381
76	0.0838582	0.014047	0.00200429	0.00264214	0.0208614	0.00761976	0.0104661	0.125943	0.00498817	0.339303	0.0607736	0.0106749	0.00909613	0.00299999	0.00364954	0.035651	0.0410546	0.216433	0.00126754	0.00666593
77	0.0549758	0.000226747	0.166746	0.188494	0.00607207	0.0288827	0.0404521	0.00793809	0.101118	0.0244816	0.0105072	0.0828886	0.0049644	0.0588415	0.0595525	0.069738	0.0549169	0.017388	0.00265592	0.0191588
78	0.0453602	0.00439962	0.0796777	0.0661792	0.0191591	0.0216534	0.0199845	0.0167148	0.0817528	0.0484755	0.0259173	0.181458	0.000965844	0.0347848	0.0386946	0.171785	0.0530152	0.0419185	0.00760059	0.0405032
79	0.107467	0.0130819	0.0572637	0.0352207	0.00347201	0.00448651	0.00536398	0.00549517	0.209742	0.00773216	0.00629392	0.0338866	0.295824	0.019218	0.0360551	0.0559632	0.0476915	0.0496528	0.00217751	0.00391191
80	0.137184	0.000686171	0.0211484	0.0237307	0.0415964	0.0274402	0.0101849	0.0609235	0.0336571	0.0909934	0.0198441	0.0229054	0.145069	0.0187373	0.0174076	0.0733892	0.0839406	0.158768	0.0025541	0.00984037
81	0.0144512	0.000562803	0.541438	0.0471475	0.00210485	0.00282328	0.0174875	0.00208595	0.0443597	0.00259228	0.00265749	0.198507	0.00696553	0.033444	0.00762449	0.060132	0.00261463	0.00978186	0.000602385	0.00261797
82	0.0107855	0.00110513	0.0198774	0.00683567	0.0181286	0.0174729	0.00430302	0.00583644	0.284807	0.00981063	0.00543486	0.0327867	0.0695649	0.0375549	0.40321	0.00924613	0.0218573	0.00675986	0.00145134	0.0331716
83	0.0453865	0.00303633	0.0989862	0.089494	0.0172553	0.0221477	0.0225557	0.0151114	0.0876736	0.0396526	0.0230418	0.167985	0.000988389	0.0358031	0.0421681	0.151085	0.062935	0.0372777	0.00627183	0.0311444
84	0.169187	0.00047214	0.0132314	0.0236706	0.0148142	0.0176123	0.00976802	0.0415926	0.0295044	0.0667696	0.0104922	0.0146489	0.257381	0.0149319	0.025909	0.0912594	0.0605135	0.116072	0.00178995	0.02038
85	0.145777	0.0103664	0.0152432	0.0204616	0.052095	0.0419432	0.0138395	0.0467561	0.00735289	0.0621635	0.045106	0.0300171	0.0385822	0.0438134	0.0194028	0.161541	0.132273	0.0937523	0.00740418	0.0121088
86	0.0722666	0.000990188	0.0748895	0.0820759	0.032081	0.00553759	0.00584373	0.129067	0.0445803	0.0433862	0.0818724	0.0196264	0.00203283	0.0397248	0.0160688	0.0432575	0.142665	0.156287	0.00157168	0.00617592
87	0.0658371	0.00466724	0.00394399	0.00796182	0.0134589	0.00293067	0.0115325	0.261783	0.0217493	0.0922944	0.00617817	0.0127693	0.015602	0.00818803	0.00888989	0.0268674	0.0588694	0.362811	0.0108151	0.00285139
88	0.0226308	0.000851157	0.367946	0.0366549	0.00600744	0.0257574	0.0137611	0.00828088	0.0348054	0.00834405	0.00848244	0.295248	0.00923543	0.0261134	0.013236	0.06479	0.0144145	0.0242307	0.00220415	0.017006
89	0.351483	0.000950354	0.0106434	0.0171618	0.00844051	0.022253	0.00667409	0.0233491	0.0163205	0.0246784	0.0103669	0.00934244	0.0934257	0.0114631	0.0126612	0.220959	0.0690627	0.0821816	0.00165955	0.00692432
90	0.0384375	0.00332489	0.00674585	0.0088801	0.259498	0.00339814	0.0224655	0.00525575	0.0113255	0.0319204	0.0288836	0.0227241	0.00666577	0.0433483	0.00217191	0.0222738	0.0102421	0.0212834	0.0478315	0.403324
91	0.038527	0.00372835	0.00746948	0.00962088	0.261223	0.00475375	0.0263469	0.00678525	0.0125896	0.0373085	0.0278958	0.0257262	0.00613273	0.0377653	0.00324542	0.0212921	0.0124565	0.0207276	0.0443774	0.392028
92	0.0453828	0.0043372	0.0803437	0.0660355	0.0186875	0.0216261	0.0198947	0.0173903	0.0803565	0.0488855	0.0256267	0.183531	0.0010452	0.0348618	0.0374291	0.172749	0.0521075	0.0422809	0.00740493	0.040025
93	0.0484698	0.0034418	0.0702477	0.0692163	0.021394	0.0243469	0.0190936	0.0159993	0.0947902	0.0548226	0.0287519	0.155032	0.00209132	0.0342445	0.0557455	0.155213	0.0564729	0.04157	0.00702143	0.0420347
94	0.0421277	0.0017844	0.0408414	0.0402871	0.015662	0.015057	0.0711073	0.050712	0.120936	0.0377346	0.0216149	0.143244	0.0135255	0.0579286	0.103446	0.0712655	0.0931375	0.0394059	0.00383444	0.0163482
95	0.0705299	0.000719749	0.0935684	0.190035	0.00383425	0.0529187	0.0406092	0.0139067	0.106761	0.030018	0.00959411	0.0511991	0.0114735	0.076911	0.066729	0.114088	0.0278873	0.0179128	0.00183745	0.0194665
96	0.0203492	0.0112519	0.000975847	0.00363108	0.0284255	0.00285463	0.00322106	0.228495	0.00421777	0.279295	0.243982	0.00109169	0.000508215	0.00828711	0.00105041	0.00201115	0.0184147	0.139113	0.000437795	0.00238723
97	0.0513793	0.00111577	0.00367696	0.0339668	0.120996	0.018385	0.00460754	0.128667	0.00570349	0.118861	0.0848663	0.00656435	0.00629513	0.0477934	0.0142426	0.0161216	0.0740136	0.172827	0.0192265	0.0706906
98	0.00758547	0.00337454	0.000814894	0.00172885	0.0576872	0.00136409	0.00236258	0.255852	0.00333543	0.350916	0.115099	0.00184849	0.00253022	0.00633647	0.0012267	0.00575471	0.0177258	0.150674	0.00544985	0.00833391
99	0.0771522	0.00208205	0.0157632	0.0258864	0.0224045	0.0191513	0.012915	0.0347751	0.0381658	0.0983125	0.0150424	0.0252678	0.316241	0.0234083	0.0451415	0.058652	0.0900461	0.0578721	0.00362548	0.0180949
100	0.162193	0.00348999	0.0108409	0.0584291	0.0416659	0.0211289	0.00727335	0.0813396	0.0262223	0.134801	0.0341696	0.013894	0.026956	0.0401264	0.0116901	0.124589	0.0883018	0.0982922	0.00334266	0.0112537
101	0.396735	0.00555919	0.0136518	0.00241417	0.00216036	0.418014	0.00668882	0.0134074	0.00304337	0.00738509	0.00811498	0.00273844	0.00128646	0.00230929	0.0074101	0.0780018	0.0138461	0.00985508	0.000561528	0.00681679
102	0.025883	0.00178961	0.00389261	0.0215762	0.0838462	0.00757504	0.00541581	0.211301	0.0106652	0.166275	0.113123	0.0136593	0.00662723	0.0302029	0.0159343	0.0212064	0.0334519	0.167155	0.01714	0.0432808
103	0.0568394	0.00188807	0.00546966	0.0174943	0.0712932	0.00581702	0.00637132	0.102319	0.00753412	0.438875	0.0999326	0.00583374	0.00471421	0.019193	0.0140002	0.0308665	0.0206688	0.0503239	0.00603472	0.0345313
104	0.029459	0.00166325	0.0412168	0.0420336	0.0331915	0.0129785	0.094022	0.0179239	0.0961982	0.0997382	0.0259699	0.0763758	0.0297499	0.140504	0.111594	0.0487327	0.0357439	0.0163806	0.00391116	0.0426124
105	0.102811	0.000426278	0.0328112	0.0869803	0.0371465	0.034403	0.00545999	0.0332662	0.0566285	0.0667537	0.0161071	0.0238399	0.182979	0.0433516	0.0348414	0.146696	0.0102938	0.0507325	0.0122393	0.0222335
106	0.0353219	0.00083606	0.00455187	0.0563308	0.0990665	0.00951021	0.00495294	0.140421	0.00718556	0.121247	0.144187	0.00781225	0.00490907	0.0467191	0.037556	0.0125434	0.0302179	0.157619	0.0115574	0.0674551
107	0.0428601	0.00222361	0.0883712	0.058969	0.0106648	0.0139709	0.0142879	0.0273092	0.089333	0.0222376	0.0128296	0.284706	0.00780052	0.032918	0.029491	0.133806	0.0450256	0.0596525	0.00450615	0.0190377
108	0.0022771	0.000305465	0.00333511	0.00461409	0.299866	0.00115318	0.01045	0.00762175	0.00601029	0.0284046	0.00705214	0.00162177	0.00308448	0.00151284	0.00132957	0.00465621	0.00208505	0.00177478	0.0146104	0.598236
109	0.400814	0.00525173	0.0134571	0.00250546	0.0022403	0.401826	0.00645303	0.0129156	0.00319334	0.00741632	0.0078916	0.00315885	0.00191527	0.00267109	0.00739367	0.0888917	0.0142242	0.0104696	0.000605785	0.0067055
110	0.396684	0.00549969	0.0136558	0.00242108	0.0022237	0.416088	0.00666233	0.0133582	0.0031025	0.00744471	0.00820136	0.00285649	0.00129136	0.00231895	0.00747157	0.0798366	0.013906	0.00962298	0.000559912	0.00679496
111	0.0159559	0.00255328	0.00126811	0.00746971	0.0887112	0.00440135	0.00241524	0.220591	0.00356984	0.276879	0.0998209	0.00279506	0.00506973	0.0120918	0.0043298	0.0071343	0.0322393	0.179683	0.0077451	0.0252764
112	0.287655	0.00398065	0.0266934	0.00810515	0.00269391	0.471597	0.00721273	0.0102565	0.00620444	0.00787934	0.00828641	0.0292394	0.00262939	0.00745998	0.0102429	0.07455	0.0198362	0.00799795	0.00219763	0.00528205
113	0.162699	0.0155825	0.0104954	0.0103292	0.055659	0.0441262	0.015701	0.0455807	0.00581012	0.0390638	0.0651171	0.0300386	0.0131952	0.0292924	0.0155924	0.191096	0.137597	0.0774714	0.0189898	0.0165629
114	0.0676338	0.0056097	0.00297995	0.00400949	0.017516	0.00239314	0.00873776	0.280886	0.0224011	0.0913539	0.00651703	0.00994966	0.0155893	0.00935175	0.00895957	0.0251721	0.0629355	0.340965	0.0139892	0.00305081
115	0.0205299	0.0113206	0.000967491	0.00358434	0.0282163	0.00285908	0.00321503	0.227858	0.00425815	0.279529	0.243762	0.00112192	0.000519556	0.00821421	0.00101725	0.00210991	0.0184509	0.1397	0.000427531	0.00233854
116	0.3992	0.00553078	0.0134577	0.00247555	0.00225671	0.413165	0.0068347	0.0132316	0.00314699	0.00747806	0.00814324	0.00288507	0.00150938	0.00240259	0.00752689	0.0792888	0.013909	0.0101876	0.000561929	0.00680789
117	0.0258382	0.00329256	0.0163386	0.0196417	0.021384	0.0115869	0.463926	0.0140252	0.0231488	0.0224564	0.0141708	0.0432814	0.00935073	0.042972	0.0177776	0.0875859	0.020339	0.0196453	0.00675345	0.116486
118	0.0458669	0.00167838	0.0997014	0.238778	0.0167346	0.0219379	0.0342821	0.0214281	0.0786696	0.0378052	0.018392	0.0457499	0.0181456	0.0888206	0.0471096	0.0575488	0.0371176	0.0297218	0.00541916	0.055093
119	0.0201708	0.0112327	0.000964128	0.00358904	0.0283866	0.00282882	0.00319128	0.228279	0.00420621	0.280425	0.243619	0.00107667	0.000516374	0.00821118	0.00101762	0.0019977	0.0183557	0.139148	0.000435495	0.00234924
120	0.115949	0.00640764	0.0119653	0.0303403	0.0347339	0.0241391	0.00893663	0.0903469	0.0184628	0.0985478	0.0326808	0.0187397	0.0221419	0.0440025	0.0144183	0.135867	0.14992	0.115008	0.00552089	0.0218709
121	0.0239938	0.0024622	0.0198756	0.0220865	0.0144195	0.0117155	0.451905	0.0145749	0.0292353	0.0235643	0.0143936	0.0471357	0.0100771	0.0590314	0.0252689	0.0873587	0.0216493	0.0171825	0.0049359	0.0991347
122	0.396735	0.00555919	0.0136518	0.00241417	0.00216036	0.418014	0.00668882	0.0134074	0.00304337	0.00738509	0.00811498	0.00273844	0.00128646	0.00230929	0.0074101	0.0780018	0.0138461	0.00985508	0.000561528	0.00681679
123	0.0178702	0.000628693	0.420656	0.00590862	0.00871489	0.0562271	0.00481374	0.00457151	0.0065513	0.0046369	0.0104403	0.365779	0.00977188	0.0152866	0.00506321	0.0229777	0.00531846	0.00934365	0.00114565	0.0242937
124	0.0808584	0.000439724	0.0664823	0.189837	0.0160312	0.0574718	0.0208912	0.0144887	0.0883742	0.0381505	0.0134256	0.0442007	0.0717181	0.0703726	0.0546556	0.113853	0.0167958	0.0221065	0.00427703	0.0155691
125	0.0066116	0.000207583	0.300743	0.16179	0.00659536	0.00405816	0.064655	0.00343234	0.0899312	0.00967224	0.00693378	0.11871	0.000489635	0.0686847	0.0525592	0.0201748	0.0391016	0.016005	0.00029664	0.0293477
126	0.0458604	0.0034833	0.0395341	0.0239721	0.0499871	0.30656	0.0408335	0.015861	0.0271243	0.0259458	0.0185815	0.0552001	0.0108686	0.0256083	0.0524253	0.124896	0.0748576	0.021751	0.0122593	0.0243907
127	0.0375588	0.00254256	0.0822185	0.081018	0.0120834	0.0129716	0.0141589	0.0252987	0.0850902	0.0271188	0.0162867	0.270725	0.00218558	0.026643	0.0353346	0.144517	0.0447436	0.0541017	0.00440181	0.0210018
128	0.01446	0.00172264	0.0267995	0.0135172	0.00734648	0.00526544	0.00792803	0.0621728	0.0609966	0.304945	0.207486	0.0265231	0.0401841	0.0293801	0.063199	0.013678	0.0130829	0.0521388	0.00470612	0.0444679
129	0.0827649	0.00030144	0.00679863	0.0385446	0.022554	0.0222667	0.0447899	0.0508484	0.163621	0.0634591	0.0354162	0.0479427	0.0116406	0.0529274	0.174371	0.043749	0.0478194	0.0791564	0.000526593	0.0105024
130	0.0661752	0.00586057	0.0952783	0.131586	0.00180371	0.0176751	0.0255798	0.0113271	0.17928	0.030631	0.0101776	0.0331276	0.00244852	0.178978	0.108052	0.0757002	0.0108925	0.00630663	0.000819359	0.008301
131	0.00992615	0.774539	0.00619548	0.00726428	0.0213425	0.00478485	0.00530996	0.00705321	0.00802014	0.0245954	0.00624457	0.00766236	0.00401384	0.00706597	0.00641139	0.0437094	0.0396088	0.00944116	0.00219708	0.00461468
132	0.00781983	0.00343352	0.000809109	0.00232239	0.0653203	0.0015958	0.00221015	0.253832	0.00349551	0.333547	0.121311	0.00182861	0.00305877	0.00699138	0.00155369	0.00560756	0.0190554	0.150225	0.00544208	0.0105414
133	0.0621285	0.000666238	0.0327119	0.0993776	0.00966697	0.013631	0.00546598	0.138525	0.0299815	0.0431245	0.0267052	0.00955692	0.00232741	0.0147947	0.0334494	0.0586606	0.0546623	0.35891	0.00122294	0.00443151
134	0.00684084	0.000199035	0.3019	0.162362	0.00657416	0.00424808	0.063078	0.00354105	0.0914853	0.00972541	0.00670517	0.117684	0.000489378	0.0692234	0.0536283	0.0198108	0.0382697	0.0157077	0.000293574	0.0282342
135	0.0894675	0.00175322	0.0130655	0.0672939	0.0549611	0.0183518	0.0129997	0.0482736	0.0547684	0.163268	0.036097	0.0189055	0.0101871	0.143074	0.0256849	0.053623	0.0641453	0.0767372	0.00529086	0.0420527
136	0.00340335	0.000434848	0.00336844	0.00466846	0.300334	0.00130419	0.0107995	0.00819617	0.00620943	0.0313875	0.00908946	0.00248513	0.00317572	0.00291523	0.0014045	0.00515377	0.00282104	0.00309927	0.0159964	0.583754
137	0.0506735	0.000749794	0.0872758	0.0430716	0.0127041	0.204039	0.0123313	0.004534	0.00549326	0.00496706	0.00333597	0.176431	0.00379686	0.00585503	0.00566732	0.343107	0.0261546	0.00581991	0.00130114	0.00269186
138	0.017839	0.000469651	0.0385381	0.0251348	0.00314136	0.0687092	0.0354098	0.0025245	0.176585	0.00261253	0.00168376	0.251348	0.00630439	0.113493	0.0560464	0.182624	0.0129471	0.00265447	0.000492849	0.00144134
139	0.0212655	0.00100362	0.0349579	0.0200181	0.0223959	0.0177002	0.0661986	0.0188207	0.0389846	0.209386	0.0455966	0.092778	0.00639941	0.149737	0.0972009	0.0528111	0.0603999	0.00676493	0.00171606	0.0358645
140	0.114722	0.00323485	0.0265687	0.0473358	0.021714	0.0494664	0.0127258	0.0347502	0.026878	0.0517312	0.0195066	0.0279099	0.0634499	0.0364311	0.019652	0.169873	0.149394	0.10753	0.0051652	0.0119618
141	0.0646368	0.00114415	0.00605811	0.0504282	0.0508139	0.00710194	0.00562318	0.0941752	0.0267154	0.437515	0.037714	0.00613467	0.0038351	0.0881396	0.00987522	0.037287	0.0201864	0.0346634	0.00298501	0.0149677
142	0.0791984	0.00030258	0.077586	0.0422436	0.00239486	0.166036	0.00876862	0.00813905	0.0208827	0.0176383	0.0125996	0.0605972	0.0418044	0.0266212	0.0147969	0.264947	0.0931134	0.0299859	0.00823825	0.0241058
143	0.0635261	0.00153857	0.130342	0.288292	0.00818074	0.0540197	0.0176219	0.02965	0.0717115	0.0242425	0.0122027	0.0386552	0.0265906	0.0594073	0.0294503	0.0601002	0.0408791	0.0308512	0.00244552	0.0102925
144	0.0561831	0.0029028	0.0955001	0.0521065	0.0138948	0.0392735	0.0178205	0.01706	0.0558492	0.0341961	0.0182162	0.208337	0.0108909	0.0401738	0.0275861	0.168072	0.0482418	0.0450931	0.00656299	0.0420389
145	0.0205626	0.0112906	0.000979797	0.00357666	0.028577	0.00293403	0.00321927	0.230067	0.00439401	0.277345	0.24104	0.00111837	0.000557074	0.00812841	0.00140439	0.00239832	0.0190432	0.140423	0.000572954	0.00236834
146	0.138761	0.00114975	0.0174908	0.0364727	0.0168727	0.0228844	0.00877364	0.0267019	0.041439	0.0388927	0.0122834	0.0231567	0.284184	0.023268	0.0591158	0.123763	0.0386934	0.051201	0.00539316	0.0295029
147	0.103292	0.00378279	0.174019	0.0616287	0.0164224	0.0312172	0.0177555	0.0219568	0.0517512	0.0344069	0.0602847	0.0507693	0.0946634	0.0336908	0.0756	0.0681509	0.0411856	0.0360613	0.00671528	0.0166462
148	0.106451	0.0278663	0.014693	0.0151023	0.0618182	0.0451114	0.0117719	0.0470531	0.0118323	0.0686541	0.0642083	0.080771	0.0137472	0.0420783	0.0305412	0.15695	0.107448	0.0703974	0.00835391	0.0151513
149	0.0422709	0.00023848	0.00564687	0.0332249	0.0103822	0.015867	0.0375128	0.0286811	0.335032	0.0348716	0.0248336	0.0252659	0.00561506	0.0599923	0.229238	0.0268577	0.0314792	0.0453351	0.000489402	0.00716635
150	0.144272	0.00124088	0.00960805	0.0953023	0.0382814	0.025459	0.00434397	0.0657592	0.0383194	0.157965	0.0550072	0.00783675	0.00517162	0.0683061	0.0077489	0.0911059	0.0951163	0.0787215	0.00188689	0.00854793
151	0.572416	0.000448343	0.0031412	0.00270446	0.00287813	0.0261406	0.00171636	0.00931279	0.00385171	0.00860121	0.00291661	0.00393444	0.00640198	0.00758566	0.00242723	0.288188	0.0243611	0.0307138	0.000634657	0.00162594
152	0.00524702	0.000843998	0.00472172	0.00473417	0.328708	0.00191272	0.0163221	0.00715117	0.00654144	0.0462338	0.0128637	0.00462631	0.00395549	0.00380037	0.00156561	0.00682441	0.00431668	0.00458861	0.0240032	0.511039
153	0.0251465	0.00089657	0.0253927	0.1158	0.00522553	0.00365659	0.0869778	0.013762	0.171181	0.0525275	0.0268077	0.0644715	0.0167174	0.11315	0.174781	0.0524671	0.0124007	0.00533852	0.00198691	0.0313136
154	0.395628	0.00533479	0.0135529	0.0031847	0.00302905	0.406178	0.00654014	0.0139785	0.00368226	0.00852027	0.00876601	0.00327904	0.0018608	0.00326525	0.00769008	0.0824203	0.0149361	0.0108385	0.000577721	0.00673732
155	0.016247	0.00202097	0.00439381	0.00542465	0.321773	0.00231909	0.0195881	0.00848189	0.00949449	0.0465672	0.0304819	0.0104363	0.00377412	0.017163	0.00151951	0.0105255	0.00848493	0.0121234	0.0619642	0.407217
156	0.120989	0.00296931	0.0108281	0.0699101	0.0599966	0.0576695	0.00914517	0.0527462	0.0244515	0.150581	0.0838986	0.0155434	0.0112485	0.0701493	0.0157779	0.0665068	0.0669199	0.0842263	0.0056602	0.0207837
157	0.0589976	0.00050768	0.00208579	0.01446	0.00570798	0.0147133	0.0103882	0.0179138	0.0565215	0.0198375	0.00291532	0.0272036	0.555162	0.016746	0.0890453	0.0520556	0.0243306	0.0146927	0.000557366	0.016158
158	0.0400596	0.000526785	0.0592555	0.0220757	0.00345862	0.57934	0.00921171	0.00247943	0.0139737	0.00883186	0.00763679	0.094179	0.00442668	0.0209464	0.0187729	0.0678183	0.0357964	0.00297588	0.00651409	0.00172092
159	0.00260658	0.000537192	0.00106032	0.00135374	0.0362293	0.000774679	0.00354526	0.218462	0.00225783	0.497685	0.0520144	0.00156574	0.00188944	0.00495236	0.00135252	0.00740587	0.0144737	0.135011	0.0103685	0.00645398
160	0.0249594	0.000784139	0.137804	0.140887	0.00372914	0.0895111	0.0275658	0.00549752	0.0805169	0.0184761	0.0155731	0.147704	0.113695	0.0449613	0.0232246	0.0721205	0.0406223	0.0062974	0.00159727	0.00447389
161	0.00684084	0.000199035	0.3019	0.162362	0.00657416	0.00424808	0.063078	0.00354105	0.0914853	0.00972541	0.00670517	0.117684	0.000489378	0.0692234	0.0536283	0.0198108	0.0382697	0.0157077	0.000293574	0.0282342
162	0.0174393	0.000554897	0.00918267	0.0319963	0.00379632	0.0067716	0.0378804	0.0156976	0.407082	0.0213174	0.0147836	0.0197115	0.00411357	0.0802889	0.245602	0.0228302	0.0246978	0.0296634	0.000746005	0.0058445
163	0.0205593	0.0112345	0.000967416	0.00359864	0.0280918	0.00283027	0.00325277	0.227249	0.00419686	0.282142	0.241869	0.0011589	0.000566485	0.00832474	0.00102937	0.00217376	0.0184623	0.139418	0.000471166	0.00240418
164	0.0148571	0.000902991	0.00245315	0.00323467	0.460388	0.00278146	0.00363567	0.0210722	0.0040699	0.278293	0.0431796	0.00456939	0.00189375	0.00399059	0.00869554	0.00532391	0.0111362	0.0538681	0.0116011	0.0640532
165	0.0176518	0.00202413	0.00466979	0.00571068	0.31672	0.00226436	0.0200807	0.00762845	0.00928133	0.0427915	0.0280411	0.0112871	0.00410452	0.0193073	0.00158006	0.0116805	0.00810198	0.0122149	0.0591342	0.415725
166	0.0035423	0.000735064	0.00103223	0.00134244	0.0383231	0.000870594	0.00349044	0.224334	0.00236383	0.478443	0.0556938	0.00177717	0.00193851	0.00502258	0.00131926	0.00774656	0.0152877	0.140214	0.0093607	0.00716294
167	0.34287	0.00145653	0.0209182	0.00698955	0.0143883	0.113017	0.00417009	0.00969128	0.0164231	0.00740176	0.00757355	0.029434	0.0131594	0.00652039	0.0050315	0.349875	0.0337978	0.0122687	0.00129269	0.00372136
168	0.0385939	0.00332599	0.00677089	0.00891131	0.259078	0.0033981	0.0224656	0.0052538	0.0113614	0.031853	0.0289264	0.0227825	0.00666974	0.0435184	0.00217343	0.0223476	0.0102862	0.0213745	0.0477512	0.403158
169	0.396735	0.00555919	0.0136518	0.00241417	0.00216036	0.418014	0.00668882	0.0134074	0.00304337	0.00738509	0.00811498	0.00273844	0.00128646	0.00230929	0.0074101	0.0780018	0.0138461	0.00985508	0.000561528	0.00681679
170	0.0192391	0.000764237	0.0402596	0.0270029	0.0156969	0.0245787	0.0768725	0.00991528	0.147357	0.0194515	0.0113598	0.161648	0.00718791	0.14523	0.127825	0.113623	0.0310738	0.0115921	0.00118978	0.00813176
171	0.0761771	0.000296418	0.0074539	0.0452812	0.0204824	0.0222445	0.0390659	0.0620534	0.161602	0.0835081	0.04045	0.0404825	0.0111361	0.0533484	0.160363	0.0417164	0.0482495	0.076407	0.000530813	0.00915162
172	0.0421808	0.00376297	0.0702549	0.0603013	0.0299321	0.0249874	0.0166188	0.0213825	0.0866	0.0538575	0.0266902	0.167482	0.00183924	0.0299826	0.0354737	0.168024	0.0633944	0.0468236	0.0105029	0.0399087
173	0.0460559	0.000442702	0.128461	0.0288795	0.00380011	0.400307	0.00827419	0.0034159	0.0116829	0.0082963	0.00695016	0.111021	0.0142798	0.0240909	0.0190202	0.129764	0.036971	0.00803048	0.00482432	0.00543179
174	0.129577	0.000852972	0.0323846	0.0959146	0.00609488	0.0116889	0.0247802	0.0269967	0.0866608	0.0378452	0.00880931	0.0355911	0.116094	0.0283213	0.0374205	0.104507	0.0625128	0.143833	0.006097	0.00401689
175	0.0224869	0.00278741	0.0146819	0.0164123	0.0280803	0.0117124	0.456996	0.0141513	0.0200808	0.0244619	0.0146372	0.0555066	0.0086413	0.0429626	0.0177636	0.0729939	0.0200321	0.0189823	0.00732472	0.129305
176	0.341485	0.00106987	0.00860329	0.00722942	0.00720546	0.0283595	0.00434824	0.0216644	0.0115342	0.010031	0.0171426	0.00884357	0.072769	0.00730526	0.00784552	0.320335	0.080656	0.0374481	0.00166168	0.00446308
177	0.0290598	0.00239917	0.012156	0.10523	0.0319005	0.0115647	0.0115556	0.105028	0.0157692	0.129487	0.0280747	0.015449	0.118535	0.0231605	0.0160214	0.0271321	0.0286334	0.139496	0.00681196	0.142536
178	0.238401	0.0049861	0.0341336	0.0252133	0.0194896	0.140714	0.0124013	0.0537493	0.0178996	0.0424042	0.0413804	0.0153266	0.0295859	0.0216809	0.0162855	0.0814368	0.0744609	0.117547	0.00351393	0.0093898
179	0.183336	0.000985399	0.00745869	0.0197298	0.00643772	0.00811707	0.00524985	0.0335248	0.018952	0.0176091	0.00836001	0.00679575	0.180028	0.00734818	0.019208	0.190048	0.151612	0.126199	0.00205842	0.00694304
180	0.0737859	0.0129464	0.00183724	0.00252513	0.0216409	0.00592409	0.0103727	0.133627	0.00360871	0.363206	0.0672363	0.00972012	0.00760151	0.00317233	0.00283059	0.0302472	0.0354389	0.206126	0.00181747	0.00633588
181	0.096542	0.00151512	0.00728375	0.0253012	0.00649119	0.00531331	0.0053804	0.0108373	0.0708477	0.0109428	0.100424	0.0089102	0.00473342	0.150817	0.049218	0.225879	0.146205	0.0453004	0.0033932	0.0246656
182	0.0363014	0.00212337	0.0933287	0.078225	0.011391	0.0260662	0.0407257	0.0245202	0.086375	0.027748	0.0155754	0.195729	0.00754463	0.0718161	0.0435289	0.143612	0.04098	0.0290094	0.00411942	0.0212803
183	0.0100537	0.0165494	0.00516015	0.00669535	0.234293	0.00460378	0.0190549	0.00642254	0.0225207	0.0685058	0.123015	0.060796	0.00321269	0.0368264	0.0222039	0.306676	0.0389767	0.00808756	0.00218657	0.00415995
184	0.0569983	0.000357011	0.146825	0.34384	0.00756581	0.0298803	0.0173623	0.01193	0.0810547	0.0218023	0.00741589	0.0299208	0.031274	0.0712573	0.0227669	0.0518022	0.035762	0.025483	0.00162941	0.00507317
185	0.0144578	0.000797104	0.00254341	0.00326726	0.461252	0.00273064	0.00307919	0.0230711	0.00385809	0.284156	0.0402791	0.00402694	0.00223242	0.00390559	0.00906026	0.00630518	0.0105001	0.0590843	0.0102691	0.0551245
186	0.572416	0.000448343	0.0031412	0.00270446	0.00287813	0.0261406	0.00171636	0.00931279	0.00385171	0.00860121	0.00291661	0.00393444	0.00640198	0.00758566	0.00242723	0.288188	0.0243611	0.0307138	0.000634657	0.00162594
187	0.0188092	0.000772083	0.0513827	0.319923	0.0114481	0.00277368	0.0119262	0.00466818	0.249909	0.00613612	0.00402307	0.0314873	0.00218153	0.0630115	0.120397	0.0784069	0.0140486	0.00435242	0.0010495	0.00329389
188	0.431403	0.00123914	0.0398104	0.0379411	0.00466673	0.00547766	0.035933	0.00809283	0.00766026	0.0238784	0.00651432	0.00645566	0.00476578	0.0226542	0.00677374	0.0401287	0.109764	0.200429	0.00178356	0.00462926
189	0.0161068	0.00183378	0.00442648	0.00532528	0.322261	0.00219792	0.0192428	0.00806367	0.00919232	0.0441844	0.0290262	0.0100071	0.00377152	0.0171076	0.00151294	0.010632	0.00793078	0.0115087	0.0617813	0.413887
190	0.0175454	0.000462537	0.0386526	0.0248749	0.00314866	0.0691952	0.0360223	0.00256291	0.176758	0.00260831	0.00167374	0.251361	0.00614375	0.114671	0.0558184	0.181111	0.0127816	0.00267786	0.000488472	0.00144295
191	0.0116121	0.766614	0.0063827	0.00759277	0.020647	0.00495092	0.00531319	0.00754635	0.00850871	0.0246604	0.00657803	0.00847439	0.00429757	0.00771472	0.00706918	0.0461397	0.0391364	0.00957769	0.0023125	0.00487148
192	0.0619596	0.000646135	0.0029216	0.0153891	0.00528331	0.0135056	0.0094525	0.0156761	0.06599	0.016227	0.00245494	0.0276033	0.551475	0.0188443	0.0886858	0.0527896	0.0248585	0.011651	0.000590977	0.0139951
193	0.169994	0.000365029	0.02328	0.0431238	0.0138671	0.0141903	0.0157185	0.0538634	0.080021	0.08602	0.00661401	0.0274094	0.127608	0.0282207	0.0289042	0.0729627	0.0533219	0.142809	0.00193717	0.00976953
