262	20
1	0.0255416	0.0110294	0.00323909	0.00628262	0.117045	0.00927401	0.00302554	0.117755	0.0253087	0.348885	0.0658925	0.012032	0.00210153	0.0325031	0.0090846	0.0265004	0.0438774	0.122182	0.00892994	0.00951059
2	0.426418	0.0495234	0.0053926	0.0242969	0.022229	0.0559686	0.00645232	0.015379	0.0195101	0.00749119	0.00184829	0.017823	0.00146455	0.0134522	0.00506024	0.21345	0.0755774	0.0370376	0.000353663	0.00127196
3	0.0466448	0.00556566	0.0247611	0.00305251	0.00199964	0.74187	0.00251959	0.00203586	0.00792169	0.00304434	0.00639148	0.0213784	0.019416	0.00922286	0.00411836	0.0857583	0.00415938	0.00808758	0.000525687	0.00152676
4	0.00860527	0.0036362	0.00167614	0.00729173	0.286488	0.00203657	0.00644537	0.0676445	0.0071766	0.447456	0.0362222	0.0110147	0.00105287	0.00526631	0.00361925	0.012358	0.0172541	0.037744	0.00289327	0.0341182
5	0.00252178	0.00114384	0.00536598	0.0123417	0.00108906	0.0045325	0.0105891	0.00767197	0.641913	0.0156408	0.00381155	0.00849305	0.00849845	0.0222328	0.216008	0.0111373	0.011919	0.0102435	0.00221441	0.00263228
6	0.0304233	0.00613879	0.0283639	0.0731735	0.00725347	0.0747097	0.0594548	0.0222377	0.193593	0.0331393	0.0427168	0.0366383	0.00633607	0.0773541	0.0553137	0.0657372	0.138839	0.0370053	0.00299544	0.008576
7	0.0227657	0.010262	0.0689445	0.121618	0.00630181	0.0366387	0.0475862	0.013085	0.0760637	0.0724819	0.0417479	0.0238464	0.00333604	0.249972	0.0382025	0.060339	0.0642665	0.0319563	0.00176988	0.00881622
8	0.00810142	0.00162874	0.00136177	0.00492374	0.171791	0.00166852	0.00458147	0.247703	0.00405159	0.356193	0.0606849	0.00610818	0.000956568	0.00326175	0.00407344	0.00748923	0.0114498	0.0730228	0.00094234	0.0300071
9	0.0439945	0.0519649	0.0280795	0.0449893	0.0149178	0.0632416	0.0450505	0.0696445	0.0769607	0.0559103	0.033658	0.0375917	0.00719032	0.200573	0.0330594	0.0631511	0.0643274	0.0456352	0.00293032	0.01713
10	0.0179314	0.00992855	0.00665059	0.0134835	0.226813	0.00803648	0.0107495	0.018823	0.0747211	0.183001	0.0770771	0.0105959	0.00326582	0.0117709	0.0430122	0.0372373	0.0137063	0.0145851	0.00263471	0.215976
11	0.00837804	0.00342193	0.0027325	0.0077182	0.0324309	0.0073616	0.00337642	0.0894648	0.00645101	0.215386	0.194225	0.00422145	0.0120547	0.00544041	0.0115366	0.00706167	0.0073256	0.364624	0.000864406	0.0159239
12	0.0452889	0.0108462	0.0141982	0.0189006	0.00777726	0.0117168	0.0374926	0.0776634	0.0631366	0.0109189	0.0106544	0.12424	0.00506797	0.0372111	0.0282486	0.245017	0.166597	0.0376981	0.00144598	0.0458803
13	0.0211999	0.00377208	0.265531	0.391452	0.00731644	0.0175221	0.0185573	0.0106491	0.0429321	0.0187931	0.00841906	0.0282998	0.00545154	0.0572924	0.0196646	0.025368	0.0247902	0.0249023	0.00262767	0.00546021
14	0.0140446	0.00434557	0.00984896	0.0223137	0.00464717	0.00871818	0.019489	0.0117656	0.474192	0.0205689	0.00833932	0.0284257	0.00829493	0.0409404	0.221466	0.0275534	0.0394554	0.0134318	0.014974	0.0071852
15	0.0334601	0.010044	0.00624612	0.0133438	0.0128711	0.00301135	0.00289629	0.304197	0.00421183	0.0917154	0.054967	0.00518667	0.00165672	0.00450011	0.00781767	0.0297994	0.0460022	0.357769	0.000267936	0.0100368
16	0.0488836	0.00506634	0.0202332	0.00253196	0.00189371	0.748941	0.00205829	0.00183247	0.00717661	0.00244348	0.00666376	0.0225869	0.0168087	0.00714813	0.0037908	0.0878674	0.00385777	0.00821329	0.000493166	0.00150936
17	0.127138	0.00421302	0.0159034	0.0308972	0.0231036	0.186614	0.0120163	0.00497582	0.090059	0.0193609	0.0102508	0.0878628	0.0442781	0.0218252	0.0655896	0.150075	0.0796578	0.0205349	0.0026199	0.00302499
18	0.463282	0.0275808	0.0294921	0.0133163	0.0141526	0.0203304	0.00938494	0.0141836	0.0163756	0.0173777	0.0222377	0.0150045	0.0120774	0.0132719	0.0378817	0.0603136	0.0901452	0.113086	0.00198334	0.00852327
19	0.0171312	0.00576941	0.153961	0.306365	0.00543308	0.0138526	0.0278444	0.00366831	0.123852	0.0220373	0.00825422	0.0290755	0.00290992	0.125185	0.0643597	0.0365552	0.0311142	0.0154039	0.00168186	0.0055457
20	0.122556	0.00537898	0.0174721	0.0165661	0.0244526	0.385711	0.0062904	0.00487326	0.0806915	0.0180214	0.00772088	0.0362182	0.0589824	0.0108483	0.035876	0.0960523	0.0494741	0.0173599	0.00169557	0.00375966
21	0.119494	0.0221148	0.024584	0.0304236	0.011596	0.0311828	0.0280065	0.0350214	0.0345468	0.0745432	0.0341355	0.059691	0.0123345	0.054671	0.0251283	0.17005	0.154231	0.063989	0.00197542	0.0122813
22	0.00622554	0.00140548	0.00932127	0.0301951	0.00130267	0.00594989	0.0174374	0.00658036	0.455074	0.0127758	0.0041107	0.0174189	0.0125525	0.0726987	0.278133	0.0227408	0.024589	0.0144254	0.00152255	0.0055407
23	0.0123509	0.00526225	0.00172539	0.00390246	0.0652994	0.00267247	0.00247023	0.0787133	0.00863957	0.447518	0.196915	0.00436393	0.00372338	0.00572056	0.006935	0.00910365	0.00933992	0.119317	0.00110425	0.0149238
24	0.0158064	0.00208612	0.345918	0.439391	0.00210123	0.0156816	0.0104652	0.00661665	0.0254513	0.00868185	0.0025137	0.0223499	0.00475961	0.037807	0.00790871	0.011729	0.01808	0.020666	0.00145818	0.000528736
25	0.0159848	0.0018297	0.345607	0.444863	0.00192046	0.0159009	0.0101578	0.00660997	0.0249456	0.00852925	0.0022507	0.0223429	0.00470166	0.0367698	0.00735549	0.0112223	0.0166345	0.0205498	0.00143458	0.000390423
26	0.0160125	0.00180375	0.344356	0.4457	0.00192551	0.0159763	0.0101872	0.00662155	0.0250518	0.00851617	0.00218903	0.0224654	0.00470505	0.0368468	0.00734181	0.0112814	0.0166622	0.0205312	0.00143868	0.000388044
27	0.0245559	0.0179662	0.00634322	0.00918037	0.273394	0.0136009	0.0341663	0.00568735	0.00902861	0.0660355	0.014431	0.00764518	0.00100335	0.0137574	0.0238308	0.0220143	0.00599845	0.0104319	0.00056809	0.440361
28	0.0313134	0.00624284	0.00340591	0.00736604	0.0167783	0.0179472	0.00270254	0.134353	0.0329299	0.272274	0.104588	0.0210643	0.0021694	0.0440831	0.0271083	0.0266062	0.0623506	0.179112	0.00294372	0.0046615
29	0.0159628	0.00199086	0.329396	0.44786	0.00201181	0.0157499	0.0112271	0.00635592	0.0279152	0.00838971	0.002165	0.0237496	0.00473456	0.040514	0.00928507	0.0123267	0.0180045	0.0200614	0.0015676	0.000732114
30	0.011867	0.00708569	0.00165039	0.0024556	0.0186348	0.00198712	0.00193199	0.0752789	0.0107693	0.524494	0.21927	0.00358101	0.00230482	0.00572197	0.00777591	0.00832693	0.00760423	0.0773688	0.000551362	0.0113407
31	0.0663182	0.0128839	0.0772317	0.166188	0.0445998	0.0360558	0.0301292	0.0237745	0.0483869	0.0338598	0.0186579	0.0973179	0.0112241	0.0573932	0.0410828	0.0735747	0.104926	0.0343819	0.00439443	0.0176193
32	0.00317504	0.00120192	0.00526124	0.0136091	0.00111856	0.00468294	0.0117222	0.00790599	0.594714	0.0159254	0.00422907	0.0107248	0.00861075	0.0337514	0.23827	0.0135497	0.0144567	0.0113085	0.00221039	0.00357209
33	0.00936764	0.00358742	0.00644328	0.0236844	0.00254382	0.00660094	0.0276057	0.0102483	0.398636	0.0304631	0.00863045	0.0369497	0.00808282	0.0754005	0.265099	0.0337678	0.0267861	0.0182455	0.0015402	0.00631759
34	0.057476	0.0149387	0.00737746	0.0132315	0.0137609	0.00299214	0.00350663	0.266602	0.00784121	0.0744374	0.0404348	0.00893898	0.00194458	0.00678099	0.00642275	0.037362	0.0955206	0.327053	0.000565656	0.0128123
35	0.0160127	0.00207733	0.349372	0.441044	0.0019328	0.0157667	0.0101242	0.00655824	0.0246847	0.00856393	0.00243581	0.0221998	0.0046999	0.0366575	0.00736042	0.0112706	0.0169072	0.020518	0.00141538	0.000397903
36	0.048367	0.0118412	0.00725265	0.0147515	0.00577748	0.00147854	0.00359268	0.301601	0.00450495	0.0666117	0.0260673	0.00463632	0.000780058	0.00371125	0.00338797	0.0436025	0.0571976	0.388492	0.000216047	0.0061303
37	0.021571	0.00489957	0.00289704	0.00484203	0.0363052	0.00540211	0.00225084	0.274786	0.0104082	0.284804	0.0817736	0.0080011	0.00144737	0.0153538	0.00824164	0.0144395	0.0512062	0.152854	0.00120953	0.0173075
38	0.10267	0.0229617	0.0179489	0.0345906	0.010095	0.0261216	0.0783746	0.0461043	0.035281	0.0104414	0.0057855	0.114304	0.00451184	0.0562648	0.0114339	0.201973	0.0691112	0.0946614	0.00130136	0.056063
39	0.096706	0.00693343	0.0151949	0.0727588	0.0110879	0.0263578	0.022712	0.0109292	0.219466	0.0254181	0.0124227	0.117712	0.014763	0.0306305	0.172027	0.0560392	0.0632005	0.0133351	0.00385789	0.00844767
40	0.0997341	0.0126377	0.00489587	0.00731996	0.0288485	0.0198013	0.00340327	0.122091	0.0231389	0.26029	0.0688754	0.0142626	0.0029964	0.0315959	0.0103374	0.0565068	0.0657447	0.16096	0.00205186	0.00450803
41	0.00793007	0.00265956	0.00224248	0.00537509	0.039908	0.00404412	0.00226049	0.33006	0.0031067	0.207256	0.0914734	0.00383843	0.00231835	0.00354335	0.0145559	0.00591121	0.0125848	0.241941	0.000454407	0.0185372
42	0.111861	0.00597786	0.0648882	0.146033	0.0233368	0.00866142	0.028596	0.031249	0.0106609	0.137449	0.0824278	0.0118783	0.00544676	0.0414912	0.00685993	0.0502933	0.1101	0.117495	0.00168645	0.00360701
43	0.0160125	0.00180375	0.344356	0.4457	0.00192551	0.0159763	0.0101872	0.00662155	0.0250518	0.00851617	0.00218903	0.0224654	0.00470505	0.0368468	0.00734181	0.0112814	0.0166622	0.0205312	0.00143868	0.000388044
44	0.010528	0.00248399	0.00183929	0.00241895	0.0409134	0.00259066	0.00182776	0.340145	0.00525528	0.336289	0.0815374	0.00454788	0.00095537	0.00599981	0.00624693	0.00629955	0.0143326	0.120836	0.000433614	0.0145188
45	0.0357209	0.00636582	0.00384718	0.00310004	0.0174402	0.0119847	0.00102826	0.164832	0.023245	0.301261	0.082843	0.0147635	0.00109876	0.0412641	0.00974185	0.0269671	0.0603829	0.189068	0.0019377	0.0031081
46	0.270657	0.0355048	0.00394498	0.00458553	0.00772466	0.0129633	0.0171559	0.0113613	0.0202287	0.0373921	0.0209014	0.0248423	0.0542789	0.0176406	0.00470107	0.155531	0.199246	0.0934446	0.00069133	0.00720578
47	0.0036629	0.00110311	0.00824448	0.0162099	0.00103184	0.00652976	0.0144322	0.00651943	0.565688	0.0127981	0.00339927	0.0110139	0.00920122	0.0421673	0.248462	0.0147602	0.0170999	0.0119143	0.00176548	0.00399608
48	0.215895	0.0886552	0.00541351	0.00549617	0.0093684	0.00877053	0.0186151	0.0156995	0.017429	0.0246714	0.0179308	0.0137008	0.0188183	0.0129069	0.00683893	0.159024	0.199162	0.153619	0.00073533	0.00725012
49	0.00992351	0.00534124	0.00426555	0.0222508	0.00454898	0.00931924	0.0548205	0.136038	0.0996305	0.00766205	0.0188389	0.101339	0.00449272	0.0583514	0.0525215	0.0899792	0.261182	0.0372885	0.00116152	0.0210454
50	0.0197015	0.00206287	0.329434	0.434684	0.0024157	0.0185145	0.0111807	0.00721041	0.0267286	0.00931101	0.00283355	0.0244496	0.00475475	0.0384236	0.00888497	0.0145513	0.0197376	0.0226414	0.00144768	0.00103182
51	0.0197802	0.019288	0.00475514	0.0102896	0.279499	0.0114523	0.0202001	0.00501484	0.00894723	0.0755144	0.0160948	0.0054345	0.00100221	0.0133718	0.0222357	0.0166656	0.00553605	0.0115906	0.000576696	0.452751
52	0.0185999	0.00578831	0.00258503	0.0048738	0.0558126	0.00413797	0.00288161	0.16679	0.0125889	0.43294	0.108717	0.00711513	0.00156883	0.0113466	0.00718517	0.0133335	0.0216175	0.106781	0.00151174	0.0138247
53	0.020053	0.00905597	0.105434	0.218147	0.00681073	0.0175431	0.0357931	0.00830868	0.115964	0.0299201	0.012288	0.0317482	0.00407136	0.183774	0.0912127	0.0421485	0.0369229	0.0193097	0.001919	0.00957558
54	0.128708	0.0113031	0.02286	0.0226977	0.0127123	0.0173427	0.0119785	0.015898	0.0195583	0.0352513	0.0182652	0.0213311	0.487936	0.0160319	0.0184265	0.035595	0.0293896	0.055689	0.0131661	0.00585971
55	0.0668805	0.0132398	0.0321251	0.0411014	0.0114621	0.0377159	0.0316258	0.0326709	0.052682	0.0291823	0.0172482	0.207845	0.00920893	0.0541484	0.0457735	0.133361	0.137146	0.0289746	0.00236148	0.015247
56	0.133981	0.0112726	0.0251024	0.0188463	0.00873715	0.00974442	0.0105622	0.00456105	0.0151831	0.0234241	0.0043284	0.0210797	0.601833	0.0154912	0.0150829	0.0273505	0.0122467	0.0130473	0.0245525	0.00357418
57	0.359355	0.0344817	0.0115924	0.0136003	0.0128462	0.0314386	0.0134324	0.0149284	0.0215519	0.0189892	0.0108169	0.0358395	0.0156161	0.0170812	0.0117573	0.160073	0.137199	0.0704692	0.000809215	0.00812248
58	0.152375	0.015993	0.0310594	0.0170613	0.0123069	0.0126785	0.044496	0.0443462	0.023566	0.0133037	0.00763678	0.0732301	0.00505823	0.0270163	0.0125615	0.203389	0.139454	0.066336	0.00139177	0.0967402
59	0.0459524	0.00880692	0.0324477	0.0389619	0.00936868	0.0322799	0.050469	0.0179595	0.111015	0.0260429	0.0152973	0.172657	0.0146085	0.0632146	0.178941	0.0824113	0.0625284	0.0202282	0.00412574	0.0126836
60	0.22649	0.0222223	0.00555247	0.00800904	0.0489484	0.00786888	0.00396726	0.0881627	0.0305896	0.126459	0.104218	0.00901078	0.00262511	0.0180302	0.0074676	0.0491204	0.0651	0.170153	0.00155477	0.00445038
61	0.00306394	0.00117763	0.00606121	0.0158976	0.00107448	0.00493035	0.0116591	0.00674928	0.596501	0.0135423	0.00325105	0.00968853	0.00918822	0.0339977	0.237346	0.0143113	0.0149621	0.0113333	0.00194172	0.00332312
62	0.011835	0.00734425	0.00160372	0.00278426	0.0165574	0.00180695	0.00217351	0.0503902	0.011313	0.543299	0.234292	0.00311894	0.00251606	0.00457054	0.0076856	0.00803132	0.00573235	0.0730763	0.000526834	0.0113428
63	0.103831	0.00456377	0.0083395	0.0164095	0.00726297	0.0671221	0.0273801	0.00451375	0.0734897	0.0250137	0.038145	0.132601	0.00779422	0.0460728	0.0473644	0.246105	0.109398	0.0206552	0.0108125	0.00312623
64	0.254035	0.0247256	0.00780849	0.00986939	0.0413908	0.00671121	0.00729465	0.0443225	0.0228576	0.0391667	0.128185	0.0087293	0.00425583	0.0109889	0.00925713	0.0496357	0.110304	0.211995	0.00171135	0.00675629
65	0.0622921	0.0077081	0.0107403	0.0308301	0.00395131	0.0274522	0.0206182	0.0699253	0.0117582	0.114338	0.148331	0.0549713	0.00761804	0.126308	0.0233691	0.0790523	0.115784	0.0762272	0.000823943	0.00790189
66	0.098136	0.00457032	0.0131209	0.0221983	0.00816855	0.0746722	0.0248166	0.00541881	0.0762184	0.0209872	0.0236148	0.14044	0.00877907	0.0477745	0.0598252	0.235742	0.10443	0.0225882	0.00615953	0.00233888
67	0.272109	0.0278296	0.0108582	0.0225071	0.0183179	0.0829227	0.0105697	0.00956127	0.0563638	0.014021	0.00747405	0.0577057	0.0113462	0.0209476	0.0270224	0.209128	0.106946	0.0300218	0.00211843	0.00223024
68	0.00794924	0.00345655	0.0032273	0.00960252	0.0306405	0.00824213	0.00326948	0.165627	0.00477272	0.121787	0.133566	0.00462661	0.00879814	0.00523204	0.0146611	0.00809439	0.0118102	0.434618	0.000750651	0.019267
69	0.102448	0.0113223	0.0303911	0.032728	0.0232271	0.0442949	0.04931	0.0216105	0.0460312	0.0216957	0.0123294	0.132406	0.00606041	0.0617458	0.0359118	0.195349	0.11251	0.0323893	0.00343828	0.0248012
70	0.00344611	0.00132796	0.00586174	0.0140072	0.0013177	0.00476213	0.0123407	0.00744701	0.604619	0.0158635	0.0041794	0.0105676	0.00857176	0.0309686	0.230902	0.0135919	0.0142053	0.010839	0.00202171	0.00316028
71	0.0100774	0.0017604	0.00161009	0.00248354	0.0491327	0.00210141	0.0019944	0.360866	0.00344066	0.311721	0.0946865	0.00368341	0.00122714	0.0039277	0.0067912	0.00467484	0.0102761	0.113558	0.000482411	0.0155045
72	0.0172348	0.00305591	0.0127737	0.0360611	0.00305223	0.0145599	0.0271243	0.00817494	0.19123	0.0136912	0.017596	0.034471	0.0107454	0.128516	0.315262	0.0651702	0.070074	0.0204275	0.00217025	0.00860987
73	0.0518527	0.0067932	0.0215035	0.00493145	0.00236119	0.717223	0.00361845	0.00291825	0.00917181	0.00384721	0.0070071	0.0244447	0.0164768	0.00953898	0.00568055	0.0895365	0.00990669	0.0109578	0.000649308	0.00158048
74	0.0269249	0.0070487	0.021628	0.0579391	0.00739021	0.0614874	0.0567147	0.0391191	0.0903535	0.0248816	0.0247526	0.0469826	0.00452437	0.110495	0.0511147	0.0823797	0.238896	0.0352863	0.00142937	0.0106513
75	0.146144	0.0103961	0.0593605	0.0545419	0.0130496	0.0919207	0.0203031	0.0138624	0.0620233	0.0306237	0.0101721	0.0723243	0.00936775	0.0505094	0.0331557	0.141743	0.125049	0.0490177	0.0015234	0.00491222
76	0.0985561	0.00538505	0.0114437	0.0289688	0.0131375	0.075101	0.0177975	0.00540313	0.114808	0.0174393	0.0130319	0.151466	0.0292646	0.0333806	0.0985351	0.167557	0.0944552	0.0177037	0.00352873	0.00303708
77	0.094858	0.0121574	0.0901302	0.0765515	0.00611651	0.0548449	0.035004	0.0316695	0.0311432	0.0243234	0.00710983	0.149367	0.00226189	0.0659215	0.0365386	0.135917	0.11679	0.021267	0.000900539	0.00712785
78	0.0841049	0.00727208	0.0212103	0.043915	0.00576725	0.020632	0.0234623	0.0544875	0.0112961	0.101273	0.123716	0.0505401	0.0144604	0.108281	0.0172422	0.0847783	0.136223	0.0838078	0.000859491	0.00667097
79	0.143107	0.00501541	0.0143404	0.0252131	0.0464386	0.163316	0.0096423	0.00651923	0.113427	0.0346393	0.00946605	0.0492157	0.0770838	0.0151654	0.0612306	0.108637	0.0882612	0.0217283	0.00247881	0.00507473
80	0.0299689	0.016167	0.0126566	0.0195007	0.194885	0.0149895	0.0431022	0.0113206	0.0437493	0.0595068	0.0150543	0.0191863	0.00391497	0.0338199	0.0709924	0.0277192	0.015347	0.0145901	0.00193045	0.351599
81	0.0698656	0.00832632	0.0335095	0.0819869	0.0140078	0.0327443	0.0191522	0.0108443	0.0898915	0.0247667	0.0129606	0.0400574	0.222937	0.0505769	0.127604	0.0497522	0.0692851	0.0252278	0.00792879	0.00857544
82	0.0325896	0.0134765	0.0321666	0.045726	0.0254364	0.0271607	0.148925	0.0267385	0.0779386	0.0366289	0.0213315	0.0560582	0.00575058	0.200884	0.0452067	0.0487594	0.0425951	0.0222982	0.00453134	0.0857986
83	0.247792	0.0306703	0.00447444	0.00525101	0.00707229	0.0117742	0.0147829	0.00966784	0.0182106	0.0370143	0.0171767	0.0197938	0.114346	0.0150576	0.00614904	0.144569	0.205479	0.0818697	0.00184095	0.00700841
84	0.021535	0.00347878	0.286007	0.408943	0.00416655	0.0187469	0.0147611	0.00956175	0.0352169	0.0142931	0.00495673	0.0271975	0.00847281	0.0490204	0.0187852	0.0216872	0.0250194	0.0234067	0.00193846	0.0028052
85	0.130548	0.00715611	0.03538	0.0354558	0.0237057	0.197342	0.014453	0.00929268	0.0654432	0.0188928	0.00777977	0.0816611	0.0227271	0.0288157	0.0503545	0.140866	0.0959115	0.0284481	0.00176112	0.00400504
86	0.0359034	0.00637679	0.0038639	0.00312818	0.0175514	0.0120704	0.00103464	0.164703	0.0232304	0.299491	0.0827456	0.0147702	0.0011165	0.0414755	0.00977791	0.0271556	0.0606166	0.189986	0.001952	0.0030509
87	0.0135829	0.00650681	0.00237417	0.00457335	0.0370622	0.00344426	0.00298637	0.0928765	0.0122411	0.476116	0.179617	0.00476395	0.00248677	0.00721535	0.00877353	0.00987031	0.0115033	0.102555	0.000807475	0.0206435
88	0.0498579	0.00509851	0.0196162	0.00255962	0.002034	0.749297	0.00193211	0.00181551	0.0071894	0.00239783	0.00636787	0.0216692	0.0163486	0.00691537	0.0039362	0.0888307	0.00405928	0.00830219	0.00047024	0.00130256
89	0.0159848	0.0018297	0.345607	0.444863	0.00192046	0.0159009	0.0101578	0.00660997	0.0249456	0.00852925	0.0022507	0.0223429	0.00470166	0.0367698	0.00735549	0.0112223	0.0166345	0.0205498	0.00143458	0.000390423
90	0.198873	0.139499	0.00450486	0.00441893	0.00656413	0.0072022	0.0232252	0.00702205	0.0154696	0.0204735	0.0127055	0.0120632	0.0163249	0.0115	0.00609633	0.165519	0.195152	0.146284	0.00077633	0.006326
91	0.0138888	0.00566255	0.00181194	0.00372848	0.0673586	0.00289259	0.00253999	0.087078	0.0100239	0.457809	0.185759	0.00517909	0.00305284	0.00789782	0.00734342	0.0104604	0.0126439	0.0991744	0.00132313	0.0143726
92	0.0359034	0.00637679	0.0038639	0.00312818	0.0175514	0.0120704	0.00103464	0.164703	0.0232304	0.299491	0.0827456	0.0147702	0.0011165	0.0414755	0.00977791	0.0271556	0.0606166	0.189986	0.001952	0.0030509
93	0.0120586	0.00410688	0.00279871	0.017423	0.00593272	0.00375676	0.0375598	0.0183394	0.482324	0.0661683	0.020864	0.0384048	0.00331633	0.0307815	0.207673	0.0175944	0.018551	0.00785539	0.00149385	0.00299793
94	0.0489623	0.0124751	0.01177	0.00579099	0.208303	0.028274	0.139455	0.0237364	0.0113918	0.0186252	0.0110189	0.0262113	0.00169438	0.0228787	0.0221108	0.0329605	0.0166953	0.00753953	0.00134437	0.348762
95	0.09535	0.0213721	0.0178192	0.00720958	0.00553854	0.604665	0.00566915	0.00471879	0.0132544	0.00629317	0.00731683	0.0219921	0.0141419	0.011394	0.00606097	0.117375	0.0215806	0.0142834	0.000971022	0.00299436
96	0.00956926	0.00116013	0.00962362	0.0322539	0.00101618	0.00779184	0.0248482	0.00428775	0.2394	0.00707231	0.00437251	0.0265563	0.0133453	0.131448	0.377108	0.0380772	0.0433017	0.0192125	0.000678998	0.00887522
97	0.0160125	0.00180375	0.344356	0.4457	0.00192551	0.0159763	0.0101872	0.00662155	0.0250518	0.00851617	0.00218903	0.0224654	0.00470505	0.0368468	0.00734181	0.0112814	0.0166622	0.0205312	0.00143868	0.000388044
98	0.0109953	0.00601492	0.00153364	0.00253087	0.0232027	0.00208195	0.00193644	0.14343	0.0092811	0.491067	0.180123	0.00406005	0.00163971	0.00513863	0.00745189	0.00756109	0.00859316	0.080601	0.00048309	0.0122754
99	0.0687514	0.00742849	0.0195952	0.00502431	0.00377318	0.694781	0.00279033	0.00319682	0.00937584	0.00427744	0.00676601	0.0229998	0.0158032	0.00854767	0.00531183	0.0977622	0.0102879	0.0113257	0.000630182	0.00157132
100	0.0173198	0.0018911	0.329004	0.446119	0.00195898	0.0158725	0.0121965	0.00750838	0.0250965	0.00809477	0.00229891	0.0225061	0.00890029	0.0409993	0.0084647	0.0119615	0.0180415	0.0197969	0.0013677	0.000601513
101	0.0121726	0.00688421	0.00164023	0.00298424	0.0186048	0.00221174	0.00217771	0.0575263	0.011131	0.520327	0.23138	0.00333078	0.00287352	0.00547082	0.00783423	0.00835719	0.00716422	0.08601	0.000532344	0.0113873
102	0.0360023	0.00638795	0.00386296	0.00318276	0.017539	0.0120876	0.00102837	0.165067	0.0232737	0.298685	0.0826977	0.0147704	0.00111609	0.0413179	0.00977983	0.0270932	0.0605239	0.190577	0.00194159	0.0030656
103	0.0160125	0.00180375	0.344356	0.4457	0.00192551	0.0159763	0.0101872	0.00662155	0.0250518	0.00851617	0.00218903	0.0224654	0.00470505	0.0368468	0.00734181	0.0112814	0.0166622	0.0205312	0.00143868	0.000388044
104	0.317881	0.0325066	0.00440615	0.00479334	0.0624354	0.00507813	0.00458757	0.0498129	0.0284639	0.0450691	0.121969	0.00629397	0.00227812	0.00665954	0.0058756	0.0597114	0.0625257	0.174388	0.000956997	0.00430755
105	0.0496987	0.00510378	0.0197554	0.00249864	0.00196607	0.749852	0.00193392	0.00181871	0.00714261	0.00238758	0.00630754	0.0215586	0.0164537	0.00694644	0.00387423	0.0887078	0.00396636	0.00824899	0.0004703	0.00130818
106	0.0157263	0.00192966	0.330381	0.447078	0.00205978	0.0158741	0.0112818	0.0062852	0.0282922	0.00856868	0.00218537	0.023168	0.00446994	0.0407595	0.00890075	0.0124852	0.0182924	0.0200933	0.00153826	0.000630826
107	0.393993	0.0521401	0.00444213	0.021139	0.0204825	0.0539453	0.00592978	0.0149745	0.0193924	0.00839028	0.00262901	0.018792	0.00289168	0.0126961	0.00352089	0.226112	0.097167	0.0392931	0.000336255	0.00173303
108	0.0117498	0.00337092	0.00215527	0.0120698	0.279327	0.00252408	0.00837158	0.0617783	0.0143047	0.367723	0.0446235	0.00858077	0.00132042	0.00507939	0.00901743	0.0182721	0.0155579	0.0288382	0.00162738	0.103708
109	0.0119597	0.00436297	0.00287358	0.0171454	0.00606523	0.00386978	0.0393153	0.0185005	0.477899	0.0662519	0.0219406	0.0396548	0.0033024	0.0304268	0.206932	0.0184998	0.018648	0.00775485	0.00151501	0.003082
110	0.0189478	0.0144277	0.109496	0.20779	0.00574225	0.0165089	0.0441716	0.0051422	0.0777742	0.0399241	0.0174968	0.0335661	0.00129628	0.243043	0.0648668	0.0434227	0.0302941	0.015106	0.000956232	0.0100262
111	0.0110127	0.00780412	0.0014786	0.0023161	0.0163355	0.00161666	0.00189006	0.0712059	0.0108895	0.541621	0.218066	0.00325139	0.0020446	0.00437478	0.00814693	0.0075535	0.00617877	0.0715782	0.000514052	0.0121212
112	0.382384	0.0221677	0.0127996	0.0152207	0.0166695	0.178732	0.00576083	0.00995134	0.026111	0.00863379	0.00511985	0.0284595	0.00967357	0.0123754	0.0213262	0.160053	0.0456334	0.0358587	0.00123347	0.00183623
113	0.0160125	0.00180375	0.344356	0.4457	0.00192551	0.0159763	0.0101872	0.00662155	0.0250518	0.00851617	0.00218903	0.0224654	0.00470505	0.0368468	0.00734181	0.0112814	0.0166622	0.0205312	0.00143868	0.000388044
114	0.0493161	0.0119597	0.00807115	0.0155952	0.00593013	0.00154776	0.00398965	0.304966	0.00441986	0.0677756	0.0269321	0.00478264	0.000794821	0.00378428	0.00351546	0.0425452	0.056814	0.380741	0.000213994	0.00630556
115	0.00681087	0.00191312	0.0122699	0.0211622	0.00168069	0.00637666	0.0168336	0.00687335	0.530836	0.0147168	0.00502785	0.0156247	0.00932765	0.0459751	0.246865	0.0179335	0.0199155	0.0126391	0.0019858	0.00523288
116	0.0442685	0.0111066	0.144655	0.103781	0.0088198	0.014251	0.0820732	0.0144362	0.109221	0.0259294	0.0143183	0.111431	0.00886964	0.0531639	0.0356885	0.0371552	0.0312783	0.0213183	0.039191	0.0890444
117	0.422819	0.049344	0.00556204	0.0241713	0.023271	0.0558579	0.00559548	0.0161862	0.0192358	0.008478	0.00191169	0.0178009	0.00153034	0.0151128	0.00466947	0.21485	0.0755443	0.0364356	0.000360171	0.0012647
118	0.0186657	0.00799796	0.00533642	0.010239	0.0204904	0.00752931	0.0065093	0.0556124	0.0321072	0.465821	0.19769	0.00843266	0.00356769	0.0153543	0.0121615	0.0278952	0.0192397	0.0708379	0.00149479	0.013017
119	0.029829	0.00355268	0.279729	0.372946	0.00484323	0.0186521	0.0159377	0.0104991	0.0293403	0.0259101	0.0099714	0.0293983	0.00370764	0.0503403	0.0133336	0.0293802	0.0370646	0.0313927	0.00164009	0.00253191
120	0.0596442	0.0183493	0.0413056	0.0304744	0.00683124	0.00287182	0.00485484	0.306272	0.00597179	0.0666753	0.0332457	0.00670446	0.00160789	0.00627967	0.00555859	0.0355822	0.0498901	0.30986	0.00077552	0.00724503
121	0.0881716	0.0105056	0.107606	0.0903129	0.00532713	0.0597247	0.0357298	0.0322027	0.0278762	0.0283826	0.00753512	0.137732	0.00169955	0.0680778	0.0351757	0.124095	0.111599	0.021839	0.000666771	0.00574161
122	0.0478511	0.0121078	0.00745629	0.0147053	0.00593711	0.00157534	0.00354351	0.300162	0.00478172	0.0664159	0.026211	0.00498882	0.00101364	0.00382674	0.0037007	0.0435379	0.0582383	0.387522	0.000240298	0.00618487
123	0.0159285	0.00619951	0.0495734	0.121741	0.00515229	0.0104934	0.0510284	0.00913713	0.337513	0.0295798	0.0118658	0.0301602	0.00546335	0.0748607	0.155364	0.0299789	0.0290914	0.0144555	0.00348782	0.00892627
124	0.0505226	0.0257782	0.0805812	0.105862	0.00642918	0.0234749	0.0739899	0.0123894	0.0447449	0.0300354	0.0160458	0.0500403	0.00296896	0.229943	0.0703694	0.0789857	0.0409998	0.0209633	0.00278154	0.0330944
125	0.0954128	0.00946732	0.0608834	0.051594	0.00961784	0.0644383	0.0258144	0.0184168	0.0519855	0.0209083	0.0089222	0.180644	0.0074805	0.0496376	0.0400813	0.150036	0.126878	0.0200785	0.00179638	0.00590746
126	0.0283146	0.017235	0.00711908	0.00955199	0.263981	0.0134309	0.0406816	0.00970723	0.0126434	0.078791	0.0183617	0.00975393	0.00155908	0.015646	0.0314706	0.02246	0.0079555	0.0112176	0.000844658	0.399275
127	0.0193265	0.00436562	0.00232142	0.00257025	0.0309403	0.00547892	0.00165131	0.259713	0.0124909	0.367122	0.075787	0.00799701	0.00095001	0.0166907	0.0065626	0.0129471	0.0313552	0.130017	0.00100104	0.0107118
128	0.0166783	0.00206973	0.336266	0.436317	0.00213932	0.0177461	0.0106742	0.00677655	0.0275209	0.0114693	0.00303178	0.0227701	0.00468012	0.0398152	0.00882012	0.0126284	0.0178237	0.0205974	0.00161369	0.000562004
129	0.110306	0.0121963	0.0252876	0.0221964	0.0111001	0.0128294	0.0114199	0.0121449	0.0187147	0.0496592	0.0136515	0.0216438	0.544325	0.0188466	0.0173949	0.0303369	0.0192058	0.0258363	0.0177784	0.0051265
130	0.00890821	0.00301781	0.00158199	0.00298722	0.0637502	0.00197965	0.00199671	0.262903	0.00484095	0.376136	0.124011	0.00397485	0.0015056	0.00469201	0.00635602	0.00614728	0.00999785	0.099455	0.000750566	0.015008
131	0.0765653	0.00773096	0.022344	0.0246439	0.0080557	0.0243119	0.127458	0.0173	0.0192602	0.0836974	0.0181233	0.0699457	0.00428843	0.178102	0.0136853	0.101845	0.137485	0.0213265	0.00213242	0.0416998
132	0.0831282	0.00826953	0.0765429	0.0630493	0.00568396	0.0538616	0.0662585	0.0221072	0.0209086	0.0496484	0.00854025	0.104231	0.00155264	0.130503	0.0215426	0.111931	0.142076	0.0179086	0.000681641	0.0115757
133	0.0294741	0.00662855	0.00297602	0.0037704	0.0252242	0.0109586	0.00131198	0.135698	0.025965	0.365476	0.0962683	0.0125312	0.00153711	0.0317251	0.0136838	0.0255427	0.0489299	0.154417	0.0020917	0.0057907
134	0.0604252	0.0374834	0.017812	0.155909	0.0373388	0.0106082	0.0842469	0.0468974	0.0222567	0.141146	0.0298856	0.0133963	0.00706867	0.169848	0.0143136	0.0331327	0.0362124	0.0703924	0.00276851	0.00885784
135	0.0895811	0.0127358	0.113054	0.101368	0.00485024	0.0531631	0.0379705	0.0366244	0.0218762	0.0278889	0.00712977	0.134156	0.00128035	0.0806348	0.030572	0.111822	0.107745	0.0203375	0.000659631	0.00655043
136	0.0238955	0.00669343	0.00642142	0.0215694	0.0034389	0.0136323	0.0464259	0.0158935	0.26593	0.0216164	0.0104351	0.0796205	0.00845625	0.0707351	0.226657	0.0804828	0.0750306	0.0149897	0.00179144	0.00628441
137	0.0160041	0.00196447	0.34624	0.442648	0.00192227	0.0157153	0.0101045	0.00668777	0.0248581	0.00852875	0.00236244	0.0224901	0.00519963	0.0373652	0.00758787	0.0114402	0.0166691	0.0203495	0.00139567	0.000466871
138	0.0090494	0.00214425	0.00182251	0.00294469	0.0451162	0.00185246	0.00208488	0.373782	0.00308233	0.309654	0.0810737	0.00376226	0.000921094	0.00316154	0.0065575	0.00504889	0.0115565	0.119331	0.000408447	0.0166468
139	0.00250758	0.00117367	0.00532683	0.0121863	0.00109054	0.00453325	0.0105575	0.00777074	0.643028	0.0157492	0.00382452	0.00851196	0.00841314	0.0218451	0.215595	0.0111351	0.0117648	0.0101463	0.00221463	0.00262639
140	0.0159328	0.0019394	0.338127	0.445091	0.00198393	0.0157488	0.0106818	0.00644333	0.0267838	0.00864853	0.00224062	0.0228858	0.00460483	0.0389392	0.00832806	0.0118133	0.0175024	0.0203254	0.00145544	0.000523657
141	0.0450429	0.0114983	0.00701153	0.0146446	0.00686935	0.00175361	0.00337135	0.306606	0.00423088	0.0710165	0.029477	0.00474855	0.000833067	0.00389267	0.0044121	0.0408749	0.0545562	0.381971	0.0001959	0.00699285
142	0.0500729	0.00901288	0.0072091	0.0293143	0.00447721	0.0385631	0.0150827	0.0784814	0.0133125	0.120465	0.148415	0.0642076	0.00547874	0.112801	0.0350867	0.0741261	0.110182	0.0702169	0.00136419	0.0121307
143	0.0451998	0.0145084	0.0137886	0.00633649	0.234464	0.02234	0.113246	0.0183693	0.0101623	0.027972	0.0111047	0.0200755	0.00150175	0.0233621	0.0279843	0.0322945	0.0136764	0.0086208	0.000978827	0.354014
144	0.0432833	0.00967569	0.0288625	0.0273854	0.0124205	0.0221824	0.170053	0.0180562	0.0380006	0.100891	0.017755	0.145869	0.00732006	0.112887	0.0276865	0.0577747	0.0543283	0.0235623	0.00448667	0.07752
145	0.0267578	0.00848292	0.0071998	0.0151179	0.0211241	0.0140093	0.010539	0.149419	0.0388614	0.200648	0.0713462	0.0183606	0.00542193	0.0312507	0.122439	0.0276461	0.040988	0.176455	0.00257256	0.0113605
146	0.0039986	0.00158241	0.00554962	0.0144824	0.00116984	0.00481698	0.0142045	0.00758408	0.588037	0.0150967	0.00421353	0.0133646	0.00837822	0.0340094	0.2322	0.0172586	0.018095	0.0107734	0.00193393	0.00325159
147	0.0086441	0.00279588	0.0165	0.0448989	0.00241792	0.00614737	0.0209487	0.00840068	0.491119	0.021058	0.00709152	0.020557	0.00841593	0.0531583	0.226734	0.0195075	0.0213231	0.0125797	0.0024155	0.00528687
148	0.011947	0.00737313	0.00163928	0.00256718	0.0163865	0.00184541	0.00211653	0.0526956	0.011526	0.543358	0.230179	0.00330354	0.00239476	0.00477022	0.00766132	0.00827319	0.00626972	0.0737976	0.000533279	0.0113632
149	0.0311107	0.0141205	0.0182081	0.140249	0.0075326	0.0137249	0.127219	0.0179341	0.0595357	0.0215563	0.0140631	0.0568893	0.00583672	0.119056	0.0155211	0.212618	0.0271751	0.0790796	0.00244378	0.0161269
150	0.0564318	0.00591701	0.0189902	0.00494579	0.00337954	0.662103	0.00494072	0.00290556	0.0124381	0.00469588	0.00787553	0.0356008	0.0144247	0.0107297	0.00831953	0.115456	0.0129702	0.0144773	0.00114965	0.00224904
151	0.00915385	0.00216724	0.00961554	0.0268616	0.00324861	0.00757034	0.0228154	0.00888959	0.359658	0.0158223	0.00653743	0.0272562	0.0109222	0.0864216	0.30469	0.0307697	0.0343409	0.0173368	0.00171568	0.0142077
152	0.0346925	0.00979133	0.0427455	0.113425	0.0135983	0.0212232	0.0291732	0.0195494	0.131369	0.0447445	0.0583737	0.0430564	0.00786237	0.0838209	0.196569	0.0484394	0.0489947	0.0344806	0.00431848	0.0137728
153	0.0164906	0.00687979	0.00211585	0.00404891	0.0220994	0.00430935	0.00230135	0.0849142	0.0133387	0.489833	0.187488	0.00580258	0.00264791	0.0124974	0.00817964	0.0122245	0.0158557	0.0971961	0.000960061	0.0108176
154	0.0721807	0.0116783	0.135665	0.119311	0.0100917	0.0413557	0.0313517	0.0291616	0.0380417	0.0303926	0.0145146	0.0868461	0.00555202	0.0624793	0.0326838	0.119522	0.109179	0.0357973	0.00236862	0.0118285
155	0.0198161	0.019271	0.00476579	0.010307	0.279921	0.0114672	0.0202919	0.00501536	0.00887588	0.0751868	0.0158991	0.0054359	0.00100211	0.0133698	0.0222622	0.0166859	0.00553663	0.01153	0.000575842	0.452785
156	0.0683997	0.0111313	0.157128	0.182456	0.00739619	0.0277795	0.0379178	0.014447	0.0485024	0.0261281	0.0117087	0.0638694	0.00839162	0.114936	0.0635576	0.06292	0.0552358	0.0226891	0.00215875	0.0132471
157	0.0568921	0.071949	0.0102455	0.00837454	0.203929	0.0180096	0.0908998	0.0141986	0.0122257	0.0333969	0.0127871	0.0200405	0.00195386	0.020773	0.0246004	0.0345406	0.0169867	0.0139956	0.00140078	0.332801
158	0.0129353	0.00452717	0.00680366	0.021643	0.0035164	0.00761754	0.0331765	0.029525	0.401653	0.0359127	0.0139139	0.0497799	0.00650596	0.0589807	0.209063	0.0336544	0.0464747	0.0149382	0.00191173	0.00746774
159	0.00254715	0.00117164	0.00533398	0.0121841	0.00109528	0.00454806	0.0105832	0.00778003	0.642311	0.0157321	0.00385459	0.00856244	0.00842874	0.0220314	0.215899	0.0111353	0.0117739	0.0101853	0.00218855	0.0026535
160	0.00971969	0.00129565	0.00945791	0.0324285	0.00119951	0.00753429	0.0245441	0.00423674	0.23641	0.00712914	0.00459931	0.0264573	0.0133776	0.131616	0.379071	0.0383884	0.0435608	0.0192537	0.000766121	0.00895498
161	0.0106295	0.00120435	0.00923897	0.0327844	0.0010681	0.00726843	0.024064	0.00407822	0.238274	0.00723943	0.00473839	0.0258582	0.0129673	0.131886	0.377884	0.0383399	0.0434283	0.0199219	0.000833989	0.0082927
162	0.0163415	0.00855016	0.0383589	0.0398368	0.00571856	0.0884195	0.107038	0.0113021	0.105369	0.0851666	0.039134	0.0154402	0.00329834	0.197292	0.0221252	0.0897131	0.0704535	0.0443951	0.00162769	0.01042
163	0.0936411	0.0108691	0.113351	0.100654	0.00550736	0.060229	0.0329915	0.0524698	0.0215145	0.031182	0.00850799	0.126947	0.0012736	0.0647053	0.0335793	0.104438	0.109745	0.0216312	0.000880276	0.00588311
164	0.00265556	0.00117376	0.00555715	0.0129801	0.0010912	0.00468726	0.011015	0.00747706	0.629907	0.0155239	0.00368482	0.00895947	0.00871995	0.0251585	0.221327	0.0122658	0.0124492	0.0104262	0.00215444	0.00278577
165	0.016018	0.00183167	0.341954	0.446279	0.00193902	0.0158595	0.0103241	0.00654597	0.0256141	0.00852463	0.00218381	0.0226771	0.0046308	0.0373247	0.00769979	0.0114079	0.0168123	0.0204529	0.00146	0.000461372
166	0.0082528	0.00147156	0.00154336	0.00226952	0.0499371	0.0016984	0.00210165	0.381245	0.00284707	0.320658	0.0838983	0.00365942	0.000932936	0.0029977	0.00584719	0.00383062	0.00895953	0.101592	0.000412449	0.0158454
167	0.00681468	0.00143746	0.00698475	0.0252487	0.00134225	0.00790952	0.0198989	0.00858082	0.374715	0.0146238	0.00509811	0.0250775	0.0100381	0.0895628	0.319722	0.0280342	0.0284834	0.0167941	0.00114291	0.00849002
168	0.069737	0.00673334	0.0114597	0.0369076	0.00816465	0.0264516	0.0156215	0.0750925	0.017493	0.149993	0.131082	0.0402021	0.00744507	0.11011	0.0194428	0.0690458	0.106021	0.0907423	0.00180867	0.00644602
169	0.336931	0.0389572	0.0105335	0.0246803	0.0187501	0.0547425	0.0144237	0.0152164	0.0461896	0.0167477	0.0100741	0.0324645	0.00887922	0.0222927	0.0176368	0.195953	0.0861101	0.0410736	0.00162422	0.00671927
170	0.0498968	0.00638871	0.00948659	0.122264	0.0356026	0.0533176	0.0105715	0.045435	0.0463354	0.216224	0.102324	0.01328	0.00727777	0.0575214	0.0349372	0.0239916	0.0542937	0.0821451	0.0223859	0.00632075
171	0.0160707	0.00185979	0.343926	0.444377	0.00217751	0.0161528	0.0101831	0.00697403	0.0247635	0.00851269	0.00224768	0.0223358	0.00519058	0.0373744	0.0074519	0.0114521	0.0167316	0.0203716	0.00144064	0.000406718
172	0.0103918	0.00349813	0.01881	0.0395708	0.00313008	0.0101158	0.0244461	0.0102583	0.470613	0.026859	0.00890224	0.0223636	0.00810812	0.065221	0.202751	0.0259545	0.0252601	0.0154901	0.00229504	0.00596154
173	0.0175896	0.00611638	0.0029627	0.0100864	0.273559	0.00432281	0.0103996	0.0511539	0.015689	0.319279	0.0388038	0.00802716	0.00152484	0.00751518	0.012738	0.0173955	0.0160983	0.0286087	0.00161558	0.156515
174	0.0161127	0.00185436	0.338449	0.446778	0.00194479	0.0159627	0.0107464	0.00661585	0.0259024	0.00846942	0.00216482	0.0228765	0.0047795	0.0380645	0.00799678	0.0117115	0.017204	0.020448	0.00145318	0.000465736
175	0.0184904	0.00287748	0.288181	0.418349	0.00305815	0.0162868	0.0155694	0.00611111	0.0399226	0.0110588	0.0031435	0.0302358	0.00390697	0.0578913	0.0170484	0.0198234	0.0250658	0.0187865	0.00176799	0.00242591
176	0.213838	0.034658	0.0101944	0.0174918	0.0154402	0.0403906	0.0185313	0.020054	0.0498608	0.030812	0.0165008	0.0490676	0.0140359	0.0262698	0.0230441	0.194834	0.13716	0.0755059	0.00180829	0.0105029
177	0.0175166	0.00587872	0.00593644	0.018088	0.032251	0.00621074	0.0293395	0.0183046	0.362502	0.145311	0.0251056	0.0456714	0.00417219	0.0257705	0.1935	0.0204799	0.0184924	0.0126477	0.00278389	0.010037
178	0.062103	0.00890619	0.146675	0.225011	0.00531907	0.0232549	0.0422112	0.0113493	0.0563184	0.0206701	0.00659822	0.0706162	0.00245942	0.12007	0.0494929	0.0545742	0.0600057	0.0158367	0.00212951	0.0163985
179	0.0421128	0.00719405	0.00317161	0.00399526	0.042471	0.0097188	0.0017534	0.135036	0.021465	0.36945	0.0819958	0.0147112	0.00148365	0.0296397	0.00877296	0.0265321	0.0461222	0.145775	0.00234165	0.00625795
180	0.337535	0.0630566	0.00425041	0.0121351	0.0144236	0.029572	0.011502	0.0112015	0.0230566	0.0183535	0.0105349	0.015773	0.0123767	0.0133767	0.00532841	0.187956	0.148811	0.0753584	0.000546405	0.00485211
181	0.0507413	0.00802502	0.11362	0.216589	0.00676794	0.0386962	0.0326238	0.0104559	0.0731034	0.0212904	0.0100353	0.0525911	0.00328255	0.11597	0.0683006	0.0629365	0.068502	0.0282244	0.00135642	0.0168872
182	0.0567726	0.011085	0.0103375	0.0310075	0.00311081	0.0378792	0.0172736	0.0745039	0.0113066	0.0975987	0.13828	0.0714353	0.00565671	0.123577	0.0349815	0.0829798	0.119272	0.0628934	0.000707477	0.00934184
183	0.381554	0.0507074	0.00702509	0.0256272	0.0212091	0.0606375	0.0066478	0.0154919	0.0216088	0.00895786	0.00257788	0.0233706	0.00262725	0.0153051	0.00637419	0.225505	0.0861386	0.0362176	0.000427757	0.00198921
184	0.0299191	0.00722902	0.00442071	0.00994341	0.0233544	0.00641219	0.0025334	0.221956	0.00815497	0.151983	0.102294	0.0059879	0.00413005	0.00962627	0.0110974	0.0198766	0.0332492	0.334724	0.00076094	0.0123479
185	0.0480612	0.00747032	0.0103505	0.00831873	0.139528	0.035198	0.195878	0.0843997	0.0328235	0.014266	0.0283352	0.0448919	0.00348568	0.0427788	0.0150222	0.0445147	0.0545129	0.0112515	0.00184135	0.177072
186	0.0663247	0.00973108	0.0861022	0.0460752	0.0109747	0.0165259	0.0898435	0.0164919	0.151511	0.0263824	0.0137224	0.185658	0.00673295	0.040026	0.0328407	0.0430595	0.0398543	0.0214615	0.0150529	0.0816291
187	0.00849313	0.00343124	0.0015745	0.00658458	0.263009	0.00202409	0.00590328	0.0960937	0.00676637	0.43737	0.040752	0.00976118	0.0010126	0.00519989	0.00362466	0.0113833	0.0161202	0.0464693	0.00271276	0.0317133
188	0.048363	0.0118262	0.00725136	0.0147562	0.00578377	0.00147646	0.00361178	0.301412	0.00450674	0.0665232	0.0261135	0.00463613	0.000780614	0.00370814	0.00340278	0.0435471	0.0571529	0.388806	0.000216047	0.00612529
189	0.0161531	0.00212754	0.32334	0.443177	0.00216041	0.0159219	0.0120279	0.00626788	0.0293432	0.00891555	0.00236524	0.024213	0.00467178	0.043997	0.0111063	0.0134521	0.0184538	0.0198047	0.00156501	0.000936831
190	0.0277619	0.0139145	0.0276497	0.0380606	0.0251441	0.0490193	0.135718	0.0241263	0.0441444	0.0392321	0.0447046	0.0413374	0.00487227	0.239522	0.0577682	0.0471149	0.0388122	0.023427	0.00310993	0.0745604
191	0.0171404	0.00557121	0.00418119	0.0128498	0.0201982	0.00886558	0.00291308	0.222797	0.0048392	0.113762	0.0937034	0.00492083	0.00560484	0.00563885	0.0125962	0.0158101	0.024994	0.409403	0.000581632	0.0136294
192	0.103225	0.00609577	0.0312049	0.0388108	0.00854377	0.0664303	0.026889	0.0102678	0.0641991	0.0237098	0.0146016	0.133275	0.00741543	0.0543646	0.0611322	0.200359	0.121766	0.0208333	0.00368083	0.00319536
193	0.0393106	0.015685	0.0258383	0.0816319	0.0107421	0.0296777	0.0915069	0.0414681	0.0357893	0.0783285	0.0352798	0.0359956	0.00462957	0.231975	0.0231988	0.0768295	0.0722691	0.0547848	0.00120036	0.0138588
