233	20
1	0.0954955	0.0169098	0.0549043	0.0581587	0.00166427	0.0375851	0.00769188	0.0236488	0.0439128	0.0207505	0.00216176	0.0331865	0.347819	0.0333179	0.0322127	0.123319	0.0554124	0.00806588	0.000962788	0.00282091
2	0.0259274	0.0135412	0.00183027	0.00430622	0.0521683	0.00216926	0.00136094	0.254582	0.0046063	0.340663	0.0628233	0.00292464	0.00490913	0.0023652	0.00652204	0.0105875	0.0115555	0.188183	0.00340313	0.00557212
3	0.21279	0.0426117	0.0130818	0.0291721	0.00378988	0.125799	0.00911104	0.0397526	0.0280152	0.0298932	0.00740401	0.0193284	0.202087	0.0195624	0.0299348	0.120596	0.0409172	0.0205453	0.00102263	0.00458555
4	0.122951	0.033522	0.00401125	0.00527976	0.0170197	0.00735344	0.00438577	0.136862	0.00280726	0.11468	0.0597169	0.00674385	0.00160169	0.00846909	0.00207201	0.0469061	0.119593	0.296536	0.0005256	0.00896435
5	0.105314	0.0496618	0.0194183	0.00317457	0.00529411	0.0102208	0.0328344	0.00829063	0.0129183	0.0174411	0.00688503	0.0492966	0.00734639	0.0129556	0.00299269	0.25488	0.345117	0.0414071	0.0020891	0.0124624
6	0.0184041	0.0175341	0.00109012	0.00225072	0.318094	0.00129638	0.00118527	0.124929	0.00424392	0.271275	0.0508789	0.00362935	0.00145819	0.00154862	0.00467564	0.0123952	0.0142663	0.11983	0.0143642	0.0166518
7	0.0403062	0.0200857	0.0138475	0.0327417	0.0160367	0.014701	0.0206829	0.0519268	0.162082	0.100041	0.0821116	0.027529	0.0105801	0.0327774	0.17877	0.0435286	0.0520503	0.0346003	0.0508398	0.014762
8	0.0123053	0.00485023	0.00165799	0.00641391	0.0525461	0.00131546	0.000888494	0.350357	0.00232477	0.23751	0.0393347	0.00130076	0.00398215	0.00238092	0.00335063	0.0042636	0.00702008	0.262423	0.00298726	0.00278814
9	0.0700667	0.0398016	0.0241542	0.0267681	0.00899641	0.0435016	0.0355343	0.0174004	0.0197554	0.0329518	0.00787497	0.250423	0.00144091	0.0479364	0.0163956	0.211944	0.0994988	0.0288461	0.0018269	0.0148824
10	0.120985	0.0386309	0.0261428	0.028654	0.00210774	0.0809856	0.0237485	0.0135731	0.0526546	0.0457137	0.0053294	0.0391652	0.169144	0.0351234	0.0874235	0.161556	0.0439313	0.0135926	0.00130984	0.0102286
11	0.111357	0.0217681	0.0190456	0.0636808	0.00116656	0.0323924	0.00978051	0.0250684	0.0484599	0.0260844	0.00181868	0.0292444	0.335394	0.0333925	0.040998	0.136919	0.0514389	0.00884294	0.000642684	0.00250491
12	0.0117301	0.00594799	0.0012358	0.00491086	0.0444188	0.00128106	0.000633761	0.32319	0.00399245	0.360647	0.0551752	0.000820218	0.00736277	0.000808994	0.00654783	0.0053436	0.00333724	0.159299	0.00157137	0.00174599
13	0.110995	0.0217289	0.019107	0.0633937	0.00113654	0.0325208	0.00976614	0.0250622	0.0483909	0.0260726	0.00179529	0.0292021	0.336092	0.0333191	0.041042	0.136843	0.051608	0.00876581	0.000642599	0.00251646
14	0.0206962	0.0243543	0.00978896	0.0133399	0.372238	0.00721544	0.0243644	0.0250393	0.00881432	0.0485509	0.00772731	0.00528664	0.00514451	0.00444975	0.0204246	0.0144274	0.0114313	0.0295068	0.122361	0.224839
15	0.0870495	0.0486625	0.0266422	0.0110214	0.059924	0.036621	0.0551753	0.0940279	0.0134751	0.134245	0.022926	0.0523315	0.00149273	0.0126267	0.023895	0.105687	0.0552203	0.0562736	0.00636266	0.0963403
16	0.378685	0.0210517	0.00172171	0.00213955	0.00204799	0.363741	0.00237776	0.0257834	0.00251821	0.0193529	0.00346408	0.00457745	0.0158013	0.00271637	0.00240028	0.0928531	0.0284669	0.0279584	0.000570178	0.00177289
17	0.0126466	0.0142358	0.00907101	0.00675438	0.43352	0.00403103	0.0123095	0.0180461	0.00451006	0.0418498	0.00772833	0.00327701	0.00168408	0.00282551	0.00779483	0.00613959	0.00739061	0.0126938	0.0876538	0.305838
18	0.0123793	0.00224347	0.00229466	0.123866	0.00395507	0.00233467	0.0758723	0.011233	0.10212	0.00412393	0.0254596	0.0418404	0.00105452	0.398847	0.100194	0.0201147	0.0474564	0.00461004	0.000789055	0.0192113
19	0.0270247	0.027004	0.00140935	0.00353792	0.146258	0.00201158	0.00317269	0.127412	0.00936675	0.313634	0.074077	0.0142856	0.00104327	0.00225922	0.00863849	0.0384378	0.0323772	0.130615	0.0238057	0.0136293
20	0.0183606	0.00127034	0.175523	0.128275	0.00114449	0.06021	0.0118011	0.00676874	0.104225	0.00331358	0.00635615	0.0654243	0.0261302	0.0286838	0.0448258	0.193622	0.110279	0.0119476	0.000503093	0.00133589
21	0.0815221	0.00157787	0.0444147	0.116457	0.00117818	0.0311014	0.0175202	0.00826726	0.171586	0.0158885	0.0082509	0.0711846	0.000744948	0.0459402	0.22599	0.0813151	0.0664238	0.00819057	0.000482858	0.00196362
22	0.0263993	0.0292433	0.000725442	0.00170928	0.156694	0.00119993	0.00108635	0.117416	0.00402662	0.390363	0.0702227	0.00357764	0.000587242	0.0017012	0.00436286	0.0124105	0.022079	0.130142	0.0097504	0.0163025
23	0.0147931	0.0052408	0.00550582	0.0369023	0.0406407	0.00476418	0.241137	0.0084752	0.115091	0.00992821	0.00797058	0.0143318	0.00295591	0.192342	0.146	0.0622731	0.0509816	0.0131114	0.00166544	0.0258899
24	0.0861382	0.00406985	0.0393164	0.0949857	0.00392554	0.0346979	0.0322178	0.00962824	0.135251	0.0245513	0.0103903	0.105126	0.000724438	0.0583055	0.145955	0.116881	0.0763567	0.0156885	0.00112542	0.00466531
25	0.0266341	0.0308041	0.0101238	0.0128612	0.350465	0.00740872	0.02835	0.0384708	0.0079689	0.0617926	0.00794755	0.00678872	0.00556275	0.00408472	0.0157303	0.0157762	0.012468	0.0255687	0.127521	0.203672
26	0.0124156	0.00688317	0.00122494	0.00454268	0.0449453	0.00127636	0.000593764	0.313774	0.00416451	0.361684	0.0564024	0.000999831	0.00717581	0.000939245	0.00667727	0.00603198	0.00388033	0.162243	0.0018276	0.00231889
27	0.0266108	0.0142375	0.0264412	0.00969202	0.00409629	0.00508615	0.00581994	0.218353	0.138267	0.150469	0.0444057	0.0300474	0.00409029	0.0682158	0.0507008	0.0384144	0.0479407	0.0783084	0.0037468	0.0350565
28	0.119662	0.00484035	0.0415302	0.0658451	0.014002	0.0295584	0.0421622	0.0296547	0.04763	0.0643219	0.0150972	0.100853	0.0364623	0.0683555	0.0469532	0.126381	0.0507979	0.0632572	0.00873739	0.0238988
29	0.130367	0.0449241	0.0123201	0.105021	0.00919541	0.0094221	0.112905	0.0123094	0.0115281	0.087029	0.0717778	0.0466539	0.00475738	0.269088	0.0104429	0.0188883	0.0173926	0.0156286	0.00259503	0.00775492
30	0.0546372	0.0121609	0.0381643	0.00692538	0.00477338	0.0400872	0.0458144	0.00735228	0.0173964	0.016399	0.0129909	0.182504	0.00124872	0.0101943	0.00521878	0.231693	0.279296	0.0272236	0.000957613	0.00496361
31	0.145482	0.0705494	0.0147914	0.0129028	0.0371658	0.0397518	0.0370782	0.0772052	0.0101672	0.143904	0.016622	0.0447263	0.00267425	0.0143088	0.0325508	0.11399	0.0715272	0.061246	0.00283044	0.0505272
32	0.0723822	0.0168084	0.0620662	0.0297729	0.00450691	0.487157	0.027518	0.0130886	0.0197348	0.0137604	0.00709224	0.0723915	0.016284	0.0241195	0.0134403	0.0679505	0.0265576	0.0131869	0.00199105	0.0101907
33	0.0861246	0.0504841	0.0259758	0.0128886	0.0528924	0.0412217	0.0582657	0.0916959	0.0153938	0.120525	0.0180952	0.0631933	0.00147236	0.0139281	0.0246095	0.116437	0.0591882	0.0519376	0.00594649	0.0897247
34	0.0126592	0.00801584	0.00124693	0.00448698	0.0480548	0.0013058	0.000636748	0.304898	0.00419518	0.374612	0.0571645	0.000981836	0.00694542	0.000800376	0.00672716	0.00639068	0.00364788	0.152545	0.00190758	0.00277753
35	0.0513212	0.0197998	0.038441	0.0225245	0.00748378	0.0274803	0.0248529	0.0294684	0.0181377	0.0415557	0.00937382	0.132295	0.00506917	0.0777125	0.0157304	0.243735	0.168672	0.0397352	0.00238881	0.0242234
36	0.0277951	0.0182346	0.0145974	0.0431232	0.0188529	0.0200869	0.0336279	0.0136406	0.178307	0.0305749	0.00889581	0.0352675	0.0111184	0.0294475	0.428011	0.0266162	0.0223421	0.0169056	0.00295173	0.0196037
37	0.0559434	0.0200895	0.0222717	0.0575979	0.0206846	0.029451	0.110648	0.0314511	0.0507667	0.0401365	0.0207523	0.0508787	0.0127166	0.191269	0.060858	0.0644014	0.0500655	0.0843664	0.00422094	0.0214307
38	0.0273799	0.00417611	0.354088	0.342024	0.00426386	0.0144956	0.0276871	0.00635529	0.0133988	0.016879	0.00560465	0.0439527	0.0138863	0.0294646	0.0186585	0.0318722	0.0157725	0.0244381	0.00125442	0.00434811
39	0.248187	0.0114838	0.00823875	0.0441802	0.00476293	0.00703808	0.00889426	0.054092	0.00869253	0.104944	0.00911235	0.00861893	0.0515351	0.0253324	0.00762648	0.0625634	0.138229	0.189463	0.00170422	0.00530207
40	0.17451	0.0690245	0.00650896	0.0154688	0.017353	0.0220558	0.0119042	0.0834414	0.0127283	0.0924921	0.034756	0.0154173	0.00843031	0.0146586	0.010901	0.0739921	0.115141	0.207874	0.0028497	0.0104929
41	0.145746	0.0426932	0.0170864	0.0181881	0.0137533	0.0388348	0.0208264	0.0741574	0.0195249	0.0661681	0.0220439	0.0505885	0.0178645	0.0242786	0.0154292	0.179612	0.132092	0.0804018	0.00362684	0.0170846
42	0.116985	0.0316786	0.0186447	0.0223147	0.0203167	0.0256444	0.0212768	0.0714973	0.0203748	0.0819708	0.073993	0.0834671	0.00894855	0.0276771	0.0187733	0.0844459	0.111953	0.141447	0.00357104	0.0150197
43	0.0144997	0.00535964	0.00124582	0.00487156	0.0446671	0.00138815	0.000655911	0.352975	0.00250196	0.254755	0.0432021	0.00110314	0.00476823	0.0020821	0.00377975	0.00464391	0.00844413	0.243894	0.00264652	0.00251603
44	0.125847	0.0203518	0.0268158	0.0712213	0.00594513	0.0324771	0.0170765	0.0347654	0.0418498	0.0621537	0.0113607	0.0330446	0.228044	0.0352864	0.0386379	0.107714	0.0510968	0.0423153	0.00331357	0.010684
45	0.20857	0.00998182	0.00674736	0.0168022	0.00497247	0.0144605	0.011076	0.078789	0.0162313	0.0596562	0.0123781	0.00850473	0.210742	0.0193345	0.0115386	0.0311627	0.0790048	0.188781	0.00194237	0.00932398
46	0.0559523	0.0230502	0.00118008	0.00953035	0.0505744	0.00674811	0.00155864	0.202894	0.00329645	0.304228	0.0697035	0.00608529	0.00229542	0.00228538	0.00394972	0.0227519	0.0345371	0.191324	0.0021613	0.00589457
47	0.028912	0.030329	0.000909376	0.00204111	0.153663	0.00150468	0.00135985	0.107638	0.0045278	0.390376	0.0573264	0.00362808	0.000759109	0.00209148	0.00486341	0.0127934	0.0232513	0.146837	0.012248	0.0149407
48	0.0269661	0.00197213	0.00122571	0.00223482	0.052079	0.00187675	0.00161027	0.111034	0.00222706	0.444812	0.252069	0.00296634	0.000944973	0.00425925	0.00608699	0.0124878	0.0172651	0.0543836	0.00189344	0.00160585
49	0.0261413	0.00225508	0.525646	0.0689929	0.00204257	0.0482844	0.0106739	0.00322697	0.0287981	0.00771452	0.00472378	0.134806	0.00434096	0.0618629	0.014646	0.0425373	0.0039597	0.00516626	0.000944142	0.00323658
50	0.0302819	0.00567515	0.00479997	0.00572922	0.0107203	0.00157506	0.00139267	0.291787	0.00144526	0.0716819	0.0118573	0.00162219	0.0151591	0.00434841	0.00118448	0.00300454	0.00991798	0.525166	0.000863147	0.0017886
51	0.0125842	0.00204968	0.00231096	0.125552	0.00392979	0.00228489	0.0766569	0.0102714	0.102836	0.00391696	0.0229093	0.042362	0.00103678	0.397577	0.102114	0.0207289	0.0482782	0.0045135	0.000725227	0.017362
52	0.077859	0.0131861	0.0101124	0.0407214	0.00354744	0.0179908	0.00741079	0.0142985	0.0500657	0.0172377	0.0040186	0.0165979	0.359803	0.0174026	0.0488143	0.260565	0.025725	0.0086347	0.00121892	0.00479061
53	0.0350196	0.00365292	0.070149	0.0739148	0.00414212	0.143404	0.149829	0.00517385	0.0334074	0.0221821	0.0129262	0.127601	0.00410822	0.0916656	0.0245389	0.0964305	0.0574921	0.0138913	0.00750856	0.0229628
54	0.0236953	0.00828168	0.256414	0.120604	0.00769604	0.030345	0.091627	0.00612204	0.0191889	0.0125619	0.0407767	0.0999051	0.00527126	0.106479	0.0138259	0.0940221	0.0224525	0.0100758	0.00219024	0.028466
55	0.0859824	0.00332561	0.022862	0.00288984	0.0626472	0.00380165	0.0506748	0.009496	0.223812	0.02925	0.00322458	0.0359637	0.0152497	0.0131204	0.191156	0.0738301	0.0814281	0.0329517	0.000912557	0.0574216
56	0.0208371	0.00634282	0.00450638	0.00584233	0.007597	0.000903235	0.000790927	0.263103	0.0010686	0.0557378	0.0062982	0.000984574	0.0042564	0.00295679	0.00092735	0.00145113	0.00417647	0.610703	0.000512499	0.00100349
57	0.0161933	0.0133223	0.00138558	0.00329213	0.12622	0.00197875	0.00177493	0.172846	0.00387007	0.425988	0.0877463	0.00311755	0.0028234	0.00377843	0.00460509	0.00876742	0.0108355	0.098058	0.00573984	0.00765834
58	0.031407	0.00662844	0.406542	0.128654	0.00527692	0.0466055	0.0228636	0.0118532	0.029278	0.0174328	0.00934397	0.0987445	0.00970536	0.0461946	0.0190179	0.0565992	0.0229743	0.0206615	0.00204041	0.00817707
59	0.0744783	0.0175569	0.00110188	0.00298541	0.02251	0.00409084	0.00147016	0.134832	0.00288656	0.317147	0.195325	0.0051076	0.00125673	0.00271045	0.00613422	0.0209844	0.0348955	0.149036	0.00166745	0.00382261
60	0.124775	0.303977	0.0162041	0.021956	0.0238991	0.0306046	0.0260537	0.0319097	0.029095	0.0465096	0.0170236	0.035044	0.0177599	0.0246714	0.0251241	0.0794938	0.0705675	0.0410321	0.0154709	0.018829
61	0.302635	0.0165017	0.00669546	0.00444043	0.00140146	0.477388	0.00212664	0.0176704	0.00320404	0.00983386	0.00208199	0.00914274	0.0138044	0.00355334	0.00284236	0.0892053	0.0191953	0.0162148	0.000509885	0.00155357
62	0.432203	0.0366042	0.00809962	0.0112001	0.00269551	0.0704089	0.0109476	0.00766865	0.00748778	0.0147877	0.00648274	0.0222857	0.00393056	0.0269182	0.00427676	0.247436	0.0621145	0.0162709	0.000942525	0.00723973
63	0.121671	0.0262879	0.0377539	0.0299093	0.00414833	0.289259	0.0162999	0.0231031	0.0302129	0.0257445	0.00707487	0.0325215	0.135612	0.0239037	0.0369504	0.101905	0.0309967	0.0180181	0.00152569	0.00710315
64	0.0542714	0.0166883	0.100696	0.0904628	0.00393884	0.444694	0.0167463	0.00898483	0.0254434	0.0129516	0.00772005	0.0470822	0.0221794	0.0286465	0.0215715	0.0561089	0.0204888	0.0122259	0.00206678	0.00703252
65	0.0610496	0.0155601	0.0603687	0.088071	0.00921453	0.0584343	0.086307	0.015078	0.0422015	0.0306581	0.0158992	0.135441	0.0124778	0.0660554	0.0395588	0.154005	0.0643457	0.0247079	0.00328036	0.0172856
66	0.0274079	0.0154545	0.00786945	0.0302596	0.018648	0.0193488	0.02903	0.0101679	0.236881	0.0293971	0.0083592	0.0342784	0.0101099	0.022886	0.414891	0.0229311	0.0248263	0.0174494	0.00201567	0.0177887
67	0.410532	0.0482454	0.0071006	0.00883696	0.00516579	0.0451394	0.0153202	0.0138651	0.0110243	0.0269044	0.00818474	0.0216233	0.00962936	0.0223588	0.00659632	0.166372	0.124576	0.0388606	0.00344507	0.00621957
68	0.106696	0.0804843	0.00496728	0.00302799	0.0134774	0.0032311	0.0138965	0.0119344	0.0290959	0.037741	0.0108392	0.024776	0.0263221	0.0321389	0.00294695	0.241603	0.267738	0.0822258	0.00184599	0.00501298
69	0.0745417	0.0237184	0.0244097	0.0288712	0.0188778	0.0851703	0.0282263	0.105025	0.0309613	0.0604954	0.0243786	0.0423112	0.0282761	0.13366	0.0306662	0.0616828	0.0451388	0.124896	0.00523728	0.0234553
70	0.0118294	0.00612525	0.00130498	0.00419276	0.0417079	0.0012038	0.000591461	0.329304	0.00408496	0.359234	0.0557237	0.000824105	0.00783043	0.000850251	0.00685633	0.00512178	0.00317908	0.156587	0.00159736	0.00185109
71	0.0230818	0.0122796	0.00102694	0.0039649	0.0431504	0.0016932	0.000710149	0.249465	0.00583613	0.383826	0.0713086	0.00166349	0.00535207	0.00116062	0.00781002	0.00881161	0.00715811	0.164418	0.00246279	0.00482095
72	0.0274502	0.00438144	0.368296	0.347828	0.0031305	0.012479	0.0208967	0.0060498	0.012033	0.0194609	0.00563991	0.0348477	0.0155644	0.0228213	0.0150779	0.0320736	0.0141179	0.0331444	0.00102753	0.00368026
73	0.0963797	0.0467614	0.0294033	0.0105096	0.0621737	0.0341217	0.0521587	0.0883226	0.0130128	0.124326	0.0324983	0.0541801	0.001746	0.0144036	0.0295276	0.114	0.0492928	0.0522468	0.00538049	0.0895549
74	0.0163358	0.0117252	0.00107842	0.00429731	0.0514567	0.00144968	0.000696554	0.254175	0.0046519	0.39038	0.0663434	0.0015519	0.00479351	0.00105656	0.00699725	0.0103001	0.00643503	0.157817	0.00310695	0.00535113
75	0.0832983	0.0486814	0.0344014	0.0116998	0.0428262	0.0578611	0.0718495	0.0934273	0.0130889	0.112261	0.0227564	0.0484261	0.00192127	0.0182332	0.0219747	0.116461	0.0611448	0.0430636	0.00494103	0.0916829
76	0.0178196	0.00121437	0.17106	0.129828	0.00105852	0.0602287	0.0110504	0.00649007	0.105508	0.00292997	0.00627113	0.0630138	0.0262896	0.0282916	0.045387	0.193714	0.115925	0.0122218	0.000491049	0.00120758
77	0.143968	0.0195473	0.0178963	0.0133122	0.00528918	0.425936	0.0106379	0.0264468	0.011398	0.0174194	0.00547332	0.059966	0.013773	0.0157655	0.00978014	0.143651	0.0351324	0.0141711	0.00186655	0.0085695
78	0.0269135	0.0304248	0.000698444	0.00154638	0.149522	0.00107838	0.000874466	0.122442	0.00399833	0.384952	0.0703561	0.00311405	0.000669903	0.00157429	0.00469927	0.0123029	0.0204245	0.138047	0.00942737	0.0169338
79	0.0209039	0.0101659	0.00837087	0.00890069	0.022739	0.00111788	0.000818902	0.252337	0.00262168	0.226589	0.0249158	0.00122654	0.00453016	0.00338539	0.00359018	0.00470687	0.00392689	0.396009	0.00116429	0.00197954
80	0.0125691	0.00149745	0.0014307	0.00326	0.0276291	0.000907888	0.000900999	0.418956	0.00105919	0.0897943	0.0317732	0.00107428	0.00299395	0.00447765	0.000966252	0.00156945	0.00933277	0.383366	0.00276661	0.003675
81	0.189045	0.0310658	0.00525916	0.00892433	0.0192184	0.0161873	0.00691807	0.111661	0.00667768	0.196172	0.0461649	0.00838884	0.0106773	0.00744379	0.00771016	0.0359821	0.0436521	0.237942	0.00158598	0.0093242
82	0.0622269	0.0235168	0.0616172	0.0394219	0.0105622	0.155741	0.0552826	0.0173951	0.033109	0.0294432	0.0119972	0.184625	0.0137671	0.0463639	0.0356419	0.115232	0.0605224	0.0233546	0.00388787	0.0162928
83	0.0289286	0.00428	0.313444	0.346862	0.00322352	0.0157124	0.0363585	0.00644434	0.0161079	0.0160805	0.00465485	0.0376118	0.0314913	0.0314031	0.0218798	0.0377385	0.0204594	0.0221421	0.00127154	0.0039057
84	0.195144	0.0394795	0.00339651	0.00550342	0.0171274	0.00812351	0.0155372	0.0991057	0.0132534	0.146059	0.0129773	0.00695911	0.00224101	0.00554035	0.0231618	0.0790789	0.0422867	0.278537	0.00089312	0.00559579
85	0.0263956	0.00333428	0.472691	0.0594453	0.0026061	0.0397792	0.0188504	0.00420104	0.0327861	0.00875952	0.00713601	0.16815	0.00290245	0.0592349	0.013584	0.0583781	0.00968663	0.00646537	0.00107674	0.00453748
86	0.146214	0.00252572	0.0306971	0.0553379	0.0146686	0.0285914	0.0214383	0.069096	0.059934	0.0724536	0.024598	0.053264	0.0925478	0.0412354	0.0473662	0.0718279	0.0360847	0.0828351	0.00647212	0.0428121
87	0.0810416	0.00521245	0.0252003	0.020236	0.00679783	0.00956164	0.0102942	0.00786245	0.422903	0.0113842	0.00549599	0.0568273	0.00342562	0.0671199	0.110223	0.100692	0.0385037	0.0104144	0.00133925	0.00546579
88	0.0578816	0.0165401	0.0287218	0.131425	0.0106061	0.027089	0.0316457	0.024279	0.0946791	0.0331333	0.013898	0.0421304	0.0185964	0.0663646	0.1495	0.0971401	0.077314	0.0664965	0.00330503	0.00925466
89	0.503156	0.0733923	0.00173088	0.00246271	0.00536774	0.0937228	0.00643774	0.0209701	0.0025387	0.0452995	0.0106787	0.00300766	0.00835684	0.00927404	0.00263093	0.11902	0.0495192	0.04001	0.000723161	0.00170052
90	0.0598345	0.0074451	0.0743145	0.0504944	0.0569009	0.0267249	0.153703	0.010791	0.0411401	0.0144162	0.0116991	0.0926574	0.00425899	0.14075	0.0172434	0.0325472	0.04449	0.0141392	0.00321431	0.143235
91	0.0291682	0.00749791	0.00123239	0.00223492	0.0315286	0.00153173	0.00155926	0.115945	0.00317188	0.386946	0.234978	0.00417949	0.0010523	0.00226071	0.0106678	0.0212765	0.0290751	0.107301	0.00434627	0.00404752
92	0.113194	0.0159946	0.00279209	0.00563139	0.0311286	0.0102967	0.00468342	0.092965	0.00583957	0.359002	0.190361	0.00684632	0.00276465	0.00770315	0.00844969	0.0212859	0.0253245	0.087472	0.00326449	0.00500001
93	0.172315	0.0153711	0.0160975	0.00888987	0.00569579	0.00653958	0.0175518	0.122156	0.00626179	0.0640299	0.017807	0.00551884	0.00771732	0.00939166	0.00620635	0.0510691	0.167076	0.293319	0.00125433	0.00573119
94	0.0251745	0.00638109	0.009627	0.027341	0.047412	0.0084941	0.228135	0.0102602	0.124566	0.0149906	0.00702143	0.0177947	0.0048661	0.133931	0.152847	0.0762283	0.0592679	0.0173436	0.00233559	0.0259826
95	0.0163222	0.00271596	0.00585339	0.111439	0.0046981	0.0102103	0.0923113	0.0103359	0.0876134	0.00660154	0.0199068	0.0642168	0.00261265	0.362041	0.104351	0.0254361	0.0497995	0.00591273	0.00122655	0.0163966
96	0.0933072	0.0429243	0.00174466	0.00899235	0.0128735	0.00924996	0.00296472	0.139585	0.00689172	0.258628	0.045757	0.00590129	0.00166652	0.00527178	0.00423796	0.0627369	0.106118	0.184767	0.000708622	0.00567391
97	0.0840066	0.00857953	0.0328806	0.0629535	0.00605462	0.0414473	0.0368169	0.0154387	0.113229	0.0419189	0.0157987	0.12492	0.00503349	0.0646808	0.0988792	0.134091	0.0802716	0.02279	0.00180024	0.0084095
98	0.0196433	0.0275518	0.0062255	0.0210886	0.0202289	0.0205637	0.0257565	0.00813409	0.234888	0.0281702	0.0132201	0.0352399	0.0119786	0.010739	0.433974	0.015721	0.0348155	0.0124318	0.00215273	0.0174774
99	0.0588035	0.0192993	0.00404584	0.00598198	0.0660559	0.00738234	0.00743547	0.109375	0.0105412	0.248722	0.135766	0.0252402	0.00156444	0.0053585	0.0227686	0.0612676	0.0581499	0.119834	0.0202483	0.0121603
100	0.089221	0.0428917	0.0156318	0.021112	0.00208028	0.0787522	0.0367373	0.0116787	0.0419116	0.0453142	0.00939901	0.0521763	0.165582	0.0443923	0.098439	0.178183	0.0419752	0.0134972	0.00082714	0.0101979
101	0.0963058	0.0290334	0.0250332	0.0181577	0.0265312	0.0427178	0.0454364	0.0352725	0.0190891	0.070485	0.0210979	0.12302	0.00243139	0.0276358	0.0192467	0.175225	0.147402	0.0441136	0.00282382	0.0289426
102	0.126349	0.0301993	0.0270803	0.0441205	0.0015766	0.0545707	0.0132803	0.0181904	0.0483188	0.0352346	0.00307913	0.0300653	0.2648	0.0310561	0.0616319	0.136264	0.058093	0.0102631	0.000853007	0.0049747
103	0.0760289	0.0333262	0.0260978	0.0317943	0.0115251	0.0441445	0.0380667	0.0197625	0.022135	0.0364781	0.00897352	0.228152	0.0010789	0.0502613	0.022019	0.209604	0.0959734	0.0301008	0.00152613	0.0129517
104	0.0386204	0.0377494	0.000747899	0.00231326	0.139373	0.00154899	0.00103688	0.130373	0.00372318	0.356015	0.0614738	0.0038485	0.000552366	0.00147018	0.00398258	0.0138607	0.0277027	0.151721	0.00867064	0.0152161
105	0.0986155	0.0360508	0.00101478	0.00445417	0.0228705	0.00588907	0.00119363	0.185245	0.00254589	0.180094	0.0942094	0.00933485	0.00152286	0.00389384	0.00268237	0.0281904	0.0499563	0.266492	0.000481467	0.00526295
106	0.0203405	0.00596917	0.00430198	0.00554276	0.00883495	0.000900686	0.000781036	0.270067	0.00103917	0.0564005	0.00741184	0.000947786	0.00425118	0.00301949	0.00094773	0.00142401	0.00436093	0.601749	0.000599674	0.00110986
107	0.0651289	0.0296074	0.00390754	0.00626939	0.0108664	0.00629947	0.0047115	0.128787	0.00551564	0.0710968	0.0264471	0.00629586	0.0022413	0.00542989	0.00368094	0.0654072	0.41613	0.136429	0.00120678	0.00454261
108	0.136083	0.209355	0.00980009	0.0113401	0.00652989	0.0165029	0.0121051	0.0140555	0.0399235	0.019231	0.00877814	0.127021	0.00588348	0.0470696	0.0100827	0.136682	0.119468	0.0185798	0.0427362	0.00877367
109	0.0416387	0.134393	0.00726479	0.0492795	0.00721123	0.0859931	0.252788	0.0128371	0.00892232	0.0137597	0.0304808	0.108928	0.00376357	0.00942954	0.00762721	0.0417073	0.0380387	0.0129592	0.00256073	0.130418
110	0.0959975	0.00866018	0.190082	0.0848652	0.00608969	0.0432184	0.0178251	0.0200565	0.0536771	0.0432072	0.00799893	0.0608739	0.081046	0.0402046	0.0497294	0.115487	0.031002	0.0313329	0.00459238	0.0140537
111	0.373408	0.0325916	0.00232902	0.00296975	0.00342634	0.323557	0.0026575	0.0371771	0.00344832	0.0212314	0.00579309	0.00484941	0.0292359	0.00311506	0.0038709	0.096218	0.0257313	0.0249175	0.000778257	0.0026943
112	0.0263088	0.00438115	0.0193721	0.0209431	0.0327534	0.0204546	0.00471213	0.00633747	0.113326	0.148643	0.0523085	0.00558907	0.0019445	0.199038	0.120588	0.0252103	0.0227926	0.123639	0.00188528	0.0497725
113	0.00826835	0.0062871	0.00576276	0.003636	0.606916	0.00281044	0.00574679	0.0120483	0.00295663	0.0510442	0.0137323	0.00301179	0.00108009	0.00268158	0.00417479	0.00441221	0.00512191	0.0133012	0.0322558	0.214752
114	0.0357594	0.00765582	0.407707	0.145656	0.00480952	0.041395	0.0180287	0.00920515	0.0276261	0.0198645	0.0107538	0.0967538	0.0113259	0.040333	0.018077	0.0527467	0.0229981	0.0199081	0.00173674	0.00765873
115	0.0176244	0.0194468	0.00234866	0.0180955	0.0196623	0.0139212	0.0283139	0.00362458	0.24281	0.0212022	0.00267611	0.0312968	0.00157857	0.00461004	0.529408	0.00750908	0.00917393	0.00447094	0.00134407	0.0208829
116	0.0163868	0.00387514	0.00236736	0.0038753	0.0131961	0.000873281	0.000823427	0.336523	0.00101024	0.0565303	0.0177275	0.00104031	0.00368631	0.0032076	0.000911402	0.00152416	0.00592021	0.527105	0.00129897	0.00211757
117	0.0179921	0.0136801	0.00121408	0.00375927	0.0659955	0.00133922	0.000713168	0.266517	0.00392197	0.357702	0.0595567	0.00164822	0.00500953	0.00120597	0.00608635	0.00839314	0.00907184	0.166752	0.00386935	0.00557336
118	0.485314	0.229941	0.00352727	0.00497954	0.00490978	0.0394682	0.0080313	0.0114924	0.00530628	0.0228782	0.00675422	0.00622981	0.00451876	0.0109179	0.00484174	0.0793643	0.0400982	0.0253134	0.00303366	0.00308086
119	0.0595274	0.0882648	0.139302	0.0358622	0.018546	0.0322962	0.0310525	0.0336901	0.0267927	0.047775	0.0802428	0.0564553	0.0160093	0.0386666	0.027226	0.14324	0.0557304	0.036003	0.00678998	0.0265276
120	0.425451	0.0276168	0.00553118	0.00994535	0.0056179	0.0270868	0.0106589	0.0295657	0.0089129	0.0490873	0.00861514	0.00642241	0.00914473	0.0136307	0.00834231	0.0597059	0.0462522	0.240822	0.00235997	0.00523121
121	0.0448136	0.00766486	0.00464979	0.00807864	0.0241942	0.0104936	0.00644332	0.259019	0.0127837	0.195546	0.0497793	0.00603139	0.114828	0.0130338	0.0104875	0.0154833	0.0184178	0.188399	0.00226479	0.00758957
122	0.113976	0.270058	0.0154204	0.0175028	0.0295468	0.0293565	0.0214388	0.0397725	0.0267872	0.0543951	0.0204331	0.0342263	0.0264027	0.0232472	0.0318852	0.0754459	0.0760679	0.0541127	0.01624	0.023685
123	0.0571708	0.0286261	0.0148478	0.00540456	0.00552875	0.0129499	0.0218287	0.0242953	0.0115608	0.0169238	0.00711309	0.0413005	0.00507011	0.0101195	0.00529591	0.245422	0.445446	0.0306131	0.00289857	0.0075848
124	0.156575	0.018604	0.0201966	0.0168688	0.00329687	0.403338	0.0147611	0.0166848	0.0139235	0.0154929	0.00594283	0.0394979	0.0253848	0.0173724	0.0142512	0.156988	0.0370202	0.0143275	0.00170822	0.00776524
125	0.0334674	0.00688845	0.403148	0.117037	0.00800019	0.0485038	0.0193431	0.011861	0.0342886	0.0186582	0.00944005	0.101567	0.0134002	0.0483967	0.0213764	0.0539858	0.0201678	0.0173793	0.00182657	0.0112644
126	0.319426	0.0167728	0.00161242	0.00214388	0.00185393	0.467835	0.00261934	0.0166291	0.00213898	0.0115415	0.00296897	0.00766906	0.0117069	0.00372259	0.00219306	0.0899259	0.0208842	0.0163301	0.000485802	0.00154033
127	0.155317	0.0402719	0.0107281	0.0154653	0.0205031	0.02046	0.0152131	0.065566	0.018206	0.161549	0.0354165	0.0244177	0.0157233	0.0191336	0.0176428	0.0856517	0.147817	0.108953	0.00553519	0.0164297
128	0.0332918	0.0016939	0.00130337	0.0025664	0.0346804	0.00184232	0.00160565	0.1207	0.00219292	0.425611	0.2593	0.00329227	0.000863522	0.00321838	0.00634741	0.0155377	0.0200327	0.0625874	0.00184835	0.00148433
129	0.0270987	0.0168329	0.011165	0.0341234	0.0199106	0.0200596	0.0341721	0.0100469	0.187968	0.0279102	0.00782504	0.03515	0.00653586	0.0209537	0.458467	0.023619	0.02325	0.0125374	0.00200165	0.0203733
130	0.05546	0.0179505	0.0419879	0.0386433	0.0137451	0.0311089	0.030569	0.0196404	0.229463	0.0329808	0.0131247	0.0839043	0.0144054	0.0444107	0.156765	0.0772713	0.0541277	0.0252095	0.00374781	0.0154847
131	0.101937	0.0629246	0.0172398	0.0204699	0.00880355	0.0485184	0.0221318	0.0292853	0.029204	0.0491481	0.00749007	0.17173	0.0120197	0.0553975	0.0183942	0.250913	0.057804	0.0203661	0.00274256	0.0134812
132	0.0984051	0.00387613	0.00675125	0.015649	0.00605255	0.0301858	0.0167087	0.110326	0.0394869	0.0768017	0.0252171	0.0165607	0.316085	0.0363171	0.0231613	0.0301763	0.0286967	0.0951932	0.00145549	0.0228943
133	0.0808991	0.00642281	0.0580984	0.0673412	0.00537192	0.0922578	0.0487514	0.00866648	0.0306531	0.0578739	0.0244706	0.147538	0.0041112	0.0763625	0.027457	0.129007	0.084902	0.0319839	0.00372952	0.0141022
134	0.0199499	0.00988843	0.00108831	0.00362028	0.0378017	0.00138167	0.000694877	0.283828	0.00583251	0.377239	0.0668815	0.00141942	0.00815471	0.0010051	0.00965879	0.00704438	0.00563477	0.153906	0.00201273	0.00295851
135	0.0398211	0.0221409	0.0106806	0.0193779	0.0562922	0.0114305	0.0162131	0.0813576	0.0461397	0.268327	0.0562117	0.0199241	0.00653821	0.0174812	0.0791864	0.0408082	0.0365588	0.064961	0.0808327	0.0257171
136	0.0163125	0.0211405	0.0172085	0.00386246	0.0298866	0.0489713	0.0210462	0.00697827	0.239361	0.0401581	0.0392682	0.0595915	0.060257	0.0190764	0.220051	0.0270191	0.0863167	0.0362233	0.0019557	0.00531584
137	0.0794314	0.00162916	0.0450151	0.117362	0.00143928	0.0303452	0.0170916	0.00828884	0.168898	0.0156847	0.00897433	0.0713436	0.000820865	0.0451753	0.228144	0.0814917	0.0680523	0.00823612	0.000562788	0.00201388
138	0.0263998	0.0394228	0.00973971	0.0161269	0.352731	0.00907093	0.0246438	0.0312988	0.0105608	0.058663	0.00950215	0.00579023	0.00588037	0.00569093	0.0154312	0.0173502	0.015747	0.0280373	0.122549	0.195364
139	0.0476442	0.0111438	0.0368238	0.00436335	0.00412515	0.0331903	0.0490189	0.00680877	0.0196942	0.0159683	0.00974498	0.187752	0.00148715	0.00624617	0.00373364	0.24619	0.288961	0.0221587	0.000704078	0.00424121
140	0.0766911	0.00791667	0.0513426	0.0620476	0.00542919	0.0901223	0.0506294	0.00927928	0.033211	0.0507514	0.0202189	0.153619	0.00312525	0.0816864	0.0264662	0.145275	0.0821434	0.0314544	0.003677	0.0149131
141	0.297684	0.0128001	0.00138291	0.00144598	0.00116026	0.507056	0.00160297	0.0173849	0.00174795	0.00807276	0.00161003	0.00729434	0.0126827	0.00193836	0.00188933	0.0895752	0.0181828	0.0147423	0.000458168	0.00128866
142	0.0726752	0.0498351	0.0214299	0.0116175	0.0572671	0.0342591	0.0545249	0.109042	0.0157769	0.148771	0.0178264	0.062666	0.00175031	0.0102201	0.0203903	0.103079	0.049041	0.0625683	0.00956031	0.0877
143	0.0709578	0.00901843	0.0524776	0.0645756	0.00518266	0.0984536	0.0521856	0.00809239	0.0311969	0.0433007	0.0190075	0.156182	0.000628777	0.0818651	0.0239194	0.151905	0.0810937	0.0294464	0.00388626	0.016625
144	0.0445955	0.0294139	0.013701	0.0273756	0.0811888	0.019843	0.0453545	0.130357	0.0134465	0.213397	0.0225458	0.0705667	0.00388736	0.0104415	0.0141377	0.0764065	0.0332103	0.0936092	0.00988012	0.0466411
145	0.0367404	0.0132449	0.0243948	0.0365083	0.0691677	0.0194697	0.226427	0.017326	0.0644631	0.0222569	0.0134337	0.0405843	0.0071917	0.162945	0.0793202	0.0561018	0.0437684	0.0231234	0.00474264	0.0387902
146	0.0948719	0.0447171	0.0191413	0.0212102	0.00222923	0.0796053	0.0328436	0.013098	0.0488739	0.0420762	0.0069059	0.0448575	0.171587	0.0390713	0.103475	0.161646	0.0460824	0.0156052	0.000910986	0.0111911
147	0.0396632	0.0238404	0.00383785	0.0176969	0.00817275	0.00507605	0.00484699	0.161105	0.0170264	0.260975	0.036912	0.00623679	0.00261492	0.00703821	0.00495482	0.0591719	0.160388	0.173739	0.00157502	0.0051277
148	0.0521052	0.0170924	0.02784	0.082898	0.0165508	0.0243705	0.0682256	0.020713	0.0673506	0.0307557	0.0239602	0.0551576	0.0112735	0.272714	0.0694373	0.0558227	0.0540376	0.0267	0.00390928	0.0190864
149	0.0215547	0.0228935	0.00100382	0.00264699	0.0861885	0.00138817	0.00131818	0.192386	0.00597214	0.384427	0.0630908	0.00328304	0.00239592	0.00129076	0.0084935	0.0161581	0.0131107	0.149517	0.00863935	0.0142413
150	0.0832117	0.00156033	0.0450215	0.115651	0.00137715	0.031257	0.017703	0.00911836	0.169127	0.0175119	0.00844574	0.0711423	0.00226556	0.0458369	0.221489	0.0815746	0.0647218	0.00985318	0.000727454	0.00240495
151	0.0126126	0.00646096	0.00128225	0.00444816	0.0443749	0.00128191	0.000610712	0.311688	0.0041331	0.375997	0.0591085	0.000991934	0.0075562	0.000694242	0.00693026	0.00583517	0.00377067	0.148617	0.0016992	0.00190682
152	0.326077	0.0379162	0.00192498	0.00318634	0.00583176	0.0512143	0.00313314	0.0535038	0.00342386	0.272566	0.0391717	0.00383979	0.00517951	0.00352673	0.00397136	0.0353143	0.0315128	0.111549	0.00100982	0.00614778
153	0.0358362	0.0178954	0.00795729	0.037267	0.00275614	0.00340895	0.0144139	0.096915	0.190881	0.16718	0.0885305	0.0226556	0.00202946	0.026308	0.0999848	0.0475703	0.071836	0.0364447	0.0195445	0.0105852
154	0.0128319	0.0164486	0.00185428	0.0344081	0.0200618	0.0134557	0.042703	0.0043973	0.22068	0.0198626	0.00280873	0.0282159	0.00132546	0.0131813	0.520412	0.00743818	0.0110808	0.00698979	0.00107734	0.0207672
155	0.497655	0.0432157	0.00152307	0.00169134	0.00224283	0.208389	0.00525864	0.0162087	0.00181475	0.0194319	0.00385596	0.0028053	0.00942253	0.00728483	0.00192292	0.111547	0.0349794	0.0289243	0.000522558	0.00130407
156	0.248757	0.0403681	0.0017794	0.002286	0.00319689	0.0134829	0.00214833	0.0708579	0.00317149	0.332767	0.0594252	0.00320299	0.00160883	0.00250661	0.00308966	0.00989342	0.0186487	0.174132	0.000722285	0.00795663
157	0.149432	0.0154694	0.0287335	0.0197841	0.00297318	0.45342	0.00860771	0.015419	0.0138789	0.0144851	0.00457717	0.0347786	0.0251627	0.0154145	0.0119474	0.135713	0.032318	0.0111237	0.00106343	0.00569886
158	0.0323232	0.017751	0.0235175	0.0121627	0.00284453	0.00327423	0.00625678	0.180951	0.177506	0.17423	0.0392888	0.0286999	0.0018107	0.0553019	0.066661	0.035478	0.0523987	0.0494418	0.00514536	0.0349567
159	0.032029	0.00392831	0.00126156	0.00228347	0.0272544	0.00174212	0.00144365	0.134602	0.00270261	0.379454	0.261288	0.00350089	0.00154556	0.00222873	0.00812073	0.0162415	0.0215575	0.0938724	0.00258486	0.00235897
160	0.0889584	0.0439603	0.00143625	0.00536047	0.0244322	0.00629576	0.0016157	0.167577	0.00318915	0.178854	0.0758426	0.0082233	0.000905351	0.00594032	0.00226363	0.0402458	0.0691837	0.267307	0.000780609	0.00762847
161	0.0374168	0.0223162	0.0157326	0.0225665	0.256735	0.0149327	0.0307528	0.0287352	0.0191068	0.0641976	0.0183353	0.0229174	0.00855748	0.0235536	0.0224162	0.0357756	0.0258767	0.0327331	0.0435547	0.253787
162	0.0974693	0.143971	0.0143485	0.0213464	0.00914698	0.0396034	0.0166424	0.0294419	0.0205066	0.0365926	0.0139151	0.0517313	0.0347121	0.0308314	0.0241299	0.276057	0.0872479	0.0282752	0.00668444	0.0173467
163	0.0944995	0.0303093	0.0323472	0.0328386	0.0108435	0.102476	0.0300859	0.0300241	0.031641	0.0337275	0.0142568	0.0650085	0.018457	0.0313591	0.0275765	0.127045	0.228859	0.0399223	0.00456573	0.0141575
164	0.0772532	0.0982217	0.0175491	0.0245608	0.009603	0.0537643	0.0243701	0.0221635	0.0581206	0.0431699	0.014746	0.0369739	0.146425	0.0327377	0.130155	0.119821	0.0490434	0.0240623	0.00319859	0.0140615
165	0.0736269	0.0357542	0.0204408	0.00864565	0.00654814	0.0173857	0.0261568	0.0165016	0.0165587	0.0217494	0.00846292	0.062272	0.0111101	0.0169788	0.00721254	0.263817	0.33855	0.0353974	0.00319584	0.00963485
166	0.00978669	0.00262032	0.00158413	0.00219963	0.166939	0.00214929	0.0021105	0.0751182	0.00257595	0.515907	0.176521	0.0028857	0.00103986	0.00991816	0.00263473	0.0052646	0.00575971	0.00946377	0.00311753	0.00240458
167	0.0677439	0.0315337	0.0270376	0.0319154	0.00740835	0.0517757	0.0524761	0.0187908	0.0360108	0.0359006	0.0110886	0.100944	0.115233	0.0375087	0.0532814	0.224258	0.0602864	0.0216588	0.0023424	0.0128061
168	0.101811	0.0772374	0.0206146	0.0334456	0.00839257	0.0476743	0.0185833	0.0292053	0.0381315	0.0354333	0.00886701	0.0303362	0.243941	0.0291139	0.0466398	0.130224	0.0572434	0.0269149	0.00472882	0.0114625
169	0.0126263	0.00150009	0.00143045	0.00324856	0.0276092	0.000909959	0.000903606	0.418764	0.0010596	0.0902004	0.0318588	0.0010855	0.00299407	0.00447316	0.00096126	0.00157919	0.00930545	0.383053	0.00275328	0.00368467
170	0.0302343	0.00533628	0.316401	0.354606	0.00368562	0.0166467	0.0297533	0.00619656	0.014953	0.0174795	0.00649438	0.042006	0.0169998	0.0290779	0.0212869	0.0392578	0.0192984	0.0243908	0.00139097	0.00450395
171	0.0257982	0.0051991	0.272947	0.00552606	0.00362059	0.00505359	0.00508799	0.00632016	0.00659184	0.00746063	0.00375378	0.607944	0.00213715	0.00649053	0.0051546	0.0103319	0.0080197	0.00733929	0.00160202	0.00362185
172	0.048161	0.0136229	0.173535	0.309023	0.00864997	0.028071	0.0382415	0.0132511	0.0403556	0.0224914	0.0100554	0.0436642	0.0175558	0.0513017	0.051818	0.0517432	0.0350646	0.0287765	0.00401123	0.010607
173	0.540681	0.0595034	0.00241166	0.00327537	0.00334032	0.0926375	0.00875936	0.011309	0.00365655	0.0243432	0.00599827	0.00500419	0.00657121	0.0134748	0.00302024	0.131642	0.0486144	0.03306	0.000635391	0.00206234
174	0.0238083	0.00611877	0.00398828	0.00519946	0.0162624	0.00171192	0.00109897	0.304258	0.00220043	0.0858923	0.0178589	0.00157056	0.00408988	0.00370948	0.00183638	0.00440869	0.00919827	0.503055	0.00149249	0.0022417
175	0.0205449	0.00646594	0.00497674	0.00616756	0.0075821	0.000938468	0.000785742	0.261164	0.00104787	0.0593941	0.00626678	0.00100436	0.00388245	0.00304461	0.000950167	0.00155413	0.0039248	0.608736	0.000554652	0.00101441
176	0.564126	0.0254683	0.003238	0.00525105	0.00256963	0.0460832	0.0298298	0.00480982	0.00460174	0.0221126	0.00362975	0.00631269	0.0019281	0.0417436	0.00392486	0.148224	0.0647973	0.0167342	0.00110172	0.00351352
177	0.213387	0.00446352	0.0215257	0.26063	0.0200034	0.0359952	0.0384412	0.00702474	0.00759732	0.00978194	0.00498814	0.0429066	0.00273989	0.0695324	0.0923464	0.125749	0.0115592	0.00897825	0.00152297	0.0208277
178	0.0455438	0.0154285	0.120954	0.0391388	0.00138583	0.614186	0.00220877	0.00304332	0.0193131	0.00317902	0.00183028	0.0400223	0.023277	0.0190484	0.0085091	0.0342991	0.00338992	0.00317013	0.000646498	0.00142685
179	0.278877	0.0479991	0.0178182	0.0297785	0.00260246	0.0509268	0.004828	0.00733003	0.0171103	0.00921779	0.0139699	0.0522244	0.00287862	0.0450245	0.00410272	0.33726	0.0555703	0.00519797	0.00148411	0.015799
180	0.016079	0.0126049	0.00102515	0.00411119	0.0579089	0.00141985	0.000693631	0.252137	0.00462883	0.387454	0.0632923	0.00160331	0.00466616	0.00102631	0.00699431	0.0104196	0.00659728	0.157954	0.00352281	0.00586089
181	0.00669344	0.0121025	0.00236613	0.272303	0.00929379	0.00285351	0.0481705	0.0203376	0.158249	0.0168376	0.00895473	0.00399308	0.0013296	0.109287	0.190197	0.0393769	0.0412172	0.0523647	0.000867069	0.00320516
182	0.0122997	0.00666921	0.00128482	0.00446084	0.0424414	0.00130522	0.000608288	0.313342	0.00442597	0.375429	0.0566155	0.000945231	0.00779648	0.000762741	0.0075277	0.00618401	0.00440773	0.149745	0.0017652	0.00198416
183	0.0252602	0.00868506	0.00955761	0.010914	0.00783359	0.000970683	0.00091807	0.23558	0.00110243	0.0938414	0.00406811	0.00121191	0.00353075	0.00460624	0.00100427	0.0020518	0.00386271	0.583471	0.000436923	0.00109332
184	0.0188229	0.00334244	0.0375111	0.0316613	0.00425842	0.113083	0.321232	0.0166876	0.0336811	0.00548981	0.00314567	0.182013	0.0219502	0.0935107	0.0540636	0.0305128	0.0133656	0.00565175	0.00280051	0.00721721
185	0.0126542	0.00649755	0.00125844	0.00444818	0.0431364	0.00138231	0.000636935	0.316251	0.00441521	0.371143	0.0565595	0.00090967	0.00856817	0.000935963	0.00722371	0.00550996	0.00328423	0.151621	0.00155515	0.00200978
186	0.0204166	0.00321352	0.227578	0.38242	0.00271158	0.015001	0.0848458	0.00395892	0.0157481	0.00719918	0.00534108	0.0541407	0.0173539	0.059589	0.0360241	0.0236567	0.02724	0.00852752	0.000911686	0.00412229
187	0.0122561	0.0178535	0.0013476	0.0192561	0.0212102	0.0147672	0.0304463	0.00248831	0.224925	0.0209794	0.00209271	0.0314611	0.0010632	0.00229883	0.560646	0.00315576	0.00700867	0.00290877	0.00104375	0.0227916
188	0.139192	0.28788	0.00765007	0.00849536	0.00591187	0.00917026	0.00873979	0.0105417	0.0197134	0.0149328	0.00834526	0.0253974	0.00559274	0.0202576	0.00960678	0.0801401	0.248689	0.0175925	0.0657848	0.0063676
189	0.0370891	0.00946623	0.0519844	0.0458661	0.00629868	0.12356	0.200183	0.0139134	0.0329216	0.0210559	0.0112328	0.155042	0.013165	0.095656	0.0358434	0.0688616	0.0418599	0.0160603	0.00434158	0.015599
190	0.295571	0.0128062	0.00170514	0.00158276	0.00115896	0.508862	0.00160352	0.0172903	0.00180317	0.00804703	0.00160547	0.00739668	0.0127417	0.00201637	0.00192736	0.0893441	0.0181656	0.0146343	0.000459219	0.00127831
191	0.0729876	0.0272038	0.00800633	0.00973684	0.199401	0.0124632	0.0147699	0.0891757	0.0116699	0.227144	0.0457631	0.0148557	0.00520325	0.00970399	0.0147388	0.035124	0.0301381	0.0916982	0.0185793	0.0616367
192	0.0126859	0.0115282	0.0083292	0.00698469	0.464388	0.00430931	0.0117811	0.013862	0.00503956	0.0446193	0.010036	0.00434525	0.00135825	0.00313335	0.00618088	0.00673654	0.0080161	0.0124291	0.0560621	0.308175
193	0.0125496	0.0016512	0.00159749	0.00349743	0.0277956	0.000917491	0.000900574	0.413169	0.0010624	0.0896742	0.0303651	0.00101343	0.00287297	0.00440276	0.000975864	0.00157466	0.00916146	0.390628	0.00272731	0.00346418
