293	20
1	0.0136424	0.013722	0.00486012	0.00681674	0.3468	0.00567795	0.0102064	0.131253	0.00575016	0.186773	0.067167	0.00646145	0.00247304	0.0063668	0.00487814	0.00845915	0.0168454	0.0562564	0.00946499	0.0961261
2	0.00559635	0.00156034	0.00269119	0.00423239	0.117095	0.0363525	0.00304984	0.00606584	0.0296654	0.460728	0.144362	0.0379735	0.000800075	0.0178302	0.0150148	0.00464524	0.00464884	0.00411765	0.00177461	0.101797
3	0.0132206	0.00923544	0.00400064	0.00597947	0.363835	0.00513379	0.00992398	0.00971544	0.00610861	0.0363894	0.00849675	0.00997108	0.00141014	0.00728882	0.00392443	0.00814023	0.00733054	0.011483	0.331507	0.146906
4	0.0158256	0.00173952	0.0213208	0.0294611	0.00144309	0.816449	0.00605505	0.00219095	0.00776945	0.00484731	0.00170783	0.02455	0.00129031	0.00495869	0.00379975	0.0376238	0.00962092	0.00671233	0.000810859	0.00182354
5	0.107993	0.0104682	0.0211798	0.0241003	0.0132201	0.22593	0.0203515	0.022809	0.0326097	0.0244029	0.0177938	0.153425	0.00740971	0.0264982	0.0836939	0.0513525	0.0433194	0.0895955	0.00673114	0.0171169
6	0.366343	0.0096912	0.0135868	0.00508127	0.00217267	0.109971	0.00463609	0.00838575	0.00989044	0.00640466	0.00573137	0.0320968	0.00477315	0.00435218	0.00360967	0.34387	0.0448203	0.0196069	0.00137588	0.0036006
7	0.0166209	0.0141997	0.00626117	0.00219247	0.000950277	0.00132182	0.00148555	0.336562	0.00256743	0.0709873	0.0191153	0.0265081	0.00058586	0.0198885	0.00179701	0.030578	0.17816	0.268082	0.000495463	0.00164102
8	0.0512816	0.00723617	0.156899	0.102306	0.0128571	0.0148544	0.0359984	0.013589	0.0599715	0.0238918	0.0202492	0.0445963	0.0111854	0.298434	0.0364748	0.0383374	0.0287424	0.0177381	0.00481535	0.0205419
9	0.194999	0.0526841	0.00576599	0.00327778	0.113477	0.00290863	0.00246928	0.143335	0.0110739	0.188006	0.0291815	0.00401445	0.00112972	0.00983306	0.0108966	0.0211475	0.0288669	0.0953497	0.00142056	0.0801634
10	0.0260895	0.00246272	0.146006	0.624422	0.00253331	0.0265696	0.00811799	0.00368344	0.0215023	0.0054866	0.0035532	0.0231866	0.00611978	0.0341164	0.0149153	0.0284423	0.0136476	0.00478248	0.00142784	0.00293443
11	0.0280864	0.00181953	0.020455	0.0167221	0.00163425	0.831625	0.00698914	0.00123838	0.00597879	0.00370668	0.00100637	0.0255064	0.00125274	0.0029017	0.00388716	0.027462	0.00911969	0.00823511	0.000384515	0.00198899
12	0.38703	0.00363748	0.00520897	0.0019798	0.000886323	0.501426	0.00162862	0.00138951	0.00238561	0.00245083	0.00121697	0.00531113	0.000504309	0.00460999	0.0015706	0.0574254	0.0112469	0.00205316	0.000500958	0.00753772
13	0.00362214	0.000410683	0.0196848	0.0175041	0.000789538	0.8814	0.00545531	0.000758156	0.00465923	0.00268835	0.000703822	0.0248477	0.000257009	0.00126225	0.00228557	0.0199053	0.00703598	0.0058975	0.00025458	0.000577604
14	0.0149698	0.0073717	0.00772195	0.0152356	0.00131749	0.00596603	0.00727177	0.00232635	0.282212	0.0182496	0.00208236	0.0147657	0.0459718	0.0259305	0.490332	0.0437677	0.00766938	0.00331803	0.000972529	0.00254749
15	0.0494566	0.00577574	0.0182409	0.0195084	0.00448293	0.655976	0.00852927	0.00676162	0.0144147	0.0378765	0.00679606	0.024759	0.00429635	0.0101291	0.0078534	0.0830856	0.0212492	0.0117386	0.00270797	0.00636205
16	0.0056451	0.00149546	0.00251142	0.0150708	0.00190993	0.00225153	0.00298289	0.128326	0.0163272	0.351323	0.106703	0.0041552	0.227172	0.0164319	0.0149954	0.00444936	0.0165665	0.0667098	0.0126532	0.00232078
17	0.267209	0.00166318	0.0217762	0.00409268	0.00151256	0.0573355	0.00332959	0.00212713	0.00972691	0.00305028	0.00220292	0.062272	0.00197729	0.00284973	0.00226194	0.475714	0.0663094	0.0118084	0.000742182	0.00203852
18	0.0166209	0.0141997	0.00626117	0.00219247	0.000950277	0.00132182	0.00148555	0.336562	0.00256743	0.0709873	0.0191153	0.0265081	0.00058586	0.0198885	0.00179701	0.030578	0.17816	0.268082	0.000495463	0.00164102
19	0.111741	0.119468	0.0294978	0.00671656	0.00520523	0.00552272	0.00536423	0.0749213	0.0311073	0.031141	0.0291139	0.0080942	0.0021318	0.0630329	0.00713717	0.168067	0.0380488	0.171777	0.0250873	0.0668249
20	0.0160782	0.00127533	0.731478	0.0671586	0.00165396	0.0108765	0.011466	0.00238351	0.0155261	0.00420414	0.00488058	0.0710096	0.00633193	0.011391	0.0107883	0.0142294	0.0111771	0.00462494	0.00116146	0.0023052
21	0.380035	0.00378306	0.00543716	0.00199195	0.0008611	0.506565	0.00157911	0.00134704	0.00230443	0.00244675	0.00123943	0.00559513	0.000479647	0.00481358	0.00154632	0.0586435	0.0116715	0.00194879	0.000470182	0.00724089
22	0.0104882	0.00702659	0.00713127	0.00278828	0.00129295	0.00171534	0.00209406	0.496462	0.00310915	0.0363542	0.00929299	0.0378116	0.000619588	0.0137706	0.00236361	0.0258766	0.116673	0.222074	0.000501246	0.00255493
23	0.0410126	0.00120239	0.598797	0.118838	0.00138414	0.0393609	0.00759623	0.00218832	0.0480985	0.00380924	0.00297886	0.0331154	0.00671649	0.0222564	0.0280208	0.0177527	0.0203749	0.00380659	0.000664761	0.00202548
24	0.0162049	0.00398088	0.0392909	0.0601179	0.31845	0.0398515	0.140097	0.0101855	0.0114127	0.0587682	0.0485429	0.0709242	0.00281348	0.0419732	0.00917949	0.0502042	0.0138621	0.0076314	0.00732788	0.049181
25	0.0117557	0.00703892	0.00156765	0.00733357	0.164529	0.00171886	0.120281	0.00335617	0.00173741	0.0224655	0.00223932	0.00701122	0.000567136	0.00341523	0.00424804	0.00667051	0.0148147	0.00692919	0.00759053	0.60473
26	0.0094652	0.00127971	0.158534	0.0396612	0.00219498	0.170381	0.337192	0.00268893	0.0306952	0.0031055	0.00197671	0.149467	0.000941706	0.0169173	0.00329115	0.0344278	0.0295354	0.00274925	0.000771821	0.00472408
27	0.00256257	0.00072362	0.00666664	0.0077399	0.00384512	0.00106394	0.226569	0.00141658	0.130218	0.00194927	0.00112728	0.0431475	0.000525924	0.0164132	0.506996	0.0022507	0.0385868	0.0016389	0.00039606	0.00616243
28	0.00389578	0.0185621	0.000777339	0.00120595	0.534523	0.0027665	0.00796431	0.00568024	0.00102005	0.0609449	0.00549922	0.00400589	0.000247939	0.00366137	0.00095784	0.00305586	0.00127048	0.00777454	0.0148068	0.32138
29	0.0306788	0.00187831	0.0534422	0.184783	0.00234293	0.00383313	0.0346888	0.00400624	0.11425	0.0210929	0.00308887	0.00622291	0.174007	0.104766	0.200922	0.0254437	0.00740932	0.0230714	0.00108073	0.00299109
30	0.00750657	0.000728209	0.104184	0.750273	0.000781707	0.0318836	0.00625205	0.00112777	0.00733609	0.00187931	0.00107153	0.0127882	0.000386248	0.026503	0.011042	0.0271108	0.00649904	0.00131598	0.000346945	0.000984095
31	0.0156381	0.000892939	0.745391	0.067282	0.0012189	0.010265	0.010125	0.00172699	0.0141609	0.00373699	0.00498506	0.0704805	0.00491131	0.00875265	0.0106023	0.0132984	0.0095205	0.00411966	0.000906363	0.00198591
32	0.00172226	0.00470132	0.0114674	0.00815301	0.0310527	0.000734126	0.00116365	0.537132	0.00118806	0.195253	0.0265278	0.00288114	0.00138193	0.0014603	0.000927606	0.00491993	0.00114844	0.163993	0.000655963	0.00353634
33	0.413812	0.000551792	0.0603629	0.0703985	0.000606089	0.00107242	0.00843518	0.00107945	0.244187	0.00602518	0.00551972	0.0107777	0.000400392	0.0781702	0.0619084	0.0185827	0.00188386	0.0149455	0.000363212	0.000917929
34	0.0123061	0.0163188	0.00187481	0.00218359	0.0242201	0.00832995	0.00174127	0.041648	0.013444	0.676853	0.120886	0.00909274	0.000825542	0.0144698	0.00413606	0.00509412	0.0048487	0.00306874	0.000697979	0.0379609
35	0.00540455	0.0180051	0.000804625	0.00104246	0.270694	0.00210099	0.00507193	0.104189	0.00132644	0.383532	0.138898	0.00110396	0.000332322	0.00129012	0.000942507	0.00144583	0.0188728	0.0299103	0.000254539	0.0147792
36	0.608407	0.00181894	0.00430847	0.0360166	0.00227042	0.0331512	0.0185902	0.00366134	0.114297	0.00556796	0.00315845	0.00491621	0.00140388	0.0271516	0.0199703	0.0855326	0.0209599	0.00486228	0.00106971	0.0028865
37	0.00750944	0.000729333	0.104174	0.750199	0.00078236	0.0319108	0.0062506	0.00112774	0.00737855	0.00187527	0.00107156	0.0129223	0.000386248	0.0263929	0.0110576	0.0270873	0.00650208	0.00131196	0.000346955	0.000984079
38	0.023038	0.014575	0.00294846	0.00390163	0.00264412	0.00279923	0.00211504	0.0340018	0.00625581	0.619272	0.208413	0.00437382	0.00115132	0.020771	0.00352938	0.0181036	0.0162288	0.00458793	0.00108317	0.0102071
39	0.0109212	0.000919567	0.0661863	0.0202668	0.00247127	0.608577	0.0728243	0.00253286	0.0130829	0.00375341	0.00198791	0.129467	0.00067607	0.0203392	0.0201869	0.0114225	0.00689983	0.0043281	0.000599697	0.00255693
40	0.00515453	0.016452	0.000819987	0.00105428	0.278242	0.0021364	0.00504076	0.106065	0.00127641	0.378211	0.135065	0.00110885	0.000277317	0.00103608	0.000944891	0.00130023	0.0192414	0.0306188	0.000323106	0.0156311
41	0.00954803	0.00309277	0.07164	0.00814376	0.00291721	0.0470636	0.00614675	0.00542683	0.211961	0.00729256	0.0040356	0.260688	0.00238132	0.00765106	0.0516418	0.107935	0.181771	0.0054349	0.00140917	0.00381972
42	0.280751	0.0655912	0.000929023	0.00601076	0.016403	0.00233918	0.000821359	0.0505357	0.00129792	0.0241988	0.0332398	0.00526976	0.000376634	0.00116067	0.00110223	0.0515744	0.0897633	0.36611	0.000271337	0.0022536
43	0.00394242	0.0168891	0.000898476	0.00135033	0.526236	0.00268767	0.00743833	0.00533036	0.00115016	0.0667599	0.00564752	0.0036951	0.000271899	0.00368215	0.00108402	0.0029997	0.00132986	0.00752102	0.0139132	0.327172
44	0.0272769	0.00902211	0.0204757	0.0273721	0.00655598	0.0129225	0.0493517	0.00919994	0.120675	0.0351879	0.00803135	0.0300906	0.00965782	0.0327912	0.523022	0.0326435	0.0212351	0.0108015	0.00282596	0.0108613
45	0.00507195	0.0160859	0.000804601	0.00102375	0.27913	0.00210919	0.00502916	0.105892	0.00128304	0.377597	0.135955	0.00106294	0.000277993	0.00104039	0.000923881	0.00127363	0.0193809	0.0307934	0.000280367	0.0149849
46	0.0685998	0.0133953	0.0326916	0.0414147	0.0101123	0.0244233	0.019873	0.0172181	0.0388884	0.0272205	0.0155575	0.0389559	0.0117973	0.166798	0.0275173	0.334591	0.0691161	0.0233138	0.00433904	0.0141767
47	0.00174181	0.00469948	0.0114543	0.00814783	0.0310344	0.000734015	0.0011748	0.536812	0.00131269	0.195417	0.0265624	0.00288085	0.00138646	0.00145885	0.000934963	0.00492304	0.0011903	0.163947	0.000655963	0.00353192
48	0.301803	0.000956681	0.0235245	0.00452796	0.000947311	0.0545403	0.00393275	0.00159457	0.01173	0.00224122	0.00134981	0.0587907	0.000676359	0.00227765	0.00193767	0.475384	0.0443157	0.00736147	0.000446457	0.00166219
49	0.031422	0.00645085	0.00923885	0.0122209	0.037303	0.00735811	0.00948966	0.0111029	0.0117866	0.0187494	0.0134615	0.0238939	0.00294745	0.0119905	0.0138291	0.0162061	0.0129621	0.0115808	0.701234	0.0367724
50	0.106989	0.00145569	0.00240521	0.00340837	0.00120208	0.00302578	0.00213808	0.00200024	0.00349493	0.00293852	0.00184895	0.00388546	0.0215198	0.00331449	0.0022904	0.507412	0.325412	0.00287104	0.000657759	0.00172942
51	0.0285321	0.00748832	0.0130239	0.0298231	0.00667167	0.00928496	0.0548623	0.0061268	0.121888	0.0224262	0.00593712	0.0302639	0.0109119	0.032466	0.541027	0.0336927	0.0214695	0.00949195	0.00210051	0.0125119
52	0.00174399	0.0046844	0.0113813	0.00811837	0.0307715	0.000751347	0.00126986	0.538079	0.00136921	0.194337	0.0262723	0.00298388	0.0015615	0.00153003	0.000953617	0.00494594	0.00122777	0.163818	0.000675987	0.00352491
53	0.00474726	0.027029	0.00105253	0.00142507	0.509644	0.0027899	0.0086758	0.00675972	0.00135842	0.06747	0.00553394	0.00625602	0.000333455	0.00541838	0.00112442	0.00422582	0.00154884	0.0108277	0.0138764	0.319903
54	0.0736785	0.00190492	0.0027292	0.00603243	0.0019573	0.0143736	0.00172725	0.00250997	0.00437644	0.00350563	0.00184027	0.00510813	0.825136	0.00310125	0.00423594	0.0356823	0.00671579	0.00280218	0.000795539	0.00178749
55	0.00400924	0.00114874	0.035247	0.0425408	0.00126219	0.0112121	0.0282015	0.00560802	0.204259	0.0222514	0.0186344	0.292067	0.000727366	0.0913033	0.0969426	0.00434519	0.135731	0.00238214	0.000515674	0.00161151
56	0.0297126	0.00128376	0.0187703	0.0153071	0.00105848	0.824758	0.00543699	0.000949525	0.00484676	0.00360521	0.0009796	0.0227939	0.00170347	0.00286203	0.00269158	0.0444744	0.0101486	0.00679995	0.000348152	0.00146975
57	0.0403429	0.00237571	0.1782	0.225052	0.0270013	0.00581407	0.0146096	0.0391027	0.0691878	0.0251198	0.0285647	0.0778452	0.00093181	0.0547146	0.0336883	0.0464434	0.0600279	0.0363483	0.00904152	0.025589
58	0.0632378	0.00943367	0.00697382	0.0103272	0.0710744	0.00594846	0.00674613	0.250665	0.0104061	0.032894	0.0194714	0.00953489	0.0750345	0.00884421	0.00908772	0.0171507	0.021183	0.359731	0.00305668	0.00919984
59	0.0569993	0.15748	0.0289702	0.0186192	0.0103662	0.0278753	0.0147315	0.0146522	0.0189152	0.0160857	0.0228881	0.222167	0.0243935	0.021341	0.0133781	0.258765	0.0370288	0.0211851	0.00489232	0.00926555
60	0.0600143	0.000909658	0.0356153	0.275021	0.00115502	0.00628331	0.0112356	0.00203858	0.186209	0.00989597	0.00163818	0.00290167	0.124113	0.160836	0.0423361	0.0367139	0.0284079	0.0127518	0.000487704	0.00143588
61	0.362701	0.000958766	0.0267698	0.408838	0.00131672	0.00181458	0.00217057	0.00210338	0.106149	0.019377	0.00161881	0.00283619	0.000837701	0.0231688	0.00236922	0.0125759	0.0112387	0.0109536	0.000645377	0.00155694
62	0.339702	0.00800535	0.00921071	0.00418597	0.00230698	0.500518	0.00252113	0.00410035	0.00535002	0.00640242	0.00260354	0.00911783	0.00152407	0.00761016	0.00283335	0.06642	0.0141243	0.00465114	0.000725091	0.00808777
63	0.0032213	0.00725691	0.00878668	0.00714892	0.0240337	0.00092326	0.00131709	0.44732	0.00249829	0.27964	0.0288486	0.00328138	0.0014696	0.00193194	0.00148366	0.00454119	0.003787	0.167924	0.000938832	0.00364851
64	0.413285	0.000553742	0.0607144	0.0709949	0.000617006	0.000994061	0.0079811	0.00110474	0.241543	0.00631644	0.00570627	0.00995574	0.000403602	0.0816092	0.0611033	0.0180652	0.00198285	0.0157441	0.000347091	0.000978337
65	0.00800063	0.00595548	0.0010599	0.00468656	0.365535	0.00246934	0.0814728	0.00453406	0.00141435	0.0226135	0.00362699	0.00449311	0.000343623	0.00204847	0.00346882	0.00487816	0.00901929	0.00566415	0.0123843	0.456331
66	0.0187729	0.00612998	0.00508821	0.01176	0.123196	0.00299688	0.112637	0.00615746	0.00785131	0.024683	0.00430585	0.00982414	0.00102066	0.00510689	0.0084741	0.0107443	0.0165713	0.00907164	0.00729206	0.608316
67	0.0600555	0.00103836	0.269481	0.190005	0.0152187	0.00181107	0.0393091	0.00825109	0.0617282	0.0359395	0.0139957	0.0819933	0.000449916	0.0711206	0.0490162	0.0341711	0.0271314	0.0137435	0.0145473	0.0109927
68	0.112636	0.00136498	0.106957	0.0556282	0.00106671	0.0021089	0.0266761	0.00183183	0.206767	0.0033842	0.00244323	0.132277	0.000689809	0.0645741	0.191643	0.0816105	0.00413768	0.00222442	0.000417583	0.00156098
69	0.00153596	0.0219122	0.000724088	0.000827929	0.0186025	0.000673763	0.00062972	0.137996	0.00105813	0.348841	0.0618405	0.000908235	0.000320785	0.00264994	0.000714089	0.00109183	0.0128473	0.380231	0.000222144	0.00637325
70	0.00172968	0.00466854	0.011435	0.00815962	0.0311215	0.000735532	0.00120502	0.537624	0.00136651	0.19486	0.026458	0.00288059	0.00138188	0.00146323	0.00095753	0.00498514	0.00132	0.163453	0.000658889	0.003536
71	0.096603	0.000700962	0.196439	0.217691	0.0032859	0.0124602	0.00763925	0.00794025	0.101801	0.00927673	0.00822223	0.0929436	0.00140651	0.0545303	0.0559036	0.0422636	0.0708577	0.0149978	0.00221688	0.00282086
72	0.120605	0.0701083	0.10513	0.288821	0.003249	0.00466943	0.00576466	0.00693838	0.051789	0.0276156	0.00401534	0.031354	0.00177013	0.00687394	0.0269833	0.0336384	0.177563	0.00697403	0.00144541	0.0246924
73	0.0144063	0.0365289	0.00121331	0.00170803	0.00175492	0.000960494	0.00102631	0.0527062	0.00480955	0.737633	0.111078	0.00163609	0.000402057	0.00817583	0.00131937	0.00475888	0.00474244	0.00230836	0.000327201	0.0125045
74	0.094654	0.00143182	0.00279961	0.0647537	0.00181731	0.00305072	0.119438	0.0875625	0.0714772	0.269627	0.00273856	0.015821	0.000887902	0.0281702	0.207553	0.00508359	0.0041135	0.0152352	0.00114112	0.0026432
75	0.274139	0.000690321	0.0375816	0.108792	0.000793524	0.00130119	0.0177285	0.00140662	0.267845	0.0030123	0.00239393	0.0704319	0.00040687	0.0474845	0.102072	0.0394874	0.00774993	0.0151021	0.000470394	0.00111037
76	0.0370581	0.00107399	0.00281022	0.00335243	0.00180392	0.00225654	0.465063	0.00256719	0.0589165	0.0459604	0.00211149	0.129079	0.000830193	0.0316447	0.0261877	0.00433005	0.00409846	0.00276934	0.000776287	0.17731
77	0.013304	0.00111581	0.0735239	0.0185717	0.00147048	0.550064	0.0826351	0.00175176	0.0104564	0.00262379	0.00161048	0.189561	0.000460197	0.026321	0.0152291	0.00348867	0.00321928	0.0025331	0.000544885	0.00151561
78	0.022969	0.00507796	0.00666815	0.00332172	0.0427855	0.00201168	0.00270181	0.129856	0.00372387	0.05275	0.620371	0.00401506	0.000868151	0.00343846	0.00397865	0.0274039	0.0147952	0.0226521	0.00235927	0.0282526
79	0.0674475	0.00289484	0.00796084	0.172453	0.00401591	0.00509677	0.00620826	0.00575638	0.176412	0.00844451	0.00556176	0.00847206	0.00728739	0.290699	0.00769625	0.0123654	0.14252	0.0613078	0.00191496	0.00548421
80	0.00972082	0.00239702	0.00346199	0.0113455	0.00766148	0.00345472	0.00905123	0.245648	0.0182039	0.218281	0.0610722	0.00508391	0.156963	0.0167223	0.0104383	0.0086975	0.0147694	0.182357	0.00991598	0.00475407
81	0.00594011	0.00312586	0.00660393	0.00464485	0.0304346	0.000652241	0.00169003	0.486209	0.00274704	0.139259	0.034343	0.00178051	0.00444351	0.00252134	0.00322143	0.00324148	0.00346015	0.258412	0.00115457	0.00611568
82	0.0131225	0.00265102	0.000764809	0.00111205	0.0135923	0.000757778	0.00241142	0.48623	0.00579161	0.029215	0.0341919	0.00108613	0.00757444	0.00266823	0.00755655	0.00137381	0.00745335	0.375963	0.00196197	0.00452261
83	0.0853954	0.135749	0.012966	0.0144564	0.00764048	0.0253229	0.00927015	0.0196106	0.0186929	0.0175498	0.0230351	0.0391284	0.0388779	0.0186132	0.0116072	0.271799	0.19574	0.0368603	0.00829297	0.00939195
84	0.0116941	0.0162518	0.0010741	0.00141755	0.000824004	0.000964373	0.00093811	0.0808165	0.00425532	0.757956	0.0848765	0.00156276	0.000487152	0.00671117	0.00108458	0.00379758	0.00477064	0.010892	0.00033676	0.00928861
85	0.260657	0.0506623	0.00782317	0.00953155	0.00624783	0.00689771	0.0401323	0.00829626	0.0107393	0.0387209	0.00827992	0.154866	0.00249669	0.0108425	0.00774645	0.105516	0.0983477	0.0115929	0.0668322	0.0937719
86	0.0451475	0.00564216	0.0294207	0.0299024	0.0121155	0.0289988	0.422291	0.0139366	0.0360525	0.0306317	0.0100934	0.107646	0.00318038	0.0277226	0.0382589	0.0252516	0.0221174	0.0157799	0.00382149	0.0919893
87	0.00369839	0.0111211	0.00100363	0.00127686	0.606758	0.00391974	0.00993111	0.00606003	0.00111574	0.0422747	0.00613661	0.00301286	0.00026218	0.00301993	0.00092834	0.00233104	0.00139274	0.00559099	0.0187783	0.271388
88	0.0510705	0.00145844	0.634737	0.105623	0.00174689	0.0357473	0.00915307	0.00202933	0.0216824	0.00473942	0.00382115	0.0391353	0.0120342	0.0167729	0.0167299	0.0171003	0.0204205	0.00349829	0.000743872	0.00175638
89	0.0257985	0.0176894	0.0168959	0.00392412	0.0415328	0.00284941	0.0029643	0.13439	0.00435441	0.105539	0.442866	0.00404819	0.000838395	0.00365566	0.00348055	0.0244178	0.116202	0.0353772	0.000900744	0.012276
90	0.0768408	0.00553321	0.00350585	0.00537506	0.00147926	0.0172538	0.00210221	0.00279284	0.00636678	0.00381525	0.002533	0.00395476	0.78794	0.00410798	0.00431195	0.0566356	0.00900378	0.00405816	0.000851369	0.00153861
91	0.040565	0.00494676	0.00241069	0.0100972	0.117533	0.00162542	0.0105737	0.0846833	0.00309989	0.300623	0.0601427	0.0193544	0.000605223	0.0109703	0.00281174	0.00337094	0.00295134	0.121912	0.031391	0.170333
92	0.277759	0.00148436	0.0131416	0.0252301	0.00165174	0.0478391	0.232736	0.00259498	0.00377995	0.00349824	0.00227278	0.156601	0.000957504	0.00293841	0.00268377	0.0408805	0.0151322	0.0249134	0.000988681	0.142916
93	0.00309928	0.00454254	0.00856394	0.00695748	0.0214434	0.00107493	0.0016191	0.457795	0.00227419	0.297081	0.0231163	0.00321764	0.00276573	0.00256549	0.00175732	0.00469196	0.00437419	0.149157	0.00132088	0.00258204
94	0.260419	0.0353471	0.0025409	0.036781	0.0270217	0.0127752	0.0021572	0.0420641	0.00333057	0.013291	0.0141508	0.00490221	0.00129655	0.00310399	0.00288253	0.0709126	0.0667397	0.386775	0.000721264	0.0127873
95	0.265804	0.00709142	0.013983	0.00371738	0.00118642	0.508805	0.00228171	0.00181915	0.00410063	0.00349536	0.00159287	0.0138895	0.000682888	0.00870707	0.00217201	0.134135	0.0167683	0.00398583	0.000612522	0.00516995
96	0.00543813	0.00853318	0.00159747	0.00256007	0.484819	0.00349848	0.00757795	0.00579242	0.00201638	0.0305621	0.00498747	0.00484184	0.000531028	0.00323376	0.00135286	0.00319032	0.00212108	0.00509393	0.232764	0.189488
97	0.142837	0.00149707	0.00243178	0.0383441	0.0021938	0.0280987	0.026538	0.0154915	0.190877	0.0687035	0.0345753	0.0281898	0.0221681	0.0403482	0.104139	0.0526453	0.129487	0.0568444	0.00117925	0.0134105
98	0.006714	0.018653	0.221778	0.0197138	0.00219495	0.0449526	0.0345032	0.00377674	0.00502688	0.00485697	0.00282698	0.263556	0.00129951	0.00400345	0.00370946	0.349574	0.0052608	0.0040997	0.00104015	0.00246081
99	0.0257467	0.0137804	0.0127791	0.0236462	0.00111787	0.00811123	0.00732227	0.00227659	0.178684	0.0167496	0.00219948	0.0250849	0.00326672	0.0505669	0.549479	0.0638668	0.00887129	0.00314195	0.000679553	0.00262963
100	0.0502151	0.00426162	0.0449964	0.142129	0.000581694	0.00573927	0.0191822	0.0125126	0.291112	0.00937675	0.000777613	0.0256505	0.000482151	0.127378	0.172	0.0326513	0.0429202	0.00884519	0.000321169	0.0088678
101	0.00186811	0.031126	0.000864758	0.00132304	0.00877634	0.000878467	0.000830055	0.110966	0.00145826	0.327777	0.072414	0.00134344	0.000346548	0.00143514	0.00110601	0.00164117	0.0289215	0.403248	0.000215992	0.00345985
102	0.015067	0.00243945	0.000895212	0.00120609	0.0131778	0.000820028	0.00229808	0.49302	0.00799414	0.0281129	0.0361144	0.00156485	0.00647968	0.00263106	0.00969761	0.00186678	0.00905693	0.361407	0.00173595	0.00441532
103	0.0733727	0.000985933	0.520141	0.138958	0.00159889	0.0933344	0.00876492	0.00179588	0.0244219	0.00230275	0.0018708	0.0204717	0.0158805	0.0186475	0.0199584	0.012869	0.039937	0.00281162	0.000504875	0.00137255
104	0.115056	0.115103	0.0378343	0.0525567	0.085834	0.00327805	0.104052	0.0220709	0.00590824	0.240132	0.0520914	0.0213989	0.00138962	0.00555787	0.00414419	0.00758762	0.00594811	0.00446106	0.00124319	0.114353
105	0.00359455	0.0112624	0.000778575	0.000991809	0.609543	0.00361146	0.00939342	0.00613679	0.000972903	0.0414768	0.00588538	0.00280461	0.000243922	0.00272055	0.000783367	0.0022615	0.00113443	0.00558975	0.0182727	0.272542
106	0.0904048	0.00151996	0.00289137	0.112834	0.0254004	0.0258863	0.00262637	0.0424748	0.0523515	0.100389	0.0158356	0.029359	0.00106087	0.0170801	0.00344835	0.0168978	0.12742	0.304997	0.000869384	0.0262528
107	0.0024229	0.000705267	0.00416478	0.0124817	0.00623877	0.00115793	0.16981	0.00125715	0.177154	0.00178445	0.00107027	0.0533791	0.000413398	0.0119229	0.511688	0.00222995	0.0362063	0.00152521	0.00044394	0.00394384
108	0.00387167	0.0158176	0.000732569	0.00102141	0.540273	0.00281071	0.00759274	0.00536547	0.000910261	0.059337	0.00575018	0.00351091	0.000228255	0.00339706	0.000928646	0.00266195	0.00118304	0.00733387	0.0143498	0.322924
109	0.690137	0.0298391	0.00302582	0.0026185	0.00122231	0.0421122	0.00466568	0.0142088	0.00432802	0.00712481	0.00856189	0.00386901	0.00078473	0.00474399	0.00237032	0.0951426	0.0206164	0.062529	0.000543304	0.00155638
110	0.0492557	0.00440649	0.0439501	0.143317	0.000604829	0.0058965	0.0192967	0.0123924	0.289096	0.00944731	0.000748542	0.0253748	0.000555372	0.12597	0.173385	0.0332141	0.0450273	0.00904165	0.000322698	0.00869724
111	0.0912807	0.00344158	0.00444485	0.0245251	0.0126747	0.00201877	0.00205627	0.0488229	0.0236198	0.00318581	0.00190554	0.0053982	0.00083294	0.00300231	0.00255363	0.0386358	0.506393	0.220098	0.00093238	0.00417738
112	0.00130067	0.0327454	0.000632435	0.0010047	0.0105183	0.000557019	0.000609605	0.148105	0.00110488	0.33604	0.0525827	0.000996729	0.000334671	0.00129353	0.000732266	0.000997398	0.0159528	0.390388	0.000182076	0.00392242
113	0.00504849	0.0161374	0.000795502	0.00102934	0.27923	0.00210973	0.0050578	0.105875	0.00128467	0.377878	0.135912	0.00106366	0.000277993	0.0010045	0.000923175	0.0012884	0.0191175	0.0306919	0.000257901	0.0150179
114	0.0918447	0.000828119	0.132315	0.252576	0.000786724	0.00364053	0.00581249	0.00823642	0.128411	0.00529901	0.00303506	0.104754	0.000656313	0.0544132	0.0684323	0.0358467	0.0908631	0.0107696	0.000454107	0.00102554
115	0.127042	0.0588371	0.0090164	0.182946	0.00576738	0.00875866	0.124278	0.00638524	0.0561806	0.00749348	0.0050092	0.0341982	0.00154484	0.0168557	0.212753	0.0154578	0.0213168	0.0129662	0.0249725	0.0682207
116	0.00351761	0.0122205	0.00075624	0.000930081	0.600133	0.00349138	0.00909113	0.00605682	0.000952942	0.0444389	0.00587723	0.00290938	0.000227651	0.00279251	0.00077057	0.00238183	0.00110566	0.00575733	0.0179596	0.278629
117	0.0246106	0.00134934	0.0197717	0.00511248	0.0153678	0.136549	0.0853912	0.00331936	0.153174	0.00468393	0.00294384	0.0457931	0.00106577	0.237153	0.180305	0.0588337	0.00491015	0.00359478	0.000782598	0.0152885
118	0.0123297	0.000814971	0.263274	0.0525477	0.00151663	0.180903	0.131607	0.00164483	0.0521872	0.00232868	0.00148357	0.204593	0.000553743	0.0271379	0.00225435	0.0351102	0.0197652	0.00202823	0.000578742	0.00734095
119	0.0156074	0.00197084	0.0229943	0.0117768	0.00269723	0.0104049	0.00424189	0.0225052	0.217543	0.197767	0.00785848	0.0231107	0.00147596	0.0702975	0.24647	0.029147	0.00638236	0.043397	0.00120958	0.0631428
120	0.0456541	0.0154527	0.00489817	0.00708308	0.00980829	0.00503385	0.00430565	0.154483	0.00657532	0.0490525	0.0133565	0.00621629	0.00875662	0.00564046	0.00447722	0.0118223	0.0272076	0.611486	0.00239214	0.00629852
121	0.0278596	0.00237911	0.0627286	0.0636351	0.00228516	0.0048837	0.034875	0.00439951	0.327533	0.00642664	0.00315887	0.0804621	0.0491776	0.00966778	0.155488	0.0333934	0.121254	0.0056076	0.0012381	0.00354632
122	0.0263368	0.00314964	0.00307131	0.0063755	0.0280955	0.00230153	0.331527	0.00372142	0.0331146	0.04804	0.00262507	0.0636939	0.00135041	0.0198378	0.0284	0.00711412	0.0104928	0.00508031	0.00246264	0.373209
123	0.0381289	0.00651886	0.00711104	0.012133	0.0660012	0.00740262	0.0122735	0.00956558	0.0110934	0.025672	0.0125944	0.0296355	0.0021926	0.0108358	0.0106963	0.0158716	0.015183	0.0104339	0.597054	0.0996026
124	0.00344892	0.00225252	0.00340989	0.00992733	0.0179985	0.00141015	0.00149528	0.44229	0.00250189	0.202829	0.206143	0.00286352	0.00075794	0.0040669	0.0153321	0.00325982	0.0022769	0.0497121	0.0257409	0.00228324
125	0.0357439	0.0144148	0.00749088	0.0123182	0.0124143	0.0105609	0.00875023	0.0735397	0.0505196	0.0240829	0.0108727	0.0121055	0.161822	0.0151391	0.0165182	0.078685	0.31689	0.127027	0.00383723	0.00726772
126	0.0108798	0.00434895	0.00400459	0.00386581	0.0305596	0.00138936	0.002773	0.453376	0.00448012	0.0848214	0.0305213	0.00304053	0.00893417	0.00334118	0.00551305	0.00456327	0.00776014	0.32688	0.00198846	0.00695879
127	0.0463345	0.0134481	0.0737656	0.0343092	0.00940564	0.0319081	0.0614615	0.0155711	0.0450464	0.0204983	0.0133015	0.419736	0.00659523	0.0273484	0.0362432	0.0533389	0.0414527	0.0199258	0.00540223	0.0249077
128	0.0426911	0.00305084	0.0716045	0.522731	0.00298284	0.018982	0.0101106	0.00665898	0.0436638	0.010385	0.00767417	0.0269284	0.00934375	0.13154	0.0233996	0.0281114	0.0178181	0.0116805	0.00189031	0.00875362
129	0.0096776	0.00274955	0.00383563	0.00407443	0.0116826	0.00229846	0.0237606	0.429694	0.00736787	0.0839577	0.0212079	0.00394831	0.036531	0.0214589	0.00543408	0.00525548	0.00947646	0.306834	0.00568544	0.00506984
130	0.0131322	0.00172666	0.540852	0.0397405	0.0020041	0.0333206	0.0715074	0.0027617	0.0175721	0.00435555	0.00462627	0.182755	0.00147723	0.0169914	0.00576092	0.0282342	0.0132658	0.00327244	0.00153634	0.0151074
131	0.0117217	0.0033244	0.0132664	0.0411845	0.0037471	0.00827748	0.014059	0.0516797	0.103541	0.0357246	0.00869515	0.143875	0.00226501	0.243796	0.0961954	0.0201025	0.181992	0.00945277	0.00189697	0.00520277
132	0.364086	0.0257384	0.00751736	0.00406223	0.00230709	0.0906336	0.0210593	0.0446366	0.0189481	0.0449871	0.0047988	0.0104142	0.00229257	0.022362	0.00395473	0.112677	0.110127	0.103262	0.00121635	0.00491962
133	0.151974	0.0189717	0.0039836	0.00420315	0.0474972	0.0556028	0.00301271	0.121909	0.00447573	0.178975	0.13174	0.0355468	0.00116322	0.0261812	0.00385466	0.0351695	0.0188029	0.136508	0.0164818	0.00394673
134	0.037814	0.00421083	0.00675269	0.00619669	0.00961771	0.00446872	0.423152	0.00549412	0.0490509	0.056099	0.00487196	0.141975	0.00140727	0.0272907	0.0256231	0.00783734	0.00743019	0.00678523	0.00290796	0.171014
135	0.0108083	0.00188216	0.00401368	0.00517313	0.0027252	0.00343502	0.412825	0.00378813	0.0110231	0.00938171	0.00355995	0.399037	0.00157612	0.00805674	0.00610498	0.00618977	0.00596741	0.00482951	0.00111349	0.0985095
136	0.0469354	0.00335474	0.0192428	0.184957	0.0311266	0.00625285	0.00616373	0.0455145	0.026268	0.0513197	0.0589199	0.0138643	0.00196761	0.192628	0.0408502	0.0141793	0.084981	0.162255	0.00296604	0.00625389
137	0.00516979	0.0161343	0.000797108	0.00104445	0.279019	0.00210502	0.00504716	0.105841	0.00129063	0.377563	0.135788	0.00107216	0.000277973	0.00103153	0.000921816	0.00130698	0.0191483	0.0308875	0.000276093	0.0152783
138	0.00127508	0.0326943	0.000631683	0.00100407	0.0105569	0.000557118	0.000611693	0.148207	0.00110099	0.336131	0.0525441	0.000997052	0.000334858	0.00129354	0.00073196	0.000997995	0.0159296	0.390284	0.000182076	0.00393442
139	0.495345	0.0193923	0.011474	0.0156333	0.00416973	0.0492468	0.0100452	0.0161954	0.0208785	0.014356	0.0098378	0.0240933	0.00518163	0.016443	0.0086046	0.187959	0.0364969	0.0418869	0.0040758	0.00868436
140	0.252748	0.00528429	0.0115091	0.0152986	0.00375047	0.0240047	0.140826	0.00558492	0.0127382	0.0109186	0.00408106	0.140159	0.00317775	0.00742217	0.00835041	0.267253	0.0222933	0.0144001	0.00496066	0.0452398
141	0.663358	0.0307337	0.00301569	0.00251598	0.00156791	0.0414444	0.00435381	0.0169141	0.00444482	0.00779993	0.0110846	0.00479065	0.00221064	0.00490135	0.00226637	0.109962	0.0264082	0.0593114	0.000981714	0.00193563
142	0.0318807	0.0101778	0.00244685	0.0472606	0.00117038	0.00209236	0.0107395	0.0542752	0.210673	0.278913	0.0394722	0.00301631	0.000639771	0.0395248	0.191035	0.0210429	0.0125248	0.0025416	0.0387069	0.00186648
143	0.28477	0.0530819	0.00120691	0.00736419	0.0147346	0.0032391	0.00126975	0.0605004	0.00151257	0.025743	0.0268537	0.00498284	0.000489884	0.00140788	0.00148147	0.0510643	0.0840514	0.373005	0.000374739	0.00286674
144	0.0415324	0.016941	0.0184645	0.00919176	0.00480386	0.00301945	0.00316593	0.0587201	0.0240034	0.00557618	0.00311243	0.0204123	0.00131327	0.0041767	0.00374457	0.0279009	0.318024	0.416048	0.00107762	0.0187715
145	0.0504102	0.00426367	0.0446679	0.140723	0.00058381	0.00555686	0.0191275	0.0124636	0.290677	0.00937888	0.000756187	0.0260418	0.000522289	0.127026	0.173218	0.0335722	0.0427873	0.00897921	0.000317729	0.00892663
146	0.181881	0.0118776	0.00956919	0.00266398	0.0637275	0.00177948	0.00187898	0.193598	0.021775	0.243798	0.0402604	0.00258022	0.000690471	0.0187078	0.0240237	0.0146211	0.0138441	0.0748063	0.000848374	0.0770683
147	0.287377	0.172011	0.00415419	0.00503005	0.0194741	0.258575	0.00389343	0.0426808	0.0062441	0.0860541	0.0210033	0.00599394	0.00159006	0.00529842	0.00456865	0.00727539	0.00607651	0.0404196	0.00104057	0.0212406
148	0.00258332	0.000705693	0.0051247	0.00954983	0.00472405	0.00115606	0.203522	0.00123187	0.156395	0.00161664	0.00115865	0.0439125	0.000428327	0.0152447	0.507728	0.00222523	0.0355012	0.00156695	0.000475032	0.00515002
149	0.165664	0.000625815	0.120592	0.220513	0.000587765	0.00826179	0.00108848	0.00143697	0.0958695	0.0109766	0.0101102	0.0257291	0.000424818	0.15803	0.0576362	0.0973287	0.0220886	0.00165643	0.00044451	0.00093571
150	0.00683297	0.00238862	0.00326801	0.00481925	0.0163148	0.00300548	0.031871	0.356856	0.0998572	0.180152	0.0385525	0.0297459	0.00287005	0.00443616	0.0183381	0.0353359	0.064801	0.0964738	0.00122818	0.00285323
151	0.0106824	0.00105299	0.00212268	0.00252006	0.00103835	0.00135304	0.0107799	0.00162397	0.369497	0.0338445	0.0513722	0.01739	0.000667315	0.389539	0.0715802	0.0120981	0.00294852	0.0177206	0.000523996	0.00164563
152	0.0137825	0.0025831	0.00100816	0.00128456	0.0143542	0.000767783	0.00220951	0.488915	0.00623308	0.0299915	0.0368736	0.00118866	0.0068152	0.00260137	0.00791111	0.00149485	0.00757197	0.368167	0.00175989	0.00448673
153	0.0243776	0.00357176	0.0188435	0.0172895	0.00276516	0.794784	0.00709944	0.00364843	0.00814141	0.0074758	0.00345563	0.0259717	0.00146083	0.00545179	0.0066348	0.0290256	0.0115885	0.0242343	0.00160769	0.00257257
154	0.0973084	0.132998	0.00641543	0.00704814	0.0160188	0.0831163	0.00520415	0.00634749	0.00753062	0.0110944	0.0659069	0.175974	0.00417456	0.0436783	0.0116471	0.189178	0.0791519	0.0445629	0.0053435	0.00730137
155	0.108432	0.0137742	0.0159635	0.0165359	0.035372	0.011225	0.0141751	0.0696725	0.0194403	0.070585	0.418143	0.0206994	0.00458313	0.0185765	0.0137099	0.0399206	0.029553	0.0424045	0.00885076	0.0283842
156	0.001723	0.00470529	0.0114461	0.00815842	0.0310006	0.000734559	0.00115998	0.53702	0.00119696	0.194991	0.0265708	0.00288319	0.00136945	0.00144807	0.000941544	0.00492288	0.00115049	0.164367	0.000669045	0.0035414
157	0.422666	0.0311761	0.0180358	0.0043035	0.00269448	0.049073	0.0226816	0.0465327	0.0104657	0.0678812	0.0051971	0.0227943	0.00212327	0.024254	0.00436868	0.12857	0.0858251	0.0447852	0.00193912	0.00463385
158	0.0303323	0.00708918	0.0130163	0.00192219	0.0944003	0.0139654	0.00783581	0.159605	0.00226687	0.0806907	0.0141171	0.0610781	0.000504314	0.00813776	0.0263934	0.0625874	0.106007	0.192681	0.012114	0.105256
159	0.0509479	0.0098722	0.0134856	0.0678852	0.104847	0.0133274	0.0583246	0.0127271	0.0267606	0.0575972	0.0195493	0.0204208	0.00218905	0.0201992	0.0574967	0.0219152	0.0257795	0.0149459	0.0170324	0.384697
160	0.0883995	0.000790453	0.00173118	0.00258326	0.00126475	0.0159143	0.00137228	0.00167647	0.00271658	0.00232041	0.00160373	0.00240458	0.826318	0.00228481	0.00176473	0.0373327	0.00543137	0.00229066	0.000512231	0.00128747
161	0.144305	0.00282094	0.0114701	0.0468707	0.0846522	0.0112924	0.016707	0.0107942	0.0381902	0.169839	0.050723	0.0421084	0.000700714	0.0153815	0.0279376	0.00311279	0.0143814	0.0254717	0.0365625	0.246678
162	0.00310913	0.00125394	0.0447122	0.00201625	0.000858993	0.00127399	0.00734554	0.0013521	0.0143277	0.0023128	0.00118951	0.0269873	0.000437385	0.00841723	0.0015423	0.506873	0.372887	0.0016057	0.000439136	0.00105844
163	0.12733	0.193963	0.00422208	0.00432594	0.00193944	0.017967	0.00332444	0.00352891	0.00537531	0.00445292	0.0175995	0.0224326	0.190931	0.00483426	0.00390378	0.363011	0.0220306	0.00433392	0.00130737	0.00318643
164	0.0791677	0.000889735	0.105645	0.0244551	0.00119564	0.00195977	0.135677	0.00188748	0.265641	0.0108799	0.00940811	0.165826	0.000833368	0.0344102	0.0937101	0.0530311	0.0112393	0.00216144	0.000456686	0.00152559
165	0.08501	0.0100529	0.00238907	0.00304283	0.00106691	0.0172256	0.00177928	0.00232775	0.00291398	0.00301556	0.00294981	0.00398982	0.766615	0.00284606	0.00181473	0.0775644	0.0104787	0.00270768	0.000549652	0.0016605
166	0.0977541	0.000592555	0.136615	0.256661	0.00166977	0.00361774	0.00600718	0.00986079	0.120189	0.0079421	0.00420041	0.102496	0.000381194	0.061027	0.0632797	0.0364572	0.0752519	0.0132199	0.00128315	0.00149428
167	0.00479921	0.000670569	0.775627	0.0373246	0.000757388	0.00372406	0.0133835	0.00124108	0.00815449	0.00175091	0.00479725	0.119421	0.000470426	0.00220662	0.00460606	0.00928888	0.00671375	0.00272242	0.000393353	0.00194803
168	0.056976	0.00255018	0.0149279	0.0358758	0.157476	0.0153275	0.0359127	0.0060302	0.0223136	0.165562	0.0470188	0.0277575	0.000784506	0.028871	0.0238779	0.00459852	0.0227856	0.011662	0.0581266	0.261567
169	0.074594	0.00938634	0.00465946	0.0171312	0.149562	0.00426004	0.0103086	0.0446852	0.0103356	0.230896	0.0536096	0.0339376	0.000416101	0.0101277	0.00878272	0.00259654	0.00650638	0.0778928	0.040686	0.209627
170	0.0150509	0.070201	0.00550614	0.00812288	0.356925	0.00387056	0.0303075	0.0185888	0.00406725	0.0995621	0.00861544	0.00850458	0.00100586	0.00629534	0.00351289	0.0166352	0.0039345	0.00916531	0.00901281	0.321116
171	0.149451	0.0350717	0.00190648	0.00237706	0.00898909	0.0672173	0.00196752	0.0382927	0.00280207	0.0228015	0.0415409	0.0203648	0.0414584	0.00431717	0.00254273	0.285852	0.191435	0.0569954	0.0150788	0.00953799
172	0.0215359	0.00092306	0.680127	0.0775568	0.0020596	0.00501087	0.0101735	0.00263763	0.0264186	0.00534802	0.00545489	0.0725828	0.00178348	0.0154902	0.0263781	0.0239873	0.0133001	0.00510313	0.00138482	0.00274453
173	0.0327855	0.0124015	0.00131852	0.00147795	0.00306835	0.00107815	0.00114093	0.138019	0.00176155	0.0138493	0.00131166	0.00152489	0.00666006	0.00150802	0.0012359	0.00195373	0.00187488	0.775716	0.000430363	0.000884096
174	0.00812378	0.00191667	0.0250648	0.00566198	0.0604996	0.00385541	0.169665	0.00395262	0.00654401	0.0434281	0.0572106	0.00617971	0.00150735	0.481314	0.0045064	0.00809308	0.00595661	0.00525051	0.0206737	0.0805957
175	0.280751	0.0655912	0.000929023	0.00601076	0.016403	0.00233918	0.000821359	0.0505357	0.00129792	0.0241988	0.0332398	0.00526976	0.000376634	0.00116067	0.00110223	0.0515744	0.0897633	0.36611	0.000271337	0.0022536
176	0.00888895	0.00273407	0.00463032	0.0275187	0.0964107	0.0608058	0.0980022	0.00447392	0.173694	0.0868745	0.00375494	0.0895096	0.00161694	0.045832	0.232442	0.00723128	0.0259192	0.00569278	0.0199218	0.00404609
177	0.0375496	0.00539078	0.0484488	0.102721	0.00686885	0.220238	0.0243908	0.0100759	0.157681	0.0231838	0.00588766	0.0432828	0.00500353	0.099804	0.125619	0.0320262	0.0261114	0.0119302	0.00274641	0.0110411
178	0.132181	0.0384155	0.0101186	0.206264	0.010305	0.0179523	0.0674947	0.00190357	0.107824	0.00298585	0.00165548	0.0133531	0.000776384	0.0378693	0.0761572	0.0280611	0.0567713	0.0266272	0.00288716	0.160397
179	0.0385577	0.0126654	0.011797	0.020123	0.0774532	0.00891569	0.0430954	0.0947198	0.0276902	0.0769293	0.0277915	0.0172098	0.00319725	0.0139845	0.0250526	0.0330764	0.0337148	0.0429024	0.0114073	0.379717
180	0.0507613	0.00226132	0.00358103	0.00402366	0.00199171	0.139736	0.00262148	0.00403103	0.00396423	0.0046979	0.00361285	0.00529637	0.456994	0.00441214	0.00311644	0.249724	0.0436718	0.0115196	0.00118819	0.00279459
181	0.166352	0.00120266	0.0107783	0.0537161	0.0273036	0.0510488	0.028356	0.00205307	0.0455393	0.0117271	0.00171658	0.123405	0.0449555	0.0276157	0.0449445	0.257521	0.0574376	0.0208497	0.000562048	0.0229157
182	0.0258595	0.0255628	0.0025606	0.00350957	0.0013686	0.00214391	0.00268301	0.0383689	0.125085	0.0139337	0.00214937	0.0035826	0.121848	0.0138814	0.0256733	0.0296146	0.537643	0.0217919	0.000731671	0.0020082
183	0.280684	0.0660233	0.00105748	0.00597131	0.0166061	0.00249726	0.000904112	0.0508831	0.00144163	0.0248462	0.0335075	0.00585981	0.000381451	0.00133954	0.00111106	0.0518369	0.0888294	0.363277	0.00046203	0.00248052
184	0.0663364	0.0024305	0.601125	0.0727777	0.00477314	0.0226088	0.0116074	0.00513793	0.0303248	0.0111033	0.00820159	0.0445943	0.00837591	0.0216651	0.0198584	0.0328991	0.0201513	0.00792375	0.00263092	0.00547521
185	0.00359799	0.0112931	0.0007789	0.000981987	0.609389	0.00360998	0.0093699	0.00614402	0.000950268	0.0415511	0.00588936	0.0027741	0.000243922	0.00269605	0.00078803	0.00225418	0.00113189	0.00559724	0.0182883	0.27267
186	0.00153596	0.0219122	0.000724088	0.000827929	0.0186025	0.000673763	0.00062972	0.137996	0.00105813	0.348841	0.0618405	0.000908235	0.000320785	0.00264994	0.000714089	0.00109183	0.0128473	0.380231	0.000222144	0.00637325
187	0.310008	0.00117108	0.0181973	0.0045043	0.0010836	0.072192	0.00290007	0.00157206	0.00965139	0.00276398	0.00150263	0.045836	0.000870226	0.00287289	0.00194631	0.464846	0.0489907	0.00697583	0.000405796	0.00170991
188	0.0050627	0.0168756	0.000881172	0.00106812	0.278463	0.00220921	0.00526081	0.106516	0.00135618	0.378321	0.134271	0.00110723	0.000287699	0.00108671	0.000937783	0.00140635	0.0193316	0.030314	0.000271557	0.0149723
189	0.0958821	0.0191197	0.0495972	0.0253183	0.0073464	0.0289039	0.0215938	0.0110377	0.0316728	0.014889	0.0109167	0.127351	0.00926454	0.0193052	0.018978	0.404156	0.0755173	0.0147531	0.00550319	0.00889459
