240	20
1	0.108822	0.00644277	0.000630172	0.000798305	0.111293	0.0176137	0.00065377	0.215449	0.000806486	0.131189	0.030706	0.0042016	0.00121084	0.0187127	0.000550962	0.0344882	0.0639069	0.231583	0.00148393	0.0194571
2	0.0475408	0.00929501	0.000166304	0.000495142	0.0187526	0.00549619	0.000191207	0.344512	0.00138606	0.1604	0.0361272	0.0014367	0.00068758	0.000276686	0.000166767	0.0207296	0.0523872	0.298769	0.000210161	0.00097487
3	0.336439	0.0113218	0.00302204	0.00416119	0.00355036	0.311644	0.00182552	0.004578	0.000275378	0.0042946	0.00291028	0.00233453	0.00762074	0.00167151	0.000459292	0.263178	0.0306637	0.0082052	0.000243226	0.00160121
4	0.0185092	0.0108005	0.00139676	0.00147576	0.471932	0.00944712	0.00137096	0.0781603	0.00238278	0.19063	0.0613523	0.00242454	0.00225347	0.00177696	0.00132325	0.0427854	0.0442996	0.0472586	0.00299175	0.00742854
5	0.0731383	0.00504541	0.00194137	0.00278451	0.0250479	0.00733541	0.00253692	0.0289633	0.00323998	0.370668	0.291576	0.0042926	0.00312955	0.00260754	0.00412819	0.0347786	0.112009	0.0215111	0.00174997	0.00351707
6	0.0218877	0.00172673	0.000997487	0.00202369	0.0519811	0.00114201	0.0003843	0.158943	0.00045019	0.605068	0.0560745	0.000296985	0.000613384	0.000276996	0.000233861	0.00176975	0.0137679	0.0780329	0.001141	0.00318834
7	0.0193088	0.0117759	0.000787335	0.00120225	0.527153	0.00992871	0.0025809	0.0491219	0.00148311	0.1213	0.0343418	0.00393134	0.00454368	0.00160279	0.00065619	0.0100728	0.0175835	0.0519995	0.00486623	0.125761
8	0.384909	0.0102597	0.00536187	0.00707161	0.00310095	0.278216	0.00157673	0.00654817	0.000284282	0.00481446	0.00294123	0.00302783	0.00924689	0.00104918	0.000441882	0.239653	0.0282962	0.0116051	0.000246295	0.00134893
9	0.0163441	0.00170673	0.000842616	0.00204059	0.0843542	0.00265121	0.00101357	0.0633815	0.00218968	0.328403	0.429876	0.00187083	0.00118138	0.00131703	0.00131708	0.00611867	0.019443	0.0335783	0.00106475	0.00130542
10	0.014886	0.0119705	0.000724616	0.000952087	0.489088	0.00493785	0.00431854	0.0451351	0.00158756	0.159688	0.0320495	0.00322386	0.00404975	0.00181681	0.00187281	0.00479461	0.00569229	0.0604941	0.0246451	0.128073
11	0.0310278	0.0105764	0.000902944	0.00144965	0.34175	0.0101683	0.00120497	0.0972971	0.00126717	0.30076	0.0485604	0.00231337	0.00440807	0.00134332	0.000693431	0.00948245	0.0192657	0.0724031	0.00420086	0.0409245
12	0.157195	0.00797674	0.0112239	0.00329669	0.0125483	0.673991	0.00176768	0.0123268	0.00111328	0.00985168	0.00963974	0.00386912	0.00534808	0.00245895	0.00356329	0.0519517	0.0158675	0.0132494	0.000828796	0.0019326
13	0.469512	0.0146852	0.00236918	0.00370366	0.00806696	0.108825	0.00227665	0.0205203	0.00263003	0.0239996	0.00887236	0.00440529	0.00681165	0.00344851	0.00296631	0.171431	0.0810162	0.0598854	0.0010648	0.0035098
14	0.184197	0.00846282	0.0110652	0.00357963	0.0103166	0.658123	0.000716376	0.00885712	0.000608458	0.0082865	0.00610028	0.00311904	0.00520797	0.00199339	0.0023577	0.0615345	0.0138634	0.00936973	0.000994162	0.00124763
15	0.0631321	0.0198422	0.0487313	0.0357359	0.0427407	0.0329562	0.0136807	0.0400151	0.0435956	0.0525647	0.0336363	0.250331	0.00899263	0.0436288	0.023891	0.0879615	0.0970486	0.0423502	0.00509322	0.0140724
16	0.0197746	0.00219121	0.00146914	0.00221896	0.0504522	0.00101938	0.000327134	0.152083	0.000517556	0.618172	0.05947	0.000344193	0.000542524	0.000200961	0.000437541	0.00189567	0.0129879	0.0718547	0.00127658	0.00276474
17	0.0447658	0.010265	0.00155786	0.00189121	0.0319815	0.0131252	0.00182473	0.403165	0.00368119	0.142072	0.0534505	0.00888423	0.00664911	0.00279912	0.00192029	0.0231751	0.072477	0.170698	0.00226071	0.0033564
18	0.00851484	0.0112271	0.000426393	0.000734765	0.567138	0.00168601	0.00106868	0.0484437	0.000938152	0.137509	0.0352493	0.00279472	0.00466885	0.00104059	0.000854192	0.0030203	0.0036883	0.0650144	0.00532529	0.100657
19	0.102134	0.00451186	0.0020206	0.00620898	0.00912989	0.0366066	0.00202758	0.0161306	0.00333048	0.0183236	0.00845195	0.0036858	0.653813	0.00948826	0.00668291	0.0441056	0.0528562	0.0152222	0.00211727	0.00315226
20	0.100256	0.00841457	0.00151491	0.00433614	0.0411986	0.0133263	0.00113678	0.193699	0.00370946	0.0780251	0.0107658	0.00303918	0.135081	0.0062158	0.00110148	0.0504847	0.0996385	0.238833	0.00668126	0.00254248
21	0.0670657	0.00134489	0.00903973	0.0616594	0.0829575	0.00487659	0.0180904	0.0704585	0.0236537	0.175736	0.073986	0.0162137	0.000443382	0.0806082	0.00413642	0.0429155	0.0375573	0.120344	0.000242458	0.10867
22	0.0200587	0.00174823	0.00110768	0.00285116	0.0456152	0.000900025	0.000326322	0.155145	0.000396429	0.611744	0.0635898	0.00034959	0.000434359	0.00023009	0.000505798	0.00201153	0.0132767	0.0761135	0.000990007	0.00260576
23	0.217281	0.00855557	0.0105277	0.00434777	0.00840054	0.612137	0.000758035	0.00827152	0.000543001	0.0060697	0.00522507	0.00313844	0.00634254	0.00168551	0.0028126	0.0769866	0.015876	0.00983533	0.000344387	0.000861374
24	0.0670657	0.00134489	0.00903973	0.0616594	0.0829575	0.00487659	0.0180904	0.0704585	0.0236537	0.175736	0.073986	0.0162137	0.000443382	0.0806082	0.00413642	0.0429155	0.0375573	0.120344	0.000242458	0.10867
25	0.0983824	0.00204883	0.0212573	0.0895905	0.00589632	0.0145023	0.0111132	0.00621126	0.0204647	0.233136	0.127902	0.0751476	0.00120634	0.136308	0.000637991	0.0916186	0.0355778	0.0166853	0.000804051	0.0115104
26	0.44731	0.0144861	0.000249633	0.0019216	0.00102371	0.0660059	0.00241524	0.00185315	0.000280706	0.00580897	0.00479993	0.000510554	0.00909807	0.000623327	0.000237871	0.386762	0.0408775	0.0125141	0.000219127	0.00300182
27	0.232668	0.0092636	0.014833	0.0207501	0.00645868	0.320632	0.00970542	0.0103712	0.0101235	0.006426	0.00598263	0.0264361	0.00523137	0.0312394	0.0036562	0.200321	0.0671334	0.0167561	0.000390913	0.00162052
28	0.0831631	0.000662296	0.0457145	0.0845613	0.00428349	0.082781	0.0357446	0.0114118	0.0429303	0.00567824	0.00808547	0.0961999	0.000414275	0.106706	0.0138704	0.220191	0.137815	0.0151628	0.000276588	0.00434768
29	0.0438256	0.00155584	0.000943133	0.0100422	0.0324649	0.0202348	0.00103174	0.205651	0.00934134	0.106898	0.00436481	0.00175079	0.261506	0.0189026	0.000859478	0.0803566	0.0813185	0.0985834	0.0190775	0.00129255
30	0.478761	0.013865	0.000232073	0.00143374	0.00108219	0.0635817	0.00184539	0.00319481	0.000263379	0.00651222	0.00434877	0.000470127	0.00725632	0.000447543	0.000251556	0.337918	0.0508586	0.0245606	0.000187044	0.00292988
31	0.0871033	0.00108642	0.000554623	0.000786614	0.0176241	0.0297822	0.000577914	0.288582	0.0013501	0.135984	0.0929203	0.0316471	0.0116355	0.000970323	0.000765048	0.0400122	0.137217	0.116212	0.00383409	0.00135562
32	0.0934646	0.0125541	0.00011745	0.000133492	0.118038	0.0236373	6.88757e-05	0.230494	0.000137382	0.273128	0.026808	0.000187074	0.000345492	0.000237257	7.57039e-05	0.0251617	0.0299783	0.159818	0.00437492	0.0012403
33	0.166457	0.00755523	0.0121428	0.00218377	0.0122946	0.696325	0.000650574	0.00756376	0.000642224	0.00733496	0.00656967	0.00254036	0.00460317	0.00214962	0.00292192	0.046371	0.0121591	0.00799305	0.000460795	0.00108178
34	0.0282604	0.0113414	0.000786661	0.00167804	0.391484	0.00894632	0.000878218	0.0985212	0.00136192	0.234667	0.0621969	0.00288502	0.00494622	0.00156994	0.000737356	0.00962562	0.0189087	0.0738544	0.00243386	0.0449175
35	0.101413	0.0207292	0.000150176	0.000221513	0.0529005	0.0200965	0.00026867	0.279766	0.00025505	0.24122	0.0196575	0.000336755	0.000412667	0.000332276	0.000157054	0.0232978	0.0250205	0.209615	0.00139351	0.0027554
36	0.0400136	0.0075044	0.000173587	0.000459358	0.016939	0.010142	0.000264589	0.308146	0.000759854	0.262492	0.0276672	0.000824263	0.000273674	0.000301133	0.000232907	0.015683	0.0366483	0.270636	0.000162814	0.000676199
37	0.109973	0.00276743	0.00216863	0.00111726	0.00468798	0.0265939	0.00281808	0.0109608	0.00124031	0.0189465	0.00629733	0.0180033	0.00168796	0.00283569	0.00200267	0.430659	0.333297	0.00949911	0.00106087	0.0133835
38	0.263409	0.00679905	0.0176656	0.00602241	0.0075932	0.571607	0.000632436	0.00702207	0.000685734	0.00524749	0.00760373	0.00331575	0.0072325	0.0010158	0.00228452	0.0673159	0.0139812	0.00908819	0.000515261	0.000963211
39	0.068819	0.0117219	0.000901645	0.00173557	0.027522	0.00701873	0.000917208	0.267406	0.00193515	0.0610757	0.0181986	0.00225166	0.0153075	0.00104109	0.000793964	0.0235951	0.0956359	0.390615	0.00105443	0.00245377
40	0.11867	0.0151455	0.000161017	0.000181281	0.0829292	0.0631585	0.000183896	0.19271	0.000183748	0.217827	0.017509	0.000333606	0.00146607	0.000327383	0.000144234	0.0430738	0.0501378	0.194095	0.00116189	0.000601694
41	0.0223195	0.00390282	0.00241006	0.00196232	0.0623151	0.00199149	0.000504596	0.1475	0.000802306	0.60464	0.0589248	0.000487632	0.00147596	0.000436301	0.000505501	0.00261602	0.0132842	0.0685933	0.00168402	0.00364373
42	0.0984507	0.00529379	0.00148903	0.00271117	0.00734392	0.0324052	0.00191132	0.012566	0.00181011	0.016199	0.00772514	0.00522972	0.623395	0.00354461	0.00195714	0.0707886	0.0881937	0.0141493	0.00179912	0.00303719
43	0.0928245	0.0108076	0.000190573	0.000221922	0.11959	0.0191737	0.000188819	0.229083	0.00046756	0.249085	0.0253545	0.000756496	0.000785639	0.00198399	0.000115901	0.0242268	0.0309098	0.181388	0.00567134	0.00717375
44	0.0482134	0.00738713	0.000814214	0.000980698	0.0926673	0.0114695	0.000626334	0.158549	0.000439285	0.5009	0.051547	0.000555409	0.00324557	0.000571965	0.000147803	0.00638025	0.0176083	0.0910017	0.00225497	0.00464037
45	0.401168	0.00813986	0.0067648	0.00815888	0.00492998	0.341289	0.000612841	0.00915652	0.000292015	0.00527211	0.00341531	0.00372058	0.0102137	0.00103989	0.000570423	0.12547	0.0462825	0.0225011	0.00029924	0.000703732
46	0.0076127	0.0110478	0.000413484	0.000491239	0.586352	0.00132321	0.000579434	0.0464631	0.000515105	0.132617	0.0364458	0.00246307	0.00515133	0.00064736	0.000402707	0.00289215	0.0035785	0.0654588	0.00105308	0.0944922
47	0.344928	0.00866528	0.00956279	0.0116452	0.00418289	0.411491	0.000589346	0.00986438	0.000301034	0.00447501	0.0022949	0.0048604	0.0102399	0.00113179	0.000530953	0.143355	0.0203213	0.0109208	0.000236144	0.000403568
48	0.0505809	0.00183103	0.000893376	0.0101291	0.0318877	0.013034	0.0185016	0.15185	0.0106643	0.302049	0.045852	0.00196948	0.0102468	0.00128647	0.0272828	0.00494276	0.170866	0.131414	0.000966866	0.0137519
49	0.101415	0.013408	0.000112471	0.000108487	0.105518	0.0352752	0.000116752	0.22579	0.000114227	0.243469	0.0214108	0.000215982	0.000588802	0.000300582	7.72006e-05	0.0323612	0.0377369	0.178075	0.00281192	0.00109533
50	0.007385	0.0113308	0.000393422	0.000464401	0.586761	0.00127011	0.000524477	0.0457843	0.000504648	0.133882	0.0361833	0.00252273	0.00486723	0.000645069	0.000344768	0.00268197	0.00337859	0.0641956	0.000926022	0.0959544
51	0.219473	0.0294447	0.00199151	0.00279956	0.010914	0.0809902	0.00269963	0.0633704	0.00278006	0.178976	0.0371203	0.0292786	0.11925	0.00275318	0.00201734	0.0899133	0.0803068	0.016111	0.025841	0.00396952
52	0.0731055	0.0189237	0.000396588	0.00125231	0.0457493	0.00818014	0.000555901	0.230381	0.0015297	0.0672145	0.011495	0.00122109	0.00519635	0.00156861	0.000458359	0.0373093	0.114279	0.377175	0.000468688	0.00354017
53	0.202934	0.0176653	0.000401271	0.000496909	0.0109459	0.00905166	0.000443388	0.26757	0.000509933	0.255157	0.0215569	0.000992864	0.000621353	0.000508491	0.000389514	0.0275097	0.0327165	0.148839	0.000376755	0.00131367
54	0.0568073	0.0153457	0.000134382	0.000326553	0.0198691	0.0095956	0.000215386	0.331023	0.000667646	0.191964	0.0292822	0.000698642	0.000780427	0.000244437	0.000154319	0.0188176	0.0396579	0.283155	0.000266051	0.000994417
55	0.0210931	0.0621631	0.0030096	0.00994189	0.126735	0.0066579	0.0639127	0.0226771	0.0058577	0.104234	0.0619878	0.0124194	0.00246833	0.0486007	0.00353026	0.0483546	0.0358033	0.0531251	0.00796639	0.299463
56	0.0243567	0.00197944	0.000915103	0.00191197	0.0537688	0.00187201	0.000354346	0.163592	0.000327015	0.589009	0.0550809	0.000271901	0.00068414	0.000184021	0.000227763	0.00235206	0.0142353	0.0845341	0.00119227	0.00315119
57	0.23353	0.0598311	0.00144752	0.00117023	0.0373862	0.0151262	0.00146609	0.0607608	0.00161217	0.0516972	0.00672998	0.01666	0.00137546	0.00297019	0.00110769	0.212779	0.194412	0.0969541	0.000786774	0.00219666
58	0.0231614	0.0272985	0.0016189	0.00183381	0.0137874	0.00635839	0.00192523	0.487416	0.00285666	0.193697	0.0691964	0.00604824	0.00257915	0.00264586	0.00200419	0.0298182	0.0476152	0.0754877	0.0015493	0.00310316
59	0.270858	0.0100374	0.00772848	0.00748451	0.00734446	0.496445	0.000763314	0.0106921	0.000503752	0.00726698	0.00430511	0.0044763	0.0071568	0.00211711	0.00087505	0.124511	0.0237914	0.0127338	0.000335152	0.000573285
60	0.0957188	0.00763068	0.00289733	0.00474539	0.0377196	0.0213155	0.00273626	0.216274	0.00435106	0.127505	0.074601	0.0129506	0.122096	0.00381763	0.00188544	0.052175	0.0711492	0.131536	0.00555146	0.00334434
61	0.117733	0.029958	0.000505127	0.000464463	0.192922	0.0584762	0.000540922	0.0730256	0.000661549	0.33329	0.0820164	0.000837428	0.00405707	0.000562757	0.000345013	0.0164491	0.0423371	0.0380224	0.00709438	0.000701627
62	0.00754364	0.0129022	0.00043076	0.000586662	0.581016	0.00141302	0.000978671	0.0457243	0.000551035	0.132789	0.0371688	0.00282312	0.00474636	0.000999573	0.000419889	0.00310459	0.00382664	0.0647103	0.00101747	0.0972474
63	0.394925	0.00791607	0.00817469	0.0095704	0.00439562	0.364292	0.000640799	0.00906328	0.000352103	0.0046707	0.00241111	0.00418192	0.0131951	0.00105748	0.000620976	0.12508	0.0285546	0.0197781	0.000372954	0.000746389
64	0.0905573	0.00154586	0.000865663	0.00105601	0.0140544	0.0268034	0.000863957	0.278572	0.0025593	0.135522	0.118423	0.0226628	0.00928485	0.00100789	0.000967678	0.0434784	0.122121	0.124839	0.00290306	0.00191227
65	0.0582265	0.00254622	0.00196741	0.00625539	0.00720251	0.0162051	0.00178634	0.0122971	0.00357171	0.0125242	0.00721631	0.00280542	0.750212	0.0103527	0.00675685	0.0302059	0.0539311	0.0118676	0.00128868	0.00278129
66	0.0610919	0.010346	0.00805929	0.0171071	0.0312645	0.0356694	0.015673	0.0504438	0.118126	0.0553334	0.0259465	0.0662753	0.0329805	0.0306775	0.225698	0.0720197	0.0571803	0.04655	0.0104862	0.0290718
67	0.246852	0.0496561	0.00173992	0.00136937	0.0180707	0.0232908	0.00215765	0.0424632	0.00219314	0.0453073	0.0104238	0.0433558	0.00150307	0.00465557	0.00215341	0.157092	0.248624	0.0962354	0.000752434	0.00210478
68	0.431435	0.0161441	0.00315218	0.00413493	0.00843278	0.210476	0.000554176	0.0211309	0.000323605	0.0166156	0.0059993	0.00231343	0.0052977	0.00065243	0.00035172	0.149188	0.0676145	0.0542877	0.000175518	0.00172084
69	0.227052	0.0095361	0.00515401	0.000909871	0.00517438	0.0268563	0.00584315	0.0263427	0.000743297	0.021096	0.011141	0.0566729	0.000674306	0.00856657	0.00566361	0.278547	0.272931	0.034552	0.000562092	0.00198132
70	0.0288386	0.00874851	0.00352418	0.00269364	0.00962836	0.00826034	0.00249832	0.0434183	0.00300881	0.0484693	0.0657688	0.00585101	0.00307593	0.00287374	0.00209946	0.0421428	0.330112	0.382841	0.00225945	0.003887
71	0.429211	0.013375	0.000345838	0.00199721	0.00139819	0.0627297	0.00257073	0.00251506	0.000381711	0.00606124	0.00482176	0.0008131	0.0157464	0.000778944	0.000322501	0.397122	0.045519	0.0109972	0.000286771	0.00300647
72	0.00489652	0.00227815	0.000732827	0.00084421	0.430881	0.00223644	0.00860381	0.00430782	0.000856407	0.0121764	0.0103964	0.00141079	0.00102925	0.00108187	0.000672136	0.0168287	0.0240987	0.00475468	0.00931913	0.462595
73	0.0826285	0.00127455	0.0513647	0.109355	0.00414173	0.0752915	0.0326634	0.0110155	0.0397753	0.00588529	0.00775036	0.0942767	0.000623044	0.109002	0.0126253	0.210714	0.131669	0.0155156	0.000277446	0.00415085
74	0.0228487	0.00207329	0.000432579	0.000563788	0.0511189	0.0100366	0.000493596	0.390556	0.00109558	0.107751	0.111231	0.0017525	0.00816608	0.000590796	0.000251438	0.00742216	0.0434783	0.238751	0.000435125	0.000951311
75	0.00490176	0.00233968	0.000742698	0.000858821	0.430774	0.00229404	0.00861745	0.00432626	0.000838259	0.0119514	0.0103545	0.00138755	0.00101036	0.00108282	0.00066843	0.016938	0.024329	0.00473739	0.00913377	0.462713
76	0.1112	0.00226038	0.00254829	0.000921881	0.00415558	0.0242085	0.00268558	0.0112229	0.00100931	0.0191929	0.00604848	0.021513	0.00130018	0.00304127	0.00244767	0.429809	0.335695	0.00920869	0.000856609	0.0106747
77	0.124819	0.00951576	0.00016804	0.000147309	0.107618	0.0254124	0.000147323	0.203957	0.00022288	0.238522	0.0248221	0.000815116	0.000667909	0.00196034	0.000145663	0.0263488	0.037112	0.192347	0.00269091	0.00256075
78	0.0797802	0.0191938	0.000137552	0.000312231	0.0220966	0.0201012	0.000199003	0.316675	0.000267029	0.22512	0.0133922	0.000361234	0.000289393	0.000257698	0.000200011	0.0162889	0.0242234	0.259897	0.000147656	0.00106035
79	0.00495788	0.00249069	0.000802226	0.000864356	0.433265	0.00232949	0.00860722	0.00466992	0.00084496	0.013271	0.010609	0.00141709	0.001053	0.00110811	0.000631762	0.0166361	0.0239266	0.00530055	0.00907327	0.458142
80	0.0179824	0.0466408	0.00224193	0.00367233	0.332065	0.00746892	0.0224982	0.0348427	0.00359772	0.104721	0.0549974	0.0238902	0.00387982	0.0153295	0.00402924	0.0222555	0.022271	0.0664981	0.0150477	0.196071
81	0.27821	0.0234963	0.0002347	0.000259462	0.0309381	0.226119	0.000304828	0.0815633	0.000280688	0.0819849	0.0322043	0.000484265	0.000299192	0.000344566	0.000201044	0.08321	0.0723944	0.086956	0.000174973	0.000339507
82	0.074888	0.0181288	0.000129924	0.000300655	0.0215051	0.0189361	0.000177177	0.319475	0.000269134	0.225042	0.0147631	0.000372586	0.000274701	0.000264246	0.000200261	0.0166546	0.024899	0.262497	0.000149952	0.00107285
83	0.246396	0.0438216	0.00514443	0.000692501	0.00378747	0.00388869	0.000922461	0.0379424	0.000782825	0.0101063	0.0380683	0.0109255	0.000941466	0.00112379	0.0011818	0.0935188	0.193719	0.305183	0.000514352	0.00133958
84	0.0372867	0.0165777	0.000481855	0.000603597	0.186668	0.0172116	0.0176146	0.0378117	0.00397962	0.206933	0.0166847	0.00491047	0.000779826	0.00135463	0.00747442	0.00675145	0.00877707	0.0482317	0.119711	0.260156
85	0.0495311	0.0145482	0.000622506	0.000666102	0.175267	0.0239842	0.00924856	0.0416206	0.00245229	0.221681	0.00996976	0.00294647	0.000849538	0.000781109	0.0037539	0.00446361	0.00721039	0.0612414	0.161578	0.207585
86	0.0428201	0.00606909	0.000744783	0.000783393	0.117162	0.00747997	0.00147268	0.170157	0.000502775	0.474671	0.0394726	0.000974763	0.00778301	0.000997053	0.000153669	0.00407591	0.0142392	0.0995648	0.0014627	0.00941341
87	0.476311	0.0182846	0.000237222	0.00150016	0.00110787	0.0559538	0.00147197	0.0038224	0.0002726	0.00739004	0.00545558	0.000571523	0.00638641	0.000438154	0.000211987	0.33045	0.0542765	0.0328733	0.000176165	0.00280813
88	0.0104782	0.00340369	0.00135315	0.00202414	0.076504	0.00436353	0.0028211	0.188767	0.019834	0.265632	0.0845005	0.0186206	0.00174574	0.0176713	0.0559885	0.0254362	0.0289356	0.067715	0.0332799	0.0909256
89	0.012237	0.00177932	0.00556406	0.0123461	0.0185038	0.0198849	0.0247341	0.00513157	0.328084	0.00594926	0.00690954	0.162989	0.000980326	0.0336905	0.189462	0.0910446	0.0467874	0.00870536	0.000622303	0.0245953
90	0.0671838	0.00676849	0.00480661	0.0969349	0.0126648	0.0136109	0.00425142	0.0182503	0.0401057	0.023099	0.0132586	0.00746226	0.326611	0.157892	0.099451	0.0535158	0.0255185	0.0210007	0.0022728	0.00534123
91	0.0831631	0.000662296	0.0457145	0.0845613	0.00428349	0.082781	0.0357446	0.0114118	0.0429303	0.00567824	0.00808547	0.0961999	0.000414275	0.106706	0.0138704	0.220191	0.137815	0.0151628	0.000276588	0.00434768
92	0.0162746	0.00119917	0.0104025	0.00934525	0.00797355	0.0335653	0.0134275	0.00354959	0.471709	0.00443114	0.00856807	0.0989865	0.000823734	0.0352043	0.156748	0.0714937	0.0368241	0.00956846	0.000509265	0.00939532
93	0.0194598	0.00136451	0.000756616	0.00184336	0.0311056	0.00177816	0.000356877	0.201073	0.000543692	0.526338	0.0762835	0.00054098	0.000430325	0.000307879	0.000465108	0.00459532	0.0150107	0.115261	0.000626497	0.00185935
94	0.050228	0.00408271	0.000582994	0.000732836	0.0106041	0.00665016	0.000802586	0.301017	0.00797792	0.133057	0.105881	0.00505555	0.0027241	0.000896548	0.000724006	0.0392509	0.0767095	0.250612	0.00103365	0.00137755
95	0.0671368	0.00325667	0.00138697	0.00144411	0.0201304	0.00467428	0.0305459	0.10847	0.0166632	0.0735666	0.00609807	0.107002	0.0017477	0.00203942	0.164441	0.108331	0.0805621	0.0707914	0.0467032	0.0850088
96	0.0187031	0.00261823	0.000269918	0.000262456	0.0433345	0.00821447	0.000315925	0.478236	0.000381372	0.110018	0.06781	0.000970535	0.00500507	0.000306604	0.000280976	0.0037573	0.0234242	0.235461	0.000200203	0.000430731
97	0.17943	0.0078637	0.0118068	0.00333581	0.00966597	0.672655	0.000730562	0.00730223	0.000576811	0.00644057	0.00601475	0.00300494	0.00514165	0.00183649	0.00258353	0.0581178	0.0139973	0.00802248	0.000592484	0.000881405
98	0.0162746	0.00119917	0.0104025	0.00934525	0.00797355	0.0335653	0.0134275	0.00354959	0.471709	0.00443114	0.00856807	0.0989865	0.000823734	0.0352043	0.156748	0.0714937	0.0368241	0.00956846	0.000509265	0.00939532
99	0.0156984	0.00125316	0.000549328	0.000641154	0.171701	0.00182759	0.000734616	0.270994	0.0116446	0.133616	0.00846701	0.00728122	0.000758092	0.000933309	0.000966965	0.00324044	0.00400957	0.203505	0.0444236	0.117755
100	0.0243787	0.0053811	0.00251206	0.00322442	0.0324939	0.00709908	0.00333639	0.16065	0.00714923	0.384488	0.163852	0.00765741	0.00319529	0.00497233	0.0285871	0.0377653	0.0563126	0.0466668	0.00587814	0.0144
101	0.0970216	0.0392004	0.00254692	0.00302031	0.0139261	0.0413258	0.00324857	0.0244895	0.00757273	0.0212871	0.011203	0.0793093	0.00291509	0.00471629	0.00239125	0.0474447	0.565878	0.0263506	0.00192993	0.00422278
102	0.0580486	0.00271628	0.00143709	0.00580242	0.00702386	0.0158912	0.00168545	0.0146064	0.00331896	0.0137039	0.00710234	0.00258331	0.749115	0.0099123	0.00693224	0.0301708	0.05402	0.0118293	0.00141362	0.00268738
103	0.203771	0.0171356	0.000439535	0.000504097	0.0111676	0.00882387	0.000479733	0.269007	0.000492242	0.2548	0.0203632	0.000923997	0.000634947	0.000506795	0.000385619	0.0266322	0.0329394	0.149351	0.000379079	0.00126358
104	0.0260667	0.0053858	0.00191652	0.00259084	0.122773	0.00804162	0.00203925	0.143569	0.0180877	0.397762	0.126383	0.00531685	0.00452979	0.00502407	0.00882473	0.0127067	0.0245039	0.0598063	0.00685133	0.017822
105	0.0296266	0.00295728	0.000894029	0.00163189	0.0635631	0.00327192	0.000427168	0.164755	0.000294906	0.569818	0.051408	0.000301938	0.00113606	0.000300828	0.000171103	0.00331625	0.0141323	0.0869602	0.00142019	0.00361375
106	0.109548	0.0175577	0.000113529	0.000158334	0.0528256	0.0401811	0.000148631	0.255451	0.000180528	0.215399	0.0138173	0.000261874	0.000785615	0.000263617	0.000117573	0.0294387	0.0366442	0.22565	0.000519604	0.000938888
107	0.106025	0.0241381	0.000406044	0.000368759	0.152573	0.0505672	0.000442095	0.101406	0.00062724	0.346538	0.0815256	0.000719208	0.00362038	0.0005099	0.000313141	0.0169038	0.0429329	0.0625139	0.00678726	0.00108198
108	0.0203792	0.00151863	0.000955472	0.00214872	0.0468906	0.00112012	0.000333228	0.168415	0.000352289	0.592823	0.0608737	0.000279304	0.000519976	0.00017957	0.000272219	0.00197033	0.0134938	0.0837023	0.000976853	0.00279531
109	0.125027	0.0151382	0.000152081	0.000187697	0.0823778	0.0709214	0.000182148	0.179976	0.00020313	0.209417	0.0171223	0.000414674	0.00160945	0.000364033	0.000145848	0.0461214	0.0539944	0.195314	0.000808354	0.00052303
110	0.094814	0.0168243	9.34336e-05	0.000126775	0.0716763	0.0239844	0.000109118	0.271725	0.000136047	0.241829	0.0190253	0.000234782	0.000314168	0.000161893	8.93717e-05	0.0235626	0.0260008	0.205982	0.00193132	0.00137937
111	0.0189636	0.00130529	0.000748037	0.00187147	0.0310717	0.00183955	0.000370024	0.199529	0.000540492	0.528094	0.0767648	0.00052021	0.000383659	0.000305695	0.000456624	0.00454106	0.0150095	0.115223	0.000624782	0.00183811
112	0.081297	0.0141354	0.000392509	0.000730178	0.0743828	0.00984999	0.000425176	0.264339	0.000945643	0.112481	0.0305394	0.00173139	0.00156016	0.0064185	0.000251757	0.0369501	0.0633205	0.28906	0.00105987	0.010129
113	0.0831631	0.000662296	0.0457145	0.0845613	0.00428349	0.082781	0.0357446	0.0114118	0.0429303	0.00567824	0.00808547	0.0961999	0.000414275	0.106706	0.0138704	0.220191	0.137815	0.0151628	0.000276588	0.00434768
114	0.315601	0.0101272	0.00701968	0.00820687	0.00528472	0.419679	0.000780253	0.00978357	0.000262678	0.00587972	0.00314509	0.00448928	0.00818242	0.00153325	0.000564879	0.162286	0.0246271	0.0117622	0.000206186	0.000578474
115	0.0701386	0.0102899	0.000297808	0.000307073	0.161535	0.0173784	0.0003856	0.222572	0.000751219	0.272381	0.0331198	0.000586684	0.00173668	0.000619533	0.000215541	0.023181	0.0257987	0.151847	0.00339765	0.00346051
116	0.0093948	0.00245592	0.0012507	0.00157757	0.0443785	0.00412974	0.00151517	0.284321	0.0369498	0.322798	0.0224802	0.0187172	0.00150585	0.0296169	0.00338108	0.0197272	0.0722441	0.11637	0.00210504	0.00508097
117	0.0685212	0.0169529	0.18594	0.396017	0.00496111	0.00423047	0.00196022	0.00915647	0.00200721	0.0100497	0.00579894	0.0471614	0.00196859	0.165172	0.00142644	0.0263922	0.0396765	0.00951171	0.000994601	0.00210179
118	0.162867	0.00868316	0.0113416	0.00320027	0.0118732	0.675637	0.00137568	0.00932194	0.00105014	0.00991066	0.00702306	0.00351308	0.0050522	0.00188853	0.00285145	0.0565644	0.0139225	0.00975982	0.00142726	0.00273722
119	0.0064396	0.00449173	0.00078498	0.00106666	0.423436	0.00261163	0.00915397	0.00881446	0.00108802	0.0268532	0.01297	0.00194614	0.0013977	0.00210171	0.00099687	0.0161824	0.0225095	0.0116589	0.0116938	0.433803
120	0.0221526	0.00784257	0.0298982	0.0104541	0.081851	0.0530602	0.0269992	0.0173189	0.0286441	0.0826411	0.119498	0.234327	0.0034116	0.190255	0.0019838	0.0432582	0.0224704	0.0171378	0.00206653	0.00472917
121	0.0888925	0.0247498	0.00648423	0.00715432	0.0194805	0.0318165	0.00686299	0.044212	0.0120086	0.0411461	0.0237533	0.035007	0.0049748	0.00989818	0.00609181	0.0783761	0.490175	0.0572717	0.00267604	0.00896886
122	0.0196463	0.00164321	0.000791445	0.00206461	0.0703297	0.00183897	0.000564714	0.083776	0.00141962	0.43448	0.302534	0.00115556	0.000674362	0.000667379	0.000855942	0.00453754	0.0212153	0.0492245	0.001039	0.00154124
123	0.0609754	0.0101472	0.250882	0.101557	0.0175186	0.0311905	0.0157849	0.0293652	0.0210454	0.0354643	0.0200583	0.111636	0.0134523	0.0450702	0.00489821	0.0953869	0.0836248	0.0371004	0.00441861	0.0104243
124	0.492064	0.018154	0.000421376	0.000349877	0.00764941	0.084887	0.000409961	0.025421	0.000578188	0.029883	0.00728059	0.00147964	0.00270147	0.000698244	0.000315562	0.123069	0.105211	0.0965024	0.000268184	0.00265618
125	0.0208186	0.00159653	0.00101756	0.00217548	0.0493402	0.000913493	0.000332637	0.158384	0.000363183	0.610477	0.0577378	0.000242897	0.000465705	0.000173137	0.000236917	0.00160315	0.0133171	0.0768443	0.00104965	0.00291068
126	0.355267	0.0082024	0.00845772	0.010114	0.00439803	0.407724	0.00060701	0.00915795	0.000316096	0.00430838	0.00235383	0.00445627	0.0101694	0.00116865	0.000617906	0.134479	0.0241517	0.0134035	0.000232354	0.000414999
127	0.45959	0.0151504	0.000254283	0.00174037	0.000988639	0.0644563	0.0021049	0.00197949	0.000257426	0.00642612	0.00539862	0.00052122	0.00798626	0.000494528	0.00024669	0.373524	0.0410465	0.0147464	0.000198467	0.00288935
128	0.0353552	0.00493255	0.00051192	0.000466845	0.112341	0.0151221	0.00117362	0.269607	0.0005747	0.271764	0.0612869	0.00156474	0.0146638	0.00169054	0.000229001	0.00334405	0.0217952	0.175416	0.000991441	0.00716816
129	0.207041	0.00400343	0.00165828	0.00181921	0.0432498	0.0681761	0.00206671	0.148203	0.00171646	0.11156	0.0955732	0.0279458	0.00422831	0.00560169	0.00157972	0.0161202	0.0487867	0.186202	0.00238067	0.0220885
130	0.007385	0.0113308	0.000393422	0.000464401	0.586761	0.00127011	0.000524477	0.0457843	0.000504648	0.133882	0.0361833	0.00252273	0.00486723	0.000645069	0.000344768	0.00268197	0.00337859	0.0641956	0.000926022	0.0959544
131	0.288668	0.0112457	0.0072661	0.00823702	0.00651435	0.484196	0.000708295	0.00886016	0.000340063	0.00429923	0.00216379	0.00532402	0.00818709	0.00175278	0.000760526	0.132394	0.0191604	0.00916197	0.000282016	0.000479157
132	0.0752372	0.00144739	0.000732136	0.000843599	0.0195392	0.0508833	0.000824438	0.315028	0.00141542	0.115095	0.0787729	0.0390156	0.0137319	0.00098776	0.000686907	0.0326334	0.102797	0.138863	0.00952368	0.00194302
133	0.0501822	0.0108611	0.000150175	0.000631337	0.0184859	0.00487434	0.00020973	0.341159	0.00122027	0.143329	0.0318671	0.000846135	0.000615784	0.000243566	0.000177846	0.020502	0.0506177	0.322656	0.00015119	0.00121877
134	0.0251246	0.0047456	0.000288721	0.000418104	0.0225816	0.0040455	0.000310463	0.506	0.000498064	0.0943913	0.0544114	0.00146946	0.00231347	0.000365582	0.000323426	0.00731077	0.0263339	0.248135	0.000259182	0.00067392
135	0.0595418	0.0118502	0.000163387	0.000626753	0.0219049	0.00457963	0.000213858	0.333024	0.00114882	0.125257	0.0314874	0.000877978	0.00119459	0.000368597	0.00023651	0.0221699	0.0558961	0.327844	0.000143424	0.00147004
136	0.525736	0.0171918	0.000269522	0.000398959	0.00236072	0.0465432	0.000326102	0.0121054	0.000372756	0.0103656	0.00233087	0.000819987	0.00247724	0.000526925	0.000295248	0.182663	0.105857	0.0861975	0.000219449	0.00294317
137	0.301528	0.00937102	0.00690568	0.00856841	0.00542808	0.467704	0.000569619	0.00929078	0.000297502	0.00408372	0.00192711	0.00445898	0.0081824	0.00174193	0.000550106	0.13671	0.0217228	0.0103479	0.000210544	0.000401053
138	0.0916681	0.0127482	9.41494e-05	0.000107608	0.120855	0.0225212	6.75291e-05	0.230272	9.86771e-05	0.273497	0.0272306	0.000159734	0.000396015	0.000197391	6.35346e-05	0.0237888	0.0290004	0.161639	0.00432705	0.00126713
139	0.0185205	0.00113954	0.000307172	0.000334632	0.0665717	0.0159845	0.000353985	0.431101	0.000585058	0.112078	0.0812776	0.00117065	0.00934295	0.000464702	0.000268024	0.00205088	0.0233743	0.234205	0.000309885	0.000559363
140	0.538984	0.0169691	0.000265045	0.000404671	0.00225649	0.0501586	0.000357266	0.0114696	0.000375108	0.0106049	0.00218324	0.000803264	0.0029253	0.000485032	0.000282758	0.17201	0.103809	0.0819828	0.000187841	0.00348619
141	0.277769	0.0241977	0.000217933	0.000260969	0.0314597	0.226094	0.000295504	0.0809503	0.000254408	0.0811576	0.033304	0.000483411	0.000258771	0.00030122	0.000185675	0.0832381	0.0719962	0.0870996	0.000149718	0.000325638
142	0.120066	0.0145089	0.000175268	0.000233223	0.0737744	0.0803144	0.000249661	0.178798	0.000243596	0.198201	0.0155195	0.000529797	0.00163307	0.000482202	0.000173244	0.0546905	0.0593403	0.200414	0.000250798	0.000402732
143	0.115857	0.0286772	0.000488985	0.000573818	0.159229	0.0629429	0.000588892	0.0754553	0.000714621	0.350521	0.0870904	0.000852113	0.00503942	0.000575805	0.000398501	0.0177413	0.0431894	0.0412963	0.00803766	0.000730425
144	0.0188968	0.00161756	0.00111224	0.00495636	0.0498805	0.00112025	0.000361	0.145515	0.000642391	0.572421	0.110763	0.000459742	0.000455596	0.000369684	0.000579877	0.00281561	0.0139065	0.0709673	0.000943357	0.00221688
145	0.278657	0.0242285	0.000225254	0.000257477	0.0312757	0.226736	0.000296263	0.0804116	0.000254667	0.0808057	0.0332787	0.000480972	0.000256396	0.000300687	0.000184149	0.0832741	0.0719857	0.0866127	0.000151021	0.000327396
146	0.091977	0.01275	9.39591e-05	0.000107369	0.120671	0.0226643	6.80969e-05	0.230109	9.88752e-05	0.273039	0.0271672	0.000161113	0.000407679	0.000196969	6.32358e-05	0.0238504	0.0291067	0.161915	0.00429457	0.00125884
147	0.0430801	0.0130816	0.000200254	0.000398411	0.0266294	0.0042924	0.000252405	0.366977	0.000736684	0.111084	0.0366403	0.000832048	0.00205799	0.000315936	0.000230814	0.0160821	0.0482988	0.327497	0.000238153	0.00107449
148	0.0159293	0.013665	0.00146175	0.00318723	0.29672	0.00648941	0.0181997	0.021099	0.00280504	0.0559259	0.0216854	0.00578513	0.00306905	0.00968979	0.00629339	0.0223386	0.0244685	0.0245677	0.0212544	0.425366
149	0.120379	0.0145551	0.000175248	0.000233023	0.0734888	0.0805288	0.000254346	0.178434	0.000243627	0.197945	0.0155206	0.000540016	0.00164331	0.000482717	0.00017823	0.0547296	0.0594214	0.200605	0.000239574	0.000403204
150	0.278657	0.0242285	0.000225254	0.000257477	0.0312757	0.226736	0.000296263	0.0804116	0.000254667	0.0808057	0.0332787	0.000480972	0.000256396	0.000300687	0.000184149	0.0832741	0.0719857	0.0866127	0.000151021	0.000327396
151	0.0209823	0.00168515	0.0010431	0.00208889	0.0504344	0.00105075	0.00035126	0.160555	0.000946543	0.605595	0.0560127	0.000503698	0.000508592	0.000381406	0.000243916	0.00180817	0.0147207	0.0770173	0.00109686	0.00297434
152	0.289096	0.0256317	0.000526629	0.000749586	0.0290666	0.234183	0.00036516	0.075647	0.000329384	0.0723072	0.0298418	0.00076307	0.000922802	0.000384922	0.000219151	0.0879859	0.0696498	0.0817837	0.000167452	0.000379591
153	0.0270022	0.01294	0.000608223	0.000686258	0.183051	0.011013	0.0263087	0.0377268	0.00670256	0.173296	0.0223155	0.00798445	0.000858845	0.00224863	0.0144787	0.0111845	0.00798745	0.0447696	0.0946315	0.314206
154	0.0241671	0.00228114	0.000383715	0.000998102	0.0199468	0.00476121	0.000407016	0.247275	0.00086922	0.411407	0.0653587	0.000728857	0.000548526	0.000390377	0.000464247	0.0105539	0.0234007	0.184328	0.000340383	0.00138961
155	0.177693	0.0199209	0.0091813	0.00386516	0.0148359	0.591186	0.00134272	0.01721	0.00139562	0.0202419	0.00901141	0.00451596	0.00615743	0.00261662	0.00303331	0.0742133	0.0230246	0.0181656	0.00065633	0.00173298
156	0.386098	0.00408375	0.00195832	0.00162809	0.00591653	0.0212058	0.0164114	0.0249425	0.00232136	0.0266935	0.0352553	0.0414026	0.00162569	0.0312555	0.0435343	0.102378	0.111766	0.123973	0.00119389	0.0163566
157	0.0381419	0.0236636	0.0160307	0.00148229	0.00542126	0.00430136	0.0604498	0.0750813	0.0788303	0.093669	0.03652	0.0397972	0.00193459	0.0301971	0.0315009	0.207672	0.226429	0.0255001	0.00129111	0.00208598
158	0.0432234	0.00140293	0.243101	0.110151	0.00268568	0.0023311	0.0189866	0.0122115	0.0286111	0.0162889	0.00919458	0.201103	0.014865	0.0315629	0.000673371	0.125711	0.104935	0.0238012	0.000549709	0.00861239
159	0.109866	0.00998861	0.00980433	0.0113245	0.0180689	0.461262	0.00442006	0.0271816	0.00698759	0.0295271	0.0180542	0.00860583	0.0826762	0.0160139	0.0733529	0.0448333	0.030124	0.0271439	0.00387333	0.0068916
160	0.532827	0.0134863	0.000650121	0.00111835	0.00331914	0.0749574	0.000398656	0.0110252	0.000399461	0.0114622	0.00392111	0.00129665	0.00607317	0.000706476	0.00033909	0.137639	0.117293	0.0801271	0.000285233	0.00267614
161	0.131701	0.00269805	0.0755639	0.154477	0.0301958	0.0161649	0.0262966	0.0467198	0.062659	0.0340047	0.00547078	0.0152346	0.0148851	0.105811	0.00140942	0.0306562	0.113987	0.112483	0.000933598	0.018647
162	0.0447486	0.00911095	0.000167	0.0010199	0.0158729	0.0129207	0.000351027	0.304141	0.00134586	0.2496	0.0200964	0.000821003	0.000374882	0.000372397	0.000314413	0.0144257	0.0392337	0.283657	0.000188475	0.00123746
163	0.0225018	0.00216311	0.00117292	0.00193307	0.0571508	0.00153679	0.000432619	0.158353	0.000512193	0.602873	0.0539598	0.000372268	0.000981966	0.000248341	0.000296669	0.00195255	0.0139223	0.0748823	0.00124947	0.00350504
164	0.219535	0.00756054	0.00617119	0.000825311	0.004314	0.0275472	0.00698816	0.0256065	0.000649501	0.0197308	0.0119168	0.0528115	0.000635966	0.00950461	0.00692114	0.29501	0.269363	0.0318861	0.000510873	0.00251293
165	0.0729807	0.0108054	0.000230959	0.000204012	0.125156	0.0172833	0.00077154	0.213536	0.000184211	0.32407	0.0321527	0.000691298	0.00441017	0.000762374	0.000106609	0.0161038	0.0214721	0.150638	0.00306237	0.00537885
166	0.0250133	0.00236524	0.00100004	0.00189568	0.0601614	0.00204623	0.000453878	0.158007	0.00036506	0.589977	0.0560434	0.000323827	0.00120805	0.000305993	0.000223936	0.00213255	0.013935	0.0795307	0.00128809	0.00372372
167	0.341155	0.00851989	0.00941466	0.0112379	0.00429489	0.41822	0.000579542	0.00980362	0.000289065	0.00453781	0.00231107	0.0047938	0.00986623	0.00116306	0.000539323	0.142155	0.0198955	0.0105838	0.000235845	0.000404225
168	0.14341	0.0112951	0.000181594	0.000236499	0.0675698	0.0404909	0.000202128	0.204038	0.000236943	0.205109	0.0195488	0.000903798	0.00100359	0.00174237	0.000187429	0.0333207	0.0458433	0.222002	0.000571025	0.00210738
169	0.042917	0.00377364	0.000322581	0.00048029	0.0139995	0.00597691	0.000438017	0.408386	0.00310968	0.120906	0.0924369	0.00489328	0.0029127	0.000619366	0.000487367	0.0252224	0.0634757	0.208177	0.000680049	0.000785868
170	0.0282158	0.00329166	0.000258667	0.000406684	0.058606	0.0127345	0.000353327	0.388934	0.000609566	0.101321	0.0734831	0.00121353	0.00813166	0.000698818	0.000233143	0.00616111	0.037119	0.276834	0.00040936	0.000984284
171	0.0896303	0.0130163	0.000205891	0.000201307	0.123632	0.03124	0.000143433	0.222869	0.000188818	0.248225	0.0283645	0.00035107	0.000523378	0.000923791	0.000115929	0.0321674	0.0388713	0.16404	0.00344002	0.00185033
172	0.0239838	0.00194483	0.000912347	0.00185059	0.0560389	0.00162676	0.000418781	0.160259	0.000322269	0.594253	0.054692	0.000298113	0.000951605	0.000267181	0.000197872	0.0018347	0.0135507	0.0818876	0.00117767	0.00353293
173	0.52895	0.014301	0.000573853	0.00101114	0.00356276	0.0636637	0.000690222	0.0118392	0.000394649	0.0114812	0.00397166	0.00205696	0.00459341	0.000858872	0.000419199	0.163624	0.11244	0.0724304	0.000262944	0.00287422
174	0.112282	0.125307	0.00603321	0.00423306	0.0395689	0.0276328	0.00474312	0.0816206	0.00554968	0.0669115	0.0317675	0.0168773	0.0072077	0.00750163	0.00300703	0.109237	0.100771	0.238351	0.00399245	0.00740533
175	0.0359664	0.0116563	0.00130922	0.00148325	0.272601	0.0151732	0.00138574	0.0755118	0.00211028	0.384507	0.0749287	0.00232416	0.00270543	0.00135556	0.00104946	0.0134353	0.0235375	0.0452443	0.0136444	0.0200702
176	0.0475452	0.043106	0.0103947	0.00494046	0.0157364	0.0135519	0.0296352	0.0707381	0.0602799	0.0584976	0.0254398	0.0708584	0.00396952	0.0187697	0.0169433	0.136021	0.339104	0.0288178	0.00196665	0.00368377
177	0.0755499	0.0174445	0.00389965	0.00381141	0.0203176	0.0149525	0.00274771	0.0992315	0.0044669	0.0671882	0.0417531	0.00907487	0.00783651	0.00434397	0.00264566	0.0480216	0.267115	0.302963	0.00245752	0.00417912
178	0.529052	0.0170165	0.000262695	0.00038717	0.00242239	0.0472311	0.000367376	0.0118921	0.000377315	0.0108131	0.00223999	0.00105988	0.00259761	0.000484472	0.000302017	0.178168	0.108579	0.0835194	0.000195763	0.00303255
179	0.0528	0.0140008	0.000202449	0.000558319	0.0222884	0.00297071	0.000240006	0.339335	0.00108968	0.0961106	0.0320926	0.000896103	0.00191732	0.00032734	0.000222667	0.0223098	0.0605839	0.350379	0.000213767	0.00146164
180	0.182982	0.0085367	0.0109499	0.00348001	0.00942912	0.658584	0.000706584	0.00804165	0.000524298	0.00663512	0.00554156	0.00350482	0.00543563	0.00200873	0.00278229	0.0670987	0.0140474	0.00854482	0.000404481	0.000762812
181	0.0412253	0.00751586	0.000339441	0.000968897	0.0334694	0.00855491	0.000409872	0.287709	0.000775541	0.302009	0.037582	0.000784533	0.00206243	0.000267189	0.000232625	0.0116342	0.0303826	0.231592	0.000696536	0.00178818
182	0.0644608	0.00343707	0.000426574	0.000641002	0.0173593	0.0157832	0.000392005	0.323241	0.00193732	0.135574	0.0670322	0.0189727	0.00628773	0.000583164	0.000450816	0.0339831	0.112805	0.193442	0.0021448	0.0010457
183	0.22248	0.024492	0.00190613	0.00236443	0.0125492	0.0733675	0.00174026	0.0254386	0.000688187	0.0178527	0.0195854	0.0345159	0.000906133	0.0113975	0.00176401	0.236237	0.246515	0.0648042	0.000523637	0.000871892
184	0.449859	0.0156571	0.0002449	0.00189413	0.000973615	0.0641108	0.00217366	0.00193234	0.000265956	0.00592968	0.0051453	0.000525967	0.00846124	0.000551332	0.000235233	0.383974	0.0412992	0.0136375	0.000217173	0.0029119
185	0.0809316	0.0848731	0.00186614	0.00291223	0.153068	0.0515222	0.00265409	0.0637105	0.00299205	0.0422981	0.0106876	0.0538284	0.00300743	0.00458016	0.00206027	0.147539	0.154223	0.132119	0.0016963	0.0034317
186	0.0916647	0.0127496	9.41571e-05	0.000107704	0.120763	0.0225267	6.77512e-05	0.230357	9.67179e-05	0.273425	0.0272184	0.000160162	0.000395902	0.0001962	6.35354e-05	0.0237778	0.0289855	0.161762	0.00432343	0.0012657
187	0.403628	0.0169761	0.0028669	0.00738077	0.00219924	0.140919	0.0019965	0.00409304	0.000356504	0.00546884	0.0047036	0.00181623	0.0122173	0.00106513	0.000312864	0.332455	0.0439318	0.0150243	0.000264921	0.00232361
