406	20
1	0.0689393	0.00609901	0.0299383	0.0880943	0.00293093	0.0491053	0.0192006	0.0168037	0.122016	0.061556	0.0290979	0.0644984	0.00599496	0.056753	0.163894	0.0462468	0.109995	0.052302	0.00532728	0.00120719
2	0.0321118	0.00456346	0.015766	0.0145987	0.00620081	0.296099	0.0036874	0.0069789	0.00398764	0.0195914	0.00505452	0.0286586	0.00419608	0.0486877	0.0731618	0.360478	0.0614463	0.00904677	0.00195571	0.00372914
3	0.0229258	0.0125073	0.0112611	0.0149446	0.00468054	0.033792	0.0150364	0.0122954	0.24596	0.0255982	0.0132869	0.0316162	0.00825802	0.0423414	0.42381	0.0300819	0.026316	0.0163654	0.00585407	0.00306926
4	0.0445748	0.0243559	0.00160955	0.0020268	0.10289	0.00759852	0.00657059	0.153255	0.00706462	0.230863	0.0828741	0.00694792	0.00530557	0.00946401	0.00956477	0.0206692	0.0247543	0.160771	0.0598616	0.0389798
5	0.0891153	0.0253245	0.00520773	0.0019287	0.166987	0.0114107	0.00928503	0.0467523	0.00256401	0.188435	0.0507852	0.00483257	0.0273487	0.00471511	0.00461204	0.0731991	0.0645248	0.120593	0.0107442	0.0916351
6	0.181745	0.0113611	0.00420279	0.0107502	0.0157371	0.00970836	0.0235532	0.0579917	0.00435979	0.0210123	0.0934484	0.00966292	0.00566371	0.00498843	0.0232079	0.100134	0.239465	0.155788	0.00468001	0.0225399
7	0.0736234	0.013425	0.000508153	0.0039991	0.127956	0.00821935	0.00617525	0.128651	0.001485	0.317212	0.084983	0.00312685	0.00244446	0.00504964	0.00122967	0.0146857	0.0209259	0.173024	0.00536039	0.00791628
8	0.0894523	0.0649058	0.0199014	0.00348644	0.160567	0.0174715	0.0323386	0.0108489	0.00207022	0.0929069	0.0129947	0.00467154	0.0533902	0.00692957	0.00710777	0.0383557	0.0505509	0.104164	0.00464861	0.223238
9	0.323716	0.0325657	0.00213294	0.00108185	0.0173121	0.17183	0.00220919	0.0361505	0.00256922	0.0438247	0.0188629	0.0106885	0.00373132	0.00346141	0.00134415	0.17302	0.0594886	0.0900658	0.00240626	0.00353887
10	0.234219	0.0393636	0.00197932	0.00237721	0.00451162	0.137458	0.00690868	0.00950372	0.00330125	0.0141445	0.0078525	0.027804	0.0160101	0.00445722	0.00149733	0.35776	0.106725	0.0165701	0.00533083	0.00222733
11	0.0240446	0.0130416	0.000432024	0.00081237	0.200892	0.00719601	0.00182415	0.126343	0.000683923	0.339247	0.116323	0.00841285	0.00108069	0.00377317	0.00454751	0.0178093	0.0201951	0.0700626	0.00581165	0.0374679
12	0.0393593	0.0151361	0.00073136	0.00114641	0.12043	0.00491636	0.00559067	0.12229	0.00503771	0.254471	0.106187	0.00602337	0.00632169	0.0099378	0.0111833	0.0221208	0.0217554	0.136351	0.0636779	0.047332
13	0.0529234	0.00387412	0.000782173	0.000264874	0.0174373	0.00599437	0.000521156	0.333836	0.00331718	0.133974	0.0503495	0.00103887	0.00139904	0.000887953	0.000601009	0.0139339	0.0364677	0.337611	0.00278583	0.00200015
14	0.0373896	0.00295696	0.00133693	0.0248497	0.0431305	0.00688699	0.0180085	0.0360126	0.00138008	0.440765	0.235848	0.00220906	0.00409215	0.0486629	0.00158045	0.0413749	0.0185972	0.0282565	0.00156614	0.0050959
15	0.336787	0.0444875	0.000679675	0.00138989	0.0357431	0.0155274	0.00116224	0.0427788	0.000728926	0.0158293	0.0342721	0.00214358	0.0056656	0.00111941	0.00158302	0.158709	0.18716	0.109807	0.00191532	0.00251071
16	0.319235	0.0476608	0.000640158	0.00131558	0.0422321	0.0220509	0.0013434	0.04354	0.000716386	0.0163863	0.037997	0.00173744	0.00358444	0.00108338	0.00188232	0.15305	0.181404	0.119149	0.00212034	0.00287118
17	0.252695	0.0334745	0.00466673	0.00514127	0.00324869	0.0718607	0.00343442	0.00813502	0.00215474	0.0079464	0.00572082	0.0248093	0.0295216	0.0020116	0.001267	0.465026	0.0661647	0.00813016	0.00289998	0.00169138
18	0.158905	0.00837878	0.000806539	0.00121477	0.00186798	0.665058	0.00109522	0.00403076	0.00129807	0.00682723	0.00233492	0.00374806	0.00200769	0.00259335	0.00286533	0.115455	0.0115016	0.00790246	0.00112032	0.000988507
19	0.259114	0.023351	0.00154058	0.0016964	0.00558533	0.204099	0.00632594	0.00973466	0.0031935	0.0154544	0.00729633	0.0209083	0.0152727	0.00774103	0.00206671	0.288071	0.0887524	0.0302277	0.00496433	0.00460392
20	0.199143	0.0555727	0.00797319	0.00196076	0.00605763	0.0370091	0.00232331	0.0426761	0.00514759	0.0178384	0.0165806	0.0258918	0.0313464	0.00615556	0.00270482	0.219054	0.272267	0.0459849	0.00116145	0.00315171
21	0.0244912	0.0131487	0.00646905	0.00298726	0.307644	0.00695054	0.0586503	0.0134684	0.00573218	0.0834687	0.00875652	0.0195854	0.00620374	0.025249	0.0111093	0.0212666	0.00566372	0.0209202	0.00477868	0.353456
22	0.186341	0.0196814	0.0015895	0.000616249	0.0527569	0.0407285	0.00102167	0.175235	0.000808241	0.143588	0.0381879	0.00543156	0.00341208	0.00103281	0.000918861	0.0477008	0.0602787	0.214019	0.00197831	0.00467345
23	0.0277775	0.0167823	0.0047494	0.000896615	0.350649	0.00431723	0.0355486	0.016491	0.00141561	0.0897126	0.00996442	0.0126998	0.00235663	0.0225785	0.00202488	0.020837	0.00522366	0.0224055	0.00128111	0.352289
24	0.135647	0.00595534	0.000720296	0.00115634	0.0013571	0.730184	0.000774642	0.0029911	0.00101573	0.00450405	0.00124754	0.00106831	0.000883712	0.00204906	0.00298164	0.0970739	0.00439816	0.00459898	0.000559592	0.000832965
25	0.0376585	0.00312259	0.000353276	0.000202809	0.0153634	0.00194032	0.000468188	0.35923	0.00374904	0.135476	0.0509571	0.000917611	0.000867379	0.000970849	0.000590074	0.0130121	0.0373898	0.333927	0.00216676	0.00163707
26	0.0253744	0.0151093	0.00827234	0.00501154	0.288247	0.0070763	0.047115	0.0166344	0.00334512	0.104908	0.0140568	0.0151136	0.00438434	0.0332819	0.00953675	0.0192796	0.00700489	0.0264523	0.00374442	0.346052
27	0.173117	0.0221112	0.00820638	0.00643481	0.00786712	0.225716	0.00547873	0.0100381	0.00860668	0.0178605	0.00723738	0.028368	0.013957	0.0181757	0.0203442	0.319786	0.0790476	0.0199423	0.00456793	0.00313803
28	0.0734911	0.00241365	0.0503676	0.048834	0.0113836	0.0553878	0.0287314	0.0148927	0.0878148	0.00935409	0.00176051	0.0653859	0.0619914	0.0826763	0.0381391	0.228201	0.126633	0.0082322	0.000492103	0.00381696
29	0.206649	0.00346867	0.0462861	0.215852	0.00721939	0.0062619	0.0312068	0.0294024	0.0263657	0.0127674	0.0268657	0.0160151	0.0191413	0.0631922	0.0232852	0.0601497	0.120703	0.0776402	0.00296299	0.0045654
30	0.00622656	0.00890016	0.00032204	0.00291464	0.0448997	0.00105752	0.00112499	0.255415	0.00129714	0.413418	0.0428049	0.00155952	0.00400164	0.00218845	0.00121471	0.00779306	0.0156405	0.185565	0.000799281	0.00285714
31	0.025931	0.00974655	0.0116073	0.0165838	0.00494929	0.0170222	0.0172626	0.0145738	0.254377	0.0285459	0.015786	0.0266434	0.00524387	0.0481488	0.423514	0.0295367	0.0225027	0.0179885	0.00670548	0.00333116
32	0.196586	0.00180134	0.0378349	0.0464185	0.0175663	0.00720185	0.0288714	0.0373448	0.0676775	0.0231528	0.0150854	0.0198813	0.00491002	0.0182035	0.0449589	0.233433	0.142881	0.0527746	0.000688954	0.00272854
33	0.177143	0.00672876	0.0255099	0.0123946	0.00829444	0.0229791	0.00867551	0.0204661	0.0401628	0.014629	0.00829054	0.0152562	0.0085335	0.00687795	0.0233447	0.282922	0.229977	0.0834423	0.00143579	0.0029367
34	0.0337719	0.0118963	0.00277306	0.0115823	0.160359	0.0104639	0.0132858	0.0463678	0.00696161	0.333013	0.134756	0.00725614	0.0043437	0.0569115	0.00622526	0.0353948	0.0266315	0.0402999	0.00588609	0.0518203
35	0.0581699	0.00327932	0.0413516	0.0739114	0.0173554	0.0355329	0.0326012	0.0118289	0.0739565	0.0115421	0.0041615	0.0441515	0.039074	0.0994425	0.0464299	0.270733	0.121079	0.0100986	0.00103337	0.00426684
36	0.135999	0.00779386	0.0171185	0.133873	0.0106602	0.018769	0.0294749	0.0147156	0.0277196	0.0288578	0.0225581	0.0723782	0.01349	0.181854	0.0316683	0.0432894	0.112042	0.0621691	0.0275484	0.0080216
37	0.0225631	0.00756667	0.000343996	0.0019177	0.0405708	0.00218017	0.00131164	0.281861	0.00216395	0.310802	0.0501099	0.00171698	0.00321624	0.00195903	0.0011628	0.00996221	0.0221964	0.232014	0.0024436	0.00393745
38	0.0485922	0.00721257	0.322935	0.0383173	0.00737133	0.023461	0.0279664	0.00938246	0.0237523	0.0374744	0.00629461	0.288608	0.00842136	0.0209489	0.00559435	0.0565841	0.0313152	0.027546	0.00473154	0.00349103
39	0.0623301	0.0316854	0.00489212	0.0043516	0.15391	0.0273004	0.00535349	0.0160964	0.058719	0.185926	0.0638548	0.0080722	0.00754703	0.0470049	0.0108481	0.0737894	0.162995	0.0587968	0.00577998	0.010748
40	0.0160621	0.0063789	0.000295107	0.00144031	0.0361803	0.000883973	0.000600321	0.323144	0.00255746	0.288165	0.0399546	0.00187118	0.00461309	0.00369235	0.000871419	0.00683941	0.0188031	0.243792	0.00162117	0.00223447
41	0.241239	0.0369844	0.00122976	0.00178089	0.00385379	0.229324	0.00374791	0.00633158	0.00768288	0.0206466	0.00731973	0.0194812	0.00808901	0.00373086	0.00250771	0.326994	0.0559128	0.0164242	0.00488577	0.00183342
42	0.0882399	0.0191915	0.0137348	0.00643501	0.0810779	0.0264631	0.00861537	0.0624276	0.0150855	0.0419685	0.0146447	0.0541292	0.0403959	0.0101553	0.00932884	0.196389	0.219205	0.0782194	0.00312287	0.0111711
43	0.129335	0.102108	0.00275268	0.0021644	0.34518	0.0129373	0.0035545	0.0271181	0.00320578	0.0259992	0.0271701	0.00535234	0.00445373	0.00389502	0.018809	0.119485	0.0227587	0.0433201	0.0111063	0.0892941
44	0.0512355	0.0127121	0.0315313	0.0357879	0.0550225	0.0815564	0.10016	0.0182748	0.106749	0.0330255	0.015064	0.0887946	0.0264221	0.0391433	0.0806184	0.0707541	0.0415864	0.0233776	0.0166006	0.071584
45	0.0434587	0.00269585	0.211486	0.192279	0.015627	0.0479183	0.0300246	0.0112823	0.0457942	0.0271128	0.00461777	0.0964011	0.0120516	0.0762649	0.0501331	0.0767732	0.0346054	0.0174008	0.00143161	0.00264166
46	0.0280716	0.0125075	0.000346023	0.0021943	0.0744161	0.00322555	0.00275398	0.218	0.00281451	0.342772	0.0543604	0.00240783	0.00327152	0.00286285	0.00358309	0.00998687	0.0182881	0.196481	0.0113208	0.0103362
47	0.223732	0.0166435	0.00396334	0.00346011	0.0184431	0.3894	0.00208456	0.0321008	0.00374926	0.0378416	0.0118842	0.00882417	0.00474315	0.00483158	0.00455646	0.111039	0.0395733	0.0770265	0.00224989	0.00385302
48	0.322168	0.0131241	0.00203822	0.00180035	0.0073133	0.204301	0.0116906	0.0181186	0.00287601	0.0151097	0.00801375	0.0132185	0.00962885	0.0152381	0.00249451	0.202234	0.0838257	0.0514791	0.00345563	0.0118714
49	0.0640156	0.0182987	0.0192016	0.0131895	0.0246108	0.025349	0.0598192	0.0374032	0.0271069	0.0747018	0.023589	0.124929	0.0158469	0.0175933	0.0148758	0.188389	0.145441	0.0400814	0.00739988	0.058158
50	0.0358714	0.00314259	0.000340931	0.000247069	0.0160461	0.00152717	0.000407258	0.36708	0.003867	0.137121	0.0479242	0.00105747	0.001012	0.00119522	0.000577903	0.0118974	0.0354919	0.331308	0.00223734	0.00164838
51	0.0206247	0.00358575	0.00205544	0.00213884	0.164197	0.0183608	0.0143617	0.239672	0.00216204	0.26958	0.0242693	0.00377222	0.0799268	0.00305067	0.00409984	0.0236567	0.00770329	0.0991092	0.00137908	0.0162949
52	0.429132	0.00805361	0.00419289	0.00436214	0.00678121	0.0236982	0.00400275	0.0255617	0.00328479	0.0141874	0.0103611	0.00687349	0.114857	0.00550044	0.00376186	0.280617	0.0335378	0.0142416	0.00288006	0.00411353
53	0.141864	0.00682905	0.000773176	0.0011308	0.00165417	0.712307	0.000910812	0.00362302	0.00107893	0.00539951	0.00142707	0.00130253	0.000997283	0.00214331	0.00286905	0.100942	0.00645336	0.00667179	0.000686627	0.000936644
54	0.0240467	0.0108055	0.000719803	0.00118954	0.197077	0.0129833	0.00272499	0.124358	0.00116786	0.392644	0.0779636	0.00575544	0.0102721	0.0033663	0.00788884	0.0187729	0.0138731	0.0640031	0.00245132	0.0279362
55	0.0140401	0.0103623	0.000336783	0.00242875	0.0413801	0.00199458	0.000990745	0.262763	0.00163721	0.370598	0.0415422	0.00144277	0.0039632	0.00240285	0.00115144	0.00929118	0.0174016	0.212331	0.00124019	0.00270213
56	0.348104	0.00817468	0.0101957	0.00466651	0.0554083	0.0731627	0.00743771	0.0397787	0.00513812	0.0197884	0.0359798	0.0745088	0.0388014	0.0338408	0.00552129	0.0585847	0.019636	0.0754443	0.00593548	0.0798922
57	0.073064	0.00313668	0.195049	0.158812	0.0106277	0.0357394	0.0285626	0.012444	0.0450169	0.020904	0.00674723	0.0692369	0.0213806	0.071963	0.0359033	0.1175	0.0682778	0.0207305	0.001522	0.00338198
58	0.0588792	0.0192536	0.000870466	0.000844043	0.10529	0.00656384	0.00827152	0.19966	0.0152996	0.156723	0.0472651	0.00387568	0.00164384	0.00457332	0.0124189	0.0175601	0.0177098	0.202691	0.0617848	0.0588225
59	0.312644	0.0475475	0.00258151	0.00334663	0.0412895	0.0119233	0.0086892	0.0173376	0.00281468	0.0188686	0.0486163	0.00493499	0.00505444	0.00885462	0.0191382	0.134381	0.111529	0.120147	0.0368131	0.0434887
60	0.167265	0.0140487	0.0197729	0.0125256	0.00666059	0.107441	0.00938043	0.0187614	0.0219082	0.0135154	0.00943015	0.024196	0.1448	0.039394	0.0150431	0.225616	0.115808	0.0267819	0.00247215	0.00517896
61	0.128875	0.0261853	0.00569304	0.0027637	0.00666696	0.017782	0.0038172	0.0179706	0.00408694	0.0143717	0.0104831	0.0101318	0.296189	0.00578194	0.00447437	0.112217	0.291384	0.0353046	0.00194209	0.00387881
62	0.0411989	0.0522581	0.00637839	0.00851707	0.0584095	0.0663438	0.01176	0.0173613	0.0886587	0.0314064	0.0161088	0.0153143	0.0145334	0.0113893	0.133963	0.163971	0.0256172	0.0249813	0.200074	0.0117554
63	0.121435	0.0141927	0.000454264	0.000706979	0.134736	0.021341	0.00118221	0.133036	0.00128052	0.277733	0.0383613	0.000515194	0.00392368	0.000355244	0.000562975	0.0145698	0.0174932	0.212728	0.00116588	0.00422696
64	0.155983	0.0151292	0.0026447	0.00103648	0.0272974	0.0500507	0.00118274	0.192179	0.00180356	0.109913	0.0333031	0.00465558	0.00247447	0.00157071	0.00114434	0.0554601	0.0638718	0.273313	0.00254476	0.00444163
65	0.0427685	0.0104694	0.000753622	0.00577629	0.082624	0.00665479	0.0114169	0.143798	0.001716	0.397283	0.086322	0.00350808	0.0034314	0.0100121	0.00222598	0.017821	0.0180423	0.141266	0.00470479	0.00940618
66	0.128592	0.0171562	0.00107349	0.00112482	0.141811	0.00576929	0.00149398	0.0524591	0.00163846	0.262615	0.0274709	0.00343607	0.00771407	0.00197508	0.00154427	0.133701	0.0938395	0.102666	0.000992817	0.0129272
67	0.0375177	0.0031353	0.000354626	0.000195337	0.0151839	0.00177676	0.000474187	0.35965	0.00375193	0.134979	0.0511781	0.000915971	0.00078027	0.000954815	0.000584685	0.0130849	0.0377374	0.333903	0.00220735	0.0016347
68	0.141594	0.00741313	0.00119503	0.0017988	0.00225694	0.702212	0.000930796	0.00533402	0.00163272	0.00683246	0.00254804	0.00269641	0.00117379	0.00253492	0.00355229	0.0996887	0.00663399	0.00755532	0.00122195	0.00119473
69	0.610663	0.00748261	0.00229353	0.000713087	0.00159008	0.0879973	0.00150412	0.0048722	0.000899314	0.00796328	0.00460519	0.00287795	0.00448196	0.00498061	0.000854549	0.166786	0.0254291	0.0611317	0.00140944	0.00146549
70	0.230662	0.0210936	0.00240798	0.000428389	0.0309412	0.0896365	0.000579252	0.132233	0.000382797	0.0971302	0.0257223	0.00114906	0.00178004	0.000512159	0.000346868	0.0581758	0.0710872	0.230577	0.00139465	0.0037595
71	0.0372909	0.0030271	0.00136012	0.0247817	0.0435298	0.00685427	0.0179789	0.0360916	0.00133657	0.440288	0.235554	0.00222399	0.00408547	0.0488684	0.00159206	0.041213	0.0186731	0.0283068	0.00172	0.0052237
72	0.0412342	0.0543362	0.0721161	0.0121401	0.0136967	0.0871357	0.0131961	0.0226857	0.0177995	0.0559206	0.0178658	0.287858	0.00843064	0.0485481	0.0130587	0.0834147	0.0594648	0.0513191	0.032693	0.00708602
73	0.119432	0.0187747	0.000923579	0.0011379	0.151614	0.00880225	0.00158448	0.0660086	0.00167666	0.267665	0.0298891	0.00334883	0.00633362	0.00173431	0.00139095	0.105046	0.0765084	0.126243	0.000891096	0.0109959
74	0.199423	0.0132838	0.00190833	0.00194882	0.13558	0.108213	0.00294552	0.0337629	0.00197746	0.0485531	0.0103509	0.00718976	0.015082	0.00276663	0.00275276	0.134288	0.0819421	0.175239	0.0142769	0.00851589
75	0.172985	0.0096962	0.000899502	0.00111798	0.00176413	0.633145	0.00113244	0.00370455	0.00136715	0.00611362	0.00238695	0.003429	0.00234155	0.00246689	0.00293013	0.129072	0.014502	0.00874319	0.00100958	0.00119299
76	0.0201886	0.0116145	0.00487773	0.000858497	0.34519	0.00340363	0.0378382	0.0143284	0.000739209	0.0947519	0.0087961	0.0135152	0.00112384	0.0251242	0.0011339	0.0158927	0.00317277	0.020335	0.000626858	0.376489
77	0.0306276	0.0129424	0.000557445	0.000668419	0.199559	0.0116062	0.00168384	0.111317	0.000892522	0.354065	0.10339	0.0074802	0.00373074	0.00377261	0.00463669	0.0276706	0.021562	0.0615548	0.0041775	0.0381055
78	0.0532829	0.0095776	0.00143074	0.00870518	0.0965976	0.00915278	0.00739666	0.0585645	0.00156709	0.362399	0.150187	0.00372535	0.0148351	0.0171387	0.00479556	0.0696548	0.0332707	0.057617	0.0127349	0.0273664
79	0.0397644	0.00529798	0.000624604	0.000964315	0.0283305	0.00320257	0.00134407	0.328033	0.00324342	0.188757	0.0640408	0.00288453	0.00184981	0.00172893	0.00078327	0.0130745	0.0294611	0.278294	0.00236889	0.0059528
80	0.065839	0.0174835	0.0119724	0.0149469	0.0840619	0.0227419	0.176657	0.0100684	0.0325945	0.0256871	0.0152662	0.0374388	0.0156805	0.0260808	0.0603431	0.0327139	0.0156298	0.0219643	0.136178	0.176652
81	0.116784	0.00457513	0.0065796	0.0204941	0.00706306	0.00777411	0.0978862	0.00954489	0.149602	0.0297141	0.0104845	0.0274723	0.0895747	0.136833	0.142302	0.0742248	0.0292318	0.0323144	0.00185926	0.00568654
82	0.0101145	0.00753639	0.000475142	0.0023662	0.0529639	0.00236771	0.00196273	0.275284	0.00179081	0.367367	0.0383612	0.00169827	0.0128265	0.00288906	0.00148133	0.0071543	0.0128433	0.195767	0.00135414	0.00339688
83	0.17853	0.0154915	0.00507646	0.00491446	0.0685665	0.0881736	0.0110337	0.0165571	0.00969931	0.0610433	0.0198208	0.0181143	0.0708858	0.00884411	0.0145102	0.205601	0.0504427	0.0444563	0.0928005	0.0154379
84	0.0721521	0.00722513	0.00412457	0.0240903	0.00921044	0.0822858	0.119389	0.011818	0.00361194	0.218824	0.0472958	0.0471033	0.00511658	0.217608	0.00626201	0.016723	0.0119248	0.085924	0.00339675	0.00591471
85	0.0470411	0.00366438	0.000580483	0.000267243	0.0164482	0.00445663	0.000503061	0.341255	0.00345886	0.134681	0.0507761	0.00106769	0.00104147	0.000954489	0.000584632	0.0148366	0.0379407	0.336384	0.00228896	0.00177004
86	0.184988	0.104485	0.00785018	0.00500352	0.074554	0.12117	0.00761093	0.0234695	0.00645933	0.038318	0.0167442	0.0516794	0.0101477	0.0106738	0.008591	0.185564	0.069917	0.048029	0.00962935	0.0151166
87	0.0940593	0.0144607	0.000341502	0.00116204	0.17266	0.0114598	0.00189362	0.109417	0.00209792	0.333654	0.0404703	0.000719068	0.00336829	0.000586438	0.000687232	0.0108914	0.0135659	0.184289	0.00052344	0.00369221
88	0.115442	0.0997206	0.00250825	0.0020576	0.398144	0.0145486	0.00390946	0.0376381	0.00213409	0.032686	0.0162925	0.00465775	0.00434973	0.00333819	0.0104961	0.0876212	0.0203516	0.0303665	0.00635707	0.107381
89	0.0295362	0.0123549	0.00141063	0.00145918	0.142501	0.00513478	0.00495774	0.163942	0.00299631	0.291426	0.115348	0.0112301	0.00128578	0.00490342	0.00432237	0.0166835	0.0237876	0.120426	0.0134805	0.0328145
90	0.109029	0.0646097	0.00421876	0.00164	0.316033	0.0292079	0.00664216	0.0235706	0.00247729	0.0717549	0.0226137	0.0045501	0.0107656	0.00413067	0.00965458	0.0757519	0.048329	0.0587456	0.0137575	0.122518
91	0.0324512	0.00349497	0.000339683	0.000317131	0.0185577	0.00141609	0.000439095	0.360824	0.00375921	0.160055	0.0460707	0.00115853	0.00198982	0.00170079	0.000583023	0.0106435	0.0312527	0.321166	0.00212873	0.00165175
92	0.197924	0.00983502	0.00082384	0.00109789	0.00197461	0.607793	0.00138634	0.00374013	0.00130049	0.00655079	0.00237966	0.00319685	0.00236763	0.00227783	0.00269212	0.125733	0.0143597	0.0121446	0.00117925	0.00124309
93	0.328468	0.0280341	0.00143447	0.001687	0.0046734	0.144101	0.00399661	0.00617198	0.00259789	0.0136689	0.00683797	0.020574	0.00927673	0.00407955	0.000899733	0.315071	0.0696356	0.0298156	0.00707349	0.00190222
94	0.0598382	0.0055303	0.0635567	0.0437128	0.0114356	0.0615916	0.0535957	0.0288808	0.0731856	0.018403	0.00585119	0.12921	0.0492693	0.0790749	0.0305459	0.163215	0.0863889	0.0284032	0.00279947	0.00551232
95	0.267011	0.0358537	0.00402748	0.00417485	0.00347925	0.0846836	0.00318586	0.0129217	0.00240331	0.0100176	0.00641644	0.0210205	0.0255734	0.00256226	0.00144596	0.426128	0.0702716	0.0137335	0.00288722	0.00220258
96	0.0721985	0.00754719	0.00414614	0.0227322	0.00903704	0.0855269	0.116276	0.0123981	0.00374238	0.215299	0.0471484	0.0477399	0.00531172	0.219668	0.00604403	0.0171777	0.0120296	0.0866982	0.00356997	0.00570923
97	0.201216	0.0700063	0.00347967	0.000907227	0.00241641	0.0287212	0.00215547	0.0306736	0.000892009	0.01565	0.0155657	0.0182858	0.0439138	0.00580461	0.0011304	0.244611	0.284781	0.0254574	0.000884979	0.00344756
98	0.0580893	0.0284253	0.00249774	0.00192538	0.19184	0.0116632	0.00910553	0.071945	0.0050387	0.193791	0.0842386	0.00755002	0.0110578	0.0100242	0.0126904	0.0547122	0.0282041	0.0795093	0.0561677	0.0815246
99	0.11384	0.01379	0.00149609	0.00167502	0.13764	0.00829395	0.00253863	0.0537552	0.00328607	0.217742	0.0330634	0.0065708	0.015063	0.00333876	0.00208702	0.130314	0.130706	0.0987686	0.00165901	0.0243727
100	0.0702734	0.0045459	0.0648631	0.0419828	0.0100606	0.0573994	0.0321835	0.0172648	0.0817528	0.0134751	0.00346971	0.104324	0.0494635	0.0646228	0.0371282	0.201011	0.125049	0.0151992	0.00128703	0.00464428
101	0.184634	0.0391896	0.0120733	0.00865255	0.00950035	0.0592398	0.0068883	0.0319262	0.0149606	0.0228558	0.0170721	0.0505292	0.0301173	0.0139638	0.00910399	0.240786	0.203178	0.0375437	0.00317345	0.00461174
102	0.366528	0.0270826	0.00237914	0.00152918	0.00463346	0.300591	0.00238999	0.0100903	0.00220219	0.0173693	0.00758104	0.00710349	0.00496012	0.00417083	0.00223318	0.161926	0.0314201	0.0408371	0.00250819	0.00246488
103	0.454219	0.0230971	0.0137817	0.00190369	0.0102824	0.0885159	0.00298532	0.0276741	0.00271828	0.0181308	0.00885435	0.0233069	0.00643392	0.00480004	0.00263762	0.167023	0.0305334	0.107076	0.00210383	0.00392248
104	0.0289979	0.00534552	0.000290483	0.00096432	0.0282071	0.00177695	0.000885598	0.322126	0.00317612	0.219546	0.0471364	0.00138102	0.00192328	0.00197254	0.000838162	0.0107188	0.0315321	0.287816	0.00281272	0.0025529
105	0.10769	0.0202559	0.00914887	0.0115488	0.0310465	0.0275552	0.00865393	0.122788	0.00833536	0.071919	0.0227814	0.0229251	0.0505423	0.0162042	0.00641445	0.11302	0.135807	0.192186	0.0041281	0.01705
106	0.194938	0.0665374	0.0044881	0.0011497	0.00396015	0.0354414	0.00266826	0.032643	0.00226264	0.0170068	0.0170761	0.0216011	0.0359425	0.00867017	0.00161882	0.232615	0.283996	0.0327908	0.00117701	0.00341732
107	0.250604	0.0419299	0.00305532	0.00273075	0.00526944	0.121452	0.00391776	0.00873257	0.00317834	0.0137799	0.00770013	0.038396	0.015763	0.00360125	0.0015652	0.383872	0.0715681	0.0159328	0.00478078	0.00217123
108	0.0765477	0.0067723	0.000949984	0.000537835	0.031845	0.012917	0.000786541	0.289832	0.00284133	0.160074	0.0458955	0.00140829	0.00259307	0.00122503	0.00082338	0.0163478	0.033224	0.307846	0.00371768	0.00381635
109	0.026126	0.0106834	0.0144106	0.0197653	0.0021695	0.0174087	0.0205153	0.0110248	0.266473	0.0255165	0.0112756	0.0318269	0.00512326	0.0471458	0.409644	0.0347271	0.0259037	0.0165818	0.00223211	0.00144673
110	0.067735	0.0138307	0.0279247	0.00647276	0.0248317	0.0477206	0.0123293	0.0313355	0.0113854	0.0665762	0.0574114	0.328907	0.00871147	0.0172856	0.00780333	0.187025	0.0414625	0.0241775	0.00777135	0.00930238
111	0.104302	0.0334024	0.00413499	0.00378617	0.233594	0.0235518	0.00949507	0.0606749	0.00516198	0.12328	0.0316907	0.00906455	0.0136252	0.00661964	0.00719327	0.0960059	0.0499216	0.111149	0.00899481	0.0643522
112	0.237348	0.0192269	0.0101002	0.00770486	0.00917557	0.0551169	0.00720309	0.0170626	0.00999346	0.0168047	0.0118813	0.0161579	0.131959	0.0165868	0.00839583	0.306097	0.092165	0.0194794	0.00326876	0.00427326
113	0.0450337	0.0019154	0.104496	0.267802	0.0102607	0.0789679	0.0349502	0.0123229	0.0593343	0.0344729	0.00457756	0.0651988	0.00456779	0.103547	0.0666415	0.0507999	0.0326463	0.0188625	0.00103063	0.00257198
114	0.0920499	0.00267456	0.0506365	0.056055	0.0112357	0.0494437	0.0323918	0.0211256	0.0817674	0.0126863	0.00415548	0.0619496	0.0426784	0.0619215	0.051501	0.21737	0.126086	0.017115	0.000706796	0.00645005
115	0.0326347	0.00921529	0.0176656	0.0318039	0.00454735	0.0706149	0.0161975	0.0114713	0.228432	0.0249982	0.011867	0.049522	0.00743825	0.0399068	0.33309	0.0409467	0.0444545	0.0191172	0.00352249	0.00255408
116	0.13574	0.00730589	0.00124733	0.00146142	0.00170219	0.712455	0.000927719	0.00361743	0.00211167	0.0059285	0.00159065	0.00247929	0.00129574	0.00305734	0.00522018	0.10022	0.00592618	0.00610372	0.000747416	0.000862866
117	0.161913	0.020369	0.00301123	0.00218569	0.0315599	0.0124092	0.00375928	0.282359	0.00318029	0.0836813	0.055281	0.0327244	0.00314134	0.00343781	0.00392835	0.071794	0.0687015	0.148538	0.0027222	0.00530349
118	0.0405518	0.00324241	0.000369879	0.00019997	0.0159814	0.0026244	0.000479581	0.354019	0.00369376	0.13605	0.0510668	0.000915442	0.000940915	0.00096305	0.000582842	0.0131816	0.037553	0.333706	0.00218995	0.00168813
119	0.019194	0.0058217	0.000283122	0.00119379	0.0330366	0.00096183	0.000591908	0.333402	0.00292346	0.263712	0.0386519	0.00161318	0.00504073	0.00294231	0.000842786	0.00729581	0.0205481	0.258046	0.00170865	0.00218979
120	0.144611	0.00871655	0.000787795	0.00129952	0.00189509	0.698534	0.00098241	0.00433515	0.00115795	0.00715046	0.00179755	0.0019804	0.00108679	0.00231871	0.0029739	0.103779	0.00706786	0.00765708	0.000757554	0.00111146
121	0.0244087	0.00655768	0.00031897	0.00155675	0.0360951	0.00156522	0.0011561	0.309242	0.00236276	0.275759	0.0562618	0.00249508	0.00300653	0.00235573	0.000916641	0.00943322	0.0227243	0.237532	0.00209752	0.00415496
122	0.0665459	0.00904976	0.00332979	0.0143892	0.0657048	0.0379043	0.016703	0.0522405	0.00437028	0.354425	0.187301	0.0138682	0.0071809	0.026143	0.00711665	0.0447659	0.0231503	0.0467304	0.00426474	0.0148163
123	0.05514	0.00997595	0.0368766	0.0582597	0.0111534	0.0388559	0.0301752	0.0160695	0.155928	0.0480679	0.0151953	0.0753357	0.0195048	0.075486	0.162407	0.0911891	0.0640504	0.0267647	0.00379566	0.00576959
124	0.145229	0.00804088	0.000735956	0.00114711	0.00161535	0.687499	0.00126733	0.00320145	0.00137056	0.00553164	0.00186624	0.00286248	0.00154137	0.0022509	0.00291962	0.115735	0.00956586	0.00576627	0.000868666	0.000985568
125	0.0202868	0.0120584	0.00471267	0.000694929	0.34798	0.00334035	0.0372211	0.0139315	0.000736451	0.09422	0.00855017	0.0132268	0.00118191	0.0245015	0.000877003	0.0153134	0.00323313	0.0201086	0.000584751	0.377241
126	0.0616961	0.00832496	0.00278239	0.00421662	0.0425575	0.0071561	0.00824637	0.205911	0.00357325	0.188004	0.0348557	0.0236867	0.00766597	0.0441876	0.00287364	0.0221101	0.0781474	0.234544	0.00920614	0.0102538
127	0.139427	0.00764898	0.00122012	0.00170245	0.00163267	0.687956	0.00105504	0.00364978	0.00117221	0.00571573	0.00177399	0.00294446	0.00197435	0.00323875	0.00466599	0.116191	0.0107889	0.00546177	0.000874005	0.000907006
128	0.0298006	0.00957924	0.000442029	0.00227351	0.0736788	0.00504709	0.00222812	0.229388	0.00189224	0.354798	0.0494789	0.00217091	0.00507135	0.00235098	0.00179049	0.010839	0.017832	0.189355	0.0043215	0.00766293
129	0.146062	0.0177186	0.00713761	0.00607429	0.00573064	0.30896	0.00382835	0.00806754	0.00373359	0.0172194	0.00631554	0.0251716	0.00729356	0.0203312	0.0271048	0.298129	0.0684223	0.0166723	0.00351506	0.00251206
130	0.20356	0.0213415	0.0010096	0.00151953	0.00270768	0.476977	0.00198187	0.00486052	0.00188893	0.00961602	0.00384394	0.00873552	0.00605844	0.00223571	0.00206402	0.199365	0.0362905	0.012044	0.00248754	0.00141327
131	0.297562	0.0250365	0.0026652	0.00231239	0.00958115	0.15604	0.0042672	0.0152143	0.00433176	0.0204423	0.0111084	0.022195	0.0126733	0.00626585	0.00257219	0.256831	0.0995111	0.0429147	0.00470965	0.00376648
132	0.0409699	0.00335255	0.000416799	0.000237252	0.0164012	0.0028301	0.000512268	0.35379	0.00366923	0.137382	0.0503641	0.000909969	0.000985779	0.000988696	0.000604752	0.0130706	0.0366692	0.332841	0.00233086	0.00167461
133	0.0209955	0.0125315	0.000467889	0.00045898	0.223405	0.008399	0.00106776	0.107256	0.000511881	0.354978	0.118246	0.00891069	0.00107105	0.00408487	0.00530262	0.01936	0.0182543	0.0485287	0.00429557	0.0418745
134	0.273303	0.0488532	0.00275128	0.00106417	0.0144831	0.0206629	0.00163506	0.0408398	0.0013549	0.0157543	0.0227897	0.0103919	0.0318153	0.00389358	0.00196347	0.194538	0.242992	0.0665846	0.00140971	0.00292032
135	0.0522532	0.063627	0.00802971	0.0125033	0.0743112	0.0371729	0.0249673	0.046238	0.0146577	0.249418	0.0583676	0.0235298	0.0100234	0.106251	0.0177365	0.0535799	0.0420004	0.0658855	0.0144419	0.0250053
136	0.0102858	0.00814755	0.000338666	0.00264643	0.0562058	0.00136068	0.00120385	0.263275	0.00136089	0.390673	0.0428417	0.00178485	0.00491316	0.0023493	0.0012357	0.00734684	0.0147798	0.185119	0.000981518	0.0031493
137	0.0199976	0.0115499	0.00464141	0.000657771	0.347896	0.00329223	0.0377068	0.0140657	0.000737938	0.0941628	0.00859157	0.013473	0.000941981	0.0248075	0.00089318	0.0154236	0.0029794	0.0198571	0.000578843	0.377746
138	0.0283355	0.00632493	0.0472476	0.0696573	0.0894412	0.00926704	0.0729797	0.0553733	0.00291658	0.181474	0.0178971	0.00571256	0.00381555	0.0634043	0.105015	0.0777122	0.00946245	0.0619819	0.00231359	0.089668
139	0.564917	0.00959023	0.0022092	0.000724907	0.00525382	0.0929744	0.00153184	0.0105583	0.000974416	0.0118701	0.00667334	0.00340455	0.00477225	0.00491628	0.000960913	0.165785	0.0378552	0.0714202	0.00162422	0.00198363
140	0.0458985	0.00720091	0.00078839	0.00126363	0.147912	0.00694628	0.00368084	0.246092	0.00214127	0.272949	0.0430754	0.00259307	0.0188525	0.00222819	0.00195357	0.00997328	0.0111923	0.164016	0.0025764	0.00866621
141	0.0461884	0.0450318	0.0277234	0.0291519	0.0819014	0.0443119	0.156685	0.00977472	0.0302902	0.0337774	0.010296	0.0343055	0.0132733	0.0272793	0.0873883	0.02636	0.0182284	0.0234931	0.0254035	0.229136
142	0.0454088	0.00502989	0.332067	0.0459561	0.00709798	0.0211617	0.0352731	0.00718673	0.0299348	0.0319089	0.00507995	0.284542	0.0089268	0.0232499	0.00640998	0.0628088	0.0226553	0.0188288	0.0030057	0.00346801
143	0.147274	0.00842977	0.0284691	0.00702892	0.00653249	0.0926278	0.0060713	0.0310373	0.0177831	0.0118678	0.00695662	0.0183385	0.18443	0.0202157	0.0193662	0.197472	0.140153	0.0501204	0.00222466	0.00360256
144	0.0742268	0.00436568	0.0377186	0.113044	0.00328568	0.0608596	0.0186573	0.0134721	0.114931	0.0477058	0.021101	0.073564	0.0052282	0.0559943	0.146338	0.0509917	0.111098	0.0417628	0.00416089	0.00149374
145	0.216216	0.00590283	0.041353	0.0460217	0.0171453	0.0166948	0.0218261	0.0199862	0.0332334	0.0129517	0.00933721	0.0265525	0.0236806	0.0156107	0.0206213	0.31881	0.124221	0.0263881	0.000983615	0.00246468
146	0.0213728	0.0124048	0.000467712	0.000527854	0.221834	0.00829592	0.00112193	0.10985	0.000587124	0.352315	0.11671	0.00872808	0.00109772	0.00415526	0.00527695	0.019402	0.0183303	0.0513066	0.00464719	0.0415684
147	0.0188575	0.00596676	0.00026956	0.00130673	0.0304411	0.000979816	0.00057218	0.32511	0.00278654	0.269291	0.0409609	0.00134694	0.00360702	0.00257969	0.000849013	0.00796086	0.0225476	0.260979	0.00161984	0.0019671
148	0.0321523	0.00799534	0.000813628	0.00226488	0.106824	0.00848961	0.00486133	0.220795	0.00173007	0.338094	0.0391894	0.00255362	0.0273733	0.00273256	0.00220635	0.0131602	0.0143644	0.163463	0.00271632	0.00822063
149	0.0251055	0.0118581	0.000602021	0.00234399	0.19695	0.00827559	0.00273842	0.0995954	0.000614808	0.367749	0.129809	0.007915	0.00149377	0.00850858	0.00460683	0.0212583	0.0174089	0.0524636	0.00467099	0.0360326
150	0.0378816	0.00391059	0.000350626	0.000282482	0.0207915	0.00242527	0.000510176	0.34965	0.00358002	0.155565	0.0481659	0.0011497	0.00177675	0.00140359	0.000662818	0.011557	0.0328823	0.323042	0.00240701	0.00200491
151	0.610983	0.00745223	0.00225617	0.000722143	0.00160319	0.087983	0.0015082	0.00485614	0.000878472	0.00785176	0.00453145	0.0028652	0.00456314	0.0049943	0.000850961	0.166703	0.0254792	0.0610606	0.00141428	0.00144409
152	0.0563151	0.0195943	0.000732686	0.000814813	0.104108	0.00629474	0.00744705	0.195567	0.0135718	0.167817	0.0515591	0.00412782	0.00148604	0.00489238	0.0114287	0.0166178	0.0183225	0.200581	0.0632649	0.0554573
153	0.224972	0.0590549	0.00349181	0.000983677	0.0082986	0.0220313	0.00160528	0.0338167	0.00155643	0.0194861	0.0189744	0.0145687	0.0399337	0.00498337	0.00173428	0.209456	0.278905	0.0517028	0.00123875	0.00320558
154	0.1944	0.0147457	0.00167383	0.000477164	0.0469198	0.0518151	0.000629969	0.158338	0.000493776	0.139452	0.0314246	0.00110064	0.00413824	0.000545914	0.00046624	0.0370455	0.0497915	0.259596	0.00224216	0.00470313
155	0.0349489	0.00312587	0.000319411	0.000189076	0.0165261	0.00150113	0.000429513	0.36441	0.00378982	0.141301	0.0479341	0.00106442	0.00116605	0.0012907	0.000582214	0.0117287	0.0350034	0.330896	0.00213629	0.00165808
156	0.204378	0.0722598	0.00360947	0.0010554	0.00226566	0.0328717	0.00212711	0.0310312	0.000823074	0.0160533	0.0174967	0.0180953	0.0407452	0.00567448	0.00100151	0.262448	0.260507	0.022459	0.000998464	0.00409889
157	0.00634445	0.00933706	0.000311483	0.00292401	0.0464626	0.0011815	0.00134576	0.247526	0.00119122	0.418572	0.0445882	0.00158493	0.00378115	0.00208795	0.00125544	0.00826037	0.0165797	0.182445	0.00107219	0.00314895
158	0.15321	0.0119244	0.0011095	0.000345741	0.0672958	0.0319374	0.000674209	0.168525	0.000515747	0.198071	0.0396133	0.000635269	0.005024	0.000344959	0.00032056	0.0199379	0.0257919	0.267368	0.00270333	0.00465207
159	0.125816	0.0186351	0.00153449	0.00119713	0.163506	0.0109903	0.00213567	0.050118	0.00188621	0.237578	0.0266114	0.00366242	0.00874543	0.00261116	0.00211667	0.121312	0.0900845	0.10664	0.00185989	0.02296
160	0.13895	0.0140826	0.000867207	0.000754458	0.0814117	0.0277706	0.001288	0.154635	0.000619655	0.23693	0.0475868	0.000953035	0.00443911	0.000440341	0.000503826	0.0226647	0.0234577	0.234564	0.00232246	0.00575929
161	0.0371339	0.00475057	0.00340004	0.0029882	0.139115	0.0852799	0.0491195	0.00769939	0.0215806	0.0310688	0.00607834	0.0232728	0.267497	0.00504427	0.0561889	0.0898888	0.0294244	0.0117768	0.0216001	0.107093
162	0.104998	0.0124769	0.00247867	0.00242799	0.130837	0.0315852	0.00465404	0.0844083	0.00310711	0.140641	0.0220607	0.0183142	0.00947487	0.00447783	0.0037348	0.114992	0.102405	0.162415	0.00410645	0.0404052
163	0.036382	0.00307318	0.000440084	0.000230579	0.0158026	0.00181568	0.00044986	0.363182	0.00410731	0.136824	0.047531	0.00101932	0.000992025	0.00119477	0.00065547	0.0120937	0.0352625	0.335031	0.00226156	0.00165116
164	0.0415409	0.0082276	0.0264411	0.0463746	0.00440035	0.0328978	0.0215616	0.0120436	0.202946	0.0284088	0.0123296	0.0414274	0.016066	0.0592169	0.300774	0.0632694	0.0571449	0.0209248	0.00215766	0.00184737
165	0.0171401	0.00539883	0.00337756	0.0428598	0.00826095	0.00741179	0.0207313	0.21195	0.00362946	0.051664	0.00621533	0.0418285	0.0949582	0.0580039	0.00422443	0.0361214	0.0692314	0.254199	0.00223873	0.0605557
166	0.0493046	0.00289132	0.0251826	0.00868491	0.0419426	0.00580191	0.0547872	0.206246	0.0461955	0.152766	0.0806793	0.053918	0.00289819	0.00317978	0.0128972	0.047484	0.034991	0.120437	0.00350641	0.0462062
167	0.0216367	0.0127401	0.000483363	0.000462594	0.224225	0.0084943	0.00112084	0.10628	0.000606211	0.351709	0.116665	0.00899771	0.00127175	0.00431356	0.0052826	0.0202338	0.0192583	0.0487221	0.00453018	0.0429669
168	0.0309015	0.012843	0.000639238	0.00245262	0.171482	0.0102182	0.00305422	0.102806	0.000688376	0.388302	0.105187	0.00632594	0.0030773	0.00660824	0.00451879	0.0316242	0.020462	0.0642131	0.0036433	0.0309525
169	0.122799	0.0514213	0.00837813	0.00378972	0.199516	0.0628249	0.011547	0.0286246	0.00371694	0.0852321	0.0131405	0.00575394	0.0134472	0.00577399	0.0221518	0.0462136	0.0753815	0.062417	0.00791586	0.169955
170	0.0690603	0.0047247	0.000711748	0.000194145	0.0232102	0.0104379	0.000531131	0.310505	0.00281846	0.139563	0.0500274	0.000876812	0.00199663	0.000668609	0.000516425	0.0156264	0.0369912	0.326659	0.00254316	0.00233847
171	0.244383	0.0242708	0.00526689	0.00792689	0.00340067	0.0707266	0.0038522	0.00741649	0.00215943	0.00837813	0.00570748	0.0157623	0.0357372	0.00216656	0.0012449	0.466599	0.0834976	0.00740966	0.00252647	0.00156772
172	0.0082656	0.00929597	0.000303258	0.00287621	0.0505783	0.00115466	0.00151973	0.244818	0.00125097	0.410528	0.0471537	0.00176191	0.00360707	0.0021893	0.00130894	0.00818568	0.0172119	0.182702	0.0016803	0.00360799
173	0.234705	0.0216886	0.00270706	0.000414568	0.0293765	0.0966868	0.000621738	0.125464	0.00041471	0.0906022	0.0249089	0.00134328	0.00156977	0.0005217	0.00036561	0.0637824	0.0749017	0.224786	0.00132135	0.00381854
174	0.0207672	0.00913847	0.00032866	0.00196281	0.0394656	0.00247425	0.000897532	0.278332	0.00205226	0.328708	0.0420639	0.00135802	0.00383332	0.00221424	0.00108611	0.00891455	0.0190357	0.232883	0.00174123	0.00274316
175	0.266386	0.0242242	0.00440021	0.00527172	0.0208489	0.175738	0.007166	0.0436255	0.00773403	0.081031	0.0399059	0.0253829	0.00867838	0.0091397	0.00525533	0.130299	0.0544121	0.0789718	0.00499062	0.00653855
176	0.253446	0.0260798	0.0021733	0.000532655	0.0330294	0.123782	0.000618263	0.0918296	0.000475598	0.0658056	0.0208035	0.00209536	0.00110837	0.000646717	0.000483684	0.0922669	0.0959478	0.183631	0.000867307	0.0043776
177	0.0222791	0.0132645	0.00443227	0.000667206	0.352502	0.00350159	0.0362795	0.0143868	0.000720549	0.0934022	0.00866372	0.0128925	0.00117563	0.0239249	0.00108125	0.0168901	0.00355018	0.0201169	0.000729791	0.36954
178	0.00936256	0.00776135	0.000381542	0.0024542	0.0511713	0.00178004	0.00142196	0.278226	0.00162046	0.375748	0.0430067	0.00189816	0.00652936	0.00243553	0.00134928	0.00781037	0.0147902	0.187473	0.00115608	0.0036238
179	0.0373875	0.00295446	0.00134062	0.024627	0.0433098	0.00686874	0.0180045	0.0361217	0.00134375	0.440475	0.235925	0.00221802	0.00411283	0.0482255	0.00160325	0.0413738	0.0187021	0.0284533	0.00176689	0.00518644
180	0.164241	0.0106759	0.00132585	0.000245205	0.0530488	0.0349134	0.000484432	0.179278	0.000327956	0.170104	0.0371647	0.000754853	0.0057416	0.000377508	0.000341656	0.0204855	0.028512	0.284236	0.00298144	0.00476032
181	0.038879	0.00326239	0.000390466	0.000222475	0.0156354	0.00224654	0.000529492	0.354421	0.00378953	0.136835	0.052012	0.000936227	0.000804347	0.000969303	0.000588604	0.0133131	0.0376367	0.333467	0.00229361	0.00176788
182	0.0716638	0.010704	0.00671552	0.00527489	0.04377	0.0157307	0.0067226	0.25921	0.00725896	0.0553663	0.0172928	0.168432	0.00799125	0.00784751	0.0344178	0.13771	0.101799	0.0303902	0.00400503	0.00769804
183	0.0350343	0.00320017	0.000313935	0.000227533	0.0165595	0.00146304	0.000416499	0.363254	0.00377252	0.143621	0.0482951	0.00103317	0.00114832	0.00126973	0.000586942	0.0118404	0.035684	0.328501	0.00213694	0.00164197
184	0.134208	0.0132488	0.00110934	0.000345996	0.0633532	0.0265285	0.00190847	0.17561	0.0019043	0.188786	0.0445904	0.00153469	0.00436987	0.00147947	0.00182715	0.0184986	0.0283674	0.266624	0.0133957	0.0123099
185	0.0275447	0.00185288	0.0845351	0.30788	0.00792748	0.0503693	0.0307573	0.00850078	0.0393895	0.0334262	0.00601096	0.0330256	0.0049614	0.250465	0.0400756	0.0382914	0.0136793	0.0169254	0.00110291	0.00327977
186	0.182935	0.0780883	0.00556721	0.000918088	0.00309774	0.0327659	0.00242159	0.0369124	0.0012011	0.0177984	0.0222392	0.0166305	0.0343025	0.00768061	0.00144224	0.236492	0.2866	0.0285465	0.000802088	0.00355808
187	0.224897	0.0303772	0.00143516	0.00110624	0.0441847	0.167752	0.00332927	0.0282208	0.00208957	0.045966	0.0158016	0.0235451	0.00493493	0.00488659	0.00148879	0.201859	0.0962595	0.0912275	0.00620734	0.00443134
188	0.255962	0.02573	0.00216964	0.000558683	0.0319021	0.120678	0.000626066	0.0920459	0.000479755	0.0652839	0.0208853	0.00198923	0.00129861	0.000644871	0.000445171	0.0917242	0.0995516	0.18297	0.000797046	0.00425814
189	0.161636	0.0110999	0.00147513	0.000236442	0.0511526	0.0348434	0.000494835	0.177193	0.000382111	0.170543	0.0379293	0.000735131	0.00560628	0.000373685	0.000339282	0.0208376	0.0282858	0.289092	0.00308122	0.00466343
190	0.0781863	0.015572	0.000523356	0.00212492	0.109832	0.0118074	0.00396938	0.143489	0.00156671	0.290369	0.084187	0.00370211	0.00276433	0.00318778	0.00181747	0.0184173	0.0219987	0.184196	0.00927486	0.0130129
191	0.0774037	0.0147359	0.000366329	0.00143331	0.118566	0.0132241	0.00229025	0.145855	0.00139051	0.334182	0.0536437	0.0015443	0.00311584	0.00114382	0.00100705	0.0134156	0.018714	0.189877	0.00213316	0.00595908
