291	20
1	0.0296631	0.00316853	0.0195841	0.0159843	0.0202139	0.0123032	0.0307695	0.0197959	0.292898	0.0352457	0.0143197	0.0307699	0.0127877	0.0444672	0.34621	0.0302317	0.0205974	0.0143794	0.00226779	0.00434222
2	0.0500131	0.00915894	0.041896	0.0769112	0.00578771	0.0165218	0.0330975	0.00837924	0.262528	0.0448068	0.0138972	0.0276127	0.0156697	0.0789646	0.222307	0.0380673	0.0283758	0.0206838	0.00120473	0.00411705
3	0.0742659	0.014387	0.0111885	0.0452935	0.0150554	0.00573432	0.00976779	0.1418	0.0539154	0.0764663	0.0510812	0.0119966	0.0287161	0.0291347	0.0835151	0.032153	0.150027	0.155025	0.00223865	0.00823947
4	0.0382973	0.0102732	0.0957442	0.1069	0.0025816	0.0419973	0.0399722	0.00943728	0.0747463	0.0104768	0.0124479	0.185226	0.007981	0.0775037	0.0430728	0.172324	0.0522688	0.0104569	0.0009695	0.00732384
5	0.0439307	0.0111831	0.0398584	0.072551	0.00619029	0.0191762	0.0413226	0.00928494	0.25072	0.027673	0.00916563	0.0480568	0.0157357	0.0745315	0.205462	0.0627893	0.0368116	0.016489	0.00171208	0.00735637
6	0.0390464	0.0128212	0.0301714	0.0843775	0.00167315	0.0168681	0.0328567	0.00315725	0.28257	0.0318984	0.00513895	0.0315145	0.014176	0.102084	0.228374	0.0407002	0.0211281	0.0172025	0.000597306	0.00364489
7	0.0262308	0.014058	0.00780439	0.0129015	0.0288914	0.00834266	0.00434592	0.338591	0.0182573	0.162604	0.0417102	0.00740256	0.00683776	0.0128227	0.00985299	0.0363003	0.0427994	0.205815	0.0042044	0.0102275
8	0.0346421	0.00743221	0.119047	0.136075	0.00270246	0.0401567	0.0302528	0.0092132	0.0682211	0.0128616	0.00879525	0.168568	0.00618395	0.061876	0.0420147	0.170347	0.0601772	0.0145015	0.000993482	0.00593863
9	0.030611	0.015157	0.0221896	0.0712326	0.00186772	0.0113208	0.0226344	0.00279631	0.290819	0.0306493	0.00515767	0.0337355	0.00830325	0.116423	0.261961	0.0366898	0.0200678	0.0145707	0.000561798	0.00325174
10	0.0260137	0.0187898	0.0210316	0.0940874	0.0218096	0.00859111	0.0130603	0.135603	0.0244788	0.170818	0.0247595	0.0127536	0.0113176	0.0840123	0.0129896	0.0577987	0.0805326	0.14457	0.00258104	0.0344014
11	0.00862227	0.0138599	0.00232899	0.00544828	0.0479407	0.00227871	0.00153122	0.162232	0.014611	0.535932	0.0264195	0.011091	0.00781879	0.00736407	0.00232765	0.0141628	0.0143731	0.101348	0.000885931	0.0194239
12	0.0437458	0.0127597	0.0318736	0.0860656	0.00177201	0.0182531	0.0329443	0.00345083	0.281709	0.0319439	0.00537671	0.0329227	0.0170944	0.100341	0.212294	0.0424048	0.0222674	0.0182941	0.000698679	0.00378807
13	0.0582297	0.013572	0.0925697	0.115415	0.106475	0.0160792	0.0228908	0.0191026	0.0338342	0.0616097	0.0345165	0.0573263	0.0165916	0.0496992	0.0533915	0.0666663	0.0370287	0.0355704	0.0134142	0.0960185
14	0.029571	0.00438643	0.0213321	0.0208893	0.0178366	0.0116045	0.0322386	0.0177377	0.295383	0.0373419	0.0150531	0.0313553	0.0129549	0.0492361	0.332822	0.029567	0.0203264	0.0140198	0.00212443	0.00421988
15	0.0818342	0.0189085	0.065293	0.0913795	0.00362796	0.0416881	0.0332425	0.00800209	0.141823	0.0181501	0.0121502	0.0794631	0.0217192	0.0945824	0.0723845	0.131173	0.0580123	0.0169555	0.00196643	0.00764497
16	0.056362	0.0119959	0.0288486	0.079836	0.0115512	0.0144554	0.0197347	0.0956496	0.0971023	0.0550721	0.0357723	0.0260641	0.0550599	0.0403684	0.089027	0.0510783	0.142632	0.0723461	0.00444052	0.012604
17	0.0369079	0.0181958	0.0469958	0.052439	0.0238734	0.021616	0.0380794	0.134146	0.0298782	0.142962	0.0207883	0.0259861	0.0192015	0.0418341	0.0221835	0.087845	0.0804866	0.123234	0.00459371	0.0287533
18	0.0278386	0.00279939	0.0175444	0.00920129	0.0254538	0.010482	0.0282668	0.0223128	0.296136	0.0309487	0.0158798	0.031381	0.0126451	0.0375192	0.359447	0.029829	0.0209503	0.0130745	0.00275336	0.00553741
19	0.0078692	0.0133943	0.00223027	0.00502997	0.0493523	0.00235898	0.00154948	0.146373	0.0158508	0.556629	0.0258521	0.0116159	0.00862228	0.00735389	0.0024191	0.0145301	0.0148666	0.0938843	0.000665939	0.0195527
20	0.0152416	0.0161897	0.00375843	0.0092354	0.0925095	0.00347292	0.00468427	0.13129	0.0176061	0.453484	0.0245635	0.0127627	0.00939077	0.0100099	0.00673763	0.0204719	0.0181716	0.0890964	0.00454418	0.0567791
21	0.0366174	0.0170986	0.00377324	0.00950546	0.0560957	0.00462329	0.00380059	0.163793	0.0156479	0.397784	0.0313767	0.0103524	0.00808775	0.0102819	0.0150409	0.021605	0.0265855	0.140524	0.0027266	0.02468
22	0.0259125	0.0163736	0.0123124	0.0227438	0.0415349	0.0103379	0.00900703	0.11692	0.0225879	0.398053	0.021583	0.0167662	0.0330572	0.0216879	0.0116292	0.0593435	0.0390421	0.0950181	0.00281975	0.0232699
23	0.274779	0.0254936	0.0239533	0.0355475	0.0111282	0.0602707	0.0108642	0.0222501	0.032124	0.0431729	0.0152496	0.0206581	0.0145078	0.01923	0.0218788	0.176255	0.143868	0.0352198	0.00360795	0.00994131
24	0.212131	0.0161821	0.0672235	0.0991609	0.0106399	0.110233	0.0173387	0.0212027	0.0446847	0.0236941	0.0226772	0.0322842	0.0234773	0.0333948	0.0285782	0.135651	0.0538162	0.0314642	0.00484137	0.0113247
25	0.0286109	0.00493908	0.348767	0.223464	0.00750467	0.0271214	0.0143414	0.0127196	0.0435777	0.0217374	0.00515886	0.0551214	0.00784147	0.0337733	0.0370769	0.0593694	0.0399168	0.018213	0.00105551	0.00969018
26	0.0590139	0.0184052	0.0799063	0.0759121	0.00973934	0.0499189	0.0351627	0.0162075	0.05901	0.0204101	0.00995223	0.120765	0.0199935	0.0472942	0.0422604	0.193756	0.10214	0.0218294	0.00248722	0.0158357
27	0.0602259	0.0135809	0.0506958	0.0663481	0.0170527	0.0592237	0.03545	0.0218529	0.155726	0.03386	0.0172626	0.0473844	0.0188507	0.051509	0.184464	0.0762164	0.0421839	0.027975	0.0052308	0.0149072
28	0.0451122	0.0114155	0.0334927	0.057412	0.0134088	0.018925	0.0312868	0.0214997	0.235553	0.0407972	0.0147169	0.0428042	0.0180445	0.0676649	0.209457	0.0574285	0.0418367	0.0267298	0.00220218	0.0102121
29	0.0224513	0.0114006	0.0384432	0.010302	0.00381035	0.0117226	0.00485395	0.0069282	0.0165134	0.00940506	0.00478723	0.0884183	0.0285739	0.00715624	0.0138924	0.352416	0.353847	0.00940927	0.00164258	0.00402617
30	0.06112	0.0246447	0.0492231	0.0555393	0.0172351	0.0234423	0.0172224	0.0644516	0.0486006	0.058463	0.0274067	0.0450646	0.0225348	0.0383251	0.0360062	0.128145	0.185624	0.0763037	0.00336138	0.0172868
31	0.0167582	0.0141865	0.0023175	0.00357988	0.0356632	0.00498733	0.00135469	0.345025	0.0108347	0.250972	0.0452911	0.00501739	0.00343656	0.00427726	0.00385048	0.0143646	0.0225466	0.202083	0.0039909	0.00946262
32	0.0266698	0.0158474	0.0181484	0.0290043	0.0249431	0.00933486	0.00734958	0.276812	0.0175537	0.150934	0.0359278	0.00981972	0.00825747	0.0250704	0.0118274	0.0401417	0.081079	0.191561	0.00422156	0.0154976
33	0.0512597	0.011045	0.0246182	0.0461773	0.029537	0.0189842	0.0257778	0.0452258	0.185892	0.0781358	0.0485195	0.0285712	0.0184168	0.0533062	0.17274	0.0445736	0.0467297	0.0446188	0.00447695	0.0213947
34	0.0416845	0.0163175	0.0376282	0.050165	0.14834	0.0216742	0.027802	0.0399262	0.055653	0.0793205	0.021573	0.0284979	0.0266085	0.0727294	0.0561695	0.0573901	0.0439872	0.0533647	0.0146535	0.106515
35	0.0373006	0.0122536	0.0164641	0.0351607	0.0263879	0.0130979	0.0171365	0.183719	0.0830021	0.132854	0.0633077	0.018554	0.0161066	0.0320867	0.064028	0.0370952	0.0697683	0.118126	0.00503309	0.0185183
36	0.0274896	0.00286567	0.0170394	0.00901318	0.0241454	0.010101	0.0276984	0.0223247	0.297732	0.0298036	0.0155532	0.031155	0.0120524	0.0395141	0.363066	0.0295436	0.0207036	0.0123814	0.00267656	0.00514172
37	0.0110304	0.0141904	0.00424622	0.0102493	0.0494379	0.00412061	0.00349222	0.165936	0.0163547	0.479206	0.0265294	0.01291	0.0091564	0.0118558	0.00395308	0.0211164	0.0219453	0.106732	0.00156838	0.0259696
38	0.0102434	0.0131243	0.00376995	0.00893284	0.0475537	0.00363337	0.00245521	0.152169	0.0170233	0.518756	0.0259833	0.0144564	0.00935349	0.010983	0.00376224	0.0194743	0.0199133	0.0957676	0.00123167	0.0214139
39	0.0588911	0.0236545	0.0286988	0.0338363	0.0792445	0.0371862	0.10475	0.0279787	0.0520259	0.0305122	0.0111326	0.0881249	0.025225	0.0204943	0.0560724	0.117123	0.0487762	0.0276383	0.00897229	0.119663
40	0.0488115	0.0181799	0.0610406	0.0440291	0.0206232	0.0974067	0.0603853	0.136015	0.0318727	0.0515295	0.0233062	0.0344698	0.020422	0.0321836	0.0266121	0.0795328	0.0548974	0.0945719	0.0087353	0.0553752
41	0.0284207	0.00577753	0.282646	0.236346	0.0227753	0.0214074	0.0186883	0.0138478	0.0421988	0.0263727	0.00731305	0.0593775	0.0123908	0.0321463	0.0471715	0.0586006	0.0389484	0.0250415	0.00430158	0.0162283
42	0.027975	0.00262092	0.0168398	0.00776661	0.0252616	0.0102755	0.0274162	0.0223713	0.29642	0.0298372	0.0153696	0.0311091	0.0121907	0.0371152	0.367003	0.0294919	0.0207105	0.012388	0.00271389	0.00512464
43	0.029904	0.00326617	0.0203065	0.016062	0.019742	0.0125289	0.0320567	0.0196025	0.290564	0.0373854	0.0146561	0.0307496	0.0132739	0.044128	0.344581	0.0292987	0.0206444	0.0148101	0.0022849	0.00415468
44	0.079036	0.00617013	0.0946186	0.23438	0.0062627	0.0329121	0.0113621	0.0290788	0.0602758	0.0820146	0.0440114	0.0371911	0.0117219	0.0750529	0.0192081	0.0539256	0.0546941	0.0572502	0.00210672	0.00872744
45	0.0279772	0.00279114	0.0168585	0.00867698	0.0257091	0.0102165	0.0270629	0.0221244	0.297123	0.0297683	0.0151019	0.0312186	0.0121415	0.0381667	0.364183	0.0295796	0.0205939	0.0123838	0.00277218	0.0055505
46	0.0403841	0.0168199	0.00459267	0.00988188	0.0234206	0.0097785	0.00249388	0.33699	0.01781	0.0975406	0.0465688	0.00488082	0.00576419	0.00839365	0.0229402	0.0242508	0.0664775	0.250162	0.00461806	0.00623243
47	0.0618204	0.043461	0.0678756	0.0547445	0.0100918	0.0139996	0.0527167	0.0159143	0.060787	0.114175	0.0101479	0.0701152	0.0459727	0.0540735	0.0567326	0.111507	0.0967779	0.0462667	0.00306031	0.00975981
48	0.0365123	0.00597151	0.287589	0.179933	0.0130611	0.0163831	0.0105967	0.0378754	0.0355914	0.0641903	0.0114506	0.0501559	0.0088095	0.046531	0.0248962	0.0481872	0.0552205	0.0449075	0.001523	0.0206146
49	0.0201615	0.0145065	0.00194928	0.00188168	0.0273338	0.00595826	0.001201	0.450698	0.00690414	0.0979819	0.053124	0.00134713	0.00106563	0.00199844	0.00361993	0.0140458	0.0246099	0.262294	0.00569663	0.00362316
50	0.0279871	0.00254019	0.0168955	0.00795816	0.0255656	0.0104507	0.0277964	0.0228859	0.296807	0.0304295	0.015555	0.0305957	0.0128411	0.0369989	0.36348	0.0288959	0.0204725	0.0126536	0.00273413	0.00645809
51	0.030648	0.0149037	0.0220332	0.0702435	0.00215553	0.0113021	0.0223345	0.00300476	0.290757	0.0304599	0.005238	0.0339143	0.00829652	0.115808	0.263374	0.0368904	0.0202969	0.0145145	0.000590323	0.00323484
52	0.113774	0.0212905	0.0762047	0.0612907	0.0303691	0.13987	0.0366212	0.0212396	0.0351565	0.0197114	0.0112227	0.0882228	0.0234604	0.0250372	0.0319525	0.158947	0.0477786	0.0296415	0.00664425	0.0215651
53	0.0198785	0.0144299	0.00186435	0.00164117	0.0273939	0.00583211	0.00116276	0.45361	0.00679121	0.0978097	0.0531412	0.00120112	0.000980158	0.00174734	0.00330937	0.0136562	0.0236544	0.262785	0.00557679	0.003535
54	0.0287196	0.00232309	0.0191605	0.00906148	0.0251711	0.011107	0.0321279	0.0248139	0.289489	0.0334592	0.0206041	0.0311726	0.0139956	0.0343663	0.347683	0.0314517	0.0226028	0.0146037	0.00288087	0.00520606
55	0.0729747	0.00413192	0.190238	0.235512	0.00474729	0.0210792	0.0209842	0.0134548	0.0767032	0.0316732	0.0214435	0.0366619	0.0274069	0.0617327	0.0351831	0.0537519	0.0553616	0.0258069	0.0021285	0.00902408
56	0.384882	0.00914021	0.0210157	0.0302012	0.00776563	0.0603975	0.00512548	0.0275311	0.0190833	0.0157982	0.00852269	0.0119254	0.0122417	0.00997676	0.012573	0.267779	0.0574059	0.0305892	0.00185282	0.00619337
57	0.0229837	0.0142774	0.00244534	0.00293468	0.0271374	0.00612505	0.00174469	0.447081	0.00737139	0.0952674	0.0569244	0.00169355	0.00172656	0.00242051	0.004162	0.0159093	0.0243743	0.255799	0.0055114	0.00411172
58	0.0234952	0.0215034	0.019171	0.0858557	0.0221084	0.00792695	0.0131468	0.134542	0.0232292	0.16953	0.0215856	0.0127134	0.0103698	0.0840749	0.00960504	0.0648667	0.0847846	0.14958	0.00229379	0.0396179
59	0.199065	0.00998524	0.0481733	0.0597207	0.0278173	0.0349676	0.00946214	0.0272645	0.0320595	0.0244003	0.0297556	0.0250611	0.0496881	0.0391318	0.0190123	0.177837	0.110171	0.0638708	0.00258515	0.0099711
60	0.0199366	0.0144733	0.00190871	0.00176814	0.0274482	0.00581722	0.00116983	0.453105	0.0067825	0.0977939	0.0530697	0.00122279	0.000984169	0.00180088	0.00338511	0.0137351	0.0238657	0.262608	0.00556885	0.00355668
61	0.041825	0.0196542	0.0080908	0.0200387	0.0239033	0.00739069	0.00472689	0.28623	0.0173715	0.0941148	0.0447449	0.00714922	0.0044055	0.0141712	0.0257372	0.0339842	0.0928553	0.241352	0.0037882	0.00846588
62	0.127149	0.00774938	0.0158719	0.0773516	0.00709458	0.125786	0.0287838	0.0286983	0.0793025	0.0508112	0.0624885	0.0147199	0.00722325	0.0414452	0.0903199	0.0946351	0.0959389	0.0156305	0.00365426	0.0253467
63	0.0481024	0.0128758	0.083673	0.0939277	0.00293768	0.0412021	0.0440226	0.011121	0.0831267	0.0126571	0.0116057	0.171792	0.00837027	0.0948358	0.0473974	0.155188	0.0546639	0.0133021	0.000952947	0.00824564
64	0.0510511	0.0176585	0.031122	0.0853736	0.0182842	0.0117828	0.0184002	0.105869	0.0441455	0.0745004	0.066361	0.021724	0.0170146	0.0449738	0.0411852	0.0511776	0.137662	0.140784	0.00362389	0.0173055
65	0.0690195	0.0340005	0.141527	0.108281	0.00833152	0.190703	0.0298499	0.0168179	0.00935695	0.00651779	0.00505753	0.0584775	0.0252964	0.0299874	0.00657166	0.16664	0.0448878	0.0323933	0.011684	0.00459856
66	0.0488345	0.0256555	0.0483138	0.0739574	0.00675227	0.0228732	0.0362937	0.0305304	0.0634479	0.0576034	0.0238224	0.0948375	0.0108532	0.0878992	0.0367254	0.0883009	0.161276	0.0737083	0.00161815	0.00669649
67	0.0094707	0.0129251	0.00219187	0.00400267	0.0440153	0.00270059	0.00136685	0.196639	0.0154536	0.48788	0.031647	0.00958363	0.0073142	0.00569985	0.00247425	0.0143483	0.0161236	0.118606	0.00142968	0.0161275
68	0.083791	0.00808072	0.076674	0.0993006	0.00772832	0.0125448	0.0112285	0.0295492	0.0571436	0.0447286	0.0102432	0.0701303	0.0120093	0.0379297	0.0176999	0.169418	0.14202	0.103432	0.00173085	0.00461658
69	0.0686119	0.0157183	0.0526085	0.119678	0.028063	0.0296354	0.0281211	0.0270523	0.0659401	0.0368559	0.0155252	0.0270762	0.162312	0.0506991	0.045804	0.100641	0.0531081	0.0441302	0.00922145	0.0191979
70	0.054942	0.0169499	0.0587786	0.106427	0.00297039	0.033279	0.0431725	0.00584199	0.201451	0.022168	0.00730594	0.0590725	0.0385127	0.0977816	0.103554	0.0822163	0.0387424	0.018862	0.00206127	0.00591115
71	0.0198785	0.0144299	0.00186435	0.00164117	0.0273939	0.00583211	0.00116276	0.45361	0.00679121	0.0978097	0.0531412	0.00120112	0.000980158	0.00174734	0.00330937	0.0136562	0.0236544	0.262785	0.00557679	0.003535
72	0.127154	0.00604354	0.0518082	0.139604	0.002985	0.0120517	0.0096863	0.00485397	0.100432	0.028905	0.015698	0.0150336	0.0930799	0.118805	0.0399059	0.11502	0.0863348	0.00967524	0.00915496	0.0137692
73	0.00795104	0.0135625	0.00261304	0.00673867	0.0499165	0.00236109	0.0019899	0.13783	0.0164152	0.559227	0.0252024	0.0119721	0.00851852	0.00916477	0.0025443	0.0151596	0.0161501	0.0913425	0.000635062	0.020706
74	0.248633	0.00773288	0.07608	0.144101	0.00689649	0.0795136	0.0104379	0.0130954	0.0741534	0.0353165	0.0462656	0.016275	0.0167134	0.0462561	0.0237229	0.0709881	0.0365968	0.0362421	0.002226	0.00875335
75	0.0564725	0.038595	0.0395114	0.185763	0.0464028	0.0255685	0.0485365	0.0255554	0.0598841	0.0261395	0.00562663	0.0136472	0.106426	0.0173045	0.0621845	0.0957897	0.0240861	0.0885148	0.0260103	0.00798171
76	0.0708211	0.0338399	0.0283324	0.0276453	0.0142034	0.0398184	0.121761	0.0156607	0.0868731	0.0310435	0.00390082	0.127162	0.0297754	0.0151442	0.091811	0.124237	0.0499312	0.0153562	0.00307375	0.0696097
77	0.160114	0.0344216	0.00633171	0.0120225	0.0469079	0.00811265	0.00483417	0.0903126	0.0216285	0.0909606	0.0488539	0.00862766	0.00643221	0.00912397	0.0992714	0.0477004	0.0408183	0.242755	0.00283018	0.0179409
78	0.0224484	0.00269911	0.347033	0.2425	0.00658662	0.0160791	0.0123214	0.0144348	0.0567882	0.024404	0.00632279	0.0466293	0.00749912	0.0410332	0.043793	0.0417957	0.0424823	0.0160699	0.000572864	0.00850768
79	0.0266359	0.0161558	0.00226501	0.0150955	0.358623	0.00180624	0.012516	0.0255055	0.0198045	0.0472119	0.0159608	0.00654742	0.0109098	0.0101429	0.0131426	0.0268107	0.0114429	0.0349407	0.0311535	0.313329
80	0.0198785	0.0144299	0.00186435	0.00164117	0.0273939	0.00583211	0.00116276	0.45361	0.00679121	0.0978097	0.0531412	0.00120112	0.000980158	0.00174734	0.00330937	0.0136562	0.0236544	0.262785	0.00557679	0.003535
81	0.0376665	0.0106891	0.00728305	0.0447042	0.00489842	0.0114762	0.0175894	0.00916391	0.0978918	0.275751	0.08301	0.0154203	0.0126833	0.137683	0.0683952	0.0580379	0.076388	0.0246273	0.00209906	0.00454206
82	0.0345229	0.00863352	0.0987565	0.119872	0.00222625	0.0422417	0.0360744	0.00914837	0.0743405	0.0113466	0.0101318	0.182661	0.00663989	0.0722887	0.0455638	0.175586	0.0531338	0.0102586	0.000728071	0.00584519
83	0.0292585	0.0215308	0.0213492	0.0755431	0.0287163	0.00737323	0.0164453	0.139669	0.0209557	0.140717	0.0343318	0.0119625	0.00813865	0.0603319	0.015032	0.0515205	0.111392	0.168622	0.00218873	0.0349216
84	0.218377	0.0240777	0.0583804	0.0645269	0.011175	0.0945217	0.00994777	0.0408559	0.0165013	0.0123627	0.0386593	0.0481725	0.0750067	0.0159303	0.0124282	0.145136	0.0492401	0.0399279	0.00339217	0.0213805
85	0.0233158	0.0148488	0.00180609	0.0117431	0.380129	0.00149628	0.0127476	0.0241696	0.018626	0.0435758	0.0155279	0.00507781	0.0095875	0.00886054	0.0117116	0.0243384	0.0100976	0.0316298	0.0290607	0.32165
86	0.0316256	0.00990222	0.0383656	0.0127224	0.00665372	0.0131227	0.008144	0.00670391	0.0160528	0.00909746	0.00465289	0.0758787	0.0933409	0.0101897	0.014109	0.314438	0.320222	0.00929053	0.00156282	0.00392593
87	0.124641	0.00635294	0.0510588	0.143548	0.00288836	0.0116317	0.0089168	0.00464152	0.0962977	0.0275965	0.0168076	0.0163762	0.0883992	0.119313	0.0401082	0.118882	0.08955	0.00967114	0.00812148	0.0151983
88	0.0394292	0.034649	0.0541133	0.244801	0.0251668	0.0207635	0.0337738	0.0187964	0.0561933	0.0266212	0.00589954	0.0149601	0.0838305	0.0187301	0.055858	0.0872275	0.0406546	0.102793	0.0258938	0.00984588
89	0.0233926	0.0149982	0.00191159	0.0122317	0.378707	0.00149834	0.0128657	0.0240013	0.0188947	0.0438236	0.0156285	0.00542764	0.00958696	0.00935066	0.0119329	0.0245803	0.010157	0.0318037	0.0290995	0.320108
90	0.0269849	0.0165699	0.00215211	0.0146437	0.357466	0.00177216	0.0122795	0.0264401	0.019532	0.0478716	0.0163348	0.00628336	0.0109891	0.00990658	0.0134215	0.0265925	0.0115808	0.0360592	0.0312102	0.31191
91	0.023303	0.0037971	0.412251	0.205897	0.00945655	0.0198414	0.0108899	0.01269	0.0302278	0.0222121	0.00283393	0.056739	0.00431508	0.0269034	0.0298594	0.0547397	0.0435633	0.0189601	0.000481899	0.0110375
92	0.0771614	0.0324626	0.0286827	0.0246973	0.0171717	0.0464857	0.127693	0.0228388	0.0588189	0.0247268	0.00528681	0.134364	0.0232797	0.0107073	0.083676	0.119868	0.0608592	0.0160997	0.00336233	0.0817579
93	0.107771	0.00872112	0.0322166	0.0851488	0.00814792	0.0139318	0.059342	0.0729523	0.098122	0.0167854	0.0436407	0.0465188	0.00996532	0.0161879	0.0976375	0.0787713	0.115571	0.0612309	0.0172657	0.0100719
94	0.0112772	0.0156679	0.00288822	0.00869093	0.0471231	0.00275966	0.00227642	0.159387	0.0145446	0.512863	0.0267492	0.0109109	0.00787757	0.00889437	0.00381983	0.0160057	0.0174681	0.110816	0.00120248	0.0187775
95	0.0377901	0.0210525	0.0162122	0.0384651	0.137358	0.0187408	0.0197659	0.112319	0.0338735	0.106237	0.0258321	0.0180533	0.0166618	0.0275457	0.0327503	0.0460404	0.0427963	0.0912615	0.0463736	0.110871
96	0.0439833	0.0116262	0.0870876	0.0980248	0.00184987	0.0432922	0.0405363	0.0105737	0.079383	0.00943186	0.0119678	0.181006	0.00644561	0.096544	0.043499	0.160467	0.0556233	0.0120885	0.00067529	0.00589439
97	0.0678012	0.020919	0.170802	0.109106	0.0107937	0.113244	0.0291344	0.0183307	0.0343718	0.0145231	0.00837844	0.0824926	0.0365568	0.0365779	0.0235338	0.129106	0.0505039	0.0262245	0.00598132	0.0116173
98	0.133543	0.00902607	0.0722761	0.128723	0.00306614	0.035753	0.0332642	0.00483475	0.162117	0.0206648	0.0134546	0.0167144	0.0547396	0.0896283	0.0623438	0.075728	0.0511981	0.022285	0.00326174	0.00737802
99	0.105417	0.012584	0.0326331	0.0623416	0.0123607	0.0942286	0.0289004	0.0236346	0.0852113	0.0708392	0.0320932	0.0345221	0.0167998	0.0756169	0.0932882	0.105223	0.0614714	0.0305183	0.00539015	0.0169266
100	0.0253837	0.0151234	0.00299016	0.00479846	0.0254479	0.00679782	0.00166583	0.416433	0.0107117	0.0983701	0.0507493	0.00230021	0.0023912	0.00443643	0.00757594	0.0169576	0.0387465	0.259287	0.00556628	0.00426717
101	0.0307128	0.0133162	0.0205817	0.0559846	0.00556529	0.0108708	0.0235528	0.00658778	0.290145	0.0373542	0.00967575	0.0316022	0.00892326	0.103724	0.280271	0.0328814	0.0195857	0.0144242	0.000941396	0.00330094
102	0.179296	0.0143703	0.036322	0.15722	0.00424624	0.038472	0.0112703	0.0071764	0.105167	0.0191456	0.033607	0.0210256	0.028772	0.0762627	0.0597328	0.0965707	0.0736681	0.0135174	0.00359429	0.0205629
103	0.142197	0.29253	0.00966794	0.0136462	0.00797868	0.0106283	0.00644534	0.0117633	0.0152862	0.0615314	0.00632847	0.0104462	0.00768755	0.0111259	0.0121052	0.221091	0.11324	0.0287109	0.00238571	0.0152054
104	0.0233158	0.0148488	0.00180609	0.0117431	0.380129	0.00149628	0.0127476	0.0241696	0.018626	0.0435758	0.0155279	0.00507781	0.0095875	0.00886054	0.0117116	0.0243384	0.0100976	0.0316298	0.0290607	0.32165
105	0.0245732	0.0036246	0.363768	0.244132	0.00670423	0.0296416	0.0160986	0.00990466	0.0376919	0.0173883	0.00299349	0.055233	0.00484319	0.0273723	0.0407399	0.0604782	0.0302208	0.0146278	0.000769873	0.00919463
106	0.049807	0.010935	0.0133307	0.0513101	0.01122	0.0364346	0.0175542	0.0219673	0.114135	0.186937	0.0759232	0.0211645	0.0147588	0.0980504	0.136288	0.0432804	0.0506982	0.0340054	0.00334391	0.00885632
107	0.25756	0.0136871	0.0364288	0.048358	0.0117971	0.080813	0.0219389	0.0213985	0.0440098	0.0212917	0.0157275	0.0334333	0.0172169	0.0222272	0.0464531	0.200428	0.0595676	0.0281579	0.0036397	0.015866
108	0.0703272	0.0288132	0.0282129	0.0257699	0.0175916	0.0471995	0.138558	0.018489	0.0599903	0.0243329	0.00424812	0.136285	0.025291	0.0116235	0.0790301	0.132768	0.0523378	0.0155106	0.0039093	0.0797112
109	0.0355168	0.0121372	0.0398121	0.0853407	0.0059874	0.0146969	0.0291062	0.00845324	0.264577	0.0337943	0.00868477	0.0333912	0.0142882	0.0924821	0.23059	0.0412546	0.0252376	0.0180217	0.00155865	0.00507016
110	0.0233158	0.0148488	0.00180609	0.0117431	0.380129	0.00149628	0.0127476	0.0241696	0.018626	0.0435758	0.0155279	0.00507781	0.0095875	0.00886054	0.0117116	0.0243384	0.0100976	0.0316298	0.0290607	0.32165
111	0.0426472	0.0216719	0.0267823	0.0560283	0.0518691	0.0545463	0.0993749	0.0219342	0.0436821	0.0290471	0.0105695	0.0327327	0.0803072	0.11262	0.0741705	0.097806	0.0404851	0.0694428	0.0138948	0.0203877
112	0.0139931	0.0173641	0.00325889	0.00798346	0.0453394	0.00372579	0.00268099	0.174193	0.015991	0.478485	0.0279626	0.0110997	0.00843069	0.00938567	0.00495361	0.0203685	0.0215697	0.113564	0.00149862	0.0181527
113	0.0489552	0.0148217	0.0205947	0.0334409	0.0233857	0.0408754	0.0131092	0.182505	0.0248178	0.141859	0.0238059	0.0199738	0.019654	0.0337233	0.0183198	0.111061	0.0845096	0.116042	0.00503566	0.0235098
114	0.0399317	0.0124883	0.263975	0.156029	0.00708074	0.0759899	0.0233068	0.0119889	0.0354688	0.0132216	0.0049635	0.0915288	0.0107887	0.0355323	0.0271648	0.119861	0.0418199	0.0178431	0.00306324	0.00795391
115	0.117768	0.271669	0.0114187	0.0144704	0.00770667	0.0103049	0.00704972	0.0108394	0.0165912	0.0625403	0.00646733	0.0157559	0.00880734	0.011012	0.0123565	0.250848	0.120071	0.0265677	0.00258884	0.0151683
116	0.295208	0.0138812	0.0307937	0.0452988	0.00846941	0.0450794	0.0103646	0.0213758	0.04783	0.0221212	0.0101809	0.0248388	0.0151746	0.0193477	0.0227022	0.213558	0.109533	0.0331767	0.00243171	0.00863413
117	0.0425638	0.012118	0.0303609	0.0774553	0.00311485	0.0162585	0.0358629	0.00497338	0.315408	0.0435241	0.00771683	0.0256668	0.0229143	0.109622	0.152594	0.0449748	0.0237064	0.0252405	0.00118287	0.00474202
118	0.0294317	0.0139781	0.0217037	0.0641819	0.00401859	0.0106481	0.0223173	0.00452995	0.295938	0.0294058	0.00573695	0.0351179	0.0085197	0.107787	0.2725	0.0366917	0.0195534	0.0137549	0.000766051	0.00341907
119	0.0197917	0.0144302	0.00185743	0.00168424	0.0276573	0.00578901	0.00117343	0.450915	0.00693987	0.102267	0.0528107	0.00131244	0.00102818	0.00174669	0.00330034	0.0136342	0.0235052	0.260989	0.00550555	0.00366177
120	0.0259133	0.00317976	0.379411	0.238016	0.00689635	0.023985	0.0165978	0.00974499	0.0366498	0.0179199	0.00291841	0.0565943	0.00424878	0.0278053	0.0374695	0.056875	0.0304824	0.0149463	0.000572488	0.00977362
121	0.051413	0.0218511	0.0231819	0.082197	0.0175144	0.00468921	0.0196012	0.118697	0.0367963	0.050658	0.0397291	0.0181179	0.00688466	0.0364765	0.048498	0.0570497	0.165996	0.185722	0.00228902	0.0126373
122	0.0198785	0.0144299	0.00186435	0.00164117	0.0273939	0.00583211	0.00116276	0.45361	0.00679121	0.0978097	0.0531412	0.00120112	0.000980158	0.00174734	0.00330937	0.0136562	0.0236544	0.262785	0.00557679	0.003535
123	0.0368928	0.00628605	0.0177188	0.0257614	0.0164193	0.0147792	0.0234889	0.01439	0.266735	0.0279269	0.0112894	0.029604	0.00971624	0.0565946	0.35274	0.0420416	0.0277058	0.0127454	0.00274354	0.00442102
124	0.0296048	0.00909772	0.407927	0.176223	0.00762511	0.040802	0.0124465	0.0149713	0.0244316	0.0182187	0.00257579	0.0589459	0.00610154	0.0229701	0.0239829	0.0730152	0.0421334	0.0182626	0.00166954	0.00899606
125	0.0285977	0.0161158	0.00845229	0.0175473	0.320294	0.00626902	0.0179743	0.0307942	0.0251089	0.0599393	0.0166295	0.0145209	0.0123263	0.012777	0.0169241	0.032414	0.0171538	0.0361457	0.0253563	0.28466
126	0.0350546	0.0148035	0.0252612	0.0534778	0.0208273	0.00973522	0.0113958	0.179609	0.0213109	0.13646	0.0242517	0.0199489	0.0148481	0.0490769	0.0151691	0.0764888	0.116197	0.149963	0.00260746	0.0235138
127	0.067723	0.0131456	0.0309231	0.0537144	0.032098	0.0253131	0.029064	0.0271101	0.041227	0.0435975	0.012352	0.0278339	0.279411	0.0396276	0.035375	0.127532	0.0594149	0.0314664	0.00498213	0.0180893
128	0.0221182	0.0113409	0.0389351	0.00973736	0.00381294	0.0113167	0.00457264	0.00664559	0.0164203	0.00932679	0.00449853	0.0878727	0.0287705	0.00684904	0.013678	0.353567	0.356154	0.00888584	0.00163454	0.00386364
129	0.0305475	0.00402984	0.361218	0.193756	0.0127819	0.0157061	0.00924213	0.0161119	0.0356669	0.0363273	0.00689828	0.056234	0.00676402	0.0374291	0.0278752	0.0496185	0.059152	0.0280158	0.000782222	0.0118439
130	0.0198785	0.0144299	0.00186435	0.00164117	0.0273939	0.00583211	0.00116276	0.45361	0.00679121	0.0978097	0.0531412	0.00120112	0.000980158	0.00174734	0.00330937	0.0136562	0.0236544	0.262785	0.00557679	0.003535
131	0.0201508	0.0136014	0.00536137	0.0158931	0.0425722	0.00547537	0.00430182	0.144709	0.0273582	0.440461	0.0435137	0.0133892	0.0106523	0.0219604	0.0177273	0.0218282	0.0309866	0.0982142	0.00210272	0.0197416
132	0.0321928	0.00942204	0.0305434	0.0311679	0.0353207	0.0180155	0.0525597	0.0196996	0.206966	0.032197	0.014927	0.0512331	0.0189804	0.0554703	0.267046	0.0495847	0.0287891	0.0229976	0.00701311	0.0158745
133	0.126545	0.221862	0.0172132	0.0216816	0.0131926	0.0205089	0.0167651	0.019659	0.0210398	0.0505855	0.00996283	0.0241716	0.0152491	0.0151086	0.0206009	0.21655	0.0839363	0.048408	0.00331193	0.0336476
134	0.0306894	0.00653659	0.0208326	0.0296327	0.0172609	0.0117588	0.0276447	0.0168233	0.289557	0.0311822	0.0127102	0.0317671	0.0123585	0.0570863	0.327331	0.0337854	0.0222407	0.0139954	0.00207902	0.00472855
135	0.127723	0.035439	0.00909845	0.019326	0.0552867	0.00867556	0.00703449	0.0944326	0.03524	0.0707768	0.0462225	0.0102463	0.00841182	0.0138037	0.102053	0.0615212	0.0563217	0.220128	0.00284665	0.0154117
136	0.0496298	0.010105	0.0105928	0.0391108	0.0117701	0.00890491	0.011369	0.138448	0.0554401	0.0948418	0.0851224	0.0138398	0.0429758	0.0490395	0.0789098	0.029996	0.142877	0.113858	0.00230035	0.0108678
137	0.0644724	0.0157854	0.0378741	0.0624464	0.0201996	0.0288092	0.0418315	0.0331092	0.152572	0.0394641	0.0226794	0.0502179	0.0221465	0.0446003	0.0989703	0.0782696	0.093276	0.036762	0.00563548	0.0508785
138	0.0341809	0.0261371	0.0403775	0.0256904	0.00640922	0.0197186	0.0214065	0.00984787	0.043204	0.0175035	0.00716038	0.0967352	0.0212709	0.0214495	0.0379226	0.281603	0.260646	0.0152819	0.00202644	0.0114287
139	0.0894909	0.0252432	0.117704	0.0856445	0.0103883	0.16126	0.027763	0.0155148	0.0238081	0.00978197	0.00727102	0.0793719	0.0205609	0.0308642	0.0160781	0.188232	0.0497338	0.0264286	0.00752903	0.00733188
140	0.0247683	0.0162472	0.0129377	0.0404602	0.029641	0.00884467	0.00807724	0.206134	0.0230654	0.226137	0.0318455	0.0131532	0.0115751	0.0452578	0.0140149	0.0404334	0.064797	0.156426	0.00344746	0.0227357
141	0.0353801	0.0115141	0.0170371	0.0279364	0.0560409	0.0195239	0.0142714	0.123752	0.0370507	0.0919113	0.0143384	0.041435	0.0581609	0.0694527	0.0163016	0.135468	0.0714372	0.0879941	0.00453367	0.0664602
142	0.0371481	0.00722052	0.181666	0.178759	0.00368604	0.0305266	0.0325152	0.0103062	0.089725	0.0183944	0.0093356	0.105614	0.010556	0.071643	0.0490871	0.0947464	0.0447668	0.0164184	0.000743547	0.00714274
143	0.0331772	0.0152568	0.0158667	0.04407	0.0186833	0.0125552	0.0362847	0.1806	0.0341601	0.0640501	0.0997546	0.0148975	0.0135474	0.0370284	0.0267715	0.0401164	0.114052	0.154692	0.00495886	0.0394776
144	0.0470231	0.0143509	0.0447774	0.0962974	0.00167434	0.0205477	0.0392386	0.00379572	0.267607	0.030722	0.00563754	0.028634	0.025364	0.0923251	0.170117	0.054774	0.0327018	0.0189688	0.00107099	0.00437343
145	0.0270792	0.0146465	0.00536948	0.0146394	0.334438	0.00527875	0.0132678	0.0428955	0.0244138	0.0578023	0.0185692	0.00783076	0.0103861	0.0131789	0.0204878	0.0286201	0.0151829	0.0440278	0.0256429	0.276243
146	0.0425738	0.0114041	0.0796715	0.139311	0.00364521	0.0350643	0.0349656	0.019267	0.078549	0.0281413	0.012933	0.123751	0.00950307	0.0801176	0.0393957	0.140508	0.0725312	0.0404878	0.00178521	0.00639568
147	0.0322942	0.0160856	0.00221002	0.00275246	0.030005	0.00602954	0.00137476	0.419441	0.00811401	0.095949	0.0525193	0.00172885	0.00137682	0.00245105	0.00937677	0.0159904	0.0263227	0.26627	0.00530043	0.00440753
148	0.0260596	0.0159987	0.00201802	0.013839	0.36309	0.00165572	0.0123462	0.025863	0.0192091	0.046673	0.0160612	0.00587441	0.0106351	0.00956385	0.0128752	0.0259072	0.011232	0.0348201	0.0307534	0.315525
149	0.0609026	0.0152936	0.138891	0.0882637	0.0151446	0.0416552	0.0198506	0.0717387	0.045465	0.0453895	0.0179669	0.040914	0.0579015	0.0404464	0.0308207	0.0897543	0.104428	0.055519	0.00531295	0.0143423
150	0.0428985	0.0186794	0.0122339	0.0235169	0.0590957	0.0303623	0.0109653	0.202975	0.0221228	0.169664	0.0324324	0.0141185	0.0145744	0.0210394	0.0215721	0.0444646	0.0457679	0.176859	0.00720391	0.0294534
151	0.12627	0.0209615	0.110407	0.0765778	0.0344529	0.137022	0.0283039	0.0212808	0.0309216	0.0206661	0.0148302	0.0546984	0.0261466	0.0281881	0.027773	0.135589	0.0474994	0.0344017	0.00747009	0.0165411
152	0.0683582	0.0247306	0.0732805	0.078454	0.0206483	0.133955	0.0345046	0.0288721	0.041238	0.0305281	0.0154841	0.0439272	0.0255282	0.0778358	0.0398617	0.111503	0.0556522	0.0413503	0.0388287	0.0154591
153	0.0655597	0.0175732	0.0571126	0.077282	0.0143461	0.0681128	0.0274125	0.029132	0.0602536	0.0403329	0.0222477	0.0587215	0.0242959	0.092618	0.0417892	0.0992345	0.13539	0.0482734	0.00699604	0.0133161
154	0.0340413	0.00706495	0.0194017	0.0337235	0.0143306	0.012491	0.025713	0.0141157	0.278846	0.0359126	0.0119793	0.0290399	0.0114707	0.0704356	0.326034	0.0324576	0.0223986	0.014179	0.00223237	0.00413292
155	0.0680432	0.0337585	0.143311	0.108461	0.00818803	0.189644	0.0302551	0.0164952	0.0100605	0.00636493	0.00508131	0.0595726	0.025748	0.0305414	0.00684227	0.165147	0.0445121	0.031782	0.0114249	0.00476608
156	0.037371	0.0479553	0.0304376	0.15078	0.0324579	0.0257309	0.0928857	0.020089	0.0469492	0.0309034	0.0126801	0.0254711	0.0403369	0.093776	0.0753141	0.0603302	0.0387094	0.079389	0.042554	0.0158795
157	0.0366894	0.0158564	0.0276168	0.0610169	0.0158206	0.0248287	0.0583628	0.016042	0.177325	0.035275	0.0134166	0.0348149	0.0198521	0.122613	0.188627	0.0511717	0.0356562	0.0477259	0.00762212	0.00966688
158	0.0299476	0.0065571	0.0175701	0.0182594	0.0196651	0.0118405	0.0246123	0.0176719	0.274358	0.0273748	0.0130052	0.034195	0.0107688	0.0447284	0.357301	0.0415909	0.0297671	0.0130843	0.0028039	0.00489877
159	0.053484	0.013827	0.0618007	0.112268	0.00613165	0.0266586	0.0306545	0.0122661	0.189402	0.0314865	0.0111122	0.0554201	0.0196298	0.0758171	0.125789	0.0901485	0.0457727	0.026813	0.00278231	0.00873626
160	0.028457	0.0167204	0.0059938	0.0210748	0.330943	0.00690886	0.0166015	0.030824	0.0230751	0.0494998	0.0160267	0.0107071	0.0142021	0.0136897	0.0178971	0.0318503	0.0155181	0.038946	0.0345819	0.276483
161	0.0200565	0.0140772	0.002462	0.00304518	0.0285026	0.00593743	0.00263886	0.443585	0.0086735	0.0957014	0.0598905	0.00156215	0.00147056	0.00333161	0.00390855	0.014187	0.0263996	0.253435	0.00570793	0.00542673
162	0.0231431	0.0152526	0.00226177	0.00277212	0.0273532	0.0064009	0.00130495	0.439899	0.0076452	0.098652	0.0515519	0.00156334	0.00129153	0.00293051	0.00466529	0.014649	0.0272423	0.26077	0.00647478	0.00417575
163	0.0352974	0.0087791	0.245737	0.152386	0.00992679	0.0163825	0.0124933	0.044261	0.0498986	0.0437137	0.0136713	0.0423881	0.0107383	0.0567293	0.0277184	0.0533681	0.101649	0.0619079	0.00189542	0.0110595
164	0.347482	0.00924935	0.0310549	0.0371716	0.00916444	0.0781687	0.00933303	0.0359209	0.0236954	0.0179909	0.0125656	0.0187361	0.0175881	0.0152186	0.0161911	0.222251	0.0539361	0.0323037	0.00268183	0.00929683
165	0.0198211	0.014341	0.00193499	0.00197912	0.0277816	0.00579457	0.00121359	0.449592	0.0069185	0.102409	0.053089	0.00140192	0.00105482	0.002048	0.00331412	0.0136203	0.0235959	0.260695	0.0055078	0.00388809
166	0.00900651	0.0134537	0.00208089	0.00456717	0.0467326	0.00255791	0.00144263	0.174972	0.0151792	0.516066	0.0297612	0.0106701	0.00757458	0.00666815	0.00262177	0.0138645	0.0158211	0.108216	0.00108906	0.0176552
167	0.0233158	0.0148488	0.00180609	0.0117431	0.380129	0.00149628	0.0127476	0.0241696	0.018626	0.0435758	0.0155279	0.00507781	0.0095875	0.00886054	0.0117116	0.0243384	0.0100976	0.0316298	0.0290607	0.32165
168	0.0222401	0.0148848	0.00307292	0.00509121	0.0277174	0.00610544	0.00192201	0.400509	0.00999602	0.126446	0.0522452	0.00257645	0.00231118	0.00458732	0.0067111	0.0171782	0.0364349	0.249758	0.00492564	0.00528773
169	0.220526	0.0396911	0.00954292	0.0141504	0.0294022	0.0124753	0.00630214	0.0824324	0.0191355	0.0492573	0.0251094	0.00998109	0.0071681	0.0127801	0.0491006	0.0372958	0.0671304	0.293791	0.00264748	0.0120813
170	0.1688	0.0162784	0.157431	0.0747293	0.0109496	0.0869067	0.0160497	0.0183957	0.0253705	0.0165387	0.0102108	0.0468012	0.0176141	0.024225	0.0175945	0.198439	0.0504166	0.0301851	0.00504947	0.00801531
171	0.134476	0.298598	0.00931224	0.01355	0.00766301	0.00992659	0.00657972	0.0102908	0.0152528	0.0652804	0.00648375	0.0102459	0.00749209	0.011479	0.0117639	0.227465	0.109327	0.026708	0.00248721	0.0156184
172	0.0445285	0.0143325	0.0753146	0.0682031	0.00731206	0.0586567	0.0331209	0.011964	0.0505053	0.0129197	0.00845919	0.139291	0.0187317	0.0441822	0.0332675	0.214007	0.134699	0.0153317	0.00266318	0.0125109
173	0.0729653	0.0356619	0.135529	0.105204	0.00861697	0.190912	0.0284485	0.0165221	0.0104964	0.00703789	0.00547306	0.0575101	0.0244753	0.0289505	0.00756737	0.172201	0.0456306	0.031164	0.0108272	0.00480709
174	0.0233158	0.0148488	0.00180609	0.0117431	0.380129	0.00149628	0.0127476	0.0241696	0.018626	0.0435758	0.0155279	0.00507781	0.0095875	0.00886054	0.0117116	0.0243384	0.0100976	0.0316298	0.0290607	0.32165
175	0.0308284	0.00651986	0.355092	0.177574	0.00857478	0.0333948	0.0160919	0.0135538	0.0352889	0.0207321	0.0046315	0.0751961	0.00751819	0.0325668	0.0301172	0.0758024	0.0462076	0.0184403	0.00131019	0.0105585
176	0.0542467	0.0181195	0.00831567	0.0719515	0.00577242	0.0114287	0.0109799	0.0124443	0.0968717	0.261508	0.0994469	0.0172046	0.0151891	0.132138	0.0641088	0.033168	0.0476449	0.0322209	0.00224716	0.0049941
177	0.0477384	0.0273149	0.0166959	0.0444683	0.0183936	0.00812648	0.0142406	0.117081	0.0378633	0.0698047	0.0450445	0.0365452	0.00919351	0.034235	0.0466179	0.0535774	0.162495	0.185573	0.0026243	0.0223666
178	0.00782154	0.0132429	0.00250917	0.00584413	0.0492979	0.00243457	0.00171811	0.138397	0.0160419	0.565049	0.0254885	0.012494	0.00841434	0.00833488	0.00247568	0.0146753	0.0154052	0.0896953	0.000587824	0.0200734
179	0.0369537	0.0172458	0.0190573	0.0604394	0.208725	0.0111004	0.0235408	0.027111	0.0271127	0.076011	0.0193591	0.0339262	0.0151277	0.0232267	0.0538386	0.0457209	0.023391	0.0708294	0.0389939	0.16829
180	0.0375354	0.00740997	0.256907	0.188387	0.0179104	0.0289804	0.0231643	0.0148442	0.0461042	0.02559	0.00870689	0.0781208	0.0111693	0.0386311	0.0389044	0.0788078	0.0453169	0.0218751	0.00396392	0.027671
181	0.0365138	0.0105071	0.210187	0.144229	0.005601	0.0514852	0.0260191	0.0111557	0.0494642	0.0146951	0.00683662	0.118924	0.00796514	0.0473476	0.0328009	0.144073	0.053717	0.0184461	0.00244528	0.00758708
182	0.0646256	0.0178537	0.0535431	0.0635386	0.00942045	0.0327684	0.0856358	0.012697	0.0643932	0.0212319	0.00670796	0.151258	0.0830465	0.0330805	0.0555383	0.14261	0.0545871	0.0133445	0.00214136	0.031978
183	0.0458406	0.00966534	0.126503	0.126957	0.00580478	0.018032	0.0194693	0.0204822	0.155933	0.0341782	0.0139194	0.0333398	0.0190268	0.0936788	0.0405401	0.0547091	0.104978	0.0661888	0.00272421	0.00803043
184	0.037571	0.0155649	0.0258533	0.0431735	0.0330336	0.014192	0.0143153	0.0749088	0.0473631	0.279739	0.0554618	0.0613044	0.0138614	0.0461312	0.0413151	0.0485065	0.0541162	0.0690953	0.00414861	0.0203447
185	0.0350202	0.0123256	0.029605	0.0732391	0.00523371	0.0144697	0.0292609	0.0068264	0.279651	0.031168	0.0073799	0.0323788	0.0129931	0.0914421	0.25065	0.041745	0.0243206	0.0170157	0.00128066	0.00399459
186	0.0121133	0.0133519	0.00354474	0.00908785	0.0455546	0.00362741	0.00255754	0.15711	0.0171181	0.505273	0.0306232	0.01117	0.00845883	0.0108172	0.00565504	0.0176954	0.0205233	0.105889	0.00137465	0.0184548
187	0.0335525	0.014368	0.022888	0.0726344	0.00175879	0.0122014	0.0245474	0.0032158	0.289823	0.0359143	0.00633908	0.0317501	0.00947942	0.112793	0.253548	0.0351685	0.0203143	0.015831	0.000596852	0.00327656
188	0.0583023	0.0114886	0.100656	0.157782	0.00898798	0.0236285	0.0276097	0.0143689	0.152637	0.0333449	0.0130624	0.0467712	0.0214081	0.0676728	0.102015	0.0702619	0.045605	0.0298051	0.00319791	0.0113943
189	0.391507	0.00651854	0.0202308	0.0307991	0.00728577	0.0623044	0.00547041	0.0272379	0.0194093	0.0151137	0.00850775	0.0125395	0.0124358	0.0101459	0.0130156	0.265883	0.0550436	0.0284767	0.00197458	0.00610017
190	0.00953368	0.0133796	0.00246505	0.00583728	0.0778814	0.0023823	0.00264787	0.127575	0.0187284	0.519715	0.0246524	0.0118347	0.00875156	0.00780669	0.00564396	0.0152986	0.0143681	0.0830812	0.00336521	0.0450522
191	0.0647999	0.00461717	0.157193	0.239445	0.00508553	0.0170859	0.010387	0.0149406	0.0529379	0.045264	0.0111952	0.0532067	0.0108029	0.0408304	0.0222598	0.112087	0.0732015	0.0553674	0.00180065	0.0074924
192	0.0132011	0.0141465	0.00735399	0.0188375	0.0512789	0.00530417	0.00433791	0.141345	0.017231	0.447613	0.0232582	0.0186543	0.0119214	0.025653	0.00519611	0.0297881	0.0303435	0.101687	0.00176938	0.0310798
193	0.0135462	0.0146822	0.00313444	0.00817298	0.0679812	0.00335098	0.00292776	0.154569	0.0169926	0.467564	0.0284614	0.0116596	0.0085859	0.00988711	0.0058762	0.0174866	0.0183105	0.107155	0.00325325	0.0364024
194	0.037792	0.0125412	0.0292662	0.083514	0.00218017	0.0174738	0.0320238	0.00358013	0.279569	0.0301982	0.00507427	0.030632	0.012525	0.0954846	0.24474	0.0411259	0.0205916	0.0163282	0.000633589	0.00472623
195	0.0432422	0.0111974	0.0884077	0.0987223	0.0019282	0.0430054	0.0398783	0.0103836	0.0776258	0.00962414	0.0118383	0.182062	0.00658906	0.0941386	0.0438492	0.162778	0.0565264	0.0116899	0.000697585	0.00581621
196	0.0220867	0.0145049	0.00218119	0.00252362	0.0265717	0.00618759	0.00141355	0.438755	0.00805305	0.0982971	0.0527702	0.00166425	0.00125701	0.00231259	0.00561122	0.0149326	0.029102	0.262544	0.00545054	0.00378078
