251	20
1	0.0476244	0.00648614	0.00453668	0.00546724	0.200955	0.029442	0.00424022	0.0561692	0.00609446	0.255261	0.184039	0.0287727	0.00317411	0.00975878	0.0091734	0.0382361	0.0112153	0.0791863	0.00314332	0.017025
2	0.0527526	0.00364681	0.0517019	0.0682236	0.00675875	0.104345	0.0128524	0.0286797	0.0296894	0.0144382	0.0108206	0.186012	0.10264	0.0245575	0.051265	0.17029	0.0532567	0.0144152	0.00116143	0.0124933
3	0.011773	0.00302385	0.000918065	0.0033324	0.0894634	0.000593066	0.000751972	0.333421	0.0021376	0.258943	0.07902	0.00232763	0.00226909	0.00631669	0.00220146	0.00461927	0.0132749	0.166211	0.00145755	0.0179447
4	0.408889	0.0131167	0.00708114	0.00883284	0.00495278	0.146434	0.00320137	0.0195341	0.00871341	0.0082897	0.0154642	0.0142825	0.0304231	0.00519799	0.00524608	0.212255	0.0422003	0.0405337	0.000608827	0.00474313
5	0.0108684	0.00224296	0.000397601	0.00280399	0.0563294	0.00108908	0.000881046	0.425548	0.00183661	0.188759	0.073221	0.0024293	0.000226029	0.00317249	0.000595244	0.00279232	0.00881099	0.209649	0.000184468	0.00816363
6	0.0742634	0.0338577	0.00983435	0.00740547	0.0132991	0.0116865	0.00596688	0.180933	0.00281797	0.16114	0.073372	0.00935145	0.007447	0.00821361	0.0081129	0.0270306	0.0576755	0.294925	0.00167483	0.0109926
7	0.00658566	0.00407048	0.00165105	0.00236981	0.0155265	0.00119994	0.0139393	0.346765	0.0397538	0.183365	0.0422308	0.0195439	0.000440955	0.0100265	0.0334747	0.0124845	0.055844	0.198304	0.000395114	0.0120287
8	0.0265694	0.0101114	0.00239647	0.00692486	0.155338	0.00100483	0.000692373	0.20374	0.00610574	0.29094	0.0753445	0.00212871	0.0105061	0.00346452	0.0041578	0.00788846	0.0153956	0.135544	0.005148	0.0365998
9	0.0126765	0.0398687	0.0418986	0.0737855	0.00510411	0.00491842	0.00448535	0.108645	0.0657085	0.114295	0.0267039	0.0405297	0.00196312	0.142055	0.0234309	0.0292839	0.097045	0.160135	0.00196031	0.00550754
10	0.0676518	0.0370504	0.0180441	0.0233846	0.0298968	0.019829	0.0318234	0.0450292	0.124301	0.107762	0.0298103	0.0571065	0.00583106	0.0432509	0.0556408	0.119163	0.0333125	0.0457888	0.0746866	0.0306376
11	0.115303	0.0362626	0.00407441	0.0142038	0.0340141	0.0340969	0.0256362	0.130043	0.00438208	0.0653629	0.0789409	0.0298966	0.00518346	0.00555888	0.0114521	0.0576782	0.0880125	0.218652	0.000782358	0.0404635
12	0.0710136	0.00804061	0.0489895	0.0372793	0.00900708	0.0678409	0.0263367	0.0173026	0.0337745	0.0139357	0.0138703	0.191994	0.011351	0.0282303	0.0324714	0.251604	0.0984612	0.0220031	0.00194056	0.0145532
13	0.0349013	0.00266676	0.0649437	0.0910048	0.0046513	0.0166152	0.0406407	0.0247068	0.163092	0.00917189	0.00571407	0.0610906	0.0329121	0.106686	0.143546	0.113651	0.0488805	0.0246515	0.000364605	0.0101094
14	0.0113267	0.0203171	0.0703163	0.120133	0.0795292	0.00830494	0.0410079	0.04546	0.00779951	0.0499791	0.0593463	0.0260986	0.00265035	0.0771724	0.0223962	0.113334	0.0600274	0.0270558	0.00176185	0.155984
15	0.00725031	0.00104426	0.000416868	0.00323326	0.0705722	0.000529393	0.000707435	0.416408	0.000739582	0.227262	0.0702314	0.00161979	0.000196732	0.00336948	0.000412948	0.00300368	0.00671736	0.178828	0.000230694	0.0072265
16	0.0204429	0.00779667	0.377913	0.157687	0.00903245	0.0230125	0.0140391	0.0171138	0.0382836	0.0143885	0.0124191	0.121651	0.00586061	0.0312622	0.0224261	0.0713404	0.0285521	0.0181275	0.00132679	0.00732492
17	0.0491017	0.00388098	0.0581221	0.0463654	0.00599043	0.248692	0.0184939	0.0088874	0.0346502	0.00960172	0.0107696	0.213171	0.00889208	0.0155596	0.032113	0.14958	0.0664288	0.0103025	0.000464214	0.00893307
18	0.014072	0.00448905	0.00101071	0.00482093	0.330925	0.00114297	0.0161356	0.0509347	0.00666655	0.0490884	0.0161359	0.0015607	0.000440752	0.00173558	0.00552008	0.00786347	0.00651394	0.00906402	0.00745421	0.464426
19	0.0386607	0.00286849	0.309826	0.427852	0.00341394	0.00493966	0.00335336	0.0178518	0.0045864	0.0152608	0.00609982	0.0261148	0.0010407	0.0504909	0.00442002	0.0359065	0.00700484	0.035383	0.00143676	0.00348886
20	0.0350439	0.00293127	0.32834	0.413078	0.0033822	0.00533582	0.00328488	0.0160848	0.0053868	0.0158304	0.00583752	0.0301062	0.00106385	0.0485327	0.00472149	0.0372163	0.00609246	0.0334665	0.000918744	0.00334607
21	0.0606083	0.0145644	0.014522	0.010575	0.0206015	0.00777807	0.00730708	0.172285	0.00369082	0.16862	0.0536712	0.0115579	0.00232932	0.0124694	0.0122122	0.0299038	0.0776702	0.3012	0.00389317	0.0145414
22	0.0219206	0.00153096	0.00146376	0.00269391	0.276429	0.00429803	0.00792285	0.165133	0.00290397	0.131281	0.0481716	0.00222725	0.00107029	0.00253049	0.00271727	0.0165912	0.0277072	0.104272	0.00108324	0.178052
23	0.0257211	0.00842917	0.00227976	0.00629129	0.164898	0.0015295	0.00116654	0.189903	0.00567671	0.287677	0.0763623	0.00210238	0.00975917	0.00345334	0.00408376	0.00937892	0.0157906	0.129119	0.00619247	0.0501857
24	0.0211025	0.00952946	0.00696314	0.0283569	0.00307635	0.0146448	0.0110245	0.0451487	0.271385	0.019838	0.0227992	0.0278249	0.000889823	0.0312358	0.406837	0.0282804	0.0141786	0.0249418	0.00914306	0.00280008
25	0.0404288	0.00455398	0.031061	0.0525834	0.00321754	0.0083621	0.0390204	0.0245777	0.210526	0.0093268	0.0100124	0.0810132	0.0120556	0.127868	0.188429	0.0812416	0.0434639	0.0263106	0.000453214	0.0054948
26	0.0308271	0.00241045	0.00237676	0.00391819	0.149786	0.0110516	0.00552036	0.208599	0.00366209	0.143447	0.0474163	0.00360477	0.00197906	0.0038619	0.0032731	0.0121353	0.0533702	0.120423	0.00114878	0.19119
27	0.0107375	0.00597937	0.254985	0.194668	0.00854834	0.0984508	0.00858082	0.0247751	0.0301549	0.0141567	0.0185317	0.124206	0.00572534	0.0253859	0.0156272	0.103272	0.0344507	0.0107467	0.000558769	0.0104583
28	0.0043351	0.00248936	0.0137175	0.0146674	0.00143774	0.0163646	0.0253946	0.00986566	0.331095	0.0115542	0.0194649	0.0634559	0.000465801	0.0232454	0.423352	0.0226302	0.00575785	0.00746198	0.00199658	0.00124853
29	0.0142007	0.0049281	0.000931426	0.00534814	0.331549	0.00107989	0.0166905	0.0410264	0.00741093	0.038147	0.012032	0.00154912	0.000431907	0.00161716	0.00469209	0.0076417	0.00597187	0.00235453	0.00823514	0.494162
30	0.0145154	0.00458343	0.00116867	0.00386763	0.107182	0.000697897	0.000628609	0.295927	0.00251855	0.271524	0.0810678	0.00294868	0.00386304	0.00475855	0.00210324	0.00484322	0.0123899	0.161946	0.00249309	0.0209734
31	0.0248982	0.00960192	0.00223366	0.00632074	0.14348	0.000810826	0.000569347	0.22546	0.00539222	0.288555	0.0773471	0.00225496	0.00927041	0.00341874	0.00372523	0.00671602	0.013407	0.143924	0.00451189	0.0281022
32	0.00508928	0.00245282	0.014916	0.0151431	0.00143151	0.0162386	0.0260968	0.00898122	0.334393	0.0105049	0.0184426	0.0680814	0.000705657	0.0272116	0.407001	0.0259195	0.0068037	0.00765482	0.00170195	0.0012301
33	0.0169107	0.00558511	0.00171319	0.00706983	0.313155	0.00235545	0.0176648	0.057235	0.0080017	0.0550372	0.018837	0.00387282	0.000899915	0.00321353	0.00536835	0.0113235	0.00955375	0.018209	0.0073996	0.436594
34	0.0478305	0.00108144	0.142603	0.166086	0.00552069	0.0247821	0.017067	0.0224425	0.11314	0.0126104	0.00243098	0.0671069	0.0021306	0.0673454	0.0550569	0.149296	0.0632666	0.0324938	0.000248565	0.00745965
35	0.0088445	0.00262237	0.000357408	0.00407441	0.0572395	0.00130547	0.00103131	0.458077	0.00165225	0.166888	0.0576953	0.00196677	0.000229168	0.00223841	0.000821182	0.00209189	0.00689871	0.220286	0.000143321	0.00553688
36	0.00807792	0.00149734	0.000461414	0.00321493	0.0699736	0.000571683	0.000733537	0.396084	0.00108676	0.246239	0.0717579	0.00168494	0.000692178	0.00339149	0.000647737	0.00346448	0.00747749	0.175013	0.000431278	0.00750006
37	0.00470009	0.00653047	0.448194	0.133706	0.00943032	0.0150812	0.0126322	0.0102431	0.0336255	0.00931177	0.00818821	0.167983	0.00429519	0.0193808	0.0115222	0.0715413	0.0257149	0.00479119	0.00030478	0.00282459
38	0.0528343	0.00102911	0.101087	0.145771	0.00740749	0.0180052	0.0174103	0.0253984	0.136652	0.0129697	0.00210585	0.048226	0.00305118	0.0924676	0.0818695	0.127642	0.0756918	0.0438227	0.000293458	0.00626612
39	0.170744	0.00231724	0.0314873	0.0253592	0.0026844	0.0274329	0.00252927	0.0159441	0.0325275	0.0278396	0.00537439	0.0384345	0.278124	0.0660456	0.0447421	0.133212	0.0446929	0.0249329	0.000704936	0.0248704
40	0.0508259	0.013332	0.00856663	0.00912861	0.0454775	0.00404061	0.00234377	0.236551	0.00468721	0.223566	0.0501782	0.00458182	0.0380467	0.00417683	0.00437223	0.0139853	0.028286	0.2465	0.00194426	0.0094096
41	0.0693306	0.0103519	0.00655391	0.00434201	0.00561402	0.0128592	0.0030293	0.0315238	0.00738028	0.0148881	0.0119808	0.0293101	0.012154	0.0116939	0.0114424	0.290081	0.402049	0.0469129	0.0120459	0.00645725
42	0.00801437	0.00133128	0.000431956	0.00277597	0.0635063	0.000600306	0.000792537	0.388052	0.00130832	0.252858	0.0756857	0.00186944	0.000268136	0.00355942	0.000763755	0.00363469	0.00801214	0.179212	0.000273749	0.0070496
43	0.200738	0.0315326	0.0369153	0.0316283	0.00910351	0.0559099	0.0156847	0.025831	0.0260471	0.0190353	0.0199227	0.054102	0.0106397	0.0238203	0.0255968	0.263558	0.0965785	0.0399333	0.00229529	0.0111271
44	0.0160694	0.0066548	0.000392365	0.00345745	0.0240682	0.00319559	0.00168432	0.499614	0.00412635	0.0566557	0.0481825	0.00364169	0.000205593	0.000713763	0.00163683	0.00110302	0.0103794	0.313899	0.000105724	0.0042143
45	0.260479	0.0122853	0.0152143	0.0123446	0.0036407	0.410654	0.00545725	0.0109604	0.00730797	0.00731679	0.00876238	0.0218789	0.00797364	0.00744601	0.0055288	0.15328	0.0251538	0.0190568	0.000577192	0.00468203
46	0.00718977	0.00109861	0.000467437	0.00330348	0.0706166	0.000561466	0.000721968	0.420203	0.000772901	0.223549	0.0691477	0.00165198	0.000225916	0.00326332	0.000477166	0.00294687	0.0066196	0.179932	0.000220834	0.00702968
47	0.50686	0.0135267	0.00549979	0.00309343	0.00120491	0.111156	0.0017176	0.00868762	0.0035948	0.00178797	0.0088166	0.00685724	0.00653181	0.000894674	0.00251807	0.267142	0.031943	0.0172298	0.000169168	0.000768898
48	0.362426	0.044187	0.00466847	0.00418573	0.0179499	0.140453	0.0215054	0.00795872	0.0212107	0.0293863	0.00803372	0.0298159	0.00430122	0.00836089	0.00341713	0.209	0.0230347	0.0265647	0.00115242	0.0323876
49	0.0117216	0.00171858	0.000849512	0.00173568	0.0435783	0.000799428	0.00073611	0.183463	0.00433576	0.50051	0.128172	0.00147416	0.00175623	0.00380347	0.0014308	0.00635546	0.0108012	0.0906289	0.000903766	0.00522715
50	0.0117081	0.00606822	0.30946	0.23047	0.00904944	0.040226	0.00694	0.0242398	0.0297541	0.0202073	0.0221162	0.105643	0.00213452	0.0317341	0.0160365	0.0770845	0.027853	0.0187809	0.000551404	0.00994397
51	0.0114206	0.000753458	0.000826522	0.000969055	0.0218871	0.00111834	0.000817484	0.141759	0.00310869	0.569163	0.155317	0.00121373	0.000334677	0.00426043	0.00092143	0.00663564	0.0111375	0.0670007	0.000319289	0.00103608
52	0.540894	0.0366752	0.00145659	0.001486	0.00157582	0.0152927	0.00114037	0.0158405	0.00163977	0.00882305	0.0111934	0.00209355	0.00115895	0.00147784	0.00158947	0.16048	0.0811871	0.114504	0.000308094	0.00118397
53	0.0177673	0.00687399	0.0192192	0.0846622	0.0114674	0.0122305	0.0434177	0.0218812	0.0733126	0.0816479	0.047225	0.024267	0.00626212	0.343143	0.0391438	0.0460086	0.0343669	0.0204544	0.00238018	0.0642689
54	0.311387	0.0101829	0.010991	0.0185458	0.00657862	0.113059	0.00303703	0.0223306	0.0173283	0.0107552	0.0269526	0.0341685	0.0221371	0.005015	0.0044801	0.265826	0.0757768	0.0369105	0.000755469	0.0037822
55	0.0251965	0.00631585	0.0204328	0.0293789	0.00858876	0.0237029	0.0259215	0.0340453	0.22288	0.0263161	0.0236395	0.0671504	0.00362298	0.0469725	0.315513	0.0466078	0.0272376	0.0295567	0.00369861	0.0132231
56	0.0169879	0.00251207	0.0404259	0.0300225	0.00292661	0.757755	0.012342	0.00628105	0.00894584	0.00475647	0.00465862	0.0369974	0.00276249	0.0146698	0.00582451	0.0328743	0.00878248	0.00693247	0.000560491	0.00298221
57	0.0354307	0.00281337	0.0365443	0.0262798	0.00270067	0.745587	0.0123269	0.00572856	0.00955201	0.00445392	0.00440789	0.0357726	0.00252651	0.0140846	0.00582701	0.0388026	0.00741226	0.00679384	0.000521778	0.0024341
58	0.0721742	0.0431672	0.277408	0.0848017	0.0132837	0.0245398	0.0222128	0.0245684	0.0357104	0.022239	0.0190274	0.135435	0.00837297	0.0321427	0.0244349	0.0833654	0.0350734	0.0275288	0.00290406	0.0116095
59	0.0313541	0.0084761	0.0304143	0.0313999	0.012243	0.0146348	0.168424	0.0235522	0.0671744	0.0268195	0.0220592	0.0578338	0.00540843	0.248194	0.0691428	0.0863745	0.0370227	0.0184106	0.00217835	0.0388836
60	0.18289	0.0357277	0.00359967	0.00325868	0.0136761	0.00362934	0.00209444	0.0958277	0.00258511	0.0138116	0.00894196	0.0033977	0.00140457	0.00331328	0.00266299	0.0237907	0.0538985	0.540043	0.000636722	0.00481034
61	0.211799	0.0350099	0.0035134	0.00302032	0.0117888	0.00366459	0.00213865	0.0902407	0.00246446	0.0140754	0.00814469	0.00331593	0.00138297	0.00315022	0.00244328	0.0298546	0.0615561	0.50697	0.000616061	0.0048511
62	0.0130638	0.00790753	0.000474899	0.00391285	0.0186445	0.00345192	0.00144945	0.478463	0.0032877	0.0506357	0.0349026	0.00294767	0.000251479	0.000663278	0.00280362	0.00113469	0.00869366	0.364436	0.000111344	0.00276464
63	0.0144691	0.00495413	0.000977797	0.00539473	0.330569	0.00112374	0.0170313	0.0411357	0.00762683	0.0379547	0.0117687	0.00183888	0.000467681	0.00164266	0.0048348	0.00800409	0.00605868	0.00241727	0.0084048	0.493325
64	0.0142649	0.00489228	0.000938743	0.0053706	0.333667	0.00105878	0.0165127	0.0411738	0.00744207	0.0383012	0.0121417	0.00155616	0.000500995	0.0016098	0.00466241	0.00761643	0.00602482	0.00284213	0.00824243	0.491181
65	0.0246261	0.00215218	0.0339927	0.0270632	0.00273078	0.746812	0.0121437	0.00581046	0.0140356	0.00616688	0.00457525	0.0375228	0.0030465	0.0146051	0.0110341	0.0347903	0.00822337	0.00722211	0.000674867	0.00277232
66	0.438975	0.0145874	0.00838281	0.00644273	0.00398362	0.129734	0.00438441	0.0104809	0.00923427	0.00720274	0.0109944	0.0142165	0.014092	0.00563251	0.0141739	0.245155	0.0357268	0.0212492	0.000660046	0.00469266
67	0.0376119	0.00191932	0.0520765	0.03886	0.00618453	0.0893098	0.0219899	0.00558277	0.059116	0.00912109	0.0121038	0.308866	0.00548568	0.0226128	0.055816	0.158341	0.0937552	0.0100704	0.000338496	0.0108395
68	0.0800486	0.00920449	0.0048256	0.00309473	0.00404512	0.0145746	0.00114962	0.0337917	0.00460136	0.0138894	0.0107867	0.033472	0.0128789	0.0106193	0.0114354	0.303999	0.390569	0.0482592	0.00362612	0.00512861
69	0.0579769	0.0167777	0.0146518	0.0103997	0.0242144	0.0097268	0.011374	0.151958	0.00357088	0.164058	0.0630935	0.0119524	0.0012551	0.014075	0.0160752	0.0328108	0.0793692	0.295938	0.00270342	0.0180194
70	0.140051	0.0196032	0.00828813	0.083421	0.0164955	0.0247005	0.0132399	0.159688	0.00791665	0.0306081	0.0349602	0.0482723	0.0237882	0.0102252	0.00674167	0.0654924	0.105354	0.166742	0.00479935	0.0296131
71	0.0382422	0.00485784	0.0363261	0.0542772	0.00246297	0.00823693	0.0372873	0.0217809	0.223677	0.00871596	0.0103481	0.0869847	0.00670711	0.112247	0.191221	0.0821832	0.0455697	0.0240671	0.000489107	0.00431859
72	0.0279933	0.00474868	0.0270377	0.0311224	0.00586167	0.0431121	0.0607943	0.0288618	0.087536	0.0260682	0.0104818	0.151221	0.0204744	0.051349	0.0974217	0.162572	0.123378	0.0315552	0.00138951	0.00702149
73	0.0740894	0.00784431	0.0223201	0.0117114	0.00530298	0.030086	0.00717562	0.0258606	0.0133568	0.0117182	0.0114638	0.0897689	0.0107502	0.0147956	0.0166327	0.303891	0.296156	0.0381159	0.00259504	0.00636574
74	0.00713019	0.00388027	0.0112531	0.0157036	0.00163771	0.0151553	0.0206984	0.0179383	0.307386	0.0157497	0.0211959	0.0516431	0.000510138	0.0246826	0.441736	0.0215185	0.00676968	0.0105502	0.00323014	0.00163038
75	0.0912642	0.023141	0.00929459	0.00863426	0.0182538	0.0307448	0.010958	0.127492	0.00692538	0.0642465	0.0379795	0.0217586	0.00543394	0.00958872	0.00993208	0.064343	0.153138	0.28853	0.00251796	0.0158238
76	0.0043351	0.00248936	0.0137175	0.0146674	0.00143774	0.0163646	0.0253946	0.00986566	0.331095	0.0115542	0.0194649	0.0634559	0.000465801	0.0232454	0.423352	0.0226302	0.00575785	0.00746198	0.00199658	0.00124853
77	0.584011	0.0197988	0.000927009	0.00129053	0.00118617	0.00244291	0.000917058	0.0173785	0.00140264	0.0110251	0.0117259	0.00140395	0.000531598	0.00129391	0.00118116	0.107088	0.102787	0.132203	0.000303633	0.00110238
78	0.00722167	0.0026302	0.0152532	0.0173335	0.00169881	0.0163995	0.0257688	0.0107303	0.322742	0.0112147	0.0182592	0.0689719	0.00103784	0.0306158	0.399679	0.0286959	0.00917626	0.00923377	0.00182838	0.00150948
79	0.0486109	0.014969	0.0134008	0.00918316	0.0307493	0.00666837	0.00907705	0.177487	0.00704738	0.173376	0.0647233	0.013557	0.00163991	0.0135745	0.0216919	0.0258895	0.0641371	0.281259	0.00228135	0.0206785
80	0.0162762	0.00676107	0.000384877	0.00344257	0.0229368	0.00318547	0.00179611	0.495795	0.00462231	0.0540456	0.0466601	0.00399179	0.00020924	0.000700976	0.00205695	0.00114269	0.0108537	0.320852	0.000106609	0.00418046
81	0.509972	0.0135951	0.00550786	0.00299414	0.0011021	0.110357	0.00171146	0.00831077	0.00351835	0.00171398	0.0086874	0.00660011	0.00639451	0.000799371	0.00254588	0.266573	0.0316308	0.0171	0.000160068	0.000725947
82	0.010639	0.00349456	0.0337586	0.0359129	0.00755235	0.00540039	0.133196	0.0224743	0.0598183	0.0270989	0.0244461	0.0435316	0.00360039	0.342415	0.0718998	0.0608996	0.0434383	0.0114696	0.00123525	0.0577187
83	0.114908	0.0109037	0.00717632	0.00872867	0.00841458	0.026165	0.00605246	0.0475709	0.02003	0.0259243	0.0277479	0.0577998	0.0154543	0.0287839	0.0129247	0.222621	0.273741	0.0752049	0.00176349	0.00808507
84	0.00787444	0.00107366	0.000493411	0.00200786	0.0568701	0.000504995	0.00058972	0.303512	0.00155501	0.365377	0.0948336	0.001308	0.000404066	0.0034234	0.000467881	0.00490128	0.00819536	0.140479	0.000367624	0.00576133
85	0.0607461	0.00398797	0.00710625	0.0726599	0.0179533	0.0604711	0.0219221	0.0155796	0.209189	0.0247418	0.00755049	0.0240733	0.00247285	0.0375753	0.231508	0.0942533	0.0142293	0.0876803	0.00190708	0.00439299
86	0.0110739	0.00554377	0.281463	0.233114	0.00858095	0.0578563	0.00676003	0.0219386	0.0400216	0.0156366	0.0195085	0.101468	0.00158083	0.0357986	0.014975	0.0863656	0.0323782	0.0134875	0.000475988	0.0119725
87	0.00751641	0.00400703	0.00179567	0.00238657	0.0194194	0.00140285	0.016381	0.337681	0.0392817	0.189774	0.0412161	0.0205396	0.0005953	0.00917069	0.0394277	0.0122502	0.052347	0.19123	0.000399941	0.0131781
88	0.00722525	0.00101414	0.000417444	0.0032331	0.0707633	0.000500609	0.00070499	0.415418	0.000725003	0.228353	0.070618	0.00162531	0.000198936	0.00340491	0.000441089	0.00302484	0.00673995	0.178089	0.000228611	0.00727463
89	0.033141	0.010875	0.0301022	0.031206	0.00181943	0.00811846	0.0538878	0.0150383	0.206607	0.00834993	0.0145527	0.142388	0.00511651	0.123679	0.179877	0.0748105	0.0323857	0.024297	0.000413284	0.00333446
90	0.0129167	0.00798888	0.000484076	0.00386213	0.0181676	0.00349994	0.00145113	0.476398	0.00323837	0.0501197	0.0341423	0.00294924	0.000282849	0.000664585	0.0029335	0.00121856	0.00853621	0.368314	0.000112089	0.00272009
91	0.0212177	0.00167336	0.00149795	0.00271435	0.279993	0.00406467	0.007625	0.163934	0.00297194	0.134093	0.0507022	0.00211339	0.00122186	0.00268795	0.00312258	0.0159938	0.0261506	0.103719	0.00116823	0.173335
92	0.0135075	0.00782638	0.00046299	0.00383262	0.0190855	0.00341712	0.00147048	0.48212	0.00337589	0.0507907	0.0359522	0.00304203	0.000256183	0.000646616	0.0026561	0.00108716	0.00873472	0.35877	0.000102095	0.00286398
93	0.0387025	0.0145741	0.0280149	0.011589	0.017858	0.00824169	0.00867981	0.110876	0.00705694	0.129993	0.135516	0.0134009	0.00213605	0.047119	0.0147129	0.0398298	0.0498044	0.280273	0.00273012	0.0388931
94	0.112707	0.00523475	0.0260041	0.0218376	0.00353299	0.605767	0.00928371	0.00649566	0.00900715	0.00750745	0.00637415	0.0371496	0.00630556	0.0134039	0.00661509	0.0925765	0.0160205	0.00911412	0.000814448	0.00424919
95	0.052322	0.0133489	0.0289488	0.0283877	0.0285497	0.0402151	0.207906	0.037904	0.054937	0.0396402	0.0258896	0.0656475	0.00857594	0.0920559	0.0517922	0.0927387	0.0357274	0.0384211	0.00565033	0.0513424
96	0.0491334	0.0039763	0.0302541	0.0564791	0.00270694	0.00701191	0.0320762	0.0246784	0.228799	0.0099243	0.00990335	0.0749059	0.00656672	0.118564	0.180975	0.0844582	0.05002	0.0253526	0.000381855	0.00383225
97	0.289539	0.021987	0.00483663	0.0180724	0.0170044	0.0770569	0.00577488	0.0737693	0.0110884	0.0263033	0.0477346	0.0220128	0.0279234	0.0037994	0.00298353	0.195837	0.0861854	0.05972	0.000516952	0.00785459
98	0.0182634	0.00803588	0.383289	0.165946	0.00982123	0.03335	0.0124347	0.0181559	0.0307421	0.016386	0.013726	0.115077	0.00461059	0.0316755	0.0155014	0.0684916	0.0280592	0.0185318	0.000975534	0.00692696
99	0.0263089	0.00855511	0.00238284	0.00654218	0.160576	0.00183637	0.000723565	0.178433	0.00607148	0.314655	0.0853867	0.00263947	0.0112625	0.00406669	0.0050939	0.00811039	0.0144991	0.122249	0.00666385	0.0339447
100	0.0197289	0.00803336	0.386323	0.16106	0.00927474	0.028631	0.012326	0.0185882	0.030672	0.0163494	0.012265	0.123461	0.0044616	0.0276364	0.0144857	0.0707899	0.0282336	0.020672	0.000939613	0.00606869
101	0.196671	0.2192	0.00212393	0.00266073	0.00223612	0.0196081	0.00191949	0.00429892	0.00238731	0.00393089	0.00311283	0.00286603	0.00115191	0.00279549	0.00241506	0.476532	0.00506671	0.0482769	0.00049178	0.00225422
102	0.0245077	0.00873327	0.00225298	0.00612434	0.153081	0.0010669	0.000579331	0.20035	0.00562524	0.311677	0.0784308	0.00218826	0.0102114	0.00311675	0.00389167	0.00748293	0.0138439	0.130372	0.00629039	0.030173
103	0.036311	0.00318377	0.0341017	0.0274291	0.00280442	0.736412	0.0107467	0.00914995	0.00964512	0.00565918	0.00483457	0.0351658	0.00266324	0.0131766	0.00721196	0.040511	0.00829468	0.00966051	0.000492672	0.00254637
104	0.510137	0.0136104	0.00549037	0.00298231	0.00110776	0.110322	0.0017095	0.00831148	0.00351629	0.00171731	0.00866606	0.00658356	0.00637672	0.000806203	0.00254079	0.266573	0.0315796	0.0170849	0.000160068	0.000724683
105	0.514464	0.0145119	0.00525161	0.00288785	0.00110359	0.106958	0.00170109	0.00855984	0.00340153	0.00196967	0.0086688	0.00619719	0.00606606	0.000791934	0.0024836	0.262317	0.0327038	0.0190653	0.000174103	0.000722723
106	0.00939934	0.00208355	0.000658185	0.00390552	0.0821126	0.000491849	0.000610031	0.376531	0.00132729	0.24233	0.073295	0.00173304	0.00128267	0.00368014	0.000937599	0.0035043	0.00807446	0.175749	0.000972627	0.0113214
107	0.456484	0.0130824	0.00651067	0.00497235	0.00302027	0.165199	0.00275114	0.00979448	0.00572747	0.0049769	0.0108161	0.0100262	0.0107282	0.0027953	0.00445578	0.218937	0.0343219	0.0319057	0.000692431	0.00280248
108	0.00831908	0.0191642	0.0039654	0.00476929	0.0779482	0.00364388	0.149948	0.00798163	0.0394355	0.00735218	0.00604881	0.120793	0.00209053	0.0205023	0.0616615	0.0732475	0.00675509	0.0243887	0.0211613	0.340823
109	0.0160163	0.00686975	0.000380058	0.0034529	0.0229416	0.00321878	0.00163275	0.497867	0.00415887	0.0519285	0.0455717	0.00363815	0.000208908	0.000582317	0.00171995	0.0010476	0.010123	0.324598	0.000101349	0.0039419
110	0.0183076	0.00650897	0.00082485	0.00370997	0.0227438	0.00320862	0.00232809	0.484938	0.00503492	0.0627468	0.0448364	0.00510432	0.000416428	0.00115039	0.00256835	0.00188852	0.012445	0.314292	0.000192614	0.00675447
111	0.0100388	0.00211012	0.000704501	0.00291364	0.0741928	0.000570602	0.00130354	0.359783	0.00240641	0.252412	0.0746275	0.00273821	0.000901301	0.00584792	0.00289554	0.00434592	0.0128383	0.174117	0.00080762	0.0144449
112	0.00376318	0.00691682	0.459472	0.129637	0.00946784	0.0127099	0.0121496	0.00970897	0.031417	0.00874721	0.00816111	0.173538	0.00462066	0.0182592	0.0112205	0.0686777	0.02459	0.004203	0.000299129	0.00244111
113	0.077376	0.0100914	0.00498883	0.00305142	0.0041611	0.0123204	0.00126557	0.0321304	0.00477644	0.0127463	0.0109583	0.0313832	0.0144878	0.0109164	0.0102417	0.310096	0.389552	0.0506522	0.00356519	0.00523921
114	0.0125353	0.00125093	0.00117465	0.0012196	0.0220494	0.00119518	0.000908761	0.142936	0.00314131	0.559652	0.148439	0.00139414	0.000433832	0.00434584	0.00125991	0.0072786	0.0129846	0.0760274	0.000418893	0.00135491
115	0.0977987	0.0351337	0.00836505	0.00580385	0.0107911	0.00689188	0.00367452	0.172323	0.00229109	0.117075	0.0416933	0.00585908	0.00680304	0.00554454	0.00506877	0.0203162	0.0556615	0.389941	0.00130878	0.00765608
116	0.0157247	0.0069843	0.000372387	0.00344697	0.0227389	0.00321169	0.00156073	0.494866	0.00401155	0.0513146	0.0444561	0.0034752	0.000220775	0.000601929	0.00184109	0.00105174	0.00985557	0.330391	0.000111661	0.00376315
117	0.00791299	0.00118442	0.000420009	0.00299702	0.068237	0.000522288	0.000746317	0.403264	0.000806771	0.237812	0.0724323	0.00173869	0.000356803	0.00382971	0.000526076	0.00337591	0.00756935	0.178115	0.000286712	0.0078668
118	0.074411	0.0399455	0.0208339	0.00890172	0.0152525	0.0079676	0.00684561	0.131305	0.00430586	0.140642	0.0464454	0.0108267	0.00355972	0.0121791	0.00920715	0.0252516	0.0748172	0.352509	0.0019929	0.0128007
119	0.0178033	0.00785006	0.378451	0.145439	0.010687	0.0305584	0.014034	0.0179709	0.0332019	0.0165421	0.0164755	0.126038	0.00477923	0.0319676	0.0173781	0.0745529	0.0286895	0.0176317	0.00147378	0.00847612
120	0.0835525	0.0325833	0.00547028	0.00966016	0.0326398	0.0153507	0.0649484	0.0863761	0.0079188	0.0224333	0.0274151	0.0752022	0.00443723	0.00905467	0.010024	0.0691972	0.240386	0.165911	0.00142371	0.0360151
121	0.113639	0.00686047	0.0381257	0.00948015	0.00782823	0.00732695	0.197454	0.0147953	0.00935573	0.0132184	0.0112013	0.105105	0.00324145	0.115411	0.00947606	0.271386	0.0155528	0.0142121	0.00259347	0.0337366
122	0.0212204	0.00463108	0.0235844	0.031255	0.00136471	0.00938094	0.0315893	0.0181071	0.278621	0.00775613	0.0145511	0.089955	0.00417125	0.0788157	0.283	0.0565781	0.0264267	0.0158384	0.00117118	0.0019834
123	0.00647081	0.00391873	0.00157695	0.00244413	0.0150707	0.00126087	0.0135284	0.349077	0.0411749	0.17839	0.0419016	0.0191161	0.000582952	0.00982958	0.0331039	0.0126351	0.0563502	0.201605	0.000425505	0.0115382
124	0.0253789	0.0091093	0.000574243	0.00324587	0.0233963	0.00319108	0.00167977	0.460762	0.00396202	0.0476118	0.0462043	0.00371841	0.000322778	0.000818979	0.00188331	0.00245521	0.0113816	0.350222	0.000152133	0.00392991
125	0.0129382	0.00786495	0.000468711	0.00389156	0.0183143	0.00351286	0.00145059	0.47638	0.0032845	0.0504544	0.034703	0.0029145	0.000312017	0.000657427	0.00295272	0.00124946	0.00867641	0.367112	0.000111466	0.00275114
126	0.00721097	0.00108421	0.000417707	0.00328704	0.0711531	0.000534505	0.000710232	0.418198	0.000741995	0.225718	0.0697863	0.00163866	0.000210169	0.00332883	0.000450509	0.00295918	0.00660017	0.17861	0.000225204	0.00713588
127	0.0165321	0.00798726	0.382289	0.154655	0.00962769	0.0402181	0.0119856	0.0174195	0.0298352	0.0177159	0.0122602	0.1304	0.00408073	0.0285567	0.015581	0.0688539	0.0266452	0.0183236	0.00114295	0.00589073
128	0.0516911	0.0102353	0.0332807	0.030248	0.0275993	0.0502849	0.201797	0.042597	0.0572601	0.0295823	0.023478	0.0606593	0.00556695	0.090841	0.0516826	0.099115	0.0390756	0.0418555	0.00386759	0.0492825
129	0.0564095	0.0130416	0.0372324	0.0342515	0.0259437	0.0495623	0.20146	0.0435672	0.0465279	0.0364814	0.0236718	0.0639445	0.00600414	0.0816177	0.0434295	0.0996068	0.0414666	0.0474503	0.00401884	0.044312
130	0.0344994	0.00667056	0.0289848	0.0367305	0.00829884	0.158757	0.0213386	0.0234098	0.156358	0.0235409	0.0198944	0.0714737	0.00680388	0.0303826	0.241897	0.0656742	0.027573	0.0263369	0.00261114	0.00876521
131	0.037536	0.00874276	0.00533026	0.0216616	0.00693966	0.0305743	0.00739463	0.103507	0.199856	0.0624903	0.0336711	0.0124548	0.00154543	0.0389795	0.322509	0.0251131	0.015067	0.0534505	0.00659961	0.00657737
132	0.308778	0.00850848	0.0145272	0.0120517	0.00537509	0.143841	0.00249292	0.0157497	0.0111954	0.00806634	0.0232008	0.0343955	0.0220834	0.0033715	0.00344897	0.27157	0.0779916	0.029335	0.000567324	0.00345041
133	0.171442	0.00234536	0.0314284	0.0252423	0.00266756	0.0274394	0.00247994	0.0159078	0.0319544	0.0279898	0.00537264	0.038437	0.279192	0.065329	0.0440829	0.133268	0.0447407	0.0249913	0.000704692	0.0249847
134	0.0541743	0.013495	0.0165821	0.0120895	0.0179628	0.00805683	0.00664036	0.183956	0.00566086	0.176573	0.0522192	0.011454	0.00271567	0.0149543	0.0107967	0.0282616	0.0811883	0.288525	0.00305026	0.0116433
135	0.0118877	0.00463299	0.00398601	0.00438708	0.0377625	0.00223148	0.0203149	0.33834	0.0255826	0.214625	0.0470666	0.0233593	0.00191116	0.00902224	0.0260139	0.0131434	0.0404543	0.161818	0.000709154	0.0127518
136	0.0717793	0.0210243	0.0118902	0.00284018	0.0173564	0.00853844	0.0039621	0.0571042	0.00941936	0.0230473	0.0189169	0.042296	0.00672914	0.0182673	0.0178968	0.241374	0.322579	0.0934569	0.00177291	0.00974862
137	0.0142839	0.00509341	0.00093663	0.00534211	0.331139	0.00110311	0.016666	0.0411139	0.00741984	0.0384553	0.0121155	0.00155231	0.00043831	0.0016228	0.00477121	0.00765087	0.00598997	0.00244367	0.00823777	0.493624
138	0.0118987	0.00664631	0.00296281	0.00322769	0.0160759	0.00193336	0.0151338	0.33508	0.0316526	0.185117	0.0440323	0.0197609	0.00113634	0.0108382	0.0289123	0.0142818	0.0552939	0.204513	0.000590268	0.0109131
139	0.0271742	0.00395698	0.34215	0.347645	0.00513082	0.0116956	0.00587856	0.0162027	0.0139494	0.0142152	0.00744531	0.0613017	0.00222268	0.0412179	0.00792741	0.0478334	0.0123946	0.02631	0.000904715	0.00444326
140	0.0798003	0.00980355	0.00459845	0.00339453	0.00429846	0.0125825	0.00121134	0.0350519	0.0048831	0.0134782	0.0118168	0.0320445	0.0174008	0.0120616	0.0105498	0.297412	0.385455	0.0555796	0.00311065	0.00546634
141	0.204256	0.0357792	0.00575468	0.00878172	0.0396998	0.145556	0.0189281	0.0138648	0.0192397	0.0546377	0.0126718	0.0298713	0.00652454	0.0130907	0.00566941	0.231671	0.0415372	0.0308122	0.001814	0.0798406
142	0.575436	0.0175244	0.00165197	0.00190999	0.00112886	0.0265291	0.00107217	0.0155967	0.0017832	0.00752292	0.01042	0.00204599	0.00182223	0.00125249	0.00150301	0.155889	0.0766856	0.0990701	0.000263413	0.000892446
143	0.210192	0.0368347	0.0320193	0.0273174	0.0102853	0.0628684	0.011536	0.0243461	0.025108	0.0176925	0.0156942	0.0424891	0.0119904	0.0207869	0.0235053	0.272626	0.0971306	0.0431203	0.00230284	0.0121544
144	0.204128	0.0402955	0.0303365	0.0276114	0.00915756	0.0501241	0.0152964	0.0226382	0.0256909	0.0159741	0.0151598	0.0484243	0.00821585	0.023158	0.0199272	0.287794	0.101043	0.0409597	0.00162388	0.0124423
145	0.577798	0.0190606	0.000971151	0.00135758	0.00121909	0.00213439	0.000948855	0.0171381	0.00149739	0.0109282	0.0119929	0.00145951	0.000536859	0.0013576	0.00122798	0.10592	0.110403	0.132585	0.000298078	0.00116577
146	0.194199	0.220818	0.00209631	0.00261787	0.00220121	0.0200553	0.00193968	0.0043262	0.00244117	0.00398748	0.00312628	0.00290821	0.00110927	0.00278877	0.00241	0.477052	0.00501793	0.0481055	0.000493866	0.00230565
147	0.0383995	0.00645663	0.210493	0.286049	0.0117388	0.0342131	0.0125731	0.0291342	0.0364078	0.022181	0.0189276	0.0560606	0.00548619	0.0486815	0.0253147	0.0673484	0.0335003	0.0387916	0.00310704	0.0151353
148	0.0115539	0.000835309	0.00083431	0.00100071	0.0226211	0.00117182	0.000823556	0.141009	0.00311119	0.567911	0.155883	0.00125811	0.00034006	0.00431848	0.00100411	0.00673624	0.01112	0.0668799	0.000338707	0.00124959
149	0.0183383	0.00819874	0.0018547	0.00412113	0.0190856	0.00346415	0.00254417	0.445976	0.00586775	0.0709511	0.0418963	0.00441187	0.00182971	0.00167905	0.0043079	0.00388977	0.0195338	0.337412	0.000256164	0.00438192
150	0.506665	0.0166129	0.0014546	0.00212073	0.00194311	0.00340582	0.00139366	0.0182754	0.0020334	0.0100181	0.0172888	0.00279516	0.00125059	0.00211178	0.00196021	0.108283	0.162747	0.137205	0.000553217	0.0018826
151	0.0399539	0.00947859	0.117396	0.172746	0.0139514	0.0494169	0.0778749	0.0332503	0.0710737	0.0258536	0.0186029	0.0604809	0.00566202	0.0725433	0.0516191	0.0779343	0.0414665	0.0354114	0.00290387	0.0223804
152	0.00907317	0.000776632	0.000619976	0.00124336	0.0365728	0.000718321	0.00056319	0.216669	0.00241752	0.479027	0.125375	0.00109685	0.000243086	0.00354943	0.000569052	0.00574833	0.00917515	0.103234	0.000289687	0.00303819
153	0.00774774	0.000954836	0.000480795	0.00182041	0.0538864	0.000540021	0.000541915	0.301777	0.00149403	0.367545	0.0991566	0.0013574	0.000259945	0.00353991	0.000472544	0.0054636	0.00839178	0.138822	0.000317777	0.00542998
154	0.0498928	0.00594703	0.0136752	0.0614111	0.00994501	0.0624145	0.00709705	0.0160541	0.0131725	0.0426569	0.0673403	0.0401207	0.0673026	0.20052	0.0108058	0.164623	0.0656622	0.015126	0.00231219	0.0839215
155	0.0143514	0.00468214	0.000939748	0.00518312	0.331495	0.00114421	0.0160901	0.0460387	0.00697017	0.0435825	0.0139297	0.00159878	0.000476945	0.00161628	0.00465054	0.00805507	0.00673458	0.00667325	0.00778503	0.478002
156	0.0281421	0.0102048	0.0048438	0.00980867	0.14468	0.00116386	0.00112946	0.206942	0.00867115	0.283988	0.0669357	0.00244664	0.0181964	0.00358591	0.00661303	0.00911633	0.0204666	0.13987	0.00444141	0.0287542
157	0.104311	0.00866359	0.0500794	0.161208	0.0106026	0.00886283	0.00815912	0.154027	0.0131374	0.0431166	0.0184674	0.0199988	0.00763582	0.0524065	0.00998116	0.0287426	0.122731	0.134056	0.0316511	0.0121615
158	0.48542	0.0182114	0.00452663	0.00313606	0.00164812	0.0778382	0.0020485	0.0124406	0.00363284	0.00468963	0.00956397	0.00837068	0.00657412	0.00214982	0.00319647	0.245789	0.0671772	0.0414676	0.000423819	0.00169598
159	0.0358164	0.00244917	0.204648	0.154273	0.0064137	0.0245687	0.015357	0.0194287	0.0883149	0.0121041	0.00581557	0.0907566	0.0023264	0.0556137	0.0406326	0.15423	0.0563203	0.0237962	0.000451719	0.00668317
160	0.158375	0.041944	0.00186391	0.00989019	0.0318117	0.0580394	0.0190727	0.151365	0.00694108	0.0440582	0.0815411	0.0257558	0.0102733	0.00264867	0.00557992	0.0856203	0.0887587	0.151373	0.000435606	0.0246519
161	0.0116556	0.000815067	0.000837717	0.00101127	0.0223473	0.00113961	0.000832274	0.141719	0.00313117	0.567949	0.154919	0.00121925	0.000517242	0.00428321	0.00096446	0.00659903	0.0111335	0.0673639	0.000352683	0.00120939
162	0.0242964	0.00765922	0.00813425	0.0101057	0.140712	0.00853946	0.0100215	0.0623502	0.0101836	0.157962	0.154048	0.0111946	0.00333466	0.0151546	0.0106797	0.0223439	0.0234703	0.0423835	0.0031588	0.274268
163	0.426762	0.0110145	0.0118399	0.00562384	0.00218855	0.134362	0.00203247	0.00918835	0.00603844	0.00318418	0.0125635	0.0212136	0.0107635	0.00145268	0.00288234	0.268206	0.0487378	0.0200195	0.000310571	0.00161727
164	0.0387582	0.00272694	0.0349657	0.0260253	0.0027883	0.729592	0.0107309	0.00820968	0.0097788	0.00509907	0.00432361	0.0396534	0.00296391	0.0133646	0.00568354	0.0425991	0.0101186	0.00934733	0.00057706	0.00269385
165	0.0311704	0.0146653	0.0119994	0.0117443	0.0188315	0.0103773	0.0109588	0.241087	0.0151551	0.0734845	0.391185	0.0167858	0.00436143	0.0183229	0.0108599	0.0312491	0.0217439	0.0469029	0.00352749	0.0155884
166	0.0611133	0.024214	0.0124038	0.0140047	0.0273419	0.0100855	0.0130643	0.13283	0.00317027	0.141155	0.0749557	0.0164905	0.00114019	0.0150187	0.0163412	0.0307101	0.0755069	0.298208	0.00212217	0.0301239
167	0.00768949	0.00103556	0.000443484	0.00205691	0.0566368	0.000534432	0.000710846	0.337296	0.00153143	0.319	0.0901029	0.0016512	0.000218836	0.00397169	0.000853483	0.00476158	0.0090073	0.155672	0.000257269	0.00656785
168	0.022949	0.00813123	0.366132	0.142781	0.0112915	0.0358149	0.0147005	0.0190438	0.0363708	0.0181539	0.0131943	0.128655	0.00516981	0.0313723	0.0188675	0.0711169	0.0300316	0.0172393	0.00108328	0.00790183
169	0.125279	0.0105249	0.0104381	0.00860346	0.00562482	0.0277247	0.00376334	0.0299761	0.0101892	0.013459	0.0131907	0.0395784	0.0141985	0.0115207	0.0126537	0.288257	0.317124	0.0492721	0.00288682	0.00573533
170	0.0352001	0.0100591	0.027778	0.031647	0.00193697	0.00756078	0.0487484	0.0158943	0.210535	0.00990338	0.0139522	0.13777	0.00494159	0.12471	0.185452	0.0732465	0.0318588	0.0247597	0.000726238	0.00331993
171	0.038022	0.00129101	0.0531789	0.0405937	0.00666451	0.0948646	0.0191332	0.00561499	0.0505323	0.00904869	0.0118568	0.315503	0.00580842	0.0174615	0.049066	0.163885	0.0978015	0.0084755	0.000323333	0.010875
172	0.0243312	0.00747556	0.00375623	0.00765783	0.191414	0.00581875	0.00631211	0.171764	0.00684949	0.225724	0.0727966	0.00713372	0.00485347	0.00638805	0.00623197	0.0153099	0.0179794	0.10319	0.00383491	0.111179
173	0.076709	0.0151329	0.00689563	0.00297472	0.00875281	0.00985272	0.00237779	0.0432831	0.0113902	0.0161644	0.0166587	0.0409939	0.00877888	0.0163548	0.0182735	0.253863	0.36072	0.0770606	0.00194062	0.0118227
174	0.0335252	0.0104758	0.0295235	0.0316011	0.00184617	0.00844264	0.0535856	0.0153279	0.206952	0.00835145	0.0145139	0.139994	0.0051861	0.123399	0.180805	0.0754836	0.0330787	0.0241879	0.000412956	0.00330778
175	0.110837	0.00957817	0.00442742	0.00392005	0.00499734	0.0106997	0.00146635	0.0317333	0.00568707	0.0132201	0.018876	0.0278839	0.010835	0.0110688	0.010534	0.23825	0.394669	0.0823484	0.00271248	0.00625549
176	0.0529639	0.00245657	0.0441489	0.0355034	0.00627055	0.103171	0.0158259	0.0111832	0.0376267	0.0104899	0.0123696	0.24406	0.0116066	0.0155899	0.03874	0.208613	0.124533	0.0143006	0.000986785	0.00956051
177	0.358574	0.0105903	0.00679001	0.0184386	0.00599612	0.0854217	0.00254154	0.0268114	0.0159162	0.0106976	0.0222218	0.0206977	0.023178	0.00407592	0.00331576	0.268977	0.0721134	0.0401534	0.000592816	0.00289631
178	0.0254777	0.00567623	0.0250925	0.0392953	0.00355633	0.0163265	0.0265815	0.0206586	0.257173	0.0136756	0.0159681	0.067324	0.00408015	0.059881	0.302656	0.0626019	0.0256388	0.021839	0.00263857	0.00385903
179	0.105405	0.013802	0.0273975	0.0220954	0.0177313	0.0221994	0.0141366	0.0648401	0.0220065	0.0405988	0.0269909	0.0439331	0.0107816	0.0240416	0.0206142	0.166478	0.243995	0.0899305	0.00335391	0.0196674
180	0.0143783	0.00497227	0.000986186	0.00548121	0.32929	0.00111391	0.017434	0.0419398	0.00763536	0.0388751	0.0122368	0.00213062	0.000442312	0.00182289	0.00488604	0.00844448	0.0061793	0.00309639	0.00837809	0.490276
181	0.0357565	0.00277954	0.313499	0.414433	0.00372462	0.00849544	0.0033486	0.0176711	0.00724563	0.0152006	0.00715862	0.0299901	0.000907877	0.0500134	0.00500606	0.0398278	0.00780506	0.0324813	0.000924114	0.00373164
182	0.536252	0.020711	0.00147248	0.00191616	0.00286842	0.00283244	0.00130397	0.0265022	0.0016205	0.0139476	0.0157198	0.00220734	0.000886416	0.0019225	0.00194452	0.0970512	0.0990701	0.168925	0.000370051	0.00247644
183	0.406001	0.0239087	0.00383696	0.00363232	0.0098916	0.012998	0.0036736	0.0616092	0.00407339	0.0322862	0.0192839	0.005594	0.002392	0.00418143	0.00436798	0.0837775	0.0797677	0.231157	0.0014057	0.00616135
184	0.510137	0.0136104	0.00549037	0.00298231	0.00110776	0.110322	0.0017095	0.00831148	0.00351629	0.00171731	0.00866606	0.00658356	0.00637672	0.000806203	0.00254079	0.266573	0.0315796	0.0170849	0.000160068	0.000724683
185	0.0148023	0.00483713	0.00108038	0.00557093	0.329785	0.00112254	0.0168351	0.0416002	0.00799167	0.0384365	0.0116944	0.0015964	0.000456235	0.00168073	0.00464416	0.00785151	0.00618085	0.00247191	0.00875337	0.492608
186	0.0183576	0.00391541	0.00718481	0.00623331	0.0563255	0.00355648	0.00378958	0.185543	0.00846162	0.409609	0.110205	0.00744259	0.00238289	0.00797281	0.00619876	0.0145904	0.0193346	0.110779	0.00222631	0.0158911
187	0.0156048	0.00372779	0.015733	0.0253467	0.00181985	0.0134773	0.0246423	0.0143308	0.314588	0.00999238	0.0158165	0.0687195	0.00154114	0.0475342	0.353071	0.0405459	0.0148753	0.0150773	0.00210718	0.00144871
188	0.0617306	0.000759546	0.0946596	0.138551	0.00524026	0.0174461	0.0171683	0.0225425	0.14747	0.0125282	0.00313339	0.0518634	0.00317533	0.081046	0.0841822	0.149373	0.0704124	0.0319638	0.000274395	0.00647994
189	0.118895	0.09224	0.00346697	0.00406655	0.0460848	0.00616054	0.0532236	0.0333635	0.112399	0.0891466	0.0297509	0.11663	0.00129095	0.0662543	0.0287009	0.0702245	0.00591114	0.0381722	0.0360573	0.0479623
190	0.0103122	0.00270744	0.066276	0.0432181	0.00288143	0.697397	0.0129588	0.00642583	0.0157714	0.00612204	0.00434401	0.0431536	0.00375701	0.0235611	0.0102444	0.0316727	0.00850745	0.00589733	0.000798303	0.00399354
191	0.557523	0.020189	0.00259617	0.00204052	0.00134132	0.027799	0.00144073	0.0145701	0.00248165	0.00826564	0.0106765	0.00366592	0.00331932	0.00193951	0.00172266	0.158069	0.0789394	0.101916	0.000277938	0.00122624
