677	20
1	0.0541394	0.00803664	0.0728572	0.0775676	0.0106328	0.0553151	0.0315186	0.0168123	0.0760997	0.0176787	0.0127158	0.0798528	0.060518	0.0683951	0.103817	0.129397	0.0877854	0.0226596	0.00365085	0.0105504
2	0.336838	0.0130778	0.0182641	0.0451137	0.00782798	0.0229189	0.00375486	0.019449	0.021202	0.0355576	0.0337289	0.00901147	0.00283876	0.00934456	0.0132042	0.354417	0.033962	0.0116654	0.00136173	0.00646183
3	0.026443	0.0176159	0.0184917	0.0054546	0.275137	0.0102549	0.0574398	0.0488579	0.00962723	0.122227	0.0346339	0.0118563	0.00613483	0.0200113	0.00954067	0.0214868	0.0111855	0.0392501	0.0198895	0.234461
4	0.0328002	0.0125088	0.0104957	0.00400653	0.267378	0.00718446	0.0273716	0.0859761	0.00731082	0.153965	0.0682469	0.00748281	0.0086331	0.0133927	0.0107902	0.0158363	0.0122228	0.0556496	0.025193	0.173556
5	0.0609753	0.000812866	0.154545	0.168408	0.0125698	0.0433086	0.0200545	0.013244	0.100192	0.023139	0.0133894	0.0859905	0.0185985	0.081332	0.0505481	0.0817656	0.0374539	0.0182293	0.00354696	0.0118969
6	0.0556198	0.0244304	0.0618485	0.102694	0.00994522	0.0286007	0.0230452	0.0382717	0.0743371	0.0509681	0.0336237	0.0704088	0.00175195	0.067078	0.0599856	0.119898	0.0975891	0.0723871	0.00209654	0.00542069
7	0.0228791	0.00694788	0.0158439	0.0316857	0.0113887	0.0284625	0.0289476	0.0204574	0.288831	0.027025	0.014065	0.0489935	0.0147582	0.0511799	0.254143	0.0419541	0.0429915	0.0284436	0.00669178	0.0143105
8	0.0455302	0.011063	0.0316392	0.0449117	0.00441981	0.506023	0.00903926	0.0093608	0.0299816	0.0138888	0.00660839	0.0626733	0.0235938	0.0218434	0.0234032	0.0836483	0.051525	0.0105593	0.00154887	0.00873891
9	0.00614365	0.00541466	0.00202219	0.00223146	0.0634682	0.00313887	0.00355019	0.103014	0.00359682	0.546015	0.1497	0.00147746	0.00463565	0.00693463	0.00408242	0.00695691	0.0086076	0.0587599	0.00268024	0.01757
10	0.0405897	0.0207829	0.000984975	0.000672025	0.00624855	0.00111926	0.000641187	0.23369	0.0049878	0.0546111	0.011646	0.00113473	0.00878814	0.0017294	0.000973806	0.00184683	0.0338919	0.569466	0.000805736	0.00539007
11	0.0444535	0.0150651	0.0409021	0.054637	0.00492189	0.0288019	0.0306681	0.0198553	0.163441	0.0155765	0.012881	0.0796741	0.0200003	0.0827259	0.179381	0.107923	0.0662387	0.0213823	0.00119287	0.0102789
12	0.0161396	0.00547684	0.0076155	0.0085535	0.0240419	0.00896918	0.372643	0.0516017	0.0173801	0.0638384	0.0525192	0.0499053	0.0252205	0.181133	0.0314494	0.0186676	0.0205286	0.021249	0.00270831	0.0203592
13	0.0150881	0.00435415	0.0146487	0.0210439	0.0191442	0.010566	0.277583	0.0258214	0.0267675	0.0402201	0.0537205	0.0304841	0.0128923	0.334915	0.0266424	0.0192723	0.0232173	0.0184793	0.00345951	0.0216797
14	0.0162142	0.0211198	0.00339219	0.00707908	0.0219278	0.00375834	0.00775702	0.263462	0.00893986	0.306121	0.062343	0.00482996	0.00603127	0.0231054	0.0201601	0.0126125	0.0437637	0.155317	0.000835618	0.0112297
15	0.0692653	0.000827267	0.155972	0.184177	0.0152688	0.0464718	0.0196965	0.0134324	0.0715319	0.0260029	0.0122928	0.0784274	0.0239239	0.0791479	0.0402476	0.0851645	0.0386457	0.0219242	0.00378939	0.0137909
16	0.175783	0.0566501	0.0111077	0.0162541	0.00982349	0.0502513	0.0156998	0.0158028	0.00978718	0.019922	0.00918461	0.0311509	0.0119115	0.0170678	0.016923	0.389829	0.102682	0.0306528	0.00121672	0.00830015
17	0.00865144	0.0108509	0.00194067	0.0150753	0.349167	0.00779167	0.021946	0.00870237	0.00236519	0.00801246	0.00514184	0.00245311	0.00637124	0.0128755	0.00799242	0.00781176	0.0146918	0.00775014	0.0583343	0.442075
18	0.0341695	0.00475171	0.245659	0.0435475	0.00661609	0.0125593	0.0424715	0.00843908	0.0207457	0.0157193	0.0151725	0.469012	0.00463491	0.00815948	0.0178653	0.0226327	0.00910063	0.00964998	0.00167022	0.007423
19	0.0549201	0.00429947	0.148597	0.132905	0.0276671	0.0235892	0.180265	0.0129791	0.00856729	0.0130183	0.0330406	0.0392973	0.00712186	0.129356	0.0180407	0.0616383	0.00958283	0.00998769	0.0163008	0.0688268
20	0.0216778	0.0129185	0.00966358	0.0051553	0.235524	0.00657578	0.0270658	0.0838616	0.00802949	0.207318	0.0711337	0.00895775	0.00705081	0.0152788	0.0123777	0.0170879	0.0148973	0.0646416	0.0163416	0.154443
21	0.0150631	0.0200923	0.00297786	0.00616382	0.0235499	0.00341206	0.00630187	0.282787	0.00801888	0.297968	0.0647696	0.0042961	0.00724941	0.0192659	0.017957	0.0108654	0.0356859	0.162225	0.00105777	0.0102932
22	0.0480309	0.00314048	0.0530461	0.0546815	0.0213251	0.0233888	0.0666934	0.0139341	0.102929	0.0384708	0.0462234	0.0126897	0.107058	0.254247	0.0539859	0.0401107	0.0138618	0.0271879	0.00160007	0.0173957
23	0.0617515	0.000742106	0.153486	0.179669	0.0141604	0.0432943	0.0193734	0.0137244	0.0899021	0.0244662	0.0128222	0.082146	0.0213489	0.0801362	0.0464267	0.0827201	0.0373515	0.0199242	0.00375888	0.0127962
24	0.029404	0.0214207	0.0042223	0.00743824	0.032481	0.00402225	0.00562558	0.216109	0.00575916	0.261895	0.089322	0.00627963	0.00430607	0.0131996	0.011564	0.0247349	0.0557263	0.192795	0.00204856	0.0116466
25	0.0204499	0.0235124	0.0054821	0.0118429	0.0468354	0.00401403	0.00635287	0.258156	0.00600522	0.219925	0.0592496	0.0046208	0.00530589	0.0159176	0.0158279	0.0123123	0.0457486	0.217294	0.000796362	0.0203507
26	0.0518042	0.013881	0.0277937	0.0706958	0.0339402	0.0148604	0.0197567	0.0614875	0.076877	0.0542717	0.022737	0.0446835	0.00216868	0.0572659	0.109684	0.114716	0.0925633	0.0936958	0.0102134	0.026905
27	0.0121593	0.00218124	0.000406888	0.000900262	0.0382161	0.000671365	0.000729494	0.321793	0.00429606	0.310984	0.0468642	0.000561084	0.00099016	0.00254693	0.00150423	0.00204169	0.00181152	0.241552	0.00217007	0.00762073
28	0.0228594	0.00617949	0.0185626	0.0362847	0.00720901	0.0265027	0.0281542	0.0167076	0.308906	0.0239817	0.0135822	0.0494293	0.0124513	0.0558166	0.253539	0.0403911	0.0387949	0.0276414	0.00448168	0.00852499
29	0.0199393	0.013356	0.0104844	0.00272479	0.301322	0.00570006	0.0315393	0.0542857	0.00602933	0.148913	0.0579809	0.00639537	0.00802945	0.0131997	0.00947905	0.0102368	0.00817932	0.0438418	0.0187706	0.229594
30	0.0606898	0.00185584	0.148083	0.17973	0.0142387	0.0800916	0.0180346	0.0140587	0.0681191	0.0259719	0.0126434	0.0796788	0.0222185	0.0799074	0.038644	0.0806804	0.0395812	0.0191986	0.00369538	0.0128796
31	0.0413973	0.00475545	0.090463	0.0698051	0.00474626	0.0299253	0.028296	0.0144442	0.177448	0.00970773	0.0107015	0.0974751	0.0159531	0.085743	0.158271	0.0811385	0.0563043	0.0134999	0.0013113	0.00861484
32	0.0226935	0.0101774	0.00863788	0.0136514	0.10316	0.011185	0.0165486	0.0186567	0.0928495	0.141452	0.037074	0.0139244	0.00726141	0.0134493	0.0213291	0.101623	0.115167	0.0193573	0.0512535	0.18055
33	0.0431434	0.00610915	0.0142912	0.0259296	0.00799267	0.0271849	0.00859514	0.0130184	0.017598	0.0183755	0.00959695	0.017742	0.602484	0.0213795	0.0198061	0.0788815	0.0386441	0.0174841	0.00258373	0.0091596
34	0.0136235	0.00353117	0.00503687	0.00475808	0.00508852	0.00967375	0.176479	0.0159135	0.138258	0.0211048	0.0942771	0.155192	0.00383928	0.106451	0.0984102	0.0305488	0.0124884	0.021448	0.0285028	0.0553744
35	0.0614858	0.00247321	0.136441	0.20788	0.0148373	0.0244741	0.110614	0.0230548	0.0281441	0.0140871	0.0478397	0.0418968	0.0204712	0.114063	0.0198761	0.0672403	0.0189416	0.0164412	0.00589181	0.0238479
36	0.167414	0.461817	0.05055	0.0135188	0.0197198	0.0232413	0.0114344	0.0313012	0.0128827	0.0220483	0.0164932	0.0147902	0.0110492	0.0174614	0.015085	0.0359231	0.0237265	0.0359169	0.00456377	0.0110627
37	0.031714	0.0107762	0.0140184	0.026221	0.0183201	0.0209591	0.0221848	0.0329315	0.12466	0.0564577	0.0242677	0.0303362	0.0134237	0.0368286	0.362631	0.0522124	0.0604033	0.0409588	0.00524287	0.0154528
38	0.0215911	0.01949	0.0155092	0.0328504	0.0435723	0.00682051	0.00765007	0.245237	0.00855666	0.260737	0.053046	0.00689332	0.00705031	0.0287196	0.0150124	0.0175317	0.0481085	0.143967	0.00164634	0.0160107
39	0.077422	0.0140683	0.0293653	0.0425253	0.0146941	0.0566499	0.0236302	0.0220539	0.0948704	0.0470781	0.0220218	0.0378947	0.0312143	0.116259	0.181308	0.098902	0.0428746	0.0273519	0.00459601	0.015221
40	0.0363404	0.0042699	0.146503	0.0615762	0.00509787	0.0331314	0.0449479	0.0107544	0.130618	0.0114812	0.00948158	0.198915	0.0110073	0.059413	0.111612	0.0661424	0.0363124	0.0109068	0.00189216	0.009598
41	0.00428447	0.00408649	0.0010109	0.00230907	0.0477635	0.00271258	0.000704156	0.104586	0.00334426	0.554557	0.188253	0.000650358	0.00377409	0.00653005	0.0016867	0.0067871	0.0065145	0.0536423	0.0012077	0.00559562
42	0.0216822	0.0206626	0.0144243	0.0119937	0.00906556	0.0180227	0.006517	0.00774787	0.00758826	0.0205954	0.00274525	0.0512308	0.00644488	0.00775446	0.01581	0.308039	0.458316	0.00515276	0.000742189	0.00546482
43	0.0291176	0.0136303	0.0131534	0.0123285	0.196648	0.0110248	0.0347766	0.0613304	0.0197482	0.13704	0.0468452	0.0150118	0.0101735	0.0226252	0.0172802	0.0289342	0.0252173	0.0517962	0.0144809	0.238838
44	0.395959	0.0376193	0.00924303	0.00599863	0.0173926	0.0852847	0.000924692	0.00622482	0.0175141	0.0206412	0.0138853	0.0174089	0.000838098	0.0151176	0.0354652	0.26934	0.0294946	0.010583	0.000330261	0.010735
45	0.41447	0.0517572	0.00633005	0.00610087	0.0126412	0.0765201	0.00126305	0.00674283	0.0112106	0.0170654	0.00899745	0.0117937	0.00298967	0.0110479	0.0255768	0.278538	0.0339427	0.0150412	0.00030289	0.00766876
46	0.0912343	0.00201986	0.0412766	0.0609943	0.0328073	0.0438883	0.0303554	0.0180385	0.0948263	0.0276566	0.0499998	0.0096484	0.155523	0.135481	0.0564463	0.0614653	0.011962	0.0464799	0.00061273	0.0292841
47	0.013751	0.00262135	0.000655349	0.00139137	0.0357286	0.000969111	0.00103766	0.301647	0.0042927	0.324001	0.0612114	0.000936644	0.00126793	0.00332702	0.00244134	0.00311083	0.00586231	0.226586	0.00234387	0.00681732
48	0.0267282	0.0281106	0.00609792	0.0421988	0.162085	0.00971069	0.0228433	0.0480576	0.11068	0.067392	0.0137953	0.0457128	0.00684924	0.0234803	0.0728754	0.0631087	0.0477535	0.0261503	0.00756215	0.168809
49	0.0394175	0.0189999	0.000677581	0.000609366	0.00491093	0.000610555	0.000584214	0.234769	0.00505459	0.0548534	0.0108318	0.000836386	0.00812886	0.00168845	0.00076985	0.00109643	0.0325066	0.578479	0.00058771	0.0045875
50	0.0643484	0.000749761	0.149002	0.189724	0.0158159	0.0456335	0.0204604	0.0131097	0.0745819	0.0262167	0.0117655	0.0775817	0.0261865	0.0826208	0.0393178	0.0856402	0.0384811	0.020931	0.00431478	0.0135185
51	0.0199141	0.00821715	0.000754647	0.00107236	0.0291593	0.00271493	0.00233702	0.453131	0.00393588	0.117702	0.0708612	0.00222797	0.000866621	0.00124402	0.00325963	0.00288524	0.00611476	0.265847	0.000859185	0.00689564
52	0.0546448	0.0246764	0.0586616	0.0997004	0.00776338	0.0285675	0.02228	0.034667	0.0801881	0.0456482	0.0311423	0.0766428	0.00147469	0.0682974	0.0650485	0.126834	0.0996232	0.0683739	0.00195265	0.00381343
53	0.0125839	0.00254186	0.000479891	0.00115723	0.0381401	0.000784311	0.000837874	0.313691	0.0044534	0.315001	0.0507082	0.00069204	0.00109672	0.00290277	0.00185873	0.00234602	0.00296357	0.238203	0.00220422	0.00735505
54	0.0312069	0.00208396	0.00125525	0.00437798	0.00456119	0.00470545	0.00139468	0.0090883	0.00344116	0.0128834	0.00544322	0.00161614	0.841122	0.00709367	0.00543184	0.0242624	0.0209689	0.0148081	0.000695064	0.00356011
55	0.0129172	0.0109225	0.000687338	0.00159114	0.0219767	0.00213248	0.00170565	0.417424	0.00299136	0.143992	0.0512705	0.00242665	0.00116581	0.00210361	0.00319789	0.00383403	0.0108527	0.301723	0.00136059	0.00572469
56	0.0360154	0.0207256	0.0123814	0.0166966	0.104973	0.0130633	0.0237361	0.0708464	0.0200916	0.148525	0.184023	0.0145411	0.010657	0.0299408	0.0272832	0.0435815	0.0342795	0.0611162	0.0110144	0.116509
57	0.039385	0.0192632	0.000910542	0.000859537	0.00524786	0.00110099	0.000786278	0.228691	0.0053874	0.0577362	0.0123701	0.00143855	0.0110236	0.00251558	0.00195535	0.00251689	0.0357768	0.567234	0.000672441	0.00512909
58	0.0186619	0.00612371	0.0136192	0.0307384	0.0074197	0.0290547	0.0289672	0.0169611	0.33095	0.0291161	0.0159123	0.0406118	0.0097424	0.0517835	0.272844	0.028335	0.0283004	0.0277374	0.00413733	0.00898359
59	0.0785619	0.0253222	0.0358005	0.0419347	0.0244401	0.0401795	0.0653812	0.0223744	0.0332896	0.0302071	0.018668	0.0562538	0.021094	0.0430766	0.0405083	0.268921	0.0865857	0.0306342	0.00637898	0.0303884
60	0.0542142	0.0217731	0.0706249	0.108444	0.00779548	0.0301574	0.0206312	0.0317167	0.0873966	0.0429096	0.0310111	0.0782811	0.00272748	0.0687046	0.0621934	0.122359	0.09107	0.0615382	0.00207447	0.00437731
61	0.0320537	0.0278961	0.0102034	0.0135916	0.226466	0.00734728	0.030323	0.056067	0.0442105	0.126596	0.0299302	0.022409	0.00828196	0.0152197	0.0361234	0.0279151	0.0170846	0.0418918	0.0121941	0.214196
62	0.0774808	0.18641	0.0208778	0.0169689	0.132886	0.0230993	0.0303131	0.0599017	0.0171732	0.0624262	0.0267391	0.020266	0.0123148	0.0227372	0.0223541	0.0533984	0.0371781	0.0638777	0.0149382	0.0986587
63	0.0134283	0.00481435	0.00474662	0.00674312	0.00750638	0.00816754	0.108717	0.0554578	0.00601395	0.144101	0.0473896	0.11236	0.00457075	0.010182	0.0921687	0.125339	0.0348872	0.0803876	0.0857823	0.0472365
64	0.0369655	0.0214064	0.0040511	0.00742237	0.0274229	0.00803162	0.00543468	0.0851243	0.00619878	0.375839	0.145839	0.00855464	0.00420174	0.0121321	0.0114713	0.0555604	0.0726693	0.0890682	0.00360729	0.0189985
65	0.0267892	0.0179267	0.0191571	0.00544548	0.273049	0.0104659	0.0588771	0.0481895	0.0100266	0.122865	0.0334	0.0123336	0.00611192	0.0203454	0.00945024	0.0218881	0.0108049	0.0386337	0.0196717	0.234569
66	0.0183738	0.00120504	0.61242	0.133941	0.00659645	0.0177782	0.00689581	0.0132573	0.0156166	0.00666137	0.00438194	0.0495044	0.0154227	0.0289737	0.0200454	0.0242244	0.0133179	0.00644072	0.00110515	0.00383715
67	0.0989342	0.00253345	0.0419883	0.0643961	0.0423587	0.048036	0.0301249	0.0175488	0.0886443	0.0288494	0.0501537	0.0057733	0.153077	0.132883	0.0375452	0.0661817	0.00643183	0.0490904	0.000909104	0.0345399
68	0.0250653	0.00549478	0.00459	0.00728959	0.000843583	0.8874	0.00111717	0.00311876	0.0107513	0.00227689	0.00121788	0.010596	0.00465186	0.00632608	0.00639566	0.0137851	0.00452939	0.003168	0.000256365	0.00112664
69	0.0256771	0.0055184	0.00493954	0.00734758	0.00243552	0.896579	0.00106251	0.00276009	0.00579125	0.00205832	0.00113031	0.0100162	0.00466371	0.00583839	0.00234824	0.0130822	0.00360246	0.00268764	0.000298665	0.00216289
70	0.0329597	0.0147262	0.0139726	0.0359023	0.191	0.0176566	0.0324061	0.0282759	0.021437	0.0421622	0.0173536	0.0167494	0.0149125	0.0203344	0.0230268	0.0474413	0.054487	0.0304656	0.0223755	0.322356
71	0.025968	0.0138849	0.010905	0.0135037	0.296696	0.0119199	0.0349901	0.0511018	0.0136227	0.088704	0.0366414	0.012107	0.0121477	0.0217314	0.017458	0.0228328	0.0174301	0.0420583	0.03168	0.224617
72	0.00846274	0.0122985	0.000315247	0.00101843	0.0108589	0.00308827	0.000922598	0.568549	0.00122945	0.0673646	0.035515	0.00298304	0.000869388	0.00087373	0.00442829	0.00149056	0.0109193	0.264776	0.000295616	0.00374181
73	0.00870385	0.0123896	0.000308482	0.00100865	0.0107424	0.00313398	0.00096665	0.578777	0.00128306	0.0631904	0.0348923	0.00315216	0.00095676	0.000883214	0.00463863	0.00142862	0.0113217	0.258287	0.000256374	0.0036792
74	0.0233381	0.00601444	0.0177745	0.0275812	0.0062855	0.0347489	0.0308563	0.0142866	0.277835	0.0259285	0.0117703	0.111101	0.0112539	0.0556166	0.23486	0.042195	0.0334534	0.020258	0.00325154	0.0115905
75	0.0248783	0.00543542	0.00371745	0.0060246	0.000572409	0.910944	0.00058486	0.00235629	0.00516864	0.000984891	0.000716263	0.00934015	0.00443004	0.00510339	0.00147457	0.0120646	0.00320934	0.00220947	0.000149028	0.000636411
76	0.136676	0.017004	0.00960034	0.0201091	0.00987712	0.0518056	0.0141206	0.0113234	0.00650905	0.0205817	0.0654772	0.0301763	0.00819372	0.0427091	0.00965376	0.258313	0.223216	0.0550863	0.00190154	0.00766651
77	0.0320357	0.00429086	0.132233	0.459867	0.00982048	0.0293616	0.0147018	0.0219725	0.0330922	0.0207605	0.0134725	0.0300935	0.00955711	0.053137	0.0270934	0.0426827	0.0257654	0.0292911	0.0025577	0.0082139
78	0.0394321	0.0182613	0.00111438	0.000748773	0.00685839	0.00100289	0.000600521	0.235293	0.00493796	0.0511518	0.0131166	0.00104214	0.00801993	0.00179629	0.000835953	0.001707	0.0343202	0.574511	0.000696548	0.00455364
79	0.0122052	0.010408	0.00100417	0.0024857	0.0332654	0.00207585	0.00166998	0.398101	0.00339407	0.205035	0.0474413	0.00176484	0.00144963	0.00343948	0.00434989	0.00321872	0.0094981	0.250444	0.00118992	0.0075593
80	0.0331856	0.0177954	0.000668381	0.000558479	0.0046193	0.000821296	0.000712317	0.265144	0.00436932	0.0583202	0.0137683	0.0013238	0.00722394	0.00201615	0.00097378	0.00124272	0.032365	0.549828	0.000674447	0.00439001
81	0.134136	0.0146008	0.0160556	0.0409315	0.0152441	0.0458321	0.0109505	0.110637	0.0229921	0.10512	0.0732153	0.0241136	0.0161886	0.051784	0.0162943	0.0979422	0.0658099	0.125141	0.00205776	0.0109533
82	0.0551187	0.0124112	0.083245	0.133837	0.0164931	0.0376948	0.0351634	0.044242	0.0608744	0.0336317	0.02404	0.0674425	0.0170457	0.135602	0.0511625	0.0773466	0.0541177	0.0430039	0.00353826	0.0139889
83	0.0437113	0.00477434	0.187697	0.202379	0.0102624	0.0341952	0.0210996	0.0155282	0.0976024	0.032963	0.0134001	0.0524223	0.0124776	0.0606233	0.0772076	0.0607797	0.0372954	0.0239266	0.00294229	0.00871236
84	0.0211369	0.00623409	0.0192595	0.0342622	0.00724614	0.0354762	0.0341587	0.01642	0.294329	0.026565	0.0141337	0.0433199	0.0108222	0.0668606	0.262287	0.0331268	0.0337704	0.0279608	0.00336096	0.0092703
85	0.0334814	0.00592798	0.00615498	0.00947145	0.0199269	0.00937575	0.0126551	0.0965457	0.0650712	0.132671	0.160576	0.0617439	0.0121443	0.0982227	0.148722	0.0578576	0.0385465	0.017045	0.00395114	0.00990948
86	0.392929	0.0417591	0.00856552	0.0055645	0.0175633	0.0892989	0.00113035	0.00631472	0.0169019	0.0206465	0.0128906	0.0179812	0.00183277	0.0148081	0.0342169	0.260473	0.0343447	0.0108871	0.000318952	0.011573
87	0.0676976	0.0200731	0.0337169	0.0251973	0.0125141	0.0870615	0.0303094	0.0233202	0.0419994	0.0296698	0.0137052	0.089216	0.091078	0.0218433	0.0494307	0.192243	0.134098	0.022225	0.00604905	0.0085519
88	0.0400864	0.00963007	0.0402718	0.0456396	0.00652693	0.0422069	0.0296066	0.0163092	0.151698	0.0138007	0.00989804	0.0912814	0.0324179	0.0744858	0.17421	0.106992	0.0837825	0.0179283	0.00208095	0.0111472
89	0.0527053	0.0106155	0.0139539	0.0368321	0.0498793	0.0123402	0.0389598	0.0609357	0.0622939	0.0543677	0.0182298	0.0249798	0.00633927	0.0337949	0.177859	0.108671	0.109851	0.0942971	0.00904195	0.0240525
90	0.0204581	0.0232636	0.00581787	0.0111904	0.0425928	0.00411308	0.00654443	0.260714	0.00611976	0.216573	0.0594801	0.00472123	0.0063044	0.016234	0.0154763	0.0123717	0.0469599	0.220093	0.000819134	0.0201535
91	0.0208126	0.0133553	0.0107734	0.00286162	0.293531	0.00586107	0.0336026	0.0567083	0.0061562	0.153043	0.0577678	0.00672089	0.00698039	0.0145226	0.00918993	0.0107751	0.00744445	0.0422225	0.0255465	0.222125
92	0.0382964	0.0182189	0.000832697	0.000555928	0.00521384	0.000564683	0.000531537	0.236306	0.00498201	0.0514004	0.0113894	0.000797487	0.00806493	0.00170591	0.000676974	0.000991063	0.0335116	0.580988	0.00060237	0.00436915
93	0.0603178	0.00973319	0.107665	0.145172	0.0205035	0.0410641	0.0207332	0.0348617	0.0593265	0.0452915	0.0204796	0.0631578	0.0154073	0.0722881	0.0413937	0.099155	0.074402	0.0502522	0.00307606	0.0157199
94	0.4845	0.0851289	0.00273052	0.00465434	0.00308591	0.0965573	0.0037515	0.0129069	0.00189008	0.0064712	0.00267904	0.00466398	0.0122455	0.00216277	0.00287098	0.199992	0.0513392	0.0201987	0.000300519	0.00187105
95	0.0647778	0.00224754	0.134874	0.185275	0.0154936	0.0444296	0.0209117	0.0158898	0.0746078	0.0306098	0.0161769	0.0749207	0.0253609	0.0847469	0.0421566	0.0854531	0.0402405	0.0254127	0.00391371	0.0125016
96	0.0230066	0.048904	0.00468062	0.013757	0.0204555	0.00520453	0.00482645	0.308325	0.0145316	0.108569	0.0673505	0.0262003	0.00359299	0.00906783	0.00871531	0.0317185	0.0494207	0.232847	0.0092623	0.00956384
97	0.0193198	0.0071187	0.0114901	0.0262544	0.0120583	0.0275157	0.0264572	0.0258321	0.295075	0.0343211	0.0193555	0.0443342	0.0112605	0.0489245	0.27267	0.0328325	0.0357847	0.0304946	0.00496488	0.0139361
98	0.0522528	0.0118365	0.0222617	0.0282946	0.0143351	0.0655141	0.0262128	0.0202625	0.0607358	0.0482716	0.0294328	0.0462518	0.114167	0.0746018	0.134337	0.144346	0.0585687	0.0241273	0.00750304	0.0166878
99	0.0583823	0.0191614	0.0275225	0.0291723	0.117642	0.0352599	0.0797114	0.018719	0.0372125	0.0453356	0.0168253	0.0413852	0.018648	0.0368101	0.0434714	0.105899	0.042116	0.0433328	0.0235128	0.159881
100	0.0119777	0.012702	0.000638599	0.00148133	0.0199569	0.00232547	0.00155791	0.428724	0.00263143	0.139372	0.0483923	0.00226435	0.00118535	0.00239912	0.00330549	0.00281209	0.0111478	0.300344	0.00114018	0.00564158
101	0.0191702	0.00665737	0.0126769	0.0299173	0.00746943	0.0270931	0.0261445	0.0174953	0.333176	0.0299791	0.0154214	0.0406386	0.0103076	0.0493882	0.273362	0.0300886	0.0292791	0.0285219	0.00442833	0.00878553
102	0.013632	0.00717475	0.00595021	0.00499962	0.0478199	0.00307014	0.0060666	0.125754	0.0193188	0.42632	0.159273	0.00309557	0.0107334	0.030956	0.0214974	0.00968476	0.0128489	0.0581136	0.0111646	0.0225271
103	0.0383135	0.00968022	0.0183667	0.0134861	0.0899183	0.00667107	0.0151131	0.064102	0.0430772	0.158518	0.128739	0.00580559	0.0183105	0.0367884	0.11763	0.0312569	0.0320104	0.0739706	0.0273065	0.0709359
104	0.0555328	0.0251224	0.0568024	0.0940959	0.00808875	0.0320908	0.0219814	0.0349426	0.0749695	0.0446344	0.0291654	0.0783592	0.00571374	0.0651369	0.061961	0.133145	0.105029	0.0670377	0.00223006	0.00396065
105	0.0190542	0.0236325	0.00448302	0.00985912	0.0364517	0.00431397	0.00765412	0.248903	0.0103476	0.254896	0.0557596	0.00500097	0.00545629	0.0232318	0.0211822	0.0145162	0.0467224	0.191478	0.000716091	0.0163412
106	0.0344548	0.0275505	0.0125767	0.0142052	0.211482	0.0103349	0.0379061	0.0527395	0.0426294	0.10974	0.0261375	0.025436	0.0174461	0.0176428	0.0278802	0.0440702	0.0189093	0.0359292	0.0122855	0.220644
107	0.0501805	0.018245	0.0336852	0.027202	0.146599	0.0392003	0.0716592	0.0201598	0.0241776	0.0621931	0.014697	0.0460353	0.0103858	0.0493518	0.0331454	0.0822594	0.033653	0.0465282	0.0187691	0.171873
108	0.020709	0.0223815	0.00510201	0.00971494	0.0391932	0.00405111	0.00615355	0.24604	0.00603135	0.239895	0.0660023	0.00469314	0.00477955	0.0167517	0.0140503	0.0140406	0.0467889	0.216051	0.00107853	0.0164924
109	0.0375026	0.00975212	0.0305039	0.0421422	0.00526637	0.0330277	0.031427	0.0147597	0.215479	0.0140206	0.00871632	0.063752	0.0231821	0.0727076	0.224441	0.0786742	0.0618186	0.0150428	0.00166864	0.0161151
110	0.0134847	0.0108822	0.000438946	0.000899408	0.0223781	0.00274375	0.00117852	0.498404	0.00215045	0.104897	0.0536016	0.00217609	0.000562753	0.000852299	0.00337814	0.0017516	0.0063543	0.268394	0.00061895	0.00485285
111	0.0511378	0.0105469	0.0233784	0.0269645	0.0123619	0.0537721	0.0151681	0.0159802	0.035691	0.0226219	0.0119012	0.0421434	0.396664	0.0272127	0.0331537	0.118096	0.0666809	0.0218214	0.00317963	0.011524
112	0.0153034	0.0040274	0.000535228	0.000964506	0.0361536	0.00109783	0.000830937	0.356821	0.00371141	0.249748	0.0532231	0.000710574	0.00105809	0.00197657	0.00177921	0.00198074	0.00303622	0.258445	0.00179886	0.00679885
113	0.118741	0.0154638	0.0109114	0.00576204	0.132784	0.0442721	0.00429391	0.151592	0.00533191	0.0269667	0.098981	0.0119058	0.0218935	0.00778441	0.0055161	0.0491741	0.0364362	0.21007	0.0345123	0.00760661
114	0.0264756	0.0173476	0.000541368	0.000768356	0.00565635	0.0012319	0.000774727	0.320064	0.00359463	0.0652993	0.0177105	0.00155583	0.00550876	0.00172747	0.00158108	0.00142131	0.0284592	0.494407	0.000776632	0.00509796
115	0.0133809	0.00219744	0.000597651	0.00112159	0.0359793	0.000852695	0.000766993	0.306194	0.00419339	0.321403	0.0571721	0.000786239	0.00116995	0.00269377	0.00199225	0.00259177	0.00430058	0.233372	0.0024941	0.00674077
116	0.0100649	0.00659816	0.00403351	0.00293162	0.1203	0.00344553	0.00816009	0.0970801	0.00604837	0.420511	0.150901	0.00238125	0.00584894	0.0106532	0.00672452	0.00765634	0.00766219	0.0548758	0.00704332	0.0670791
117	0.0176889	0.0068454	0.01096	0.0246412	0.0238938	0.0221674	0.0213005	0.0192969	0.267725	0.0336771	0.0160189	0.0301675	0.00943814	0.0399622	0.358301	0.0272383	0.0252882	0.0272631	0.00353118	0.0145948
118	0.476865	0.0662094	0.00464647	0.00563982	0.00570163	0.162928	0.00409809	0.0178611	0.00517079	0.00876448	0.00835938	0.00644732	0.0103456	0.00687387	0.00802916	0.136817	0.0342878	0.0269636	0.000797367	0.00319403
119	0.00341202	0.00445805	0.00110337	0.00199418	0.0464595	0.00285267	0.000622178	0.0952906	0.00271547	0.588458	0.168775	0.000612182	0.00396605	0.0053719	0.00137964	0.00568304	0.00676769	0.0539901	0.00107867	0.00501019
120	0.0270262	0.0208855	0.00689365	0.00952758	0.0798433	0.00380627	0.00512992	0.265265	0.00556499	0.164599	0.0569543	0.00634172	0.00436111	0.0104017	0.0119658	0.0163961	0.0408205	0.234588	0.00103098	0.0285991
121	0.0613322	0.0282529	0.0330119	0.0907356	0.0276154	0.0240575	0.0231088	0.0787011	0.0152848	0.0867587	0.0282957	0.0290998	0.00422934	0.0487121	0.0398681	0.108755	0.122844	0.126321	0.000893187	0.0221238
122	0.124722	0.012177	0.00113746	0.00431733	0.00179351	0.0590269	0.00189976	0.00574747	0.00166397	0.00795289	0.0018331	0.0409435	0.0216465	0.00541245	0.00888672	0.6313	0.0539248	0.00822431	0.000447846	0.00694164
123	0.0500288	0.00578713	0.417703	0.114844	0.0108377	0.0278311	0.0168319	0.014976	0.0315521	0.015427	0.010064	0.0823601	0.0143326	0.0396501	0.0297579	0.0624417	0.0284823	0.0158925	0.00213413	0.00906539
124	0.0179756	0.00594396	0.0147268	0.0307892	0.00770777	0.0322644	0.0330144	0.0164591	0.327663	0.0288839	0.0158643	0.0387974	0.0090792	0.0533958	0.272967	0.0267039	0.0269957	0.0273494	0.00379804	0.00962103
125	0.0242402	0.00104214	0.337704	0.368245	0.00265325	0.0239898	0.0195053	0.00886078	0.0473669	0.0181372	0.00340007	0.0163305	0.00144448	0.0381705	0.0418959	0.0197965	0.014613	0.0108022	0.000512308	0.00128987
126	0.0212092	0.00930161	0.00089518	0.00141763	0.035562	0.00318145	0.00226285	0.475341	0.00325912	0.101586	0.0667512	0.00314404	0.000931202	0.00157067	0.00396661	0.00457046	0.00863812	0.246446	0.000670562	0.00929497
127	0.0105142	0.0147622	0.00200615	0.00383425	0.0465708	0.00342845	0.0026669	0.128727	0.00400383	0.474846	0.140672	0.00201615	0.00438721	0.0090535	0.00531545	0.0136677	0.0251441	0.0998032	0.00120683	0.00737448
128	0.0622166	0.00131902	0.146998	0.208441	0.0143898	0.0488206	0.0183314	0.0137555	0.0613733	0.0319558	0.0118692	0.0723836	0.022491	0.091646	0.035142	0.0855187	0.0364107	0.020712	0.00374506	0.0124807
129	0.0658783	0.0377256	0.00765771	0.0311928	0.0185195	0.0186905	0.0179263	0.081931	0.00796761	0.14063	0.193296	0.00909885	0.0032529	0.0195446	0.0455763	0.0837258	0.083244	0.0924046	0.00295475	0.0387826
130	0.013887	0.0147284	0.000398137	0.00101031	0.00964674	0.00258387	0.000830971	0.504768	0.00196987	0.0639057	0.0310636	0.00276753	0.00217933	0.00103234	0.00359939	0.00157429	0.0154846	0.324135	0.00049732	0.00393715
131	0.143321	0.0536196	0.0261864	0.00684912	0.0498495	0.0325576	0.00349413	0.109924	0.00351028	0.0643654	0.0465291	0.0201267	0.0153998	0.00571147	0.0033686	0.056985	0.0657119	0.274898	0.0146906	0.00290282
132	0.02569	0.0313499	0.0287572	0.00697261	0.248785	0.021904	0.036771	0.0574135	0.00919681	0.115669	0.0461062	0.0103896	0.0252517	0.0157571	0.0103509	0.0188219	0.0112659	0.0542302	0.0140488	0.211269
133	0.00370976	0.00417606	0.00112651	0.00197214	0.0464632	0.00287682	0.000568763	0.0995695	0.00274295	0.579226	0.169243	0.000632918	0.00382185	0.00527106	0.00128987	0.00560297	0.00671302	0.0593427	0.00112571	0.00452532
134	0.0525067	0.00826024	0.00849107	0.0288057	0.0773881	0.00751805	0.013893	0.066322	0.058442	0.0859633	0.0521989	0.0134756	0.00862541	0.0382232	0.16352	0.0735183	0.0619799	0.0986644	0.0214711	0.0607326
135	0.103936	0.0154902	0.032511	0.0465453	0.0100519	0.100168	0.0178794	0.0272795	0.0268686	0.034129	0.0103983	0.0465624	0.100264	0.042128	0.0265815	0.209277	0.100284	0.0354089	0.00387811	0.0103578
136	0.0609599	0.0322263	0.00417708	0.0244218	0.00467694	0.0376628	0.0109171	0.00557055	0.00879211	0.0129033	0.0038213	0.0322791	0.00474514	0.02031	0.0111674	0.446973	0.266093	0.00962044	0.000471961	0.00221151
137	0.0182218	0.0196018	0.00436478	0.0102188	0.0437118	0.00344741	0.00526144	0.307471	0.00503531	0.203591	0.0562149	0.00405223	0.00427755	0.0120339	0.0134644	0.00970743	0.0357121	0.224123	0.000910908	0.018579
138	0.0658757	0.000834023	0.148154	0.184247	0.0150836	0.0456979	0.0207384	0.0142136	0.0766754	0.0270057	0.0121158	0.0766069	0.0237923	0.0838527	0.044071	0.0841443	0.0386127	0.0208414	0.00431483	0.0131224
139	0.0644939	0.000926457	0.152079	0.21842	0.0155943	0.0431571	0.0195596	0.0138214	0.0642295	0.0285639	0.0133877	0.0709508	0.0228849	0.0796227	0.0372784	0.078062	0.0380517	0.0226722	0.003783	0.0124615
140	0.0560056	0.0179556	0.0821166	0.121151	0.00987154	0.0332077	0.0219461	0.0320416	0.0811923	0.044112	0.0262174	0.0748423	0.00618481	0.0714796	0.0607149	0.111602	0.0828948	0.0570915	0.00265104	0.0067216
141	0.475071	0.0920623	0.00374543	0.00567294	0.00507485	0.0795244	0.003756	0.0188202	0.00224739	0.00880901	0.00309416	0.0047096	0.0170364	0.00359996	0.00416223	0.187115	0.0500443	0.0328684	0.000464442	0.00212234
142	0.0182016	0.0303629	0.00364579	0.00760128	0.0213623	0.00430156	0.0094098	0.217439	0.0116875	0.323945	0.054491	0.00610594	0.00552894	0.0324004	0.0321828	0.0187729	0.0414244	0.147466	0.00111837	0.0125522
143	0.0652114	0.00100201	0.149074	0.179946	0.0145165	0.0449925	0.0205282	0.0142935	0.0809842	0.0265448	0.012393	0.0785647	0.0225308	0.0835643	0.0451908	0.0838939	0.0387366	0.0210708	0.00431679	0.0126443
144	0.00783007	0.0158596	0.00256564	0.0193377	0.361148	0.00960653	0.0349962	0.00498049	0.00277118	0.00705393	0.00366137	0.00341218	0.00215534	0.0174826	0.0104856	0.00663169	0.00747868	0.00556937	0.0797019	0.397272
145	0.0120407	0.00331124	0.000563765	0.00128531	0.0371243	0.000912634	0.00118928	0.314038	0.0045777	0.318597	0.0480726	0.000845121	0.00124263	0.00398436	0.00243438	0.00272227	0.00423442	0.233117	0.002104	0.00760275
146	0.110877	0.0107381	0.0762491	0.0910501	0.00944829	0.346342	0.023542	0.00832513	0.0243693	0.0155083	0.00730561	0.0725108	0.0145458	0.0258043	0.0229068	0.0436806	0.0480182	0.0126411	0.00196426	0.0341727
147	0.0660897	0.0204723	0.0342886	0.0257056	0.0124962	0.0891826	0.0282468	0.024579	0.0404267	0.0285914	0.0128537	0.0859983	0.0908279	0.022819	0.0490139	0.197692	0.133303	0.0228336	0.00644784	0.00813162
148	0.0195654	0.00655298	0.0133179	0.0304173	0.00737827	0.027325	0.0268044	0.0176451	0.329601	0.0292641	0.0154802	0.0410332	0.010475	0.0505579	0.27284	0.0307589	0.0297635	0.0281432	0.00430435	0.00877263
149	0.0699876	0.000892385	0.148002	0.181038	0.0219477	0.0447824	0.0219665	0.0130406	0.0692629	0.025717	0.0130551	0.0751665	0.0305843	0.0838763	0.0381866	0.0860022	0.0364065	0.0215593	0.00402115	0.0145049
150	0.0347854	0.00425267	0.0452034	0.0531204	0.00639009	0.0274843	0.0316429	0.0141983	0.153998	0.00709597	0.0104867	0.0738996	0.0447316	0.0889922	0.210868	0.0854797	0.0754975	0.0208158	0.00107171	0.00998508
151	0.0416119	0.00923839	0.0152536	0.0294493	0.00948301	0.0254937	0.0230801	0.0323497	0.195267	0.0540877	0.0296977	0.0496866	0.0677545	0.0600429	0.224828	0.0619323	0.0380867	0.0190837	0.00278135	0.0107916
152	0.094441	0.00346649	0.0164757	0.0709172	0.00665286	0.0354604	0.00408205	0.15472	0.0449906	0.0942821	0.072512	0.0211569	0.0179063	0.0579905	0.00589184	0.0872295	0.0649832	0.142339	0.000944831	0.00355763
153	0.0675087	0.00380015	0.119068	0.156372	0.0278611	0.0481621	0.0311321	0.0120129	0.0715276	0.0271007	0.0163519	0.0648397	0.0396711	0.0734366	0.0469375	0.0936047	0.036898	0.0263301	0.00640833	0.0309764
154	0.193954	0.0433917	0.0210597	0.0107167	0.0617431	0.0320642	0.00427864	0.10877	0.00447936	0.0812539	0.0594339	0.013737	0.0111976	0.00991582	0.00604037	0.0588653	0.05624	0.206069	0.0107434	0.00604582
155	0.0324478	0.00543027	0.0367703	0.0532854	0.00676259	0.0291527	0.033498	0.0196563	0.241285	0.0163793	0.0130671	0.0541621	0.0154817	0.0766974	0.226124	0.0543565	0.0494785	0.0248622	0.00265141	0.00845111
156	0.0232602	0.000986769	0.366966	0.339809	0.00228718	0.0263876	0.0168991	0.00638554	0.051074	0.0188902	0.0019587	0.0150651	0.00101432	0.0394368	0.0451136	0.0178042	0.0149818	0.0100734	0.000463041	0.00114323
157	0.0280071	0.0278778	0.00669596	0.0106705	0.0503879	0.00426561	0.00644558	0.229103	0.00779276	0.216732	0.0601609	0.00747908	0.00493211	0.0162723	0.0147863	0.0167175	0.0537903	0.208855	0.00151926	0.0275097
158	0.0415899	0.0117617	0.0283789	0.0400627	0.0089526	0.0352828	0.0374631	0.0139007	0.207259	0.0175851	0.0105041	0.059591	0.0253924	0.0658608	0.217292	0.0794497	0.0579977	0.0161762	0.00305628	0.0224431
159	0.0246531	0.00721619	0.0288841	0.0402724	0.00710725	0.0289161	0.0304723	0.0176079	0.283972	0.0243707	0.0142828	0.0462336	0.0121512	0.058138	0.255689	0.0425574	0.038863	0.0255192	0.00361584	0.00947731
160	0.439296	0.051726	0.0123108	0.00941898	0.0235681	0.0647838	0.00292017	0.00998706	0.0122069	0.0400272	0.0108113	0.0132506	0.0032814	0.018933	0.0205911	0.181273	0.0431966	0.0341673	0.000697858	0.00755327
161	0.0229101	0.0153273	0.0141433	0.00354519	0.290631	0.00808298	0.0418282	0.0543008	0.00723761	0.139329	0.0459979	0.00886371	0.0065687	0.0161607	0.00969846	0.0140401	0.00790132	0.0422568	0.0194693	0.231707
162	0.0201858	0.0133134	0.0105371	0.00302333	0.299018	0.00585215	0.0330007	0.0533802	0.00722842	0.14568	0.0556096	0.00702481	0.00663534	0.0137378	0.0121311	0.0107562	0.00822375	0.0435147	0.0185337	0.232614
163	0.0210164	0.0135862	0.00983501	0.00303957	0.292928	0.00585659	0.032039	0.0503355	0.00628438	0.145635	0.0648538	0.00658426	0.00691141	0.0158374	0.00993994	0.0109681	0.00976188	0.0468567	0.017319	0.230412
164	0.0335804	0.0308369	0.0041955	0.00823955	0.0230316	0.00830338	0.00569749	0.248627	0.0195749	0.120788	0.200339	0.00803307	0.00392598	0.0169129	0.0232409	0.0187072	0.0370947	0.171041	0.00241333	0.0154172
165	0.0355022	0.0185771	0.000940875	0.000749166	0.00525241	0.000626968	0.000700312	0.242605	0.00446161	0.0540715	0.0142051	0.00103352	0.00746325	0.00189351	0.000814655	0.00127371	0.0353388	0.568799	0.000753056	0.00493851
166	0.0219357	0.00477894	0.0184248	0.0162001	0.00454252	0.0237189	0.0863365	0.0111744	0.180982	0.0286054	0.0300043	0.211933	0.00800123	0.0847557	0.149388	0.0389568	0.0324984	0.0142668	0.00961976	0.0238772
167	0.0218691	0.012525	0.0139021	0.0266999	0.00695801	0.0377064	0.0347745	0.0163805	0.298734	0.0289756	0.0135539	0.039292	0.0123785	0.0542378	0.268072	0.0401673	0.032415	0.0211391	0.00305718	0.017162
168	0.0283113	0.00727299	0.0223104	0.0390566	0.00634576	0.0284801	0.0329906	0.0159908	0.266424	0.0209829	0.0115006	0.0567869	0.0179521	0.0626692	0.244915	0.0532679	0.0489123	0.0216022	0.00339043	0.0108375
169	0.061196	0.0227104	0.0146121	0.048399	0.00844446	0.0311592	0.0286865	0.0634016	0.190423	0.0575947	0.014004	0.0479752	0.026746	0.0402359	0.197261	0.0613974	0.0477567	0.0249825	0.00278564	0.010229
170	0.0657904	0.000837771	0.147847	0.186235	0.016325	0.0459173	0.0205328	0.0130939	0.0750178	0.0269447	0.0123735	0.0763462	0.0282072	0.0821241	0.0399318	0.0856945	0.0377251	0.0212181	0.00405329	0.0137846
171	0.0340534	0.0751558	0.0241295	0.165794	0.00678067	0.0642057	0.00476904	0.0686955	0.0058935	0.101371	0.0263079	0.00682087	0.12584	0.0637737	0.00673498	0.0122216	0.0288997	0.153003	0.00196773	0.0235823
172	0.0154524	0.00178421	0.622783	0.136396	0.00588103	0.017122	0.00547429	0.0142578	0.0141365	0.00730509	0.00399922	0.0518879	0.00960501	0.0275868	0.0189334	0.0216396	0.0151449	0.00673565	0.000969232	0.00290651
173	0.014486	0.00143767	0.597779	0.112121	0.00596366	0.0148765	0.0101584	0.0116065	0.0119504	0.00570644	0.00370357	0.121917	0.00875744	0.0215478	0.0165595	0.022603	0.00977594	0.00483477	0.000904344	0.00331139
174	0.0189823	0.00697088	0.00993001	0.0233961	0.00865611	0.0242129	0.0226044	0.0242717	0.293314	0.034822	0.0172863	0.0320876	0.0185463	0.043842	0.327853	0.0283103	0.0256887	0.0257793	0.00355672	0.00989
175	0.0293845	0.00281149	0.49994	0.172119	0.00695746	0.0260194	0.0111802	0.0127294	0.0289153	0.0128525	0.0056664	0.046304	0.0107102	0.0380041	0.0274791	0.0325809	0.019171	0.0109769	0.00135799	0.00484111
176	0.080411	0.0169394	0.0547667	0.0206021	0.136713	0.0226592	0.127093	0.0150248	0.0186991	0.0373846	0.019087	0.0751087	0.00744137	0.050832	0.0181261	0.098094	0.0253668	0.029018	0.01472	0.131913
177	0.0200118	0.0132756	0.0106527	0.00263695	0.302113	0.00585764	0.0334572	0.0551623	0.00589851	0.149214	0.0551303	0.00664389	0.0064463	0.0135104	0.00926732	0.0105927	0.00730912	0.0430657	0.0197672	0.229987
178	0.374589	0.0292266	0.0126619	0.0120882	0.014023	0.152459	0.00590046	0.0111859	0.0337942	0.0205262	0.0153742	0.019063	0.00488711	0.0344554	0.0533114	0.151281	0.0257836	0.0183267	0.00131674	0.00974632
179	0.0326368	0.00506318	0.038527	0.0178024	0.00617367	0.0372938	0.0658998	0.0109366	0.15338	0.0334754	0.0205498	0.292448	0.00846872	0.0478311	0.117096	0.0342522	0.0228788	0.0152046	0.00764708	0.0324354
180	0.0243916	0.00672053	0.0198156	0.0349619	0.00759559	0.0299602	0.0326428	0.0192024	0.286272	0.027664	0.0170859	0.0470575	0.0129143	0.0614015	0.2562	0.0397432	0.0348978	0.0262964	0.00424655	0.0109302
181	0.0319323	0.00816529	0.0634315	0.0861523	0.0116243	0.0240958	0.0207037	0.0190871	0.136103	0.0288145	0.0152861	0.039539	0.0148193	0.0487153	0.321061	0.0533113	0.0377886	0.0260037	0.00339549	0.0099696
182	0.0170758	0.0139054	0.00317681	0.00637297	0.0418983	0.00283097	0.004193	0.257099	0.00541785	0.295668	0.0699789	0.00304631	0.00342252	0.0110601	0.0110805	0.00868168	0.028158	0.20187	0.00136187	0.0137017
183	0.0308605	0.000865694	0.325144	0.308025	0.00485068	0.0316936	0.0169758	0.00773764	0.0552688	0.0221291	0.00403413	0.0266338	0.00556539	0.0481038	0.0452062	0.0303282	0.0192431	0.0127993	0.00111828	0.00341663
184	0.042975	0.0258732	0.00253091	0.00746368	0.0235117	0.00743836	0.00551046	0.104788	0.00799925	0.28681	0.201759	0.00584922	0.00253174	0.0140722	0.0146274	0.049489	0.0663597	0.10635	0.00280189	0.02126
185	0.276778	0.0337295	0.0102363	0.00747043	0.00957244	0.0682107	0.00572443	0.0392093	0.00645832	0.037418	0.00648395	0.0141938	0.0841024	0.00807102	0.00802106	0.131357	0.117428	0.129902	0.00183522	0.00379831
186	0.137679	0.0358034	0.0185622	0.0134736	0.00618027	0.544773	0.00408644	0.00757064	0.0124663	0.0103463	0.00567124	0.0225995	0.0122085	0.0120589	0.0135718	0.100391	0.0273268	0.00986131	0.0010809	0.00428896
187	0.106098	0.0136283	0.0736648	0.156565	0.0114025	0.0732414	0.0209178	0.0110933	0.0373767	0.01774	0.00862685	0.0301699	0.0529517	0.14961	0.0178664	0.125754	0.05333	0.0189393	0.00233699	0.0186862
188	0.00734253	0.0059381	0.00122778	0.00229582	0.0417893	0.00257757	0.00133246	0.148272	0.00364011	0.512746	0.133336	0.00117703	0.00370523	0.00646957	0.00301053	0.00628909	0.0108292	0.100468	0.00144229	0.00611108
189	0.00499371	0.00393342	0.00100475	0.00244618	0.0460468	0.00266569	0.000759396	0.110466	0.00339721	0.54989	0.185824	0.000761883	0.0037655	0.00628383	0.00191648	0.00689822	0.00730245	0.055251	0.00122077	0.00517255
190	0.418547	0.0303539	0.0111134	0.0118643	0.0151381	0.0855033	0.00120584	0.00614131	0.0232743	0.023301	0.0191368	0.0189187	0.00111343	0.0191609	0.0412728	0.22123	0.0335244	0.00931689	0.000541832	0.00934234
191	0.063275	0.00508316	0.127272	0.160238	0.0175005	0.0442612	0.0227103	0.0180424	0.074273	0.0333501	0.0149499	0.0750462	0.0202793	0.0793914	0.0492901	0.0941447	0.0495501	0.0308728	0.00428492	0.016185
192	0.0492895	0.0102903	0.0236178	0.116224	0.0414322	0.0217591	0.0171195	0.0433685	0.065918	0.0938791	0.0857436	0.0210338	0.0305377	0.129639	0.0294378	0.0749238	0.0366468	0.0919356	0.00274678	0.0144573
193	0.0126792	0.0142944	0.00446783	0.00503163	0.0928661	0.00381573	0.00843969	0.148333	0.00569943	0.388131	0.112652	0.00342345	0.00570502	0.0113788	0.00807337	0.0103914	0.0192458	0.0976162	0.00438977	0.0433659
194	0.01944	0.00689975	0.0123155	0.0307128	0.00750437	0.0272673	0.0257422	0.0176775	0.325167	0.031006	0.0148921	0.0413968	0.0105457	0.0492112	0.275581	0.0308907	0.029838	0.0281946	0.00660004	0.00911722
