458	20
1	0.0341063	0.0121201	0.000466881	0.00344938	0.0204193	0.00142662	0.00499097	0.254453	0.00150243	0.217678	0.0656216	0.000821768	0.000732404	0.00358989	0.0027529	0.00939132	0.0306881	0.327854	0.000399445	0.00753563
2	0.0466867	0.207934	0.0451775	0.0255023	0.0084872	0.0256746	0.00724274	0.00719858	0.00881011	0.0122521	0.00506116	0.01752	0.00272788	0.0168968	0.00930727	0.317321	0.216616	0.0130801	0.00202954	0.00447431
3	0.0228656	0.00705798	0.000318089	0.00280826	0.0148747	0.000737481	0.00291721	0.308175	0.00102391	0.213264	0.0485993	0.00052361	0.000880653	0.00310652	0.00188829	0.00442071	0.0198102	0.33962	0.000209942	0.0068994
4	0.0456069	0.0120874	0.000561279	0.00506743	0.0194075	0.0023592	0.00787719	0.208902	0.00133928	0.226022	0.0916227	0.00120227	0.000638275	0.00344758	0.00424354	0.0160218	0.0439281	0.300935	0.000656199	0.00807466
5	0.422237	0.0765917	0.00514541	0.00645862	0.00331108	0.235254	0.00447673	0.0119749	0.00446637	0.00910831	0.00170291	0.0100651	0.00284395	0.00725209	0.00860461	0.10486	0.041322	0.0397979	0.00136724	0.0031607
6	0.0246313	0.0219335	0.0173612	0.0219887	0.0162646	0.148717	0.0874561	0.0155941	0.0836902	0.0325341	0.0092868	0.0466598	0.0110909	0.149488	0.190135	0.0556167	0.0221333	0.0173669	0.00267332	0.0253785
7	0.0726358	0.0191058	0.00619882	0.0142375	0.0186935	0.0244813	0.0294392	0.201483	0.0106072	0.0867871	0.0293919	0.0133864	0.00535638	0.0212004	0.0164504	0.036187	0.0391123	0.33648	0.00287287	0.0158934
8	0.0990393	0.0192222	0.0150596	0.0107739	0.0134831	0.554547	0.0123057	0.0155218	0.0205606	0.0208006	0.00989061	0.0227332	0.00889506	0.0206479	0.0215727	0.0513133	0.021861	0.0228921	0.0245952	0.0142849
9	0.0485279	0.00775513	0.142092	0.165699	0.00661244	0.0292777	0.0281764	0.011716	0.15714	0.027843	0.0101797	0.0541302	0.0198242	0.069408	0.0852302	0.0661641	0.0398978	0.0227798	0.00184365	0.00570156
10	0.0931812	0.049907	0.0240362	0.0192175	0.00850963	0.0257074	0.00879177	0.0065877	0.0126537	0.00919639	0.00480698	0.0390652	0.00515926	0.0216538	0.0147475	0.380707	0.252802	0.0137649	0.00125006	0.00825447
11	0.0681692	0.075395	0.0250882	0.0178687	0.0068025	0.0313604	0.00507377	0.0033172	0.00585902	0.00424691	0.00228872	0.027596	0.00130214	0.0190185	0.00893838	0.405153	0.277724	0.00870759	0.000801707	0.005289
12	0.0100929	0.0130046	0.00089964	0.00174469	0.19682	0.00148604	0.00891489	0.146833	0.00330475	0.327452	0.106694	0.00538816	0.00180388	0.0126272	0.00231859	0.00659703	0.00466158	0.0780465	0.00979198	0.0615178
13	0.219528	0.0741708	0.00284727	0.00417483	0.00650682	0.0156327	0.00368615	0.00373464	0.0069088	0.00752001	0.00259007	0.0256168	0.00112773	0.00411078	0.012291	0.385378	0.203354	0.01324	0.000520839	0.00706153
14	0.0409468	0.0128018	0.280262	0.16264	0.00858353	0.049568	0.0383757	0.0113517	0.042839	0.0176041	0.00812023	0.0680055	0.0171352	0.049164	0.0215303	0.105901	0.0381013	0.0173915	0.00212716	0.00755156
15	0.275514	0.0937237	0.0127601	0.00882679	0.0101648	0.107791	0.0260179	0.00641643	0.00642452	0.0105717	0.00357174	0.0453575	0.0114679	0.0252884	0.0171187	0.252528	0.0365163	0.0134478	0.00162646	0.0348659
16	0.0187186	0.00746481	0.00250545	0.00616139	0.0388801	0.00372156	0.00471203	0.141234	0.0103024	0.529314	0.0693343	0.0049646	0.00223626	0.0135709	0.0135387	0.0106624	0.0139414	0.0952092	0.00270419	0.0108239
17	0.0117999	0.00575302	0.000409623	0.00169239	0.00693068	0.00149479	0.00113841	0.404398	0.000875083	0.137174	0.0237068	0.00063317	0.00200436	0.00129258	0.000827117	0.00180765	0.00865901	0.386266	0.000301126	0.00283581
18	0.0142828	0.00331369	0.000707574	0.00178564	0.0240126	0.000631998	0.00128553	0.188454	0.00155823	0.574185	0.0327652	0.0010635	0.000342285	0.00336118	0.00697493	0.00270589	0.00956166	0.128848	0.000452713	0.00370802
19	0.0211109	0.00715731	0.000426466	0.00316138	0.0136712	0.00109247	0.00230956	0.334935	0.00136981	0.182144	0.0368151	0.000688429	0.00129161	0.00254183	0.0018169	0.00387152	0.0158216	0.363827	0.000472825	0.00547481
20	0.13198	0.0223589	0.00723705	0.00519786	0.00943554	0.0287762	0.0243147	0.00992283	0.0142342	0.0138739	0.00559292	0.0878819	0.00322605	0.00988125	0.0296628	0.447492	0.119432	0.00926956	0.00158358	0.0186459
21	0.109929	0.00383463	0.0359501	0.074756	0.00815317	0.0310731	0.028998	0.0138843	0.0750146	0.0143338	0.019984	0.0626652	0.130948	0.0860671	0.0305881	0.158595	0.0915302	0.0184639	0.000712632	0.00451982
22	0.0148955	0.00870723	0.0107858	0.0311657	0.00563711	0.0048064	0.0363744	0.00660405	0.28574	0.0185608	0.00466163	0.0271216	0.000400756	0.0672902	0.403105	0.045086	0.0196478	0.00588359	0.000236424	0.00328978
23	0.0104581	0.00672376	0.000890599	0.00563377	0.0248233	0.00273171	0.00141263	0.0655809	0.0242944	0.554963	0.175767	0.00408428	0.00194284	0.0369064	0.0113183	0.0105084	0.0122347	0.0322183	0.0068914	0.0106167
24	0.0417785	0.0102058	0.000488576	0.00408802	0.0169347	0.00156398	0.0055378	0.231468	0.00128942	0.249838	0.0742096	0.000859394	0.000624776	0.00353435	0.0040165	0.0109678	0.0337991	0.300951	0.000514046	0.0073312
25	0.0283457	0.00860298	0.00995743	0.0210882	0.0332433	0.0206589	0.089605	0.0613646	0.0771888	0.139006	0.0591416	0.0172467	0.00764131	0.0570646	0.17026	0.0434749	0.0455825	0.0489233	0.00794353	0.0536612
26	0.0071189	0.00440429	0.00105126	0.00167131	0.423254	0.00138346	0.0423837	0.00639014	0.00278164	0.097649	0.0128575	0.00549305	0.00368568	0.00216633	0.0135741	0.00772711	0.0159702	0.017375	0.00203635	0.331027
27	0.010158	0.00947634	0.000650376	0.0050362	0.0363541	0.00243835	0.0014369	0.0777385	0.0151317	0.536239	0.195811	0.00340503	0.00195383	0.0245453	0.00588351	0.0101659	0.0131825	0.0347576	0.0055044	0.0101314
28	0.0418142	0.00808966	0.311544	0.211339	0.0087751	0.0370298	0.0392572	0.00973276	0.0458548	0.0203724	0.00663737	0.0625542	0.010619	0.0543779	0.0208692	0.0643509	0.024251	0.0151622	0.0010774	0.00629225
29	0.0557835	0.0114768	0.0981194	0.0146165	0.175201	0.0103079	0.0486732	0.0131825	0.00929621	0.0169327	0.0128897	0.149903	0.0081741	0.016958	0.0109971	0.195767	0.0627446	0.0167913	0.00474505	0.0674392
30	0.0347685	0.0117382	0.062461	0.0168851	0.0145826	0.0163592	0.0652385	0.0239174	0.0206288	0.296078	0.0167089	0.0180808	0.00828301	0.0229339	0.166232	0.0352032	0.122625	0.0271835	0.00463188	0.0154611
31	0.118075	0.0024807	0.149415	0.271285	0.00251069	0.00378295	0.00379653	0.0122418	0.126428	0.0305592	0.00235237	0.00378013	0.141711	0.0415755	0.0236166	0.0527945	0.00575754	0.00474549	0.000738511	0.00235393
32	0.0365076	0.00138209	0.267162	0.361599	0.00332837	0.0361896	0.0197486	0.00118424	0.0456019	0.0106597	0.0055924	0.0470197	0.00578258	0.0604469	0.0216762	0.051367	0.014735	0.00389987	0.000254545	0.00586258
33	0.0309469	0.00351275	0.170229	0.41136	0.00482222	0.0142587	0.0211374	0.0102701	0.0527699	0.0282187	0.00719003	0.0384299	0.0130432	0.0625812	0.0253923	0.0457146	0.035377	0.0185701	0.00100001	0.00517609
34	0.0355484	0.00989583	0.0150899	0.0772952	0.0180214	0.0227814	0.0444807	0.0715056	0.0980991	0.0722586	0.0184269	0.0279014	0.00975019	0.136898	0.149799	0.05725	0.0438911	0.0600784	0.00634109	0.0246879
35	0.0227416	0.00311938	0.0275787	0.245572	0.0047331	0.00345966	0.0135579	0.0841981	0.0244569	0.0946524	0.00567956	0.0155844	0.00775218	0.18628	0.0755368	0.0553984	0.0523847	0.0729526	0.00102355	0.00333848
36	0.035413	0.0132164	0.019666	0.0410835	0.0121783	0.017622	0.0362722	0.0169871	0.212913	0.0342955	0.0111533	0.0322406	0.0070658	0.0692922	0.308349	0.0630786	0.0309882	0.0244221	0.00349186	0.0102709
37	0.0816269	0.114605	0.0632132	0.0409494	0.0109059	0.330771	0.0198329	0.0108701	0.0148183	0.0148726	0.00715103	0.0384054	0.00429435	0.0718774	0.0508318	0.0729535	0.0278163	0.0137718	0.00304346	0.0073898
38	0.0314287	0.010691	0.00175543	0.0042175	0.0121334	0.00343114	0.00400422	0.329319	0.00300153	0.137237	0.0306855	0.00313189	0.00221801	0.00457978	0.00520806	0.0110852	0.0195532	0.379973	0.000896734	0.00544997
39	0.102228	0.0369083	0.0225961	0.0396361	0.0173338	0.0252142	0.0167037	0.0318485	0.0400878	0.0414475	0.0167326	0.0370269	0.0138217	0.0312025	0.0317101	0.195058	0.232647	0.052805	0.00387374	0.0111183
40	0.0271717	0.0106108	0.00191003	0.00475471	0.0373798	0.00315601	0.00598082	0.276962	0.0047699	0.226739	0.0722107	0.00306108	0.00259518	0.00804483	0.00755279	0.0115905	0.0217263	0.257882	0.00217042	0.0137311
41	0.028752	0.00838884	0.019213	0.0601232	0.00429144	0.0100509	0.0358184	0.00877483	0.291251	0.0239077	0.00942439	0.024459	0.00896482	0.0788046	0.274923	0.0554416	0.0368001	0.0152284	0.0011661	0.0042176
42	0.41244	0.0430831	0.0037243	0.00712233	0.0044251	0.0421896	0.00276111	0.00700805	0.0069367	0.0218894	0.00229531	0.0132805	0.00649322	0.00618424	0.00622215	0.303389	0.0687876	0.0366412	0.000676545	0.00445058
43	0.348654	0.0385562	0.00396482	0.00780734	0.00457448	0.0340217	0.00390091	0.00670069	0.0087498	0.0224963	0.00272451	0.0194939	0.00595667	0.00752287	0.00889243	0.350919	0.0865618	0.0317058	0.000552339	0.0062437
44	0.397328	0.0246176	0.00182964	0.00643552	0.00361611	0.0504952	0.00189282	0.00720351	0.00850663	0.0338853	0.0025066	0.0162596	0.0030289	0.00644899	0.00573224	0.333352	0.0453226	0.0470337	0.000493553	0.00401147
45	0.0147717	0.00429824	0.000451523	0.00104873	0.00260445	0.00275053	0.00129789	0.391096	0.000873144	0.0674254	0.0112979	0.000971727	0.00142317	0.000867009	0.000786299	0.00154924	0.00917335	0.486046	0.000366589	0.00090157
46	0.358542	0.0178665	0.00163472	0.00663954	0.0036327	0.0416123	0.00194392	0.0060172	0.00940702	0.0388135	0.00276725	0.0178095	0.00246433	0.00711108	0.00584023	0.37744	0.0544592	0.0407003	0.000466223	0.00483298
47	0.0151466	0.00721217	0.000862735	0.0039849	0.0368827	0.00196732	0.0024386	0.14144	0.00763979	0.524007	0.108107	0.00285272	0.00128043	0.0131601	0.0060295	0.00800181	0.0124183	0.0937674	0.00306758	0.00973312
48	0.0238595	0.00278563	0.00187019	0.00824151	0.0441376	0.0180324	0.122631	0.0776805	0.0627529	0.164453	0.0271795	0.00880544	0.00704202	0.0741334	0.119408	0.0447048	0.0296701	0.0427305	0.0108478	0.109035
49	0.0122013	0.0130483	0.00114467	0.0037684	0.300666	0.00190283	0.114717	0.011216	0.00915783	0.0634035	0.0111534	0.0134147	0.00173662	0.00259935	0.0116612	0.0113778	0.0176275	0.0187331	0.0131947	0.367276
50	0.0479687	0.00981957	0.0113717	0.0284575	0.0303021	0.00215627	0.0106161	0.180959	0.0211913	0.168065	0.0509355	0.0141031	0.00394514	0.0275028	0.0464437	0.0462049	0.0678	0.214959	0.0031938	0.0140044
51	0.0115612	0.00581385	0.000417249	0.00166565	0.00687004	0.00148978	0.0011546	0.404956	0.00087495	0.135618	0.0236047	0.000650225	0.00196571	0.00121541	0.000823809	0.00178877	0.00866021	0.387833	0.00030544	0.00273107
52	0.0501852	0.015412	0.035916	0.0123978	0.0230723	0.0247074	0.107335	0.0125408	0.019587	0.0171887	0.0155031	0.35423	0.0135558	0.014102	0.0175371	0.135788	0.0953173	0.0244387	0.00233345	0.00885268
53	0.0389289	0.0123751	0.00140655	0.00399325	0.0196273	0.00254775	0.00387349	0.234208	0.00484477	0.269864	0.0402533	0.00271344	0.00166325	0.00544245	0.00528254	0.0106935	0.0221129	0.312801	0.00110099	0.00626737
54	0.0233371	0.0071739	0.000403793	0.00238745	0.0122548	0.00114312	0.0023671	0.332716	0.00114266	0.184084	0.038893	0.000657699	0.00120733	0.00272576	0.00168386	0.00404828	0.0160655	0.360876	0.00027887	0.00655409
55	0.0383702	0.00447304	0.296564	0.206665	0.00756805	0.0356305	0.0419292	0.0117901	0.0508915	0.0229362	0.00857554	0.0686596	0.0131683	0.0517697	0.0230288	0.0650786	0.0279533	0.0182522	0.000984489	0.00571105
56	0.101533	0.105397	0.0176181	0.0118801	0.00792949	0.0265989	0.00537661	0.00492166	0.0072413	0.00811445	0.00309075	0.0259648	0.0021891	0.01223	0.0113264	0.389243	0.240254	0.0119614	0.00100268	0.00612691
57	0.102996	0.00914578	0.0123525	0.0165112	0.00935072	0.0348575	0.00825266	0.00841263	0.0191857	0.0174904	0.00344457	0.0110382	0.559308	0.0125476	0.0158122	0.0979186	0.0350492	0.0244689	0.000520944	0.00133608
58	0.111293	0.0193626	0.0158876	0.0112575	0.00329539	0.66187	0.00621075	0.00974498	0.0116846	0.00857214	0.00312804	0.0219731	0.00623049	0.0150353	0.0101407	0.0509893	0.0162539	0.0104417	0.00393037	0.0026989
59	0.0494172	0.0159388	0.0452394	0.0449576	0.0587969	0.037025	0.128137	0.0391258	0.0521791	0.0622957	0.0235283	0.0507029	0.0199404	0.0500558	0.0684203	0.074853	0.051276	0.0446542	0.00970241	0.0737538
60	0.0168404	0.00454604	0.000470843	0.00105698	0.00278835	0.00272275	0.00131493	0.381154	0.000900903	0.0672263	0.0117021	0.000959851	0.00127072	0.000917002	0.000819542	0.00177526	0.00994393	0.492169	0.000390488	0.00103034
61	0.0307647	0.00254782	0.282601	0.346559	0.00510776	0.0243138	0.0263354	0.00351539	0.0430461	0.0179553	0.00585961	0.045355	0.0081536	0.0589524	0.0189416	0.0475757	0.0192319	0.00761913	0.000386831	0.00517822
62	0.0122853	0.00974171	0.0016477	0.00300689	0.35666	0.002819	0.0174476	0.0765461	0.00416626	0.193163	0.0609849	0.00764301	0.00427657	0.00857086	0.007699	0.0124773	0.0112947	0.0557829	0.00555377	0.148233
63	0.189867	0.089118	0.00560717	0.00611629	0.0125524	0.0187913	0.00421427	0.00489624	0.00819871	0.00852945	0.00307747	0.0243592	0.00227886	0.00596999	0.0113802	0.381081	0.203363	0.013395	0.000877895	0.00632651
64	0.115573	0.052472	0.02936	0.00716968	0.0155261	0.241571	0.0270056	0.00759988	0.00763342	0.0182822	0.0031244	0.0885353	0.00358529	0.0200794	0.0558071	0.234797	0.0565819	0.00587396	0.00112055	0.00830163
65	0.0255509	0.00180273	0.235957	0.429147	0.00325606	0.0155897	0.0217742	0.00188332	0.0455272	0.0213268	0.00525647	0.0408308	0.0085388	0.0597423	0.0178189	0.0357811	0.0200163	0.00610854	0.00025933	0.00383286
66	0.156002	0.0349355	0.00216895	0.00623778	0.0156649	0.0148514	0.00605509	0.162737	0.0103405	0.0902478	0.0203277	0.00672435	0.00636563	0.0102702	0.00894375	0.0483608	0.0320147	0.359942	0.00247303	0.00533718
67	0.0567237	0.0680539	0.035224	0.0247703	0.0066015	0.0466498	0.00588909	0.00410427	0.00768966	0.00454422	0.00296159	0.0275941	0.00178752	0.0297647	0.00849054	0.385543	0.268584	0.0102177	0.00084083	0.00396499
68	0.351302	0.0373701	0.00309883	0.00644387	0.00473954	0.0281445	0.00251375	0.00530936	0.00800726	0.0244018	0.0025413	0.016533	0.00514026	0.00628265	0.00672749	0.366218	0.0909219	0.0286563	0.000482787	0.00516524
69	0.537906	0.0797183	0.00142991	0.00522197	0.00224001	0.0639401	0.0016244	0.0148868	0.00434103	0.0115982	0.00191919	0.00629872	0.00305011	0.00270956	0.00409484	0.143364	0.0498966	0.0636721	0.000441425	0.00164696
70	0.0930866	0.0332076	0.00445435	0.0117847	0.0296721	0.0162664	0.0100093	0.118343	0.00422349	0.200484	0.100107	0.0129522	0.00825952	0.00951423	0.0110763	0.0587455	0.059963	0.209167	0.00249977	0.006184
71	0.0468482	0.0147732	0.0104137	0.0286617	0.0311122	0.00614436	0.0185324	0.154658	0.0267957	0.175828	0.0484504	0.0152657	0.00452923	0.0359244	0.0545433	0.052525	0.0661308	0.186882	0.00369412	0.0182889
72	0.0206796	0.00743234	0.000582717	0.00191092	0.0212287	0.000736845	0.00183243	0.208598	0.00150856	0.477602	0.0382581	0.000857248	0.000576434	0.00351234	0.00495729	0.00390987	0.0130757	0.188381	0.000575084	0.00378448
73	0.130738	0.0989384	0.00949623	0.00793994	0.00788245	0.0178985	0.00387774	0.00361711	0.00631789	0.00610337	0.00257644	0.0238319	0.001406	0.00772696	0.0102868	0.40623	0.239141	0.00925076	0.000715373	0.00602513
74	0.0341563	0.00256952	0.28789	0.336229	0.00480069	0.0256442	0.0266127	0.00269066	0.0448409	0.0179393	0.00569753	0.0456016	0.0093136	0.0594133	0.019453	0.0460163	0.0188298	0.00645293	0.000501739	0.00534789
75	0.168822	0.0495362	0.00912736	0.00460659	0.00606746	0.425421	0.00783272	0.0189772	0.00563903	0.0159508	0.00464375	0.026722	0.00347849	0.0100822	0.0158406	0.151233	0.0517206	0.0182063	0.00268011	0.00341339
76	0.521579	0.088679	0.00249338	0.00495646	0.00175933	0.12268	0.00206967	0.0126159	0.00342377	0.00711793	0.000814421	0.0062311	0.000898385	0.00304755	0.00494079	0.116262	0.0474825	0.0502412	0.000610733	0.00209771
77	0.0183989	0.00472175	0.000413579	0.00204481	0.0201675	0.000553424	0.00204523	0.23341	0.00102412	0.424746	0.0389397	0.00066704	0.000401796	0.00308921	0.00397559	0.00317465	0.0147889	0.222159	0.0002216	0.00505723
78	0.0156547	0.00492901	0.000319107	0.00224983	0.0112528	0.0011065	0.00163925	0.346194	0.000895551	0.176389	0.0298513	0.000511637	0.00123831	0.00217952	0.00120397	0.00231564	0.0126027	0.384428	0.000286166	0.00475232
79	0.0151659	0.00443518	0.000356606	0.00181861	0.0148224	0.000859174	0.00146792	0.283831	0.00081279	0.332639	0.0306245	0.000580635	0.00077765	0.00238298	0.00267076	0.00237858	0.0109499	0.289484	0.00029285	0.00364908
80	0.017787	0.00543095	0.000470498	0.0014761	0.00514476	0.0023625	0.00135927	0.375515	0.00103803	0.0962225	0.0166266	0.000935135	0.00140895	0.00133997	0.00111085	0.00232119	0.0106052	0.456463	0.000455712	0.00192675
81	0.0351778	0.00576181	0.320183	0.217427	0.0080769	0.0326459	0.041162	0.00754704	0.0487643	0.018799	0.00648956	0.0663842	0.0104586	0.0522736	0.0181342	0.067537	0.02443	0.0112411	0.00104588	0.00646183
82	0.504944	0.117997	0.00167591	0.00432494	0.00164265	0.0375892	0.0018813	0.0289193	0.00353923	0.0184777	0.00166511	0.00370901	0.00128733	0.00501381	0.00900345	0.0818665	0.0452649	0.128636	0.00053493	0.00202808
83	0.0948921	0.0430327	0.000816372	0.00137238	0.0299501	0.00422518	0.00342357	0.193094	0.00535787	0.0815139	0.010429	0.00251203	0.00495319	0.0036997	0.00409571	0.0135111	0.0167761	0.475557	0.00696688	0.00382155
84	0.0256556	0.00156574	0.226058	0.418995	0.00334804	0.0156819	0.0265201	0.00190993	0.0516035	0.0218564	0.00520014	0.0432559	0.00782507	0.0578432	0.0184258	0.0409161	0.0221576	0.00673775	0.000303774	0.00414044
85	0.137529	0.0387598	0.0139352	0.00738874	0.00383617	0.572317	0.0079279	0.0116048	0.00885646	0.0123603	0.00375342	0.0219298	0.00644899	0.0149837	0.0160654	0.0768032	0.0249489	0.0147932	0.00329363	0.00246511
86	0.0368907	0.0118454	0.000795445	0.00384623	0.0350388	0.00141701	0.00493396	0.238598	0.0024759	0.231428	0.0605466	0.00153948	0.000996284	0.00532194	0.00416719	0.00870882	0.0260712	0.311886	0.00136615	0.0121262
87	0.101146	0.0949862	0.028379	0.00944773	0.0132499	0.230198	0.0398313	0.00845984	0.00820223	0.0199655	0.0046546	0.0678032	0.00516634	0.0228288	0.0623799	0.200902	0.0630612	0.00965368	0.0014406	0.00824372
88	0.287909	0.0138709	0.00269383	0.0154629	0.00443234	0.00982139	0.00532254	0.092816	0.00579742	0.0111197	0.00390918	0.0184403	0.0697923	0.0214996	0.00511126	0.191392	0.0349026	0.198239	0.00125869	0.00620938
89	0.0344231	0.0115145	0.0214004	0.0551719	0.0132856	0.0402094	0.0397294	0.0220594	0.170157	0.033651	0.0104027	0.0372568	0.00972297	0.121676	0.239824	0.058423	0.0331225	0.0302978	0.00535136	0.0123208
90	0.0922497	0.0444603	0.00947708	0.0240428	0.0194808	0.0112232	0.0129847	0.123738	0.0195143	0.0986912	0.0315928	0.0179036	0.00868679	0.0212828	0.0248896	0.0883148	0.144872	0.189319	0.00415407	0.0131215
91	0.0273557	0.00802211	0.00433383	0.0580542	0.0323584	0.0101793	0.0834365	0.0769503	0.093958	0.0455526	0.0138158	0.0306151	0.00307648	0.126287	0.157955	0.0842061	0.031148	0.0595557	0.0162432	0.0368961
92	0.254409	0.016343	0.00625906	0.0291632	0.0278035	0.0272499	0.0149418	0.038712	0.00750119	0.0529557	0.0462815	0.0567147	0.0044023	0.0329199	0.0120816	0.128253	0.139499	0.0919414	0.00134251	0.0112257
93	0.123284	0.0396113	0.00112135	0.00162301	0.0180441	0.00569373	0.00475335	0.169019	0.00549827	0.0878674	0.0147238	0.00346425	0.00415824	0.00568602	0.00333948	0.0236962	0.0201498	0.459342	0.00392577	0.0049987
94	0.0120931	0.00478379	0.000626923	0.00112733	0.0481603	0.000812759	0.00199005	0.173711	0.00178403	0.573963	0.0462585	0.00165662	0.000658647	0.00412694	0.00465434	0.00278448	0.00580614	0.101953	0.00191455	0.0111346
95	0.0158618	0.00916817	0.0103849	0.0343574	0.00552408	0.00527321	0.0369877	0.00751253	0.27842	0.0189526	0.00486762	0.0273761	0.000622269	0.0697047	0.394033	0.0470381	0.0222799	0.00796534	0.000241925	0.00342864
96	0.0196138	0.00161421	0.200046	0.487991	0.00274391	0.00565223	0.0235635	0.000837004	0.0452427	0.027681	0.00519851	0.03913	0.00945415	0.0605056	0.0148996	0.0243791	0.022727	0.00588536	0.00021775	0.0026177
97	0.00808478	0.0231764	0.00372764	0.00372762	0.012961	0.184334	0.0770754	0.00419117	0.0934476	0.0170408	0.00260015	0.0538161	0.0123112	0.194025	0.233188	0.0394587	0.00818075	0.00537933	0.000969402	0.0223047
98	0.0179438	0.00523969	0.000372396	0.00131249	0.0190435	0.000588796	0.00157362	0.19798	0.000741143	0.530696	0.0388027	0.000612644	0.000279088	0.00311246	0.00451449	0.00296082	0.012021	0.15884	0.000275323	0.00308951
99	0.0282187	0.00962036	0.0117187	0.0621873	0.00377176	0.00905893	0.0390152	0.0127327	0.230227	0.0259182	0.00501482	0.0246397	0.00702289	0.0960264	0.278426	0.0700188	0.0473486	0.0339194	0.00103181	0.00408313
100	0.10815	0.0572338	0.00672561	0.00786038	0.039134	0.0327998	0.018178	0.0738285	0.00422868	0.143613	0.0990981	0.0207053	0.0316437	0.0146143	0.0194694	0.0892659	0.0713352	0.150107	0.00567169	0.00633773
101	0.0154232	0.00705582	0.000370193	0.00215123	0.0101535	0.00105533	0.00179385	0.372784	0.000898853	0.172444	0.0356879	0.000535702	0.0015033	0.0020542	0.001278	0.00283036	0.012544	0.354777	0.000200927	0.00445746
102	0.0185971	0.0096377	0.00227083	0.00610113	0.0945273	0.00333883	0.0137724	0.150884	0.0118758	0.356061	0.0977078	0.00542574	0.00203966	0.0197039	0.0154349	0.0130075	0.0187695	0.108789	0.00604894	0.046007
103	0.0970953	0.032897	0.000691426	0.00172649	0.0167671	0.00438888	0.00401746	0.200249	0.00443364	0.113087	0.0261569	0.00219262	0.0031063	0.00485312	0.00280265	0.0131738	0.0191279	0.446367	0.00271816	0.00414851
104	0.0127467	0.00298676	0.00044571	0.000784675	0.020727	0.000618987	0.000646676	0.176728	0.000704063	0.633934	0.02912	0.000662361	0.000319196	0.00198747	0.00539661	0.00162576	0.00570638	0.103406	0.000296472	0.00115725
105	0.0718259	0.0198527	0.0408951	0.0382958	0.0217355	0.0412041	0.0428386	0.0205789	0.0351532	0.0289993	0.0168833	0.221146	0.017447	0.0286779	0.0277751	0.160125	0.11726	0.0319764	0.0043312	0.0129985
106	0.046744	0.0090421	0.0284427	0.0606645	0.00824577	0.0298313	0.0291633	0.016251	0.244882	0.0343342	0.0132522	0.0390972	0.012708	0.0930872	0.190723	0.0583379	0.0438476	0.0318317	0.00234643	0.00716754
107	0.0152992	0.00662681	0.000444833	0.00216579	0.0102496	0.000991638	0.0018885	0.37777	0.000849085	0.172124	0.0405028	0.000636065	0.00152354	0.00189303	0.00130746	0.00312608	0.0129914	0.3447	0.000195927	0.00471436
108	0.0404994	0.0104415	0.223544	0.198744	0.0148355	0.0236796	0.03581	0.0258329	0.0483061	0.0738186	0.0142858	0.0577189	0.0134775	0.048959	0.0272343	0.0643408	0.0369884	0.0309206	0.00204018	0.00852334
109	0.0191678	0.0102351	0.0109945	0.0340232	0.0063074	0.009324	0.0352418	0.00894403	0.280754	0.02999	0.00878452	0.0259457	0.00301378	0.0648963	0.352978	0.0511302	0.0296515	0.012977	0.00072108	0.00492035
110	0.0658048	0.0165228	0.00868675	0.0374429	0.0446117	0.0102567	0.0130016	0.127173	0.0153582	0.2498	0.0626014	0.0145551	0.00642563	0.0259336	0.024014	0.0425561	0.0499517	0.164876	0.00472627	0.0157009
111	0.0945703	0.0589346	0.00100198	0.00163464	0.0457318	0.00401478	0.0032283	0.175275	0.00755135	0.0767793	0.00908845	0.00274822	0.00499931	0.0036614	0.00659275	0.0121473	0.0151654	0.467643	0.00609573	0.00313585
112	0.0678755	0.0268338	0.00619788	0.0160048	0.0388986	0.0132478	0.015582	0.122466	0.00861316	0.163252	0.0851832	0.0119987	0.00734342	0.0161339	0.0195747	0.058933	0.0795353	0.227675	0.00255222	0.0120996
113	0.019501	0.00182707	0.189525	0.484448	0.00290511	0.00528752	0.0234037	0.0037087	0.0432267	0.028046	0.004972	0.0355936	0.00882983	0.0565022	0.0141128	0.031338	0.029988	0.0130237	0.000314584	0.00344651
114	0.0109059	0.00675894	0.000697387	0.00629003	0.0268218	0.00277405	0.00128604	0.0700038	0.0235482	0.55144	0.170314	0.00463348	0.00219031	0.0338166	0.00920644	0.0116497	0.0127544	0.0357118	0.00743236	0.0117647
115	0.00812758	0.0231426	0.00379698	0.00381447	0.0130444	0.182144	0.0769607	0.00425037	0.0953034	0.0171508	0.00261837	0.0536363	0.0123684	0.193754	0.233665	0.0395033	0.00817776	0.00536074	0.000956472	0.0222256
116	0.00975232	0.0108045	0.000574544	0.00500056	0.044538	0.00255092	0.0014461	0.0801848	0.0148992	0.521425	0.198495	0.00324598	0.00223186	0.0235877	0.00464049	0.0104238	0.0121466	0.0361126	0.00571651	0.0122237
117	0.0315981	0.0124631	0.0691831	0.0509014	0.00512248	0.0416092	0.00700145	0.0029723	0.00788045	0.00412355	0.00311186	0.034019	0.00162691	0.0461361	0.00408909	0.355431	0.306575	0.013261	0.000736233	0.00215787
118	0.0988906	0.011496	0.00851992	0.0132579	0.00976119	0.0319697	0.00821787	0.00779209	0.0184133	0.0174564	0.001774	0.00755988	0.585005	0.00694759	0.0177496	0.0947522	0.0321795	0.0270378	0.000401382	0.000817668
119	0.101968	0.00591831	0.0240651	0.0851645	0.0229641	0.0315896	0.0253786	0.0632666	0.014235	0.166897	0.0811859	0.047281	0.00144298	0.0554392	0.0125559	0.117502	0.0799207	0.0493552	0.000887039	0.0129827
120	0.0245058	0.00132782	0.228761	0.442652	0.00297071	0.016788	0.0211451	0.000978521	0.0455558	0.0202549	0.00520093	0.0406141	0.00733044	0.0605758	0.0176759	0.0360846	0.0188347	0.00478636	0.000246792	0.00371083
121	0.164601	0.0320457	0.00870209	0.0174257	0.0205497	0.014425	0.0169324	0.127779	0.0163568	0.111182	0.0338588	0.0167709	0.0461432	0.0205153	0.02176	0.0734954	0.0826667	0.156731	0.0051309	0.012929
122	0.0232052	0.0149181	0.00112587	0.00820254	0.256745	0.00178229	0.0899358	0.0162231	0.025134	0.0127739	0.00370212	0.0214843	0.000989087	0.00378606	0.0144521	0.0207665	0.011592	0.0141198	0.0436061	0.415456
123	0.0816142	0.0127232	0.0107977	0.0419757	0.0392409	0.0307305	0.0599822	0.0802793	0.0080038	0.0866052	0.0626472	0.0343274	0.00236702	0.0749335	0.0352242	0.0808626	0.0947912	0.114364	0.00161408	0.046916
124	0.017095	0.0119447	0.00772523	0.0426134	0.00604754	0.00570712	0.0483779	0.0111172	0.228326	0.024953	0.00444891	0.0244423	0.000703517	0.0755729	0.369971	0.0580611	0.0358613	0.0203918	0.000464183	0.00617605
125	0.0108019	0.0132248	0.000611725	0.00333053	0.0620402	0.00198987	0.00247086	0.107997	0.00960588	0.495618	0.192017	0.00193594	0.0016608	0.016352	0.00404662	0.00713352	0.00953071	0.0426445	0.00546731	0.0115211
126	0.0272311	0.0180563	0.00769211	0.0656453	0.00578836	0.0163744	0.0466904	0.0338583	0.153615	0.057559	0.0054721	0.0490547	0.00273057	0.115589	0.187467	0.0868626	0.0398571	0.0737822	0.00107367	0.00560064
127	0.123388	0.0358972	0.000611858	0.00104431	0.0150266	0.00600461	0.00410981	0.180243	0.00517032	0.0885066	0.0137445	0.0025187	0.00367659	0.00531398	0.00240237	0.0145044	0.016806	0.473902	0.00321074	0.00391912
128	0.0542325	0.0205855	0.0356807	0.0233449	0.115976	0.0287585	0.0566154	0.0326156	0.0249089	0.0478231	0.0242062	0.206155	0.0137555	0.0245585	0.0287881	0.100637	0.0558625	0.0386402	0.00879399	0.0580622
129	0.347578	0.013078	0.00326838	0.00846324	0.00526479	0.0451522	0.00326756	0.00947757	0.0156828	0.0401437	0.00373187	0.0292098	0.0045356	0.00901485	0.00755726	0.347775	0.0469948	0.0539738	0.000908418	0.004923
130	0.103628	0.0225705	0.000552828	0.00172824	0.0104506	0.00421515	0.00430851	0.227194	0.00409963	0.135877	0.0253785	0.00216618	0.00286042	0.00691296	0.002031	0.0121964	0.0203756	0.405287	0.00171852	0.00644975
131	0.0493489	0.0155025	0.0010211	0.00548519	0.0238448	0.00406154	0.0106554	0.186674	0.0018969	0.209878	0.0999594	0.00189882	0.00150751	0.00399572	0.00381907	0.0223571	0.0541217	0.294357	0.000714608	0.00890096
132	0.364421	0.0198108	0.0123582	0.0115115	0.0138875	0.101161	0.00789174	0.0054278	0.0082571	0.0196011	0.00301097	0.0352245	0.00849824	0.0112495	0.00906418	0.296635	0.0394776	0.0244684	0.00111127	0.0069336
133	0.04207	0.0137886	0.0596803	0.0470864	0.0049879	0.0525893	0.00765184	0.00308558	0.0111155	0.00405764	0.00369261	0.0343013	0.00173196	0.0463654	0.00400935	0.341632	0.302966	0.0158594	0.000836715	0.00249286
134	0.00911183	0.0151493	0.000944012	0.00121231	0.270873	0.00130992	0.0113487	0.142749	0.00148647	0.243112	0.0962901	0.00702738	0.00255438	0.0123229	0.00155529	0.00645159	0.00250636	0.0817712	0.0113373	0.0808869
135	0.0791736	0.00734825	0.00482918	0.0303124	0.103298	0.0278866	0.0314811	0.0968708	0.0381342	0.112296	0.0134329	0.00986659	0.00472741	0.0225133	0.0702486	0.0255477	0.040576	0.0588832	0.0299523	0.192621
136	0.0154945	0.00880016	0.122433	0.0847422	0.00312303	0.318641	0.0111065	0.00416654	0.0607013	0.00589003	0.0025646	0.167569	0.00181164	0.059967	0.0163516	0.0969336	0.00968854	0.00610299	0.00113246	0.00278054
137	0.0488235	0.0138991	0.0781498	0.0443227	0.0177653	0.0389673	0.0326828	0.0121564	0.032897	0.0157331	0.00974983	0.144148	0.0113721	0.0365159	0.018885	0.232523	0.184286	0.0186794	0.00181201	0.00663212
138	0.0196381	0.00557254	0.000569746	0.00141648	0.00421901	0.00264196	0.00154682	0.373083	0.00118167	0.0784841	0.0139487	0.00109473	0.00152283	0.00145383	0.00133129	0.00273593	0.010993	0.476322	0.000552156	0.00169169
139	0.115778	0.025796	0.000630107	0.00113812	0.0106979	0.00589241	0.00374378	0.22172	0.00535655	0.101508	0.0118466	0.00234429	0.00450023	0.00569259	0.00198382	0.012458	0.0156606	0.446687	0.00249904	0.00406772
140	0.0455807	0.0163407	0.0120162	0.0156417	0.256992	0.0122196	0.0349155	0.0422559	0.0202338	0.0843624	0.0260375	0.0215668	0.0112051	0.0193807	0.025107	0.0620397	0.0774434	0.0588036	0.00762461	0.150233
141	0.5703	0.0929288	0.000966197	0.00455546	0.00103752	0.0689382	0.000740253	0.0129524	0.0032784	0.00727946	0.0005985	0.0036438	0.000422726	0.00130848	0.00381955	0.116303	0.0519222	0.0577399	0.000223877	0.00104135
142	0.043177	0.295332	0.048033	0.0365248	0.0112211	0.0246339	0.00886964	0.0101422	0.0103884	0.0161703	0.00795658	0.0129834	0.00500098	0.0152348	0.0124874	0.278417	0.136738	0.0167581	0.00303266	0.00689856
143	0.554486	0.0883279	0.0014588	0.00486941	0.00132093	0.0665081	0.00100364	0.0124021	0.00344962	0.00833384	0.00062339	0.00443365	0.00138618	0.00169103	0.0038487	0.136013	0.0524599	0.0557268	0.000273184	0.00138362
144	0.0476878	0.00645107	0.00266137	0.00763323	0.0323881	0.00207147	0.00915147	0.23244	0.0070248	0.252393	0.0549352	0.00307334	0.00100673	0.0103982	0.0145189	0.0112593	0.0411561	0.225297	0.00161307	0.0368404
145	0.0294485	0.00789063	0.313145	0.0962049	0.0337152	0.0255169	0.134637	0.0132475	0.0345043	0.0197982	0.00772364	0.0634815	0.0060894	0.0578108	0.0175067	0.0827677	0.026693	0.0185522	0.00263421	0.00863295
146	0.0903326	0.0361367	0.0234272	0.0076839	0.0069941	0.427275	0.016097	0.00698719	0.00694786	0.0142187	0.00219506	0.0753835	0.00242901	0.0216811	0.0350225	0.169488	0.0468398	0.00530652	0.00163304	0.00392061
147	0.0309242	0.0267593	0.00327448	0.0136776	0.234838	0.0040681	0.0665909	0.026442	0.0231444	0.0292555	0.0111687	0.0191932	0.00219922	0.0117775	0.0206621	0.0300865	0.0156072	0.0215849	0.0916974	0.317049
148	0.254936	0.0377693	0.00329586	0.00325988	0.00214825	0.538165	0.0018891	0.0108157	0.00439966	0.00748507	0.00128744	0.00871819	0.00300915	0.00567154	0.00388375	0.0675101	0.0247905	0.016984	0.00264232	0.00133937
149	0.020632	0.0139482	0.00196928	0.00419089	0.171102	0.0019781	0.00897816	0.176853	0.00424738	0.253692	0.0766069	0.00598809	0.00228157	0.0113972	0.00677193	0.0111389	0.0154262	0.157313	0.00677775	0.0487078
150	0.0422624	0.0015789	0.290034	0.311834	0.00390362	0.0430459	0.0204686	0.000907905	0.0444814	0.0080272	0.00595809	0.0526671	0.00634701	0.0650016	0.0233335	0.0577803	0.0131136	0.00260411	0.0002345	0.0064161
151	0.0239457	0.0149502	0.00113496	0.008068	0.255275	0.00171994	0.0879891	0.0163976	0.0259947	0.0119218	0.00344227	0.0219077	0.000986393	0.00380775	0.0146469	0.0213389	0.0112997	0.0142891	0.0440604	0.416824
152	0.0240063	0.0151967	0.00111587	0.0080691	0.257971	0.00170522	0.087028	0.016316	0.0260257	0.01246	0.00357791	0.0216806	0.0011016	0.00387824	0.0144999	0.0216823	0.0112494	0.0145041	0.0441545	0.413777
153	0.00902704	0.0153462	0.000921593	0.00123801	0.268078	0.00130547	0.0111524	0.144422	0.00146416	0.243622	0.0961102	0.00713615	0.00245256	0.0123202	0.001531	0.00657223	0.00248812	0.0828348	0.0114782	0.0805
154	0.0197033	0.00301863	0.341271	0.0237977	0.00538539	0.0370546	0.0878807	0.0216052	0.0659035	0.0245236	0.00302623	0.167546	0.00178218	0.0278698	0.00585554	0.097452	0.0303502	0.0322248	0.00118933	0.00256006
155	0.126917	0.00159263	0.051923	0.0612215	0.00679285	0.0583939	0.033564	0.0231235	0.041565	0.0130591	0.0368941	0.0643664	0.195121	0.073516	0.0111482	0.106622	0.0785146	0.0095762	0.00043442	0.0056544
156	0.0272229	0.00892483	0.0161541	0.060544	0.0044742	0.00748602	0.0388662	0.00964244	0.267553	0.0215971	0.00660578	0.0249832	0.00812134	0.0837426	0.288333	0.0652374	0.037568	0.0172431	0.00117944	0.00452157
157	0.0823704	0.00612099	0.0156723	0.0568746	0.00951445	0.0216033	0.00818069	0.00840786	0.127322	0.0144639	0.0339612	0.0861456	0.00424322	0.0427114	0.0189463	0.144972	0.300266	0.0126838	0.00138337	0.00415584
158	0.0390307	0.0120073	0.0227868	0.0357828	0.0158486	0.0575096	0.0234262	0.0089026	0.357176	0.0322931	0.0513548	0.0429995	0.031248	0.0315109	0.0989818	0.0380094	0.0665533	0.0289644	0.00215933	0.0034553
159	0.0242527	0.0182958	0.0104201	0.032983	0.0081753	0.0465166	0.0162122	0.00483983	0.415402	0.0460754	0.0505123	0.0168263	0.0195231	0.0237457	0.119259	0.0358061	0.0854885	0.0212341	0.00204097	0.00239083
160	0.0911911	0.0452507	0.00119901	0.00215579	0.0378104	0.00413465	0.00376486	0.190715	0.00602285	0.0749003	0.00998106	0.00293901	0.00640217	0.00407593	0.00536267	0.0163448	0.0212333	0.463411	0.00813864	0.00496652
161	0.0482281	0.0133493	0.0128065	0.0302054	0.0339307	0.00385258	0.0120115	0.16845	0.0224833	0.142972	0.049068	0.0152353	0.00633586	0.030617	0.0444286	0.0531161	0.0758544	0.219276	0.00332237	0.014457
162	0.0723432	0.00641517	0.03756	0.116308	0.00185477	0.00864191	0.0313501	0.010255	0.243936	0.0259373	0.0115433	0.0206197	0.0264383	0.0966339	0.100271	0.0863447	0.0652804	0.0294082	0.002399	0.00646014
163	0.106836	0.0146566	0.0125392	0.0224014	0.0189372	0.0197177	0.0239815	0.0106211	0.0700812	0.0266336	0.008034	0.0298046	0.286433	0.0315381	0.0490492	0.121919	0.0948835	0.0470388	0.00118244	0.00371305
164	0.014636	0.00651872	0.000542154	0.0029085	0.0271829	0.00143689	0.00104038	0.132525	0.00709333	0.573662	0.111962	0.00185034	0.00110292	0.0116598	0.00535749	0.00596341	0.0108686	0.0751938	0.00282634	0.00566912
165	0.230862	0.0955557	0.0130606	0.0136216	0.0955943	0.0450412	0.0161465	0.0407303	0.0148138	0.0496888	0.0215082	0.0252822	0.00975403	0.0156931	0.0220327	0.115651	0.0597174	0.0815039	0.0134977	0.0202452
166	0.252318	0.116968	0.00413449	0.0285686	0.00989941	0.0163582	0.00728599	0.0657399	0.00983574	0.0384638	0.0118136	0.0263082	0.0105417	0.00921433	0.0133366	0.112234	0.085902	0.172078	0.00246998	0.00653007
167	0.0408713	0.00534187	0.0340891	0.22044	0.00241064	0.00378683	0.0223712	0.0474093	0.0716693	0.0505573	0.00338703	0.0156768	0.0154802	0.187913	0.0830507	0.0876717	0.052449	0.0506055	0.000929014	0.00389049
168	0.00817793	0.014448	0.000936987	0.00123503	0.305537	0.00128016	0.0107181	0.128317	0.00152255	0.232364	0.0868001	0.0080717	0.00292541	0.0110298	0.00180169	0.00631093	0.00256741	0.0785235	0.0102192	0.0872123
169	0.0183911	0.00489383	0.000479027	0.00102168	0.00260149	0.00297284	0.00124974	0.380599	0.000999416	0.0653012	0.0110403	0.000959616	0.00132697	0.000953096	0.000808365	0.00180621	0.00964789	0.493584	0.000419773	0.000945418
170	0.0112567	0.0090116	0.000832426	0.00208031	0.122939	0.00128495	0.0046722	0.157627	0.00284414	0.456229	0.0723122	0.00375425	0.00127876	0.00846108	0.00451789	0.00505912	0.0061795	0.0904215	0.00524946	0.0339896
171	0.030725	0.00134184	0.250276	0.394079	0.00290364	0.0280173	0.0188388	0.000802618	0.0526087	0.0137516	0.00488585	0.0471197	0.00584092	0.0598032	0.0205944	0.0439547	0.0159152	0.00321521	0.000196459	0.00512923
172	0.111631	0.0094493	0.0201839	0.0231831	0.0091362	0.0338591	0.0169115	0.0101585	0.0243119	0.0208333	0.0117448	0.0353201	0.415162	0.0407049	0.0256568	0.108056	0.0568301	0.0239694	0.00053641	0.00236147
173	0.0123437	0.00298848	0.000434991	0.000707226	0.0203955	0.000612239	0.000584841	0.1763	0.00067696	0.636182	0.0290096	0.000643463	0.000287746	0.00192585	0.00523647	0.00154244	0.00546227	0.103524	0.000291936	0.000850371
174	0.086726	0.065308	0.0111169	0.0189871	0.173741	0.0166538	0.0334633	0.031037	0.0224538	0.0389801	0.0165181	0.0240731	0.00909684	0.0195622	0.025914	0.0911605	0.0383068	0.0438928	0.108788	0.124222
175	0.0802231	0.00195089	0.0721918	0.0603697	0.0107434	0.0309664	0.0317798	0.0138924	0.126428	0.0389776	0.0120429	0.149826	0.00160765	0.0553069	0.0587625	0.134263	0.0785547	0.033433	0.000424375	0.0082559
176	0.0338095	0.00841188	0.000510251	0.00397787	0.0165207	0.000823529	0.00390101	0.267542	0.00151582	0.233815	0.0571853	0.000735067	0.000611234	0.00457091	0.00300779	0.00659444	0.0261295	0.321834	0.000213795	0.00829037
177	0.0129612	0.01022	0.00147759	0.00358339	0.292338	0.00343153	0.0792729	0.0388496	0.0092288	0.112779	0.0287198	0.0103117	0.00280276	0.0100314	0.0175835	0.0132957	0.0165882	0.0367027	0.00975288	0.29007
178	0.0442381	0.00147867	0.290414	0.30558	0.00393988	0.0455591	0.0205463	0.000875768	0.0456795	0.00668555	0.00595005	0.052791	0.00564907	0.0646255	0.0244333	0.0596658	0.0124655	0.00242392	0.000252232	0.00674679
179	0.166902	0.00289149	0.0122374	0.0211531	0.0355189	0.00363595	0.0107408	0.00597627	0.174203	0.0175045	0.00758675	0.02877	0.0220976	0.0597878	0.0603468	0.148004	0.164237	0.0555281	0.000835862	0.0020427
180	0.0108418	0.0144651	0.000653908	0.00344405	0.083662	0.0019875	0.00340278	0.0998188	0.00984447	0.465125	0.196565	0.00276282	0.00186336	0.0180751	0.00345185	0.00803077	0.00940104	0.0417532	0.00641912	0.0184319
181	0.0123357	0.00779015	0.101667	0.0825159	0.00286302	0.31903	0.00662569	0.00405857	0.069548	0.00540857	0.00267332	0.182599	0.00193466	0.0693417	0.0169007	0.0987108	0.00715864	0.00542083	0.00122518	0.00219239
182	0.0170358	0.00512232	0.000295671	0.00230794	0.0125685	0.000936732	0.00180255	0.336812	0.000870968	0.201349	0.0344255	0.000509553	0.00107087	0.00238559	0.00145329	0.002605	0.013817	0.359247	0.000192412	0.00519241
183	0.0781032	0.00186915	0.0729177	0.0570146	0.0109749	0.0322403	0.0314256	0.0147194	0.126525	0.0390726	0.011675	0.153364	0.00121124	0.0541787	0.0579378	0.135052	0.0797308	0.033761	0.000421656	0.00780472
184	0.107166	0.0147112	0.00607433	0.0120549	0.0371921	0.00656014	0.0700455	0.104033	0.0429651	0.171752	0.0178029	0.0128344	0.0427715	0.0481352	0.0418064	0.0581894	0.0334317	0.126803	0.00625713	0.0394144
185	0.0330115	0.00715981	0.00371928	0.0102894	0.0254713	0.000834879	0.00568156	0.231447	0.008274	0.267867	0.0512417	0.00442525	0.00132372	0.0127287	0.0171883	0.0162109	0.0396768	0.247748	0.000929754	0.0147707
186	0.038964	0.00608264	0.0336642	0.053196	0.0104864	0.0198467	0.037808	0.0133506	0.191539	0.0355641	0.0107538	0.0819584	0.0025221	0.0796587	0.192903	0.100843	0.0556127	0.0261639	0.000538062	0.00854422
187	0.355908	0.0156003	0.00170182	0.0113362	0.00384026	0.0284693	0.00250791	0.0101991	0.0129006	0.0459607	0.00354575	0.0201694	0.00396277	0.010475	0.00603678	0.354783	0.0673597	0.0362672	0.000605369	0.00837077
188	0.0259627	0.00736286	0.000346178	0.00317715	0.0174736	0.000583479	0.00354774	0.282592	0.0010227	0.234539	0.0546387	0.000587357	0.000573926	0.00356899	0.00233513	0.00532493	0.0227953	0.325153	0.000191711	0.00822336
189	0.00985339	0.0134433	0.000647412	0.00392452	0.0503326	0.00217902	0.00168514	0.0849967	0.012906	0.508763	0.210757	0.00239357	0.00189501	0.020269	0.00448719	0.00899789	0.0114373	0.0355135	0.0054877	0.0100313
190	0.136118	0.00426452	0.00483936	0.0125239	0.00337944	0.0613031	0.0141467	0.00416492	0.096179	0.00564577	0.0191812	0.0344365	0.0151215	0.0986655	0.177358	0.227341	0.0472002	0.0221017	0.00413687	0.0118929
191	0.150428	0.00403624	0.0056741	0.0138706	0.00348195	0.0596344	0.0115645	0.00468305	0.111267	0.00604586	0.019366	0.0312022	0.0172696	0.109054	0.189977	0.18217	0.0417562	0.0243438	0.00477996	0.00939506
192	0.0275863	0.0169777	0.00203176	0.0110448	0.262444	0.00316006	0.0767184	0.0194826	0.0273352	0.0187303	0.00545306	0.0204634	0.00153358	0.00673033	0.0179071	0.023876	0.0128412	0.0162888	0.0690088	0.360386
