255	20
1	0.0125743	0.00130455	0.00102008	0.00383258	0.235255	0.00148178	0.00154854	0.103187	0.00209017	0.374299	0.0592032	0.00248038	0.0136957	0.0224928	0.00223067	0.0196204	0.0142446	0.0863383	0.00915803	0.0339431
2	0.055413	0.000373059	0.035614	0.0714898	0.00564269	0.0111673	0.031555	0.018536	0.126287	0.0121649	0.0153586	0.0928003	0.0485779	0.0923293	0.0982436	0.158476	0.0860932	0.0264812	0.000445618	0.0129508
3	0.0216153	0.00165007	0.00433042	0.00367589	0.134052	0.00265263	0.00276822	0.173419	0.0028893	0.335586	0.0621158	0.00623251	0.00949415	0.0117318	0.00744249	0.0190525	0.0124383	0.160933	0.0105557	0.0173644
4	0.0206347	0.000800129	0.0354341	0.145258	0.00489555	0.0165095	0.0594747	0.00665768	0.148479	0.021508	0.010646	0.0758831	0.0235736	0.182075	0.0983599	0.0361917	0.0601913	0.0410579	0.000892408	0.0114782
5	0.0316554	0.0241896	0.00748825	0.00932617	0.011487	0.0529018	0.10951	0.0192208	0.111888	0.0250211	0.0108494	0.045871	0.0130514	0.0272969	0.279911	0.0860914	0.0384344	0.0532433	0.00168041	0.040883
6	0.104694	0.00183053	0.0111732	0.00534306	0.0106093	0.0588349	0.0315516	0.0440746	0.115119	0.0431321	0.0290512	0.0495671	0.00444406	0.0238034	0.285579	0.0651114	0.0212137	0.0889746	0.00147805	0.00441504
7	0.0163863	0.00127133	0.00194261	0.00678565	0.258778	0.0025603	0.00304833	0.0944975	0.00348156	0.294324	0.0499069	0.00376089	0.0248103	0.0408412	0.0034229	0.0252905	0.0244695	0.0736333	0.00505002	0.0657384
8	0.0135574	0.00178987	0.00431295	0.0049182	0.00387237	0.0107409	0.00663145	0.0409921	0.314355	0.0411096	0.0400872	0.0161541	0.00439077	0.0311154	0.334586	0.0350869	0.016781	0.0739738	0.00134531	0.00419968
9	0.116953	0.00101768	0.0527445	0.205326	0.00523424	0.0433792	0.00787367	0.0279021	0.0712425	0.0349279	0.0244636	0.0321398	0.00715542	0.028698	0.0600119	0.100215	0.0874568	0.0850832	0.00317022	0.00500634
10	0.0507517	0.00301731	0.00736372	0.0103013	0.0604762	0.0256832	0.247246	0.0152062	0.0517502	0.10364	0.0187516	0.0156332	0.0357168	0.0718965	0.120802	0.0439568	0.033925	0.0313539	0.00168642	0.0508429
11	0.131278	0.00132702	0.156382	0.0545184	0.00353302	0.132938	0.0082236	0.00681306	0.0260472	0.0274612	0.00633956	0.0927876	0.009667	0.0339384	0.0111831	0.18253	0.0800439	0.0258449	0.00212397	0.00701888
12	0.0818131	0.000325777	0.0567944	0.0680842	0.00638253	0.0524037	0.00915855	0.0335702	0.0503719	0.0171883	0.0149851	0.0760951	0.00458909	0.055453	0.0995225	0.187478	0.0852302	0.0772064	0.0159569	0.007391
13	0.155383	0.00157479	0.0165291	0.00567578	0.0177736	0.0823347	0.0530228	0.0339003	0.0634091	0.0463557	0.0231774	0.0633728	0.00552875	0.0280265	0.231149	0.0709324	0.0258019	0.0691748	0.00165949	0.0052183
14	0.0583006	0.00376455	0.01612	0.0213547	0.0170587	0.0467117	0.0975086	0.0593673	0.0696787	0.052179	0.0177597	0.0536446	0.0196741	0.0461989	0.216926	0.0695148	0.0582293	0.0532154	0.00296189	0.0198315
15	0.0356701	0.00296092	0.00656758	0.00757587	0.0441047	0.0391001	0.264579	0.0125409	0.0293282	0.111818	0.0289039	0.0141905	0.0166354	0.0722642	0.160701	0.0523651	0.039059	0.040309	0.00172339	0.0196034
16	0.0313023	0.000364204	0.000634465	0.000725119	0.0385047	0.00328582	0.000885871	0.296454	0.0053733	0.0722082	0.0228424	0.00296504	0.00812662	0.00286141	0.00294655	0.0137761	0.0258424	0.467274	0.000368062	0.00325928
17	0.0184124	0.00026051	0.555869	0.0912897	0.00101107	0.0180416	0.0275523	0.00204798	0.00654093	0.0070826	0.00131846	0.178447	0.00987147	0.0208887	0.00197881	0.036389	0.0188097	0.00252077	0.000518226	0.00114937
18	0.0150721	0.00180432	0.00107327	0.00197394	0.152557	0.00157005	0.00244825	0.170873	0.00143477	0.359478	0.0594835	0.00483359	0.0103383	0.0115737	0.00545057	0.015317	0.0077804	0.143687	0.0138425	0.0194085
19	0.0803656	0.000473691	0.0345579	0.0790192	0.00253172	0.0402927	0.0211032	0.0232444	0.0625788	0.0326475	0.025895	0.0449855	0.16027	0.0936013	0.0320135	0.129408	0.0866369	0.0351009	0.000522474	0.0147518
20	0.0141117	0.0015602	0.00167883	0.00228975	0.0697672	0.00212332	0.00475712	0.262335	0.00155398	0.317583	0.0571625	0.00862426	0.0149272	0.00984451	0.0113043	0.0151495	0.00782559	0.178348	0.0100162	0.00903724
21	0.0353369	0.000387128	0.15419	0.0989233	0.00829368	0.155423	0.026374	0.0311938	0.0607723	0.0105895	0.00668259	0.115851	0.0115098	0.0739393	0.0377713	0.0725107	0.035094	0.0375757	0.00328629	0.0242952
22	0.0491838	0.00117184	0.00889547	0.00488419	0.00324073	0.721834	0.023904	0.00534805	0.010117	0.0083105	0.0037678	0.0152458	0.00388761	0.00952101	0.0581645	0.0234657	0.0123476	0.0132932	0.0202671	0.00314997
23	0.0554244	0.000392383	0.0670447	0.0405892	0.0174396	0.0387558	0.0152414	0.0392201	0.0425013	0.0242254	0.0267657	0.0907671	0.00577462	0.0311026	0.0571228	0.235185	0.14154	0.0600583	0.00716671	0.00368334
24	0.012789	0.00126383	0.00156552	0.00703918	0.248427	0.00232814	0.00223025	0.0957912	0.00311149	0.33133	0.0546367	0.00284073	0.0243725	0.0387938	0.00307145	0.0269219	0.0275619	0.0640871	0.00488534	0.046953
25	0.0102566	0.00977294	0.00576362	0.00378496	0.165562	0.00406919	0.0296773	0.0092138	0.00988642	0.0566021	0.00334778	0.0206647	0.0033306	0.0126496	0.0054426	0.019092	0.0126117	0.0199487	0.0115076	0.586816
26	0.00469961	0.012962	0.0017931	0.00189268	0.194347	0.00215853	0.00857608	0.0029568	0.00346875	0.0668798	0.00183304	0.00932059	0.00175986	0.00927704	0.00227969	0.00571403	0.00529432	0.016222	0.0126915	0.635873
27	0.0998524	0.0019205	0.00238333	0.0039856	0.00257169	0.00676037	0.0113628	0.0365301	0.0113218	0.0118308	0.00910128	0.0283742	0.00421937	0.00431388	0.00460853	0.197442	0.504207	0.0551776	0.00104238	0.00299455
28	0.014758	0.000740079	0.0259845	0.113398	0.00321084	0.0286254	0.011587	0.00524227	0.299657	0.0245699	0.00936309	0.0229714	0.0139368	0.151667	0.128925	0.0555018	0.058311	0.0157298	0.00111935	0.0147015
29	0.0175038	0.00123393	0.00132949	0.00186449	0.047731	0.00211723	0.00327713	0.3209	0.00282089	0.220264	0.0465616	0.00825875	0.0113821	0.00755724	0.00883559	0.013719	0.0144042	0.257868	0.00633265	0.00603957
30	0.0123355	0.000730265	0.0188233	0.107786	0.00372117	0.0486705	0.00909206	0.00495184	0.30976	0.0325961	0.0101831	0.0171087	0.00832901	0.151551	0.120647	0.0523663	0.0555938	0.015237	0.00112253	0.0193947
31	0.0146419	0.00152994	0.00174329	0.00254285	0.0744117	0.00219398	0.00419438	0.255627	0.00160695	0.32043	0.0585851	0.00792263	0.013225	0.00954022	0.0108498	0.0147344	0.00786988	0.179007	0.0101055	0.00923761
32	0.0444346	0.00718165	0.022144	0.0127974	0.00321222	0.682561	0.0177828	0.00672514	0.0167055	0.00811968	0.00448476	0.0252753	0.00571742	0.0140289	0.0405787	0.037242	0.019327	0.0135099	0.0144949	0.00367721
33	0.0205128	0.00244093	0.00177933	0.00220846	0.00267705	0.00448479	0.0174733	0.0249728	0.00964389	0.0047665	0.00962694	0.047258	0.00198829	0.00341375	0.00305244	0.246334	0.573859	0.0204443	0.000548882	0.00251425
34	0.0962692	0.00196396	0.0153447	0.0259291	0.00675957	0.0165797	0.015831	0.0236807	0.0225628	0.0396042	0.0209155	0.0182101	0.372671	0.0263475	0.0234922	0.114821	0.0796595	0.0704575	0.00177005	0.00713119
35	0.115703	0.000475619	0.00228526	0.00243657	0.00214249	0.00491334	0.0112471	0.0189919	0.00482757	0.0299097	0.0185308	0.00388627	0.501043	0.00451281	0.0113647	0.101344	0.0786628	0.0843086	0.00076134	0.00265322
36	0.0222385	0.00167951	0.00538677	0.0237943	0.00448126	0.015409	0.0373608	0.0193743	0.213319	0.0179106	0.0121205	0.0572572	0.0070112	0.0793867	0.274782	0.0457097	0.0929131	0.0610131	0.00107897	0.00777401
37	0.0298338	0.00039315	0.131528	0.153853	0.010326	0.0879754	0.0478435	0.0119505	0.0774639	0.00869422	0.00407709	0.0967107	0.033746	0.101613	0.0622789	0.0602965	0.0392187	0.020739	0.00171473	0.0197448
38	0.00469961	0.012962	0.0017931	0.00189268	0.194347	0.00215853	0.00857608	0.0029568	0.00346875	0.0668798	0.00183304	0.00932059	0.00175986	0.00927704	0.00227969	0.00571403	0.00529432	0.016222	0.0126915	0.635873
39	0.0161126	0.000567525	0.0198997	0.00377153	0.118781	0.00511504	0.12518	0.0306309	0.0323688	0.0100248	0.00282416	0.0728649	0.00438458	0.0132716	0.00509404	0.0459794	0.023298	0.0240695	0.0010398	0.444723
40	0.0247744	0.00146853	0.00250055	0.00330936	0.119817	0.00307239	0.00265869	0.17471	0.00301299	0.297251	0.0508423	0.00525335	0.0120608	0.0125193	0.00692791	0.020044	0.0141686	0.219142	0.00907796	0.0173892
41	0.0832616	0.00226008	0.0106463	0.02803	0.0281815	0.0196065	0.0611456	0.118414	0.0214182	0.182379	0.0326668	0.0201785	0.0140804	0.128509	0.0457488	0.0458401	0.0436076	0.0963646	0.00370179	0.0139603
42	0.0267269	0.000750133	0.00094745	0.00107142	0.0485479	0.00222731	0.00121545	0.315882	0.00532501	0.104361	0.0326118	0.00380187	0.00641906	0.00405757	0.00423746	0.0145098	0.0246904	0.397376	0.00193104	0.00331107
43	0.0218978	0.00382651	0.500419	0.0882949	0.00345129	0.026936	0.0343549	0.00513571	0.0137327	0.00918175	0.0030452	0.161403	0.0119336	0.0262913	0.00912306	0.0427445	0.0242218	0.00678524	0.000912988	0.00630848
44	0.0497843	0.00188268	0.0130278	0.0149691	0.00970896	0.0151256	0.0191807	0.0324208	0.0280407	0.0258357	0.0151061	0.0359787	0.0156887	0.0191397	0.0293705	0.202062	0.422319	0.038949	0.00231573	0.00909364
45	0.0640745	0.000785158	0.0214943	0.0114308	0.00291005	0.649054	0.0151737	0.00646664	0.0121079	0.0108718	0.00383411	0.0222613	0.00613768	0.0127521	0.0386288	0.0608609	0.0282116	0.0156355	0.0134408	0.00386878
46	0.0805514	0.00329886	0.0201243	0.0160648	0.0116038	0.0409201	0.0137878	0.0195563	0.0293428	0.029792	0.0106807	0.0313304	0.0316802	0.0236437	0.0211821	0.422639	0.133201	0.0356161	0.00537336	0.0196118
47	0.0458804	0.000574952	0.16597	0.138225	0.00637709	0.0592833	0.0213957	0.0405639	0.0817314	0.0220204	0.0183949	0.084409	0.0273127	0.0603167	0.0473504	0.0753034	0.0491796	0.0434027	0.00218634	0.0101221
48	0.021285	0.000785278	0.00109754	0.00140053	0.0413255	0.00206536	0.00236066	0.341217	0.00420773	0.158335	0.0389107	0.00780273	0.00891719	0.00555115	0.0064242	0.0135309	0.0201019	0.316882	0.00382959	0.0039701
49	0.0668722	0.000933105	0.0153489	0.0127773	0.0752645	0.00654554	0.00900602	0.0572297	0.0320399	0.223641	0.0915592	0.0312794	0.0219354	0.0169072	0.0217767	0.125317	0.0835621	0.0905544	0.00269101	0.0147592
50	0.0452118	0.00689282	0.0212893	0.0190289	0.0609294	0.142022	0.0154975	0.0587303	0.0238607	0.106025	0.0249605	0.0315496	0.0173489	0.024053	0.0277688	0.0840826	0.0482504	0.0649392	0.0940114	0.0835476
51	0.0280518	0.000494546	0.000515305	0.00060456	0.0430769	0.00226066	0.000883913	0.322024	0.00568847	0.0768667	0.0281308	0.00320936	0.00641576	0.00346346	0.00321054	0.0152357	0.0268021	0.429483	0.000586292	0.00299713
52	0.142784	0.0159594	0.0336225	0.0227225	0.00401889	0.101302	0.00974518	0.0141866	0.0428271	0.0242763	0.00770032	0.108862	0.0317948	0.022646	0.0139547	0.235282	0.110924	0.0459342	0.00383192	0.0076263
53	0.00642006	0.822296	0.0130538	0.00301883	0.00250942	0.0259836	0.00390677	0.00390578	0.00579683	0.0160527	0.00319625	0.00484768	0.0135959	0.00465589	0.00428608	0.0391683	0.0177482	0.00588768	0.00094831	0.0027221
54	0.116965	0.00279696	0.0209133	0.0314292	0.00605773	0.0696735	0.0216966	0.0713993	0.0619782	0.013891	0.0103669	0.116459	0.00636917	0.019008	0.0583597	0.209498	0.0573744	0.0972619	0.00352308	0.00497987
55	0.0933475	0.00124288	0.00968758	0.0131318	0.00373371	0.0590519	0.00672484	0.0103214	0.0299414	0.0432816	0.0107839	0.0177911	0.0961205	0.0461149	0.0186952	0.341825	0.154882	0.0229361	0.00729044	0.0130961
56	0.00661732	0.823415	0.0129529	0.00317297	0.00252131	0.0255645	0.00370893	0.00375304	0.00534483	0.0160027	0.00302909	0.00473138	0.0138999	0.00467078	0.00398105	0.039048	0.0180246	0.00580155	0.000935679	0.00282464
57	0.0500955	0.000255762	0.0704879	0.0605031	0.0077369	0.0285851	0.0164249	0.0293791	0.0842166	0.013298	0.0199744	0.095051	0.0198993	0.0556822	0.0838764	0.20061	0.109662	0.0445411	0.00291538	0.00680586
58	0.0333635	0.000456974	0.160819	0.0706041	0.00744651	0.22047	0.0162381	0.0130682	0.0651345	0.0119748	0.0036221	0.125959	0.0103594	0.0663079	0.0346285	0.0824846	0.041948	0.0181163	0.00456901	0.0124289
59	0.00656147	0.822357	0.0130095	0.0030159	0.00274308	0.0256578	0.0037142	0.00399852	0.00546637	0.0160758	0.00306251	0.00470673	0.0135951	0.00483087	0.00423141	0.0398572	0.0179819	0.00573179	0.000895623	0.00250688
60	0.0828191	0.00134481	0.0132775	0.0247364	0.0114149	0.0333217	0.0113885	0.0174943	0.0514745	0.0793882	0.0229085	0.0247133	0.150608	0.0485788	0.0251688	0.238753	0.106134	0.0407736	0.00410272	0.0116
61	0.0403241	0.00142962	0.00284106	0.0203966	0.00957478	0.00801217	0.0765515	0.0196571	0.114878	0.0173991	0.00366398	0.0377064	0.00927441	0.0576257	0.236639	0.0927035	0.193302	0.0493448	0.000818545	0.00785774
62	0.046106	0.000727059	0.0154065	0.0342023	0.0199709	0.00979881	0.0459501	0.0163763	0.106943	0.0127741	0.00938714	0.0567109	0.0247211	0.0417223	0.146487	0.15871	0.213408	0.0308891	0.00132896	0.00837924
63	0.0885348	0.00101102	0.0493889	0.0315747	0.00740039	0.064308	0.0100934	0.0183739	0.0416431	0.0240024	0.0136281	0.0511156	0.0261596	0.0358748	0.0310711	0.302552	0.149376	0.0371785	0.00606079	0.0106525
64	0.0349263	0.000497538	0.192463	0.0737993	0.00781452	0.189453	0.0157865	0.013188	0.0548478	0.0146028	0.00413556	0.135965	0.0125441	0.0602695	0.0253011	0.0827607	0.0417111	0.0200368	0.00596889	0.0139285
65	0.0159414	0.00151884	0.00287	0.00411549	0.0567485	0.00329921	0.00863029	0.273341	0.00292274	0.291706	0.0544284	0.00958301	0.0173507	0.0116187	0.0157068	0.0164922	0.0102996	0.186808	0.00875172	0.00786708
66	0.0458404	0.00184857	0.0428664	0.024881	0.00855366	0.294314	0.0607848	0.0328308	0.0924529	0.0125199	0.00671281	0.157961	0.0327504	0.0568159	0.0351465	0.0390377	0.025781	0.0162292	0.00283847	0.00983493
67	0.0362134	0.000491999	0.113064	0.225382	0.00313126	0.0179605	0.0327555	0.00426724	0.110522	0.0119959	0.00709696	0.0579387	0.102777	0.114198	0.0744747	0.0398807	0.0277167	0.0135931	0.000523181	0.00601736
68	0.0156224	0.00161394	0.00215351	0.00280077	0.0729178	0.00258173	0.00419143	0.26038	0.00202137	0.305527	0.0590019	0.00796543	0.0127081	0.00997005	0.0110132	0.0148991	0.00877783	0.186719	0.00959928	0.00953693
69	0.0542555	0.000297893	0.0570499	0.0528313	0.0108157	0.0290472	0.0181574	0.0314772	0.070979	0.0154908	0.0235226	0.0911166	0.0127244	0.0457699	0.0772272	0.225515	0.124277	0.0504404	0.00395843	0.00504719
70	0.0118853	0.00122199	0.00130498	0.00652544	0.259353	0.0020499	0.00172858	0.0886584	0.00270428	0.328641	0.0556413	0.00266552	0.0245571	0.0398954	0.00221766	0.0279924	0.0269731	0.0611065	0.00492401	0.0499545
71	0.00471001	0.0129145	0.00186376	0.00189331	0.194078	0.00215506	0.0088367	0.0030411	0.00352518	0.0666574	0.0018299	0.00942905	0.00175746	0.0092629	0.00227593	0.00578637	0.00532818	0.0162248	0.0126284	0.635802
72	0.0182484	0.000258313	0.557739	0.0912999	0.00100805	0.0177006	0.0277656	0.00202764	0.00642547	0.0069914	0.00128664	0.178166	0.00974663	0.0206619	0.00189706	0.036089	0.0186934	0.00241728	0.000484169	0.00109437
73	0.112019	0.000464568	0.00226108	0.00238005	0.00200862	0.00460096	0.010406	0.0199045	0.00491219	0.0315844	0.0195877	0.0039633	0.497909	0.00448141	0.0118308	0.100499	0.0807798	0.087281	0.000795661	0.00233065
74	0.188753	0.00156612	0.0814874	0.0486375	0.00108259	0.142421	0.00209094	0.00302307	0.0196694	0.0375148	0.00603358	0.0596	0.00906421	0.0303275	0.00355022	0.234942	0.0909882	0.0307698	0.00182475	0.00665447
75	0.0830543	0.00310827	0.0220019	0.0149582	0.0123272	0.0421544	0.0107269	0.0186128	0.0267729	0.0369227	0.0121622	0.0307899	0.028354	0.0243381	0.019423	0.409116	0.147944	0.0354477	0.00586805	0.0159181
76	0.124665	0.00111725	0.024954	0.0249787	0.0046049	0.0505067	0.00509809	0.0170303	0.0282456	0.0450708	0.00751135	0.0204922	0.0300837	0.0265826	0.0101842	0.376985	0.136713	0.0462367	0.00410908	0.0148297
77	0.0182485	0.0024912	0.0017324	0.00221836	0.00260955	0.00452324	0.0141729	0.0262896	0.00926571	0.00486327	0.00779968	0.0372243	0.00172715	0.0031746	0.00263056	0.250588	0.587036	0.0204194	0.000464454	0.00252096
78	0.137907	0.001302	0.0111204	0.00714503	0.00438926	0.0543763	0.00576117	0.0101896	0.0263851	0.0256691	0.00818197	0.0182051	0.0338198	0.0171154	0.00877345	0.413276	0.160518	0.0272182	0.0113961	0.0172506
79	0.0531747	0.000265755	0.0524364	0.0557249	0.00906607	0.0267286	0.0171284	0.0291598	0.0848957	0.0128065	0.0198629	0.0929942	0.0156623	0.052975	0.0850424	0.220344	0.115294	0.0466141	0.00358222	0.00624184
80	0.0591252	0.000633126	0.00406302	0.0293369	0.0383533	0.00535713	0.00720167	0.0137086	0.0883451	0.196717	0.0876572	0.0328561	0.0660943	0.0298212	0.0351657	0.119088	0.118695	0.0639399	0.000750059	0.00309111
81	0.0279993	0.000527783	0.000485183	0.000573957	0.0409759	0.00206565	0.000684931	0.340667	0.00618744	0.067056	0.0292535	0.00306889	0.00500072	0.00301581	0.00298275	0.0149485	0.0281003	0.423699	0.000383738	0.00232326
82	0.0981012	0.00115848	0.00773071	0.00325629	0.00460154	0.0480348	0.00714227	0.00950453	0.0245327	0.0228663	0.011305	0.0139748	0.0557397	0.0166821	0.0107539	0.430857	0.179615	0.0267628	0.0105644	0.0168164
83	0.00625158	0.826083	0.0131754	0.00301844	0.00249016	0.0255672	0.00360431	0.00372347	0.00504152	0.0159327	0.00306931	0.00451967	0.0134837	0.00470931	0.0039245	0.0387121	0.017517	0.00577309	0.000895284	0.0025081
84	0.170429	0.00144996	0.0923773	0.0529686	0.00188055	0.144724	0.00380415	0.00376241	0.0229868	0.0343446	0.00592386	0.0682945	0.00968895	0.0339492	0.00569286	0.22316	0.0878493	0.0277662	0.00183295	0.00711487
85	0.0182484	0.000258313	0.557739	0.0912999	0.00100805	0.0177006	0.0277656	0.00202764	0.00642547	0.0069914	0.00128664	0.178166	0.00974663	0.0206619	0.00189706	0.036089	0.0186934	0.00241728	0.000484169	0.00109437
86	0.0463338	0.000445768	0.104892	0.178256	0.00272488	0.0183288	0.0268291	0.0063607	0.119523	0.0158375	0.0104172	0.062712	0.109147	0.112483	0.0833031	0.050241	0.0315475	0.0131909	0.000486342	0.00693986
87	0.0469215	0.00065033	0.0378268	0.0586268	0.0346151	0.0327375	0.00894291	0.11458	0.0511468	0.113329	0.0698864	0.0385812	0.00706239	0.0213029	0.053889	0.0797725	0.0779893	0.142339	0.0011919	0.00860912
88	0.00612215	0.825717	0.0130184	0.00301727	0.00249417	0.0253327	0.00372002	0.00370827	0.0051596	0.0159411	0.00302235	0.00464592	0.0137731	0.00449042	0.00392696	0.0390015	0.0175977	0.00588194	0.000851457	0.00257815
89	0.12003	0.000954451	0.00657371	0.00503767	0.00536297	0.0369153	0.00523705	0.0155256	0.0287825	0.0328545	0.00636328	0.014823	0.0316258	0.0184663	0.011497	0.426884	0.166954	0.0359109	0.00760217	0.0226009
90	0.0661292	0.00184533	0.0054946	0.00785211	0.00558489	0.0356795	0.00804227	0.00867499	0.0204916	0.17787	0.00742709	0.0303401	0.104951	0.143602	0.0515833	0.231664	0.0691507	0.0129389	0.00195269	0.00872608
91	0.00608453	0.826868	0.0130394	0.00298791	0.00250249	0.0254963	0.00360826	0.0037682	0.00513381	0.0160407	0.00301302	0.00448145	0.0133999	0.00451074	0.00393148	0.0385874	0.0175955	0.00562879	0.000871659	0.00245033
92	0.0994729	0.00081429	0.0455679	0.0887183	0.00275563	0.093188	0.0141934	0.0236209	0.0385402	0.0376025	0.0250864	0.0351231	0.133049	0.0900774	0.0133363	0.128223	0.0827768	0.0316295	0.000988158	0.0152363
93	0.00540513	0.0118857	0.00217222	0.00240643	0.190338	0.00277987	0.0088304	0.00415208	0.00388311	0.0625227	0.00224173	0.00945681	0.00233053	0.00941364	0.00283225	0.00684306	0.00611085	0.0208718	0.0374873	0.608036
94	0.0554029	0.000309627	0.064586	0.0440819	0.0152456	0.0397101	0.0168788	0.0393987	0.0473101	0.0216736	0.0254307	0.0910449	0.0059933	0.0346012	0.063975	0.232802	0.132286	0.0595878	0.00615556	0.0035267
95	0.0709347	0.000451788	0.0268165	0.0612295	0.0118762	0.0267997	0.0260695	0.0521786	0.0624802	0.078694	0.0390337	0.0551992	0.0263292	0.0636048	0.0467892	0.140403	0.134725	0.0708222	0.00213825	0.00342448
96	0.0156117	0.0038203	0.0137213	0.00366465	0.125288	0.00542668	0.102	0.0225424	0.0236602	0.0269478	0.00307211	0.0447327	0.00622517	0.0156115	0.00705301	0.0356812	0.020224	0.023758	0.0039786	0.49698
97	0.246965	0.00149784	0.0460532	0.128737	0.00556352	0.118064	0.00913223	0.0130934	0.0662106	0.0269876	0.0503347	0.0230446	0.0147659	0.0594966	0.0217946	0.0735549	0.052461	0.0330683	0.00229907	0.00687636
98	0.0473606	0.000549096	0.361384	0.0766661	0.00437186	0.0552312	0.0215166	0.0094647	0.0248893	0.0151324	0.00716063	0.131861	0.0143524	0.0323641	0.0169075	0.108208	0.0471868	0.0178289	0.002111	0.00545346
99	0.033682	0.000578071	0.0871125	0.12014	0.00587762	0.163715	0.0280105	0.0112764	0.100376	0.0148617	0.00810236	0.085075	0.0219456	0.102503	0.0695249	0.0615489	0.0485959	0.0219088	0.002819	0.0123461
100	0.128094	0.00132841	0.0134695	0.00810997	0.00495885	0.0561855	0.00565204	0.010322	0.0245324	0.0277596	0.0099738	0.0221932	0.0348938	0.0179819	0.00923005	0.394872	0.17239	0.0289187	0.0111592	0.0179751
101	0.0227585	0.0023034	0.00210324	0.00224587	0.00274569	0.00581383	0.0139016	0.0277848	0.0103663	0.00626576	0.00772121	0.0363253	0.00313684	0.00368262	0.00304554	0.25501	0.568213	0.0225446	0.000772769	0.00325896
102	0.0615182	0.000293033	0.0580296	0.0419315	0.0202044	0.036404	0.0150999	0.0436318	0.0412417	0.0303637	0.0297971	0.0841863	0.00512704	0.0283751	0.0567907	0.229246	0.144622	0.0638385	0.00558683	0.00371273
103	0.0506556	0.00104727	0.0536292	0.0263822	0.0041637	0.536058	0.0190037	0.0102851	0.0285011	0.0110455	0.00437116	0.0661953	0.00922018	0.027666	0.0370852	0.0546672	0.0278332	0.0167297	0.0095754	0.00588509
104	0.0159856	0.00106984	0.0186497	0.00276733	0.12405	0.00294833	0.118234	0.0293059	0.0275699	0.0127841	0.00247511	0.0599436	0.00424669	0.0111513	0.00343561	0.0423922	0.0190936	0.024654	0.0014838	0.477759
105	0.00478129	0.0127918	0.00186429	0.00191056	0.193606	0.002161	0.00870961	0.00368677	0.00374841	0.0693729	0.00210454	0.00936037	0.00190071	0.0100945	0.00242117	0.00602849	0.00570852	0.0164415	0.0124869	0.630821
106	0.0282176	0.000539208	0.000471548	0.000529848	0.0427023	0.00200774	0.000654177	0.336672	0.00620011	0.0666298	0.0297067	0.00290938	0.00480915	0.00303156	0.00299276	0.0148781	0.0283716	0.42604	0.000309269	0.00232705
107	0.0582302	0.000352066	0.0404161	0.0606501	0.00679904	0.0154323	0.0210756	0.021628	0.112121	0.0102666	0.0155041	0.0993409	0.0277084	0.0733145	0.101142	0.191858	0.0960862	0.0357809	0.00234769	0.00994588
108	0.0228342	0.00060478	0.493932	0.0878204	0.00399556	0.0275716	0.0362388	0.00552248	0.0148535	0.0102859	0.00333102	0.15821	0.0118527	0.0282892	0.00976293	0.044706	0.0242371	0.0082698	0.0009865	0.00669618
109	0.083579	0.000896065	0.0513977	0.00690645	0.0641392	0.00738711	0.00650191	0.069625	0.0107374	0.155424	0.0840294	0.047621	0.00325697	0.00779218	0.0139444	0.0975869	0.114482	0.143889	0.00109349	0.0297106
110	0.177853	0.00167453	0.0666897	0.0382997	0.0016714	0.12919	0.00283034	0.00439706	0.0200953	0.0408091	0.00896942	0.0470594	0.0204207	0.0302611	0.00326889	0.256978	0.109323	0.0296087	0.00251997	0.00808164
111	0.0949576	0.00205942	0.0142073	0.00998832	0.00532151	0.0485584	0.00794733	0.0115176	0.0337894	0.0237477	0.0101441	0.0398769	0.0430467	0.0293503	0.0193186	0.371742	0.180036	0.0282347	0.0120248	0.014132
112	0.151913	0.00168982	0.0406828	0.0226764	0.00267485	0.10214	0.00362127	0.00642911	0.0222928	0.034547	0.00812624	0.0348836	0.0268502	0.0258183	0.0060837	0.325758	0.139663	0.0272065	0.00572054	0.0112219
113	0.024945	0.00157401	0.00864579	0.0242153	0.0205086	0.0120822	0.0384333	0.00924352	0.0179799	0.0265066	0.00681398	0.0590473	0.0375642	0.0566018	0.0515978	0.327613	0.225496	0.0286146	0.00248293	0.0200338
114	0.0281869	0.000535198	0.000466207	0.000526091	0.0425784	0.00201276	0.000632562	0.337108	0.00619894	0.0661384	0.0296213	0.00290771	0.00482214	0.00300078	0.00296823	0.0148697	0.0283799	0.426455	0.000287189	0.00230437
115	0.0282138	0.000537002	0.000467772	0.000525863	0.0426431	0.00201244	0.000640981	0.3369	0.00620008	0.0661177	0.0296127	0.00290657	0.00482213	0.00301278	0.00296965	0.014875	0.028398	0.426549	0.000287261	0.00230838
116	0.0143623	0.0014342	0.00184322	0.0047163	0.206597	0.00220699	0.00221087	0.134526	0.00269664	0.343861	0.057834	0.00392911	0.014661	0.0225402	0.00475678	0.0200026	0.0158477	0.10695	0.00853626	0.0304885
117	0.0430861	0.00166659	0.0126451	0.00690828	0.00477059	0.65422	0.0377778	0.00725713	0.0186896	0.0112724	0.0042766	0.0221185	0.00522145	0.0149909	0.0755198	0.0265877	0.016209	0.0168598	0.0145407	0.00538184
118	0.0940546	0.00145934	0.0158709	0.0876273	0.0138526	0.0225171	0.0320784	0.109269	0.0280887	0.128083	0.0286521	0.0251495	0.011602	0.153703	0.089093	0.0463027	0.0536974	0.0475613	0.00190951	0.00942824
119	0.0794515	0.0036492	0.00647711	0.00504747	0.0133297	0.0381476	0.00638178	0.0110093	0.0191472	0.0289967	0.00666189	0.0131443	0.0276152	0.0139036	0.00960751	0.522981	0.147577	0.0242503	0.00591338	0.0167077
120	0.0770368	0.00148008	0.0265782	0.0181433	0.00415469	0.558916	0.0148679	0.0120221	0.0184283	0.0147608	0.00689515	0.0311228	0.00805614	0.0170004	0.0406196	0.0676057	0.0324319	0.0337705	0.0110124	0.00509736
121	0.0410514	0.00035202	0.164367	0.0813093	0.0118592	0.16105	0.0212435	0.016119	0.0493456	0.0158237	0.00557615	0.126456	0.0112543	0.0712271	0.029537	0.0971053	0.0507895	0.0275882	0.00443245	0.0135146
122	0.0153683	0.00169029	0.00167659	0.00321411	0.178173	0.00238079	0.00231203	0.155927	0.00250299	0.340304	0.0559091	0.00403619	0.0127901	0.0175836	0.00471116	0.0186781	0.0137142	0.134083	0.00981341	0.0251317
123	0.0591341	0.00026876	0.0835312	0.0680929	0.00865247	0.0603197	0.0128993	0.0351389	0.0511567	0.0181264	0.0235872	0.0882011	0.0132134	0.0563528	0.0651093	0.183181	0.0972708	0.0615362	0.00705334	0.00717435
124	0.0569719	0.000375863	0.0396746	0.0616449	0.00748504	0.0168783	0.019173	0.0241403	0.114666	0.0134306	0.0218435	0.0997391	0.0252542	0.0646496	0.0880066	0.186346	0.108162	0.0409686	0.00214327	0.00844711
125	0.0961753	0.00121452	0.0086563	0.00381976	0.00464983	0.0472694	0.00704591	0.00987334	0.0241568	0.0226384	0.0117039	0.0139149	0.0560465	0.016669	0.0108666	0.431358	0.180523	0.0270479	0.0100625	0.016308
126	0.0512522	0.000465284	0.168229	0.0801746	0.00714543	0.114973	0.0134542	0.0188579	0.0494899	0.0176889	0.00883923	0.117496	0.0139427	0.0618357	0.0381851	0.125257	0.0610467	0.0347507	0.00430045	0.0126163
127	0.0836136	0.00034642	0.0641769	0.0699409	0.00589918	0.0632405	0.00972382	0.0305975	0.0507439	0.019312	0.0136289	0.0781911	0.00604114	0.0625926	0.0927451	0.171926	0.0785677	0.073485	0.0173234	0.00790417
128	0.117827	0.00134102	0.0131212	0.0111393	0.00614693	0.0483802	0.00652748	0.0115769	0.0365947	0.045793	0.0118626	0.0200724	0.0652511	0.0271513	0.0145306	0.358304	0.151398	0.0307913	0.0075628	0.0146285
129	0.0292696	0.000640272	0.000742052	0.000743895	0.0451891	0.00254036	0.00103191	0.305579	0.00510176	0.0918348	0.0283055	0.00310384	0.00692274	0.00370864	0.00358336	0.0139361	0.0260061	0.427145	0.00116333	0.00345233
130	0.0436354	0.0024643	0.328246	0.0780729	0.00530728	0.10688	0.0211254	0.0103125	0.032773	0.0155587	0.00573181	0.132274	0.0107288	0.0407266	0.019727	0.0790292	0.0393362	0.0180729	0.00255911	0.00743829
131	0.0451224	0.000736737	0.0231274	0.0104758	0.00279415	0.707394	0.0163863	0.00507095	0.0126763	0.00710801	0.00278711	0.0248084	0.00483088	0.0130902	0.0383279	0.0366579	0.0169416	0.0125466	0.0153195	0.003798
132	0.0252268	0.000618315	0.000651975	0.000790129	0.0399272	0.00209144	0.00124578	0.345704	0.00541921	0.0953017	0.0308952	0.00452165	0.00636555	0.00356874	0.00379553	0.0140952	0.0252274	0.390274	0.00141574	0.0028649
133	0.0146727	0.00164979	0.00178889	0.00253515	0.101075	0.00217734	0.00338593	0.229813	0.00142306	0.339347	0.0620582	0.00680756	0.0106717	0.00918911	0.00907646	0.0134627	0.00683765	0.161586	0.0108544	0.0115885
134	0.0931413	0.00149153	0.0347199	0.0223452	0.00427098	0.457103	0.0142785	0.00860832	0.0173988	0.0214684	0.00599872	0.0329514	0.0137603	0.0201637	0.0258693	0.120243	0.06777	0.0228391	0.00901691	0.00656162
135	0.0127977	0.0012682	0.00122862	0.00442094	0.255779	0.0019256	0.00189108	0.0986033	0.00294773	0.359349	0.0553806	0.00298152	0.0146169	0.0241122	0.00288565	0.022291	0.0158691	0.0800049	0.00857623	0.0330709
136	0.107815	0.00111664	0.0607878	0.029622	0.00207852	0.434723	0.00820974	0.00514139	0.017651	0.0201259	0.00434379	0.0448585	0.00697126	0.0212729	0.016361	0.133173	0.0525844	0.0199051	0.00697279	0.00628517
137	0.057601	0.000619359	0.0864441	0.141283	0.00360641	0.016458	0.0255241	0.00894697	0.128842	0.0225079	0.0111016	0.0619279	0.105928	0.119646	0.0924241	0.0571912	0.0364262	0.0149722	0.00059833	0.00795107
138	0.060632	0.000718947	0.00488528	0.0264569	0.0397289	0.00554855	0.00798787	0.0177012	0.0801087	0.196848	0.0860471	0.034807	0.0591461	0.0286591	0.0324908	0.120642	0.12374	0.0692097	0.000879157	0.00376299
139	0.0562226	0.00318169	0.00715505	0.00670118	0.00677898	0.0240844	0.0121766	0.0180286	0.0197985	0.0166904	0.00841539	0.028324	0.018869	0.0126911	0.0123802	0.374197	0.33494	0.025037	0.00403068	0.0102976
140	0.0283863	0.000541318	0.000481654	0.000533559	0.0427083	0.00202883	0.000649112	0.334792	0.00613966	0.0664475	0.0293295	0.00290501	0.00496059	0.00297688	0.00296362	0.0148302	0.0283568	0.428345	0.000285014	0.00233875
141	0.0151772	0.00157244	0.00191561	0.00253885	0.0561599	0.00224118	0.00489747	0.279489	0.00231187	0.277019	0.0507814	0.0108871	0.017042	0.00909802	0.011154	0.0170715	0.0101476	0.211753	0.0109423	0.00780006
142	0.094044	0.00261611	0.0496924	0.0330656	0.00943801	0.0416952	0.0426861	0.0252071	0.0530938	0.0204012	0.0143765	0.124067	0.0173095	0.03642	0.0454479	0.24118	0.0807839	0.0455913	0.00327723	0.0196073
143	0.0642773	0.00292539	0.0468507	0.0760339	0.018398	0.0404706	0.0290297	0.0223776	0.0581878	0.0590434	0.0167878	0.044504	0.117748	0.129395	0.050125	0.107205	0.0658983	0.0333833	0.00286997	0.014489
144	0.0149691	0.00164718	0.00127848	0.00203509	0.125584	0.00177608	0.00300824	0.198273	0.00142992	0.34586	0.0591931	0.00618448	0.0117737	0.0112618	0.00712702	0.0154026	0.00809582	0.155753	0.0133256	0.0160217
145	0.157775	0.00151265	0.0117357	0.00895695	0.00571509	0.0383329	0.0184428	0.012257	0.0238723	0.0246884	0.0077653	0.035934	0.0261796	0.0181762	0.0132408	0.380349	0.14605	0.036838	0.00725515	0.0249234
146	0.117605	0.00108411	0.0063801	0.00527589	0.0052166	0.0360061	0.00514606	0.0143347	0.0287716	0.0318633	0.00624178	0.0138745	0.0311354	0.0183863	0.0117118	0.440085	0.162568	0.036204	0.00758195	0.0205274
147	0.15332	0.00163265	0.00789238	0.0495444	0.00549707	0.0336177	0.0740059	0.0517324	0.0188309	0.0885931	0.0117565	0.0333195	0.0131351	0.214256	0.055044	0.065631	0.0924657	0.0214528	0.00202631	0.00624656
148	0.0850742	0.00193803	0.0115482	0.0106681	0.00943428	0.26984	0.0397217	0.0205305	0.0515167	0.0249386	0.0123355	0.0693857	0.0105126	0.037534	0.228723	0.040974	0.024836	0.0388259	0.00614313	0.00551979
149	0.0476475	0.0004517	0.0471795	0.0722695	0.0131161	0.0362737	0.0118852	0.0759553	0.0727642	0.0663338	0.0307661	0.078677	0.00920399	0.0173335	0.061899	0.109879	0.109854	0.133584	0.0019983	0.00292829
150	0.0605397	0.000982225	0.0303026	0.0541934	0.0066939	0.0141006	0.0289082	0.0228326	0.117677	0.0126174	0.013642	0.0885769	0.0396216	0.0760925	0.120641	0.165137	0.097874	0.0341275	0.00118111	0.0142585
151	0.0286395	0.00523225	0.00645813	0.00726252	0.00633242	0.0870585	0.0694326	0.0161973	0.128261	0.0151326	0.00869121	0.137957	0.0323289	0.0240024	0.330369	0.0331019	0.0237881	0.0270344	0.00176575	0.0109539
152	0.0285043	0.000522959	0.000558034	0.000546333	0.0418737	0.00212565	0.000713546	0.335776	0.0064731	0.0658729	0.0295948	0.00306283	0.00481847	0.00331138	0.00302008	0.0150878	0.028832	0.426708	0.000304055	0.0022934
153	0.019234	0.0016996	0.00323843	0.00480198	0.1731	0.00380548	0.00527309	0.176078	0.00555531	0.262448	0.0484891	0.00744809	0.0119686	0.0180939	0.00841666	0.0246499	0.0212708	0.16749	0.00674908	0.0301903
154	0.108589	0.00327236	0.00590208	0.00553909	0.00791723	0.0256654	0.00881912	0.0100726	0.0174002	0.0226976	0.00637392	0.0142659	0.0186081	0.0126908	0.0088542	0.57004	0.0988033	0.0236526	0.00510408	0.0257328
155	0.0449142	0.00292618	0.0109136	0.0183403	0.0380853	0.0334045	0.215127	0.0256931	0.0423725	0.112344	0.0259269	0.0244393	0.0215708	0.0655423	0.144876	0.0572288	0.0472324	0.0443723	0.00209532	0.0225957
156	0.00605478	0.826298	0.0130473	0.0030602	0.00247669	0.0252639	0.00365195	0.00374519	0.00510888	0.0160857	0.00301204	0.0045401	0.0135341	0.00451705	0.0040692	0.0389643	0.0174528	0.00575107	0.000883875	0.00248327
157	0.0140334	0.00170681	0.00199906	0.00376678	0.204576	0.00207523	0.0033012	0.108403	0.00325416	0.369564	0.0548543	0.00449131	0.0136048	0.0206427	0.00372278	0.0216712	0.0163221	0.0910545	0.00858963	0.0523668
158	0.0430593	0.000350391	0.133061	0.0984716	0.00696682	0.0835443	0.0195493	0.0274901	0.0752287	0.0128275	0.0105299	0.0986391	0.018849	0.0701019	0.0736763	0.113485	0.0574741	0.0395311	0.00488223	0.0122827
159	0.150396	0.00176335	0.0720429	0.0393648	0.0031706	0.15372	0.00432179	0.00654123	0.0226591	0.0308655	0.00689166	0.0634675	0.0125306	0.0275096	0.00921002	0.252402	0.104963	0.0286027	0.00255287	0.00702623
160	0.0476101	0.000436046	0.0679791	0.102134	0.0101175	0.0467373	0.00938193	0.0699339	0.0710703	0.0456686	0.0285668	0.0697353	0.00667047	0.0218305	0.0605576	0.120542	0.0959228	0.118454	0.00298098	0.00366993
161	0.0419144	0.00116558	0.0159328	0.0088002	0.0033841	0.716099	0.0180004	0.00565237	0.0110472	0.00785898	0.00337851	0.0190084	0.00582829	0.0117037	0.0394429	0.0324966	0.016781	0.0122466	0.0246508	0.00460841
162	0.0473013	0.00124006	0.0223582	0.0147216	0.00462491	0.594897	0.0198683	0.0110363	0.0233884	0.0127903	0.00524156	0.0281443	0.00747985	0.0183162	0.0627005	0.0607927	0.0265474	0.021455	0.0115558	0.00554
163	0.0441726	0.0165301	0.0244941	0.0140083	0.00299276	0.682471	0.0165586	0.00594144	0.0136988	0.00773175	0.00367341	0.0249372	0.00778295	0.0151341	0.0348213	0.0352865	0.0189366	0.0124938	0.0139523	0.00438219
164	0.0266655	0.000422004	0.000482582	0.000550543	0.0377919	0.00200743	0.000679388	0.354449	0.00622325	0.0693402	0.0283919	0.00355196	0.00492884	0.00294862	0.00282292	0.0143708	0.0278815	0.414003	0.000341314	0.00214765
165	0.011708	0.00119106	0.00124935	0.0051523	0.255815	0.00171495	0.00152978	0.0914142	0.00226362	0.357017	0.0593763	0.00230832	0.017171	0.0296355	0.00205444	0.0218902	0.0187602	0.0706592	0.00696807	0.0421212
166	0.293089	0.000826971	0.0055294	0.0197489	0.00539416	0.00654028	0.00483925	0.0627262	0.00891994	0.0407952	0.00761014	0.00920758	0.0127366	0.0068047	0.0078112	0.0709971	0.183309	0.248834	0.000818212	0.00346246
167	0.0147916	0.00174849	0.00155338	0.00211885	0.104597	0.0019681	0.0032535	0.233649	0.00171073	0.322314	0.0575455	0.00641293	0.0108262	0.0089232	0.00818341	0.0138818	0.00832418	0.176113	0.0102306	0.0118542
168	0.057829	0.00163453	0.0923757	0.037907	0.00433481	0.469215	0.0148365	0.00825326	0.0288671	0.0145492	0.00527435	0.0601236	0.00812479	0.0305551	0.0279486	0.0737029	0.0321099	0.0176934	0.00828376	0.00638203
169	0.0332627	0.000449236	0.105168	0.229752	0.00611993	0.0332474	0.0520223	0.00665842	0.085555	0.00780241	0.00483584	0.0731563	0.0555737	0.12224	0.0774913	0.0402514	0.0319393	0.021547	0.000660098	0.0122679
170	0.0239085	0.00053615	0.00114343	0.00131496	0.0385293	0.00218075	0.00209586	0.341668	0.00514145	0.126685	0.0332263	0.00780977	0.00817704	0.00437708	0.00529408	0.0153846	0.0240585	0.352443	0.0027441	0.00328205
171	0.05261	0.000932328	0.0414539	0.0566417	0.0373077	0.0325357	0.00679627	0.131714	0.0417032	0.145186	0.0815599	0.0250274	0.00470365	0.0246909	0.0491711	0.0452282	0.0517685	0.157821	0.000958118	0.0121911
172	0.0424017	0.000469013	0.100677	0.24244	0.00557489	0.0308719	0.0464803	0.00748491	0.0823619	0.00877603	0.00596262	0.0689409	0.0527571	0.112686	0.0751021	0.0464573	0.0324626	0.0269668	0.0010769	0.0100498
173	0.0294528	0.000531311	0.000825224	0.000933803	0.03971	0.00316113	0.000948469	0.298233	0.00546014	0.0859527	0.0258977	0.00329549	0.00769628	0.00329019	0.00368325	0.0145122	0.0247228	0.447508	0.000995104	0.00318973
174	0.0597964	0.00129093	0.0351638	0.0324288	0.0054141	0.0111356	0.0509961	0.0742873	0.0596751	0.0111328	0.0281568	0.221818	0.0079004	0.0332521	0.0108262	0.0836557	0.0155809	0.134206	0.00170028	0.121582
175	0.0165261	0.0016067	0.00660619	0.00680209	0.0113661	0.00940611	0.00822192	0.0130104	0.0115101	0.486353	0.324235	0.0118562	0.00627907	0.011283	0.0102507	0.0210337	0.0174721	0.0170699	0.00221531	0.00689679
176	0.0200146	0.00135876	0.00829533	0.13943	0.00570997	0.0134047	0.0157521	0.0111906	0.162582	0.122554	0.0496717	0.03945	0.0090367	0.197662	0.0569456	0.0280765	0.0646814	0.0451716	0.00159971	0.00741269
177	0.173575	0.00194389	0.0821282	0.0492662	0.00185476	0.145678	0.00253508	0.00349238	0.01996	0.0341305	0.00636665	0.062432	0.00889162	0.0283211	0.00377369	0.242223	0.0980734	0.0272768	0.0015849	0.0064931
178	0.0199181	0.000952771	0.00129813	0.00177273	0.0486464	0.00223368	0.00262548	0.31968	0.00372993	0.189864	0.0437282	0.00688296	0.0100123	0.00627259	0.00732269	0.0138595	0.016987	0.293674	0.00511285	0.00542707
179	0.190429	0.00155864	0.0836338	0.0481958	0.0012347	0.140482	0.00234973	0.00320662	0.0193018	0.0364769	0.00616004	0.0622214	0.0090473	0.0305749	0.00358072	0.23323	0.0883695	0.0305185	0.00184998	0.00757877
180	0.0257007	0.000695511	0.00132394	0.0016293	0.0507158	0.00248903	0.00189178	0.296351	0.0051181	0.13973	0.0345851	0.00504951	0.00845816	0.00556906	0.0054869	0.0146117	0.0219475	0.370646	0.00336192	0.00463842
181	0.170775	0.00199746	0.0949805	0.0432265	0.00271294	0.155702	0.00490695	0.00426218	0.0222539	0.030995	0.00560946	0.103759	0.00908884	0.0293434	0.0055238	0.20283	0.0761902	0.0267313	0.00166193	0.00744985
182	0.0372086	0.000439733	0.129491	0.0585811	0.0167799	0.171009	0.0270781	0.0171362	0.0508301	0.0143548	0.00817298	0.134447	0.00999755	0.0602141	0.0309197	0.124627	0.0643493	0.0254222	0.00416782	0.0147739
183	0.0778292	0.00245018	0.0470298	0.0435096	0.00826186	0.148366	0.0145143	0.0245792	0.0600281	0.0295097	0.0149927	0.0558602	0.0201094	0.0358623	0.0408815	0.191547	0.107102	0.0612764	0.00540474	0.0108853
184	0.301307	0.000863184	0.0032334	0.010784	0.00311164	0.00501303	0.00491261	0.0501649	0.0111268	0.029742	0.0102618	0.00608706	0.0294237	0.00582992	0.0068886	0.0548731	0.21716	0.24519	0.000907631	0.00311865
185	0.0264346	0.000822359	0.000662053	0.000794043	0.0495097	0.00200786	0.00103479	0.327575	0.00550231	0.0959808	0.0333426	0.00362047	0.00585523	0.0038956	0.00378305	0.0149759	0.0256983	0.393619	0.00157034	0.00331627
186	0.0279394	0.000573893	0.000472918	0.000530307	0.043142	0.00200803	0.00068013	0.336454	0.00607448	0.0695687	0.0300661	0.00301974	0.00498867	0.00304276	0.00305508	0.0148879	0.0279563	0.422676	0.000451093	0.00241261
187	0.0255337	0.000328609	0.47372	0.0883822	0.0030297	0.031038	0.0261217	0.00760767	0.0197501	0.0119822	0.00525846	0.157975	0.0135019	0.0296137	0.0121117	0.0500564	0.0269838	0.0111556	0.00128994	0.00455968
188	0.0468932	0.0349265	0.00876234	0.00773631	0.00883876	0.02798	0.0105727	0.0153684	0.0170961	0.0184506	0.00844851	0.0290454	0.0150876	0.0134833	0.010972	0.4146	0.275085	0.0218928	0.00351747	0.0112431
189	0.0433242	0.0101592	0.0230826	0.0118945	0.00316353	0.682789	0.0176599	0.00557962	0.0159951	0.00911197	0.00312151	0.0254838	0.00566311	0.0150744	0.0391091	0.0373928	0.0196623	0.013387	0.0137696	0.00457719
190	0.0371272	0.00229948	0.00761572	0.00872902	0.00681658	0.0103685	0.0141404	0.0427372	0.0169036	0.0160423	0.0110926	0.0380118	0.00729356	0.00923512	0.0105772	0.232911	0.482103	0.0397017	0.00147792	0.00481646
191	0.0668087	0.0020575	0.0080544	0.00482968	0.00511635	0.0356328	0.00858489	0.0151969	0.0188466	0.0178169	0.00892061	0.0239253	0.0257304	0.0128827	0.00924176	0.373391	0.322745	0.0241876	0.00551561	0.0105154
192	0.0238227	0.00148454	0.00512879	0.00822392	0.179386	0.00608764	0.00684689	0.0889516	0.0122371	0.336193	0.0547229	0.0108353	0.0184039	0.0267568	0.00930447	0.0615812	0.0331461	0.0789843	0.00670699	0.0311953
193	0.32503	0.000853548	0.00255591	0.0118424	0.00260768	0.00398504	0.00359927	0.0595444	0.00648482	0.0317432	0.00459234	0.00490138	0.0134164	0.00522773	0.00482816	0.058991	0.200169	0.255861	0.000852595	0.00291403
