202	20
1	0.224591	0.0397088	0.0165937	0.0562394	0.0112301	0.150279	0.0139458	0.0185969	0.0421446	0.0327353	0.0196562	0.0333529	0.00027129	0.0241289	0.0345744	0.15252	0.0459466	0.0536831	0.0203751	0.00942686
2	0.0236893	0.0271572	0.00391855	0.000756906	0.000662047	0.0314841	0.00241192	0.00726097	0.00279139	0.00128497	0.0026926	0.413096	0.00275893	0.00239905	0.0041456	0.171701	0.290907	0.00823392	0.000302695	0.00234591
3	0.292035	0.0236664	0.0245434	0.0385508	0.00971554	0.0523058	0.0174574	0.0230498	0.0451752	0.033776	0.0142287	0.0440476	0.000219098	0.0157771	0.0397124	0.201173	0.0704996	0.0426667	0.00692176	0.00447889
4	0.0134457	0.00169182	0.000847912	0.00319493	0.0262519	0.0021389	0.00128007	0.0937213	0.00116993	0.687322	0.0554412	0.00149609	0.00165142	0.00408916	0.00312307	0.00847641	0.0150557	0.0733268	0.0028052	0.00346998
5	0.0191891	0.000477445	0.000631793	0.00191746	0.00897198	0.00156601	0.000401705	0.301189	0.000381148	0.224657	0.0498057	0.000437164	0.000724388	0.00156467	0.00177642	0.0104185	0.0167855	0.357945	0.000185905	0.000973434
6	0.061403	0.0474486	0.00143776	0.00470064	0.0167899	0.00310423	0.00384285	0.0222792	0.00139994	0.0847266	0.0197461	0.00338824	0.00801134	0.00905543	0.00883145	0.452924	0.191251	0.0394603	0.00728096	0.0129177
7	0.00351735	0.0504809	0.000707554	0.00102625	0.0448709	0.00479568	0.00829367	0.0122718	0.000983603	0.0440784	0.0100552	0.00478493	0.000406408	0.00122688	0.00759019	0.0109744	0.00171545	0.00447982	0.696308	0.0914324
8	0.0201238	0.0231208	0.00400001	0.000586949	0.000505837	0.0321517	0.00239999	0.00731524	0.002116	0.000988364	0.00278479	0.434656	0.00186519	0.00239026	0.00431689	0.16029	0.289399	0.00837123	0.000201175	0.00241731
9	0.307709	0.02171	0.000441161	0.0098011	0.00705707	0.0255481	0.00324642	0.0353018	0.000545229	0.0325426	0.00374619	0.000974753	0.00081826	0.00267074	0.00291318	0.274777	0.175442	0.0897955	0.000198289	0.00476172
10	0.0153489	0.000590983	0.000328476	0.000478467	0.0102973	0.00364518	0.000528762	0.182068	0.000502576	0.219146	0.475676	0.00243742	0.000174962	0.000617464	0.000694901	0.00162239	0.00559317	0.0785305	0.000203207	0.00151472
11	0.0160393	0.000488425	0.000727581	0.000408427	0.00846782	0.000915833	0.000384674	0.57706	0.00036468	0.15472	0.0936457	0.000468012	0.000855335	0.000501617	0.000491607	0.00413888	0.0128696	0.126892	0.000169957	0.000390208
12	0.283487	0.0234297	0.0260101	0.0393499	0.00960953	0.0538891	0.0172018	0.0223361	0.0443659	0.0327169	0.0146689	0.0466671	0.000212762	0.0158132	0.0396859	0.204686	0.071012	0.0433786	0.00670712	0.00477267
13	0.364492	0.0398751	0.00101491	0.0266369	0.00226728	0.376685	0.00113508	0.0129172	0.00211574	0.00807501	0.0165835	0.00322531	0.000438239	0.00745506	0.00886875	0.0657968	0.0208405	0.039123	0.00111577	0.00133937
14	0.00642903	0.0457596	0.000477387	0.00068092	0.120356	0.000896282	0.0664096	0.00332344	0.000633689	0.0567408	0.00344669	0.0118023	0.000228506	0.00564378	0.00347331	0.0101244	0.00335816	0.0107009	0.00025006	0.649266
15	0.01105	0.0157162	0.00265577	0.00301587	0.0583083	0.00935257	0.605486	0.0167976	0.00655375	0.0520284	0.0130681	0.0341172	0.000624707	0.045416	0.0153764	0.0219529	0.00254558	0.0263165	0.00311582	0.0565025
16	0.2846	0.117041	0.0203755	0.0150774	0.00130673	0.222824	0.0016826	0.00379598	0.00625018	0.0181573	0.00674483	0.0227037	0.005153	0.0210769	0.0187592	0.192281	0.0258239	0.00825781	0.00108443	0.00700497
17	0.0285455	0.0442803	0.0126833	0.0132246	0.11036	0.00370775	0.127987	0.0464906	0.00283847	0.195875	0.0913351	0.0036271	0.000887874	0.0878362	0.0722425	0.0269376	0.004558	0.0694991	0.00157131	0.0555129
18	0.26232	0.0140606	0.00105935	0.00181881	0.00177004	0.00862997	0.0013659	0.172872	0.00173215	0.0871055	0.0390842	0.00191653	0.000764653	0.00209196	0.00224311	0.0602734	0.0495934	0.288792	0.000831634	0.00167515
19	0.0325656	0.00891159	0.00677256	0.0192063	0.0430432	0.0031261	0.00406064	0.211635	0.0114502	0.232933	0.0423148	0.00521907	0.00901687	0.0100699	0.0165663	0.024574	0.0585284	0.245867	0.00259401	0.0115457
20	0.176868	0.0746394	0.00456738	0.0735029	0.0175077	0.209875	0.00596797	0.0195248	0.0334471	0.0202898	0.0367226	0.0343427	0.000697318	0.0301226	0.0141226	0.116812	0.0145264	0.0777091	0.0263725	0.0123825
21	0.0202617	0.0234448	0.00397974	0.000582195	0.000514618	0.0321224	0.00236706	0.007307	0.00212879	0.00098811	0.00274642	0.432874	0.00187376	0.00236273	0.00430522	0.161363	0.28985	0.00833216	0.000205723	0.002391
22	0.478897	0.0103543	0.000421645	0.00590108	0.000406144	0.0814947	0.00111082	0.00603704	0.00354482	0.00896121	0.00797561	0.0092408	0.00495377	0.00437305	0.00799118	0.279659	0.0522167	0.034824	0.00131583	0.000321258
23	0.0130417	0.00117832	0.000709804	0.00265985	0.0214274	0.00220094	0.00119449	0.0909124	0.000733597	0.701807	0.0570566	0.00156926	0.00154966	0.00404786	0.00193055	0.00884107	0.01544	0.0682668	0.00252504	0.00290763
24	0.0191891	0.000477445	0.000631793	0.00191746	0.00897198	0.00156601	0.000401705	0.301189	0.000381148	0.224657	0.0498057	0.000437164	0.000724388	0.00156467	0.00177642	0.0104185	0.0167855	0.357945	0.000185905	0.000973434
25	0.0664374	0.00972046	0.179066	0.047878	0.00370795	0.0491916	0.03891	0.00469934	0.028171	0.0084329	0.00397468	0.157829	0.000324362	0.0141005	0.0236298	0.193016	0.133111	0.0226737	0.000340564	0.0147859
26	0.0734425	0.0184586	0.00118338	0.00149385	0.0411183	0.0155006	0.00125988	0.0134452	0.00145297	0.138963	0.562036	0.00177821	0.000466444	0.00188883	0.00188246	0.0190901	0.0488595	0.0450211	0.000627798	0.012032
27	0.00642903	0.0457596	0.000477387	0.00068092	0.120356	0.000896282	0.0664096	0.00332344	0.000633689	0.0567408	0.00344669	0.0118023	0.000228506	0.00564378	0.00347331	0.0101244	0.00335816	0.0107009	0.00025006	0.649266
28	0.33483	0.0464788	0.0021016	0.00586701	0.0194903	0.0952289	0.000630648	0.0306658	0.000604513	0.0258073	0.0355339	0.0210358	0.000375485	0.0027064	0.00763074	0.282893	0.028305	0.0566855	0.00037717	0.00275161
29	0.0274992	0.00401186	0.0369566	0.063561	0.00190344	0.012117	0.0060622	0.0125404	0.42855	0.0270295	0.0225149	0.0246863	0.000471311	0.0477486	0.20717	0.0235634	0.0280276	0.0237812	0.00049658	0.00130825
30	0.0477697	0.468679	0.00451131	0.011089	0.073633	0.0276512	0.0326707	0.0291743	0.0015603	0.0581225	0.0212928	0.0491879	0.000544909	0.0110791	0.00657037	0.0975893	0.028038	0.0202869	0.000723757	0.00982631
31	0.00351735	0.0504809	0.000707554	0.00102625	0.0448709	0.00479568	0.00829367	0.0122718	0.000983603	0.0440784	0.0100552	0.00478493	0.000406408	0.00122688	0.00759019	0.0109744	0.00171545	0.00447982	0.696308	0.0914324
32	0.0201361	0.0231656	0.0039787	0.000582352	0.000511755	0.0320973	0.00238955	0.00731959	0.00212304	0.000982145	0.00278642	0.43443	0.00187292	0.00238387	0.00431694	0.160424	0.289526	0.00836442	0.000199219	0.00240973
33	0.307709	0.02171	0.000441161	0.0098011	0.00705707	0.0255481	0.00324642	0.0353018	0.000545229	0.0325426	0.00374619	0.000974753	0.00081826	0.00267074	0.00291318	0.274777	0.175442	0.0897955	0.000198289	0.00476172
34	0.0153489	0.000590983	0.000328476	0.000478467	0.0102973	0.00364518	0.000528762	0.182068	0.000502576	0.219146	0.475676	0.00243742	0.000174962	0.000617464	0.000694901	0.00162239	0.00559317	0.0785305	0.000203207	0.00151472
35	0.0162519	0.000432852	0.000672393	0.000736011	0.00884451	0.00104401	0.000369246	0.520412	0.000346519	0.171316	0.0819287	0.000435589	0.000714285	0.0007608	0.000752727	0.00511762	0.0128352	0.176296	0.000155451	0.000578495
36	0.194507	0.00782873	0.0218542	0.0101983	0.00713157	0.0779094	0.00169945	0.00372139	0.0100647	0.0296443	0.0197676	0.022833	0.000568613	0.00660111	0.0066999	0.342633	0.164822	0.0678629	0.00051985	0.00313347
37	0.0209074	0.0247613	0.00410879	0.000606642	0.000519747	0.0320565	0.00231284	0.00738732	0.00228443	0.00103539	0.00268033	0.426063	0.00202454	0.0023167	0.00423361	0.165047	0.290712	0.00839342	0.000202858	0.00234602
38	0.485885	0.0105526	0.000457272	0.00557191	0.000427803	0.076177	0.00105862	0.00560094	0.00354287	0.00903817	0.00745951	0.00949827	0.00460457	0.00402024	0.0074892	0.278998	0.0535116	0.0342655	0.00149937	0.000341271
39	0.0189828	0.00160135	0.00102834	0.00252412	0.0197508	0.0021577	0.00171941	0.116399	0.000900495	0.554905	0.150069	0.00309495	0.00210916	0.00668528	0.00261789	0.0155766	0.0184294	0.075245	0.00252723	0.00367582
40	0.0191891	0.000477445	0.000631793	0.00191746	0.00897198	0.00156601	0.000401705	0.301189	0.000381148	0.224657	0.0498057	0.000437164	0.000724388	0.00156467	0.00177642	0.0104185	0.0167855	0.357945	0.000185905	0.000973434
41	0.0724439	0.0117089	0.185283	0.0506881	0.00480393	0.0471163	0.0375053	0.00485698	0.0267971	0.00790131	0.00346409	0.145574	0.000404454	0.0116628	0.0214751	0.181678	0.152755	0.0191677	0.000463235	0.014251
42	0.0738104	0.0174518	0.0011076	0.00145315	0.0398744	0.0153972	0.00124055	0.0133263	0.00136868	0.140397	0.563198	0.00169164	0.000473542	0.00194451	0.00197438	0.0189829	0.0498111	0.0435685	0.00057702	0.0123514
43	0.00642903	0.0457596	0.000477387	0.00068092	0.120356	0.000896282	0.0664096	0.00332344	0.000633689	0.0567408	0.00344669	0.0118023	0.000228506	0.00564378	0.00347331	0.0101244	0.00335816	0.0107009	0.00025006	0.649266
44	0.334922	0.0462812	0.00208151	0.00585318	0.0193414	0.0958303	0.000641839	0.0304027	0.00062103	0.0254331	0.0352707	0.0210691	0.000384157	0.00268182	0.00767965	0.283547	0.028187	0.05665	0.000408816	0.00271396
45	0.0117527	0.00677978	0.0258785	0.0482124	0.00274211	0.0131537	0.011728	0.00393235	0.420493	0.0303351	0.028626	0.0483915	0.000385759	0.0574403	0.245503	0.0196411	0.0178155	0.00519225	0.000330981	0.00166498
46	0.0340592	0.507709	0.007074	0.0109478	0.0677136	0.0239766	0.0503299	0.0318873	0.00126149	0.0501388	0.019997	0.0481336	0.000515959	0.0107422	0.00830325	0.0725833	0.024551	0.0151326	0.000546176	0.0143967
47	0.0442327	0.0024514	0.0121335	0.0346429	0.0171678	0.00587802	0.00434075	0.188688	0.0116499	0.176824	0.0378086	0.00887607	0.00830796	0.0136765	0.0158315	0.0421217	0.075226	0.291579	0.00089722	0.00766675
48	0.0461404	0.00589129	0.00362541	0.00551112	0.0226769	0.013291	0.00389041	0.321204	0.000784455	0.0211433	0.0216148	0.000954795	0.012109	0.00591389	0.00618976	0.0202722	0.0371837	0.437115	0.000398273	0.0140901
49	0.133528	0.0384825	0.000743428	0.00553725	0.00537452	0.00704925	0.00468003	0.0355219	0.000744268	0.0524434	0.013869	0.000956038	0.00898972	0.0031554	0.00308129	0.449857	0.177915	0.0518415	0.00174106	0.00448929
50	0.00351735	0.0504809	0.000707554	0.00102625	0.0448709	0.00479568	0.00829367	0.0122718	0.000983603	0.0440784	0.0100552	0.00478493	0.000406408	0.00122688	0.00759019	0.0109744	0.00171545	0.00447982	0.696308	0.0914324
51	0.020116	0.0231439	0.00398012	0.00058321	0.000505834	0.0321167	0.00239008	0.00731413	0.00211798	0.00098222	0.00278544	0.434505	0.00186317	0.00238565	0.00431854	0.160366	0.28955	0.00836316	0.000198898	0.00241383
52	0.308079	0.0216949	0.000441198	0.00977121	0.00709513	0.0254471	0.00323205	0.0353337	0.00054534	0.0323828	0.00372174	0.000975152	0.000815728	0.0026985	0.00288292	0.274883	0.175329	0.0897478	0.000199278	0.00472432
53	0.0153489	0.000590983	0.000328476	0.000478467	0.0102973	0.00364518	0.000528762	0.182068	0.000502576	0.219146	0.475676	0.00243742	0.000174962	0.000617464	0.000694901	0.00162239	0.00559317	0.0785305	0.000203207	0.00151472
54	0.623263	0.0219494	0.00270488	0.000917665	0.00342563	0.0653866	0.00062163	0.0068148	0.00064341	0.00915734	0.00359284	0.0042875	0.000369352	0.000889457	0.00137798	0.137245	0.0289612	0.0875622	0.00028934	0.000541357
55	0.0192756	0.00408288	0.00126789	0.00462368	0.0733868	0.00272411	0.00337962	0.129761	0.00331178	0.520901	0.0577087	0.00136478	0.003955	0.00749804	0.01149	0.0112295	0.0300294	0.10023	0.00325607	0.0105233
56	0.0477873	0.00421905	0.118597	0.279081	0.00228829	0.0219777	0.0274016	0.0135658	0.120624	0.0258253	0.00865672	0.0574851	0.000184963	0.0739499	0.0904919	0.0581822	0.0183351	0.0230356	0.00423111	0.00408066
57	0.0284842	0.00757067	0.00291046	0.00874865	0.0604465	0.00207985	0.00619763	0.166575	0.00791955	0.393586	0.0493384	0.00240946	0.00486024	0.00931391	0.0131102	0.0174432	0.0518144	0.15084	0.00220746	0.0141438
58	0.00309582	0.00167288	0.00100271	0.00150696	0.655172	0.00185934	0.0012144	0.0116351	0.00145408	0.122884	0.0334492	0.00158186	0.000568819	0.00149207	0.00181735	0.0035833	0.00814007	0.0131293	0.000597627	0.134143
59	0.0203051	0.023521	0.00400027	0.000580127	0.000506361	0.0320532	0.00236105	0.00735165	0.00214528	0.000989592	0.00274107	0.432181	0.00188898	0.0023645	0.00432522	0.16213	0.289573	0.00839739	0.000195779	0.00238972
60	0.466789	0.0103135	0.00121797	0.00603491	0.000671156	0.0821485	0.00108997	0.00695898	0.00381255	0.0095146	0.00886884	0.00997532	0.0047457	0.00474396	0.0080664	0.281192	0.055658	0.0366574	0.00122099	0.000320987
61	0.0128269	0.00127978	0.00072658	0.00272928	0.0229683	0.00223424	0.00117122	0.0923773	0.00094615	0.699883	0.0560252	0.00143744	0.00146546	0.00377669	0.00241631	0.0081174	0.0146005	0.0695707	0.00250404	0.00294383
62	0.0160983	0.000465505	0.000722167	0.000596953	0.00887721	0.000939848	0.000367229	0.546997	0.000349213	0.158629	0.0908834	0.000448009	0.000879039	0.000485304	0.000495353	0.00490445	0.0136183	0.153702	0.000166774	0.000374505
63	0.0664374	0.00972046	0.179066	0.047878	0.00370795	0.0491916	0.03891	0.00469934	0.028171	0.0084329	0.00397468	0.157829	0.000324362	0.0141005	0.0236298	0.193016	0.133111	0.0226737	0.000340564	0.0147859
64	0.020116	0.0231439	0.00398012	0.00058321	0.000505834	0.0321167	0.00239008	0.00731413	0.00211798	0.00098222	0.00278544	0.434505	0.00186317	0.00238565	0.00431854	0.160366	0.28955	0.00836316	0.000198898	0.00241383
65	0.307825	0.0215901	0.000506972	0.0097893	0.00705656	0.0257638	0.00322695	0.0351864	0.000560562	0.0324816	0.00376048	0.00102014	0.00080598	0.00267348	0.0029064	0.274693	0.175328	0.0899154	0.00019838	0.00471167
66	0.0153489	0.000590983	0.000328476	0.000478467	0.0102973	0.00364518	0.000528762	0.182068	0.000502576	0.219146	0.475676	0.00243742	0.000174962	0.000617464	0.000694901	0.00162239	0.00559317	0.0785305	0.000203207	0.00151472
67	0.0158165	0.000482855	0.000723501	0.000408767	0.00847075	0.000916741	0.00037074	0.57892	0.000348627	0.154037	0.0927657	0.000473443	0.000855473	0.000509801	0.000478474	0.00409916	0.0127856	0.126988	0.000169932	0.000378956
68	0.190666	0.00754121	0.0219973	0.0103079	0.00755627	0.076711	0.00180942	0.00347548	0.0102671	0.0301098	0.0197923	0.0231352	0.000528478	0.00662346	0.00654784	0.342459	0.168016	0.0685932	0.000510061	0.0033521
69	0.371049	0.050857	0.00319664	0.0172581	0.00153551	0.352585	0.000878964	0.0125701	0.00160282	0.00779373	0.0104944	0.00454558	0.000919011	0.0073649	0.00976477	0.0847297	0.0277375	0.0328159	0.000559848	0.00174173
70	0.632204	0.0211934	0.00278008	0.000705639	0.00370743	0.0651289	0.000570403	0.00669829	0.000552906	0.00937494	0.00358713	0.0042985	0.000239759	0.000750191	0.00110935	0.131086	0.025485	0.0897935	0.000232556	0.000502209
71	0.167033	0.400444	0.00130784	0.00330267	0.015738	0.0280026	0.00278367	0.0235361	0.00145584	0.0254414	0.0116333	0.0132622	0.000576851	0.00242065	0.00786	0.190997	0.0383523	0.0492353	0.00175481	0.0148628
72	0.388027	0.0191539	0.000629145	0.0038145	0.000862797	0.110791	0.0104123	0.0106723	0.00659496	0.00623253	0.00581348	0.0154881	0.00307605	0.00979206	0.0129413	0.31291	0.0497172	0.0263282	0.00593447	0.000808977
73	0.0436051	0.0237222	0.0936199	0.0601401	0.00682191	0.0447707	0.0416574	0.00552114	0.0405823	0.0100362	0.0196268	0.192148	0.000451652	0.0289644	0.0448338	0.233981	0.0605084	0.036692	0.000365197	0.0119516
74	0.0252576	0.00255432	0.00212958	0.00344372	0.0199404	0.00128989	0.00361099	0.0908138	0.000845001	0.61463	0.0763884	0.0057997	0.0049468	0.0125672	0.00326737	0.0291889	0.0313963	0.0630318	0.00454712	0.00435161
75	0.46471	0.012303	0.000688661	0.00660152	0.00103004	0.0875799	0.00103863	0.0072869	0.00320412	0.0101008	0.0101256	0.0107266	0.00470013	0.00456323	0.00849662	0.277192	0.0504204	0.0377543	0.00111938	0.000358167
76	0.364452	0.0420286	0.0018206	0.00918464	0.00254627	0.330503	0.00124336	0.0115266	0.00128181	0.00876613	0.00755804	0.00320398	0.000378798	0.00388597	0.00417616	0.103146	0.0280723	0.0736328	0.00152304	0.00107002
77	0.011686	0.00672583	0.0257582	0.0482002	0.00276116	0.0130573	0.0114142	0.00387864	0.4202	0.0307232	0.0292276	0.0484874	0.000371767	0.0574897	0.245817	0.0194595	0.0177143	0.00505406	0.000323673	0.00165023
78	0.121359	0.0558071	0.00378742	0.155757	0.00517688	0.0271835	0.0364291	0.041308	0.0214882	0.0266269	0.0238459	0.00641054	0.00153359	0.223876	0.0579945	0.11189	0.00735128	0.0268211	0.0410717	0.00428256
79	0.0194988	0.000585839	0.00057428	0.0017298	0.0108754	0.00145837	0.000382607	0.334515	0.000393435	0.215002	0.0545957	0.000438516	0.000725722	0.00145511	0.00173527	0.00902864	0.0151574	0.33063	0.000195987	0.0010225
80	0.00981108	0.0134909	0.00191167	0.00236035	0.0500888	0.0104795	0.646007	0.0146744	0.00717638	0.0360561	0.00670888	0.0405091	0.00067586	0.0402061	0.0111952	0.0223235	0.00248198	0.0209639	0.00333761	0.0595422
81	0.284534	0.117111	0.0203412	0.0150578	0.00130806	0.222851	0.00168262	0.00379649	0.00623756	0.0181417	0.00673871	0.0226875	0.00514413	0.0210827	0.0187759	0.192327	0.0258254	0.00826917	0.00108302	0.00700527
82	0.261528	0.0300519	0.0219309	0.0476251	0.00969027	0.102271	0.0142105	0.0208544	0.0431256	0.031688	0.0170011	0.0408088	0.000170433	0.0178493	0.0350065	0.179027	0.0626	0.0472911	0.0114775	0.00579314
83	0.0223712	0.0265819	0.00397405	0.000648108	0.000603308	0.0315966	0.00227567	0.00722524	0.00258691	0.00111959	0.00264828	0.417348	0.00231516	0.0023065	0.00417833	0.170587	0.29094	0.00819076	0.00020921	0.00229483
84	0.507517	0.0129307	0.000696547	0.00437988	0.000741653	0.0768669	0.000973758	0.0056588	0.00305806	0.00846307	0.00641106	0.00832851	0.00366183	0.00349049	0.00614809	0.257189	0.0494195	0.0425011	0.00122338	0.00034098
85	0.0224238	0.00340998	0.00173542	0.0045819	0.0418683	0.00178961	0.00358884	0.115969	0.00259647	0.56174	0.062605	0.00291557	0.00450495	0.00955066	0.00649891	0.0178851	0.034607	0.0906916	0.00314796	0.00789002
86	0.0160679	0.000465778	0.000716863	0.000611462	0.00885809	0.00094784	0.000370047	0.54456	0.000346102	0.159084	0.0905328	0.000444432	0.000875911	0.000485752	0.000498867	0.00501756	0.0135967	0.155975	0.000167112	0.000377628
87	0.0750807	0.010452	0.199714	0.0480653	0.00657095	0.046855	0.0384626	0.00503215	0.0236312	0.00815003	0.00339018	0.136593	0.000576982	0.0103533	0.0192631	0.173521	0.16086	0.0176994	0.000496231	0.0152338
88	0.0754064	0.0168237	0.00121014	0.00177146	0.0380431	0.0148985	0.00136986	0.0128865	0.00152094	0.141303	0.557672	0.0019183	0.000639361	0.00207005	0.00208599	0.0199788	0.0542924	0.0432185	0.000658428	0.0122328
89	0.00642606	0.045725	0.00047952	0.000680604	0.120062	0.000940552	0.066579	0.00333586	0.000722486	0.0565441	0.00344414	0.0118374	0.000227154	0.00564522	0.00350064	0.0101901	0.00335571	0.0108107	0.000255385	0.649239
90	0.43191	0.0178139	0.000863491	0.00617505	0.00353472	0.0936079	0.00120312	0.011362	0.00258613	0.0119864	0.0134422	0.0149076	0.00342643	0.00413615	0.00837863	0.285848	0.0447227	0.0423309	0.00116607	0.000599247
91	0.0116246	0.0090634	0.0221315	0.0441135	0.00287133	0.0163349	0.0187902	0.0045964	0.406735	0.027864	0.0263445	0.0518024	0.000580474	0.0557552	0.252774	0.0218312	0.0164522	0.00640706	0.000930716	0.00299719
92	0.0988928	0.445055	0.00116546	0.00167689	0.00390287	0.0628822	0.0145602	0.0111977	0.00470184	0.00884966	0.0029455	0.015873	0.000621878	0.00730435	0.0188398	0.231901	0.0303034	0.0138566	0.01005	0.0154194
93	0.0401429	0.0107958	0.0140787	0.0245675	0.00131451	0.773624	0.001173	0.00208182	0.0334423	0.00218773	0.0061176	0.018895	0.000473249	0.00637767	0.0285173	0.0296506	0.00199196	0.00280947	0.000627606	0.0011316
94	0.0382696	0.0460659	0.100261	0.0525922	0.01707	0.0227052	0.0276236	0.0106207	0.0525719	0.0186496	0.0359142	0.1876	0.000798809	0.0362936	0.0760057	0.192414	0.0301225	0.0413506	0.000753126	0.0123173
95	0.0169218	0.0229919	0.00763541	0.00207427	0.0041634	0.0205656	0.0411071	0.0077472	0.24825	0.0241763	0.0110126	0.00674972	0.0193319	0.0404758	0.454342	0.0311801	0.0106011	0.0232588	0.00570879	0.00170652
96	0.00282351	0.00153392	0.351971	0.026555	0.00134182	0.0264145	0.00853684	0.00185813	0.00955571	0.00252938	0.00180717	0.419388	0.00968123	0.00413237	0.0116001	0.0777973	0.0356125	0.00260814	0.000560501	0.00369289
97	0.0440255	0.0024646	0.0121371	0.0342514	0.0175236	0.00571904	0.00429764	0.18877	0.0118023	0.176996	0.0381112	0.00878183	0.00840696	0.0136436	0.0156301	0.0418799	0.0758052	0.291031	0.000920892	0.00780235
98	0.0464694	0.00606908	0.00409033	0.00522521	0.0237767	0.0136985	0.00363965	0.322933	0.000856691	0.0239355	0.0208933	0.00101743	0.0136818	0.00620243	0.00634731	0.0208942	0.0379264	0.426805	0.000387465	0.0151506
99	0.0883255	0.0485088	0.000939092	0.005757	0.00743257	0.00196792	0.00392941	0.0285754	0.00110286	0.0699748	0.0182758	0.00139163	0.0121527	0.00456611	0.00444591	0.475252	0.179014	0.0384061	0.00365179	0.00633126
100	0.00351735	0.0504809	0.000707554	0.00102625	0.0448709	0.00479568	0.00829367	0.0122718	0.000983603	0.0440784	0.0100552	0.00478493	0.000406408	0.00122688	0.00759019	0.0109744	0.00171545	0.00447982	0.696308	0.0914324
101	0.020116	0.0231439	0.00398012	0.00058321	0.000505834	0.0321167	0.00239008	0.00731413	0.00211798	0.00098222	0.00278544	0.434505	0.00186317	0.00238565	0.00431854	0.160366	0.28955	0.00836316	0.000198898	0.00241383
102	0.308079	0.0216949	0.000441198	0.00977121	0.00709513	0.0254471	0.00323205	0.0353337	0.00054534	0.0323828	0.00372174	0.000975152	0.000815728	0.0026985	0.00288292	0.274883	0.175329	0.0897478	0.000199278	0.00472432
103	0.0153489	0.000590983	0.000328476	0.000478467	0.0102973	0.00364518	0.000528762	0.182068	0.000502576	0.219146	0.475676	0.00243742	0.000174962	0.000617464	0.000694901	0.00162239	0.00559317	0.0785305	0.000203207	0.00151472
104	0.0158165	0.000482855	0.000723501	0.000408767	0.00847075	0.000916741	0.00037074	0.57892	0.000348627	0.154037	0.0927657	0.000473443	0.000855473	0.000509801	0.000478474	0.00409916	0.0127856	0.126988	0.000169932	0.000378956
105	0.159948	0.0209338	0.01075	0.00344025	0.0298269	0.0357541	0.0215909	0.0180037	0.00332107	0.0211776	0.0434925	0.0426634	0.00207089	0.0126346	0.00705843	0.3087	0.161175	0.050701	0.00538473	0.0413732
106	0.455953	0.0310928	0.00168371	0.00866534	0.0015511	0.271904	0.0006296	0.00823889	0.000639149	0.00672605	0.00652892	0.00301012	0.000291149	0.00312563	0.0038613	0.106114	0.0264047	0.0626699	0.000292396	0.000617883
107	0.00644617	0.0457352	0.000473957	0.000693767	0.120382	0.000920276	0.0663574	0.0033165	0.000634806	0.0568139	0.00345824	0.0118136	0.000228634	0.00563584	0.0034804	0.010136	0.00336598	0.0107096	0.000240416	0.649157
108	0.473713	0.0117069	0.00056359	0.00584721	0.000867204	0.0852145	0.00106688	0.00677286	0.0031942	0.0099084	0.00884179	0.00999651	0.00449303	0.00423787	0.00806904	0.276422	0.0500438	0.0374881	0.00120391	0.000349112
109	0.0245565	0.00765325	0.00413535	0.00640722	0.00904841	0.00513022	0.0965169	0.048615	0.0969043	0.129122	0.11913	0.0332438	0.00131349	0.080811	0.0730098	0.0655445	0.0377587	0.0875057	0.00629457	0.067299
110	0.00982079	0.0183938	0.00137269	0.00166405	0.0443295	0.0119915	0.630481	0.01042	0.0077337	0.0194151	0.00238291	0.0710895	0.000783961	0.0297061	0.00848563	0.0262428	0.00296181	0.0135157	0.00374823	0.0854616
111	0.0413608	0.0111202	0.0139891	0.024391	0.00133513	0.773703	0.00111302	0.00206254	0.0329534	0.00214985	0.00605596	0.0186343	0.000469024	0.00637722	0.0281067	0.0294576	0.00202183	0.00297701	0.000599093	0.00112337
112	0.0027951	0.0507092	0.0310276	0.0517491	0.0556564	0.00564161	0.121499	0.00636713	0.0649868	0.155928	0.0200368	0.0441926	0.000438665	0.13725	0.165608	0.00734277	0.00200226	0.00685979	0.00048808	0.0694213
113	0.633757	0.0213833	0.00286473	0.000624937	0.00371138	0.0650568	0.000582298	0.00666354	0.000536585	0.00923481	0.00351549	0.00411189	0.00020728	0.000727264	0.00105403	0.129598	0.0254955	0.0901202	0.000241578	0.000513581
114	0.0222891	0.0106074	0.00374368	0.00697398	0.0562919	0.00182865	0.00366651	0.178107	0.0106078	0.475778	0.0342286	0.00101139	0.00215755	0.00498123	0.0229229	0.00807521	0.0218669	0.126076	0.00176424	0.00702281
115	0.0477873	0.00421905	0.118597	0.279081	0.00228829	0.0219777	0.0274016	0.0135658	0.120624	0.0258253	0.00865672	0.0574851	0.000184963	0.0739499	0.0904919	0.0581822	0.0183351	0.0230356	0.00423111	0.00408066
116	0.0249613	0.00325841	0.00141345	0.00322978	0.0368613	0.00166893	0.00509527	0.115963	0.0022335	0.561807	0.0640028	0.0031814	0.00380962	0.0105141	0.00485857	0.0217145	0.0410465	0.0824883	0.00322056	0.00867194
117	0.00310209	0.00196182	0.0010017	0.00149104	0.653898	0.00182603	0.00166092	0.0115305	0.0014365	0.121966	0.0330626	0.00160177	0.000560887	0.00152559	0.00181491	0.00363867	0.00804277	0.0130802	0.000583712	0.136214
118	0.0477839	0.0042669	0.118702	0.278994	0.00228422	0.0219864	0.0274851	0.0135167	0.120461	0.0257712	0.00863932	0.0575315	0.000184968	0.0740134	0.0905759	0.0581463	0.0182672	0.0230334	0.00425887	0.00409776
119	0.159878	0.0100027	0.00568671	0.00902613	0.00777083	0.0131311	0.00692772	0.0502977	0.0133766	0.130947	0.0114935	0.00867334	0.28637	0.033932	0.0251628	0.0629168	0.0329133	0.0953328	0.00279767	0.0333629
120	0.00282351	0.00153392	0.351971	0.026555	0.00134182	0.0264145	0.00853684	0.00185813	0.00955571	0.00252938	0.00180717	0.419388	0.00968123	0.00413237	0.0116001	0.0777973	0.0356125	0.00260814	0.000560501	0.00369289
121	0.0416705	0.00347254	0.121911	0.135633	0.0144266	0.14812	0.0936319	0.0153901	0.0354179	0.00529834	0.00402086	0.033463	0.0429463	0.100315	0.0323808	0.0823539	0.0263625	0.00542819	0.0119522	0.0458049
122	0.046415	0.00592151	0.00384977	0.00517034	0.0234689	0.0137599	0.00365975	0.324261	0.000757813	0.0236624	0.0209613	0.000951889	0.0130497	0.00603627	0.0063817	0.0209061	0.0373149	0.428224	0.000364503	0.0148833
123	0.121555	0.0318925	0.00122518	0.00498661	0.00544243	0.00941274	0.00391331	0.0303804	0.00153629	0.0340827	0.00981923	0.00231935	0.00534678	0.00335139	0.00352588	0.334672	0.349255	0.0411885	0.00150275	0.00459201
124	0.0031284	0.00165534	0.000995205	0.00150652	0.654696	0.0018564	0.00121395	0.0116501	0.00153597	0.122953	0.0335748	0.0015511	0.000568818	0.00148904	0.00181738	0.00361103	0.00812515	0.0132123	0.000597568	0.134261
125	0.0232334	0.000829669	0.00186045	0.00408983	0.00857823	0.00228909	0.000767444	0.270656	0.00138913	0.223725	0.0443225	0.00122372	0.00205694	0.00273637	0.00300412	0.0142535	0.0301169	0.36283	0.000342296	0.00169457
126	0.357906	0.0328272	0.00214677	0.00896485	0.0100696	0.102993	0.00110636	0.0232067	0.00186703	0.0199131	0.0232364	0.0259576	0.00126952	0.00357262	0.00761734	0.285922	0.0369159	0.0523211	0.000793616	0.00139395
127	0.0225688	0.000638462	0.000699075	0.00169536	0.00800489	0.00167484	0.000488974	0.259349	0.000496123	0.223507	0.0412036	0.000560324	0.000733562	0.0025578	0.00277935	0.00903223	0.0181519	0.404567	0.000201666	0.00109031
128	0.0156138	0.00536156	0.00162474	0.00448685	0.0458144	0.00201391	0.00203617	0.140017	0.00474723	0.591301	0.0415516	0.000874446	0.00170096	0.00360686	0.00938505	0.00624016	0.0167104	0.0977869	0.00208189	0.00704518
129	0.128629	0.0228952	0.00556108	0.00210467	0.0478204	0.0237965	0.0332884	0.0270378	0.00188793	0.0138334	0.034723	0.0354246	0.00246078	0.0147451	0.0113064	0.316357	0.167215	0.0350288	0.0104422	0.0654432
130	0.608711	0.0195852	0.00238175	0.00146108	0.00348927	0.0699877	0.000597818	0.0070351	0.000827611	0.00944201	0.00477359	0.00531208	0.000696662	0.00117038	0.00201063	0.151289	0.0276533	0.0827145	0.000358778	0.000502369
131	0.0380154	0.600167	0.00327555	0.00458387	0.0215442	0.0107744	0.0170006	0.0118956	0.00352739	0.0208471	0.00698298	0.0117555	0.00203314	0.0063095	0.0131339	0.0829865	0.0152153	0.0145549	0.00514017	0.110257
132	0.34742	0.030772	0.00608517	0.0123899	0.011837	0.0920772	0.00260757	0.0267502	0.00674206	0.0254418	0.0274978	0.0260997	0.000911352	0.00554185	0.0112665	0.268942	0.0390474	0.0554446	0.00125756	0.00186826
133	0.0388219	0.0106928	0.0144823	0.0250967	0.0013238	0.772699	0.00115062	0.00209862	0.0342594	0.00219684	0.0063063	0.0192474	0.000481241	0.00633787	0.0287882	0.0294643	0.00199944	0.00280836	0.000601238	0.00114364
134	0.00505612	0.0027816	0.0102917	0.00240211	0.0847055	0.0120691	0.0100886	0.00453519	0.042386	0.647163	0.0871887	0.0025301	0.000856281	0.0139707	0.0112255	0.03828	0.00401985	0.00417901	0.000841796	0.0154287
135	0.022907	0.00107853	0.000808077	0.00194573	0.00952256	0.00169201	0.000603689	0.254888	0.000847846	0.222869	0.0399972	0.000620981	0.000815856	0.00301183	0.00372185	0.00877949	0.0182714	0.405949	0.000269142	0.00140117
136	0.0378571	0.00102972	0.23898	0.427879	0.000948358	0.0239782	0.000754833	0.00798579	0.109281	0.00185896	0.00746581	0.039313	0.00359078	0.0300331	0.00819776	0.0349426	0.013563	0.0111665	0.000324696	0.0008497
137	0.0363408	0.00235765	0.0669421	0.395687	0.00165525	0.00831925	0.0165897	0.0217806	0.147964	0.0201242	0.0121626	0.0193808	0.00043137	0.0925998	0.0805735	0.0285024	0.0197259	0.0252177	0.00161064	0.00203466
138	0.339971	0.0358722	0.00179092	0.0195952	0.00117248	0.452383	0.00100757	0.00864686	0.00233711	0.00579677	0.0098565	0.0023481	0.000555535	0.0080739	0.00786108	0.053553	0.0172052	0.0302192	0.000501855	0.00125194
139	0.0149179	0.0319648	0.0127862	0.0240367	0.0500912	0.00138628	0.0305735	0.0630798	0.150031	0.164296	0.0402456	0.00602838	0.000338616	0.0245502	0.179982	0.0197238	0.0215768	0.0741787	0.0533275	0.036885
140	0.0378571	0.00102972	0.23898	0.427879	0.000948358	0.0239782	0.000754833	0.00798579	0.109281	0.00185896	0.00746581	0.039313	0.00359078	0.0300331	0.00819776	0.0349426	0.013563	0.0111665	0.000324696	0.0008497
141	0.00989925	0.0118651	0.00138078	0.00168579	0.0406449	0.0118593	0.662132	0.0142786	0.00863409	0.0258432	0.00248524	0.0518765	0.000696022	0.0359061	0.0087456	0.0239757	0.00310243	0.0166269	0.00359253	0.0647702
142	0.00642903	0.0457596	0.000477387	0.00068092	0.120356	0.000896282	0.0664096	0.00332344	0.000633689	0.0567408	0.00344669	0.0118023	0.000228506	0.00564378	0.00347331	0.0101244	0.00335816	0.0107009	0.00025006	0.649266
143	0.486849	0.0229398	0.00168947	0.0039755	0.002224	0.0864689	0.000870331	0.0104523	0.00155423	0.0120377	0.00663303	0.00943235	0.00157737	0.00232822	0.00404263	0.217751	0.0569935	0.0708482	0.000566185	0.000766103
144	0.128644	0.486405	0.00756752	0.00910101	0.00985457	0.0468161	0.00822575	0.0106682	0.00692406	0.0231113	0.00619085	0.0215091	0.00164339	0.0083464	0.024713	0.13163	0.0271035	0.016761	0.00385694	0.0209291
145	0.018984	0.00081604	0.000739649	0.0017796	0.0123669	0.00383356	0.000623883	0.213399	0.000957149	0.212407	0.314139	0.00183478	0.000709826	0.00152032	0.00176733	0.00559359	0.0122628	0.193216	0.000266239	0.00278443
146	0.038734	0.00645445	0.00258749	0.00409643	0.0144253	0.00910037	0.00284085	0.297123	0.00085283	0.0176478	0.0288256	0.00103856	0.00753843	0.00686872	0.00655279	0.0160522	0.0361366	0.493467	0.000483817	0.00917333
147	0.00310451	0.0016956	0.360958	0.0268479	0.00147056	0.026	0.00856687	0.00196981	0.0100626	0.00278947	0.00199722	0.40993	0.00916035	0.00442569	0.0127499	0.0764985	0.0345344	0.00272821	0.000584205	0.00392696
148	0.0130071	0.00119994	0.000727445	0.00265511	0.0217244	0.0022129	0.00117971	0.0911443	0.000770893	0.701418	0.0569282	0.00153744	0.001532	0.00398819	0.00199838	0.00869489	0.0153154	0.0685371	0.00251601	0.00291216
149	0.00375602	0.00203039	0.00212961	0.00216267	0.401109	0.00331617	0.00231982	0.0179196	0.00535878	0.357923	0.0391658	0.00194059	0.000620472	0.00288934	0.00317891	0.00786429	0.00778039	0.014781	0.000849942	0.122905
150	0.14727	0.050719	0.0025431	0.00277016	0.00270024	0.354029	0.0146427	0.0160969	0.00649738	0.00515914	0.00403926	0.0209855	0.000891595	0.0097902	0.0137142	0.281391	0.0330578	0.020165	0.0114758	0.0020616
151	0.019978	0.0147419	0.00412769	0.00381355	0.00729341	0.032016	0.0360924	0.0132756	0.161952	0.0161452	0.0110241	0.0172399	0.00721172	0.0407247	0.531773	0.0195164	0.0187959	0.0316295	0.010728	0.00192035
152	0.488043	0.0109023	0.000489575	0.00548143	0.00051167	0.0742198	0.00104372	0.00556237	0.00371241	0.00934037	0.00734429	0.00970163	0.00448882	0.00389839	0.00736321	0.277886	0.0536853	0.034289	0.00169076	0.00034552
153	0.0386435	0.010693	0.0149209	0.0254578	0.00132495	0.769629	0.00121715	0.00214595	0.0348853	0.00234623	0.00652356	0.0199991	0.00048226	0.00630014	0.029029	0.0297556	0.0020604	0.00283916	0.00060745	0.00113949
154	0.00254569	0.0502809	0.0301017	0.0493918	0.0515972	0.00636797	0.118009	0.00580116	0.0740534	0.155125	0.0194602	0.0446683	0.000456098	0.138801	0.171665	0.00754985	0.00197093	0.00632771	0.000498018	0.065329
155	0.0323339	0.00190421	0.00595498	0.0104396	0.0119998	0.00505029	0.00187351	0.33169	0.00435521	0.173437	0.059897	0.00359195	0.00751226	0.00516656	0.00581403	0.0197418	0.0457219	0.269194	0.000602178	0.00372019
156	0.00459545	0.0493041	0.000935907	0.00121057	0.0442002	0.00467788	0.00799982	0.0117043	0.00113649	0.0540973	0.010384	0.00477601	0.000403325	0.0014007	0.00854718	0.0115092	0.00194343	0.00589605	0.684878	0.0904006
157	0.205089	0.0347214	0.0200609	0.0631297	0.00835656	0.131608	0.0156438	0.0164002	0.0608017	0.0341357	0.0308131	0.0337925	0.000407567	0.0163428	0.0516808	0.154786	0.0560816	0.0482348	0.0117119	0.00620199
158	0.174441	0.0367866	0.000688623	0.00651413	0.00551563	0.0105392	0.00382759	0.0343407	0.000759754	0.0444457	0.0109148	0.00102498	0.00692089	0.00300983	0.00304176	0.416639	0.179229	0.0553213	0.00139971	0.0046399
159	0.0155571	0.00535736	0.00138426	0.00497064	0.0617176	0.0019951	0.00269386	0.127487	0.0044333	0.566441	0.0442913	0.000913828	0.00232268	0.00490562	0.0110713	0.00729983	0.021002	0.101334	0.00234411	0.0124785
160	0.013731	0.00143242	0.000956858	0.00284007	0.0241904	0.00217226	0.00143538	0.0885668	0.00137795	0.692023	0.0590032	0.00180557	0.00182567	0.00475386	0.00267889	0.0105053	0.0158027	0.0689269	0.00270735	0.00326433
161	0.149074	0.0348209	0.00202484	0.00235434	0.00216656	0.2834	0.0300169	0.01646	0.01048	0.0042703	0.00300056	0.0383375	0.000942471	0.0140764	0.0211393	0.321018	0.0348395	0.0156985	0.0136199	0.00226067
162	0.466246	0.0173901	0.00102396	0.00499042	0.00289853	0.0927897	0.00106208	0.010335	0.00230783	0.0107288	0.0115068	0.0119371	0.00293096	0.00358676	0.00686864	0.25957	0.0413471	0.0510159	0.00091579	0.000549027
163	0.0656492	0.52974	0.00233376	0.00298307	0.00770685	0.0143859	0.00702305	0.0113874	0.00343162	0.0180334	0.00645637	0.00978177	0.00171417	0.00394613	0.0129462	0.21142	0.0347673	0.0191378	0.00474163	0.0324144
164	0.0209167	0.0147836	0.00360032	0.00166804	0.00727841	0.0321146	0.0344474	0.0137851	0.160019	0.0157757	0.0099835	0.0126944	0.00778521	0.0401613	0.540786	0.0188564	0.0186071	0.0337995	0.0114716	0.00146604
165	0.0407279	0.00305135	0.0115418	0.0291092	0.0202396	0.00470079	0.00425898	0.199713	0.0131745	0.173652	0.0438134	0.0100546	0.0101311	0.0127893	0.0143435	0.0381847	0.0811549	0.279586	0.00110101	0.00867306
166	0.0136101	0.0284296	0.00115827	0.00148044	0.0341013	0.0169476	0.578099	0.0126897	0.0111025	0.0253831	0.00554048	0.0364685	0.000533134	0.0474095	0.0162763	0.0373985	0.00379214	0.0162711	0.0157857	0.0975228
167	0.014486	0.0229682	0.00887011	0.0284221	0.00206604	0.188661	0.0625681	0.00694033	0.247101	0.0211478	0.0196167	0.104076	0.00068052	0.0372835	0.122993	0.0941871	0.00548926	0.00355402	0.000947604	0.00794161
168	0.00333083	0.00180706	0.280971	0.0394426	0.00149359	0.0152799	0.00967378	0.00201605	0.0194658	0.00264583	0.00224699	0.513001	0.00561499	0.00740384	0.0157775	0.0458507	0.0236899	0.00268502	0.000602405	0.00700149
169	0.0409412	0.00304994	0.0115899	0.0295547	0.0200241	0.00470413	0.00432868	0.19758	0.0132512	0.174156	0.0433836	0.00973146	0.0102154	0.0128903	0.0144804	0.0386276	0.0805118	0.281247	0.00109026	0.00864274
170	0.0378571	0.00102972	0.23898	0.427879	0.000948358	0.0239782	0.000754833	0.00798579	0.109281	0.00185896	0.00746581	0.039313	0.00359078	0.0300331	0.00819776	0.0349426	0.013563	0.0111665	0.000324696	0.0008497
171	0.0178221	0.00997912	0.00249982	0.00843806	0.0654331	0.00207187	0.00570696	0.159947	0.00760415	0.443522	0.0491497	0.00114932	0.00265083	0.00759284	0.0413652	0.00821096	0.0274093	0.128195	0.00224191	0.00901103
172	0.368923	0.0318527	0.00114424	0.0216092	0.00168822	0.435622	0.00114165	0.00924467	0.00151252	0.00604658	0.0108365	0.00144483	0.000506676	0.00972816	0.00709041	0.0456445	0.0163695	0.027477	0.000725497	0.00139217
173	0.0441919	0.00211353	0.0425104	0.291071	0.00164218	0.0050729	0.00588681	0.0305589	0.236075	0.0252642	0.0188288	0.00226475	0.00066818	0.0694125	0.121382	0.0236931	0.0342033	0.0429207	0.00069438	0.00154439
174	0.0151184	0.0315975	0.0126414	0.024413	0.0503069	0.00134888	0.0306365	0.0633053	0.150191	0.163778	0.0402739	0.00596503	0.000339272	0.0242662	0.1799	0.0195811	0.0217478	0.0742521	0.0530338	0.0373036
175	0.247661	0.0125114	0.00141771	0.00222472	0.00359074	0.00865178	0.00158567	0.182869	0.00173574	0.0799056	0.0351762	0.00186567	0.00188396	0.00241293	0.00262057	0.0589092	0.049961	0.301563	0.000760239	0.00269467
176	0.561535	0.0261939	0.00263766	0.00220421	0.0111794	0.0692396	0.000671083	0.0123275	0.000689248	0.0161073	0.0108652	0.00751578	0.000341406	0.00138173	0.00319683	0.168833	0.0234487	0.0798627	0.000298118	0.00147143
177	0.0136552	0.025655	0.004853	0.0434275	0.00182048	0.0248383	0.100149	0.015045	0.309323	0.0213541	0.0385331	0.104072	0.000485987	0.0732951	0.138563	0.0519564	0.0101412	0.00293762	0.000694426	0.0192005
178	0.0233198	0.0100436	0.00341781	0.00642936	0.0533161	0.00187597	0.00331496	0.176526	0.0100018	0.485799	0.0351581	0.00104591	0.00227501	0.00468406	0.0189243	0.00855567	0.0218747	0.124655	0.00180804	0.00697494
179	0.0195033	0.00306166	0.00108504	0.00480648	0.0798264	0.00242136	0.0029287	0.114747	0.0021512	0.536059	0.064314	0.00185426	0.00366608	0.00755423	0.00789636	0.0136224	0.030296	0.0914661	0.00300726	0.00973353
180	0.0473766	0.00420627	0.115865	0.285922	0.0023752	0.0214014	0.0267833	0.0136476	0.122424	0.025414	0.00876545	0.0559167	0.000206259	0.0741899	0.0895557	0.0565631	0.0185426	0.0229406	0.00399424	0.00391013
181	0.0254676	0.0025216	0.0019661	0.00306339	0.0171025	0.00122253	0.00298199	0.0849711	0.00051496	0.625237	0.0807949	0.00614173	0.00431722	0.0131475	0.00304372	0.0308028	0.028076	0.0602035	0.00456718	0.00385615
182	0.207838	0.00616642	0.00296048	0.002917	0.00752587	0.0395654	0.0465956	0.0271648	0.00287457	0.00677759	0.0091214	0.0997216	0.0540709	0.00531378	0.00447588	0.207466	0.167328	0.0463845	0.0125722	0.0431598
183	0.0114818	0.013584	0.00197441	0.00238606	0.0420545	0.0204758	0.547365	0.0115037	0.0159786	0.0212134	0.00445862	0.0483635	0.00105263	0.0387663	0.0179354	0.0413705	0.00514172	0.0291557	0.00439789	0.121341
184	0.0391942	0.00675222	0.00270903	0.00417288	0.0146194	0.00925514	0.00289401	0.293427	0.000865849	0.0151704	0.0279691	0.00106019	0.00775788	0.00712428	0.00671192	0.0164049	0.0370127	0.496939	0.00047755	0.00948235
185	0.0256975	0.00250934	0.00197556	0.00308722	0.017101	0.00121457	0.00301219	0.0849322	0.000531867	0.624925	0.0806636	0.00621055	0.00434619	0.0132256	0.00303311	0.0308315	0.0282157	0.0600785	0.00454851	0.00386064
186	0.0227978	0.00213782	0.00165145	0.002757	0.0166414	0.00141884	0.00241172	0.0831116	0.00050279	0.644072	0.0795198	0.00494649	0.00347948	0.011406	0.00267372	0.0264682	0.0243532	0.0617433	0.00392209	0.00398558
187	0.240183	0.0595018	0.00163129	0.00343873	0.0232198	0.0522134	0.00186057	0.0283656	0.00130239	0.0218969	0.0311768	0.0111502	0.000552367	0.00242441	0.0109817	0.436593	0.0260008	0.0326129	0.00104539	0.0138494
188	0.0339976	0.0147168	0.0715631	0.046738	0.00456021	0.0396446	0.0400664	0.00487873	0.0487088	0.00839596	0.0120782	0.361096	0.000750436	0.0249971	0.0315588	0.171964	0.0506037	0.0234456	0.000725307	0.00951149
