246	20
1	0.0822764	0.0101942	0.00687674	0.00131226	0.00789854	0.740871	0.00159205	0.00224738	0.0135077	0.0102767	0.00225407	0.0104984	0.00534247	0.0020708	0.00329109	0.0714239	0.0155397	0.00422002	0.00683728	0.00146953
2	0.01906	0.00487887	0.00554581	0.00587831	0.0107608	0.00473194	0.0425108	0.00610911	0.00782079	0.0492998	0.00321526	0.00888812	0.696518	0.0127115	0.0165155	0.0454071	0.0223251	0.0137192	0.00179995	0.0223036
3	0.289597	0.00924257	0.00356862	0.00324884	0.0268748	0.13886	0.00587166	0.0306833	0.010467	0.108252	0.00918719	0.00929985	0.0354321	0.00758745	0.0438684	0.0325422	0.0393244	0.188642	0.00239455	0.00505586
4	0.0208072	0.0492322	0.00202198	0.00240205	0.170526	0.00496682	0.023305	0.0851292	0.00815023	0.27667	0.0337235	0.00638289	0.0555658	0.00933557	0.0076814	0.0333374	0.0257818	0.0985204	0.0105963	0.0758645
5	0.0162544	0.0590674	0.00190337	0.00195535	0.189077	0.0121441	0.0217573	0.0376787	0.00479178	0.057357	0.00409752	0.00483619	0.00264731	0.0086227	0.00823126	0.0196302	0.00791594	0.0151599	0.0286898	0.498183
6	0.164045	0.00609943	0.000783423	0.00154452	0.0283569	0.06049	0.00236322	0.0316979	0.0123532	0.0303474	0.0183113	0.0156445	0.0350539	0.0018741	0.00397881	0.305151	0.225266	0.0520486	0.000359655	0.00423129
7	0.0199287	0.00307656	0.487508	0.195713	0.0015746	0.0259418	0.0298835	0.00126106	0.019987	0.0018694	0.00343625	0.0991631	0.010924	0.0259528	0.00562184	0.0344352	0.00718676	0.0109407	0.000247939	0.0153478
8	0.0192104	0.0153198	0.000356013	0.000440278	0.149273	0.00286842	0.00796135	0.21303	0.00147716	0.250956	0.0265161	0.000962963	0.00328158	0.00208711	0.00161822	0.00891671	0.00948144	0.247481	0.00726391	0.0314993
9	0.0581801	0.00911528	0.00694512	0.00356534	0.0053945	0.801783	0.00193487	0.00167275	0.012512	0.00933545	0.00138404	0.0145939	0.00424189	0.0023382	0.00360516	0.0443286	0.0105255	0.00342077	0.00393692	0.00118664
10	0.00333705	0.00188592	0.00240314	0.0111732	0.000803247	0.0136336	0.00456531	0.0135653	0.65621	0.00548192	0.00639501	0.0405486	0.000623535	0.0163678	0.170477	0.0146316	0.022406	0.00963959	0.000119571	0.00573292
11	0.00343943	0.00125747	0.00237225	0.0112539	0.000755223	0.0138811	0.00455378	0.0136335	0.656287	0.00571648	0.00632612	0.0407855	0.000604619	0.0160312	0.171011	0.0140879	0.0223339	0.00960847	0.000112473	0.00594885
12	0.325786	0.00488692	0.00147159	0.00554606	0.0178029	0.0901597	0.00152579	0.0280914	0.00982257	0.0249734	0.0124546	0.0107887	0.0158424	0.00190838	0.00537937	0.174841	0.207139	0.0590171	0.000272819	0.00228999
13	0.00324465	0.00124817	0.00241054	0.0113677	0.000698489	0.0139567	0.00458848	0.0131025	0.660865	0.00545146	0.00637928	0.0401421	0.000459391	0.0160611	0.170067	0.0131176	0.0216723	0.00922958	0.000113007	0.00582456
14	0.0450524	0.0202617	0.24494	0.0310697	0.0475454	0.344246	0.0174334	0.0105342	0.0201035	0.0191616	0.00988342	0.0433625	0.00841889	0.0126228	0.0130951	0.0579012	0.0231844	0.0155914	0.00348913	0.0121037
15	0.0212418	0.055658	0.00210167	0.00204959	0.150096	0.0117555	0.0315752	0.0380767	0.00557785	0.065921	0.00379249	0.00594107	0.00271246	0.0112861	0.00905712	0.0215962	0.00921325	0.0187142	0.0227575	0.510877
16	0.0171624	0.0421413	0.0119605	0.00354869	0.043091	0.0298487	0.103864	0.0398281	0.0211467	0.0182011	0.00315632	0.1936	0.00584589	0.0598985	0.014753	0.177256	0.156102	0.0327699	0.000901692	0.0249234
17	0.0695262	0.0237202	0.00216074	0.00230953	0.0342954	0.0253838	0.0185333	0.0357419	0.0183091	0.0158336	0.00390059	0.0656717	0.0152799	0.015536	0.0169388	0.283607	0.284654	0.0247022	0.000414036	0.0434818
18	0.0237284	0.0290025	0.342506	0.0678648	0.0191896	0.069276	0.0496101	0.00833561	0.027724	0.0142444	0.00417688	0.141418	0.00721684	0.0205504	0.0138454	0.0961537	0.0333358	0.0148592	0.00098091	0.0159818
19	0.0059746	0.00257484	0.00158239	0.0125117	0.00321058	0.00321076	0.183518	0.00307047	0.0132004	0.0152369	0.00228993	0.00381159	0.00186032	0.676058	0.040038	0.00719232	0.00560993	0.00547393	0.0113959	0.00217963
20	0.003739	0.00336827	0.00238933	0.0109522	0.00103684	0.0133083	0.00445152	0.0133279	0.644495	0.00582195	0.00628435	0.0424794	0.000834049	0.0173235	0.174415	0.0171523	0.0226516	0.0101316	0.000111991	0.00572592
21	0.00910847	0.0132534	0.000754492	0.000675839	0.487842	0.00178	0.00130637	0.0521645	0.00163638	0.327527	0.0257194	0.00210485	0.000994949	0.00130321	0.0014666	0.00368052	0.00359652	0.0631559	0.000406345	0.00152324
22	0.0612205	0.0102156	0.00139469	0.00255172	0.014299	0.0154182	0.0024055	0.0370948	0.0122292	0.0148512	0.0020997	0.0728786	0.0101013	0.00302372	0.00740268	0.381775	0.314844	0.0239435	0.000248589	0.0120024
23	0.0194321	0.00970612	0.000171228	0.000162622	0.125192	0.00319133	0.00142561	0.251093	0.000333078	0.252082	0.0229808	0.000398801	0.000262276	0.000312851	0.000388984	0.00291816	0.00524791	0.289444	0.00552491	0.00973277
24	0.0664262	0.00839971	0.000856006	0.0022917	0.0178438	0.0150554	0.00225848	0.0347449	0.0137395	0.0172784	0.00245114	0.0698778	0.0113943	0.00270917	0.0081287	0.361588	0.331044	0.020914	0.000203912	0.0127952
25	0.057959	0.00520827	0.000580057	0.000841673	0.00732978	0.0121662	0.00151585	0.0514814	0.0346889	0.0114314	0.0161695	0.0293015	0.0129135	0.00171531	0.0166763	0.16966	0.538104	0.0265049	0.000377136	0.00537514
26	0.0299098	0.0856345	0.0114088	0.0026964	0.0855353	0.0202057	0.0891232	0.0178905	0.00807214	0.034878	0.00339459	0.102255	0.0166006	0.0486832	0.0330738	0.165908	0.117694	0.0490776	0.000727395	0.0772316
27	0.34123	0.00873159	0.0118633	0.0733329	0.00859782	0.0874452	0.00161345	0.0189373	0.0378868	0.0122332	0.00315882	0.0298799	0.0055645	0.00804983	0.0211196	0.116852	0.150511	0.060483	0.000618739	0.00189146
28	0.0197061	0.00957217	0.000172432	0.000162542	0.124827	0.00317195	0.0013659	0.251485	0.000341517	0.251307	0.0229448	0.000405181	0.000266312	0.000312609	0.000363405	0.00286494	0.00526088	0.290603	0.00537712	0.00948984
29	0.0585063	0.00590547	0.000586466	0.0011216	0.00655953	0.0125061	0.00130864	0.050181	0.0341616	0.00917025	0.00956645	0.0395522	0.00730143	0.00171602	0.0172317	0.177956	0.538142	0.0218128	0.000205044	0.00650932
30	0.327884	0.00595434	0.00194421	0.00843939	0.0157979	0.0850061	0.00154178	0.0242873	0.0109803	0.0247886	0.0114965	0.0099775	0.017561	0.0023976	0.0058128	0.20987	0.176175	0.0579945	0.000288034	0.00180309
31	0.0692373	0.00868193	0.000847586	0.00167997	0.0164012	0.0164916	0.00239848	0.0356564	0.0151344	0.0131823	0.0028681	0.0660547	0.00991286	0.00272784	0.00979893	0.328789	0.366437	0.0201013	0.000219458	0.0133798
32	0.330186	0.00399788	0.00100225	0.00226677	0.014712	0.153095	0.00136277	0.0276873	0.00521797	0.0328665	0.0139959	0.0077202	0.00975488	0.00184979	0.00422907	0.161545	0.153761	0.0730913	0.000468966	0.00118969
33	0.106798	0.0122469	0.00408059	0.00307545	0.0388196	0.00561735	0.0079619	0.106689	0.0208507	0.159958	0.0403531	0.033831	0.00152637	0.0086716	0.00145316	0.074449	0.155937	0.189343	0.0129406	0.0153984
34	0.00322729	0.00118068	0.00241005	0.0113824	0.000693504	0.0139822	0.00459525	0.0131463	0.661292	0.00545367	0.00639295	0.0400508	0.000466734	0.0160796	0.169661	0.0130824	0.0216912	0.00925665	0.000113007	0.00584223
35	0.0169762	0.0117554	0.000971078	0.00240007	0.00900484	0.00260805	0.00282924	0.0377115	0.387494	0.00856509	0.00864654	0.0726665	0.0158564	0.00619392	0.201667	0.0897002	0.0796394	0.0426822	0.000604331	0.00202836
36	0.0278182	0.00743833	0.149118	0.0380623	0.00674079	0.0461188	0.0156467	0.0110175	0.0897075	0.016722	0.00144226	0.312362	0.00874566	0.0168063	0.0211649	0.166431	0.0559232	0.0061428	0.000292069	0.00229956
37	0.0286987	0.00145414	0.298207	0.369922	0.00155159	0.0298406	0.0160685	0.00143342	0.0351995	0.00436804	0.00570246	0.061672	0.00761436	0.0600244	0.0143587	0.0279566	0.0105973	0.0174141	0.000344693	0.0075717
38	0.0668157	0.0295746	0.0227441	0.00473359	0.0727556	0.0244566	0.00774448	0.125309	0.0103724	0.329837	0.00567212	0.00900133	0.00362501	0.0283286	0.0053869	0.149883	0.0246287	0.0645344	0.00257522	0.0120222
39	0.0201744	0.0310397	0.000901096	0.00166585	0.175551	0.00183657	0.0296705	0.0899766	0.00789235	0.297542	0.0204556	0.00368769	0.0155487	0.0106179	0.00671907	0.0392756	0.0294358	0.122024	0.0132423	0.0827431
40	0.103664	0.015993	0.00621281	0.00381275	0.0430759	0.00748527	0.00813431	0.11084	0.0235713	0.148103	0.0371179	0.0331333	0.00144318	0.00988776	0.00164289	0.078559	0.161217	0.180163	0.00931291	0.0166303
41	0.11823	0.0121905	0.00721485	0.00125728	0.0138321	0.631452	0.00159792	0.00443391	0.00966947	0.0170831	0.00482922	0.0139735	0.00663027	0.00217906	0.00279879	0.102709	0.0342577	0.00942433	0.00444264	0.00179444
42	0.0206446	0.00262317	0.474179	0.202565	0.00154465	0.0267013	0.0301202	0.00123519	0.0217166	0.00185575	0.00362625	0.0977253	0.0118079	0.0291339	0.00644265	0.0344412	0.00704989	0.0111645	0.000244593	0.0151777
43	0.0251759	0.00763572	0.000161726	0.000147812	0.111867	0.00341146	0.000881613	0.250081	0.000387284	0.232941	0.0228547	0.000417358	0.000254363	0.00033396	0.00032689	0.00302816	0.00673216	0.322623	0.00406866	0.00666926
44	0.143229	0.0192501	0.00194999	0.0033007	0.00462485	0.183923	0.036102	0.00465141	0.0417496	0.00617391	0.0127657	0.100148	0.00328074	0.046867	0.0665524	0.20063	0.0692397	0.0511038	0.000962898	0.003495
45	0.0443343	0.0255138	0.00227978	0.0537022	0.0547776	0.00431139	0.0387148	0.0379822	0.0559848	0.270484	0.00953721	0.00902597	0.00216437	0.136915	0.00685339	0.0960627	0.0507411	0.0551885	0.000862601	0.0445649
46	0.0168793	0.0267907	0.000867721	0.00102474	0.165205	0.00292475	0.0285228	0.10122	0.00434609	0.271751	0.019194	0.00272051	0.0110634	0.00542801	0.00580429	0.0295282	0.022898	0.130215	0.0156461	0.13797
47	0.00430459	0.00258506	0.00221361	0.0103033	0.00131275	0.0123878	0.00423264	0.0154818	0.633116	0.00574867	0.00735572	0.0442218	0.00162794	0.0149049	0.173821	0.0199232	0.0283168	0.0128088	0.000134124	0.0051998
48	0.0224247	0.0481737	0.0185914	0.00194229	0.0673061	0.0352926	0.173985	0.0215767	0.00713583	0.0378696	0.00268322	0.141324	0.00824435	0.0626809	0.0392277	0.128706	0.0758709	0.0230951	0.00138827	0.0824827
49	0.00883617	0.00307203	0.0142898	0.035976	0.0070558	0.0445834	0.0109279	0.010413	0.463208	0.0109244	0.00501699	0.149474	0.00212218	0.0231264	0.120092	0.0420758	0.0215162	0.00853629	0.000384284	0.0183694
50	0.0258958	0.00736878	0.119936	0.0357814	0.00498358	0.0257573	0.0169293	0.0112066	0.0960815	0.0180181	0.00112583	0.34159	0.00872063	0.0168871	0.0208887	0.17985	0.0611116	0.00539469	0.000220986	0.00225149
51	0.111112	0.0113068	0.00289956	0.00363763	0.030996	0.00483979	0.00830914	0.102041	0.024989	0.104097	0.0539065	0.0395646	0.00125208	0.00915835	0.00125617	0.071568	0.19982	0.201756	0.00648621	0.0110047
52	0.0976685	0.0102012	0.00349517	0.00570063	0.0284871	0.00418133	0.0112541	0.105374	0.0258472	0.11054	0.0511665	0.041823	0.000752289	0.010951	0.00117403	0.0805117	0.21054	0.180388	0.00685299	0.0130915
53	0.078486	0.00475548	0.000355878	0.000298018	0.0919171	0.00548674	0.000560063	0.198482	0.0040253	0.177518	0.0190092	0.00122588	0.00370902	0.000614059	0.00219591	0.00535946	0.025195	0.37678	0.00129805	0.00272876
54	0.0254336	0.00824759	0.189407	0.0438898	0.00446493	0.024545	0.0162602	0.0101224	0.0804203	0.015472	0.000984019	0.310301	0.00786464	0.0155107	0.017266	0.163468	0.0565552	0.00590819	0.000225762	0.00365369
55	0.0245634	0.00839688	0.000162034	0.000144326	0.114878	0.00327429	0.00101127	0.249551	0.000373799	0.235649	0.0226846	0.000396361	0.000302979	0.000323373	0.000342238	0.00301356	0.00659069	0.316699	0.00435848	0.00728329
56	0.00706541	0.00392918	0.00183621	0.00866149	0.00298393	0.00965662	0.00347514	0.0252596	0.57394	0.0062899	0.00783152	0.0509594	0.00496616	0.0129431	0.175393	0.0345658	0.0455276	0.0202751	0.000238249	0.00420279
57	0.0713351	0.00454352	0.00027709	0.00024607	0.09031	0.0052478	0.000481853	0.206036	0.00334313	0.186795	0.0194773	0.00086021	0.0032617	0.000565919	0.00186275	0.00468417	0.0217273	0.374689	0.00139698	0.00285859
58	0.0389889	0.036338	0.187601	0.0437427	0.00608416	0.0196195	0.0165949	0.0135554	0.0475599	0.012321	0.00198514	0.222122	0.00656768	0.0119531	0.0124884	0.175247	0.103751	0.0267199	0.000724325	0.0160361
59	0.0709356	0.0136936	0.00158998	0.00219365	0.0136161	0.0176407	0.00248137	0.0341504	0.016462	0.0126896	0.00408548	0.0606942	0.00969769	0.00267782	0.00902795	0.323107	0.369921	0.0244087	0.000242325	0.0106851
60	0.0227747	0.00230998	0.453742	0.209367	0.00179876	0.0282248	0.0330613	0.00132758	0.0243901	0.00195981	0.00363251	0.0968332	0.0149038	0.03037	0.00685941	0.0346688	0.00651591	0.0109715	0.000245957	0.016043
61	0.0622921	0.0411396	0.00651529	0.00426985	0.0372944	0.02161	0.0184779	0.0188873	0.0125714	0.0410848	0.0061131	0.0722219	0.0259935	0.014723	0.0123875	0.429656	0.130936	0.0248098	0.00109458	0.0179218
62	0.0258348	0.00722372	0.122412	0.0366158	0.0048421	0.0252673	0.0162572	0.0114901	0.0917503	0.0180481	0.000853702	0.344521	0.00881793	0.0168591	0.0195227	0.181004	0.061583	0.0052755	0.000211627	0.00160906
63	0.0255231	0.00740144	0.000164994	0.000154835	0.111702	0.00326649	0.00086217	0.24967	0.000374943	0.230756	0.0228029	0.000403185	0.000255411	0.000341678	0.000338288	0.00304409	0.00689712	0.325438	0.00401685	0.00658621
64	0.0344509	0.0176739	0.0019663	0.016587	0.0909079	0.0037171	0.0310214	0.0459518	0.0347369	0.273918	0.0176864	0.0173403	0.00397415	0.0356926	0.0146657	0.154905	0.0666413	0.0698793	0.00230233	0.0659817
65	0.270873	0.00362989	0.000686427	0.00119515	0.012332	0.118285	0.00120079	0.0382284	0.00705238	0.0255312	0.0153856	0.00836076	0.00920691	0.00109563	0.00389817	0.157233	0.26744	0.0566057	0.000231319	0.00152904
66	0.0900247	0.00827023	0.00232987	0.0028011	0.0213275	0.00561942	0.00657514	0.0895104	0.0316632	0.0823781	0.0441946	0.0337048	0.00239135	0.00767147	0.00641356	0.0783099	0.330718	0.141554	0.00513318	0.00941012
67	0.038506	0.00577629	0.000192112	0.000163944	0.105084	0.00357654	0.00050238	0.237294	0.000897501	0.213006	0.0219553	0.000464789	0.000769282	0.000361181	0.000519542	0.00353351	0.0108814	0.349169	0.00274722	0.00460129
68	0.053007	0.00509605	0.000569033	0.000678424	0.00462227	0.0106703	0.00139479	0.0555303	0.0387335	0.0101351	0.0131594	0.0295022	0.00680285	0.00172111	0.0198432	0.134674	0.585848	0.0228564	0.000390015	0.00476673
69	0.047656	0.00602107	0.000206195	0.000207747	0.102767	0.00438218	0.000705529	0.225958	0.00160681	0.204764	0.022377	0.000640289	0.00137099	0.000435748	0.00084515	0.00483347	0.0147631	0.352467	0.00263281	0.00535996
70	0.0262243	0.00735506	0.122119	0.0365069	0.00534795	0.0254604	0.017152	0.0113575	0.0910874	0.0182585	0.000853459	0.343362	0.00884783	0.016865	0.0195426	0.181039	0.0614634	0.00525463	0.000213044	0.00169016
71	0.0356128	0.00149158	0.232644	0.436694	0.00154371	0.0296317	0.0105176	0.00173637	0.0374701	0.0059415	0.00661674	0.0495399	0.00583256	0.0685751	0.0180987	0.0201993	0.0136191	0.0189595	0.000451347	0.0048239
72	0.130966	0.00655345	0.00110123	0.000738286	0.0859453	0.0108751	0.00136645	0.149378	0.0173306	0.183337	0.0143079	0.00361871	0.0148906	0.00162397	0.00907741	0.00891416	0.0435879	0.313	0.00112464	0.002263
73	0.102573	0.0134594	0.00389009	0.00272507	0.0504056	0.00548651	0.00897768	0.107679	0.0192958	0.171241	0.037889	0.029707	0.00216268	0.0081287	0.0018884	0.0700923	0.142069	0.187372	0.0142854	0.020672
74	0.0658725	0.0020763	0.0306474	0.0299963	0.00207097	0.0138939	0.0424309	0.00204206	0.022206	0.0380808	0.00170688	0.0126353	0.486013	0.0441166	0.022418	0.122454	0.0357454	0.0208223	0.000492925	0.00427787
75	0.0441848	0.122385	0.00932203	0.00461561	0.0501156	0.24898	0.00930015	0.0100399	0.0110272	0.0168291	0.0458263	0.0491424	0.00652147	0.00923534	0.0138794	0.249111	0.0300773	0.0175051	0.00269963	0.0492027
76	0.129088	0.00837989	0.00258078	0.0038038	0.0229689	0.0117103	0.00851463	0.0847683	0.0212811	0.11177	0.062192	0.0423539	0.00220153	0.0114091	0.00288623	0.0886011	0.215564	0.153675	0.00572252	0.0105288
77	0.00344497	0.00221592	0.00241123	0.0113531	0.000871281	0.0140052	0.00451478	0.0130503	0.654444	0.00559837	0.00628822	0.0423717	0.000550597	0.0161548	0.1706	0.0145267	0.0218278	0.00935624	0.000117339	0.00629751
78	0.38527	0.00344813	0.00628865	0.0355541	0.0127896	0.049048	0.00108853	0.0159831	0.0335089	0.0197043	0.00309223	0.0202012	0.00793755	0.00741119	0.0177826	0.181335	0.144992	0.05279	0.000365771	0.00140915
79	0.118034	0.0107277	0.00352559	0.00341709	0.0289754	0.00616842	0.00782793	0.114873	0.034808	0.0857651	0.0483709	0.0296861	0.00228657	0.00832464	0.00280433	0.0800084	0.152125	0.245681	0.00619206	0.0103981
80	0.0616282	0.0104784	0.00123455	0.000353825	0.105811	0.00517909	0.00224648	0.195011	0.00365297	0.225461	0.0219816	0.00292882	0.00253066	0.000972796	0.00152377	0.0148941	0.0299148	0.298175	0.00591082	0.0101112
81	0.0544003	0.0327584	0.00462119	0.00292234	0.0104541	0.0343005	0.00497177	0.0205498	0.00692474	0.0173046	0.0047689	0.0931207	0.00876852	0.0104531	0.00883418	0.512128	0.146121	0.0132843	0.000380691	0.0129321
82	0.0215767	0.010285	0.000195845	0.00017651	0.144647	0.00321885	0.00136463	0.2381	0.000531016	0.247502	0.023071	0.000458967	0.000397455	0.000337836	0.000468509	0.00317981	0.00613635	0.284581	0.00492856	0.00884328
83	0.0170128	0.0115389	0.000938005	0.00246526	0.00832983	0.00272109	0.00267164	0.0376354	0.392985	0.00843957	0.00849445	0.0726488	0.0154687	0.00622921	0.201001	0.0876204	0.0785747	0.0426336	0.000524	0.00206854
84	0.0188447	0.0103819	0.000179186	0.000168004	0.127998	0.00311808	0.00199117	0.247216	0.000341402	0.255218	0.0230965	0.000436238	0.00051084	0.000330306	0.000483694	0.00346396	0.00571315	0.283139	0.00582485	0.0115453
85	0.0259156	0.00334764	0.0080337	0.00876229	0.00422077	0.00602731	0.0291488	0.00501754	0.0106358	0.0357798	0.00247338	0.00914166	0.703566	0.0135664	0.0158049	0.060387	0.0335584	0.0121344	0.000657877	0.0118206
86	0.0216286	0.00455771	0.367765	0.130245	0.00590021	0.0214872	0.0467199	0.00298301	0.0760182	0.00967065	0.00456932	0.154715	0.00880624	0.0215154	0.0119584	0.0560832	0.0216002	0.00965727	0.000443952	0.0236753
87	0.00514359	0.0168725	0.00174112	0.00118673	0.026322	0.00456356	0.456383	0.00377972	0.00226964	0.0405512	0.00193492	0.0777596	0.0104675	0.0905114	0.109809	0.00801592	0.00535408	0.01267	0.00581073	0.118854
88	0.0432688	0.00178142	0.159455	0.474301	0.00199014	0.0295292	0.00593301	0.00232359	0.0500403	0.00845861	0.00771402	0.0510137	0.0038306	0.0757467	0.0215596	0.0217537	0.0160672	0.0218917	0.000524293	0.00281755
89	0.0537726	0.00491328	0.000203793	0.000192344	0.0981903	0.00412111	0.00042424	0.220202	0.00170912	0.199415	0.0209627	0.000566955	0.00156874	0.000429487	0.00098661	0.00420778	0.0155981	0.367078	0.00192917	0.00352853
90	0.00584253	0.0029041	0.00161204	0.0120653	0.00351984	0.00329785	0.183885	0.00308084	0.0136161	0.0160169	0.00223487	0.0048054	0.00204714	0.668305	0.0424218	0.00716611	0.00555833	0.00573635	0.0118108	0.00407419
91	0.0151885	0.0636118	0.00163501	0.00136789	0.129529	0.012858	0.0212155	0.0427665	0.00352058	0.0525343	0.00291169	0.00402508	0.00194253	0.00756056	0.00742003	0.0182332	0.00650089	0.0160323	0.0249396	0.566207
92	0.0361044	0.0313121	0.00178663	0.0187364	0.137548	0.00272118	0.0317328	0.0474794	0.0348234	0.2863	0.0162175	0.0086065	0.00676905	0.0508947	0.00782287	0.0837003	0.0422133	0.0758532	0.00435261	0.0750256
93	0.00561662	0.0115639	0.00244992	0.0053683	0.0170352	0.0041464	0.384087	0.00368921	0.00664857	0.0305288	0.00227294	0.049411	0.00805916	0.278686	0.0828135	0.00791826	0.00580866	0.00981229	0.00812452	0.07596
94	0.0234911	0.00199608	0.437315	0.216169	0.00196067	0.02845	0.0357292	0.00144413	0.0263375	0.00224432	0.00389425	0.0932713	0.0199537	0.0328327	0.00847352	0.0333314	0.00656544	0.0111642	0.000281998	0.0150945
95	0.00503058	0.0166716	0.00173246	0.00117204	0.026067	0.00463027	0.456833	0.00378388	0.002295	0.0407189	0.00194799	0.0778298	0.0104027	0.0901537	0.11	0.00776333	0.00515837	0.012559	0.00587641	0.119373
96	0.328481	0.0145745	0.00195521	0.00271634	0.0465091	0.0432454	0.004047	0.056556	0.0112858	0.0746577	0.0218292	0.021834	0.00394607	0.00468699	0.00351229	0.0340174	0.09789	0.219148	0.0034321	0.00567502
97	0.351077	0.00405352	0.00109219	0.00294108	0.0130161	0.120254	0.00118067	0.0283622	0.00503637	0.0276073	0.0135076	0.00660271	0.0101753	0.00119087	0.00294657	0.167474	0.182742	0.0594753	0.000240113	0.00102476
98	0.0197963	0.00941797	0.000170833	0.000162884	0.124242	0.00320939	0.00132016	0.251557	0.000335562	0.25116	0.0229976	0.000405456	0.000233577	0.000312389	0.000354815	0.00285561	0.00529714	0.291591	0.00534287	0.0092361
99	0.0916892	0.0523175	0.0339126	0.0062504	0.0066324	0.0233147	0.00586473	0.014654	0.0058702	0.0105027	0.0056986	0.143661	0.00423989	0.00554659	0.00734648	0.377475	0.153314	0.0241744	0.000808963	0.0267269
100	0.283472	0.00384289	0.000550029	0.000703929	0.0159561	0.130371	0.00147494	0.0339322	0.00388004	0.0318786	0.0180891	0.006976	0.0153137	0.0011608	0.00174011	0.205451	0.181118	0.0626618	0.000243006	0.00118429
101	0.272993	0.0051143	0.000757859	0.00176516	0.0145749	0.134783	0.00219237	0.0353713	0.00542116	0.02789	0.0152679	0.0112612	0.0122151	0.00183612	0.0033579	0.217472	0.175711	0.0595475	0.000403086	0.00206548
102	0.0625495	0.00489668	0.000251827	0.000220631	0.0953866	0.00465105	0.000434988	0.212218	0.00258138	0.18853	0.0209518	0.000797471	0.00219451	0.000485455	0.00130124	0.00496785	0.0191386	0.37351	0.00166702	0.00326606
103	0.080439	0.0129506	0.00858754	0.0010244	0.00962131	0.737985	0.00121874	0.00177219	0.00977953	0.0112907	0.00284592	0.00969124	0.00744439	0.00159387	0.00161074	0.0741596	0.018642	0.00266443	0.00483547	0.00184387
104	0.014355	0.00627244	0.00213262	0.00234175	0.043741	0.00478935	0.00500198	0.029097	0.00497717	0.615201	0.0780461	0.00643468	0.0032734	0.010245	0.0042254	0.0133228	0.0349609	0.112349	0.00197409	0.0072593
105	0.0296051	0.00439566	0.0539752	0.0125824	0.0124684	0.0108686	0.0703747	0.00633908	0.224821	0.0278918	0.00862017	0.284161	0.00438751	0.0153038	0.0242995	0.122491	0.0586692	0.00578261	0.00110171	0.0218621
106	0.0927728	0.00373608	0.0280302	0.0264794	0.00342978	0.040972	0.0525355	0.00352604	0.0424487	0.027804	0.00237685	0.0152241	0.302741	0.0654544	0.0588511	0.172349	0.0285491	0.0286719	0.00129804	0.00274993
107	0.0639477	0.0087718	0.00109541	0.00188563	0.0146677	0.0142539	0.00226687	0.0321856	0.0160057	0.0147122	0.0018723	0.079342	0.0103478	0.00268565	0.00767469	0.358475	0.33843	0.0191796	0.000194032	0.0120069
108	0.0234675	0.00256574	0.00812451	0.0083392	0.00346249	0.00519574	0.0304163	0.00370048	0.00865815	0.0368613	0.00233206	0.00725374	0.727495	0.0134539	0.0150292	0.0552111	0.0242837	0.0108614	0.000754298	0.0125347
109	0.122358	0.00696793	0.00101324	0.000744397	0.0714509	0.0126685	0.00115305	0.143946	0.0136468	0.186579	0.0174902	0.00375377	0.0120478	0.00143024	0.00637179	0.00977624	0.0476392	0.336986	0.00155478	0.00242285
110	0.0520531	0.0050504	0.000225878	0.000205841	0.0991499	0.00407993	0.000426693	0.2249	0.00169886	0.198803	0.0210258	0.000562751	0.00151333	0.000424428	0.000932878	0.00412746	0.0144774	0.36461	0.00202725	0.00370523
111	0.0208091	0.00270111	0.40794	0.251194	0.00195373	0.0282184	0.0260219	0.00166873	0.0266698	0.0027458	0.00570349	0.0883513	0.0114169	0.0436373	0.0104309	0.0348673	0.0114208	0.0117956	0.000330071	0.0121236
112	0.00930305	0.0134696	0.000753741	0.00065633	0.479942	0.00175313	0.00137619	0.0552359	0.00159187	0.327535	0.025801	0.00209143	0.000989355	0.00129781	0.00146783	0.0037547	0.00376974	0.0666227	0.00062066	0.00196781
113	0.0682243	0.0128868	0.00104418	0.00316945	0.0124388	0.0181985	0.00200454	0.0296538	0.0142571	0.0143923	0.00399686	0.0548616	0.0124178	0.00329008	0.00858591	0.417963	0.292785	0.0198018	0.000256525	0.00977129
114	0.376027	0.00363547	0.00102656	0.0027478	0.0133815	0.129755	0.000941172	0.0285418	0.00449731	0.0294917	0.0133328	0.00636159	0.00851195	0.00126734	0.00322736	0.147335	0.159362	0.0693253	0.00030671	0.000924734
115	0.420452	0.00723246	0.00198626	0.00550357	0.0111712	0.0753552	0.00113644	0.0178353	0.00683084	0.026902	0.00829253	0.00613495	0.0074831	0.0018206	0.00457216	0.16981	0.156769	0.0690402	0.000323309	0.00134919
116	0.0360653	0.00594609	0.000177802	0.000160342	0.105715	0.0034627	0.000537544	0.239878	0.000766906	0.216104	0.0223658	0.000420613	0.000627039	0.000372616	0.000451866	0.00346011	0.00976661	0.345997	0.00291353	0.00481102
117	0.0564626	0.00899129	0.00560331	0.000620142	0.0052991	0.829635	0.000981656	0.0013644	0.00972652	0.00903516	0.00105278	0.00838378	0.00425506	0.00116008	0.00122771	0.0399848	0.00874395	0.00214468	0.00419061	0.00113729
118	0.064374	0.00878806	0.00113781	0.00194098	0.0148159	0.0143741	0.00207907	0.0322668	0.0152374	0.014779	0.00175048	0.0786614	0.0109154	0.00266337	0.00749744	0.362855	0.334374	0.0192184	0.00017512	0.0120969
119	0.0184283	0.01088	0.000211224	0.000181689	0.130569	0.00300626	0.00296539	0.241735	0.000363304	0.258496	0.0230124	0.000464747	0.000975664	0.000359338	0.000666352	0.0040814	0.00603548	0.276857	0.00612756	0.0145836
120	0.529285	0.0224265	0.00202907	0.00260593	0.0023963	0.00984449	0.00150302	0.00238814	0.00415374	0.0144404	0.00137954	0.00222433	0.00175804	0.00181214	0.00346163	0.296287	0.0538469	0.0449335	0.000498624	0.00272607
121	0.0637334	0.00588171	0.000329619	0.000277548	0.108857	0.00444	0.000830517	0.204015	0.00374135	0.220001	0.0190987	0.000877091	0.00296674	0.000574813	0.00197316	0.00481968	0.0172242	0.333027	0.00272301	0.0046095
122	0.0566618	0.00900651	0.00574282	0.000647073	0.00530768	0.828234	0.00100893	0.00142093	0.0097914	0.00903783	0.00106447	0.00867878	0.00424458	0.00115953	0.00123813	0.0402313	0.00900064	0.00218838	0.00418917	0.00114643
123	0.35737	0.00393911	0.00118302	0.0037427	0.013653	0.154381	0.00143345	0.0369815	0.00382964	0.0291809	0.0256961	0.00677386	0.0072981	0.001387	0.00312979	0.113978	0.147791	0.086441	0.000485685	0.0013256
124	0.0513691	0.00158605	0.149517	0.527594	0.00182998	0.0278323	0.00624612	0.00174768	0.0361596	0.00835276	0.0077893	0.0353403	0.00301439	0.070178	0.0156376	0.0139539	0.0126117	0.0252755	0.000515469	0.00344935
125	0.149049	0.0110029	0.00104553	0.000951873	0.0666224	0.0150775	0.00160615	0.124411	0.0108104	0.132367	0.0212651	0.00636109	0.00839927	0.00180219	0.00527632	0.0125659	0.0695429	0.357419	0.00167225	0.00275169
126	0.351217	0.00492835	0.00664094	0.0433083	0.00939735	0.076307	0.00348003	0.0163484	0.042455	0.0143188	0.00213656	0.0258884	0.00607677	0.0105627	0.0253182	0.195689	0.115421	0.0481569	0.000796247	0.00155283
127	0.0162156	0.0576667	0.00181415	0.00146353	0.155618	0.0118015	0.0219013	0.0371495	0.00399487	0.067277	0.00311182	0.00430854	0.00258381	0.00810736	0.00785775	0.0187523	0.00661796	0.0151341	0.0237358	0.534888
128	0.0253705	0.00710956	0.135888	0.0435942	0.00469721	0.0251489	0.0167275	0.0115337	0.0891015	0.0178173	0.000974004	0.335101	0.00892928	0.0173899	0.0189762	0.174937	0.0588909	0.00541264	0.000203123	0.00219682
129	0.0772693	0.00938653	0.00102163	0.00169295	0.0146236	0.0235538	0.00215214	0.0378238	0.0155371	0.0135673	0.0051412	0.055716	0.0111063	0.00254348	0.00946778	0.318866	0.366674	0.0231803	0.000187526	0.0104891
130	0.38641	0.00495737	0.00678885	0.0499514	0.00938944	0.0340296	0.00161399	0.0138642	0.037866	0.0148913	0.00146075	0.0204657	0.00611916	0.0079211	0.0173235	0.195107	0.145829	0.0431519	0.00043296	0.00242596
131	0.0584678	0.0139196	0.00110977	0.00442184	0.0137323	0.0145249	0.0015743	0.0281726	0.0120113	0.0174047	0.00242041	0.0599667	0.0148577	0.00359216	0.0084153	0.480937	0.234263	0.0198032	0.0002694	0.0101363
132	0.120698	0.014132	0.00304095	0.00331615	0.00532418	0.164068	0.0399833	0.00588068	0.0663993	0.00832867	0.0107067	0.0759335	0.0152395	0.0314476	0.109327	0.239903	0.0448396	0.0347311	0.00131676	0.00538496
133	0.0262385	0.00742567	0.122539	0.036574	0.00487159	0.0253582	0.0161825	0.0114422	0.0916837	0.0180285	0.000848913	0.342809	0.00875605	0.0171467	0.0194371	0.181975	0.0614424	0.00541589	0.000213521	0.00161225
134	0.00909187	0.0132553	0.000754508	0.000675759	0.488094	0.00178002	0.00126644	0.0521305	0.00163602	0.327599	0.0257464	0.00210468	0.000984117	0.00130024	0.00145597	0.0036701	0.00358681	0.0630606	0.000394288	0.00141308
135	0.0532036	0.0045753	0.000758564	0.00072282	0.00377037	0.0102295	0.00119321	0.0583746	0.039682	0.0101577	0.0138571	0.025656	0.00595936	0.0015442	0.0221396	0.121822	0.600441	0.0210815	0.000309572	0.0045213
136	0.00325629	0.00125697	0.00239643	0.0115647	0.000725109	0.013919	0.00487001	0.0130939	0.660254	0.00548054	0.0064423	0.0404783	0.000462621	0.0162217	0.169253	0.0133946	0.0216728	0.00922365	0.000120476	0.00591361
137	0.0141217	0.0672029	0.00169772	0.00144358	0.128463	0.0138435	0.0208602	0.0377898	0.00357678	0.045172	0.00202381	0.0038043	0.00169489	0.00776637	0.00750017	0.0181972	0.00517792	0.00783088	0.0260201	0.585813
138	0.0257082	0.007194	0.122487	0.0364921	0.00487778	0.0254834	0.0160767	0.0113221	0.0902884	0.0178736	0.000878804	0.345235	0.0087526	0.0165885	0.0194584	0.182382	0.0617553	0.00526687	0.000218302	0.00166063
139	0.423041	0.00524664	0.00127151	0.00305974	0.0249951	0.118536	0.00138509	0.0190053	0.00479277	0.0287506	0.0104513	0.00694411	0.00869659	0.00168202	0.00335748	0.11003	0.124922	0.102239	0.000400289	0.00119384
140	0.10274	0.00735641	0.00461494	0.000872354	0.00608236	0.736774	0.00107686	0.00481589	0.00868136	0.011428	0.00243269	0.00732781	0.00485672	0.00118639	0.00202511	0.0538531	0.0259112	0.0136125	0.00348489	0.000867375
141	0.0353846	0.00615756	0.000186919	0.000150213	0.106227	0.00345117	0.000566117	0.240269	0.000747023	0.217466	0.0218818	0.000452246	0.000657931	0.000380987	0.000472169	0.00332483	0.00957241	0.344649	0.00304769	0.00495501
142	0.0626494	0.054864	0.00694719	0.00193353	0.00952126	0.120172	0.00551612	0.00741941	0.00726104	0.00915536	0.0191734	0.132472	0.00262659	0.00883081	0.020609	0.44084	0.055882	0.0109359	0.000858129	0.0223325
143	0.0146166	0.0224891	0.000627927	0.00054433	0.166375	0.00196076	0.0217905	0.149156	0.00226259	0.290791	0.0254015	0.00169249	0.00937243	0.00265079	0.00446767	0.0201447	0.0178047	0.170815	0.0128598	0.0641774
144	0.0524663	0.00844136	0.000833965	0.000905549	0.00553731	0.0109366	0.00341941	0.0524072	0.0387995	0.0088848	0.00888593	0.0600999	0.00564013	0.00219629	0.017368	0.164372	0.53013	0.0221005	0.000369077	0.00620644
145	0.0327833	0.00508147	0.0126817	0.00344882	0.0128127	0.00700303	0.0756325	0.0072498	0.324892	0.0224312	0.0179832	0.186604	0.00398808	0.0120736	0.0433484	0.125557	0.0660581	0.0089236	0.00102823	0.0304189
146	0.0790188	0.00202094	0.05194	0.0491005	0.00231265	0.0189499	0.0434895	0.00211216	0.0242649	0.0399367	0.00162065	0.0162485	0.369065	0.0552991	0.0245248	0.152171	0.0432979	0.0217924	0.000556368	0.00227822
147	0.0199287	0.00307656	0.487508	0.195713	0.0015746	0.0259418	0.0298835	0.00126106	0.019987	0.0018694	0.00343625	0.0991631	0.010924	0.0259528	0.00562184	0.0344352	0.00718676	0.0109407	0.000247939	0.0153478
148	0.0380917	0.0329275	0.00197184	0.0187064	0.142395	0.00312874	0.0302318	0.0482928	0.0353721	0.272362	0.0151508	0.00908218	0.00666415	0.053003	0.00755118	0.0842537	0.0410059	0.0725076	0.00416953	0.0831318
149	0.0302222	0.0699902	0.0647806	0.0258407	0.0141455	0.00955391	0.040021	0.0371562	0.00689623	0.0121013	0.00399002	0.122718	0.00394297	0.0109073	0.00849112	0.226142	0.14634	0.106782	0.00156255	0.0584158
150	0.45871	0.00670415	0.00122091	0.00175397	0.0301465	0.111865	0.00192288	0.0202874	0.00368921	0.0473193	0.00794773	0.00794495	0.00686668	0.00248021	0.00621058	0.0340436	0.0643412	0.18398	0.000880219	0.00168569
151	0.524643	0.021019	0.00204173	0.00274199	0.00265238	0.0100458	0.00160181	0.0025654	0.00435319	0.0146146	0.00152759	0.00228965	0.00198881	0.00184734	0.00357526	0.303608	0.0517421	0.0439107	0.000512654	0.00271889
152	0.0730943	0.00441974	0.000301409	0.000276894	0.0921885	0.00528375	0.000458604	0.202267	0.0036449	0.187312	0.0190235	0.000895222	0.00341244	0.000550506	0.00194635	0.00455707	0.0214759	0.374893	0.00129671	0.00270233
153	0.097993	0.0080414	0.00273919	0.00365096	0.0218574	0.00410084	0.013852	0.138899	0.0208615	0.118588	0.0784691	0.0528565	0.0011152	0.0157872	0.00179326	0.0717419	0.174091	0.156405	0.00564877	0.0115082
154	0.00587512	0.00290679	0.00154624	0.00159109	0.0135541	0.00313548	0.00231626	0.0125819	0.00275949	0.691245	0.0750999	0.00395979	0.00192214	0.011171	0.00280335	0.00714404	0.0234501	0.134209	0.000769516	0.00195919
155	0.313295	0.0246514	0.01187	0.0989509	0.00988486	0.121841	0.00527606	0.0157058	0.0261235	0.0141854	0.00569426	0.0491061	0.00558559	0.00921661	0.0175265	0.06849	0.128919	0.0679582	0.00151337	0.00420645
156	0.0200892	0.00295538	0.484073	0.197001	0.00155885	0.0260674	0.0300092	0.00126103	0.0204912	0.00188339	0.00347353	0.0995249	0.0110771	0.0265582	0.00584567	0.0344705	0.00715514	0.0109976	0.000242024	0.0152654
157	0.00324341	0.00120556	0.00241807	0.0113309	0.000691683	0.0139388	0.00539826	0.0131456	0.657101	0.00543752	0.00637569	0.0398743	0.000467107	0.0161456	0.173345	0.0130727	0.0216024	0.00921307	0.000146091	0.00584759
158	0.0743397	0.0111896	0.00566526	0.00154745	0.00667582	0.783845	0.00116898	0.00278654	0.00923327	0.013359	0.00160245	0.00875027	0.00483516	0.00130463	0.00208155	0.0438564	0.0134638	0.00899085	0.00398177	0.00132255
159	0.0221253	0.00169661	0.397011	0.268687	0.00162914	0.0278596	0.0252021	0.00144044	0.0274341	0.00279269	0.00523509	0.0859565	0.011267	0.0456107	0.0107765	0.0321752	0.00879628	0.0124994	0.000282338	0.011523
160	0.0656294	0.00899065	0.00116118	0.00222764	0.0179263	0.0136992	0.00244991	0.0332399	0.0157278	0.0224852	0.0022186	0.0809757	0.01076	0.00290977	0.00717491	0.362178	0.318807	0.0193266	0.000305489	0.011807
161	0.0176482	0.00631348	0.00025625	0.000226113	0.0914778	0.00277841	0.000830421	0.191126	0.000583433	0.379588	0.0305445	0.000692457	0.000405245	0.00170566	0.000554192	0.00280592	0.00768881	0.255863	0.00338681	0.00552529
162	0.018031	0.0124317	0.000894446	0.00203034	0.00827126	0.00246482	0.00340774	0.037089	0.375856	0.00882533	0.00880439	0.0749397	0.0150801	0.00590787	0.200838	0.0964394	0.0838059	0.0420702	0.000580119	0.00223229
163	0.478487	0.00607619	0.0014548	0.00200305	0.0275261	0.137325	0.00226758	0.00978992	0.00314466	0.0416048	0.00602324	0.00789574	0.00727741	0.00316289	0.00806119	0.0280352	0.0514459	0.175603	0.000827374	0.00198879
164	0.228928	0.0175419	0.00474896	0.00698157	0.0110434	0.0259626	0.00299666	0.0183481	0.0107818	0.0158288	0.00407549	0.0414106	0.00853771	0.00416998	0.00763686	0.376682	0.16608	0.0318756	0.000627004	0.0157434
165	0.0162379	0.0758225	0.00354778	0.00251488	0.114314	0.0377496	0.0213978	0.0339714	0.00552917	0.0412509	0.00608016	0.00710853	0.00232917	0.00930896	0.00869446	0.0273335	0.00926157	0.00944533	0.0232072	0.544896
166	0.015298	0.0203308	0.000507647	0.000453752	0.148444	0.00224973	0.0182972	0.172693	0.0014921	0.286487	0.0236723	0.00149909	0.0076895	0.00156879	0.00375519	0.0173806	0.0157103	0.200434	0.0116998	0.0503371
167	0.00497944	0.0165154	0.001713	0.00123293	0.0256979	0.0045137	0.455685	0.00376853	0.00232632	0.0405294	0.0019281	0.0769301	0.0103672	0.0950868	0.109588	0.00761832	0.00509957	0.0125547	0.005848	0.118018
168	0.0714233	0.0158389	0.00243423	0.0075008	0.0513732	0.00601399	0.0307515	0.0887208	0.0319769	0.135151	0.0352253	0.0400151	0.00338601	0.0298229	0.00674764	0.106123	0.148444	0.127101	0.00466116	0.057289
169	0.00918356	0.0132082	0.000754459	0.000673143	0.485685	0.0017931	0.00129554	0.0532853	0.00163221	0.32695	0.0257926	0.00210009	0.000997408	0.00128676	0.00145156	0.00369463	0.00364199	0.0646129	0.000430148	0.00153111
170	0.0258828	0.00725793	0.122605	0.036596	0.00485744	0.0253488	0.0162729	0.011414	0.0916439	0.0180561	0.00085238	0.344418	0.00879039	0.0168672	0.0195126	0.181139	0.0613931	0.00527323	0.0002117	0.00160803
171	0.101294	0.0107323	0.000968856	0.00188016	0.0186741	0.0301146	0.00445637	0.0361442	0.0121525	0.01555	0.0055811	0.0536515	0.0121987	0.00261335	0.00749271	0.312572	0.333469	0.0296317	0.00021909	0.0106038
172	0.521969	0.0203897	0.00222754	0.00349659	0.00370797	0.0155679	0.00132925	0.00348582	0.00477454	0.0152915	0.00152434	0.00275209	0.00253772	0.00179845	0.00399684	0.2669	0.074812	0.0503561	0.00041943	0.00266335
173	0.162001	0.00977325	0.00127306	0.00131694	0.0604899	0.016703	0.00249425	0.114822	0.0124089	0.109879	0.0294533	0.0105288	0.00591679	0.00286626	0.00395866	0.0238551	0.0879686	0.33847	0.00215383	0.00366711
174	0.443966	0.00494985	0.00111634	0.00277873	0.0208417	0.13963	0.00158327	0.017936	0.002864	0.0328764	0.0103944	0.00658124	0.00682278	0.00180052	0.00461208	0.0732041	0.0962693	0.129778	0.00060995	0.00138584
175	0.482728	0.00576857	0.00150803	0.00211837	0.0259615	0.138483	0.00242836	0.00974228	0.00298479	0.0399609	0.00628637	0.00780232	0.0067929	0.00286966	0.00797374	0.0292097	0.051993	0.172385	0.00081741	0.00218659
176	0.0560238	0.00310515	0.100872	0.559063	0.00319762	0.0287443	0.00367568	0.00291148	0.0375637	0.0112269	0.00915102	0.0293389	0.00269993	0.0718376	0.0170068	0.0133151	0.0151704	0.0317106	0.000733928	0.00265177
177	0.027839	0.00714755	0.000165448	0.000149756	0.112448	0.00332059	0.000807116	0.246735	0.000434319	0.231697	0.0233287	0.000399754	0.000346478	0.000357523	0.000341208	0.00310097	0.00730601	0.323679	0.00383183	0.00656488
178	0.0645811	0.0100352	0.00167782	0.00211304	0.0145923	0.0163198	0.00227408	0.0354718	0.0124036	0.013763	0.00188061	0.0750325	0.00951907	0.00277071	0.00765711	0.368426	0.325005	0.0230206	0.000191434	0.0132657
179	0.0089373	0.0145379	0.00298679	0.00190444	0.0213058	0.00636035	0.387221	0.00504343	0.0118121	0.0348369	0.00374109	0.0597603	0.0101916	0.0972786	0.211635	0.0121605	0.00826963	0.0142552	0.00430049	0.0834616
180	0.0124381	0.0469622	0.00182681	0.0031267	0.0056542	0.00484051	0.00352758	0.0187415	0.367501	0.00784341	0.00674496	0.0809185	0.00742882	0.0169753	0.246432	0.0920714	0.0503923	0.0227813	0.000817414	0.00297629
181	0.00909187	0.0132553	0.000754508	0.000675759	0.488094	0.00178002	0.00126644	0.0521305	0.00163602	0.327599	0.0257464	0.00210468	0.000984117	0.00130024	0.00145597	0.0036701	0.00358681	0.0630606	0.000394288	0.00141308
182	0.0476365	0.0109922	0.0111616	0.00627097	0.0125889	0.0146275	0.00502638	0.024611	0.0549359	0.0168773	0.00359296	0.0913019	0.0278783	0.0061187	0.0187112	0.391038	0.228798	0.0190272	0.000502186	0.00830332
183	0.046605	0.00522103	0.000778993	0.000862201	0.00425015	0.012712	0.00151161	0.0481167	0.0456518	0.00740339	0.00955928	0.0356363	0.00582254	0.00187844	0.0236309	0.150601	0.576079	0.0179866	0.000399257	0.00529313
184	0.0242317	0.00420154	0.0144564	0.0110752	0.0260051	0.013864	0.0774206	0.00442529	0.287792	0.0301755	0.0104155	0.267474	0.00284445	0.0206807	0.0337787	0.0839977	0.0403962	0.00643827	0.001296	0.039031
185	0.0594627	0.00171682	0.0860062	0.578646	0.00214313	0.0295712	0.00165491	0.00208389	0.0400119	0.0104465	0.00918593	0.0261273	0.00131561	0.0799163	0.0176893	0.00905263	0.0141652	0.0286634	0.000679281	0.00146239
186	0.0506965	0.0134311	0.0345963	0.0104539	0.0112565	0.019709	0.0095313	0.0246552	0.0338886	0.0155713	0.00231476	0.177515	0.0103324	0.00856704	0.0111632	0.318839	0.220934	0.0163201	0.000416963	0.00980728
187	0.0623103	0.00628596	0.000875579	0.0012321	0.00677907	0.0158082	0.00178232	0.0657248	0.02844	0.008645	0.00782115	0.043324	0.00569031	0.00211286	0.0238937	0.184792	0.500673	0.0224603	0.000242206	0.011107
188	0.019181	0.0105665	0.000304036	0.00020072	0.183274	0.00278865	0.0023975	0.211632	0.000575334	0.26032	0.0246517	0.000592564	0.000992036	0.000401414	0.000660277	0.00420932	0.00739169	0.254085	0.00480588	0.0109711
189	0.104088	0.00458409	0.000837386	0.00192035	0.00746076	0.0293834	0.00141369	0.0533246	0.0279303	0.0128585	0.0122212	0.0251464	0.00750489	0.00162285	0.0157339	0.151519	0.50907	0.0282885	0.000386537	0.00470523
190	0.0293574	0.00673021	0.00016783	0.000154318	0.108702	0.00329149	0.000738907	0.245964	0.000455537	0.224099	0.0226185	0.00040498	0.000344729	0.00034546	0.000350678	0.003218	0.0079049	0.335711	0.00349856	0.0059425
