237	20
1	0.12218	0.00354423	0.0763759	0.0625828	0.0047578	0.0371551	0.0348706	0.009271	0.0753752	0.00500077	0.00800224	0.179251	0.00302191	0.111476	0.0558651	0.163731	0.0193269	0.0238766	0.000764175	0.00357312
2	0.0161442	0.00648639	0.379584	0.189158	0.00697512	0.0143542	0.0157843	0.012563	0.0467464	0.0137578	0.00654566	0.138688	0.0149742	0.0404437	0.0121378	0.0403545	0.0273678	0.0097982	0.000575302	0.00756181
3	0.002451	0.0150751	0.001272	0.00975031	0.42526	0.00145088	0.0303354	0.0326443	0.0102656	0.0347676	0.00722253	0.00923907	0.000742684	0.00453907	0.00296478	0.0127243	0.00592995	0.0170596	0.0136681	0.362638
4	0.0373835	0.01261	0.0460426	0.0830514	0.0458966	0.00828137	0.0374808	0.100176	0.0938789	0.0642754	0.0583209	0.0369683	0.00300164	0.0713401	0.0678425	0.0510074	0.0405346	0.114655	0.00148531	0.0257679
5	0.00511778	0.0200524	0.00209142	0.00620167	0.356345	0.00242957	0.0130014	0.111867	0.023879	0.0766428	0.0228712	0.0156756	0.00134065	0.0103509	0.0123088	0.0224876	0.00775757	0.0480736	0.0126396	0.228866
6	0.0564361	0.0167826	0.092582	0.0172272	0.01514	0.0880461	0.0119063	0.255352	0.0612203	0.13935	0.0178037	0.0171534	0.00901867	0.0200531	0.0200407	0.0277232	0.0274555	0.0907023	0.00313696	0.0128691
7	0.0349024	0.00951659	0.0986316	0.142769	0.00948685	0.0201469	0.0368547	0.00400658	0.148978	0.00723777	0.0101957	0.085318	0.0111154	0.0892405	0.106641	0.103694	0.0454933	0.0259418	0.000243993	0.00958628
8	0.0562367	0.00806674	0.00142707	0.0333389	0.00390953	0.00553725	0.00511512	0.136662	0.075723	0.144085	0.0578264	0.0236083	0.00984503	0.0468573	0.0394204	0.0764026	0.137904	0.129828	0.00638451	0.00182214
9	0.00246918	0.0136198	0.00115751	0.000978578	0.0936163	0.00100111	0.00099751	0.125348	0.0028345	0.581223	0.0992749	0.00140342	0.00150805	0.00164343	0.00175215	0.00406454	0.00850971	0.0417831	0.000285138	0.0165303
10	0.0634834	0.0148696	0.0686991	0.0220899	0.0311773	0.336418	0.0282641	0.0233621	0.0495893	0.0412555	0.0140484	0.0708615	0.00817704	0.0212329	0.0385096	0.0833701	0.028461	0.0263348	0.00677458	0.023022
11	0.0340664	0.00891656	0.109384	0.147347	0.00944642	0.0156817	0.0307196	0.00773943	0.158858	0.00813126	0.0141564	0.0794015	0.00851513	0.0987034	0.10389	0.0854458	0.0425573	0.0279753	0.000296607	0.00876912
12	0.0499817	0.00707383	0.187899	0.051187	0.0098927	0.304939	0.0268793	0.0140532	0.0495899	0.0204088	0.00578491	0.101197	0.00581554	0.0175804	0.0262012	0.0823654	0.0155908	0.0112169	0.00231094	0.0100328
13	0.33564	0.0393097	0.00131857	0.0228518	0.00577768	0.0567252	0.00158151	0.0697766	0.00569416	0.0110129	0.00629204	0.00323295	0.00949247	0.00216202	0.00224646	0.19882	0.121784	0.100956	0.000417312	0.004908
14	0.00246252	0.0149272	0.00130891	0.00999402	0.426037	0.00151374	0.0301118	0.0324111	0.0102268	0.0352017	0.0073124	0.00920469	0.00075429	0.00458133	0.00297267	0.0127298	0.00596054	0.0168357	0.0135664	0.361887
15	0.291707	0.0312123	0.0182336	0.0180621	0.00580816	0.120506	0.00498396	0.0541596	0.0114982	0.0135453	0.00647896	0.00860516	0.00772954	0.0049794	0.00486194	0.214365	0.0931093	0.0827152	0.000938777	0.00650138
16	0.0419915	0.0133495	0.0899766	0.138138	0.0142445	0.0149798	0.0327145	0.0166305	0.15276	0.0196876	0.0222887	0.0681933	0.00767239	0.0885274	0.0999446	0.0752904	0.0489698	0.0423744	0.000554253	0.0117121
17	0.0445469	0.0252819	0.0143269	0.0131198	0.0242423	0.00855907	0.00729105	0.265899	0.0272048	0.1198	0.0257811	0.0127069	0.00635915	0.0147466	0.0155664	0.0317349	0.0396516	0.288514	0.00236075	0.0123068
18	0.00782622	0.0212748	0.00290705	0.00551808	0.306467	0.00384445	0.00890264	0.131357	0.031672	0.0927819	0.0311714	0.0171302	0.00254986	0.0114442	0.020599	0.0207209	0.00856184	0.0629518	0.0104922	0.201827
19	0.0442217	0.0122128	0.00967585	0.0251471	0.0163533	0.0117543	0.0474485	0.0999508	0.0878517	0.162598	0.0336514	0.0307866	0.0049051	0.0935086	0.150487	0.0365985	0.0732154	0.0410554	0.00270585	0.0158728
20	0.342473	0.0377864	0.00124804	0.0216738	0.00498628	0.0615199	0.00143717	0.0726924	0.00550629	0.0111702	0.00581232	0.00272594	0.00936436	0.00186227	0.00199838	0.190208	0.113227	0.108696	0.000372467	0.00524027
21	0.00942367	0.00797909	0.00315428	0.0125747	0.00511947	0.00535742	0.00719144	0.0212109	0.399067	0.0185576	0.0102589	0.0113501	0.00486233	0.10387	0.209513	0.0360955	0.100845	0.0254749	0.00114079	0.0069539
22	0.00950342	0.00822248	0.276883	0.222426	0.00642329	0.0108104	0.0220659	0.0158676	0.0667133	0.0301299	0.0154972	0.12563	0.0171893	0.0611215	0.00973872	0.0531361	0.0336772	0.00779494	0.000481899	0.00668718
23	0.0456327	0.0135328	0.0137043	0.0186527	0.0153931	0.00847624	0.0578428	0.0783039	0.189889	0.115031	0.0182522	0.0414057	0.00563229	0.053185	0.021042	0.0257453	0.0310563	0.234103	0.00242347	0.0106958
24	0.00563004	0.0358358	0.00290864	0.00811089	0.388288	0.00335046	0.029832	0.032786	0.0140019	0.0374944	0.00983264	0.0107799	0.00231457	0.00710086	0.00722638	0.0329435	0.0195526	0.0762308	0.02177	0.25401
25	0.30451	0.036256	0.0110584	0.0228129	0.00751067	0.0609595	0.00675179	0.0638022	0.015538	0.0169482	0.00971635	0.0159627	0.0118587	0.0109787	0.0100738	0.192136	0.102994	0.0915652	0.000896504	0.00767022
26	0.0245825	0.0217764	0.00293786	0.00229259	0.021261	0.0017473	0.00163288	0.287711	0.00990018	0.270201	0.0716049	0.00324399	0.00236871	0.00643661	0.00675233	0.0189675	0.0462123	0.190715	0.000864417	0.00879175
27	0.0217075	0.0174014	0.0335066	0.0417083	0.013728	0.0195246	0.0347485	0.0210536	0.309876	0.0390072	0.0221317	0.076004	0.00740558	0.0949715	0.120676	0.0483118	0.0319037	0.0280507	0.00253244	0.0157514
28	0.0435344	0.0123643	0.00777684	0.00210673	0.011253	0.00167056	0.00124591	0.375857	0.00367381	0.10017	0.0156477	0.00183232	0.00152591	0.00382815	0.00256704	0.0155406	0.0259717	0.368852	0.000370933	0.00421126
29	0.00904908	0.023157	0.00233287	0.0013273	0.0361457	0.00117588	0.00105568	0.25502	0.0073944	0.382221	0.0733234	0.00231516	0.00230774	0.00372831	0.00474906	0.0119876	0.033813	0.13762	0.000324651	0.0109522
30	0.0121121	0.0065496	0.403869	0.193555	0.00663407	0.0137149	0.0141072	0.0123434	0.0418182	0.0131789	0.00606443	0.137325	0.0160392	0.036947	0.00729833	0.0352375	0.026557	0.00824931	0.000623975	0.00777671
31	0.0144048	0.0178088	0.0228814	0.031438	0.00848737	0.0156166	0.0327077	0.0144766	0.344689	0.0368677	0.0222944	0.0669572	0.00385379	0.139375	0.139981	0.0322384	0.018649	0.0228739	0.00251991	0.0118806
32	0.0520039	0.00803175	0.0910041	0.118408	0.00838026	0.024671	0.0399578	0.00468405	0.133507	0.0062504	0.00856025	0.106037	0.00890821	0.0961639	0.0965697	0.122466	0.0398392	0.0257733	0.00031538	0.00846848
33	0.0292452	0.015592	0.0046736	0.00675437	0.165224	0.0157818	0.068474	0.0156057	0.0469817	0.2369	0.00978675	0.0136837	0.00262264	0.126115	0.0434852	0.0295522	0.0177547	0.0203735	0.00188644	0.129507
34	0.00995743	0.0157412	0.00401169	0.000953867	0.0208274	0.000963796	0.000920754	0.348424	0.00547671	0.287157	0.0484382	0.00172072	0.00129675	0.00277549	0.00375265	0.0111959	0.0315806	0.197162	0.000255827	0.00738801
35	0.0567741	0.00834018	0.00158131	0.0202354	0.00312737	0.00425447	0.00416533	0.155754	0.0776144	0.15218	0.0723475	0.0207468	0.00409459	0.0470236	0.0605555	0.070931	0.114915	0.11418	0.00896668	0.00221263
36	0.0111537	0.0118685	0.00727364	0.0173322	0.00289994	0.0101004	0.0182302	0.00991298	0.381996	0.023836	0.0158102	0.0390929	0.00135868	0.130968	0.244584	0.0295795	0.0205369	0.017425	0.0010256	0.00501583
37	0.0460386	0.0122893	0.0462228	0.193195	0.017748	0.0138888	0.0677476	0.0212578	0.108817	0.0464361	0.0212378	0.0642955	0.00817562	0.0889433	0.0663479	0.0761973	0.0348982	0.0317351	0.00174875	0.0327792
38	0.00507002	0.012476	0.0246567	0.0162725	0.00298938	0.019829	0.052414	0.0102026	0.413884	0.0205751	0.00922727	0.113387	0.00136961	0.117499	0.134079	0.0236939	0.00526317	0.00486984	0.00271451	0.00952759
39	0.0615411	0.0177761	0.0377277	0.0575659	0.0181066	0.02134	0.0299191	0.0368557	0.179547	0.058435	0.0546789	0.0937784	0.010114	0.0751047	0.0715652	0.0686019	0.0433952	0.0435037	0.00359477	0.0168492
40	0.046314	0.00707276	0.006102	0.0527501	0.00996458	0.00635733	0.017705	0.1089	0.074443	0.0887604	0.0524656	0.0340415	0.00410074	0.0705588	0.0435798	0.0610841	0.149618	0.159377	0.00352636	0.00327886
41	0.0775722	0.043665	0.00588726	0.00939557	0.0604564	0.0107962	0.0979122	0.0227447	0.0471859	0.0769234	0.0265534	0.0204476	0.00325208	0.119438	0.0304582	0.0649472	0.0437447	0.0176836	0.00147158	0.219465
42	0.0391954	0.0105467	0.00770984	0.00125326	0.0118977	0.0013974	0.00121161	0.382942	0.00352443	0.114095	0.0168569	0.00188748	0.0013176	0.00330527	0.00233977	0.0145921	0.0259326	0.355268	0.000435112	0.00429206
43	0.0130007	0.0264423	0.00627084	0.0316562	0.0352956	0.00543325	0.0173734	0.0928747	0.200195	0.0782501	0.0992792	0.0878786	0.00287791	0.0469399	0.0610095	0.0598667	0.0536991	0.0216002	0.00166188	0.0583946
44	0.0401354	0.00939931	0.00365216	0.0181595	0.00633655	0.00577979	0.0101249	0.15418	0.0766318	0.164553	0.0728137	0.0209316	0.00401294	0.0637668	0.0840453	0.0609054	0.109402	0.08369	0.00583433	0.00564504
45	0.0264098	0.0104444	0.104276	0.218307	0.0105794	0.0149157	0.02932	0.0216598	0.126375	0.030118	0.0167691	0.0717284	0.0114264	0.104171	0.06473	0.0586675	0.0385311	0.029882	0.00135577	0.0103337
46	0.0189617	0.0134037	0.00244444	0.0262159	0.00362352	0.00913089	0.00428333	0.00762411	0.27987	0.0313556	0.0231857	0.00596804	0.00176681	0.145206	0.337683	0.0413108	0.0158161	0.0280164	0.000744784	0.00338876
47	0.00925604	0.00616015	0.281334	0.227862	0.00544586	0.00987976	0.0233197	0.0170415	0.064749	0.0281036	0.0115338	0.124216	0.0199788	0.0666522	0.00758459	0.0492886	0.0330622	0.00701089	0.000442859	0.00707922
48	0.0675546	0.0234055	0.00638813	0.00187506	0.01226	0.00400928	0.00160719	0.317159	0.00452525	0.0832649	0.0219648	0.00217641	0.00360076	0.00635053	0.00294231	0.0240256	0.0228076	0.387922	0.000430747	0.00573081
49	0.00147252	0.0114424	0.000980637	0.00103328	0.117925	0.00109544	0.00106733	0.0807764	0.00216225	0.609542	0.125319	0.00135016	0.00110768	0.00145705	0.0014172	0.00233268	0.00306865	0.021063	0.000334619	0.0150525
50	0.0786812	0.0576151	0.0468101	0.00915693	0.0115359	0.020813	0.0159444	0.0268268	0.057086	0.0506347	0.0406028	0.0615381	0.00710344	0.0436645	0.0531805	0.26943	0.104667	0.0178475	0.00187688	0.024985
51	0.0113483	0.023126	0.017043	0.0192987	0.0100189	0.003903	0.0557231	0.0792324	0.14404	0.0593778	0.0481902	0.0577302	0.00192278	0.075448	0.168142	0.106806	0.0358221	0.0287251	0.00367234	0.0504303
52	0.00905661	0.0199465	0.00271169	0.00101342	0.0235566	0.000971414	0.000967452	0.303197	0.00714673	0.333927	0.0612686	0.00244962	0.00170317	0.00309453	0.00478115	0.0128407	0.0397638	0.162233	0.000273407	0.00909777
53	0.0566931	0.0060746	0.118016	0.100233	0.0116636	0.036583	0.042428	0.00719258	0.0963693	0.00921555	0.00712143	0.163153	0.00752674	0.0657068	0.0768294	0.126889	0.0406917	0.0189254	0.000810971	0.00787673
54	0.0202719	0.0138701	0.0164408	0.0443353	0.114009	0.242383	0.0193127	0.0157452	0.0329085	0.070302	0.0163244	0.0936037	0.00510044	0.0216601	0.0618069	0.0615223	0.0178315	0.0207107	0.00851789	0.103343
55	0.0185705	0.00850768	0.00586109	0.00083871	0.0154564	0.000897065	0.000866912	0.457134	0.00263682	0.132948	0.0158527	0.00120601	0.000433459	0.00233512	0.00174948	0.0104413	0.019683	0.299986	0.000239541	0.00435611
56	0.0195187	0.00849874	0.00597253	0.000846918	0.0151696	0.000922517	0.000858008	0.455767	0.00260807	0.129721	0.0153378	0.00123457	0.000458056	0.00237061	0.00172398	0.0107459	0.0197208	0.303939	0.000245796	0.00434065
57	0.00313621	0.0128195	0.0196774	0.0116257	0.00283894	0.0204581	0.0540843	0.0103777	0.427919	0.0215631	0.00953403	0.110969	0.00105301	0.117747	0.136803	0.0196901	0.00332178	0.00415604	0.00281818	0.00940825
58	0.0027838	0.0159953	0.00126959	0.00198295	0.130497	0.00158376	0.00258359	0.0794868	0.00514446	0.570173	0.105063	0.00326744	0.00140609	0.00355316	0.00326896	0.00470022	0.00410687	0.0265226	0.00124232	0.0353684
59	0.00259756	0.0157008	0.00124621	0.0094365	0.423253	0.00145396	0.0323542	0.0337995	0.010536	0.0349883	0.00733373	0.009405	0.000747395	0.00523434	0.00299906	0.0132381	0.0061249	0.0174268	0.0138722	0.358253
60	0.114134	0.116885	0.0051493	0.00748928	0.0599837	0.0329858	0.0789129	0.0149126	0.0227746	0.0812079	0.0129825	0.0387793	0.0036106	0.0424684	0.0152179	0.0891695	0.0441947	0.0163528	0.00291259	0.199876
61	0.0364303	0.0219143	0.00630398	0.0163183	0.00855185	0.0181167	0.0413319	0.011213	0.0120331	0.0344772	0.00831621	0.022085	0.00287198	0.0204608	0.00925852	0.318859	0.37154	0.0238163	0.00728447	0.00881781
62	0.00356369	0.0149481	0.00139444	0.00903111	0.466314	0.00175244	0.025307	0.0390297	0.0131671	0.0508641	0.012319	0.0106562	0.00085656	0.00738529	0.00512342	0.0135265	0.007158	0.0194593	0.014008	0.284136
63	0.0267654	0.0118419	0.0468031	0.119884	0.0123047	0.0134369	0.0657423	0.0164357	0.191879	0.0265785	0.0258748	0.0653223	0.00523373	0.114194	0.118849	0.0621977	0.0338662	0.0276379	0.00156553	0.0135872
64	0.00420285	0.0187023	0.0024103	0.00642588	0.349974	0.00220816	0.0182636	0.0864609	0.0271273	0.0816923	0.0238691	0.0165893	0.00126364	0.0135737	0.0105112	0.0167776	0.00796445	0.0350834	0.0128152	0.264085
65	0.133988	0.0827658	0.00501328	0.00839553	0.0108241	0.0446177	0.00515198	0.0841993	0.01436	0.0679706	0.0370673	0.00685593	0.00882653	0.0103964	0.00868704	0.086617	0.0272337	0.347171	0.00129541	0.00856368
66	0.00157702	0.01159	0.000961254	0.00103079	0.115411	0.00108895	0.00104847	0.0850248	0.00227093	0.604545	0.125448	0.00134876	0.00112187	0.0015261	0.0015011	0.00258512	0.00351487	0.0230717	0.000333696	0.0150003
67	0.0324627	0.0136047	0.00807477	0.148903	0.0143849	0.110744	0.0341336	0.0150468	0.0177526	0.0405622	0.011686	0.0161402	0.00438488	0.0160752	0.0168637	0.158205	0.258239	0.0186254	0.0421167	0.0219958
68	0.0118866	0.0393117	0.00442577	0.00673415	0.225346	0.00910359	0.00953172	0.0439963	0.0224022	0.211615	0.0178017	0.0280017	0.0035344	0.0201959	0.0335951	0.036483	0.0110839	0.103143	0.0059515	0.155857
69	0.0938444	0.135736	0.00492343	0.00590865	0.0272562	0.0123434	0.00599507	0.117072	0.0205447	0.122025	0.055736	0.00673115	0.0122153	0.0183377	0.0111255	0.0324965	0.0377148	0.2626	0.00145237	0.0159418
70	0.0351821	0.0112483	0.0849591	0.142995	0.0106519	0.0198668	0.0392432	0.00601179	0.145477	0.0129674	0.0103502	0.0830085	0.0130586	0.085391	0.109926	0.103843	0.0475432	0.027029	0.000319259	0.0109289
71	0.0116765	0.0252555	0.0419931	0.0109562	0.0239919	0.141542	0.0478948	0.0111151	0.219276	0.0349563	0.0146189	0.132845	0.00236077	0.0881565	0.101641	0.0326786	0.00770908	0.0182166	0.0233103	0.00980611
72	0.0388111	0.0133927	0.0580734	0.099682	0.0280806	0.163842	0.0344705	0.0179524	0.0839858	0.0404951	0.0194611	0.0743305	0.0085983	0.0529603	0.0952951	0.0708624	0.0424794	0.0270569	0.00683088	0.0233393
73	0.0115714	0.00750362	0.399473	0.190986	0.00652283	0.0130012	0.0146139	0.0130076	0.0444168	0.0151879	0.00697782	0.136236	0.0142333	0.0374829	0.00730752	0.0350706	0.0297889	0.00885065	0.000638523	0.00712957
74	0.0016051	0.0117235	0.000978131	0.00108208	0.116321	0.00107885	0.0010798	0.0837987	0.00220707	0.606807	0.12412	0.00137516	0.00112176	0.00150413	0.00142936	0.00245655	0.00346043	0.0224929	0.000329289	0.0150295
75	0.0462772	0.014626	0.00544065	0.0107393	0.164819	0.0429746	0.0278306	0.017678	0.0576921	0.264084	0.0142826	0.0170042	0.00518209	0.0825718	0.0536804	0.0434286	0.0147294	0.0297524	0.00525737	0.08195
76	0.0333083	0.00859013	0.135076	0.144229	0.00898023	0.0226321	0.0370608	0.00532636	0.120637	0.00863857	0.00823833	0.102361	0.0141005	0.0819565	0.0840855	0.107353	0.0446619	0.022365	0.000342372	0.0100586
77	0.0478907	0.0349585	0.00348597	0.00369461	0.068775	0.00801592	0.103718	0.0297596	0.0389955	0.0876539	0.0120865	0.0187836	0.00192148	0.111256	0.0149897	0.040898	0.038598	0.0181444	0.00107911	0.315296
78	0.00509273	0.0153914	0.00174822	0.00109892	0.0593371	0.00111073	0.000965692	0.211105	0.00480462	0.463893	0.09197	0.00199006	0.00182719	0.00213599	0.00313436	0.0075804	0.0265457	0.0886855	0.000270871	0.011312
79	0.0161323	0.0150105	0.00691229	0.0452654	0.0139261	0.00439305	0.0390276	0.0410541	0.249981	0.0433362	0.0265311	0.0848949	0.0017244	0.078614	0.117548	0.0876102	0.0623156	0.0386455	0.00164628	0.025432
80	0.339619	0.0374237	0.00125454	0.0208153	0.00513304	0.060592	0.00141546	0.0790778	0.00538761	0.0118771	0.00576153	0.00284436	0.00934481	0.00189651	0.00198488	0.190345	0.112158	0.107644	0.000350193	0.00507492
81	0.0192314	0.0175486	0.002109	0.024023	0.00335271	0.00862917	0.00335095	0.00574837	0.271754	0.0364661	0.0279426	0.00588065	0.00132524	0.161966	0.325004	0.0396564	0.0113035	0.0307939	0.000810111	0.00310325
82	0.002366	0.0140064	0.00121492	0.0091877	0.504175	0.00129406	0.0274373	0.0292612	0.00989474	0.0367677	0.00956441	0.00972616	0.000706234	0.00448689	0.00299848	0.012827	0.00660524	0.0168762	0.0152316	0.285373
83	0.0030055	0.0151673	0.00126932	0.00934827	0.430426	0.00154689	0.0279327	0.0374146	0.0113306	0.0396854	0.00916226	0.0101869	0.000818689	0.00566156	0.00403952	0.0133694	0.00620727	0.0188121	0.0138149	0.340801
84	0.334453	0.0364515	0.00141302	0.0216481	0.00653695	0.0561277	0.00167488	0.0706256	0.00564616	0.012277	0.00693138	0.00264022	0.00784573	0.00215231	0.00202252	0.200216	0.126328	0.0997088	0.000402898	0.00489832
85	0.307004	0.0326358	0.014618	0.0183714	0.00563689	0.112248	0.00381403	0.058619	0.00980885	0.0126498	0.006176	0.00750913	0.00911607	0.00378566	0.00391418	0.205112	0.0924383	0.0898547	0.000634497	0.00605334
86	0.0179638	0.00930406	0.033225	0.346882	0.0105309	0.00805703	0.0177144	0.0275011	0.047931	0.0501595	0.00974794	0.0238589	0.00473385	0.291781	0.0202217	0.0253858	0.0212043	0.0209012	0.00244621	0.0104505
87	0.00732477	0.0145178	0.00281211	0.000834372	0.0226866	0.000882184	0.000840195	0.364828	0.00604209	0.292373	0.0522403	0.00196921	0.00154541	0.00275832	0.00365435	0.0105689	0.036156	0.170018	0.000213043	0.00773531
88	0.028404	0.00980168	0.00868295	0.000876726	0.0125622	0.00117857	0.000940152	0.377419	0.00322822	0.163187	0.0238846	0.00157714	0.000735658	0.00228449	0.00238771	0.012004	0.030289	0.316051	0.000337136	0.00416837
89	0.0464544	0.0729314	0.0467634	0.00653681	0.0242222	0.00692995	0.0727296	0.0548594	0.0142901	0.113954	0.0262288	0.0447258	0.00413834	0.0113703	0.0288914	0.197244	0.0884131	0.0976113	0.0170075	0.0246987
90	0.316586	0.0358734	0.00290447	0.0193267	0.00527117	0.0748536	0.00203431	0.0870717	0.00750148	0.0142888	0.00670265	0.00385521	0.00864531	0.00263241	0.00282429	0.188996	0.099174	0.115635	0.000438113	0.00538567
91	0.00685041	0.0180924	0.00220411	0.000967994	0.0373346	0.00093182	0.000901316	0.273865	0.00582416	0.390064	0.0692087	0.00215026	0.00168652	0.00252503	0.00376092	0.01004	0.0316834	0.131458	0.000234748	0.0102167
92	0.0123107	0.00559221	0.172628	0.288433	0.00511873	0.00682398	0.0153983	0.0227642	0.0906933	0.022999	0.010312	0.0810928	0.0118678	0.147583	0.0215413	0.0354315	0.0283786	0.0146624	0.00080763	0.00556169
93	0.0422297	0.0311756	0.0034769	0.00383398	0.0757526	0.00770914	0.103537	0.0313784	0.0387445	0.0809388	0.0116618	0.0207239	0.00184187	0.107384	0.0139195	0.0368455	0.0377802	0.0169389	0.00159022	0.332538
94	0.00736284	0.0567798	0.00324555	0.00483369	0.00513523	0.00553762	0.00418276	0.00679517	0.268795	0.178279	0.095534	0.100752	0.00222101	0.116042	0.0491496	0.0222803	0.00728475	0.0595091	0.00180218	0.00447941
95	0.0457602	0.00622969	0.0673824	0.0406222	0.0105184	0.235318	0.0548377	0.00993062	0.109339	0.0183206	0.00580471	0.156003	0.00257636	0.0370823	0.0612957	0.0997557	0.0148328	0.0111954	0.00209674	0.0110984
96	0.0258857	0.00855618	0.00692052	0.000849311	0.0131266	0.00116785	0.000918505	0.432516	0.00262113	0.122843	0.0148329	0.00135355	0.000480573	0.0023456	0.0017392	0.0114927	0.0209478	0.327066	0.000304304	0.0040321
97	0.0440632	0.0122138	0.00770473	0.00113006	0.00984267	0.00197578	0.00117472	0.377446	0.00275383	0.102175	0.0163249	0.00160713	0.000699694	0.00273919	0.00199618	0.0162585	0.0218881	0.374136	0.000373507	0.00349727
98	0.0444028	0.0230253	0.0500728	0.0380902	0.0273869	0.189074	0.0916099	0.02283	0.0757101	0.0457401	0.0188367	0.0872972	0.00822127	0.0398913	0.0529148	0.077762	0.0455257	0.0259965	0.00825031	0.0273626
99	0.0295034	0.0190411	0.0109461	0.0335692	0.0234952	0.0212583	0.0264723	0.036981	0.161643	0.0948536	0.0309355	0.03464	0.00531578	0.124568	0.204529	0.0454791	0.0369003	0.0381086	0.00333242	0.018429
100	0.0171314	0.00764955	0.34962	0.174812	0.00824617	0.0194397	0.0185145	0.0140411	0.0515141	0.0164468	0.0080553	0.138946	0.0182007	0.0423843	0.0157691	0.0494801	0.0293502	0.0108307	0.00101787	0.00855046
101	0.0124595	0.013552	0.00430118	0.000815492	0.0197354	0.000933374	0.000880326	0.362162	0.00524255	0.264566	0.0456402	0.00186628	0.00129336	0.00273105	0.00327189	0.0107471	0.0317867	0.21097	0.000234927	0.0068109
102	0.0202421	0.0169774	0.0340646	0.0393512	0.0141125	0.0246944	0.0315384	0.0240298	0.300481	0.0421633	0.021379	0.073221	0.00835705	0.0958991	0.121757	0.0515439	0.0313421	0.0291041	0.0028098	0.0169326
103	0.0500721	0.0205837	0.0829098	0.0485322	0.0264942	0.0186827	0.0175628	0.023228	0.0276581	0.0238647	0.0211686	0.084102	0.366649	0.0250215	0.0212466	0.0849838	0.0233886	0.0177557	0.00684553	0.00925018
104	0.015784	0.00718516	0.276652	0.211799	0.00661909	0.0125616	0.0206798	0.0141053	0.0781937	0.0187845	0.00897054	0.115775	0.0153693	0.0646187	0.0278638	0.0499147	0.0327534	0.0143476	0.000488962	0.00753306
105	0.0257352	0.00826665	0.279885	0.14442	0.0108564	0.0372044	0.0243205	0.0135871	0.0653133	0.0181787	0.0102682	0.146698	0.0257329	0.0459883	0.0266133	0.0627156	0.0283761	0.0153577	0.00165791	0.00882441
106	0.013024	0.0105004	0.0048248	0.000767095	0.0178546	0.000940432	0.000827363	0.421974	0.00389067	0.200471	0.0298669	0.00151469	0.000688828	0.00265693	0.00252369	0.00979848	0.0271713	0.244489	0.000243457	0.00597225
107	0.00421327	0.0134268	0.00166437	0.00167322	0.0880123	0.00208077	0.00148347	0.135564	0.00541149	0.538152	0.110588	0.00237324	0.00165161	0.00341881	0.00386739	0.00653522	0.0144623	0.0509898	0.000537002	0.0138953
108	0.00145887	0.0119256	0.00100399	0.00102216	0.11832	0.00107726	0.0010511	0.0811056	0.00212807	0.617381	0.114536	0.00135779	0.00105776	0.00143382	0.00136335	0.00231104	0.00286821	0.0219989	0.000355062	0.0162444
109	0.0151739	0.0054976	0.328667	0.174396	0.00658235	0.0164132	0.0243327	0.0142663	0.0589394	0.016839	0.00741933	0.163802	0.014368	0.0376066	0.0176004	0.052971	0.0305664	0.0070006	0.000720682	0.0068379
110	0.0144716	0.0227183	0.0113207	0.0134482	0.0903415	0.174583	0.0158928	0.0140622	0.0999488	0.0991876	0.0568064	0.0672053	0.00538055	0.069	0.0908544	0.0272344	0.0133483	0.0349496	0.0599725	0.0192742
111	0.0263273	0.0167257	0.0311016	0.0536084	0.0452926	0.0270186	0.0983237	0.0271986	0.128254	0.0465072	0.0230998	0.0791471	0.00544298	0.115742	0.119902	0.0526364	0.0400287	0.0331054	0.00525941	0.025279
112	0.0102955	0.012405	0.00401798	0.000796481	0.0197846	0.000882377	0.000789679	0.393501	0.00496789	0.246192	0.0408766	0.00180526	0.00102909	0.002492	0.00301523	0.00987388	0.0337619	0.207066	0.000229411	0.00621779
113	0.00833185	0.0608836	0.00360056	0.00524073	0.00572619	0.00524012	0.00489208	0.00767107	0.308258	0.158662	0.0885735	0.072391	0.00234118	0.135198	0.0423012	0.0202062	0.00813123	0.0555526	0.00162356	0.00517574
114	0.00741819	0.0154624	0.00282204	0.000850762	0.0229777	0.00090558	0.000876629	0.349199	0.00610058	0.306971	0.0548602	0.00201944	0.00166948	0.00284251	0.00378224	0.0107921	0.0352006	0.167097	0.000227643	0.00792413
115	0.333981	0.0363092	0.00157445	0.0208286	0.00564413	0.0610804	0.00161601	0.0839677	0.00596077	0.0120044	0.00588957	0.00321693	0.00866048	0.00214947	0.00219859	0.192041	0.113753	0.103386	0.000430462	0.00530703
116	0.0347681	0.0240698	0.193074	0.0950719	0.0169138	0.0219819	0.0185191	0.0741951	0.0564663	0.0524442	0.015682	0.0645018	0.0122975	0.0411009	0.0340806	0.0530069	0.0523221	0.123889	0.00254361	0.0130704
117	0.00949259	0.0170777	0.00593784	0.0102825	0.406893	0.00789568	0.0214475	0.0530847	0.0213421	0.0957734	0.0248231	0.0156649	0.00353524	0.0130586	0.0125203	0.0223307	0.0151117	0.034649	0.0134119	0.195667
118	0.0690785	0.0122562	0.070687	0.0217961	0.0196713	0.343791	0.0282167	0.0268316	0.0522918	0.035859	0.0132433	0.0719966	0.0129837	0.0184598	0.0373705	0.0853646	0.0312236	0.0274031	0.00532562	0.01615
119	0.0282693	0.0240848	0.00451739	0.012854	0.00714083	0.0129511	0.0353006	0.00961128	0.0103408	0.0258776	0.00672343	0.0230353	0.00252783	0.0217478	0.00770371	0.35206	0.381954	0.0223025	0.00430974	0.00668799
120	0.339267	0.038737	0.00137956	0.0209531	0.00500255	0.0615	0.00153765	0.0735493	0.00552903	0.0117984	0.00628075	0.00285346	0.00969958	0.00184575	0.00206166	0.18951	0.110782	0.111477	0.000393317	0.00584292
121	0.0176089	0.0413163	0.0129103	0.014698	0.0913012	0.138607	0.0186263	0.0156948	0.124247	0.0819303	0.0250773	0.0683267	0.00506261	0.0906561	0.0756285	0.0457057	0.0155664	0.0768804	0.0213598	0.0187958
122	0.0843556	0.0497707	0.0444833	0.0134665	0.0106315	0.0277875	0.0112187	0.0266934	0.0667144	0.0405144	0.0329423	0.0702507	0.0099641	0.0502499	0.0565117	0.269874	0.0954461	0.014413	0.000932663	0.0237791
123	0.027227	0.0234287	0.00480354	0.0128764	0.00712788	0.0134866	0.0347015	0.00985483	0.0116381	0.0268354	0.00742979	0.0218023	0.00258607	0.0250963	0.00807615	0.349335	0.380421	0.0214353	0.00499624	0.00684184
124	0.0247751	0.0456939	0.00551367	0.00820256	0.266737	0.0058063	0.0149853	0.115273	0.024948	0.117625	0.0294603	0.0150465	0.00711039	0.0171618	0.0121333	0.0256933	0.0215095	0.0747258	0.010317	0.157283
125	0.0610696	0.200024	0.0124998	0.0117331	0.0239462	0.0167898	0.0158052	0.0642589	0.0283688	0.101916	0.0357243	0.0153915	0.00961245	0.0202833	0.0235057	0.0459161	0.0691768	0.224069	0.00362409	0.0162853
126	0.0340509	0.0225701	0.0360746	0.0267099	0.0434736	0.256168	0.0284926	0.0230917	0.0723064	0.0860582	0.0231877	0.0618974	0.00846376	0.0377737	0.0902947	0.0527623	0.0265526	0.0295712	0.012977	0.027524
127	0.0509457	0.0274813	0.0158732	0.0286477	0.115273	0.0244376	0.0273882	0.062665	0.0407802	0.0889422	0.0337646	0.0287967	0.0175595	0.0342218	0.0294016	0.0813884	0.161905	0.0646501	0.00633067	0.0595475
128	0.190546	0.026455	0.0123131	0.0381128	0.00884229	0.0436159	0.00897273	0.0277787	0.0169533	0.0149824	0.0287275	0.0148579	0.303437	0.0244846	0.0162825	0.104903	0.0526547	0.0540842	0.00219709	0.00979834
129	0.0442938	0.0104702	0.051766	0.24443	0.0121967	0.0161465	0.0512742	0.0114293	0.0881732	0.0405177	0.0143733	0.0551107	0.00763185	0.11046	0.0780033	0.0906941	0.0324917	0.0248201	0.00161	0.0141079
130	0.00443352	0.0165325	0.00158807	0.00866795	0.395048	0.00265638	0.0236977	0.0488918	0.0151829	0.0687145	0.0141367	0.0121195	0.00111669	0.00874119	0.00673272	0.0157538	0.00730277	0.0244182	0.0127843	0.31148
131	0.0251521	0.0133597	0.0169879	0.00399802	0.0178281	0.00446834	0.0031513	0.337808	0.00951841	0.197034	0.0299041	0.00434016	0.00285646	0.00615041	0.006014	0.0143655	0.0305788	0.268979	0.000763683	0.00674217
132	0.24056	0.0746541	0.016594	0.0208024	0.0124741	0.0342818	0.0112736	0.0345536	0.0158751	0.0209815	0.0169483	0.0394922	0.123126	0.0155727	0.012192	0.167003	0.0507042	0.0784862	0.0035708	0.0108539
133	0.0800813	0.0183591	0.0377059	0.043594	0.0175346	0.0239774	0.0130952	0.0235253	0.0257635	0.0220478	0.029811	0.0384498	0.438913	0.0272644	0.0222955	0.0738887	0.026806	0.0214146	0.00460775	0.0108653
134	0.0200774	0.00814884	0.204605	0.212274	0.00857504	0.0138362	0.0233794	0.0159041	0.0999386	0.0191511	0.0110739	0.098765	0.0148028	0.0833454	0.0433696	0.0585019	0.0348976	0.0198893	0.00117715	0.00828794
135	0.00145624	0.0119539	0.00100444	0.00102402	0.11836	0.00107777	0.0010708	0.0810587	0.00213999	0.617551	0.11425	0.00135626	0.00105751	0.00142669	0.00136636	0.00231421	0.00287534	0.0220031	0.000346907	0.016307
136	0.250022	0.026947	0.0370387	0.0185603	0.00850073	0.200103	0.0100187	0.0456894	0.0234824	0.0188021	0.00800921	0.0215933	0.0147339	0.00853347	0.0114721	0.148936	0.0668716	0.0700181	0.00192972	0.00873784
137	0.244271	0.0628117	0.00368071	0.0149884	0.017767	0.0383108	0.00335386	0.111886	0.0142352	0.0414377	0.0187106	0.00488137	0.0140773	0.01167	0.00580762	0.120764	0.0823278	0.176965	0.000983938	0.0110703
138	0.0124422	0.0171538	0.00292778	0.00150235	0.0266075	0.00122014	0.00110851	0.325589	0.00743864	0.283028	0.0583853	0.00353579	0.00199162	0.00370448	0.00453652	0.0124753	0.0592999	0.169262	0.000534944	0.00725584
139	0.0178127	0.00886419	0.00566987	0.00080563	0.0158046	0.000910533	0.000860075	0.453697	0.0027727	0.140867	0.0173092	0.00119892	0.000466448	0.00235344	0.00183237	0.0103334	0.0202021	0.293522	0.000225046	0.00449216
140	0.00244165	0.0146848	0.00132129	0.00998692	0.430521	0.00151661	0.029568	0.032035	0.0101914	0.035561	0.00744668	0.00922765	0.000737264	0.00451461	0.00297524	0.0126329	0.00588927	0.0164462	0.013684	0.358619
141	0.0279363	0.0109604	0.055781	0.0987977	0.0109925	0.0168294	0.0494569	0.0148234	0.211055	0.0232558	0.0169429	0.0796327	0.00586764	0.110439	0.121673	0.0690629	0.0374409	0.0266621	0.00117397	0.0112157
142	0.00183988	0.0127502	0.00111253	0.00151633	0.119225	0.00134069	0.00125125	0.0782262	0.00260481	0.59698	0.134683	0.00172512	0.00120412	0.00181734	0.00156312	0.00278744	0.00345496	0.0205932	0.000332356	0.0149917
143	0.0984341	0.0601546	0.00299855	0.00344075	0.0692196	0.00507422	0.00313863	0.166145	0.0244149	0.126445	0.0398882	0.00447713	0.0207485	0.0310727	0.00903016	0.0259	0.037538	0.235215	0.000702432	0.0359625
144	0.287425	0.0382597	0.0014543	0.0241762	0.00582881	0.0506867	0.00318001	0.0617973	0.00605238	0.0117922	0.00605378	0.00339624	0.00674651	0.00353405	0.0021385	0.226223	0.161035	0.0945808	0.000693581	0.00494548
145	0.0367655	0.0109099	0.0840818	0.0266534	0.0182995	0.273389	0.0623514	0.0142722	0.077432	0.0289176	0.00822912	0.149089	0.00356827	0.0219691	0.0468903	0.0863414	0.0182079	0.0109817	0.0052474	0.0164035
146	0.0298741	0.0117292	0.033679	0.0856242	0.0227933	0.0106165	0.0365267	0.027417	0.202435	0.0384054	0.0232341	0.0802839	0.00522849	0.0802238	0.103984	0.0855054	0.0538387	0.0448036	0.00104537	0.0227526
147	0.0640151	0.0233038	0.0102118	0.0125969	0.120523	0.012938	0.0121374	0.0436744	0.0248098	0.10836	0.0537039	0.0157339	0.0857275	0.0190139	0.0206006	0.0916619	0.150276	0.106737	0.00376362	0.0202114
148	0.0858289	0.0226214	0.0109002	0.0302324	0.0260733	0.0191569	0.00869166	0.100753	0.0273125	0.0890176	0.0516835	0.0199827	0.270659	0.0280412	0.0246577	0.0506166	0.0435024	0.0736422	0.00260774	0.0140191
149	0.00852876	0.0166081	0.00237355	0.0110301	0.445065	0.00563576	0.0219341	0.0465647	0.0153343	0.0732467	0.0184422	0.0135084	0.00252954	0.00942856	0.00898424	0.0208939	0.0162886	0.0305506	0.0131275	0.219926
150	0.0144592	0.0341612	0.0128854	0.0234517	0.0149955	0.0103035	0.068585	0.0499018	0.158465	0.0391479	0.0384041	0.0557022	0.00235632	0.0944572	0.141601	0.0681028	0.0264069	0.0873917	0.0163439	0.0428776
151	0.0901296	0.00576009	0.12352	0.00802628	0.00909376	0.417803	0.0230172	0.0106605	0.0452679	0.0197813	0.00514934	0.073631	0.00221195	0.00658094	0.0231047	0.107824	0.00755295	0.00909965	0.00164967	0.0101363
152	0.0200303	0.017608	0.0054171	0.01187	0.00815565	0.0124193	0.0492244	0.0104652	0.0116906	0.024572	0.00738306	0.146897	0.00293719	0.0176254	0.00945919	0.298746	0.301591	0.031583	0.00438706	0.00793951
153	0.0108932	0.00575433	0.317595	0.228635	0.00553265	0.0112691	0.0194979	0.0154185	0.0528499	0.0213118	0.00847863	0.122288	0.0224241	0.0599799	0.00738155	0.0449048	0.0293581	0.00793751	0.000528033	0.00796237
154	0.00334381	0.0181966	0.0016594	0.00751561	0.393927	0.00293242	0.0199302	0.0634168	0.021461	0.0516319	0.0143045	0.0189983	0.000940795	0.00859274	0.00680155	0.0145533	0.00676807	0.0258719	0.0227396	0.296414
155	0.0803149	0.00951951	0.0121643	0.0745378	0.0400122	0.0304165	0.0481066	0.0512816	0.0657413	0.166966	0.0942259	0.0423404	0.00394031	0.109849	0.0390122	0.0240427	0.0354331	0.0559332	0.00230677	0.0138563
156	0.0278956	0.0272123	0.00334765	0.0108444	0.0192589	0.00358751	0.00329184	0.202942	0.0317765	0.227377	0.0603833	0.017788	0.00431971	0.0193314	0.0196098	0.0344123	0.140913	0.137803	0.00243854	0.00546724
157	0.00798714	0.0172921	0.00283057	0.00457722	0.165069	0.00342269	0.00585626	0.134446	0.0127133	0.396477	0.0751466	0.00703562	0.00464911	0.00710489	0.00728012	0.0106297	0.0126373	0.0546312	0.00396858	0.0662454
158	0.0058305	0.012626	0.0263051	0.0194204	0.0045092	0.0187605	0.0535164	0.0113542	0.394945	0.0262835	0.0102922	0.110487	0.00171484	0.12293	0.125192	0.0243417	0.00716315	0.00758885	0.00275613	0.0139834
159	0.0269196	0.0134719	0.0121075	0.0523516	0.0175435	0.00639567	0.0350909	0.0450291	0.224682	0.0536797	0.0337014	0.0796761	0.00215731	0.0823651	0.106965	0.074135	0.060784	0.0493404	0.00175126	0.0218529
160	0.0373398	0.00941962	0.00818627	0.00103968	0.0105723	0.00154766	0.00105119	0.399634	0.00235482	0.102027	0.0128876	0.00152654	0.000626739	0.00255968	0.0019489	0.0142173	0.0218723	0.367347	0.000368126	0.00347261
161	0.0451828	0.0107909	0.00148161	0.0200672	0.0026409	0.0045429	0.00396446	0.159974	0.0790553	0.156387	0.0645197	0.0208031	0.0038499	0.0490255	0.0577614	0.0785811	0.122493	0.110725	0.00622141	0.00193325
162	0.119194	0.00359792	0.0781656	0.0640762	0.00492696	0.0365768	0.03536	0.00947054	0.0774841	0.00509508	0.00792245	0.178021	0.003228	0.109559	0.0571381	0.161953	0.020017	0.0236366	0.000776561	0.00380095
163	0.0832578	0.255773	0.00811483	0.0114897	0.0132538	0.0457337	0.077446	0.0191949	0.0877112	0.121475	0.0474742	0.0142022	0.0058656	0.015045	0.118285	0.0202076	0.0183101	0.0220866	0.00304402	0.0120285
164	0.0345761	0.00961066	0.0982037	0.143316	0.0100628	0.0212502	0.0379516	0.00371188	0.142513	0.00710482	0.00922962	0.0862849	0.0114173	0.0889604	0.104961	0.107947	0.0458014	0.0267823	0.000234449	0.0100807
165	0.00389513	0.0219281	0.00191484	0.00616771	0.352225	0.00228599	0.0155555	0.100471	0.0267119	0.0684192	0.0184848	0.0196226	0.00119694	0.0176029	0.00944224	0.0160496	0.00648571	0.0315052	0.0143044	0.265731
166	0.0674439	0.0216146	0.133914	0.0519259	0.0252219	0.0125369	0.018671	0.0103133	0.0205072	0.0129867	0.0147322	0.0815507	0.336973	0.0205175	0.0148052	0.0998564	0.0178144	0.0151154	0.0153268	0.00817335
167	0.0119245	0.00572449	0.273051	0.239152	0.00542929	0.0104509	0.0241359	0.0173078	0.0563958	0.0260198	0.00951174	0.117449	0.0303185	0.0674657	0.00757407	0.0513104	0.0285392	0.00782076	0.000670259	0.00974877
168	0.0381159	0.00635858	0.0989995	0.0147767	0.0192602	0.247487	0.0676705	0.0176286	0.0706982	0.0345864	0.00471369	0.171853	0.00216122	0.00802335	0.0393894	0.12002	0.00962267	0.00706245	0.00241875	0.0191539
169	0.0108448	0.0168432	0.00278328	0.00148186	0.0427983	0.00124181	0.00129048	0.335312	0.0108154	0.272983	0.0571767	0.00271844	0.00230585	0.00482804	0.00579704	0.0129214	0.0350324	0.165769	0.000497654	0.0165587
170	0.0340061	0.0303254	0.126141	0.0179231	0.0461356	0.0073714	0.0241403	0.0119692	0.0124649	0.0149183	0.010004	0.103089	0.373339	0.0102368	0.00931311	0.128513	0.0116842	0.0125221	0.00953797	0.00636518
171	0.0458176	0.0430584	0.175803	0.103226	0.00994151	0.00647745	0.00884241	0.0545975	0.0552926	0.0599928	0.0101003	0.0450843	0.00312862	0.0146862	0.0291408	0.0159844	0.131699	0.178511	0.00138249	0.00723338
172	0.341091	0.0381793	0.00142016	0.0217448	0.00554679	0.0598011	0.00162103	0.0776179	0.0056593	0.0112991	0.00609822	0.00338667	0.0126079	0.00232707	0.00221163	0.185143	0.111861	0.106752	0.000381624	0.0052502
173	0.0295264	0.012731	0.00302164	0.0315208	0.00451316	0.011388	0.0052975	0.00658188	0.273525	0.0411534	0.0308315	0.00651848	0.00150805	0.146841	0.30071	0.0459558	0.0115396	0.0317965	0.000880597	0.00415948
174	0.0120835	0.00655817	0.405058	0.192415	0.00661971	0.013523	0.0140542	0.0123428	0.0419424	0.0131156	0.00603164	0.138405	0.0159103	0.0364453	0.00741764	0.0351695	0.0264537	0.00816769	0.00061114	0.00767551
175	0.00167246	0.0118921	0.00107759	0.00108267	0.11887	0.00107813	0.00106962	0.0825374	0.00218614	0.615242	0.113309	0.00149329	0.00213254	0.00146511	0.00139576	0.0026564	0.00291349	0.0216269	0.000351956	0.0159477
176	0.0198306	0.00849288	0.00605929	0.000851073	0.0150605	0.000904133	0.000867943	0.455493	0.00255431	0.128336	0.0149656	0.0012103	0.000442574	0.00232772	0.00173403	0.010611	0.0195936	0.306199	0.000248058	0.00421798
177	0.0372855	0.00919774	0.0975189	0.138544	0.00957784	0.021499	0.0379756	0.00390588	0.141256	0.00668894	0.00903359	0.089292	0.0109005	0.0915682	0.10379	0.110645	0.0448958	0.0263736	0.000250795	0.0098014
178	0.00318759	0.0129527	0.0194018	0.0112854	0.00287487	0.0202097	0.0534417	0.0107585	0.429306	0.0212106	0.00979717	0.109888	0.00109531	0.118583	0.136881	0.0194399	0.00338513	0.0042749	0.00281111	0.00921483
179	0.00160804	0.0119295	0.00101858	0.00108088	0.115204	0.00111277	0.0010617	0.0863305	0.00232008	0.614286	0.112104	0.00139853	0.00209053	0.00151172	0.00143708	0.00295125	0.00337488	0.0228261	0.000349826	0.0160051
180	0.00341809	0.0140229	0.00159951	0.00179484	0.111917	0.00236649	0.0018713	0.0978551	0.00478791	0.575292	0.108404	0.00257589	0.00139256	0.00299978	0.00316706	0.00413642	0.00662881	0.0370175	0.000632171	0.0181217
181	0.0285833	0.0131745	0.0690048	0.0579383	0.0337891	0.00893427	0.040782	0.0668301	0.0986804	0.066518	0.0303515	0.0543572	0.00312572	0.0761759	0.0718632	0.0516858	0.0522269	0.156106	0.00176256	0.0181107
182	0.0433379	0.00912472	0.00149527	0.0189177	0.00306963	0.00450338	0.00412392	0.164048	0.0771173	0.163524	0.0603557	0.0187999	0.0037852	0.0505313	0.063127	0.0770602	0.114686	0.114444	0.00612211	0.00182543
183	0.0121334	0.00658359	0.405231	0.192845	0.00667213	0.0136324	0.0139656	0.0123458	0.041827	0.013083	0.00604742	0.138006	0.0158101	0.0364519	0.0073357	0.03503	0.0265015	0.00820347	0.000620479	0.00767473
184	0.117687	0.0195514	0.0166584	0.0497257	0.00699243	0.0258903	0.0129036	0.0115999	0.0201199	0.0119549	0.0372445	0.0156521	0.460712	0.0344555	0.0198291	0.0766098	0.0276006	0.0209514	0.00287395	0.0109879
185	0.078602	0.0514749	0.0456639	0.0103857	0.0116575	0.0239334	0.0117077	0.0281437	0.0628593	0.0468499	0.0371288	0.065379	0.00816077	0.0466882	0.0544449	0.275205	0.100077	0.0160838	0.00133264	0.0242216
186	0.03249	0.00800525	0.118427	0.148266	0.00744596	0.0133361	0.0270723	0.00741601	0.172997	0.0063669	0.013094	0.0833471	0.0074796	0.102195	0.105118	0.0773951	0.0396323	0.0222792	0.0003373	0.00729932
187	0.0329383	0.0172865	0.0301419	0.0872009	0.0232229	0.027906	0.0297275	0.0409509	0.1223	0.0914935	0.0308142	0.042973	0.0121908	0.0809872	0.169622	0.0542678	0.0403428	0.0434832	0.00399356	0.0181574
188	0.0165077	0.0134335	0.00796724	0.0125386	0.0624895	0.0101021	0.00824623	0.235431	0.0172043	0.310777	0.0336325	0.015147	0.11347	0.0123038	0.0148406	0.0431264	0.0214722	0.0373728	0.00248	0.0114568
189	0.0513712	0.0163315	0.00979613	0.0580021	0.0156793	0.134423	0.0535019	0.0162996	0.0179287	0.0595375	0.0125215	0.0164393	0.00493146	0.0164955	0.0170554	0.13244	0.26283	0.0194547	0.0432178	0.0417428
190	0.310807	0.0378209	0.00162291	0.0232267	0.00541308	0.0674316	0.00208808	0.0671915	0.00783648	0.0114937	0.00626264	0.00301912	0.00748498	0.00257249	0.00220174	0.213176	0.11827	0.106489	0.000513841	0.00507823
191	0.138084	0.00393371	0.0513767	0.0556061	0.00417052	0.0399589	0.0264114	0.00885142	0.0736736	0.0063011	0.0115596	0.16369	0.00209973	0.129196	0.0575042	0.180816	0.0190243	0.0236473	0.000705802	0.00339005
192	0.0354518	0.017439	0.0351926	0.0952808	0.0794567	0.027869	0.0916542	0.0395165	0.0708967	0.0528498	0.0289124	0.0491652	0.0108118	0.0552905	0.0536752	0.0590411	0.110729	0.046053	0.00744654	0.0332677
193	0.0999757	0.012534	0.0161647	0.0567185	0.00728443	0.0278702	0.0097826	0.0118116	0.0229045	0.0126615	0.0394765	0.0133988	0.481595	0.0358056	0.0236987	0.0653412	0.0299151	0.0179166	0.00266766	0.0124766
194	0.0202525	0.0176317	0.00695154	0.0131265	0.325682	0.012	0.01711	0.048622	0.0301499	0.109431	0.0720644	0.0204687	0.00925133	0.0194633	0.0210861	0.0511467	0.0485087	0.0394331	0.00815162	0.10947
