321	20
1	0.258198	0.00892866	0.00104093	0.000473399	0.0368694	0.0698599	0.000683591	0.0794234	0.000355629	0.192006	0.0374968	0.00185794	0.0119806	0.00103998	0.000550821	0.0691029	0.0906015	0.137698	0.00102673	0.000805194
2	0.0708138	0.00157253	0.00107081	0.00250148	0.0349094	0.00907715	0.000173398	0.29289	0.000169595	0.215787	0.0262489	0.00148039	0.000395056	0.000332925	0.000280205	0.0177669	0.0386939	0.28263	0.00226609	0.000941123
3	0.078303	0.0022722	0.00138535	0.00319614	0.0244211	0.0116822	0.000163291	0.294292	0.000207528	0.180944	0.0254242	0.00183229	0.000303949	0.000281949	0.000341319	0.0196937	0.0464223	0.305458	0.00263462	0.000741532
4	0.0185446	0.000434517	0.000272177	0.000294267	0.455234	0.00363545	0.00293259	0.0968895	0.00293528	0.22677	0.0360596	0.00106789	0.00104494	0.00404008	0.00569457	0.0100398	0.0182067	0.0661497	0.00377615	0.0459782
5	0.0169214	0.00373405	0.000427315	0.00080835	0.0356049	0.0103935	0.000532604	0.0574961	0.00145199	0.663941	0.142199	0.00146843	0.00572927	0.00320268	0.000824422	0.00637341	0.00701938	0.0378315	0.00119191	0.00284847
6	0.30912	0.00859143	0.000168941	0.00104194	0.0213588	0.223112	0.000184326	0.0704719	0.000193673	0.128726	0.0102983	0.000257742	0.000339267	0.00023228	0.000284379	0.0589863	0.0460703	0.120171	0.000149972	0.000242012
7	0.473276	0.00851526	0.000660998	0.00154868	0.0216139	0.0759929	0.000517394	0.0409471	0.000363076	0.0349831	0.0156223	0.00180188	0.00253059	0.00165915	0.000892245	0.0996666	0.125554	0.0911583	0.00222166	0.000474708
8	0.507381	0.00371692	0.000639754	0.00168122	0.00718575	0.128574	0.000348366	0.0211931	0.000530437	0.0100021	0.0171927	0.00136458	0.00191474	0.000745283	0.00085932	0.135283	0.128081	0.0297193	0.00299756	0.000589156
9	0.0881667	0.00511089	0.000867165	0.00159769	0.0137642	0.0171348	0.000157651	0.284091	0.000198409	0.143275	0.0174867	0.00150018	0.000287674	0.000247985	0.000265041	0.0201151	0.0445897	0.358768	0.00148708	0.000889139
10	0.0501167	0.00120038	0.000668334	0.00133392	0.0375798	0.00573416	0.000158504	0.314024	0.000142045	0.239568	0.023827	0.00128873	0.000291521	0.000205675	0.000182684	0.0114257	0.0261073	0.283841	0.00149075	0.000814096
11	0.193246	0.0187955	0.00366955	0.000269294	0.0514841	0.0427975	0.00403816	0.130129	0.000287856	0.156645	0.0909884	0.00494118	0.00216679	0.000399066	0.000618963	0.0936654	0.0498783	0.139653	0.00371062	0.0126174
12	0.105577	0.00932443	0.000593219	0.00105381	0.00842367	0.0165492	0.000195766	0.259543	0.000255114	0.107655	0.0210712	0.00174124	0.000720561	0.000338429	0.00033756	0.0177465	0.0441639	0.402472	0.000937944	0.00130022
13	0.11106	0.00525814	0.00402043	0.00189351	0.0156594	0.0204537	0.00253677	0.0869874	0.00295081	0.100032	0.0543095	0.00597156	0.21315	0.0057371	0.00479413	0.111589	0.109094	0.11592	0.0241215	0.00446096
14	0.0240157	0.000727766	0.000223329	0.000176522	0.0360814	0.00493862	0.000152264	0.310797	0.00021572	0.341125	0.0345659	0.0010681	0.000403452	0.000325613	0.000215008	0.00342908	0.00903852	0.231546	0.000246513	0.000708945
15	0.200495	0.0553411	0.00284028	0.00165896	0.130084	0.066871	0.00302636	0.0513586	0.00157214	0.142874	0.0482881	0.00416419	0.00373691	0.00213935	0.00239305	0.118509	0.0286629	0.128031	0.00259185	0.00536263
16	0.0395032	0.00233441	0.00397873	0.00117061	0.00337833	0.0156381	0.0543565	0.00494799	0.21142	0.0196994	0.0238956	0.0134661	0.00320317	0.0394709	0.459228	0.0413685	0.0263656	0.0224693	0.00850266	0.00560295
17	0.0419533	0.00283695	0.00355731	0.00100884	0.00391314	0.0148373	0.0500422	0.00484211	0.215239	0.0193968	0.0245517	0.012097	0.00311363	0.0360858	0.465172	0.0395142	0.0253057	0.0225561	0.00886272	0.00511459
18	0.024147	0.00583582	0.000312154	0.000317933	0.185144	0.00427046	0.000306574	0.0623841	0.000382179	0.621848	0.0362731	0.000552528	0.00604957	0.000438424	0.000471513	0.00212767	0.00169337	0.0368442	0.00871417	0.001887
19	0.0396101	0.000671092	0.0298096	0.0119792	0.00113244	0.47338	0.0410235	0.00165479	0.120291	0.00233328	0.00158161	0.0891075	0.000615549	0.0305842	0.10443	0.0466996	0.00208125	0.00198928	0.000410366	0.000615198
20	0.0644687	0.00287621	0.000202129	0.00414658	0.0941644	0.0145804	0.000296108	0.138626	0.000353191	0.392458	0.0720706	0.00119442	0.00309541	0.00365265	0.00319475	0.0150786	0.0311859	0.138802	0.00767972	0.0118743
21	0.125273	0.0049508	0.0233523	0.0195067	0.00335673	0.110862	0.010448	0.012596	0.0227151	0.027802	0.0105173	0.0789272	0.0670814	0.0206037	0.0402443	0.297754	0.108274	0.0137022	0.000982543	0.00105052
22	0.365276	0.00261171	0.00271602	0.0025411	0.00519435	0.0163127	0.00195729	0.00848139	0.00207218	0.0269616	0.00709025	0.0120111	0.214853	0.00281717	0.00286349	0.183667	0.117313	0.021274	0.00192059	0.00206697
23	0.0189507	0.0016532	0.000321721	0.000303881	0.00240237	0.00124381	0.000273263	0.526272	0.000320254	0.0670516	0.0214512	0.00069262	0.00526843	0.0021956	0.00267653	0.00164697	0.0173144	0.329024	0.000280372	0.000656417
24	0.0238837	0.00181274	0.000286824	0.000286626	0.00972491	0.00282625	0.000253669	0.468939	0.000312623	0.133388	0.0263928	0.00106765	0.0050652	0.00181699	0.00216824	0.00238194	0.0167528	0.301002	0.000504995	0.00113283
25	0.0558813	0.000796277	0.00212494	0.000337793	0.00277735	0.861165	0.000229244	0.00252149	0.000572027	0.00297354	0.00171893	0.00214394	0.00253394	0.000357967	0.000525347	0.0543035	0.0044223	0.00389509	0.000416051	0.000304317
26	0.0107166	0.00384881	0.000332492	0.000350656	0.467727	0.00802546	0.0115128	0.0104118	0.00583174	0.061793	0.0134382	0.000602064	0.00267835	0.000455916	0.00643209	0.00965078	0.011375	0.0336218	0.0193107	0.321885
27	0.0164359	0.000933437	0.000251961	0.000454272	0.0472492	0.00625753	0.000447486	0.182934	0.00157315	0.57471	0.0442318	0.000853173	0.000823451	0.00084844	0.000802369	0.0047838	0.00712813	0.103276	0.00107893	0.00492662
28	0.164494	0.00462104	0.000104571	0.000108289	0.0444621	0.0510159	8.65577e-05	0.150004	0.000110292	0.289633	0.0159519	0.000131876	0.0027515	0.000137237	0.000116174	0.00946467	0.0211581	0.244695	0.000837151	0.000116416
29	0.371023	0.00810664	0.000304483	0.00130061	0.0189018	0.174258	0.000247988	0.0605641	0.000262823	0.095206	0.0110777	0.000817243	0.00135112	0.000625744	0.000405787	0.073519	0.0671727	0.113993	0.000503517	0.000358557
30	0.0356842	0.000411247	0.00218736	0.000300179	0.0024333	0.898172	0.000293915	0.00100529	0.000653382	0.00154282	0.000729019	0.00219806	0.00221412	0.000387743	0.000627944	0.0479395	0.00106961	0.00171672	0.000206096	0.000227302
31	0.0984863	0.0142127	0.0004897	0.000680731	0.0124451	0.0127094	0.000345236	0.20509	0.000400217	0.177216	0.0922528	0.00138993	0.00187887	0.00061406	0.000956451	0.0131729	0.0402881	0.323436	0.000682834	0.0032531
32	0.15468	0.00433965	0.000230557	0.000458716	0.0405658	0.0425421	0.000100897	0.170901	0.000107727	0.278244	0.0224595	0.000337555	0.00239914	0.000164443	0.000133812	0.00994688	0.024277	0.246459	0.0011291	0.000523207
33	0.0235989	0.000618845	0.000162491	0.000136452	0.0356346	0.00365308	0.000127068	0.304459	0.000148324	0.316302	0.0613406	0.00113799	0.000358254	0.000529484	0.000179713	0.00379072	0.0143861	0.232278	0.000172175	0.000986483
34	0.0411749	0.000679605	0.0301914	0.0129506	0.00131018	0.464702	0.0412816	0.00201086	0.1187	0.00293938	0.00184203	0.0889989	0.00224603	0.0314774	0.104199	0.0489106	0.00300579	0.00226752	0.000438529	0.000672905
35	0.0794788	0.00335059	0.0442049	0.0251251	0.00535981	0.0366094	0.0211238	0.0312114	0.0253648	0.0278539	0.00920986	0.0537422	0.345647	0.064434	0.0497483	0.105124	0.0524442	0.0150527	0.00267895	0.00223616
36	0.0580872	0.00189716	0.0161527	0.00134348	0.132195	0.0192029	0.0582483	0.0207884	0.0156845	0.0816949	0.00492855	0.0594609	0.0022293	0.0459177	0.00215821	0.20168	0.021969	0.0497525	0.0257607	0.180849
37	0.235987	0.0127767	0.000849872	0.00767195	0.012322	0.345928	0.000916755	0.0457943	0.000755786	0.0784485	0.0140062	0.00136935	0.00229411	0.00126043	0.00103138	0.0620823	0.045966	0.128936	0.000649184	0.000954129
38	0.024147	0.00583582	0.000312154	0.000317933	0.185144	0.00427046	0.000306574	0.0623841	0.000382179	0.621848	0.0362731	0.000552528	0.00604957	0.000438424	0.000471513	0.00212767	0.00169337	0.0368442	0.00871417	0.001887
39	0.0396101	0.000671092	0.0298096	0.0119792	0.00113244	0.47338	0.0410235	0.00165479	0.120291	0.00233328	0.00158161	0.0891075	0.000615549	0.0305842	0.10443	0.0466996	0.00208125	0.00198928	0.000410366	0.000615198
40	0.0524305	0.000774633	0.000460764	0.00640109	0.133957	0.0131004	0.00373394	0.11179	0.00494886	0.320877	0.0366399	0.00103692	0.00174068	0.0122484	0.0194547	0.0269908	0.0293695	0.146347	0.0291657	0.0485323
41	0.0264617	0.000614053	0.000297466	0.00100629	0.347787	0.00371192	0.00404667	0.130863	0.00463921	0.236395	0.0362284	0.00087887	0.000727334	0.00654609	0.00861876	0.012713	0.0270632	0.0919949	0.00631766	0.0530894
42	0.612566	0.00477174	0.000216405	0.000420067	0.00133854	0.0752619	0.000207041	0.0021803	0.000283967	0.00449599	0.00429264	0.00300927	0.00412112	0.000329782	0.000382642	0.229904	0.0389487	0.0141449	0.00281031	0.000314211
43	0.0188036	0.00483173	0.25454	0.538929	0.00169179	0.0198319	0.00955832	0.00234415	0.0070439	0.00346366	0.00160317	0.0196556	0.00402903	0.013812	0.021356	0.0402356	0.0280287	0.00875137	0.000494614	0.0009959
44	0.0104697	0.00229381	0.000218162	0.000256195	0.0945786	0.0048494	0.000221768	0.0862906	0.00146015	0.714362	0.0401683	0.000452048	0.00229321	0.000325522	0.000295977	0.00275426	0.00101941	0.0326357	0.00279235	0.00226262
45	0.0350763	0.000310174	0.00215605	0.000202617	0.00253389	0.901294	0.00020781	0.000930475	0.000268284	0.00127189	0.000685612	0.00186497	0.00216628	0.000283269	0.000281405	0.0480189	0.000946604	0.00107121	0.000201005	0.000229495
46	0.0227479	0.00221753	0.000328728	0.000333683	0.00318548	0.00206546	0.000244604	0.502337	0.000296161	0.0741422	0.0212122	0.000848349	0.0044734	0.00206191	0.00252675	0.00247432	0.0183005	0.339094	0.000281505	0.000827663
47	0.128137	0.0171715	0.000414217	0.000518552	0.00278952	0.0190986	0.000240966	0.219398	0.000349723	0.0533194	0.00658898	0.00233498	0.000665534	0.000417393	0.000420066	0.0223986	0.0509274	0.472319	0.000372469	0.00211901
48	0.0215941	0.00509042	0.000292104	0.000315509	0.172055	0.00423829	0.000324131	0.0636027	0.000506051	0.63505	0.0396583	0.000582965	0.00531454	0.000413342	0.000426778	0.00251202	0.00180411	0.0368338	0.00740694	0.00197878
49	0.018001	0.00341202	0.000391862	0.000423639	0.219319	0.00560522	0.000399663	0.0489388	0.000697801	0.565624	0.0709318	0.00170084	0.00526422	0.000680617	0.000692998	0.00577858	0.00500944	0.0344822	0.0035561	0.00909054
50	0.0113895	0.00427117	0.000844481	0.00071503	0.0200479	0.00431062	0.000783606	0.00507051	0.000900175	0.551858	0.346658	0.00126233	0.0070479	0.0125163	0.000849458	0.004803	0.00834958	0.0162852	0.000733685	0.00130327
51	0.017509	0.00128523	0.000551939	0.000513189	0.586922	0.00559896	0.00294044	0.0430294	0.00136118	0.178116	0.0348874	0.00143186	0.0015893	0.000595796	0.00194199	0.00932259	0.015734	0.0359678	0.00309906	0.0576032
52	0.0736665	0.00206496	0.00242879	0.00459394	0.0231762	0.0106462	0.000207714	0.295113	0.000298381	0.190584	0.0270079	0.00279433	0.000310499	0.00043804	0.000381176	0.0202394	0.0454541	0.297524	0.00236815	0.000702858
53	0.0202226	0.00199082	0.000288267	0.000283701	0.00296013	0.00109485	0.000234469	0.521785	0.000300637	0.0768536	0.0215907	0.000838243	0.00451658	0.0022652	0.00279185	0.00138608	0.0158237	0.323718	0.000249182	0.000806137
54	0.0364419	0.000563129	0.00225005	0.000311425	0.00259674	0.894909	0.000382596	0.00137983	0.000854922	0.00141889	0.000773848	0.00224719	0.00231209	0.000438935	0.000885899	0.0480624	0.00132516	0.00242041	0.00020233	0.000223406
55	0.00774818	0.000461038	0.000214938	0.000338615	0.029969	0.0070522	0.000213425	0.125929	0.00212049	0.72674	0.0360949	0.000486794	0.000345824	0.000329108	0.000294476	0.00351627	0.0020107	0.0534385	0.000243607	0.00245304
56	0.0326549	0.00387597	0.216613	0.489183	0.00325859	0.0251137	0.0192107	0.00279542	0.0235252	0.00814565	0.00181059	0.023417	0.00710895	0.0220554	0.0435371	0.0398178	0.0242111	0.00912797	0.000612202	0.0039264
57	0.0225537	0.00177272	0.000241115	0.000497952	0.0504489	0.00852673	0.000222787	0.130746	0.0014651	0.621659	0.0649097	0.000765195	0.00141673	0.000615829	0.000509646	0.00584998	0.00830577	0.0741905	0.00139797	0.00390496
58	0.0354888	0.00560738	0.07012	0.0952388	0.00570787	0.0144982	0.0628845	0.00276112	0.182855	0.00593234	0.0049717	0.0606941	0.00583481	0.104622	0.220655	0.073882	0.0400821	0.00268747	0.00185561	0.00362199
59	0.164184	0.000477891	0.0631842	0.0934039	0.00508962	0.0429576	0.0191813	0.0193368	0.101252	0.0186949	0.0121365	0.0643374	0.00522511	0.0878881	0.0703222	0.155463	0.0441916	0.0316205	0.000258086	0.000795153
60	0.0395032	0.00233441	0.00397873	0.00117061	0.00337833	0.0156381	0.0543565	0.00494799	0.21142	0.0196994	0.0238956	0.0134661	0.00320317	0.0394709	0.459228	0.0413685	0.0263656	0.0224693	0.00850266	0.00560295
61	0.0205388	0.00111377	0.000378442	0.000440155	0.042877	0.0106154	0.000345354	0.140603	0.00171444	0.644061	0.0420516	0.000689121	0.00133227	0.000681441	0.00050178	0.00480547	0.00630104	0.0760926	0.00135819	0.003499
62	0.0449663	0.00464327	0.00292371	0.00221423	0.00757112	0.0356772	0.00231321	0.0874402	0.153368	0.140719	0.0809985	0.0043442	0.00370647	0.00389599	0.0468373	0.0371188	0.0123579	0.0625384	0.262716	0.00365044
63	0.166693	0.000344851	0.062899	0.0945087	0.00535804	0.0438947	0.0190902	0.0201102	0.098007	0.0194481	0.0126437	0.0653088	0.00494996	0.0877635	0.0671546	0.151419	0.0458135	0.0334422	0.00024908	0.000902195
64	0.00880603	0.001601	0.00109956	0.00088119	0.0169352	0.00406861	0.00101854	0.00566291	0.00120404	0.315164	0.576879	0.00148909	0.00236026	0.0278815	0.00115821	0.00931843	0.0143082	0.00799791	0.000799428	0.0013672
65	0.0422917	0.00288418	0.00354434	0.000990712	0.0039271	0.0148715	0.0497565	0.00485671	0.215911	0.0196009	0.0244869	0.0120231	0.00310981	0.0359352	0.464684	0.0393988	0.0252513	0.0225438	0.00883672	0.00509584
66	0.029584	0.00258647	0.000379898	0.00048606	0.00735679	0.00287713	0.000199676	0.468311	0.000239101	0.106683	0.0219503	0.00108406	0.00316659	0.00192442	0.00199293	0.0036594	0.017029	0.3292	0.000367397	0.000922685
67	0.0171276	0.000418712	0.000272536	0.000331782	0.59752	0.00459725	0.000241273	0.0510314	0.000390431	0.208016	0.0395621	0.0012403	0.00120671	0.000369819	0.000424852	0.00843057	0.0138958	0.0370213	0.00028204	0.0176197
68	0.259673	0.0131692	0.00174047	0.00161965	0.0558627	0.168686	0.00100605	0.0665651	0.000984611	0.148601	0.0239887	0.00212554	0.00364437	0.00140389	0.00122129	0.0753724	0.05138	0.117588	0.0023697	0.00299814
69	0.065872	0.00261727	0.00023035	0.00439234	0.102988	0.0166585	0.000196043	0.120175	0.000257294	0.411882	0.0675917	0.00132602	0.00384977	0.00258239	0.00371333	0.0149656	0.0285758	0.128726	0.00976628	0.0136337
70	0.0350075	0.000328523	0.00213981	0.000211652	0.00247001	0.901536	0.000198861	0.000906362	0.000269405	0.00119333	0.000674036	0.00187357	0.00215253	0.00028432	0.0002711	0.0480536	0.000943901	0.00105965	0.00020118	0.000224591
71	0.212018	0.00185727	0.00123524	0.00146669	0.0667941	0.0956386	0.00122924	0.0188527	0.00137569	0.138226	0.0427728	0.00256109	0.0153452	0.00195456	0.00209388	0.26162	0.123705	0.00832261	0.00132023	0.00161143
72	0.228278	0.0121618	0.000404386	0.00019695	0.0403737	0.0657602	0.000358988	0.0650762	0.000298239	0.302038	0.0342299	0.0011205	0.00769974	0.000356768	0.00031092	0.0585691	0.0664685	0.115794	0.00023636	0.000267469
73	0.0410648	0.00461483	0.0612788	0.0943169	0.00737284	0.0162734	0.0626176	0.00780199	0.181232	0.0105345	0.00587377	0.0571449	0.021773	0.106316	0.192887	0.0671188	0.047628	0.00725492	0.00203409	0.00486204
74	0.0325193	0.00231085	0.000199553	0.000192475	0.0436715	0.00432319	0.000240384	0.263159	0.000270185	0.289656	0.142227	0.00110413	0.00121615	0.00156185	0.000327942	0.00551962	0.0235139	0.182813	0.000461978	0.0047109
75	0.164563	0.00462918	0.000104571	0.000107514	0.0445085	0.0510446	8.65032e-05	0.149862	0.000110309	0.289711	0.0159401	0.000131886	0.00275275	0.000137237	0.000116166	0.00946268	0.021142	0.24464	0.000833123	0.000116418
76	0.164563	0.00462918	0.000104571	0.000107514	0.0445085	0.0510446	8.65032e-05	0.149862	0.000110309	0.289711	0.0159401	0.000131886	0.00275275	0.000137237	0.000116166	0.00946268	0.021142	0.24464	0.000833123	0.000116418
77	0.0844684	0.213275	0.00169834	0.00191366	0.0042686	0.0460384	0.00149879	0.0293053	0.001684	0.00954415	0.00838355	0.00462603	0.0024026	0.00227402	0.00232713	0.369239	0.171229	0.0420457	0.00165722	0.00212159
78	0.386538	0.00651811	0.000475912	0.0015206	0.0354459	0.14236	0.000340525	0.0609273	0.000541711	0.0339302	0.0300614	0.000737639	0.002011	0.000626888	0.000646032	0.0895307	0.172486	0.0267999	0.00793193	0.000570249
79	0.228332	0.0122584	0.000399198	0.000197224	0.0404195	0.0659332	0.000343573	0.0651798	0.000301229	0.301183	0.0341886	0.00110598	0.00772341	0.000356874	0.000319884	0.0582901	0.0668089	0.116163	0.000231451	0.000265332
80	0.164909	0.00466835	0.000106058	0.000107772	0.0444555	0.0508787	8.64937e-05	0.149951	0.000111745	0.289394	0.0161804	0.000131991	0.00275881	0.000135331	0.000116119	0.00945595	0.0211692	0.244416	0.000838852	0.000129928
81	0.592255	0.00571421	0.000262619	0.000255049	0.00110106	0.0565223	0.000269333	0.00132032	0.000297287	0.00741341	0.00363766	0.00629572	0.00841675	0.000366811	0.000441441	0.273799	0.0218589	0.0160285	0.00336996	0.000374987
82	0.0884167	0.00123086	0.000622621	0.0153823	0.0788164	0.0102474	0.000303921	0.141635	0.000279757	0.295246	0.0475158	0.000962451	0.000746171	0.00451176	0.0047406	0.025848	0.0541294	0.207696	0.0087778	0.0128911
83	0.0835729	0.00556233	0.000722076	0.00125116	0.0108659	0.0159756	0.000162563	0.293242	0.000202389	0.129956	0.017756	0.00140997	0.000288646	0.000339645	0.000294417	0.0169352	0.0426319	0.376813	0.00116876	0.000849703
84	0.0800583	0.00790965	0.000879621	0.00155173	0.0131181	0.0244116	0.000340664	0.265507	0.000330362	0.17567	0.0326804	0.0014875	0.000861545	0.000736521	0.000428826	0.0286877	0.0418696	0.321381	0.00123192	0.000858411
85	0.034988	0.000306499	0.00214133	0.000197517	0.00247007	0.901655	0.000197554	0.000899248	0.000269385	0.00115172	0.000672495	0.00187298	0.00215799	0.000283978	0.000271158	0.0481195	0.00092636	0.000989166	0.000198438	0.000232015
86	0.153953	0.0114977	0.00121849	0.000253162	0.057561	0.0366856	0.00130591	0.0972123	0.000346328	0.298168	0.109493	0.00508727	0.00569121	0.000469163	0.000460699	0.0638401	0.0497439	0.100046	0.00180216	0.0051658
87	0.393523	0.0115565	0.000635983	0.00144523	0.0157648	0.108497	0.000450355	0.0530644	0.000416978	0.0214834	0.0301752	0.00317012	0.00598983	0.00117928	0.00106589	0.14528	0.140626	0.0625056	0.00265584	0.000514933
88	0.030203	0.00488923	0.000241731	0.00036324	0.16497	0.0064659	0.000270506	0.0781971	0.00039586	0.583762	0.0446674	0.000806328	0.00549729	0.000636542	0.000751769	0.00304546	0.00475299	0.058485	0.00728598	0.00431193
89	0.524056	0.00837366	0.000240134	0.00026602	0.00182261	0.0761862	0.000222756	0.00116366	0.000305126	0.00430945	0.00237541	0.00330842	0.00464693	0.000340599	0.000438103	0.313652	0.0403042	0.0156122	0.00206481	0.000311856
90	0.0149561	0.00673038	0.000571366	0.000562407	0.0313022	0.00425057	0.000578642	0.00649907	0.0006909	0.699427	0.181909	0.00107404	0.0119768	0.0021207	0.000798399	0.00332493	0.00361512	0.0266856	0.000852596	0.00207388
91	0.0422604	0.00433495	0.00314966	0.00295054	0.00370392	0.049794	0.00138113	0.00746797	0.00452264	0.00962489	0.00571139	0.030818	0.00534906	0.00321159	0.010506	0.597114	0.20683	0.00850896	0.00113008	0.00163032
92	0.222584	0.00829899	0.00230402	0.00279843	0.00438623	0.0714361	0.00155003	0.00959361	0.00324398	0.0112013	0.00772809	0.0133598	0.0109316	0.00303196	0.00744295	0.495148	0.10235	0.0195097	0.00150519	0.00159528
93	0.0981342	0.0196356	0.00423702	0.00498456	0.00967282	0.0511616	0.00282861	0.0238976	0.00647194	0.0244232	0.014527	0.018863	0.00719645	0.00557069	0.0104192	0.347113	0.307063	0.0365936	0.00289668	0.00431084
94	0.556211	0.00712639	0.000945827	0.0010986	0.00803273	0.0595064	0.000738871	0.0231316	0.000826285	0.0217432	0.0111222	0.00371705	0.0051026	0.00116897	0.0015624	0.161837	0.0637307	0.0687998	0.00262465	0.000973152
95	0.0257943	0.00107364	0.000230404	0.000760166	0.0637715	0.00344013	0.00149513	0.272864	0.00144341	0.262326	0.119316	0.000936311	0.000720893	0.00452102	0.00297293	0.00714814	0.0277124	0.184202	0.00183137	0.0174404
96	0.157067	0.0265326	0.000466226	0.000468858	0.00128997	0.027963	0.000405921	0.187251	0.000436961	0.0359992	0.00226863	0.00334498	0.00250071	0.000503105	0.000631665	0.0273121	0.0487817	0.473581	0.000424223	0.0027713
97	0.0486737	0.00344145	0.000294315	0.000257749	0.0470383	0.00924722	0.000275229	0.179815	0.000339662	0.351355	0.175035	0.00283694	0.00188613	0.00080246	0.000465765	0.0156518	0.0283629	0.130562	0.00117121	0.00248671
98	0.0752771	0.0018217	0.0604954	0.0483686	0.00150413	0.0645566	0.0405162	0.0120781	0.0526978	0.0338962	0.00667354	0.106907	0.119653	0.0647589	0.1049	0.150953	0.0407322	0.0127042	0.000464232	0.00104283
99	0.0470498	0.00348204	0.00168989	0.00126326	0.00561989	0.0213409	0.0011967	0.178907	0.00131227	0.178388	0.121717	0.00262705	0.00266769	0.0134188	0.00196738	0.119839	0.0624776	0.230874	0.00185879	0.00230224
100	0.0540672	0.00358229	0.000332694	0.000318029	0.0544457	0.00925728	0.000383988	0.142905	0.000424891	0.390382	0.175914	0.0050755	0.00273316	0.000749408	0.000643111	0.028431	0.0343671	0.0917118	0.00180123	0.00247457
101	0.166693	0.000344851	0.062899	0.0945087	0.00535804	0.0438947	0.0190902	0.0201102	0.098007	0.0194481	0.0126437	0.0653088	0.00494996	0.0877635	0.0671546	0.151419	0.0458135	0.0334422	0.00024908	0.000902195
102	0.0171792	0.00505275	0.252694	0.542464	0.00140593	0.0197967	0.00959841	0.00217427	0.00649378	0.00269842	0.00149499	0.0200064	0.00390178	0.0136651	0.0208894	0.0414085	0.0291225	0.00880594	0.000452354	0.000695414
103	0.0338458	0.00555654	0.0655599	0.0893894	0.00558116	0.0140298	0.0628223	0.00269577	0.188323	0.00648628	0.00565715	0.0577921	0.0055728	0.101954	0.237366	0.0672513	0.040628	0.00363683	0.00210053	0.00375197
104	0.0396101	0.000671092	0.0298096	0.0119792	0.00113244	0.47338	0.0410235	0.00165479	0.120291	0.00233328	0.00158161	0.0891075	0.000615549	0.0305842	0.10443	0.0466996	0.00208125	0.00198928	0.000410366	0.000615198
105	0.0541532	0.00123828	0.0377892	0.305448	0.00258686	0.0121753	0.00107975	0.0381725	0.0169095	0.0273096	0.0287228	0.00157644	0.00152054	0.226167	0.0485626	0.0586117	0.0470651	0.0546862	0.0268448	0.00938004
106	0.364272	0.0105684	0.0015138	0.0015945	0.00349357	0.048531	0.0012999	0.0489654	0.000621118	0.0102011	0.0321043	0.00641089	0.00468502	0.00310399	0.00257677	0.270952	0.110913	0.0765826	0.000762874	0.000847826
107	0.0378125	0.00117606	0.000406135	0.000796	0.15257	0.00584485	0.000305998	0.250444	0.000339927	0.257204	0.0495135	0.00104867	0.000690657	0.000713669	0.000504451	0.00811687	0.0224897	0.2026	0.00097002	0.00645244
108	0.52608	0.00622311	0.000210251	0.000271607	0.00182045	0.0831626	0.000220803	0.00141229	0.000283905	0.00373272	0.00275152	0.00274424	0.00391141	0.000365897	0.00038874	0.309385	0.0402434	0.0145619	0.00190998	0.000320191
109	0.0191001	0.00171968	0.000322113	0.00030097	0.0023608	0.00119637	0.000269691	0.52485	0.000320128	0.0666971	0.0215967	0.000676255	0.00514418	0.00222857	0.00265445	0.00152976	0.0173745	0.3307	0.000279905	0.000678934
110	0.00865238	0.00172682	0.000249952	0.000501395	0.0424556	0.0058312	0.000302608	0.0817709	0.00182034	0.750409	0.0574229	0.000588477	0.00275061	0.000574979	0.000488288	0.0035534	0.00209109	0.0346443	0.00100942	0.0031566
111	0.00992613	0.000743308	0.000221441	0.000292216	0.0366688	0.0064076	0.000213278	0.11022	0.00211318	0.730686	0.0410193	0.000523331	0.000835462	0.000349386	0.000314851	0.00383678	0.00328437	0.048912	0.000634201	0.00279761
112	0.0212377	0.000507742	0.000295925	0.000398429	0.604597	0.00462286	0.000317994	0.043537	0.000444154	0.201886	0.0440309	0.00137951	0.00128862	0.000461731	0.000524224	0.00823978	0.0146048	0.0354627	0.000397389	0.0157653
113	0.0527232	0.00264564	0.0649911	0.325566	0.00334741	0.014605	0.00528747	0.0308748	0.022057	0.0252165	0.0228668	0.0072649	0.00574558	0.198923	0.047503	0.0557099	0.04241	0.0438626	0.0201289	0.00827158
114	0.010949	0.000854642	0.65751	0.0263389	0.00169006	0.0218567	0.00621974	0.00366879	0.0107485	0.0032972	0.00254491	0.187054	0.00100667	0.0112283	0.00176069	0.0394333	0.00853635	0.00377876	0.000626352	0.000897312
115	0.0237112	0.000745427	0.000192912	0.000169224	0.0364274	0.00343033	0.000204979	0.298423	0.00017741	0.285462	0.121322	0.00117061	0.000645129	0.0013548	0.00022617	0.00413958	0.0226675	0.197014	0.000170063	0.00234714
116	0.263641	0.0114687	0.00293952	0.000838123	0.031771	0.037052	0.00270561	0.111185	0.000517269	0.130611	0.0792182	0.00432559	0.00339941	0.00229335	0.00172715	0.105116	0.0684042	0.13117	0.00323209	0.00838584
117	0.082616	0.00465802	0.000712973	0.00130918	0.017611	0.012858	0.00018185	0.30274	0.000272337	0.138976	0.0181148	0.00166447	0.000645044	0.000461105	0.00040804	0.0141395	0.0358735	0.364402	0.00138173	0.000974223
118	0.0686076	0.00764062	0.000387678	0.000476238	0.00460402	0.0095039	0.000210386	0.371045	0.000268972	0.0745384	0.0154859	0.0013566	0.0022847	0.00121832	0.00132112	0.0106625	0.0303378	0.398386	0.00044921	0.00121482
119	0.107361	0.00673461	0.00287589	0.00342862	0.129182	0.02741	0.00227635	0.0822167	0.00433687	0.224716	0.0321954	0.00650169	0.119943	0.00467407	0.00537812	0.0278871	0.0284367	0.158545	0.00944215	0.0164594
120	0.0354224	0.00180687	0.000166764	0.000149389	0.0423736	0.00466297	0.000131798	0.274127	0.000143596	0.325917	0.0986443	0.00121021	0.000909394	0.00068984	0.000186646	0.00517756	0.0189543	0.187022	0.000379349	0.00192457
121	0.0293376	0.00178985	0.000143395	0.00015737	0.0469076	0.00500299	0.000180057	0.239471	0.000405943	0.37151	0.117424	0.00103845	0.00120864	0.00102345	0.000253592	0.00499611	0.0192578	0.156228	0.000600415	0.0030642
122	0.166361	0.00659487	0.00123709	0.000916635	0.0459557	0.0403176	0.00102566	0.176389	0.000272711	0.213053	0.0352697	0.00158131	0.00265061	0.000685438	0.000596211	0.031516	0.0423657	0.228248	0.00183027	0.00313334
123	0.0633882	0.00500037	0.000233029	0.000541927	0.060737	0.00895352	0.000131502	0.187929	0.000148289	0.366644	0.101103	0.00127743	0.00245798	0.000799628	0.000559867	0.00943117	0.0254706	0.157988	0.00219547	0.00501078
124	0.0253681	0.000546444	0.000187155	0.000242467	0.0360782	0.00337462	0.000127103	0.304551	0.000126429	0.302506	0.0694992	0.00116382	0.000357223	0.000615509	0.000159715	0.00448831	0.0172043	0.231968	0.000274552	0.00116304
125	0.336783	0.00360335	0.00281819	0.00233968	0.00536881	0.041299	0.00163326	0.0135976	0.00253724	0.0391081	0.00946217	0.0221876	0.143183	0.00312209	0.00439881	0.23314	0.0913499	0.0406784	0.00190825	0.00148134
126	0.026078	0.000812469	0.000198395	0.000237869	0.042045	0.00414588	0.00015276	0.313922	0.000176482	0.310674	0.031117	0.00100611	0.000297991	0.000283871	0.000209305	0.00546387	0.0102089	0.251709	0.000494319	0.000767464
127	0.30912	0.00859143	0.000168941	0.00104194	0.0213588	0.223112	0.000184326	0.0704719	0.000193673	0.128726	0.0102983	0.000257742	0.000339267	0.00023228	0.000284379	0.0589863	0.0460703	0.120171	0.000149972	0.000242012
128	0.30912	0.00859143	0.000168941	0.00104194	0.0213588	0.223112	0.000184326	0.0704719	0.000193673	0.128726	0.0102983	0.000257742	0.000339267	0.00023228	0.000284379	0.0589863	0.0460703	0.120171	0.000149972	0.000242012
129	0.0267943	0.000653465	0.000173064	0.000199138	0.0358537	0.00360461	0.000135457	0.299012	0.000128812	0.304022	0.0820552	0.00118725	0.000456013	0.00067214	0.000170944	0.00443944	0.0184732	0.220465	0.000217994	0.00128551
130	0.0672681	0.00136882	0.00113429	0.00254409	0.0367054	0.00762025	0.000195607	0.305131	0.000191488	0.202399	0.0235456	0.00158165	0.000325446	0.00026404	0.000292511	0.0175953	0.0385067	0.289793	0.00271874	0.000818481
131	0.164563	0.00462918	0.000104571	0.000107514	0.0445085	0.0510446	8.65032e-05	0.149862	0.000110309	0.289711	0.0159401	0.000131886	0.00275275	0.000137237	0.000116166	0.00946268	0.021142	0.24464	0.000833123	0.000116418
132	0.288783	0.0102088	0.000483014	0.000844794	0.0306258	0.175413	0.000661125	0.0780419	0.000216117	0.149021	0.0212028	0.000554001	0.00185366	0.000251572	0.00026166	0.0622816	0.0502395	0.12793	0.000392255	0.00073412
133	0.0350545	0.000310929	0.00215544	0.000199734	0.0025161	0.901477	0.000207959	0.000919175	0.000269401	0.00118277	0.000673589	0.00186799	0.00216292	0.000283849	0.000278117	0.0480813	0.00093413	0.000997548	0.000198442	0.000229339
134	0.039473	0.00233207	0.00397147	0.00115134	0.00337248	0.0156474	0.0543126	0.00499164	0.21134	0.019695	0.0238803	0.0134135	0.00322125	0.0393649	0.459548	0.0413052	0.0263197	0.0225276	0.00853919	0.00559324
135	0.0307648	0.0041841	0.000370292	0.000438525	0.396086	0.0127997	0.00780335	0.0194818	0.0101449	0.0820717	0.0157034	0.000810766	0.00569938	0.000660017	0.00635295	0.0126913	0.0263721	0.0493574	0.0350029	0.283204
136	0.164563	0.00462918	0.000104571	0.000107514	0.0445085	0.0510446	8.65032e-05	0.149862	0.000110309	0.289711	0.0159401	0.000131886	0.00275275	0.000137237	0.000116166	0.00946268	0.021142	0.24464	0.000833123	0.000116418
137	0.0744014	0.00676537	0.000247647	0.000647519	0.0390394	0.0065752	0.000195609	0.197067	0.000196262	0.296637	0.124143	0.00107057	0.00204593	0.000781716	0.000427483	0.00992808	0.0300311	0.205034	0.000682241	0.00408346
138	0.076066	0.00172803	0.0615892	0.0475014	0.00111666	0.0675347	0.0407766	0.0115765	0.0453303	0.0342674	0.00670191	0.11278	0.120018	0.0592028	0.102182	0.157014	0.0408211	0.012784	0.000429418	0.000580702
139	0.0576878	0.00130192	0.000975497	0.0329167	0.120757	0.0321076	0.0710425	0.0181243	0.0726717	0.0351335	0.00309572	0.0368618	0.0529957	0.01624	0.274916	0.0417918	0.052576	0.0110196	0.017413	0.0503716
140	0.0581331	0.00410179	0.000167794	0.000861817	0.099578	0.0136324	0.000144897	0.13955	0.000190579	0.430986	0.071722	0.00159572	0.00543012	0.00114622	0.00145468	0.00708751	0.0173611	0.129789	0.00675901	0.0103081
141	0.0164175	0.000526502	0.00030382	0.000294357	0.584006	0.00438925	0.000297372	0.0511606	0.000399362	0.222032	0.0384857	0.00125096	0.0012793	0.000400918	0.000638312	0.00855318	0.0136698	0.0364954	0.000505054	0.0188952
142	0.0343771	0.00471004	0.0603705	0.0789231	0.00524357	0.0185543	0.0665335	0.00313293	0.18315	0.00951378	0.00773771	0.0554412	0.00509341	0.0933111	0.256496	0.065764	0.0381483	0.0057648	0.00281499	0.00491997
143	0.0267777	0.000672542	0.000355547	0.000504718	0.167776	0.00333217	0.00849386	0.160992	0.00983679	0.278187	0.0327271	0.000635664	0.000823659	0.0156404	0.0217545	0.0159294	0.0254917	0.125265	0.0169364	0.0878679
144	0.0263358	0.00309838	0.0002841	0.000289763	0.00382321	0.00180054	0.000229496	0.488615	0.000316466	0.0802107	0.0224898	0.00108949	0.00360916	0.00264142	0.00229883	0.00199918	0.0145725	0.345052	0.000238353	0.00100617
145	0.017546	0.00485537	0.267386	0.533372	0.00150233	0.0189953	0.00924713	0.00229879	0.00646122	0.00316066	0.00164208	0.0190086	0.00390635	0.0131335	0.0205295	0.0395118	0.0274346	0.00864204	0.000513678	0.000852981
146	0.0939678	0.00935664	0.000248977	0.000436845	0.0362917	0.00808644	0.000236392	0.174691	0.000277977	0.28585	0.125663	0.000929285	0.00312431	0.000567039	0.000420621	0.00874191	0.0293502	0.216209	0.000772124	0.00477862
147	0.0251711	0.00373451	0.00311046	0.0017337	0.344679	0.0284956	0.00233865	0.0459772	0.00220455	0.212366	0.135818	0.0223982	0.02256	0.00282268	0.00331176	0.0541997	0.015907	0.0244669	0.00220238	0.0465023
148	0.085984	0.00415773	0.00155575	0.00195553	0.0152609	0.0160495	0.000567314	0.23609	0.000397506	0.175357	0.0595677	0.00196895	0.00139773	0.0027226	0.0007058	0.0580251	0.062966	0.271319	0.00206342	0.00188816
149	0.43061	0.00737349	0.00067859	0.00118707	0.0247043	0.106325	0.000623505	0.0495528	0.000316784	0.0641165	0.0160834	0.00180212	0.00206319	0.00166457	0.000816664	0.0930119	0.0987241	0.0981912	0.00169163	0.000462398
150	0.333747	0.00254615	0.00426229	0.0040129	0.0142291	0.0437811	0.00359256	0.0407352	0.000462129	0.0595735	0.0338933	0.0110085	0.00290898	0.0117845	0.00544506	0.159824	0.130944	0.136163	0.00050051	0.000586238
151	0.296664	0.040286	0.00165893	0.00158625	0.00325755	0.0563291	0.000942593	0.0481582	0.00144772	0.00914673	0.0267996	0.0108614	0.00533373	0.00214424	0.00310602	0.277514	0.149246	0.0639167	0.000735115	0.000866655
152	0.015655	0.00210468	0.000255481	0.00028723	0.072113	0.00618259	0.000282652	0.0965197	0.00142591	0.687625	0.0525988	0.000618409	0.00220499	0.000466933	0.000456367	0.00396935	0.00376187	0.0477568	0.00236188	0.00335333
153	0.0170858	0.00176204	0.000276464	0.000293066	0.470954	0.00409306	0.000254567	0.0400992	0.000360346	0.358477	0.0421407	0.00123759	0.00232128	0.000347584	0.000391905	0.00742642	0.00802389	0.0302634	0.0023347	0.0118569
154	0.0778753	0.00243922	0.0012461	0.00274861	0.0216829	0.0129978	0.000173289	0.296467	0.000209373	0.174059	0.0238633	0.00170313	0.000289005	0.000248711	0.000330797	0.0197232	0.0471142	0.313896	0.00228843	0.000644313
155	0.151375	0.023426	0.000380652	0.000373472	0.00126778	0.0240563	0.000330037	0.195669	0.000389691	0.0381053	0.00277033	0.00297358	0.00129748	0.000444882	0.000468579	0.0263521	0.050335	0.476975	0.000403033	0.0026069
156	0.0347379	0.00173551	0.00013999	0.000174109	0.0447103	0.00436852	0.000134767	0.266923	0.00013271	0.317161	0.112196	0.00118782	0.00100797	0.000873018	0.00021031	0.00543189	0.0211472	0.185014	0.000490028	0.00222487
157	0.277715	0.0102599	0.000307655	0.00272312	0.0179099	0.291083	0.00030681	0.0589686	0.000309062	0.112175	0.0104039	0.000426499	0.000643321	0.0004063	0.000440623	0.0580906	0.0414808	0.115701	0.000290172	0.00035974
158	0.400759	0.00596113	0.00188715	0.00209528	0.0112941	0.0262151	0.00146632	0.0406145	0.000604081	0.0205641	0.0194291	0.004226	0.00218598	0.00435929	0.00251716	0.165454	0.13014	0.158926	0.000580942	0.000720464
159	0.532093	0.00719451	0.000206128	0.000266914	0.00189938	0.078677	0.000212699	0.00107328	0.000266611	0.0040014	0.00245127	0.00308692	0.00431792	0.000317599	0.000423483	0.305562	0.0406098	0.0150701	0.0019656	0.000304786
160	0.0846939	0.00101334	0.000460083	0.0158186	0.104191	0.0160244	0.000401669	0.0908924	0.000899931	0.32371	0.050251	0.000930024	0.00121368	0.00507031	0.00659057	0.0352547	0.0435047	0.157527	0.0347118	0.0268406
161	0.158584	0.00454774	0.000256484	0.000512341	0.0448916	0.0453948	0.000171861	0.155678	0.000115097	0.288777	0.0242018	0.00041544	0.0025956	0.000260723	0.000259936	0.0119004	0.0242246	0.234417	0.00169291	0.00110297
162	0.207563	0.0166033	0.00366706	0.000265414	0.0454336	0.0416719	0.00460506	0.121998	0.000260247	0.159903	0.0866721	0.00399631	0.00208238	0.000423146	0.000653446	0.0927656	0.0490449	0.147672	0.00331106	0.0114081
163	0.0395109	0.000900261	0.0592949	0.0285174	0.00145822	0.415325	0.0433838	0.00245696	0.106666	0.00507651	0.00240355	0.0961296	0.00730541	0.031631	0.0980992	0.0512121	0.00595729	0.003051	0.000511653	0.00110894
164	0.00433299	0.000446012	0.000209245	0.000255208	0.0310601	0.00593515	0.000207777	0.100457	0.0023046	0.772614	0.0385943	0.000416984	0.000638064	0.000300085	0.000293534	0.00317649	0.000992447	0.0348341	0.000264141	0.0026678
165	0.0702367	0.00493595	0.00916219	0.00987547	0.00490967	0.0598794	0.00475652	0.0110716	0.0175105	0.017793	0.0115067	0.0334684	0.0109622	0.0109329	0.0352184	0.503812	0.167015	0.0131962	0.00185368	0.0019036
166	0.218177	0.00439797	0.0319646	0.00294668	0.00845113	0.0117434	0.00243926	0.0141433	0.00306825	0.183203	0.151108	0.0330561	0.092643	0.00374321	0.00361135	0.0465641	0.161396	0.0189061	0.0041402	0.00429656
167	0.408843	0.00571673	0.00163269	0.00779611	0.0141958	0.144127	0.000868724	0.041004	0.00172819	0.0252485	0.0191394	0.00308795	0.00335603	0.00241393	0.00253735	0.118066	0.141603	0.0543399	0.00321608	0.00107993
168	0.0124983	0.00493662	0.000603229	0.000611045	0.0285892	0.00388212	0.000585083	0.00686313	0.000758014	0.605735	0.280466	0.000972241	0.00872569	0.00737351	0.000839774	0.00453455	0.00552668	0.0239883	0.000749087	0.0017623
169	0.0357149	0.000346632	0.00223719	0.000325734	0.00255696	0.897764	0.000313569	0.00102022	0.000585683	0.00161955	0.00071329	0.00226369	0.00217254	0.000379528	0.000609079	0.0482042	0.00118335	0.00155476	0.000202588	0.00023251
170	0.678521	0.0033774	0.000510163	0.00095163	0.00232013	0.0694267	0.000437284	0.00652117	0.000558432	0.00637431	0.00677656	0.00244145	0.0029392	0.00069156	0.000642816	0.139654	0.0528289	0.0190539	0.00537368	0.000600202
171	0.0194623	0.000939228	0.000300152	0.000372376	0.546157	0.00503481	0.000525438	0.0489889	0.000633249	0.252041	0.0402462	0.00120184	0.00162748	0.000689534	0.00109661	0.00862443	0.0134507	0.0383287	0.00139494	0.018885
172	0.0263271	0.000884302	0.000166621	0.000193719	0.0335313	0.00395129	0.000124593	0.300425	0.000167243	0.307765	0.0726135	0.00119578	0.000444756	0.00063702	0.000193564	0.00417479	0.0175958	0.22818	0.000201578	0.00122654
173	0.517557	0.00480382	0.000700723	0.00172839	0.0076291	0.140381	0.00049706	0.019233	0.000793716	0.010396	0.0180931	0.00204121	0.00266799	0.000911804	0.0011286	0.136866	0.103847	0.0269001	0.00321981	0.00060556
174	0.0385645	0.000812427	0.00254295	0.000506936	0.00337913	0.879993	0.000429828	0.00305225	0.000835864	0.00348639	0.00138301	0.00244528	0.00501823	0.00103481	0.000746774	0.0479872	0.00225801	0.00423056	0.000569585	0.000723552
175	0.086314	0.0126664	0.000388551	0.000609561	0.0148938	0.0124572	0.000319666	0.219703	0.000378002	0.185624	0.0808225	0.00126395	0.00173183	0.000567197	0.000656776	0.0117074	0.0333952	0.332939	0.000594492	0.00296837
176	0.0441752	0.00318462	0.000267368	0.000215287	0.0433033	0.00804864	0.000196767	0.210038	0.000303774	0.325044	0.16614	0.00184603	0.00171656	0.000901261	0.000355456	0.00984249	0.0256548	0.15529	0.00083987	0.00263681
177	0.00477917	0.000447702	0.00020936	0.000256708	0.0299761	0.00586815	0.000218669	0.1045	0.00240862	0.762325	0.0410272	0.000444999	0.000654683	0.000378954	0.000300351	0.00322386	0.00157934	0.0384076	0.000226901	0.00276668
178	0.57602	0.00576908	0.000251956	0.000249231	0.00121917	0.0580378	0.000258411	0.00162915	0.000330734	0.00711776	0.00376665	0.00589924	0.00980208	0.000369278	0.000457236	0.285338	0.0241872	0.0156424	0.00329375	0.000360334
179	0.0172752	0.00501997	0.252881	0.541749	0.00137813	0.0197859	0.00965753	0.00220265	0.0065453	0.00280779	0.00150187	0.020115	0.00392264	0.0136992	0.0208831	0.0414865	0.0291559	0.0087615	0.00047043	0.000700703
180	0.0374967	0.00720926	0.00237858	0.00267712	0.00362064	0.0438125	0.00150808	0.00833873	0.00370975	0.0094741	0.00585095	0.0299985	0.00427151	0.00285037	0.00922154	0.578183	0.237149	0.00955988	0.00103946	0.00165055
181	0.076066	0.00172803	0.0615892	0.0475014	0.00111666	0.0675347	0.0407766	0.0115765	0.0453303	0.0342674	0.00670191	0.11278	0.120018	0.0592028	0.102182	0.157014	0.0408211	0.012784	0.000429418	0.000580702
182	0.00863175	0.00373535	0.000396068	0.000409289	0.471635	0.00815405	0.0115323	0.00887003	0.00519397	0.0555043	0.0130688	0.000648758	0.00227098	0.000459826	0.00635355	0.00937603	0.00971311	0.0309271	0.0164924	0.336627
183	0.0394842	0.00235044	0.00438061	0.00179126	0.00338508	0.0156547	0.0542545	0.0048902	0.211223	0.0195465	0.0237575	0.013824	0.0032133	0.0398604	0.458083	0.0415897	0.0264522	0.0222228	0.00845261	0.00558348
184	0.0659305	0.00106312	0.00784148	0.0333762	0.0942032	0.0310908	0.0711302	0.0204006	0.0705847	0.0456517	0.00993944	0.0478983	0.0458356	0.0268844	0.227344	0.0590446	0.0597413	0.0243732	0.0121549	0.0455119
185	0.0541532	0.00123828	0.0377892	0.305448	0.00258686	0.0121753	0.00107975	0.0381725	0.0169095	0.0273096	0.0287228	0.00157644	0.00152054	0.226167	0.0485626	0.0586117	0.0470651	0.0546862	0.0268448	0.00938004
186	0.0253222	0.00210931	0.000298576	0.000377228	0.0111537	0.00227092	0.000203765	0.465019	0.000249803	0.136179	0.0230337	0.000987968	0.00306187	0.00176387	0.00195126	0.00248811	0.014113	0.308231	0.000295475	0.000890076
