207	20
1	0.111071	0.00586599	0.0592133	0.101109	0.0147517	0.018171	0.0509086	0.0143864	0.117492	0.0444885	0.0208831	0.0592991	0.0112918	0.0965237	0.100256	0.0922223	0.0423582	0.0229773	0.0010989	0.0156318
2	0.00309381	0.00083878	0.00296587	0.000952144	0.0707753	0.0038967	0.000938939	0.104336	0.00390383	0.577895	0.100308	0.00122155	0.00302182	0.00130696	0.00288863	0.00838817	0.0212785	0.0749545	0.00688111	0.0101541
3	0.0337828	0.0153986	0.0232864	0.0306925	0.0222716	0.0189473	0.0657366	0.0175662	0.164893	0.0553625	0.0220976	0.0399049	0.00326759	0.0680066	0.253562	0.0725641	0.0295182	0.0224514	0.00164885	0.039041
4	0.0346813	0.0156978	0.0234438	0.0314322	0.022902	0.0193669	0.0657974	0.0176083	0.160999	0.0559061	0.0228035	0.040004	0.00344017	0.0682302	0.25075	0.0733904	0.0293473	0.0226289	0.001712	0.0398588
5	0.0354575	0.0304592	0.0357045	0.0401521	0.0241197	0.0524514	0.0507723	0.0158568	0.164189	0.0460999	0.0195551	0.0396762	0.00920977	0.0583224	0.216983	0.0744657	0.0272102	0.0208463	0.00220273	0.0362667
6	0.0386838	0.0141457	0.0281605	0.0350202	0.0206704	0.0238553	0.062194	0.0163374	0.162588	0.0523904	0.0200696	0.0459156	0.00377767	0.0717277	0.235472	0.0773804	0.0324862	0.0228861	0.00146456	0.0347744
7	0.110956	0.0059126	0.0590197	0.100971	0.0147922	0.0181577	0.0509368	0.0144181	0.117598	0.0445077	0.0209507	0.0592022	0.0112842	0.0964516	0.100657	0.0920389	0.0423302	0.0229625	0.00110512	0.0157476
8	0.152106	0.0368614	0.00272926	0.00607844	0.00314655	0.00763953	0.00536192	0.0720284	0.00683367	0.0388992	0.0112345	0.0110515	0.00872172	0.0137546	0.00428128	0.108131	0.312863	0.189516	0.00484796	0.00391414
9	0.107942	0.0242193	0.00170745	0.00951108	0.0032945	0.00667231	0.00369899	0.09204	0.00327327	0.331264	0.0207969	0.00747806	0.00160095	0.00564023	0.00337471	0.0449141	0.0694072	0.259248	0.00127687	0.00264021
10	0.111152	0.00582938	0.0593185	0.100771	0.0147433	0.0184327	0.0506572	0.0144113	0.117149	0.0445034	0.020736	0.0596729	0.0112446	0.0961841	0.100231	0.092854	0.0424079	0.0229789	0.0011309	0.015592
11	0.0319914	0.00435167	0.000919681	0.00112288	0.0374649	0.00811182	0.00537348	0.317723	0.00388347	0.206127	0.0553072	0.00394383	0.00121934	0.00601812	0.00902819	0.0121786	0.0229521	0.262009	0.00204967	0.0082241
12	0.00354269	0.00110753	0.00296723	0.000966472	0.0712956	0.00390713	0.00122128	0.104194	0.00386765	0.574995	0.100202	0.00138665	0.00303474	0.00140741	0.00291345	0.00892753	0.0215091	0.074979	0.00702758	0.0105485
13	0.0522022	0.0159672	0.0257664	0.0474648	0.0195795	0.0186502	0.0591678	0.0180744	0.15744	0.0574062	0.0271742	0.0383101	0.0046842	0.066649	0.221896	0.0724992	0.0339114	0.0285674	0.00182177	0.0327681
14	0.0752435	0.00619473	0.055778	0.0865166	0.0136448	0.0152369	0.0637844	0.015444	0.136209	0.0372666	0.0148298	0.0537938	0.00981484	0.111682	0.132727	0.0877617	0.0448947	0.0192524	0.000768015	0.0191571
15	0.0353808	0.0100815	0.00253337	0.00115417	0.0779438	0.0108179	0.0134841	0.259231	0.00318197	0.221174	0.0732513	0.0101257	0.00420572	0.011668	0.0118883	0.0270464	0.0266801	0.164689	0.00638369	0.0290785
16	0.0476646	0.0149551	0.000504646	0.00065537	0.0217596	0.0016043	0.0016655	0.287483	0.0023617	0.040812	0.0197816	0.00402201	0.00202706	0.000843508	0.00060796	0.00681901	0.0560324	0.486226	0.000205944	0.00396913
17	0.0597503	0.00107254	0.0254966	0.0450979	0.0189174	0.0029758	0.0268923	0.19355	0.0340514	0.140177	0.0240839	0.0269038	0.0172388	0.0535545	0.0422226	0.0504452	0.0643313	0.124282	0.00743943	0.0415167
18	0.174046	0.0399694	0.0093331	0.0260613	0.00218158	0.329093	0.0129258	0.0223513	0.00503217	0.0264585	0.0107448	0.0112391	0.0187826	0.0104202	0.00798067	0.176825	0.0848769	0.0254646	0.00125121	0.00496293
19	0.0338212	0.0157059	0.0233916	0.0309227	0.0228872	0.0193179	0.0658545	0.017579	0.16194	0.0555939	0.0226361	0.0399466	0.00337599	0.0682184	0.252064	0.0731389	0.0293955	0.0225798	0.00168336	0.0399469
20	0.0339204	0.0157117	0.0234363	0.0309039	0.0229104	0.0193036	0.0659204	0.0175868	0.161699	0.0555454	0.0227314	0.0399116	0.003398	0.0682372	0.251818	0.0732163	0.0294432	0.0225768	0.00170912	0.04002
21	0.00832694	0.000607833	0.0018273	0.000787208	0.0515746	0.00482434	0.00172358	0.21911	0.00400832	0.434211	0.086144	0.0019318	0.00178927	0.00299546	0.00701348	0.00846272	0.0154409	0.135463	0.00430475	0.00945357
22	0.152883	0.0199153	0.00366764	0.0185462	0.00451799	0.00865307	0.0193268	0.153751	0.00681653	0.0500403	0.0526968	0.0200898	0.00392429	0.0801021	0.00668774	0.119099	0.129678	0.141404	0.00287319	0.00532791
23	0.137569	0.00263041	0.0885285	0.194642	0.00281956	0.0152009	0.00486602	0.0131777	0.156357	0.0296593	0.00346526	0.0300258	0.00261448	0.0786741	0.0280753	0.086471	0.0916957	0.0302937	0.00087655	0.00235805
24	0.241541	0.0427271	0.0105447	0.0131679	0.00201565	0.0509683	0.0123554	0.0257688	0.00455103	0.0207049	0.00922036	0.0577123	0.0182315	0.0177959	0.00286207	0.277365	0.127604	0.0468021	0.000758327	0.0173029
25	0.0870176	0.00446659	0.0795111	0.1239	0.0113634	0.0192605	0.0566707	0.0136254	0.116871	0.0321446	0.0129867	0.0592494	0.0149629	0.110521	0.0875696	0.0904643	0.0487323	0.0177289	0.000783868	0.0121707
26	0.0499284	0.0258918	0.00553406	0.00176669	0.137358	0.00903237	0.0294149	0.129522	0.00164125	0.217139	0.0824878	0.0174865	0.0106091	0.0152375	0.0146564	0.0556366	0.0516753	0.0744868	0.00776056	0.0627354
27	0.24585	0.0703641	0.00193328	0.00329541	0.00204095	0.00387411	0.00328941	0.0593348	0.00378536	0.0368413	0.00769931	0.00815182	0.0160144	0.00963101	0.00327396	0.121228	0.137725	0.255164	0.00838214	0.00212112
28	0.0486189	0.015457	0.000501787	0.000666114	0.0218296	0.00156358	0.001661	0.286367	0.00235422	0.0408549	0.0199252	0.00404372	0.00218889	0.000899024	0.000606691	0.00701667	0.0569132	0.484313	0.000207179	0.0040128
29	0.163951	0.0322006	0.0100719	0.0414114	0.00363541	0.27799	0.0110905	0.0296246	0.0126086	0.0331376	0.00835066	0.00924997	0.0394465	0.0192198	0.0335356	0.127542	0.0987818	0.0389513	0.00207502	0.00712516
30	0.0468399	0.00820042	0.114305	0.0194086	0.0185817	0.0334312	0.0871336	0.0207195	0.0318274	0.0229167	0.00854361	0.325276	0.00800377	0.0248682	0.0285984	0.0655231	0.0806707	0.0256525	0.00302495	0.0264747
31	0.0453164	0.013754	0.000489893	0.000646223	0.0225598	0.00177266	0.00162842	0.302275	0.00242421	0.0493578	0.0228681	0.00387823	0.00190694	0.0010129	0.00127894	0.00706288	0.0542094	0.463121	0.000246858	0.00419084
32	0.0480838	0.0152379	0.000493293	0.000649258	0.0218479	0.00156216	0.00161123	0.286899	0.00236149	0.0409044	0.0199319	0.00400977	0.00205385	0.000848291	0.000583852	0.00683213	0.0567618	0.485087	0.000207142	0.00403417
33	0.0374906	0.0151131	0.0237789	0.0330634	0.0215921	0.0188337	0.0646514	0.0171471	0.165724	0.0572184	0.0220854	0.0408962	0.00357694	0.0683763	0.245463	0.0735988	0.0298934	0.0225713	0.00164869	0.0372771
34	0.0380797	0.0148935	0.0244851	0.0341513	0.021213	0.0188567	0.0654541	0.0174228	0.168442	0.0541141	0.0216736	0.0402719	0.00378022	0.068781	0.244154	0.0721167	0.031565	0.0229671	0.00165217	0.035926
35	0.0473238	0.0148284	0.0004971	0.000669641	0.0218572	0.00165877	0.00168632	0.287447	0.00238261	0.0413758	0.0199695	0.00398899	0.00203142	0.000850002	0.000690095	0.00683438	0.055752	0.485991	0.000205005	0.00396081
36	0.00745941	0.00104599	0.00217245	0.000865302	0.0590421	0.00460658	0.00187543	0.18713	0.00402043	0.465046	0.0921725	0.00189262	0.00223731	0.00276879	0.00706936	0.00917381	0.017595	0.118571	0.00488161	0.0103751
37	0.0409705	0.0152048	0.0255721	0.0336294	0.0240073	0.0201361	0.0671283	0.0178367	0.154331	0.0530727	0.0243795	0.0407136	0.00407168	0.0685645	0.239404	0.0760464	0.0307716	0.0214497	0.00219044	0.04052
38	0.0391468	0.00490215	0.000852567	0.00239244	0.0291565	0.010209	0.00419302	0.30142	0.00401898	0.242449	0.0574266	0.00415297	0.000732766	0.00632521	0.00965851	0.0179198	0.02232	0.23444	0.00188891	0.00639514
39	0.0391482	0.0109244	0.000504165	0.000702968	0.0252876	0.00216343	0.00149774	0.33131	0.00272905	0.0718927	0.0262979	0.00364692	0.00153209	0.00161443	0.00310994	0.00751157	0.046241	0.418735	0.000353148	0.00479792
40	0.0364007	0.016058	0.0243373	0.0333288	0.0221943	0.0194817	0.0656153	0.0175601	0.161816	0.0550062	0.0224805	0.0401472	0.00386999	0.0692162	0.246155	0.0744075	0.0293119	0.0225668	0.00163901	0.0384079
41	0.0160736	0.00699023	0.262895	0.501306	0.0011627	0.0142433	0.00146112	0.0101575	0.0139304	0.0248985	0.0039268	0.0125775	0.0049508	0.059139	0.0171033	0.0243713	0.0114141	0.0118272	0.000466933	0.00110509
42	0.0854838	0.00256355	0.0912531	0.074947	0.0168448	0.0787702	0.0311207	0.014345	0.0907833	0.0340876	0.00723646	0.101775	0.0132435	0.066848	0.0734138	0.141805	0.0570061	0.0110679	0.00236082	0.00504431
43	0.0997637	0.0034567	0.0786197	0.0867634	0.0119791	0.0494363	0.037695	0.0111963	0.112909	0.0332739	0.00963549	0.0842964	0.0108831	0.0776652	0.0856365	0.123978	0.0560145	0.0168406	0.00123927	0.00871838
44	0.00419678	0.00102157	0.00373926	0.00143468	0.0699185	0.00401904	0.00139535	0.101212	0.00431307	0.575428	0.0995738	0.00189045	0.00377921	0.00200781	0.00329465	0.00917591	0.0221012	0.0741474	0.00694732	0.0104042
45	0.0772028	0.00670192	0.00726056	0.0348485	0.124794	0.0826428	0.121425	0.0156668	0.0357289	0.0715612	0.00783763	0.0108789	0.0301679	0.223465	0.00944808	0.0631299	0.022718	0.0421452	0.00346784	0.00890962
46	0.0811912	0.00196036	0.0842143	0.0527148	0.0100951	0.0980674	0.0337303	0.00884508	0.0946039	0.0284763	0.00353515	0.112537	0.00938361	0.0597049	0.0829572	0.163991	0.0597792	0.00856211	0.00181589	0.00383486
47	0.00291984	0.000853688	0.00301181	0.000961844	0.0713584	0.00387931	0.000918379	0.10068	0.003903	0.582737	0.100835	0.0012095	0.00304974	0.00124074	0.00268463	0.00837373	0.0215812	0.0726681	0.0070381	0.0100951
48	0.00909374	0.00391159	0.00332467	0.00101439	0.0837614	0.00595798	0.00421295	0.105764	0.00360608	0.519865	0.102207	0.00341756	0.0039035	0.00312546	0.00409589	0.0140129	0.028324	0.0758791	0.00850282	0.0160203
49	0.0775741	0.00670603	0.0762253	0.123275	0.0341045	0.0624568	0.0201431	0.0446522	0.0567103	0.0620357	0.0227753	0.0491676	0.00887326	0.0810453	0.0529791	0.097144	0.0782999	0.0237896	0.0130936	0.00894899
50	0.0170319	0.00115181	0.000519429	0.000772048	0.035105	0.00608019	0.00271905	0.403434	0.00436727	0.182124	0.0562259	0.0025967	0.00055119	0.00503136	0.0124958	0.0105953	0.0161205	0.234424	0.00110037	0.00755412
51	0.0142291	0.000645552	0.000765172	0.000845664	0.038459	0.00619439	0.00262857	0.371759	0.00532736	0.225574	0.0676102	0.0022561	0.000788878	0.00540664	0.0135289	0.0101973	0.0142235	0.209806	0.00162426	0.0081303
52	0.0160736	0.00699023	0.262895	0.501306	0.0011627	0.0142433	0.00146112	0.0101575	0.0139304	0.0248985	0.0039268	0.0125775	0.0049508	0.059139	0.0171033	0.0243713	0.0114141	0.0118272	0.000466933	0.00110509
53	0.196841	0.024938	0.00738295	0.026625	0.00428297	0.125711	0.0259453	0.0312935	0.00796567	0.0240802	0.0190352	0.040272	0.0128568	0.0254326	0.00951552	0.227973	0.10794	0.0563058	0.00129494	0.024308
54	0.0322314	0.00798204	0.000559039	0.000797149	0.0269341	0.00342364	0.00195974	0.351684	0.00300993	0.111359	0.0359577	0.00344534	0.00126762	0.0028207	0.00584951	0.00901042	0.0358975	0.359514	0.000630694	0.00566653
55	0.0768084	0.00185113	0.0875077	0.054431	0.00993743	0.101914	0.0341239	0.00866838	0.0928974	0.0265406	0.00281211	0.112998	0.00964183	0.0643711	0.0792452	0.163119	0.0600012	0.00802482	0.00176216	0.0033449
56	0.0161367	0.00695258	0.262782	0.500606	0.00117863	0.0143466	0.0015019	0.0102406	0.0139275	0.0249633	0.00392411	0.0126222	0.00493872	0.0591274	0.0170776	0.0246186	0.0114847	0.0118222	0.000507255	0.00124099
57	0.00477343	0.000729818	0.00251079	0.000876895	0.0638056	0.00427229	0.00115669	0.14113	0.0039195	0.529198	0.0979181	0.00132154	0.00250632	0.00178611	0.00435185	0.00820108	0.0189011	0.0961678	0.00594943	0.0105238
58	0.0595797	0.00107462	0.0255317	0.0451472	0.0189731	0.00300163	0.0267493	0.193053	0.0344557	0.14097	0.0243811	0.0267792	0.0171039	0.05366	0.0421236	0.050191	0.0641086	0.124379	0.00740205	0.0413352
59	0.0864525	0.00490805	0.159749	0.165377	0.00710943	0.0563365	0.0174186	0.0423366	0.0239296	0.042443	0.00609687	0.0120325	0.00418058	0.0671356	0.0223136	0.0885066	0.109524	0.0768488	0.00367724	0.00362365
60	0.0160736	0.00699023	0.262895	0.501306	0.0011627	0.0142433	0.00146112	0.0101575	0.0139304	0.0248985	0.0039268	0.0125775	0.0049508	0.059139	0.0171033	0.0243713	0.0114141	0.0118272	0.000466933	0.00110509
61	0.00779438	0.000694617	0.00197328	0.000819961	0.0540824	0.00488791	0.00158556	0.202334	0.00404779	0.453571	0.0901513	0.00169594	0.00200969	0.00274869	0.00643507	0.00843953	0.0162787	0.126178	0.00478352	0.0094895
62	0.113255	0.00497776	0.13062	0.28621	0.00392587	0.0286604	0.0062102	0.0142859	0.0953563	0.0206502	0.00515669	0.0288597	0.00587951	0.0593289	0.0156761	0.0777913	0.0764066	0.0234457	0.00113499	0.00216963
63	0.336532	0.0161739	0.00425049	0.00762423	0.00286565	0.0809379	0.00867717	0.0119726	0.016597	0.0129847	0.00752802	0.017152	0.00881111	0.0077668	0.00440175	0.325528	0.085372	0.0374427	0.00137664	0.00600577
64	0.0597202	0.00107165	0.0254759	0.0453733	0.018855	0.00298482	0.026775	0.192916	0.0340485	0.140806	0.0241554	0.0267568	0.0174273	0.0534203	0.0421268	0.0508673	0.064336	0.12397	0.00741071	0.0415031
65	0.0161327	0.00698963	0.26267	0.501226	0.00116494	0.0142348	0.00149006	0.0101723	0.0138986	0.0249922	0.00392449	0.0126382	0.00496262	0.0591095	0.0171798	0.024352	0.0114267	0.0118639	0.000466445	0.00110511
66	0.0223824	0.0119107	0.00525248	0.0209596	0.260649	0.00967965	0.106666	0.0376883	0.00609235	0.0955648	0.0125315	0.00769242	0.0021193	0.0448759	0.016393	0.0168099	0.0161875	0.0208385	0.00846857	0.277237
67	0.0193983	0.00226678	0.000565703	0.000822183	0.0349367	0.00564785	0.00265459	0.385604	0.00415977	0.179809	0.054377	0.00276586	0.000695521	0.00468574	0.0114701	0.010549	0.0193112	0.251546	0.00125305	0.00748178
68	0.0525865	0.0102621	0.0330906	0.0364576	0.0266769	0.0301902	0.0813257	0.0181217	0.117008	0.0509673	0.0165056	0.0692848	0.00572478	0.0600107	0.184738	0.108894	0.0427281	0.0210889	0.00258618	0.0317523
69	0.222748	0.0318932	0.038806	0.0313914	0.00501051	0.031431	0.0208655	0.0163255	0.013234	0.0136601	0.00383303	0.072396	0.0855183	0.0272597	0.00755531	0.241775	0.0961441	0.0252584	0.00122353	0.0136716
70	0.0687356	0.00392521	0.0967784	0.0401186	0.00881116	0.142559	0.0349516	0.00908024	0.0993913	0.0289742	0.00243248	0.109358	0.00823888	0.0482894	0.0718867	0.159003	0.052723	0.00876436	0.00196333	0.00401654
71	0.0176636	0.00763379	0.259197	0.494182	0.00127506	0.0150127	0.00178269	0.0107342	0.0152276	0.0255071	0.00414877	0.012789	0.00497116	0.0605559	0.0171995	0.0256865	0.012852	0.0119617	0.000491588	0.00112822
72	0.0479247	0.015223	0.000496034	0.000719318	0.0217594	0.00161588	0.00160249	0.286154	0.00236481	0.044272	0.0203309	0.0040493	0.00205262	0.000922707	0.000725992	0.0070987	0.0567013	0.48167	0.000224654	0.00409235
73	0.0194878	0.00228418	0.000559889	0.00129993	0.0331161	0.00589413	0.00265335	0.383488	0.00419918	0.195444	0.0544639	0.00301072	0.000574429	0.00491756	0.0118772	0.0116401	0.0173758	0.239101	0.00117931	0.00743339
74	0.00291984	0.000853688	0.00301181	0.000961844	0.0713584	0.00387931	0.000918379	0.10068	0.003903	0.582737	0.100835	0.0012095	0.00304974	0.00124074	0.00268463	0.00837373	0.0215812	0.0726681	0.0070381	0.0100951
75	0.0886553	0.020029	0.00289876	0.00833927	0.0133437	0.00648574	0.00629116	0.159075	0.00613521	0.237077	0.0248902	0.00817256	0.00368287	0.00965556	0.0074284	0.0379739	0.0800726	0.269893	0.00204709	0.00785402
76	0.0499534	0.0260888	0.00557276	0.00172397	0.137461	0.00895014	0.0295598	0.129764	0.00151229	0.216906	0.0827728	0.0174689	0.0105825	0.0152127	0.0147963	0.0553404	0.0514013	0.0743803	0.0077082	0.0628443
77	0.126804	0.0231473	0.023812	0.045441	0.00355387	0.405742	0.0135548	0.0133314	0.00891729	0.016311	0.00729424	0.0117879	0.0179401	0.015613	0.0119042	0.16974	0.0688108	0.0113388	0.00140082	0.00355512
78	0.0582921	0.016735	0.0267003	0.0402218	0.0246513	0.0208381	0.0668358	0.0186294	0.139354	0.0535155	0.0320022	0.038907	0.00670742	0.0626226	0.215544	0.0773138	0.0327251	0.0215384	0.00385426	0.0430113
79	0.184053	0.0517899	0.0160626	0.010405	0.00266194	0.041116	0.0130328	0.0226848	0.00786109	0.0149107	0.00367416	0.0970831	0.0239465	0.0164957	0.00782423	0.316356	0.108777	0.0394076	0.00211651	0.0197422
80	0.0960159	0.00669595	0.0481914	0.07827	0.00979142	0.0114517	0.0314429	0.0123393	0.195329	0.0454416	0.0116412	0.0375207	0.00384996	0.0803043	0.143405	0.0758872	0.0705277	0.0257668	0.00101414	0.0151137
81	0.106164	0.0109875	0.00828422	0.0328564	0.00780492	0.0257947	0.00906965	0.036612	0.031498	0.0625869	0.0089735	0.0261769	0.00833239	0.0331304	0.0135556	0.210265	0.313825	0.0234314	0.00290747	0.0277451
82	0.121711	0.0286744	0.00184569	0.00664765	0.00801612	0.00727889	0.00412392	0.111578	0.00369103	0.245151	0.0200455	0.00768069	0.00418276	0.00694533	0.00409646	0.0482997	0.0759981	0.287957	0.00178643	0.00429004
83	0.112064	0.00592345	0.0583827	0.101069	0.0145346	0.0181945	0.0504402	0.0143906	0.119154	0.0453028	0.0213689	0.0587472	0.0110187	0.0951462	0.100898	0.0910366	0.0427504	0.0230679	0.00113485	0.0153755
84	0.0338423	0.0142462	0.0109931	0.016329	0.27801	0.0124297	0.0709849	0.0540003	0.00962209	0.0966913	0.0238257	0.0123345	0.0046932	0.0331304	0.0192597	0.0282465	0.0310882	0.0355921	0.0104335	0.204247
85	0.00782551	0.00360148	0.00373899	0.001689	0.0900623	0.0046675	0.00606214	0.0993403	0.00375252	0.532148	0.0953035	0.00295026	0.00356123	0.00381802	0.00421061	0.0126709	0.0245678	0.0716167	0.00730896	0.0211041
86	0.0384616	0.0183866	0.0209443	0.0313271	0.0206471	0.0183168	0.0575972	0.0222375	0.151338	0.0733541	0.0206842	0.0356219	0.00372481	0.0655554	0.250626	0.0726784	0.0277084	0.0214153	0.0017995	0.0475758
87	0.111306	0.00460034	0.0664573	0.0919735	0.015791	0.0314585	0.046534	0.0125241	0.11402	0.0372518	0.0152702	0.0734193	0.0124182	0.0865921	0.0939784	0.10545	0.0466488	0.0198098	0.00103626	0.0134605
88	0.318731	0.039867	0.00543322	0.00836611	0.00252373	0.0514071	0.00920236	0.0257187	0.00621646	0.0289818	0.0177391	0.0188208	0.012963	0.0118734	0.00342713	0.210664	0.160117	0.0597118	0.00139697	0.00683891
89	0.104275	0.00568299	0.0424954	0.0618503	0.0130838	0.0283331	0.042082	0.0200094	0.122185	0.0371327	0.0134913	0.080719	0.00798225	0.0830878	0.112904	0.126547	0.0541884	0.0197281	0.00313681	0.0210862
90	0.047335	0.0296284	0.0072803	0.00557287	0.165775	0.00951102	0.034245	0.116224	0.00356259	0.18601	0.0684256	0.0164259	0.00924255	0.0180084	0.015386	0.0511289	0.0559059	0.0717732	0.00773865	0.0808209
91	0.0745324	0.00472325	0.0627154	0.0990535	0.0112566	0.0147575	0.0628806	0.0154985	0.131652	0.0323399	0.0125387	0.0565999	0.0139276	0.123697	0.106457	0.0916042	0.0525472	0.0179143	0.000827312	0.0144766
92	0.0508036	0.0182636	0.000788544	0.00173418	0.0204008	0.00245491	0.00251388	0.258942	0.00323274	0.0773174	0.0201907	0.00775057	0.00221496	0.00233789	0.00133771	0.0124831	0.056435	0.455709	0.000507975	0.00458144
93	0.0153632	0.000619844	0.000526276	0.000792531	0.035571	0.00637325	0.00277682	0.4042	0.0045029	0.191099	0.0592469	0.00250796	0.000490211	0.00527876	0.0131337	0.010684	0.014008	0.2237	0.00120286	0.00792228
94	0.0331773	0.0075963	0.00101306	0.00142788	0.0283401	0.00700668	0.00531982	0.324222	0.00384714	0.121005	0.0389172	0.00422855	0.00152632	0.0042488	0.00731097	0.0104485	0.0334318	0.358989	0.001149	0.00679454
95	0.294567	0.0771522	0.00185702	0.00336147	0.00188444	0.00506831	0.00330384	0.0462798	0.00309372	0.0428426	0.00883422	0.00561357	0.021869	0.0120489	0.00443158	0.112324	0.135102	0.21233	0.00586452	0.0021717
96	0.0753243	0.00589086	0.173218	0.333613	0.00548863	0.0236674	0.00952859	0.0167187	0.0549232	0.0296594	0.00600706	0.0230874	0.00545438	0.0618842	0.0266249	0.0635847	0.049017	0.0310404	0.00116718	0.00410078
97	0.156196	0.0281276	0.00971016	0.0303771	0.00209426	0.332681	0.0164282	0.01332	0.00487611	0.0141205	0.00736743	0.0123772	0.0159405	0.0104141	0.00615244	0.231837	0.0849399	0.0167083	0.000879219	0.00545249
98	0.161963	0.012274	0.0113469	0.098133	0.0408153	0.0852093	0.0132667	0.0201698	0.0127107	0.0448633	0.0106674	0.0208482	0.0377454	0.0175125	0.0109062	0.249124	0.0681491	0.0237846	0.00339177	0.057119
99	0.133162	0.0162633	0.0276187	0.0246703	0.0051068	0.0193722	0.0180988	0.00928943	0.0343316	0.0162779	0.00946733	0.0316007	0.388952	0.0466848	0.0355929	0.111971	0.0484196	0.0169365	0.00117313	0.00501067
100	0.107756	0.00621366	0.0545561	0.083126	0.0190584	0.0202372	0.0485114	0.0308499	0.10271	0.0634358	0.0191651	0.0563767	0.0137793	0.0736091	0.104038	0.107972	0.0395727	0.0301369	0.00188702	0.0170088
101	0.133545	0.00250442	0.0747166	0.1483	0.00416051	0.0111895	0.0131882	0.0110859	0.168859	0.036639	0.00519181	0.0351548	0.00367987	0.0926866	0.0505095	0.0820923	0.0879222	0.0332936	0.000679357	0.00460108
102	0.00840929	0.00335268	0.00382745	0.00266904	0.0837344	0.00610478	0.00323016	0.0952215	0.00442204	0.45576	0.182483	0.00385144	0.00395726	0.00377085	0.00418965	0.0127442	0.0399317	0.0587648	0.0128259	0.010749
103	0.159659	0.0162084	0.0139465	0.0275141	0.0102485	0.0449665	0.016635	0.0703273	0.0417276	0.0991013	0.0150436	0.01866	0.0124891	0.0628393	0.0645288	0.0882856	0.0635878	0.14888	0.00522987	0.0201223
104	0.0799067	0.0139318	0.0299156	0.0608191	0.0156291	0.02078	0.0500421	0.0188833	0.150285	0.0570368	0.0276048	0.0405575	0.00591939	0.0680618	0.182881	0.0715735	0.0452035	0.0348967	0.00180704	0.0242646
105	0.0980806	0.00246655	0.0897148	0.076816	0.0121615	0.0629408	0.0365245	0.00960814	0.102117	0.0286642	0.00684769	0.0983667	0.0153728	0.0680084	0.0795596	0.136169	0.0562346	0.0130569	0.00118142	0.0061091
106	0.00818672	0.00193408	0.00289113	0.00159252	0.0644731	0.00417521	0.00151824	0.12519	0.00399501	0.540845	0.0920032	0.00180756	0.00295125	0.00209195	0.00376554	0.0103586	0.0223389	0.0936415	0.00618511	0.0100552
107	0.0159633	0.000837654	0.000530295	0.000773881	0.0351554	0.006253	0.00276044	0.402905	0.00442455	0.188016	0.058239	0.00253422	0.000515001	0.00517937	0.0129028	0.01064	0.0146816	0.228676	0.00118006	0.00783174
108	0.0743711	0.00374916	0.0937198	0.11157	0.00899706	0.0244007	0.0581954	0.0126941	0.11485	0.0236219	0.00821147	0.0681619	0.0274115	0.112212	0.0709581	0.102443	0.0611453	0.0138656	0.00101233	0.00841014
109	0.139847	0.0490649	0.00311596	0.00528622	0.0055933	0.00653732	0.00410328	0.0851056	0.0113904	0.0305782	0.00667122	0.022121	0.0101485	0.009944	0.0042986	0.107396	0.145276	0.343392	0.00617289	0.00395701
110	0.0571164	0.00545703	0.0188397	0.0325641	0.0323374	0.00529614	0.0269466	0.195543	0.0256445	0.148465	0.0356467	0.0222313	0.013566	0.0422295	0.0356052	0.0547064	0.0734082	0.126394	0.00655875	0.0414438
111	0.0709018	0.0227843	0.00165752	0.0066904	0.00578876	0.00578339	0.0027164	0.0865664	0.00242588	0.39151	0.0223479	0.00961001	0.00144705	0.00334378	0.00229545	0.0326584	0.0463887	0.281761	0.00109941	0.00222332
112	0.0465981	0.0144994	0.000485142	0.000654681	0.0221963	0.00161231	0.00161527	0.294671	0.0023822	0.0443673	0.0210365	0.00395963	0.001969	0.000883154	0.0008435	0.00690713	0.0555202	0.475491	0.000213969	0.00409428
113	0.14127	0.0117449	0.012344	0.00751306	0.0015427	0.00889481	0.0115966	0.00635674	0.0189187	0.0104118	0.00792694	0.025215	0.508666	0.0322454	0.016898	0.120663	0.0406387	0.0147344	0.000745028	0.00167397
114	0.109088	0.0063123	0.0932495	0.095803	0.0324132	0.0473886	0.0327429	0.0200541	0.0778582	0.0374015	0.0125402	0.0793813	0.0151548	0.064781	0.0666853	0.122299	0.0519646	0.0201893	0.00310158	0.0115915
115	0.341267	0.0197346	0.00277733	0.00680224	0.00202115	0.0792344	0.00827608	0.013432	0.0107597	0.0159938	0.0108187	0.0120046	0.0064292	0.00746416	0.00251344	0.302283	0.114384	0.0380187	0.000953254	0.00483172
116	0.233508	0.0461587	0.0126921	0.0104509	0.00204527	0.0534009	0.0177637	0.019046	0.0046526	0.0132628	0.00489683	0.0702739	0.0210523	0.0129298	0.00271129	0.313725	0.109467	0.0354064	0.000876167	0.0156804
117	0.0479555	0.0151755	0.00049228	0.0006521	0.0218938	0.00159393	0.00163312	0.287486	0.00235652	0.041516	0.0201142	0.00402467	0.00204705	0.000860152	0.000638207	0.00684543	0.0566564	0.483793	0.000212488	0.00405391
118	0.0243469	0.0127532	0.00588756	0.017758	0.287097	0.0079261	0.0949125	0.034861	0.00519233	0.0803858	0.013617	0.00774089	0.0015098	0.0337226	0.0172371	0.0160413	0.0176744	0.0198385	0.00984584	0.291652
119	0.158099	0.022273	0.0105639	0.0316095	0.00249054	0.422938	0.0153033	0.0129502	0.00615917	0.0159831	0.00752181	0.00418329	0.0201207	0.00977446	0.00768058	0.174575	0.0606422	0.0127442	0.00116067	0.00322648
120	0.0153143	0.000618125	0.000525338	0.000791262	0.0355465	0.00637094	0.00279291	0.402412	0.00456602	0.1928	0.0598473	0.00247088	0.000515092	0.00532615	0.0132713	0.0106054	0.0140271	0.223032	0.0012101	0.00795718
121	0.0108906	0.00223325	0.00234967	0.00161853	0.0602074	0.00532346	0.00284979	0.196374	0.00443588	0.414565	0.115236	0.00262532	0.00233308	0.00376493	0.00698808	0.010851	0.0229579	0.11761	0.00589331	0.0108931
122	0.141495	0.0117164	0.0124064	0.00752933	0.00152017	0.00906229	0.0112821	0.00631313	0.0189277	0.0103756	0.00779584	0.0247528	0.508907	0.0325102	0.016911	0.120318	0.040556	0.0150338	0.000794791	0.00179266
123	0.0554227	0.0105996	0.0329187	0.0498685	0.0175229	0.0212561	0.0544434	0.0268674	0.142277	0.0511877	0.0181268	0.0467932	0.00581771	0.0862439	0.191112	0.0864445	0.0462333	0.0265395	0.00193851	0.028387
124	0.0524537	0.0165935	0.000587571	0.000778338	0.0211303	0.00167923	0.00167388	0.279701	0.00251135	0.0414767	0.0195073	0.00446521	0.0021359	0.001153	0.000761307	0.0106154	0.0597856	0.47858	0.000474512	0.0039358
125	0.0955636	0.0118249	0.0283908	0.018314	0.00596345	0.0741804	0.0151133	0.021818	0.0547411	0.0302344	0.00570512	0.120031	0.0100517	0.0322043	0.0388842	0.255043	0.143224	0.0199623	0.00879993	0.00995035
126	0.048481	0.0143599	0.0260592	0.0402991	0.0212574	0.0196227	0.0574606	0.02392	0.156269	0.0649889	0.0281536	0.0391898	0.00481278	0.0651976	0.217241	0.0728421	0.0340973	0.0294573	0.00208787	0.034203
127	0.0483649	0.0153811	0.000520803	0.000928211	0.0217368	0.00179376	0.00166509	0.28601	0.00236959	0.0482617	0.0204704	0.00409964	0.00200788	0.00106048	0.000783771	0.00757027	0.055534	0.477133	0.000254622	0.00405393
128	0.0159626	0.000830806	0.00053306	0.000805285	0.0354517	0.0062632	0.00273627	0.400826	0.00442719	0.191947	0.0584335	0.00256666	0.0005335	0.00517095	0.0127785	0.0108268	0.0146555	0.226206	0.0011965	0.00784905
129	0.0150683	0.000625923	0.000551432	0.000805258	0.0356189	0.00635869	0.00272269	0.398824	0.00468335	0.198774	0.0607193	0.0024396	0.000541483	0.00534265	0.0132512	0.0105192	0.0137774	0.220198	0.00128626	0.00789219
130	0.180055	0.022659	0.00893283	0.0266575	0.00237423	0.351642	0.0153724	0.0130707	0.006343	0.0158015	0.00680068	0.0117694	0.0336688	0.010051	0.00645009	0.202084	0.0627039	0.0177932	0.00120839	0.00456227
131	0.301182	0.0789092	0.0021193	0.00357811	0.00191945	0.00638145	0.00360996	0.0434291	0.00327884	0.0389563	0.00910644	0.00675401	0.0237403	0.0111145	0.00440024	0.115716	0.13614	0.201679	0.00557476	0.00241097
132	0.0887585	0.00921641	0.052559	0.0836959	0.0173104	0.0183568	0.0563413	0.0147886	0.129467	0.0439935	0.0196458	0.053105	0.00908396	0.0947437	0.137609	0.0855275	0.0393716	0.0233037	0.0012293	0.0218932
133	0.283937	0.0402133	0.00148151	0.005948	0.00157546	0.0498541	0.00859834	0.0335682	0.00433541	0.0392186	0.0284923	0.00639146	0.00318654	0.013535	0.00261118	0.206897	0.20707	0.057358	0.000926739	0.00480215
134	0.0462611	0.014188	0.000535869	0.000686575	0.0216609	0.00199769	0.00187124	0.288562	0.00238639	0.0424698	0.0198846	0.00394665	0.00196932	0.00101355	0.00078329	0.00682616	0.0542232	0.486568	0.000241405	0.00392415
135	0.00291984	0.000853688	0.00301181	0.000961844	0.0713584	0.00387931	0.000918379	0.10068	0.003903	0.582737	0.100835	0.0012095	0.00304974	0.00124074	0.00268463	0.00837373	0.0215812	0.0726681	0.0070381	0.0100951
136	0.213013	0.0180637	0.0104139	0.0211475	0.00698434	0.132939	0.0122536	0.0461734	0.0489687	0.0397872	0.0109571	0.0210934	0.0371322	0.025986	0.0258949	0.148945	0.090198	0.0740415	0.00413141	0.0118752
137	0.0268532	0.0071147	0.254311	0.0359334	0.00835006	0.0417155	0.0360476	0.0149864	0.0136564	0.0187119	0.00765078	0.362922	0.00661824	0.0167283	0.0105507	0.0320136	0.0788776	0.0177444	0.00293357	0.00628029
138	0.126192	0.0237194	0.013877	0.0330997	0.00344281	0.439082	0.017057	0.014638	0.0100866	0.0203424	0.0082865	0.00807414	0.0216875	0.0138315	0.0125134	0.157126	0.0589879	0.0132359	0.00138517	0.00333496
139	0.201623	0.0229555	0.00778142	0.0222795	0.00206504	0.28795	0.0137012	0.0115868	0.006748	0.0124959	0.00668797	0.0136586	0.0147515	0.00817627	0.0052518	0.258824	0.0791288	0.018654	0.00104202	0.00463878
140	0.116114	0.0298356	0.00150837	0.0074517	0.00425584	0.0057155	0.00326254	0.10125	0.0027297	0.300635	0.0180055	0.0073388	0.00298352	0.00538637	0.00242076	0.0469481	0.0684415	0.271941	0.00149149	0.00228486
141	0.0185072	0.000749146	0.00216378	0.00373054	0.0348575	0.006758	0.00440042	0.37499	0.00813613	0.198187	0.0590715	0.00382665	0.00173201	0.00953926	0.0173855	0.0127757	0.0164222	0.215144	0.00176709	0.00985604
142	0.3241	0.0353634	0.00169637	0.00669031	0.00157961	0.0770543	0.0085576	0.021848	0.00552459	0.0289798	0.0234413	0.00673676	0.00423681	0.00901488	0.00228183	0.222151	0.16759	0.048321	0.000693858	0.0041382
143	0.0617323	0.00107728	0.0263133	0.0442059	0.0190112	0.00309406	0.0267327	0.192205	0.0338552	0.137827	0.0235243	0.0277677	0.0182382	0.0538021	0.0432876	0.0499746	0.0651443	0.123923	0.0072825	0.0410011
144	0.20005	0.0532076	0.0162519	0.0104026	0.00218187	0.0411082	0.0129827	0.0225208	0.0038248	0.0130686	0.00273512	0.088691	0.0264008	0.0147696	0.00276472	0.321908	0.107402	0.038969	0.000996909	0.0197637
145	0.133405	0.0197192	0.0214687	0.0608456	0.00622258	0.352066	0.0172569	0.01928	0.0171248	0.0249614	0.0217671	0.012912	0.0234585	0.0240291	0.018513	0.136801	0.0612552	0.0190687	0.00211457	0.00773083
146	0.289619	0.0566715	0.00140789	0.00448718	0.00141288	0.0376437	0.00900057	0.0342109	0.00275461	0.038515	0.0304844	0.00490659	0.00554338	0.0103545	0.00208328	0.188105	0.199713	0.077982	0.00172151	0.0033839
147	0.0480838	0.0152379	0.000493293	0.000649258	0.0218479	0.00156216	0.00161123	0.286899	0.00236149	0.0409044	0.0199319	0.00400977	0.00205385	0.000848291	0.000583852	0.00683213	0.0567618	0.485087	0.000207142	0.00403417
148	0.297038	0.0777563	0.00260771	0.00402946	0.00224179	0.0264784	0.00717563	0.0326157	0.00363043	0.0372863	0.0291441	0.00492655	0.00993296	0.0107257	0.00339191	0.155124	0.18936	0.1006	0.00280439	0.00313045
149	0.106958	0.00693761	0.032957	0.0689712	0.0116861	0.0464215	0.0335919	0.0238892	0.11121	0.0695007	0.0147033	0.0363286	0.00795568	0.101442	0.0985886	0.0832169	0.0611974	0.0580064	0.00214048	0.0242973
150	0.299349	0.0759641	0.00204416	0.00354865	0.00178451	0.0133653	0.00464872	0.04045	0.00297436	0.0443796	0.0137872	0.00735265	0.0169294	0.0105327	0.00355741	0.134166	0.147385	0.17054	0.00444957	0.00279123
151	0.319112	0.0302194	0.0134313	0.0254713	0.00750725	0.0537939	0.0118722	0.0326861	0.0228449	0.0367758	0.013254	0.0210742	0.0359436	0.0225075	0.0179615	0.156856	0.0965627	0.0701408	0.00278561	0.00919969
152	0.0340921	0.0145994	0.0223984	0.0299938	0.0207101	0.0182872	0.0663836	0.0169092	0.176463	0.0544902	0.0208917	0.0404651	0.00317141	0.0680455	0.251293	0.0711471	0.0307912	0.0221399	0.00157946	0.0361484
153	0.0898025	0.00769672	0.0469071	0.080916	0.0191323	0.0169631	0.0605935	0.0148048	0.129816	0.0426101	0.0185259	0.0542026	0.00820301	0.0965737	0.134528	0.0853865	0.0425277	0.0255204	0.00120933	0.0240812
154	0.0229762	0.0146055	0.0058176	0.018467	0.287084	0.00782131	0.0972425	0.0355365	0.00522832	0.0781802	0.0141062	0.00881946	0.00150354	0.0343259	0.0180484	0.0161504	0.0176678	0.0193286	0.00935392	0.287737
155	0.159598	0.00508738	0.0370248	0.0397999	0.0094721	0.0498443	0.0347628	0.0147204	0.0763782	0.0288011	0.00933284	0.0854753	0.00748766	0.0566226	0.123826	0.18406	0.0484242	0.0153142	0.0047249	0.00924357
156	0.0614906	0.0157827	0.00419659	0.00619123	0.015366	0.00579645	0.00524806	0.220108	0.0275442	0.0387762	0.0157526	0.022036	0.00410527	0.00898594	0.00610595	0.0332912	0.104038	0.395674	0.0023688	0.00714292
157	0.143345	0.0115873	0.0158358	0.0183945	0.00291404	0.0159953	0.0126385	0.0100777	0.0204592	0.0134442	0.00812976	0.0264113	0.464715	0.0329458	0.0198919	0.118122	0.0434629	0.0164809	0.00164029	0.00350844
158	0.047476	0.0148425	0.000513668	0.000678844	0.0219669	0.00165185	0.00173625	0.283502	0.00260384	0.0405242	0.0193268	0.00415578	0.00203508	0.00086459	0.00063747	0.00713233	0.0557553	0.490483	0.000217625	0.00389585
159	0.0177014	0.00203726	0.000738522	0.000778996	0.0396303	0.00616375	0.00359556	0.386611	0.00425113	0.187757	0.0596641	0.00305278	0.00089393	0.00539805	0.0124366	0.0118294	0.0175984	0.227895	0.00159513	0.0103712
160	0.0492828	0.0154939	0.000506234	0.000709324	0.0217214	0.00161114	0.00169601	0.28482	0.00241678	0.0405804	0.0199019	0.00419227	0.00205249	0.00107642	0.000674379	0.00775244	0.0578141	0.483415	0.000246509	0.00403704
161	0.0747815	0.0253498	0.00161668	0.00694552	0.00358529	0.00595437	0.00286047	0.0917167	0.00234918	0.36663	0.0181781	0.00954346	0.00159142	0.00362771	0.00225407	0.0336461	0.0492728	0.297399	0.000853357	0.00184416
162	0.308411	0.0403491	0.0014581	0.00530308	0.00159278	0.0557872	0.00800252	0.0254341	0.00422761	0.0361878	0.0260331	0.00565357	0.00308825	0.00981359	0.00201346	0.210505	0.199424	0.0519081	0.000695946	0.00411141
163	0.154763	0.0205669	0.012125	0.0254845	0.00666361	0.280471	0.0409048	0.016243	0.0113627	0.0323429	0.00847731	0.0199705	0.0869237	0.0207885	0.0122132	0.166189	0.0551212	0.0194862	0.0019917	0.00791271
164	0.0755916	0.0189013	0.00557155	0.00684542	0.0818831	0.00809505	0.0256144	0.134398	0.00458556	0.21502	0.0725005	0.0144789	0.00775171	0.0245035	0.0126763	0.0643373	0.0746262	0.108821	0.00560862	0.0381901
165	0.0221256	0.0122756	0.0055508	0.0185688	0.273042	0.0079765	0.0962722	0.0369388	0.0056239	0.0832263	0.0127575	0.00767757	0.00141123	0.0346917	0.0167708	0.0158373	0.0167073	0.0206086	0.00949907	0.302438
166	0.117897	0.00406584	0.065293	0.128903	0.00687403	0.0150434	0.0251672	0.0125949	0.161339	0.0387622	0.0101522	0.0401755	0.00634443	0.0909885	0.0776642	0.0819165	0.0792691	0.0287481	0.000958905	0.00784306
167	0.00310517	0.000890288	0.00295825	0.000951119	0.0711472	0.00387053	0.000996461	0.104492	0.00388488	0.576774	0.100489	0.00127148	0.00304525	0.00136619	0.00289804	0.00853139	0.0213873	0.0747113	0.0069282	0.0103015
168	0.0501349	0.0267982	0.0059944	0.00173642	0.141443	0.00900475	0.0292303	0.128592	0.00165779	0.214212	0.0827723	0.0172293	0.0104839	0.0150472	0.0149276	0.0555179	0.0516197	0.0734781	0.00767426	0.0624457
169	0.0829649	0.00941278	0.00992743	0.0215824	0.0145457	0.0759766	0.0484365	0.0717765	0.0286464	0.0718446	0.0166435	0.0752083	0.00960988	0.0503308	0.0488936	0.110406	0.0688739	0.118479	0.00436461	0.0620759
170	0.052052	0.00979198	0.185193	0.373782	0.00644047	0.0309858	0.00672187	0.0223521	0.042636	0.0295319	0.0126656	0.0227797	0.00520745	0.0675253	0.027584	0.0470204	0.0382491	0.0147893	0.00226022	0.00243146
171	0.0499534	0.0260888	0.00557276	0.00172397	0.137461	0.00895014	0.0295598	0.129764	0.00151229	0.216906	0.0827728	0.0174689	0.0105825	0.0152127	0.0147963	0.0553404	0.0514013	0.0743803	0.0077082	0.0628443
172	0.124106	0.0061418	0.00740626	0.0304898	0.00498021	0.175193	0.00911886	0.0355263	0.0832376	0.102693	0.00709323	0.0124277	0.00914833	0.064404	0.0807109	0.0916001	0.0353579	0.106444	0.00290783	0.0110136
173	0.199463	0.0534056	0.0166475	0.0105148	0.00219106	0.0410158	0.012988	0.0222694	0.0037978	0.0129395	0.00265462	0.0891925	0.0268479	0.0149665	0.00272379	0.321402	0.107047	0.038782	0.000978376	0.0201727
174	0.161102	0.0124319	0.01167	0.00792356	0.00174165	0.0147117	0.0103664	0.00726622	0.0193977	0.0102921	0.00731656	0.025006	0.460219	0.0291233	0.0153563	0.138016	0.0458666	0.018762	0.000771295	0.00265961
175	0.0485249	0.0152341	0.000519774	0.000668818	0.0220027	0.00157231	0.00160113	0.284629	0.00259827	0.0409673	0.0196857	0.00419377	0.00205628	0.000842033	0.000594106	0.00738002	0.0568612	0.485865	0.000221446	0.00398161
176	0.0597503	0.00107254	0.0254966	0.0450979	0.0189174	0.0029758	0.0268923	0.19355	0.0340514	0.140177	0.0240839	0.0269038	0.0172388	0.0535545	0.0422226	0.0504452	0.0643313	0.124282	0.00743943	0.0415167
177	0.186374	0.0519768	0.0203852	0.0107935	0.00302704	0.0377772	0.0130193	0.0217764	0.00484211	0.0140305	0.00317271	0.105848	0.0245363	0.0149247	0.00392244	0.299784	0.11118	0.0448389	0.00139382	0.0263965
178	0.118549	0.0104933	0.0182633	0.0202926	0.00944775	0.0166083	0.0271119	0.0544623	0.0255387	0.0587806	0.0138499	0.0394114	0.290218	0.0449327	0.025693	0.116235	0.0546712	0.039332	0.00281469	0.0132952
179	0.188122	0.020442	0.00406657	0.00857803	0.00476133	0.0420476	0.00695552	0.102704	0.0412691	0.0936427	0.0372535	0.00924766	0.00569484	0.0298138	0.040968	0.0446848	0.135283	0.137491	0.015803	0.0311724
180	0.0323519	0.0116896	0.0118739	0.015256	0.314764	0.00838335	0.0820724	0.0293323	0.00630298	0.0627888	0.0121638	0.00906593	0.00250543	0.0263284	0.0204706	0.0228886	0.0334347	0.0182984	0.014318	0.265711
181	0.0271231	0.0067371	0.247362	0.456017	0.00242644	0.021768	0.00278174	0.0139151	0.0185937	0.0254953	0.0045726	0.0141093	0.00480539	0.0578415	0.0170008	0.0327406	0.0236201	0.020724	0.000784405	0.00158113
182	0.0247916	0.0128589	0.00554285	0.016427	0.265478	0.0079738	0.0897812	0.0437444	0.00516775	0.0948861	0.0172514	0.00804233	0.00211112	0.0323767	0.0163195	0.0183553	0.0192261	0.0247613	0.0104675	0.284437
183	0.0442238	0.0133854	0.000495718	0.000702262	0.0219779	0.00209902	0.00192657	0.297717	0.00238954	0.0475897	0.0210287	0.00391428	0.00188835	0.00112639	0.00125013	0.00696346	0.0518311	0.475117	0.000269496	0.0041044
184	0.141498	0.0117472	0.0124728	0.00752505	0.00152387	0.00891509	0.0113585	0.00632266	0.0188272	0.0102705	0.00781492	0.0248775	0.509398	0.0323601	0.0169979	0.120185	0.0406469	0.0148373	0.000746969	0.00167462
185	0.165105	0.0155412	0.0146366	0.00995539	0.00190991	0.0145508	0.013005	0.00895244	0.0164727	0.0113932	0.00656403	0.034827	0.421758	0.0291016	0.0146652	0.14869	0.0506697	0.0172888	0.000761819	0.00415153
186	0.048763	0.0106257	0.00228823	0.00492751	0.0279909	0.0112297	0.00455719	0.188043	0.004483	0.325194	0.0455311	0.00621499	0.00207185	0.00677352	0.0069489	0.0286099	0.0419679	0.223325	0.00262295	0.00783133
187	0.0222297	0.0122795	0.00529289	0.0181364	0.270235	0.00823657	0.0936003	0.038319	0.00531704	0.0901514	0.0137868	0.00744407	0.00160538	0.0361638	0.0169793	0.0162794	0.0166618	0.0220329	0.00917195	0.296076
188	0.033829	0.00906326	0.00054719	0.000821792	0.0256636	0.00334606	0.00199305	0.338237	0.0030097	0.103182	0.0337753	0.00480448	0.00142762	0.0026632	0.00508257	0.010165	0.0374746	0.379094	0.000577612	0.00524374
189	0.0343108	0.00512423	0.00562753	0.0126438	0.00593278	0.00964185	0.00659659	0.023498	0.0115378	0.0611335	0.00608292	0.00875218	0.00509332	0.0134197	0.00688898	0.0879244	0.659005	0.0233716	0.00279906	0.0106165
190	0.0331827	0.00657838	0.183155	0.0153265	0.012308	0.0379481	0.062052	0.0165829	0.0213633	0.020113	0.00752832	0.381968	0.00678855	0.0178393	0.0165381	0.0457164	0.0821986	0.0173357	0.0029208	0.012556
191	0.0597503	0.00107254	0.0254966	0.0450979	0.0189174	0.0029758	0.0268923	0.19355	0.0340514	0.140177	0.0240839	0.0269038	0.0172388	0.0535545	0.0422226	0.0504452	0.0643313	0.124282	0.00743943	0.0415167
192	0.0755669	0.0071197	0.084218	0.0468408	0.0105773	0.146304	0.0403739	0.0118926	0.0973373	0.0307515	0.00600684	0.08748	0.00958042	0.0512283	0.0761143	0.145841	0.0501758	0.0132416	0.00187747	0.00747307
193	0.153093	0.025571	0.0389248	0.0984905	0.0056263	0.277329	0.0117206	0.0167918	0.0153763	0.0194165	0.00793073	0.0126667	0.0282489	0.040878	0.0153211	0.117761	0.0897147	0.0188403	0.0015681	0.00473134
