250	20
1	0.0115746	0.0013049	0.0214404	0.0228349	0.00219829	0.00980507	0.0414526	0.00649384	0.27923	0.0315876	0.0271358	0.0224348	0.000895335	0.187364	0.239106	0.0322491	0.0345849	0.0203236	0.000443276	0.00754007
2	0.015263	0.00719283	0.00288441	0.00265792	0.452861	0.00166882	0.0391801	0.00976517	0.002027	0.0342124	0.00206815	0.00967979	0.000943999	0.00809442	0.00346255	0.0157367	0.00914368	0.0201242	0.068909	0.294125
3	0.0229874	0.0340188	0.00200982	0.0145932	0.0253292	0.00190224	0.00215566	0.251618	0.0285772	0.230806	0.0215975	0.0200652	0.00642582	0.015051	0.0637793	0.0323907	0.0451027	0.179278	0.000736633	0.00157555
4	0.112486	0.0219066	0.128103	0.0643835	0.0168754	0.050201	0.0278429	0.01672	0.040628	0.0261774	0.0166514	0.0844541	0.0255279	0.0393078	0.0494154	0.18563	0.0505373	0.0252962	0.00380604	0.0140502
5	0.081304	0.018317	0.00528674	0.00869665	0.00911224	0.012273	0.00916156	0.0374638	0.00691916	0.0186315	0.00712328	0.00795322	0.00510078	0.0079105	0.0094667	0.256256	0.446319	0.0449788	0.00175952	0.00596676
6	0.0675389	0.0121729	0.0550887	0.0583196	0.0132975	0.067857	0.0612568	0.0151311	0.0791578	0.0295388	0.0112994	0.135977	0.0134985	0.0778481	0.161899	0.0726739	0.0290209	0.0199209	0.00424104	0.0142624
7	0.112173	0.00408868	0.0797969	0.0157754	0.00562988	0.269962	0.0308471	0.00496994	0.0166781	0.00837649	0.00356724	0.176359	0.00313006	0.017523	0.0409123	0.138033	0.053707	0.0111207	0.000976618	0.00637358
8	0.1806	0.0706481	0.00159104	0.00536279	0.00233855	0.0109927	0.00205722	0.0621832	0.00710963	0.0208834	0.00240075	0.00716187	0.016313	0.00284674	0.00236263	0.044966	0.195671	0.361507	0.000590236	0.00241505
9	0.0299031	0.0122002	0.00239141	0.00320035	0.0271056	0.00245044	0.00201083	0.237214	0.000522581	0.242846	0.0322577	0.000669717	0.000367435	0.00220294	0.000662238	0.00324907	0.01879	0.368794	0.000395448	0.0127667
10	0.0258722	0.00349252	0.000820301	0.00157091	0.0653273	0.0010738	0.000998179	0.102609	0.000976699	0.574342	0.144278	0.00352933	0.000684672	0.00208003	0.0037316	0.0138167	0.0166311	0.0283384	0.000345995	0.009481
11	0.195545	0.00380827	0.0114048	0.0743853	0.0042494	0.0831087	0.0035242	0.00445519	0.038637	0.00750947	0.0293956	0.0191363	0.00290543	0.0876618	0.0216728	0.157953	0.242567	0.00787858	0.00104277	0.00315984
12	0.157179	0.0070085	0.0457724	0.0224523	0.0068169	0.236983	0.0208132	0.00732097	0.0211822	0.0102054	0.00461245	0.164791	0.00866433	0.0264849	0.0416924	0.153202	0.0395389	0.0166776	0.00123929	0.0073625
13	0.0378851	0.00549485	0.00195888	0.00252714	0.0696887	0.00303929	0.00380238	0.185493	0.00126352	0.388413	0.0968271	0.00298033	0.00300614	0.00565925	0.0040017	0.01083	0.0212458	0.120022	0.00252805	0.0333338
14	0.584936	0.00836445	0.00150171	0.00829379	0.00832421	0.150621	0.00480144	0.0132807	0.00298888	0.0105627	0.00218	0.00231144	0.0197931	0.00649813	0.0023306	0.11241	0.0271959	0.0248224	0.000404233	0.00837958
15	0.0950359	0.00111186	0.151531	0.111674	0.00292343	0.0317246	0.00592558	0.00497449	0.0576106	0.00668268	0.00796049	0.0315735	0.224614	0.055509	0.0392353	0.081256	0.068769	0.0153112	0.00498257	0.00159446
16	0.034222	0.00254422	0.517289	0.0112057	0.0218243	0.00391284	0.0234838	0.00341879	0.00351911	0.00507996	0.0119487	0.30072	0.00193986	0.0181773	0.0039859	0.0147673	0.0140384	0.00439117	0.000840038	0.00269147
17	0.0635745	0.0069663	0.0490115	0.0301494	0.00551153	0.127454	0.0704714	0.00934197	0.119502	0.0154456	0.00625524	0.120848	0.00325716	0.0615026	0.155056	0.114184	0.0184928	0.011056	0.00200447	0.00991572
18	0.178219	0.0140138	0.0354065	0.0259381	0.0130045	0.242322	0.0230441	0.0193742	0.0243288	0.0234732	0.0117591	0.058554	0.0108555	0.0257782	0.0322124	0.0973695	0.110426	0.0372405	0.00332059	0.0133607
19	0.050622	0.00711523	0.0145719	0.00953668	0.0582058	0.0104985	0.00710136	0.114589	0.00993571	0.44062	0.0874258	0.0102455	0.00413264	0.0140616	0.0131676	0.0219049	0.0228999	0.0828377	0.00235924	0.018169
20	0.0733911	0.00606195	0.00377298	0.00683016	0.254456	0.00830116	0.00918779	0.0559668	0.0118813	0.142349	0.0531199	0.00558024	0.00147062	0.00459832	0.0176606	0.00729885	0.0161662	0.0629916	0.0080188	0.250897
21	0.0293069	0.0118888	0.00243222	0.00322904	0.0235513	0.00239042	0.00203513	0.238848	0.00051237	0.244732	0.0306638	0.000605362	0.000282849	0.00216535	0.000645872	0.00317289	0.0190445	0.371859	0.00013751	0.0124964
22	0.0571367	0.00290187	0.0146031	0.022701	0.0143509	0.00964037	0.00483121	0.00536032	0.00748871	0.0100113	0.00394193	0.0103997	0.742759	0.0119704	0.00739493	0.0230994	0.0251567	0.010626	0.00712014	0.00850576
23	0.151733	0.00238219	0.0618474	0.33584	0.00806502	0.00743273	0.0222703	0.0125832	0.0568828	0.00661173	0.00461977	0.00751334	0.00722419	0.0963269	0.0380523	0.0869962	0.0573834	0.0338352	0.000741412	0.00165965
24	0.106784	0.00232636	0.255044	0.38399	0.00595894	0.0436087	0.00673949	0.00674615	0.0154494	0.00229889	0.00127149	0.03527	0.00641258	0.0467	0.0145304	0.0278385	0.0182622	0.013652	0.000379317	0.00673666
25	0.0597148	0.00214884	0.00117374	0.00299728	0.0278199	0.00256972	0.00225167	0.201745	0.00105609	0.429137	0.0900501	0.00254289	0.00337169	0.00460649	0.00362173	0.0169157	0.0249698	0.11567	0.000223347	0.00741407
26	0.601583	0.0335501	0.00270344	0.0108205	0.00369866	0.0155438	0.00306995	0.00807678	0.00598024	0.0204752	0.00361595	0.00412146	0.00980413	0.0279064	0.00343945	0.159663	0.0528314	0.0298399	0.000655617	0.00262037
27	0.104445	0.00409152	0.00834484	0.0162975	0.222096	0.0190318	0.0184898	0.026729	0.0306041	0.174755	0.0457088	0.00877867	0.00098269	0.00506657	0.0382441	0.0125692	0.0270121	0.0639238	0.0149572	0.157872
28	0.130108	0.00250602	0.0272441	0.339385	0.014197	0.00309307	0.0142618	0.00390701	0.0938601	0.00628258	0.00264596	0.0593877	0.00179265	0.0284921	0.195122	0.0184133	0.039148	0.0048208	0.00134121	0.0139917
29	0.0166405	0.00506228	0.000853809	0.000996193	0.0110793	0.000521781	0.00146657	0.414075	0.00433749	0.0578988	0.0111164	0.00205767	0.000246958	0.000608692	0.00635629	0.00380819	0.011899	0.448871	0.00162263	0.000480771
30	0.0334873	0.00274349	0.000813835	0.00160931	0.057027	0.00152063	0.00165672	0.147498	0.00105229	0.490211	0.161754	0.00294432	0.00182926	0.00320604	0.00358848	0.0170904	0.0171035	0.0442999	0.00035265	0.0102123
31	0.140927	0.0133854	0.00292108	0.0285647	0.0145664	0.0499228	0.00332607	0.00345644	0.091213	0.0182808	0.0137749	0.00372851	0.0124152	0.0290125	0.222917	0.207229	0.0919988	0.0055319	0.0225674	0.0242609
32	0.0604858	0.00505008	0.00533533	0.00803542	0.0272913	0.0059475	0.048034	0.0272542	0.103973	0.310231	0.0268173	0.00689846	0.119151	0.00848476	0.15383	0.0124329	0.0104461	0.00981871	0.00203488	0.0484485
33	0.0200044	0.00585821	0.00222588	0.00248209	0.501509	0.00200316	0.0227114	0.0132847	0.00231064	0.0495929	0.0059619	0.00722676	0.00115416	0.00662331	0.00306029	0.0129005	0.00774482	0.0267833	0.0468097	0.259753
34	0.0720636	0.00803386	0.00147079	0.00220906	0.105484	0.0114663	0.150994	0.00212675	0.0248364	0.0251674	0.00178234	0.0178386	0.00094783	0.0293765	0.0413725	0.0901349	0.0290023	0.0382003	0.109456	0.238036
35	0.0264991	0.0099981	0.00331711	0.00294113	0.0166636	0.00193273	0.00162574	0.257026	0.00108492	0.276449	0.0259513	0.00119409	0.000419884	0.00211943	0.00183903	0.00639465	0.0276675	0.325981	0.000268868	0.0106273
36	0.0330468	0.00333453	0.00352184	0.0193114	0.00467191	0.0451831	0.00403773	0.00417152	0.00419506	0.518694	0.201744	0.00452899	0.00238515	0.0848385	0.00551951	0.0158195	0.00783172	0.0329918	0.00103621	0.00313619
37	0.156356	0.0161266	0.118438	0.241792	0.00646252	0.0653432	0.0321034	0.00939764	0.0497006	0.0128346	0.00570187	0.0479229	0.00552894	0.065779	0.033497	0.0731838	0.0298303	0.0198056	0.00198861	0.0082076
38	0.0396196	0.00675877	0.00244507	0.0047203	0.047672	0.0031168	0.00303382	0.177335	0.00423236	0.422894	0.090098	0.00470325	0.00269627	0.0051537	0.00705353	0.0146726	0.0218994	0.128941	0.00157333	0.0113821
39	0.0441253	0.00774728	0.00206685	0.00239122	0.263745	0.00703983	0.110731	0.00521759	0.0141242	0.0263929	0.0020312	0.0186164	0.00101261	0.0198016	0.0230696	0.0604948	0.0188576	0.0326228	0.102635	0.237277
40	0.0437865	0.00632745	0.0398174	0.149765	0.0131783	0.0182124	0.174544	0.00745796	0.054441	0.0251193	0.00530055	0.152664	0.0115554	0.107062	0.0763202	0.0211534	0.0423577	0.0174945	0.0231566	0.0102855
41	0.186482	0.0225914	0.0416116	0.024025	0.0159167	0.32788	0.0206457	0.0138814	0.0279696	0.0253123	0.00880631	0.0573103	0.0123399	0.0260044	0.0284666	0.0808908	0.0307553	0.0371699	0.00285399	0.00908684
42	0.0630349	0.0168554	0.0473533	0.0449041	0.00969545	0.0210174	0.0145865	0.0136317	0.026133	0.0258278	0.0102569	0.0535134	0.360189	0.0569018	0.0223788	0.0728282	0.0774597	0.0506045	0.0032517	0.00957606
43	0.0304378	0.00378861	0.00114129	0.00175211	0.00173926	0.00620356	0.00145443	0.00431438	0.00147228	0.0074334	0.00150053	0.00180678	0.00191233	0.00196832	0.0018012	0.207481	0.704713	0.0173704	0.000412086	0.00129695
44	0.103045	0.00368232	0.0084686	0.0165186	0.216765	0.0194223	0.0243236	0.0265623	0.0300165	0.169668	0.0435258	0.00878591	0.00111187	0.0062344	0.0395765	0.0155862	0.0261111	0.0613387	0.0189563	0.160301
45	0.563429	0.0214754	0.00136957	0.00741633	0.00414802	0.0149188	0.00304821	0.0118876	0.0044974	0.010019	0.0015794	0.00204613	0.00738389	0.0172414	0.00233001	0.221392	0.0632106	0.0399467	0.00052746	0.00213321
46	0.0589177	0.0128446	0.0145636	0.015755	0.228466	0.0162775	0.0581482	0.016994	0.0191916	0.0486655	0.0128933	0.0226096	0.00705322	0.0226	0.0257417	0.13114	0.0289639	0.0310969	0.0443984	0.183679
47	0.0721131	0.00781166	0.0331978	0.0508089	0.00987639	0.0316075	0.0318789	0.00990708	0.245451	0.0321053	0.020873	0.0292009	0.0123965	0.126386	0.169757	0.0481756	0.0341044	0.0191458	0.00293792	0.0122661
48	0.0609228	0.00706996	0.39883	0.0665979	0.0224513	0.0340515	0.0280871	0.00754182	0.0219292	0.0134837	0.00987417	0.17358	0.0115827	0.0356868	0.0229468	0.0364368	0.0231057	0.0120754	0.00239015	0.0113565
49	0.0280833	0.0194085	0.000991447	0.00149433	0.329271	0.00114368	0.00108535	0.146042	0.00137	0.173457	0.0655004	0.00435352	0.00363544	0.00516107	0.00143771	0.00304435	0.00245563	0.143886	0.0189337	0.0492458
50	0.52608	0.00769626	0.00834958	0.0176592	0.00935165	0.148293	0.00673076	0.0139781	0.00583954	0.0130964	0.00341053	0.00843356	0.054493	0.00875481	0.00551692	0.10456	0.0256214	0.0214913	0.000914898	0.00972964
51	0.0556877	0.00610947	0.00580336	0.0151572	0.0164836	0.0283542	0.00645384	0.0280858	0.0066285	0.372175	0.26955	0.00857712	0.00319845	0.0702358	0.00923308	0.0355795	0.0162857	0.0371316	0.00320376	0.00606602
52	0.0758753	0.0132725	0.0257935	0.0454946	0.0186563	0.0270079	0.0313337	0.0177986	0.1174	0.0848888	0.0246023	0.0269394	0.0127724	0.133147	0.152658	0.0973755	0.0420935	0.0302773	0.0051962	0.0174172
53	0.0267102	0.0182622	0.00114352	0.00145639	0.336348	0.00128232	0.00111067	0.129522	0.00134478	0.203667	0.0667226	0.00561055	0.00505568	0.00537005	0.0015193	0.00321906	0.00249555	0.137087	0.0218072	0.0302662
54	0.0547514	0.000932089	0.00121617	0.00134322	0.0203438	0.00347695	0.00303942	0.237707	0.000868443	0.390985	0.112155	0.00163129	0.00528151	0.0074501	0.0040575	0.0119471	0.0274945	0.105417	0.000221012	0.0096808
55	0.425565	0.034956	0.00162924	0.00698085	0.0072723	0.276141	0.00258669	0.0173981	0.00542219	0.0101778	0.00160416	0.00208137	0.00738015	0.00429861	0.00556272	0.112989	0.0151132	0.0585471	0.000466332	0.00382836
56	0.0250934	0.00669241	0.0166504	0.156195	0.00668642	0.034824	0.0980847	0.00756184	0.0403077	0.0332773	0.00533936	0.17782	0.0249827	0.182706	0.10652	0.0140833	0.0181016	0.0297452	0.00977316	0.00555632
57	0.0373921	0.00347524	0.000777024	0.00275511	0.0671659	0.00109848	0.000903674	0.0924454	0.000985606	0.581721	0.122898	0.00385697	0.00065901	0.00198305	0.00364549	0.013521	0.0176834	0.0387607	0.000292845	0.00798079
58	0.031701	0.0155905	0.00140836	0.00192068	0.322148	0.00167929	0.00172012	0.129026	0.00211073	0.160169	0.0657552	0.00405519	0.002986	0.00459439	0.00249544	0.00359551	0.0042413	0.124116	0.014122	0.106566
59	0.120303	0.00194055	0.191258	0.374129	0.00534271	0.0283509	0.00900495	0.00871118	0.0278476	0.00326292	0.00334196	0.0269528	0.00544253	0.0672756	0.0242863	0.057238	0.0235387	0.0165813	0.00043836	0.0047542
60	0.0253878	0.015434	0.0199744	0.0171694	0.0839301	0.00349818	0.119904	0.0046052	0.0167452	0.0380196	0.00342411	0.00436192	0.00156471	0.00517354	0.0563352	0.00927273	0.0502769	0.018928	0.00165021	0.504345
61	0.191381	0.0155668	0.0190948	0.0374435	0.195282	0.0205126	0.00445342	0.0962144	0.00487163	0.12353	0.0121332	0.00510249	0.00200246	0.0393309	0.0104045	0.0101404	0.0640023	0.114973	0.0015782	0.0319825
62	0.0729938	0.0874658	0.0145127	0.0281119	0.0183084	0.0213293	0.0149216	0.0476607	0.0957725	0.147472	0.0232196	0.0197957	0.00912355	0.0278467	0.0513972	0.159136	0.0517965	0.0918573	0.00413657	0.0131419
63	0.15069	0.0123334	0.0401302	0.131799	0.0085773	0.0457761	0.0203972	0.0168902	0.152394	0.0361202	0.00840333	0.0342271	0.00474978	0.0874266	0.072518	0.0694899	0.056759	0.0463656	0.00408318	0.000869344
64	0.0569433	0.00117865	0.00134642	0.00135108	0.0165414	0.00412488	0.00345919	0.261597	0.00092737	0.357233	0.110608	0.00144409	0.00600758	0.00705738	0.00418227	0.010311	0.0294433	0.115611	0.000233629	0.0104001
65	0.0929003	0.0142034	0.00757122	0.0131311	0.01118	0.00905701	0.0701282	0.116665	0.00930192	0.0585326	0.0519436	0.0886264	0.00634343	0.0142541	0.0142993	0.0272648	0.22353	0.154974	0.00361393	0.0124798
66	0.0170494	0.00549433	0.000877468	0.00107787	0.0122148	0.000634125	0.00144905	0.401352	0.00394444	0.0707234	0.0124949	0.00198128	0.000253716	0.000701834	0.0058442	0.00366299	0.012051	0.445525	0.00150652	0.0011622
67	0.0289086	0.0116143	0.00243235	0.00316249	0.0233438	0.00224991	0.00200556	0.244396	0.000594695	0.238072	0.0293596	0.000625643	0.000262227	0.00207694	0.000764046	0.00321549	0.0189585	0.375812	0.000173178	0.0119731
68	0.290055	0.06602	0.00314797	0.0113856	0.00864407	0.266082	0.00348913	0.0315189	0.00754332	0.0150773	0.0027748	0.00457107	0.00509467	0.00470047	0.00911747	0.0803857	0.0370534	0.14892	0.00123655	0.00318305
69	0.530288	0.0318513	0.00200584	0.00863289	0.00553046	0.0485151	0.00333325	0.016475	0.00459161	0.0117185	0.00196338	0.00290337	0.00784028	0.0142049	0.00320036	0.187953	0.0537228	0.0615707	0.000567123	0.00313172
70	0.0426474	0.0044764	0.0029738	0.00469921	0.00340396	0.0104133	0.00319953	0.00624362	0.00368882	0.0097889	0.00258065	0.00458977	0.00250332	0.00617067	0.00438599	0.196252	0.669015	0.0203274	0.000572055	0.00206806
71	0.117084	0.0079183	0.0628896	0.0286719	0.00759397	0.161473	0.0264463	0.00917559	0.0338921	0.0131651	0.00779034	0.153591	0.00579352	0.0304048	0.0730396	0.170699	0.0608231	0.0178574	0.00193654	0.00975556
72	0.19389	0.0205759	0.0426283	0.0240406	0.0157527	0.330575	0.0214702	0.0135993	0.0254776	0.0287573	0.00890633	0.0507682	0.0117104	0.0226986	0.0313147	0.0756521	0.0310433	0.0334526	0.00227852	0.0154086
73	0.056064	0.00771896	0.400447	0.0714193	0.0215799	0.038302	0.0289762	0.00778773	0.0205274	0.0145325	0.0114375	0.175835	0.0123712	0.0344732	0.022726	0.0317286	0.020807	0.0118901	0.00212087	0.00925535
74	0.166305	0.0171475	0.00882391	0.0243461	0.0111731	0.0249249	0.0102647	0.0236463	0.0166286	0.0268212	0.010244	0.015292	0.0101774	0.0211117	0.0138361	0.146678	0.38758	0.0555259	0.00181275	0.00766092
75	0.36917	0.0226334	0.0151166	0.0169577	0.00993453	0.277763	0.00811244	0.0166437	0.01301	0.0148705	0.00578205	0.0220281	0.0123455	0.012975	0.013419	0.0929467	0.0248748	0.044328	0.0014421	0.00564753
76	0.535973	0.0129688	0.00136306	0.00851838	0.00896022	0.159972	0.00399397	0.0148654	0.00340925	0.0148761	0.00318401	0.00171045	0.0203267	0.00576441	0.00337846	0.133444	0.0226868	0.0374798	0.000510771	0.00661463
77	0.57087	0.0188087	0.00247275	0.00799498	0.0050962	0.0251472	0.00344331	0.0112614	0.00471892	0.0114895	0.0023034	0.00257404	0.0106384	0.0165388	0.00290528	0.21398	0.0523174	0.0339032	0.000671112	0.00286524
78	0.552801	0.0154954	0.00698819	0.0144456	0.00653184	0.0742613	0.00897694	0.0129633	0.00846865	0.0147232	0.00391069	0.00811214	0.0139637	0.0150614	0.00786917	0.155289	0.0388537	0.0339905	0.00124967	0.00604525
79	0.0681554	0.0346905	0.0048897	0.0218471	0.0179308	0.0038965	0.00666077	0.266222	0.0100175	0.0973049	0.0763906	0.022348	0.00237317	0.0118592	0.0164072	0.0231649	0.0756927	0.232662	0.00293627	0.0045506
80	0.117836	0.0046258	0.0920494	0.143474	0.0132462	0.0185891	0.207618	0.00388458	0.0845171	0.0172281	0.00333381	0.0759831	0.00605478	0.0739202	0.0414458	0.0321774	0.0219413	0.00727518	0.0025319	0.0322686
81	0.570553	0.0124187	0.00140422	0.00929272	0.00735203	0.16094	0.00390489	0.0130838	0.00364282	0.00998569	0.00197164	0.00201347	0.014108	0.00611932	0.00272723	0.11941	0.0236272	0.0300948	0.000371389	0.00697888
82	0.0267567	0.0188227	0.00107132	0.00149551	0.333994	0.0011778	0.00109326	0.132779	0.00129434	0.198433	0.0670791	0.0052055	0.0046008	0.00542632	0.00144507	0.00319361	0.00246783	0.140596	0.0213804	0.0316882
83	0.106505	0.00844388	0.00871184	0.0319661	0.00484323	0.042578	0.00787148	0.0024951	0.307611	0.0474456	0.0216206	0.00256969	0.00115128	0.0457049	0.27769	0.0474183	0.0218795	0.00607303	0.000748419	0.00667345
84	0.0266454	0.00400577	0.0899728	0.00817191	0.00592774	0.420842	0.0866966	0.00589788	0.0123866	0.0118646	0.00512609	0.14195	0.00308141	0.0102066	0.0361802	0.0927627	0.0233564	0.00809558	0.00177225	0.00505748
85	0.0488979	0.0986938	0.00684765	0.0101612	0.00796013	0.00849247	0.00727012	0.0607615	0.178156	0.140045	0.0328453	0.00824123	0.00415005	0.0110069	0.165499	0.123673	0.06059	0.0179931	0.00231742	0.00639836
86	0.0266398	0.0110399	0.00219031	0.0028289	0.02121	0.0019415	0.00181054	0.266888	0.000967894	0.21219	0.0270322	0.000850211	0.00025458	0.00183708	0.00136207	0.00322031	0.0172657	0.390117	0.000304566	0.0100496
87	0.0289478	0.0184554	0.0014808	0.00249437	0.162097	0.00184165	0.00162284	0.189911	0.000829773	0.204061	0.0450585	0.00241419	0.0017651	0.0035686	0.00100419	0.00274475	0.00977771	0.288698	0.00860328	0.0246243
88	0.0681985	0.0356758	0.00548852	0.00697825	0.00414485	0.00262186	0.00542448	0.316491	0.00777869	0.0306585	0.0645342	0.0120665	0.00144461	0.00760195	0.00957944	0.0228507	0.114999	0.27937	0.00113664	0.00295712
89	0.0230348	0.00380957	0.000864731	0.00147315	0.0655336	0.00100845	0.000846841	0.0926194	0.000957644	0.601615	0.134373	0.00356411	0.00054633	0.00196722	0.00390507	0.0114401	0.0177044	0.025088	0.000344839	0.00930388
90	0.0154513	0.00721819	0.00392766	0.00316233	0.42082	0.00180955	0.0539437	0.0089915	0.00284474	0.0348127	0.00213994	0.00886258	0.000954364	0.00754502	0.00648868	0.0177718	0.0128658	0.0187018	0.0605258	0.311162
91	0.0490029	0.0028906	0.0141058	0.0205796	0.0131377	0.00693135	0.00401041	0.00478061	0.00637967	0.0069497	0.00324689	0.00960035	0.769547	0.0104522	0.00593418	0.0226512	0.0250337	0.0099953	0.0070395	0.00773096
92	0.0659402	0.00199793	0.104174	0.146566	0.0208117	0.00736316	0.226806	0.00296835	0.116651	0.0221079	0.00239582	0.113787	0.00158154	0.0525147	0.0453975	0.0193051	0.0252014	0.00363505	0.00323832	0.0175556
93	0.0396029	0.0137337	0.126357	0.0490736	0.00959105	0.253914	0.0265301	0.00321444	0.0895972	0.0288756	0.00253269	0.136546	0.00267109	0.099692	0.0864438	0.012776	0.00576353	0.00578622	0.00101335	0.00628607
94	0.0703061	0.00604429	0.00879529	0.0240685	0.00454569	0.0475746	0.0112669	0.00349666	0.303842	0.0434777	0.0305372	0.00578529	0.00133213	0.072545	0.292877	0.0389521	0.0195536	0.00750184	0.000725545	0.00677252
95	0.0503721	0.0282943	0.00522803	0.00364961	0.00279802	0.00169805	0.00454608	0.369045	0.00828568	0.0244422	0.047148	0.00759758	0.000841898	0.00648829	0.00839025	0.0258255	0.130388	0.272968	0.000501866	0.00149153
96	0.15066	0.0172832	0.0192661	0.0222568	0.00928087	0.0198444	0.0113116	0.0185093	0.013935	0.0188862	0.00871796	0.012796	0.0641521	0.0194018	0.015242	0.227272	0.291558	0.0492443	0.00293275	0.00744933
97	0.0992174	0.00108489	0.162157	0.116656	0.00261917	0.0333356	0.00493231	0.00457346	0.0592537	0.00620942	0.00836383	0.0310197	0.221077	0.0552257	0.0408891	0.0714156	0.0589267	0.0171505	0.00399189	0.00190049
98	0.0316817	0.0100668	0.00598133	0.00606984	0.025585	0.00240018	0.00205585	0.282683	0.0018202	0.198147	0.0241779	0.00140393	0.000398199	0.00289045	0.00256125	0.00422761	0.0231338	0.364878	0.000568553	0.00926859
99	0.065964	0.0144508	0.108176	0.0728594	0.0128989	0.0622262	0.0356947	0.00914102	0.108508	0.029462	0.0136267	0.0613556	0.0161838	0.14198	0.144591	0.0439782	0.0279818	0.0189049	0.00251982	0.00949713
100	0.119507	0.0056562	0.0138118	0.121611	0.00680702	0.0146687	0.0121573	0.00848955	0.0992691	0.0378647	0.00875473	0.0137742	0.00399424	0.22058	0.198767	0.047339	0.0428388	0.0156315	0.00231189	0.00616672
101	0.114801	0.00688121	0.0184376	0.0485891	0.00500384	0.0310757	0.00808776	0.00416198	0.269102	0.0927028	0.0332026	0.00389153	0.0027184	0.0447016	0.245724	0.0352745	0.0210932	0.00831167	0.00102421	0.00521466
102	0.0612251	0.0116136	0.069018	0.0259014	0.099761	0.0169959	0.0199724	0.0248327	0.022926	0.129388	0.0804755	0.0298218	0.0076889	0.133463	0.0794777	0.0435593	0.0362116	0.0751358	0.00536903	0.027164
103	0.0475241	0.00422089	0.00142102	0.00271048	0.0382784	0.00287432	0.00346167	0.208698	0.00198272	0.394293	0.121836	0.00312122	0.00358428	0.00638803	0.00536104	0.0143547	0.0232452	0.103979	0.00124511	0.0114206
104	0.123679	0.0124194	0.0115328	0.0302673	0.181719	0.012977	0.012852	0.0579081	0.0135758	0.1036	0.0261331	0.00738259	0.00190877	0.0327948	0.0355076	0.0145366	0.068959	0.0942527	0.00804529	0.14995
105	0.0874931	0.025605	0.00269896	0.0044865	0.00615124	0.0215251	0.00598356	0.017879	0.00314593	0.00683699	0.00296874	0.00352904	0.003529	0.00452496	0.00353041	0.329225	0.418787	0.0490441	0.000694889	0.00236222
106	0.159339	0.062598	0.00217602	0.0049474	0.00278656	0.0120448	0.00309256	0.0639293	0.0101408	0.0293353	0.00276277	0.0120262	0.0238264	0.00343394	0.00314783	0.0485741	0.189215	0.362525	0.000714601	0.00338371
107	0.0764899	0.00223182	0.121552	0.0883193	0.0123238	0.0376363	0.00420343	0.0213874	0.0541336	0.0511627	0.0212021	0.0475958	0.132648	0.100545	0.0337684	0.0543846	0.117905	0.0178482	0.00226069	0.00240076
108	0.100443	0.00102222	0.15829	0.116885	0.00243528	0.0347789	0.00485493	0.00433603	0.0603239	0.00564394	0.00744501	0.0294645	0.22741	0.054065	0.0388751	0.0737553	0.0574998	0.016566	0.00404478	0.00186063
109	0.102912	0.00539568	0.0520929	0.0235924	0.00648159	0.173203	0.0486417	0.00875566	0.0415304	0.0107972	0.00464324	0.189315	0.00626839	0.0354547	0.0970318	0.1408	0.0318027	0.0112441	0.00122884	0.00880837
110	0.0166405	0.00506228	0.000853809	0.000996193	0.0110793	0.000521781	0.00146657	0.414075	0.00433749	0.0578988	0.0111164	0.00205767	0.000246958	0.000608692	0.00635629	0.00380819	0.011899	0.448871	0.00162263	0.000480771
111	0.0271505	0.016185	0.00365673	0.00477249	0.185464	0.00397799	0.421304	0.00439515	0.0177701	0.0573358	0.0165878	0.0190523	0.00175518	0.0334224	0.0198867	0.0389404	0.0197374	0.0329959	0.00698698	0.0686234
112	0.149325	0.263401	0.0114983	0.0144879	0.00906223	0.00883707	0.00760028	0.00999926	0.00960682	0.0157808	0.00820113	0.200731	0.0362504	0.0475142	0.0113176	0.0523738	0.0566533	0.0770323	0.00234823	0.00797902
113	0.0291606	0.00868763	0.00306174	0.00272149	0.017098	0.0020773	0.00173005	0.260619	0.000561346	0.280416	0.0312994	0.000842151	0.000670581	0.00228628	0.000903719	0.00493203	0.0256211	0.315307	0.000161003	0.011844
114	0.63073	0.0200465	0.00153406	0.00857057	0.00261117	0.0110725	0.00187579	0.006634	0.00471986	0.01137	0.00160608	0.00201529	0.0088342	0.0220125	0.00222476	0.177138	0.0535714	0.0311801	0.000477603	0.00177609
115	0.0218402	0.00877117	0.00153398	0.0020651	0.0184508	0.0014113	0.00147134	0.310786	0.00161101	0.15876	0.0206136	0.00123543	0.00023213	0.0013783	0.00269064	0.00310869	0.0133926	0.423345	0.000750836	0.0065521
116	0.0564478	0.0112517	0.0897678	0.0653998	0.0126512	0.045003	0.104072	0.00844837	0.107777	0.0220789	0.0100936	0.0795208	0.00449897	0.12721	0.147214	0.0537326	0.022991	0.0151205	0.00264757	0.0140727
117	0.159103	0.00653769	0.177684	0.0227253	0.0145682	0.0471761	0.0219082	0.00714164	0.0320688	0.0163848	0.00588421	0.159661	0.00195653	0.00843542	0.0648551	0.17118	0.0517165	0.0118526	0.000977306	0.0181836
118	0.0576915	0.00139607	0.00107001	0.00172812	0.0202171	0.00576991	0.00488232	0.288942	0.00115483	0.329718	0.118234	0.00168855	0.00729898	0.00650019	0.00633451	0.0100085	0.0266789	0.101431	0.000329426	0.00892576
119	0.0284689	0.0123739	0.00252064	0.00354718	0.0230136	0.00227031	0.00195144	0.242241	0.00133956	0.244841	0.0291086	0.00116678	0.000437195	0.00245692	0.00225048	0.00419971	0.0198688	0.365927	0.000187713	0.0118297
120	0.0987382	0.00901376	0.017774	0.070303	0.00713779	0.0312889	0.0171601	0.00777683	0.219961	0.0351028	0.0164595	0.015404	0.00496779	0.0731029	0.216854	0.0776073	0.0512883	0.0150534	0.00440767	0.0105987
121	0.294011	0.00213177	0.0729166	0.160695	0.00236956	0.0373807	0.00685181	0.00719892	0.055187	0.00701267	0.0100398	0.0152309	0.00133919	0.088769	0.0244961	0.134498	0.072405	0.00547434	0.000551245	0.00144163
122	0.0633538	0.00115943	0.000786738	0.00308827	0.0332634	0.00242695	0.00233806	0.191939	0.000952354	0.435305	0.109234	0.00271553	0.00344019	0.00473376	0.00351796	0.020737	0.0192953	0.0942765	0.000269907	0.00716743
123	0.101687	0.00964361	0.050222	0.0162651	0.140565	0.0118849	0.0145981	0.0170435	0.0128843	0.200837	0.0535769	0.0764244	0.00696367	0.0618187	0.0535492	0.0663587	0.055172	0.0279576	0.00416226	0.018386
124	0.200496	0.00317368	0.0243216	0.0271732	0.00373649	0.219173	0.0037999	0.00340972	0.0179701	0.00573607	0.00299991	0.220484	0.00209728	0.0393679	0.0393831	0.126136	0.0399625	0.0168485	0.000922006	0.00280824
125	0.0335928	0.00282118	0.528072	0.0106752	0.0225337	0.00314364	0.0275924	0.00338124	0.00356655	0.0054118	0.0135057	0.282023	0.00203145	0.0209332	0.003765	0.0134192	0.0151669	0.00470798	0.000842442	0.00281454
126	0.205683	0.00182083	0.00974267	0.104865	0.013642	0.0217323	0.126856	0.0145612	0.0634979	0.0644206	0.0140818	0.0147621	0.10286	0.0594859	0.0493842	0.0498209	0.0235465	0.0494453	0.00754071	0.00225257
127	0.0488959	0.00225518	0.0341957	0.0133251	0.00310154	0.053597	0.129667	0.0123943	0.102301	0.00642556	0.00243552	0.140611	0.0015226	0.0602258	0.213853	0.1515	0.00536724	0.00427828	0.000815299	0.0132331
128	0.0579295	0.00119659	0.00121189	0.00157774	0.0177191	0.00417984	0.00350325	0.257874	0.000978878	0.361121	0.111624	0.00160045	0.00637275	0.00690062	0.00446872	0.0111421	0.0279376	0.112424	0.000242852	0.00999533
129	0.361959	0.0489601	0.00210099	0.00965524	0.00872745	0.277646	0.00256743	0.0305627	0.00537511	0.0126356	0.00199803	0.0024754	0.00365455	0.00315754	0.0099779	0.1019	0.0145339	0.0988313	0.00058755	0.00269329
130	0.595822	0.0120188	0.000916048	0.00869936	0.00621195	0.133851	0.00329214	0.0147356	0.00280871	0.00936094	0.00170612	0.00137543	0.0132547	0.00622985	0.00198332	0.120323	0.0266423	0.0343871	0.000275705	0.00610609
131	0.0189458	0.00585117	0.00139638	0.00158023	0.0194999	0.000824962	0.00177317	0.406252	0.00434278	0.061756	0.0127533	0.00208362	0.000351176	0.000960075	0.00638091	0.00419231	0.013389	0.433921	0.00196581	0.00178002
132	0.0867829	0.0146221	0.0938391	0.0309376	0.0167555	0.0778405	0.0368842	0.0135255	0.0314148	0.0202856	0.00953858	0.266372	0.0109199	0.0316149	0.0543148	0.128793	0.0381336	0.0219956	0.00294462	0.0124859
133	0.15744	0.0149614	0.0411816	0.0459389	0.0240287	0.0348638	0.017076	0.0198174	0.0265789	0.0271049	0.0146429	0.0255154	0.216747	0.0298983	0.0257054	0.167992	0.0591236	0.0316876	0.0066515	0.0130448
134	0.0665381	0.0225451	0.0168313	0.0245078	0.0167525	0.016328	0.0616817	0.175733	0.0231501	0.0653616	0.0287789	0.0264569	0.0108323	0.0247836	0.0556344	0.0996966	0.104151	0.132194	0.00450476	0.023538
135	0.0591095	0.00769409	0.0613135	0.0705298	0.0160414	0.0439177	0.145564	0.00983767	0.108066	0.0220763	0.00627413	0.155161	0.00673132	0.0627136	0.0974225	0.0664037	0.0251682	0.0136505	0.00404505	0.0182799
136	0.0267236	0.0193337	0.00102997	0.00141809	0.33703	0.00117465	0.00106418	0.138375	0.00129146	0.187202	0.0656057	0.00493297	0.004213	0.00574886	0.00137611	0.00306023	0.00243056	0.140748	0.0235127	0.0337292
137	0.385632	0.0441824	0.00184491	0.00878983	0.00968687	0.274802	0.00243426	0.0244411	0.00548755	0.0108228	0.00162886	0.00217851	0.00459419	0.00319944	0.00782947	0.103596	0.0141382	0.0911427	0.000632712	0.00293568
138	0.0738765	0.00669936	0.0253886	0.035263	0.00549654	0.061081	0.0382284	0.00713403	0.192554	0.0284943	0.0154254	0.0477594	0.00532522	0.0883268	0.231403	0.086482	0.0275056	0.0127467	0.002255	0.00855481
139	0.016639	0.00551471	0.00107224	0.00113667	0.0115101	0.000649074	0.00144312	0.402445	0.00404968	0.0780488	0.0122945	0.00246812	0.00025508	0.000881963	0.0062744	0.00399418	0.0129944	0.435549	0.0014405	0.0013391
140	0.107041	0.0016645	0.00124698	0.00961707	0.0416488	0.00238468	0.00227595	0.13427	0.00164152	0.416354	0.100106	0.00663249	0.00255143	0.00408871	0.00336965	0.0306561	0.0132425	0.116319	0.000417972	0.00447238
141	0.417495	0.00545616	0.00980414	0.0350228	0.0377692	0.0765154	0.00776842	0.0270721	0.00873114	0.0295502	0.021545	0.00986495	0.11589	0.010511	0.00988531	0.131537	0.0192565	0.0141752	0.00330569	0.00884486
142	0.0766058	0.0140671	0.0374723	0.0657922	0.0261648	0.0320484	0.130863	0.0161333	0.0729077	0.039197	0.0146507	0.0661975	0.0161793	0.149726	0.0818483	0.0564929	0.0346195	0.0305792	0.0108449	0.0276102
143	0.051341	0.0286464	0.00511635	0.00385921	0.00248585	0.00212267	0.00442838	0.370478	0.0092722	0.0238012	0.0482078	0.00735951	0.000990945	0.00799016	0.00794589	0.032084	0.139087	0.252574	0.000527238	0.0016822
144	0.151701	0.0548513	0.00221522	0.00542922	0.00291391	0.0146374	0.002992	0.0656305	0.00857276	0.0237256	0.00327215	0.0097596	0.0237949	0.00354833	0.00323101	0.0458053	0.17813	0.395774	0.000768901	0.00324722
145	0.0379064	0.0107389	0.0593003	0.0440108	0.169979	0.00789077	0.0900964	0.0102148	0.0147557	0.0841563	0.0117527	0.0177497	0.00265913	0.00982995	0.0290443	0.0255349	0.0282241	0.0204165	0.0125954	0.313144
146	0.0171345	0.00753443	0.00229353	0.00228662	0.449727	0.00197353	0.0360281	0.012757	0.00209562	0.0358675	0.00331252	0.0106762	0.001203	0.00893915	0.00298255	0.0163376	0.00820432	0.0229989	0.0789683	0.27868
147	0.0306613	0.0199333	0.00100583	0.00158459	0.33141	0.0011812	0.0011273	0.143264	0.00130484	0.1749	0.0642474	0.00440182	0.00375404	0.00541051	0.00139529	0.0029929	0.00307795	0.144808	0.0198229	0.0437167
148	0.0729533	0.00799378	0.00151261	0.00218668	0.10295	0.011346	0.150722	0.00212193	0.024977	0.0250637	0.00173275	0.0178134	0.000940306	0.0298765	0.0416159	0.0909937	0.0293999	0.0382638	0.109227	0.238309
149	0.128565	0.014551	0.104516	0.0310101	0.00715687	0.0456678	0.0314611	0.0148864	0.0264716	0.00894414	0.0134297	0.0966127	0.00184667	0.0169975	0.0785604	0.288081	0.042808	0.0274134	0.00102515	0.019996
150	0.0291697	0.00509471	0.00285652	0.00535649	0.425924	0.00313891	0.0155416	0.035664	0.00396154	0.0558414	0.0203932	0.00627388	0.00180546	0.00669757	0.00605182	0.0110894	0.0102265	0.0592994	0.0288145	0.266799
151	0.156903	0.0536726	0.0024485	0.00449319	0.0153372	0.00944659	0.0137284	0.0491043	0.00386832	0.00582468	0.00288623	0.00366849	0.00310413	0.00445751	0.00433093	0.441305	0.116711	0.104547	0.000977523	0.00318489
152	0.0281819	0.0115791	0.00289509	0.00245667	0.0139367	0.00155444	0.00284682	0.368753	0.00536802	0.0847758	0.023363	0.00337891	0.00071613	0.00251892	0.00677239	0.00878253	0.0446172	0.383184	0.00114421	0.0031754
153	0.0587383	0.00313515	0.0160469	0.0240533	0.0145026	0.00702689	0.00684657	0.00613193	0.00884217	0.010608	0.00414691	0.0102	0.730059	0.0127026	0.00862919	0.0235754	0.0270413	0.0119008	0.00681369	0.00899955
154	0.0296629	0.00334841	0.00098294	0.00171469	0.00144947	0.00586622	0.00123375	0.00381194	0.0013306	0.00712309	0.00122839	0.00159528	0.00165596	0.00178131	0.00160989	0.204985	0.712141	0.0168792	0.000370219	0.0012307
155	0.453919	0.0188945	0.00801575	0.0129653	0.00808647	0.232924	0.00482266	0.0150244	0.00778163	0.0142887	0.0035807	0.014211	0.0183066	0.00917213	0.00776058	0.0988043	0.0243309	0.0398516	0.000791565	0.00646824
156	0.134446	0.0114513	0.0585348	0.0440983	0.0145349	0.0636408	0.0362445	0.0111111	0.0831593	0.0212472	0.00916873	0.162706	0.0114708	0.0398604	0.073056	0.145635	0.0403508	0.0212137	0.00292325	0.0151466
157	0.0459325	0.0124852	0.0093663	0.011564	0.2153	0.00840421	0.0084527	0.0936018	0.00973359	0.233493	0.125836	0.0125615	0.0068306	0.015408	0.0132027	0.0191089	0.0167275	0.0823352	0.0107616	0.0488945
158	0.39169	0.0238563	0.0160991	0.0173343	0.00864568	0.250047	0.00793951	0.0151114	0.0119029	0.0135297	0.00301681	0.0230155	0.0117934	0.0128268	0.0132052	0.101073	0.0257359	0.0436379	0.00172813	0.00781172
159	0.0475336	0.00454439	0.325544	0.027269	0.0199577	0.00639908	0.0170757	0.0054049	0.00634968	0.00806458	0.00985993	0.437196	0.00267325	0.0140577	0.00702711	0.0332301	0.0150305	0.00668225	0.00149649	0.00460381
160	0.0170967	0.0054277	0.000980112	0.00107821	0.0109552	0.000529293	0.00155237	0.414274	0.00449691	0.0575408	0.0115298	0.00206953	0.000251235	0.000612793	0.00649614	0.00390962	0.0130724	0.446005	0.00162835	0.000494165
161	0.0439197	0.0252952	0.00672751	0.0100525	0.220968	0.00760203	0.00937884	0.0169735	0.00907124	0.317044	0.0251468	0.00741349	0.00262361	0.00697305	0.0107399	0.0135437	0.0309719	0.0294173	0.00451108	0.201627
162	0.538006	0.0153082	0.00910668	0.0157525	0.00670755	0.0341942	0.00645136	0.00982678	0.0234616	0.0139666	0.00414437	0.0108959	0.0110724	0.0211677	0.01564	0.185828	0.0437392	0.0275833	0.0017941	0.00535355
163	0.383517	0.0339595	0.00235835	0.00748087	0.00741618	0.34587	0.00316122	0.015935	0.0113588	0.00916291	0.00194975	0.00290719	0.00563038	0.00484489	0.00582984	0.0867568	0.0145515	0.052656	0.000575306	0.00407746
164	0.0155281	0.00766362	0.00255891	0.002261	0.449944	0.00173316	0.0357664	0.0110888	0.00176686	0.0328116	0.00201265	0.0109804	0.00106688	0.0092861	0.00242004	0.0153284	0.00792245	0.0206173	0.0857162	0.283527
165	0.0322252	0.0129754	0.0023795	0.00321881	0.0242227	0.00281049	0.00212989	0.239486	0.000557027	0.240616	0.0328538	0.000644914	0.000483566	0.00248663	0.000817381	0.00311488	0.0194639	0.366305	0.000138239	0.0130703
166	0.522648	0.0173302	0.00856847	0.017028	0.00866839	0.025355	0.0103244	0.0123718	0.0121557	0.0362024	0.00735995	0.00771688	0.012484	0.040302	0.00955927	0.167701	0.0442718	0.029504	0.00180431	0.00864392
167	0.0791281	0.00472335	0.0049878	0.0115739	0.0119066	0.0177167	0.0142404	0.0033218	0.427388	0.0291526	0.028464	0.0041852	0.00128716	0.0555022	0.208139	0.0533668	0.0181455	0.00544838	0.000778611	0.0205439
168	0.0133367	0.00132887	0.017721	0.0214384	0.00214924	0.0117827	0.0360293	0.00784723	0.276202	0.0288226	0.0281668	0.0208004	0.0010319	0.20834	0.23429	0.0316137	0.0332965	0.0189282	0.000504744	0.00636957
169	0.0383589	0.0121886	0.00104871	0.00270118	0.215489	0.00124627	0.000997417	0.131552	0.00124163	0.33363	0.0829458	0.00438259	0.00285043	0.00427853	0.00204373	0.00883662	0.00814562	0.113189	0.011695	0.0231795
170	0.0254413	0.0123824	0.00216848	0.00168451	0.00752387	0.000868164	0.00392968	0.417144	0.00856345	0.0457385	0.0217253	0.00335962	0.000370056	0.00214861	0.00879628	0.00954683	0.047601	0.378903	0.00141513	0.000690269
171	0.0175776	0.00608717	0.000892381	0.0010623	0.0109318	0.000610206	0.00159241	0.407472	0.00469948	0.0631135	0.0115116	0.00197567	0.000251533	0.000688842	0.007234	0.00443087	0.0126409	0.444709	0.00175981	0.00075904
172	0.469678	0.0320731	0.00167276	0.00882992	0.00738104	0.235852	0.00294006	0.0182129	0.00491645	0.00951984	0.00174617	0.00236206	0.00809786	0.00425322	0.00504515	0.107717	0.0170256	0.0578805	0.000509323	0.00428736
173	0.0370946	0.00434688	0.00108715	0.00265359	0.00171798	0.00607517	0.0014802	0.00493762	0.00159467	0.0076932	0.00152878	0.00188589	0.00199532	0.00213623	0.00186107	0.198195	0.696646	0.0253644	0.000380055	0.00132661
174	0.0712561	0.0190918	0.155472	0.03599	0.0274136	0.0473233	0.0381131	0.0106059	0.0282782	0.0206375	0.0131652	0.314347	0.0116596	0.0343932	0.0360642	0.0609337	0.0311635	0.0226025	0.00487212	0.0166172
175	0.167479	0.00153107	0.0640225	0.335318	0.00579437	0.00644568	0.015747	0.016213	0.0464069	0.00493283	0.00566946	0.00673621	0.00465574	0.0980366	0.0368135	0.107657	0.0444827	0.0298276	0.000558215	0.00167215
176	0.0743373	0.0205622	0.13766	0.0386213	0.0197668	0.0554363	0.0330906	0.0200646	0.0281585	0.0249616	0.0126562	0.318845	0.0117435	0.0364851	0.0351992	0.0567344	0.034181	0.026792	0.00406597	0.0106388
177	0.0358716	0.00246751	0.490562	0.0124716	0.0231406	0.00310057	0.0213568	0.00351963	0.00364335	0.00515763	0.0111671	0.326669	0.00192789	0.017104	0.0038658	0.0163627	0.013274	0.00468322	0.00088805	0.00276708
178	0.0932555	0.0203724	0.00712759	0.0111695	0.0311449	0.0250919	0.0126303	0.183003	0.00620903	0.14373	0.0320866	0.0118093	0.00803303	0.0127158	0.00942049	0.0257278	0.0973044	0.231934	0.00208735	0.035148
179	0.0444806	0.0086981	0.00395321	0.00651935	0.0602909	0.00712741	0.00629127	0.124009	0.00671407	0.458847	0.0952927	0.00649796	0.00394353	0.0121062	0.00883298	0.0196297	0.0237257	0.0855385	0.00210099	0.0154005
180	0.114898	0.0167419	0.112088	0.0538214	0.00405951	0.0196401	0.222464	0.00490728	0.00571744	0.00699518	0.00361898	0.0476324	0.0286036	0.0221196	0.0206683	0.0680866	0.138817	0.0341424	0.00149474	0.073483
181	0.0486078	0.023452	0.148911	0.0732273	0.00637298	0.126217	0.0266848	0.00409477	0.101713	0.0177069	0.00348071	0.101122	0.00446354	0.128156	0.145022	0.0146038	0.0101786	0.00887191	0.00129585	0.00581784
182	0.20421	0.0602594	0.00768414	0.0165083	0.254336	0.0100636	0.0065877	0.0574658	0.00696322	0.0976743	0.0320392	0.00603544	0.00244712	0.0169404	0.00973504	0.0118534	0.050682	0.101585	0.00331187	0.0436186
183	0.0264465	0.0191574	0.000993997	0.00137872	0.336526	0.00114791	0.0010636	0.140105	0.00126434	0.186337	0.0659262	0.00478389	0.00408464	0.00581723	0.00139538	0.00306189	0.00228508	0.142746	0.0210726	0.0344066
184	0.212879	0.00162153	0.00690167	0.12487	0.00934538	0.019458	0.113634	0.01521	0.0700876	0.0391818	0.0143703	0.0156173	0.12471	0.0703875	0.0417679	0.0472001	0.0215092	0.0435173	0.00544226	0.00228956
185	0.0284254	0.00322083	0.000970989	0.00168004	0.0014401	0.00568625	0.00120754	0.00381687	0.00132566	0.00695108	0.00121215	0.00156843	0.00157719	0.00177056	0.00159554	0.201672	0.71733	0.0169562	0.000372332	0.00122017
186	0.0561034	0.0312916	0.0234002	0.00804902	0.0270128	0.023956	0.0862346	0.0739201	0.00239743	0.194035	0.0259303	0.0351411	0.0167337	0.0315552	0.0169126	0.116749	0.0725213	0.0743087	0.00553647	0.0782114
187	0.446603	0.0192043	0.00337863	0.0129049	0.00580032	0.0137497	0.00443485	0.0118396	0.00635016	0.0137091	0.00354327	0.00403288	0.00880642	0.0182517	0.00451941	0.237862	0.136469	0.0441379	0.00107413	0.0033286
188	0.0813922	0.00277299	0.0450302	0.0592916	0.012087	0.0194444	0.00993438	0.00649182	0.0226093	0.0118893	0.00533791	0.0168087	0.566059	0.0252468	0.0169581	0.037861	0.0316956	0.0145117	0.00700437	0.00757383
189	0.548997	0.0214439	0.0014474	0.00747116	0.00418838	0.0208004	0.00297311	0.0115663	0.00438261	0.0101776	0.00156422	0.00192476	0.00766565	0.0169072	0.00236799	0.224611	0.0671376	0.0416465	0.000538624	0.00218865
190	0.0469227	0.0112037	0.00397319	0.00524592	0.0361855	0.00514335	0.00537951	0.274571	0.00480831	0.230879	0.101565	0.00602087	0.00461473	0.00953733	0.00761121	0.0144642	0.0417767	0.175405	0.00250922	0.012184
191	0.0385127	0.00299114	0.469902	0.0170573	0.021154	0.0116808	0.0254566	0.00393705	0.00745113	0.00651271	0.0112706	0.306895	0.00235125	0.0194624	0.00866631	0.0210166	0.0155928	0.00515188	0.000991141	0.00394658
192	0.0202374	0.00710847	0.00146463	0.0017783	0.0204416	0.00101199	0.00154197	0.359107	0.00306298	0.112099	0.0170208	0.00177414	0.000345874	0.00112489	0.00464277	0.00360227	0.013288	0.424644	0.00135978	0.00434374
