738	20
1	0.0740365	0.00175189	0.0280446	0.0269819	0.00242895	0.0203214	0.0114335	0.00568799	0.025639	0.010681	0.00545414	0.00892884	0.633873	0.0160744	0.027402	0.0434655	0.0222832	0.0297361	0.000578726	0.00519695
2	0.0030699	0.000359066	0.000866246	0.000419253	0.00260106	0.000381775	0.000291286	0.563482	0.000456134	0.0291683	0.00826071	0.000789311	0.00110614	0.0010807	0.00133597	0.00134328	0.00231813	0.381604	6.38464e-05	0.00100356
3	0.140415	0.0620805	0.0199778	0.00498903	0.00368931	0.0073422	0.00398118	0.0228214	0.00429938	0.00833067	0.00403034	0.0425139	0.00326436	0.00718963	0.00804213	0.485623	0.0751837	0.0928887	0.000942959	0.00239519
4	0.208587	0.00531813	0.0700087	0.340045	0.000303227	0.0237023	0.0108319	0.00844946	0.024112	0.0291911	0.00100871	0.0175162	0.0130989	0.111102	0.0360977	0.0491649	0.0304349	0.0206797	0.000118868	0.000229027
5	0.0411087	0.00065811	0.00166238	0.0180678	0.008015	0.00496738	0.0493569	0.0134571	0.108574	0.0251939	0.004503	0.0106884	0.000417281	0.0502176	0.592367	0.0145524	0.0162007	0.0213118	0.00549863	0.0131817
6	0.0365466	0.000296469	0.000402985	0.0144667	0.00767601	0.00427776	0.0488186	0.0143298	0.103725	0.0239773	0.0041286	0.00839157	0.000316597	0.043903	0.622409	0.0114242	0.0140031	0.0226203	0.00551501	0.0127716
7	0.0481964	0.000360618	0.438769	0.363877	0.00402289	0.0204895	0.00124301	0.00142922	0.00304482	0.0095731	0.00216653	0.00608384	0.0142932	0.0273103	0.0110412	0.0246746	0.0166476	0.00617524	0.000175595	0.000426126
8	0.0444443	0.00027475	0.340422	0.418885	0.00143459	0.00811204	0.0068818	0.000900477	0.0143676	0.00621475	0.00103491	0.0146594	0.00583288	0.0764854	0.02014	0.018569	0.0132283	0.00678908	0.00012027	0.00120265
9	0.00790865	0.00389215	0.000456692	0.00136252	0.0102983	0.000639898	0.000467483	0.342004	0.000712033	0.456108	0.0169006	0.000519887	0.0010197	0.00350916	0.00161173	0.00131508	0.00333481	0.146271	0.000359184	0.00130822
10	0.273517	0.00177884	0.00247322	0.0121117	0.00802014	0.0122016	0.0124305	0.090563	0.162345	0.151258	0.0468013	0.00695353	0.00125054	0.0379001	0.03599	0.0472021	0.055272	0.0301693	0.00106247	0.0106997
11	0.226754	0.00040941	0.0661324	0.149631	0.00259007	0.0185775	0.0155756	0.00437573	0.0776014	0.00337393	0.00483493	0.0378154	0.0225001	0.120582	0.0816999	0.0758831	0.0793263	0.0117859	0.000128168	0.000423198
12	0.133675	0.00943096	0.00478423	0.00704403	0.0240718	0.0102207	0.00777244	0.0341494	0.00763025	0.533318	0.0355052	0.00817056	0.00424277	0.0173504	0.0116506	0.0200639	0.0700813	0.0451133	0.00366625	0.0120593
13	0.00507164	0.003084	0.000348933	0.00092148	0.00667852	0.000526075	0.000495573	0.46779	0.00150164	0.294503	0.025239	0.000591142	0.00534606	0.00183892	0.00168112	0.00112164	0.00238906	0.179591	0.000182673	0.00109887
14	0.224541	0.000491345	0.0718014	0.144321	0.00207138	0.0198117	0.0159386	0.00585639	0.0653805	0.00361415	0.00503506	0.0353856	0.0247132	0.119372	0.0838632	0.0808889	0.0828134	0.013118	0.000286478	0.000695816
15	0.0100278	0.00140105	0.00386078	0.00428992	0.00289022	0.00433832	0.528756	0.00383903	0.00385028	0.00641113	0.00339658	0.344653	0.00232943	0.00626075	0.00547554	0.0386505	0.00694527	0.00487727	0.00098031	0.0167668
16	0.130555	0.00121295	0.00823105	0.0184301	0.00122878	0.0136648	0.00689433	0.00233248	0.0679277	0.00544354	0.0152145	0.0163176	0.534251	0.0363968	0.0866238	0.0284194	0.00999562	0.014409	0.000544523	0.00190648
17	0.029694	0.00543724	0.0012325	0.00287721	0.00842407	0.00295667	0.00279003	0.372039	0.0023433	0.0950837	0.0204824	0.00182345	0.00165791	0.00373867	0.00353162	0.00568551	0.0164078	0.417622	0.000838327	0.00533534
18	0.0269747	0.0064076	0.000674248	0.00370175	0.00142335	0.00205034	0.000457639	0.207118	0.00203516	0.073881	0.0257976	0.000718359	0.000388539	0.00219839	0.000789998	0.00261679	0.0273196	0.614968	0.00017165	0.000307239
19	0.0016646	0.000107576	0.000935427	0.00027526	0.00239358	0.000247204	0.000254645	0.58278	0.000239303	0.0193893	0.00540307	0.000743741	0.000253477	0.0010038	0.00122074	0.00129672	0.00143391	0.379383	6.05184e-05	0.000914456
20	0.00452524	0.000128306	0.000770478	0.000589905	0.00369851	0.000300139	0.000291475	0.524256	0.000528454	0.0932972	0.00683217	0.000698695	0.00148249	0.000853375	0.00127729	0.0011596	0.00244078	0.356104	6.778e-05	0.000698221
21	0.636632	0.0213538	0.00156902	0.000945504	0.000919661	0.0036671	0.00079174	0.00832272	0.000781235	0.00198845	0.000598819	0.00243619	0.00131472	0.00476855	0.0048586	0.275202	0.0216717	0.0115948	0.000195986	0.000387097
22	0.0755928	0.00333601	0.00889389	0.0123342	0.00284415	0.773515	0.00428065	0.00249866	0.0103236	0.0055553	0.00939469	0.00963091	0.00665576	0.0161022	0.0159805	0.0243465	0.00942376	0.00717756	0.000441023	0.00167281
23	0.221909	0.00502108	0.0712009	0.315122	0.000720461	0.0265412	0.0109537	0.00851288	0.0263154	0.0274818	0.00158743	0.0185251	0.0136622	0.108206	0.0383342	0.0509521	0.0331339	0.0209093	0.000375676	0.000536345
24	0.0971971	0.00786498	0.0265767	0.0335817	0.0104603	0.0188424	0.0210482	0.0185857	0.0186835	0.0345641	0.0142597	0.0188673	0.202576	0.0262383	0.0266986	0.108721	0.243714	0.0572197	0.00290536	0.011396
25	0.0729664	0.00275146	0.0103106	0.011451	0.00415896	0.754522	0.00838408	0.00428336	0.00592557	0.00686573	0.0111335	0.0101474	0.0141984	0.0155168	0.0117543	0.0280347	0.00980288	0.0117491	0.000862216	0.00518195
26	0.158247	0.0131971	0.0262561	0.029175	0.0188715	0.0450102	0.0241468	0.015503	0.0279128	0.0365159	0.0135502	0.0368173	0.0220969	0.0405513	0.0482787	0.287666	0.115056	0.0299604	0.00251005	0.00867796
27	0.0666966	0.00408375	0.00791392	0.0110715	0.00623088	0.788417	0.00540184	0.00321782	0.00702732	0.00672817	0.00962975	0.00739558	0.0044281	0.0150817	0.0120076	0.0222003	0.00892807	0.00832025	0.00154658	0.00367367
28	0.0658357	0.00565497	0.0197066	0.0373171	0.00596587	0.019321	0.0219005	0.00911523	0.317844	0.0263422	0.010066	0.0250044	0.021233	0.0801279	0.241066	0.0356175	0.0333973	0.0169929	0.00144105	0.00605031
29	0.0821829	0.00309803	0.00574314	0.00483877	0.00442195	0.0250055	0.0137402	0.00712156	0.0032868	0.0168172	0.00752275	0.0139854	0.00744786	0.0123052	0.00678691	0.300478	0.468034	0.0151965	0.000667926	0.00131896
30	0.100849	0.00783727	0.0250533	0.0379868	0.0134392	0.0245742	0.0169415	0.0207036	0.0271178	0.041037	0.0179182	0.022337	0.0196017	0.0345229	0.0445482	0.151194	0.338136	0.0456471	0.00317306	0.00738267
31	0.0960646	0.00612898	0.044967	0.0920691	0.0130558	0.0206834	0.0335607	0.0226732	0.0875034	0.0560514	0.0157177	0.0393957	0.0163667	0.206759	0.104229	0.0497815	0.0463324	0.0334152	0.00489284	0.0103523
32	0.00174174	0.00751403	0.000392407	0.000527301	0.00793958	0.000504337	0.000485481	0.398943	0.000456333	0.490653	0.0264549	0.000504644	0.000635738	0.0032662	0.00063977	0.00108671	0.000885201	0.0567844	0.000136794	0.000448567
33	0.0676199	0.00310283	0.0289289	0.0296491	0.00411114	0.0201901	0.0156353	0.00977597	0.0192823	0.0170858	0.00681916	0.0125678	0.557608	0.0204508	0.0182173	0.0550713	0.064079	0.0408868	0.00168587	0.00723227
34	0.0495167	0.00243973	0.0134556	0.0357329	0.00304162	0.0133276	0.0216966	0.00539984	0.304186	0.0196715	0.00718593	0.020818	0.00412234	0.127715	0.301114	0.026487	0.0262327	0.0135277	0.00140869	0.00292056
35	0.0206558	0.00100155	0.0022057	0.00267165	0.0299631	0.00263689	0.00207429	0.104579	0.00182942	0.237386	0.45054	0.00348871	0.00111821	0.00354861	0.00312466	0.00944131	0.0225412	0.0891292	0.000651116	0.0114134
36	0.245818	0.141796	0.00623039	0.0105581	0.0140495	0.0186762	0.00876426	0.070865	0.0107105	0.181281	0.0488762	0.00585061	0.00363679	0.0154978	0.0129961	0.0260599	0.031988	0.132892	0.00439259	0.00906151
37	0.0356158	0.00297831	0.00350071	0.00217594	0.0290026	0.00307119	0.00179837	0.100363	0.00188873	0.30559	0.370541	0.00294865	0.00109048	0.0044591	0.00318571	0.0116522	0.0208919	0.0864683	0.00149069	0.0112877
38	0.210977	0.00489771	0.0924043	0.320293	0.000684427	0.0263146	0.00988664	0.00774386	0.0230918	0.0290007	0.0015424	0.0162523	0.013011	0.101703	0.0339346	0.0539973	0.0346581	0.0189783	0.000220576	0.000408386
39	0.121557	0.00532862	0.0133556	0.00263983	0.0152803	0.00390858	0.00245627	0.138977	0.0032061	0.357885	0.173099	0.0024721	0.00130551	0.00622424	0.00486788	0.016307	0.01646	0.106134	0.00185785	0.00667818
40	0.0998966	0.00342452	0.120947	0.0827221	0.00413234	0.149373	0.0207132	0.00691541	0.119395	0.0169538	0.00636789	0.0528529	0.01422	0.0706629	0.123333	0.0565024	0.0333608	0.013247	0.00140866	0.00357258
41	0.0578309	0.0241446	0.00190294	0.00767114	0.0636476	0.00313423	0.0182109	0.0636505	0.0245627	0.404148	0.038854	0.00452413	0.00619366	0.0454655	0.0643159	0.0293232	0.0154579	0.0540638	0.0229242	0.049974
42	0.0283713	0.00347713	0.00250189	0.00453176	0.0216832	0.00301383	0.00707136	0.0104146	0.033296	0.263053	0.172015	0.0243387	0.00693004	0.0778801	0.0827411	0.0218804	0.0822742	0.0843597	0.027368	0.0427982
43	0.0120933	0.00275578	0.00157494	0.00370981	0.00832199	0.001862	0.0017093	0.478545	0.00504553	0.146509	0.0214075	0.00198705	0.00505849	0.00480178	0.00722482	0.00513238	0.0106363	0.277108	0.000943522	0.00357349
44	0.440125	0.00498421	0.00278509	0.00947713	0.00875853	0.348813	0.00352645	0.0104226	0.00385085	0.0124885	0.0121694	0.00344532	0.0057827	0.00529985	0.0101578	0.0375025	0.0216671	0.0563879	0.000514055	0.001842
45	0.0580136	0.289142	0.011032	0.0192064	0.011068	0.0173237	0.180283	0.0124619	0.0782581	0.0288911	0.0148591	0.0164822	0.00905468	0.0240845	0.0224584	0.0303448	0.0302261	0.131398	0.00370101	0.0117122
46	0.0957536	0.0047259	0.160454	0.105291	0.00673679	0.0346261	0.0409927	0.0130019	0.0339817	0.0270246	0.0109613	0.0946917	0.0187496	0.0715811	0.0562575	0.0771647	0.118148	0.0211476	0.00218194	0.00652718
47	0.0928457	0.00664448	0.0559341	0.101912	0.0156314	0.0287343	0.032834	0.0209282	0.0734449	0.0602886	0.0145171	0.0396149	0.0201208	0.191651	0.101773	0.0576782	0.0434406	0.0293397	0.00341835	0.00924764
48	0.0532519	0.00359144	0.0136501	0.0258172	0.00600385	0.012931	0.0174107	0.0325537	0.0212658	0.0332451	0.0117665	0.0144558	0.513834	0.0280908	0.0255745	0.0296489	0.039422	0.108883	0.00176311	0.00684024
49	0.052404	0.00237228	0.0181112	0.0299548	0.00734879	0.016711	0.0410743	0.0115156	0.143811	0.0271767	0.0075786	0.0198019	0.0104705	0.0609969	0.460738	0.0294447	0.0281099	0.0204219	0.00354554	0.00841254
50	0.0516281	0.00237898	0.0102999	0.0284303	0.00860815	0.014285	0.0425238	0.0134952	0.138059	0.0288587	0.00862708	0.0185018	0.0116807	0.0633354	0.466507	0.0291464	0.0282393	0.0212348	0.00362372	0.010537
51	0.00179316	0.00746833	0.000390338	0.000532963	0.00792009	0.00050425	0.000479946	0.398665	0.000457079	0.490353	0.0263233	0.000500678	0.000629325	0.00324628	0.000637996	0.00108281	0.000893335	0.0575382	0.000136235	0.000448215
52	0.478708	0.00938915	0.018292	0.035985	0.00696027	0.0658512	0.00815045	0.0220929	0.0174131	0.0340347	0.0105656	0.0120741	0.0143953	0.0262583	0.0285283	0.118951	0.0423853	0.044424	0.00187192	0.00367028
53	0.50516	0.00915621	0.0144693	0.0331967	0.00950553	0.0773693	0.00945863	0.0137456	0.0187081	0.0210998	0.00899887	0.0113546	0.0172733	0.0282802	0.0316007	0.115738	0.0344045	0.0333325	0.00224783	0.00490074
54	0.0413017	0.00415966	0.00617921	0.00938816	0.00459799	0.0129135	0.00777052	0.0583011	0.015426	0.0883431	0.0310143	0.0468042	0.00480164	0.0312796	0.0904653	0.17123	0.264042	0.105587	0.00200522	0.00438901
55	0.0770049	0.00221766	0.00125219	0.00202119	0.00125829	0.0217874	0.0117245	0.00396369	0.00158725	0.0111788	0.00491526	0.00744295	0.00789506	0.00937625	0.00287534	0.307634	0.51289	0.0117083	0.000400261	0.00086682
56	0.0269831	0.00611877	0.000762944	0.00350811	0.00228846	0.00196108	0.000607441	0.198508	0.00205095	0.0689158	0.0340703	0.000880781	0.000483768	0.00310083	0.000878204	0.00294642	0.0318712	0.613352	0.000148817	0.000562558
57	0.457213	0.00355943	0.00488928	0.0128764	0.0094987	0.167178	0.00353315	0.00428955	0.00236277	0.00723777	0.00411428	0.0163456	0.00312429	0.0139064	0.00658113	0.225703	0.0459739	0.009508	0.000664218	0.00144077
58	0.227093	0.00019608	0.073303	0.146166	0.00181669	0.0195	0.0150625	0.00483357	0.0653066	0.00252985	0.0048805	0.0369194	0.0252393	0.118253	0.0777955	0.0830253	0.085047	0.0125775	0.000133682	0.000320675
59	0.0552494	0.00392417	0.00892124	0.0200282	0.075202	0.0130688	0.0444821	0.026443	0.0692371	0.0663728	0.0138028	0.0166303	0.00844416	0.0504936	0.381521	0.0312206	0.0338973	0.0304236	0.0148516	0.0357865
60	0.0135825	0.000554231	0.000254737	0.00151314	0.00929686	0.000422243	0.00036672	0.380567	0.000783083	0.301458	0.00693728	0.0004737	0.00201393	0.000638292	0.00094019	0.00089269	0.0059572	0.272754	8.96957e-05	0.000505098
61	0.672855	0.0167376	0.000992595	0.0011374	0.000791869	0.00355741	0.00104819	0.00639541	0.000783212	0.00227781	0.000745213	0.00105189	0.00178998	0.0050086	0.00633322	0.251298	0.0187981	0.00779399	0.000257121	0.000347567
62	0.0459782	0.000217505	0.259071	0.435914	0.000320312	0.00425176	0.0124829	0.000576097	0.0232439	0.00513259	0.000435151	0.0235181	0.00070065	0.133564	0.0192618	0.0175232	0.00911227	0.0063555	0.000121484	0.00222028
63	0.0545741	0.000803963	0.345711	0.394639	0.00176868	0.012041	0.007147	0.00285488	0.0134008	0.00781648	0.00141517	0.0233356	0.0088389	0.0603003	0.0181812	0.0215878	0.0159492	0.00823293	0.000205067	0.00119636
64	0.018725	0.000569028	0.00209943	0.00162832	0.0192505	0.00190178	0.00143625	0.115775	0.00130312	0.364918	0.335553	0.00214182	0.00121385	0.00401659	0.00223814	0.00730101	0.0189543	0.0939141	0.000527865	0.00653366
65	0.0461329	0.0105617	0.000932073	0.0039116	0.0034004	0.00660246	0.00147219	0.191969	0.00270388	0.0707989	0.0303834	0.0017116	0.00061548	0.00386657	0.00172779	0.00600556	0.0300774	0.585855	0.000397593	0.000874662
66	0.143336	0.00393204	0.0288391	0.0228716	0.00780925	0.366154	0.0121815	0.005651	0.0078816	0.00993786	0.00654842	0.031267	0.00669076	0.0223205	0.0128228	0.248062	0.0498932	0.01031	0.00106035	0.00243083
67	0.020706	0.0113117	0.00375845	0.00681764	0.408086	0.000945888	0.0329242	0.0116882	0.000713746	0.0320763	0.00131159	0.000967739	0.00432524	0.00756567	0.00377633	0.00183902	0.00227108	0.0156273	0.0646789	0.368609
68	0.0407789	0.00128573	0.00315815	0.0116442	0.00173219	0.00311651	0.00496659	0.00285477	0.41681	0.0178589	0.00342682	0.0130307	0.00150804	0.273333	0.133449	0.0272634	0.0315	0.00994654	0.000891691	0.00144459
69	0.00166126	0.000109819	0.000925089	0.000279422	0.0024504	0.000248035	0.000256662	0.582966	0.000251269	0.0197345	0.00554975	0.000739473	0.000295876	0.00101265	0.00123624	0.00129532	0.00143278	0.378571	6.5482e-05	0.000919587
70	0.0511498	0.00183728	0.0139191	0.0266181	0.00944945	0.00953393	0.0425735	0.00994161	0.138641	0.0258598	0.00793822	0.0182998	0.00552209	0.0595008	0.497316	0.0252884	0.0239677	0.0182814	0.0035733	0.0107886
71	0.0357707	0.00635461	0.00752663	0.00721743	0.391254	0.0100012	0.0241868	0.0397602	0.00851763	0.0850085	0.0120707	0.00690874	0.00392495	0.0133935	0.0192998	0.0169396	0.0159042	0.0360837	0.0332766	0.226601
72	0.0234789	0.00091649	0.0303381	0.0408389	0.00302934	0.00423538	0.130139	0.0034874	0.0121533	0.00519567	0.0093548	0.109482	0.0017156	0.0873251	0.0223496	0.280441	0.22926	0.00393048	0.00069889	0.00163063
73	0.0410023	0.000374564	0.385806	0.40059	0.00164005	0.00863694	0.00460753	0.00121488	0.00949188	0.00605698	0.00112024	0.0150821	0.00804716	0.0606516	0.0126922	0.0246823	0.0114629	0.00563691	0.000156335	0.00104704
74	0.0642837	0.00224393	0.0202722	0.0729641	0.00404268	0.0130329	0.0829832	0.00968164	0.130796	0.0215351	0.00500278	0.0671726	0.00340583	0.117783	0.21783	0.0546336	0.0861135	0.0201268	0.002213	0.00388396
75	0.0639921	0.00065778	0.00114198	0.00179444	0.00109294	0.017114	0.0118095	0.0044952	0.00142365	0.0140862	0.00721828	0.0097496	0.00581904	0.00897379	0.00307278	0.275347	0.559504	0.0114882	0.000416738	0.000802588
76	0.0798712	0.0218124	0.00142787	0.00920219	0.0559543	0.00164265	0.0180064	0.056423	0.032693	0.333368	0.0430309	0.0050471	0.00765283	0.0518532	0.0713992	0.0401888	0.0183149	0.0553603	0.0297542	0.0669972
77	0.00168648	0.000124758	0.000900034	0.000294603	0.00271366	0.000253413	0.000274453	0.576605	0.000480452	0.0311762	0.00837644	0.000739029	0.00119902	0.00108682	0.00141717	0.00122763	0.0014021	0.368906	7.37237e-05	0.00106276
78	0.0334953	0.00105049	0.0017234	0.0116447	0.00342942	0.0068885	0.0166564	0.00444768	0.411723	0.0152511	0.00237093	0.00694608	0.00341193	0.0422601	0.384764	0.0208682	0.0219585	0.00691641	0.00114304	0.00305112
79	0.0107633	0.0163381	0.000580488	0.000997169	0.11263	0.00082761	0.00658094	0.160037	0.00103163	0.294415	0.0624124	0.000878548	0.000580868	0.00579139	0.00116604	0.00752073	0.0104606	0.286017	0.000466754	0.0205041
80	0.0226771	0.00613098	0.00226015	0.00188785	0.0313396	0.00254675	0.00164075	0.102738	0.00175042	0.421731	0.228322	0.00249653	0.00143335	0.00702597	0.00563869	0.0103767	0.0196848	0.117236	0.00200567	0.011078
81	0.0953063	0.00711934	0.0215609	0.0320032	0.0142528	0.0240174	0.0190994	0.0244747	0.0184969	0.0372185	0.0191837	0.0231878	0.0157719	0.030824	0.0343209	0.157836	0.364132	0.0494408	0.0034217	0.00833123
82	0.0629614	0.00187169	0.379709	0.256309	0.00427218	0.0235614	0.0178261	0.00429549	0.0178976	0.0110735	0.00346605	0.0475825	0.0187016	0.0450236	0.0315249	0.0371994	0.0220655	0.0109068	0.000710936	0.00304203
83	0.0645163	0.00281367	0.00769957	0.00978219	0.00593926	0.799966	0.00317244	0.00172763	0.00652144	0.00690355	0.00877103	0.0086614	0.00441658	0.0106482	0.0109838	0.0242167	0.0104839	0.00644291	0.000623267	0.00571055
84	0.0100352	0.000813704	0.00110352	0.00120183	0.0117412	0.00150911	0.00137409	0.431162	0.0026302	0.127183	0.142275	0.00145507	0.00902416	0.00304649	0.00316064	0.00342192	0.00968842	0.234757	0.000260455	0.00415727
85	0.027629	0.0107439	0.00336408	0.00506286	0.0401002	0.00542956	0.00360517	0.113927	0.00476667	0.502484	0.107414	0.00385105	0.00231393	0.0144954	0.0108681	0.0130983	0.0193405	0.0911804	0.00503323	0.0152929
86	0.0234755	0.00823039	0.00435568	0.00838268	0.0363211	0.00496197	0.00535095	0.138494	0.00669156	0.545964	0.0405155	0.00405326	0.0038506	0.015046	0.0132002	0.0103504	0.0121011	0.0951781	0.00601261	0.0174637
87	0.218407	0.00344893	0.0238834	0.0266574	0.00908488	0.0535422	0.037024	0.0110174	0.016444	0.0216189	0.00835017	0.211371	0.0149954	0.0439011	0.0221113	0.21547	0.0404904	0.015037	0.00222597	0.00491946
88	0.147482	0.00382737	0.0888061	0.263081	0.00253704	0.0167802	0.0227388	0.00786018	0.0460509	0.0239391	0.00402532	0.0280587	0.010176	0.184722	0.055355	0.0443152	0.0321751	0.0143954	0.000881834	0.00279197
89	0.0417638	0.00498675	0.00635307	0.00116162	0.00566317	0.00145176	0.00104203	0.18535	0.00105959	0.325484	0.0876008	0.00475848	0.000544584	0.0150751	0.0142588	0.0351743	0.0833669	0.18037	0.000940024	0.00359435
90	0.110238	0.00769845	0.0223383	0.0523063	0.0121332	0.0455863	0.101512	0.0166326	0.0485889	0.0303897	0.00773697	0.0492561	0.0048562	0.137975	0.154512	0.0793676	0.0793155	0.0227702	0.00504794	0.011739
91	0.0112066	0.00110708	0.00260798	0.00454085	0.0150235	0.0558983	0.155203	0.0033347	0.0227673	0.00523573	0.00262559	0.187423	0.00198955	0.105697	0.19203	0.0952227	0.124036	0.00415017	0.00813083	0.00177053
92	0.0638685	0.00158743	0.363273	0.26788	0.00598395	0.0184631	0.0180776	0.00750933	0.0162334	0.0164038	0.00435457	0.044618	0.0174036	0.0475114	0.0324696	0.0346109	0.0205779	0.0134519	0.00167399	0.00404835
93	0.134287	0.000587112	0.00735833	0.0161463	0.000933976	0.0126221	0.00430439	0.00144181	0.077347	0.00242156	0.0154298	0.0165038	0.554221	0.0192042	0.0928239	0.0276452	0.00694063	0.00785075	0.000385845	0.00154519
94	0.0140125	0.0023846	0.0213641	0.0254073	0.231432	0.00301871	0.0238572	0.00439519	0.0233068	0.308576	0.0456725	0.00332376	0.00191105	0.0584086	0.0390772	0.0157827	0.0172608	0.00736885	0.0454689	0.10797
95	0.0201346	0.012428	0.00224777	0.00420928	0.110159	0.00442837	0.00584917	0.0813415	0.00527247	0.507474	0.0475026	0.00271429	0.00288176	0.0144028	0.0112126	0.0110307	0.011792	0.070718	0.0174162	0.056784
96	0.0369179	0.0012632	0.0605611	0.0367752	0.00241823	0.00356243	0.00562318	0.00354977	0.082845	0.106198	0.0334775	0.125801	0.00204445	0.0365788	0.264917	0.133696	0.0413512	0.00535726	0.000868442	0.0161959
97	0.181954	0.00826468	0.0262736	0.0907066	0.00106795	0.00367471	0.0075022	0.00320886	0.180187	0.0109161	0.00448019	0.0233852	0.00119076	0.177172	0.224384	0.0288699	0.00897992	0.016219	0.000585897	0.00097793
98	0.0486225	0.0477624	0.00927373	0.0153209	0.237669	0.00931505	0.0355762	0.0298738	0.0112202	0.100156	0.0180153	0.00871631	0.00674727	0.0227551	0.0169739	0.0210345	0.0239172	0.0336181	0.0442855	0.259147
99	0.0808215	0.00311125	0.480384	0.135112	0.00638965	0.0173382	0.013891	0.00211896	0.00785774	0.00767282	0.00135284	0.105916	0.00425745	0.0274677	0.0258434	0.05683	0.0120955	0.00793056	0.000262241	0.00334671
100	0.445386	0.029801	0.00289521	0.0052809	0.00924617	0.0264981	0.00317664	0.0280348	0.00366223	0.0292043	0.00652972	0.00311294	0.00774212	0.00472284	0.00520503	0.0634027	0.208808	0.113914	0.0014998	0.00187807
101	0.00174174	0.00751403	0.000392407	0.000527301	0.00793958	0.000504337	0.000485481	0.398943	0.000456333	0.490653	0.0264549	0.000504644	0.000635738	0.0032662	0.00063977	0.00108671	0.000885201	0.0567844	0.000136794	0.000448567
102	0.00257506	0.000291839	0.000910433	0.00056021	0.00267505	0.000330626	0.000276291	0.573045	0.000420177	0.0240597	0.00735122	0.00074832	0.000732863	0.00123606	0.00132873	0.00136199	0.00232044	0.378682	6.1389e-05	0.00103241
103	0.00893558	0.00112728	0.000471345	0.00112584	0.00628847	0.000701956	0.000432379	0.485333	0.00158493	0.170653	0.019406	0.000700297	0.00559774	0.00118292	0.00189312	0.0013746	0.00412231	0.287453	0.000163605	0.00145257
104	0.0660257	0.00218341	0.362607	0.269455	0.00377416	0.0194725	0.0148362	0.0085618	0.0191868	0.0188307	0.00396409	0.0421414	0.0144973	0.043314	0.0313883	0.0344804	0.0245444	0.0155502	0.00122573	0.00396069
105	0.0963193	0.00298975	0.211731	0.338907	0.00427514	0.0232821	0.0136293	0.00918776	0.0270024	0.0216635	0.00427169	0.0255473	0.0156557	0.0783501	0.041431	0.03537	0.0260288	0.0192081	0.00162256	0.0035275
106	0.335293	0.0125813	0.0205026	0.0346137	0.0140824	0.0409665	0.0139967	0.019926	0.0206633	0.0307161	0.0109422	0.0167115	0.0151307	0.0287384	0.0296176	0.125879	0.159628	0.0610414	0.00239377	0.00657552
107	0.0774482	0.00997206	0.0378479	0.0492198	0.0366925	0.0229025	0.215553	0.0160562	0.0368669	0.0411542	0.0184374	0.0699537	0.0193065	0.057647	0.0794633	0.0553591	0.0515964	0.0356193	0.0169986	0.0519052
108	0.0895218	0.00290619	0.202953	0.325125	0.00438843	0.0220189	0.0176532	0.00900419	0.0352789	0.027486	0.00542689	0.0251564	0.017468	0.0817128	0.0509169	0.0348691	0.0274614	0.0160728	0.000859545	0.00372057
109	0.0497889	0.00227358	0.0153957	0.0282021	0.00806641	0.010336	0.0408494	0.0124935	0.141103	0.026986	0.00648117	0.0178371	0.0087999	0.0583717	0.486132	0.0254139	0.0262149	0.0203244	0.00447776	0.0104523
110	0.179854	0.00608134	0.0119781	0.0143646	0.0169111	0.0961468	0.0124294	0.0095897	0.00718377	0.0121979	0.0048239	0.0249263	0.00955062	0.0238316	0.0177041	0.320994	0.211071	0.0155325	0.00140403	0.00342462
111	0.0279937	0.00736528	0.0020108	0.00632705	0.0220488	0.00352984	0.00246757	0.188391	0.00400382	0.462111	0.0373459	0.00356716	0.00467748	0.0128172	0.0101419	0.00965878	0.0210128	0.16256	0.00303455	0.00893502
112	0.0844501	0.00723637	0.032933	0.0422657	0.0136042	0.0303914	0.0500699	0.0180145	0.0390706	0.0396102	0.018853	0.119007	0.0176172	0.0633478	0.0758589	0.113288	0.182804	0.0344262	0.00415403	0.0129985
113	0.0363364	0.00672323	0.00246902	0.00461401	0.00611114	0.00494907	0.0021382	0.430463	0.00218882	0.0618882	0.0151028	0.00932749	0.00494219	0.00575276	0.00321967	0.00855952	0.0141178	0.377164	0.000731694	0.00320144
114	0.0685326	0.00250808	0.342695	0.265576	0.00472947	0.0197883	0.0146136	0.00568135	0.0189718	0.0182256	0.00529726	0.0410644	0.0223226	0.0523573	0.0339219	0.0409347	0.0229177	0.0133496	0.000982467	0.00553013
115	0.0558206	0.0115533	0.00717998	0.0119811	0.186539	0.0103371	0.027421	0.103166	0.0068242	0.177659	0.029768	0.00858338	0.00615867	0.0166699	0.014749	0.0237871	0.0346061	0.1545	0.0239526	0.0887439
116	0.00238678	0.00480022	0.000338173	0.000409595	0.00727111	0.000713438	0.000385886	0.318211	0.000386717	0.572192	0.0254622	0.000581232	0.00106497	0.0037635	0.000522451	0.00114382	0.000798904	0.0588301	9.94006e-05	0.000638347
117	0.0232558	0.00583197	0.00269118	0.00296055	0.0436267	0.00565551	0.00230577	0.0767376	0.00292139	0.381157	0.309847	0.00435491	0.00182465	0.00783387	0.00469357	0.0139078	0.0203751	0.0707725	0.00374756	0.0154999
118	0.0624473	0.00317057	0.00755028	0.00774811	0.00347644	0.806943	0.00439944	0.0032506	0.00595222	0.00910348	0.0092169	0.00874457	0.00314739	0.0105781	0.0108268	0.0243731	0.00878872	0.00785386	0.000956493	0.00147237
119	0.0162053	0.00926321	0.00251194	0.00259257	0.255263	0.0018389	0.0265141	0.100729	0.00250212	0.165865	0.0159723	0.00167551	0.00220963	0.00455273	0.0231494	0.00356052	0.00347874	0.0175235	0.096049	0.248544
120	0.00351743	0.00539091	0.000477033	0.000938619	0.0100395	0.000678466	0.000463027	0.335174	0.000617551	0.530141	0.0249629	0.000583553	0.0012771	0.00461093	0.00150941	0.00137558	0.00123938	0.075159	0.000408859	0.00143533
121	0.0318798	0.00164077	0.000905542	0.00760531	0.00243642	0.0100927	0.00922574	0.00445503	0.554608	0.0138663	0.00113734	0.00224202	0.00188844	0.0234001	0.272116	0.0234898	0.0320214	0.00518954	0.000288144	0.0015109
122	0.0291546	0.00147582	0.00683342	0.105049	0.00252229	0.0316694	0.00958997	0.00372988	0.0424013	0.00772812	0.00335498	0.0566796	0.00207005	0.404514	0.197957	0.0089789	0.0664163	0.00513285	0.012529	0.00221305
123	0.00252754	0.00480773	0.000333227	0.000420014	0.00740885	0.000714852	0.000394693	0.318231	0.000390736	0.568924	0.0250141	0.000587593	0.00101133	0.00377244	0.000561696	0.00112742	0.000845771	0.0621824	0.000101456	0.000643104
124	0.032822	0.00925477	0.00289138	0.00496998	0.0203189	0.00733934	0.00850055	0.068052	0.014925	0.37528	0.0960651	0.0148698	0.00844855	0.0334839	0.0544751	0.0278898	0.064142	0.129265	0.00873627	0.0182707
125	0.130394	0.00288471	0.0463555	0.016986	0.00789271	0.0222971	0.0541094	0.0168241	0.0566728	0.0308365	0.00569879	0.0116951	0.375482	0.0241673	0.0123487	0.0540899	0.0324831	0.0498847	0.00186682	0.0470307
126	0.0178006	0.000544599	0.000656696	0.00814143	0.00375007	0.00478244	0.0103471	0.00161836	0.465782	0.0099947	0.00177405	0.00331389	0.000767457	0.0515949	0.387632	0.0150357	0.0133946	0.00215995	0.000269834	0.000639641
127	0.0436673	0.00256016	0.0118804	0.0271946	0.00893454	0.0114772	0.0418907	0.0112739	0.150857	0.0324479	0.0076758	0.0175785	0.00595244	0.0582802	0.49162	0.0226503	0.0218974	0.0179215	0.00438945	0.00985035
128	0.129423	0.000655774	0.022957	0.0359126	0.00171035	0.0163631	0.0144794	0.00298741	0.0901257	0.0128063	0.0115287	0.0253254	0.394102	0.0330453	0.128027	0.0479294	0.0207694	0.00905117	0.000437254	0.00236442
129	0.0348685	0.000419926	0.409463	0.427318	0.00159318	0.00662878	0.00277692	0.0016219	0.00700014	0.00466303	0.000859728	0.0160255	0.00844087	0.0397296	0.00876608	0.0151718	0.00923415	0.00466324	0.000146525	0.000609633
130	0.0209301	0.0097269	0.00336506	0.00570124	0.037178	0.00441435	0.00610519	0.149092	0.00674515	0.52785	0.0396803	0.00400214	0.004629	0.0149953	0.0155797	0.0119692	0.0152017	0.0981289	0.00647028	0.0182349
131	0.0298293	0.00115777	0.00186655	0.0102269	0.00401672	0.00752385	0.0183208	0.00586509	0.403625	0.0227213	0.00306614	0.00738979	0.00386558	0.0426556	0.375128	0.0227819	0.0233807	0.00972031	0.0015041	0.005355
132	0.00838655	0.00116938	0.000316957	0.000756927	0.00891219	0.00146796	0.000396217	0.191262	0.000378087	0.627968	0.0189854	0.00114276	0.00165493	0.00607845	0.00113053	0.00210885	0.00239452	0.123909	0.000305506	0.00127657
133	0.00171087	0.000124453	0.000932816	0.000286342	0.00244587	0.000258601	0.00026025	0.581788	0.000252217	0.0202224	0.00578211	0.000755572	0.00035855	0.00102515	0.00122727	0.00130099	0.00149221	0.378789	6.01269e-05	0.000927735
134	0.0016646	0.000107576	0.000935427	0.00027526	0.00239358	0.000247204	0.000254645	0.58278	0.000239303	0.0193893	0.00540307	0.000743741	0.000253477	0.0010038	0.00122074	0.00129672	0.00143391	0.379383	6.05184e-05	0.000914456
135	0.084516	0.00493452	0.00297194	0.0038248	0.00429668	0.0247772	0.0115589	0.00633992	0.00300069	0.0166718	0.0082711	0.0129509	0.00820238	0.0117804	0.00728147	0.299263	0.472305	0.0153591	0.000597189	0.00109728
136	0.176238	0.00924727	0.0317768	0.0374773	0.0164	0.0475986	0.025487	0.0157499	0.0232907	0.0301576	0.00991901	0.0478777	0.0226745	0.0376959	0.0365109	0.291277	0.10347	0.0278946	0.00213986	0.00711647
137	0.491025	0.0103345	0.0170743	0.0354998	0.0132574	0.0721723	0.0114013	0.01738	0.0176047	0.0295589	0.00890154	0.0119001	0.0130612	0.0287669	0.0231895	0.124549	0.031925	0.0358276	0.00243222	0.00413863
138	0.107978	0.00789889	0.0208768	0.0344264	0.0117513	0.0225865	0.0244058	0.021587	0.0226158	0.0364069	0.0162013	0.0276548	0.0179248	0.0386759	0.0395512	0.160691	0.335471	0.0411828	0.00409993	0.00801346
139	0.00437555	0.0053499	0.000679558	0.00135204	0.0140459	0.000884794	0.000667965	0.314443	0.000988298	0.531297	0.0260074	0.00075455	0.00143053	0.00576276	0.0026702	0.00190701	0.00173958	0.0801259	0.00148703	0.0040313
140	0.0340612	0.000597578	0.409739	0.407025	0.00168511	0.0049284	0.00515538	0.00141148	0.00873614	0.00389238	0.000682763	0.0316077	0.00667663	0.0443935	0.0120788	0.0133844	0.00843034	0.00429506	0.000179212	0.00104058
141	0.128523	0.0032481	0.00585923	0.0125618	0.00748919	0.00710202	0.0622548	0.00925885	0.00906401	0.0782818	0.00755429	0.00889683	0.118748	0.0141389	0.0105421	0.0566328	0.258611	0.189724	0.00424601	0.00726358
142	0.0459782	0.000217505	0.259071	0.435914	0.000320312	0.00425176	0.0124829	0.000576097	0.0232439	0.00513259	0.000435151	0.0235181	0.00070065	0.133564	0.0192618	0.0175232	0.00911227	0.0063555	0.000121484	0.00222028
143	0.0584532	0.00285681	0.0044782	0.0130098	0.0028997	0.00799331	0.0159087	0.00612719	0.357256	0.0445264	0.00551329	0.0248071	0.0185831	0.0370516	0.27122	0.0689355	0.0417905	0.0131139	0.000729525	0.00474663
144	0.021229	0.00651489	0.00285648	0.00453877	0.0531982	0.00361619	0.0051633	0.386086	0.00426652	0.20896	0.0282562	0.00332368	0.00439842	0.00877149	0.0086377	0.00835858	0.00993919	0.200083	0.0094359	0.0223658
145	0.700259	0.0142686	0.000620839	0.000764921	0.00068012	0.0014048	0.000723121	0.00634165	0.000570976	0.00209257	0.000431381	0.00122171	0.000486957	0.00561926	0.00479661	0.244101	0.00887751	0.00622933	0.00013726	0.000371813
146	0.112016	0.00355389	0.0200523	0.107047	0.000766611	0.00544643	0.0182278	0.00185188	0.255404	0.00987151	0.00915091	0.0376722	0.000448884	0.154652	0.193515	0.0219452	0.0288377	0.0187951	0.000203088	0.000542978
147	0.162243	0.00299737	0.00540179	0.00714003	0.215086	0.0224658	0.183591	0.0104206	0.0162568	0.0172565	0.0104288	0.00826539	0.00916626	0.0237846	0.0152342	0.0516885	0.0279078	0.0316618	0.0357201	0.143284
148	0.0276775	0.00567326	0.0052753	0.0079018	0.458963	0.0058596	0.0248513	0.0209192	0.00619425	0.0657037	0.00998457	0.00579214	0.00334001	0.0110093	0.0119458	0.0144907	0.0137254	0.0215501	0.0305884	0.248555
149	0.109025	0.00362262	0.0182474	0.0267458	0.00193707	0.0191771	0.011084	0.00508182	0.0697387	0.0128281	0.01105	0.0162005	0.521467	0.0235852	0.0715082	0.0374398	0.0165385	0.0194187	0.000630678	0.00467346
150	0.00555102	0.00149299	0.00149916	0.000937716	0.00185586	0.000675628	0.000374377	0.492734	0.000661531	0.0244894	0.0106962	0.000685427	0.000389553	0.00129	0.00131947	0.00163756	0.00674495	0.44607	9.33973e-05	0.00080167
151	0.00219689	0.000292367	0.000556767	0.000568701	0.00615649	0.00050117	0.000491054	0.574813	0.00181199	0.0924342	0.0300372	0.000931316	0.00769118	0.00183728	0.00216783	0.00123801	0.00134601	0.271785	0.000138635	0.00300472
152	0.0259564	0.00268127	0.0177816	0.26597	0.00628528	0.00902339	0.0341335	0.0283818	0.0151224	0.0129752	0.0287327	0.0374559	0.00326182	0.284734	0.0480265	0.0915013	0.0436882	0.0111372	0.00162158	0.0315298
153	0.00896851	0.0020447	0.000849028	0.00117935	0.00345115	0.000754548	0.00039019	0.496748	0.000893405	0.0537237	0.013579	0.0010866	0.00189341	0.00150687	0.0013411	0.00175744	0.00740251	0.401297	0.000120666	0.00101295
154	0.211607	0.00216515	0.0588543	0.195044	0.00280948	0.0204934	0.0119884	0.00794765	0.0381593	0.0145004	0.0054514	0.0273838	0.0876271	0.0647778	0.0429566	0.118344	0.0729507	0.0140981	0.000950778	0.0018916
155	0.055144	0.00256568	0.00372782	0.00602658	0.00208179	0.850744	0.00312835	0.00214107	0.00310175	0.00366241	0.00879358	0.00622351	0.00284868	0.00889598	0.00810896	0.0164575	0.00774002	0.00645669	0.000597731	0.00155373
156	0.0455594	0.00249556	0.0133179	0.0275265	0.00920703	0.0128507	0.0423309	0.0103125	0.1449	0.0290057	0.00769186	0.0188646	0.00670048	0.0650958	0.479512	0.0236804	0.0250911	0.0194364	0.00491014	0.0115114
157	0.0422027	0.00318883	0.00359032	0.0059883	0.00255609	0.0102322	0.00773016	0.0132633	0.00539167	0.0458262	0.0619642	0.018344	0.00677904	0.0130262	0.014937	0.190103	0.525485	0.0248622	0.00133307	0.00319637
158	0.00874358	0.00234265	0.00155793	0.00246729	0.530073	0.00353962	0.0178101	0.00264962	0.00110045	0.0176333	0.00109687	0.00149626	0.00148097	0.00305145	0.00261497	0.00435094	0.0018887	0.0043177	0.0172361	0.374549
159	0.0762936	0.00189957	0.0312528	0.0279693	0.00193949	0.0197753	0.0102906	0.00558947	0.0234738	0.0099079	0.00456875	0.0107724	0.632876	0.0141622	0.0250105	0.0492556	0.0235907	0.0261878	0.000546014	0.00463871
160	0.022782	0.00485878	0.00142098	0.00335873	0.00799185	0.00244043	0.00113583	0.380753	0.0016449	0.10063	0.0216709	0.00143456	0.00168276	0.00338837	0.00274533	0.00468035	0.0150053	0.41884	0.000911291	0.00262561
161	0.0526355	0.000639848	0.344963	0.371254	0.00174874	0.0155426	0.00791444	0.00123691	0.0143001	0.00980124	0.00181808	0.0182584	0.007622	0.0703418	0.0272804	0.0248111	0.0218589	0.00632461	0.000144522	0.00150359
162	0.0267638	0.0052957	0.000743863	0.00341426	0.00102081	0.00176792	0.000541202	0.189571	0.00201679	0.0637108	0.0391357	0.000683312	0.000324149	0.00377016	0.000712143	0.00281062	0.0351423	0.622147	0.000120656	0.000307738
163	0.0632556	0.0217053	0.00131268	0.00773133	0.0590245	0.00203402	0.0136055	0.0722722	0.0282395	0.383298	0.0405832	0.00458411	0.00687537	0.0445112	0.0609288	0.0322445	0.0151537	0.0597431	0.0279791	0.0549179
164	0.0177112	0.00563901	0.00908045	0.00496258	0.207166	0.00214014	0.137176	0.0173951	0.0017933	0.0367734	0.00318642	0.00213053	0.0100462	0.0140969	0.00627874	0.00770492	0.0124262	0.0259235	0.0929832	0.385387
165	0.103551	0.00403874	0.0498541	0.103753	0.00510025	0.0178432	0.0768386	0.0104635	0.0862225	0.0235851	0.00686894	0.0494642	0.00358637	0.133805	0.197073	0.0434346	0.0542249	0.0195326	0.00261497	0.00814604
166	0.254663	0.00188715	0.00395172	0.0129216	0.00578601	0.435471	0.0051923	0.00465545	0.0114961	0.0275078	0.00832171	0.0069201	0.0150108	0.0528392	0.0710059	0.041286	0.0269191	0.010108	0.00120351	0.00285331
167	0.106071	0.027914	0.000429312	0.0022567	0.0136933	0.00741445	0.000520368	0.220755	0.000595662	0.194381	0.0171933	0.00136559	0.000382955	0.00238066	0.000980522	0.0115763	0.0272663	0.362858	0.00154217	0.000423142
168	0.129377	0.0370183	0.000474939	0.00568795	0.0157688	0.0106483	0.00065451	0.19439	0.000830603	0.194809	0.0137946	0.00158817	0.000339444	0.0072521	0.00231887	0.0143232	0.0294607	0.337569	0.00202978	0.0016639
169	0.0972205	0.00508681	0.446232	0.133069	0.00872287	0.0123021	0.0184843	0.00121582	0.0099222	0.00807077	0.00107924	0.117643	0.000978041	0.0368977	0.0465757	0.0361916	0.00982121	0.00434023	0.000289432	0.0058575
170	0.412762	0.00710772	0.00404898	0.0344447	0.0131257	0.132623	0.00911998	0.0155987	0.0108944	0.0169287	0.0216556	0.00527207	0.0248743	0.00668098	0.0141631	0.0986003	0.0363196	0.127359	0.00124742	0.00717366
171	0.115244	0.0342043	0.000793615	0.00296035	0.0129131	0.00919506	0.000628276	0.193165	0.000666017	0.197254	0.0224183	0.00260842	0.000427456	0.00438756	0.00274089	0.0179452	0.0378328	0.341771	0.00178321	0.00106193
172	0.0885681	0.00395456	0.263562	0.177573	0.000863362	0.0217093	0.0331918	0.00218329	0.0498884	0.0167525	0.00228791	0.0649275	0.00216623	0.0756398	0.113043	0.0285081	0.0376026	0.0122	0.000126843	0.00525154
173	0.093146	0.00337777	0.165218	0.18418	0.00228041	0.0195167	0.0317558	0.00574517	0.0618674	0.0274459	0.00657002	0.0561369	0.00409371	0.097907	0.13954	0.0374605	0.0390172	0.017843	0.000679193	0.00621989
174	0.017999	0.0134899	0.000404399	0.000809	0.0145482	0.00158735	0.000752249	0.333285	0.000603529	0.452889	0.0271416	0.000555847	0.000763095	0.00393083	0.0015887	0.00330863	0.00569443	0.117956	0.000567566	0.00212479
175	0.15341	0.103537	0.0171704	0.0355605	0.0585377	0.0498727	0.0181659	0.0965388	0.017429	0.0241742	0.0850243	0.0174828	0.0147043	0.0876013	0.00528876	0.100086	0.0751253	0.0203705	0.0167701	0.00315119
176	0.0698959	0.00207915	0.335828	0.244331	0.00513141	0.0235158	0.0216848	0.00637427	0.0231583	0.0155781	0.0035616	0.0463811	0.0240057	0.0559692	0.0413877	0.0403295	0.0225817	0.0119514	0.0013879	0.00486705
177	0.00194458	0.000231318	0.00100045	0.0003416	0.00233327	0.000293748	0.000258487	0.574093	0.000305065	0.0193607	0.00568873	0.000754188	0.000260886	0.000988822	0.00130406	0.00140827	0.00161978	0.386826	7.88003e-05	0.000908683
178	0.0225815	0.00837439	0.00223296	0.00337479	0.043211	0.00388636	0.00356461	0.106552	0.00435386	0.541617	0.102609	0.00395936	0.00238017	0.0142665	0.00998184	0.0119139	0.0144103	0.0763686	0.0058493	0.0185123
179	0.0248311	0.00641986	0.000806045	0.00377731	0.000576007	0.00221819	0.000496353	0.195092	0.00221149	0.0539453	0.0298169	0.000810465	0.000413968	0.00248044	0.000902966	0.00258864	0.0290959	0.643026	0.000138563	0.000351869
180	0.0283469	0.00686847	0.00388567	0.00616393	0.451507	0.00598357	0.0230329	0.0258579	0.00543457	0.0847705	0.00990421	0.00443463	0.00401822	0.0101239	0.0111795	0.0148457	0.0103751	0.0242674	0.0296431	0.239357
181	0.0401487	0.0154278	0.00146428	0.00315377	0.0778464	0.00723649	0.00528925	0.0357501	0.0059937	0.555889	0.0922699	0.00506836	0.00213163	0.0216514	0.0108678	0.0236876	0.0149439	0.0405762	0.0112816	0.0293218
182	0.180248	0.00423223	0.00844096	0.0168231	0.00414782	0.0102411	0.00673011	0.0270504	0.00764862	0.0103915	0.00562845	0.0391043	0.246017	0.009142	0.0102213	0.349917	0.0458669	0.0116568	0.00226555	0.00422724
183	0.0842493	0.002498	0.00159504	0.00258113	0.00270642	0.0265943	0.0104413	0.0054356	0.00201531	0.0142529	0.00664511	0.0101699	0.00885573	0.010497	0.00500532	0.282756	0.508612	0.0138005	0.000428794	0.000860146
184	0.164467	0.00421272	0.130585	0.30007	0.00256028	0.0231859	0.0156889	0.00950271	0.0287709	0.0257641	0.00430675	0.0231792	0.0170073	0.0901495	0.0455094	0.0472405	0.0361613	0.0271804	0.00103932	0.00341892
185	0.239547	0.00396296	0.0169785	0.0387194	0.00793775	0.0531813	0.0196192	0.00748784	0.0559775	0.0227588	0.0083235	0.0264471	0.0227095	0.107567	0.200596	0.107117	0.0412108	0.0131241	0.00179625	0.00493802
186	0.0284055	0.000314637	0.452863	0.430162	0.00176216	0.00615355	0.000971114	0.00134437	0.00362053	0.00310921	0.000687339	0.0143149	0.0094512	0.0195872	0.00476399	0.010973	0.00726337	0.00365677	0.000160048	0.000436518
187	0.0181969	0.00462833	0.00291828	0.00445414	0.0118418	0.00352916	0.0037143	0.41875	0.00507158	0.199119	0.0207875	0.00332399	0.00469521	0.00862172	0.00998718	0.00825516	0.00912071	0.255012	0.00215098	0.00582201
188	0.0261547	0.00083837	0.0125861	0.0190618	0.00536224	0.0435863	0.0756611	0.00841124	0.145931	0.0125011	0.00460101	0.034462	0.00107163	0.0453446	0.499029	0.0191979	0.0238888	0.0126948	0.00301964	0.00659612
189	0.0276138	0.000268873	0.449967	0.435394	0.00172027	0.00543721	0.000788915	0.00125686	0.00362313	0.00317767	0.000708663	0.0133352	0.00970836	0.0198236	0.00477246	0.0105654	0.0076503	0.00369071	0.000141659	0.000356232
