200	20
1	0.0713235	0.0199031	0.0668188	0.0409526	0.00349727	0.0247891	0.00441229	0.0152051	0.0731448	0.0122624	0.0107249	0.0447034	0.0366679	0.0117315	0.0539837	0.26688	0.20547	0.0314477	0.00218991	0.00389141
2	0.03091	0.0111281	0.00077884	0.00215324	0.0322039	0.000434148	0.00209568	0.278457	0.00237975	0.367637	0.0648036	0.000559688	0.000979639	0.00068628	0.00191086	0.0056571	0.0181294	0.169211	0.00387656	0.00600747
3	0.0759215	0.00793031	0.0763628	0.0846211	0.018109	0.0110432	0.0392385	0.0271669	0.185593	0.0465523	0.00617691	0.0291568	0.0198425	0.0837175	0.133052	0.0591929	0.0348296	0.0327729	0.00687236	0.0218485
4	0.107487	0.170453	0.0126057	0.0173163	0.0194062	0.0156081	0.016301	0.0282143	0.0188117	0.053297	0.174067	0.0618219	0.0074456	0.014718	0.0675336	0.0509	0.0493794	0.0348391	0.0657542	0.0140411
5	0.0366977	0.0100637	0.00659822	0.04883	0.106134	0.00638962	0.0307829	0.125332	0.0271483	0.335958	0.0151907	0.00972295	0.00363727	0.00740584	0.0147735	0.0370398	0.0209418	0.0258778	0.0623021	0.0691732
6	0.0423538	0.0310984	0.047034	0.0285316	0.0106732	0.00976293	0.00971961	0.124026	0.0397859	0.0631505	0.00790248	0.0435891	0.236756	0.0376603	0.0505914	0.068597	0.04485	0.0958426	0.00251116	0.00556389
7	0.052383	0.00375867	0.0164565	0.00435156	0.00307832	0.0395767	0.00264817	0.00557249	0.00654403	0.0194014	0.0112503	0.0477865	0.00232218	0.00299986	0.00896983	0.309724	0.443928	0.0144251	0.00148859	0.00333479
8	0.0204304	0.0120232	0.00232152	0.0274897	0.341433	0.00292659	0.0986219	0.0216869	0.00304259	0.0205549	0.00421082	0.00427551	0.0014167	0.0226716	0.0199756	0.00822256	0.0189816	0.0271318	0.0191785	0.323404
9	0.0498008	0.0134712	0.000601249	0.000941322	0.00868835	0.00370611	0.000757503	0.335372	0.00114066	0.0704174	0.0125471	0.000886926	0.00188806	0.00101523	0.00219517	0.0117447	0.0262408	0.450896	0.000338634	0.00735056
10	0.0386546	0.0109969	0.0227299	0.0401458	0.037069	0.0237583	0.00804409	0.113031	0.0163966	0.371658	0.0743644	0.0107124	0.0292969	0.0111127	0.00813658	0.0448635	0.0487579	0.0748339	0.0072194	0.00821837
11	0.0967704	0.019489	0.0499552	0.0264207	0.00341334	0.0338542	0.00871885	0.0180868	0.114844	0.0404293	0.00248821	0.00521022	0.282091	0.0216841	0.0816196	0.0903271	0.0629877	0.0265871	0.00116261	0.0138607
12	0.0403314	0.0024284	0.124127	0.0719561	0.00175816	0.0157412	0.0297539	0.00564454	0.121708	0.00745353	0.00375809	0.0994843	0.0100306	0.0604665	0.0711251	0.112519	0.193379	0.0207835	0.000868153	0.00668363
13	0.209139	0.029173	0.0265453	0.0120711	0.00769981	0.373344	0.00463049	0.0328732	0.0100422	0.0299069	0.00692428	0.0208445	0.0105262	0.00445671	0.00874963	0.101851	0.0509269	0.0482347	0.00419672	0.00786471
14	0.0592135	0.00825956	0.0903703	0.0515236	0.00215701	0.0226664	0.0161086	0.0074349	0.117014	0.0103138	0.00502553	0.0668443	0.0256464	0.0326066	0.0660462	0.193608	0.198875	0.0202916	0.00117086	0.00482327
15	0.151704	0.058859	0.0283764	0.101234	0.012924	0.0215691	0.0147221	0.0295737	0.0837124	0.0360846	0.0113287	0.0184906	0.142757	0.0211415	0.0381217	0.0639859	0.0474336	0.100786	0.00449997	0.0126951
16	0.0499735	0.00407811	0.00566215	0.0930643	0.00426336	0.0257713	0.00792366	0.0330468	0.196493	0.0106337	0.0301526	0.153922	0.00250023	0.0271389	0.074841	0.0893247	0.0982049	0.0872909	0.00188347	0.00383141
17	0.051312	0.00502756	0.0586618	0.123408	0.00720029	0.0704817	0.0295607	0.0168722	0.154469	0.0185285	0.0128928	0.0874291	0.00687963	0.0828182	0.098617	0.0628234	0.0729086	0.0298135	0.00249435	0.00780212
18	0.0564199	0.0022809	0.171297	0.176811	0.00651873	0.0269541	0.0176702	0.0120861	0.108233	0.0125309	0.0101336	0.0662701	0.0100446	0.0881442	0.052232	0.0614072	0.0927486	0.0206897	0.00124929	0.00627853
19	0.0228639	0.0036159	0.00167941	0.0114274	0.404714	0.00161295	0.0240352	0.0733747	0.00199112	0.0365524	0.00641524	0.00510064	0.000871983	0.00506779	0.00548816	0.0109343	0.010085	0.0620842	0.0292294	0.282857
20	0.0323749	0.0122197	0.000962336	0.00217558	0.0357189	0.00078945	0.00225971	0.223344	0.0022573	0.445326	0.0718379	0.00100001	0.0026114	0.00389427	0.00240956	0.00627209	0.0140406	0.127077	0.00297537	0.0104544
21	0.600924	0.0194608	0.00110161	0.00402167	0.00407825	0.0842452	0.00191889	0.00778848	0.00460919	0.00827379	0.00579988	0.00337922	0.0055307	0.00347419	0.0038742	0.122722	0.0453291	0.0652608	0.00597359	0.00223401
22	0.0303602	0.0108697	0.000909879	0.00239033	0.0328183	0.000599421	0.00218748	0.268816	0.00230474	0.382976	0.0646063	0.000593527	0.00148919	0.0011458	0.00190265	0.00595207	0.0176336	0.161957	0.00390414	0.00658342
23	0.0473708	0.00453683	0.341913	0.17156	0.00699891	0.0669969	0.0156907	0.00838329	0.0462233	0.00943627	0.00510412	0.12368	0.00653717	0.0356553	0.0185759	0.0332048	0.0215389	0.0261246	0.0043123	0.00615735
24	0.0480954	0.0183246	0.00141236	0.0029203	0.0666989	0.00134248	0.00515141	0.164126	0.0046384	0.431711	0.10101	0.00186649	0.00225285	0.00685749	0.0052015	0.00875765	0.0164122	0.0909679	0.00252452	0.0197286
25	0.237748	0.0865654	0.00895369	0.0152841	0.0140168	0.136975	0.00973931	0.0333366	0.012898	0.0411084	0.0380588	0.0206743	0.00389914	0.00881246	0.00735998	0.173086	0.0704492	0.0679026	0.00464915	0.00848315
26	0.231279	0.0162029	0.0295284	0.0143078	0.00775785	0.361635	0.00560446	0.0161441	0.0227945	0.0219917	0.00507789	0.0174743	0.0467501	0.00772195	0.0162151	0.105451	0.0381775	0.0230342	0.00450403	0.00834813
27	0.0639422	0.0126393	0.055033	0.0280876	0.00348678	0.0260158	0.00427254	0.0106236	0.056411	0.0127774	0.00907073	0.0393933	0.0229034	0.00981739	0.0483922	0.299347	0.268826	0.0227139	0.00199291	0.00425347
28	0.0536328	0.00671616	0.0332784	0.0761446	0.012617	0.0153359	0.0463989	0.0319854	0.154512	0.0303803	0.010898	0.0794773	0.00572463	0.112093	0.151795	0.0584675	0.0656847	0.0300217	0.00737155	0.0174653
29	0.0413908	0.0439009	0.00350585	0.00922091	0.160892	0.00402169	0.0106375	0.0552546	0.00903977	0.403879	0.0645561	0.00727533	0.00214192	0.00888964	0.00919146	0.0164807	0.0203847	0.0609591	0.00897427	0.0594035
30	0.0482543	0.0136383	0.0320846	0.0543875	0.0238633	0.0113973	0.0591306	0.0330426	0.174031	0.0546482	0.0101279	0.034549	0.00909586	0.080994	0.189708	0.040114	0.0375988	0.0378407	0.0132148	0.0422791
31	0.15801	0.0340348	0.00117065	0.00173661	0.0067419	0.0167315	0.00156474	0.225824	0.0019096	0.0465026	0.0113979	0.0016283	0.00102502	0.00144182	0.00394018	0.0328156	0.0755187	0.371748	0.000781077	0.00547642
32	0.0960582	0.0296186	0.013204	0.0320691	0.0138282	0.0150425	0.0186897	0.0996668	0.0166112	0.253614	0.0729835	0.026207	0.00361913	0.0216429	0.0281234	0.0413454	0.0415623	0.158318	0.00106826	0.0167286
33	0.0154765	0.00505385	0.00422249	0.0084584	0.0243763	0.00486177	0.0703092	0.0589597	0.0537811	0.388284	0.0333786	0.00604697	0.00303682	0.0216321	0.118855	0.0409158	0.0507355	0.0281777	0.0559369	0.00750132
34	0.0498837	0.0177636	0.000646496	0.000832162	0.00958637	0.00394022	0.000879763	0.325647	0.00124394	0.0704206	0.0184222	0.000936168	0.00214009	0.00095255	0.0022249	0.0122141	0.0300176	0.442818	0.000338285	0.00909262
35	0.0399994	0.00220287	0.11708	0.0716678	0.00171081	0.0153881	0.0328809	0.00514366	0.131384	0.00707126	0.00335071	0.0967731	0.00912983	0.0579813	0.0735355	0.11474	0.192298	0.0199512	0.000819183	0.00689225
36	0.0720097	0.00206293	0.200746	0.243506	0.00781009	0.0442964	0.0136079	0.0114682	0.0885788	0.011285	0.0127635	0.0475844	0.00817005	0.0961647	0.0357131	0.0424178	0.0403968	0.0144666	0.0015167	0.00543583
37	0.0295622	0.0167073	0.00351247	0.00975103	0.208923	0.00302483	0.0125632	0.123783	0.00644417	0.2738	0.0374114	0.00591631	0.00222336	0.00475269	0.00557213	0.0138805	0.0254505	0.0972562	0.0155301	0.103936
38	0.0747472	0.0212775	0.00825948	0.0149408	0.194974	0.0103959	0.0181959	0.0876382	0.0165758	0.224219	0.0518768	0.0130412	0.00397574	0.012638	0.0198977	0.0284945	0.0284882	0.0675517	0.0160301	0.0867833
39	0.0522117	0.00241648	0.332331	0.16929	0.00296883	0.0990464	0.0136279	0.00465228	0.0521548	0.0058931	0.00417233	0.125003	0.00477365	0.0314887	0.0137291	0.0345694	0.0262403	0.0181241	0.00394157	0.00336496
40	0.0206143	0.0117098	0.00227161	0.0283381	0.341808	0.00283691	0.0983301	0.021854	0.0032168	0.0212015	0.00417517	0.0041388	0.00141475	0.0237253	0.0198796	0.00820056	0.0192652	0.0276588	0.0188542	0.320507
41	0.0309705	0.0111096	0.000768268	0.00209673	0.0322217	0.000432057	0.00209132	0.278116	0.00233367	0.368088	0.0648153	0.000545412	0.000981235	0.000641148	0.00186826	0.00559953	0.0181434	0.169269	0.00387932	0.00602992
42	0.620341	0.0104795	0.00160006	0.00388637	0.00385238	0.079291	0.00175072	0.00956418	0.00485977	0.0061943	0.00372297	0.00283709	0.00621532	0.0027372	0.00614726	0.111289	0.0441834	0.0721973	0.00672625	0.00212508
43	0.0720097	0.00206293	0.200746	0.243506	0.00781009	0.0442964	0.0136079	0.0114682	0.0885788	0.011285	0.0127635	0.0475844	0.00817005	0.0961647	0.0357131	0.0424178	0.0403968	0.0144666	0.0015167	0.00543583
44	0.0499945	0.126833	0.00927951	0.0352712	0.0116487	0.034029	0.035128	0.0885141	0.08124	0.0663283	0.0353725	0.0681185	0.00515869	0.00976766	0.0105051	0.206809	0.0446664	0.0437919	0.00417183	0.033372
45	0.0309705	0.0111096	0.000768268	0.00209673	0.0322217	0.000432057	0.00209132	0.278116	0.00233367	0.368088	0.0648153	0.000545412	0.000981235	0.000641148	0.00186826	0.00559953	0.0181434	0.169269	0.00387932	0.00602992
46	0.0322629	0.011003	0.0144692	0.0273259	0.0478444	0.00605723	0.0190946	0.221799	0.0142092	0.279491	0.0461562	0.00813692	0.00632656	0.0090971	0.0190495	0.0289502	0.0433614	0.128129	0.00725665	0.0299799
47	0.101918	0.0190078	0.0526732	0.0278546	0.00332568	0.0344798	0.00851516	0.0168205	0.118183	0.0389393	0.00244991	0.00435077	0.270687	0.0221958	0.0798936	0.0932179	0.0645132	0.0247117	0.0011905	0.0150728
48	0.0315197	0.0112761	0.000887881	0.00231468	0.0320111	0.000583292	0.00219606	0.276435	0.00242053	0.366697	0.0651494	0.000797248	0.00107596	0.000772092	0.00210941	0.00593517	0.0185323	0.169155	0.00388314	0.00624841
49	0.50264	0.0173821	0.00613064	0.00518999	0.0043872	0.197829	0.00218444	0.0116128	0.00504132	0.0117434	0.00484512	0.00605986	0.00762917	0.00371277	0.00410781	0.111974	0.0403811	0.0489708	0.0052706	0.00290823
50	0.0241931	0.00663054	0.00396017	0.0150527	0.356196	0.00385246	0.0348498	0.110081	0.0066085	0.0929342	0.0100966	0.0170908	0.00183811	0.0052001	0.00695656	0.0172735	0.0147764	0.056546	0.0280688	0.187795
51	0.290057	0.105435	0.00378771	0.0117861	0.0151716	0.0583612	0.0071409	0.0496319	0.0063064	0.0416331	0.0252319	0.0124154	0.00246218	0.0079228	0.00471762	0.124719	0.0958078	0.129831	0.00255285	0.00502825
52	0.0448496	0.017498	0.0145866	0.0232029	0.282539	0.0113785	0.0269628	0.0659999	0.0159119	0.0731129	0.0156914	0.0170398	0.00492074	0.0119908	0.0207071	0.0612503	0.0303302	0.0586991	0.0625063	0.140822
53	0.28082	0.0381614	0.0238448	0.0303248	0.0075571	0.110485	0.0134498	0.0205972	0.0263909	0.0215001	0.0137332	0.0215136	0.0117582	0.0344668	0.0194223	0.206541	0.0645668	0.0428317	0.00470569	0.00732951
54	0.0215777	0.00771773	0.00214526	0.018638	0.375166	0.00213917	0.0549533	0.0488347	0.00382911	0.0338405	0.00585845	0.00540223	0.00136504	0.0130109	0.0126788	0.00964669	0.0182288	0.046229	0.0234674	0.295271
55	0.50398	0.0148146	0.00785284	0.0126299	0.0317326	0.0541635	0.00752943	0.0174339	0.0135114	0.0180898	0.00882819	0.0094182	0.0751903	0.00846965	0.0114119	0.0777955	0.0616884	0.0523034	0.00714177	0.00601479
56	0.0526182	0.0630259	0.00295691	0.00426298	0.0274109	0.00347863	0.00631829	0.113323	0.00415328	0.0897435	0.152299	0.00488279	0.0014746	0.00885155	0.00728504	0.0524994	0.162341	0.227282	0.00318288	0.0126093
57	0.239314	0.0181656	0.0215437	0.00901927	0.00471698	0.450279	0.00328739	0.0156502	0.00759171	0.0185767	0.00287744	0.0176289	0.0121532	0.00297185	0.00525992	0.107276	0.0327534	0.0213184	0.00365625	0.00596082
58	0.0123779	0.00512068	0.00489719	0.0516516	0.0345284	0.0042754	0.0342905	0.280931	0.0620469	0.0862266	0.006498	0.00500066	0.00204521	0.00555232	0.127078	0.050102	0.0489421	0.112385	0.00255523	0.0634951
59	0.0333465	0.0168332	0.014404	0.0193023	0.0235476	0.00432889	0.00580518	0.151267	0.0124919	0.442883	0.0403123	0.0168799	0.0301591	0.0252932	0.0202801	0.019644	0.0236834	0.0907492	0.0020572	0.00673157
60	0.0472067	0.0218394	0.0069044	0.0255633	0.0108863	0.00360496	0.00692474	0.307074	0.0159602	0.157741	0.025754	0.0137098	0.00240789	0.0353187	0.0357738	0.0211459	0.0416995	0.210572	0.00197876	0.00793493
61	0.0916962	0.00481154	0.00518244	0.020665	0.00472863	0.0309575	0.0723996	0.0241758	0.0362916	0.00980277	0.00440273	0.114	0.00204794	0.0877685	0.216767	0.120806	0.107281	0.0240382	0.0182291	0.00394861
62	0.04792	0.0156818	0.00866836	0.0183791	0.263695	0.0121389	0.0226677	0.0705211	0.0164587	0.0756888	0.01863	0.0138614	0.00594897	0.0125161	0.0224668	0.0349304	0.0336097	0.0897801	0.0719891	0.144448
63	0.0539727	0.00466488	0.0198026	0.00593873	0.00301151	0.0392173	0.00265236	0.00575117	0.00878231	0.0185025	0.0109129	0.0463602	0.00391854	0.00315222	0.0111542	0.309623	0.432094	0.0156473	0.00155243	0.00328885
64	0.0549767	0.0152346	0.0447767	0.0620074	0.0270158	0.021634	0.0437661	0.0334113	0.175508	0.0818763	0.0195567	0.072222	0.00730631	0.0622332	0.0897526	0.0512667	0.0472387	0.0398606	0.00686269	0.0434938
65	0.0627916	0.00445272	0.229856	0.173696	0.00449051	0.154029	0.0174179	0.00726078	0.0501395	0.0115376	0.00630453	0.106867	0.00507225	0.0393754	0.0194984	0.0489005	0.032592	0.0146062	0.00300573	0.0081068
66	0.0220356	0.00383808	0.00223542	0.0110714	0.388761	0.00188954	0.0202734	0.0934854	0.00298044	0.0438956	0.00760407	0.00636432	0.000947667	0.00425775	0.00558657	0.0117286	0.0107311	0.0726583	0.0303852	0.259271
67	0.0402864	0.00219818	0.117725	0.0714685	0.00168482	0.01547	0.0323207	0.00511113	0.131348	0.00708787	0.00335982	0.0972638	0.00918268	0.0582542	0.0729472	0.114798	0.192011	0.0198354	0.000805149	0.00684139
68	0.114513	0.0155889	0.0647741	0.0349861	0.00345229	0.0373675	0.00738374	0.0106479	0.125534	0.0307754	0.00307998	0.00687867	0.201083	0.0238105	0.0764827	0.124152	0.0825714	0.0197552	0.0012259	0.0159378
69	0.0351078	0.00233463	0.395428	0.155131	0.00216986	0.0877502	0.0151886	0.00386043	0.0297032	0.0048286	0.00228754	0.162441	0.00415607	0.0168924	0.00879685	0.0280497	0.013956	0.0261675	0.00402133	0.0017294
70	0.299909	0.101997	0.00142831	0.0100088	0.0126828	0.0713343	0.00446925	0.048544	0.00336987	0.0447587	0.0306897	0.010549	0.000697904	0.0062193	0.00174194	0.138458	0.0798135	0.127837	0.00132746	0.00416407
71	0.0823841	0.0239199	0.0222621	0.082609	0.00865304	0.00455196	0.00704618	0.230783	0.0110064	0.106147	0.0269196	0.0162691	0.00696083	0.0567757	0.0322411	0.018293	0.0275298	0.213876	0.00237256	0.0194
72	0.0343776	0.00268437	0.363256	0.138096	0.00253185	0.13448	0.0140196	0.00423423	0.028009	0.00579429	0.00222237	0.162877	0.0042789	0.0166208	0.00907483	0.0318131	0.014316	0.0241995	0.00382988	0.00328284
73	0.043164	0.00321244	0.0102742	0.139546	0.00518528	0.0150187	0.0533258	0.0150234	0.213349	0.0191981	0.0166066	0.0790831	0.00215785	0.154546	0.12455	0.0389394	0.0391576	0.0238078	0.00131066	0.00254345
74	0.0492009	0.0301236	0.170358	0.0478879	0.0382289	0.00845772	0.0333368	0.0257226	0.0130246	0.0752404	0.0097835	0.270671	0.0484111	0.0139094	0.00979853	0.0509318	0.0224609	0.0633752	0.00494347	0.0141337
75	0.0497176	0.0131787	0.000547277	0.000838123	0.00867578	0.003667	0.000678575	0.336183	0.00108903	0.069227	0.0121503	0.000844335	0.0018024	0.000711251	0.00203179	0.0116617	0.0261506	0.453255	0.000297731	0.0072926
76	0.243423	0.0954286	0.00946959	0.0107595	0.0280239	0.186829	0.00753019	0.0290901	0.0234366	0.0333591	0.0156976	0.037298	0.00381196	0.0077347	0.00742133	0.0754951	0.0630553	0.110261	0.00417742	0.00769838
77	0.0671087	0.0071611	0.0757397	0.106413	0.0154165	0.015801	0.0377357	0.0241645	0.188243	0.034244	0.00838547	0.0335981	0.00913221	0.110525	0.128493	0.0521662	0.0360961	0.0316314	0.00502588	0.0129198
78	0.04265	0.0090619	0.0314708	0.0722989	0.0377054	0.0620213	0.00719535	0.0746718	0.0118031	0.20505	0.19488	0.00799765	0.0302577	0.00702809	0.00852435	0.0754782	0.0635485	0.02775	0.0243688	0.00623798
79	0.0332332	0.0141651	0.00630263	0.0206293	0.253823	0.0056103	0.0219545	0.0845793	0.012211	0.214803	0.0226493	0.00969454	0.00374802	0.00726362	0.0107168	0.0270623	0.0221826	0.052784	0.0527254	0.123862
80	0.04186	0.00315326	0.00864341	0.141116	0.0051631	0.0148575	0.0537911	0.0149622	0.211517	0.0192749	0.0171733	0.0808281	0.00201832	0.155485	0.125027	0.0384698	0.0394857	0.0233395	0.00122511	0.00260996
81	0.0723737	0.00211407	0.223628	0.236611	0.00759265	0.0380433	0.0119736	0.0113477	0.087758	0.0111973	0.0115252	0.0485739	0.00766386	0.0906978	0.0363339	0.0407853	0.0400243	0.0150808	0.00143906	0.0052361
82	0.417346	0.0594443	0.00402586	0.0295476	0.00576701	0.0597887	0.00832049	0.015858	0.00847688	0.0186478	0.012329	0.00860836	0.00375358	0.0188318	0.00419322	0.191581	0.0502567	0.0700973	0.00308197	0.010044
83	0.0297512	0.0274264	0.0025467	0.0038479	0.020939	0.00231215	0.00284556	0.106443	0.00370908	0.62621	0.0463829	0.00272832	0.00597872	0.00833068	0.00343849	0.0171446	0.0159622	0.0643368	0.00152676	0.00814003
84	0.0776457	0.00800129	0.0815415	0.0871517	0.0171313	0.00904291	0.039856	0.0295453	0.189116	0.0470809	0.00515349	0.0320231	0.00878065	0.0816058	0.135866	0.0570908	0.0317926	0.0356874	0.00778121	0.0181062
85	0.0307705	0.0111622	0.00077307	0.00218182	0.0321585	0.000448653	0.00214942	0.278571	0.0024017	0.366256	0.0649587	0.000576674	0.00099555	0.000762383	0.00207204	0.00563752	0.0182119	0.17003	0.00390162	0.00598096
86	0.0310343	0.0111155	0.000769048	0.00209599	0.0321456	0.000431716	0.00208982	0.278294	0.00233001	0.367139	0.0647106	0.000549413	0.000981791	0.000638539	0.00187052	0.00560366	0.0181603	0.170133	0.0038741	0.0060332
87	0.0640162	0.0232497	0.0504893	0.034743	0.0158082	0.0592887	0.0219591	0.026803	0.0417732	0.0354053	0.0160585	0.157772	0.0141164	0.0229395	0.0310208	0.197135	0.129444	0.0339375	0.0063722	0.017668
88	0.0375231	0.00799542	0.345795	0.117294	0.00849571	0.0579597	0.0177392	0.0131088	0.027142	0.0219539	0.00563053	0.179409	0.0116552	0.0189728	0.0121108	0.0335879	0.0220637	0.0527055	0.00426619	0.00459196
89	0.454765	0.0521963	0.00158304	0.00578145	0.0071112	0.076467	0.00677305	0.0185381	0.0058363	0.0193504	0.0187238	0.00796834	0.00269723	0.00779545	0.0028617	0.171411	0.0674503	0.0659689	0.00316469	0.00355637
90	0.139001	0.051583	0.00335577	0.00444065	0.016309	0.0139954	0.00597361	0.111275	0.00594147	0.0520141	0.0441544	0.00587961	0.00184609	0.00670135	0.00874702	0.0453981	0.201622	0.270835	0.00344192	0.00748434
91	0.634081	0.00987951	0.00105996	0.00362104	0.00322278	0.0803439	0.00215913	0.00440947	0.00565758	0.0037524	0.00336996	0.00243321	0.00604012	0.00328638	0.00404875	0.12547	0.0423695	0.0562206	0.00650562	0.00206921
92	0.311594	0.0908181	0.00243764	0.0108226	0.0125415	0.0520979	0.011506	0.0493138	0.00539582	0.0397607	0.0214986	0.0117779	0.000892045	0.0119924	0.00455872	0.137238	0.0933122	0.126129	0.0017416	0.0045716
93	0.0543859	0.0249731	0.00184207	0.00345839	0.0741613	0.00196087	0.00736097	0.0671809	0.00712089	0.513817	0.128896	0.00294609	0.00290227	0.0153293	0.00787692	0.0114483	0.0143101	0.0247973	0.00159901	0.0336335
94	0.0904798	0.0243828	0.013869	0.0346547	0.018471	0.011113	0.0175326	0.0965075	0.0154852	0.281442	0.0663777	0.0270415	0.00426745	0.0265615	0.0248319	0.0327566	0.0402168	0.1536	0.00118789	0.0192215
95	0.384247	0.0654211	0.00197442	0.0100872	0.00635893	0.0565375	0.0165803	0.0166576	0.0105043	0.0177842	0.0193936	0.0129172	0.00120389	0.0153137	0.00251485	0.234178	0.0687762	0.0530181	0.00134631	0.00518571
96	0.224426	0.0516283	0.0148275	0.0108926	0.00745576	0.332361	0.00362406	0.0301307	0.00680475	0.0441526	0.0117736	0.0173009	0.00625043	0.00406002	0.00424924	0.114704	0.0557796	0.0514931	0.00251706	0.0055696
97	0.177085	0.0215002	0.0586008	0.0251042	0.0476296	0.297259	0.0132164	0.0229524	0.0188961	0.0319579	0.0152483	0.0316955	0.0106865	0.00998123	0.0181115	0.0730291	0.0404349	0.033653	0.0360933	0.0168649
98	0.0625552	0.013911	0.107394	0.0455314	0.0119387	0.0342892	0.0189756	0.0204943	0.0568498	0.0274036	0.0131778	0.0560068	0.0199996	0.0288534	0.0393972	0.186104	0.186613	0.0276015	0.00530924	0.0375947
99	0.0876666	0.0203455	0.0447818	0.0305958	0.0161992	0.329694	0.0168951	0.0473105	0.0300961	0.0384484	0.010814	0.0907711	0.00841133	0.0108164	0.0224497	0.0800291	0.0385892	0.0268624	0.0068598	0.0423643
100	0.0725905	0.168499	0.0057448	0.0087201	0.109648	0.00797048	0.0574726	0.0335811	0.00855211	0.0142657	0.0382395	0.0279025	0.00330241	0.00622009	0.00796343	0.156517	0.246994	0.0147624	0.00348706	0.00756794
101	0.0586675	0.017031	0.143362	0.072984	0.0179038	0.0676819	0.0260882	0.0259888	0.0524437	0.038855	0.0132367	0.18893	0.0135858	0.0310328	0.0367645	0.0695565	0.0600852	0.0437602	0.00636023	0.0156829
102	0.303448	0.102647	0.00119853	0.00844866	0.0146362	0.0714398	0.00403112	0.0406202	0.00298472	0.04713	0.0313384	0.0103591	0.000526295	0.00609135	0.00149219	0.148828	0.0854953	0.113132	0.00164523	0.00450766
103	0.417471	0.0648526	0.00168976	0.00837093	0.00629187	0.0630674	0.00992035	0.015963	0.00707331	0.0174773	0.0170175	0.00921266	0.00184737	0.0110731	0.00256783	0.218567	0.063045	0.0578029	0.00202015	0.00466923
104	0.0241959	0.0439485	0.00425774	0.00580413	0.015705	0.00594056	0.00733923	0.138783	0.00534635	0.065876	0.268992	0.00615562	0.00283	0.021493	0.00737166	0.0336226	0.190347	0.142832	0.00234571	0.00681408
105	0.0499119	0.016711	0.000771346	0.00132817	0.00995619	0.00371411	0.00091688	0.333272	0.00155424	0.0865721	0.0180012	0.00106691	0.00258248	0.00160287	0.00280623	0.0108202	0.0251201	0.424061	0.000586268	0.00864401
106	0.0497176	0.0131787	0.000547277	0.000838123	0.00867578	0.003667	0.000678575	0.336183	0.00108903	0.069227	0.0121503	0.000844335	0.0018024	0.000711251	0.00203179	0.0116617	0.0261506	0.453255	0.000297731	0.0072926
107	0.0314956	0.0099347	0.358729	0.0994881	0.0105961	0.0507035	0.0173405	0.00717597	0.0202625	0.020743	0.00444526	0.219841	0.0133798	0.0133958	0.00923077	0.0296528	0.0147184	0.0602073	0.00415476	0.00450568
108	0.0282457	0.067831	0.00214883	0.00279017	0.0205759	0.00232501	0.00638407	0.142181	0.00312594	0.0781986	0.175721	0.00307361	0.00106573	0.0107773	0.00613353	0.0439272	0.201952	0.195202	0.00157217	0.00676919
109	0.0527838	0.00318958	0.308046	0.181241	0.00451658	0.084933	0.0152976	0.00683828	0.053624	0.00818514	0.00583101	0.112074	0.0064122	0.0428369	0.0207135	0.0374921	0.025931	0.0219906	0.00355086	0.00451216
110	0.1763	0.0999885	0.0102612	0.0159767	0.0208614	0.0267725	0.0101888	0.0281802	0.0115442	0.12473	0.0937199	0.0208905	0.00516857	0.0106631	0.0203851	0.110708	0.0947324	0.0479465	0.0605526	0.01043
111	0.153477	0.0157419	0.0714689	0.0971603	0.00704814	0.270449	0.0114547	0.0148499	0.0498945	0.0210493	0.00789743	0.0448672	0.0164445	0.0278749	0.0217365	0.0938131	0.0400315	0.0196966	0.003606	0.0114393
112	0.0989126	0.0187995	0.0499659	0.0295301	0.00547546	0.423682	0.0137184	0.0152391	0.0260102	0.0312739	0.00371131	0.098684	0.00480132	0.00355593	0.0172643	0.085345	0.0334376	0.0131384	0.00247278	0.024982
113	0.0810469	0.0135067	0.0589127	0.0272779	0.00624072	0.414442	0.00989784	0.013656	0.026601	0.020151	0.00401427	0.0846339	0.00733527	0.00548609	0.0264768	0.110187	0.0564576	0.0116155	0.00304224	0.0190186
114	0.154272	0.20158	0.0229291	0.130902	0.00584589	0.00812798	0.0306069	0.0130101	0.0258083	0.0454671	0.00708401	0.00823069	0.00549357	0.0416679	0.00781568	0.129728	0.0497561	0.102374	0.00293058	0.00636937
115	0.0294524	0.0163596	0.00174632	0.00298387	0.0251072	0.00158062	0.00201989	0.207482	0.00292357	0.492721	0.0520181	0.00129208	0.00426452	0.00446879	0.00229571	0.0101169	0.0163625	0.118925	0.00258095	0.00530012
116	0.0543031	0.00181226	0.358597	0.183827	0.00295478	0.063126	0.0120152	0.00466015	0.0546552	0.0052358	0.00454725	0.11785	0.00509063	0.0379672	0.0151075	0.0322225	0.0221346	0.0182526	0.00345592	0.00218557
117	0.102418	0.0320761	0.132996	0.107957	0.0656094	0.0095235	0.0625735	0.0169076	0.0113575	0.0682514	0.0341198	0.0785865	0.00720957	0.00972438	0.00891685	0.098105	0.0219694	0.0225816	0.0292537	0.0798639
118	0.0471839	0.00350926	0.00321741	0.00407613	0.0438205	0.0131923	0.0157953	0.100982	0.0999356	0.187517	0.0041461	0.00470776	0.022152	0.0447391	0.280879	0.0091439	0.050145	0.0586378	0.00319739	0.00302325
119	0.0426017	0.00695539	0.0164014	0.00918384	0.00612244	0.0707571	0.00593504	0.0105726	0.00949829	0.0347136	0.01092	0.125129	0.00327004	0.00638286	0.00996289	0.24516	0.360163	0.0171202	0.00252258	0.006628
120	0.0664833	0.00696485	0.134346	0.151753	0.0162729	0.0204146	0.0253421	0.0240414	0.147233	0.029054	0.00829903	0.0297028	0.012123	0.094695	0.0968389	0.0525888	0.0372182	0.029102	0.00415426	0.0133731
121	0.0223176	0.0034369	0.00168687	0.0110643	0.406078	0.00159789	0.0223043	0.0753038	0.00202341	0.0381849	0.00655749	0.00530201	0.000864139	0.00474452	0.00507349	0.0108239	0.00989536	0.0631952	0.0299037	0.279642
122	0.0477696	0.00357877	0.351107	0.168399	0.00470387	0.0654636	0.0148647	0.00697066	0.048942	0.0093769	0.00490831	0.127627	0.00606182	0.0330744	0.0181491	0.0333237	0.0225633	0.0254565	0.00400538	0.00365483
123	0.0697216	0.00743764	0.076787	0.0895615	0.0152565	0.00802517	0.0387087	0.0366983	0.20245	0.0499445	0.00503137	0.0301821	0.00763232	0.0683725	0.142717	0.0548314	0.0305429	0.0388097	0.00662386	0.0206668
124	0.0655043	0.0200854	0.0597173	0.105073	0.02316	0.00434836	0.0152419	0.147078	0.0203648	0.107213	0.0146063	0.0884676	0.0581333	0.0528318	0.016834	0.0238203	0.0556162	0.115376	0.00168176	0.00484757
125	0.0464883	0.00989259	0.0737417	0.0445496	0.0153622	0.00712455	0.075828	0.0532976	0.0817857	0.0630828	0.027313	0.165909	0.00710058	0.0618876	0.030815	0.0855601	0.0575724	0.0368644	0.00444339	0.0513813
126	0.0934608	0.0184169	0.046072	0.0265224	0.00347938	0.032438	0.00991257	0.0180926	0.113582	0.0410995	0.00262971	0.00495808	0.291416	0.0228021	0.0843908	0.0846492	0.0618832	0.0297094	0.00119265	0.0132928
127	0.0908201	0.0140664	0.05379	0.024577	0.00494692	0.473203	0.0101725	0.0136718	0.0225195	0.0228048	0.00292934	0.0854819	0.00489065	0.00338754	0.0192627	0.0835202	0.0341848	0.0111872	0.00268393	0.0218999
128	0.0636023	0.00684822	0.0642994	0.102854	0.015408	0.0153009	0.0396357	0.0235382	0.197893	0.0338182	0.00889708	0.0369999	0.00805091	0.113213	0.13314	0.0509908	0.0362871	0.032096	0.00488959	0.0122376
129	0.0798625	0.0359044	0.00331107	0.00654159	0.0944194	0.00363567	0.0144147	0.0560218	0.0147444	0.394355	0.153767	0.00477093	0.00182909	0.0110521	0.0122048	0.0204874	0.028238	0.0205078	0.00382949	0.0401029
130	0.0258684	0.0646537	0.00205253	0.00315369	0.0289573	0.00225521	0.00865065	0.166367	0.00384697	0.0773644	0.129534	0.00335929	0.00118329	0.0117315	0.00861242	0.0452286	0.174987	0.233911	0.00185496	0.00642783
131	0.319101	0.0167259	0.0153604	0.0066266	0.0045276	0.368724	0.00311939	0.0122044	0.00598924	0.0134915	0.00357818	0.00935323	0.0123937	0.00373209	0.00417584	0.134656	0.0334925	0.0249673	0.00418167	0.0035986
132	0.325476	0.0265268	0.0139696	0.0083233	0.00494064	0.300349	0.00425351	0.0151222	0.00638889	0.0179235	0.00734486	0.0122858	0.00951437	0.00471061	0.00466016	0.151527	0.0427113	0.0355402	0.00383755	0.00459476
133	0.061948	0.00598941	0.0112334	0.0591859	0.0409127	0.0048959	0.0603669	0.031007	0.138151	0.11457	0.0644835	0.0392063	0.00273989	0.0616854	0.115264	0.0336903	0.0309993	0.0245033	0.00453191	0.0946353
134	0.0316861	0.018256	0.00224352	0.00302736	0.0331398	0.00205114	0.00311968	0.0874162	0.00404567	0.631756	0.0818573	0.00206873	0.00653468	0.0129026	0.0039407	0.0113865	0.0107305	0.039331	0.00109734	0.0134097
135	0.307541	0.0150881	0.0212944	0.00956117	0.00546537	0.344919	0.00408854	0.0120244	0.0121666	0.0151263	0.00415034	0.0133682	0.0269927	0.00488804	0.00881399	0.121348	0.0370383	0.0260722	0.00434347	0.00570988
136	0.0508502	0.00262107	0.308707	0.191272	0.0046667	0.0647798	0.0135755	0.00699662	0.0605838	0.00803847	0.00600714	0.107597	0.0100245	0.0461674	0.0208144	0.0372588	0.0263464	0.0232753	0.00639255	0.00402586
137	0.0301738	0.0117147	0.000871746	0.00209359	0.0310521	0.000556142	0.00205279	0.26875	0.00236579	0.383596	0.0627866	0.000608075	0.00145396	0.0010281	0.00183895	0.00603456	0.0180238	0.165599	0.00367054	0.00573027
138	0.296104	0.097219	0.00122135	0.00728799	0.016126	0.0633308	0.00403756	0.0468467	0.00274733	0.0489314	0.0291773	0.00927449	0.000522006	0.00566001	0.0016133	0.137113	0.09261	0.134094	0.00176305	0.00432081
139	0.0684934	0.0286206	0.0570925	0.0415687	0.046954	0.0326956	0.0226847	0.0228449	0.124604	0.06367	0.0090474	0.0400313	0.0127212	0.0384865	0.17664	0.0866912	0.0764157	0.0272892	0.00712647	0.0163221
140	0.0858344	0.0231844	0.0113111	0.0398633	0.0182546	0.00958807	0.024255	0.0857951	0.0130557	0.319625	0.0571667	0.0274021	0.00277722	0.031014	0.0275633	0.0246642	0.0335083	0.136982	0.0012081	0.0269472
141	0.104107	0.0236189	0.000816436	0.00127942	0.00670364	0.00875873	0.000886368	0.287542	0.001316	0.0561875	0.0127502	0.00104727	0.00147061	0.000996951	0.00360029	0.019408	0.0462582	0.415191	0.000435423	0.00762689
142	0.0313886	0.0112677	0.000797352	0.00208116	0.0326767	0.000461737	0.00207248	0.275137	0.00232697	0.371965	0.0653034	0.000543389	0.0010376	0.000736023	0.00186006	0.00558128	0.0178047	0.166941	0.00378679	0.00623159
143	0.0884732	0.0250155	0.0161973	0.0384171	0.0138946	0.0128445	0.0160887	0.0961397	0.0186696	0.27673	0.0663272	0.0255394	0.00391128	0.0247807	0.0264666	0.0325983	0.0396647	0.158796	0.000864458	0.0185811
144	0.0724662	0.00766754	0.0884277	0.0906853	0.0163489	0.0109476	0.0413448	0.0272346	0.186269	0.0438344	0.00533535	0.0283494	0.00895985	0.0850566	0.138093	0.0576953	0.0312703	0.0334489	0.00677837	0.019787
145	0.079484	0.0329732	0.00236107	0.00426447	0.0915061	0.00256853	0.0109189	0.058301	0.0109841	0.427587	0.151982	0.00370358	0.00163065	0.0117728	0.0121956	0.0155387	0.0215669	0.0192401	0.00256155	0.0388593
146	0.0309705	0.0111096	0.000768268	0.00209673	0.0322217	0.000432057	0.00209132	0.278116	0.00233367	0.368088	0.0648153	0.000545412	0.000981235	0.000641148	0.00186826	0.00559953	0.0181434	0.169269	0.00387932	0.00602992
147	0.12917	0.0348987	0.0361395	0.074306	0.00824962	0.0599709	0.00733245	0.0351398	0.0177115	0.0598962	0.0111179	0.0374733	0.00953272	0.0292851	0.0161973	0.217571	0.163917	0.0212204	0.0241417	0.00672873
148	0.0964637	0.00430248	0.17325	0.210264	0.0259231	0.0165309	0.00873187	0.0389746	0.0645455	0.056541	0.0176349	0.0212886	0.00859987	0.0857786	0.0437706	0.0437477	0.0499244	0.0171603	0.00187009	0.0146982
149	0.0290856	0.0191581	0.00125969	0.00308276	0.0350773	0.00103923	0.00342725	0.277102	0.00566168	0.302431	0.062336	0.00182736	0.00111559	0.00337427	0.00430988	0.00934271	0.0282209	0.200959	0.00549834	0.00569133
150	0.0652849	0.0148185	0.0794034	0.128468	0.0261099	0.00587944	0.0121676	0.119784	0.0238859	0.111852	0.0218333	0.0652272	0.0510052	0.0571996	0.0247052	0.0310698	0.057587	0.0951881	0.00203383	0.00649644
151	0.0326515	0.0112288	0.000811129	0.00208117	0.0351135	0.000493277	0.00213586	0.266509	0.00229766	0.380425	0.0670661	0.000599951	0.00126869	0.00112244	0.00195691	0.00567227	0.0172908	0.160086	0.00362496	0.00756485
152	0.0286068	0.0282172	0.00605199	0.0116507	0.0308293	0.00514627	0.0685317	0.0231151	0.192826	0.0351789	0.00736135	0.0154066	0.00192988	0.103167	0.261759	0.0149772	0.0236818	0.0479913	0.0284023	0.0651686
153	0.0563761	0.00474209	0.00880743	0.0678812	0.0475845	0.00378014	0.0826124	0.0263264	0.118585	0.0936257	0.0289327	0.0389884	0.00218246	0.094081	0.112901	0.0257291	0.0262024	0.0310166	0.0038843	0.125761
154	0.0498554	0.0133058	0.000548645	0.000816404	0.00863126	0.00368783	0.000681655	0.335989	0.00109586	0.0694028	0.0123134	0.000845681	0.00182275	0.00071083	0.00203596	0.0116465	0.0262111	0.452741	0.000298332	0.00736039
155	0.302357	0.102507	0.0013913	0.00850088	0.015021	0.0715754	0.0041005	0.0399256	0.00294793	0.0468906	0.0304296	0.0104423	0.00068353	0.00618084	0.0014868	0.151148	0.0862111	0.111913	0.00164953	0.0046383
156	0.0497176	0.0131787	0.000547277	0.000838123	0.00867578	0.003667	0.000678575	0.336183	0.00108903	0.069227	0.0121503	0.000844335	0.0018024	0.000711251	0.00203179	0.0116617	0.0261506	0.453255	0.000297731	0.0072926
157	0.190592	0.0301959	0.00582947	0.00880493	0.0489234	0.014415	0.00689858	0.050331	0.00806278	0.0479893	0.0408263	0.00893285	0.00305403	0.00621144	0.011502	0.0965202	0.175511	0.194734	0.0204597	0.0302061
158	0.0746157	0.00793056	0.0805087	0.0885013	0.017063	0.00912366	0.0391445	0.029785	0.191738	0.0471719	0.00522035	0.0315675	0.00887211	0.0801591	0.13835	0.0566174	0.0325074	0.0352726	0.00747195	0.0183799
159	0.0558731	0.0283618	0.0191684	0.0287152	0.0387677	0.0173083	0.0455393	0.0370949	0.0980373	0.0755861	0.022813	0.0329097	0.00690188	0.0576103	0.208457	0.0475625	0.0475193	0.0419404	0.0547761	0.0350578
160	0.462111	0.0348839	0.00260593	0.0069717	0.00359501	0.075127	0.00978376	0.0069467	0.00788268	0.00784265	0.0107492	0.00743201	0.00354676	0.0104434	0.00341276	0.248132	0.0544477	0.0370562	0.00302485	0.00400487
161	0.579236	0.0260613	0.00101246	0.00502538	0.00398267	0.0742331	0.00303567	0.00901679	0.00464818	0.00879854	0.00715197	0.00381905	0.00466242	0.00462982	0.00339633	0.146358	0.0458627	0.0609387	0.00510051	0.00303016
162	0.0420577	0.00799235	0.0122206	0.0338626	0.0436006	0.00474824	0.0751072	0.025731	0.145021	0.0791735	0.0207961	0.0484852	0.00188905	0.094923	0.145808	0.0325672	0.0262934	0.0279417	0.00549079	0.126291
163	0.0265077	0.0119756	0.00208115	0.00295824	0.0317147	0.00163359	0.00190155	0.182876	0.00278415	0.52773	0.0612607	0.00116941	0.00675982	0.00636666	0.00200859	0.00860633	0.013148	0.0987397	0.00226775	0.00751055
164	0.244216	0.059155	0.00160422	0.00371946	0.00884939	0.0315079	0.00288211	0.137498	0.00263017	0.0370879	0.0133763	0.00434705	0.000801474	0.00297189	0.00436716	0.0659815	0.100528	0.273033	0.00139396	0.00405027
165	0.657052	0.0062771	0.0010704	0.00291896	0.00334153	0.0810527	0.00121514	0.00395853	0.00454956	0.00313582	0.00240023	0.00176463	0.00682764	0.00231437	0.00437235	0.111598	0.0402474	0.0568639	0.0072697	0.00177073
166	0.311425	0.06457	0.00177559	0.00464672	0.0129311	0.0462594	0.0034958	0.097532	0.00302441	0.0345898	0.0156346	0.00641823	0.0013652	0.00379274	0.00346874	0.0894068	0.0990933	0.1952	0.00171944	0.00365083
167	0.321675	0.099124	0.00117225	0.00829026	0.0128544	0.0697548	0.00541457	0.0394016	0.00354287	0.0411469	0.0266115	0.0124348	0.000494692	0.00772186	0.0015348	0.151982	0.082904	0.10846	0.00120137	0.00427723
168	0.0309114	0.0108656	0.000824789	0.00227118	0.032841	0.000458811	0.00230093	0.275374	0.00241082	0.371076	0.0648072	0.000568271	0.00111258	0.000733039	0.00184915	0.00582279	0.0182558	0.166709	0.00414975	0.00665774
169	0.321699	0.0930507	0.00109611	0.00822024	0.01459	0.0627025	0.00506767	0.0381264	0.00333049	0.0396361	0.0276865	0.0102983	0.000556788	0.00728713	0.00163242	0.165746	0.0820703	0.109054	0.00185471	0.0062946
170	0.353357	0.0945374	0.00128046	0.00948172	0.0108547	0.0799839	0.00516553	0.0395938	0.00376899	0.0378719	0.0244918	0.0139443	0.000662565	0.0087335	0.00159428	0.131847	0.0772398	0.100826	0.000935203	0.0038298
171	0.0333075	0.0161267	0.00109814	0.00335491	0.0297615	0.00126967	0.00303795	0.288582	0.0054608	0.278682	0.0510681	0.00203409	0.000997473	0.00418743	0.00508192	0.0100307	0.0299359	0.226981	0.00358105	0.00542142
172	0.0309705	0.0111096	0.000768268	0.00209673	0.0322217	0.000432057	0.00209132	0.278116	0.00233367	0.368088	0.0648153	0.000545412	0.000981235	0.000641148	0.00186826	0.00559953	0.0181434	0.169269	0.00387932	0.00602992
173	0.0746328	0.00781625	0.0808954	0.0882129	0.017154	0.00921421	0.039318	0.0295168	0.191046	0.0471403	0.00523799	0.0314377	0.00887915	0.080905	0.138193	0.0566839	0.0325705	0.035095	0.00753221	0.0185191
174	0.0234981	0.0497435	0.00274452	0.00527368	0.0273393	0.00262486	0.0151325	0.209881	0.00647945	0.0831124	0.0984438	0.0044096	0.00136037	0.0194817	0.0150969	0.0337766	0.148193	0.245955	0.00190459	0.00554973
175	0.147122	0.0413358	0.00849289	0.0159033	0.0310091	0.00836004	0.0252687	0.112932	0.02665	0.05316	0.0183185	0.0317205	0.00424888	0.00908856	0.0508268	0.0940321	0.125137	0.184444	0.00420332	0.00774557
176	0.0497176	0.0131787	0.000547277	0.000838123	0.00867578	0.003667	0.000678575	0.336183	0.00108903	0.069227	0.0121503	0.000844335	0.0018024	0.000711251	0.00203179	0.0116617	0.0261506	0.453255	0.000297731	0.0072926
177	0.381148	0.0349395	0.00988903	0.00911193	0.00717635	0.226907	0.00422797	0.0395569	0.0075065	0.0371132	0.00862821	0.0226061	0.00432641	0.0052482	0.00544829	0.0734713	0.0502428	0.0643517	0.0030575	0.00504352
178	0.0507039	0.0161495	0.000640154	0.000832058	0.00926533	0.00417173	0.000823188	0.334286	0.00126102	0.0688862	0.0151625	0.000955007	0.00227529	0.000823932	0.00217134	0.0111809	0.0256109	0.44493	0.000446417	0.00942474
179	0.0383628	0.00228658	0.382322	0.167034	0.00246772	0.0827694	0.0146269	0.00398099	0.0349732	0.00489739	0.00302057	0.150045	0.00447088	0.0224978	0.0101028	0.0285949	0.0156941	0.0259675	0.00405651	0.00182951
180	0.163949	0.0193585	0.037323	0.0187364	0.00750172	0.453309	0.0071499	0.0167596	0.0170486	0.0219941	0.00417938	0.0391579	0.0112722	0.00537705	0.0124868	0.0924061	0.0352744	0.021238	0.00398951	0.0114892
181	0.0532574	0.00412132	0.0167555	0.00456865	0.00341927	0.0401611	0.00279203	0.00567659	0.00688176	0.0191397	0.0118215	0.0478457	0.00253323	0.00300938	0.00910291	0.308754	0.440598	0.0146567	0.00154494	0.00336058
182	0.0308267	0.0179919	0.00298405	0.00424215	0.0193371	0.00256553	0.00317084	0.157673	0.00396471	0.516102	0.039777	0.00287169	0.00449448	0.00514402	0.00338987	0.0180623	0.0285328	0.131616	0.00237882	0.00487456
183	0.0213627	0.0050537	0.0017198	0.00979922	0.406525	0.00183772	0.0191716	0.0781351	0.00237729	0.0582868	0.00831308	0.00637128	0.00102612	0.00392395	0.00434736	0.011203	0.010802	0.0672684	0.0280298	0.254446
184	0.0622853	0.00827168	0.050792	0.0806585	0.0253582	0.00722974	0.0483143	0.0281556	0.184299	0.056869	0.0135488	0.0289501	0.00647608	0.0851907	0.151684	0.0415702	0.0280791	0.0367217	0.0109781	0.0445681
185	0.0236455	0.0161889	0.0164772	0.0148341	0.0643483	0.0134294	0.0804921	0.0153029	0.227607	0.0810367	0.0110043	0.0426938	0.0018453	0.0533819	0.107038	0.0287297	0.0341635	0.0270203	0.0047431	0.136018
186	0.0421423	0.0241003	0.0227777	0.0569599	0.130594	0.0108717	0.0885369	0.0638334	0.0214028	0.0402747	0.066793	0.0601397	0.00580971	0.0163816	0.0181046	0.128305	0.0732766	0.064011	0.0091977	0.0564874
187	0.072	0.00794721	0.069135	0.0821179	0.0211788	0.00961216	0.0457476	0.0275728	0.17924	0.0475492	0.00767267	0.0329782	0.0171658	0.0823491	0.131573	0.0582582	0.0355181	0.0352621	0.00928974	0.027833
188	0.227425	0.0154951	0.0278686	0.0518985	0.0137466	0.00976776	0.0113754	0.0762171	0.0127277	0.0508333	0.0325001	0.0332806	0.00430855	0.00928407	0.0534482	0.0989894	0.0792095	0.180034	0.00386192	0.00772877
189	0.0711043	0.00226004	0.198113	0.237812	0.00806497	0.0427537	0.0143733	0.0118934	0.091876	0.0119214	0.0124135	0.046461	0.00827019	0.0960014	0.0387879	0.0435688	0.0412104	0.0154627	0.00154876	0.00610301
190	0.0362766	0.00228256	0.38971	0.15669	0.00229833	0.0857151	0.0161504	0.00389941	0.0311453	0.00487237	0.00258774	0.159989	0.00420397	0.0194237	0.00950778	0.0294736	0.0145498	0.0255634	0.00392922	0.00173099
191	0.147856	0.0164329	0.0488694	0.0207342	0.00470284	0.296159	0.00382118	0.0138589	0.0320481	0.0172291	0.00487706	0.0264284	0.0345341	0.00777754	0.0211165	0.18761	0.0876797	0.0175904	0.00338385	0.00729109
192	0.0676795	0.0504763	0.0286582	0.0266228	0.0141388	0.0112356	0.0120201	0.116773	0.0237832	0.0451551	0.0128331	0.0651404	0.124846	0.0480022	0.0262695	0.185802	0.0389042	0.0870145	0.00475736	0.00988802
193	0.222077	0.0647084	0.0114833	0.018766	0.010036	0.240129	0.00429894	0.0380811	0.00726341	0.0629161	0.0170188	0.0175871	0.00365225	0.00616203	0.00474249	0.120097	0.0690668	0.0721963	0.00345199	0.00626631
