320	20
1	0.0392668	0.0178148	0.0353497	0.0831044	0.0104598	0.000835136	0.23727	0.00838941	0.0722591	0.0066854	0.0153931	0.189998	0.000608442	0.0655634	0.0922138	0.0299346	0.042732	0.00870573	0.000378631	0.0430377
2	0.0192083	0.00431299	0.00762885	0.0110718	0.00712382	0.00836413	0.0058403	0.015208	0.0467573	0.0707428	0.00911737	0.00944577	0.355917	0.0109015	0.0458184	0.0232924	0.0142196	0.325247	0.00306711	0.00671609
3	0.0103419	0.00812593	0.0013973	0.0203939	0.00128545	0.0024575	0.00421547	0.387017	0.00226431	0.0175616	0.0100868	0.00145388	0.00235051	0.00235383	0.0100251	0.0072143	0.183291	0.323151	0.000524044	0.00448937
4	0.00401977	0.00240816	0.000230579	0.000389365	0.00822512	0.000639961	0.000209384	0.598902	0.00176424	0.0805265	0.00612157	0.000278057	0.0019779	0.000355515	0.000355226	0.000877448	0.00674528	0.282879	9.8429e-05	0.00299626
5	0.15756	0.00286121	0.03609	0.0187724	0.0669682	0.221783	0.0114015	0.0267069	0.0144686	0.0790991	0.0117529	0.015268	0.137835	0.0200935	0.0118636	0.0160693	0.037001	0.0556427	0.00219969	0.0565638
6	0.0358652	0.0022965	0.0697469	0.0327115	0.00220381	0.654793	0.00220418	0.00709231	0.0197088	0.00585665	0.0031154	0.0493871	0.00659563	0.0275588	0.00978633	0.0408115	0.0177327	0.00626524	0.000765801	0.00550228
7	0.0210297	0.00144535	0.513825	0.0793441	0.00376315	0.0191437	0.0109576	0.00862095	0.0307965	0.013611	0.0040743	0.184244	0.00434243	0.028693	0.0180978	0.0316055	0.0124431	0.00699071	0.00133191	0.00564065
8	0.0178394	0.000898147	0.0731993	0.0837189	0.00238832	0.602107	0.00214967	0.00588048	0.0354749	0.00349303	0.00304766	0.049639	0.00519563	0.0399989	0.014635	0.0350311	0.0178729	0.00323541	0.000793037	0.00340215
9	0.00683123	0.00441606	0.0019404	0.022235	0.00194204	0.00480112	0.00193681	0.572549	0.00381639	0.011386	0.004796	0.00217915	0.00329438	0.00428038	0.0072325	0.0173879	0.150724	0.175419	0.000716947	0.00211583
10	0.0393336	0.00212748	0.0678318	0.0319074	0.00270856	0.659835	0.00205254	0.00589197	0.0217517	0.00454585	0.00308309	0.0482529	0.00615479	0.0263197	0.00987412	0.0397015	0.0171443	0.0052323	0.00166728	0.00458422
11	0.11011	0.0156058	0.00529084	0.0397194	0.0380089	0.01518	0.0201907	0.128931	0.0720441	0.0419245	0.00646704	0.00977236	0.112609	0.0452329	0.0934598	0.0235975	0.0568779	0.141553	0.00119604	0.0222287
12	0.0147653	0.000752847	0.117758	0.648599	0.0151073	0.0197812	0.0144611	0.00393605	0.0122681	0.00396498	0.00257455	0.0254487	0.00202837	0.0729746	0.00439566	0.0221008	0.00727855	0.00343373	0.00702255	0.00134929
13	0.00420608	0.00237329	0.000230508	0.000388101	0.0083014	0.00063559	0.000211567	0.59574	0.00173198	0.0831181	0.00656277	0.000277661	0.00200444	0.000376733	0.000352733	0.00087351	0.00660209	0.283006	0.000106848	0.00289993
14	0.0845157	0.00229599	0.00460649	0.00666558	0.0378883	0.0282199	0.00333111	0.0323145	0.00689809	0.0329736	0.101064	0.0054619	0.00281575	0.00593521	0.00655196	0.122072	0.279053	0.05286	0.180457	0.00402028
15	0.0799216	0.000603511	0.0234125	0.0470053	0.000860491	0.0143813	0.0129563	0.00896863	0.285926	0.027279	0.0130037	0.0468358	0.126782	0.0493366	0.179353	0.0428745	0.0326025	0.00185846	0.00039142	0.00564759
16	0.510061	0.00658687	0.00271943	0.0315279	0.00343606	0.00560917	0.0022338	0.0271101	0.00485611	0.00721905	0.00372725	0.0338116	0.0551214	0.0449976	0.00399425	0.0892451	0.0345767	0.13004	0.000881362	0.00224501
17	0.507999	0.0210149	0.00362723	0.00566554	0.0033056	0.0266884	0.00425345	0.00639018	0.00663429	0.011314	0.140155	0.00424993	0.00378182	0.00503842	0.00815935	0.141336	0.0881618	0.00766107	0.00139978	0.0031637
18	0.0775687	0.00108868	0.0231638	0.0435121	0.000794433	0.0136993	0.0129231	0.0101011	0.292176	0.0288526	0.013965	0.0473098	0.118825	0.0453513	0.190401	0.0408773	0.0326608	0.00172923	0.000388145	0.00461247
19	0.0278897	0.00181879	0.00054218	0.000977654	0.00482969	0.0007338	0.000485462	0.215251	0.00123467	0.0469453	0.0144002	0.000742246	0.000774103	0.00242216	0.000829377	0.00144851	0.0145398	0.657353	0.000234895	0.00654726
20	0.0132895	0.00142143	0.00143321	0.00383018	0.152319	0.0012978	0.00361892	0.346268	0.00287631	0.238372	0.00788192	0.00172551	0.00209431	0.00221021	0.00350942	0.00265076	0.00338738	0.146169	0.0175587	0.0480858
21	0.00589248	0.000489062	0.635151	0.038172	0.000717399	0.00944079	0.0086515	0.00139839	0.0100915	0.0051017	0.000913907	0.263883	0.000663458	0.00748575	0.000982904	0.00664943	0.00157602	0.00156766	0.000345363	0.000826689
22	0.449287	0.00206713	0.00302901	0.0266045	0.00442069	0.0277855	0.00249383	0.0102883	0.0944508	0.00671048	0.00551184	0.00503902	0.0271743	0.00584504	0.040613	0.134706	0.140634	0.00768125	0.00151876	0.00413877
23	0.481554	0.0184754	0.00352984	0.00473727	0.00440502	0.176283	0.00312374	0.0252874	0.00922936	0.0203701	0.0132001	0.0172343	0.00508968	0.00797369	0.00514291	0.141049	0.0180762	0.0400187	0.000702251	0.00451858
24	0.0287184	0.00164535	0.000524622	0.000889357	0.0048294	0.000685282	0.000480166	0.198438	0.00119575	0.0464205	0.0147382	0.00066675	0.000808821	0.00223399	0.000750603	0.00128742	0.014567	0.674066	0.000247023	0.00680741
25	0.089101	0.000197981	0.0937336	0.522771	0.00137978	0.044556	0.000959429	0.0104303	0.0481809	0.0112049	0.00611354	0.0256192	0.000322928	0.0770989	0.012724	0.0305458	0.0163144	0.008069	0.00017506	0.000501958
26	0.051396	0.00540315	0.00743017	0.040524	0.00640699	0.00991637	0.0269841	0.084499	0.255158	0.0507849	0.0287117	0.0193965	0.00122005	0.0727093	0.167807	0.0198262	0.0657439	0.0696361	0.000429091	0.0160177
27	0.556549	0.0271283	0.000996159	0.0074583	0.00427951	0.00990871	0.000601436	0.0375644	0.00606865	0.0102264	0.00195386	0.0146001	0.00298964	0.011841	0.00199857	0.109377	0.0855125	0.109717	0.000336603	0.000892623
28	0.0114222	0.000323844	0.00442288	0.00111486	0.216463	0.000701381	0.050571	0.00477424	0.00465863	0.00532545	0.00795553	0.000645404	0.000703107	0.0082125	0.00459236	0.00857221	0.001437	0.00120803	0.00796694	0.658929
29	0.0584005	0.000508855	0.0458012	0.0511616	0.00105366	0.451295	0.00575408	0.0041152	0.138634	0.00196912	0.00131114	0.0748	0.0120457	0.0446421	0.0573727	0.0310263	0.0172449	0.00155431	0.000346691	0.000962973
30	0.00209051	0.000389849	0.0887269	0.0351881	0.000650421	0.702503	0.00060137	0.00415823	0.0131817	0.00120999	0.000960333	0.0548284	0.004444	0.0280474	0.00488563	0.0356312	0.0173742	0.00113286	0.000213478	0.00378277
31	0.0610306	0.00142718	0.0437012	0.102329	0.000368676	0.0346104	0.0051727	0.00200728	0.365219	0.0107485	0.011823	0.0128533	0.00687623	0.0651363	0.145226	0.081614	0.0391258	0.0102455	0.000120227	0.000364924
32	0.00553811	0.00319793	0.00205758	0.0040658	0.00182684	0.00305125	0.0134513	0.00464641	0.3133	0.0061931	0.00452565	0.0114208	0.00271514	0.0136581	0.59531	0.00448804	0.00428068	0.00391387	0.000665959	0.00169323
33	0.0601754	0.00140834	0.0425898	0.101696	0.000380417	0.0334317	0.0049277	0.00199314	0.371691	0.0108143	0.0117793	0.0124357	0.00707721	0.0635621	0.146816	0.0812993	0.037027	0.0104028	0.000128013	0.000364982
34	0.0042573	0.00233733	0.000241786	0.000388356	0.00836626	0.000629105	0.000214443	0.595525	0.00171117	0.0847037	0.00672719	0.000287934	0.00206659	0.000362357	0.000367163	0.00087291	0.00652898	0.281425	0.000104971	0.00288215
35	0.12047	0.00146903	0.0139097	0.249348	0.00239917	0.00475092	0.0434318	0.0322267	0.0366758	0.0140566	0.0142758	0.0597524	0.00144434	0.0725598	0.0141622	0.139639	0.0540227	0.107532	0.000655168	0.0172183
36	0.0187329	0.0110726	0.00242138	0.00365114	0.179544	0.00374712	0.0063326	0.00885691	0.00406363	0.020501	0.0268339	0.00365216	0.00256262	0.00441832	0.00425264	0.00546275	0.0211824	0.0257912	0.510283	0.136637
37	0.0101909	0.00134836	0.00218421	0.00362293	0.0545766	0.00268606	0.0191628	0.0353463	0.152553	0.15516	0.150083	0.00266268	0.00163395	0.0651629	0.0649377	0.00443003	0.0469851	0.118059	0.0370469	0.0721674
38	0.0331627	0.000844586	0.146287	0.267585	0.00107865	0.00240098	0.0019453	0.00510107	0.14136	0.013042	0.00418711	0.0558694	0.0366456	0.172577	0.0631023	0.01895	0.0220123	0.00523608	0.00717056	0.00144185
39	0.0287184	0.00164535	0.000524622	0.000889357	0.0048294	0.000685282	0.000480166	0.198438	0.00119575	0.0464205	0.0147382	0.00066675	0.000808821	0.00223399	0.000750603	0.00128742	0.014567	0.674066	0.000247023	0.00680741
40	0.0588867	0.00146704	0.0193757	0.00442313	0.236439	0.00351816	0.00371625	0.0062644	0.0048302	0.258928	0.00524757	0.00287637	0.03154	0.00441652	0.00377977	0.00607405	0.00596997	0.0215424	0.00175712	0.318948
41	0.492859	0.0332184	0.00149409	0.00568696	0.00362773	0.00716653	0.0012025	0.0642086	0.00594104	0.0356024	0.00618554	0.0201164	0.00342345	0.0105898	0.00409706	0.071319	0.0944492	0.136877	0.000453984	0.00148173
42	0.112825	0.00844	0.0488785	0.0301694	0.00368422	0.521452	0.00265095	0.00829181	0.0331867	0.0116003	0.00845895	0.0395214	0.00547859	0.022931	0.0142142	0.091965	0.0201733	0.0105349	0.000934335	0.0046089
43	0.089101	0.000197981	0.0937336	0.522771	0.00137978	0.044556	0.000959429	0.0104303	0.0481809	0.0112049	0.00611354	0.0256192	0.000322928	0.0770989	0.012724	0.0305458	0.0163144	0.008069	0.00017506	0.000501958
44	0.06039	0.00148357	0.0428342	0.103251	0.00041642	0.0327953	0.00487756	0.00211445	0.371022	0.0112647	0.01195	0.0127755	0.00691187	0.0641233	0.147192	0.0787585	0.0369187	0.01029	0.000195866	0.000434873
45	0.610732	0.0119504	0.00489454	0.00199974	0.00195591	0.118562	0.00133681	0.00621954	0.00754224	0.00793885	0.00610672	0.0114055	0.00289068	0.00304566	0.00679599	0.179046	0.00440427	0.0108561	0.000558213	0.00175924
46	0.0103778	0.00178519	0.00373281	0.00820547	0.0358679	0.0370128	0.0817793	0.00746315	0.00569741	0.0576397	0.0213484	0.0257893	0.0585578	0.0218898	0.0792972	0.0228793	0.00707584	0.00666433	0.234719	0.272217
47	0.0100965	0.00386645	0.000885182	0.00448429	0.0886615	0.00267977	0.00258177	0.132041	0.00294252	0.542088	0.120056	0.00259516	0.000787052	0.00580713	0.00345273	0.00203195	0.00384306	0.0679505	0.000383275	0.0027662
48	0.0618636	0.00745245	0.0177737	0.0222363	0.0141371	0.0240663	0.0101356	0.0336089	0.0293724	0.106325	0.0181645	0.0183262	0.221252	0.0237025	0.0246029	0.164228	0.0335134	0.15054	0.00426999	0.0144289
49	0.0376456	0.000636145	0.208209	0.294327	0.00106484	0.00120037	0.00121159	0.00402953	0.0926303	0.00913844	0.00189555	0.0449126	0.0230686	0.202802	0.0415632	0.0107071	0.00606882	0.00531711	0.012403	0.00116865
50	0.0896134	0.000286225	0.102953	0.51619	0.00170926	0.0427135	0.00127655	0.0117663	0.0463532	0.0108167	0.00591557	0.0257035	0.000339952	0.0741374	0.0125842	0.0319914	0.017045	0.00771086	0.000298349	0.000595833
51	0.0615292	0.0233821	0.00586474	0.00544233	0.00149347	0.00874072	0.00128608	0.00780458	0.0044587	0.00982216	0.00731729	0.00172255	0.00242654	0.00247266	0.0019924	0.315149	0.53036	0.00665624	0.000614387	0.00146458
52	0.0143997	0.0060363	0.000533169	0.0116536	0.0655846	0.000689368	0.000793503	0.21422	0.0033788	0.451298	0.0812033	0.000993647	0.000532167	0.00571499	0.00155187	0.0031906	0.00615341	0.130083	0.000763117	0.00122596
53	0.0512388	0.000591035	0.211189	0.338985	0.00216719	0.00959144	0.0114634	0.0042604	0.090083	0.0086245	0.00154885	0.0533349	0.000502088	0.0863609	0.0398693	0.031621	0.0505599	0.00354917	0.000302915	0.00415733
54	0.507131	0.00129365	0.0216561	0.0307253	0.0287896	0.00195383	0.00146381	0.0582554	0.0335127	0.0769097	0.0353879	0.0021017	0.00143355	0.0133727	0.00288704	0.0144285	0.0586256	0.106825	0.000699585	0.00254807
55	0.0222687	0.0026521	0.000654597	0.00476751	0.0360193	0.00143247	0.000571006	0.419487	0.00182351	0.268306	0.0796554	0.00396667	0.00292816	0.00149193	0.00211166	0.00232209	0.0155173	0.130933	0.00149928	0.00159272
56	0.0452286	0.00569887	0.0364277	0.0804867	0.00145839	0.0218055	0.00482627	0.00615556	0.364822	0.0151566	0.00774273	0.0229619	0.00806354	0.0546545	0.222626	0.0559104	0.0335397	0.0102436	0.000263442	0.00192743
57	0.0452396	0.000671821	0.223908	0.318946	0.00224265	0.00693209	0.0124186	0.00399142	0.0960023	0.00899118	0.00109071	0.0549394	0.000443121	0.0875826	0.0447636	0.0296446	0.0538486	0.0032323	0.00020641	0.00490479
58	0.0392778	0.00705265	0.0102273	0.0489922	0.00796348	0.0174941	0.0258306	0.103686	0.207819	0.0503136	0.0301584	0.0247467	0.00125156	0.0777676	0.159738	0.0220702	0.072181	0.0792116	0.00031047	0.0139082
59	0.00809238	0.00218329	0.000269282	0.000591412	0.0106063	0.000718635	0.000301606	0.513993	0.0014785	0.0852586	0.0125051	0.000432816	0.00164865	0.00120837	0.000470652	0.00111428	0.00717953	0.348089	0.000279797	0.00357941
60	0.412675	0.0222899	0.00195814	0.00122432	0.00611202	0.249968	0.00328427	0.0149602	0.00472041	0.0314965	0.0192966	0.0229169	0.00129091	0.00507927	0.00185553	0.154521	0.00180206	0.0380183	0.00035566	0.00617542
61	0.0158015	0.00367646	0.000885325	0.00541672	0.0339382	0.00305222	0.000856394	0.417377	0.00209818	0.230688	0.1228	0.002457	0.00178489	0.00177818	0.00343508	0.0024846	0.0131305	0.132995	0.00233415	0.00301088
62	0.0573037	0.00467979	0.0373436	0.0654878	0.00743443	0.0328412	0.0127745	0.0190164	0.337804	0.0343969	0.0180369	0.0257906	0.0161194	0.0642428	0.137706	0.0517365	0.0360461	0.0217294	0.00410456	0.0154059
63	0.434768	0.0195711	0.00369218	0.00359882	0.00359412	0.248635	0.00312471	0.0128358	0.00664595	0.0232038	0.0162553	0.0172644	0.00260525	0.0051161	0.00361754	0.1555	0.00867508	0.025543	0.000434908	0.00531884
64	0.191592	0.00795221	0.025649	0.0555387	0.0214774	0.036689	0.00677219	0.0202376	0.0348197	0.0253697	0.0135098	0.0204395	0.32212	0.0217059	0.0200667	0.0549605	0.0607478	0.0416602	0.00545331	0.0132393
65	0.0267297	0.0124325	0.0107359	0.0120946	0.0165293	0.00492877	0.00381821	0.0502637	0.00882563	0.270032	0.325505	0.00757688	0.0365252	0.0243584	0.00795502	0.0189008	0.128613	0.0224503	0.00290402	0.00882162
66	0.0696188	0.00270732	0.019877	0.25282	0.00670644	0.114037	0.00729601	0.0363839	0.0225202	0.0138311	0.0687024	0.0466991	0.00515063	0.0562321	0.0148705	0.120725	0.0894031	0.0436031	0.00209179	0.00672481
67	0.0627248	0.0252841	0.00949364	0.00886842	0.00377041	0.0107006	0.00234189	0.0113212	0.0109648	0.0118662	0.0126768	0.00469657	0.00489151	0.00541739	0.00677588	0.248271	0.54262	0.0113874	0.00330534	0.00262199
68	0.0129907	0.00201087	0.000340139	0.000840096	0.00599975	0.000653291	0.000313801	0.403412	0.00125064	0.0573309	0.00888825	0.000401469	0.00142767	0.000971266	0.000542983	0.00110411	0.0132908	0.484038	0.000137251	0.00405607
69	0.351231	0.0200681	0.00865966	0.00981734	0.00562151	0.261505	0.00386437	0.0139056	0.0138922	0.0266231	0.0179199	0.0350658	0.00314697	0.0106472	0.00737309	0.163324	0.0108751	0.0291896	0.000955771	0.00631517
70	0.044193	0.000969273	0.0291134	0.095824	0.0022373	0.432673	0.00419987	0.00541988	0.15219	0.00426551	0.00240481	0.0450725	0.00931323	0.0353604	0.0551362	0.047522	0.0286845	0.00281087	0.000821992	0.00178925
71	0.0168464	0.00169434	0.0899445	0.0406198	0.0032618	0.637623	0.00224509	0.00551238	0.0224438	0.00471664	0.00300671	0.051128	0.00506095	0.0283498	0.0106277	0.0490798	0.0194703	0.00358256	0.000632251	0.00415424
72	0.00654161	0.00154847	0.00321436	0.00398869	0.434988	0.0250561	0.0345951	0.122607	0.00392466	0.0541028	0.0911659	0.00280744	0.00186313	0.0176469	0.00339044	0.00532444	0.0112987	0.0456778	0.0238264	0.106432
73	0.0480033	0.0053707	0.0271921	0.0598766	0.00337766	0.0522611	0.0209578	0.0128806	0.292012	0.0170709	0.0140946	0.0235672	0.0206977	0.0463303	0.235451	0.0680323	0.0350703	0.0130423	0.000683248	0.00402795
74	0.0558626	0.00623453	0.196396	0.0602239	0.00567638	0.0346781	0.0169321	0.0120175	0.0357965	0.0203783	0.0113212	0.0356051	0.0104102	0.0430504	0.0209818	0.331011	0.0811517	0.0121958	0.00300914	0.00706804
75	0.00848512	0.00149716	0.000755348	0.00107393	0.0160339	0.000796698	0.000811205	0.549159	0.001748	0.151344	0.0205665	0.00132481	0.00762565	0.000821726	0.000903249	0.00123058	0.00816686	0.222276	0.00104386	0.00433576
76	0.0827938	0.0107314	0.164364	0.0525973	0.012938	0.0314106	0.0234765	0.0344905	0.0416842	0.0250965	0.0204257	0.294426	0.0185181	0.039337	0.0279086	0.0385063	0.0276229	0.0240172	0.00943486	0.0202208
77	0.433654	0.0254181	0.00247452	0.00904585	0.0044681	0.0222713	0.00119974	0.0682027	0.00603375	0.0235131	0.0159529	0.0158655	0.00693674	0.0106858	0.00707607	0.0879189	0.0597497	0.1967	0.000665628	0.00216767
78	0.44043	0.0114822	0.00272605	0.00710808	0.00329557	0.00553943	0.00204821	0.0526278	0.0416255	0.0093441	0.00379199	0.0217048	0.00389985	0.00617082	0.0230914	0.0633766	0.258785	0.0389957	0.000881168	0.00307608
79	0.0112235	0.00412679	0.000686451	0.00502127	0.0581566	0.00147976	0.000864382	0.222589	0.00277657	0.483046	0.0975954	0.00118176	0.000686669	0.00542904	0.00263331	0.00162274	0.00495478	0.0934507	0.000769358	0.00170556
80	0.0319494	0.00966075	0.019229	0.0434442	0.0039525	0.0160671	0.0151732	0.0189478	0.27585	0.0278604	0.0178834	0.0164615	0.0127426	0.0416846	0.374632	0.0292828	0.0226506	0.0146258	0.00141613	0.00648621
81	0.0316001	0.00556384	0.00959782	0.0542563	0.00758434	0.00936169	0.0589923	0.0798445	0.13919	0.0642801	0.0680291	0.017841	0.00455715	0.194	0.138349	0.0164909	0.0432818	0.0431262	0.00185059	0.0122041
82	0.0377333	0.00604259	0.0113896	0.0584188	0.00678317	0.0124614	0.0261538	0.105711	0.200582	0.0520182	0.0314588	0.0244949	0.000872368	0.0797453	0.15444	0.0209578	0.0771994	0.0760136	0.00104624	0.0164776
83	0.00722859	0.00140655	0.00256223	0.00397362	0.220407	0.00950842	0.0153457	0.032406	0.00420621	0.434777	0.19483	0.0178458	0.00190069	0.0038579	0.0105677	0.00422352	0.00578576	0.0185741	0.000877454	0.00971609
84	0.023492	0.000754101	0.474895	0.11892	0.00136676	0.0101332	0.00938376	0.00298162	0.0412448	0.00752397	0.00155019	0.193897	0.00294761	0.0484002	0.0188749	0.0212249	0.0146993	0.00307925	0.00173209	0.00289891
85	0.17003	0.00370683	0.0169796	0.0116882	0.198364	0.0281521	0.00562449	0.0155906	0.0102897	0.213577	0.0180122	0.00623841	0.0239365	0.0115863	0.0112268	0.0128672	0.0127184	0.0393763	0.00219582	0.187839
86	0.0112596	0.000325454	0.00436613	0.00113687	0.215503	0.000705145	0.0495651	0.00475657	0.00478996	0.00523059	0.00792075	0.000662697	0.000713538	0.00812343	0.00451973	0.00860689	0.00144772	0.00121101	0.00784149	0.661314
87	0.504368	0.0290106	0.000914582	0.00507213	0.00319668	0.00725845	0.000586988	0.0515483	0.00569943	0.0152349	0.00125362	0.0199053	0.00242394	0.0146238	0.00225579	0.0967917	0.128116	0.110635	0.000285034	0.000819555
88	0.125727	0.119007	0.0749406	0.0146842	0.0104776	0.0720292	0.00855616	0.0832608	0.0195455	0.0246874	0.0151571	0.29606	0.00946398	0.0180897	0.01481	0.0305518	0.0206655	0.0256802	0.00368923	0.0129164
89	0.0113851	0.00265101	0.00310682	0.0047497	0.00500717	0.0031923	0.00483257	0.228954	0.00518458	0.129289	0.0444142	0.0033376	0.00199655	0.0912979	0.00439504	0.00651334	0.00847221	0.436502	0.00118782	0.00353134
90	0.0289661	0.0117239	0.0158076	0.0345723	0.0040655	0.0119704	0.0138748	0.0171212	0.269791	0.0253207	0.0169459	0.0140623	0.017264	0.0390149	0.41667	0.0236108	0.0196178	0.0124978	0.00112071	0.00598253
91	0.0806917	0.0757042	0.013033	0.015079	0.00743863	0.0103934	0.00613314	0.0185284	0.0132722	0.079436	0.0771808	0.00904728	0.144199	0.0159436	0.00978416	0.042523	0.349277	0.0212259	0.00327708	0.00783291
92	0.0217575	0.0153736	0.00131224	0.00689598	0.003216	0.00747772	0.00113079	0.573359	0.00251899	0.0367787	0.0287964	0.00141986	0.00163979	0.00206972	0.00283032	0.00660407	0.0501605	0.234424	0.000436676	0.00179743
93	0.0368651	0.00401506	0.0066515	0.0406391	0.019661	0.0041806	0.00492108	0.0082123	0.26423	0.0305031	0.00991782	0.00725522	0.00449058	0.106317	0.359544	0.0375243	0.0246257	0.00758649	0.000993878	0.0218655
94	0.00776341	0.00202411	0.00270029	0.00449201	0.0428571	0.039249	0.104618	0.00471042	0.0043572	0.0283445	0.0114513	0.0108527	0.0236174	0.0114347	0.0459998	0.0127124	0.00588384	0.00556028	0.345487	0.285884
95	0.00542247	0.000942456	0.00197269	0.00336436	0.402434	0.00884685	0.0192988	0.146742	0.00273685	0.10833	0.0474361	0.00192676	0.00169744	0.00640665	0.00314221	0.00325903	0.0113372	0.0408565	0.0162593	0.167588
96	0.0562621	0.000816303	0.0624728	0.149279	0.00147587	0.00184716	0.00146153	0.00282898	0.160681	0.011392	0.0169368	0.0624017	0.150271	0.12809	0.0319398	0.0560846	0.100326	0.0031562	0.000618813	0.0016583
97	0.0668593	0.00104536	0.0375289	0.0585726	0.00284744	0.314801	0.00626685	0.00659216	0.180871	0.008827	0.00627769	0.0519159	0.0419506	0.0499694	0.078489	0.05149	0.024424	0.00790204	0.000472123	0.00289796
98	0.0113502	0.00307879	0.00422229	0.00662625	0.00391932	0.00385519	0.00372191	0.21725	0.00670656	0.118538	0.00877161	0.00486154	0.00410809	0.0624543	0.00538296	0.0718387	0.292895	0.164381	0.00159623	0.00444239
99	0.12225	0.00288878	0.0203224	0.131544	0.00815018	0.0440765	0.00698892	0.0171521	0.154032	0.016254	0.0334896	0.0173547	0.103973	0.0593457	0.0741417	0.0962052	0.024095	0.0596212	0.00166681	0.00644809
100	0.180906	0.030695	0.00514903	0.0228056	0.00303272	0.0508578	0.00245619	0.0076655	0.0173988	0.0277901	0.0110214	0.00460149	0.00638235	0.00477332	0.00820164	0.431969	0.173042	0.00680664	0.00132356	0.00312313
101	0.0754541	0.00393252	0.0402856	0.0319808	0.0270373	0.345066	0.00966006	0.0241906	0.0390765	0.0344875	0.00895598	0.0350578	0.155886	0.0258143	0.0222223	0.0358138	0.0303292	0.0310303	0.00257911	0.0211402
102	0.00815833	0.00363875	0.00157137	0.0119828	0.00995594	0.00198425	0.0425813	0.210417	0.0131836	0.308299	0.0853493	0.00139807	0.00133275	0.00567319	0.00240737	0.00573956	0.016302	0.266138	0.000828969	0.00305924
103	0.0188707	0.0341241	0.00429204	0.0184348	0.002573	0.0100918	0.0224601	0.0252494	0.254959	0.0336443	0.0253715	0.00645576	0.0251842	0.0204789	0.458368	0.00808489	0.0172087	0.0106575	0.000785533	0.0027061
104	0.0397572	0.0171927	0.0350009	0.0832226	0.010238	0.000840947	0.240938	0.00849735	0.0716307	0.00656742	0.0153005	0.187933	0.000615423	0.0650434	0.0925128	0.0303485	0.0430321	0.00838598	0.000380669	0.0425612
105	0.254397	0.00706403	0.0215636	0.040969	0.0892087	0.0513457	0.00916714	0.0275682	0.0209058	0.0352492	0.0143208	0.0145553	0.216865	0.0218589	0.0213865	0.0471269	0.0369256	0.0360368	0.00413837	0.029347
106	0.00814882	0.000695876	0.100115	0.68067	0.0140435	0.0204311	0.0163074	0.00284333	0.00677308	0.00286634	0.00185294	0.0263179	0.000981819	0.0777756	0.00217646	0.0218888	0.00469887	0.00235583	0.00798742	0.00107057
107	0.017098	0.00132918	0.103801	0.0529742	0.00199528	0.00212449	0.0240728	0.00373509	0.42199	0.115368	0.00283174	0.0405172	0.00128631	0.040113	0.0884074	0.00442749	0.0152502	0.0250808	0.0238588	0.0137385
108	0.0239794	0.00899158	0.00100205	0.00706917	0.00243259	0.00121981	0.00420295	0.167558	0.00188074	0.045551	0.022971	0.00116091	0.00145385	0.0023658	0.00451927	0.00213643	0.127244	0.567468	0.000347933	0.00644574
109	0.0058958	0.000481255	0.635245	0.03802	0.000717401	0.00943749	0.00866652	0.00139676	0.0100971	0.00510799	0.000914041	0.26398	0.000663454	0.00744773	0.000983216	0.00663515	0.00157936	0.00155992	0.000345362	0.000826773
110	0.0138521	0.00391943	0.000928443	0.00729874	0.0355259	0.00301358	0.00106647	0.391429	0.00313839	0.216355	0.124778	0.00191099	0.00136885	0.0021991	0.00342783	0.00321366	0.0146167	0.161144	0.00539465	0.00541946
111	0.0345253	0.018003	0.00244516	0.00979052	0.00233857	0.00248317	0.0148895	0.150741	0.00427298	0.0167955	0.0133738	0.00296784	0.00543666	0.00477481	0.00696922	0.00579237	0.28332	0.403769	0.000792765	0.0165186
112	0.00560079	0.00248675	0.000251477	0.000515536	0.00776209	0.000692651	0.000212227	0.575646	0.00167718	0.0777225	0.00709935	0.000291913	0.00191543	0.000397372	0.000376883	0.000955072	0.00855941	0.304797	0.000100056	0.00293974
113	0.0104762	0.00122792	0.00225536	0.00472142	0.281668	0.00785122	0.0122211	0.241645	0.00321831	0.160614	0.028793	0.00274362	0.00451973	0.005236	0.00443958	0.00324835	0.00784054	0.0906397	0.014998	0.111643
114	0.0747133	0.00526808	0.0375169	0.0518185	0.0141656	0.027776	0.0164425	0.0207694	0.149386	0.0325286	0.0277135	0.0260467	0.0163112	0.0472024	0.214613	0.142457	0.0484378	0.0284595	0.00376136	0.0146133
115	0.0745398	0.00629727	0.11689	0.20823	0.0139795	0.0137786	0.00761437	0.0167156	0.0675707	0.0262652	0.0713494	0.0264203	0.14743	0.053331	0.0250731	0.0347028	0.0504011	0.0248669	0.00483213	0.0097128
116	0.271163	0.012738	0.0305403	0.0321561	0.0079255	0.0746869	0.00935177	0.0319743	0.0237789	0.0222955	0.0210086	0.140547	0.00923562	0.0329049	0.0178433	0.186832	0.0287453	0.0307239	0.00243276	0.0131158
117	0.0603005	0.0297274	0.00159116	0.00229369	0.00166382	0.00166981	0.00141054	0.010851	0.00226699	0.00866593	0.0108811	0.00163231	0.00317573	0.00234726	0.00187136	0.150242	0.695313	0.0113751	0.00126009	0.00146123
118	0.0212565	0.00101069	0.492893	0.135308	0.00231226	0.00901084	0.00984182	0.00384954	0.0349681	0.0087124	0.0017921	0.167786	0.00232861	0.040273	0.0171904	0.0291224	0.0148357	0.00354427	0.00136252	0.0026017
119	0.0389462	0.00142871	0.352547	0.223423	0.00305193	0.0190535	0.0100742	0.00536695	0.053724	0.0101764	0.0030384	0.119163	0.00561539	0.0599693	0.0300674	0.0317464	0.0209467	0.00554715	0.00252865	0.00358522
120	0.0240669	0.00300424	0.000826305	0.00507374	0.0083487	0.00273309	0.00150446	0.216042	0.00450043	0.153893	0.0292562	0.00101144	0.00125983	0.00352093	0.00142625	0.00322103	0.0197428	0.516255	0.000555816	0.00375779
121	0.0229359	0.00148954	0.00788523	0.0048069	0.194894	0.00422434	0.0455205	0.00873386	0.00746896	0.0175231	0.0112794	0.00454842	0.00370691	0.0123613	0.00799222	0.0123887	0.00654947	0.00593486	0.014553	0.605203
122	0.28145	0.00633663	0.0087106	0.0109467	0.00920873	0.0514542	0.042834	0.0129834	0.0156211	0.0955394	0.152835	0.00784358	0.00513248	0.0122538	0.0904273	0.151055	0.0213905	0.0143835	0.00284007	0.00675458
123	0.413218	0.0192302	0.00517081	0.00465262	0.00426602	0.260557	0.00340521	0.0132863	0.0064212	0.0233002	0.0166306	0.0184054	0.00250236	0.00674617	0.00359666	0.15545	0.0112734	0.0262512	0.00044671	0.00518898
124	0.00402921	0.002407	0.00024091	0.000389822	0.00853101	0.000646048	0.000208969	0.598772	0.00179964	0.0808906	0.00615935	0.000280788	0.00199796	0.000360132	0.000362555	0.000874441	0.00670595	0.282007	0.000128045	0.00320878
125	0.0677949	0.00238852	0.102209	0.459034	0.00823264	0.0303486	0.0105028	0.0123323	0.0546589	0.0143917	0.00978226	0.0307828	0.0097115	0.0790236	0.0252386	0.0325284	0.0241202	0.0148156	0.00464787	0.00745625
126	0.0158932	0.0120281	0.00205494	0.00327648	0.168385	0.00282028	0.00384543	0.00387503	0.0029929	0.0162286	0.023309	0.00225934	0.00158361	0.00335729	0.00329485	0.00460327	0.0181881	0.0252981	0.545042	0.141664
127	0.263334	0.000923472	0.0262288	0.155259	0.0223644	0.00217265	0.0144411	0.0167703	0.0584225	0.00836297	0.00272581	0.00206278	0.0199046	0.0909099	0.0178478	0.130182	0.055384	0.0130206	0.0210853	0.0785976
128	0.00209702	0.000394237	0.087909	0.0356732	0.000651159	0.704867	0.000612883	0.0042089	0.0131619	0.00116581	0.000888906	0.0543658	0.00426551	0.0283754	0.00504219	0.0344247	0.0167394	0.00109506	0.000190899	0.00387136
129	0.0133666	0.0108074	0.0203711	0.00804297	0.00119417	0.00188491	0.00101673	0.00753195	0.00780387	0.00227807	0.00158873	0.00127893	0.000708598	0.00167983	0.00147996	0.590836	0.324608	0.00186387	0.00042311	0.00123551
130	0.13771	0.00097581	0.148103	0.287919	0.0111032	0.00187441	0.0012312	0.00288263	0.0389283	0.00349607	0.00439019	0.0112528	0.245262	0.0194612	0.00255977	0.0217805	0.0295975	0.0290713	0.000581277	0.00182017
131	0.089101	0.000197981	0.0937336	0.522771	0.00137978	0.044556	0.000959429	0.0104303	0.0481809	0.0112049	0.00611354	0.0256192	0.000322928	0.0770989	0.012724	0.0305458	0.0163144	0.008069	0.00017506	0.000501958
132	0.56785	0.0266463	0.00078799	0.00591519	0.0047195	0.0118673	0.000501092	0.0362001	0.00486351	0.0105846	0.00135595	0.0153712	0.00297871	0.0125261	0.00139787	0.0988325	0.0855798	0.111026	0.000313974	0.000682634
133	0.0855819	0.00440526	0.0576715	0.165982	0.000778324	0.00616085	0.00476021	0.0117099	0.23113	0.0553179	0.00207855	0.0377247	0.00171718	0.138818	0.12464	0.0281712	0.0232923	0.0185933	0.000583904	0.000883275
134	0.0602891	0.00151713	0.0427862	0.102228	0.000382664	0.0329521	0.00487376	0.00215239	0.370994	0.0111138	0.011917	0.0128946	0.0068553	0.0635996	0.148763	0.0787003	0.0371753	0.0102986	0.000137551	0.000369583
135	0.0125692	0.00575104	0.000599068	0.00460358	0.0891788	0.00061849	0.000773617	0.153779	0.00319223	0.575542	0.0528194	0.000894989	0.00058802	0.0062048	0.00255707	0.00132592	0.00162514	0.0857922	0.000440185	0.00114493
136	0.0436733	0.000972465	0.00187359	0.0131744	0.00192423	0.00173072	0.00179124	0.117431	0.116776	0.266392	0.0843416	0.00197204	0.00151387	0.01392	0.162994	0.0125567	0.0256604	0.0871431	0.00106644	0.0430919
137	0.122096	0.00144834	0.189049	0.201459	0.000935528	0.0297644	0.0099772	0.000879445	0.108864	0.00771983	0.00126709	0.0736286	0.000381546	0.0636066	0.064939	0.0964108	0.0204984	0.00263645	0.0025928	0.00184666
138	0.00480198	0.000990115	0.00176831	0.0034815	0.416563	0.00885342	0.0209312	0.14383	0.00256431	0.108331	0.0480132	0.00191203	0.00127572	0.00661633	0.00341851	0.00326453	0.0129631	0.0393389	0.0150791	0.156005
139	0.0125629	0.00573931	0.000611992	0.00457048	0.0893847	0.000626352	0.000735374	0.1528	0.00315966	0.57759	0.0523619	0.000892535	0.00059376	0.00620242	0.00256166	0.0013322	0.00163673	0.085051	0.000441454	0.00114563
140	0.0393427	0.00635184	0.00882732	0.0540011	0.00720475	0.0110109	0.026034	0.103761	0.211529	0.0445883	0.0273543	0.028649	0.000845566	0.0860875	0.164783	0.0194516	0.0771555	0.0673928	0.000227549	0.0154022
141	0.0381475	0.000786175	0.241203	0.280381	0.00165261	0.00474855	0.0111371	0.00438309	0.106062	0.00928402	0.000538895	0.0643563	0.000632339	0.0912747	0.0541123	0.0288787	0.0553076	0.0022833	0.000209524	0.00462103
142	0.0417467	0.000847524	0.215804	0.327623	0.00255398	0.0054871	0.0170348	0.00392382	0.0895888	0.00830776	0.000981181	0.0502179	0.000715413	0.0933916	0.0446785	0.0282407	0.0585065	0.00455574	0.000475163	0.00532012
143	0.00648804	0.00108379	0.00221253	0.0031354	0.295474	0.0136009	0.00951403	0.0125602	0.00344502	0.422472	0.160914	0.0115587	0.00161459	0.00320528	0.0140129	0.00367487	0.00398303	0.0161518	0.000795626	0.0141036
144	0.491945	0.0120992	0.00872475	0.00225582	0.00233292	0.191827	0.00176577	0.00746195	0.00726437	0.0112572	0.00772687	0.0110939	0.0035018	0.00408778	0.00670103	0.209228	0.00515373	0.0127079	0.000647472	0.00221797
145	0.00968711	0.000897347	0.00140313	0.00423319	0.143259	0.00146876	0.00383813	0.393833	0.0026188	0.214598	0.0031043	0.00153231	0.00301858	0.00229528	0.00379333	0.00275273	0.0030513	0.129859	0.0158764	0.0588808
146	0.06201	0.00620379	0.018813	0.0305058	0.0729372	0.167228	0.0139593	0.0261999	0.0475417	0.0287506	0.0247909	0.0238707	0.0184385	0.024025	0.0885575	0.158366	0.138077	0.0248824	0.0101362	0.0147062
147	0.00401977	0.00240816	0.000230579	0.000389365	0.00822512	0.000639961	0.000209384	0.598902	0.00176424	0.0805265	0.00612157	0.000278057	0.0019779	0.000355515	0.000355226	0.000877448	0.00674528	0.282879	9.8429e-05	0.00299626
148	0.0661629	0.00333985	0.0400014	0.0807582	0.00664424	0.0358972	0.0113857	0.0138566	0.290366	0.0216456	0.0172396	0.0236794	0.0190183	0.0585094	0.109859	0.129699	0.0466566	0.0173756	0.0014323	0.00647345
149	0.075531	0.00642605	0.0208009	0.0261119	0.030516	0.102821	0.0171265	0.0856384	0.0675745	0.0669926	0.00962936	0.0692528	0.168033	0.0358134	0.0310826	0.0285086	0.0242878	0.0927554	0.00418779	0.0369112
150	0.0340959	0.0177008	0.0015714	0.00255198	0.00765543	0.00508235	0.00115872	0.531209	0.00225436	0.0436095	0.12119	0.00161253	0.00116341	0.00238244	0.00310931	0.00596797	0.0243568	0.188828	0.00152719	0.00297187
151	0.0209051	0.018334	0.0164495	0.00740522	0.00118642	0.00390791	0.00108809	0.00719662	0.00674513	0.00435211	0.00291697	0.0013833	0.00174592	0.0016927	0.00150237	0.540582	0.358146	0.00274366	0.000471831	0.00124498
152	0.0437103	0.00112738	0.00193461	0.173594	0.00169274	0.00213009	0.0112116	0.0948365	0.255899	0.0319562	0.00282464	0.00212387	0.0621765	0.0397196	0.175868	0.0432841	0.0125712	0.0408491	0.000653741	0.00183664
153	0.14915	0.00132272	0.0681452	0.133475	0.0673995	0.0026282	0.018177	0.0210776	0.0635135	0.0165484	0.00333907	0.00247889	0.020369	0.117852	0.021114	0.109806	0.0666193	0.0100602	0.0213609	0.0855636
154	0.0797755	0.0019338	0.0320924	0.0440313	0.00262344	0.351297	0.00589193	0.0193612	0.171621	0.00745738	0.00416415	0.0616476	0.0132757	0.0327137	0.103052	0.0283474	0.031394	0.0051683	0.00136473	0.00278734
155	0.0136383	0.0112997	0.0200419	0.00794286	0.00118146	0.00211238	0.00102183	0.00764519	0.00768399	0.00245646	0.00165035	0.00123483	0.0007029	0.00165267	0.00143396	0.591297	0.32347	0.0018764	0.000417637	0.0012398
156	0.0057454	0.0013484	0.0347917	0.131476	0.00156229	0.0023128	0.022486	0.0144913	0.364685	0.00520125	0.00337904	0.00251175	0.00189411	0.250348	0.057596	0.0472924	0.0466707	0.00352466	0.000732656	0.00195096
157	0.0985659	0.00482607	0.0325212	0.0724691	0.0068361	0.0234503	0.0128997	0.0238213	0.245204	0.0273565	0.0160223	0.0266859	0.0259068	0.0551227	0.170451	0.0586441	0.0665947	0.0210892	0.00162838	0.00990504
158	0.0170299	0.00473042	0.00547765	0.0115208	0.0111938	0.00662341	0.173608	0.23173	0.0144327	0.271714	0.036069	0.00592559	0.00438745	0.00994707	0.0118696	0.0126969	0.0120963	0.146702	0.00288145	0.00936341
159	0.0695831	0.0125763	0.00135269	0.00205812	0.00202142	0.00284729	0.000953388	0.385046	0.00196429	0.0388181	0.0508829	0.00122152	0.00135057	0.00237094	0.00136768	0.00546147	0.0297046	0.38717	0.000457724	0.00279244
160	0.0626285	0.00173443	0.0372858	0.094735	0.00220868	0.028535	0.00484534	0.0041719	0.359884	0.0136983	0.0126814	0.0127439	0.0089704	0.0602372	0.169268	0.0809119	0.0334687	0.0101314	0.000180072	0.00168059
161	0.126191	0.00199512	0.00364843	0.0279247	0.0379472	0.00395984	0.0029598	0.00592924	0.238664	0.0616605	0.0715613	0.00403158	0.00230927	0.0496464	0.170116	0.153646	0.00891616	0.00625922	0.0012526	0.0213821
162	0.412792	0.024296	0.00606842	0.0153458	0.00797556	0.0186908	0.00463638	0.0771937	0.0207425	0.0271926	0.0162965	0.019518	0.00794693	0.0170107	0.0133709	0.0696767	0.14193	0.0922774	0.00173164	0.00530727
163	0.0154045	0.00633083	0.000524598	0.00761332	0.0714306	0.000587596	0.000708715	0.242842	0.00339605	0.435032	0.0749856	0.00135926	0.000534853	0.00470162	0.00158772	0.00204444	0.00587639	0.123071	0.00104564	0.000923686
164	0.031493	0.000545027	0.15652	0.274468	0.0009185	0.00147559	0.00287098	0.00740817	0.127446	0.0188821	0.00109879	0.0555923	0.00923849	0.181245	0.0820087	0.0165272	0.0200978	0.00567163	0.00486873	0.00162457
165	0.0114299	0.000323823	0.00444091	0.00112969	0.21652	0.000718111	0.0509978	0.00480177	0.00464235	0.00537536	0.00790842	0.000641176	0.000704172	0.00822502	0.00463132	0.00852665	0.00144142	0.00124141	0.00801288	0.658288
166	0.549431	0.0261146	0.000927155	0.00568597	0.00393766	0.00828992	0.00057369	0.0404909	0.00512026	0.0137382	0.00232881	0.0164547	0.00283579	0.0124831	0.00182453	0.0916724	0.102845	0.113986	0.000317704	0.000942528
167	0.0777278	0.000643517	0.0235171	0.0457803	0.000849002	0.0137772	0.0130629	0.00910373	0.289089	0.0274208	0.0130458	0.0458322	0.125847	0.0475664	0.184014	0.0425806	0.0326149	0.00171663	0.00038793	0.00542238
168	0.0162442	0.0016854	0.00911599	0.00872764	0.0220801	0.00659379	0.0684819	0.0162753	0.129275	0.00961954	0.0444876	0.0922065	0.00300478	0.0411806	0.124082	0.203528	0.126846	0.0682827	0.00111055	0.00717183
169	0.0109907	0.00137804	0.00105247	0.00408335	0.00252788	0.00681607	0.00254017	0.0881158	0.00863854	0.194196	0.0219923	0.00106489	0.000879655	0.00250897	0.00156674	0.00273726	0.027986	0.618785	0.000425862	0.00171425
170	0.237354	0.0324679	0.00285692	0.00966887	0.00320467	0.0260534	0.00286839	0.0191548	0.00897588	0.0388461	0.0131571	0.00926305	0.00700311	0.00734034	0.00615318	0.233513	0.305663	0.031786	0.00127653	0.00339379
171	0.0136934	0.00585113	0.000509589	0.00693745	0.080585	0.000605546	0.000854091	0.215038	0.00444056	0.463781	0.0670162	0.0011366	0.000490681	0.0050273	0.00168428	0.00186486	0.00442083	0.122612	0.00181931	0.00163256
172	0.355505	0.0122512	0.0031922	0.00732949	0.00389517	0.0135481	0.00211032	0.0891715	0.00552755	0.0244926	0.0598045	0.00628881	0.00972423	0.00535166	0.00764807	0.0226962	0.00885415	0.358423	0.000922692	0.00326363
173	0.0712207	0.00831669	0.0926591	0.0361852	0.108894	0.170365	0.109862	0.0385258	0.0310153	0.0450906	0.0212215	0.0308329	0.0320226	0.0325528	0.0258035	0.0350049	0.0322531	0.0349833	0.00859201	0.0345995
174	0.0564741	0.00264958	0.0932731	0.0978613	0.00327946	0.224138	0.00778096	0.00765228	0.203898	0.010984	0.00751039	0.0505769	0.00995907	0.0508944	0.0778277	0.0544377	0.0267249	0.00824456	0.00148574	0.00434841
175	0.0412156	0.00190442	0.0677855	0.03464	0.00337039	0.651763	0.00173908	0.00634846	0.0226281	0.00497851	0.00360096	0.0481096	0.00621955	0.0272245	0.01059	0.0404776	0.016957	0.0050251	0.000606074	0.00481686
176	0.0736653	0.0104391	0.0452607	0.0614411	0.0165289	0.0515735	0.015135	0.0317043	0.0778199	0.0338846	0.0185982	0.165106	0.160488	0.0439393	0.0452389	0.0396767	0.0410627	0.0298476	0.0143909	0.0241989
177	0.0158327	0.00393716	0.000955166	0.00304422	0.00934357	0.00147831	0.00130074	0.472602	0.00243508	0.0792692	0.0162177	0.00123144	0.00209318	0.00220486	0.00145665	0.00247694	0.0173622	0.362206	0.000813995	0.0037387
178	0.0485666	0.00348007	0.00922873	0.0626539	0.00682552	0.00687208	0.0109226	0.0521787	0.0275855	0.180092	0.213283	0.00787429	0.00629872	0.276651	0.0183767	0.0142136	0.0167214	0.0277664	0.00205314	0.00835669
179	0.0532147	0.00671049	0.035545	0.0683087	0.00865376	0.0271161	0.0136116	0.0232116	0.323533	0.0420929	0.0224571	0.0229239	0.0186756	0.0644482	0.153664	0.0446071	0.0323036	0.0261066	0.00314782	0.00966803
180	0.0114222	0.000323844	0.00442288	0.00111486	0.216463	0.000701381	0.050571	0.00477424	0.00465863	0.00532545	0.00795553	0.000645404	0.000703107	0.0082125	0.00459236	0.00857221	0.001437	0.00120803	0.00796694	0.658929
181	0.0630456	0.0261854	0.00689497	0.0128711	0.00460416	0.00993704	0.00436647	0.025417	0.00959406	0.0230433	0.0192122	0.00705267	0.00845223	0.00979477	0.00790398	0.137845	0.580183	0.0358895	0.00391915	0.00378873
182	0.0607893	0.00101806	0.104408	0.447219	0.00444	0.130329	0.0060089	0.00805832	0.0458253	0.00935158	0.00481509	0.0331482	0.00228099	0.0669535	0.016283	0.0326706	0.0160493	0.00661697	0.00197866	0.00175643
183	0.118184	0.00643415	0.050129	0.031043	0.00408796	0.531294	0.0027747	0.00822816	0.0236829	0.0107543	0.00834046	0.0391242	0.00659504	0.0216979	0.0111142	0.0873177	0.0202914	0.0120992	0.00168717	0.00512071
184	0.403242	0.0283195	0.00185956	0.00185313	0.00385016	0.266473	0.00770575	0.0117564	0.00865317	0.0341167	0.0264429	0.0260363	0.00143468	0.0101436	0.00236951	0.120616	0.00261859	0.0278012	0.000474602	0.0142325
185	0.194006	0.00783213	0.0184024	0.0210155	0.216734	0.0346049	0.0141402	0.0407881	0.0208275	0.0887913	0.0321339	0.0154257	0.0285567	0.0209758	0.025987	0.0381992	0.0322127	0.0413928	0.018603	0.0893714
186	0.0124876	0.0375733	0.00226899	0.0110151	0.00189152	0.0139986	0.0169147	0.0299709	0.226888	0.0306333	0.0400327	0.00300279	0.0226968	0.0118664	0.504211	0.00550015	0.011442	0.014661	0.000799452	0.00214593
187	0.0394277	0.000802732	0.24332	0.276513	0.00162446	0.00483036	0.0112843	0.00484107	0.105372	0.0100721	0.00051471	0.063973	0.000651423	0.0930021	0.053617	0.0285411	0.0540946	0.00248356	0.000282921	0.0047517
188	0.0168478	0.0116693	0.00213423	0.00329581	0.164354	0.00304565	0.00470321	0.00408734	0.00313385	0.0158287	0.0230812	0.00222682	0.00152058	0.00327111	0.00339848	0.00470716	0.0197284	0.0255557	0.548667	0.138744
189	0.408215	0.026047	0.00214055	0.0012415	0.00395229	0.270049	0.00358307	0.0140273	0.00494986	0.0294887	0.019997	0.0204632	0.00121817	0.00553265	0.00182439	0.14352	0.0033565	0.0336756	0.000324694	0.00639322
190	0.0109961	0.00032471	0.00433147	0.00116554	0.222907	0.00117326	0.0490898	0.00755669	0.00461974	0.00765024	0.0096752	0.000684803	0.000726995	0.00822157	0.00445113	0.00830706	0.00166343	0.00206105	0.00798467	0.64641
