229	20
1	0.0100017	0.00478834	0.00165137	0.00732315	0.000669943	0.00203933	0.00564508	0.0169289	0.512475	0.0063781	0.00261977	0.00346297	0.00110327	0.0154602	0.331959	0.0167485	0.0150948	0.0410322	0.000314251	0.00430357
2	0.281514	0.00225254	0.019834	0.0852924	0.00125356	0.0410542	0.0113286	0.0359944	0.0406776	0.0537215	0.0139782	0.018971	0.0155976	0.0954796	0.019071	0.0780828	0.0569446	0.127437	0.000330655	0.00118466
3	0.178291	0.00326819	0.0263526	0.107818	0.000596089	0.053011	0.00358792	0.0534833	0.0551041	0.0709156	0.037361	0.0249119	0.00312766	0.0969697	0.0256265	0.100082	0.0762931	0.0825106	0.000180569	0.000508192
4	0.0174017	0.0045624	0.0036903	0.00811304	0.244699	0.00379801	0.0319309	0.0391429	0.00641045	0.0512258	0.0183552	0.0152202	0.00313153	0.026357	0.011001	0.0128412	0.00714637	0.0198404	0.0265114	0.448621
5	0.144479	0.0123842	0.0497124	0.0577361	0.123061	0.0151375	0.0107376	0.181058	0.0255207	0.0673467	0.0137533	0.0517718	0.042615	0.0178266	0.0516895	0.0247581	0.0195165	0.083146	0.00213601	0.00561378
6	0.127195	0.00301804	0.0324842	0.104712	0.000601381	0.0423112	0.00213777	0.0613397	0.0568165	0.0870799	0.0488094	0.0261958	0.00151993	0.094475	0.0312004	0.10674	0.0923836	0.0802781	0.000190082	0.000511731
7	0.0073393	0.00387388	0.00132567	0.00598501	0.000605656	0.00182366	0.00559199	0.0165201	0.52074	0.00599313	0.00146304	0.00195678	0.000746389	0.0129023	0.340958	0.0153854	0.014761	0.0380478	0.000260264	0.00372071
8	0.0238008	0.0018393	0.000960329	0.00632633	0.0538319	0.00126456	0.0037139	0.106434	0.00606217	0.613965	0.0940068	0.00413162	0.000671271	0.0013989	0.00232396	0.00931151	0.00190877	0.0657591	0.000336714	0.00195294
9	0.0232676	0.0422805	0.0070468	0.109396	0.0203175	0.0386681	0.0219889	0.172166	0.131849	0.0204617	0.0241416	0.0561461	0.00258081	0.0110749	0.0629448	0.0451961	0.0434148	0.134299	0.000598898	0.0321621
10	0.177425	0.00096282	0.0824702	0.213599	0.00060959	0.0181495	0.00770208	0.00182388	0.137937	0.00217437	0.00183367	0.0403702	0.00103251	0.0637738	0.0495911	0.165455	0.0317412	0.00247747	0.000282356	0.000588822
11	0.083108	0.0840624	0.0125794	0.00793702	0.0670292	0.00638246	0.0886097	0.00969429	0.0246085	0.210126	0.0538811	0.0105286	0.0143604	0.02674	0.0120824	0.0303377	0.0236454	0.0497824	0.00156728	0.182938
12	0.0232244	0.0014556	0.000952144	0.00645584	0.0557194	0.00125321	0.00388292	0.101492	0.00577095	0.625288	0.0916473	0.00413589	0.000750947	0.0014467	0.00228696	0.00920275	0.00203592	0.060393	0.000369267	0.00223619
13	0.0613974	0.00102723	0.256127	0.413927	0.000312715	0.00998079	0.000728437	0.00119868	0.0430641	0.00518303	0.00680717	0.0413478	0.0017033	0.0492458	0.0057347	0.0570001	0.0411132	0.00366193	0.00011813	0.000321497
14	0.0402056	0.00173406	0.195953	0.247478	0.000904912	0.0175857	0.00193809	0.00911021	0.0685459	0.00392468	0.0220697	0.0622974	0.00235056	0.112549	0.00461062	0.0741174	0.128925	0.0046506	0.000313129	0.000737375
15	0.0100076	0.00151457	0.00107539	0.0059754	0.237952	0.0014215	0.0118521	0.0338786	0.00170526	0.0374475	0.015346	0.00536413	0.000799393	0.00502576	0.00917855	0.00742457	0.00213912	0.00900012	0.0167494	0.586143
16	0.0537979	0.0650729	0.00506426	0.00649537	0.00604056	0.00490764	0.00293445	0.111775	0.00659982	0.0220276	0.00657248	0.00448148	0.00291311	0.00801976	0.0036388	0.00995204	0.0126565	0.664001	0.000718507	0.00233145
17	0.0388014	0.00274027	0.0277343	0.100197	0.00246938	0.297091	0.0484505	0.00552326	0.0315725	0.0483027	0.00511985	0.146588	0.0037394	0.0101121	0.00424081	0.108617	0.0697754	0.045692	0.000808451	0.00242537
18	0.0403922	0.0194551	0.00245945	0.000913782	0.0195864	0.00159585	0.000445694	0.343522	0.00372233	0.092129	0.0131937	0.0005065	0.00205761	0.00310347	0.000715734	0.00484216	0.0255927	0.421327	7.52752e-05	0.00436404
19	0.0791143	0.00146977	0.269362	0.267755	0.00187575	0.026858	0.0090383	0.00307363	0.0437087	0.00776023	0.00557174	0.0850468	0.0262381	0.0329931	0.0152393	0.0814109	0.036044	0.00558689	0.000506658	0.00134607
20	0.0483282	0.0176294	0.0174323	0.026936	0.138482	0.018065	0.141822	0.0191214	0.0406642	0.0488189	0.017789	0.193947	0.0156352	0.0358693	0.0138348	0.0568601	0.0477424	0.0342443	0.00339748	0.0633821
21	0.0593349	0.0243611	0.00558119	0.010477	0.01878	0.00679456	0.00462567	0.238749	0.0134348	0.0819917	0.0183722	0.00603803	0.0066032	0.0110855	0.00781548	0.0172148	0.0314184	0.428226	0.00117098	0.00792558
22	0.0417818	0.00727822	0.0143484	0.0191002	0.0048796	0.37786	0.0131444	0.0110095	0.0194872	0.0153713	0.0200453	0.0143504	0.0077591	0.0232086	0.22308	0.12407	0.0303772	0.0254099	0.00266169	0.00477735
23	0.147689	0.0176419	0.0190544	0.033476	0.00559995	0.0438771	0.00930504	0.0133422	0.0249207	0.0151129	0.0114337	0.0304224	0.0220338	0.0309079	0.0118122	0.477399	0.0539698	0.0257168	0.000967484	0.00531807
24	0.0246778	0.00157021	0.0309195	0.0528959	0.0135007	0.00557066	0.0190992	0.015469	0.2842	0.0176676	0.032932	0.100937	0.0065187	0.120707	0.0813147	0.0879682	0.0893327	0.00494652	0.000308532	0.00946425
25	0.0737996	0.00616382	0.0329282	0.0743198	0.00776882	0.0248547	0.0374293	0.0246613	0.187104	0.0354565	0.0269593	0.0426213	0.0168406	0.182588	0.0592075	0.071717	0.0525667	0.0335965	0.0011913	0.008226
26	0.0231282	0.0301493	0.00151625	0.00398018	0.0475058	0.00182768	0.00203909	0.194327	0.00748104	0.299368	0.138038	0.00282453	0.0014233	0.0037762	0.00337316	0.0143689	0.0165633	0.202531	0.000699405	0.00507988
27	0.131081	0.00303485	0.00851837	0.0610018	0.00349011	0.0123415	0.145366	0.010745	0.0649876	0.0495731	0.0480366	0.0101906	0.00688602	0.307381	0.00516094	0.102909	0.0133943	0.0121829	0.000940501	0.00277826
28	0.0302224	0.00291364	0.160119	0.139301	0.00183219	0.0296864	0.00289142	0.0175934	0.0648175	0.00537915	0.0422687	0.0595654	0.00313047	0.180392	0.00528521	0.0827532	0.163405	0.00667174	0.000468388	0.00130435
29	0.0408509	0.0160982	0.00316118	0.00239526	0.0166902	0.00172565	0.000541843	0.375737	0.00340397	0.0821421	0.0110515	0.000981616	0.00198871	0.00429502	0.000555	0.00612656	0.0345883	0.39336	8.98563e-05	0.00421692
30	0.0742194	0.0113509	0.0550249	0.124622	0.00774885	0.031549	0.0137421	0.0315987	0.156615	0.0281005	0.0209772	0.044604	0.0177863	0.0562612	0.154798	0.0745535	0.0473929	0.0414639	0.00195098	0.00564102
31	0.0289966	0.00242611	0.00418934	0.0211554	0.00203247	0.018268	0.0603279	0.0701696	0.131377	0.0939686	0.0883856	0.00467193	0.00228665	0.146319	0.198294	0.0244434	0.0355654	0.0650511	0.000510823	0.00156184
32	0.0186052	0.000756368	0.0436987	0.0722188	0.00780571	0.00667821	0.0209885	0.0200426	0.314231	0.0143513	0.0248358	0.0706037	0.00824458	0.12243	0.0887896	0.071046	0.0916666	0.00223057	0.000200642	0.000576317
33	0.473605	0.0194028	0.00189709	0.00320677	0.00100471	0.240767	0.00928289	0.00711718	0.00342464	0.00261979	0.00213358	0.0277024	0.00882379	0.00595216	0.00154916	0.169048	0.0173905	0.00405398	0.000325838	0.000691898
34	0.0270793	0.00268193	0.0179006	0.121416	0.00229155	0.0049803	0.00340777	0.219581	0.007514	0.0405589	0.00399269	0.00408953	0.00283534	0.0274122	0.00317226	0.0275078	0.119563	0.361503	0.000659544	0.00185354
35	0.0188605	0.0145576	0.000826458	0.00223923	0.0343286	0.000897577	0.00100947	0.298238	0.00663622	0.279722	0.0466573	0.00090648	0.000660117	0.00410104	0.00369058	0.00202864	0.00365639	0.279733	0.000422157	0.000828351
36	0.0243914	0.00668254	0.000874233	0.00894136	0.0379261	0.0011129	0.00256812	0.159555	0.00588056	0.496177	0.0682556	0.0029852	0.00150984	0.00356679	0.00338163	0.00610257	0.00406744	0.164057	0.000468607	0.00149613
37	0.0932563	0.0830885	0.0146072	0.0298007	0.0118418	0.0240117	0.0448086	0.127646	0.0378082	0.109225	0.171287	0.0636058	0.00667594	0.0182469	0.0178247	0.0368979	0.0246043	0.0693696	0.00150399	0.01389
38	0.0687514	0.00549482	0.0372199	0.0418069	0.0028916	0.520158	0.0111928	0.0125416	0.0268957	0.0188328	0.0140716	0.0737897	0.00865606	0.0285113	0.0210656	0.0568462	0.0247873	0.0232568	0.000932551	0.00229763
39	0.0408243	0.00432975	0.00326921	0.0190924	0.18858	0.00425552	0.00528515	0.09328	0.0046855	0.265501	0.0101048	0.00462678	0.00239917	0.0057996	0.00423567	0.0208153	0.00576018	0.0850353	0.0573297	0.17479
40	0.0723341	0.00121923	0.251516	0.406017	0.00049536	0.0104679	0.00152327	0.00151647	0.0470934	0.0105368	0.0103942	0.0389665	0.00392393	0.0434421	0.0106686	0.052585	0.0324006	0.00399072	0.000287427	0.000621068
41	0.0976194	0.0500743	0.00367376	0.0390437	0.0019309	0.0055179	0.0105672	0.0191268	0.249707	0.0336588	0.0345963	0.0854467	0.0302613	0.027729	0.155192	0.107475	0.0130179	0.0272583	0.000742712	0.00736092
42	0.0206359	0.00345614	0.000840064	0.00517716	0.0515577	0.00107373	0.00430428	0.135189	0.00547512	0.581897	0.0788143	0.00324181	0.0006511	0.00171346	0.00211443	0.00712054	0.00202176	0.0927424	0.00036996	0.00160473
43	0.0263605	0.00349407	0.00107155	0.00776951	0.0523534	0.00145807	0.00329414	0.102611	0.00844422	0.583012	0.112727	0.00533605	0.000774851	0.00157158	0.00242073	0.0125076	0.00290579	0.0694557	0.000300938	0.00213179
44	0.0443214	0.00323677	0.0662598	0.0882077	0.0039373	0.0107609	0.0815567	0.00743553	0.0382162	0.0106574	0.00726215	0.240747	0.205025	0.0412799	0.00570849	0.0449943	0.082685	0.0142373	0.000893107	0.00257798
45	0.0646862	0.0580624	0.0187219	0.00626412	0.0723529	0.00429715	0.160671	0.0053952	0.0397071	0.132604	0.0199733	0.0123641	0.0254762	0.0469574	0.017588	0.0405306	0.0256386	0.0667909	0.0015079	0.180411
46	0.0134404	0.0064055	0.00139451	0.00826909	0.000778207	0.00246557	0.00503978	0.0176263	0.500657	0.00478434	0.00359284	0.00340907	0.000923235	0.0195795	0.315638	0.016409	0.0137908	0.0589945	0.000266113	0.0065354
47	0.0489209	0.00417475	0.0224463	0.116331	0.00294788	0.285859	0.0261188	0.0153796	0.0577337	0.111193	0.0136161	0.0701981	0.0065629	0.122694	0.00875425	0.0389584	0.0222618	0.022819	0.000683762	0.0023466
48	0.0542951	0.00833021	0.0605077	0.0547361	0.00826105	0.0571141	0.0134653	0.0165954	0.194117	0.018549	0.0169427	0.206485	0.00988622	0.0577352	0.0611611	0.0839941	0.0511086	0.017928	0.000834371	0.0079529
49	0.0402223	0.0192767	0.00248059	0.000616078	0.0190348	0.00158951	0.000302836	0.347883	0.0033008	0.0861715	0.0119487	0.000408418	0.00210125	0.00297549	0.000404534	0.00466671	0.0265914	0.425516	6.19216e-05	0.00444793
50	0.460247	0.0320745	0.00286815	0.00631686	0.00109473	0.171537	0.00562162	0.00758383	0.00593538	0.00291347	0.00279674	0.02198	0.00725174	0.0110264	0.00252679	0.219751	0.0286975	0.00831977	0.000537727	0.000920967
51	0.024384	0.00495441	0.00147298	0.00789215	0.194352	0.00198052	0.00341731	0.101451	0.00496947	0.420355	0.063099	0.00361126	0.00117323	0.00287241	0.00222136	0.00994615	0.00350167	0.0848479	0.0156489	0.0478497
52	0.0388047	0.0188846	0.00253761	0.000664744	0.0182446	0.0015821	0.000318308	0.348889	0.00331741	0.0841738	0.0116458	0.000465524	0.00202329	0.00340671	0.000434381	0.00482837	0.0278743	0.427452	7.67339e-05	0.00437597
53	0.0655079	0.00110726	0.256679	0.427446	0.000346467	0.0106375	0.000784507	0.000997593	0.0417971	0.0064961	0.00726688	0.0365438	0.00176115	0.0468553	0.00669352	0.0501659	0.0350779	0.00336131	0.000161842	0.00031329
54	0.0391048	0.0184746	0.00253723	0.000856818	0.0182384	0.00160074	0.000299789	0.34806	0.00325802	0.0856431	0.0116158	0.000555607	0.00201824	0.00334351	0.000415467	0.00499677	0.0295467	0.425084	6.51459e-05	0.0042852
55	0.00725817	0.00390323	0.00141551	0.00609438	0.000670592	0.0018364	0.00541979	0.016762	0.517677	0.00661157	0.00160124	0.0021081	0.000871856	0.0126951	0.342606	0.0162566	0.0149656	0.0373679	0.000262335	0.003617
56	0.0609376	0.000737775	0.338881	0.2879	0.000490607	0.0135711	0.0100584	0.00129184	0.0378918	0.00631309	0.00444723	0.0526327	0.0420686	0.0205082	0.0124579	0.0777057	0.0288952	0.00250022	0.000159721	0.000551244
57	0.0629597	0.0245032	0.0118754	0.0652173	0.0085468	0.00726909	0.0126755	0.165868	0.0890943	0.124622	0.0365923	0.00911415	0.00238968	0.0311671	0.0659816	0.0182786	0.023742	0.238333	0.000225111	0.00154525
58	0.0171482	0.0113983	0.00108573	0.00148705	0.0362267	0.00109234	0.000802414	0.388768	0.00821887	0.215668	0.0441275	0.000928573	0.000789422	0.00316216	0.00237819	0.00243785	0.00611781	0.255838	0.000307647	0.00201805
59	0.126946	0.00302218	0.0320858	0.1043	0.000622438	0.0426773	0.00213947	0.0620035	0.0565697	0.0872618	0.0491679	0.0261494	0.00150154	0.0947575	0.0308622	0.106986	0.0928329	0.079445	0.000193394	0.000476242
60	0.177735	0.00095295	0.0825506	0.213972	0.000595238	0.0179626	0.00777042	0.00180632	0.137731	0.00214736	0.00183186	0.0402375	0.00103321	0.0635818	0.0494869	0.165512	0.0317815	0.00243781	0.000283839	0.000589095
61	0.0368708	0.0195852	0.00936461	0.0171416	0.0960448	0.00725713	0.084877	0.0092634	0.0659752	0.0633638	0.0192704	0.169482	0.0106343	0.0555015	0.0143195	0.09901	0.0867674	0.0307793	0.00205007	0.102442
62	0.0114706	0.00564022	0.00133925	0.00801821	0.000744503	0.00232865	0.00481431	0.0169599	0.507508	0.00479936	0.00251139	0.00256845	0.000729825	0.0186525	0.318672	0.015096	0.0140641	0.0581022	0.00026717	0.00571404
63	0.0703895	0.0147941	0.0271334	0.0501864	0.00596242	0.0139277	0.0132086	0.113521	0.102147	0.0884618	0.0258984	0.0135017	0.00407632	0.0359928	0.0975895	0.0396478	0.0255479	0.2549	0.000492061	0.0026216
64	0.150918	0.00402935	0.00937939	0.073703	0.00291696	0.135366	0.00521646	0.00826458	0.101956	0.0339049	0.00670538	0.00843325	0.218336	0.0689042	0.0356541	0.0483713	0.0161195	0.0687651	0.000808166	0.00224892
65	0.505828	0.0105626	0.0123816	0.0186789	0.00163912	0.0382235	0.00308213	0.00722422	0.0103618	0.00585943	0.00514221	0.0131602	0.0228995	0.0183476	0.00432925	0.159585	0.101442	0.0593443	0.000664051	0.0012452
66	0.30308	0.0157678	0.0057751	0.0180075	0.00145514	0.0347775	0.00264278	0.00484141	0.0177746	0.0131627	0.00489013	0.00782197	0.374852	0.0112065	0.00723164	0.092269	0.0255123	0.0567674	0.000610017	0.00155495
67	0.471361	0.0111581	0.0141097	0.0332701	0.00317991	0.0624596	0.00726323	0.0150769	0.0180034	0.0142809	0.00863044	0.01599	0.0395188	0.0275461	0.0080436	0.129887	0.0560885	0.0590512	0.00132705	0.0037544
68	0.00741435	0.00394419	0.00131405	0.00602561	0.000614931	0.00179843	0.00544343	0.016619	0.520668	0.00593431	0.00147534	0.00195895	0.000744995	0.013061	0.34051	0.0152955	0.0146185	0.0385378	0.000251594	0.00376983
69	0.414663	0.00287437	0.0054322	0.0101149	0.00130973	0.0151622	0.00236828	0.00527629	0.00889789	0.0223092	0.00888747	0.027494	0.18932	0.0422453	0.00355048	0.0801459	0.0456462	0.112293	0.000550233	0.00146006
70	0.0482036	0.00302513	0.0494657	0.0472686	0.00196496	0.524122	0.00779727	0.00685536	0.0316698	0.0152971	0.00616903	0.139803	0.00447728	0.0217025	0.010751	0.0514375	0.0161261	0.0111963	0.000924413	0.0017435
71	0.262781	0.00316767	0.0153217	0.0523448	0.00162925	0.0582728	0.00876692	0.0605434	0.0280984	0.0521377	0.0206736	0.0148138	0.00996383	0.082558	0.0145638	0.0950339	0.0666619	0.148451	0.000458932	0.00375727
72	0.0335758	0.015069	0.00225483	0.000804682	0.0256964	0.00158381	0.000359758	0.383767	0.00472924	0.102049	0.0168876	0.000549394	0.00171586	0.00274183	0.000575047	0.00427995	0.0211641	0.377053	8.98418e-05	0.00505448
73	0.512594	0.0171424	0.010258	0.0227441	0.00137212	0.0541555	0.00313578	0.00760619	0.0114262	0.00506294	0.003289	0.0124074	0.0280632	0.0142511	0.00345063	0.187005	0.059398	0.04544	0.000336971	0.000861066
74	0.0792516	0.00714168	0.0267785	0.0556166	0.00604404	0.0300668	0.0212127	0.0162758	0.0484756	0.0301158	0.0164377	0.0270609	0.267547	0.206183	0.0163342	0.0681639	0.0438378	0.0265416	0.00209992	0.00481583
75	0.100584	0.129049	0.0215541	0.0490246	0.00359642	0.0548458	0.0079254	0.182419	0.0660957	0.0900856	0.0257883	0.0801587	0.00347394	0.00892599	0.00893504	0.0267271	0.00922626	0.12834	0.000869683	0.00237524
76	0.0638827	0.00101272	0.411921	0.176297	0.000642237	0.0230967	0.0206778	0.00191389	0.0206468	0.00703114	0.00275018	0.0578976	0.0725441	0.00648095	0.00926804	0.091937	0.0278343	0.00301932	0.000310986	0.00083575
77	0.0378155	0.0271628	0.00293753	0.0025023	0.0172085	0.00223083	0.0010975	0.297177	0.00479061	0.087513	0.0143439	0.00136162	0.00177836	0.00422435	0.00178022	0.00540144	0.0216347	0.465255	0.000160187	0.00362501
78	0.0125385	0.00236951	0.0191449	0.00610016	0.141472	0.00499798	0.0193377	0.23567	0.0305682	0.0064098	0.0822198	0.00499482	0.00303439	0.00630296	0.018329	0.0108512	0.0932877	0.211964	0.0294154	0.0609923
79	0.0335718	0.0158359	0.00230789	0.000784675	0.0209624	0.00146256	0.000356982	0.376	0.00460138	0.0990808	0.0167922	0.000531664	0.00178306	0.00280051	0.00058891	0.00420978	0.0229763	0.391138	0.000110255	0.00410444
80	0.0397136	0.00210175	0.0518318	0.140973	0.00315297	0.0090162	0.00663898	0.00993084	0.101152	0.0232329	0.00941868	0.0218954	0.322381	0.106023	0.037732	0.042738	0.0622679	0.00771327	0.000634526	0.0014525
81	0.26749	0.00487573	0.00361588	0.0231704	0.00101696	0.0200688	0.00138907	0.00274915	0.029585	0.0139576	0.00249782	0.00321227	0.467141	0.00680816	0.00896907	0.0552313	0.0188036	0.0682769	0.00029782	0.000843181
82	0.066551	0.00563331	0.00898599	0.0182429	0.0044038	0.469209	0.0411551	0.0116416	0.0153048	0.0152169	0.0780024	0.0139144	0.00732078	0.0680298	0.0649209	0.0323661	0.0178578	0.0561596	0.00140676	0.00367754
83	0.0992299	0.00416377	0.0371551	0.0123693	0.00221475	0.0548531	0.0069284	0.0130106	0.0102671	0.0345132	0.014744	0.0844726	0.334926	0.0619713	0.00478902	0.16238	0.0463532	0.0127364	0.000753371	0.0021692
84	0.102495	0.00973949	0.0394281	0.0618778	0.0133688	0.0373627	0.0166572	0.0499915	0.0460091	0.0315943	0.0196076	0.0356723	0.0207057	0.038915	0.019392	0.118559	0.25494	0.0715403	0.00209	0.0100538
85	0.187193	0.0125886	0.0174897	0.0410752	0.00432802	0.138229	0.00529861	0.0148378	0.0291031	0.0183104	0.0147475	0.0638639	0.0133186	0.0983742	0.0177692	0.207817	0.0918359	0.0215335	0.000511781	0.00177502
86	0.0600392	0.0501032	0.00788894	0.012497	0.0179432	0.00791281	0.0116404	0.0312245	0.0126883	0.196748	0.424592	0.015191	0.00544674	0.0107962	0.010606	0.0526772	0.021042	0.0431366	0.00131286	0.0065137
87	0.0575731	0.00250196	0.325015	0.23053	0.00160014	0.0365984	0.0139631	0.0036585	0.0267707	0.00892002	0.00394121	0.0405076	0.13851	0.0116729	0.00926868	0.0562474	0.0249551	0.00609188	0.000482055	0.00119229
88	0.166059	0.00644077	0.0226329	0.0485695	0.00374871	0.0274985	0.00548146	0.0108483	0.027997	0.0207574	0.00873159	0.0138873	0.443277	0.0289216	0.00966057	0.0698997	0.0380214	0.0441317	0.000801399	0.00263432
89	0.0990895	0.00225308	0.105589	0.11071	0.00175781	0.10825	0.00292515	0.00499848	0.0276291	0.00523319	0.00400718	0.0127746	0.00952002	0.0080737	0.00944594	0.23528	0.240873	0.00961001	0.000629482	0.00135019
90	0.117325	0.00342424	0.00816792	0.0570399	0.0034689	0.0129223	0.137478	0.0114148	0.0736101	0.0557242	0.0499352	0.0125785	0.00684063	0.304881	0.00954972	0.102898	0.014849	0.0136746	0.00108959	0.00312785
91	0.0629156	0.0124567	0.0188855	0.0366718	0.023519	0.0254406	0.0812299	0.188561	0.0432057	0.042429	0.0305148	0.0253728	0.0134528	0.0348759	0.0241209	0.0508639	0.16341	0.10153	0.00449682	0.0160469
92	0.266339	0.0146605	0.00454188	0.0194114	0.00312117	0.114544	0.00378477	0.0121216	0.0159044	0.00833187	0.00598214	0.100326	0.00556533	0.0637962	0.00925799	0.275717	0.0585292	0.0160891	0.000742851	0.0012337
93	0.031423	0.0101118	0.00752834	0.0130669	0.278276	0.0083467	0.0193463	0.0739181	0.0133783	0.119861	0.0267118	0.0126756	0.00661775	0.0145483	0.0106288	0.0220104	0.0189435	0.0682633	0.0183811	0.225963
94	0.0332325	0.0102177	0.00351545	0.0116861	0.256543	0.0035172	0.0164093	0.0737125	0.00694647	0.184819	0.0203911	0.00531382	0.00347818	0.00830749	0.00644693	0.016513	0.0100707	0.0826231	0.0336339	0.212622
95	0.136453	0.00861102	0.0152922	0.060264	0.00747359	0.0232472	0.137168	0.0168671	0.0540317	0.0497969	0.0347673	0.0213357	0.011655	0.267082	0.0122451	0.0776495	0.0260171	0.0284056	0.00205843	0.00957981
96	0.614517	0.00269948	0.00998005	0.0110237	0.000843731	0.0193652	0.00123723	0.00346438	0.00428266	0.00306316	0.00197195	0.002492	0.0217735	0.00761472	0.00145423	0.116445	0.0932035	0.0837179	0.000259203	0.000591455
97	0.0307105	0.00627385	0.00320816	0.0134758	0.0478378	0.00587244	0.00587793	0.113424	0.0132672	0.524871	0.0782122	0.00761466	0.00375022	0.00942387	0.00612968	0.0146701	0.0100047	0.0905378	0.00158981	0.0132481
98	0.0965936	0.00480969	0.0356155	0.0208352	0.00348987	0.208953	0.00260332	0.00653906	0.0397493	0.0117197	0.00578549	0.238118	0.00194284	0.0804362	0.0242181	0.163496	0.0452795	0.00750528	0.000592407	0.00171792
99	0.032769	0.0159156	0.00247292	0.00216044	0.0210677	0.00175346	0.000827182	0.3968	0.00476398	0.107732	0.0193041	0.00092393	0.00165739	0.00344598	0.00143389	0.00474156	0.0230553	0.354935	0.000347197	0.00389407
100	0.190634	0.00330023	0.0306715	0.0172359	0.00169849	0.0547283	0.00348996	0.0118091	0.00863086	0.02257	0.0157952	0.0322257	0.305276	0.0654674	0.00330916	0.150907	0.0585985	0.0213765	0.000680171	0.00159623
101	0.0964917	0.00967691	0.0541003	0.0663833	0.00999508	0.0521847	0.00940644	0.0175772	0.0399483	0.0186557	0.0148674	0.0398361	0.0157358	0.039225	0.0164794	0.21543	0.247928	0.0287382	0.00113126	0.00620874
102	0.0411316	0.00832822	0.0167602	0.0355971	0.00491964	0.011799	0.0117462	0.0218133	0.407483	0.0202744	0.0134178	0.0215639	0.0131705	0.039479	0.209622	0.0424575	0.0317437	0.0400287	0.000810874	0.00785378
103	0.0367822	0.0152835	0.00546855	0.00736227	0.0253717	0.00742704	0.0035387	0.372849	0.0112677	0.126231	0.0248883	0.00535806	0.00342508	0.00892554	0.00667532	0.0104249	0.0261038	0.294802	0.0010448	0.00677001
104	0.182737	0.015711	0.00505867	0.0522579	0.00339937	0.0302257	0.00209484	0.0168115	0.0237295	0.00705363	0.00734856	0.12487	0.00206455	0.0646683	0.00737445	0.269017	0.143187	0.040619	0.0004094	0.00136296
105	0.00719565	0.00382706	0.0013273	0.00604534	0.000635504	0.00183356	0.00542968	0.0166466	0.519194	0.00608869	0.00145647	0.00194476	0.000775509	0.0127939	0.34278	0.0156997	0.0147266	0.0376517	0.00026523	0.0036831
106	0.077242	0.00503062	0.0403967	0.0493058	0.0038498	0.506721	0.0102763	0.00885804	0.0268921	0.0172008	0.015583	0.0736979	0.0108025	0.0286738	0.0230262	0.0547601	0.0231664	0.02	0.0012043	0.00331228
107	0.174036	0.0216678	0.00938108	0.0356436	0.00677156	0.043173	0.00298619	0.0160324	0.0429951	0.0163453	0.0217093	0.0840851	0.00251247	0.110939	0.0225156	0.248285	0.12161	0.01683	0.000421879	0.00205945
108	0.0310317	0.0143881	0.00307754	0.00382285	0.0207742	0.00197653	0.00116238	0.413422	0.00616109	0.0971169	0.0189655	0.00127222	0.00168551	0.00425484	0.00206614	0.00521117	0.0246901	0.344298	0.000382283	0.00424103
109	0.0935339	0.0414489	0.129767	0.264809	0.00488115	0.0265435	0.011794	0.0169483	0.0388713	0.0198705	0.0181235	0.0328091	0.0137099	0.117816	0.013694	0.0644303	0.0533299	0.0320947	0.00154417	0.00398193
110	0.0268952	0.0136685	0.00281073	0.00552984	0.030746	0.00303546	0.00197015	0.356785	0.0104339	0.174049	0.04222	0.00219917	0.00148196	0.00604107	0.00445608	0.00748588	0.0175447	0.287412	0.000792949	0.00444286
111	0.0248628	0.00471597	0.00983734	0.0329731	0.00414751	0.0041632	0.00247538	0.239593	0.00460272	0.0556895	0.00495698	0.00352059	0.00206012	0.0269289	0.00234508	0.0242374	0.144785	0.405614	0.000439804	0.0020516
112	0.145574	0.0150043	0.00485636	0.0381396	0.00307288	0.0325161	0.00169363	0.0203896	0.0394862	0.00587456	0.00652714	0.146059	0.00165375	0.0417002	0.00696239	0.316203	0.139526	0.0332811	0.000420577	0.0010587
113	0.0505131	0.00114736	0.407218	0.2049	0.00070769	0.0176087	0.0204455	0.00193835	0.0232415	0.00870786	0.00266137	0.0622333	0.0747739	0.00908988	0.0118602	0.0724551	0.0268609	0.00268417	0.000221453	0.000731751
114	0.0394185	0.0199349	0.00279868	0.00166221	0.0216045	0.0016617	0.000858033	0.339303	0.00603685	0.0901911	0.0159128	0.00057112	0.00215023	0.00338614	0.00181961	0.00513758	0.0276285	0.414462	0.000478518	0.00498409
115	0.0465162	0.00363963	0.0303118	0.068802	0.00274603	0.0323287	0.131747	0.00754739	0.101877	0.0595695	0.0292868	0.103596	0.0308305	0.218881	0.00660493	0.0191464	0.0362047	0.0674596	0.000658606	0.00224683
116	0.0215193	0.0140793	0.000948172	0.00247384	0.0305606	0.00097814	0.000951834	0.287771	0.00609199	0.283715	0.0426426	0.000951783	0.000670325	0.00363696	0.00299034	0.00231087	0.0050776	0.291147	0.000350014	0.00113296
117	0.0389016	0.0200122	0.00229542	0.000685627	0.0198447	0.00151888	0.00030846	0.345033	0.00348681	0.0992178	0.0141611	0.000443022	0.00203551	0.00296157	0.000599841	0.00437244	0.0248275	0.415101	6.74409e-05	0.00412678
118	0.0188958	0.000863662	0.0446825	0.069039	0.00758898	0.00627005	0.0221404	0.0189448	0.318975	0.013855	0.0253261	0.0679059	0.00762945	0.120214	0.0921351	0.0728055	0.0890656	0.00251999	0.000238094	0.000904876
119	0.20523	0.00318134	0.00550192	0.0821979	0.00299143	0.00615287	0.00384904	0.0472416	0.230156	0.0073505	0.00522194	0.00668014	0.0874806	0.089076	0.00477991	0.0116454	0.124833	0.0736695	0.000805236	0.00195628
120	0.0251701	0.00196842	0.0740659	0.0509572	0.00175416	0.591162	0.00429742	0.00468428	0.032375	0.0145338	0.00426718	0.12414	0.00264839	0.0146115	0.0068629	0.0275077	0.00934616	0.00720851	0.000600533	0.00183882
121	0.0621999	0.000885756	0.258143	0.416378	0.000321775	0.00971003	0.000717245	0.000967459	0.0427823	0.00518671	0.00659259	0.0411338	0.00177575	0.0478694	0.0058496	0.0561486	0.0392193	0.00369311	0.000118489	0.000307144
122	0.00718561	0.00388798	0.00132308	0.00597197	0.000634332	0.0017948	0.00544403	0.0167109	0.520115	0.00600769	0.00143453	0.00190845	0.000768183	0.0129143	0.341578	0.0155128	0.0146307	0.0382197	0.000252422	0.00370549
123	0.0376656	0.0210405	0.00393316	0.00466679	0.0194357	0.00311777	0.00145663	0.317027	0.00738954	0.100914	0.0159395	0.00198942	0.00217939	0.00579111	0.00266277	0.00717058	0.0256095	0.41705	0.000523848	0.00443688
124	0.0420443	0.00276537	0.103432	0.0796398	0.0022098	0.178628	0.00318993	0.0050202	0.0214445	0.00644817	0.00463991	0.0143224	0.00234795	0.00716229	0.0308659	0.232759	0.251951	0.00799037	0.00105114	0.00208836
125	0.3773	0.00296765	0.00874114	0.00884085	0.00200282	0.0170978	0.00302539	0.00689624	0.00683782	0.0158649	0.0197773	0.050682	0.1535	0.0747423	0.00340278	0.123331	0.0580656	0.0644474	0.000877225	0.00159975
126	0.153617	0.0195841	0.0247749	0.0417643	0.00681101	0.0446638	0.0102006	0.0153988	0.0272814	0.0174368	0.0116523	0.0381428	0.011311	0.0260903	0.0136843	0.447325	0.0568671	0.0261595	0.00122393	0.00601175
127	0.214382	0.00767043	0.0736474	0.229431	0.0029149	0.0206417	0.0305486	0.00855401	0.0435252	0.0120098	0.0123731	0.0171952	0.0039436	0.138562	0.0162345	0.0852905	0.0479297	0.0315559	0.000954485	0.00263568
128	0.623798	0.00735017	0.00557869	0.0035252	0.000732385	0.0142887	0.00153017	0.00390615	0.00353948	0.00325997	0.00172778	0.00281611	0.0142008	0.0071501	0.0016582	0.142512	0.0729486	0.0882922	0.000327015	0.000858286
129	0.537104	0.0015671	0.00473438	0.00740057	0.000802979	0.0212464	0.00206773	0.00762732	0.00327786	0.00600423	0.00355255	0.00369147	0.0291662	0.0182775	0.00179733	0.104625	0.105742	0.139645	0.000288428	0.00138113
130	0.0336044	0.00707342	0.00440551	0.011477	0.0476124	0.00666515	0.00750005	0.108846	0.0107009	0.530713	0.0797849	0.0074333	0.00381768	0.010289	0.00778054	0.0156659	0.00950262	0.0854988	0.00158397	0.0100461
131	0.0273014	0.00734882	0.00269742	0.00924961	0.0481858	0.00337745	0.00566149	0.107005	0.0139126	0.540479	0.105451	0.00570624	0.0026349	0.00511092	0.00797322	0.013957	0.00767872	0.0797631	0.000625664	0.00588135
132	0.14412	0.0102898	0.0102828	0.0446353	0.00435319	0.0945316	0.00437844	0.0134119	0.0288777	0.0309904	0.0141822	0.0843074	0.00429005	0.176741	0.0158135	0.209899	0.0912966	0.0153595	0.000771046	0.00146871
133	0.034915	0.00765698	0.0103623	0.020175	0.00954605	0.0131571	0.0163316	0.032068	0.189902	0.291013	0.108107	0.0118844	0.00684047	0.0355677	0.122875	0.027235	0.0216387	0.0341392	0.00126199	0.0053234
134	0.0246718	0.00681858	0.00125029	0.00681877	0.0532281	0.00154628	0.00362	0.0959157	0.00774817	0.571232	0.126272	0.00467936	0.000840625	0.00178048	0.00303165	0.0118892	0.00471127	0.07072	0.00034245	0.00288299
135	0.0542849	0.00217643	0.0760568	0.0343606	0.00219261	0.316388	0.0044045	0.00480775	0.106496	0.0225514	0.00402442	0.26162	0.00226907	0.0174122	0.0234863	0.0453179	0.0113744	0.00799836	0.000575088	0.00220318
136	0.0177438	0.0111247	0.00277865	0.0039969	0.0430165	0.00178035	0.00239906	0.365221	0.0183261	0.195146	0.0533111	0.00139535	0.00110266	0.00436083	0.00599948	0.00347141	0.0115255	0.249988	0.00216893	0.00514358
137	0.0200272	0.00109312	0.0394344	0.0639755	0.0105484	0.00567444	0.021809	0.0178169	0.300462	0.0159852	0.0308251	0.0800209	0.00700253	0.119156	0.0875884	0.0795012	0.0904315	0.00344571	0.000194871	0.00500781
138	0.162974	0.00502863	0.02944	0.0377682	0.00207764	0.0362495	0.00509339	0.0111683	0.0213998	0.0193601	0.0120658	0.0195707	0.40519	0.0299723	0.00760417	0.106997	0.0453335	0.0388772	0.00106205	0.00276776
139	0.0289073	0.00786693	0.00611463	0.0120359	0.275869	0.00612941	0.0161047	0.0694453	0.0108014	0.115067	0.0271042	0.0124086	0.00422658	0.0106966	0.0114393	0.017403	0.0173254	0.0631995	0.0173221	0.270534
140	0.0445137	0.00427934	0.00756448	0.0625843	0.0603055	0.00911422	0.0348314	0.00883589	0.0639939	0.043467	0.00617181	0.0458771	0.00405126	0.0130547	0.00533394	0.134645	0.378464	0.0377118	0.000900221	0.034301
141	0.0101202	0.00151209	0.00108353	0.00598086	0.238074	0.00141937	0.011817	0.03419	0.00169939	0.0382682	0.0152883	0.00534685	0.000804316	0.0050119	0.00916991	0.00741959	0.00214124	0.00931304	0.0168458	0.584495
142	0.172944	0.00855084	0.0219356	0.0515092	0.00444872	0.26914	0.0152776	0.0174012	0.0306393	0.0258322	0.0215496	0.0477306	0.0177695	0.0969998	0.0232165	0.0974625	0.0394818	0.0328267	0.00160961	0.00367465
143	0.0258241	0.00707515	0.00121037	0.00668933	0.0510119	0.00150995	0.00312526	0.102505	0.00714389	0.558516	0.126694	0.00472262	0.000824805	0.0017467	0.00264752	0.0119374	0.00485501	0.0785532	0.000328421	0.00307885
144	0.0818931	0.0153728	0.0237536	0.0841291	0.0050883	0.0192706	0.0128202	0.146763	0.0898369	0.0920188	0.024917	0.0175655	0.0022607	0.0490169	0.0487378	0.0382508	0.0383049	0.208289	0.000244387	0.00146737
145	0.040635	0.0193393	0.00253284	0.000647178	0.0190515	0.00159704	0.000306999	0.347811	0.00329205	0.0861915	0.0118612	0.000410967	0.00211465	0.00302089	0.00040037	0.0046334	0.0261786	0.42539	6.12096e-05	0.00452424
146	0.0456651	0.00467233	0.00536222	0.0267518	0.00811551	0.00525378	0.0240725	0.0226099	0.132497	0.0109569	0.0774749	0.0984677	0.0029632	0.145029	0.0372108	0.173544	0.0855165	0.0259114	0.00066898	0.0672569
147	0.0415022	0.0198354	0.00285742	0.000712402	0.0187057	0.00160468	0.000307622	0.345111	0.0032842	0.085377	0.0117434	0.000479847	0.00205849	0.00343096	0.000401343	0.00470295	0.0256976	0.427531	6.21047e-05	0.00459494
148	0.0101602	0.00152721	0.001076	0.00609471	0.239505	0.00142525	0.011823	0.0349308	0.00167771	0.0399594	0.0157048	0.00547297	0.000795651	0.0050832	0.00941959	0.00768479	0.00214838	0.00978732	0.0175352	0.578189
149	0.0554737	0.00109903	0.308155	0.391055	0.000508746	0.0157091	0.0029749	0.0013687	0.0352795	0.00607167	0.00620206	0.0358024	0.0118996	0.0378304	0.0064819	0.0495311	0.0302425	0.00366626	0.000225047	0.000423826
150	0.0448031	0.00108452	0.153043	0.0406775	0.00834388	0.0482651	0.00194248	0.00237032	0.0301099	0.00343748	0.00184773	0.462173	0.00154281	0.0247752	0.039737	0.0990664	0.0266303	0.00306234	0.000301215	0.00678638
151	0.0615746	0.00435079	0.0427054	0.0837162	0.00244694	0.498343	0.00754415	0.0117893	0.028139	0.0235426	0.0102827	0.0684141	0.0122884	0.0289509	0.0137656	0.0499174	0.0267811	0.0217941	0.00120132	0.00245197
152	0.166712	0.0199629	0.00421912	0.0461846	0.00291469	0.0348608	0.00189444	0.02151	0.025256	0.00696318	0.00698253	0.142127	0.00210599	0.0555999	0.00726631	0.289593	0.122414	0.0419984	0.000403502	0.00103212
153	0.0345667	0.0210742	0.00197444	0.000876015	0.0222719	0.00137744	0.000499404	0.338105	0.0039917	0.125402	0.0212707	0.000525294	0.00184354	0.00299164	0.000956194	0.00396574	0.0217495	0.393064	0.000102899	0.00339212
154	0.0104914	0.00185067	0.00105889	0.00683828	0.265126	0.00154068	0.0120088	0.0386747	0.00181963	0.0456106	0.017883	0.00639313	0.000852774	0.00561107	0.0114311	0.00727064	0.00217102	0.0106506	0.0179394	0.534778
155	0.0873777	0.00133352	0.34933	0.154233	0.000833014	0.0275886	0.0211045	0.00256558	0.0224259	0.00632535	0.00318478	0.0617468	0.072911	0.00619411	0.00817376	0.131546	0.0380168	0.00378774	0.000380546	0.000941092
156	0.279636	0.00508614	0.00199655	0.0209051	0.000788403	0.0175942	0.00121958	0.00279146	0.0253548	0.0144968	0.00184988	0.00301191	0.451631	0.00611753	0.00915222	0.0599288	0.0192109	0.0782507	0.000273769	0.000704936
157	0.177735	0.00095295	0.0825506	0.213972	0.000595238	0.0179626	0.00777042	0.00180632	0.137731	0.00214736	0.00183186	0.0402375	0.00103321	0.0635818	0.0494869	0.165512	0.0317815	0.00243781	0.000283839	0.000589095
158	0.0414874	0.016582	0.00818048	0.0103043	0.0139782	0.00252002	0.00115712	0.302963	0.00663818	0.0763437	0.0102728	0.00160373	0.00195903	0.013227	0.00347039	0.00858615	0.0392323	0.437338	0.000218947	0.00393662
159	0.028492	0.0105161	0.00196249	0.00836151	0.0405764	0.00230055	0.00352963	0.157557	0.00874697	0.456596	0.0852476	0.00455951	0.00198288	0.00463928	0.00459135	0.0111553	0.00936509	0.155403	0.000745086	0.00367294
160	0.062057	0.00110431	0.284348	0.328774	0.0006103	0.013332	0.00543864	0.00235232	0.0450091	0.00602326	0.0113031	0.0505976	0.0196425	0.0368905	0.00947304	0.0809245	0.0375485	0.00364907	0.000263527	0.000659324
161	0.0138021	0.0110696	0.00080256	0.00192252	0.0390182	0.000980186	0.00103995	0.374917	0.00887197	0.248466	0.051898	0.00111484	0.000645918	0.00332861	0.00286296	0.00202682	0.00257796	0.232803	0.00041635	0.00143563
162	0.0389557	0.00177264	0.10035	0.0984046	0.00212874	0.0752833	0.0027388	0.0037691	0.0250246	0.00397486	0.00326112	0.0212569	0.00178637	0.00486339	0.00969761	0.266411	0.332337	0.00569687	0.000701239	0.00158576
163	0.0502969	0.00105919	0.410279	0.201213	0.000734423	0.0183887	0.0199785	0.00200867	0.0218358	0.00953664	0.0025023	0.0617118	0.078483	0.00805737	0.0111478	0.0719855	0.0269518	0.00282966	0.000269994	0.000730085
164	0.0640976	0.000856276	0.268382	0.413779	0.000358266	0.00958011	0.00112689	0.000942198	0.0413561	0.00540338	0.00665362	0.040281	0.00342482	0.0436829	0.00643081	0.0557186	0.0341519	0.0033496	0.000127697	0.000297125
165	0.0904104	0.00306299	0.336684	0.0694856	0.0241976	0.00680228	0.00422293	0.00733981	0.008924	0.00797585	0.049346	0.00646351	0.00337029	0.0791442	0.00474881	0.0559153	0.100075	0.11704	0.000891275	0.0239004
166	0.0151127	0.00854708	0.000832378	0.002516	0.0392457	0.000965479	0.00156956	0.341748	0.00814696	0.309753	0.0564053	0.00168002	0.000613476	0.00267673	0.0024389	0.0033431	0.00356496	0.198877	0.000263553	0.00169957
167	0.0639822	0.0251776	0.0113715	0.0635256	0.00914829	0.00714545	0.0134269	0.163934	0.0829181	0.129801	0.0392251	0.00866518	0.00254692	0.0313789	0.0689985	0.0185758	0.0218592	0.236576	0.000214522	0.00152896
168	0.0787238	0.0317899	0.00411553	0.0198151	0.00237069	0.0043468	0.0254999	0.0129667	0.292224	0.0164653	0.0530434	0.0613802	0.0123127	0.0383244	0.191963	0.0761806	0.0256078	0.0330537	0.000709481	0.0191065
169	0.0339189	0.00661799	0.00304437	0.0143943	0.242718	0.00397197	0.00408313	0.101466	0.00535261	0.265324	0.0234025	0.00436838	0.0020439	0.00627276	0.00358035	0.015482	0.005992	0.119418	0.0431587	0.0953892
170	0.122512	0.00278413	0.0286567	0.0752141	0.000980866	0.0425523	0.00251561	0.0656625	0.0476244	0.0959728	0.075149	0.0250599	0.0018694	0.105376	0.0403501	0.106152	0.0795477	0.080918	0.000307315	0.000795824
171	0.154753	0.00814257	0.0250947	0.108153	0.00184463	0.0536644	0.0020644	0.0461455	0.0565819	0.068227	0.0417652	0.0315514	0.00172344	0.104326	0.0229487	0.132347	0.0877479	0.0521268	0.000250072	0.000543523
172	0.325218	0.0145281	0.00961222	0.0103639	0.0020272	0.293317	0.00746031	0.0202755	0.0119294	0.00638447	0.00403437	0.082307	0.00687262	0.0179273	0.0047871	0.14645	0.0238222	0.0108689	0.00059667	0.00121801
173	0.0408479	0.0189899	0.00245355	0.000892899	0.0187958	0.00157389	0.000306045	0.346969	0.00329038	0.0883486	0.0119705	0.000479878	0.00219146	0.00306798	0.000416785	0.00469958	0.0271489	0.423105	6.60031e-05	0.00438623
174	0.169629	0.0197177	0.0119332	0.0355178	0.00894596	0.0496338	0.00178651	0.0173404	0.0466869	0.0197569	0.0206563	0.0753485	0.00135368	0.10482	0.035867	0.250502	0.116062	0.0129834	0.000342485	0.00111517
175	0.0404119	0.0192439	0.00245546	0.000614936	0.0192448	0.00159107	0.000303373	0.348286	0.00331554	0.0865515	0.0118952	0.00040996	0.0020929	0.00296737	0.00040349	0.00465195	0.0261894	0.424844	6.20652e-05	0.00446576
176	0.636241	0.00401834	0.00673709	0.00314556	0.000815319	0.0111941	0.00123321	0.00310034	0.00312277	0.00264536	0.00193359	0.00225494	0.0114844	0.00625397	0.00137577	0.125731	0.0932534	0.0845734	0.000255468	0.000630375
177	0.530159	0.0436681	0.00152832	0.00241889	0.000835859	0.0490761	0.00160809	0.00686967	0.00775712	0.00188782	0.0015112	0.00695882	0.00197405	0.00867842	0.00135948	0.279459	0.0429049	0.0105215	0.000276411	0.000547176
178	0.0192688	0.0139497	0.000761377	0.00249083	0.0330413	0.000897261	0.00104769	0.288631	0.00660971	0.295976	0.0467542	0.000959703	0.000563573	0.00370367	0.00335569	0.00196565	0.00276101	0.276148	0.000411205	0.00070394
179	0.135163	0.033572	0.00318198	0.00548062	0.00199407	0.0227629	0.00270469	0.00521365	0.00591039	0.00513367	0.00358276	0.00534422	0.0025144	0.00613728	0.00293353	0.736774	0.0125136	0.00707206	0.000488738	0.00152157
180	0.0431753	0.011195	0.00932791	0.0226671	0.0205267	0.0152355	0.0155914	0.0725152	0.0727029	0.308692	0.114959	0.0122113	0.00683756	0.0397166	0.0970369	0.0337175	0.0248609	0.0713175	0.00118766	0.00652608
181	0.352447	0.00463213	0.00903286	0.165676	0.00142388	0.090451	0.00409959	0.0207065	0.0116807	0.0103952	0.018802	0.00669918	0.00362564	0.101269	0.0163878	0.0889925	0.0320848	0.0593694	0.000531686	0.00169348
182	0.120213	0.00272154	0.00285327	0.0155565	0.00493164	0.00333018	0.00231946	0.291571	0.00395064	0.188385	0.021766	0.0146191	0.00689682	0.00954362	0.00244141	0.0170442	0.0939364	0.195111	0.000370049	0.00244037
183	0.0480604	0.00143572	0.0604574	0.0225338	0.00218606	0.380267	0.00341594	0.00434103	0.0436595	0.00972759	0.00253732	0.265089	0.00193476	0.0287029	0.0153841	0.0888196	0.0139424	0.00521122	0.000438147	0.00185599
184	0.0125084	0.00238629	0.0010805	0.0070575	0.265785	0.00157663	0.0131686	0.0467013	0.00197351	0.0663105	0.0174477	0.00558172	0.000869467	0.00624246	0.00966256	0.00745472	0.00249376	0.0187	0.0231989	0.489801
185	0.0585911	0.0361854	0.00671308	0.0181676	0.0157736	0.00911	0.00581704	0.20425	0.0132731	0.146815	0.0307586	0.00727003	0.0800608	0.0133465	0.00800069	0.0263025	0.0554385	0.2563	0.000713825	0.00711287
186	0.125123	0.0405222	0.00882355	0.0383032	0.00769079	0.0300857	0.00643049	0.0214959	0.0298585	0.0171978	0.0131698	0.131247	0.00474931	0.0425843	0.0112212	0.25628	0.153307	0.0555441	0.00118664	0.00518013
187	0.100646	0.00402145	0.00300531	0.0566684	0.00242426	0.00312237	0.00221299	0.206021	0.00602968	0.290961	0.0409006	0.0056016	0.025225	0.0279394	0.0044638	0.00945742	0.0594219	0.149845	0.000565064	0.00146793
188	0.443699	0.00302782	0.00258622	0.00987772	0.000813981	0.0150807	0.00189036	0.00462639	0.00903011	0.0177837	0.00386882	0.00968692	0.192952	0.0178679	0.00400063	0.0829034	0.0383745	0.140339	0.000401305	0.00118915
189	0.517073	0.0273042	0.00344667	0.00464245	0.000966186	0.0328867	0.00162151	0.00569909	0.0060774	0.00249876	0.00219786	0.00589347	0.00693938	0.00820477	0.0015891	0.286104	0.0553308	0.0303639	0.000379222	0.00078234
190	0.044346	0.0197893	0.00288787	0.00076495	0.0187228	0.00168168	0.000341706	0.345173	0.00323535	0.0848607	0.0116292	0.000488181	0.00203471	0.00350704	0.000417534	0.00485346	0.0255919	0.424703	6.08356e-05	0.00491127
191	0.0858671	0.00430695	0.0169564	0.00880374	0.00236241	0.0588491	0.00449673	0.0242667	0.00789446	0.0329016	0.0343303	0.0174372	0.436211	0.0321178	0.00384959	0.137372	0.0765339	0.0123342	0.000712533	0.002397
