217	20
1	0.0164391	0.00458748	0.00170572	0.000773474	0.0469825	0.00187665	0.00158234	0.276721	0.00217179	0.317032	0.118392	0.00136675	0.00127066	0.00798999	0.00153075	0.00631127	0.0116961	0.175541	0.0020797	0.00394999
2	0.0112019	0.00834359	0.0118244	0.000794448	0.19089	0.00212813	0.00422087	0.112423	0.00480847	0.412308	0.0989426	0.0109097	0.000826411	0.0142752	0.00744776	0.00396811	0.0185469	0.0452828	0.00742095	0.0334366
3	0.0910248	0.00260143	0.0524462	0.0540422	0.0105641	0.0964759	0.0169412	0.0208227	0.0996206	0.015144	0.00575646	0.091788	0.0594024	0.0461536	0.0496967	0.19869	0.0532079	0.0229592	0.000582985	0.0120792
4	0.0779028	0.00751717	0.00756402	0.00616657	0.0702646	0.00601128	0.00134895	0.193148	0.00354478	0.29088	0.0810537	0.00171437	0.00713732	0.00154562	0.00217855	0.0194805	0.0265647	0.190706	0.00178402	0.00348739
5	0.0802054	0.0157465	0.00287878	0.00205323	0.140627	0.00776435	0.00188735	0.10674	0.00419289	0.348993	0.055905	0.00338771	0.00277867	0.00275078	0.00214604	0.026202	0.040081	0.150125	0.00181694	0.00371774
6	0.0963109	0.00290948	0.0389007	0.0437364	0.0104754	0.0984447	0.0160901	0.022105	0.0969394	0.0156256	0.00613761	0.0890633	0.0633012	0.0453327	0.0494725	0.208695	0.0584964	0.026138	0.000565778	0.0112597
7	0.0188963	0.00495702	0.00321511	0.00121508	0.202424	0.0044257	0.0123589	0.103258	0.016555	0.402404	0.0287861	0.0085086	0.00102886	0.0097299	0.016473	0.00800784	0.0268329	0.119533	0.00213153	0.0092584
8	0.100481	0.00287544	0.0260561	0.0279982	0.00753184	0.0755097	0.0170562	0.0227211	0.141578	0.0192668	0.00575037	0.0694265	0.0389287	0.056176	0.0953142	0.182531	0.0718043	0.0288776	0.000727488	0.00938878
9	0.0942458	0.00266142	0.0416662	0.0451242	0.0105206	0.0980309	0.0156937	0.0216329	0.101415	0.0160083	0.00585954	0.0893342	0.0604401	0.0463142	0.0509065	0.207323	0.0558106	0.0245653	0.000560794	0.0118867
10	0.0631892	0.0123321	0.00153088	0.0033972	0.100337	0.0117943	0.0228442	0.134389	0.0247426	0.169352	0.041116	0.0218767	0.0307503	0.0247994	0.0315128	0.061851	0.0828086	0.0514791	0.0287265	0.0811716
11	0.0369797	0.00338147	0.00189211	0.00119742	0.205699	0.00535527	0.00505386	0.126836	0.0129587	0.31686	0.0113784	0.0107637	0.00146745	0.0113075	0.00518016	0.0106046	0.0453117	0.181779	0.0014524	0.0045413
12	0.0279357	0.0306314	0.0294759	0.00218962	0.00634452	0.0040318	0.0850667	0.110209	0.0582874	0.0223931	0.0186039	0.0999127	0.00174497	0.0569094	0.127166	0.0735768	0.0916952	0.106185	0.00255365	0.0450874
13	0.0166236	0.00527385	0.00456861	0.00334443	0.00928328	0.00726221	0.00521595	0.385828	0.00467721	0.0430377	0.0112157	0.0322185	0.0023094	0.00595572	0.00555146	0.0631158	0.29622	0.0683802	0.00335823	0.0265595
14	0.0457124	0.00913464	0.104567	0.101649	0.00584214	0.0190995	0.0472247	0.0111414	0.0556096	0.0377372	0.0465685	0.0975844	0.00225825	0.0719499	0.0492933	0.130486	0.124359	0.00982012	0.00190707	0.0280562
15	0.0190818	0.0919434	0.0986075	0.00857725	0.0116529	0.0655358	0.0225678	0.00966087	0.00435989	0.0108786	0.0131366	0.184246	0.00177236	0.00484328	0.00473981	0.286802	0.134855	0.0102969	0.00237859	0.014064
16	0.0685014	0.0161269	0.00117504	0.00590471	0.0895426	0.0137996	0.0217855	0.123867	0.0171153	0.168833	0.0488842	0.0267547	0.0485334	0.0252676	0.0307848	0.0614184	0.0820792	0.054495	0.0345039	0.0606274
17	0.0332105	0.00466529	0.000430708	0.00061796	0.0200235	0.00299822	0.000657144	0.38209	0.000719679	0.129509	0.0215189	0.000599386	0.000496915	0.000813846	0.000731778	0.00587384	0.0113545	0.382504	0.000357243	0.000828256
18	0.0401381	0.0348348	0.00206319	0.00281381	0.25336	0.0170108	0.0116775	0.130095	0.0088813	0.131325	0.0277593	0.00825536	0.00985432	0.00889712	0.011346	0.0378877	0.0293527	0.0961414	0.0724917	0.0658146
19	0.0272274	0.00103345	0.00313826	0.000784358	0.0226336	0.00502848	0.015688	0.0379736	0.282279	0.0479583	0.00987324	0.03718	0.00434305	0.038797	0.251561	0.0314595	0.105194	0.0533735	0.0119863	0.012488
20	0.0165355	0.0177855	0.000856614	0.000518625	0.0675169	0.00116965	0.00103987	0.0647154	0.00620769	0.661784	0.0972131	0.00124399	0.000351776	0.00239062	0.00109365	0.00660293	0.00700714	0.0400026	0.000880072	0.00508451
21	0.0203667	0.00396898	0.00860649	0.0027847	0.0287181	0.00617746	0.335724	0.00997217	0.072041	0.0223629	0.0187016	0.0578648	0.00213593	0.0471505	0.125136	0.0431606	0.00859747	0.0112939	0.00334792	0.171889
22	0.0322146	0.0397707	0.00741584	0.0054576	0.0427553	0.0140823	0.0733671	0.0600122	0.0153962	0.0711312	0.0276463	0.0498985	0.0402757	0.0153468	0.0481019	0.122002	0.06287	0.0564583	0.0432363	0.17256
23	0.0241072	0.000926411	0.00316789	0.00112632	0.0195082	0.00728351	0.0157977	0.0381735	0.286419	0.045616	0.00720737	0.0405554	0.00561098	0.0412491	0.250884	0.0389177	0.109246	0.0441462	0.00912022	0.0109377
24	0.0752585	0.0252628	0.000747069	0.000635977	0.16104	0.017077	0.00130129	0.177284	0.00181174	0.226178	0.0389408	0.00322269	0.00527352	0.00110895	0.00130111	0.0140928	0.0302572	0.200641	0.00622403	0.0123412
25	0.0656836	0.053897	0.0140822	0.00810072	0.0102442	0.0298464	0.00790515	0.0413021	0.00721994	0.023519	0.0447865	0.0197299	0.00435487	0.00929675	0.00740885	0.264657	0.320622	0.0558833	0.00367876	0.00778161
26	0.229827	0.0263094	0.00133125	0.00107307	0.0798777	0.0740804	0.00229445	0.121478	0.00187963	0.034008	0.0132948	0.00225486	0.0112877	0.0019242	0.00175172	0.106537	0.122703	0.16343	0.001839	0.00281893
27	0.087391	0.0218537	0.00136555	0.00202991	0.0880854	0.0235114	0.00708091	0.151962	0.0105906	0.225274	0.0389965	0.0164852	0.0174936	0.0080268	0.0102178	0.0323819	0.0494192	0.164773	0.0151501	0.0279115
28	0.0164828	0.00521671	0.000484277	0.000280581	0.038817	0.00147952	0.000556948	0.331085	0.00180309	0.293741	0.139265	0.000486566	0.000273666	0.00201048	0.000371126	0.0014379	0.00859848	0.15646	0.000277052	0.000872957
29	0.0146752	0.00979448	0.00255741	0.00054654	0.189881	0.00466471	0.00213923	0.0938582	0.00424562	0.480658	0.0817101	0.00345281	0.000684135	0.00451936	0.00282468	0.00551639	0.00980805	0.0532407	0.00750772	0.0277152
30	0.0735364	0.0150263	0.00228281	0.00152857	0.130835	0.00847356	0.00162469	0.149756	0.00330604	0.307778	0.0437233	0.00302741	0.00246385	0.00224503	0.00200591	0.0219902	0.0439913	0.181131	0.0013918	0.00388299
31	0.267968	0.0255445	0.000903404	0.000841124	0.068938	0.0841954	0.0015261	0.127951	0.00130475	0.0408411	0.0148556	0.00155124	0.00513455	0.00129887	0.00126693	0.10522	0.113812	0.134203	0.000761415	0.00188294
32	0.137636	0.230071	0.00571911	0.0224155	0.274594	0.0457539	0.00457146	0.0115515	0.00403503	0.0122781	0.0080854	0.00754693	0.00272272	0.00435212	0.00408753	0.190481	0.00951954	0.0105212	0.00259661	0.0114605
33	0.173224	0.158565	0.00259982	0.00258166	0.0119657	0.0126479	0.0042869	0.0364124	0.00490701	0.0153043	0.0603601	0.00509377	0.00228142	0.00460975	0.00428196	0.25385	0.17037	0.0685113	0.0021594	0.00598874
34	0.0379222	0.00984786	0.000855369	0.000712737	0.040883	0.00463205	0.000818013	0.335589	0.00106585	0.227234	0.0827834	0.000514575	0.000871888	0.000945387	0.000693412	0.00539374	0.0186623	0.228478	0.000539901	0.00155713
35	0.00924723	0.00327601	0.000429669	0.000314742	0.0403069	0.000986167	0.000651288	0.245699	0.00194781	0.451668	0.097332	0.000654411	0.000334943	0.00396452	0.000559375	0.00203234	0.0057671	0.131697	0.000523272	0.00260793
36	0.0308128	0.0045432	0.00044139	0.000545687	0.0215431	0.00274322	0.000695993	0.373681	0.000720187	0.148649	0.0273316	0.00059406	0.000500702	0.00100196	0.000747315	0.00546319	0.0113474	0.367138	0.000481437	0.00101882
37	0.0460746	0.0791859	0.043792	0.00588148	0.00662146	0.0751461	0.00869178	0.0148627	0.00364142	0.00989097	0.0288877	0.0250897	0.0012043	0.00234251	0.00280531	0.36182	0.259595	0.0179667	0.00151302	0.00498753
38	0.363739	0.0652497	0.00159776	0.00145033	0.0203128	0.164545	0.00649029	0.0115533	0.0113936	0.0210279	0.0267	0.0111475	0.00103782	0.0023457	0.00185759	0.228036	0.0371866	0.00642327	0.00119789	0.0167073
39	0.0262522	0.000921625	0.00303119	0.000846589	0.0265533	0.00651591	0.0132544	0.0410537	0.295797	0.0429271	0.00935301	0.047632	0.00387783	0.0376918	0.219147	0.0376372	0.115258	0.0458803	0.011198	0.0151717
40	0.0241943	0.00266469	0.101802	0.292029	0.00543325	0.0107532	0.0149219	0.0208771	0.0237185	0.00899025	0.018288	0.0731814	0.00460178	0.250813	0.016525	0.0772036	0.0292175	0.0170587	0.00210647	0.00562107
41	0.00177563	0.000877128	0.000637734	0.000472591	0.401303	0.00490941	0.0246676	0.0199578	0.000772289	0.0146183	0.00192515	0.000834705	0.000431931	0.00448755	0.000839883	0.00275249	0.00177094	0.0055817	0.000680258	0.510704
42	0.0446449	0.020837	0.000757406	0.000613263	0.427199	0.0233891	0.00164545	0.126659	0.00117981	0.121675	0.0162441	0.00421349	0.00125106	0.00150827	0.00119814	0.0106523	0.0120411	0.151829	0.0103167	0.0221469
43	0.0654897	0.00427901	0.0555085	0.0325165	0.00737743	0.462741	0.0111152	0.0129529	0.0534529	0.0098528	0.00509875	0.101235	0.00531608	0.0264275	0.0643119	0.0379378	0.0210721	0.00961679	0.00583346	0.00786442
44	0.0181675	0.00110315	0.25251	0.224886	0.00214347	0.0230262	0.0366626	0.00874427	0.0683843	0.00662385	0.00588352	0.141264	0.00815602	0.0740051	0.0438767	0.0467187	0.0241131	0.00300601	0.00111164	0.00961367
45	0.0985798	0.00786459	0.052167	0.0739919	0.0210365	0.0433336	0.0444186	0.0319625	0.044084	0.024811	0.0162747	0.0520295	0.205231	0.0348189	0.0300288	0.117955	0.051428	0.029651	0.00504394	0.0152898
46	0.0341776	0.0105582	0.00349026	0.00279296	0.0557123	0.00939502	0.0074826	0.311659	0.010025	0.197354	0.0673592	0.00688691	0.00451923	0.00833952	0.0117321	0.0205754	0.0359339	0.179201	0.00709585	0.0157099
47	0.0518373	0.0100327	0.0847992	0.0926817	0.00590156	0.0158707	0.0531562	0.00757658	0.0602178	0.0444278	0.0578015	0.090613	0.000458773	0.0792344	0.05405	0.129705	0.121916	0.00878332	0.0016172	0.0293191
48	0.0706516	0.386762	0.0136687	0.00769909	0.0595559	0.0273259	0.00948129	0.0497546	0.0106751	0.0576955	0.03555	0.0221737	0.00413455	0.0100363	0.00824513	0.0992378	0.0475935	0.0463045	0.00893027	0.0245244
49	0.0264228	0.00459258	0.0210194	0.00483106	0.065393	0.0142433	0.00344659	0.273277	0.0138232	0.224963	0.10773	0.00251818	0.00482226	0.00257367	0.00483344	0.0354645	0.0133392	0.165162	0.00417583	0.00736894
50	0.0517037	0.0100689	0.00249836	0.00889075	0.036768	0.00837481	0.012905	0.206988	0.0167542	0.130035	0.0545035	0.0102102	0.0315626	0.0249557	0.0255335	0.0486583	0.0725831	0.208724	0.00963157	0.0286515
51	0.0147963	0.00500384	0.000487749	0.000282028	0.0401037	0.00138348	0.000784547	0.334861	0.00178085	0.288471	0.139472	0.000522842	0.000272917	0.0021706	0.000593987	0.0018361	0.00778556	0.157288	0.000694934	0.00140895
52	0.00803331	0.0022872	0.206147	0.122613	0.00396058	0.00779278	0.0524219	0.00700783	0.017578	0.00699572	0.00432972	0.405937	0.00291928	0.0694763	0.0206567	0.0149015	0.0272272	0.0136118	0.00129607	0.00480709
53	0.0441424	0.00287937	0.0397326	0.0282702	0.0037628	0.0232427	0.0229559	0.0614314	0.0125079	0.0246743	0.00800448	0.0825916	0.00394104	0.0314373	0.0368378	0.193383	0.335682	0.0307936	0.00760975	0.00612035
54	0.00175152	0.000864669	0.000627767	0.000460508	0.400173	0.00484226	0.0247076	0.0200466	0.000765296	0.0131904	0.00136683	0.00081854	0.000434527	0.00440703	0.000829579	0.00274393	0.00175363	0.00555793	0.000502588	0.514156
55	0.0680493	0.40999	0.0136923	0.00832379	0.0707892	0.0271521	0.0118155	0.0401093	0.0112057	0.0512196	0.0291277	0.0225767	0.00740234	0.00941147	0.00749291	0.0934104	0.0398838	0.0381182	0.00997629	0.0302528
56	0.0336071	0.0197247	0.00594964	0.00556491	0.139308	0.0121307	0.0169428	0.049007	0.0310986	0.0701589	0.0283906	0.0136435	0.0107831	0.0145847	0.0592234	0.0313328	0.0362025	0.0455133	0.303435	0.0733987
57	0.0196427	0.0119885	0.00321797	0.00289287	0.0365145	0.00558247	0.00367653	0.231889	0.00518741	0.158582	0.106679	0.00373124	0.00330932	0.00994299	0.00483887	0.0517487	0.135036	0.194432	0.00560183	0.00550477
58	0.052089	0.010303	0.077917	0.0884691	0.00637686	0.0156898	0.053597	0.00772276	0.0594597	0.045821	0.0610229	0.0868521	0.00032441	0.0790607	0.0543305	0.13382	0.125473	0.00901104	0.0016358	0.0310241
59	0.197982	0.0182379	0.00166124	0.00143751	0.00618777	0.266361	0.0286819	0.0214269	0.0205926	0.00822588	0.00820293	0.0161049	0.00114369	0.0020674	0.00235472	0.255998	0.115514	0.00520946	0.00110905	0.0215014
60	0.258276	0.0188692	0.0087212	0.00838456	0.0561537	0.0512478	0.00904602	0.0488671	0.0105893	0.0896179	0.0221398	0.0177346	0.00575004	0.0103296	0.00996268	0.15019	0.166638	0.0449672	0.00364175	0.00887247
61	0.00175152	0.000864669	0.000627767	0.000460508	0.400173	0.00484226	0.0247076	0.0200466	0.000765296	0.0131904	0.00136683	0.00081854	0.000434527	0.00440703	0.000829579	0.00274393	0.00175363	0.00555793	0.000502588	0.514156
62	0.0436325	0.00234308	0.0196075	0.010377	0.0037815	0.0229233	0.00917926	0.0739741	0.00214915	0.0185385	0.00513626	0.0531355	0.000881439	0.0125444	0.0154932	0.204154	0.461719	0.0320353	0.00433098	0.00406447
63	0.0162631	0.00551502	0.00366264	0.0035757	0.0513692	0.00345759	0.0062896	0.299796	0.00441045	0.230503	0.0691904	0.00138464	0.00439839	0.0025615	0.0073298	0.0257444	0.00868866	0.226713	0.011469	0.0176778
64	0.10405	0.00283032	0.0181639	0.0198044	0.0083235	0.0650195	0.018061	0.0273601	0.154526	0.02399	0.0066207	0.0620385	0.0254166	0.0523481	0.113213	0.153399	0.104097	0.0296167	0.00194002	0.00918003
65	0.0169415	0.0106846	0.0105688	0.00523841	0.185882	0.00996839	0.12992	0.0317942	0.0256848	0.029953	0.0197002	0.0302962	0.00344398	0.0192998	0.0407686	0.030139	0.0105114	0.0244462	0.0258208	0.338939
66	0.0419224	0.0222635	0.0181344	0.0152955	0.119591	0.0289062	0.0545474	0.0432466	0.0230485	0.0446019	0.0258983	0.0341588	0.00952083	0.0214837	0.0231271	0.0980111	0.0391234	0.035386	0.0365979	0.265136
67	0.0691938	0.00675102	0.0529101	0.0547904	0.0172401	0.058492	0.0245526	0.0346635	0.11611	0.0326126	0.0141043	0.071654	0.0632375	0.0803683	0.068797	0.121923	0.0608555	0.0307767	0.00569068	0.0152771
68	0.0309129	0.0262976	0.00609815	0.00677106	0.129457	0.0129685	0.0189647	0.0483232	0.0191587	0.0552785	0.0213245	0.0096223	0.0060407	0.0143862	0.0244614	0.0266555	0.0245055	0.0525844	0.351535	0.114654
69	0.0320662	0.00768225	0.00124291	0.00102968	0.035915	0.00474745	0.00194515	0.346269	0.00178482	0.168813	0.0464893	0.00103755	0.00108642	0.0017509	0.00165303	0.0108965	0.0189144	0.308786	0.00272558	0.005165
70	0.0793156	0.0471599	0.00315744	0.00534151	0.0925636	0.0461296	0.0163531	0.109367	0.0140303	0.0996976	0.0312359	0.0169412	0.0831981	0.016488	0.0216274	0.0630815	0.0719035	0.0636552	0.0574378	0.0613155
71	0.00525087	0.00301928	0.00178431	0.000792851	0.484923	0.00650385	0.00173355	0.0471254	0.00170674	0.204993	0.0656065	0.00282852	0.000918205	0.00266057	0.00238921	0.0032808	0.00560162	0.0206267	0.0258051	0.112451
72	0.0757912	0.0308922	0.000642354	0.000721022	0.0909936	0.0140702	0.000917313	0.221211	0.00122751	0.212083	0.0496716	0.00122289	0.00222933	0.000742065	0.00207701	0.0164826	0.0403662	0.233163	0.00142444	0.00407076
73	0.0356198	0.0124876	0.00160543	0.000971596	0.123362	0.00854889	0.00350414	0.151847	0.00521705	0.393888	0.0604952	0.00351629	0.00309365	0.00524053	0.00412993	0.0120065	0.0220846	0.136541	0.00443872	0.0114024
74	0.110953	0.0364777	0.000716743	0.000646154	0.101792	0.0249394	0.00129999	0.190178	0.00155057	0.187275	0.0428403	0.00189828	0.00328633	0.00146885	0.00278129	0.0340288	0.0531904	0.196952	0.00235205	0.00537189
75	0.0198227	0.0209239	0.00245179	0.00193553	0.246473	0.050697	0.00404535	0.238405	0.00356477	0.301792	0.0123525	0.00384798	0.0015565	0.00409479	0.003208	0.0108077	0.012313	0.0498039	0.00417653	0.0077275
76	0.0256268	0.00368143	0.103286	0.268409	0.00676407	0.0121401	0.0190901	0.0202551	0.0260389	0.01317	0.0207104	0.0819249	0.00422504	0.236057	0.0200044	0.076087	0.0359894	0.0165461	0.00234946	0.00764479
77	0.340631	0.0603408	0.00125443	0.00121579	0.0131739	0.200968	0.00845909	0.0107123	0.0132869	0.0149292	0.0231174	0.0126553	0.00105792	0.00206363	0.00170968	0.23626	0.0376061	0.00498228	0.00113752	0.0144377
78	0.0457648	0.0138468	0.00112503	0.000808849	0.054655	0.00684933	0.00079269	0.294131	0.00126763	0.267651	0.0965316	0.00057661	0.00126986	0.00109687	0.000769013	0.00655061	0.0232044	0.180423	0.000644443	0.0020402
79	0.0903318	0.0530264	0.00247059	0.00216279	0.16323	0.0046377	0.00315385	0.0188269	0.00416254	0.352318	0.171003	0.00377048	0.00140391	0.00331168	0.00305644	0.0245859	0.0526732	0.0393754	0.00203615	0.00446296
80	0.0612607	0.108247	0.00734492	0.00762857	0.306615	0.0254813	0.0106991	0.0774763	0.00726152	0.0987559	0.0260041	0.0105776	0.00417016	0.00650022	0.00591295	0.062141	0.0180651	0.0738394	0.0272175	0.0548018
81	0.0203814	0.0120701	0.00902809	0.00607458	0.182901	0.00970616	0.111063	0.109535	0.00969161	0.0498264	0.0202849	0.00929807	0.00728019	0.0176705	0.0339087	0.060974	0.0184033	0.0353555	0.0335455	0.243001
82	0.0794373	0.0325014	0.00053916	0.000472852	0.0981693	0.0155528	0.000581379	0.214944	0.000848949	0.219502	0.0461164	0.00120135	0.00214862	0.000416629	0.00181041	0.0155641	0.0406894	0.22402	0.00142159	0.00406233
83	0.0966046	0.0060191	0.0196326	0.00574696	0.0168735	0.022808	0.0148046	0.0229427	0.0091336	0.0148896	0.0159338	0.00854102	0.439585	0.00887159	0.0139444	0.147834	0.0879436	0.0398797	0.0028346	0.00517741
84	0.0228128	0.00213005	0.00127065	0.00107687	0.0321808	0.00235469	0.396916	0.0053732	0.0865051	0.015153	0.00331636	0.0375968	0.00111983	0.0552617	0.149514	0.0420744	0.00387346	0.00508219	0.00122344	0.135164
85	0.0230803	0.0386849	0.00118417	0.00837733	0.218421	0.00219191	0.0336924	0.0529444	0.00816688	0.0537044	0.0109734	0.00193484	0.00086821	0.00202741	0.00230867	0.01282	0.00430228	0.0655054	0.163506	0.295306
86	0.0140716	0.00437246	0.00043168	0.000230401	0.0384898	0.00130484	0.000581785	0.31525	0.00154322	0.331229	0.122442	0.000468044	0.000233901	0.00257634	0.000383709	0.00147271	0.00837943	0.154804	0.00040079	0.00133476
87	0.0301081	0.0261945	0.0072616	0.0107554	0.133692	0.0106351	0.0176022	0.0484379	0.0151101	0.0560355	0.0232641	0.00963132	0.0053398	0.0145502	0.0211749	0.0265341	0.028969	0.0476232	0.352656	0.114425
88	0.0427029	0.00206161	0.0236355	0.0121266	0.00525861	0.0490437	0.0044286	0.00958877	0.245563	0.0192913	0.00352638	0.0509354	0.00195249	0.050506	0.352607	0.0952878	0.0153525	0.00988399	0.00185552	0.00439245
89	0.0484135	0.0233636	0.00138997	0.00328228	0.0814821	0.0112184	0.0154809	0.104686	0.0251554	0.148095	0.0531575	0.0157511	0.0265273	0.0279166	0.0357099	0.0583529	0.0775171	0.0517331	0.129589	0.0611786
90	0.0189475	0.00176089	0.240121	0.213706	0.00303308	0.0218754	0.0401491	0.00944663	0.0648322	0.00878214	0.00800546	0.150026	0.00769511	0.0736017	0.0459818	0.0480936	0.0276783	0.00435867	0.00161622	0.0102886
91	0.0664671	0.00120646	0.0626158	0.0333001	0.00239034	0.544322	0.00769158	0.00492795	0.0423065	0.00362142	0.00210309	0.115153	0.00168249	0.0242817	0.0394826	0.0211386	0.0138215	0.00282794	0.00478048	0.00587867
92	0.0664671	0.00120646	0.0626158	0.0333001	0.00239034	0.544322	0.00769158	0.00492795	0.0423065	0.00362142	0.00210309	0.115153	0.00168249	0.0242817	0.0394826	0.0211386	0.0138215	0.00282794	0.00478048	0.00587867
93	0.0217861	0.00101219	0.00234601	0.000710425	0.0213339	0.00420429	0.0160441	0.0406009	0.290811	0.0482251	0.00811098	0.0392889	0.00497296	0.0397256	0.250142	0.0317629	0.110986	0.0464203	0.0101313	0.0113844
94	0.0153969	0.0049687	0.000484363	0.000251948	0.0384438	0.00137388	0.000540078	0.33143	0.001839	0.294383	0.140952	0.000497982	0.000265727	0.00213445	0.000374612	0.00129935	0.00803205	0.156266	0.000268445	0.000796749
95	0.0525884	0.0103597	0.0787804	0.0880923	0.00606851	0.0158809	0.0535887	0.00758531	0.0600216	0.0459721	0.0602751	0.0875266	0.000324694	0.0785856	0.0548588	0.133258	0.12544	0.00902817	0.00163154	0.0301337
96	0.00854175	0.00441007	0.000373603	0.000263199	0.0384788	0.000949426	0.000543139	0.200806	0.00269282	0.536522	0.091876	0.000521665	0.000230609	0.00341162	0.000477754	0.00230259	0.00544672	0.0983155	0.000332918	0.00350413
97	0.0074198	0.0209544	0.00139097	0.00174776	0.00820183	0.00282574	0.00240423	0.21035	0.00298412	0.161892	0.0618212	0.00220241	0.00233293	0.0165145	0.00329323	0.0815276	0.167803	0.235241	0.00590705	0.0031865
98	0.0522123	0.0104551	0.0816982	0.0883561	0.00593641	0.0155014	0.0527275	0.00765773	0.0602006	0.0471266	0.0607889	0.0862316	0.000345575	0.0780174	0.0540635	0.133591	0.124659	0.00934644	0.00164479	0.0294405
99	0.031994	0.00105505	0.189812	0.172581	0.0024986	0.160634	0.032346	0.00960536	0.0617535	0.00584608	0.0044751	0.134496	0.0110512	0.057741	0.0430975	0.0465863	0.021292	0.00340717	0.00185495	0.0078733
100	0.00576696	0.0074384	0.00041602	0.000343421	0.0450905	0.000664256	0.000760256	0.0754604	0.00521014	0.718347	0.0827994	0.000635086	0.000268953	0.00246396	0.000718992	0.00470536	0.00173383	0.0420134	0.000423352	0.00474072
101	0.0519661	0.0102561	0.0828225	0.0897964	0.00589721	0.0168206	0.0534013	0.00795745	0.0606793	0.044181	0.0574861	0.0905056	0.000976127	0.0784143	0.0549225	0.131355	0.121905	0.00945844	0.00161975	0.0295788
102	0.0861551	0.00531736	0.0308806	0.0169459	0.0298646	0.00525966	0.00527134	0.222778	0.0190591	0.0970295	0.0763406	0.0338631	0.00584628	0.0988117	0.046942	0.0416363	0.0707758	0.0784767	0.0191363	0.00961001
103	0.0261916	0.00602104	0.000798272	0.000577596	0.0421286	0.00256358	0.000718251	0.301314	0.00133813	0.31935	0.112233	0.000524243	0.00101236	0.00213864	0.000440154	0.00268762	0.0137614	0.164241	0.000494581	0.00146565
104	0.0508943	0.0149536	0.00192681	0.00718303	0.0446993	0.0124324	0.0177789	0.187315	0.0265397	0.125626	0.0487793	0.0105951	0.0181897	0.0210018	0.0244769	0.0548083	0.0794126	0.220567	0.00965681	0.0231648
105	0.0183896	0.00133727	0.245554	0.222841	0.00224276	0.022645	0.0372022	0.00897689	0.0699694	0.00738737	0.00659352	0.140472	0.00798522	0.075655	0.0452374	0.0478202	0.0256974	0.00310903	0.00116971	0.0097155
106	0.0691288	0.01163	0.10214	0.0590956	0.0986278	0.0522707	0.058879	0.0669691	0.0205927	0.0296178	0.0196964	0.0240646	0.00786992	0.0541795	0.0176759	0.0816162	0.0300835	0.0200267	0.00481973	0.171016
107	0.0279701	0.0107775	0.00484108	0.000528642	0.241228	0.00960456	0.00231309	0.130204	0.00256677	0.339103	0.0669764	0.00574344	0.0011998	0.00553305	0.00272289	0.00621092	0.0180684	0.089179	0.0082627	0.0269669
108	0.00177286	0.000898114	0.000630141	0.000455337	0.40366	0.00484519	0.0245147	0.0203932	0.000765213	0.0145664	0.00183687	0.000875199	0.000434901	0.00434139	0.000838095	0.00273262	0.00178358	0.00569133	0.000924214	0.508041
109	0.0480767	0.0226674	0.000651693	0.000551828	0.389497	0.0261309	0.00137788	0.134701	0.00101805	0.137097	0.0189329	0.0032159	0.00140865	0.00109088	0.000872114	0.0106747	0.0133053	0.154292	0.011588	0.0228506
110	0.0498433	0.0225859	0.000529533	0.000557138	0.368235	0.0294284	0.00101804	0.136119	0.00107163	0.157476	0.022448	0.00264979	0.00123696	0.00104026	0.0008978	0.0116446	0.0145628	0.149405	0.0110691	0.0181814
111	0.156141	0.255288	0.00407606	0.00326132	0.0143813	0.0206712	0.00495632	0.0263109	0.0058955	0.0159709	0.0684034	0.00723439	0.00232494	0.00528471	0.00484201	0.218872	0.128519	0.0463629	0.00255209	0.00865309
112	0.0351996	0.00526414	0.0936726	0.221377	0.00787082	0.0179061	0.0262004	0.0196171	0.0366182	0.0206206	0.0280721	0.0884493	0.00662562	0.175527	0.0283633	0.0903022	0.0654176	0.0180665	0.00220903	0.01262
113	0.0803349	0.0328211	0.000473371	0.000443806	0.0960791	0.0154107	0.000576972	0.215889	0.000867331	0.220793	0.0443855	0.00125989	0.0023516	0.000402833	0.0017695	0.015439	0.0395626	0.225444	0.00142505	0.00427125
114	0.00824616	0.00965513	0.000863637	0.00033798	0.0618281	0.000670871	0.000897603	0.0722429	0.0053777	0.693026	0.0875224	0.00127558	0.00026943	0.00250141	0.00108135	0.00478559	0.00343027	0.0387655	0.00122552	0.00599709
115	0.0731628	0.260264	0.04808	0.00678299	0.0730971	0.0211128	0.0130727	0.0177772	0.00706309	0.0193486	0.0133659	0.154624	0.00385038	0.00675745	0.00639629	0.152872	0.0219668	0.0174116	0.00514219	0.077852
116	0.0273601	0.00561962	0.000838599	0.000650047	0.031988	0.00437829	0.0016604	0.385062	0.000972785	0.166623	0.0380047	0.000619929	0.000497592	0.000993654	0.00123748	0.00863363	0.010882	0.308097	0.00236912	0.00351309
117	0.0875974	0.0485267	0.00125217	0.000907843	0.0963556	0.104324	0.00213967	0.114272	0.0026383	0.254234	0.0436064	0.00340626	0.00254655	0.00148884	0.00223304	0.0277701	0.0237574	0.174828	0.00244292	0.00567356
118	0.0130886	0.00214553	0.189501	0.175493	0.00365215	0.012242	0.0469914	0.0087137	0.0321809	0.00773575	0.0066298	0.300068	0.00462201	0.0939847	0.0269758	0.0304057	0.0272891	0.0101704	0.00144559	0.00666489
119	0.0140799	0.00477961	0.00172432	0.000483032	0.0419942	0.00235996	0.000814364	0.338088	0.00268898	0.268163	0.158526	0.000853295	0.000419881	0.00212774	0.000668499	0.00318182	0.00837804	0.148343	0.000662041	0.00166488
120	0.0220342	0.0314202	0.00123124	0.00694595	0.234047	0.00197189	0.0274892	0.0559319	0.00945222	0.0474237	0.00839431	0.00186336	0.000782572	0.00177789	0.00205874	0.0141002	0.0036168	0.0606093	0.157372	0.311477
121	0.0170598	0.0115235	0.00562185	0.000690372	0.18097	0.00377756	0.00327524	0.145657	0.00257279	0.384347	0.0989834	0.00583261	0.000885019	0.00661662	0.00345703	0.00533326	0.0129447	0.0701675	0.0115968	0.0286875
122	0.00556819	0.0129998	0.00154335	0.00132708	0.00927736	0.00269736	0.0022112	0.194994	0.00196128	0.174316	0.0836424	0.00298375	0.00116977	0.0126573	0.00231319	0.0560724	0.204935	0.213929	0.011602	0.00379906
123	0.00796661	0.00283291	0.206457	0.103064	0.00497783	0.00639081	0.0549739	0.0076366	0.0116397	0.00812826	0.00483995	0.439678	0.0024105	0.0640274	0.0165216	0.0124083	0.0253168	0.0143325	0.00162075	0.00477753
124	0.0535112	0.0014393	0.00774735	0.00087875	0.0369433	0.005215	0.0101862	0.0412458	0.257881	0.0568961	0.0215912	0.0330421	0.0022876	0.0266477	0.199161	0.0271312	0.0950832	0.0732789	0.0291219	0.0207113
125	0.0416446	0.018615	0.000960948	0.000798525	0.381644	0.0191159	0.00224501	0.134368	0.00170001	0.147869	0.0233375	0.00458213	0.00196362	0.00156185	0.0014032	0.0107752	0.0136124	0.150646	0.0104983	0.0326598
126	0.0229185	0.0115312	0.00350616	0.00111678	0.207479	0.00426992	0.00460225	0.0760376	0.00610739	0.465633	0.0647138	0.00515419	0.000962389	0.00663445	0.00547053	0.00907453	0.0261419	0.0570905	0.0047582	0.0167969
127	0.0662964	0.00120225	0.0626303	0.0334026	0.00239034	0.544248	0.00775966	0.00494934	0.0423567	0.00362256	0.00209621	0.115203	0.00169949	0.0242678	0.0394447	0.0211815	0.0137852	0.00282875	0.00475194	0.00588356
128	0.0560579	0.00311186	0.0673264	0.0533362	0.00495998	0.429152	0.0234554	0.00861925	0.0485244	0.0113738	0.00923976	0.106915	0.00298863	0.031889	0.0461076	0.0366001	0.024455	0.00557053	0.0119951	0.018322
129	0.106837	0.00574921	0.0397787	0.0910293	0.0221787	0.0610419	0.0249038	0.0216375	0.0867393	0.0239426	0.0374328	0.0887168	0.0210582	0.0651695	0.0454079	0.132841	0.0869581	0.0154776	0.00130245	0.0217969
130	0.0210906	0.0202396	0.00266503	0.00404906	0.319093	0.00890537	0.013339	0.0480698	0.00578757	0.0850119	0.0268568	0.00496918	0.00395076	0.00418787	0.00909874	0.0144715	0.0102291	0.0425466	0.200446	0.154992
131	0.0530063	0.0120316	0.00117276	0.00325186	0.0869434	0.0138387	0.0188193	0.12671	0.0197247	0.195673	0.0578073	0.016965	0.0321369	0.0207025	0.0420994	0.0669695	0.0915357	0.0408384	0.0365458	0.0632274
132	0.0525884	0.0103597	0.0787804	0.0880923	0.00606851	0.0158809	0.0535887	0.00758531	0.0600216	0.0459721	0.0602751	0.0875266	0.000324694	0.0785856	0.0548588	0.133258	0.12544	0.00902817	0.00163154	0.0301337
133	0.00377535	0.00223808	0.000992103	0.00099353	0.459665	0.00625876	0.0105948	0.0245816	0.00141229	0.107164	0.0304708	0.00186179	0.000826229	0.00275496	0.00174428	0.0042594	0.00302487	0.0122871	0.0153119	0.309784
134	0.0445171	0.0120197	0.0195775	0.0169217	0.0485215	0.110871	0.0753809	0.106147	0.0321936	0.111209	0.0320745	0.0318119	0.0141091	0.0673613	0.0770978	0.0543907	0.049152	0.042338	0.0138416	0.0404644
135	0.0561921	0.0131529	0.00105439	0.00349453	0.0882827	0.013864	0.0196503	0.127078	0.019634	0.185554	0.0490344	0.019078	0.0377476	0.0222868	0.0405106	0.0670626	0.0922244	0.0433407	0.0369532	0.0638055
136	0.0319356	0.00471732	0.00046939	0.000622992	0.0214108	0.00299751	0.00066234	0.382111	0.000745259	0.133912	0.0251399	0.000594436	0.000481992	0.000828437	0.00073222	0.00587563	0.0111584	0.374366	0.0003797	0.000859272
137	0.022461	0.0164035	0.00244204	0.00212136	0.420322	0.0124642	0.0106792	0.0692074	0.00439187	0.123479	0.0308369	0.00461647	0.00209231	0.00486146	0.00488105	0.0126098	0.0129227	0.0655348	0.0323705	0.145303
138	0.0979476	0.00726315	0.0199607	0.00808187	0.0250884	0.02259	0.0175206	0.0299559	0.00963556	0.0257497	0.0189177	0.0117119	0.440701	0.0103263	0.0152293	0.127147	0.0631079	0.0318449	0.00545393	0.011766
139	0.0243236	0.00107386	0.0038107	0.00164951	0.0212543	0.00768687	0.014957	0.0366041	0.296753	0.0443156	0.00881539	0.0399186	0.00475066	0.0383166	0.247383	0.0372898	0.105302	0.0437736	0.00932053	0.0127016
140	0.0154354	0.00540526	0.000876769	0.000347963	0.0378371	0.00156099	0.000631122	0.322442	0.00256937	0.294737	0.142799	0.000555093	0.000389234	0.00223469	0.000520002	0.00205481	0.00805789	0.159969	0.000382638	0.00119449
141	0.234322	0.0315978	0.00487207	0.00394309	0.0571687	0.050123	0.007468	0.0909055	0.00893588	0.0617793	0.024283	0.0109142	0.00602695	0.00668195	0.00812627	0.104894	0.158813	0.115999	0.00390367	0.00924315
142	0.047831	0.0188846	0.0256587	0.0255853	0.0352172	0.0210522	0.0308259	0.0567777	0.178804	0.0704226	0.0812072	0.0439792	0.00950255	0.0373213	0.0814229	0.0617865	0.0720077	0.0527715	0.0156238	0.0333179
143	0.0659669	0.411645	0.0146425	0.00851328	0.0609988	0.0244254	0.0111778	0.0421101	0.00920949	0.0518513	0.030369	0.0191819	0.00819062	0.0111914	0.00905434	0.0961041	0.043551	0.0390174	0.0109982	0.0318014
144	0.0406309	0.00237339	0.0360033	0.0220662	0.0038304	0.0212222	0.0200999	0.0738292	0.0055474	0.0235996	0.00464725	0.0791994	0.00230297	0.0278095	0.0373303	0.191393	0.360668	0.0341407	0.0093187	0.00398809
145	0.00818884	0.00373512	0.00167911	0.000801588	0.495087	0.00851535	0.00152875	0.0445683	0.00152442	0.181308	0.0594305	0.00241199	0.000902925	0.00194758	0.00186377	0.00444702	0.00567144	0.0307827	0.0220353	0.123571
146	0.0228128	0.00213005	0.00127065	0.00107687	0.0321808	0.00235469	0.396916	0.0053732	0.0865051	0.015153	0.00331636	0.0375968	0.00111983	0.0552617	0.149514	0.0420744	0.00387346	0.00508219	0.00122344	0.135164
147	0.0373779	0.00179925	0.0051209	0.00116447	0.0394894	0.010553	0.0159167	0.0336656	0.289615	0.0452341	0.0236167	0.0434852	0.00255406	0.0266159	0.189	0.0373044	0.0958335	0.055608	0.0160842	0.0299616
148	0.00175152	0.000864669	0.000627767	0.000460508	0.400173	0.00484226	0.0247076	0.0200466	0.000765296	0.0131904	0.00136683	0.00081854	0.000434527	0.00440703	0.000829579	0.00274393	0.00175363	0.00555793	0.000502588	0.514156
149	0.0810825	0.00787417	0.0524668	0.0295024	0.0121005	0.450461	0.0126402	0.019979	0.0388691	0.0176567	0.0073472	0.0893832	0.007994	0.0234552	0.0358846	0.0538602	0.0291726	0.0132556	0.0062876	0.0107277
150	0.106227	0.00259885	0.0213357	0.00401093	0.0144064	0.0152086	0.0157137	0.0158525	0.00282867	0.00653344	0.0144356	0.00291449	0.531088	0.00344343	0.0121357	0.139254	0.0627032	0.0251015	0.00130541	0.00290258
151	0.0981065	0.0272346	0.0262944	0.00640967	0.00701794	0.154015	0.016959	0.024576	0.015212	0.0118415	0.0121792	0.0261346	0.0032786	0.00541344	0.00675352	0.291932	0.239552	0.0132768	0.001509	0.0123035
152	0.210117	0.025539	0.0232754	0.0139919	0.0157124	0.313566	0.0122828	0.025032	0.0259271	0.0174101	0.0126259	0.0460452	0.0060031	0.0116601	0.0166583	0.137778	0.051056	0.0186771	0.00311281	0.0135296
153	0.024635	0.028477	0.0781118	0.0144205	0.00424735	0.0588825	0.00999181	0.0229632	0.00193531	0.0106138	0.00884344	0.0495015	0.0011497	0.00663243	0.00823543	0.327174	0.324796	0.0136975	0.00267529	0.00301593
154	0.033393	0.00529581	0.00384229	0.0154013	0.0287371	0.00521228	0.00544255	0.293639	0.0157705	0.153774	0.059255	0.00315164	0.0209041	0.00783218	0.0145147	0.0385731	0.035382	0.248976	0.00242088	0.00848281
155	0.0332741	0.00492251	0.0626086	0.245457	0.00732401	0.010272	0.0184462	0.0230189	0.0224831	0.0186545	0.0333169	0.0638153	0.00331214	0.240348	0.0194279	0.102867	0.0564166	0.0210667	0.00225644	0.0107119
156	0.0225238	0.00109844	0.00268562	0.000711271	0.0268418	0.0042457	0.0123644	0.0500902	0.275468	0.0467343	0.0084718	0.0536855	0.00359331	0.0415805	0.210141	0.0347088	0.131113	0.0486508	0.0126401	0.0126506
157	0.0109129	0.00461561	0.00331326	0.00300439	0.176778	0.00704172	0.195807	0.164751	0.00467726	0.0570706	0.0316887	0.00562424	0.00282533	0.0266959	0.0632058	0.0382956	0.00945708	0.0340193	0.00243343	0.157782
158	0.0191554	0.00169836	0.232181	0.20554	0.00494085	0.0281502	0.0375897	0.0108469	0.0573408	0.0089098	0.00785674	0.162059	0.00702887	0.0789664	0.0403741	0.0493135	0.0287521	0.00740106	0.00187388	0.0100219
159	0.252169	0.0148509	0.00255025	0.00346799	0.00882276	0.171544	0.0163794	0.050675	0.0286443	0.0112436	0.00844839	0.0351664	0.0023343	0.00472232	0.00644631	0.213408	0.134834	0.00759913	0.00148014	0.0252145
160	0.00506849	0.00581336	0.00082732	0.000372656	0.0432584	0.000914445	0.000738475	0.111256	0.0043857	0.661413	0.0894663	0.000799847	0.000305185	0.0032362	0.000702669	0.00414977	0.00263989	0.0575978	0.000488738	0.00656575
161	0.0734001	0.412427	0.0126667	0.0073627	0.0597708	0.0271279	0.0104447	0.0415423	0.0105343	0.0552843	0.0338971	0.0240566	0.00578957	0.010041	0.00882545	0.08757	0.0426487	0.0399759	0.00887575	0.0277594
162	0.0293107	0.00465357	0.000441688	0.000611522	0.0242504	0.00293866	0.0009101	0.381154	0.000740174	0.146661	0.0299116	0.000581715	0.000466565	0.000975499	0.00081094	0.00607699	0.0105906	0.356574	0.000815041	0.00152552
163	0.0147408	0.00995462	0.00151388	0.000753718	0.0633515	0.00224071	0.0016414	0.146697	0.00441834	0.536883	0.107565	0.00223769	0.000568995	0.00363097	0.00173697	0.00603888	0.00910789	0.0780301	0.00203904	0.00684926
164	0.11443	0.00288061	0.0201504	0.00414129	0.0142201	0.0150022	0.0155545	0.0193973	0.00303165	0.00793437	0.0149055	0.00318712	0.51891	0.00385261	0.011559	0.140427	0.0605392	0.0252732	0.00143797	0.00316621
165	0.0585063	0.0077173	0.00808547	0.00583993	0.0189479	0.00979412	0.00894152	0.0819284	0.00863514	0.252564	0.0542277	0.0120022	0.00400601	0.181117	0.0121607	0.0200207	0.0201603	0.183023	0.0420012	0.0103218
166	0.0297661	0.0134715	0.12157	0.0760849	0.0144436	0.0366783	0.0461421	0.0252557	0.0304656	0.0252693	0.0157832	0.339688	0.00429446	0.0504449	0.0294148	0.0482747	0.0459548	0.0242073	0.0045762	0.0182151
167	0.0338697	0.00562972	0.00052689	0.00194548	0.0200183	0.00391348	0.0025635	0.374572	0.00246856	0.120157	0.0240771	0.00192558	0.00226841	0.00291353	0.00256107	0.0156125	0.0240618	0.35755	0.000688223	0.00267767
168	0.0244888	0.00413037	0.000654189	0.000580214	0.0321044	0.00240777	0.00133526	0.333298	0.00101225	0.209379	0.0438471	0.000684722	0.000681639	0.00197204	0.00106124	0.00615525	0.00952185	0.322118	0.00182173	0.00274581
169	0.0203634	0.0119972	0.11778	0.0693089	0.0150965	0.0144355	0.101564	0.0195414	0.0294716	0.0221904	0.0187234	0.32288	0.00502221	0.0524137	0.0371619	0.0414739	0.0342416	0.0217173	0.00345382	0.0411633
170	0.0220019	0.00243403	0.146729	0.266952	0.00565399	0.0142676	0.0240191	0.0167314	0.0354437	0.00998685	0.0147216	0.104781	0.00523401	0.187404	0.0253966	0.0651022	0.0306842	0.012922	0.00168145	0.00785355
171	0.0439461	0.0109132	0.0278416	0.0246403	0.0268034	0.0269186	0.036534	0.0377438	0.229437	0.0435282	0.0191621	0.0534352	0.00961268	0.0424371	0.154787	0.0644601	0.0729705	0.0396449	0.0101256	0.0250584
172	0.026199	0.00823218	0.000635392	0.000471854	0.046034	0.00311677	0.000974796	0.312565	0.00150818	0.282464	0.110746	0.000545406	0.000704852	0.00176598	0.000715138	0.00449253	0.0155496	0.179785	0.00115486	0.00233931
173	0.00177746	0.000924016	0.000599351	0.000481631	0.411168	0.00487798	0.023017	0.0202488	0.000758081	0.0205518	0.00402374	0.000891022	0.000450818	0.0041969	0.000867702	0.00270266	0.00180836	0.00595312	0.00191296	0.492789
174	0.0330152	0.00497537	0.000419693	0.000620872	0.0210955	0.00305329	0.000650456	0.381628	0.000699203	0.131464	0.0222396	0.000599465	0.000493075	0.000799883	0.000732385	0.00585118	0.0116984	0.378766	0.000353759	0.000845246
175	0.0571461	0.0258779	0.000627089	0.000654798	0.289938	0.0203917	0.000874983	0.167271	0.000875777	0.161104	0.0289887	0.00244229	0.00158054	0.00078476	0.00131981	0.0137243	0.0214158	0.185329	0.00688579	0.012767
176	0.00521341	0.0051486	0.000772673	0.000350769	0.0499707	0.000886679	0.000686954	0.127208	0.00364312	0.642889	0.0783703	0.00105008	0.000267587	0.00469105	0.000715418	0.00327695	0.00342044	0.0646149	0.00102347	0.00579979
177	0.0238613	0.0280699	0.00375845	0.00678528	0.164156	0.00594297	0.0216995	0.0431384	0.0122493	0.0448966	0.0142759	0.00592763	0.00353988	0.0079637	0.0138355	0.018993	0.0134402	0.0490312	0.329075	0.189361
178	0.0501256	0.0163324	0.00169318	0.00151515	0.331786	0.0169351	0.00593578	0.142189	0.00546911	0.143157	0.0236568	0.0128989	0.00716274	0.00604346	0.00602365	0.0179235	0.024145	0.130515	0.0118704	0.0446214
179	0.0240353	0.0250717	0.003421	0.00529177	0.19781	0.007847	0.0170103	0.044666	0.0089478	0.0546886	0.019346	0.00457877	0.00311074	0.00667078	0.0145063	0.0179781	0.0140638	0.0489075	0.334237	0.147811
180	0.00343127	0.00190092	0.000967233	0.000866044	0.555923	0.00831469	0.00162825	0.0263469	0.00122178	0.149156	0.0548124	0.00174396	0.000720685	0.00138431	0.00175378	0.00309642	0.00319576	0.0142898	0.0246236	0.144623
181	0.0181698	0.00726641	0.00297498	0.00190068	0.0606295	0.00332092	0.00783923	0.296683	0.00284559	0.235681	0.0708765	0.00148075	0.00257355	0.00192559	0.00497354	0.0198998	0.00766456	0.217489	0.015281	0.0205251
182	0.0410353	0.0147999	0.00103336	0.000655498	0.30269	0.0306773	0.00170247	0.192284	0.0024385	0.216052	0.0147457	0.00292743	0.00138584	0.00184928	0.00156517	0.0126189	0.0181847	0.126697	0.0059608	0.0106974
183	0.0184908	0.00645411	0.000642342	0.00047606	0.0421663	0.00209156	0.000690938	0.272944	0.00187774	0.369457	0.107128	0.000561098	0.000637662	0.00310399	0.000725842	0.00465668	0.0149351	0.150266	0.000564266	0.00213018
184	0.392448	0.00479774	0.00210262	0.00150573	0.10254	0.0466163	0.00251322	0.021932	0.00242673	0.129166	0.0176471	0.00347639	0.00138353	0.00271988	0.00259054	0.138532	0.10071	0.0211479	0.00180106	0.003943
185	0.0684055	0.0278825	0.000407587	0.000414545	0.081694	0.0143275	0.000667838	0.260796	0.000822633	0.194017	0.04	0.000800014	0.00143778	0.000457615	0.00155849	0.0138774	0.0350425	0.253346	0.00103705	0.00300747
186	0.0829179	0.0125049	0.00376185	0.00359009	0.0678812	0.00738859	0.00113622	0.199605	0.00235911	0.281655	0.0725917	0.00193963	0.00978329	0.0014339	0.00189615	0.0139592	0.0231145	0.205731	0.00242391	0.00432676
187	0.0388966	0.00623454	0.0153312	0.00706851	0.0038408	0.032866	0.00596582	0.0495954	0.00198621	0.0175602	0.00758467	0.0330331	0.000908315	0.00784303	0.00949662	0.244949	0.484782	0.0264217	0.00282256	0.00281372
188	0.247698	0.0276971	0.000938052	0.000945768	0.0715066	0.122909	0.00172419	0.129446	0.00129138	0.0380002	0.0151067	0.00170888	0.00459792	0.00158679	0.00140288	0.113505	0.0938683	0.123408	0.000746311	0.00191373
189	0.0803678	0.0331414	0.000473996	0.000436128	0.0955983	0.0154877	0.000575947	0.215897	0.000821851	0.220517	0.0444512	0.00120482	0.00235779	0.000380203	0.00180586	0.0153653	0.0394973	0.226051	0.00142742	0.00414098
190	0.0227828	0.0387496	0.00119024	0.00854733	0.219307	0.00216801	0.0339646	0.0529608	0.00811272	0.0526291	0.0105263	0.00203258	0.000891869	0.00197219	0.00232283	0.0129676	0.0044311	0.0660809	0.162591	0.295772
191	0.0368	0.00979031	0.0882524	0.0894286	0.0157058	0.0206914	0.0583628	0.0265341	0.038728	0.0583226	0.0302106	0.064434	0.0056158	0.0470542	0.160092	0.104718	0.0738168	0.01828	0.0311108	0.0220523
