339	20
1	0.0459579	0.00364413	0.169783	0.382174	0.00337881	0.0286334	0.00115564	0.0173015	0.0504133	0.0194631	0.00410151	0.0181572	0.062068	0.063502	0.012045	0.0227791	0.0433083	0.0431598	0.000330049	0.00864435
2	0.0556903	0.00501522	0.176404	0.22939	0.00186144	0.0355212	0.0379567	0.00419397	0.0722997	0.0128263	0.0153548	0.085396	0.00105097	0.038534	0.0159844	0.0834871	0.111095	0.0114494	0.00135829	0.00513177
3	0.00286264	0.00708093	0.00486165	0.00311271	0.217137	0.000875958	0.0312344	0.0057645	0.00602082	0.0167787	0.00505558	0.00552247	0.000687816	0.00394921	0.003493	0.0102268	0.00211571	0.0122701	0.0360918	0.624858
4	0.0397956	0.00516715	0.338324	0.14035	0.00236518	0.0491168	0.0150034	0.00406718	0.0440345	0.00662505	0.00448909	0.143905	0.00319844	0.035397	0.0167191	0.0891244	0.0493694	0.00792302	0.00124504	0.00378164
5	0.225999	0.0460921	0.00184913	0.00187317	0.0512783	0.00168884	0.00167171	0.118576	0.0110746	0.0340598	0.0121432	0.00207848	0.00075309	0.00238796	0.00185006	0.00819102	0.0413662	0.429457	0.000592678	0.00701779
6	0.0217969	0.00240234	0.00178311	0.00405738	0.00901213	0.00208738	0.0006333	0.331101	0.00133583	0.0419991	0.00678977	0.0024334	0.00946044	0.000754404	0.00210842	0.00753614	0.0145602	0.536971	0.000728665	0.00244892
7	0.021876	0.00254571	0.00185805	0.00452426	0.00908976	0.00225453	0.000673544	0.31103	0.0013158	0.0433949	0.00768126	0.00251025	0.00877634	0.000690881	0.00201382	0.00712302	0.0137372	0.555496	0.00074027	0.00266839
8	0.0399525	0.0552269	0.00425366	0.00394967	0.0419605	0.0100021	0.00405298	0.079707	0.00604828	0.43945	0.0762779	0.00222677	0.00364158	0.0144588	0.0030293	0.0168322	0.0351234	0.152102	0.00370211	0.00800214
9	0.0567285	0.0350712	0.0249948	0.0157964	0.00298436	0.595751	0.0111284	0.00454767	0.03501	0.00586386	0.0048141	0.0374313	0.0152043	0.0136579	0.0178243	0.097312	0.0113761	0.00962292	0.00267279	0.00220842
10	0.0981505	0.0321714	0.0144972	0.0169748	0.0118514	0.0149768	0.0114986	0.0899626	0.0263028	0.107648	0.0455248	0.0200479	0.00383277	0.0484427	0.0145294	0.0534417	0.162037	0.216789	0.00281414	0.00850654
11	0.0342527	0.0135238	0.0338388	0.0277074	0.00384951	0.444025	0.0194091	0.00453802	0.058829	0.00923934	0.00514296	0.0765168	0.0103084	0.054177	0.0543049	0.091895	0.0246183	0.0263074	0.00235536	0.00516115
12	0.0259097	0.0197984	0.00590248	0.00162136	0.0499251	0.0013071	0.00407841	0.093257	0.00337224	0.619907	0.058901	0.00116931	0.00319804	0.00526604	0.00163211	0.0110101	0.0118597	0.0693028	0.00548264	0.00709925
13	0.0196687	0.00766143	0.0115466	0.0116801	0.0395961	0.00947266	0.00966425	0.0473865	0.433132	0.0161708	0.0101249	0.0150397	0.00427198	0.0596685	0.012134	0.0237049	0.212722	0.0455379	0.00346017	0.00735656
14	0.0475865	0.00979694	0.126804	0.243476	0.00717189	0.110855	0.0144355	0.0113436	0.0391175	0.0169316	0.00727772	0.0439919	0.0196051	0.0996403	0.0218878	0.0815627	0.03627	0.0513737	0.00222174	0.00865021
15	0.153143	0.165735	0.00770943	0.0113255	0.0300861	0.0600721	0.00983637	0.0283008	0.00734522	0.0600829	0.0251549	0.0168508	0.00211905	0.00975811	0.00489724	0.276267	0.063979	0.0413059	0.00225302	0.0237782
16	0.0266555	0.0215304	0.00086211	0.00388373	0.00990119	0.00722967	0.000585383	0.508401	0.000911153	0.0595915	0.0297459	0.00465797	0.000797696	0.000587796	0.00269966	0.00709606	0.00840849	0.300722	0.000990195	0.00474188
17	0.00691087	0.00542535	0.00644376	0.00133292	0.0315163	0.00104062	0.00595138	0.272306	0.00356638	0.437609	0.0778445	0.00125015	0.00113488	0.00431674	0.00422877	0.00732813	0.0190328	0.107397	0.00173872	0.00362624
18	0.109059	0.0273174	0.0205745	0.00864147	0.00295408	0.0669239	0.0035582	0.0160959	0.0117589	0.0166396	0.00931467	0.0185729	0.00516943	0.00708591	0.00366434	0.5528	0.0810303	0.0326964	0.00115264	0.00498978
19	0.0694827	0.0216152	0.028169	0.0171898	0.00580633	0.317531	0.00800595	0.00585594	0.0297699	0.0120176	0.00621658	0.070326	0.015158	0.013542	0.0118821	0.293132	0.0547756	0.0132937	0.00224148	0.00398928
20	0.0222733	0.0171817	0.00547429	0.00144185	0.0424472	0.00106202	0.00406002	0.135087	0.00337753	0.579334	0.0651896	0.00106055	0.00266212	0.00480813	0.0021366	0.0109972	0.0131212	0.0781349	0.00412138	0.00602955
21	0.0344169	0.0264074	0.00498606	0.00209729	0.0684394	0.00204326	0.00334047	0.0726968	0.00316929	0.587557	0.0630877	0.00135392	0.00448471	0.00549841	0.00146427	0.0147465	0.0133926	0.0764747	0.00528219	0.00906081
22	0.0885107	0.0286562	0.00878534	0.00602718	0.00584145	0.0621348	0.00312052	0.0148449	0.0123396	0.0216882	0.0123446	0.0192956	0.000858906	0.0054864	0.00181756	0.603685	0.0708021	0.0287086	0.000465517	0.00458645
23	0.0577324	0.0297396	0.00397705	0.0123881	0.00741119	0.0173906	0.0135566	0.161739	0.0326835	0.13728	0.0706113	0.00371598	0.00156427	0.025947	0.0158653	0.0250993	0.0647064	0.301078	0.00137145	0.016142
24	0.0650368	0.0153109	0.123615	0.173844	0.0030156	0.0291683	0.0435766	0.00454799	0.0840448	0.0454771	0.0260041	0.166791	0.0021544	0.0330985	0.0414424	0.0791491	0.0285633	0.00687113	0.0113303	0.0169589
25	0.0445936	0.012508	0.0338271	0.0158842	0.00104209	0.628934	0.0127638	0.00156421	0.0565815	0.00248132	0.00326775	0.0432481	0.0139072	0.0144485	0.0263562	0.0752603	0.00500481	0.00429306	0.00279749	0.00123715
26	0.00725946	0.0161423	0.00254679	0.00739317	0.178967	0.00252944	0.0339993	0.0537599	0.177608	0.0805289	0.0778401	0.010047	0.0012032	0.0257418	0.0406046	0.014191	0.00935893	0.071834	0.0154857	0.17296
27	0.015592	0.0049823	0.003791	0.0196293	0.00605366	0.0118345	0.0152759	0.0124447	0.435704	0.033787	0.0192144	0.0130889	0.000462014	0.0689757	0.263436	0.028245	0.0182638	0.016989	0.0013877	0.010843
28	0.0231458	0.00784472	0.00206231	0.00472743	0.00923383	0.00371154	0.000713554	0.385677	0.00131446	0.0546896	0.0233435	0.00278939	0.00420034	0.00089453	0.00387346	0.0106317	0.0164146	0.438912	0.00124422	0.00457567
29	0.0300164	0.0193676	0.00947124	0.00274548	0.0635076	0.00265433	0.004898	0.0899253	0.00509026	0.596103	0.0519714	0.00268691	0.00379648	0.00639657	0.00179862	0.0125161	0.013425	0.0691647	0.00609198	0.00837296
30	0.0801968	0.0184343	0.0196244	0.0198944	0.0141474	0.0180315	0.171301	0.0336611	0.0282699	0.147702	0.0240865	0.0745952	0.0061321	0.0853418	0.0164422	0.0404783	0.0323487	0.151644	0.00570851	0.0119596
31	0.00512115	0.00519327	0.00434533	0.00110778	0.0322578	0.00141234	0.0039507	0.373796	0.00219732	0.275207	0.102014	0.00131633	0.000975035	0.00304557	0.00414441	0.0065698	0.0228886	0.15002	0.000737646	0.00369995
32	0.0532904	0.00903678	0.329277	0.088355	0.0480413	0.0644776	0.0173625	0.0166727	0.036566	0.0250327	0.0119224	0.0507056	0.0133708	0.035016	0.0204929	0.0621394	0.0766211	0.0243319	0.00540307	0.0118848
33	0.0181679	0.00599792	0.00727896	0.0229331	0.00533388	0.012122	0.014931	0.019116	0.338806	0.0176023	0.00900951	0.028863	0.00165171	0.119653	0.279518	0.0430139	0.0207624	0.0191303	0.00957114	0.00653769
34	0.0220314	0.0201244	0.0229549	0.019425	0.00599782	0.0953441	0.0582242	0.00603821	0.0994923	0.0122008	0.00972668	0.20653	0.00595968	0.16032	0.119888	0.0925695	0.021703	0.0130665	0.00218168	0.00622219
35	0.114799	0.00512432	0.110167	0.0440736	0.00790595	0.0960897	0.00824977	0.00884117	0.0327197	0.0119972	0.00466529	0.111188	0.147664	0.0485156	0.0155424	0.186773	0.0270441	0.00571729	0.00906876	0.0038549
36	0.00353621	0.00751934	0.00626829	0.00474018	0.160087	0.000857612	0.0482864	0.00202458	0.00619139	0.0123717	0.00239066	0.00722507	0.000351758	0.00860598	0.00306617	0.00941521	0.00144247	0.00775744	0.0348697	0.672993
37	0.00722275	0.00857219	0.00552566	0.0112639	0.161358	0.00250493	0.0985806	0.00804219	0.018535	0.0301749	0.0146047	0.0140043	0.00057403	0.0198646	0.00894523	0.0192964	0.00401433	0.0144302	0.0348405	0.517646
38	0.0667122	0.0122039	0.0437513	0.0284515	0.00273548	0.51424	0.0132808	0.0027278	0.0370566	0.0047073	0.00499793	0.0545679	0.0489433	0.0219607	0.0173946	0.103654	0.0110884	0.00454382	0.00553997	0.00144246
39	0.471868	0.033409	0.00612215	0.00541591	0.00493256	0.291312	0.00450393	0.00487846	0.00712411	0.022219	0.00443017	0.00670504	0.0190609	0.00576175	0.0223076	0.0196335	0.0272678	0.0378534	0.00141115	0.00378416
40	0.102616	0.00186499	0.304779	0.318559	0.008888	0.029802	0.0127724	0.00327112	0.00818438	0.00665679	0.00140544	0.018526	0.000990538	0.0710881	0.0123001	0.0609956	0.0179885	0.0144562	0.00055805	0.00429858
41	0.141089	0.15389	0.0134873	0.00404099	0.00638573	0.0698166	0.00566872	0.0463924	0.0058823	0.0206184	0.0112313	0.0133709	0.00115216	0.0041921	0.00270213	0.359712	0.0777474	0.0461785	0.00122481	0.0152179
42	0.0481853	0.0111878	0.0953633	0.0122903	0.00715623	0.0140182	0.0619251	0.0379905	0.0778737	0.017934	0.0126474	0.178272	0.0597102	0.0445915	0.0484143	0.0649655	0.0953925	0.0148207	0.00293765	0.0943239
43	0.0327587	0.0148426	0.00617823	0.0099019	0.0261715	0.0138465	0.0109941	0.122195	0.0190198	0.45705	0.0771258	0.00231895	0.00301094	0.0167904	0.00987301	0.0176506	0.0184569	0.122566	0.00316212	0.0160861
44	0.0436381	0.00434635	0.0622272	0.0639026	0.00417039	0.00581139	0.00752611	0.084096	0.07299	0.0126456	0.039106	0.143758	0.034625	0.0692271	0.00640726	0.115119	0.159831	0.0620602	0.00212111	0.00639199
45	0.0634637	0.00273197	0.238482	0.214246	0.00492958	0.0121187	0.0215972	0.013397	0.0338419	0.0159056	0.00294685	0.057659	0.00312938	0.186498	0.015169	0.0571216	0.02724	0.0216831	0.000817798	0.00702166
46	0.0239762	0.015241	0.0041908	0.00159334	0.0774517	0.00134589	0.004002	0.0916636	0.00271313	0.529933	0.0716442	0.00133503	0.00897768	0.00743425	0.00274012	0.0122786	0.0166166	0.108363	0.00585705	0.0126432
47	0.00301753	0.00680978	0.0055666	0.00272721	0.18062	0.000769923	0.0345496	0.00215024	0.00515689	0.0101392	0.000620838	0.00575017	0.000480379	0.00339677	0.00264833	0.00842555	0.00139666	0.00749906	0.0345653	0.68371
48	0.0771679	0.00749923	0.0645837	0.0925199	0.00203431	0.029958	0.0113273	0.00242686	0.232774	0.0212865	0.000865328	0.0598209	0.0273923	0.0997251	0.0723431	0.110453	0.0766603	0.00637969	0.000511479	0.00427061
49	0.0132648	0.0102339	0.0025859	0.021671	0.0146915	0.00717086	0.0363474	0.0144744	0.408856	0.0397	0.0227803	0.0126757	0.000616192	0.0330904	0.268887	0.0279471	0.0266092	0.0123387	0.00161511	0.0244443
50	0.111727	0.00317529	0.0211306	0.0268634	0.0163229	0.00637882	0.0241054	0.0342745	0.205558	0.0128655	0.00303405	0.0412576	0.0911136	0.0473127	0.129638	0.156867	0.0215445	0.041231	0.00155681	0.00404363
51	0.0953766	0.0052944	0.116636	0.0344659	0.0152772	0.0819909	0.00775514	0.0157141	0.0232928	0.019344	0.0048697	0.0957373	0.156042	0.0285038	0.0233539	0.202896	0.0449759	0.00679828	0.0153686	0.00630654
52	0.0160308	0.00917659	0.00332971	0.028108	0.00771181	0.00567765	0.0261087	0.00849057	0.379079	0.0241793	0.0153298	0.0196357	0.000384143	0.0513687	0.327937	0.0300442	0.0236381	0.0112932	0.00116818	0.0113092
53	0.0765803	0.00250511	0.292046	0.30745	0.00485499	0.0219812	0.0190281	0.00372175	0.0181219	0.0123321	0.00223826	0.0413095	0.00149428	0.0681972	0.0119529	0.0742564	0.0240758	0.0106082	0.000729682	0.00651624
54	0.00573755	0.0164553	0.00583488	0.00416956	0.178642	0.00175238	0.0289351	0.00476329	0.0058403	0.0118864	0.00241293	0.00590876	0.000797858	0.00396396	0.00308232	0.0116313	0.00331352	0.0100437	0.102862	0.591967
55	0.106028	0.128677	0.0273266	0.00954876	0.00613664	0.0246652	0.00872656	0.00974932	0.0417049	0.0123533	0.00660122	0.264153	0.00417773	0.01071	0.0102546	0.213075	0.0904132	0.014869	0.00185419	0.00897613
56	0.0223548	0.00717945	0.00123311	0.00368914	0.00949559	0.00356696	0.000551726	0.3688	0.000910187	0.0473066	0.0137213	0.00367155	0.00533575	0.000600465	0.00204807	0.00599249	0.0108758	0.488645	0.000759156	0.00326304
57	0.0259097	0.00838609	0.368469	0.0896568	0.0043868	0.0223875	0.01072	0.0232947	0.0557926	0.0145378	0.0101953	0.161204	0.0152713	0.028308	0.0201292	0.0788914	0.0353034	0.0192622	0.0015584	0.00633614
58	0.0183868	0.0115661	0.00561754	0.00344786	0.0438091	0.0023168	0.00550346	0.092162	0.00564817	0.574771	0.0882836	0.00230662	0.00449552	0.00794639	0.00483305	0.0109379	0.0173051	0.0842655	0.00857783	0.00781961
59	0.0266242	0.0216736	0.000861614	0.00387744	0.00986858	0.00722608	0.00058834	0.50862	0.000911655	0.0594554	0.0297347	0.00466143	0.000798649	0.000587612	0.00269529	0.0070938	0.00839558	0.300605	0.000986933	0.00473465
60	0.100878	0.00544767	0.043547	0.0319556	0.00668054	0.0290095	0.0106515	0.0143985	0.0557196	0.0269068	0.00642847	0.0492702	0.235752	0.0512581	0.0236507	0.183484	0.0902868	0.0232465	0.00334838	0.00808054
61	0.0241365	0.0070809	0.0123757	0.0280839	0.0104799	0.0144044	0.0185704	0.014168	0.431007	0.0285128	0.0161845	0.0275117	0.00402291	0.0565225	0.190392	0.0409459	0.0415681	0.0195063	0.00224695	0.0122797
62	0.0209279	0.0224838	0.00397067	0.006388	0.232884	0.0060486	0.0080798	0.0702557	0.00765226	0.376374	0.0584585	0.00347443	0.00421095	0.00815492	0.00527871	0.0167791	0.0177556	0.0806156	0.0193269	0.0308809
63	0.00396405	0.00415766	0.00536545	0.000926523	0.0392457	0.000836404	0.00413975	0.34357	0.00276538	0.316626	0.117362	0.00113733	0.000934795	0.00370072	0.00500586	0.00798816	0.0281474	0.110206	0.000680971	0.00323933
64	0.0114339	0.00661017	0.00298225	0.00523004	0.0179718	0.00125843	0.00404779	0.0737171	0.0120766	0.57021	0.181212	0.00146794	0.00188949	0.00526196	0.00991437	0.0101995	0.0114439	0.0670894	0.00269594	0.00328746
65	0.228667	0.0809411	0.00741244	0.00483092	0.00797212	0.0682967	0.00489283	0.0388112	0.0053177	0.0225184	0.0126455	0.0118523	0.00101176	0.00431464	0.00190486	0.384589	0.048268	0.0573935	0.000845528	0.00751421
66	0.0328278	0.0266646	0.162894	0.044133	0.00234046	0.0505812	0.0125496	0.00605736	0.0338225	0.00746832	0.00261628	0.357595	0.00109554	0.013137	0.0107127	0.13705	0.0915752	0.00326146	0.0011206	0.00249759
67	0.0903933	0.000962167	0.0890515	0.122259	0.00139847	0.0315995	0.0116428	0.0053258	0.149117	0.0310582	0.00096109	0.0625866	0.0805645	0.133783	0.036722	0.0807094	0.062897	0.00742147	0.000404414	0.00114209
68	0.00663819	0.00170245	0.00153532	0.00734506	0.00312755	0.00137424	0.0040549	0.0675855	0.0169607	0.537967	0.233592	0.00194409	0.000898943	0.00561027	0.014788	0.0109364	0.0127694	0.0681714	0.00134744	0.00165106
69	0.0571366	0.0212124	0.00214788	0.0144988	0.0155383	0.0108579	0.00874701	0.21106	0.0375137	0.0249241	0.0455302	0.00718073	0.00114925	0.0307789	0.0278877	0.0352267	0.140874	0.291617	0.00344071	0.0126781
70	0.0190384	0.0096575	0.008955	0.0376021	0.00614595	0.00989668	0.0187049	0.00754191	0.394896	0.0157711	0.00903714	0.0459914	0.00124979	0.072428	0.240615	0.0441793	0.0316942	0.0140231	0.00131468	0.0112575
71	0.00660858	0.00566726	0.00472459	0.00125986	0.0299412	0.00159607	0.00383007	0.355296	0.00309101	0.27147	0.138038	0.00130107	0.000985201	0.00324127	0.0041592	0.00760742	0.0329293	0.124179	0.000719361	0.00335565
72	0.0214408	0.0157476	0.0057475	0.00340276	0.0453807	0.00203708	0.00527963	0.0829885	0.00610992	0.598738	0.0797237	0.00241558	0.0035154	0.00649377	0.00420348	0.0123374	0.0129633	0.0711175	0.00615632	0.0142014
73	0.0445556	0.0153909	0.00434862	0.0115615	0.00764196	0.0153796	0.0173438	0.191877	0.0296956	0.186732	0.0781478	0.00352354	0.00197919	0.0213462	0.0294389	0.0201559	0.0366409	0.269655	0.00141587	0.0131704
74	0.0416154	0.00806491	0.012517	0.00823058	0.0702404	0.0493607	0.283675	0.0275301	0.0991513	0.0127878	0.0495062	0.0298176	0.00407077	0.0120867	0.0817062	0.0605161	0.0308779	0.00882501	0.00219065	0.10723
75	0.105178	0.0578087	0.00612218	0.00596358	0.0221349	0.0418894	0.00799408	0.029177	0.00718651	0.0373264	0.0331703	0.0110772	0.00578302	0.00570013	0.00219498	0.284924	0.282457	0.044553	0.00112997	0.00823037
76	0.0260269	0.00695313	0.182005	0.0969652	0.00182421	0.178102	0.0104182	0.00281198	0.0756636	0.00467453	0.00327024	0.206905	0.000744566	0.0349185	0.0291439	0.0949036	0.016013	0.0184757	0.00128315	0.00889835
77	0.214722	0.0479732	0.001989	0.00241111	0.0474078	0.00254206	0.00228559	0.124218	0.0123193	0.0367885	0.0148403	0.00224819	0.000716587	0.00389459	0.00341272	0.010148	0.0470835	0.4172	0.000770007	0.00702843
78	0.0061415	0.00130469	0.00138751	0.00741646	0.00243074	0.0012282	0.00392463	0.0728261	0.0174101	0.536086	0.230131	0.00178213	0.000801199	0.00571751	0.0151653	0.0108027	0.0125485	0.0704481	0.00113117	0.00131645
79	0.0640414	0.00308836	0.279432	0.251872	0.0040889	0.0224678	0.0197072	0.0043348	0.0348361	0.0116115	0.00251224	0.0794043	0.000789608	0.0778853	0.0185376	0.0776338	0.0260081	0.00887357	0.000727785	0.0121478
80	0.0125642	0.0248336	0.00319869	0.0135522	0.330233	0.0100477	0.0467121	0.0248064	0.0110407	0.245783	0.0470349	0.00807854	0.00196543	0.0191276	0.00684125	0.0176354	0.0158503	0.0365452	0.046488	0.0776617
81	0.0165594	0.00475656	0.00382973	0.0171495	0.00655033	0.0164115	0.0145202	0.0111493	0.436884	0.0447786	0.0249392	0.0111445	0.000595966	0.0607722	0.252616	0.0295596	0.0163594	0.0182089	0.000936255	0.0122786
82	0.133084	0.102707	0.0309371	0.00784568	0.00599048	0.00854972	0.0078683	0.00705875	0.0108225	0.0657961	0.0067435	0.0381112	0.0028021	0.091542	0.0297711	0.158508	0.0613779	0.222254	0.002489	0.00574129
83	0.0242115	0.00136256	0.00210812	0.00422063	0.00787608	0.00204113	0.000615007	0.302836	0.00130436	0.0407806	0.00827579	0.00198253	0.00857124	0.000724452	0.00247843	0.00850744	0.0180422	0.560244	0.000925162	0.00289357
84	0.0902337	0.00200189	0.288138	0.311968	0.00498248	0.0289711	0.0165496	0.00288906	0.0138896	0.0072208	0.00166941	0.0278448	0.000581948	0.076795	0.0108967	0.0703766	0.0277105	0.0125835	0.000454349	0.00424279
85	0.0549409	0.0196072	0.0380755	0.0250636	0.00288114	0.572966	0.0106873	0.00261724	0.0345481	0.00501025	0.00434097	0.054309	0.0180701	0.0151664	0.0168761	0.101549	0.0114998	0.00656808	0.00314536	0.00207823
86	0.0774063	0.013647	0.0255343	0.0241319	0.00639277	0.0654988	0.0049716	0.00581746	0.0303061	0.0171856	0.00666562	0.0507964	0.0100254	0.0156598	0.00799821	0.527581	0.0887103	0.0156741	0.000958268	0.00503931
87	0.00312683	0.0011569	0.00130749	0.00131317	0.554546	0.0010604	0.00606246	0.0115112	0.00197353	0.0104779	0.0010102	0.00604049	0.0048556	0.00146589	0.00656705	0.0090717	0.00566893	0.00702886	0.0140815	0.351673
88	0.0456243	0.0463688	0.0103873	0.0377142	0.025117	0.0193709	0.0146948	0.120716	0.0194005	0.248179	0.0558393	0.0110029	0.00391717	0.0229718	0.0113601	0.027968	0.0376826	0.224669	0.00268239	0.0143335
89	0.00274401	0.0168944	0.00121149	0.0098523	0.278713	0.00108702	0.0302445	0.0433312	0.0247914	0.0879978	0.0630879	0.00625332	0.000607263	0.0137686	0.014016	0.0192082	0.00560919	0.0675599	0.0156441	0.297378
90	0.0266536	0.00539351	0.024301	0.0142929	0.00417406	0.0453102	0.0207037	0.00242366	0.296518	0.0101041	0.00201402	0.117283	0.00372266	0.0704663	0.118371	0.130746	0.0831518	0.0200451	0.000877614	0.00344706
91	0.0326616	0.00556046	0.00664494	0.0174734	0.0145091	0.0248546	0.0150313	0.00846616	0.366293	0.0343061	0.0165529	0.0232176	0.00247087	0.0317789	0.272997	0.0694637	0.018853	0.0193395	0.00231256	0.0172138
92	0.019983	0.00192699	0.00239559	0.00415348	0.00685892	0.00169905	0.000803605	0.389737	0.00147027	0.0401651	0.00738332	0.00216687	0.0107493	0.000991966	0.0028327	0.0115636	0.0207465	0.471436	0.000639136	0.00229814
93	0.0786887	0.00518956	0.00499447	0.0222582	0.0583757	0.0042238	0.33063	0.00421293	0.00735965	0.0203005	0.00463653	0.0363454	0.00155064	0.0222619	0.00469664	0.074035	0.00660017	0.00558242	0.0037917	0.304266
94	0.0301431	0.00816399	0.0201074	0.0384526	0.00559131	0.0109406	0.0186485	0.00846816	0.358337	0.0195032	0.00957156	0.0327343	0.00226551	0.0617322	0.248614	0.0521627	0.0437244	0.0180123	0.00200419	0.0108228
95	0.0259688	0.0124121	0.00197989	0.00504708	0.0118095	0.00558462	0.00169319	0.411368	0.00366662	0.0720335	0.0373804	0.00314619	0.00212066	0.00307962	0.00619864	0.0108181	0.0216923	0.356478	0.00150437	0.00601846
96	0.101392	0.00245761	0.0338396	0.0674814	0.00309406	0.00878342	0.00736383	0.0132247	0.037371	0.0342885	0.00271354	0.0149521	0.488758	0.0216107	0.0214064	0.081618	0.0164014	0.0343683	0.0013118	0.00756341
97	0.223887	0.0858064	0.00769582	0.00435879	0.00736087	0.0684564	0.00504195	0.0418057	0.00489321	0.0224821	0.012684	0.0104752	0.0011011	0.00402775	0.00205113	0.382578	0.047891	0.0583886	0.000922907	0.00809139
98	0.0262648	0.0103365	0.063723	0.0103593	0.003356	0.0153782	0.00879671	0.00797504	0.0117729	0.0085175	0.00265976	0.326661	0.0182612	0.00386956	0.00389156	0.114087	0.356083	0.00445324	0.000845127	0.00270783
99	0.0562662	0.0031004	0.152065	0.298576	0.00398559	0.0369099	0.00362819	0.0146223	0.0611485	0.0243685	0.00352582	0.0261757	0.0808562	0.0719684	0.0224688	0.0422202	0.051046	0.0391972	0.00105739	0.00681405
100	0.103157	0.00438455	0.020307	0.0676183	0.00358734	0.0190832	0.00800374	0.0398869	0.114468	0.0238843	0.137172	0.00970179	0.00204848	0.0657531	0.0328828	0.0963675	0.139327	0.0828442	0.0190175	0.0105048
101	0.0648292	0.0026046	0.263081	0.35093	0.00448941	0.0210575	0.00803947	0.00964192	0.0256888	0.0118513	0.00265861	0.0257736	0.0239083	0.072653	0.010154	0.0412567	0.0267738	0.0276092	0.000356899	0.00664261
102	0.345684	0.0406311	0.020048	0.0171893	0.0105783	0.033928	0.00973314	0.0197272	0.0190262	0.0542112	0.012759	0.0234278	0.0156912	0.0195149	0.0100091	0.0904315	0.197201	0.0505638	0.0029263	0.0067184
103	0.0225326	0.0144456	0.00672079	0.0022431	0.0512944	0.00222822	0.00600123	0.0942059	0.0041118	0.599136	0.0598492	0.00124236	0.00466444	0.00801753	0.00239931	0.0106359	0.0129145	0.081649	0.00753965	0.00816861
104	0.0475754	0.00607342	0.0256731	0.0115065	0.00517203	0.054437	0.0228684	0.00272196	0.20032	0.0129508	0.00316732	0.101312	0.0034996	0.0656882	0.122712	0.165206	0.117055	0.0264503	0.000821904	0.00478901
105	0.0377371	0.005457	0.011073	0.00272298	0.00589646	0.0202054	0.00235933	0.00350744	0.0127736	0.0193387	0.00418357	0.0146669	0.00960273	0.00548553	0.00192803	0.569459	0.258481	0.0126829	0.000474117	0.00196561
106	0.0279052	0.00454752	0.0873357	0.00882204	0.00436381	0.0485658	0.00635579	0.00571864	0.0354098	0.00786483	0.00325775	0.118793	0.120165	0.00933595	0.0190007	0.388218	0.0776079	0.00527909	0.00367494	0.0177796
107	0.0215701	0.0159926	0.00558071	0.00225105	0.0594616	0.00182406	0.00451748	0.118919	0.00332747	0.560633	0.0700404	0.00129719	0.00405879	0.00623309	0.00256825	0.0113584	0.0151237	0.0805793	0.00586182	0.00880163
108	0.0224694	0.0141542	0.00374754	0.00186675	0.0775561	0.00144952	0.0043035	0.0939953	0.00367153	0.495066	0.0938215	0.00142979	0.00966662	0.0080928	0.00436329	0.0130319	0.0182762	0.114477	0.00546771	0.0130941
109	0.0565272	0.013437	0.0391872	0.0221244	0.00218007	0.550777	0.0150279	0.00266904	0.0354618	0.0035135	0.00502085	0.0480711	0.0402901	0.0170824	0.0167704	0.112454	0.00890966	0.0041562	0.00478888	0.00155118
110	0.00487172	0.00437223	0.00575377	0.000950898	0.0419284	0.000858722	0.00423471	0.323624	0.00304526	0.32832	0.126026	0.00113432	0.00106366	0.00425178	0.00531237	0.00894751	0.0296932	0.101126	0.000779415	0.00370614
111	0.0203818	0.0364861	0.00348059	0.0125155	0.345232	0.0180221	0.00835834	0.0243548	0.00466983	0.326219	0.0600293	0.00371531	0.00219781	0.00931408	0.00314866	0.0185615	0.0251127	0.028594	0.0358509	0.013755
112	0.038955	0.00433838	0.239919	0.320828	0.00320685	0.0184236	0.00251781	0.0179757	0.0548256	0.0187396	0.00470126	0.0457215	0.0535774	0.0566254	0.013006	0.0245209	0.0355748	0.0384109	0.00034039	0.00779278
113	0.0323923	0.00802335	0.022573	0.0567261	0.00562996	0.0108426	0.0172081	0.00704697	0.362958	0.0194761	0.0122868	0.0429405	0.00434132	0.0613297	0.216437	0.0559152	0.0379612	0.0151758	0.00190016	0.0088353
114	0.0234063	0.0449189	0.0464006	0.0156007	0.00937642	0.0402513	0.0268327	0.0116222	0.0629951	0.0711718	0.0497111	0.208344	0.0363817	0.0505707	0.136782	0.0321522	0.0226314	0.0114492	0.003024	0.0963779
115	0.0395293	0.0092524	0.0343831	0.0204421	0.00952132	0.0509489	0.0211659	0.0163423	0.158337	0.020681	0.0100158	0.0543133	0.105932	0.0308565	0.134379	0.139547	0.0736042	0.021337	0.00302876	0.0463827
116	0.0637339	0.0672934	0.00464001	0.0116898	0.230577	0.0283665	0.00969568	0.0258369	0.0126102	0.255923	0.0925245	0.00862644	0.00266546	0.025252	0.00509246	0.0381767	0.0410225	0.0290363	0.0171346	0.0301023
117	0.0357566	0.00408506	0.00515459	0.0138777	0.00533856	0.0300902	0.0100389	0.0181601	0.42443	0.0293475	0.0149529	0.0112214	0.00143369	0.0819452	0.246587	0.026029	0.0138449	0.0175838	0.0020277	0.00809481
118	0.0217381	0.00493956	0.0172159	0.00945054	0.00415057	0.0459997	0.0165542	0.00324224	0.327221	0.00888649	0.00342625	0.146273	0.00357236	0.0561035	0.100482	0.13773	0.0723295	0.0159577	0.000969305	0.00375826
119	0.0162324	0.0280134	0.0036612	0.00909288	0.320306	0.0115631	0.00821664	0.0328251	0.00399279	0.37789	0.0504068	0.00284207	0.00281027	0.00740833	0.00231131	0.0165444	0.0197888	0.0394877	0.0352569	0.0113491
120	0.0232034	0.0302616	0.00337046	0.00657176	0.214184	0.00881069	0.00614603	0.0541116	0.00417277	0.418008	0.0686499	0.00237058	0.00429341	0.00866464	0.00293013	0.0192064	0.0220295	0.0560627	0.0189299	0.0280227
121	0.0387947	0.0118967	0.0111881	0.0306173	0.00720619	0.0444208	0.0225453	0.189817	0.0212768	0.234377	0.075568	0.00323116	0.00518997	0.0402335	0.0166281	0.0337087	0.0213115	0.161317	0.000594933	0.0300769
122	0.00337917	0.00427721	0.00147834	0.00143135	0.521766	0.00123143	0.00631416	0.0122173	0.00221225	0.00874491	0.00232584	0.0054016	0.00376797	0.00164072	0.00539243	0.0122329	0.00521486	0.009919	0.0510028	0.34005
123	0.0316567	0.0065817	0.257297	0.0991699	0.000567593	0.0601837	0.00842782	0.00259684	0.0454252	0.00481062	0.00357252	0.267228	0.000244876	0.0263904	0.0199392	0.126967	0.0328731	0.00177419	0.00178453	0.00250845
124	0.00271762	0.0154435	0.00130956	0.0082441	0.290114	0.00121479	0.0262968	0.0403718	0.0232075	0.0746769	0.0553745	0.00548783	0.000798495	0.0125992	0.0135377	0.0191369	0.0053005	0.0646376	0.0334097	0.306121
125	0.0160306	0.00671889	0.435084	0.117372	0.0027668	0.00306068	0.00574627	0.0146913	0.0869181	0.0126409	0.00653063	0.138684	0.0159606	0.0294685	0.0269032	0.0384058	0.0129267	0.0268985	0.000426725	0.0027658
126	0.0448601	0.0036478	0.171904	0.392047	0.00392739	0.0213615	0.001031	0.0199011	0.0457708	0.0203039	0.00400841	0.0182478	0.0630575	0.0641392	0.0105593	0.0193335	0.0402315	0.0455243	0.000286482	0.0098569
127	0.0345535	0.00614989	0.258888	0.114704	0.000463126	0.0564615	0.0120295	0.00250855	0.0478905	0.00544936	0.00419939	0.240604	0.000277427	0.0284	0.0204545	0.122689	0.037085	0.0023698	0.00176751	0.00305432
128	0.013678	0.00798266	0.445014	0.103133	0.00226906	0.00374294	0.00666319	0.017854	0.0830936	0.0143603	0.00886985	0.142544	0.0227527	0.0263777	0.019685	0.0346724	0.0184258	0.0253299	0.000375248	0.00317708
129	0.121425	0.0013986	0.00831043	0.0104879	0.00129915	0.00150304	0.0068119	0.0135753	0.0307968	0.0408575	0.0014364	0.00756391	0.581097	0.00557071	0.0221145	0.0944194	0.00571636	0.038269	0.000501279	0.0068461
130	0.114536	0.0073687	0.03445	0.049467	0.00416982	0.0181402	0.00485583	0.00367553	0.257999	0.0113845	0.00205734	0.0453233	0.00271049	0.0195691	0.193213	0.155755	0.0369621	0.022765	0.00933765	0.00626091
131	0.0537135	0.0166412	0.0407916	0.0115137	0.00595072	0.0516391	0.00565326	0.00942251	0.0207352	0.0156829	0.00746474	0.0504885	0.0226479	0.0089901	0.00928273	0.411661	0.232337	0.0179687	0.00117667	0.00623837
132	0.00601472	0.0115555	0.00307095	0.0409884	0.132741	0.00238789	0.252486	0.00516087	0.0273945	0.0466209	0.0303536	0.0377337	0.000949952	0.0845936	0.0119846	0.017755	0.0038647	0.00774672	0.0697168	0.206881
133	0.0451511	0.0340897	0.0534256	0.0241729	0.00413914	0.0223093	0.0204171	0.0422368	0.0294531	0.0745374	0.224454	0.108232	0.00249235	0.0602436	0.00548245	0.0468077	0.085231	0.0959985	0.0165322	0.00459387
134	0.0224696	0.00462625	0.0347008	0.00308719	0.00378492	0.0101101	0.0117882	0.0034997	0.0205703	0.00560129	0.00226157	0.0921414	0.0952268	0.00444215	0.006074	0.228324	0.440297	0.00448208	0.00119348	0.00531968
135	0.16249	0.0832614	0.00709691	0.00643943	0.0159479	0.0587209	0.0170508	0.036337	0.00620798	0.03002	0.140308	0.0102771	0.00253319	0.00543316	0.00371702	0.25096	0.0941668	0.0594555	0.00128044	0.00829657
136	0.0864776	0.014413	0.0478694	0.0746678	0.00179294	0.0189861	0.00783349	0.00111068	0.254857	0.0195803	0.000830416	0.0563447	0.0005627	0.0595852	0.118141	0.140443	0.0781558	0.0085465	0.00171018	0.00809127
137	0.0943013	0.00143466	0.29135	0.328461	0.00550941	0.0239025	0.0143644	0.0029331	0.00940996	0.00644399	0.0010391	0.020428	0.000521036	0.0920926	0.0105506	0.0600769	0.0192366	0.0132922	0.000377503	0.00427532
138	0.0317905	0.0234658	0.00472404	0.00170601	0.0664197	0.0014195	0.00318806	0.0779874	0.00294962	0.579651	0.056964	0.00125236	0.00547943	0.00517595	0.00159871	0.0121769	0.0136852	0.0949706	0.00493223	0.0104626
139	0.00313924	0.00118931	0.00133373	0.00132981	0.552954	0.00104094	0.00617277	0.0115262	0.00198977	0.0105269	0.00101137	0.00603729	0.00481492	0.00147454	0.00657386	0.00903458	0.00560713	0.00703054	0.0141144	0.353098
140	0.0848442	0.014411	0.0494449	0.0765535	0.00177583	0.0190935	0.00827504	0.00116541	0.252546	0.0196728	0.00092375	0.0567292	0.000565304	0.0600589	0.11471	0.140471	0.0801989	0.00869501	0.00156647	0.00829955
141	0.0567619	0.00615907	0.0908465	0.0571839	0.00936792	0.00800544	0.272933	0.00868202	0.157388	0.0327751	0.00799689	0.0101676	0.00317767	0.0115845	0.106791	0.0636297	0.0124359	0.00923045	0.00210381	0.0727798
142	0.00329302	0.00193586	0.00219269	0.00142443	0.501313	0.00111538	0.0139384	0.00796185	0.00257908	0.00801063	0.0010671	0.00626546	0.00310346	0.00214146	0.00500757	0.0109	0.00474704	0.00740748	0.0216639	0.393933
143	0.0308077	0.00613363	0.254934	0.0979407	0.000512663	0.0722968	0.00865558	0.00245103	0.0505699	0.00466721	0.00354646	0.258152	0.000277294	0.0257721	0.0203122	0.12476	0.0309999	0.00252831	0.00174923	0.0029333
144	0.02776	0.0129778	0.00492943	0.00606152	0.0198693	0.00523749	0.00614678	0.161993	0.0152492	0.417228	0.0610836	0.00281246	0.00296473	0.00898668	0.00769652	0.0121388	0.0230426	0.194396	0.00292903	0.00649651
145	0.0419888	0.0119824	0.184146	0.171193	0.0023986	0.118599	0.0153418	0.00355641	0.0513579	0.00752701	0.00523972	0.108177	0.00228764	0.0563504	0.024037	0.10779	0.0523971	0.0280892	0.00123516	0.00630617
146	0.0936663	0.000980458	0.0925914	0.121923	0.00157562	0.0324614	0.0111152	0.00529441	0.143843	0.0291309	0.000938768	0.0630959	0.0858545	0.129941	0.0359431	0.0825914	0.0603056	0.00695194	0.000702059	0.0010943
147	0.0348008	0.00717191	0.263497	0.107686	0.00085036	0.06196	0.00926483	0.00331861	0.0419723	0.00714605	0.00374589	0.237705	0.000330389	0.0260275	0.019274	0.130101	0.0356737	0.00292767	0.00326832	0.00327819
148	0.0478406	0.0128976	0.0020521	0.00681708	0.0118535	0.00497825	0.00292727	0.30166	0.0114992	0.0394184	0.0232433	0.00324664	0.00382912	0.00752776	0.0100004	0.0142683	0.0526491	0.435126	0.00169855	0.0064672
149	0.0462966	0.018304	0.00211411	0.0118828	0.0101562	0.012463	0.0126322	0.294128	0.0450978	0.0133058	0.0515882	0.00437629	0.000664278	0.0642865	0.043235	0.0262995	0.0932616	0.23614	0.00298004	0.0107877
150	0.0889672	0.00169911	0.28877	0.321097	0.00498199	0.0255547	0.0153671	0.00302417	0.0129201	0.00716271	0.00136955	0.0254738	0.000650438	0.0834889	0.0103512	0.0661199	0.0254924	0.0127814	0.000323945	0.00440449
151	0.0169893	0.0209218	0.00433024	0.00773917	0.267067	0.00604078	0.0118054	0.0551649	0.00904976	0.3349	0.0537559	0.00372126	0.00383074	0.00948145	0.00517338	0.0158003	0.0162164	0.0763761	0.0304312	0.0512049
152	0.0323009	0.00964276	0.00210685	0.00766744	0.00964716	0.00517684	0.00276991	0.358157	0.00960627	0.0439923	0.030733	0.00314331	0.00277384	0.00727757	0.0124816	0.0159552	0.0438041	0.393247	0.00196718	0.00754928
153	0.0905311	0.0458931	0.0152968	0.012483	0.010811	0.213009	0.0084937	0.0221362	0.0164087	0.0251298	0.0141259	0.0253494	0.00639179	0.0119156	0.00854236	0.341189	0.0735378	0.0485592	0.00163105	0.00856575
154	0.0535573	0.0108857	0.028433	0.0329155	0.0459627	0.0206144	0.316788	0.0129934	0.0453337	0.0408515	0.0200765	0.0472208	0.00437831	0.115388	0.0240212	0.0384564	0.0180309	0.0254727	0.0226249	0.075995
155	0.238546	0.0589794	0.00857502	0.00488848	0.00582055	0.0582731	0.00437177	0.0336681	0.00658393	0.0193657	0.0115417	0.011884	0.0056486	0.00427184	0.00216396	0.411954	0.0601577	0.0452997	0.000679661	0.00732642
156	0.00669926	0.00683635	0.00443139	0.00122752	0.0295194	0.0016511	0.0037072	0.360158	0.00271319	0.270906	0.129043	0.00142855	0.000988746	0.00313635	0.00410344	0.00728471	0.0292011	0.133044	0.000688517	0.00323289
157	0.311778	0.239172	0.00623444	0.00648158	0.00884302	0.211094	0.00676108	0.0106504	0.00951816	0.0179744	0.00498317	0.00976831	0.0052979	0.00684846	0.0281657	0.0423799	0.0427481	0.0217882	0.00290689	0.00660635
158	0.0208743	0.014581	0.00543754	0.00382726	0.0366521	0.00214795	0.00505444	0.0832802	0.00828028	0.602761	0.0908877	0.00255734	0.00286753	0.00715741	0.00681491	0.0126019	0.0134142	0.069629	0.00491071	0.00626364
159	0.00687209	0.00965194	0.00328298	0.0431912	0.118372	0.00266374	0.267161	0.00262526	0.0303289	0.036141	0.0287832	0.0453906	0.000973671	0.0916735	0.0102873	0.0167378	0.00381206	0.0037956	0.0695094	0.208747
160	0.0227218	0.0309495	0.0330832	0.00472571	0.00357167	0.0329303	0.0347467	0.0334138	0.020807	0.215154	0.00377511	0.0634055	0.0163688	0.0203964	0.218351	0.0853172	0.134411	0.0207189	0.0014861	0.00366645
161	0.0247874	0.0102968	0.18002	0.0540718	0.00230453	0.0428878	0.00903726	0.00995772	0.0262882	0.0115174	0.00298479	0.385269	0.000842532	0.0133779	0.0101922	0.117203	0.0925549	0.00294685	0.00140499	0.00205516
162	0.062407	0.0025415	0.288429	0.344959	0.00484282	0.0182365	0.0114266	0.00723003	0.0235822	0.0111536	0.00204456	0.0377656	0.0146643	0.0620284	0.0108971	0.0490604	0.0218505	0.0184235	0.000356356	0.00810174
163	0.0423413	0.0134973	0.250356	0.110772	0.00103309	0.0559571	0.00768235	0.00625148	0.0322187	0.0108488	0.00317371	0.205675	0.000427008	0.0307035	0.0246437	0.165202	0.0276275	0.00340786	0.00197328	0.0062083
164	0.00299094	0.00722069	0.0058817	0.00293138	0.15911	0.000736941	0.0363378	0.00173642	0.00520033	0.0104108	0.000742968	0.00579226	0.000288516	0.00368676	0.00251926	0.00852995	0.00131405	0.00758942	0.0338324	0.703147
165	0.0115018	0.0039983	0.00233821	0.00873347	0.00967444	0.00261793	0.0161676	0.0997763	0.0709788	0.394459	0.202417	0.00531733	0.0011389	0.0158536	0.0336414	0.0124629	0.013141	0.0859186	0.00113249	0.00873023
166	0.0612979	0.00470129	0.200826	0.19195	0.00117806	0.0411338	0.0376287	0.0037365	0.070605	0.00917142	0.00883316	0.0904679	0.000512807	0.0472079	0.0180663	0.088354	0.106279	0.0115579	0.00104947	0.00544395
167	0.48831	0.134208	0.00906723	0.00905038	0.136716	0.0119809	0.00808818	0.00860157	0.0114262	0.0162035	0.0337797	0.0105771	0.00397708	0.010058	0.00962049	0.0201244	0.0144746	0.0132434	0.00258067	0.0479131
168	0.039147	0.0119467	0.0111184	0.0301949	0.00732574	0.0445035	0.0226078	0.189488	0.0212399	0.235222	0.0755659	0.00320301	0.00511292	0.0394142	0.0168694	0.0333532	0.0212521	0.161626	0.000587097	0.0302227
169	0.0447252	0.00369762	0.173893	0.390795	0.00386007	0.0214974	0.00101626	0.0197198	0.0458343	0.020267	0.00402621	0.0184204	0.0627066	0.0641813	0.0104829	0.0194232	0.0404876	0.0448948	0.000284528	0.00978736
170	0.0823991	0.0396715	0.00375254	0.00835127	0.0524852	0.0247712	0.013727	0.0350647	0.00653053	0.0744777	0.0529043	0.0092317	0.0126168	0.00674392	0.00308096	0.195829	0.323187	0.0428634	0.0013373	0.0109746
171	0.0250566	0.00963419	0.00164456	0.00460533	0.0119585	0.00500542	0.000689141	0.423893	0.00127425	0.0541576	0.0241547	0.00301096	0.00273628	0.00077298	0.00523344	0.00905366	0.0157192	0.392641	0.00213216	0.00662615
172	0.028745	0.00455291	0.0640946	0.192817	0.00344725	0.00548232	0.00947087	0.00525678	0.206926	0.0541971	0.106717	0.0899392	0.0021757	0.0500023	0.0945393	0.0603461	0.00760018	0.00608134	0.00261317	0.00499538
173	0.0269423	0.00830799	0.0057626	0.032417	0.00673187	0.00563114	0.0264911	0.00754452	0.347963	0.0240028	0.0142088	0.019177	0.000581178	0.0446638	0.345043	0.0355733	0.0267139	0.0109235	0.00128511	0.0100365
174	0.0307625	0.0247765	0.000872275	0.00385248	0.0104568	0.00714457	0.000651197	0.495426	0.00130457	0.0612618	0.0319244	0.00491776	0.00069715	0.000844214	0.00268566	0.00719979	0.0101977	0.299443	0.00095027	0.00463089
175	0.0292718	0.00475508	0.0184614	0.013352	0.00419313	0.0116426	0.00929998	0.025576	0.324659	0.0486235	0.0135022	0.011389	0.0020559	0.161734	0.228251	0.0241773	0.0157157	0.0435843	0.00296175	0.00679423
176	0.0121892	0.00630078	0.00250402	0.00671438	0.0153507	0.00380915	0.00631144	0.121764	0.0179747	0.448111	0.173761	0.00171284	0.00187111	0.0106123	0.0175963	0.0130865	0.0243328	0.109255	0.00168392	0.00505926
177	0.00333922	0.00717749	0.00577113	0.0030699	0.163822	0.000865281	0.037302	0.00185051	0.00511248	0.0102833	0.000795214	0.00605132	0.000477585	0.00370598	0.00260608	0.00903526	0.00142734	0.00744751	0.033399	0.696462
178	0.119259	0.0798445	0.00294319	0.0204961	0.0608534	0.0449555	0.0127805	0.0222186	0.00590865	0.0843575	0.0484547	0.0256218	0.00327993	0.013193	0.00225568	0.326306	0.065917	0.0442516	0.000603313	0.0165003
179	0.0764722	0.00181057	0.282795	0.255954	0.00781561	0.0121442	0.0202462	0.00470138	0.0340036	0.00877698	0.00186291	0.0510827	0.000980062	0.108638	0.0257182	0.0553908	0.0209249	0.00924154	0.000467767	0.0209735
180	0.056161	0.0146999	0.0136254	0.00741822	0.00573155	0.039176	0.00333105	0.0079643	0.0168398	0.0184854	0.00732767	0.0239554	0.00741637	0.00739364	0.00546074	0.590346	0.151283	0.0182585	0.000688299	0.00443795
181	0.00477151	0.00408105	0.0049423	0.00102521	0.0500522	0.000847409	0.0046994	0.297691	0.00247537	0.339797	0.113064	0.00125256	0.00228619	0.00588563	0.00707381	0.00993406	0.0275769	0.115605	0.00088592	0.00605348
182	0.180037	0.0429449	0.0123328	0.0276094	0.0243523	0.0591862	0.00569609	0.00888666	0.0219091	0.0388027	0.0116578	0.0662435	0.00359316	0.0266705	0.00437724	0.332621	0.087476	0.0368885	0.000899564	0.00781588
183	0.0179052	0.00929512	0.00246207	0.0225812	0.00806422	0.00615038	0.0303929	0.00826739	0.359034	0.0323059	0.0206357	0.0149568	0.000460844	0.0335358	0.357092	0.0311831	0.0229677	0.00925276	0.000617152	0.01284
184	0.00439712	0.00563944	0.00434897	0.00249874	0.272188	0.000803672	0.0303963	0.00592405	0.00515877	0.0127487	0.00355872	0.00722642	0.00124848	0.00369718	0.00529732	0.00930828	0.00256676	0.0111217	0.0275975	0.584274
185	0.0582475	0.00634257	0.0415205	0.0410846	0.00926123	0.0514377	0.0208512	0.00317973	0.224552	0.0259778	0.00274362	0.0923885	0.0117559	0.0801546	0.0825047	0.129492	0.0983822	0.0145014	0.000955208	0.00466677
186	0.0617354	0.035728	0.0198601	0.013209	0.0381257	0.0358442	0.0326743	0.0178201	0.0230077	0.0233508	0.0138483	0.0340879	0.0118268	0.0151481	0.0144152	0.425182	0.0645587	0.0252946	0.00413959	0.0901434
187	0.125192	0.00166216	0.00973584	0.0112101	0.00165345	0.00438832	0.00648837	0.0127952	0.0286732	0.0389208	0.001434	0.00849602	0.579175	0.0066542	0.02079	0.0921715	0.00742748	0.0361338	0.000642814	0.00635538
188	0.003167	0.00486963	0.00350366	0.00268327	0.336522	0.000941966	0.0235091	0.0082219	0.00450186	0.0135479	0.0036475	0.00563634	0.00239128	0.00352828	0.00509047	0.00912565	0.00333225	0.00973886	0.0249953	0.531045
189	0.00845713	0.00777342	0.00443509	0.00118898	0.0369133	0.000851297	0.00363203	0.332439	0.00292799	0.363512	0.0702207	0.00117472	0.00152857	0.00317393	0.00331062	0.00753878	0.01834	0.126779	0.0019202	0.00388259
190	0.00303887	0.00693389	0.0054256	0.00281598	0.186357	0.00077952	0.0338529	0.00260883	0.00492928	0.010854	0.00107744	0.00575693	0.000626729	0.00343916	0.00282367	0.00868422	0.00159551	0.00774947	0.0321728	0.678478
191	0.1148	0.00197727	0.0106099	0.0141836	0.00209542	0.00389343	0.00724278	0.0138437	0.0301393	0.0388267	0.00201779	0.00988782	0.576731	0.00761732	0.0214764	0.0907702	0.00881228	0.0370916	0.000878015	0.00710483
192	0.00606503	0.00126638	0.00133477	0.00769782	0.00168917	0.00124678	0.00391012	0.0678658	0.017489	0.541329	0.229919	0.00181283	0.000767846	0.00570118	0.0155074	0.0109514	0.012098	0.0708322	0.00123225	0.0012837
