234	20
1	0.0606239	0.00517385	0.0469709	0.115603	0.00288766	0.00575225	0.0255569	0.0171107	0.158934	0.0384436	0.0169032	0.0449082	0.00269522	0.110342	0.222723	0.0415218	0.0608194	0.0153527	0.000118844	0.00755831
2	0.02311	0.00489642	0.261777	0.378778	0.000735145	0.0175011	0.010394	0.00250558	0.0325031	0.00795488	0.00551932	0.0626259	0.000520594	0.069809	0.0384857	0.0466706	0.0281784	0.00718578	0.000174451	0.0006752
3	0.0999925	0.0250162	0.000884852	0.000820923	0.0300795	0.00747851	0.00286294	0.149408	0.00818417	0.219834	0.086911	0.00885912	0.000592782	0.0139247	0.0124572	0.0466109	0.0543324	0.192012	0.0116299	0.0281089
4	0.0202675	0.0109491	0.000338881	0.000365018	0.0247928	0.000711677	0.00104713	0.382115	0.000553532	0.30626	0.0521435	0.00270796	0.000770041	0.000441784	0.000630188	0.00206664	0.00742425	0.185407	0.000561299	0.000446
5	0.0909321	0.000917737	0.067594	0.142295	0.00406308	0.00986964	0.0174878	0.0288898	0.156532	0.0417281	0.0150252	0.0394239	0.00983564	0.105911	0.0893725	0.0654377	0.0821208	0.0273972	0.000105177	0.00506088
6	0.0268457	0.00981238	0.000265772	0.000281506	0.0291554	0.000337179	0.00127088	0.428959	0.000568429	0.215554	0.039732	0.00148683	0.00070242	0.000336505	0.000397263	0.000943978	0.0054945	0.237334	6.79401e-05	0.000453718
7	0.0153047	0.005119	0.000445421	0.000536681	0.0356084	0.0016817	0.00135485	0.254203	0.00211946	0.452341	0.061301	0.00345894	0.00185683	0.00214558	0.00265039	0.00497772	0.00577545	0.145066	0.00221741	0.00183693
8	0.00656598	0.00168555	0.000320897	0.000441479	0.0605925	0.00128138	0.00203102	0.170783	0.00334305	0.576902	0.0796078	0.00448479	0.00185937	0.00373545	0.0035968	0.00456789	0.00245184	0.0718548	0.00177119	0.00212342
9	0.0348875	0.0287068	0.0150168	0.0272027	0.0980065	0.00394238	0.306225	0.0678289	0.0157201	0.00685645	0.00366357	0.00336533	0.00236379	0.003311	0.00435163	0.101347	0.0717156	0.05393	0.0125786	0.13898
10	0.0871894	0.0227156	0.0199108	0.00804389	0.0045042	0.622793	0.00683458	0.0132856	0.0114663	0.0171117	0.00638062	0.025527	0.0151162	0.00826531	0.0191599	0.0825465	0.0139281	0.0104407	0.000889354	0.00389091
11	0.0993485	0.00160874	0.0303344	0.0263782	0.000727685	0.0309672	0.0155862	0.0212409	0.017109	0.018758	0.00950372	0.0199744	0.52103	0.0210363	0.0148875	0.0862992	0.0234439	0.0263111	0.000156365	0.0152983
12	0.139095	0.00793516	0.0214081	0.0660641	0.00547008	0.0281217	0.0547954	0.0152405	0.0500608	0.0169511	0.0122325	0.0294388	0.0688341	0.0438298	0.0402117	0.253479	0.0993092	0.0399958	0.000799178	0.0067277
13	0.0703841	0.0126408	0.0576073	0.0349094	0.0044037	0.522277	0.0121534	0.0164886	0.0213669	0.0235544	0.0065655	0.0398256	0.0121799	0.0183727	0.0294523	0.0793531	0.0217872	0.0122031	0.000938424	0.00353661
14	0.0517278	0.150349	0.00224138	0.00572115	0.00215477	0.00705199	0.00277899	0.0375614	0.00348651	0.0116959	0.0118549	0.0116739	0.00162337	0.00559041	0.00395902	0.159205	0.394904	0.132837	0.000920486	0.00266234
15	0.10375	0.0300512	0.0184662	0.0119217	0.00456348	0.557387	0.00718147	0.0125227	0.0116861	0.0168973	0.00564471	0.0205926	0.0178366	0.0112495	0.0165528	0.11722	0.0203914	0.012215	0.000811937	0.00305699
16	0.0656624	0.00951291	0.0226179	0.0460303	0.00760481	0.0291674	0.0209308	0.0165198	0.248844	0.0316626	0.029392	0.040588	0.0219499	0.0518017	0.215699	0.0702198	0.0439749	0.0206499	0.00110419	0.00606749
17	0.0976539	0.00913462	0.00408548	0.0067439	0.00398923	0.0148991	0.00853795	0.0136556	0.00579109	0.0320126	0.0326855	0.0145146	0.00583199	0.00703783	0.00636863	0.446868	0.247949	0.0185788	0.00108885	0.0225726
18	0.0441184	0.008766	0.00718934	0.0174842	0.027745	0.0114787	0.0318447	0.0325785	0.0144158	0.262926	0.144206	0.0148415	0.00167032	0.0539763	0.034414	0.158929	0.0730569	0.00463216	0.00107877	0.0546479
19	0.0133975	0.00216798	0.00047197	0.000601305	0.0294945	0.00319493	0.00103101	0.184493	0.00196738	0.542904	0.0622028	0.00331078	0.00243575	0.00188021	0.00379243	0.00730729	0.00336381	0.130218	0.00478133	0.000983816
20	0.100655	0.0240445	0.00114661	0.00166502	0.0185713	0.0142499	0.00270408	0.176153	0.00629851	0.207276	0.0679535	0.00716764	0.00105791	0.0116275	0.00924278	0.0351503	0.049077	0.238368	0.00532775	0.0222632
21	0.0332175	0.0118874	0.0252433	0.0505287	0.00340213	0.00584322	0.0428242	0.0095061	0.159628	0.0250487	0.0167648	0.0415833	0.000300694	0.0959172	0.373338	0.0444029	0.0386737	0.00961808	0.00011022	0.0121622
22	0.213086	0.0277051	0.00319508	0.0515367	0.0121586	0.0195773	0.0209522	0.0481621	0.0506495	0.0401103	0.029127	0.0243976	0.0105049	0.0549865	0.0530984	0.139941	0.0809985	0.0951874	0.000154362	0.024472
23	0.0304536	0.0104208	0.00031622	0.000345728	0.0282231	0.000850294	0.00155437	0.412929	0.000597011	0.221508	0.0417827	0.00163937	0.000793297	0.000826659	0.000510325	0.00168758	0.00728619	0.236812	9.75377e-05	0.00136716
24	0.484139	0.0781393	0.000989008	0.00607217	0.0109332	0.0485323	0.00188249	0.0396651	0.00415661	0.0632995	0.00718799	0.00846582	0.00107807	0.00799362	0.00807758	0.0616775	0.0479981	0.117309	0.00117701	0.00122637
25	0.100817	0.025879	0.000843806	0.000622878	0.0249435	0.00869839	0.00278429	0.16491	0.00684548	0.208446	0.0798019	0.00825534	0.000622301	0.0138126	0.0114196	0.0394211	0.0523362	0.214885	0.00728989	0.0273657
26	0.0902029	0.027301	0.00218439	0.00247972	0.116037	0.00936685	0.00362	0.110092	0.00836424	0.252829	0.062149	0.00676822	0.00168365	0.00923236	0.0120949	0.0542433	0.0379967	0.159374	0.0042743	0.0297065
27	0.0902203	0.000683274	0.067457	0.152291	0.00336221	0.00837594	0.0147832	0.026715	0.15824	0.0428833	0.0149856	0.0407177	0.00649962	0.117868	0.100915	0.050831	0.0734767	0.0245275	0.000108652	0.0050587
28	0.0835558	0.000747671	0.0658876	0.159478	0.00279089	0.00657324	0.0128179	0.0256075	0.155976	0.0465221	0.015239	0.0418361	0.0047923	0.126206	0.110486	0.041534	0.072038	0.0223202	0.00013812	0.00545434
29	0.468396	0.0756726	0.00106157	0.00832938	0.0147001	0.0495178	0.00232194	0.0439765	0.00626495	0.067518	0.00674361	0.0104134	0.00113108	0.00843781	0.0085517	0.0618851	0.0450694	0.117333	0.000965429	0.00171073
30	0.209302	0.217862	0.0012024	0.00185224	0.00147985	0.0185828	0.0017184	0.0249187	0.0173658	0.00376234	0.0102677	0.010206	0.00153371	0.00215309	0.00977524	0.371243	0.0909429	0.00403896	0.000364789	0.00142819
31	0.0272571	0.00960883	0.00032398	0.000341456	0.0285337	0.000379826	0.00126249	0.425869	0.000640543	0.214815	0.0397056	0.00155892	0.00079837	0.00040409	0.000420219	0.00106447	0.00624112	0.240051	0.000101388	0.00062219
32	0.0126513	0.00305255	0.000770759	0.000710268	0.013005	0.000645508	0.000620029	0.422072	0.00203528	0.149805	0.014385	0.00107016	0.00204642	0.000867274	0.0018313	0.0016982	0.00779893	0.361886	0.000199337	0.00284931
33	0.00902081	0.00187001	0.00041836	0.000549504	0.103983	0.00182994	0.00283928	0.171035	0.00231953	0.50114	0.0750886	0.00531338	0.00199469	0.00230541	0.00475631	0.00585167	0.00428191	0.0949013	0.00387555	0.00662584
34	0.0262954	0.00995762	0.000266431	0.000293696	0.0298294	0.000357591	0.00126252	0.427017	0.000551885	0.221977	0.0413106	0.00160551	0.000696081	0.000338067	0.000392798	0.000969698	0.00561372	0.230732	7.60563e-05	0.000456651
35	0.0422972	0.00451055	0.273281	0.2792	0.00109974	0.0177224	0.0106154	0.0044012	0.029827	0.00871569	0.00576469	0.0681685	0.00138273	0.0411446	0.0356407	0.10811	0.0557346	0.00773054	0.000277772	0.00437683
36	0.0228438	0.00486405	0.270532	0.369927	0.000747826	0.0190735	0.0104361	0.00270661	0.0323188	0.00822412	0.00551331	0.0635875	0.000577527	0.0681774	0.037374	0.0466068	0.0276949	0.0078945	0.000192093	0.000707992
37	0.0239763	0.0111555	0.000275323	0.000315848	0.0269743	0.000385351	0.00116099	0.409545	0.0004561	0.256766	0.0430436	0.00217386	0.000758673	0.000350628	0.000466086	0.00118003	0.00602266	0.214414	0.000104621	0.000474576
38	0.0261937	0.00555109	0.260604	0.387053	0.000864824	0.0158617	0.0209585	0.00419165	0.0288208	0.010644	0.00541474	0.0535688	0.0013491	0.0644538	0.0324928	0.0467767	0.0248239	0.0090871	0.000235843	0.0010544
39	0.276236	0.0038756	0.0264211	0.0191078	0.015305	0.0230602	0.00286898	0.0224912	0.0169589	0.0606568	0.00942792	0.0344499	0.00181269	0.0149864	0.00623276	0.274962	0.101802	0.0780186	0.000764947	0.0105609
40	0.0132554	0.0071762	0.000385346	0.000406797	0.0359363	0.00112515	0.00139169	0.297883	0.00178378	0.422088	0.0679855	0.00435073	0.00118865	0.0017635	0.00191184	0.00359355	0.00607544	0.12933	0.00127245	0.00109671
41	0.222884	0.12874	0.00300189	0.00655969	0.0542423	0.0354227	0.0037912	0.064863	0.0291979	0.112187	0.017275	0.00787249	0.00226915	0.00753981	0.00947883	0.0800636	0.0620098	0.143969	0.00225021	0.0063816
42	0.128418	0.0031298	0.0422567	0.025999	0.00230489	0.0963167	0.0265444	0.0140565	0.0273045	0.0188154	0.010599	0.043348	0.289388	0.0305164	0.0276107	0.151516	0.0350352	0.0192682	0.000787248	0.00678522
43	0.0420745	0.00723637	0.00137644	0.0187287	0.00732228	0.0325284	0.00174714	0.00837147	0.319673	0.0032696	0.0169589	0.0679118	0.0427312	0.0163745	0.22376	0.11723	0.0588796	0.0124702	0.000369889	0.000986251
44	0.0378909	0.00849151	0.0327719	0.0619223	0.0043179	0.00636365	0.0424025	0.0147767	0.150258	0.0300575	0.0170936	0.0495988	0.00180258	0.0997725	0.311777	0.0559754	0.0505474	0.0132566	0.000139776	0.0107829
45	0.0904835	0.00268487	0.0681122	0.111723	0.00416816	0.0390794	0.0193233	0.0300472	0.123653	0.0391469	0.0126077	0.0400924	0.0179132	0.102401	0.0872124	0.0961088	0.0833374	0.0271123	0.000377132	0.00441569
46	0.046604	0.00393297	0.00722754	0.00314384	0.0028093	0.00311886	0.0014384	0.22862	0.00858298	0.239684	0.042328	0.00736654	0.00987658	0.00459135	0.00385823	0.0115703	0.0563212	0.305038	0.000730993	0.013156
47	0.110167	0.0259717	0.00161152	0.00418034	0.0210692	0.00932422	0.0037171	0.163741	0.0140872	0.188302	0.0673978	0.0109316	0.00170487	0.0143937	0.0153003	0.0474078	0.0608008	0.208519	0.0060123	0.0253611
48	0.15166	0.00624726	0.0480578	0.0314984	0.00624902	0.134343	0.0317686	0.0138693	0.0211951	0.0367291	0.00492426	0.0630423	0.0118531	0.0584589	0.0375612	0.251662	0.0695737	0.0165531	0.00199093	0.00276325
49	0.212231	0.0280006	0.00329449	0.052983	0.012317	0.0199609	0.0212452	0.0463176	0.0492971	0.0412705	0.0291093	0.0242218	0.0105472	0.0554046	0.0530405	0.140351	0.0804614	0.096634	0.000141568	0.0231717
50	0.00950889	0.00082101	0.000628542	0.000834733	0.222109	0.000930605	0.00515515	0.114547	0.00193428	0.451363	0.07478	0.0039064	0.000917707	0.0021566	0.00906435	0.00926351	0.00802196	0.0523282	0.00124201	0.0304859
51	0.0609731	0.0680141	0.0599377	0.00577946	0.0463743	0.050446	0.0047434	0.115325	0.0067749	0.215744	0.0106321	0.0259793	0.0046361	0.0571171	0.0293118	0.0167254	0.0913771	0.104669	0.00146054	0.0239786
52	0.0710444	0.00145676	0.0601866	0.064705	0.00147219	0.012146	0.0174639	0.00916382	0.0971624	0.010741	0.0197906	0.0719338	0.0240778	0.0530687	0.0293286	0.230692	0.209162	0.0146933	0.000265938	0.00144498
53	0.0807222	0.0796789	0.00491875	0.082705	0.125941	0.0279945	0.0271985	0.055309	0.00700537	0.154356	0.0986518	0.0280046	0.00469287	0.0975664	0.00876653	0.0401776	0.0348037	0.0348084	0.00142596	0.00527281
54	0.00591078	0.00109562	0.000311984	0.000444154	0.0700801	0.0010848	0.00232537	0.159005	0.00374968	0.59023	0.0813349	0.00478321	0.00175909	0.00433756	0.00386173	0.00431929	0.0018579	0.059531	0.00143754	0.00253989
55	0.0703621	0.00336775	0.0804696	0.145845	0.00309488	0.00805572	0.0186118	0.0198086	0.144004	0.0372849	0.0161816	0.0457344	0.00428037	0.105846	0.155371	0.0519932	0.0649517	0.0184353	0.000149583	0.00615171
56	0.112347	0.00641901	0.0551059	0.0355113	0.00453669	0.15025	0.0371639	0.013763	0.0237682	0.0288192	0.00498013	0.0649323	0.0128985	0.065872	0.042785	0.246506	0.07403	0.016152	0.00178789	0.00237239
57	0.0995105	0.0253978	0.000880308	0.000658033	0.0241375	0.00927628	0.00310413	0.167559	0.00681848	0.209539	0.0798797	0.00836113	0.000722416	0.0133273	0.0110313	0.0385676	0.0518037	0.215325	0.00689622	0.0272043
58	0.0218495	0.00921105	0.000313096	0.000314728	0.0260043	0.000388867	0.00105036	0.417667	0.000757119	0.197957	0.0327887	0.00140271	0.000923745	0.000352488	0.000830168	0.0010032	0.00506108	0.281402	8.26642e-05	0.000640663
59	0.026885	0.00993458	0.000273336	0.00027933	0.029078	0.000333187	0.00129382	0.427495	0.000550758	0.218364	0.0401244	0.00151607	0.000706701	0.000330741	0.00038737	0.000942786	0.00547515	0.235488	6.87157e-05	0.000472713
60	0.543423	0.0411106	0.00137135	0.00225594	0.0105749	0.22803	0.0016034	0.00363285	0.00503909	0.012126	0.00943009	0.00292724	0.00180824	0.00205867	0.00535339	0.0608252	0.0296874	0.0333431	0.000311593	0.0050878
61	0.185342	0.039259	0.00250315	0.0215624	0.00308538	0.00456308	0.00328655	0.0417018	0.0043863	0.025255	0.0142909	0.0209652	0.00251568	0.0102751	0.00487957	0.157553	0.409871	0.0447039	0.000904963	0.00309603
62	0.0799913	0.0792932	0.00160149	0.00790907	0.0020207	0.00502085	0.00200817	0.0274787	0.00291025	0.0145568	0.019402	0.0193735	0.00158165	0.00729626	0.00298241	0.193181	0.445233	0.0840873	0.000962265	0.00311016
63	0.113208	0.00614363	0.0512553	0.0320643	0.00471499	0.148768	0.0355407	0.0153131	0.0213849	0.0287469	0.00433056	0.0681249	0.0135469	0.0658847	0.0484696	0.248542	0.0729127	0.0170043	0.00178135	0.00226284
64	0.0346598	0.00935645	0.0299879	0.0549195	0.00412761	0.00622119	0.0459988	0.0133277	0.151059	0.0281761	0.0181398	0.0493476	0.001576	0.098841	0.327322	0.0555037	0.0469318	0.013453	0.000153483	0.0108973
65	0.225081	0.00556718	0.0469274	0.027295	0.00625865	0.0486693	0.00592755	0.010267	0.0275433	0.0906276	0.00990129	0.0657148	0.00247783	0.0467591	0.0163861	0.267938	0.0695642	0.0221651	0.00148137	0.0034489
66	0.02462	0.0103937	0.000259158	0.000300389	0.0266697	0.000363803	0.00117565	0.416776	0.00048962	0.241252	0.0409523	0.00181555	0.00073081	0.000346054	0.000467531	0.0010766	0.00561058	0.226076	0.000122556	0.00050164
67	0.10443	0.00182023	0.0456065	0.030573	0.000961292	0.0511047	0.0244355	0.0159156	0.0268364	0.0151059	0.00988696	0.0261542	0.44865	0.0185904	0.0176128	0.100622	0.0273931	0.0229447	0.000259422	0.0110984
68	0.100897	0.00158725	0.0313896	0.027181	0.000721368	0.0324965	0.0153684	0.0205526	0.0171897	0.0184097	0.00967123	0.0199957	0.516935	0.0212023	0.0147342	0.0869749	0.0233128	0.0262875	0.000159627	0.0149338
69	0.212218	0.027825	0.00398969	0.0525338	0.0123688	0.0199582	0.020987	0.0460675	0.0492023	0.0408019	0.0286361	0.0250056	0.0106913	0.0538726	0.0525955	0.143247	0.0800351	0.0966074	0.00015781	0.0231987
70	0.00757383	0.000995223	0.000336963	0.000482538	0.0942231	0.00103926	0.00246337	0.150827	0.0033174	0.566493	0.0773335	0.00436566	0.00167134	0.00390786	0.00475046	0.00551313	0.0029758	0.0622744	0.00138286	0.00807361
71	0.0344247	0.0181006	0.022114	0.0420319	0.00411815	0.0157483	0.0334043	0.0105242	0.162619	0.0434275	0.0151957	0.0325919	0.00263875	0.0913141	0.344389	0.0408687	0.0493315	0.0188609	0.000556255	0.01774
72	0.155611	0.0257818	0.00416445	0.0382753	0.0191145	0.0118291	0.0500588	0.0481278	0.0544054	0.0241577	0.0164794	0.0514159	0.0872013	0.0752508	0.043346	0.107417	0.0536567	0.0977575	0.000532143	0.0354169
73	0.411425	0.0278761	0.00692259	0.00698147	0.0112633	0.252231	0.00527944	0.026045	0.00790342	0.0228241	0.00936152	0.013502	0.0173147	0.0117798	0.0324087	0.0627122	0.0277965	0.0387029	0.00126515	0.00640535
74	0.0167379	0.0136152	0.00118319	0.0022319	0.198705	0.00760706	0.0298663	0.00243019	0.00215051	0.0100667	0.0020102	0.00232547	0.00722914	0.00177148	0.00255109	0.00404284	0.0099151	0.00885753	0.00803608	0.668667
75	0.0582924	0.0192126	0.00288374	0.00685719	0.00311364	0.0196172	0.0110182	0.0171951	0.00997305	0.0441414	0.0144566	0.0990864	0.00332135	0.00809369	0.011291	0.175847	0.422038	0.0691517	0.000844892	0.00356569
76	0.296096	0.00706833	0.00567253	0.00610011	0.0283714	0.261887	0.00615354	0.101549	0.0076131	0.0150088	0.00812944	0.0086161	0.0783458	0.0303755	0.035545	0.0194276	0.0136923	0.0632685	0.00157509	0.00550609
77	0.130427	0.00635787	0.0525595	0.0361157	0.00479121	0.140367	0.0334555	0.013022	0.0281532	0.0334945	0.00541663	0.0656818	0.0113905	0.0616361	0.0427597	0.244604	0.069726	0.0158259	0.00174705	0.00246833
78	0.0461955	0.00767957	0.257377	0.261061	0.00168395	0.0170904	0.00987995	0.0143121	0.044704	0.0349454	0.0133469	0.0525939	0.0023937	0.059846	0.0403661	0.0720262	0.0389426	0.0224628	0.000372569	0.00272045
79	0.0138413	0.0076433	0.000360613	0.000398871	0.0333883	0.00119828	0.00123127	0.284962	0.00165641	0.438752	0.0650526	0.00325791	0.00124867	0.00166404	0.00177225	0.00368281	0.00673905	0.130829	0.00138542	0.000936072
80	0.212616	0.0280426	0.00323865	0.0528488	0.0123124	0.0199976	0.0211431	0.0466206	0.0495299	0.0408742	0.0289925	0.0243159	0.0105938	0.0545825	0.0531243	0.140062	0.080409	0.0972158	0.000140524	0.0233397
81	0.25267	0.0158262	0.0262354	0.0186208	0.0103397	0.0661197	0.00871918	0.015683	0.0214486	0.0831513	0.0133508	0.059534	0.0038049	0.0425186	0.0252443	0.263049	0.0538041	0.015737	0.00128667	0.00285598
82	0.061819	0.013077	0.00101221	0.00107931	0.0173955	0.00597275	0.00168254	0.167718	0.00479826	0.356055	0.0596837	0.00532828	0.00203529	0.0075028	0.00743321	0.0232203	0.0308481	0.212196	0.00761664	0.0135257
83	0.0947567	0.0762545	0.000805157	0.000691392	0.0264318	0.00875154	0.00256337	0.142753	0.00752878	0.191866	0.0738331	0.00749699	0.00050922	0.0134243	0.0125364	0.0394077	0.0539262	0.211474	0.00825342	0.0267374
84	0.03034	0.0106568	0.0263732	0.0487624	0.00453005	0.00591612	0.0459585	0.0101818	0.15194	0.0258319	0.0166372	0.0482438	0.000398451	0.0957523	0.363675	0.0489063	0.0423118	0.0106788	0.000119827	0.0127853
85	0.0747524	0.00150011	0.0621731	0.15074	0.00295304	0.00629857	0.017691	0.0225214	0.150507	0.0480454	0.0157904	0.0452658	0.00441456	0.120247	0.135675	0.0408764	0.0752364	0.0197435	0.000138647	0.00542974
86	0.0786091	0.00310304	0.264599	0.173876	0.00188428	0.0236242	0.0133059	0.00488098	0.0192752	0.00686681	0.00483028	0.0716266	0.00231952	0.00745026	0.0291722	0.18293	0.0935063	0.00631821	0.000539748	0.0112834
87	0.0484537	0.0148812	0.320769	0.229883	0.00151915	0.0109787	0.00379848	0.0234138	0.0223008	0.0448072	0.0223632	0.0286857	0.00168018	0.0422392	0.0149154	0.0935683	0.0333985	0.0400004	0.000393645	0.00194997
88	0.00514633	0.0012479	0.000415667	0.000474536	0.0113491	0.000592196	0.000402043	0.440836	0.00224215	0.102686	0.00536911	0.000571132	0.00211996	0.000485092	0.00242994	0.00123802	0.00379706	0.416911	0.000109935	0.00157732
89	0.476517	0.0374575	0.00385088	0.00564163	0.0113406	0.222097	0.00429985	0.0140566	0.00761248	0.0195595	0.00937501	0.00707907	0.00849888	0.00746979	0.0109968	0.0640891	0.0297055	0.0413758	0.000874628	0.0181023
90	0.0833754	0.00808948	0.0393875	0.013214	0.00447104	0.509398	0.0145943	0.0226487	0.0233517	0.0210363	0.0053047	0.0539184	0.010457	0.0212386	0.0398195	0.0928288	0.0228845	0.0107066	0.00111211	0.00216294
91	0.0345778	0.00804535	0.0122888	0.0201027	0.0216854	0.0097057	0.0306605	0.0321653	0.0198159	0.245813	0.155592	0.025017	0.00215088	0.0786655	0.0327261	0.140772	0.0605701	0.00622028	0.000972688	0.062452
92	0.0879853	0.00491945	0.00382042	0.00713026	0.00181362	0.00447609	0.00176071	0.202398	0.00507951	0.217955	0.0242661	0.00459234	0.0039529	0.00894933	0.00324735	0.010967	0.0665112	0.331547	0.000790403	0.00783884
93	0.0369366	0.010277	0.024588	0.0508929	0.0027325	0.00615152	0.034748	0.012341	0.181159	0.0280387	0.0192104	0.0329946	0.000739501	0.104495	0.355453	0.0410136	0.0387431	0.00982981	0.000203955	0.00945262
94	0.0792716	0.00089151	0.0626839	0.155812	0.0026214	0.00616082	0.0128759	0.0236089	0.155246	0.0506337	0.0167272	0.043952	0.00433924	0.129955	0.117411	0.0395509	0.0725102	0.0204711	0.000151528	0.00512569
95	0.0866061	0.000726994	0.0666319	0.156636	0.00295711	0.00705268	0.013005	0.0261509	0.157337	0.0453996	0.015214	0.0406217	0.0051882	0.124757	0.10729	0.0434951	0.0716295	0.0236686	0.000125648	0.00550675
96	0.00646581	0.00134211	0.000314112	0.000422277	0.0644209	0.00122228	0.00205588	0.163382	0.00382592	0.584954	0.0800989	0.00467065	0.00189235	0.00407178	0.00371667	0.00446546	0.00198053	0.0667749	0.00169982	0.00222359
97	0.0320138	0.0117066	0.0265588	0.0510264	0.00291821	0.00545897	0.0382016	0.0169201	0.163647	0.0253246	0.0183521	0.0352502	0.000489317	0.107019	0.359938	0.0425295	0.041596	0.0106048	0.000118546	0.0103271
98	0.0796566	0.00106654	0.0651995	0.153946	0.00270637	0.00654626	0.0124522	0.027558	0.156925	0.0461959	0.0159743	0.0396008	0.00481617	0.133639	0.11495	0.0402188	0.0705902	0.0225693	0.00013905	0.00525033
99	0.31883	0.0834924	0.00206577	0.00499694	0.00630969	0.0314849	0.00259334	0.0211379	0.00413648	0.0511783	0.0435812	0.00428927	0.00177914	0.00423209	0.00423132	0.157318	0.106091	0.140701	0.00990456	0.00164624
100	0.00582227	0.00128255	0.000407165	0.00046568	0.0116142	0.000569471	0.000441241	0.444774	0.00226533	0.104523	0.00622259	0.00056044	0.0020428	0.00046289	0.00232562	0.00120251	0.00382465	0.409551	0.000109818	0.00153273
101	0.0644684	0.02396	0.0846211	0.268001	0.00386585	0.00747514	0.0255673	0.0648322	0.0802453	0.132959	0.00924241	0.0115799	0.0213048	0.0766762	0.0210456	0.0435288	0.0229178	0.0331364	0.000923813	0.00364971
102	0.0864841	0.0109429	0.00616645	0.0689945	0.0413293	0.0508174	0.00994104	0.0127584	0.00995415	0.199574	0.071709	0.0371834	0.0371445	0.0111111	0.0794782	0.0271616	0.0573345	0.0143608	0.129746	0.0378082
103	0.0809937	0.0441038	0.0222984	0.025697	0.012627	0.0737735	0.0165228	0.0263358	0.0244985	0.0728161	0.0173787	0.0253607	0.238166	0.0571958	0.0596704	0.0816563	0.0701271	0.0339494	0.00425702	0.0125725
104	0.0061153	0.00111182	0.000307754	0.000439773	0.0682486	0.00113172	0.00226228	0.159028	0.003838	0.59104	0.0810731	0.00480007	0.00181187	0.00436434	0.00394103	0.00444827	0.00186348	0.0601837	0.00146373	0.00252668
105	0.212693	0.0277393	0.00319937	0.0520472	0.0123175	0.0202097	0.0207914	0.0478395	0.0495615	0.04193	0.0290456	0.0240668	0.0101776	0.0543719	0.0535153	0.139018	0.0806024	0.0974316	0.000131799	0.0233106
106	0.0149633	0.00181523	0.00104176	0.00338774	0.266395	0.00199605	0.00533546	0.0620342	0.00230963	0.360491	0.0679276	0.00269881	0.00123122	0.00228326	0.014049	0.0205631	0.0156475	0.0550519	0.000593446	0.100185
107	0.0918267	0.000813065	0.0655924	0.141755	0.00455076	0.00928611	0.0172661	0.0285052	0.16125	0.0415918	0.0144326	0.0385476	0.00931332	0.106556	0.0910734	0.0639625	0.0812407	0.0274569	0.000157261	0.0048227
108	0.0348926	0.0119155	0.0250277	0.0504502	0.00296438	0.00560264	0.0408332	0.00934113	0.162891	0.0253348	0.0171463	0.0381638	0.000294071	0.0950763	0.377658	0.0434271	0.0379385	0.00943212	0.000119556	0.0114908
109	0.0153136	0.00114911	0.000766645	0.00122482	0.26655	0.00138583	0.00397634	0.0755625	0.00151517	0.396581	0.0678086	0.00242498	0.000762702	0.00137481	0.0131699	0.0163255	0.0150511	0.0552713	0.000912991	0.0628735
110	0.0508988	0.00833261	0.0334043	0.0239796	0.00192968	0.259453	0.0543753	0.0055011	0.131683	0.0251814	0.00332108	0.152492	0.00204932	0.0420999	0.107519	0.0785593	0.0120842	0.00477103	0.000610744	0.00175535
111	0.069213	0.00131023	0.0593123	0.065082	0.00155338	0.011432	0.0179436	0.00928911	0.101853	0.00969182	0.0191681	0.0708283	0.0256647	0.0535479	0.0319323	0.228039	0.20733	0.015265	0.000235196	0.00130866
112	0.0985715	0.00135354	0.0284962	0.0239688	0.000738748	0.0293118	0.015823	0.0207039	0.0193179	0.0185349	0.00908033	0.0200738	0.526912	0.0201193	0.0164226	0.086871	0.0230388	0.0259639	0.000152782	0.0145449
113	0.09753	0.00138868	0.0299452	0.0229272	0.000920647	0.0284651	0.0151871	0.0228816	0.019829	0.019081	0.0102961	0.0216651	0.515594	0.0188531	0.0149949	0.0926844	0.0257011	0.0281966	0.0002128	0.0136466
114	0.0568503	0.00158057	0.00490787	0.00606933	0.00126142	0.0128622	0.0137848	0.00233607	0.283779	0.0201018	0.00260347	0.00216599	0.000864645	0.0323225	0.501907	0.0409782	0.010284	0.00337438	0.000270176	0.00169694
115	0.175882	0.0179224	0.0213623	0.0112901	0.00644453	0.434363	0.0102455	0.017424	0.0161961	0.0244897	0.00722194	0.0438313	0.0125165	0.0162794	0.0231918	0.0974668	0.0368567	0.0214069	0.00108877	0.00451987
116	0.00555797	0.00143767	0.000412722	0.000457344	0.011785	0.000566984	0.000397167	0.440743	0.00213981	0.106405	0.00601809	0.000562207	0.00204894	0.000473044	0.00227628	0.00120778	0.00387885	0.411935	0.000108661	0.00158866
117	0.0137374	0.0038298	0.000786855	0.000993298	0.0588835	0.00173413	0.00337376	0.196118	0.00417447	0.510195	0.0706806	0.00422456	0.00226068	0.00459537	0.00479866	0.00688979	0.00855325	0.0980906	0.0017154	0.00436438
118	0.00627854	0.0011305	0.000321012	0.000441651	0.0665825	0.00121165	0.00212197	0.156965	0.00369121	0.592259	0.0800079	0.00464672	0.00191027	0.00415856	0.00380198	0.004611	0.0019363	0.063661	0.00160756	0.00265499
119	0.0167379	0.0136152	0.00118319	0.0022319	0.198705	0.00760706	0.0298663	0.00243019	0.00215051	0.0100667	0.0020102	0.00232547	0.00722914	0.00177148	0.00255109	0.00404284	0.0099151	0.00885753	0.00803608	0.668667
120	0.0878745	0.019592	0.0196575	0.0116232	0.00958374	0.503572	0.0108284	0.0235425	0.0185143	0.0600382	0.0114811	0.0300437	0.0173012	0.013246	0.0252981	0.080665	0.023307	0.0231319	0.00156879	0.00913059
121	0.0997019	0.00702106	0.0262268	0.0236294	0.00500535	0.0686223	0.0172245	0.0230013	0.0236765	0.024399	0.0303533	0.020989	0.416799	0.0211547	0.019021	0.0850867	0.0272458	0.0468308	0.0014103	0.0126017
122	0.103639	0.00446514	0.0270748	0.0312534	0.00480105	0.0406917	0.0397775	0.0173661	0.0276129	0.019525	0.010128	0.0280069	0.332243	0.0263931	0.0386393	0.172057	0.0392692	0.0258432	0.00112666	0.0100874
123	0.0979169	0.028173	0.0178115	0.00963647	0.00418526	0.553925	0.00842721	0.0122897	0.0135422	0.0156361	0.0056733	0.0218359	0.0229283	0.0118651	0.0170155	0.122605	0.0198353	0.0125583	0.000970206	0.00316958
124	0.0914574	0.374672	0.00424588	0.00599584	0.00833853	0.0412781	0.00519087	0.0310324	0.00910492	0.028268	0.0118869	0.0080779	0.00415366	0.00731789	0.0076319	0.0860884	0.133156	0.132097	0.00287827	0.00712826
125	0.320674	0.0886275	0.00225805	0.0028809	0.0125099	0.286941	0.00203236	0.00538669	0.00779148	0.00824823	0.00517487	0.00400867	0.0148739	0.00281051	0.00450839	0.16145	0.0339352	0.0321545	0.000599627	0.0031335
126	0.0686942	0.0129043	0.0245398	0.0300282	0.00638419	0.132533	0.0237585	0.0108594	0.202225	0.0194289	0.014158	0.0696529	0.0237662	0.0352525	0.129923	0.127762	0.0456668	0.0173658	0.00117091	0.00392509
127	0.12125	0.0409122	0.00842537	0.0132425	0.00522511	0.0222415	0.00805679	0.0389837	0.0101848	0.0214687	0.0199246	0.0286657	0.00716997	0.0131482	0.010521	0.285786	0.289578	0.0472196	0.00176495	0.00623095
128	0.0362006	0.0148924	0.00664065	0.0147074	0.038786	0.00990574	0.0241683	0.0351527	0.0194942	0.255733	0.154975	0.0134779	0.00211907	0.0423028	0.0265868	0.162578	0.0761259	0.00680108	0.00146342	0.0578887
129	0.0313359	0.0131295	0.00121726	0.000717652	0.0198622	0.00259688	0.00643917	0.279074	0.00567585	0.352437	0.0734101	0.0037047	0.00161411	0.00679897	0.00601207	0.0133224	0.0272479	0.148491	0.00205649	0.00485607
130	0.386486	0.0358223	0.00302246	0.00813732	0.0082839	0.0247899	0.00323438	0.0668085	0.00559774	0.0771812	0.00899862	0.00705959	0.00282212	0.00751774	0.00794107	0.0354296	0.0405046	0.26589	0.000931306	0.00354143
131	0.0511608	0.00469876	0.0116126	0.0201331	0.00129836	0.00978871	0.0220322	0.00398868	0.270576	0.0203053	0.00702465	0.0108129	0.000612275	0.0589194	0.438683	0.0387016	0.0201609	0.0047102	0.000225534	0.004555
132	0.470557	0.0782339	0.0010386	0.00589149	0.0116035	0.0466711	0.00209592	0.0385713	0.00459523	0.064693	0.00922349	0.00838257	0.00120351	0.00739823	0.00777006	0.0675732	0.0518573	0.11959	0.0015854	0.00146496
133	0.0906914	0.0195827	0.00182432	0.00184116	0.0155781	0.00822405	0.00220637	0.186553	0.00610744	0.210257	0.0604008	0.00663617	0.00181072	0.0118852	0.00777594	0.029952	0.0545883	0.257871	0.00452298	0.0216912
134	0.431104	0.0812205	0.00269343	0.00846162	0.0118643	0.0971942	0.00418861	0.0295538	0.00907871	0.0443993	0.012015	0.00998356	0.00404741	0.00862953	0.0111104	0.0958491	0.0525985	0.0798257	0.00128928	0.00489329
135	0.0616793	0.00315405	0.00245667	0.00350513	0.00220571	0.0707967	0.0362241	0.00476618	0.0282016	0.0238516	0.0158769	0.109086	0.00289833	0.00325702	0.0283461	0.179801	0.41087	0.0101462	0.000852743	0.00202481
136	0.110838	0.0342433	0.0782609	0.152005	0.00694839	0.012055	0.00900395	0.0139238	0.0176298	0.0235818	0.0925641	0.0176389	0.00548003	0.0683092	0.0135019	0.159003	0.130156	0.0193909	0.00158459	0.0338815
137	0.0458729	0.0103316	0.0337555	0.0308767	0.00173221	0.212813	0.0668655	0.00387433	0.154035	0.0160496	0.00278028	0.149374	0.00156853	0.0589777	0.105689	0.0849027	0.0140166	0.00432296	0.000532876	0.00162913
138	0.101575	0.0329644	0.000910308	0.000965061	0.0364381	0.0081181	0.00267433	0.138133	0.0075995	0.222705	0.081866	0.00753814	0.000677422	0.0120858	0.0131747	0.0488583	0.0488081	0.204125	0.00736484	0.0234195
139	0.129097	0.00977207	0.0138662	0.0138587	0.00364606	0.0203627	0.0139981	0.0158867	0.0202315	0.0130382	0.0146963	0.198078	0.0273829	0.0171688	0.0144801	0.242768	0.19859	0.0281324	0.00140717	0.00354003
140	0.0701897	0.01893	0.0022648	0.00300841	0.0864794	0.0071044	0.00354372	0.148466	0.00766099	0.191708	0.0674001	0.00771007	0.00254316	0.0101019	0.012222	0.0311372	0.049195	0.252507	0.00526537	0.0225624
141	0.00618742	0.00089016	0.00039502	0.000509478	0.115488	0.00102498	0.00422496	0.157623	0.003102	0.539302	0.0806164	0.00565956	0.00145116	0.0035447	0.00503607	0.00472662	0.00290221	0.0590402	0.00180926	0.00646785
142	0.250288	0.00234838	0.00141449	0.00636231	0.00146138	0.0406355	0.0164124	0.0137593	0.00236268	0.00600921	0.0247475	0.0187105	0.0114852	0.00792094	0.00309238	0.427175	0.143487	0.0184792	0.000421884	0.00342645
143	0.00869227	0.00208549	0.000387519	0.000450546	0.0132469	0.000533633	0.000517389	0.440387	0.00191262	0.118551	0.00969386	0.000600218	0.00193013	0.000503066	0.00196514	0.00115065	0.00458869	0.39119	0.000105084	0.00150833
144	0.0552533	0.00815471	0.0111647	0.032152	0.0054826	0.0252338	0.0145412	0.0107533	0.251365	0.0136197	0.0194853	0.0487731	0.0244184	0.0478765	0.26185	0.0923831	0.0540446	0.0181996	0.000415544	0.00483387
145	0.138106	0.0689941	0.00669407	0.00512954	0.00508957	0.4549	0.00463345	0.00846509	0.0075535	0.0121196	0.00553803	0.00888172	0.0496909	0.00484619	0.00794111	0.17509	0.0194962	0.012362	0.00107468	0.00339467
146	0.302213	0.00514831	0.00172801	0.0069169	0.00152114	0.0387717	0.012401	0.0103491	0.00422958	0.00710406	0.0174684	0.0148754	0.016465	0.00847245	0.00592619	0.402376	0.119909	0.020598	0.000537642	0.00298978
147	0.0240455	0.00484624	0.263968	0.381778	0.000737392	0.0172562	0.0108973	0.0024274	0.0311985	0.00769386	0.00544035	0.0610236	0.000519274	0.0683686	0.0371183	0.0466206	0.0278626	0.00734591	0.000164354	0.00068785
148	0.0178891	0.00527408	0.000455059	0.000478888	0.0208462	0.00172648	0.000900664	0.313917	0.000941625	0.35984	0.0415554	0.0019046	0.00281128	0.000557471	0.00193309	0.00383837	0.0042938	0.217723	0.00242644	0.000686917
149	0.014011	0.00124104	0.000860812	0.0015039	0.279065	0.00158791	0.00364528	0.0681526	0.00172447	0.366409	0.0681171	0.0021852	0.00101394	0.00143888	0.0142949	0.0174515	0.0145336	0.0541553	0.000650946	0.0879576
150	0.0159065	0.00452019	0.0783332	0.00471665	0.00345409	0.0257895	0.0385642	0.00676985	0.00588343	0.010535	0.00578585	0.131676	0.0039691	0.00599188	0.0246641	0.588485	0.031625	0.00933983	0.00105399	0.00293631
151	0.0266688	0.00800251	0.005761	0.00824263	0.00671031	0.0111393	0.00797689	0.0117336	0.32657	0.0173899	0.28489	0.0112887	0.0534984	0.00939313	0.0750155	0.0962588	0.0172212	0.0152416	0.00169915	0.00529824
152	0.017042	0.01348	0.00128644	0.00234722	0.196096	0.00751127	0.0294581	0.00246732	0.00220831	0.00997669	0.00208562	0.00239282	0.0071687	0.0017584	0.00253883	0.00420823	0.00999557	0.008846	0.0106535	0.668479
153	0.0219439	0.00364274	0.00144185	0.00151445	0.213776	0.00250648	0.00340545	0.0800212	0.00254913	0.337078	0.0561805	0.00313916	0.00102308	0.00282706	0.0118322	0.0177385	0.0215618	0.148647	0.00113834	0.0680327
154	0.0941868	0.0262986	0.0186276	0.00970955	0.00385509	0.555931	0.00863375	0.0118546	0.0166678	0.0164798	0.00616427	0.0252	0.0171839	0.0121175	0.0214243	0.119662	0.0211727	0.0112682	0.00084417	0.00271917
155	0.0539491	0.015142	0.324288	0.251294	0.00160786	0.0101779	0.00654296	0.0202988	0.0196157	0.0384527	0.0198241	0.0267038	0.00174686	0.0388688	0.0137166	0.0855517	0.0295375	0.0402849	0.000488545	0.0019074
156	0.246578	0.00263295	0.00174269	0.00658714	0.00149217	0.042916	0.017189	0.0134017	0.00271562	0.00619015	0.023738	0.018746	0.011832	0.00786071	0.00355837	0.427861	0.142432	0.018597	0.000491897	0.00343796
157	0.0514524	0.00728331	0.198496	0.273483	0.00278952	0.0289969	0.013702	0.00913779	0.0436398	0.0176208	0.0104695	0.0653978	0.00593833	0.0579707	0.0453151	0.0973938	0.0514159	0.0155065	0.000525383	0.00346632
158	0.0554003	0.00394017	0.0105644	0.0173273	0.00111464	0.0107301	0.0193976	0.00353379	0.279187	0.0202657	0.00597811	0.00728392	0.000640756	0.0549864	0.445094	0.0399393	0.0165255	0.00416623	0.000234093	0.00369121
159	0.311675	0.0289421	0.00286202	0.0301343	0.0128454	0.0354704	0.016642	0.0518805	0.0278298	0.0519168	0.0278218	0.0268741	0.00619772	0.0434733	0.0365428	0.115467	0.0723362	0.0869421	0.000567868	0.0135789
160	0.00509971	0.00123438	0.000415809	0.000476657	0.0113197	0.000594277	0.00039933	0.440712	0.00224724	0.102519	0.00533856	0.000569895	0.0021233	0.000485267	0.00242812	0.00124498	0.00378863	0.417318	0.000109934	0.00157608
161	0.243529	0.0140301	0.0101371	0.0255807	0.00797139	0.023067	0.013443	0.0453164	0.030125	0.029279	0.0166861	0.0461743	0.00934921	0.0987345	0.151762	0.118152	0.0648184	0.0406665	0.0012257	0.00995225
162	0.02298	0.00476625	0.262862	0.378108	0.000736154	0.0176672	0.0105384	0.00243187	0.0325325	0.00762733	0.00534046	0.0625649	0.000529791	0.0698734	0.0387383	0.0467412	0.0280742	0.00706253	0.00017483	0.000650701
163	0.0587793	0.00414347	0.00517562	0.00402135	0.00182615	0.00364025	0.00132234	0.202766	0.00636548	0.251286	0.0345846	0.00512127	0.00543683	0.0057666	0.00351434	0.0121558	0.0668215	0.316917	0.000869844	0.00948638
164	0.0526214	0.0111304	0.0100318	0.0207395	0.213018	0.0159168	0.0211163	0.0562093	0.0360451	0.192936	0.0491244	0.0224396	0.00824829	0.023363	0.0911848	0.0467726	0.0345678	0.0496397	0.00284338	0.0420515
165	0.0369314	0.0115963	0.026438	0.0537239	0.00297828	0.00565192	0.0398485	0.00961267	0.163549	0.0258875	0.0171993	0.0380146	0.000418369	0.0955658	0.369474	0.0431912	0.0388231	0.0097457	0.000117614	0.0112324
166	0.0368543	0.0102768	0.0223223	0.044751	0.00253678	0.00638726	0.0359849	0.00777113	0.180667	0.0257504	0.0145252	0.0316758	0.000327116	0.0866262	0.397581	0.0430303	0.0338565	0.00817488	0.000143067	0.0107577
167	0.459394	0.0351924	0.00650765	0.0112151	0.0092013	0.0902647	0.00528752	0.0213626	0.0142467	0.0323327	0.0115462	0.0115577	0.0153902	0.0143965	0.0208836	0.12786	0.0514754	0.0554961	0.000876543	0.00551311
168	0.0563326	0.00169862	0.00514072	0.00677895	0.00125625	0.0127087	0.0139351	0.00239609	0.282075	0.0202461	0.00281046	0.00249156	0.000828656	0.0333009	0.501038	0.040837	0.0106041	0.00347265	0.000239937	0.0018086
169	0.254877	0.00652001	0.0258976	0.0365327	0.0051985	0.0395735	0.00380654	0.0168079	0.0281968	0.0954143	0.0245054	0.0372077	0.00190111	0.0871863	0.0125826	0.21814	0.0670829	0.033466	0.000762365	0.00434079
170	0.333611	0.035331	0.00268733	0.00367651	0.00293198	0.00557649	0.0321812	0.00762583	0.00542455	0.00801262	0.00592727	0.103144	0.00374378	0.00643542	0.0347788	0.237113	0.0800336	0.0881001	0.000852897	0.00281283
171	0.580601	0.00336482	0.00160014	0.00245332	0.00183171	0.00466585	0.00278119	0.00321661	0.0115511	0.0137541	0.00255998	0.00566178	0.00283277	0.0175123	0.015633	0.247351	0.0487389	0.031775	0.000512227	0.00160331
172	0.0992781	0.00321527	0.0280874	0.0238974	0.00203042	0.0338488	0.0165981	0.0214661	0.0210398	0.0217393	0.0109422	0.0218384	0.498796	0.0211215	0.0191339	0.0897463	0.025107	0.0278666	0.000579093	0.0136683
173	0.209269	0.220927	0.00115531	0.00176264	0.00157359	0.0176323	0.00174634	0.0238513	0.0164338	0.00381139	0.00984603	0.0097926	0.00158029	0.00218999	0.00943705	0.372937	0.0902183	0.00401192	0.000377348	0.00144716
174	0.00752909	0.00156584	0.000384893	0.00045064	0.0129733	0.000553474	0.000468627	0.45499	0.0023377	0.112145	0.00889805	0.000535208	0.00190041	0.000451133	0.00211031	0.00113074	0.00401852	0.385938	0.000100837	0.00151919
175	0.0118589	0.00305825	0.000349379	0.00037673	0.0161934	0.000443261	0.000635182	0.451866	0.00171771	0.136417	0.0154807	0.000674172	0.00165101	0.000406532	0.0015396	0.00100267	0.00464249	0.350147	9.97823e-05	0.00144048
176	0.025892	0.00631827	0.00303772	0.00471071	0.228318	0.00572973	0.00691568	0.0794815	0.00506645	0.36453	0.0676385	0.00604459	0.00215903	0.00775323	0.0159143	0.0411174	0.0202443	0.0573301	0.00149843	0.0503001
177	0.00808872	0.000819093	0.000600371	0.000798984	0.208295	0.000933132	0.00503596	0.135578	0.00227768	0.456258	0.0773149	0.00435167	0.0011348	0.00248935	0.00882078	0.0076213	0.00592335	0.0501531	0.00134357	0.022162
178	0.0480989	0.00915428	0.272299	0.252289	0.00371319	0.0257808	0.0118046	0.0138741	0.0320212	0.0259791	0.014061	0.046757	0.0130326	0.0504807	0.0309914	0.0798216	0.0396041	0.0245153	0.00103537	0.00468641
179	0.0312568	0.00543141	0.258451	0.356782	0.00121892	0.0166992	0.0117202	0.00554721	0.0345455	0.0131683	0.007381	0.0556541	0.00270694	0.0659227	0.036653	0.0542958	0.0299883	0.0109725	0.000185633	0.00141886
180	0.0266882	0.0098064	0.000277209	0.000279819	0.0291647	0.000344025	0.00127166	0.427809	0.000569067	0.2189	0.0402939	0.00153504	0.000728145	0.000324037	0.000390155	0.000957448	0.00547055	0.234661	7.07394e-05	0.000459175
181	0.0299179	0.00598597	0.259284	0.349307	0.00103384	0.0157889	0.0102351	0.00728902	0.0391144	0.0165638	0.00755268	0.0551524	0.00137592	0.0678159	0.037592	0.0522857	0.0306506	0.0117052	0.000186837	0.00116328
182	0.314507	0.00913806	0.00313082	0.0120922	0.00399223	0.088628	0.010882	0.00900074	0.00473198	0.00782609	0.0136443	0.0113989	0.0163542	0.00791922	0.00516796	0.343024	0.103847	0.0315142	0.000436411	0.00276461
183	0.0192985	0.0107104	0.000340016	0.000360179	0.0246833	0.000779587	0.00103084	0.373724	0.000617634	0.317438	0.0536347	0.00275936	0.000895998	0.000478203	0.000733452	0.00226197	0.00760559	0.18145	0.000721023	0.000477365
184	0.475595	0.0744085	0.00091131	0.00494177	0.0125342	0.0881012	0.00152779	0.0324616	0.00507815	0.0543887	0.00563271	0.00639566	0.00119846	0.00580267	0.00660366	0.0638978	0.0439359	0.114196	0.000833759	0.00155544
185	0.111832	0.00645063	0.0533662	0.0343365	0.00456201	0.154262	0.0378938	0.0140305	0.0224162	0.0281733	0.00433012	0.0644468	0.0129613	0.0664687	0.043254	0.248364	0.0724367	0.0163997	0.00179202	0.00222304
186	0.355809	0.0242746	0.00606149	0.017278	0.0163686	0.0154285	0.00274981	0.0179908	0.00606018	0.0502412	0.0243925	0.00938077	0.00201604	0.00727684	0.00537094	0.133257	0.124579	0.175439	0.00244583	0.0035792
187	0.111832	0.00645063	0.0533662	0.0343365	0.00456201	0.154262	0.0378938	0.0140305	0.0224162	0.0281733	0.00433012	0.0644468	0.0129613	0.0664687	0.043254	0.248364	0.0724367	0.0163997	0.00179202	0.00222304
188	0.0498194	0.0143155	0.32354	0.224599	0.00152841	0.0112969	0.00339948	0.0236898	0.0220643	0.0456512	0.0238166	0.0286433	0.00157682	0.0411904	0.0138282	0.0933463	0.0341432	0.0411556	0.000388967	0.00200718
189	0.0427952	0.00915827	0.0280625	0.0259658	0.00216633	0.194809	0.0581445	0.0047959	0.168826	0.0167475	0.00404676	0.15154	0.00395894	0.046329	0.143028	0.0767802	0.0147952	0.00546177	0.0006867	0.00190235
190	0.0268015	0.00972098	0.000398919	0.000355265	0.0274124	0.000477837	0.00129799	0.417907	0.000674783	0.224203	0.0408497	0.0017237	0.0008624	0.000445698	0.000479938	0.00128164	0.00660241	0.237557	0.00016964	0.000777823
191	0.0127522	0.00198968	0.00048392	0.000603952	0.0307732	0.00291677	0.00112163	0.178186	0.00215506	0.553687	0.0622121	0.00328164	0.002433	0.0020936	0.00412285	0.00725492	0.00304844	0.12554	0.00428499	0.00105906
