231	20
1	0.0831093	0.0116596	0.0584138	0.0412651	0.0082189	0.0720949	0.04014	0.0151965	0.10022	0.0567596	0.0146654	0.0592726	0.0907478	0.0186138	0.1124	0.112452	0.0510092	0.0319022	0.00548569	0.0163743
2	0.00459863	0.000550339	0.00125387	0.000339203	0.0331481	0.000611015	0.00240125	0.368801	0.00106824	0.29404	0.0539375	0.000587295	0.000219919	0.000435981	0.00163889	0.00344461	0.00923633	0.214187	0.00208317	0.00741843
3	0.0489354	0.00323871	0.257283	0.0338409	0.00396409	0.0401672	0.0721842	0.0143822	0.0144962	0.0172328	0.00392353	0.168084	0.00468353	0.0166847	0.00331169	0.232162	0.0547697	0.00677083	0.000990651	0.00289494
4	0.0965859	0.00497027	0.0957729	0.0648205	0.00219591	0.0514894	0.0317935	0.0104598	0.0888812	0.0196024	0.00515092	0.0614739	0.202417	0.0308375	0.0786954	0.0728333	0.0420697	0.0250951	0.00407601	0.0107797
5	0.0796868	0.0026278	0.0899368	0.0997748	0.00767046	0.0420349	0.0297987	0.0132757	0.134111	0.0284126	0.0150572	0.0614372	0.0377816	0.0799299	0.125839	0.0833413	0.0422189	0.0214743	0.00159886	0.00399284
6	0.066158	0.00606965	0.00471734	0.00272548	0.0375542	0.00367278	0.00495136	0.221888	0.00352569	0.233539	0.00603196	0.00468107	0.00181586	0.00357204	0.00310617	0.0260277	0.188491	0.163558	0.0127499	0.00516555
7	0.070893	0.0083959	0.00154941	0.000920789	0.0384534	0.00256041	0.00675457	0.179104	0.0392676	0.266962	0.0947744	0.0109415	0.00155019	0.024733	0.0247968	0.0163663	0.0175105	0.169891	0.00124279	0.0233322
8	0.0755354	0.000850981	0.0944172	0.116475	0.00929454	0.0293955	0.0266084	0.0119538	0.146701	0.0246118	0.0154696	0.0619917	0.00958376	0.098771	0.140266	0.0773618	0.0390521	0.0198227	0.00050497	0.0013321
9	0.549916	0.0161504	0.00380352	0.0175573	0.00382031	0.194284	0.00569889	0.0139238	0.0146224	0.00344301	0.00701497	0.0103385	0.000772928	0.0141604	0.0101476	0.0920843	0.0270659	0.0112108	0.000389615	0.00359556
10	0.00459863	0.000550339	0.00125387	0.000339203	0.0331481	0.000611015	0.00240125	0.368801	0.00106824	0.29404	0.0539375	0.000587295	0.000219919	0.000435981	0.00163889	0.00344461	0.00923633	0.214187	0.00208317	0.00741843
11	0.122486	0.00204775	0.0475193	0.0514803	0.00320946	0.00367609	0.0276757	0.0296902	0.0459128	0.0170391	0.0382225	0.0543579	0.00121909	0.0397147	0.0120781	0.0975313	0.264834	0.138459	0.000874597	0.00197243
12	0.0430944	0.0323945	0.0022582	0.00226499	0.131815	0.0112375	0.00329393	0.0566417	0.00484059	0.450212	0.122929	0.00446688	0.00114495	0.00454641	0.00571159	0.010437	0.02785	0.0374774	0.00785755	0.0395262
13	0.0533019	0.00766061	0.0171894	0.0127684	0.0029668	0.0195931	0.0135594	0.0114769	0.0127037	0.00759715	0.0181206	0.0339951	0.013266	0.0093341	0.00686314	0.235765	0.490031	0.0282961	0.000890262	0.00462192
14	0.0957533	0.00504339	0.0914403	0.0755591	0.00237013	0.0453962	0.0310079	0.0120181	0.0907315	0.0202797	0.00533961	0.0597146	0.199701	0.0333704	0.0841996	0.0657671	0.0396123	0.0289908	0.00365198	0.0100535
15	0.0371761	0.00583266	0.000791844	0.000711487	0.00427053	0.00142789	0.000979184	0.337839	0.00144929	0.0447378	0.0136924	0.00114992	0.00356011	0.00141036	0.00138546	0.00615248	0.0238858	0.509893	0.000394535	0.00326035
16	0.0706084	0.00591919	0.063222	0.0788004	0.0114062	0.0271024	0.0377802	0.0191723	0.143723	0.0344861	0.0196407	0.0575338	0.0168537	0.127647	0.141786	0.0640074	0.0496118	0.0230203	0.00208522	0.00559408
17	0.14444	0.00230786	0.0833071	0.111923	0.0109441	0.0235095	0.0244715	0.0113682	0.124133	0.0221089	0.012209	0.0548714	0.00687393	0.102668	0.112813	0.073994	0.0373044	0.0299669	0.00106042	0.00972516
18	0.12295	0.00521573	0.0790015	0.101683	0.00769111	0.0216349	0.0195977	0.017772	0.156562	0.0334315	0.0149533	0.0448648	0.0072684	0.0914922	0.139694	0.0748977	0.0374856	0.0171535	0.0036512	0.00299974
19	0.165494	0.0110078	0.00649974	0.0102631	0.00343567	0.0148152	0.00595091	0.0374606	0.00592404	0.025001	0.0191923	0.0295462	0.00302787	0.0114254	0.00247089	0.111067	0.436634	0.0972345	0.000858613	0.00269148
20	0.0109647	0.00168385	0.00238646	0.000858806	0.0407856	0.00136863	0.00378489	0.340899	0.00196008	0.303463	0.0496103	0.00176938	0.000643747	0.001496	0.00217632	0.00548721	0.0236437	0.187284	0.00827103	0.0114629
21	0.0891483	0.00463159	0.0997722	0.0577638	0.00191542	0.0603593	0.0324842	0.00834583	0.0924848	0.02283	0.00651261	0.0640919	0.182382	0.0278652	0.0798442	0.0829841	0.0485523	0.0217939	0.00460632	0.0116318
22	0.0380485	0.00938187	0.00191752	0.00653829	0.00661231	0.0197054	0.0191525	0.00886531	0.411871	0.00476356	0.0270462	0.0486313	0.00311355	0.0447864	0.267713	0.0418358	0.0276107	0.00821135	0.000682727	0.00351263
23	0.091347	0.0130768	0.0229768	0.020013	0.0128604	0.0226472	0.017255	0.0408703	0.0264322	0.035456	0.0208391	0.041278	0.0147976	0.025259	0.018488	0.124141	0.376312	0.0664089	0.00217035	0.00737223
24	0.0984575	0.0139806	0.0675738	0.0131203	0.0109912	0.496435	0.00760352	0.0124968	0.0253724	0.0131477	0.00695999	0.0739161	0.00968422	0.0131204	0.0242049	0.061964	0.0223773	0.0166255	0.0068362	0.00513302
25	0.0476174	0.00554354	0.0330292	0.0183451	0.00433883	0.0237425	0.0266153	0.0125123	0.0241057	0.0103309	0.0135697	0.0553122	0.0112685	0.0157883	0.010982	0.205268	0.445435	0.0310988	0.00105026	0.00404661
26	0.0868201	0.0135726	0.0700785	0.010862	0.0109843	0.534778	0.00549748	0.0127125	0.020734	0.0110012	0.00667681	0.0755079	0.00663993	0.0104053	0.0191354	0.0559858	0.0203014	0.0164702	0.0076898	0.00414696
27	0.0666671	0.00832318	0.0355209	0.0400897	0.0104017	0.0291895	0.0223777	0.0153466	0.297996	0.0225504	0.0247588	0.0572051	0.0173587	0.0533141	0.17293	0.0603084	0.038268	0.0193561	0.00155961	0.00647795
28	0.0540032	0.0037209	0.011764	0.0116653	0.00368075	0.0199982	0.0127347	0.0121317	0.00948253	0.00864364	0.0118537	0.050957	0.00551625	0.0115817	0.00347451	0.145071	0.582387	0.0379005	0.000932819	0.00250058
29	0.00621419	0.000728156	0.00126034	0.000370633	0.0340008	0.000659124	0.00253576	0.360442	0.00191421	0.296017	0.0563169	0.000768441	0.000227162	0.00104592	0.00240197	0.00375892	0.00944053	0.21189	0.00204438	0.0079644
30	0.534716	0.0160846	0.00525911	0.0168733	0.00406224	0.209552	0.00576966	0.0135904	0.0143547	0.00360202	0.00665313	0.0116077	0.000841373	0.0140307	0.0104047	0.0911963	0.0259425	0.0112496	0.000572368	0.00363793
31	0.0234691	0.0150355	0.00303375	0.0108656	0.397771	0.0138442	0.0225599	0.0435522	0.0045046	0.045197	0.0152741	0.00585458	0.00892571	0.0125508	0.0118325	0.0257747	0.027583	0.0693191	0.00420012	0.238853
32	0.0289424	0.0113625	0.00228525	0.0019092	0.0462324	0.00914874	0.00338004	0.129688	0.00695287	0.510968	0.104333	0.0043375	0.00144662	0.00820977	0.00602911	0.00849487	0.0213476	0.0843945	0.00160411	0.00893413
33	0.00486388	0.000574896	0.00129884	0.000335342	0.0331694	0.000618814	0.00243541	0.367798	0.00105771	0.294648	0.0536664	0.00059519	0.00022059	0.000446438	0.00163395	0.00346985	0.00994503	0.213534	0.00224867	0.00744007
34	0.0777752	0.0178338	0.0463619	0.0335845	0.0144445	0.0408927	0.0241	0.0432315	0.0613691	0.0929778	0.0223879	0.0491375	0.180778	0.02815	0.0555512	0.0712575	0.0586755	0.059543	0.0051167	0.0168313
35	0.347064	0.0406613	0.00129797	0.00166837	0.00505432	0.0339911	0.00134591	0.0850312	0.00162663	0.0539503	0.037372	0.00838661	0.000864597	0.00319325	0.00143108	0.066003	0.171278	0.134513	0.000525077	0.00474221
36	0.00459863	0.000550339	0.00125387	0.000339203	0.0331481	0.000611015	0.00240125	0.368801	0.00106824	0.29404	0.0539375	0.000587295	0.000219919	0.000435981	0.00163889	0.00344461	0.00923633	0.214187	0.00208317	0.00741843
37	0.0139655	0.0042042	0.0392419	0.0648913	0.00506551	0.0058609	0.120368	0.0191552	0.00725111	0.0504073	0.00885786	0.0786238	0.00288533	0.392069	0.0242357	0.0443328	0.105411	0.00824519	0.00138384	0.00354495
38	0.0923744	0.0143217	0.0360149	0.034006	0.0130387	0.0765822	0.0413768	0.0214214	0.0930778	0.0630359	0.0131005	0.0643989	0.0442744	0.0181145	0.14013	0.124038	0.0547862	0.0321106	0.00587467	0.0179223
39	0.0148372	0.00198518	0.00125197	0.000459163	0.0341651	0.00100396	0.00287638	0.332621	0.00567962	0.298529	0.0637758	0.00169523	0.00038807	0.00387018	0.00566376	0.00518168	0.0104914	0.203948	0.00185064	0.0097264
40	0.0748182	0.0086318	0.000990284	0.000892515	0.0372504	0.00267989	0.00530645	0.182584	0.0338161	0.264979	0.094505	0.00828831	0.00167314	0.0233953	0.0219872	0.0173079	0.019081	0.180017	0.000567638	0.0212291
41	0.0966114	0.0134702	0.031447	0.0337149	0.0173012	0.0910302	0.0402029	0.0235271	0.0795812	0.0606484	0.0114231	0.0627203	0.0465846	0.0166519	0.124489	0.139907	0.0495085	0.0320043	0.00717751	0.0219986
42	0.369829	0.0521587	0.00136287	0.0014107	0.00682711	0.0435336	0.00137667	0.0848884	0.0017025	0.0570405	0.034253	0.00516262	0.000924043	0.00181141	0.00152943	0.0515331	0.149131	0.128569	0.000549189	0.00640677
43	0.00926078	0.00103497	0.00134141	0.000446539	0.0321706	0.000685072	0.00245369	0.358848	0.00180094	0.283012	0.0523067	0.000811876	0.000535642	0.00106132	0.00217139	0.00411478	0.0120667	0.225923	0.00229287	0.0076606
44	0.0420486	0.00591054	0.000739386	0.000723663	0.00242924	0.00160374	0.000868644	0.341632	0.00142558	0.0386504	0.0112354	0.00112782	0.0040213	0.00142936	0.00144305	0.00643153	0.0247788	0.510837	0.000323098	0.00234088
45	0.00459863	0.000550339	0.00125387	0.000339203	0.0331481	0.000611015	0.00240125	0.368801	0.00106824	0.29404	0.0539375	0.000587295	0.000219919	0.000435981	0.00163889	0.00344461	0.00923633	0.214187	0.00208317	0.00741843
46	0.281778	0.0693593	0.00567401	0.00415235	0.00651626	0.0295	0.00373169	0.0606463	0.00468055	0.0489967	0.027082	0.00813731	0.00504207	0.00348668	0.00456711	0.14569	0.180966	0.102949	0.00087769	0.00616752
47	0.0772867	0.018054	0.0512346	0.0375305	0.0162677	0.0414601	0.0218276	0.0236093	0.0665035	0.0265301	0.0111455	0.0568877	0.245992	0.0227037	0.0551239	0.0811062	0.0732177	0.0487666	0.00346458	0.0212882
48	0.0890138	0.018719	0.0217099	0.0195992	0.0112398	0.0225786	0.0154032	0.0346429	0.0286852	0.0302959	0.0209332	0.0405961	0.0185693	0.0201819	0.0210676	0.137112	0.381064	0.0582992	0.00287232	0.00741702
49	0.0770003	0.0100593	0.0466327	0.0537997	0.0143342	0.0414236	0.026873	0.0272432	0.161937	0.0407182	0.0218677	0.0513121	0.0228036	0.0599859	0.186107	0.0700702	0.04411	0.0288811	0.0035644	0.0112773
50	0.0940854	0.00205796	0.272338	0.245469	0.00390984	0.0201143	0.00999151	0.00639944	0.0573367	0.0134679	0.00512921	0.058758	0.0191024	0.0594955	0.0310577	0.0692134	0.0173893	0.011454	0.000923096	0.00230733
51	0.0135699	0.00451915	0.00197833	0.00152716	0.0357031	0.00227442	0.00396467	0.261743	0.00555266	0.384591	0.0676991	0.00431014	0.000686577	0.008404	0.00486567	0.00597383	0.0219713	0.159769	0.0029665	0.00792988
52	0.355284	0.0221084	0.0257336	0.0304533	0.0114075	0.10618	0.0129652	0.0357175	0.0306542	0.0280917	0.0180666	0.0244377	0.0106223	0.0301067	0.0277863	0.092036	0.0751038	0.0514514	0.00173285	0.0100612
53	0.101103	0.0269587	0.0263807	0.0427346	0.0445416	0.021265	0.0425784	0.0809741	0.00236027	0.130744	0.0840067	0.0509278	0.0018207	0.122513	0.0259671	0.0713804	0.0714468	0.0300346	0.00354595	0.0187159
54	0.0685564	0.00892749	0.0538165	0.0645297	0.0172592	0.0257159	0.060511	0.0269353	0.070911	0.0519452	0.0200323	0.0587786	0.0181989	0.210214	0.0692848	0.0609437	0.0708098	0.0284535	0.00270159	0.0114753
55	0.065066	0.00522713	0.00332599	0.00132073	0.0226358	0.00293824	0.00386914	0.294578	0.00424501	0.17549	0.0175113	0.00271703	0.00418113	0.0037723	0.00356096	0.0123634	0.0897933	0.274586	0.00742283	0.00539575
56	0.455995	0.0106032	0.0176238	0.04448	0.018567	0.137026	0.0284481	0.013564	0.0279064	0.00992468	0.00632158	0.0248139	0.00399036	0.0321621	0.0191144	0.0836923	0.0323043	0.0150108	0.00157584	0.0168757
57	0.125705	0.0020396	0.0505328	0.0522295	0.00355434	0.00338759	0.0278536	0.028805	0.0479099	0.0171592	0.0389414	0.0559291	0.00126204	0.0406328	0.0132297	0.0937832	0.253047	0.140858	0.00092636	0.0022139
58	0.170037	0.00601297	0.0852756	0.137038	0.00991148	0.0126733	0.0212641	0.0193692	0.038823	0.018975	0.0227562	0.0384258	0.0056982	0.0708926	0.0277912	0.0826402	0.105412	0.116059	0.00177988	0.00916553
59	0.363559	0.0551196	0.00150911	0.00142658	0.00656582	0.0436449	0.00154863	0.0860837	0.00191258	0.0547739	0.0332057	0.00537374	0.00125649	0.0018429	0.00159122	0.0517768	0.152323	0.129893	0.000576741	0.00601659
60	0.0812427	0.0117444	0.00105333	0.00109005	0.074984	0.00576879	0.00489575	0.160602	0.0272255	0.260267	0.0908006	0.00791656	0.00151456	0.0189409	0.0184698	0.017016	0.0231845	0.157922	0.00412917	0.031232
61	0.0233994	0.0063952	0.00355772	0.00287929	0.0426475	0.0037369	0.00508031	0.258886	0.00493788	0.0840592	0.0527419	0.00537136	0.00202637	0.00451122	0.00415075	0.00978284	0.0372058	0.404541	0.00160289	0.0424861
62	0.0858771	0.0130296	0.0652644	0.0122315	0.0132848	0.516795	0.0072748	0.0107858	0.0238426	0.0135121	0.00688097	0.0736779	0.0103697	0.0130281	0.0210219	0.0579259	0.0273001	0.0142217	0.00745252	0.00622372
63	0.0926495	0.0136346	0.0674723	0.00891799	0.0122046	0.536582	0.00638583	0.0137043	0.0175612	0.0129355	0.00593835	0.0740284	0.00556953	0.00881034	0.018871	0.0568686	0.0171449	0.0175018	0.00831397	0.00490474
64	0.125425	0.00279369	0.0186374	0.0273806	0.00321444	0.00942166	0.0122608	0.0348182	0.0142706	0.0131709	0.0223555	0.0438604	0.00230653	0.0264363	0.00510675	0.126546	0.416919	0.0918351	0.000848196	0.00239334
65	0.079702	0.0439989	0.0377573	0.0296141	0.00630486	0.0257878	0.0178551	0.0346114	0.0825754	0.0211067	0.00825636	0.0559434	0.320581	0.0165486	0.0573607	0.0435877	0.0354579	0.0508953	0.0028914	0.0291638
66	0.0654576	0.00275243	0.155198	0.0697337	0.00474278	0.0443618	0.0418189	0.011229	0.0848492	0.0210286	0.00863002	0.102439	0.0646544	0.0545238	0.0682414	0.122869	0.0548371	0.0153632	0.00193422	0.00533632
67	0.0047133	0.000556532	0.00129813	0.000343629	0.0333595	0.000607142	0.00244402	0.36981	0.0010752	0.29257	0.0535947	0.000602733	0.000228184	0.0004556	0.00163174	0.00346786	0.00941088	0.214035	0.00230303	0.00749218
68	0.00615281	0.000763174	0.00127154	0.000352003	0.0324021	0.000686351	0.00238767	0.366167	0.00125414	0.288076	0.0526705	0.000673601	0.000349577	0.000576444	0.00174136	0.00359411	0.010418	0.220922	0.00221208	0.00732936
69	0.0372827	0.00588809	0.000742013	0.000737365	0.00298162	0.00142793	0.000883394	0.339743	0.00133983	0.0342307	0.011923	0.00114836	0.0034595	0.00136114	0.00130628	0.00596877	0.0243426	0.522026	0.000350074	0.00285786
70	0.543712	0.0164664	0.00377884	0.0168731	0.00372733	0.202905	0.00535105	0.0139039	0.0143925	0.00351451	0.00675377	0.00979388	0.000724252	0.014028	0.0102989	0.0921094	0.0259309	0.0118707	0.000387158	0.00347828
71	0.082989	0.0145258	0.0232551	0.0199773	0.0151932	0.0249664	0.017527	0.041244	0.0269874	0.0373931	0.019694	0.0421176	0.0144628	0.0275829	0.0181177	0.118049	0.377891	0.0665636	0.00261885	0.00884444
72	0.0766607	0.0169237	0.0359057	0.0301745	0.0208697	0.0310936	0.0173311	0.0581214	0.0564566	0.0324213	0.0118264	0.0476455	0.221898	0.020222	0.0454625	0.0558305	0.0685381	0.128125	0.00294927	0.0215453
73	0.114933	0.0134408	0.0641343	0.010876	0.0114814	0.507726	0.00686837	0.011182	0.0227792	0.0122379	0.00621357	0.0700944	0.00633893	0.0105477	0.0223376	0.0624835	0.021137	0.014136	0.00665979	0.0043918
74	0.0735824	0.010295	0.0451433	0.051019	0.0183203	0.0389419	0.0260399	0.0236654	0.182807	0.0367951	0.0225852	0.0517287	0.0236317	0.0596324	0.183497	0.0666266	0.0434961	0.0266538	0.00283814	0.0127016
75	0.00637931	0.0135161	0.00128886	0.000948776	0.0529389	0.00383074	0.00133142	0.0894009	0.00304149	0.627831	0.135085	0.00170602	0.000736611	0.00174439	0.00296624	0.00306311	0.0156551	0.0330481	0.000639169	0.00484917
76	0.0132807	0.0201093	0.0189246	0.00451012	0.0235144	0.00520529	0.0210033	0.128846	0.116332	0.263462	0.0586942	0.106832	0.00241493	0.0537859	0.0744179	0.00978533	0.0100927	0.0287908	0.0173022	0.0226962
77	0.106098	0.00717144	0.18054	0.132209	0.00912531	0.0476523	0.0230374	0.0138848	0.0667543	0.0218521	0.0134953	0.0652283	0.029195	0.0528623	0.0507691	0.0962371	0.0534963	0.0220671	0.00237751	0.00594762
78	0.0131999	0.00161451	0.00144998	0.000495773	0.0349142	0.000796078	0.00406618	0.33725	0.00505021	0.297615	0.0599555	0.00154959	0.000293864	0.00321955	0.00432643	0.00508958	0.0123573	0.203905	0.00225245	0.0105984
79	0.00644847	0.013444	0.00133464	0.000982997	0.0533914	0.00392799	0.00140122	0.0856189	0.00293437	0.63087	0.136804	0.00169491	0.000728374	0.0017514	0.00296876	0.00300494	0.0158895	0.0311896	0.000626151	0.00498831
80	0.0791508	0.00262348	0.0873067	0.101074	0.00838571	0.0404866	0.0281561	0.0124308	0.139055	0.0289716	0.0157424	0.0611125	0.0247942	0.0834892	0.132573	0.0855605	0.043221	0.0209646	0.00136634	0.00353671
81	0.0757375	0.000832119	0.094523	0.116754	0.00928629	0.0295762	0.0267368	0.0119752	0.146526	0.0245781	0.0155415	0.0621509	0.00947385	0.0985193	0.139536	0.0775126	0.0390438	0.0198702	0.000503396	0.00132388
82	0.268236	0.0475536	0.00201128	0.00189258	0.0100762	0.0271246	0.00215349	0.0963344	0.00282462	0.111806	0.0268989	0.00595452	0.00155238	0.00247222	0.00229323	0.0426019	0.170915	0.170376	0.00192124	0.00500239
83	0.0756725	0.000844501	0.094485	0.116529	0.00924734	0.0295449	0.0266613	0.0119628	0.146589	0.0245816	0.0155121	0.0620601	0.00956702	0.0985214	0.140022	0.0774589	0.0390481	0.019852	0.000510472	0.00132965
84	0.0946323	0.028718	0.00755983	0.00849767	0.102797	0.00894272	0.0279237	0.0756013	0.00665273	0.0592826	0.105519	0.0321819	0.00262349	0.0177655	0.00759867	0.0416763	0.168814	0.166564	0.00348008	0.0331684
85	0.0400267	0.00479184	0.00110807	0.000660817	0.0380109	0.00167442	0.00416111	0.262771	0.0197363	0.284976	0.0752027	0.00457161	0.000990674	0.0123372	0.0124525	0.0104685	0.0151758	0.194656	0.00139549	0.0148318
86	0.0360008	0.00588886	0.000756016	0.000772239	0.00319207	0.00140691	0.000928071	0.339914	0.00131924	0.0333756	0.0123073	0.00117651	0.00339739	0.00137085	0.00128785	0.00588318	0.0240713	0.523357	0.000358004	0.00323748
87	0.00925956	0.00714539	0.00123887	0.000653499	0.0456495	0.00285467	0.00197122	0.198034	0.00347565	0.48697	0.0976574	0.00160313	0.000489796	0.00230546	0.00321269	0.00401102	0.013339	0.111775	0.00129228	0.00706177
88	0.0748933	0.00586664	0.200947	0.120345	0.00906436	0.0723787	0.0261027	0.0134637	0.0595976	0.0219607	0.0110605	0.0774418	0.0311259	0.0555916	0.047947	0.0973639	0.0479925	0.017983	0.00261913	0.0062545
89	0.0940625	0.00645472	0.148254	0.163805	0.0098781	0.0300095	0.0234133	0.0158536	0.0836894	0.0243604	0.0137884	0.0569087	0.0204862	0.0792083	0.0654905	0.0745603	0.0588957	0.0234287	0.00162963	0.00582381
90	0.296585	0.036495	0.00565301	0.00766775	0.01491	0.0357599	0.00717645	0.0892311	0.00626916	0.0647512	0.0503629	0.014351	0.00197273	0.0168014	0.00599472	0.0600949	0.155894	0.119904	0.00199563	0.00812944
91	0.0538692	0.0088263	0.140281	0.0477204	0.00871726	0.338162	0.0192249	0.00858082	0.0433446	0.0135926	0.00568006	0.091823	0.0278088	0.0239523	0.0377793	0.0843611	0.0247175	0.0115927	0.00562281	0.00434387
92	0.0123425	0.00443332	0.0266308	0.0455153	0.00483205	0.00503541	0.107256	0.018699	0.005134	0.0588057	0.00789871	0.0715194	0.00255257	0.360839	0.0854852	0.0414164	0.128314	0.00836004	0.00159016	0.00333992
93	0.00731122	0.0141356	0.00133513	0.00101163	0.0547015	0.00409515	0.00142047	0.0825658	0.00296883	0.629305	0.138741	0.00175377	0.000739377	0.00181618	0.00299576	0.00314819	0.0159834	0.0301574	0.000626768	0.00518808
94	0.0175042	0.0123109	0.00194416	0.0021582	0.0578573	0.00475302	0.00359278	0.13805	0.00615168	0.50984	0.113796	0.00428768	0.00106128	0.00664329	0.00616307	0.00720564	0.0174021	0.074872	0.00264461	0.0117616
95	0.10134	0.00173434	0.335067	0.29843	0.00207248	0.0153993	0.00208479	0.00353765	0.0353881	0.00898662	0.00206748	0.0528969	0.0147207	0.0492808	0.00202785	0.0616747	0.00446824	0.00637501	0.00076176	0.00168647
96	0.108721	0.0259897	0.0292187	0.0459378	0.0430835	0.0223047	0.0429809	0.0712141	0.00436321	0.125773	0.0900505	0.0436826	0.00211957	0.120358	0.0238317	0.0750485	0.0701991	0.0350646	0.00339385	0.0166641
97	0.133283	0.0138928	0.065016	0.0174137	0.0100481	0.412274	0.00970549	0.0142383	0.0244174	0.0141159	0.00733846	0.0653057	0.0134872	0.0129314	0.0260323	0.0987645	0.0338119	0.016689	0.00616994	0.00506505
98	0.0216338	0.0143334	0.00272685	0.0116596	0.404506	0.0131912	0.0227924	0.0442745	0.00480148	0.0390431	0.0150096	0.00565985	0.0096694	0.0129663	0.0122365	0.0253563	0.0267001	0.070114	0.0036479	0.239677
99	0.124271	0.0118966	0.0567093	0.0725003	0.00812797	0.0334923	0.0225207	0.0211294	0.144479	0.047967	0.0178612	0.0405901	0.0217125	0.0599629	0.154721	0.086901	0.0403364	0.0194153	0.00781556	0.00759127
100	0.0770417	0.00113663	0.0929666	0.114396	0.00779344	0.0287825	0.0255289	0.0115916	0.13752	0.0228694	0.0132375	0.0630185	0.0408055	0.0883313	0.13824	0.0709131	0.0407979	0.0217512	0.000970495	0.0023079
101	0.101769	0.00171042	0.334796	0.29892	0.0020758	0.0152113	0.00207876	0.00352265	0.0349944	0.00894494	0.00209988	0.0524702	0.0148662	0.0493492	0.00201665	0.0618017	0.0044433	0.00647754	0.000768733	0.00168383
102	0.00479888	0.000555981	0.00127693	0.000340497	0.0330551	0.000612757	0.00243515	0.368239	0.0010609	0.29401	0.0536979	0.000592183	0.000219394	0.000443807	0.00166797	0.00346835	0.00998969	0.213924	0.00217618	0.0074352
103	0.0757375	0.000832119	0.094523	0.116754	0.00928629	0.0295762	0.0267368	0.0119752	0.146526	0.0245781	0.0155415	0.0621509	0.00947385	0.0985193	0.139536	0.0775126	0.0390438	0.0198702	0.000503396	0.00132388
104	0.0757375	0.000832119	0.094523	0.116754	0.00928629	0.0295762	0.0267368	0.0119752	0.146526	0.0245781	0.0155415	0.0621509	0.00947385	0.0985193	0.139536	0.0775126	0.0390438	0.0198702	0.000503396	0.00132388
105	0.0180322	0.0020729	0.0013706	0.000434568	0.0319796	0.00247332	0.00268541	0.339762	0.00396324	0.27168	0.0530491	0.0014128	0.00102919	0.00264676	0.00341495	0.00566756	0.0148556	0.23252	0.00238617	0.00856478
106	0.0745034	0.00851374	0.000995153	0.00089205	0.0375053	0.00265752	0.00536562	0.182189	0.033969	0.26519	0.0952176	0.00834261	0.00164535	0.0235256	0.0221103	0.0172619	0.018617	0.179463	0.000531573	0.0215046
107	0.0571757	0.00600024	0.0413069	0.0528645	0.00813382	0.0232433	0.023057	0.0104336	0.288133	0.0141564	0.0209888	0.0522312	0.0066919	0.0703752	0.215263	0.0600765	0.0324051	0.0134417	0.000775716	0.00324673
108	0.0509969	0.00340851	0.0121953	0.0104551	0.00422591	0.029384	0.0127112	0.0124175	0.00890205	0.00950078	0.0112827	0.0669122	0.0159562	0.0108705	0.003496	0.147413	0.540867	0.0446706	0.000989377	0.00334535
109	0.0178131	0.017302	0.00149747	0.00122404	0.100158	0.00649486	0.00196483	0.0734382	0.00449024	0.528332	0.143116	0.002329	0.000885477	0.00246745	0.00492311	0.00661217	0.0186294	0.0344624	0.00531768	0.0285425
110	0.00832505	0.0160502	0.00140275	0.00108159	0.0593237	0.00426039	0.00141254	0.0796456	0.00275755	0.622531	0.141914	0.00174744	0.000818088	0.00173331	0.00290191	0.00327284	0.0163524	0.0276671	0.00073748	0.00606496
111	0.0293004	0.00646588	0.00195233	0.00159772	0.0699837	0.00375229	0.00430662	0.266016	0.00963343	0.265223	0.0612584	0.00308083	0.0011231	0.0055259	0.00714565	0.00993766	0.0220716	0.202557	0.00430893	0.0247589
112	0.0799132	0.0156826	0.0388576	0.0230852	0.00625835	0.0224995	0.0199596	0.0182946	0.0246204	0.0165899	0.0185376	0.0388513	0.0228891	0.0222105	0.0218974	0.258797	0.309288	0.033495	0.00116791	0.00710596
113	0.252605	0.024459	0.00725071	0.0110908	0.0164075	0.0472185	0.00698589	0.119925	0.014084	0.0681225	0.0304059	0.0115139	0.00850973	0.013573	0.0112802	0.0484467	0.103078	0.193522	0.00181911	0.009703
114	0.102387	0.014308	0.0185084	0.0162179	0.0145682	0.0239117	0.0153824	0.0409242	0.0153928	0.0335001	0.0187224	0.0396298	0.0102383	0.0203604	0.011934	0.122007	0.402923	0.0685535	0.00229022	0.00824088
115	0.00544415	0.000664689	0.00125648	0.000356939	0.0335678	0.000626777	0.00248658	0.364398	0.00153363	0.294336	0.0553092	0.000683313	0.000213354	0.000759963	0.00198228	0.00374334	0.00936217	0.213491	0.00207174	0.00771231
116	0.0927058	0.00700217	0.0876797	0.0505008	0.00566563	0.0727027	0.0316615	0.0115034	0.082849	0.0274393	0.00713273	0.0608677	0.153071	0.0264823	0.0851135	0.107079	0.0503258	0.0223396	0.00486848	0.0130096
117	0.0893326	0.00460298	0.099845	0.0580073	0.00194311	0.0602734	0.0324084	0.00838796	0.0926535	0.0225943	0.00645897	0.0642203	0.182036	0.028233	0.0799103	0.082691	0.0484689	0.0216995	0.00461	0.011623
118	0.0754745	0.000833668	0.0973737	0.119374	0.00926148	0.029459	0.0264632	0.0117991	0.145443	0.0243018	0.0153073	0.0631169	0.00947957	0.097713	0.137249	0.0771482	0.0387251	0.019577	0.000519194	0.00138161
119	0.0172405	0.0021711	0.00124719	0.000464004	0.0290453	0.00103978	0.00226831	0.341065	0.00319741	0.256036	0.0506487	0.00115296	0.00135403	0.00210075	0.00292629	0.00507486	0.0150441	0.258733	0.00187458	0.00731624
120	0.0759015	0.000893384	0.094273	0.116029	0.00931334	0.0297835	0.0270489	0.0120317	0.146146	0.0248622	0.0156215	0.0620312	0.00980794	0.0979541	0.139671	0.0776172	0.0390821	0.0200105	0.000532718	0.00138937
121	0.0757886	0.000836549	0.0944616	0.116714	0.00928141	0.0296222	0.0267355	0.0119866	0.146538	0.024604	0.0155514	0.0621318	0.009486	0.0984444	0.139464	0.0775845	0.0390702	0.0198671	0.000506059	0.00132625
122	0.00511646	0.000662846	0.00125523	0.000338188	0.0332437	0.000637863	0.00244721	0.366392	0.00134456	0.29414	0.0545955	0.000649701	0.000227457	0.000614488	0.00178587	0.00356836	0.0093003	0.214011	0.00206943	0.00760005
123	0.0782422	0.00116652	0.0895625	0.110503	0.00832612	0.0270879	0.0276224	0.0141426	0.147193	0.0287825	0.0168439	0.0600308	0.0097957	0.0904874	0.127488	0.0768159	0.0527503	0.0309004	0.000609766	0.00164879
124	0.0156235	0.0124691	0.00224774	0.0128952	0.432343	0.0127932	0.0268981	0.0422357	0.00328895	0.00650471	0.00458096	0.00466178	0.0106816	0.0133485	0.012217	0.0254006	0.0263801	0.0706321	0.000933524	0.263865
125	0.0481388	0.00590992	0.000762863	0.000702114	0.00328764	0.00176382	0.000951699	0.332319	0.00162743	0.0591404	0.012608	0.0010418	0.00494279	0.00162953	0.00180253	0.00724967	0.0256489	0.488551	0.000380336	0.00154223
126	0.0454065	0.00337761	0.245664	0.0413941	0.00530207	0.036452	0.0513569	0.015179	0.0270763	0.0155645	0.00479499	0.172322	0.00645915	0.0284548	0.0088963	0.219184	0.0610328	0.00775763	0.00117321	0.0031523
127	0.166597	0.298523	0.0101459	0.00855901	0.0121867	0.0159748	0.009907	0.0250276	0.0120773	0.0246761	0.0523281	0.0133193	0.00565073	0.0122876	0.0136521	0.0324496	0.241219	0.0337529	0.0032989	0.0083678
128	0.0660633	0.00864009	0.0404514	0.0468189	0.0118521	0.0331593	0.0222676	0.0203979	0.278759	0.0277723	0.0268216	0.0582916	0.0166519	0.0573073	0.148625	0.0576013	0.0440686	0.0252036	0.00176092	0.00748619
129	0.115698	0.00871928	0.00176012	0.00161536	0.00289398	0.00578518	0.00198864	0.268566	0.00401337	0.0558154	0.0132755	0.00326893	0.0133878	0.00454537	0.00428635	0.0189548	0.0567273	0.416424	0.000698387	0.0015767
130	0.00471216	0.000593371	0.0012663	0.000354213	0.0327835	0.000628945	0.00239139	0.372316	0.001073	0.291839	0.0537992	0.000618309	0.000256269	0.000478804	0.00164215	0.00346983	0.00962082	0.212692	0.00205196	0.0074133
131	0.0669015	0.0078348	0.00087663	0.000774649	0.00155538	0.00294193	0.000896103	0.294724	0.00287436	0.0565563	0.0116256	0.00128389	0.0078274	0.00277575	0.00286318	0.00941835	0.030561	0.496262	0.000297146	0.00115023
132	0.0171758	0.01264	0.00219667	0.0120102	0.431585	0.0125478	0.0240339	0.041685	0.00344704	0.0177779	0.00791242	0.00451657	0.0101516	0.0128175	0.0118649	0.0250136	0.0258402	0.0692568	0.00211418	0.255413
133	0.0699306	0.0321023	0.00239058	0.0024631	0.229966	0.020274	0.00387689	0.037312	0.00841184	0.276969	0.0727687	0.00527788	0.00131779	0.00454099	0.00875127	0.0190126	0.0334625	0.0601077	0.0192982	0.0917663
134	0.0646047	0.0108175	0.0156399	0.0107325	0.00849247	0.0421855	0.0101211	0.0157116	0.0200801	0.016301	0.00979442	0.0854766	0.267172	0.0110561	0.0146778	0.0987302	0.206263	0.0801523	0.00263526	0.0093559
135	0.159968	0.0086073	0.0106636	0.0137172	0.00472431	0.016411	0.00815549	0.0291764	0.00811195	0.0173111	0.0178327	0.0384978	0.00464696	0.014864	0.00385839	0.12685	0.441696	0.0707945	0.000871329	0.00324217
136	0.351835	0.0446772	0.00144236	0.00149714	0.00572952	0.0396305	0.00160486	0.0864704	0.00176768	0.051582	0.0332148	0.00728982	0.00156439	0.00249115	0.00191478	0.056445	0.168434	0.136283	0.000678333	0.00544811
137	0.0763948	0.0101462	0.0205427	0.0236997	0.00821552	0.0418303	0.036712	0.0129548	0.234457	0.0295744	0.0262457	0.0657461	0.0186784	0.0300873	0.20763	0.071691	0.041065	0.0284459	0.00274662	0.013137
138	0.121496	0.0355507	0.0210876	0.0408196	0.0511577	0.0272483	0.0363866	0.0544436	0.00310461	0.128342	0.112716	0.0401084	0.00188287	0.114958	0.0183401	0.0840693	0.0530696	0.0376738	0.00316227	0.0143831
139	0.111817	0.00975814	0.0040561	0.00395957	0.00540242	0.00727249	0.00332165	0.190501	0.00622446	0.0495076	0.0163197	0.00592757	0.00813148	0.00577407	0.00596858	0.0197038	0.0946951	0.446846	0.0010488	0.00376436
140	0.0775738	0.00121225	0.0919111	0.113843	0.00896445	0.0319685	0.0262687	0.0122223	0.145266	0.0253555	0.0157774	0.0611022	0.0108367	0.0958819	0.137561	0.0811511	0.0405992	0.0201052	0.000653286	0.00174595
141	0.0510196	0.0229438	0.001841	0.00249822	0.269175	0.0167988	0.00419035	0.0406201	0.00910463	0.232126	0.0708111	0.00458663	0.00147442	0.00405097	0.0105237	0.020265	0.0286463	0.0658103	0.0222268	0.121287
142	0.0537463	0.0236848	0.00186864	0.00197597	0.25176	0.0174305	0.00333717	0.0420839	0.0097163	0.245625	0.0726737	0.00488945	0.00107667	0.00370533	0.0106944	0.0208175	0.0297643	0.065272	0.0244407	0.115438
143	0.0897568	0.00478217	0.098431	0.058045	0.0022905	0.060094	0.0324346	0.00871028	0.0915163	0.0224562	0.0062814	0.0648412	0.180551	0.0291746	0.0810715	0.0830468	0.0482479	0.0216442	0.00478565	0.0118389
144	0.0685545	0.00719247	0.000880871	0.000783995	0.00178984	0.00284806	0.000953413	0.290686	0.002744	0.0554327	0.0129902	0.0012556	0.00887515	0.0030619	0.00297918	0.0113802	0.0347444	0.491183	0.000273884	0.00139001
145	0.0502728	0.0233425	0.00204298	0.00195294	0.244071	0.0167112	0.00364104	0.0465607	0.012034	0.248355	0.0706064	0.00618954	0.00125473	0.00476723	0.0124978	0.0211886	0.0292823	0.0630853	0.0260543	0.11609
146	0.0912976	0.00233653	0.0856101	0.119917	0.00959958	0.0262173	0.024986	0.0152397	0.144474	0.0289909	0.0149049	0.0545778	0.0085669	0.0979234	0.138003	0.0764708	0.0372563	0.0198225	0.00142674	0.00237973
147	0.0102821	0.00849708	0.00133712	0.000791563	0.0500221	0.00237627	0.00209754	0.213119	0.0049505	0.439272	0.119539	0.00185435	0.000569533	0.00297856	0.00476858	0.00423584	0.0128839	0.111475	0.00123825	0.00771244
148	0.0244469	0.00625571	0.0398378	0.0514209	0.00920898	0.00922225	0.107061	0.0222312	0.0217563	0.0542579	0.0137138	0.0914846	0.00337531	0.339345	0.0356075	0.0516433	0.101493	0.0109637	0.0017839	0.00489098
149	0.453226	0.0149562	0.0067631	0.015593	0.00651027	0.24235	0.0062073	0.0168378	0.0164956	0.00838284	0.00727539	0.0143942	0.00333981	0.0147785	0.0200574	0.106014	0.0246999	0.0158323	0.00161996	0.0046661
150	0.0414995	0.00875326	0.002934	0.00788848	0.0073587	0.0216858	0.0189214	0.00838944	0.424389	0.00386496	0.0277961	0.0522416	0.00155823	0.0472823	0.245661	0.0396628	0.0281875	0.00774765	0.000495896	0.00368295
151	0.0495562	0.0095748	0.00193997	0.0011829	0.0415984	0.00268725	0.00520608	0.160337	0.0328821	0.343329	0.118352	0.0107984	0.00122746	0.0197703	0.0242991	0.012697	0.0158498	0.129513	0.00136408	0.0178347
152	0.0782265	0.0195405	0.0390835	0.0212223	0.00300811	0.0166226	0.0138861	0.0127541	0.019775	0.00525859	0.0126948	0.0151788	0.0435874	0.00564003	0.0146944	0.424573	0.228431	0.0149961	0.00084844	0.00997862
153	0.0713017	0.0145849	0.0361619	0.0514091	0.0255152	0.0190242	0.07191	0.0423668	0.0433882	0.0778003	0.059945	0.0552299	0.00543019	0.189906	0.0492091	0.0662131	0.0765841	0.0292789	0.00378466	0.0109566
154	0.113816	0.0116268	0.0260717	0.0323314	0.0204192	0.118578	0.0322831	0.0253691	0.0664614	0.0482229	0.00849264	0.0657492	0.0453039	0.0160706	0.107714	0.157858	0.0492572	0.0253518	0.00638017	0.0226431
155	0.228588	0.00584759	0.0111682	0.0568856	0.0680132	0.0102683	0.089841	0.00992128	0.0973283	0.0320061	0.007741	0.0119008	0.00302023	0.116218	0.086125	0.0389573	0.0152603	0.0669704	0.00249498	0.0414443
156	0.0666735	0.00946949	0.0429687	0.0514277	0.0138853	0.0371707	0.0274111	0.0258799	0.174457	0.040706	0.0223596	0.0518365	0.0232883	0.0653094	0.197038	0.0663537	0.043639	0.0292893	0.00278763	0.00804914
157	0.0781692	0.00941544	0.0707363	0.086615	0.0360659	0.0192126	0.0250936	0.0472803	0.0348682	0.0314058	0.0197493	0.15653	0.00634708	0.0784207	0.0334571	0.0622427	0.163571	0.0285852	0.00283884	0.00939567
158	0.0425904	0.00943449	0.00163905	0.00651944	0.00726575	0.0188125	0.0196817	0.00896473	0.428061	0.00306685	0.0297954	0.0556127	0.00111593	0.0446437	0.241735	0.0413622	0.0278492	0.00772002	0.00062639	0.00350265
159	0.317516	0.0355067	0.0026342	0.00334603	0.00597823	0.0291873	0.00228267	0.0889304	0.00268042	0.0518068	0.0392931	0.0117694	0.00109259	0.0046673	0.00183208	0.0691155	0.184728	0.142522	0.000661907	0.00444968
160	0.160302	0.00374281	0.0300699	0.0326758	0.00335824	0.00649438	0.0180506	0.0361667	0.0229406	0.0179766	0.0422667	0.046582	0.00228697	0.0331935	0.00734323	0.122788	0.291207	0.119231	0.000784394	0.00253851
161	0.0907391	0.00190565	0.325153	0.275592	0.00263474	0.0168085	0.00350151	0.0041877	0.050395	0.0110576	0.00273233	0.0706872	0.012313	0.0484971	0.00662356	0.0626619	0.00628564	0.00565803	0.000758396	0.00180802
162	0.075928	0.000877229	0.0941337	0.116353	0.00923929	0.0298158	0.0266648	0.0120367	0.146526	0.0248635	0.0156092	0.062064	0.00954241	0.0980714	0.139144	0.0779783	0.0393251	0.0199345	0.00053461	0.00135801
163	0.0181138	0.0129077	0.0022872	0.011934	0.420516	0.0133968	0.0234645	0.0425376	0.00390804	0.0219657	0.00893106	0.00509583	0.0103114	0.0127211	0.011934	0.0252791	0.0257761	0.0700016	0.00288559	0.256033
164	0.0395127	0.00942262	0.00247648	0.00684014	0.00685428	0.0195384	0.0199007	0.00869965	0.419452	0.00361627	0.0273934	0.050919	0.00138589	0.0468643	0.256655	0.0417522	0.0269288	0.00768416	0.000592703	0.0035109
165	0.0757375	0.000832119	0.094523	0.116754	0.00928629	0.0295762	0.0267368	0.0119752	0.146526	0.0245781	0.0155415	0.0621509	0.00947385	0.0985193	0.139536	0.0775126	0.0390438	0.0198702	0.000503396	0.00132388
166	0.101629	0.0137323	0.0319514	0.0375692	0.0174106	0.0885676	0.0382755	0.0221451	0.0767319	0.0512766	0.0105169	0.0620092	0.0443777	0.0216327	0.123017	0.150332	0.0524861	0.0285454	0.00635264	0.0214416
167	0.277775	0.0105161	0.00573171	0.0074413	0.00685185	0.332868	0.00539427	0.0539566	0.0274442	0.0506921	0.0088664	0.00823708	0.00319066	0.0282836	0.00940339	0.0552952	0.0225727	0.0784071	0.00223399	0.00483791
168	0.0349434	0.00654084	0.000830671	0.000827242	0.00446907	0.00154379	0.00102131	0.337298	0.00137734	0.0342427	0.0145614	0.0013427	0.00348005	0.0014117	0.00145729	0.00580476	0.0239065	0.520113	0.000380224	0.00444802
169	0.00613138	0.0139225	0.00135081	0.000991083	0.0546038	0.00408141	0.00137433	0.0827367	0.00269523	0.633813	0.13861	0.00165729	0.000739427	0.00155732	0.00278886	0.00288826	0.0158683	0.0286939	0.000628287	0.00486828
170	0.0143174	0.00260752	0.0012828	0.000598477	0.0562617	0.00168018	0.00259722	0.324412	0.00440423	0.285669	0.0603896	0.00143191	0.000351881	0.00246651	0.00387469	0.00554217	0.0115074	0.202243	0.00319522	0.0151671
171	0.0962644	0.0379747	0.0289438	0.0170257	0.00387297	0.015935	0.0121998	0.0124354	0.0166779	0.00962325	0.0120982	0.0132441	0.0314993	0.00638034	0.0125093	0.403612	0.241128	0.0186634	0.000923003	0.00898864
172	0.0647946	0.0140057	0.041546	0.0194559	0.00408927	0.0188974	0.0154477	0.0132036	0.01615	0.00659839	0.0124716	0.0264172	0.0267501	0.00992406	0.0109448	0.335779	0.334155	0.0206907	0.000868979	0.00780949
173	0.0767289	0.00392785	0.100515	0.0932232	0.00826599	0.0551757	0.0290172	0.0127422	0.117799	0.0269528	0.0128849	0.0712655	0.0412958	0.0764961	0.12012	0.0831401	0.042392	0.0207926	0.00203134	0.00523466
174	0.0207817	0.00280116	0.00108084	0.00044834	0.0216587	0.00106241	0.00191472	0.350007	0.00171072	0.203415	0.0377716	0.000812854	0.00194742	0.00116654	0.00188199	0.00462177	0.0155355	0.324715	0.00151591	0.00515126
175	0.249729	0.0280529	0.0061295	0.00703972	0.00436051	0.0349344	0.00475365	0.0667277	0.00579387	0.0361103	0.0265126	0.0178166	0.00560117	0.00760503	0.00404297	0.127465	0.24751	0.114817	0.000801886	0.00419645
176	0.541727	0.0162931	0.00420527	0.016816	0.0040189	0.191331	0.00574389	0.0143654	0.0142784	0.00427222	0.00727042	0.0103059	0.000939587	0.0138404	0.0103221	0.0990419	0.0292336	0.0117101	0.000596157	0.00368871
177	0.081354	0.0575633	0.0212611	0.0250997	0.0217754	0.0388504	0.0260502	0.0318913	0.14861	0.041831	0.02875	0.0412673	0.0219254	0.045728	0.197501	0.0635291	0.0540316	0.0322635	0.00482558	0.0158923
178	0.0560977	0.00409655	0.226813	0.0521997	0.0060005	0.0391274	0.065766	0.0147977	0.039041	0.0212576	0.0077587	0.138369	0.019346	0.0394335	0.0280101	0.170067	0.0540576	0.0113432	0.00161079	0.00480687
179	0.0160123	0.012547	0.00222951	0.0124561	0.433728	0.0127266	0.0252269	0.0424645	0.0033	0.0087245	0.00567905	0.00453752	0.0106828	0.0131994	0.0116932	0.0251951	0.0258746	0.0701976	0.00124065	0.262284
180	0.0871607	0.0104134	0.0721281	0.0493661	0.00502274	0.0500333	0.0283884	0.0148721	0.0913329	0.0259779	0.00901676	0.0575613	0.178867	0.0262425	0.0751557	0.108772	0.0622566	0.029644	0.00403695	0.0137516
181	0.0264082	0.013246	0.0913222	0.00324365	0.0107414	0.636266	0.00279169	0.00519079	0.0139227	0.00517346	0.00389977	0.0997183	0.00172719	0.00409059	0.0122716	0.0444354	0.00758623	0.00665149	0.00851932	0.00279397
182	0.0509965	0.00691656	0.00164107	0.00196465	0.0132726	0.00306868	0.00245428	0.308165	0.00283694	0.0847922	0.0192762	0.00230003	0.00501992	0.0030031	0.00323683	0.0102841	0.0446132	0.427941	0.00184435	0.006373
183	0.0452155	0.00798441	0.0496373	0.0212408	0.00387627	0.0345112	0.024754	0.0118383	0.0137785	0.00709961	0.00883729	0.0468276	0.0139905	0.0147916	0.00879915	0.271453	0.390947	0.0184017	0.00105996	0.00495613
184	0.110594	0.0240961	0.024025	0.0450366	0.0466706	0.022666	0.065883	0.0620715	0.00649407	0.12658	0.0861145	0.0458322	0.00262593	0.10658	0.0296418	0.0725965	0.0686412	0.0282962	0.00402756	0.0215273
185	0.0402197	0.00575389	0.00175241	0.00166114	0.0183751	0.00257005	0.00263505	0.314511	0.00342354	0.125952	0.0290367	0.00240668	0.00382318	0.00342129	0.00357157	0.0102239	0.0266526	0.394719	0.00156764	0.00772339
186	0.00459863	0.000550339	0.00125387	0.000339203	0.0331481	0.000611015	0.00240125	0.368801	0.00106824	0.29404	0.0539375	0.000587295	0.000219919	0.000435981	0.00163889	0.00344461	0.00923633	0.214187	0.00208317	0.00741843
187	0.0661881	0.00920071	0.0510643	0.064019	0.0236142	0.0245294	0.0598364	0.0314292	0.0572917	0.0540161	0.0207452	0.0605032	0.0130287	0.216423	0.0659003	0.062302	0.0766858	0.0268233	0.00279939	0.0136002
188	0.0668677	0.00836797	0.00102768	0.000870995	0.0383667	0.0026038	0.00504189	0.197531	0.0297206	0.260856	0.0916807	0.00729328	0.00158016	0.0207259	0.0197717	0.0150609	0.0174846	0.19238	0.000706094	0.0220614
189	0.0296698	0.0151043	0.0910808	0.00481074	0.0107663	0.602426	0.00613942	0.00581399	0.0151459	0.00693096	0.00419381	0.0962857	0.00446363	0.0056576	0.0143429	0.054668	0.0133474	0.00733003	0.00819245	0.00363064
190	0.0997154	0.00907498	0.0016	0.00114775	0.00824075	0.00478003	0.00161952	0.229139	0.00708089	0.119569	0.0211393	0.00254322	0.00933685	0.00670049	0.00593528	0.0123764	0.0513348	0.404002	0.00157584	0.0030891
191	0.0969399	0.0134588	0.0712845	0.0501244	0.00688494	0.0501382	0.0262472	0.0171754	0.0792712	0.0269275	0.00850003	0.0714207	0.207462	0.0280426	0.0682483	0.0748049	0.0514552	0.0331362	0.00399224	0.0144861
192	0.0811368	0.020442	0.0356382	0.0208406	0.00323684	0.0191986	0.0147659	0.0133404	0.0213471	0.00503434	0.0133132	0.013955	0.0436125	0.00558873	0.0174782	0.424466	0.219567	0.0156724	0.000735371	0.0106307
