849	20
1	0.0149096	0.0200717	0.00143356	0.00224455	0.478528	0.00180169	0.0109301	0.076527	0.00208407	0.179034	0.0980102	0.0103939	0.000897132	0.00718166	0.00235393	0.0201373	0.0218234	0.0216384	0.00275417	0.027246
2	0.0406355	0.000764034	0.0278619	0.0592115	0.00179844	0.00721415	0.0194679	0.000823038	0.364793	0.00735834	0.00307016	0.0761042	0.00213578	0.077794	0.217548	0.0484905	0.0409603	0.00199388	0.000509288	0.00146679
3	0.0111728	0.00120911	0.00638071	0.00437071	0.00262609	0.00505061	0.00414247	0.00577871	0.537106	0.0152305	0.00378745	0.00955076	0.00256638	0.0201997	0.305617	0.0355634	0.00703103	0.020702	0.000720622	0.0011943
4	0.00585987	0.000731848	0.000368612	0.000823618	0.00710991	0.000458935	0.0005049	0.350323	0.000869082	0.246656	0.0149417	0.00282459	0.00357688	0.000663585	0.00709701	0.000958785	0.00509555	0.347978	0.000715624	0.00244208
5	0.00637815	0.00256278	0.00049101	0.000691863	0.00857744	0.000706292	0.000618762	0.0128131	0.000707373	0.880746	0.0549311	0.00411104	0.00261791	0.00142131	0.00552881	0.00220016	0.00137105	0.00918972	0.00258877	0.00174773
6	0.146403	0.036663	0.000585383	0.00073891	0.000416566	0.00166054	0.00050002	0.190148	0.000788533	0.013553	0.00317914	0.00151863	0.00032314	0.000776403	0.000848554	0.0128732	0.0051216	0.582499	0.000222742	0.00118049
7	0.86524	0.00687672	0.00090041	0.00252706	0.0012362	0.0196804	0.00459541	0.00294262	0.0025806	0.00293565	0.00150167	0.00146257	0.00271335	0.00306274	0.00354159	0.0590659	0.0108168	0.00674864	0.000481196	0.00109027
8	0.00665042	0.000795867	0.0206617	0.00171003	0.00576949	0.00209904	0.00829749	0.00130915	0.00519884	0.00209651	0.00282622	0.910522	0.00267407	0.00188664	0.00512043	0.0169988	0.00240492	0.00177414	0.000262956	0.000941439
9	0.00177142	0.000121696	0.000224182	0.00137818	0.000184096	0.000251856	0.000223841	0.000246798	0.00464135	0.000380027	0.00132554	0.00471119	0.000151145	0.000311118	0.975463	0.00232821	0.00373963	0.00127152	0.00110386	0.00017151
10	0.0151766	0.000308445	0.00163993	0.00194025	0.000315388	0.945798	0.000858467	0.000832751	0.000390551	0.0022001	0.000250323	0.00317144	0.000207308	0.000372153	0.00303023	0.0220422	0.000811305	0.000405992	9.66653e-05	0.000151568
11	0.00256615	0.000162661	0.00293581	0.966267	0.00021887	0.000614714	0.000264277	0.000328216	0.00152486	0.000455759	0.000348047	0.000408443	0.000166667	0.0111333	0.0055234	0.00448811	0.000577257	0.001734	6.56429e-05	0.000216504
12	0.00569288	0.000794666	0.000566383	0.000798864	0.00652902	0.00165936	0.000563673	0.710182	0.00256563	0.122206	0.0580258	0.000966898	0.0028058	0.000856069	0.000764297	0.00266597	0.00217908	0.0742896	0.00021704	0.00567148
13	0.858268	0.00756696	0.000293981	0.00110282	0.00119455	0.0209709	0.00105447	0.00362326	0.00103014	0.00278179	0.00156131	0.00108934	0.00571842	0.00282771	0.0023759	0.0695538	0.0104079	0.00724043	0.000460679	0.000877665
14	0.0191512	0.0333973	0.00179252	0.0027253	0.49482	0.00257746	0.0232773	0.0762481	0.00279524	0.100983	0.0930176	0.0224541	0.000899227	0.0130449	0.00273157	0.042902	0.0286477	0.00945542	0.000982533	0.0280971
15	0.00177142	0.000121696	0.000224182	0.00137818	0.000184096	0.000251856	0.000223841	0.000246798	0.00464135	0.000380027	0.00132554	0.00471119	0.000151145	0.000311118	0.975463	0.00232821	0.00373963	0.00127152	0.00110386	0.00017151
16	0.579069	0.0125745	0.00272117	0.00643068	0.00221812	0.0399853	0.00161469	0.00415601	0.00390426	0.00569581	0.00366206	0.00668986	0.0167854	0.00670096	0.00344913	0.224707	0.0595858	0.0151736	0.000460952	0.0044155
17	0.388172	0.174717	0.00146679	0.00216992	0.00158931	0.127663	0.00167412	0.0021295	0.00210948	0.108501	0.0176752	0.00225809	0.00112155	0.00238204	0.00240265	0.0104922	0.0666393	0.0851187	0.000529884	0.00118764
18	0.0995107	0.0108302	0.011442	0.0331704	0.0164014	0.0257585	0.101469	0.0131946	0.0430221	0.0125398	0.00495478	0.234706	0.0015308	0.0573471	0.0183288	0.124225	0.13249	0.0195097	0.000447084	0.0391217
19	0.00281216	0.000166267	0.00467168	0.962511	0.000213408	0.000523517	0.000306609	0.000348711	0.00204329	0.000494226	0.000342613	0.0007497	0.000252721	0.0115465	0.00563048	0.00457359	0.000756079	0.00178543	6.66358e-05	0.000205221
20	0.00951897	0.00195891	0.00127057	0.00199707	0.0139478	0.00129881	0.000416936	0.0393069	0.000920581	0.770462	0.107696	0.00460135	0.00491678	0.0040855	0.0063217	0.00407281	0.00266128	0.0225954	0.00106775	0.000882446
21	0.0138934	0.00121964	0.117924	0.0241646	0.000674469	0.500397	0.0294622	0.000713169	0.0380656	0.00221555	0.000678215	0.177426	0.00216523	0.0233188	0.0145813	0.0437354	0.00745762	0.00112973	0.000209342	0.00056817
22	0.025746	0.000706326	0.00116806	0.00407499	0.00672182	0.0013513	0.0010591	0.614668	0.0245496	0.174126	0.0598954	0.00172751	0.0012029	0.00688148	0.00162143	0.0116494	0.00482612	0.0547338	0.000267302	0.00302356
23	0.0272705	0.00449106	0.00264735	0.0350165	0.00154356	0.0323315	0.0310447	0.00230168	0.258507	0.00944273	0.00339033	0.00439676	0.000652847	0.115864	0.337145	0.0494732	0.061845	0.0207269	0.000968207	0.000940944
24	0.0151807	0.00303592	0.0041587	0.00099507	0.000983521	0.0106777	0.000783892	0.00216732	0.000920679	0.0048007	0.00302122	0.00141127	0.00389466	0.00105231	0.000859282	0.161447	0.782225	0.00146705	0.000238701	0.000679167
25	0.0688213	0.0131292	0.000470425	0.00078837	0.00246128	0.00320314	0.000675689	0.185169	0.00104599	0.0336456	0.0139481	0.00185244	0.00037109	0.00172334	0.00157907	0.00771721	0.0153418	0.64617	0.000127098	0.0017602
26	0.56972	0.0672878	0.00139192	0.001914	0.00372468	0.235177	0.00295561	0.00257977	0.00199756	0.00535689	0.00211693	0.00192558	0.00835383	0.00324865	0.00239434	0.0593342	0.0218148	0.00719419	0.000544382	0.000968436
27	0.0018945	0.00047253	0.000912295	0.00063564	0.00141863	0.000581311	0.000181852	0.542299	0.000636936	0.039675	0.00656389	0.000694523	0.000318502	0.00240809	0.000752794	0.000415871	0.00325087	0.396156	0.000410483	0.000321246
28	0.00161136	0.00590461	0.00233981	0.000450236	0.0783463	0.000657495	0.00964498	0.00124859	0.000513913	0.00683866	0.000473338	0.00212072	0.000221719	0.000539488	0.00312357	0.000794523	0.00113862	0.00540664	0.009275	0.86935
29	0.33367	0.016008	0.00128946	0.0044707	0.00105227	0.0333888	0.00138404	0.0028463	0.00355691	0.00907638	0.00386125	0.00735758	0.0850011	0.0222567	0.00232635	0.327731	0.110042	0.0308417	0.000371522	0.0034677
30	0.0118516	0.00234645	0.0749506	0.0876343	0.0392676	0.0066931	0.0841667	0.00457801	0.25294	0.0101275	0.0064161	0.0404559	0.0402961	0.116336	0.0518217	0.00865519	0.00887386	0.00729987	0.00130121	0.143988
31	0.0826303	0.000476463	0.135893	0.422791	0.00140698	0.0201409	0.00598345	0.00439749	0.0618897	0.00749851	0.00613518	0.0231384	0.00313432	0.127555	0.0341541	0.0289362	0.0188312	0.0097549	0.00022624	0.00502651
32	0.0022144	0.000175281	0.950108	0.00691936	0.000202899	0.000732962	0.00381279	0.000312634	0.000371528	0.000497388	0.000274309	0.0151189	0.000145408	0.00412538	0.00154074	0.0100601	0.00277927	0.000378737	5.0046e-05	0.000179813
33	0.0758359	0.0054381	0.0142983	0.0291089	0.00933608	0.00909134	0.0347425	0.0188431	0.134567	0.0138975	0.0280006	0.011137	0.00240653	0.0570328	0.358379	0.0718258	0.0717675	0.0480081	0.000582138	0.00570173
34	0.203153	0.0237771	0.00237581	0.0051862	0.00171868	0.0748721	0.0533193	0.00298639	0.00324327	0.00386845	0.0163282	0.0511181	0.00125792	0.137365	0.0032219	0.388247	0.0216708	0.00373912	0.000806202	0.00174614
35	0.0688687	0.00609052	0.00833124	0.0184278	0.0771367	0.018959	0.0109842	0.12518	0.00664816	0.214533	0.0618695	0.0158944	0.0137545	0.0348633	0.00498715	0.039865	0.0639506	0.161975	0.00965806	0.0380239
36	0.00605598	0.00122256	0.0021838	0.00309172	0.0589228	0.00286887	0.811244	0.00392757	0.00313503	0.00509425	0.00205339	0.0141457	0.00151847	0.0190331	0.00510013	0.00483663	0.00498459	0.00433855	0.00142592	0.044817
37	0.00233641	0.000221317	0.00161401	0.00341689	0.000400861	0.0016006	0.00159286	0.00275408	0.0350166	0.00318444	0.00286591	0.00458447	0.0012249	0.00158276	0.916607	0.00324088	0.00713678	0.00932283	0.000930012	0.000366782
38	0.0433068	0.00269472	0.00427808	0.00702694	0.165761	0.00486581	0.0226412	0.00950248	0.00550373	0.221198	0.0103896	0.0434953	0.00255839	0.117305	0.0253603	0.120176	0.0876212	0.0104513	0.037459	0.0584054
39	0.0375806	0.00430159	0.0325519	0.0349985	0.0226241	0.0298195	0.0233476	0.012571	0.355215	0.0198383	0.0149573	0.0195557	0.00408309	0.0718267	0.18948	0.0408519	0.0290136	0.0441947	0.00172244	0.0114668
40	0.713243	0.0350476	0.000677978	0.00122696	0.00636068	0.0135343	0.00107844	0.00400347	0.00135951	0.00447887	0.00256551	0.00294845	0.00252117	0.00375892	0.00289417	0.174338	0.0165122	0.0108403	0.000466082	0.00214374
41	0.00222384	0.000175281	0.949785	0.00693413	0.000203946	0.000734452	0.00381214	0.000312768	0.000371773	0.000507068	0.000281795	0.0153578	0.000156343	0.00415311	0.00153995	0.0100626	0.00277938	0.000378052	5.00172e-05	0.000180359
42	0.00227443	0.000162667	0.00286563	0.967494	0.000205334	0.000353409	0.000252264	0.000304024	0.00148982	0.000448925	0.000311877	0.000375921	0.00016606	0.010963	0.00545917	0.00434816	0.000542244	0.00173919	6.56418e-05	0.00017811
43	0.530345	0.0231116	0.000749003	0.00206737	0.00163903	0.0133829	0.000909144	0.00162709	0.00111448	0.00192878	0.00224729	0.00223961	0.000667065	0.00346138	0.00424271	0.399469	0.00703531	0.00278039	0.000175674	0.000807111
44	0.00200412	0.0058686	0.00226	0.000452861	0.0856291	0.00100464	0.00984621	0.00139711	0.000509857	0.00721915	0.000590565	0.00222138	0.000249576	0.000665273	0.00303367	0.000886699	0.00152318	0.00567857	0.00916777	0.859792
45	0.0103342	0.0204354	0.00228194	0.0781544	0.00188067	0.00254864	0.0185166	0.0470766	0.0615624	0.197351	0.0772736	0.00357637	0.0261865	0.309141	0.0513449	0.0055849	0.0089022	0.0755416	0.000606716	0.00170043
46	0.00317453	0.000752559	0.000505996	0.000514043	0.00303491	0.000362055	0.00029664	0.6703	0.000994234	0.100425	0.0213766	0.000715891	0.00228905	0.00111375	0.000703895	0.000723773	0.00143384	0.189098	0.000192856	0.00199262
47	0.0107665	0.00039547	0.0696125	0.0066739	0.000492246	0.738358	0.0102936	0.000720245	0.0106277	0.00101043	0.000677921	0.0938017	0.00619434	0.00281767	0.00715286	0.0274099	0.0114685	0.000907179	0.000157588	0.000461298
48	0.107701	0.000671048	0.0768782	0.155653	0.00118064	0.0231638	0.0277076	0.00533587	0.193885	0.0126444	0.00181192	0.0362774	0.0124871	0.0987288	0.152677	0.0480457	0.0351049	0.00921227	7.41042e-05	0.00076001
49	0.111914	0.00268226	0.183387	0.133784	0.00369867	0.097385	0.0204525	0.0129597	0.0533933	0.00784489	0.00800096	0.0580849	0.0247848	0.0475232	0.0200796	0.105729	0.0612161	0.0406382	0.00108397	0.00535753
50	0.119165	0.00114938	0.122723	0.100509	0.00421747	0.0682831	0.0267191	0.00740346	0.0756781	0.00848688	0.00746362	0.0489693	0.0262491	0.0518661	0.0327815	0.174795	0.0943218	0.0237324	0.00151774	0.00396798
51	0.00573136	0.000253153	0.00148487	0.00113298	0.000269814	0.00252686	0.000552067	0.00063382	0.00136443	0.0040312	0.000500882	0.00175671	0.956034	0.00366565	0.00126377	0.0078561	0.00159444	0.00891271	9.70128e-05	0.000338546
52	0.034453	0.00564173	0.00044858	0.000987011	0.00291004	0.00219807	0.000821872	0.274621	0.00146303	0.0933016	0.0176728	0.00196585	0.00120148	0.00212128	0.0017709	0.00643754	0.0327229	0.515952	0.000210984	0.00309879
53	0.166389	0.000939914	0.150124	0.253465	0.000882847	0.0858933	0.00756107	0.00370626	0.050688	0.00345845	0.0130313	0.0130289	0.00924149	0.0984884	0.0497613	0.0731385	0.00924338	0.00817888	0.000251732	0.00252856
54	0.487696	0.0233801	0.00112147	0.00642121	0.00451088	0.0269226	0.00141039	0.00845612	0.00290625	0.0143061	0.00557694	0.00719098	0.0775512	0.0318532	0.00381138	0.158994	0.0844881	0.0479142	0.000620101	0.0048688
55	0.00161136	0.00590461	0.00233981	0.000450236	0.0783463	0.000657495	0.00964498	0.00124859	0.000513913	0.00683866	0.000473338	0.00212072	0.000221719	0.000539488	0.00312357	0.000794523	0.00113862	0.00540664	0.009275	0.86935
56	0.00542471	0.00275293	0.000390654	0.000499524	0.00950058	0.000492733	0.000463863	0.0180559	0.000484716	0.89222	0.0394699	0.0041228	0.00146254	0.00065563	0.00542937	0.00197749	0.00100883	0.0125765	0.00161793	0.00139321
57	0.0546881	0.0151809	0.273722	0.0366778	0.00264068	0.0563128	0.0487437	0.00247347	0.0168609	0.00759594	0.00334512	0.219273	0.00261087	0.041143	0.0216145	0.140374	0.044514	0.0052132	0.000384196	0.00663074
58	0.0246122	0.00222814	0.00304966	0.00414735	0.00534481	0.0204869	0.00323702	0.584586	0.00490513	0.0301119	0.170641	0.00525164	0.0188303	0.00472609	0.00462569	0.0222703	0.0092844	0.0453544	0.000837795	0.0354692
59	0.0659601	0.000946063	0.336718	0.325996	0.000200799	0.0298013	0.010987	0.00350279	0.0392676	0.00560362	0.00399782	0.0352812	0.0262932	0.0388464	0.0184009	0.027698	0.0208631	0.00698172	5.87367e-05	0.00259536
60	0.108029	0.00158684	0.219501	0.298598	0.000568589	0.057076	0.0066942	0.00717913	0.052205	0.00501032	0.0059967	0.0339772	0.0104464	0.0689558	0.0261983	0.0487369	0.0238707	0.0202754	9.24666e-05	0.00500216
61	0.00455024	0.000834317	0.000304539	0.000437807	0.00530742	0.000401199	0.000385798	0.732259	0.00193949	0.135526	0.0368006	0.000461646	0.00249816	0.0004849	0.000392054	0.0011744	0.000884773	0.0718679	8.91766e-05	0.00340053
62	0.0036338	0.000818916	0.000443866	0.000451656	0.00327833	0.000397229	0.000332575	0.718952	0.00113324	0.111685	0.0258425	0.000628747	0.00272047	0.000873494	0.000383142	0.000859535	0.00119387	0.123674	9.76001e-05	0.00259959
63	0.112331	0.000210398	0.101735	0.14595	0.000266818	0.0187285	0.0240242	0.00455573	0.198657	0.00991785	0.000868483	0.0415226	0.00403061	0.0936142	0.16033	0.0496571	0.0262253	0.00704531	0.000105138	0.00022498
64	0.0348677	0.00913675	0.000508074	0.00096666	0.00346505	0.00398726	0.00151208	0.290367	0.00337215	0.0936366	0.028415	0.0027512	0.000716175	0.00484727	0.00269475	0.0139858	0.0645719	0.43635	0.000186704	0.00366144
65	0.714466	0.0710475	0.000700318	0.000977453	0.00211777	0.0158138	0.00127502	0.00325398	0.00153845	0.00507374	0.00210809	0.00202203	0.00157096	0.00191746	0.00234072	0.133428	0.024435	0.0142798	0.000624246	0.00101008
66	0.0168082	0.00129386	0.00257928	0.0120102	0.00159136	0.00200061	0.0119054	0.034842	0.500276	0.192505	0.00380951	0.0044937	0.00130964	0.0526317	0.0713282	0.00399989	0.0142221	0.0703596	0.000505215	0.00152851
67	0.00831602	0.000431213	0.150955	0.0538669	0.000479415	0.377815	0.0438929	0.000777384	0.07108	0.00401967	0.000634199	0.211121	0.00034957	0.0399495	0.00671914	0.0262065	0.0017148	0.00100769	0.000177843	0.000485948
68	0.146067	0.0366221	0.000592604	0.000741055	0.000422395	0.00164484	0.000501453	0.190243	0.000824929	0.0135769	0.00322854	0.00152506	0.000312633	0.000785111	0.000856184	0.0127846	0.00484111	0.583016	0.000205572	0.00120789
69	0.00224481	0.000174685	0.949433	0.0071341	0.000210071	0.000752212	0.00381213	0.000312669	0.000391621	0.000506306	0.000279906	0.0151872	0.000183454	0.00426951	0.00153456	0.010071	0.00287742	0.000393839	5.03166e-05	0.00018095
70	0.289382	0.0189542	0.00205494	0.00410874	0.0750844	0.0175669	0.00371726	0.0449965	0.00260526	0.251638	0.0945493	0.00466232	0.00327846	0.00480882	0.00502365	0.0214975	0.0442332	0.0994192	0.00441216	0.00800681
71	0.00232811	0.000590018	0.00104092	0.000486473	0.00168683	0.000758655	0.000224627	0.564916	0.000534963	0.036709	0.00508927	0.00064308	0.000302559	0.00239622	0.000633067	0.000523983	0.00374186	0.376702	0.000256133	0.000435582
72	0.00311285	0.000709191	0.00111635	0.00177191	0.0205177	0.00157543	0.875254	0.00324028	0.00154822	0.00371688	0.00114691	0.0169592	0.000863561	0.0182806	0.00445665	0.00367946	0.00427426	0.00391472	0.000254018	0.0336082
73	0.025293	0.00825516	0.00102971	0.0028475	0.451057	0.00364183	0.00282586	0.020163	0.00220464	0.323308	0.0432685	0.00243391	0.00277422	0.00294212	0.00267393	0.00521922	0.00760338	0.0222761	0.00672146	0.0634612
74	0.0139225	0.00447299	0.000815859	0.00137507	0.0189885	0.00157717	0.00247421	0.0246486	0.00103972	0.797744	0.0706864	0.00500484	0.0130214	0.00424101	0.00453704	0.00292938	0.00317855	0.0172339	0.00148377	0.0106251
75	0.159442	0.00283804	0.000692345	0.0011492	0.000838973	0.00555952	0.000728278	0.00453582	0.000980966	0.00157396	0.0013528	0.00244874	0.00108796	0.00234135	0.00177543	0.803632	0.00306696	0.00216609	0.000275499	0.00351382
76	0.00249013	0.000162858	0.00327685	0.965729	0.000208746	0.000360087	0.000267379	0.000314491	0.00178317	0.000467516	0.000313041	0.000495451	0.00016632	0.0113866	0.00557373	0.00437257	0.000612564	0.00175196	6.58817e-05	0.000202088
77	0.0203992	0.00322507	0.0528249	0.0121656	0.00289655	0.0214438	0.0352993	0.0035502	0.00652517	0.00468759	0.005127	0.528177	0.00487105	0.0133476	0.0889488	0.17988	0.00860252	0.00487642	0.000596129	0.00255623
78	0.439686	0.00111128	0.0118442	0.0634791	0.00756166	0.0602664	0.00777731	0.00988617	0.0165123	0.0113339	0.00383745	0.00933393	0.072195	0.0286173	0.0141633	0.13158	0.0605023	0.0277425	0.000200719	0.0223702
79	0.0682682	0.000867997	0.284722	0.347522	0.000457873	0.0281102	0.0104126	0.00574815	0.0493186	0.0065585	0.00409495	0.0329446	0.0199804	0.0539188	0.0232269	0.0256911	0.0241247	0.0108742	6.7463e-05	0.00309064
80	0.00718312	0.00243197	0.000746769	0.00126756	0.194986	0.00145131	0.00247492	0.0342599	0.00377657	0.657984	0.0281317	0.00203897	0.00131661	0.00158681	0.00249111	0.00363475	0.00508337	0.0251653	0.00128672	0.0227027
81	0.57787	0.0267287	0.00233787	0.00337397	0.00332073	0.0137468	0.00332275	0.0342465	0.00446332	0.0129074	0.00550394	0.00696717	0.00547621	0.00577756	0.00504778	0.0780669	0.0405961	0.165618	0.00123586	0.00339284
82	0.112809	0.000174293	0.0963317	0.157385	0.000255547	0.0176897	0.0249767	0.00510451	0.192483	0.0114026	0.000842537	0.0369306	0.00472324	0.0978028	0.157194	0.0471057	0.028129	0.00831178	7.55527e-05	0.000273361
83	0.225122	0.000626767	0.013467	0.0912977	0.00143857	0.013804	0.0102733	0.0116895	0.248005	0.0611695	0.0220171	0.0223118	0.0020794	0.0586795	0.15035	0.044782	0.0107858	0.0098139	0.000229557	0.00205656
84	0.130839	0.0984329	0.00125451	0.00163387	0.00229797	0.00263668	0.00123871	0.153961	0.00188402	0.0485808	0.0141341	0.00469646	0.00074658	0.00222805	0.002137	0.0161643	0.0159819	0.498107	0.00033646	0.00270874
85	0.152684	0.000686017	0.0476664	0.308924	0.00116859	0.00639185	0.0131289	0.0378179	0.0418108	0.044983	0.00152229	0.0233209	0.000906781	0.0874168	0.0688058	0.0197095	0.0594076	0.0769533	0.000322378	0.00637369
86	0.0693522	0.000174849	0.159191	0.361442	0.00126247	0.00557928	0.00563128	0.00362073	0.0955459	0.00943456	0.00240486	0.0426164	0.000177683	0.135804	0.0447549	0.0247648	0.0231137	0.0086321	0.000100399	0.00639587
87	0.370032	0.00245616	0.00360648	0.172514	0.00259199	0.00440383	0.0199267	0.00434489	0.00394502	0.00604791	0.00380887	0.26404	0.00246434	0.00487821	0.0412616	0.0771549	0.00719718	0.00548549	0.00109218	0.00274797
88	0.010952	0.00037748	0.0785936	0.00933286	0.000491559	0.707229	0.0123406	0.000678363	0.0137155	0.00119125	0.000670258	0.104281	0.00502849	0.00528297	0.00751865	0.0292656	0.0113425	0.00105391	0.000152496	0.000502499
89	0.00442255	0.000847237	0.000296893	0.00042743	0.00512758	0.000393409	0.000388999	0.732706	0.00181856	0.134444	0.0361151	0.000471352	0.00258417	0.00047602	0.000388517	0.00112636	0.000953308	0.0735896	8.62995e-05	0.00333707
90	0.0779671	0.00517686	0.00105446	0.0391515	0.000763811	0.00131911	0.0057818	0.153326	0.156972	0.0156818	0.0135754	0.00768799	0.000885755	0.0170542	0.0715423	0.00861984	0.234636	0.187585	0.000296754	0.000922958
91	0.0165589	0.0076145	0.00166946	0.00478524	0.425065	0.00264361	0.00239526	0.0115061	0.00446105	0.208307	0.117736	0.00260352	0.00122959	0.00343772	0.00529313	0.013597	0.0117131	0.0366349	0.0559719	0.0667768
92	0.00183043	0.000567272	0.00102178	0.000463857	0.00141324	0.0006898	0.00018311	0.564483	0.000482779	0.033907	0.0051362	0.000583129	0.000285542	0.00250339	0.000475713	0.000448698	0.00345881	0.381487	0.000239042	0.000340934
93	0.00894042	9.75585e-05	0.000999776	0.00124798	0.000113546	0.969876	0.000744106	0.000798118	0.000216633	0.00150584	0.000151455	0.00189447	0.000101006	0.000227919	0.00241946	0.00976596	0.000527369	0.000226933	4.26856e-05	0.00010314
94	0.00552302	0.00022236	0.0007296	0.000769178	0.000244003	0.00160292	0.000312156	0.00047637	0.000768715	0.00384009	0.000374144	0.0012269	0.963864	0.00219374	0.000917185	0.00638515	0.00072326	0.00946341	8.98689e-05	0.000274268
95	0.0611138	0.00726186	0.0263222	0.0528718	0.00551713	0.012501	0.0310567	0.00101899	0.102784	0.0127574	0.00405523	0.0325512	0.0583093	0.0107236	0.144095	0.271019	0.15	0.0151699	0.000234517	0.00063636
96	0.220299	0.0211959	0.00114223	0.00194294	0.0870045	0.0163695	0.00201863	0.0479239	0.00175707	0.287207	0.115543	0.00233092	0.00176076	0.00186919	0.00428153	0.011802	0.0430068	0.124318	0.00500763	0.00322046
97	0.00915036	0.000109874	0.00127193	0.00131976	0.000112943	0.967154	0.000765789	0.000801507	0.0002658	0.00154294	0.000164431	0.00240099	0.000137456	0.000228925	0.00249232	0.0110131	0.000666792	0.000246159	4.94977e-05	0.000104942
98	0.00873499	0.00186625	0.508066	0.0347773	0.00127726	0.00991532	0.0148923	0.00327113	0.0122683	0.0173934	0.00746737	0.264579	0.00685304	0.0294368	0.00819746	0.0544042	0.00926347	0.00473009	0.000380161	0.00222594
99	0.00597955	0.000514666	0.000858757	0.00109035	0.000596962	0.000964566	0.000832521	0.000966417	0.960408	0.00512445	0.000823417	0.00101015	0.00326177	0.00389855	0.00737296	0.00239173	0.00144824	0.00175982	0.000197757	0.000499023
100	0.0573847	0.0108276	0.000578603	0.000916352	0.00216811	0.00500773	0.000859182	0.176253	0.00682465	0.065978	0.0187659	0.00197542	0.000302419	0.0030004	0.00208772	0.0300778	0.1211	0.491444	0.000154181	0.00429402
101	0.197256	0.00158833	0.0141699	0.075952	0.0126654	0.00594735	0.00516081	0.0517414	0.0543573	0.0555851	0.0280325	0.0647787	0.004525	0.0841241	0.0552001	0.159265	0.10895	0.0186347	0.000416614	0.00164999
102	0.888572	0.00376207	0.000287436	0.000985734	0.000480683	0.021978	0.00114802	0.00240802	0.0011409	0.00198718	0.00101198	0.000346163	0.00235067	0.00233048	0.00228045	0.0594643	0.00537712	0.00342598	0.000467981	0.000194512
103	0.0114332	0.000918076	0.00535965	0.00821046	0.00146924	0.00644129	0.00788159	0.0289611	0.357248	0.060693	0.00743028	0.00611572	0.003278	0.0211712	0.386575	0.0113746	0.0149225	0.058726	0.000309099	0.001482
104	0.106251	0.000613089	0.0822331	0.156469	0.000870198	0.0176004	0.0295417	0.0105659	0.181314	0.015554	0.00376169	0.0436678	0.011046	0.0962792	0.131069	0.0542402	0.0432231	0.014862	0.000141211	0.000697075
105	0.251959	0.00408276	0.00256513	0.00361314	0.00405334	0.00428203	0.00243696	0.249379	0.00390921	0.124401	0.115913	0.0185589	0.00162714	0.0195791	0.00415924	0.012033	0.0368239	0.136042	0.00079955	0.00378205
106	0.869063	0.00613482	0.000303258	0.00155131	0.00100973	0.0217842	0.00106551	0.00332114	0.00116887	0.0025531	0.00146881	0.00095308	0.00443804	0.00269829	0.00251161	0.0613881	0.00928184	0.00809879	0.000466035	0.00074028
107	0.0353332	0.00172525	0.062039	0.113318	0.0105395	0.0025075	0.0118973	0.0992963	0.116617	0.102935	0.0575442	0.0263388	0.00316733	0.0975329	0.10827	0.0160927	0.0582582	0.0687934	9.64558e-05	0.00769772
108	0.206033	0.00063392	0.0328488	0.273208	0.00151527	0.012811	0.00706709	0.00216206	0.189297	0.0171525	0.00289954	0.026265	0.000834974	0.049069	0.0910638	0.0802085	0.00309142	0.00225126	0.000274829	0.00131369
109	0.655458	0.0413672	0.000736644	0.00105163	0.0135422	0.0242967	0.000659103	0.0219976	0.00161248	0.0168593	0.00883694	0.0178144	0.00384159	0.00855453	0.00439823	0.0876393	0.0343517	0.0480092	0.000793339	0.00818008
110	0.00834305	0.00043527	0.150817	0.0537247	0.000483813	0.378576	0.0438191	0.000773916	0.0709314	0.00402148	0.000634305	0.210954	0.00034905	0.0399043	0.00671166	0.0261488	0.00169519	0.00101393	0.000177842	0.000485158
111	0.031441	0.00988848	0.000460181	0.00135688	0.008832	0.00214758	0.00107263	0.164561	0.00123163	0.276668	0.0371547	0.0018206	0.000679959	0.00314239	0.00299012	0.00401258	0.0200807	0.42644	0.000169097	0.00585105
112	0.0511899	0.00278926	0.0234034	0.0357901	0.00262748	0.0360037	0.0223466	0.0024945	0.0551279	0.00859448	0.00520185	0.0187917	0.445649	0.0991762	0.0626311	0.0735342	0.0459713	0.00486435	0.000607102	0.0032062
113	0.0492574	0.012472	0.000458202	0.000795604	0.0020724	0.00635242	0.000931589	0.188078	0.00567009	0.0648035	0.0222475	0.0020099	0.000286562	0.00347652	0.00347351	0.0247514	0.113768	0.493807	0.000133913	0.00515415
114	0.0123228	0.00248376	0.000464494	0.00116806	0.00580734	0.000864801	0.000996328	0.353467	0.00143988	0.147059	0.0356898	0.00260906	0.00147027	0.00149146	0.00293189	0.00210315	0.0158816	0.409678	0.000564241	0.00150783
115	0.129431	0.00100788	0.0733741	0.11641	0.00771835	0.0196996	0.00520975	0.0079753	0.0805806	0.0200148	0.0174797	0.0144011	0.127483	0.0225313	0.188386	0.0951741	0.0368669	0.0160935	0.000419592	0.0197443
116	0.204621	0.00181688	0.186991	0.0432761	0.00485375	0.149542	0.00437406	0.00324228	0.00639246	0.00450061	0.0040341	0.0532269	0.0222784	0.0137339	0.00472142	0.242841	0.0404872	0.00645316	0.000438011	0.00217697
117	0.0437574	0.0119728	0.00405054	0.00862122	0.00245195	0.0185246	0.0208672	0.0417829	0.0033266	0.0353038	0.00854518	0.0383638	0.0177959	0.00639963	0.00563563	0.550902	0.137476	0.025084	0.000730612	0.0184079
118	0.065825	0.00113516	0.316897	0.31388	0.00053522	0.0326156	0.0118857	0.00364957	0.0426245	0.00616662	0.00362169	0.038879	0.0393634	0.0380993	0.0189935	0.0301535	0.0250942	0.00777818	7.27508e-05	0.00272946
119	0.0175284	0.00494202	0.000641305	0.000714752	0.374835	0.00966353	0.0175486	0.00664958	0.000722202	0.0299727	0.00688305	0.00524969	0.00114955	0.00469665	0.00198462	0.00387363	0.0129681	0.0117021	0.00995547	0.478319
120	0.00448026	0.000221811	0.000772815	0.00072233	0.000246515	0.0015725	0.000339371	0.000459505	0.000772554	0.00388856	0.000365193	0.00124639	0.965058	0.00224995	0.000725075	0.0066071	0.000764043	0.00913352	9.06752e-05	0.000284304
121	0.00268283	0.000649367	0.000378235	0.000988822	0.00802768	0.000411967	0.00038919	0.388205	0.0010578	0.154015	0.00558633	0.00176524	0.00450629	0.000583105	0.0045549	0.000819091	0.00107273	0.422148	0.00111363	0.00104513
122	0.00465065	0.000402056	0.000499643	0.000702531	0.0269868	0.00125718	0.000667898	0.536334	0.00259342	0.150805	0.215834	0.00096683	0.00111414	0.00124988	0.00136971	0.00224626	0.00205248	0.0458681	0.000145706	0.00425472
123	0.0448264	0.0202444	0.000583648	0.00098153	0.011597	0.00399198	0.00100146	0.143957	0.00105554	0.312197	0.0421191	0.0016852	0.000373535	0.00505976	0.00163802	0.00528924	0.0244567	0.369589	0.000175292	0.00917839
124	0.00597933	0.000514375	0.000877718	0.00108706	0.00060099	0.000978985	0.000832871	0.000968287	0.959805	0.00514856	0.000826897	0.00102826	0.00327578	0.00393833	0.00772885	0.00248547	0.00145654	0.0017703	0.000197254	0.000498729
125	0.875549	0.00684986	0.000235206	0.000951233	0.00080159	0.0202509	0.001108	0.00289242	0.00116994	0.00240107	0.00129716	0.000690375	0.00238107	0.00233591	0.00235249	0.0618112	0.00909556	0.00690798	0.00043978	0.000479565
126	0.542266	0.0187784	0.00108795	0.00213801	0.00219054	0.0183966	0.00131479	0.00454723	0.00670757	0.0141244	0.00603676	0.00829102	0.00830667	0.00527113	0.00393836	0.237481	0.0706997	0.0449339	0.000558231	0.00293198
127	0.137391	0.00349195	0.00487073	0.00760537	0.214399	0.0486175	0.054008	0.00626405	0.0515907	0.034196	0.0836497	0.0552524	0.00457384	0.00782304	0.00812443	0.131744	0.00972772	0.00806795	0.0354852	0.0931179
128	0.00881929	9.94437e-05	0.00146549	0.00128495	0.000113098	0.968518	0.000810075	0.000786588	0.000292979	0.00150763	0.000150855	0.00254634	0.000113425	0.000238398	0.00244791	0.00983855	0.000586769	0.000233709	4.56027e-05	0.000100509
129	0.00886747	9.8748e-05	0.000916088	0.00123561	0.000110786	0.970305	0.000726394	0.000796118	0.000205923	0.0015069	0.000149801	0.00177249	9.62219e-05	0.000223546	0.00242526	0.00967863	0.000517138	0.000226431	4.27064e-05	9.88641e-05
130	0.00993163	0.000265715	0.0015342	0.00129723	0.00020188	0.965729	0.00087898	0.000782523	0.000332024	0.00153667	0.000177922	0.00238257	0.00051629	0.000232557	0.00264859	0.0104968	0.000642002	0.000267806	4.47512e-05	0.000101105
131	0.00887001	0.00010076	0.00141363	0.00130879	0.000122174	0.968617	0.000770013	0.000794478	0.000305185	0.00149913	0.000153609	0.00240679	0.00015638	0.000230047	0.00244245	0.00981401	0.00061255	0.000229282	4.31112e-05	0.00011073
132	0.00960584	0.00087305	0.00570198	0.00946874	0.00158267	0.00748038	0.0068432	0.011051	0.329645	0.0132943	0.00499409	0.00601682	0.0033583	0.0152867	0.507588	0.0172221	0.0166143	0.0318392	0.000379376	0.00115527
133	0.00887127	0.000143193	0.00117789	0.0012748	0.00011075	0.96918	0.000767469	0.000794232	0.000261064	0.00152025	0.000150526	0.00222254	0.000174914	0.000227001	0.00243033	0.00970734	0.000595557	0.000233164	4.27103e-05	0.000115063
134	0.0106081	0.00396191	0.00117835	0.00143335	0.0246566	0.00334691	0.00113629	0.0961352	0.00122248	0.128724	0.693234	0.00143362	0.000933726	0.00410659	0.00287042	0.00236474	0.00211881	0.0191806	0.000286802	0.00106696
135	0.00177142	0.000121696	0.000224182	0.00137818	0.000184096	0.000251856	0.000223841	0.000246798	0.00464135	0.000380027	0.00132554	0.00471119	0.000151145	0.000311118	0.975463	0.00232821	0.00373963	0.00127152	0.00110386	0.00017151
136	0.0205092	0.000494868	0.00174282	0.0157003	0.0364267	0.00143742	0.00161309	0.336354	0.0180699	0.0894763	0.0670402	0.00914094	0.00755235	0.0190617	0.0423715	0.0114529	0.0161023	0.294696	0.000220004	0.0105373
137	0.160509	0.0493856	0.00072754	0.00136184	0.000735238	0.00168747	0.000710086	0.186311	0.00110164	0.0206187	0.00447049	0.00238233	0.000446679	0.000993546	0.0020011	0.0176459	0.00785418	0.539223	0.000415829	0.00141802
138	0.0466737	0.0019838	0.0954869	0.133525	0.0270823	0.0249278	0.0864857	0.00225524	0.0553183	0.0237411	0.0235271	0.102945	0.0346346	0.0585895	0.143847	0.020937	0.0931532	0.0019435	0.005794	0.0171493
139	0.124847	0.00127214	0.0514802	0.131498	0.00413815	0.00805184	0.00598353	0.02075	0.0280906	0.0417098	0.0347257	0.0583506	0.00317952	0.0488496	0.0721607	0.215253	0.122079	0.0261206	0.000471673	0.000988715
140	0.838491	0.00871663	0.000414223	0.00186847	0.00217519	0.0241341	0.000930368	0.00601994	0.00122036	0.00577048	0.00284282	0.00211629	0.00261851	0.00313464	0.00332605	0.0646997	0.0154047	0.0133261	0.000636357	0.00215405
141	0.0806865	0.010698	0.00961784	0.024469	0.012963	0.00825561	0.0273185	0.0194763	0.12727	0.0102472	0.0424602	0.0090699	0.000999138	0.0614666	0.284032	0.13751	0.0636393	0.0550132	0.000768091	0.0140392
142	0.0392109	0.00356919	0.0176437	0.0313427	0.00340434	0.0491972	0.0363346	0.00454584	0.0167007	0.00688623	0.00494643	0.223755	0.00253546	0.0309804	0.202424	0.301333	0.0124037	0.00740868	0.00143586	0.00394225
143	0.00233317	0.000160773	0.00303042	0.966902	0.000208766	0.000363079	0.000263249	0.000312617	0.00158323	0.000462252	0.000312516	0.000410043	0.000166068	0.0110768	0.00549519	0.00436381	0.00055806	0.00174782	6.56418e-05	0.000184044
144	0.843693	0.00641774	0.000315385	0.00108476	0.000872628	0.0209795	0.00115807	0.00235962	0.00108408	0.002074	0.00111693	0.000770245	0.00305379	0.00234189	0.002599	0.0976911	0.00728003	0.0042576	0.000353208	0.000497498
145	0.119216	0.000831929	0.0302364	0.110082	0.00392347	0.0160781	0.00726681	0.050259	0.205295	0.115797	0.0367859	0.0190403	0.00201931	0.0744783	0.116034	0.0258137	0.03435	0.025219	0.000180006	0.0070944
146	0.308166	0.00510515	0.00246645	0.00385799	0.00139786	0.0245835	0.00240782	0.00249128	0.0556741	0.0221021	0.0199932	0.0449219	0.00699302	0.0169937	0.0123946	0.289763	0.160462	0.0185685	0.000416281	0.00124211
147	0.455965	0.0195388	0.00129109	0.00213033	0.00138268	0.0142092	0.00129091	0.00242529	0.0013678	0.00263465	0.00248136	0.00342082	0.00537562	0.00389169	0.00747461	0.455018	0.0138302	0.00404581	0.000244453	0.00198174
148	0.00147651	0.000342738	0.000466524	0.00272977	0.917369	0.000625149	0.000478561	0.00495509	0.00281274	0.00596889	0.000693083	0.000562604	0.000318136	0.000583734	0.000685179	0.00101839	0.0008789	0.00547777	0.00646676	0.0460909
149	0.0113861	0.000388554	0.0705363	0.00843667	0.000561716	0.73054	0.0115512	0.000704953	0.0123654	0.00107632	0.000702661	0.0965616	0.00492094	0.00447732	0.0071765	0.0264224	0.010571	0.000892535	0.00023705	0.000491169
150	0.00805159	0.00215599	0.426874	0.00546106	0.0021787	0.00408459	0.00534781	0.0181164	0.0620994	0.00543039	0.00377028	0.282393	0.00233976	0.00544847	0.03397	0.0928013	0.00543768	0.0310066	0.000683421	0.00234925
151	0.0609879	0.0048834	0.0796289	0.0212645	0.002493	0.591979	0.00603868	0.00365661	0.0133238	0.00461885	0.00293115	0.0278171	0.101725	0.00428772	0.0123496	0.044695	0.00927668	0.0052046	0.00092411	0.00191505
152	0.101924	0.0014065	0.0829716	0.128745	0.00241647	0.0193366	0.0140515	0.00664551	0.0353762	0.0151563	0.0265225	0.0443242	0.00646937	0.0237612	0.0770006	0.226188	0.162572	0.0225548	0.000774242	0.00180406
153	0.0450009	0.0289769	0.00187655	0.00175255	0.00901189	0.00658133	0.00121347	0.188523	0.00138476	0.151521	0.191176	0.00300095	0.00166326	0.00252772	0.00196161	0.00342961	0.0097285	0.348789	0.0002939	0.00158625
154	0.0110674	0.00580494	0.001247	0.00113403	0.31356	0.00481975	0.0306885	0.00984742	0.00108563	0.0155627	0.00410929	0.00424589	0.00305803	0.00341186	0.00575876	0.00304463	0.00727515	0.0100867	0.0150571	0.549135
155	0.0223315	0.00626946	0.000431851	0.000649159	0.0137851	0.00112297	0.00124904	0.243419	0.000767341	0.336259	0.0767532	0.00232241	0.000422317	0.00116441	0.00333764	0.00153845	0.0113426	0.272576	0.000169696	0.00408925
156	0.00228629	0.000162605	0.00287585	0.967234	0.000205288	0.000351583	0.000252621	0.000303671	0.00153485	0.000448972	0.000312016	0.000445091	0.000253421	0.0109829	0.00545097	0.00436333	0.000542854	0.00174941	6.56418e-05	0.000178229
157	0.0138304	0.00171711	0.00384953	0.0170138	0.00165814	0.0205912	0.0143716	0.00706657	0.338286	0.0092098	0.00482273	0.00519059	0.00172677	0.0552057	0.415337	0.0267262	0.0369204	0.0249408	0.000555012	0.000980976
158	0.0355351	0.0216589	0.000882449	0.00125393	0.482445	0.00269118	0.00232105	0.01268	0.00132735	0.16837	0.0674653	0.00241308	0.000896372	0.00204298	0.00133592	0.00389507	0.00767911	0.0296406	0.00792786	0.147539
159	0.00252097	0.000620439	0.00039537	0.000991945	0.00721009	0.000419545	0.000368095	0.401478	0.00103951	0.143805	0.00515739	0.00159589	0.00420132	0.000689812	0.00427821	0.00078648	0.00109283	0.421284	0.00114273	0.000922026
160	0.0332848	0.00137935	0.0849077	0.126778	0.00730298	0.00405374	0.0141151	0.0851619	0.0905372	0.106712	0.0461447	0.0326934	0.00660554	0.0873285	0.0975385	0.0173516	0.0618176	0.0878693	0.000115953	0.00830266
161	0.0775935	0.0022387	0.0597755	0.0728808	0.000490729	0.0295315	0.0474259	0.0012739	0.188217	0.00827357	0.00282303	0.141641	0.00146415	0.0665461	0.13767	0.092437	0.0586416	0.0042265	0.00215154	0.00469777
162	0.128481	0.00153945	0.00115886	0.00981302	0.00131673	0.019543	0.00126915	0.00325733	0.00590244	0.00274917	0.00186936	0.00280295	0.725737	0.00336223	0.0177273	0.0166406	0.0103362	0.0452277	0.000299665	0.000967448
163	0.0208771	0.00156079	0.00797847	0.0150521	0.00607773	0.0107933	0.024283	0.0180585	0.287638	0.0255892	0.0123529	0.00709936	0.00344221	0.0460893	0.411109	0.0298585	0.0304622	0.0369477	0.000488364	0.00424224
164	0.00198273	0.00052472	0.0011164	0.00104901	0.0111406	0.000941412	0.934993	0.000823145	0.00093714	0.00120471	0.000763279	0.00598372	0.000536322	0.0178055	0.00471407	0.00164046	0.00142297	0.00123445	0.000162547	0.0110241
165	0.0172691	0.00310327	0.000747437	0.000612508	0.0020873	0.00311349	0.000335913	0.40236	0.00057385	0.0219286	0.00463905	0.000668823	0.000474244	0.00183242	0.000976293	0.0023788	0.00846959	0.527739	0.000202122	0.000488774
166	0.00227443	0.000162667	0.00286563	0.967494	0.000205334	0.000353409	0.000252264	0.000304024	0.00148982	0.000448925	0.000311877	0.000375921	0.00016606	0.010963	0.00545917	0.00434816	0.000542244	0.00173919	6.56418e-05	0.00017811
167	0.0494258	0.00806673	0.000368577	0.000538132	0.00173786	0.00400416	0.000375928	0.179189	0.000653773	0.0086823	0.00288433	0.000706276	0.000201645	0.000841306	0.00120141	0.00607794	0.0101928	0.724129	0.000120108	0.000602498
168	0.00113397	0.00229071	0.00234225	0.00253385	0.000338888	0.00244517	0.00462659	0.000452381	0.000548953	0.000597047	0.000418969	0.000548987	0.000278999	0.974071	0.000533681	0.00286388	0.00292281	0.000609063	0.00011121	0.000332052
169	0.0151868	0.00634645	0.00039778	0.000655843	0.00672107	0.00118135	0.000662227	0.464045	0.000651084	0.201589	0.0210243	0.00143563	0.00385271	0.00180699	0.00195027	0.0020417	0.00694484	0.259327	0.000288407	0.00389215
170	0.00855622	0.00507404	0.00773761	0.00511134	0.00736708	0.00142067	0.00145958	0.183454	0.00105052	0.474209	0.15586	0.0071869	0.0101175	0.0107132	0.0048357	0.00946455	0.0108128	0.0923554	0.00052111	0.002693
171	0.551255	0.0311126	0.00124684	0.00220122	0.00286884	0.311847	0.00321973	0.00191963	0.00218599	0.00406859	0.0014589	0.00161738	0.0122802	0.00211689	0.00205693	0.0400252	0.0114242	0.0157074	0.000381634	0.00100613
172	0.00230863	0.000194747	0.949091	0.00715188	0.000209725	0.000838746	0.00379553	0.000312781	0.000463412	0.000505383	0.0002817	0.0151325	0.000176771	0.00428678	0.00154333	0.0100923	0.00299168	0.000394244	4.97175e-05	0.000178829
173	0.0678973	0.00372131	0.0407087	0.0592506	0.000656367	0.0316884	0.0528331	0.0010319	0.179371	0.0112805	0.00386065	0.161331	0.00117708	0.066583	0.110579	0.112424	0.0813542	0.00472542	0.00304438	0.00648201
174	0.0484251	0.001493	0.00179374	0.0557642	0.0744939	0.0115063	0.372185	0.0024041	0.0212431	0.0334134	0.0120894	0.0154732	0.00129406	0.0958366	0.0122906	0.0153677	0.0333236	0.00289787	0.000606386	0.188098
175	0.00875494	0.000138984	0.0112517	0.00203338	0.000164913	0.937239	0.00209943	0.000795146	0.0016845	0.00136974	0.000226999	0.0153451	0.0007812	0.000534244	0.00294859	0.011939	0.00222418	0.000299355	6.55381e-05	0.000103991
176	0.0344735	0.00125807	0.190784	0.111852	0.00767731	0.0283623	0.0649383	0.00208383	0.0196303	0.0121631	0.0085502	0.319081	0.00882083	0.0346187	0.0305829	0.044273	0.0692088	0.00251843	0.0011568	0.00796673
177	0.0282704	0.00468125	0.000423896	0.00136642	0.00328151	0.00200543	0.00321813	0.257445	0.00225758	0.129837	0.062803	0.00554742	0.000838953	0.00252493	0.00404814	0.00663716	0.0523359	0.429367	0.000132704	0.00297835
178	0.0232784	0.00376481	0.000452185	0.00342842	0.01341	0.00249846	0.0017582	0.28513	0.00634102	0.0865127	0.0653741	0.00503608	0.00186446	0.00668442	0.0152493	0.0121386	0.0484334	0.410937	0.000151718	0.00755768
179	0.00202407	0.000531443	0.0011383	0.00105198	0.0111293	0.000942584	0.934194	0.000852757	0.000937368	0.00124754	0.000769392	0.00620968	0.000528155	0.0177359	0.00475763	0.00179702	0.00153083	0.00125781	0.000176872	0.0111871
180	0.00584823	0.00288833	0.000377942	0.000491279	0.0198982	0.000667387	0.000830657	0.0191602	0.000720839	0.872524	0.0428209	0.00394501	0.00156882	0.000777938	0.00502426	0.00210784	0.0013302	0.0144543	0.00145475	0.00310907
181	0.0119611	0.00699964	0.000858102	0.00134313	0.41874	0.00268473	0.0870636	0.0115719	0.00116695	0.00563966	0.00555721	0.00367703	0.00883661	0.00496292	0.00252212	0.00266953	0.00476098	0.00826918	0.0378357	0.37288
182	0.0635234	0.00100293	0.327055	0.32896	0.000306521	0.0302364	0.013198	0.00357003	0.0384382	0.00566099	0.00443347	0.0384181	0.0270598	0.0379902	0.0182751	0.0298852	0.0221276	0.00699541	6.96853e-05	0.00279401
183	0.00176287	0.000123527	0.000242121	0.00141547	0.000193392	0.00028821	0.000284348	0.000335675	0.0051042	0.000503484	0.00132001	0.00471168	0.000180499	0.000322883	0.974407	0.00233395	0.00375977	0.00144065	0.00109891	0.000171111
184	0.0025299	0.000267322	0.93544	0.00712443	0.000249214	0.000942527	0.00388547	0.000593158	0.00139219	0.000719981	0.000373598	0.0235323	0.000249408	0.00440596	0.00213579	0.0119392	0.00295481	0.000925228	0.000100483	0.000239304
