279	20
1	0.324189	0.013003	0.014224	0.0303279	0.0235583	0.0706608	0.00493849	0.0210528	0.0181066	0.010686	0.0289668	0.0349347	0.00273233	0.00526668	0.0101177	0.290949	0.0690283	0.0229936	0.00179909	0.0024656
2	0.0659908	0.0143528	0.00111408	0.0373332	0.00251891	0.0148824	0.0147201	0.017463	0.265083	0.0268744	0.0100937	0.0358443	0.0107483	0.0570035	0.281511	0.0852369	0.0359802	0.00820387	0.000320866	0.0147245
3	0.335633	0.0982671	0.00217089	0.00235174	0.00612013	0.0364196	0.00223647	0.0318657	0.00381202	0.0154285	0.0502468	0.0149934	0.00964263	0.00434467	0.00814808	0.0742229	0.23936	0.0541175	0.00368537	0.00693423
4	0.427779	0.0121731	0.00590484	0.00418308	0.00555149	0.172802	0.00348166	0.0135672	0.00666158	0.0897948	0.0314405	0.00617152	0.00791467	0.00481334	0.00706518	0.100078	0.0255984	0.0657498	0.00228373	0.00698545
5	0.00528208	0.0269414	0.00222885	0.00148739	0.376422	0.012264	0.00215308	0.00373439	0.00195543	0.00449202	0.00442728	0.0112146	0.0180467	0.00191093	0.0188179	0.0148799	0.00444477	0.00509947	0.0443376	0.43986
6	0.140879	0.0684058	0.00105864	0.00194318	0.00396079	0.0245916	0.00123939	0.0893027	0.00162041	0.0525351	0.0204487	0.00654107	0.00719074	0.00841063	0.00175075	0.0444647	0.0979522	0.418395	0.000664516	0.00864566
7	0.022483	0.00610405	0.000209907	0.00262264	0.00875045	0.00327927	0.00112507	0.394159	0.00135314	0.161827	0.0560081	0.00304042	0.000276169	0.000288309	0.00233742	0.00854927	0.0191717	0.305757	0.000684561	0.00197393
8	0.0291813	0.0167996	0.00130397	0.000717954	0.0565766	0.00609929	0.000558591	0.311157	0.00106664	0.368753	0.083183	0.000512999	0.000669721	0.000666699	0.0014666	0.00770903	0.00871148	0.0971064	0.000746224	0.00701371
9	0.025627	0.00339811	0.000237097	0.0032708	0.00940378	0.00499281	0.00025365	0.391774	0.000766411	0.170409	0.0261551	0.00388155	0.000439324	0.000309479	0.0029788	0.0108838	0.0194763	0.322992	0.000225199	0.00252546
10	0.0210179	0.0196895	0.000402723	0.00185522	0.0225548	0.0020413	0.00492007	0.310355	0.00389756	0.161466	0.200361	0.00121683	0.000747516	0.000472621	0.00054246	0.0136743	0.0311417	0.199824	0.00331753	0.000502023
11	0.245074	0.0385316	0.00766656	0.00428708	0.00927624	0.280954	0.00423769	0.0562909	0.0072302	0.0151464	0.00759409	0.0122033	0.0179759	0.00510921	0.00688376	0.138717	0.112125	0.0159775	0.00890868	0.00581058
12	0.0846201	0.0291844	0.000381035	0.00279268	0.0251128	0.0106985	0.000326818	0.246509	0.00220882	0.0875101	0.0294391	0.00121616	0.00196074	0.000420251	0.00051846	0.0549975	0.0953003	0.326039	0.000140536	0.000623856
13	0.00284159	0.0154677	0.000625044	0.00086224	0.465986	0.00191584	0.0219661	0.00920762	0.00485449	0.102846	0.0363874	0.00136714	0.0012909	0.000969909	0.00105991	0.0147769	0.00264445	0.00503609	0.00417128	0.305723
14	0.0451312	0.0316565	0.0118516	0.00316943	0.108945	0.00801736	0.00323029	0.0590907	0.00477645	0.0516516	0.00559372	0.01381	0.0034026	0.00395533	0.00443116	0.0335686	0.0184488	0.0165741	0.517871	0.0548247
15	0.021788	0.0214503	0.000353009	0.00190495	0.0167436	0.00145067	0.00413347	0.317801	0.00425401	0.162126	0.185571	0.00123292	0.000428083	0.000503234	0.000496799	0.0111352	0.0300775	0.215318	0.00283141	0.000401256
16	0.0633003	0.0145639	0.00507422	0.0129147	0.126485	0.0119057	0.00606359	0.0260434	0.00657162	0.158304	0.0676447	0.00903716	0.00496689	0.00487533	0.00765424	0.18033	0.241225	0.0434053	0.00235279	0.00728157
17	0.179602	0.011442	0.0645826	0.11277	0.00766912	0.0308816	0.00605802	0.013534	0.0175165	0.00908527	0.0115188	0.0792919	0.0139072	0.0585117	0.0158722	0.262559	0.0837636	0.0138039	0.000666354	0.0069644
18	0.347799	0.0535668	0.00167931	0.00197519	0.00284658	0.0224595	0.00157134	0.0668007	0.00192701	0.0697904	0.011096	0.0055981	0.0200952	0.00728789	0.00220622	0.035889	0.0628871	0.279688	0.000757142	0.00407905
19	0.0134317	0.0219255	0.000265368	0.00223122	0.0170448	0.000998739	0.00544867	0.317597	0.00393489	0.19509	0.178116	0.000883242	0.000368446	0.000492188	0.000444658	0.0113813	0.0237606	0.203507	0.00257816	0.000500651
20	0.0231341	0.00912104	0.000824018	0.00399626	0.000987919	0.00588964	0.00800015	0.00160897	0.00149995	0.0100989	0.00107288	0.00122367	0.837704	0.00379976	0.00123257	0.0325629	0.0465777	0.00240986	0.000366682	0.00788843
21	0.0206948	0.0145482	0.000757343	0.00132394	0.0368349	0.00234641	0.00296088	0.260149	0.00242382	0.291042	0.152233	0.000882782	0.00154569	0.00209732	0.00245171	0.0100247	0.0208834	0.170972	0.00296963	0.00285858
22	0.385973	0.00597062	0.00238878	0.0234128	0.00371126	0.162784	0.00944412	0.0055007	0.00717837	0.00710668	0.0187675	0.00825946	0.162354	0.0150928	0.0077137	0.13476	0.00901525	0.00757612	0.00131722	0.0216731
23	0.192913	0.00901213	0.0010922	0.0018014	0.0100328	0.014496	0.00129997	0.201135	0.00150142	0.0492775	0.037343	0.00222387	0.00175278	0.00150498	0.00166114	0.0120821	0.0183793	0.440554	0.000549788	0.00138811
24	0.265423	0.0560139	0.00420912	0.00457543	0.0050583	0.0657674	0.00180747	0.0131159	0.00328465	0.0403604	0.00737269	0.00774735	0.0298724	0.00731456	0.0114729	0.178285	0.246782	0.0473253	0.00174975	0.00246298
25	0.455019	0.017144	0.00493332	0.00266281	0.00348281	0.140849	0.00148084	0.00782546	0.0171254	0.0156565	0.00379439	0.00350769	0.00234565	0.00185549	0.00334652	0.283447	0.0171332	0.0125892	0.00385708	0.00194426
26	0.0128117	0.00365376	0.00302425	0.000560437	0.105292	0.00373704	0.0012417	0.0505495	0.00255118	0.598618	0.127589	0.00126882	0.00197463	0.00224099	0.00427088	0.011919	0.0135387	0.043831	0.00499767	0.00632997
27	0.0296758	0.0149231	0.00135843	0.000711128	0.0619347	0.0054535	0.000437895	0.307705	0.000642052	0.363736	0.0833743	0.000493173	0.00069855	0.000639037	0.00155688	0.00720753	0.00965072	0.101522	0.000945183	0.0073349
28	0.0252954	0.00948912	0.00108359	0.00389577	0.00110987	0.0099605	0.0073468	0.0021866	0.00156265	0.0101291	0.00119864	0.00170673	0.828811	0.0036695	0.00125569	0.032879	0.04767	0.00258505	0.000329315	0.00783564
29	0.0288573	0.00454168	0.000263103	0.00280474	0.00955044	0.00499969	0.000279146	0.388063	0.000812115	0.162441	0.0283931	0.00341001	0.000502479	0.000299103	0.00284331	0.0123331	0.0221676	0.324798	0.000231502	0.00240824
30	0.031808	0.0224888	0.000710359	0.000805602	0.181173	0.0114946	0.000960927	0.266834	0.00100204	0.134541	0.0233692	0.00163056	0.00313728	0.000951619	0.00205386	0.00935542	0.0163472	0.28679	0.0015774	0.00297008
31	0.0344207	0.0135493	0.00100824	0.0027624	0.145251	0.0119511	0.00270008	0.107268	0.00275271	0.444001	0.0789564	0.0024198	0.00441994	0.0026639	0.00284723	0.0221563	0.0242192	0.0868053	0.00257224	0.00727506
32	0.00242248	0.0167048	0.000620799	0.000783504	0.50032	0.00162333	0.0243718	0.00982696	0.00523493	0.105221	0.0376833	0.00120405	0.000972328	0.000884166	0.000943992	0.0152016	0.00224425	0.00511564	0.00452453	0.264097
33	0.0233273	0.00947442	0.000620162	0.00370102	0.00095897	0.00536776	0.0073798	0.00154711	0.000761344	0.0103288	0.00100564	0.00113922	0.839181	0.00366317	0.000889469	0.0319832	0.0478044	0.00246106	0.000313175	0.00809268
34	0.0156518	0.00154004	0.00274693	0.000291759	0.0686744	0.000935968	0.000950848	0.0774212	0.000512849	0.578842	0.115798	0.000613464	0.00320206	0.00446528	0.00741597	0.00865666	0.0197076	0.0756685	0.00792128	0.00898332
35	0.0138199	0.00264851	0.00383364	0.000417154	0.0915721	0.00215131	0.00105674	0.0623471	0.00113203	0.585575	0.117941	0.00092323	0.00279173	0.00313726	0.0054794	0.011456	0.0160107	0.0628045	0.00711204	0.00778994
36	0.00585773	0.0192932	0.0540678	0.0742202	0.00209033	0.312437	0.0714356	0.00754347	0.098782	0.0133655	0.0119426	0.133197	0.00440734	0.065161	0.0640103	0.0450293	0.0115444	0.00305839	0.000503144	0.00205415
37	0.0218745	0.00243381	0.000231136	0.00270521	0.00642537	0.00373342	0.000257565	0.419739	0.000701905	0.158627	0.0256015	0.00345927	0.000306402	0.000294627	0.00296801	0.00849317	0.0173963	0.321845	0.000203246	0.00270329
38	0.0203307	0.00233506	0.00201578	0.00121249	0.0384587	0.00122578	0.000866467	0.0809076	0.00377632	0.516305	0.170444	0.000797452	0.00517837	0.0114145	0.0126808	0.00890238	0.0246597	0.0893706	0.00429286	0.0048254
39	0.0487015	0.0029051	0.131817	0.0577603	0.00368279	0.0790793	0.00211944	0.0040039	0.11433	0.00384395	0.00291198	0.0383063	0.14611	0.0265462	0.0511921	0.160867	0.118953	0.0042099	0.000759584	0.00189962
40	0.00626115	0.0253709	0.00210326	0.00140954	0.369362	0.0114869	0.00351068	0.00409534	0.00217747	0.00813493	0.00537057	0.0104876	0.0181499	0.00200277	0.0179565	0.0164964	0.00576271	0.00537166	0.0411689	0.443321
41	0.0214382	0.0200637	0.00163145	0.00215546	0.286811	0.0163844	0.00288161	0.108644	0.00323798	0.229464	0.161405	0.00485059	0.0035058	0.00196518	0.0037264	0.0296961	0.0201752	0.0693733	0.0011453	0.0114446
42	0.0204601	0.00908517	0.0327824	0.0189137	0.0250065	0.0305591	0.00695367	0.0277535	0.161214	0.0288686	0.00560964	0.212077	0.0296081	0.117092	0.0353324	0.110595	0.0922912	0.0298629	0.0012144	0.00472002
43	0.0241214	0.00682797	0.321153	0.205205	0.00563977	0.0142286	0.00740294	0.0102398	0.00739477	0.00820371	0.00582697	0.167205	0.00721985	0.0692074	0.00770255	0.0746554	0.0199975	0.00987198	0.00170061	0.0261955
44	0.073329	0.0110911	0.00214584	0.00321748	0.0227983	0.00804435	0.00281788	0.117434	0.0153842	0.0175019	0.0122046	0.0066949	0.00791868	0.00536925	0.00398956	0.158275	0.301792	0.222233	0.00258923	0.00516987
45	0.0641932	0.035261	0.00509388	0.00525925	0.00643353	0.0100372	0.0969693	0.131831	0.00641342	0.0851947	0.00761827	0.105263	0.00622162	0.058311	0.00687349	0.115304	0.180986	0.0652982	0.00233662	0.00510238
46	0.0520955	0.013693	0.000456769	0.00125381	0.118372	0.0112499	0.000866221	0.239745	0.000475431	0.248143	0.0501964	0.00107873	0.00313991	0.000282387	0.00180511	0.0189011	0.0282386	0.202428	0.00360258	0.00397575
47	0.0184869	0.0082197	0.0013343	0.000956594	0.0358703	0.0014493	0.00205861	0.178729	0.00164307	0.407059	0.145529	0.00050769	0.00300969	0.00512958	0.00540483	0.00907974	0.0207257	0.147055	0.00375914	0.00399314
48	0.0330508	0.0166659	0.00180701	0.00268369	0.170279	0.0257692	0.00560478	0.130936	0.00460559	0.329187	0.094405	0.00485458	0.00407739	0.00310969	0.00563917	0.0314212	0.0189617	0.0941995	0.00142811	0.021314
49	0.0414331	0.0109556	0.000745151	0.000338068	0.111846	0.00686885	0.00076785	0.239359	0.000351678	0.319745	0.0606463	0.000919127	0.00106694	0.000502805	0.0028359	0.0123218	0.018334	0.160945	0.00197837	0.00803895
50	0.390492	0.0520637	0.00625474	0.00347973	0.00715073	0.178027	0.00230057	0.0173786	0.00834668	0.0108877	0.00728981	0.00467622	0.00987983	0.00348924	0.00596064	0.216563	0.0468759	0.0159966	0.00867396	0.00421331
51	0.0863851	0.0375607	0.00849579	0.00801333	0.00901203	0.14477	0.00577943	0.0138234	0.0076703	0.0134474	0.0124416	0.0241752	0.00788869	0.00703396	0.0105629	0.432929	0.105921	0.0541145	0.00192308	0.00805293
52	0.0359702	0.0104644	0.00126658	0.0010956	0.113619	0.00807147	0.001289	0.170023	0.000823562	0.389515	0.0645857	0.00149667	0.00318294	0.00168561	0.00316612	0.0174472	0.022244	0.144214	0.00331454	0.00652528
53	0.0149904	0.0187426	0.000317793	0.00184292	0.0187199	0.00085127	0.00429232	0.32735	0.0039599	0.167658	0.206462	0.000948555	0.000354198	0.000468514	0.000383415	0.00986952	0.0255631	0.19302	0.00392305	0.000282827
54	0.0161354	0.0180637	0.000268356	0.00183013	0.0176029	0.000916863	0.00426459	0.301299	0.00354499	0.200688	0.199989	0.000896448	0.000959587	0.00175588	0.00147301	0.00957911	0.024628	0.192776	0.00299752	0.000331599
55	0.400583	0.0448532	0.00700886	0.00450406	0.00512535	0.0704358	0.00277449	0.0201294	0.00445171	0.0518695	0.0124466	0.0084139	0.0249583	0.00609271	0.0110595	0.112501	0.162648	0.0431871	0.00255648	0.00440079
56	0.118892	0.0289939	0.00149454	0.0153668	0.0207977	0.0179032	0.00118346	0.231964	0.00873824	0.1106	0.0296459	0.00287734	0.00404317	0.0023824	0.00230303	0.0531276	0.0840794	0.263837	0.000435336	0.00133545
57	0.430348	0.0396042	0.00457177	0.00213201	0.00535397	0.153783	0.00222129	0.0123725	0.00808426	0.0101203	0.00443986	0.00311895	0.0017668	0.00310125	0.00521817	0.244536	0.0431607	0.0116577	0.0111993	0.00321008
58	0.0209962	0.00249899	0.000324132	0.00252325	0.00634329	0.0037243	0.000333798	0.435678	0.000783598	0.144806	0.023879	0.00328493	0.00037366	0.000392016	0.00276324	0.00811603	0.0200578	0.31954	0.000234394	0.00334713
59	0.0626979	0.00844418	0.0379787	0.274937	0.00492875	0.0181614	0.0204494	0.0132378	0.0133707	0.0065727	0.00705152	0.0552245	0.0237449	0.258939	0.0405667	0.0875813	0.032405	0.0269638	0.00140162	0.00534312
60	0.0315259	0.015239	0.0132389	0.0642223	0.0216272	0.0202712	0.12986	0.0142346	0.19216	0.0174314	0.00976086	0.0716216	0.00491223	0.0479473	0.153169	0.0582145	0.0411509	0.0322804	0.00067991	0.060452
61	0.0187356	0.188709	0.00444344	0.00512416	0.00743733	0.0108173	0.0347145	0.0385878	0.00606378	0.0106532	0.00879593	0.0358195	0.00651245	0.060325	0.0328712	0.226816	0.0972211	0.11552	0.0601153	0.0307172
62	0.00538094	0.0226214	0.0592574	0.0775789	0.00235813	0.226728	0.0770376	0.0108718	0.0977006	0.0174196	0.0157474	0.196139	0.00305106	0.0628728	0.0690148	0.0400799	0.0102869	0.00314581	0.000663732	0.00204465
63	0.0398369	0.0118346	0.00096071	0.00129363	0.120315	0.00852226	0.00137946	0.192974	0.00108405	0.365651	0.0632945	0.00140045	0.0026287	0.0014416	0.00270177	0.0168261	0.0214394	0.137265	0.00285085	0.00629867
64	0.0338331	0.0117627	0.0181868	0.0103792	0.0499694	0.0265605	0.413381	0.014505	0.0153524	0.0178055	0.0120706	0.037429	0.0492417	0.0119495	0.0164229	0.0703004	0.0320093	0.0190815	0.00419405	0.135565
65	0.0657681	0.0144551	0.0010965	0.0378736	0.00270509	0.0145869	0.0147708	0.0181246	0.263142	0.026027	0.00964203	0.0371336	0.0102248	0.0566457	0.282555	0.0842713	0.0361554	0.0086627	0.000327495	0.0158322
66	0.0336773	0.0104783	0.0324815	0.0120718	0.0149566	0.0637535	0.00698979	0.0136924	0.133903	0.0640052	0.00969122	0.0480845	0.00790803	0.0166359	0.423857	0.0404753	0.022744	0.0136083	0.0197136	0.0112727
67	0.0232758	0.00396404	0.000221337	0.00269731	0.00853898	0.0037892	0.000487251	0.409305	0.000930749	0.158447	0.0354003	0.00353761	0.000341451	0.000280507	0.002644	0.00878047	0.0183939	0.316173	0.000416381	0.00237602
68	0.404123	0.0224999	0.0325534	0.0145082	0.0081795	0.089171	0.0047152	0.0184019	0.0159957	0.021035	0.0104447	0.0181169	0.0197761	0.00763278	0.0301726	0.210344	0.048931	0.0149295	0.00322609	0.00524325
69	0.0337948	0.0118259	0.00113954	0.00210307	0.114953	0.0087703	0.00182437	0.15427	0.00171905	0.429274	0.0652092	0.00186515	0.00360769	0.00235079	0.00313895	0.0152948	0.0258004	0.11404	0.00313853	0.0058794
70	0.0262753	0.00292666	0.00769787	0.00186745	0.0143616	0.0906081	0.00194694	0.00419459	0.13875	0.03955	0.00272967	0.063325	0.00214767	0.0123723	0.503152	0.0266368	0.0152978	0.0042692	0.0300855	0.011806
71	0.0833426	0.0293378	0.000423061	0.00283043	0.0267288	0.0104563	0.000369296	0.249491	0.00233607	0.0905791	0.0326324	0.00123157	0.00202821	0.000442275	0.000559735	0.0534956	0.0958959	0.316959	0.00021096	0.000650187
72	0.0159526	0.0198279	0.000332935	0.00193152	0.0191202	0.00113055	0.00453237	0.322305	0.00392821	0.17837	0.193308	0.00096349	0.000378662	0.000460252	0.000496903	0.0103253	0.0255166	0.197341	0.00325736	0.000520879
73	0.0103674	0.0190614	0.00272139	0.0168952	0.00489115	0.00534406	0.00244828	0.0364163	0.0540572	0.380946	0.208463	0.00396947	0.00317478	0.0175991	0.0460823	0.0514878	0.0945821	0.038355	0.000899345	0.00223861
74	0.0361244	0.0251892	0.000645346	0.00430107	0.123153	0.018354	0.00487062	0.101108	0.00822972	0.457989	0.0678647	0.00334737	0.00547147	0.00328358	0.00271721	0.0260482	0.0304828	0.0747778	0.00262471	0.00341836
75	0.0557356	0.0150688	0.000491563	0.00117612	0.117947	0.0116157	0.00065332	0.240859	0.000323695	0.242134	0.0460273	0.00103591	0.00357569	0.000275333	0.00168753	0.0204788	0.0305048	0.203523	0.00299639	0.00389163
76	0.120836	0.0584973	0.0169525	0.00496409	0.0337675	0.403002	0.00621414	0.0183016	0.0108461	0.0166506	0.00993953	0.0150323	0.0644978	0.00831008	0.0260271	0.0827949	0.0772096	0.0139298	0.00445243	0.00777465
77	0.2481	0.0791918	0.000817094	0.00158811	0.00134511	0.044343	0.000831893	0.0114613	0.00108341	0.041916	0.0062082	0.00253185	0.0501536	0.0104637	0.0150001	0.141921	0.279682	0.0621188	0.000363087	0.000880549
78	0.026474	0.00214838	0.0728206	0.0883061	0.00218412	0.0166108	0.0172114	0.00290545	0.355333	0.00953392	0.00420877	0.0790198	0.0312483	0.0795325	0.0833601	0.0859916	0.0326828	0.00877858	0.000428261	0.00122122
79	0.0266294	0.00976272	0.00312685	0.0145858	0.00273885	0.0113934	0.0175822	0.00489179	0.00445958	0.0109819	0.00245568	0.00476083	0.748233	0.0147126	0.0042421	0.0411163	0.0629934	0.00687259	0.000652521	0.00780877
80	0.137653	0.034522	0.00200582	0.0292819	0.00288217	0.0250382	0.0156492	0.0275346	0.234534	0.0316472	0.00724042	0.0400904	0.0137399	0.0329895	0.221995	0.0881798	0.0310512	0.0144456	0.000751466	0.00876891
81	0.167928	0.04051	0.00141965	0.0118372	0.0091136	0.0270409	0.00137304	0.0464076	0.00229062	0.0157797	0.00822816	0.0194939	0.0685393	0.00541577	0.0134351	0.156357	0.199748	0.198853	0.0039054	0.00232479
82	0.130913	0.0459211	0.0015468	0.00148792	0.00474173	0.0137727	0.00101625	0.00594127	0.00179722	0.0139045	0.00318013	0.0175529	0.0210077	0.003953	0.0139533	0.172089	0.518013	0.0276408	0.000492999	0.00107484
83	0.365669	0.0614495	0.00326071	0.00337866	0.0191878	0.143912	0.00311049	0.0114015	0.00581146	0.00786655	0.04974	0.00532822	0.00344493	0.0164852	0.0201804	0.128253	0.0590215	0.0256717	0.0496334	0.0171943
84	0.0313489	0.0244727	0.00130891	0.00314635	0.167866	0.0153298	0.00474909	0.107261	0.00492689	0.383652	0.0926328	0.00660283	0.0040845	0.00242824	0.00451447	0.0322553	0.0279232	0.0755585	0.00153255	0.00840558
85	0.0166833	0.00342401	0.00253049	0.000607383	0.0624351	0.00140966	0.000979473	0.0997821	0.00160493	0.542298	0.134122	0.000785284	0.0029577	0.00463561	0.00647756	0.00912912	0.0187293	0.0794183	0.00596841	0.00602217
86	0.0316711	0.0630171	0.00615925	0.0069052	0.00642162	0.0806853	0.0160075	0.0194816	0.0107052	0.00956815	0.00891247	0.120714	0.015714	0.0235966	0.0402285	0.480143	0.0402616	0.0131156	0.00256235	0.00413042
87	0.118462	0.0161145	0.00925568	0.039853	0.0788739	0.0171663	0.00803954	0.0234968	0.0110087	0.136436	0.115699	0.0153201	0.00726416	0.00763281	0.0100668	0.198932	0.142677	0.0337308	0.00231766	0.00765227
88	0.0390904	0.0532864	0.0232681	0.00431032	0.172388	0.00942853	0.00423551	0.0484803	0.00613924	0.0440784	0.00503807	0.0127791	0.0058584	0.00482904	0.00684211	0.0317812	0.0178558	0.0155728	0.42405	0.0706883
89	0.0130256	0.0218734	0.000257348	0.00223954	0.0161124	0.000900217	0.00560495	0.318177	0.00404223	0.189353	0.18304	0.000884821	0.000349014	0.000468628	0.000392952	0.0114365	0.0241223	0.204695	0.00270918	0.000316675
90	0.0205971	0.0627624	0.0038736	0.00346474	0.00468825	0.04854	0.0222773	0.0262076	0.00544431	0.0089988	0.00696397	0.170145	0.0235741	0.0336428	0.0319461	0.472117	0.0381255	0.0113377	0.00198717	0.00330639
91	0.0209108	0.00503632	0.0152947	0.0469732	0.00389227	0.0296682	0.00321208	0.00678515	0.0174343	0.00655309	0.00475985	0.751221	0.0201429	0.0213652	0.00601757	0.021821	0.00887089	0.00581747	0.000868898	0.00335556
92	0.124595	0.0173536	0.00438814	0.00432976	0.0111244	0.016049	0.00520789	0.0596247	0.0123521	0.021987	0.0353788	0.0142094	0.0169424	0.0303073	0.00676755	0.213007	0.190443	0.188528	0.00226688	0.025138
93	0.269723	0.0653904	0.00544612	0.0017546	0.00604879	0.152139	0.0018788	0.0167913	0.00462135	0.0234059	0.00491755	0.0116238	0.084136	0.00507725	0.0158907	0.136196	0.159725	0.0298024	0.00307924	0.0023517
94	0.344525	0.0613873	0.00105555	0.00120886	0.00441724	0.0155803	0.00110578	0.0344376	0.00155444	0.0121836	0.0272041	0.019586	0.00558676	0.00186805	0.00537121	0.0790933	0.309796	0.0680117	0.00051417	0.00551281
95	0.207236	0.0389152	0.00100317	0.00105122	0.00765159	0.00698435	0.000896148	0.0160297	0.00123504	0.0055836	0.0122958	0.0210828	0.00370305	0.00131801	0.00562718	0.101201	0.524586	0.0404854	0.000452993	0.00266203
96	0.444134	0.0133572	0.0248654	0.00666773	0.00766938	0.0661656	0.00374055	0.0286556	0.00695847	0.0750748	0.0127245	0.00926306	0.00546627	0.00372838	0.00969241	0.181762	0.0732975	0.0192917	0.00251085	0.00497443
97	0.0147121	0.00314855	0.00273691	0.0011913	0.0612865	0.00180468	0.00110986	0.0585567	0.0047472	0.591394	0.1465	0.00105575	0.00306824	0.00554969	0.00749338	0.0103539	0.019652	0.055924	0.00461512	0.00510042
98	0.0144576	0.0232098	0.000510471	0.00219254	0.0183361	0.00140584	0.00723293	0.304456	0.00384756	0.183071	0.197482	0.0015291	0.000524786	0.000686717	0.000816457	0.01404	0.0259769	0.196734	0.00272027	0.000770737
99	0.0130126	0.0220934	0.000277862	0.00216623	0.0163609	0.000932054	0.00549308	0.318018	0.00400741	0.191987	0.18142	0.000901832	0.000342288	0.000476893	0.000380335	0.0115583	0.0240354	0.203532	0.0026082	0.000396644
100	0.26727	0.0899336	0.0149229	0.00579049	0.00870912	0.181423	0.00150016	0.0236882	0.00773744	0.00807349	0.00262822	0.00439004	0.00257576	0.001909	0.00423356	0.334029	0.0263391	0.0101503	0.0029072	0.00179005
101	0.0252364	0.00417749	0.000258559	0.00311633	0.00890165	0.00376553	0.000539091	0.401064	0.000959458	0.159798	0.0387331	0.00335584	0.000311776	0.000298352	0.00264256	0.00864355	0.0178065	0.317526	0.000491823	0.00237409
102	0.0270845	0.0043361	0.00277803	0.000430964	0.0634028	0.00310914	0.00043921	0.143971	0.000406329	0.494687	0.0911163	0.000542908	0.00393297	0.0039891	0.00532396	0.0108778	0.0187654	0.113177	0.00416457	0.0074659
103	0.0460875	0.01241	0.125596	0.170436	0.00285967	0.0319708	0.0225247	0.022174	0.0217386	0.00409018	0.0115585	0.0571848	0.00519493	0.249835	0.0545738	0.0866059	0.0392816	0.0319949	0.000787886	0.00309565
104	0.0238694	0.0077332	0.0270887	0.28804	0.00457783	0.0126146	0.0436143	0.0114821	0.00836686	0.00717701	0.00724931	0.0208305	0.0104948	0.288375	0.0396363	0.127388	0.0175712	0.0480648	0.00210632	0.003719
105	0.0156732	0.00162878	0.00270408	0.000284799	0.0680603	0.00109055	0.00093937	0.0781	0.000638523	0.578153	0.115655	0.000621272	0.00321353	0.00446102	0.00745032	0.00880061	0.0196123	0.0759507	0.00800229	0.00895995
106	0.059689	0.0135351	0.0592445	0.0654628	0.0271629	0.0227553	0.0307637	0.0726533	0.0986907	0.0683985	0.0380761	0.0591521	0.0200034	0.0515487	0.054348	0.102554	0.0423965	0.0748441	0.000532909	0.0381887
107	0.0483712	0.0772461	0.00787781	0.00204614	0.0571682	0.0116236	0.0166763	0.0828006	0.0102023	0.200065	0.137535	0.0263801	0.00154078	0.00227208	0.0208415	0.105424	0.0806726	0.0675115	0.000768817	0.0429765
108	0.0289983	0.015506	0.00134737	0.000718921	0.0572374	0.00539435	0.000465989	0.311966	0.000756329	0.369993	0.0817394	0.000498237	0.000704134	0.000674199	0.00144167	0.00729743	0.00891061	0.0984953	0.000736521	0.00711861
109	0.161241	0.116899	0.00445139	0.00142181	0.00738275	0.247203	0.00117587	0.00517116	0.00255688	0.00778857	0.00182425	0.00221967	0.00191552	0.00137856	0.00201555	0.386011	0.0336597	0.0124007	0.00186171	0.00142227
110	0.0221623	0.00320119	0.00102217	0.00248069	0.00676305	0.00398692	0.000955517	0.470526	0.0013023	0.0889475	0.0169467	0.00333375	0.00120819	0.00127147	0.00282907	0.00892088	0.0362042	0.324126	0.000585603	0.00322565
111	0.327161	0.177446	0.00306859	0.00349756	0.00498055	0.0417832	0.00277958	0.0100425	0.00448092	0.0321092	0.0059881	0.00593752	0.124614	0.00522868	0.00800629	0.118288	0.100376	0.019396	0.0015224	0.00329446
112	0.0281322	0.0245175	0.0408785	0.00412763	0.00566456	0.653224	0.00573929	0.00521436	0.0230426	0.00508407	0.00686674	0.0085492	0.0349077	0.0121216	0.0824279	0.0292268	0.0120056	0.00636282	0.000997709	0.0109093
113	0.042383	0.0651675	0.00564883	0.00201043	0.0370345	0.00677273	0.00690572	0.212478	0.00358348	0.158321	0.138933	0.0147402	0.0017278	0.00102494	0.00467649	0.069069	0.072151	0.149601	0.00132278	0.00644857
114	0.250413	0.0619263	0.00486887	0.00197915	0.00828165	0.282749	0.00252461	0.0266481	0.00410338	0.00859713	0.00432228	0.00684283	0.0118517	0.00324194	0.00496737	0.203891	0.0838067	0.0116228	0.0131647	0.00419774
115	0.11352	0.0255676	0.00328359	0.00407851	0.00857419	0.0125427	0.00235422	0.0119051	0.00646743	0.00738388	0.00609518	0.0287533	0.0076286	0.00341531	0.0122261	0.223168	0.475219	0.0436723	0.000943514	0.00320095
116	0.0252309	0.00456799	0.00204264	0.000866486	0.067666	0.00375239	0.000885835	0.113024	0.000953929	0.527129	0.0909917	0.000873888	0.00402774	0.0046052	0.00560695	0.0113167	0.0219849	0.103088	0.00480504	0.00658127
117	0.0156557	0.00951641	0.00439574	0.00456687	0.00655722	0.0104576	0.0317016	0.364359	0.00637072	0.0109661	0.0346893	0.00768	0.0594969	0.00599148	0.00607699	0.103425	0.243448	0.0675341	0.0026651	0.00444577
118	0.062391	0.0274366	0.0106674	0.00629701	0.0162209	0.349455	0.00879531	0.0215669	0.0101812	0.0187863	0.0125781	0.0152058	0.0154054	0.010164	0.0165262	0.178956	0.0887181	0.0719145	0.00444515	0.054289
119	0.114191	0.0294745	0.00347757	0.00337311	0.00666389	0.0080339	0.00200391	0.00719417	0.00658551	0.0044293	0.00488677	0.036679	0.00619192	0.00275562	0.0131573	0.211733	0.514755	0.0221777	0.000695644	0.00154139
120	0.226829	0.0316692	0.012876	0.00200983	0.00683758	0.20244	0.00227822	0.0246622	0.0063887	0.0169571	0.00315613	0.0298019	0.161725	0.0026922	0.0213727	0.122807	0.111288	0.00935165	0.00276547	0.00209213
121	0.189129	0.0634966	0.00113905	0.00233401	0.00195626	0.0345813	0.00189403	0.010827	0.0013367	0.035173	0.00539782	0.00435635	0.18738	0.00808299	0.0123953	0.137293	0.243627	0.0561929	0.000583239	0.00282473
122	0.0172075	0.0043042	0.00916224	0.0195255	0.00373845	0.0330263	0.00512255	0.00625945	0.0148562	0.00606796	0.00372021	0.772308	0.030511	0.0206804	0.00454325	0.0306553	0.00911867	0.00565259	0.000882102	0.00265789
123	0.0244821	0.0055348	0.00190012	0.000299557	0.0619071	0.00374481	0.000483491	0.163941	0.000657907	0.477072	0.0876042	0.000560984	0.00269545	0.00362007	0.00570273	0.0113922	0.0168676	0.121415	0.00352468	0.00659397
124	0.0242111	0.00277104	0.000254229	0.00278563	0.00718164	0.00403127	0.000251887	0.408019	0.000698907	0.163055	0.0260804	0.00344454	0.000343882	0.000290625	0.00312704	0.00955676	0.0186219	0.322259	0.000202042	0.00281425
125	0.0297594	0.0167572	0.00115986	0.00233287	0.202234	0.0197172	0.0034486	0.0937052	0.00328785	0.364665	0.106835	0.00372469	0.00409279	0.00193496	0.00413928	0.0291611	0.0193994	0.0758448	0.00183719	0.015963
126	0.0826029	0.00961963	0.0397756	0.034372	0.0126431	0.0164077	0.0234206	0.0784508	0.0707709	0.0836396	0.0532742	0.0375777	0.0281359	0.0697668	0.0294676	0.14069	0.0464761	0.104223	0.000630572	0.0380548
127	0.0950035	0.0100523	0.0681378	0.14531	0.0151884	0.100942	0.00992087	0.0146916	0.0463182	0.00975754	0.00563573	0.104223	0.0391369	0.0982411	0.0228941	0.126116	0.0670641	0.0110562	0.000754627	0.00955682
128	0.0622378	0.00586804	0.0211217	0.0191545	0.0779431	0.0249369	0.0703596	0.12767	0.0223619	0.184028	0.0455046	0.00717592	0.00369103	0.114103	0.00669094	0.018176	0.011771	0.0800619	0.00110368	0.0960409
129	0.062597	0.0250165	0.0487806	0.0591477	0.0135248	0.0598289	0.0150119	0.109359	0.0440611	0.0972719	0.0276107	0.0261844	0.0809682	0.0402407	0.0338675	0.104732	0.0457844	0.0883369	0.00188319	0.0157937
130	0.0226636	0.00247099	0.00023133	0.00281494	0.00669923	0.00402827	0.00025075	0.409835	0.000688577	0.165412	0.02585	0.00355208	0.000306094	0.00029103	0.00314371	0.00889634	0.0172941	0.322654	0.000195821	0.00272234
131	0.0150379	0.00643274	0.184644	0.00571489	0.00648649	0.0366908	0.112527	0.00972314	0.00635379	0.00942825	0.00637959	0.11944	0.00516385	0.00682769	0.00516932	0.253726	0.194102	0.00882456	0.00175336	0.0055747
132	0.00443708	0.0205849	0.00159947	0.0012592	0.390241	0.0087977	0.00597441	0.0044299	0.00234587	0.0268028	0.0115345	0.00789707	0.0127792	0.00155257	0.0125328	0.0134673	0.00401126	0.00463489	0.0300728	0.435045
133	0.195376	0.0142217	0.00194058	0.00595525	0.025677	0.0771609	0.00233338	0.0326748	0.00227509	0.0245669	0.0109276	0.0236016	0.0502244	0.0121409	0.00423635	0.201716	0.106371	0.2027	0.00258004	0.00332145
134	0.0234569	0.00923996	0.00147188	0.00384283	0.000972139	0.00644641	0.00731602	0.00157332	0.00303509	0.0101483	0.0010611	0.00134426	0.833857	0.00361025	0.00185379	0.0339499	0.0462637	0.00245993	0.000306307	0.00779105
135	0.0656464	0.0194315	0.0416719	0.0437654	0.0178567	0.0628937	0.0209874	0.0853346	0.0404473	0.1193	0.030422	0.0393143	0.0493342	0.046459	0.0303756	0.106551	0.0546595	0.101925	0.00133119	0.0222937
136	0.231884	0.044235	0.00109407	0.00358812	0.00728378	0.046698	0.00507308	0.0259118	0.00172237	0.00921193	0.0237273	0.0108915	0.0201742	0.00413352	0.00321483	0.218904	0.104323	0.232898	0.0023062	0.00272583
137	0.0389726	0.00686859	0.000879683	0.000439396	0.10636	0.00835125	0.000692058	0.209097	0.000337805	0.329415	0.0342559	0.000968068	0.00107551	0.00030301	0.00211527	0.0167776	0.0247062	0.212019	0.00209065	0.00427567
138	0.0285478	0.0155123	0.00130732	0.000719459	0.0555145	0.00518056	0.000457973	0.322561	0.000632614	0.362345	0.0808884	0.000502315	0.000647337	0.000633287	0.00131922	0.00675571	0.00903756	0.0995472	0.000560706	0.00732903
139	0.0459479	0.0958007	0.0121706	0.00232268	0.0490834	0.00825785	0.0120161	0.11133	0.00550457	0.178404	0.149891	0.0239385	0.00162416	0.00169705	0.0109427	0.110636	0.0788833	0.0837883	0.000812966	0.0169486
140	0.0393905	0.0204856	0.000550533	0.00561702	0.136577	0.015833	0.00413918	0.0906131	0.00442409	0.468335	0.0565998	0.00348646	0.0074114	0.00425008	0.00143588	0.0223489	0.0371278	0.0769709	0.00146073	0.00294259
141	0.046014	0.0113483	0.000374812	0.000407486	0.164665	0.00722214	0.00146413	0.21182	0.000266523	0.302984	0.0295763	0.00182853	0.000859748	0.000317496	0.00366082	0.0129361	0.0190429	0.172975	0.00479644	0.00744048
142	0.0441051	0.0103553	0.000907275	0.000424894	0.111851	0.00700077	0.000736613	0.226912	0.000262064	0.327208	0.05027	0.000807078	0.00141762	0.000484361	0.00214874	0.0136192	0.0206671	0.171784	0.00205899	0.0069798
143	0.247493	0.085624	0.000854171	0.0014666	0.00146244	0.0443285	0.000907981	0.0129884	0.00107853	0.043717	0.006091	0.00277339	0.0464904	0.00921382	0.0138032	0.147507	0.271541	0.0612998	0.000394222	0.000965374
144	0.0514929	0.0282718	0.00809134	0.002273	0.138261	0.00584298	0.00289031	0.0708125	0.0033302	0.0580239	0.00357461	0.0153658	0.00375497	0.00242519	0.00429587	0.0369361	0.0184423	0.0158734	0.427383	0.102659
145	0.045119	0.0114081	0.000356205	0.000383913	0.166863	0.00728708	0.00152627	0.210316	0.000275727	0.306105	0.0282117	0.00194996	0.000827033	0.000331169	0.00372597	0.0126151	0.0185802	0.171314	0.00498399	0.00782094
146	0.053268	0.0293239	0.00870493	0.00244507	0.125321	0.00528908	0.00211286	0.0760749	0.00289085	0.0664407	0.00337952	0.0163521	0.00265917	0.00233117	0.00283271	0.0356191	0.0197485	0.0182969	0.449196	0.0777136
147	0.0356533	0.0247515	0.00270046	0.00245642	0.129116	0.0140719	0.0143536	0.102408	0.00688137	0.312344	0.10746	0.0122368	0.00187852	0.00458369	0.0154525	0.0454364	0.0325956	0.0861899	0.00133611	0.0480932
148	0.00243444	0.0167333	0.000619609	0.000769549	0.49947	0.00164201	0.0243657	0.00970827	0.00518797	0.103834	0.0373704	0.00127698	0.00106033	0.000868645	0.00104986	0.0151753	0.00228344	0.00514066	0.00466321	0.266346
149	0.0336083	0.0257994	0.00156948	0.00198533	0.103303	0.0198302	0.0051432	0.14495	0.00867851	0.387974	0.103937	0.00487673	0.0027745	0.00198754	0.0072767	0.0381908	0.0223671	0.0744182	0.00192305	0.00940639
150	0.0387664	0.0279048	0.0553139	0.00258361	0.0056821	0.557068	0.00447255	0.00556926	0.0302605	0.00563155	0.00545479	0.00391666	0.0485475	0.0162649	0.121103	0.0378364	0.0109498	0.00607811	0.00106683	0.0155292
151	0.0398736	0.0968033	0.0500086	0.0203552	0.0947868	0.0408228	0.0161209	0.0728285	0.0662071	0.178643	0.0182754	0.0181462	0.0588778	0.00548712	0.0479455	0.0883052	0.0115321	0.0400542	0.0313258	0.00360111
152	0.0971722	0.00477164	0.0794331	0.102148	0.00507814	0.0199159	0.014443	0.00986766	0.245815	0.0467999	0.0189278	0.0635003	0.0111538	0.062252	0.0672594	0.105075	0.0224295	0.0183679	0.000601371	0.00498939
153	0.0128714	0.00884353	0.00286423	0.00653098	0.0350277	0.00433121	0.00249827	0.0323677	0.0283054	0.512876	0.220069	0.00264022	0.00283628	0.010133	0.0187304	0.0234074	0.0383806	0.0329604	0.00196583	0.00236055
154	0.0654182	0.0210745	0.0174866	0.0140223	0.0115733	0.427047	0.0482054	0.0170137	0.0173112	0.014317	0.0474029	0.0134088	0.12721	0.0171522	0.0293377	0.0511253	0.0266793	0.0166818	0.00320503	0.0143281
155	0.051048	0.00268593	0.0600797	0.0221315	0.00225491	0.0664025	0.00183071	0.00400639	0.109875	0.00345092	0.00253633	0.0193787	0.447797	0.00730811	0.0430348	0.113482	0.0360332	0.0038809	0.000817734	0.00196563
156	0.0148581	0.0182223	0.000375172	0.00184207	0.0189948	0.000984171	0.00419188	0.328096	0.00417774	0.16481	0.21074	0.000992437	0.000378364	0.000484018	0.000417199	0.00980073	0.0258466	0.190326	0.00417705	0.00028467
157	0.0501046	0.017477	0.00135105	0.00157883	0.00358725	0.012971	0.0016387	0.00439739	0.106331	0.00319614	0.0031028	0.106437	0.00184553	0.00185275	0.0759285	0.334502	0.265265	0.00606946	0.000736589	0.00162827
158	0.00583202	0.0274042	0.00227416	0.00147087	0.374933	0.0123006	0.00213597	0.00388977	0.00202082	0.00373255	0.00403835	0.0111694	0.0184294	0.00196946	0.0201167	0.0155298	0.00477347	0.00515132	0.0457858	0.437042
159	0.191984	0.00506485	0.00883988	0.047043	0.00471756	0.149082	0.0903347	0.00738755	0.0279102	0.00721287	0.0109596	0.0262681	0.160344	0.0622484	0.0249863	0.123066	0.0164151	0.00843958	0.00146344	0.0262322
160	0.0580238	0.00829313	0.0461428	0.295714	0.00505839	0.0214809	0.0191204	0.0118787	0.0201916	0.00668194	0.00628054	0.0851445	0.0144815	0.222307	0.0316746	0.0838106	0.0337039	0.0231704	0.0010996	0.00574175
161	0.0629201	0.0225412	0.00149233	0.011532	0.0416408	0.0968279	0.0109324	0.196177	0.149468	0.0468919	0.0539907	0.002934	0.00215009	0.0122192	0.0023502	0.0263691	0.0438125	0.160716	0.0533901	0.00164449
162	0.0336545	0.0176002	0.00134966	0.00318499	0.178892	0.0269701	0.00409031	0.105331	0.00412967	0.373816	0.0874621	0.00364782	0.0055431	0.00328832	0.00347965	0.0256255	0.0235856	0.0860339	0.0021117	0.0102039
163	0.0784717	0.0279383	0.00033442	0.0025804	0.0540341	0.0164271	0.000341565	0.255307	0.00170057	0.120188	0.0377777	0.00127908	0.00528401	0.00038266	0.000493502	0.0460975	0.0740156	0.275664	0.00110721	0.000575835
164	0.0386388	0.00650617	0.000928348	0.000430125	0.0988807	0.00886777	0.000646267	0.20599	0.000406098	0.335186	0.0350124	0.000951628	0.00136894	0.000490456	0.00199319	0.0177922	0.0268401	0.213183	0.00180527	0.004082
165	0.0337991	0.0416321	0.00899742	0.00211882	0.070598	0.00719813	0.0104343	0.0811427	0.0052208	0.374224	0.147438	0.011338	0.00203538	0.00285522	0.00998832	0.057194	0.0521423	0.06491	0.00312137	0.0136115
166	0.0838139	0.0208699	0.000543182	0.0025347	0.0206356	0.00917977	0.000482978	0.272957	0.00189827	0.0814725	0.027155	0.00152783	0.00158088	0.000612084	0.000850653	0.0404051	0.0771853	0.355156	0.000213168	0.000925843
167	0.0386259	0.00654018	0.000896617	0.000408846	0.103106	0.00864256	0.000672615	0.20637	0.000358437	0.334435	0.0341813	0.000962604	0.00110649	0.000324195	0.00203158	0.0171423	0.025161	0.212883	0.00193233	0.00421925
168	0.0317613	0.0287633	0.00268129	0.00287038	0.111517	0.0137112	0.00495243	0.0947575	0.00622853	0.42868	0.102177	0.00562782	0.00388637	0.00323936	0.00601388	0.0358578	0.0306288	0.0747753	0.00302654	0.00884425
169	0.446515	0.0194045	0.00428429	0.00196977	0.00298731	0.150728	0.00134144	0.00676792	0.0165697	0.0143618	0.00324838	0.00262215	0.00218328	0.00186589	0.00309052	0.287299	0.0156586	0.0131613	0.00395693	0.0019843
170	0.15877	0.0281425	0.0012291	0.00605294	0.0157408	0.0217811	0.00175947	0.0418312	0.00286738	0.0121491	0.0137849	0.0216049	0.0388494	0.00465629	0.00530217	0.188791	0.16375	0.262496	0.00800646	0.00243603
171	0.259739	0.0150611	0.00135068	0.0130967	0.00856616	0.0345599	0.00172764	0.0445262	0.00385477	0.00998206	0.00848146	0.0142206	0.1395	0.00414096	0.0155869	0.148335	0.114137	0.158556	0.0024427	0.00213414
172	0.230708	0.0178957	0.000988817	0.00466056	0.0156939	0.0511248	0.00196814	0.0273039	0.00161609	0.0194332	0.0127434	0.021099	0.0452531	0.00732702	0.00361653	0.207447	0.103668	0.222094	0.00270158	0.00265754
173	0.0169482	0.0177875	0.000451216	0.00184226	0.022742	0.00130357	0.00370744	0.333039	0.00367841	0.177269	0.197431	0.000940036	0.000353718	0.000456458	0.000375618	0.00945141	0.0238421	0.183694	0.00404754	0.000639356
174	0.0396314	0.0205387	0.000528202	0.00563714	0.136609	0.0158928	0.0041302	0.090422	0.00442924	0.468951	0.0556157	0.00342654	0.0074674	0.00425583	0.0013495	0.0224198	0.0373765	0.0770127	0.00142629	0.00288039
175	0.0223648	0.00458044	0.000231544	0.00267368	0.00852607	0.00333898	0.000703829	0.413756	0.00111824	0.154643	0.0438806	0.00320874	0.000297473	0.000260825	0.00234962	0.00834171	0.0186552	0.308286	0.000576204	0.0022064
176	0.272645	0.0649763	0.00214491	0.00188626	0.00462109	0.101536	0.00962508	0.0283826	0.00204991	0.00707304	0.0116954	0.00475966	0.00699133	0.00347496	0.00396826	0.199621	0.0926035	0.174735	0.00413551	0.00307412
177	0.0553482	0.0144496	0.000487426	0.00108205	0.119361	0.0113364	0.000674033	0.239257	0.000290093	0.24682	0.0452638	0.00100058	0.00335855	0.000271358	0.00171228	0.020427	0.0306236	0.201257	0.00305155	0.00392887
178	0.0214705	0.00623083	0.00203489	0.00155602	0.0986858	0.00591515	0.00152798	0.0834759	0.00129793	0.544452	0.0901479	0.00145893	0.00492356	0.00360953	0.00488165	0.0170373	0.0211883	0.0765447	0.00503303	0.00852856
179	0.0128322	0.00176742	0.0028308	0.000506066	0.0717335	0.00114014	0.00097483	0.053764	0.00213111	0.636642	0.119214	0.000791671	0.0025048	0.00314338	0.00494381	0.00921258	0.0153907	0.0494928	0.00547705	0.00550725
180	0.00263	0.0166422	0.000623132	0.000787	0.498988	0.00165949	0.0245016	0.00982098	0.00527219	0.104769	0.0375447	0.00122127	0.0010546	0.000898393	0.0010183	0.0156805	0.00246666	0.00519233	0.00453613	0.264694
181	0.0703101	0.0209313	0.000492186	0.00206583	0.0838941	0.0152621	0.000456916	0.256764	0.00103658	0.16728	0.0471171	0.00119517	0.00608047	0.00034039	0.000911695	0.0327837	0.0508327	0.238443	0.00202676	0.00177571
182	0.0443512	0.0113197	0.000396541	0.000397745	0.164002	0.00714957	0.00150622	0.212654	0.000291291	0.309023	0.0299716	0.00189374	0.000801508	0.000338348	0.00375251	0.0123974	0.0182084	0.168643	0.00498631	0.00791534
183	0.0245245	0.00937149	0.000736049	0.0037685	0.00098171	0.0058501	0.00783606	0.00171939	0.00102055	0.0103149	0.00108092	0.00117508	0.835814	0.00380399	0.0010765	0.0324295	0.0476326	0.00248663	0.000316443	0.0080613
184	0.264387	0.00875773	0.0246012	0.0365354	0.0102149	0.038831	0.00800646	0.0155715	0.0128977	0.0128179	0.0235771	0.0449938	0.00136698	0.00576297	0.0134437	0.372982	0.082136	0.0213174	0.0004528	0.00134613
185	0.302337	0.0178275	0.00479021	0.00323799	0.00220447	0.0650102	0.00138763	0.0193356	0.0110557	0.00701134	0.00249485	0.0170316	0.235854	0.00166167	0.0543158	0.110992	0.124113	0.0173208	0.000652294	0.00136653
186	0.0255215	0.0180843	0.000985743	0.000922767	0.0454058	0.00460576	0.0015856	0.306294	0.00167069	0.332114	0.112984	0.000658393	0.000588289	0.000766841	0.00135997	0.00952779	0.0125828	0.117678	0.00133231	0.00533183
187	0.0196894	0.0026718	0.0021182	0.000640311	0.0454671	0.0011205	0.000832185	0.100532	0.00154609	0.522864	0.146249	0.000629282	0.00412945	0.00880833	0.00899969	0.00835756	0.0201813	0.0947063	0.00479893	0.00565916
188	0.017416	0.00306082	0.27454	0.0516828	0.00240407	0.0361371	0.00323951	0.0142479	0.00230689	0.014811	0.0132231	0.0717999	0.0226713	0.0177698	0.00246341	0.106991	0.328439	0.00417366	0.000839254	0.0117842
189	0.0508978	0.0294328	0.00975131	0.00225482	0.119093	0.00524629	0.00217189	0.0712514	0.00302378	0.0613192	0.00346888	0.0146294	0.00279833	0.00238777	0.00293193	0.033144	0.0182602	0.0168317	0.482028	0.0690769
190	0.0264815	0.00207755	0.0728414	0.0886761	0.00221974	0.0164912	0.0174734	0.00286625	0.356184	0.0094635	0.00415365	0.0794993	0.0320963	0.0792212	0.0832662	0.0846578	0.0317705	0.00890665	0.00041407	0.00124008
