255	20
1	0.0518491	0.00109729	0.0224675	0.0649457	0.100428	0.00529987	0.0534191	0.0594591	0.0687539	0.0463583	0.032346	0.0279761	0.000521173	0.0831179	0.0708556	0.0212001	0.061353	0.0653565	0.0134545	0.149741
2	0.0119446	0.0010652	0.000350945	0.00139115	0.027061	0.0017923	0.00044216	0.475733	0.000565625	0.130431	0.0158492	0.000574342	0.000294856	0.000967108	0.000583679	0.000999132	0.00120395	0.326547	0.000196747	0.00200701
3	0.00768257	0.00201822	0.145946	0.00280998	0.00291104	0.00331299	0.0154445	0.00529626	0.00344472	0.00561823	0.00285956	0.758947	0.00139414	0.00434824	0.00247918	0.0196417	0.00556168	0.00614396	0.000942365	0.00319767
4	0.160278	0.000589567	0.0976735	0.145505	0.00171049	0.0253886	0.0153626	0.0046502	0.138648	0.0454552	0.00149222	0.11052	0.000444704	0.0883261	0.055124	0.0738965	0.014287	0.0139839	0.000747027	0.00591714
5	0.0214668	0.00901787	0.00309553	0.0132205	0.0141108	0.00458908	0.0022218	0.0612518	0.00930787	0.535166	0.231437	0.00308899	0.0152948	0.0148202	0.0028242	0.0210893	0.00722304	0.017986	0.00306998	0.00971848
6	0.0182472	0.00343366	0.124427	0.026096	0.00752868	0.0139106	0.0175454	0.00876267	0.0201229	0.0114525	0.00621055	0.636689	0.0064933	0.0160084	0.0127196	0.0345837	0.0148751	0.0104233	0.0018267	0.00864351
7	0.0246793	0.00783691	0.00109631	0.00234861	0.022657	0.00317727	0.00189502	0.352103	0.00232261	0.0953018	0.014085	0.00194576	0.00224868	0.00230207	0.000644007	0.00675864	0.0182229	0.43378	0.00106245	0.00553254
8	0.00810571	0.00166614	0.00340093	0.00181342	0.394537	0.00200123	0.015305	0.0189374	0.0024005	0.0168632	0.00519019	0.0240815	0.00235813	0.00227561	0.00215575	0.0119063	0.0139855	0.0245738	0.0219145	0.426528
9	0.0625335	0.00325091	0.0250347	0.040518	0.0112077	0.0276003	0.0193113	0.0118617	0.0956613	0.0202202	0.0146349	0.024249	0.495907	0.0414945	0.0163945	0.0432036	0.0235906	0.0131082	0.00223604	0.00798196
10	0.0426043	0.0121106	0.00353149	0.00462951	0.0286974	0.00879406	0.00296167	0.265291	0.00658912	0.0914475	0.0163822	0.00503878	0.00475685	0.00639138	0.00247098	0.018542	0.0366814	0.430822	0.00209084	0.0101663
11	0.0607028	0.00239062	0.0264047	0.0409741	0.0104362	0.0257525	0.0193441	0.00999225	0.101931	0.0162524	0.0116722	0.0226651	0.507028	0.0397128	0.0161542	0.0410524	0.0246459	0.0128946	0.00185575	0.00813923
12	0.0376405	0.00548453	0.350704	0.133165	0.00971504	0.0810275	0.0177155	0.0101904	0.0361777	0.015298	0.00533995	0.128219	0.011024	0.042422	0.0105999	0.0493773	0.0274167	0.0151346	0.00319734	0.0101512
13	0.165901	0.00921466	0.028858	0.0285012	0.0131905	0.392353	0.00589415	0.0221826	0.0422715	0.0209485	0.00744066	0.0333236	0.0080801	0.0262162	0.0447982	0.0702749	0.0348136	0.0278073	0.007624	0.0103067
14	0.0412149	0.00344396	0.358601	0.137574	0.0103946	0.0645525	0.0183791	0.0104042	0.0376677	0.0141775	0.00630468	0.128204	0.0102428	0.0427383	0.0112538	0.050849	0.0286156	0.013936	0.00227249	0.00917345
15	0.0451519	0.0282068	0.00738907	0.00511133	0.00626392	0.01513	0.00296871	0.0162469	0.00569383	0.0127779	0.00930884	0.00806092	0.00245933	0.00520571	0.00511337	0.101261	0.670992	0.0400207	0.00143374	0.0112041
16	0.112444	0.00947629	0.0459383	0.0157631	0.00960093	0.577528	0.00346266	0.0110789	0.0337047	0.0115602	0.00453377	0.0404304	0.00583189	0.017159	0.0107946	0.0435523	0.0240456	0.0143948	0.00336572	0.00533489
17	0.0393201	0.00362889	0.0220926	0.00238281	0.00467463	0.0108427	0.00150461	0.0206769	0.00301938	0.0064505	0.00613324	0.00948573	0.00530394	0.00292633	0.00406103	0.267291	0.531922	0.0405498	0.000626098	0.0171074
18	0.0202279	0.00442954	0.123841	0.0218654	0.00678723	0.0234501	0.0169476	0.0101554	0.0149705	0.0120964	0.00567241	0.645029	0.00591501	0.0136627	0.00709153	0.0321312	0.0146842	0.011123	0.00206761	0.00785257
19	0.0374493	0.0100331	0.00466236	0.0102647	0.0464917	0.00805411	0.00476497	0.105846	0.00862812	0.414254	0.213706	0.00598969	0.00935277	0.0118088	0.00696901	0.0247457	0.0116329	0.0421486	0.0060494	0.0171487
20	0.0950586	0.0445603	0.00437029	0.00467365	0.0630623	0.050267	0.0226923	0.00831333	0.0496945	0.114588	0.0254165	0.0389529	0.00256027	0.0266064	0.00403612	0.322974	0.0739879	0.00861067	0.00154132	0.0380344
21	0.12953	0.00314569	0.00574238	0.00452877	0.0179406	0.00598976	0.0365302	0.0533413	0.00898209	0.276909	0.176306	0.0311922	0.00269985	0.00902505	0.0315796	0.0875356	0.0268046	0.0340912	0.00141574	0.0567105
22	0.0339724	0.00843866	0.00193158	0.00113596	0.00147934	0.00650395	0.000520904	0.00312107	0.0011728	0.00385202	0.00535379	0.00369081	0.000389669	0.000951564	0.00138217	0.10801	0.790321	0.022911	0.000246722	0.00461507
23	0.0375509	0.00495525	0.000784903	0.00466446	0.0926452	0.0032236	0.000646764	0.277237	0.00094551	0.307798	0.149697	0.00141363	0.000459654	0.00136287	0.000830515	0.00304636	0.013773	0.090162	0.000649365	0.00815409
24	0.0956079	0.0248043	0.0030739	0.00159957	0.0420698	0.00899566	0.000403793	0.267466	0.00196985	0.233093	0.0508923	0.000723225	0.000277105	0.0030423	0.000593541	0.00958083	0.00720118	0.234727	0.00119153	0.0126874
25	0.0764077	0.00183766	0.0811607	0.0767931	0.00276948	0.257582	0.00107836	0.0108303	0.0689972	0.00362574	0.00233113	0.0190344	0.0305627	0.0194318	0.0107327	0.228101	0.0311612	0.0430027	0.000851038	0.0337092
26	0.0786021	0.00517515	0.136757	0.29912	0.00412404	0.0223736	0.0128296	0.0064432	0.0817568	0.00617454	0.00543842	0.0447475	0.0225098	0.0777031	0.0184974	0.0940588	0.0459462	0.0278789	0.000200397	0.00966404
27	0.0778465	0.0120879	0.00183858	0.00404033	0.019761	0.00424782	0.00105434	0.235991	0.00600096	0.229974	0.0302185	0.000904841	0.00254082	0.00334827	0.000838862	0.0194107	0.0094274	0.325022	0.00275253	0.0126929
28	0.394136	0.0145009	0.00120999	0.00120373	0.00170465	0.148492	0.000809465	0.0167983	0.0014008	0.0728875	0.0325328	0.00153139	0.000605122	0.00140451	0.00707546	0.211779	0.0301385	0.0540555	0.00602651	0.0017082
29	0.0701819	0.0182868	0.00181217	0.00266248	0.0990278	0.00879475	0.000754913	0.244437	0.00138007	0.2527	0.0994275	0.0016442	0.000384166	0.00236225	0.000982136	0.00512701	0.0161173	0.159126	0.00101602	0.0137746
30	0.486678	0.00823953	0.000872748	0.0097937	0.000855381	0.0268891	0.000498179	0.00996763	0.00529685	0.00443942	0.000820741	0.013328	0.00033752	0.0055933	0.0135435	0.328089	0.0488201	0.0346389	0.000280639	0.00101807
31	0.0313963	0.00486435	0.0118841	0.0497384	0.00291754	0.0203571	0.037234	0.00550918	0.381341	0.00673912	0.00964251	0.052774	0.00268014	0.070433	0.214341	0.0291143	0.055754	0.000988223	0.00252697	0.00976432
32	0.142132	0.00394922	0.0769631	0.014896	0.0210239	0.46353	0.00246524	0.00719734	0.00710507	0.00889537	0.00610467	0.0647001	0.00258698	0.038552	0.00949149	0.059224	0.011899	0.00964186	0.0313624	0.0182796
33	0.359126	0.00348955	0.00360844	0.00388534	0.00511659	0.0216166	0.00491551	0.0106627	0.00544307	0.208441	0.112315	0.00656922	0.00240609	0.00528302	0.00579378	0.130481	0.0674659	0.034644	0.0022758	0.00646171
34	0.0218898	0.00593189	0.00391231	0.010593	0.0788503	0.00942661	0.0369011	0.25095	0.00987653	0.245762	0.0295371	0.0208112	0.00180612	0.0115913	0.00701389	0.0225807	0.0464085	0.141456	0.00849542	0.0362064
35	0.0566585	0.00227965	0.0104609	0.0095607	0.0699225	0.00895671	0.0314531	0.043574	0.0280248	0.313696	0.116576	0.0274716	0.00296755	0.0186735	0.0561912	0.0538906	0.0126493	0.0398146	0.00202338	0.0951555
36	0.117688	0.00672909	0.0471617	0.0759935	0.0280639	0.418147	0.00396523	0.00965275	0.026327	0.0113488	0.00539455	0.0633744	0.00682182	0.0269699	0.0304613	0.0695694	0.0174304	0.0148635	0.00812902	0.011908
37	0.462182	0.0133697	0.00578179	0.00972639	0.00152208	0.081945	0.000947746	0.0116464	0.0102409	0.0209418	0.00895036	0.0105408	0.0044155	0.0060132	0.00930666	0.25816	0.0407176	0.0390487	0.00145273	0.00309029
38	0.0222028	0.0130684	0.00539913	0.018837	0.00246762	0.00886381	0.020507	0.00484986	0.260001	0.00769849	0.00497334	0.0243872	0.00159978	0.0387022	0.51461	0.0192724	0.0224366	0.00306644	0.00135625	0.00570109
39	0.107856	0.00876862	0.0481396	0.016722	0.0101083	0.585676	0.00276112	0.0124614	0.028838	0.0111635	0.00430183	0.0442814	0.00458752	0.0160219	0.00795393	0.047317	0.018603	0.0142674	0.00428474	0.00588629
40	0.0231045	0.00305441	0.120378	0.0189585	0.00700802	0.0193105	0.0160593	0.00970471	0.0147292	0.0118788	0.00543023	0.65273	0.00451439	0.014677	0.00671182	0.0359811	0.0154342	0.012565	0.00129146	0.00647836
41	0.171763	0.0110215	0.0236022	0.0334792	0.0154982	0.0574105	0.00890769	0.028986	0.0233407	0.0315338	0.0136015	0.0335631	0.0143983	0.0199087	0.0134892	0.342482	0.0899085	0.0469485	0.00328152	0.0168755
42	0.130495	0.0115021	0.0389575	0.014708	0.0103487	0.584859	0.00333268	0.0108039	0.0257005	0.00972255	0.00354599	0.0341606	0.00452037	0.0151792	0.00829925	0.0509823	0.0196908	0.0146484	0.00334571	0.00519753
43	0.0263631	0.00863968	0.00139655	0.00314807	0.0220829	0.00330763	0.00183409	0.336924	0.00265199	0.0851278	0.0121514	0.00217159	0.00199742	0.0030834	0.00116866	0.00875733	0.0229237	0.44915	0.00108754	0.00603294
44	0.0325314	0.00527047	0.00342337	0.00544555	0.0451373	0.00676576	0.00342057	0.381582	0.00537692	0.145127	0.0365014	0.00534412	0.00207312	0.00560152	0.00436943	0.0134234	0.0156638	0.267079	0.00356738	0.0122976
45	0.0234551	0.00612369	0.00904093	0.00783743	0.104262	0.0115852	0.00676905	0.0174454	0.0102784	0.460881	0.011048	0.0112083	0.00472976	0.0108666	0.00781886	0.0992057	0.168217	0.0160375	0.00324434	0.00994634
46	0.0963077	0.00961096	0.0534398	0.045	0.0144813	0.18404	0.00602276	0.0166255	0.0468766	0.0225098	0.0109736	0.0237578	0.0211503	0.0199809	0.0121254	0.266966	0.0535625	0.0409218	0.00456553	0.0510818
47	0.0700279	0.00969978	0.0287544	0.0636432	0.02525	0.0302799	0.0111281	0.0565627	0.0464449	0.220513	0.0548877	0.0309385	0.0188926	0.132634	0.0252653	0.0540875	0.0416338	0.0519326	0.0054245	0.0219998
48	0.0130866	0.000793464	0.0014544	0.00217	0.0874852	0.00162647	0.0011138	0.39938	0.000463999	0.23461	0.0403894	0.00600063	0.00025661	0.00503737	0.00157995	0.00276933	0.0100675	0.172997	0.00324934	0.0154687
49	0.00413503	0.00274005	0.000633914	0.000553256	0.275133	0.000685776	0.00046252	0.149919	0.000601019	0.45738	0.0420376	0.000768989	0.000296146	0.00089554	0.000512291	0.001326	0.00130054	0.0223304	0.024445	0.013844
50	0.029823	0.00865627	0.00677784	0.025929	0.00287493	0.0113528	0.0272425	0.0042688	0.29281	0.00985298	0.00584613	0.0304183	0.00175525	0.0504035	0.428952	0.023587	0.0296304	0.0023905	0.00159183	0.00583647
51	0.117745	0.00994071	0.0442745	0.0164908	0.0114303	0.593394	0.00298688	0.01126	0.0261094	0.00934208	0.00361817	0.0364001	0.00320729	0.0168377	0.00949818	0.0424886	0.0218478	0.0135888	0.00388006	0.00565975
52	0.00382836	0.00299693	0.000591382	0.000540876	0.272509	0.000677659	0.000481119	0.129003	0.000613615	0.481629	0.0422943	0.000597817	0.00029351	0.000714811	0.000452549	0.00121622	0.00104052	0.0208023	0.0258724	0.0138446
53	0.273631	0.0171275	0.0138778	0.0131518	0.00521769	0.0468582	0.00165702	0.123201	0.0398508	0.0459819	0.0140719	0.0092236	0.00210891	0.00746587	0.0348594	0.102721	0.0528383	0.187528	0.00128253	0.007346
54	0.148804	0.00048483	0.0997081	0.151118	0.00161329	0.0267563	0.0154807	0.00416141	0.143291	0.0473159	0.00126636	0.113544	0.000472754	0.0915842	0.0495405	0.0655504	0.0165721	0.0154842	0.000828557	0.00642389
55	0.502985	0.0307574	0.00120694	0.00137058	0.00212686	0.130534	0.000821825	0.0153387	0.00161246	0.0461623	0.0226862	0.00151343	0.000625998	0.00144973	0.00439886	0.168315	0.0188323	0.0444431	0.00329089	0.00152847
56	0.00382836	0.00299693	0.000591382	0.000540876	0.272509	0.000677659	0.000481119	0.129003	0.000613615	0.481629	0.0422943	0.000597817	0.00029351	0.000714811	0.000452549	0.00121622	0.00104052	0.0208023	0.0258724	0.0138446
57	0.145729	0.00428868	0.00415399	0.0172301	0.0162291	0.0210769	0.00215631	0.0682069	0.0498751	0.0346715	0.0665034	0.00435827	0.00122013	0.00496226	0.0481526	0.113704	0.143021	0.212892	0.00118451	0.0403836
58	0.371162	0.0183155	0.00547311	0.00762821	0.00642315	0.276288	0.00123747	0.0159755	0.00803822	0.0243552	0.0101831	0.00559737	0.00249245	0.00688859	0.00635309	0.145552	0.0450462	0.0372689	0.00223741	0.00348425
59	0.00929004	0.00168881	0.00317563	0.0018885	0.400757	0.0026113	0.0183021	0.0170273	0.00323764	0.0114446	0.00437795	0.0254345	0.00281411	0.00257612	0.00272579	0.0119288	0.0149392	0.0253464	0.0234177	0.417017
60	0.0323504	0.00476081	0.0123017	0.0506872	0.00300675	0.021002	0.0373026	0.00552436	0.38006	0.00684559	0.00951674	0.0525182	0.00265606	0.0714555	0.212314	0.0295	0.0550387	0.00113702	0.0024711	0.00955136
61	0.497939	0.00811638	0.00101653	0.00927012	0.000697982	0.0275435	0.000431356	0.00883891	0.00461896	0.00463521	0.000704432	0.014298	0.000332834	0.00585527	0.0131544	0.312497	0.050215	0.0385022	0.000243836	0.00108933
62	0.0148332	0.00886092	0.000576726	0.00143701	0.0172693	0.00343405	0.00460531	0.33576	0.000991889	0.0613321	0.00677044	0.00234521	0.000384789	0.000914614	0.000596253	0.0043819	0.020319	0.510512	0.000314221	0.00436125
63	0.0520984	0.00457793	0.0263239	0.00576949	0.0333296	0.00687313	0.00665727	0.167785	0.00695256	0.172927	0.15226	0.0307807	0.0293442	0.0524178	0.0458316	0.0937213	0.0340395	0.0668782	0.0035446	0.00788787
64	0.0313963	0.00486435	0.0118841	0.0497384	0.00291754	0.0203571	0.037234	0.00550918	0.381341	0.00673912	0.00964251	0.052774	0.00268014	0.070433	0.214341	0.0291143	0.055754	0.000988223	0.00252697	0.00976432
65	0.06073	0.00256277	0.0254279	0.0401397	0.0111841	0.0312961	0.0188454	0.0121311	0.0980757	0.0169658	0.0123297	0.0225057	0.493029	0.038863	0.0171484	0.0463232	0.0262997	0.0166303	0.00172594	0.00778652
66	0.0676712	0.00365595	0.00512897	0.00740533	0.0109265	0.00643052	0.00383538	0.142786	0.035138	0.0155899	0.0362238	0.0135968	0.00824409	0.0274243	0.00559994	0.0204466	0.238301	0.343243	0.00187593	0.00647684
67	0.0444596	0.0047617	0.0878782	0.394545	0.00917896	0.0223108	0.0085875	0.0109966	0.0758415	0.0150307	0.010863	0.0496269	0.00942651	0.109803	0.0198862	0.0625903	0.0329023	0.0196282	0.00316904	0.00851455
68	0.126802	0.0102049	0.0430073	0.0179326	0.00911229	0.57792	0.00266672	0.0109281	0.0290684	0.0102339	0.00491467	0.0372523	0.0064074	0.0153412	0.00902423	0.0473381	0.0186706	0.0159445	0.00245782	0.00477313
69	0.0383986	0.0100586	0.00722825	0.00755382	0.00519962	0.0111698	0.00267166	0.0110081	0.00965483	0.0119355	0.0070524	0.00748122	0.0019109	0.00571851	0.00534738	0.110685	0.704288	0.0349577	0.000949403	0.00673083
70	0.0394664	0.0108191	0.00680279	0.00779735	0.0435423	0.01413	0.00429944	0.305937	0.00720964	0.104046	0.339174	0.00900995	0.00410026	0.0100327	0.00717884	0.0221118	0.0145208	0.0300132	0.0120182	0.00778999
71	0.0219607	0.00964805	0.00288094	0.0122612	0.0452259	0.00435127	0.00268123	0.0811458	0.00763507	0.521762	0.180338	0.00385328	0.0130488	0.0120773	0.00390734	0.0214117	0.00788028	0.0284683	0.00393964	0.0155227
72	0.0447013	0.00748232	0.00773033	0.00254439	0.00402402	0.0101801	0.00197467	0.00984618	0.00395029	0.00795139	0.00655738	0.00909871	0.00339983	0.0032289	0.00380893	0.175643	0.655974	0.031373	0.000736945	0.00979412
73	0.0294333	0.015048	0.000869475	0.00169003	0.0343317	0.00505343	0.00177402	0.265285	0.00156242	0.0804281	0.0110013	0.00185767	0.00468802	0.0030715	0.000687222	0.00791155	0.0301415	0.498547	0.000672824	0.00594609
74	0.100361	0.0247693	0.00357263	0.00375103	0.0239843	0.0117556	0.00137574	0.285972	0.0048348	0.202383	0.024155	0.00131714	0.00128177	0.00446128	0.00215885	0.0300162	0.0100797	0.253624	0.00208586	0.00806079
75	0.0114652	0.00723399	0.001713	0.00212939	0.00212768	0.00241484	0.00650617	0.00352856	0.13662	0.00595386	0.00223297	0.0119604	0.00095584	0.0141347	0.765007	0.0155419	0.00387356	0.00376836	0.000795038	0.00203741
76	0.07861	0.00891329	0.160387	0.272629	0.00411276	0.0369429	0.00996233	0.00696533	0.0822064	0.0120354	0.00957056	0.0365818	0.0168314	0.0662007	0.017971	0.0785869	0.0433569	0.0411406	0.000556491	0.0164398
77	0.307852	0.0167092	0.00264087	0.0022165	0.00199877	0.0345016	0.000952067	0.0980547	0.00445526	0.0199972	0.0208629	0.00223005	0.00107202	0.0030307	0.0026832	0.139278	0.209864	0.12189	0.00768138	0.0020291
78	0.138797	0.00243212	0.0687268	0.0556762	0.00283314	0.222862	0.00125957	0.0106028	0.0563863	0.00465029	0.00288596	0.0204972	0.0224984	0.0149267	0.00829349	0.24912	0.036549	0.0482843	0.00106501	0.0316535
79	0.309159	0.0143522	0.00254911	0.0020377	0.00210559	0.0315607	0.00101049	0.0873177	0.00416211	0.0193584	0.020456	0.00207785	0.00110499	0.00366502	0.00174536	0.14255	0.228632	0.115171	0.00891534	0.00207055
80	0.0215696	0.0346491	0.00229868	0.00298724	0.0267778	0.00753411	0.00281957	0.183738	0.00402474	0.0811069	0.00570252	0.00484612	0.00117202	0.00347017	0.00206175	0.011537	0.0649789	0.528744	0.000889848	0.0090915
81	0.154314	0.000522427	0.105588	0.150641	0.00141624	0.02376	0.0141825	0.00502093	0.143264	0.0503017	0.00126798	0.107818	0.000347963	0.0901747	0.0501374	0.0651319	0.0150286	0.0144034	0.00100991	0.00566991
82	0.0313963	0.00486435	0.0118841	0.0497384	0.00291754	0.0203571	0.037234	0.00550918	0.381341	0.00673912	0.00964251	0.052774	0.00268014	0.070433	0.214341	0.0291143	0.055754	0.000988223	0.00252697	0.00976432
83	0.0804261	0.00872153	0.0159994	0.0137368	0.00779521	0.077942	0.00294358	0.0163078	0.0183286	0.0158479	0.0109406	0.012165	0.0097698	0.010262	0.00661787	0.175384	0.468561	0.0347488	0.00199834	0.0115043
84	0.0427112	0.00559791	0.0107311	0.0135878	0.0117564	0.201869	0.00615145	0.0383356	0.0625675	0.0435766	0.00848539	0.0131493	0.133105	0.115771	0.0462377	0.0266455	0.193311	0.0165695	0.00232235	0.0075189
85	0.0196863	0.000497416	0.058419	0.495284	0.00206783	0.00705982	0.00640056	0.00745644	0.098606	0.0112403	0.000982903	0.0586316	0.000693876	0.137919	0.0252199	0.0274072	0.0268081	0.00580439	0.00315048	0.00666472
86	0.00581348	0.00896747	0.00266554	0.016393	0.0021715	0.00336984	0.00117194	0.0232134	0.0106705	0.618596	0.224955	0.00208249	0.0206669	0.0193348	0.00166581	0.0193573	0.00366342	0.00432881	0.000701153	0.0102112
87	0.059864	0.0113501	0.0991891	0.0487633	0.029717	0.0217954	0.0107547	0.0566731	0.0472702	0.289297	0.0476149	0.0389528	0.00924601	0.0324161	0.0212265	0.0479367	0.0404749	0.0516847	0.00739755	0.0283761
88	0.0576895	0.000975254	0.0244983	0.0476971	0.00307452	0.0186504	0.0243198	0.00292074	0.137951	0.00312497	0.00960618	0.0178622	0.545485	0.0419169	0.0165391	0.0309786	0.0109704	0.00342034	0.000605429	0.00171498
89	0.129352	0.00294189	0.00874097	0.0202498	0.00974185	0.00589797	0.00118559	0.216361	0.0210486	0.0446371	0.0103356	0.00261815	0.0186418	0.00494434	0.00428141	0.0662975	0.0588268	0.370955	0.000809381	0.00213349
90	0.101292	0.0124472	0.0148417	0.015998	0.0294999	0.148316	0.00834531	0.0649733	0.0232695	0.274894	0.0531148	0.0166186	0.0121613	0.0253501	0.0165659	0.0565716	0.0467301	0.0570465	0.00486437	0.0170997
91	0.0215407	0.00873534	0.00545276	0.0192026	0.00232551	0.00867399	0.0211183	0.00410896	0.270837	0.00742756	0.00494569	0.0245892	0.00148373	0.0436876	0.505445	0.0192239	0.0227033	0.00238077	0.00139941	0.0047178
92	0.0186718	0.000460363	0.0540507	0.497144	0.00189601	0.00686586	0.0059483	0.00748128	0.101107	0.01116	0.000990535	0.0571821	0.000396813	0.142684	0.026266	0.0261892	0.0266208	0.00523746	0.00323922	0.00640853
93	0.494067	0.00991935	0.004903	0.0131649	0.00328536	0.0238455	0.0010278	0.015542	0.00718376	0.0138203	0.00543591	0.0261121	0.012461	0.0200379	0.013384	0.223811	0.0472958	0.0613545	0.00116951	0.00217979
94	0.00950585	0.000464548	0.134419	0.0249295	0.00116872	0.563393	0.00379007	0.00458008	0.0749593	0.00131839	0.000765574	0.122144	0.000336171	0.0203431	0.0110016	0.0225222	0.00138761	0.00141212	0.000555234	0.00100315
95	0.0406297	0.0120378	0.00424486	0.007198	0.0233071	0.00886542	0.00336673	0.263856	0.00767756	0.0775583	0.01417	0.00731573	0.00682646	0.00782238	0.00386627	0.0239239	0.0385805	0.435738	0.00193401	0.0110815
96	0.0343049	0.00971174	0.00695269	0.00900931	0.0164214	0.0103465	0.00767429	0.13773	0.0146576	0.0450447	0.0145939	0.0581203	0.00517608	0.0126956	0.00743536	0.025881	0.120905	0.452182	0.00242444	0.0087329
97	0.0376244	0.00551082	0.372598	0.130103	0.00910469	0.0653735	0.0180311	0.00838625	0.0370918	0.012846	0.00516768	0.1279	0.00833189	0.0418595	0.0124356	0.0488437	0.0316546	0.0152539	0.00169881	0.0101842
98	0.302339	0.00666166	0.00373268	0.00865573	0.00432417	0.0188291	0.00252701	0.0116662	0.00691228	0.00924169	0.00443831	0.0105602	0.00293081	0.00680372	0.0085909	0.529986	0.0308145	0.0238196	0.00156273	0.00560288
99	0.122374	0.00963745	0.0457173	0.0151009	0.0102047	0.584225	0.00314675	0.0116578	0.0255784	0.010044	0.00435993	0.0403586	0.00400768	0.0151475	0.00780019	0.047792	0.0181709	0.0143116	0.00460999	0.00575487
100	0.267085	0.0195458	0.00187545	0.00433717	0.00832232	0.523526	0.000684496	0.0116891	0.00543299	0.0128322	0.00410076	0.00296228	0.000518391	0.00749171	0.00359451	0.0777248	0.0239234	0.0215742	0.00142921	0.00135012
101	0.109898	0.00293285	0.00483019	0.0578474	0.0461793	0.0057729	0.00369947	0.00801051	0.232743	0.0495785	0.104165	0.00559832	0.00249466	0.143578	0.0996748	0.0112419	0.0281998	0.00898473	0.0020086	0.0725614
102	0.121661	0.00918857	0.0415372	0.014355	0.0104314	0.588798	0.00254212	0.0130505	0.0265533	0.010215	0.004285	0.037617	0.00420624	0.0156001	0.00814757	0.0466683	0.0208186	0.015484	0.00379871	0.00504181
103	0.0113222	0.0013342	0.00280608	0.00109294	0.343811	0.0013647	0.000766525	0.136015	0.00118157	0.278185	0.0251724	0.00112871	0.000633852	0.00153146	0.00110906	0.00236619	0.00234661	0.0318003	0.00695419	0.149078
104	0.0879498	0.0253089	0.00189061	0.0107192	0.039953	0.00342404	0.00119949	0.109662	0.00388109	0.183194	0.0531764	0.00198732	0.00112896	0.00248385	0.00166216	0.0164356	0.0189514	0.361006	0.00119924	0.0747867
105	0.0286504	0.046449	0.00185976	0.0150946	0.105531	0.00451422	0.0232662	0.111948	0.0394108	0.0781878	0.00765708	0.00259586	0.00372699	0.014296	0.0161216	0.0471755	0.0946269	0.0916293	0.0226754	0.244584
106	0.0129119	0.000882696	0.00147795	0.00195612	0.0906911	0.00165553	0.0010982	0.397953	0.000449942	0.231599	0.0325531	0.0062612	0.000248692	0.00552073	0.00168711	0.00279249	0.0102891	0.180317	0.00337269	0.0162824
107	0.00392448	0.00282642	0.000574566	0.000539766	0.268464	0.000688526	0.000435515	0.128435	0.000588628	0.486696	0.0425308	0.000586352	0.000293114	0.000660373	0.000445065	0.00119469	0.00102887	0.0209613	0.0249139	0.0142129
108	0.0192509	0.000469617	0.055461	0.495749	0.00192033	0.0070464	0.00617351	0.00750805	0.100485	0.0113124	0.00096036	0.0575154	0.000525083	0.140868	0.0259303	0.0267339	0.0268167	0.00546628	0.00325861	0.00654891
109	0.22592	0.0188823	0.00232901	0.00511578	0.0102892	0.600556	0.00062327	0.0118336	0.00634736	0.00804299	0.00172727	0.00306593	0.000521704	0.00886736	0.00320085	0.0502518	0.0223443	0.0174088	0.00130001	0.0013724
110	0.0684538	0.0242235	0.00402665	0.00475443	0.120968	0.026953	0.00309779	0.110094	0.00516928	0.0803188	0.435338	0.0052543	0.00255483	0.00656182	0.00455539	0.0315733	0.00833582	0.00912452	0.0435443	0.00509887
111	0.0621991	0.00136565	0.0148389	0.0114679	0.0364267	0.0124319	0.018005	0.0216862	0.0165517	0.353992	0.0610831	0.0413745	0.00111389	0.0253647	0.0631624	0.0376729	0.00549222	0.0580532	0.00076735	0.156951
112	0.0656235	0.00108183	0.0507681	0.246174	0.00162659	0.0220539	0.0220132	0.0163492	0.290339	0.00307242	0.00177618	0.0239104	0.00854512	0.0388736	0.0464682	0.0305493	0.0793991	0.0492841	0.000545694	0.00154611
113	0.0074171	0.00125798	0.00308136	0.00186639	0.417602	0.00191772	0.0162763	0.0102633	0.00203696	0.00610242	0.00333042	0.0275775	0.00222437	0.00202527	0.00158698	0.011638	0.012343	0.0237414	0.023229	0.424483
114	0.0328073	0.00342172	0.0038387	0.00534501	0.00619192	0.278097	0.00341859	0.0488562	0.0852223	0.0515067	0.00524847	0.00455037	0.0622704	0.0966765	0.0659374	0.011028	0.219324	0.0097925	0.00179962	0.0046678
115	0.0090052	0.0016344	0.00345398	0.00184109	0.392797	0.00218937	0.0148036	0.0217916	0.00235781	0.0189066	0.00524306	0.0239431	0.00267185	0.00226111	0.00217295	0.0117592	0.0167332	0.0258097	0.0218066	0.418818
116	0.0551391	0.097919	0.194473	0.0920307	0.0153515	0.0255709	0.0161816	0.0251997	0.100178	0.0334334	0.0169986	0.0386311	0.0133476	0.0391135	0.0188816	0.0581886	0.100084	0.0324759	0.00587948	0.0209231
117	0.031737	0.0150211	0.00278403	0.00200829	0.00249053	0.00664156	0.00134763	0.00549669	0.00265946	0.00530668	0.0119109	0.0131229	0.00108379	0.00242279	0.00202747	0.100723	0.741999	0.0449451	0.000653066	0.00561856
118	0.0261373	0.00344391	0.0383922	0.507027	0.00742985	0.00605526	0.0044274	0.00617588	0.0689161	0.0121422	0.00909718	0.0469188	0.000830937	0.152437	0.0171901	0.0512423	0.0254846	0.00939525	0.00233058	0.00492563
119	0.0755251	0.0337461	0.00221916	0.00433128	0.116881	0.00664947	0.000833953	0.182811	0.00230866	0.180838	0.088736	0.00175537	0.000716386	0.00250928	0.00138562	0.00919619	0.0118037	0.240235	0.000866615	0.0366517
120	0.024013	0.00256987	0.00109048	0.00488489	0.0915246	0.00196497	0.000838073	0.319445	0.000659967	0.29951	0.104947	0.00368548	0.000276218	0.00318592	0.00101834	0.00247835	0.0126656	0.108925	0.0020323	0.0142848
121	0.0129271	0.000878652	0.000438124	0.00130018	0.0376552	0.00193322	0.000352978	0.463331	0.000442189	0.154645	0.0182888	0.00091842	0.000253537	0.0014093	0.000717594	0.00102702	0.0016172	0.298113	0.000534274	0.00321686
122	0.0927611	0.00438151	0.262858	0.161127	0.00435735	0.0655453	0.00613473	0.00653803	0.0382711	0.00744151	0.0149223	0.0635268	0.0135253	0.0682803	0.00841258	0.0648633	0.0580281	0.0388684	0.00208519	0.0180722
123	0.0268219	0.000599524	0.409785	0.194283	0.00531258	0.0731981	0.0146403	0.00154854	0.0262089	0.00289454	0.00168086	0.113129	0.0135727	0.0418603	0.00391375	0.0366419	0.0251463	0.0037231	0.000316159	0.00472245
124	0.0272836	0.000586257	0.408934	0.192911	0.00532511	0.0735669	0.0147459	0.00152101	0.0259333	0.0029591	0.0017553	0.113386	0.0131129	0.0420055	0.00390169	0.0374734	0.0256988	0.00389298	0.000318124	0.00468898
125	0.0132455	0.000319203	0.00253905	0.00282135	0.0931465	0.0011095	0.00131803	0.363961	0.000565694	0.273982	0.0321073	0.0110936	0.000239734	0.00849495	0.00177851	0.0047015	0.0169605	0.13952	0.00634934	0.0257478
126	0.0699202	0.0123068	0.00206014	0.00316752	0.0334991	0.00437241	0.00103637	0.274901	0.00352008	0.243277	0.027869	0.00243662	0.000448297	0.00374194	0.000967312	0.0132323	0.0101302	0.275051	0.00430031	0.0137621
127	0.0305987	0.00587985	0.0112387	0.044608	0.00293821	0.0185263	0.037497	0.00532994	0.365051	0.00735856	0.00888811	0.0501258	0.00251429	0.0658118	0.251573	0.0282277	0.0508385	0.00133323	0.00238482	0.00927645
128	0.0148295	0.0221677	0.00127329	0.00170323	0.0318864	0.00988002	0.00328054	0.245781	0.00147957	0.0716138	0.00235384	0.00339405	0.00058025	0.0013315	0.000867157	0.0114498	0.0530994	0.516866	0.000555301	0.00560749
129	0.0566069	0.0123098	0.0587044	0.0465091	0.0295762	0.0223441	0.156744	0.0422412	0.0724211	0.0453603	0.0202633	0.0561862	0.01003	0.0400566	0.0417171	0.0665679	0.1268	0.0447327	0.00616782	0.044661
130	0.0177759	0.0193937	0.000703255	0.000802467	0.0264912	0.00741136	0.00185221	0.275402	0.00080482	0.0613877	0.00333711	0.00156625	0.000309942	0.000736776	0.000439106	0.00716771	0.0362654	0.533143	0.000238976	0.00477113
131	0.0441213	0.00678775	0.0510697	0.0803742	0.0137657	0.0248443	0.0989378	0.0174288	0.225614	0.0220258	0.0113356	0.0555903	0.0332329	0.0562881	0.112683	0.0413311	0.0547186	0.0224476	0.00282255	0.0245812
132	0.0374339	0.00784732	0.00201523	0.00106957	0.00130327	0.00577865	0.000520472	0.00322918	0.00131403	0.00421374	0.00517909	0.00325282	0.000369399	0.000923842	0.00124012	0.124694	0.769871	0.0238867	0.000266471	0.00559107
133	0.031792	0.00258492	0.121179	0.0419936	0.0148535	0.00292524	0.20085	0.0162072	0.0952916	0.00440074	0.00258513	0.1295	0.0021983	0.0486308	0.0702829	0.049546	0.0834293	0.0161867	0.00142209	0.0641406
134	0.0620024	0.00242537	0.0246395	0.0383072	0.0096017	0.0253524	0.0199107	0.0136715	0.102502	0.0155981	0.0118409	0.0209908	0.512306	0.0387623	0.016028	0.0388534	0.0245416	0.0163678	0.0012699	0.00502901
135	0.113687	0.00357307	0.101335	0.0184381	0.0238634	0.44412	0.00266491	0.00695989	0.0104505	0.00813972	0.00575833	0.0760323	0.0031755	0.0403675	0.0100455	0.0552976	0.0116879	0.00948047	0.0310324	0.02389
136	0.0706428	0.0013972	0.139154	0.123216	0.00219422	0.0159023	0.00393155	0.01243	0.176742	0.152568	0.00240869	0.0613001	0.000952794	0.0693819	0.0290014	0.054519	0.0336967	0.0389258	0.0084806	0.00315446
137	0.135443	0.00181235	0.0023327	0.00439623	0.03895	0.00232231	0.00112465	0.194235	0.00594351	0.0734281	0.0402383	0.0024172	0.0447638	0.0146983	0.00182974	0.0165235	0.0209603	0.395568	0.000794077	0.00221821
138	0.0063209	0.00259815	0.00056621	0.00114245	0.238909	0.000945608	0.000568448	0.144202	0.000641653	0.479568	0.0581472	0.000548977	0.000285363	0.000706493	0.000456497	0.00127973	0.00221798	0.0271099	0.0205623	0.0132227
139	0.0188116	0.0228085	0.00100977	0.00591097	0.122305	0.00499826	0.0196623	0.0994167	0.0173688	0.0729132	0.0125894	0.00316112	0.00704649	0.0117229	0.0150928	0.0427902	0.0864501	0.0750221	0.0335635	0.327357
140	0.234879	0.0190961	0.00133977	0.00462868	0.0117054	0.588796	0.000713019	0.0135004	0.00704016	0.00907615	0.00149718	0.00217965	0.000607733	0.00906961	0.00255606	0.0484576	0.0246216	0.018094	0.00087096	0.00127089
141	0.0133357	0.00100736	0.00145947	0.00194734	0.0902016	0.00168645	0.00109418	0.397103	0.000456983	0.231226	0.0319962	0.00627757	0.000272399	0.00544908	0.0016758	0.00287373	0.0102683	0.181927	0.00341659	0.0163258
142	0.0131751	0.00343182	0.000284524	0.00126522	0.0100507	0.00134754	0.00107596	0.429821	0.000466111	0.0721132	0.0110803	0.000422999	0.000143387	0.000422338	0.000295936	0.00100826	0.00386484	0.446987	0.000121301	0.00262242
143	0.527691	0.00622071	0.00094156	0.00754726	0.000873326	0.0235102	0.000610227	0.00934747	0.00479818	0.0043234	0.000770238	0.0121697	0.000375064	0.0061064	0.0108215	0.276766	0.0682487	0.0375622	0.000278274	0.00103849
144	0.0145719	0.0239949	0.000825855	0.000858461	0.0309698	0.00710339	0.00178923	0.251816	0.000818292	0.0602986	0.00212654	0.00174514	0.000347196	0.000809566	0.00052781	0.00829032	0.0446466	0.543002	0.000223294	0.00523432
145	0.343894	0.0430028	0.00272795	0.00441587	0.00265541	0.0214371	0.00128974	0.00587383	0.00354216	0.00619951	0.00288151	0.0264399	0.00160494	0.00472222	0.0050671	0.314153	0.0588588	0.147264	0.000829729	0.00314028
146	0.232037	0.0010485	0.011104	0.00186205	0.0200628	0.0117182	0.00106439	0.0351611	0.00289079	0.0585864	0.0347708	0.0753549	0.181601	0.0716399	0.0192997	0.128772	0.0630655	0.0383473	0.00953474	0.00207852
147	0.0665976	0.00414273	0.14761	0.0770259	0.00712277	0.207946	0.00530274	0.0128344	0.0450502	0.010382	0.00679104	0.038594	0.0178551	0.0257891	0.00955332	0.190057	0.0659888	0.035127	0.00343652	0.0227945
148	0.0786021	0.00517515	0.136757	0.29912	0.00412404	0.0223736	0.0128296	0.0064432	0.0817568	0.00617454	0.00543842	0.0447475	0.0225098	0.0777031	0.0184974	0.0940588	0.0459462	0.0278789	0.000200397	0.00966404
149	0.123486	0.00975465	0.0361252	0.0558289	0.0116402	0.263058	0.00836866	0.0219453	0.160118	0.0217525	0.00954527	0.022351	0.0115863	0.0248402	0.0203982	0.0819825	0.0359213	0.065099	0.00313818	0.0130608
150	0.0133831	0.000331351	0.0024843	0.00291332	0.0933474	0.00111057	0.00131698	0.362976	0.000549953	0.274484	0.0332759	0.0110256	0.000237531	0.00849339	0.00176898	0.00469008	0.0167227	0.139326	0.00624654	0.0253162
151	0.054061	0.0010589	0.0213174	0.0578355	0.101888	0.00580303	0.0560597	0.0615929	0.0679	0.0449892	0.0312215	0.0304609	0.000467893	0.0832405	0.0706107	0.0205767	0.0612527	0.068916	0.0123819	0.148365
152	0.0128781	0.00254284	0.000280766	0.00134045	0.00971183	0.00116805	0.000922642	0.442771	0.000453189	0.0772964	0.011823	0.000399547	0.000141369	0.000397021	0.000289058	0.000793047	0.0021109	0.432224	0.000110281	0.00234671
153	0.0130043	0.00198224	0.000365581	0.00186535	0.0125685	0.00155913	0.00071904	0.445966	0.000515664	0.103937	0.012741	0.000526175	0.000176246	0.000481397	0.00032858	0.00113426	0.00202924	0.398094	0.000143197	0.00186312
154	0.0767559	0.00609187	0.132591	0.296871	0.00533071	0.0211159	0.0121199	0.00626852	0.0783394	0.00693779	0.00642688	0.045455	0.024509	0.0742713	0.0189605	0.102952	0.0475152	0.0271586	0.000227088	0.0101026
155	0.179247	0.0251461	0.0168595	0.0336924	0.0106119	0.471923	0.00233758	0.0113533	0.0156164	0.00896191	0.00422373	0.0107756	0.00486844	0.0242365	0.0059433	0.0932852	0.0504967	0.021392	0.00245351	0.0065764
156	0.0739911	0.00228958	0.09057	0.107684	0.00262324	0.231139	0.00299991	0.00969505	0.0738927	0.00449013	0.00269367	0.0261287	0.0270886	0.0272763	0.0111969	0.202034	0.0330347	0.0417303	0.000876834	0.0285647
157	0.0839864	0.00478076	0.148502	0.26385	0.00431649	0.0372954	0.0114088	0.00655645	0.0708611	0.00672614	0.00676602	0.0516493	0.0260712	0.087426	0.0155806	0.0836231	0.0524692	0.0271082	0.000431525	0.0105916
158	0.0928833	0.00405761	0.0481701	0.0531838	0.00409617	0.16583	0.00163791	0.0117074	0.0516353	0.00574079	0.0046406	0.0138619	0.0211158	0.0145417	0.00775113	0.251138	0.178247	0.0468844	0.00114773	0.0217298
159	0.197426	0.00563881	0.0691677	0.0448517	0.00875364	0.0685317	0.0068578	0.0197828	0.0625748	0.058933	0.089181	0.064768	0.0172024	0.0992382	0.0177373	0.073175	0.0270956	0.0547812	0.00533515	0.00896783
160	0.2568	0.00920665	0.0165929	0.0158615	0.0115428	0.0242969	0.00463298	0.0215016	0.0134853	0.0226269	0.0144144	0.0857639	0.0265182	0.0222386	0.0112507	0.202111	0.178154	0.0481441	0.0029109	0.0119469
161	0.0674832	0.00792877	0.0225194	0.0238173	0.0701046	0.124657	0.0140151	0.0305177	0.0447712	0.0355609	0.0186881	0.0278074	0.28146	0.038078	0.0178388	0.0680472	0.0495042	0.0310109	0.00676795	0.0194223
162	0.141984	0.00508271	0.0209725	0.00930328	0.0148585	0.0185778	0.00660048	0.0257073	0.0101165	0.0318117	0.0186566	0.0715158	0.115465	0.0400882	0.0120963	0.245721	0.138736	0.0485966	0.00539893	0.0187114
163	0.139961	0.0016629	0.00304259	0.00558037	0.0318223	0.00305275	0.00152742	0.167897	0.0113259	0.0456393	0.0385583	0.00301661	0.035691	0.0138862	0.00253175	0.0173529	0.113375	0.360482	0.000849577	0.00274478
164	0.0722009	0.00187151	0.0833885	0.341269	0.00443208	0.0211076	0.00941681	0.0054353	0.103728	0.0182027	0.00249069	0.0709462	0.00684207	0.1178	0.0252866	0.0600172	0.0332091	0.0141066	0.00132259	0.00692637
165	0.076077	0.00488616	0.144733	0.299625	0.00427258	0.0223884	0.0128553	0.00644073	0.0807305	0.0064179	0.00513086	0.0472779	0.0212921	0.0766313	0.0185375	0.0908628	0.0449775	0.0270611	0.000265454	0.00953629
166	0.00469292	0.00248051	0.000831928	0.00060979	0.27673	0.000864532	0.000597129	0.194057	0.000839581	0.414649	0.0403669	0.000854812	0.000369969	0.000852024	0.000625274	0.00142945	0.00132784	0.0203875	0.0220482	0.0153862
167	0.0550732	0.00778798	0.00168528	0.0100575	0.010736	0.00280136	0.00116473	0.158369	0.0104545	0.357107	0.0862146	0.00172627	0.000739086	0.00268312	0.00135211	0.0302087	0.00767828	0.23009	0.00152399	0.022547
168	0.144996	0.000471251	0.10226	0.153414	0.00147222	0.024518	0.0151508	0.00398901	0.154678	0.0426779	0.00118839	0.11349	0.000319266	0.090028	0.0500879	0.0645515	0.016581	0.013765	0.000704306	0.00565807
169	0.426043	0.0169394	0.00629316	0.0283212	0.00525617	0.0374984	0.00257433	0.0739652	0.015219	0.0566621	0.0182224	0.025267	0.00151279	0.0180926	0.03342	0.0592419	0.0333575	0.13475	0.00249307	0.00487079
170	0.0149236	0.00636428	0.000335681	0.00105181	0.0126214	0.00195944	0.00133964	0.394091	0.000517257	0.0606677	0.00856039	0.000509771	0.000163473	0.000480938	0.000306768	0.00179432	0.00967251	0.481099	0.000124439	0.00341633
171	0.015507	0.00874811	0.00039599	0.0008801	0.0151491	0.00274255	0.0018037	0.346451	0.000546961	0.0503268	0.00668286	0.000795047	0.000190643	0.000515643	0.000361475	0.00280054	0.0168884	0.524622	0.000152205	0.00443984
172	0.0140514	0.000963857	0.00339274	0.0015074	0.350863	0.00154614	0.000883107	0.23323	0.00169378	0.170396	0.0178428	0.00203926	0.000752222	0.00204146	0.0014726	0.00322489	0.00368901	0.0375009	0.00216107	0.150747
173	0.012569	0.000934743	0.000317122	0.00129463	0.0284677	0.00192915	0.000379825	0.469217	0.000435731	0.138579	0.0163301	0.000405123	0.000250693	0.000812484	0.000542948	0.000857527	0.000818543	0.324145	0.000126057	0.00158828
174	0.00394193	0.00274976	0.000625832	0.00053903	0.266067	0.000707496	0.000514153	0.127899	0.000598756	0.488482	0.0428105	0.00058262	0.000305474	0.00070153	0.000469169	0.00121886	0.00107324	0.021281	0.0241897	0.0152438
175	0.103744	0.00787491	0.0144189	0.0141813	0.0235187	0.0293736	0.0071625	0.0679217	0.019157	0.0838567	0.0238825	0.031531	0.187485	0.0360532	0.0135849	0.0673745	0.102765	0.148516	0.00497278	0.0126262
176	0.0152054	0.00214611	0.217318	0.0452129	0.00553419	0.0126279	0.0378537	0.0058317	0.0174495	0.00652721	0.00282464	0.532396	0.00406453	0.0186284	0.00976271	0.0340938	0.0163904	0.00608497	0.000876101	0.00917154
177	0.0121918	0.00152189	0.288815	0.061115	0.0047031	0.0196453	0.0232817	0.00346498	0.0123644	0.0053574	0.00225514	0.478938	0.00253114	0.019806	0.00378532	0.0395992	0.0126492	0.00435634	0.000712454	0.00290617
178	0.0474955	0.00235529	0.00778152	0.00778652	0.00459106	0.160906	0.00216239	0.0062623	0.217216	0.00687339	0.00430819	0.00525572	0.112502	0.0046046	0.00325389	0.349201	0.0413459	0.00984024	0.00123234	0.00502591
179	0.0924264	0.00707355	0.0611205	0.0857889	0.0145113	0.0272684	0.0140709	0.0244474	0.0447632	0.0329899	0.0172439	0.170171	0.0335105	0.080971	0.0202515	0.137851	0.0467554	0.068896	0.00470338	0.0151857
180	0.0157094	0.00550296	0.000346614	0.00132994	0.0131435	0.00188785	0.00113575	0.397072	0.000605788	0.0776935	0.0104435	0.000548248	0.000257199	0.000503437	0.000336339	0.00197294	0.00864981	0.458138	0.000160439	0.00456242
181	0.0121902	0.00030808	0.00193225	0.00227295	0.091	0.00136309	0.00120042	0.389391	0.000471397	0.249371	0.0312117	0.0083374	0.000274547	0.00729394	0.00204022	0.00349659	0.0128065	0.160508	0.00458388	0.0199469
182	0.00623843	0.0102813	0.00269675	0.0186039	0.00240712	0.00326253	0.00117573	0.0225159	0.00966971	0.625084	0.213371	0.0022235	0.0223268	0.0176222	0.00169656	0.0219559	0.00406885	0.00472836	0.000689929	0.00938161
183	0.349174	0.00551316	0.00551729	0.00440732	0.00357546	0.0160183	0.0018131	0.0219296	0.0158485	0.00847776	0.00634477	0.00719841	0.00178903	0.0155032	0.00408248	0.195433	0.258504	0.0718121	0.00268135	0.00437597
184	0.477503	0.0426317	0.0027265	0.00325825	0.00501091	0.0761763	0.00219089	0.0120257	0.0047677	0.0388311	0.013903	0.00764571	0.00147727	0.0047011	0.0056748	0.219471	0.0281544	0.0477168	0.0026139	0.00352029
185	0.0187572	0.000455515	0.0540306	0.496386	0.0019089	0.00687306	0.00597343	0.0075229	0.101583	0.0111313	0.000977769	0.0572027	0.000407858	0.142541	0.026398	0.0262149	0.0267178	0.00529501	0.00323	0.00639247
186	0.11458	0.00196162	0.0884994	0.162889	0.00420249	0.0192667	0.00998998	0.00715499	0.134104	0.0831535	0.0047684	0.0735881	0.0018768	0.112153	0.0418383	0.0826211	0.0276285	0.0206154	0.00275131	0.00635863
187	0.319121	0.00686268	0.00567026	0.0237287	0.00715256	0.0137373	0.0018685	0.127997	0.0122612	0.0443841	0.0111465	0.00828102	0.00825801	0.00805344	0.00992395	0.0617415	0.0656918	0.259406	0.00159208	0.00312131
188	0.0148381	0.00980281	0.000413426	0.000919608	0.0161312	0.00301002	0.00181336	0.33576	0.000554368	0.0515082	0.0058537	0.000819911	0.000188762	0.000514161	0.000356146	0.00321862	0.0189305	0.530904	0.000140108	0.00432343
189	0.0121164	0.00169408	0.000311788	0.00150447	0.0141657	0.00141535	0.000676311	0.457532	0.000429093	0.104935	0.0134034	0.000366499	0.000167466	0.000464575	0.000332578	0.00078069	0.0012711	0.386449	9.73632e-05	0.001887
190	0.0572319	0.000960304	0.0242117	0.0479772	0.00307353	0.0186369	0.0243458	0.00291594	0.138365	0.00309829	0.00965449	0.0179748	0.545339	0.0421252	0.0166757	0.0307176	0.0110119	0.00338447	0.000602978	0.00169725
