364	20
1	0.104884	0.0648822	0.00166846	0.00229298	0.0126053	0.0112963	0.00191729	0.204797	0.00158557	0.0630135	0.0268944	0.00216578	0.00754276	0.00285417	0.00126405	0.0195893	0.03015	0.434265	0.000900362	0.00543167
2	0.0697959	0.00842865	0.0829635	0.12174	0.00195431	0.0269866	0.0298715	0.0345014	0.137079	0.0472861	0.0159553	0.097563	0.0264474	0.0475008	0.0525444	0.0871175	0.0553554	0.0278368	0.000198696	0.0288741
3	0.0630618	0.00803616	0.0687261	0.105298	0.00165907	0.0228922	0.0251944	0.0152151	0.25285	0.0146224	0.0100547	0.0694147	0.0161631	0.0573871	0.090799	0.0953592	0.0546776	0.0155281	0.000693619	0.0123674
4	0.0703323	0.00879775	0.0873048	0.124761	0.00152298	0.0275661	0.0296714	0.0145098	0.19621	0.018233	0.0117882	0.0802724	0.0153038	0.0515228	0.050585	0.111894	0.0689586	0.0154459	0.000102156	0.0152181
5	0.0657036	0.0082145	0.0646219	0.107907	0.00644815	0.0161839	0.0503943	0.0775	0.0664756	0.125694	0.0260758	0.0647359	0.0230012	0.0526784	0.08655	0.0358335	0.0370265	0.0384891	0.000435894	0.046031
6	0.0159633	0.0145033	0.00112321	0.00284528	0.324414	0.00229301	0.00462555	0.0902215	0.00235577	0.402254	0.0305096	0.00438227	0.00588631	0.00216526	0.00403956	0.00547239	0.00510813	0.0573781	0.0139343	0.010525
7	0.00393039	0.0292294	0.0127536	0.0111214	0.330362	0.00208309	0.0642465	0.0140752	0.00293749	0.150923	0.112799	0.00343985	0.00102882	0.0142277	0.0184494	0.0136702	0.00405015	0.011018	0.00720811	0.192447
8	0.029472	0.000491374	0.13304	0.493654	0.00161238	0.0128948	0.013229	0.00476869	0.0509883	0.0114513	0.00352193	0.0436896	0.00196346	0.109083	0.0223488	0.0297433	0.0276301	0.00857374	0.00119944	0.000644054
9	0.052198	0.00251119	0.075374	0.377818	0.00194548	0.0179598	0.00832397	0.0121261	0.157552	0.00865346	0.00362507	0.0217021	0.00302473	0.130479	0.058902	0.0244801	0.0163315	0.0075952	0.00986546	0.00953306
10	0.0143005	0.015297	0.00206051	0.0027404	0.222819	0.00165823	0.0048024	0.0858063	0.00287396	0.478954	0.0484569	0.00493717	0.00384242	0.00393787	0.00577147	0.00551004	0.00690136	0.0606451	0.00864195	0.0200435
11	0.0249926	0.000542131	0.265292	0.446379	0.00156429	0.00937712	0.0116129	0.00290668	0.0286616	0.0104653	0.00271477	0.0415109	0.00147475	0.0831544	0.0141588	0.025202	0.0222208	0.00667889	0.000547461	0.000543949
12	0.025594	0.000562856	0.19214	0.494816	0.00282127	0.0114166	0.0129915	0.0035175	0.0361465	0.0108861	0.00289868	0.0410756	0.00164277	0.0898193	0.0160639	0.0245178	0.0222925	0.00965587	0.000672168	0.000468737
13	0.0151267	0.00744647	0.000499245	0.00511947	0.0419594	0.000774035	0.00181468	0.258196	0.00105173	0.399248	0.0825408	0.00171834	0.000808038	0.0033635	0.00310338	0.00568145	0.0114808	0.151311	0.00178403	0.00697317
14	0.0172719	0.0233977	0.00141571	0.00414718	0.114124	0.00122975	0.00227766	0.0905525	0.00255673	0.4966	0.0559072	0.0048901	0.00268051	0.00352722	0.00644242	0.00982755	0.0140498	0.128466	0.00550983	0.0151263
15	0.0650338	0.0183092	0.00612851	0.0117581	0.215564	0.0101743	0.0138992	0.167041	0.0136474	0.207774	0.0421722	0.0125533	0.0066197	0.0134429	0.0161583	0.0221942	0.0255138	0.104817	0.00943569	0.017763
16	0.028985	0.000436863	0.136201	0.490132	0.00146626	0.0134607	0.0114358	0.00395162	0.0434271	0.0122837	0.00370876	0.0469859	0.00208422	0.110382	0.0215801	0.0329772	0.0305144	0.00885515	0.000774166	0.000358639
17	0.00117578	0.00745028	0.000415136	0.000878805	0.32386	0.000472009	0.036733	0.0115404	0.000869805	0.0233659	0.00101568	0.00273678	0.000309209	0.00084183	0.000948765	0.00112905	0.00094797	0.0127049	0.0106024	0.562002
18	0.0653668	0.0336254	0.0393385	0.02824	0.00409033	0.593014	0.01171	0.00607912	0.0218639	0.00974619	0.00531424	0.0485375	0.0065863	0.0176867	0.0191863	0.0538722	0.0160385	0.0137311	0.00143188	0.00454141
19	0.0050637	0.0174605	0.00712624	0.00596586	0.350268	0.00169379	0.0399705	0.0272854	0.00232826	0.175698	0.0628136	0.00452313	0.00206659	0.0088506	0.0105048	0.00765028	0.0032429	0.0131954	0.0150066	0.239285
20	0.0879105	0.00417687	0.00524652	0.0129404	0.00921682	0.0177561	0.0233307	0.0175042	0.365027	0.0184169	0.0078261	0.0206585	0.00460106	0.0349465	0.217896	0.0601475	0.0204305	0.0305752	0.0044583	0.0369347
21	0.00398996	0.000849566	0.000514199	0.00145941	0.014147	0.000624455	0.000970324	0.613087	0.00103891	0.082082	0.014987	0.00115082	0.00056028	0.00125889	0.00121518	0.00173273	0.00364056	0.253477	0.000173516	0.00304131
22	0.00885061	0.00123404	0.451737	0.449342	0.0023461	0.00313859	0.00935843	0.00167218	0.00414807	0.00477697	0.00132829	0.0170425	0.000669815	0.0266519	0.00242722	0.00614084	0.00352346	0.00413754	0.000398999	0.00107556
23	0.013764	0.00619657	0.000305306	0.00289196	0.00129193	0.000317707	0.000833265	0.333055	0.00222887	0.0276725	0.00676261	0.00119842	0.000867794	0.00237423	0.00213895	0.000772256	0.0177227	0.578286	0.000949374	0.000371275
24	0.066799	0.00167788	0.0178305	0.0171356	0.00431496	0.052414	0.0101885	0.00331728	0.00646509	0.00382435	0.00204	0.00361088	0.633955	0.0105937	0.00377354	0.125378	0.0231215	0.0107695	0.000453116	0.00233691
25	0.411408	0.0831066	0.00587693	0.00746938	0.00486224	0.29065	0.00392797	0.00437091	0.00862114	0.00924056	0.00329239	0.00646847	0.00315596	0.00648358	0.00525294	0.0978966	0.0136305	0.0313775	0.000503631	0.00240499
26	0.0411865	0.0160107	0.0412022	0.0424639	0.0215341	0.0351421	0.0264977	0.0380281	0.0419991	0.184846	0.0294002	0.211788	0.0144327	0.0367543	0.0428972	0.0602849	0.0567313	0.0350457	0.00482766	0.018928
27	0.0673795	0.0117926	0.0162394	0.0282882	0.00863733	0.0332762	0.0240361	0.0272529	0.0991278	0.0261505	0.0117929	0.032554	0.0101558	0.0344254	0.279889	0.204197	0.0425411	0.0270635	0.00325535	0.0119446
28	0.0300446	0.00422361	0.340641	0.27104	0.00514615	0.0207086	0.0166845	0.00799376	0.0378478	0.0132893	0.00602431	0.0697525	0.00765318	0.0652346	0.0183782	0.0458866	0.0226794	0.010244	0.00147102	0.00505749
29	0.00589519	0.0062692	0.000543311	0.00131841	0.0110019	0.000813141	0.00161391	0.0827349	0.00219632	0.758819	0.0746163	0.00308038	0.000423023	0.00125892	0.00285082	0.00160443	0.00468988	0.0307783	0.000379689	0.00911336
30	0.0270973	0.0118671	0.00860277	0.0204627	0.0298047	0.00682134	0.0180136	0.109311	0.0382313	0.419946	0.0538956	0.0168811	0.00367931	0.0352596	0.0713727	0.0188576	0.0221022	0.0689435	0.00252382	0.0163268
31	0.147111	0.232404	0.00385086	0.00635569	0.00486598	0.0332091	0.00560283	0.0193444	0.00977322	0.026299	0.0306125	0.00878968	0.00506605	0.0094344	0.0129492	0.201338	0.116188	0.10866	0.00229625	0.0158497
32	0.0392164	0.00806407	0.00567255	0.0227458	0.0317864	0.00155356	0.0234753	0.26497	0.00788076	0.0580818	0.0342809	0.0204193	0.0217179	0.0238087	0.00519061	0.00902913	0.0907774	0.326864	0.000539004	0.00392628
33	0.0336547	0.00305798	0.104069	0.398651	0.00252274	0.0143762	0.0160528	0.00759176	0.0940969	0.0142609	0.00633582	0.0448482	0.00468658	0.103851	0.0361484	0.0425159	0.0528978	0.0142458	0.000996045	0.00513994
34	0.0184988	0.0210221	0.0565291	0.0892438	0.00378201	0.436706	0.0168377	0.00837526	0.047698	0.0161342	0.00745903	0.0879525	0.00667997	0.0321361	0.0278047	0.0526484	0.0524882	0.0114924	0.00119992	0.00531137
35	0.00991157	0.00399701	0.00026369	0.00195036	0.0360612	0.000986083	0.00211295	0.319317	0.000569365	0.399075	0.113899	0.000451089	0.000209311	0.00288868	0.000674128	0.000806924	0.00479883	0.0965454	0.00169469	0.00378807
36	0.314552	0.0384394	0.00117095	0.00193737	0.00268861	0.0309256	0.0015205	0.0217838	0.00829976	0.0343503	0.00268469	0.00352715	0.00284008	0.0102302	0.00272208	0.208725	0.136239	0.174587	0.0015636	0.0012118
37	0.0296761	0.0154757	0.0312748	0.0299955	0.0374442	0.00350127	0.0475239	0.0441434	0.0693405	0.197371	0.0305796	0.00989155	0.00446094	0.148557	0.164186	0.0252836	0.0349431	0.0391723	0.00233892	0.0348407
38	0.526657	0.0757913	0.00808977	0.00637446	0.00158918	0.0306625	0.00318624	0.0108275	0.00535465	0.00786983	0.0315715	0.0332415	0.00497296	0.0202007	0.00553558	0.156695	0.0519499	0.0170184	0.000799584	0.00161287
39	0.00645523	0.00624392	0.000480177	0.00122042	0.0125826	0.000768818	0.0016874	0.107544	0.00198387	0.721698	0.0794831	0.00291699	0.00039231	0.0014361	0.00253147	0.00146294	0.00486654	0.0371382	0.000450669	0.00865718
40	0.0160038	0.00260185	0.00219163	0.0107521	0.0023218	0.0175417	0.0364193	0.00581123	0.22849	0.0255507	0.0349106	0.0932335	0.00178426	0.101888	0.360442	0.0229906	0.00568232	0.00633025	0.00666953	0.018384
41	0.0233447	0.0047789	0.00232332	0.0183851	0.0139947	0.000639132	0.0113636	0.300815	0.00394532	0.0337429	0.0108083	0.0126318	0.00653401	0.011934	0.00341133	0.00338871	0.0420702	0.492893	0.000629618	0.00236639
42	0.00122095	0.00773606	0.000451688	0.000912647	0.317579	0.000558774	0.0393115	0.0114595	0.000899831	0.0228414	0.00105098	0.00308437	0.000314484	0.000896654	0.00096135	0.00121457	0.000985734	0.0130901	0.0109627	0.564468
43	0.0122887	0.0155605	0.00534395	0.0200865	0.00419687	0.0064869	0.0072026	0.0917704	0.0620698	0.368009	0.0805118	0.0553446	0.00219401	0.0743728	0.108327	0.0211884	0.0245329	0.0364787	0.000794726	0.00323968
44	0.00393432	0.0180793	0.0673558	0.0776758	0.00133306	0.444508	0.0183131	0.0021603	0.0682066	0.00412423	0.00831591	0.0960399	0.00953294	0.0659105	0.0705157	0.0349026	0.00444503	0.00277066	0.000457011	0.00141901
45	0.00641927	0.00536292	0.0033508	0.0874222	0.00207913	0.00299614	0.0201875	0.00622774	0.298433	0.0170636	0.00260324	0.00989717	0.00153492	0.155611	0.168178	0.0470155	0.0898958	0.0607356	0.00098787	0.0139995
46	0.0104134	0.00398154	0.000266734	0.00194372	0.039698	0.00118418	0.00222932	0.328812	0.000608175	0.379699	0.117483	0.000438785	0.000251643	0.00298042	0.000706052	0.00082007	0.00485582	0.0974342	0.00181246	0.00438126
47	0.00620397	0.00289265	0.00171457	0.01454	0.063097	0.00213298	0.103308	0.147004	0.0518035	0.140897	0.00908822	0.0204959	0.00127683	0.00292826	0.0550357	0.0234633	0.14511	0.116505	0.000403385	0.0921001
48	0.0145818	0.00673587	0.000304375	0.00295012	0.0013774	0.000423033	0.000804915	0.330274	0.00215233	0.0279841	0.00704192	0.00122018	0.00089893	0.00251122	0.00201166	0.000930886	0.0178463	0.578587	0.000944588	0.000419122
49	0.0655363	0.00837516	0.0872836	0.119619	0.00161316	0.0281448	0.0327028	0.0122319	0.208625	0.0185673	0.0129531	0.075979	0.0128434	0.0515645	0.0528441	0.112698	0.0706584	0.0138646	0.000144822	0.0137512
50	0.0136982	0.00606445	0.000323729	0.00340927	0.00172672	0.000328402	0.00095035	0.342114	0.00214531	0.0276478	0.00690969	0.0013957	0.000919126	0.00250967	0.0022323	0.00080087	0.0177328	0.567719	0.000913624	0.000458419
51	0.0354061	0.00945381	0.0111507	0.021914	0.00811021	0.0188236	0.0246464	0.0213306	0.186021	0.0259386	0.0180843	0.032348	0.00633868	0.0452721	0.404419	0.0559992	0.034519	0.023299	0.00406708	0.0128587
52	0.025467	0.00437472	0.0463343	0.0507207	0.00344696	0.098167	0.0101717	0.0039522	0.0213933	0.00563331	0.00295593	0.0227056	0.554925	0.0204767	0.0131322	0.0865306	0.0108162	0.0156682	0.000446142	0.00268199
53	0.00117578	0.00745028	0.000415136	0.000878805	0.32386	0.000472009	0.036733	0.0115404	0.000869805	0.0233659	0.00101568	0.00273678	0.000309209	0.00084183	0.000948765	0.00112905	0.00094797	0.0127049	0.0106024	0.562002
54	0.119472	0.0657831	0.000455158	0.00205107	0.00865036	0.0130433	0.000547186	0.195466	0.000608642	0.0433134	0.0240638	0.00103315	0.00208297	0.00111909	0.000702035	0.017958	0.028011	0.469027	0.000836323	0.00577682
55	0.170013	0.0777022	0.00163844	0.00463598	0.00634132	0.0222246	0.00176958	0.131117	0.011706	0.0502715	0.0593905	0.0047485	0.0022107	0.00662195	0.00309915	0.0623241	0.0583652	0.318764	0.0012414	0.00581504
56	0.413333	0.108593	0.000861556	0.00144483	0.00512253	0.328179	0.00123308	0.00144569	0.00162563	0.00684315	0.00114418	0.00122477	0.000643299	0.00167757	0.00171338	0.0919871	0.00193099	0.0297658	0.000354152	0.000877196
57	0.4119	0.111932	0.00106861	0.00200825	0.00547107	0.309896	0.00136944	0.00223504	0.00219632	0.00765864	0.00185534	0.0023536	0.000885458	0.00272286	0.00236074	0.0960185	0.00377934	0.0329564	0.000406207	0.000926076
58	0.0135703	0.00617357	0.000284277	0.00271427	0.00123927	0.000322267	0.000677818	0.336281	0.002127	0.0274442	0.00674607	0.00103757	0.000786171	0.00223471	0.00203805	0.000770424	0.0170625	0.577182	0.000931094	0.00037824
59	0.0198116	0.0106713	0.000756911	0.00331535	0.0349964	0.00154389	0.00224485	0.244586	0.00235866	0.40538	0.0695762	0.00252763	0.00100304	0.00362208	0.00403453	0.0062488	0.0128291	0.166758	0.00160378	0.00613121
60	0.0209054	0.0154547	0.0103095	0.0331996	0.00495782	0.0126176	0.03031	0.0154618	0.321423	0.014079	0.00863449	0.0738056	0.00294131	0.0522653	0.215914	0.0605843	0.0317381	0.0597251	0.00364774	0.0120247
61	0.00897726	0.014924	0.240104	0.0400744	0.00130655	0.322855	0.00871778	0.00214273	0.0246012	0.0107098	0.00183363	0.246043	0.00114998	0.00414518	0.016944	0.0470959	0.00380808	0.00276618	0.000514406	0.00128711
62	0.0159551	0.00786823	0.000274648	0.00271978	0.00128721	0.000561974	0.000646136	0.330029	0.00208948	0.0281437	0.0071022	0.00104275	0.000846543	0.00220592	0.00197343	0.00110797	0.0176208	0.577071	0.000977495	0.000476063
63	0.0211859	0.00249509	0.028775	0.0487575	0.00167756	0.00509121	0.060018	0.00387584	0.110767	0.00501201	0.0104484	0.0698599	0.00244475	0.0643933	0.0448542	0.040532	0.43642	0.0219307	0.000635696	0.0208266
64	0.0721971	0.00367158	0.00258182	0.0184606	0.00246244	0.0532226	0.00368622	0.0629471	0.0409882	0.0213835	0.0029287	0.0348476	0.00197287	0.00554506	0.243188	0.356126	0.0347515	0.0353314	0.000961843	0.00274569
65	0.00254851	0.0107025	0.00272656	0.00228599	0.331714	0.000989767	0.0353482	0.016471	0.00160505	0.0760519	0.0186669	0.00298254	0.000779015	0.00386054	0.00376833	0.00324982	0.00212523	0.0133542	0.0110049	0.459766
66	0.0776918	0.00140602	0.219463	0.122364	0.0013236	0.00805186	0.00518302	0.00221342	0.134192	0.00263154	0.00179233	0.243644	0.000744018	0.0695702	0.0116703	0.0593876	0.0343002	0.00270391	0.000466534	0.00119973
67	0.0480044	0.00807487	0.188803	0.0399559	0.00469798	0.0573559	0.0422801	0.0089717	0.062625	0.010072	0.00478784	0.236459	0.00443569	0.0295879	0.0266529	0.163986	0.0434971	0.0103084	0.000898159	0.00854588
68	0.0128242	0.00996569	0.000973357	0.00270005	0.172915	0.00203151	0.0060857	0.191656	0.00236899	0.381816	0.0807958	0.00285501	0.0024821	0.0029431	0.00407452	0.00437497	0.00713393	0.0881812	0.00616161	0.0176607
69	0.0101186	0.00484929	0.000310579	0.00204	0.0411918	0.00130844	0.00265359	0.312146	0.00101776	0.394744	0.11378	0.00074291	0.000303451	0.00290594	0.00132674	0.00126809	0.00535524	0.0960285	0.00166912	0.00623939
70	0.0819925	0.00219937	0.435621	0.245756	0.00192278	0.0324838	0.00313568	0.00285185	0.0297484	0.0257874	0.00219648	0.00537924	0.00112378	0.00768929	0.0434224	0.0657984	0.00516097	0.00517286	0.0006547	0.00190317
71	0.00360296	0.0116074	0.00436208	0.0028725	0.305005	0.00156966	0.038456	0.0362002	0.00382401	0.111765	0.0276311	0.0030848	0.00108365	0.00716073	0.00709089	0.00455784	0.00430354	0.0202896	0.00876933	0.396764
72	0.0571397	0.0140428	0.0470947	0.104791	0.0128901	0.026865	0.0554396	0.0234507	0.0702773	0.0515779	0.0191323	0.0381952	0.0183794	0.212662	0.0652657	0.0728369	0.0551149	0.032944	0.00349661	0.0184049
73	0.00895658	0.00123351	0.452277	0.448555	0.00233757	0.00317682	0.00935167	0.00167434	0.00419273	0.00481158	0.00133466	0.0170422	0.000670979	0.0265219	0.0025143	0.00622752	0.00352164	0.00412556	0.00039902	0.00107568
74	0.0063167	0.00240517	0.00157284	0.0051064	0.0013245	0.00429924	0.0175793	0.00811831	0.482128	0.00752661	0.00807341	0.0190593	0.00193424	0.0369862	0.335733	0.0206115	0.0328096	0.00432622	0.000898005	0.00319138
75	0.0114125	0.00739585	0.000914223	0.00236065	0.0309327	0.00135333	0.00231832	0.185474	0.00248493	0.563817	0.0789224	0.00251527	0.000814019	0.00369041	0.00344933	0.00359521	0.00735728	0.0821738	0.00128455	0.00773407
76	0.0383648	0.0124854	0.0163166	0.020871	0.0301193	0.0182682	0.344491	0.0250381	0.0671861	0.0391157	0.0202118	0.0404818	0.0331747	0.0879904	0.0439791	0.0418509	0.0276866	0.0303618	0.00569838	0.0563087
77	0.118539	0.00455846	0.00556761	0.031768	0.00423515	0.0414515	0.205858	0.00995782	0.0147554	0.0857013	0.030174	0.00850783	0.00426231	0.241848	0.0407603	0.0682025	0.061537	0.0130696	0.00428086	0.00496545
78	0.0430771	0.0157143	0.0179845	0.0216475	0.00694623	0.0713174	0.0195101	0.0155116	0.0291938	0.0284341	0.0115649	0.154148	0.0232673	0.0196775	0.0259677	0.11463	0.342677	0.0262811	0.0033322	0.00911733
79	0.010363	0.0042498	0.000407554	0.00213807	0.0311061	0.00106417	0.00187671	0.312949	0.000863147	0.417501	0.105435	0.000631945	0.000366277	0.00288545	0.000893615	0.000961236	0.00524042	0.0950292	0.00154486	0.00449471
80	0.409809	0.105531	0.000876124	0.00152687	0.0048887	0.340344	0.00129536	0.00147447	0.001678	0.00653111	0.00119774	0.00147429	0.000641905	0.00184155	0.00175921	0.0876126	0.00208562	0.0281208	0.00038136	0.000930222
81	0.00894766	0.00264104	0.00198869	0.00689195	0.00152653	0.00416747	0.0126546	0.00954372	0.431857	0.00620188	0.00836066	0.0157059	0.00117022	0.0278738	0.3919	0.0268872	0.0301988	0.00693658	0.000921587	0.00362397
82	0.0112505	0.00477008	0.00304153	0.0161645	0.00131673	0.0166188	0.0228946	0.00561213	0.320566	0.0153012	0.0241807	0.0819491	0.0014503	0.0900822	0.326714	0.028237	0.00683711	0.00891595	0.00347365	0.0106244
83	0.031264	0.00868077	0.00848292	0.0211266	0.00849233	0.0204926	0.0274602	0.0228564	0.203059	0.031892	0.0182206	0.0344536	0.00513736	0.0464773	0.398838	0.0430505	0.0320858	0.0221363	0.00444837	0.0113448
84	0.109823	0.0133844	0.00143748	0.00541362	0.00225838	0.0136998	0.00520971	0.00316753	0.0150109	0.0076327	0.00350232	0.0113734	0.00364713	0.023708	0.0151636	0.279183	0.477244	0.00667534	0.000732384	0.00173406
85	0.014914	0.012801	0.000960055	0.003523	0.0941854	0.00158837	0.00422589	0.19321	0.00264314	0.41999	0.0733777	0.00296613	0.00186168	0.00278853	0.00499046	0.0066582	0.0113729	0.129752	0.00369433	0.0144975
86	0.0788469	0.0384007	0.000557479	0.00342434	0.0118555	0.00735176	0.00180284	0.242931	0.00173442	0.10899	0.0263059	0.00228586	0.00190001	0.00278109	0.00242391	0.0140376	0.0268376	0.421897	0.000962872	0.00467298
87	0.285505	0.00719579	0.0254806	0.00855025	0.00236844	0.0307306	0.0073642	0.00621281	0.014149	0.00649779	0.00494958	0.0115671	0.0279497	0.012875	0.0130301	0.498214	0.0276989	0.00646823	0.000877987	0.00231497
88	0.00644505	0.00193696	0.00061183	0.00161005	0.0151822	0.00103486	0.00120076	0.605869	0.00130104	0.0879035	0.0400965	0.00100482	0.00033177	0.00168552	0.00142675	0.0023284	0.0031698	0.22289	0.000677722	0.00329374
89	0.0755001	0.0360729	0.037355	0.0267232	0.00353152	0.580094	0.0105669	0.00672902	0.0225258	0.00965095	0.00473239	0.0465978	0.00397114	0.0164726	0.022072	0.0598881	0.0178499	0.0155976	0.00120502	0.00286428
90	0.17282	0.0263213	0.00664532	0.0127368	0.0157017	0.0152209	0.0122805	0.106818	0.0240461	0.0867175	0.0393648	0.0132087	0.00577811	0.0195434	0.0216466	0.0782532	0.202213	0.130039	0.00269171	0.00795406
91	0.035787	0.0157117	0.0177542	0.0324676	0.0282857	0.02214	0.337581	0.0217789	0.0627886	0.0372202	0.0178026	0.0379215	0.0307769	0.0803207	0.047021	0.0481639	0.0350171	0.0293057	0.00599615	0.0561594
92	0.0128833	0.00723734	0.356699	0.0875375	0.00460324	0.0713074	0.012771	0.00643977	0.0307666	0.00871739	0.00306335	0.257733	0.00238819	0.0224565	0.0150457	0.0613129	0.0277005	0.00528106	0.000699573	0.00535657
93	0.0127478	0.0210352	0.000686038	0.0011369	0.022281	0.000895863	0.00468088	0.012685	0.00498938	0.768156	0.0786377	0.0102954	0.000456248	0.00121265	0.00550164	0.00183204	0.00486885	0.00607385	0.000312037	0.0415158
94	0.0529397	0.00538395	0.308904	0.0317151	0.0024969	0.0719939	0.0234903	0.00559551	0.057764	0.00717349	0.00490843	0.136404	0.00429485	0.0356913	0.0160628	0.208838	0.0142935	0.00645945	0.000965916	0.00462534
95	0.0565142	0.0053381	0.00489419	0.0318296	0.00397801	0.0059875	0.00826983	0.00679961	0.330476	0.00885133	0.0046508	0.0330856	0.00287142	0.0102361	0.0149372	0.0592275	0.307436	0.0983281	0.00139928	0.00488939
96	0.00780335	0.00074368	0.000458377	0.0011106	0.0108445	0.000528875	0.000619378	0.559229	0.000857013	0.126358	0.0159625	0.000688016	0.000296942	0.00112991	0.00135352	0.0035518	0.00526636	0.260622	0.000181368	0.00239468
97	0.0241537	0.00135387	0.0483427	0.0545151	0.00360443	0.0237463	0.00905217	0.00242233	0.0138977	0.00442483	0.00208234	0.00573195	0.650844	0.0142589	0.00356257	0.102913	0.00911929	0.0236603	0.000610857	0.00170406
98	0.0182773	0.0244368	0.00287075	0.00473355	0.168025	0.00292692	0.019714	0.150172	0.00850929	0.301847	0.0594407	0.00433902	0.00358321	0.00503697	0.0108159	0.010811	0.0156046	0.129223	0.00503447	0.0545986
99	0.0183133	0.00242452	0.00235076	0.0155631	0.0813875	0.00230375	0.0263413	0.0879013	0.021839	0.0683655	0.0143508	0.00621201	0.00132715	0.00331676	0.0642593	0.0829299	0.349077	0.0840637	0.000801568	0.0668714
100	0.00119138	0.00732235	0.000433045	0.00089077	0.319552	0.000473366	0.0366328	0.0113527	0.000883777	0.0230245	0.00106817	0.0027427	0.000310361	0.00085862	0.000960982	0.00113294	0.000952037	0.0126617	0.0106953	0.566861
101	0.0682535	0.00873494	0.0876757	0.123419	0.00157073	0.0275902	0.029997	0.0126407	0.202024	0.016389	0.0114529	0.0806511	0.0133943	0.0524913	0.0503203	0.114255	0.0712697	0.0138722	9.81327e-05	0.0139003
102	0.41069	0.113923	0.00117687	0.00172463	0.00646615	0.300145	0.00138664	0.00334101	0.00187396	0.00788941	0.00367547	0.00253536	0.000865531	0.00296677	0.00339082	0.0953155	0.00592858	0.034833	0.000511004	0.00136077
103	0.0314958	0.00523339	0.0182774	0.0629242	0.0279371	0.0031425	0.0549273	0.048756	0.122043	0.166716	0.0411118	0.007922	0.00706628	0.0938312	0.229702	0.015447	0.014903	0.0319338	0.00107984	0.0155505
104	0.146003	0.0114593	0.035132	0.0148221	0.00508469	0.00365033	0.0292153	0.00269158	0.0812889	0.0299334	0.00207686	0.0221854	0.461805	0.00952379	0.0232165	0.0608478	0.0480308	0.00856479	0.000494569	0.00397343
105	0.0631549	0.00722377	0.0245596	0.0261471	0.00646846	0.0211959	0.149914	0.0100627	0.152682	0.026787	0.0119366	0.0222688	0.185602	0.0502729	0.108778	0.0551122	0.0331723	0.0194911	0.00192483	0.0232453
106	0.0682535	0.00873494	0.0876757	0.123419	0.00157073	0.0275902	0.029997	0.0126407	0.202024	0.016389	0.0114529	0.0806511	0.0133943	0.0524913	0.0503203	0.114255	0.0712697	0.0138722	9.81327e-05	0.0139003
107	0.0140128	0.00736269	0.00117502	0.00254984	0.173609	0.00561712	0.00600016	0.282298	0.00450672	0.272739	0.0834674	0.00225144	0.00238508	0.00266913	0.00498213	0.00488866	0.00706937	0.0949209	0.00382476	0.023671
108	0.00619173	0.0260363	0.0108234	0.047077	0.00151573	0.0108659	0.0296368	0.00590547	0.387324	0.00495665	0.00343661	0.0869491	0.00137809	0.0539713	0.151193	0.0669958	0.0368008	0.0655107	0.000670451	0.00276058
109	0.0142569	0.0121878	0.00472016	0.0051219	0.342179	0.00491234	0.0306308	0.0510278	0.00777364	0.160139	0.0268497	0.00937966	0.00398475	0.0077242	0.0101661	0.0114543	0.00948076	0.02964	0.0129985	0.245373
110	0.095125	0.00295989	0.00385007	0.0198082	0.0025016	0.00281514	0.00365847	0.136768	0.133261	0.0199287	0.00295369	0.00550451	0.00167204	0.0396114	0.0965694	0.00668223	0.0843418	0.338243	0.000800237	0.00294604
111	0.266443	0.0123762	0.0174394	0.00703152	0.00506303	0.0240562	0.010107	0.00550186	0.0182866	0.0106597	0.00505074	0.010836	0.399628	0.00910215	0.00887505	0.148306	0.0291742	0.008588	0.000926986	0.00254885
112	0.0126953	0.0125619	0.00423409	0.00479205	0.0295552	0.00205099	0.00410686	0.0807381	0.00751028	0.662275	0.0669948	0.00913264	0.0018406	0.00545011	0.0103933	0.00637438	0.00908831	0.0521073	0.00139019	0.016709
113	0.00392676	0.0273161	0.0101585	0.00976101	0.319843	0.00187194	0.0707358	0.0179997	0.00404957	0.15219	0.121943	0.00317236	0.000951906	0.0113937	0.0208236	0.0119409	0.0038756	0.0135174	0.00599681	0.188532
114	0.0212158	0.00554722	0.220336	0.024681	0.0062583	0.00342674	0.00590928	0.00704796	0.0062843	0.00578126	0.00319147	0.234678	0.00204747	0.0227775	0.0544589	0.117214	0.21749	0.0196856	0.000868962	0.0211002
115	0.421802	0.0928461	0.00087379	0.00163431	0.00443441	0.348108	0.00139967	0.00152701	0.00185103	0.00610746	0.00118973	0.00144654	0.000660051	0.00178806	0.00176795	0.0835328	0.00213542	0.02551	0.000405587	0.000980292
116	0.073069	0.00932548	0.0858853	0.124603	0.00151479	0.0270924	0.0288758	0.0185111	0.182004	0.0239645	0.0134249	0.0830524	0.019225	0.0496378	0.051848	0.106297	0.0647525	0.0191313	0.000135955	0.0176496
117	0.0289756	0.000436011	0.136113	0.490244	0.0014669	0.0134763	0.011443	0.00395801	0.0434334	0.0122955	0.0037098	0.0470448	0.00208699	0.110352	0.0215366	0.0328886	0.030545	0.00886579	0.000773131	0.000355919
118	0.00727551	0.00342418	0.000379006	0.00177854	0.0204875	0.000819885	0.00152647	0.220119	0.00102608	0.557799	0.0957101	0.000823818	0.000369034	0.00230531	0.00118857	0.00129076	0.00475941	0.0749817	0.0010545	0.00288224
119	0.0187263	0.0060046	0.00177036	0.00338149	0.140747	0.0112798	0.00938118	0.287174	0.00614333	0.235277	0.129792	0.00287411	0.00184608	0.00401103	0.00659844	0.00575146	0.0085822	0.0895801	0.00225131	0.0288285
120	0.0289756	0.000436011	0.136113	0.490244	0.0014669	0.0134763	0.011443	0.00395801	0.0434334	0.0122955	0.0037098	0.0470448	0.00208699	0.110352	0.0215366	0.0328886	0.030545	0.00886579	0.000773131	0.000355919
121	0.0065816	0.00606605	0.00282372	0.0085471	0.160602	0.00330944	0.151525	0.133862	0.0497402	0.186025	0.0245796	0.00993148	0.00169423	0.00490451	0.0369943	0.0103545	0.0336655	0.0766955	0.00110071	0.0909973
122	0.00142202	0.00761008	0.000771947	0.000999183	0.324329	0.000521451	0.0366873	0.0118681	0.0009669	0.0280841	0.00294458	0.00274915	0.000328681	0.00108741	0.0013707	0.00141597	0.00102985	0.0128413	0.0105696	0.552403
123	0.0424261	0.0316166	0.00498609	0.0122397	0.00437383	0.0559393	0.00739694	0.0131266	0.0606425	0.1999	0.0568039	0.0902538	0.0337855	0.0830998	0.0667058	0.14986	0.0674451	0.0116408	0.0016516	0.00610598
124	0.0104625	0.00518374	0.00950991	0.00777703	0.00337833	0.0111467	0.347018	0.00644652	0.124899	0.0162529	0.0160293	0.0823316	0.0468827	0.1689	0.036053	0.0206752	0.00964657	0.0125167	0.00448397	0.0604059
125	0.0106139	0.00402779	0.000303536	0.00195217	0.032398	0.000860064	0.00186442	0.315574	0.000609008	0.407674	0.106602	0.000532773	0.000222458	0.00268514	0.000842468	0.0011425	0.00546345	0.10133	0.00151595	0.00378555
126	0.0603141	0.00496984	0.00414337	0.0090425	0.0030749	0.0686259	0.00598901	0.0141072	0.403942	0.0108069	0.00552614	0.0132853	0.00337926	0.0173166	0.195273	0.144959	0.011462	0.0159247	0.00111796	0.00673978
127	0.114638	0.00411429	0.0254618	0.0471688	0.00336927	0.0298434	0.068878	0.00647021	0.108996	0.0183545	0.010877	0.00750747	0.150284	0.0800514	0.1926	0.0640575	0.0413958	0.0173758	0.00117167	0.00738544
128	0.00118592	0.00737245	0.000417698	0.000893514	0.320826	0.000469349	0.0367268	0.0113937	0.00086536	0.0230956	0.00105114	0.00272282	0.000309203	0.000850491	0.000959245	0.00111056	0.000953101	0.0126738	0.0106142	0.565509
129	0.0268998	0.0222829	0.000776162	0.00391872	0.0303287	0.00174276	0.00156144	0.158086	0.00157612	0.40992	0.0582937	0.00626938	0.000854561	0.00417103	0.00474052	0.0107782	0.0255125	0.221336	0.00137601	0.00957501
130	0.0137712	0.00493898	0.0245733	0.00678278	0.00386262	0.0263232	0.351429	0.0068022	0.104164	0.00886408	0.00567756	0.020064	0.159509	0.0811925	0.0603245	0.0490209	0.0087306	0.00823124	0.00127646	0.054461
131	0.00787256	0.00504774	0.000413429	0.00179882	0.0224299	0.000842694	0.001735	0.190784	0.0015532	0.598156	0.0866775	0.00173796	0.000339595	0.0020821	0.00205746	0.00162154	0.00525753	0.0625655	0.000977612	0.00604931
132	0.0157794	0.00524457	0.000448747	0.00231075	0.0246301	0.000713482	0.0011508	0.35916	0.000901531	0.311674	0.0596586	0.00138724	0.000316707	0.00240759	0.00232631	0.00595754	0.0108884	0.190046	0.000927858	0.00407031
133	0.0686951	0.0037258	0.032689	0.257458	0.0027107	0.013037	0.00575961	0.0229253	0.277043	0.0070501	0.00383645	0.00771553	0.00359218	0.133304	0.0827207	0.0300327	0.0104863	0.0079698	0.00823594	0.021013
134	0.00646158	0.00757186	0.32969	0.041877	0.00136986	0.19214	0.00756551	0.00218619	0.0345149	0.00645419	0.00163107	0.258407	0.000907382	0.0081816	0.0119072	0.0803643	0.004599	0.00261459	0.000345149	0.00121155
135	0.184503	0.0184247	0.00305013	0.106972	0.0512578	0.00590933	0.0497229	0.00401716	0.109395	0.00513373	0.0027627	0.0651867	0.00172328	0.0216026	0.00921168	0.282597	0.0310672	0.00811516	0.0115816	0.0277673
136	0.023847	0.00132832	0.0451713	0.0497785	0.00328594	0.0234554	0.00854027	0.00224173	0.0125045	0.00372213	0.00164937	0.00431532	0.668976	0.0132966	0.0026908	0.103756	0.00778758	0.0217928	0.000554654	0.0013062
137	0.0807895	0.00481118	0.0108118	0.0303537	0.0263138	0.00330182	0.0724883	0.0596554	0.107088	0.189668	0.031624	0.0151816	0.0065194	0.0811919	0.140549	0.0261863	0.0229558	0.0681158	0.00086836	0.0215254
138	0.00119993	0.00766793	0.000423773	0.000904712	0.313936	0.000479867	0.0386526	0.0112589	0.000928998	0.0223466	0.00108859	0.00316781	0.000325962	0.000857013	0.00100193	0.00116651	0.0010155	0.0129373	0.0118785	0.568761
139	0.0434246	0.00261206	0.0240348	0.0266748	0.0055156	0.0280085	0.0117026	0.00368733	0.0143543	0.00625695	0.00188198	0.00616182	0.699147	0.0106812	0.00628848	0.0762399	0.0154928	0.0147937	0.000815902	0.00222566
140	0.00535546	0.000823066	0.000489126	0.00113329	0.0168049	0.000594396	0.000838771	0.595687	0.000937661	0.103839	0.0196939	0.000718683	0.000450266	0.00112593	0.00134768	0.00269434	0.0035404	0.24068	0.000175841	0.00307066
141	0.00777612	0.0160734	0.00242374	0.03082	0.0532797	0.00317775	0.0560197	0.034336	0.0753806	0.166173	0.0429298	0.00565985	0.00158069	0.00651831	0.0685339	0.00868664	0.0633301	0.0448746	0.000622423	0.311804
142	0.0250689	0.00919711	0.343736	0.0687491	0.00203921	0.175696	0.0112156	0.00474006	0.0346759	0.0109565	0.003715	0.153201	0.00306005	0.017861	0.0188686	0.0952397	0.0114353	0.00668204	0.000966449	0.00289671
143	0.161826	0.0036023	0.0374242	0.011112	0.00218173	0.0353954	0.0323275	0.00307045	0.104531	0.00540616	0.00348486	0.0852359	0.00132962	0.0246387	0.0219398	0.453586	0.00397281	0.004904	0.000654992	0.00337679
144	0.0260337	0.00698261	0.0478919	0.0847504	0.00186046	0.011879	0.0136385	0.00658494	0.24994	0.00838935	0.0130569	0.275362	0.00426757	0.0614988	0.0417822	0.0802086	0.04681	0.0127021	0.000475639	0.0058853
145	0.00663659	0.0121719	0.22139	0.0494762	0.00115105	0.307766	0.00883123	0.00197166	0.0365298	0.00802495	0.00251757	0.245734	0.00218301	0.0124787	0.0312483	0.0443728	0.00343076	0.00248861	0.00044394	0.00115307
146	0.034109	0.00321615	0.0224182	0.0439869	0.00364383	0.00410131	0.00411918	0.146762	0.015627	0.00878183	0.00428067	0.0231982	0.00201476	0.110529	0.160099	0.0083501	0.196644	0.203601	0.00132936	0.00318858
147	0.0119622	0.00370822	0.000369407	0.00183624	0.00577106	0.000441498	0.0005872	0.440702	0.00147601	0.0849664	0.0118887	0.000757607	0.000444013	0.00158381	0.00167744	0.00268435	0.0109778	0.416346	0.000503229	0.00131739
148	0.0205343	0.0548027	0.00123376	0.00247381	0.0192808	0.00205864	0.00471208	0.0157772	0.00556733	0.708842	0.0880953	0.00961931	0.000955083	0.0030771	0.00611311	0.00477124	0.00702315	0.0113147	0.000557431	0.0331906
149	0.125893	0.0217788	0.0213152	0.0244649	0.0086881	0.0423192	0.0189281	0.0200551	0.0357613	0.02973	0.0127562	0.0313784	0.0297004	0.0278714	0.0315007	0.394325	0.0776053	0.0329908	0.00317772	0.0097603
150	0.0102379	0.0167373	0.000579417	0.00107346	0.0197242	0.000821075	0.00349274	0.0223627	0.00401651	0.777988	0.0810063	0.00806146	0.000399424	0.00111746	0.00458684	0.00174218	0.00453968	0.00969692	0.000275259	0.031541
151	0.0405273	0.00245395	0.0252787	0.02628	0.00639468	0.0267906	0.0102376	0.00407508	0.0126155	0.00752556	0.00147644	0.00533034	0.710669	0.00994933	0.00406624	0.0766415	0.0143016	0.0130535	0.000477542	0.00185541
152	0.0440994	0.00274076	0.0252602	0.0279536	0.00449309	0.0265698	0.0105263	0.00277336	0.0148663	0.00667417	0.00196467	0.00605673	0.710145	0.009508	0.00410417	0.0737896	0.0127285	0.0132734	0.000488226	0.00198489
153	0.0169642	0.00378553	0.000500173	0.00196057	0.018277	0.000926354	0.00107955	0.442112	0.00109612	0.210752	0.0375009	0.00103412	0.000548229	0.002033	0.00225585	0.00620841	0.0108985	0.238397	0.000581722	0.00308864
154	0.0140918	0.00551257	0.00231208	0.00473688	0.023712	0.0024729	0.00317707	0.488545	0.00534621	0.12663	0.0346902	0.00411184	0.00165939	0.00396608	0.00760567	0.00813634	0.0120057	0.245615	0.00114765	0.00452523
155	0.0336003	0.0124372	0.153307	0.0579865	0.00811743	0.0621248	0.0212612	0.0146099	0.0585929	0.0227872	0.00970719	0.310105	0.00584084	0.0371051	0.0345793	0.0768213	0.0502248	0.0173343	0.00162615	0.0118318
156	0.0675092	0.00136231	0.216403	0.119777	0.00127726	0.00918384	0.00522007	0.00208403	0.138353	0.00256444	0.00203194	0.254167	0.000680157	0.0669643	0.0109051	0.0596419	0.0376914	0.00258969	0.000380217	0.00121361
157	0.0791413	0.0179023	0.0177975	0.0257613	0.0137574	0.0192812	0.0201521	0.034899	0.0387285	0.037167	0.018977	0.0416143	0.00911037	0.0279853	0.0276214	0.115791	0.389459	0.0488118	0.00361809	0.0124244
158	0.00360854	0.00142864	0.00113557	0.00201687	0.00116259	0.00178684	0.0130573	0.00800642	0.512872	0.00426295	0.00554262	0.00424232	0.000898515	0.0204745	0.349743	0.016361	0.0485145	0.00280543	0.000469203	0.00161121
159	0.00599337	0.00732306	0.364539	0.0304449	0.00641899	0.0380536	0.00945516	0.00705951	0.0198198	0.00432867	0.00173841	0.355319	0.00109854	0.0179941	0.0143278	0.0693819	0.0351205	0.00367521	0.000579317	0.00732907
160	0.0136373	0.00621029	0.000276067	0.00273868	0.00113829	0.00032235	0.00066836	0.335753	0.00212362	0.0271	0.00679761	0.00105599	0.00080669	0.00223205	0.00205334	0.000759348	0.0171612	0.577877	0.000946583	0.00034195
161	0.0137639	0.0135686	0.000848606	0.00210313	0.276891	0.00161973	0.00386906	0.0724626	0.00245636	0.484659	0.0367252	0.00487024	0.00506927	0.00173299	0.00361794	0.00393653	0.00432501	0.0448165	0.0109296	0.0117344
162	0.00322726	0.00127784	0.000462162	0.00107859	0.0103164	0.000532643	0.000775491	0.604713	0.00103317	0.0633303	0.0133246	0.000867016	0.000381429	0.00109851	0.00115592	0.00119608	0.00358905	0.289011	0.000275298	0.00235355
163	0.0101553	0.00125261	0.458797	0.440377	0.00221976	0.00376495	0.00897263	0.00165717	0.00433154	0.00507029	0.0013881	0.0162984	0.000687262	0.0255576	0.00336532	0.00723612	0.00348591	0.00384523	0.000414436	0.00112312
164	0.119552	0.0658016	0.000422623	0.00205065	0.00858441	0.0130352	0.000547527	0.19529	0.00060794	0.0433314	0.0242544	0.00104637	0.00207959	0.00112406	0.000702131	0.0180002	0.0280761	0.468899	0.000837976	0.0057565
165	0.0717323	0.0145072	0.0165574	0.0255166	0.0126696	0.0178992	0.0192216	0.0399302	0.0411218	0.0349269	0.0203453	0.0369533	0.013396	0.0298784	0.0308929	0.119355	0.38409	0.0564251	0.00261886	0.0119625
166	0.426292	0.0914715	0.000860421	0.00158307	0.00441848	0.344897	0.00136496	0.00143753	0.00181313	0.00606591	0.00117785	0.00140613	0.000650003	0.0017082	0.00173459	0.0844841	0.00204181	0.0252574	0.000371715	0.000964447
167	0.0399427	0.0105187	0.0072322	0.0139047	0.0207891	0.00284964	0.0134135	0.209896	0.0182731	0.0552068	0.0629361	0.0279476	0.019099	0.0218587	0.00536068	0.0191571	0.223669	0.221373	0.00100702	0.00556516
168	0.0245846	0.00364933	0.452904	0.255302	0.00384284	0.0314871	0.0140833	0.0041984	0.021432	0.010688	0.00293974	0.0673989	0.00196969	0.0288706	0.0158582	0.0383243	0.012244	0.00630618	0.000956176	0.00296077
169	0.0484197	0.00453803	0.0141683	0.0555995	0.0292248	0.00282357	0.0594648	0.069873	0.110421	0.181494	0.0379591	0.0113383	0.00925596	0.0847085	0.193666	0.0179646	0.0159578	0.0330206	0.000689945	0.0194121
170	0.0130511	0.0029485	0.0152319	0.0436724	0.00210605	0.00351656	0.115132	0.00373177	0.0836252	0.00752478	0.0185953	0.101414	0.0029058	0.0821276	0.044187	0.0245262	0.382452	0.0247261	0.00229351	0.0262319
171	0.00604754	0.00211393	0.00113817	0.00318327	0.00145719	0.00319651	0.0117027	0.00980602	0.424171	0.00598703	0.00854238	0.010949	0.00169281	0.0229841	0.426911	0.0223719	0.0300924	0.00372667	0.000816467	0.00310987
172	0.315517	0.0384051	0.00114164	0.00198789	0.00277025	0.0310809	0.00163076	0.023868	0.00811439	0.0361671	0.0039279	0.00354537	0.00273131	0.00969418	0.00265393	0.199864	0.134253	0.179936	0.00144827	0.00126316
173	0.06715	0.00888342	0.0890519	0.122067	0.00238737	0.0271446	0.0309734	0.0187287	0.185323	0.0236589	0.0126634	0.0879569	0.0146606	0.0529112	0.0497476	0.107575	0.0669694	0.0156574	0.000100485	0.0163901
174	0.0249968	0.00245166	0.0041678	0.0288444	0.0218102	0.000813792	0.0213749	0.292932	0.00601238	0.0400426	0.0154956	0.0200371	0.00891689	0.0207128	0.00504065	0.00522425	0.060523	0.416202	0.000488215	0.00391298
175	0.320254	0.0309625	0.00226027	0.0047446	0.0048685	0.0251466	0.00427784	0.0207999	0.00969711	0.0441531	0.0070868	0.00523677	0.00370858	0.0103737	0.00606206	0.152611	0.175215	0.168021	0.00175237	0.00276875
176	0.0241405	0.0326422	0.00186467	0.00422025	0.0300557	0.00270897	0.00245143	0.0990383	0.00455728	0.456874	0.0673672	0.0153368	0.00196935	0.00741654	0.00650419	0.0185003	0.0547434	0.155471	0.00136241	0.0127756
177	0.0269217	0.00579565	0.274798	0.0578119	0.00566349	0.0110485	0.0129625	0.00640631	0.0624478	0.00294147	0.00178226	0.362597	0.000813797	0.0374479	0.0185899	0.0559914	0.0457386	0.00354349	0.000445186	0.00625275
178	0.0582322	0.0225865	0.00829096	0.00424146	0.0119745	0.00456067	0.00435609	0.151299	0.0178791	0.0497459	0.126641	0.0279069	0.00870735	0.0339905	0.00449149	0.0293206	0.31107	0.119352	0.00171365	0.00364039
179	0.0104211	0.00412391	0.000268094	0.00202542	0.0361455	0.00103326	0.00208621	0.326557	0.000572044	0.38724	0.114625	0.000436613	0.000221166	0.00295746	0.000634456	0.000791429	0.00501343	0.0993288	0.0017002	0.00381851
180	0.088849	0.0513404	0.000376697	0.00221169	0.00650339	0.0092099	0.000599112	0.226751	0.000931672	0.041043	0.0191274	0.000970146	0.00180327	0.0012873	0.00101124	0.0129636	0.0267523	0.503076	0.00101655	0.00417684
181	0.338608	0.0808885	0.00368944	0.00286275	0.00263983	0.022213	0.00422935	0.00815154	0.00436128	0.00797311	0.0150584	0.0237064	0.00358014	0.0140212	0.0047264	0.174021	0.269885	0.0166723	0.00134745	0.00136483
182	0.2678	0.101844	0.00571155	0.00720443	0.00360195	0.038172	0.00332457	0.0513974	0.0217865	0.0548833	0.136385	0.0151318	0.00269031	0.0158652	0.00644827	0.112039	0.0877553	0.0614906	0.00159163	0.00487707
183	0.010726	0.00901142	0.00351069	0.00461783	0.195565	0.00389294	0.0386341	0.183102	0.0144315	0.222905	0.0681648	0.00415509	0.00204994	0.00653126	0.0143865	0.00903096	0.020608	0.0899834	0.00395506	0.094738
184	0.268824	0.0174255	0.016052	0.0249537	0.00680823	0.0370136	0.0136441	0.0148984	0.0439587	0.0201762	0.00897287	0.0207652	0.00835613	0.0236416	0.108105	0.313235	0.0214976	0.0191214	0.00260236	0.00994783
185	0.0521796	0.0299422	0.00298045	0.352313	0.00261009	0.0716068	0.00307611	0.0193112	0.0296808	0.0201727	0.0427932	0.00420012	0.00182237	0.150607	0.0839211	0.00666879	0.0482358	0.060452	0.00116536	0.0162617
186	0.0112849	0.0370123	0.0047898	0.00774352	0.123843	0.00760139	0.280839	0.0164988	0.0140993	0.0167659	0.00555668	0.0171426	0.00610015	0.0119353	0.0108757	0.014317	0.0100674	0.0240967	0.0137303	0.365701
187	0.199314	0.153875	0.00206804	0.00455646	0.00414454	0.0224625	0.00482207	0.0106041	0.00606684	0.012814	0.0137853	0.0131336	0.00299224	0.00888491	0.00822219	0.192471	0.293323	0.037405	0.00222565	0.00682892
188	0.251737	0.006192	0.0504073	0.163999	0.0019007	0.0516359	0.00673579	0.0036172	0.0837189	0.037954	0.00474424	0.0182414	0.00112786	0.0282916	0.0343863	0.218954	0.0148298	0.0165191	0.000819155	0.00418994
189	0.119547	0.0657692	0.000421854	0.00204255	0.00858708	0.0130461	0.000547435	0.195335	0.000607943	0.0433388	0.0240726	0.00103312	0.00208258	0.00111411	0.000701899	0.0179595	0.0280387	0.469165	0.000840679	0.00575012
190	0.0272241	0.000663673	0.153012	0.502241	0.00161711	0.0119559	0.0110687	0.0041408	0.043912	0.0116592	0.00367703	0.041685	0.00204136	0.100051	0.0199448	0.0290588	0.0259237	0.00820497	0.00109927	0.000819087
