200	20
1	0.344607	0.00151367	0.132753	0.0358218	0.00162102	0.021352	0.00169121	0.00278415	0.14527	0.0132275	0.0314429	0.0119796	0.0333054	0.0538534	0.0473963	0.0489018	0.0366397	0.0333509	0.000666151	0.00182216
2	0.0157863	0.00220523	0.00557124	0.0024448	0.00137232	0.00804333	0.01323	0.0112066	0.327715	0.00398499	0.00376739	0.0172617	0.0499291	0.0107188	0.384579	0.0482232	0.0677897	0.0240001	0.000631028	0.00153987
3	0.0139345	0.00145596	0.00034437	0.00054082	0.0321538	0.00050105	0.000941349	0.426209	0.00163821	0.111445	0.0552199	0.000484521	0.00026777	0.000890035	0.000793806	0.00340992	0.0164985	0.320862	0.00208073	0.0103291
4	0.0267662	0.00325539	0.00136036	0.00190612	0.347448	0.00574464	0.00137209	0.022382	0.00180473	0.125363	0.0145589	0.0020276	0.000977269	0.00216134	0.001677	0.0137297	0.0164407	0.0688312	0.0286535	0.313541
5	0.0146602	0.00283326	0.000707687	0.00107715	0.000701421	0.00138065	0.000755447	0.276797	0.00100561	0.0528718	0.00744305	0.0010568	0.000542176	0.00118426	0.000993932	0.00584934	0.0045092	0.624609	0.000282644	0.00073888
6	0.194164	0.0298278	0.0060605	0.00944089	0.0437108	0.008545	0.00838433	0.0134614	0.00961126	0.066609	0.0167074	0.020259	0.0451741	0.0138346	0.0101911	0.103973	0.343238	0.0404967	0.00445283	0.0118577
7	0.0151884	0.00320985	0.00430278	0.00367769	0.000658488	0.926296	0.00102841	0.00198018	0.00320101	0.00205035	0.00110031	0.00696991	0.000507406	0.00104054	0.00109733	0.0227101	0.00179677	0.00185629	0.000310011	0.00101827
8	0.386208	0.00227245	0.00728543	0.00448454	0.00335441	0.323023	0.0167132	0.0104172	0.00276174	0.00984782	0.0195394	0.0027641	0.0020914	0.00380613	0.00225633	0.161404	0.0055765	0.0323364	0.000884223	0.00297306
9	0.0840044	0.00130516	0.0093198	0.0152496	0.00136753	0.0375983	0.0268766	0.00505296	0.128224	0.0131864	0.00436447	0.0840028	0.00386231	0.0284582	0.367151	0.112515	0.0583931	0.00602614	0.000614402	0.0124281
10	0.0143819	0.00394101	0.0170971	0.0119013	0.00247478	0.798418	0.00385655	0.00426304	0.052202	0.00522809	0.00282512	0.0259332	0.00204311	0.00800652	0.0164129	0.0156797	0.00681001	0.00554858	0.000872586	0.00210403
11	0.0460881	0.00622513	0.00355896	0.00433116	0.101956	0.00436993	0.00318261	0.0231873	0.00435589	0.305797	0.42394	0.00760942	0.00333152	0.00553499	0.00413234	0.0112263	0.0110575	0.0172374	0.00541016	0.00746863
12	0.223897	0.0182946	0.00262141	0.00470711	0.00907831	0.0108723	0.00276446	0.130026	0.00417557	0.32542	0.0242156	0.00381424	0.00189723	0.00483984	0.00380549	0.0074819	0.00966187	0.207233	0.0012302	0.0039637
13	0.0242969	0.00847038	0.00400658	0.00477955	0.00082241	0.90018	0.00103752	0.00279758	0.00388878	0.00387862	0.00277817	0.00630167	0.00189435	0.0015288	0.00126195	0.0235164	0.00254726	0.00398966	0.000697388	0.00132569
14	0.114001	0.00249648	0.00262395	0.00376372	0.00248746	0.139377	0.00207751	0.00420796	0.0316812	0.00580077	0.00386501	0.00332744	0.00214735	0.0837452	0.11319	0.453732	0.0216304	0.00577172	0.000958258	0.003116
15	0.333248	0.00356397	0.00321615	0.00800324	0.0361705	0.0149292	0.11951	0.00532563	0.0258973	0.0316367	0.00350966	0.0847123	0.00279251	0.0293541	0.00518883	0.195075	0.0357368	0.00696063	0.00101335	0.0541571
16	0.0140824	0.00215793	0.00228345	0.00565068	0.0431041	0.0010237	0.00095879	0.193267	0.00421013	0.489929	0.0432164	0.000954565	0.00309352	0.00139651	0.000761875	0.00202133	0.0171558	0.171263	0.00025195	0.00321762
17	0.0398223	0.0440399	0.00838452	0.020731	0.00262537	0.00932706	0.0191839	0.061646	0.0258035	0.214431	0.0206949	0.00195009	0.000967885	0.0311107	0.0459378	0.0251157	0.0320658	0.3523	0.0271521	0.0167106
18	0.103025	0.0028052	0.00261458	0.0421491	0.13262	0.018819	0.0741209	0.0521129	0.00352619	0.0769968	0.0317354	0.0179703	0.0015822	0.0211904	0.00323213	0.00701118	0.0176385	0.24278	0.0277	0.12037
19	0.0178852	0.00411966	0.000617702	0.000905529	0.000582096	0.00212703	0.000713175	0.218821	0.000849714	0.0413587	0.00784914	0.00101892	0.0004832	0.000849981	0.000791785	0.00436319	0.00725489	0.688543	0.000230298	0.000635257
20	0.0136646	0.00158764	0.000345986	0.000550424	0.0358039	0.000497268	0.00105697	0.42326	0.00201805	0.115535	0.0571593	0.000484557	0.000323102	0.000874375	0.000873383	0.00312975	0.0165531	0.312549	0.00226346	0.0114697
21	0.0160587	0.00390864	0.0932743	0.00704931	0.00469211	0.00636434	0.19704	0.151079	0.0065691	0.149695	0.0987829	0.00669401	0.00327349	0.00663299	0.00618627	0.0120275	0.00925527	0.214956	0.00193996	0.0045208
22	0.273266	0.224775	0.00515357	0.00407455	0.00515799	0.0180441	0.00366696	0.0557787	0.00240597	0.0628956	0.0232151	0.00548866	0.0153864	0.00422507	0.00276037	0.117709	0.0782705	0.0921644	0.0012784	0.00428307
23	0.0149549	0.00328638	0.00446119	0.00381076	0.000578369	0.928018	0.000778775	0.00154047	0.00313101	0.00186151	0.00116725	0.00604242	0.00048743	0.000920572	0.000979319	0.0234034	0.00134241	0.00240273	0.000216555	0.000616684
24	0.0133593	0.00294504	0.00932925	0.0087975	0.0024067	0.851738	0.00651331	0.00180109	0.011702	0.00275287	0.00238055	0.0383652	0.00177075	0.00443675	0.00969543	0.0194027	0.00589569	0.00249384	0.00100743	0.00320697
25	0.0335335	0.00853479	0.0010177	0.00255296	0.0241906	0.00328062	0.00148467	0.363087	0.00301407	0.204743	0.094615	0.00203973	0.00114221	0.00608907	0.00331923	0.00702432	0.0151981	0.216583	0.00154547	0.00700434
26	0.0397966	0.00183503	0.0119806	0.0230727	0.0153548	0.120756	0.182348	0.0549064	0.0125178	0.149506	0.0615811	0.0239852	0.00184643	0.0663011	0.013494	0.0252441	0.00430494	0.0959821	0.0216582	0.0735288
27	0.246811	0.00896923	0.0587073	0.0652564	0.112744	0.0118534	0.0138693	0.0842414	0.0140965	0.0954535	0.0157787	0.0152404	0.0059116	0.0151515	0.0100445	0.123797	0.0190895	0.0201096	0.00400857	0.0588673
28	0.0531406	0.00303513	0.0056866	0.020322	0.0054537	0.0430874	0.0942215	0.0138056	0.0535174	0.0196713	0.00448546	0.36349	0.00525057	0.0182728	0.0307795	0.177272	0.0632392	0.00981889	0.0013239	0.0141262
29	0.101053	0.00167841	0.106008	0.0243925	0.00150442	0.00270231	0.00212896	0.0338315	0.0251397	0.0485085	0.0238119	0.192795	0.0122658	0.0869854	0.0974462	0.206568	0.0156858	0.014685	0.000871153	0.00193844
30	0.0654929	0.000334493	0.303791	0.294747	0.000339991	0.00989398	0.0125022	0.00959318	0.0254469	0.0146225	0.000530805	0.0290729	0.00240566	0.0880903	0.0471878	0.0370944	0.0332078	0.0166613	0.00016001	0.00882521
31	0.0276444	0.00663262	0.0148231	0.0146096	0.00593146	0.0214227	0.0370647	0.0125937	0.0146428	0.0177982	0.0098624	0.655403	0.00783499	0.0159763	0.012985	0.0620057	0.0322876	0.0163316	0.0029669	0.0111835
32	0.0278484	0.00864821	0.000851597	0.00117993	0.0161314	0.00102495	0.000642311	0.0931574	0.000895547	0.562915	0.193199	0.000743389	0.000423	0.00474389	0.000781642	0.0164846	0.0238251	0.0454462	0.000184907	0.000872881
33	0.143962	0.0131914	0.0106921	0.0121126	0.00335131	0.0313451	0.00180407	0.136825	0.0299292	0.138072	0.179699	0.0030925	0.00128707	0.11231	0.0491866	0.034078	0.00569066	0.0908318	0.000674014	0.00186556
34	0.025209	0.00881399	0.00101862	0.00360726	0.0270943	0.00308115	0.00116959	0.310281	0.00222337	0.187809	0.185154	0.001856	0.000718369	0.00383761	0.0022741	0.00649529	0.0140515	0.208251	0.00138422	0.00566954
35	0.260933	0.00344819	0.00308442	0.250965	0.00329596	0.0929682	0.0238187	0.0247396	0.00510896	0.00713838	0.00435059	0.00581166	0.00260041	0.151442	0.00521763	0.0494785	0.0741085	0.0259957	0.00176192	0.00373244
36	0.235326	0.0691174	0.00188093	0.00258509	0.0255701	0.00217907	0.00550177	0.0128332	0.00218603	0.0825769	0.0250417	0.0450846	0.011476	0.0183025	0.0110297	0.120605	0.235269	0.0705395	0.00878953	0.014106
37	0.0233632	0.00174125	0.00347687	0.0225235	0.00412706	0.0431699	0.142078	0.00747929	0.0246448	0.022547	0.00296289	0.436294	0.00259225	0.0313994	0.016221	0.122774	0.0673259	0.00468597	0.00115009	0.0194439
38	0.0244804	0.0114874	0.000459531	0.000766067	0.00400024	0.000741844	0.00245983	0.351444	0.00111544	0.20034	0.0153392	0.00178759	0.000391055	0.00525786	0.000762212	0.00382609	0.0202149	0.346521	0.000410853	0.00819368
39	0.0137719	0.0020472	0.000442256	0.00100259	0.0368051	0.000681468	0.00100405	0.406237	0.00207037	0.139276	0.0628939	0.000607026	0.000465347	0.000915004	0.000863768	0.00299401	0.0167514	0.298893	0.00206924	0.0102094
40	0.0126205	0.00117142	0.158209	0.147762	0.00890256	0.0171617	0.330282	0.00224427	0.0395443	0.00292311	0.0102659	0.10158	0.00956274	0.0369403	0.0355253	0.0253605	0.0337545	0.0112679	0.000601713	0.0143204
41	0.484825	0.0176291	0.00138966	0.0669022	0.00106866	0.0576733	0.00978886	0.00237393	0.00202612	0.0109781	0.009992	0.0299276	0.00105583	0.0733615	0.00183765	0.20485	0.0113456	0.0102799	0.000443716	0.00225087
42	0.729129	0.0173916	0.00145195	0.00251921	0.00146047	0.0140433	0.0016921	0.00210366	0.00188758	0.00342681	0.0020856	0.00262804	0.00576601	0.00286857	0.00165202	0.189919	0.0141405	0.00327844	0.000552936	0.00200284
43	0.0384271	0.0118691	0.00211797	0.00284398	0.140626	0.0150818	0.15943	0.00315621	0.0130287	0.059175	0.0132722	0.00261492	0.0012494	0.0240271	0.137703	0.00487894	0.00420489	0.0144152	0.139598	0.212281
44	0.0118405	0.00114008	0.080713	0.0381993	0.00108768	0.540697	0.00868828	0.00198358	0.0893642	0.00299111	0.00190441	0.101522	0.000875092	0.0245366	0.052471	0.0234849	0.0140745	0.0026805	0.000508873	0.00123661
45	0.0442556	0.013573	0.00103911	0.00148028	0.00114797	0.0076953	0.00110577	0.115213	0.00131031	0.0223426	0.00886055	0.00146472	0.000848971	0.00165876	0.00121227	0.00322842	0.0255487	0.746562	0.000406045	0.00104678
46	0.0214985	0.00967681	0.0416746	0.166444	0.00140757	0.0473036	0.0016086	0.00236836	0.366299	0.0032504	0.00165721	0.0387688	0.0274887	0.108852	0.0868642	0.0419803	0.0195641	0.0110892	0.000676862	0.00152691
47	0.035185	0.00433177	0.0290934	0.00886097	0.00183675	0.0410229	0.00605467	0.00493712	0.349758	0.0109077	0.00383573	0.0260373	0.00388554	0.017184	0.402118	0.0191543	0.0227794	0.00827899	0.000514077	0.0042245
48	0.0136459	0.000874706	0.00397628	0.00735469	0.0908339	0.00106	0.000830859	0.100013	0.00378741	0.573344	0.042015	0.00103635	0.00324741	0.00120956	0.000984162	0.0026274	0.0142444	0.124698	0.0018175	0.0123996
49	0.0389282	0.0459128	0.00191656	0.0129161	0.010625	0.01173	0.00248305	0.133952	0.00365835	0.302343	0.171624	0.0048702	0.00125428	0.00436149	0.00290946	0.00950059	0.0193004	0.218707	0.000767946	0.00224035
50	0.0717953	0.0472351	0.00304782	0.00595569	0.184738	0.0052672	0.00889899	0.125084	0.00538165	0.081509	0.0785566	0.110314	0.00555939	0.0480626	0.00528936	0.0143382	0.0387933	0.0578416	0.0326474	0.0696847
51	0.0129478	0.00141037	0.00316653	0.00637746	0.0575085	0.000983231	0.000773302	0.151964	0.0041894	0.531309	0.0468734	0.000950597	0.00422387	0.000993781	0.000818557	0.00206705	0.0172694	0.151038	0.000368493	0.00476687
52	0.395745	0.00280062	0.00815377	0.00599949	0.00275705	0.310204	0.00986089	0.00832017	0.0025499	0.00807734	0.0229575	0.00340448	0.00257546	0.00490674	0.00219331	0.176134	0.00563157	0.0236846	0.000830101	0.00321345
53	0.0403123	0.0122768	0.0468706	0.0212434	0.0023496	0.0376531	0.00249443	0.00665862	0.00855207	0.0104512	0.00382118	0.0286479	0.00641548	0.0135202	0.0129647	0.462196	0.262571	0.0158142	0.000774235	0.00441312
54	0.089321	0.0294464	0.00596143	0.00708488	0.0025691	0.0324143	0.00314913	0.0475072	0.00463038	0.0111353	0.00480032	0.0365353	0.0105423	0.00429858	0.0039913	0.417684	0.209034	0.0720831	0.000873615	0.00693745
55	0.211236	0.232594	0.0141365	0.0568075	0.0083884	0.019757	0.00936984	0.0310733	0.0100477	0.037585	0.0140164	0.014745	0.00875588	0.0153428	0.00838588	0.126147	0.11412	0.052953	0.00277909	0.0117601
56	0.137781	0.112582	0.00387451	0.00727751	0.0115869	0.0161984	0.00336057	0.150666	0.00486827	0.0838194	0.0798329	0.00997548	0.00597848	0.0100264	0.00795662	0.115487	0.0585808	0.170713	0.00270292	0.00673121
57	0.0324813	0.010336	0.00509452	0.0114638	0.115459	0.0119313	0.0547701	0.0168878	0.00696814	0.0288187	0.0106187	0.0125469	0.00485219	0.00737487	0.0066469	0.0183458	0.0141118	0.0241462	0.00849879	0.598647
58	0.0882746	0.00279785	0.0133244	0.0793723	0.00481671	0.010932	0.00447741	0.0216026	0.0359269	0.0247761	0.0102418	0.0188939	0.516864	0.0269555	0.0350226	0.0621066	0.0141849	0.0136073	0.00149325	0.0143292
59	0.0825587	0.00329301	0.0118149	0.0234287	0.000860874	0.0367463	0.00754832	0.0065196	0.287571	0.0156678	0.00499721	0.0405038	0.00192602	0.0178984	0.378807	0.0311118	0.0262345	0.0148413	0.000556111	0.00711433
60	0.0154464	0.0105797	0.0950232	0.100336	0.184845	0.00212164	0.0773592	0.00317369	0.0404336	0.223575	0.0835888	0.0228913	0.00117067	0.0239637	0.00205167	0.0229488	0.00331359	0.0130109	0.00085419	0.0733118
61	0.295871	0.295191	0.0136062	0.00797295	0.00171268	0.0158604	0.00226516	0.0455781	0.00289519	0.0496261	0.0116245	0.00329061	0.00610074	0.00302527	0.00274657	0.0844987	0.0874776	0.0674881	0.000904147	0.00226474
62	0.063793	0.000877319	0.0144819	0.111043	0.00192674	0.00767079	0.00144105	0.0229115	0.0356593	0.0189515	0.00261372	0.0191224	0.571237	0.0288947	0.0227813	0.0505223	0.0092033	0.00738755	0.000483853	0.00899731
63	0.0960738	0.00892853	0.00949141	0.0144295	0.00772434	0.135673	0.0237559	0.0744656	0.0164943	0.0842998	0.0314241	0.0568303	0.00556081	0.125524	0.0572322	0.074386	0.0164243	0.141299	0.00584215	0.0141402
64	0.0511724	0.00174319	0.0139315	0.0891874	0.00241562	0.0065484	0.00320528	0.0265202	0.027206	0.0317359	0.00484858	0.0250529	0.594864	0.0243955	0.0187075	0.040966	0.0111583	0.0124372	0.000988549	0.0129161
65	0.00815439	0.0007671	0.000798483	0.00126954	0.0107997	0.00124829	0.000881203	0.599808	0.00128461	0.212038	0.106343	0.00130615	0.000532208	0.00230595	0.00109102	0.00280215	0.00730979	0.0399358	0.000392757	0.0009322
66	0.0591815	0.00100114	0.0167921	0.00187842	0.00113608	0.0241777	0.0172874	0.00332457	0.297288	0.00311183	0.00876367	0.0331294	0.115914	0.0474118	0.215225	0.0581698	0.0705126	0.0237947	0.000398439	0.00150253
67	0.0476083	0.00733263	0.127071	0.43031	0.00671886	0.0267396	0.0171727	0.0148367	0.0319217	0.0264062	0.0128836	0.031764	0.00887025	0.0511861	0.031774	0.0562501	0.0369879	0.0210218	0.00289031	0.0102537
68	0.0147078	0.00637932	0.288596	0.414494	0.000794441	0.0471383	0.000920012	0.0130619	0.00678646	0.00229599	0.00142231	0.0448361	0.0008692	0.0180031	0.00644123	0.105424	0.0242812	0.00212086	0.000338026	0.00108936
69	0.301361	0.0801007	0.0693991	0.0734873	0.00187192	0.00298614	0.0580931	0.0035803	0.00279149	0.0155496	0.00272759	0.0147472	0.00128879	0.0265527	0.00275859	0.174141	0.0045418	0.0404633	0.000941186	0.122617
70	0.0130954	0.00174368	0.00475218	0.00641552	0.0660194	0.0009154	0.000687236	0.108982	0.00332095	0.59263	0.0608472	0.000980552	0.0029626	0.00130961	0.000800878	0.00327731	0.0147676	0.10933	0.00037341	0.0067896
71	0.0416957	0.0168419	0.00765466	0.0101119	0.105239	0.00856165	0.00964163	0.0557713	0.0104222	0.157095	0.241062	0.0643755	0.0110358	0.0213052	0.00831308	0.018326	0.020391	0.0302397	0.10103	0.060887
72	0.0356945	0.000604133	0.0807729	0.0314827	0.000552303	0.0188095	0.000572966	0.00186773	0.0100351	0.00664441	0.00393249	0.0334881	0.000821093	0.0235867	0.0237766	0.533389	0.191634	0.00156619	0.000157618	0.000612041
73	0.154893	0.00271433	0.0347152	0.00506173	0.00194144	0.571972	0.00387213	0.00579255	0.00361202	0.00523137	0.00924606	0.00444037	0.00211691	0.00295018	0.00262129	0.172137	0.00434506	0.00919615	0.000694246	0.00244664
74	0.0734126	0.000936123	0.00204271	0.0821888	0.0194243	0.00966171	0.0133122	0.0307725	0.0493365	0.0291177	0.0166551	0.0110082	0.428405	0.0182092	0.0130924	0.0758395	0.0268428	0.025481	0.000310259	0.0739517
75	0.0756038	0.0392702	0.00383255	0.00599838	0.0796495	0.00587386	0.00561924	0.00744032	0.0318044	0.145557	0.165483	0.00699147	0.315072	0.0194418	0.0183844	0.0254279	0.00986014	0.0089797	0.00232146	0.0273888
76	0.0646313	0.000635068	0.217901	0.312841	0.000772361	0.0135684	0.0319691	0.00676892	0.0377791	0.0228668	0.00541559	0.030217	0.00383255	0.0951137	0.0574761	0.0356036	0.0373861	0.0160742	0.000617659	0.00853114
77	0.174154	0.00278485	0.00414953	0.169085	0.00534784	0.0220825	0.00512186	0.0104315	0.0787663	0.0104302	0.00629953	0.00696363	0.238185	0.0587356	0.00803779	0.0987221	0.0106664	0.040705	0.00099398	0.0483373
78	0.0560405	0.00864516	0.0264184	0.0368354	0.00344122	0.0606888	0.0192879	0.00981859	0.015841	0.0305313	0.00551586	0.121918	0.00637529	0.0145717	0.0170825	0.329787	0.215326	0.0129811	0.00116667	0.00772703
79	0.0404777	0.0105901	0.0110147	0.0101559	0.00765353	0.0169031	0.0650784	0.0764393	0.0149435	0.0229824	0.0121394	0.263786	0.0537815	0.0138706	0.0119297	0.211625	0.0334593	0.110537	0.00376461	0.00886808
80	0.070508	0.000562197	0.29512	0.285633	0.000405465	0.00977819	0.0128413	0.00922366	0.0259373	0.0162048	0.000844978	0.0281835	0.00230955	0.0927663	0.0494342	0.0389096	0.0319584	0.0179604	0.000287438	0.0111321
81	0.472314	0.022849	0.00371966	0.0247431	0.00301164	0.134823	0.00368734	0.00566304	0.00506263	0.00797115	0.00448512	0.0315341	0.134136	0.00535816	0.00498813	0.0441218	0.00699753	0.00750616	0.0735652	0.00346387
82	0.030385	0.0109223	0.00575337	0.011939	0.110575	0.0111665	0.0600944	0.0169153	0.00573701	0.0284377	0.0108051	0.01241	0.00312124	0.00710332	0.00592073	0.017084	0.0137069	0.0235267	0.0084227	0.605974
83	0.322747	0.00994455	0.0121287	0.0556463	0.0119936	0.133993	0.0147306	0.00940353	0.0122636	0.0150105	0.0110023	0.0181941	0.00920703	0.0231651	0.00862728	0.244061	0.0186604	0.0162102	0.0021371	0.0508742
84	0.0230383	0.0128488	0.000550958	0.000809882	0.00248535	0.000763386	0.00311666	0.353967	0.00128788	0.218291	0.0120596	0.00205618	0.000397794	0.00644509	0.000836355	0.00429517	0.0218556	0.325036	0.000332028	0.00952612
85	0.455625	0.0213312	0.00482722	0.00726768	0.00673141	0.0166576	0.00709535	0.00784772	0.00718659	0.0110641	0.0124957	0.0103176	0.0445574	0.00778775	0.004536	0.212665	0.117534	0.0334143	0.00252673	0.00853136
86	0.0484537	0.00875723	0.0209057	0.0370336	0.00565299	0.089973	0.0106998	0.017293	0.420894	0.0179885	0.0158952	0.0281749	0.011563	0.0403128	0.134232	0.0349846	0.0260687	0.0204952	0.00248526	0.00813642
87	0.0323177	0.0114346	0.00572081	0.0103648	0.0201411	0.00664681	0.00656682	0.190549	0.102715	0.283513	0.0475192	0.00627075	0.00364602	0.012253	0.0155787	0.0173014	0.0655598	0.150641	0.00254358	0.00871804
88	0.450386	0.00977284	0.00224849	0.00294608	0.0184551	0.00342546	0.00580542	0.0207038	0.00364343	0.0101561	0.0402581	0.00639976	0.0112306	0.00665613	0.00344243	0.172826	0.121417	0.0993546	0.0013644	0.00950801
89	0.196844	0.010883	0.00688333	0.00863626	0.00545477	0.358997	0.00839342	0.0174538	0.00875096	0.085081	0.0596215	0.00854246	0.00419579	0.010642	0.00855574	0.0855066	0.0129292	0.0947161	0.00274216	0.00517057
90	0.018064	0.00526613	0.00240098	0.00739441	0.0450803	0.00153811	0.000892928	0.164187	0.00556613	0.493044	0.0649111	0.0011946	0.0028971	0.0012607	0.00101216	0.00246521	0.0171222	0.162891	0.000252432	0.00255892
91	0.0531592	0.00566395	0.0173145	0.156776	0.0258467	0.00315128	0.0214005	0.038931	0.196863	0.0251805	0.00431284	0.00648342	0.00217199	0.046906	0.0998264	0.0486532	0.108322	0.129992	0.000927901	0.00811814
92	0.0968955	0.00283757	0.00290987	0.00448371	0.00289469	0.0046136	0.0546658	0.0406852	0.00443049	0.462376	0.120708	0.00443598	0.00228685	0.109782	0.00394849	0.00849898	0.0256976	0.00676577	0.00145382	0.0396301
93	0.193579	0.295299	0.00475025	0.0041377	0.00121565	0.0294287	0.0015566	0.0754683	0.00184153	0.066798	0.0189837	0.00180067	0.00537819	0.00197459	0.0016104	0.117215	0.0578224	0.119196	0.000494191	0.00145115
94	0.0453228	0.00132321	0.0546623	0.247187	0.00124382	0.0174406	0.0156825	0.00998149	0.0968953	0.0482962	0.00737485	0.0152252	0.00383197	0.196646	0.133789	0.0410224	0.0345634	0.0129458	0.0124391	0.0041268
95	0.496056	0.00213862	0.00265044	0.00476504	0.0403135	0.015165	0.0334326	0.00388164	0.00775427	0.0198867	0.00257403	0.0345464	0.00171258	0.00768307	0.00243342	0.220087	0.0204338	0.00428769	0.000709285	0.0794893
96	0.0311952	0.00336301	0.00160009	0.00241648	0.278956	0.00576157	0.00162498	0.0299605	0.00161599	0.0922878	0.0147455	0.00212116	0.00101169	0.0021205	0.00182153	0.0109356	0.0109622	0.0598484	0.0133015	0.434351
97	0.0613465	0.00245428	0.0202066	0.025573	0.00193654	0.0221109	0.0371531	0.00618842	0.101999	0.0100153	0.00537116	0.0987017	0.00247891	0.0196603	0.439808	0.100161	0.028611	0.00753088	0.000914842	0.00777787
98	0.0891992	0.00121795	0.054264	0.0624553	0.00107477	0.00524846	0.00300956	0.032604	0.171965	0.0720985	0.00326326	0.012244	0.00204222	0.149049	0.251865	0.0439463	0.0272455	0.0131939	0.00203255	0.0019821
99	0.0573494	0.0131441	0.00192467	0.00326128	0.261063	0.0367041	0.00239963	0.0101549	0.00292873	0.0451993	0.00657626	0.00289782	0.00152242	0.00295988	0.00270231	0.0426344	0.0174086	0.0212472	0.0174187	0.450504
100	0.025614	0.0185207	0.00282298	0.00387109	0.0638625	0.00366051	0.0169103	0.281448	0.0474028	0.140568	0.0305074	0.00384399	0.00170686	0.00497045	0.0219149	0.00772686	0.0110995	0.304342	0.00250221	0.00670444
101	0.309483	0.0661748	0.00254342	0.00353881	0.0261225	0.00353467	0.0267582	0.00949336	0.00381588	0.0434657	0.017141	0.0265088	0.037586	0.0097085	0.00610495	0.14478	0.130363	0.094494	0.00342883	0.0349554
102	0.388597	0.0206539	0.00281369	0.00382637	0.00232703	0.0189657	0.00260572	0.063974	0.00362819	0.283672	0.00321168	0.00365911	0.00199457	0.00403982	0.00330694	0.0070655	0.00538987	0.177126	0.000723978	0.00242017
103	0.0969364	0.0301136	0.00390189	0.00643498	0.0459675	0.00794227	0.00273941	0.235312	0.00866916	0.104842	0.202312	0.00741189	0.0017147	0.038145	0.0243665	0.032167	0.0262979	0.104224	0.00547846	0.015023
104	0.105834	0.00458166	0.0113836	0.0461179	0.0118564	0.00740427	0.00341413	0.0271265	0.0195444	0.114845	0.0256622	0.0162005	0.501428	0.019015	0.0140246	0.0383173	0.00950807	0.0100638	0.00193252	0.0117405
105	0.058249	0.105876	0.00209315	0.00360052	0.00196982	0.0253194	0.00182165	0.00939567	0.00250123	0.0111152	0.00254268	0.0472785	0.0356916	0.00254803	0.00234623	0.278117	0.307324	0.0841435	0.000908349	0.0171589
106	0.0288905	0.00373194	0.0099754	0.0177765	0.00337469	0.0357396	0.0528208	0.0109191	0.0245771	0.0152338	0.00427229	0.470279	0.00588168	0.0155794	0.0225622	0.164394	0.0916451	0.0106255	0.00163785	0.0100832
107	0.0257254	0.00765963	0.00173276	0.00297339	0.0413875	0.0015058	0.002373	0.27379	0.00236664	0.301222	0.0574648	0.00274815	0.00118089	0.00387054	0.00199568	0.00529175	0.0211708	0.222956	0.00250757	0.0200778
108	0.0197302	0.00449608	0.0019863	0.00261859	0.474503	0.0082258	0.00210815	0.0100038	0.00210674	0.0406795	0.00682673	0.00259214	0.00124139	0.00266744	0.00231385	0.0111629	0.00842826	0.024268	0.00891578	0.365125
109	0.0147442	0.0033009	0.00452473	0.0036509	0.000572226	0.928539	0.000757569	0.00138262	0.00349177	0.0015738	0.00105631	0.00615396	0.000487366	0.00113051	0.000859141	0.0233597	0.0020289	0.00145978	0.000222629	0.000704064
110	0.0295255	0.000869494	0.00302726	0.0696404	0.00642289	0.00410858	0.00468255	0.0385977	0.0294705	0.0286505	0.0114497	0.013279	0.593994	0.0253062	0.0180828	0.034419	0.0155605	0.0306986	0.000415743	0.0417989
111	0.0168889	0.00177034	0.00169364	0.0550592	0.0306512	0.350727	0.0947731	0.00321229	0.0025755	0.00418686	0.0131238	0.266297	0.00165268	0.0128598	0.0703148	0.00531195	0.00393471	0.0035581	0.0120681	0.0493407
112	0.0151937	0.00431203	0.511716	0.0974263	0.00277302	0.00925336	0.104784	0.00300584	0.0175107	0.00505898	0.00357867	0.106002	0.00739881	0.0224634	0.0202663	0.0284431	0.023448	0.00981944	0.000560519	0.00698507
113	0.0224377	0.0020774	0.148077	0.0642967	0.00414076	0.0356051	0.163012	0.00488793	0.057914	0.0070531	0.006013	0.210111	0.042739	0.0338403	0.0511675	0.0704258	0.054814	0.0094844	0.000898574	0.0110052
114	0.0175794	0.00438361	0.00203713	0.00245936	0.505396	0.00741902	0.00206035	0.008387	0.00211557	0.0307581	0.00566666	0.00273277	0.00129243	0.00271707	0.00230973	0.0102494	0.00748314	0.0191419	0.00720404	0.358607
115	0.0102246	0.0013119	0.212519	0.0992429	0.00589242	0.0205472	0.272246	0.00264957	0.0347591	0.0038528	0.00672361	0.147395	0.0251591	0.0266101	0.0329083	0.0403293	0.0333727	0.00830087	0.000684053	0.0152717
116	0.0614209	0.00131244	0.0155331	0.0604489	0.00176298	0.00447698	0.00163574	0.0371366	0.0147293	0.125091	0.0027722	0.0198176	0.572202	0.013308	0.0118575	0.0411451	0.00596756	0.00517407	0.000728684	0.00347967
117	0.0424098	0.000485859	0.0537772	0.392902	0.000421499	0.0221315	0.0393025	0.000904735	0.0637395	0.0456459	0.0161172	0.0327977	0.00634971	0.104409	0.0647715	0.0350613	0.0536539	0.0163285	0.00122463	0.00756594
118	0.0271163	0.00114823	0.00283781	0.0222901	0.00150972	0.0631091	0.0831987	0.00974407	0.0393112	0.0157068	0.00185899	0.403089	0.00213321	0.0160183	0.0306698	0.158839	0.104727	0.00298753	0.000555383	0.0131496
119	0.374944	0.00163975	0.0100274	0.003737	0.00398898	0.339909	0.00926785	0.011499	0.0028159	0.00890179	0.0177493	0.00252933	0.00175416	0.00316315	0.00292489	0.173769	0.00559737	0.0217209	0.000770254	0.003291
120	0.0307162	0.00483795	0.0944778	0.0772598	0.00960557	0.0339184	0.274949	0.00976973	0.0380835	0.0147389	0.0121016	0.144737	0.0132988	0.029992	0.0893276	0.0486794	0.0377753	0.0150199	0.00294823	0.0177633
121	0.0350757	0.0102101	0.00244969	0.00726662	0.056532	0.00353176	0.00460104	0.168307	0.00618193	0.351949	0.100376	0.00380922	0.00291008	0.00418024	0.00432565	0.00822156	0.0174934	0.196043	0.0033224	0.0132135
122	0.0185012	0.00269285	0.000386684	0.00143975	0.0307097	0.000698171	0.000897517	0.385013	0.00228077	0.183796	0.0595538	0.000805826	0.000752568	0.000999825	0.000914546	0.00313362	0.0160436	0.281123	0.00171907	0.00853855
123	0.521447	0.0127103	0.00308499	0.0113852	0.00269482	0.0836685	0.00365723	0.00523595	0.00351212	0.00655632	0.00486185	0.0142965	0.153258	0.0147135	0.00374896	0.103569	0.0114425	0.011687	0.0249082	0.00356183
124	0.367704	0.00161518	0.0115329	0.00381714	0.00282595	0.339629	0.0095127	0.00871848	0.00260942	0.00770148	0.0212743	0.00260771	0.00201468	0.0027632	0.00204399	0.182877	0.0046126	0.0221516	0.000708551	0.00328001
125	0.0271959	0.0102681	0.000836287	0.00121824	0.01934	0.00111863	0.000581259	0.0830017	0.000816822	0.553571	0.211833	0.000800136	0.00042892	0.00440703	0.000676155	0.0148586	0.020303	0.0477579	0.000204017	0.000783012
126	0.00806411	0.000770663	0.000794407	0.00129584	0.0107482	0.00124146	0.000890158	0.600119	0.00128598	0.21226	0.105908	0.00129146	0.000542867	0.0023033	0.00109119	0.00279481	0.00727159	0.0400162	0.000394012	0.000916759
127	0.134552	0.00126525	0.0193792	0.0889458	0.000656924	0.0232225	0.0274391	0.0187226	0.134406	0.00779889	0.0159753	0.02844	0.0116179	0.0637959	0.316823	0.0479455	0.0348169	0.0152664	0.000362459	0.00856798
128	0.0129717	0.0140274	0.00823542	0.00355498	0.00499264	0.0103497	0.0145199	0.00375171	0.334154	0.039094	0.0101309	0.010505	0.00304847	0.0125916	0.481348	0.00878018	0.0131971	0.0118212	0.000578674	0.00234785
129	0.0757384	0.0441439	0.0019635	0.00321015	0.18842	0.00277988	0.00218992	0.241911	0.0030552	0.0655605	0.121708	0.024116	0.00177895	0.0158663	0.00614891	0.0113841	0.0267119	0.0910925	0.0197189	0.0525017
130	0.0438103	0.014671	0.0404876	0.0157142	0.0151516	0.00362443	0.635962	0.0406981	0.0031067	0.0182012	0.00284275	0.0035146	0.00152457	0.00338462	0.00322115	0.00566362	0.00451249	0.0311143	0.00111788	0.111677
131	0.0466706	0.000431353	0.0825532	0.381899	0.000416395	0.0200232	0.0364567	0.00177428	0.0589047	0.0434503	0.0136018	0.0316459	0.0055605	0.104058	0.0635978	0.0342721	0.0506172	0.0155293	0.00123892	0.00729862
132	0.384719	0.00270651	0.00867521	0.00414126	0.00939661	0.378422	0.00604207	0.0298389	0.0033435	0.0132927	0.0109975	0.00340396	0.00243063	0.00301459	0.00272417	0.107641	0.0106412	0.0149217	0.00114885	0.0024992
133	0.0957478	0.000769702	0.0168777	0.0589967	0.000695043	0.0188157	0.0208376	0.01684	0.304801	0.0093596	0.0210635	0.0275178	0.0093265	0.066778	0.245221	0.0284089	0.0316978	0.0219812	0.000288169	0.00397639
134	0.0730378	0.0345965	0.0133785	0.106702	0.00116509	0.00176699	0.0263705	0.140397	0.0318291	0.188146	0.0308594	0.00751368	0.000729525	0.0904188	0.0768916	0.015944	0.0272944	0.130362	0.0010447	0.0015518
135	0.0136823	0.00155022	0.000343568	0.000549347	0.0358269	0.000490532	0.0010145	0.423205	0.00195557	0.115527	0.0575332	0.000484693	0.00032392	0.000878516	0.000868791	0.00312347	0.0164883	0.312538	0.00229603	0.0113204
136	0.0568979	0.0186653	0.0262807	0.103695	0.0103704	0.00204594	0.00146994	0.0700633	0.0295774	0.0200683	0.0275138	0.0197155	0.0199868	0.0193908	0.0206944	0.0456987	0.274338	0.231241	0.000578495	0.00170778
137	0.0422389	0.0380949	0.000887129	0.00421612	0.00329243	0.00353723	0.00239691	0.26399	0.00271181	0.246936	0.0449602	0.00681472	0.000709259	0.0038108	0.0014973	0.00437878	0.014347	0.309728	0.000431977	0.00502021
138	0.0648877	0.0156718	0.0152172	0.0232632	0.0255632	0.0240407	0.0207143	0.0273739	0.0208098	0.0389435	0.0308379	0.0257623	0.0123358	0.0239188	0.023391	0.0415457	0.0331393	0.0331678	0.469757	0.0296592
139	0.0177047	0.00309076	0.00413012	0.00383606	0.000688982	0.927228	0.000837981	0.00141993	0.00307225	0.0017039	0.0011691	0.00621974	0.00048233	0.00090178	0.00075918	0.0230645	0.00127046	0.00159325	0.00021733	0.000609977
140	0.02662	0.000728174	0.0933313	0.019058	0.000763197	0.0127894	0.000836422	0.0015006	0.00610981	0.00374477	0.00330347	0.0205152	0.000613897	0.0119957	0.0115031	0.490136	0.293318	0.00202846	0.000323053	0.000781338
141	0.0147561	0.00316834	0.00481128	0.00360218	0.000521854	0.929449	0.000684313	0.0013821	0.00329055	0.0015407	0.000878487	0.00641318	0.000521203	0.00107198	0.00115566	0.0229288	0.00179071	0.00120558	0.000227391	0.000600777
142	0.0744883	0.00110081	0.00150093	0.0417476	0.00132838	0.00282686	0.0019283	0.00214666	0.15852	0.0117413	0.00952182	0.0726559	0.000953998	0.0423697	0.0793652	0.21654	0.26849	0.00286493	0.000442157	0.00946688
143	0.374614	0.00362404	0.00324264	0.0072342	0.00352962	0.0083621	0.00417284	0.00611176	0.00635353	0.00997363	0.00701801	0.0056722	0.340016	0.106777	0.00546112	0.0410642	0.00967383	0.0511383	0.0018459	0.00411472
144	0.0200121	0.00232283	0.00197549	0.00340442	0.0147446	0.0029002	0.00317788	0.0327206	0.126162	0.279887	0.0742636	0.00396742	0.00167226	0.0271378	0.298972	0.0443336	0.0390854	0.00533765	0.000859388	0.0170635
145	0.0403028	0.00884843	0.013419	0.0157004	0.00538259	0.019263	0.0193745	0.00959015	0.192802	0.0303842	0.011893	0.0315931	0.00688069	0.0192236	0.488346	0.0362609	0.0243686	0.0154535	0.00293764	0.00797607
146	0.0270073	0.00479832	0.265393	0.389877	0.00141627	0.0383107	0.0060771	0.0120229	0.0141177	0.00751672	0.00292798	0.0402143	0.00331076	0.0346923	0.0177929	0.0962821	0.028243	0.00601118	0.000630763	0.00335873
147	0.0246621	0.00301446	0.00489236	0.00751161	0.248851	0.00486602	0.004762	0.0481993	0.00427599	0.296342	0.0240495	0.00333276	0.002205	0.00325738	0.00236345	0.0104756	0.0141279	0.0916734	0.0135791	0.187559
148	0.0247352	0.00694853	0.00115565	0.00257635	0.0235895	0.00125717	0.000646553	0.131295	0.00173539	0.516949	0.166317	0.000800992	0.00101116	0.00395523	0.000970488	0.0121136	0.0248511	0.0776841	0.000226371	0.00118156
149	0.00795521	0.0254542	0.00282377	0.015322	0.0745824	0.00306311	0.309466	0.00417418	0.00284445	0.00484435	0.00295734	0.0284752	0.00152798	0.00336587	0.00267214	0.00566184	0.00427715	0.00491571	0.0140122	0.481605
150	0.237082	0.00218662	0.00195927	0.00291777	0.00198082	0.0152716	0.00186937	0.0255841	0.00264748	0.00441399	0.00301974	0.00288238	0.00159134	0.00313128	0.00290173	0.0535397	0.0159756	0.618142	0.0007353	0.00216745
151	0.0683942	0.00036178	0.29988	0.290583	0.000339424	0.0116796	0.0149648	0.00834759	0.0274458	0.0143643	0.000810552	0.0316472	0.00225637	0.0829409	0.052151	0.0368007	0.033088	0.0153015	0.000139984	0.00850262
152	0.0110558	0.00747039	0.713042	0.0703381	0.000962032	0.00477152	0.00545441	0.00309612	0.00449832	0.00388243	0.00136434	0.098568	0.00170289	0.0106437	0.0061358	0.0274782	0.0174838	0.00954066	0.000462701	0.00204858
153	0.030514	0.0143842	0.000841565	0.00191376	0.0193011	0.00181592	0.00065428	0.0803796	0.00102462	0.524469	0.225007	0.0009602	0.000405598	0.00436653	0.000806939	0.0136042	0.0183452	0.0602059	0.000220366	0.000780508
154	0.36589	0.00319596	0.00640341	0.0057473	0.00463861	0.309531	0.0117378	0.0131056	0.00431471	0.0190396	0.0204545	0.00536368	0.00519996	0.00596769	0.00425902	0.135316	0.00929812	0.064247	0.00198271	0.00430759
155	0.0701126	0.000383929	0.305913	0.286278	0.000338221	0.0110675	0.0144812	0.00844143	0.0268119	0.0137499	0.000580322	0.0318515	0.00217294	0.0820693	0.0526903	0.0375011	0.0319512	0.0151295	0.000142134	0.00833402
156	0.43522	0.00339356	0.00369055	0.00490157	0.0219657	0.311633	0.00605015	0.0493327	0.00451099	0.0270437	0.00880204	0.00466624	0.00305286	0.00434953	0.00426918	0.0633875	0.0233857	0.0150862	0.00159489	0.0036642
157	0.193579	0.295299	0.00475025	0.0041377	0.00121565	0.0294287	0.0015566	0.0754683	0.00184153	0.066798	0.0189837	0.00180067	0.00537819	0.00197459	0.0016104	0.117215	0.0578224	0.119196	0.000494191	0.00145115
158	0.0285767	0.00307795	0.00299193	0.00429332	0.0544255	0.00459516	0.184625	0.108796	0.00402004	0.166566	0.0223016	0.024343	0.158265	0.0432789	0.00335355	0.0422644	0.0418532	0.0262064	0.0373206	0.0388446
159	0.0136564	0.00153424	0.000344427	0.000549602	0.035814	0.000490712	0.0010137	0.423511	0.00193893	0.11549	0.0575849	0.000485304	0.000324366	0.000875378	0.000861671	0.00311988	0.0165157	0.312266	0.0022731	0.0113509
160	0.0292091	0.0054675	0.0100576	0.0145316	0.00677617	0.0223366	0.037664	0.0130526	0.0148544	0.0159318	0.00803185	0.657206	0.0075753	0.0164841	0.0140439	0.0623702	0.0335898	0.0176952	0.00279591	0.0103263
161	0.0283228	0.0114726	0.000495023	0.000855234	0.00362867	0.000916971	0.00138761	0.32222	0.000904981	0.142051	0.0164798	0.00187503	0.000376841	0.00295709	0.000682013	0.00371686	0.0123804	0.444524	0.000374848	0.00437762
162	0.0924587	0.00274521	0.00866838	0.00437798	0.00141497	0.779903	0.00266147	0.00393746	0.00317242	0.00326001	0.00580983	0.00564094	0.00122392	0.00146351	0.00142329	0.0701734	0.00401973	0.00612964	0.000409882	0.00110656
163	0.0565175	0.105093	0.00131139	0.00279966	0.00141522	0.0193974	0.00136842	0.00403906	0.00219192	0.0114981	0.0021081	0.0267671	0.0307835	0.00199091	0.00184681	0.291097	0.33591	0.0826721	0.000729379	0.0204638
164	0.0124383	0.00319162	0.00714419	0.00841232	0.000884217	0.89619	0.00216137	0.00149406	0.00663749	0.00194106	0.00120398	0.0193945	0.000635093	0.00226893	0.003985	0.0235049	0.00506454	0.0015506	0.000396237	0.00150162
165	0.0508226	0.00831333	0.0351042	0.193391	0.0300724	0.00155056	0.0490554	0.0532315	0.194404	0.0126029	0.00167069	0.00850151	0.000913072	0.0706627	0.0493542	0.0776381	0.0682352	0.0777886	0.000372997	0.0163148
166	0.0144664	0.00631617	0.285506	0.418949	0.000816453	0.0474837	0.000954609	0.0128092	0.00667394	0.00241156	0.00144526	0.0443865	0.000881464	0.017739	0.00637544	0.104667	0.0244809	0.00211879	0.00036984	0.0011486
167	0.0196877	0.0156989	0.000731914	0.00123377	0.00514607	0.00101616	0.00469033	0.3437	0.00270722	0.220101	0.0149082	0.00193704	0.000422636	0.00732021	0.0021845	0.00566342	0.0254279	0.312526	0.0010827	0.0138152
168	0.0385071	0.00114024	0.00156658	0.0100578	0.00128205	0.00265328	0.00153651	0.00257566	0.0301058	0.00305384	0.00194853	0.00226002	0.0212339	0.00201058	0.0017499	0.46536	0.40769	0.00306375	0.000684763	0.00151951
169	0.0179712	0.00411483	0.00068649	0.00105133	0.0119409	0.00142669	0.000995295	0.327239	0.00130825	0.079184	0.0248152	0.00117864	0.000645679	0.00136735	0.000981743	0.00535496	0.0113261	0.502937	0.000922027	0.00455344
170	0.129847	0.00736447	0.0104296	0.018709	0.000917795	0.0363539	0.00165023	0.00871929	0.265482	0.0373409	0.00162407	0.0226643	0.000877554	0.00963994	0.399707	0.019994	0.00799903	0.00572425	0.000562504	0.0143925
171	0.0677465	0.000369009	0.306055	0.290452	0.00031598	0.0106732	0.0138599	0.00881847	0.0261208	0.0139492	0.000496022	0.0310725	0.00222622	0.0845604	0.0495867	0.0369256	0.0324131	0.0157503	0.000136783	0.00847213
172	0.0248513	0.00320841	0.00304409	0.00676518	0.150894	0.00362677	0.00683847	0.102259	0.00399755	0.380997	0.0323687	0.00422138	0.0024087	0.00382985	0.00234172	0.00721387	0.0137272	0.127541	0.00881964	0.111046
173	0.481173	0.00513037	0.00291644	0.00370494	0.00820863	0.00479805	0.00354764	0.0574353	0.00354556	0.00756646	0.0110945	0.0052692	0.0045747	0.00439664	0.00389875	0.11748	0.128293	0.126786	0.00145951	0.018721
174	0.0424365	0.000485745	0.0536369	0.393136	0.000423619	0.0221912	0.0393821	0.000897701	0.063676	0.045644	0.0161191	0.0327953	0.00638329	0.104209	0.064773	0.0350153	0.0536506	0.0163301	0.00121411	0.00759984
175	0.0666079	0.00880793	0.00156984	0.00207796	0.00130342	0.00195811	0.00142376	0.059457	0.0679638	0.352184	0.150619	0.00186496	0.00100905	0.0190374	0.0180811	0.0280432	0.196115	0.0198281	0.00047689	0.00157159
176	0.0149137	0.00164146	0.000340481	0.00057267	0.0279633	0.000526097	0.000901187	0.420652	0.00149957	0.109141	0.0504315	0.000546037	0.000257651	0.000967326	0.000716342	0.00333838	0.0157114	0.338872	0.00183208	0.00917612
177	0.372265	0.0529177	0.00159015	0.0134529	0.00176675	0.0630543	0.0129704	0.0139577	0.119666	0.0156278	0.0394067	0.0143449	0.00137435	0.0705252	0.123641	0.0277919	0.0038038	0.0488223	0.000877558	0.00214419
178	0.0338766	0.000473155	0.0823934	0.0293757	0.000481646	0.0188417	0.000457819	0.00102564	0.00863003	0.00436763	0.00378922	0.0269496	0.000392246	0.0182159	0.0179166	0.542504	0.208287	0.00129863	0.000178368	0.000545416
179	0.0279642	0.00215021	0.00632498	0.0241559	0.00183892	0.00883877	0.00775567	0.0195684	0.474883	0.0117865	0.0408007	0.0228164	0.00182314	0.0961119	0.199682	0.0113572	0.0126664	0.026566	0.000697609	0.00221227
180	0.0608733	0.00273401	0.0105383	0.0669963	0.00492439	0.00619677	0.00193421	0.026531	0.0237639	0.0463957	0.0136207	0.0181735	0.605184	0.0226119	0.0169237	0.0369266	0.00891804	0.0132614	0.000909356	0.012583
181	0.00448707	0.00830414	0.764254	0.0305377	0.000998188	0.00204941	0.00554739	0.00206487	0.00199824	0.0028911	0.00154054	0.117695	0.00152478	0.00211104	0.00153938	0.0246306	0.0163116	0.00971131	0.000540512	0.0012623
182	0.0186361	0.00313681	0.0052026	0.00373681	0.000586667	0.921526	0.00072074	0.00144469	0.00337075	0.00174174	0.00136494	0.00604483	0.000612322	0.000875205	0.000914976	0.0261081	0.0014183	0.00175514	0.000223207	0.000580134
183	0.299179	0.0182849	0.00368331	0.00551394	0.0108128	0.00577717	0.0296938	0.0097971	0.00577066	0.0200951	0.0862174	0.0111713	0.0627756	0.056374	0.00668678	0.109755	0.127979	0.120109	0.00242432	0.00790041
184	0.092265	0.0188843	0.00294916	0.00477146	0.0623316	0.00437559	0.00325821	0.00490443	0.0408537	0.141061	0.1742	0.00487712	0.327028	0.0217903	0.0210962	0.0263639	0.00631426	0.00668118	0.00145541	0.0345394
185	0.067842	0.00169613	0.0359822	0.0720608	0.00176299	0.00653036	0.00404245	0.0299503	0.166586	0.0515308	0.00729447	0.0113812	0.00248042	0.190144	0.245325	0.0394863	0.0305101	0.0290974	0.00365948	0.00263813
186	0.0224281	0.00838463	0.0116785	0.00679045	0.00347845	0.0156383	0.0117343	0.00549564	0.356811	0.0287186	0.00831191	0.0152173	0.00659743	0.0157105	0.432953	0.0143756	0.0201653	0.0120328	0.000664526	0.0028132
187	0.0477445	0.0494439	0.00964057	0.0601535	0.00280694	0.00511111	0.019114	0.104193	0.0341433	0.203806	0.0282014	0.00471941	0.000942709	0.0630961	0.0799269	0.0173451	0.0247324	0.2278	0.0100348	0.0070445
188	0.0279411	0.0109085	0.000777097	0.00146046	0.0168923	0.00123532	0.000557623	0.0896038	0.000912248	0.546482	0.205131	0.000723713	0.000380282	0.00499396	0.000654017	0.0164817	0.0216698	0.0523137	0.000189009	0.000692321
189	0.00446306	0.00842738	0.77269	0.0300366	0.000974108	0.00178253	0.00408382	0.00197229	0.00168853	0.00289966	0.00160508	0.114633	0.000865966	0.00197905	0.00126596	0.0240021	0.0154793	0.00947602	0.000543429	0.00113263
190	0.0534107	0.0286947	0.0138612	0.00339827	0.00170574	0.0314403	0.0037629	0.163683	0.00303989	0.0175234	0.00482004	0.0659236	0.0159962	0.00363864	0.00267571	0.196046	0.0874373	0.29966	0.00072147	0.00256101
