270	20
1	0.397358	0.011116	0.00242381	0.00404631	0.00530768	0.00603626	0.00288588	0.0350756	0.023883	0.0282361	0.00778157	0.00501471	0.0191735	0.00430067	0.00390927	0.0245928	0.179479	0.237053	0.000690841	0.00163642
2	0.00440425	0.00136227	0.00152268	0.00081049	0.0062487	0.00265156	0.000323356	0.309688	0.000639767	0.501353	0.0786028	0.000548978	0.000202392	0.000973022	0.00386501	0.00164859	0.00978468	0.0662241	0.000100866	0.00904538
3	0.280924	0.00112506	0.0190317	0.0459414	0.00146756	0.108298	0.00245209	0.00425326	0.112128	0.028872	0.0173236	0.0688547	0.000994364	0.0223768	0.0370067	0.19714	0.0172034	0.0334906	0.000221276	0.000895069
4	0.050826	0.000800552	0.118565	0.129054	0.00215573	0.0298666	0.00407068	0.0179201	0.149179	0.0152622	0.0104585	0.0908226	0.000754587	0.137418	0.0334006	0.0886228	0.0807117	0.038854	0.000250628	0.00100644
5	0.0137193	0.00273687	0.00553316	0.00340319	0.0131214	0.00189457	0.00120068	0.296032	0.00275725	0.394584	0.102041	0.00265117	0.000954035	0.0030253	0.00573594	0.00559809	0.02029	0.112306	0.000151695	0.0122644
6	0.016143	0.000431693	0.371555	0.455153	0.00281428	0.0107301	0.000533334	0.00274154	0.0125776	0.000951705	0.00143622	0.0552339	0.000417587	0.0256521	0.000510454	0.023976	0.0173189	0.00142332	0.00011746	0.000283566
7	0.0345247	0.000267118	0.000360869	0.00544159	0.000389244	0.00677553	0.000920086	0.00113224	0.753541	0.0060726	0.000516361	0.0211441	0.000596647	0.0105792	0.124848	0.0152756	0.0129621	0.00385677	7.81517e-05	0.00071822
8	0.17092	0.000839938	0.0367347	0.0403085	0.00832513	0.0140056	0.0152191	0.00670673	0.127924	0.0240773	0.0500796	0.13461	0.000679437	0.135115	0.0658857	0.0963396	0.0572763	0.0139101	0.00035039	0.000691785
9	0.00911209	0.00825824	0.00101072	0.00121846	0.595317	0.00112439	0.0484636	0.0165088	0.00160745	0.0163258	0.00629184	0.00163273	0.000570916	0.00147044	0.000971578	0.00344848	0.00269272	0.00266449	0.00952648	0.271784
10	0.264084	0.00569232	0.0208666	0.031599	0.00361302	0.413059	0.00514328	0.0115	0.0289355	0.0100921	0.00752825	0.028188	0.00422706	0.0418222	0.00999292	0.0732916	0.0206422	0.014918	0.000772163	0.00403276
11	0.0350006	0.000355906	0.000510965	0.00631991	0.00050692	0.00655058	0.00130782	0.00147583	0.740456	0.0065663	0.000758108	0.0218211	0.000634695	0.0115374	0.131289	0.015403	0.0143557	0.00422816	9.98642e-05	0.000822382
12	0.0319486	0.00475956	0.0367973	0.0445889	0.00205092	0.649958	0.00328975	0.00803691	0.0248606	0.0048244	0.00359633	0.0689175	0.00245719	0.0128306	0.00760728	0.0710571	0.0135658	0.00721348	0.000433772	0.00120639
13	0.462428	0.000762155	0.000620749	0.000798972	0.000552481	0.00277165	0.000615457	0.00562689	0.000956757	0.00116471	0.000832977	0.00860913	0.000321843	0.0010713	0.000768723	0.49134	0.0185323	0.00160678	0.000135143	0.000484276
14	0.0100134	0.00126301	0.000355228	0.000489532	0.0183	0.000481158	0.000304085	0.536317	0.000597968	0.101202	0.00212702	0.00259451	0.000310027	0.00050658	0.000406652	0.00120224	0.00186954	0.32132	9.8974e-05	0.000240962
15	0.0628802	0.00971508	0.00968051	0.0606349	0.00964222	0.00240431	0.00365695	0.200036	0.0118223	0.0958374	0.0772953	0.00917744	0.00555109	0.0115389	0.00883868	0.0349051	0.11869	0.256359	0.000491296	0.0108432
16	0.0185677	0.00564631	0.0118475	0.00250348	0.0107228	0.00163944	0.0061272	0.031183	0.299061	0.0266745	0.0241322	0.0135857	0.00650032	0.0210098	0.407132	0.00461755	0.0565335	0.0447082	0.000268577	0.00753902
17	0.00250673	0.000736858	0.000654695	0.00113305	0.069822	0.000982458	0.000742928	0.0222683	0.00114235	0.739228	0.127831	0.00106588	0.000417894	0.00448897	0.000703509	0.00276736	0.00552048	0.0131193	0.000187996	0.00468004
18	0.0682438	0.00471681	0.0360134	0.0166176	0.00368034	0.334229	0.00614508	0.0271218	0.0391886	0.00824318	0.00642486	0.0945609	0.00179799	0.0088491	0.0266699	0.258709	0.042517	0.0119617	0.000525706	0.00378422
19	0.00813997	0.00272065	0.000409648	0.000544097	0.00260538	0.000456016	0.000430583	0.329533	0.000641716	0.0111668	0.014841	0.000689822	0.00536753	0.000615848	0.000487403	0.00178503	0.0495902	0.56958	0.000107892	0.000287349
20	0.114629	0.000529984	0.214032	0.40849	0.000461075	0.0219478	0.00629806	0.0047358	0.0221432	0.00685918	0.00175028	0.0436727	0.0111309	0.0602536	0.00348952	0.0386321	0.0246355	0.0159254	9.19128e-05	0.000291498
21	0.243752	0.00847218	0.000997872	0.00136047	0.0167943	0.0091599	0.00119825	0.0252593	0.0032044	0.00338399	0.0093494	0.00210085	0.00170716	0.00162363	0.00112752	0.10307	0.224276	0.342005	0.000332561	0.00082514
22	0.0214124	0.00336234	0.00142898	0.00128923	0.0316631	0.00114077	0.00084453	0.665007	0.00187784	0.0211089	0.0078644	0.00158369	0.00103975	0.0015226	0.00104087	0.0172004	0.0334016	0.17992	0.000247099	0.00704503
23	0.00780886	0.00205188	0.00239275	0.00354689	0.00266949	0.0341094	0.033921	0.00587727	0.0203305	0.00480157	0.00319001	0.00425309	0.354118	0.00392623	0.00299462	0.499421	0.00665233	0.00573873	0.000507178	0.00168903
24	0.00804962	0.00140322	0.0153928	0.00226256	0.00195783	0.00304319	0.00222959	0.0062119	0.00392282	0.0150607	0.00316118	0.00413884	0.00251213	0.00322316	0.00217382	0.479954	0.43818	0.00506399	0.000559625	0.00149928
25	0.0774457	0.00515378	0.0160103	0.00978148	0.00129142	0.71642	0.00331929	0.00596242	0.0170853	0.00502704	0.00277803	0.0375325	0.00213822	0.00634313	0.00565456	0.0680029	0.0122996	0.00614341	0.000296947	0.0013139
26	0.192068	0.134353	0.00376103	0.00488901	0.00361266	0.0051703	0.00340328	0.0739158	0.00607632	0.00789848	0.00457258	0.0294957	0.00195104	0.00554416	0.00423069	0.494171	0.0102533	0.00992351	0.000863748	0.00384652
27	0.00456586	0.00124377	0.00105051	0.000537993	0.00568928	0.00190103	0.00029327	0.311661	0.000483946	0.533842	0.060555	0.000501667	0.000195842	0.000606047	0.00235726	0.00129258	0.00788693	0.0572938	8.05113e-05	0.0079619
28	0.231509	0.00141657	0.00133445	0.0129197	0.0015758	0.0252568	0.0311884	0.0265959	0.00750196	0.0341807	0.0215841	0.0344793	0.0272651	0.0584891	0.00316242	0.281745	0.151996	0.0461828	0.000368166	0.00124888
29	0.00801297	0.00157425	0.000881398	0.000546246	0.00759384	0.00144191	0.000296363	0.348972	0.00106467	0.447316	0.0473491	0.000734054	0.000380998	0.000821169	0.00172663	0.00144469	0.00986124	0.114275	7.33216e-05	0.00563313
30	0.00772171	0.00129319	0.550684	0.00949084	0.0015003	0.00251304	0.014857	0.00393405	0.0438669	0.0033745	0.00230782	0.276946	0.0010746	0.0275543	0.0194704	0.0200576	0.00605952	0.00468496	0.000420996	0.00218828
31	0.0746222	0.00127192	0.010964	0.0153618	0.0228749	0.00120394	0.00986055	0.292678	0.0248506	0.139403	0.0860877	0.0261474	0.0116522	0.0164342	0.0211898	0.0225982	0.0526244	0.148041	0.000270378	0.0218631
32	0.422607	0.0131145	0.00822104	0.0130737	0.00900796	0.074291	0.0108886	0.167409	0.0177004	0.019418	0.0118521	0.0214643	0.00738999	0.0164866	0.00836039	0.106072	0.0330291	0.0321243	0.00149936	0.00599045
33	0.0507688	0.00737666	0.00891294	0.0155238	0.00949628	0.0100794	0.0104404	0.0863297	0.0157529	0.210927	0.0167711	0.0228142	0.00618447	0.0192043	0.0090858	0.217961	0.236119	0.0392614	0.00157004	0.00542084
34	0.0382166	0.00466932	0.0181631	0.00870976	0.00103545	0.820615	0.00131132	0.00312745	0.0118208	0.00192677	0.00132305	0.0410813	0.00113401	0.0040803	0.00299158	0.0289369	0.00699346	0.00264719	0.000320739	0.000896049
35	0.0129278	0.00431726	0.00037211	0.000511986	0.00365083	0.000433069	0.000387486	0.371074	0.00071153	0.0185953	0.0130096	0.000714142	0.00348735	0.000616375	0.000498803	0.00252738	0.0391509	0.52647	0.000104483	0.000440093
36	0.0103413	0.00641728	0.0185886	0.00658071	0.000722223	0.849316	0.00240842	0.0025296	0.00931627	0.00203418	0.00109973	0.0547657	0.000417193	0.00298276	0.00221881	0.0218813	0.00578014	0.00192213	0.000195367	0.000482059
37	0.0396208	0.00522393	0.017835	0.00889865	0.00105633	0.803737	0.0027767	0.00533897	0.010831	0.00369018	0.002602	0.0413514	0.00135447	0.00477872	0.00346063	0.032235	0.00918343	0.00413886	0.000493085	0.00139375
38	0.00402558	0.00081128	0.0010382	0.00177839	0.144757	0.00161283	0.00119176	0.256073	0.00192589	0.275319	0.0285652	0.00184936	0.000809877	0.00184438	0.00152377	0.00410183	0.00354928	0.0545574	0.0235076	0.191158
39	0.167851	0.0042868	0.00644409	0.0254664	0.00324073	0.0165575	0.00471452	0.0362969	0.0390228	0.0268759	0.0120523	0.0155815	0.451427	0.017157	0.0290583	0.0614289	0.0330736	0.0465906	0.000644197	0.00222933
40	0.00382932	0.00474492	0.00113492	0.0175299	0.00119367	0.00344912	0.00426954	0.00635863	0.43267	0.0133992	0.00862103	0.00362696	0.00270298	0.0343152	0.429629	0.010732	0.0061168	0.0116686	0.000157336	0.00385066
41	0.0371749	0.00581147	0.0179954	0.00964886	0.00115808	0.81481	0.00195915	0.00452743	0.0129777	0.00304126	0.00271602	0.0372641	0.00096749	0.00496406	0.00316651	0.0273588	0.00728821	0.00590594	0.000298254	0.000966345
42	0.0163591	0.00262701	0.00220416	0.0100927	0.00212203	0.00586619	0.00577488	0.00663721	0.499562	0.0131525	0.00577253	0.0132964	0.00382596	0.0237895	0.342918	0.0154847	0.0141098	0.0122833	0.000104642	0.00401692
43	0.00507178	0.000957564	0.00222222	0.000434745	0.00818388	0.000370483	0.000332306	0.757765	0.000573061	0.0204785	0.00629241	0.000591156	0.00210422	0.000478802	0.000374547	0.00220787	0.0040721	0.186752	9.82443e-05	0.000639044
44	0.00841002	0.00269405	0.000439196	0.000577649	0.00255829	0.000464643	0.00047023	0.330931	0.000657164	0.0110348	0.0149641	0.000718591	0.00513918	0.000644392	0.000518817	0.00183458	0.0510214	0.566501	0.000104175	0.000316649
45	0.043611	0.00381698	0.211732	0.42771	0.00584732	0.0151152	0.00743794	0.0125798	0.0265079	0.0108618	0.0134429	0.0436361	0.00348948	0.0602595	0.007903	0.0557872	0.0283882	0.0153579	0.000917975	0.00559775
46	0.00502978	0.00091772	0.00225317	0.000436243	0.00815084	0.000375569	0.000345956	0.76072	0.000570012	0.0202419	0.00641782	0.000579506	0.00211304	0.000474301	0.000374744	0.00216385	0.00398654	0.184112	9.78915e-05	0.000639023
47	0.00823598	0.00583854	0.000773365	0.000983482	0.329146	0.000959425	0.0210935	0.0182916	0.00134563	0.0195381	0.0063018	0.0013444	0.00042688	0.00116593	0.000831374	0.00265225	0.00219461	0.00208424	0.0129577	0.563835
48	0.05756	0.00575714	0.0175697	0.00822671	0.00123442	0.791287	0.0022061	0.00527033	0.0125838	0.00360619	0.00236015	0.03489	0.00151562	0.00459223	0.00365911	0.0321655	0.00768999	0.0064679	0.000732146	0.000626216
49	0.0346458	0.00509987	0.010687	0.0706698	0.00691833	0.0125748	0.0075103	0.0227729	0.0231648	0.0161318	0.0114363	0.237256	0.218753	0.0675446	0.0102255	0.0866332	0.0814986	0.0697357	0.00174505	0.00499625
50	0.0390501	0.00175859	0.321583	0.441244	0.00255198	0.0163165	0.00222379	0.00445154	0.0155676	0.00321756	0.00321045	0.0521099	0.00280072	0.0345808	0.00171664	0.0305978	0.0204843	0.00535677	0.000190721	0.000986771
51	0.44271	0.00493581	0.00209165	0.00383657	0.00117682	0.342779	0.00157031	0.00466732	0.0111173	0.00351491	0.00404099	0.0113244	0.00429934	0.00480275	0.00345555	0.128857	0.012907	0.0102604	0.000330684	0.00132148
52	0.143963	0.0120052	0.0187801	0.0283215	0.0101048	0.0367255	0.0169026	0.0349669	0.0303135	0.0225723	0.0149987	0.0489865	0.0247903	0.0215145	0.0174668	0.375303	0.0982859	0.0315085	0.00126284	0.011227
53	0.0283982	0.00466277	0.0193919	0.00975503	0.000997213	0.826636	0.00140965	0.00359393	0.0119266	0.00267004	0.00136887	0.0410872	0.000983176	0.0048193	0.0030085	0.0287511	0.00634403	0.00285014	0.000822159	0.00052448
54	0.0354861	0.00212695	0.00706105	0.0156237	0.00209169	0.0104238	0.00635174	0.0121204	0.606008	0.0133672	0.00472958	0.0260717	0.00576763	0.0217719	0.166027	0.0233751	0.0221668	0.0147625	0.000500045	0.00416715
55	0.0544804	0.0077972	0.0136296	0.0148986	0.00494186	0.0121993	0.0100846	0.0229089	0.014839	0.023595	0.0128326	0.0204501	0.0223207	0.0145812	0.00797141	0.300239	0.403373	0.0326119	0.00161212	0.00463299
56	0.0806088	0.0224744	0.0163848	0.0300899	0.00911348	0.0131349	0.0135245	0.0504323	0.0284835	0.043101	0.0239806	0.0269667	0.0207953	0.0305088	0.0212142	0.137179	0.357582	0.0654894	0.00171454	0.00722216
57	0.0122905	0.00245151	0.000953307	0.000687624	0.0063825	0.0012945	0.000348435	0.299627	0.0016161	0.433595	0.0604592	0.000675146	0.000875077	0.0020364	0.00135249	0.00192082	0.0165347	0.152174	9.80141e-05	0.00462763
58	0.696168	0.0365187	0.00106355	0.00168217	0.00102446	0.00324871	0.00110482	0.00359992	0.00392289	0.00831149	0.00186038	0.00201622	0.000812546	0.00203433	0.00124397	0.116289	0.114924	0.00317892	0.000307265	0.000688015
59	0.00418649	0.00188028	0.000901913	0.0017756	0.0678896	0.00119974	0.000849234	0.0448575	0.00134331	0.705669	0.118348	0.00139574	0.000517193	0.00653285	0.00104497	0.0043796	0.0103445	0.0211632	0.000212083	0.00550843
60	0.00939837	0.00188123	0.00233305	0.0379847	0.0023658	0.00338644	0.639952	0.00662037	0.0059653	0.0052657	0.00344734	0.00488349	0.0016971	0.171713	0.00395966	0.0588689	0.0281203	0.00737015	0.000521615	0.00426524
61	0.489947	0.0996596	0.000496254	0.00261962	0.0091468	0.0134485	0.00053725	0.056896	0.00116602	0.0122237	0.0254894	0.0008266	0.000564874	0.0027124	0.000553327	0.0150758	0.0682696	0.199916	0.00013158	0.000319534
62	0.0261533	0.00463674	0.00126992	0.000752063	0.00885056	0.00068533	0.000615601	0.651178	0.000979065	0.0311104	0.0155976	0.000813928	0.00136342	0.000848158	0.000663602	0.00721695	0.0240455	0.221203	0.000115069	0.00190206
63	0.386802	0.0128107	0.00729409	0.011786	0.00460575	0.0172067	0.0117859	0.0232071	0.0628617	0.0646564	0.0127395	0.034475	0.00495507	0.0259981	0.0201646	0.148427	0.104516	0.0400894	0.00133773	0.00428164
64	0.0391311	0.00217609	0.0147928	0.506982	0.00283579	0.00340317	0.00309046	0.00766505	0.00522699	0.0113292	0.0290718	0.032384	0.00152388	0.180813	0.00322153	0.134567	0.00825537	0.00754161	0.000859805	0.00512849
65	0.417835	0.107214	0.00106453	0.0109661	0.0141928	0.00926135	0.00138129	0.0867279	0.00221	0.00887162	0.032358	0.00224551	0.000819518	0.0105631	0.00144208	0.0499215	0.0580043	0.183402	0.000432185	0.00108813
66	0.0651387	0.00997075	0.0187454	0.0470789	0.0155265	0.0202611	0.0197608	0.163419	0.0415784	0.0556818	0.0278474	0.0318579	0.012466	0.208916	0.0226647	0.0702092	0.0763142	0.0791389	0.00258419	0.0108403
67	0.0345667	0.000267832	0.000371507	0.00544429	0.000390538	0.00677085	0.000918802	0.00113215	0.753601	0.00607654	0.000516361	0.0211332	0.000586101	0.0105585	0.124775	0.0152788	0.012971	0.00385487	7.81517e-05	0.000707397
68	0.186272	0.000972717	0.0282516	0.0529596	0.00425699	0.0270287	0.0126511	0.0096608	0.111639	0.0672172	0.0619285	0.145732	0.000596837	0.100979	0.0615474	0.0763767	0.0372598	0.0136359	0.000274034	0.00076019
69	0.00908383	0.00529139	0.0320926	0.0187323	0.0010901	0.823047	0.00213954	0.00290256	0.0121717	0.00302497	0.00158623	0.0428554	0.000571833	0.00515139	0.00378998	0.0258469	0.00647193	0.0031096	0.000261433	0.000779769
70	0.0756259	0.00212625	0.0312993	0.107421	0.0018314	0.232262	0.00420787	0.00696083	0.23213	0.00656509	0.00312465	0.0276837	0.00129244	0.0781961	0.0581235	0.0999396	0.0188716	0.0106587	0.000622439	0.0010574
71	0.0314081	0.00103107	0.00180785	0.00519157	0.00198839	0.00194932	0.00166879	0.27952	0.0353761	0.0657887	0.0225805	0.0324349	0.00226889	0.014964	0.0208131	0.0325692	0.18382	0.258816	0.00040549	0.00559801
72	0.504123	0.105103	0.000807044	0.00275696	0.00944785	0.0192216	0.000863792	0.0493899	0.00164464	0.0112104	0.0232651	0.00119371	0.0007157	0.00287418	0.00082794	0.0136777	0.0601011	0.192031	0.000225315	0.000520113
73	0.452717	0.0953921	0.0013306	0.00315647	0.0151466	0.023449	0.00127384	0.052371	0.00279772	0.0154858	0.0350876	0.00227025	0.00120068	0.0034418	0.00127138	0.0165977	0.0620104	0.213832	0.000375992	0.000791687
74	0.004034	0.000813631	0.00103833	0.00177596	0.144594	0.00161659	0.00119255	0.256152	0.00192161	0.275639	0.0286743	0.00184892	0.000808906	0.00184431	0.00153012	0.00407507	0.00356023	0.0545913	0.0234744	0.190815
75	0.0050583	0.000927159	0.0022576	0.00043023	0.00809377	0.000375314	0.000343406	0.761615	0.000572392	0.019696	0.00646243	0.000569555	0.00213007	0.000475088	0.00037444	0.00220734	0.00408825	0.183578	9.82561e-05	0.000647692
76	0.0304148	0.00617093	0.400796	0.261258	0.00390242	0.0218091	0.00609207	0.0090576	0.0271518	0.00745729	0.00588374	0.103528	0.00329029	0.0322572	0.00783104	0.0370499	0.0210477	0.012915	0.000430384	0.0016561
77	0.329306	0.0297789	0.00263766	0.00379234	0.00644248	0.00891688	0.00221092	0.0646588	0.00824642	0.112532	0.0242195	0.00361689	0.00297394	0.00497459	0.00259194	0.0675268	0.041934	0.281391	0.000833409	0.00141579
78	0.0464625	0.00536559	0.208989	0.41605	0.00516848	0.0126983	0.00564944	0.0153351	0.0297992	0.010056	0.0146712	0.0448366	0.00535797	0.0641272	0.0126259	0.0544832	0.0285264	0.0157652	0.000669698	0.00336356
79	0.0763145	0.0483524	0.0127608	0.00866207	0.00567904	0.168738	0.125837	0.0136065	0.0438085	0.023674	0.00741554	0.296512	0.00391502	0.0124075	0.00883404	0.0813971	0.0403406	0.0153941	0.00185574	0.0044957
80	0.691841	0.0375866	0.00110787	0.00155879	0.00110778	0.00493065	0.00117645	0.00469355	0.00395292	0.00836082	0.00227703	0.00232481	0.000863228	0.00220863	0.00119702	0.118167	0.109212	0.00643029	0.000294415	0.000709282
81	0.00532363	0.00129424	0.0012631	0.00317617	0.149022	0.00195161	0.00179274	0.0631558	0.00237073	0.597849	0.120638	0.00234797	0.000811464	0.00516893	0.00168913	0.005647	0.00709051	0.0150722	0.00131631	0.0130195
82	0.0253102	0.00227705	0.461534	0.171479	0.00251795	0.0165599	0.00421979	0.0069305	0.035633	0.00498556	0.00315015	0.164397	0.00162863	0.0334897	0.0130807	0.0289196	0.015705	0.00661982	0.000367613	0.00119484
83	0.127848	0.00221634	0.00263942	0.00420991	0.00238275	0.0037929	0.00314568	0.0482443	0.0417734	0.0569064	0.0209893	0.0052352	0.472175	0.0229849	0.0334115	0.0703581	0.00786426	0.0713534	0.000616861	0.00185265
84	0.116584	0.00122467	0.012295	0.0572751	0.0128829	0.0652994	0.0515971	0.136864	0.0788826	0.032251	0.0112759	0.0842016	0.000928193	0.0879147	0.0113081	0.0964938	0.0346477	0.0572226	0.000332644	0.0505188
85	0.0104103	0.00686659	0.000991144	0.00126879	0.32882	0.00109008	0.0269219	0.03738	0.00150843	0.0451083	0.0102882	0.00148031	0.000570218	0.00136997	0.00114676	0.00327798	0.00257314	0.00649436	0.0237881	0.488646
86	0.547379	0.059008	0.0048126	0.00549866	0.00387851	0.0130165	0.0039689	0.021106	0.00984068	0.0355386	0.00803133	0.011286	0.00312599	0.00648442	0.00423585	0.146861	0.0780362	0.0337855	0.000712624	0.00339434
87	0.124737	0.00120838	0.011264	0.118191	0.00140145	0.0425014	0.00237631	0.00372576	0.352664	0.00657612	0.00220366	0.00592903	0.000910387	0.0895237	0.101279	0.125151	0.00509411	0.00390026	0.000402094	0.000961473
88	0.211528	0.00136368	0.00231595	0.0141105	0.00162046	0.00256028	0.0371142	0.00415373	0.262693	0.0155457	0.00233273	0.15383	0.00110582	0.0174538	0.16729	0.0584573	0.0402962	0.00444917	0.000419685	0.00135973
89	0.0107524	0.00750927	0.00151601	0.00140621	0.00813423	0.00187665	0.00103049	0.506799	0.00172451	0.289134	0.0321113	0.00206943	0.000887246	0.00185356	0.00203582	0.00565381	0.0134519	0.106927	0.000120975	0.00500609
90	0.00742371	0.00446754	0.0206403	0.00914866	0.000611579	0.861521	0.00108634	0.00231104	0.0117349	0.00150071	0.000928352	0.0415252	0.000427871	0.0040617	0.00299763	0.0220018	0.00505096	0.00192358	0.00022768	0.000409802
91	0.00733456	0.00268801	0.000388503	0.000477966	0.00688678	0.000447516	0.000380481	0.353796	0.000697909	0.0329354	0.00748336	0.000922135	0.00240416	0.000493486	0.000377113	0.00164345	0.0215634	0.55867	0.000108119	0.000301849
92	0.0047285	0.00108349	0.617288	0.00175049	0.001362	0.00180817	0.00162415	0.0033046	0.0455677	0.00285793	0.00197024	0.240045	0.00102492	0.0308626	0.0203982	0.0148745	0.00418128	0.00397438	0.00038026	0.000912773
93	0.0249178	0.00983011	0.000763492	0.00163813	0.00581492	0.000825801	0.000606031	0.336317	0.00305572	0.222352	0.053441	0.000935293	0.00394653	0.00358608	0.00117119	0.00592763	0.0528334	0.269841	0.00014024	0.00205622
94	0.0250218	0.000410381	0.362362	0.436414	0.00229468	0.0137176	0.000970538	0.00295345	0.0151212	0.00150658	0.00131543	0.0567148	0.00129587	0.0308284	0.000737022	0.0255247	0.0199048	0.00252454	0.000105754	0.000275591
95	0.0658905	0.00136158	0.161161	0.193375	0.00169032	0.0041462	0.0122088	0.00438593	0.0607895	0.00358152	0.00257459	0.31805	0.00115453	0.0142582	0.0143639	0.10561	0.029588	0.00424476	0.000339973	0.00122594
96	0.0103163	0.0025649	0.00108051	0.00225995	0.0561064	0.00184675	0.00094793	0.0743539	0.00260594	0.635509	0.116878	0.00141819	0.000911782	0.00422443	0.00143522	0.00564854	0.0119431	0.0626247	0.000348856	0.00697523
97	0.00402558	0.00081128	0.0010382	0.00177839	0.144757	0.00161283	0.00119176	0.256073	0.00192589	0.275319	0.0285652	0.00184936	0.000809877	0.00184438	0.00152377	0.00410183	0.00354928	0.0545574	0.0235076	0.191158
98	0.00852871	0.000879577	0.000353933	0.000484982	0.0183187	0.000482256	0.000343693	0.488519	0.000693521	0.0967284	0.00166085	0.00211428	0.000222213	0.000585947	0.000480162	0.00124587	0.00209845	0.3759	9.24916e-05	0.000267228
99	0.669101	0.0410704	0.00111399	0.00168274	0.00120679	0.00402145	0.00102665	0.00680695	0.00377834	0.00844628	0.00242288	0.00268487	0.000875858	0.00222408	0.00128985	0.138645	0.105204	0.00722588	0.000291567	0.000882265
100	0.0517999	0.00642189	0.0113629	0.0272655	0.0155117	0.0167529	0.169383	0.0431051	0.0321496	0.0366741	0.0167705	0.0419138	0.00636106	0.186127	0.0126534	0.082024	0.118881	0.03472	0.00236535	0.0877562
101	0.0825479	0.00317135	0.00602762	0.0324373	0.00415831	0.0196676	0.00683622	0.0301221	0.0509363	0.0214845	0.0124466	0.0211189	0.500058	0.0146361	0.022051	0.0824676	0.0401161	0.0445765	0.00116888	0.00397121
102	0.0267372	0.000443222	0.349346	0.422694	0.00241988	0.0134216	0.00135524	0.00334362	0.0191025	0.00189734	0.00136851	0.0672006	0.00145504	0.0327039	0.0018715	0.028748	0.02211	0.00336668	0.00011919	0.000295752
103	0.0684367	0.00274021	0.00258966	0.0044702	0.0391524	0.00439385	0.132734	0.00744059	0.00565717	0.0056639	0.00411074	0.151784	0.00174002	0.00585551	0.00394387	0.221147	0.150108	0.00753321	0.000680643	0.179819
104	0.0449862	0.00545125	0.0229313	0.0141215	0.0020178	0.784219	0.00170694	0.00421034	0.0136473	0.00439107	0.00212502	0.0360372	0.00241289	0.00715459	0.00446891	0.0316659	0.00967296	0.00655552	0.000893313	0.00133118
105	0.0463163	0.00333928	0.215661	0.423348	0.00526284	0.0189746	0.0047443	0.0118636	0.0268436	0.0126446	0.0132603	0.0471944	0.00494767	0.0598829	0.00854886	0.0515506	0.0273747	0.012595	0.00073053	0.00491669
106	0.043495	0.0019198	0.0386171	0.501861	0.00260881	0.00425291	0.00304615	0.00694669	0.00545062	0.0149613	0.0503252	0.0320686	0.0018035	0.155846	0.00348079	0.107708	0.00870205	0.00678232	0.000962547	0.00916272
107	0.434463	0.00513318	0.00256899	0.00166296	0.000832523	0.434653	0.00106463	0.00378855	0.00416167	0.00215356	0.00257346	0.00904533	0.00418722	0.00331477	0.00142991	0.0702414	0.0113647	0.00652047	0.000259627	0.000581087
108	0.0040991	0.00125048	0.000823857	0.00194338	0.0918075	0.00132582	0.00095335	0.0450732	0.00181905	0.678811	0.126543	0.00149354	0.000448594	0.00495279	0.00104068	0.00439221	0.00767834	0.0189421	0.000329557	0.00627271
109	0.0422	0.000574382	0.33073	0.436195	0.00192791	0.0159345	0.00199217	0.00327361	0.0154717	0.00246366	0.00159152	0.0518707	0.00318005	0.0355696	0.00126845	0.0299707	0.0205025	0.00493106	8.86199e-05	0.000263904
110	0.0231569	0.00561012	0.00135086	0.00274111	0.00811913	0.00077133	0.000903787	0.386157	0.00514485	0.184944	0.0555543	0.00270426	0.00273681	0.00444323	0.00301086	0.00902585	0.0499253	0.248587	0.000160246	0.00495306
111	0.489752	0.0996567	0.00049577	0.00262219	0.00914801	0.0134666	0.000537526	0.0568944	0.00116715	0.0122387	0.0255321	0.000824631	0.000569085	0.00270878	0.000552992	0.0150303	0.0683343	0.200017	0.00013158	0.000319534
112	0.014941	0.000481162	0.380047	0.455075	0.00358093	0.00974967	0.000510248	0.00300649	0.01159	0.00107753	0.00222219	0.0517693	0.000293667	0.0236782	0.000584659	0.0235757	0.0160737	0.00128888	0.000123459	0.000331211
113	0.0947355	0.00198588	0.00233637	0.0400584	0.00223731	0.00343879	0.0353362	0.0462291	0.0379888	0.00573281	0.0724053	0.0244669	0.00134042	0.0551137	0.0414769	0.123632	0.33821	0.0710859	0.000671409	0.00151796
114	0.00327624	0.00101406	0.000793077	0.00149313	0.0659361	0.000979386	0.000779188	0.0333556	0.00122213	0.727102	0.123041	0.00114607	0.000404361	0.00448134	0.000816958	0.00304141	0.00651683	0.0194682	0.000194836	0.00493802
115	0.0376143	0.0145791	0.000963744	0.00141777	0.00880361	0.00109905	0.000838005	0.514389	0.00213546	0.0367224	0.0141778	0.00147668	0.00177804	0.00174846	0.0011135	0.0123123	0.0411827	0.304742	0.000215015	0.00269076
116	0.0991656	0.00113259	0.0133839	0.06953	0.00162763	0.0325674	0.013042	0.00475746	0.273955	0.0253708	0.00964035	0.0419564	0.00120614	0.0781515	0.210907	0.0898526	0.0243161	0.00741966	0.000280173	0.00173846
117	0.0185836	0.00428509	0.0135471	0.00560313	0.00282193	0.00485056	0.00389629	0.0136972	0.00687518	0.0341633	0.00682677	0.00782532	0.00785869	0.00596617	0.00374945	0.41598	0.426143	0.0143696	0.00083769	0.00211938
118	0.0991633	0.00790754	0.0120317	0.00394098	0.00542736	0.196904	0.0242526	0.0093392	0.0428149	0.00766382	0.00394136	0.338403	0.00439592	0.00353109	0.00319128	0.211871	0.0175427	0.00566285	0.000609394	0.00140654
119	0.483325	0.00319349	0.0082386	0.00965205	0.00139405	0.165339	0.00252709	0.00723049	0.0372166	0.00667545	0.0119668	0.0606118	0.00152732	0.00721684	0.00892055	0.157487	0.0112285	0.0150682	0.000308972	0.000872117
120	0.00870866	0.00403361	0.000277307	0.000422886	0.00657824	0.000370649	0.000298633	0.370592	0.000515702	0.0309799	0.00893492	0.000972281	0.00268776	0.000420096	0.000334522	0.00144581	0.0245071	0.537637	7.51272e-05	0.000207582
121	0.096589	0.00662975	0.235177	0.357607	0.00138783	0.0511974	0.00527757	0.00734231	0.0217213	0.00623271	0.00281301	0.0551778	0.00700433	0.0443982	0.00475213	0.0559026	0.0261694	0.0132758	0.000293665	0.00105125
122	0.021992	0.00424103	0.000898629	0.00089825	0.00774415	0.000621653	0.000468356	0.307843	0.00289369	0.306324	0.0645723	0.000648053	0.00174786	0.00303489	0.000673294	0.00243389	0.0270557	0.243945	0.000106943	0.00185699
123	0.00989665	0.00101646	0.000313987	0.000489322	0.0198571	0.000476501	0.000309874	0.539597	0.000634764	0.108618	0.00171341	0.00242055	0.00021583	0.000534199	0.000422379	0.00115294	0.00105381	0.310937	0.000103814	0.000236599
124	0.0145018	0.00998946	0.000566239	0.00054536	0.00518868	0.000482087	0.000527449	0.39755	0.000832783	0.0262181	0.0104973	0.00113807	0.00280571	0.000701363	0.000610238	0.00366107	0.0299482	0.493617	0.000106897	0.000512263
125	0.00701743	0.00333052	0.000330061	0.000440228	0.00504504	0.000426785	0.000377104	0.318038	0.000630981	0.0213524	0.00859251	0.00077127	0.0027217	0.000463051	0.000348985	0.00149011	0.0254843	0.602821	8.09262e-05	0.000237616
126	0.0347478	0.00648023	0.396624	0.239964	0.00426379	0.0278841	0.00550101	0.0106345	0.0281191	0.00843295	0.00722524	0.0999402	0.00337525	0.0325205	0.0119985	0.0396876	0.0238103	0.0154072	0.00112785	0.00225593
127	0.145818	0.0154428	0.0197873	0.0356044	0.00877265	0.0402928	0.0177227	0.0286865	0.02646	0.0245641	0.0130375	0.0443387	0.0248681	0.027185	0.0143303	0.366987	0.103507	0.0299966	0.00135793	0.0112405
128	0.0721958	0.0112964	0.00478122	0.00793992	0.00815358	0.00628012	0.00375761	0.262348	0.00801176	0.0661847	0.0303903	0.00589129	0.00585934	0.00640308	0.00463932	0.0255314	0.0526961	0.41145	0.0014213	0.00476884
129	0.488138	0.0098887	0.00541417	0.0109301	0.00277678	0.0306033	0.00549065	0.0104649	0.0164554	0.0141747	0.00584343	0.0223387	0.00520839	0.0107163	0.00676416	0.283796	0.0453221	0.0223619	0.000899054	0.00241309
130	0.511445	0.0239687	0.00833605	0.0140429	0.00593639	0.071735	0.00665562	0.0247185	0.0230195	0.0184008	0.0109933	0.0266208	0.0139793	0.012524	0.0143654	0.105184	0.0553721	0.0490575	0.000972274	0.00267301
131	0.010122	0.00209558	0.00143334	0.00220808	0.0530815	0.00290333	0.00144944	0.0870545	0.00228186	0.635746	0.118572	0.00206264	0.0017706	0.00619605	0.00237595	0.00881066	0.0114883	0.0410572	0.000541811	0.00874859
132	0.0155829	0.00277741	0.00148083	0.00379432	0.00265365	0.002279	0.00188411	0.222992	0.00602337	0.0134272	0.0140674	0.0053731	0.00427164	0.00377885	0.00344966	0.0102075	0.180264	0.504158	0.000360337	0.0011753
133	0.093677	0.00358054	0.00417321	0.0331192	0.00315632	0.0208118	0.00631942	0.0308177	0.0473352	0.0214849	0.0122538	0.0247165	0.495174	0.0134229	0.0224898	0.0779727	0.0406603	0.0450677	0.000964069	0.00280317
134	0.00479622	0.00394889	0.00130176	0.0220869	0.00106024	0.00409073	0.00334317	0.00725124	0.454826	0.0130458	0.00861381	0.00373235	0.00244849	0.046982	0.385821	0.0119335	0.00783357	0.0109624	0.000174807	0.00574713
135	0.497842	0.00121111	0.0154804	0.015813	0.00139939	0.0634184	0.00154505	0.0047899	0.0669052	0.0102651	0.00772141	0.0436232	0.00119998	0.0165381	0.0145559	0.178791	0.00992314	0.0476492	0.000196679	0.00113193
136	0.0359015	0.000915138	0.327544	0.440842	0.00239925	0.0165901	0.0018625	0.00348238	0.0159296	0.00335482	0.00402864	0.0527403	0.00250816	0.0354593	0.00181599	0.0296833	0.0189934	0.00480783	0.000155781	0.000985269
137	0.00458626	0.00139507	0.00103823	0.000533669	0.00575874	0.0018933	0.000301812	0.311569	0.0004927	0.534542	0.0597744	0.000536925	0.000197011	0.000622638	0.00232328	0.00139145	0.00794833	0.05699	8.07355e-05	0.00802502
138	0.0185056	0.000437099	0.367577	0.455307	0.00279318	0.0108551	0.000673098	0.00284081	0.0125894	0.00109004	0.00147315	0.0545415	0.000683786	0.0265913	0.000558166	0.0241065	0.0173041	0.00164873	0.000125081	0.000298738
139	0.300407	0.00694677	0.00888123	0.00834755	0.00306562	0.437641	0.00342772	0.00652972	0.0159887	0.00520146	0.00437948	0.0251625	0.00545113	0.00777806	0.00672605	0.122853	0.0168793	0.0106419	0.000577804	0.00311395
140	0.0145597	0.000449544	0.374244	0.457771	0.0029415	0.0102953	0.000436289	0.00274651	0.0120411	0.000889128	0.00144229	0.054474	0.000275465	0.0246642	0.00047231	0.0239302	0.0168208	0.00113576	0.000115643	0.000295344
141	0.0231424	0.00487183	0.00621698	0.0115078	0.172338	0.00716254	0.00842288	0.240375	0.00913669	0.173407	0.123939	0.0105327	0.00300815	0.00931024	0.00961575	0.0207272	0.0217079	0.0579678	0.00891435	0.0776961
142	0.0292419	0.00305149	0.112629	0.119611	0.00173314	0.277118	0.00292975	0.0119609	0.0882374	0.00654675	0.00191613	0.0879037	0.00130797	0.0730021	0.0228507	0.0888549	0.0482164	0.0217909	0.000315587	0.000782897
143	0.0672133	0.00183025	0.255495	0.422952	0.00229252	0.0126088	0.00344312	0.00562132	0.0129624	0.0113178	0.0387365	0.0352625	0.00391726	0.0512207	0.00249191	0.0392974	0.0167362	0.00814396	0.000519993	0.00793685
144	0.255375	0.00114633	0.00148853	0.00544373	0.00129347	0.00852441	0.0266074	0.0303917	0.00887242	0.0315465	0.0246784	0.0639863	0.0179418	0.128645	0.00264918	0.232159	0.108515	0.0493567	0.00031856	0.00106187
145	0.0316746	0.00226656	0.00355096	0.00533077	0.0242466	0.00388329	0.0624647	0.033053	0.0300885	0.137247	0.0249251	0.0281225	0.00194517	0.382648	0.00369789	0.0515174	0.112383	0.0561366	0.000703209	0.00411483
146	0.00671732	0.00163968	0.00194749	0.00213437	0.00186076	0.00235713	0.00168015	0.0978336	0.00380549	0.00358725	0.287269	0.00359494	0.0503442	0.00266424	0.00221617	0.00704683	0.00558994	0.515972	0.000521084	0.00121861
147	0.426645	0.00570599	0.00183935	0.00147763	0.00107038	0.438874	0.00105632	0.00448787	0.00448247	0.00212428	0.00301803	0.00647746	0.00457886	0.00346581	0.00114439	0.0727907	0.0116597	0.0082823	0.000221	0.000598012
148	0.213038	0.00284949	0.00310443	0.00436568	0.00328063	0.0242062	0.00347667	0.00828799	0.0262395	0.296937	0.0303762	0.00547324	0.00221412	0.00614178	0.00374428	0.113123	0.0401702	0.21044	0.00067073	0.00186085
149	0.00940811	0.00185554	0.00239675	0.0356445	0.00232635	0.00359297	0.64852	0.00644651	0.00458661	0.00554473	0.00352895	0.00511571	0.00174887	0.171589	0.00329847	0.0562572	0.0264367	0.00678234	0.000686725	0.00423398
150	0.52097	0.0236289	0.00587205	0.0113479	0.00668065	0.0569719	0.00613831	0.0226451	0.0241739	0.0151734	0.0115789	0.0176154	0.00711959	0.0110138	0.0140446	0.137561	0.0554944	0.0476486	0.000810393	0.00351121
151	0.0306913	0.00527499	0.00776746	0.0207961	0.00790873	0.00893149	0.0127194	0.0193118	0.311518	0.0259344	0.012682	0.0234966	0.00635625	0.033144	0.385679	0.0277995	0.0295291	0.0233594	0.000925711	0.00617491
152	0.00372673	0.000881213	0.00183228	0.0021495	0.0653782	0.00113449	0.000947273	0.0267232	0.00150049	0.718898	0.138062	0.00169874	0.000436894	0.00459939	0.00128309	0.00399326	0.00658438	0.01506	0.000320592	0.00479064
153	0.0174664	0.00340405	0.0042693	0.00815936	0.0443987	0.00427958	0.00266563	0.139211	0.00457245	0.505517	0.12445	0.00491068	0.00168829	0.00942205	0.00359923	0.0119012	0.018055	0.0780198	0.000770902	0.013239
154	0.145837	0.0131309	0.0145971	0.0208569	0.0105143	0.0371286	0.0172995	0.0388418	0.027459	0.0230452	0.0116152	0.0522782	0.0254951	0.0210877	0.0181959	0.372048	0.105659	0.0327033	0.000831419	0.0113759
155	0.0236384	0.00394442	0.00742979	0.0132189	0.00464609	0.0264772	0.0795958	0.0131656	0.484486	0.0125553	0.00759637	0.0524873	0.00455641	0.108489	0.0513639	0.0649679	0.0179335	0.0157683	0.0011846	0.0064948
156	0.434228	0.00613909	0.00248563	0.00264654	0.00176577	0.372122	0.00214746	0.00601438	0.0089912	0.00395777	0.00384409	0.0154747	0.00470562	0.00450333	0.00291428	0.101599	0.0157251	0.00922432	0.000263203	0.00124843
157	0.00322034	0.000879626	0.00119187	0.00147399	0.0659237	0.00126124	0.000913764	0.0216765	0.00147159	0.723961	0.142444	0.0012902	0.000553433	0.00469522	0.0013072	0.0036268	0.0060258	0.0133106	0.000334471	0.00443906
158	0.0195617	0.00386345	0.00446623	0.0145573	0.00274274	0.00710577	0.00904387	0.00954417	0.416503	0.0156548	0.00800165	0.0160919	0.00511875	0.0292916	0.378442	0.01927	0.0199588	0.0160692	0.00021299	0.0045
159	0.028412	0.00518897	0.00920867	0.0106921	0.00801375	0.00614336	0.00710798	0.0729194	0.332392	0.0274276	0.0184158	0.0174969	0.0062726	0.026268	0.275135	0.0221265	0.0481978	0.0699837	0.000906573	0.00769174
160	0.00528984	0.00137202	0.00144111	0.000713354	0.00565927	0.00219897	0.000364546	0.312277	0.000659156	0.503555	0.0724623	0.000532612	0.000281813	0.00100537	0.00288144	0.00152074	0.00930812	0.0705907	0.00010696	0.00778007
161	0.23484	0.00164401	0.00295112	0.00620484	0.00177076	0.0111381	0.0162022	0.0257261	0.0254625	0.0280828	0.0154492	0.0616368	0.0115295	0.0938211	0.00667936	0.275296	0.123904	0.0561412	0.000351033	0.001169
162	0.361105	0.00401889	0.000823499	0.00129132	0.000984378	0.500591	0.000932744	0.00270929	0.0024016	0.00183084	0.00182239	0.00266439	0.00691519	0.00335228	0.00111417	0.0844251	0.0136124	0.00852638	0.0002928	0.000585981
163	0.205059	0.00118222	0.0017431	0.00326716	0.00139924	0.0140241	0.00603289	0.0489542	0.0164221	0.047782	0.00530102	0.0934623	0.00434251	0.0285079	0.0118016	0.269856	0.149226	0.0902157	0.000415786	0.00100511
164	0.0296172	0.00652543	0.00103055	0.00136316	0.0074589	0.00106815	0.000612007	0.267068	0.00294893	0.275889	0.0798542	0.00091685	0.00184861	0.0041163	0.000685764	0.00330687	0.0292155	0.283405	0.000172465	0.00289627
165	0.0794058	0.00165615	0.00177101	0.0025522	0.0120344	0.0471481	0.0452706	0.0146369	0.032127	0.00366818	0.00260736	0.309042	0.0114892	0.00240437	0.00253032	0.4203	0.0056363	0.00400853	0.000509012	0.00120204
166	0.0342813	0.000292902	0.000361304	0.00557517	0.000381529	0.0068477	0.000928073	0.00116527	0.751142	0.00619236	0.000550376	0.0210675	0.00063432	0.0109375	0.126513	0.0153677	0.0129167	0.0039142	7.84349e-05	0.000852631
167	0.141899	0.00200294	0.00375276	0.00562065	0.00265619	0.027138	0.0267904	0.0134615	0.00750622	0.0125629	0.0270284	0.0540339	0.00612774	0.0164835	0.00396934	0.416498	0.210461	0.0178821	0.000781267	0.00334454
168	0.00622604	0.00168296	0.0135358	0.0150811	0.00159498	0.110046	0.0516053	0.00478651	0.325327	0.00374137	0.00249243	0.264313	0.0010834	0.0881581	0.0655206	0.0328778	0.00544684	0.0048157	0.000435068	0.0012292
169	0.117053	0.225589	0.00250362	0.00411573	0.00273823	0.00315221	0.00309197	0.0136434	0.00543969	0.0123703	0.0122461	0.00467789	0.00219801	0.00392895	0.00323825	0.0353553	0.48828	0.0575493	0.000803098	0.00202679
170	0.135419	0.0923124	0.00168068	0.00335843	0.00185195	0.00239381	0.00169377	0.0685925	0.00385898	0.0626975	0.085891	0.00354957	0.00126337	0.00281462	0.00255349	0.0601143	0.340526	0.127679	0.000555265	0.0011944
171	0.12941	0.0675919	0.00183678	0.00241886	0.00917967	0.00790485	0.00177861	0.211067	0.00339532	0.224267	0.0283109	0.00285096	0.00166317	0.00378807	0.00215185	0.00750479	0.0330425	0.260105	0.000387433	0.00134637
172	0.00548963	0.000838758	0.00196713	0.000405176	0.00998207	0.000376181	0.000310685	0.744295	0.000569413	0.0272979	0.00662706	0.00068039	0.00182455	0.000465831	0.000344883	0.00224078	0.00398775	0.191526	9.87314e-05	0.00067243
173	0.0148148	0.00435945	0.00340975	0.00684334	0.212971	0.0035142	0.0118419	0.0922776	0.0061577	0.380511	0.0708743	0.00496967	0.00156456	0.00785567	0.00488185	0.0131834	0.0152523	0.0380791	0.00736487	0.0992746
174	0.0187549	0.00541175	0.00190227	0.00233848	0.00802099	0.0022149	0.00157302	0.319017	0.0046165	0.335269	0.0480848	0.00314393	0.00205342	0.00396131	0.00328128	0.0100703	0.0610487	0.164516	0.000319849	0.00440146
175	0.0711399	0.00727842	0.0726148	0.0586892	0.0154959	0.0509188	0.0523587	0.0251191	0.0604683	0.0244954	0.0109617	0.293037	0.0178666	0.0294707	0.0260089	0.106138	0.0384408	0.0272701	0.00117258	0.0110542
176	0.071938	0.00815632	0.0408203	0.106949	0.0115884	0.028223	0.0505722	0.0445595	0.0701209	0.041024	0.0205596	0.0450518	0.00919463	0.215151	0.0314543	0.0852316	0.0637867	0.0433071	0.00230754	0.0100043
177	0.00603039	0.00140332	0.00101191	0.000573846	0.00572853	0.0017467	0.000354194	0.312394	0.000846938	0.522491	0.0530363	0.000682993	0.000298965	0.000812925	0.00207135	0.00166562	0.0118454	0.0700191	0.000111903	0.00687467
178	0.0296904	0.00508857	0.00817678	0.0166951	0.00552111	0.0139395	0.0113543	0.0172444	0.321886	0.0209365	0.0120226	0.0162441	0.00659843	0.0300232	0.401598	0.0273498	0.0266179	0.0233193	0.000523772	0.00516935
179	0.0250607	0.00234155	0.105159	0.437034	0.00270316	0.00394742	0.00332783	0.00788144	0.00564302	0.0469563	0.0961156	0.0132255	0.00225489	0.118604	0.00364639	0.0779225	0.0093617	0.00756632	0.000705105	0.0305441
180	0.0254617	0.00214595	0.00199432	0.0112023	0.00151778	0.00634777	0.00402216	0.00571963	0.569291	0.0111387	0.00472491	0.0159823	0.00280729	0.0246662	0.265749	0.0169292	0.0153778	0.011029	0.000107716	0.00378499
181	0.00549386	0.00108056	0.00211654	0.000461542	0.00796934	0.000364202	0.000344344	0.741814	0.000577749	0.0203574	0.00667517	0.000594197	0.00238839	0.000478935	0.000370988	0.00228108	0.00557323	0.200318	9.59874e-05	0.000644332
182	0.0490292	0.00983589	0.037503	0.183658	0.106375	0.0165238	0.0148817	0.156957	0.0249143	0.0653716	0.0335101	0.0349328	0.00813544	0.0328463	0.0143176	0.0601669	0.0700934	0.0618432	0.00277011	0.0163349
183	0.0117948	0.00299245	0.000709189	0.00167153	0.00267107	0.000602087	0.000933036	0.302208	0.00329106	0.0204873	0.0198853	0.0029064	0.00513722	0.00177207	0.00182083	0.00487147	0.0814252	0.533984	0.000143367	0.000693165
184	0.0785726	0.0219798	0.0223394	0.0390733	0.00845149	0.0123226	0.0145891	0.0438454	0.027293	0.0355261	0.0178366	0.0269685	0.0293077	0.0286837	0.015315	0.135882	0.371008	0.0629213	0.0016495	0.00643468
185	0.0115091	0.00254595	0.00369319	0.00426557	0.00299459	0.00407946	0.00350313	0.0083907	0.00580249	0.00865665	0.00465918	0.00644873	0.126358	0.00505305	0.00388153	0.106742	0.680289	0.00820576	0.000849679	0.00207304
186	0.0374479	0.00460617	0.0175379	0.00921692	0.00112239	0.818141	0.00168439	0.00410972	0.0121126	0.00340587	0.00202792	0.035806	0.0026414	0.0050297	0.00302976	0.0287457	0.0076468	0.00379453	0.000635101	0.00125837
187	0.0336577	0.00520895	0.0187908	0.011613	0.00112523	0.81004	0.00141477	0.00450494	0.0143499	0.002628	0.00184002	0.039878	0.00221196	0.00515779	0.00400605	0.02901	0.00740434	0.00547596	0.000586594	0.00109547
