377	20
1	0.00607404	0.000928462	0.00100597	0.0017444	0.0215263	0.00157271	0.00327698	0.253778	0.00629941	0.256435	0.348566	0.00160666	0.000999476	0.0173088	0.00158712	0.00260341	0.00424469	0.0688977	0.000300455	0.00124478
2	0.0804374	0.00587074	0.00656463	0.0130941	0.010697	0.00996257	0.0109039	0.0332122	0.0106266	0.0358528	0.0509743	0.00997836	0.483013	0.0152301	0.0122492	0.0426014	0.0319565	0.116257	0.0012924	0.0192261
3	0.0692402	0.00431221	0.027336	0.0535166	0.000773758	0.0112874	0.020133	0.00265816	0.265561	0.00630215	0.0215176	0.0310669	0.000920933	0.0563911	0.233951	0.0576583	0.125844	0.00979309	0.000353712	0.00138313
4	0.0762277	0.0116701	0.01248	0.0143862	0.0420438	0.00368051	0.0881655	0.00308856	0.180926	0.00301548	0.00277835	0.0353157	0.00137811	0.187935	0.0840228	0.0823893	0.0356099	0.0247848	0.000658363	0.109444
5	0.00425722	0.00297613	0.00519869	0.00947079	0.278904	0.00635048	0.0140505	0.00191462	0.00152517	0.00825012	0.00807998	0.00610789	0.000577407	0.00174509	0.00606265	0.00749658	0.00407874	0.00271748	0.0361196	0.594117
6	0.0436835	0.0114113	0.0175449	0.0377475	0.0371071	0.00864993	0.0355502	0.0540439	0.0497924	0.196248	0.0392174	0.0245786	0.00953856	0.0312647	0.0820634	0.0241659	0.0325372	0.121811	0.00508949	0.137954
7	0.0705281	0.0228505	0.0742285	0.0440429	0.017119	0.0450368	0.0477542	0.0240296	0.0433305	0.0379383	0.0224128	0.279286	0.0209181	0.028602	0.03088	0.0728939	0.0551287	0.0320681	0.00675082	0.0242015
8	0.0119743	0.000441422	0.000351678	0.00263873	0.00440031	0.000442749	0.00119553	0.537635	0.00229389	0.126002	0.0175397	0.000524699	0.00345939	0.000511208	0.00134595	0.00187927	0.00258394	0.278109	9.95806e-05	0.00657142
9	0.0986827	0.00232716	0.00234106	0.00536677	0.00213651	0.0137983	0.00381005	0.159923	0.0459704	0.254048	0.0309285	0.0525138	0.0017463	0.0525409	0.0247155	0.00597915	0.0707051	0.16946	0.000604592	0.00240209
10	0.224919	0.00355323	0.00239887	0.00587808	0.0012029	0.00820508	0.00917728	0.00443525	0.00789449	0.00380378	0.00269711	0.0029984	0.633109	0.00308327	0.0122023	0.0442947	0.00887478	0.0188366	0.000318156	0.00211766
11	0.0499009	0.00671334	0.11171	0.214792	0.0131576	0.00698328	0.0478264	0.0256724	0.0856275	0.0994577	0.0256687	0.0228783	0.00501922	0.057516	0.0992927	0.0227124	0.0337456	0.0473718	0.00153664	0.0224172
12	0.108411	0.0024974	0.0324143	0.103828	0.00635799	0.081639	0.0054279	0.00734567	0.189874	0.105668	0.0057072	0.00890413	0.142328	0.0919691	0.0430583	0.0132007	0.010577	0.0339858	0.000948112	0.00585821
13	0.0321084	0.016361	0.000446551	0.000586504	0.00513612	0.00232063	0.00806866	0.105358	0.0011309	0.568874	0.104783	0.000951579	0.00543578	0.00357511	0.000798645	0.00679265	0.0269719	0.109265	0.000203381	0.000831711
14	0.176108	0.00149406	0.153388	0.089169	0.00186589	0.00368656	0.0254273	0.00304197	0.0290725	0.0611323	0.0165301	0.0163967	0.296096	0.0265369	0.0153948	0.0592443	0.00533921	0.0172613	0.000507754	0.00230685
15	0.0845778	0.00104536	0.00735285	0.0245967	0.00350941	0.00893047	0.00607776	0.00869925	0.0105653	0.0252832	0.020067	0.00574345	0.67339	0.00814363	0.00989374	0.0397083	0.0357521	0.0207516	0.000632984	0.00527931
16	0.138758	0.0025413	0.00364585	0.00719311	0.0276424	0.00559085	0.0273753	0.0519304	0.0065736	0.0536519	0.0691873	0.008039	0.221647	0.0454097	0.0108224	0.075823	0.0137762	0.14074	0.0011707	0.0884818
17	0.0236647	0.00431258	0.00320823	0.0207766	0.0291727	0.000704069	0.022727	0.109803	0.0750778	0.399525	0.0737237	0.0155896	0.000424045	0.056649	0.0571608	0.00275405	0.0179465	0.0476871	0.00362325	0.0354696
18	0.00998467	0.00237899	0.210428	0.00773352	0.00301272	0.042974	0.20704	0.0203181	0.00563433	0.0384739	0.00446335	0.354645	0.00276736	0.0043723	0.00422742	0.0619057	0.00929598	0.00602135	0.000813965	0.00350979
19	0.0568761	0.000459296	0.00180595	0.00739072	0.000881762	0.00934811	0.00751996	0.00418422	0.00952295	0.00910228	0.00514882	0.00597106	0.780834	0.00836767	0.0084367	0.0413217	0.0288603	0.0124924	0.00026164	0.0012145
20	0.253856	0.00142654	0.0388652	0.12403	0.0244192	0.118782	0.00249981	0.00287836	0.104664	0.0113348	0.00302068	0.00305134	0.0503907	0.131069	0.0447589	0.0274052	0.00407445	0.0399372	0.000578543	0.0129579
21	0.0266916	0.000825736	0.34759	0.0979578	0.000828566	0.100274	0.0142659	0.0015375	0.0250867	0.00263289	0.00602348	0.175885	0.00659467	0.0152238	0.0115526	0.0909234	0.0725922	0.00214764	0.000270973	0.00109466
22	0.0243576	0.0103132	0.0203655	0.0115241	0.029266	0.261895	0.0899212	0.010275	0.169047	0.122478	0.047343	0.0367196	0.00125317	0.0462303	0.0541807	0.00368389	0.0112722	0.012278	0.0182192	0.0193775
23	0.0172072	0.00129031	0.0481413	0.285239	0.00152229	0.00333282	0.0043595	0.00217356	0.275082	0.00297728	0.00269053	0.0202249	0.00122488	0.265356	0.0216994	0.0158593	0.0141038	0.00374943	0.000457882	0.0133085
24	0.135345	0.00334633	0.00614844	0.0210143	0.0552777	0.0166148	0.0181098	0.0865795	0.0193183	0.0457275	0.0126378	0.0426362	0.265584	0.0390727	0.0864507	0.0463373	0.0107975	0.0747633	0.00141589	0.0128231
25	0.14195	0.00817484	0.000710977	0.0014466	0.0269585	0.00108664	0.00280302	0.297605	0.00167042	0.192075	0.0583865	0.00118151	0.000726184	0.00275873	0.00230181	0.0181253	0.01618	0.218274	0.000325399	0.00725979
26	0.047255	0.00157957	0.0139976	0.0309782	0.00147372	0.090147	0.0026682	0.00281002	0.193955	0.0158648	0.00321033	0.0493577	0.0193009	0.0156658	0.0454698	0.165756	0.255871	0.0416409	0.000438285	0.00255978
27	0.162752	0.00211284	0.00483705	0.0280006	0.0531565	0.0247016	0.0246085	0.0699018	0.0253817	0.0679291	0.00943529	0.0341863	0.299495	0.0184687	0.0670732	0.0222566	0.00752013	0.0673864	0.000940899	0.00985558
28	0.0817353	0.00203082	0.171623	0.499525	0.00219086	0.0272309	0.00104955	0.00170395	0.0507871	0.000997737	0.00160416	0.023684	0.00899469	0.0592502	0.0141163	0.0310186	0.0142772	0.00519272	0.000159259	0.00282949
29	0.104923	0.000712599	0.0664613	0.261723	0.00103673	0.0189445	0.0105486	0.0157619	0.173959	0.0413628	0.0331065	0.0245327	0.00276228	0.0702599	0.0799991	0.033454	0.0340379	0.0217489	0.00115913	0.00350552
30	0.00302155	0.00560448	0.000896397	0.0016682	0.113016	0.000957636	0.00158002	0.0237319	0.00145159	0.537685	0.274003	0.00159657	0.000730891	0.0016751	0.00128028	0.00499536	0.00214535	0.0153148	0.00576117	0.0028842
31	0.168986	0.000976153	0.00587303	0.154962	0.00179208	0.0467983	0.00404599	0.00247035	0.0850262	0.0811075	0.0254565	0.0147875	0.0145176	0.0300256	0.0387516	0.178646	0.0812049	0.0265974	0.000492797	0.0374832
32	0.287497	0.00151453	0.00211541	0.0293695	0.00216251	0.00247408	0.0386445	0.00306602	0.0871858	0.00356567	0.0150469	0.00346843	0.207476	0.0292746	0.132582	0.0382371	0.017739	0.0957331	0.000413911	0.00243405
33	0.0147321	0.00100174	0.000308041	0.00216064	0.00214011	0.000393165	0.00162986	0.472199	0.00312417	0.18102	0.0185782	0.000454335	0.00187962	0.000488307	0.00176584	0.00239462	0.00100264	0.287533	9.60968e-05	0.00709862
34	0.0397139	0.00749833	0.00162208	0.00348566	0.153007	0.00165643	0.00829337	0.195039	0.00638916	0.194589	0.140042	0.0057732	0.00102175	0.00550235	0.00391743	0.00563306	0.0216485	0.1733	0.00210471	0.029762
35	0.296293	0.165534	0.00645127	0.00860599	0.00355074	0.00946521	0.00663672	0.0122284	0.00721982	0.00760326	0.0083059	0.0409058	0.213223	0.00610747	0.0063804	0.113823	0.0102182	0.0697672	0.00115907	0.00652185
36	0.165296	0.00120169	0.0539612	0.360016	0.00148227	0.066325	0.0165963	0.00169202	0.0629579	0.00224243	0.00189664	0.034134	0.0395361	0.0390838	0.0217026	0.117407	0.0100394	0.00283421	0.000344879	0.00125091
37	0.033062	0.0222367	0.000614424	0.00148619	0.00384664	0.00239193	0.0055172	0.137108	0.000974458	0.523885	0.0788622	0.0008276	0.00753936	0.0026417	0.000835006	0.0100819	0.0242812	0.142741	0.000233194	0.000834492
38	0.0847197	0.0123019	0.000677863	0.0022853	0.0115685	0.000978833	0.00207524	0.329066	0.00212573	0.245685	0.0327547	0.000957338	0.00283735	0.00150952	0.00174567	0.0130471	0.00927401	0.240477	0.000276645	0.00563636
39	0.0771582	0.00061106	0.0500495	0.276526	0.000697428	0.00538144	0.0243099	0.0104444	0.186489	0.039681	0.0333509	0.0175586	0.0011183	0.0839624	0.138374	0.0183893	0.0135287	0.00994196	0.00466961	0.00775862
40	0.0339823	0.00793717	0.0100766	0.0283793	0.0551949	0.00583362	0.0601061	0.0983028	0.0443526	0.300244	0.0482505	0.0288158	0.00336228	0.0815577	0.0317603	0.0108308	0.0193759	0.0520347	0.00529762	0.0743054
41	0.0663136	0.00304169	0.0870223	0.357007	0.00402638	0.0234389	0.0129931	0.0117212	0.0981204	0.0220989	0.0128455	0.0313376	0.014714	0.127665	0.0517363	0.0288736	0.0233091	0.0141222	0.00131054	0.0083036
42	0.0651125	0.000789336	0.00148667	0.00915773	0.0951439	0.00151145	0.00437273	0.123635	0.00510049	0.116156	0.263181	0.0174498	0.0011012	0.00216591	0.00480162	0.00409179	0.0353342	0.231175	0.000315117	0.01792
43	0.083492	0.00130366	0.00186908	0.0250461	0.00159798	0.00312913	0.00418948	0.00212102	0.0716509	0.00296322	0.00441514	0.0119774	0.0526188	0.0333497	0.614001	0.0261788	0.0387112	0.0192166	0.000446936	0.00172149
44	0.00426669	0.00240586	0.00752629	0.0147506	0.308139	0.0036297	0.0158845	0.00150893	0.00114268	0.0101172	0.010768	0.00573791	0.000455403	0.00290028	0.009241	0.0070531	0.00559657	0.00265556	0.0402494	0.545971
45	0.00528109	0.000447452	0.00069789	0.00512219	0.0144032	0.0007726	0.000654854	0.645744	0.000987137	0.0270412	0.0153901	0.000901793	0.00518188	0.000886804	0.000819577	0.00159455	0.00690584	0.256974	0.00026704	0.0099268
46	0.0458244	0.001129	0.380816	0.121636	0.00188078	0.0164727	0.00332534	0.00254098	0.0582659	0.00555332	0.00374982	0.0399581	0.225265	0.0175122	0.016639	0.028628	0.023326	0.00451298	0.000688708	0.00227504
47	0.0229255	0.00162577	0.000753098	0.00308229	0.0106797	0.000889696	0.00223249	0.445346	0.00608315	0.1474	0.0461715	0.00165369	0.00202227	0.00318436	0.00319232	0.00481816	0.011088	0.2779	0.000178164	0.00877385
48	0.074591	0.00202184	0.00495302	0.0118042	0.0014643	0.0101559	0.00478996	0.00607459	0.00908482	0.00728132	0.00490091	0.00429019	0.767075	0.00519157	0.0100325	0.0391365	0.0171816	0.0173092	0.000528398	0.00213305
49	0.0662293	0.00126625	0.173705	0.51137	0.00133446	0.0278884	0.000424428	0.000442628	0.0611683	0.000621348	0.000649828	0.0237199	0.0110772	0.0614322	0.0174103	0.0220686	0.0133765	0.00388549	9.99983e-05	0.00183016
50	0.0743368	0.00126206	0.0491374	0.549718	0.00153418	0.0244431	0.00264476	0.0023144	0.0383873	0.00372562	0.00272058	0.00302682	0.178572	0.0370593	0.00297628	0.00569778	0.0154625	0.00402969	0.000627714	0.00232431
51	0.0141654	0.000753027	0.00030611	0.00196002	0.0023865	0.000378885	0.00157715	0.443956	0.00304878	0.174892	0.0233789	0.000449119	0.00114958	0.000437927	0.00171465	0.00288054	0.00130437	0.318402	9.26132e-05	0.00676701
52	0.018328	0.00143321	0.00231048	0.00328148	0.0136513	0.0028723	0.00220385	0.0609252	0.00350985	0.333444	0.0144582	0.00329033	0.00152995	0.106287	0.391471	0.00487925	0.00410349	0.00442243	0.000602415	0.0269965
53	0.0662293	0.00126625	0.173705	0.51137	0.00133446	0.0278884	0.000424428	0.000442628	0.0611683	0.000621348	0.000649828	0.0237199	0.0110772	0.0614322	0.0174103	0.0220686	0.0133765	0.00388549	9.99983e-05	0.00183016
54	0.0486867	0.000413707	0.000795388	0.0118662	0.0174065	0.000814015	0.003357	0.296689	0.0420353	0.0501882	0.0679563	0.00553204	0.000483053	0.00580098	0.0117101	0.00407929	0.06211	0.360306	0.000137024	0.00963256
55	0.0134029	0.00442746	0.00126637	0.00441469	0.101025	0.0018127	0.0168444	0.0461927	0.00963402	0.492836	0.0404081	0.0183428	0.000784312	0.0137443	0.00926451	0.00302747	0.00189644	0.0288194	0.0227905	0.169066
56	0.0849201	0.00715365	0.0154623	0.0459142	0.00124869	0.0160361	0.0140626	0.00244203	0.275578	0.00958471	0.0279375	0.0245846	0.00205012	0.0600899	0.238897	0.0657166	0.0949735	0.0111854	0.000378858	0.00178421
57	0.0594979	0.00136009	0.00190789	0.0138386	0.00173224	0.00283951	0.00284315	0.400664	0.00360479	0.0938648	0.119335	0.00319574	0.00140996	0.0697358	0.0134324	0.0656823	0.0555798	0.0755141	0.000416436	0.0135451
58	0.00575285	0.0029965	0.00531829	0.010463	0.275986	0.0438804	0.0124729	0.0025177	0.00214229	0.00888055	0.00789776	0.00322665	0.000806816	0.00262899	0.00596998	0.0138355	0.00549607	0.00393171	0.0442705	0.541525
59	0.0569982	0.00514764	0.0143822	0.0457964	0.0072497	0.0163533	0.0149311	0.0124852	0.151355	0.0273348	0.0148765	0.0227145	0.0237917	0.0467968	0.443448	0.0278124	0.0344273	0.0210174	0.00206199	0.0110192
60	0.0804774	0.00461672	0.00405074	0.0101214	0.00160568	0.010456	0.00637314	0.0085614	0.00980501	0.00889712	0.00556334	0.00632736	0.730319	0.00598202	0.0103779	0.0505305	0.0219618	0.0208259	0.000567285	0.0025807
61	0.152445	0.018482	0.00168224	0.00555265	0.00161341	0.00625872	0.00197341	0.0033885	0.00301	0.00334439	0.00253716	0.00305728	0.00116816	0.00232774	0.00245252	0.52483	0.246942	0.0156057	0.000582769	0.00274717
62	0.0637732	0.00152486	0.0026341	0.00976361	0.00147051	0.0151073	0.00597297	0.0093843	0.0102902	0.0156512	0.00867487	0.0116964	0.698288	0.00957645	0.010386	0.0445992	0.0544787	0.0231745	0.000406977	0.00314691
63	0.00883896	0.0045783	0.000691872	0.00143797	0.0690704	0.000955139	0.00632267	0.0884027	0.00409056	0.545909	0.174127	0.00427225	0.00111402	0.00892041	0.00276408	0.00337518	0.00779245	0.0570254	0.00315052	0.00716109
64	0.0186499	0.0353143	0.00111808	0.0014997	0.262951	0.00114139	0.0261174	0.293382	0.00702765	0.0574948	0.0314301	0.00151086	0.000550855	0.00653052	0.00708175	0.00197451	0.0137005	0.1697	0.00344563	0.0593792
65	0.0598996	0.00398977	0.0135023	0.0470019	0.00772338	0.0129185	0.0153651	0.0140096	0.163695	0.0302876	0.014509	0.0198497	0.0243341	0.0441401	0.433075	0.0279988	0.0338453	0.0207757	0.00232624	0.0107537
66	0.646425	0.0148046	0.00708463	0.0180036	0.00412356	0.05545	0.00546806	0.0121669	0.0145198	0.0102384	0.00873971	0.0121963	0.0249389	0.00835991	0.00802667	0.0825028	0.0245006	0.0363716	0.00158582	0.00449308
67	0.0163853	0.00110477	0.0136335	0.042163	0.0145419	0.0142014	0.100265	0.0162749	0.181395	0.0171148	0.00267714	0.0223147	0.00140118	0.0199416	0.27963	0.0269901	0.0939241	0.0556994	0.0108556	0.069487
68	0.118412	0.0245215	0.00430631	0.0270284	0.0611714	0.125684	0.0273976	0.00477734	0.119127	0.00614231	0.00568578	0.30715	0.00335717	0.0480497	0.0643049	0.00983443	0.00734087	0.00793147	0.00110851	0.0266692
69	0.0141533	0.00317818	0.00175671	0.00372939	0.328075	0.00458436	0.00651246	0.0250857	0.00671249	0.374578	0.104722	0.00906049	0.00111936	0.00655204	0.00363671	0.00938038	0.0030942	0.0226374	0.0106622	0.0607696
70	0.0769093	0.00486586	0.0953982	0.396635	0.0060599	0.0265974	0.00953555	0.0127046	0.0857412	0.0175373	0.0137855	0.0314533	0.0233415	0.0654044	0.0413116	0.0355191	0.0275567	0.0190795	0.00168892	0.00887534
71	0.0410401	0.000689671	0.0130752	0.139821	0.000914335	0.0126967	0.00407281	0.00154852	0.459231	0.00226497	0.0172876	0.00449522	0.00174697	0.106531	0.175743	0.0118763	0.00206338	0.00323912	0.000426997	0.0012358
72	0.311071	0.00217365	0.0175367	0.0185098	0.078666	0.00352803	0.0333232	0.0192684	0.0657327	0.161307	0.0494101	0.0050255	0.00237697	0.0208402	0.00419173	0.00575987	0.00526055	0.0649529	0.000657	0.130409
73	0.0179564	0.00502555	0.00161184	0.00380147	0.0997453	0.00191501	0.0119116	0.103032	0.0094304	0.484961	0.116543	0.0139093	0.0048797	0.0127322	0.00769813	0.00476372	0.00734011	0.0600236	0.00665452	0.0260645
74	0.00834279	0.000714835	0.227063	0.0551698	0.000785872	0.493394	0.00401374	0.00113822	0.0509249	0.0015933	0.00115736	0.0840456	0.000637568	0.0396336	0.00900153	0.0170872	0.00202455	0.0019983	0.00026373	0.00101036
75	0.182287	0.0252581	0.00175982	0.00236021	0.00992154	0.0305814	0.0132551	0.0262439	0.0108151	0.0300237	0.0023852	0.0518624	0.00102652	0.00560218	0.0061562	0.0936748	0.372584	0.101077	0.00475319	0.0283734
76	0.0259131	0.0021685	0.016589	0.0143829	0.00301639	0.16287	0.014018	0.00529246	0.161618	0.0117558	0.00737258	0.0845344	0.141991	0.0135413	0.0449007	0.0784302	0.168763	0.0371321	0.000936176	0.0047741
77	0.571669	0.0575723	0.00150507	0.0019001	0.00211329	0.0157796	0.00438662	0.0329395	0.00170509	0.0112756	0.00290437	0.00319189	0.000951576	0.00194054	0.00162411	0.0131817	0.0658468	0.206974	0.000283948	0.0022545
78	0.0040066	0.000989804	0.00128425	0.00850365	0.00102834	0.00175064	0.103447	0.00164598	0.55293	0.00221677	0.00171446	0.0183917	0.00119929	0.00870734	0.270135	0.00942377	0.00226792	0.00240437	0.000372189	0.00758131
79	0.0270833	0.00349491	0.00400882	0.00798939	0.0232826	0.00371091	0.00490865	0.485542	0.0107434	0.097916	0.0364897	0.0049175	0.00585701	0.0103073	0.00778176	0.0112785	0.0167324	0.220065	0.00105593	0.0168346
80	0.00280925	0.00293506	0.00374153	0.00774447	0.284997	0.0022465	0.0117322	0.00131922	0.000752168	0.00745808	0.00734411	0.0016831	0.000281578	0.000937782	0.00387468	0.00617556	0.00292919	0.00184406	0.0245235	0.624671
81	0.0135866	0.000951111	0.00589489	0.00219302	0.571	0.0026997	0.0136906	0.00625632	0.00473207	0.0733198	0.0465096	0.0115496	0.000767162	0.0051074	0.00142593	0.0147545	0.00409048	0.0239139	0.00266755	0.194889
82	0.0580629	0.00340254	0.0180617	0.0747151	0.00721741	0.0204613	0.0227039	0.0132374	0.41	0.0307465	0.0232029	0.0239676	0.0113186	0.0481274	0.14781	0.0289397	0.0241691	0.0197529	0.00173654	0.0123663
83	0.0169252	0.00344738	0.0307375	0.0081928	0.155275	0.00653804	0.0593022	0.00668463	0.00921136	0.0351667	0.0395306	0.267907	0.00357354	0.00740258	0.039958	0.00959759	0.010039	0.010695	0.0564447	0.223372
84	0.0808767	0.0037174	0.101682	0.392948	0.00561846	0.0274965	0.0114011	0.0102678	0.0816819	0.0160777	0.0111363	0.0303545	0.0312775	0.0609068	0.0388594	0.0404574	0.0280793	0.0162435	0.00193921	0.00897801
85	0.0293769	0.00623928	0.118837	0.016438	0.00609	0.185581	0.0111995	0.0116474	0.0165346	0.014486	0.0123868	0.0209822	0.00681143	0.0141996	0.013006	0.466659	0.0235067	0.0159713	0.00242423	0.00762248
86	0.182484	0.0116842	0.00356026	0.00481602	0.00602043	0.0742735	0.023615	0.0114341	0.00794762	0.0800135	0.00498396	0.0430299	0.00266161	0.0231258	0.00694438	0.0490571	0.267189	0.145451	0.00237551	0.0493329
87	0.0392659	0.0177744	0.0190008	0.0181078	0.00664217	0.0793596	0.014686	0.0131706	0.0149454	0.0941823	0.0135668	0.29251	0.00932774	0.0107512	0.0125919	0.200683	0.117346	0.0163924	0.00222532	0.00747118
88	0.194136	0.00742024	0.00420409	0.00966422	0.0099654	0.0134778	0.0107904	0.0464796	0.0102054	0.0273923	0.0210222	0.00937407	0.337721	0.0171383	0.0118106	0.0561275	0.0699292	0.0897313	0.00115671	0.0522536
89	0.155759	0.00323191	0.00363231	0.00595616	0.00374948	0.00477048	0.00417438	0.0356252	0.00598812	0.0419044	0.0266838	0.00489712	0.167789	0.00612064	0.0053857	0.141973	0.226113	0.147474	0.00120262	0.0075698
90	0.0317136	0.000310966	0.00640592	0.00228536	0.000434199	0.936941	0.00102331	0.00132506	0.00173003	0.000875267	0.000805169	0.00307764	0.000440098	0.00134835	0.00151605	0.00416186	0.0030293	0.00187791	0.000107325	0.0005914
91	0.0752957	0.0177546	0.00812805	0.00803169	0.00502202	0.0196469	0.00564422	0.00703522	0.013526	0.00805838	0.00779624	0.0130015	0.0146729	0.00664234	0.00746907	0.631454	0.128808	0.015991	0.001019	0.0050034
92	0.0686414	0.0222068	0.0402594	0.0289679	0.0469552	0.0327047	0.269532	0.028515	0.0470219	0.03918	0.023935	0.0639867	0.0147895	0.0379507	0.034342	0.0494509	0.0463274	0.0386505	0.00675998	0.0598227
93	0.0569489	0.00386256	0.017153	0.081002	0.00970298	0.0228911	0.0232915	0.0128786	0.433671	0.0212404	0.0223383	0.0239951	0.0100692	0.045219	0.130486	0.0281578	0.0232235	0.0197623	0.00266604	0.0114409
94	0.0949573	0.00394648	0.00456208	0.00650871	0.00404905	0.00555784	0.00473857	0.100299	0.00737746	0.257715	0.0146245	0.00686183	0.131409	0.00740082	0.00704725	0.0241766	0.223438	0.0882715	0.00127354	0.00578527
95	0.0678266	0.0202243	0.0801249	0.0449583	0.0246402	0.0462936	0.0476934	0.0230219	0.0409056	0.0419094	0.0208849	0.279489	0.0136213	0.0285394	0.0299039	0.0718744	0.0547195	0.0318792	0.00694366	0.0245465
96	0.00962493	0.0048995	0.00138611	0.00171766	0.000843409	0.00901272	0.00110663	0.00130847	0.0137196	0.00157569	0.00139895	0.00156752	0.000737095	0.00140176	0.00133191	0.655795	0.289024	0.00222128	0.00032081	0.00100653
97	0.761266	0.00272954	0.000556617	0.00131391	0.000447695	0.0127258	0.000607723	0.00259441	0.000942762	0.000790951	0.00192641	0.00848677	0.000384363	0.000738018	0.000785028	0.197175	0.00217764	0.00151831	0.00122911	0.00160402
98	0.0148657	0.00077918	0.000256606	0.00192041	0.0015849	0.000353526	0.00184091	0.444295	0.00358255	0.196998	0.0208328	0.000422793	0.00108802	0.000447476	0.00198989	0.00247158	0.000545299	0.297567	8.11053e-05	0.00807749
99	0.797154	0.00163291	0.00198711	0.00284129	0.0019992	0.0285773	0.00359605	0.00561529	0.00323088	0.00337758	0.00276983	0.00336665	0.115794	0.00285611	0.00286334	0.00827822	0.00361047	0.00783599	0.000584236	0.00202958
100	0.0573845	0.0138995	0.0186348	0.0313506	0.0221911	0.0395588	0.140306	0.0255423	0.0429917	0.052436	0.0344164	0.0331621	0.0114605	0.200628	0.0286059	0.0394918	0.0308169	0.0349897	0.114538	0.0275962
101	0.644713	0.0444936	0.00143164	0.00165202	0.00100155	0.0127485	0.00137675	0.0182386	0.00168852	0.0141605	0.00176096	0.00157792	0.00079721	0.0015713	0.00157521	0.00332397	0.0656303	0.180978	0.0002855	0.000994902
102	0.00254026	0.00290635	0.00360702	0.00803253	0.280885	0.00234211	0.0114863	0.00130441	0.00071725	0.00677354	0.00679347	0.00147288	0.000292677	0.000757545	0.00402418	0.00589896	0.00291837	0.00148881	0.0257044	0.630054
103	0.00257221	0.00290105	0.00360681	0.00803016	0.281388	0.00234253	0.0114913	0.00131201	0.000732752	0.00693188	0.00687009	0.00149231	0.00029525	0.00078074	0.00402022	0.00590574	0.00291515	0.00152629	0.0256637	0.629222
104	0.246766	0.0847799	0.00566889	0.00782244	0.00482621	0.0157674	0.0130262	0.0783663	0.00834767	0.0120546	0.00963141	0.170278	0.0205048	0.00645689	0.0076494	0.164441	0.0450116	0.0904394	0.00137693	0.00678556
105	0.167631	0.00181792	0.00198833	0.00445387	0.0160691	0.00362818	0.00240124	0.0135056	0.439197	0.0357899	0.0639419	0.0037033	0.016948	0.0159197	0.129404	0.04363	0.0172724	0.00462193	0.000455552	0.017621
106	0.110253	0.00520807	0.148628	0.500769	0.00588031	0.0260832	0.0019816	0.00145001	0.0370857	0.00128842	0.00166325	0.0251616	0.00809255	0.0596002	0.01046	0.0383282	0.0106347	0.00442772	0.000350361	0.00265404
107	0.0314311	0.00884585	0.139255	0.0762212	0.00340572	0.230287	0.013415	0.00647809	0.0263317	0.0164338	0.00831016	0.204562	0.00824017	0.0180716	0.0148843	0.135915	0.0421017	0.00984972	0.00163294	0.00432806
108	0.0562095	0.00061099	0.00122896	0.0101116	0.00972368	0.00103069	0.00343557	0.320319	0.028141	0.0428314	0.0482972	0.00857618	0.000579695	0.00567963	0.00767589	0.00407953	0.089842	0.352801	0.000361047	0.00846514
109	0.0412278	0.00131965	0.0626128	0.133645	0.000686686	0.0151496	0.0120792	0.0116798	0.234768	0.012544	0.0126518	0.056134	0.00133693	0.0530662	0.158033	0.0422082	0.124488	0.0240137	0.000325291	0.00203036
110	0.0191977	0.00292683	0.00645075	0.031864	0.0265814	0.0749932	0.0796073	0.0224118	0.238402	0.0083426	0.0070141	0.0539269	0.00284897	0.0317128	0.1556	0.0757418	0.0563599	0.0369894	0.00401103	0.0650169
111	0.0150205	0.001138	0.000280174	0.00194561	0.00160092	0.000377638	0.00179565	0.439974	0.00351853	0.200633	0.0205908	0.000439449	0.00127463	0.000450756	0.00197639	0.00271906	0.000542432	0.29776	8.44352e-05	0.00787806
112	0.127689	0.0094812	0.00145063	0.00634316	0.006238	0.00845609	0.00611179	0.0203623	0.00649619	0.0116912	0.00449642	0.0196112	0.00258223	0.00343775	0.00366817	0.111693	0.522886	0.107513	0.00233405	0.0174586
113	0.061075	0.0159488	0.00722939	0.0151183	0.00362588	0.0189606	0.00678056	0.0136009	0.0237807	0.0132464	0.00786968	0.0180076	0.00676129	0.00804124	0.00680507	0.402206	0.328832	0.0349776	0.000966437	0.00616674
114	0.0799815	0.00480673	0.0954165	0.397288	0.00737674	0.0298624	0.00960129	0.0131708	0.07946	0.0158559	0.00983442	0.0261685	0.0254448	0.0615308	0.0449776	0.0361087	0.0291305	0.0244948	0.00145351	0.00803608
115	0.08423	0.0216761	0.025289	0.0361621	0.0121621	0.0257631	0.0177355	0.0285175	0.0366453	0.0293243	0.0231844	0.034557	0.0104323	0.0180752	0.020444	0.172468	0.316868	0.0685248	0.00204392	0.0158977
116	0.0348543	0.000904684	0.00625649	0.00268198	0.000917458	0.929465	0.000673906	0.00212699	0.00153952	0.00109343	0.000809102	0.00287655	0.0010043	0.00128217	0.00155082	0.00563214	0.00375023	0.00179425	0.000150947	0.000635284
117	0.666429	0.0129097	0.0073801	0.0158846	0.00637685	0.0409229	0.00721725	0.0120862	0.0153462	0.010888	0.0073384	0.0136532	0.0168007	0.0113746	0.0115486	0.0794391	0.0183874	0.0378345	0.00174975	0.00643284
118	0.0341326	0.000728148	0.00634535	0.00588924	0.000595856	0.917154	0.00141953	0.00219457	0.00396186	0.00199505	0.00168609	0.00357419	0.0016397	0.0025751	0.0031868	0.00560658	0.00394899	0.00204492	0.000297093	0.00102395
119	0.063539	0.00908348	0.0310874	0.0954933	0.0122355	0.0302692	0.0275442	0.0214699	0.0638639	0.0479308	0.0432846	0.0333048	0.0295207	0.321883	0.0407336	0.0388706	0.0303941	0.0346905	0.00628411	0.0185176
120	0.0666834	0.0118432	0.0190448	0.0315804	0.0807119	0.0333187	0.0364656	0.03128	0.0331313	0.0701302	0.0347469	0.0363132	0.0134366	0.0423401	0.0275427	0.0453432	0.0406679	0.0413466	0.189621	0.114452
121	0.0329432	0.000420335	0.0035581	0.00160755	0.000505453	0.938944	0.00121996	0.0014678	0.002227	0.001463	0.0010562	0.00212579	0.000539429	0.00137911	0.00148419	0.00382422	0.00313187	0.00135921	0.000169212	0.000574661
122	0.167335	0.102393	0.00162832	0.00257364	0.00729161	0.0170137	0.00155029	0.0300131	0.00287887	0.0321591	0.0215311	0.00240605	0.00141318	0.00217436	0.00215941	0.327913	0.203309	0.0720272	0.000383475	0.00184761
123	0.818815	0.000361581	0.000549097	0.000819538	0.000408367	0.0138187	0.000562705	0.00287851	0.000861735	0.000751074	0.00186198	0.00957043	0.000380783	0.000705969	0.000717951	0.142159	0.000859889	0.00103149	0.00127183	0.00161498
124	0.0190603	0.00941431	0.00040621	0.000687994	0.0164977	0.00152625	0.0064854	0.125949	0.00172893	0.539254	0.148218	0.000613703	0.00306433	0.00528714	0.000765491	0.00470148	0.0208909	0.0942849	0.000172374	0.000991925
125	0.194449	0.0366643	0.00116691	0.00666161	0.00110773	0.00771925	0.00119118	0.00147025	0.00185815	0.00182556	0.00175106	0.004715	0.000903375	0.00145189	0.00160025	0.704951	0.0221965	0.0068005	0.000330563	0.00118587
126	0.0142353	0.00227563	0.00353024	0.0217119	0.253186	0.00562834	0.0053708	0.0106592	0.00687683	0.232313	0.232108	0.00625122	0.00201737	0.0201909	0.00509602	0.0252643	0.00819777	0.0154966	0.00370292	0.125888
127	0.782584	0.00214038	0.000732117	0.00151759	0.000520894	0.0148652	0.000667972	0.00346108	0.000993749	0.0010553	0.00206668	0.010227	0.000421646	0.000802795	0.000718567	0.168583	0.00361792	0.00207185	0.00131729	0.00163483
128	0.193696	0.147119	0.00249069	0.00488136	0.0020909	0.272689	0.00280755	0.00314891	0.00385248	0.0218773	0.00441556	0.0319258	0.00294015	0.00343867	0.0036728	0.153083	0.137043	0.0056584	0.000658246	0.00251044
129	0.233172	0.0158993	0.0110739	0.00264802	0.00138598	0.00271864	0.0221667	0.00241252	0.0891802	0.0178029	0.0427034	0.101216	0.00131103	0.0299186	0.0795423	0.279582	0.0332752	0.0224214	0.000545142	0.0110249
130	0.014611	0.00608716	0.000600014	0.00253851	0.0716994	0.000608201	0.0309286	0.0592682	0.0169538	0.558242	0.0721016	0.0281079	0.000428188	0.0305174	0.015112	0.00124093	0.00110059	0.0357404	0.00940425	0.0447098
131	0.0134139	0.000950656	0.00352301	0.00330998	0.571137	0.00440357	0.0065123	0.0109503	0.00697759	0.114022	0.0635794	0.0106131	0.000873756	0.00470487	0.00140974	0.0123021	0.00295227	0.0244091	0.00450251	0.139452
132	0.00545413	0.000491974	0.233639	0.0589628	0.000606084	0.544205	0.00523807	0.000967599	0.0330256	0.00119841	0.000959342	0.0642136	0.000726047	0.02007	0.00802678	0.0180817	0.00161068	0.00156556	0.000226693	0.000730601
133	0.0186931	0.00921194	0.000396952	0.000636843	0.0162907	0.00152906	0.00630523	0.128154	0.00175623	0.542969	0.144762	0.000620183	0.0030688	0.00552207	0.000655953	0.00471029	0.0199449	0.0940251	0.000166696	0.000581274
134	0.0639337	0.00106767	0.188051	0.465965	0.00119822	0.0291929	0.000549484	0.000573798	0.0707274	0.000748884	0.000709221	0.0307949	0.0255067	0.0581897	0.0200177	0.0219936	0.0152376	0.0036864	0.000118077	0.00173806
135	0.0508019	0.000741327	0.0437803	0.157832	0.00187785	0.0131068	0.0213668	0.0218144	0.209417	0.037541	0.00996667	0.0407636	0.00244442	0.0551028	0.159793	0.0277449	0.0943262	0.0391104	0.00145144	0.0110182
136	0.00653021	0.000404241	0.000654042	0.00443483	0.0112751	0.000710096	0.000812865	0.6151	0.00134548	0.0441595	0.0162938	0.000851635	0.0045309	0.000850971	0.000953583	0.00176029	0.0063819	0.274378	0.000174442	0.00839891
137	0.00369586	0.00279288	0.00499929	0.00915672	0.322726	0.00249561	0.0136855	0.00140009	0.000884232	0.00816387	0.00853366	0.00257271	0.000350619	0.00127627	0.0050576	0.00752685	0.00366191	0.00258723	0.0271414	0.571291
138	0.038534	0.0152538	0.00972375	0.0503435	0.00777775	0.0147776	0.0127998	0.0160275	0.01585	0.0449544	0.239602	0.0149298	0.0066962	0.427485	0.0135694	0.0206518	0.0170058	0.0228966	0.00224784	0.00887382
139	0.2341	0.0442713	0.00459563	0.00941415	0.0110308	0.0142438	0.0116394	0.0661518	0.0126826	0.0299107	0.0157734	0.0156255	0.00905471	0.0101082	0.00977236	0.0616523	0.168947	0.257466	0.00182631	0.0117339
140	0.0226462	0.000948582	0.00134502	0.00407219	0.0013691	0.0287376	0.00297414	0.00177438	0.419393	0.00979293	0.0017957	0.0157669	0.00363932	0.00243295	0.449884	0.0176636	0.0034285	0.0104186	0.000372001	0.00154536
141	0.184126	0.110089	0.00251128	0.00319786	0.00604512	0.0168373	0.0217789	0.147435	0.00363467	0.0063271	0.0075474	0.0406977	0.00191138	0.00355827	0.00325998	0.13194	0.0843011	0.218111	0.000982391	0.00570846
142	0.0384512	0.0149293	0.00423902	0.00820752	0.0019445	0.013612	0.00278982	0.00406997	0.0145817	0.00483247	0.00408169	0.00810293	0.00255394	0.00320494	0.00361712	0.65153	0.207483	0.00891371	0.00057648	0.00227857
143	0.00317353	0.00308438	0.00385422	0.00730132	0.287633	0.00217362	0.012165	0.00130213	0.000693254	0.00803689	0.00786037	0.00193451	0.000276608	0.00102072	0.00369614	0.00664459	0.00288548	0.00208578	0.0224364	0.621742
144	0.00746804	0.00131564	0.208099	0.194883	0.0248501	0.0232395	0.0996894	0.00235459	0.00374345	0.0361162	0.0138433	0.171415	0.00236306	0.131997	0.00284873	0.00586054	0.0264679	0.00377469	0.000498683	0.0391719
145	0.197955	0.00655095	0.00914821	0.0150252	0.00616523	0.0481704	0.0898737	0.00954657	0.0219238	0.0146133	0.0483322	0.0532788	0.00773129	0.155834	0.0151345	0.174359	0.0961486	0.0176967	0.00272726	0.00978494
146	0.0568409	0.00400649	0.0186714	0.0704569	0.00705017	0.022364	0.0248069	0.0126547	0.435486	0.0186034	0.0245169	0.023168	0.012664	0.0445661	0.136447	0.0286847	0.0221371	0.0239192	0.00171158	0.0112439
147	0.125039	0.0025282	0.00734734	0.0172721	0.00481014	0.0128608	0.00937627	0.00939166	0.0210534	0.00952843	0.0059448	0.00621554	0.635339	0.00849555	0.0451563	0.0369283	0.0141641	0.0244806	0.00055066	0.00351756
148	0.0203296	0.00301135	0.014652	0.00460341	0.401147	0.00229215	0.0568989	0.00474478	0.00340427	0.0552958	0.0362196	0.0132957	0.00110093	0.0217348	0.00347456	0.0192782	0.00500443	0.0109771	0.00325347	0.319282
149	0.059378	0.00471513	0.0143025	0.0494117	0.00826755	0.0176262	0.0167907	0.0132539	0.147477	0.0255607	0.0138771	0.0229303	0.0282035	0.0461717	0.433168	0.0301448	0.0337847	0.0216302	0.00342615	0.00988056
150	0.0225969	0.000940142	0.00134671	0.00407653	0.00136836	0.0284867	0.00304946	0.00175693	0.419683	0.00981012	0.00178052	0.0157562	0.00363092	0.0024127	0.449854	0.0176836	0.00342773	0.0104177	0.000372409	0.00154907
151	0.0702735	0.00136713	0.002596	0.0161034	0.0257447	0.0151381	0.026126	0.170568	0.00336402	0.138313	0.0782878	0.0317642	0.00160682	0.00468065	0.00361932	0.158335	0.105831	0.0877183	0.000545274	0.0580171
152	0.00587495	0.000593592	0.000671798	0.00112679	0.0520491	0.00103202	0.00304943	0.15499	0.00762772	0.40401	0.26289	0.00104644	0.000617085	0.018802	0.0013033	0.00223631	0.00645729	0.0729641	0.000297559	0.00236016
153	0.0118376	0.00142534	0.00190441	0.00542612	0.0114281	0.00266193	0.00273596	0.548522	0.00318531	0.0623133	0.161024	0.00326896	0.0033245	0.0097814	0.00416229	0.00898379	0.0113666	0.13639	0.000688592	0.00956927
154	0.00700019	0.00103585	0.00656919	0.24719	0.00162579	0.0129811	0.0234384	0.00267155	0.133746	0.00331158	0.00277025	0.0867428	0.00129454	0.300312	0.110431	0.0262006	0.015007	0.00381252	0.000562731	0.0132966
155	0.17583	0.00349757	0.00151316	0.00275632	0.015372	0.0023836	0.00654359	0.149861	0.00365066	0.207253	0.0672146	0.00422759	0.00604111	0.00795926	0.00669653	0.039344	0.0784035	0.216781	0.000431054	0.00423983
156	0.00255046	0.00289567	0.00369762	0.00819132	0.282778	0.00234033	0.0115386	0.0013041	0.000718784	0.00679761	0.0068182	0.00147327	0.000293104	0.000774053	0.00409565	0.00589415	0.00295974	0.00149254	0.0259892	0.627397
157	0.00709835	0.000638707	0.230416	0.0575087	0.000650195	0.511475	0.00462433	0.0010413	0.0437114	0.00135157	0.00102372	0.0774557	0.000778376	0.0299155	0.00832408	0.0183905	0.00272882	0.00178673	0.000217758	0.000862837
158	0.331073	0.0021189	0.000974441	0.00153456	0.000855707	0.570208	0.00111492	0.00190824	0.00173653	0.00142955	0.00334032	0.0014737	0.013182	0.00143321	0.00505307	0.0500335	0.00225704	0.00874076	0.000322991	0.00120928
159	0.0111489	0.000998385	0.0960051	0.158128	0.00140161	0.0139997	0.0127198	0.0125416	0.164903	0.00527084	0.0126194	0.10715	0.00112606	0.0714848	0.0723951	0.0579728	0.1701	0.0269706	0.000380954	0.00268325
160	0.0350446	0.0492848	0.00272992	0.00351153	0.0131674	0.00277959	0.00283481	0.0638066	0.00388952	0.0270134	0.00376878	0.00312834	0.0158552	0.00356023	0.00341267	0.00608834	0.00589481	0.750395	0.00064347	0.00319089
161	0.00813595	0.00235658	0.00298344	0.0173047	0.10383	0.0030324	0.101121	0.128124	0.00428545	0.0182375	0.0036615	0.0168398	0.00188233	0.00428999	0.00359043	0.00546119	0.103942	0.264283	0.000612676	0.206025
162	0.123246	0.000574176	0.000841141	0.0050602	0.000646457	0.00886848	0.00509656	0.00384331	0.00731657	0.00388416	0.00272219	0.0010836	0.758379	0.00272442	0.0166888	0.0336889	0.00968712	0.0140214	0.000267373	0.00136004
163	0.0702186	0.0193635	0.00502492	0.00659655	0.00633763	0.0174301	0.00484551	0.00580533	0.0142384	0.00777289	0.00479463	0.0100487	0.00471259	0.00640302	0.00849346	0.664537	0.124441	0.0106917	0.00116609	0.00707781
164	0.0775886	0.00296434	0.00371261	0.0110145	0.00287892	0.0102099	0.00609324	0.00779535	0.00876815	0.00894674	0.00641331	0.00517839	0.747579	0.0057945	0.0105036	0.040864	0.0193556	0.0196946	0.000641553	0.00400324
165	0.00906411	0.00559896	0.00135244	0.00155561	0.000784412	0.00974379	0.00106386	0.00123667	0.0124111	0.00147933	0.00134827	0.00154901	0.000691955	0.00129844	0.00122325	0.695443	0.250525	0.00233047	0.000311042	0.000989463
166	0.0230691	0.000984515	0.266083	0.234765	0.00134367	0.00258148	0.00202656	0.00248833	0.0307997	0.0207413	0.0607683	0.142416	0.0175616	0.0197552	0.020302	0.0226941	0.117118	0.00328984	0.000449138	0.0107632
167	0.0328427	0.0124019	0.0671416	0.166188	0.0262235	0.00141101	0.0476284	0.0414414	0.0543149	0.175019	0.0291753	0.0197733	0.000983973	0.0552996	0.0756893	0.019563	0.0516009	0.0888269	0.000289934	0.0341855
168	0.0937603	0.0180374	0.0194678	0.0303555	0.0097055	0.0216725	0.0143061	0.027779	0.0305059	0.0368835	0.0171129	0.0304683	0.0152754	0.0148283	0.0214927	0.157102	0.346889	0.0776529	0.00247796	0.0142272
169	0.162327	0.000667483	0.0474408	0.3503	0.000964523	0.0192621	0.00361284	0.00131777	0.10412	0.00178268	0.00171687	0.0760414	0.0301959	0.0559031	0.0571116	0.0705168	0.0124968	0.00250406	0.000473341	0.00124566
170	0.206722	0.0153068	0.00191864	0.00331977	0.131203	0.0045036	0.00250886	0.0854374	0.00358612	0.00431756	0.0040627	0.00338621	0.00185376	0.00279314	0.00276779	0.237619	0.111005	0.146471	0.00104159	0.0301773
171	0.0407048	0.00104348	0.00639356	0.0036083	0.000643761	0.900714	0.00132682	0.00241041	0.00253816	0.0023283	0.00158328	0.00400237	0.00559325	0.0024994	0.00196551	0.0103642	0.00570315	0.00331448	0.00139733	0.00186535
172	0.0282092	0.000621022	0.0125774	0.0700251	0.000927119	0.0150214	0.00768624	0.00133646	0.381686	0.00163918	0.0223465	0.00683837	0.000954717	0.137364	0.291906	0.0153204	0.00193939	0.00228624	0.000366081	0.000948887
173	0.0420548	0.000809922	0.0228042	0.0893773	0.000585565	0.0230545	0.00634092	0.00105956	0.392387	0.00206227	0.0318206	0.00841227	0.000605814	0.11753	0.228185	0.0239881	0.00604193	0.00201822	0.000210294	0.000651345
174	0.0781211	0.00359206	0.00110121	0.00412517	0.0969813	0.00107211	0.0073789	0.25292	0.00352894	0.101956	0.149011	0.00646246	0.000693518	0.00203011	0.00297786	0.00501575	0.0238772	0.23305	0.000900521	0.0252043
175	0.018494	0.0041372	0.000961708	0.00453331	0.0820324	0.00135434	0.0238388	0.0716398	0.0112263	0.54529	0.0400012	0.0448947	0.000785786	0.0225587	0.0110783	0.00339074	0.00274343	0.0408792	0.0106181	0.0595422
176	0.208899	0.000494235	0.0309581	0.357767	0.000756299	0.0317065	0.00371992	0.00101182	0.109411	0.00130201	0.00105785	0.0208934	0.0384882	0.0395962	0.0525772	0.0769026	0.0219132	0.00168026	0.000165064	0.000700382
177	0.0893026	0.00028486	0.038305	0.220236	0.000375418	0.0105486	0.0151059	0.0195377	0.231276	0.0455147	0.0209728	0.0219461	0.00170477	0.0791726	0.130693	0.0265282	0.0250281	0.0196398	0.00150955	0.00231848
178	0.0161488	0.00117543	0.363541	0.0317632	0.0382481	0.00448568	0.091203	0.00238461	0.0132101	0.00560988	0.0135285	0.265855	0.0110084	0.0354358	0.00276217	0.0254815	0.029019	0.00341014	0.000474139	0.045255
179	0.0809094	0.000390906	0.00335896	0.0127941	0.00077379	0.0115294	0.0046279	0.00508602	0.00934332	0.00503657	0.0032423	0.00212841	0.77436	0.00323591	0.00814239	0.0473385	0.0123556	0.013972	0.00017222	0.00120209
180	0.0276211	0.000572578	0.36208	0.101147	0.000780772	0.0964638	0.014204	0.00135633	0.025796	0.00171287	0.00616651	0.168221	0.00625342	0.0157141	0.0117854	0.0859297	0.0712334	0.00160252	0.000266495	0.00109208
181	0.0283466	0.181658	0.0254686	0.00460331	0.00282784	0.00467471	0.188033	0.00937983	0.00518524	0.00539172	0.0231935	0.202392	0.00256711	0.00466557	0.00432383	0.0614263	0.21664	0.00615644	0.000938074	0.0221281
182	0.0283854	0.00204442	0.00324885	0.00543327	0.00247095	0.046297	0.00458731	0.00406424	0.0322164	0.0234316	0.0214716	0.0835949	0.394288	0.0385632	0.0219176	0.0763993	0.199802	0.00779678	0.000801132	0.00318642
183	0.0333364	0.000857568	0.00505536	0.00208536	0.000590717	0.93477	0.000684493	0.00172388	0.00144828	0.00159686	0.00117432	0.00233261	0.000606146	0.00124434	0.00178056	0.00462478	0.00357035	0.00170953	0.000132221	0.000676517
184	0.0275445	0.0122386	0.00147726	0.00246138	0.000863278	0.0161263	0.00128084	0.00182705	0.0107969	0.00296483	0.00200826	0.00285957	0.000733451	0.00136327	0.00158944	0.711555	0.195775	0.00450581	0.000579641	0.00144956
185	0.0306793	0.00872924	0.00492178	0.0108017	0.0464458	0.003951	0.0113179	0.0923342	0.0134613	0.500833	0.099942	0.0120886	0.00627825	0.01877	0.0137805	0.0116451	0.0197794	0.0711294	0.00557622	0.017536
186	0.0852843	0.00138843	0.000564032	0.000950874	0.000430423	0.884923	0.000515361	0.00198916	0.000905979	0.00101829	0.00132003	0.000907565	0.00227493	0.00116436	0.00177543	0.00662006	0.00344728	0.00340548	0.000349401	0.000765153
187	0.0360206	0.0196504	0.000629461	0.000986032	0.00490481	0.00384485	0.00589427	0.138447	0.0010339	0.519355	0.100459	0.000836943	0.0048949	0.00408982	0.000792399	0.00847537	0.0326156	0.115725	0.00018738	0.00115663
188	0.570433	0.0101228	0.00284607	0.00680005	0.00240233	0.241988	0.00311208	0.00612454	0.00676738	0.0049545	0.00843541	0.00557527	0.0176781	0.00686783	0.00426305	0.0539825	0.0125157	0.0283414	0.00167073	0.00511899
189	0.0104221	0.000905084	0.00119398	0.00456455	0.0157339	0.000985222	0.00127017	0.591999	0.00276765	0.0540767	0.0448086	0.00154827	0.00386546	0.00254585	0.00162053	0.00320055	0.0104823	0.237716	0.000394845	0.00989953
