213	20
1	0.0258195	0.00751088	0.000526002	0.000423436	0.0301941	0.00147413	0.000863626	0.32144	0.00116686	0.304	0.0450726	0.00153887	0.00212022	0.000608758	0.00145347	0.00192734	0.0197451	0.225442	0.000652205	0.00802043
2	0.603095	0.0296416	0.00209618	0.00952759	0.00466079	0.0609391	0.00194197	0.0397012	0.0015632	0.0203742	0.0168645	0.00534119	0.00624955	0.00246068	0.00999814	0.0606718	0.0309446	0.0904156	0.000812956	0.00270059
3	0.0690728	0.00258025	0.048072	0.0779293	0.00689395	0.0165186	0.024858	0.0115104	0.245251	0.0317257	0.0123542	0.0256436	0.0151747	0.108012	0.178694	0.0664445	0.0280234	0.0249055	0.000847235	0.00548877
4	0.319852	0.0484562	0.00180816	0.00283758	0.0109845	0.0144686	0.00943736	0.0259744	0.0114483	0.0208671	0.00953249	0.0204115	0.0109275	0.00978271	0.0159773	0.164672	0.175438	0.104551	0.000702361	0.0218703
5	0.0338156	0.013742	0.00116838	0.00120399	0.0865346	0.00696629	0.00199847	0.190321	0.00878194	0.398076	0.0530485	0.00403209	0.00414619	0.00352598	0.00153939	0.00535345	0.0154554	0.159123	0.00184894	0.00931911
6	0.072247	0.00260714	0.0356427	0.0543561	0.00565293	0.0143523	0.0356357	0.0128752	0.281899	0.0266768	0.0112684	0.0235231	0.0172029	0.102459	0.168049	0.0614732	0.0285564	0.0358846	0.00111172	0.00852699
7	0.0327411	0.0135478	0.00044719	0.000977075	0.0228572	0.00493023	0.00110393	0.295688	0.00150673	0.262204	0.0460259	0.00106319	0.00257466	0.000708582	0.00103702	0.00464983	0.0248567	0.279162	0.000180438	0.0037389
8	0.0166735	0.00646501	0.00360914	0.00304485	0.578864	0.0107963	0.0296642	0.00549667	0.00331441	0.0494363	0.0144917	0.0199783	0.00273371	0.0186567	0.00366843	0.0210291	0.00599543	0.00977346	0.00438847	0.19192
9	0.221401	0.0219843	0.00801879	0.00865666	0.0178574	0.238361	0.00598253	0.0202165	0.00519015	0.0152681	0.00700895	0.0439769	0.0117942	0.00593658	0.00736733	0.172764	0.0991892	0.0795995	0.0012782	0.00814895
10	0.0200828	0.00988292	0.000358401	0.00042048	0.0313582	0.00123159	0.000579121	0.277075	0.00256224	0.372863	0.0396793	0.000954463	0.00296045	0.00105674	0.00125417	0.00267552	0.012631	0.219684	0.000165406	0.00252539
11	0.0772202	0.127555	0.0226441	0.0276551	0.00750434	0.0190991	0.0546006	0.0517893	0.00608461	0.0375104	0.0315561	0.00602637	0.113691	0.00868917	0.00524336	0.125023	0.110969	0.156809	0.00214794	0.0081822
12	0.0600459	0.00366416	0.0742931	0.025553	0.00478042	0.552467	0.0181364	0.00344633	0.015091	0.00747542	0.00207297	0.0748277	0.00892087	0.0185711	0.0134137	0.0758646	0.024412	0.0114792	0.000861897	0.0046236
13	0.0785469	0.0127647	0.0355916	0.00958157	0.0851601	0.131105	0.0382856	0.183266	0.00743443	0.0684175	0.0218892	0.0465558	0.00836852	0.00862773	0.00878207	0.0740471	0.0360775	0.0933295	0.00674723	0.0454214
14	0.0633902	0.0216032	0.0254874	0.0206836	0.0230877	0.0254653	0.188037	0.0355162	0.0218014	0.031074	0.0207082	0.0277391	0.10108	0.134878	0.0414961	0.049635	0.0973033	0.0472266	0.00483566	0.0189522
15	0.016543	0.00221052	0.00273152	0.000534172	0.0237353	0.00113711	0.00298942	0.475313	0.000524348	0.0729761	0.0114753	0.00206688	0.00278277	0.000567644	0.000706861	0.00148866	0.0141874	0.340812	0.00130098	0.0259171
16	0.0664039	0.00822212	0.0338299	0.0650658	0.0442037	0.00980544	0.00695736	0.152308	0.00850403	0.0243453	0.0990834	0.0634261	0.00671436	0.00480338	0.00867046	0.081627	0.134314	0.137602	0.0219934	0.0221203
17	0.110733	0.00504059	0.15628	0.0802694	0.00551657	0.0655601	0.0305881	0.00749524	0.0182283	0.0147143	0.00488058	0.0560097	0.198795	0.0581435	0.0194977	0.129327	0.0179746	0.0134161	0.00174011	0.00578966
18	0.0193919	0.0088724	0.000797843	0.000343287	0.0655948	0.000793213	0.00148191	0.27357	0.0017547	0.330598	0.0387803	0.00228527	0.00229588	0.000981652	0.00149642	0.00194466	0.0161943	0.217071	0.00256882	0.0131827
19	0.169873	0.0628137	0.00442178	0.0341689	0.0128733	0.144277	0.00668474	0.0132973	0.00509406	0.203822	0.0110916	0.0336572	0.00757117	0.00617028	0.00593365	0.0449648	0.0453934	0.049662	0.0288923	0.109338
20	0.0178889	0.0138816	0.00187237	0.00196315	0.0244598	0.00426724	0.0024602	0.48543	0.00189601	0.136285	0.110237	0.0219482	0.00308769	0.00203791	0.0020949	0.00472377	0.00962112	0.145185	0.00121476	0.00944526
21	0.0564329	0.00809899	0.0416816	0.0567594	0.00500627	0.0223318	0.0366022	0.0100604	0.223694	0.0187907	0.00978976	0.0159686	0.0223956	0.0777258	0.301103	0.0445109	0.0208131	0.0216198	0.000976445	0.00563928
22	0.0246836	0.00739873	0.00276923	0.000664456	0.141306	0.00216436	0.00525194	0.249592	0.000777311	0.203699	0.032569	0.0087708	0.000810072	0.000840973	0.00259746	0.00197189	0.0327396	0.220244	0.00977306	0.0513772
23	0.0163841	0.00198016	0.00297728	0.000584945	0.0241846	0.00117609	0.00319748	0.476805	0.000517937	0.0633915	0.00983963	0.00208054	0.00282696	0.000580047	0.000664946	0.00160121	0.0142378	0.347788	0.00132757	0.0278546
24	0.159572	0.00785197	0.0996792	0.025159	0.00585076	0.252647	0.0243673	0.00586853	0.019954	0.0124342	0.00391546	0.0531989	0.0721531	0.0252503	0.0169968	0.164994	0.0276752	0.0160017	0.00103773	0.0053939
25	0.0453409	0.0602518	0.00239917	0.00354143	0.222126	0.00928742	0.00351917	0.0258122	0.00238166	0.0108712	0.0562361	0.00396314	0.0046305	0.00364357	0.00310663	0.00817383	0.164693	0.33454	0.0164579	0.0190254
26	0.0576775	0.010662	0.0373156	0.0496255	0.00721184	0.0246149	0.0515615	0.0132333	0.194188	0.021733	0.0100778	0.0170273	0.0304825	0.0679316	0.301866	0.0430434	0.0237722	0.0268791	0.00223782	0.00886001
27	0.0413122	0.00846055	0.160767	0.0389657	0.0107923	0.0683468	0.1443	0.0047039	0.0169234	0.0124181	0.00456929	0.201016	0.00964547	0.0533119	0.0294518	0.11136	0.0547188	0.0108738	0.000944833	0.0171181
28	0.0462364	0.00889736	0.1513	0.379259	0.0141897	0.032277	0.0231343	0.028199	0.0348208	0.0203023	0.0122438	0.0325304	0.0172204	0.0643689	0.0278626	0.0336933	0.0232992	0.0360586	0.00396983	0.0101379
29	0.617388	0.0498071	0.00114687	0.00231716	0.00570242	0.0239935	0.00327536	0.0134014	0.00328886	0.0122197	0.00392215	0.0134667	0.0113468	0.00307433	0.00486513	0.105406	0.0749983	0.0442298	0.000647639	0.00550268
30	0.266043	0.0553248	0.00383357	0.00414647	0.00638511	0.101792	0.00302277	0.0301098	0.00231641	0.0130785	0.0209798	0.00550266	0.00391676	0.00513334	0.00538921	0.135031	0.0618133	0.270978	0.00134667	0.00385613
31	0.0239213	0.00896733	0.00704931	0.00203602	0.287171	0.0239871	0.0944802	0.00413217	0.00228338	0.0384314	0.028436	0.0508284	0.00243233	0.0409781	0.00238552	0.0362779	0.00455532	0.00682947	0.00414604	0.330672
32	0.31917	0.0221165	0.00691427	0.00994967	0.0264164	0.0251807	0.00846358	0.0546159	0.00647381	0.0671128	0.191794	0.0101629	0.0141178	0.0100086	0.00846416	0.0562081	0.0319934	0.0483641	0.00813119	0.0743415
33	0.686373	0.0390775	0.00132754	0.00252267	0.00452205	0.0340226	0.00151569	0.010543	0.00140782	0.0129182	0.00312768	0.00828445	0.0147431	0.00151977	0.00258411	0.109515	0.030117	0.0332999	0.000374055	0.00220577
34	0.0842632	0.00822408	0.173975	0.0577407	0.00488927	0.136275	0.0444183	0.00321488	0.0131244	0.0142355	0.00175982	0.141126	0.00958134	0.0406036	0.0281293	0.147894	0.0676134	0.0121011	0.000863852	0.00996691
35	0.392604	0.0148629	0.00448862	0.00616095	0.00957458	0.162039	0.00257899	0.11409	0.00386919	0.0507597	0.0358885	0.00376691	0.00659884	0.010038	0.00854133	0.0472089	0.0173128	0.103069	0.00109042	0.00545733
36	0.0758547	0.0241001	0.0224919	0.0233971	0.0122385	0.00750713	0.0370715	0.101408	0.00421569	0.0140379	0.101099	0.0110935	0.00453774	0.00371761	0.00549933	0.0653827	0.0905846	0.14776	0.091701	0.156303
37	0.274843	0.0237843	0.00775704	0.0077586	0.022995	0.245421	0.00414389	0.00900632	0.0045945	0.00942969	0.00564503	0.0173635	0.0162691	0.00614901	0.0070929	0.21592	0.0704398	0.0458969	0.000863082	0.0046285
38	0.0277822	0.00988519	0.00482743	0.0387218	0.185979	0.0134766	0.013045	0.0156795	0.0682703	0.0222678	0.0120308	0.0107967	0.00803031	0.038001	0.145438	0.0173836	0.0159714	0.053389	0.00558275	0.293442
39	0.088121	0.0103995	0.00214923	0.00250078	0.0248771	0.00867693	0.00284551	0.221663	0.00403763	0.227784	0.180489	0.0075027	0.00487761	0.00331214	0.00293844	0.0187487	0.0119473	0.130296	0.00151521	0.0453177
40	0.0447472	0.0130375	0.00295343	0.00343142	0.0123276	0.00979654	0.00377128	0.125028	0.00314586	0.11656	0.0153832	0.00507958	0.403686	0.00977776	0.00392231	0.0128772	0.0346694	0.17328	0.00122722	0.00529765
41	0.189743	0.00455622	0.00761743	0.0113543	0.00553534	0.624648	0.00627183	0.00408288	0.00226764	0.00500406	0.00399291	0.0106009	0.0164219	0.00274887	0.00385336	0.0726276	0.0117745	0.0133095	0.000520202	0.00306969
42	0.0723405	0.0297185	0.000476031	0.00052866	0.00392315	0.00473233	0.000681435	0.183834	0.00321869	0.0248896	0.010744	0.00260851	0.000705086	0.00158428	0.000544804	0.00786071	0.0192984	0.631225	0.000272426	0.000813611
43	0.178405	0.263725	0.00503236	0.00730884	0.0830845	0.0422569	0.00723467	0.0220404	0.0059807	0.150996	0.0128867	0.00815108	0.00811153	0.00879276	0.00600842	0.0169696	0.0207106	0.137547	0.00413161	0.0106258
44	0.0449788	0.029546	0.0007308	0.00252133	0.0311873	0.0156943	0.00290852	0.19788	0.00274082	0.22212	0.0352389	0.00118403	0.00427933	0.000934216	0.000896087	0.0124615	0.0566902	0.335856	0.000267241	0.00188492
45	0.0468835	0.0409173	0.00112383	0.00286588	0.0432584	0.0238048	0.00350906	0.154136	0.00272245	0.15618	0.0236252	0.00456903	0.00965196	0.00299832	0.0015464	0.0210254	0.0880553	0.369182	0.00126393	0.00268092
46	0.0647789	0.0264765	0.00795531	0.010229	0.023804	0.0642485	0.0120198	0.0705934	0.00885112	0.0424853	0.0687476	0.0149699	0.067941	0.0119661	0.0094616	0.0534505	0.298154	0.126978	0.00649538	0.010394
47	0.286251	0.00625064	0.0167533	0.0133941	0.007309	0.28118	0.00675016	0.0085346	0.00993692	0.0155694	0.00773272	0.0169418	0.141043	0.00737955	0.0167639	0.119471	0.0170873	0.0130253	0.00132777	0.00729817
48	0.117304	0.00547452	0.0142498	0.0140664	0.00572298	0.65544	0.00546002	0.00452375	0.00431379	0.00505309	0.00324414	0.0207365	0.0137774	0.00539144	0.00576588	0.0834327	0.0181484	0.0148845	0.000579084	0.00243118
49	0.115734	0.00700501	0.0208633	0.00851344	0.00383324	0.044889	0.00576048	0.00529184	0.010402	0.0166912	0.00415604	0.0346792	0.512227	0.00676016	0.00837083	0.117176	0.0284885	0.0262814	0.00121533	0.0216624
50	0.0734874	0.00592039	0.0679647	0.0244285	0.0047922	0.517058	0.018119	0.00361155	0.0153797	0.00709884	0.00203049	0.0675766	0.0184706	0.0242812	0.0158893	0.0933311	0.0240956	0.0112273	0.000698475	0.00453871
51	0.0268101	0.0102754	0.00285298	0.000850681	0.128016	0.00309111	0.0056408	0.235326	0.00096719	0.208316	0.0302531	0.00677409	0.00111754	0.000741611	0.0027629	0.00279821	0.0372067	0.242357	0.0085629	0.0452798
52	0.0480412	0.0309641	0.000929649	0.00267934	0.0338802	0.0163742	0.00334162	0.190115	0.00294752	0.212917	0.0309781	0.00158189	0.00444893	0.00133397	0.00110195	0.0131239	0.0768681	0.325364	0.000455011	0.00255362
53	0.0395384	0.00873944	0.174595	0.048942	0.00384559	0.0581238	0.0651821	0.0034431	0.0116213	0.00960861	0.00190555	0.351312	0.0086119	0.036236	0.0190472	0.0905374	0.0510404	0.00897866	0.000717014	0.00797439
54	0.334787	0.0682335	0.00380914	0.00426662	0.00909744	0.133555	0.00366999	0.0346934	0.00359877	0.0107952	0.00832425	0.00682883	0.00484668	0.0038332	0.00475517	0.0472052	0.168916	0.142349	0.00209954	0.00433521
55	0.0251857	0.00725643	0.000492085	0.000389286	0.0342967	0.00132338	0.000672859	0.336598	0.000997335	0.289358	0.0543748	0.0033283	0.00185326	0.000624085	0.00138803	0.00156167	0.0168681	0.211752	0.000904913	0.0107752
56	0.25085	0.0200048	0.00286787	0.030127	0.0100377	0.122504	0.00820775	0.0155246	0.0102548	0.0238569	0.01841	0.0113441	0.122871	0.0040086	0.00348903	0.142659	0.123198	0.0611006	0.00138749	0.0172962
57	0.366085	0.00688229	0.00181749	0.00585461	0.00792395	0.412681	0.00353733	0.0072107	0.00209315	0.011001	0.0072697	0.00395821	0.0552684	0.00157311	0.00583215	0.0766639	0.00876406	0.00840508	0.000930991	0.00624866
58	0.0237453	0.00643611	0.000243816	0.000320827	0.0246744	0.000780961	0.000309266	0.331512	0.00114206	0.316251	0.0472278	0.00106569	0.00223195	0.000632106	0.0013094	0.00160295	0.0146474	0.221556	0.000128178	0.00418282
59	0.257631	0.0398895	0.00654932	0.0203585	0.017836	0.037189	0.0238427	0.0205427	0.0197396	0.068126	0.032242	0.00885765	0.0505302	0.0194413	0.00713898	0.128483	0.135683	0.0768395	0.00218186	0.0268985
60	0.0491745	0.0156746	0.12772	0.0476733	0.00536138	0.058272	0.0731978	0.00637656	0.00711483	0.0127788	0.00355574	0.342327	0.00739812	0.0380805	0.0160833	0.104983	0.0604611	0.012774	0.00128789	0.00970515
61	0.72169	0.0370311	0.000546182	0.00177602	0.00381348	0.0291503	0.000814353	0.0101185	0.000619727	0.0130457	0.00233578	0.00778181	0.0125866	0.00114728	0.00173384	0.10213	0.0234791	0.0289282	0.000333318	0.000938612
62	0.0312166	0.0122769	0.010996	0.0236481	0.117234	0.0153026	0.0408262	0.0163653	0.0227024	0.0505556	0.057344	0.0409398	0.00295634	0.250373	0.036532	0.0414389	0.126928	0.00970644	0.0483832	0.0442748
63	0.104729	0.00292976	0.0408413	0.0135048	0.00253907	0.0696939	0.00792451	0.00336948	0.0139222	0.011779	0.00249311	0.0510313	0.507553	0.011758	0.0115462	0.111434	0.0136614	0.00742596	0.00100254	0.0108622
64	0.0181836	0.011055	0.000947492	0.001352	0.0209347	0.00275283	0.00170975	0.159839	0.00219658	0.375032	0.0675846	0.00740736	0.00331486	0.00230028	0.00157937	0.00595844	0.028601	0.285747	0.0007276	0.00277627
65	0.018747	0.0107257	0.000268222	0.000346968	0.0336339	0.000674693	0.000368708	0.256418	0.0031122	0.399582	0.0406472	0.00108818	0.00305713	0.00130531	0.00112488	0.00271744	0.0108537	0.213037	0.000133229	0.0021581
66	0.0197718	0.0192954	0.000417628	0.000653564	0.0420746	0.00210434	0.000846594	0.207493	0.00289779	0.396917	0.0447018	0.00155899	0.0035447	0.00268472	0.000956765	0.00393737	0.0169829	0.231201	0.000184592	0.00177458
67	0.0206569	0.0060894	0.000232603	0.000290197	0.0259407	0.000618042	0.000303899	0.328445	0.00141277	0.333918	0.0419588	0.00101606	0.00239488	0.00065174	0.00156847	0.00167991	0.0120507	0.217307	0.000121686	0.00334364
68	0.251411	0.0367598	0.00668356	0.0042719	0.0162005	0.194952	0.00335518	0.0119728	0.00323016	0.00762816	0.00609051	0.0151893	0.00569262	0.00681897	0.00779132	0.235454	0.0770708	0.104975	0.000858563	0.00359407
69	0.120967	0.0120317	0.0102082	0.01095	0.00872404	0.583667	0.00444253	0.0094335	0.00440196	0.00703182	0.00407485	0.0165387	0.0108217	0.00530452	0.00612329	0.111238	0.0341319	0.0364663	0.00051586	0.00292806
70	0.219369	0.0460902	0.0334857	0.014453	0.0108554	0.184826	0.00744414	0.0135187	0.0115241	0.0137762	0.00617639	0.0227923	0.00759537	0.0325055	0.0431625	0.214653	0.0579348	0.052649	0.00106689	0.00612131
71	0.219123	0.0640055	0.00509262	0.0268057	0.0078656	0.0460747	0.0223859	0.0228808	0.0145011	0.024745	0.0230555	0.00573987	0.0890596	0.00692028	0.00445777	0.186499	0.154926	0.0622578	0.00103768	0.0125665
72	0.122326	0.041399	0.00542881	0.0378672	0.0103805	0.0146302	0.0480715	0.0738946	0.0118558	0.019514	0.0108905	0.00799712	0.0752456	0.0809594	0.18989	0.0296941	0.133603	0.0746954	0.00320456	0.00845307
73	0.100209	0.00474571	0.0530895	0.0379252	0.00422887	0.0524625	0.0257894	0.00765326	0.129825	0.0196206	0.00614572	0.0298499	0.191914	0.0623197	0.122726	0.107434	0.0181643	0.018556	0.000791907	0.00654887
74	0.1194	0.00782341	0.0111802	0.0119776	0.00728358	0.668243	0.00554087	0.00977372	0.00545487	0.00804452	0.00469553	0.014701	0.0114314	0.00539515	0.00768555	0.0681004	0.013988	0.0150551	0.00106078	0.00316542
75	0.168893	0.0265946	0.00342349	0.00454688	0.00541245	0.0408207	0.00725748	0.0124392	0.00307142	0.0271806	0.00678964	0.00801874	0.33734	0.00496216	0.00317691	0.0769869	0.0636216	0.184086	0.00121415	0.0141646
76	0.211636	0.0492289	0.00359495	0.00271901	0.00635196	0.0608646	0.00337688	0.0181258	0.00351555	0.00884621	0.00872832	0.00541457	0.0037995	0.00503499	0.00485177	0.112663	0.141557	0.343762	0.000999825	0.00492861
77	0.0298096	0.0104575	0.00505835	0.00781523	0.290479	0.0200797	0.0732935	0.00902887	0.00327515	0.0948489	0.0266606	0.0427061	0.00390811	0.0271036	0.00548502	0.0356522	0.00915305	0.0137671	0.0182623	0.273156
78	0.0204569	0.00602404	0.000256163	0.000260848	0.0259473	0.000585075	0.00031898	0.32632	0.00146598	0.335927	0.0405008	0.000950335	0.00243018	0.000653855	0.00148264	0.00168643	0.0118411	0.219333	0.000140727	0.00341863
79	0.0445909	0.00515806	0.242424	0.319148	0.00564021	0.0473672	0.0346278	0.0162503	0.00739216	0.0112408	0.00412482	0.0812265	0.0197767	0.0432655	0.0116921	0.0500016	0.0255739	0.023393	0.00146635	0.00564007
80	0.0217885	0.0152973	0.00070962	0.000523869	0.0766962	0.00230408	0.00113169	0.239372	0.0033484	0.368333	0.0488366	0.00286115	0.00306728	0.00155562	0.00106227	0.00285754	0.0122449	0.186637	0.00177875	0.00959369
81	0.10714	0.00414373	0.0253217	0.00754219	0.0026214	0.0391418	0.00450565	0.00384689	0.0108969	0.0143818	0.00293704	0.039415	0.557172	0.00728813	0.00836965	0.104578	0.0219604	0.0192335	0.0009955	0.018509
82	0.227728	0.0104534	0.0186459	0.00374607	0.00948516	0.14631	0.00312345	0.126421	0.00446139	0.11509	0.0336332	0.00405242	0.0184199	0.029861	0.0155298	0.0972273	0.0346023	0.0942103	0.00105616	0.00594411
83	0.02837	0.00288543	0.533139	0.0389045	0.00346616	0.028019	0.0297877	0.0033925	0.0147157	0.00745044	0.00205569	0.151311	0.0207953	0.0116502	0.020769	0.0508053	0.0364858	0.0111321	0.000763084	0.00410185
84	0.0288957	0.0112232	0.00335128	0.000962729	0.112781	0.00423068	0.00589493	0.234247	0.00117851	0.2126	0.0304408	0.00614089	0.00133137	0.000762265	0.00319843	0.00338276	0.0426888	0.248063	0.00760133	0.0410257
85	0.0196248	0.0117549	0.000315232	0.000369419	0.0368715	0.00073745	0.000412011	0.245888	0.00301494	0.408478	0.0425049	0.00112557	0.00311091	0.00139542	0.00101177	0.0032362	0.0110134	0.206362	0.000218588	0.00255443
86	0.0477641	0.0305119	0.000851557	0.00294061	0.0328858	0.0188707	0.00314026	0.19885	0.00292979	0.201318	0.0301202	0.00114932	0.00452858	0.000941001	0.00094651	0.0139197	0.06205	0.343969	0.000317114	0.00199534
87	0.104098	0.00904273	0.0120132	0.0105876	0.00854378	0.602545	0.0049083	0.00588637	0.0041241	0.00582281	0.00397142	0.0189227	0.00994468	0.00533352	0.0048278	0.123642	0.0341349	0.0282025	0.000908813	0.00253985
88	0.0223488	0.00687536	0.014058	0.016759	0.00899327	0.101363	0.00656759	0.0110706	0.0968254	0.0487333	0.0298421	0.107443	0.0500933	0.0101328	0.0516989	0.181465	0.177091	0.0440808	0.00732787	0.00723077
89	0.0760725	0.00885669	0.139299	0.0551996	0.00964953	0.166863	0.0463433	0.00800746	0.0214939	0.0405825	0.00520096	0.134476	0.0126102	0.0631295	0.0250664	0.109053	0.0458146	0.0170763	0.00261286	0.012593
90	0.643696	0.0350927	0.000920659	0.0026329	0.00751442	0.0245476	0.00205734	0.0191033	0.00194324	0.0195274	0.00392998	0.0111976	0.0122401	0.00195012	0.00402664	0.105228	0.045738	0.0544338	0.000338987	0.00388102
91	0.154696	0.0134764	0.00187756	0.00239892	0.0681218	0.0365776	0.0308553	0.0633919	0.0017336	0.0952031	0.0273658	0.0141638	0.00562974	0.00190402	0.0259149	0.100545	0.217099	0.0521941	0.033463	0.0533883
92	0.13035	0.0106349	0.00297091	0.0032455	0.128512	0.0188266	0.0174927	0.0373154	0.00255277	0.144276	0.0465831	0.0252356	0.0167158	0.0040266	0.021144	0.0905634	0.0906776	0.0220624	0.0730238	0.11379
93	0.14229	0.0143755	0.00180185	0.00206009	0.0730247	0.0326429	0.0302729	0.0672495	0.00160795	0.0999478	0.0253463	0.0143761	0.00494526	0.00166889	0.0243853	0.0997767	0.229374	0.047339	0.0337006	0.0538143
94	0.0293424	0.00276401	0.0606657	0.00957997	0.00310045	0.22696	0.0182793	0.00374553	0.198121	0.00521095	0.0028364	0.202033	0.00980191	0.0973448	0.0800788	0.0285477	0.00447485	0.0058285	0.000810501	0.0104745
95	0.0243184	0.00712305	0.000307691	0.000367973	0.0260389	0.00105042	0.000448233	0.328709	0.00121449	0.313547	0.0465515	0.00102617	0.00218967	0.000636805	0.00136304	0.00178233	0.015325	0.223196	0.000163464	0.00464122
96	0.0719524	0.0123088	0.0133421	0.0107744	0.00969812	0.0245803	0.0127127	0.0384447	0.0106217	0.0335497	0.0148696	0.0177884	0.47884	0.0403616	0.012572	0.0478078	0.037879	0.0965988	0.00323713	0.0120606
97	0.045647	0.0593163	0.00265896	0.0037421	0.211958	0.00957762	0.00390191	0.0297839	0.00245834	0.01149	0.055583	0.00437214	0.00491921	0.00356002	0.00322439	0.00941729	0.170025	0.327432	0.0189348	0.0219968
98	0.0528182	0.0445865	0.0017928	0.00208923	0.356056	0.00401003	0.00233068	0.017569	0.00235992	0.26089	0.0338192	0.00257014	0.00261353	0.0244783	0.00220743	0.00959315	0.0270622	0.102321	0.00185488	0.0489776
99	0.220971	0.0413613	0.0217795	0.0125137	0.0119227	0.0201536	0.0311905	0.0165565	0.00929737	0.0806969	0.0688455	0.00642636	0.0810794	0.0283716	0.00574281	0.0959392	0.164703	0.0441559	0.00259797	0.0356947
100	0.0252492	0.0081803	0.00349225	0.0135065	0.00859005	0.0909363	0.00501878	0.0124536	0.0521693	0.0457412	0.0600394	0.0888134	0.0497363	0.00503332	0.0228112	0.230664	0.188133	0.0752972	0.00773231	0.00640225
101	0.0535895	0.00872049	0.0182252	0.0546967	0.0100697	0.124555	0.00827527	0.0137053	0.0265664	0.0517362	0.0212143	0.0913506	0.115452	0.00888289	0.0175607	0.184025	0.120185	0.0370846	0.0251423	0.00896284
102	0.0562504	0.0113365	0.00827675	0.0356288	0.0738763	0.0360687	0.0198979	0.0226484	0.0344733	0.111065	0.197782	0.0174293	0.00761659	0.11248	0.0414167	0.0689362	0.0397382	0.023199	0.0153548	0.0665244
103	0.419365	0.00966607	0.00121164	0.00349771	0.010369	0.381911	0.00319231	0.00486638	0.00134357	0.00886876	0.00699511	0.00216513	0.032253	0.00135905	0.00353613	0.0863906	0.00787049	0.00672509	0.000666717	0.00774728
104	0.0648388	0.00477123	0.0442964	0.0621673	0.00582083	0.0190231	0.0303218	0.0105783	0.242173	0.0245798	0.012808	0.0211118	0.0183226	0.0934706	0.231492	0.0577255	0.0248332	0.0248251	0.000919808	0.00592041
105	0.104421	0.00860409	0.0144225	0.0125097	0.00865504	0.619323	0.00535735	0.00559244	0.00478235	0.00630605	0.00424788	0.0209612	0.0108686	0.00586539	0.00661304	0.103122	0.0321062	0.0222094	0.00129096	0.00274216
106	0.0451524	0.0309747	0.000702776	0.00264066	0.0305883	0.0173373	0.00331114	0.189137	0.00290079	0.214902	0.0318939	0.00130129	0.00499992	0.00100147	0.000820679	0.0141682	0.0607506	0.345744	0.000268371	0.00140391
107	0.0210473	0.010871	0.000267973	0.000381801	0.033473	0.000881216	0.000363132	0.254348	0.00275424	0.394661	0.0444032	0.00105805	0.00290599	0.00127019	0.000998198	0.00293091	0.0118529	0.212965	0.000127179	0.00244024
108	0.114792	0.0031326	0.0546726	0.0230775	0.00287905	0.0773878	0.010714	0.00388	0.0235109	0.0190356	0.00267486	0.0443565	0.387741	0.0191476	0.0215713	0.159224	0.0130052	0.00836157	0.0014821	0.00935372
109	0.0766836	0.00300494	0.0763034	0.0585286	0.00573145	0.0187929	0.0263533	0.0107368	0.219333	0.0277882	0.00966264	0.0260042	0.052204	0.0950071	0.152646	0.0775419	0.0281399	0.0285781	0.000902556	0.00605776
110	0.0499858	0.0053141	0.212462	0.0633294	0.00683848	0.108984	0.0413704	0.0025008	0.0190339	0.0182857	0.00160183	0.172752	0.00801573	0.0282835	0.0296175	0.139779	0.0678938	0.011929	0.000767314	0.0112549
111	0.725953	0.0370457	0.000487255	0.00174438	0.00364873	0.027427	0.000712203	0.00950752	0.000552353	0.0125529	0.00202277	0.00779013	0.0124987	0.000753654	0.0015953	0.102063	0.0235528	0.0289402	0.000284244	0.000867935
112	0.0340539	0.00410657	0.46917	0.0748309	0.00565379	0.0195744	0.0240971	0.0118504	0.0584065	0.012968	0.00545818	0.0916406	0.0205111	0.0239296	0.0432895	0.037065	0.0278016	0.0283488	0.00157506	0.00566859
113	0.0365054	0.0335917	0.00133232	0.00237018	0.0445054	0.0129943	0.00290633	0.126512	0.00266173	0.217753	0.0231309	0.0022232	0.00513762	0.0022902	0.00168922	0.0117511	0.0587898	0.410993	0.000567773	0.00229568
114	0.0722832	0.0297287	0.0004783	0.000536467	0.0038821	0.00469055	0.000681477	0.184007	0.00322134	0.0247392	0.0107286	0.00260963	0.000695582	0.00157936	0.000545158	0.00787887	0.0192646	0.631365	0.000272377	0.000812596
115	0.0198943	0.00726305	0.000260658	0.000283914	0.0292944	0.000617192	0.000325138	0.302119	0.00202465	0.361565	0.0402255	0.000882778	0.0026447	0.000819344	0.00130605	0.00200607	0.0109049	0.214634	0.000123664	0.00280603
116	0.0260416	0.0153712	0.00043162	0.00105592	0.0274166	0.00467321	0.00138897	0.209349	0.00232982	0.353973	0.0470683	0.00231019	0.00323361	0.00147417	0.000953302	0.0075625	0.0263344	0.266601	0.000325618	0.00210578
117	0.0481788	0.0303466	0.000753743	0.00262744	0.0325853	0.0178283	0.00300319	0.203448	0.00307724	0.213465	0.0300114	0.00105405	0.00454391	0.000961077	0.000879812	0.0140629	0.0577982	0.333571	0.000229689	0.00157398
118	0.0600598	0.00410324	0.0377451	0.0560975	0.00633419	0.0196539	0.0282199	0.0157075	0.251291	0.0247389	0.0105053	0.0231175	0.0306576	0.0959772	0.199728	0.0592055	0.0346213	0.0349053	0.00115364	0.00617836
119	0.0736132	0.0574417	0.00188385	0.00293703	0.293005	0.00581194	0.00275804	0.0194093	0.00294953	0.282311	0.0598797	0.0030347	0.00348159	0.017802	0.00281424	0.0110588	0.0441022	0.0888849	0.00260933	0.024211
120	0.0634044	0.00609583	0.212166	0.04962	0.00521339	0.136204	0.0426804	0.0024898	0.0183232	0.0143901	0.00179422	0.171779	0.0100463	0.0363636	0.0255523	0.130796	0.0518936	0.0112881	0.000762792	0.00913746
121	0.0645713	0.0345505	0.00582707	0.0124389	0.225917	0.0160041	0.0232499	0.0286391	0.00662141	0.144734	0.0537351	0.0250728	0.00867258	0.0260215	0.0117546	0.0464023	0.0390563	0.0423773	0.0715419	0.112812
122	0.0421364	0.00679297	0.00391793	0.00763613	0.0419047	0.020338	0.0259529	0.0905357	0.00651628	0.124704	0.362472	0.00526157	0.0256805	0.0610201	0.0659748	0.0168214	0.0238726	0.046594	0.00986633	0.0120018
123	0.0515583	0.0339315	0.00444077	0.00693266	0.232958	0.00881424	0.00912042	0.0292168	0.00712916	0.299274	0.0637113	0.00872982	0.00835155	0.0588103	0.0088394	0.0163225	0.0502498	0.0647357	0.00940869	0.0274654
124	0.0826316	0.00690796	0.176866	0.0472761	0.00439501	0.151969	0.0459234	0.00255398	0.0123522	0.0144023	0.00175711	0.165446	0.00857811	0.0409113	0.022148	0.143892	0.0503751	0.012227	0.00072625	0.00866131
125	0.0234866	0.00856742	0.00686502	0.00209575	0.288587	0.0249838	0.0919707	0.00435855	0.00231104	0.0389822	0.0283576	0.0495498	0.00241658	0.0402209	0.0023667	0.0361764	0.00448216	0.00684612	0.00412144	0.333254
126	0.156885	0.04749	0.00820559	0.0179501	0.0137767	0.427566	0.00537359	0.0272623	0.0316934	0.0147027	0.0108911	0.0103064	0.00884845	0.0190235	0.0854549	0.069245	0.012766	0.0257413	0.00119425	0.00562428
127	0.0690471	0.0026153	0.0480254	0.0779514	0.00695724	0.0165653	0.0248146	0.0115016	0.245109	0.0317902	0.0123533	0.0256922	0.015164	0.107993	0.178696	0.0665	0.0280036	0.0248871	0.000845745	0.0054889
128	0.317583	0.06063	0.00291323	0.00349699	0.00885803	0.0171835	0.00781963	0.0253879	0.0150312	0.0171836	0.00851234	0.0147508	0.00938624	0.0185922	0.018065	0.150831	0.167273	0.119038	0.000807942	0.0166573
129	0.061964	0.00263442	0.0370419	0.0530487	0.00728596	0.0167624	0.0293637	0.0138529	0.287295	0.0261833	0.0101239	0.0272838	0.0192638	0.102711	0.163751	0.0588168	0.0399203	0.0348644	0.00101709	0.00681586
130	0.0199677	0.00609434	0.00264439	0.000621247	0.117334	0.00159959	0.00450889	0.29815	0.000679753	0.167166	0.0253823	0.00564139	0.00141713	0.000661246	0.00192499	0.00171998	0.0239914	0.26875	0.00923334	0.0425125
131	0.021487	0.00327069	0.00273254	0.00070259	0.023303	0.00135995	0.00431684	0.46992	0.000850416	0.0585856	0.0104787	0.00213432	0.00278235	0.000651343	0.000748353	0.0019292	0.0130633	0.356238	0.00143981	0.0240063
132	0.0644351	0.0331646	0.00468648	0.00609448	0.00922916	0.032831	0.0524365	0.0796537	0.00432291	0.0386092	0.00832308	0.0072459	0.0126629	0.258551	0.0361642	0.134341	0.0903712	0.117162	0.00218296	0.0075325
133	0.253873	0.0083758	0.00278227	0.0379723	0.0144599	0.203472	0.0045264	0.0190946	0.013723	0.0304195	0.0256388	0.016364	0.0988233	0.00294665	0.00379423	0.125312	0.0854416	0.0421756	0.0017576	0.00904729
134	0.0208688	0.00590416	0.00024049	0.000268725	0.0253866	0.000578205	0.000311342	0.330102	0.00136873	0.331482	0.0411869	0.00102982	0.00246837	0.000607414	0.0014644	0.00161117	0.0123445	0.21895	0.000125332	0.00370069
135	0.101059	0.100484	0.00186479	0.0419969	0.0297626	0.00485431	0.0304302	0.0858341	0.0119195	0.127747	0.00347615	0.0218483	0.0133654	0.0649336	0.0105402	0.0345257	0.0257904	0.242143	0.0153548	0.0320701
136	0.393568	0.0073939	0.00145173	0.00436288	0.00822335	0.41433	0.00347633	0.00498381	0.00142873	0.00951839	0.00772412	0.00314387	0.0322343	0.00125397	0.00353976	0.0824785	0.00678492	0.00716002	0.000670623	0.00627235
137	0.0295786	0.00303015	0.529152	0.0380979	0.00331647	0.0302109	0.0306916	0.00333326	0.014367	0.00723533	0.00199008	0.151026	0.021112	0.0127325	0.0204821	0.0517462	0.0360204	0.0109291	0.000751416	0.00419769
138	0.168178	0.033331	0.00250808	0.00316921	0.00586797	0.00774574	0.00341509	0.0890103	0.00275887	0.124697	0.0196116	0.00374526	0.197133	0.00411088	0.00322669	0.0108485	0.0271303	0.28764	0.00159177	0.00428071
139	0.280996	0.0393946	0.00208893	0.00386385	0.0182504	0.0198573	0.0129503	0.0406665	0.00665649	0.0290347	0.013991	0.018919	0.0184772	0.00606193	0.0152992	0.1672	0.185344	0.0903185	0.00226563	0.0283644
140	0.0252194	0.00418364	0.00250999	0.00061199	0.060295	0.00161922	0.00347654	0.399388	0.000729375	0.129195	0.0280575	0.0071486	0.00174644	0.000719737	0.00152639	0.00153603	0.0313527	0.255386	0.00361898	0.0416792
141	0.0247797	0.00749738	0.00273283	0.000622381	0.134827	0.00179108	0.00503455	0.250587	0.00078477	0.20862	0.0342921	0.00827854	0.000772447	0.000716037	0.00267858	0.00163538	0.0338621	0.219637	0.00971806	0.0511323
142	0.0722146	0.0297042	0.000479498	0.000536465	0.00388837	0.00469049	0.000682819	0.184074	0.00325975	0.0247131	0.0107302	0.00261006	0.000695559	0.00158005	0.0005442	0.00793457	0.0193439	0.631231	0.000273831	0.000812916
143	0.220853	0.0338081	0.00378433	0.00332775	0.0389024	0.0950047	0.00908102	0.0592034	0.00364538	0.0411401	0.0099055	0.0540587	0.00765716	0.00607922	0.00907213	0.151396	0.126517	0.107347	0.00343171	0.0157845
144	0.201026	0.0160223	0.00292268	0.0035914	0.0978207	0.0263947	0.0200338	0.0745833	0.00283838	0.0801774	0.0222947	0.014038	0.00842922	0.00357484	0.0186099	0.0980713	0.189387	0.0453465	0.0218688	0.0529684
145	0.141986	0.0105922	0.00715593	0.00848172	0.0212911	0.151383	0.00545275	0.146649	0.0267305	0.117891	0.0782319	0.00844683	0.0378845	0.0126972	0.00748191	0.0642092	0.0229183	0.0964029	0.00240268	0.0317117
146	0.123412	0.0106133	0.13938	0.0412653	0.00535969	0.169668	0.0398942	0.00447326	0.0131255	0.0131794	0.00210421	0.124548	0.0147806	0.0432663	0.0229711	0.157456	0.0506644	0.014841	0.000857869	0.00813967
147	0.0349667	0.00773892	0.0277474	0.0338361	0.0673944	0.00951779	0.00847552	0.103989	0.0190391	0.054424	0.0787097	0.0735125	0.00519214	0.0102081	0.0207061	0.0860185	0.126046	0.107508	0.0745895	0.050381
148	0.346373	0.0306075	0.00638632	0.00458522	0.0201582	0.200197	0.00331074	0.00779293	0.00345525	0.00797876	0.00425391	0.0128158	0.0108826	0.00554695	0.00717386	0.215224	0.064532	0.0436914	0.000784875	0.00424961
149	0.176786	0.0403789	0.0287678	0.0314289	0.00979576	0.270585	0.00945923	0.0202688	0.0535633	0.0139569	0.00898597	0.0209092	0.0159028	0.0378674	0.0934248	0.121125	0.01839	0.0222703	0.000987416	0.0051465
150	0.161235	0.0547886	0.00678533	0.0159225	0.00605416	0.0529636	0.0256161	0.0188804	0.00789945	0.0308409	0.0154053	0.00710428	0.176731	0.00558548	0.00316767	0.156787	0.124119	0.115598	0.00114743	0.0133677
151	0.128619	0.00780745	0.0102003	0.0118181	0.00741982	0.627242	0.00507113	0.00704865	0.00326961	0.00740249	0.00520556	0.0152124	0.0136879	0.00402748	0.00423455	0.0824809	0.0308994	0.0225387	0.0017189	0.0040966
152	0.119706	0.0147034	0.00752515	0.0067588	0.00689855	0.0247748	0.00749165	0.0114475	0.0047583	0.0362131	0.00820072	0.0277479	0.292497	0.0058559	0.00540757	0.133516	0.102482	0.123471	0.00203818	0.0585063
153	0.0661924	0.0124916	0.00478732	0.00592133	0.224612	0.0225463	0.0420656	0.0142531	0.00361802	0.144789	0.0398193	0.0362211	0.00800525	0.0210506	0.0102898	0.0626271	0.0312542	0.0121724	0.0502033	0.18708
154	0.252446	0.0077309	0.00694137	0.0119426	0.0081915	0.438608	0.00494564	0.0231991	0.00470704	0.0177934	0.010111	0.00905518	0.0553705	0.00445004	0.00778476	0.0870363	0.0204204	0.0218715	0.00107679	0.00631837
155	0.102649	0.129761	0.00505188	0.00600112	0.0626093	0.0582998	0.00714057	0.0931845	0.00518367	0.0329986	0.019484	0.00999592	0.0118551	0.00701217	0.00675123	0.0266907	0.218781	0.180146	0.00537795	0.0110257
156	0.0426644	0.0133173	0.00308502	0.003961	0.0369855	0.0209892	0.00548173	0.206044	0.0195671	0.316095	0.0973555	0.00499172	0.030653	0.00915968	0.00409883	0.0140963	0.0201934	0.13722	0.00435284	0.00968776
157	0.107079	0.0113222	0.0110906	0.0119132	0.0132983	0.643295	0.00455289	0.00893005	0.00662791	0.00739219	0.00432246	0.0147695	0.00919164	0.00591154	0.00987482	0.0854858	0.0212383	0.0187421	0.000897876	0.00406473
158	0.0604201	0.0565286	0.00277816	0.00510749	0.0140865	0.0236679	0.00527108	0.161763	0.00432478	0.0477363	0.00960809	0.0311273	0.00546952	0.0202176	0.00376018	0.0302516	0.0705075	0.439939	0.0016745	0.00576135
159	0.166289	0.00645948	0.0100585	0.0109699	0.00617157	0.624125	0.00471629	0.00528275	0.00354757	0.0056956	0.00402017	0.0130251	0.0174535	0.00393427	0.00494492	0.0799522	0.0147006	0.0148755	0.000514827	0.00326356
160	0.0826506	0.00413323	0.00230083	0.00257135	0.0278753	0.0484723	0.0167943	0.0803236	0.00324676	0.163881	0.220486	0.00327135	0.12033	0.0355711	0.00448008	0.00679096	0.0788676	0.0672361	0.0270843	0.00363308
161	0.135959	0.00656901	0.0238512	0.0137767	0.00469417	0.131069	0.00729776	0.00800094	0.0118122	0.0280525	0.00500723	0.0304363	0.379648	0.00869007	0.011889	0.120365	0.0264729	0.0308169	0.00195555	0.0136354
162	0.0213706	0.00772701	0.00574404	0.00204099	0.340133	0.0210113	0.0754754	0.00398137	0.00242973	0.0432563	0.0249591	0.0401264	0.00236114	0.0380891	0.00238244	0.0340083	0.00443976	0.00679221	0.00420396	0.319467
163	0.713341	0.0377237	0.000760063	0.00173684	0.00405748	0.0308376	0.000793054	0.0101551	0.000548747	0.0124234	0.00213784	0.00844836	0.0118646	0.00098022	0.00162706	0.105538	0.0250304	0.0307781	0.00029273	0.000925734
164	0.0225313	0.006287	0.000285167	0.000318944	0.0243806	0.000783481	0.000319395	0.337876	0.00126581	0.314596	0.0466596	0.00134226	0.00234729	0.000661731	0.00135331	0.00159958	0.0139413	0.219239	0.000150982	0.00406106
165	0.407156	0.0079881	0.0014274	0.00368894	0.00883628	0.401207	0.00333426	0.00485355	0.00124448	0.00922354	0.00727092	0.00269548	0.0330435	0.00124974	0.00346183	0.0824955	0.00667671	0.00662302	0.00063963	0.00688436
166	0.721206	0.0373571	0.000513952	0.00179131	0.00368327	0.0277559	0.000743887	0.00989593	0.000712026	0.0128303	0.00229618	0.00777168	0.0121087	0.000762606	0.0017606	0.101999	0.0245346	0.0310961	0.000277479	0.000904013
167	0.0737431	0.0026952	0.035609	0.0548112	0.00566676	0.0144134	0.0356813	0.0126468	0.280017	0.0266835	0.0112917	0.0230539	0.0171292	0.102948	0.167888	0.062518	0.0281189	0.0349089	0.00110365	0.009072
168	0.103902	0.104323	0.00190684	0.0341456	0.0347999	0.00635375	0.0292123	0.0827543	0.0103419	0.123142	0.00366328	0.0230222	0.0111663	0.0556806	0.0132593	0.0332836	0.0280414	0.258261	0.0121299	0.0306105
169	0.0203932	0.00613502	0.000234382	0.000265566	0.0266705	0.000584875	0.000302032	0.321784	0.00153659	0.340822	0.0404581	0.000885257	0.00246425	0.000668638	0.00146256	0.00174595	0.0115162	0.218749	0.000123624	0.00319749
170	0.0350388	0.017088	0.015234	0.036342	0.128636	0.0219896	0.038383	0.0137561	0.0235318	0.067249	0.0521214	0.0394445	0.00322226	0.220437	0.02954	0.0432661	0.108579	0.00985212	0.0460083	0.0502809
171	0.0790115	0.00248936	0.0623181	0.0344854	0.0046187	0.539066	0.0133393	0.00439152	0.00701833	0.00717085	0.00252334	0.0444469	0.0532979	0.0154104	0.00865217	0.0874113	0.0190212	0.0115603	0.000671289	0.0030962
172	0.0407617	0.00305352	0.49516	0.0375627	0.0031497	0.0433542	0.0278147	0.00382204	0.0173067	0.00732754	0.00217399	0.133067	0.0450195	0.0158216	0.0203368	0.0579406	0.0299869	0.0111851	0.000852474	0.00430288
173	0.123853	0.00928281	0.019369	0.0207331	0.00636899	0.584792	0.00754471	0.00704192	0.00842847	0.0082424	0.00493706	0.024454	0.0184236	0.0092925	0.0122886	0.0925442	0.0204285	0.017029	0.000793472	0.00415245
174	0.701441	0.0345927	0.000550405	0.0021038	0.0042984	0.0478881	0.000824068	0.00914892	0.000632345	0.0126931	0.00232696	0.00742422	0.0147817	0.00075808	0.0017302	0.105861	0.023964	0.0274573	0.000297307	0.00122639
175	0.0636097	0.0567961	0.00168868	0.00199503	0.371969	0.00394194	0.00196351	0.0243463	0.0023035	0.259712	0.0387264	0.00235834	0.00253499	0.0167973	0.00222	0.0131731	0.0223606	0.0840408	0.00167276	0.0277896
176	0.113934	0.00828845	0.0155305	0.0113024	0.00782414	0.607467	0.00565056	0.00433932	0.00349672	0.00424738	0.00210885	0.0240324	0.00868595	0.00587108	0.00459151	0.113349	0.0327839	0.0232683	0.000589686	0.00263886
177	0.0238011	0.0177508	0.00221542	0.00252097	0.634391	0.00589218	0.00895797	0.00972093	0.00213219	0.107324	0.0149084	0.00639844	0.00293277	0.0116489	0.00289329	0.0116526	0.0109476	0.0311638	0.00210433	0.0906433
178	0.0423883	0.00835342	0.174325	0.0410998	0.00996067	0.0637497	0.126702	0.0055008	0.00920963	0.0131879	0.00572159	0.188557	0.00880826	0.0408407	0.0229705	0.135094	0.0680225	0.0125871	0.00112523	0.0217955
179	0.177818	0.0132621	0.00537962	0.00226175	0.0259875	0.186605	0.00252509	0.159848	0.00496555	0.14413	0.0595528	0.00586892	0.00924543	0.0186397	0.00538816	0.0525023	0.0117144	0.10723	0.000936096	0.00614044
180	0.0911703	0.00395229	0.00180592	0.00245521	0.0446565	0.0384876	0.0133308	0.086434	0.00327052	0.13026	0.286803	0.00321732	0.0912792	0.0480923	0.00691267	0.00675064	0.0544411	0.0519245	0.0306404	0.00411576
181	0.0328814	0.00501301	0.301054	0.333899	0.00612038	0.028907	0.02665	0.0189941	0.00920121	0.0113002	0.00433722	0.0766133	0.0122799	0.0303232	0.0111959	0.0348913	0.0235634	0.0258608	0.00169012	0.00522462
182	0.0247093	0.00753406	0.00264404	0.000608087	0.138113	0.001797	0.00498189	0.249618	0.000779069	0.206459	0.0336023	0.00820001	0.000736608	0.000713872	0.00258893	0.00163283	0.0329092	0.221326	0.00982984	0.051216
183	0.0387323	0.00990328	0.199824	0.449616	0.0108971	0.0223029	0.0182618	0.0447812	0.00875102	0.0169666	0.00976944	0.0204217	0.0117064	0.032281	0.00674059	0.0190844	0.0161731	0.0528136	0.00335651	0.0076175
184	0.157067	0.0273049	0.0286031	0.0115921	0.0147907	0.0309711	0.0101326	0.0603481	0.00588134	0.0240273	0.0235633	0.0137586	0.0163242	0.00963993	0.00851267	0.111665	0.263843	0.160273	0.00601858	0.0156842
185	0.203001	0.0242971	0.00313967	0.0047022	0.0322801	0.00882395	0.00409376	0.100739	0.00457475	0.112104	0.264976	0.00553026	0.00617593	0.00578858	0.00532109	0.0722901	0.0114285	0.0505892	0.00298045	0.0771651
186	0.0617954	0.0052237	0.0404437	0.0565562	0.0057396	0.0222696	0.031202	0.0114092	0.231785	0.0234265	0.0108718	0.0217496	0.0201192	0.0943847	0.247745	0.0573656	0.0246982	0.026056	0.00105329	0.00610621
187	0.0311065	0.0167653	0.0199687	0.00587759	0.215529	0.0208051	0.119289	0.00680021	0.00488915	0.033733	0.0338945	0.0685397	0.00370623	0.0756227	0.00780031	0.0500787	0.0176303	0.00879131	0.00824569	0.250927
188	0.0292395	0.00278792	0.0608062	0.00965169	0.003084	0.226369	0.0182206	0.00374053	0.198454	0.00517703	0.00284106	0.202337	0.00974823	0.0972811	0.0801854	0.0285585	0.00449597	0.00581424	0.00081027	0.0103983
189	0.0207743	0.0100547	0.000415813	0.000447284	0.0358763	0.000799101	0.000483758	0.227413	0.00379698	0.443445	0.0427515	0.00113063	0.00306115	0.0020749	0.000992126	0.00284548	0.0120944	0.189345	0.000152666	0.00204598
190	0.104853	0.0025787	0.0377961	0.0126546	0.00214816	0.0634451	0.00732756	0.00311152	0.0149581	0.0118299	0.00193932	0.0459289	0.524799	0.0124395	0.0119887	0.113059	0.0107225	0.00671485	0.000895316	0.0108098
191	0.0166558	0.00327357	0.00302062	0.000684189	0.0280934	0.00147381	0.00269236	0.430624	0.000590544	0.0835348	0.0159941	0.00166802	0.00424663	0.000625308	0.000752773	0.00187598	0.0120531	0.370015	0.00138118	0.0207451
