219	20
1	0.0972066	0.000460717	0.028117	0.0196673	0.0395964	0.00596846	0.0302131	0.114463	0.0205009	0.239646	0.0245533	0.00937276	0.008169	0.036441	0.0623994	0.0141631	0.0512962	0.0911715	0.00300079	0.103594
2	0.607148	0.00194153	0.00208885	0.00258718	0.00229435	0.0453053	0.00186309	0.00274543	0.00194968	0.00400225	0.00382031	0.0017321	0.00184263	0.00215938	0.00247086	0.233605	0.046585	0.0333482	0.000680753	0.0018303
3	0.213478	0.0332275	0.00541834	0.00113282	0.00147813	0.00253632	0.000902539	0.00708023	0.000917278	0.0233318	0.00470247	0.0194802	0.00078701	0.0011993	0.00126443	0.451533	0.191339	0.0384541	0.000915535	0.00082239
4	0.0850036	0.000428115	0.134724	0.312108	0.00103047	0.0094279	0.0163349	0.00451257	0.121194	0.0316923	0.00458917	0.0335296	0.00111338	0.117335	0.0766427	0.0273181	0.0132415	0.00839775	0.000397807	0.000979115
5	0.460731	0.00377019	0.00392088	0.0126204	0.00153347	0.0293964	0.00386513	0.145589	0.00116591	0.0289749	0.00412586	0.00412921	0.00380261	0.00398214	0.00162527	0.0574405	0.091799	0.136985	0.000551621	0.00399148
6	0.21834	0.0122412	0.00138117	0.00146703	0.0135971	0.646545	0.00886994	0.00766717	0.00122339	0.0162956	0.0055831	0.00182439	0.00446473	0.00220929	0.00453211	0.0344021	0.0122743	0.00494023	0.000706474	0.00143543
7	0.210629	0.00957217	0.00224189	0.051945	0.0148811	0.00333445	0.0137002	0.0603237	0.0345532	0.193507	0.0400694	0.0109749	0.0016283	0.0344045	0.0540621	0.00466182	0.0309294	0.225258	0.00104846	0.0022753
8	0.0850036	0.000428115	0.134724	0.312108	0.00103047	0.0094279	0.0163349	0.00451257	0.121194	0.0316923	0.00458917	0.0335296	0.00111338	0.117335	0.0766427	0.0273181	0.0132415	0.00839775	0.000397807	0.000979115
9	0.0575931	0.00527141	0.0012701	0.00206182	0.056687	0.00208428	0.00124347	0.366319	0.00125495	0.0279136	0.0506006	0.00142596	0.00257913	0.00148735	0.00214286	0.00488179	0.0156335	0.397492	0.000602161	0.00145525
10	0.0144901	0.000503466	0.000880767	0.00086961	0.0762168	0.00445319	0.00205606	0.0463538	0.000779062	0.688973	0.0819853	0.0010654	0.000655561	0.00230132	0.00385231	0.00205616	0.00328672	0.0264651	0.0197212	0.0230347
11	0.187496	0.000833034	0.0459777	0.120755	0.00212914	0.0157834	0.00934814	0.00777989	0.203667	0.0281508	0.00877619	0.0261687	0.00588094	0.095872	0.195128	0.0314935	0.0104145	0.00178791	0.000646805	0.00191058
12	0.18313	0.000865998	0.0485959	0.129298	0.00196554	0.0148546	0.00931143	0.00729653	0.200525	0.0301536	0.00918368	0.0261399	0.00541245	0.100607	0.186046	0.0320365	0.0102691	0.00199162	0.000569308	0.00174749
13	0.0977282	0.00751744	0.0227255	0.0140023	0.00752394	0.709904	0.0102071	0.00465165	0.0152769	0.00956184	0.00353402	0.0310157	0.00446348	0.0069544	0.012492	0.0228196	0.00799896	0.00354024	0.00237224	0.00571037
14	0.104859	0.00761341	0.0199594	0.0131529	0.00823247	0.700039	0.00995114	0.00515837	0.0130506	0.0103874	0.00342937	0.028446	0.00624336	0.00745284	0.0122399	0.0270816	0.0102475	0.00537835	0.0021048	0.00497245
15	0.0530652	0.0109168	0.0473614	0.0101702	0.00651228	0.0281798	0.0127766	0.00616778	0.00903075	0.0118087	0.01133	0.220918	0.0214568	0.0170239	0.0106721	0.22278	0.279207	0.0106532	0.00398857	0.00598096
16	0.223435	0.0281999	0.00406603	0.00414958	0.00606615	0.0134894	0.00422881	0.1658	0.00288716	0.0435776	0.0334612	0.00368248	0.0241727	0.00466738	0.00543066	0.0275719	0.0414901	0.358378	0.00177908	0.00346705
17	0.0375336	0.000851202	0.00167018	0.00260076	0.110019	0.00253443	0.00151146	0.4118	0.00162458	0.0194167	0.0415349	0.00180926	0.00109747	0.00179926	0.00275106	0.00327194	0.0132666	0.342478	0.000732289	0.0016975
18	0.0706106	0.00531106	0.389299	0.138167	0.0167068	0.0240797	0.0221924	0.0177698	0.0150287	0.0330886	0.0137934	0.0523772	0.00647431	0.0349302	0.0213494	0.0349322	0.03188	0.0392322	0.0102724	0.0225051
19	0.399626	0.00928375	0.00421623	0.0101134	0.00972515	0.032383	0.00502266	0.119676	0.00449799	0.0489564	0.0204132	0.00487123	0.0071817	0.0079883	0.00722402	0.0553449	0.0685138	0.175845	0.00214791	0.00696896
20	0.532383	0.00424075	0.00193193	0.00315934	0.0179353	0.0596905	0.00469832	0.0506698	0.00544734	0.0208732	0.0182885	0.00219456	0.00641188	0.0107103	0.00940044	0.100555	0.0500357	0.089303	0.000999553	0.0110713
21	0.128012	0.0235085	0.00065835	0.000709468	0.00106004	0.0021005	0.000626646	0.216889	0.000590559	0.0484508	0.0405996	0.000656866	0.00693007	0.000823313	0.000696331	0.0113879	0.0226342	0.492781	0.000315165	0.000568982
22	0.472721	0.0189507	0.00532767	0.00506198	0.0043094	0.100355	0.00391341	0.00899144	0.00373019	0.0197377	0.0283234	0.00544735	0.00407094	0.00490492	0.00441454	0.0603617	0.184207	0.0598795	0.00177739	0.003514
23	0.233701	0.0165955	0.00369248	0.00572438	0.00365201	0.0220153	0.00304755	0.108494	0.0025708	0.0376142	0.0538395	0.00634972	0.00232574	0.00747332	0.00347479	0.0363599	0.307677	0.139012	0.0035855	0.00279575
24	0.330099	0.0239922	0.0128007	0.0223604	0.00278737	0.0431989	0.0210837	0.0515345	0.011984	0.0415058	0.0645576	0.00301733	0.00214079	0.0626275	0.00394133	0.150134	0.0908844	0.0489884	0.00962279	0.00273951
25	0.0981898	0.00430512	0.00318802	0.00423169	0.261473	0.00820228	0.00459997	0.0441871	0.0025333	0.274359	0.0491923	0.00506527	0.0133517	0.00585231	0.00374139	0.0195714	0.0163429	0.0354043	0.0272095	0.119
26	0.569088	0.0180772	0.00174987	0.00213605	0.00258991	0.0518347	0.00172661	0.0126564	0.00206467	0.0188767	0.0374144	0.0019906	0.00191639	0.00257631	0.00248403	0.0494791	0.149869	0.0707507	0.00115923	0.00155975
27	0.227133	0.0292793	0.0036872	0.00628461	0.0186076	0.0334595	0.0151103	0.0971273	0.00442008	0.146649	0.0997665	0.00959451	0.00127329	0.039113	0.00454902	0.0699104	0.0938677	0.0875222	0.00941496	0.00323027
28	0.130104	0.0638639	0.0116061	0.0039882	0.0320177	0.156357	0.0228802	0.0169778	0.00535134	0.00673071	0.0505543	0.119263	0.0331286	0.0192378	0.00584944	0.179014	0.0973474	0.00474152	0.0184208	0.0225665
29	0.122327	0.0247103	0.000865034	0.00145092	0.00489072	0.00462219	0.00292099	0.199605	0.000700482	0.0751105	0.0552933	0.00438722	0.00593449	0.00321351	0.0010733	0.0171269	0.0433371	0.429797	0.00082435	0.00181003
30	0.176967	0.0273124	0.00474274	0.0176954	0.0060035	0.0252712	0.00282194	0.027138	0.00350289	0.0534627	0.0153195	0.0183567	0.00282685	0.00632903	0.00395098	0.0503005	0.281697	0.269863	0.00198658	0.0044519
31	0.0264342	0.0228613	0.0484475	0.150727	0.107192	0.02931	0.0769782	0.0107359	0.00535345	0.0874736	0.0303884	0.0423015	0.00767422	0.0686208	0.0337587	0.0127409	0.0126509	0.0105593	0.0532052	0.162587
32	0.174626	0.0934327	0.0150332	0.0137617	0.0132372	0.0646393	0.00475046	0.0158433	0.00410377	0.0251026	0.0145696	0.0127525	0.003532	0.00666719	0.00463611	0.193361	0.219227	0.110953	0.00208739	0.00768414
33	0.076891	0.018029	0.0131003	0.00729508	0.0121867	0.258664	0.0110013	0.0101461	0.00724292	0.0141924	0.0145107	0.066385	0.0213395	0.0139559	0.00904512	0.256097	0.160186	0.0135716	0.00577025	0.0103897
34	0.0283884	0.00131538	0.00234947	0.00284552	0.00271311	0.00315329	0.00194157	0.385336	0.00225777	0.439329	0.0161176	0.00262906	0.0425732	0.00317672	0.00247996	0.00516135	0.00574874	0.0478958	0.00180564	0.00278166
35	0.251962	0.0100152	0.0020515	0.00255036	0.0249102	0.583125	0.00773366	0.0142493	0.00242738	0.0145486	0.0121637	0.00263092	0.00530839	0.00380161	0.00580391	0.0317832	0.0132642	0.00795251	0.00103698	0.00268113
36	0.244827	0.0110551	0.00232636	0.00279699	0.0138784	0.571265	0.00861237	0.00960423	0.00376645	0.0171215	0.0065264	0.00335598	0.00615159	0.0048532	0.00705594	0.0532053	0.0173162	0.0118845	0.000945393	0.00345208
37	0.0988103	0.0497107	0.0729487	0.0626462	0.0449637	0.124373	0.0125416	0.0273319	0.0103562	0.0188853	0.0278027	0.0387745	0.00812277	0.0952627	0.0232879	0.144103	0.0551686	0.0249133	0.00581312	0.0541833
38	0.212704	0.0264588	0.00510392	0.00550633	0.022545	0.502482	0.00895726	0.0087314	0.00535294	0.017395	0.00899917	0.013772	0.00840404	0.00550226	0.00565316	0.0904867	0.0351637	0.0103006	0.00222045	0.00426106
39	0.144447	0.0215218	0.00667232	0.00743863	0.232057	0.0375785	0.00860433	0.0367942	0.00380567	0.116689	0.0886207	0.00750872	0.00829164	0.0090955	0.00602625	0.0213346	0.0448333	0.0577935	0.0240455	0.116842
40	0.227447	0.0239126	0.00182596	0.00220637	0.0551433	0.0278507	0.00965415	0.0864164	0.00198582	0.205112	0.138462	0.00739443	0.00238433	0.00941265	0.00577614	0.0216201	0.0613802	0.082571	0.0152122	0.0142328
41	0.0728181	0.0250904	0.00272201	0.00671575	0.0238143	0.0118174	0.0168976	0.133551	0.00147988	0.24124	0.11337	0.0286595	0.0016211	0.0143747	0.00206374	0.0450055	0.114949	0.132127	0.00240029	0.0092839
42	0.0374005	0.000544156	0.00043468	0.000419606	0.016259	0.00763977	0.00160765	0.312003	0.000367162	0.308508	0.0510643	0.00292484	0.000259729	0.00180717	0.000433938	0.00641323	0.0326553	0.202595	0.000177959	0.0164844
43	0.184769	0.0602877	0.0032771	0.00354513	0.131829	0.00709284	0.00340917	0.0511708	0.0028941	0.0470284	0.0221395	0.00449889	0.00216757	0.015118	0.0034253	0.0983535	0.176475	0.138402	0.00209644	0.0420202
44	0.00689226	0.00740044	0.00207388	0.0021024	0.123432	0.00303888	0.00184023	0.345692	0.00177509	0.21868	0.0147555	0.00220973	0.001465	0.00222774	0.00219053	0.00432774	0.00444811	0.0902479	0.0103374	0.154864
45	0.0515826	0.00953228	0.278345	0.17847	0.00350824	0.0245052	0.0319893	0.00504186	0.0325346	0.0259979	0.0048612	0.166418	0.00300085	0.0756329	0.0205028	0.054738	0.0153955	0.00803447	0.00420127	0.00570692
46	0.142082	0.0052145	0.00819741	0.009433	0.144796	0.202255	0.0323651	0.0109154	0.00706063	0.0156428	0.0100669	0.033471	0.00658604	0.00874801	0.0088844	0.0730253	0.0167363	0.0130332	0.00378939	0.247697
47	0.126573	0.0113205	0.0174458	0.0372392	0.0380843	0.0469923	0.0498905	0.00954021	0.0976557	0.0453562	0.02657	0.0385694	0.0213209	0.0360869	0.151963	0.113657	0.0519315	0.0268565	0.0266394	0.0263072
48	0.105659	0.0737153	0.0666913	0.0627409	0.00795107	0.132544	0.00652506	0.0104834	0.00585446	0.0369579	0.0319661	0.0119988	0.0046805	0.0119512	0.00690913	0.188687	0.135546	0.0874994	0.00360317	0.00803579
49	0.0512832	0.011938	0.0412941	0.0199771	0.00291907	0.0147696	0.0128262	0.0443096	0.0857053	0.0154914	0.102292	0.00372425	0.0213291	0.04241	0.106999	0.0259033	0.288095	0.0933508	0.00162434	0.0137583
50	0.297236	0.00698493	0.00628802	0.00869808	0.0135104	0.0224913	0.00826858	0.0194829	0.0258406	0.119571	0.0805931	0.00764041	0.0100976	0.0117148	0.0343436	0.105442	0.105277	0.10349	0.0054561	0.00757346
51	0.108452	0.00667057	0.0141477	0.0204062	0.0149176	0.085335	0.0106525	0.0207906	0.00987497	0.0705997	0.0224313	0.0142928	0.334636	0.0121852	0.0199864	0.100553	0.0489015	0.0679232	0.00597509	0.0112684
52	0.284773	0.00134445	0.0091269	0.0287523	0.0282813	0.167579	0.00295738	0.0113571	0.0854918	0.119735	0.0102017	0.0106646	0.00245097	0.0571916	0.0161128	0.105198	0.0205941	0.0210573	0.000872468	0.0162582
53	0.411144	0.00093205	0.00292373	0.0120543	0.0055129	0.0918643	0.0103497	0.00819533	0.100405	0.0571486	0.00566876	0.0186651	0.011203	0.0434592	0.103653	0.085812	0.0167385	0.0102814	0.00114145	0.00284719
54	0.462701	0.00150575	0.00232348	0.00412011	0.0275793	0.0865591	0.00810202	0.036278	0.0148953	0.0185113	0.015837	0.00260855	0.0100241	0.0260128	0.0200579	0.129516	0.0340388	0.0776597	0.00116355	0.0205064
55	0.0192723	0.00278143	0.0134491	0.00329694	0.0221108	0.023008	0.116673	0.00406019	0.030512	0.0563535	0.00374116	0.0524147	0.00201848	0.0133614	0.0884682	0.205973	0.286973	0.00480968	0.00147723	0.0492465
56	0.165623	0.00797102	0.0213019	0.0196287	0.0180817	0.0624449	0.0308804	0.00616113	0.158361	0.057458	0.0283086	0.0155648	0.025803	0.0327331	0.163682	0.082344	0.045679	0.0172115	0.0180958	0.0226666
57	0.261501	0.00637647	0.0135508	0.0233013	0.00859629	0.0603888	0.0140342	0.00400132	0.0170236	0.0101552	0.0139138	0.00755259	0.00267766	0.00397392	0.0146514	0.485352	0.0402611	0.00871241	0.00122612	0.0027496
58	0.136089	0.0225368	0.000988645	0.00133503	0.00132744	0.00246421	0.000847472	0.207354	0.000751984	0.0399874	0.0371219	0.00114871	0.00983682	0.00132192	0.00106859	0.0184215	0.0244328	0.491676	0.00044945	0.000840629
59	0.591871	0.0187244	0.00192926	0.00218219	0.00290238	0.0603022	0.00197938	0.00982845	0.00225819	0.0182857	0.033765	0.00208386	0.00189732	0.00245751	0.00251463	0.0493685	0.131816	0.0633981	0.000847441	0.00158879
60	0.0416253	0.00120289	0.00170842	0.00228813	0.00219957	0.00300665	0.00606056	0.198456	0.00150097	0.0645114	0.00300199	0.0134485	0.0177599	0.00297138	0.0110722	0.00755376	0.192914	0.425707	0.000945169	0.00206707
61	0.164133	0.00442937	0.00965359	0.018127	0.00878907	0.0617868	0.00600322	0.00924841	0.010876	0.0240873	0.00854136	0.0125976	0.531221	0.00665938	0.0115499	0.0390878	0.0253865	0.0130104	0.003585	0.0312282
62	0.232061	0.0209634	0.00282384	0.00348373	0.0140151	0.558482	0.00912923	0.00931453	0.00351966	0.0187565	0.00806982	0.00451658	0.00604588	0.00504044	0.00498723	0.0603578	0.0242299	0.0106932	0.00127351	0.00223687
63	0.117229	0.00450005	0.00318527	0.013412	0.0473295	0.0260369	0.0155311	0.017774	0.0051631	0.0825813	0.0460594	0.0378632	0.0133283	0.057974	0.0036961	0.121311	0.323665	0.0551102	0.00178948	0.00646082
64	0.106411	0.00566495	0.00973639	0.00260573	0.0112965	0.01145	0.00980705	0.134556	0.00179072	0.12752	0.0531657	0.00285167	0.0914279	0.00231867	0.010983	0.0072105	0.010408	0.376032	0.0119715	0.0127932
65	0.351102	0.00189447	0.0430731	0.0301093	0.00355361	0.00974711	0.0129464	0.00534078	0.145578	0.0666831	0.0474839	0.00788274	0.0130389	0.0221379	0.143074	0.0478377	0.0157323	0.0171045	0.00290126	0.0127795
66	0.203451	0.015935	0.00207482	0.00237975	0.0122786	0.635605	0.00831941	0.00754368	0.00198509	0.028029	0.00540628	0.00311508	0.00499827	0.00299387	0.00525514	0.0334219	0.0185123	0.0058712	0.000989437	0.00183571
67	0.016253	0.000571055	0.000706324	0.00182248	0.095216	0.00249356	0.00700748	0.094285	0.00061458	0.516197	0.103291	0.00197322	0.00251762	0.00917025	0.00205701	0.00363301	0.0107352	0.0706069	0.0299787	0.0308701
68	0.0472974	0.00173266	0.00106789	0.0011722	0.0113541	0.00673211	0.00212158	0.244071	0.00106507	0.31908	0.0360177	0.00697252	0.000827589	0.00230963	0.00119047	0.0117959	0.0402014	0.249637	0.000671138	0.0146818
69	0.0374005	0.000544156	0.00043468	0.000419606	0.016259	0.00763977	0.00160765	0.312003	0.000367162	0.308508	0.0510643	0.00292484	0.000259729	0.00180717	0.000433938	0.00641323	0.0326553	0.202595	0.000177959	0.0164844
70	0.363683	0.000729166	0.0485072	0.206244	0.00140202	0.0411835	0.00305162	0.00361224	0.0426038	0.0132271	0.00756187	0.0102486	0.00939364	0.145762	0.0403409	0.0158328	0.0325723	0.0121867	0.000655395	0.00120211
71	0.171288	0.00706156	0.0215025	0.0221084	0.0137813	0.0347816	0.0144464	0.0188665	0.0237404	0.0381425	0.0175712	0.0614502	0.274237	0.0172623	0.0655559	0.0480034	0.0395902	0.0232881	0.00624362	0.0810793
72	0.620687	0.0013452	0.00212344	0.00228958	0.00210524	0.0411906	0.00177687	0.00301965	0.00182336	0.00343181	0.00278892	0.00164513	0.00175765	0.00185418	0.0023024	0.236254	0.0400243	0.0313082	0.000646014	0.00162625
73	0.0841288	0.00134816	0.00218588	0.0284827	0.0130745	0.00341916	0.00209861	0.564293	0.0107581	0.0219856	0.0298532	0.00272927	0.00167595	0.0032248	0.0366153	0.00490809	0.00610834	0.171472	0.0010549	0.010583
74	0.181189	0.000607322	0.0676153	0.106654	0.00276664	0.0263092	0.0187297	0.00848698	0.174724	0.0152918	0.00399861	0.0419113	0.00595345	0.0751781	0.215461	0.0304804	0.0156591	0.00256919	0.00222258	0.00419315
75	0.0348591	0.000652803	0.00167264	0.00427834	0.0904674	0.00128703	0.0143712	0.121255	0.0015453	0.398699	0.0851095	0.00448975	0.00688708	0.0202983	0.00198445	0.00821211	0.0250237	0.105501	0.0237778	0.0496275
76	0.399777	0.0744667	0.0108904	0.00939661	0.011417	0.147648	0.0109261	0.0196387	0.00691841	0.0296006	0.0257646	0.0170212	0.00902062	0.0124345	0.0102285	0.0679374	0.078607	0.044226	0.00567498	0.00840575
77	0.0531261	0.0013669	0.0389175	0.280264	0.00183143	0.0114903	0.0042231	0.00348525	0.116463	0.00484526	0.00283904	0.0159322	0.00123164	0.0552486	0.319524	0.0303605	0.0327883	0.0168526	0.000737734	0.00847296
78	0.0406318	0.00156441	0.199128	0.245296	0.00169037	0.0337835	0.0211276	0.00224704	0.106396	0.00662311	0.00246172	0.149973	0.0011925	0.0833475	0.0457535	0.022111	0.0224941	0.00388725	0.00231093	0.00798144
79	0.100021	0.00761113	0.0229578	0.0135302	0.00732902	0.703678	0.0101101	0.00519772	0.0154284	0.0093738	0.00312625	0.0308241	0.00460052	0.00712096	0.0130136	0.0245263	0.00943073	0.00416283	0.00222208	0.00573598
80	0.208941	0.00137755	0.00985878	0.161645	0.0178429	0.0106316	0.00937081	0.0542472	0.0207967	0.0582182	0.0103046	0.0102131	0.132064	0.0401856	0.0331373	0.0422473	0.0383791	0.129983	0.00857149	0.00198364
81	0.0129059	0.00381841	0.0456216	0.0283051	0.0028713	0.724232	0.013495	0.00142209	0.0298526	0.00233685	0.00127191	0.0653374	0.0039332	0.0125644	0.0218001	0.0115815	0.00212881	0.00171715	0.00371694	0.0110874
82	0.0794659	0.000429225	0.330968	0.281088	0.0152135	0.0222413	0.0263985	0.00114711	0.0177069	0.0109829	0.0154372	0.03072	0.000666964	0.0548353	0.00682655	0.0331837	0.0366983	0.0123702	0.0140137	0.00960669
83	0.029967	0.00114841	0.00913906	0.00989965	0.0092906	0.00341397	0.0162573	0.131602	0.0628294	0.170179	0.0247107	0.0163166	0.016144	0.00260773	0.215901	0.00422366	0.157108	0.109019	0.00825691	0.00198622
84	0.0171729	0.000486045	0.000706846	0.00206869	0.096081	0.00223221	0.00803628	0.0988582	0.000605072	0.508364	0.0959407	0.00218459	0.00283041	0.0103929	0.00191775	0.00392194	0.0117552	0.0748786	0.0297756	0.0317912
85	0.00831835	0.00115389	0.00218601	0.0023648	0.0107817	0.00375713	0.0264339	0.128402	0.180119	0.028902	0.00291925	0.0108677	0.0106737	0.0514316	0.208815	0.0212847	0.0210659	0.269045	0.00127079	0.0102083
86	0.0279248	0.00598899	0.0114635	0.00878308	0.0554732	0.0162053	0.0330385	0.0558412	0.0314676	0.11028	0.0487055	0.269338	0.00607992	0.19756	0.0361699	0.0170178	0.018009	0.0122916	0.00409231	0.0342704
87	0.0934968	0.000617889	0.0795056	0.0591656	0.00105606	0.0262614	0.0128403	0.00183603	0.118145	0.00251195	0.00144971	0.0144925	0.42722	0.0121585	0.0446876	0.0601007	0.0406296	0.00197275	0.000559894	0.00129124
88	0.0811897	0.000430922	0.327672	0.282028	0.0149555	0.0232518	0.0255175	0.00112145	0.0188951	0.011058	0.0151324	0.0322883	0.000745535	0.05553	0.00745415	0.032519	0.0349431	0.0121386	0.0138686	0.00925983
89	0.0541356	0.00352037	0.00357245	0.00458666	0.140253	0.00783115	0.00540313	0.0308564	0.0015055	0.52481	0.0666823	0.00354285	0.00496862	0.00439782	0.00528492	0.00813464	0.0123411	0.0232474	0.0170452	0.077881
90	0.320149	0.0029712	0.0112475	0.033549	0.0300991	0.157463	0.00615917	0.0121246	0.0757302	0.0693379	0.0114602	0.0133941	0.00547657	0.0604658	0.0326651	0.0977745	0.0209257	0.0241338	0.00175124	0.0131226
91	0.127923	0.00075	0.12481	0.120518	0.00191996	0.0325847	0.0335408	0.00455071	0.138129	0.00536648	0.00187791	0.0958484	0.00293221	0.0824215	0.156461	0.0289242	0.0198388	0.00647319	0.0073857	0.00774429
92	0.137138	0.0466957	0.00330509	0.00404885	0.0618578	0.00728931	0.00311139	0.0294361	0.00292174	0.0175937	0.00897949	0.00464708	0.00246295	0.00832759	0.00345254	0.112051	0.385538	0.134704	0.00167577	0.0247638
93	0.0155977	0.000766936	0.00119605	0.00101904	0.0795534	0.00452975	0.00243594	0.0521598	0.000945385	0.673215	0.0778374	0.00195259	0.000857207	0.00269061	0.00463386	0.00238531	0.00403754	0.0280513	0.0185892	0.027546
94	0.0504916	0.000603378	0.0336104	0.234017	0.00105975	0.020311	0.0245202	0.00997732	0.158213	0.00643551	0.00566173	0.00652074	0.000692008	0.123619	0.157102	0.0650037	0.0942727	0.00246591	0.000440043	0.00498317
95	0.123099	0.00148121	0.0103079	0.0336208	0.00259078	0.0205988	0.0103625	0.0300477	0.043001	0.198643	0.0347488	0.0106643	0.00171552	0.0732839	0.259158	0.0303408	0.0663306	0.00571242	0.00885135	0.0354425
96	0.0150545	0.00111919	0.00100116	0.00181195	0.0883973	0.00254294	0.00604762	0.177772	0.000861127	0.460963	0.0699348	0.00213914	0.00351937	0.00784921	0.00205719	0.00377694	0.00960168	0.0753542	0.0272318	0.0429643
97	0.484205	0.000742862	0.00180705	0.0115391	0.0109382	0.103917	0.00924621	0.0064846	0.0606184	0.0324312	0.00794524	0.00814088	0.00882651	0.0658498	0.0687377	0.0774286	0.0101827	0.0265236	0.000614963	0.003821
98	0.262953	0.00215394	0.119282	0.15769	0.00342651	0.128158	0.00327063	0.00451116	0.00297238	0.0300528	0.00428797	0.0174803	0.0464521	0.00418346	0.00395462	0.0401572	0.0197528	0.0797135	0.0262579	0.0432895
99	0.0189389	0.000773021	0.000770135	0.00188607	0.0973468	0.00269907	0.00713182	0.0945073	0.000663369	0.508934	0.102914	0.00218959	0.00273276	0.00956228	0.00206302	0.00399526	0.0115114	0.0703876	0.0297888	0.031205
100	0.0715681	0.00849477	0.0203938	0.0183975	0.0308073	0.0198838	0.0221673	0.0992766	0.0195748	0.0669557	0.0524359	0.0227797	0.00856952	0.0606996	0.0320734	0.0402357	0.148155	0.127415	0.0062397	0.123876
101	0.0502312	0.000602298	0.0336002	0.233425	0.00105564	0.0204551	0.0249711	0.00990118	0.158736	0.00652945	0.00563949	0.0063912	0.000702509	0.124057	0.156281	0.0650423	0.0944672	0.00243185	0.000451086	0.00502879
102	0.178507	0.0112247	0.00852494	0.0073055	0.0119199	0.634974	0.0159287	0.00806917	0.00816396	0.0161283	0.00561251	0.0125054	0.00517112	0.00582421	0.00934923	0.0335282	0.0134695	0.00718142	0.00181637	0.00479562
103	0.0771137	0.000805322	0.10663	0.340554	0.00186206	0.0180197	0.0155427	0.0025086	0.10511	0.00341612	0.00951606	0.0178826	0.111293	0.032289	0.043853	0.0315379	0.041622	0.017111	0.0216891	0.00164411
104	0.18729	0.000679463	0.127617	0.316965	0.00108528	0.0179645	0.00583812	0.00244983	0.0829263	0.00935768	0.0080586	0.0230078	0.0171803	0.0797381	0.0466078	0.0242777	0.0345601	0.0101626	0.00322267	0.00101117
105	0.072598	0.00326732	0.351304	0.206736	0.0136997	0.0226244	0.0237256	0.00982022	0.0221217	0.0248829	0.0131272	0.0470178	0.00403887	0.0457674	0.0196124	0.0353303	0.0309758	0.0263947	0.00979586	0.017159
106	0.0144689	0.000504069	0.000881157	0.000868587	0.0762264	0.00443266	0.00206154	0.0464473	0.000781675	0.688806	0.0819488	0.00106919	0.000659138	0.00231233	0.00384862	0.00205909	0.00329822	0.0265419	0.0197236	0.0230609
107	0.441589	0.00109041	0.0242292	0.0645512	0.00167924	0.00379157	0.00385162	0.00933647	0.146743	0.0367576	0.0175179	0.0157522	0.00335531	0.0310079	0.102492	0.0486242	0.0238814	0.019115	0.000890275	0.00374465
108	0.222094	0.000933831	0.108569	0.0754791	0.00523261	0.0730381	0.00962066	0.00861106	0.0407276	0.0205328	0.0051742	0.0984251	0.0042929	0.0655757	0.0754148	0.138962	0.0249774	0.00915226	0.000645645	0.0125416
109	0.0581331	0.0439419	0.0196131	0.0227752	0.249516	0.0254878	0.0909464	0.063469	0.00828475	0.0429562	0.0264361	0.0204095	0.0115546	0.0243612	0.017931	0.0251686	0.0302015	0.0241382	0.0172185	0.177457
110	0.164847	0.0375432	0.017204	0.008211	0.0142692	0.130607	0.0112996	0.0084697	0.00354584	0.00966473	0.0165965	0.0706247	0.198508	0.0196247	0.00494379	0.178513	0.0766847	0.0080155	0.00972193	0.0111057
111	0.120644	0.00405516	0.0300363	0.0559829	0.031541	0.0106134	0.00694818	0.0102066	0.00624168	0.32061	0.0335542	0.0325387	0.194437	0.032732	0.0310413	0.0147256	0.0161515	0.0132627	0.026865	0.00781276
112	0.113322	0.00265975	0.019487	0.0256664	0.00187636	0.0397014	0.00246787	0.00574532	0.0035219	0.022691	0.00285045	0.0143294	0.503057	0.00521626	0.0102507	0.134461	0.0782446	0.0092167	0.000992137	0.00424275
113	0.1897	0.0284358	0.0135441	0.0300142	0.0334853	0.0835009	0.0103242	0.00751465	0.0265282	0.0313514	0.0147584	0.0295161	0.00643209	0.0105691	0.0138125	0.373577	0.0710511	0.0151192	0.00432901	0.00643718
114	0.467713	0.00142197	0.00236773	0.00457014	0.0257298	0.0911705	0.00987462	0.0294883	0.0156784	0.0173801	0.013439	0.00279085	0.0119056	0.0274225	0.0223868	0.130304	0.0348335	0.0710076	0.000988637	0.0195268
115	0.191664	0.009275	0.0261528	0.0251889	0.012701	0.333544	0.0130947	0.0127281	0.0472332	0.024953	0.0116492	0.0350038	0.00911849	0.0446162	0.0649181	0.0789906	0.0255702	0.0171508	0.00395009	0.0124984
116	0.209319	0.00722928	0.00340011	0.003875	0.0226197	0.496916	0.00741202	0.0255299	0.00470964	0.0150257	0.00771608	0.00507665	0.0182053	0.00757872	0.0207384	0.0700528	0.0335942	0.0344914	0.00132782	0.00518285
117	0.0644274	0.000824273	0.00153057	0.00186122	0.00150805	0.00226749	0.00461558	0.16991	0.00114466	0.075942	0.00193781	0.00822691	0.0320946	0.00187102	0.0182687	0.00869022	0.184746	0.418043	0.00067309	0.00141724
118	0.151775	0.0315507	0.00185607	0.00302068	0.0286949	0.0232579	0.0207459	0.11613	0.00147293	0.20325	0.111569	0.0177381	0.00107849	0.0158824	0.00382864	0.0349148	0.108447	0.11304	0.00658421	0.00516315
119	0.0374005	0.000544156	0.00043468	0.000419606	0.016259	0.00763977	0.00160765	0.312003	0.000367162	0.308508	0.0510643	0.00292484	0.000259729	0.00180717	0.000433938	0.00641323	0.0326553	0.202595	0.000177959	0.0164844
120	0.261732	0.0157912	0.00219956	0.00258495	0.00773979	0.0584347	0.00420269	0.167045	0.00237726	0.194035	0.0241226	0.0114372	0.00172585	0.012341	0.0132307	0.0350501	0.0208003	0.157177	0.00568114	0.00229255
121	0.0972066	0.000460717	0.028117	0.0196673	0.0395964	0.00596846	0.0302131	0.114463	0.0205009	0.239646	0.0245533	0.00937276	0.008169	0.036441	0.0623994	0.0141631	0.0512962	0.0911715	0.00300079	0.103594
122	0.0336106	0.00080861	0.0012291	0.00424135	0.090817	0.0011997	0.0139007	0.122606	0.00128071	0.396494	0.0875544	0.0047055	0.00703333	0.0203439	0.00112636	0.008392	0.0255711	0.107689	0.0238844	0.0475116
123	0.431192	0.0048246	0.00464306	0.0105836	0.00134712	0.0303547	0.00493032	0.142745	0.00102016	0.036064	0.00404004	0.00472829	0.00441018	0.00528218	0.00147536	0.0684547	0.10142	0.136804	0.000750147	0.00493016
124	0.0769335	0.00050181	0.117414	0.297282	0.00107716	0.0109674	0.0166712	0.00507117	0.126903	0.0292829	0.00634151	0.032517	0.00107533	0.119587	0.0889315	0.0337119	0.0263342	0.00714268	0.000455104	0.00179918
125	0.447308	0.00448125	0.00405993	0.0095008	0.00163758	0.0304547	0.00428364	0.13401	0.00102883	0.0356709	0.00499578	0.00430128	0.00538406	0.00445503	0.00156205	0.0692595	0.0969719	0.135786	0.000491011	0.00435814
126	0.0474926	0.0110322	0.00800647	0.108374	0.101566	0.0208656	0.0149136	0.0141101	0.0423936	0.231312	0.119326	0.00377609	0.00274066	0.0248091	0.0430232	0.0545534	0.0712056	0.0493641	0.0117665	0.019369
127	0.0972066	0.000460717	0.028117	0.0196673	0.0395964	0.00596846	0.0302131	0.114463	0.0205009	0.239646	0.0245533	0.00937276	0.008169	0.036441	0.0623994	0.0141631	0.0512962	0.0911715	0.00300079	0.103594
128	0.501257	0.00495956	0.00293814	0.00749768	0.0044074	0.0403473	0.00318884	0.106189	0.00151818	0.0290488	0.0116004	0.00328691	0.00393519	0.00429627	0.00269555	0.0624515	0.0785875	0.126743	0.000734213	0.004318
129	0.0555699	0.00528146	0.0228207	0.0293652	0.411602	0.012476	0.035026	0.00768169	0.00208579	0.0458015	0.0257044	0.0157128	0.0212699	0.0218747	0.00982751	0.00651899	0.0149622	0.00699711	0.0234526	0.22597
130	0.147477	0.0131774	0.0197115	0.0379849	0.0284248	0.046123	0.0378615	0.010552	0.102547	0.0437319	0.0309246	0.0306138	0.0175864	0.0359506	0.159929	0.107982	0.0494665	0.0319791	0.0257953	0.022182
131	0.0641077	0.00197018	0.323237	0.127112	0.0335266	0.00509743	0.0257435	0.0406477	0.0026491	0.0550684	0.0120683	0.0223399	0.00213333	0.0137741	0.0442283	0.0278839	0.0285193	0.0950885	0.00968014	0.0651255
132	0.152038	0.00667709	0.0548375	0.0456624	0.0132449	0.0396159	0.0256999	0.0104159	0.159946	0.0335378	0.0211259	0.0284971	0.0171142	0.0404808	0.173605	0.0568622	0.0563259	0.0192699	0.0279052	0.0171381
133	0.222052	0.000966928	0.108538	0.0753084	0.00521802	0.0728411	0.00957613	0.00866289	0.0406901	0.0207614	0.00521666	0.0982903	0.00428663	0.0657053	0.0754495	0.139047	0.0249894	0.00912263	0.000644738	0.0126316
134	0.0818281	0.0111108	0.177188	0.0378534	0.013351	0.0795805	0.0501113	0.0150611	0.0170622	0.0725763	0.0247755	0.189496	0.01321	0.0644333	0.050989	0.0406515	0.0224296	0.0114905	0.00517301	0.021629
135	0.106954	0.00284728	0.0258512	0.0283237	0.00202161	0.0417973	0.00279976	0.00572897	0.00452042	0.0232425	0.00307107	0.0184633	0.464209	0.00591115	0.0135377	0.147119	0.0896236	0.00881593	0.00120858	0.00395379
136	0.234065	0.00169031	0.122465	0.0804167	0.00459366	0.0697763	0.0107788	0.0094145	0.0358288	0.0178013	0.00492415	0.0933534	0.00613036	0.0572337	0.0691965	0.127844	0.0284861	0.0116512	0.000897703	0.0134532
137	0.0933238	0.00304932	0.0391369	0.016733	0.0933045	0.0179208	0.0321623	0.0855641	0.0136366	0.161957	0.0193068	0.00901937	0.0175296	0.0353453	0.0652383	0.022396	0.0436431	0.0663363	0.00416724	0.160229
138	0.0610231	0.00200036	0.0248828	0.0144383	0.047617	0.0138494	0.0392153	0.104507	0.0235654	0.036097	0.0493455	0.0494149	0.00204368	0.0194566	0.0364787	0.0383768	0.139114	0.198371	0.00349609	0.0967069
139	0.028797	0.0250604	0.20628	0.195687	0.00321832	0.0183803	0.0706434	0.00454997	0.00733596	0.0112694	0.0043867	0.170428	0.00247785	0.101077	0.00525979	0.125569	0.00876814	0.00556571	0.00184572	0.00340084
140	0.0471812	0.00802885	0.0180218	0.00467336	0.00704286	0.0178906	0.0118748	0.00733057	0.00651453	0.0146283	0.00980076	0.0331799	0.0174598	0.0145563	0.00671604	0.273104	0.479466	0.0155144	0.00181542	0.0052015
141	0.0415446	0.00825674	0.0213322	0.00279597	0.00236239	0.0140438	0.0091913	0.00360797	0.00464174	0.00635342	0.00603737	0.0338855	0.016496	0.00976472	0.00254214	0.316307	0.490647	0.00669274	0.00125753	0.00223985
142	0.0857499	0.0154368	0.00749485	0.00825318	0.0515107	0.0202	0.0807304	0.0189238	0.014735	0.0491622	0.0375308	0.056645	0.00721148	0.0960313	0.0133868	0.146995	0.23011	0.034508	0.00329582	0.0220885
143	0.00786008	0.00928154	0.0022639	0.00227791	0.146659	0.00339991	0.00238092	0.324906	0.00181464	0.199391	0.0180415	0.0023287	0.00151926	0.0023676	0.00239051	0.00462772	0.00523706	0.0876332	0.00819832	0.167421
144	0.191614	0.0411481	0.00448253	0.00151056	0.00201948	0.00458891	0.00110225	0.00918135	0.00111923	0.0212566	0.00509636	0.0223241	0.000910122	0.00132756	0.00145225	0.451394	0.186895	0.0503429	0.00107802	0.00115666
145	0.128729	0.0233639	0.000691791	0.000722603	0.00105882	0.00209315	0.000634841	0.216861	0.000587281	0.0469427	0.0397555	0.000706032	0.00688963	0.000835247	0.000714702	0.0116359	0.0228842	0.493994	0.000322485	0.00057757
146	0.125112	0.0206479	0.000652184	0.000771566	0.00125879	0.00237678	0.00061173	0.215296	0.000600647	0.057986	0.0476789	0.000701174	0.00609652	0.000847943	0.000816436	0.0103423	0.0228378	0.484428	0.000302789	0.00063495
147	0.0777717	0.00741676	0.319826	0.0929032	0.0203446	0.0200808	0.0212383	0.0298886	0.0120704	0.0442298	0.0181751	0.0277131	0.00852667	0.021949	0.027294	0.0377748	0.0756587	0.0939801	0.0101627	0.0329953
148	0.187847	0.000614817	0.0612664	0.105868	0.00305665	0.02609	0.0165891	0.00894838	0.18275	0.0167263	0.00460513	0.038731	0.00613008	0.0764507	0.209836	0.0323332	0.0145323	0.00227421	0.00177629	0.00357505
149	0.0784309	0.000467103	0.329157	0.280234	0.015746	0.0230775	0.0250361	0.00113701	0.0189017	0.0118136	0.0154998	0.0336807	0.000615562	0.0559305	0.00717866	0.0330092	0.0340385	0.011843	0.0145839	0.00961936
150	0.169146	0.00774635	0.0206223	0.0269771	0.0136822	0.225122	0.0172466	0.0158562	0.0558533	0.0347586	0.0159838	0.0251379	0.0127042	0.0324329	0.162038	0.0868817	0.0346659	0.0202841	0.00725604	0.0156055
151	0.0586401	0.025544	0.0584362	0.00792392	0.0271105	0.10464	0.0356366	0.0294733	0.0242942	0.0335214	0.105442	0.255042	0.014262	0.0250338	0.0507083	0.0505726	0.0519523	0.00656576	0.00336005	0.0318412
152	0.267251	0.0256431	0.00182314	0.00216754	0.0298299	0.0375495	0.0124247	0.129742	0.00198021	0.154052	0.0751975	0.00753993	0.00187841	0.0104511	0.0114517	0.0326554	0.0512884	0.126645	0.017702	0.00272679
153	0.134038	0.028034	0.000831311	0.000866305	0.00129054	0.00255128	0.000722068	0.21348	0.000625568	0.0492244	0.0383305	0.000830424	0.00709844	0.001082	0.000933044	0.0116355	0.0233066	0.483993	0.00042961	0.000697268
154	0.600665	0.00138567	0.00235982	0.00263127	0.00187875	0.0433117	0.00236713	0.00242323	0.00209816	0.00328775	0.00292517	0.00159513	0.00169027	0.00188152	0.00260162	0.253819	0.0405271	0.0303005	0.000657029	0.00159384
155	0.0839749	0.0332808	0.00295783	0.00567405	0.0260074	0.0101733	0.011376	0.164732	0.00167518	0.18761	0.095447	0.035838	0.00140223	0.0104535	0.00275646	0.0684329	0.118443	0.124585	0.0020818	0.0130992
156	0.0742149	0.00817587	0.0064128	0.00838987	0.0170419	0.0198041	0.01215	0.166265	0.00767379	0.163253	0.0412704	0.0147009	0.0142106	0.0112639	0.0181198	0.0335175	0.224774	0.136353	0.00386847	0.0185404
157	0.0821066	0.0143667	0.00463617	0.00712011	0.0549659	0.010628	0.0742007	0.0217091	0.0146713	0.0621518	0.0491479	0.0481098	0.00511825	0.0969375	0.0050102	0.118415	0.263157	0.0422321	0.00150671	0.023809
158	0.0280194	0.00658393	0.0204118	0.00277032	0.00251922	0.0145924	0.00965384	0.00335061	0.00486471	0.00558494	0.00624434	0.0324667	0.0171049	0.0102051	0.0028617	0.306849	0.516808	0.00524697	0.0014681	0.0023943
159	0.0352063	0.000921615	0.000581234	0.000579231	0.0162012	0.00733075	0.00174715	0.302533	0.000615666	0.316996	0.0497593	0.00752658	0.000485797	0.00210042	0.00065464	0.0089921	0.0326536	0.199669	0.000352327	0.0150947
160	0.03726	0.00593582	0.0149636	0.0378286	0.40639	0.0101239	0.0223174	0.00812456	0.00250168	0.0449116	0.0290294	0.0107905	0.0120079	0.0154634	0.0181025	0.00713883	0.0126856	0.00761054	0.0541765	0.242638
161	0.178447	0.0127554	0.010356	0.00735523	0.0142434	0.45237	0.00822577	0.0115343	0.00624577	0.0164443	0.00844309	0.0185216	0.0836382	0.00893813	0.0131683	0.0908141	0.0327619	0.0165359	0.00300676	0.00619486
162	0.210638	0.0362694	0.00428572	0.000972277	0.00119021	0.00229526	0.000790857	0.00729053	0.000817216	0.0221409	0.00466958	0.0196407	0.000644853	0.000975515	0.00108422	0.468158	0.182719	0.0339055	0.000687581	0.000824186
163	0.146956	0.0164283	0.0102101	0.0241729	0.0110192	0.23192	0.0258927	0.00676512	0.17729	0.0216656	0.0132993	0.0116278	0.00983373	0.027999	0.102941	0.0743896	0.0334886	0.0228778	0.00911317	0.0221098
164	0.0822296	0.000828161	0.0225715	0.0146993	0.0441015	0.00436596	0.0302767	0.124902	0.0231722	0.177904	0.0315147	0.0148556	0.00519847	0.0252323	0.0302807	0.0114491	0.0488324	0.208329	0.0115026	0.0877547
165	0.0611732	0.00174185	0.00308273	0.0126577	0.0320933	0.0241174	0.00243917	0.141495	0.0190975	0.0598188	0.263299	0.00355472	0.00203109	0.048607	0.00346961	0.0440177	0.0948549	0.121125	0.0208742	0.0404502
166	0.0934002	0.000619738	0.0800002	0.0592229	0.00105711	0.026485	0.0128296	0.00183086	0.118439	0.00245995	0.00146324	0.0144458	0.426813	0.0123021	0.0446017	0.059812	0.0403952	0.00198218	0.000551793	0.00128881
167	0.0135229	0.00430522	0.0505696	0.0315208	0.0028846	0.70971	0.0144977	0.00146265	0.0309238	0.00239731	0.00144101	0.0650883	0.00450785	0.0122181	0.0232432	0.0129328	0.00238004	0.00194429	0.00347318	0.0109766
168	0.0834898	0.00349548	0.00490106	0.00530443	0.00607977	0.0443881	0.0227658	0.049208	0.00442551	0.156263	0.0256752	0.00744708	0.00379946	0.00796447	0.00597393	0.0506079	0.47168	0.0117722	0.00240374	0.032355
169	0.0207338	0.00411399	0.0434618	0.0281088	0.00361449	0.693312	0.0146401	0.00218629	0.0306196	0.00378963	0.00189972	0.0714106	0.00408931	0.0148839	0.025695	0.015644	0.0037313	0.00233258	0.0034545	0.0122784
170	0.0375593	0.000849867	0.00167437	0.00265682	0.109836	0.00253125	0.00148737	0.412004	0.0016399	0.0199911	0.0415165	0.00181324	0.00109658	0.00179716	0.00278486	0.00328387	0.0132086	0.341786	0.000731804	0.00175239
171	0.033643	0.000807091	0.0012297	0.00423882	0.0908355	0.00118016	0.0139016	0.122519	0.00127724	0.396605	0.0875181	0.00472094	0.00706689	0.020318	0.00112644	0.00837451	0.0255618	0.107695	0.0238568	0.047524
172	0.0694333	0.0213276	0.00300089	0.00395632	0.0202363	0.0310043	0.00283946	0.069171	0.00348646	0.221959	0.343131	0.00360698	0.028176	0.00535336	0.0116205	0.0286019	0.0109278	0.084184	0.00310754	0.0348761
173	0.0448457	0.0116457	0.115097	0.0638872	0.00737053	0.0426032	0.0208766	0.00962776	0.0216202	0.0191545	0.0119181	0.451799	0.00500159	0.0590264	0.026814	0.0475752	0.018885	0.00964669	0.00279054	0.00981578
174	0.0102176	0.012799	0.059677	0.00317607	0.00322245	0.0343395	0.00281409	0.0042893	0.00267533	0.00609903	0.00385715	0.793172	0.00204171	0.00789308	0.0033037	0.0315188	0.00924317	0.00533022	0.00154846	0.0027819
175	0.101358	0.0508339	0.041763	0.068531	0.0359883	0.0591444	0.00723884	0.0518517	0.00668812	0.0141359	0.0422659	0.0283051	0.00465162	0.160877	0.0311455	0.109267	0.086667	0.0349967	0.00404583	0.0602457
176	0.0673428	0.0159739	0.00332091	0.00476164	0.0156294	0.0362295	0.00466512	0.101404	0.00313467	0.264357	0.282905	0.00572233	0.0182686	0.00630881	0.00915836	0.0328322	0.0219596	0.0835365	0.00304528	0.0194451
177	0.0704253	0.0225326	0.077982	0.00860506	0.0203546	0.141987	0.0369208	0.0277372	0.0221125	0.0252578	0.0570322	0.225632	0.0207834	0.0329731	0.0593367	0.0620193	0.0491567	0.00458055	0.00382295	0.0307482
178	0.127882	0.00587525	0.255698	0.175202	0.00981784	0.0352616	0.0141665	0.00581348	0.0106958	0.0283555	0.0109779	0.0853301	0.00430244	0.0275844	0.00792883	0.0638997	0.0474457	0.0364214	0.0364268	0.0109147
179	0.0847013	0.00620425	0.045274	0.0410838	0.332696	0.0287891	0.0258834	0.011971	0.00383649	0.0567504	0.034102	0.0171831	0.0441044	0.0376842	0.0125096	0.0128889	0.0174609	0.0123431	0.0152443	0.159289
180	0.272471	0.0203866	0.174498	0.0698368	0.00388883	0.0383051	0.00476246	0.00677534	0.00483004	0.0131723	0.00581424	0.104217	0.00445453	0.00668688	0.00835599	0.118526	0.0857	0.0436539	0.00837757	0.00528716
181	0.104875	0.00230009	0.0134829	0.0034569	0.0170179	0.015505	0.0143314	0.114596	0.00296587	0.139974	0.050643	0.00416087	0.109247	0.00329214	0.0160318	0.00766137	0.0107095	0.330896	0.0184281	0.0204248
182	0.400036	0.000979657	0.0184047	0.207073	0.00163798	0.0663738	0.0078308	0.00849979	0.0235166	0.0232196	0.00466052	0.00386522	0.0320875	0.122017	0.0412766	0.00677757	0.0124222	0.0169017	0.000932581	0.00148678
183	0.186394	0.00157347	0.00282524	0.0156545	0.00248295	0.0495226	0.00237179	0.00475452	0.0109192	0.024285	0.00333847	0.0041939	0.64362	0.00307985	0.00443848	0.0138148	0.00980332	0.0066628	0.00119629	0.00906846
184	0.0144959	0.00269751	0.0299937	0.0298136	0.00583555	0.647037	0.0198696	0.00175454	0.0416231	0.00276393	0.00180994	0.0957367	0.00297163	0.0230444	0.0383996	0.00904356	0.00304645	0.00226526	0.00248115	0.0253173
185	0.14844	0.0142877	0.0215301	0.0620712	0.0152147	0.0342245	0.0227779	0.00904662	0.143251	0.0454888	0.019864	0.0268473	0.0120355	0.0505883	0.194043	0.0773778	0.0446618	0.029658	0.0135792	0.0150131
186	0.112226	0.00755582	0.0107409	0.0341744	0.0124059	0.0334633	0.00897875	0.0627957	0.0209562	0.0743013	0.0212078	0.00996754	0.00423592	0.0521537	0.288395	0.0459642	0.108606	0.042481	0.00427516	0.045115
187	0.0624498	0.0214524	0.0032537	0.00392797	0.0192511	0.0223765	0.00318957	0.0842783	0.00334598	0.180948	0.312065	0.00376109	0.0874658	0.00474506	0.0285254	0.0386341	0.0152327	0.0854471	0.0019536	0.0176973
188	0.140904	0.0046076	0.00709091	0.0117227	0.0412626	0.032399	0.026474	0.0197335	0.0152613	0.139359	0.0648659	0.00843938	0.101017	0.0101526	0.0926072	0.0649446	0.0865395	0.0980948	0.0264338	0.00808963
189	0.0410009	0.0197958	0.0280361	0.00549788	0.0112598	0.0186612	0.0508714	0.00763489	0.00980665	0.021771	0.0101446	0.0454773	0.0098411	0.0161239	0.0181592	0.266439	0.392832	0.0110581	0.00262945	0.0129597
190	0.123625	0.0655534	0.0124047	0.00419557	0.033208	0.149665	0.025029	0.0169964	0.00594606	0.00781546	0.0526358	0.124515	0.032777	0.0185458	0.00685024	0.174728	0.0970694	0.00542151	0.0167369	0.0262813
191	0.0611312	0.00270066	0.00367619	0.0120858	0.0294116	0.0220089	0.00362256	0.139197	0.0200474	0.0832125	0.2729	0.00381456	0.00349378	0.0490607	0.00579427	0.0418244	0.0875173	0.100364	0.0170756	0.0410621
192	0.210638	0.0362694	0.00428572	0.000972277	0.00119021	0.00229526	0.000790857	0.00729053	0.000817216	0.0221409	0.00466958	0.0196407	0.000644853	0.000975515	0.00108422	0.468158	0.182719	0.0339055	0.000687581	0.000824186
