524	20
1	0.0149319	0.0270687	0.00849474	0.0137453	0.00938576	0.0239916	0.0598296	0.0149353	0.100395	0.0535463	0.00611786	0.0305403	0.0110924	0.0437721	0.486977	0.0356899	0.0182087	0.010333	0.0118376	0.0191063
2	0.090909	0.0179539	0.0270398	0.0243884	0.0171119	0.0559382	0.0318597	0.0284552	0.0267013	0.0393096	0.0183206	0.0692374	0.065296	0.0344815	0.0262382	0.266983	0.0991529	0.0404993	0.00405224	0.0160716
3	0.0489347	0.00720855	0.0815536	0.111717	0.00226337	0.532622	0.0117471	0.00769967	0.0177012	0.00531512	0.00236973	0.0314868	0.00834582	0.0176515	0.021428	0.059997	0.017669	0.0102858	0.000413026	0.00359084
4	0.0827882	0.0157283	0.0291561	0.0286959	0.0152682	0.0579613	0.0271835	0.0218861	0.0220714	0.0376171	0.0182974	0.0702276	0.0650787	0.0355094	0.0209246	0.285879	0.117663	0.03126	0.00245126	0.0143534
5	0.141659	0.010727	0.0260311	0.0382749	0.0198072	0.0581161	0.0217857	0.0615326	0.0243945	0.0674188	0.0256209	0.04482	0.064013	0.0316623	0.0206955	0.148179	0.0914973	0.0919659	0.00168435	0.0101143
6	0.0878976	0.0107216	0.0141434	0.0241399	0.0167987	0.043414	0.0407688	0.0302761	0.0156665	0.0588497	0.016385	0.0272081	0.248194	0.064319	0.0184755	0.166316	0.0646953	0.0389208	0.0012015	0.0116087
7	0.0778469	0.00672829	0.0147675	0.0230735	0.0163431	0.0375663	0.0424312	0.0248099	0.0183705	0.0564362	0.0136766	0.0324885	0.269035	0.0723799	0.01803	0.170253	0.0619269	0.0299556	0.0013425	0.0125379
8	0.0949415	0.0139717	0.0187388	0.0143854	0.0138043	0.0311814	0.0100087	0.0116487	0.015406	0.0187654	0.0197784	0.055088	0.0188427	0.0140479	0.013099	0.388851	0.211824	0.0239307	0.00303038	0.00865594
9	0.00998818	0.000968399	0.00139838	0.0014755	0.0117798	0.00275182	0.00156133	0.477552	0.00134532	0.0327723	0.0428028	0.00212253	0.00372789	0.0016842	0.00181071	0.00591981	0.0173071	0.381432	0.000332431	0.00126783
10	0.00716129	0.000838643	0.140639	0.722011	0.000797479	0.0177329	0.00235733	0.00127767	0.0296701	0.00169007	0.00312825	0.0109825	0.000856066	0.0440133	0.00550076	0.00411222	0.00374189	0.00228112	0.000245888	0.000962036
11	0.0575284	0.0101389	0.0578496	0.0594721	0.00642192	0.499211	0.0184909	0.0130846	0.0174093	0.0140632	0.00504372	0.039692	0.0135007	0.0217344	0.02657	0.0836219	0.0304605	0.0182951	0.00138972	0.00602208
12	0.163352	0.0182084	0.0113048	0.0205915	0.0150025	0.0408265	0.0154716	0.0281431	0.0153672	0.0605854	0.0192771	0.0332871	0.0670713	0.0147574	0.0138285	0.28397	0.111118	0.0533401	0.00412354	0.0103745
13	0.0077568	0.00110041	0.00627381	0.0010785	0.117703	0.00141446	0.00696716	0.107985	0.0012371	0.558298	0.0744002	0.00266536	0.00573194	0.00676415	0.0140952	0.0117592	0.00293299	0.0518795	0.00022275	0.0197338
14	0.174345	0.0120604	0.00882167	0.00903768	0.0157476	0.0464109	0.00272212	0.0100092	0.0170607	0.0206135	0.0233905	0.0380896	0.0204296	0.00694566	0.0108119	0.340068	0.18829	0.047894	0.0032041	0.00404739
15	0.189212	0.00797348	0.024718	0.0810638	0.00470927	0.0441433	0.00862767	0.0231997	0.0227441	0.0226601	0.0165706	0.0473423	0.0403214	0.0281475	0.0116923	0.227223	0.134008	0.0605119	0.00175026	0.0033813
16	0.0486826	0.00674449	0.00557861	0.00345155	0.0980079	0.0153979	0.0177735	0.139848	0.00282309	0.26743	0.0811873	0.0125907	0.0263008	0.00575526	0.00907338	0.0534908	0.0286455	0.154344	0.00222501	0.02065
17	0.0615108	0.00751094	0.0523858	0.0599369	0.00118732	0.637814	0.0107599	0.00862266	0.0104742	0.00293466	0.000889433	0.0241659	0.00636766	0.00490398	0.0209274	0.0626784	0.0150986	0.00917983	0.000330817	0.00232109
18	0.0657473	0.012906	0.0603595	0.0233149	0.00731789	0.125593	0.0274042	0.0140102	0.0251127	0.0069659	0.0042713	0.17785	0.0159842	0.0138631	0.0259907	0.283304	0.0889078	0.0128402	0.000305195	0.00795253
19	0.100743	0.01281	0.0149271	0.00416514	0.0169344	0.0187527	0.00207901	0.00432232	0.00965537	0.0187887	0.0245424	0.0348228	0.00726837	0.00467681	0.00823517	0.444126	0.243105	0.0205435	0.00327411	0.00622754
20	0.00738008	0.000806054	0.145544	0.717452	0.000781216	0.0177182	0.00230865	0.00125599	0.0293466	0.00171865	0.00312816	0.0126509	0.000853942	0.0420618	0.00519344	0.00415742	0.0039928	0.0023396	0.000237409	0.00107364
21	0.00702274	0.000820435	0.13079	0.739141	0.000798378	0.0164467	0.00188166	0.00118958	0.0300569	0.00150064	0.00318956	0.00832928	0.000860359	0.04308	0.00543907	0.0033764	0.00322219	0.00180678	0.000247556	0.000800998
22	0.0191466	0.002413	0.151677	0.299253	0.00183101	0.0432885	0.0370001	0.00713229	0.0384396	0.0109155	0.00369549	0.0566364	0.00274494	0.217361	0.0332119	0.0290337	0.0129376	0.0248094	0.00048669	0.00798671
23	0.0101403	0.00140631	0.00613971	0.00117977	0.117295	0.00221936	0.00782224	0.110752	0.00128722	0.53858	0.0747483	0.00328185	0.0067239	0.0069221	0.0137109	0.0141659	0.00436096	0.0590789	0.000362656	0.0198227
24	0.00595392	0.0571922	0.00390501	0.00380583	0.00561545	0.0221685	0.0267217	0.0085817	0.0394739	0.075663	0.00300978	0.012688	0.00408702	0.0103582	0.649487	0.0239991	0.00736838	0.00505382	0.0140149	0.0208525
25	0.130014	0.026128	0.00736672	0.00606767	0.00898546	0.01215	0.0032985	0.00326053	0.015221	0.0122708	0.00832545	0.0277009	0.00416878	0.00440822	0.00683549	0.561253	0.126773	0.00753832	0.0153819	0.0128519
26	0.0244706	0.00802357	0.161069	0.0506878	0.00693813	0.0311419	0.175559	0.00821465	0.0281587	0.00948319	0.00343507	0.243389	0.00959103	0.0388082	0.0156142	0.0846238	0.0615716	0.0129357	0.00157738	0.0247069
27	0.0704339	0.00359602	0.0116666	0.0166462	0.00809097	0.0236768	0.04229	0.0142386	0.0102703	0.0416768	0.0088307	0.0191392	0.362395	0.0800758	0.00788432	0.203081	0.057592	0.0144147	0.000414789	0.00358587
28	0.203368	0.00499093	0.0175312	0.0446631	0.00514168	0.062023	0.00482358	0.019461	0.0254224	0.0271308	0.027486	0.0496608	0.0448399	0.0228609	0.0138442	0.203115	0.145891	0.075923	0.000553065	0.0012698
29	0.0107558	0.0542742	0.0110107	0.0094798	0.189098	0.0198115	0.0955848	0.0121588	0.00942429	0.0419189	0.0040237	0.0213453	0.0151407	0.0242667	0.0267531	0.0430858	0.00941966	0.0123901	0.0008271	0.389231
30	0.0508162	0.00833449	0.00522237	0.00400898	0.0947274	0.0164654	0.0204789	0.137036	0.0033761	0.248736	0.0787834	0.0138153	0.0298004	0.00635397	0.00895265	0.0581269	0.0309552	0.160465	0.0022953	0.021251
31	0.103941	0.00970516	0.0603623	0.0847885	0.00396721	0.0473024	0.0159985	0.0351507	0.0403775	0.0232847	0.0211368	0.109475	0.030788	0.0503475	0.0185769	0.174869	0.12714	0.0411284	0.000272001	0.00138805
32	0.0100329	0.0343239	0.0176816	0.0114531	0.178398	0.0187071	0.105865	0.0176213	0.0116841	0.0609174	0.00821361	0.0250494	0.0124229	0.0325072	0.0301673	0.0404951	0.0104187	0.017276	0.0014799	0.355285
33	0.0181013	0.0337135	0.0125397	0.0113525	0.160052	0.0182388	0.106163	0.024785	0.013493	0.0695417	0.0105509	0.025477	0.0197527	0.035942	0.0340983	0.0473398	0.0160957	0.0247799	0.00158802	0.316394
34	0.0621663	0.0680735	0.0147043	0.0144482	0.0622572	0.0997558	0.0248191	0.0327204	0.026137	0.0985445	0.035849	0.0717357	0.0322127	0.0137677	0.0431381	0.129193	0.0391047	0.0477766	0.00479323	0.0788024
35	0.108342	0.0241204	0.01061	0.00608678	0.0130407	0.0161047	0.00245215	0.00465151	0.0105136	0.0117528	0.0133023	0.0290644	0.00368577	0.00421643	0.00798988	0.510323	0.195462	0.0117884	0.0081278	0.00836579
36	0.0342191	0.00542246	0.0158261	0.0085918	0.00421333	0.0296535	0.220589	0.00630828	0.0488657	0.00677952	0.00404812	0.354292	0.00711351	0.0348751	0.0102874	0.125284	0.0509587	0.00670279	0.00140987	0.0245597
37	0.145781	0.00338175	0.0459662	0.0424791	0.0128851	0.0926717	0.00584945	0.109353	0.00793302	0.0312946	0.0767343	0.0203845	0.0153045	0.0305441	0.0138039	0.0470393	0.0489664	0.245754	0.00090384	0.00297091
38	0.0381364	0.00567546	0.0134657	0.00921711	0.00422183	0.0244208	0.218838	0.00648936	0.056008	0.00701985	0.00417174	0.347762	0.00762501	0.0358192	0.0112556	0.133215	0.0438443	0.00718827	0.00132623	0.0243006
39	0.0456147	0.0249659	0.0193689	0.0276263	0.0134987	0.0542066	0.0452444	0.0171946	0.0572024	0.0436952	0.0135807	0.0569601	0.0320764	0.0473582	0.250316	0.143211	0.0562358	0.0210705	0.0069979	0.0235753
40	0.010854	0.00155932	0.0062112	0.00124628	0.116511	0.00230285	0.00793848	0.109637	0.00136028	0.53784	0.0746542	0.00353206	0.00717512	0.00659827	0.0136647	0.0148812	0.00459731	0.0591779	0.000355361	0.0199034
41	0.0779347	0.00861199	0.0130397	0.0195873	0.0183853	0.0299203	0.0460986	0.0267684	0.0165821	0.0607793	0.0142235	0.026833	0.274544	0.0658074	0.0246942	0.167011	0.0591397	0.0314803	0.00186722	0.016692
42	0.118343	0.0141298	0.00956637	0.0147242	0.008875	0.0366091	0.0440371	0.0198698	0.00985952	0.0561745	0.00712711	0.0237951	0.293669	0.0423323	0.0126948	0.177973	0.0734526	0.0273067	0.000456258	0.0090056
43	0.0796116	0.0110761	0.0129235	0.0199976	0.0158519	0.0321065	0.0457695	0.0260274	0.0170957	0.0571822	0.0148186	0.031098	0.264875	0.0695837	0.0203783	0.172332	0.0641696	0.0323032	0.00161292	0.0111863
44	0.0679031	0.00797894	0.00728182	0.00623189	0.0803506	0.025011	0.0176731	0.136546	0.00553082	0.206902	0.0747157	0.0157957	0.0344619	0.00660311	0.0109744	0.0656045	0.0409706	0.167713	0.00257497	0.0191764
45	0.0219823	0.00279754	0.00235089	0.00204251	0.0330217	0.00716511	0.00656203	0.386737	0.00162631	0.0873122	0.0568302	0.00531031	0.0106706	0.00270482	0.00345988	0.0204868	0.0228794	0.319132	0.00100654	0.00592238
46	0.105279	0.00808402	0.0127846	0.0211243	0.0128853	0.0350942	0.0345015	0.026023	0.0124294	0.0627311	0.0164786	0.027752	0.242862	0.0486943	0.0138587	0.189466	0.0836536	0.0383075	0.000956909	0.00703382
47	0.00404685	0.033663	0.00273667	0.00309333	0.00181697	0.0190523	0.0291187	0.00833862	0.0445094	0.0608734	0.0016304	0.0112645	0.00260537	0.0133763	0.715177	0.0149831	0.00421926	0.00317052	0.0172908	0.00903384
48	0.0102644	0.00198364	0.14589	0.63855	0.00118834	0.026956	0.00791165	0.00333838	0.0301527	0.00353788	0.00334982	0.022904	0.00204111	0.0597043	0.0122408	0.0134718	0.00830311	0.00570107	0.000273037	0.00223868
49	0.0613861	0.0137747	0.0814728	0.0599178	0.00626287	0.0758928	0.0256244	0.0242032	0.0441639	0.0123722	0.0118628	0.160186	0.0185878	0.034898	0.0255648	0.209207	0.110484	0.0177649	0.000967291	0.00540748
50	0.0219671	0.0116603	0.0126923	0.0292792	0.00686893	0.0198954	0.157164	0.0125899	0.0456071	0.0841711	0.00622108	0.0278269	0.0316931	0.176788	0.182484	0.0642666	0.0424147	0.00764216	0.0231114	0.0356562
51	0.00894317	0.0266367	0.00484388	0.00991045	0.00236827	0.0177497	0.0640642	0.00960247	0.0504595	0.064893	0.00255445	0.0145839	0.00869007	0.053057	0.587139	0.0256696	0.0133797	0.0040843	0.0170592	0.0143116
52	0.0577649	0.00758849	0.0061094	0.0044422	0.0888904	0.0193709	0.0186713	0.143022	0.00332402	0.21949	0.0781872	0.0144648	0.0310614	0.0056005	0.00841753	0.0614398	0.0357591	0.173997	0.00262546	0.0197732
53	0.190825	0.0035556	0.0169699	0.0472936	0.00396904	0.0586712	0.00430363	0.023074	0.0266245	0.0341221	0.0330045	0.0452377	0.048718	0.0299499	0.0129919	0.19584	0.14185	0.0813978	0.000411416	0.00119075
54	0.00858652	0.0246392	0.00196142	0.00278753	0.0472469	0.00845936	0.392409	0.00195718	0.0492462	0.00308243	0.00110093	0.0819178	0.0111258	0.149856	0.0881238	0.00977382	0.00422332	0.00232041	0.00138253	0.1098
55	0.0189006	0.013708	0.0107058	0.0265707	0.00768605	0.0177903	0.167116	0.0107086	0.0445456	0.0691311	0.00468209	0.0305863	0.0261515	0.180583	0.220504	0.053197	0.0342515	0.00647506	0.0227166	0.0339898
56	0.048128	0.00705137	0.00519103	0.00348812	0.0985959	0.0154453	0.0187165	0.136138	0.00293911	0.266377	0.0800833	0.0132753	0.027305	0.00576257	0.00897416	0.0540759	0.0288983	0.156481	0.00218855	0.0208854
57	0.121289	0.00526447	0.0480092	0.07832	0.00207196	0.295705	0.0105938	0.024838	0.0175807	0.0146448	0.0115882	0.0482869	0.0337268	0.0263684	0.0165975	0.136127	0.0646948	0.0411039	0.000418526	0.00277023
58	0.0419092	0.0162982	0.0408625	0.03212	0.010097	0.12995	0.0155742	0.0160414	0.0920593	0.0140333	0.0255317	0.114213	0.0387443	0.0214834	0.0771327	0.199452	0.0704283	0.0308092	0.00397774	0.00928217
59	0.0621995	0.00732893	0.00724428	0.00512749	0.0864754	0.0204976	0.017966	0.142809	0.00356816	0.21189	0.0759759	0.0150065	0.0307954	0.00590358	0.00854573	0.0612474	0.0375427	0.17825	0.00252994	0.0190969
60	0.0462644	0.00839067	0.0453533	0.0609629	0.00207928	0.643447	0.00983043	0.00602662	0.020956	0.00397243	0.00248875	0.0206962	0.00801703	0.00842986	0.0286411	0.0598118	0.015992	0.00561236	0.000853951	0.00217364
61	0.0108605	0.000974907	0.492777	0.166523	0.000793625	0.0541655	0.0130641	0.00449322	0.00633082	0.00696544	0.00117356	0.140473	0.00115427	0.0106	0.00174106	0.0316388	0.0259052	0.0215117	0.000209334	0.00864534
62	0.0262372	0.0169125	0.0133867	0.0534141	0.0420428	0.115136	0.0183739	0.0191685	0.109943	0.0486145	0.0149684	0.105261	0.0253618	0.0238654	0.0921068	0.107069	0.0684349	0.024918	0.0585754	0.0162104
63	0.195425	0.013571	0.00545344	0.0101628	0.0153012	0.0527351	0.0026718	0.0135743	0.0217143	0.0218586	0.0280648	0.0313005	0.0286392	0.00839107	0.00968243	0.289808	0.184791	0.060413	0.00314459	0.00329707
64	0.070396	0.0126624	0.0841406	0.0716088	0.00579225	0.0976173	0.0233715	0.0252489	0.0343057	0.0119351	0.0106522	0.146353	0.0192169	0.0408571	0.0229362	0.190494	0.106209	0.0210773	0.000640113	0.00448576
65	0.118624	0.00516928	0.0467834	0.0704819	0.00222093	0.353833	0.00975348	0.0277613	0.013812	0.0147663	0.010857	0.04048	0.0278058	0.0184474	0.0171705	0.117238	0.0545214	0.04704	0.000386248	0.00284814
66	0.0570349	0.00941759	0.00591064	0.00437762	0.0884684	0.0198559	0.0196793	0.140989	0.00380889	0.217248	0.0769294	0.0151483	0.0322958	0.0061043	0.00864491	0.0643826	0.0357612	0.170433	0.00262922	0.0208812
67	0.0583743	0.0075523	0.0062737	0.0045353	0.0883197	0.0196337	0.0185403	0.143364	0.00332455	0.217977	0.0779486	0.0144726	0.0310741	0.00564824	0.0084315	0.0614234	0.0360921	0.174748	0.00263087	0.0196364
68	0.0345534	0.0213193	0.0203582	0.045882	0.0224907	0.1115	0.0165044	0.0124973	0.103464	0.024952	0.0320184	0.0596166	0.0653961	0.023895	0.112787	0.181107	0.0672191	0.0239533	0.0086797	0.0118058
69	0.136018	0.00552257	0.0423089	0.0741176	0.00671401	0.062004	0.00876572	0.0461502	0.0270131	0.0412572	0.0498416	0.0548144	0.0353845	0.0417135	0.0181205	0.150162	0.101189	0.0954534	0.000647047	0.00280192
70	0.0439811	0.00205167	0.00876688	0.0238845	0.00687285	0.0296639	0.0603052	0.0122216	0.0187197	0.0460011	0.00659318	0.0167741	0.30221	0.156158	0.0147486	0.193146	0.0425186	0.00827843	0.000468329	0.00663615
71	0.0636104	0.0136915	0.0630005	0.023438	0.00805095	0.124536	0.0264618	0.0125017	0.0250772	0.0075349	0.00404704	0.176604	0.0159517	0.0140018	0.0272747	0.283637	0.0897372	0.0117716	0.000244328	0.00882778
72	0.0276273	0.0141845	0.0104484	0.0366872	0.0075234	0.0219083	0.140918	0.0143267	0.062262	0.0809071	0.00739106	0.0279129	0.042373	0.163321	0.153286	0.0730062	0.0536747	0.00894698	0.0197712	0.0335247
73	0.0198845	0.0237973	0.00867386	0.0306531	0.00587972	0.0171983	0.144521	0.0130721	0.0546975	0.0583048	0.00607122	0.0531786	0.0410617	0.177221	0.132925	0.102235	0.0679242	0.011295	0.00869603	0.0227101
74	0.032162	0.0248467	0.0157082	0.024318	0.0107759	0.0932486	0.00934191	0.0161371	0.128918	0.0172222	0.0660784	0.0816896	0.0482978	0.0216772	0.116707	0.166018	0.0690037	0.042908	0.00446507	0.0104756
75	0.0595282	0.0131005	0.0581279	0.0282472	0.00752615	0.128642	0.0246717	0.0137018	0.0369283	0.0076574	0.00686984	0.171178	0.0181536	0.0152571	0.0355218	0.266658	0.0854262	0.0137722	0.00146204	0.00756935
76	0.0140999	0.00236743	0.00664809	0.00142122	0.120316	0.00351062	0.00965524	0.112382	0.00155023	0.499134	0.0764025	0.00443042	0.0103348	0.00618436	0.0129915	0.0202568	0.00687595	0.0687751	0.000576116	0.0220871
77	0.218788	0.00217738	0.0143392	0.0261009	0.00723872	0.0564049	0.00275415	0.0867279	0.0133625	0.0437199	0.0283996	0.027761	0.0418127	0.0134825	0.00915501	0.112942	0.125964	0.167535	0.000292075	0.00104294
78	0.0152474	0.00198735	0.455587	0.150907	0.00122761	0.061277	0.0143904	0.00507967	0.00802303	0.00659816	0.00143917	0.146426	0.00255231	0.0105136	0.0037724	0.054218	0.0314834	0.020473	0.000216308	0.00858164
79	0.0476718	0.00678817	0.0053934	0.00334991	0.0984183	0.0151815	0.0179766	0.139205	0.00278324	0.269728	0.0815759	0.0125057	0.0265751	0.00591595	0.00888774	0.0532445	0.0283615	0.153392	0.00217418	0.0208714
80	0.0567791	0.00743908	0.00601915	0.00433029	0.0890038	0.0190353	0.018458	0.144772	0.00327998	0.221895	0.0782556	0.0142194	0.0304116	0.00554963	0.00835415	0.0603776	0.0351114	0.174443	0.00256694	0.0196988
81	0.027145	0.0183838	0.00716261	0.0242847	0.0293089	0.0262018	0.115314	0.0388494	0.0382939	0.122785	0.0163125	0.026799	0.0704424	0.130033	0.0730173	0.11291	0.0515661	0.0207634	0.00536562	0.0450612
82	0.064992	0.0124856	0.00995759	0.0160127	0.00946812	0.0220854	0.0493039	0.0145143	0.0117731	0.0414453	0.007576	0.0217849	0.293785	0.0729347	0.0146515	0.218114	0.0816546	0.0159477	0.000706107	0.0208076
83	0.0252575	0.00968273	0.0178662	0.0298008	0.00628555	0.0240827	0.163568	0.012757	0.0414138	0.0960609	0.00698514	0.0294947	0.0279433	0.165847	0.172887	0.0697444	0.0424648	0.00853174	0.0163999	0.0329272
84	0.0776121	0.00158454	0.013352	0.014349	0.00915919	0.0228443	0.0339911	0.015987	0.00452012	0.0485399	0.00973651	0.0192008	0.388587	0.0588822	0.00215986	0.202487	0.061704	0.0130475	0.000165053	0.00209114
85	0.189361	0.00333454	0.0173133	0.0507582	0.00375148	0.0564604	0.00369528	0.0254704	0.0252866	0.0338066	0.0308483	0.0496177	0.0496787	0.0284346	0.0120765	0.195237	0.140361	0.0832572	0.0003635	0.000887257
86	0.0637992	0.0128912	0.0627815	0.0228715	0.00684953	0.127086	0.0262875	0.0121795	0.0249451	0.00629065	0.00362096	0.178876	0.0160328	0.0135666	0.0266777	0.286676	0.0890758	0.0114234	0.000200476	0.00786775
87	0.0476657	0.0425274	0.00614089	0.0274526	0.0138936	0.0210014	0.150735	0.0369659	0.041455	0.076297	0.00665843	0.0295578	0.0719677	0.0791677	0.113049	0.101306	0.0684142	0.0196855	0.00679262	0.0392668
88	0.0678282	0.0136134	0.066658	0.0706589	0.0130652	0.0707895	0.0263731	0.0480948	0.036032	0.0209934	0.0139715	0.142447	0.018021	0.0534628	0.0209439	0.16042	0.11886	0.0327144	0.0012508	0.00380213
89	0.00951232	0.0544845	0.0214261	0.00841154	0.198309	0.0365211	0.0743561	0.0147797	0.00561818	0.0806268	0.00640131	0.018823	0.00941383	0.0187815	0.0315963	0.0560314	0.00811519	0.0141204	0.000984961	0.331686
90	0.218801	0.00259476	0.0105283	0.0270863	0.00618038	0.0622983	0.00246353	0.0553175	0.0166875	0.0372446	0.03293	0.0301781	0.0499681	0.0151164	0.00898591	0.152205	0.139585	0.130548	0.000338153	0.00094323
91	0.163329	0.0323417	0.00463982	0.0130474	0.00746595	0.0523671	0.0424425	0.0186401	0.0137754	0.0597142	0.00711734	0.0284087	0.176479	0.0228808	0.0253073	0.18401	0.0858847	0.0472659	0.00102295	0.01386
92	0.183277	0.0278432	0.00521514	0.0155897	0.0146077	0.0676525	0.0417269	0.0494497	0.0155273	0.0970103	0.00953035	0.035861	0.100533	0.00718019	0.0286227	0.126464	0.0739664	0.0784309	0.000785402	0.0207266
93	0.060671	0.00714107	0.00765025	0.0067635	0.0835784	0.0225077	0.0176628	0.145049	0.00342855	0.209265	0.080311	0.014391	0.0302553	0.0065494	0.00868202	0.0597117	0.0356305	0.179538	0.00249092	0.0187219
94	0.0706338	0.0145431	0.0621014	0.0286823	0.0069153	0.119952	0.0265792	0.0153207	0.027671	0.0104286	0.00490016	0.167406	0.0191917	0.0165227	0.0268461	0.269349	0.0906668	0.0144131	0.000209462	0.00766802
95	0.185267	0.0313514	0.00265342	0.00959016	0.0064716	0.0722703	0.0437221	0.0232176	0.0157139	0.0862783	0.00336508	0.0337058	0.14073	0.00986888	0.0297354	0.157933	0.0845504	0.0463459	0.000595689	0.0166338
96	0.0809519	0.00147564	0.0137088	0.0144343	0.00992032	0.0245336	0.0317706	0.0155361	0.00516221	0.046304	0.0118826	0.0189848	0.367761	0.0560972	0.00241741	0.211251	0.068614	0.016905	0.000164279	0.00212537
97	0.0575955	0.00760841	0.00608958	0.00442501	0.0890414	0.0193055	0.0186915	0.142842	0.00332637	0.220487	0.0781659	0.0144539	0.030996	0.00560694	0.00843215	0.061312	0.0356049	0.173604	0.00261339	0.0197988
98	0.0686427	0.0144304	0.0307661	0.0608364	0.0110271	0.0931162	0.0169563	0.015175	0.0735651	0.0307494	0.0368328	0.0502752	0.0653961	0.0380313	0.0925234	0.175864	0.0859669	0.0297303	0.00308095	0.00703408
99	0.144441	0.0301408	0.0101944	0.0150793	0.0141455	0.0927119	0.0382276	0.0239224	0.0331596	0.0784631	0.00856631	0.0573208	0.0921069	0.00880826	0.047244	0.157746	0.0738474	0.0436747	0.00327432	0.0269266
100	0.0746403	0.0119467	0.0507164	0.0417457	0.00913873	0.0794192	0.0212939	0.0290356	0.0356998	0.0125007	0.0169611	0.152091	0.0195442	0.0270362	0.025999	0.24089	0.117331	0.0285426	0.000931671	0.00453548
101	0.192765	0.0320554	0.00305432	0.0126211	0.0082597	0.0727049	0.0446445	0.030487	0.01715	0.0918541	0.00391096	0.0333386	0.122574	0.00740478	0.0305066	0.141362	0.0799526	0.0551873	0.000623178	0.0195437
102	0.0645506	0.0138151	0.069049	0.0664607	0.00632618	0.0602516	0.0234321	0.0311402	0.0407652	0.0133411	0.0144766	0.150788	0.0184388	0.0457197	0.0227147	0.203534	0.131372	0.0198257	0.000370193	0.00362934
103	0.0729059	0.00482449	0.0311823	0.0333403	0.00872367	0.0331882	0.0303278	0.0189432	0.0157321	0.0417749	0.0119289	0.0543897	0.285651	0.0525915	0.00844802	0.202238	0.0718193	0.0172594	0.000516811	0.00421472
104	0.0108809	0.000971356	0.491653	0.166041	0.000802694	0.054141	0.0131611	0.00452051	0.00648637	0.00696154	0.00119705	0.140797	0.00119546	0.0109795	0.00186576	0.0318229	0.0260051	0.0216424	0.000209347	0.00866661
105	0.0755604	0.00118678	0.0133071	0.0145146	0.00923805	0.022136	0.0339256	0.0161824	0.0045016	0.0478255	0.00974466	0.0190668	0.391884	0.0599233	0.00187372	0.203041	0.0609557	0.012828	0.000147514	0.00215755
106	0.0285854	0.0158691	0.00750805	0.0280436	0.0250469	0.0307959	0.119381	0.027197	0.03834	0.118622	0.0120248	0.0254486	0.0703533	0.135049	0.083299	0.110238	0.0565015	0.0158767	0.00655235	0.0452667
107	0.179742	0.0346615	0.00304533	0.0140318	0.0110128	0.0730092	0.0500334	0.0315349	0.0166351	0.0965586	0.00311681	0.0334539	0.120804	0.00777034	0.0326264	0.13924	0.0725392	0.0549542	0.000660691	0.0245702
108	0.151272	0.00272405	0.0176892	0.0137812	0.0337875	0.0372123	0.00602917	0.159272	0.00605696	0.103636	0.0475631	0.0156047	0.0292582	0.00786131	0.00936519	0.0541478	0.0919506	0.205813	0.00101247	0.00596284
109	0.081055	0.00772896	0.00822841	0.00844953	0.0737827	0.0256778	0.0168887	0.134655	0.00539208	0.190132	0.0706621	0.0164598	0.0334046	0.0071368	0.0105537	0.0704446	0.0494553	0.170298	0.00221063	0.0173847
110	0.216157	0.00459084	0.0101306	0.0353073	0.00468548	0.0584786	0.00517719	0.0352181	0.0186012	0.038507	0.0287056	0.03325	0.0602006	0.0203706	0.0104546	0.175047	0.135565	0.107358	0.000309749	0.00188648
111	0.0908585	0.00205581	0.0122238	0.0183652	0.00834713	0.0278118	0.0310286	0.0153647	0.00661509	0.0444606	0.0115157	0.0202991	0.353143	0.0556462	0.00333405	0.205229	0.0696088	0.021563	0.000181347	0.00234872
112	0.125515	0.0151678	0.0253466	0.0213515	0.0158811	0.0988077	0.0189453	0.0257983	0.0341455	0.0274787	0.0146942	0.0980274	0.0429599	0.0131254	0.0253346	0.242013	0.0963329	0.046639	0.00274891	0.00968803
113	0.0889705	0.00161633	0.0136302	0.0237901	0.00841388	0.0241935	0.030873	0.0180002	0.00704087	0.0447447	0.0107016	0.020011	0.356393	0.0583602	0.00303873	0.199774	0.0696955	0.0185101	0.000171196	0.00207145
114	0.0630685	0.014886	0.0631275	0.02654	0.0067214	0.120993	0.0256316	0.0134054	0.0266565	0.00696587	0.00463963	0.175757	0.0176295	0.0169639	0.0283557	0.278277	0.0902942	0.0123668	0.000158527	0.00756233
115	0.0926232	0.0301299	0.005662	0.0112813	0.0564278	0.0335402	0.0485947	0.0957001	0.0136225	0.148955	0.0360497	0.0253653	0.0802029	0.0118389	0.0201342	0.105242	0.0495683	0.0973557	0.00155792	0.0361487
116	0.139818	0.0332819	0.00408309	0.0103386	0.00731366	0.04302	0.0550164	0.0160775	0.0141454	0.0535477	0.00490147	0.0248487	0.206055	0.0312162	0.0364292	0.17708	0.0848032	0.0404486	0.00088147	0.0166945
117	0.0629259	0.0146056	0.0638143	0.0622257	0.00579146	0.0679722	0.0363255	0.0249291	0.0395498	0.018505	0.0126322	0.13468	0.037649	0.0497833	0.0329458	0.193971	0.114521	0.0214072	0.000743667	0.00502238
118	0.134568	0.00345131	0.0316244	0.0291927	0.0284194	0.0607872	0.00645944	0.134663	0.00629126	0.0682845	0.0752397	0.0215151	0.0190608	0.0227457	0.0145273	0.0570184	0.057355	0.222575	0.00101662	0.00520514
119	0.0684995	0.0270647	0.0200442	0.02303	0.0208758	0.106806	0.0320907	0.0216889	0.0604215	0.0591065	0.0174291	0.0873761	0.0454081	0.0228605	0.0699039	0.162495	0.071506	0.0398528	0.00748199	0.0360587
120	0.188119	0.00518963	0.015169	0.0465673	0.00368266	0.0603417	0.00718098	0.0238967	0.0231661	0.0384473	0.0272337	0.0479714	0.0597469	0.0264578	0.0136397	0.194381	0.135045	0.0811928	0.000311151	0.00226048
121	0.0196243	0.0158517	0.0126335	0.0220999	0.0112852	0.105872	0.0140645	0.0265461	0.184397	0.013164	0.0294845	0.0946222	0.029278	0.0310704	0.143263	0.134384	0.0537387	0.0425801	0.00831045	0.00773041
122	0.17385	0.0332776	0.00337953	0.0121354	0.0163612	0.0669158	0.0469756	0.0436099	0.0155763	0.104601	0.0080482	0.0333507	0.114076	0.00633564	0.0296424	0.129696	0.0705486	0.0667066	0.000839526	0.0240745
123	0.0651796	0.0127259	0.0628149	0.0232303	0.00675309	0.12941	0.0262337	0.0122003	0.0246118	0.00639034	0.00357177	0.177096	0.0160521	0.0136052	0.0263913	0.285316	0.0885059	0.0118315	0.000202959	0.00787682
124	0.0160831	0.00299849	0.426214	0.162371	0.00207988	0.0559635	0.015592	0.0114083	0.0107823	0.0103586	0.00287009	0.140182	0.00303959	0.0170134	0.00438582	0.0449511	0.040972	0.0248786	0.000641372	0.00721517
125	0.0573573	0.00750135	0.00611083	0.00437771	0.0892538	0.0191645	0.0185386	0.143093	0.00330048	0.221647	0.0784319	0.0143215	0.0307669	0.00564009	0.00837126	0.0607411	0.0354545	0.17356	0.00258633	0.0197817
126	0.211197	0.00130202	0.0205583	0.0265305	0.00985232	0.0484734	0.00264579	0.128288	0.0101501	0.0566662	0.0285897	0.0233267	0.0304411	0.0107004	0.00949167	0.068192	0.112883	0.199082	0.000269366	0.00136029
127	0.0674355	0.0133563	0.0649223	0.0323774	0.0075238	0.111572	0.0252009	0.0150477	0.0279408	0.00762425	0.00571874	0.170565	0.0164813	0.0187783	0.0253932	0.271404	0.0982038	0.0132286	0.000269137	0.00695722
128	0.182596	0.0042531	0.0217993	0.0583894	0.00330716	0.0558724	0.00568351	0.0274296	0.0259042	0.0337389	0.0271791	0.0534432	0.0505666	0.0310657	0.0139243	0.190319	0.13604	0.0770802	0.000268067	0.00114026
129	0.0077568	0.00110041	0.00627381	0.0010785	0.117703	0.00141446	0.00696716	0.107985	0.0012371	0.558298	0.0744002	0.00266536	0.00573194	0.00676415	0.0140952	0.0117592	0.00293299	0.0518795	0.00022275	0.0197338
130	0.119392	0.0116934	0.036181	0.0549842	0.00635914	0.0545488	0.0217367	0.0276057	0.054327	0.0250555	0.0218625	0.0908011	0.0362583	0.0465584	0.0289835	0.188961	0.11031	0.0594014	0.000807685	0.00417245
131	0.0640194	0.0127995	0.0623974	0.023105	0.0069283	0.126423	0.0263206	0.0125425	0.0252885	0.00639419	0.0038981	0.178118	0.0160813	0.013649	0.0268832	0.28643	0.0889612	0.0117935	0.000209004	0.00775896
132	0.00780413	0.00110828	0.0062747	0.00107342	0.117639	0.00143589	0.00697558	0.108011	0.00123882	0.557981	0.074427	0.00267311	0.00576043	0.00676315	0.0141016	0.0118259	0.0029665	0.0519877	0.000223653	0.0197295
133	0.0774765	0.00642762	0.0530822	0.0658613	0.00119027	0.5928	0.0105887	0.0120456	0.0093036	0.00365365	0.00121827	0.0266953	0.00936462	0.00698214	0.0200545	0.0685564	0.016819	0.0147026	0.00033817	0.00284001
134	0.00536749	0.032265	0.00618863	0.00524736	0.145853	0.0101092	0.230141	0.0052296	0.023426	0.0206869	0.00125151	0.0453145	0.0088824	0.0679382	0.0504014	0.0215158	0.00329163	0.0056575	0.000692809	0.31054
135	0.192984	0.0338349	0.00217049	0.00907045	0.00593995	0.0754828	0.0439344	0.0225638	0.0167731	0.0853218	0.00318373	0.0312494	0.136989	0.00842944	0.0298225	0.153061	0.0857011	0.0458923	0.000718197	0.0168774
136	0.0581542	0.00759243	0.00615038	0.00451625	0.0883561	0.0196612	0.0186381	0.14291	0.00333605	0.218832	0.0780531	0.0145023	0.0311	0.00564557	0.00850452	0.0614201	0.0358027	0.174467	0.00261185	0.0197465
137	0.0643568	0.0127424	0.0619129	0.0225272	0.00702015	0.126706	0.0262276	0.012375	0.0248957	0.00629179	0.00383155	0.179206	0.0161888	0.0134087	0.0263143	0.287543	0.0887717	0.0116642	0.000213621	0.00780176
138	0.0753615	0.00110451	0.0133493	0.0145082	0.00928968	0.021962	0.0340567	0.0160756	0.00446315	0.0480354	0.00986037	0.0190561	0.391973	0.0602471	0.00179464	0.203019	0.060912	0.0126702	0.000145852	0.00211626
139	0.209306	0.00370461	0.00698008	0.0272722	0.00504252	0.0688928	0.00238015	0.0155934	0.0230525	0.0280826	0.0393533	0.0323971	0.0600579	0.0168176	0.0111511	0.206573	0.151723	0.0901545	0.000415897	0.00105053
140	0.0578817	0.00758631	0.0061243	0.00445849	0.088705	0.0194255	0.0186444	0.143149	0.00333218	0.218973	0.0781855	0.0144747	0.03111	0.00559581	0.00841266	0.061497	0.0358432	0.174206	0.00262865	0.0197668
141	0.00833664	0.0239584	0.00166159	0.00219513	0.0491533	0.00820573	0.398794	0.00173805	0.0495006	0.00251637	0.00107814	0.0824963	0.010532	0.14703	0.0858651	0.00721854	0.00292229	0.00202906	0.000968359	0.1138
142	0.0578817	0.00758631	0.0061243	0.00445849	0.088705	0.0194255	0.0186444	0.143149	0.00333218	0.218973	0.0781855	0.0144747	0.03111	0.00559581	0.00841266	0.061497	0.0358432	0.174206	0.00262865	0.0197668
143	0.0664271	0.0152746	0.0635176	0.0338854	0.00677382	0.10923	0.0273105	0.0153009	0.027984	0.00972984	0.00578541	0.168329	0.0304504	0.0201184	0.0254249	0.260972	0.0928254	0.0135364	0.000234014	0.00689083
144	0.0657164	0.0141354	0.0669563	0.0630887	0.00545197	0.0710549	0.0288841	0.0251807	0.0395726	0.0116922	0.0122422	0.15581	0.0214972	0.0418224	0.023471	0.204403	0.125695	0.0193568	0.000216379	0.00375226
145	0.125449	0.0140309	0.0322402	0.0604455	0.00699463	0.280147	0.0283599	0.0169671	0.0162699	0.0381674	0.00333865	0.0690828	0.0342972	0.00972018	0.032557	0.132306	0.0409193	0.0353698	0.00135054	0.0219875
146	0.0441021	0.0066437	0.00511444	0.00319418	0.102528	0.013742	0.0191015	0.132528	0.00280187	0.289532	0.0800987	0.012663	0.0258206	0.00574011	0.00912995	0.0506223	0.0259916	0.146537	0.00195955	0.0221489
147	0.00797937	0.00278141	0.00392995	0.0337836	0.00477693	0.0217891	0.106276	0.0144364	0.0306004	0.0617175	0.00347856	0.0214306	0.110152	0.451327	0.0523879	0.0421087	0.0160449	0.00428367	0.00222874	0.00848699
148	0.196197	0.0036739	0.00787182	0.026916	0.00607168	0.0638313	0.00286023	0.0145164	0.0222608	0.0313224	0.0407458	0.0320904	0.0617024	0.0174235	0.0106296	0.221038	0.154395	0.08484	0.000398521	0.00121551
149	0.0688662	0.00244812	0.0114248	0.013821	0.00766373	0.0206174	0.0405199	0.0131436	0.00640675	0.0396384	0.00797908	0.0156882	0.395391	0.0687666	0.00322578	0.215734	0.0545189	0.0113539	0.000181229	0.00261235
150	0.0538358	0.0075005	0.00555727	0.00392781	0.0919875	0.0178535	0.0187775	0.141484	0.00313781	0.234708	0.0794645	0.0139041	0.0299632	0.00582666	0.00841388	0.0588352	0.0334003	0.168647	0.00248255	0.0202926
151	0.0107249	0.00105785	0.505714	0.203228	0.000863954	0.0560108	0.0120038	0.00382514	0.00578198	0.00804273	0.00110324	0.111495	0.00128718	0.00912454	0.002121	0.0236733	0.0200788	0.0168079	0.000232949	0.0068232
152	0.0801773	0.00187632	0.0128356	0.0144473	0.00899996	0.0231958	0.0338389	0.015901	0.00498367	0.0479662	0.00979844	0.0192711	0.3815	0.0585996	0.00263579	0.203463	0.0633842	0.0145046	0.000172306	0.00244901
153	0.0512542	0.0106098	0.00524702	0.00405924	0.0940677	0.0173577	0.0241569	0.132133	0.00378515	0.238612	0.0809688	0.0155943	0.0302618	0.00693009	0.0107317	0.0638723	0.0305009	0.155899	0.00226277	0.0216949
154	0.00658574	0.0441621	0.0140804	0.00835511	0.21519	0.0252377	0.0822867	0.0119758	0.00476785	0.0629251	0.0040575	0.0189451	0.00916206	0.0213022	0.0228493	0.0379943	0.00478975	0.0104853	0.000556486	0.394292
155	0.0618991	0.00732427	0.00655815	0.0048109	0.0864356	0.0200766	0.0181577	0.143433	0.00334611	0.214225	0.0769675	0.0145504	0.0309245	0.00573651	0.00838063	0.061139	0.0377675	0.176564	0.00256673	0.0191361
156	0.00460262	0.00528888	0.00313418	0.0324195	0.0086278	0.0158035	0.15418	0.00831886	0.0349407	0.0438618	0.00191412	0.0265484	0.0735712	0.471935	0.0577541	0.024452	0.00973157	0.00276328	0.00179699	0.0183555
157	0.00294131	0.0411862	0.0102867	0.00825678	0.233809	0.0119718	0.085142	0.00841611	0.00320576	0.0356951	0.00127829	0.0107694	0.0076692	0.0151836	0.0174302	0.0282406	0.00289302	0.00852505	0.000485021	0.466615
158	0.0181608	0.00262999	0.00581779	0.00168771	0.118426	0.00473533	0.0115866	0.116144	0.00164144	0.470568	0.0793042	0.00543848	0.0111028	0.00627554	0.0128706	0.0228809	0.00892151	0.0780592	0.000780492	0.0229679
159	0.134234	0.00365585	0.015542	0.0122729	0.0429001	0.0369117	0.00807567	0.149396	0.00538271	0.123374	0.0559901	0.0163811	0.0285041	0.00755437	0.0103431	0.0556702	0.0791767	0.205336	0.00133094	0.00796921
160	0.0108253	0.000955406	0.492525	0.166118	0.000797652	0.0541286	0.0130902	0.00449175	0.00637654	0.00696513	0.00118892	0.140833	0.0011583	0.0106456	0.00174458	0.0317278	0.0259307	0.0216022	0.000209327	0.00868604
161	0.0649989	0.00957092	0.00628283	0.00568711	0.0833823	0.022752	0.0203602	0.134805	0.00500839	0.206756	0.0730012	0.0175966	0.0364314	0.00600224	0.00968638	0.0684597	0.0396616	0.165365	0.00260364	0.0215885
162	0.0915121	0.0176483	0.0189224	0.0328104	0.0803884	0.0272461	0.0353023	0.0782416	0.0275873	0.14093	0.0254509	0.0385066	0.0796036	0.0136902	0.0291224	0.0742446	0.0525301	0.0843939	0.00194121	0.0499273
163	0.13011	0.00569357	0.0519465	0.109807	0.00357328	0.299441	0.0118924	0.0188715	0.0143947	0.0148875	0.00782285	0.0558049	0.0287118	0.0203571	0.0257933	0.0931767	0.0503422	0.0503869	0.00086819	0.00611883
164	0.0529619	0.0133146	0.00579447	0.00596981	0.0837291	0.0178829	0.0291655	0.135746	0.00766002	0.20288	0.0673783	0.0164274	0.0451609	0.012069	0.0102606	0.0787787	0.0352974	0.148654	0.00218275	0.0286861
165	0.00655845	0.00357562	0.00545544	0.0443943	0.00241517	0.0191186	0.111787	0.00864398	0.0419807	0.0516831	0.00243074	0.0209552	0.0717112	0.475193	0.0661577	0.038502	0.0154636	0.00387719	0.00318388	0.00691324
166	0.0521138	0.0117139	0.0663032	0.069906	0.00484415	0.0510795	0.0206932	0.0345081	0.119409	0.0130869	0.0134303	0.144606	0.0169312	0.0483838	0.0421493	0.159133	0.110825	0.017488	0.000543804	0.00285155
167	0.0637992	0.0128912	0.0627815	0.0228715	0.00684953	0.127086	0.0262875	0.0121795	0.0249451	0.00629065	0.00362096	0.178876	0.0160328	0.0135666	0.0266777	0.286676	0.0890758	0.0114234	0.000200476	0.00786775
168	0.00661053	0.0465986	0.0167311	0.00813048	0.214446	0.0219553	0.0770482	0.0166865	0.00408557	0.0642437	0.00430248	0.0140477	0.00916857	0.0164553	0.0240583	0.0413423	0.00529325	0.0122644	0.000584845	0.395947
169	0.00294131	0.0411862	0.0102867	0.00825678	0.233809	0.0119718	0.085142	0.00841611	0.00320576	0.0356951	0.00127829	0.0107694	0.0076692	0.0151836	0.0174302	0.0282406	0.00289302	0.00852505	0.000485021	0.466615
170	0.0619351	0.00836422	0.0531287	0.0545732	0.00197543	0.573455	0.0134982	0.00843372	0.0123852	0.00355674	0.00126988	0.0425259	0.00692523	0.00539882	0.0223158	0.0927969	0.0256584	0.00837871	0.000303338	0.00312132
171	0.062476	0.0121703	0.042401	0.0219165	0.0152996	0.0908032	0.0276468	0.0253837	0.0253541	0.00868645	0.0151822	0.184361	0.0143393	0.0155665	0.0221288	0.288205	0.0899376	0.0302036	0.00107013	0.00686904
172	0.0763649	0.00108694	0.013473	0.0148125	0.00914705	0.0221867	0.033836	0.0163363	0.00453296	0.0477741	0.0100552	0.0191783	0.38992	0.0598017	0.00180557	0.202291	0.0619279	0.0133193	0.000146753	0.00200447
173	0.0853764	0.00166009	0.0136665	0.0165737	0.00883085	0.0235425	0.0323466	0.0168723	0.00617187	0.0468231	0.0112118	0.0203316	0.367653	0.0584585	0.0029812	0.198579	0.0695004	0.0170824	0.000156457	0.00218078
174	0.00294131	0.0411862	0.0102867	0.00825678	0.233809	0.0119718	0.085142	0.00841611	0.00320576	0.0356951	0.00127829	0.0107694	0.0076692	0.0151836	0.0174302	0.0282406	0.00289302	0.00852505	0.000485021	0.466615
175	0.0791062	0.00225104	0.0129974	0.0142576	0.00912774	0.0240667	0.0341694	0.0166812	0.00474586	0.0492975	0.00954149	0.0195684	0.384914	0.0580195	0.00260306	0.201465	0.0605628	0.0139221	0.000178752	0.00252456
176	0.14056	0.00809281	0.0397442	0.0596949	0.00452832	0.0956422	0.0128728	0.0218844	0.0267727	0.020131	0.0175043	0.0932852	0.0330658	0.0270663	0.0177284	0.203914	0.125988	0.0481291	0.000392826	0.00300294
177	0.0820478	0.0140813	0.0280407	0.0144149	0.0165224	0.0464431	0.011343	0.0112493	0.0215662	0.0120778	0.0142481	0.0913969	0.00751509	0.0110118	0.0141548	0.400367	0.17847	0.0143212	0.0034334	0.00729438
178	0.0709569	0.00296398	0.0110904	0.0137369	0.00748039	0.020945	0.0422808	0.0128557	0.00739404	0.0389457	0.00772015	0.0156993	0.394544	0.0690801	0.0039612	0.211835	0.0541473	0.0115299	0.000223771	0.00260949
179	0.050507	0.00737556	0.00523656	0.00360315	0.0948907	0.0164227	0.0188223	0.139121	0.00294696	0.253147	0.0798241	0.0133068	0.0285098	0.00584121	0.00847745	0.056361	0.0308044	0.162084	0.00231983	0.0203984
180	0.225102	0.00371144	0.00720159	0.0276688	0.00473022	0.069075	0.002677	0.0232293	0.0203822	0.02928	0.034943	0.0338774	0.0565516	0.0161776	0.00955498	0.186533	0.149131	0.0986496	0.000401267	0.00112306
181	0.0633433	0.0125877	0.0611367	0.0223677	0.00720514	0.126692	0.0263878	0.0126919	0.0253108	0.00624309	0.00394914	0.178307	0.0159496	0.0134788	0.0264597	0.28861	0.0892618	0.0119318	0.000248892	0.00783745
182	0.0750037	0.00245936	0.0117195	0.0137262	0.00821515	0.0207522	0.0392239	0.0139934	0.00567421	0.0421325	0.00856604	0.0167606	0.39455	0.0635229	0.00293331	0.207815	0.0581579	0.0120919	0.000186641	0.00251591
183	0.0598168	0.00743727	0.00655334	0.0046956	0.0873771	0.0201111	0.0182925	0.143579	0.00330719	0.216139	0.0776363	0.0144821	0.0308925	0.00570277	0.00846967	0.0611537	0.036767	0.175574	0.00260792	0.0194051
184	0.0219399	0.00332302	0.00560811	0.00190211	0.117078	0.00604698	0.01287	0.118031	0.00178659	0.437413	0.0798636	0.00670015	0.0137281	0.00589587	0.0117177	0.0284685	0.011737	0.0911377	0.00100328	0.0237506
185	0.0641846	0.00303876	0.0107482	0.0151709	0.00738517	0.0213444	0.046925	0.0122174	0.00908197	0.0383026	0.00721665	0.0153371	0.377629	0.0794271	0.00550563	0.21753	0.0531288	0.0114529	0.000286137	0.00408727
186	0.078276	0.0131678	0.0502977	0.0172223	0.00860798	0.103964	0.0196114	0.00947542	0.0206219	0.0084977	0.00733238	0.141157	0.0132433	0.010957	0.0219274	0.336521	0.116454	0.013188	0.00156922	0.007909
187	0.056107	0.0158307	0.00643494	0.00822707	0.0748276	0.0210743	0.0350926	0.11906	0.00973963	0.193269	0.0576055	0.0191273	0.0568079	0.0216124	0.0149529	0.0883769	0.0364636	0.129614	0.0022247	0.0335527
188	0.0754297	0.00107948	0.0133877	0.0144887	0.00923415	0.0219239	0.0339266	0.0160601	0.00442568	0.0478127	0.00985545	0.019029	0.392561	0.0600875	0.00174071	0.203052	0.0610661	0.0126809	0.000146793	0.00201235
189	0.0974868	0.0497452	0.00579622	0.0137254	0.0304265	0.0324095	0.103627	0.0382872	0.0159641	0.0642943	0.00663472	0.0417518	0.156969	0.0193472	0.0285936	0.133485	0.0643668	0.044812	0.00129413	0.0509834
190	0.0793585	0.0172551	0.015045	0.00466313	0.0171153	0.0157686	0.00282817	0.00484322	0.00925029	0.0132233	0.0186153	0.0416527	0.00219262	0.00532571	0.00898479	0.48175	0.239343	0.010695	0.00418006	0.00791026
191	0.035262	0.00643687	0.00586977	0.00302039	0.10711	0.0120663	0.0161432	0.124609	0.00292777	0.342759	0.081915	0.0107036	0.0207716	0.00616271	0.0110429	0.0469319	0.0208462	0.121917	0.00156155	0.0219425
192	0.0192531	0.00265948	0.00602543	0.00179204	0.106983	0.00549158	0.00932768	0.129548	0.00169222	0.464494	0.0732476	0.00525001	0.0116498	0.006371	0.0132261	0.0223931	0.0109121	0.0904766	0.000720966	0.0184862
193	0.00702274	0.000820435	0.13079	0.739141	0.000798378	0.0164467	0.00188166	0.00118958	0.0300569	0.00150064	0.00318956	0.00832928	0.000860359	0.04308	0.00543907	0.0033764	0.00322219	0.00180678	0.000247556	0.000800998
194	0.00875505	0.00115683	0.267128	0.542508	0.00103047	0.0389576	0.00598794	0.00206333	0.0197436	0.00408762	0.00256775	0.0407598	0.00121614	0.0299139	0.00447633	0.0104827	0.00878156	0.00700629	0.000239795	0.00313651
