227	20
1	0.063724	0.0142775	0.0139127	0.0244717	0.0761091	0.0361313	0.0134723	0.0828259	0.00316711	0.159753	0.0668365	0.047208	0.0551284	0.00333566	0.0359099	0.101144	0.0892799	0.061603	0.00121862	0.0504911
2	0.0741674	0.00869764	0.040158	0.0321428	0.00273528	0.160051	0.0292622	0.01599	0.0836926	0.0190187	0.00905047	0.064868	0.0250686	0.0298507	0.0905494	0.186278	0.0968346	0.0196781	0.00750859	0.00439833
3	0.0668936	0.177672	0.00148067	0.00122966	0.22158	0.0280261	0.00927475	0.151345	0.00218475	0.0813991	0.0257091	0.00232564	0.019163	0.00174016	0.00441011	0.00449391	0.0182135	0.16277	0.0176665	0.00242232
4	0.0666973	0.177738	0.00149571	0.00128336	0.221619	0.028164	0.00919205	0.151754	0.00218283	0.0813945	0.0256884	0.00236135	0.0190155	0.00174227	0.00437646	0.00451584	0.0183127	0.162444	0.0175914	0.00243077
5	0.15781	0.0111527	0.0483216	0.176226	0.0127683	0.173354	0.00377866	0.0302013	0.0226122	0.0168725	0.00622666	0.0158587	0.00344737	0.00680502	0.00722359	0.114452	0.0900847	0.0638707	0.00192241	0.03701
6	0.0391401	0.0246934	0.000796245	0.00104342	0.109747	0.0202171	0.00978413	0.129748	0.0287069	0.0970418	0.0719378	0.012167	0.00120288	0.01003	0.0160853	0.0300609	0.061752	0.1228	0.108671	0.104375
7	0.0313935	0.0302855	0.0016859	0.000385223	0.174747	0.00573697	0.00130844	0.242371	0.000685249	0.30307	0.0314896	0.00191961	0.00158871	0.00125888	0.00266825	0.00847724	0.0109033	0.142197	0.00516466	0.00266381
8	0.0211079	0.0139154	0.000447031	0.000420095	0.0798648	0.00485556	0.00130194	0.171552	0.00258702	0.462459	0.138502	0.00313284	0.00319534	0.00230861	0.00238019	0.00406801	0.0078283	0.0760849	0.000960411	0.00302879
9	0.0409951	0.0165323	0.00137543	0.00113313	0.0901775	0.0226158	0.010801	0.165048	0.0249992	0.090162	0.0851911	0.00783772	0.00141979	0.0104046	0.0144362	0.0289852	0.11526	0.137122	0.0592586	0.0762457
10	0.0317692	0.0323621	0.00121295	0.000429975	0.165075	0.00639642	0.00160281	0.223725	0.00065823	0.329908	0.0444021	0.00160283	0.00197175	0.0021235	0.00316346	0.00804609	0.0112868	0.127065	0.00347165	0.00372692
11	0.415058	0.0331488	0.00669894	0.00935011	0.0055325	0.0352207	0.00639654	0.0147641	0.00750797	0.0153778	0.00719769	0.0227793	0.00460534	0.00614138	0.00336081	0.294884	0.0592386	0.0353616	0.00687224	0.0105026
12	0.0385962	0.0258557	0.000901825	0.000960143	0.114718	0.0213927	0.0079759	0.13277	0.0214767	0.120887	0.076095	0.00889639	0.00115709	0.00809575	0.0119431	0.0233066	0.0643525	0.132118	0.0834834	0.105018
13	0.031039	0.0299748	0.00170535	0.000390212	0.175157	0.00570093	0.00129651	0.242966	0.000678109	0.302654	0.0312984	0.00196869	0.00150904	0.00124112	0.00262302	0.0084714	0.0107618	0.142663	0.00526248	0.00263915
14	0.0225876	0.0200995	0.000911387	0.000349011	0.148709	0.00670129	0.00254132	0.192807	0.000962923	0.388606	0.0792064	0.00211578	0.00228939	0.00234931	0.00204689	0.00546215	0.00954566	0.106822	0.00246245	0.00342422
15	0.0286578	0.00446502	0.000280728	0.00044909	0.0217247	0.000977529	0.00225344	0.306285	0.00241554	0.0772328	0.0405543	0.00264135	0.00114428	0.000995592	0.00131517	0.00446711	0.0229922	0.474415	0.000900652	0.00583243
16	0.0767013	0.0171183	0.000876933	0.000528028	0.034773	0.00688314	0.000897756	0.317164	0.00504909	0.215905	0.0378322	0.00642236	0.0082874	0.00125691	0.00693669	0.0109724	0.00651262	0.241944	0.00319003	0.000748879
17	0.0789378	0.0236076	0.00127446	0.000628474	0.0535717	0.00842358	0.00108889	0.284442	0.00443085	0.238868	0.0365059	0.00502075	0.0120006	0.00122776	0.00743807	0.0166348	0.00944429	0.212711	0.00244003	0.0013036
18	0.0231808	0.0264974	0.00461886	0.0232023	0.206535	0.00811417	0.00675009	0.0689478	0.00683553	0.113226	0.0859581	0.0103277	0.00972017	0.00473029	0.0274088	0.071526	0.241413	0.0447976	0.0044774	0.011733
19	0.0149458	0.0166653	0.000970469	0.00095846	0.424443	0.00334875	0.00249466	0.0842903	0.0025069	0.284001	0.0675079	0.00220233	0.00383045	0.00880517	0.00214475	0.00527663	0.00548533	0.0413503	0.0174353	0.0113374
20	0.0843224	0.00691168	0.00849118	0.00860312	0.0408114	0.036254	0.0132823	0.0158577	0.00968997	0.0384675	0.00814167	0.0320013	0.533297	0.0154654	0.0188968	0.0587744	0.0352323	0.0284536	0.00265123	0.00439531
21	0.016698	0.0227091	0.00341867	0.000589094	0.185324	0.00349866	0.00122701	0.248563	0.00100468	0.271718	0.0322355	0.00419388	0.000786133	0.0016193	0.00180822	0.00958576	0.00917481	0.172112	0.0117145	0.00201994
22	0.139521	0.0202702	0.0051293	0.0046192	0.0146485	0.0108684	0.00983627	0.02033	0.0086197	0.0346634	0.0364284	0.0310432	0.00865158	0.0177014	0.00650443	0.426208	0.164541	0.0263863	0.00145054	0.0125782
23	0.059933	0.0110675	0.000757902	0.00050506	0.0286642	0.00658518	0.000780295	0.324319	0.00383188	0.20843	0.0469211	0.00953904	0.00528617	0.00141565	0.00471057	0.00758058	0.0074935	0.266441	0.00489658	0.00084194
24	0.00789328	0.02507	0.0019396	0.00182938	0.443896	0.00568955	0.00253112	0.0717754	0.00318362	0.199085	0.0432144	0.00319324	0.0118838	0.00441715	0.0053305	0.00539409	0.00488442	0.0106514	0.124137	0.0240002
25	0.0409129	0.0227756	0.00192092	0.00295297	0.414991	0.00260113	0.0106145	0.0919041	0.0110545	0.114141	0.127667	0.00304548	0.00210663	0.00539241	0.00442038	0.0241962	0.0157645	0.0698395	0.0113407	0.0223585
26	0.128944	0.191983	0.0049287	0.00607089	0.00865518	0.0172775	0.0133009	0.0407102	0.0135147	0.0233177	0.0210887	0.01677	0.0165761	0.0342487	0.00913239	0.191184	0.215051	0.0350891	0.00133836	0.0108195
27	0.0173351	0.022593	0.00332686	0.000583617	0.182859	0.00346473	0.00119351	0.24937	0.00101583	0.271474	0.0326165	0.00430258	0.000875262	0.0016061	0.00181825	0.00974498	0.00915948	0.173127	0.0115397	0.00199487
28	0.0278297	0.00901424	0.0111737	0.0147828	0.00778088	0.00825737	0.0217036	0.00893356	0.299671	0.0241195	0.00978788	0.0343268	0.00305837	0.0984688	0.305944	0.0417325	0.0374294	0.0257174	0.00357778	0.00669113
29	0.00755806	0.0229611	0.00245922	0.002838	0.384693	0.00289383	0.0653313	0.026584	0.0041302	0.0570616	0.0156137	0.00478838	0.00306183	0.00546686	0.00385435	0.00798	0.00608404	0.0177104	0.00162066	0.357309
30	0.0500364	0.00213057	0.177843	0.247729	0.00293525	0.0521477	0.0247299	0.00567251	0.0346112	0.0182182	0.0173334	0.0393682	0.00642317	0.20234	0.0131485	0.0505567	0.0374214	0.00963792	0.00100643	0.00670965
31	0.0595548	0.0149787	0.0283122	0.025497	0.0119448	0.0246862	0.0667684	0.0151378	0.0874965	0.021931	0.00940554	0.0314612	0.122479	0.0692336	0.23609	0.106601	0.035357	0.0181667	0.00904565	0.00585357
32	0.167346	0.0133378	0.00874254	0.00250866	0.0115211	0.00530179	0.00370331	0.21091	0.0262047	0.0620011	0.0661671	0.00833646	0.00358505	0.00282749	0.00864274	0.0397969	0.0294573	0.324794	0.00125267	0.0035629
33	0.0250957	0.00493536	0.000337768	0.000493354	0.0211651	0.000880693	0.00273401	0.288572	0.00185987	0.0555597	0.0300731	0.00198249	0.000926806	0.000993689	0.000707315	0.00410756	0.0220054	0.529447	0.000298233	0.00782443
34	0.0167795	0.0021664	0.000632678	0.00426391	0.00625496	0.000889041	0.00125179	0.421927	0.0127893	0.0619105	0.0513682	0.00155093	0.00399067	0.000988955	0.0026667	0.00538419	0.0553559	0.347464	0.000464677	0.00190011
35	0.0140946	0.0165678	0.0013367	0.00119469	0.368019	0.00469952	0.00426514	0.0872234	0.00355452	0.2878	0.0825911	0.00306923	0.00573134	0.00691693	0.00319482	0.00644633	0.00676741	0.0377537	0.0320395	0.0267348
36	0.031106	0.0103857	0.00999471	0.0129469	0.0151006	0.0124878	0.0283935	0.0172113	0.187544	0.0239815	0.0116428	0.0322577	0.00906581	0.0590377	0.380881	0.056761	0.0623904	0.0215121	0.00829085	0.00900916
37	0.0123318	0.00771473	0.000462052	0.000449281	0.088334	0.00515421	0.00137582	0.142495	0.00388563	0.479553	0.176438	0.00291178	0.00312597	0.00213906	0.0024933	0.00396142	0.00682524	0.0562301	0.000515203	0.00360421
38	0.0758418	0.0140234	0.0388136	0.0382725	0.0194566	0.394872	0.0152323	0.0280914	0.038812	0.0314503	0.0152843	0.0222267	0.0200982	0.0239798	0.0594342	0.0731703	0.0376359	0.0374642	0.00645345	0.00938667
39	0.0133129	0.00386085	0.0026366	0.00564595	0.0101142	0.00298214	0.0661249	0.00481103	0.230055	0.00990005	0.00194964	0.0254612	0.00252035	0.0665596	0.464302	0.0436204	0.0133745	0.00620744	0.0138973	0.0126641
40	0.0461032	0.00988975	0.000693697	0.000500152	0.0365296	0.00432272	0.000722701	0.248874	0.00220433	0.37485	0.0522338	0.00821872	0.00482819	0.00184267	0.00335581	0.00610689	0.00722524	0.186094	0.00437825	0.00102633
41	0.0903129	0.0172889	0.0350349	0.0332903	0.0112569	0.0357373	0.056239	0.0126557	0.0389734	0.0161131	0.001904	0.0320435	0.213416	0.0793497	0.0712442	0.188644	0.0467716	0.0154921	0.0032443	0.000988109
42	0.0384844	0.00731611	0.0468753	0.0289255	0.00432826	0.185142	0.0291637	0.0243202	0.197969	0.0294265	0.0221714	0.0328493	0.0113249	0.03671	0.159128	0.0577793	0.0380686	0.0400618	0.00557989	0.00437508
43	0.029271	0.010049	0.041511	0.0396011	0.00295374	0.142906	0.017013	0.0222251	0.280449	0.0150133	0.015482	0.0399964	0.0156196	0.0213584	0.165578	0.0406439	0.0597692	0.0328905	0.00455242	0.00311704
44	0.103981	0.00247549	0.00179597	0.00134396	0.027505	0.0149297	0.00522736	0.00846085	0.00237589	0.0351104	0.00320569	0.0119966	0.665878	0.0022027	0.00994311	0.0449164	0.0333061	0.0226227	0.00125844	0.00146474
45	0.0176253	0.0117389	0.00779262	0.00645797	0.00385318	0.00922146	0.0177946	0.0123773	0.40432	0.00940904	0.00592604	0.0268979	0.00316671	0.0427576	0.339242	0.0233329	0.031043	0.0140902	0.00406249	0.00889032
46	0.0555963	0.00993258	0.0340864	0.0269856	0.0125857	0.375164	0.0179671	0.0228256	0.0756447	0.0243082	0.0156749	0.0272504	0.0157974	0.0264186	0.109039	0.0730566	0.036861	0.0286875	0.00629153	0.005827
47	0.0155457	0.00379656	0.000536498	0.000582911	0.0301826	0.00234254	0.000846232	0.156813	0.00326764	0.552559	0.122453	0.00554661	0.00257147	0.00209341	0.00203005	0.00303888	0.010403	0.0819288	0.00212815	0.00133353
48	0.0235224	0.0202118	0.00143518	0.00119753	0.296751	0.00458118	0.00406739	0.148195	0.00409415	0.255564	0.0824651	0.00262685	0.00203488	0.00854648	0.0029852	0.0105687	0.0115223	0.093497	0.00985349	0.0162804
49	0.00799691	0.0242444	0.00194558	0.00178412	0.444559	0.00547394	0.00257369	0.0719347	0.00319087	0.200699	0.0432537	0.00322386	0.0116849	0.00444381	0.00515143	0.00539019	0.00511034	0.010942	0.122826	0.0235724
50	0.0241502	0.00469304	0.000329669	0.000488251	0.028256	0.000907473	0.00428657	0.280293	0.00163116	0.0576682	0.0263258	0.00177352	0.00150475	0.000981596	0.000786497	0.00447584	0.0207433	0.525374	0.000258225	0.0150733
51	0.0343469	0.00545012	0.000591499	0.000564743	0.0254586	0.00323602	0.000821227	0.218517	0.001992	0.445923	0.0686708	0.00951385	0.00391865	0.00181933	0.00248037	0.00472006	0.00807486	0.158468	0.00460569	0.000826568
52	0.09521	0.00357201	0.00354723	0.00254806	0.026848	0.0159554	0.00734004	0.0102154	0.00386936	0.034392	0.00436833	0.0138408	0.651208	0.00520211	0.0129634	0.049053	0.0340284	0.0223304	0.00159345	0.00191481
53	0.0403321	0.112449	0.00370409	0.00367278	0.238593	0.0389544	0.00972776	0.0971833	0.0111205	0.122512	0.0360758	0.00793439	0.0144302	0.00794571	0.028323	0.0175044	0.0250451	0.0845832	0.074102	0.0258073
54	0.0382595	0.00468849	0.000962025	0.00263278	0.0112029	0.00163735	0.00126347	0.352279	0.0107488	0.0996147	0.0639153	0.00389105	0.00394634	0.0011484	0.00640006	0.0134532	0.0773654	0.304003	0.00116468	0.00142381
55	0.013251	0.00726256	0.435131	0.249879	0.00386736	0.0196145	0.0173643	0.0146589	0.0191405	0.014677	0.0179084	0.0691798	0.00591812	0.0290694	0.0189921	0.0336462	0.015394	0.0107096	0.000862373	0.0034744
56	0.0862534	0.00189228	0.0858597	0.103173	0.00217428	0.00665782	0.00182912	0.0101066	0.0357859	0.00482728	0.00375641	0.185125	0.00756818	0.036681	0.0364462	0.109703	0.226929	0.0457667	0.000814641	0.00865141
57	0.01244	0.0173379	0.0231328	0.0285299	0.00334197	0.0278418	0.00362714	0.0312089	0.453074	0.00710429	0.0140327	0.0489188	0.0133511	0.0119318	0.174839	0.0104663	0.075659	0.0388461	0.00110098	0.0032153
58	0.0242899	0.00517833	0.00026628	0.000542624	0.0203449	0.000580604	0.00267298	0.29414	0.00207575	0.0569944	0.0318845	0.00225463	0.000910996	0.00107166	0.000720707	0.00393106	0.0231714	0.521299	0.000328277	0.00734222
59	0.0170701	0.00657426	0.375718	0.263441	0.00403995	0.0210755	0.0200126	0.0140347	0.0214494	0.0155587	0.0187382	0.0823236	0.00600841	0.0415045	0.0184551	0.0390501	0.0188723	0.0111875	0.00086378	0.00402278
60	0.00855013	0.00385912	0.000594113	0.000672947	0.0481945	0.00352007	0.00105379	0.141867	0.0082073	0.500776	0.214485	0.0028258	0.00239536	0.0013243	0.00495689	0.00375233	0.0068708	0.043545	0.000575775	0.00197482
61	0.0212244	0.00741758	0.00665071	0.0103354	0.0107687	0.00776985	0.034742	0.0119777	0.224653	0.0189113	0.00620081	0.0255939	0.00748152	0.0614004	0.439353	0.0480821	0.0239052	0.0151814	0.00945899	0.00889206
62	0.0763747	0.0163184	0.00115341	0.0012386	0.0198018	0.0020042	0.00170442	0.144089	0.00829112	0.0895049	0.0624904	0.0155826	0.00696241	0.00159284	0.00696495	0.0684744	0.289366	0.184505	0.000922405	0.00265767
63	0.0283408	0.005264	0.00301572	0.00504028	0.00840239	0.0228551	0.00559184	0.240067	0.106959	0.151316	0.0534482	0.0240816	0.00372613	0.0437548	0.0888588	0.0281624	0.0484411	0.10714	0.0211727	0.00436245
64	0.094731	0.012806	0.00188286	0.00236831	0.0185376	0.00571984	0.00561593	0.0509572	0.00712605	0.0290479	0.0320821	0.025295	0.0146909	0.0110253	0.00585983	0.195878	0.383091	0.0878643	0.00111806	0.014303
65	0.00804445	0.0247554	0.00220921	0.00195727	0.38843	0.00352994	0.0535478	0.0304224	0.00338285	0.0716421	0.0172693	0.00346624	0.00242036	0.00363893	0.00339924	0.00611371	0.00766298	0.0232184	0.00380786	0.341081
66	0.0891768	0.00191538	0.114619	0.122601	0.00230547	0.00710539	0.00337882	0.0109662	0.0382127	0.00693244	0.00711611	0.193067	0.00667488	0.0373665	0.031942	0.0945929	0.181682	0.0411836	0.000780165	0.00838177
67	0.0194425	0.00320316	0.000413179	0.00227367	0.0128781	0.00076294	0.00177555	0.377141	0.00716374	0.0601896	0.037948	0.00169605	0.00249363	0.00078697	0.00163316	0.00419089	0.0362607	0.4245	0.000430929	0.00481583
68	0.0954078	0.0410498	0.0479203	0.0259028	0.0159531	0.0270751	0.068786	0.0202885	0.033092	0.0258228	0.0120307	0.028729	0.203191	0.0494194	0.0804054	0.12061	0.0431455	0.0247827	0.0308834	0.00550482
69	0.0993156	0.00284761	0.00226958	0.00190541	0.0299012	0.0151348	0.0057819	0.00852736	0.00326298	0.0367684	0.00335023	0.0121531	0.655992	0.00326812	0.0116718	0.0494193	0.0336923	0.0218743	0.00136433	0.00149942
70	0.0273451	0.0129237	0.0372479	0.0277723	0.0367522	0.0111025	0.198328	0.0175241	0.042196	0.0242887	0.0157392	0.0389812	0.0211075	0.294401	0.0478468	0.0457419	0.0187417	0.0229746	0.00527645	0.0537098
71	0.0367089	0.0120477	0.0613655	0.105817	0.0057286	0.0148168	0.0371997	0.0162346	0.158682	0.0535256	0.040799	0.0558433	0.0058961	0.147534	0.13058	0.031744	0.0410619	0.0316109	0.00569549	0.00710781
72	0.0251695	0.00492524	0.000256903	0.000324498	0.0215756	0.000506349	0.00280911	0.283508	0.00142041	0.0555125	0.0298704	0.00195545	0.000742795	0.0010145	0.00054174	0.00389066	0.0214803	0.536165	0.000288846	0.00804234
73	0.0258283	0.0123019	0.00129803	0.00116994	0.0684607	0.00542816	0.00183606	0.207997	0.00778467	0.378274	0.0752604	0.00663352	0.00333363	0.00966276	0.00710682	0.00760679	0.014061	0.158107	0.00432624	0.00352296
74	0.0823525	0.00592403	0.00245471	0.00222341	0.0137383	0.00431945	0.00357472	0.0272752	0.00488241	0.0184173	0.0117106	0.0119334	0.00722993	0.0051351	0.00478094	0.174108	0.565293	0.038607	0.000963947	0.0150762
75	0.0157533	0.00524398	0.00174007	0.004671	0.00744866	0.00325367	0.0348229	0.00465585	0.266889	0.0103235	0.00213143	0.0223707	0.00188176	0.0609704	0.473684	0.0423464	0.0156885	0.0073699	0.0095547	0.00920094
76	0.0177289	0.00663923	0.376986	0.268176	0.00348567	0.0239336	0.0214572	0.0132006	0.0249035	0.014887	0.016852	0.0699245	0.00712792	0.0454699	0.0197838	0.0348418	0.0180964	0.0113408	0.000752221	0.00441283
77	0.231573	0.0159905	0.00715738	0.00804275	0.0168755	0.0159911	0.0114392	0.0253973	0.0128431	0.107141	0.11318	0.0201016	0.0079937	0.0123794	0.0108403	0.283325	0.0496376	0.0353402	0.00520273	0.00954816
78	0.056138	0.0358691	0.00193718	0.0012095	0.109195	0.00758478	0.00243394	0.209433	0.00426257	0.285774	0.0564695	0.0046199	0.00614408	0.00329112	0.00520477	0.012171	0.0131812	0.177092	0.00365488	0.00433468
79	0.122221	0.025814	0.0142803	0.0146535	0.0108309	0.020608	0.0260285	0.0389036	0.0206561	0.022506	0.0181991	0.0287885	0.0606793	0.0401516	0.0426637	0.216324	0.234263	0.0324709	0.00274556	0.00721278
80	0.0181902	0.00254374	0.000588678	0.00325403	0.00827599	0.00080376	0.00144199	0.393987	0.0104478	0.065411	0.0495117	0.00151474	0.00477281	0.0010391	0.00253288	0.00509527	0.0531991	0.374458	0.000426526	0.00250607
81	0.114333	0.0172768	0.0301064	0.0382903	0.00208476	0.0363111	0.0222312	0.0149675	0.0345216	0.0276957	0.0111401	0.0858989	0.00920661	0.0388058	0.0314342	0.289909	0.158553	0.0220831	0.00560932	0.00954217
82	0.0257048	0.00488079	0.000283753	0.000445743	0.0208542	0.000743692	0.00264691	0.291002	0.00208192	0.0641848	0.0334776	0.00232355	0.00103304	0.00107202	0.000865909	0.00396751	0.0234006	0.513339	0.000516338	0.00717567
83	0.0722489	0.00737406	0.172678	0.144441	0.00268829	0.0191776	0.0134858	0.0134125	0.0283654	0.015917	0.01214	0.116865	0.00898261	0.0360932	0.0256758	0.146734	0.128746	0.025508	0.00209798	0.00736877
84	0.67897	0.00521233	0.00169571	0.00227156	0.0053593	0.0351481	0.00105485	0.0137506	0.00296222	0.0101816	0.00711519	0.00215237	0.00105574	0.00172712	0.00310804	0.107874	0.0403797	0.0768514	0.0014199	0.00171068
85	0.0414286	0.00818349	0.00099949	0.000536828	0.0231621	0.00210104	0.00217075	0.296975	0.00401548	0.0901537	0.03515	0.00347761	0.00269677	0.00114883	0.00230554	0.00759594	0.0207347	0.450365	0.00127135	0.00552749
86	0.0302087	0.0468861	0.00101861	0.00115795	0.0361131	0.00362714	0.00352647	0.292745	0.00358446	0.0751791	0.0288904	0.00344791	0.00314003	0.00222068	0.00252022	0.00582583	0.0214632	0.429742	0.00221185	0.00649119
87	0.00669409	0.0231906	0.0021547	0.00189726	0.392153	0.00261269	0.0578663	0.0267497	0.00332995	0.0594353	0.0151836	0.00351356	0.00245723	0.00349185	0.00334752	0.00619775	0.00558259	0.0171867	0.0014668	0.365489
88	0.00672143	0.0232692	0.00215233	0.00188788	0.391867	0.00255815	0.0570618	0.0268101	0.00332847	0.0597503	0.015202	0.00351468	0.00242441	0.00342631	0.00334733	0.00620076	0.0056215	0.0171779	0.00144063	0.366238
89	0.0137559	0.00388717	0.00268395	0.00553153	0.00908433	0.00293201	0.0560489	0.00465986	0.237024	0.00995748	0.00186214	0.0268354	0.00234726	0.0675743	0.468005	0.0431029	0.0135709	0.00614381	0.0135721	0.0114212
90	0.0159615	0.0022334	0.000563366	0.00403366	0.00661654	0.000836745	0.0012414	0.420174	0.0118591	0.0615012	0.0502983	0.0014787	0.00396452	0.000960917	0.00247416	0.00507232	0.0542087	0.353951	0.000452329	0.00211818
91	0.0478516	0.0565852	0.00274573	0.0930021	0.147211	0.00395327	0.107156	0.0339852	0.0470656	0.0084404	0.00482426	0.11327	0.00300464	0.0895353	0.0379446	0.102378	0.0065359	0.0338864	0.00209872	0.0585258
92	0.0110889	0.00909361	0.415636	0.232704	0.00487602	0.0187834	0.0157899	0.01456	0.0169511	0.0144043	0.0200297	0.105823	0.00507286	0.0234592	0.0204616	0.0423415	0.0150251	0.0103743	0.000699365	0.00282611
93	0.105121	0.00256271	0.00179019	0.00137579	0.0269591	0.0147085	0.00520101	0.0084173	0.00238688	0.0350622	0.0032574	0.0119366	0.666056	0.00220415	0.00984058	0.0442494	0.0328657	0.0232977	0.00125108	0.00145676
94	0.0925522	0.0189143	0.00345089	0.00111179	0.0238098	0.00253048	0.00163961	0.168372	0.0136316	0.0838245	0.0598535	0.0120558	0.00924061	0.00176536	0.0103405	0.0747185	0.228602	0.190386	0.000963743	0.00223701
95	0.151023	0.0278853	0.0227186	0.0017569	0.0085521	0.00341788	0.00242222	0.181739	0.038103	0.0747313	0.0898813	0.0153956	0.0045282	0.0029407	0.0154084	0.0764538	0.0234238	0.256104	0.00141821	0.00209661
96	0.459851	0.0327115	0.0027096	0.00516662	0.0103784	0.0159109	0.00285531	0.00814373	0.00827297	0.0196656	0.00415714	0.0174234	0.00357163	0.00286459	0.00582898	0.292944	0.0452228	0.0344531	0.0203263	0.00754286
97	0.0250674	0.00511876	0.000277673	0.000344746	0.0224932	0.000602073	0.00301406	0.281621	0.00146909	0.0564115	0.0293931	0.00191275	0.000855144	0.00100064	0.00057084	0.00445468	0.0216463	0.534469	0.000273722	0.0090046
98	0.0790959	0.0188111	0.00122632	0.00122366	0.0200574	0.00203208	0.00165393	0.130691	0.00831551	0.0826715	0.0607552	0.0192552	0.00734271	0.00180359	0.00656229	0.0800977	0.307793	0.166816	0.000873867	0.00292152
99	0.0815034	0.00504863	0.0326607	0.02263	0.00714277	0.0352831	0.0176	0.00968768	0.118567	0.0222707	0.0080585	0.124131	0.00409152	0.0893545	0.115906	0.161428	0.11799	0.0205533	0.00240883	0.00368413
100	0.025152	0.00492842	0.000256468	0.000323745	0.0215996	0.000506203	0.0028064	0.283397	0.00141151	0.0555241	0.0298239	0.00196171	0.000740133	0.00101724	0.000538328	0.00389233	0.0214567	0.536326	0.000288855	0.00804924
101	0.106199	0.00630012	0.0664662	0.0852549	0.00177548	0.0158843	0.00714073	0.0140211	0.0323261	0.0117426	0.00456844	0.151851	0.00686918	0.0346089	0.0286836	0.176727	0.196704	0.0386111	0.00204999	0.0122166
102	0.0107536	0.00530558	0.322588	0.00616865	0.0224353	0.0600894	0.0205778	0.00905149	0.0221374	0.0102824	0.00718687	0.34405	0.00355139	0.0367179	0.0227746	0.0729549	0.00802995	0.00972458	0.00222149	0.00339877
103	0.0936023	0.0225716	0.00433373	0.00430593	0.131578	0.0324982	0.0285744	0.0916171	0.00767874	0.140587	0.0165611	0.00934171	0.0540399	0.00683183	0.00954512	0.039385	0.0173673	0.247658	0.00510797	0.0368145
104	0.697917	0.00485109	0.000704389	0.00088694	0.00485044	0.0264174	0.000829349	0.0112226	0.00295603	0.00959817	0.00757508	0.00193112	0.000982643	0.00143066	0.00298101	0.117723	0.0384797	0.0654446	0.00178242	0.00143618
105	0.0817173	0.0172073	0.00170318	0.00121922	0.0251503	0.00241703	0.00175453	0.147588	0.00983615	0.0904389	0.0646607	0.0144621	0.00766135	0.00189189	0.00776973	0.0725987	0.276087	0.1707	0.00173379	0.00340269
106	0.0169036	0.00820577	0.0118196	0.0310013	0.0139137	0.00876452	0.0395318	0.0124369	0.209433	0.035853	0.0158476	0.0386272	0.00344766	0.157824	0.284787	0.046892	0.0293834	0.017918	0.00606357	0.0113461
107	0.0600299	0.00888503	0.00598587	0.0064729	0.114809	0.0429688	0.0077253	0.018326	0.0420618	0.25691	0.0848781	0.0428282	0.0415684	0.109684	0.0112717	0.0597342	0.0185712	0.0552506	0.00443606	0.00760197
108	0.0459512	0.0110338	0.00234536	0.00111347	0.0417193	0.00406899	0.00144561	0.233213	0.00683654	0.258496	0.0751877	0.00670375	0.00521024	0.00276618	0.00472598	0.0206486	0.0270526	0.245284	0.00334506	0.00285286
109	0.16674	0.013835	0.00396536	0.00371146	0.0255664	0.0088162	0.00395109	0.177253	0.0104757	0.0829367	0.0446609	0.0102937	0.00615702	0.00512054	0.00784949	0.0623971	0.127191	0.228995	0.00372914	0.00635552
110	0.172983	0.0174996	0.00886456	0.00868256	0.00953562	0.0174396	0.0462646	0.0262179	0.0142046	0.0225111	0.06371	0.018278	0.0132459	0.163148	0.00973523	0.223845	0.110902	0.0430217	0.00227493	0.00763679
111	0.146537	0.0079024	0.00226631	0.00278556	0.0117962	0.00728268	0.00435661	0.0305802	0.00520854	0.0185165	0.0100346	0.00938296	0.00622875	0.00702774	0.00374917	0.17591	0.501045	0.039464	0.00102414	0.00890205
112	0.132585	0.0146467	0.00263817	0.0024836	0.0206629	0.00504801	0.00710126	0.0956772	0.016362	0.0511928	0.0428819	0.0127482	0.00871696	0.0148754	0.00774993	0.132359	0.334818	0.0921351	0.000874336	0.00444349
113	0.0706535	0.0124625	0.00190513	0.00141918	0.0279355	0.00354761	0.00213166	0.146293	0.00850189	0.185998	0.112384	0.0109293	0.00764622	0.00294725	0.00673	0.0470087	0.178969	0.166773	0.00202977	0.00373549
114	0.0161741	0.00560743	0.00215278	0.00509587	0.00753652	0.00345122	0.0339907	0.00520926	0.267396	0.0112655	0.00266776	0.0229557	0.0019885	0.0636677	0.465798	0.0409415	0.017273	0.00846797	0.00925493	0.00910636
115	0.0887153	0.00248565	0.0871608	0.0918506	0.00219425	0.0114293	0.00526616	0.0105181	0.0452961	0.00779459	0.00507644	0.177423	0.00786273	0.0455346	0.0515524	0.112216	0.199511	0.0389301	0.00122408	0.00795908
116	0.0268728	0.00474332	0.000259697	0.000418037	0.0217774	0.000585121	0.0030353	0.287442	0.00181449	0.0617019	0.0364773	0.0020084	0.00116153	0.00100294	0.000871889	0.00420905	0.0260614	0.511818	0.000361492	0.00737805
117	0.0326177	0.0081117	0.00113787	0.000589303	0.0418278	0.00380689	0.00115477	0.185038	0.0036722	0.446727	0.10842	0.00599113	0.00703271	0.00213294	0.00303786	0.00777528	0.0114916	0.125101	0.0026178	0.00171673
118	0.229983	0.013181	0.0203832	0.019199	0.00753034	0.171537	0.0187828	0.0143872	0.0306378	0.0204578	0.00971435	0.0363238	0.0275651	0.0331034	0.0547109	0.188457	0.0649013	0.0282282	0.00544114	0.00547629
119	0.157087	0.0230009	0.00578795	0.00587532	0.00997864	0.0117515	0.0340936	0.04204	0.0217524	0.0218717	0.0382719	0.0167608	0.0215661	0.0823536	0.0121439	0.217373	0.236937	0.0344474	0.00133705	0.0055699
120	0.0133347	0.00434879	0.0032924	0.00620208	0.0109347	0.0032667	0.0708269	0.00556478	0.251404	0.0103	0.00241462	0.025865	0.00225622	0.0718553	0.428882	0.041602	0.013215	0.00654298	0.0124026	0.015489
121	0.107997	0.0148236	0.0340411	0.0387423	0.00136478	0.0362546	0.0228904	0.0120522	0.0362403	0.0283743	0.00985468	0.0914559	0.00884609	0.0370178	0.0319732	0.299301	0.154341	0.019931	0.00593907	0.00856033
122	0.00964379	0.00479831	0.000631332	0.000688684	0.0639726	0.00413295	0.0012535	0.132115	0.00598627	0.50957	0.195936	0.00289164	0.00260309	0.00158824	0.00337892	0.00369153	0.00683456	0.0471399	0.000627997	0.00251642
123	0.295888	0.0213292	0.0138431	0.0147492	0.00360413	0.0411245	0.0130859	0.0134431	0.00542822	0.0149136	0.0128376	0.0293863	0.00628142	0.0118781	0.00223918	0.363044	0.106794	0.0247306	0.00155833	0.0038411
124	0.0313116	0.00245759	0.255843	0.298603	0.00227691	0.0356641	0.0311627	0.00670317	0.0306163	0.0154232	0.0137777	0.0518306	0.00752583	0.124996	0.0143053	0.0356135	0.0224531	0.010705	0.000532361	0.00819938
125	0.0549359	0.0108697	0.000643863	0.000481313	0.0315146	0.00538969	0.000743363	0.310895	0.00339277	0.256206	0.0495512	0.00824567	0.00524413	0.00147108	0.00443753	0.00692518	0.00730005	0.236648	0.00440476	0.000699812
126	0.0116896	0.0060416	0.000434407	0.000527212	0.0709899	0.00460859	0.00126821	0.141829	0.00477662	0.484914	0.186932	0.00300136	0.00343441	0.00177817	0.00277215	0.00423274	0.00849615	0.0588889	0.000608861	0.00277651
127	0.170474	0.0203818	0.00722545	0.00917731	0.00919294	0.0139082	0.0202232	0.040619	0.0213925	0.0278562	0.0278785	0.0219182	0.0151808	0.0468249	0.0126617	0.233202	0.259325	0.0353365	0.00116649	0.00605527
128	0.0268218	0.00284187	0.273785	0.304784	0.00225035	0.0325777	0.0313753	0.00768911	0.0307312	0.0160978	0.014315	0.0564249	0.00811473	0.102951	0.0155072	0.0354994	0.0195279	0.0112134	0.000466293	0.0070268
129	0.0174871	0.00770144	0.00411611	0.00624374	0.0061774	0.00517167	0.0272748	0.00727953	0.311379	0.0124505	0.00452072	0.0235286	0.00237217	0.0610374	0.421017	0.0346014	0.0209166	0.0113019	0.00702744	0.00839491
130	0.0180861	0.0083882	0.34545	0.261464	0.00532518	0.0380531	0.0278851	0.0143669	0.0456156	0.0211996	0.019109	0.0496145	0.0102195	0.0378476	0.0323662	0.0280014	0.0181458	0.0139777	0.00075391	0.00412987
131	0.108981	0.0151339	0.0330323	0.0410534	0.00127466	0.0377159	0.0227021	0.0126271	0.0367725	0.0278662	0.00936602	0.0926953	0.00858508	0.0387308	0.0331851	0.291883	0.152765	0.0206544	0.00569492	0.00928135
132	0.0184328	0.00592325	0.000564163	0.000595926	0.0485291	0.00375678	0.00115489	0.196849	0.00407188	0.442182	0.134548	0.00432434	0.00325774	0.00196471	0.00267344	0.0042456	0.0152845	0.108258	0.00150265	0.00188099
133	0.345093	0.024722	0.0137469	0.0145382	0.0034242	0.0504474	0.0125254	0.0165801	0.00507123	0.0129632	0.0119014	0.0269966	0.00586432	0.0109379	0.00145125	0.320552	0.089667	0.0277578	0.00132179	0.0044376
134	0.216543	0.0233321	0.0346544	0.0966354	0.0233192	0.196641	0.00450812	0.0594986	0.0126334	0.0275431	0.0070222	0.00776747	0.0039338	0.00507104	0.00611272	0.0951059	0.072994	0.0870491	0.00204106	0.0175946
135	0.14018	0.00644326	0.00156243	0.00205252	0.0147081	0.00512123	0.00339077	0.035628	0.0052241	0.0213135	0.0125286	0.00889695	0.00621903	0.00590437	0.00354528	0.155767	0.512656	0.049169	0.000804007	0.00888662
136	0.0129817	0.0188302	0.300845	0.274265	0.0106663	0.0651733	0.0340396	0.0231676	0.0450873	0.0217559	0.0142077	0.039864	0.00747418	0.0235081	0.0383875	0.0212098	0.026014	0.0180823	0.000900442	0.00353969
137	0.0981001	0.0187125	0.0337117	0.0342261	0.0118277	0.0349972	0.0620177	0.014801	0.0348598	0.0173475	0.00206391	0.0368147	0.201667	0.0778306	0.0744241	0.180843	0.0445534	0.0168336	0.00324952	0.00111868
138	0.0665926	0.033477	0.0120609	0.0102685	0.147831	0.022631	0.0151298	0.0799998	0.0298808	0.105428	0.0443185	0.0206154	0.0190199	0.017726	0.0313603	0.0467019	0.0414436	0.0653557	0.161961	0.0281984
139	0.0759868	0.0127265	0.0298075	0.0337176	0.0179543	0.407265	0.0167564	0.0282048	0.0427453	0.0326527	0.0189746	0.0196111	0.0166138	0.0223666	0.061906	0.0739344	0.0359982	0.0366703	0.00606268	0.0100454
140	0.0222799	0.00333057	0.000481383	0.00255196	0.0121756	0.00117325	0.00140421	0.386544	0.00815703	0.0777371	0.0449292	0.00236695	0.00299228	0.000908858	0.0021377	0.00448838	0.0384096	0.383789	0.000794669	0.00334823
141	0.0265843	0.0155127	0.0186937	0.049081	0.00751562	0.0054199	0.048064	0.0202439	0.212564	0.0665841	0.048351	0.048214	0.00572279	0.148367	0.174991	0.0235341	0.0305081	0.0340449	0.00817256	0.00783147
142	0.0326113	0.0175758	0.00209847	0.00182978	0.0415791	0.00393881	0.00296981	0.23881	0.00799562	0.156638	0.0929869	0.00494	0.00418204	0.0110673	0.00564486	0.0122517	0.0220512	0.330529	0.00321149	0.00708846
143	0.060257	0.00382601	0.143876	0.21023	0.00297208	0.0500048	0.0192901	0.00727473	0.0518923	0.0242118	0.0185728	0.0486432	0.0115129	0.166989	0.0287287	0.0769512	0.0556497	0.0120204	0.00170469	0.005393
144	0.0168167	0.00662782	0.00411196	0.00565655	0.00630118	0.00532883	0.0319266	0.0064302	0.296123	0.0113813	0.00364606	0.0236903	0.00233254	0.0565026	0.439945	0.0365624	0.0195276	0.010367	0.00826932	0.00845329
145	0.0344513	0.00539663	0.000863295	0.000559472	0.0224806	0.00122972	0.00275595	0.288783	0.00325649	0.0605612	0.0349707	0.00218469	0.00139809	0.00100263	0.00181646	0.00722731	0.0294304	0.493893	0.000481541	0.00725696
146	0.0234846	0.0124846	0.0443201	0.047173	0.00262459	0.0254246	0.0053786	0.021493	0.364784	0.00860693	0.0170938	0.0779017	0.0103777	0.0227322	0.147072	0.0258507	0.105935	0.0334091	0.00103223	0.00282199
147	0.0249455	0.00445667	0.313074	0.284441	0.00321025	0.0323815	0.03211	0.0101162	0.0315776	0.0166821	0.0152703	0.0583738	0.0102783	0.0733587	0.020046	0.0323173	0.0181139	0.0129096	0.000550342	0.00578604
148	0.0389239	0.00771173	0.000377454	0.000362797	0.0290079	0.00182731	0.00234595	0.291342	0.00224273	0.100868	0.029874	0.00285114	0.00266343	0.000920519	0.00200234	0.00523342	0.0171022	0.457076	0.000948132	0.00631944
149	0.0275349	0.00444259	0.00592283	0.00844139	0.0371441	0.0116979	0.019574	0.00873353	0.142809	0.0144745	0.00538572	0.0421738	0.00337948	0.112707	0.329235	0.11912	0.0795794	0.0154729	0.00510696	0.00706396
150	0.0180683	0.0101594	0.000695761	0.000473964	0.0835021	0.00444089	0.00127704	0.178944	0.00305837	0.453079	0.130347	0.00359513	0.00281477	0.00194851	0.00238731	0.00447467	0.00806411	0.0874474	0.00259778	0.0026257
151	0.0960403	0.00379294	0.00385789	0.00242163	0.0263482	0.0157117	0.00722691	0.00906921	0.00384481	0.0348053	0.00371051	0.0127808	0.656641	0.00467053	0.0120606	0.0482344	0.0336523	0.0217644	0.00157701	0.00179005
152	0.0902576	0.012264	0.0560325	0.0942517	0.00164547	0.0377111	0.0284852	0.0135306	0.0353458	0.0302804	0.0103365	0.0938667	0.0103044	0.0619187	0.0318111	0.240957	0.121344	0.0175041	0.00462385	0.00752922
153	0.00921933	0.00366429	0.000874349	0.00075133	0.0462561	0.00345385	0.00106355	0.126397	0.00748248	0.48255	0.236437	0.00270844	0.00412874	0.00130482	0.00434768	0.00512397	0.00947574	0.0522094	0.000541635	0.00201071
154	0.0267646	0.0241609	0.0147805	0.0415011	0.00930709	0.00690435	0.037296	0.0212318	0.173638	0.082709	0.048108	0.036708	0.0064026	0.193048	0.163806	0.0226172	0.0366459	0.0392571	0.00740599	0.00770708
155	0.0151871	0.00724384	0.00811501	0.0235353	0.0090873	0.00536521	0.0488773	0.00872878	0.220739	0.029381	0.012166	0.0315507	0.00319187	0.119873	0.365264	0.0379219	0.0202406	0.0146489	0.00854602	0.0103367
156	0.317849	0.0269283	0.00783474	0.0100087	0.00656445	0.0274669	0.00933928	0.0166888	0.00723637	0.0165373	0.0114074	0.029683	0.0105164	0.0110808	0.00440232	0.312067	0.115011	0.0478334	0.005126	0.00641834
157	0.0143084	0.0085328	0.000952741	0.000832402	0.0871636	0.00848546	0.00172398	0.138893	0.00458537	0.462904	0.173931	0.00419916	0.0044838	0.00390975	0.00281893	0.00653684	0.00865763	0.0622178	0.00104124	0.00382209
158	0.442411	0.0233732	0.00783713	0.0105773	0.00677117	0.0425486	0.00848227	0.0178248	0.00903353	0.0211265	0.0110177	0.0189706	0.00868966	0.0124607	0.00695757	0.214216	0.0865612	0.0425297	0.00296716	0.00564493
159	0.472489	0.00948109	0.0019038	0.00255076	0.00819496	0.0181402	0.00534817	0.0258206	0.00606421	0.0150699	0.0121972	0.00813894	0.00525691	0.0103363	0.00412551	0.162564	0.161054	0.0659813	0.0013471	0.0039367
160	0.0517861	0.00654461	0.145283	0.239547	0.00707939	0.0378628	0.0257891	0.0109234	0.0514275	0.0370961	0.0234622	0.0427915	0.00964971	0.16602	0.0340109	0.0463825	0.0379713	0.0163763	0.00278063	0.00721657
161	0.1753	0.0197902	0.0225289	0.0222894	0.0116297	0.0273909	0.0320171	0.0272245	0.0263164	0.0232294	0.0187979	0.030233	0.102609	0.0647395	0.0341916	0.183273	0.138895	0.0308356	0.0031906	0.0055176
162	0.0311299	0.00471323	0.249006	0.278814	0.00391414	0.0402919	0.0331588	0.00929178	0.0424737	0.0193382	0.0159494	0.0514221	0.00931121	0.101221	0.0251399	0.0358351	0.0238836	0.0175705	0.000998531	0.00653633
163	0.562945	0.0131649	0.00333199	0.0046728	0.00852862	0.023365	0.00333766	0.0187569	0.00623934	0.0224784	0.0104096	0.00904113	0.00285479	0.00471254	0.00522539	0.178248	0.0555171	0.0579488	0.00552884	0.00369316
164	0.170255	0.019485	0.00740151	0.00948921	0.00961403	0.012915	0.020326	0.0395249	0.0213086	0.0231017	0.0281145	0.0213346	0.0154866	0.0477078	0.0124058	0.236425	0.26165	0.0363391	0.00110463	0.00601092
165	0.0205041	0.0164586	0.00828542	0.0201743	0.00793438	0.00624336	0.0325159	0.0108229	0.237595	0.0358133	0.0184486	0.0289471	0.00407292	0.119854	0.335709	0.0343673	0.026642	0.0199489	0.00734299	0.00832011
166	0.0334539	0.0042929	0.310086	0.269623	0.00321116	0.029017	0.0276935	0.0106421	0.033254	0.0181853	0.0185747	0.0628892	0.00767252	0.0705348	0.0257656	0.0321611	0.0190909	0.0180984	0.000567511	0.00518707
167	0.194529	0.0115285	0.0303277	0.026731	0.00997862	0.134469	0.0213342	0.0156324	0.0369218	0.021809	0.012031	0.0419428	0.0388339	0.0764515	0.0593143	0.16805	0.0649943	0.0262854	0.00375481	0.00508073
168	0.0149852	0.016072	0.0213848	0.0207735	0.00213948	0.0253221	0.00397515	0.0206962	0.452492	0.00807555	0.0135198	0.0364347	0.00851199	0.0239928	0.226721	0.0141353	0.0600901	0.0258416	0.000923812	0.00391327
169	0.596688	0.00603639	0.00182818	0.00144087	0.00666425	0.0217825	0.00135375	0.0409194	0.00562836	0.0223422	0.0163063	0.00301428	0.00172391	0.00200323	0.00379974	0.101665	0.0400204	0.123317	0.00158611	0.00188021
170	0.0178329	0.00847697	0.00505561	0.00600405	0.00501384	0.00625155	0.022422	0.00840262	0.354045	0.0130307	0.00463234	0.0261041	0.00263009	0.0503106	0.387278	0.0323731	0.0241856	0.012144	0.00582626	0.00798028
171	0.025824	0.00490945	0.000249231	0.000344585	0.021589	0.000540622	0.00281275	0.284547	0.00153206	0.0569394	0.0310905	0.00199455	0.000821846	0.00103325	0.000613114	0.00396643	0.0220484	0.531047	0.000323645	0.00777344
172	0.0358631	0.00475011	0.00123451	0.0026406	0.0118837	0.00171368	0.00116079	0.383757	0.0123598	0.0923025	0.0499835	0.00290555	0.00378785	0.00101175	0.00399555	0.00960493	0.0448238	0.333298	0.00106085	0.00186202
173	0.657936	0.00745656	0.00100091	0.00154955	0.00682007	0.0238207	0.00120744	0.0120406	0.00327755	0.0121787	0.0065253	0.0035064	0.0016269	0.00182128	0.00302338	0.135101	0.0503903	0.0659312	0.00286728	0.00191815
174	0.626643	0.00870995	0.00266516	0.0028332	0.00720588	0.0256402	0.00329873	0.017203	0.00745596	0.0159071	0.00912938	0.00734888	0.00526132	0.00514215	0.00846553	0.130848	0.0464431	0.0640716	0.00314026	0.00258777
175	0.0499081	0.00189098	0.190012	0.249666	0.00257205	0.0554566	0.0202579	0.00590768	0.0364449	0.0182371	0.0183742	0.0422636	0.00525291	0.185142	0.0142518	0.0483263	0.0400161	0.00908108	0.000870662	0.00606765
176	0.420855	0.0152351	0.0118112	0.021174	0.00949915	0.129286	0.00547986	0.0215813	0.00920771	0.0183599	0.00943853	0.011611	0.00503371	0.00981501	0.0126996	0.157988	0.0537216	0.067429	0.00282135	0.00695302
177	0.0307176	0.00280936	0.253753	0.303801	0.00245356	0.0359822	0.0287246	0.00800921	0.031221	0.016668	0.0151234	0.0538441	0.00758866	0.113852	0.0157523	0.0373854	0.0236011	0.0112361	0.000580668	0.00689625
178	0.030235	0.0131536	0.00810624	0.0501581	0.0178134	0.00552042	0.0478099	0.0569379	0.167093	0.0952001	0.134739	0.0320461	0.00560093	0.0975455	0.130755	0.0144849	0.0235177	0.0456782	0.0175612	0.00604304
179	0.0511072	0.00691283	0.0379293	0.0286813	0.00469476	0.0201538	0.0297912	0.01041	0.195662	0.0436544	0.0164299	0.109723	0.00364785	0.127694	0.146991	0.0760137	0.0599366	0.0232527	0.00263433	0.00468105
180	0.688275	0.00513799	0.000817939	0.00106063	0.00506998	0.0256402	0.000954477	0.0112412	0.00290949	0.00967756	0.00678805	0.00238561	0.00119388	0.00148009	0.00300288	0.122198	0.0424527	0.0665623	0.00170388	0.00144761
181	0.476041	0.0323361	0.00241954	0.00471409	0.00979814	0.015797	0.00256262	0.00811088	0.00839269	0.0188426	0.00411155	0.0156724	0.00331358	0.00277051	0.00592479	0.284559	0.0419141	0.0354247	0.0197577	0.00753753
182	0.0331765	0.0204544	0.0233974	0.059508	0.0071086	0.00624423	0.0529379	0.0226134	0.198146	0.0695329	0.0450398	0.0440039	0.00996088	0.125934	0.162914	0.0255122	0.0377672	0.0344801	0.0114245	0.00984345
183	0.422399	0.0305991	0.00672568	0.00974122	0.00525257	0.0338904	0.00590324	0.0129897	0.00807837	0.0148715	0.00681698	0.0217623	0.00411929	0.00551463	0.00347765	0.300527	0.0563041	0.0326828	0.0076011	0.0107429
184	0.0235861	0.0354522	0.00147725	0.00118595	0.30898	0.00620672	0.00359299	0.146695	0.00203624	0.265935	0.0510812	0.0020793	0.00480091	0.00441337	0.0033551	0.00755017	0.00896416	0.0803587	0.0260199	0.01623
185	0.0250552	0.00716001	0.00347144	0.00417234	0.00735385	0.00517278	0.0203004	0.00637028	0.305371	0.0139302	0.00393769	0.0253848	0.00213625	0.0602817	0.411419	0.0411535	0.0287766	0.0157472	0.0057457	0.00705954
186	0.0323272	0.00328341	0.28542	0.271996	0.00284101	0.0333116	0.0223454	0.00963856	0.0398245	0.0213025	0.0223795	0.0627964	0.00688651	0.0850557	0.0216542	0.0364149	0.023939	0.0130911	0.000534052	0.00495893
187	0.568024	0.0126018	0.00465072	0.00585626	0.00619822	0.0250828	0.00325373	0.014118	0.00652786	0.0135309	0.00783075	0.0123009	0.00576035	0.00442635	0.00456693	0.186728	0.0547504	0.0551903	0.0046793	0.00392255
188	0.688245	0.00622253	0.00083718	0.00120859	0.00481121	0.0262957	0.000835414	0.0112224	0.00318673	0.00963647	0.00684722	0.00273437	0.00101089	0.0015163	0.00312894	0.127725	0.0375118	0.0630112	0.00203321	0.00197982
189	0.0185001	0.00480642	0.320757	0.284882	0.00305997	0.0196231	0.0200354	0.0182592	0.0240737	0.0229253	0.029649	0.0792894	0.00516802	0.0443344	0.0209337	0.039412	0.0262806	0.0137372	0.000753142	0.00352102
190	0.0159916	0.00271717	0.00147869	0.00981602	0.00556582	0.00188777	0.00173496	0.433103	0.0212125	0.0522651	0.0578124	0.0024506	0.00423492	0.0019634	0.00393135	0.0114013	0.0743715	0.295377	0.00091033	0.00177521
191	0.00849714	0.00382817	0.000553979	0.000636318	0.048951	0.00346306	0.000969164	0.139054	0.00759003	0.505478	0.214436	0.00276444	0.00232977	0.00121644	0.00434435	0.00361609	0.00670488	0.0431014	0.000486816	0.00197877
192	0.344571	0.0247192	0.0137767	0.0145732	0.00341084	0.0505456	0.0125709	0.0165952	0.00507602	0.0129476	0.0119309	0.0269884	0.00587881	0.0110108	0.0014505	0.32071	0.0897906	0.0277112	0.00130993	0.004433
