371	20
1	0.014485	0.00386454	0.234435	0.21082	0.00743244	0.00929604	0.0374909	0.00954346	0.0397075	0.0238597	0.0064879	0.12218	0.00501755	0.116654	0.029915	0.0485889	0.03413	0.034777	0.000711999	0.0106034
2	0.0268266	0.0162005	0.0124188	0.0125766	0.0544573	0.00615849	0.0166007	0.0305989	0.0329345	0.394852	0.124297	0.0322835	0.00131479	0.0484602	0.0375165	0.0674594	0.00551547	0.0373267	0.00483029	0.037372
3	0.118349	0.0285666	0.212195	0.0588601	0.0290678	0.0352559	0.00698717	0.0188563	0.114416	0.00478587	0.00269786	0.0594217	0.0188273	0.0725985	0.0787152	0.0851288	0.0413664	0.00807084	0.000655334	0.00517832
4	0.0416214	0.0368367	0.0558544	0.0451019	0.00691674	0.0925578	0.064513	0.0238026	0.0137738	0.00875285	0.00349617	0.222081	0.0176339	0.0154198	0.0263869	0.221758	0.0518608	0.0401313	0.000946287	0.0105541
5	0.00446979	0.0188298	0.00412172	0.00837671	0.644708	0.0139528	0.0144914	0.0301623	0.00558191	0.0589764	0.00941408	0.00527866	0.00177204	0.00422299	0.00457603	0.0171067	0.00638644	0.0112506	0.00798436	0.128338
6	0.0469069	0.00154018	0.0120546	0.0842024	0.0247097	0.0128239	0.0154136	0.0410291	0.16626	0.0716978	0.0111311	0.0538233	0.00142254	0.0945704	0.100934	0.069543	0.121853	0.0501354	0.000922512	0.0190269
7	0.0991272	0.00409694	0.0210461	0.0631255	0.00967508	0.0437988	0.0247447	0.0331041	0.159196	0.0434086	0.0162358	0.0668002	0.000873283	0.0692934	0.101561	0.110529	0.0952851	0.032952	0.000239668	0.00490749
8	0.0400292	0.00869659	0.0119624	0.00977804	0.0187331	0.00458011	0.0103002	0.200665	0.0118305	0.321887	0.0626593	0.00839721	0.0107374	0.0086149	0.00939392	0.0157427	0.0271853	0.211121	0.00166228	0.00602389
9	0.00466141	0.0208647	0.003395	0.00497192	0.322326	0.00522948	0.0476962	0.0402337	0.00397844	0.0545222	0.00335062	0.00653136	0.00121908	0.00373081	0.00426326	0.0230862	0.0071972	0.0295041	0.0237505	0.389488
10	0.143724	0.0109647	0.0282719	0.056436	0.00265794	0.10254	0.0204072	0.0194213	0.130665	0.0137991	0.0110569	0.0587582	0.00234603	0.070257	0.098109	0.172214	0.0428344	0.01456	0.000224075	0.000752856
11	0.00874227	0.00837644	0.298212	0.184642	0.00361018	0.00404183	0.0397243	0.0148624	0.0392676	0.028959	0.0170256	0.102573	0.00293932	0.0809741	0.0228654	0.0318572	0.0252572	0.0787146	0.000628465	0.00672639
12	0.0283221	0.015823	0.0282665	0.0373814	0.0805579	0.037426	0.0260914	0.0568142	0.055705	0.0912689	0.0298277	0.036922	0.00826943	0.0313494	0.0332963	0.0579485	0.0573628	0.0727506	0.0967743	0.117842
13	0.0491589	0.00892226	0.289311	0.227479	0.00172927	0.0366532	0.0100205	0.00433505	0.0426753	0.000969592	0.000536791	0.0903878	0.0109724	0.0473961	0.012006	0.119506	0.0277253	0.0113221	0.000123934	0.0087695
14	0.0147073	0.00997994	0.0228516	0.0257173	0.000789164	0.00713133	0.0313226	0.00233938	0.525426	0.012845	0.0125949	0.0313832	0.00214543	0.0704844	0.13629	0.0492258	0.0306519	0.0115454	0.000181709	0.00238724
15	0.0295017	0.0107863	0.00437029	0.00539034	0.0128092	0.00192626	0.00177149	0.349102	0.00521492	0.117994	0.0435049	0.00339429	0.00254356	0.00547012	0.00499341	0.00934238	0.0246609	0.352689	0.00624045	0.00829429
16	0.032723	0.00257083	0.00492575	0.123191	0.00917672	0.0227376	0.047426	0.00390433	0.192361	0.0176878	0.00344481	0.0678088	0.0054184	0.292933	0.141231	0.0172111	0.00597208	0.00664971	0.000679995	0.00194772
17	0.06774	0.00720993	0.0501849	0.0417746	0.0198596	0.00818682	0.0317539	0.00716894	0.0958933	0.0223373	0.00363261	0.028243	0.182663	0.0472105	0.0783398	0.186354	0.10835	0.00924301	0.00091108	0.00294358
18	0.0261482	0.00397359	0.00544113	0.00621967	0.0239904	0.0043998	0.00673549	0.0492315	0.00698309	0.482047	0.0461597	0.00547492	0.206383	0.00928893	0.00746973	0.0286549	0.0127627	0.0646773	0.000934456	0.00302457
19	0.114891	0.00342558	0.0672614	0.100165	0.00823097	0.0162181	0.0143528	0.00527236	0.0651494	0.00299263	0.00506127	0.0576463	0.250412	0.0670112	0.0210864	0.141959	0.0488512	0.00869902	0.000230674	0.00108379
20	0.116923	0.00168885	0.0710114	0.105607	0.00873958	0.0140392	0.0155572	0.00565578	0.0671712	0.00288467	0.00518084	0.058509	0.246939	0.0656267	0.0215711	0.138709	0.0448255	0.00813513	0.000199888	0.00102571
21	0.0515865	0.00931721	0.0677171	0.0375635	0.0548495	0.00501743	0.0326861	0.0418255	0.0163095	0.279121	0.0803035	0.0348048	0.00178231	0.0509892	0.0337552	0.105135	0.00654411	0.0329227	0.0140689	0.0437009
22	0.0232795	0.00978716	0.00565576	0.0118263	0.00891014	0.00230316	0.0021933	0.323354	0.0113277	0.116916	0.0497865	0.00674417	0.00216294	0.0111201	0.0119299	0.0110395	0.0256263	0.358011	0.00246059	0.00556575
23	0.0160496	0.0145881	0.00914347	0.0297885	0.00293619	0.00521061	0.00420101	0.22974	0.100883	0.104209	0.0328486	0.0134334	0.00195747	0.0390755	0.0800525	0.00990266	0.0610916	0.241476	0.000913087	0.00249922
24	0.0812625	0.00213012	0.106401	0.0804363	0.00618252	0.0244504	0.011696	0.00508961	0.0628194	0.00378234	0.00987951	0.129345	0.203945	0.0629243	0.0225964	0.134836	0.0428537	0.00668515	0.000559591	0.00212586
25	0.0404636	0.0191428	0.0239968	0.0142159	0.116436	0.00638029	0.0593786	0.0282508	0.0304125	0.201091	0.0409931	0.0516545	0.00293442	0.03075	0.0209652	0.0562814	0.0431439	0.0371698	0.013519	0.16282
26	0.0493362	0.00894581	0.289576	0.226922	0.00172188	0.036871	0.00998076	0.0043296	0.0429206	0.000970605	0.000518894	0.0902161	0.0108918	0.0472124	0.0121247	0.119599	0.0277777	0.0112751	0.000123948	0.00868693
27	0.0257978	0.0246675	0.0100274	0.0109092	0.0590617	0.00756523	0.0107698	0.0311481	0.0356369	0.413049	0.0999838	0.0355072	0.0010081	0.0533437	0.0244635	0.0646828	0.00402123	0.0341173	0.00376441	0.0504751
28	0.035281	0.0100915	0.00885209	0.0095387	0.0404186	0.0053722	0.0122656	0.0871001	0.0155139	0.503993	0.0740811	0.0118164	0.0101195	0.0162307	0.013458	0.0282896	0.0186477	0.0842633	0.00137683	0.0132898
29	0.0115908	0.00208099	0.21765	0.0402526	0.00193341	0.00740081	0.0154001	0.00386545	0.0289803	0.00288423	0.0019618	0.407583	0.0134679	0.00845313	0.0250382	0.177537	0.0236199	0.00656979	0.000497777	0.0032329
30	0.0196738	0.00893249	0.0174726	0.0296049	0.00229475	0.00715495	0.0307367	0.00446618	0.475613	0.014659	0.0193652	0.0267431	0.00329049	0.0803945	0.165874	0.0445361	0.0305083	0.0142408	0.000290195	0.00414913
31	0.0199484	0.00464376	0.00339816	0.00583475	0.0329645	0.00294633	0.00755043	0.11871	0.00693043	0.555216	0.0773864	0.00358423	0.00567541	0.00814642	0.00673638	0.00960309	0.0220039	0.105102	0.000830406	0.00278863
32	0.250462	0.0457276	0.00475513	0.00891151	0.00238606	0.0267869	0.00401442	0.143322	0.0125823	0.00514167	0.0224625	0.00941481	0.00714747	0.00485785	0.00443325	0.0964626	0.0322935	0.315908	0.000675903	0.0022543
33	0.0254473	0.00984237	0.00402823	0.00509076	0.0114771	0.00233267	0.00193662	0.357097	0.00398862	0.120283	0.0523035	0.00358773	0.00220912	0.00446991	0.00548735	0.0097997	0.0203696	0.350882	0.002954	0.00641255
34	0.00355545	0.00139674	0.00586981	0.00541963	0.00301888	0.00372955	0.00186391	0.345715	0.0194869	0.429143	0.0234375	0.0123364	0.000955523	0.0019062	0.0121739	0.0105647	0.0088506	0.109317	0.000290741	0.000968114
35	0.0314723	0.008789	0.0191573	0.0367186	0.00535943	0.00973029	0.027507	0.00908022	0.420573	0.0184437	0.0126402	0.0350127	0.00872818	0.0557572	0.173148	0.0572864	0.0396755	0.0221293	0.00100375	0.00778868
36	0.0178682	0.0061032	0.00537026	0.00673996	0.027911	0.00363783	0.00677193	0.182678	0.0108352	0.479556	0.0706224	0.00787933	0.00549966	0.00814727	0.00930335	0.013034	0.0171789	0.115044	0.00104707	0.00477272
37	0.0311869	0.0123344	0.119467	0.0566678	0.0114822	0.0401512	0.0363408	0.0201357	0.0701164	0.0213274	0.00935772	0.285161	0.0175889	0.0406443	0.0425994	0.0993651	0.042978	0.022772	0.00200234	0.0183216
38	0.0495937	0.0151156	0.0957529	0.105975	0.00522386	0.45223	0.0115288	0.00871783	0.0370631	0.00885445	0.00538141	0.0522733	0.0105175	0.0289501	0.0237374	0.0454842	0.0213908	0.0133613	0.0021667	0.00668239
39	0.116839	0.0290469	0.0251626	0.0182369	0.00518646	0.612242	0.00581066	0.0098419	0.0187873	0.00589811	0.00516781	0.0216707	0.00774404	0.00868859	0.0171668	0.0550613	0.0174353	0.0147308	0.00150725	0.0037764
40	0.0235876	0.0110635	0.00829131	0.00938279	0.0459517	0.00459417	0.0147387	0.0509671	0.0180872	0.515113	0.10064	0.0165653	0.00461105	0.0293682	0.0175423	0.0454389	0.0131867	0.0464445	0.00307078	0.0213548
41	0.0603949	0.0207204	0.0571531	0.0200527	0.00644447	0.631549	0.0062472	0.00670022	0.0265034	0.00687093	0.0037738	0.0495954	0.0046549	0.0108452	0.0199872	0.0343698	0.0159045	0.0113313	0.00175834	0.00514267
42	0.0362233	0.0172982	0.0393601	0.0303694	0.0119922	0.0216923	0.0289872	0.056122	0.032676	0.0141354	0.00863563	0.143082	0.0119987	0.0234629	0.0190299	0.156241	0.292267	0.0401195	0.00205193	0.0142558
43	0.0534468	0.0067004	0.0389645	0.0178336	0.00482252	0.0382613	0.0395846	0.00940013	0.0163151	0.00670604	0.00491547	0.0408748	0.00322873	0.0131283	0.00853498	0.30405	0.363251	0.0243481	0.000578702	0.00505513
44	0.0155849	0.0043604	0.00309658	0.00465107	0.045271	0.00329491	0.00848161	0.0599778	0.00598492	0.641886	0.0917748	0.00579249	0.00495768	0.0140641	0.00846758	0.0168249	0.0132265	0.04384	0.000971216	0.00749152
45	0.0558848	0.019878	0.0585574	0.024062	0.0120631	0.594327	0.00790888	0.0116867	0.0290187	0.00864187	0.00440479	0.0523836	0.0075777	0.0128085	0.0181454	0.0376355	0.0167587	0.0175601	0.00242359	0.0082738
46	0.0278424	0.0366343	0.00742267	0.00986623	0.0638184	0.00617331	0.0169627	0.102519	0.0202223	0.367414	0.0939949	0.0182138	0.00442334	0.0240268	0.0158853	0.0350756	0.014688	0.10664	0.00288731	0.0252892
47	0.0227194	0.0145524	0.0325525	0.0529399	0.0113196	0.0268672	0.0373787	0.0328707	0.0929875	0.0240769	0.00805363	0.0580254	0.00201886	0.085652	0.0480911	0.0844569	0.237271	0.103128	0.000462322	0.0245757
48	0.0325478	0.0201584	0.0240561	0.0252938	0.0220975	0.197403	0.0198851	0.0187944	0.157859	0.0337056	0.0189351	0.0417112	0.00972599	0.0294134	0.0356285	0.0940607	0.0425374	0.0291158	0.0686019	0.0784693
49	0.223922	0.0230073	0.0361843	0.0659694	0.0116435	0.0257466	0.0113853	0.0119797	0.0405022	0.0106547	0.00718565	0.0402671	0.17143	0.0373784	0.018603	0.155766	0.0758854	0.028975	0.000689572	0.00282456
50	0.0245813	0.0101572	0.0205146	0.0389263	0.00597596	0.0112754	0.0708691	0.00962682	0.373598	0.0219733	0.016503	0.044502	0.00571243	0.0665428	0.154655	0.0551219	0.0334532	0.0177204	0.000982772	0.0173089
51	0.260153	0.030967	0.0309266	0.0386626	0.0128902	0.0352165	0.0137287	0.0154646	0.0296708	0.0116533	0.00938915	0.0372376	0.0411127	0.0236487	0.0228664	0.26301	0.0724603	0.040409	0.00139447	0.00913793
52	0.0561475	0.0133321	0.00708107	0.00615361	0.0224845	0.00404672	0.0164667	0.242242	0.00732037	0.192097	0.0856864	0.00581851	0.0092157	0.00567556	0.00726717	0.0153319	0.027356	0.267944	0.00171954	0.00661393
53	0.0240528	0.00971962	0.00462041	0.00585553	0.0134103	0.00254271	0.00511304	0.344729	0.00787145	0.18355	0.0578645	0.00536913	0.00325925	0.00486502	0.00706051	0.0106458	0.019949	0.281462	0.00236178	0.00569729
54	0.102255	0.0710977	0.0106059	0.14666	0.00569284	0.059192	0.00772984	0.00647088	0.014828	0.00619487	0.00416599	0.0160367	0.190417	0.0642868	0.0262279	0.127543	0.102375	0.0339706	0.000966323	0.00328345
55	0.0387757	0.0114894	0.00398853	0.00548518	0.0121037	0.00357504	0.00219968	0.336559	0.00594041	0.114089	0.0409946	0.00332949	0.00391617	0.00505928	0.00573902	0.0130568	0.0251311	0.358058	0.00325129	0.00725891
56	0.0321607	0.00555283	0.0140762	0.0336102	0.00504418	0.0059443	0.0343579	0.00979834	0.405394	0.0217576	0.0112819	0.0224002	0.0101994	0.0456202	0.207395	0.0623622	0.0450909	0.0235223	0.000383019	0.00404908
57	0.0450289	0.00918879	0.280704	0.229698	0.00238495	0.0343528	0.0131983	0.00381048	0.0395017	0.001751	0.000607793	0.0925606	0.0101731	0.0563169	0.0117481	0.117744	0.0289494	0.0124119	0.000159875	0.00970891
58	0.00998898	0.00322557	0.232944	0.0681533	0.00264494	0.381822	0.00476308	0.00459086	0.0372846	0.00337105	0.00252925	0.184886	0.00248895	0.00997148	0.0104773	0.0110823	0.0207759	0.00601469	0.000598224	0.00238789
59	0.0256003	0.0226357	0.0100479	0.0108988	0.0603023	0.00720713	0.0106426	0.0289128	0.0378841	0.408841	0.100651	0.0380138	0.00110661	0.0570442	0.0236131	0.0664846	0.00417046	0.0334601	0.00368712	0.0487964
60	0.0238185	0.0147177	0.0349554	0.0206522	0.00505006	0.0184208	0.0243293	0.015591	0.0142937	0.00863318	0.00577753	0.0512486	0.00545954	0.00858751	0.00710748	0.264096	0.458427	0.0142009	0.00110146	0.00353251
61	0.0069415	0.00881024	0.0044975	0.0098893	0.617394	0.00714751	0.00775298	0.0284997	0.00663846	0.147444	0.0234565	0.0054475	0.00211594	0.00679358	0.00613469	0.0168693	0.00688046	0.0165824	0.00390289	0.066801
62	0.0176781	0.00568132	0.00404849	0.00513606	0.0336558	0.00319575	0.00855694	0.142654	0.00606638	0.535573	0.087111	0.004681	0.00471079	0.00835276	0.00697044	0.0112219	0.0154053	0.0946986	0.00110926	0.003493
63	0.0464076	0.00772068	0.251173	0.228308	0.00405742	0.0271082	0.0168247	0.0063232	0.0468672	0.00641771	0.00315857	0.0977993	0.0206662	0.0537041	0.0197231	0.107311	0.0318129	0.0154905	0.000959374	0.00816686
64	0.0118587	0.00642739	0.00609815	0.0062999	0.018927	0.00265304	0.0081173	0.270038	0.0078082	0.379725	0.124358	0.00620473	0.00285557	0.0040049	0.0093038	0.00949544	0.0109551	0.113061	0.000379914	0.00142828
65	0.148211	0.0207447	0.0119952	0.0211933	0.00622462	0.0176572	0.0129356	0.116668	0.0260567	0.0158267	0.0370866	0.0781027	0.0190264	0.0146328	0.0134809	0.111123	0.185045	0.137209	0.00106141	0.00571796
66	0.0273276	0.0102122	0.0036833	0.00466361	0.0128947	0.00169342	0.00265162	0.344709	0.00429331	0.136286	0.0487378	0.00311132	0.00290193	0.00463291	0.00524093	0.0111073	0.0205657	0.345452	0.00296075	0.00687425
67	0.0403318	0.00175114	0.00548617	0.0549545	0.00798281	0.00719137	0.0302342	0.0193985	0.303472	0.0458637	0.0101643	0.0170737	0.00818852	0.095815	0.222236	0.0429051	0.0427135	0.0385613	0.000409693	0.00526638
68	0.0398413	0.00693009	0.154707	0.216621	0.00673802	0.0216286	0.030953	0.00882883	0.0745556	0.013432	0.00509157	0.106318	0.0150629	0.126029	0.0468601	0.0690751	0.0293462	0.0192447	0.00104134	0.00769565
69	0.0369275	0.0189181	0.00654509	0.00843424	0.0269336	0.00392	0.0286771	0.238498	0.011451	0.232798	0.123172	0.00671235	0.00697811	0.00565189	0.0101378	0.0141348	0.0215588	0.193672	0.000677398	0.00420147
70	0.038457	0.0061183	0.037197	0.178677	0.00683582	0.0195547	0.0297741	0.007974	0.16076	0.0166937	0.00604749	0.0504015	0.0307048	0.232908	0.102804	0.0441535	0.0146969	0.0126269	0.000782324	0.00283224
71	0.0418256	0.00725439	0.0119521	0.0441311	0.0521642	0.00677299	0.181994	0.00655589	0.0436571	0.00819104	0.00432907	0.193226	0.00354098	0.0444771	0.0304377	0.107803	0.0464786	0.0247109	0.00105252	0.139445
72	0.0114052	0.00251117	0.00156461	0.00375559	0.0534143	0.00381958	0.00541312	0.0529996	0.0036073	0.68923	0.0820901	0.00289028	0.00576684	0.00993059	0.00460694	0.00984829	0.0145766	0.0382221	0.00054047	0.00380757
73	0.0289847	0.0811081	0.0400614	0.0239186	0.0315688	0.0178567	0.0449935	0.0716306	0.0505058	0.0501743	0.0208465	0.154343	0.00841416	0.0371077	0.0686119	0.0811903	0.041392	0.0374198	0.00383991	0.106032
74	0.0198825	0.00259809	0.107209	0.120623	0.0054629	0.00757984	0.0443101	0.00831844	0.128284	0.0114005	0.00166545	0.172113	0.00695788	0.0655664	0.113933	0.111039	0.0578149	0.00920264	0.000295643	0.00574465
75	0.0646161	0.00137752	0.00652688	0.046602	0.00777917	0.00591352	0.0179567	0.0169592	0.341155	0.0386906	0.0163565	0.0209158	0.00649926	0.0424036	0.182827	0.0629854	0.0767668	0.0390514	0.000269343	0.00434716
76	0.00452805	0.0281242	0.00288637	0.00396111	0.255928	0.00516022	0.0590919	0.042117	0.00413973	0.0386718	0.00210607	0.00664298	0.00134224	0.00325194	0.00372005	0.0208849	0.0065533	0.0290249	0.0279983	0.453866
77	0.00550304	0.00194475	0.249284	0.022501	0.00163306	0.347679	0.00584315	0.00263804	0.0503512	0.00262427	0.00157726	0.25144	0.002814	0.0125151	0.0140799	0.0123274	0.00952597	0.00378436	0.000410058	0.00152379
78	0.221389	0.05332	0.00526355	0.00899857	0.00228429	0.0143018	0.00409605	0.107246	0.0207592	0.00378993	0.0126431	0.0109373	0.00570628	0.00673317	0.00470433	0.127183	0.0740061	0.31413	0.000601033	0.00190719
79	0.0276593	0.0108673	0.00287621	0.0035109	0.013025	0.00128508	0.00124058	0.354473	0.00242991	0.118694	0.0394815	0.00202563	0.00255487	0.00409421	0.00387144	0.00949799	0.0209676	0.369758	0.00363903	0.00804889
80	0.0175269	0.012923	0.0146685	0.0142862	0.179216	0.00768693	0.021303	0.044443	0.0196175	0.270824	0.0477851	0.0227455	0.00291223	0.0226739	0.0233239	0.0395831	0.0269066	0.0436376	0.0421394	0.125798
81	0.0242101	0.0189628	0.00920379	0.0101	0.0694844	0.00644027	0.0141894	0.0468015	0.034841	0.406635	0.108458	0.0295614	0.00229037	0.041547	0.0223987	0.0510371	0.00993621	0.0478553	0.00496872	0.041079
82	0.0253468	0.0255693	0.154147	0.0461333	0.0229348	0.0156413	0.0303472	0.0494414	0.0272209	0.029871	0.00889467	0.253009	0.00793353	0.0266093	0.021912	0.133295	0.032058	0.0246061	0.00182167	0.0632082
83	0.0417139	0.0164724	0.0272307	0.0381001	0.0530467	0.0153491	0.0935243	0.0174735	0.109272	0.0333919	0.0160823	0.0834008	0.0164026	0.0428946	0.0546304	0.207082	0.0533611	0.0291125	0.00307919	0.0483798
84	0.00570498	0.010672	0.00376603	0.00942468	0.623318	0.00782489	0.011426	0.0240776	0.00574649	0.0946672	0.014155	0.00704526	0.00149607	0.00564813	0.00518596	0.0198683	0.00798462	0.0127092	0.00800659	0.121273
85	0.0235424	0.0200347	0.0848237	0.0328599	0.0383285	0.0136339	0.0480478	0.0174879	0.0843496	0.0397119	0.00595978	0.250624	0.00379962	0.042886	0.0453539	0.112459	0.0582792	0.018136	0.00326316	0.0564187
86	0.0493256	0.0161416	0.0178984	0.0254832	0.0113058	0.0112538	0.0142289	0.13209	0.0460556	0.0493687	0.025558	0.0287514	0.0106606	0.0272783	0.0192486	0.0908681	0.203589	0.208928	0.00292028	0.0090465
87	0.0147019	0.0039082	0.220605	0.102139	0.00659078	0.00853565	0.128812	0.00780911	0.0334706	0.011161	0.0048405	0.235165	0.00840113	0.0713514	0.0254235	0.0673993	0.0218061	0.0183896	0.000846662	0.00864324
88	0.0464973	0.00220774	0.274293	0.421254	0.000777849	0.0257827	0.00861177	0.00408455	0.03124	0.00102084	0.00257661	0.0263662	0.00378448	0.0607019	0.014381	0.0402383	0.0195163	0.012231	0.00227617	0.0021582
89	0.0441231	0.000849731	0.277388	0.465663	0.000714629	0.0205193	0.0066607	0.00311405	0.0282001	0.00119032	0.00386969	0.0114046	0.00278837	0.0649112	0.0156427	0.0207665	0.0180729	0.0104795	0.00292116	0.000720774
90	0.0375332	0.0243369	0.0273803	0.030414	0.0768796	0.0161526	0.0237599	0.09606	0.0381547	0.0419486	0.0168358	0.0446686	0.0131911	0.0247917	0.0280147	0.138456	0.218163	0.0621311	0.00533935	0.0357885
91	0.0617287	0.0190228	0.045568	0.167854	0.0032254	0.0321381	0.0315393	0.00836282	0.0842545	0.0797314	0.00725891	0.0243388	0.00332192	0.259782	0.0381722	0.0662197	0.00715938	0.0572885	0.000745116	0.00228867
92	0.0147073	0.00997994	0.0228516	0.0257173	0.000789164	0.00713133	0.0313226	0.00233938	0.525426	0.012845	0.0125949	0.0313832	0.00214543	0.0704844	0.13629	0.0492258	0.0306519	0.0115454	0.000181709	0.00238724
93	0.0287552	0.0099074	0.00544367	0.00712611	0.011743	0.00280853	0.00148485	0.354444	0.00549467	0.113522	0.0384516	0.00396358	0.00237374	0.00672322	0.00554339	0.00890216	0.029009	0.352338	0.00367332	0.00829265
94	0.0194913	0.00789696	0.00348114	0.00368675	0.0122374	0.00252936	0.00278439	0.363008	0.00841507	0.228331	0.0418899	0.00496506	0.00237814	0.00312811	0.0067943	0.0120424	0.0145427	0.255577	0.00198944	0.00483206
95	0.0312381	0.00283952	0.00447418	0.102452	0.0118962	0.0226395	0.0457672	0.00538537	0.212023	0.0197839	0.00480311	0.05015	0.00505716	0.271686	0.168086	0.0218637	0.00769425	0.00916211	0.000615926	0.00238323
96	0.0283083	0.00438912	0.0142656	0.0522108	0.00424649	0.0078461	0.0289913	0.00812073	0.404767	0.0267385	0.010739	0.0240092	0.006056	0.0747996	0.197774	0.049283	0.0335048	0.0209523	0.000278449	0.00271975
97	0.0215608	0.0149654	0.0338247	0.0344787	0.0160955	0.0202269	0.0834949	0.0123413	0.173636	0.0209275	0.0111645	0.200981	0.00714774	0.0462788	0.103502	0.0711041	0.0378545	0.0172633	0.00462553	0.0685278
98	0.153227	0.00694101	0.0297197	0.0734517	0.00190031	0.0853904	0.0122233	0.012303	0.161886	0.00940981	0.00762754	0.055702	0.0093496	0.0788383	0.0840018	0.164896	0.0398351	0.0122776	0.000271773	0.000748675
99	0.0126925	0.00111659	0.0929416	0.0728221	0.0108059	0.00858702	0.0513154	0.00536364	0.135412	0.0109054	0.00111098	0.274761	0.00408052	0.0659993	0.100165	0.0873826	0.0421014	0.00551804	0.000235249	0.0166832
100	0.0279964	0.0107877	0.00295226	0.00340748	0.0130566	0.00133174	0.00127007	0.355356	0.00248198	0.121601	0.0395674	0.00213082	0.00264081	0.00402225	0.00373857	0.00967495	0.0211509	0.365314	0.0036277	0.00789068
101	0.00701129	0.00097388	0.163757	0.161532	0.0039162	0.00366453	0.0478374	0.0112082	0.122296	0.0130443	0.00123737	0.149453	0.00910268	0.0721256	0.0987598	0.0811855	0.0372035	0.0139096	0.000284325	0.00149733
102	0.0235735	0.0100117	0.00456691	0.0086611	0.00940901	0.0022498	0.00147677	0.325063	0.0100661	0.116939	0.0406674	0.00556221	0.00225288	0.00697995	0.0120608	0.00888193	0.0242303	0.378931	0.0025422	0.00587503
103	0.0310258	0.0156347	0.00799433	0.0138884	0.0314452	0.00275571	0.239639	0.0240783	0.0977755	0.104602	0.071646	0.0159413	0.00188049	0.0437026	0.0560553	0.0462451	0.0181256	0.0316514	0.000652128	0.145262
104	0.0152489	0.107315	0.00959477	0.0114247	0.00802526	0.00658538	0.00866796	0.0477818	0.0338637	0.0448247	0.0245919	0.0174361	0.0250461	0.0101421	0.0108499	0.264008	0.337369	0.0121364	0.000948442	0.00413998
105	0.00533542	0.00975962	0.00388772	0.0102959	0.668013	0.00779743	0.00719212	0.0224662	0.00562758	0.102292	0.0168112	0.00644013	0.00143226	0.00641497	0.00543589	0.0168891	0.00557025	0.0103183	0.00502546	0.0829955
106	0.0223888	0.0312157	0.0125826	0.0230257	0.0412697	0.00776612	0.0116482	0.0236272	0.0406511	0.336505	0.0947264	0.0741603	0.00228743	0.0628878	0.0219823	0.0980624	0.00781178	0.050875	0.00385826	0.0326681
107	0.0459795	0.0167711	0.0479932	0.0637928	0.0166286	0.0167413	0.0278947	0.0806671	0.0808135	0.0624049	0.0246007	0.0438636	0.0124693	0.110205	0.0477421	0.0669821	0.0708032	0.142751	0.00341714	0.0174793
108	0.037845	0.0873817	0.0449759	0.0270684	0.0232393	0.03039	0.112341	0.0182518	0.0272203	0.0238215	0.00837201	0.177782	0.00995146	0.0277584	0.0250577	0.208123	0.0458458	0.0297277	0.00140163	0.0334452
109	0.0159687	0.0895746	0.0141263	0.0180126	0.00372431	0.0264209	0.0232552	0.0063488	0.39481	0.00991174	0.0141905	0.0411705	0.00387525	0.0805998	0.128021	0.0578716	0.029354	0.0149043	0.00224052	0.0256201
110	0.00449732	0.0281576	0.00287898	0.00396344	0.256246	0.00516556	0.0590156	0.042107	0.00413426	0.0387662	0.00210648	0.00663165	0.00134195	0.00325162	0.00367335	0.0208411	0.00655555	0.0290326	0.0279011	0.453732
111	0.0843877	0.0115822	0.0482289	0.0744671	0.0104733	0.022088	0.020517	0.0216755	0.0607916	0.05103	0.00879203	0.0496663	0.262651	0.0435023	0.0291346	0.112473	0.0421787	0.0375441	0.0014431	0.00737357
112	0.0206409	0.014512	0.017022	0.01771	0.173342	0.00921882	0.0214853	0.0299325	0.0285132	0.211447	0.0449132	0.0309069	0.00555055	0.029282	0.0630063	0.0462846	0.0397507	0.0372677	0.0557236	0.103491
113	0.0271639	0.0106312	0.00282674	0.0032094	0.0132715	0.00135779	0.00124406	0.3592	0.00264063	0.127939	0.0396383	0.00218385	0.00256431	0.00387134	0.0036841	0.00963001	0.0202355	0.357494	0.00354388	0.00766945
114	0.0400474	0.0156632	0.115242	0.0340582	0.0721442	0.00716236	0.0500495	0.0672892	0.0110716	0.117923	0.0185815	0.0848122	0.00294536	0.0203441	0.0141249	0.157926	0.0156845	0.0490082	0.00515415	0.100768
115	0.0706995	0.00187915	0.00267444	0.0286844	0.00853209	0.00206077	0.0108931	0.0091624	0.419817	0.017193	0.0128399	0.00476479	0.00874532	0.0180105	0.23018	0.0599435	0.050963	0.0382774	0.000383206	0.0042963
116	0.0431011	0.000823967	0.277815	0.468395	0.000716071	0.020568	0.00655836	0.00302812	0.0282933	0.00111475	0.00350851	0.0110939	0.00267108	0.0650456	0.0157765	0.0204962	0.0170798	0.0103424	0.00289177	0.000680593
117	0.0174842	0.00698577	0.0447454	0.0248144	0.00464788	0.0184435	0.0276012	0.0128579	0.0132546	0.00602054	0.00425771	0.0577349	0.00359681	0.00832512	0.00657409	0.222161	0.506571	0.0098848	0.00102542	0.0030135
118	0.0238796	0.021079	0.00925365	0.0101249	0.0642416	0.00704112	0.0105149	0.0287423	0.0359553	0.411722	0.107628	0.0349931	0.00105862	0.0521279	0.0240095	0.0612854	0.00590073	0.0350818	0.00512292	0.0502381
119	0.0248112	0.00260151	0.00217409	0.0035326	0.0300834	0.00259851	0.0159038	0.0450807	0.00521552	0.621846	0.112183	0.00442196	0.00476656	0.0175079	0.0138025	0.0264138	0.0150947	0.047259	0.000796224	0.00390662
120	0.11064	0.0111046	0.0532865	0.0843527	0.0102091	0.0186477	0.0178799	0.0106313	0.0580485	0.015611	0.0053705	0.0496503	0.251619	0.0481435	0.0268475	0.147455	0.0560666	0.0203999	0.00085733	0.00317986
121	0.0305468	0.0109357	0.00408774	0.00459819	0.0133113	0.00169396	0.0015714	0.348109	0.00379797	0.119418	0.0407891	0.00281876	0.00256655	0.00456399	0.00416857	0.00909055	0.0246638	0.360248	0.00441765	0.00860247
122	0.104657	0.0712222	0.0104015	0.140132	0.00567574	0.0589102	0.00774639	0.00671628	0.0148213	0.00611144	0.00429589	0.0161997	0.191721	0.0637948	0.0251695	0.128086	0.104075	0.0360829	0.000962095	0.00321893
123	0.0381636	0.0229992	0.0548526	0.0270306	0.0070603	0.00737261	0.0377321	0.00694214	0.126032	0.0203007	0.004057	0.0427873	0.0139229	0.0609325	0.108634	0.25544	0.152316	0.008915	0.000871944	0.00363836
124	0.0250752	0.141764	0.0291429	0.0137531	0.105074	0.00874464	0.0429063	0.0271677	0.0201141	0.0357525	0.00860209	0.11529	0.00514969	0.0241037	0.016992	0.0928798	0.0593955	0.0284342	0.00800454	0.191653
125	0.0280148	0.00618491	0.006054	0.00798657	0.024922	0.00579647	0.00862359	0.0631862	0.00884232	0.451399	0.0507651	0.00713048	0.18869	0.00962611	0.00848508	0.0281127	0.0152284	0.075789	0.00106878	0.00409436
126	0.0382555	0.00985292	0.0129561	0.0194598	0.0250019	0.0109994	0.014102	0.05976	0.020648	0.324213	0.0402602	0.0181141	0.211415	0.0187415	0.0160764	0.0470477	0.0270545	0.0778872	0.00212259	0.00603191
127	0.0812161	0.0220631	0.0233269	0.0245508	0.00543116	0.579864	0.0115149	0.00911318	0.0371049	0.0108985	0.00579166	0.0298425	0.00648095	0.0202226	0.0432426	0.0510917	0.0186981	0.012505	0.00217947	0.0048623
128	0.0338063	0.0197998	0.0463086	0.0487338	0.0287618	0.018607	0.172156	0.0303105	0.0936081	0.0526646	0.0275299	0.0866059	0.0116868	0.0416337	0.061151	0.080725	0.0402495	0.037949	0.0036075	0.0641051
129	0.101307	0.0407471	0.0236096	0.0184727	0.00904012	0.592047	0.00778851	0.0143757	0.0183887	0.00860322	0.00651542	0.0214152	0.00849526	0.00955987	0.0174157	0.0546434	0.0167633	0.0220248	0.00221089	0.00657658
130	0.0146282	0.00366686	0.245921	0.0396894	0.00351569	0.0426956	0.018887	0.00516577	0.035351	0.00436069	0.00225496	0.386251	0.0278963	0.0173149	0.0218442	0.0879219	0.0259726	0.0105428	0.000581201	0.00553908
131	0.0286469	0.0111096	0.00288641	0.00335663	0.0142188	0.00138395	0.00186842	0.354284	0.00262097	0.124162	0.0414123	0.00203166	0.00271742	0.00392049	0.00368967	0.00957183	0.0213256	0.359213	0.00365778	0.00792298
132	0.00457363	0.023514	0.00277829	0.00440396	0.293745	0.00456559	0.0516306	0.0377316	0.00390014	0.0502254	0.00300265	0.00613935	0.00119663	0.00318181	0.00387518	0.0206272	0.00632481	0.0281687	0.0243721	0.426043
133	0.0535187	0.00781737	0.181335	0.146985	0.0279244	0.0293448	0.0408802	0.00701255	0.0379328	0.00865486	0.0026238	0.0970696	0.0227511	0.108976	0.0301135	0.0890316	0.0519088	0.0254014	0.000497212	0.0302217
134	0.460184	0.0438668	0.00804927	0.0151306	0.0146638	0.0384627	0.00213046	0.00264291	0.00469501	0.00233207	0.00566822	0.0189694	0.0212801	0.00354894	0.00330504	0.268107	0.0595208	0.0256676	0.000422316	0.00135265
135	0.0108296	0.00179529	0.00160502	0.00422234	0.0592645	0.00323784	0.00526969	0.052933	0.0028461	0.689942	0.0822045	0.00239853	0.00582512	0.0103215	0.0042947	0.00943347	0.0152303	0.0343856	0.000882543	0.0030783
136	0.0466231	0.0276798	0.0155475	0.00874814	0.0293485	0.0036215	0.156303	0.0141057	0.100598	0.0870639	0.058446	0.0321306	0.00176159	0.0620261	0.0441105	0.0547734	0.0294599	0.0849588	0.00181051	0.140883
137	0.0595384	0.00482562	0.148751	0.151539	0.00906005	0.0180678	0.0532254	0.00638588	0.0740865	0.0127057	0.00253551	0.147324	0.00965335	0.101509	0.0485282	0.085395	0.0318664	0.0236165	0.000568955	0.0108172
138	0.119775	0.0561996	0.0121733	0.0321161	0.041611	0.0135854	0.0183705	0.0115514	0.021586	0.0135786	0.00617044	0.0208381	0.0123538	0.0193959	0.0210485	0.352246	0.163668	0.0423965	0.000980172	0.0203553
139	0.0393318	0.0143816	0.0412167	0.0416727	0.00579305	0.161413	0.0227269	0.0108586	0.300639	0.0161329	0.0100076	0.0600497	0.0105622	0.0511209	0.0814052	0.0660314	0.0302848	0.0168598	0.00666519	0.0128471
140	0.0466311	0.00979585	0.0144914	0.02965	0.0106264	0.00606441	0.0115622	0.198153	0.0443832	0.187413	0.0686069	0.02031	0.00529661	0.0139446	0.0239633	0.0138291	0.0609988	0.229036	0.000901938	0.00434307
141	0.0214796	0.00536068	0.00271612	0.00379757	0.0411748	0.00316823	0.00975952	0.0842542	0.00440425	0.608607	0.0832545	0.0031182	0.00591126	0.00832816	0.00584533	0.0108558	0.0159443	0.0770953	0.000686552	0.00423888
142	0.0433071	0.000854577	0.280196	0.465027	0.000707936	0.0207696	0.00666686	0.00307072	0.0282466	0.00110371	0.00348334	0.0112704	0.00277867	0.0649544	0.0157769	0.0207539	0.017192	0.0103061	0.00284472	0.000689005
143	0.0580169	0.0013213	0.0148455	0.0816069	0.013695	0.015805	0.0188971	0.0372132	0.184528	0.0650512	0.0143013	0.0552066	0.00108568	0.0875684	0.0978344	0.0710576	0.125667	0.044719	0.000226592	0.0113534
144	0.0083734	0.00464512	0.00211233	0.0079908	0.262928	0.00507107	0.00453102	0.0388661	0.00434005	0.507915	0.0629319	0.00349641	0.00439029	0.00936832	0.00524922	0.0117991	0.012068	0.0227638	0.00292252	0.0182368
145	0.00338686	0.00133725	0.00592483	0.00550136	0.00294564	0.00376403	0.00187245	0.346247	0.019682	0.430572	0.0232587	0.0124512	0.000954075	0.00192296	0.0122639	0.0105516	0.00879322	0.107393	0.000267574	0.000909631
146	0.260382	0.00317178	0.0587362	0.120658	0.00267194	0.0410605	0.00536286	0.0043526	0.0908641	0.0040689	0.0042112	0.137362	0.0079282	0.0687827	0.0296216	0.141472	0.00964861	0.00694757	0.000688207	0.00200881
147	0.0489679	0.0194355	0.0609231	0.196688	0.0029863	0.0241229	0.0132145	0.0176154	0.11208	0.0227043	0.016181	0.0133172	0.00468584	0.332286	0.0336838	0.0492108	0.00722174	0.0214331	0.000924774	0.00231787
148	0.0337725	0.0121763	0.157541	0.045174	0.00424736	0.482025	0.00840176	0.00615979	0.0310903	0.00384511	0.0026663	0.112223	0.00515394	0.0144041	0.0135183	0.0342143	0.0173353	0.0106555	0.00104601	0.00435025
149	0.0538586	0.00251777	0.00382829	0.0277489	0.0170315	0.00328263	0.01553	0.0195867	0.366473	0.0180865	0.00983606	0.00701845	0.00985587	0.0194631	0.279131	0.0488523	0.0368536	0.0467459	0.000884204	0.0134146
150	0.0384483	0.000965769	0.24551	0.484054	0.000966479	0.021958	0.00805518	0.00349721	0.0328852	0.00160533	0.00328927	0.0145037	0.00238241	0.0692512	0.0197453	0.0212722	0.017517	0.010616	0.00266269	0.000815289
151	0.00508426	0.0252708	0.00359993	0.00512873	0.249899	0.0066046	0.0523817	0.0631248	0.00503319	0.0367715	0.00284976	0.00758885	0.00183474	0.00468311	0.00516458	0.0219995	0.00779445	0.0323905	0.0348794	0.427916
152	0.0279616	0.0110329	0.00286589	0.0033495	0.0133801	0.00130607	0.00122517	0.356968	0.00225175	0.119779	0.0399394	0.00192689	0.00255311	0.00391331	0.00359523	0.00939656	0.0208324	0.366078	0.00371515	0.00793023
153	0.00695332	0.0101652	0.00479608	0.011228	0.657623	0.00879089	0.0099093	0.024919	0.0089897	0.0893778	0.0146573	0.00967573	0.00367293	0.00707977	0.00815475	0.0194976	0.00905302	0.0114756	0.00562946	0.0783514
154	0.0279453	0.010867	0.00283542	0.00325157	0.0132974	0.00128351	0.00119302	0.358187	0.00217689	0.119339	0.0400192	0.00188411	0.00257439	0.00391246	0.00351657	0.00942322	0.0208357	0.365769	0.00371528	0.00797468
155	0.30299	0.0304064	0.0130257	0.0170813	0.0117672	0.0272851	0.00716734	0.00503005	0.0120643	0.00458666	0.00629035	0.0159952	0.0158316	0.00766361	0.0134373	0.408502	0.0694391	0.0278433	0.00071694	0.00287686
156	0.0312024	0.0109941	0.141425	0.0534803	0.00940045	0.0389002	0.033072	0.013039	0.059721	0.014817	0.00539113	0.320905	0.0193835	0.0375624	0.0379718	0.0984598	0.0370766	0.0200694	0.00111291	0.0160164
157	0.212906	0.026286	0.00621892	0.0113677	0.00325424	0.0617489	0.00494652	0.224504	0.00930203	0.00731305	0.0536286	0.0110929	0.00872212	0.00616294	0.00628139	0.104608	0.0167113	0.2218	0.000750143	0.00239563
158	0.0396986	0.00865684	0.24926	0.171663	0.00738906	0.04209	0.0213116	0.0144223	0.0524428	0.0151236	0.00798068	0.12905	0.0216352	0.0466551	0.0261776	0.078358	0.0307507	0.0247769	0.00218598	0.0103724
159	0.0300784	0.00871243	0.119784	0.0534334	0.00920378	0.0496653	0.0393226	0.0112267	0.0748572	0.0138671	0.00591075	0.301762	0.0177542	0.0385224	0.0472599	0.102805	0.039917	0.0174092	0.000883335	0.0176248
160	0.0160898	0.00310392	0.0024952	0.00555086	0.0454292	0.00332053	0.00793765	0.0647722	0.0055254	0.635654	0.0837352	0.00439511	0.0062648	0.0138878	0.00647078	0.0141395	0.0284645	0.0483908	0.000977243	0.00339592
161	0.115896	0.030591	0.0232925	0.0216996	0.00474705	0.591942	0.00685779	0.00975213	0.0211268	0.00602151	0.00483251	0.0191192	0.00902007	0.014379	0.0186367	0.0586921	0.018318	0.0188231	0.00197873	0.00427456
162	0.362635	0.0364571	0.0207834	0.0280674	0.0131315	0.0431403	0.00955281	0.0134367	0.0224351	0.0122374	0.00976833	0.0343364	0.0351439	0.0150901	0.0135058	0.227097	0.0600494	0.037315	0.000973036	0.00484444
163	0.0374012	0.0134894	0.0158312	0.0286613	0.00245894	0.00777409	0.00848008	0.0995815	0.0605208	0.00328329	0.0209358	0.0236009	0.00639737	0.0302942	0.0146365	0.102366	0.295598	0.226054	0.000485599	0.00214945
164	0.0439951	0.0109354	0.00553435	0.00637404	0.0163134	0.00321251	0.00964333	0.285606	0.00628282	0.161559	0.0586592	0.00457996	0.0108961	0.0056934	0.00559637	0.0129687	0.0286688	0.314147	0.00235546	0.00697834
165	0.0266796	0.00860627	0.228705	0.0865652	0.0066457	0.0232396	0.0217768	0.00742535	0.0404366	0.0067788	0.00338302	0.279699	0.0241486	0.0281162	0.0259222	0.129945	0.0289543	0.0130486	0.000675112	0.00924839
166	0.0103956	0.00130908	0.0013363	0.00361744	0.0523005	0.00294989	0.00498364	0.0534663	0.00175267	0.706496	0.0798278	0.00148931	0.00628541	0.00888005	0.00366098	0.00781522	0.0166072	0.0348182	0.000511658	0.00149649
167	0.018935	0.001235	0.0525412	0.0383848	0.0136704	0.0144296	0.0699353	0.00347105	0.136673	0.00677467	0.00120063	0.316667	0.00307104	0.0574974	0.0756495	0.10555	0.0447174	0.00356732	0.000278354	0.035752
168	0.0215009	0.0096506	0.00319156	0.00381807	0.0123022	0.00201068	0.00267093	0.399522	0.00326017	0.12259	0.0663483	0.00281587	0.00244986	0.00377427	0.00395266	0.00970501	0.0167244	0.304877	0.00287351	0.00596189
169	0.0251693	0.0122978	0.00637312	0.00679138	0.0541985	0.00492966	0.0112267	0.0533385	0.0172584	0.523342	0.0921551	0.016244	0.00359504	0.026392	0.0134789	0.0328619	0.0109764	0.059616	0.00271472	0.0270406
170	0.0214197	0.00136434	0.0559604	0.0466935	0.0131397	0.0177746	0.073613	0.00368274	0.130873	0.00709669	0.00115596	0.301108	0.00399098	0.0612054	0.0689646	0.107003	0.0446742	0.00460094	0.000277441	0.0354027
171	0.0364858	0.0161476	0.0086419	0.0116502	0.0332194	0.00271162	0.221814	0.0204273	0.0931525	0.102656	0.0747405	0.0179082	0.00181105	0.0478761	0.0513772	0.0461055	0.0221712	0.0388993	0.00120026	0.151005
172	0.0289004	0.0182181	0.00681517	0.00913803	0.0290283	0.00342353	0.0213431	0.240991	0.0103204	0.243998	0.150997	0.00554399	0.00481909	0.00415333	0.0107476	0.011374	0.0166077	0.179649	0.000616931	0.00331608
173	0.0611145	0.0154393	0.0106207	0.00871567	0.0259686	0.00692907	0.0253011	0.190623	0.0106861	0.225826	0.113764	0.00945442	0.0102509	0.00657516	0.010943	0.0211592	0.0299875	0.210598	0.000616864	0.00542691
174	0.0407394	0.00358116	0.262696	0.397052	0.00134825	0.0327901	0.0117482	0.00347793	0.032059	0.00137965	0.00203955	0.0394029	0.00508741	0.0600738	0.0153505	0.0542043	0.0194368	0.0116377	0.00168926	0.00420703
175	0.00414733	0.00973429	0.00295312	0.0113963	0.694774	0.00824026	0.0070523	0.0227287	0.00406548	0.0781886	0.0128856	0.00426961	0.00159578	0.00359697	0.00402328	0.0147146	0.0053296	0.008487	0.00507106	0.0967464
176	0.036309	0.0128082	0.00381541	0.00422357	0.0159779	0.00175743	0.00523232	0.324351	0.00425148	0.149305	0.050525	0.00270082	0.00412698	0.00430591	0.00446335	0.0112977	0.0238663	0.330013	0.00321023	0.00745921
177	0.0608248	0.0124603	0.00922429	0.00946656	0.0197206	0.00600414	0.0172045	0.218871	0.0121053	0.193483	0.0900625	0.00919345	0.010323	0.007448	0.00949386	0.0220947	0.0390864	0.244651	0.00162837	0.00665402
178	0.0389824	0.00543631	0.136311	0.265215	0.00788848	0.0271617	0.0252775	0.013679	0.100995	0.0161854	0.00642358	0.0612361	0.0148349	0.0696135	0.0840691	0.0613043	0.0346836	0.0222013	0.00188867	0.00661349
179	0.0404918	0.0256191	0.006434	0.0087705	0.0284785	0.00374498	0.021004	0.211191	0.0122066	0.231679	0.106234	0.00716218	0.00634208	0.00708737	0.0106669	0.0151052	0.0216555	0.228361	0.00115694	0.00661048
180	0.073458	0.0139874	0.0130689	0.0197639	0.0105997	0.0106336	0.0110267	0.236144	0.0330273	0.0771875	0.036001	0.0230565	0.0083502	0.0165611	0.0181079	0.0519649	0.136424	0.202276	0.00207633	0.00628491
181	0.0161752	0.00216603	0.284791	0.0430617	0.00210858	0.00722291	0.0120113	0.00422366	0.0195997	0.00334733	0.00227202	0.40924	0.046785	0.0113727	0.0131018	0.0756974	0.0291327	0.014454	0.00063938	0.00259706
182	0.0363783	0.00511503	0.00923832	0.0340309	0.00653507	0.00633187	0.0243821	0.00835176	0.4273	0.0174128	0.0116613	0.0165733	0.00727597	0.040169	0.230492	0.0503504	0.0368927	0.0256262	0.000496643	0.00538676
183	0.0316421	0.0142503	0.0105197	0.0172095	0.013069	0.0089887	0.00837763	0.274796	0.0307054	0.0862222	0.0343013	0.0170723	0.00663132	0.0158813	0.0176991	0.043662	0.133102	0.223392	0.00305018	0.00942758
184	0.0257915	0.00418823	0.0101548	0.0641331	0.00633763	0.0110982	0.0412683	0.00924722	0.325773	0.0344454	0.00907049	0.0267431	0.00615939	0.125841	0.217584	0.0358644	0.0228281	0.0199614	0.000483046	0.00302723
185	0.403303	0.0387913	0.0107802	0.0155422	0.0145641	0.0330831	0.00575526	0.00763007	0.0107992	0.00472612	0.00635875	0.0287038	0.0205371	0.00865552	0.00851138	0.25659	0.0777648	0.0439765	0.000722805	0.00320551
186	0.0373561	0.00770867	0.252711	0.164675	0.00824011	0.0649726	0.0187292	0.0173232	0.0469786	0.0141813	0.00696498	0.130862	0.0185839	0.0489063	0.0255119	0.0733191	0.0282883	0.0239045	0.00170329	0.0090808
187	0.0171231	0.00935962	0.00844328	0.0220977	0.00426244	0.0037155	0.00318841	0.25606	0.0541081	0.15793	0.047035	0.0139092	0.00156293	0.0169518	0.0415747	0.00855534	0.0397145	0.291342	0.000808014	0.00225762
188	0.0391586	0.00697213	0.0388999	0.0779808	0.00733905	0.0162309	0.0267392	0.0183935	0.286017	0.0246132	0.0105092	0.0551211	0.015297	0.0915996	0.100803	0.0732946	0.0763922	0.0265661	0.00115545	0.00691736
189	0.0500734	0.020846	0.0936809	0.0401793	0.00707002	0.384933	0.0155117	0.0247626	0.0236275	0.0114786	0.00678214	0.054956	0.00917085	0.0185541	0.0185897	0.118387	0.029446	0.0588161	0.00329553	0.00983887
190	0.0650732	0.0172343	0.0307987	0.0318204	0.0054587	0.458542	0.0183279	0.0123591	0.0576378	0.00977721	0.00602206	0.0542655	0.00703052	0.0268958	0.0537832	0.0920505	0.0273009	0.0158039	0.00243369	0.00738423
191	0.0727027	0.0115411	0.0172652	0.0383596	0.0134161	0.0144311	0.0175638	0.128518	0.0944594	0.114048	0.0342782	0.0359718	0.00578142	0.0349993	0.0455445	0.0536625	0.136604	0.11859	0.00197175	0.010291
192	0.0132958	0.00375798	0.00296535	0.00393714	0.0311392	0.00245233	0.00575671	0.138275	0.00512595	0.586728	0.0727961	0.0037101	0.00394564	0.00553476	0.00584037	0.00783583	0.0140421	0.0899165	0.000654888	0.00228987
193	0.0320713	0.0104579	0.0133068	0.0180833	0.00626668	0.00917919	0.00633796	0.247117	0.0433356	0.0267776	0.0178685	0.0167494	0.00369992	0.0208648	0.012975	0.0651908	0.214615	0.230634	0.00114235	0.00332632
