395	20
1	0.10437	0.00893695	0.0935895	0.120943	0.0115332	0.0317297	0.0394183	0.0220051	0.0828823	0.0236422	0.0170192	0.0577417	0.00817852	0.116219	0.0438206	0.118027	0.0517232	0.0212995	0.00112138	0.0257994
2	0.0619584	0.00225324	0.160242	0.323896	0.00516274	0.0168491	0.0214264	0.0201476	0.0834217	0.0234455	0.00492304	0.00739465	0.078125	0.074605	0.0300708	0.00967728	0.0556074	0.0178902	0.000768397	0.002135
3	0.034485	0.0189095	0.00055135	0.00191327	0.0238023	0.00285247	0.00146457	0.375601	0.000918512	0.120711	0.0573382	0.00116868	0.00173345	0.00117513	0.000607403	0.00445301	0.0160027	0.328617	0.00187295	0.00582187
4	0.141103	0.0503644	0.0227653	0.0197513	0.00285791	0.0414467	0.0124634	0.0119918	0.0365096	0.0167595	0.00697991	0.0627679	0.00857868	0.0404798	0.0199882	0.329888	0.125374	0.0364091	0.00149596	0.0120256
5	0.0171858	0.00797829	0.00175443	0.00575671	0.0814226	0.0070391	0.0290569	0.0218069	0.0323482	0.374587	0.157548	0.00885722	0.0028725	0.0120797	0.0481024	0.0158055	0.0123304	0.0454379	0.00498394	0.113047
6	0.127282	0.0862617	0.000955177	0.000770557	0.0366072	0.0588649	0.00977089	0.129849	0.00641256	0.0845234	0.0402961	0.0192724	0.000561214	0.00225234	0.00498419	0.0805597	0.0709487	0.223691	0.000358287	0.0157782
7	0.082045	0.0109349	0.0662647	0.0719978	0.0126391	0.0288921	0.0421917	0.0155284	0.0904598	0.0214958	0.0115323	0.0843216	0.0202024	0.129347	0.0872263	0.134906	0.0474736	0.0236223	0.00101537	0.0179037
8	0.00777906	0.00470861	0.000229314	0.000451268	0.0324364	0.00117537	0.00233452	0.183217	0.000820079	0.595379	0.0651175	0.00165731	0.000586445	0.000752968	0.00297725	0.00187354	0.0073287	0.0867039	0.00136097	0.0031104
9	0.119244	0.00851892	0.0380143	0.0879586	0.00926975	0.00710897	0.0232528	0.0671287	0.0736784	0.0484589	0.0321372	0.0416251	0.0185102	0.0709947	0.0601267	0.0684316	0.113775	0.105837	0.000642791	0.00528591
10	0.0148811	0.00138892	0.370672	0.447886	0.00178183	0.0213802	0.00475629	0.00264929	0.00481121	0.00745974	0.00194231	0.0362977	0.00446416	0.0269114	0.000864697	0.018486	0.0293412	0.002226	0.000284191	0.00151631
11	0.126372	0.00496848	0.0192727	0.0123408	0.018785	0.0599343	0.00392556	0.0884192	0.0338832	0.0444936	0.0301323	0.0286134	0.0328707	0.0282877	0.0350331	0.242013	0.0989424	0.0870017	0.000936731	0.00377381
12	0.484206	0.0139823	0.00098139	0.0176167	0.00515931	0.086876	0.00182283	0.0083409	0.00240167	0.0214495	0.00462264	0.00337615	0.00207118	0.0030061	0.00437417	0.308913	0.0102973	0.0170268	0.000957885	0.00251869
13	0.0174667	0.00872398	0.00262496	0.0644127	0.194987	0.00827174	0.148339	0.0541813	0.00646186	0.0213034	0.0146812	0.00724693	0.0316966	0.03619	0.146727	0.0131709	0.012019	0.01691	0.056432	0.138154
14	0.0275889	0.0121643	0.000395773	0.00115665	0.0318041	0.00148581	0.0016579	0.375323	0.000998683	0.182292	0.0827523	0.000849769	0.00139226	0.000882111	0.000543914	0.00355899	0.0172625	0.251198	0.00127721	0.00541545
15	0.112044	0.0115025	0.0747667	0.0942861	0.0131647	0.0335759	0.0436284	0.0218956	0.0820718	0.0245069	0.0213166	0.0618169	0.00381794	0.107343	0.0419673	0.138618	0.0559933	0.0233779	0.00159389	0.0327133
16	0.115345	0.0120164	0.0592927	0.0943943	0.0103762	0.0236736	0.0382073	0.0350291	0.106602	0.0366123	0.023572	0.0466535	0.00645408	0.0976446	0.0536021	0.104735	0.0647196	0.0488681	0.000946948	0.0212556
17	0.0183105	0.0100282	0.000177337	0.00072594	0.0367179	0.00155815	0.00185231	0.238235	0.00079279	0.439814	0.0844075	0.00191584	0.00157787	0.00110329	0.00162134	0.0034546	0.0114057	0.138117	0.00361374	0.00457102
18	0.329596	0.0117902	0.000941446	0.00173652	0.0088727	0.518645	0.000794198	0.00391667	0.000906696	0.00412648	0.0164564	0.0017474	0.00198206	0.00142973	0.000841964	0.0672102	0.0226697	0.00475251	0.000424886	0.00115947
19	0.0985462	0.0270395	0.000438552	0.00106158	0.0530935	0.00990244	0.000714462	0.227691	0.000911176	0.135723	0.0777914	0.00102041	0.00543453	0.00145272	0.00061697	0.0046207	0.0110554	0.338201	0.00241548	0.00227015
20	0.0123984	0.00599788	0.0259798	0.149727	0.00964033	0.00625527	0.235307	0.0120314	0.00393279	0.0426186	0.125112	0.0531299	0.00273616	0.268003	0.00360411	0.0119365	0.0108504	0.0126606	0.00177989	0.00629887
21	0.0205114	0.00433453	0.000415496	0.00249125	0.372919	0.00445334	0.00262056	0.131586	0.00261074	0.202081	0.0795173	0.00123461	0.002454	0.00851963	0.00153038	0.00858105	0.0102443	0.0930316	0.00805106	0.0428132
22	0.0188856	0.00331779	0.00238394	0.0325932	0.00552815	0.00655304	0.00307418	0.188141	0.205014	0.0816496	0.0353075	0.0239614	0.00118496	0.0628787	0.199881	0.0455174	0.0316997	0.0496917	0.000887177	0.00184976
23	0.0373512	0.00295818	0.306513	0.231481	0.00737743	0.0371488	0.014084	0.0109528	0.0123405	0.0152206	0.00814395	0.14348	0.0124472	0.0416904	0.00627013	0.0658221	0.0287408	0.0116601	0.000762708	0.00555524
24	0.112477	0.0207861	0.0126425	0.0082551	0.00458198	0.020883	0.0199392	0.027305	0.0257947	0.0259528	0.00980823	0.0709682	0.0462151	0.0195179	0.020816	0.313778	0.176246	0.040182	0.00448335	0.0193685
25	0.184983	0.0182483	0.0179177	0.0209467	0.0522896	0.00773992	0.0179128	0.0136168	0.00698736	0.104629	0.0605065	0.02154	0.0794356	0.0410208	0.00534809	0.148539	0.0580166	0.135677	0.0010202	0.00362601
26	0.0297502	0.0148513	0.000459633	0.00907874	0.219903	0.00943389	0.0261818	0.0972147	0.0156223	0.166246	0.0903484	0.00864744	0.00369974	0.0251056	0.0068672	0.0279737	0.0167419	0.0746756	0.0284417	0.128757
27	0.0979458	0.0113845	0.0720605	0.0866746	0.0127497	0.0343291	0.0526989	0.0192472	0.0883289	0.0205587	0.0162294	0.0706764	0.00358903	0.123704	0.0537018	0.136328	0.0526997	0.0192872	0.00119914	0.0266072
28	0.0194016	0.0103044	0.00239745	0.0672484	0.0116968	0.00398018	0.023055	0.016385	0.487157	0.0126547	0.00864135	0.0192785	0.0241047	0.0370997	0.200151	0.0136565	0.0249631	0.0151518	0.000746629	0.00192628
29	0.066073	0.00261134	0.0599786	0.0223937	0.0109462	0.0296922	0.0206441	0.0105874	0.0873513	0.0422147	0.00863898	0.145284	0.112686	0.058595	0.119861	0.133651	0.0389327	0.0279947	0.000442388	0.00142203
30	0.00657047	0.012811	0.000365156	0.000637775	0.494182	0.000855513	0.0241227	0.00842725	0.00305092	0.0240304	0.0105359	0.000783303	0.00344243	0.00857416	0.000500306	0.00724631	0.0028972	0.0174857	0.0144947	0.358987
31	0.134636	0.0476299	0.00157708	0.00317513	0.0189181	0.0221991	0.023108	0.191517	0.0262012	0.061858	0.0285981	0.0253677	0.00168032	0.00822048	0.00543864	0.0777319	0.113951	0.16762	0.00103435	0.0395376
32	0.093968	0.00475797	0.0530211	0.0225214	0.00693583	0.0602178	0.00551307	0.00574374	0.0562951	0.021564	0.0066583	0.225109	0.0397304	0.0464806	0.0306084	0.233688	0.0714831	0.0116565	0.000559772	0.00348695
33	0.0406698	0.00398625	0.290171	0.198741	0.00866504	0.0209086	0.0090772	0.0166353	0.0115096	0.0269273	0.0137945	0.0641926	0.00353891	0.17961	0.00704494	0.0312032	0.0241217	0.013112	0.0010776	0.0350127
34	0.124859	0.192481	0.00356232	0.00370444	0.0317582	0.023753	0.00363901	0.139951	0.00326938	0.235996	0.040343	0.00587582	0.00266693	0.00479517	0.00254558	0.0478403	0.025153	0.0986639	0.00208908	0.00705446
35	0.0143206	0.00137732	0.382118	0.44143	0.00175035	0.020661	0.00451706	0.00272941	0.00445006	0.00721492	0.00192931	0.0340275	0.00420103	0.0270835	0.000723863	0.0180399	0.0293387	0.00213975	0.000309617	0.00163822
36	0.0156899	0.00133548	0.365574	0.448283	0.0017867	0.0213656	0.00475328	0.00302403	0.0049474	0.00803362	0.00214757	0.036004	0.00429008	0.0289864	0.000923692	0.0189177	0.0295959	0.00234153	0.000282967	0.001717
37	0.0480443	0.0131308	0.000496972	0.00184001	0.0358359	0.00592161	0.00386023	0.130701	0.0050018	0.43478	0.129187	0.0108761	0.00146642	0.00414954	0.00236915	0.0384714	0.0535837	0.0746546	0.00216766	0.00346194
38	0.072423	0.00398154	0.210867	0.240208	0.0075998	0.0334178	0.00892456	0.0479769	0.0160044	0.0734839	0.0367937	0.0340741	0.004187	0.0847898	0.00863794	0.0498376	0.0353385	0.0177169	0.000784371	0.0129527
39	0.058475	0.00763825	0.0436251	0.0383968	0.0307251	0.022324	0.0258533	0.0158314	0.101854	0.0252052	0.0115864	0.0986483	0.0313818	0.116076	0.111863	0.157935	0.0463543	0.0436221	0.00168229	0.0109225
40	0.0234656	0.00294843	0.00373274	0.0270758	0.00368139	0.00748209	0.00522999	0.13799	0.236653	0.0780526	0.0408435	0.0297813	0.000912176	0.0756756	0.211159	0.0441757	0.0322049	0.0372995	0.000441631	0.001195
41	0.00977326	0.00477097	0.0003223	0.000625237	0.0325758	0.000864622	0.00390394	0.30757	0.000968077	0.410173	0.0572361	0.00103698	0.00144829	0.000719059	0.00172042	0.00184969	0.0107382	0.143672	0.00176078	0.00827093
42	0.104597	0.00989847	0.0796011	0.0960294	0.0126967	0.0335518	0.0429094	0.0220044	0.0842355	0.0240841	0.017668	0.0658898	0.00563286	0.116344	0.0489165	0.130079	0.0536889	0.0218903	0.00130898	0.0289742
43	0.0427751	0.00950489	0.00315714	0.0132012	0.0370161	0.00999084	0.0114927	0.162728	0.0505913	0.24089	0.108542	0.00837259	0.00340452	0.0307478	0.0383885	0.0746709	0.0664948	0.072073	0.00439791	0.0115603
44	0.0245412	0.0250009	0.0220064	0.0998315	0.0125754	0.0131954	0.0128188	0.157897	0.0499961	0.130525	0.0462429	0.0232534	0.0024601	0.0853934	0.0470127	0.0410581	0.0795028	0.115666	0.00833007	0.00269328
45	0.0736614	0.00495542	0.196494	0.200244	0.0088157	0.0281517	0.0218815	0.0166248	0.0424565	0.0239083	0.0131482	0.0620711	0.00541878	0.122694	0.0270715	0.0790414	0.0391935	0.0144551	0.000853977	0.0188595
46	0.0541991	0.0301171	0.00332533	0.0362592	0.128471	0.0207416	0.0574724	0.0395328	0.0203768	0.141836	0.0972374	0.0286951	0.00639974	0.0662232	0.0146205	0.0323243	0.0113764	0.065503	0.0358564	0.109432
47	0.00723716	0.00239922	0.000447985	0.000366274	0.0381323	0.000730929	0.0019244	0.426648	0.000354027	0.217698	0.0316216	0.000439032	0.0036795	0.000464785	0.000265356	0.00131497	0.0196821	0.232485	0.00256508	0.0115447
48	0.217274	0.110861	0.000635616	0.00107994	0.0193877	0.0537745	0.000983567	0.0357387	0.000996232	0.0162191	0.0189883	0.0078115	0.000956815	0.00703502	0.00116908	0.230831	0.190829	0.0756583	0.000508733	0.00926089
49	0.19943	0.040099	0.00220587	0.00588954	0.0224333	0.493112	0.00227565	0.0251193	0.00403354	0.0284038	0.0172311	0.00870881	0.00491656	0.00510783	0.00216264	0.0749894	0.0224418	0.0353482	0.00229896	0.00379256
50	0.0469217	0.0443151	0.000928002	0.0021571	0.0560455	0.0096553	0.0026778	0.170424	0.00288291	0.0992092	0.0441465	0.0114646	0.0016751	0.00268674	0.00165808	0.0721296	0.239935	0.186993	0.00101938	0.00307558
51	0.0172301	0.0068713	0.000495702	0.00156958	0.0166627	0.000934214	0.00195271	0.449371	0.000391163	0.1526	0.0465036	0.000512808	0.00175833	0.000447326	0.000278506	0.00238984	0.0141637	0.279034	0.000319445	0.00651475
52	0.0647639	0.00243068	0.061915	0.0229568	0.010188	0.0308213	0.0208366	0.00914955	0.0881967	0.042552	0.00874219	0.153847	0.115608	0.0569163	0.112637	0.132876	0.0374616	0.0263695	0.000406504	0.00132496
53	0.130313	0.00349421	0.0188676	0.0153929	0.0200058	0.057726	0.00365867	0.0830765	0.0363993	0.048655	0.0307554	0.0279829	0.0466049	0.0296898	0.0368209	0.226126	0.0966504	0.0833986	0.000823201	0.00355827
54	0.0194335	0.0061936	0.000364451	0.00111872	0.352028	0.00431735	0.0022448	0.0640338	0.00102921	0.366418	0.0592587	0.00263153	0.00212028	0.00205212	0.000747476	0.0132062	0.0140094	0.0441653	0.00781081	0.0368169
55	0.0968773	0.0107672	0.072493	0.0886843	0.0127572	0.0337498	0.0504623	0.0197305	0.0872103	0.0209753	0.0158161	0.0700458	0.00385587	0.127976	0.0542082	0.133657	0.0532512	0.0194304	0.00117399	0.0268782
56	0.0146686	0.00276625	0.0102909	0.0149987	0.00274247	0.0225104	0.0196042	0.0640136	0.228305	0.0706346	0.0316358	0.0220199	0.0011994	0.101188	0.310288	0.0256518	0.0277995	0.0280449	0.000443892	0.00119483
57	0.0376301	0.0127848	0.000468016	0.00450435	0.0646512	0.00361566	0.000945226	0.199207	0.00520678	0.318037	0.108411	0.00285389	0.00207731	0.00892443	0.00178622	0.0232598	0.0347005	0.161933	0.00421511	0.00478776
58	0.0372942	0.0181499	0.000149563	0.00111657	0.0414415	0.00252814	0.00116855	0.259176	0.0005628	0.318678	0.0916212	0.00204495	0.00235109	0.00145454	0.00086626	0.00414648	0.0137277	0.193479	0.00499249	0.00505203
59	0.0105641	0.00574058	0.00108282	0.00140384	0.291131	0.00280967	0.00268922	0.01052	0.0102009	0.0354785	0.00584188	0.0032274	0.00200642	0.00254978	0.00147285	0.0180115	0.0173616	0.00866871	0.38849	0.180749
60	0.0255712	0.0146561	0.00429981	0.0429607	0.210823	0.0105075	0.136156	0.0543446	0.00963959	0.0386482	0.0232184	0.011703	0.0224743	0.0298476	0.156532	0.0217658	0.0200014	0.0273013	0.0376724	0.101877
61	0.237263	0.0106174	0.00102187	0.00198709	0.0189853	0.00541506	0.00315048	0.149905	0.00416867	0.0696276	0.0418777	0.00425007	0.00155768	0.0031885	0.00261516	0.0516408	0.114703	0.272631	0.0010201	0.00437457
62	0.0369636	0.0607275	0.00227463	0.00514339	0.0660527	0.0141481	0.00424901	0.028277	0.0048287	0.0591728	0.0707616	0.0362475	0.00430492	0.00719799	0.00419682	0.347961	0.183549	0.056608	0.00180974	0.00552585
63	0.00834378	0.00325285	0.0132598	0.00350308	0.00624588	0.0452338	0.0539996	0.0153782	0.192476	0.0762352	0.0293643	0.00780282	0.00171774	0.120519	0.370387	0.0143611	0.0182986	0.014618	0.000927091	0.00407611
64	0.190742	0.0128348	0.0225795	0.0629635	0.0118021	0.273319	0.0088333	0.0171063	0.0195914	0.0388168	0.0159466	0.027044	0.0117833	0.0260832	0.0112479	0.188846	0.0308116	0.0197263	0.00141204	0.0085109
65	0.0612909	0.0150034	0.00552859	0.00779279	0.0983755	0.0119845	0.010292	0.0243334	0.13911	0.0758909	0.0246669	0.338242	0.00484885	0.0136259	0.00753875	0.0222485	0.0172084	0.062744	0.00570978	0.0535637
66	0.128556	0.0881527	0.00109298	0.000679323	0.0448395	0.0544393	0.00743393	0.138806	0.00486086	0.0900914	0.0397746	0.0188035	0.000455655	0.00147313	0.00346912	0.0802285	0.0735578	0.20959	0.000640215	0.0130556
67	0.0353074	0.00268573	0.000296124	0.000771115	0.232348	0.00519141	0.01887	0.131875	0.00307366	0.123386	0.0638789	0.00130409	0.000915254	0.00515575	0.00151932	0.0187899	0.0174608	0.0990942	0.0314171	0.20666
68	0.0329082	0.0254917	0.000543574	0.00267308	0.0910906	0.00376757	0.000930679	0.235281	0.0061803	0.187899	0.120952	0.00148596	0.00160859	0.00465685	0.00115777	0.0154895	0.0410273	0.214703	0.0043731	0.00778057
69	0.174236	0.00898067	0.00529458	0.0425816	0.0120179	0.0231256	0.00130168	0.0271449	0.0624395	0.0907473	0.0195397	0.0241735	0.263348	0.0372807	0.0243212	0.0831591	0.0549098	0.0387377	0.000432256	0.00622828
70	0.0397726	0.00799004	0.000805089	0.0253198	0.0854904	0.00330695	0.00264762	0.195495	0.0107574	0.310656	0.0947227	0.00199332	0.00164723	0.0241489	0.00415038	0.0274635	0.0188164	0.139138	0.00227638	0.00340214
71	0.11874	0.00933501	0.0392076	0.0947986	0.00906073	0.00472234	0.0243732	0.067081	0.0796465	0.0488141	0.0336023	0.0399824	0.0157784	0.0728355	0.0584013	0.057007	0.111824	0.108789	0.000620128	0.00538038
72	0.0820213	0.00264512	0.25319	0.180219	0.0103254	0.042763	0.019082	0.0193232	0.0293643	0.0363187	0.0171033	0.0749288	0.00645702	0.0718586	0.0147168	0.0698465	0.0443327	0.0157248	0.00052787	0.00925111
73	0.166464	0.00844985	0.00712387	0.0430169	0.0133435	0.0256455	0.00174869	0.0297049	0.0560869	0.0854219	0.0188632	0.0246853	0.256261	0.0376979	0.0236385	0.0955888	0.0571259	0.0427339	0.000497941	0.00590189
74	0.127024	0.0863841	0.000968544	0.00070609	0.0432248	0.0543815	0.00767086	0.13965	0.00523908	0.0900113	0.0409651	0.0186975	0.000449822	0.00160581	0.00365931	0.079569	0.0722128	0.213917	0.00080343	0.0128596
75	0.0197065	0.0211941	0.00099371	0.00168114	0.50151	0.00380724	0.0187695	0.0218887	0.00261329	0.0520515	0.016108	0.00216017	0.00577742	0.00669561	0.000891231	0.0176242	0.00669547	0.0310304	0.0168121	0.251989
76	0.0531643	0.0201387	0.000364091	0.00181235	0.0674869	0.0077507	0.000328512	0.238365	0.00114791	0.282426	0.0924637	0.00175247	0.00417181	0.00275514	0.000903546	0.0105109	0.0216492	0.181081	0.00613673	0.00559101
77	0.0549737	0.0153771	0.000635679	0.00198937	0.0159689	0.00131401	0.000937113	0.352617	0.000609563	0.0835866	0.0363422	0.000928618	0.00118735	0.000774957	0.000479864	0.00355629	0.012538	0.412128	0.000587757	0.00346807
78	0.0394646	0.00347361	0.000357241	0.000796458	0.20015	0.00608648	0.0204058	0.129492	0.00469298	0.122849	0.0655016	0.00143355	0.000937239	0.00636818	0.00254266	0.0240691	0.0226463	0.0947508	0.0323692	0.221613
79	0.0722439	0.0467609	0.000811454	0.0017079	0.488495	0.0167078	0.00385231	0.0405589	0.00151697	0.0687883	0.00779455	0.00239563	0.0051059	0.00227993	0.00172164	0.0510349	0.029057	0.0285601	0.0134991	0.117108
80	0.130507	0.0193881	0.0249673	0.0143035	0.00628815	0.0211603	0.0322901	0.0268114	0.0341076	0.0191584	0.00974259	0.0591302	0.0593669	0.042072	0.0192186	0.283656	0.135201	0.0291433	0.0110563	0.0224313
81	0.108599	0.0119362	0.0376627	0.024653	0.00714106	0.206812	0.0093182	0.010061	0.0404155	0.0198157	0.0101988	0.113147	0.0140227	0.0458527	0.015334	0.232641	0.0705097	0.0147713	0.000715783	0.00639338
82	0.0879122	0.00124358	0.26097	0.215419	0.00850376	0.0388073	0.0121081	0.021967	0.0319812	0.0370708	0.0175793	0.0483928	0.0127331	0.0761496	0.0160896	0.0495635	0.0408914	0.017132	0.000293124	0.00519255
83	0.0167015	0.00193464	0.00114348	0.00485151	0.00346274	0.00198311	0.0102463	0.00569953	0.739457	0.00582033	0.00990772	0.00204282	0.00153256	0.0107349	0.143824	0.0235492	0.0105284	0.00454224	0.000564251	0.00147374
84	0.0166365	0.00452841	0.000403287	0.00107576	0.0164147	0.00086641	0.00154239	0.458036	0.000362509	0.154692	0.0384608	0.000453918	0.00195775	0.000408125	0.000249419	0.00255735	0.0141926	0.279222	0.000242477	0.00769715
85	0.0255871	0.00340126	0.00435614	0.0282929	0.00307348	0.00851642	0.0066304	0.127566	0.22777	0.0811018	0.0435722	0.0344208	0.000835063	0.0744696	0.211409	0.0454412	0.0330914	0.0386955	0.000418164	0.0013514
86	0.0167015	0.00193464	0.00114348	0.00485151	0.00346274	0.00198311	0.0102463	0.00569953	0.739457	0.00582033	0.00990772	0.00204282	0.00153256	0.0107349	0.143824	0.0235492	0.0105284	0.00454224	0.000564251	0.00147374
87	0.0173252	0.0068131	0.000435538	0.0016057	0.016458	0.000985783	0.00175928	0.456428	0.000318066	0.154088	0.0402298	0.000500407	0.00183723	0.000441295	0.00030045	0.00250456	0.0146786	0.276216	0.000260956	0.00681462
88	0.251426	0.173399	0.00199843	0.00432984	0.0400075	0.0291679	0.0047542	0.0784776	0.00427532	0.0312691	0.0390667	0.00719158	0.00345818	0.0265358	0.00373691	0.111021	0.0472907	0.1102	0.00137138	0.0310231
89	0.0817974	0.00108076	0.262157	0.235766	0.00717273	0.0323928	0.0128442	0.0247485	0.0406499	0.0376214	0.0143108	0.0405462	0.0186099	0.0736619	0.0138088	0.0392868	0.0434165	0.0162597	0.000302331	0.00356648
90	0.200032	0.105528	0.00280388	0.00254731	0.0202421	0.0683031	0.00192655	0.0295104	0.00340174	0.0201044	0.0182289	0.0129328	0.0014514	0.0127181	0.00259961	0.234865	0.172661	0.0758157	0.000576767	0.0137512
91	0.0338863	0.00820864	0.00114953	0.00442041	0.254362	0.00718865	0.0114814	0.0396693	0.00754373	0.188336	0.128115	0.0156848	0.00331847	0.0102086	0.00724107	0.0289802	0.0102741	0.0609094	0.013821	0.165201
92	0.0904118	0.0119065	0.0694657	0.0760958	0.0139836	0.0521408	0.0702191	0.0166169	0.0849365	0.0205391	0.0154134	0.0786301	0.00557953	0.115232	0.0552977	0.13544	0.0472332	0.0171044	0.00103075	0.0227227
93	0.0977373	0.0100275	0.0763013	0.0949746	0.0129865	0.0341193	0.0440437	0.0213789	0.0880339	0.0229467	0.0164013	0.0664581	0.00448013	0.125709	0.0531757	0.129801	0.0512235	0.0199597	0.0012364	0.0290055
94	0.0158756	0.0027968	0.000787591	0.0119188	0.00828514	0.00255926	0.00189886	0.340591	0.0365959	0.407283	0.0291163	0.00207173	0.00153955	0.0134743	0.0174397	0.0054222	0.0220365	0.0644158	0.00085391	0.015038
95	0.106979	0.0100599	0.0764295	0.0951635	0.0129357	0.0325763	0.0430603	0.0232088	0.0831733	0.0241505	0.0185234	0.0653753	0.00452087	0.115079	0.0465046	0.131417	0.0558907	0.0242206	0.00137064	0.0293619
96	0.0168575	0.00127115	0.365219	0.441918	0.00198847	0.0213628	0.00516746	0.00344567	0.00578199	0.00863803	0.00246183	0.0363057	0.00423443	0.0305057	0.00114041	0.0195636	0.0295099	0.00249477	0.00026546	0.00186795
97	0.06906	0.020097	0.000580571	0.00429431	0.0444786	0.0163928	0.0382582	0.223884	0.0265509	0.128328	0.0701592	0.00666236	0.000927856	0.0193846	0.01676	0.0512967	0.0581115	0.136653	0.0151017	0.0530189
98	0.0924665	0.0146229	0.0311748	0.0620942	0.00664985	0.016796	0.033505	0.0605361	0.179374	0.0707754	0.033213	0.0285253	0.00560683	0.0773704	0.078726	0.059668	0.0658824	0.0768808	0.00059113	0.00554153
99	0.0132478	0.00343792	0.0141789	0.0122083	0.00301942	0.025179	0.0257525	0.046012	0.263948	0.0633348	0.0237919	0.0142804	0.00205041	0.102213	0.31466	0.019974	0.026501	0.0246431	0.000468579	0.00109888
100	0.0143776	0.0304479	0.0513924	0.218283	0.00961742	0.0106144	0.00598511	0.153178	0.0159897	0.110189	0.0999363	0.0140845	0.00253713	0.0607544	0.0169252	0.0191575	0.0419071	0.116191	0.00373786	0.00469454
101	0.0167919	0.00187163	0.00117148	0.00464194	0.00338116	0.00201935	0.0101824	0.00677091	0.737377	0.00645315	0.0101375	0.00213	0.00136821	0.0111491	0.143345	0.0237357	0.0106482	0.00479049	0.000562346	0.00147326
102	0.113549	0.0111929	0.0723898	0.0920882	0.0130973	0.034039	0.0440278	0.0228605	0.0819763	0.0254699	0.0229629	0.0598559	0.00428022	0.104571	0.0410958	0.140376	0.0568414	0.0243466	0.0016277	0.0333513
103	0.0077136	0.0457034	0.000287427	0.00061054	0.011179	0.00493979	0.000600813	0.469181	0.000643018	0.0764029	0.0202998	0.00274793	0.00370197	0.000643023	0.000374212	0.0064757	0.0404635	0.304371	0.000223015	0.00343875
104	0.00822943	0.0179272	0.000535915	0.00103412	0.412779	0.00197825	0.028998	0.0126114	0.00423873	0.0389763	0.0146536	0.00145626	0.00352715	0.0138509	0.000608267	0.00614952	0.00352387	0.0211794	0.0147248	0.393018
105	0.108663	0.0122917	0.0709988	0.0919177	0.0184389	0.0325748	0.0531069	0.0224293	0.0765241	0.0273485	0.0282295	0.0611115	0.00351605	0.103023	0.0382367	0.129648	0.0538928	0.0241067	0.00224932	0.0416932
106	0.126532	0.0057594	0.0126862	0.0425825	0.00889496	0.00460924	0.0351783	0.10291	0.0189812	0.0272803	0.0309983	0.0567289	0.00770305	0.062737	0.0166121	0.0529123	0.225947	0.152213	0.000904683	0.00783015
107	0.00770769	0.0014944	0.000546719	0.00473236	0.0246932	0.00156857	0.000874782	0.0600818	0.00249999	0.335739	0.529753	0.00116237	0.00078112	0.00782265	0.00491538	0.0028457	0.00314257	0.0078264	0.000519395	0.00129239
108	0.0879484	0.00841648	0.0984758	0.0643515	0.0126332	0.0438041	0.0180706	0.0192839	0.042224	0.0299083	0.0268547	0.156927	0.0194018	0.0555211	0.0242405	0.174997	0.0781332	0.0244816	0.00139372	0.0129336
109	0.00694784	0.0257422	0.000966317	0.00198481	0.0646832	0.00335624	0.00253483	0.0106423	0.168601	0.15891	0.412957	0.00227605	0.00146108	0.0262639	0.0142674	0.0165623	0.0394357	0.00620423	0.000815592	0.0353885
110	0.0183296	0.176688	0.0018519	0.00667412	0.15349	0.011591	0.0035037	0.0443082	0.00373264	0.30293	0.0448819	0.0086741	0.00283118	0.00776835	0.00331272	0.0470771	0.0609741	0.0447099	0.0495533	0.0071179
111	0.32382	0.0107933	0.000368675	0.00153111	0.00803033	0.538552	0.000718963	0.00228085	0.000719391	0.0033988	0.0143263	0.00123692	0.00165882	0.00111087	0.000706458	0.0691406	0.017782	0.00244519	0.000371681	0.00100824
112	0.100357	0.00996708	0.0755524	0.0972016	0.0135896	0.0327872	0.0421137	0.0228833	0.087759	0.0243369	0.0181152	0.0635836	0.00398343	0.121348	0.0503617	0.130356	0.0517724	0.0214979	0.00131816	0.031116
113	0.245212	0.0777544	0.000861302	0.00481982	0.0616033	0.268883	0.00149497	0.0768958	0.00126645	0.0362294	0.0155967	0.00226553	0.00989013	0.00201767	0.00116042	0.0398371	0.0351384	0.110023	0.00208633	0.00696413
114	0.0111582	0.0063534	0.00153301	0.00286323	0.18146	0.00410435	0.00379664	0.0132855	0.0126493	0.0449037	0.00879654	0.00423553	0.00407662	0.00363695	0.00278669	0.0162465	0.0170207	0.012814	0.483266	0.165013
115	0.071351	0.101945	0.00132314	0.000904316	0.0717312	0.00994367	0.00475748	0.203157	0.00180167	0.09335	0.0380648	0.00398706	0.00380204	0.00109803	0.00135545	0.024297	0.0413065	0.293383	0.0151173	0.0173249
116	0.141732	0.0151298	0.00613666	0.0348974	0.010159	0.0203448	0.00605569	0.0273755	0.0406695	0.0583158	0.0148169	0.0194387	0.371967	0.0286316	0.0248983	0.0840472	0.04714	0.0377533	0.00381845	0.00667318
117	0.0681592	0.0131075	0.00334576	0.0113236	0.00902371	0.0149578	0.0152038	0.0168033	0.0119281	0.0206059	0.00705006	0.00876155	0.649805	0.0146982	0.00949762	0.0475755	0.0356498	0.0146922	0.0174283	0.0103829
118	0.0924303	0.0419645	0.00588004	0.00533509	0.0169608	0.0262425	0.005732	0.0269641	0.0132124	0.0352251	0.0183101	0.0317161	0.0125482	0.0124146	0.00914284	0.261247	0.316915	0.0570131	0.00193485	0.00881179
119	0.00568956	0.017716	0.000444963	0.0007169	0.36822	0.00104956	0.0370448	0.00805429	0.00532284	0.0276609	0.00762071	0.000883652	0.0055323	0.00956188	0.00058599	0.00323757	0.00195415	0.0147052	0.00740841	0.47659
120	0.00988028	0.0053165	0.00169487	0.00289438	0.302112	0.00417142	0.162466	0.13877	0.00302363	0.0490493	0.0420082	0.0744423	0.00237304	0.0394135	0.00322694	0.00839611	0.0250469	0.0461166	0.0020131	0.0775852
121	0.0207293	0.0159646	0.00156777	0.101618	0.0178907	0.00351408	0.0216352	0.0201944	0.389465	0.0107265	0.00600706	0.0294522	0.039839	0.052598	0.20441	0.00670388	0.0347763	0.0196227	0.000963462	0.00232237
122	0.0141628	0.0193129	0.00161435	0.00285242	0.00795419	0.00384801	0.00249912	0.0408414	0.037804	0.1305	0.00801645	0.0592095	0.00224052	0.0038598	0.00245675	0.0873719	0.471277	0.0993501	0.00126762	0.00356129
123	0.0984848	0.00675714	0.0535737	0.0242039	0.00693375	0.060327	0.00675839	0.0107794	0.0421555	0.020915	0.00805504	0.205985	0.0348941	0.0391343	0.0220349	0.246499	0.0894706	0.0165568	0.00123199	0.0052499
124	0.0865175	0.00790862	0.0622567	0.0675345	0.0119677	0.022924	0.0278449	0.0189115	0.0951482	0.0282141	0.0124606	0.0810378	0.0375116	0.106667	0.102299	0.130245	0.0491186	0.0374576	0.000753082	0.0132212
125	0.0221886	0.0022506	0.000271664	0.000686342	0.392662	0.00284251	0.00629673	0.141202	0.00134056	0.126738	0.050206	0.000859224	0.00128854	0.00309893	0.000819552	0.00749707	0.00668673	0.119747	0.0188378	0.0944795
126	0.0370742	0.0102552	0.00661039	0.00677745	0.00968003	0.0109162	0.00404579	0.0227466	0.0326311	0.0790347	0.00946939	0.0702077	0.0125731	0.0110486	0.00822888	0.126026	0.488588	0.0484463	0.000982968	0.00465722
127	0.111441	0.0112498	0.0747291	0.0943799	0.0132042	0.0335214	0.0439611	0.0220982	0.0830058	0.0246258	0.0217109	0.0613031	0.003817	0.1076	0.0419526	0.1379	0.0554573	0.0233885	0.00162493	0.0330282
128	0.283558	0.0414573	0.000527094	0.00361694	0.0539068	0.193334	0.00103579	0.0776951	0.000928059	0.025724	0.00607155	0.00115884	0.0492816	0.00140704	0.000843722	0.06112	0.0382478	0.151367	0.000463867	0.00825584
129	0.03042	0.0119357	0.000433283	0.000854828	0.515014	0.00528547	0.00921358	0.0401114	0.00140398	0.0628623	0.0202635	0.00152604	0.00564874	0.00284506	0.000841944	0.0319231	0.0143793	0.0334517	0.0328144	0.178772
130	0.0573039	0.0139696	0.0383203	0.101501	0.0281746	0.031029	0.0406704	0.0369764	0.0535836	0.0500267	0.0440462	0.0473007	0.014608	0.224575	0.0574787	0.0629724	0.036063	0.0337626	0.00467389	0.0229641
131	0.146227	0.012411	0.0672779	0.0406841	0.00580771	0.0753071	0.00589535	0.0117409	0.026763	0.0262258	0.00815382	0.151844	0.0116041	0.0429383	0.0111203	0.240297	0.089761	0.0199265	0.00066192	0.00535373
132	0.0189328	0.00937274	0.000257283	0.000694729	0.0358899	0.00121625	0.00206042	0.322611	0.000488732	0.325786	0.0763357	0.00151352	0.00202398	0.000988783	0.00100925	0.00306787	0.0131815	0.175206	0.00317976	0.00618312
133	0.00793764	0.0459472	0.000560169	0.000749088	0.00918762	0.00799225	0.000887193	0.457163	0.0010401	0.0567203	0.0164147	0.00591751	0.00333876	0.00108354	0.000627922	0.00693304	0.0387955	0.331777	0.000342099	0.00658542
134	0.0193487	0.00187365	0.283014	0.169076	0.0080035	0.049758	0.0211863	0.00918419	0.00131865	0.00653038	0.00282392	0.266062	0.0220128	0.0133722	0.000865525	0.0959404	0.014237	0.0134739	0.00040293	0.00151663
135	0.154414	0.0718948	0.00693669	0.0046383	0.00898177	0.0310646	0.00517941	0.0150313	0.0116482	0.012817	0.0134668	0.0256566	0.00882272	0.0147647	0.00958277	0.400054	0.151339	0.0418017	0.00105453	0.010851
136	0.011818	0.0157228	0.000728104	0.00184996	0.365426	0.0024044	0.0338794	0.0170115	0.00563407	0.0362516	0.0122894	0.00230676	0.0055234	0.00881926	0.00188576	0.00858861	0.00556228	0.019781	0.0242817	0.420236
137	0.134115	0.00925657	0.00431912	0.00945674	0.00909338	0.487337	0.00157565	0.00844815	0.0145072	0.0116702	0.0130647	0.0259836	0.012115	0.0135375	0.00552315	0.197455	0.0300195	0.00973756	0.0011027	0.00168158
138	0.00406272	0.00210385	0.0154598	0.00168619	0.00369657	0.0537061	0.0311077	0.0116811	0.200412	0.0587328	0.0206839	0.00471537	0.00134133	0.177651	0.369491	0.0123253	0.0181067	0.0108295	0.000600727	0.00160611
139	0.0318557	0.00723795	0.187427	0.406467	0.0093203	0.0270588	0.0215324	0.0186773	0.0155681	0.0339453	0.0192269	0.0352285	0.0147688	0.0687788	0.0240856	0.031833	0.027456	0.0123431	0.00110136	0.00608862
140	0.0796389	0.019954	0.000361114	0.000692019	0.0170309	0.00122357	0.000682274	0.325148	0.000840484	0.0669607	0.0488955	0.000937403	0.00102896	0.000961242	0.000513489	0.00369817	0.00796991	0.420331	0.000699808	0.0024323
141	0.0448986	0.0217291	0.0504168	0.040042	0.0323502	0.0297495	0.0309557	0.025243	0.0405795	0.042113	0.0296181	0.388888	0.0176147	0.0308177	0.0120424	0.0760243	0.0335618	0.0303549	0.00328883	0.0197124
142	0.0834234	0.0123127	0.00416791	0.00833212	0.00729156	0.0139256	0.0247731	0.0191645	0.00881612	0.017654	0.00888467	0.00886684	0.614305	0.0139013	0.0080038	0.0525496	0.051227	0.0158311	0.0157144	0.0108549
143	0.447138	0.0061127	0.00120341	0.00208916	0.00727678	0.300301	0.00198849	0.00638499	0.00155231	0.0084002	0.0390733	0.00261125	0.00215372	0.00367354	0.00212258	0.0576242	0.100561	0.00649366	0.000971859	0.00226774
144	0.0461796	0.0216964	0.000363169	0.00155402	0.0669456	0.00565287	0.000442662	0.236961	0.000905329	0.31067	0.0857156	0.00219972	0.004271	0.00238127	0.000870367	0.012231	0.0225996	0.164225	0.00830052	0.00583483
145	0.0402866	0.014478	0.000315607	0.000741071	0.531	0.00530484	0.00567031	0.034241	0.000715771	0.120307	0.0155219	0.00169263	0.0097432	0.00146071	0.000556335	0.0336358	0.0112681	0.0282136	0.0248196	0.120028
146	0.17197	0.0774527	0.00753582	0.00466734	0.00776071	0.0270385	0.00659122	0.0146484	0.0132095	0.0137268	0.010374	0.043813	0.00691104	0.0149236	0.0089356	0.292319	0.198948	0.0438646	0.00140145	0.0339088
147	0.0147095	0.0572541	0.000267242	0.000482777	0.017626	0.00453508	0.00112271	0.446223	0.000816546	0.0690887	0.0235837	0.00246265	0.00496023	0.000629963	0.000441251	0.00752864	0.0364068	0.304815	0.00223609	0.00481042
148	0.0236278	0.00350873	0.000286338	0.000740023	0.00282569	0.000958601	0.000552201	0.512574	0.000432699	0.0273603	0.0309937	0.00069373	0.000920388	0.000614448	0.000384453	0.00817079	0.00288368	0.375323	0.000365592	0.00678415
149	0.00959472	0.00299906	0.000822044	0.00165716	0.0222612	0.00218482	0.00170872	0.00627758	0.00439731	0.0320656	0.0135564	0.00669304	0.00302285	0.0111007	0.00366562	0.0616174	0.805275	0.00846852	0.00074554	0.00188633
150	0.0194629	0.0131671	0.000306601	0.000851043	0.499948	0.00311091	0.0157354	0.0293406	0.00196666	0.0914153	0.0240089	0.00188918	0.00625576	0.00524232	0.000868536	0.0169671	0.00579371	0.0318283	0.0152728	0.216569
151	0.0719616	0.0124985	0.00337764	0.0109026	0.00672134	0.0199505	0.0139185	0.0165768	0.0119727	0.0208075	0.00760009	0.00964257	0.619576	0.0127022	0.00963508	0.0744476	0.0380983	0.0148085	0.0149073	0.00989485
152	0.0181469	0.0125941	0.00034807	0.00133521	0.471773	0.00310534	0.0173946	0.0322632	0.00295486	0.0867503	0.0258001	0.0017272	0.00511501	0.00614017	0.00146837	0.0154025	0.00630917	0.031436	0.0186677	0.241268
153	0.020631	0.0101669	0.00213805	0.00447717	0.0343182	0.00464731	0.00606476	0.118418	0.0382365	0.364862	0.241623	0.00818241	0.00222873	0.00952598	0.00702497	0.0274223	0.0582637	0.0324881	0.00171378	0.007566
154	0.0189363	0.0111059	0.000650045	0.00107846	0.490471	0.00314922	0.0153228	0.0416827	0.0022018	0.0842656	0.0280246	0.0024001	0.00528923	0.00619883	0.000945241	0.01499	0.0072279	0.0461759	0.0169793	0.202906
155	0.309173	0.010931	0.000528225	0.00348543	0.007748	0.518786	0.000735144	0.00285554	0.00175775	0.00498828	0.0126224	0.00268423	0.00243246	0.0021802	0.00102563	0.0969529	0.0162255	0.00340328	0.000383659	0.00110161
156	0.0187603	0.0137176	0.000234817	0.000533407	0.0047913	0.00153114	0.000456324	0.489996	0.00047485	0.0400335	0.0325568	0.00103744	0.00143008	0.00052174	0.000331172	0.00607389	0.0102228	0.37193	0.000253219	0.00511376
157	0.0220054	0.0109999	0.00293618	0.0108028	0.0505919	0.00924914	0.0058413	0.077959	0.0169487	0.238962	0.442137	0.00821986	0.0028143	0.0129836	0.00941277	0.0140362	0.0183847	0.0315701	0.00335055	0.0107947
158	0.00991065	0.0136381	0.000361572	0.000681102	0.496475	0.00131088	0.0231519	0.00976316	0.00297423	0.0305126	0.0102988	0.000753467	0.00491838	0.00677968	0.00052446	0.00963051	0.00357182	0.0170384	0.014216	0.343489
159	0.294756	0.0115603	0.000820165	0.00445223	0.00898482	0.495907	0.00087505	0.00499105	0.003299	0.0066582	0.0131504	0.00435947	0.00501051	0.00337189	0.00188107	0.111968	0.0201616	0.00592515	0.000437553	0.00143033
160	0.0379408	0.00348638	0.331513	0.287581	0.00692671	0.0317956	0.0126634	0.0110782	0.0157058	0.0180423	0.00810737	0.0782818	0.00899294	0.0426699	0.00883311	0.0487366	0.0315617	0.0100426	0.000811128	0.00522886
161	0.0716487	0.0421594	0.000916062	0.000827329	0.115485	0.0119573	0.000472685	0.250073	0.000686957	0.178189	0.0575303	0.00302786	0.00107029	0.00113463	0.000570748	0.0444744	0.0506885	0.15113	0.0115557	0.0064022
162	0.246848	0.0264004	0.00110123	0.00429688	0.0334073	0.478645	0.00194665	0.0246671	0.00368603	0.0190785	0.0149124	0.00398526	0.00699661	0.00390085	0.00156382	0.0657546	0.0199703	0.0359306	0.00257898	0.00432919
163	0.0128381	0.0034224	0.00480427	0.0363206	0.0206664	0.00388477	0.729948	0.00740585	0.00540474	0.0233856	0.00694714	0.0455277	0.00243718	0.0262562	0.00214717	0.0109181	0.0115052	0.00914875	0.00141418	0.0356179
164	0.328708	0.0105424	0.000403668	0.0015622	0.00793676	0.530455	0.000738062	0.00237084	0.00078158	0.00361565	0.0150186	0.00126147	0.00170788	0.00114305	0.000815757	0.0690008	0.0200026	0.00255991	0.000374312	0.00100202
165	0.121983	0.0364734	0.000604782	0.000850106	0.146222	0.015672	0.000512923	0.191247	0.00073135	0.192899	0.0468178	0.00213373	0.000957353	0.00107958	0.000679573	0.04091	0.0685562	0.122463	0.00466855	0.00453908
166	0.0357731	0.0177453	0.000164542	0.000900774	0.0488046	0.00276389	0.00101678	0.242698	0.000475187	0.370946	0.0868756	0.002136	0.00236554	0.00133049	0.00122152	0.00534974	0.0138207	0.155289	0.00523365	0.00509027
167	0.00870467	0.00532657	0.000238908	0.000436886	0.0340409	0.00118607	0.00224229	0.182922	0.00077577	0.585234	0.0674041	0.00176834	0.000633367	0.000730717	0.00284595	0.00202689	0.00793572	0.0906363	0.00167905	0.00323243
168	0.117708	0.00231861	0.000852571	0.00149004	0.261066	0.00230281	0.00132349	0.0291686	0.00152194	0.261016	0.0638206	0.00158258	0.00120276	0.00201074	0.00129059	0.0549049	0.153925	0.0400418	0.000740215	0.00171208
169	0.129037	0.0388944	0.000400067	0.00115006	0.0543083	0.034709	0.000802069	0.0789108	0.000782631	0.457668	0.0544154	0.00139928	0.000632136	0.00109359	0.000801156	0.0457179	0.0213889	0.0717822	0.000395707	0.00571118
170	0.21804	0.044281	0.000928965	0.0018515	0.31797	0.0175642	0.00162575	0.0931807	0.00176238	0.108695	0.0204088	0.0022067	0.00136381	0.0022138	0.00136647	0.0240283	0.0467094	0.0769267	0.000733304	0.0181432
171	0.352325	0.00963699	0.00043292	0.00136741	0.00779226	0.500147	0.000744588	0.00254737	0.00077041	0.0034947	0.015875	0.00112191	0.00154644	0.00122298	0.000763199	0.0709806	0.0250049	0.00271136	0.000449333	0.0010648
172	0.12936	0.0387702	0.000399881	0.00116079	0.0543376	0.0346969	0.000804522	0.0790535	0.000779402	0.457735	0.054123	0.00139747	0.000630306	0.0010993	0.000793068	0.045572	0.0213791	0.0717639	0.000393648	0.00575026
173	0.0589328	0.00720338	0.000329625	0.00254828	0.228759	0.0145158	0.00978855	0.0740298	0.00244303	0.146669	0.0513229	0.00316013	0.00249114	0.00781727	0.000902242	0.0287607	0.0282324	0.0847866	0.0501234	0.197184
174	0.0126988	0.00288133	0.000813996	0.00190951	0.0981567	0.00266144	0.0027004	0.0376561	0.00267438	0.607137	0.122121	0.0100651	0.0010196	0.00210753	0.00385896	0.00819918	0.0274851	0.0477347	0.00207443	0.00604491
175	0.00821483	0.049796	0.000271763	0.000455932	0.0113959	0.00501698	0.00061614	0.472925	0.000758426	0.0712161	0.0202167	0.00284718	0.00403154	0.000686676	0.00039822	0.00731614	0.0383089	0.30208	0.000251013	0.00319663
176	0.0263803	0.0102072	0.000231195	0.00104555	0.108134	0.0070243	0.0328798	0.219439	0.017445	0.139841	0.0599477	0.00110403	0.00076969	0.0137863	0.0109288	0.0318936	0.0420717	0.121385	0.0352004	0.120285
177	0.0846378	0.0228413	0.000320418	0.00135046	0.0815104	0.019825	0.000503354	0.195215	0.000739049	0.269224	0.104817	0.00183047	0.0118754	0.00191506	0.000785663	0.00554273	0.0117695	0.176807	0.00446174	0.00402811
178	0.00984079	0.0132379	0.000415078	0.000656466	0.413079	0.0016189	0.0321401	0.0218712	0.00345816	0.047448	0.014414	0.0010767	0.00382788	0.0110114	0.000693612	0.00625536	0.00353801	0.0345536	0.0114877	0.369376
179	0.105706	0.0105593	0.0792694	0.0916434	0.0138995	0.0455455	0.0492207	0.0209406	0.0799522	0.0237297	0.0180176	0.067559	0.00518187	0.109504	0.043348	0.131474	0.0530665	0.020908	0.00135141	0.0291235
180	0.235872	0.0730609	0.000814239	0.00451088	0.0689081	0.192673	0.00286807	0.0744971	0.00215833	0.0565791	0.0263291	0.0058245	0.00948988	0.00273806	0.00160218	0.0600473	0.0396821	0.125355	0.0016192	0.0153708
181	0.0489032	0.00787695	0.069658	0.0464364	0.0134821	0.031904	0.0304487	0.0278413	0.117812	0.0493487	0.0218288	0.0431636	0.0188251	0.097781	0.234953	0.0630721	0.0368601	0.0284282	0.00161445	0.00976244
182	0.0209707	0.00998848	0.00151536	0.0239286	0.214297	0.00556128	0.100615	0.0938409	0.00680779	0.0596787	0.0309754	0.00723321	0.0114441	0.020679	0.0480446	0.0173871	0.0178278	0.0490019	0.0517223	0.20848
183	0.0305528	0.0159769	0.000139376	0.00103056	0.0436269	0.00225635	0.00121122	0.246353	0.000668481	0.358949	0.0990176	0.00285848	0.00272187	0.00167838	0.000855124	0.00464623	0.0138296	0.161286	0.00639949	0.00594241
184	0.0207562	0.0114411	0.000223768	0.000555141	0.0338624	0.00129097	0.00167037	0.325609	0.000350148	0.317068	0.0728289	0.00138018	0.0018833	0.000805457	0.000732047	0.00296433	0.0141818	0.183219	0.00307955	0.00609847
185	0.0645234	0.00205464	0.000511386	0.00096885	0.206319	0.00179287	0.00102265	0.031368	0.00116559	0.427615	0.0816098	0.00365002	0.000992614	0.00154426	0.0010639	0.0312436	0.0945115	0.0433571	0.00254976	0.00213659
186	0.0149588	0.00253593	0.0007843	0.00951707	0.0481445	0.00201405	0.00147806	0.060728	0.00330798	0.338001	0.47241	0.00246118	0.00102891	0.00908968	0.00528644	0.00376513	0.00530505	0.0167905	0.000985102	0.0014083
187	0.0427768	0.0826903	0.00736134	0.0141177	0.0366978	0.0215193	0.012618	0.10451	0.0132767	0.142012	0.163707	0.16326	0.00739466	0.0317437	0.00920565	0.0394364	0.0395521	0.0487376	0.00636888	0.0130133
188	0.184961	0.00840008	0.00146557	0.00856972	0.00708113	0.37634	0.000982311	0.00757754	0.00940277	0.0099357	0.0101459	0.0137761	0.0144117	0.00860517	0.00660905	0.297745	0.0247763	0.0073193	0.000556759	0.00133838
189	0.0607543	0.0219996	0.000475755	0.00130059	0.0823763	0.008305	0.000402608	0.21666	0.000829718	0.337916	0.0642483	0.00144621	0.002143	0.00187705	0.00148676	0.0148447	0.0213235	0.153138	0.00480975	0.00366248
190	0.0261165	0.0244201	0.000643216	0.00266455	0.508977	0.00503168	0.0098949	0.0347874	0.00250034	0.125564	0.0373957	0.00468459	0.00664223	0.00635781	0.00156048	0.0202914	0.0115871	0.032639	0.0327202	0.105522
191	0.47341	0.0110556	0.000807356	0.0136816	0.00391423	0.0725838	0.00142565	0.00830073	0.00162465	0.0167955	0.0040374	0.00202192	0.00290444	0.00237211	0.005807	0.351764	0.0115891	0.0128922	0.000802804	0.00221008
