318	20
1	0.0458404	0.00104436	0.0014532	0.00220964	0.00795148	0.80596	0.00570765	0.00135717	0.0130781	0.00179322	0.00901978	0.0103888	0.0105445	0.00569771	0.0214706	0.0447469	0.00236089	0.00697202	0.000408613	0.00199454
2	0.0573063	0.0112445	0.0104368	0.0138236	0.0341267	0.02474	0.024465	0.0405565	0.0178487	0.0279827	0.00895754	0.0588214	0.00820308	0.0286305	0.0228835	0.213835	0.341879	0.0313268	0.00180243	0.0211302
3	0.0552844	0.00576771	0.00582028	0.00927638	0.0079729	0.543162	0.0134789	0.00554605	0.0469012	0.00875588	0.0110889	0.0181184	0.00956239	0.024098	0.108263	0.0892173	0.016136	0.0116487	0.00194758	0.00795373
4	0.0189082	0.0117553	0.00485824	0.00172578	0.400771	0.0104681	0.0190385	0.00667941	0.00378798	0.0503111	0.018932	0.00203677	0.000736944	0.00384258	0.00540602	0.0112633	0.0109696	0.0142828	0.0247038	0.379522
5	0.0143522	0.0178461	0.00455604	0.00466932	0.00294662	0.0185683	0.0035817	0.00461524	0.0121966	0.0123605	0.00187066	0.00954105	0.0143309	0.0108478	0.00228044	0.298772	0.554527	0.00917246	0.000522829	0.00244222
6	0.0535186	0.0039113	0.0234982	0.0277648	0.00326333	0.014005	0.0250343	0.0094295	0.342325	0.0142501	0.0164726	0.0257446	0.0118786	0.0661997	0.259511	0.0535325	0.0223507	0.0125834	0.00411513	0.010611
7	0.0176008	0.0117879	0.00461924	0.00185759	0.382023	0.0110125	0.0241429	0.00564237	0.00371046	0.043678	0.0170373	0.00321006	0.00150064	0.00466682	0.00598687	0.01179	0.0106694	0.0132864	0.0268878	0.39889
8	0.224828	0.0353564	0.0267412	0.0170244	0.00820223	0.206846	0.017362	0.0144499	0.0295807	0.0147095	0.00749863	0.0439207	0.0317283	0.0255139	0.0247692	0.183858	0.0509792	0.0256884	0.00119784	0.00974608
9	0.0458116	0.00104931	0.00141452	0.0021899	0.00775036	0.807826	0.00570521	0.00135255	0.0129844	0.00176391	0.00900579	0.0102935	0.0103941	0.0055467	0.0209223	0.0443549	0.00227425	0.00696154	0.000405677	0.00199372
10	0.120842	0.00971986	0.0434337	0.0473301	0.013147	0.0555802	0.0313311	0.0157334	0.056752	0.023052	0.0153699	0.143679	0.0686258	0.0477579	0.0396732	0.153922	0.0631984	0.0230201	0.00289489	0.0249376
11	0.127344	0.0137981	0.026608	0.0316311	0.00553056	0.0594773	0.012912	0.0258997	0.0733775	0.0225241	0.0131837	0.0781167	0.0619017	0.0344084	0.0421089	0.195836	0.115021	0.0431542	0.000448751	0.0167187
12	0.0504412	0.00112279	0.245689	0.425012	0.00107566	0.0202294	0.009009	0.00134162	0.0290779	0.0107541	0.00642585	0.0337236	0.00788751	0.0564291	0.0249954	0.0327743	0.0242857	0.0145493	0.000411611	0.00476456
13	0.147517	0.00231103	0.00613999	0.0222387	0.00154266	0.0108357	0.00333932	0.00326611	0.00846226	0.00938058	0.00194287	0.025982	0.606146	0.0119828	0.00573541	0.07062	0.0279711	0.0266344	0.000391452	0.00756071
14	0.0456753	0.0229102	0.0132781	0.00992541	0.00502489	0.0355723	0.0299131	0.00709179	0.0254461	0.0132755	0.00312839	0.0642301	0.00392096	0.0776305	0.00815864	0.408367	0.1995	0.0192327	0.00112611	0.00659361
15	0.0191362	0.0111394	0.0046001	0.00175114	0.399948	0.010665	0.0191039	0.00601718	0.00364727	0.047778	0.0184697	0.0018669	0.000678267	0.00391157	0.00514634	0.0112659	0.010179	0.0139401	0.0253971	0.385359
16	0.0433954	0.0121144	0.0154401	0.00486919	0.0115385	0.0011935	0.00217728	0.261084	0.017986	0.11039	0.0810136	0.0169601	0.0019888	0.0149619	0.0116175	0.0249217	0.0774992	0.279218	0.000498424	0.0111328
17	0.00884931	0.000921516	0.000925686	0.000807504	0.0380565	0.000826455	0.00352852	0.508865	0.00473865	0.164481	0.0501615	0.00174904	0.000434263	0.00606012	0.00110578	0.0084605	0.00888127	0.18879	0.000223234	0.0021342
18	0.136056	0.00276964	0.0209559	0.0636844	0.00287127	0.0112802	0.00560262	0.00689017	0.0153983	0.0123985	0.0035238	0.032564	0.521368	0.0173691	0.0124235	0.0697318	0.0295527	0.0268937	0.0006959	0.00797073
19	0.0143687	0.0152505	0.00457555	0.00459026	0.00289614	0.0163627	0.00330891	0.00452488	0.0128049	0.011085	0.00196678	0.00857702	0.0163656	0.0107901	0.00221393	0.298211	0.56086	0.00859093	0.000542225	0.00211517
20	0.195965	0.1024	0.00591871	0.00262183	0.00815991	0.00269388	0.00217126	0.0547283	0.00252792	0.0430527	0.0075246	0.00350189	0.00110642	0.00315727	0.00262523	0.126092	0.110398	0.32228	0.000624047	0.0024517
21	0.0364886	0.00156833	0.0913762	0.0799551	0.00218173	0.0382858	0.0485063	0.00553737	0.0731038	0.00533278	0.0109002	0.243739	0.00101454	0.0780728	0.0445501	0.154362	0.0484593	0.00337295	0.00847262	0.02472
22	0.0939788	0.0082128	0.0115039	0.0265384	0.0121431	0.00407404	0.00611374	0.150562	0.0537305	0.193317	0.050579	0.0257422	0.00640399	0.0553578	0.0452401	0.0711232	0.0816571	0.0987996	0.000519825	0.00440282
23	0.252271	0.00603398	0.00572716	0.0396587	0.00554712	0.0112993	0.00696318	0.0364261	0.00861243	0.0131103	0.00552753	0.0623233	0.0028875	0.0302623	0.0100202	0.371582	0.0862071	0.0382641	0.00122719	0.0060492
24	0.146837	0.00599687	0.00699502	0.0220273	0.00560002	0.0466922	0.00800105	0.0414911	0.0904768	0.0289517	0.0273222	0.0252356	0.00672033	0.0795089	0.0733794	0.196441	0.130936	0.0420405	0.000711489	0.0146348
25	0.0532005	0.0045629	0.00883956	0.0226505	0.00308616	0.0216052	0.041986	0.00915789	0.208646	0.0262719	0.0254473	0.0312504	0.00213695	0.0636983	0.33827	0.0644969	0.0227704	0.0136486	0.00399066	0.0342837
26	0.0378436	0.00174482	0.0941446	0.0786816	0.00245218	0.0375881	0.0393936	0.00653795	0.0768481	0.00531285	0.0115156	0.245223	0.00354254	0.0697314	0.0501019	0.148987	0.0558654	0.00468925	0.0056444	0.0241518
27	0.0300613	0.0109872	0.00781912	0.0012503	0.0157984	0.000896041	0.00138843	0.300438	0.00640298	0.105652	0.098177	0.0120106	0.000547401	0.00392348	0.00463474	0.0128213	0.0643295	0.308916	0.000479275	0.013467
28	0.0413007	0.000615492	0.283643	0.464847	0.0004938	0.0107709	0.00811618	0.000845571	0.0242276	0.00664616	0.0046004	0.0251348	0.00426538	0.0480941	0.0163124	0.0242668	0.0178038	0.015208	0.000192303	0.00261601
29	0.0488092	0.00199951	0.454113	0.138044	0.0026058	0.0169675	0.0212547	0.00712766	0.0209721	0.0085577	0.00532254	0.107366	0.0071356	0.0440173	0.0137909	0.0474117	0.0364171	0.00826454	0.000963504	0.00885924
30	0.0201321	0.00165819	0.00536323	0.0134286	0.038739	0.00141285	0.00190941	0.0731476	0.00538113	0.577979	0.151964	0.00764242	0.000708426	0.00223332	0.00669321	0.0120382	0.0124501	0.0483372	0.00471063	0.0140716
31	0.0390439	0.00299293	0.486222	0.103364	0.0032692	0.0166728	0.0214727	0.00597724	0.017136	0.00706241	0.00443564	0.114678	0.00599004	0.0316823	0.0126301	0.0528278	0.0530085	0.00789886	0.00260232	0.0110329
32	0.0195088	0.0114306	0.00488505	0.00204767	0.402735	0.0105914	0.0207664	0.00597018	0.00376835	0.0463377	0.0179727	0.00252806	0.000940841	0.00407898	0.00532981	0.0115689	0.0101624	0.0135446	0.0241655	0.381667
33	0.0191207	0.0112653	0.00464234	0.00177039	0.398411	0.0106842	0.0194698	0.00593305	0.00366238	0.0476367	0.0183284	0.0019929	0.000706745	0.00395659	0.00522339	0.0112421	0.0102573	0.0139221	0.0254076	0.386367
34	0.0296105	0.0126591	0.00603051	0.00189149	0.0145599	0.0010461	0.00341571	0.301554	0.00824281	0.0830793	0.0800037	0.00791548	0.000604554	0.00473729	0.00625755	0.0122975	0.0535255	0.351363	0.000212782	0.0209934
35	0.047561	0.00216919	0.00334588	0.00246437	0.00770063	0.793409	0.00672591	0.00150242	0.0134546	0.0021621	0.00927153	0.0112229	0.0102891	0.00649204	0.0209593	0.0464615	0.00471033	0.00750431	0.000452069	0.00214225
36	0.0228525	0.00139238	0.655061	0.0959161	0.00119517	0.00154073	0.0188141	0.00343948	0.00496159	0.0042766	0.00171559	0.103855	0.00098889	0.0214245	0.00197572	0.019911	0.0302847	0.00231782	0.000427194	0.00765011
37	0.0388688	0.000595737	0.303901	0.45311	0.000531608	0.010009	0.00881055	0.000831142	0.0223241	0.00611495	0.00386756	0.028968	0.00388091	0.0463678	0.0148845	0.0223625	0.0178169	0.0140248	0.000183411	0.0025464
38	0.253624	0.229609	0.00385113	0.00477901	0.00776326	0.0291614	0.00538235	0.0338611	0.00468988	0.0166371	0.00586986	0.00651698	0.011784	0.00633667	0.013447	0.286794	0.0268965	0.0447209	0.00101684	0.00725937
39	0.0237478	0.00104324	0.00546589	0.0112415	0.0397215	0.00121462	0.00234074	0.097238	0.00384694	0.530384	0.128534	0.00532237	0.000666742	0.00361342	0.00447589	0.0126582	0.0189544	0.0860761	0.00400902	0.0194464
40	0.166608	0.00227471	0.0839587	0.185896	0.0024962	0.00401867	0.00616001	0.00365755	0.0457574	0.0271358	0.0380662	0.0783748	0.00180774	0.0343382	0.0144936	0.125728	0.140303	0.0347331	0.000830949	0.00336141
41	0.00642204	0.022836	0.00661449	0.00543349	0.118885	0.012294	0.109451	0.00586208	0.0078388	0.00711149	0.00284775	0.0297322	0.00977785	0.0254532	0.0333688	0.0304342	0.0266102	0.00552306	0.0618937	0.471611
42	0.149815	0.00166699	0.00603084	0.0248319	0.00153875	0.00419291	0.0031689	0.00277603	0.0079257	0.0092017	0.0017389	0.0232992	0.617943	0.0120857	0.00488266	0.0665955	0.0273793	0.026672	0.000463927	0.00779042
43	0.0177595	0.00563519	0.00358266	0.00102198	0.0255185	0.000842143	0.00234026	0.417696	0.00538975	0.131461	0.0695751	0.00510048	0.000412358	0.00466796	0.00274046	0.00977004	0.0323852	0.255917	0.000207626	0.00797727
44	0.0601672	0.0030886	0.0073386	0.0282995	0.000827241	0.010428	0.0309279	0.00738669	0.229196	0.0147524	0.0130029	0.0113755	0.000998535	0.0765622	0.393119	0.0621045	0.0228467	0.0136408	0.00553104	0.00840727
45	0.0338524	0.009277	0.0262517	0.0232143	0.0102516	0.037538	0.201118	0.00592796	0.0448843	0.0113315	0.00764771	0.145873	0.00325036	0.150824	0.0852231	0.124906	0.0260979	0.00578311	0.0028352	0.0439139
46	0.0619418	0.003492	0.00465161	0.00312704	0.00722813	0.766842	0.00732376	0.00187721	0.0137583	0.00249906	0.00860933	0.01229	0.0106814	0.00695326	0.0209985	0.0517024	0.00468633	0.00849669	0.000447634	0.00239334
47	0.0347122	0.00443021	0.00861856	0.00861663	0.0285537	0.00426012	0.0111417	0.233817	0.0673709	0.172221	0.100205	0.0125279	0.0030592	0.0893154	0.0214806	0.0305122	0.0315665	0.127223	0.00125835	0.00910925
48	0.0236954	0.0132959	0.000934246	0.000847633	0.00146832	0.000885074	0.000845934	0.408718	0.00100335	0.0197106	0.00379835	0.00133658	0.000416561	0.00394133	0.00200332	0.00540685	0.0120269	0.497482	0.000243401	0.00193965
49	0.0393363	0.000548692	0.280705	0.474714	0.000482639	0.0109026	0.0085142	0.000700613	0.0240066	0.00631793	0.00407496	0.0244288	0.00406081	0.0483387	0.0159643	0.0220216	0.0173383	0.0149495	0.000183418	0.0024104
50	0.0228167	0.00139484	0.654984	0.0956843	0.00119429	0.00154073	0.018801	0.00351288	0.00499288	0.0042791	0.0017238	0.104067	0.000988978	0.0214636	0.00198785	0.0198985	0.0302551	0.00234148	0.000427313	0.00764552
51	0.053914	0.018581	0.0122988	0.0134998	0.0563744	0.0168273	0.0270403	0.0328712	0.0379969	0.0880495	0.0299591	0.0226858	0.00518334	0.0442249	0.0450886	0.0443258	0.0272396	0.0224058	0.312737	0.088697
52	0.0267351	0.00143428	0.61259	0.109203	0.00133271	0.0032918	0.0179254	0.00338114	0.00745235	0.00469899	0.00289087	0.105595	0.00110274	0.0234192	0.00390999	0.0252418	0.0375103	0.00410084	0.000553954	0.00763091
53	0.185887	0.00683301	0.00559478	0.0119275	0.0468956	0.0439468	0.0875009	0.0142342	0.0346942	0.17293	0.00944626	0.0433296	0.00358621	0.014469	0.0135679	0.140239	0.102433	0.0428475	0.00178078	0.0178569
54	0.0272507	0.00275585	0.00790377	0.0113535	0.041339	0.00325091	0.00430145	0.101393	0.0116982	0.456365	0.161036	0.0118775	0.00243316	0.0091972	0.0125275	0.0187034	0.0212828	0.0753661	0.00613534	0.0138293
55	0.0424213	0.00211334	0.245881	0.435715	0.0012985	0.0125105	0.0104138	0.00309639	0.0314898	0.010143	0.00688945	0.0290637	0.00609086	0.0692438	0.0250077	0.0267875	0.0219384	0.0141727	0.000727145	0.00499631
56	0.0376262	0.00202686	0.0346248	0.030193	0.0015479	0.0083273	0.0179154	0.00414853	0.466814	0.00747969	0.0221558	0.025924	0.0135113	0.066699	0.197957	0.0300864	0.0136467	0.00988662	0.0018033	0.00762653
57	0.0188543	0.0111854	0.00473658	0.00173882	0.404358	0.0104153	0.0187932	0.00631243	0.00362463	0.0486567	0.0192458	0.00188034	0.000659381	0.00376362	0.00509041	0.0111297	0.0102647	0.0137108	0.0249212	0.380659
58	0.0437896	0.00740327	0.00612847	0.00901298	0.0278664	0.00434128	0.00455126	0.0653154	0.0178294	0.304995	0.0957482	0.00773106	0.00223976	0.0205596	0.0101164	0.021	0.013823	0.0301819	0.27296	0.0344065
59	0.0251199	0.0407014	0.0157225	0.0802973	0.00645251	0.00973522	0.063019	0.00983208	0.0643059	0.0207336	0.00877278	0.0380291	0.00766358	0.444977	0.0216271	0.0858773	0.0231637	0.0135378	0.00344202	0.0169905
60	0.0448966	0.0096329	0.0100452	0.0184931	0.011492	0.0188986	0.184428	0.00595214	0.0635022	0.0134713	0.0083858	0.106879	0.00450699	0.163133	0.128197	0.114096	0.027547	0.00715958	0.0027499	0.0565338
61	0.187749	0.166688	0.00326902	0.00493257	0.00401859	0.0127345	0.00383514	0.115869	0.00457414	0.042167	0.00473344	0.00675874	0.00453922	0.0103019	0.00861357	0.299723	0.0381615	0.0764778	0.000890115	0.00396448
62	0.00796916	0.000657783	0.000843554	0.000814912	0.0385108	0.000846405	0.0036723	0.512844	0.00468595	0.167362	0.0489471	0.00159668	0.000437321	0.00601071	0.000986768	0.00847517	0.00734491	0.185928	0.000222644	0.00184342
63	0.0243968	0.0537152	0.00887103	0.0267662	0.156192	0.0143466	0.0750169	0.0114682	0.0137157	0.0229756	0.0116671	0.0505938	0.0075808	0.0202546	0.0165515	0.0459002	0.0220536	0.0136048	0.017249	0.38708
64	0.0375054	0.0025497	0.0829102	0.0513719	0.00187826	0.0262915	0.0488582	0.0048324	0.206717	0.00648525	0.0158106	0.149472	0.00570636	0.0855688	0.116556	0.0987479	0.0324533	0.00713448	0.00371436	0.0154363
65	0.0282508	0.0338336	0.0143553	0.041827	0.0666365	0.0153543	0.1359	0.0294088	0.0290523	0.0466446	0.0152976	0.0431988	0.00805068	0.0366616	0.0298303	0.0525915	0.0283938	0.0178551	0.00903881	0.317819
66	0.0323935	0.00263061	0.0056952	0.0116123	0.0300032	0.00215641	0.00365149	0.0693752	0.0101128	0.544802	0.161635	0.0114935	0.00115875	0.00712916	0.0116998	0.0137396	0.0138991	0.0488742	0.00390371	0.0140336
67	0.0312012	0.0174261	0.0106602	0.0144265	0.00304773	0.00868374	0.0211886	0.00756796	0.172462	0.0118165	0.0100297	0.0121427	0.00464205	0.0427115	0.518935	0.0586609	0.0171494	0.0124535	0.0172211	0.00757419
68	0.207752	0.141303	0.00592956	0.00322422	0.0164039	0.0034446	0.00376158	0.0422616	0.00334506	0.0374895	0.0096729	0.00397629	0.00132793	0.00352872	0.00415779	0.125705	0.0988028	0.280601	0.00073103	0.00658189
69	0.0333771	0.000985371	0.431135	0.3139	0.000750552	0.00699212	0.0111258	0.00187524	0.0164834	0.00806516	0.00340497	0.0620444	0.00302135	0.0360518	0.0110899	0.0230439	0.0227351	0.00949413	0.000300945	0.00412309
70	0.149891	0.00234331	0.00543073	0.0224038	0.0016694	0.0061079	0.00358432	0.00410683	0.00827469	0.0108048	0.00233973	0.0246226	0.602202	0.0126037	0.00541297	0.068446	0.0278673	0.0329818	0.00128649	0.00762099
71	0.0404079	0.00287345	0.254003	0.42409	0.00133353	0.0146552	0.00891482	0.00129468	0.0332516	0.00897679	0.00591832	0.0287617	0.0066673	0.0819109	0.0248176	0.0251683	0.017968	0.0135034	0.000335731	0.00514709
72	0.0395394	0.000593308	0.28139	0.47169	0.000482575	0.0111383	0.0083526	0.000718828	0.0242161	0.0063603	0.00428973	0.0245914	0.00434066	0.048829	0.0163193	0.0221953	0.01742	0.0147971	0.000195649	0.00253991
73	0.0688112	0.0190756	0.0273664	0.0234582	0.0200439	0.0374937	0.0920431	0.019981	0.0290611	0.0305156	0.0107613	0.0933058	0.0118438	0.0372733	0.028132	0.159674	0.183362	0.0778739	0.00379266	0.0261318
74	0.00323652	0.0240729	0.00701244	0.00511048	0.137937	0.0140994	0.110463	0.00200237	0.00368304	0.0042444	0.00159644	0.0248464	0.0121682	0.0107375	0.0146033	0.0191581	0.0202185	0.0032479	0.023885	0.557677
75	0.0317892	0.0135156	0.00785534	0.00325861	0.0656396	0.00286187	0.00372698	0.221929	0.00882254	0.0687131	0.096034	0.00984095	0.00166197	0.00505844	0.00779847	0.0158254	0.0498342	0.370835	0.00128402	0.013716
76	0.0179872	0.0014372	0.00475135	0.00832732	0.0291907	0.00111854	0.00155983	0.166524	0.00405251	0.488978	0.123596	0.004885	0.00052647	0.0035259	0.00389996	0.0112234	0.0169642	0.0966529	0.00325586	0.0115448
77	0.0176659	0.00238577	0.00417653	0.00918177	0.0245095	0.00101198	0.00134157	0.115823	0.00365351	0.550136	0.122906	0.00532218	0.000524326	0.00202298	0.0043823	0.00886896	0.0168297	0.094909	0.00268259	0.0116661
78	0.0641312	0.071902	0.0234962	0.070538	0.0117001	0.0298855	0.0188825	0.0279714	0.026835	0.0291033	0.0144413	0.0395815	0.0113893	0.0315082	0.0202824	0.142962	0.287965	0.0581769	0.00233491	0.0169134
79	0.047998	0.00153179	0.266225	0.396533	0.0013597	0.013869	0.00895849	0.00274679	0.0337022	0.0120848	0.0160121	0.0348749	0.0070579	0.0503187	0.0237412	0.0329423	0.0284618	0.0160843	0.000703077	0.00479486
80	0.150582	0.00269007	0.00867385	0.0220992	0.00160374	0.0140348	0.00525725	0.00409228	0.0152102	0.00993963	0.0030138	0.0344554	0.525824	0.0146183	0.00957214	0.0957239	0.0475974	0.025222	0.000729224	0.0090603
81	0.151993	0.00452624	0.0111827	0.0220497	0.00362422	0.017238	0.0110218	0.00671718	0.0206533	0.0118014	0.00459993	0.0425451	0.461848	0.0222372	0.0176746	0.0999103	0.038673	0.0242245	0.000688081	0.0267923
82	0.0285644	0.00252018	0.0125732	0.00900842	0.0326556	0.00166295	0.002102	0.118203	0.00632118	0.435269	0.165449	0.00808642	0.000661337	0.00568054	0.0049902	0.0151345	0.0284651	0.104426	0.00422056	0.0140056
83	0.121455	0.00694186	0.0537142	0.0939351	0.00644315	0.0388914	0.0167761	0.0120423	0.047095	0.0209015	0.018048	0.116593	0.0273551	0.0412773	0.0251731	0.173827	0.13785	0.0288183	0.00132918	0.0115339
84	0.157367	0.00152856	0.00434216	0.0207478	0.00134767	0.00230027	0.0027264	0.00240872	0.00447224	0.00894914	0.00178095	0.0204721	0.611372	0.0110466	0.00383516	0.0719063	0.0383598	0.0266701	0.000429225	0.00793728
85	0.0922203	0.0107846	0.0202231	0.0259456	0.0324513	0.0260893	0.0372577	0.0121062	0.0419352	0.021052	0.0112032	0.0551201	0.217042	0.0362626	0.0699946	0.0826698	0.0434343	0.0190902	0.00718791	0.13793
86	0.0439	0.0023528	0.256692	0.43253	0.00251153	0.0145328	0.00947182	0.00565233	0.0279741	0.0115971	0.00679042	0.0330836	0.00626382	0.0491308	0.0214196	0.0308323	0.0250349	0.016028	0.000302593	0.00389951
87	0.0694029	0.00587416	0.091708	0.0548864	0.00434301	0.0375217	0.0274333	0.0235085	0.0527798	0.00970178	0.0100499	0.206544	0.0160556	0.060848	0.0317019	0.17158	0.0901511	0.016362	0.00356417	0.0159837
88	0.0293794	0.0124924	0.0107307	0.0140751	0.0116458	0.0095572	0.0240827	0.0115789	0.142307	0.0163646	0.0108518	0.0134248	0.00309673	0.0480316	0.468519	0.053564	0.0188323	0.0148699	0.0607815	0.025815
89	0.0437505	0.00153142	0.252175	0.438823	0.00114001	0.0129881	0.00980207	0.00200525	0.0294072	0.00960513	0.00655338	0.0289868	0.00565731	0.0647385	0.0206727	0.0272034	0.02351	0.0155842	0.00114418	0.00472153
90	0.0813748	0.0268171	0.00317118	0.00694687	0.0778436	0.0131584	0.069459	0.0119694	0.0264653	0.041433	0.0253277	0.129347	0.00291806	0.0990979	0.0229248	0.167483	0.0342332	0.0131864	0.00245733	0.144386
91	0.0253493	0.00454514	0.00851634	0.00726656	0.0323173	0.00173654	0.00191227	0.157408	0.00749441	0.349025	0.16098	0.00911025	0.00107423	0.00637529	0.0052307	0.0173345	0.0687625	0.117547	0.00493916	0.0130748
92	0.198928	0.0104706	0.0380496	0.0227499	0.00990159	0.169573	0.0242859	0.0135445	0.039692	0.0220444	0.0108649	0.0510397	0.0278387	0.0339024	0.0343883	0.151628	0.0985334	0.0288502	0.00114822	0.0125664
93	0.0500802	0.00200459	0.194086	0.340935	0.00148564	0.0171561	0.0139234	0.0065744	0.0944872	0.0131707	0.00956402	0.0357557	0.0102004	0.0590075	0.0621633	0.0407167	0.024146	0.0157592	0.000821189	0.00796241
94	0.0254179	0.0102473	0.00454377	0.000915795	0.0174846	0.00085693	0.00174619	0.360715	0.00471599	0.0936842	0.0673334	0.00573844	0.000646683	0.00314658	0.00439283	0.00920565	0.0415904	0.336564	0.000174177	0.0108803
95	0.0185986	0.00577794	0.0145424	0.00715681	0.231929	0.00554943	0.00956276	0.104059	0.0174775	0.180296	0.203024	0.00850473	0.00257794	0.00913463	0.0108486	0.0386877	0.0239243	0.0352404	0.015198	0.0579113
96	0.023457	0.0151226	0.00716717	0.0040606	0.35399	0.0135388	0.0255331	0.0194453	0.00866902	0.0651966	0.028075	0.0106249	0.00267472	0.0116994	0.00966803	0.02621	0.0161495	0.023594	0.0219581	0.313166
97	0.0458893	0.00206937	0.244534	0.430468	0.0018994	0.0140118	0.0102921	0.00507953	0.0327456	0.0101383	0.00624933	0.0295506	0.00948571	0.0510712	0.0248896	0.0333743	0.0252013	0.0171823	0.000751622	0.0051167
98	0.0148159	0.0162595	0.00556287	0.0055711	0.00285118	0.0194614	0.00407074	0.00528526	0.0143255	0.0108909	0.00190569	0.011843	0.0136202	0.0118503	0.00212151	0.279174	0.56485	0.0129708	0.000516398	0.00205327
99	0.0193473	0.0123229	0.0050679	0.00185297	0.408167	0.0101147	0.018929	0.00646821	0.00379862	0.0504253	0.0193214	0.00236032	0.000896662	0.00389113	0.00579924	0.0119607	0.0104341	0.0138887	0.0245843	0.37037
100	0.0608239	0.00446055	0.0147946	0.0194594	0.0070387	0.56502	0.0173172	0.00483217	0.025139	0.00779664	0.00851273	0.0657359	0.0194705	0.0152322	0.0241267	0.0970189	0.0220815	0.0108176	0.000716989	0.0096052
101	0.0279727	0.0157761	0.0012939	0.000850929	0.00228546	0.000870609	0.000865926	0.379309	0.00100306	0.0214543	0.00657637	0.00147106	0.000421356	0.00359411	0.00274797	0.00512927	0.0152685	0.509792	0.000239667	0.00307703
102	0.13741	0.00439858	0.0205128	0.0262048	0.00281228	0.0496474	0.0134252	0.00860145	0.118431	0.0140326	0.00614872	0.0742307	0.251494	0.0360741	0.0308296	0.14126	0.040098	0.0156438	0.00141894	0.00732593
103	0.0532443	0.00745125	0.0118404	0.0112246	0.0353812	0.466562	0.0234904	0.0105758	0.0251901	0.0132008	0.0119765	0.0344458	0.00862293	0.049313	0.0598617	0.102822	0.0313301	0.0147488	0.00406422	0.0246538
104	0.0171377	0.000787243	0.00431344	0.0106429	0.0270518	0.000953667	0.00127684	0.0731644	0.00377084	0.6227	0.140922	0.00583079	0.000546555	0.00172063	0.00539358	0.00928256	0.0110306	0.0476342	0.00389714	0.0119429
105	0.0100537	0.0386225	0.00977151	0.0116381	0.105464	0.012449	0.141118	0.0152021	0.0123395	0.0105478	0.00759946	0.028172	0.00980026	0.0192245	0.0213106	0.0233649	0.0197389	0.00905311	0.0181259	0.476404
106	0.0184983	0.00570215	0.00273563	0.00165362	0.027965	0.0010465	0.00266394	0.417325	0.00479456	0.148332	0.0584268	0.00383995	0.000633436	0.00527148	0.00301671	0.0109777	0.0260341	0.254471	0.000434688	0.00617712
107	0.189731	0.00431613	0.0188835	0.00398486	0.00626793	0.555582	0.0116085	0.00352749	0.0114119	0.00566924	0.00755167	0.0123219	0.00825762	0.014659	0.0158201	0.0844962	0.0141327	0.0268443	0.000956424	0.00397802
108	0.119146	0.0750292	0.0224097	0.010253	0.0104183	0.0111092	0.00631367	0.0758423	0.0121282	0.0654038	0.0183991	0.0166878	0.00371969	0.012951	0.0105887	0.125424	0.132384	0.262578	0.00125955	0.00795503
109	0.092274	0.0108068	0.0288472	0.0320774	0.0062588	0.0442669	0.0322806	0.0119413	0.0506714	0.0201824	0.00837822	0.105222	0.124599	0.203258	0.0330225	0.115996	0.0449468	0.0140501	0.00179081	0.0191309
110	0.178083	0.0308352	0.025195	0.0268136	0.00187015	0.0872664	0.0132349	0.0105968	0.0600316	0.013559	0.00652589	0.0867773	0.133738	0.0224828	0.0320407	0.198356	0.0520247	0.0139011	0.00051702	0.00614992
111	0.164186	0.0666073	0.00768157	0.00958198	0.0116474	0.00630371	0.00671175	0.0917633	0.0128691	0.0732949	0.0220037	0.0104716	0.00336156	0.0111348	0.0113447	0.10371	0.102685	0.276245	0.00115417	0.00724236
112	0.0354772	0.00610944	0.0103021	0.00999675	0.0769032	0.00456338	0.00759822	0.176495	0.0141806	0.317612	0.111157	0.0121511	0.00210494	0.0147823	0.0119279	0.0521161	0.0293885	0.0839526	0.00770558	0.0154751
113	0.22385	0.0593518	0.00618184	0.0103261	0.00820845	0.0108741	0.00563446	0.0885706	0.00979672	0.0388738	0.00768418	0.0172807	0.00461624	0.0172577	0.0121219	0.254434	0.0655845	0.153253	0.00105882	0.00504137
114	0.0400097	0.00629331	0.00773591	0.0104129	0.0295758	0.00376441	0.00504272	0.238395	0.0152439	0.312459	0.0824139	0.0102955	0.00230932	0.0154886	0.0150803	0.0492031	0.0337245	0.111916	0.00274169	0.0078948
115	0.130064	0.0487436	0.00616201	0.0109973	0.0479692	0.0303055	0.0334617	0.014556	0.0140836	0.027217	0.0053403	0.0363412	0.00392695	0.0147444	0.0343847	0.272933	0.139339	0.0640121	0.00115892	0.0642589
116	0.194733	0.0254555	0.0238479	0.0583371	0.00867154	0.0372747	0.0160375	0.0225089	0.0364482	0.0181247	0.0113781	0.0597819	0.0269045	0.0306294	0.0297254	0.27267	0.0837453	0.0313457	0.00116435	0.011216
117	0.100509	0.0116863	0.0200329	0.0197447	0.011043	0.0770482	0.0216269	0.0116044	0.0392861	0.0177409	0.00573225	0.0801282	0.0340425	0.0345249	0.0239144	0.293219	0.157775	0.0268936	0.000576667	0.0128712
118	0.0374136	0.04613	0.0068044	0.0105198	0.0949336	0.0112349	0.0397832	0.0467672	0.0544322	0.0416486	0.0204285	0.0280419	0.00524789	0.0675893	0.0278773	0.076162	0.0221699	0.0170093	0.158336	0.18747
119	0.141895	0.0138722	0.0202946	0.0261045	0.00336973	0.0657907	0.0110349	0.0174536	0.0713764	0.0250549	0.0250294	0.076415	0.0664157	0.0407519	0.0364563	0.199368	0.118122	0.0311582	0.000639147	0.00939822
120	0.131982	0.00884601	0.00803798	0.0142794	0.043545	0.0542081	0.0601101	0.0150993	0.0226792	0.0358769	0.00486292	0.0453747	0.00350838	0.0186892	0.0317378	0.283331	0.141945	0.0321699	0.00090921	0.0428073
121	0.128044	0.0045613	0.0295627	0.0346193	0.000859843	0.0897165	0.0167622	0.0106055	0.0888996	0.0202036	0.0067714	0.12251	0.118793	0.0269668	0.043197	0.174973	0.0617793	0.0150454	0.000301452	0.00582837
122	0.0429671	0.0173501	0.00910379	0.0113588	0.00660625	0.0248694	0.00952092	0.0114142	0.0202363	0.0177122	0.00654576	0.0240097	0.016287	0.0195713	0.010497	0.26148	0.458204	0.0241371	0.000769386	0.00735936
123	0.088724	0.00211812	0.00946504	0.00533927	0.00777238	0.691309	0.00959712	0.00314389	0.0161633	0.00455763	0.00870669	0.0164417	0.0146661	0.010865	0.0211551	0.0606052	0.0124053	0.012841	0.000480925	0.00364278
124	0.0332045	0.0223701	0.00723807	0.00107264	0.0107797	0.000884303	0.00142162	0.270666	0.00452941	0.0761793	0.075143	0.00913713	0.000640524	0.00172218	0.00524705	0.0129432	0.0768464	0.376057	0.000279575	0.0136388
125	0.0556512	0.024636	0.00900164	0.0108621	0.0125127	0.00825716	0.00641616	0.262394	0.0102159	0.0597026	0.0304568	0.00913269	0.00306416	0.0121519	0.0128992	0.0390709	0.0451071	0.376152	0.00215723	0.0101585
126	0.02553	0.0142391	0.0012669	0.000858559	0.00213424	0.000827935	0.000876236	0.386022	0.00104037	0.0229891	0.0077289	0.00164565	0.000405956	0.00355693	0.00255564	0.00540833	0.0152787	0.504438	0.000231513	0.00296646
127	0.0360021	0.00114536	0.401978	0.315902	0.00171192	0.0103156	0.0120839	0.00332622	0.019923	0.0131884	0.00649682	0.054765	0.00342739	0.040258	0.0126615	0.0236948	0.0258471	0.010989	0.000493834	0.00579017
128	0.227313	0.04879	0.00466244	0.00954403	0.0057642	0.00687384	0.00478946	0.122228	0.00490213	0.0343813	0.00590306	0.0132735	0.00295453	0.0148473	0.00955753	0.291475	0.0501243	0.13731	0.000923452	0.00438323
129	0.0495521	0.00155341	0.00240922	0.00307175	0.00837864	0.784067	0.0065985	0.00203386	0.0144452	0.0024141	0.00892522	0.011793	0.0111013	0.00686331	0.022754	0.0478021	0.00413029	0.00815157	0.000584812	0.00337091
130	0.0426669	0.000817862	0.345194	0.399155	0.000687351	0.00932056	0.00952667	0.00134515	0.0207878	0.00650499	0.00402102	0.0383405	0.00380914	0.0439977	0.0139899	0.0227308	0.0208318	0.0126473	0.000347426	0.00327815
131	0.0529966	0.00150602	0.00578597	0.0071623	0.00786435	0.758788	0.00701804	0.00243109	0.0153914	0.00415186	0.0094846	0.014574	0.0120693	0.00841598	0.0220806	0.0514845	0.00670235	0.00811837	0.000695026	0.00327944
132	0.0891121	0.0308778	0.00970976	0.00862059	0.0149067	0.00350568	0.00376542	0.188791	0.0152789	0.0885871	0.0768217	0.0121197	0.00333443	0.0103444	0.0128666	0.0450079	0.0610501	0.312146	0.00130138	0.0118527
133	0.0969081	0.0099254	0.0123395	0.018777	0.00458108	0.0343181	0.00848708	0.0101529	0.0291306	0.0139797	0.00512444	0.0430134	0.171698	0.0178488	0.0167369	0.181061	0.297204	0.0198595	0.00080778	0.0080459
134	0.038452	0.0142785	0.0107652	0.0170631	0.0172049	0.0189245	0.207039	0.010815	0.0531478	0.0158036	0.00953105	0.0880995	0.00435695	0.161178	0.112572	0.0993286	0.0265502	0.0107546	0.00659182	0.0775439
135	0.0300968	0.0193673	0.00195949	0.000976168	0.00321712	0.0010502	0.000972761	0.37085	0.00137156	0.0252819	0.0126699	0.00306817	0.000492944	0.0034628	0.00305063	0.00591723	0.0240136	0.487778	0.000222565	0.00418136
136	0.026129	0.0148179	0.00154991	0.000857238	0.00290833	0.000877261	0.000973267	0.389658	0.00132186	0.0262199	0.0116332	0.00197289	0.000400906	0.00365515	0.00268655	0.00670818	0.0185097	0.485114	0.000413899	0.00359251
137	0.148165	0.00185246	0.00548104	0.0232412	0.0029957	0.00588125	0.0043149	0.00329928	0.00779746	0.00971033	0.00243741	0.0252579	0.609617	0.0118746	0.00532955	0.0676195	0.0254426	0.0272726	0.00066999	0.0117407
138	0.0240026	0.0127339	0.00182762	0.00111019	0.00703692	0.000934311	0.00139725	0.399823	0.00229183	0.0444082	0.0191042	0.00231766	0.000757896	0.00394629	0.002989	0.00674705	0.0187596	0.445401	0.000213067	0.00419826
139	0.192062	0.0741284	0.00628959	0.00455296	0.0082182	0.00456482	0.00357997	0.0476475	0.00504638	0.0464717	0.00826814	0.00563494	0.00190096	0.00557059	0.00536783	0.180009	0.0822472	0.313161	0.00121893	0.00406013
140	0.033308	0.000933244	0.46586	0.295046	0.000754065	0.00565157	0.0118302	0.00188102	0.0132412	0.00534885	0.00260457	0.0624937	0.00210052	0.0329815	0.00782317	0.0209978	0.0242304	0.00862943	0.000267022	0.00401804
141	0.0488618	0.00189236	0.0038373	0.00371989	0.00761866	0.776967	0.00709447	0.00171366	0.0132333	0.00282473	0.00879327	0.0142514	0.0126951	0.00677377	0.0208534	0.0533266	0.00436153	0.00783409	0.000502292	0.0028456
142	0.0121234	0.0161122	0.00542362	0.00330514	0.289016	0.0118903	0.0539815	0.004257	0.0045042	0.0276765	0.0104276	0.0120952	0.00516368	0.00978168	0.0140184	0.0150017	0.0141745	0.00922761	0.025158	0.456662
143	0.0852225	0.0340569	0.00486181	0.00281226	0.00816294	0.00137819	0.00213703	0.242889	0.00481825	0.0522508	0.034982	0.006278	0.00136826	0.00487514	0.00630079	0.0445142	0.061231	0.392644	0.000270039	0.00894646
144	0.0123739	0.0019552	0.00244122	0.00204077	0.0343914	0.000836013	0.00278884	0.42416	0.00493969	0.212414	0.0752798	0.00327891	0.000457838	0.00497061	0.00199396	0.0092175	0.0160133	0.183983	0.000972108	0.00549144
145	0.0965122	0.00506476	0.0332857	0.0205091	0.00683419	0.266489	0.0525546	0.00769503	0.0743435	0.0127241	0.0100121	0.0696292	0.0273597	0.0618986	0.0662171	0.122279	0.0397506	0.0128972	0.0014484	0.0124963
146	0.0779339	0.013553	0.0255546	0.0212288	0.00810564	0.110935	0.0186454	0.00969085	0.0341932	0.0162749	0.00577498	0.0941528	0.026263	0.0327503	0.0207512	0.303757	0.147094	0.0217177	0.000777464	0.0108457
147	0.276494	0.252221	0.00324505	0.00511863	0.00580227	0.0291343	0.00527974	0.0245713	0.00511894	0.0109421	0.00648632	0.00592377	0.0130607	0.00622132	0.0201566	0.292875	0.0135371	0.017878	0.00128368	0.00465066
148	0.079313	0.0163594	0.00876633	0.0121981	0.0173358	0.00417359	0.00498053	0.233259	0.0222598	0.13753	0.060999	0.0152619	0.00421042	0.0199656	0.0221043	0.0522482	0.082502	0.194836	0.00237924	0.00931778
149	0.0671193	0.00237288	0.00797212	0.0291995	0.000775094	0.0112115	0.0296933	0.00852025	0.253038	0.015872	0.0136949	0.0130001	0.00211659	0.0783947	0.347986	0.0687473	0.025101	0.0129129	0.0037389	0.00853418
150	0.0929968	0.00876071	0.00749246	0.0145268	0.0269348	0.0329464	0.102696	0.0106852	0.0218661	0.023116	0.00537788	0.0800503	0.00605246	0.0384389	0.0374114	0.298033	0.12995	0.0251023	0.00111739	0.0364449
151	0.00912736	0.00114019	0.00151827	0.00113862	0.0521299	0.00103711	0.00413829	0.476909	0.00557799	0.17111	0.0555087	0.00196025	0.000526782	0.00630718	0.00158176	0.00948771	0.00898827	0.188644	0.000519594	0.00264949
152	0.122542	0.00546289	0.0709499	0.0821625	0.0032395	0.0315368	0.0124675	0.00904774	0.0386627	0.013644	0.00675878	0.0549366	0.332159	0.0291804	0.0231742	0.0932364	0.0384681	0.020687	0.00117872	0.0105051
153	0.00978685	0.000935659	0.00109615	0.00177235	0.0410882	0.000934829	0.00478135	0.45999	0.00436767	0.205418	0.0466789	0.00169256	0.000550653	0.00569422	0.00117633	0.0101155	0.00919205	0.189594	0.000234087	0.00490059
154	0.170182	0.0158253	0.0139093	0.0189046	0.0184654	0.0757692	0.0282103	0.0186278	0.0354292	0.0452173	0.00910922	0.05192	0.0265324	0.0256205	0.0257904	0.246749	0.124597	0.0314667	0.000900795	0.0167732
155	0.0517644	0.00367567	0.00486694	0.00688623	0.00980736	0.67461	0.00865053	0.00497713	0.0283038	0.00834352	0.0214003	0.016353	0.0101883	0.0144358	0.0483365	0.0577791	0.0123462	0.0109488	0.00160877	0.00471794
156	0.0293839	0.00949052	0.00887993	0.0145723	0.00250098	0.00699388	0.0192737	0.00670238	0.176096	0.0118067	0.00933889	0.00808373	0.00190044	0.0500872	0.526925	0.0539515	0.0153078	0.0124353	0.0294931	0.00677596
157	0.0238214	0.00134848	0.646726	0.102064	0.00121436	0.00174165	0.0183108	0.00341	0.00529318	0.00430978	0.00180017	0.103577	0.000980973	0.0218656	0.00223428	0.020486	0.0301688	0.00268407	0.000443452	0.00751929
158	0.00825758	0.00085693	0.00089628	0.000807296	0.0377218	0.00085095	0.00363924	0.511573	0.00464482	0.164514	0.0480952	0.00166382	0.000420601	0.00592481	0.000998236	0.00836174	0.00779309	0.190888	0.000221646	0.00186986
159	0.0149907	0.0159156	0.00476406	0.00484936	0.00285313	0.0179107	0.00335728	0.00513976	0.0130283	0.0110797	0.00188719	0.00922718	0.014823	0.0112547	0.00218375	0.294013	0.56037	0.00977466	0.000489091	0.0020885
160	0.0557923	0.0102914	0.00287127	0.00567343	0.0804908	0.0197083	0.0734257	0.0182036	0.0199768	0.0473928	0.0149206	0.135815	0.0027644	0.129564	0.0244512	0.180208	0.0431394	0.0179872	0.00155244	0.115772
161	0.0148703	0.0136139	0.00480337	0.00241357	0.33777	0.011256	0.0398241	0.00490735	0.00383053	0.0360933	0.0140764	0.00715497	0.00341798	0.0059948	0.00773309	0.0129418	0.0124989	0.0115362	0.0253337	0.42993
162	0.0215872	0.0113457	0.000813347	0.00083028	0.00212018	0.000953449	0.000999715	0.445954	0.00106229	0.0226672	0.00445398	0.00144432	0.000412782	0.00464534	0.00173204	0.00627793	0.0113564	0.459515	0.000232844	0.00159602
163	0.0903457	0.00861242	0.00916033	0.0193537	0.016319	0.00924662	0.0427509	0.049817	0.0668021	0.237523	0.109277	0.0230382	0.00665491	0.116559	0.0275303	0.0712626	0.0349677	0.0408379	0.00706406	0.0128782
164	0.0305041	0.00911376	0.0546476	0.0695238	0.00442309	0.0196291	0.0604679	0.00548346	0.0736585	0.0188108	0.00850134	0.160639	0.0029563	0.21745	0.035226	0.147815	0.0405087	0.00496048	0.00367825	0.0320034
165	0.0202044	0.00248074	0.0131822	0.00911995	0.119537	0.00277154	0.00346498	0.10755	0.00722407	0.359095	0.207132	0.00622016	0.00116266	0.00481077	0.00585372	0.0362587	0.0279051	0.0390877	0.0155144	0.011425
166	0.0169379	0.000809658	0.00432417	0.0109123	0.0268334	0.000920182	0.0012018	0.0740323	0.00318499	0.627321	0.136793	0.00527134	0.000505538	0.0015604	0.00494085	0.00916504	0.0107144	0.0487522	0.00388382	0.0119357
167	0.0396618	0.00502126	0.0224146	0.0227953	0.00143663	0.00865269	0.0212942	0.00595931	0.234681	0.0103622	0.0160202	0.0159021	0.0035285	0.0676137	0.423783	0.0451566	0.016903	0.0173064	0.0118799	0.00962739
168	0.0391044	0.000552172	0.284532	0.471849	0.000486173	0.0107803	0.00847999	0.000753914	0.0236518	0.00630197	0.0040653	0.0250023	0.00400873	0.048089	0.0157688	0.0219376	0.0172252	0.0147834	0.000183573	0.0024443
169	0.0340756	0.0378848	0.0124583	0.0152734	0.0137323	0.0170246	0.159151	0.0168638	0.0685353	0.0169626	0.00934846	0.0508163	0.00490488	0.119738	0.23744	0.0735037	0.0239972	0.0133606	0.015556	0.0593732
170	0.0313386	0.00452056	0.0487934	0.110345	0.00656342	0.279559	0.0203212	0.00700046	0.0529699	0.00877134	0.0101023	0.18043	0.00484921	0.0311349	0.0244021	0.100442	0.0340167	0.0081485	0.00404869	0.0322424
171	0.0537413	0.00687576	0.00684883	0.249978	0.0277828	0.00634872	0.0284386	0.161777	0.0195554	0.043625	0.0350043	0.0529632	0.0438128	0.0168351	0.0391522	0.0715459	0.0523897	0.0754713	0.0014194	0.00643424
172	0.124765	0.00400566	0.0290698	0.0331985	0.000909164	0.0917274	0.0195033	0.00950916	0.0875636	0.0223493	0.00577745	0.131344	0.126866	0.024994	0.0422885	0.166933	0.0597142	0.013282	0.000313423	0.0058865
173	0.00931322	0.00152996	0.00114053	0.000812253	0.0350976	0.000864612	0.00335565	0.508766	0.00444757	0.150817	0.0466927	0.00172851	0.000434669	0.00569476	0.00125832	0.00809607	0.00981495	0.207661	0.000216528	0.00225823
174	0.145197	0.00228075	0.015638	0.0363202	0.00168961	0.0178832	0.0056206	0.00444808	0.020107	0.0104264	0.00307126	0.0439932	0.519046	0.0156489	0.0112398	0.0838802	0.0311235	0.0241652	0.0004297	0.00779102
175	0.157965	0.0013866	0.00437156	0.0220698	0.00133902	0.00224567	0.0026466	0.00238325	0.00424062	0.00919977	0.00149233	0.0214567	0.626133	0.0114245	0.00369288	0.0662578	0.0248973	0.0286739	0.000391059	0.00773206
176	0.0388592	0.000598967	0.323258	0.434959	0.000574436	0.00951055	0.010118	0.000935376	0.0210468	0.00575661	0.00359158	0.031106	0.00358838	0.0450789	0.0138526	0.0226966	0.018334	0.013345	0.000224685	0.00256516
177	0.0466238	0.000975632	0.260206	0.42625	0.000860154	0.012932	0.0066084	0.00114813	0.0281643	0.0127974	0.0113783	0.0279084	0.00896775	0.056228	0.0250241	0.0272455	0.0269451	0.0154226	0.000393321	0.00392196
178	0.197583	0.0128161	0.00531592	0.0195799	0.0066233	0.0191974	0.0071194	0.0771569	0.0368057	0.0477175	0.0156714	0.0258598	0.00563734	0.0603394	0.0429116	0.270693	0.0821656	0.0576353	0.000775073	0.00839682
179	0.0301753	0.00212075	0.00448765	0.00934476	0.0335814	0.00256139	0.00423511	0.046418	0.0156768	0.53333	0.18746	0.0229424	0.00125369	0.00583611	0.0221205	0.0132182	0.0107156	0.0335302	0.00309863	0.017894
180	0.0435442	0.00121549	0.262587	0.418028	0.000897675	0.0175238	0.00650339	0.00140593	0.0461752	0.00829766	0.0066038	0.0227652	0.00863844	0.0653997	0.0334477	0.0210186	0.0159323	0.0128882	0.000401822	0.00672583
181	0.0347462	0.0147321	0.0068424	0.000791342	0.0110887	0.00068676	0.000903667	0.290703	0.00397657	0.0689275	0.0687953	0.00719214	0.000476719	0.00151677	0.00561494	0.00942357	0.0571664	0.402098	0.00018318	0.0141346
182	0.256823	0.25226	0.00277674	0.00436895	0.00292059	0.0393129	0.00383337	0.0284173	0.00402659	0.0111429	0.00465834	0.0051692	0.0151051	0.00502508	0.0142097	0.322328	0.0119253	0.0114106	0.00107616	0.00320975
183	0.0756061	0.0023471	0.0195602	0.0483175	0.00110565	0.015956	0.0289207	0.00830753	0.215777	0.0158621	0.0139676	0.0172327	0.0021714	0.0974225	0.322863	0.0626051	0.0256352	0.0133083	0.00301474	0.0100195
184	0.0766929	0.00187696	0.00596076	0.0301442	0.000737264	0.0123697	0.0318814	0.00934665	0.229291	0.0172508	0.0145796	0.0128888	0.000777715	0.0848454	0.345084	0.0715076	0.0287166	0.0138132	0.0026602	0.00957522
185	0.02119	0.0102703	0.000701978	0.000845047	0.00361848	0.000947199	0.00110095	0.45991	0.00144059	0.0275293	0.00509331	0.00132748	0.000406457	0.00511744	0.00160887	0.00610402	0.00972799	0.44155	0.000224015	0.00128679
186	0.0673261	0.00599342	0.0148463	0.0324519	0.00718147	0.0128424	0.0287001	0.024373	0.229289	0.0507223	0.0240912	0.0209557	0.00545079	0.0671922	0.27001	0.0622888	0.0299493	0.0187187	0.0110665	0.0165515
187	0.0849476	0.00937155	0.0271585	0.120549	0.0117772	0.0118817	0.014362	0.0612517	0.0429296	0.165063	0.0373603	0.034159	0.00934935	0.0882812	0.0404236	0.0631638	0.10597	0.0521499	0.00711138	0.0127392
188	0.0620901	0.00199569	0.0332989	0.0336367	0.00138403	0.0149996	0.0198952	0.00541496	0.337932	0.0101554	0.0355914	0.0329983	0.00680654	0.0805674	0.217926	0.0479321	0.02627	0.0163898	0.00141799	0.013298
189	0.00323652	0.0240729	0.00701244	0.00511048	0.137937	0.0140994	0.110463	0.00200237	0.00368304	0.0042444	0.00159644	0.0248464	0.0121682	0.0107375	0.0146033	0.0191581	0.0202185	0.0032479	0.023885	0.557677
190	0.0348545	0.347757	0.00574351	0.00560156	0.00432583	0.156284	0.00578863	0.0102577	0.00746021	0.0290902	0.00493058	0.0121661	0.00439618	0.0100656	0.00853994	0.29686	0.0402094	0.00866704	0.00131983	0.00568325
191	0.0157397	0.0161002	0.00666265	0.00527143	0.271661	0.0225546	0.0502577	0.00609378	0.0161945	0.0291425	0.0119702	0.014807	0.00513845	0.0113129	0.0116282	0.0215807	0.0164234	0.011796	0.0243624	0.431303
192	0.0443948	0.0447655	0.00753133	0.00422231	0.00977322	0.0035156	0.00360431	0.250587	0.00732141	0.0576957	0.0514248	0.0214893	0.00192475	0.00497181	0.00710979	0.0261091	0.115928	0.325543	0.000800409	0.0112877
