207	20
1	0.0448028	0.00066305	0.000732898	0.0060965	0.128077	0.0121112	0.00063428	0.198905	0.00076846	0.319516	0.0711572	0.00102027	0.000737325	0.00238087	0.00731973	0.00395803	0.0252724	0.168946	0.00268636	0.00421514
2	0.0451798	0.000271762	0.00440248	0.015828	0.00101886	0.00821256	0.00959943	0.0112682	0.484947	0.00486424	0.00766304	0.0129872	0.000378918	0.0156937	0.350743	0.0133787	0.00572132	0.00166872	0.000346984	0.00582591
3	0.103078	0.00145174	0.00299456	0.0246232	0.00463381	0.0582386	0.0050672	0.0334934	0.00299552	0.0258771	0.0485197	0.00863073	0.00131254	0.0146069	0.00322857	0.181837	0.326915	0.145926	0.00446491	0.00210524
4	0.257527	0.000880607	0.0014609	0.00225878	0.18638	0.0628688	0.00127004	0.0478835	0.0017994	0.0434359	0.0263376	0.00186978	0.00108764	0.0023851	0.00270066	0.0183168	0.117828	0.151382	0.0371893	0.0351386
5	0.0593354	0.00047911	0.000446427	0.00215266	0.0739413	0.026216	0.000400073	0.175947	0.000512148	0.337474	0.0847764	0.000530252	0.000624023	0.00277898	0.00245636	0.00503836	0.020643	0.194263	0.00401033	0.00797476
6	0.02501	0.00162187	0.00179072	0.00464895	0.11803	0.00692755	0.00203033	0.163095	0.00211649	0.423311	0.117152	0.00271939	0.00144585	0.00418699	0.0233508	0.0123741	0.0173434	0.0624009	0.00308465	0.00736072
7	0.00862753	0.0015623	0.000653941	0.000910119	0.0616814	0.00119847	0.000623767	0.0513795	0.00064272	0.603138	0.22375	0.000849498	0.000383807	0.00193113	0.00212449	0.0182684	0.00418552	0.0110338	0.00339776	0.0036576
8	0.418549	0.00110579	0.00246329	0.00484565	0.0474667	0.218777	0.00137397	0.035422	0.00178937	0.0303577	0.011632	0.00521939	0.00135185	0.00594969	0.00376495	0.0695216	0.0818416	0.0521359	0.00335931	0.0030729
9	0.247757	0.00546042	0.000504162	0.000676066	0.0493953	0.147576	0.000393886	0.0717195	0.000503303	0.178093	0.0220438	0.000561164	0.000286062	0.000743418	0.000733476	0.0489915	0.0355288	0.172718	0.015316	0.000999816
10	0.00787647	0.00156844	0.000599143	0.000927829	0.0626106	0.00115843	0.000580855	0.050588	0.00066305	0.615469	0.212894	0.000824267	0.000390028	0.00194834	0.00213799	0.0186699	0.00336626	0.0105184	0.00329311	0.00391629
11	0.103906	0.00108319	0.00136789	0.0093641	0.00253278	0.107998	0.00132072	0.0734322	0.00126057	0.00760438	0.0561226	0.0141706	0.00094478	0.00253341	0.00244893	0.211829	0.265208	0.117017	0.0182067	0.00164864
12	0.218861	0.00330167	0.00171807	0.00262919	0.0408337	0.280012	0.00076335	0.0845029	0.000665765	0.110579	0.0155444	0.000923293	0.00140764	0.00215725	0.00111779	0.0287422	0.0141078	0.186488	0.00405475	0.00159123
13	0.0108728	0.00159499	0.000274685	0.000473306	0.0221397	0.000651859	0.000267283	0.248659	0.000483488	0.589724	0.0573661	0.000389568	0.000161123	0.000777624	0.000895765	0.0017326	0.00145015	0.0598197	0.000441121	0.00182479
14	0.0073756	0.002588	0.000254342	0.000438042	0.0212086	0.000607496	0.000279777	0.214957	0.000302086	0.614507	0.0721747	0.000326034	0.00017687	0.000866008	0.000648238	0.00163645	0.00174127	0.0560856	0.00135426	0.00247354
15	0.0457329	0.000641498	0.000617176	0.00144925	0.0447504	0.0260484	0.000667493	0.187437	0.000686597	0.268605	0.138055	0.00102222	0.000516168	0.00489201	0.00174836	0.0046929	0.0259056	0.219941	0.00745306	0.0191382
16	0.247941	0.00542969	0.0005055	0.000676123	0.0494788	0.147414	0.000394772	0.0717232	0.00050335	0.17793	0.0220648	0.000559563	0.000285231	0.000744961	0.000731361	0.0489787	0.0356463	0.172575	0.0153763	0.0010413
17	0.0722685	0.00695188	0.00126725	0.00188941	0.064004	0.0122468	0.000835197	0.366063	0.000908569	0.200375	0.0239788	0.00131098	0.00450127	0.00163334	0.00151616	0.0104213	0.00413122	0.22368	0.000776603	0.00124096
18	0.245672	0.0444479	0.0232731	0.005768	0.0251469	0.160649	0.0152966	0.0148562	0.00369466	0.0217387	0.0129739	0.00658659	0.022902	0.00880987	0.015405	0.165446	0.0222813	0.0266163	0.0747698	0.0836662
19	0.0781224	0.000833051	0.0418927	0.00228659	0.0170543	0.299678	0.0146464	0.00372521	0.0281957	0.0253935	0.0249871	0.0541952	0.00089249	0.0660424	0.0514381	0.037462	0.00405266	0.00467444	0.0289112	0.215516
20	0.235978	0.000888073	0.00153541	0.00234125	0.0235251	0.0027816	0.00131368	0.0371426	0.00149719	0.209281	0.134429	0.00220347	0.00126935	0.0133178	0.0129088	0.046318	0.0263616	0.122283	0.0599188	0.0647055
21	0.00426607	0.000139349	0.000228443	0.000663646	0.133023	0.000415729	0.000248899	0.412621	0.000242451	0.279158	0.0733877	0.00031592	0.000162864	0.000398386	0.000997002	0.000687954	0.00652552	0.0857296	0.00013635	0.000652085
22	0.254064	0.000739638	0.000962983	0.00133671	0.0263347	0.00307584	0.000924363	0.126841	0.000958079	0.192047	0.195109	0.00133949	0.014956	0.00184948	0.00175993	0.0452824	0.017789	0.111212	0.00152096	0.00189744
23	0.0478101	0.000393187	0.000554055	0.0018664	0.057456	0.0216178	0.000579968	0.190089	0.000707317	0.276118	0.120089	0.000856018	0.000503703	0.00542368	0.00221257	0.00438173	0.0337742	0.209182	0.0092136	0.0171726
24	0.0033127	0.000132318	0.000230438	0.000473562	0.128131	0.000441641	0.000241215	0.427997	0.000243577	0.275496	0.0714881	0.000318789	0.000154195	0.000404284	0.000681431	0.000687372	0.00625121	0.0825561	0.000133531	0.000625581
25	0.119246	0.00543419	0.00288145	0.0040065	0.264074	0.169392	0.00260784	0.0552327	0.00259162	0.0863567	0.0839439	0.00356056	0.00144992	0.00473008	0.00367853	0.0165153	0.00983229	0.0766804	0.0139506	0.073836
26	0.0376527	0.000757756	0.00149981	0.00244063	0.338376	0.0291645	0.0013228	0.0353581	0.00155103	0.456515	0.0049431	0.00190534	0.000899749	0.00247462	0.00339158	0.00431073	0.0357423	0.0389666	0.00084725	0.00188027
27	0.0682199	0.000252697	0.000428017	0.000843601	0.062983	0.0391645	0.000359213	0.133477	0.000476628	0.466931	0.0133466	0.00055737	0.0011337	0.000775514	0.000964921	0.0019572	0.00599683	0.201291	0.000341475	0.000500319
28	0.00428589	0.000139193	0.000230882	0.000664032	0.133283	0.000413961	0.000256784	0.412284	0.000242955	0.279106	0.0734339	0.000315441	0.000162884	0.000397756	0.00102988	0.000684757	0.00652316	0.0857636	0.000139407	0.000641849
29	0.602559	0.000610809	0.00101467	0.0169498	0.00527771	0.108198	0.000749346	0.0187593	0.00108109	0.00261537	0.00180531	0.00159512	0.00242544	0.00407341	0.00459426	0.193244	0.00641047	0.0235503	0.0035933	0.000893608
30	0.241491	0.00765072	0.000611164	0.000932305	0.039801	0.168607	0.000458718	0.0750693	0.00055632	0.178189	0.0248464	0.000678372	0.000415852	0.00100182	0.000801591	0.0426119	0.0313703	0.172841	0.0114077	0.000658804
31	0.217719	0.00298802	0.00156301	0.00246741	0.0429951	0.284002	0.000800548	0.0870746	0.000680862	0.107259	0.0145371	0.000972933	0.00134532	0.0019958	0.00125961	0.0279162	0.0133289	0.185729	0.00378862	0.00157662
32	0.0177152	0.00149125	0.00243412	0.00400532	0.0449148	0.0446321	0.00223686	0.0910868	0.00303532	0.198035	0.227471	0.00306511	0.0195676	0.0417062	0.00468507	0.0483131	0.161026	0.05198	0.00241698	0.0301824
33	0.0850665	0.00407881	0.00561845	0.0139891	0.00634559	0.0316291	0.0060585	0.101979	0.00577908	0.017941	0.0257788	0.29267	0.00473479	0.0134775	0.00806174	0.180575	0.102782	0.0812365	0.00638412	0.00581461
34	0.0706081	0.00803251	0.000896395	0.00152001	0.329977	0.121974	0.00102807	0.0549962	0.000999662	0.108564	0.0412683	0.00139684	0.0007871	0.00184392	0.00159946	0.0160452	0.00258609	0.119415	0.0214584	0.0950042
35	0.0704436	0.00760548	0.000900572	0.00143116	0.330077	0.123751	0.00103284	0.0566561	0.00101678	0.105398	0.0410054	0.00139303	0.000796173	0.00175169	0.0015274	0.0166534	0.00242277	0.118045	0.0206091	0.0974843
36	0.308294	0.00269153	0.00160766	0.0028407	0.0040078	0.0683587	0.00130466	0.00463217	0.00181003	0.029161	0.0289172	0.00370227	0.000918612	0.0155487	0.00316443	0.387399	0.102693	0.0303743	0.00093896	0.00163634
37	0.014544	0.002384	0.00329628	0.0218018	0.295107	0.00622557	0.00272936	0.00736776	0.0186706	0.00893192	0.0100582	0.00385542	0.00222976	0.00458959	0.0202882	0.00786558	0.00816008	0.0307788	0.287529	0.243587
38	0.0116703	0.0017473	0.00271679	0.0229123	0.339911	0.00475704	0.00230048	0.00575869	0.0197954	0.00710624	0.00692183	0.00283336	0.00175959	0.00437001	0.021914	0.00685509	0.00677048	0.0235834	0.260252	0.246065
39	0.0113777	0.00161935	0.00228591	0.00350513	0.151266	0.0223451	0.00218628	0.00596406	0.00276192	0.0233429	0.0238854	0.197339	0.00143189	0.0434414	0.00353024	0.00655715	0.00632029	0.0234612	0.00152327	0.465855
40	0.496408	0.00233076	0.0016162	0.0133683	0.00582598	0.130995	0.00139979	0.011624	0.00175343	0.00900602	0.00956037	0.0035742	0.00264426	0.0093077	0.0043282	0.229788	0.0338455	0.0249544	0.00503813	0.00263215
41	0.074033	0.00159601	0.115643	0.219182	0.0031641	0.0987919	0.0515591	0.00772706	0.0431297	0.0114388	0.00641961	0.0568578	0.00342876	0.0762901	0.114865	0.0797484	0.0171726	0.00877095	0.00206832	0.00811444
42	0.00878966	0.000872759	0.0404988	0.0155258	0.00328319	0.00416616	0.00201961	0.00508995	0.484183	0.00582663	0.00445707	0.0027107	0.00140426	0.0410341	0.15676	0.127326	0.0876088	0.00546115	0.00100239	0.00197937
43	0.0751464	0.000648628	0.00119464	0.00150271	0.0121711	0.00190577	0.000821179	0.319703	0.00757583	0.330527	0.123889	0.00137314	0.000710647	0.0159425	0.0172493	0.0304629	0.0109648	0.0269663	0.00614661	0.0150984
44	0.394981	0.0677053	0.00258162	0.00387032	0.0122507	0.0103724	0.00223208	0.0839671	0.0026712	0.0148686	0.00558188	0.00334739	0.00154906	0.00458516	0.00396708	0.00741852	0.00689983	0.349098	0.00157391	0.0204791
45	0.00803666	0.00166394	0.000242503	0.000431279	0.0263781	0.00071375	0.000260551	0.255684	0.000307378	0.583121	0.0556408	0.000350409	0.000168148	0.000503841	0.000543501	0.000974946	0.00135533	0.0621175	0.000303863	0.00120236
46	0.22011	0.000728817	0.0014658	0.00231073	0.00188466	0.0120688	0.00119674	0.0130917	0.192857	0.0185912	0.0361829	0.0137826	0.00107377	0.00264927	0.269284	0.16985	0.0365272	0.00393139	0.000821562	0.0015919
47	0.0668865	0.00179777	0.00392944	0.00556766	0.0332078	0.00705667	0.170558	0.00794348	0.00335198	0.0385606	0.0515357	0.057285	0.00309843	0.0422328	0.0056647	0.129329	0.167201	0.0360587	0.002555	0.166179
48	0.0157912	0.00035042	0.031242	0.0256079	0.000979851	0.432116	0.0369989	0.00152527	0.06539	0.00169828	0.00184688	0.189968	0.00046488	0.0387737	0.125471	0.0270069	0.00168643	0.00191861	0.000405719	0.000758159
49	0.638077	0.000636997	0.00072672	0.00409899	0.00441555	0.142351	0.000775239	0.0102662	0.000756465	0.00592523	0.00502568	0.00218348	0.00246751	0.00322474	0.0044881	0.0994398	0.0256852	0.0413467	0.00720706	0.000902245
50	0.00590812	0.000763726	0.00158126	0.0411108	0.0123146	0.00281509	0.0240203	0.0243218	0.0881088	0.00439208	0.00341319	0.00185945	0.000843334	0.286416	0.417586	0.00425315	0.00371385	0.0464101	0.000614183	0.0295543
51	0.0135383	0.00147381	0.0222739	0.153665	0.00431646	0.00538815	0.0037522	0.0263451	0.0426767	0.0656675	0.0251484	0.00344595	0.411663	0.1235	0.0232377	0.0111823	0.00659331	0.04595	0.00519373	0.00498893
52	0.00492415	0.000552801	0.0132693	0.00138846	0.00160177	0.00926569	0.000836611	0.41166	0.0207181	0.180101	0.240795	0.00121743	0.000604557	0.015945	0.00169034	0.00299681	0.0395085	0.0511715	0.000650082	0.00110265
53	0.0120422	0.000624936	0.0011694	0.00166912	0.0016739	0.00182604	0.000807711	0.390328	0.00100667	0.169699	0.00357158	0.00116943	0.000623501	0.00160657	0.00474392	0.0030459	0.102638	0.299702	0.000536795	0.00151501
54	0.112863	0.000182747	0.0506426	0.197887	0.0029722	0.0341891	0.0135983	0.0151096	0.0750064	0.0294599	0.0123645	0.0170849	0.000386723	0.147128	0.206514	0.0403939	0.0222671	0.0117973	0.00254943	0.00760336
55	0.0427117	0.00107697	0.116846	0.209177	0.00141113	0.043186	0.0298908	0.00509665	0.0793353	0.0100685	0.00430514	0.0683179	0.000335322	0.133447	0.174226	0.0449824	0.0162561	0.00950112	0.000869751	0.00895905
56	0.00890192	0.00331917	0.000479038	0.000730472	0.0169606	0.00179924	0.000457041	0.101309	0.000555546	0.648092	0.140073	0.000635971	0.000288662	0.00357434	0.00111729	0.00583499	0.00517286	0.047432	0.00784122	0.00542609
57	0.154689	0.0564083	0.000967313	0.00126635	0.00148375	0.00240207	0.000867833	0.00849538	0.00163197	0.015765	0.00239772	0.00136219	0.00056536	0.00192116	0.0157592	0.475782	0.22063	0.0359922	0.000555662	0.00105714
58	0.111094	0.000168277	0.0500394	0.190809	0.00306797	0.034851	0.0143681	0.0154416	0.0776026	0.0312722	0.0130368	0.0182028	0.000197805	0.147907	0.205794	0.0402684	0.0235126	0.0118084	0.00263876	0.00791924
59	0.0558752	0.000562796	0.0014252	0.028924	0.00202803	0.00265405	0.00149624	0.00314811	0.131194	0.00418397	0.00290135	0.110363	0.00113375	0.0897774	0.502019	0.0338117	0.0220871	0.00370172	0.000930668	0.00178367
60	0.404677	0.00195589	0.00517731	0.00822283	0.013442	0.243776	0.00208067	0.0171295	0.00218582	0.037839	0.0152116	0.0261319	0.00251514	0.0291838	0.00652057	0.065419	0.0559445	0.0559919	0.0025046	0.00409131
61	0.017392	0.000447416	0.0335626	0.0308561	0.00112888	0.440734	0.030547	0.00150164	0.0599679	0.00191302	0.00188861	0.190278	0.000445123	0.041601	0.110566	0.0320397	0.00182741	0.00202472	0.000460886	0.000817709
62	0.00936599	0.000486605	0.0114825	0.00130716	0.0020414	0.00795242	0.000768123	0.403789	0.0211076	0.197482	0.229886	0.00105242	0.000596037	0.0163927	0.00255768	0.00472835	0.0366259	0.0493312	0.00107618	0.00197202
63	0.0682636	0.00327155	0.020636	0.0460041	0.00796999	0.0149477	0.0164446	0.0158077	0.0129363	0.0587824	0.0178534	0.0124582	0.442026	0.0724222	0.0175102	0.109388	0.0206732	0.0266774	0.00811012	0.00781706
64	0.0644012	0.00181553	0.00357536	0.00479596	0.00472488	0.00690347	0.00321671	0.0566521	0.188198	0.0101906	0.359048	0.00483173	0.103443	0.030029	0.0292914	0.00986856	0.0548597	0.0575983	0.00230777	0.00424929
65	0.0634224	0.00261518	0.0268788	0.054833	0.00652507	0.0163765	0.0175375	0.0141278	0.0106733	0.0305161	0.0201763	0.0119319	0.544599	0.0437337	0.0144767	0.0549916	0.0160348	0.0258682	0.0140057	0.0106761
66	0.0464354	0.000272764	0.00429402	0.0160224	0.000942714	0.00842001	0.00988502	0.0113538	0.479985	0.00485457	0.00778704	0.0121889	0.000317613	0.0148832	0.356103	0.0129524	0.0054334	0.00159492	0.00035412	0.00592032
67	0.00707898	0.000538915	0.000824588	0.00103512	0.00134021	0.00124073	0.000628739	0.412038	0.000741777	0.207034	0.00265111	0.000919107	0.000437159	0.00118642	0.00597508	0.00228839	0.0602005	0.292483	0.000550607	0.00080813
68	0.0816055	0.0560339	0.0024854	0.00382495	0.183614	0.04255	0.0214348	0.00704319	0.00256253	0.0249901	0.0712822	0.00423673	0.00160096	0.00508258	0.00362304	0.00877588	0.0244435	0.0298079	0.0137484	0.411255
69	0.00654107	0.000531198	0.000779252	0.00103544	0.00117826	0.00119497	0.000638079	0.420832	0.000713808	0.203178	0.00288001	0.000935818	0.000415827	0.00115345	0.00605953	0.00213366	0.0569597	0.291514	0.000527011	0.000798953
70	0.109978	0.00500797	0.00559225	0.0105508	0.00879401	0.00762672	0.00173525	0.280289	0.00185364	0.0990042	0.120653	0.00640011	0.00205853	0.00366838	0.00277738	0.0427993	0.0563019	0.212462	0.00228939	0.0201586
71	0.0272943	0.00129623	0.351743	0.150936	0.00381528	0.00506856	0.0830027	0.00527839	0.00224333	0.00641781	0.00566625	0.110256	0.165618	0.0523709	0.00372325	0.00762062	0.00643776	0.00673855	0.00191851	0.00255571
72	0.145585	0.00133343	0.00230105	0.0355376	0.00403896	0.00397904	0.0310575	0.0397833	0.00207085	0.0366675	0.0218387	0.0189393	0.00173922	0.167496	0.00323527	0.12192	0.26197	0.0965383	0.00129444	0.00267495
73	0.254241	0.00430933	0.00864356	0.0124679	0.0125432	0.0181215	0.0073156	0.0348275	0.00888397	0.0480064	0.0872064	0.00908066	0.297206	0.0144328	0.0127272	0.0460182	0.0223176	0.0890995	0.00589603	0.00665627
74	0.0491953	0.00346433	0.0402447	0.0237429	0.0142514	0.0424596	0.112846	0.0189238	0.0216986	0.0202522	0.0138161	0.40035	0.011229	0.0244306	0.0425315	0.0863383	0.0285936	0.0200573	0.00358097	0.0219939
75	0.561184	0.00489101	0.00684923	0.0132531	0.00975795	0.114415	0.00391309	0.0180453	0.00687662	0.0247576	0.0126737	0.00699382	0.00804925	0.0100265	0.0145994	0.102872	0.0237202	0.046765	0.00595468	0.00440268
76	0.052463	0.00375584	0.00413718	0.00631057	0.239536	0.039132	0.00407227	0.101628	0.00378885	0.312189	0.0603353	0.00522017	0.00296638	0.00528596	0.0100983	0.0168926	0.025383	0.0694156	0.00813985	0.0292503
77	0.251537	0.0802129	0.0064858	0.0135383	0.0157228	0.0331591	0.00868631	0.0203355	0.00861785	0.0248664	0.0166746	0.0104113	0.00648929	0.0150986	0.0164263	0.235266	0.155325	0.0619722	0.00522422	0.0139508
78	0.0785894	0.00527948	0.00667307	0.0123416	0.0167521	0.0345748	0.00535883	0.0928452	0.00626248	0.0412987	0.0545306	0.00845947	0.00460141	0.0156595	0.00910338	0.0759129	0.382346	0.137605	0.00418148	0.00762428
79	0.168402	0.00424822	0.0167481	0.0237125	0.0237964	0.324787	0.0127425	0.0281283	0.0221231	0.0417832	0.0224798	0.0527616	0.00565783	0.0279759	0.0390568	0.0726396	0.0394899	0.0525732	0.00666413	0.0142304
80	0.0383372	0.00144454	0.00988559	0.0333138	0.00317323	0.0195952	0.0487944	0.0127292	0.307561	0.0168241	0.0117194	0.0236399	0.00087426	0.0441522	0.371081	0.0152281	0.00911171	0.0102377	0.000999246	0.0212989
81	0.00495637	0.000587998	0.419939	0.00789802	0.00162129	0.017107	0.00115572	0.00284871	0.00114838	0.00325964	0.0027025	0.236196	0.0241012	0.00217922	0.0016861	0.185733	0.0819045	0.00301286	0.000756086	0.0012054
82	0.0667666	0.00254661	0.0118156	0.140202	0.00784449	0.0133021	0.046526	0.0142468	0.00840342	0.0214003	0.0129444	0.00927135	0.403739	0.0594021	0.00982357	0.0229238	0.0128512	0.0198036	0.0747352	0.0414518
83	0.0486464	0.00042611	0.139979	0.384637	0.00134819	0.0191465	0.00971918	0.00773252	0.11188	0.00243927	0.0073895	0.0433417	0.00214917	0.152908	0.0166857	0.0375599	0.00348729	0.00888734	0.000472896	0.00116509
84	0.00434068	0.00037548	0.000901052	0.00135372	0.00152393	0.00180971	0.571877	0.00239911	0.0148936	0.00268779	0.00208461	0.324477	0.000575962	0.00176059	0.0303584	0.016978	0.00267937	0.00286713	0.000639338	0.0154178
85	0.609423	0.000714698	0.000886173	0.00755256	0.00483089	0.165431	0.00079715	0.00760338	0.000849354	0.00315011	0.00251984	0.0018722	0.00558086	0.00261588	0.00316413	0.142938	0.0111524	0.0223325	0.00539965	0.00118725
86	0.238864	0.00189115	0.00334925	0.00555365	0.00476232	0.00606522	0.00334181	0.00798591	0.027854	0.0105923	0.00924324	0.00498048	0.00326275	0.00619812	0.00550188	0.16281	0.093689	0.397859	0.00186838	0.00432832
87	0.00355563	0.000322946	0.000525694	0.000846213	0.00289465	0.00105639	0.000539707	0.570351	0.000580279	0.066093	0.0149834	0.000768958	0.000376057	0.000936901	0.00155127	0.00168649	0.0101816	0.321856	0.000300916	0.000592807
88	0.334743	0.165866	0.00304867	0.00469521	0.0131588	0.0342975	0.0034457	0.0361357	0.00370192	0.01852	0.00924225	0.00474646	0.00242721	0.00601704	0.00535774	0.0106356	0.0113011	0.320955	0.00237679	0.00932839
89	0.310368	0.0877572	0.00231808	0.00293893	0.0181874	0.0114392	0.00240872	0.0508059	0.00224704	0.0206018	0.00459796	0.00280264	0.00146325	0.0034753	0.00283022	0.00654052	0.00658593	0.451315	0.00110132	0.0102155
90	0.136286	0.032506	0.00667735	0.00986471	0.00630186	0.0216261	0.00404966	0.0129673	0.00886919	0.0194029	0.0165259	0.0128463	0.00267766	0.0143978	0.0139412	0.391913	0.246297	0.0379492	0.00153836	0.0033632
91	0.0726343	0.000996186	0.023712	0.179062	0.00225231	0.00322595	0.00125299	0.0252489	0.034145	0.00455073	0.00358217	0.0133213	0.012036	0.126659	0.0781778	0.0904367	0.29984	0.0262486	0.000959441	0.00165881
92	0.124198	0.00469915	0.0119807	0.0198964	0.0160432	0.195666	0.00579985	0.0369318	0.00833726	0.0372646	0.0450322	0.015992	0.00610564	0.0197248	0.0123322	0.141717	0.221838	0.0635798	0.00498485	0.00787615
93	0.00914089	0.00187451	0.000313572	0.000509689	0.0189411	0.000891843	0.000294908	0.22884	0.000329032	0.61446	0.058386	0.000378738	0.000242213	0.000762689	0.000566524	0.00123453	0.00139544	0.0592482	0.000784217	0.00140537
94	0.00800374	0.00390879	0.000682228	0.000865494	0.013336	0.00121069	0.00054742	0.0488448	0.000605147	0.669978	0.175208	0.000853082	0.000442908	0.00527811	0.00127305	0.00847687	0.00652273	0.0340433	0.012287	0.00763252
95	0.0227311	0.0034133	0.165091	0.162488	0.00113876	0.0275845	0.0453354	0.00162456	0.061065	0.00552907	0.00150654	0.105329	0.000485883	0.135453	0.177563	0.0467417	0.014301	0.0075185	0.000358414	0.0147413
96	0.0732242	0.000557078	0.00102627	0.00128022	0.010039	0.00174485	0.000846312	0.310696	0.00855949	0.33669	0.117529	0.00124747	0.000557735	0.015019	0.0174004	0.0361615	0.0117319	0.0310128	0.00724086	0.0174361
97	0.0117118	0.0112453	0.00133556	0.00146484	0.0165813	0.00365268	0.00110105	0.0635052	0.00182985	0.615493	0.181997	0.00146919	0.00109247	0.00562135	0.00205541	0.00905687	0.0111332	0.0434342	0.0095307	0.00668922
98	0.00469717	0.000546175	0.404706	0.00846495	0.00146981	0.0146411	0.000958917	0.00263651	0.00116209	0.00301866	0.00248863	0.238457	0.0246265	0.00183519	0.00159873	0.191938	0.0921516	0.00279715	0.000647277	0.00115769
99	0.0236139	0.00566581	0.220791	0.143888	0.00144644	0.0185221	0.0478748	0.00196774	0.0492609	0.00849672	0.00169472	0.104034	0.000708141	0.111501	0.165877	0.0446365	0.0188292	0.00978702	0.000601026	0.020803
100	0.0852687	0.00173033	0.0899153	0.341031	0.00559304	0.0243793	0.0226213	0.0111087	0.0606252	0.0158689	0.0124929	0.0310439	0.0239223	0.122627	0.0687219	0.0396763	0.0211314	0.0137672	0.00267099	0.00580416
101	0.00804649	0.00172059	0.000238921	0.000437518	0.0197073	0.000502215	0.000267671	0.248611	0.000327279	0.601055	0.0534704	0.000353745	0.000163761	0.000439733	0.000542228	0.000881733	0.000950549	0.061033	0.000175384	0.0010755
102	0.340832	0.000394821	0.0222171	0.189286	0.00555536	0.00247104	0.00566679	0.00229637	0.0880846	0.0213274	0.0166782	0.00670504	0.000425838	0.0502821	0.205016	0.0217781	0.0171527	0.00233814	0.000527477	0.000965028
103	0.60377	0.000547576	0.000981241	0.00364378	0.00438902	0.240967	0.000767656	0.00659044	0.000941484	0.00460479	0.00275474	0.00277045	0.00262543	0.00333919	0.00417131	0.0764154	0.0109259	0.023812	0.00482872	0.00115355
104	0.121546	0.0168068	0.0054691	0.0102053	0.0232876	0.0310226	0.0061853	0.151368	0.0127262	0.0936538	0.0327324	0.0110255	0.00599382	0.0138945	0.0139098	0.0469797	0.0525015	0.332848	0.00612539	0.011718
105	0.00658213	0.00146833	0.000223353	0.000395073	0.0386355	0.000473433	0.000297469	0.281987	0.000293136	0.542153	0.0593512	0.000321577	0.000146192	0.000424837	0.000510862	0.000890715	0.00185277	0.0626042	0.000255544	0.00113281
106	0.65181	0.00058861	0.000690969	0.00396554	0.00409048	0.175011	0.000773302	0.00668364	0.000735699	0.00378059	0.00210855	0.00234656	0.00295739	0.00287048	0.00397341	0.094503	0.011047	0.0255348	0.00574174	0.000786847
107	0.0197865	0.00289783	0.00622655	0.00946066	0.00478218	0.0123524	0.516178	0.00837823	0.0174596	0.0112235	0.00901838	0.254977	0.00644547	0.0111575	0.0369146	0.0263434	0.0132341	0.0117397	0.00276853	0.0186564
108	0.0877222	0.00193123	0.0778924	0.344529	0.00792543	0.024854	0.0229316	0.0122721	0.053415	0.0193911	0.0137311	0.027094	0.0213811	0.126847	0.0717602	0.0370874	0.0219795	0.0162057	0.00327878	0.00777073
109	0.00693526	0.00225318	0.000358644	0.000492895	0.0224588	0.000653039	0.000332163	0.164361	0.00041121	0.634827	0.108323	0.000442475	0.000200269	0.00152695	0.000964628	0.00433208	0.00254191	0.0422297	0.00290957	0.00344615
110	0.167775	0.011428	0.00157548	0.00236956	0.0122282	0.275572	0.00134155	0.0042035	0.00153269	0.0130755	0.0382876	0.014109	0.00131572	0.0442246	0.00211914	0.287635	0.111048	0.007196	0.00142596	0.00153862
111	0.0210902	0.00218234	0.00756006	0.0134088	0.00535083	0.0115792	0.504829	0.00783731	0.0219244	0.0120795	0.00903903	0.248285	0.00450607	0.0122819	0.0434143	0.0254435	0.0118104	0.0111564	0.00401603	0.0222056
112	0.00220659	0.000250383	0.000465811	0.000760146	0.000842677	0.000913899	0.000494279	0.616952	0.000556117	0.037607	0.0139942	0.000608433	0.000324223	0.000851966	0.000857776	0.00152065	0.00396006	0.316004	0.000274988	0.00055507
113	0.0470554	0.000317016	0.00362097	0.0156323	0.00113621	0.0091224	0.0107075	0.0164487	0.48819	0.00619059	0.0105991	0.0106514	0.000345177	0.0184047	0.331626	0.013145	0.00508131	0.00193382	0.000419451	0.0093728
114	0.00434068	0.00037548	0.000901052	0.00135372	0.00152393	0.00180971	0.571877	0.00239911	0.0148936	0.00268779	0.00208461	0.324477	0.000575962	0.00176059	0.0303584	0.016978	0.00267937	0.00286713	0.000639338	0.0154178
115	0.0251613	0.00253093	0.0075094	0.0152722	0.0076916	0.0484363	0.16632	0.0112088	0.0526177	0.0503709	0.0143751	0.0471677	0.00324414	0.0160056	0.388594	0.0151427	0.0136631	0.0161834	0.00343729	0.0950679
116	0.0441276	0.00441494	0.33756	0.0708842	0.0110655	0.0266128	0.0222819	0.0196895	0.0205234	0.0199686	0.0155615	0.116929	0.0329681	0.0350477	0.0356451	0.103735	0.0500724	0.0201681	0.0039344	0.0088102
117	0.0184689	0.00098424	0.00152422	0.002495	0.0132487	0.00314024	0.00134976	0.16607	0.0018223	0.0307593	0.0882079	0.00237695	0.000999142	0.00304351	0.00252275	0.00455452	0.580283	0.0753319	0.0010276	0.00179025
118	0.0598154	0.00713877	0.00989016	0.0218727	0.111138	0.0227587	0.0139011	0.0318621	0.0151329	0.201038	0.0348609	0.0173739	0.0081971	0.0203523	0.218005	0.0392653	0.11061	0.0336472	0.00706189	0.0160789
119	0.0121817	0.000616379	0.00110608	0.00160534	0.00167279	0.0018446	0.000778889	0.389596	0.000981254	0.173052	0.00299838	0.00109297	0.000561673	0.00153373	0.00484857	0.00283287	0.105211	0.295615	0.000550096	0.00132032
120	0.177896	0.00580345	0.00197498	0.00284653	0.0289804	0.279121	0.00159715	0.004277	0.00181581	0.0101756	0.0566279	0.0197283	0.00151605	0.0959811	0.00269115	0.23351	0.0651532	0.00671832	0.00139662	0.00218912
121	0.154827	0.0563427	0.000974514	0.00126679	0.00148347	0.00240138	0.000857614	0.00852551	0.00163197	0.0158176	0.00239758	0.00137259	0.000566551	0.001928	0.0157615	0.475621	0.220596	0.0360038	0.000554768	0.00106878
122	0.00474781	0.000407199	0.000697539	0.00155302	0.00161809	0.00195681	0.000804115	0.461763	0.00110806	0.0649848	0.042689	0.00130213	0.000509595	0.00180467	0.00146009	0.00292858	0.00532656	0.402755	0.000449886	0.00113447
123	0.301682	0.00256168	0.00328425	0.00528088	0.00472889	0.00944507	0.00285333	0.00919322	0.0165075	0.0101942	0.00854491	0.0045779	0.00239681	0.00700832	0.00553318	0.128402	0.130069	0.341859	0.00209075	0.00378752
124	0.589423	0.000676639	0.00111112	0.0204552	0.00963312	0.129528	0.000814961	0.0130823	0.00106238	0.00353354	0.00271484	0.00173378	0.00305577	0.00370251	0.00361777	0.179877	0.00823845	0.0222024	0.00409205	0.00144492
125	0.105826	0.000638293	0.00101997	0.0117094	0.0016564	0.116609	0.000847489	0.0531287	0.00103503	0.00682311	0.0527864	0.00632057	0.000719842	0.00168689	0.00147906	0.162261	0.322023	0.145313	0.00683084	0.00128548
126	0.00371706	0.000132819	0.000224695	0.000543976	0.130831	0.000428311	0.000257588	0.419862	0.00023408	0.27749	0.0730215	0.000309722	0.00016296	0.000387106	0.00081061	0.000680675	0.00632409	0.0837878	0.000135611	0.000658032
127	0.587946	0.00130051	0.00185248	0.00470858	0.00655274	0.177994	0.00221015	0.0124736	0.00202398	0.0111355	0.00497539	0.00488926	0.00255707	0.00712252	0.0162345	0.0680655	0.0179591	0.0623878	0.00536611	0.00224538
128	0.172168	0.00860485	0.00251189	0.00617169	0.0116827	0.248122	0.00150146	0.00576068	0.00354943	0.0185568	0.0337519	0.0197474	0.0014597	0.0432943	0.00207126	0.288121	0.119382	0.010302	0.0011864	0.00205478
129	0.236441	0.00487555	0.000674069	0.00121445	0.0446791	0.134646	0.000465512	0.0915096	0.000613064	0.169754	0.0391699	0.000928915	0.000611231	0.00151763	0.000934167	0.0441225	0.0378501	0.175409	0.0119829	0.00260202
130	0.00354444	0.000318581	0.000480229	0.000877877	0.00091705	0.000924363	0.000584894	0.569545	0.000540791	0.0777791	0.00937316	0.000643453	0.000295252	0.000918706	0.00189937	0.00164415	0.0209705	0.307648	0.000350879	0.00074479
131	0.105441	0.000630558	0.00108454	0.0120885	0.00158542	0.117176	0.000773618	0.0531051	0.00103863	0.00709554	0.0537599	0.00676722	0.000708095	0.00177625	0.00137986	0.168278	0.318344	0.140368	0.00739351	0.00120729
132	0.0671682	0.00416438	0.000638108	0.00112441	0.0667455	0.0174034	0.000564047	0.310274	0.000694978	0.274418	0.0176191	0.000805752	0.00517566	0.00105214	0.0011633	0.00606366	0.00308856	0.22061	0.000486095	0.000740486
133	0.225165	0.000973863	0.0125798	0.0242982	0.00826179	0.287246	0.00146332	0.0580886	0.00172388	0.0548046	0.0185814	0.00314679	0.0124388	0.0144662	0.00295327	0.0563598	0.0205092	0.183462	0.000693382	0.0127846
134	0.145719	0.000593408	0.0265681	0.0415041	0.023728	0.210243	0.000986062	0.0419206	0.000884303	0.0685413	0.0432452	0.0190661	0.000982702	0.0155021	0.00738556	0.146444	0.136683	0.0616009	0.000617763	0.00778439
135	0.0062656	0.0013229	0.000234905	0.000356139	0.0462081	0.000468493	0.000267632	0.295498	0.000304609	0.523855	0.0551353	0.000340312	0.000143025	0.000386978	0.00046205	0.000809834	0.00198825	0.0646705	0.000153508	0.00112951
136	0.0682199	0.000252697	0.000428017	0.000843601	0.062983	0.0391645	0.000359213	0.133477	0.000476628	0.466931	0.0133466	0.00055737	0.0011337	0.000775514	0.000964921	0.0019572	0.00599683	0.201291	0.000341475	0.000500319
137	0.0758916	0.000973972	0.00135353	0.00195107	0.0508724	0.00446962	0.00112844	0.0825305	0.00120125	0.278046	0.311974	0.00148429	0.00239304	0.00341018	0.0022727	0.0169638	0.0720543	0.0771427	0.0106873	0.00319952
138	0.251824	0.000601268	0.000988723	0.00138144	0.0226171	0.00225395	0.000910648	0.131958	0.0009058	0.174543	0.203352	0.00131879	0.0142992	0.00165812	0.00171378	0.0525128	0.0205491	0.11309	0.00127218	0.00224982
139	0.0033127	0.000132318	0.000230438	0.000473562	0.128131	0.000441641	0.000241215	0.427997	0.000243577	0.275496	0.0714881	0.000318789	0.000154195	0.000404284	0.000681431	0.000687372	0.00625121	0.0825561	0.000133531	0.000625581
140	0.0668332	0.000262313	0.000422559	0.000836081	0.0627986	0.0388707	0.00035957	0.134165	0.000472226	0.469155	0.0134728	0.000556896	0.0011087	0.000774063	0.000967102	0.00190465	0.00594288	0.200252	0.00034246	0.000503326
141	0.302003	0.00200579	0.00501524	0.00807226	0.0175908	0.153929	0.00152228	0.0271533	0.00144047	0.0613243	0.0593423	0.00761887	0.00113872	0.0123449	0.00322077	0.134952	0.12805	0.066392	0.00380103	0.00308256
142	0.0654927	0.00277474	0.0263525	0.047847	0.00730004	0.0133977	0.0176916	0.0148885	0.0107902	0.0288563	0.0170212	0.0136326	0.550468	0.0415734	0.0150405	0.0604577	0.0160459	0.0254242	0.0137519	0.0111936
143	0.00333597	0.00013499	0.000228775	0.000477376	0.127264	0.000443201	0.00024399	0.427491	0.000245625	0.277322	0.0712541	0.000323534	0.000154426	0.000405058	0.000681995	0.000682219	0.00618427	0.0823648	0.000134059	0.00062842
144	0.254623	0.00538824	0.00154544	0.00242958	0.0393706	0.161408	0.000537898	0.0771281	0.000669447	0.154027	0.0305405	0.00155936	0.000878254	0.00221603	0.000936019	0.0503736	0.0392943	0.164685	0.0106972	0.00169243
145	0.648477	0.000536204	0.000646976	0.00458429	0.00396315	0.14494	0.00071803	0.00805681	0.000705118	0.00427584	0.00297281	0.00166002	0.00274156	0.00278854	0.00424654	0.109009	0.0170986	0.0331528	0.00870703	0.000718937
146	0.0919497	0.000957023	0.00273531	0.0022218	0.0151747	0.100786	0.00115374	0.016487	0.00156441	0.0860944	0.192198	0.00303485	0.00131528	0.0164531	0.00207373	0.156127	0.28833	0.0180382	0.000926418	0.0023797
147	0.00804649	0.00172059	0.000238921	0.000437518	0.0197073	0.000502215	0.000267671	0.248611	0.000327279	0.601055	0.0534704	0.000353745	0.000163761	0.000439733	0.000542228	0.000881733	0.000950549	0.061033	0.000175384	0.0010755
148	0.0124596	0.00100002	0.00100959	0.00155491	0.079242	0.00189505	0.00084796	0.0391417	0.0010294	0.573975	0.23654	0.00129564	0.000581207	0.00221576	0.00315782	0.0281183	0.00374496	0.00705827	0.00227129	0.00286134
149	0.647674	0.000636736	0.000734094	0.00495081	0.00376515	0.142429	0.000708255	0.00764837	0.000740667	0.00373457	0.00298401	0.00143782	0.00276728	0.00273329	0.00408109	0.114041	0.0171787	0.0315008	0.00913342	0.00112171
150	0.00220396	0.000247493	0.0004672	0.00076181	0.000834409	0.000917758	0.00049392	0.616941	0.000546109	0.0381719	0.013845	0.00060762	0.0003212	0.000844519	0.000894739	0.00149172	0.00427393	0.315301	0.000274769	0.000559861
151	0.109585	0.00789832	0.0142784	0.0265737	0.0167122	0.0408681	0.0156554	0.0332994	0.0133957	0.0398773	0.0330015	0.0206269	0.0162631	0.109101	0.0231705	0.237022	0.079975	0.14125	0.00685434	0.014592
152	0.118545	0.00222873	0.036313	0.15628	0.00727862	0.0205574	0.0214301	0.0127891	0.102381	0.0279636	0.0185964	0.0301022	0.00258719	0.0905058	0.258859	0.0364129	0.0256656	0.01679	0.00246326	0.0122512
153	0.202031	0.00497212	0.00618651	0.0534694	0.00336425	0.0305628	0.00891717	0.00851742	0.0312981	0.00730036	0.00884582	0.0545129	0.00943641	0.0569681	0.00343396	0.287421	0.213226	0.00634879	0.00126597	0.00192204
154	0.183301	0.0030813	0.0184624	0.0420674	0.00675259	0.0212393	0.00892903	0.0116359	0.0883514	0.0212555	0.0209196	0.0883356	0.00926688	0.0366647	0.228034	0.157905	0.0318868	0.0116539	0.00315806	0.0071006
155	0.0851616	0.00724399	0.0314298	0.266187	0.11563	0.0383666	0.0195237	0.0341396	0.0239223	0.0452305	0.0356541	0.0228445	0.0156459	0.0427618	0.0364324	0.0532702	0.0382548	0.037537	0.0212889	0.0294757
156	0.0113163	0.00184674	0.00281119	0.0064334	0.556435	0.00433297	0.00240362	0.00549436	0.00452859	0.00731842	0.00692091	0.00423883	0.00121527	0.00445525	0.0066793	0.00699489	0.00568066	0.00845282	0.0144691	0.337972
157	0.142098	0.00070458	0.0318679	0.181617	0.0136671	0.0666524	0.00155381	0.0386582	0.0837139	0.0924094	0.155645	0.00213631	0.00113951	0.0544711	0.014232	0.0545208	0.0153833	0.0357202	0.00104706	0.012763
158	0.369499	0.00744501	0.0196991	0.0344272	0.016242	0.0655435	0.0198775	0.0246544	0.0179176	0.0277709	0.0223387	0.0966878	0.0176183	0.0309619	0.0378776	0.0849777	0.0483825	0.0390974	0.00585917	0.0131227
159	0.0409842	0.00407231	0.337784	0.0730261	0.00938759	0.0232065	0.0242524	0.0168385	0.0216934	0.0192178	0.0155949	0.121377	0.0400739	0.0380729	0.0305497	0.0968297	0.0527517	0.0214124	0.0037023	0.00917182
160	0.354034	0.000458751	0.0219866	0.187762	0.00572047	0.00118812	0.00547444	0.00168396	0.089513	0.0207093	0.0150586	0.00635648	0.00040843	0.0463525	0.204059	0.0207252	0.015532	0.00193031	0.00039624	0.000650088
161	0.104362	0.000613538	0.0461893	0.0620346	0.0253126	0.241313	0.00132804	0.0415626	0.00114545	0.0629777	0.0350887	0.0170387	0.000733559	0.00987894	0.0151119	0.126775	0.151285	0.0513143	0.000767762	0.0051675
162	0.598893	0.000683347	0.0010571	0.0116843	0.00571839	0.147975	0.000729181	0.0107156	0.000986239	0.00307818	0.00225367	0.00180064	0.003588	0.0033267	0.00360403	0.165089	0.00974194	0.0227726	0.00495872	0.00134501
163	0.660314	0.000441227	0.000614901	0.00463332	0.00383518	0.156692	0.000654538	0.00691885	0.00065513	0.00322707	0.00182937	0.00188126	0.00294638	0.00255204	0.00391609	0.102861	0.0116249	0.0275959	0.00603952	0.000767726
164	0.111094	0.000168277	0.0500394	0.190809	0.00306797	0.034851	0.0143681	0.0154416	0.0776026	0.0312722	0.0130368	0.0182028	0.000197805	0.147907	0.205794	0.0402684	0.0235126	0.0118084	0.00263876	0.00791924
165	0.0158831	0.00176517	0.000664036	0.00124227	0.0456464	0.00214006	0.000780816	0.188082	0.001521	0.523615	0.116311	0.000985235	0.000663292	0.00389563	0.00398696	0.00855776	0.0119063	0.0450684	0.00411082	0.0231743
166	0.154827	0.0563427	0.000974514	0.00126679	0.00148347	0.00240138	0.000857614	0.00852551	0.00163197	0.0158176	0.00239758	0.00137259	0.000566551	0.001928	0.0157615	0.475621	0.220596	0.0360038	0.000554768	0.00106878
167	0.0157912	0.00035042	0.031242	0.0256079	0.000979851	0.432116	0.0369989	0.00152527	0.06539	0.00169828	0.00184688	0.189968	0.00046488	0.0387737	0.125471	0.0270069	0.00168643	0.00191861	0.000405719	0.000758159
168	0.0175835	0.0137862	0.241837	0.0925869	0.0018284	0.0104186	0.0674089	0.00252304	0.0590215	0.00685703	0.002642	0.148986	0.000736427	0.0849946	0.149381	0.0436356	0.0247403	0.00743506	0.000854815	0.0227426
169	0.14961	0.00332481	0.0392447	0.01992	0.00752295	0.0165799	0.0165391	0.00957131	0.00767873	0.0285832	0.0127166	0.0161031	0.361979	0.0232646	0.0499726	0.179297	0.0231681	0.0217398	0.00593957	0.00724495
170	0.0378507	0.000788659	0.0559947	0.119898	0.00250339	0.002909	0.0448415	0.0489817	0.0236846	0.34206	0.0778554	0.0337098	0.00106497	0.0727243	0.0459119	0.00450481	0.0143838	0.0258967	0.0221019	0.0223341
171	0.297474	0.0281732	0.0346713	0.00379808	0.0212506	0.13958	0.0195827	0.00581171	0.00228872	0.00689808	0.00464684	0.0031354	0.0352385	0.00393074	0.0206033	0.154352	0.00589897	0.00701425	0.0848347	0.120818
172	0.0284366	0.00233764	0.00252201	0.00387429	0.0361986	0.010628	0.00289398	0.140938	0.00262367	0.55965	0.101168	0.00293738	0.00152708	0.00612458	0.00522013	0.012708	0.0102224	0.0561457	0.00593865	0.00790441
173	0.50846	0.00218991	0.00350224	0.0123464	0.00597237	0.087045	0.00328662	0.0550918	0.00353113	0.0106915	0.00748983	0.00643265	0.003033	0.030609	0.0299312	0.16087	0.0148332	0.0458359	0.00478189	0.00406624
174	0.0441593	0.000463061	0.0519894	0.0334697	0.00119975	0.0245854	0.0126759	0.00192466	0.054324	0.0025527	0.00858253	0.232411	0.0023323	0.0226732	0.109554	0.369331	0.0237206	0.00243336	0.000676131	0.000941862
175	0.487126	0.00563549	0.00156117	0.00528478	0.0180299	0.166322	0.00179795	0.0321992	0.00255476	0.0425383	0.0113972	0.00375848	0.00301231	0.00587835	0.00588698	0.0727691	0.0287442	0.0958839	0.00610468	0.00351522
176	0.0208167	0.00295484	0.00166225	0.00383261	0.0362347	0.00923214	0.00155354	0.125175	0.00116371	0.585494	0.119075	0.00164735	0.00128674	0.00475654	0.0040833	0.0129846	0.00989955	0.0493548	0.00436293	0.00442866
177	0.111094	0.000168277	0.0500394	0.190809	0.00306797	0.034851	0.0143681	0.0154416	0.0776026	0.0312722	0.0130368	0.0182028	0.000197805	0.147907	0.205794	0.0402684	0.0235126	0.0118084	0.00263876	0.00791924
178	0.0482743	0.000295434	0.00417637	0.0160874	0.00104527	0.00818859	0.00932594	0.0111335	0.468573	0.00489485	0.00781681	0.0158876	0.000324008	0.0170314	0.357435	0.0156766	0.00609807	0.00162433	0.000357909	0.00575364
179	0.00892988	0.00169198	0.000276597	0.000448161	0.0201707	0.000575753	0.000299483	0.250348	0.000483496	0.593749	0.0576261	0.000397113	0.000177548	0.000756233	0.00077898	0.00126594	0.00124466	0.0592104	0.000316752	0.00125365
180	0.0917703	0.000578618	0.123247	0.468401	0.00233618	0.0342676	0.0844047	0.0030203	0.00267551	0.00369703	0.00295327	0.00293466	0.00408675	0.0414581	0.0146532	0.102558	0.0113275	0.00356504	0.0007434	0.00132179
181	0.239	0.0133369	0.0154736	0.0904374	0.00302913	0.042019	0.029447	0.0167424	0.0100659	0.00574188	0.0161853	0.0705094	0.0325266	0.0644973	0.00343312	0.213131	0.126029	0.00551539	0.000887375	0.00199241
182	0.127003	0.000977325	0.0140679	0.00385883	0.0324442	0.0124511	0.0023629	0.00587927	0.00213231	0.0375208	0.087708	0.0153603	0.00113088	0.0407342	0.00300068	0.145493	0.439429	0.0250222	0.0010821	0.0023424
183	0.494348	0.00116447	0.00196074	0.0479967	0.00652701	0.0903642	0.00144009	0.0150431	0.00207801	0.00470414	0.00409659	0.00302416	0.00235744	0.00472844	0.00425401	0.275544	0.00874534	0.0269061	0.00276782	0.00194889
184	0.207356	0.00799798	0.0114868	0.0628909	0.00362953	0.0395256	0.104159	0.0116155	0.00652901	0.00787651	0.0119194	0.0722468	0.0673806	0.105533	0.00474146	0.184145	0.0795243	0.00759847	0.00138648	0.00245747
185	0.00696002	0.0031654	0.000585691	0.000774146	0.0235519	0.00107985	0.000511995	0.0492054	0.000569251	0.675796	0.177437	0.000698696	0.000374174	0.00376844	0.00139281	0.00968905	0.00489583	0.0249602	0.00875896	0.00582564
186	0.0669596	0.0623306	0.0030435	0.00500304	0.182653	0.0262623	0.0136538	0.00655327	0.00316244	0.0398789	0.113763	0.00456901	0.00206254	0.00556763	0.00478072	0.00830289	0.0186246	0.0200977	0.0239735	0.388758
187	0.0325639	0.00215191	0.00469152	0.0042796	0.0205005	0.016047	0.00228719	0.219523	0.00672137	0.126388	0.145671	0.00340027	0.00362135	0.0130898	0.00459178	0.0231756	0.289443	0.0728223	0.00198594	0.00704584
188	0.0669542	0.0158802	0.0161376	0.0347826	0.00426228	0.00459957	0.00170596	0.282628	0.00238833	0.0714795	0.0777002	0.0167754	0.00147618	0.00371394	0.00318038	0.0768272	0.0342015	0.276784	0.00126434	0.0072589
