244	20
1	0.184533	0.0108877	0.00111566	0.0024075	0.0421731	0.0598823	0.0107788	0.00362639	0.00299417	0.0437636	0.186954	0.0120299	0.0822739	0.00239366	0.0319485	0.233467	0.0615104	0.0246768	0.000854827	0.00172998
2	0.158044	0.0132123	0.00120267	0.00290943	0.0486874	0.0903443	0.0134394	0.00369173	0.00305772	0.0455673	0.189287	0.0149981	0.0739803	0.00242369	0.0357581	0.222718	0.0531567	0.0249726	0.000810099	0.00173948
3	0.00859364	0.00564852	0.0202456	0.00383744	0.0205216	0.00504723	0.00417817	0.00535971	0.00605134	0.00697687	0.00382804	0.497262	0.00167653	0.00428981	0.00507715	0.368588	0.020696	0.00796743	0.00115811	0.00299651
4	0.0143006	0.000993278	0.000476916	0.000793114	0.000791353	0.0148439	0.000758436	0.0208904	0.0048492	0.00131845	0.000914518	0.00525937	0.000353239	0.00469824	0.0160674	0.375037	0.530923	0.00587321	0.000290469	0.000567676
5	0.0080754	0.00512963	0.000643597	0.00195582	0.590624	0.00113504	0.00214777	0.0655277	0.00175548	0.110102	0.0108555	0.00152899	0.00463138	0.00113089	0.00927254	0.00331356	0.0108895	0.00582635	0.0211723	0.144283
6	0.0179697	0.00177314	0.000149219	0.0012035	0.0013057	0.949542	0.000278617	0.00164218	0.00264115	0.000531468	0.000474368	0.0026924	0.0016258	0.000326811	0.00061254	0.014878	0.00069252	0.00132907	9.4137e-05	0.000237623
7	0.015578	0.00900196	0.042144	0.0985681	0.00149823	0.00513121	0.0339778	0.014254	0.202439	0.0256816	0.00692923	0.0499352	0.000398224	0.0926889	0.116238	0.0715909	0.190209	0.0122331	0.000385666	0.0111178
8	0.0334664	0.0167918	0.000660747	0.0115179	0.0442497	0.00389352	0.0219386	0.254178	0.0203127	0.299181	0.0705106	0.0334236	0.000589108	0.0211904	0.0282042	0.0131454	0.0167397	0.0832042	0.0063965	0.0204059
9	0.0145354	0.00577008	0.000598001	0.00201726	0.484031	0.00102291	0.00266371	0.0617762	0.00138831	0.163556	0.0278427	0.00156266	0.00367368	0.0024792	0.00551053	0.00572565	0.0129305	0.0406028	0.0229264	0.139387
10	0.0319044	0.036293	0.00117118	0.00201693	0.00214145	0.00176882	0.00136517	0.00337755	0.151814	0.00314241	0.00199734	0.0023447	0.000947885	0.0302071	0.479188	0.0413318	0.174654	0.0321213	0.000657217	0.00155541
11	0.0292342	0.0232567	0.000463589	0.00127165	0.0460593	0.000990039	0.000812574	0.332806	0.00702633	0.165666	0.0479432	0.00199997	0.000498922	0.00101124	0.000999135	0.00534464	0.0252264	0.302285	0.000897275	0.00620723
12	0.0627868	0.0128327	0.000309834	0.000631643	0.00297029	0.0171777	0.00555666	0.00104333	0.000930669	0.0008799	0.00580781	0.00779446	0.00284639	0.000542582	0.000914546	0.105069	0.763251	0.00807246	0.000188603	0.000393492
13	0.0583018	0.0128101	0.000438431	0.000622501	0.00286306	0.0159638	0.00493258	0.00203047	0.000835442	0.000928525	0.00517488	0.00997219	0.00268851	0.00074261	0.00149741	0.109228	0.761365	0.00904261	0.000181819	0.000379787
14	0.0631787	0.0213235	0.0010347	0.00407681	0.644308	0.00211493	0.00601207	0.00699886	0.00262182	0.0138302	0.00324758	0.00275467	0.00166557	0.00228141	0.00457306	0.00685767	0.0100561	0.00427093	0.0763501	0.122443
15	0.0179327	0.0018422	0.000174872	0.00124429	0.00133387	0.947935	0.0003662	0.00165647	0.00271362	0.000628865	0.000597529	0.00337923	0.00164602	0.000413979	0.000742076	0.0149307	0.000797186	0.00133366	9.44151e-05	0.000237595
16	0.0532706	0.0105875	0.0766717	0.407383	0.014708	0.010304	0.0106521	0.0184776	0.032645	0.0623083	0.0167498	0.0244875	0.00777035	0.0652391	0.026407	0.0840509	0.0373864	0.0251976	0.00258564	0.0131182
17	0.0353819	0.00699561	0.0066389	0.0175866	0.00559719	0.0212936	0.0146529	0.00838346	0.0226915	0.0221799	0.00964205	0.0310331	0.0113246	0.00430964	0.00672883	0.678391	0.0717882	0.0144714	0.00199642	0.00891316
18	0.013983	0.00647318	0.00414932	0.00763052	0.0300449	0.00596584	0.452991	0.0109649	0.031745	0.0160132	0.0103599	0.211285	0.00304552	0.0206543	0.0912979	0.0216811	0.0179324	0.0121721	0.00783428	0.0237768
19	0.0186322	0.00354418	0.000259455	0.00155135	0.00173025	0.938157	0.000376767	0.00203069	0.00279964	0.000830395	0.000726441	0.00509779	0.00171264	0.000463596	0.00099015	0.017647	0.0012532	0.00177868	0.000108051	0.00031014
20	0.115612	0.00180025	0.01926	0.0837765	0.0115444	0.0256932	0.00145507	0.0561972	0.196585	0.0598475	0.00202784	0.011212	0.254374	0.0019259	0.0317802	0.0324215	0.00415876	0.0793579	0.000526689	0.0104446
21	0.643661	0.00909791	0.000306384	0.000619218	0.00106175	0.206937	0.000495988	0.0049907	0.000770907	0.000898194	0.00522981	0.00294821	0.00299143	0.000605914	0.000645823	0.0831384	0.00566664	0.0270683	0.00016465	0.00270199
22	0.00133658	0.0013433	0.000222084	0.000519172	0.0187267	0.000427197	0.000387934	0.623311	0.000631117	0.1738	0.0145776	0.00289043	0.000378364	0.000530995	0.000547257	0.00210767	0.00213591	0.153317	0.000162448	0.00264703
23	0.188882	0.0224625	0.0023317	0.00602724	0.0122068	0.197006	0.00342338	0.112875	0.00897445	0.0512238	0.0325566	0.00774693	0.0105962	0.00446598	0.00663584	0.023793	0.059033	0.240141	0.00532679	0.00429156
24	0.322212	0.264009	0.00222695	0.00342649	0.00312842	0.233832	0.00298673	0.00716493	0.00443541	0.00604025	0.00388529	0.00545014	0.00189863	0.00348841	0.00389238	0.008789	0.00609454	0.113081	0.00113628	0.00282202
25	0.0176662	0.0139409	0.000269693	0.0026778	0.00129804	0.000560742	0.000565114	0.385746	0.000721477	0.0704917	0.00590026	0.000738719	0.000323126	0.000632645	0.000692009	0.0051998	0.0348388	0.457066	0.000170553	0.000500728
26	0.0201046	0.0163786	0.000263461	0.00291431	0.00146015	0.000533772	0.000433693	0.386083	0.000597729	0.0755025	0.00580593	0.000621794	0.000281995	0.000495916	0.000657035	0.00525076	0.0269142	0.455103	0.000154655	0.000443493
27	0.0473763	0.00492501	0.303478	0.188052	0.0124863	0.0824581	0.0080023	0.00898615	0.0287305	0.0278869	0.011916	0.029714	0.00259579	0.0269571	0.0239107	0.135003	0.0229672	0.0192522	0.000413948	0.014888
28	0.0169032	0.0039007	0.00063136	0.00129556	0.00164527	0.856466	0.0030107	0.002351	0.00467946	0.00233673	0.00179984	0.0626253	0.00353213	0.00172032	0.00829398	0.0236065	0.00254679	0.00187008	0.000250537	0.000534371
29	0.0244165	0.131827	0.00108228	0.00242776	0.127415	0.00223484	0.0017556	0.178884	0.00633357	0.0959859	0.0687383	0.00264862	0.00119135	0.00227784	0.00279532	0.00891317	0.0386604	0.29276	0.00312224	0.00653077
30	0.0437245	0.00566145	0.0128064	0.0623489	0.0384597	0.0207193	0.00601183	0.0153454	0.0210892	0.0171538	0.00760382	0.0135243	0.57455	0.0097796	0.0115194	0.0447103	0.0608352	0.0265111	0.0014848	0.00616128
31	0.284654	0.00209906	0.00154769	0.00257075	0.00281761	0.00340831	0.0019761	0.00516451	0.00443228	0.0041601	0.00256902	0.00301511	0.343742	0.00268263	0.00341674	0.303196	0.00946182	0.00449648	0.000700336	0.0138893
32	0.00853042	0.0131801	0.00064102	0.00115989	0.00142176	0.535055	0.015133	0.00268585	0.0132283	0.00811408	0.00761228	0.298119	0.00688776	0.00786183	0.0427082	0.0257688	0.00787102	0.00261656	0.000475967	0.000929254
33	0.00448051	0.00667935	0.000964137	0.000487298	0.0105616	0.00044033	0.000395702	0.24518	0.00277241	0.643073	0.0286653	0.000629252	0.000194178	0.00183461	0.000551139	0.000948401	0.00579485	0.0458713	0.000127907	0.000349184
34	0.230561	0.00423092	0.052485	0.115254	0.00493064	0.0279481	0.000690384	0.00136807	0.0782608	0.0207402	0.00675111	0.0189823	0.186646	0.0314753	0.0150527	0.13979	0.0484714	0.0155565	0.000253681	0.000551581
35	0.00194803	0.00274402	0.000434961	0.000445913	0.0138898	0.000380331	0.000329278	0.49169	0.00131327	0.364384	0.0201427	0.00151242	0.000285432	0.000691928	0.000413306	0.00165835	0.00318512	0.0931724	0.00012978	0.00124893
36	0.0311181	0.0527183	0.0915751	0.00996348	0.0105237	0.0093586	0.00921252	0.00269592	0.0104676	0.00302186	0.00207153	0.107672	0.000757361	0.00970604	0.0135053	0.426749	0.191676	0.0154268	0.000605567	0.00117558
37	0.100501	0.019305	0.0104051	0.527933	0.0169657	0.00168158	0.00176497	0.0421879	0.0195969	0.0739131	0.0194647	0.0206553	0.0289228	0.00209828	0.0109543	0.00492148	0.0461058	0.0316849	0.000687297	0.0202502
38	0.224508	0.00160829	0.111652	0.308639	0.00159814	0.0216201	0.0030339	0.0120735	0.0736142	0.00462701	0.0104938	0.0348975	0.000849901	0.0534617	0.016771	0.063284	0.02505	0.0304237	0.000530771	0.00126325
39	0.0493008	0.00650752	0.22917	0.199654	0.0643281	0.0360469	0.00478989	0.0213613	0.0299645	0.0730103	0.0343231	0.0118813	0.0012238	0.0320668	0.0338207	0.0538126	0.0086667	0.0400026	0.000582934	0.0694854
40	0.000960537	0.000411933	0.000184605	0.000383468	0.0121759	0.000368933	0.000325425	0.683771	0.000519083	0.159742	0.0152962	0.00191721	0.000300698	0.00041175	0.000433856	0.00232435	0.00215396	0.116494	0.000130809	0.00169401
41	0.102739	0.0035595	0.00823484	0.104138	0.00433955	0.0035237	0.0117599	0.029511	0.00759179	0.0108972	0.0499088	0.0307795	0.00227542	0.44301	0.0691574	0.0194958	0.0344848	0.0599626	0.00150159	0.00312894
42	0.0714539	0.00139197	0.000931959	0.0347649	0.0337009	0.0496898	0.0674742	0.0752102	0.102596	0.0532278	0.00168658	0.0749945	0.0795242	0.0561352	0.077864	0.0398091	0.0762171	0.0861352	0.000383532	0.0168088
43	0.0379274	0.0067345	0.176511	0.42456	0.0167819	0.00751503	0.00671664	0.0079548	0.0248999	0.0306466	0.0173113	0.0220099	0.000896872	0.0975885	0.0221783	0.0415686	0.0194342	0.016878	0.000250576	0.0216362
44	0.0200357	0.00570802	0.000687636	0.0012986	0.0112419	0.00119081	0.00116841	0.0712338	0.0070641	0.339423	0.456457	0.00145081	0.000529522	0.00627204	0.00158683	0.00680875	0.00221521	0.0587512	0.000342423	0.00653394
45	0.0172271	0.000769911	0.682603	0.0321471	0.000869492	0.00566262	0.00130967	0.001474	0.0164889	0.00597892	0.00102921	0.154294	0.000905448	0.0170974	0.00862557	0.0357989	0.0103386	0.0017793	0.000294635	0.0053059
46	0.0208266	0.0071799	0.00132489	0.00329682	0.00613907	0.00192788	0.00632055	0.0127724	0.41163	0.064113	0.00925632	0.00949323	0.00292786	0.0159967	0.38428	0.00811909	0.0146079	0.0107166	0.000725466	0.00834642
47	0.00598059	0.00229543	0.00126942	0.00229208	0.00414372	0.00194892	0.00255515	0.00606211	0.0098068	0.00678262	0.00298339	0.0043431	0.00122268	0.00393077	0.910111	0.0151177	0.00574279	0.00796025	0.00173725	0.00371471
48	0.0283334	0.00905969	0.0010244	0.00196125	0.00159981	0.00148733	0.00145406	0.00593098	0.50771	0.0198792	0.00363864	0.00409984	0.000982296	0.0113435	0.38984	0.00365927	0.00292705	0.00313344	0.000546595	0.00138957
49	0.0162661	0.00140099	0.000687504	0.0036624	0.00346558	0.023567	0.00101525	0.00533401	0.00293022	0.00191416	0.0010857	0.00176043	0.838358	0.00103895	0.00152442	0.0370108	0.0318752	0.0258611	0.000359761	0.000882081
50	0.0348931	0.00559898	0.0424632	0.0579652	0.0369229	0.586071	0.00614615	0.00919091	0.0194054	0.0109299	0.00819834	0.0159447	0.00399544	0.00760697	0.0108683	0.100152	0.0198204	0.0140443	0.00167884	0.00810426
51	0.082249	0.00353616	0.00201848	0.069162	0.0200262	0.0212524	0.00274268	0.0395103	0.00464057	0.00612767	0.0199664	0.00447527	0.0017702	0.00337875	0.00472498	0.147643	0.389574	0.173478	0.00104156	0.00268253
52	0.0153103	0.00117776	0.00059548	0.00144157	0.000935644	0.0145331	0.00144375	0.0184839	0.00568332	0.00233463	0.00133727	0.00573275	0.000369811	0.00414805	0.0149639	0.390834	0.513635	0.00580465	0.000270055	0.000965948
53	0.242372	0.0035896	0.0403852	0.0779347	0.00426244	0.0301431	0.00124319	0.00273264	0.0656305	0.0255879	0.0103063	0.013378	0.216855	0.0705524	0.0111223	0.121594	0.0487732	0.0118101	0.000543086	0.00118496
54	0.00527527	0.00220805	0.00127059	0.00219803	0.0038168	0.00192612	0.00242478	0.00549191	0.0106759	0.00533437	0.00263302	0.00414025	0.00102074	0.00392844	0.914621	0.015209	0.00570357	0.00741402	0.00152187	0.00318645
55	0.0714052	0.00187323	0.0373939	0.049041	0.00423319	0.0414539	0.0253932	0.000943286	0.354222	0.0162757	0.00247938	0.0517237	0.000328457	0.096315	0.139738	0.0817388	0.0119058	0.0110737	0.000136531	0.00232572
56	0.0501475	0.00997203	0.0661849	0.511516	0.0139445	0.00539973	0.00960749	0.0187159	0.0287189	0.0296486	0.0138698	0.0225868	0.00775354	0.0855971	0.0217896	0.0375472	0.0318671	0.02057	0.000859249	0.0137041
57	0.230728	0.00419971	0.05285	0.114948	0.00496638	0.0280082	0.000689273	0.00135291	0.0783287	0.0207844	0.00671541	0.0192121	0.18614	0.0312253	0.0150252	0.140132	0.0484388	0.0154505	0.000252013	0.000553591
58	0.0288351	0.00118333	0.735948	0.0208946	0.00211508	0.00929179	0.01025	0.00227054	0.0131513	0.00419883	0.00246894	0.0919908	0.0103924	0.00942754	0.00559807	0.0387079	0.00618209	0.00272471	0.000406885	0.0039625
59	0.0497005	0.0104784	0.00181955	0.246531	0.00173837	0.00265963	0.00425531	0.0288341	0.183153	0.0327467	0.00176452	0.00471437	0.000852711	0.108442	0.128606	0.0312873	0.13859	0.0211278	0.000697009	0.00200212
60	0.188487	0.0305563	0.000843188	0.00116413	0.00238054	0.0140366	0.00111237	0.155059	0.00223879	0.0205093	0.00294354	0.00555128	0.0536199	0.00147819	0.00175408	0.0305243	0.0636125	0.421493	0.00156579	0.00106934
61	0.00538275	0.00196978	0.0124109	0.413693	0.00226002	0.00214783	0.0381939	0.0124427	0.150213	0.00373346	0.00213812	0.012051	0.000915278	0.186178	0.100576	0.00543824	0.0237201	0.024221	0.000564825	0.00175017
62	0.00136655	0.00122644	0.000238157	0.000620986	0.0194954	0.000420598	0.000626563	0.623949	0.000681547	0.173583	0.0146298	0.00315392	0.000403754	0.000614824	0.000658565	0.00214951	0.00209879	0.151317	0.000167843	0.00259709
63	0.033064	0.0109078	0.000754066	0.00158882	0.131476	0.00145973	0.00189927	0.092944	0.00223263	0.287684	0.080606	0.00270915	0.000439062	0.00882945	0.00263217	0.0147254	0.0239297	0.123309	0.040879	0.13793
64	0.250484	0.0524551	0.0179688	0.00676954	0.00680339	0.0232261	0.0106602	0.00867795	0.00754433	0.0135481	0.0094314	0.0404216	0.00489458	0.0067251	0.00876158	0.394329	0.118256	0.0148345	0.00161961	0.00258915
65	0.0178947	0.00181967	0.000147851	0.00120265	0.00131339	0.947247	0.000344063	0.00163378	0.00271994	0.000572759	0.00051996	0.00438637	0.00162115	0.00036956	0.000872568	0.0149135	0.000717983	0.00135464	9.63808e-05	0.000251923
66	0.0168845	0.0137627	0.000446495	0.00263834	0.00192124	0.000721119	0.000722673	0.367096	0.00101928	0.075852	0.00512361	0.000960202	0.000472954	0.000991442	0.00105383	0.00509441	0.053385	0.450828	0.000390059	0.000636049
67	0.0267788	0.00536559	0.000765223	0.0102892	0.671008	0.00153046	0.0173461	0.0121097	0.00223492	0.0376588	0.00262111	0.00202562	0.00751782	0.00181791	0.00344351	0.0126748	0.00393046	0.00395623	0.0120954	0.164831
68	0.0119034	0.00136107	0.000984058	0.0186217	0.0188252	0.00188732	0.0107158	0.0462509	0.425468	0.0694832	0.0596295	0.00289068	0.000835057	0.0357183	0.131547	0.00368388	0.00291196	0.127776	0.000512175	0.0289952
69	0.0390999	0.00585381	0.000375012	0.000790231	0.00170858	0.0154031	0.00268911	0.00967612	0.00307339	0.00110751	0.00311299	0.00544236	0.00142938	0.00238096	0.0083465	0.251596	0.640895	0.00631908	0.000247455	0.000453138
70	0.0217367	0.0100576	0.0372409	0.0103597	0.0131756	0.00676846	0.00689635	0.220135	0.011128	0.437098	0.021136	0.00996668	0.00528705	0.00908977	0.00846648	0.0161274	0.0970135	0.0474612	0.00430259	0.00655307
71	0.0195057	0.00195	0.000155087	0.00120443	0.00128516	0.94361	0.00041398	0.0016955	0.00270777	0.000637626	0.000606648	0.00537099	0.00165535	0.000430127	0.000986297	0.0152059	0.00079586	0.00144056	9.56569e-05	0.00024704
72	0.0635085	0.0134853	0.000285823	0.000618185	0.00307698	0.0168637	0.00523884	0.000904776	0.000684344	0.000919877	0.00550013	0.00812132	0.00295592	0.000467635	0.000720724	0.09351	0.774388	0.00817829	0.000178134	0.000393545
73	0.0525192	0.00099629	0.000659155	0.00266902	0.00258116	0.0140759	0.000983865	0.00334455	0.00283289	0.0019323	0.00124885	0.00143933	0.778926	0.00109037	0.00153977	0.093311	0.0252619	0.0114387	0.000369902	0.00277948
74	0.00493473	0.00313595	0.0010149	0.00155927	0.0151796	0.00092802	0.00147575	0.524589	0.00233923	0.297982	0.0249518	0.00337958	0.000962346	0.00179877	0.00198331	0.00316362	0.00572871	0.102087	0.000569788	0.00223619
75	0.33548	0.0607486	0.000933076	0.00158307	0.00266135	0.249081	0.0099983	0.00970176	0.00186536	0.0436778	0.0543915	0.00249328	0.000787815	0.00792329	0.00835423	0.118218	0.0734338	0.0170492	0.00043787	0.00118103
76	0.0391925	0.0184725	0.00134052	0.00367725	0.144951	0.0320929	0.00449863	0.17877	0.00439841	0.261181	0.190302	0.00555835	0.00177711	0.0050588	0.00502778	0.0212414	0.00733046	0.0671498	0.00326925	0.00471021
77	0.024812	0.00997883	0.00068575	0.0118531	0.0474064	0.00697138	0.019636	0.259742	0.0102461	0.313074	0.0821467	0.0185942	0.000707337	0.0216267	0.0201437	0.00845678	0.0177946	0.107373	0.00793514	0.010816
78	0.0202119	0.0169132	0.000267594	0.00288069	0.00145929	0.000567905	0.000453939	0.383351	0.000595488	0.0761092	0.00577703	0.0006015	0.000288134	0.000510183	0.00067188	0.00531648	0.0287241	0.45461	0.00024753	0.000442766
79	0.0188247	0.00241085	0.00145401	0.0824158	0.112194	0.00249498	0.0841125	0.00632065	0.162567	0.0188924	0.00311111	0.0171501	0.022792	0.0664741	0.230035	0.0191679	0.00524064	0.019676	0.0322996	0.0923665
80	0.0155765	0.00772171	0.0179146	0.00681346	0.0153088	0.0240005	0.0157367	0.00879674	0.011297	0.0116943	0.00641851	0.564766	0.0107913	0.0110477	0.0128395	0.213628	0.0252936	0.0137713	0.00198708	0.00459631
81	0.0758531	0.00278918	0.00472165	0.166588	0.00157167	0.017375	0.0348243	0.0204342	0.135469	0.0143333	0.00223629	0.0288433	0.000884945	0.106278	0.038607	0.0406978	0.28335	0.0151903	0.000410619	0.00954252
82	0.0124837	0.000718034	0.707055	0.0262736	0.00078785	0.00607398	0.00100314	0.0012521	0.0107761	0.00419251	0.000853181	0.159169	0.000684562	0.0123292	0.00766882	0.034908	0.00831501	0.0016168	0.000274202	0.00356541
83	0.116043	0.00284281	0.00186722	0.00973248	0.00327378	0.00308894	0.0670891	0.0238563	0.0200402	0.0058202	0.0578629	0.0221985	0.0017587	0.501838	0.0102849	0.0228734	0.038452	0.0872488	0.00125025	0.0025781
84	0.0088961	0.00284424	0.0616729	0.00341997	0.00313467	0.00303726	0.149179	0.0403079	0.363787	0.00472132	0.00952041	0.0773446	0.00156725	0.0053606	0.218481	0.0127561	0.0239915	0.00598131	0.00154419	0.00245215
85	0.0918594	0.00490859	0.00722088	0.0189153	0.00797089	0.044177	0.00409326	0.0344585	0.0503339	0.0137006	0.00626154	0.0113746	0.366036	0.0109196	0.00859516	0.245073	0.0449972	0.021649	0.00167182	0.00578405
86	0.0714123	0.00185935	0.0372667	0.0494044	0.00424411	0.0416573	0.0255187	0.0009383	0.353699	0.0163142	0.00249711	0.0513946	0.000326651	0.0958904	0.140114	0.082016	0.0119377	0.0110431	0.000133969	0.00233245
87	0.0518614	0.00195744	0.746968	0.0079544	0.00322038	0.0116707	0.0252781	0.00353852	0.0178112	0.00389863	0.00377745	0.0309649	0.0237173	0.00454759	0.00318492	0.0468834	0.00453558	0.00409868	0.00061435	0.00351712
88	0.0106557	0.0043173	0.00263093	0.00497942	0.0604905	0.00490834	0.157359	0.0193314	0.00891295	0.0073199	0.00484524	0.0082729	0.0618592	0.0182877	0.00635137	0.0238168	0.0078204	0.0336322	0.0431196	0.511089
89	0.0475915	0.00163127	0.163552	0.111267	0.0126602	0.177273	0.00328301	0.00280794	0.0294707	0.00287026	0.00285571	0.0301118	0.000648303	0.002872	0.0184413	0.311968	0.0586373	0.0114027	0.000534798	0.0101219
90	0.0412823	0.0110881	0.00116391	0.00203677	0.00205202	0.00132027	0.00175754	0.0901505	0.113242	0.202533	0.00202161	0.0282456	0.000918454	0.0283348	0.0670008	0.0922824	0.142495	0.15108	0.00948267	0.0115125
91	0.0145331	0.004495	0.000802186	0.00496481	0.600166	0.0011426	0.00779781	0.0333903	0.00177954	0.0669435	0.00604174	0.0017428	0.0152618	0.00127829	0.00683494	0.00646633	0.00581546	0.00443846	0.0139273	0.202178
92	0.0052695	0.00200331	0.00154546	0.0024193	0.0041061	0.00196549	0.00266388	0.00567545	0.00796937	0.00491847	0.00274418	0.00436887	0.00111758	0.00414114	0.915737	0.0152809	0.00542907	0.00749163	0.00172614	0.00342763
93	0.0248193	0.00134496	0.00320506	0.00473206	0.00355255	0.0184578	0.00126151	0.00435836	0.00446253	0.00256475	0.00139658	0.00184691	0.832296	0.00182687	0.00193055	0.045616	0.0268241	0.0177472	0.000371619	0.00138571
94	0.139135	0.00413846	0.000360244	0.00128174	0.00138461	0.710695	0.000784476	0.00327567	0.00257669	0.0020948	0.00268981	0.0105082	0.00179089	0.000979987	0.00131854	0.104011	0.00499824	0.00652109	0.000220653	0.00123418
95	0.0232487	0.00999155	0.00889321	0.0108972	0.0282411	0.0136526	0.463153	0.0170331	0.0259949	0.0175116	0.0138239	0.176321	0.00528651	0.0240203	0.0586562	0.0286358	0.0206453	0.0185134	0.0078337	0.0276469
96	0.65551	0.00878401	0.000292688	0.000590053	0.00117067	0.196966	0.000529823	0.00473025	0.000789769	0.000970795	0.00513116	0.00295059	0.00289345	0.00059582	0.000670736	0.0822279	0.0059254	0.0263135	0.000160483	0.00279628
97	0.0175879	0.00102346	0.679833	0.0319091	0.00158801	0.0076616	0.00371801	0.00199424	0.0142401	0.006164	0.00166751	0.146615	0.00457026	0.0203047	0.00805096	0.0357275	0.00971227	0.0023471	0.00057858	0.00470647
98	0.0179306	0.00878319	0.000681888	0.00227765	0.52474	0.00114716	0.00251001	0.0548362	0.00189824	0.0963381	0.011679	0.00177634	0.00625024	0.00128405	0.0144291	0.0036015	0.0101722	0.00482686	0.0349607	0.199877
99	0.0635085	0.0134853	0.000285823	0.000618185	0.00307698	0.0168637	0.00523884	0.000904776	0.000684344	0.000919877	0.00550013	0.00812132	0.00295592	0.000467635	0.000720724	0.09351	0.774388	0.00817829	0.000178134	0.000393545
100	0.0427279	0.0158085	0.00200589	0.00389143	0.450082	0.00333678	0.0197096	0.022985	0.0037035	0.0355889	0.00836458	0.00408408	0.010616	0.005216	0.00913259	0.00901857	0.0230786	0.0121143	0.0970364	0.2215
101	0.0622579	0.00423918	0.0142313	0.0536961	0.0270563	0.274816	0.019721	0.0153005	0.220192	0.0196058	0.00587614	0.0243043	0.0199958	0.0380944	0.0872906	0.0404499	0.0206891	0.042637	0.00130048	0.00824622
102	0.0116938	0.00197669	0.00087443	0.0173211	0.119926	0.00156322	0.0453809	0.34831	0.00991032	0.148195	0.0118281	0.066161	0.000677415	0.019484	0.0101688	0.0110192	0.0254622	0.147182	0.000815979	0.00204901
103	0.0170478	0.00543646	0.00300608	0.0175475	0.0467675	0.00511549	0.0223361	0.0560076	0.186027	0.0550637	0.0234037	0.0155172	0.00765185	0.0273728	0.327409	0.0189606	0.0284017	0.0827541	0.00520145	0.0489727
104	0.0556224	0.00332498	0.689563	0.0174038	0.00273941	0.00912259	0.0132416	0.00323002	0.0151132	0.00502182	0.00319636	0.072102	0.0121779	0.00805944	0.00604439	0.0656535	0.0100509	0.00393032	0.000817831	0.00358429
105	0.00636874	0.00253966	0.00147851	0.00269481	0.060433	0.00223258	0.162389	0.0186131	0.00311189	0.00495331	0.00301504	0.00389528	0.0704968	0.0158252	0.00318272	0.020869	0.00632204	0.0352365	0.0482341	0.528109
106	0.0319105	0.00983106	0.0119115	0.0210746	0.0151964	0.0127048	0.0173483	0.0325059	0.0826093	0.0870548	0.0114415	0.064396	0.00706076	0.0760626	0.291625	0.0829622	0.0440186	0.0806641	0.00380579	0.0158159
107	0.0179697	0.00177314	0.000149219	0.0012035	0.0013057	0.949542	0.000278617	0.00164218	0.00264115	0.000531468	0.000474368	0.0026924	0.0016258	0.000326811	0.00061254	0.014878	0.00069252	0.00132907	9.4137e-05	0.000237623
108	0.0180276	0.00176731	0.000149096	0.00120017	0.00130105	0.946141	0.00032471	0.00165578	0.00263224	0.000542353	0.000469195	0.00325291	0.0016198	0.000335957	0.000678122	0.0175193	0.000727551	0.00130647	0.000105066	0.000244218
109	0.64835	0.00901638	0.000293769	0.000616749	0.00108309	0.202789	0.000493836	0.00487371	0.00076567	0.000891348	0.0051522	0.00293527	0.00302184	0.000602367	0.00064954	0.0830841	0.0056976	0.0268	0.000163527	0.00272051
110	0.00493958	0.00188773	0.00140818	0.00211074	0.00454948	0.00198639	0.00277761	0.00568996	0.00712182	0.00582176	0.00273341	0.00473716	0.00102872	0.00387204	0.91558	0.0157157	0.00556916	0.00746081	0.00149641	0.00351322
111	0.038626	0.0130232	0.00761495	0.149992	0.0237082	0.00614301	0.0101064	0.222711	0.0186708	0.122903	0.0211337	0.0207794	0.0112263	0.0121288	0.0245537	0.0205903	0.0620254	0.195847	0.00312512	0.0150931
112	0.0301656	0.00510874	0.00088561	0.000936679	0.00193322	0.0150493	0.00236674	0.0133743	0.00369919	0.00162826	0.00303288	0.00709318	0.00120156	0.00325991	0.0111028	0.290659	0.60079	0.00666746	0.00029491	0.00075052
113	0.196641	0.0309575	0.000676442	0.00106614	0.020077	0.0212258	0.000841922	0.195417	0.00640098	0.10988	0.0266301	0.00132694	0.00592821	0.0011938	0.00145021	0.012933	0.0421816	0.313081	0.0080915	0.00400082
114	0.32037	0.0919591	0.00222612	0.00380359	0.00449963	0.122956	0.00318465	0.122253	0.00482217	0.00917025	0.0307533	0.0567248	0.0216353	0.00440612	0.00465806	0.0839244	0.0246329	0.0835284	0.00168951	0.00280209
115	0.0220404	0.00934887	0.00436197	0.0100632	0.0113201	0.0075523	0.057983	0.147959	0.0128669	0.0174625	0.0608165	0.0599262	0.00477218	0.011547	0.201269	0.0201144	0.124614	0.0701678	0.137798	0.008016
116	0.0701977	0.170385	0.00399407	0.00889888	0.0233893	0.0201289	0.00721697	0.100206	0.0106565	0.0446102	0.0181766	0.0135645	0.0138285	0.00832903	0.0095389	0.0331624	0.0541541	0.380873	0.00326489	0.00542457
117	0.556381	0.0418705	0.000758548	0.00128481	0.00229309	0.208671	0.00131444	0.0210552	0.001471	0.00392657	0.00955888	0.00802568	0.00390678	0.00156701	0.00171928	0.0783156	0.010606	0.0440801	0.000487483	0.00270768
118	0.647312	0.00906506	0.000294058	0.000621278	0.00109456	0.2037	0.00050547	0.00487762	0.000792125	0.000890996	0.00514818	0.00291831	0.00311534	0.000602875	0.000666015	0.0831745	0.0056548	0.0266987	0.000165241	0.00270275
119	0.0179697	0.00177314	0.000149219	0.0012035	0.0013057	0.949542	0.000278617	0.00164218	0.00264115	0.000531468	0.000474368	0.0026924	0.0016258	0.000326811	0.00061254	0.014878	0.00069252	0.00132907	9.4137e-05	0.000237623
120	0.678109	0.00795004	0.000284432	0.000598391	0.00123669	0.176864	0.000497048	0.00429517	0.000728334	0.000875303	0.00492235	0.0031519	0.00228005	0.000595746	0.000656963	0.0805731	0.00641991	0.026471	0.000160711	0.00333067
121	0.00146551	0.00114059	0.000239793	0.000561503	0.0191556	0.000419666	0.000409633	0.624995	0.000648521	0.159538	0.0136974	0.00267726	0.000434545	0.000492942	0.000682718	0.00249607	0.00345794	0.164944	0.00014055	0.0024035
122	0.401666	0.0167041	0.0050834	0.00918299	0.0354195	0.115945	0.0122709	0.0148937	0.00814213	0.023097	0.0453678	0.0123935	0.0203907	0.00573486	0.0130744	0.144607	0.0688446	0.0371632	0.00270525	0.00731493
123	0.080263	0.00139445	0.0365422	0.0562978	0.00539293	0.0313318	0.0192251	0.0014847	0.346892	0.0157901	0.00343014	0.0454763	0.000477646	0.0923812	0.166611	0.0694402	0.0127508	0.0115522	0.000244258	0.00302217
124	0.174677	0.00610848	0.00303561	0.0403382	0.00692463	0.00491201	0.00711546	0.069228	0.121435	0.175759	0.149587	0.0331739	0.00344955	0.0649231	0.0943275	0.0117377	0.0123822	0.0133161	0.00250968	0.00505954
125	0.0343019	0.0116032	0.000597571	0.0010903	0.149983	0.0010214	0.000822979	0.0901074	0.00142507	0.268876	0.0811077	0.00146283	0.000401152	0.00553565	0.00141408	0.0122903	0.021756	0.131919	0.0436281	0.140657
126	0.00768542	0.0069662	0.00111044	0.00132771	0.0144736	0.00147533	0.00153572	0.279128	0.00331436	0.561178	0.0411563	0.0022439	0.000282959	0.00302865	0.00208201	0.00253805	0.00682467	0.0606063	0.00132456	0.00171829
127	0.0853874	0.00132012	0.0374379	0.0606776	0.00586756	0.0330195	0.0204366	0.000954553	0.332393	0.0149283	0.00348198	0.0475502	0.00035055	0.0956478	0.158569	0.0733855	0.0139453	0.0110772	0.000250253	0.00331914
128	0.0810358	0.0269068	0.000663805	0.00150357	0.0336777	0.00275035	0.00102806	0.251884	0.0166025	0.16037	0.0577389	0.00122189	0.00077281	0.00115533	0.00140665	0.00846196	0.0370838	0.303604	0.00239951	0.00973295
129	0.0249055	0.00287324	0.00249075	0.00396327	0.00347748	0.00231921	0.0049052	0.0810568	0.421746	0.0260295	0.0459772	0.040002	0.00158009	0.0433032	0.272061	0.00612714	0.00475902	0.00819047	0.00106882	0.00316407
130	0.0792284	0.00145993	0.0390501	0.0568383	0.00496222	0.0372647	0.0215963	0.000854806	0.33888	0.0154154	0.00286946	0.0497928	0.000270601	0.094738	0.151355	0.0776358	0.0132422	0.0115421	0.000210597	0.00279273
131	0.160659	0.00198586	0.0949426	0.268058	0.00134183	0.00616319	0.00728655	0.014666	0.073918	0.0105944	0.0128498	0.0503001	0.000933708	0.113858	0.0366058	0.118787	0.0160802	0.00940554	0.000410164	0.00115444
132	0.0345393	0.0159821	0.029768	0.0344256	0.00392344	0.237523	0.0253823	0.00438563	0.232706	0.0387308	0.0036101	0.0380268	0.00116831	0.124497	0.0857485	0.0650539	0.0114251	0.00955902	0.000730671	0.00281487
133	0.0124553	0.000713254	0.707124	0.0263119	0.000789031	0.00607392	0.00099989	0.00124993	0.0107862	0.00419334	0.000853684	0.159166	0.000684825	0.0123484	0.00766939	0.0348567	0.00830027	0.00159499	0.000263486	0.00356533
134	0.0195962	0.00456669	0.00450711	0.00541609	0.00196507	0.0146507	0.0041258	0.0140308	0.00820985	0.00570566	0.00275966	0.0141336	0.000663081	0.00387189	0.0124974	0.437616	0.435815	0.0072912	0.000342261	0.00223571
135	0.0219738	0.0250389	0.000295176	0.00296035	0.00253852	0.000754813	0.000485604	0.375982	0.000747857	0.079173	0.00656977	0.000703751	0.000355894	0.00056884	0.000721021	0.00683339	0.0260814	0.447171	0.000398615	0.000646425
136	0.0193085	0.00187058	0.000321963	0.00125063	0.00145821	0.939171	0.000504419	0.0016894	0.00274751	0.000632744	0.000517464	0.00475414	0.0016928	0.000365186	0.000857754	0.0198864	0.000907796	0.00157607	0.000112419	0.000375094
137	0.442214	0.00920972	0.000463199	0.00111536	0.00167757	0.414372	0.00163992	0.00449506	0.00233964	0.00307994	0.00642773	0.00370421	0.00224541	0.00122751	0.00129294	0.0736174	0.00801725	0.0199437	0.000435831	0.0024815
138	0.0686201	0.0021988	0.00228405	0.0497944	0.0157766	0.0133692	0.0174095	0.134725	0.0790923	0.0297213	0.00627254	0.0298734	0.00334026	0.0202559	0.0523035	0.0322107	0.111983	0.324065	0.00203252	0.00467221
139	0.0256771	0.00331217	0.0261954	0.160036	0.0117658	0.00258709	0.0167297	0.0154946	0.0729337	0.0348431	0.0326524	0.0534371	0.000998504	0.0394095	0.0701436	0.160981	0.244131	0.0245871	0.000693855	0.00339097
140	0.0331065	0.070814	0.00064754	0.00202143	0.0258646	0.00172002	0.00105579	0.302491	0.00596208	0.141508	0.0312757	0.00138015	0.000791643	0.0014066	0.00144337	0.00683832	0.0514491	0.314569	0.0012509	0.00440389
141	0.0201098	0.00393892	0.00659569	0.0383987	0.01382	0.00221669	0.0158781	0.230005	0.0249619	0.0458379	0.0164409	0.0271009	0.000482454	0.0224795	0.0857568	0.0292523	0.0492837	0.345295	0.00519742	0.0169487
142	0.251415	0.0265739	0.000760445	0.00132752	0.00502821	0.0228652	0.00106428	0.183057	0.00238763	0.0315182	0.00492224	0.00290517	0.0275604	0.00147451	0.00163459	0.0237501	0.045945	0.361273	0.00352499	0.00101325
143	0.015578	0.00900196	0.042144	0.0985681	0.00149823	0.00513121	0.0339778	0.014254	0.202439	0.0256816	0.00692923	0.0499352	0.000398224	0.0926889	0.116238	0.0715909	0.190209	0.0122331	0.000385666	0.0111178
144	0.00869332	0.0127392	0.00065463	0.00109211	0.00132811	0.532805	0.0160055	0.00265378	0.0129218	0.00737977	0.00697458	0.304756	0.00725067	0.00681549	0.0388466	0.0271713	0.00806435	0.0025109	0.000456419	0.000880873
145	0.00624347	0.00209951	0.00163617	0.00263625	0.0138157	0.00233464	0.0017976	0.0685561	0.00353504	0.743389	0.00267353	0.00310205	0.00137618	0.00286114	0.00291039	0.00525684	0.00460951	0.0272771	0.101932	0.00195743
146	0.018811	0.00202765	0.000149459	0.00119183	0.0013102	0.945963	0.000363527	0.00169493	0.00267587	0.000676969	0.000623586	0.00368373	0.00164237	0.000355699	0.000908451	0.0152022	0.00101962	0.00135613	9.49119e-05	0.0002492
147	0.0450263	0.00620239	0.117322	0.464399	0.0123381	0.00151106	0.00941656	0.0058805	0.0241568	0.0117293	0.010843	0.0334651	0.00746025	0.131091	0.0196465	0.0475895	0.0285495	0.0113998	0.000297948	0.0116753
148	0.0172186	0.00192567	0.000937039	0.0047102	0.00403753	0.0281609	0.00125497	0.00711214	0.00355399	0.00245958	0.00187102	0.00291614	0.813338	0.00186586	0.00225198	0.0354971	0.0375132	0.031722	0.000537743	0.00111646
149	0.021839	0.0181813	0.000293741	0.00322447	0.00298669	0.000571616	0.0004516	0.376818	0.00090779	0.0797103	0.00892591	0.000631691	0.000275735	0.000494217	0.000675627	0.00537165	0.0267491	0.450964	0.000183774	0.000743786
150	0.0312841	0.00726855	0.000750082	0.00703173	0.67579	0.00131956	0.0117527	0.0108746	0.00194923	0.030685	0.00258515	0.00173522	0.00739701	0.00147358	0.00373278	0.00900412	0.00421125	0.00314292	0.0201102	0.167902
151	0.0444769	0.00271828	0.440259	0.0636441	0.0192068	0.136339	0.03461	0.0055767	0.0235518	0.00812054	0.0190836	0.0402465	0.0036323	0.0191325	0.00671149	0.0899221	0.0117156	0.00803022	0.000993181	0.0220292
152	0.0236369	0.00734085	0.00114573	0.00209579	0.00167496	0.00159726	0.00147852	0.00460039	0.587528	0.0157295	0.00304282	0.00354232	0.00108474	0.00896573	0.323821	0.00385497	0.00330287	0.00345531	0.00051915	0.00158254
153	0.00293156	0.00364621	0.000604874	0.000594179	0.0124483	0.000410208	0.000605428	0.466031	0.00161589	0.382503	0.0206673	0.00168262	0.0003694	0.00113558	0.000605029	0.00183922	0.00446618	0.0962233	0.000365624	0.00125499
154	0.0371838	0.00310296	0.224485	0.266563	0.0055956	0.0021537	0.0297448	0.0136109	0.010668	0.0103817	0.00552167	0.0729615	0.100598	0.101769	0.022942	0.0426168	0.0300113	0.0148598	0.000589285	0.00464185
155	0.668913	0.00854681	0.000305138	0.000581632	0.00127216	0.181553	0.000655425	0.00440499	0.000757624	0.00126961	0.00580619	0.00334003	0.00235847	0.000694011	0.000693618	0.0825198	0.00727513	0.0258569	0.00016107	0.00303533
156	0.0469036	0.0107963	0.268032	0.221473	0.0112903	0.02183	0.00642578	0.018988	0.0398326	0.0818405	0.0222059	0.0176639	0.000598175	0.0390335	0.0590279	0.0625379	0.0128482	0.0383191	0.000345963	0.0200069
157	0.00448051	0.00667935	0.000964137	0.000487298	0.0105616	0.00044033	0.000395702	0.24518	0.00277241	0.643073	0.0286653	0.000629252	0.000194178	0.00183461	0.000551139	0.000948401	0.00579485	0.0458713	0.000127907	0.000349184
158	0.647312	0.00906506	0.000294058	0.000621278	0.00109456	0.2037	0.00050547	0.00487762	0.000792125	0.000890996	0.00514818	0.00291831	0.00311534	0.000602875	0.000666015	0.0831745	0.0056548	0.0266987	0.000165241	0.00270275
159	0.0719471	0.00182172	0.0305387	0.0175058	0.0231273	0.061421	0.20796	0.00364838	0.230528	0.00388643	0.00264046	0.025178	0.00104701	0.063782	0.0359293	0.0687036	0.00384552	0.00443686	0.000834727	0.141218
160	0.529225	0.0086529	0.001618	0.00352864	0.00602327	0.170535	0.0117486	0.00765892	0.00390815	0.00745149	0.00693857	0.00491793	0.00289112	0.00318487	0.0040914	0.0837869	0.0102819	0.089192	0.0030608	0.0413049
161	0.0217365	0.00837776	0.000685508	0.00121819	0.0133638	0.00120483	0.0011919	0.07978	0.00597378	0.256491	0.518773	0.00155233	0.000532788	0.00726939	0.00148485	0.00751499	0.00213377	0.0651064	0.000332515	0.00527694
162	0.0210869	0.0070965	0.000733805	0.00122833	0.0131736	0.00118986	0.00117611	0.077691	0.0062023	0.282207	0.498869	0.001513	0.000573135	0.00692483	0.00152071	0.00730684	0.00210317	0.0635131	0.000338087	0.00555303
163	0.0263065	0.00296266	0.00175971	0.00356149	0.00387736	0.321077	0.0030774	0.00539942	0.00416658	0.00473592	0.00314129	0.0930111	0.00172443	0.00342534	0.00384742	0.488809	0.0197858	0.00578313	0.000954934	0.00259384
164	0.000983914	0.00046818	0.00019102	0.000386612	0.0124116	0.00039259	0.000325296	0.680193	0.0005157	0.16207	0.0153184	0.00197385	0.00030077	0.000416168	0.000433747	0.00229661	0.00212806	0.117307	0.000147344	0.00174031
165	0.0273138	0.00921283	0.00497905	0.0108327	0.010864	0.13608	0.0102301	0.0191076	0.0137209	0.0192403	0.0116313	0.370375	0.248457	0.0113801	0.0141394	0.0286885	0.0215672	0.0207317	0.00277711	0.00867097
166	0.659253	0.00868047	0.000295629	0.000564776	0.00113115	0.193491	0.000480879	0.00468954	0.000737925	0.000894044	0.00505846	0.00302814	0.00268354	0.000585578	0.000624519	0.0822063	0.00596551	0.0266301	0.000153539	0.00284611
167	0.159425	0.027831	0.000720226	0.00151333	0.00251551	0.0112963	0.00109461	0.134399	0.00182084	0.0199208	0.00262586	0.00574483	0.0515603	0.00129496	0.00150807	0.0375925	0.0944418	0.442646	0.00120513	0.00084325
168	0.0258189	0.008817	0.0268516	0.0117025	0.0133769	0.00930731	0.169821	0.0743521	0.291514	0.0210253	0.0597235	0.087604	0.00487714	0.0166752	0.0928523	0.0228931	0.0254153	0.0214642	0.00518156	0.0107269
169	0.63941	0.00899227	0.000329731	0.000602163	0.00109002	0.21174	0.000488488	0.00495634	0.000816068	0.000929687	0.00516648	0.00297819	0.00286437	0.000664415	0.000674796	0.0826385	0.00568143	0.0270617	0.000163573	0.00275215
170	0.0169446	0.0109964	0.000920246	0.00205571	0.364989	0.00168404	0.00238317	0.237389	0.00240705	0.0561985	0.051759	0.00366003	0.00122665	0.0023151	0.00248939	0.00959046	0.0059935	0.208042	0.0060844	0.0128718
171	0.0344559	0.00711427	0.112869	0.484849	0.0178012	0.00249126	0.00893475	0.00638978	0.0232042	0.0162442	0.0114835	0.0277498	0.00147659	0.121378	0.0208002	0.0464275	0.025792	0.0142017	0.000330471	0.0160059
172	0.0175626	0.011465	0.000944695	0.00185528	0.370802	0.001526	0.00153377	0.225865	0.00198965	0.058688	0.0559972	0.00252447	0.00110079	0.00193528	0.00208064	0.00879486	0.00564029	0.209043	0.00659682	0.014055
173	0.0294414	0.00192416	0.00015169	0.00120735	0.00135945	0.933716	0.000304712	0.00182885	0.00262375	0.000550304	0.000621942	0.00314672	0.00162648	0.000332989	0.00067987	0.0174103	0.000842367	0.00183878	9.64224e-05	0.000296398
174	0.0596753	0.0109425	0.259288	0.214602	0.0109777	0.0234396	0.00541231	0.0180557	0.0382914	0.0755989	0.0215892	0.0199286	0.000653721	0.0392321	0.050523	0.0858495	0.0106966	0.0363977	0.000335064	0.0185116
175	0.0217764	0.00267158	0.00200838	0.00304507	0.00230438	0.870444	0.00131792	0.00414412	0.00558121	0.00265114	0.00157512	0.0141276	0.0213568	0.00203066	0.0023024	0.0343674	0.00378202	0.00331838	0.000419994	0.000775047
176	0.0253165	0.0206546	0.000833541	0.00190605	0.327648	0.00312842	0.00134531	0.203069	0.00250734	0.0779771	0.0773883	0.00223387	0.000996008	0.00189471	0.00214967	0.012429	0.00981088	0.199429	0.011368	0.0179149
177	0.00938914	0.00744815	0.000694863	0.0014039	0.0266538	0.00112558	0.0319108	0.00921732	0.219944	0.115628	0.014894	0.0269622	0.012718	0.0330583	0.31555	0.0262325	0.0826901	0.0237455	0.00043651	0.0402973
178	0.0179697	0.00177314	0.000149219	0.0012035	0.0013057	0.949542	0.000278617	0.00164218	0.00264115	0.000531468	0.000474368	0.0026924	0.0016258	0.000326811	0.00061254	0.014878	0.00069252	0.00132907	9.4137e-05	0.000237623
179	0.00397648	0.00171879	0.0012403	0.0220897	0.00203271	0.00160676	0.018467	0.00274663	0.027482	0.0286988	0.00962759	0.0195643	0.000750587	0.00176919	0.00191019	0.785696	0.0491204	0.0115731	0.000640127	0.0092896
180	0.0306979	0.00738105	0.0948152	0.510787	0.014093	0.000838795	0.0106503	0.00564742	0.0269967	0.0116454	0.0100654	0.0245892	0.00132146	0.133926	0.0195748	0.0415701	0.0283247	0.0137696	0.000285743	0.0130198
181	0.020407	0.0166404	0.00151524	0.00301634	0.0685185	0.0169522	0.353834	0.0230392	0.00475136	0.00654856	0.0485601	0.222363	0.00166974	0.0367802	0.0318289	0.0357969	0.0198406	0.0198013	0.00269662	0.0654393
182	0.0169368	0.0436299	0.00470179	0.041008	0.172579	0.00666255	0.00625231	0.0529499	0.0441283	0.120495	0.0445396	0.0113541	0.00321548	0.00785624	0.0100835	0.0167104	0.25829	0.0532861	0.00364494	0.0816758
183	0.124008	0.0013838	0.000916999	0.0571305	0.00166339	0.0170656	0.027046	0.0337734	0.171275	0.20144	0.0269706	0.00238913	0.000984618	0.0672603	0.0770863	0.0343418	0.0790599	0.0662503	0.0004847	0.0094697
184	0.0166898	0.000898383	0.000503462	0.000797326	0.000804485	0.0158037	0.000817627	0.0188541	0.00522913	0.00131154	0.000955759	0.00454201	0.000374514	0.00428179	0.0160016	0.379119	0.526973	0.00518608	0.000259291	0.000597479
185	0.022687	0.00683248	0.0231755	0.00824088	0.0168295	0.0295842	0.0348977	0.0124472	0.0145885	0.0148408	0.00952608	0.57643	0.0169538	0.0131348	0.0182966	0.132302	0.0207701	0.0170367	0.00401408	0.00741284
186	0.00538433	0.00297059	0.000779381	0.0016678	0.0350217	0.00304374	0.449565	0.00433466	0.00204558	0.012779	0.00621683	0.317241	0.00103503	0.021227	0.0730136	0.0145948	0.0119516	0.00486815	0.00796802	0.0242917
187	0.452495	0.030823	0.00106295	0.00160223	0.00222418	0.0101599	0.0122254	0.00266841	0.00251812	0.0111747	0.00176514	0.019489	0.000732978	0.00182385	0.00244308	0.406499	0.0349433	0.00329836	0.000650245	0.00140152
