281	20
1	0.0106944	0.00428985	0.000793151	0.00117285	0.0263396	0.00135196	0.00177515	0.409372	0.000946271	0.183062	0.0127447	0.00148041	0.000987482	0.00109639	0.00125699	0.00277492	0.00894065	0.307394	0.000319773	0.023208
2	0.0211707	0.00404524	0.00125058	0.00172752	0.0061509	0.00177888	0.00131934	0.186698	0.00151832	0.172327	0.00846046	0.00184307	0.000753595	0.0016775	0.00143038	0.00533688	0.00622611	0.574584	0.000474869	0.00122661
3	0.00445539	0.00119623	0.00128963	0.00145343	0.00256378	0.00152006	0.00133412	0.636671	0.00150303	0.00674192	0.00263814	0.00160829	0.000769709	0.00153252	0.00156988	0.00268026	0.00273573	0.326193	0.000425028	0.0011188
4	0.00445293	0.00119357	0.00130768	0.00145383	0.00254452	0.0015315	0.00133368	0.636995	0.00150578	0.00637766	0.00260983	0.00160903	0.000769983	0.0015323	0.00157011	0.00268634	0.00272915	0.326283	0.000425351	0.00108852
5	0.0326759	0.00414138	0.00445514	0.00765573	0.000750888	0.886964	0.000871115	0.00178155	0.000892504	0.00152601	0.000774865	0.00438748	0.00409161	0.00101667	0.000897106	0.0429013	0.0013735	0.0018403	0.00029633	0.000706351
6	0.549663	0.0137874	0.00101381	0.00185313	0.00423232	0.25979	0.00159055	0.00431128	0.00207643	0.00628474	0.00143644	0.00523757	0.0045144	0.00334145	0.00185324	0.0986786	0.0266446	0.0117473	0.000641083	0.001302
7	0.0471816	0.00751797	0.134895	0.05062	0.00798002	0.1966	0.0201	0.050137	0.0264474	0.0227856	0.0111412	0.0907796	0.00783089	0.0223861	0.0165728	0.0913971	0.0703985	0.113083	0.00420417	0.0079409
8	0.499099	0.0200382	0.0024369	0.00606395	0.0032065	0.0349882	0.00250258	0.0182382	0.0077534	0.038	0.0216563	0.00874305	0.0512702	0.00626275	0.00433601	0.106401	0.0964812	0.0677477	0.00109133	0.00368314
9	0.447261	0.0225199	0.00176367	0.00305706	0.00366836	0.0953047	0.00165286	0.0499344	0.00773847	0.0695369	0.0408185	0.00529766	0.00680249	0.00467718	0.0026945	0.0649848	0.0855458	0.081747	0.000751923	0.0042431
10	0.0343365	0.0040759	0.00452413	0.00774481	0.000771832	0.884911	0.000917329	0.00182592	0.000968652	0.00153665	0.000750428	0.00449803	0.00408993	0.00105169	0.00103143	0.0426187	0.00147337	0.00186689	0.000299016	0.000707686
11	0.230736	0.0145963	0.00496714	0.00612301	0.00569796	0.0420681	0.00538721	0.0217178	0.0182519	0.0978825	0.181888	0.0122473	0.0788933	0.0104459	0.0068109	0.0746872	0.139218	0.0406742	0.00165094	0.00605726
12	0.0429955	0.0125744	0.0161339	0.00909159	0.011541	0.0458774	0.00983281	0.0223558	0.0758469	0.0521987	0.021306	0.0227893	0.00781653	0.0121904	0.0449183	0.153781	0.393565	0.0354757	0.00338456	0.00632579
13	0.259528	0.0555916	0.00469157	0.00528962	0.104274	0.0064983	0.004864	0.00857256	0.00589081	0.0336879	0.0046583	0.00753456	0.00311022	0.00571249	0.00508757	0.0132045	0.246266	0.219623	0.00164527	0.00426979
14	0.496403	0.0174798	0.00207158	0.00258534	0.0024116	0.0526472	0.00176045	0.0571862	0.00283578	0.0706837	0.0266799	0.00478566	0.00660556	0.00290068	0.00218554	0.0593334	0.073369	0.113196	0.00120056	0.00367965
15	0.267522	0.0469232	0.00270184	0.00229831	0.00558429	0.0342521	0.00174757	0.0322273	0.0339737	0.0471944	0.0940353	0.0103902	0.0243752	0.0141336	0.00767241	0.112129	0.185722	0.0695678	0.000584958	0.00696565
16	0.0211072	0.00120906	0.00314133	0.0246271	0.00203577	0.00600863	0.0167015	0.00295838	0.304309	0.0128126	0.0123208	0.0111648	0.000747378	0.0531574	0.464131	0.0202853	0.0163388	0.0230722	0.000944753	0.00292665
17	0.0441496	0.000318217	0.0016811	0.00631256	0.0480781	0.00379354	0.00745808	0.118098	0.00429478	0.538977	0.0859275	0.00450551	0.00389979	0.00398683	0.000341908	0.0114612	0.0106089	0.0939886	0.00583107	0.00628836
18	0.018533	0.00099038	0.00177326	0.0213071	0.00173391	0.00525467	0.0140562	0.00236609	0.309871	0.0134128	0.0134267	0.00916696	0.000774218	0.0499161	0.481977	0.0162399	0.0134433	0.0230002	0.000738295	0.00201887
19	0.0251028	0.00336877	0.00721906	0.0185396	0.00593705	0.0094684	0.0255676	0.00964403	0.184249	0.0170927	0.0192666	0.0195383	0.00660331	0.0366439	0.513115	0.0269124	0.0408097	0.0223908	0.0023445	0.00618696
20	0.0130957	0.0220871	0.00344751	0.0153365	0.00693216	0.00426819	0.021948	0.148944	0.0426213	0.235541	0.0822818	0.109587	0.0021341	0.0252595	0.0886287	0.00899418	0.038145	0.0967282	0.0289274	0.00509219
21	0.0254138	0.0278176	0.340819	0.0461248	0.00330642	0.00340593	0.0348364	0.00670947	0.0319623	0.0143261	0.0281062	0.177847	0.00104701	0.044695	0.0158613	0.123143	0.0643143	0.00395869	0.000622186	0.00568313
22	0.069744	0.00108385	0.102147	0.230685	0.0108545	0.0253699	0.0192463	0.0159642	0.0701431	0.0151977	0.00937563	0.0453847	0.184284	0.070044	0.0183931	0.0430431	0.0436897	0.0215273	0.000487038	0.00333639
23	0.0360758	0.00641815	0.270477	0.165716	0.01317	0.0150493	0.0685251	0.00967148	0.0513014	0.0103489	0.00949426	0.100532	0.00117878	0.0355634	0.0230757	0.0651992	0.101313	0.00514987	0.00115745	0.010583
24	0.551451	0.0197572	0.0408278	0.0047067	0.00396711	0.00854389	0.00437647	0.0231276	0.00432771	0.0447783	0.0239303	0.0248431	0.00287104	0.0235825	0.0241713	0.053123	0.00806276	0.0936385	0.0352539	0.00465925
25	0.0144061	0.00106964	0.0582488	0.546758	0.00119988	0.00192155	0.0237065	0.00491369	0.0590048	0.0194088	0.00138963	0.0309471	0.00124668	0.110284	0.0448453	0.0321532	0.0286372	0.0181561	0.000536688	0.00116604
26	0.0053578	0.00153197	0.0012057	0.001341	0.00307012	0.00143446	0.00128384	0.617687	0.00131448	0.0219904	0.00383612	0.00150125	0.000688077	0.00132813	0.00147752	0.00270165	0.00351423	0.326579	0.000386009	0.00177086
27	0.0126132	0.00113945	0.00131015	0.0156432	0.0014665	0.00693337	0.00723115	0.175998	0.0137148	0.130929	0.0159146	0.0135927	0.00444714	0.00176138	0.0151358	0.0029276	0.268236	0.28581	0.000568768	0.0246266
28	0.0150579	0.00973026	0.000550955	0.000573573	0.0104073	0.00067753	0.0015402	0.378846	0.00245905	0.263737	0.0300912	0.000828277	0.000374283	0.000845964	0.00074965	0.00221867	0.0122611	0.264705	0.000253026	0.0040929
29	0.0188577	0.00602727	0.00194716	0.0035017	0.147583	0.00303111	0.00388142	0.125027	0.00283849	0.412566	0.0296034	0.00690634	0.00389567	0.003189	0.00201876	0.0065034	0.00733838	0.148708	0.00684099	0.0597361
30	0.110775	0.00195925	0.00602982	0.00970685	0.00865742	0.122021	0.00280411	0.0056463	0.00930445	0.00366615	0.00199007	0.0892638	0.0097567	0.00596087	0.00313884	0.559349	0.0305005	0.00454729	0.00528359	0.00963923
31	0.0166646	0.0111992	0.00255597	0.00233604	0.271829	0.00266204	0.00989995	0.0408436	0.0025801	0.085313	0.107166	0.0116063	0.00186279	0.00259199	0.0025744	0.00518642	0.00374347	0.0833262	0.0559729	0.280086
32	0.597101	0.0171543	0.0013412	0.0020373	0.00236097	0.136674	0.0040864	0.00303504	0.00342221	0.00528473	0.00108739	0.011288	0.00629473	0.00696027	0.00385182	0.145309	0.0299825	0.0190433	0.00108435	0.00260124
33	0.239758	0.0282888	0.0154685	0.00706313	0.00416905	0.212857	0.0336467	0.024744	0.0235127	0.00930701	0.0047967	0.0617857	0.0108791	0.0527329	0.0558559	0.16268	0.0112373	0.0303788	0.0031886	0.0076501
34	0.0498991	0.387008	0.0298618	0.0181464	0.0196632	0.0986474	0.0178165	0.0236225	0.0198891	0.0290783	0.0179819	0.0230181	0.0101392	0.0216209	0.0165494	0.0543051	0.0329792	0.0419972	0.0708765	0.0169
35	0.0328441	0.00422304	0.0043426	0.0076044	0.000755419	0.886753	0.000861916	0.00180224	0.00086814	0.00156886	0.000764636	0.00418375	0.00409082	0.000994435	0.000851229	0.0432045	0.00140385	0.00187447	0.000296364	0.000712411
36	0.0198462	0.00533514	0.00196077	0.00311245	0.0273975	0.00264311	0.00347026	0.27356	0.00252245	0.438408	0.0971083	0.00293589	0.0188205	0.00920695	0.00188629	0.0057012	0.00608549	0.0546115	0.00456057	0.0208274
37	0.145107	0.00270231	0.0225051	0.0667602	0.0155899	0.0069218	0.0103177	0.0110873	0.0301894	0.00905654	0.00336178	0.00684875	0.538111	0.0131242	0.00352857	0.0566309	0.0221002	0.0267765	0.00114729	0.00813362
38	0.0181959	0.000682722	0.00389475	0.000899423	0.200839	0.00474274	0.0177228	0.00480369	0.00402065	0.0424314	0.000856523	0.0142288	0.00176278	0.00465236	0.0031094	0.00524199	0.00167495	0.010017	0.0163331	0.64389
39	0.0185088	0.000671312	0.00389248	0.000921403	0.200019	0.00463109	0.0181017	0.00475076	0.00412813	0.0431635	0.000884915	0.0141935	0.00178027	0.00475733	0.00314016	0.00526689	0.00170408	0.0100838	0.0162594	0.643141
40	0.0121876	0.00484633	0.000324994	0.000429172	0.00707308	0.000467716	0.00130402	0.398121	0.000589361	0.167806	0.0152691	0.000498125	0.000266906	0.000436869	0.000431787	0.00229014	0.00637778	0.375237	0.000159848	0.00588245
41	0.151277	0.00134413	0.00177825	0.00918446	0.0163125	0.195578	0.0017909	0.00256668	0.00514505	0.0032045	0.00179217	0.0192266	0.00809343	0.00209952	0.00180282	0.535834	0.010405	0.00366218	0.0102962	0.0186069
42	0.0602965	0.00284142	0.227034	0.105145	0.000708382	0.216658	0.0257375	0.00708269	0.0438549	0.00951657	0.00357635	0.121325	0.00684016	0.0348338	0.0292211	0.0661626	0.0201095	0.0174202	0.000516979	0.00111902
43	0.0527342	0.0145576	0.186532	0.211959	0.00110083	0.0145106	0.00578855	0.0533413	0.05088	0.0486078	0.0202612	0.0401851	0.00417459	0.0573248	0.0165067	0.0500943	0.113842	0.0549021	0.000580943	0.00211567
44	0.086484	0.0219509	0.000957002	0.00519712	0.0520519	0.00219622	0.00209144	0.200388	0.00227449	0.162623	0.0316224	0.00177007	0.00187444	0.00369689	0.00225808	0.0237371	0.0491694	0.346287	0.000421741	0.00294848
45	0.0431633	0.000742028	0.00170659	0.0082116	0.0461847	0.00379634	0.0070203	0.121169	0.00533759	0.533242	0.081084	0.0058896	0.00543285	0.00395016	0.00077209	0.0123359	0.0118556	0.0967687	0.0053933	0.00594371
46	0.0812001	0.00425489	0.0121486	0.0353127	0.0302608	0.0160569	0.0664559	0.0160358	0.143952	0.0325105	0.031413	0.0324061	0.00888943	0.0821007	0.189589	0.0758264	0.0683146	0.0341771	0.00472086	0.0343742
47	0.0195296	0.0257134	0.154486	0.0145139	0.00400644	0.00493479	0.012968	0.00793804	0.0399667	0.0112886	0.011013	0.186335	0.00248664	0.0131757	0.0257306	0.223705	0.230241	0.00697744	0.00135712	0.00363252
48	0.149331	0.00126472	0.0236288	0.084022	0.0046152	0.00248479	0.0120337	0.014364	0.0323159	0.00640721	0.00171138	0.00286609	0.533697	0.00956848	0.00175568	0.0513186	0.0157781	0.0476227	0.00048756	0.00472711
49	0.0383669	0.0014195	0.00369291	0.00199918	0.260383	0.00424943	0.0183392	0.00498309	0.0118243	0.0751107	0.00243715	0.0162035	0.0079423	0.00453639	0.00930211	0.0103962	0.00361432	0.0102729	0.0105966	0.50433
50	0.0407095	0.00177574	0.10517	0.0414897	0.00250656	0.169021	0.0539426	0.00381274	0.0845032	0.0138956	0.00246111	0.200876	0.00351164	0.0179584	0.217139	0.0198798	0.00593295	0.0056119	0.00285736	0.00694429
51	0.00802774	0.00327171	0.000510276	0.000685444	0.00681977	0.000565638	0.0015192	0.516403	0.000695193	0.120723	0.0125604	0.000753937	0.000340328	0.000601101	0.000631131	0.00202809	0.00500981	0.313033	0.000163974	0.00565641
52	0.0419979	0.00581525	0.308145	0.188358	0.00425596	0.0105656	0.0306449	0.0411107	0.0509008	0.0200076	0.00950187	0.0729265	0.00161092	0.025827	0.0330069	0.0426203	0.0852237	0.0229363	0.000739598	0.00380518
53	0.14992	0.0149005	0.00182073	0.00372812	0.00980979	0.00355616	0.000930983	0.141102	0.00296987	0.064198	0.023088	0.00115095	0.00244523	0.00460091	0.00271457	0.0230888	0.0747222	0.472499	0.000277205	0.00247617
54	0.0214814	0.0026297	0.00372875	0.021035	0.0415924	0.00825233	0.107903	0.0232342	0.160655	0.103985	0.0395541	0.0122799	0.00265048	0.0284321	0.329195	0.0290016	0.0113281	0.0267595	0.00491186	0.0213908
55	0.0164759	0.00104542	0.0601597	0.542557	0.0011983	0.00258782	0.0228575	0.00492992	0.0597255	0.0198269	0.00143024	0.0303783	0.00128378	0.108179	0.045613	0.0329034	0.0290387	0.0180311	0.000642996	0.00113568
56	0.241295	0.018598	0.00297459	0.00500437	0.004503	0.00900855	0.00131775	0.109553	0.00360162	0.0344926	0.0131023	0.0016463	0.00160837	0.00292495	0.00194055	0.023976	0.061169	0.459386	0.000396282	0.00350205
57	0.0127485	0.00111345	0.00126671	0.0161254	0.00143066	0.00694197	0.00739545	0.177925	0.0133792	0.132559	0.0163628	0.0139778	0.00445999	0.00175864	0.0155128	0.00289731	0.266953	0.282497	0.000572226	0.0241225
58	0.260898	0.0114861	0.0224982	0.107713	0.00247694	0.0381414	0.00275082	0.00351294	0.176955	0.00546451	0.00245138	0.00327837	0.00154514	0.0334757	0.0557804	0.229388	0.0240947	0.0153238	0.000706358	0.00205966
59	0.011064	0.00470435	0.00032245	0.00042206	0.00814787	0.000487793	0.00157203	0.427713	0.000628261	0.178385	0.015315	0.000531156	0.000276688	0.000414477	0.000444335	0.00225559	0.00679476	0.332941	0.000144658	0.00743483
60	0.0225797	0.00155921	0.587362	0.020133	0.0173451	0.0137201	0.0440433	0.011306	0.00208626	0.0368486	0.00209637	0.195777	0.00117816	0.00766815	0.00175095	0.021076	0.00372476	0.00477168	0.000633269	0.00434041
61	0.0786739	0.00213538	0.0459045	0.0226712	0.00310374	0.0163646	0.0303695	0.00514414	0.0883886	0.019209	0.00354571	0.0188191	0.262923	0.0304962	0.134019	0.100417	0.108478	0.0252614	0.00107785	0.00299825
62	0.0901645	0.00110624	0.0667727	0.081209	0.00330427	0.0347298	0.0390712	0.00548876	0.0780648	0.00969989	0.00631831	0.0421574	0.242352	0.050481	0.0192226	0.121773	0.0898726	0.0131381	0.000680973	0.00439325
63	0.0189105	0.00072226	0.00393751	0.000914654	0.201209	0.00464535	0.0176225	0.00503629	0.00407799	0.0432333	0.00131158	0.0142242	0.00183002	0.00465075	0.00319722	0.00544989	0.0018062	0.0104565	0.0165921	0.640172
64	0.02305	0.00141421	0.643103	0.0860726	0.00524263	0.0266018	0.0191236	0.00494431	0.00855238	0.0107202	0.00422216	0.0878195	0.00117404	0.0387037	0.00326475	0.0210368	0.00554691	0.00679157	0.000518755	0.00209652
65	0.0474108	0.00538497	0.0147652	0.0405271	0.0164265	0.0130548	0.0233497	0.0438488	0.294374	0.0277299	0.0104247	0.00405817	0.00199583	0.0366774	0.108146	0.0271813	0.0476963	0.0926598	0.00202894	0.142259
66	0.036486	0.00353782	0.00187957	0.00606629	0.0460333	0.00415781	0.00633084	0.139194	0.00491494	0.50595	0.0657179	0.00463977	0.00389503	0.00487527	0.0016571	0.0109615	0.0133671	0.123941	0.0050549	0.0113408
67	0.015212	0.00513196	0.000369438	0.000490604	0.00669946	0.000565908	0.00108911	0.339319	0.000621365	0.154577	0.0152197	0.000632615	0.000271101	0.000559756	0.000505881	0.00263435	0.00632209	0.445991	0.000200804	0.00358685
68	0.0236405	0.00539372	0.00135994	0.00383727	0.03943	0.00246671	0.00436975	0.184192	0.00300423	0.546032	0.0696219	0.00330962	0.00536855	0.00362187	0.000815439	0.0070637	0.00750206	0.069425	0.00672715	0.0128182
69	0.666579	0.0238089	0.000755766	0.00228541	0.000726132	0.0469574	0.000769662	0.00159977	0.00315218	0.00470539	0.000659147	0.00860521	0.00950035	0.00657549	0.00306228	0.153472	0.0401384	0.0259366	0.000189028	0.000522161
70	0.114896	0.0504475	0.00364742	0.00431543	0.00850272	0.0295173	0.00331526	0.0266638	0.0535384	0.040782	0.0990164	0.0198563	0.0402758	0.0278529	0.0118062	0.120509	0.26974	0.0648932	0.000993395	0.00943095
71	0.0325905	0.00405078	0.0055381	0.00831136	0.000727603	0.883331	0.00115283	0.00184815	0.00126386	0.0015355	0.00079726	0.00519817	0.00407235	0.00142223	0.00137234	0.0424565	0.00146389	0.00186846	0.000293193	0.000706366
72	0.664633	0.0223545	0.000757715	0.00230218	0.000710689	0.0476577	0.000821989	0.00166109	0.00344414	0.00502186	0.000702697	0.00877214	0.00950634	0.00652223	0.0033758	0.154632	0.0389799	0.0272254	0.000298516	0.000619475
73	0.0498086	0.00659638	0.0354448	0.0367177	0.0134598	0.0175459	0.0618009	0.00132061	0.214378	0.0118619	0.00428549	0.0499053	0.000543442	0.0278199	0.208597	0.12533	0.100562	0.0174369	0.00948022	0.00710552
74	0.2484	0.00184818	0.0130239	0.050785	0.00586036	0.00698764	0.00536956	0.00660797	0.0183334	0.00514718	0.00224299	0.00307381	0.493831	0.00689617	0.00250524	0.046733	0.0345528	0.033771	0.000856273	0.0131738
75	0.0534846	0.00696939	0.0331824	0.0338455	0.0148822	0.0178201	0.0618329	0.00258911	0.210795	0.0148397	0.0054273	0.0471989	0.000811574	0.0292143	0.220855	0.112651	0.0934383	0.0176742	0.0113448	0.0111435
76	0.049887	0.00945421	0.0551309	0.00271155	0.00187572	0.00285575	0.0158434	0.00716822	0.00974807	0.0039105	0.00177993	0.0664502	0.00117801	0.00237044	0.017903	0.212262	0.529142	0.00788004	0.000654706	0.00179491
77	0.0253815	0.00185469	0.00192075	0.00249581	0.014069	0.00259543	0.00248202	0.416336	0.00288193	0.226511	0.123089	0.00335776	0.0528537	0.019204	0.00260553	0.0046617	0.00596016	0.0822949	0.00131617	0.00812922
78	0.0767114	0.000915175	0.101912	0.185803	0.00707203	0.0353656	0.0296074	0.0112448	0.0659622	0.0106955	0.0115615	0.0502855	0.182235	0.0657254	0.0173191	0.0721045	0.0504526	0.0189579	0.000466826	0.00560202
79	0.0212678	0.000773794	0.685438	0.109252	0.000871129	0.0264565	0.00890912	0.00228765	0.00866446	0.00170328	0.00475035	0.0396803	0.000646637	0.0587592	0.00111447	0.0192308	0.00170379	0.00734403	0.000349098	0.000798323
80	0.432245	0.0159919	0.00115997	0.00128011	0.00111914	0.0418457	0.00117197	0.070357	0.00177172	0.105861	0.0351572	0.00318987	0.00318118	0.00147576	0.00121044	0.0518827	0.0860608	0.14176	0.000447265	0.00283025
81	0.0497945	0.00670056	0.0357644	0.0367633	0.0133659	0.0173958	0.0621982	0.00134401	0.214727	0.0117976	0.0042767	0.0499298	0.000557189	0.0278192	0.208382	0.125531	0.0998725	0.0171844	0.00946255	0.00713364
82	0.167441	0.020763	0.00331981	0.00577848	0.00370552	0.00266262	0.000912066	0.123026	0.00358694	0.0266225	0.00929169	0.00124239	0.00103123	0.00299637	0.0019171	0.0239388	0.0673883	0.529703	0.000338516	0.00433447
83	0.122905	0.0230995	0.00108285	0.00197544	0.0179867	0.00460087	0.000873311	0.117074	0.00139427	0.0962087	0.0178249	0.00100287	0.00218553	0.00340825	0.00225101	0.0242103	0.107497	0.450769	0.000219882	0.00343123
84	0.0148149	0.0051741	0.000380257	0.000514184	0.00652065	0.000562544	0.00106313	0.356711	0.00063266	0.149213	0.0144119	0.00059971	0.000273146	0.000580632	0.000502038	0.00254712	0.00610897	0.435461	0.000195881	0.00373321
85	0.0156327	0.00551265	0.000359094	0.000526623	0.00644438	0.000513756	0.00112114	0.386962	0.000564169	0.145255	0.0145635	0.000597054	0.000257808	0.000495079	0.000470772	0.00244263	0.00632076	0.407492	0.000185916	0.00428288
86	0.0348979	0.00420608	0.00458065	0.00791122	0.000986734	0.880478	0.00105843	0.00204985	0.00124124	0.00186971	0.00095606	0.0042338	0.00489671	0.00125248	0.00105158	0.0427434	0.0018059	0.00237953	0.000441983	0.000958442
87	0.502452	0.0103907	0.00125983	0.00177739	0.00621972	0.339261	0.00229566	0.00588404	0.00180362	0.00735741	0.00195132	0.00376886	0.00286249	0.00224337	0.00156866	0.0747896	0.0248567	0.00680837	0.000701046	0.00174788
88	0.0366401	0.00394161	0.0104388	0.0106841	0.00134079	0.843028	0.00300817	0.00240235	0.00269323	0.00224329	0.00119417	0.0120107	0.00397049	0.00316198	0.00309525	0.0517938	0.00417698	0.00261377	0.000474842	0.00108709
89	0.0628293	0.00264809	0.00411101	0.00328969	0.291793	0.00455749	0.0140191	0.00730606	0.0112358	0.0934307	0.00534378	0.0134335	0.014918	0.00490884	0.00928367	0.0191261	0.00564769	0.0171538	0.00775424	0.40721
90	0.0444643	0.00581747	0.00306113	0.00916014	0.00948751	0.0146338	0.00767218	0.222726	0.0129665	0.118899	0.0215943	0.0124945	0.00505825	0.00978927	0.0200528	0.0124551	0.138187	0.313385	0.000815402	0.0172803
91	0.0369632	0.00409267	0.00464191	0.00759432	0.000791465	0.881889	0.000911097	0.00185596	0.000920124	0.00161843	0.00078081	0.00436243	0.00403625	0.0011711	0.0009555	0.0428239	0.00169691	0.00189961	0.000297365	0.000697894
92	0.0133156	0.0150423	0.00099009	0.00130615	0.0228499	0.00117606	0.00145761	0.269873	0.00349402	0.472541	0.04371	0.00161987	0.0014639	0.00151046	0.00097195	0.00257909	0.0125292	0.12048	0.00311863	0.00997153
93	0.073799	0.0033422	0.0881255	0.420402	0.0030765	0.0205976	0.0138281	0.00944109	0.0716233	0.0170116	0.00628644	0.0303916	0.00923938	0.082946	0.0344109	0.0455278	0.0424742	0.0204456	0.00249424	0.00453726
94	0.173129	0.0144439	0.00142275	0.00213324	0.00977339	0.00927427	0.00146645	0.110901	0.00220965	0.117452	0.0465293	0.00171993	0.00573417	0.00404723	0.00279672	0.0317807	0.111464	0.350684	0.00040287	0.00263498
95	0.396596	0.0172635	0.00101284	0.00128028	0.00316414	0.0317431	0.00100798	0.0777862	0.0015284	0.108864	0.0331272	0.00237535	0.00282782	0.00152433	0.00115644	0.0492075	0.0881682	0.178718	0.00038798	0.00226152
96	0.0702084	0.00462697	0.136031	0.251916	0.00829788	0.0307726	0.0164049	0.0179016	0.0604796	0.0185729	0.00974948	0.0398924	0.100442	0.0578131	0.0188362	0.0536107	0.047227	0.0462974	0.00168402	0.00923548
97	0.428025	0.0166483	0.00476368	0.0051966	0.00380688	0.0216466	0.00648848	0.00623807	0.0059192	0.00839821	0.00315464	0.0978123	0.00534311	0.0606162	0.0050677	0.167975	0.0819385	0.0634427	0.00143461	0.00608412
98	0.0301973	0.00345789	0.00198975	0.00428554	0.115969	0.00313822	0.00466034	0.100298	0.00346466	0.525945	0.0458808	0.00626965	0.00422458	0.00297269	0.0014707	0.00830251	0.00719664	0.0984786	0.00530779	0.0264903
99	0.0651777	0.00817306	0.0329173	0.0018915	0.00161862	0.00243855	0.0136409	0.0085055	0.00302463	0.00324424	0.0014751	0.0196973	0.000993821	0.00175595	0.0133545	0.200223	0.610737	0.00924844	0.000516688	0.00136581
100	0.0105314	0.00534785	0.000361388	0.000384727	0.00805047	0.000409301	0.00181534	0.435589	0.00102654	0.212229	0.0194251	0.000499041	0.000338096	0.000482365	0.000453561	0.00218895	0.00836297	0.285384	0.000153279	0.00696779
101	0.0150655	0.00536454	0.000373419	0.000469035	0.00693095	0.000542004	0.00107333	0.344915	0.000611669	0.154856	0.0152397	0.000576859	0.000264788	0.00051791	0.00050237	0.00257367	0.00645993	0.439722	0.000193825	0.00374699
102	0.037807	0.00652421	0.284727	0.303279	0.00211651	0.0154662	0.0121169	0.0199425	0.0344127	0.0166072	0.00928982	0.0304678	0.00310442	0.106071	0.016572	0.0401136	0.0378808	0.0194011	0.000963531	0.00313712
103	0.180717	0.00180802	0.00270123	0.0032338	0.0375192	0.0374358	0.00301822	0.0457293	0.0618254	0.236545	0.125063	0.0150485	0.0123301	0.038397	0.133943	0.0174913	0.00565706	0.0270606	0.00103961	0.013437
104	0.0697654	0.000657371	0.102499	0.222324	0.0104022	0.0247252	0.0201989	0.0162866	0.0677993	0.0135501	0.0095505	0.0458211	0.197163	0.0685953	0.0178448	0.0432704	0.044239	0.021689	0.000353475	0.00326466
105	0.584348	0.0495882	0.00120548	0.00388057	0.00147852	0.0433075	0.00177636	0.00289025	0.00255899	0.00600338	0.00284047	0.00735624	0.019024	0.00903729	0.00224533	0.121121	0.112683	0.0264408	0.000550722	0.00166386
106	0.0214101	0.000785784	0.684214	0.109291	0.000868899	0.0269985	0.00895653	0.00227104	0.00872568	0.00172571	0.0047141	0.0399815	0.000657374	0.0586475	0.001165	0.0192947	0.00175082	0.00739394	0.0003491	0.000798168
107	0.0437528	0.000493242	0.00164556	0.00620729	0.0478471	0.00376753	0.0072885	0.119973	0.00426028	0.537929	0.0861273	0.00444976	0.00389179	0.00390098	0.00033018	0.0112765	0.0105137	0.0944051	0.00571286	0.00622823
108	0.110643	0.0215841	0.00101026	0.00255776	0.0242708	0.00317639	0.000732059	0.138933	0.00140246	0.0979557	0.01635	0.000819293	0.00153015	0.00302099	0.00180075	0.0228663	0.0817384	0.465223	0.000224213	0.00416206
109	0.00996397	0.00456343	0.000435663	0.0005419	0.0149404	0.0006871	0.00168868	0.433021	0.000758019	0.190169	0.0146653	0.000745177	0.000487896	0.000612798	0.000577408	0.00234034	0.00751571	0.303021	0.000188125	0.0130777
110	0.0441727	0.00029114	0.0016818	0.00633207	0.048163	0.00379661	0.0074823	0.117663	0.00430705	0.539432	0.0858576	0.00452473	0.00390325	0.00399783	0.0003407	0.011495	0.0105787	0.0938387	0.00585469	0.00628735
111	0.666472	0.0227919	0.00075808	0.0022451	0.00068699	0.0471027	0.000764593	0.00155849	0.00321811	0.00476847	0.000612235	0.00898609	0.00899074	0.00664739	0.00311662	0.156052	0.038295	0.0262323	0.000191626	0.000510384
112	0.14159	0.0142036	0.0012734	0.00288832	0.0110862	0.00390574	0.00127492	0.143524	0.00198017	0.0931277	0.0307677	0.00144844	0.00516641	0.00500375	0.00318336	0.0270746	0.0992135	0.410629	0.000247127	0.00241244
113	0.0326493	0.0041553	0.0043	0.00756078	0.000752384	0.887581	0.000825163	0.00178932	0.000856764	0.00152414	0.000756115	0.00419257	0.00409592	0.000983026	0.000849236	0.0429365	0.0013541	0.00183294	0.00029631	0.000708666
114	0.122867	0.00378487	0.123063	0.319222	0.00267977	0.0359855	0.00596108	0.00479414	0.0827079	0.0122573	0.00915357	0.0306553	0.00315675	0.0755942	0.0325225	0.062092	0.0530527	0.0122202	0.00436136	0.00386909
115	0.0313792	0.00372827	0.00212487	0.00498884	0.091175	0.00311028	0.00541635	0.145541	0.00379311	0.482835	0.0525954	0.0102112	0.00754314	0.00365875	0.00127848	0.00933049	0.00898245	0.10973	0.00460629	0.0179723
116	0.0697727	0.00535687	0.00664133	0.00728692	0.0574491	0.00575134	0.00932493	0.149044	0.00657391	0.404693	0.0525559	0.0224795	0.00453522	0.00746073	0.00428934	0.0110207	0.0155071	0.144197	0.00368556	0.0123755
117	0.0778314	0.00174548	0.0122326	0.0827003	0.00253629	0.0128865	0.00350954	0.0125858	0.305034	0.0156645	0.00393678	0.0228008	0.00163114	0.14484	0.187167	0.0157274	0.0160768	0.0778288	0.000849291	0.00241485
118	0.123654	0.00369696	0.122698	0.319529	0.00273955	0.0360238	0.00595057	0.00456456	0.082883	0.0120309	0.00909613	0.030749	0.00316625	0.0754561	0.0324974	0.0621922	0.0527717	0.0121016	0.00432327	0.00387668
119	0.209075	0.0567567	0.00302917	0.00269396	0.00771589	0.0379525	0.00158153	0.0337992	0.0474282	0.0369167	0.101636	0.0125897	0.0232445	0.0209219	0.0114514	0.123021	0.192933	0.0661579	0.000626645	0.0104692
120	0.0662875	0.0026085	0.202458	0.0907544	0.00147142	0.216469	0.0320087	0.00676103	0.0527248	0.0119333	0.00356647	0.115808	0.00791605	0.0339535	0.0565349	0.0563341	0.0225494	0.0149045	0.00159869	0.00335796
121	0.0127681	0.00688252	0.000469385	0.000688436	0.0103985	0.000613573	0.00158087	0.405644	0.00181221	0.265107	0.0236292	0.00078855	0.00101387	0.0009026	0.000615341	0.0022304	0.00947005	0.248566	0.00057969	0.00623985
122	0.123343	0.00366223	0.122438	0.31999	0.00271373	0.035775	0.00615661	0.00459174	0.0831705	0.0121547	0.00907062	0.0305305	0.00320026	0.0754426	0.0328466	0.0618161	0.0527	0.0122355	0.00430656	0.00385586
123	0.0252447	0.0176403	0.00104042	0.00166075	0.0219685	0.00131198	0.00148836	0.301269	0.00576823	0.362875	0.0352555	0.00187544	0.00146078	0.00153128	0.000963472	0.00446925	0.0243161	0.187243	0.000642905	0.00197475
124	0.036762	0.00192637	0.101719	0.0915857	0.00881733	0.0960542	0.0355397	0.0032096	0.00199804	0.0323726	0.00173552	0.0995992	0.0183202	0.00508323	0.00180595	0.248699	0.18993	0.00446881	0.00269066	0.0176831
125	0.0697647	0.000659636	0.102382	0.222256	0.0104047	0.0247562	0.020226	0.0163178	0.0677879	0.0135521	0.00957223	0.045864	0.197107	0.068608	0.0178345	0.0433367	0.044226	0.0217209	0.000353475	0.00326966
126	0.0518551	0.00648961	0.0359264	0.0358268	0.0155558	0.0184562	0.0589827	0.0016387	0.206366	0.0154966	0.00447399	0.0499153	0.000794621	0.0297514	0.202661	0.120551	0.109648	0.0173534	0.0107383	0.00751933
127	0.0393535	0.00185959	0.0951711	0.040591	0.00329861	0.164909	0.0558875	0.004353	0.0930904	0.0132174	0.00390522	0.185001	0.00298088	0.0183163	0.227459	0.0239492	0.00987877	0.00677547	0.00290721	0.00709643
128	0.38198	0.00591981	0.00542164	0.00418488	0.00412314	0.253948	0.05629	0.00772834	0.00678657	0.00732844	0.004446	0.0233461	0.00473322	0.0241983	0.00976814	0.0901779	0.0232257	0.0240222	0.0159747	0.0463965
129	0.0137782	0.00510805	0.000325658	0.000532904	0.00869778	0.000607116	0.00150171	0.40533	0.000679312	0.176905	0.0156181	0.00052374	0.000299081	0.00048927	0.000494391	0.00268744	0.0079331	0.351614	0.00017253	0.00670234
130	0.0908252	0.00212523	0.00259794	0.073073	0.0155327	0.00250323	0.0044968	0.0871127	0.164632	0.124797	0.0230072	0.00426462	0.00144242	0.0643334	0.08351	0.010706	0.0145716	0.163702	0.0291182	0.0376481
131	0.00853731	0.0153427	0.00299644	0.0997033	0.00312111	0.00395653	0.0290534	0.00475857	0.0471945	0.0505134	0.00818334	0.00414764	0.00175458	0.377713	0.28822	0.00661598	0.00857676	0.0360615	0.000890838	0.0026591
132	0.0641545	0.00830227	0.0314665	0.00282795	0.00281631	0.00451067	0.0138353	0.00867362	0.00630239	0.00600813	0.00256628	0.020972	0.00190918	0.00253864	0.0142135	0.192479	0.602339	0.0112839	0.000921187	0.00187973
133	0.0340576	0.00145256	0.00228371	0.0106696	0.00178048	0.0199063	0.00188721	0.0111491	0.00493998	0.00360485	0.00196354	0.218303	0.0174992	0.0110134	0.00192091	0.553637	0.0975032	0.00390066	0.000706121	0.00182145
134	0.0745167	0.00239127	0.0468331	0.0155164	0.0186468	0.00402657	0.0293014	0.175125	0.0130679	0.15754	0.0120651	0.0986372	0.00286911	0.0272563	0.0215542	0.00726203	0.0357199	0.224787	0.00104845	0.031836
135	0.11985	0.00100112	0.0346639	0.0938914	0.00497436	0.00497604	0.00881704	0.00743535	0.0464521	0.00422887	0.00221681	0.0057089	0.550039	0.0181538	0.00294315	0.0506257	0.0173228	0.0218268	0.000509929	0.00436191
136	0.0629849	0.00159623	0.519525	0.00787507	0.0284007	0.0367422	0.07247	0.00521525	0.00210772	0.0216889	0.00195736	0.156872	0.0013293	0.0185658	0.00194385	0.0400468	0.00385173	0.00635337	0.000761803	0.00971212
137	0.00445293	0.00119357	0.00130768	0.00145383	0.00254452	0.0015315	0.00133368	0.636995	0.00150578	0.00637766	0.00260983	0.00160903	0.000769983	0.0015323	0.00157011	0.00268634	0.00272915	0.326283	0.000425351	0.00108852
138	0.0178885	0.001186	0.00421419	0.000970932	0.206299	0.00444612	0.0169758	0.00677742	0.00375851	0.0440496	0.00707183	0.0144875	0.00164099	0.00440787	0.00290309	0.00532119	0.00170397	0.0135428	0.0225556	0.619799
139	0.6423	0.0212178	0.00182518	0.0029007	0.000983109	0.0451426	0.00117325	0.00791198	0.00316744	0.0126832	0.00380964	0.00823404	0.0138629	0.00665133	0.00370455	0.13507	0.0428118	0.0439896	0.00117842	0.00138205
140	0.289135	0.0391396	0.00142695	0.00171169	0.0270656	0.0543101	0.00165117	0.119955	0.00181382	0.084602	0.0112502	0.00231357	0.00116754	0.00187259	0.0014291	0.00395387	0.00769779	0.342344	0.000515787	0.00664511
141	0.0327249	0.00408073	0.00565499	0.00815569	0.000751032	0.882848	0.00115157	0.00183852	0.00130838	0.00151372	0.000827795	0.00525707	0.0040236	0.00147215	0.00132302	0.0426003	0.00153944	0.00194288	0.0003055	0.000680422
142	0.0279863	0.00105888	0.632854	0.0881608	0.00542281	0.0387725	0.0194984	0.00404055	0.00990796	0.00770825	0.00385106	0.0768079	0.00276171	0.040452	0.00350513	0.0228267	0.00407558	0.00791011	0.000427561	0.0019722
143	0.242768	0.0780631	0.00268589	0.00277616	0.0221042	0.060351	0.00328382	0.089792	0.00302197	0.0753707	0.0209201	0.00366719	0.00225263	0.00318014	0.00310567	0.00759824	0.0123228	0.358593	0.00146199	0.00668152
144	0.15262	0.0213779	0.0040202	0.00808822	0.00409482	0.00242209	0.00116775	0.171679	0.00311213	0.027692	0.0104505	0.00135372	0.00145378	0.00390598	0.00227759	0.0238837	0.0667156	0.488576	0.000347758	0.00476113
145	0.0596958	0.00689548	0.0866524	0.356924	0.0022794	0.00808363	0.00758728	0.0389262	0.0419446	0.0332522	0.0100296	0.0279439	0.00437657	0.113017	0.0137571	0.029046	0.087063	0.0681799	0.00110058	0.00324543
146	0.604469	0.021967	0.00101746	0.00426289	0.00150784	0.0973135	0.00317417	0.00422123	0.00285934	0.00805072	0.00292104	0.00647581	0.0250749	0.0058153	0.00272855	0.11901	0.0525153	0.0333581	0.000890119	0.00236822
147	0.0562649	0.0068028	0.140528	0.0331473	0.00894917	0.091367	0.0462652	0.0106854	0.0143084	0.0197652	0.0065088	0.0651891	0.00799726	0.0654837	0.011743	0.168133	0.165354	0.0166101	0.055537	0.00935962
148	0.0385976	0.00339075	0.00285067	0.0125168	0.00983395	0.0175652	0.0125797	0.154652	0.0120582	0.143327	0.0344113	0.0114244	0.020339	0.0157299	0.0144308	0.0137675	0.19373	0.254737	0.000730886	0.0333274
149	0.517937	0.0179999	0.00359935	0.00455292	0.00414245	0.0485551	0.0027541	0.0504799	0.00388753	0.0579466	0.0233263	0.00607698	0.0105332	0.00405502	0.0029989	0.0688172	0.0733694	0.0936508	0.00181783	0.00349918
150	0.0421255	0.0105517	0.0637069	0.0376853	0.0183463	0.0174641	0.126233	0.0139357	0.0896692	0.0232125	0.0156845	0.174856	0.0108425	0.0856924	0.0611895	0.0944277	0.076974	0.0208993	0.00540668	0.0110965
151	0.0186075	0.000897815	0.00166773	0.0215383	0.00109191	0.00505795	0.0116672	0.00185573	0.314673	0.012388	0.0124794	0.00889718	0.000731762	0.0510859	0.484079	0.0159307	0.0133712	0.0220012	0.00051874	0.00145922
152	0.0968752	0.00604797	0.00861985	0.225034	0.00837579	0.00998299	0.191256	0.0127435	0.0103767	0.0584532	0.0476258	0.0137259	0.0111217	0.187016	0.00937873	0.0216651	0.0542316	0.0171478	0.00285244	0.00746971
153	0.333508	0.00815983	0.0029839	0.0043478	0.00551957	0.4701	0.00705875	0.0178013	0.00371385	0.0142627	0.0052196	0.0071766	0.00314282	0.00585188	0.00462729	0.0629599	0.0199242	0.0163378	0.00163925	0.00566483
154	0.0277274	0.00250419	0.0239977	0.024672	0.00696905	0.0267668	0.0564463	0.00649728	0.199385	0.0157817	0.0133741	0.0571237	0.00176058	0.0321009	0.407305	0.0413761	0.0286891	0.0169435	0.00332267	0.00725751
155	0.0322236	0.00551315	0.00524744	0.00976895	0.01849	0.00393689	0.0202186	0.25785	0.035945	0.175519	0.0518457	0.0315705	0.00207925	0.0387688	0.0395917	0.0136651	0.0226247	0.219269	0.00162178	0.0142508
156	0.346576	0.0243787	0.00108102	0.00145563	0.0140886	0.0318864	0.00111005	0.108832	0.00119389	0.115347	0.0173445	0.00210886	0.00171821	0.00164357	0.00133185	0.0234978	0.0468048	0.255671	0.000416056	0.00351369
157	0.524276	0.0108938	0.00159965	0.00272507	0.00552209	0.286017	0.0028807	0.00912776	0.00239407	0.0160047	0.00618247	0.0052463	0.00438878	0.0030835	0.00205372	0.0729505	0.0263752	0.0140788	0.00101915	0.00318059
158	0.0251028	0.0227255	0.300749	0.0879809	0.00400442	0.00608417	0.0265675	0.0197353	0.0402922	0.0207257	0.0223955	0.150183	0.00147263	0.0304875	0.0207651	0.0986318	0.106761	0.0103872	0.000473216	0.00447595
159	0.0931502	0.00228822	0.0204357	0.00429182	0.0243872	0.0132675	0.156522	0.122756	0.00467235	0.0332021	0.0239465	0.210872	0.00352416	0.0284196	0.0295824	0.015178	0.0704846	0.102982	0.00121197	0.0388264
160	0.212333	0.0171633	0.027041	0.0124987	0.00296549	0.240423	0.0430336	0.0118703	0.0443396	0.0137044	0.00336933	0.0411342	0.0113657	0.0525306	0.0841578	0.146848	0.00818484	0.0149537	0.00353661	0.00854652
161	0.0661013	0.00792865	0.0318659	0.00201745	0.00183016	0.00253674	0.0134195	0.00847233	0.00289398	0.0035447	0.00157897	0.0196771	0.00141775	0.00182179	0.0130908	0.200913	0.60907	0.0098216	0.000524665	0.00147359
162	0.152185	0.00137791	0.00189354	0.0088448	0.0171871	0.194155	0.00187224	0.00264267	0.00502621	0.00322783	0.00188761	0.01862	0.00811348	0.00209149	0.00187883	0.534515	0.0109117	0.00365248	0.0110372	0.0188801
163	0.140611	0.0250381	0.00345364	0.00647599	0.00594108	0.00258	0.00102429	0.158027	0.00291494	0.0319718	0.00811011	0.00127936	0.00104074	0.00303694	0.00182923	0.0251094	0.0698906	0.505099	0.000502447	0.00606416
164	0.0851024	0.0250798	0.00093545	0.0039973	0.0566645	0.00169331	0.000873457	0.20456	0.00158091	0.160604	0.0252838	0.00140339	0.00115399	0.00175978	0.00123674	0.0216337	0.0456697	0.358098	0.000289301	0.00238095
165	0.0187141	0.0011365	0.00335659	0.0233387	0.00302967	0.00808152	0.0280249	0.00351138	0.293178	0.0146923	0.013025	0.0132534	0.000787181	0.0495408	0.465793	0.02112	0.0137633	0.0210918	0.00108833	0.00347279
166	0.0893318	0.0247871	0.000897366	0.00357462	0.0525384	0.00198983	0.000811825	0.189278	0.00115597	0.143146	0.0223011	0.00127437	0.00115425	0.00180295	0.00130255	0.0225419	0.0506192	0.388863	0.000306028	0.00232414
167	0.0241724	0.0019048	0.0199037	0.0289179	0.0814995	0.0298749	0.010517	0.00973406	0.0245976	0.223504	0.235048	0.0313495	0.00213371	0.0242247	0.0182191	0.0137324	0.0495789	0.0341738	0.0351041	0.10181
168	0.0569653	0.00277877	0.310181	0.127686	0.00081245	0.157666	0.0246647	0.00591538	0.0399287	0.00833982	0.00279019	0.111489	0.00991467	0.0260274	0.0202813	0.0593417	0.0181763	0.0158053	0.000357383	0.0008786
169	0.0231389	0.00158433	0.0174813	0.0270517	0.0776561	0.0283135	0.0106607	0.00342643	0.0274609	0.201357	0.248789	0.0340185	0.00183075	0.0274188	0.0202925	0.0132391	0.0548509	0.0321074	0.034172	0.11515
170	0.245238	0.0473474	0.00373529	0.00309326	0.00405191	0.0176447	0.0160739	0.0050422	0.00370273	0.00578154	0.00269377	0.0805982	0.00275975	0.0222494	0.003148	0.116831	0.288244	0.115164	0.00119019	0.0154107
171	0.295428	0.038543	0.00145613	0.00166258	0.0286134	0.0542979	0.00164502	0.120294	0.0017173	0.0870367	0.0112887	0.00234284	0.00110563	0.00177863	0.00137924	0.0035134	0.0069699	0.333701	0.000514341	0.00671229
172	0.493707	0.0101047	0.00138358	0.00185825	0.00641038	0.34702	0.0034879	0.0061147	0.00187851	0.00746872	0.0020708	0.00420112	0.00256454	0.00264615	0.00163457	0.0737929	0.0236098	0.00643807	0.00107143	0.00253627
173	0.135267	0.0753611	0.00377382	0.00717717	0.0149163	0.0422317	0.00294927	0.037259	0.0691038	0.0308137	0.0904274	0.0157577	0.0149347	0.0412059	0.0230472	0.134413	0.180149	0.0608672	0.000960419	0.0193848
174	0.260691	0.038349	0.00292421	0.0042132	0.0369074	0.0095124	0.00326903	0.0563033	0.00362274	0.0371719	0.00914152	0.00572362	0.00236509	0.00401752	0.00317799	0.0207489	0.163092	0.333771	0.000886865	0.00411132
175	0.0325729	0.00414459	0.00447067	0.00769808	0.000751244	0.886846	0.000896655	0.00179246	0.000926559	0.0015198	0.000773102	0.00445987	0.0040976	0.00103806	0.000948234	0.0428401	0.00137149	0.0018497	0.000298079	0.000705276
176	0.0441727	0.00029114	0.0016818	0.00633207	0.048163	0.00379661	0.0074823	0.117663	0.00430705	0.539432	0.0858576	0.00452473	0.00390325	0.00399783	0.0003407	0.011495	0.0105787	0.0938387	0.00585469	0.00628735
177	0.0340305	0.00148313	0.00227556	0.0106656	0.00178083	0.0199198	0.00191049	0.0111452	0.00494993	0.00359716	0.00196662	0.218382	0.0175112	0.0110114	0.00192445	0.553441	0.0975742	0.00389714	0.000709155	0.00182418
178	0.0916009	0.00409152	0.00437624	0.0716843	0.0255384	0.00682378	0.0112485	0.071295	0.116656	0.110985	0.0288901	0.00672708	0.00574167	0.0956001	0.0911479	0.0281415	0.0249834	0.126388	0.0151281	0.0629522
179	0.0442272	0.00361803	0.00594127	0.0132873	0.0134711	0.0255867	0.221847	0.0491477	0.132544	0.0229628	0.0491186	0.0330131	0.00399779	0.0396866	0.206371	0.0514948	0.0344306	0.0338032	0.00313418	0.0123178
180	0.536091	0.0169739	0.0015883	0.0103808	0.00207279	0.0356683	0.00197449	0.00479189	0.0044352	0.0115103	0.00828322	0.00639535	0.0896244	0.00494467	0.00283927	0.102126	0.0918496	0.0638794	0.000700074	0.00387092
181	0.0372591	0.00182184	0.101599	0.0919195	0.00877388	0.0964648	0.0362243	0.00318483	0.00190418	0.0324589	0.00169281	0.0974657	0.0183253	0.00504902	0.00176586	0.248728	0.190454	0.00450548	0.00267434	0.0177296
182	0.0190877	0.00110764	0.00477338	0.00108872	0.203316	0.00442118	0.0167902	0.00818238	0.003617	0.0443456	0.00645744	0.0150461	0.00168864	0.00443689	0.00294036	0.00567754	0.00169635	0.0142296	0.0211291	0.619968
183	0.0148398	0.00962887	0.00258751	0.00206416	0.277224	0.0023125	0.00972566	0.0419854	0.00227744	0.086889	0.114994	0.0110904	0.00156629	0.00251299	0.00202239	0.00475357	0.00352116	0.0829846	0.0579493	0.269071
184	0.0836386	0.00524303	0.0262989	0.0906251	0.0094592	0.0123744	0.0510432	0.0515523	0.0275905	0.058617	0.0134227	0.020856	0.33903	0.0317015	0.00924259	0.0774425	0.0316015	0.049051	0.00239564	0.00881426
185	0.0610103	0.00287055	0.230512	0.105545	0.000699275	0.216048	0.0254121	0.00749205	0.0429933	0.00902249	0.00386347	0.121176	0.00692943	0.0343702	0.0242225	0.0678745	0.0210163	0.0179169	0.000287537	0.000738431
186	0.297155	0.0216032	0.0155534	0.00471572	0.00282527	0.198984	0.0439235	0.0118283	0.0297292	0.00822489	0.00294218	0.0276595	0.0142467	0.049622	0.0550314	0.181673	0.00740626	0.0163185	0.00279772	0.00775988
187	0.0470685	0.00463017	0.0202815	0.00227749	0.0536507	0.0165433	0.15193	0.065071	0.00255815	0.0727283	0.0167445	0.0684048	0.0103878	0.0230474	0.0138792	0.0951943	0.151216	0.0986531	0.000938321	0.0847951
188	0.040077	0.000941962	0.00155369	0.00596881	0.0509504	0.00342679	0.00661021	0.133372	0.00399574	0.530755	0.0846664	0.0044779	0.00397606	0.00380452	0.000396809	0.0108714	0.0105779	0.0918796	0.00542202	0.00627601
189	0.0543982	0.00597125	0.00369373	0.0610736	0.019439	0.0113852	0.0246917	0.0282116	0.118645	0.0868994	0.0520748	0.0126349	0.0102509	0.201833	0.140635	0.026387	0.0438486	0.0703858	0.00462785	0.0229138
190	0.0434594	0.000925446	0.00165571	0.00604287	0.0459878	0.00387652	0.00708959	0.126447	0.00423455	0.53184	0.0866783	0.00424464	0.00413777	0.00396196	0.000393637	0.0108946	0.0105853	0.095862	0.00547818	0.00620543
