227	20
1	0.143553	0.00155566	0.0339608	0.080797	0.00873553	0.0627896	0.0244015	0.0292927	0.0555907	0.0297451	0.0140919	0.0528522	0.0214971	0.0389065	0.0702504	0.136846	0.101802	0.0844741	0.000427565	0.00843078
2	0.0635112	0.00704602	0.123397	0.14103	0.00972469	0.0768306	0.033006	0.00850716	0.0497225	0.0215503	0.0095732	0.122245	0.0101615	0.0531529	0.0683905	0.113288	0.0449207	0.0196109	0.00260852	0.0217238
3	0.0402824	0.00183399	0.00461648	0.0526005	0.0127923	0.00662341	0.0066013	0.0865303	0.125067	0.100911	0.00343191	0.0228364	0.00213874	0.181812	0.21655	0.0314582	0.00654149	0.0733696	0.0113647	0.0126389
4	0.10708	0.00985264	0.138287	0.196156	0.00391467	0.0164267	0.0449755	0.00377204	0.0330469	0.0526461	0.00463269	0.0532046	0.0038931	0.114657	0.0914787	0.0388873	0.0651707	0.0100722	0.0011138	0.0107316
5	0.587659	0.00391417	0.00702099	0.0104341	0.00690533	0.0816113	0.00744535	0.0309825	0.00794952	0.0115702	0.00692998	0.0103235	0.00440828	0.00973288	0.0121551	0.0936528	0.0386669	0.0610851	0.00222044	0.00533217
6	0.0152292	0.000684017	0.000839767	0.00127812	0.0554735	0.00251987	0.00102873	0.147529	0.000889865	0.611989	0.0419235	0.00129219	0.00293643	0.00167183	0.00123859	0.00255624	0.00553722	0.101249	0.000804665	0.00332897
7	0.0391509	0.0067176	0.0144167	0.0116643	0.138588	0.00777967	0.061322	0.0669356	0.00858609	0.122885	0.0400584	0.0187076	0.011738	0.0297901	0.0303264	0.0750137	0.0247442	0.0811883	0.00859124	0.201796
8	0.110676	0.0155251	0.130172	0.136223	0.00687422	0.0173669	0.0257305	0.00365071	0.0376117	0.0775906	0.0045861	0.059658	0.00345571	0.0945132	0.117962	0.08191	0.0609033	0.00689854	0.00101976	0.00767292
9	0.0961203	0.022769	0.0082546	0.0151668	0.00473156	0.00703293	0.0106336	0.0515001	0.00892651	0.0590996	0.0790581	0.0238038	0.0108487	0.0099563	0.0105969	0.112784	0.235468	0.227816	0.00117737	0.00425544
10	0.0165624	0.000746753	0.00114788	0.00164339	0.0556926	0.00321966	0.00135506	0.191602	0.00117126	0.523538	0.0481469	0.00217511	0.00450693	0.00220252	0.00165609	0.00344555	0.00694004	0.129708	0.0012334	0.00330736
11	0.0769968	0.0035695	0.175304	0.136098	0.00507716	0.108054	0.0550166	0.00661727	0.043438	0.00753579	0.00476639	0.0702846	0.00174482	0.075378	0.0482524	0.0723736	0.0192148	0.0279586	0.00115331	0.0611668
12	0.0265693	0.00148469	0.00557054	0.00439265	0.104854	0.00502151	0.0105957	0.211174	0.00449804	0.292551	0.036027	0.0071211	0.0106979	0.0086826	0.0116936	0.0261764	0.0153715	0.146309	0.0122389	0.0589696
13	0.0472964	0.008697	0.0665492	0.0950553	0.0137337	0.0248224	0.0892556	0.0143983	0.0333091	0.0940397	0.014665	0.0289917	0.0679383	0.171548	0.0576263	0.0960147	0.0392854	0.0193145	0.00397899	0.0134807
14	0.0653622	0.0242634	0.0172904	0.0187881	0.00871415	0.674567	0.00551783	0.00145721	0.00589073	0.00400685	0.0038488	0.032487	0.00364647	0.0213227	0.0144191	0.063192	0.0190826	0.0145535	0.000458175	0.00113213
15	0.00669281	0.000808724	0.00169207	0.00203266	0.00770788	0.00641125	0.00191038	0.55927	0.0019949	0.0934139	0.0166356	0.00722662	0.0144354	0.0020585	0.00259059	0.00401996	0.00778129	0.260982	0.00121309	0.00112182
16	0.106774	0.0015811	0.0229626	0.0644113	0.00798778	0.0340425	0.0274091	0.060318	0.0472926	0.0406688	0.0236839	0.0325098	0.0155624	0.0504188	0.0537145	0.121114	0.138591	0.138956	0.000244434	0.0117576
17	0.0364775	0.428857	0.0185796	0.0256269	0.0196605	0.044373	0.0203219	0.021995	0.0222675	0.0284919	0.0161022	0.0625831	0.0121387	0.0230338	0.0310793	0.0682747	0.0360395	0.0633063	0.00536753	0.0154239
18	0.0478179	0.00489817	0.205296	0.168723	0.00925008	0.0295919	0.0194051	0.0172576	0.0535297	0.0193434	0.0464503	0.0252512	0.0074672	0.0672923	0.0627029	0.0444876	0.0642302	0.0914128	0.00283835	0.0127542
19	0.0560171	0.00328169	0.00890041	0.00678363	0.113373	0.00349155	0.0181224	0.0778249	0.00414687	0.18052	0.0632877	0.00802986	0.0253253	0.0115141	0.0251296	0.0761046	0.0252982	0.109113	0.0201787	0.163557
20	0.00452522	0.00597961	0.0231595	0.022231	0.101645	0.0287661	0.303853	0.00341721	0.0144657	0.0126974	0.00634811	0.0775646	0.00145899	0.0271181	0.126726	0.0729471	0.0128026	0.00369488	0.00884891	0.14175
21	0.0161588	0.00102993	0.00250037	0.00250769	0.0226428	0.00639641	0.00205573	0.441888	0.00234539	0.162598	0.021691	0.0059967	0.0176253	0.00266257	0.00309734	0.0052569	0.00988374	0.269241	0.00143814	0.00298412
22	0.0819692	0.0224984	0.00727122	0.0159405	0.00519978	0.00760556	0.0108775	0.0417006	0.00976015	0.0530414	0.0713176	0.0230154	0.0156635	0.0101411	0.0114473	0.138502	0.266509	0.202513	0.001259	0.00376797
23	0.153916	0.00147204	0.0472764	0.0977365	0.00773395	0.0962542	0.0168308	0.0145913	0.0621587	0.0312317	0.00715248	0.037878	0.0158751	0.0466143	0.0809421	0.144078	0.0761049	0.0570499	0.000571329	0.00453325
24	0.00872939	0.000757098	0.000340021	0.000689399	0.0363683	0.00074573	0.000814089	0.0854906	0.000320604	0.758689	0.0478693	0.000890545	0.000589676	0.00154996	0.00056147	0.00157665	0.00326973	0.0492806	0.000156178	0.00131155
25	0.0618785	0.00825539	0.0704168	0.0577944	0.0115812	0.050053	0.0408413	0.0162223	0.00823115	0.00846829	0.0110056	0.0836011	0.00094019	0.039693	0.014698	0.271216	0.198233	0.0372815	0.00050723	0.00908202
26	0.002588	0.000541977	0.0010907	0.00220496	0.211947	0.00171297	0.000964492	0.1136	0.00127206	0.585121	0.00794855	0.00135064	0.000747314	0.00133878	0.00161427	0.00409106	0.00594393	0.0310612	0.0039867	0.020875
27	0.084761	0.000903412	0.0463464	0.110239	0.0075221	0.0565565	0.0113609	0.0112879	0.100939	0.0177584	0.00288967	0.0686096	0.0746883	0.0461149	0.0705426	0.173151	0.0970233	0.0169478	0.000797674	0.00156076
28	0.00617449	0.000762052	0.000411036	0.000942975	0.0712561	0.00062843	0.000851288	0.0704861	0.00048203	0.763585	0.0360183	0.000855154	0.000342812	0.001444	0.000607685	0.00181414	0.00371553	0.0336041	0.000875435	0.00514383
29	0.0462631	0.00282711	0.0136172	0.0235951	0.00456143	0.0280761	0.0104598	0.0207985	0.277424	0.00840919	0.0126709	0.0199541	0.115226	0.0318853	0.0943614	0.118395	0.13367	0.031407	0.00233751	0.00406154
30	0.00442128	0.00607419	0.0233085	0.0222378	0.102605	0.0288156	0.303875	0.00328522	0.0142319	0.0128139	0.00619616	0.077121	0.00138772	0.0271162	0.126783	0.0736203	0.0121797	0.00365176	0.00891532	0.14136
31	0.0079017	0.000815423	0.000496089	0.000719251	0.0314537	0.000768166	0.00160664	0.0944684	0.00043939	0.75684	0.0435811	0.00119951	0.000937525	0.00177384	0.000490448	0.00145128	0.00347738	0.0503256	0.000105357	0.00114883
32	0.0165145	0.00155535	0.0142155	0.0137462	0.00302466	0.00471471	0.00363138	0.00353649	0.305695	0.00450827	0.00903594	0.0337079	0.00180737	0.0434913	0.51302	0.0140038	0.00479249	0.00579716	0.000723976	0.00247761
33	0.113777	0.00314531	0.0115916	0.00466175	0.00711312	0.0472844	0.00295294	0.0266164	0.0370117	0.0120313	0.0149349	0.0265843	0.00190459	0.0165868	0.0903898	0.331735	0.209787	0.0373125	0.00165044	0.00292967
34	0.00735193	0.000806459	0.000228259	0.000605646	0.0310247	0.000267732	0.00082287	0.0591565	0.000247218	0.810748	0.0460693	0.000773152	0.00012749	0.00154697	0.000355382	0.00136754	0.00293983	0.0347049	4.85842e-05	0.000807988
35	0.0784796	0.00647398	0.0565893	0.0576973	0.0171475	0.0486397	0.0306517	0.0203202	0.0154296	0.0108812	0.0122152	0.0595378	0.00688999	0.0351426	0.0233425	0.251977	0.211221	0.0488454	0.000687305	0.00783188
36	0.00302607	0.000662016	0.00110145	0.00265106	0.2302	0.00187717	0.00102759	0.113035	0.00133512	0.560085	0.00861402	0.00149429	0.000822138	0.00147372	0.00178777	0.00454159	0.00666135	0.0350469	0.00383814	0.0207199
37	0.0504654	0.00323096	0.00933373	0.00693901	0.125149	0.00343767	0.0208821	0.0773577	0.0040739	0.174834	0.0599145	0.00800251	0.0189389	0.012606	0.0225708	0.073355	0.02848	0.116315	0.0125841	0.17153
38	0.0399361	0.00810874	0.0761324	0.0465745	0.00715742	0.136655	0.0301809	0.000531894	0.0768909	0.00938287	0.00491311	0.214289	0.000315548	0.0372592	0.107552	0.163639	0.0217844	0.00609079	0.000166303	0.0124392
39	0.0412427	0.398523	0.0206124	0.0254541	0.0157829	0.0283912	0.016914	0.021248	0.021397	0.0278135	0.0207017	0.0840448	0.0105727	0.0228311	0.0265846	0.0595887	0.0508192	0.0886142	0.00424582	0.0146187
40	0.0366664	0.043541	0.0224721	0.0215601	0.196139	0.0216277	0.0681355	0.0260284	0.0189999	0.0856589	0.0233011	0.0376889	0.0126395	0.0236712	0.0714921	0.0999327	0.0288623	0.0413247	0.00736494	0.112894
41	0.00725503	0.000740178	0.000354133	0.000886736	0.0520168	0.000495218	0.000870479	0.0676206	0.000385173	0.778142	0.0414324	0.000869144	0.000406244	0.00156779	0.000567957	0.00205729	0.00339592	0.0370944	0.000461554	0.00338109
42	0.0206092	0.00229814	0.00663955	0.171708	0.00626945	0.00603683	0.010936	0.0400099	0.10039	0.0563651	0.00336711	0.0146042	0.00362096	0.199794	0.242417	0.0304534	0.0228686	0.0507954	0.00440516	0.00641106
43	0.0909694	0.00403908	0.0293373	0.0630959	0.0189714	0.0343799	0.0355632	0.044236	0.0400249	0.0483549	0.0304316	0.0336629	0.0112408	0.0514372	0.0564679	0.134718	0.137408	0.111971	0.000786733	0.0229041
44	0.007097	0.000788533	0.000240244	0.000662708	0.0377416	0.000352657	0.000826105	0.0612887	0.000267833	0.802477	0.0442827	0.000791504	0.000135866	0.00151484	0.000400357	0.00150535	0.00308752	0.0347234	0.000215247	0.00160048
45	0.0838862	0.00329805	0.0370019	0.0634257	0.0087287	0.0435543	0.034313	0.0477185	0.0315167	0.0219765	0.0199286	0.0357864	0.00666303	0.0491817	0.032024	0.176077	0.183869	0.115323	0.000363334	0.00536379
46	0.0035551	0.000523904	0.00106606	0.00213633	0.203095	0.00187077	0.000999963	0.118409	0.00126408	0.581177	0.00940701	0.00134023	0.00084413	0.00134649	0.00157462	0.00387747	0.00603221	0.0375813	0.00378496	0.0201138
47	0.0879272	0.00142151	0.017794	0.059814	0.00727383	0.0327407	0.0286752	0.0653506	0.0650701	0.0458439	0.0194464	0.0263031	0.00995918	0.0709906	0.111011	0.0993111	0.110084	0.130542	0.00173274	0.00870844
48	0.0525711	0.00818356	0.0826476	0.0594294	0.00760618	0.123016	0.0326329	0.0014683	0.0604625	0.0110261	0.00530887	0.19104	0.00183619	0.0399328	0.0874872	0.177813	0.032063	0.00788362	0.000238182	0.0173541
49	0.00343343	0.00671562	0.00255376	0.00241947	0.00165517	0.00293497	0.00194832	0.0018131	0.00230831	0.00267099	0.00169372	0.898566	0.00120012	0.00267515	0.00323774	0.0327876	0.0160957	0.00268261	0.000608769	0.0119997
50	0.0199522	0.000717903	0.00165996	0.0018994	0.0993016	0.00548481	0.00199462	0.2178	0.00147553	0.448461	0.0317175	0.00199758	0.00502255	0.00209848	0.00198816	0.00340633	0.00845199	0.135009	0.00218925	0.00937199
51	0.117768	0.0256325	0.0118699	0.0245778	0.0117735	0.574374	0.00755364	0.0022885	0.0079594	0.00323096	0.00634647	0.0181705	0.00618137	0.0235437	0.0202382	0.0677087	0.0368976	0.0320128	0.000532687	0.0013399
52	0.0529542	0.0103367	0.0721481	0.0454189	0.0115767	0.118535	0.0312308	0.00130803	0.0662586	0.0153128	0.006191	0.190436	0.000438486	0.0341171	0.0959875	0.182647	0.0351941	0.00826511	0.000282661	0.0213607
53	0.00704985	0.00082153	0.000272366	0.000736491	0.0386813	0.000315659	0.000791815	0.0611636	0.000292037	0.801974	0.0441015	0.000765177	0.000169403	0.00150749	0.000397144	0.00158664	0.00319388	0.0343904	0.000176994	0.00161225
54	0.0642111	0.00449572	0.0167702	0.00878145	0.003453	0.0127329	0.0158443	0.0522758	0.145256	0.0174083	0.0189755	0.0136646	0.0238669	0.0227582	0.133897	0.158773	0.253548	0.0269253	0.00345747	0.00290661
55	0.0405626	0.00546383	0.0499438	0.0460714	0.010257	0.103984	0.0359104	0.00137191	0.106845	0.0250537	0.0140071	0.185711	0.00115307	0.0439468	0.138479	0.152149	0.017712	0.00465123	0.00605458	0.0106725
56	0.00730187	0.000788971	0.000263184	0.000763021	0.0351971	0.000363764	0.000830283	0.061069	0.000291766	0.802756	0.0458852	0.000802807	0.000266927	0.00156411	0.000436431	0.00160489	0.00306033	0.0352048	0.000206146	0.00134326
57	0.00732181	0.00217667	0.00428316	0.241143	0.00327132	0.00400949	0.0163226	0.00690037	0.123159	0.0129069	0.00342516	0.00617245	0.00223603	0.201655	0.28321	0.0138191	0.0411982	0.0230495	0.00110906	0.00263154
58	0.0738336	0.00389951	0.0432358	0.0433375	0.0178757	0.0265792	0.0225047	0.0886629	0.0338004	0.0455652	0.0240512	0.0296216	0.0133296	0.0370238	0.0734867	0.123918	0.119475	0.141795	0.00232328	0.0356818
59	0.00741272	0.000808107	0.000230109	0.00060936	0.0311612	0.00030022	0.000824169	0.0599489	0.000253278	0.809153	0.0460179	0.000767906	0.000186348	0.00154549	0.000362575	0.0013746	0.00294519	0.0352173	5.75769e-05	0.000823762
60	0.0683484	0.00681429	0.0461597	0.0379165	0.0151683	0.0222918	0.0224804	0.126228	0.0285206	0.0614711	0.0272097	0.0401058	0.0111362	0.0308948	0.038458	0.10721	0.118741	0.170201	0.00199238	0.018652
61	0.0159412	0.000796862	0.000984475	0.00131305	0.0551011	0.00289125	0.00115882	0.162374	0.00104923	0.57428	0.0409235	0.00156294	0.00383696	0.00175605	0.00154117	0.00284164	0.0063773	0.121186	0.00108411	0.00300052
62	0.0955065	0.021583	0.01415	0.0364905	0.00630633	0.0171108	0.0251116	0.0543142	0.0192429	0.0558607	0.0455357	0.0244794	0.0120639	0.0224888	0.0213186	0.153567	0.190175	0.177565	0.00130987	0.00582022
63	0.0861982	0.00333651	0.157979	0.143173	0.0059217	0.100858	0.0284372	0.0114705	0.0477978	0.0161298	0.00548486	0.0502858	0.0120795	0.0764429	0.0524167	0.109976	0.0430583	0.0253674	0.000965011	0.0226219
64	0.004531	0.00661728	0.00458276	0.00356667	0.00208618	0.00558784	0.00287664	0.00196143	0.0036023	0.00298002	0.00187769	0.87747	0.00132161	0.0036368	0.00515449	0.0373714	0.0182188	0.00322311	0.000617306	0.0127167
65	0.0653182	0.0223262	0.0232869	0.0219046	0.00875708	0.640106	0.00676628	0.00134168	0.00962112	0.00500805	0.00376351	0.0405072	0.00363438	0.0218707	0.0200728	0.0690322	0.0194511	0.0140488	0.000378755	0.00280427
66	0.0861697	0.0011913	0.0458893	0.116615	0.00912733	0.056694	0.0129833	0.0126796	0.0792694	0.0192925	0.00139582	0.0674129	0.0907547	0.0409501	0.0575209	0.182403	0.0978487	0.0192326	0.00053686	0.00203301
67	0.00658125	0.000821091	0.00171121	0.00204416	0.007212	0.0064276	0.0019312	0.562295	0.00199056	0.0903192	0.0164077	0.00724829	0.0145059	0.0020687	0.00256967	0.00404717	0.00780514	0.261775	0.00120011	0.0010397
68	0.00450298	0.00151783	0.00744749	0.00258354	0.0200484	0.00294798	0.00895299	0.00832072	0.00336027	0.0190029	0.00150506	0.00797855	0.847199	0.0030541	0.00449248	0.0308989	0.0206619	0.00258598	0.000520851	0.00241842
69	0.136135	0.001643	0.0257604	0.0786248	0.0160173	0.0307601	0.0166425	0.0508772	0.062258	0.0330948	0.0199997	0.0327091	0.120946	0.0350424	0.0631951	0.10552	0.0683541	0.0915851	0.00055365	0.010282
70	0.068792	0.0250845	0.016956	0.0185387	0.0091741	0.670923	0.00495979	0.00135524	0.00582909	0.00364533	0.00393234	0.0323719	0.00379647	0.0214587	0.013856	0.0637542	0.0191924	0.0150772	0.000331592	0.000971027
71	0.0377497	0.00763184	0.0827496	0.0467301	0.00659339	0.140695	0.0308751	0.000593702	0.0723384	0.00903923	0.00503196	0.220991	0.000349107	0.0342793	0.103405	0.159949	0.0215568	0.00627665	0.000219548	0.012946
72	0.00735193	0.000806459	0.000228259	0.000605646	0.0310247	0.000267732	0.00082287	0.0591565	0.000247218	0.810748	0.0460693	0.000773152	0.00012749	0.00154697	0.000355382	0.00136754	0.00293983	0.0347049	4.85842e-05	0.000807988
73	0.111699	0.00101293	0.0234811	0.065248	0.00736876	0.038402	0.0245093	0.0559569	0.0531224	0.0347998	0.0217787	0.035386	0.0204026	0.0501247	0.054404	0.119505	0.141143	0.132934	0.000245777	0.0084761
74	0.0397808	0.00791536	0.0734263	0.0463431	0.00731142	0.133298	0.030524	0.000587565	0.0802377	0.0108093	0.00564389	0.212327	0.000406545	0.0378822	0.110784	0.162894	0.0214236	0.00585771	0.000633465	0.0119132
75	0.00795549	0.00081403	0.000271803	0.000644965	0.0325439	0.000409965	0.000803057	0.0664833	0.000307726	0.793211	0.0464699	0.000850004	0.000460854	0.00157829	0.000463019	0.00156507	0.00316675	0.0408997	0.000138081	0.000963468
76	0.0314254	0.00166886	0.00407417	0.0790116	0.00972235	0.00571201	0.00626863	0.0823438	0.12044	0.0920879	0.00240155	0.0222234	0.0019686	0.183749	0.23146	0.0274881	0.00834376	0.0715338	0.00847671	0.00959998
77	0.0438296	0.00227188	0.0163654	0.053224	0.019447	0.0466075	0.0499456	0.00451971	0.136486	0.0601736	0.0338406	0.113519	0.00432246	0.0733688	0.18481	0.108089	0.0111113	0.00466378	0.0196686	0.0137363
78	0.00788253	0.000805923	0.000270507	0.000641222	0.0323918	0.000458693	0.000860506	0.0667591	0.00030341	0.794611	0.0456378	0.000784967	0.00037951	0.0015933	0.000463414	0.00142506	0.00319557	0.0404422	0.000142327	0.000951466
79	0.111137	0.00908053	0.136716	0.045808	0.0218726	0.0299122	0.0324954	0.0261286	0.0268096	0.0327141	0.0417063	0.0657815	0.00819756	0.0279155	0.035287	0.0918207	0.0840806	0.11138	0.00182538	0.0593321
80	0.00777785	0.000833845	0.000302778	0.000679039	0.0391318	0.00053687	0.000816215	0.0690091	0.000333894	0.786901	0.0445808	0.000821698	0.000352732	0.00151767	0.000483756	0.00148226	0.00335471	0.0391536	0.000251503	0.00167856
81	0.0544225	0.0215145	0.0150346	0.0230346	0.00961673	0.0698086	0.0126463	0.00599663	0.013684	0.00980922	0.00438531	0.0327528	0.00561493	0.0232296	0.0275134	0.61577	0.0354332	0.0103765	0.00543035	0.0039262
82	0.066586	0.00536419	0.144348	0.0920036	0.0113078	0.120597	0.0771346	0.00550936	0.0358298	0.0088105	0.00523289	0.0926724	0.00196007	0.0645187	0.055233	0.0791539	0.0175522	0.0271709	0.00190752	0.0871084
83	0.00499493	0.00673771	0.00349169	0.0032395	0.00239611	0.00345157	0.00271644	0.00243481	0.00263485	0.00378211	0.00207385	0.88326	0.00126731	0.00329514	0.003876	0.0347049	0.0171684	0.00412	0.000672626	0.0136817
84	0.0433846	0.00208936	0.0167851	0.0496913	0.0202128	0.0484859	0.0503681	0.00386847	0.141012	0.059892	0.0336622	0.120657	0.00332187	0.0654262	0.183483	0.109497	0.00963197	0.00395673	0.0205672	0.0140077
85	0.00247124	0.000532104	0.00106425	0.00218744	0.210784	0.00168589	0.000949172	0.111623	0.00126389	0.589707	0.0079026	0.0013376	0.000702788	0.00132437	0.00159618	0.00408841	0.00587829	0.030074	0.00397523	0.0208518
86	0.0903662	0.0158918	0.0514766	0.0426781	0.0168877	0.0525019	0.0226876	0.014694	0.0249788	0.0302824	0.0113223	0.0811813	0.00274101	0.0213455	0.0417355	0.263782	0.15919	0.0206867	0.00089336	0.0346773
87	0.0711564	0.0238197	0.0163328	0.0198135	0.00880146	0.66706	0.00511042	0.00147508	0.00625854	0.00431374	0.00391462	0.0305759	0.00387687	0.0217612	0.0154722	0.0634598	0.0196525	0.0158341	0.000341596	0.000969465
88	0.0528449	0.0127176	0.00619272	0.117475	0.016728	0.0481926	0.0272632	0.010121	0.0662143	0.0306106	0.017454	0.0100261	0.149124	0.129601	0.0996969	0.121153	0.0527429	0.00418183	0.00150529	0.0261545
89	0.00662213	0.000821875	0.0017105	0.00204442	0.00730265	0.00642965	0.00192785	0.562017	0.00199496	0.0905565	0.0164201	0.00724523	0.0144715	0.00206888	0.002563	0.00404661	0.00779579	0.261709	0.00120826	0.00104466
90	0.00450298	0.00151783	0.00744749	0.00258354	0.0200484	0.00294798	0.00895299	0.00832072	0.00336027	0.0190029	0.00150506	0.00797855	0.847199	0.0030541	0.00449248	0.0308989	0.0206619	0.00258598	0.000520851	0.00241842
91	0.129305	0.0016339	0.0333531	0.0752399	0.00978927	0.0455074	0.0256862	0.0414482	0.0500563	0.0322773	0.0147017	0.0473176	0.0462205	0.0422343	0.0631731	0.129315	0.108836	0.0920975	0.000545503	0.0112617
92	0.00757867	0.000801408	0.000282899	0.000631399	0.0313303	0.000318781	0.000934928	0.0607396	0.000260751	0.807094	0.0460086	0.000819936	0.000165793	0.00164476	0.000361403	0.00136706	0.00297973	0.0357294	5.17956e-05	0.000898662
93	0.100283	0.0019433	0.0189479	0.0584694	0.00712034	0.0344564	0.0242611	0.0604699	0.0486186	0.0447662	0.0256482	0.0292	0.0121165	0.0510423	0.0527077	0.130756	0.142489	0.14765	0.000439442	0.0086136
94	0.00659691	0.000836734	0.00179749	0.00209894	0.00718234	0.00658626	0.00203535	0.562493	0.00198557	0.0898975	0.0163608	0.00757313	0.0144589	0.00209706	0.00257809	0.00409594	0.00804608	0.261027	0.0011829	0.0010702
95	0.00731822	0.000831555	0.000233407	0.000623113	0.0318094	0.000274783	0.000818962	0.0592991	0.000253501	0.809481	0.0462327	0.000769968	0.000129192	0.0015369	0.000368831	0.00142382	0.00296074	0.0346729	5.80976e-05	0.00090392
96	0.0606647	0.00969131	0.25525	0.0618015	0.00977059	0.0708749	0.0340956	0.00951388	0.0345596	0.0172379	0.0109121	0.129413	0.00488692	0.0397863	0.0547614	0.104716	0.0356137	0.0233914	0.00181128	0.0312482
97	0.00763736	0.000785563	0.000252782	0.000734452	0.0314537	0.000284486	0.000826503	0.0596522	0.000293472	0.802953	0.0513397	0.00097788	0.000187367	0.00159548	0.000380598	0.00162603	0.00314501	0.0348651	5.6296e-05	0.00095323
98	0.0267492	0.0246798	0.0248531	0.019658	0.00897479	0.0743208	0.0155055	0.00214561	0.0188194	0.00474512	0.00294901	0.0753767	0.00118412	0.0173389	0.0342776	0.617989	0.0143455	0.00457765	0.00495244	0.00655744
99	0.00678231	0.00856954	0.0364527	0.0248259	0.0808267	0.0470354	0.234953	0.00257708	0.0236804	0.0163199	0.00788711	0.102029	0.00140338	0.0339816	0.110648	0.104128	0.00733507	0.00352073	0.0126598	0.134384
100	0.00346647	0.00675408	0.00268338	0.00253414	0.00163821	0.00332509	0.00199238	0.00179257	0.00251273	0.00267239	0.00165969	0.896526	0.00119296	0.00270771	0.00355663	0.0337269	0.0160006	0.00268837	0.000607702	0.0119622
101	0.0836919	0.0170061	0.0730696	0.0543188	0.0411807	0.0494097	0.0557397	0.00358607	0.0466015	0.0486299	0.0219486	0.0972002	0.00169079	0.0272931	0.0469301	0.187658	0.0553979	0.0202201	0.00196509	0.0664626
102	0.00303734	0.000520183	0.000867193	0.00194022	0.178232	0.00132056	0.000866591	0.100182	0.00107812	0.633985	0.0135889	0.00117566	0.00058757	0.0012978	0.00134353	0.00356942	0.00543497	0.0309877	0.00326335	0.0167216
103	0.0586596	0.00688931	0.0745791	0.0592317	0.0110624	0.0443728	0.0396539	0.0208779	0.00265011	0.0044148	0.0117939	0.0583909	0.000904834	0.0421791	0.00524225	0.267856	0.239593	0.0482203	0.000520633	0.00290771
104	0.0564192	0.0258741	0.0235688	0.0202259	0.00845831	0.618958	0.00725821	0.00163483	0.0110271	0.00481508	0.00377197	0.0522407	0.00318349	0.0235599	0.0215066	0.0840373	0.018082	0.0125048	0.000426236	0.00244732
105	0.0933874	0.021682	0.0426972	0.0542687	0.0255782	0.0580148	0.0355676	0.0203656	0.0237518	0.0324007	0.00835975	0.0362408	0.167473	0.0236883	0.0468397	0.159413	0.0853058	0.0348383	0.00992623	0.0202006
106	0.0228999	0.000786623	0.00178219	0.00190813	0.0748734	0.00508348	0.00209542	0.233692	0.00164193	0.421377	0.0399112	0.00226474	0.00624243	0.00233875	0.00224664	0.00385098	0.00915685	0.160754	0.00177968	0.00531429
107	0.00852236	0.00220633	0.00967861	0.00631169	0.0191399	0.00556608	0.00899651	0.00935792	0.00492282	0.0261915	0.00275663	0.0143956	0.7991	0.00585943	0.00595575	0.0386517	0.0231841	0.00544804	0.00100275	0.00275221
108	0.0880717	0.0296903	0.0522139	0.0397895	0.0313227	0.0656583	0.0369721	0.0133389	0.0172787	0.0376663	0.00957378	0.0296231	0.163535	0.0204282	0.0405113	0.171471	0.0850212	0.0269881	0.0157316	0.0251149
109	0.0477622	0.00630952	0.0146669	0.0911496	0.0239877	0.0529412	0.0308267	0.00735468	0.046113	0.0732412	0.0489072	0.0212746	0.0301839	0.100915	0.10647	0.176276	0.0807977	0.0126398	0.00307329	0.025109
110	0.00744668	0.00078769	0.000264395	0.000645656	0.0358422	0.000368245	0.000824125	0.0619772	0.000274826	0.8019	0.0449909	0.000777344	0.000195545	0.00151212	0.00039393	0.00143491	0.00303339	0.0358335	0.000181582	0.00131537
111	0.03642	0.00187746	0.00515545	0.0574775	0.010675	0.00738315	0.00683784	0.0894955	0.116386	0.101484	0.00345478	0.0242705	0.002448	0.17392	0.208802	0.0345998	0.0113392	0.0880195	0.00922534	0.0107285
112	0.0509429	0.00273693	0.0209074	0.0419136	0.00491684	0.049601	0.0149179	0.0215507	0.211429	0.0108928	0.0146247	0.0392897	0.0392714	0.05017	0.132126	0.143817	0.119486	0.0222701	0.00368288	0.00545324
113	0.00771426	0.000799286	0.000332347	0.00128034	0.0326422	0.000442618	0.000892955	0.0615912	0.000353681	0.780831	0.0661798	0.00148306	0.000218254	0.0020003	0.000484956	0.00263754	0.00351395	0.0353929	9.07352e-05	0.00111838
114	0.0895817	0.00800528	0.22924	0.0700381	0.0135002	0.0648078	0.0410054	0.0113558	0.0328383	0.0201809	0.0122664	0.0727594	0.00563968	0.0450593	0.0653418	0.0897844	0.0338012	0.0308882	0.00199845	0.0619078
115	0.00735034	0.000804342	0.000229552	0.000605669	0.0310245	0.000267647	0.000823499	0.0591475	0.000247247	0.810613	0.0462002	0.000774286	0.00012767	0.00154881	0.000355391	0.0013666	0.00294096	0.0347155	4.85842e-05	0.000808891
116	0.0379866	0.0321963	0.00660547	0.0132876	0.0124914	0.190503	0.0116039	0.00258338	0.00436162	0.0037693	0.00325413	0.0286833	0.00288777	0.0133661	0.0141156	0.588347	0.0182489	0.00876905	0.0047845	0.00215502
117	0.00384928	0.00801113	0.0328409	0.0222346	0.0865675	0.0413615	0.250345	0.00265848	0.0192749	0.0160241	0.00762572	0.100823	0.00124902	0.0301046	0.111121	0.101537	0.00719758	0.00299536	0.0124691	0.141711
118	0.00324869	0.0066308	0.00224887	0.00224492	0.001611	0.00243696	0.00185342	0.00184445	0.00207491	0.00266861	0.00168819	0.901325	0.0012014	0.00249037	0.00299423	0.0321654	0.0160563	0.00263001	0.000610544	0.0119761
119	0.0435072	0.0020836	0.0165994	0.0493147	0.0201017	0.0479769	0.0506927	0.00419572	0.140614	0.06035	0.033753	0.118984	0.00330241	0.0666969	0.184218	0.109005	0.00972893	0.00426771	0.0206023	0.0140056
120	0.00245219	0.000532594	0.00107532	0.0021914	0.211205	0.00169063	0.000950567	0.111825	0.00126528	0.589079	0.00780288	0.00134113	0.000713418	0.00133452	0.0016066	0.0040901	0.00588224	0.0300422	0.00401339	0.0209067
121	0.0586596	0.00688931	0.0745791	0.0592317	0.0110624	0.0443728	0.0396539	0.0208779	0.00265011	0.0044148	0.0117939	0.0583909	0.000904834	0.0421791	0.00524225	0.267856	0.239593	0.0482203	0.000520633	0.00290771
122	0.0926098	0.0283935	0.0164002	0.0298843	0.00955538	0.597494	0.00769047	0.0021308	0.00868643	0.00385522	0.00665739	0.0249197	0.00653273	0.0233687	0.017921	0.0662815	0.0319416	0.0236213	0.000432371	0.00162394
123	0.0851106	0.000833338	0.0451788	0.115389	0.00850303	0.0573664	0.0122746	0.0125078	0.0856316	0.0181706	0.00186034	0.0675232	0.0874043	0.0418947	0.0613999	0.181044	0.0965601	0.0190259	0.000531311	0.00178963
124	0.0227775	0.000786636	0.0017636	0.00191294	0.0752932	0.00507732	0.00202984	0.23328	0.00164216	0.421877	0.0398111	0.00223034	0.00624826	0.00228661	0.00224307	0.00385712	0.00916689	0.160598	0.00181154	0.00530784
125	0.107524	0.0306534	0.0141697	0.0303641	0.010373	0.570423	0.00900689	0.00187483	0.00902257	0.00309728	0.00763337	0.0207244	0.00725752	0.0249263	0.0187186	0.0674143	0.0360732	0.0290397	0.000484072	0.00122018
126	0.0399361	0.00810874	0.0761324	0.0465745	0.00715742	0.136655	0.0301809	0.000531894	0.0768909	0.00938287	0.00491311	0.214289	0.000315548	0.0372592	0.107552	0.163639	0.0217844	0.00609079	0.000166303	0.0124392
127	0.00738035	0.00080047	0.000230375	0.000634349	0.0313322	0.000297307	0.00083664	0.0597667	0.000248417	0.808695	0.0464734	0.00079438	0.000136379	0.00156072	0.000372913	0.0014341	0.00299515	0.0351196	4.78563e-05	0.000843877
128	0.0406158	0.00149958	0.0169549	0.0431408	0.00164496	0.0569449	0.0119216	0.0198549	0.258933	0.00308708	0.0143581	0.0398097	0.0367466	0.0661117	0.133849	0.138728	0.0944217	0.0144593	0.00330604	0.00361279
129	0.00796593	0.000783862	0.000263227	0.000622097	0.0324802	0.000413145	0.000861968	0.0641555	0.000274828	0.79918	0.0455739	0.000805176	0.000367307	0.00154624	0.000409487	0.00139342	0.00317432	0.0385702	0.000121919	0.00103731
130	0.104557	0.00113147	0.0220901	0.0644339	0.00758331	0.035229	0.0260756	0.0608763	0.0508562	0.0367691	0.0260702	0.0305655	0.0135944	0.0520834	0.0516238	0.11642	0.145165	0.145474	0.000265213	0.00913577
131	0.0072274	0.0011968	0.00156116	0.00735662	0.105002	0.00234687	0.00187834	0.0765015	0.00177031	0.671842	0.0461619	0.00248222	0.00120802	0.00280376	0.00307407	0.014323	0.00653701	0.0350957	0.00161096	0.01002
132	0.00741072	0.000784436	0.000252929	0.000693489	0.0312208	0.000344285	0.000820912	0.0597847	0.000290248	0.801682	0.0531324	0.000955835	0.000137675	0.00167683	0.000381776	0.00164262	0.00308364	0.0346801	7.03574e-05	0.00095443
133	0.0747707	0.00812777	0.231583	0.0638116	0.0107733	0.0712126	0.0467235	0.00655835	0.0304122	0.0167816	0.00838986	0.106641	0.00380063	0.0386864	0.0459803	0.134575	0.0411168	0.0193969	0.00145491	0.039204
134	0.00735193	0.000806459	0.000228259	0.000605646	0.0310247	0.000267732	0.00082287	0.0591565	0.000247218	0.810748	0.0460693	0.000773152	0.00012749	0.00154697	0.000355382	0.00136754	0.00293983	0.0347049	4.85842e-05	0.000807988
135	0.0769319	0.00942823	0.0634292	0.0507331	0.0104066	0.100222	0.0248519	0.00551287	0.0510851	0.0159532	0.00629152	0.131321	0.00529395	0.0316226	0.0840614	0.247397	0.0542095	0.0142571	0.00103156	0.0159612
136	0.00386845	0.00799545	0.0328658	0.0222169	0.0866595	0.0412943	0.250225	0.00265352	0.0193528	0.0161409	0.00764371	0.100853	0.00124415	0.0300301	0.111097	0.101506	0.00723005	0.0030094	0.0123678	0.141746
137	0.00326324	0.00666586	0.00215252	0.00221452	0.00160848	0.00224989	0.00178312	0.0018141	0.00201881	0.00265227	0.00166691	0.901955	0.00120162	0.00249031	0.00281357	0.0321584	0.0160451	0.00265803	0.000610452	0.0119783
138	0.0403479	0.00529192	0.0373776	0.0511206	0.0140624	0.083466	0.0402104	0.00199312	0.116122	0.0370274	0.0201321	0.163064	0.00181967	0.050322	0.15886	0.137903	0.0143255	0.00437597	0.0103075	0.0118711
139	0.00325507	0.000539151	0.000867718	0.00187012	0.179419	0.00136429	0.000869269	0.103325	0.00107684	0.628487	0.0156804	0.00116899	0.000595316	0.00137455	0.00136731	0.0036515	0.00532719	0.0302702	0.00315459	0.0163354
140	0.113658	0.00316096	0.0116531	0.0048529	0.00717592	0.0474532	0.00300042	0.0267066	0.036623	0.0121148	0.0150488	0.026754	0.00190174	0.0166261	0.089854	0.331574	0.209738	0.0374851	0.00164466	0.00297414
141	0.0388451	0.010836	0.0643202	0.0447319	0.00628671	0.344224	0.0196563	0.00177855	0.0484845	0.0092842	0.00369006	0.141708	0.00547081	0.0325835	0.0656372	0.125234	0.0207621	0.00645473	0.000269453	0.00974272
142	0.00849136	0.000755056	0.000309762	0.00072928	0.0381738	0.000699321	0.000812217	0.082765	0.00031213	0.7641	0.0472348	0.000886843	0.000582196	0.00151451	0.000498001	0.00158035	0.00320246	0.0456961	0.000166032	0.00149086
143	0.178638	0.00186119	0.0233739	0.0801447	0.0142569	0.180247	0.0257954	0.00382534	0.0555325	0.0589296	0.00345856	0.0133136	0.00192128	0.0666492	0.0724426	0.162073	0.0268589	0.0263748	0.00130719	0.00299599
144	0.0400477	0.00819782	0.0766089	0.0472051	0.00708254	0.137724	0.0302021	0.000552318	0.0767464	0.00929301	0.00503368	0.213453	0.000315894	0.0376503	0.106863	0.162735	0.0216296	0.0060704	0.00016604	0.0124229
145	0.00856088	0.000801396	0.000457626	0.00135389	0.035628	0.000673468	0.000957955	0.0722979	0.000434137	0.754262	0.0665563	0.00184891	0.000574032	0.00203127	0.000683978	0.0029125	0.00462393	0.0437909	0.000152023	0.00139861
146	0.127038	0.00164446	0.033326	0.0746527	0.00972264	0.0439143	0.0260091	0.0416385	0.0502947	0.0316156	0.0143357	0.0460272	0.0497946	0.0431104	0.0636958	0.13096	0.11029	0.09027	0.000504101	0.0111563
147	0.0733102	0.0120026	0.0619039	0.0587893	0.0142006	0.0889067	0.0314468	0.0033499	0.0512245	0.0258423	0.0105332	0.142384	0.00369001	0.0358826	0.0781144	0.209893	0.0622596	0.0114208	0.000604511	0.0242409
148	0.00750442	0.000808175	0.000254601	0.000618417	0.0314373	0.000298909	0.000824593	0.0620707	0.00025987	0.803806	0.0463386	0.00085932	0.000251037	0.0015618	0.000409003	0.00147799	0.00308453	0.0371725	8.82336e-05	0.000874343
149	0.00730205	0.00217453	0.00430249	0.241537	0.00326932	0.00394938	0.0164185	0.00691817	0.122959	0.0129396	0.0034215	0.00617614	0.0022212	0.202026	0.282363	0.0138093	0.0413715	0.0230852	0.00111025	0.00264699
150	0.0798717	0.0189736	0.149103	0.0879098	0.0224193	0.0375642	0.0488678	0.00503368	0.0246657	0.0394194	0.0123748	0.0774884	0.00225021	0.0388747	0.0338797	0.167398	0.0674876	0.0169214	0.000734052	0.0687629
151	0.00738306	0.000783221	0.000245404	0.00069285	0.0326522	0.000340154	0.000814821	0.0613158	0.000272909	0.801122	0.050385	0.000890615	0.000146057	0.00162129	0.000393623	0.00156522	0.00303593	0.0353434	6.60945e-05	0.000930838
152	0.0491234	0.00318058	0.0255236	0.00781235	0.0924342	0.00493783	0.056072	0.117327	0.00636728	0.161867	0.0613874	0.02344	0.0104197	0.0253342	0.0175971	0.0451141	0.0230261	0.150757	0.00765541	0.110624
153	0.00740716	0.000807153	0.000234664	0.000607736	0.0312541	0.000286015	0.000828404	0.0598216	0.000254498	0.808943	0.0463063	0.000781462	0.000141315	0.00153882	0.000354977	0.00138309	0.00295208	0.0352129	4.80118e-05	0.000836299
154	0.0496044	0.00779073	0.0744257	0.0553239	0.0095249	0.124809	0.0324659	0.00125895	0.0710014	0.0121119	0.00533538	0.189084	0.00415341	0.0402782	0.098808	0.169492	0.0303318	0.00780648	0.000583118	0.0158105
155	0.0351758	0.00676203	0.103989	0.0509102	0.00562747	0.146372	0.0349417	0.000954358	0.0586773	0.00753962	0.00505996	0.225692	0.000500652	0.0321396	0.0901942	0.150786	0.018715	0.00641483	0.000305761	0.0192429
156	0.00408222	0.00676897	0.00235091	0.00238628	0.00159736	0.00233096	0.00190259	0.00216642	0.0021175	0.00327349	0.00227159	0.893456	0.00133323	0.00267216	0.0029943	0.0330753	0.0185449	0.00418176	0.000613598	0.0118809
157	0.0561228	0.0177602	0.013172	0.0803776	0.0223132	0.0436169	0.0333092	0.0100104	0.0476978	0.0317013	0.011409	0.0123589	0.244012	0.0892766	0.0799511	0.11553	0.0503139	0.00819385	0.00369104	0.0291828
158	0.00734885	0.000802052	0.00023482	0.000620844	0.0319284	0.000272407	0.000837706	0.0596492	0.000268076	0.808346	0.046589	0.000783128	0.000139079	0.00156277	0.000365764	0.00143222	0.00296414	0.0347523	7.98288e-05	0.00102369
159	0.104726	0.00120004	0.0200274	0.0652065	0.00736548	0.0358709	0.0254508	0.0610014	0.0516654	0.0356704	0.0259056	0.0294154	0.0128288	0.053075	0.051059	0.118451	0.145879	0.146686	0.000276747	0.00823987
160	0.103023	0.00127466	0.0187628	0.0639826	0.00758918	0.0372817	0.025886	0.0615976	0.051713	0.0338854	0.026744	0.0276378	0.0112011	0.0524892	0.0501607	0.120984	0.148579	0.149308	0.000284028	0.00761648
161	0.00744425	0.000800967	0.00023747	0.000618221	0.0312526	0.000308866	0.000826874	0.0613121	0.00026617	0.806745	0.0459919	0.00078405	0.00016274	0.00154142	0.000367275	0.00138266	0.00296388	0.0361017	5.81876e-05	0.000833098
162	0.0623169	0.00374381	0.194485	0.100104	0.00619379	0.123767	0.0156442	0.0603535	0.0215591	0.0112021	0.00781999	0.0254565	0.00530263	0.0797155	0.0482075	0.12643	0.023676	0.0687682	0.00206567	0.013188
163	0.00758554	0.000806364	0.000238475	0.000625932	0.031699	0.00031001	0.000827405	0.0606738	0.000259883	0.806509	0.0460483	0.000784019	0.000183065	0.00154031	0.000368238	0.00140327	0.00297976	0.0362152	5.37737e-05	0.00088822
164	0.0492813	0.0372674	0.011801	0.0309398	0.0124509	0.0428897	0.0139296	0.00755596	0.0109288	0.0111164	0.00660444	0.0285338	0.0127076	0.0142999	0.0226319	0.621501	0.0244057	0.0120859	0.0208723	0.00819679
165	0.034023	0.0071969	0.0892055	0.0460446	0.00597507	0.145367	0.0321103	0.000702424	0.0668922	0.00826152	0.00549603	0.232405	0.00044401	0.031334	0.0992512	0.154929	0.0204468	0.00603035	0.000242041	0.0136432
166	0.0846215	0.0320677	0.00588517	0.011391	0.00472123	0.00445041	0.00943207	0.0438181	0.00495605	0.0667893	0.0894482	0.0283748	0.0110877	0.00583939	0.00712618	0.132343	0.259745	0.193199	0.00121049	0.0034948
167	0.0352543	0.0162101	0.0556596	0.031492	0.00641777	0.433548	0.0166089	0.00107728	0.0362069	0.00758876	0.00325691	0.136526	0.00109481	0.0301163	0.0551889	0.104845	0.0143682	0.00570929	0.000225548	0.00860552
168	0.00272738	0.000527953	0.00107043	0.00217123	0.210779	0.00170367	0.000970086	0.112061	0.00126453	0.585954	0.00802696	0.00135192	0.000845302	0.0013421	0.00169482	0.00450388	0.0059732	0.0309499	0.00412709	0.0219555
169	0.103226	0.00127357	0.0189498	0.0644328	0.00757498	0.0371535	0.0261545	0.0614898	0.0518035	0.0338974	0.0266806	0.0277476	0.0114397	0.0526586	0.0502997	0.120168	0.148025	0.148991	0.000284649	0.00774864
170	0.0592162	0.022009	0.0250521	0.0207028	0.00814332	0.629855	0.0072125	0.00149781	0.0116341	0.00456359	0.00341724	0.051717	0.0032989	0.0224139	0.0221012	0.073494	0.0182803	0.0124696	0.000306778	0.0026144
171	0.0861697	0.0011913	0.0458893	0.116615	0.00912733	0.056694	0.0129833	0.0126796	0.0792694	0.0192925	0.00139582	0.0674129	0.0907547	0.0409501	0.0575209	0.182403	0.0978487	0.0192326	0.00053686	0.00203301
172	0.00677199	0.000832396	0.00172174	0.00203837	0.00821896	0.00631311	0.00192489	0.556631	0.00196637	0.096145	0.0165977	0.00711713	0.0142638	0.00205592	0.00254	0.0040163	0.00780304	0.260759	0.00116738	0.00111577
173	0.00657247	0.00222042	0.00837309	0.00446021	0.0202624	0.00460297	0.0107652	0.00879696	0.00402928	0.0194737	0.00177	0.00843223	0.825713	0.00431223	0.0061367	0.0340008	0.0229583	0.00330962	0.000759486	0.00305047
174	0.0435675	0.0021048	0.0167892	0.0499186	0.0202233	0.0484568	0.0504888	0.0038373	0.141127	0.0601281	0.0336424	0.119805	0.00330981	0.0652468	0.182743	0.110038	0.00968942	0.00398638	0.0206579	0.0142393
175	0.0109948	0.00206166	0.00182283	0.0032875	0.0328721	0.00207288	0.00294514	0.0618719	0.00247018	0.717876	0.0844828	0.00931078	0.00103548	0.00355511	0.00324841	0.00750514	0.0092005	0.0395823	0.000565632	0.00323924
176	0.0412702	0.00129559	0.0186851	0.0423045	0.00143821	0.0636407	0.013445	0.0179917	0.249196	0.00287651	0.01644	0.0321211	0.0400118	0.0624053	0.137928	0.138174	0.0969684	0.0164777	0.0036944	0.00363622
177	0.0400529	0.00407689	0.0322867	0.0477532	0.0144937	0.0786679	0.0416457	0.0024035	0.124471	0.040694	0.0237226	0.156714	0.00211833	0.0536143	0.162073	0.132849	0.0134466	0.00411888	0.0122812	0.0125168
178	0.00744609	0.000796227	0.000231975	0.000630269	0.0317232	0.000282362	0.00083429	0.0603522	0.000249205	0.807389	0.0462414	0.000789949	0.000140732	0.0015341	0.000359679	0.00142236	0.00296792	0.0356212	9.12574e-05	0.00089667
179	0.0549337	0.023842	0.0124397	0.0142084	0.00650428	0.0222569	0.0108264	0.0370761	0.0922041	0.0128317	0.028684	0.0477324	0.00878044	0.0209011	0.228914	0.184435	0.150545	0.0160273	0.0216686	0.00518874
180	0.0840018	0.01034	0.0526203	0.0473729	0.142999	0.0184682	0.046288	0.0149113	0.0391649	0.0372365	0.017337	0.0323782	0.00522441	0.0164688	0.0207991	0.131891	0.0741204	0.0718968	0.00257911	0.133902
181	0.00899844	0.000769859	0.000403495	0.000732875	0.0346589	0.00109141	0.000930383	0.103809	0.000451622	0.731481	0.0424766	0.00117854	0.00160128	0.00170119	0.000742418	0.00157994	0.00371171	0.0620224	0.000314937	0.00134454
182	0.12921	0.0134187	0.0777146	0.0437327	0.0336992	0.0880184	0.0455925	0.00489165	0.0317391	0.0263801	0.0110977	0.103769	0.00461112	0.0236062	0.0513948	0.181039	0.047461	0.0181086	0.00135474	0.0631607
183	0.00768054	0.000780992	0.000252379	0.000647206	0.0322608	0.000379725	0.000826477	0.0621964	0.000260646	0.799876	0.0490239	0.00088165	0.00024368	0.00159297	0.000404	0.00148371	0.00309314	0.0370434	5.91047e-05	0.00101325
184	0.0710424	0.00392764	0.180896	0.114713	0.00434251	0.11946	0.0244589	0.0149896	0.0337173	0.0101063	0.00377573	0.0832136	0.00434643	0.0763311	0.0535991	0.136978	0.0219091	0.0211776	0.000863846	0.0201514
185	0.029556	0.00648665	0.0911876	0.0404784	0.00562692	0.149824	0.035731	0.00157563	0.0590752	0.00785717	0.00844078	0.263854	0.000822981	0.0275731	0.0925246	0.140661	0.0181451	0.0064089	0.00045376	0.0137173
186	0.00349107	0.00668545	0.0021755	0.00222702	0.0016098	0.00225085	0.00178495	0.00182474	0.00203093	0.00284395	0.00171163	0.901223	0.0011979	0.00266566	0.00286096	0.0321234	0.0160976	0.00265659	0.000610729	0.0119287
187	0.0433623	0.00208859	0.0168467	0.0496907	0.0202078	0.048402	0.0504169	0.00395791	0.141305	0.0599465	0.0335689	0.120728	0.00330412	0.0653462	0.183441	0.109285	0.00954788	0.00403966	0.0205491	0.0139659
188	0.00475175	0.000669332	0.000669752	0.00149112	0.125265	0.00104748	0.000940719	0.0864951	0.000711123	0.696758	0.0240663	0.000990282	0.000457559	0.00149067	0.000967135	0.00283393	0.00450472	0.0323336	0.00207014	0.0114862
189	0.0575541	0.00733477	0.0751136	0.0585197	0.0108905	0.0440468	0.0397278	0.0214847	0.00277685	0.00448254	0.0121185	0.0588665	0.00092463	0.0415556	0.00532345	0.267226	0.24059	0.0478058	0.000524168	0.00313365
190	0.0654683	0.024497	0.017571	0.0191106	0.00866011	0.673668	0.00504295	0.00125376	0.00653134	0.00374798	0.00368395	0.0334802	0.00369353	0.0211871	0.0150512	0.062293	0.0188655	0.0146705	0.000335239	0.00118856
