529	20
1	0.119588	0.0105369	0.00138123	0.00090575	0.0469259	0.0132009	0.000793013	0.122377	0.00149637	0.35424	0.0243717	0.0010031	0.00381543	0.00445547	0.00353397	0.0155053	0.0214474	0.241534	0.0124639	0.000424934
2	0.145861	0.0127711	0.00122461	0.00134087	0.0496183	0.0236524	0.000778913	0.11785	0.000777559	0.277649	0.0252836	0.00244202	0.00693775	0.00338849	0.00237177	0.0270663	0.0396081	0.239053	0.0217689	0.000556822
3	0.143392	0.012251	0.00122911	0.00131143	0.0508314	0.0222056	0.000723607	0.118447	0.00081542	0.286327	0.0256324	0.00242967	0.0068749	0.0035108	0.00250496	0.0255137	0.0377347	0.236212	0.0215401	0.000512564
4	0.148777	0.0142047	0.00151894	0.00211225	0.0519748	0.0272585	0.000773421	0.116417	0.000851206	0.263526	0.0281137	0.00439841	0.00728876	0.00386321	0.00297245	0.0296821	0.0466749	0.224228	0.0247769	0.000586911
5	0.175391	0.0145603	0.0140833	0.0208968	0.0493596	0.0301681	0.00205008	0.065225	0.00287676	0.151621	0.0312509	0.051138	0.0207948	0.021394	0.0136246	0.0649079	0.079122	0.159187	0.0286526	0.00369619
6	0.0900544	0.000317664	0.070753	0.163223	0.0341495	0.00425512	0.0506432	0.0120985	0.0501895	0.0872417	0.0694179	0.00831607	0.0236915	0.043556	0.0315599	0.0839604	0.0616476	0.0541701	0.0292178	0.031537
7	0.258764	0.0192157	0.00125656	0.00270607	0.001729	0.569978	0.00107414	0.00225338	0.0013291	0.00671499	0.00921062	0.00257593	0.000922849	0.00128202	0.00616302	0.0751833	0.0150226	0.0230813	0.000292075	0.00124473
8	0.0494564	0.000298091	0.015612	0.047385	0.00139467	0.021782	0.0442118	0.00650491	0.263989	0.00908528	0.00686131	0.0737879	0.0105656	0.0729095	0.165862	0.100986	0.0938248	0.0141381	0.000527325	0.000817396
9	0.00374178	0.000296982	0.00166973	0.00253416	0.587585	0.0110451	0.0339752	0.0108601	0.00686417	0.0492255	0.00533218	0.0111526	0.00684186	0.00569759	0.0028926	0.00326967	0.00259702	0.0207089	0.00194166	0.231768
10	0.050497	0.00017279	0.00171328	0.0108232	0.034136	0.00324122	0.0124332	0.254195	0.0292076	0.168312	0.0528951	0.0025255	0.00540975	0.00325111	0.0124537	0.0246642	0.0546865	0.267076	0.000230496	0.0120758
11	0.0287859	0.00063586	0.00136333	0.00243896	0.0113791	0.00388017	0.00248324	0.357473	0.00662712	0.100811	0.0272677	0.00162213	0.00138145	0.00234107	0.00663958	0.00871606	0.0137467	0.415468	0.00506042	0.00187952
12	0.0510648	0.000371294	0.167374	0.377211	0.00316407	0.027603	0.0185357	0.0128123	0.0443294	0.0140788	0.00820084	0.0494942	0.0184526	0.0804673	0.0270204	0.0461511	0.0214324	0.0253617	0.00237405	0.00450187
13	0.0426352	0.00152583	0.00875032	0.0648853	0.00456745	0.0111483	0.0147824	0.0894112	0.181868	0.0176623	0.0203659	0.0444905	0.00731682	0.0173482	0.0370352	0.0647949	0.327583	0.0356667	0.00167257	0.0064901
14	0.081568	0.000486249	0.119596	0.0484733	0.00336495	0.0813769	0.016761	0.00570625	0.0175167	0.00608917	0.00231098	0.361305	0.00299691	0.0108098	0.012461	0.199525	0.020777	0.00553487	0.00228603	0.00105521
15	0.0537518	0.000321489	0.141532	0.0313179	0.00151441	0.101349	0.0264854	0.00474738	0.0219013	0.00608584	0.00178978	0.40438	0.00145612	0.0157172	0.0174878	0.149633	0.0159695	0.00295374	0.000859376	0.000748331
16	0.040057	0.00139406	0.000990373	0.00251171	0.0165845	0.00364271	0.00108465	0.297193	0.00697096	0.317872	0.0629072	0.00193594	0.00121793	0.00558793	0.00507404	0.00506375	0.00500394	0.223616	0.000474703	0.000817348
17	0.0314107	0.000855672	0.00426053	0.0244698	0.00285552	0.0054627	0.0057709	0.00578585	0.120138	0.00674238	0.0675938	0.00785105	0.0049729	0.0257328	0.338134	0.158152	0.17228	0.013247	0.00106767	0.00321714
18	0.0176867	0.000144761	0.00123036	0.00126779	0.00623448	0.00248362	0.00116336	0.396239	0.00214206	0.0616948	0.0137126	0.00109404	0.000602405	0.00138334	0.00395717	0.00587524	0.00733433	0.469249	0.00582896	0.00067681
19	0.048721	0.000143946	0.00162376	0.010468	0.0323526	0.00339753	0.0114398	0.260609	0.029082	0.176323	0.0548378	0.00254942	0.00533813	0.00354677	0.0128852	0.0232163	0.0527579	0.25932	0.000358335	0.0110298
20	0.227913	0.000495725	0.0125252	0.00445519	0.0217293	0.017111	0.00246923	0.00506678	0.00431183	0.0369595	0.00436644	0.0475029	0.00230589	0.00568027	0.0162715	0.307042	0.251384	0.0157115	0.0011231	0.0155762
21	0.109462	0.000614944	0.028241	0.018094	0.00549211	0.0111774	0.0103585	0.00881971	0.0158652	0.0254831	0.00312242	0.0103848	0.553359	0.0156796	0.0243807	0.0931544	0.0400574	0.0224571	0.00106446	0.0027316
22	0.0920635	0.000359843	0.0718992	0.202631	0.0266465	0.00423537	0.0537977	0.00985559	0.0528189	0.0772802	0.0646393	0.00744629	0.0260814	0.0385759	0.0322277	0.0782906	0.0600115	0.043321	0.027538	0.0302806
23	0.11524	0.000421342	0.0933365	0.0542344	0.0102836	0.155852	0.02343	0.00223706	0.0640722	0.00788462	0.00224388	0.0747002	0.00763166	0.0151606	0.0248094	0.303266	0.0217428	0.0140286	0.0081732	0.0012519
24	0.0138798	0.000386135	0.00154822	0.00257673	0.00978359	0.00421144	0.00176742	0.267016	0.0039409	0.374121	0.184927	0.0099769	0.00100209	0.004917	0.0029851	0.00618529	0.00434929	0.105165	0.000475201	0.000784982
25	0.0262798	0.000160404	0.00392928	0.00918038	0.00120254	0.0196038	0.0261281	0.0045002	0.333069	0.00790614	0.0158202	0.0247525	0.00411882	0.0737088	0.387114	0.0253173	0.0203899	0.0156182	0.000499458	0.00070188
26	0.122055	0.000482449	0.0887946	0.0453853	0.00478606	0.196583	0.0229049	0.00162568	0.0917406	0.0114795	0.00167914	0.0816849	0.00517735	0.0255726	0.0466733	0.22386	0.0168623	0.00840334	0.0029663	0.00128449
27	0.0987737	0.000542936	0.00373059	0.0055771	0.00164871	0.0029565	0.0195417	0.128644	0.148141	0.0159095	0.0424379	0.0132887	0.00292393	0.0213477	0.18341	0.0367472	0.134309	0.137761	0.000825218	0.00148383
28	0.0137177	0.00121568	0.00871805	0.00737947	0.06879	0.0045359	0.0843122	0.00455146	0.0213292	0.0194417	0.00408085	0.0168714	0.00577659	0.00546781	0.0703774	0.0132672	0.0112644	0.0251961	0.00777516	0.605932
29	0.0456946	0.000238292	0.261415	0.318363	0.00131277	0.0336087	0.0217209	0.0114561	0.045088	0.0111217	0.00258621	0.0487286	0.00930128	0.0691532	0.0355206	0.0425173	0.021638	0.0162924	0.000580409	0.00366259
30	0.264392	0.135976	0.0098092	0.0089894	0.0148859	0.10509	0.00713895	0.0589508	0.00851853	0.0190003	0.0832197	0.0117233	0.00624624	0.00887527	0.0100644	0.144069	0.0176412	0.0782963	0.00274751	0.00436587
31	0.637079	0.000919264	0.00572221	0.00514779	0.00272561	0.0158551	0.00275689	0.00279382	0.00480691	0.00489997	0.00264225	0.013437	0.00282577	0.00371223	0.00448305	0.256541	0.0227035	0.008447	0.000702808	0.00179849
32	0.029743	0.000800785	0.0015563	0.00342613	0.0194834	0.0045301	0.00252573	0.269304	0.00740637	0.330978	0.135034	0.00567975	0.00173562	0.00519819	0.00476767	0.00848107	0.010114	0.156061	0.00122286	0.00195276
33	0.39682	0.0143285	0.00325108	0.0048089	0.00278846	0.365258	0.00173928	0.00412505	0.00245255	0.0109371	0.00756069	0.00608067	0.00124039	0.00242708	0.00591375	0.103549	0.0218049	0.0429442	0.000433842	0.00153706
34	0.0296677	0.000349177	0.383587	0.0595131	0.00316463	0.045403	0.0164276	0.00485864	0.0213954	0.00650677	0.00340758	0.295856	0.00391638	0.0176725	0.013745	0.067181	0.0184293	0.00580613	0.00106348	0.0020493
35	0.00367067	0.000313027	0.00223274	0.00264444	0.577317	0.0109769	0.0341452	0.009328	0.00656739	0.0480222	0.00495193	0.0113546	0.00633337	0.00547255	0.00242752	0.00305291	0.00261701	0.0201519	0.00191107	0.24651
36	0.132894	0.00693462	0.0123623	0.00822184	0.00194821	0.708905	0.00380457	0.00228704	0.00604531	0.00493095	0.00613013	0.0128212	0.00217711	0.00561423	0.00968805	0.0505258	0.0130697	0.00852654	0.000881827	0.00223215
37	0.0438311	0.000134467	0.00136924	0.0103017	0.0265533	0.00332384	0.00930208	0.280281	0.0269267	0.182766	0.0596164	0.00240672	0.00466562	0.0043161	0.0122489	0.0188319	0.042707	0.261176	0.000215818	0.00902658
38	0.0567036	0.000533037	0.0161513	0.0143433	0.00384351	0.00918267	0.0105258	0.0158088	0.0121001	0.0214709	0.00491091	0.0130467	0.660255	0.0105903	0.0167307	0.0522445	0.0638686	0.0132838	0.00150799	0.00289828
39	0.0544422	0.00020843	0.0710119	0.10824	0.00548053	0.0211201	0.0234292	0.0152218	0.225197	0.0441989	0.0109066	0.0859359	0.0111262	0.115241	0.0992361	0.0521293	0.039674	0.0119999	0.000458196	0.00474293
40	0.0106448	0.000426828	0.00702795	0.00665351	0.138202	0.00238279	0.0523395	0.00251059	0.00769476	0.0247644	0.00377208	0.0142881	0.00563545	0.00327508	0.016605	0.00504419	0.00874625	0.00708726	0.0108299	0.672069
41	0.130147	0.00667323	0.0113436	0.0102012	0.00350853	0.701123	0.0062834	0.00324693	0.00710102	0.00598988	0.00638765	0.0118552	0.00207672	0.00522202	0.0120962	0.0496148	0.0148112	0.00839167	0.000711941	0.00321475
42	0.260339	0.0149297	0.00250393	0.00359243	0.00197483	0.567739	0.00137345	0.00301345	0.00183943	0.00750822	0.00853621	0.0034933	0.00118806	0.00140377	0.00504637	0.0652912	0.0175817	0.0311365	0.000269433	0.00123992
43	0.0530286	0.00163937	0.00732095	0.0154149	0.0473709	0.0121419	0.00970801	0.0109349	0.0144645	0.0163585	0.0352207	0.0277441	0.00483913	0.0080714	0.0195606	0.275732	0.358757	0.0118413	0.001877	0.0679745
44	0.00835805	0.000481483	0.00239457	0.00294352	0.0203782	0.00376076	0.00246578	0.144474	0.00359657	0.505751	0.248117	0.00959282	0.0017868	0.00438772	0.00409345	0.00867848	0.00513379	0.0212921	0.000833045	0.00148115
45	0.0802125	0.000679445	0.0036851	0.00512236	0.00510708	0.00450474	0.0498758	0.142015	0.0175329	0.09405	0.0267145	0.0286849	0.0318315	0.0159428	0.0313223	0.207366	0.116284	0.134239	0.000881328	0.00394928
46	0.14039	0.00732656	0.0102241	0.00923549	0.00128323	0.700956	0.00291283	0.00435385	0.00724841	0.00585494	0.0065731	0.00991461	0.00333474	0.00497993	0.0101874	0.0503366	0.0128797	0.00954722	0.000470233	0.00199091
47	0.240429	0.00584644	0.0112386	0.0116043	0.0497442	0.0279262	0.00361734	0.0458913	0.00732286	0.0356264	0.0120376	0.0832195	0.0105833	0.0112086	0.0115584	0.119349	0.140228	0.14286	0.0211589	0.00854975
48	0.0965947	0.00709169	0.00141863	0.00177714	0.0415758	0.00951474	0.00175422	0.154737	0.00408146	0.363825	0.0319788	0.00148428	0.00333787	0.00420603	0.00461892	0.0132612	0.0190488	0.230011	0.00817638	0.00150629
49	0.0508305	0.000102134	0.00180014	0.0110747	0.0344405	0.00323215	0.0127745	0.251163	0.0293645	0.166708	0.052275	0.00259351	0.00556602	0.00310373	0.0126972	0.0252717	0.055978	0.268376	0.000153219	0.0124947
50	0.0135958	0.000531049	0.00736702	0.00724809	0.120359	0.00330475	0.0546487	0.00679779	0.00863326	0.0333449	0.00590701	0.0139164	0.00586863	0.00300788	0.0195393	0.0087032	0.0162502	0.0115448	0.0107435	0.648689
51	0.095787	0.000412064	0.023602	0.0182959	0.00473177	0.0111134	0.0100768	0.0103942	0.0146074	0.0226619	0.00332988	0.0103119	0.592276	0.013099	0.0220668	0.0839813	0.0409191	0.0187012	0.00105467	0.00257757
52	0.0372134	0.00133313	0.119424	0.013268	0.0476777	0.0356426	0.0615835	0.00937641	0.0894348	0.0319549	0.0292953	0.175461	0.00394603	0.0324384	0.0517406	0.0535083	0.112085	0.00798689	0.00187298	0.0847567
53	0.177028	0.00949403	0.00101197	0.00183102	0.000813466	0.723705	0.000890575	0.000842904	0.00105658	0.00305711	0.00676184	0.00209757	0.000656582	0.00117165	0.00508897	0.04635	0.00869606	0.00756195	0.0002715	0.00161342
54	0.00157849	0.981549	0.00174864	0.000670472	0.000401639	0.00215462	0.000468939	0.000558521	0.000776486	0.000878456	0.000975478	0.000878471	0.00259853	0.000678842	0.000723585	0.0012744	0.00087857	0.000710426	0.000144709	0.000352094
55	0.0729838	0.000207363	0.20213	0.185718	0.00111768	0.0537261	0.0186565	0.00375005	0.117249	0.00601804	0.0043749	0.0396084	0.00295954	0.0843266	0.0745033	0.0665383	0.0517637	0.0116314	0.000275877	0.00246122
56	0.15242	0.000352976	0.150615	0.114402	0.00126523	0.0811887	0.024086	0.00985032	0.0111079	0.00554652	0.00127867	0.0709243	0.138644	0.0400146	0.00445495	0.119064	0.0435313	0.0297575	0.000682308	0.000813257
57	0.0027598	0.000310426	0.0011425	0.00225095	0.624771	0.0121429	0.0343455	0.00965704	0.00684058	0.0421514	0.00454858	0.0114829	0.0062511	0.00603833	0.00176695	0.00293183	0.00215117	0.0215846	0.000788122	0.206084
58	0.160935	0.00027763	0.0375327	0.0272686	0.00504808	0.0104022	0.0182241	0.0126844	0.028789	0.0396368	0.0030592	0.0137326	0.295878	0.0287256	0.0584386	0.162258	0.0536986	0.0363427	0.00166955	0.00539927
59	0.22826	0.00529135	0.0308551	0.019221	0.0273215	0.25754	0.0110431	0.00577137	0.0292242	0.0408554	0.00552454	0.0548152	0.0050643	0.0114272	0.0217692	0.18878	0.0318792	0.0182035	0.00215687	0.00499668
60	0.155273	0.0011795	0.0112439	0.0328438	0.0276988	0.152116	0.060678	0.00632366	0.0132784	0.0115596	0.00563831	0.0137771	0.0490152	0.0446034	0.152472	0.173398	0.043111	0.011579	0.00186933	0.032341
61	0.0202133	0.00168467	0.00807204	0.0103104	0.19407	0.0456239	0.0100863	0.0094192	0.0467413	0.0813099	0.170367	0.0114915	0.0421507	0.0118803	0.180295	0.0207953	0.0144454	0.0117384	0.0479594	0.0613452
62	0.131389	0.000900021	0.026089	0.0167606	0.00848824	0.0123428	0.0110129	0.0100189	0.0158087	0.0289091	0.00456318	0.0119902	0.507641	0.0137455	0.0217684	0.0858317	0.0586797	0.0296709	0.0014376	0.00295162
63	0.0423026	0.0013116	0.00511652	0.00916784	0.00421922	0.00639357	0.00670062	0.0849773	0.107166	0.0328218	0.00855991	0.151257	0.00370556	0.00657644	0.0104053	0.0452658	0.244192	0.224477	0.00175708	0.00362664
64	0.018704	0.000150942	0.00124549	0.00149259	0.00831776	0.00256804	0.00149542	0.390296	0.00259044	0.0550708	0.010828	0.00103156	0.000820171	0.00112081	0.00452042	0.00689174	0.00963455	0.476141	0.00597489	0.00110557
65	0.0797723	0.00522273	0.00236076	0.00158513	0.0416105	0.00388949	0.00121748	0.100382	0.00278801	0.497317	0.0314357	0.00203912	0.00235911	0.00418071	0.00757537	0.00687105	0.00668315	0.197518	0.00417354	0.00101886
66	0.0540439	0.00298358	0.00141337	0.00231641	0.0288136	0.00392052	0.00145861	0.209803	0.00578098	0.387468	0.0588076	0.00185667	0.0015332	0.00474552	0.00568823	0.0065101	0.00776007	0.212129	0.00182923	0.00113914
67	0.0653756	0.003842	0.00116872	0.00181814	0.0288587	0.00450707	0.00091892	0.225269	0.00471479	0.364378	0.0448228	0.00132374	0.00157867	0.00518542	0.00459648	0.00627357	0.00627478	0.225658	0.00278141	0.000654273
68	0.0230871	0.000269762	0.576942	0.0988565	0.00574571	0.0252537	0.00949298	0.00391451	0.0144949	0.0055826	0.00179257	0.141613	0.00524593	0.0163575	0.00924487	0.0298066	0.0169605	0.00822838	0.000828799	0.00628208
69	0.0423064	0.00204564	0.0141333	0.0343537	0.00990965	0.0309347	0.0365892	0.0153556	0.212878	0.0198898	0.0164513	0.0324069	0.0135782	0.0653186	0.314739	0.0541691	0.042482	0.0254184	0.00363158	0.0134086
70	0.0965672	0.0040924	0.0306958	0.0257691	0.00617579	0.500576	0.0140419	0.00573369	0.055348	0.0105636	0.00840595	0.0388821	0.00536263	0.0204332	0.0673078	0.0721517	0.0213856	0.0109858	0.00147435	0.00404764
71	0.0243237	0.000536363	0.336303	0.267281	0.000483469	0.136492	0.0142874	0.00149058	0.0179501	0.00507146	0.00102289	0.0614046	0.0027019	0.0307446	0.0122979	0.0598683	0.0099474	0.010975	0.00291895	0.00389887
72	0.00157849	0.981549	0.00174864	0.000670472	0.000401639	0.00215462	0.000468939	0.000558521	0.000776486	0.000878456	0.000975478	0.000878471	0.00259853	0.000678842	0.000723585	0.0012744	0.00087857	0.000710426	0.000144709	0.000352094
73	0.00992636	0.000240146	0.00515212	0.00429806	0.14469	0.00120265	0.0444799	0.000964447	0.00540883	0.0249198	0.00326786	0.0120972	0.00564982	0.00138169	0.0095321	0.00241817	0.00474818	0.00341142	0.0123807	0.703831
74	0.00377366	0.000322439	0.00188472	0.00238952	0.560032	0.0108594	0.0355391	0.00848981	0.00668448	0.040967	0.0049665	0.0111639	0.00631363	0.00523944	0.00324847	0.00294419	0.00266356	0.0188866	0.00376895	0.269862
75	0.320127	0.00110571	0.0112891	0.0051769	0.0136477	0.0189247	0.0030355	0.0059085	0.00507431	0.0405654	0.00447695	0.0322279	0.00268696	0.00623262	0.0110252	0.212118	0.267272	0.0295982	0.00111462	0.00839221
76	0.0978378	0.000833707	0.0802013	0.137245	0.0234408	0.00990924	0.0376131	0.0140899	0.0853605	0.0831238	0.0584949	0.0184915	0.0195934	0.0433374	0.037113	0.0701701	0.0845471	0.0579585	0.0177405	0.0228986
77	0.0401038	0.000641201	0.0315608	0.0474003	0.00719896	0.0270993	0.0283317	0.0203335	0.286054	0.02088	0.0121803	0.0482874	0.00922194	0.0845947	0.200359	0.0490585	0.0550549	0.0239611	0.00145285	0.00622579
78	0.504977	0.00865326	0.0032469	0.00240503	0.00365678	0.0638295	0.00168065	0.0126201	0.00209227	0.0248976	0.0075199	0.00306764	0.0012714	0.00174177	0.00290463	0.0793427	0.0680473	0.205241	0.000932435	0.00187269
79	0.0123307	0.000946934	0.00550429	0.00677545	0.121918	0.0095888	0.0204765	0.00402412	0.012487	0.0227416	0.04421	0.00965542	0.00961022	0.0112473	0.0295918	0.00983307	0.00790119	0.00671638	0.348543	0.305898
80	0.0253073	0.00142534	0.00822697	0.0106215	0.00386464	0.0095134	0.229887	0.0286363	0.0137007	0.00751641	0.00556127	0.552435	0.00673426	0.0122755	0.0128907	0.0162407	0.0134827	0.00744108	0.00497684	0.0292623
81	0.191205	0.0108741	0.00107519	0.00202134	0.00116509	0.697412	0.000939919	0.00100977	0.00112337	0.00389654	0.00716891	0.00219272	0.000739462	0.00122875	0.00535779	0.0512034	0.00981115	0.00977734	0.000259449	0.00153924
82	0.0518737	0.00140824	0.089939	0.300801	0.00485497	0.0249778	0.0198706	0.0155616	0.0725366	0.0246493	0.0115915	0.0376966	0.0156629	0.192106	0.0426611	0.0397879	0.0234454	0.0254887	0.00185263	0.00323401
83	0.0682883	0.00018532	0.0392907	0.111943	0.00676711	0.00948353	0.0169737	0.0186937	0.239631	0.0519708	0.00988683	0.0531408	0.0132487	0.134543	0.111936	0.0521991	0.0444471	0.0132801	0.00030449	0.00378636
84	0.635302	0.00223488	0.00741011	0.0044826	0.00384612	0.0364581	0.00270776	0.00287918	0.00490147	0.00958418	0.00265564	0.016969	0.00182645	0.00396187	0.00420579	0.19391	0.0440247	0.0200634	0.000635419	0.00194091
85	0.130345	0.00765045	0.0180137	0.012609	0.00175084	0.686674	0.0046098	0.0034387	0.00983759	0.00633602	0.00674868	0.0182703	0.00226667	0.00683941	0.0104548	0.0505134	0.0103587	0.0102458	0.000682405	0.00235467
86	0.46241	0.00702231	0.00303635	0.0029596	0.00776328	0.0525919	0.00250392	0.0385608	0.00366593	0.0442928	0.00990042	0.00429772	0.00169993	0.00237699	0.00381962	0.0717902	0.0604916	0.216164	0.00171145	0.00294087
87	0.235651	0.00218289	0.125117	0.0645314	0.0053105	0.0808421	0.0139428	0.00840462	0.0204694	0.0135843	0.00400034	0.0464648	0.0541406	0.0253179	0.0130101	0.153402	0.0774763	0.0519565	0.00204847	0.00214714
88	0.386717	0.00436349	0.0155725	0.0187752	0.00859882	0.0501686	0.00882205	0.0156577	0.0199084	0.0276318	0.00930656	0.0263879	0.0113764	0.0131341	0.015914	0.136565	0.137036	0.0869444	0.00217092	0.00494788
89	0.0215572	0.000450803	0.00115108	0.00180836	0.00860078	0.00318815	0.00189596	0.375214	0.00325231	0.0684173	0.0142001	0.00148697	0.00103017	0.00153698	0.00489697	0.00874948	0.0115047	0.463966	0.00593102	0.00116168
90	0.0356037	0.000773719	0.00178775	0.00456591	0.0189467	0.00486372	0.00369278	0.298679	0.0105356	0.277231	0.0859864	0.00408767	0.00240473	0.00552166	0.00671217	0.010702	0.0159892	0.206884	0.00142169	0.00361026
91	0.023188	0.000301736	0.0011218	0.00217239	0.00884539	0.00309323	0.0021272	0.374941	0.00478408	0.0975441	0.0262641	0.00145728	0.00111683	0.00227035	0.00483883	0.00753488	0.0112421	0.420977	0.00443362	0.00174637
92	0.510895	0.00806522	0.00338754	0.00237815	0.00385518	0.0620705	0.00164014	0.0104963	0.00209847	0.0243565	0.00725569	0.00346982	0.00119875	0.00174379	0.00282109	0.080543	0.0661607	0.204886	0.000704184	0.00197344
93	0.0164501	0.000396967	0.619549	0.0534087	0.005551	0.0178244	0.00793269	0.00281256	0.00959197	0.00413227	0.00232269	0.188238	0.00353345	0.0113803	0.00674282	0.0247977	0.0172793	0.00566584	0.000592802	0.00179816
94	0.0411912	0.000315593	0.170209	0.0321117	0.000762986	0.0625843	0.018211	0.00663709	0.00470792	0.00471068	0.00148054	0.48273	0.000840744	0.0123255	0.0106002	0.129012	0.0186542	0.00192476	0.0003804	0.000609682
95	0.106203	0.000571206	0.00346239	0.00492874	0.00152135	0.0027317	0.0148125	0.13359	0.144434	0.0150695	0.0449604	0.0133256	0.00183581	0.0246388	0.198119	0.0264747	0.11002	0.151152	0.00080315	0.00134535
96	0.0899569	0.000522707	0.254177	0.156226	0.00302878	0.0177471	0.0276508	0.0374469	0.00473776	0.0294146	0.00316663	0.0641917	0.0674385	0.0383442	0.00967401	0.0606401	0.0402688	0.0929862	0.000913692	0.00146838
97	0.0537696	0.00102712	0.231082	0.249514	0.00387451	0.107732	0.0175493	0.00593023	0.0467375	0.0125225	0.00484768	0.062898	0.0115553	0.0483078	0.0259387	0.0664277	0.0290878	0.0146842	0.00207565	0.00443822
98	0.131007	0.00034916	0.0437967	0.0500913	0.00369737	0.014993	0.0148158	0.00892708	0.0795299	0.0252734	0.00307159	0.0211001	0.251916	0.0431556	0.0718757	0.136322	0.0716935	0.0234245	0.00152518	0.00343546
99	0.0522734	0.00294292	0.00921344	0.00887554	0.0626104	0.00902838	0.00595234	0.12392	0.0102845	0.420756	0.0742542	0.00866572	0.00893402	0.00983265	0.0126727	0.0213804	0.0193816	0.127503	0.00356552	0.00795265
100	0.0732254	0.00388523	0.00190286	0.00493618	0.0338638	0.00963973	0.00557679	0.221809	0.0127857	0.2633	0.0484155	0.00297617	0.0048059	0.00438321	0.00812829	0.0255666	0.0342019	0.229912	0.00614106	0.00454553
101	0.188282	0.00294598	0.0241146	0.025566	0.00960151	0.0471712	0.012832	0.0210653	0.0283671	0.0313633	0.0109657	0.0444539	0.0123533	0.0175796	0.026984	0.169231	0.273658	0.044365	0.00193832	0.00716272
102	0.147157	0.00740583	0.0273785	0.0391272	0.0263447	0.0235333	0.0208656	0.0400795	0.0312195	0.073894	0.11228	0.0261096	0.148902	0.0350121	0.0384761	0.071249	0.0480123	0.0590323	0.0105516	0.0133705
103	0.0350651	0.0005789	0.48204	0.105495	0.00565217	0.0262511	0.0142984	0.00978452	0.0155526	0.0108982	0.00327256	0.139904	0.0149291	0.0207996	0.0134077	0.0399439	0.0229914	0.0320926	0.00151945	0.00552359
104	0.16485	0.00040045	0.0125767	0.00891009	0.0107833	0.0226821	0.00445435	0.00813235	0.0139378	0.0269857	0.00495693	0.0720536	0.00305275	0.00587782	0.0164668	0.270432	0.324869	0.0198383	0.00106493	0.00767575
105	0.139393	0.00227386	0.0617486	0.0480905	0.00564897	0.091284	0.0160781	0.0106701	0.0201913	0.020614	0.00575598	0.0341571	0.32309	0.0253948	0.0239988	0.0986605	0.0425988	0.0260551	0.00131013	0.00298606
106	0.0387659	0.000176749	0.281808	0.376193	0.000765382	0.0261809	0.0232088	0.0142328	0.0205668	0.0127889	0.00125096	0.0537698	0.0106721	0.0470241	0.0215716	0.0343754	0.0122346	0.0199726	0.000687127	0.00375393
107	0.0700866	0.000205157	0.228198	0.222044	0.000826376	0.058039	0.0181694	0.00215739	0.0953418	0.00436713	0.00440849	0.0403712	0.00144856	0.0757394	0.0548206	0.0680607	0.0433108	0.00973718	0.000358703	0.00230962
108	0.008787	0.000248815	0.00453676	0.00513443	0.214202	0.00270231	0.0451198	0.00261389	0.00554225	0.0311239	0.00358444	0.0118069	0.00605525	0.00196717	0.00825914	0.00242028	0.00437962	0.00595595	0.010043	0.625517
109	0.0371777	0.00117325	0.000847518	0.00260147	0.0103777	0.00424826	0.00115211	0.326318	0.00710652	0.261131	0.0746055	0.00200144	0.000982718	0.00605192	0.00345844	0.00546474	0.00448143	0.249262	0.000800949	0.000757437
110	0.0578296	0.000270537	0.19372	0.405116	0.001292	0.00674329	0.0315586	0.0281648	0.00803487	0.015313	0.00154662	0.047806	0.0244063	0.0729987	0.0230541	0.0371599	0.0130941	0.0303715	0.000441177	0.00107944
111	0.0155833	0.000614093	0.106138	0.0483495	0.00302538	0.055352	0.0294187	0.00732797	0.251604	0.0144993	0.0195538	0.260412	0.00338326	0.0472095	0.062832	0.0441417	0.0182983	0.00701648	0.000829045	0.00441113
112	0.0368191	0.00114713	0.0011641	0.00299677	0.0195361	0.00418808	0.0016834	0.300929	0.0079293	0.312389	0.0723748	0.00280092	0.00139408	0.00536924	0.00501164	0.00676311	0.00851232	0.206677	0.000994809	0.0013202
113	0.0431932	0.000220618	0.00407124	0.0184704	0.00152081	0.0252382	0.0138634	0.0196923	0.0306125	0.0057193	0.0126744	0.078254	0.00221197	0.00215103	0.0329635	0.206359	0.484104	0.0119212	0.000298003	0.00646091
114	0.0209694	0.000176299	0.00125425	0.00162775	0.00732721	0.00286737	0.00147948	0.394593	0.00355791	0.0741176	0.0188927	0.00122405	0.00076902	0.00173454	0.00443864	0.00646751	0.00854839	0.443638	0.00526465	0.0010529
115	0.0891814	0.000770096	0.0293268	0.0259473	0.00566173	0.0155047	0.0124245	0.0130948	0.0170013	0.0253431	0.00483269	0.0149994	0.535509	0.0165689	0.0259428	0.0955647	0.0460633	0.0189388	0.0013408	0.00598405
116	0.432879	0.0120802	0.0116213	0.00782493	0.00949641	0.0586055	0.00467521	0.0153185	0.00660055	0.0262989	0.00967028	0.0124759	0.0149201	0.00693534	0.00954871	0.139507	0.0660717	0.148807	0.00221979	0.00444291
117	0.50837	0.00845657	0.00339255	0.00305552	0.00386483	0.0655471	0.00168933	0.0120548	0.00207791	0.0287709	0.00842684	0.00359296	0.00143811	0.00200433	0.00258057	0.0779732	0.0672364	0.197077	0.00114423	0.0012475
118	0.0253437	0.0010905	0.0128934	0.00629543	0.175843	0.00522515	0.00560279	0.0769893	0.00759775	0.470217	0.0869006	0.0056313	0.00537952	0.00645598	0.0141812	0.011383	0.00951056	0.0535099	0.00321084	0.0167395
119	0.0162604	0.000156012	0.00116788	0.00094489	0.00554136	0.00230256	0.000900704	0.401257	0.00125972	0.0467594	0.00790282	0.00102434	0.000571971	0.000993517	0.00397294	0.0055446	0.00656162	0.489964	0.00641154	0.000501941
120	0.0987334	0.000399589	0.0749111	0.0393564	0.00197597	0.0638112	0.00375091	0.0141365	0.0338464	0.0175801	0.00220017	0.0627968	0.00787271	0.0239983	0.0407522	0.250242	0.250805	0.0097669	0.000579431	0.00248531
121	0.0152978	0.000193901	0.00488046	0.0424906	0.00677121	0.00466837	0.0302933	0.013922	0.354239	0.0258998	0.00483818	0.00802178	0.00197561	0.147814	0.282909	0.0137278	0.0237186	0.0147304	0.000805076	0.0028034
122	0.0684969	0.000150599	0.0314773	0.0821826	0.00179798	0.0213122	0.0143544	0.0116395	0.259503	0.0139893	0.00217454	0.0487071	0.0200693	0.0645046	0.159062	0.0817088	0.0948714	0.0229597	0.000197564	0.00084124
123	0.0157717	0.00104894	0.0711525	0.00661136	0.327467	0.00635335	0.00545402	0.0204663	0.00590877	0.431509	0.0130586	0.00657076	0.00518536	0.0061981	0.00852956	0.0108575	0.00910756	0.0437788	0.00129915	0.00367112
124	0.177028	0.00949403	0.00101197	0.00183102	0.000813466	0.723705	0.000890575	0.000842904	0.00105658	0.00305711	0.00676184	0.00209757	0.000656582	0.00117165	0.00508897	0.04635	0.00869606	0.00756195	0.0002715	0.00161342
125	0.0203902	0.000158379	0.372862	0.337134	0.00038096	0.0499888	0.0144761	0.00110056	0.0248988	0.00806635	0.000648325	0.0595849	0.00236884	0.0327703	0.0108758	0.038533	0.00871606	0.00924869	0.00126158	0.00653629
126	0.0977418	0.000355256	0.0460935	0.0221002	0.00134419	0.0561736	0.00948061	0.00566084	0.098061	0.0140521	0.00269569	0.0788169	0.00743257	0.043159	0.0365497	0.266978	0.203342	0.00837977	0.000527522	0.00105585
127	0.0392317	0.00187145	0.00750143	0.00214307	0.123929	0.00286475	0.00223605	0.108154	0.00369984	0.525676	0.0587096	0.00301526	0.00323621	0.00270229	0.00739649	0.00560337	0.00755413	0.088648	0.00160005	0.00422718
128	0.0223623	0.000296202	0.00466332	0.0288909	0.00325767	0.0107942	0.0252441	0.00887172	0.329756	0.01463	0.00993244	0.0154322	0.003621	0.102769	0.351575	0.0233401	0.0250912	0.0150142	0.000981149	0.00347692
129	0.0674772	0.000114549	0.0308796	0.0914818	0.00276107	0.0167169	0.017635	0.0137769	0.273905	0.019393	0.00235031	0.0452693	0.0153106	0.0772995	0.155124	0.0649468	0.080725	0.0234614	0.000182766	0.00118928
130	0.11883	0.000294344	0.0751208	0.0259182	0.00368777	0.204483	0.0264215	0.000964421	0.0993634	0.0119717	0.000974438	0.09881	0.00326482	0.0255416	0.0537175	0.227953	0.0118776	0.00765943	0.00215253	0.000993601
131	0.115557	0.000325952	0.0738774	0.0423918	0.00341878	0.165993	0.0188355	0.00284156	0.0805088	0.00894004	0.00153441	0.105292	0.0193926	0.0236398	0.0362686	0.226984	0.0608625	0.010026	0.00214853	0.00116227
132	0.030462	0.000142225	0.318387	0.380795	0.000530575	0.0396008	0.0189052	0.00613239	0.0248769	0.00807146	0.000819681	0.0511274	0.00650371	0.0362046	0.0137651	0.0364835	0.00875664	0.0128734	0.000970752	0.0045918
133	0.0837543	0.000288629	0.0618283	0.15286	0.0246003	0.0045724	0.0277454	0.0122788	0.104118	0.0810605	0.0516874	0.0379155	0.0283676	0.111047	0.0609945	0.0624634	0.0340877	0.0266853	0.0118497	0.021796
134	0.0206458	0.000286192	0.00111777	0.001748	0.00704834	0.00285262	0.00127589	0.381051	0.00334585	0.0884442	0.0225334	0.0013208	0.000945717	0.00191471	0.00442957	0.00605699	0.00815732	0.440937	0.00493433	0.000953775
135	0.0683632	0.000571933	0.0031478	0.0038802	0.00313389	0.00324797	0.0518395	0.127274	0.0186467	0.0957863	0.0296411	0.0335497	0.0269453	0.0181173	0.0337896	0.220948	0.127516	0.12989	0.000969996	0.00274146
136	0.0269939	0.000173651	0.000804779	0.00281695	0.0051696	0.00546971	0.0011255	0.372966	0.00675603	0.209066	0.0878987	0.00249595	0.000720644	0.0061177	0.00337212	0.00496679	0.00444337	0.25738	0.000638907	0.000622866
137	0.0417855	0.000414598	0.0120885	0.0297894	0.00214613	0.0153208	0.0221813	0.0201237	0.294622	0.0193325	0.0249974	0.0448512	0.00703396	0.0531334	0.267149	0.0465851	0.0583617	0.0374439	0.00109413	0.0015451
138	0.0087738	0.000490502	0.00235868	0.00289798	0.0200208	0.00367083	0.00239613	0.148094	0.00349094	0.499521	0.246277	0.00949655	0.00162457	0.00464524	0.0040457	0.00864286	0.00488181	0.0263747	0.000836913	0.00146014
139	0.0171024	0.000276543	0.610631	0.0438938	0.00508038	0.0181891	0.00792896	0.00260435	0.00771952	0.00330932	0.00170954	0.210207	0.00290629	0.0101802	0.00614451	0.0301899	0.0152537	0.00509577	0.000531192	0.0010467
140	0.0127807	0.00110014	0.00506484	0.00824958	0.0233772	0.00769078	0.00622391	0.00601269	0.00751496	0.00837083	0.0124313	0.0075173	0.00367026	0.0213709	0.00754119	0.0107797	0.00798797	0.00876855	0.787333	0.0462141
141	0.0363815	0.000451008	0.00350672	0.0180972	0.00197872	0.0151357	0.0233057	0.0217189	0.0299616	0.00673968	0.0140506	0.0554397	0.00684515	0.00404937	0.0743841	0.17662	0.491392	0.0123509	0.000584106	0.00700793
142	0.0419649	0.000213859	0.299726	0.311028	0.000860093	0.050475	0.0182074	0.00599616	0.0337223	0.00857994	0.00263655	0.0595129	0.0110512	0.0411478	0.0192141	0.0551944	0.0205566	0.0134596	0.00150827	0.00494503
143	0.51588	0.00782867	0.00366304	0.00272814	0.00328997	0.0573756	0.00166877	0.00923966	0.00224814	0.0216324	0.00681415	0.00362951	0.00107201	0.0018685	0.00276579	0.106679	0.0648902	0.184312	0.00061903	0.00179507
144	0.035506	0.00130695	0.0010808	0.00341606	0.0133742	0.00442251	0.00199676	0.295593	0.00832343	0.274867	0.0961829	0.00302585	0.00131933	0.00579049	0.00422094	0.0070296	0.00870905	0.231292	0.000942588	0.00160047
145	0.0509915	0.000505371	0.00994251	0.00801969	0.0047774	0.00801444	0.00759656	0.0121159	0.00905658	0.0215706	0.00379419	0.00782741	0.741636	0.00844088	0.0120312	0.0414418	0.037092	0.0109517	0.00112127	0.00307306
146	0.0247069	0.0011353	0.0505244	0.0286559	0.00398883	0.0522664	0.121451	0.0111983	0.140996	0.0116868	0.0136203	0.291756	0.00549259	0.0537932	0.0573427	0.065283	0.0435721	0.0103179	0.00269559	0.00951658
147	0.0567424	0.000968033	0.0149916	0.0143254	0.00631606	0.0119523	0.00961341	0.0146718	0.0118211	0.0260045	0.00433897	0.0104802	0.679467	0.00919038	0.0155556	0.0498892	0.0431029	0.0158893	0.00158042	0.00309902
148	0.0419373	0.000379745	0.299199	0.0778233	0.00257421	0.0610499	0.0165602	0.0054389	0.023016	0.00766418	0.00264209	0.278105	0.00670749	0.0229462	0.0169561	0.101651	0.0243691	0.00791671	0.000875585	0.00218773
149	0.0303723	0.000147378	0.325749	0.369023	0.000533053	0.0433091	0.0171903	0.00401113	0.029999	0.00742254	0.000990989	0.0503928	0.00466965	0.0353977	0.014112	0.0397979	0.0103971	0.0107756	0.000951895	0.00475732
150	0.0593907	0.00183659	0.0180509	0.0281562	0.0104921	0.0209015	0.0229607	0.0585168	0.149714	0.0484634	0.0239541	0.0263732	0.0123663	0.0447808	0.241004	0.0595303	0.0581866	0.100073	0.00435178	0.010897
151	0.0744813	0.00324802	0.00414153	0.00711587	0.0244269	0.0111047	0.00549504	0.269599	0.013072	0.109082	0.0236317	0.00713749	0.00480513	0.00557373	0.0124357	0.024395	0.0276076	0.357453	0.00693588	0.00825885
152	0.136863	0.00100926	0.110293	0.192573	0.00562388	0.0495097	0.020844	0.0122091	0.0462825	0.0193566	0.00981738	0.0532317	0.0410619	0.0506919	0.0328155	0.126708	0.0606779	0.0237584	0.00237769	0.00429607
153	0.0110548	0.00132505	0.00483483	0.00633626	0.035157	0.0059332	0.00804384	0.00503394	0.00695889	0.00724704	0.013684	0.00816191	0.00404104	0.0196067	0.00663488	0.00991356	0.00762811	0.00689087	0.727742	0.103772
154	0.0480103	0.000939073	0.179609	0.3599	0.00445333	0.0323397	0.0200032	0.0129795	0.0439531	0.0165484	0.0101515	0.048812	0.014264	0.0759252	0.0316115	0.0455385	0.0222594	0.0243868	0.00224331	0.00607197
155	0.0103991	0.000823692	0.0421052	0.00505025	0.394038	0.00516223	0.00512397	0.018034	0.00536331	0.428874	0.0113082	0.00567018	0.00539217	0.00492165	0.00596284	0.00891702	0.00760778	0.0246354	0.000902408	0.00970925
156	0.0141549	0.00168407	0.00479738	0.00703813	0.0225894	0.00753418	0.00554302	0.0153749	0.00730989	0.0109789	0.0116771	0.00804646	0.00331492	0.0207503	0.00677626	0.0114513	0.00790029	0.0204243	0.766521	0.0461331
157	0.315039	0.0033595	0.0164118	0.0221808	0.0098096	0.0465058	0.00819543	0.0148737	0.0209431	0.0319869	0.00945234	0.0339995	0.00923998	0.0116106	0.0183423	0.156644	0.195675	0.0673927	0.0022517	0.0060864
158	0.0429336	0.000428669	0.171636	0.0516651	0.00126526	0.0691946	0.0192413	0.00656249	0.0114354	0.00542129	0.00235612	0.431193	0.00214438	0.014942	0.011819	0.133596	0.0189253	0.00327842	0.00086576	0.00109656
159	0.0864111	0.000416828	0.0152232	0.0193285	0.00656063	0.0268768	0.0131731	0.0177198	0.0306152	0.0161993	0.0115038	0.0610424	0.00728711	0.0127468	0.0308719	0.245478	0.371322	0.0165961	0.000806762	0.00982005
160	0.0489702	0.00164088	0.112223	0.0372594	0.00279266	0.121688	0.0328188	0.0070025	0.0546788	0.0122437	0.00821733	0.346529	0.00415608	0.0274977	0.0281155	0.112076	0.0297491	0.00678677	0.00185143	0.00370369
161	0.0181805	0.000493414	0.593553	0.0955736	0.00674441	0.0247531	0.00957083	0.00352317	0.0132968	0.00633301	0.00194691	0.140824	0.00306289	0.0175106	0.00913503	0.0249548	0.0160472	0.00855663	0.00115767	0.0047822
162	0.0565881	0.000629083	0.176159	0.367305	0.00292922	0.00991867	0.0308367	0.0340143	0.0241874	0.0195001	0.00349603	0.0454283	0.0222535	0.0917252	0.0273886	0.0356707	0.0174952	0.0313546	0.000779584	0.00234046
163	0.00157849	0.981549	0.00174864	0.000670472	0.000401639	0.00215462	0.000468939	0.000558521	0.000776486	0.000878456	0.000975478	0.000878471	0.00259853	0.000678842	0.000723585	0.0012744	0.00087857	0.000710426	0.000144709	0.000352094
164	0.141882	0.00764806	0.016811	0.0103914	0.00182549	0.679112	0.00362408	0.00291177	0.00877019	0.00640903	0.00626968	0.0179409	0.00262995	0.00547925	0.010185	0.0551542	0.0101252	0.00993839	0.000563645	0.0023294
165	0.196521	0.000654647	0.0413569	0.0130807	0.0249655	0.00720852	0.0182898	0.0062212	0.0234686	0.0403287	0.00396042	0.00703946	0.364317	0.0127981	0.0220722	0.0942788	0.0532889	0.0656252	0.00126555	0.00325889
166	0.0415493	0.000349474	0.0170879	0.0414605	0.00258239	0.0205808	0.0611481	0.00933929	0.229649	0.0108178	0.0108147	0.0683748	0.00837837	0.0761455	0.176051	0.102617	0.103834	0.0146186	0.00124281	0.00335714
167	0.00284648	0.97376	0.00177355	0.000681715	0.000754612	0.00222381	0.000471573	0.00120066	0.000778554	0.0044523	0.00110636	0.000877753	0.00258589	0.000697351	0.000797485	0.00131728	0.000957857	0.00220951	0.000153849	0.00035341
168	0.0266635	0.000161251	0.341146	0.350691	0.000468311	0.0397763	0.0177368	0.00678179	0.0222945	0.00898112	0.000854472	0.0584461	0.00534341	0.0393079	0.0159917	0.0360166	0.00987825	0.0130273	0.00103544	0.00539851
169	0.115921	0.000581212	0.108059	0.170565	0.0127039	0.0270725	0.0296851	0.0097527	0.0808658	0.0366524	0.0476066	0.0276942	0.0131885	0.0598762	0.0395628	0.0886216	0.08083	0.0275606	0.010302	0.0128999
170	0.0614021	0.00257843	0.0312248	0.111647	0.0151829	0.0164133	0.0164195	0.0728094	0.0630489	0.145056	0.0273677	0.0253191	0.0152028	0.246223	0.0378753	0.0357219	0.0229439	0.0424812	0.00410093	0.00698175
171	0.107933	0.000571776	0.0039018	0.00513559	0.0022842	0.00285973	0.0157248	0.135532	0.132576	0.0242072	0.0470143	0.0164743	0.00272202	0.0250941	0.17987	0.0332525	0.109107	0.152865	0.000886572	0.00198835
172	0.0729602	0.000210592	0.228373	0.215983	0.000767707	0.0611403	0.0182318	0.00149795	0.0922475	0.00373322	0.00456381	0.0415634	0.00216377	0.074943	0.0541086	0.0709538	0.0446394	0.00922727	0.00043469	0.00225757
173	0.0037141	0.000278107	0.00193089	0.00270162	0.568417	0.0105612	0.0344307	0.00927795	0.00687244	0.0434864	0.00530786	0.0111965	0.00692093	0.00553196	0.00286711	0.00295949	0.00272335	0.0195581	0.00225661	0.259008
174	0.046231	0.000139746	0.00139748	0.00946777	0.0274093	0.00306747	0.00925159	0.280339	0.0263894	0.185781	0.0619528	0.00222975	0.0040519	0.00469121	0.00992906	0.0190386	0.0420473	0.257368	0.000188654	0.00902849
175	0.0503197	0.000274544	0.0142825	0.0460582	0.00165342	0.0214858	0.0190085	0.00754208	0.300423	0.0103065	0.00844195	0.0362848	0.0101382	0.069499	0.29214	0.0460363	0.0466975	0.0181613	0.000474655	0.000772999
176	0.0415363	0.000309998	0.171031	0.0326355	0.000789769	0.0629248	0.0183336	0.00649139	0.00457709	0.00460308	0.00151105	0.480912	0.000989825	0.0121598	0.010771	0.129182	0.0183365	0.0018996	0.000395197	0.000609553
177	0.0077937	0.000480129	0.00297408	0.00386161	0.45521	0.0109665	0.0338836	0.00689595	0.0108323	0.0380547	0.0229877	0.0119694	0.00923293	0.00525382	0.0143652	0.00472274	0.00503848	0.015488	0.0113364	0.328653
178	0.0237459	0.000144717	0.00385813	0.0127465	0.00180019	0.0157031	0.0239051	0.00572278	0.333966	0.00958042	0.0148912	0.0196168	0.00349636	0.0813072	0.383089	0.0250381	0.0245441	0.0151069	0.000598803	0.00113853
179	0.132031	0.00180124	0.129791	0.0860921	0.00700684	0.082791	0.0228536	0.0113866	0.0234592	0.0154987	0.00487355	0.0541676	0.192486	0.0389655	0.0145503	0.104665	0.0436401	0.0295015	0.00166191	0.00277806
180	0.0517485	0.000109345	0.00186353	0.0107533	0.0345939	0.00326735	0.0150029	0.246734	0.0296924	0.160977	0.0515239	0.00393668	0.00694266	0.00341015	0.0140476	0.0305111	0.0607234	0.261723	0.000166466	0.0122728
181	0.427109	0.00851948	0.0135038	0.0165767	0.00848306	0.0862395	0.00697601	0.022005	0.0159059	0.0350201	0.010579	0.0149323	0.0316798	0.0114644	0.0175231	0.12164	0.0532707	0.0917966	0.00179204	0.0049835
182	0.0316286	0.000270523	0.0211572	0.0522349	0.00507979	0.0141405	0.0266164	0.0126863	0.314225	0.0243618	0.00893307	0.0338609	0.00647461	0.140604	0.220753	0.0334203	0.0355095	0.0144847	0.000876837	0.00268219
183	0.0457282	0.000756591	0.00113674	0.0070187	0.0207961	0.00359616	0.00591585	0.292202	0.0212154	0.216126	0.0633797	0.00206966	0.00270919	0.00656257	0.00677866	0.0151469	0.026942	0.255533	0.000589414	0.0057978
184	0.0213493	0.000575733	0.00545955	0.00411986	0.0682181	0.004043	0.00316102	0.101617	0.00637969	0.510892	0.167279	0.00669231	0.0050311	0.009414	0.0125135	0.0143164	0.00868157	0.0448501	0.00188922	0.00351677
185	0.0364962	0.000203953	0.302539	0.346744	0.00127122	0.0389993	0.0191513	0.00840429	0.0296013	0.0100797	0.00200236	0.0562242	0.0104699	0.0457081	0.0183119	0.0396538	0.0136525	0.0146655	0.00132601	0.00449637
186	0.0130244	0.000201343	0.00266671	0.0302252	0.00486454	0.00486504	0.0237348	0.01259	0.363795	0.0196678	0.00586355	0.00653548	0.00160373	0.157671	0.304946	0.0101026	0.020696	0.0142114	0.000767738	0.00196823
187	0.117841	0.000561473	0.0676318	0.0233568	0.00407968	0.240648	0.0231479	0.00199476	0.100559	0.0172062	0.00174594	0.088365	0.00345219	0.023942	0.0737313	0.188908	0.0115833	0.00770411	0.0018881	0.00165294
188	0.135091	0.00783962	0.0148404	0.0110143	0.00170519	0.700003	0.00323768	0.0023968	0.00767088	0.00499678	0.00614156	0.0129501	0.00267881	0.00654139	0.0087314	0.0507585	0.010172	0.00984538	0.00109659	0.00228832
189	0.00992636	0.000240146	0.00515212	0.00429806	0.14469	0.00120265	0.0444799	0.000964447	0.00540883	0.0249198	0.00326786	0.0120972	0.00564982	0.00138169	0.0095321	0.00241817	0.00474818	0.00341142	0.0123807	0.703831
190	0.33818	0.00229048	0.0094661	0.00452214	0.0114563	0.0271567	0.00243835	0.00706565	0.00502651	0.0277089	0.0040826	0.0322068	0.0027595	0.00431346	0.00932755	0.21951	0.218738	0.065826	0.00142308	0.00650089
