214	20
1	0.106444	0.016717	0.0491309	0.0664496	0.00397265	0.0770739	0.0181171	0.0163119	0.0704546	0.0272975	0.00967815	0.0689986	0.00989896	0.047626	0.0527516	0.213543	0.109432	0.0215298	0.00595675	0.00861512
2	0.0300016	0.00406467	0.000878235	0.00219272	0.0295185	0.00368838	0.00515367	0.247189	0.00325685	0.297137	0.0983008	0.00404667	0.00113208	0.00171277	0.00527167	0.00790206	0.0354692	0.217355	0.00112707	0.00460307
3	0.0250457	0.0313444	0.0386444	0.016402	0.167116	0.0319652	0.0848673	0.0235485	0.0480672	0.0502855	0.0215371	0.058924	0.00181987	0.0616774	0.0275081	0.0204169	0.00544538	0.0120751	0.016611	0.256699
4	0.0900986	0.0122535	0.0464123	0.0405936	0.00601132	0.0652612	0.0438391	0.013296	0.0963891	0.0198252	0.0115638	0.0897198	0.0170182	0.0312808	0.0853392	0.187871	0.0931225	0.0244592	0.0174785	0.00816686
5	0.00617582	0.00513503	0.0192865	0.05476	0.00167951	0.0157627	0.0156665	0.0137449	0.359744	0.0189179	0.0268217	0.043992	0.000437161	0.0476654	0.305701	0.0223635	0.0227515	0.0117417	0.00259524	0.00505829
6	0.0285173	0.00539842	0.000874269	0.00273137	0.0357638	0.00414278	0.00703194	0.274407	0.003987	0.262174	0.0787564	0.00450093	0.0017015	0.00140976	0.0060855	0.00862329	0.0379734	0.226634	0.00174381	0.00754255
7	0.168203	0.0467617	0.00689016	0.0355567	0.13029	0.0099893	0.00903945	0.0396929	0.00917947	0.0938733	0.0716655	0.0384509	0.00373341	0.0639613	0.00994999	0.145114	0.0233021	0.0183093	0.0625429	0.0134945
8	0.0183244	0.0208616	0.00117788	0.0043137	0.0996173	0.00323665	0.0201633	0.183025	0.0106515	0.281108	0.0605871	0.00467324	0.00679299	0.00136823	0.0081545	0.0145616	0.0361037	0.167844	0.00618271	0.0512519
9	0.0547722	0.00255439	0.0107331	0.00295375	0.00382885	0.00301953	0.00272152	0.143022	0.0112294	0.0291839	0.00631766	0.0202946	0.00139348	0.00262849	0.0117999	0.0238691	0.0268043	0.630212	0.00155601	0.0111058
10	0.00284231	0.0209515	0.00129309	0.00998381	0.00177987	0.0146681	0.0665498	0.00982286	0.197484	0.0187806	0.00893798	0.0357393	0.000763262	0.0485289	0.497157	0.0225932	0.0136556	0.00799931	0.00148478	0.0189854
11	0.0175377	0.00151252	0.0650847	0.12952	0.00420136	0.0181423	0.00589383	0.0239163	0.337252	0.0301872	0.0301534	0.0490457	0.000443066	0.0743803	0.127045	0.034315	0.0273132	0.0127125	0.00312291	0.00821967
12	0.00255331	0.00278778	0.00118323	0.00153051	0.0512699	0.0015587	0.00154079	0.0181751	0.00181462	0.827509	0.0505722	0.00184593	0.000513146	0.00114861	0.00158191	0.00668369	0.00242523	0.0231428	0.000720718	0.00144286
13	0.0116665	0.0242176	0.00522506	0.0106356	0.00356357	0.017323	0.0567742	0.0213319	0.120133	0.0231283	0.00811878	0.0383871	0.00147058	0.0449534	0.521092	0.0294891	0.0261089	0.017676	0.00185017	0.0168553
14	0.0794475	0.008845	0.0524975	0.0697585	0.0113304	0.060343	0.0103062	0.015742	0.159442	0.0201049	0.0185381	0.0397318	0.00433971	0.0706022	0.126351	0.153231	0.0724637	0.0160125	0.00486858	0.00604421
15	0.0188749	0.0347586	0.0305012	0.0101231	0.17085	0.019453	0.0913804	0.0298043	0.0336951	0.045448	0.0192528	0.0527236	0.00251319	0.045561	0.0352259	0.0234228	0.00680477	0.0127842	0.00934864	0.307474
16	0.00306701	0.0221549	0.00126242	0.00630634	0.00178876	0.0163974	0.0684925	0.0107585	0.152447	0.0174249	0.00598761	0.0348977	0.000744478	0.0461669	0.545764	0.0245481	0.0152036	0.00686839	0.000853	0.0188663
17	0.00302363	0.0222133	0.00137193	0.0076456	0.00188101	0.0155239	0.0691139	0.0121039	0.115429	0.018361	0.00500094	0.0309451	0.000639336	0.0542606	0.576739	0.0223411	0.0147574	0.00778517	0.00105518	0.0198091
18	0.0162513	0.0247687	0.0142179	0.00340998	0.291099	0.0044784	0.0517401	0.00779262	0.00426518	0.0172385	0.0063128	0.0448468	0.0216125	0.00776953	0.00681369	0.0113121	0.00515518	0.00476619	0.00169284	0.454457
19	0.0461238	0.00242399	0.000838294	0.00224011	0.0261304	0.0051466	0.00356455	0.30492	0.00129507	0.163427	0.0592717	0.00541519	0.000487673	0.000869945	0.00538675	0.00822334	0.0414695	0.319787	0.000542186	0.00243688
20	0.0141439	0.140193	0.00349811	0.00413241	0.185041	0.0120379	0.0285047	0.0482542	0.00429047	0.0510041	0.0414673	0.0454971	0.00255304	0.00359144	0.0133543	0.0973867	0.0269873	0.0494965	0.00177169	0.226795
21	0.0241702	0.00350795	0.207986	0.280574	0.0162452	0.0171047	0.0279077	0.00827403	0.0905638	0.035158	0.0317702	0.0332397	0.00148982	0.0770392	0.0375483	0.0228627	0.041306	0.0224736	0.00200248	0.0187762
22	0.00630277	0.0300889	0.00319554	0.0175137	0.0167674	0.00434178	0.00356054	0.00546555	0.00446963	0.0218689	0.00562386	0.00512398	0.0016889	0.00345972	0.00405345	0.0202308	0.00523793	0.0189289	0.818378	0.0036996
23	0.00675196	0.0021561	0.00119904	0.00165114	0.00550223	0.00161727	0.00183187	0.228552	0.00192055	0.358841	0.26971	0.00221361	0.000659285	0.0066124	0.00299547	0.00466905	0.0313691	0.0692062	0.00080332	0.00173845
24	0.106925	0.0163287	0.0490581	0.0670146	0.00410034	0.0769649	0.0178874	0.0164668	0.0708829	0.0279214	0.0106933	0.0673879	0.00948811	0.0487831	0.0525574	0.212591	0.108752	0.0218021	0.00566997	0.00872511
25	0.0670051	0.00537989	0.0109258	0.0429052	0.00643004	0.0232677	0.0673116	0.0071389	0.0480155	0.0416785	0.0063598	0.0256594	0.220663	0.0278204	0.00959084	0.195017	0.0579576	0.0414384	0.00275714	0.0926778
26	0.113955	0.00943716	0.0235246	0.0556667	0.00409197	0.227488	0.00986766	0.0140437	0.0663487	0.0192382	0.006681	0.0455138	0.00502195	0.0523123	0.0775128	0.168826	0.06918	0.022764	0.00313835	0.00538779
27	0.0663361	0.00495623	0.237332	0.225445	0.00419702	0.0528231	0.0197864	0.00663008	0.0780481	0.0156693	0.00768437	0.0669395	0.00496749	0.0446699	0.0311102	0.0724351	0.0387965	0.0152389	0.00354846	0.00338567
28	0.0628352	0.0386165	0.0298219	0.00940532	0.0944421	0.0110023	0.155274	0.076004	0.0166686	0.0248462	0.0335887	0.0254487	0.00190487	0.0904661	0.0552572	0.0231302	0.026733	0.052966	0.00507486	0.166515
29	0.690438	0.00790086	0.00196382	0.00313148	0.0122261	0.114052	0.00283938	0.0044201	0.00312796	0.016334	0.00408903	0.00326059	0.00106073	0.00225485	0.0029229	0.0412448	0.07086	0.0121867	0.00229305	0.00339295
30	0.0525984	0.00310509	0.0138603	0.00337451	0.00421351	0.0034839	0.00309806	0.136402	0.0140037	0.0280438	0.0052024	0.0262344	0.00118699	0.00303473	0.0112762	0.0229646	0.0243759	0.627396	0.00184885	0.0142967
31	0.0124013	0.0483219	0.00521089	0.0259097	0.0101057	0.0156329	0.213668	0.0161012	0.0520044	0.015046	0.00769673	0.0357859	0.00165113	0.114633	0.33688	0.016174	0.0114065	0.0102436	0.00208059	0.0490459
32	0.0208329	0.00469545	0.000908935	0.00248449	0.028997	0.00369559	0.00664961	0.269288	0.00376269	0.305147	0.110322	0.00445466	0.00155216	0.00274775	0.00548673	0.00825258	0.0368778	0.176028	0.00166498	0.00615091
33	0.00626799	0.0119018	0.668809	0.0173592	0.00271987	0.0497654	0.0208901	0.00363011	0.0117359	0.00586876	0.00310223	0.149535	0.000963786	0.0032423	0.00254221	0.0308473	0.00383229	0.00360066	0.0014309	0.00195496
34	0.00260747	0.0028147	0.00118162	0.00153288	0.0512123	0.00156036	0.00155863	0.0183657	0.00184552	0.82685	0.0506749	0.00184978	0.000513315	0.00115024	0.00159237	0.00670112	0.00252086	0.023278	0.00072468	0.00146557
35	0.0315513	0.00269439	0.000655959	0.00264588	0.0355214	0.00597809	0.00463358	0.343261	0.00107793	0.157575	0.0480524	0.00625992	0.000486942	0.000614536	0.00613824	0.00952275	0.045862	0.294309	0.000518613	0.00264127
36	0.170848	0.0287496	0.0183437	0.0253457	0.0123022	0.110411	0.0144893	0.0134216	0.0369313	0.0151023	0.00887441	0.050844	0.00457398	0.0202459	0.022967	0.287997	0.130854	0.0189139	0.00324798	0.00553717
37	0.00634499	0.00144315	0.0202771	0.0776517	0.00164491	0.00852395	0.00793005	0.0116279	0.47581	0.0253734	0.0360088	0.0391126	0.000539756	0.0748236	0.147134	0.0225493	0.0136854	0.02063	0.00598223	0.00290674
38	0.0545177	0.00267149	0.0107603	0.00289825	0.00405137	0.00299777	0.00277755	0.138967	0.0112794	0.0310869	0.00681212	0.0204701	0.00128712	0.00257926	0.011347	0.0255227	0.0274773	0.629835	0.00160198	0.0110606
39	0.00482823	0.0447736	0.002005	0.0195215	0.00309851	0.0179804	0.169997	0.00909167	0.0784826	0.0149292	0.00383529	0.0444298	0.00120048	0.0753849	0.437723	0.0173926	0.010021	0.00691636	0.00147291	0.0369156
40	0.0335189	0.0281687	0.171787	0.0502366	0.00443924	0.440483	0.010005	0.00474141	0.0413654	0.0106996	0.0046295	0.0815375	0.00193279	0.0259627	0.0153023	0.0499448	0.0112823	0.00523004	0.00191341	0.00682009
41	0.0188968	0.0157007	0.000819443	0.00392436	0.0855175	0.00204012	0.0233047	0.174933	0.0137764	0.330824	0.0642804	0.00400647	0.006616	0.00137059	0.0107921	0.0120392	0.0395468	0.154167	0.00637442	0.0310701
42	0.101342	0.0127786	0.0655439	0.111014	0.00377867	0.0632486	0.0230222	0.0122456	0.0918512	0.0244205	0.0104878	0.0736182	0.00726496	0.0534723	0.0580569	0.166514	0.0921568	0.0176147	0.00417279	0.00739723
43	0.508389	0.0323522	0.00253728	0.00775957	0.0131809	0.0614901	0.00320963	0.0289166	0.00748945	0.0341271	0.0205303	0.00660983	0.00531213	0.00372554	0.00504517	0.0805636	0.0528308	0.111678	0.0067036	0.00754932
44	0.0274016	0.00165243	0.0956579	0.439856	0.0037192	0.0104373	0.0117662	0.0136082	0.144479	0.0340859	0.0128366	0.0321029	0.000829683	0.0513362	0.0421172	0.0239717	0.0154027	0.0336208	0.00128647	0.00383248
45	0.0634202	0.00579125	0.0909315	0.21161	0.00395952	0.0335889	0.0247537	0.00203617	0.172411	0.018002	0.014205	0.107335	0.000370602	0.0554252	0.0763351	0.0613058	0.0463482	0.00810437	0.000747528	0.00331892
46	0.0057331	0.052095	0.00421257	0.00172324	0.188341	0.00353968	0.0537832	0.0143106	0.00231795	0.0331136	0.0130408	0.0240659	0.00473407	0.00571565	0.00576261	0.0194045	0.00702239	0.0127384	0.00133644	0.547009
47	0.0183928	0.00689678	0.00158262	0.00239933	0.289448	0.00208209	0.0187515	0.0530778	0.00284413	0.241327	0.0484551	0.0040828	0.019487	0.00181491	0.00263826	0.0114004	0.01326	0.0901852	0.0103028	0.161572
48	0.0898884	0.0094459	0.130533	0.168383	0.00402091	0.0796098	0.0143863	0.0139043	0.0651057	0.0217605	0.00743367	0.0596505	0.00919756	0.04885	0.0360272	0.136209	0.07143	0.022426	0.00656517	0.0051733
49	0.0985928	0.014701	0.046567	0.0609483	0.00419905	0.0720254	0.0156659	0.014693	0.0791053	0.0239097	0.0110639	0.0913621	0.00835134	0.0468772	0.0515818	0.22834	0.0994008	0.0198004	0.00508208	0.00773326
50	0.0252398	0.00376502	0.00110469	0.00197403	0.00987336	0.00116086	0.00274002	0.191086	0.00415339	0.376288	0.214232	0.00256142	0.00058842	0.00418057	0.00218286	0.00698046	0.0347448	0.114758	0.000692752	0.0016935
51	0.0851529	0.0117256	0.0431453	0.0533977	0.00466044	0.0529017	0.0298291	0.0115866	0.0670577	0.0250219	0.00795308	0.0508168	0.107382	0.0461282	0.0458024	0.21903	0.0905798	0.0217159	0.00453199	0.0215812
52	0.246736	0.0513028	0.00154983	0.00556717	0.0110127	0.0445235	0.00160782	0.0389617	0.00396509	0.0351696	0.0309649	0.0145334	0.0473897	0.00203284	0.00277791	0.180375	0.15831	0.118016	0.00225636	0.00294714
53	0.00510417	0.0405203	0.00460122	0.00173483	0.158613	0.00286947	0.0687705	0.0095571	0.00256095	0.0218013	0.00632655	0.0247061	0.0045774	0.00750102	0.00568756	0.0144128	0.00437941	0.00647939	0.000985221	0.608812
54	0.186377	0.0340132	0.0100955	0.0141944	0.0127453	0.108071	0.0105028	0.0165615	0.0215376	0.0139498	0.0107205	0.0418213	0.00850733	0.0104833	0.011697	0.300036	0.155397	0.0273183	0.00209145	0.0038789
55	0.244615	0.0438837	0.00322548	0.00618052	0.0126295	0.0511354	0.00444631	0.0266121	0.00820863	0.0198575	0.0211819	0.0241031	0.0212016	0.0034026	0.00271123	0.274165	0.157083	0.0705519	0.00169617	0.00310805
56	0.00317699	0.00303874	0.00132236	0.00157744	0.0486276	0.00156653	0.00190328	0.0303837	0.00202943	0.803704	0.0565295	0.00197796	0.000614006	0.00142107	0.00182032	0.00663887	0.00436628	0.0268006	0.00076472	0.00173649
57	0.0026789	0.00276598	0.00128688	0.00162162	0.0523902	0.00155457	0.00167002	0.0183234	0.00184427	0.824062	0.0505364	0.00199397	0.000534459	0.00131343	0.00164099	0.00680049	0.00242133	0.0235457	0.000745777	0.00226928
58	0.0305349	0.0116946	0.0335246	0.00778243	0.0587677	0.0117084	0.103709	0.0436899	0.0425005	0.0251835	0.0458009	0.161763	0.00235131	0.0159632	0.0714393	0.145652	0.037062	0.0343813	0.00803329	0.108459
59	0.299994	0.0621711	0.00133506	0.0090597	0.0119274	0.0583675	0.00162398	0.0354177	0.00703483	0.034627	0.0329695	0.00973801	0.0201756	0.00323664	0.00466217	0.163051	0.0883669	0.141589	0.00691637	0.00773603
60	0.0052408	0.0455387	0.0043037	0.00158281	0.164087	0.00306849	0.0620337	0.0110742	0.00219539	0.0235538	0.00765622	0.0245604	0.00444434	0.00641292	0.00502782	0.0175048	0.00508758	0.00866253	0.00103501	0.596929
61	0.30107	0.0577034	0.00149157	0.010563	0.0127248	0.0608616	0.00176139	0.0368145	0.00698916	0.0305879	0.0290959	0.0100951	0.0219994	0.00303739	0.00376318	0.160157	0.097143	0.140389	0.00663578	0.00711693
62	0.0467334	0.000855394	0.196489	0.457337	0.00396284	0.0353991	0.0132713	0.00935043	0.059932	0.0213434	0.00570987	0.0188298	0.00288221	0.0393045	0.0085801	0.0343788	0.0145563	0.0267559	0.00266989	0.00165811
63	0.0230706	0.0020406	0.0738547	0.212533	0.00279516	0.0159904	0.00965195	0.0145143	0.310664	0.0240216	0.0201692	0.0592035	0.000592167	0.0624719	0.0949061	0.0285101	0.0245498	0.0150234	0.00178147	0.00365597
64	0.691209	0.00847965	0.00179259	0.00283429	0.0117625	0.111471	0.00247653	0.00450695	0.00296688	0.0143908	0.00411526	0.00331431	0.00165198	0.00205145	0.00245928	0.0446122	0.0724588	0.0128769	0.00198523	0.00258476
65	0.0363776	0.00211705	0.097415	0.538815	0.0032473	0.00940754	0.0094171	0.0221365	0.080747	0.0505542	0.00771326	0.0149085	0.00109035	0.0373669	0.0091865	0.0271315	0.00808431	0.040758	0.00123943	0.00228727
66	0.126195	0.0167205	0.0461615	0.0631124	0.00441355	0.0733159	0.0163447	0.0160244	0.0677376	0.0275162	0.0109657	0.0642919	0.00860837	0.0459017	0.0478206	0.221879	0.108861	0.0202132	0.00516334	0.00875481
67	0.0206083	0.0161157	0.000791296	0.00401567	0.0874626	0.00184126	0.0273347	0.163872	0.0160872	0.333941	0.0675748	0.00443805	0.00545792	0.0015086	0.0109577	0.0110981	0.0439988	0.146239	0.00559452	0.031062
68	0.01797	0.00337821	0.00140212	0.00178727	0.29753	0.00165981	0.0183671	0.0451807	0.00206684	0.242523	0.0502762	0.00274495	0.0209838	0.00158339	0.00177476	0.00991951	0.0110821	0.0896313	0.0106828	0.169457
69	0.0634202	0.00579125	0.0909315	0.21161	0.00395952	0.0335889	0.0247537	0.00203617	0.172411	0.018002	0.014205	0.107335	0.000370602	0.0554252	0.0763351	0.0613058	0.0463482	0.00810437	0.000747528	0.00331892
70	0.0058783	0.00115066	0.0363254	0.105798	0.00127868	0.0112774	0.00316366	0.0201614	0.440401	0.0227226	0.0282826	0.0648171	0.000425159	0.0650605	0.134321	0.0193893	0.0236408	0.0103201	0.00252532	0.0030603
71	0.0117914	0.00300441	0.00107267	0.00166722	0.00974257	0.00143849	0.00269888	0.210698	0.0029868	0.36871	0.248364	0.00225907	0.000800998	0.00542043	0.00311278	0.00560328	0.0320449	0.084816	0.0009367	0.00283172
72	0.0372507	0.0024991	0.0525885	0.122817	0.00397081	0.025337	0.00819997	0.0150427	0.330945	0.0210276	0.0237755	0.0543246	0.000413258	0.06452	0.132249	0.0539727	0.0288911	0.0149682	0.00364486	0.00356327
73	0.0576985	0.00120905	0.224633	0.375007	0.00494625	0.0601371	0.0108091	0.00822267	0.0526585	0.0134764	0.00571984	0.0274871	0.00556639	0.0440464	0.00989806	0.0465921	0.0224275	0.0236227	0.00426728	0.00157469
74	0.047902	0.0547838	0.00469045	0.0373655	0.00646808	0.0246075	0.00560047	0.00801529	0.0280908	0.3599	0.251773	0.00781561	0.00180446	0.0481031	0.0398137	0.0106135	0.00870289	0.00905854	0.0397206	0.00517106
75	0.0326152	0.0121676	0.175904	0.0744214	0.00196395	0.409171	0.0124026	0.00184762	0.0635382	0.00852924	0.00344363	0.0941888	0.00041848	0.0313876	0.022452	0.0376669	0.00838808	0.00323026	0.000810012	0.00545386
76	0.0178566	0.00348935	0.00135236	0.00182479	0.292764	0.00164579	0.0199062	0.0448989	0.00202847	0.241625	0.0488219	0.00279511	0.0227319	0.00156418	0.00185841	0.00977152	0.011833	0.0889619	0.0109845	0.173287
77	0.246593	0.0542208	0.00174914	0.00513317	0.00953425	0.0397464	0.00221643	0.0345383	0.00411752	0.0355413	0.0323116	0.0167805	0.0934953	0.00209597	0.00235963	0.175419	0.129108	0.110355	0.00192185	0.00276359
78	0.00534353	0.0537771	0.00463605	0.00175329	0.190971	0.00348488	0.0559965	0.0146117	0.00229538	0.0237695	0.00877254	0.0255251	0.00485561	0.00605129	0.00636353	0.0183806	0.00597917	0.00893508	0.000900453	0.557597
79	0.030795	0.00980358	0.0204502	0.0115988	0.0082638	0.0155936	0.0187932	0.0132261	0.0430313	0.0211268	0.00777747	0.281665	0.00323879	0.0114163	0.0124215	0.288157	0.164808	0.0229396	0.00327344	0.0116202
80	0.0592371	0.00568252	0.0559508	0.00587637	0.0409797	0.0217268	0.0892461	0.0585496	0.0401671	0.0209182	0.0829629	0.159427	0.00286043	0.00763292	0.0555805	0.119712	0.0560994	0.0564242	0.0175036	0.0434625
81	0.00574843	0.00198503	0.0011848	0.00154994	0.00469956	0.00155522	0.00149062	0.229309	0.00172806	0.369609	0.265802	0.00200143	0.00058534	0.00655069	0.00256463	0.00454521	0.0310344	0.0658166	0.000793349	0.00144656
82	0.00643545	0.00206132	0.00121362	0.00157339	0.00461681	0.0016089	0.00156357	0.228611	0.00183739	0.361223	0.272336	0.00205101	0.000609269	0.00652611	0.00291734	0.00457622	0.0311736	0.0667416	0.000796965	0.00152777
83	0.0964918	0.0213131	0.0448127	0.0597445	0.00465346	0.070932	0.0152888	0.0181595	0.070677	0.0271826	0.00896814	0.0840407	0.00834593	0.0413079	0.0505035	0.220448	0.12295	0.0205177	0.0051673	0.00849505
84	0.00418802	0.00290446	0.00116594	0.00163348	0.0503169	0.00154154	0.00164998	0.0211059	0.0021909	0.81085	0.0576059	0.00199226	0.000504872	0.00117571	0.00151215	0.00693186	0.00359734	0.0269915	0.000738667	0.00140245
85	0.00480594	0.0374896	0.00449403	0.00150354	0.16547	0.00230276	0.0651683	0.00807796	0.00201282	0.0223958	0.0052234	0.0230404	0.00493537	0.00660342	0.00460696	0.0109364	0.0033942	0.00490618	0.000867389	0.621765
86	0.121536	0.0186342	0.0133072	0.0135099	0.0102367	0.0154449	0.0103481	0.13951	0.0253074	0.139808	0.0729092	0.0404454	0.00134565	0.0289923	0.0225842	0.0814912	0.0858667	0.124575	0.0111265	0.0230208
87	0.116571	0.0194312	0.0147628	0.0222363	0.0143255	0.0244861	0.0172463	0.15218	0.0463598	0.139374	0.0486901	0.0550977	0.000709847	0.0245268	0.0241495	0.0746644	0.0798496	0.114224	0.00342311	0.00769191
88	0.0311479	0.0123093	0.180888	0.0692314	0.00189051	0.426759	0.010961	0.00193861	0.0566595	0.00791442	0.00295396	0.0933117	0.000435021	0.0312885	0.0197089	0.0366227	0.00653452	0.00309339	0.000973936	0.00537835
89	0.0394818	0.00428302	0.134858	0.234702	0.00831143	0.0220822	0.0280274	0.00492186	0.145699	0.0285299	0.0195744	0.0790042	0.000629969	0.0728528	0.0622601	0.0399694	0.0434802	0.0180047	0.000998382	0.0123298
90	0.0282799	0.00497951	0.00218288	0.00339669	0.217131	0.00472266	0.0308392	0.0424674	0.00307584	0.233053	0.0342374	0.00481724	0.0561827	0.00275154	0.00343119	0.0109099	0.0273452	0.0826505	0.0159025	0.191644
91	0.066202	0.00210762	0.228972	0.324599	0.00469538	0.0843316	0.0104959	0.00818869	0.0474092	0.0115987	0.0049612	0.0381359	0.00741771	0.0431857	0.0104529	0.0508807	0.0272931	0.0217585	0.00568147	0.00163184
92	0.00570578	0.00120119	0.0228122	0.0810369	0.00162522	0.00890179	0.00645029	0.0127566	0.472917	0.0262098	0.0359235	0.0430448	0.0004475	0.0731504	0.145073	0.0214789	0.0148422	0.0185229	0.00516054	0.00274018
93	0.0305353	0.00268178	0.000581074	0.00274501	0.037141	0.00619723	0.00487076	0.345781	0.00106602	0.155986	0.0470474	0.00645559	0.000535934	0.000644403	0.00629342	0.00970423	0.0458708	0.29274	0.00051532	0.00260872
94	0.121738	0.0822445	0.00568555	0.0307328	0.121484	0.0341747	0.00865586	0.0107072	0.00807861	0.163352	0.0191998	0.0109233	0.142244	0.0067832	0.055897	0.0616139	0.0559624	0.0116919	0.00521645	0.0436151
95	0.00626827	0.0119329	0.668653	0.017347	0.00274565	0.0495845	0.0208623	0.00362983	0.0117701	0.00591901	0.00310224	0.149718	0.000958019	0.00324243	0.00255259	0.0308743	0.00382963	0.00360344	0.00145133	0.00195505
96	0.118997	0.01986	0.0149508	0.0231994	0.0136619	0.0255175	0.0168519	0.151262	0.0479595	0.13473	0.0465673	0.0570107	0.000791932	0.0250358	0.0248668	0.076621	0.0763917	0.114461	0.00355415	0.00770963
97	0.00664035	0.130122	0.00384311	0.00332978	0.17485	0.0157025	0.0346581	0.0683185	0.00393542	0.0436765	0.0374827	0.0560166	0.00135993	0.00357013	0.0111896	0.0938329	0.0225064	0.0683674	0.00169445	0.218904
98	0.122932	0.0226785	0.005773	0.00659655	0.0123695	0.0370559	0.00624751	0.0314448	0.017006	0.0222702	0.0126683	0.0444276	0.0106541	0.00522792	0.00579263	0.337178	0.258149	0.034967	0.00243784	0.00412418
99	0.00837773	0.0571133	0.0018377	0.00238464	0.15598	0.00436911	0.0413992	0.0622049	0.00443325	0.121466	0.0296648	0.0252172	0.00629945	0.00280448	0.00568992	0.030872	0.0222454	0.07504	0.00356879	0.339033
100	0.0922362	0.0197065	0.0444025	0.0567405	0.00800779	0.0674853	0.0190674	0.0218526	0.072828	0.0282671	0.0125607	0.0962223	0.00781005	0.0401254	0.0532171	0.207374	0.110292	0.0239098	0.00535644	0.0125378
101	0.0799159	0.00738925	0.0116538	0.0057109	0.0164401	0.00771085	0.00631228	0.23911	0.010234	0.165132	0.0866755	0.0316955	0.000645809	0.00787918	0.00925071	0.038128	0.100801	0.166464	0.00268039	0.00617081
102	0.033143	0.0636638	0.0080998	0.0396868	0.0108493	0.0170378	0.00986226	0.0117916	0.0212736	0.409007	0.173723	0.0112752	0.00208398	0.0633109	0.0439878	0.0139954	0.00951964	0.00960016	0.0431511	0.00493761
103	0.0067875	0.00202134	0.00112326	0.00151722	0.00432692	0.00156196	0.00160723	0.232178	0.00181569	0.372443	0.255294	0.00197318	0.000573837	0.00645686	0.00226339	0.00467493	0.0315078	0.0697265	0.000794103	0.00135292
104	0.106379	0.0157478	0.0481248	0.0660772	0.00407092	0.0745674	0.0207114	0.0156931	0.0716632	0.0271191	0.00948942	0.0674319	0.0134562	0.048397	0.0511446	0.214521	0.106822	0.0219991	0.00572928	0.0108555
105	0.28096	0.0817118	0.00256386	0.00745097	0.0101188	0.0351194	0.0026453	0.0347088	0.00904393	0.0679539	0.0458599	0.00666109	0.00385684	0.00739722	0.0156464	0.181544	0.0319088	0.145003	0.013388	0.016458
106	0.0108203	0.141027	0.00351752	0.00385096	0.199741	0.0105162	0.0297074	0.040568	0.00371895	0.0490809	0.030345	0.0428012	0.0030355	0.00366829	0.0168243	0.0766669	0.0272341	0.0414999	0.00169964	0.263677
107	0.314579	0.0621195	0.0020162	0.0114632	0.0219322	0.0976385	0.00275223	0.0381001	0.0131222	0.0272171	0.0235639	0.00675449	0.00782447	0.00398473	0.00489615	0.138013	0.0541925	0.141627	0.0143013	0.0139024
108	0.107925	0.0162989	0.0508984	0.068607	0.00402675	0.0788937	0.0175258	0.0161692	0.0707897	0.0271858	0.00973029	0.0678315	0.00969994	0.0489471	0.0520745	0.210789	0.106473	0.0215502	0.00574733	0.00883728
109	0.0109995	0.0116022	0.583371	0.0244731	0.00320585	0.0681256	0.0216864	0.00396583	0.0252396	0.00687754	0.00402049	0.154207	0.00172334	0.00681612	0.00623617	0.0474627	0.010704	0.00481047	0.00177894	0.00269414
110	0.0283168	0.00371959	0.000574616	0.00348199	0.0474331	0.00697505	0.00722701	0.343687	0.0017398	0.164702	0.0461142	0.00711268	0.000974533	0.000692961	0.0068349	0.0117682	0.0485726	0.264942	0.000833642	0.00429704
111	0.0594561	0.00127871	0.221804	0.366619	0.00523939	0.0616329	0.0106205	0.00884425	0.0538414	0.0135051	0.00557236	0.0288885	0.00578077	0.044093	0.0103807	0.0490961	0.0237869	0.0235735	0.00441983	0.00156715
112	0.120697	0.00791397	0.0180322	0.0576062	0.00425521	0.261754	0.0079812	0.0127997	0.0613653	0.0175422	0.00655247	0.0426209	0.00393205	0.0541031	0.085341	0.148826	0.0602753	0.020882	0.00275214	0.00476789
113	0.0817265	0.00358808	0.00196709	0.0029725	0.0162246	0.00369979	0.00302686	0.212677	0.00328941	0.206508	0.0984749	0.00498257	0.000710915	0.0015488	0.00394764	0.00894878	0.0399082	0.302974	0.000723731	0.00210152
114	0.0546605	0.00126901	0.220575	0.382444	0.00476894	0.0633444	0.0111912	0.00800825	0.0542518	0.0139248	0.00565754	0.0274049	0.0050162	0.0435018	0.00991405	0.0440541	0.0210774	0.0232958	0.00395896	0.00168183
115	0.00634693	0.00115302	0.037333	0.106551	0.00119069	0.01212	0.00341662	0.0190746	0.432579	0.0233906	0.0289135	0.0650525	0.000405054	0.0657829	0.137013	0.0207187	0.0225702	0.0107781	0.00256091	0.00304974
116	0.0295774	0.00309133	0.000568209	0.00290324	0.0411473	0.00643361	0.00558822	0.344889	0.00122679	0.162184	0.047628	0.00652391	0.000609288	0.000616924	0.00643167	0.00994049	0.0473028	0.279689	0.000591332	0.00305721
117	0.0192026	0.00493668	0.0012275	0.00194373	0.256022	0.00160986	0.0189787	0.055384	0.00348032	0.272022	0.0496682	0.00296593	0.0201093	0.00156875	0.00238658	0.00968966	0.0150275	0.0978407	0.0098857	0.15605
118	0.0634202	0.00579125	0.0909315	0.21161	0.00395952	0.0335889	0.0247537	0.00203617	0.172411	0.018002	0.014205	0.107335	0.000370602	0.0554252	0.0763351	0.0613058	0.0463482	0.00810437	0.000747528	0.00331892
119	0.0688894	0.0112457	0.0934531	0.0359285	0.00685517	0.0620715	0.061532	0.012524	0.0736203	0.0207149	0.0121207	0.100533	0.0250833	0.0279698	0.0380468	0.194769	0.112987	0.0207198	0.0103495	0.0105863
120	0.0060728	0.030844	0.00317045	0.0183867	0.017727	0.0042541	0.00372076	0.0051313	0.00453495	0.0219239	0.00563536	0.00532936	0.00167283	0.00343898	0.0040034	0.0213722	0.00529591	0.017515	0.816217	0.00375414
121	0.0452245	0.00811778	0.0497129	0.00384889	0.0523074	0.012819	0.100433	0.0684623	0.03182	0.0234627	0.0762967	0.147496	0.00149738	0.0107046	0.0632145	0.116628	0.054877	0.0540329	0.0106377	0.0684059
122	0.191125	0.033857	0.00491781	0.00872337	0.0177679	0.0500717	0.00525896	0.0467085	0.0100954	0.0476248	0.0235488	0.0254237	0.0423725	0.00564996	0.00617758	0.173579	0.212584	0.0871455	0.00289247	0.00447604
123	0.00476539	0.0376305	0.00451566	0.00150867	0.165407	0.00234896	0.0653503	0.00800952	0.00200596	0.0216317	0.00512881	0.0231123	0.00488799	0.00664673	0.00464667	0.0109477	0.00335928	0.00461442	0.000859335	0.622623
124	0.261428	0.0441673	0.00245488	0.00563207	0.0128722	0.0481881	0.00350483	0.0286778	0.00643797	0.021769	0.0237628	0.021984	0.0261582	0.00261983	0.00175805	0.251703	0.153373	0.0793576	0.00166918	0.00248293
125	0.109183	0.00883745	0.026279	0.00710678	0.00661132	0.00752555	0.00642263	0.156393	0.0132828	0.138814	0.104689	0.0393308	0.00117026	0.0112435	0.0100912	0.0536627	0.154597	0.131805	0.00420588	0.0087495
126	0.0996134	0.00564838	0.00233706	0.00400801	0.0120148	0.00224365	0.00329736	0.133655	0.00624406	0.265666	0.131983	0.00434215	0.000840395	0.00195576	0.00271559	0.0105398	0.0396281	0.270243	0.00100127	0.00202351
127	0.69652	0.00787949	0.00181167	0.00278651	0.0119589	0.113944	0.00247399	0.00398851	0.00294423	0.0143317	0.00363389	0.00305766	0.00105391	0.00215115	0.00253175	0.0415395	0.0711135	0.011382	0.00227602	0.00262186
128	0.0686797	0.01103	0.0501925	0.043531	0.00452862	0.0448737	0.0157426	0.0109217	0.0982105	0.0200415	0.00935115	0.138101	0.00720575	0.0289232	0.0389655	0.271733	0.104054	0.0230706	0.00474853	0.00609614
129	0.125075	0.0186993	0.0133723	0.0215968	0.0162904	0.0321692	0.0199053	0.147832	0.0460119	0.13497	0.0447514	0.0568698	0.000979926	0.0257525	0.0230145	0.0785838	0.0706771	0.111401	0.00381419	0.00823374
130	0.00476539	0.0376305	0.00451566	0.00150867	0.165407	0.00234896	0.0653503	0.00800952	0.00200596	0.0216317	0.00512881	0.0231123	0.00488799	0.00664673	0.00464667	0.0109477	0.00335928	0.00461442	0.000859335	0.622623
131	0.0425902	0.00480537	0.00268379	0.00455226	0.0331044	0.00995088	0.00653885	0.33266	0.00540335	0.155069	0.0480061	0.0161275	0.00058383	0.00309831	0.00965234	0.0192026	0.0552293	0.246389	0.000935802	0.00341771
132	0.00506375	0.00107447	0.0362339	0.103829	0.00116726	0.0110308	0.00286407	0.0199904	0.443137	0.0230294	0.0287781	0.0639081	0.000443239	0.0653514	0.136394	0.0189476	0.0225789	0.0105409	0.00257521	0.00306171
133	0.176344	0.0288279	0.0199485	0.0376484	0.0102423	0.0570016	0.0113565	0.0751131	0.0432153	0.0785501	0.0325194	0.0435112	0.00361643	0.0283957	0.0248946	0.133525	0.0716145	0.104403	0.00691402	0.0123589
134	0.0353924	0.0111419	0.165735	0.0856809	0.00215612	0.383729	0.0136392	0.00177573	0.0712351	0.00989893	0.00437398	0.093755	0.000459772	0.0335898	0.0262938	0.0397606	0.0109874	0.00366104	0.000721011	0.00601398
135	0.00561759	0.0225849	0.0414778	0.0480492	0.0544365	0.00304364	0.0532022	0.0511993	0.0250151	0.304667	0.132185	0.0646873	0.00105716	0.104166	0.0200457	0.0428936	0.00988897	0.00971802	0.00287389	0.00319117
136	0.176565	0.100071	0.00499329	0.0143886	0.123083	0.0128712	0.00630425	0.0136954	0.00714671	0.131952	0.0612121	0.0119178	0.0136664	0.0103143	0.0174475	0.124435	0.103607	0.0182	0.00850091	0.0396283
137	0.00303251	0.00300386	0.00121301	0.00155987	0.0514269	0.00156627	0.00172927	0.0199065	0.0019634	0.820578	0.0514022	0.00185483	0.000537641	0.00124458	0.00167995	0.00675998	0.00297249	0.0251697	0.000804721	0.00159388
138	0.00646596	0.00125666	0.0215804	0.079254	0.00158202	0.00888644	0.00687938	0.0119432	0.469245	0.0253261	0.0359206	0.0401268	0.000564603	0.0750941	0.148626	0.0235378	0.0139236	0.0207653	0.0062154	0.00280599
139	0.0258768	0.0025721	0.0521616	0.137782	0.00231637	0.021126	0.0091005	0.0127405	0.34473	0.021802	0.0256266	0.0689987	0.00030721	0.0599618	0.12778	0.040861	0.0275711	0.0131127	0.00284404	0.00272846
140	0.270867	0.0832504	0.00247238	0.00727591	0.0101413	0.0315929	0.00268196	0.0387176	0.00971231	0.0786537	0.04861	0.00723786	0.0037105	0.00842254	0.014523	0.175628	0.0298652	0.146412	0.0151199	0.0151043
141	0.0340782	0.00165355	0.107355	0.550973	0.0029312	0.011992	0.00955119	0.0152054	0.0843605	0.0368973	0.00718773	0.0168727	0.00120109	0.0381398	0.0121289	0.0238339	0.00927874	0.0332776	0.00111955	0.00196306
142	0.0634202	0.00579125	0.0909315	0.21161	0.00395952	0.0335889	0.0247537	0.00203617	0.172411	0.018002	0.014205	0.107335	0.000370602	0.0554252	0.0763351	0.0613058	0.0463482	0.00810437	0.000747528	0.00331892
143	0.00766783	0.12098	0.00536808	0.00320893	0.167441	0.0124663	0.0477692	0.0626027	0.00485939	0.0399729	0.0441728	0.057573	0.00127222	0.00513954	0.0148486	0.10017	0.0255669	0.0690089	0.00169509	0.208217
144	0.00539957	0.00428491	0.00110901	0.00179305	0.0546367	0.00161282	0.0043529	0.0470984	0.00359537	0.749709	0.0552627	0.00218019	0.00117484	0.0014044	0.00266208	0.00706449	0.00828171	0.0416189	0.00126898	0.00548981
145	0.00575521	0.00193574	0.00119022	0.00156118	0.00411589	0.00164705	0.00155522	0.23757	0.00180911	0.37039	0.256077	0.00197185	0.000600641	0.00682445	0.00225381	0.00453006	0.0312883	0.06665	0.000795145	0.00147912
146	0.0211215	0.0101334	0.0151082	0.0102239	0.00748014	0.0105849	0.00705678	0.0126406	0.0631165	0.0297306	0.0061377	0.164228	0.00309552	0.00515254	0.0104103	0.359891	0.228123	0.0278151	0.00306569	0.00488391
147	0.0171979	0.0175979	0.0244792	0.0243004	0.0674904	0.0037649	0.0626019	0.088764	0.0217426	0.280903	0.0998557	0.0498652	0.00195431	0.0602897	0.028508	0.0426337	0.0320505	0.0495903	0.00320456	0.0232064
148	0.00491639	0.0387462	0.00469948	0.00166797	0.161823	0.00243272	0.0675959	0.00838177	0.00226641	0.0216577	0.00544889	0.0242826	0.00474627	0.00718234	0.00476446	0.0121424	0.00381513	0.00550892	0.000967306	0.616954
149	0.455173	0.023964	0.00226942	0.00338194	0.0132715	0.163097	0.00574815	0.00672152	0.00665466	0.0119229	0.00541344	0.0143499	0.00303051	0.00229997	0.00258357	0.144643	0.115137	0.0143454	0.00274811	0.00324526
150	0.10747	0.016495	0.0491595	0.0668873	0.00403561	0.077754	0.0177665	0.0163044	0.070892	0.0272723	0.00984981	0.0679373	0.0096248	0.048739	0.0528143	0.213185	0.107788	0.0214984	0.00574591	0.00878062
151	0.0664273	0.0110068	0.00668745	0.00416319	0.0216099	0.00343501	0.00748223	0.182539	0.0100291	0.273354	0.129183	0.0154378	0.00111171	0.0046201	0.00532995	0.0278369	0.0778113	0.143275	0.00197726	0.00668228
152	0.107117	0.00916888	0.0276633	0.0572229	0.00426696	0.226019	0.00976739	0.0135972	0.0757031	0.0205014	0.00756733	0.047799	0.00454353	0.0571124	0.0796979	0.158282	0.0649994	0.0203461	0.00315352	0.0054717
153	0.0495217	0.0099433	0.100357	0.163582	0.00438134	0.026795	0.0252394	0.00391285	0.190296	0.0216054	0.018827	0.144421	0.000817859	0.0483241	0.0592851	0.0760161	0.0427796	0.00852079	0.0012367	0.00413818
154	0.0968933	0.00903648	0.141937	0.168272	0.00395406	0.0850238	0.0140829	0.0142284	0.0542869	0.0207786	0.00668067	0.0536582	0.0114956	0.047509	0.0300457	0.13443	0.0725513	0.0235463	0.00657917	0.00501055
155	0.0359929	0.0092529	0.216965	0.177638	0.00261585	0.30909	0.00937294	0.00408311	0.0447825	0.00821243	0.00293653	0.0702111	0.00214764	0.0338111	0.011258	0.0372573	0.00926133	0.0093695	0.00226928	0.00347335
156	0.101038	0.00597055	0.00243481	0.00416657	0.0122617	0.00205351	0.00351118	0.126851	0.0068095	0.270299	0.134008	0.00443469	0.000845767	0.00192757	0.00262547	0.0107269	0.0393235	0.267731	0.00101	0.0019724
157	0.0217249	0.0297326	0.0439899	0.0181493	0.143888	0.0304321	0.0913802	0.0261366	0.0659472	0.0625076	0.0253516	0.0690234	0.000898172	0.0647308	0.0268678	0.0178	0.00528373	0.0158099	0.0173746	0.222972
158	0.0046593	0.0208159	0.00254736	0.00835808	0.0031492	0.0154603	0.0616781	0.0137128	0.107027	0.0238687	0.00615225	0.0302226	0.000793928	0.0483714	0.581796	0.0267905	0.0160526	0.0090278	0.00112857	0.0183873
159	0.0508928	0.00268193	0.00106978	0.00231838	0.0249967	0.00509078	0.00360409	0.299136	0.00149926	0.166682	0.0590962	0.00561802	0.000499212	0.000835094	0.00525183	0.00873668	0.0441598	0.314793	0.000578598	0.0024604
160	0.00581483	0.0303629	0.00308872	0.0177889	0.0168612	0.00428641	0.00358106	0.00520195	0.0044389	0.0217832	0.00551889	0.00511013	0.00170158	0.00338158	0.00410399	0.0203785	0.00520296	0.0174549	0.820343	0.00359641
161	0.0632254	0.00531707	0.10496	0.214356	0.0046002	0.0395797	0.0231112	0.00271967	0.161341	0.0170071	0.0129652	0.10355	0.00106317	0.053335	0.071191	0.0635704	0.0434761	0.0102005	0.00128779	0.00314242
162	0.0269844	0.00409536	0.000640746	0.0023466	0.0345558	0.00435406	0.00538805	0.278753	0.00274153	0.221805	0.12103	0.00465771	0.00103937	0.00149656	0.00741227	0.00752601	0.0387107	0.230389	0.00103433	0.00504064
163	0.0181607	0.00335538	0.000967998	0.0017724	0.00958798	0.00118613	0.00264905	0.200723	0.00370413	0.389452	0.217359	0.00226086	0.000605305	0.00465315	0.00223537	0.00637476	0.0320483	0.100571	0.000707317	0.00162568
164	0.10747	0.016495	0.0491595	0.0668873	0.00403561	0.077754	0.0177665	0.0163044	0.070892	0.0272723	0.00984981	0.0679373	0.0096248	0.048739	0.0528143	0.213185	0.107788	0.0214984	0.00574591	0.00878062
165	0.313865	0.0674368	0.00152719	0.00832776	0.0109346	0.058108	0.00187532	0.0323065	0.00760284	0.0400102	0.0352858	0.00796833	0.0133199	0.00350923	0.00644832	0.167345	0.0640352	0.142675	0.00814984	0.00926909
166	0.0158372	0.00437647	0.00120406	0.00223135	0.0402173	0.00164669	0.0031015	0.0517451	0.00404989	0.701197	0.0797478	0.00283462	0.00067469	0.0016692	0.00205404	0.0107783	0.0125842	0.0604602	0.00113279	0.00245806
167	0.10124	0.0192581	0.00511471	0.0130581	0.0300069	0.00948275	0.0121694	0.117441	0.0244715	0.254707	0.0912642	0.0185824	0.00170166	0.00934931	0.0102222	0.043426	0.0560646	0.169021	0.00343878	0.00998006
168	0.00535771	0.00565846	0.0181403	0.0538271	0.00147256	0.0138841	0.0174999	0.0131616	0.375853	0.0189782	0.0267387	0.0476216	0.000528984	0.0480083	0.291017	0.0207605	0.0221554	0.0112335	0.00254124	0.005562
169	0.038153	0.0138875	0.000974238	0.00418937	0.0676591	0.00162966	0.0222808	0.147319	0.0167678	0.342352	0.0934922	0.00519063	0.00372951	0.00149135	0.00827301	0.0119552	0.0457859	0.149863	0.00383368	0.0211728
170	0.0244585	0.0130917	0.22902	0.0514251	0.00167175	0.434151	0.00985918	0.00215817	0.0438698	0.00619447	0.00197023	0.0989262	0.000464392	0.0251687	0.0129284	0.0340107	0.00247967	0.0024933	0.000943593	0.00471562
171	0.042657	0.00203396	0.286851	0.374515	0.00360682	0.0323797	0.0163198	0.00896734	0.0519501	0.0223812	0.00516598	0.0316834	0.00279339	0.034142	0.00822307	0.035125	0.0137095	0.0234072	0.00227084	0.00181697
172	0.0221331	0.00910012	0.000577959	0.00342514	0.0701423	0.0047184	0.0124115	0.278203	0.00580245	0.224557	0.0550456	0.00507088	0.00280218	0.000722111	0.00712988	0.010375	0.0449605	0.225338	0.00272785	0.0147569
173	0.0640825	0.00130366	0.226696	0.358121	0.00490053	0.0671645	0.0104045	0.00859274	0.0486692	0.0126783	0.00494529	0.0290198	0.00717778	0.0432095	0.00897657	0.048251	0.0257518	0.0236674	0.00491229	0.00147642
174	0.101996	0.0138201	0.0772205	0.113173	0.00379969	0.0790506	0.0166699	0.0144108	0.0735412	0.0250188	0.00892399	0.0669033	0.00899627	0.0505738	0.0472552	0.172671	0.0919332	0.0216496	0.00548016	0.00691225
175	0.190976	0.0157622	0.00561983	0.00568492	0.0137667	0.0170029	0.00385867	0.150652	0.00645385	0.129087	0.0565623	0.0109906	0.00594017	0.00341933	0.00516748	0.0457254	0.0772872	0.249759	0.00205114	0.00423285
176	0.0234897	0.00150537	0.0822394	0.436062	0.00262175	0.00881674	0.00833291	0.0161635	0.177601	0.0366404	0.0165338	0.0282611	0.000706654	0.0488567	0.0454498	0.0211963	0.012854	0.0278264	0.00129065	0.00355235
177	0.0770424	0.00902438	0.0489723	0.084415	0.00447924	0.04871	0.0105391	0.0244844	0.206878	0.0279342	0.0192521	0.0511961	0.00453588	0.0584809	0.0908296	0.132112	0.0658805	0.0222084	0.0065087	0.00651631
178	0.0270563	0.0115426	0.000651378	0.00328909	0.0549578	0.00626967	0.0107631	0.283806	0.0054052	0.222995	0.054991	0.00544183	0.00250674	0.00085289	0.00703835	0.0106986	0.0448725	0.229535	0.00238128	0.0149461
179	0.0179214	0.00338953	0.00133045	0.00175742	0.29641	0.0016358	0.0187534	0.0446463	0.00200579	0.242184	0.0495787	0.00273619	0.0215036	0.00158849	0.00187853	0.00991431	0.0112449	0.0895381	0.0108084	0.171175
180	0.0634062	0.00579043	0.0910069	0.211787	0.00395397	0.0336087	0.024754	0.00204286	0.17231	0.0180258	0.0141993	0.107234	0.000375048	0.0554666	0.0762726	0.0612762	0.0463164	0.00811986	0.000745831	0.00330909
181	0.0380783	0.00126686	0.120824	0.542163	0.00284358	0.0163699	0.00986208	0.0146108	0.0765806	0.0347139	0.00612073	0.0177656	0.00146774	0.0366999	0.00970312	0.0261111	0.00947218	0.0323041	0.00136638	0.00167558
182	0.00582195	0.0303996	0.00313957	0.0179444	0.017056	0.0042376	0.003593	0.00515572	0.00441892	0.0218247	0.00546429	0.00506236	0.00170105	0.00338913	0.00390016	0.0204846	0.00520782	0.0174707	0.820046	0.00368297
183	0.0362927	0.00158323	0.0980687	0.553	0.00277041	0.00896176	0.00886072	0.0200897	0.0821649	0.0462463	0.00650223	0.0148716	0.00108868	0.0377589	0.00853162	0.0243204	0.00697013	0.0389901	0.00107156	0.00185633
184	0.0215511	0.0314597	0.0371859	0.0143629	0.165727	0.0278412	0.0877718	0.0239603	0.0492793	0.0508836	0.0216247	0.0578421	0.00180536	0.0565563	0.0290982	0.0179075	0.00463281	0.0117085	0.0141572	0.274645
185	0.00679232	0.011755	0.659543	0.0180439	0.00275108	0.0482796	0.0223031	0.00373634	0.012594	0.00614679	0.00332037	0.151641	0.00120544	0.00401107	0.00298744	0.0321635	0.0052987	0.00375057	0.00149708	0.00217948
186	0.050587	0.0103187	0.00666551	0.00856176	0.0953234	0.00929672	0.00898039	0.207259	0.00928301	0.0295283	0.0493659	0.012184	0.0651103	0.00782128	0.00872224	0.108342	0.0435087	0.229271	0.0323291	0.00754186
187	0.00324268	0.0214751	0.00142924	0.00642722	0.00201366	0.0162704	0.0653775	0.0127221	0.115177	0.0179885	0.00479374	0.0306298	0.000707906	0.0517645	0.583887	0.0227302	0.0161046	0.00758877	0.000979811	0.0186904
188	0.0314148	0.00274028	0.000611107	0.00261599	0.0347997	0.00594549	0.00462101	0.341735	0.00121644	0.161064	0.0488906	0.00613726	0.000477743	0.00066587	0.00601727	0.00913443	0.0447996	0.293835	0.000489862	0.00278859
189	0.234011	0.0511072	0.00212583	0.00614067	0.0147695	0.0412211	0.0028649	0.0355203	0.00469266	0.0434585	0.0326548	0.0161015	0.117627	0.00250424	0.00475625	0.161299	0.130789	0.092133	0.00173561	0.0044878
190	0.0389014	0.00852462	0.0509371	0.022752	0.0214732	0.021934	0.0730865	0.0255794	0.03939	0.0192063	0.0272553	0.280587	0.0067304	0.0315051	0.0365812	0.145418	0.0713783	0.024429	0.00606072	0.0482707
191	0.0288823	0.00324784	0.000582465	0.003311	0.043703	0.00746825	0.00648612	0.348972	0.00133411	0.15993	0.0452304	0.0076942	0.000657022	0.000716688	0.00712393	0.0116199	0.0493807	0.269632	0.000684761	0.00334431
192	0.0461329	0.00676036	0.00118236	0.00291146	0.0261173	0.00145095	0.00682779	0.160809	0.00747264	0.335515	0.174495	0.0033427	0.00115271	0.00259981	0.00384122	0.00881912	0.0377578	0.165949	0.00137973	0.00548328
