298	20
1	0.0509693	0.00712208	0.0226179	0.0111038	0.00301886	0.0214965	0.0589721	0.00212969	0.229073	0.0563988	0.00845645	0.0624738	0.00518195	0.166292	0.229658	0.0192522	0.0163902	0.00367092	0.00389617	0.0218267
2	0.0290197	0.01759	0.00236702	0.00566241	0.10156	0.00871648	0.0120092	0.18188	0.0056439	0.309891	0.034502	0.00587188	0.00513242	0.00822348	0.00758612	0.00978417	0.0124324	0.157611	0.00686184	0.0776552
3	0.0289532	0.00239657	0.00307375	0.00401727	0.00459433	0.0132837	0.0297547	0.0125987	0.363272	0.0156408	0.00523403	0.0097482	0.0189908	0.0458427	0.365585	0.0230744	0.0265419	0.00983695	0.00146107	0.0160997
4	0.104989	0.00571075	0.13985	0.285905	0.00311653	0.0284745	0.0389583	0.0140189	0.0310663	0.0368275	0.0110802	0.0129112	0.0112641	0.102753	0.0438405	0.032449	0.0531441	0.0292977	0.00577672	0.00856669
5	0.0467013	0.0136628	0.000780905	0.000761194	0.0044601	0.00102698	0.00122324	0.332121	0.00155383	0.0850257	0.0237288	0.00129538	0.00363774	0.00126633	0.00907762	0.00915581	0.0179913	0.443935	0.000285264	0.00230932
6	0.0195959	0.0159096	0.00115976	0.0042238	0.0302371	0.00218331	0.00536513	0.233267	0.00738647	0.369144	0.0478111	0.00913143	0.00445966	0.0128163	0.00820393	0.00957482	0.0118632	0.197465	0.00115897	0.00904352
7	0.0885819	0.00335845	0.00657613	0.0792425	0.00276036	0.00881308	0.0148724	0.0400255	0.100373	0.0370433	0.0191688	0.0125975	0.0376818	0.138487	0.19734	0.033575	0.0942458	0.0646958	0.002852	0.0177089
8	0.0230561	0.0121175	0.00866815	0.0102692	0.124885	0.0290599	0.0561048	0.0390696	0.00740464	0.304866	0.109336	0.00846929	0.00824905	0.0129349	0.0186796	0.0172787	0.0186843	0.0353833	0.0179978	0.137486
9	0.0496008	0.0301707	0.00452156	0.0163682	0.0265542	0.00709715	0.0897772	0.0793078	0.0738533	0.216786	0.0160592	0.0143084	0.00364111	0.0595063	0.168619	0.0113551	0.0386081	0.0645997	0.00559569	0.0236709
10	0.119972	0.0424184	0.0977703	0.186825	0.0153244	0.0393482	0.0433327	0.0105651	0.0273263	0.0347051	0.00744582	0.0159761	0.00737008	0.11736	0.0826189	0.0544741	0.0586091	0.0285603	0.00232167	0.00767623
11	0.0993089	0.00410312	0.0400612	0.0361399	0.00300154	0.282039	0.0282521	0.00339099	0.079849	0.0125829	0.0222697	0.0798529	0.0104148	0.0644047	0.0972464	0.0790391	0.0413882	0.0117496	0.00124331	0.00366271
12	0.0485094	0.0299137	0.00421395	0.0133579	0.026746	0.00682999	0.0761481	0.0861863	0.0698418	0.23141	0.0206874	0.0145881	0.00281144	0.0614597	0.159318	0.0113267	0.0369042	0.0715345	0.00525301	0.0229597
13	0.0331195	0.00480202	0.0311755	0.00547015	0.00337149	0.253224	0.0472951	0.0043987	0.0116473	0.0074639	0.00663624	0.0504258	0.0331155	0.0409819	0.0184391	0.365868	0.0661116	0.0100137	0.00152398	0.00491712
14	0.0562653	0.0142422	0.00546139	0.0254244	0.0104698	0.0114023	0.114589	0.0970258	0.049926	0.139933	0.00932931	0.0492861	0.00696456	0.0688467	0.124143	0.0263399	0.0706675	0.0357589	0.00542878	0.0784964
15	0.0463547	0.0135669	0.000776001	0.000780822	0.00438806	0.00107191	0.00132103	0.333043	0.00146738	0.0849709	0.0238208	0.001228	0.00356142	0.00125569	0.0090874	0.00917487	0.0180035	0.443522	0.000293097	0.00231251
16	0.0461965	0.00338054	0.0343065	0.00532549	0.00508204	0.27334	0.0723385	0.00443458	0.0141348	0.00817787	0.010808	0.0521155	0.0342031	0.0512246	0.0238854	0.31223	0.0340093	0.00846026	0.00149924	0.00484762
17	0.0629285	0.00521137	0.00983728	0.00909266	0.00818722	0.0126897	0.0965123	0.0105001	0.126478	0.0410789	0.00789419	0.0378786	0.12011	0.0187628	0.324403	0.0200659	0.0159412	0.0567465	0.00339415	0.0122879
18	0.0207372	0.00502911	0.0180743	0.00600757	0.00508735	0.102895	0.0550483	0.0283246	0.0717141	0.0102619	0.00675292	0.11348	0.0289463	0.0157987	0.0502932	0.207344	0.151937	0.0847797	0.00179534	0.0156944
19	0.169038	0.0483023	0.00625378	0.0267589	0.0179329	0.00830564	0.00719494	0.0242378	0.0120566	0.0245911	0.0166185	0.00700295	0.0556119	0.0140895	0.010581	0.0944015	0.345486	0.107217	0.00121335	0.00310576
20	0.0479703	0.0128091	0.00089048	0.000908286	0.0043448	0.00140093	0.00152842	0.319968	0.0017931	0.0838233	0.0248417	0.00197917	0.00353465	0.00176693	0.0107232	0.0107113	0.0190786	0.44917	0.000394093	0.00236372
21	0.00641731	0.013777	0.111616	0.0105298	0.00185003	0.0223213	0.00385294	0.00263292	0.00349696	0.00420502	0.00230895	0.0638072	0.0120544	0.00446629	0.025754	0.441756	0.261623	0.00451511	0.000856703	0.00215976
22	0.0161539	0.00223958	0.531806	0.183863	0.00192177	0.0047896	0.0193358	0.00807768	0.0142707	0.0049547	0.00316917	0.0944587	0.0160557	0.0162069	0.00760491	0.00720091	0.0235667	0.0403942	0.00117013	0.00276001
23	0.168381	0.00299571	0.117661	0.210723	0.00183759	0.0438804	0.045476	0.0206345	0.0384152	0.0227991	0.00364258	0.0303863	0.0333954	0.036201	0.0487369	0.0630553	0.0396521	0.0440563	0.00310553	0.0249654
24	0.111195	0.00379867	0.144112	0.29921	0.00155215	0.0323262	0.0356593	0.0151224	0.0311541	0.0313941	0.0108052	0.0144148	0.0138991	0.087546	0.0367995	0.031034	0.052002	0.0313867	0.0070991	0.00949063
25	0.0113088	0.012159	0.00109038	0.00488031	0.0335832	0.00163503	0.00664045	0.254221	0.00922534	0.407588	0.0313875	0.00914655	0.00558622	0.0133418	0.00642917	0.00908956	0.00812785	0.16792	0.000499929	0.00613884
26	0.128755	0.00763396	0.10756	0.24836	0.00311118	0.0347562	0.0347852	0.0129297	0.0315453	0.0263821	0.00669919	0.01657	0.0155694	0.0981036	0.0530726	0.0478846	0.0747343	0.027814	0.00419963	0.0195349
27	0.0409412	0.00313045	0.00626166	0.00477897	0.00382286	0.0135485	0.0371468	0.00658924	0.330693	0.0422919	0.00849803	0.025281	0.012874	0.088791	0.307854	0.0195605	0.0190002	0.00794854	0.0026348	0.0183532
28	0.102115	0.00637965	0.0349983	0.0130304	0.0307002	0.017232	0.0417793	0.00843006	0.0663164	0.0405908	0.0790524	0.0119816	0.0122347	0.310584	0.0874068	0.0672473	0.0417666	0.013404	0.00732521	0.00742498
29	0.0261332	0.0199625	0.00236369	0.00698273	0.0325149	0.0039949	0.0260891	0.171004	0.0344733	0.335055	0.0334084	0.0122039	0.00820117	0.0360959	0.0636458	0.0101158	0.0219673	0.142256	0.00228987	0.0112424
30	0.0336992	0.016194	0.00685623	0.0123226	0.0671689	0.0105344	0.0239057	0.135239	0.0195791	0.342401	0.0496503	0.0116278	0.0114169	0.023313	0.0320123	0.0162905	0.0225454	0.111453	0.00804237	0.0457489
31	0.0507854	0.0133104	0.0265274	0.0423638	0.100296	0.0214297	0.110819	0.0301721	0.0309168	0.10077	0.0287256	0.0191004	0.0219719	0.0428954	0.0545888	0.0352308	0.0371135	0.0383026	0.0703126	0.124368
32	0.118371	0.00495916	0.117899	0.282982	0.00176327	0.0287759	0.0306364	0.0115986	0.0358144	0.0316015	0.0108587	0.0189429	0.00965345	0.105553	0.0506499	0.0403843	0.061815	0.0245659	0.00611689	0.00705867
33	0.129219	0.00514478	0.123192	0.250517	0.00333421	0.0297804	0.0329823	0.0141166	0.0358259	0.0298561	0.00777117	0.0196383	0.0279968	0.0832284	0.0640009	0.0433204	0.0558387	0.0275007	0.00452624	0.0122095
34	0.0183673	0.0148783	0.00778677	0.0160051	0.24181	0.00783328	0.0420095	0.0199564	0.00967987	0.0953628	0.0264322	0.0102898	0.00767109	0.0193203	0.0255483	0.0156282	0.0194928	0.024152	0.0567265	0.321049
35	0.0477459	0.0296608	0.00394117	0.0140669	0.0249958	0.00648342	0.0799271	0.0823268	0.0732022	0.22835	0.017649	0.0138025	0.00255552	0.0629631	0.165351	0.0111628	0.0383546	0.0671167	0.00566308	0.0246822
36	0.0104717	0.0161161	0.00460704	0.00893691	0.226294	0.0043129	0.035343	0.0511611	0.00151435	0.23662	0.0508646	0.00212026	0.00442297	0.00623117	0.0185888	0.00319127	0.0142006	0.0436179	0.0350454	0.22634
37	0.0911792	0.00407937	0.0258788	0.00706234	0.00508467	0.263597	0.048587	0.00414568	0.0485729	0.0243145	0.0341612	0.0614498	0.0158246	0.12017	0.118154	0.0981514	0.0153577	0.00895275	0.00160349	0.00367379
38	0.124871	0.0223419	0.0254578	0.0360794	0.041839	0.0363279	0.0535867	0.0219519	0.0280008	0.0328977	0.0143978	0.0295495	0.04375	0.0322297	0.0473844	0.132095	0.0498691	0.0423714	0.0110914	0.173907
39	0.00571683	0.0144376	0.108795	0.00985088	0.0017604	0.0217568	0.00370205	0.00259111	0.00326992	0.00367471	0.00224857	0.0655478	0.011258	0.0042491	0.0250762	0.447868	0.261327	0.00411861	0.000733479	0.0020177
40	0.0752891	0.00592523	0.0111588	0.0187533	0.0118715	0.0137876	0.0492254	0.0107081	0.0854836	0.0291293	0.0197473	0.0168659	0.0392437	0.263841	0.178603	0.0487463	0.0283119	0.0168722	0.0482325	0.028204
41	0.0112493	0.00987464	0.00364879	0.00866263	0.345484	0.00510397	0.0203771	0.0142802	0.00335971	0.0684348	0.0253321	0.00580191	0.00441994	0.0120612	0.0139888	0.00800712	0.0098209	0.0168463	0.0567624	0.356484
42	0.0799776	0.114448	0.0174702	0.0218806	0.0227138	0.0258702	0.0488873	0.039828	0.0469556	0.0874986	0.017933	0.0219181	0.0250677	0.0444681	0.185713	0.0318048	0.039549	0.100448	0.00607518	0.0214925
43	0.104382	0.00670008	0.121109	0.269452	0.0031362	0.027032	0.0433372	0.01354	0.032973	0.0298771	0.008448	0.0124073	0.0114754	0.110434	0.0481098	0.0399057	0.069789	0.0304835	0.00461123	0.012797
44	0.0429639	0.0113687	0.00931274	0.0113654	0.00870143	0.0361294	0.0986182	0.0334997	0.116938	0.13424	0.0089751	0.0455554	0.00489432	0.112218	0.196141	0.0143546	0.0362568	0.0207741	0.0055117	0.0521815
45	0.016712	0.0145853	0.0041473	0.00885706	0.237144	0.00600748	0.0310441	0.0746922	0.00165964	0.256753	0.0505299	0.00166241	0.00510276	0.00476464	0.0131164	0.00373819	0.0121688	0.0590436	0.0287902	0.169481
46	0.135036	0.0096959	0.0485964	0.147371	0.00233384	0.0315535	0.0194913	0.00325961	0.0771772	0.0188897	0.00363952	0.0438062	0.00264835	0.135252	0.122185	0.091653	0.0922504	0.0113207	0.000701307	0.00313898
47	0.143165	0.0120666	0.0524319	0.195692	0.00346229	0.0260092	0.0267405	0.00442599	0.0413157	0.0276504	0.00266982	0.0196273	0.00236678	0.154611	0.0927462	0.0789815	0.0960981	0.0145987	0.000888477	0.00445326
48	0.060634	0.00969083	0.0121149	0.0156442	0.0118745	0.0173711	0.115278	0.0195989	0.0516412	0.0322767	0.0110802	0.0235176	0.154285	0.0215023	0.272088	0.0271901	0.0228115	0.0989868	0.00564343	0.0167697
49	0.0391742	0.0214487	0.00800674	0.0143794	0.0577716	0.00952553	0.0506811	0.119605	0.0472984	0.205784	0.0432127	0.0146277	0.0208869	0.0653513	0.130249	0.0161867	0.0317633	0.0690228	0.00664792	0.0283773
50	0.0980157	0.0063546	0.130381	0.261605	0.00209916	0.0308485	0.0425057	0.0214762	0.0281763	0.0351449	0.00838286	0.0197884	0.0230625	0.07869	0.0323432	0.0348308	0.0838576	0.0390154	0.00547804	0.0179433
51	0.0487845	0.0100584	0.0200166	0.0727197	0.0506966	0.0195706	0.169055	0.0218928	0.0356096	0.0542516	0.0168564	0.0235706	0.0225437	0.0484537	0.0956701	0.032443	0.0404142	0.0277083	0.0197938	0.169891
52	0.118295	0.00262229	0.0101791	0.0890324	0.0026489	0.0120139	0.0154001	0.0379062	0.110222	0.0383017	0.0162507	0.0114523	0.0470813	0.0884183	0.181457	0.0398737	0.0777023	0.0708555	0.00264075	0.0276466
53	0.212276	0.00405331	0.00813904	0.0255596	0.00201706	0.0296937	0.0159747	0.037248	0.0162408	0.00584042	0.00226758	0.0141063	0.409742	0.0170665	0.0178319	0.0869915	0.0249223	0.0566354	0.00111108	0.0122828
54	0.499781	0.027915	0.00501873	0.00766029	0.00492918	0.242146	0.0101024	0.00427202	0.00990197	0.0285248	0.00830359	0.0128265	0.0156812	0.012304	0.0135721	0.0466074	0.0196816	0.0248904	0.00185359	0.00402791
55	0.0627255	0.00255733	0.313016	0.269868	0.00161164	0.0166597	0.028709	0.0145052	0.0195966	0.0167331	0.00689979	0.0597413	0.0134726	0.056277	0.0210189	0.0166675	0.0335198	0.0365893	0.00384233	0.00598914
56	0.0966288	0.00316632	0.0119735	0.0814291	0.00201697	0.0108478	0.0149272	0.0245373	0.126753	0.0294725	0.0196723	0.0220755	0.0314596	0.122173	0.193257	0.0425151	0.0942216	0.0540785	0.00225881	0.0165364
57	0.0249131	0.0207458	0.00097876	0.00316068	0.0271437	0.00206534	0.0041345	0.2355	0.00753839	0.342074	0.0431671	0.00848208	0.00420404	0.012264	0.00853814	0.00910824	0.0146741	0.223249	0.000477148	0.00758227
58	0.0280916	0.0103926	0.00918715	0.100691	0.190916	0.0129823	0.0380536	0.016331	0.0126709	0.0527882	0.0509875	0.0151393	0.0142476	0.0908617	0.0223091	0.0242726	0.0225055	0.0221464	0.0269208	0.238505
59	0.0469495	0.013465	0.000782923	0.00081986	0.00435118	0.00119541	0.00125225	0.331758	0.00155728	0.0842581	0.023705	0.00139632	0.00365448	0.00137829	0.00935378	0.00938966	0.0179095	0.444219	0.000290951	0.00231339
60	0.0469644	0.00599778	0.390486	0.166658	0.00488448	0.0160304	0.0288559	0.0111807	0.0306322	0.0167193	0.00924555	0.0614675	0.0215426	0.036444	0.0264631	0.0377131	0.0452203	0.0329213	0.00291563	0.00765806
61	0.0098515	0.00825439	0.00336339	0.00875462	0.353792	0.00446316	0.019827	0.0157324	0.00326896	0.0732618	0.0262981	0.00467524	0.00425743	0.0116027	0.0136804	0.00691206	0.00849431	0.0168781	0.0604812	0.346151
62	0.510956	0.0959068	0.0024632	0.00279555	0.00248713	0.0682769	0.00907624	0.00422596	0.00503888	0.0297426	0.00733528	0.00958975	0.00956179	0.00822955	0.0106252	0.0989217	0.026068	0.0922649	0.00374395	0.00269031
63	0.154172	0.0106681	0.0266229	0.0261811	0.00849497	0.285829	0.0354702	0.0114779	0.0372753	0.028184	0.01859	0.0442576	0.0326732	0.0469108	0.0550396	0.0980001	0.0398403	0.0256411	0.00380887	0.0108628
64	0.0280874	0.010979	0.263145	0.0642888	0.00700793	0.0145437	0.0528369	0.00973137	0.142016	0.0167307	0.0609234	0.0184164	0.118135	0.0649718	0.0191333	0.0262833	0.0536071	0.0160998	0.00375105	0.00931209
65	0.0345576	0.00451103	0.00824792	0.00980738	0.00974571	0.0472289	0.0175955	0.00930642	0.330649	0.0140431	0.00726907	0.0100544	0.0631995	0.0404911	0.216082	0.030637	0.111787	0.0232093	0.00228287	0.00929485
66	0.0216603	0.0175327	0.00104766	0.00364231	0.0245214	0.00164361	0.00420148	0.230568	0.0072291	0.362398	0.050184	0.00897603	0.00438735	0.0128112	0.00883134	0.00967072	0.0115467	0.214095	0.000408662	0.00464438
67	0.0495965	0.0287703	0.0415181	0.122326	0.00357887	0.054644	0.0974262	0.0103397	0.0346641	0.0134425	0.00710756	0.0124368	0.1417	0.0529139	0.0357253	0.0832446	0.121006	0.0134854	0.0225656	0.053508
68	0.0167199	0.00244676	0.521801	0.175866	0.00219109	0.00492454	0.0194407	0.00791883	0.0138129	0.00559225	0.00333788	0.101475	0.0150531	0.0163768	0.00804984	0.00769663	0.0262842	0.046063	0.00127719	0.00367237
69	0.123123	0.00335103	0.0308665	0.0493737	0.00361785	0.0700893	0.0123284	0.0154734	0.012311	0.0312374	0.00444933	0.00961879	0.33559	0.0399445	0.155089	0.024169	0.0352464	0.0121168	0.00186611	0.030138
70	0.135919	0.00489764	0.128419	0.247086	0.00165987	0.0402743	0.0378427	0.0157496	0.0339049	0.0288977	0.00619213	0.0207051	0.0231929	0.0668619	0.0428605	0.051745	0.0583445	0.0343552	0.00483966	0.016252
71	0.0315518	0.00541961	0.026337	0.00623296	0.00425106	0.251812	0.0428	0.00589272	0.0122084	0.00975409	0.00768197	0.0436801	0.0281038	0.0477709	0.0205473	0.332903	0.101667	0.0134598	0.00215719	0.00576959
72	0.209303	0.0180697	0.023832	0.0362007	0.00711054	0.184327	0.0232811	0.00906115	0.0270494	0.022421	0.0126251	0.0331441	0.0263821	0.0393961	0.0367629	0.148414	0.0895532	0.0428483	0.00244379	0.00777484
73	0.127137	0.00556646	0.117581	0.258205	0.00321259	0.0325899	0.0288355	0.0360132	0.0432023	0.0265728	0.00748159	0.0180462	0.0646005	0.0520644	0.0424218	0.0384805	0.0462071	0.0318305	0.00451495	0.0154366
74	0.112402	0.00748658	0.0056767	0.0056484	0.0076352	0.0380061	0.0226566	0.140472	0.0234021	0.0801848	0.0450661	0.0633922	0.00446393	0.0368759	0.0436144	0.0127428	0.0812603	0.261573	0.00130453	0.00613585
75	0.387325	0.115569	0.00385367	0.00445303	0.00590378	0.0551675	0.0144248	0.00968239	0.0068383	0.0403036	0.0228217	0.00607662	0.00567394	0.00696943	0.0175591	0.0453032	0.0190054	0.211903	0.0165093	0.00465649
76	0.041585	0.00880185	0.0299428	0.235528	0.00846629	0.0200199	0.0947018	0.00802864	0.0454676	0.0142927	0.0094762	0.0303829	0.0481134	0.140543	0.0227638	0.0692572	0.0447838	0.0137742	0.0270748	0.0869963
77	0.0132103	0.0114116	0.0011034	0.00442915	0.0300814	0.00160237	0.00600703	0.268626	0.00867469	0.379427	0.0277149	0.00868186	0.00543495	0.011966	0.00598877	0.00907656	0.00861507	0.19203	0.000451389	0.00546705
78	0.0269776	0.0181468	0.00715601	0.0108282	0.196644	0.0104154	0.0312297	0.0999581	0.0109301	0.220096	0.0436883	0.0080791	0.0167011	0.0135025	0.0243184	0.0144376	0.0278199	0.0710007	0.0221727	0.125898
79	0.0463331	0.0137351	0.00106775	0.00128737	0.00910138	0.00240091	0.00246646	0.317056	0.00260432	0.107129	0.0240961	0.00264883	0.00375519	0.0032667	0.0103168	0.0102525	0.0180161	0.418617	0.000574381	0.00527539
80	0.547047	0.0244369	0.00285907	0.00359007	0.00314187	0.25164	0.00573949	0.0031526	0.00619664	0.0284377	0.00484344	0.00918283	0.0144396	0.00850767	0.00589582	0.0476012	0.0159888	0.0130519	0.00131646	0.00293097
81	0.100372	0.0847955	0.00354996	0.00764153	0.0341519	0.00369937	0.00916635	0.0419249	0.010366	0.0412935	0.0301786	0.00222923	0.0280338	0.00590249	0.0129693	0.0870802	0.391284	0.10243	0.00080771	0.00212387
82	0.0374037	0.0102905	0.00778214	0.00841916	0.0117671	0.0144461	0.0177399	0.0350056	0.010862	0.3664	0.291773	0.0101128	0.0106758	0.0140632	0.0450661	0.0424182	0.0171767	0.0253443	0.0029856	0.0202681
83	0.101169	0.0182799	0.0180104	0.0295384	0.00505466	0.105954	0.0263179	0.0170881	0.0191314	0.0176902	0.00786682	0.0173979	0.361717	0.0272633	0.0528955	0.0663562	0.0615151	0.0280673	0.00348599	0.0151996
84	0.0714919	0.0687514	0.00850632	0.00952373	0.151753	0.045128	0.0388051	0.0248253	0.0109067	0.0439112	0.0152554	0.0499247	0.00862432	0.0150079	0.019016	0.035535	0.0345887	0.0693327	0.0206174	0.258495
85	0.0441087	0.0179984	0.0647829	0.0311555	0.0061436	0.0341807	0.0158831	0.0109859	0.034593	0.0166297	0.00799857	0.0531282	0.0204481	0.0335724	0.0731962	0.304235	0.196016	0.0224227	0.00383179	0.00868999
86	0.0421347	0.00303513	0.0339965	0.00461497	0.00343389	0.27952	0.0612639	0.00399522	0.0162982	0.00816915	0.0119949	0.0637061	0.0280653	0.0651153	0.0285127	0.299334	0.0339543	0.00759165	0.00128514	0.00397868
87	0.010896	0.0139948	0.00554912	0.00916137	0.239716	0.0041465	0.0340193	0.0540734	0.00153866	0.252294	0.053398	0.00146041	0.0049876	0.00595358	0.0165023	0.00317969	0.0124434	0.0429349	0.0338693	0.199882
88	0.0983131	0.0848735	0.00376344	0.00755137	0.0355378	0.003971	0.0091182	0.041842	0.011249	0.043963	0.0318305	0.00226742	0.028911	0.00590739	0.0130741	0.090981	0.38234	0.101634	0.000733826	0.00213827
89	0.0103032	0.00806784	0.00334546	0.00896647	0.356331	0.00447507	0.0193108	0.0144958	0.00342152	0.0675888	0.025442	0.00476727	0.00414587	0.0121056	0.0133544	0.00737201	0.0082882	0.0158005	0.0585094	0.353909
90	0.412701	0.121263	0.00276315	0.00293011	0.0030374	0.0448357	0.011844	0.00670309	0.00491382	0.0429933	0.0128788	0.00483097	0.00447226	0.00484145	0.0149551	0.0442765	0.014976	0.232604	0.00950326	0.00267732
91	0.0564573	0.0956625	0.0343556	0.229673	0.0122959	0.022583	0.0686258	0.0168917	0.0233623	0.0287905	0.079209	0.0172003	0.0202838	0.0887434	0.0332765	0.0359577	0.0840752	0.0261006	0.0062071	0.0202493
92	0.242633	0.00606386	0.00915001	0.0255392	0.00260092	0.0224579	0.0155506	0.0312429	0.0163106	0.00841271	0.00361341	0.0139165	0.364787	0.0167245	0.0181592	0.0870454	0.0322085	0.0732219	0.00138953	0.00897262
93	0.092117	0.0915807	0.00420797	0.00710869	0.0403701	0.00494805	0.0125858	0.0388506	0.011187	0.0439791	0.029161	0.00351852	0.0255362	0.00655859	0.0189403	0.0844721	0.377158	0.103499	0.000977388	0.003243
94	0.127991	0.00644057	0.00827538	0.0157889	0.00850384	0.0134476	0.0477274	0.0722759	0.0543931	0.0216718	0.0678258	0.0113811	0.151374	0.0208231	0.14107	0.0197825	0.0211177	0.0517881	0.0618465	0.0764753
95	0.00575794	0.0142307	0.109847	0.00992417	0.00175767	0.0217966	0.00369435	0.00255364	0.00329913	0.00369865	0.00225135	0.0653718	0.0113486	0.00423719	0.0252459	0.44626	0.261903	0.00410902	0.000736096	0.00197709
96	0.102061	0.0069176	0.108623	0.305653	0.00290566	0.032876	0.0308108	0.0131741	0.0268676	0.0362232	0.0202296	0.0132652	0.0115749	0.127192	0.035262	0.0313389	0.051986	0.0280799	0.0054511	0.00950922
97	0.0979277	0.00632717	0.0403278	0.0686349	0.00286254	0.0372377	0.0169161	0.00256505	0.16458	0.00967004	0.00475641	0.0558945	0.00471162	0.124775	0.161517	0.0960665	0.0918797	0.00995881	0.000861615	0.00252926
98	0.0102919	0.0112685	0.00110725	0.00478726	0.0307115	0.00133912	0.0067505	0.26202	0.00954015	0.405808	0.0292198	0.00930124	0.00567683	0.0133528	0.00614378	0.00890368	0.00789548	0.170526	0.000464297	0.00489168
99	0.169406	0.00349638	0.102739	0.182164	0.0023081	0.0517952	0.0406971	0.0186752	0.0335815	0.0251804	0.00285283	0.0293484	0.0700779	0.0300148	0.0650462	0.063419	0.0430644	0.0345472	0.00261033	0.0289775
100	0.504738	0.108861	0.00214648	0.00261285	0.00208531	0.0761159	0.00878739	0.00387253	0.00497408	0.0311776	0.00808792	0.00850744	0.00619004	0.00696923	0.0112843	0.0901316	0.0255618	0.0913873	0.00409615	0.00241287
101	0.0379059	0.0335495	0.0117795	0.0167762	0.0194006	0.0115639	0.115683	0.110911	0.0397634	0.202367	0.0168865	0.0409988	0.00664825	0.063109	0.0937165	0.017363	0.0589865	0.0679897	0.00462717	0.0299744
102	0.116651	0.00653417	0.00499305	0.00510215	0.0070274	0.0393654	0.0197469	0.143339	0.0235909	0.0703553	0.046702	0.0666255	0.00453355	0.0358471	0.0404985	0.0130174	0.0817503	0.267666	0.00123016	0.00542435
103	0.0575074	0.00982933	0.0229652	0.00952916	0.00389963	0.027709	0.0628232	0.0035418	0.215403	0.0537361	0.00910421	0.0647748	0.00599608	0.149994	0.232713	0.0228936	0.0175214	0.00515837	0.0036324	0.0212686
104	0.325716	0.101409	0.00583631	0.00830315	0.0122012	0.00925034	0.0103067	0.00779963	0.00867653	0.103728	0.20102	0.0075176	0.0242584	0.0106233	0.0132502	0.0142326	0.113866	0.0127408	0.00319466	0.00607072
105	0.0122725	0.0138608	0.00453655	0.009239	0.244715	0.0044265	0.032655	0.0619484	0.00148315	0.265149	0.0585294	0.00143644	0.0052754	0.00504778	0.0140305	0.00282563	0.0123695	0.0461424	0.0318092	0.172248
106	0.1286	0.00530212	0.108957	0.279838	0.00205289	0.0370261	0.0299684	0.0128318	0.0297245	0.0301489	0.00700201	0.0195425	0.0151832	0.0797451	0.0480995	0.052639	0.067848	0.0297045	0.00451893	0.0112679
107	0.0935193	0.0091406	0.036094	0.0200802	0.00639836	0.243556	0.042638	0.00750378	0.0270123	0.0162813	0.0136284	0.0492448	0.025992	0.0458373	0.038625	0.234327	0.0583283	0.0221576	0.00192813	0.00770702
108	0.17042	0.00979632	0.0282895	0.0342708	0.00971873	0.25364	0.0346987	0.00872362	0.0718743	0.0256962	0.0186023	0.0495001	0.0219148	0.0502325	0.0714217	0.0604097	0.0348787	0.0301502	0.00256803	0.0131946
109	0.204025	0.0688282	0.00267478	0.0053563	0.00757375	0.0164851	0.00624567	0.0270461	0.00801948	0.0390969	0.013939	0.00412059	0.013251	0.00623972	0.00942772	0.0527997	0.0984785	0.411	0.00281014	0.00258179
110	0.117197	0.0750389	0.00476252	0.0114964	0.0198283	0.0102072	0.0142264	0.0250173	0.00893342	0.0282281	0.0188166	0.00405351	0.188153	0.00902808	0.0119212	0.0865106	0.284583	0.0775244	0.00133933	0.00313483
111	0.109764	0.00350979	0.00770389	0.0760394	0.00360751	0.0217007	0.0121415	0.0224358	0.0726272	0.0237302	0.0130245	0.0248133	0.0378459	0.153991	0.227731	0.0323296	0.0855673	0.0550513	0.00290542	0.0134809
112	0.0441588	0.022142	0.00271797	0.00435118	0.0265803	0.00962242	0.0149772	0.191503	0.0217608	0.26899	0.044527	0.024937	0.00384606	0.0242564	0.0374992	0.00960122	0.0345057	0.204586	0.00118269	0.00825536
113	0.0115181	0.0107404	0.00108736	0.0046494	0.0291472	0.00127881	0.00650197	0.267173	0.00894281	0.390471	0.028068	0.00887022	0.0054172	0.0124863	0.00610095	0.00895075	0.00813562	0.185146	0.000469359	0.00484517
114	0.0699664	0.0202804	0.00846515	0.0129453	0.0211979	0.0124893	0.0125976	0.127848	0.0145476	0.150102	0.0261699	0.011739	0.0122671	0.0182474	0.0266983	0.0274941	0.0682789	0.339642	0.00266545	0.0163591
115	0.067243	0.119191	0.0131101	0.0132957	0.0137654	0.016216	0.0280639	0.0171719	0.0122464	0.0211081	0.0133711	0.017954	0.276524	0.0141818	0.016256	0.13132	0.156122	0.0390105	0.00483825	0.00901118
116	0.0499599	0.0065417	0.379781	0.153594	0.00535929	0.0178822	0.0302876	0.0114166	0.0323082	0.0172131	0.0102648	0.0613825	0.0256445	0.0377017	0.0266139	0.0399659	0.0468315	0.0357633	0.00334927	0.0081399
117	0.0766713	0.0114257	0.0520617	0.0609423	0.0102971	0.0621703	0.0502521	0.0193174	0.0786315	0.0361564	0.0166036	0.104685	0.0221449	0.119808	0.102824	0.0649786	0.0579996	0.0305443	0.00446972	0.0180166
118	0.214801	0.0815394	0.00607619	0.00811287	0.0357224	0.00911741	0.0122885	0.0201064	0.0113313	0.111337	0.088823	0.00753794	0.0832602	0.0104905	0.0144144	0.0413366	0.190393	0.045058	0.00252494	0.00572856
119	0.028648	0.00218317	0.00292045	0.0024408	0.00628919	0.0188035	0.0208877	0.00795424	0.395801	0.0111025	0.00289767	0.00597229	0.0264513	0.0499914	0.334413	0.0338567	0.0262702	0.013392	0.00097752	0.00874694
120	0.337736	0.0143048	0.00839727	0.0282368	0.00464794	0.024473	0.00670373	0.00976136	0.0163446	0.013612	0.00640289	0.0184407	0.076397	0.0306778	0.01034	0.117115	0.168627	0.101247	0.00164457	0.00488983
121	0.547452	0.0241209	0.00293483	0.00345965	0.00315902	0.250107	0.005965	0.00326608	0.00601625	0.0291295	0.0051554	0.0089378	0.0142962	0.00805274	0.00622233	0.0470135	0.0156418	0.0148138	0.00141268	0.00284371
122	0.0487396	0.0129584	0.00103063	0.00123601	0.00425266	0.00179178	0.00195387	0.308384	0.00207949	0.0794145	0.0257647	0.00253961	0.00368465	0.00230547	0.0106942	0.0121646	0.022583	0.455389	0.000427647	0.00260627
123	0.0147475	0.00424194	0.024237	0.00614443	0.0040402	0.057818	0.0614956	0.0473393	0.0941585	0.00995614	0.00520426	0.12359	0.0170968	0.0116219	0.0292964	0.192946	0.179703	0.0910489	0.00183102	0.0234834
124	0.0538221	0.00567084	0.0131782	0.00738427	0.00294905	0.0166125	0.0620748	0.00294147	0.261878	0.0513582	0.00933221	0.0518708	0.0054399	0.143901	0.2438	0.0189651	0.0140463	0.00381481	0.00451103	0.0264497
125	0.214202	0.00357009	0.00875371	0.0293058	0.0016183	0.0256475	0.017723	0.0356554	0.0185819	0.0055343	0.00196719	0.0158997	0.404858	0.0177549	0.0170458	0.09025	0.0271924	0.0539266	0.000951076	0.00956199
126	0.0251999	0.0882544	0.15866	0.0397918	0.0062717	0.0110538	0.0713611	0.00893254	0.0698182	0.012302	0.0103615	0.105113	0.0533174	0.0442045	0.0193859	0.227867	0.0228607	0.013278	0.0032226	0.0087436
127	0.0971089	0.00569287	0.00911232	0.0332931	0.0104128	0.0186117	0.0203908	0.0582491	0.0484983	0.0369061	0.0102257	0.012392	0.254756	0.0701581	0.122756	0.0631675	0.0392064	0.0718363	0.00384318	0.0133834
128	0.105632	0.00401017	0.142165	0.300179	0.00198457	0.0300269	0.0372031	0.015989	0.0312325	0.032745	0.0116347	0.013612	0.0120959	0.0926211	0.0380467	0.0299596	0.0533131	0.0321866	0.00640958	0.0089537
129	0.0103676	0.0123255	0.0011138	0.00577252	0.0327436	0.00132962	0.00616302	0.244968	0.00951284	0.419493	0.0339718	0.00961864	0.00670505	0.013735	0.00650669	0.0102326	0.0080624	0.16189	0.000494085	0.00499364
130	0.0298725	0.0103993	0.0134031	0.0145101	0.0104887	0.0620489	0.111632	0.0589448	0.0269574	0.0255786	0.0109571	0.185886	0.015318	0.0665496	0.0341893	0.0511628	0.215984	0.0327473	0.00370642	0.0196639
131	0.152009	0.00404407	0.149592	0.124777	0.00599529	0.0174742	0.0136289	0.0150735	0.041528	0.0527147	0.00564995	0.0145563	0.153035	0.019358	0.146888	0.0181029	0.0307087	0.0115776	0.00459648	0.0186906
132	0.109171	0.0329642	0.0203226	0.00888393	0.0152378	0.0207801	0.00847366	0.0411592	0.0204253	0.0762391	0.036812	0.00690976	0.0117029	0.0154243	0.0424267	0.19894	0.243106	0.0844166	0.00171812	0.00488714
133	0.0162988	0.0213918	0.00505766	0.0110475	0.193795	0.00636755	0.0363598	0.0560384	0.00368194	0.218076	0.0533511	0.00458285	0.00496752	0.00871479	0.019539	0.00637169	0.0267859	0.0547515	0.0322529	0.220568
134	0.145895	0.0127256	0.0493	0.195324	0.00326705	0.0263977	0.0249474	0.00440715	0.0399714	0.0263761	0.00263383	0.0208089	0.00218818	0.154378	0.0921428	0.0799482	0.100031	0.0141553	0.000740237	0.00436225
135	0.106665	0.00381878	0.145411	0.302967	0.00178507	0.0306828	0.037072	0.0151708	0.0311973	0.0320679	0.0119789	0.0135512	0.0122317	0.0914388	0.0364349	0.0294325	0.0517505	0.0309808	0.00657091	0.00879238
136	0.0113065	0.0152282	0.0047802	0.00908761	0.248874	0.00448	0.0324975	0.0566873	0.00165504	0.267421	0.0613576	0.00158498	0.00528397	0.0053073	0.0147413	0.00299956	0.0125194	0.04431	0.0334683	0.16641
137	0.491719	0.104876	0.00272732	0.00303604	0.00247322	0.0709504	0.00964994	0.0047219	0.00547848	0.0406815	0.00997008	0.00685512	0.00537615	0.00621083	0.0126381	0.083483	0.0229746	0.108651	0.00483189	0.00269591
138	0.139237	0.0101278	0.0591841	0.181938	0.00296148	0.0296851	0.0202978	0.00482825	0.0420398	0.0256037	0.00337975	0.0327252	0.00422264	0.122461	0.10329	0.0983196	0.10023	0.0140313	0.00107707	0.00436046
139	0.0406112	0.00904327	0.0287924	0.0297453	0.0672628	0.0164025	0.230571	0.0132613	0.0221451	0.060592	0.015397	0.026536	0.0118586	0.0619536	0.0331243	0.0453052	0.0372598	0.0285264	0.0200263	0.201586
140	0.0321633	0.0102756	0.0210489	0.0189528	0.121	0.0145054	0.163285	0.0191991	0.0158595	0.0921418	0.0221873	0.0182807	0.00915497	0.0301325	0.0330782	0.0320027	0.0300849	0.03106	0.0291477	0.25644
141	0.0871083	0.00304137	0.0345426	0.0076997	0.00513708	0.306274	0.0550278	0.00299726	0.0421427	0.014	0.031786	0.0956929	0.0186684	0.0962632	0.0756652	0.0945179	0.0155807	0.0089927	0.00132467	0.00353753
142	0.097086	0.0858682	0.00358892	0.00728622	0.0356326	0.00366618	0.00928794	0.0417425	0.0106381	0.0424815	0.0317866	0.00231076	0.0276293	0.00560421	0.013183	0.0866521	0.390661	0.101994	0.00077894	0.002122
143	0.375772	0.0178538	0.00683944	0.0168197	0.00438622	0.0578002	0.00822809	0.00910993	0.0138396	0.0129489	0.00642375	0.0311113	0.0744806	0.0220055	0.0125883	0.104117	0.124952	0.0939122	0.00156146	0.00525051
144	0.0445276	0.0135999	0.000782462	0.00102664	0.00658695	0.00115811	0.00148329	0.331575	0.00183857	0.101718	0.0246636	0.00174557	0.0041268	0.00218323	0.00886148	0.00915345	0.0171852	0.425037	0.000352998	0.00239463
145	0.0144073	0.0180268	0.00109428	0.00447872	0.0297813	0.00160186	0.00488473	0.215056	0.00873358	0.418686	0.051788	0.0104985	0.00510699	0.0158637	0.00855794	0.0105651	0.0105328	0.165222	0.000465255	0.00464811
146	0.280605	0.0100766	0.0155717	0.0244967	0.00311351	0.0370094	0.014702	0.0243727	0.0145781	0.0120932	0.00498676	0.0136102	0.348927	0.0156533	0.0219417	0.0731541	0.0289976	0.0453501	0.00142338	0.00933687
147	0.175459	0.0527665	0.00752053	0.0151806	0.0203171	0.0131402	0.0122253	0.027371	0.0133396	0.03382	0.0249571	0.00889417	0.0322043	0.0144044	0.0170581	0.0755123	0.368986	0.0794818	0.00205061	0.0053119
148	0.0783576	0.0110027	0.0277789	0.038149	0.00934844	0.121495	0.0412703	0.0109861	0.100741	0.034865	0.0155594	0.0456742	0.0270786	0.120042	0.179691	0.0597208	0.0384042	0.0215544	0.00397695	0.0143059
149	0.217116	0.00412739	0.00755177	0.0251882	0.00190634	0.0230937	0.0161666	0.0376622	0.0160685	0.00512445	0.00201729	0.0138462	0.412631	0.0170256	0.0143951	0.0932412	0.023582	0.058878	0.000953031	0.00942628
150	0.132395	0.00686819	0.0124997	0.0304304	0.0346853	0.0624512	0.0212712	0.00889801	0.0672436	0.0125822	0.0089082	0.0124388	0.0546953	0.0119762	0.302665	0.0253501	0.023001	0.0575348	0.00453996	0.109565
151	0.0515955	0.00326135	0.00914169	0.00732951	0.00342613	0.0144268	0.0431633	0.00468113	0.33252	0.0279536	0.00682635	0.0285496	0.0109618	0.0974479	0.282259	0.0300489	0.0204922	0.00661141	0.00269057	0.0166134
152	0.14431	0.0161487	0.0242838	0.0323984	0.00527735	0.0270643	0.0278259	0.02635	0.0212716	0.0181651	0.00729294	0.0154046	0.395328	0.0256814	0.0514954	0.0708776	0.0375858	0.0370607	0.0025504	0.0136273
153	0.0317594	0.00207059	0.00420408	0.00262693	0.00478265	0.0161026	0.026404	0.00593006	0.387913	0.0174124	0.00424603	0.0126918	0.0177188	0.0797487	0.317394	0.0269428	0.0203499	0.00968301	0.00122479	0.0107948
154	0.0893136	0.00473271	0.210064	0.262104	0.00221382	0.0240396	0.0330079	0.0132142	0.0315332	0.0266777	0.0102512	0.0297292	0.0153217	0.0858897	0.0379488	0.030399	0.0503734	0.0303441	0.00469642	0.00814547
155	0.0646495	0.00989283	0.0261949	0.0324741	0.0104197	0.0266632	0.0403317	0.018933	0.242179	0.046553	0.0146943	0.0270504	0.0283444	0.0803648	0.190582	0.0406515	0.0459156	0.0306259	0.00446685	0.019013
156	0.288639	0.00620903	0.00699629	0.0212488	0.00255212	0.0199918	0.0147149	0.0266284	0.013448	0.00607721	0.00278359	0.0147071	0.338605	0.0175182	0.013309	0.120055	0.0289822	0.0488574	0.00122289	0.00745343
157	0.0949541	0.0133137	0.0253019	0.0190024	0.00947899	0.042894	0.0246754	0.0110616	0.112382	0.0607247	0.0425902	0.0999969	0.0128234	0.0549024	0.14476	0.150802	0.044082	0.0233985	0.00331236	0.00954374
158	0.363466	0.0746069	0.00375451	0.00447195	0.00251581	0.0361275	0.00854492	0.00748007	0.00582476	0.0366579	0.00985631	0.00669291	0.0115546	0.00622161	0.011163	0.0438328	0.0238685	0.335421	0.00527316	0.00266635
159	0.103315	0.0104551	0.123834	0.266461	0.00601473	0.0294941	0.0363821	0.0161531	0.0338888	0.029577	0.0117716	0.0215144	0.0262878	0.0845953	0.0473446	0.0435886	0.0568691	0.0314153	0.00503436	0.0160045
160	0.173454	0.00520844	0.0101676	0.00670925	0.00557053	0.22678	0.0149791	0.0208561	0.0518878	0.0397695	0.0196437	0.0821412	0.00885894	0.0429468	0.0512052	0.053565	0.0513758	0.128321	0.00149566	0.00506379
161	0.503024	0.0263292	0.00332691	0.00559204	0.00287008	0.138867	0.00504992	0.00351439	0.00768626	0.0153658	0.00450908	0.0238246	0.0251823	0.0213672	0.00892533	0.107951	0.0548395	0.036886	0.00121308	0.00367603
162	0.0793336	0.0209278	0.00681266	0.00903218	0.0112432	0.011727	0.0112113	0.161577	0.0089166	0.0920939	0.0220709	0.00788729	0.0146947	0.0111843	0.016744	0.0196318	0.0325555	0.448063	0.00442075	0.00987175
163	0.0446743	0.00657893	0.0166805	0.00518487	0.00387003	0.0322095	0.0617734	0.00248669	0.214307	0.0835094	0.00960834	0.0541472	0.00618308	0.178771	0.218958	0.016509	0.0131252	0.00416458	0.00386287	0.0233964
164	0.0102142	0.012004	0.00115442	0.00475779	0.031455	0.00141327	0.00741791	0.258526	0.0103053	0.406874	0.0302344	0.0100001	0.00579242	0.0145628	0.00718271	0.00898395	0.00826852	0.165499	0.000474085	0.00487995
165	0.0606275	0.0147971	0.000958554	0.000930033	0.00492891	0.00276434	0.00187959	0.303088	0.00204242	0.0866207	0.0242799	0.0027417	0.00371327	0.00232359	0.0101175	0.0100311	0.0194806	0.444774	0.000610878	0.0032901
166	0.0768035	0.00850552	0.0425922	0.224829	0.00915487	0.0208308	0.0472576	0.0111501	0.031861	0.0189449	0.0121249	0.0156841	0.0431969	0.156037	0.0356303	0.0609752	0.0679934	0.0214877	0.011442	0.0834994
167	0.0655832	0.0094652	0.0288791	0.0502075	0.00565918	0.0300277	0.0586865	0.0173934	0.0775753	0.0198295	0.00856655	0.0819844	0.0112995	0.11214	0.125455	0.088608	0.170711	0.0223817	0.00349486	0.0120528
168	0.0777513	0.00804053	0.0081185	0.0193203	0.0225366	0.0117942	0.0460944	0.0143898	0.137	0.0519083	0.0106469	0.0409124	0.0136396	0.124376	0.217518	0.0205901	0.0416386	0.0174976	0.041695	0.0745312
169	0.0452171	0.0134459	0.000758878	0.000819872	0.00521061	0.000999923	0.00142605	0.332084	0.00181859	0.094137	0.0234903	0.00139073	0.00363086	0.00161505	0.00901526	0.00914142	0.0175438	0.435637	0.000281331	0.00233593
170	0.0220322	0.0154962	0.00483065	0.0110348	0.127915	0.00694174	0.0285738	0.127788	0.00974682	0.269363	0.063443	0.00719936	0.00644018	0.0130669	0.0225291	0.0101252	0.0328171	0.0797737	0.0189566	0.121927
171	0.252901	0.0230333	0.0129184	0.0128404	0.0483964	0.180974	0.0660656	0.0123264	0.0174899	0.0259186	0.0875318	0.0254312	0.0170847	0.026818	0.0320032	0.0350149	0.0264699	0.0745973	0.00642079	0.0157646
172	0.146273	0.00356743	0.0162266	0.0705288	0.0134134	0.03416	0.0188209	0.0173623	0.0911902	0.0191556	0.00922154	0.0109775	0.0682394	0.0332194	0.252129	0.0381573	0.0379662	0.0649491	0.00258448	0.0518582
173	0.0192883	0.0162721	0.00637461	0.0120972	0.183402	0.00651472	0.0318156	0.0897612	0.0082139	0.28411	0.0481922	0.00534561	0.00762548	0.0121909	0.0208967	0.0087841	0.0157624	0.0752322	0.0225462	0.125574
174	0.087348	0.0019859	0.00192572	0.0752077	0.00152957	0.00674581	0.0111739	0.0367266	0.103129	0.0334388	0.0214032	0.011081	0.043963	0.134975	0.199565	0.0326587	0.10131	0.0757469	0.00232441	0.0177628
175	0.022272	0.0260215	0.00788847	0.0100036	0.211291	0.00834181	0.056867	0.0555033	0.0109073	0.222687	0.0446709	0.00802005	0.00753322	0.014661	0.0321459	0.0104905	0.0206409	0.0493185	0.027634	0.153102
176	0.0485972	0.0117694	0.0215833	0.0127123	0.128405	0.0354456	0.176631	0.0130598	0.0119306	0.0689672	0.0145409	0.0200443	0.00705611	0.0215674	0.0147242	0.0319256	0.0967065	0.0458578	0.0187356	0.19974
177	0.00608683	0.0144308	0.105178	0.00941644	0.00174152	0.0272513	0.00504439	0.00304705	0.00442119	0.00362924	0.00224352	0.0682267	0.0113751	0.00532158	0.0245041	0.446336	0.253434	0.00538435	0.000794517	0.00213336
178	0.0166976	0.015644	0.00518474	0.00987946	0.232597	0.00623018	0.031682	0.0642746	0.00466451	0.257935	0.0502227	0.0033136	0.00666349	0.00862793	0.0252925	0.00540984	0.0139146	0.0604994	0.0282886	0.152978
179	0.158638	0.00355856	0.12402	0.225847	0.00167484	0.0455478	0.0420794	0.0178731	0.0372368	0.0241702	0.0046219	0.0285464	0.0279392	0.0458873	0.0450936	0.0575136	0.0453296	0.03834	0.00390047	0.0221823
180	0.109935	0.00415495	0.14217	0.310482	0.0016818	0.0297476	0.0346086	0.0147145	0.0300213	0.0302961	0.0106459	0.0141031	0.012179	0.0907759	0.0365573	0.0321763	0.0510051	0.0296978	0.00611639	0.00893136
181	0.426017	0.113112	0.00280671	0.00364893	0.00348022	0.0403411	0.0126038	0.00828799	0.00518863	0.108884	0.0115694	0.005035	0.0054206	0.00543951	0.0157769	0.0461747	0.0143935	0.161851	0.00710993	0.00285895
182	0.0584442	0.00547976	0.0138001	0.0109805	0.00452405	0.015864	0.0508267	0.00538658	0.237635	0.0505003	0.0100429	0.0628743	0.00835961	0.139575	0.23708	0.0192002	0.021222	0.0075863	0.00707905	0.0335396
183	0.145046	0.012397	0.0494104	0.19083	0.00341868	0.0261385	0.0255871	0.00408491	0.0429052	0.0268445	0.00250222	0.0210632	0.00195236	0.153943	0.0956005	0.0811152	0.0983186	0.0139942	0.000711788	0.00413669
184	0.164517	0.0184761	0.0448627	0.162925	0.0049351	0.0237316	0.0234643	0.00822068	0.061599	0.0252358	0.00581029	0.0237474	0.0113859	0.113255	0.117495	0.0679193	0.09085	0.021308	0.00174898	0.00851351
185	0.0460457	0.0134598	0.000776109	0.000765273	0.00486689	0.00111448	0.00126005	0.330514	0.00152552	0.0891538	0.0235959	0.00127579	0.00363202	0.00139267	0.00904738	0.00910226	0.0175958	0.441914	0.00028386	0.00267918
186	0.232634	0.0100427	0.0084214	0.0151122	0.0306008	0.0455386	0.0383235	0.00759365	0.0481232	0.0146385	0.00886371	0.0344413	0.0274536	0.0125902	0.285439	0.0418642	0.0391857	0.0740535	0.00220892	0.0228715
187	0.0931311	0.0115164	0.117072	0.255487	0.00224637	0.0501244	0.034559	0.0200528	0.0376676	0.0278696	0.00697712	0.0127269	0.0419342	0.0764733	0.0297042	0.0476157	0.0850389	0.0277251	0.00625165	0.0158261
188	0.046277	0.0228204	0.00575491	0.0122972	0.0254179	0.0096542	0.0708169	0.0608928	0.103681	0.21136	0.0224518	0.017542	0.00405043	0.0897963	0.171761	0.0127761	0.0324957	0.0512028	0.00578482	0.023166
189	0.015361	0.0190961	0.00114571	0.00433809	0.0289177	0.00163613	0.00483077	0.208487	0.00871453	0.421014	0.0538415	0.010946	0.00502026	0.0161486	0.00947742	0.0103184	0.0109459	0.164731	0.000437815	0.00459288
190	0.165639	0.00295487	0.12209	0.214024	0.00178699	0.0431345	0.0463279	0.0200801	0.0369003	0.023505	0.0040387	0.0308871	0.0323681	0.0386877	0.0487102	0.0601484	0.0390821	0.0423209	0.0034401	0.0238736
191	0.116611	0.00420264	0.142618	0.266256	0.00168109	0.0325702	0.0313344	0.0135343	0.0413423	0.0361712	0.00918064	0.0179721	0.0180419	0.0850042	0.0486252	0.0349523	0.0515681	0.0270588	0.0118646	0.0094108
192	0.0164579	0.0145632	0.00408588	0.00900531	0.219876	0.00578199	0.0334675	0.0830044	0.00280033	0.263021	0.0494169	0.00204989	0.00500896	0.00611132	0.014163	0.00424238	0.0138708	0.0638032	0.0274827	0.161788
193	0.0697055	0.0209687	0.0532041	0.0355176	0.0111962	0.0702284	0.0358335	0.013741	0.0481135	0.0209564	0.0122912	0.104503	0.0262752	0.0481418	0.0592039	0.221376	0.101005	0.0279625	0.00275546	0.0170207
194	0.0928993	0.00429362	0.0048333	0.0549603	0.00735353	0.00922413	0.0318749	0.0274647	0.134598	0.0545169	0.0222508	0.0119632	0.0307307	0.0802901	0.235058	0.0230968	0.0693452	0.0545935	0.00613348	0.0445201
195	0.208072	0.0037969	0.00830292	0.0309535	0.0016847	0.0230317	0.0161563	0.0357643	0.0189731	0.00551717	0.00193275	0.0144374	0.408621	0.0189269	0.0185321	0.093752	0.0265017	0.0546825	0.000917655	0.00944419
