469	20
1	0.0556858	0.00275946	0.0397719	0.0869428	0.00253951	0.016067	0.0213155	0.0142073	0.246659	0.0157932	0.0153334	0.0507662	0.00411724	0.100356	0.190905	0.0605039	0.0452366	0.0209398	0.00153891	0.00856127
2	0.011669	0.00375503	0.0030776	0.00251863	0.0196095	0.00190045	0.00280074	0.0985971	0.00461302	0.566205	0.182002	0.00867079	0.00226913	0.016855	0.00512508	0.00908274	0.0317935	0.0240199	0.00249284	0.00294273
3	0.044162	0.0196887	0.00241692	0.00473634	0.028417	0.0137384	0.00538887	0.334766	0.00865948	0.102761	0.0834865	0.00802041	0.00563682	0.00394931	0.00669619	0.00711422	0.0714182	0.236063	0.000868044	0.0120129
4	0.0114402	0.00584027	0.000431618	0.00102575	0.0144398	0.000809061	0.00347763	0.593795	0.00102751	0.108059	0.0262247	0.000854038	0.000446144	0.00478852	0.00151143	0.00570742	0.00897063	0.206614	0.00221202	0.00232549
5	0.067299	0.00293117	0.0588283	0.110976	0.00200586	0.0170293	0.0225163	0.0119065	0.156843	0.0211216	0.0182343	0.0695944	0.0035926	0.0854255	0.14012	0.115801	0.0678241	0.0163876	0.00146275	0.0100998
6	0.0407387	0.00421434	0.0277556	0.0775094	0.0143503	0.00993548	0.0493567	0.00623731	0.271101	0.00643962	0.00919246	0.0481405	0.000750725	0.114575	0.164416	0.0549895	0.0362895	0.0315497	0.00471743	0.0277407
7	0.0102679	0.00608004	0.000434229	0.000695836	0.0122389	0.000550398	0.00322283	0.570677	0.000698922	0.134655	0.0281218	0.000776448	0.000337278	0.00442378	0.001235	0.0055478	0.00719301	0.208947	0.00207858	0.00181886
8	0.0400584	0.00140482	0.0253377	0.0631583	0.0159955	0.00187794	0.0142265	0.223318	0.0456682	0.0916344	0.0319685	0.0180082	0.00255746	0.0393865	0.0482491	0.0246011	0.0697969	0.208564	0.00948278	0.0247059
9	0.0465241	0.011932	0.00511214	0.00985556	0.0417724	0.00645491	0.00953813	0.172119	0.015689	0.283635	0.122343	0.0188216	0.00896549	0.0128012	0.0167574	0.0220368	0.072498	0.111074	0.00142295	0.0106478
10	0.00941265	0.00366643	0.0457788	0.306072	0.0161441	0.00331754	0.0447769	0.0173372	0.0438407	0.0596884	0.0462133	0.0812897	0.00198605	0.080341	0.0815924	0.00975412	0.0487253	0.0505173	0.0016956	0.0478502
11	0.0124777	0.0102681	0.0612979	0.0121339	0.0719711	0.0149508	0.183988	0.00690605	0.0317257	0.014773	0.01159	0.291296	0.00217973	0.0299041	0.00873573	0.054959	0.0143284	0.0080453	0.00229645	0.156173
12	0.0169699	0.012625	0.00580566	0.00969998	0.466883	0.00617713	0.0202416	0.0719106	0.0126971	0.120563	0.0182597	0.0125854	0.00190276	0.0138538	0.0111196	0.0179185	0.011302	0.0488082	0.00440979	0.116267
13	0.0427585	0.0103064	0.0256279	0.0574528	0.012834	0.0232551	0.0236945	0.021582	0.275535	0.0274317	0.014861	0.0430528	0.00983437	0.06937	0.211135	0.0520474	0.0351513	0.0253077	0.00235251	0.0164099
14	0.139801	0.0212599	0.0291155	0.0360057	0.00875523	0.0344951	0.016453	0.0157179	0.0423787	0.0165966	0.0140121	0.0692349	0.0114232	0.0361603	0.0372738	0.299562	0.134161	0.0245513	0.00255364	0.0104883
15	0.00685724	0.00440312	0.00420568	0.00443786	0.200177	0.00349118	0.0132561	0.0129662	0.00784704	0.0232593	0.0048926	0.00792947	0.000771807	0.00715349	0.00876193	0.00817048	0.0081487	0.00942829	0.0120302	0.651813
16	0.27124	0.0243703	0.012222	0.0206199	0.0657347	0.147553	0.00838013	0.00975072	0.0148597	0.0106882	0.0106058	0.0122568	0.0066965	0.0636213	0.066148	0.104367	0.0383979	0.0164792	0.00174896	0.0942596
17	0.022711	0.0033867	0.107347	0.113722	0.00173435	0.529934	0.0136157	0.00353848	0.0423149	0.00649758	0.00248188	0.0585682	0.00317863	0.0293336	0.0101994	0.0263468	0.0167559	0.00563748	0.000567792	0.00213006
18	0.087743	0.00412219	0.0337741	0.125369	0.00386949	0.00132393	0.0213271	0.0623565	0.179458	0.0575669	0.0216136	0.0420834	0.00849561	0.0663022	0.0847614	0.0401948	0.094712	0.0557859	0.00244589	0.00669523
19	0.0202783	0.00655365	0.0172776	0.0158906	0.00368248	0.655547	0.0151623	0.00640498	0.035678	0.00967266	0.00546065	0.0201672	0.00692289	0.0292946	0.0971005	0.0230095	0.0179348	0.0069454	0.00076952	0.00624705
20	0.0685525	0.0150446	0.0402767	0.0544867	0.0102147	0.0540033	0.0226075	0.0132733	0.152525	0.0114977	0.0126662	0.0453261	0.176398	0.0644365	0.0520364	0.115296	0.0634961	0.0191505	0.00198557	0.00672664
21	0.0125106	0.0132704	0.00323339	0.00797453	0.381987	0.00224096	0.00828061	0.0860659	0.0107678	0.277953	0.0413848	0.00483599	0.0015215	0.00630082	0.0123363	0.0107341	0.014491	0.0557933	0.00241075	0.0459074
22	0.0108964	0.00797703	0.0399229	0.0112579	0.0561652	0.0178615	0.254038	0.00536703	0.0408524	0.0163903	0.00985395	0.272144	0.00127619	0.0268475	0.00711874	0.0611435	0.0127843	0.00576103	0.00190798	0.140434
23	0.0367169	0.0130879	0.0444107	0.0582242	0.0050846	0.0198534	0.0284519	0.00502422	0.235572	0.00475347	0.0110957	0.0422286	0.183269	0.0834394	0.0682415	0.0791623	0.0647346	0.0133131	0.000810549	0.00252539
24	0.013286	0.125127	0.00871947	0.0112368	0.00610693	0.00671349	0.0590597	0.0114925	0.0898451	0.00940813	0.00878547	0.158153	0.00307616	0.0631693	0.114441	0.226406	0.0401409	0.0110647	0.00241222	0.0313561
25	0.0110833	0.0117523	0.00348285	0.0080364	0.417407	0.00205166	0.0102161	0.0788486	0.010637	0.249525	0.0354567	0.00439723	0.00139221	0.00744345	0.0114716	0.0112948	0.0122047	0.0523246	0.00242005	0.0585542
26	0.0572796	0.0184665	0.00548969	0.0148835	0.00334377	0.0122234	0.00626974	0.00182489	0.0236818	0.0050411	0.00742314	0.0672289	0.00379195	0.0208973	0.0223948	0.396846	0.313564	0.0173895	0.000600227	0.00135963
27	0.52881	0.0521498	0.00143169	0.00674257	0.00121317	0.021307	0.0015297	0.00669174	0.00224226	0.00214576	0.00655482	0.00218995	0.0132462	0.0022572	0.00185954	0.329459	0.0160962	0.002389	0.000550197	0.00113394
28	0.00913811	0.0049941	0.000323308	0.000408991	0.012941	0.000434331	0.00334748	0.626695	0.000473842	0.0912847	0.0227448	0.000441444	0.000148849	0.00489276	0.0012231	0.00588	0.00626264	0.20442	0.00232815	0.00161719
29	0.00913811	0.0049941	0.000323308	0.000408991	0.012941	0.000434331	0.00334748	0.626695	0.000473842	0.0912847	0.0227448	0.000441444	0.000148849	0.00489276	0.0012231	0.00588	0.00626264	0.20442	0.00232815	0.00161719
30	0.0116257	0.0038557	0.016979	0.00442562	0.00147384	0.877566	0.00996963	0.00317921	0.0120352	0.00275089	0.00196591	0.0155835	0.00277988	0.00841161	0.00872679	0.0106758	0.00419767	0.00229217	0.000368689	0.00113682
31	0.372673	0.0541452	0.00840918	0.0138682	0.0130336	0.0263161	0.00735868	0.032609	0.0106838	0.0124153	0.00846271	0.0118813	0.166886	0.0109315	0.00554067	0.170757	0.0289814	0.0394695	0.0017766	0.00380117
32	0.0281917	0.0100188	0.120778	0.0690466	0.0176563	0.0560818	0.054096	0.0132864	0.0518455	0.0184679	0.00991263	0.258914	0.00723681	0.0432996	0.0291649	0.109135	0.0500962	0.0169572	0.00220915	0.033606
33	0.0115938	0.00399498	0.0210683	0.00825531	0.0009941	0.870116	0.00957214	0.00265055	0.0118493	0.00243175	0.00118845	0.0187506	0.00258036	0.00813847	0.00685331	0.0113474	0.00403925	0.00235854	0.000784931	0.00143254
34	0.20193	0.0606819	0.0123406	0.0202508	0.00928137	0.0278131	0.0149287	0.0175086	0.0250105	0.0156445	0.0113657	0.044476	0.0110866	0.0268363	0.0246911	0.303745	0.127907	0.0330477	0.00232694	0.00912702
35	0.0288302	0.00408611	0.0167123	0.00598906	0.00134561	0.857898	0.00924467	0.00304465	0.0125302	0.00204399	0.00138038	0.0161699	0.00221023	0.00866178	0.00816478	0.0133002	0.00444682	0.0024954	0.000318275	0.00112737
36	0.0505381	0.0100783	0.0320396	0.0642576	0.0115235	0.0225783	0.0211435	0.0216566	0.251539	0.0366879	0.0166979	0.0473149	0.0141642	0.071976	0.197368	0.051229	0.0358074	0.0248756	0.00271176	0.0158125
37	0.134736	0.0219583	0.0271548	0.0363549	0.0109377	0.0300411	0.0142274	0.0184393	0.0359469	0.0190413	0.0136589	0.061846	0.0117408	0.0347864	0.0318775	0.318252	0.14532	0.0238519	0.00304145	0.00678782
38	0.0324862	0.00902526	0.132001	0.0733726	0.0204479	0.0496295	0.0405778	0.0168883	0.0610314	0.0209136	0.0119995	0.21905	0.00652103	0.0449	0.0438726	0.103654	0.0580151	0.0213264	0.00334623	0.0309416
39	0.0361885	0.00952067	0.00153255	0.00607851	0.0341217	0.00341712	0.00804743	0.361379	0.00718236	0.181303	0.0699794	0.00681659	0.00517153	0.00434469	0.00554178	0.00654781	0.051846	0.190695	0.00128535	0.00900125
40	0.0190326	0.00622788	0.00343324	0.00722374	0.0217931	0.00361771	0.00543333	0.535282	0.00718375	0.108225	0.029192	0.00674099	0.00150098	0.0100945	0.00681818	0.0117552	0.0167686	0.190223	0.00284936	0.00660508
41	0.0350024	0.00509314	0.248403	0.349027	0.00273497	0.0339807	0.0100376	0.010422	0.0346535	0.0161613	0.00381831	0.0755062	0.00773543	0.0566873	0.010864	0.0432819	0.034492	0.0165544	0.00121252	0.00433221
42	0.528906	0.051255	0.00148244	0.00663549	0.00117477	0.0267104	0.00159347	0.00672913	0.00250635	0.00216548	0.00638224	0.00248217	0.013011	0.00223548	0.00184046	0.324256	0.01659	0.00236334	0.000532796	0.00114746
43	0.0107767	0.00352545	0.00269029	0.00210886	0.018483	0.00186256	0.00240474	0.0955174	0.00439404	0.585115	0.176712	0.00727919	0.00197742	0.0166316	0.00444448	0.00799936	0.0291274	0.0244708	0.00231748	0.00216249
44	0.0138861	0.00739135	0.00423306	0.00477164	0.0235611	0.00268392	0.00451006	0.087243	0.00854007	0.560297	0.15744	0.00830047	0.00158862	0.0222901	0.00954665	0.0109687	0.0278896	0.0363178	0.0032306	0.00531081
45	0.0149457	0.0124263	0.0058688	0.00886137	0.480019	0.00403369	0.0193074	0.0641611	0.010646	0.126886	0.0187628	0.00893077	0.00229476	0.0128927	0.0118188	0.0161965	0.0111414	0.0440401	0.00415962	0.122608
46	0.200159	0.0380423	0.0115152	0.0233112	0.0153208	0.0366961	0.0119547	0.125765	0.0254977	0.0807218	0.0231063	0.0159341	0.0126504	0.020524	0.0269797	0.0573032	0.0684764	0.190583	0.00260509	0.0128545
47	0.0089823	0.0114648	0.00442371	0.00727432	0.461541	0.00238079	0.0131233	0.0817412	0.00874404	0.194353	0.0260265	0.00607165	0.00110933	0.00849585	0.00904723	0.0114102	0.00989241	0.0533585	0.00278076	0.0777795
48	0.0142472	0.00392217	0.0169701	0.00404679	0.00135128	0.881886	0.010295	0.00313439	0.0117497	0.00172256	0.0011608	0.0154692	0.00205082	0.00747142	0.00755651	0.00987334	0.00297233	0.00222582	0.000328176	0.00156633
49	0.0191124	0.0830077	0.0111805	0.0190791	0.232661	0.00992225	0.0446919	0.0108503	0.0702417	0.023691	0.0132976	0.0275645	0.00294432	0.0320557	0.12287	0.0262078	0.0273494	0.0138354	0.0348412	0.174596
50	0.0106148	0.00850851	0.00353608	0.00676362	0.00506469	0.00319068	0.0142237	0.013844	0.394572	0.00887336	0.00503379	0.0288879	0.000643246	0.0385377	0.401345	0.0347168	0.00728329	0.0100705	0.000945401	0.0033452
51	0.453236	0.0424138	0.00547833	0.012404	0.00396037	0.0369003	0.00444325	0.00850397	0.00917137	0.00432446	0.00707138	0.012038	0.0117725	0.00899494	0.0079987	0.310671	0.0453661	0.0110705	0.00131957	0.00286189
52	0.0611262	0.0105691	0.0089943	0.0242417	0.00395904	0.0199362	0.0117162	0.00176834	0.0401719	0.00569124	0.0118059	0.0805604	0.00604559	0.040353	0.0413447	0.399471	0.211398	0.0193094	0.000480913	0.00105667
53	0.0423334	0.00330794	0.0235444	0.0481155	0.00231204	0.0111574	0.0192559	0.0118702	0.313608	0.0103152	0.0167553	0.0403259	0.000983959	0.0933572	0.250661	0.0515472	0.0313199	0.0173086	0.00401375	0.00790762
54	0.0132619	0.00463707	0.00227834	0.00253374	0.0188339	0.00183516	0.00294136	0.132201	0.00466995	0.521935	0.164449	0.00660216	0.00232687	0.0137455	0.0050886	0.0076113	0.0273401	0.0628624	0.00180422	0.00304243
55	0.0401025	0.047378	0.0125847	0.0220395	0.0299378	0.0240931	0.0237873	0.0306555	0.155691	0.0399213	0.0136952	0.0345649	0.00941859	0.0501415	0.281192	0.0689982	0.0462388	0.0361219	0.00548356	0.0279546
56	0.0243318	0.134028	0.0118956	0.0150678	0.0543991	0.0140937	0.0698036	0.016349	0.0200974	0.126475	0.012703	0.0182832	0.00564474	0.16311	0.0184386	0.150826	0.109849	0.0170628	0.00552358	0.0120175
57	0.0606264	0.00359038	0.066433	0.14476	0.00286694	0.0325196	0.0151237	0.00824906	0.205416	0.01403	0.0110933	0.0615034	0.0091411	0.102566	0.123216	0.072114	0.0414855	0.0163266	0.00106407	0.00787625
58	0.0367832	0.00531053	0.0206576	0.0437656	0.00233186	0.00956632	0.0176971	0.0127887	0.316497	0.0103261	0.0127197	0.0446714	0.00153095	0.0787678	0.276941	0.0549884	0.0316943	0.0154078	0.00143286	0.00612168
59	0.0165826	0.0122351	0.00147366	0.0023578	0.00380059	0.00120561	0.00204792	0.162891	0.00262394	0.459287	0.053849	0.00173507	0.000544699	0.00230603	0.0018235	0.00267913	0.00466689	0.265229	0.000425868	0.00223632
60	0.313297	0.00976105	0.028197	0.0541148	0.0162237	0.151762	0.0229495	0.0115155	0.0453424	0.0121363	0.008522	0.0246336	0.00562021	0.0252256	0.0191656	0.165807	0.0461449	0.0283269	0.00193397	0.00932035
61	0.0897036	0.0031228	0.165528	0.338014	0.000914988	0.0287513	0.0150898	0.00995381	0.0484137	0.0184239	0.00421885	0.0443956	0.00440594	0.0701916	0.0176347	0.0679378	0.0502579	0.0180298	0.00125333	0.00375853
62	0.027344	0.0135258	0.00404374	0.00773174	0.0313388	0.00452882	0.00490439	0.162214	0.0120702	0.421355	0.0692445	0.00637483	0.00201543	0.00759976	0.0135617	0.0108077	0.0226413	0.166805	0.00247188	0.00942173
63	0.0100812	0.00531173	0.000596647	0.000802325	0.0143756	0.000633818	0.00325233	0.57488	0.00127008	0.137664	0.0324509	0.000938238	0.000454717	0.00546504	0.00204083	0.00597323	0.00796076	0.191704	0.00210561	0.00203931
64	0.0128065	0.0105384	0.0359411	0.0114541	0.0638615	0.017851	0.241204	0.00583731	0.0372166	0.0184284	0.0100366	0.261506	0.00142633	0.0277725	0.0101898	0.0643095	0.0155348	0.00697295	0.00199199	0.145121
65	0.0216461	0.0231665	0.0150989	0.0279672	0.207079	0.0102491	0.105216	0.00163155	0.0459575	0.0280783	0.0219388	0.0550954	0.000476919	0.0668688	0.044113	0.0383788	0.0452114	0.0103754	0.00997023	0.221481
66	0.349278	0.195172	0.0065922	0.0124031	0.0110993	0.0617539	0.00605807	0.0354147	0.00912426	0.020849	0.00813374	0.0130234	0.0201743	0.0103714	0.00853507	0.05952	0.0661832	0.0975638	0.00224396	0.00650684
67	0.0607695	0.0117125	0.00973772	0.0269473	0.00481079	0.0205353	0.011716	0.00166375	0.0390395	0.00552226	0.0114938	0.0770165	0.00583969	0.034868	0.0418115	0.408394	0.207489	0.0190823	0.000398553	0.00115159
68	0.0271947	0.0110351	0.00443331	0.00679179	0.023152	0.00443772	0.00517459	0.45772	0.00833354	0.133163	0.0330516	0.00442313	0.00229048	0.00803625	0.00772462	0.0114653	0.0233788	0.219034	0.00202881	0.00713216
69	0.138759	0.00617247	0.0759505	0.179575	0.00175494	0.0580517	0.0293369	0.0236992	0.0255634	0.00801395	0.00390111	0.0496514	0.00349266	0.0499153	0.0130797	0.143975	0.17059	0.0135881	0.00146249	0.00346743
70	0.00948456	0.00520733	0.000350343	0.000467504	0.0128024	0.000758313	0.00333212	0.622263	0.000662548	0.090325	0.0223844	0.000497472	0.000160517	0.00487487	0.00135283	0.00582075	0.00658448	0.208723	0.00233782	0.00161052
71	0.0201024	0.0212731	0.0143562	0.0258847	0.192994	0.0118904	0.120124	0.00195941	0.0462515	0.0274641	0.0210107	0.0595107	0.000583303	0.0683596	0.0422228	0.0365595	0.0431443	0.01254	0.0149997	0.21877
72	0.00831409	0.0106099	0.00372989	0.00765581	0.488606	0.00228968	0.0134229	0.0755023	0.00865486	0.181473	0.0266368	0.00514145	0.00111608	0.00852421	0.00883614	0.0114699	0.00979621	0.0507118	0.00250531	0.075004
73	0.0386363	0.0515609	0.00558208	0.0413259	0.00442345	0.00543534	0.119695	0.0404294	0.116899	0.00698244	0.00406844	0.00772387	0.00227811	0.30472	0.0471638	0.0285259	0.0431221	0.125067	0.00142883	0.00493211
74	0.0256238	0.00417677	0.0482425	0.215698	0.00980055	0.00361493	0.0369921	0.0208655	0.0692539	0.0719192	0.0526523	0.0746299	0.00213768	0.0935783	0.10454	0.0328628	0.0575518	0.0372028	0.00178103	0.0368762
75	0.00986453	0.00488386	0.000783855	0.00170914	0.0129821	0.000438088	0.00356801	0.617872	0.00126607	0.0916368	0.0231464	0.000814399	0.000194417	0.00561732	0.00214737	0.00631639	0.00748065	0.204505	0.00265024	0.00212323
76	0.0402504	0.00128374	0.0241411	0.0611873	0.0166126	0.00162308	0.013972	0.228336	0.0464557	0.0951194	0.0318631	0.0180838	0.00245836	0.0391932	0.0473639	0.0228949	0.0689487	0.206848	0.0091207	0.0242439
77	0.0208991	0.00371323	0.397504	0.11366	0.00171439	0.0882977	0.00905877	0.00457022	0.0186664	0.00534527	0.0016337	0.175558	0.00980105	0.0226036	0.00583046	0.0671197	0.0429906	0.00797849	0.000668589	0.00238717
78	0.100922	0.00425113	0.0398876	0.126646	0.00395959	0.000731017	0.0164992	0.0598634	0.155967	0.0632533	0.022511	0.0461271	0.00730515	0.0738878	0.0700997	0.0470619	0.0968947	0.0538964	0.00284491	0.00739231
79	0.0619346	0.0111457	0.0126044	0.0317046	0.0043326	0.0245829	0.0117549	0.00177248	0.032251	0.00591085	0.00992355	0.100784	0.0079565	0.0326343	0.0343787	0.388702	0.201552	0.0218183	0.00109446	0.00316228
80	0.0493803	0.00521283	0.118837	0.278356	0.00316197	0.0549958	0.00309827	0.00243479	0.110066	0.0195683	0.00444225	0.0878493	0.000291415	0.108994	0.0384791	0.0574308	0.0385451	0.012611	0.000176042	0.00607041
81	0.0040411	0.0140946	0.00207528	0.00521569	0.551525	0.00174981	0.00342792	0.112331	0.00319162	0.146698	0.0157978	0.00396844	0.000874739	0.00303605	0.00278465	0.00713313	0.00386683	0.0794685	0.000836694	0.0378821
82	0.00875638	0.0842005	0.00348045	0.0163608	0.0275033	0.00403376	0.0159485	0.0531698	0.0171851	0.00484811	0.0297088	0.0168303	0.0015608	0.00521143	0.0180072	0.121773	0.184536	0.354884	0.00123628	0.030765
83	0.00913811	0.0049941	0.000323308	0.000408991	0.012941	0.000434331	0.00334748	0.626695	0.000473842	0.0912847	0.0227448	0.000441444	0.000148849	0.00489276	0.0012231	0.00588	0.00626264	0.20442	0.00232815	0.00161719
84	0.0660321	0.0112377	0.00787116	0.0244046	0.00388131	0.0201324	0.00973266	0.00137288	0.035934	0.00565109	0.0121257	0.0723177	0.00584936	0.0337723	0.0383339	0.421793	0.209365	0.0193092	0.000257097	0.000627127
85	0.0381769	0.00970928	0.0229673	0.04371	0.0151077	0.0260547	0.0202852	0.0233998	0.223844	0.0271344	0.0161996	0.0403062	0.00663624	0.0657383	0.286745	0.0501322	0.0376732	0.026564	0.00300424	0.0166119
86	0.100771	0.00416451	0.0384111	0.126381	0.00341365	0.0014587	0.0161936	0.0582806	0.154264	0.0585595	0.0214982	0.0449785	0.00659411	0.0754961	0.0782728	0.0493768	0.0977356	0.0535691	0.00281298	0.00776809
87	0.305332	0.0367191	0.00602218	0.00471827	0.00688603	0.0764341	0.00545738	0.121146	0.0065255	0.0363569	0.0078386	0.00640397	0.00924568	0.0108473	0.00892345	0.0497119	0.0613231	0.230598	0.000684331	0.0088257
88	0.0216378	0.0232355	0.0152034	0.0278511	0.207038	0.0102574	0.105326	0.00158932	0.045787	0.0280179	0.0218997	0.055476	0.000486322	0.0665283	0.0443424	0.0385027	0.0451835	0.0103857	0.00997185	0.221279
89	0.00897079	0.00896815	0.00227164	0.00412396	0.00529979	0.00262793	0.0141783	0.0140394	0.399849	0.00882615	0.0045116	0.0278208	0.000645012	0.0354185	0.408652	0.0340832	0.00584942	0.0097271	0.00100508	0.00313238
90	0.00967833	0.00511787	0.278334	0.0447674	0.00238506	0.0910196	0.0119971	0.00220676	0.0143929	0.00309121	0.00117928	0.29969	0.00134517	0.0221923	0.00532811	0.145297	0.0499691	0.00645222	0.00129885	0.00425798
91	0.00752344	0.0112438	0.0227331	0.0274785	0.00199564	0.216394	0.023575	0.00449792	0.0188567	0.00342681	0.00222995	0.372053	0.00104689	0.0299119	0.00324588	0.21218	0.03245	0.00353748	0.000897734	0.00472228
92	0.0652377	0.0111376	0.00779514	0.024314	0.00376945	0.0198912	0.00984479	0.0013722	0.0360611	0.0056894	0.0120348	0.073124	0.00588129	0.0344759	0.0384157	0.4202	0.210375	0.019502	0.000254861	0.00062416
93	0.0695173	0.0145275	0.0111146	0.0284762	0.00391484	0.0210193	0.0102294	0.00400494	0.0303103	0.00731132	0.0101766	0.07573	0.00494393	0.0312237	0.0311979	0.392718	0.229529	0.0210451	0.000732183	0.00227743
94	0.0453432	0.011978	0.0233629	0.0701181	0.0616869	0.00745229	0.0706473	0.00381501	0.211441	0.0075946	0.00670939	0.0435278	0.00124794	0.107076	0.096353	0.0618018	0.0343962	0.0574342	0.00448866	0.0735259
95	0.0103705	0.0101012	0.00558782	0.00735684	0.279911	0.00383117	0.025593	0.0682477	0.0145605	0.090861	0.0133431	0.0113037	0.0013384	0.0140578	0.0138833	0.0136109	0.0134938	0.0597054	0.00666852	0.336175
96	0.0218007	0.0231848	0.0151506	0.028979	0.205805	0.0100656	0.103649	0.00168881	0.045878	0.0283298	0.022208	0.0544317	0.000497861	0.0680487	0.0444929	0.0377283	0.0460927	0.0101775	0.00972296	0.222068
97	0.00913811	0.0049941	0.000323308	0.000408991	0.012941	0.000434331	0.00334748	0.626695	0.000473842	0.0912847	0.0227448	0.000441444	0.000148849	0.00489276	0.0012231	0.00588	0.00626264	0.20442	0.00232815	0.00161719
98	0.00474509	0.00119111	0.520972	0.0474122	0.000921493	0.0297235	0.00503801	0.00129378	0.00346594	0.00177061	0.00101426	0.25855	0.000778405	0.0166082	0.00153856	0.0758602	0.0255187	0.00171123	0.000360043	0.00152664
99	0.0362338	0.00338635	0.220472	0.0950604	0.00296207	0.331938	0.0228203	0.00466828	0.0478224	0.00479983	0.00305193	0.147039	0.00142838	0.00611389	0.00393677	0.0354941	0.0231157	0.00542755	0.00116997	0.00305873
100	0.0486259	0.0090445	0.0127386	0.0232812	0.0039158	0.0167275	0.0135172	0.00250269	0.0444678	0.00615649	0.0134234	0.0972539	0.00771796	0.0471172	0.0435877	0.361455	0.223759	0.0225514	0.000618731	0.00153871
101	0.0165351	0.0161428	0.011326	0.020191	0.263683	0.00774813	0.0814728	0.00810302	0.0373904	0.0594127	0.0176563	0.037592	0.000719539	0.071596	0.0307252	0.0355361	0.0355553	0.0117339	0.00783507	0.229045
102	0.0530367	0.00159937	0.0303179	0.0649069	0.000643979	0.013709	0.0189738	0.0127531	0.281029	0.0108021	0.0164059	0.0475086	0.00112387	0.101629	0.2238	0.0563815	0.0406872	0.0173985	0.00115541	0.00613841
103	0.0329709	0.00362627	0.22545	0.488041	0.000724387	0.0137573	0.00915356	0.00993759	0.0242125	0.0161577	0.00232631	0.0338561	0.000530035	0.0635831	0.00309119	0.0296891	0.0227804	0.0179818	0.000346157	0.00178512
104	0.020397	0.00973509	0.000752832	0.00206258	0.0174969	0.00271874	0.00422552	0.478582	0.00330819	0.161105	0.0336194	0.00180899	0.00126611	0.00402285	0.00260403	0.00505597	0.0180813	0.227346	0.00164772	0.004164
105	0.0884733	0.00981292	0.024485	0.0365922	0.0108319	0.0578211	0.0239279	0.0469852	0.0385199	0.0946785	0.0829165	0.0597812	0.00234797	0.0769071	0.0390065	0.122193	0.119717	0.0556867	0.00342779	0.00588802
106	0.117084	0.00494889	0.0422766	0.123074	0.00326315	0.00083048	0.0137417	0.0558925	0.140335	0.0648561	0.0224273	0.0507216	0.00660399	0.0794674	0.0656348	0.0521672	0.0916538	0.0528446	0.00342247	0.00875489
107	0.0303023	0.0207411	0.00298021	0.0116708	0.0665363	0.00331719	0.00651623	0.108221	0.0273431	0.466143	0.0769992	0.00514741	0.00110736	0.00723796	0.0312137	0.0135892	0.0292883	0.0678185	0.00299976	0.020828
108	0.0196884	0.00931248	0.00311536	0.00478577	0.0285638	0.00214373	0.00438527	0.12587	0.00941766	0.5001	0.126645	0.00609988	0.00237265	0.0115791	0.0105503	0.00894296	0.0285386	0.0887041	0.00227141	0.00691287
109	0.0375226	0.00338819	0.0249223	0.0449425	0.00188341	0.0152999	0.0166685	0.0136822	0.300718	0.0122993	0.0145573	0.0395783	0.00105156	0.0970613	0.269549	0.0487463	0.0302615	0.016651	0.00137296	0.00984405
110	0.0466266	0.00844281	0.0242005	0.0757466	0.035141	0.00800322	0.0611966	0.00405547	0.248084	0.00467623	0.00559732	0.0423918	0.000979627	0.116123	0.118827	0.0601004	0.0317984	0.056544	0.00369732	0.0477686
111	0.0129389	0.00270354	0.103114	0.0316839	0.00150842	0.692411	0.017868	0.00283871	0.0222775	0.00213002	0.00133506	0.0646066	0.00112874	0.00735883	0.00452183	0.0175845	0.00955765	0.00247992	0.000524911	0.00142851
112	0.00918701	0.00500781	0.000323733	0.000410941	0.0129374	0.000449879	0.00334356	0.626427	0.000475377	0.0912124	0.0227261	0.000444333	0.000152369	0.00488665	0.00122654	0.00587923	0.00627493	0.204679	0.00232398	0.00163102
113	0.0459565	0.0147628	0.127647	0.0650231	0.0463796	0.028145	0.0680952	0.0201644	0.0538267	0.0309264	0.0151785	0.121452	0.0108576	0.0473659	0.0365909	0.0951456	0.0477349	0.0259184	0.00780879	0.0910214
114	0.0181292	0.00675508	0.00300004	0.00439258	0.0295294	0.00212933	0.00299045	0.114565	0.0080421	0.545909	0.145685	0.00668447	0.00239703	0.0117425	0.00904127	0.00850237	0.0301182	0.0434862	0.00159679	0.00530373
115	0.0226355	0.003574	0.201535	0.193373	0.00495885	0.00950439	0.0164402	0.0138961	0.0527832	0.018225	0.00380582	0.192794	0.0218534	0.0580512	0.032968	0.0596852	0.0646256	0.0240883	0.000905161	0.00429863
116	0.013092	0.0108581	0.0293614	0.0117597	0.047636	0.0197716	0.303912	0.0065123	0.0340296	0.0231614	0.00885103	0.23822	0.00148833	0.0240051	0.00677653	0.0577038	0.0182597	0.00683153	0.00326352	0.134506
117	0.0213853	0.012646	0.0338622	0.0241242	0.0236948	0.0496012	0.112778	0.0315243	0.0580465	0.0166728	0.00783466	0.370237	0.00409056	0.0268105	0.0162786	0.103182	0.0221331	0.0102831	0.00215529	0.0526595
118	0.0330152	0.00619425	0.016938	0.0360404	0.00581874	0.0107704	0.0181428	0.0164301	0.311399	0.0160607	0.0120192	0.0370196	0.00495869	0.0677628	0.30712	0.0458835	0.0276961	0.0181025	0.00139412	0.00723396
119	0.00873908	0.012651	0.0075913	0.00941491	0.496438	0.00410287	0.0207201	0.0633306	0.0114264	0.123092	0.0167887	0.0141512	0.00169701	0.0123454	0.0117326	0.0139323	0.00981498	0.0435733	0.00399306	0.114465
120	0.0311612	0.0172845	0.00553115	0.0162744	0.0550115	0.00379093	0.00690624	0.116664	0.0317733	0.436879	0.0786004	0.00783391	0.00146282	0.0133802	0.0365818	0.0153445	0.0324812	0.0720441	0.00310164	0.0178931
121	0.0156348	0.00387119	0.0194957	0.00655667	0.00115528	0.868828	0.00908683	0.00672258	0.0112642	0.00249246	0.00136696	0.0155624	0.00215784	0.00775597	0.00734761	0.0106926	0.00403518	0.00438518	0.000421272	0.00116685
122	0.0432412	0.00621019	0.164998	0.403807	0.00430634	0.0244427	0.0101572	0.0150233	0.0463718	0.0239152	0.00707728	0.0464984	0.0062446	0.0693949	0.019729	0.042229	0.0374284	0.0216798	0.00216398	0.00508247
123	0.0242372	0.00931511	0.00221559	0.0038257	0.02099	0.00459911	0.00431416	0.506217	0.00478429	0.113628	0.0273977	0.00259288	0.00136734	0.00574046	0.00408495	0.0111856	0.0187961	0.227556	0.0019886	0.00516407
124	0.0427569	0.00592499	0.161022	0.412835	0.00461424	0.0215864	0.0104616	0.0135601	0.0494914	0.0236903	0.00714635	0.0470849	0.00455795	0.0699885	0.0214028	0.0409847	0.032168	0.0225388	0.00285105	0.00533458
125	0.0800116	0.00813467	0.0353865	0.0693617	0.00679531	0.0256483	0.0270735	0.0333587	0.07929	0.0675337	0.0526933	0.0663292	0.00313242	0.100904	0.0815022	0.131708	0.082497	0.0353256	0.00281407	0.0105001
126	0.0133003	0.00677241	0.000881642	0.00223302	0.0198062	0.00102336	0.00405969	0.530716	0.00247526	0.150725	0.0324737	0.00137406	0.00068079	0.00512681	0.00304544	0.00590515	0.0117773	0.20163	0.00216164	0.00383288
127	0.528537	0.0518647	0.00153446	0.00674691	0.00119569	0.021366	0.00153649	0.00669018	0.00228071	0.00214307	0.0064766	0.00220674	0.0132265	0.00225964	0.00188199	0.329792	0.0160981	0.00242823	0.000601229	0.00113412
128	0.00968874	0.00382813	0.00305319	0.00213317	0.0171931	0.00180019	0.00299865	0.0859352	0.0046929	0.585622	0.183016	0.00820001	0.00164863	0.0201311	0.00460473	0.00918323	0.0300297	0.0204612	0.00318474	0.00259587
129	0.0395095	0.0122733	0.0135031	0.0212869	0.0361274	0.0146496	0.0138982	0.121166	0.0311426	0.294161	0.136808	0.0228889	0.00659028	0.0328945	0.0326385	0.0333155	0.0503106	0.0666058	0.00418737	0.0160432
130	0.0362297	0.0129277	0.0422692	0.0551921	0.0055878	0.0191344	0.027905	0.0061442	0.233705	0.0062464	0.0113533	0.0447092	0.189796	0.0778139	0.0690578	0.0754575	0.0666536	0.0148591	0.00117188	0.00378657
131	0.413973	0.0447671	0.0021753	0.00600981	0.00450927	0.018063	0.00530161	0.0119391	0.00599859	0.00318467	0.00561428	0.00571713	0.19164	0.00389096	0.00289356	0.248682	0.0188786	0.00392713	0.00072796	0.0021064
132	0.0391095	0.0040367	0.020647	0.0432838	0.00452247	0.0101986	0.0168697	0.0131582	0.305381	0.0205019	0.0208877	0.0377395	0.0014215	0.076742	0.276062	0.0450156	0.0352338	0.0206675	0.00140609	0.00711536
133	0.504523	0.00965501	0.00594606	0.00482334	0.00164467	0.270685	0.00846687	0.00595119	0.0232776	0.00286276	0.00166991	0.0169206	0.00107045	0.00336289	0.00247247	0.10432	0.0249903	0.0047987	0.000782561	0.00177582
134	0.00709201	0.0104052	0.0227729	0.0297194	0.00215173	0.213091	0.0251293	0.00445587	0.0183675	0.0034405	0.00223256	0.37438	0.00110933	0.0326965	0.00318919	0.20845	0.0321203	0.00364155	0.000920734	0.00463401
135	0.030181	0.00441391	0.168677	0.537502	0.00143319	0.0234991	0.00670164	0.00809813	0.0306194	0.0145328	0.00549049	0.0262554	0.000467805	0.0677597	0.00250128	0.0341768	0.0179391	0.0176683	0.000504548	0.00157845
136	0.0236657	0.0141352	0.301549	0.245707	0.00290329	0.0412296	0.00368281	0.0181932	0.00965886	0.0138837	0.00328867	0.0465681	0.0703088	0.03208	0.0069043	0.0387357	0.0921303	0.0287928	0.00138439	0.00519852
137	0.0128443	0.00433902	0.0174368	0.00555197	0.00144198	0.868696	0.00981847	0.00387194	0.0121466	0.00241163	0.00139346	0.0178254	0.00230829	0.00843149	0.00875229	0.0124736	0.00506231	0.0031818	0.00039202	0.00162028
138	0.0166794	0.0109397	0.00380231	0.00595924	0.0463521	0.0027083	0.00388588	0.0913173	0.013068	0.524886	0.14782	0.00804087	0.00197368	0.0134061	0.0156588	0.0119195	0.0306789	0.0373959	0.00400228	0.00950544
139	0.0316162	0.0127428	0.00362675	0.00785596	0.0386493	0.00385836	0.00526528	0.191474	0.0114903	0.387242	0.0648162	0.00535158	0.00201612	0.0075036	0.0117268	0.00923442	0.0229023	0.170667	0.00184223	0.0101189
140	0.0484563	0.00621338	0.14842	0.397216	0.00349862	0.0245201	0.0114954	0.0149557	0.0515783	0.0259504	0.00803755	0.047194	0.0065082	0.0699714	0.0226247	0.0468124	0.035902	0.0222221	0.00181564	0.00660736
141	0.00213343	0.00122356	0.00115838	0.00129877	0.182422	0.00109278	0.00124865	0.0054306	0.0016177	0.00168701	0.00117337	0.00159267	0.000511396	0.00150471	0.00161844	0.00238229	0.00449898	0.00283871	0.0134616	0.771105
142	0.0140239	0.00592702	0.00257027	0.00316304	0.0238502	0.00192346	0.0028301	0.121207	0.00639947	0.55505	0.145672	0.0062974	0.0021349	0.0129035	0.00639455	0.00792551	0.0281875	0.0476768	0.00198228	0.00388043
143	0.0373709	0.00440508	0.201617	0.432641	0.00156979	0.0215025	0.00957379	0.00807009	0.0382942	0.0170205	0.00385431	0.0522817	0.00330923	0.0660877	0.0118626	0.0410668	0.029739	0.0157947	0.000439287	0.00350023
144	0.030282	0.00439696	0.251893	0.350151	0.00180276	0.0252454	0.00996868	0.00781885	0.0340358	0.015537	0.00332441	0.0913745	0.00735056	0.0577717	0.0119426	0.0447847	0.0338116	0.0151592	0.000509278	0.00283986
145	0.0103358	0.00586997	0.000497976	0.00100828	0.0127494	0.000563711	0.00353651	0.578266	0.000971407	0.127975	0.026548	0.000685779	0.000265064	0.00471019	0.00145884	0.00562705	0.00748835	0.207403	0.00208919	0.00195035
146	0.00944565	0.00525269	0.000359848	0.000445717	0.012987	0.000831978	0.00331593	0.622191	0.000704499	0.0903544	0.0229458	0.000491485	0.000198395	0.00487607	0.00132358	0.00591162	0.00693373	0.2074	0.00230246	0.00172798
147	0.0162597	0.00389589	0.0192236	0.00928128	0.00151331	0.856043	0.00933002	0.00365766	0.0135396	0.00228258	0.00186348	0.0172193	0.00233026	0.00909543	0.0100691	0.0135401	0.00548594	0.00321748	0.000433256	0.00171935
148	0.0558253	0.0373888	0.00347404	0.00610949	0.00281867	0.00501931	0.00361847	0.00334282	0.0157896	0.00435439	0.00404541	0.0273526	0.0018551	0.0098857	0.00764041	0.346316	0.444915	0.0171914	0.000887252	0.00217015
149	0.035045	0.0136687	0.0371228	0.0518648	0.0109364	0.037381	0.0259321	0.00210363	0.0208401	0.00946964	0.00149744	0.256771	0.00440072	0.0339826	0.0297063	0.220804	0.151559	0.0404028	0.00591452	0.0105984
150	0.0425897	0.00234011	0.0285614	0.054827	0.00311562	0.0141698	0.0220252	0.0107745	0.281954	0.0103635	0.0140254	0.043839	0.000913066	0.11666	0.232677	0.0501619	0.0349467	0.0211623	0.00159902	0.0132947
151	0.00684559	0.00172077	0.00546586	0.00714685	0.46776	0.00122733	0.0347484	0.0274663	0.0119704	0.122536	0.0145798	0.00215216	0.00048848	0.0159104	0.00969841	0.0142418	0.00349627	0.0163707	0.00465894	0.231516
152	0.0410639	0.00140041	0.0238628	0.061573	0.0162579	0.00175558	0.0135319	0.225775	0.0563261	0.0950177	0.0306225	0.019345	0.00250742	0.0397959	0.0471285	0.0222562	0.0659797	0.203971	0.00861837	0.0232108
153	0.0974081	0.00848224	0.0495	0.281111	0.00499534	0.0339697	0.00396324	0.025038	0.0476377	0.0396033	0.00382543	0.0333509	0.111667	0.115129	0.0235354	0.0181959	0.0509788	0.0344724	0.00147595	0.0156597
154	0.124814	0.0392513	0.0661996	0.0995013	0.0236424	0.0430551	0.00980472	0.02812	0.0591829	0.0315146	0.010948	0.021327	0.109317	0.123178	0.0555751	0.0754484	0.0362392	0.0321635	0.00146825	0.00925015
155	0.0432706	0.0107957	0.00213891	0.00778646	0.0275107	0.00417803	0.00881082	0.343794	0.00916664	0.179523	0.0777665	0.00762716	0.00537113	0.00511177	0.00794782	0.00771564	0.0628497	0.177567	0.00148993	0.00957911
156	0.032661	0.0042124	0.208604	0.503591	0.000644921	0.0129925	0.00941713	0.00729192	0.0224169	0.0198751	0.00219795	0.0372917	0.000501029	0.0634097	0.0024786	0.0313577	0.0238334	0.0150916	0.000324922	0.00180731
157	0.0453322	0.0111305	0.00290126	0.0114777	0.0355684	0.00372312	0.0103231	0.22759	0.0154353	0.273483	0.0737692	0.00728468	0.00491553	0.00580451	0.0113063	0.0066738	0.0597944	0.176505	0.00125985	0.0157219
158	0.0317545	0.0041423	0.21247	0.491357	0.000710032	0.0128494	0.00966	0.00736378	0.0234237	0.0198322	0.0020099	0.0428588	0.000892775	0.0633432	0.00325434	0.0327921	0.0241047	0.0149555	0.000325756	0.0018999
159	0.118065	0.00542511	0.0420676	0.117028	0.0034059	0.00249429	0.0134699	0.0555828	0.129577	0.0681442	0.0246625	0.0517956	0.00623189	0.0822979	0.0644105	0.056593	0.0906956	0.0545947	0.00366802	0.00979156
160	0.0305642	0.0214891	0.00309048	0.0115156	0.0670765	0.00338745	0.00671472	0.106471	0.0279033	0.463963	0.076377	0.00532816	0.00122699	0.00798503	0.031309	0.0150481	0.0286652	0.0673792	0.00301991	0.0214857
161	0.0611417	0.0152837	0.0530679	0.0827214	0.00588131	0.0434719	0.0211293	0.0105811	0.0145354	0.00648185	0.00271286	0.169801	0.00324678	0.0544177	0.0184132	0.210681	0.188183	0.0286807	0.00320454	0.00636426
162	0.0326067	0.00421116	0.209207	0.504192	0.00063745	0.0128333	0.00944818	0.00730725	0.0220975	0.0198467	0.0021863	0.0371278	0.000498524	0.0631871	0.00234037	0.0312172	0.0238348	0.0151084	0.000324921	0.00178683
163	0.0926547	0.00369593	0.0384054	0.126964	0.00526585	0.000919337	0.0154096	0.097433	0.123448	0.0697971	0.0228717	0.037898	0.00538128	0.0758582	0.0660965	0.0415097	0.0834057	0.0775505	0.00393505	0.0115002
164	0.0812931	0.0105993	0.0261048	0.0337171	0.012032	0.047323	0.0232292	0.054685	0.0368128	0.113635	0.0933439	0.0619278	0.00168881	0.0753297	0.0421252	0.110036	0.114569	0.0511237	0.00390702	0.00651793
165	0.0303543	0.00440955	0.169783	0.536232	0.00141259	0.0231612	0.0067491	0.00820518	0.0295708	0.0146641	0.00526603	0.0264389	0.000451595	0.0687065	0.00253295	0.0339623	0.0181247	0.017918	0.00049956	0.00155776
166	0.0610671	0.00406906	0.0266284	0.0579899	0.00947867	0.0122063	0.0250329	0.0121666	0.250084	0.0137219	0.0201034	0.0405384	0.00202482	0.124529	0.169877	0.0706989	0.0362895	0.0391321	0.00208337	0.0222782
167	0.0694242	0.00941062	0.0231769	0.0448411	0.0108102	0.0422566	0.0255606	0.0601466	0.0395571	0.134613	0.0823633	0.0588526	0.00181017	0.0689155	0.0547959	0.0929855	0.0920012	0.0638058	0.010623	0.0140496
168	0.137838	0.00621722	0.074682	0.175763	0.00180595	0.0576183	0.0297209	0.0229801	0.026484	0.00812167	0.00379067	0.0551351	0.00374428	0.049608	0.0136985	0.145492	0.167781	0.0141363	0.00165891	0.00372467
169	0.0650831	0.00253746	0.0319684	0.0748583	0.00161714	0.0114422	0.0177139	0.0234128	0.250933	0.0211329	0.0236888	0.0466792	0.00285686	0.0917006	0.195995	0.0585502	0.0483418	0.0230409	0.00171721	0.00672948
170	0.0305162	0.0207655	0.00296433	0.0116916	0.0662832	0.00325473	0.00656952	0.108914	0.0271459	0.466456	0.0768327	0.0050751	0.00116263	0.00715335	0.0306931	0.0133511	0.0294332	0.0681572	0.00300068	0.02058
171	0.051521	0.00160452	0.0304409	0.0638647	0.000716779	0.0135749	0.0194315	0.0123744	0.281181	0.0106273	0.0161388	0.0470403	0.00109229	0.103782	0.225718	0.0549572	0.0406589	0.0173984	0.0012006	0.00667636
172	0.0459333	0.0143221	0.00187471	0.0116142	0.0530523	0.00258438	0.013479	0.169918	0.0199555	0.354681	0.0860731	0.00702405	0.00445312	0.00506059	0.0205382	0.00963986	0.0507135	0.112054	0.00155782	0.0154714
173	0.298444	0.0153258	0.00861465	0.00706753	0.00587105	0.0350805	0.0338072	0.0987007	0.00673137	0.0407805	0.00653848	0.00777659	0.00613278	0.0109977	0.0116717	0.11602	0.0556933	0.20915	0.00171878	0.0238773
174	0.053078	0.00509591	0.11428	0.279575	0.00320806	0.0522888	0.00361504	0.00407684	0.10528	0.0224703	0.00502711	0.0833308	0.00378597	0.109676	0.0389426	0.0547069	0.038907	0.014873	0.000284799	0.00749829
175	0.0526859	0.00167605	0.0301929	0.0648369	0.000691481	0.0139165	0.0192471	0.0126103	0.28063	0.0107222	0.0165248	0.0478899	0.001093	0.102288	0.222957	0.0567779	0.0403559	0.0173445	0.00118812	0.00637224
176	0.0308024	0.00463269	0.227088	0.45465	0.00105485	0.014208	0.0113118	0.00819057	0.0243215	0.0173246	0.00228745	0.0470698	0.00375644	0.0634901	0.00437675	0.035976	0.0286672	0.0153266	0.0006055	0.0048597
177	0.0408205	0.00743149	0.00679124	0.00952566	0.050573	0.00783294	0.00866877	0.0156757	0.120508	0.215955	0.101719	0.0121466	0.00333044	0.0111773	0.268783	0.017178	0.0472507	0.0369774	0.00232065	0.0153346
178	0.0316853	0.00237497	0.183674	0.204277	0.00497528	0.0163724	0.0167744	0.00713928	0.0799624	0.0138413	0.00207936	0.189449	0.0129736	0.0781705	0.0349466	0.060249	0.0442586	0.0133995	0.000342953	0.0030539
179	0.122009	0.00507345	0.0453217	0.125338	0.00304725	0.00282101	0.0135692	0.0535968	0.13613	0.0624864	0.0213164	0.0503015	0.00708797	0.0787996	0.0638836	0.0560817	0.0898903	0.0511593	0.00344201	0.00864467
180	0.366427	0.0913482	0.00770654	0.00669913	0.0159061	0.0620518	0.00327156	0.0735815	0.00363273	0.0427207	0.00978035	0.0144938	0.0273062	0.00994561	0.00446737	0.0439392	0.0617762	0.149498	0.00077311	0.0046749
181	0.0386249	0.00212917	0.0218681	0.0606732	0.0203028	0.00185725	0.0125507	0.227564	0.0409118	0.129309	0.0326227	0.0149577	0.00232565	0.0393351	0.0384856	0.0191479	0.0590963	0.20674	0.00758013	0.0239185
182	0.169863	0.000931504	0.103685	0.159506	0.000647447	0.0511207	0.0225471	0.0124218	0.0805356	0.018735	0.00795681	0.0376049	0.010381	0.0646576	0.0377849	0.120712	0.0769657	0.0153486	0.0027087	0.00588683
183	0.00663663	0.00204218	0.00563216	0.00690494	0.477966	0.00119921	0.0326912	0.0284884	0.0113519	0.12089	0.0145705	0.00211808	0.000525745	0.0149023	0.00949698	0.0141528	0.00342567	0.0168372	0.00465096	0.225517
184	0.0177973	0.0121377	0.00137943	0.00240702	0.00501666	0.00125693	0.0024476	0.162681	0.00277641	0.459785	0.0569728	0.00185366	0.000723852	0.00231725	0.00213729	0.00276859	0.00651857	0.256384	0.000416483	0.00222191
185	0.0528693	0.00161115	0.0304047	0.0651644	0.000637886	0.0137152	0.0190271	0.0127711	0.280626	0.0107829	0.016458	0.0476542	0.00111133	0.101884	0.223376	0.0566142	0.0406884	0.0172936	0.00116057	0.00614963
186	0.105056	0.00460138	0.0404698	0.121081	0.00423896	0.00158912	0.01502	0.0576728	0.149093	0.0665769	0.0242603	0.0492981	0.00671683	0.0764305	0.0686335	0.0503772	0.0943536	0.0534356	0.00309806	0.00799744
187	0.0427616	0.00531477	0.113235	0.35188	0.00701879	0.0314757	0.00826062	0.0106449	0.0881078	0.0267264	0.0144371	0.052373	0.00185706	0.09886	0.0283846	0.0457022	0.0364883	0.0283249	0.000747538	0.00739993
188	0.13616	0.00770224	0.00906505	0.0135382	0.00901796	0.00666074	0.0353501	0.0378139	0.174604	0.0663703	0.00910256	0.179697	0.00437735	0.0217909	0.172393	0.0204946	0.0214389	0.0141143	0.00235111	0.0579581
189	0.0534888	0.00502545	0.117718	0.274536	0.00300641	0.0547558	0.00372683	0.00286269	0.109756	0.0203293	0.00466201	0.0843806	0.000680165	0.106907	0.0379456	0.0607438	0.0403026	0.0127774	0.000294821	0.00610084
190	0.0465119	0.00521028	0.031044	0.0808914	0.0207158	0.0122956	0.046402	0.00599981	0.259845	0.00664806	0.00840654	0.0461077	0.000988735	0.11933	0.148459	0.0522896	0.0342978	0.0426556	0.00303787	0.0288638
191	0.0352998	0.0052421	0.196936	0.471505	0.00102428	0.0177227	0.00859438	0.00683103	0.0321396	0.0200315	0.00264328	0.0430628	0.000782407	0.0717165	0.00688318	0.035704	0.0260464	0.0149323	0.000358214	0.00254416
192	0.0494005	0.00520046	0.119024	0.277945	0.00316461	0.0549792	0.00310805	0.00245619	0.110089	0.0195785	0.0044573	0.0881456	0.000302716	0.10891	0.0384781	0.0574175	0.038544	0.0125884	0.000176042	0.00603494
