215	20
1	0.0367913	0.0246288	0.000807764	0.000528676	0.0779033	0.00407816	0.000733243	0.29723	0.00132213	0.217655	0.0711914	0.00522284	0.0142068	0.00554464	0.00212799	0.00424502	0.0252969	0.19879	0.0107419	0.00095381
2	0.0624583	0.0121855	0.0061932	0.0580557	0.0018954	0.0252064	0.00103438	0.00746725	0.346737	0.00341519	0.00298952	0.00331536	0.0113038	0.0916151	0.176465	0.105787	0.059642	0.00305638	0.0139015	0.00727634
3	0.119592	0.0676772	0.0687549	0.0214588	0.00946276	0.0650721	0.00781561	0.0147516	0.00870603	0.0145249	0.0331052	0.0739225	0.0141399	0.0114361	0.0177897	0.204634	0.138497	0.0973377	0.00409479	0.00722665
4	0.0206009	0.00790304	0.0441989	0.0262098	0.0172095	0.046872	0.173347	0.0129634	0.0551521	0.020239	0.0315585	0.0342987	0.0705265	0.0790552	0.130867	0.100898	0.0664572	0.0415723	0.00526404	0.0148066
5	0.0416386	0.0797046	0.00966746	0.00623451	0.100676	0.128983	0.015696	0.0394127	0.0160081	0.177205	0.0251041	0.0148527	0.0178739	0.00951218	0.0956849	0.0257747	0.132426	0.0314481	0.0154993	0.0165975
6	0.278233	0.00287678	0.00281918	0.00210989	0.0261413	0.076602	0.00242668	0.0637116	0.019543	0.0862921	0.0652513	0.0028589	0.0384828	0.00231339	0.0248445	0.0807248	0.0852369	0.100897	0.020824	0.0178111
7	0.0688137	0.0136439	0.00691558	0.0682627	0.00192457	0.0257451	0.00105597	0.00811898	0.34754	0.00260996	0.00215648	0.00110614	0.0128878	0.0948049	0.15446	0.109855	0.0574799	0.00283913	0.0134891	0.00629173
8	0.0434259	0.00219177	0.000360127	0.000357414	0.0570003	0.00514755	0.000904368	0.260586	0.0043173	0.309438	0.042053	0.00166494	0.00185762	0.000936065	0.00725317	0.00313321	0.0135098	0.241935	0.00126496	0.0026636
9	0.0795554	0.019105	0.00186865	0.000556142	0.0871429	0.0232209	0.000872519	0.217734	0.00256349	0.225134	0.0367993	0.00156958	0.00625333	0.00170119	0.00335244	0.014345	0.0299245	0.244566	0.00227358	0.00146265
10	0.0039432	0.00149684	0.00102522	0.0120602	0.00192768	0.00827334	0.00103436	0.00254198	0.284646	0.0156171	0.0126134	0.0506249	0.00132871	0.0192845	0.504431	0.0357501	0.0350568	0.00477022	0.00191999	0.00165467
11	0.0333939	0.0304901	0.0231643	0.0245944	0.10659	0.00826883	0.0921476	0.106441	0.0528339	0.0795368	0.00945607	0.0293241	0.0298192	0.0302324	0.0636785	0.104169	0.0672015	0.0636192	0.00829955	0.0367388
12	0.0307682	0.0213047	0.0103915	0.00642348	0.0951057	0.0104549	0.123958	0.164122	0.0202282	0.0756364	0.0192553	0.0255697	0.0125133	0.0156258	0.0599517	0.0249588	0.0171475	0.0714403	0.018122	0.177022
13	0.0947226	0.00472239	0.0027975	0.00236741	0.0267498	0.0252353	0.0027047	0.06056	0.103642	0.382527	0.118824	0.00458751	0.00419317	0.00327429	0.0334555	0.021887	0.0442211	0.0521377	0.00809408	0.00329586
14	0.0152438	0.0620293	0.00606875	0.00618437	0.117272	0.00655307	0.15068	0.070546	0.0114745	0.115679	0.00643558	0.0579938	0.00752862	0.00871435	0.105617	0.0484691	0.0297159	0.0141176	0.0411035	0.118575
15	0.037013	0.0121442	0.420903	0.0517104	0.0125074	0.0499621	0.0243752	0.0146005	0.015014	0.0211808	0.00749107	0.129156	0.0213364	0.0201837	0.0263449	0.0512853	0.0319523	0.0371019	0.00522437	0.0105137
16	0.0546281	0.0253464	0.00939232	0.00848696	0.0587351	0.0686075	0.0179459	0.059844	0.0161487	0.184878	0.0528441	0.0112404	0.0131261	0.0187507	0.0316241	0.0256272	0.0248308	0.06772	0.232607	0.0176164
17	0.0460042	0.0038645	0.000388921	0.000304555	0.0635258	0.00550012	0.00080215	0.265668	0.00328859	0.300629	0.0426477	0.00131089	0.0025612	0.000902826	0.00565419	0.00327372	0.0140167	0.235888	0.00159925	0.00216954
18	0.0879111	0.0202167	0.00278874	0.00294136	0.0438679	0.0200486	0.00354378	0.196876	0.00547191	0.169636	0.0845012	0.00677929	0.0133891	0.0377518	0.00802703	0.00980299	0.0217586	0.166101	0.0948545	0.00373277
19	0.0461867	0.0272869	0.00152356	0.00047092	0.0843159	0.0107642	0.00110328	0.281159	0.00140972	0.201942	0.0558926	0.00361318	0.0109291	0.00363518	0.00205891	0.00913993	0.0252028	0.223717	0.00770594	0.00194368
20	0.0557078	0.00601561	0.000685393	0.000323435	0.0645453	0.0118146	0.00101266	0.245879	0.00295048	0.277512	0.0380751	0.00117652	0.00265563	0.00092905	0.00494746	0.00618875	0.0159365	0.260614	0.00112461	0.00190624
21	0.0949057	0.0329219	0.00323856	0.000545689	0.106832	0.042731	0.00105059	0.147152	0.00106076	0.180488	0.0257014	0.000577491	0.00566398	0.00141633	0.00112557	0.0273048	0.0349014	0.291276	0.000484188	0.000623025
22	0.0362631	0.0136968	0.0010388	0.000869458	0.0680873	0.00530432	0.00154282	0.254075	0.00618361	0.269557	0.0875274	0.00480923	0.00888646	0.00386152	0.00676612	0.00625406	0.0291295	0.185134	0.00775735	0.00325662
23	0.301013	0.0101873	0.00128623	0.000932853	0.0346451	0.0945029	0.00115909	0.144953	0.00136266	0.0981302	0.00661439	0.00128728	0.0031842	0.00107027	0.00177461	0.00770251	0.00493464	0.283072	0.00107498	0.00111347
24	0.310508	0.00919987	0.00121624	0.00104149	0.0307855	0.0967196	0.00119369	0.142602	0.00147337	0.0959222	0.00594254	0.00130734	0.003082	0.00112888	0.00194662	0.00689399	0.00425383	0.282456	0.00110651	0.0012197
25	0.0409426	0.00602459	0.000334327	0.000302882	0.060507	0.0038974	0.00071463	0.279323	0.00289684	0.286709	0.0516066	0.00190596	0.00392664	0.00168816	0.00485007	0.00303243	0.0173072	0.229121	0.00303848	0.00187132
26	0.0385541	0.00466453	0.0984381	0.397868	0.028322	0.0310392	0.00332422	0.0691948	0.0041013	0.0278407	0.0134839	0.00368878	0.00484577	0.00468656	0.00567703	0.00786884	0.00733115	0.150882	0.0388386	0.05935
27	0.0439966	0.00187624	0.000356582	0.000392173	0.0569623	0.00520598	0.000854842	0.26113	0.00459039	0.308368	0.0411581	0.00172275	0.00166151	0.000881241	0.00730637	0.00314104	0.0136675	0.24275	0.00115905	0.00281951
28	0.039337	0.0095422	0.00101587	0.000519402	0.0526705	0.00768558	0.00141258	0.309994	0.00285959	0.198667	0.0453035	0.00262767	0.00540912	0.00197111	0.00403576	0.00687713	0.024221	0.281418	0.00270879	0.00172361
29	0.0289839	0.00599098	0.0648573	0.0693348	0.0131319	0.0604636	0.0936813	0.0103117	0.0224315	0.0164101	0.0123156	0.0170159	0.181265	0.137438	0.037701	0.0867188	0.113043	0.017636	0.00416574	0.00710382
30	0.0359625	0.0142156	0.0199417	0.015199	0.0216067	0.0373208	0.038399	0.0271917	0.0265046	0.0350302	0.0176379	0.0212293	0.405876	0.0191687	0.112363	0.0442424	0.0337407	0.0382304	0.00884257	0.0272974
31	0.023364	0.0144488	0.00307461	0.0100655	0.229113	0.00953821	0.076236	0.0215305	0.00458935	0.0208183	0.00450171	0.0118927	0.0111117	0.00494579	0.0302618	0.0140639	0.0166787	0.0178243	0.00669457	0.469247
32	0.0135776	0.0042071	0.0340654	0.00332916	0.00743699	0.0211039	0.368493	0.00903324	0.0904948	0.0305208	0.0190946	0.0772551	0.0127345	0.119345	0.0701561	0.0278077	0.0202521	0.0163873	0.00910177	0.0456039
33	0.0530642	0.0960506	0.028308	0.0190313	0.0480984	0.0394494	0.0422995	0.0407191	0.0603697	0.0565438	0.0243395	0.0285868	0.0304876	0.020942	0.205693	0.0535937	0.051648	0.0362844	0.0268872	0.0376033
34	0.0119992	0.00372478	0.00185552	0.00315092	0.237304	0.0107351	0.0492502	0.00432389	0.00170294	0.00493785	0.00247382	0.00288643	0.0124842	0.00322264	0.022693	0.0045149	0.00939433	0.0136849	0.0013168	0.598344
35	0.0219477	0.00893079	0.00214169	0.000848067	0.0296904	0.00527435	0.00286771	0.357482	0.00181595	0.0747788	0.0332773	0.00210457	0.00501975	0.00232073	0.00239362	0.0104906	0.0245846	0.408054	0.00232787	0.00364921
36	0.0675265	0.0100091	0.240139	0.0746296	0.00838067	0.107908	0.003771	0.00325568	0.0248346	0.0105457	0.00356312	0.162851	0.0177608	0.0325902	0.0406213	0.112962	0.0490025	0.0241808	0.00163876	0.00382866
37	0.0697335	0.012973	0.00671619	0.082264	0.00213946	0.0257581	0.00111046	0.00797809	0.34305	0.00294591	0.00212656	0.00112953	0.0139184	0.0911313	0.1514	0.107354	0.0560973	0.00324538	0.0127782	0.00615036
38	0.041138	0.00754951	0.23246	0.115426	0.0230094	0.0919486	0.00563588	0.00528208	0.0491332	0.012085	0.00495233	0.0765463	0.0695144	0.0265541	0.0350827	0.0794911	0.0779982	0.0154037	0.00232643	0.0284628
39	0.0390413	0.0111069	0.0137112	0.0100326	0.0240292	0.0299348	0.0141204	0.0280159	0.15458	0.108816	0.175229	0.102337	0.015142	0.0137701	0.0428072	0.027793	0.138783	0.0289014	0.00860891	0.0132406
40	0.0298844	0.0111156	0.00107674	0.000857262	0.105095	0.00692922	0.00363948	0.160817	0.00660037	0.362039	0.119368	0.00184428	0.00658886	0.00171408	0.00836532	0.00938423	0.0219878	0.128094	0.00723795	0.00736206
41	0.184118	0.00442233	0.0738324	0.122611	0.00753488	0.00892247	0.00467169	0.0576923	0.00485548	0.0104391	0.00567042	0.0526552	0.0343453	0.0796458	0.0303804	0.0348684	0.239718	0.0113794	0.0275411	0.00469627
42	0.0334253	0.0106715	0.291375	0.0979495	0.00924983	0.0759029	0.0043658	0.0024399	0.0152899	0.0113253	0.00263216	0.154268	0.024748	0.0307538	0.0429931	0.10607	0.0562374	0.025209	0.000885007	0.00420965
43	0.0192519	0.00259746	0.00224971	0.00173002	0.101053	0.0037693	0.0228941	0.306425	0.00871192	0.123294	0.0312687	0.00795272	0.00342947	0.00233482	0.0170976	0.00456157	0.00473025	0.147685	0.00176711	0.187196
44	0.00753845	0.00228563	0.00135216	0.0162346	0.00202855	0.00934765	0.00135217	0.00288407	0.277815	0.0137295	0.0161413	0.0436724	0.00256272	0.0241404	0.482702	0.0507105	0.0357734	0.00524468	0.00245205	0.00203299
45	0.0119356	0.00367274	0.00184827	0.00313107	0.236549	0.0106775	0.0492748	0.00433347	0.00176636	0.00494536	0.00246702	0.00275784	0.0126005	0.00317323	0.0229044	0.00449056	0.00919131	0.0137587	0.00130219	0.59922
46	0.0432039	0.0123157	0.01583	0.0163094	0.0181033	0.0416513	0.0208187	0.0300154	0.0126787	0.0473439	0.0172686	0.0201392	0.509017	0.0147041	0.0361432	0.0378039	0.0296174	0.0472492	0.00971587	0.0200714
47	0.013744	0.0147847	0.00140387	0.0013312	0.150202	0.00550074	0.0111883	0.0149321	0.00754987	0.455034	0.190848	0.0017469	0.0117019	0.00169982	0.0147	0.0116544	0.028523	0.0336051	0.00954852	0.0203008
48	0.0189496	0.00596103	0.011652	0.00434553	0.00918896	0.108303	0.0982674	0.0121452	0.329421	0.0833699	0.0107561	0.0843816	0.00814952	0.0987914	0.0214933	0.013621	0.0138285	0.0147801	0.00693513	0.04566
49	0.029742	0.00720316	0.198658	0.0953477	0.0109313	0.0923167	0.0138507	0.00299353	0.0358721	0.00873832	0.00525446	0.078325	0.0754098	0.0468878	0.0565042	0.127805	0.0866438	0.017188	0.00128888	0.00903889
50	0.0325253	0.0151309	0.277213	0.0917487	0.0127914	0.0678048	0.0041762	0.0029781	0.0137005	0.00962149	0.0032677	0.174248	0.0247493	0.028028	0.0379398	0.11377	0.0584681	0.0264112	0.000963183	0.00446476
51	0.0684814	0.0216783	0.0129508	0.0127525	0.0558854	0.0265093	0.0120184	0.203962	0.0138861	0.117495	0.0350337	0.0132244	0.0210666	0.0142217	0.0269991	0.0468027	0.119058	0.153177	0.00925883	0.0155391
52	0.0105778	0.0060125	0.00308345	0.00083282	0.0181289	0.00360259	0.0022585	0.395893	0.00119934	0.0206502	0.0141231	0.00125396	0.00306801	0.00120517	0.00152736	0.00750575	0.0102797	0.494495	0.000878839	0.00342409
53	0.0458118	0.0162905	0.032356	0.0216139	0.0273335	0.039782	0.024351	0.0294584	0.0164748	0.0385158	0.0184031	0.0324425	0.358533	0.026917	0.0394307	0.111292	0.0515726	0.0400065	0.00750896	0.0219061
54	0.0979859	0.0297304	0.00417958	0.000474079	0.100836	0.0431804	0.00103936	0.160601	0.000632958	0.151674	0.023175	0.000563849	0.00629715	0.00176102	0.000966618	0.0279626	0.0418121	0.306212	0.000451176	0.000463833
55	0.122499	0.0188684	0.0161743	0.0107039	0.021598	0.0450047	0.018239	0.0357265	0.0120366	0.0577075	0.0326009	0.00959754	0.0128275	0.108153	0.0216775	0.0213039	0.0192977	0.15901	0.24047	0.0165047
56	0.202588	0.00968353	0.00358577	0.00192464	0.00497158	0.0591186	0.00215531	0.0109654	0.00290141	0.0222484	0.00624706	0.00396098	0.0038825	0.00220576	0.00418677	0.297611	0.280152	0.0603231	0.00324955	0.0180385
57	0.0341805	0.00538363	0.000727837	0.000470219	0.0500747	0.00496447	0.00169313	0.301539	0.00399101	0.231402	0.0430557	0.0026496	0.00366761	0.00154263	0.00538745	0.00401908	0.0171233	0.282142	0.00224927	0.00373687
58	0.123587	0.0116336	0.00787527	0.00931553	0.0182732	0.163613	0.00912183	0.0338683	0.0107848	0.0503755	0.0675518	0.00943057	0.271763	0.00865169	0.0231886	0.0317833	0.0298116	0.0917732	0.0165548	0.0110426
59	0.0404713	0.0031344	0.00033653	0.00031271	0.0556544	0.00480054	0.00118626	0.276926	0.00337785	0.283323	0.0439136	0.00148249	0.00229066	0.000881832	0.00556628	0.00312488	0.015095	0.254605	0.00138065	0.00213643
60	0.0180251	0.00149054	0.00115111	0.000969904	0.113055	0.00214093	0.0238937	0.32834	0.00833389	0.102209	0.0335078	0.00792817	0.00167073	0.00109585	0.0166067	0.00248883	0.00268203	0.155843	0.00113975	0.177428
61	0.640028	0.0169441	0.0011767	0.00107556	0.00717812	0.180351	0.00108814	0.00416586	0.00112837	0.0161463	0.00833862	0.00115561	0.00128538	0.001077	0.0022016	0.0938326	0.0109087	0.0051318	0.00558678	0.00119984
62	0.0356967	0.00963025	0.0022038	0.000786113	0.0548756	0.0156756	0.0065234	0.273062	0.00202437	0.141751	0.0351779	0.00152173	0.00343924	0.00130831	0.00284208	0.00917925	0.0178527	0.381316	0.00117674	0.00395771
63	0.0614281	0.00742569	0.000826422	0.000388543	0.0668142	0.0147194	0.00091826	0.234881	0.00276066	0.274757	0.0354019	0.00106684	0.00269775	0.000943056	0.00476692	0.00722493	0.0168229	0.263311	0.000935207	0.00190937
64	0.101019	0.0252241	0.00269481	0.000393752	0.0887208	0.0399632	0.00102067	0.167842	0.000811476	0.175525	0.0246297	0.000749306	0.00693867	0.00142854	0.00146317	0.0222763	0.0320883	0.305729	0.000784853	0.000697241
65	0.0404242	0.0113401	0.0153873	0.0149175	0.0202449	0.0423908	0.0140375	0.0340514	0.0114276	0.0493176	0.0180844	0.0207086	0.51854	0.0148986	0.0314025	0.0352779	0.0312517	0.0497465	0.00801241	0.0185386
66	0.0359604	0.0276684	0.000783334	0.000639029	0.0772752	0.00257997	0.000759712	0.301002	0.00150205	0.221792	0.0775954	0.00530735	0.0143646	0.00575645	0.00223746	0.00352043	0.0230093	0.184493	0.0126777	0.00107616
67	0.0972795	0.0306807	0.00336656	0.000430277	0.0969464	0.0426302	0.00106269	0.157236	0.000576468	0.160414	0.0234487	0.000495874	0.00596621	0.0014458	0.000885232	0.0273517	0.0378795	0.311116	0.000403873	0.00038409
68	0.028221	0.0214048	0.0131236	0.00162569	0.0975123	0.00719938	0.00311008	0.364027	0.00199738	0.0298645	0.0130969	0.00205021	0.00454947	0.00278852	0.00271423	0.0103447	0.0144353	0.375925	0.00196241	0.0040473
69	0.0123426	0.0053397	0.00365684	0.00320787	0.560201	0.00713396	0.00302149	0.199925	0.00478892	0.00998804	0.0953739	0.0038545	0.00456307	0.00381966	0.00571674	0.00779292	0.00785501	0.0529897	0.00414846	0.00428048
70	0.0970342	0.0306241	0.00334147	0.000426939	0.096947	0.0425092	0.0010603	0.157516	0.000588186	0.160776	0.0235329	0.000501058	0.00596806	0.00144771	0.000903002	0.0273742	0.037861	0.310796	0.000404322	0.000388101
71	0.239034	0.0203112	0.00184681	0.000765739	0.0538043	0.0877357	0.000960752	0.143676	0.00104389	0.114197	0.01321	0.000852992	0.00412561	0.00101591	0.00132691	0.0152528	0.0136491	0.285618	0.000767892	0.000805313
72	0.0180277	0.00148556	0.00115509	0.000972964	0.113188	0.00212538	0.0240437	0.327487	0.00830174	0.102104	0.0336371	0.0080004	0.0016749	0.00108157	0.0165483	0.00252225	0.00262378	0.15604	0.00114081	0.177841
73	0.0114558	0.00409826	0.00202462	0.00316715	0.22624	0.010648	0.0542438	0.00516552	0.00211322	0.0056562	0.00274967	0.00344453	0.0156166	0.00313912	0.0259824	0.00499245	0.00848967	0.0139301	0.00180957	0.595034
74	0.0180737	0.00149031	0.00115213	0.000972238	0.113216	0.00211651	0.0240447	0.32791	0.00834841	0.102243	0.0336358	0.00798383	0.00166759	0.00109385	0.0165941	0.00249544	0.00267962	0.155712	0.00114008	0.17743
75	0.0340691	0.0290817	0.0045307	0.026546	0.0777783	0.00685769	0.0398711	0.0362515	0.223708	0.0187398	0.00548753	0.00531441	0.00587486	0.0375924	0.264369	0.0105341	0.00861391	0.0128661	0.0478685	0.104045
76	0.00348555	0.00139344	0.00100068	0.0122038	0.00199451	0.00850535	0.00099799	0.00252562	0.281848	0.0156033	0.0122027	0.054026	0.00128189	0.0187615	0.509098	0.0331393	0.0340575	0.00467492	0.00170068	0.00149939
77	0.00348125	0.00138999	0.000999376	0.0122413	0.00193622	0.00840928	0.000988516	0.00252494	0.28176	0.0154294	0.0120934	0.0536273	0.00128018	0.0188126	0.510139	0.0331933	0.0338241	0.00468518	0.00169758	0.00148671
78	0.027906	0.0410957	0.214488	0.0781012	0.0111449	0.050504	0.00520285	0.00595728	0.010393	0.0106552	0.00554758	0.220628	0.0351516	0.0201767	0.0327965	0.127793	0.0669372	0.0296049	0.00171711	0.004199
79	0.118836	0.0266348	0.00386607	0.000593003	0.0934847	0.0421171	0.00106892	0.162208	0.0011675	0.141393	0.0220455	0.000941513	0.00943603	0.00202394	0.0018997	0.0282936	0.0407877	0.30113	0.00110747	0.000964561
80	0.0248304	0.0122534	0.0231034	0.00723537	0.0431978	0.0183211	0.140427	0.0232187	0.0249453	0.0240553	0.0145336	0.0162512	0.0761857	0.0195065	0.264414	0.0227216	0.0220828	0.0627326	0.00866225	0.151321
81	0.038437	0.0102286	0.361589	0.021405	0.0152353	0.0288475	0.140637	0.0151649	0.0183132	0.0224428	0.0116071	0.0952867	0.019583	0.029741	0.0362881	0.0319995	0.0261977	0.0348462	0.0178331	0.0243171
82	0.0434984	0.0169994	0.00207654	0.00189686	0.215335	0.0119284	0.00579744	0.0217529	0.0228113	0.386374	0.130396	0.00244695	0.00641383	0.00271259	0.0117865	0.0315796	0.0187878	0.0457542	0.0103529	0.0112993
83	0.135832	0.0192971	0.0431092	0.10679	0.0598219	0.0277829	0.149173	0.030468	0.0224441	0.0369044	0.0185434	0.0279548	0.042939	0.0385189	0.0368059	0.0486525	0.0439048	0.0379124	0.0157831	0.0573631
84	0.0133762	0.00959503	0.0255899	0.00451031	0.0194501	0.014189	0.35846	0.0155778	0.0507862	0.0428918	0.0267434	0.0949418	0.0135298	0.0837783	0.0765004	0.0440178	0.025802	0.0189112	0.0107548	0.050594
85	0.620353	0.00554835	0.00108035	0.000847371	0.00866762	0.232447	0.000874165	0.00357712	0.00102432	0.0153011	0.00999964	0.000975146	0.00118614	0.000959648	0.00186846	0.0796875	0.00364979	0.00419079	0.00669743	0.00106545
86	0.0615946	0.0201656	0.00390796	0.00167169	0.100496	0.0190415	0.00180447	0.235777	0.00185697	0.134316	0.0296274	0.00567281	0.00894588	0.0142276	0.00274881	0.0155092	0.0701012	0.266882	0.00345313	0.00219974
87	0.0544751	0.0160203	0.00262311	0.00120065	0.107746	0.0291258	0.00367771	0.12918	0.0120867	0.342936	0.0851701	0.00242956	0.00740558	0.00237522	0.0136763	0.0179616	0.0261234	0.130856	0.00914077	0.00579026
88	0.0655219	0.0761515	0.00956894	0.00722276	0.0309445	0.200205	0.010869	0.0267996	0.0107341	0.0708033	0.038571	0.00975465	0.0138736	0.0115935	0.0335418	0.0301068	0.0255306	0.0602544	0.256578	0.0113747
89	0.0102928	0.00335168	0.00288823	0.00224018	0.00715932	0.0051428	0.00246111	0.460076	0.00284955	0.449006	0.00577762	0.00299062	0.00335159	0.00247324	0.00503019	0.00568778	0.00656938	0.0171315	0.00234367	0.00317727
90	0.1388	0.0464801	0.00361701	0.00254511	0.200797	0.0381034	0.00320601	0.0300713	0.009772	0.293341	0.0876195	0.00424483	0.00649819	0.00337008	0.00897443	0.0269445	0.0159542	0.0680953	0.00506395	0.0065016
91	0.0613533	0.012857	0.00486997	0.0114345	0.205019	0.0125032	0.0241645	0.0110075	0.00521408	0.0157318	0.00711014	0.00982042	0.00768025	0.035309	0.0114426	0.014812	0.140043	0.0188445	0.00465421	0.386129
92	0.353056	0.0347752	0.00220134	0.00150649	0.00377495	0.0236052	0.00172567	0.0104596	0.00218617	0.00972405	0.00346877	0.00253704	0.00273124	0.00165787	0.00344276	0.302698	0.199902	0.0328762	0.0017058	0.00596555
93	0.049421	0.0252586	0.00422411	0.00061267	0.0787979	0.0177631	0.00181474	0.287524	0.0010515	0.118462	0.0287843	0.00137147	0.00651443	0.00175514	0.00162661	0.019123	0.023592	0.327701	0.00242972	0.00217281
94	0.121417	0.0279356	0.0032414	0.000507427	0.0920801	0.0480331	0.000895542	0.15053	0.00117799	0.154482	0.0223249	0.000829773	0.00690651	0.00180164	0.00158	0.0259809	0.0415478	0.297138	0.000763744	0.00082649
95	0.039732	0.00469716	0.000367086	0.000346557	0.0578854	0.00449981	0.000753134	0.279503	0.00330364	0.29485	0.0462599	0.00193459	0.00322057	0.00148785	0.00578076	0.00305487	0.016974	0.230852	0.00234706	0.00215058
96	0.186329	0.0292587	0.00790836	0.0086418	0.0183387	0.031191	0.00455303	0.0774408	0.00676949	0.0293914	0.0133881	0.00722895	0.0105924	0.0085305	0.010405	0.207931	0.260649	0.0666331	0.00706839	0.00775102
97	0.620971	0.0055209	0.00100857	0.000834586	0.00841569	0.232479	0.000873716	0.00364484	0.00103236	0.0154198	0.0100984	0.000970371	0.00109155	0.000897067	0.00179123	0.0794847	0.00360275	0.00414772	0.00669926	0.00101674
98	0.0399843	0.00493431	0.000483489	0.000340702	0.0572133	0.00472047	0.00095596	0.277053	0.00366945	0.284885	0.0476023	0.00206929	0.00346582	0.00138134	0.00547901	0.00362227	0.0161447	0.241666	0.00230046	0.0020294
99	0.0374712	0.00897336	0.0004711	0.000281	0.0722602	0.00373083	0.000730934	0.294944	0.0026719	0.267175	0.0506859	0.00180352	0.00494997	0.0012639	0.00434666	0.00395675	0.0175689	0.221753	0.00333181	0.00163011
100	0.106994	0.0238609	0.0345062	0.0211389	0.0375673	0.0512732	0.0198847	0.0451354	0.0257092	0.0526617	0.0228747	0.0288412	0.0294036	0.0188259	0.0367062	0.117376	0.237181	0.0612928	0.0101601	0.0186065
101	0.0219236	0.0175243	0.435466	0.0744782	0.00699307	0.0482657	0.0112653	0.00345529	0.00813853	0.00956202	0.00259853	0.170582	0.0133075	0.0189083	0.0231613	0.0662843	0.0339657	0.0300399	0.00115622	0.00292434
102	0.174436	0.0203461	0.00246886	0.00221292	0.00468522	0.00672574	0.00243218	0.0219314	0.00303911	0.00743978	0.00377087	0.00324555	0.0026942	0.00203953	0.00582151	0.675613	0.0451565	0.0105097	0.00213694	0.00329507
103	0.0370622	0.00819492	0.000601998	0.000367637	0.0550529	0.005578	0.00153015	0.293743	0.00320671	0.237946	0.049193	0.00259866	0.00454067	0.00172467	0.00498742	0.00441468	0.0181837	0.26539	0.00297677	0.00270704
104	0.0421732	0.0121825	0.0110021	0.0271428	0.0201606	0.0315712	0.0173221	0.0274809	0.279647	0.0392206	0.0194215	0.0332403	0.0171907	0.0457588	0.221879	0.0568256	0.0419717	0.0239061	0.0153873	0.0165153
105	0.0163751	0.00698376	0.238903	0.00714341	0.0113799	0.0141613	0.0117095	0.0453817	0.00765753	0.0479725	0.00713299	0.321037	0.00780997	0.00490729	0.00877454	0.0125314	0.0114333	0.207079	0.00473625	0.00689077
106	0.373457	0.00489676	0.00268972	0.00257278	0.0131116	0.210098	0.00240662	0.0377057	0.00771567	0.0610747	0.059443	0.00255634	0.0153694	0.00246865	0.0106842	0.0817713	0.0455717	0.0474542	0.0115078	0.00744508
107	0.0717877	0.0192933	0.00451556	0.0020001	0.0654131	0.0219097	0.00312778	0.250132	0.00413812	0.115685	0.0284786	0.00419729	0.00728538	0.0053793	0.00456345	0.0227323	0.0639394	0.299553	0.00296602	0.00290372
108	0.1741	0.0177483	0.0355833	0.0172597	0.0283371	0.272492	0.0203423	0.0295407	0.0300377	0.0438384	0.0206997	0.0236735	0.0251548	0.0149739	0.0491034	0.0696613	0.0452193	0.0464212	0.0227626	0.0130513
109	0.0621647	0.0226328	0.00996902	0.00859497	0.0296545	0.141333	0.00978524	0.0312273	0.0170821	0.0610758	0.152178	0.0112058	0.0186383	0.0120392	0.159503	0.0312733	0.0312159	0.0450737	0.13204	0.0133134
110	0.0439994	0.0162906	0.0136074	0.0127019	0.0480793	0.0276298	0.0254553	0.109249	0.0134217	0.0522764	0.0200884	0.0198389	0.30419	0.0119168	0.0380917	0.0339288	0.0306398	0.0541644	0.0114207	0.11301
111	0.0348463	0.0146283	0.0162299	0.0177979	0.0288743	0.0307664	0.0265181	0.0235193	0.162442	0.0393348	0.0202206	0.0369754	0.0190523	0.0207349	0.3596	0.0418982	0.0441385	0.0228011	0.0125227	0.0270992
112	0.0408375	0.011534	0.0142715	0.0151669	0.0226673	0.0423435	0.0159292	0.0328013	0.0123921	0.0485487	0.0181926	0.0161375	0.52247	0.0155398	0.031215	0.0340414	0.0279666	0.0487682	0.00902755	0.0201497
113	0.0133247	0.00831105	0.549745	0.0279352	0.00708331	0.0285359	0.0394158	0.00947222	0.00661918	0.0161827	0.00376663	0.180862	0.00440971	0.00884951	0.0101839	0.025715	0.0123508	0.0416488	0.00227031	0.00331854
114	0.0224632	0.012238	0.00301191	0.00776491	0.239741	0.0114947	0.0452419	0.0354651	0.00403773	0.0268427	0.0104569	0.00641708	0.0111184	0.00441356	0.0209347	0.00933964	0.0143275	0.0302284	0.00348424	0.480979
115	0.0185865	0.00793886	0.00243342	0.00401095	0.2395	0.0178992	0.0415662	0.00796366	0.00268162	0.00919386	0.00389812	0.0042363	0.0114105	0.00508108	0.0197681	0.00699079	0.016048	0.0243678	0.00205003	0.554375
116	0.194503	0.0110987	0.110069	0.0102986	0.0176752	0.0150277	0.1748	0.0193243	0.0148194	0.0242029	0.0112525	0.0111616	0.0111593	0.0640646	0.0208572	0.0162709	0.0179862	0.0266526	0.113947	0.11483
117	0.0296157	0.0123595	0.0186067	0.019604	0.0210657	0.0302979	0.0192032	0.0250571	0.175717	0.037932	0.0208265	0.0409564	0.020128	0.0242084	0.367794	0.0416735	0.0369877	0.0243789	0.0134502	0.0201374
118	0.0984302	0.105166	0.0106938	0.00664025	0.0668358	0.0346004	0.00939176	0.140658	0.0090007	0.109277	0.030773	0.0118538	0.0186803	0.00885727	0.0169008	0.0402791	0.0435577	0.21136	0.0136052	0.0134385
119	0.0572618	0.0289001	0.0120604	0.0110678	0.197035	0.0450236	0.0278849	0.0573427	0.0278369	0.0956286	0.0400645	0.0165046	0.0150453	0.0163224	0.047845	0.0321482	0.02817	0.0510575	0.144662	0.0481393
120	0.0470234	0.0116392	0.0114944	0.0102978	0.020228	0.127728	0.00853325	0.0301464	0.0116694	0.0867233	0.0255969	0.0125299	0.436794	0.00987622	0.02621	0.0263564	0.0260642	0.0519992	0.0090695	0.0100209
121	0.0201343	0.0103531	0.499623	0.0561032	0.00611899	0.0503809	0.0165403	0.00336081	0.00817683	0.0107365	0.00250215	0.163541	0.00895993	0.0168871	0.0192156	0.0569686	0.0252489	0.021445	0.00101052	0.00269334
122	0.0700689	0.0166761	0.0926656	0.0344525	0.0156702	0.214502	0.00964069	0.0171998	0.0445796	0.0241856	0.0140223	0.104553	0.0212038	0.0181705	0.0451777	0.0817126	0.123375	0.033354	0.00828052	0.0105106
123	0.035129	0.00354665	0.00317443	0.0217131	0.00613838	0.0061194	0.00283215	0.333818	0.197214	0.0830581	0.0164759	0.0666635	0.00456993	0.00318716	0.0356663	0.0104644	0.0261208	0.137718	0.00272966	0.00366067
124	0.327726	0.00448222	0.0558311	0.234808	0.00865088	0.0429964	0.00601075	0.0102795	0.00548809	0.0110049	0.00564293	0.00581611	0.19867	0.0337767	0.00701532	0.00955179	0.0118771	0.0118082	0.00368936	0.00487425
125	0.0206543	0.005615	0.00468687	0.00412903	0.00812068	0.449649	0.00321452	0.00867594	0.0589396	0.0115431	0.0063552	0.00794651	0.00523577	0.00378379	0.203938	0.0951322	0.0821109	0.0115169	0.00422752	0.00452532
126	0.0379641	0.0105942	0.307196	0.0931299	0.00862677	0.0756713	0.00363111	0.00246172	0.0111122	0.00973589	0.002193	0.174467	0.0166078	0.030969	0.0440291	0.0948795	0.0460776	0.026396	0.000918004	0.00333925
127	0.407531	0.0103699	0.00579907	0.00822872	0.0202888	0.0360693	0.00548455	0.0382309	0.00764234	0.0414005	0.0114164	0.00672077	0.0498242	0.00623176	0.0109688	0.0179626	0.0360905	0.265662	0.00583039	0.00824808
128	0.032836	0.00286752	0.00160231	0.00558165	0.0252576	0.00428942	0.00165656	0.330873	0.0478239	0.212992	0.050865	0.0230052	0.00364315	0.00202808	0.0265442	0.01459	0.0142418	0.193132	0.00251186	0.0036585
129	0.131121	0.160383	0.0189613	0.0126215	0.0588042	0.0472985	0.0178758	0.0574551	0.0211576	0.0791466	0.0284033	0.0259471	0.0172618	0.0133479	0.0358648	0.0857229	0.0593809	0.0768371	0.0245133	0.0278972
130	0.0179514	0.0121205	0.0724994	0.0198403	0.00971848	0.0247889	0.285749	0.0106089	0.0263192	0.0168803	0.015796	0.123896	0.0237007	0.0449065	0.0706179	0.0704844	0.0932902	0.0407643	0.00349169	0.0165765
131	0.208713	0.00427432	0.05892	0.00326187	0.0073355	0.249047	0.00328272	0.0090295	0.141536	0.0127543	0.00608696	0.0871562	0.00473265	0.00592183	0.0341882	0.0857483	0.0620728	0.00939364	0.00315584	0.00338927
132	0.0919599	0.00514277	0.114	0.256528	0.0174197	0.0189443	0.00514011	0.0803619	0.00482531	0.0606015	0.0309447	0.00440984	0.00495003	0.00424446	0.00695575	0.00796166	0.0101247	0.207348	0.0168627	0.051274
133	0.0165882	0.00517101	0.00308843	0.00201684	0.0729137	0.00467258	0.0134991	0.337066	0.00485782	0.0605421	0.036076	0.0047234	0.00302168	0.00141599	0.00856421	0.00642487	0.00794236	0.309886	0.0015814	0.0999476
134	0.00348125	0.00138999	0.000999376	0.0122413	0.00193622	0.00840928	0.000988516	0.00252494	0.28176	0.0154294	0.0120934	0.0536273	0.00128018	0.0188126	0.510139	0.0331933	0.0338241	0.00468518	0.00169758	0.00148671
135	0.0351983	0.00981376	0.348829	0.115468	0.0101561	0.058657	0.00872018	0.00614311	0.0135524	0.0115819	0.00467995	0.117979	0.0237325	0.0526329	0.0314232	0.0733742	0.0430349	0.0257548	0.00321278	0.00605729
136	0.530582	0.0067467	0.00328757	0.00328345	0.00939255	0.28408	0.00227653	0.00845187	0.00577601	0.0179996	0.0110884	0.00332701	0.00452729	0.0021088	0.00567436	0.0685144	0.011099	0.0126511	0.00645462	0.00267849
137	0.00998039	0.00305827	0.00222915	0.00295604	0.20977	0.0103501	0.0604633	0.00523773	0.00204597	0.00533092	0.00298911	0.00293503	0.015292	0.00291354	0.0328371	0.00449396	0.0079157	0.0142332	0.00158091	0.603388
138	0.0328433	0.0146766	0.0112273	0.0175871	0.0269498	0.0206545	0.026284	0.056671	0.209536	0.0482621	0.0210991	0.0335374	0.0141948	0.0267744	0.249905	0.0392341	0.0363215	0.0763713	0.0156847	0.0221868
139	0.145423	0.025007	0.0269556	0.0143761	0.0239526	0.041468	0.0175678	0.0263681	0.0241063	0.0279223	0.0116856	0.0223623	0.0205999	0.015445	0.0308456	0.403772	0.0706944	0.0315774	0.00718556	0.0126849
140	0.0554335	0.0262771	0.00765184	0.00979295	0.247011	0.0241145	0.0280555	0.0890038	0.0128225	0.101432	0.0367463	0.0124655	0.0117366	0.00853747	0.0263121	0.0245786	0.0286077	0.0868368	0.0149569	0.147627
141	0.0390452	0.0117485	0.0157954	0.0150302	0.0203554	0.0458061	0.0191422	0.0320982	0.0133618	0.0461706	0.018856	0.0212061	0.506437	0.0169984	0.033877	0.0375449	0.0293334	0.0475615	0.00882931	0.020803
142	0.0618772	0.0171718	0.0372373	0.0252989	0.0192389	0.0476739	0.0255712	0.0190908	0.104526	0.0251224	0.0146549	0.0331252	0.0244671	0.0288513	0.18121	0.233634	0.0480411	0.0254527	0.0130857	0.0146694
143	0.0701392	0.0151854	0.12479	0.126508	0.0192573	0.167725	0.0128966	0.0198109	0.0353189	0.0247319	0.016998	0.067095	0.0422972	0.0287004	0.0474008	0.0640017	0.0476304	0.0415139	0.0144207	0.0135785
144	0.0360103	0.0165319	0.0386358	0.0146177	0.0518097	0.0220776	0.262165	0.0304337	0.0388147	0.0431352	0.0210667	0.0478633	0.0324444	0.0543986	0.0791964	0.0414921	0.0369806	0.0402368	0.0179989	0.0740908
145	0.198637	0.00575289	0.00253126	0.00159819	0.00380661	0.0285293	0.00176579	0.00977976	0.00242025	0.0120164	0.00376189	0.00271673	0.00286334	0.00200659	0.00319985	0.290075	0.360761	0.0566011	0.0018944	0.00928344
146	0.138117	0.026069	0.0307542	0.0151899	0.0203149	0.0402008	0.0151645	0.0323992	0.0217983	0.0317443	0.0148286	0.0250769	0.0177832	0.0124651	0.0304817	0.388734	0.0787082	0.0367135	0.00948715	0.0139696
147	0.0629442	0.0487253	0.0046843	0.0046631	0.016937	0.185583	0.00405895	0.0197694	0.00574693	0.0896073	0.0476282	0.00475175	0.0067358	0.0104713	0.0207027	0.0170282	0.0106943	0.0789356	0.355088	0.00524461
148	0.280401	0.175092	0.00416734	0.00244516	0.00576378	0.0257305	0.00312032	0.0171596	0.0037507	0.00822642	0.00615357	0.00448085	0.003829	0.00234915	0.00609077	0.32156	0.0847669	0.0387031	0.00250569	0.00370377
149	0.055091	0.02733	0.0094883	0.00843995	0.22779	0.0241613	0.0314533	0.0945004	0.0143469	0.11697	0.0425902	0.0124626	0.0154271	0.010123	0.029884	0.0278191	0.0297227	0.0862013	0.0124872	0.123712
150	0.369075	0.0944045	0.00277433	0.00221802	0.00514713	0.0248232	0.00242028	0.0139764	0.00294202	0.0091178	0.00501956	0.00391692	0.00300869	0.00179317	0.00532762	0.360474	0.0662817	0.0215318	0.00219593	0.00355224
151	0.174431	0.0166911	0.0355095	0.0163416	0.0276378	0.272787	0.0138612	0.0320552	0.0282987	0.0484522	0.0212105	0.0275463	0.0289796	0.0128751	0.0433649	0.0581786	0.0478737	0.0581232	0.024842	0.010941
152	0.0304626	0.0160653	0.00199546	0.00172297	0.137288	0.0106452	0.00770265	0.0652195	0.00876236	0.412486	0.146884	0.0026659	0.00994056	0.00220023	0.0147048	0.0138338	0.0246031	0.0668649	0.0107183	0.015234
153	0.166302	0.0137312	0.00505859	0.00228995	0.00597156	0.117236	0.00259438	0.011381	0.00426776	0.0155642	0.00638724	0.00551057	0.00458432	0.00240859	0.00635353	0.26905	0.272821	0.073532	0.00304582	0.0119107
154	0.0115733	0.00362372	0.00185293	0.00303898	0.234907	0.0106818	0.0497752	0.00436383	0.00177116	0.00494037	0.0025415	0.00272233	0.0129191	0.0031256	0.0232212	0.00439423	0.00904062	0.0136632	0.00130306	0.60054
155	0.0546294	0.0491206	0.00332749	0.00227854	0.118829	0.0190953	0.0097582	0.171592	0.00479515	0.248297	0.0522253	0.00556373	0.00942324	0.00405992	0.0132545	0.0168934	0.0302936	0.165625	0.00883958	0.0120991
156	0.15305	0.015808	0.00217333	0.00211293	0.00432136	0.00584	0.00195796	0.017523	0.00256575	0.00687917	0.00365475	0.00285762	0.0027964	0.00194403	0.00558798	0.718325	0.0393794	0.00820442	0.00204938	0.00296942
157	0.0208928	0.0129108	0.00341589	0.00249795	0.118955	0.0178091	0.00705423	0.0236907	0.0124019	0.445613	0.134979	0.00295626	0.00795131	0.00277	0.0173064	0.0183844	0.025517	0.0313056	0.0805872	0.0130022
158	0.0234935	0.00824146	0.00866239	0.00878677	0.190899	0.0134331	0.0492647	0.0348464	0.0113723	0.0289578	0.0122642	0.0079951	0.015434	0.00844736	0.0302747	0.0130248	0.0180296	0.0314489	0.00656949	0.478554
159	0.0177225	0.0140274	0.00159553	0.00127655	0.150634	0.00676278	0.00850705	0.0178584	0.00919414	0.474725	0.171597	0.00203332	0.00926048	0.0016098	0.0130218	0.0137377	0.023751	0.0342275	0.0118858	0.0165722
160	0.435531	0.145117	0.00352854	0.00200411	0.00463705	0.0300865	0.00245805	0.0164885	0.00299556	0.00863355	0.00514341	0.00437091	0.00283247	0.00198571	0.00470459	0.190156	0.0960876	0.038533	0.00186398	0.00284289
161	0.16186	0.0124538	0.0301847	0.0151573	0.0228923	0.262754	0.0109007	0.0249892	0.0434135	0.0357217	0.024482	0.0266185	0.0226876	0.0131686	0.118026	0.0583817	0.0454559	0.0312854	0.0289391	0.0106277
162	0.0431845	0.0162486	0.00696831	0.0313681	0.0313358	0.020407	0.0258765	0.0212734	0.265471	0.0234637	0.009516	0.0118215	0.0117085	0.0553871	0.238667	0.0494461	0.0323952	0.0133505	0.0543068	0.0378045
163	0.0392221	0.00483587	0.000349882	0.000325895	0.0575253	0.00397234	0.000788302	0.277925	0.00319046	0.292033	0.0489485	0.00184843	0.00337217	0.00137487	0.00546502	0.00308708	0.0170995	0.234113	0.00248004	0.0020432
164	0.0678554	0.0136671	0.00666269	0.06535	0.00195493	0.0257534	0.00108332	0.00792375	0.349483	0.00266624	0.00227359	0.00106177	0.0124591	0.0951931	0.156266	0.109288	0.0580821	0.00286859	0.0136473	0.00646036
165	0.308168	0.00814047	0.00168002	0.00136302	0.0328437	0.0652944	0.00149706	0.113206	0.00198627	0.100418	0.00638303	0.0017082	0.00579179	0.0013903	0.00215922	0.00744911	0.00549719	0.332149	0.00122711	0.00164899
166	0.260221	0.0179799	0.0107542	0.00684528	0.112245	0.15188	0.00663762	0.0596876	0.0155022	0.0771745	0.0256835	0.00952559	0.0133645	0.00660545	0.0210417	0.0425295	0.031725	0.0980152	0.0143337	0.0182488
167	0.0482744	0.00887368	0.343459	0.0476479	0.00875321	0.108787	0.013098	0.00654831	0.0460263	0.0277093	0.00418268	0.151548	0.0155983	0.0191142	0.0238804	0.0592668	0.0354769	0.0238022	0.00161615	0.0063369
168	0.0429361	0.00617868	0.00522308	0.00337749	0.0154408	0.00856404	0.00336998	0.458387	0.00669638	0.0181733	0.0349152	0.00476175	0.00584351	0.00392626	0.00689972	0.129404	0.041666	0.1953	0.00348947	0.00544647
169	0.136967	0.0207968	0.00590885	0.00498826	0.0213467	0.143368	0.00696489	0.0585546	0.00973668	0.0815586	0.0288831	0.00650023	0.0112257	0.0086341	0.0610102	0.105901	0.0217011	0.0388482	0.218935	0.00817067
170	0.00749081	0.00312309	0.00156619	0.0138839	0.00490551	0.0126496	0.00259533	0.00420764	0.281009	0.0154842	0.0118925	0.0473755	0.00209009	0.0220396	0.483485	0.0359427	0.0336845	0.00578297	0.00522312	0.00556903
171	0.0889359	0.0212695	0.0023692	0.000685844	0.090686	0.0296165	0.00129473	0.178967	0.00190933	0.208386	0.0299101	0.00119693	0.00522666	0.00163941	0.00286311	0.0178795	0.0272085	0.287005	0.00131246	0.00163848
172	0.0840197	0.0432173	0.0027662	0.000840046	0.131114	0.0303349	0.00129907	0.165275	0.00177907	0.192922	0.0348566	0.00133718	0.00674136	0.00212566	0.00192018	0.0209107	0.0302149	0.240959	0.00284873	0.00451757
173	0.0352531	0.0217334	0.000793365	0.000553773	0.0755192	0.00268868	0.000755798	0.307649	0.00167134	0.229032	0.0672582	0.00584714	0.0157201	0.00581846	0.00243506	0.00358462	0.022512	0.187854	0.0120995	0.00122117
174	0.0577618	0.0234904	0.00309672	0.000978416	0.0555337	0.0144352	0.00187793	0.289843	0.00162131	0.108745	0.0400906	0.00304855	0.0139332	0.00391248	0.00209886	0.0125868	0.0243974	0.335917	0.00435367	0.002278
175	0.0457193	0.00314112	0.000451225	0.000307105	0.0623259	0.00562319	0.000859951	0.262388	0.00333672	0.306546	0.0413289	0.00127242	0.00249532	0.000870574	0.00579407	0.00304468	0.0135855	0.237049	0.00156287	0.00229732
176	0.11745	0.0369474	0.00257281	0.00211953	0.192156	0.022136	0.00332617	0.0240023	0.0114523	0.343431	0.106728	0.00306762	0.00508415	0.00222542	0.00803141	0.0303985	0.0129865	0.0639576	0.0054297	0.00649828
177	0.0487109	0.0161245	0.0111297	0.0103826	0.0285252	0.0409801	0.0133044	0.0678262	0.0117748	0.0587486	0.0225609	0.0181692	0.407843	0.00957747	0.0280124	0.0285191	0.0264213	0.128914	0.00715093	0.0153241
178	0.0316523	0.0173813	0.00257392	0.00195363	0.0742663	0.00550167	0.00352196	0.260051	0.00336121	0.195266	0.0617697	0.0416554	0.0298548	0.023384	0.00540638	0.0068966	0.0394601	0.18147	0.0107414	0.00383253
179	0.054547	0.00955516	0.000814621	0.000401543	0.0644434	0.0104975	0.000798902	0.247457	0.00436746	0.271592	0.048002	0.0020231	0.00475097	0.00238665	0.00503376	0.00696121	0.0198414	0.241094	0.00306472	0.00236777
180	0.0973564	0.0315458	0.0033077	0.000455577	0.0979512	0.043038	0.00102236	0.155466	0.000560139	0.162998	0.0238513	0.000481648	0.00594189	0.00140661	0.00100899	0.0270996	0.0377918	0.307923	0.000404865	0.000388461
181	0.359131	0.0363425	0.00265816	0.0017763	0.00411691	0.0312468	0.0017236	0.0111249	0.00247711	0.0106666	0.00384666	0.00276447	0.0028752	0.00200081	0.00355464	0.263177	0.215077	0.0365169	0.00219369	0.00672958
182	0.337963	0.156833	0.00549852	0.00196571	0.00474185	0.0512851	0.00241249	0.0244131	0.00330638	0.00813589	0.00731324	0.00628855	0.00338166	0.00233246	0.00481397	0.174443	0.125066	0.07416	0.00234636	0.00330078
183	0.0135049	0.0134063	0.0013381	0.00120925	0.149559	0.00568043	0.00964735	0.0157459	0.00796472	0.467049	0.18608	0.00172825	0.0103044	0.00160095	0.0136816	0.0119089	0.0257621	0.0336455	0.0103626	0.0198205
184	0.0104059	0.0060551	0.00317209	0.000832636	0.0197147	0.00355334	0.00237904	0.399463	0.00132234	0.0215136	0.0139713	0.00138789	0.00291793	0.00122058	0.00162845	0.00727717	0.0106209	0.488029	0.000937082	0.00359889
185	0.620971	0.0055209	0.00100857	0.000834586	0.00841569	0.232479	0.000873716	0.00364484	0.00103236	0.0154198	0.0100984	0.000970371	0.00109155	0.000897067	0.00179123	0.0794847	0.00360275	0.00414772	0.00669926	0.00101674
186	0.0102062	0.00566371	0.00282897	0.000783272	0.0183	0.00378685	0.00254667	0.396989	0.00123208	0.0240569	0.0147868	0.00122926	0.00280241	0.00116712	0.00155644	0.00726916	0.0103429	0.490183	0.00086031	0.00340857
187	0.167043	0.00653973	0.00358763	0.00267697	0.00536781	0.0289739	0.00275918	0.0123117	0.00328519	0.0140019	0.00445559	0.00458033	0.00440159	0.00260608	0.00443749	0.309336	0.362452	0.0488054	0.00232407	0.0100538
188	0.0443238	0.0156031	0.00722826	0.00769565	0.0585824	0.0212037	0.0272692	0.190075	0.0306829	0.206599	0.0405116	0.0184084	0.0186221	0.00984337	0.111082	0.0245783	0.0297298	0.0970965	0.0144687	0.0263952
189	0.0319305	0.0105157	0.000947997	0.000738737	0.0514807	0.00513596	0.00169202	0.31655	0.00313834	0.187023	0.0511158	0.00316107	0.00651966	0.00290532	0.00404852	0.00538009	0.0249478	0.285222	0.00446027	0.00308614
190	0.036651	0.0140008	0.288611	0.0911546	0.0087657	0.0692667	0.00379352	0.002886	0.010562	0.00993697	0.00250624	0.184894	0.0185216	0.0288191	0.0420288	0.101245	0.0516898	0.0303608	0.00104067	0.00326522
191	0.0313921	0.0105649	0.429257	0.0519532	0.0119242	0.0439854	0.031305	0.0164173	0.0155414	0.0202104	0.0067357	0.133918	0.0165806	0.0210602	0.0286924	0.0472263	0.0294923	0.0373685	0.0070217	0.00935372
192	0.0266733	0.00958429	0.00518804	0.0103832	0.18756	0.013236	0.0507022	0.0292973	0.0116282	0.0263279	0.0110139	0.00798393	0.0167606	0.00835648	0.0338524	0.0136893	0.0159575	0.0330668	0.00660627	0.482133
193	0.0319563	0.0157859	0.0134081	0.0128215	0.039017	0.0173179	0.11474	0.0243007	0.123565	0.0628904	0.0136777	0.0225667	0.0127069	0.111538	0.166661	0.0248347	0.0159674	0.0237862	0.104586	0.0478739
