320	20
1	0.0166009	0.000545651	0.00163702	0.00279648	0.172288	0.00201086	0.0224739	0.021736	0.00270832	0.0316097	0.0021313	0.00220999	0.00103233	0.00225166	0.00230588	0.00378003	0.0168313	0.0235073	0.0133643	0.658179
2	0.0427093	0.00175045	0.0415393	0.0165195	0.0267654	0.0434569	0.0131018	0.0342336	0.00444974	0.0234792	0.023596	0.082203	0.0128752	0.0247628	0.0220041	0.319138	0.248704	0.0161947	0.00072036	0.00179686
3	0.0557277	0.000746951	0.231221	0.236849	0.0035614	0.0187719	0.0217086	0.0112237	0.0498586	0.00941683	0.00581399	0.0183632	0.00322911	0.135628	0.0801361	0.0222372	0.0645565	0.00436344	0.00103341	0.0255533
4	0.00933056	0.000280544	0.000684343	0.00316359	0.120206	0.00546178	0.00893704	0.16617	0.00547648	0.416911	0.0743068	0.000973689	0.00212996	0.00263343	0.00766595	0.00706517	0.0129834	0.12676	0.0123121	0.0165492
5	0.0271989	0.000283253	0.0009505	0.00813755	0.0549355	0.0097715	0.0119133	0.160182	0.0128473	0.343575	0.0785759	0.0018824	0.00327035	0.00313097	0.0265514	0.00800623	0.0218336	0.182515	0.0160873	0.0283516
6	0.0787968	0.00151039	0.052463	0.024774	0.0346417	0.134989	0.00596586	0.0063039	0.0603599	0.0120323	0.0204605	0.120908	0.0444476	0.111384	0.0253358	0.186362	0.0337285	0.0415353	0.00105923	0.00294298
7	0.0188577	0.00915535	0.0175684	0.00730196	0.142123	0.0483693	0.0371555	0.0181319	0.0182066	0.228807	0.127404	0.0100263	0.0154783	0.0107834	0.0357607	0.042272	0.035197	0.0442903	0.00862133	0.124489
8	0.351286	0.0249221	0.00677549	0.00826236	0.0097354	0.105554	0.00371321	0.0368977	0.0154764	0.0778634	0.0209224	0.00543541	0.00208796	0.00443933	0.0212475	0.196418	0.0704665	0.0351176	0.0011399	0.00223879
9	0.0183473	0.000583187	0.00634206	0.0191766	0.00374132	0.0113964	0.0081037	0.00148172	0.481486	0.00666227	0.00162316	0.0142924	0.0091463	0.0406738	0.318872	0.0379914	0.0152259	0.00371452	0.000475397	0.000663784
10	0.0578497	0.00119725	0.0447918	0.0136199	0.0306103	0.0354278	0.0193501	0.0360846	0.00788522	0.0193949	0.0192933	0.0979293	0.0280312	0.0335804	0.0171595	0.314771	0.203933	0.0159091	0.000933933	0.00224781
11	0.0175415	0.0205924	0.00390024	0.00755588	0.344825	0.00661214	0.0104697	0.00975872	0.00868971	0.19989	0.0837005	0.00662086	0.00256879	0.00257138	0.00605536	0.0217259	0.00823572	0.0240364	0.034052	0.180598
12	0.0753241	0.000371625	0.233126	0.111484	0.00518592	0.0287208	0.017719	0.00477114	0.13518	0.0154855	0.00501743	0.111302	0.00360161	0.0607311	0.0389733	0.0948235	0.0297092	0.0158376	0.00299107	0.00964476
13	0.0449746	0.000593104	0.422968	0.131314	0.00275412	0.0301647	0.0160762	0.00553734	0.0652079	0.00721887	0.00493482	0.102199	0.0124836	0.0278413	0.0201008	0.0576236	0.0269743	0.0142248	0.0016177	0.00519133
14	0.0843262	0.0124279	0.00510136	0.0202245	0.0150991	0.00908995	0.0240967	0.228675	0.0284936	0.0680271	0.026267	0.00631338	0.00672406	0.0110657	0.0106141	0.0267285	0.0488882	0.304438	0.00213797	0.0612621
15	0.123137	0.0115832	0.014811	0.0268947	0.00669324	0.0109569	0.00806298	0.152137	0.157794	0.0337987	0.0161183	0.0126373	0.00485973	0.0495071	0.0873439	0.027094	0.062215	0.17119	0.00218607	0.0209796
16	0.0807307	0.00822677	0.0300236	0.0337317	0.0183472	0.22831	0.0165663	0.0308169	0.0399857	0.0868171	0.0269831	0.0733859	0.0169838	0.0297711	0.029413	0.105546	0.0432901	0.0830302	0.00417366	0.0138678
17	0.11511	0.0955239	0.00163347	0.00867565	0.00139787	0.0126172	0.0012205	0.189136	0.00231959	0.122547	0.0502899	0.0081573	0.00123586	0.00875679	0.0017279	0.00865368	0.0336813	0.330412	0.000357378	0.00654636
18	0.0304159	0.000306762	0.245674	0.395858	0.00329715	0.0300821	0.0205903	0.0151899	0.062394	0.00682114	0.0050263	0.0306404	0.0268929	0.0573089	0.0185671	0.0231217	0.015883	0.00774156	0.000215547	0.00397309
19	0.0571088	0.000969421	0.160377	0.242866	0.0103185	0.0866458	0.0135953	0.0118616	0.0615006	0.0106167	0.0117723	0.0596866	0.0425109	0.0736175	0.0269896	0.0696694	0.0319508	0.0232728	0.0013965	0.00327434
20	0.138839	0.0111843	0.00579631	0.0344351	0.0128584	0.0100207	0.00897279	0.175191	0.0121413	0.0550217	0.0244944	0.00716312	0.0212531	0.0108733	0.0073086	0.0241893	0.0709341	0.350646	0.00176918	0.0169083
21	0.0728907	0.00124449	0.0164803	0.0483002	0.00896209	0.00356815	0.015575	0.0267317	0.209057	0.0562676	0.0248749	0.029813	0.00759238	0.0431988	0.270989	0.0183387	0.0565222	0.0409937	0.0331352	0.0154649
22	0.0990824	0.00107242	0.101909	0.301523	0.00179569	0.0181413	0.00968148	0.0133916	0.0590767	0.0230789	0.0264819	0.0152604	0.00146311	0.19093	0.0440919	0.0454771	0.0288834	0.0148654	0.000317541	0.00347686
23	0.0348128	0.000400394	0.433873	0.304335	0.00215646	0.00348361	0.0174521	0.0200989	0.00987934	0.0263535	0.00550323	0.0300323	0.00138062	0.0266129	0.00680555	0.0358846	0.0221007	0.0165606	0.000363193	0.00191098
24	0.0437353	0.00395565	0.0010252	0.00841735	0.0454099	0.00756044	0.0063656	0.212498	0.00823906	0.245156	0.0527497	0.00233644	0.0106733	0.00248932	0.0107303	0.0103122	0.0229566	0.284239	0.00663385	0.0145159
25	0.106535	0.00147144	0.0482568	0.244375	0.00124551	0.0219659	0.0139449	0.0111415	0.0729686	0.0242548	0.0294103	0.0135577	0.00118053	0.220162	0.0497865	0.0730169	0.0366458	0.0279836	0.000386821	0.00171135
26	0.039238	0.000568561	0.292367	0.302358	0.00312344	0.0187718	0.024546	0.0153135	0.0436101	0.0121872	0.00701635	0.0288513	0.00754855	0.0820464	0.0444367	0.0264555	0.030777	0.00871001	0.000584726	0.01149
27	0.0178597	0.000260266	0.000589863	0.00212378	0.0141025	0.0017208	0.00141888	0.359384	0.00156037	0.166279	0.031873	0.000706689	0.00346114	0.00143566	0.000764848	0.00794797	0.0182099	0.368115	0.000255161	0.00193096
28	0.022586	0.00152568	0.00145302	0.00307594	0.00611573	0.00734204	0.00166923	0.310845	0.0029462	0.0483821	0.0265885	0.00150048	0.00271575	0.00349033	0.00105195	0.00953443	0.0219278	0.525933	0.000198473	0.00111862
29	0.0342916	0.000366047	0.418273	0.312142	0.00163849	0.00269223	0.0206987	0.0223622	0.00815235	0.0222001	0.0057089	0.0283062	0.00091053	0.0347609	0.00603421	0.0404388	0.025412	0.0132127	0.000292261	0.00210669
30	0.0165665	0.000569611	0.00164008	0.00281652	0.172612	0.00201099	0.0224299	0.0216882	0.00270863	0.0318778	0.00223399	0.00224011	0.00102671	0.00225125	0.00229641	0.00378994	0.0167958	0.0234743	0.0135074	0.657464
31	0.00578425	0.00261039	0.00103036	0.0032435	0.0775854	0.0029274	0.00819023	0.13091	0.00713691	0.513799	0.112398	0.00150615	0.00078554	0.00485176	0.00594788	0.00501994	0.0155299	0.0649698	0.00599277	0.0297804
32	0.0182822	0.000525314	0.0050582	0.016372	0.00344141	0.00961669	0.00757291	0.00135954	0.490585	0.0064182	0.00113024	0.0129158	0.00944229	0.0395542	0.321131	0.0368309	0.0152515	0.00364102	0.000287733	0.000584076
33	0.0643477	0.000364468	0.226208	0.10679	0.00319955	0.0383629	0.0276834	0.00647028	0.113758	0.0102287	0.00304668	0.143815	0.000691117	0.0736027	0.038239	0.0871314	0.0290137	0.00860063	0.0044878	0.0139592
34	0.16005	0.00115785	0.00836999	0.0265779	0.00473888	0.0133776	0.0229093	0.016235	0.0434159	0.0267825	0.00881765	0.0343449	0.394171	0.0302325	0.0527494	0.0840787	0.0357767	0.0292175	0.004417	0.00258027
35	0.0927803	0.00344221	0.073478	0.140952	0.00587096	0.0633155	0.026648	0.00366882	0.144467	0.0355442	0.0198403	0.0495673	0.00467302	0.0722489	0.116902	0.0760392	0.0516537	0.0143364	0.00163394	0.00293791
36	0.0187367	0.000526928	0.00523737	0.0183184	0.00401837	0.00726257	0.00611881	0.00128936	0.507127	0.00511274	0.00113301	0.0102865	0.0109381	0.041427	0.308617	0.0346714	0.0150003	0.0033976	0.000255296	0.000525397
37	0.0166009	0.000545651	0.00163702	0.00279648	0.172288	0.00201086	0.0224739	0.021736	0.00270832	0.0316097	0.0021313	0.00220999	0.00103233	0.00225166	0.00230588	0.00378003	0.0168313	0.0235073	0.0133643	0.658179
38	0.0904362	0.0035589	0.00626558	0.0312494	0.0186926	0.0111438	0.0426785	0.0214207	0.136164	0.00566499	0.0103068	0.0180604	0.00184258	0.14706	0.0898323	0.165422	0.143594	0.0256327	0.00103993	0.0299349
39	0.0050573	0.000429235	0.000565015	0.00493186	0.0431644	0.00128599	0.00418891	0.175126	0.0117168	0.504974	0.110429	0.00276578	0.000448471	0.00718673	0.011352	0.00359922	0.0201442	0.0793642	0.0032629	0.0100081
40	0.00963479	0.000390142	0.0169862	0.0110166	0.00941496	0.868197	0.00567812	0.00185448	0.0226538	0.00204692	0.00155443	0.0180164	0.00133816	0.0144912	0.00166827	0.00761684	0.00381909	0.00241961	0.000390881	0.00081181
41	0.496008	0.0290768	0.00326044	0.00887182	0.00620727	0.10836	0.00292212	0.0243553	0.0113673	0.0396906	0.0100716	0.00362821	0.0027785	0.00365579	0.00866674	0.125957	0.0531291	0.0601856	0.000737891	0.0010698
42	0.0189423	0.000559938	0.00527773	0.0184951	0.00407985	0.00721331	0.00618368	0.00130648	0.506928	0.00511238	0.00111743	0.0102444	0.0109598	0.0416816	0.307712	0.0348886	0.0150531	0.00346651	0.000255825	0.00052191
43	0.032216	0.000666486	0.00128249	0.00656708	0.0391033	0.00437852	0.00460845	0.287985	0.00432593	0.240547	0.0499027	0.00181567	0.0188533	0.0015708	0.00505468	0.0100415	0.018815	0.262127	0.00325351	0.00688622
44	0.0919309	0.00194854	0.00532236	0.0201426	0.00761125	0.0122956	0.0105884	0.037252	0.0463854	0.100731	0.0235216	0.0231644	0.312691	0.0205221	0.0743304	0.0430199	0.0744367	0.076159	0.00583336	0.0121129
45	0.0175375	0.000444231	0.00484813	0.0161556	0.00336036	0.00883514	0.00725514	0.00135666	0.494885	0.00599531	0.00111529	0.0121266	0.00950315	0.0392352	0.322393	0.035892	0.0148729	0.00338543	0.000271181	0.000532409
46	0.0110579	0.000603837	0.0151898	0.0104626	0.00944197	0.869518	0.0048484	0.00197956	0.0190388	0.00306606	0.00179861	0.0156241	0.00186553	0.0133325	0.00218246	0.0103584	0.00458361	0.00350494	0.000474766	0.00106812
47	0.116738	0.0872487	0.00133776	0.00741997	0.00127742	0.00987855	0.00126748	0.193244	0.00205395	0.121117	0.0460758	0.00552581	0.00141289	0.00860783	0.00153794	0.00734665	0.0334988	0.348949	0.000299026	0.00516339
48	0.0109691	0.0010268	0.00059704	0.00287132	0.0357325	0.00152697	0.00372035	0.261415	0.00580706	0.435653	0.0813525	0.00130169	0.001253	0.00379232	0.00538992	0.00539961	0.0178749	0.113924	0.0025955	0.00779673
49	0.00423963	0.00014421	0.000500174	0.00264453	0.0495867	0.00125109	0.00411417	0.153159	0.00712735	0.561252	0.104618	0.000724109	0.000314561	0.00530775	0.00545154	0.00118461	0.0155251	0.0692464	0.00342046	0.0101881
50	0.115293	0.0155607	0.00472895	0.0420329	0.0237755	0.00831487	0.0399116	0.193191	0.0115113	0.0509228	0.0266468	0.00604964	0.0047922	0.00870025	0.00648038	0.051747	0.0727052	0.223087	0.00146357	0.0930861
51	0.012225	0.00076277	0.0140333	0.0101204	0.00909197	0.870968	0.00482212	0.00215017	0.019659	0.00294777	0.00220459	0.0154777	0.00174434	0.0131829	0.00228119	0.00932102	0.00440208	0.00311882	0.000420842	0.00106585
52	0.0794632	0.000556272	0.00539497	0.0183859	0.0033606	0.00727927	0.00573483	0.00728159	0.0133228	0.0162722	0.00341989	0.00783814	0.680492	0.016007	0.0262077	0.0637397	0.0283935	0.0128189	0.00267469	0.00135708
53	0.0815285	0.000579733	0.00711859	0.0194825	0.00401401	0.0110968	0.00627316	0.00951827	0.0157188	0.0186749	0.0044177	0.00959938	0.65393	0.0159371	0.0274855	0.0601418	0.0297679	0.0186553	0.0037306	0.00232987
54	0.0136824	0.000826057	0.0160117	0.0110147	0.00901676	0.864839	0.0049668	0.00227908	0.0191873	0.0029904	0.001819	0.0155904	0.0020001	0.0129929	0.00231088	0.0103378	0.00465013	0.00416901	0.000419987	0.000896121
55	0.180223	0.136349	0.0286817	0.00738787	0.00496066	0.0133566	0.0134813	0.0883653	0.0371715	0.0329786	0.0130089	0.00589348	0.00252079	0.016037	0.0346933	0.112669	0.117891	0.148792	0.00107763	0.00446104
56	0.0175676	0.00105098	0.0147318	0.0117762	0.00903967	0.856154	0.00489368	0.00261033	0.0191636	0.00411298	0.00207639	0.0146231	0.00198184	0.0134355	0.00320874	0.0125794	0.00507323	0.00426891	0.000609513	0.00104297
57	0.0487565	0.00228048	0.0553035	0.0557958	0.00814856	0.0455942	0.0129446	0.0162274	0.291	0.0200264	0.0108377	0.106415	0.0114219	0.0389309	0.154426	0.0457889	0.0438457	0.0215727	0.00424585	0.00643921
58	0.0333637	0.00594627	0.00723315	0.00560146	0.0031913	0.00574477	0.0101933	0.00909255	0.00511718	0.00630837	0.00680748	0.0256498	0.00587787	0.0140779	0.00529319	0.208918	0.630468	0.00834283	0.000901792	0.0018714
59	0.0180622	0.0137978	0.0072962	0.00823136	0.143901	0.0170246	0.0566418	0.0239707	0.0112693	0.243347	0.172266	0.0105491	0.0056855	0.00907392	0.0173086	0.0293575	0.0303808	0.0277848	0.0121469	0.141904
60	0.00485235	0.000172466	0.00047919	0.00261693	0.0455949	0.00112985	0.00465506	0.171103	0.00703738	0.540129	0.100255	0.000719523	0.000401074	0.00506106	0.00583891	0.00134759	0.0170144	0.0784062	0.003272	0.00991341
61	0.785116	0.00360986	0.00138338	0.00404949	0.00147483	0.0284343	0.000837786	0.0148207	0.00389298	0.00526135	0.00162952	0.00168451	0.000584133	0.00130602	0.00208225	0.0941558	0.0194528	0.0294164	0.000270568	0.000536993
62	0.0179203	0.000430911	0.00495608	0.0171149	0.00370882	0.00760852	0.00622813	0.00131121	0.506281	0.00532882	0.0011583	0.0106798	0.0104867	0.0400914	0.313935	0.0342864	0.0144758	0.00322814	0.000261258	0.000508531
63	0.772814	0.00513018	0.00114902	0.00382904	0.00165212	0.0283072	0.000762592	0.0144235	0.00375465	0.00570916	0.00158612	0.00118892	0.000544468	0.000980275	0.00205604	0.0957657	0.025469	0.0342117	0.000216507	0.000450132
64	0.0215303	0.000460901	0.000660795	0.00225432	0.00948738	0.00325658	0.00107126	0.322027	0.00288739	0.0704635	0.0251129	0.000834414	0.00307665	0.00295709	0.000792834	0.00593793	0.0235091	0.502605	0.000150729	0.000923688
65	0.787805	0.0040211	0.00127381	0.00369121	0.00176894	0.0226689	0.000810676	0.0146131	0.00401211	0.00438602	0.0020524	0.00131324	0.000743127	0.00157617	0.0022422	0.0986808	0.0189364	0.028462	0.000312511	0.00063055
66	0.0891197	0.00365087	0.0430286	0.0632488	0.00687948	0.142911	0.0149295	0.00860645	0.162642	0.0232969	0.0134325	0.142029	0.00566527	0.0377532	0.116342	0.0492677	0.0533097	0.0158873	0.00291393	0.00508465
67	0.0531472	0.00231012	0.186189	0.327541	0.00647877	0.0240947	0.0219364	0.0221285	0.0620655	0.0210639	0.0125686	0.0324693	0.0161777	0.0725403	0.0371901	0.0394345	0.030325	0.0226159	0.00173087	0.00799302
68	0.450768	0.037421	0.001914	0.00376322	0.00948186	0.0468004	0.00172319	0.0289084	0.00619803	0.0743054	0.0195764	0.00259094	0.00145868	0.00239796	0.0075939	0.178954	0.0797487	0.044315	0.000726425	0.00135413
69	0.0279912	0.000918655	0.0498408	0.0270721	0.00421523	0.653121	0.0221657	0.0031672	0.0736581	0.00329666	0.00238696	0.0762267	0.000999235	0.0266461	0.00361406	0.0139132	0.00471331	0.0040198	0.000894993	0.00113907
70	0.160036	0.0437889	0.0031758	0.0125882	0.0146242	0.0181936	0.00448399	0.132921	0.0118952	0.128848	0.0504299	0.00865557	0.00950363	0.00882494	0.00957501	0.0383275	0.0658891	0.266683	0.0020247	0.0095318
71	0.0997568	0.00165997	0.00986128	0.0403048	0.00474476	0.0127056	0.00847032	0.0141774	0.0225768	0.0201919	0.00595135	0.0136089	0.54372	0.0197259	0.0271947	0.055256	0.0664031	0.0268702	0.00349729	0.00332331
72	0.0171687	0.0147752	0.00289961	0.00756849	0.310684	0.00350091	0.0148075	0.0107711	0.00778583	0.133862	0.0560807	0.00599487	0.00142075	0.00343923	0.00566483	0.0137776	0.0104618	0.0211847	0.0286656	0.329487
73	0.0264497	0.000505264	0.00106121	0.00803917	0.0927875	0.0174965	0.00960292	0.15605	0.0111729	0.331909	0.0733547	0.00195406	0.00469121	0.00258125	0.015272	0.00964507	0.0199104	0.174678	0.0160537	0.0267848
74	0.137439	0.00283529	0.0241809	0.024279	0.0107922	0.0254974	0.0127112	0.0156712	0.0341313	0.0227659	0.00986278	0.0268036	0.336387	0.0308834	0.0338776	0.158876	0.0588535	0.0270258	0.0039412	0.00318631
75	0.043088	0.00041006	0.279007	0.373	0.00203096	0.0143276	0.0160265	0.0171942	0.0368795	0.0160217	0.00807845	0.0238013	0.00873099	0.0731567	0.0186328	0.035664	0.0203542	0.0102062	0.00028255	0.00310731
76	0.0171805	0.0145011	0.00219025	0.00624794	0.281936	0.00478469	0.010625	0.0611214	0.00697301	0.257921	0.0788976	0.00526757	0.00184114	0.00259253	0.00583781	0.0165362	0.0110626	0.0538694	0.0259915	0.134623
77	0.051062	0.00984949	0.0320749	0.0382171	0.0116295	0.0343588	0.0105267	0.21508	0.0213385	0.0542859	0.056041	0.0123704	0.00349466	0.0354896	0.0073374	0.0382059	0.0938587	0.265492	0.00127328	0.00801397
78	0.034226	0.000499401	0.380008	0.312508	0.00233918	0.0111397	0.0193331	0.0187804	0.0272824	0.0167805	0.0052955	0.0353743	0.00848427	0.0360806	0.0106404	0.0421999	0.0231878	0.012461	0.00054667	0.00283306
79	0.0856042	0.00628396	0.014185	0.0201368	0.0208564	0.0501121	0.0105126	0.102543	0.0703359	0.110075	0.116766	0.0146629	0.0130987	0.0501717	0.0165665	0.057701	0.0487551	0.172328	0.00366967	0.0156357
80	0.0184645	0.0222048	0.00150255	0.0103372	0.36329	0.00310057	0.00917788	0.00437742	0.00760687	0.184262	0.0815432	0.00657225	0.000876312	0.00172751	0.00391047	0.0189865	0.00594894	0.0198435	0.0391536	0.197115
81	0.0659912	0.00776666	0.00684235	0.0180249	0.0159399	0.0127187	0.0114554	0.209375	0.0810145	0.049246	0.0457921	0.00832941	0.00594521	0.0297105	0.0225033	0.0210565	0.0760557	0.267716	0.00209219	0.0424238
82	0.0113577	0.000605094	0.0149926	0.0108135	0.00976053	0.867035	0.00581704	0.00254944	0.0190458	0.0027892	0.00205947	0.0153171	0.00162938	0.013527	0.00268387	0.0102149	0.00484111	0.00306122	0.000655329	0.00124491
83	0.074734	0.00804385	0.00782028	0.0132237	0.0217556	0.0185218	0.0126673	0.132403	0.0231203	0.131733	0.089925	0.0377824	0.0492081	0.0295036	0.0239494	0.0514875	0.0754468	0.175818	0.00370311	0.0191528
84	0.147393	0.0091757	0.0208313	0.0252191	0.0108785	0.473872	0.00922747	0.0152344	0.0273997	0.0257177	0.0110859	0.0234865	0.0149448	0.0194692	0.0183565	0.0590178	0.0521547	0.0288645	0.00246008	0.00521169
85	0.204545	0.00170033	0.0205837	0.0239317	0.010375	0.0288686	0.0145764	0.0192628	0.0392855	0.0246289	0.0127381	0.0592379	0.240499	0.0556406	0.0373396	0.12797	0.0399985	0.030768	0.004176	0.00387384
86	0.351974	0.00306175	0.0324085	0.0144963	0.006329	0.0378934	0.00769133	0.0383967	0.106241	0.0137771	0.0354977	0.00940325	0.00446513	0.0103238	0.0645179	0.222863	0.0181424	0.0148277	0.00203299	0.00565647
87	0.0189605	0.000441132	0.00510459	0.0168399	0.00358861	0.00828405	0.00683096	0.00177549	0.493716	0.00639705	0.00155611	0.0119561	0.00963247	0.0393317	0.320728	0.0349118	0.0151816	0.00390316	0.000277801	0.000582732
88	0.0322281	0.00611923	0.000697823	0.00353712	0.00687987	0.00441353	0.00138289	0.296913	0.0029197	0.0701096	0.0266632	0.00114354	0.00343554	0.00384262	0.00108134	0.00646628	0.0215462	0.508153	0.000384272	0.00208299
89	0.0405524	0.00448592	0.0245178	0.0342496	0.0734583	0.0255459	0.0346307	0.0420806	0.056792	0.0447161	0.0920602	0.082008	0.0122848	0.0407143	0.221809	0.0419095	0.0547307	0.0347258	0.00882615	0.0299025
90	0.0486986	0.000435293	0.380097	0.242098	0.00235243	0.012666	0.0189228	0.0142595	0.0340562	0.0203604	0.00624739	0.0582359	0.00229535	0.0452489	0.0154921	0.0556013	0.0258619	0.0111315	0.00105429	0.00488483
91	0.0045207	0.000332224	0.000562089	0.0026895	0.0492265	0.00146821	0.00462798	0.150395	0.00721628	0.55935	0.107159	0.000819948	0.000393068	0.00533752	0.00559302	0.00141873	0.0156824	0.0684465	0.00339161	0.0113697
92	0.0185175	0.0153904	0.00189371	0.00714618	0.322818	0.00333679	0.0130783	0.0102077	0.00633738	0.13473	0.0564426	0.00626914	0.00116547	0.00241937	0.00444009	0.0144282	0.00913517	0.0218431	0.0302144	0.320186
93	0.076214	0.000613995	0.217004	0.111407	0.0072411	0.0306717	0.0183995	0.00460541	0.132374	0.017587	0.00795382	0.105888	0.00210736	0.061435	0.0510534	0.0966374	0.0309521	0.0159614	0.00282648	0.00906659
94	0.088473	0.00252522	0.0134056	0.075382	0.00659505	0.00746363	0.00976811	0.0493893	0.23398	0.0192837	0.0107398	0.0896602	0.00522611	0.0655637	0.0394676	0.0251024	0.18017	0.0703672	0.0024838	0.00495373
95	0.330713	0.0162973	0.0108772	0.0301742	0.00526525	0.321822	0.00875058	0.0110539	0.0234935	0.0349793	0.0066217	0.0132257	0.00505999	0.00970185	0.0192391	0.0787337	0.0225461	0.0463287	0.00150901	0.00360797
96	0.0186045	0.000541731	0.0052832	0.0166145	0.00353169	0.00950701	0.00749168	0.00173256	0.483598	0.0072518	0.00186201	0.0131074	0.00917908	0.0392874	0.323909	0.03729	0.0154301	0.0038903	0.00103173	0.00085562
97	0.13069	0.00332144	0.0293559	0.0267099	0.00952659	0.0905063	0.00989313	0.0158405	0.0229723	0.0191028	0.0128986	0.0243959	0.404145	0.02167	0.0279669	0.0657581	0.0333927	0.035311	0.0104285	0.00611527
98	0.43462	0.109977	0.00572422	0.00636274	0.0078883	0.034026	0.00434282	0.0256097	0.010214	0.0414704	0.013027	0.00465154	0.0023878	0.0054997	0.0106104	0.185938	0.0514132	0.0424741	0.00115788	0.00260519
99	0.00721674	0.000291605	0.000766222	0.0021465	0.0249001	0.00098539	0.00195283	0.456672	0.00242728	0.290538	0.0473511	0.000815162	0.00152436	0.00200846	0.00205726	0.00374084	0.0107688	0.138726	0.0012199	0.00389158
100	0.0183553	0.000310424	0.000649683	0.0018957	0.00722272	0.00457972	0.00083101	0.336572	0.00245531	0.0421191	0.0168	0.000858418	0.00237293	0.00269964	0.000957578	0.00575431	0.0161851	0.538513	0.000227861	0.000640017
101	0.0183058	0.011643	0.00200239	0.00582078	0.287938	0.00261217	0.0153689	0.0127235	0.00633502	0.105417	0.0407633	0.00506781	0.00110548	0.00237303	0.00434371	0.0109299	0.0110706	0.0208859	0.026061	0.409232
102	0.0137898	0.000704953	0.00115758	0.00255101	0.014482	0.00357279	0.00154816	0.461741	0.00319632	0.0760069	0.0145529	0.00141995	0.00205114	0.00258256	0.00156722	0.0056427	0.0144346	0.377147	0.000399759	0.00145208
103	0.0278903	0.000498514	0.525672	0.212679	0.00221073	0.0127419	0.0207618	0.00960008	0.0192597	0.0114805	0.00626786	0.0439456	0.00525107	0.0232522	0.00960372	0.0321374	0.0200927	0.0126821	0.000502771	0.00347009
104	0.046484	0.00175023	0.202612	0.351617	0.00709924	0.0224229	0.0187816	0.023557	0.0565392	0.0194203	0.0133082	0.0295147	0.0145359	0.0656125	0.0322983	0.0361706	0.0296875	0.0202221	0.00162362	0.00674334
105	0.00656703	0.000250331	0.000696029	0.00226331	0.05437	0.00184082	0.00422192	0.309796	0.00438673	0.399415	0.0673625	0.000731442	0.00116214	0.00310518	0.00406574	0.00344016	0.013058	0.110778	0.00413207	0.00835765
106	0.0333547	0.00059277	0.490895	0.174877	0.00409674	0.021897	0.0225256	0.0149342	0.0297714	0.0120886	0.00708107	0.0518321	0.0100555	0.0258287	0.0151918	0.0427402	0.0225308	0.0141328	0.000973323	0.00460002
107	0.773341	0.00423995	0.0013599	0.00441069	0.00174097	0.0233538	0.000781359	0.0160246	0.0038644	0.00693227	0.00189216	0.000948474	0.000538911	0.00138588	0.00214119	0.0937161	0.0268232	0.0356581	0.000220567	0.000626872
108	0.0131435	0.000222272	0.000625366	0.00213209	0.0139033	0.00120345	0.00128932	0.431003	0.00125958	0.213483	0.0361191	0.000786684	0.00275635	0.00116462	0.000908988	0.00630802	0.0131838	0.25812	0.000264975	0.00212309
109	0.0736683	0.00231306	0.153758	0.0202791	0.045791	0.100386	0.00713993	0.0124048	0.0151716	0.0111511	0.0326561	0.041393	0.161531	0.0471362	0.0106558	0.208276	0.0355682	0.0154019	0.00122492	0.00409478
110	0.0234719	0.00208099	0.0703762	0.14413	0.0416921	0.00903576	0.0914251	0.0230324	0.0823988	0.0225867	0.00948211	0.0422278	0.00319448	0.0462901	0.174603	0.0160386	0.030575	0.0375006	0.0372782	0.0925808
111	0.0905112	0.00203977	0.0169832	0.0404168	0.00985314	0.0122132	0.0108799	0.030935	0.132869	0.0659213	0.0465291	0.0256823	0.00937221	0.0289642	0.244237	0.0517465	0.100295	0.0349799	0.0332504	0.0123207
112	0.0814424	0.00278128	0.0851098	0.136168	0.00655568	0.0675847	0.0252132	0.00401018	0.147524	0.0349727	0.017425	0.0596835	0.00429267	0.0672738	0.121287	0.0738471	0.0445425	0.0137552	0.0021494	0.00438202
113	0.106414	0.00239485	0.0256699	0.0527652	0.011101	0.0695713	0.0523115	0.0109009	0.0949932	0.020771	0.0922381	0.0509976	0.0118242	0.175089	0.0531608	0.091049	0.0325394	0.0245517	0.00291306	0.0187438
114	0.171142	0.0199155	0.00947566	0.0222299	0.017203	0.0206053	0.00943317	0.0929727	0.0293476	0.130072	0.0301652	0.013448	0.0148502	0.0159131	0.0221641	0.0573329	0.128901	0.177264	0.00360654	0.0139577
115	0.00770513	0.000272386	0.000555469	0.00257707	0.0850733	0.00260859	0.00597907	0.197847	0.00523265	0.446709	0.0813254	0.000854693	0.00211034	0.00335953	0.005328	0.00444221	0.014078	0.115999	0.0065761	0.0113666
116	0.0701214	0.000866791	0.189594	0.145626	0.00469487	0.0370458	0.0225784	0.00745928	0.113379	0.0147551	0.00839142	0.1075	0.00626745	0.086879	0.046612	0.0823552	0.0307279	0.0121968	0.00296276	0.00998655
117	0.113556	0.00199191	0.0598242	0.266957	0.00232574	0.0183023	0.0130821	0.00901442	0.0803657	0.0194797	0.0278964	0.0150525	0.00261359	0.207827	0.0509337	0.0673598	0.0239185	0.0151069	0.000646809	0.00374628
118	0.00423342	0.000143539	0.000492123	0.00264254	0.0487679	0.00122733	0.00408033	0.153227	0.00714912	0.562339	0.104745	0.000722745	0.000307866	0.00535247	0.00547472	0.00112502	0.0155884	0.0688975	0.00332096	0.0101627
119	0.00895466	0.00266692	0.00104558	0.00428782	0.0393185	0.00163971	0.00452451	0.176325	0.00868493	0.507662	0.101387	0.00279781	0.000762623	0.00867487	0.00905518	0.00378831	0.0212423	0.0847446	0.00278603	0.0096521
120	0.105457	0.0087369	0.0136171	0.0212509	0.00694039	0.0136021	0.0104962	0.123653	0.0471426	0.0510956	0.015159	0.0134916	0.00538388	0.0110208	0.0194902	0.167907	0.183202	0.17235	0.00209797	0.0079069
121	0.0886807	0.00185842	0.0735746	0.282446	0.00240273	0.0173919	0.0140868	0.0117693	0.0754291	0.0198717	0.0248992	0.0134791	0.00276809	0.227012	0.0504933	0.0481644	0.0243132	0.0160509	0.000902016	0.00440701
122	0.00483952	0.000402926	0.000919731	0.0029023	0.0501332	0.00162965	0.00494354	0.150785	0.00715789	0.554806	0.107045	0.000901562	0.000735045	0.00536422	0.00557776	0.00179459	0.0160825	0.0684942	0.0034522	0.0120326
123	0.0346043	0.00052302	0.408701	0.268692	0.00287255	0.0140696	0.0240411	0.0129309	0.0276506	0.0139839	0.00774736	0.0345945	0.00671718	0.0543236	0.0169333	0.0321682	0.0218496	0.010867	0.000535797	0.00619478
124	0.0187296	0.000299322	0.000640905	0.00191329	0.00711342	0.00440564	0.000835446	0.333398	0.00251466	0.0406945	0.0169811	0.00081501	0.00241076	0.00284731	0.000970829	0.00554209	0.0166518	0.542376	0.000216165	0.000644296
125	0.0140093	0.00112127	0.000670925	0.00222981	0.0140451	0.00109854	0.00136614	0.4359	0.00124891	0.229444	0.038124	0.000841908	0.00322724	0.00100518	0.000956575	0.0063641	0.0125963	0.233116	0.000293259	0.00234091
126	0.0165402	0.000353888	0.000607287	0.00246839	0.0173855	0.000626451	0.00151284	0.36014	0.00138679	0.264889	0.0511077	0.000767641	0.00381684	0.00103424	0.000851029	0.00679472	0.0182359	0.248303	0.000229046	0.00294989
127	0.00854456	0.000350311	0.000648472	0.00321546	0.0124001	0.000712035	0.00128894	0.354394	0.00216234	0.340899	0.0870151	0.000966855	0.00165296	0.00194546	0.00216862	0.00449528	0.017294	0.153878	0.000494143	0.00547396
128	0.286568	0.031436	0.0125836	0.036409	0.00486549	0.349586	0.00997535	0.0108323	0.0277328	0.0267908	0.00562782	0.0147998	0.00382411	0.011897	0.0227847	0.0848795	0.0211542	0.0333466	0.0017614	0.00314544
129	0.805827	0.00245938	0.0010321	0.00361918	0.00104984	0.0223746	0.000525506	0.0143151	0.00332185	0.00250301	0.0007845	0.000780032	0.000402035	0.000957815	0.00130736	0.0915508	0.0174993	0.0290515	0.000178965	0.000459691
130	0.0381476	0.00401079	0.00890276	0.0066549	0.00386415	0.00747306	0.010231	0.00988701	0.00550603	0.00753329	0.00618314	0.0260818	0.00553362	0.0159566	0.00559782	0.166875	0.657816	0.0103645	0.000923756	0.00245727
131	0.0517739	0.00378351	0.0795309	0.0549203	0.0171156	0.0785571	0.0215281	0.026551	0.0958038	0.0309468	0.0200923	0.230528	0.0136918	0.0370045	0.0605055	0.0687846	0.0525528	0.0365973	0.00469312	0.0150389
132	0.0304919	0.00420543	0.0146123	0.0276927	0.0922896	0.0168221	0.0199412	0.0439178	0.0521968	0.138428	0.04418	0.0178396	0.00737072	0.0285453	0.296474	0.0265693	0.0405075	0.0500212	0.0117446	0.0361496
133	0.183216	0.00125419	0.00611219	0.0294694	0.0024052	0.00596212	0.0111804	0.0198446	0.129866	0.04085	0.0181475	0.0202398	0.236458	0.0267151	0.114934	0.0544422	0.0395461	0.0487022	0.00685586	0.00379923
134	0.0241646	0.000323965	0.480083	0.298442	0.00187583	0.00645557	0.0198768	0.0146376	0.014336	0.0152975	0.00529829	0.022661	0.00422614	0.0272505	0.00651774	0.0251315	0.0170052	0.0131191	0.000311059	0.00298672
135	0.0411678	0.0020958	0.041285	0.0385287	0.0066818	0.0175217	0.0110619	0.247798	0.0122773	0.020462	0.0457136	0.0243133	0.00313362	0.015933	0.00685844	0.0770612	0.103032	0.278139	0.00125981	0.00567652
136	0.0116767	0.000923317	0.00214225	0.00369562	0.0544889	0.00311065	0.00516605	0.161087	0.00864572	0.507705	0.0936432	0.00223723	0.00295598	0.00613776	0.00810485	0.00460837	0.0182727	0.0857525	0.00430857	0.0153381
137	0.0346575	0.00063693	0.471007	0.147261	0.0043648	0.0190102	0.0411609	0.00731387	0.0365546	0.00929781	0.00912048	0.0740511	0.00698506	0.0311378	0.018771	0.0413905	0.0249809	0.0128481	0.00137862	0.00807143
138	0.177034	0.000958112	0.00277357	0.0338413	0.0021929	0.00633314	0.0162308	0.0174393	0.0718537	0.0336555	0.00734262	0.0185171	0.347514	0.034054	0.0587029	0.0861485	0.0404174	0.0373254	0.00573129	0.00193467
139	0.239503	0.00191519	0.170116	0.165924	0.00507055	0.0307798	0.0135767	0.0135632	0.0574477	0.0179954	0.0126337	0.0393115	0.00696193	0.0559423	0.0347637	0.0782882	0.0315397	0.0169802	0.00154523	0.00614134
140	0.00682709	0.000237646	0.00071699	0.00226198	0.0828612	0.00218379	0.00564385	0.217681	0.00472322	0.442595	0.0772056	0.000755005	0.00099741	0.00322251	0.00438041	0.00427538	0.0135652	0.112854	0.00634573	0.0106673
141	0.00501657	0.000459056	0.000482845	0.00342887	0.0453983	0.00125298	0.0041501	0.161925	0.0081634	0.538876	0.105818	0.00114444	0.000634428	0.00633866	0.00679152	0.00191781	0.0178934	0.0768475	0.00318832	0.0102724
142	0.0373264	0.00259585	0.0250328	0.0490258	0.016112	0.0116699	0.0213842	0.0199184	0.177759	0.0239873	0.0222206	0.0221688	0.0062371	0.0804156	0.372274	0.0319694	0.0421792	0.0218925	0.00735665	0.00847461
143	0.0862812	0.000728423	0.00434822	0.0184359	0.0025271	0.00790922	0.00654539	0.00742054	0.0156752	0.0169508	0.00337423	0.00879777	0.670188	0.0157707	0.0293543	0.0604866	0.0271747	0.0139037	0.00274707	0.00138049
144	0.0140984	0.000654437	0.0163447	0.0130641	0.00908519	0.84876	0.00553356	0.00223782	0.0228468	0.00342355	0.00298472	0.0164872	0.00162378	0.0176024	0.00461234	0.0111999	0.00478856	0.00333928	0.000426668	0.000886963
145	0.0396214	0.00191057	0.015591	0.0391435	0.0158287	0.0132804	0.0161435	0.017765	0.219003	0.0275011	0.0180417	0.022427	0.00964537	0.0480517	0.387525	0.032363	0.0376232	0.0219711	0.00690629	0.00965794
146	0.0111419	0.00163177	0.00156156	0.00349146	0.115206	0.00377497	0.00792441	0.199786	0.006396	0.392594	0.0715344	0.00203046	0.00229256	0.00357267	0.00571284	0.00686972	0.0150835	0.118382	0.0088932	0.022121
147	0.0312817	0.000653286	0.518949	0.169667	0.00399407	0.0174323	0.0233073	0.00869279	0.0268654	0.0114159	0.00787259	0.0526226	0.00761134	0.0238911	0.0162857	0.0381258	0.0223787	0.0136333	0.00100436	0.00431556
148	0.0568658	0.00499198	0.0203903	0.0451172	0.0166369	0.0119392	0.0226929	0.0367248	0.110029	0.0357107	0.0239889	0.0235994	0.0113137	0.0811901	0.290484	0.0326503	0.0800925	0.0740705	0.00946017	0.0120508
149	0.0177184	0.00149235	0.0219444	0.124231	0.0232465	0.00522585	0.245309	0.0160127	0.0681464	0.0151718	0.00605371	0.0407131	0.00242797	0.100887	0.183822	0.00963801	0.0614141	0.0202451	0.00935878	0.0269419
150	0.0116661	0.000365049	0.00087721	0.00193112	0.0114324	0.00316522	0.00101809	0.490766	0.00221012	0.0735337	0.0108947	0.00104333	0.00186189	0.00212861	0.00113198	0.00471722	0.0116437	0.368663	0.000354512	0.000596338
151	0.0379237	0.00114664	0.00307059	0.0156677	0.0449355	0.00295493	0.0913847	0.126143	0.0126535	0.0541195	0.107149	0.0340926	0.0133921	0.0225972	0.0664286	0.037365	0.187314	0.0765791	0.00105705	0.0640258
152	0.0183292	0.000353931	0.000618764	0.00190111	0.00812564	0.00418452	0.000916896	0.337078	0.00249671	0.0506074	0.0179156	0.000829022	0.00251897	0.00267043	0.000940602	0.00561826	0.0166994	0.527216	0.000212476	0.000767573
153	0.0445849	0.00118531	0.195601	0.0326383	0.025007	0.271946	0.00331931	0.00533668	0.00881875	0.00535323	0.00746203	0.0628059	0.085082	0.0255462	0.00465524	0.184833	0.0229583	0.00932519	0.000961284	0.00258013
154	0.0769845	0.0016013	0.00481477	0.00730109	0.00736316	0.00801525	0.00430889	0.0544715	0.0675752	0.30829	0.0480369	0.0413159	0.0753534	0.00806189	0.0788763	0.015341	0.0678598	0.0871275	0.00148573	0.0358163
155	0.0874261	0.000742842	0.00552094	0.0199373	0.00345512	0.0116393	0.00697493	0.00991313	0.0278653	0.0218729	0.00672477	0.0100491	0.616463	0.0169224	0.0428714	0.0564261	0.0293007	0.0190805	0.00395415	0.0028595
156	0.0457363	0.0017788	0.364345	0.0696833	0.00685476	0.0751569	0.0110146	0.0106021	0.0547448	0.0133938	0.00970819	0.0722164	0.0138938	0.0203142	0.0214244	0.0882833	0.0764973	0.038756	0.0016775	0.00391859
157	0.0482416	0.00101018	0.00129787	0.0139384	0.0525643	0.0158746	0.0108729	0.157423	0.0156635	0.238838	0.0630851	0.0028672	0.00942973	0.00294449	0.0269651	0.0136324	0.0255008	0.250545	0.0164107	0.0328954
158	0.109278	0.000492007	0.0251227	0.0529581	0.00165142	0.00145918	0.00912077	0.0360963	0.245272	0.0474066	0.025526	0.0422457	0.00442468	0.0441128	0.20454	0.0244651	0.06675	0.0426318	0.00939445	0.00705176
159	0.0778858	0.00146778	0.169637	0.230274	0.00462888	0.0550019	0.019159	0.0100664	0.0699512	0.0175372	0.0133971	0.0406022	0.0092372	0.10831	0.0556753	0.050129	0.0457578	0.0106622	0.00123706	0.00938246
160	0.0426345	0.00201714	0.0164186	0.0374148	0.0161474	0.0134334	0.0151438	0.0230451	0.190719	0.0346671	0.0218695	0.0268625	0.0123201	0.0445115	0.388879	0.0291457	0.0408833	0.0253187	0.00926126	0.00930728
161	0.0989101	0.0174967	0.0390532	0.120148	0.00929894	0.0168523	0.00454247	0.120984	0.086829	0.120935	0.0104524	0.00651645	0.00208377	0.0709407	0.0562156	0.0298763	0.0597716	0.112256	0.00105184	0.0157869
162	0.104005	0.00187082	0.0525111	0.28846	0.00100107	0.0180703	0.00958746	0.00688268	0.092198	0.0182002	0.0288216	0.0126322	0.000828535	0.220126	0.056799	0.0562007	0.0187471	0.0118884	0.00025155	0.000917826
163	0.0190493	0.00270901	0.000943979	0.00351895	0.0147648	0.00266847	0.00174807	0.395302	0.00285807	0.181951	0.0363048	0.00159499	0.00277575	0.00217272	0.00170075	0.00668305	0.0170989	0.302335	0.000606726	0.00321368
164	0.00396096	0.000196645	0.000585516	0.00189577	0.10956	0.00271185	0.00702799	0.177872	0.004821	0.466323	0.081528	0.000728599	0.000545395	0.0032991	0.00454111	0.004365	0.0126523	0.0961209	0.00878184	0.0124824
165	0.0795592	0.0028816	0.072985	0.139564	0.00650705	0.0701908	0.0274138	0.00389816	0.152636	0.0338704	0.0178586	0.0533189	0.0039803	0.0695997	0.133065	0.0695571	0.0450765	0.012679	0.00206336	0.00329629
166	0.0956009	0.00862862	0.00446332	0.0252239	0.0205269	0.00995651	0.0677998	0.194136	0.011693	0.0982056	0.0255753	0.00626788	0.00583139	0.00771008	0.00947207	0.0446468	0.045125	0.232746	0.00297646	0.0834134
167	0.0170927	0.000657306	0.00184903	0.00312364	0.171949	0.0020782	0.0243865	0.0217807	0.00292194	0.0320187	0.00286869	0.00237477	0.00108651	0.00235577	0.00244472	0.00422203	0.0167344	0.0238226	0.0134368	0.652796
168	0.383501	0.0313638	0.00156934	0.00321152	0.0114509	0.052357	0.00211013	0.038273	0.00578137	0.113193	0.0297521	0.00224585	0.00104382	0.00219504	0.00767514	0.171765	0.0941501	0.0461915	0.000753999	0.00141636
169	0.0582216	0.00160252	0.0122399	0.0137048	0.00375995	0.0123788	0.00771261	0.00387383	0.419172	0.0144731	0.00289091	0.0162042	0.0135446	0.0411395	0.256198	0.0787522	0.0242235	0.0176204	0.000800249	0.00148763
170	0.0223948	0.00184067	0.0269602	0.00877146	0.00508323	0.126784	0.00501805	0.00773991	0.24024	0.00884816	0.00563212	0.339463	0.00317601	0.00671538	0.109984	0.0295709	0.0371389	0.00919058	0.0015421	0.00390608
171	0.0317302	0.00191306	0.00792329	0.0102059	0.0057791	0.00562148	0.00648231	0.2367	0.204923	0.00918704	0.0137513	0.00688045	0.00278854	0.0170325	0.0405067	0.014249	0.10408	0.22833	0.00169377	0.0502224
172	0.114951	0.00123902	0.0126898	0.0416838	0.00236406	0.00422956	0.0147862	0.024043	0.269075	0.0378401	0.0136349	0.0332522	0.0723426	0.0377409	0.146633	0.0323748	0.0774801	0.0519031	0.00724323	0.00449311
173	0.00915831	0.000166147	0.000484966	0.00251838	0.0478274	0.00132482	0.0086146	0.166003	0.00827981	0.529337	0.0901724	0.000711926	0.00211468	0.00466762	0.00751369	0.00173779	0.0170272	0.0882295	0.00431875	0.00979268
174	0.0667498	0.000762593	0.186411	0.172926	0.00378763	0.0167035	0.0163437	0.00604002	0.170866	0.00729352	0.0036001	0.058521	0.133218	0.0319344	0.0060965	0.0611028	0.0373084	0.0167935	0.000842219	0.00269835
175	0.0380495	0.000557075	0.552157	0.0996224	0.00168065	0.0307205	0.0102873	0.00196957	0.0346527	0.00321745	0.00443607	0.0992775	0.0123812	0.00228758	0.0127958	0.052402	0.0254786	0.0165461	0.000375693	0.00110524
176	0.0240647	0.000490135	0.00057947	0.00243388	0.00545314	0.00378799	0.000990582	0.310573	0.00261809	0.0471682	0.0204675	0.000654938	0.0031369	0.00314052	0.000730446	0.00591478	0.0201781	0.546676	0.000166134	0.000775321
177	0.0378246	0.000555654	0.554098	0.0989112	0.00167756	0.0303781	0.0099618	0.00199692	0.0350729	0.00320236	0.00432458	0.0987021	0.0124607	0.00223182	0.0130792	0.0519783	0.0252218	0.0168206	0.000411091	0.00109053
178	0.0767287	0.00141874	0.0034443	0.0177074	0.0756365	0.00868491	0.00765665	0.125218	0.0100679	0.272468	0.0418785	0.00611724	0.0556452	0.00432162	0.0111747	0.0206032	0.0276112	0.21675	0.00543894	0.0114279
179	0.130205	0.00550171	0.0133007	0.019393	0.00898567	0.0153291	0.0129181	0.023655	0.0176416	0.0234677	0.0119993	0.0238163	0.0122287	0.0220153	0.018158	0.114866	0.48378	0.0335934	0.00232658	0.00681939
180	0.159765	0.00103837	0.00405157	0.0218912	0.00373542	0.00763323	0.0106849	0.0543957	0.040151	0.0634781	0.0166491	0.0458538	0.247438	0.0373662	0.0509065	0.0818148	0.0697624	0.0743265	0.0050922	0.00396545
181	0.0164255	0.00135528	0.0141271	0.0115115	0.00868569	0.860513	0.0050879	0.00255732	0.0191874	0.00348508	0.00188153	0.0151489	0.0015554	0.0129196	0.00307035	0.0120668	0.00488764	0.00394194	0.000498815	0.00109284
182	0.0187747	0.0231488	0.00137379	0.00774089	0.370327	0.00279343	0.00870847	0.00395483	0.00727177	0.185947	0.083131	0.0066692	0.000744534	0.00151278	0.00288728	0.0177626	0.0054519	0.0198767	0.0387308	0.193193
183	0.0481076	0.0324598	0.00339098	0.00433819	0.00295666	0.00473775	0.00311113	0.00551837	0.00476933	0.00549656	0.0160179	0.0146097	0.00274641	0.00379902	0.00461755	0.606227	0.211977	0.0219504	0.000704185	0.00246418
184	0.0782362	0.0018043	0.0539254	0.0241119	0.014435	0.196474	0.00678067	0.0134324	0.018093	0.0174484	0.0130937	0.0298678	0.327018	0.0239252	0.0221141	0.0832515	0.0305057	0.0298372	0.00891009	0.00673549
185	0.753127	0.00500427	0.00189123	0.00485094	0.00212652	0.0258183	0.00187029	0.0182891	0.00524234	0.00869936	0.00271073	0.00188578	0.00177466	0.00274686	0.00323495	0.0884142	0.0240807	0.0467055	0.000549829	0.000977748
186	0.0493386	0.000891101	0.365261	0.254935	0.00361031	0.0254561	0.0252945	0.0104517	0.0342467	0.0134572	0.0191309	0.0490535	0.00879691	0.0409688	0.0217614	0.0397106	0.0231107	0.0100571	0.000557143	0.00391093
187	0.00645735	0.000244369	0.00060369	0.00225179	0.0235641	0.000744525	0.00207082	0.294268	0.00365701	0.427327	0.0885181	0.00100876	0.000872685	0.00266831	0.00326153	0.00308546	0.0182697	0.112621	0.00141227	0.00709393
188	0.161214	0.00301294	0.0367792	0.303832	0.00251161	0.012064	0.00924576	0.00731939	0.0916358	0.016216	0.0462626	0.00999233	0.0013686	0.161784	0.0513758	0.0580613	0.0138976	0.0111169	0.000641168	0.00166966
189	0.0427255	0.00459627	0.0301212	0.0298446	0.0729925	0.08675	0.134316	0.0235002	0.0351188	0.0350822	0.0382583	0.120616	0.0107694	0.0289481	0.0305487	0.136052	0.0361285	0.0298344	0.00804934	0.0657476
190	0.00966856	0.000174247	0.000415163	0.00246552	0.0344542	0.0010097	0.00442589	0.233382	0.00531123	0.451112	0.0856728	0.000657135	0.00115925	0.00351416	0.00500927	0.00296078	0.0177417	0.129853	0.00283724	0.00817598
191	0.112512	0.0916733	0.00139278	0.00743571	0.00160097	0.00983365	0.00109959	0.189924	0.00234719	0.128622	0.0497114	0.00596215	0.0011685	0.00881056	0.00162789	0.00738775	0.0373838	0.336105	0.0003198	0.00508147
