292	20
1	0.0662233	0.0074817	0.0284748	0.00900487	0.0553556	0.0333825	0.0215368	0.0293217	0.0835074	0.0390026	0.00977969	0.0464576	0.186182	0.0404023	0.0444398	0.171147	0.0558664	0.0502408	0.0122123	0.00998099
2	0.34795	0.00416356	0.00306587	0.00734273	0.0281957	0.0683143	0.0112254	0.0302452	0.0257589	0.0475471	0.0302275	0.0132718	0.0216941	0.00841005	0.00994805	0.123015	0.120027	0.0897004	0.00145097	0.00844621
3	0.155354	0.00372511	0.00213979	0.00195792	0.0291753	0.0285164	0.00464989	0.096127	0.00965122	0.0337402	0.00807236	0.00580828	0.024205	0.00944824	0.00487316	0.13414	0.176959	0.263627	0.00298032	0.00485054
4	0.15736	0.0362998	0.00549058	0.000469866	0.0554564	0.0868971	0.00152077	0.0890351	0.00211706	0.172187	0.058562	0.00103045	0.00340558	0.0021936	0.00182792	0.0585466	0.0546841	0.205756	0.0039676	0.00319198
5	0.0645783	0.00121335	0.195324	0.0750917	0.00910355	0.103046	0.0443331	0.00977365	0.0705676	0.0082187	0.00239155	0.155484	0.0217956	0.0478364	0.0351266	0.100924	0.0338068	0.0055003	0.00126545	0.0146192
6	0.068886	0.0296789	0.000918299	0.000199184	0.0644743	0.0178164	0.000650941	0.210347	0.00423925	0.179577	0.046827	0.000705615	0.0027862	0.00139274	0.00129029	0.013464	0.0322232	0.319144	0.00467628	0.000703107
7	0.106357	0.0092284	0.0079894	0.00167803	0.00688308	0.703049	0.00473955	0.00703933	0.00634738	0.010787	0.0042329	0.00747611	0.00533241	0.00984913	0.0116734	0.0479727	0.0293062	0.0083516	0.00189853	0.00980933
8	0.242841	0.0437037	0.00177018	0.00151795	0.0115097	0.0526909	0.00336879	0.00481168	0.00485408	0.0136033	0.0042377	0.0082506	0.0154062	0.00344184	0.00231896	0.457671	0.115083	0.0068052	0.000854798	0.00525983
9	0.0473009	0.00888815	0.012612	0.00545216	0.128703	0.033068	0.0208506	0.0735507	0.0543452	0.198769	0.0522405	0.0150405	0.0237617	0.0199492	0.0325079	0.0486433	0.0358146	0.0869188	0.0313714	0.0702114
10	0.226611	0.0238529	0.0051292	0.000660149	0.049863	0.103273	0.00192102	0.0667507	0.00360798	0.14354	0.0592264	0.00127677	0.00684334	0.00243473	0.00214245	0.0742248	0.0600065	0.160361	0.00266877	0.00560586
11	0.0454193	0.0101447	0.00120497	0.000341643	0.133473	0.0154148	0.00248768	0.15493	0.00331562	0.293126	0.0858968	0.00103253	0.00139063	0.00243742	0.00189134	0.0244275	0.0276435	0.168839	0.0164491	0.010134
12	0.0662401	0.00524512	0.0385011	0.0213072	0.0092334	0.0802271	0.0342308	0.0160017	0.0474317	0.0176809	0.00961332	0.123466	0.0344679	0.0270329	0.028568	0.233093	0.177094	0.0202076	0.00235668	0.00800247
13	0.0213904	0.00200431	0.00035293	0.00028091	0.026113	0.0051515	0.000799505	0.372182	0.00654816	0.128975	0.0541155	0.000965785	0.00838493	0.00102099	0.000820456	0.00200621	0.00371348	0.364241	0.000347676	0.00058645
14	0.0861871	0.0154203	0.00152911	0.00103128	0.0516809	0.0296574	0.00227319	0.146874	0.00428059	0.096565	0.0174555	0.002823	0.00686526	0.00667768	0.0025549	0.115738	0.153643	0.253536	0.00297608	0.00223166
15	0.110782	0.016943	0.00186785	0.000902191	0.00838463	0.0594035	0.0165386	0.0113754	0.0112689	0.0132691	0.00835478	0.046081	0.0257523	0.00367858	0.00227107	0.406379	0.235516	0.0165231	0.000981604	0.00372714
16	0.131425	0.0190141	0.0168983	0.00707211	0.0205947	0.059996	0.0185809	0.0255716	0.0263955	0.038572	0.0118794	0.0443532	0.0356582	0.0191093	0.0178379	0.312825	0.138169	0.0393457	0.00397781	0.0127251
17	0.0695238	0.0175331	0.00166085	0.00165945	0.0550194	0.02374	0.00385288	0.215396	0.0117798	0.157481	0.0459869	0.00513211	0.00926908	0.00580221	0.00503046	0.0319346	0.0435758	0.287991	0.00464641	0.00298512
18	0.123302	0.0158301	0.0171312	0.00544395	0.0122776	0.385748	0.0100689	0.0145838	0.0141688	0.0216807	0.0087224	0.0303212	0.0142953	0.0104504	0.00945499	0.191574	0.0818954	0.0233581	0.00189352	0.00780026
19	0.0286348	0.00615665	0.00035746	0.000271526	0.0334633	0.00684682	0.000702097	0.343566	0.00591097	0.146551	0.0523085	0.000801032	0.00696162	0.00106116	0.000914768	0.00390864	0.00844392	0.351504	0.00107961	0.000555783
20	0.0487369	0.0112526	0.00413179	0.00289722	0.0669231	0.0169767	0.00458259	0.241316	0.00782583	0.182689	0.055068	0.00490355	0.0090677	0.00378085	0.0036812	0.0272139	0.0318978	0.264897	0.00665967	0.0054992
21	0.0258582	0.00377264	0.000717598	0.000325238	0.0518014	0.00785805	0.00146931	0.316587	0.00556683	0.174348	0.0820525	0.00109677	0.00634421	0.00173182	0.00114595	0.00693109	0.00949622	0.295945	0.00427793	0.00267351
22	0.225338	0.0236125	0.00376724	0.00157327	0.0511077	0.0627053	0.00414901	0.0872806	0.00802044	0.128714	0.0421674	0.00231539	0.0102758	0.00435203	0.00396747	0.0638547	0.0662362	0.199245	0.00386417	0.00745401
23	0.0643818	0.00632871	0.0776826	0.0371197	0.0109903	0.0789371	0.038501	0.0201005	0.0788857	0.020382	0.00774819	0.143896	0.027674	0.042409	0.0482498	0.16417	0.0916555	0.0247129	0.00278813	0.0133865
24	0.00979659	0.000932153	0.0126462	0.0131893	0.00325348	0.0147207	0.0338065	0.0142837	0.382746	0.0392513	0.00730651	0.0534013	0.00358158	0.0856946	0.22501	0.0323348	0.0347197	0.0202575	0.0110168	0.00205086
25	0.127456	0.00490801	0.0877803	0.0464906	0.0144143	0.124946	0.0344472	0.0175557	0.0728822	0.0190627	0.00692016	0.0942552	0.0344015	0.0705697	0.0299176	0.128838	0.0461127	0.0221689	0.00347948	0.0133939
26	0.0573458	0.0138596	0.00349782	0.00193411	0.117685	0.0242799	0.00574738	0.134667	0.00987912	0.266813	0.0716053	0.00450519	0.00458311	0.00556002	0.00726822	0.0323204	0.036719	0.168064	0.0140026	0.0196631
27	0.0535533	0.0124318	0.00264123	0.000966413	0.120788	0.0204356	0.00396835	0.138626	0.00356514	0.284666	0.0876867	0.00208231	0.00256893	0.00372545	0.00267415	0.0313493	0.0330621	0.163386	0.0158914	0.0159325
28	0.117719	0.00624887	0.15227	0.0562541	0.0112671	0.108379	0.0341313	0.0119395	0.0551948	0.0138617	0.004667	0.114441	0.0218	0.0390484	0.0282667	0.151883	0.0456575	0.0123588	0.00229155	0.0123204
29	0.0537933	0.00297888	0.00149985	0.00215162	0.00399659	0.0701003	0.0313674	0.0056067	0.0225772	0.012499	0.0150346	0.0858248	0.0460262	0.00658336	0.00416099	0.338303	0.284781	0.00836917	0.00118658	0.00315974
30	0.0136399	0.00251055	0.00484211	0.0025927	0.0226686	0.0332682	0.333522	0.0215546	0.00647811	0.019474	0.00527465	0.0287753	0.0244727	0.127251	0.00554078	0.0670749	0.0291328	0.00796984	0.00245377	0.241504
31	0.0484178	0.00422995	0.0446001	0.0208887	0.00948775	0.268061	0.0441579	0.0116849	0.112676	0.0197183	0.00509662	0.0586326	0.0159085	0.0943871	0.128012	0.0563566	0.0304148	0.0117262	0.00456396	0.0109782
32	0.0132971	0.000892993	0.00574675	0.00137928	0.304025	0.0129363	0.0481982	0.0125399	0.00965117	0.0939267	0.0197268	0.00285557	0.00215898	0.0119743	0.0122465	0.0160112	0.0231794	0.0076393	0.0185458	0.383068
33	0.23036	0.0350524	0.00163079	0.000759167	0.0196278	0.0697488	0.00333357	0.00769144	0.0041913	0.0180794	0.00508764	0.00942169	0.015313	0.00279785	0.00154394	0.429532	0.127409	0.0119449	0.000967712	0.00550798
34	0.013363	0.000859727	0.00568828	0.00152287	0.296938	0.0138877	0.0503589	0.0150506	0.00948492	0.098121	0.0214766	0.00337151	0.00294676	0.015569	0.0118199	0.0183821	0.0245942	0.00927172	0.0182045	0.369089
35	0.170162	0.018851	0.00370034	0.00285125	0.0556908	0.0552967	0.00550819	0.120233	0.00934288	0.13819	0.0456234	0.00619202	0.0120293	0.00512924	0.00513779	0.0613036	0.0636344	0.209131	0.0043781	0.00761415
36	0.0950143	0.00937923	0.0086695	0.00438639	0.0315029	0.0595708	0.0222173	0.0473472	0.0316374	0.0565218	0.0197269	0.0440104	0.0234382	0.0147376	0.0177556	0.228871	0.202728	0.0653755	0.00400269	0.0131075
37	0.0827702	0.0163907	0.00488145	0.00493901	0.0587454	0.0327358	0.0106632	0.137452	0.0115554	0.118732	0.0285036	0.0100693	0.0100334	0.0148951	0.00787477	0.095039	0.141937	0.194951	0.00678166	0.0110504
38	0.0600421	0.0130354	0.00247675	0.00137255	0.111038	0.0238354	0.00623524	0.144775	0.00874798	0.258536	0.0679853	0.00426048	0.008176	0.00612892	0.00446377	0.0375884	0.036195	0.172555	0.0130263	0.0195269
39	0.0718602	0.00692588	0.00414509	0.00250254	0.00834995	0.0596368	0.0239903	0.0112419	0.0206163	0.0166109	0.0107988	0.0658197	0.0601787	0.0079227	0.00785553	0.335426	0.262361	0.0186988	0.00242662	0.00263181
40	0.111796	0.0141179	0.0225419	0.00877817	0.0135108	0.305156	0.0156857	0.0137689	0.0185437	0.0214144	0.00842635	0.045798	0.017416	0.0128568	0.0121607	0.219976	0.105178	0.019209	0.00180509	0.01186
41	0.0339653	0.0015905	0.00109839	0.000341988	0.161794	0.0144296	0.00381587	0.11629	0.00252796	0.349764	0.122191	0.000915282	0.00100842	0.00343569	0.00152123	0.0286273	0.0247231	0.0960632	0.0220735	0.0138242
42	0.0424139	0.00341272	0.0354141	0.0198321	0.0619519	0.0425179	0.14262	0.0257166	0.0607711	0.0423267	0.0138319	0.0590805	0.0269907	0.0728399	0.0527679	0.0884373	0.0575595	0.0253557	0.0067254	0.119435
43	0.0149559	0.000922162	0.00559444	0.00141492	0.292429	0.0130071	0.0437233	0.0214994	0.00878842	0.119957	0.0278921	0.00263642	0.0021553	0.0108408	0.0117897	0.017114	0.0236196	0.015615	0.0191653	0.34688
44	0.32002	0.0122807	0.0042357	0.0012097	0.0377945	0.102073	0.00300386	0.0459621	0.00700507	0.09609	0.0444214	0.00211709	0.0127945	0.00285743	0.00313083	0.084787	0.0745573	0.136625	0.000889679	0.00814509
45	0.0630341	0.0122411	0.00123307	0.000245637	0.137939	0.0257628	0.00255411	0.111292	0.00237698	0.310422	0.0919945	0.000623582	0.000966033	0.00284495	0.00113764	0.0320948	0.0357991	0.139402	0.0176611	0.0103766
46	0.10425	0.0111405	0.00991822	0.0070755	0.0370747	0.0554665	0.0203985	0.0527184	0.0257383	0.0690141	0.0221976	0.0418599	0.0241135	0.014473	0.0196914	0.214978	0.171207	0.0772875	0.00538669	0.0160102
47	0.290894	0.0212533	0.00505386	0.00523785	0.027548	0.0556925	0.00817383	0.0254181	0.0135387	0.0417478	0.0142242	0.0149191	0.0218903	0.00766368	0.00881027	0.246168	0.132408	0.0499651	0.00193199	0.00746095
48	0.0418335	0.0122359	0.000596318	0.000205795	0.070552	0.0114554	0.00120306	0.254287	0.00429883	0.20589	0.060432	0.000714953	0.004329	0.00152072	0.00117948	0.0131885	0.0213574	0.28497	0.00665752	0.00309272
49	0.0748566	0.0203279	0.0016386	0.000392023	0.103959	0.0271093	0.00193997	0.144068	0.00288071	0.257618	0.0728662	0.000780906	0.00160649	0.0020674	0.00161058	0.0264682	0.0352014	0.206725	0.0117836	0.00609924
50	0.1096	0.0483395	0.00369734	0.00222947	0.0590222	0.0671718	0.00409067	0.103555	0.00647839	0.153949	0.0416364	0.0107984	0.00831625	0.00653688	0.0039401	0.0535355	0.08419	0.224093	0.00611921	0.00270151
51	0.0525385	0.0130779	0.000997301	0.000209967	0.137198	0.0215381	0.00244667	0.119838	0.00216551	0.324662	0.0862056	0.000573884	0.000651655	0.00237967	0.00114265	0.029166	0.0371275	0.138374	0.0196924	0.0100148
52	0.031361	0.007635	0.000367314	0.000250336	0.0397393	0.00636648	0.000689567	0.326811	0.00548119	0.159134	0.0520007	0.000836213	0.00617471	0.000945503	0.00090683	0.00357996	0.0100273	0.345251	0.00179575	0.000646928
53	0.0369371	0.00277538	0.000939342	0.000312076	0.164144	0.0147517	0.00424236	0.111709	0.00233888	0.350779	0.104826	0.000778159	0.000847266	0.00334358	0.00166511	0.0312619	0.0264436	0.102972	0.0218849	0.0170491
54	0.00485401	0.000693724	0.00575085	0.00898463	0.00224593	0.00981525	0.0282532	0.0150842	0.422413	0.0436076	0.00772442	0.0504769	0.00168663	0.0876245	0.220105	0.0219918	0.0341642	0.0221585	0.0109685	0.00139759
55	0.0119996	0.000962215	0.00661666	0.00151864	0.293066	0.0118836	0.0528928	0.0129497	0.00879282	0.0958234	0.0218878	0.00313342	0.00212275	0.0115307	0.0128326	0.0180035	0.0241178	0.00760832	0.0169622	0.385295
56	0.0931862	0.0212875	0.00172552	0.000733948	0.0667256	0.033968	0.00187147	0.141801	0.00358474	0.141635	0.0320036	0.00215558	0.00460443	0.00473228	0.00226674	0.0881964	0.103758	0.248653	0.00462423	0.00248625
57	0.168819	0.00504308	0.0298918	0.0987765	0.0119905	0.0361173	0.0673193	0.0259282	0.0604452	0.035001	0.0185183	0.0587037	0.0228419	0.0792406	0.0487276	0.092152	0.0678925	0.0615559	0.00346581	0.00756935
58	0.0553848	0.00296152	0.00208355	0.00126055	0.00395847	0.0825625	0.0298976	0.00540086	0.0235766	0.0116112	0.0126029	0.0917517	0.0457552	0.00568889	0.00246425	0.342454	0.270122	0.00673972	0.00108369	0.00264012
59	0.0529232	0.00377333	0.00359574	0.00320728	0.00644201	0.0780419	0.0263658	0.00734728	0.0392292	0.014792	0.013368	0.0720514	0.0372023	0.00754696	0.00780388	0.328451	0.283679	0.0083302	0.002071	0.00377792
60	0.0164675	0.00320542	0.0051055	0.00271718	0.0210849	0.0444671	0.327312	0.0243603	0.00784264	0.0177893	0.005345	0.0260058	0.0343104	0.159795	0.00752473	0.0537475	0.0245706	0.00935926	0.00287905	0.206111
61	0.0481109	0.0126901	0.000700844	0.000200925	0.122902	0.0154938	0.00197358	0.157428	0.00316518	0.291369	0.0776924	0.000609007	0.00140915	0.00244194	0.00131168	0.0225591	0.0300846	0.187313	0.0148268	0.00771669
62	0.0643821	0.00290769	0.15234	0.0533348	0.0126779	0.125677	0.0402013	0.0140201	0.0609457	0.0158649	0.00519079	0.112146	0.0891379	0.0478528	0.0364126	0.100316	0.0332715	0.0149113	0.00470078	0.0137084
63	0.0330668	0.00104929	0.000491357	0.00021456	0.169005	0.0126186	0.00335845	0.115157	0.00229744	0.3618	0.103507	0.000629883	0.00065751	0.00291636	0.00121602	0.0288557	0.0250678	0.100779	0.0232548	0.014058
64	0.055463	0.00360113	0.0233626	0.004234	0.020336	0.0153268	0.0207378	0.0200936	0.0613153	0.0394956	0.00412732	0.0282907	0.307271	0.0506351	0.0597714	0.159915	0.041493	0.055913	0.0244269	0.00419046
65	0.0658679	0.00104851	0.204529	0.0797128	0.00729561	0.106956	0.0430869	0.00831809	0.0707672	0.00649542	0.00145533	0.156415	0.0166431	0.0477296	0.03074	0.102305	0.032988	0.00402205	0.000794939	0.0128294
66	0.100114	0.0204859	0.00274772	0.00859722	0.0693414	0.0296338	0.008604	0.141523	0.0159032	0.193274	0.049563	0.0093811	0.00948542	0.00759188	0.0202611	0.0439502	0.0500314	0.206992	0.0083046	0.00421476
67	0.0407385	0.0125845	0.000416633	0.000255278	0.0490333	0.00907149	0.000740665	0.293387	0.00495639	0.172444	0.0526408	0.00070206	0.00500103	0.00122248	0.000963357	0.00600675	0.0156949	0.330402	0.00292279	0.000816777
68	0.0178224	0.00290063	0.00938756	0.00916816	0.00880023	0.0344125	0.0277026	0.0184057	0.306602	0.0764264	0.00922737	0.0449352	0.0217365	0.0643	0.193946	0.0598983	0.0348013	0.0249312	0.0302357	0.00436026
69	0.0129167	0.000922602	0.00609292	0.00165063	0.306362	0.01289	0.0462572	0.0128566	0.00968638	0.0962861	0.0207941	0.0027766	0.00219722	0.0115564	0.0129974	0.0162883	0.0239178	0.00742262	0.0185871	0.377542
70	0.218646	0.0222461	0.00400941	0.000714429	0.0475012	0.0909498	0.00214024	0.0776472	0.00447852	0.125324	0.0520576	0.002159	0.00841779	0.00335693	0.00211856	0.0828264	0.0702106	0.176779	0.00249904	0.00591866
71	0.0509819	0.018389	0.000451932	0.000216495	0.0788089	0.0118407	0.000933939	0.231719	0.00474467	0.205702	0.0550823	0.000716516	0.00302261	0.0013811	0.00105582	0.0111519	0.0238793	0.291235	0.00648026	0.00220639
72	0.0826326	0.0403676	0.00125797	0.000214289	0.0778449	0.0241106	0.000622005	0.160205	0.00315194	0.20032	0.0457185	0.000705626	0.00111759	0.00151857	0.00140268	0.0188314	0.0440467	0.288145	0.00691286	0.000874808
73	0.127973	0.0114078	0.0265266	0.0148487	0.00790736	0.069226	0.026448	0.0135918	0.0293926	0.014559	0.00842542	0.101965	0.0288842	0.0195875	0.0128009	0.310969	0.144995	0.0207672	0.00156968	0.00815605
74	0.0592065	0.00493761	0.0746483	0.0307706	0.00641173	0.109939	0.0335461	0.0120338	0.0493617	0.012024	0.00654594	0.141003	0.0292687	0.024839	0.0281269	0.224416	0.129914	0.0116253	0.00175415	0.00962768
75	0.0887544	0.0431724	0.00142023	0.000204181	0.078149	0.027015	0.000600273	0.147077	0.00264933	0.20241	0.0446782	0.000676371	0.000679945	0.0015289	0.00143401	0.0208637	0.0488104	0.281704	0.00745925	0.000713869
76	0.220537	0.0352937	0.00685025	0.00481163	0.0135541	0.0530681	0.00798636	0.01069	0.011899	0.0189583	0.00715777	0.0183504	0.0193199	0.00778543	0.00496065	0.411028	0.121138	0.0184025	0.00137627	0.00683268
77	0.0391156	0.00868661	0.000788821	0.000295933	0.0395486	0.0121033	0.000981916	0.310742	0.00536929	0.142989	0.0505244	0.00101738	0.00694767	0.00195197	0.00107919	0.015638	0.0241986	0.334803	0.00198785	0.00123181
78	0.113236	0.0257852	0.00205455	0.00100603	0.0571365	0.0427137	0.00209014	0.131683	0.00392018	0.132326	0.0322489	0.0020643	0.0052082	0.0047885	0.00222317	0.0693248	0.109717	0.255516	0.00457875	0.00237875
79	0.188577	0.0244089	0.00354471	0.000928451	0.0710862	0.0809363	0.00206716	0.089622	0.00429861	0.170338	0.0527954	0.00189059	0.00700056	0.00281374	0.0026286	0.0586996	0.0584605	0.167492	0.00595269	0.00645922
80	0.0965569	0.0415039	0.00246587	0.000313896	0.0766401	0.0382868	0.00127326	0.13306	0.00311921	0.201999	0.05916	0.000975217	0.00139984	0.00222433	0.00217473	0.0299958	0.0482707	0.249753	0.00741966	0.00340786
81	0.0635838	0.00470264	0.0740279	0.0356152	0.0148434	0.0805291	0.0396677	0.0170489	0.100629	0.0228755	0.00856109	0.129927	0.0240311	0.0459896	0.0601175	0.14903	0.0845916	0.0240795	0.0043802	0.015769
82	0.0500219	0.0165683	0.000548859	0.000208822	0.0846688	0.0126298	0.0012361	0.222752	0.00680985	0.214596	0.0577925	0.000873868	0.00343898	0.00185337	0.00123235	0.0156875	0.026302	0.271893	0.00762414	0.00326212
83	0.124669	0.0205548	0.00261195	0.00196939	0.012284	0.0569734	0.0163887	0.0137789	0.0130909	0.0206069	0.00906295	0.043454	0.0267198	0.00576481	0.00421909	0.396673	0.204429	0.0197983	0.00164346	0.00530812
84	0.0660643	0.0145003	0.00242056	0.00234117	0.112794	0.0253958	0.00832692	0.136512	0.00712457	0.251339	0.0673977	0.00345468	0.00457	0.0062004	0.00656648	0.0363406	0.0405906	0.173385	0.0133043	0.0213721
85	0.0888696	0.0180323	0.00393757	0.001142	0.085962	0.0520554	0.00261066	0.151076	0.00476707	0.213467	0.0821318	0.00226574	0.00467832	0.00373586	0.00197102	0.0374527	0.039709	0.190677	0.0095238	0.0059348
86	0.034768	0.00360035	0.00158262	0.000510255	0.1842	0.0148224	0.0101767	0.0982518	0.0048234	0.309627	0.0848389	0.00161665	0.00114824	0.00514597	0.00340988	0.0276491	0.0267666	0.0931043	0.0264001	0.0675583
87	0.0668438	0.00493099	0.0781757	0.0377879	0.00956356	0.0799702	0.043253	0.0216238	0.087435	0.0185228	0.00711992	0.13894	0.0243873	0.0449523	0.0587898	0.150856	0.0869037	0.0244344	0.00312686	0.0123822
88	0.0852117	0.0125871	0.00317302	0.0031557	0.0145757	0.0637716	0.0226209	0.0135442	0.0194077	0.0312034	0.0248519	0.057405	0.0294162	0.00665749	0.00648113	0.338928	0.235648	0.02303	0.00189538	0.00643619
89	0.0345867	0.0047271	0.00395978	0.00213445	0.0301715	0.0109142	0.00378882	0.297601	0.0230739	0.112389	0.0433624	0.00789755	0.0350323	0.00708441	0.0083145	0.0279935	0.0205777	0.321764	0.0023185	0.00230795
90	0.0669907	0.00596564	0.0235863	0.00952897	0.0803914	0.326543	0.058217	0.0171488	0.0189798	0.0397409	0.0106141	0.02914	0.0119254	0.0367621	0.0178479	0.0607409	0.0315881	0.0164459	0.0073957	0.130447
91	0.04713	0.00837669	0.00537833	0.00219093	0.191558	0.0233147	0.0227804	0.0823333	0.00853717	0.189856	0.0491936	0.00674238	0.00870424	0.00977105	0.00883948	0.0357401	0.036839	0.100134	0.0160113	0.146569
92	0.0253995	0.00208636	0.0050828	0.00207315	0.24843	0.0151237	0.0344273	0.0447006	0.00789314	0.163604	0.0434209	0.0038286	0.00283912	0.0101408	0.00984511	0.0232867	0.0261958	0.0470663	0.0190888	0.265467
93	0.0464577	0.00451035	0.0495145	0.0244441	0.0193578	0.0620679	0.0657649	0.0242712	0.136453	0.0366545	0.0105324	0.069541	0.0434462	0.113608	0.110364	0.0756228	0.0404992	0.0314714	0.00650081	0.0289184
94	0.0265321	0.00464634	0.00039949	0.000284376	0.0332413	0.00617538	0.000726101	0.350433	0.00624633	0.142971	0.0540558	0.000843468	0.0074166	0.00104185	0.000885463	0.00316312	0.00698059	0.352127	0.0011262	0.000704479
95	0.201055	0.0355062	0.00168872	0.00100389	0.0104032	0.0508786	0.00667808	0.00977407	0.00652991	0.0132499	0.00522582	0.0174869	0.0178096	0.00324088	0.00210401	0.440011	0.156046	0.0155476	0.000928857	0.0048324
96	0.0080473	0.000830577	0.00894864	0.0105207	0.00283735	0.013026	0.0286303	0.0154412	0.409885	0.0433151	0.00821765	0.0492461	0.00471054	0.084285	0.212488	0.0260181	0.0378517	0.0228085	0.0109538	0.00193856
97	0.0594575	0.0114561	0.00240646	0.00198467	0.119024	0.0210101	0.0073293	0.134303	0.0171269	0.261952	0.0708044	0.00429586	0.00381337	0.00695341	0.00999007	0.0362808	0.0377156	0.158224	0.0149575	0.0209158
98	0.217437	0.0469821	0.00135584	0.000598301	0.00913673	0.0506052	0.00303195	0.00326649	0.00332895	0.00964973	0.00296876	0.00914454	0.013184	0.00220565	0.00131006	0.488717	0.128821	0.00271358	0.000727155	0.0048158
99	0.0305304	0.00607663	0.00065171	0.000335277	0.0603141	0.00929161	0.00150056	0.302972	0.00620541	0.176017	0.0729786	0.00116229	0.00609407	0.00195436	0.00150361	0.00959014	0.0132554	0.291351	0.00508162	0.00313347
100	0.0291116	0.00512836	0.000634884	0.000287754	0.0309758	0.00857381	0.000864615	0.349795	0.00633744	0.135895	0.0527645	0.00100457	0.00769203	0.00121458	0.00103413	0.00577519	0.00959353	0.351783	0.000867895	0.000666143
101	0.071858	0.00702718	0.0287183	0.0103759	0.0200933	0.0451849	0.0327608	0.035318	0.0496163	0.0354121	0.0099033	0.0442832	0.207354	0.0460162	0.0412349	0.158111	0.0773605	0.0548145	0.0107309	0.0138277
102	0.0957558	0.0430771	0.00179664	0.000195111	0.0753327	0.0325293	0.000635407	0.141249	0.00265845	0.197399	0.0455392	0.000704845	0.000921037	0.00156385	0.00148367	0.0244227	0.0494408	0.277624	0.00682905	0.000842058
103	0.121763	0.0194377	0.00272456	0.00129495	0.0683303	0.044357	0.00274084	0.112296	0.00443512	0.144143	0.0361735	0.00273308	0.00683148	0.00494157	0.00325809	0.0970277	0.11269	0.205446	0.00520708	0.00416865
104	0.091536	0.0409353	0.00175277	0.000231894	0.0740369	0.0322976	0.000697786	0.147021	0.00277024	0.200377	0.0494335	0.000698732	0.00112697	0.00170701	0.00153495	0.0245801	0.0465969	0.274954	0.00664071	0.00106948
105	0.0352564	0.00314374	0.00049193	0.000204814	0.163703	0.0122943	0.00299797	0.121822	0.00230465	0.352821	0.0986797	0.000628682	0.000627229	0.00276207	0.00120323	0.0270377	0.0253117	0.114321	0.0216506	0.0127384
106	0.0341424	0.00265019	0.000686727	0.000229592	0.15978	0.0129281	0.00322618	0.123037	0.00255313	0.351439	0.10511	0.000710699	0.000899145	0.00283526	0.00140444	0.0273555	0.0249565	0.11143	0.0215645	0.0130613
107	0.0797967	0.0038295	0.0944184	0.0800202	0.0143657	0.0731456	0.0453041	0.0401789	0.0807303	0.029784	0.00976626	0.131935	0.018643	0.0412957	0.0589092	0.0991649	0.0531506	0.0275305	0.00303826	0.0149933
108	0.0884558	0.0432081	0.00140339	0.000208045	0.0787376	0.0269042	0.000598934	0.146442	0.00265518	0.203346	0.0447556	0.000660094	0.000665344	0.00154172	0.00142988	0.0209301	0.0489308	0.280749	0.00761154	0.000766323
109	0.0356534	0.00335981	0.000501815	0.000213966	0.161889	0.0123056	0.00305523	0.124681	0.00249619	0.346345	0.0981983	0.00061536	0.000715234	0.00278682	0.00123229	0.0271975	0.024898	0.119567	0.0213502	0.0129382
110	0.0313617	0.000776121	0.000625825	0.00022021	0.175241	0.0124986	0.00351166	0.113284	0.00255348	0.364057	0.103717	0.000712909	0.000697672	0.00307811	0.00132039	0.02859	0.0241353	0.0959064	0.0228065	0.0149059
111	0.0468775	0.00246628	0.140243	0.0655351	0.0671662	0.0708521	0.0677159	0.0156463	0.0472395	0.0483338	0.0102205	0.115288	0.0133859	0.0360036	0.0300706	0.0816837	0.0375537	0.00890541	0.00328521	0.0915277
112	0.0195346	0.00129163	0.0335458	0.0211399	0.00464115	0.0552267	0.052419	0.0126927	0.223445	0.0220256	0.00577991	0.115976	0.0055353	0.0633192	0.205086	0.093613	0.041142	0.0104524	0.00542104	0.00771324
113	0.0328776	0.00921048	0.000498962	0.000331403	0.0412103	0.00806173	0.000984429	0.320298	0.00953058	0.142996	0.0536565	0.0010861	0.0074641	0.00127675	0.00120937	0.00566884	0.011674	0.348968	0.00188028	0.00111566
114	0.00670096	0.00110874	0.0152039	0.0135776	0.0036012	0.0141628	0.0865118	0.00865689	0.235573	0.0222351	0.00457416	0.064117	0.00284781	0.157933	0.275509	0.0424699	0.0271759	0.0105643	0.00488807	0.00258963
115	0.0146713	0.00113816	0.00775658	0.00224269	0.287025	0.0137411	0.0519162	0.0144999	0.00948858	0.0953127	0.0216689	0.0042198	0.00319201	0.0143959	0.0128164	0.0223395	0.0316474	0.00941077	0.0172701	0.365247
116	0.176177	0.0331146	0.00141263	0.000764875	0.00875261	0.0523695	0.00832337	0.00422191	0.00657099	0.0114613	0.00527708	0.025215	0.0204556	0.00219351	0.00131072	0.46139	0.1722	0.00415727	0.000853445	0.00377791
117	0.0138102	0.000996301	0.016619	0.0223884	0.00321311	0.0153269	0.0651282	0.010238	0.266906	0.025912	0.00644503	0.0566143	0.00258931	0.111831	0.277759	0.0450985	0.0372472	0.0132437	0.0061742	0.00245957
118	0.0566531	0.000898683	0.17866	0.0715705	0.00669241	0.120293	0.0434222	0.0103067	0.0814076	0.00641624	0.00173132	0.165116	0.0132227	0.0371117	0.0499444	0.102106	0.0337644	0.00376101	0.000842467	0.0160795
119	0.102283	0.0240256	0.00161197	0.00114109	0.0584717	0.0319977	0.00238778	0.147243	0.00415954	0.133888	0.0312558	0.00372009	0.00628907	0.00495785	0.00245235	0.0709508	0.106392	0.259283	0.00474734	0.0027433
120	0.00498261	0.000703564	0.00551424	0.00869542	0.00218502	0.009693	0.0265292	0.0156965	0.431787	0.0459603	0.0080625	0.0474873	0.0020014	0.0859151	0.214866	0.0204351	0.0333087	0.0231896	0.0116361	0.00135209
121	0.0317662	0.000791702	0.000580542	0.000213939	0.171513	0.0124053	0.0033834	0.114154	0.00236355	0.36564	0.104057	0.000641329	0.000675934	0.00292868	0.00122861	0.028792	0.0244002	0.0973635	0.0230322	0.0140695
122	0.245327	0.046148	0.00160178	0.000989122	0.0115234	0.0504034	0.00203902	0.004959	0.0030768	0.0123347	0.00361848	0.00495259	0.0129012	0.00274146	0.00154278	0.470424	0.112968	0.00643488	0.000763813	0.00525067
123	0.0333415	0.00874782	0.000456179	0.0002335	0.0474624	0.00808562	0.000886647	0.310814	0.00571004	0.169086	0.0548279	0.000807	0.00590314	0.00111986	0.00105197	0.00689422	0.0137691	0.325965	0.00324378	0.00159442
124	0.139325	0.0388272	0.00457833	0.000443588	0.0590617	0.0735387	0.00135792	0.0955916	0.00216518	0.181749	0.0574519	0.00092224	0.00248122	0.00215586	0.00191956	0.0534078	0.0541532	0.224048	0.00461143	0.00221008
125	0.0400408	0.0128375	0.00048305	0.000234733	0.0500361	0.00934688	0.000670394	0.286908	0.0047864	0.17917	0.0530991	0.000661827	0.00506651	0.001167	0.0010494	0.00704695	0.0161091	0.326861	0.00327683	0.00114781
126	0.0615365	0.0187338	0.0018835	0.000462064	0.0819976	0.0214057	0.00237149	0.195155	0.00472094	0.217577	0.0604586	0.00170603	0.00474449	0.00278541	0.0022342	0.021936	0.0319953	0.251633	0.00882915	0.00783404
127	0.081244	0.0256418	0.00146896	0.000798792	0.0946664	0.0264384	0.00215719	0.14159	0.0038478	0.241687	0.062119	0.00204722	0.00222425	0.00253277	0.00196749	0.0289794	0.043379	0.221552	0.0108863	0.0047716
128	0.0904215	0.0421504	0.00146741	0.000207003	0.0778523	0.0283174	0.000629128	0.146214	0.00258102	0.20265	0.0451381	0.000678336	0.000765688	0.00155873	0.00140638	0.0218282	0.0488239	0.279074	0.00740642	0.000829548
129	0.100246	0.0110613	0.0246683	0.00943511	0.0163215	0.498517	0.0115943	0.0221361	0.0171476	0.0289037	0.00990265	0.0281191	0.0123662	0.0151443	0.0167361	0.080115	0.0466609	0.0349664	0.00268532	0.0132736
130	0.0647616	0.0180298	0.00180906	0.00285682	0.0578659	0.0234589	0.00327764	0.216823	0.0116734	0.160152	0.046828	0.00412855	0.00741967	0.00503518	0.00562034	0.0317294	0.0425835	0.285514	0.00548904	0.00494469
131	0.102876	0.00938963	0.00782389	0.0017087	0.00652918	0.71511	0.0048621	0.00648914	0.00604981	0.00875896	0.00360339	0.0073408	0.00493636	0.00969577	0.011373	0.0477749	0.0280477	0.00632818	0.00179649	0.00950606
132	0.0214419	0.00200572	0.00035293	0.000279116	0.0261127	0.00518065	0.000803246	0.372198	0.00654581	0.128788	0.0540775	0.000983499	0.00838161	0.00104611	0.000828685	0.00218039	0.00385877	0.363987	0.000347567	0.0006
133	0.1871	0.0501538	0.00367115	0.00225753	0.0352824	0.0606426	0.0073647	0.0513542	0.00584588	0.0817282	0.0227734	0.00820157	0.0115629	0.00695209	0.00388682	0.261553	0.0845341	0.104301	0.00371586	0.00711898
134	0.0852585	0.00937944	0.00301675	0.00219624	0.00964668	0.0599679	0.0216661	0.0165197	0.0148963	0.0190229	0.00999103	0.0556624	0.0306743	0.00549935	0.00384579	0.34676	0.276526	0.0253225	0.00112444	0.00302317
135	0.0362815	0.0112728	0.000657095	0.000470781	0.0414529	0.0115816	0.00100437	0.308777	0.0057332	0.153035	0.0563241	0.000988357	0.0065349	0.00156305	0.00118388	0.00748089	0.0132551	0.338718	0.00269982	0.000985321
136	0.0949548	0.0149412	0.00138523	0.00084571	0.00543111	0.0603446	0.0198222	0.00537123	0.0127798	0.0107838	0.00959024	0.0545945	0.0294155	0.00341486	0.0017189	0.409485	0.254721	0.00662662	0.00087154	0.00290251
137	0.0619151	0.00317279	0.168858	0.0621445	0.0201056	0.100923	0.0437981	0.01781	0.0731475	0.0215777	0.0069834	0.129505	0.0236105	0.0480735	0.0430615	0.095874	0.0358582	0.0175909	0.00272498	0.0232663
138	0.0544809	0.0175611	0.000989498	0.000473164	0.0715889	0.0181053	0.00123535	0.22062	0.00430315	0.203925	0.0610347	0.00117192	0.00381966	0.00206493	0.00141332	0.0188298	0.0275893	0.281221	0.00655075	0.00302239
139	0.049743	0.00145866	0.140647	0.0644622	0.00643992	0.0740759	0.0475365	0.0096532	0.133374	0.013966	0.00304876	0.11488	0.0149814	0.0840194	0.0924946	0.0913608	0.0382341	0.00783272	0.00281506	0.00897713
140	0.0563339	0.0191704	0.000950821	0.000654861	0.0815533	0.0183407	0.00188609	0.200077	0.00554291	0.216516	0.0606667	0.00168206	0.00353897	0.00427341	0.00223217	0.0205518	0.0323274	0.260271	0.00846321	0.00496678
141	0.0334316	0.00159784	0.0680193	0.0339082	0.00674229	0.059257	0.0489497	0.0139707	0.18308	0.021416	0.00542969	0.121745	0.0166934	0.0781587	0.16652	0.0765681	0.037785	0.0135312	0.00469609	0.00849992
142	0.394388	0.00687581	0.00271061	0.00123232	0.0574565	0.0640055	0.00416962	0.0217489	0.00859677	0.0668218	0.0174119	0.0036951	0.0302212	0.00533968	0.00387529	0.145327	0.109658	0.0461358	0.00137646	0.00895391
143	0.00491058	0.000677675	0.00541267	0.0087734	0.00213986	0.00942535	0.0268219	0.0154507	0.429614	0.0464504	0.00838388	0.0480663	0.00167912	0.0862645	0.21652	0.0199376	0.0327841	0.0237765	0.0115591	0.00135206
144	0.0869257	0.0107319	0.0274508	0.00955461	0.0161707	0.468456	0.0166871	0.0169971	0.0181708	0.0288376	0.00977061	0.035803	0.0152934	0.0150176	0.0151936	0.100577	0.0620845	0.026513	0.00290992	0.0168547
145	0.0429186	0.00372708	0.00143935	0.000358875	0.161331	0.0182985	0.00394854	0.107344	0.002682	0.341468	0.0993659	0.00115893	0.00126469	0.00356195	0.00249745	0.0358155	0.0305679	0.102907	0.0210648	0.0182805
146	0.0364794	0.0109613	0.000451304	0.000250545	0.0403492	0.00783352	0.00067407	0.312263	0.00524279	0.160994	0.0516613	0.000735823	0.00574908	0.00109274	0.000979115	0.00492502	0.013429	0.343331	0.00204023	0.000557296
147	0.109233	0.0430257	0.00237094	0.000505389	0.0741615	0.0419014	0.00117292	0.131008	0.00253669	0.191447	0.0469611	0.00116999	0.00164043	0.00193811	0.00168348	0.0358895	0.0521064	0.252485	0.0066927	0.00207029
148	0.292318	0.0259135	0.00396156	0.00240665	0.0242705	0.106117	0.00501649	0.0175061	0.00730616	0.0361549	0.0155104	0.00922248	0.0167091	0.00632096	0.00325784	0.283877	0.0949508	0.0391544	0.00132022	0.00870599
149	0.0953772	0.044751	0.00164637	0.000201761	0.0759049	0.0318179	0.000632293	0.137731	0.00255616	0.198318	0.0451006	0.000707673	0.000757549	0.0015678	0.00141711	0.0244225	0.0510914	0.278132	0.00709837	0.000768964
150	0.0321977	0.00892348	0.000429989	0.00023652	0.0386314	0.00711265	0.000652569	0.323425	0.00553874	0.153309	0.0517946	0.000833076	0.0063362	0.00100161	0.000917663	0.00429781	0.0108372	0.351379	0.00159317	0.000552934
151	0.242619	0.0189785	0.00364666	0.00749565	0.027818	0.0580838	0.0118706	0.0366606	0.0166728	0.0524737	0.0184943	0.0185764	0.0227328	0.0114419	0.0111708	0.219582	0.137634	0.074599	0.00226469	0.00718519
152	0.0269201	0.0047738	0.000508199	0.000280445	0.0305861	0.0071913	0.00078908	0.353399	0.00619192	0.134242	0.0527684	0.000924908	0.00772054	0.00121829	0.000873454	0.00480064	0.00809024	0.357158	0.000932033	0.000631727
153	0.0897786	0.0435894	0.00146994	0.000209055	0.0781457	0.0278647	0.000607882	0.145371	0.00263719	0.2025	0.0446372	0.000676321	0.000700198	0.00151726	0.00144823	0.0217329	0.049191	0.279688	0.00750826	0.000727168
154	0.220628	0.0472812	0.0015204	0.000715886	0.0100222	0.051404	0.00277957	0.00480031	0.00344072	0.0111952	0.00358397	0.00900026	0.012792	0.0025886	0.00131356	0.481073	0.12323	0.00672732	0.000747408	0.00515548
155	0.0918523	0.0136198	0.0104862	0.00897517	0.0292158	0.0549167	0.0240309	0.0465359	0.0358561	0.0579743	0.0190196	0.0472859	0.0237809	0.0182236	0.0237038	0.212041	0.189662	0.0759343	0.00400901	0.0128774
156	0.239581	0.0485054	0.00156096	0.000588421	0.0103515	0.0484003	0.00161133	0.00326587	0.00262807	0.00995311	0.00240752	0.00468161	0.0122532	0.00219492	0.001386	0.487829	0.114076	0.00281673	0.000758886	0.00515026
157	0.0422063	0.00758351	0.00061624	0.000205744	0.154342	0.0140867	0.00283402	0.123236	0.00252298	0.33352	0.0938108	0.000627101	0.000660429	0.00268432	0.00131984	0.0262046	0.0279497	0.134163	0.0198998	0.0115273
158	0.118783	0.00736608	0.0540725	0.0303378	0.0535824	0.103172	0.0839851	0.0208968	0.0391896	0.0258743	0.00985235	0.0596893	0.0305149	0.103602	0.0177403	0.123423	0.0447922	0.0263139	0.00418664	0.0426253
159	0.0422539	0.00383653	0.0375363	0.0204779	0.0215821	0.0457255	0.0774389	0.0256894	0.143154	0.0387831	0.00905879	0.061702	0.0313389	0.130577	0.11559	0.0764276	0.0450415	0.0314963	0.00710495	0.0351852
160	0.0181439	0.00293688	0.00804591	0.00422111	0.0726621	0.0296457	0.26196	0.0435288	0.00877017	0.0402136	0.0110514	0.021628	0.0192995	0.0910675	0.0100707	0.0549064	0.0316321	0.0126278	0.00558484	0.252003
161	0.0299203	0.00101108	0.00397245	0.000454162	0.168172	0.0134786	0.00872068	0.0973991	0.00388721	0.328573	0.100105	0.00133732	0.00185003	0.00535209	0.00490029	0.037583	0.0326275	0.0839952	0.0262307	0.05043
162	0.0817151	0.0126041	0.0032069	0.0033749	0.0446955	0.0294375	0.0070807	0.169056	0.0101584	0.0881411	0.0217278	0.0129584	0.0142173	0.0305566	0.00674389	0.0954429	0.132519	0.227193	0.00437452	0.00479602
163	0.0582621	0.00196966	0.134499	0.0555849	0.00835164	0.127142	0.0513031	0.0123941	0.0682446	0.00933957	0.00336399	0.167831	0.0168463	0.0356315	0.0401685	0.12596	0.0552747	0.00819504	0.0011524	0.0184865
164	0.0126492	0.00213481	0.00915349	0.00354054	0.127	0.0176458	0.168308	0.0149113	0.00650737	0.0595028	0.0136706	0.013116	0.00976612	0.0548731	0.00859437	0.0841815	0.0592643	0.00721019	0.0068485	0.321123
165	0.04669	0.0108667	0.00241743	0.00141045	0.115912	0.0157288	0.00503479	0.184892	0.0144526	0.233121	0.0619748	0.00328733	0.00598898	0.00474895	0.00427933	0.022782	0.0263726	0.203383	0.0110377	0.0256199
166	0.0496413	0.00472711	0.0393426	0.02159	0.0252355	0.0535453	0.0795511	0.0244953	0.143129	0.0400989	0.0122506	0.0597103	0.0282012	0.126938	0.109225	0.0689684	0.0401731	0.0292805	0.00732845	0.0365684
167	0.0049608	0.000933047	0.00594292	0.00932528	0.0021207	0.00984829	0.0256947	0.0146981	0.439152	0.0434554	0.00776579	0.0442938	0.00186422	0.0801972	0.220117	0.0208823	0.0319735	0.0218619	0.013639	0.00127312
168	0.00698915	0.000821255	0.0122701	0.0179091	0.00280382	0.0112227	0.0421703	0.0126039	0.35914	0.033746	0.00622705	0.0455456	0.00211207	0.0912851	0.26521	0.0292038	0.0320483	0.0175773	0.00923605	0.00187858
169	0.0118937	0.00124144	0.00747175	0.00209872	0.25941	0.0131022	0.0813498	0.0138223	0.00784446	0.0892393	0.0194313	0.00528173	0.00416958	0.0202401	0.0117076	0.026742	0.0282233	0.00749811	0.0145613	0.374671
170	0.084526	0.00591655	0.0951193	0.0400452	0.00705804	0.103784	0.0333629	0.0167337	0.0621545	0.00993887	0.00509875	0.166725	0.0240734	0.0339235	0.0263206	0.178818	0.0741297	0.019145	0.00147963	0.0116479
171	0.0304196	0.00673683	0.000431703	0.000279949	0.0515802	0.00753833	0.0010178	0.309357	0.00543999	0.17662	0.0593465	0.000749484	0.00598577	0.00122069	0.000990765	0.00647348	0.011559	0.31818	0.0040014	0.00207269
172	0.0521757	0.00346015	0.00414719	0.00200936	0.0040986	0.0912748	0.027505	0.00674587	0.0210222	0.01162	0.00974236	0.10934	0.0404765	0.00668625	0.00273421	0.344506	0.250072	0.00846641	0.000882517	0.00303422
173	0.256131	0.0413328	0.00274718	0.00219879	0.0134781	0.0583769	0.00394987	0.0067693	0.0058172	0.0166893	0.00554977	0.00775816	0.0140649	0.00396173	0.00302089	0.431704	0.107914	0.0116938	0.000970473	0.00587151
174	0.11852	0.0179968	0.00248493	0.00157029	0.114582	0.0367735	0.00709039	0.099476	0.00524235	0.218085	0.0554397	0.00270789	0.00557449	0.00607015	0.00439961	0.0486862	0.065491	0.152478	0.0123969	0.0249348
175	0.0664883	0.00104098	0.205029	0.0796764	0.00735617	0.1055	0.0431794	0.00817686	0.070922	0.0063869	0.00150492	0.155614	0.0166821	0.0486375	0.030285	0.103259	0.0329817	0.00403956	0.000804486	0.0124355
176	0.0971429	0.0185947	0.00827385	0.00373494	0.0830484	0.086192	0.00961966	0.0938681	0.0129152	0.211229	0.0574073	0.0100502	0.0108719	0.00996519	0.00885982	0.0579091	0.0479206	0.14224	0.0105105	0.0196469
177	0.0450998	0.010693	0.00097478	0.00054778	0.105738	0.0146976	0.00345407	0.191185	0.00630791	0.260981	0.0724508	0.00113558	0.00381691	0.00349466	0.00241207	0.0214338	0.0256352	0.207374	0.0129504	0.00961787
178	0.284237	0.0264954	0.00324466	0.00197802	0.0213733	0.0949112	0.00502893	0.0130084	0.00798124	0.0262489	0.00944694	0.0114031	0.0187687	0.00559041	0.00329887	0.319676	0.10494	0.0254429	0.00116681	0.0157597
179	0.00607116	0.000969191	0.0146374	0.0132073	0.00323734	0.0128558	0.0752711	0.00985552	0.265984	0.0260533	0.00479181	0.0615732	0.00358763	0.146286	0.270361	0.0368563	0.0279298	0.0124638	0.00572534	0.00228242
180	0.18274	0.0280566	0.00363071	0.00443527	0.0133736	0.0527254	0.0109625	0.0186436	0.0111322	0.0224277	0.00883018	0.0246215	0.0221341	0.00593968	0.00612458	0.380971	0.162689	0.0340802	0.00168283	0.00479996
181	0.248553	0.0481534	0.00164842	0.000806705	0.010871	0.047748	0.00200107	0.00381602	0.00314384	0.0111578	0.00311683	0.00496991	0.0127569	0.00242673	0.00159057	0.473433	0.113281	0.00440367	0.000743585	0.00537848
182	0.0840924	0.00649045	0.026764	0.0102667	0.0251883	0.0484021	0.0318825	0.0410856	0.0431978	0.0407548	0.0122581	0.0453374	0.193976	0.0455037	0.0379961	0.149086	0.0691608	0.0607996	0.0114861	0.0162713
183	0.311339	0.00893997	0.00347623	0.00140992	0.0443551	0.0904764	0.00416183	0.0646285	0.00898713	0.0758644	0.0450855	0.00386161	0.0221761	0.00457508	0.00411669	0.0859359	0.0689313	0.1334	0.00160508	0.0166741
184	0.0586116	0.00530257	0.0359435	0.0170129	0.0224037	0.0382584	0.0683944	0.0226365	0.0521155	0.029539	0.00767113	0.0486134	0.201534	0.111012	0.0468225	0.110518	0.0439132	0.037725	0.0106641	0.0313078
185	0.253451	0.0293693	0.00266883	0.0023116	0.0155955	0.0495768	0.00725627	0.0085099	0.0102771	0.0183677	0.00511412	0.0170467	0.030992	0.00611261	0.00470927	0.390809	0.126355	0.0145735	0.00143988	0.00546388
186	0.290317	0.0164988	0.00461347	0.000724424	0.0430569	0.107721	0.00229717	0.0537818	0.00542723	0.112617	0.0518961	0.0014742	0.0107749	0.00253351	0.00251649	0.0797652	0.0653021	0.140055	0.00115089	0.0074771
187	0.102624	0.00367267	0.00177576	0.00209717	0.0379309	0.0302319	0.00481271	0.137554	0.00681116	0.0443254	0.00646396	0.00599631	0.0114081	0.00941416	0.00439474	0.15343	0.209198	0.223114	0.00135452	0.00339072
188	0.136777	0.0201987	0.00389597	0.00287623	0.0858508	0.0418514	0.00613088	0.105165	0.00923603	0.210268	0.0556612	0.00696123	0.00729925	0.00588078	0.00534296	0.0581121	0.0530948	0.165401	0.00948372	0.0105127
189	0.0355653	0.00328234	0.000626055	0.000207446	0.163995	0.0127661	0.00334033	0.119891	0.00233395	0.352789	0.0985175	0.00062094	0.000662842	0.00278332	0.00126337	0.0272981	0.0255452	0.11199	0.0225373	0.0139844
190	0.0217378	0.00218899	0.000353149	0.00027708	0.0265221	0.00520242	0.00079185	0.371055	0.00652819	0.130126	0.0539318	0.000971498	0.00832988	0.00102586	0.000797267	0.00204017	0.00394113	0.36322	0.000375302	0.00058384
191	0.0974944	0.0443856	0.00176496	0.000205976	0.0753196	0.0342502	0.000669118	0.1354	0.00253825	0.197417	0.0449548	0.000727186	0.000827987	0.00159136	0.00141824	0.0264468	0.0516338	0.275306	0.00682429	0.000824304
192	0.149351	0.0310375	0.00608818	0.00184048	0.017983	0.429256	0.0049454	0.0249907	0.00684039	0.0471757	0.0163911	0.00910619	0.00646463	0.00828318	0.00689033	0.123057	0.0492598	0.0521275	0.00218714	0.00672436
