352	20
1	0.0507534	0.020518	0.0436218	0.0711051	0.00458195	0.00351743	0.0204916	0.0231686	0.0100304	0.286569	0.0896699	0.00743605	0.0204199	0.0626954	0.0113244	0.035513	0.0742096	0.13761	0.000757374	0.0260065
2	0.00257993	0.00789316	0.000421153	0.00060163	0.00083231	0.00400196	0.00075132	0.00438966	0.000772408	0.00747769	0.00154403	0.00692299	0.000301407	0.000776178	0.00101084	0.13027	0.822342	0.00613092	0.000279679	0.000700936
3	0.0930446	0.0110294	0.0979151	0.112149	0.004478	0.0336419	0.0131165	0.0129091	0.0846115	0.014434	0.00319576	0.0807771	0.137761	0.0435032	0.0676884	0.114496	0.0510112	0.018071	0.0014477	0.00471928
4	0.126623	0.00673818	0.0034204	0.00477438	0.0450124	0.227237	0.0138876	0.01047	0.00675885	0.180268	0.191464	0.00675793	0.0196586	0.00705058	0.00751858	0.0128073	0.053943	0.0681881	0.00238027	0.00504278
5	0.0132387	0.00590577	0.00288461	0.117982	0.035254	0.0142067	0.0893003	0.100912	0.011816	0.0319305	0.138985	0.0160404	0.0019129	0.0910371	0.0475195	0.0131451	0.0574546	0.158487	0.00205772	0.0499301
6	0.0699478	0.00908114	0.00745652	0.0609103	0.00595432	0.0112791	0.0346017	0.0124501	0.17752	0.0139542	0.0101002	0.0345865	0.00398095	0.124065	0.27043	0.0764082	0.0438264	0.0266344	0.00167404	0.00513823
7	0.0482383	0.00631132	0.00939344	0.0509075	0.00501334	0.00931165	0.0417038	0.0114401	0.229953	0.0140352	0.00907713	0.0352523	0.0034863	0.106511	0.300726	0.0583413	0.0319621	0.0192384	0.00114303	0.00795393
8	0.00262907	0.00385198	0.00144422	0.00279662	0.372286	0.000883006	0.0279827	0.00759339	0.00279108	0.00710103	0.0140865	0.00551097	0.00484615	0.00236929	0.00432736	0.00267379	0.00340469	0.009781	0.0312298	0.492412
9	0.0466101	0.00174599	0.173597	0.143671	0.00825154	0.196157	0.0315105	0.00242586	0.0368138	0.00405016	0.00199968	0.215787	0.000825935	0.0522278	0.0169145	0.0390481	0.0093669	0.00462911	0.000869861	0.0134983
10	0.244165	0.104667	0.0187139	0.0463519	0.0194813	0.00414344	0.00364338	0.00602058	0.0527127	0.0386111	0.00559665	0.00382672	0.00159702	0.0204939	0.0210666	0.127587	0.21265	0.049253	0.00126472	0.0181542
11	0.00632232	0.00590469	0.000373008	0.00038767	0.0194899	0.000707132	0.000727422	0.427308	0.000604091	0.257715	0.00817621	0.000560218	0.0011894	0.000641263	0.000997652	0.0011855	0.00373727	0.262241	0.000169321	0.00156347
12	0.00839603	0.00343878	0.00111378	0.000464985	0.0686687	0.00171605	0.000584495	0.213689	0.00129115	0.511149	0.0774383	0.000639776	0.000281661	0.0016442	0.00190776	0.00151603	0.00420503	0.0915148	0.000240826	0.0100994
13	0.0117495	0.059854	0.00273469	0.00503907	0.335068	0.00554121	0.00586128	0.0258624	0.00603481	0.395549	0.0304222	0.00488978	0.00199788	0.00852043	0.00672291	0.010958	0.0138329	0.0414015	0.00532556	0.0226345
14	0.00325157	0.00711058	0.00121787	0.002574	0.383565	0.00115458	0.0227717	0.00793969	0.00216864	0.0124189	0.0194469	0.00455638	0.00363096	0.00321462	0.00345151	0.00367283	0.00399425	0.0122245	0.0222998	0.479336
15	0.0673683	0.0102899	0.0318386	0.0671397	0.00634191	0.0142348	0.0210315	0.0218474	0.157692	0.0191176	0.0103861	0.0379136	0.100691	0.0784634	0.196522	0.0847891	0.0409239	0.0270452	0.00150442	0.00486015
16	0.0313929	0.0167239	0.00109816	0.00150714	0.0127956	0.00170113	0.00169226	0.0668912	0.00240184	0.234654	0.412336	0.0021598	0.000594509	0.00200406	0.0071507	0.00343225	0.0435445	0.15563	0.000612731	0.00167671
17	0.0114409	0.00166673	0.00324448	0.0038832	0.00248848	0.901551	0.00198964	0.00261301	0.0113608	0.00415078	0.00237401	0.011636	0.00112785	0.00348356	0.00330832	0.0225409	0.00457743	0.00387033	0.000750276	0.0019427
18	0.0444077	0.0125826	0.126985	0.0951238	0.0339288	0.0387338	0.0436514	0.0227497	0.121956	0.0288054	0.0131137	0.0774881	0.0103369	0.0418353	0.0834029	0.0653184	0.0382127	0.0371954	0.00400546	0.0601674
19	0.0380827	0.0162109	0.0136199	0.0198524	0.225989	0.0180294	0.080537	0.0318761	0.0850745	0.0627643	0.0233573	0.0246125	0.0105522	0.0243748	0.0536026	0.0312831	0.0381301	0.0458247	0.0107689	0.145458
20	0.00280584	0.00424737	0.00134562	0.00214448	0.380266	0.00100413	0.0279998	0.00769699	0.00454681	0.0158208	0.0166339	0.00524806	0.00401721	0.00332169	0.00524853	0.0029965	0.00448728	0.00863336	0.0224291	0.479107
21	0.0395948	0.00568562	0.0920358	0.265052	0.0236139	0.0247552	0.0713204	0.0205756	0.0525451	0.0319308	0.0137228	0.0559327	0.00813525	0.0794771	0.0617134	0.047178	0.0385038	0.0365505	0.00187954	0.0297982
22	0.0423777	0.0219586	0.00113352	0.00407809	0.0122591	0.00212409	0.00214612	0.0566772	0.00351429	0.275874	0.388379	0.00234862	0.00108029	0.00260888	0.00897315	0.00436123	0.0618954	0.104241	0.00067423	0.00329579
23	0.00216266	0.00429377	0.00115561	0.00157552	0.387556	0.000835074	0.022444	0.00774487	0.00175313	0.00591133	0.0158462	0.00439711	0.00397389	0.00133138	0.00277937	0.00222908	0.0021446	0.00830511	0.02207	0.501491
24	0.040682	0.00231627	0.153688	0.167308	0.023638	0.163015	0.0641768	0.00353548	0.0280816	0.00753088	0.00258977	0.192394	0.00137455	0.0471885	0.0145309	0.0395	0.00894244	0.00532537	0.000862051	0.0333201
25	0.0464588	0.00197712	0.172638	0.35105	0.00502854	0.0347996	0.0132965	0.00830387	0.0571833	0.00769778	0.00814525	0.0309935	0.00350384	0.0680263	0.0556436	0.0578953	0.0561922	0.0136432	0.00243992	0.00508413
26	0.0431386	0.00705781	0.18087	0.228965	0.0100597	0.0365578	0.0336436	0.0128713	0.050733	0.0227027	0.0101934	0.0608127	0.0114901	0.10805	0.0486139	0.0564501	0.0398045	0.0211359	0.00257741	0.0142722
27	0.470142	0.0338725	0.00768743	0.00484604	0.00392593	0.0412312	0.00518183	0.00979413	0.00884372	0.0100882	0.00818247	0.0101566	0.0116037	0.00680973	0.0125257	0.283669	0.037992	0.0264779	0.00103299	0.00593694
28	0.0737809	0.0121534	0.0505175	0.0947913	0.00880521	0.00476959	0.0423868	0.0803576	0.0489695	0.148125	0.0329697	0.0245325	0.00240434	0.0220919	0.0398095	0.0465286	0.0523407	0.196623	0.00119074	0.0168527
29	0.0241554	0.00257968	0.00142103	0.0503421	0.029971	0.00216041	0.0099833	0.317502	0.0627115	0.063734	0.00269433	0.0147804	0.00082962	0.00294124	0.0174351	0.0110519	0.163959	0.218846	0.000794311	0.002108
30	0.453951	0.0336146	0.00163998	0.00193917	0.0074072	0.185377	0.00734546	0.0460803	0.00201291	0.0283281	0.0128459	0.00264439	0.00104979	0.0114829	0.011891	0.0601542	0.0422459	0.0872713	0.000612801	0.00210653
31	0.558014	0.0211197	0.00196234	0.00358834	0.0194897	0.0428881	0.0281781	0.0308011	0.00474128	0.0116104	0.00999332	0.00416047	0.00425119	0.00620467	0.0070761	0.150773	0.0369371	0.0525328	0.0011911	0.0044875
32	0.0662814	0.00845125	0.0067388	0.057854	0.00476888	0.0115044	0.031545	0.0120668	0.197802	0.0133443	0.00870255	0.0341421	0.00607034	0.118484	0.263514	0.0789478	0.0497986	0.0239586	0.00139255	0.00463292
33	0.0802326	0.0147093	0.0536094	0.0866597	0.0112141	0.00670748	0.0507757	0.0815359	0.046011	0.151076	0.0279119	0.0377787	0.00184231	0.0350086	0.0408053	0.0529226	0.0470509	0.157628	0.00153545	0.0149855
34	0.0639037	0.0720736	0.00441668	0.00888689	0.0213398	0.010554	0.00601421	0.123654	0.00536432	0.261391	0.102663	0.00780936	0.00215744	0.0188147	0.00804586	0.032207	0.0805533	0.155206	0.00174094	0.0132053
35	0.0505011	0.00170935	0.162509	0.141174	0.00654199	0.210296	0.0223491	0.00236653	0.0399815	0.00345879	0.00204571	0.221388	0.00070674	0.0522126	0.0173576	0.0398835	0.00997872	0.00472549	0.000842699	0.00997301
36	0.0064765	0.00133809	0.000454114	0.00038695	0.035004	0.00126314	0.000450627	0.22245	0.000620453	0.57877	0.0716213	0.000474195	0.000203284	0.00193531	0.00237345	0.000964259	0.00203821	0.070197	0.000149396	0.00282932
37	0.0910925	0.0399966	0.000989311	0.000818247	0.0168076	0.00705421	0.00371781	0.203626	0.00136988	0.160419	0.0473151	0.0142499	0.000392033	0.0121274	0.00324375	0.0336984	0.138612	0.217296	0.000884055	0.00628988
38	0.00489302	0.00560585	0.00101071	0.0026982	0.425672	0.00248861	0.00913609	0.0176593	0.00193055	0.301639	0.0608329	0.00167362	0.000618984	0.0268744	0.00224508	0.0115938	0.017852	0.00774227	0.0105487	0.0872852
39	0.0609474	0.0293622	0.0065618	0.013827	0.0168186	0.0199138	0.013885	0.0373067	0.0187733	0.046931	0.066643	0.0163479	0.00565957	0.0187698	0.0271062	0.16536	0.36505	0.0557457	0.0041724	0.0108188
40	0.0727142	0.00914433	0.00614616	0.0468746	0.00437116	0.0182037	0.0335997	0.0107351	0.184546	0.0123078	0.00777997	0.0282331	0.00695792	0.109138	0.258521	0.11155	0.0517148	0.0217127	0.00133434	0.00441505
41	0.316639	0.323995	0.00276982	0.00468212	0.00666517	0.00685208	0.0040128	0.0107437	0.00623381	0.0106901	0.0137665	0.00458674	0.00185209	0.00503602	0.00744438	0.129117	0.0676446	0.0704729	0.00140242	0.00539361
42	0.0335872	0.00384401	0.00266424	0.00403866	0.00275349	0.824962	0.00446441	0.0036562	0.0128899	0.00583353	0.00505526	0.0143162	0.00230987	0.00558373	0.00744174	0.0490036	0.0081392	0.00528798	0.000830468	0.0033382
43	0.0123457	0.00993813	0.000533735	0.00281575	0.027524	0.00117082	0.00124318	0.36801	0.00349503	0.114318	0.0180549	0.00173969	0.00186303	0.0010493	0.00407434	0.00490276	0.019296	0.405785	0.000456567	0.00138424
44	0.160287	0.00897668	0.019944	0.0311359	0.00748775	0.0135038	0.00703374	0.0234897	0.0259613	0.0151088	0.00856895	0.0166114	0.451214	0.0137142	0.0278294	0.086964	0.0336403	0.0425425	0.0018752	0.00411148
45	0.0942238	0.0112618	0.00485628	0.0801309	0.137984	0.0108252	0.156935	0.0600437	0.0117967	0.0198745	0.0166993	0.00983516	0.00400617	0.0177892	0.0167921	0.0183342	0.0220211	0.180043	0.00448855	0.12206
46	0.0643891	0.0150961	0.0143447	0.0466318	0.014082	0.011015	0.0616489	0.0585249	0.136291	0.0580751	0.0382638	0.0234509	0.00146345	0.0583727	0.130816	0.0755769	0.0653737	0.10934	0.00547817	0.011765
47	0.341996	0.0368915	0.00107788	0.00135909	0.00127969	0.0597959	0.00282864	0.00306866	0.00392925	0.00588699	0.00541356	0.0141903	0.00175859	0.00667928	0.0172017	0.4233	0.0444955	0.0253876	0.000842061	0.00261779
48	0.129153	0.0449719	0.000771292	0.00123704	0.229866	0.0184787	0.0067484	0.0687155	0.0122671	0.130415	0.0544615	0.00128353	0.000456146	0.00682576	0.00161302	0.0362221	0.0353301	0.134316	0.0275779	0.0592893
49	0.0160918	0.00234408	0.0114438	0.0117613	0.00258622	0.847513	0.00378594	0.00298399	0.0177047	0.00374972	0.0021544	0.0268532	0.00162624	0.00725718	0.00647475	0.0220946	0.00617605	0.00373472	0.000759826	0.00290415
50	0.0122277	0.00176382	0.00550767	0.0148042	0.224344	0.00314678	0.18154	0.00312246	0.0757366	0.013288	0.00696341	0.0216759	0.00556417	0.023057	0.0603648	0.00539608	0.0380741	0.0133415	0.00809661	0.281986
51	0.0583572	0.00873517	0.00834024	0.0537809	0.00377031	0.0132993	0.0289962	0.0179161	0.209896	0.0164215	0.00934691	0.030941	0.00327637	0.0857858	0.285091	0.0742777	0.0532947	0.0316726	0.00120461	0.00559627
52	0.00328273	0.00106839	0.000342511	0.000523157	0.00627269	0.000540791	0.000628273	0.317017	0.000665709	0.0617094	0.0299706	0.000580239	0.00177288	0.000808756	0.00484258	0.00124464	0.0108291	0.557161	0.000203194	0.000536567
53	0.396201	0.0232585	0.00284591	0.00376872	0.00850135	0.192519	0.00708122	0.0337824	0.00521295	0.0485026	0.0151887	0.0045672	0.00223214	0.00857288	0.010805	0.0456231	0.0316823	0.153925	0.00134887	0.00438046
54	0.0419162	0.0335383	0.00519197	0.0089221	0.0122881	0.0102901	0.024753	0.188698	0.0139582	0.201496	0.0284268	0.00875431	0.00817271	0.0176768	0.0378979	0.0218417	0.0406672	0.283738	0.00332138	0.00845121
55	0.0953244	0.0724883	0.00106238	0.00179219	0.0275068	0.00559706	0.00371147	0.287545	0.00250334	0.0953577	0.025068	0.0075552	0.00159402	0.00755323	0.00324511	0.0390054	0.0931107	0.224826	0.000769583	0.00438465
56	0.0398369	0.00184864	0.198861	0.361185	0.0053757	0.0327361	0.0145562	0.00835835	0.0493472	0.00826919	0.00514131	0.0383326	0.00229348	0.0673058	0.0460099	0.0546053	0.0461401	0.0129534	0.00148926	0.00535497
57	0.0478933	0.00503777	0.104934	0.220701	0.0106202	0.0510038	0.0447743	0.010587	0.0618585	0.0208207	0.00867057	0.0960529	0.0229248	0.0982023	0.070114	0.0594288	0.0319467	0.0170954	0.00152395	0.0158097
58	0.0526502	0.0164207	0.00148963	0.00295957	0.0205898	0.00406107	0.00283247	0.0793055	0.0031204	0.216361	0.319938	0.00470409	0.0012054	0.00491574	0.0139018	0.0117325	0.10116	0.137868	0.000798329	0.00398485
59	0.155295	0.0027151	0.0871979	0.195964	0.00458705	0.117662	0.0105143	0.00841029	0.0423945	0.0157989	0.0062017	0.0471124	0.00479552	0.0567007	0.0406122	0.110732	0.0671995	0.014005	0.00126207	0.0108397
60	0.0696733	0.00701447	0.121563	0.139803	0.0032382	0.0244914	0.0145722	0.00848895	0.0846638	0.0154198	0.00232109	0.0904736	0.116262	0.0418856	0.0608458	0.113858	0.0619949	0.0189182	0.00186576	0.00264617
61	0.0155453	0.00328314	0.00123916	0.0018838	0.00355039	0.00222824	0.00220007	0.215726	0.00239142	0.175542	0.0553715	0.00212505	0.0892196	0.00228171	0.004821	0.00563314	0.0150251	0.399315	0.000590727	0.00202659
62	0.0775415	0.0461229	0.00141626	0.000891329	0.02482	0.00873809	0.00446785	0.218195	0.00180635	0.178267	0.0604375	0.00943758	0.000387294	0.0102506	0.00293934	0.0309652	0.0922883	0.221468	0.00119637	0.00836313
63	0.0310648	0.00205647	0.00225063	0.0413915	0.00126152	0.0067041	0.0249462	0.00734146	0.353758	0.0108323	0.00570875	0.025952	0.00115586	0.0401228	0.389392	0.0284668	0.0137236	0.0050122	0.00044557	0.00841345
64	0.0507465	0.00687986	0.0478934	0.13122	0.00896646	0.0176551	0.0290262	0.0169096	0.170397	0.0170988	0.00953217	0.0375284	0.0132028	0.0725614	0.227054	0.0584335	0.0439948	0.0265912	0.00230199	0.0120067
65	0.0495804	0.00178995	0.164467	0.218566	0.00603299	0.153355	0.0188475	0.00439415	0.0493173	0.00463713	0.00335727	0.145639	0.00124471	0.0595275	0.0301026	0.0472003	0.0250704	0.00771298	0.00105204	0.00810635
66	0.00335559	0.0012088	0.000330585	0.000507805	0.00659156	0.000505533	0.000618263	0.321484	0.000709718	0.0727945	0.029754	0.000578101	0.00284693	0.000781515	0.0049111	0.00120197	0.0103582	0.540737	0.00020029	0.000524642
67	0.0206122	0.0580145	0.00592127	0.00399732	0.0117261	0.00517539	0.0203741	0.141639	0.00525312	0.0233567	0.0348097	0.010345	0.00248558	0.0337855	0.073854	0.0393075	0.325427	0.162027	0.0128683	0.00902054
68	0.0681792	0.0101197	0.00724788	0.0580017	0.00568636	0.0122238	0.0361283	0.0120037	0.171503	0.0138155	0.00958768	0.0368452	0.00399645	0.128272	0.269257	0.0829536	0.0416802	0.025262	0.00185983	0.00537706
69	0.0032194	0.000986395	0.000347829	0.000551224	0.00628876	0.000524241	0.000640596	0.313195	0.000702072	0.0617266	0.0315216	0.000586497	0.00296528	0.00082919	0.0052442	0.00127454	0.0111192	0.557548	0.000200314	0.000528548
70	0.0754877	0.0430656	0.0007753	0.00211961	0.0193551	0.00704205	0.00399663	0.244063	0.0027052	0.152155	0.0312787	0.00936361	0.00064658	0.0110072	0.00304031	0.0319172	0.115318	0.240749	0.000770539	0.00514299
71	0.00257993	0.00789316	0.000421153	0.00060163	0.00083231	0.00400196	0.00075132	0.00438966	0.000772408	0.00747769	0.00154403	0.00692299	0.000301407	0.000776178	0.00101084	0.13027	0.822342	0.00613092	0.000279679	0.000700936
72	0.0212955	0.00928434	0.00777442	0.0103366	0.0115964	0.00966562	0.00811551	0.066099	0.132268	0.0461923	0.0348307	0.0406109	0.206787	0.0386976	0.210413	0.0478582	0.0179597	0.0697827	0.00257998	0.00785207
73	0.0712377	0.0357902	0.0168593	0.00260644	0.0141762	0.0471747	0.130933	0.00236189	0.0606586	0.0025638	0.00186477	0.187578	0.000591337	0.0656167	0.0813725	0.175866	0.0575185	0.0125778	0.00942005	0.023233
74	0.00203773	0.003437	0.0014296	0.00228809	0.374462	0.000792551	0.0270962	0.00783752	0.00253448	0.00660714	0.013983	0.00557833	0.00510684	0.00151348	0.00407355	0.00208879	0.00205597	0.00820944	0.0283828	0.500486
75	0.0246513	0.0108815	0.00165377	0.000853262	0.0181587	0.0115046	0.00400044	0.252922	0.00250055	0.388638	0.10441	0.00673806	0.000529933	0.00903127	0.00481765	0.0137534	0.0287474	0.10753	0.00250229	0.00617674
76	0.0832959	0.0552175	0.00184278	0.00210363	0.0546562	0.0136717	0.00611146	0.144205	0.00585414	0.225732	0.07549	0.00730469	0.000529171	0.0161027	0.00341273	0.0526369	0.068605	0.151368	0.00616047	0.0257004
77	0.380173	0.04174	0.000364787	0.000968429	0.00100876	0.0467768	0.000922316	0.0031805	0.000710756	0.00543005	0.00507774	0.00504676	0.0021044	0.00104869	0.00473992	0.431859	0.0395989	0.0276765	0.000224355	0.00134831
78	0.00632381	0.00606096	0.000318226	0.000389413	0.0142091	0.000611685	0.000753145	0.441444	0.000511797	0.241079	0.00267306	0.000553185	0.00124623	0.000574871	0.000955233	0.0012095	0.00369565	0.276678	0.000161397	0.000552272
79	0.342661	0.0497795	0.000472344	0.00101639	0.000990349	0.0525134	0.000778309	0.00279255	0.000761599	0.0068332	0.00539578	0.00667879	0.00149333	0.00145098	0.0056771	0.450289	0.0407063	0.0281324	0.000235166	0.00134301
80	0.130344	0.0448471	0.000784001	0.00125666	0.229435	0.0188498	0.0067934	0.0677387	0.0124465	0.131265	0.0542867	0.00129131	0.000459242	0.00690277	0.00156672	0.036574	0.0355136	0.133137	0.027513	0.0589951
81	0.0809041	0.0469857	0.00108111	0.000612681	0.016083	0.0101226	0.00471101	0.224974	0.0011487	0.180698	0.0412268	0.0103883	0.000282143	0.0101532	0.00227409	0.0347469	0.0961136	0.22918	0.00108891	0.00722446
82	0.0428785	0.00198849	0.190036	0.349555	0.00635445	0.0437898	0.0144031	0.00796821	0.0503041	0.00847113	0.00536096	0.0490736	0.00229212	0.0643151	0.0452969	0.0523172	0.0453328	0.0122903	0.00181164	0.00616056
83	0.0822722	0.0455147	0.00104431	0.000635077	0.0150581	0.00948446	0.00472356	0.216596	0.00108659	0.179623	0.0423813	0.011075	0.000292168	0.00990549	0.00227376	0.0337811	0.103616	0.232023	0.00103764	0.0075753
84	0.0524821	0.0276572	0.00200269	0.0177317	0.0182635	0.0373899	0.00785524	0.0202097	0.00883731	0.00678212	0.0207855	0.00408658	0.00275329	0.0105995	0.0312482	0.36305	0.33356	0.0298716	0.00132452	0.00350986
85	0.0396119	0.0243942	0.032036	0.027204	0.0149711	0.00482483	0.0479873	0.0694137	0.0273765	0.0839344	0.0352901	0.0267499	0.00198676	0.0324677	0.0697381	0.0748597	0.20964	0.149751	0.0130456	0.0147167
86	0.323995	0.00422928	0.0259645	0.0238275	0.002981	0.164182	0.0105761	0.0132359	0.0266551	0.0387568	0.00574813	0.0427343	0.0111698	0.0389664	0.0353427	0.159283	0.0363554	0.0137016	0.000760237	0.0215356
87	0.0822869	0.0207321	0.0641435	0.0690445	0.014717	0.00648728	0.055462	0.0517601	0.0467048	0.145151	0.0296629	0.0431666	0.00211523	0.0288233	0.0514017	0.076173	0.060196	0.132741	0.000674709	0.0185563
88	0.109153	0.0121282	0.0757245	0.117176	0.000803453	0.0151881	0.0151352	0.0141402	0.0814055	0.00923932	0.00359705	0.0491426	0.185242	0.0533217	0.0820747	0.113397	0.0461783	0.0159091	0.000195881	0.000848358
89	0.151914	0.0168043	0.00304589	0.00863959	0.00819476	0.00607749	0.00544676	0.0905085	0.00666346	0.031623	0.0136216	0.00619359	0.345252	0.00800141	0.00911608	0.0551395	0.0576535	0.169878	0.00171091	0.00451514
90	0.23637	0.0243011	0.00218482	0.00271909	0.00719036	0.0218824	0.00965927	0.0391642	0.0977234	0.0226942	0.0241854	0.0369649	0.0155347	0.00508311	0.0697946	0.215079	0.0219436	0.129439	0.00180835	0.0162776
91	0.0186638	0.00531523	0.0601354	0.409103	0.0293926	0.013684	0.0563919	0.0113005	0.029845	0.0444355	0.0117121	0.0326949	0.00209032	0.153591	0.0336427	0.0296892	0.0209946	0.0163219	0.00122119	0.0197752
92	0.00632381	0.00606096	0.000318226	0.000389413	0.0142091	0.000611685	0.000753145	0.441444	0.000511797	0.241079	0.00267306	0.000553185	0.00124623	0.000574871	0.000955233	0.0012095	0.00369565	0.276678	0.000161397	0.000552272
93	0.00607577	0.00531852	0.000315159	0.000381904	0.0140088	0.000704791	0.000672508	0.424026	0.00056188	0.279058	0.00891174	0.000516609	0.00109268	0.000725628	0.00107364	0.00116095	0.00329162	0.25144	0.000159046	0.000504688
94	0.554752	0.0372435	0.000597226	0.00158722	0.00307425	0.0213535	0.00264488	0.00588577	0.00137135	0.003569	0.00827893	0.00284111	0.0095308	0.0011073	0.00274593	0.283275	0.0363564	0.0195629	0.000338541	0.00388417
95	0.129935	0.045089	0.000791176	0.00131109	0.228667	0.0189225	0.00674954	0.0679393	0.0123906	0.132355	0.0543965	0.00132037	0.000444642	0.00689903	0.00159774	0.0366907	0.0355811	0.132962	0.0274655	0.0584909
96	0.330985	0.00172852	0.0208981	0.027064	0.0017462	0.174658	0.00930851	0.00982228	0.0328672	0.0302746	0.00253839	0.05156	0.00882469	0.0454729	0.0398387	0.137748	0.041666	0.00802044	0.000519955	0.0244577
97	0.469616	0.0367142	0.0018168	0.00242036	0.0132576	0.200489	0.0134175	0.0352837	0.00290263	0.0229947	0.0154501	0.00336379	0.00125402	0.027489	0.028085	0.0468999	0.0444353	0.0312489	0.000659564	0.00220216
98	0.0810325	0.0451333	0.00107661	0.000606053	0.0152069	0.0101539	0.00507812	0.218988	0.00127322	0.184728	0.0442755	0.0112743	0.00027272	0.0101552	0.0024079	0.0348776	0.0966556	0.227938	0.00120041	0.00766581
99	0.0128646	0.00181751	0.00488265	0.0130521	0.213268	0.00350837	0.19608	0.00302151	0.0819216	0.0131342	0.00617451	0.0239107	0.00476492	0.0229325	0.0625371	0.00502585	0.0424478	0.0121577	0.00583798	0.270661
100	0.0305239	0.0162177	0.00112783	0.00156599	0.0122254	0.00173174	0.00170779	0.063633	0.00229015	0.23658	0.419425	0.00205453	0.000619732	0.00205886	0.00694766	0.0033439	0.0411241	0.154431	0.000569041	0.001823
101	0.0873352	0.00443832	0.00255886	0.046954	0.00471821	0.0347362	0.0209955	0.252603	0.0329165	0.115401	0.0105221	0.00566831	0.00132865	0.0777471	0.0925328	0.0217252	0.0388938	0.128307	0.016635	0.0039822
102	0.00616031	0.000642626	0.000241674	0.000389042	0.0219165	0.0013118	0.000423143	0.228584	0.000526081	0.598349	0.0682486	0.000458112	0.000212878	0.0021952	0.00258309	0.000928064	0.00180857	0.0644087	0.00014794	0.000464764
103	0.0306099	0.002315	0.61911	0.0118564	0.00225134	0.0170096	0.0224023	0.00933737	0.00818639	0.00402171	0.00200201	0.09487	0.018759	0.00607915	0.00800138	0.128302	0.00689508	0.00538403	0.000709648	0.00189783
104	0.309603	0.00310645	0.0315637	0.0357154	0.00174526	0.123011	0.0161723	0.0152791	0.03149	0.0361248	0.00305848	0.0487883	0.0223586	0.0479107	0.044267	0.15379	0.0367975	0.0128361	0.000476363	0.0259064
105	0.361844	0.0427792	0.000440664	0.00120772	0.00128409	0.047988	0.00124809	0.00330151	0.00105768	0.00597297	0.00588353	0.0057704	0.00197512	0.00146319	0.00578062	0.432466	0.0481008	0.0294034	0.000361663	0.00167144
106	0.0373628	0.00686061	0.00300992	0.017609	0.00655318	0.0165855	0.013301	0.220401	0.053729	0.213824	0.0141602	0.00693174	0.00174498	0.100538	0.0869571	0.0150817	0.0183567	0.153718	0.00836847	0.00490742
107	0.0605508	0.00962162	0.0111201	0.0650142	0.00376457	0.0130792	0.0348785	0.0219727	0.18339	0.0188728	0.0113421	0.0381365	0.0025103	0.0968942	0.257596	0.0701883	0.0560684	0.038312	0.000977538	0.00571025
108	0.0588641	0.0300017	0.0148127	0.00418794	0.0129522	0.0599758	0.152802	0.00530006	0.0468949	0.00574734	0.00354546	0.215287	0.00176569	0.0521048	0.0618905	0.184029	0.047196	0.0139547	0.00827431	0.0204132
109	0.0198261	0.010811	0.0039322	0.00928176	0.0488111	0.00393498	0.00463064	0.178625	0.0068087	0.487435	0.0649853	0.00466204	0.00280064	0.010868	0.00814361	0.0127491	0.0182386	0.0898306	0.00143416	0.0121912
110	0.0359919	0.00177078	0.172944	0.320573	0.00594548	0.0486685	0.0187509	0.00598808	0.0550872	0.0106791	0.00430179	0.0890866	0.00640993	0.0604657	0.0410512	0.0613269	0.041415	0.0114895	0.00170658	0.00634791
111	0.00632244	0.00605005	0.000314895	0.000390811	0.0141894	0.000611674	0.000752486	0.441512	0.000511794	0.24123	0.00268307	0.000555525	0.00124923	0.000574702	0.000955233	0.00120525	0.00369319	0.276485	0.000161397	0.000552264
112	0.0166906	0.0135115	0.00767017	0.00123191	0.153047	0.00357638	0.00142495	0.188775	0.00801253	0.341362	0.0497833	0.00153463	0.000676436	0.00174539	0.00203117	0.00298812	0.0277182	0.151316	0.000538327	0.0263673
113	0.0410362	0.0242012	0.0182885	0.0312936	0.0291643	0.0112687	0.0524066	0.0696776	0.111625	0.106859	0.0585016	0.0187757	0.00097287	0.0466911	0.0571589	0.0811494	0.0520467	0.159077	0.00859443	0.021212
114	0.00257993	0.00789316	0.000421153	0.00060163	0.00083231	0.00400196	0.00075132	0.00438966	0.000772408	0.00747769	0.00154403	0.00692299	0.000301407	0.000776178	0.00101084	0.13027	0.822342	0.00613092	0.000279679	0.000700936
115	0.137246	0.0214287	0.00149076	0.00230488	0.0257421	0.0461776	0.00998301	0.017454	0.0383773	0.0052464	0.0100368	0.0316369	0.221977	0.00307915	0.0377766	0.301827	0.0562852	0.0288941	0.000832396	0.00220464
116	0.151966	0.00885717	0.00449636	0.00618138	0.0787759	0.142174	0.0397625	0.0132436	0.00829259	0.0949266	0.196927	0.00808713	0.0702231	0.00905672	0.0117743	0.0175849	0.0916058	0.0367832	0.00260979	0.00667173
117	0.00964775	0.00226763	0.00123945	0.00197698	0.00221249	0.907088	0.00223137	0.00521809	0.0100283	0.00700087	0.00403732	0.00890733	0.00100885	0.00266939	0.00216868	0.0184575	0.0050113	0.00638677	0.000503128	0.0019385
118	0.11026	0.0112039	0.00207781	0.00302296	0.00373613	0.0776856	0.0160092	0.00585081	0.0856972	0.00693368	0.00483112	0.0151892	0.00532175	0.0475614	0.164108	0.366247	0.0526772	0.0115548	0.00333825	0.00669461
119	0.0437373	0.0111323	0.0133798	0.0436509	0.0106128	0.0148335	0.0259413	0.021207	0.182921	0.0312409	0.015371	0.0328431	0.00850783	0.0515013	0.357007	0.0520575	0.0312	0.0314776	0.00391687	0.0174603
120	0.0416768	0.0338747	0.011275	0.055602	0.00759569	0.0044198	0.0108648	0.017365	0.0270765	0.413264	0.151018	0.0066916	0.00673533	0.0165572	0.0279205	0.0172598	0.0496918	0.0701602	0.00199124	0.0289596
121	0.00828856	0.00499996	0.00165917	0.000646681	0.0894102	0.00215897	0.000688901	0.20637	0.00171381	0.497784	0.0735403	0.000805389	0.000242787	0.00188467	0.00192788	0.00152476	0.00511607	0.0881129	0.000533083	0.0125917
122	0.0264954	0.00154114	0.00156789	0.0376628	0.00108324	0.00604025	0.0249941	0.00594515	0.368706	0.00992534	0.00535189	0.02383	0.000884716	0.0351448	0.404623	0.0236732	0.0102092	0.00264595	0.000411045	0.00926426
123	0.0703468	0.00814703	0.00587665	0.0514158	0.00725348	0.00937016	0.0547307	0.00897547	0.159108	0.0138961	0.0118485	0.0447413	0.00326328	0.140051	0.250903	0.0922276	0.0325242	0.0221812	0.00402218	0.00911787
124	0.0421957	0.0628003	0.0154428	0.0292	0.0231454	0.01432	0.0268987	0.0846595	0.0318298	0.0321779	0.0233874	0.0721316	0.00644699	0.0259348	0.155096	0.0546918	0.134326	0.0667112	0.0797533	0.0188515
125	0.00625276	0.000664576	0.000263536	0.000395104	0.0192249	0.00125907	0.000439573	0.247771	0.000547207	0.57924	0.0652386	0.000508839	0.000247037	0.00234414	0.00251448	0.000973228	0.0017576	0.0697177	0.000151337	0.00048854
126	0.0894918	0.0210566	0.0636049	0.0702932	0.0126841	0.00770604	0.0550023	0.0497856	0.0406346	0.149248	0.0299469	0.0440445	0.00287875	0.0280736	0.0478543	0.0792966	0.0604904	0.128612	0.000666983	0.0186287
127	0.0642968	0.0492434	0.0153055	0.0306018	0.0140276	0.0251206	0.0275502	0.0316176	0.0925168	0.0353598	0.0183186	0.0337946	0.0136846	0.049718	0.306183	0.0731244	0.0418682	0.0480187	0.00860525	0.0210449
128	0.0303145	0.00581466	0.00284139	0.0292506	0.0257946	0.00467499	0.0237806	0.00723057	0.00443047	0.39922	0.00661457	0.00459308	0.00280885	0.389727	0.0065079	0.0123953	0.00864877	0.0104242	0.00153261	0.0233956
129	0.0383215	0.00214506	0.20523	0.1154	0.00542709	0.0459346	0.0100969	0.00269043	0.0738451	0.0231667	0.00201523	0.169257	0.0268383	0.0311466	0.0314464	0.115413	0.0615773	0.0256668	0.00630434	0.00807663
130	0.098124	0.0256189	0.0081793	0.0187678	0.025056	0.0107207	0.0481947	0.069	0.112629	0.0889627	0.0685471	0.0143541	0.00227552	0.0423869	0.0545379	0.0868169	0.0502305	0.144444	0.0130144	0.0181401
131	0.00318954	0.000953322	0.000349788	0.000538821	0.00615307	0.00053082	0.000623518	0.31396	0.000670557	0.0582577	0.0307103	0.000587468	0.00177794	0.000794757	0.00501746	0.00125933	0.0110997	0.562801	0.000202294	0.000522946
132	0.0474723	0.00200069	0.170069	0.353771	0.00515958	0.0353212	0.0134369	0.00840189	0.0591656	0.00752348	0.00632736	0.0296979	0.00226854	0.0693263	0.0562946	0.0577632	0.0553192	0.0139899	0.00162107	0.00507018
133	0.134562	0.0210741	0.0668664	0.223276	0.0782703	0.0036893	0.00371361	0.037987	0.00359553	0.0224762	0.0205365	0.0945987	0.00172546	0.00408822	0.0682843	0.0393905	0.0646286	0.0374077	0.0389129	0.0349172
134	0.00359158	0.00681223	0.000907752	0.00115025	0.406547	0.00282945	0.00437019	0.0245596	0.00160572	0.350779	0.0740315	0.0014758	0.000677682	0.0160129	0.00225869	0.00770366	0.0123032	0.00695956	0.0130848	0.0623404
135	0.0404378	0.0247657	0.0196602	0.0289188	0.0292264	0.0119169	0.0469389	0.0799148	0.0997672	0.12687	0.0616784	0.0192954	0.00103273	0.0443264	0.0536993	0.0723812	0.0483996	0.160425	0.0081421	0.0222027
136	0.0284109	0.002938	0.578668	0.0508899	0.00493291	0.0193287	0.0217234	0.0111788	0.0146463	0.00763568	0.00452013	0.0842968	0.00805119	0.014842	0.013591	0.106076	0.0134446	0.00954987	0.0013102	0.0039664
137	0.00650861	0.000750673	0.000269635	0.000381308	0.0273126	0.00128389	0.000430879	0.224615	0.000554549	0.590572	0.071181	0.0004575	0.00020085	0.00201314	0.00245125	0.000945067	0.00176492	0.0669021	0.000130741	0.00127444
138	0.0771727	0.00736307	0.120456	0.204676	0.00277721	0.0222631	0.0153295	0.0108681	0.0755979	0.01019	0.00436048	0.0513518	0.111884	0.0533584	0.0667166	0.0964425	0.0496704	0.0154709	0.00127343	0.00277807
139	0.0358169	0.00403059	0.00590182	0.0426235	0.0030744	0.00835301	0.0263945	0.0108704	0.312902	0.0140916	0.00696902	0.0290112	0.00387365	0.0516924	0.36314	0.0380404	0.0217991	0.0113619	0.000906995	0.0091466
140	0.0523584	0.0161297	0.00395899	0.00922019	0.0104157	0.0238368	0.0205164	0.207081	0.0262237	0.259801	0.0677549	0.0171754	0.00149578	0.0352275	0.0322058	0.0283813	0.0369063	0.127013	0.0136089	0.0106893
141	0.0858013	0.0207842	0.00147388	0.00542202	0.0139945	0.00596025	0.00741151	0.139784	0.014057	0.32024	0.0465247	0.0109089	0.000746917	0.0062204	0.00322782	0.0992007	0.0970465	0.109706	0.00140052	0.0100893
142	0.166844	0.0068885	0.00309244	0.00791565	0.00383805	0.124774	0.00635615	0.00640773	0.0106626	0.00993324	0.021329	0.113514	0.00271807	0.0468756	0.0300935	0.270919	0.120013	0.0409269	0.00151353	0.00538452
143	0.0264151	0.00157551	0.00160242	0.0375416	0.00108719	0.00602732	0.0252159	0.00594625	0.368004	0.00989699	0.00535487	0.0239231	0.000924861	0.0354592	0.404474	0.0239175	0.0103415	0.00266932	0.000410513	0.0092123
144	0.0599243	0.00903668	0.0119062	0.0623837	0.00338731	0.0156614	0.0309961	0.0279428	0.188825	0.0252516	0.0108004	0.0358103	0.00258803	0.090137	0.25802	0.0623225	0.0591237	0.0399978	0.000871613	0.00501359
145	0.0411631	0.00177031	0.176529	0.381794	0.0052833	0.0312548	0.0141043	0.00823175	0.0519411	0.00837888	0.00532631	0.033282	0.00204218	0.0676454	0.0486166	0.0547897	0.0486706	0.0124522	0.00146619	0.00525781
146	0.0110266	0.00442098	0.00122027	0.000542459	0.0750473	0.00196214	0.000777208	0.207431	0.00154439	0.449678	0.111173	0.000840184	0.000302562	0.00184783	0.00230547	0.00158615	0.00774783	0.107743	0.00033692	0.0124663
147	0.0554784	0.0280741	0.00289258	0.00187855	0.00996277	0.0223807	0.00843559	0.222176	0.00543523	0.260483	0.0652379	0.0129644	0.000353043	0.0211333	0.0100696	0.0358434	0.0600464	0.159769	0.00478666	0.0126
148	0.337533	0.00178989	0.0211409	0.0262114	0.00190231	0.145662	0.00971307	0.010254	0.0340208	0.0346325	0.00278057	0.0495964	0.00916209	0.0500632	0.0409914	0.145205	0.0454692	0.00839171	0.000512824	0.0249682
149	0.0845686	0.0433324	0.000915153	0.000631953	0.0149038	0.00774165	0.00420876	0.215457	0.00111808	0.172901	0.0401621	0.0109171	0.000300939	0.00898197	0.00224241	0.0315037	0.118952	0.233997	0.000876986	0.0062871
150	0.197621	0.0310225	0.00300931	0.00666266	0.0292534	0.0558431	0.00600091	0.0900817	0.0599734	0.130814	0.0080509	0.00712669	0.00259013	0.0325599	0.215505	0.0378926	0.0123623	0.0649755	0.00279217	0.00586347
151	0.0475311	0.00196494	0.170456	0.346677	0.00513548	0.0355872	0.0132531	0.00835641	0.0600179	0.00774358	0.00640416	0.0325205	0.00287752	0.0684379	0.0565764	0.0591912	0.056444	0.0140429	0.00174121	0.00504169
152	0.245988	0.00395921	0.0109255	0.0315291	0.00389342	0.225298	0.00688673	0.00816661	0.0307026	0.0211577	0.00764074	0.0573123	0.00558912	0.0322348	0.0257821	0.147504	0.104877	0.0147181	0.00131624	0.0145178
153	0.0139163	0.00963119	0.00365992	0.000678297	0.143586	0.00320305	0.00097522	0.205903	0.00402099	0.350716	0.073131	0.000994782	0.000483833	0.00115763	0.00125238	0.00195645	0.0106208	0.142197	0.000367112	0.0315497
154	0.0449347	0.0018622	0.174283	0.363612	0.00492462	0.033187	0.0135153	0.00853551	0.0564718	0.00760952	0.00580508	0.0304082	0.00217192	0.0679811	0.0541335	0.0565749	0.0533283	0.0138777	0.00156758	0.00521553
155	0.0819873	0.021986	0.0801382	0.121351	0.00896669	0.042402	0.0134288	0.0175366	0.0818766	0.0143473	0.00531932	0.0747394	0.13521	0.0425776	0.0718202	0.111477	0.0458425	0.0207341	0.00104438	0.00721467
156	0.0228558	0.0386245	0.051913	0.0364951	0.0580079	0.0752098	0.00421767	0.0607453	0.132211	0.0239936	0.00621491	0.124174	0.0371898	0.0187327	0.109052	0.0907484	0.024812	0.0506972	0.00147158	0.0326337
157	0.0140837	0.00957052	0.00360214	0.000677609	0.142408	0.00320469	0.00100841	0.206545	0.00395842	0.35067	0.0741044	0.00100468	0.000483299	0.00118667	0.00131345	0.00198978	0.0103305	0.14195	0.000369467	0.0315395
158	0.0267179	0.00329135	0.00100827	0.0448138	0.0371581	0.00244926	0.00863341	0.338285	0.0588061	0.0590763	0.00272166	0.0168949	0.00107019	0.00286079	0.0158991	0.0133882	0.157055	0.206976	0.000706961	0.00218753
159	0.106226	0.0120392	0.0772348	0.122653	0.000653697	0.0139342	0.0140446	0.0139771	0.0841208	0.00943817	0.00294105	0.0442121	0.193154	0.049875	0.0825871	0.112295	0.043973	0.0157979	0.000191674	0.000650464
160	0.0536306	0.00781671	0.0858946	0.16643	0.00667761	0.0577097	0.0230037	0.0151762	0.132621	0.0146818	0.00854147	0.059612	0.012035	0.066396	0.14756	0.0632111	0.0453879	0.0245075	0.00133495	0.00777262
161	0.125657	0.0447705	0.000807072	0.0012983	0.229012	0.0179513	0.00654445	0.073392	0.0120209	0.129035	0.0559058	0.00134457	0.000477723	0.00671701	0.00162804	0.0350792	0.0350291	0.137236	0.0271184	0.0589745
162	0.0240389	0.00172485	0.66747	0.00177675	0.00220631	0.0165177	0.0235954	0.0093779	0.00184209	0.00303061	0.00192479	0.0963383	0.00701716	0.00252673	0.00247612	0.128859	0.00315421	0.00395462	0.000525304	0.00164272
163	0.106226	0.0120392	0.0772348	0.122653	0.000653697	0.0139342	0.0140446	0.0139771	0.0841208	0.00943817	0.00294105	0.0442121	0.193154	0.049875	0.0825871	0.112295	0.043973	0.0157979	0.000191674	0.000650464
164	0.0423643	0.00180499	0.174126	0.377357	0.00527786	0.0320332	0.0138068	0.00843443	0.0530235	0.00837189	0.00540804	0.0326446	0.00209556	0.0676568	0.0501294	0.0553297	0.0503712	0.0128217	0.00150468	0.00543803
165	0.0217724	0.0139692	0.00317857	0.000999507	0.226407	0.00913693	0.00249513	0.137131	0.00474692	0.337639	0.0577166	0.00124227	0.000741039	0.00494017	0.00161167	0.00693863	0.0137381	0.105338	0.00558845	0.0446687
166	0.0529298	0.0108548	0.160327	0.127533	0.0134949	0.0264792	0.0245681	0.0265573	0.0946556	0.0446785	0.0138739	0.0643697	0.0206047	0.042824	0.0668647	0.0706706	0.0504308	0.0719284	0.00351565	0.0128388
167	0.0477148	0.0021008	0.170035	0.353657	0.00520488	0.0353228	0.0135175	0.00837525	0.0589921	0.00754236	0.00627548	0.0295614	0.00226481	0.0692965	0.0563339	0.0578214	0.0552163	0.014042	0.00161679	0.00510882
168	0.0778476	0.0195349	0.0591358	0.0691147	0.0165016	0.00643388	0.0554853	0.0575406	0.0523413	0.147049	0.0321806	0.04187	0.00207993	0.0291122	0.0493378	0.0724586	0.0570606	0.135999	0.00107464	0.0178422
169	0.0706797	0.0276623	0.0712981	0.0837067	0.0163568	0.0467638	0.0120015	0.0259332	0.113811	0.016029	0.00607887	0.0649091	0.122372	0.0401309	0.100674	0.0946432	0.0494351	0.0256273	0.00118724	0.0106998
170	0.00193659	0.00367474	0.00122331	0.00168463	0.378037	0.000793267	0.0247451	0.00777482	0.00187629	0.00607006	0.0145842	0.00488062	0.00439371	0.00131633	0.00314888	0.00204814	0.00198779	0.00803686	0.0251539	0.506634
171	0.00544115	0.00503198	0.00109548	0.0033741	0.427596	0.00253559	0.0106719	0.0168044	0.00229348	0.288301	0.0603531	0.00166825	0.000771339	0.0275574	0.00262537	0.0127631	0.0201122	0.0079693	0.0106684	0.0923657
172	0.00603758	0.00203695	0.000289471	0.000373033	0.0154512	0.00107905	0.000531568	0.317664	0.000549759	0.475697	0.0452611	0.000522041	0.000512123	0.00185099	0.00197413	0.00110231	0.00233054	0.125986	0.000164428	0.000587232
173	0.0415675	0.00219609	0.173888	0.343282	0.00563997	0.0338913	0.0166155	0.00775707	0.0555	0.00939375	0.00491247	0.0495285	0.00791649	0.0654746	0.0488116	0.0631237	0.0492337	0.0133586	0.00169789	0.00621164
174	0.00318954	0.000953322	0.000349788	0.000538821	0.00615307	0.00053082	0.000623518	0.31396	0.000670557	0.0582577	0.0307103	0.000587468	0.00177794	0.000794757	0.00501746	0.00125933	0.0110997	0.562801	0.000202294	0.000522946
175	0.0538508	0.00955443	0.00153442	0.00250524	0.0145317	0.0405802	0.0037484	0.0166625	0.0261911	0.00536285	0.00406897	0.0336389	0.20398	0.00478096	0.0369799	0.433321	0.0922795	0.0130642	0.000886757	0.00247755
176	0.0025143	0.00373887	0.00145904	0.00264421	0.373038	0.000886285	0.0271539	0.00760332	0.00258834	0.00680549	0.0139429	0.00550188	0.00492088	0.00213366	0.00432564	0.00248186	0.00297847	0.00929695	0.0323873	0.493599
177	0.0114038	0.00480233	0.00276571	0.170233	0.0351638	0.021217	0.0777436	0.0968975	0.00431516	0.019012	0.0781999	0.0225753	0.00162285	0.115053	0.0507687	0.00846162	0.0710142	0.164311	0.00117099	0.0432689
178	0.0321974	0.0202189	0.00672782	0.0140041	0.0395361	0.0109493	0.055295	0.0815756	0.100872	0.148986	0.0724471	0.016596	0.00538695	0.0352457	0.100056	0.0530318	0.0354083	0.134894	0.0184851	0.0180865
179	0.0564317	0.00947284	0.00910056	0.0614828	0.00358731	0.0119315	0.0317773	0.0185852	0.204831	0.0167762	0.0104062	0.0338937	0.0028543	0.0943884	0.277418	0.0673697	0.0521916	0.0313632	0.000884473	0.00525379
180	0.120097	0.0140698	0.00274495	0.00412488	0.00419055	0.0950659	0.0144921	0.00663244	0.0269526	0.00740057	0.00761898	0.0456521	0.00942617	0.0478296	0.0772385	0.43329	0.0546505	0.0171846	0.00346347	0.0078753
181	0.0802993	0.0256037	0.00276134	0.00629175	0.00831176	0.0492779	0.034916	0.00863688	0.0445591	0.00518857	0.00903913	0.0246117	0.00233094	0.0475787	0.0920775	0.306244	0.223805	0.0147956	0.00488285	0.00878836
182	0.042757	0.00996659	0.00948864	0.0448273	0.00554619	0.0127854	0.0212111	0.0522146	0.199612	0.0419277	0.0112181	0.0399568	0.00611088	0.0570715	0.240563	0.0585326	0.100659	0.0361767	0.00275952	0.00661502
183	0.0570938	0.0183636	0.0324919	0.081964	0.0110958	0.01525	0.0332457	0.0374084	0.139496	0.0531407	0.0195849	0.0459372	0.00708268	0.0622357	0.185634	0.0678203	0.0521927	0.06758	0.00164163	0.0107417
184	0.044883	0.00597183	0.0110176	0.0472902	0.00469199	0.0111951	0.0311015	0.0136743	0.256131	0.0149868	0.00899401	0.0350597	0.00672029	0.0685966	0.320543	0.0618148	0.0316285	0.0166117	0.00117929	0.00790938
185	0.0020275	0.00398103	0.00110376	0.00158737	0.384709	0.000793831	0.0227395	0.00772096	0.0017175	0.00590094	0.0155574	0.00451619	0.00405469	0.00125483	0.00280502	0.00205467	0.00206352	0.00803675	0.0224097	0.504965
186	0.0240575	0.0305504	0.00683037	0.0035881	0.0245535	0.00432171	0.0609449	0.0653269	0.0100747	0.0336684	0.0331701	0.0107277	0.00142655	0.0296556	0.086582	0.0862778	0.270506	0.159719	0.0355815	0.0224372
187	0.00302712	0.00826875	0.000446851	0.000693288	0.000900675	0.00406904	0.000767621	0.00449954	0.000842236	0.00754864	0.00160088	0.00688373	0.000304372	0.000802793	0.00109698	0.130391	0.820594	0.00626733	0.000275191	0.000719412
188	0.106226	0.0120392	0.0772348	0.122653	0.000653697	0.0139342	0.0140446	0.0139771	0.0841208	0.00943817	0.00294105	0.0442121	0.193154	0.049875	0.0825871	0.112295	0.043973	0.0157979	0.000191674	0.000650464
189	0.0451935	0.00187633	0.17364	0.362911	0.00495438	0.0333881	0.0134698	0.00854386	0.0567887	0.00759732	0.00587674	0.030234	0.00217621	0.0680758	0.0544856	0.0565649	0.0536491	0.0138569	0.00157744	0.00514006
190	0.0780122	0.0140932	0.00184793	0.00687789	0.0117711	0.00452467	0.00750099	0.118356	0.0191273	0.350005	0.034569	0.00861306	0.00154883	0.00484846	0.00429121	0.119233	0.109328	0.0953678	0.00120619	0.00887779
191	0.0591047	0.00958356	0.0131936	0.0647016	0.00373742	0.0148513	0.0314695	0.0277995	0.187079	0.0244937	0.011525	0.0359447	0.00245496	0.0910485	0.2518	0.0639681	0.0585067	0.0423924	0.00088331	0.00546252
