367	20
1	0.229928	0.0118733	0.0113176	0.0108899	0.00467678	0.0085245	0.0105411	0.0444437	0.0298769	0.0887047	0.055676	0.0256983	0.0371097	0.0481334	0.00846839	0.141294	0.118339	0.109659	0.000196932	0.00464958
2	0.232843	0.0093958	0.0211397	0.0289526	0.0041975	0.0365411	0.0147367	0.0126786	0.0192189	0.0252242	0.00957218	0.0385021	0.120306	0.0342145	0.010915	0.268619	0.0751788	0.0323578	0.000835486	0.00457106
3	0.0128383	0.002235	0.000974794	0.00476655	0.026605	0.000851581	0.00392461	0.204343	0.00778595	0.474054	0.0615326	0.00311845	0.0010567	0.00489274	0.00212161	0.00441323	0.0111161	0.164394	0.00248054	0.0064947
4	0.0201634	0.0448636	0.00561371	0.0079857	0.323793	0.00388397	0.0446865	0.00950857	0.0121837	0.0235604	0.00648151	0.0151973	0.003198	0.0129683	0.00899391	0.030169	0.0128418	0.022655	0.0520854	0.339167
5	0.0750288	0.0463023	0.00205178	0.00336854	0.00570761	0.00159443	0.00182968	0.21533	0.00613147	0.0603346	0.0193921	0.00278417	0.00345903	0.00550785	0.00412049	0.0173621	0.00981832	0.514154	0.00206854	0.00365451
6	0.0987117	0.0376859	0.0112553	0.00661899	0.00115389	0.738863	0.0021339	0.00181318	0.0094264	0.0103293	0.00103991	0.0212993	0.00147053	0.00467017	0.0120632	0.0289146	0.0072777	0.00404453	0.000330796	0.000897315
7	0.0463323	0.00508041	0.290349	0.255173	0.00140254	0.177878	0.0110884	0.0048318	0.0102688	0.00573963	0.00168006	0.0605428	0.00932936	0.0252194	0.00869248	0.0486974	0.0274508	0.00801773	0.000312834	0.0019136
8	0.0105146	0.000299159	0.00065372	0.00296943	0.0308235	0.000571714	0.0031713	0.158445	0.00760586	0.628342	0.0706415	0.00264275	0.000485409	0.00360653	0.00101208	0.00403458	0.00824609	0.056774	0.00314458	0.00601596
9	0.0835351	0.00168353	0.286153	0.170499	0.00143897	0.015275	0.126371	0.00235046	0.0107412	0.0191861	0.00223454	0.0780404	0.0675331	0.0425837	0.0156533	0.0535061	0.0152817	0.00551017	0.000474697	0.00194857
10	0.0823524	0.00151312	0.0417848	0.0466941	0.0387148	0.0440301	0.0337158	0.0171333	0.0485463	0.0458094	0.0176296	0.0290196	0.295706	0.0929336	0.0116675	0.0624285	0.0528963	0.0326786	0.000566972	0.00417926
11	0.022279	0.00966495	0.26405	0.0744855	0.000722345	0.023783	0.0142366	0.00140228	0.0237783	0.00365015	0.00105539	0.150152	0.000953978	0.00809762	0.0227416	0.209627	0.15975	0.00405392	0.000225248	0.00529087
12	0.00762701	0.00597526	0.000571587	0.00221532	0.0060541	0.000472149	0.000546651	0.306561	0.00242693	0.0705291	0.0064195	0.00105839	0.00161086	0.00107088	0.000823499	0.0011937	0.0110554	0.568943	0.00155813	0.00328766
13	0.074865	0.00434805	0.0140002	0.0243264	0.0019655	0.00719979	0.00673679	0.0216801	0.0412176	0.0126361	0.00565342	0.149573	0.0099999	0.0195418	0.00807328	0.15993	0.404368	0.0297556	0.000268429	0.00386061
14	0.0307941	0.000334846	0.288702	0.520756	0.00149689	0.0115153	0.00519591	0.00455793	0.0202946	0.00090563	0.000843364	0.0268	0.00856047	0.0306328	0.00873333	0.0193933	0.0121945	0.00510794	9.13547e-05	0.003089
15	0.380788	0.00126364	0.0178226	0.050785	0.00297153	0.076803	0.00588863	0.00977987	0.0108627	0.0187541	0.0010705	0.0351488	0.0446447	0.0296897	0.00367668	0.231226	0.0522136	0.024849	0.000327747	0.00143513
16	0.0663871	0.00259522	0.0594791	0.0278218	0.0275687	0.00749297	0.100569	0.100661	0.0376602	0.127924	0.0950935	0.0568764	0.00406959	0.0938801	0.0170923	0.0218061	0.0572405	0.084687	0.000699509	0.010396
17	0.0116832	0.000474587	0.00105868	0.00375062	0.0312342	0.000762661	0.00405412	0.161922	0.00829219	0.610579	0.0719174	0.00297326	0.000552646	0.004317	0.0015105	0.00421131	0.0093266	0.0618307	0.00299532	0.00655472
18	0.00254434	0.0195872	0.000733007	0.0030987	0.441921	0.000839913	0.0472788	0.00451064	0.0019228	0.0141492	0.00355332	0.0113397	0.000488118	0.00922019	0.00242379	0.0122508	0.00573568	0.013516	0.00973829	0.395148
19	0.0305344	0.000235578	0.313186	0.495629	0.00155865	0.0114418	0.00351165	0.00490089	0.0194073	0.000517849	0.000602821	0.0291348	0.00751766	0.0319205	0.0101708	0.0198293	0.0136184	0.00379294	9.67253e-05	0.00239356
20	0.0449355	0.000464285	0.00514509	0.0287239	0.0364521	0.0048889	0.0253801	0.191101	0.0261796	0.262812	0.125911	0.0125766	0.00168479	0.0272741	0.020533	0.0114669	0.0400178	0.110292	0.000358244	0.0238033
21	0.00524626	0.00381136	0.00168168	0.002056	0.700874	0.00176279	0.00841784	0.00572735	0.00247964	0.0230408	0.00533852	0.00437888	0.000678209	0.00351366	0.00374729	0.00702465	0.00331491	0.00453564	0.00367405	0.208697
22	0.0396705	0.00239651	0.0154536	0.00413969	0.00137201	0.040873	0.00448601	0.0149034	0.0303659	0.0102912	0.00789501	0.109223	0.00134278	0.00720104	0.00285274	0.571084	0.116927	0.0176278	0.000398647	0.00149723
23	0.104141	0.00124647	0.0145412	0.0162391	0.00488322	0.015127	0.00996963	0.00596407	0.016657	0.020314	0.00518704	0.0564215	0.331785	0.0623173	0.00828261	0.197394	0.110704	0.016643	0.000450328	0.00173446
24	0.00718166	0.00625843	0.000612515	0.0025267	0.00626132	0.000458655	0.00051356	0.330873	0.00249521	0.0856877	0.00628674	0.0011365	0.0019476	0.00103664	0.000715712	0.00139383	0.010962	0.528668	0.00159974	0.00338441
25	0.211427	0.00946566	0.0135192	0.0133383	0.00526558	0.00787102	0.0100574	0.0471952	0.0356464	0.101635	0.0551844	0.0248077	0.0230058	0.0479297	0.00946252	0.134618	0.119733	0.125076	0.00013586	0.00462611
26	0.0620253	0.00171267	0.0444592	0.0112237	0.00143916	0.0543393	0.00911461	0.00919566	0.0192051	0.00907559	0.00939413	0.0836118	0.0017322	0.00753854	0.00414599	0.459915	0.182467	0.0273967	0.000474427	0.00153385
27	0.00750467	0.00593131	0.000565946	0.00228195	0.00621371	0.000422732	0.000484148	0.331502	0.00252522	0.0801551	0.00685883	0.00114275	0.00178739	0.0010856	0.000823667	0.00119786	0.0110895	0.533298	0.00164481	0.00348544
28	0.0175556	0.0062681	0.0042638	0.0141376	0.00141158	0.00241085	0.027729	0.00496405	0.417545	0.0181033	0.0112634	0.0168991	0.00481953	0.0421484	0.356876	0.0220003	0.0199165	0.0100013	0.000173306	0.00151351
29	0.00751921	0.00664671	0.000638261	0.00273834	0.00639085	0.00052042	0.000743236	0.328781	0.00263638	0.0911236	0.00742304	0.00137893	0.00199602	0.00126286	0.00092197	0.00136432	0.010678	0.522197	0.00158871	0.00345184
30	0.181727	0.144107	0.0171617	0.0193754	0.010977	0.0155332	0.0130565	0.0599325	0.0269315	0.0467896	0.0249484	0.0246506	0.060505	0.0282083	0.0131728	0.0891922	0.0417855	0.164829	0.00618419	0.0109332
31	0.0143721	0.00275731	0.00249961	0.00746047	0.00103437	0.00197373	0.013276	0.00591177	0.396971	0.0122821	0.00624769	0.0112507	0.00934648	0.0213413	0.456006	0.0138134	0.0117543	0.0104487	0.000241582	0.00101121
32	0.109691	0.0482086	0.253867	0.10656	0.00628313	0.0678554	0.0205005	0.0165576	0.0249563	0.0174295	0.0112332	0.0645406	0.0131098	0.0331502	0.0188466	0.0950742	0.0568072	0.0270025	0.00255566	0.00577195
33	0.213866	0.00958404	0.0132102	0.0128879	0.00524177	0.00802623	0.00980505	0.0470212	0.0348697	0.101098	0.0558249	0.025019	0.0243611	0.0480348	0.00926605	0.136325	0.118983	0.121838	0.000123411	0.00461616
34	0.157657	0.00485489	0.00818804	0.010291	0.00393805	0.0178385	0.00723583	0.0962712	0.0299545	0.0324099	0.0405323	0.0457364	0.00857624	0.0314889	0.0187001	0.0843828	0.156131	0.241291	0.000670633	0.00385167
35	0.035873	0.00221754	0.0227212	0.00590342	0.00269367	0.0319799	0.00447561	0.0123144	0.0293835	0.0157801	0.00726725	0.0880753	0.00186169	0.00680801	0.00519339	0.479419	0.229714	0.0159931	0.00066536	0.0016604
36	0.0314944	0.00443056	0.0106857	0.0212783	0.00613417	0.133162	0.070364	0.00837787	0.155023	0.0469316	0.00700228	0.104657	0.0067058	0.147831	0.129119	0.0424493	0.0223024	0.0162648	0.028596	0.00719126
37	0.0341567	0.0105648	0.00728271	0.0232416	0.00339293	0.00319565	0.0406265	0.00387874	0.30891	0.0283925	0.0181457	0.0253425	0.00363927	0.063922	0.332899	0.036204	0.0360532	0.0154043	0.000221411	0.00452616
38	0.148503	0.0101542	0.0277838	0.0353596	0.00533014	0.0287638	0.0208955	0.0115928	0.0455162	0.0215096	0.00966301	0.0394731	0.13654	0.0388941	0.0337344	0.281037	0.0724035	0.0261179	0.000942417	0.00578529
39	0.0148798	0.00101056	0.00136096	0.0040451	0.0294913	0.00112616	0.0042472	0.153606	0.00987747	0.60722	0.0727363	0.00409609	0.00139181	0.00520403	0.00248203	0.00633717	0.0105717	0.0607606	0.00298827	0.00656762
40	0.0894802	0.0391765	0.00846984	0.00272989	0.000599103	0.75719	0.00177664	0.00137865	0.00913396	0.00985952	0.00085298	0.022707	0.00104764	0.00428567	0.0133174	0.0273319	0.00665763	0.0029079	0.000327439	0.000770107
41	0.0120677	0.0125375	0.00231531	0.010304	0.308847	0.0021481	0.0868504	0.0104514	0.0152378	0.0321909	0.0113242	0.0136133	0.000798051	0.0183793	0.0161069	0.014766	0.0101133	0.0168749	0.00764147	0.397432
42	0.144985	0.0382947	0.00941453	0.00564943	0.000851107	0.694596	0.00164072	0.00158138	0.00920345	0.00982503	0.00100611	0.0198252	0.00254656	0.00349573	0.0105966	0.0355691	0.00565178	0.00386147	0.000380664	0.00102621
43	0.012119	0.0127686	0.00208945	0.00834347	0.366733	0.00265646	0.058294	0.00994393	0.0114696	0.026025	0.00922739	0.0101597	0.00126583	0.0138232	0.0113285	0.0162449	0.0109247	0.0198928	0.00761486	0.389076
44	0.0081894	0.00644164	0.000588508	0.00216295	0.00543162	0.000480096	0.000543634	0.289599	0.00216833	0.0669494	0.00544366	0.00112374	0.00158661	0.000840524	0.000710922	0.00125781	0.0101742	0.591894	0.00142383	0.00299046
45	0.0655332	0.004214	0.053947	0.0277902	0.00516619	0.0182982	0.0505636	0.0134989	0.0338455	0.0187371	0.00900996	0.336976	0.0125748	0.0290835	0.022888	0.119732	0.148635	0.0211253	0.00114479	0.00723596
46	0.00485419	0.00114054	0.00121188	0.00143021	0.757718	0.00118801	0.00127992	0.0036167	0.00163694	0.0150519	0.00469757	0.00222388	0.000635284	0.00223804	0.00323291	0.00520953	0.00236532	0.00190808	0.00142847	0.186933
47	0.0789511	0.00149489	0.0107359	0.0371871	0.0346555	0.0396871	0.0949308	0.030806	0.0221758	0.0415137	0.0229257	0.23233	0.00843135	0.108014	0.0162535	0.0913902	0.0559339	0.0512799	0.000535394	0.0207678
48	0.497799	0.0060209	0.0135342	0.0247936	0.00261239	0.0611296	0.00598833	0.00833794	0.00976078	0.0199266	0.00499692	0.0288585	0.0308856	0.0203659	0.00686437	0.148436	0.0486561	0.0568099	0.00078607	0.0034371
49	0.0563733	0.00221637	0.09137	0.215595	0.00269149	0.0131393	0.0160371	0.0670393	0.0430968	0.0349046	0.0684194	0.0399493	0.0259169	0.023451	0.0209743	0.131012	0.0599824	0.0650715	0.000511926	0.022248
50	0.0304897	0.0127926	0.0076692	0.0207245	0.000982072	0.00211849	0.0364457	0.00286347	0.334623	0.0251085	0.0145752	0.0259201	0.00277956	0.0653597	0.34734	0.0286781	0.028318	0.0120448	0.000218886	0.000948558
51	0.427339	0.0242038	0.0118999	0.0203178	0.005312	0.0273132	0.00914191	0.0212825	0.0162199	0.0352318	0.014978	0.0221554	0.0205068	0.023024	0.00947067	0.144804	0.0685011	0.0925139	0.00156074	0.00422344
52	0.00968108	0.000305363	0.000725613	0.00260501	0.0302243	0.000557155	0.0024307	0.152983	0.0106996	0.61406	0.100508	0.00238459	0.000817365	0.00284349	0.000729756	0.00351051	0.00747328	0.0490873	0.00325062	0.00512239
53	0.0305166	0.00023471	0.314038	0.494525	0.0015625	0.0114069	0.0034672	0.00491684	0.0194623	0.000521076	0.00060052	0.0291579	0.00745646	0.032129	0.0102471	0.0198939	0.0136655	0.00375473	9.62898e-05	0.00234717
54	0.189173	0.0108245	0.0174856	0.0234745	0.00499253	0.00751454	0.0116319	0.0476143	0.0474386	0.0978646	0.0536041	0.0237335	0.0182186	0.0530964	0.0112946	0.119947	0.126602	0.130519	0.000221381	0.00474942
55	0.0153065	0.000675258	0.00192622	0.00390002	0.0343486	0.00168189	0.00319085	0.115567	0.0268509	0.568585	0.149069	0.00400816	0.0030214	0.00356702	0.00220014	0.0059401	0.0138959	0.0392304	0.00229994	0.00473558
56	0.0602814	0.00472563	0.0257601	0.0465313	0.00638256	0.118795	0.036476	0.0107565	0.115273	0.0286849	0.0114418	0.156317	0.0165173	0.105417	0.0767522	0.083122	0.0586421	0.0252106	0.00743377	0.00548034
57	0.00438125	0.0166496	0.00112802	0.00878073	0.374215	0.00133872	0.0718879	0.00507242	0.00631137	0.0160096	0.004686	0.0136369	0.000751408	0.0139086	0.00454186	0.0124735	0.00652997	0.0133662	0.00816531	0.416165
58	0.0293719	0.0994277	0.00505848	0.00678579	0.00286865	0.00424094	0.00419866	0.223478	0.0182744	0.0528224	0.145163	0.00736369	0.00309525	0.0299889	0.0164915	0.0102467	0.00863325	0.328562	0.000885955	0.00304302
59	0.0523575	0.00620171	0.0182516	0.0296905	0.00557699	0.0143409	0.0251179	0.0126609	0.174471	0.020754	0.0141235	0.0402606	0.0212524	0.0424262	0.353603	0.0594813	0.0780376	0.0219733	0.00136808	0.00805181
60	0.0079124	0.00963999	0.000743192	0.003056	0.00541835	0.000621512	0.000660854	0.325722	0.00277725	0.102934	0.0081918	0.00172976	0.00226881	0.00174083	0.00123635	0.00166503	0.00985563	0.509394	0.00137391	0.00305923
61	0.209601	0.00928883	0.0147257	0.0153153	0.00672894	0.00915431	0.0111745	0.0481769	0.0334265	0.100735	0.0630785	0.0283568	0.0245871	0.0453415	0.0110142	0.138266	0.118407	0.106318	0.000308101	0.00599767
62	0.0203808	0.00483542	0.00373263	0.0161417	0.186455	0.00433814	0.11203	0.0161298	0.0365653	0.0682998	0.01958	0.00808359	0.00265197	0.0254272	0.0423159	0.00922163	0.0124352	0.0173309	0.0709398	0.323105
63	0.0754056	0.07788	0.0150039	0.0242221	0.0062603	0.0122483	0.0117737	0.0517213	0.100624	0.0326774	0.0194496	0.0387772	0.0109466	0.0293538	0.0237688	0.31641	0.100391	0.0429499	0.00207946	0.0080564
64	0.0329458	0.00169785	0.00556143	0.0471785	0.0263871	0.0137766	0.14388	0.0406257	0.0160639	0.0452092	0.00773305	0.203147	0.00637646	0.18978	0.0574568	0.053274	0.0215671	0.0622096	0.000758091	0.0243718
65	0.0574565	0.00514072	0.0208779	0.0743778	0.00523323	0.0169896	0.0303286	0.00883794	0.218104	0.0259658	0.0133374	0.0507025	0.023388	0.0702526	0.24411	0.0619405	0.0392287	0.0287302	0.000617476	0.00438125
66	0.120746	0.00825082	0.166333	0.0855219	0.00767377	0.0298737	0.0805117	0.0186978	0.0307971	0.0256021	0.0158566	0.137092	0.0200405	0.0589208	0.0248684	0.0709932	0.0409955	0.0509077	0.000662725	0.00565482
67	0.135331	0.00569423	0.0207257	0.021959	0.00508869	0.029327	0.0238866	0.0119774	0.0687638	0.0190869	0.0101512	0.0336426	0.20525	0.0394218	0.0945257	0.180956	0.0657696	0.0231294	0.00114823	0.00416542
68	0.249657	0.00646119	0.0241402	0.0581916	0.0104419	0.0350017	0.00973727	0.0153337	0.0191681	0.0248664	0.00558799	0.0187101	0.0119291	0.020538	0.00655354	0.361209	0.0852298	0.0329112	0.00054308	0.00378877
69	0.209801	0.00929338	0.0133125	0.013294	0.00532198	0.00777201	0.00974748	0.0484304	0.0357911	0.107808	0.0558897	0.0240026	0.023153	0.0477788	0.00945251	0.132517	0.118553	0.12336	0.000132669	0.00458894
70	0.073259	0.0056189	0.0139522	0.0313934	0.00471886	0.0141709	0.0238267	0.00991793	0.14935	0.0200038	0.0107316	0.0259454	0.0229875	0.0406745	0.449222	0.0422334	0.033503	0.0221315	0.000880296	0.00547912
71	0.00384283	0.000746398	0.000977254	0.00382693	0.00052218	0.000916727	0.00805238	0.00830792	0.557461	0.0143084	0.00536383	0.0115354	0.000664978	0.013794	0.344569	0.00871576	0.00918316	0.00648735	0.000153172	0.000570975
72	0.0542399	0.00290822	0.0179199	0.0106451	0.00154333	0.0310317	0.00608244	0.0196004	0.0361513	0.0130158	0.0115631	0.116547	0.00229376	0.0102368	0.00766175	0.457832	0.177381	0.0204074	0.000288677	0.0026502
73	0.276371	0.00670095	0.0499427	0.027154	0.00470988	0.125437	0.00861661	0.00886385	0.0160358	0.0330266	0.00835862	0.0615634	0.136115	0.026287	0.0145274	0.107165	0.0355852	0.048876	0.000901922	0.00376171
74	0.192695	0.00999967	0.0154306	0.0165765	0.00501878	0.00737682	0.0102911	0.0498903	0.0405097	0.0938624	0.0524693	0.0252483	0.0193646	0.0488392	0.0111731	0.125981	0.129254	0.140687	0.000133054	0.00520016
75	0.0913417	0.0388474	0.00796899	0.00248334	0.000568605	0.767209	0.00107014	0.00124776	0.00845002	0.00970005	0.000738349	0.020264	0.000635845	0.00280631	0.0116851	0.025896	0.00560698	0.00266927	0.000178263	0.00063326
76	0.0927319	0.00491524	0.0599422	0.0301014	0.00548775	0.0253535	0.0730046	0.00988458	0.0257733	0.0196142	0.00881119	0.387189	0.0142776	0.0369759	0.024986	0.0965133	0.0552859	0.0200126	0.0005557	0.00858456
77	0.00732531	0.00619399	0.000561705	0.00237907	0.0059973	0.000451659	0.000500258	0.331762	0.00244804	0.0843818	0.00637196	0.00120418	0.00193618	0.000951455	0.000757022	0.00125314	0.0107111	0.529875	0.00156137	0.00337717
78	0.00514046	0.00584158	0.00111346	0.00242427	0.653118	0.00110807	0.0179865	0.00575999	0.00263457	0.0155314	0.00492623	0.00448361	0.000625511	0.00498664	0.00424799	0.00659301	0.00357637	0.00510629	0.00340392	0.251392
79	0.00738131	0.00551786	0.000567987	0.00209931	0.00650289	0.000458025	0.000487248	0.330746	0.0025571	0.0736153	0.00672472	0.00106634	0.00161154	0.000965226	0.000725411	0.0011491	0.0116427	0.540913	0.00169561	0.00357343
80	0.0121387	0.0030156	0.00377995	0.0122632	0.000876655	0.00313942	0.0136972	0.00688299	0.51654	0.0167346	0.00751058	0.0161738	0.00352072	0.0288226	0.315602	0.0164988	0.0132355	0.00842421	0.00023955	0.000904147
81	0.059902	0.00878705	0.103928	0.0670931	0.00513956	0.0244532	0.0278364	0.0123501	0.120264	0.0199598	0.0130532	0.165736	0.0184404	0.0521444	0.0512596	0.132218	0.0868117	0.0238436	0.00110949	0.00567044
82	0.0162747	0.000319087	0.0018882	0.00627405	0.0349848	0.00139807	0.0067538	0.165416	0.0109842	0.561723	0.0817457	0.00424544	0.00173227	0.00661828	0.00333919	0.00554086	0.0149251	0.0647124	0.00263379	0.00849119
83	0.0814764	0.00168532	0.286856	0.168069	0.00151445	0.0167181	0.123193	0.00237766	0.0107769	0.0186419	0.00229915	0.0792652	0.0691977	0.0421692	0.0165412	0.0555465	0.0159328	0.00533113	0.000489007	0.00191985
84	0.0824762	0.000822213	0.0393631	0.185965	0.000757333	0.0179631	0.009927	0.0137002	0.169246	0.0116777	0.00148967	0.0618913	0.13867	0.0745011	0.044827	0.0566912	0.0450094	0.0440236	0.000219272	0.000779386
85	0.101398	0.00131214	0.0550636	0.0138358	0.00174651	0.0727181	0.0142669	0.0058758	0.0109353	0.00740673	0.0116588	0.0659515	0.00152578	0.00926611	0.00344513	0.403171	0.186265	0.0321252	0.000435919	0.00159671
86	0.00754838	0.00563469	0.000550733	0.00211123	0.00642839	0.000427044	0.000504824	0.325962	0.00257516	0.0723346	0.00677226	0.00103726	0.00161932	0.00110277	0.000779479	0.00115789	0.0114054	0.546828	0.0016937	0.00352687
87	0.0285566	0.00895435	0.256836	0.105897	0.00141388	0.0289745	0.0167621	0.00437973	0.0235367	0.00612412	0.00319862	0.139743	0.00593199	0.0144641	0.0205293	0.172974	0.149561	0.00693161	0.000410721	0.00481953
88	0.0522624	0.00135561	0.0539532	0.00573843	0.00269845	0.00464606	0.128609	0.00416273	0.0054892	0.00631233	0.00297793	0.558083	0.00175332	0.0264285	0.0109551	0.0881775	0.0314022	0.00613957	0.000486324	0.00836869
89	0.206476	0.00457311	0.0193269	0.0412791	0.0083708	0.0498884	0.0209021	0.0119646	0.139192	0.0221681	0.011603	0.0359479	0.00759724	0.038975	0.158255	0.0464729	0.0680643	0.0711165	0.00148863	0.0363379
90	0.143236	0.00476836	0.0380194	0.046373	0.00481164	0.0268878	0.0131158	0.0299601	0.0648427	0.0333338	0.0310108	0.0830779	0.00605098	0.0456696	0.0486721	0.169223	0.150106	0.0547278	0.000153715	0.00595932
91	0.00983956	0.000225033	0.000642099	0.00255091	0.0312499	0.000537382	0.00304077	0.156986	0.00732768	0.637464	0.0696868	0.00256463	0.000343043	0.00336799	0.000836987	0.00363022	0.00792668	0.0528018	0.00312527	0.00585346
92	0.019807	0.00146477	0.0024298	0.0210206	0.183799	0.00258313	0.13547	0.0164681	0.0316701	0.0573276	0.0201978	0.00752534	0.00155347	0.0318198	0.0350018	0.00584086	0.0115366	0.0156683	0.00758878	0.391228
93	0.0308445	0.000238282	0.313466	0.493829	0.00155477	0.0115741	0.00363515	0.00494427	0.0195451	0.000577003	0.000661783	0.0292116	0.00754328	0.0323232	0.0101923	0.0199513	0.0136243	0.0038404	0.000103886	0.00233994
94	0.0695978	0.00181908	0.00627978	0.0247946	0.0248916	0.00496502	0.0196598	0.204329	0.0267899	0.206009	0.157007	0.0132992	0.0146857	0.0218967	0.0135209	0.0177195	0.0751105	0.0806104	0.000477001	0.016537
95	0.0118432	0.00412783	0.00251671	0.00556205	0.520774	0.00322653	0.0146328	0.0432752	0.00774535	0.141707	0.0233058	0.00577105	0.00199703	0.00731461	0.00679144	0.00927218	0.00758474	0.0233658	0.00271261	0.156474
96	0.108159	0.0674965	0.00982183	0.0320679	0.00399522	0.0080457	0.007592	0.0330511	0.0445706	0.0327922	0.0262889	0.0120223	0.00719707	0.0371486	0.0269531	0.471736	0.0278565	0.036518	0.00149323	0.00519472
97	0.207546	0.00935463	0.0144769	0.0147016	0.00552582	0.00869787	0.00985778	0.0466911	0.0393491	0.0993135	0.0545915	0.0250961	0.0227449	0.0489795	0.0110946	0.135145	0.120244	0.121832	0.000133882	0.00462322
98	0.00258928	0.0219014	0.000854385	0.00321932	0.461933	0.00101542	0.0455696	0.00382869	0.00153224	0.0145204	0.00341785	0.0101809	0.00054793	0.00790819	0.00202713	0.0126678	0.00574538	0.0125101	0.00876488	0.379266
99	0.0900779	0.0385418	0.0102587	0.00421031	0.000660327	0.756682	0.00127238	0.00156117	0.00920689	0.00980143	0.000991642	0.021121	0.00188044	0.003282	0.0118555	0.0266893	0.00715912	0.00384659	0.000194877	0.000707123
100	0.0780696	0.00222954	0.0491124	0.0462848	0.00279768	0.0391372	0.0057129	0.00730119	0.070857	0.0209608	0.00503925	0.289833	0.0517295	0.0280558	0.0701449	0.0422062	0.17633	0.0103063	0.000758633	0.00313379
101	0.00730786	0.00575504	0.000560444	0.00213996	0.0062186	0.000423887	0.000486606	0.328991	0.00248458	0.0766498	0.00692009	0.00112619	0.00171492	0.00111854	0.00077283	0.00117966	0.0112555	0.539752	0.00166243	0.00347971
102	0.0930381	0.00158545	0.0402838	0.040888	0.0249319	0.0397797	0.0455715	0.0219579	0.05489	0.0291878	0.0350206	0.184444	0.00593572	0.0625687	0.032196	0.124485	0.112782	0.0406728	0.000277201	0.00950288
103	0.0916637	0.0387707	0.00814402	0.00271768	0.000608921	0.764405	0.00137002	0.00133942	0.0084599	0.0100053	0.000750332	0.0208326	0.00073529	0.00312734	0.0118585	0.0259475	0.00569908	0.00272151	0.000178199	0.000665062
104	0.08033	0.000510334	0.0228367	0.0946034	0.0108834	0.0148203	0.0523639	0.0111737	0.132895	0.0423016	0.0154188	0.085265	0.00174046	0.134448	0.162321	0.0401866	0.0362364	0.0556345	0.000368382	0.00566278
105	0.199231	0.0127722	0.0264734	0.035747	0.00559629	0.0377198	0.0147481	0.0144397	0.0238271	0.0234436	0.0110377	0.0481119	0.0194601	0.0292725	0.0141532	0.35835	0.0818142	0.0356319	0.000967587	0.00720276
106	0.00391433	0.000757369	0.00088079	0.00418539	0.000492274	0.000895894	0.0088142	0.00760707	0.568893	0.0139069	0.00572404	0.0100648	0.000665964	0.0143263	0.335254	0.00829171	0.00863701	0.00597749	0.000149381	0.00056248
107	0.0905134	0.038982	0.00880419	0.00365676	0.000660479	0.758665	0.00128295	0.00144719	0.00952307	0.00955001	0.000818701	0.022252	0.000772386	0.00325476	0.0119194	0.0273027	0.00662066	0.00284334	0.00018001	0.000951147
108	0.00217745	0.0212587	0.000743384	0.00295343	0.434547	0.00084076	0.0497496	0.00373293	0.00136743	0.0126916	0.00316044	0.0108214	0.000463333	0.00836062	0.00154779	0.0134101	0.00597323	0.0135431	0.0092451	0.403413
109	0.151722	0.0379753	0.00988804	0.00624847	0.000899183	0.683306	0.00177577	0.00156278	0.0090471	0.00987514	0.00103015	0.0201596	0.0027212	0.0035399	0.0107367	0.0355504	0.00708275	0.00534976	0.000244059	0.00128564
110	0.00894312	0.00494875	0.00129106	0.00590076	0.538368	0.00125626	0.0438368	0.007737	0.00992944	0.0274149	0.00919151	0.00455108	0.000820345	0.0106095	0.0152206	0.00647727	0.00540979	0.00820368	0.0052496	0.284641
111	0.0225401	0.0186596	0.00283147	0.00699063	0.00867557	0.00222805	0.00547863	0.255697	0.0118097	0.111954	0.066921	0.00533587	0.00231476	0.0178949	0.00850682	0.00678479	0.0155951	0.423408	0.00120739	0.00516637
112	0.0552412	0.00316556	0.0358275	0.0570655	0.0118121	0.0190567	0.126599	0.0193154	0.0434727	0.0306173	0.0171543	0.171621	0.00803898	0.185374	0.0443731	0.0929682	0.0336774	0.0313751	0.00152866	0.0117161
113	0.002443	0.0129168	0.000812145	0.00207063	0.544801	0.000948689	0.027614	0.003466	0.00128569	0.0128371	0.00340887	0.00733184	0.000458611	0.00581902	0.00197603	0.00883839	0.00404213	0.00840218	0.00650745	0.344021
114	0.0308157	0.000288614	0.291163	0.519901	0.0015177	0.0121684	0.00544528	0.00448369	0.0186139	0.000632597	0.000697939	0.0269373	0.00922299	0.0298319	0.0084	0.0194081	0.0118387	0.00529917	9.29285e-05	0.00324179
115	0.0968494	0.00512325	0.03254	0.0347302	0.00263609	0.0221292	0.0106029	0.0218043	0.0580565	0.021783	0.0160927	0.122966	0.00370306	0.0328644	0.0328577	0.181736	0.265314	0.0342377	0.00014569	0.00382806
116	0.159944	0.00711942	0.200106	0.245801	0.000990828	0.0723833	0.00776292	0.0113116	0.00369887	0.0072523	0.00192008	0.05079	0.00163435	0.0996757	0.0153119	0.0627497	0.0253282	0.024895	0.000271869	0.00105312
117	0.0452137	0.00162976	0.288492	0.480737	0.00136081	0.0181379	0.0097711	0.00487188	0.0166897	0.00146883	0.000856394	0.0302008	0.00995868	0.033728	0.00868794	0.0250893	0.0124948	0.0076752	0.000104177	0.00283237
118	0.233627	0.0186039	0.0277777	0.0463903	0.00429981	0.0280737	0.0153101	0.0077109	0.0117197	0.0104846	0.00288415	0.010497	0.0182782	0.0140048	0.00549906	0.463468	0.0461161	0.02425	0.000546893	0.0104583
119	0.283418	0.00451615	0.0197691	0.0311005	0.00440752	0.0292707	0.0125898	0.0157216	0.0240994	0.0237299	0.012214	0.0510998	0.0222643	0.0272992	0.0116357	0.227768	0.147189	0.046391	0.000406571	0.00511052
120	0.0704024	0.000615711	0.0746672	0.132943	0.00408989	0.00868342	0.0347178	0.0132076	0.0869841	0.0310197	0.038607	0.0756278	0.00416347	0.241944	0.0481039	0.0589164	0.0411595	0.0306952	0.000155469	0.00329591
121	0.128645	0.00330052	0.0462369	0.0504978	0.00556413	0.0308312	0.0149384	0.0210816	0.0693045	0.0266278	0.026889	0.111393	0.00342005	0.0540242	0.0601148	0.162715	0.137834	0.0394433	0.000178953	0.00696055
122	0.385841	0.0292183	0.010305	0.0137064	0.00534952	0.0271389	0.00902954	0.0267478	0.0180699	0.0467724	0.0222117	0.0253387	0.0442571	0.0277568	0.00715646	0.120607	0.0644023	0.109855	0.0014857	0.00475048
123	0.0405056	0.000707342	0.00430445	0.0257929	0.0286404	0.00328124	0.0214808	0.209998	0.0220484	0.267006	0.135689	0.0126326	0.00175653	0.021518	0.0137252	0.0109736	0.0437846	0.116296	0.00043442	0.0194258
124	0.0691284	0.00300737	0.146034	0.472155	0.000695604	0.00225758	0.00406621	0.0103617	0.0949008	0.0144825	0.00943162	0.0260772	0.00123601	0.0713313	0.0133062	0.0277457	0.02265	0.00989116	0.000151686	0.00109011
125	0.0803703	0.000854979	0.0327338	0.132469	0.00552025	0.019396	0.0317463	0.00901394	0.15071	0.026668	0.0142374	0.0830509	0.0332125	0.11586	0.116805	0.0551519	0.0492136	0.0392325	0.000277862	0.00347532
126	0.012179	0.000365694	0.000659113	0.00354904	0.0363557	0.000819603	0.00465364	0.169529	0.00954404	0.585582	0.0783198	0.0031598	0.000406678	0.00427018	0.00160755	0.00473429	0.0085367	0.0665861	0.00270519	0.00643739
127	0.0468701	0.00184594	0.0957853	0.0153482	0.00191937	0.00481389	0.131343	0.00311312	0.00476678	0.00571309	0.00187583	0.549991	0.00549683	0.0214969	0.0097119	0.0675106	0.0204249	0.00494119	0.000519615	0.00651198
128	0.060009	0.026871	0.0406062	0.017324	0.00202035	0.509157	0.00610063	0.00287712	0.0212399	0.00996535	0.00181956	0.105565	0.00566822	0.033603	0.0243897	0.0854062	0.0391021	0.0056542	0.000736621	0.00188506
129	0.0399328	0.00212935	0.00400932	0.0304288	0.0272691	0.00369315	0.0410103	0.0291406	0.234987	0.0487532	0.0651047	0.011178	0.00326164	0.0377458	0.0413326	0.148627	0.130953	0.0554271	0.000710279	0.0443063
130	0.0464163	0.000498428	0.00758878	0.039021	0.0296876	0.00386097	0.0275069	0.186864	0.0261183	0.242883	0.138654	0.0138398	0.00179542	0.0278144	0.0176597	0.0151268	0.0455423	0.104956	0.000335004	0.0238309
131	0.0109154	0.000223137	0.000520893	0.00222159	0.0372466	0.000734689	0.00393878	0.167721	0.00830663	0.604999	0.0736907	0.00266461	0.000351767	0.00340014	0.000867832	0.00433901	0.00716732	0.0619175	0.0028817	0.00589216
132	0.169835	0.00944346	0.194361	0.206319	0.00159079	0.086436	0.010279	0.0150785	0.00424413	0.014168	0.00222684	0.0713758	0.00451623	0.0667598	0.0176082	0.0736219	0.0239357	0.0264126	0.000388906	0.00139942
133	0.0134401	0.00450741	0.246312	0.14757	0.00156971	0.445692	0.00295731	0.00277593	0.00419871	0.00604344	0.00230482	0.0625691	0.00192622	0.00482156	0.00350151	0.0286138	0.0139423	0.00481619	0.000457478	0.00198054
134	0.0362544	0.0172884	0.012722	0.0251778	0.00111376	0.00270682	0.0250062	0.00351341	0.411704	0.0339874	0.0162658	0.0394059	0.00205348	0.0890458	0.202683	0.0404195	0.0275765	0.0116996	0.00029486	0.00108064
135	0.0800361	0.00110391	0.0376522	0.186985	0.000777066	0.0173332	0.00956765	0.0160154	0.172395	0.0110234	0.00183614	0.0593065	0.138528	0.076004	0.0453435	0.0546197	0.0453993	0.0450883	0.000212006	0.000773631
136	0.00886537	0.00702027	0.000676793	0.0027416	0.0101538	0.000640428	0.00137282	0.319196	0.00356509	0.112037	0.0147766	0.00164127	0.00186084	0.00245742	0.00148498	0.00192165	0.0105852	0.493925	0.00146615	0.00361106
137	0.00212004	0.020891	0.00071987	0.00297922	0.432896	0.000827435	0.0486942	0.00370351	0.00130076	0.0126065	0.00307626	0.0110198	0.000489901	0.00868003	0.00137853	0.0134511	0.00613878	0.0135744	0.00914707	0.406305
138	0.0565774	0.0227364	0.0023903	0.0052575	0.00832453	0.00270625	0.00370867	0.235783	0.0106993	0.0689407	0.0204083	0.00532005	0.00356784	0.00793684	0.00419059	0.0185018	0.0214567	0.494262	0.00155359	0.00567885
139	0.349352	0.00514279	0.0369202	0.10517	0.00705325	0.140598	0.00645895	0.00548856	0.0503866	0.0092133	0.00298231	0.0238133	0.0105014	0.0117023	0.0129224	0.124878	0.0741017	0.0137154	0.000699531	0.00889982
140	0.0261354	0.00258721	0.0107897	0.0363612	0.0277125	0.00838707	0.151891	0.0274845	0.118375	0.0625377	0.0277024	0.0389194	0.165085	0.0924912	0.0961812	0.0230471	0.0208641	0.0344087	0.00134305	0.0276971
141	0.0101053	0.0136111	0.001726	0.009169	0.333803	0.00180743	0.097177	0.00987762	0.0126247	0.0308552	0.0104458	0.0102517	0.00118176	0.0177337	0.0155119	0.011029	0.00833924	0.0150382	0.00841196	0.3813
142	0.0270778	0.0336274	0.00267944	0.00395538	0.00235563	0.00248692	0.0026749	0.243228	0.0183599	0.0712448	0.101098	0.00460647	0.0017402	0.0389814	0.017789	0.0055727	0.00694442	0.412973	0.000600288	0.00200508
143	0.0349482	0.00201113	0.0111235	0.00834233	0.00285594	0.0358717	0.0286143	0.00565423	0.207654	0.00651258	0.00984734	0.00842348	0.124347	0.0206513	0.258161	0.17878	0.0450917	0.00723002	0.00083128	0.0030491
144	0.00770712	0.00277258	0.00124597	0.00615743	0.000469396	0.000899621	0.0184163	0.00601773	0.494562	0.0136585	0.00801119	0.00956173	0.00140057	0.0231071	0.37586	0.0104928	0.0122958	0.00669942	0.00014187	0.000522299
145	0.121891	0.0028799	0.041739	0.0597768	0.00592399	0.0278195	0.0220245	0.0185208	0.0806416	0.0300252	0.0264548	0.0994581	0.0029084	0.0731772	0.077792	0.138872	0.120143	0.0439851	0.000181078	0.00578538
146	0.0305323	0.000235131	0.31391	0.494693	0.00156247	0.0114106	0.00347023	0.00491423	0.0194543	0.000519969	0.00060052	0.0291366	0.00746638	0.0321062	0.0102362	0.0198813	0.0136594	0.00375712	9.62875e-05	0.00235708
147	0.0310574	0.00415024	0.00864712	0.0225703	0.00327037	0.007058	0.0203997	0.00738723	0.218536	0.0153779	0.00859116	0.01677	0.0209292	0.0317326	0.517817	0.0293378	0.0185852	0.0136078	0.000651779	0.00352281
148	0.0436186	0.0016212	0.128798	0.245835	0.002077	0.0142809	0.0108479	0.0674244	0.0307448	0.0429676	0.0749925	0.0347367	0.0273799	0.0287746	0.0121465	0.107733	0.0475491	0.0568958	0.000453842	0.0211223
149	0.0448203	0.0114033	0.0143407	0.0413563	0.0033562	0.00658216	0.0376905	0.00389761	0.34557	0.0327844	0.0137499	0.0485585	0.00119027	0.0870858	0.213722	0.0406698	0.0284998	0.0219813	0.000272234	0.00246854
150	0.0022981	0.0151333	0.000846131	0.00230073	0.518605	0.000893106	0.032726	0.00342961	0.00127788	0.0129087	0.00326994	0.00828546	0.0005356	0.00658627	0.00179848	0.00989322	0.00454458	0.00953655	0.00860001	0.356531
151	0.0281685	0.00355989	0.00954675	0.0124909	0.0270377	0.00721231	0.00744305	0.0102289	0.0147706	0.0118932	0.00591635	0.097329	0.0057124	0.012675	0.033168	0.0757861	0.617088	0.0135893	0.00140984	0.00497375
152	0.0516999	0.00329582	0.0643921	0.0209373	0.00479189	0.0154769	0.0908188	0.00774491	0.0197814	0.0116652	0.00553776	0.486277	0.0075643	0.0294179	0.0179951	0.0857199	0.054869	0.0127327	0.00100262	0.00827985
153	0.00948875	0.0125597	0.000854649	0.00342774	0.00503616	0.000760326	0.000820836	0.319144	0.00359132	0.111753	0.0133231	0.00196155	0.00250676	0.00321276	0.00230293	0.00203779	0.0092038	0.493784	0.00133904	0.00289155
154	0.00316842	0.00661914	0.00096859	0.00178116	0.602533	0.00111686	0.0149545	0.0035057	0.00145116	0.0122235	0.00360215	0.0044936	0.000562098	0.00419455	0.00250159	0.00754028	0.00361731	0.005758	0.00402669	0.315381
155	0.00730308	0.00538202	0.000545747	0.00207371	0.00673158	0.000418366	0.000472231	0.332479	0.00265881	0.0733542	0.00732645	0.00104029	0.00161594	0.00123065	0.000781383	0.00115331	0.0117803	0.538282	0.00174062	0.00363
156	0.00981074	0.00250836	0.00235988	0.00844373	0.000735186	0.00154179	0.0134394	0.00693893	0.517424	0.0156413	0.00698039	0.0141022	0.00222031	0.0244325	0.339026	0.0135434	0.0121065	0.00785368	0.000173565	0.000718019
157	0.079807	0.0239563	0.0465249	0.0286808	0.00285135	0.522526	0.00887271	0.00458498	0.0194118	0.0127725	0.00304668	0.0918205	0.00926615	0.0217074	0.0211015	0.0617315	0.028593	0.00888989	0.00117293	0.00268169
158	0.0105608	0.000217764	0.000514412	0.00208778	0.0371816	0.000666746	0.0034879	0.165702	0.00780813	0.615079	0.0711734	0.00241286	0.000316316	0.00343901	0.000771564	0.00383923	0.00684774	0.0590917	0.00293795	0.0058634
159	0.183582	0.00256153	0.146482	0.0263025	0.00334156	0.15616	0.00527516	0.00592883	0.00680514	0.058127	0.00350551	0.0442928	0.163705	0.00794952	0.0219929	0.100502	0.0253496	0.0343072	0.000838305	0.00299202
160	0.0305129	0.000234815	0.313949	0.494678	0.00155674	0.0114023	0.00347213	0.00491493	0.0194703	0.000521461	0.000600441	0.0291492	0.0074666	0.0320865	0.0102355	0.0198734	0.0136643	0.00375986	9.62898e-05	0.00235598
161	0.0327064	0.000347389	0.311497	0.48992	0.0015341	0.0110592	0.0035031	0.00540639	0.0217151	0.000982942	0.000976787	0.0287208	0.00724905	0.0334081	0.010267	0.0200673	0.014241	0.00403074	9.76313e-05	0.00226918
162	0.0726558	0.00450627	0.127653	0.465275	0.000663972	0.00120869	0.00534463	0.0117299	0.1055	0.0213403	0.0114892	0.0234109	0.000896115	0.0717862	0.0144822	0.0257278	0.0241057	0.010797	0.000285565	0.00114095
163	0.0109158	0.000221222	0.000536759	0.00237313	0.0372608	0.000708694	0.00370257	0.16554	0.00796388	0.611317	0.0715499	0.00252478	0.000320642	0.00385683	0.000989155	0.00394666	0.0073586	0.0598815	0.00289536	0.00613655
164	0.0663322	0.0017904	0.0196438	0.0904084	0.00907317	0.0181507	0.0406326	0.0063161	0.185251	0.0375975	0.0135575	0.0788173	0.000868698	0.0989298	0.206856	0.0406103	0.0339271	0.0448164	0.00039705	0.00602367
165	0.0446561	0.000565218	0.00598204	0.0339003	0.0299805	0.00374505	0.0262799	0.183841	0.0300506	0.242147	0.143783	0.0143361	0.00181276	0.024154	0.0171287	0.0133773	0.0487247	0.114169	0.000357437	0.0210098
166	0.128392	0.0173893	0.00943057	0.021959	0.0867773	0.0102568	0.0285083	0.0432301	0.0949918	0.0495778	0.0114	0.0176536	0.00701536	0.0169663	0.0135484	0.0807983	0.0637349	0.267795	0.00128301	0.0292921
167	0.241294	0.00205102	0.0107631	0.146688	0.024909	0.0858502	0.00593835	0.00648674	0.0405907	0.00963879	0.00283195	0.0429636	0.00628191	0.0113849	0.00533513	0.276163	0.064753	0.0128921	0.000539975	0.00264483
168	0.0809208	0.000903526	0.036826	0.188188	0.000783026	0.0188099	0.00940867	0.0136094	0.174814	0.0110607	0.00148917	0.0598335	0.137913	0.0761233	0.0478353	0.0553633	0.0435485	0.0415492	0.000200893	0.000819329
169	0.00218734	0.0222274	0.000748477	0.00296919	0.435221	0.000842396	0.0502991	0.00372716	0.00127953	0.0127236	0.00315681	0.0109531	0.000476197	0.00837283	0.00143312	0.0135998	0.00599782	0.0137061	0.00942571	0.400653
170	0.09484	0.0381764	0.0092769	0.00331055	0.000739174	0.753628	0.00150518	0.00147259	0.00873786	0.00986107	0.000863203	0.0217923	0.00124041	0.00317032	0.0117264	0.0292449	0.00627327	0.00300482	0.000256058	0.000880973
171	0.0823127	0.000816345	0.0391888	0.186548	0.000695791	0.0178947	0.00982792	0.013687	0.169613	0.0114154	0.00143465	0.0621622	0.138541	0.0743669	0.0446052	0.0570943	0.0446748	0.0441445	0.000215482	0.000760961
172	0.00785566	0.00532873	0.000574514	0.00209971	0.00677247	0.000680472	0.000542369	0.330422	0.0028394	0.0723748	0.00695614	0.00118938	0.00163892	0.00120745	0.000835697	0.00162074	0.0133336	0.538292	0.00173315	0.00370212
173	0.112437	0.011756	0.0197552	0.0234832	0.00277941	0.00828493	0.00874428	0.0431984	0.0470238	0.0533355	0.0234617	0.0687017	0.0102184	0.0335031	0.0116039	0.150723	0.270914	0.0957436	0.000253094	0.00408022
174	0.0613058	0.00519824	0.0452998	0.0198324	0.00320025	0.0388903	0.0289707	0.0126523	0.0263998	0.0139108	0.00767889	0.198193	0.00641119	0.0256755	0.0130762	0.376027	0.0944015	0.0170851	0.000871761	0.00491982
175	0.303981	0.165006	0.00282903	0.00420197	0.0122401	0.00315604	0.00274433	0.0762911	0.00658806	0.0696625	0.00639806	0.0047745	0.00798686	0.00428946	0.00486279	0.075714	0.0105235	0.22551	0.00633708	0.00690419
176	0.115442	0.0172413	0.00540244	0.0220379	0.06076	0.00462174	0.0361182	0.0521765	0.106788	0.05386	0.0039938	0.00862567	0.00306504	0.00662073	0.00544208	0.0576946	0.0723339	0.320592	0.000875924	0.0463075
177	0.0073338	0.00779096	0.000674053	0.0028806	0.00559563	0.000558075	0.000541652	0.330086	0.00240463	0.0983602	0.00649411	0.00142354	0.00249807	0.00118064	0.000818873	0.00147284	0.0100591	0.515275	0.00142672	0.00312574
178	0.0040209	0.000768745	0.000977221	0.00384992	0.000534538	0.000925171	0.00815518	0.00825367	0.55529	0.0143615	0.00535993	0.0114788	0.000780708	0.0135789	0.346192	0.00870981	0.00935977	0.0066681	0.000152403	0.000582829
179	0.0906564	0.0390273	0.00802412	0.00252104	0.000566565	0.76657	0.00114973	0.00123157	0.00851956	0.00971487	0.000744328	0.0204854	0.00064416	0.00302844	0.011751	0.0262335	0.00561711	0.0026789	0.000176005	0.000659681
180	0.00522525	0.00533179	0.00117312	0.00265728	0.658367	0.0011441	0.0196073	0.00452699	0.00336382	0.0198409	0.00515067	0.00413491	0.000624442	0.00518595	0.00538418	0.00688187	0.00349653	0.00532678	0.00350019	0.239077
181	0.156685	0.0373897	0.0088255	0.00535972	0.00080917	0.684735	0.0015014	0.00139428	0.00888578	0.00951114	0.000979448	0.0194095	0.0017233	0.00346	0.0105511	0.0347932	0.00742176	0.00530786	0.00025798	0.000999571
182	0.00577897	0.00480754	0.00128877	0.00352136	0.632646	0.00117822	0.023697	0.00523806	0.00510629	0.024193	0.00600643	0.00397355	0.000728115	0.00631795	0.00702448	0.00598797	0.00403847	0.00554402	0.00385011	0.249073
183	0.00860768	0.00729035	0.000620073	0.00224422	0.00524301	0.000589142	0.000590079	0.281839	0.0023994	0.0646292	0.00633138	0.00122297	0.00156443	0.00117453	0.000862199	0.00140753	0.00994225	0.599163	0.00137082	0.00290787
184	0.220651	0.0727652	0.120857	0.0904044	0.0050217	0.0358831	0.018733	0.0115245	0.0148259	0.0142312	0.00717536	0.126754	0.00698809	0.0295112	0.0130141	0.152603	0.0279008	0.0226667	0.00181762	0.00667179
185	0.00485419	0.00114054	0.00121188	0.00143021	0.757718	0.00118801	0.00127992	0.0036167	0.00163694	0.0150519	0.00469757	0.00222388	0.000635284	0.00223804	0.00323291	0.00520953	0.00236532	0.00190808	0.00142847	0.186933
186	0.0733541	0.00347019	0.126031	0.472088	0.000624186	0.0011483	0.00441576	0.0116524	0.104259	0.0167156	0.0109096	0.0235743	0.000858159	0.0746172	0.0134307	0.0270636	0.0235046	0.0110911	0.000151781	0.00104092
187	0.0215844	0.0110261	0.256558	0.0802465	0.000753883	0.023494	0.0152659	0.00137415	0.0251148	0.00369097	0.00114043	0.155118	0.00099273	0.00779415	0.0230154	0.20639	0.157227	0.00398273	0.000223205	0.00500769
188	0.257782	0.00305319	0.00550248	0.00899222	0.00268727	0.00775012	0.0980569	0.0123403	0.0146847	0.00859912	0.00482761	0.0155266	0.208352	0.0563755	0.0144458	0.146949	0.10439	0.026101	0.000740357	0.00284442
189	0.0305166	0.00023471	0.314038	0.494525	0.0015625	0.0114069	0.0034672	0.00491684	0.0194623	0.000521076	0.00060052	0.0291579	0.00745646	0.032129	0.0102471	0.0198939	0.0136655	0.00375473	9.62898e-05	0.00234717
190	0.240639	0.0287623	0.239223	0.147768	0.00166576	0.0637995	0.0272622	0.00643135	0.00382233	0.00654874	0.00203722	0.0399322	0.00254297	0.0538383	0.00798562	0.0891602	0.014214	0.0223035	0.000509496	0.00155436
