1379	20
1	0.189686	0.00163515	0.0298675	0.0290736	0.0027883	0.078265	0.00631187	0.007217	0.0266864	0.0168544	0.0123728	0.0968968	0.00812729	0.0642812	0.0141255	0.297396	0.0972654	0.0198979	0.000421548	0.000830276
2	0.0420122	0.0220447	0.00238498	0.000491473	0.0174126	0.00400664	0.00320767	0.305159	0.00132513	0.215782	0.0395394	0.00140596	0.00760372	0.00367551	0.00113959	0.00561708	0.0164701	0.298526	0.000335628	0.0118604
3	0.117091	0.00542205	0.0560346	0.0685754	0.00290987	0.146696	0.0228012	0.00594681	0.0823575	0.0126407	0.0086359	0.126385	0.0100746	0.0825756	0.042131	0.141206	0.0511937	0.0123364	0.000515028	0.00447171
4	0.0120085	0.00304959	0.000355779	0.00131287	0.00373782	0.000843091	0.000320569	0.569502	0.00121847	0.0661955	0.0173908	0.000662731	0.0029363	0.00148568	0.00143622	0.00243284	0.0203319	0.290701	0.00213069	0.00194755
5	0.176941	0.00100888	0.0288229	0.0324433	0.00394821	0.0961251	0.00786916	0.00695476	0.0290916	0.0331367	0.0142124	0.0885769	0.0430302	0.0717978	0.0231387	0.251211	0.0662889	0.0237469	0.000373999	0.00128176
6	0.133062	0.00197338	0.0142433	0.0315019	0.0031451	0.0137148	0.00864324	0.00560415	0.00576954	0.0129469	0.00669172	0.0209762	0.423422	0.11822	0.00721706	0.109232	0.034762	0.0347389	0.000546505	0.0135895
7	0.183085	0.00182002	0.0985432	0.107932	0.00480853	0.0606414	0.0138497	0.00980404	0.0242919	0.00981525	0.00923123	0.066357	0.0173148	0.120731	0.00760434	0.175543	0.0717457	0.0160847	0.00028453	0.000513108
8	0.0943233	0.0335397	0.00527903	0.00855062	0.0505666	0.0165301	0.0407955	0.00959199	0.00677201	0.00777146	0.00361075	0.0886816	0.00473267	0.0334657	0.00783798	0.433953	0.0737715	0.0222054	0.000622151	0.0573995
9	0.0346453	0.0188401	0.00124114	0.000497417	0.0198749	0.00270623	0.00185025	0.389504	0.00193041	0.173088	0.0450098	0.00154078	0.00433897	0.00237962	0.00126373	0.00540784	0.0166049	0.269903	0.000764124	0.0086096
10	0.0795076	0.00375095	0.0303318	0.0157004	0.00282924	0.0948795	0.00606842	0.00536352	0.0576636	0.00996353	0.0107723	0.100557	0.0134802	0.0303124	0.0278727	0.332384	0.164254	0.0102811	0.000485873	0.00354188
11	0.0517762	0.00502703	0.00475083	0.00748226	0.356988	0.0155645	0.040938	0.0233598	0.00695939	0.0771285	0.0116528	0.0098513	0.122902	0.0194919	0.0133168	0.0587743	0.0141483	0.0205206	0.0559831	0.083384
12	0.181746	0.00167114	0.0205098	0.0273208	0.00244382	0.0670976	0.0107488	0.00773468	0.0894849	0.0158987	0.012316	0.100621	0.010117	0.0700981	0.0456826	0.215065	0.101443	0.0175265	0.000272814	0.00220194
13	0.0658974	0.0349763	0.00431446	0.00580544	0.0198283	0.0223525	0.0092277	0.00548844	0.00719331	0.00712721	0.00241389	0.0286734	0.00302579	0.0211262	0.0077776	0.35937	0.363537	0.020972	0.0011363	0.00975755
14	0.0117935	0.00695738	0.00343877	0.00670175	0.0813783	0.00262612	0.00259262	0.0742658	0.00820118	0.43759	0.248391	0.0023477	0.00230987	0.00980338	0.00367518	0.00803218	0.0108254	0.0647118	0.000960075	0.0133988
15	0.0122441	0.00259177	0.0650419	0.579976	0.00825672	0.00900851	0.0467675	0.0149204	0.00996795	0.0133134	0.00813809	0.014386	0.0089793	0.124207	0.00936839	0.0356907	0.0177463	0.00707624	0.000232496	0.0120871
16	0.122738	0.0184341	0.0251142	0.0250966	0.00839491	0.115093	0.0131851	0.00889399	0.0255235	0.0163749	0.0105188	0.0685824	0.0160939	0.038693	0.0133819	0.347808	0.0940676	0.022786	0.00115903	0.00806145
17	0.0350426	0.000503224	0.386059	0.452038	0.000476223	0.00950631	0.00175901	0.00367533	0.0139173	0.00426267	0.00709698	0.0168906	0.00167115	0.0247779	0.00184644	0.0219434	0.0144974	0.00332728	0.000103876	0.000606145
18	0.0127962	0.00499232	0.00945577	0.0183419	0.00347394	0.0127526	0.0135616	0.00531156	0.521794	0.0109089	0.00914583	0.0307385	0.00713516	0.0342309	0.24649	0.0279146	0.0237165	0.00481842	0.00204478	0.000375762
19	0.00307395	0.00217326	0.000480878	0.000904628	0.300082	0.00255531	0.0187436	0.00567792	0.00168021	0.0154752	0.000545978	0.00690336	0.000238345	0.00165266	0.00297866	0.000814221	0.00531857	0.00487967	0.0195875	0.606234
20	0.0131075	0.0038204	0.00036108	0.00128137	0.00358134	0.00115357	0.000364293	0.570522	0.00114597	0.0634672	0.0173956	0.000782244	0.00273212	0.00158879	0.00133619	0.00282282	0.0219705	0.288507	0.00216089	0.00189818
21	0.118803	0.322374	0.00306723	0.00619938	0.00499105	0.013229	0.00220388	0.0748156	0.00503095	0.0215129	0.0130063	0.0127564	0.00531177	0.00561409	0.00576505	0.0739247	0.12083	0.182378	0.00197595	0.00621031
22	0.037836	0.00087458	0.000645489	0.00359564	0.00357105	0.00274536	0.000598729	0.189769	0.00362883	0.0346832	0.00649495	0.00176519	0.000614104	0.00101483	0.000578981	0.00857899	0.00317744	0.697834	0.00014299	0.0018508
23	0.0308261	0.0285278	0.0137279	0.0423436	0.00546501	0.0140974	0.0176267	0.00756712	0.324241	0.0234175	0.00955836	0.0325774	0.00546133	0.0588225	0.304272	0.0319177	0.0223478	0.0224159	0.00227883	0.00250777
24	0.0325986	0.00139827	0.21543	0.52627	0.00313866	0.00774389	0.00637853	0.0161128	0.0190885	0.0127227	0.0117814	0.0183901	0.0035314	0.0512495	0.00560107	0.0249216	0.0221189	0.0171032	0.000216568	0.0042041
25	0.0222896	0.00123848	0.0670428	0.0669488	0.00101867	0.00667634	0.00579497	0.0034339	0.119277	0.0125309	0.00819112	0.104904	0.0118275	0.107899	0.0606476	0.166805	0.208356	0.0238748	0.000257943	0.000985178
26	0.0371209	0.00138686	0.0766776	0.0813154	0.00150934	0.0135576	0.0111762	0.0037857	0.0993496	0.0109282	0.0094866	0.128936	0.0195275	0.108195	0.0493937	0.168647	0.161566	0.0160604	0.000177006	0.00120385
27	0.0151649	0.00597538	0.00171806	0.00438189	0.0131108	0.00545926	0.00438397	0.244119	0.00939469	0.290195	0.0517768	0.00708446	0.00316254	0.0110879	0.00899548	0.0114145	0.0428387	0.262379	0.000771188	0.00658683
28	0.0905838	0.0280265	0.00541176	0.00680862	0.0434657	0.0032671	0.00745578	0.156488	0.0161967	0.0648102	0.0413797	0.009602	0.00981803	0.0286458	0.0159945	0.0534217	0.091761	0.29829	0.000541537	0.0280314
29	0.0165649	0.0064787	0.00105788	0.000930578	0.0238578	0.00132426	0.00109815	0.472884	0.00425291	0.184018	0.0691929	0.00271625	0.00221902	0.00228566	0.00157161	0.00508323	0.0158738	0.175365	0.00201361	0.0112119
30	0.0225944	0.00271266	0.000583519	0.00210507	0.00548729	0.00302096	0.000531746	0.309816	0.00363661	0.0433692	0.0097172	0.00146895	0.00183889	0.00127325	0.000788887	0.00462731	0.010314	0.572039	0.000346925	0.0037279
31	0.0122396	0.00178891	0.540824	0.13634	0.00179125	0.0102593	0.00969362	0.00570553	0.0148907	0.00312019	0.0010251	0.155353	0.00654392	0.0200548	0.0100603	0.039475	0.0246701	0.00387795	0.000800003	0.00148698
32	0.00921471	0.0038752	0.000532236	0.00185912	0.0176181	0.00221056	0.000787155	0.0635889	0.000446846	0.754315	0.0706719	0.000455481	0.00168881	0.00281946	0.00179358	0.00200715	0.00904397	0.0547219	0.000294042	0.00205638
33	0.100421	0.00131276	0.0325786	0.0672008	0.00177233	0.0288888	0.0539122	0.013128	0.0169145	0.0327373	0.00437674	0.218248	0.00193661	0.105504	0.0383249	0.161632	0.100187	0.00910862	0.00337036	0.00844459
34	0.0885477	0.0300617	0.00567981	0.00622761	0.0439309	0.00362601	0.00574426	0.154744	0.0150054	0.055162	0.0332489	0.00949519	0.0156637	0.024153	0.0141982	0.0563689	0.09131	0.319504	0.000900718	0.0264288
35	0.0301227	0.00776197	0.00178263	0.0158826	0.00715642	0.0179823	0.0104814	0.183198	0.0294643	0.186187	0.124777	0.0191748	0.00668619	0.0279891	0.0194648	0.0360781	0.106797	0.165643	0.0001866	0.00318415
36	0.0133841	0.0049477	0.0092419	0.0168827	0.00310312	0.0130218	0.0120237	0.00559242	0.489295	0.0117855	0.00995246	0.0288107	0.00631238	0.0397704	0.275226	0.0251929	0.0267133	0.00624467	0.00183972	0.000660471
37	0.0114492	0.0036866	0.010998	0.0197616	0.00783512	0.0114723	0.0222938	0.00652347	0.507165	0.0122624	0.00689475	0.0321039	0.0118954	0.0339638	0.239051	0.0246636	0.0235298	0.00571041	0.00121868	0.00752157
38	0.0619566	0.00147374	0.0444843	0.0331609	0.0019209	0.0337127	0.0300858	0.00451593	0.0476271	0.00970589	0.00699825	0.114049	0.342947	0.0872376	0.0174554	0.119959	0.031483	0.00704413	0.000680521	0.00350322
39	0.0167147	0.00317718	0.00163199	0.00452511	0.0315716	0.00517868	0.00364249	0.469253	0.0113935	0.143091	0.123633	0.0145544	0.00240895	0.00717197	0.00627099	0.013205	0.0370503	0.0928927	0.00269506	0.00993782
40	0.0533386	0.00124783	0.0471172	0.0390642	0.0016083	0.023407	0.00677632	0.00417082	0.113348	0.00945097	0.00981974	0.11012	0.0115862	0.0774838	0.0536416	0.189645	0.226423	0.0190312	0.000423902	0.00229646
41	0.610627	0.0191362	0.00562538	0.00702448	0.00429918	0.111279	0.0041597	0.00888989	0.00554792	0.0128145	0.00538537	0.0113611	0.00498057	0.0143716	0.0038726	0.096679	0.0457201	0.0248773	0.00129276	0.00205585
42	0.0328022	0.00066398	0.285156	0.540445	0.00181777	0.00940307	0.00351372	0.00606507	0.0140283	0.00556851	0.00718547	0.0105039	0.00177342	0.0359061	0.00150021	0.0214405	0.0153397	0.00451156	9.74176e-05	0.0022774
43	0.155756	0.0148533	0.0152207	0.0221107	0.0176807	0.022466	0.0724766	0.0139719	0.0117543	0.00944608	0.00494507	0.0843781	0.0390073	0.0347865	0.00698514	0.359904	0.0420574	0.0209513	0.000536407	0.050713
44	0.397015	0.0739352	0.00370603	0.00872578	0.00460108	0.0189943	0.00250311	0.0633805	0.0156117	0.0235201	0.0073188	0.00692772	0.0019964	0.00638538	0.00406845	0.104204	0.0701598	0.180044	0.00219272	0.00470951
45	0.0099216	0.005287	0.00103545	0.000838044	0.0160112	0.000863825	0.00159335	0.387208	0.00142541	0.275268	0.032564	0.00201862	0.0021586	0.00309708	0.00143027	0.00305557	0.0167361	0.229317	0.00145411	0.0087159
46	0.0440418	0.00845919	0.0249507	0.0265786	0.0329912	0.0112325	0.0238684	0.0572284	0.0375546	0.235978	0.166111	0.0708432	0.004508	0.0974336	0.031894	0.0290019	0.0304832	0.0375488	0.00124695	0.0280463
47	0.0193354	0.0240547	0.0228979	0.00641411	0.0277968	0.00615538	0.344498	0.0169195	0.0427214	0.00695425	0.00226268	0.33531	0.00476443	0.0376283	0.011613	0.0343436	0.00570314	0.00531352	0.000567278	0.0447466
48	0.0959888	0.00266406	0.00851502	0.0131063	0.0168478	0.00960515	0.0457514	0.00518905	0.0165744	0.0781808	0.00702262	0.00650328	0.458632	0.0414266	0.0495775	0.0693222	0.0157576	0.00995789	0.0460653	0.00331198
49	0.0745105	0.0014446	0.00310283	0.0362317	0.00793537	0.558015	0.00603072	0.00269963	0.00777504	0.00395882	0.0328552	0.0237701	0.0127371	0.0804499	0.00196873	0.0969617	0.0381271	0.00523678	0.000511301	0.00567823
50	0.0486452	0.00250669	0.0253826	0.0384479	0.00168858	0.0158322	0.0278483	0.0103584	0.267601	0.0235945	0.00770021	0.039457	0.00387193	0.0989355	0.262335	0.0415229	0.0506761	0.0268822	0.000462951	0.00625168
51	0.0741503	0.00841542	0.0108526	0.0300273	0.0557959	0.0450778	0.0812129	0.0260654	0.0125426	0.0876669	0.0497583	0.0647418	0.018997	0.0988842	0.0199772	0.083856	0.0876218	0.0580268	0.000160176	0.0861696
52	0.0104637	0.00565324	0.00101291	0.000798632	0.0163238	0.00107962	0.00193235	0.325351	0.00106165	0.346796	0.0317457	0.00211351	0.00210179	0.00308954	0.00126783	0.00304827	0.0169248	0.219714	0.00142407	0.00809814
53	0.0558511	0.00624514	0.0364632	0.0534778	0.00468557	0.0400375	0.0328052	0.0122353	0.170557	0.0222585	0.013166	0.121242	0.0123396	0.187302	0.0826501	0.071966	0.0487653	0.0179395	0.000857905	0.00915551
54	0.0162689	0.00520891	0.000420688	0.00125104	0.00479454	0.00103081	0.000469005	0.548508	0.00135709	0.0769096	0.0216925	0.000812771	0.00313422	0.00171553	0.00147342	0.00335139	0.0226257	0.284512	0.00194091	0.00252356
55	0.00742228	0.0042473	0.00182352	0.00268282	0.59034	0.00177579	0.007441	0.0485653	0.00221856	0.185213	0.0128284	0.00494654	0.0020918	0.00433512	0.00420759	0.00828131	0.00453427	0.0152322	0.00799774	0.0838154
56	0.00735449	0.00186808	0.46691	0.0865547	0.00201809	0.00852293	0.0126569	0.00555718	0.0130332	0.00361746	0.00202852	0.277241	0.0067272	0.0145738	0.00786577	0.056518	0.0201161	0.00414523	0.00069379	0.00199781
57	0.013573	0.00376817	0.00181369	0.00645844	0.0338305	0.00186826	0.000983228	0.118381	0.00134477	0.557148	0.141268	0.000807502	0.000837822	0.00563041	0.000975388	0.00485905	0.00738096	0.0918423	0.000300849	0.00692896
58	0.043601	0.000398907	0.323206	0.483432	0.00061928	0.0149918	0.00294989	0.00277128	0.0161264	0.00390277	0.00715822	0.0151505	0.00321737	0.0307604	0.00159206	0.0263529	0.0186599	0.00440898	8.8201e-05	0.000612172
59	0.126267	0.00426222	0.00808191	0.0502174	0.00627586	0.0182147	0.00947156	0.0200684	0.0572514	0.135341	0.0686163	0.0345888	0.00593097	0.111385	0.016899	0.0758704	0.203428	0.0439244	0.000828865	0.00307748
60	0.0198115	0.00691791	0.00680718	0.01772	0.00239085	0.0133984	0.0111698	0.00489172	0.462945	0.0139753	0.0174572	0.0265005	0.00429474	0.0489257	0.278528	0.0294917	0.0253566	0.00585403	0.00272062	0.000843634
61	0.22385	0.00126611	0.0244443	0.0360911	0.00312877	0.0787415	0.00603284	0.00555288	0.0238611	0.0169852	0.0166402	0.0753021	0.00657179	0.0946444	0.015889	0.265421	0.0808526	0.0241745	0.000135377	0.000414975
62	0.00925036	0.00610673	0.00684772	0.0131292	0.00335764	0.011918	0.0131032	0.00635865	0.450714	0.00930768	0.00839142	0.0224985	0.00917272	0.0400889	0.338661	0.0236676	0.0206896	0.00383881	0.00250756	0.000391248
63	0.0109129	0.00573066	0.00116072	0.00355307	0.0182897	0.00171488	0.00221158	0.217372	0.00285232	0.399411	0.10167	0.00162882	0.000764072	0.00558531	0.00147761	0.00450616	0.0134624	0.19801	0.000550824	0.00913504
64	0.0659619	0.0201254	0.0266337	0.0785598	0.00149196	0.288272	0.0189537	0.00349249	0.160964	0.00200811	0.00314977	0.10774	0.000902462	0.0785911	0.0569696	0.0489551	0.031418	0.00268739	0.000220387	0.00290281
65	0.222756	0.0220642	0.00829697	0.0123496	0.0107086	0.0615302	0.0156319	0.00635673	0.0107616	0.0084908	0.00478278	0.0421816	0.00365298	0.0283007	0.0192508	0.357715	0.111584	0.0399734	0.00049144	0.0131209
66	0.0593401	0.0624461	0.010637	0.0041734	0.117493	0.00306077	0.186612	0.0419004	0.00621085	0.0427619	0.00391503	0.0172264	0.00183194	0.00441492	0.0136784	0.0318045	0.0725152	0.0694229	0.000523848	0.250032
67	0.0759125	0.00283566	0.0642488	0.0238556	0.00264262	0.00519756	0.0123129	0.0376936	0.0161058	0.0988794	0.0240144	0.137522	0.0102227	0.190838	0.00547101	0.0712251	0.110954	0.101988	0.000947876	0.00713274
68	0.00323061	0.00234455	0.000514807	0.000995079	0.304194	0.00247217	0.018776	0.00561257	0.00177165	0.0158548	0.000781412	0.00672156	0.00034507	0.00164462	0.00298569	0.000845682	0.00516288	0.00510019	0.0191221	0.601525
69	0.00478912	0.00127362	0.0018216	0.00216944	0.00120086	0.0019496	0.00170022	0.00215928	0.00210813	0.0207586	0.00782237	0.00283328	0.00118872	0.0081964	0.00175559	0.00451331	0.00355945	0.0024286	0.879905	0.0478672
70	0.0105051	0.00625322	0.00690614	0.0145015	0.00287989	0.0134072	0.00973683	0.00469869	0.521969	0.0104939	0.0125116	0.0270102	0.00573871	0.0337307	0.262853	0.0243788	0.0259806	0.00397183	0.00216967	0.000303009
71	0.0049776	0.00127668	0.00184127	0.00222374	0.00171699	0.00205579	0.00182142	0.00240641	0.00213189	0.0212168	0.00775813	0.00297476	0.00150501	0.00823343	0.00210238	0.00505459	0.00360307	0.00249687	0.876908	0.0476948
72	0.0351439	0.014446	0.000963318	0.000591814	0.0134573	0.00332802	0.00109141	0.42458	0.00174745	0.134866	0.0314528	0.00152258	0.00407958	0.00188114	0.00160367	0.00632814	0.0232461	0.293157	0.00083163	0.0056825
73	0.023643	0.00445614	0.161765	0.0254917	0.00283399	0.00853728	0.00325607	0.00292689	0.00785003	0.00416072	0.00764535	0.291108	0.00583496	0.00582607	0.00272492	0.359903	0.0686487	0.0108495	0.000609991	0.00192819
74	0.0796551	0.00257654	0.159159	0.116118	0.00381178	0.0224442	0.00545022	0.00978363	0.013254	0.124712	0.00817132	0.0759783	0.20246	0.034104	0.00483621	0.0455006	0.026822	0.0568164	0.00486874	0.00347773
75	0.0299275	0.00166535	0.0720336	0.0761239	0.0019005	0.0083348	0.0127517	0.00251335	0.121698	0.0124846	0.00697401	0.112085	0.0102304	0.0995513	0.0694922	0.164082	0.177324	0.0187456	0.000167128	0.00191437
76	0.0278156	0.0402941	0.00266726	0.00319124	0.0166456	0.00307763	0.00247637	0.070881	0.0294571	0.119064	0.0536179	0.0264152	0.00214798	0.00400045	0.00252577	0.0465794	0.474973	0.0616987	0.000620778	0.0118509
77	0.00467611	0.00279738	0.00112646	0.000648906	0.0193231	0.000641869	0.00214607	0.31498	0.00076768	0.37384	0.028836	0.00291521	0.00121378	0.00333776	0.00109914	0.0028938	0.0176145	0.210054	0.00173892	0.00934937
78	0.338954	0.00414611	0.000921804	0.00130809	0.0057763	0.550804	0.000944728	0.00276733	0.00518522	0.0141715	0.00120671	0.00190881	0.00103606	0.00244054	0.000875166	0.0410908	0.0166958	0.0086839	0.000470857	0.000611793
79	0.0126335	0.0017096	0.00127932	0.00272168	0.0329592	0.00138105	0.00114033	0.399435	0.00455427	0.308748	0.106996	0.003286	0.000740313	0.00286752	0.00142513	0.00569182	0.0124442	0.0858368	0.00237215	0.0117778
80	0.0270806	0.00142208	0.000616227	0.00267627	0.00395661	0.0029005	0.000540053	0.269688	0.00331257	0.0341196	0.00756191	0.00149686	0.00122215	0.00101635	0.000622349	0.00606446	0.00710565	0.625927	0.000338727	0.00233213
81	0.0293106	0.048381	0.00324166	0.00361546	0.011648	0.017594	0.00519169	0.00302405	0.00344005	0.00718049	0.00232536	0.0158428	0.00360466	0.0138705	0.00186106	0.349347	0.467882	0.00952083	0.0011247	0.00199403
82	0.0809611	0.00263326	0.243234	0.313859	0.00269651	0.0345518	0.0114807	0.00216967	0.0342803	0.0058757	0.00511985	0.0478503	0.0423565	0.0712597	0.00727092	0.0523936	0.0287392	0.0118277	0.00016004	0.00127942
83	0.0819134	0.0018336	0.024499	0.00564071	0.00158922	0.0626089	0.00366932	0.00271004	0.0561875	0.0086307	0.0241507	0.153295	0.00732912	0.0254722	0.0293008	0.223364	0.271833	0.00676689	0.000595452	0.00861008
84	0.547685	0.0556479	0.00122654	0.0155169	0.00173393	0.0119701	0.00218959	0.00636699	0.00742715	0.00976533	0.00147927	0.00961386	0.00200328	0.00839348	0.0112364	0.222467	0.0684891	0.0143342	0.000244621	0.00220921
85	0.0882075	0.0211377	0.00156951	0.00472271	0.00851716	0.00644474	0.0021069	0.194091	0.00451898	0.0670215	0.015052	0.00376066	0.00200726	0.00531652	0.00247665	0.0235675	0.0314084	0.511274	0.000733879	0.00606581
86	0.00309288	0.00211557	0.000489746	0.000872315	0.293197	0.00248618	0.0198648	0.00514346	0.00172586	0.0148742	0.00037352	0.00678704	0.000236918	0.00154775	0.0030419	0.000651869	0.0052827	0.00448234	0.0191422	0.614592
87	0.193879	0.00161289	0.035832	0.0617399	0.00349216	0.0394486	0.0341501	0.0173313	0.0278217	0.0297452	0.0142391	0.0317049	0.133576	0.118376	0.0140289	0.110215	0.0778972	0.0480731	0.000249368	0.0065874
88	0.109046	0.00240908	0.0369056	0.0487039	0.007809	0.0209808	0.0233867	0.0121569	0.0201945	0.0518878	0.0110022	0.0235474	0.42285	0.0488275	0.0191978	0.0768156	0.0290929	0.0219263	0.00641746	0.00684271
89	0.105687	0.00267999	0.00412714	0.0310919	0.00382571	0.0172226	0.00366034	0.0955489	0.00619036	0.0434659	0.0271918	0.0182031	0.00291748	0.174378	0.0164925	0.0481936	0.116294	0.278652	0.000843822	0.00333396
90	0.04077	0.00554576	0.0143761	0.0499961	0.00499451	0.00709303	0.02119	0.0245466	0.33836	0.100506	0.0217153	0.0267227	0.00284971	0.080011	0.162177	0.0324959	0.0379947	0.0213992	0.00275729	0.00449978
91	0.0422768	0.00190857	0.0011523	0.00321387	0.00404114	0.00353966	0.00103991	0.191694	0.00659177	0.0362139	0.0346212	0.00235089	0.000960607	0.00171684	0.000993713	0.00793773	0.00544769	0.651806	0.000297276	0.00219651
92	0.170025	0.145593	0.00396625	0.00537951	0.122192	0.0294279	0.0114439	0.0488427	0.00849582	0.0551687	0.0202925	0.00968596	0.00387843	0.0118276	0.00634347	0.108787	0.0957328	0.112593	0.00260464	0.0277194
93	0.0371111	0.000508576	0.390251	0.437457	0.000570858	0.00996673	0.00169488	0.00467613	0.0168736	0.00588322	0.00808765	0.0120411	0.00208086	0.0275021	0.00209779	0.0233844	0.0145879	0.00430025	0.000159194	0.000765601
94	0.0172032	0.00841063	0.0122819	0.017617	0.00268515	0.0136495	0.0166506	0.0057615	0.36404	0.0110081	0.00691538	0.0226598	0.00701463	0.0473095	0.387247	0.0260965	0.0227933	0.00760368	0.00205	0.00100278
95	0.167474	0.00293335	0.0413566	0.0573016	0.00329364	0.0489278	0.0485045	0.00802089	0.0299049	0.0311389	0.0152048	0.130804	0.0057693	0.0784094	0.0404044	0.188426	0.0743232	0.0171183	0.000595595	0.0100892
96	0.239315	0.0018619	0.0164898	0.0310118	0.00409828	0.0421736	0.0169519	0.0196031	0.0134679	0.0238028	0.01793	0.0189439	0.184197	0.0964301	0.00985563	0.0973008	0.0864306	0.072221	0.000237315	0.00767738
97	0.0399854	0.00106196	0.0692684	0.0550426	0.00101604	0.0236158	0.0106191	0.00558544	0.0739188	0.00684541	0.00693136	0.18295	0.0246831	0.0747423	0.0310036	0.218949	0.161997	0.0104322	0.000381788	0.000970794
98	0.013607	0.0174797	0.00165948	0.00553063	0.0939701	0.00341719	0.0138615	0.0832334	0.0128499	0.49754	0.0867028	0.00755862	0.00248766	0.0240596	0.00268979	0.0121367	0.00950786	0.0435892	0.0104057	0.0577131
99	0.226083	0.000883515	0.0268788	0.0337755	0.00261525	0.0869565	0.00666603	0.00577481	0.0235154	0.0199412	0.0151081	0.0854148	0.00803785	0.073022	0.0149203	0.26598	0.0805386	0.0235601	0.000102855	0.000225192
100	0.011605	0.00354338	0.000431826	0.00143873	0.00314687	0.00104631	0.000439508	0.565507	0.00122306	0.0581602	0.0150634	0.000703198	0.00252498	0.00145686	0.00124251	0.00263628	0.0184001	0.307579	0.00198708	0.001865
101	0.0183015	0.00740478	0.00199274	0.0028407	0.0184166	0.0031273	0.00323873	0.328882	0.0056574	0.294696	0.0536755	0.00491097	0.00465748	0.00589968	0.0037765	0.00876466	0.0305579	0.192944	0.00153703	0.00871879
102	0.101218	0.0129333	0.0363825	0.020434	0.0118735	0.0432146	0.0765406	0.0106441	0.0148144	0.00845907	0.00366735	0.185701	0.0158336	0.0252828	0.00810722	0.32335	0.042404	0.0154179	0.000625366	0.0430963
103	0.0110097	0.0067697	0.00365192	0.00483947	0.288098	0.00411505	0.0379546	0.0165191	0.00891942	0.062305	0.0119731	0.0112399	0.00289861	0.0136884	0.01192	0.00818651	0.00903165	0.0146988	0.0132212	0.45896
104	0.0509668	0.00357765	0.0222211	0.0395503	0.00258771	0.0177854	0.0270351	0.0114465	0.288674	0.0239	0.00845563	0.0376054	0.00378513	0.103876	0.236459	0.0405909	0.0454407	0.0290185	0.000536546	0.00648782
105	0.243384	0.0647342	0.00145659	0.0114863	0.0016741	0.0118711	0.00158514	0.0950854	0.0119934	0.0315213	0.00429991	0.00368735	0.00172929	0.00807858	0.00422269	0.0991446	0.170114	0.228048	0.00262078	0.00326388
106	0.054247	0.00290725	0.140293	0.0918633	0.00150773	0.0457957	0.00772502	0.00369108	0.0180486	0.00592034	0.00447487	0.20044	0.00741791	0.0194263	0.00600735	0.294078	0.0836147	0.00993292	0.000727508	0.00188178
107	0.175431	0.00135694	0.0440945	0.0814567	0.00332878	0.0463127	0.0485721	0.00848849	0.04363	0.022441	0.00932913	0.0306286	0.121652	0.128875	0.017041	0.111879	0.0588046	0.0374114	0.000381015	0.00888698
108	0.0499791	0.00389582	0.0245188	0.0419545	0.00146406	0.0119491	0.0180293	0.00738111	0.383798	0.0145213	0.0119867	0.0661626	0.00255048	0.110552	0.140149	0.0458551	0.0475531	0.0147491	0.000345014	0.0026058
109	0.00476148	0.00127104	0.00182237	0.00216943	0.00120012	0.00194877	0.00170037	0.00215935	0.00210811	0.0207232	0.00778741	0.00283117	0.00118297	0.00819518	0.00174975	0.00451545	0.00355804	0.00242613	0.879994	0.047896
110	0.024585	0.0304828	0.00264693	0.00680897	0.0729515	0.0033244	0.00892635	0.0687938	0.00727606	0.482491	0.148579	0.00604534	0.00322553	0.0180963	0.00250757	0.0200083	0.00829486	0.0500765	0.00503675	0.0298431
111	0.158173	0.0471064	0.00264091	0.00685082	0.0163696	0.010541	0.00287586	0.160346	0.010551	0.065155	0.0227709	0.00521391	0.00381601	0.0115137	0.00645671	0.061526	0.0836448	0.309918	0.00170236	0.0128281
112	0.0131113	0.00612352	0.000828281	0.00112265	0.0150624	0.00145829	0.00178001	0.210596	0.00083936	0.456216	0.0370498	0.00162061	0.00166108	0.00307425	0.00172031	0.00300185	0.0142972	0.223943	0.000692558	0.00580159
113	0.0422563	0.0507495	0.0048372	0.00236486	0.00373949	0.02147	0.00341532	0.2001	0.00415112	0.0316259	0.0196003	0.0130678	0.00354219	0.00407167	0.0078077	0.0194811	0.132689	0.420179	0.00244731	0.0124046
114	0.309062	0.00482296	0.00512895	0.0072252	0.00571113	0.541611	0.00174931	0.00326145	0.00594492	0.0141721	0.00224225	0.00556766	0.00482876	0.00818144	0.00164906	0.0480863	0.0192757	0.0100835	0.000476245	0.000920173
115	0.0131736	0.00704739	0.00162159	0.00166611	0.0212731	0.00163144	0.00242828	0.306279	0.00222992	0.346764	0.0482495	0.00324494	0.00278677	0.00525546	0.00176268	0.00456996	0.017893	0.200137	0.00149567	0.010491
116	0.0206595	0.00542782	0.000488535	0.00125076	0.0046102	0.00267852	0.000398264	0.501578	0.00187126	0.0589669	0.019648	0.00103463	0.00313712	0.0014642	0.00123592	0.00375942	0.0252195	0.342907	0.00167197	0.00199229
117	0.209134	0.00919236	0.0396571	0.0181327	0.0095368	0.0174634	0.00919291	0.0671901	0.121315	0.054512	0.0449489	0.0748675	0.00738758	0.0580228	0.0368891	0.0454528	0.0313798	0.138676	0.00101885	0.00603069
118	0.141456	0.00259333	0.00884995	0.0132207	0.00630717	0.650213	0.00270741	0.00273671	0.00933194	0.00733119	0.00722289	0.0210877	0.0054661	0.029969	0.00229389	0.0605606	0.0193902	0.0069679	0.00035186	0.00194192
119	0.0986713	0.00545376	0.0653489	0.0709331	0.00504412	0.0176925	0.0669952	0.00695474	0.0925129	0.0182306	0.0149258	0.165181	0.00229947	0.0734501	0.0830442	0.130892	0.0396343	0.0190769	0.000154006	0.0235052
120	0.0245191	0.00690064	0.00157165	0.00301215	0.0218034	0.00423589	0.00273397	0.41517	0.00814177	0.19328	0.0947909	0.00562498	0.00537607	0.00581581	0.00464736	0.010705	0.0320318	0.148822	0.00183165	0.00898578
121	0.0551499	0.00704327	0.0155349	0.045188	0.015458	0.0169926	0.0165455	0.0319816	0.031335	0.178073	0.0280218	0.0309873	0.0115494	0.351249	0.0232395	0.0420763	0.0330321	0.0418747	0.00248649	0.0221815
122	0.00940891	0.00531575	0.000632948	0.00147585	0.0185242	0.00179406	0.00152797	0.105076	0.00109436	0.686743	0.0572248	0.0012709	0.00170296	0.00347501	0.00186394	0.00273616	0.010682	0.083444	0.000833343	0.00517432
123	0.00370635	0.00179262	0.000910181	0.00114688	0.281758	0.00228754	0.028457	0.00438132	0.00236241	0.0121035	0.000483457	0.00809319	0.000277619	0.00193283	0.00382141	0.000748084	0.00579367	0.00459645	0.0159977	0.61935
124	0.108564	0.0432112	0.0277282	0.03018	0.00934112	0.0352758	0.0298002	0.0167672	0.0678965	0.0539073	0.02167	0.159504	0.00909406	0.053452	0.0325754	0.20094	0.0604319	0.0273525	0.0014592	0.0108489
125	0.0674473	0.0395668	0.00698016	0.0116095	0.0583568	0.00585806	0.00603666	0.108506	0.0842425	0.0692749	0.0586795	0.0105013	0.00655729	0.0246871	0.042135	0.041383	0.0936519	0.241757	0.000792574	0.0219761
126	0.0411959	0.000391564	0.330202	0.492377	0.000513491	0.0113593	0.00245247	0.00263804	0.0170261	0.00374512	0.00751538	0.0136027	0.00252516	0.0298686	0.00171341	0.0222986	0.0155752	0.0042746	8.45768e-05	0.000640917
127	0.0387898	0.00412884	0.0137342	0.0409301	0.00269033	0.0144077	0.0151185	0.0147105	0.306623	0.0589614	0.0261977	0.0431927	0.00234177	0.115261	0.207319	0.0385573	0.0343923	0.0176845	0.00167231	0.00328811
128	0.0624656	0.0111838	0.024161	0.077111	0.00125086	0.239462	0.0207906	0.00411862	0.17721	0.00175664	0.0041363	0.134762	0.000792962	0.0888948	0.0703054	0.0508778	0.024988	0.00258526	0.000223011	0.00292409
129	0.076319	0.0325495	0.00653075	0.0100274	0.0349982	0.0037756	0.00619317	0.143464	0.0310574	0.0748373	0.0371644	0.00853936	0.00776819	0.0374719	0.0297016	0.0564333	0.071862	0.299777	0.000776845	0.0307532
130	0.105975	0.0106535	0.0194189	0.0299422	0.0114168	0.053368	0.041694	0.0130039	0.026731	0.0230733	0.00959491	0.0664622	0.0177582	0.0916053	0.0197431	0.250978	0.166186	0.0291369	0.00348557	0.00977335
131	0.0398122	0.00720038	0.0156355	0.0344617	0.00467585	0.0177472	0.0237255	0.0126707	0.226358	0.0242802	0.012696	0.0369095	0.0103497	0.153063	0.276639	0.0445294	0.0348205	0.0160094	0.00234806	0.00606851
132	0.195355	0.00403267	0.012629	0.023907	0.0133522	0.0218185	0.00669108	0.0417198	0.00871949	0.0176008	0.016847	0.0207033	0.298464	0.0500083	0.0065588	0.12997	0.0694923	0.0585783	0.00024604	0.00330592
133	0.00776175	0.00410671	0.000647311	0.00128299	0.0175644	0.00158154	0.00128412	0.126382	0.00062418	0.674793	0.0560435	0.00118955	0.00152573	0.00264358	0.001778	0.00221597	0.0109862	0.0822031	0.00102854	0.00435835
134	0.0417923	0.000929831	0.268539	0.45049	0.00213304	0.0129646	0.00988682	0.00503036	0.0253361	0.00917991	0.00917774	0.0335362	0.00775047	0.0489859	0.00632577	0.0330618	0.0232758	0.00947219	0.000125826	0.00200719
135	0.140727	0.00303111	0.0129249	0.023812	0.0052508	0.442005	0.00786701	0.00539708	0.0125755	0.0125693	0.0126725	0.0258594	0.0741683	0.0491696	0.00632443	0.105775	0.0378087	0.0179466	0.000558103	0.00355746
136	0.0158438	0.0191615	0.00922165	0.014982	0.171928	0.0124722	0.253901	0.00479978	0.0185859	0.0264783	0.0146153	0.0476375	0.00546736	0.0626533	0.0228814	0.0227454	0.00972414	0.012107	0.0010291	0.253765
137	0.314487	0.204991	0.00107317	0.00178924	0.013849	0.0510643	0.00169804	0.0308143	0.0038329	0.0260117	0.0143901	0.00577115	0.00114977	0.00249045	0.00186757	0.145705	0.0900401	0.0853802	0.00178734	0.00180741
138	0.434243	0.157363	0.00214722	0.00141764	0.009626	0.0705638	0.00291924	0.0144794	0.00294783	0.0193709	0.00915489	0.00629157	0.00142353	0.00240701	0.00214256	0.14268	0.0651988	0.0518327	0.00126595	0.00252448
139	0.284517	0.224815	0.000746127	0.00109856	0.0144649	0.056567	0.00184794	0.0237099	0.00435751	0.0265804	0.0123015	0.00642322	0.000681527	0.00185899	0.00220524	0.160976	0.106941	0.067094	0.00172687	0.0010871
140	0.00763383	0.00406736	0.00222881	0.0047412	0.619316	0.00203681	0.0156132	0.0302498	0.00300338	0.11868	0.0129715	0.00524158	0.00304247	0.00455029	0.00419472	0.00987978	0.00511931	0.0124606	0.00963684	0.125333
141	0.373945	0.0536939	0.00290425	0.00394065	0.00405997	0.114698	0.0174722	0.0147672	0.00434999	0.00504913	0.0036596	0.0139549	0.00245576	0.00955471	0.0118376	0.185571	0.111682	0.0595698	0.000927468	0.00590716
142	0.0212428	0.00116745	0.068746	0.0665246	0.001015	0.00637338	0.00582908	0.00261722	0.119579	0.0126482	0.00708078	0.106523	0.0122244	0.105863	0.0636571	0.171511	0.20503	0.0213417	0.000207568	0.000819024
143	0.104534	0.0328111	0.00370717	0.0078485	0.0220585	0.0309391	0.0167062	0.00840707	0.0132178	0.00666312	0.001399	0.0406636	0.00185859	0.0294029	0.0161046	0.422471	0.181729	0.0418153	0.000716299	0.0169468
144	0.0317657	0.00345832	0.0524308	0.0161324	0.00361956	0.00677853	0.0393864	0.0878659	0.0671451	0.0917869	0.0172734	0.142946	0.0321725	0.140624	0.00968437	0.057161	0.115868	0.0747996	0.000948565	0.00815315
145	0.00877336	0.00579049	0.00107743	0.000576258	0.0169131	0.000886776	0.00226999	0.281101	0.000754331	0.374336	0.0246459	0.00216308	0.00178099	0.00380078	0.00117205	0.00294549	0.0160872	0.245137	0.00107044	0.00871841
146	0.0159489	0.00777509	0.00134713	0.0012298	0.080945	0.00187987	0.00190478	0.313346	0.00277128	0.272045	0.0551815	0.00364412	0.00263323	0.00390476	0.00182628	0.00447715	0.0196183	0.189297	0.00295876	0.0172662
147	0.273902	0.231886	0.000765312	0.00114789	0.0145372	0.0507816	0.00139156	0.0244351	0.00397803	0.0276064	0.0130571	0.0058992	0.000733657	0.00192778	0.00215547	0.165037	0.108784	0.0690365	0.0017967	0.00114169
148	0.0296214	0.0205284	0.00464971	0.00692674	0.298974	0.00230971	0.0314005	0.0557782	0.00546145	0.144842	0.030965	0.00880399	0.00474185	0.0117135	0.00359035	0.0161417	0.0241976	0.0720709	0.0109666	0.216317
149	0.362838	0.029597	0.00386169	0.00775231	0.005767	0.0791941	0.0154114	0.00867372	0.00613318	0.00550822	0.00285251	0.0182854	0.00229143	0.0131608	0.0147914	0.260337	0.0994473	0.0514415	0.000589353	0.0120668
150	0.103644	0.00184637	0.0328785	0.0599472	0.00362378	0.042537	0.0410641	0.0132137	0.0142021	0.0286499	0.00345317	0.15345	0.00277022	0.0732495	0.0227681	0.207894	0.151208	0.0287808	0.00872172	0.00609832
151	0.00960425	0.00428816	0.00976532	0.0163394	0.00360588	0.0119548	0.0109782	0.00617045	0.535282	0.0102282	0.00783615	0.0294406	0.00772914	0.0310981	0.250397	0.0238005	0.0250252	0.00469128	0.001456	0.000309152
152	0.0581733	0.00169493	0.0212185	0.00745527	0.00169504	0.0680829	0.00296826	0.00384115	0.0613171	0.0103687	0.0167154	0.140413	0.012594	0.0252241	0.0189879	0.302087	0.234996	0.00708521	0.000487716	0.00459527
153	0.0376	0.0101167	0.0017398	0.0114281	0.00807215	0.0142621	0.00896088	0.207406	0.0260699	0.15964	0.112369	0.0148153	0.00601612	0.0229257	0.0236185	0.0340444	0.0960252	0.199673	0.000258826	0.00495768
154	0.0348364	0.0012208	0.281991	0.381941	0.00256352	0.0260988	0.0120745	0.00437478	0.0294387	0.00591432	0.00544477	0.0739148	0.00873917	0.046844	0.00926748	0.0433524	0.0217182	0.00757357	0.000265712	0.00242625
155	0.00798145	0.00474422	0.0010688	0.000417957	0.0176535	0.000718958	0.00179142	0.359864	0.000896972	0.290301	0.0257256	0.00230869	0.00206574	0.0037529	0.00142024	0.0025714	0.0170397	0.248532	0.00111583	0.0100297
156	0.128992	0.00618827	0.129547	0.0707872	0.00848233	0.161773	0.0108382	0.012125	0.0165259	0.0182294	0.0374449	0.0184729	0.077808	0.0322029	0.00886496	0.0737013	0.0305416	0.112471	0.00212242	0.0428819
157	0.176514	0.00251029	0.00800272	0.0272935	0.00289338	0.0291521	0.0439997	0.0321766	0.0301357	0.0196699	0.0126077	0.025957	0.135512	0.0887657	0.0300592	0.122669	0.15416	0.0530238	0.000449287	0.00444967
158	0.0198323	0.00954393	0.00428871	0.00636508	0.376646	0.00157982	0.0226678	0.0277139	0.00632486	0.0584624	0.0227602	0.00758717	0.011144	0.00881996	0.00156367	0.00992253	0.00850556	0.0419893	0.017172	0.337111
159	0.20053	0.00224574	0.0120684	0.0267605	0.00341832	0.0403794	0.0185314	0.0264818	0.0201041	0.0337466	0.0153062	0.0204561	0.142566	0.11734	0.0183303	0.11415	0.115627	0.059885	0.000236234	0.0118366
160	0.0401562	0.00593819	0.0107626	0.0337816	0.00904607	0.0157483	0.0147185	0.0541584	0.247122	0.0940308	0.0327806	0.0218599	0.0114452	0.059994	0.154792	0.0451398	0.0795097	0.0618189	0.00196839	0.00522897
161	0.0104561	0.00423762	0.00988591	0.0177897	0.00417609	0.0124595	0.0122855	0.0078905	0.489787	0.0114003	0.00779168	0.0258837	0.00934101	0.0392816	0.281434	0.0247938	0.0232577	0.00569112	0.00165698	0.000500539
162	0.204933	0.00237752	0.00901024	0.0121154	0.00252976	0.0165895	0.0135127	0.0428581	0.0205105	0.0345503	0.0258101	0.0551869	0.1171	0.112641	0.0114572	0.104201	0.137212	0.0741732	0.000296149	0.00293602
163	0.110704	0.027018	0.00531952	0.00804974	0.0347454	0.00706103	0.00475796	0.120907	0.023579	0.0730993	0.035726	0.00834419	0.00902654	0.03152	0.01448	0.0705926	0.0920938	0.2931	0.000532869	0.0293433
164	0.0505392	0.00159116	0.273652	0.358209	0.0020052	0.0249071	0.0140363	0.00137206	0.0383206	0.00629418	0.00568135	0.0507845	0.0260529	0.0560868	0.00871194	0.0461941	0.0223067	0.0118363	9.32145e-05	0.00132545
165	0.028323	0.0154179	0.00133796	0.00041454	0.0169315	0.00209156	0.0018234	0.368555	0.00142184	0.214055	0.0363009	0.00149956	0.00449749	0.0030618	0.00133452	0.00419767	0.0158271	0.271657	0.000642428	0.0106103
166	0.0333702	0.00572901	0.0122127	0.0200661	0.162357	0.0175559	0.0762983	0.0153524	0.0164347	0.0367032	0.0213393	0.0409111	0.0768544	0.086111	0.0369103	0.0518985	0.0685077	0.0488833	0.0039532	0.168552
167	0.0198805	0.00923391	0.00407608	0.00748251	0.378079	0.0012435	0.0217903	0.0384024	0.00282123	0.0769054	0.0282431	0.00681695	0.00551987	0.00918223	0.000862514	0.0101115	0.00941835	0.0471934	0.0167157	0.306022
168	0.140114	0.0027662	0.0329739	0.0342151	0.00479573	0.0311118	0.0125018	0.0253814	0.0331811	0.0303503	0.016262	0.0363797	0.306116	0.0502021	0.0142315	0.12527	0.0643764	0.0352653	0.00081	0.00369519
169	0.263723	0.00107463	0.00205189	0.00953856	0.00331819	0.0119685	0.00246731	0.00923697	0.00170005	0.0100956	0.00152911	0.0185383	0.58067	0.0297434	0.00150094	0.0128412	0.0208898	0.0132381	0.000416453	0.00545811
170	0.0440831	0.000581005	0.31105	0.451038	0.000996858	0.0162008	0.00665529	0.00244277	0.0232863	0.00456324	0.00690822	0.0278278	0.00723833	0.0396808	0.00370767	0.0288595	0.017599	0.00641727	7.34515e-05	0.000790501
171	0.126962	0.00772277	0.00994804	0.0257616	0.0638667	0.0794969	0.0631042	0.02165	0.0124241	0.0802719	0.0484221	0.0611729	0.0164398	0.0937	0.0145328	0.0683328	0.0757534	0.0542548	0.000629002	0.075554
172	0.245284	0.00287287	0.0166932	0.0218615	0.00372401	0.0426816	0.0131152	0.0216597	0.0118735	0.0312727	0.0210447	0.02002	0.147024	0.112174	0.00908568	0.0789928	0.0984999	0.0958802	0.000369578	0.00587067
173	0.181227	0.00408673	0.0434155	0.0286295	0.00374343	0.0913861	0.0225803	0.00558109	0.0185906	0.0164188	0.0101034	0.143019	0.00924553	0.0424204	0.0125329	0.229846	0.10966	0.0237363	0.000683923	0.00309345
174	0.0162732	0.00189177	0.550563	0.165583	0.00164538	0.00906596	0.0102436	0.00632211	0.0152889	0.00490957	0.00267805	0.120745	0.00783626	0.020379	0.00787475	0.0297241	0.0213598	0.00542136	0.000496028	0.00169996
175	0.0142552	0.00765805	0.00441414	0.0068679	0.480466	0.00493419	0.0568556	0.0207608	0.00660561	0.067792	0.0124277	0.0151137	0.00483149	0.0149338	0.00818407	0.0152074	0.00845611	0.0193275	0.0129392	0.21797
176	0.131405	0.00151115	0.0147094	0.0172642	0.00556529	0.0197019	0.0155904	0.00688712	0.0108594	0.0206013	0.00413162	0.0210304	0.56377	0.0393946	0.0130898	0.0735435	0.0216806	0.010697	0.00424383	0.00432313
177	0.0168866	0.00832516	0.00106105	0.000741055	0.0138395	0.00157033	0.00172019	0.329588	0.00145065	0.224614	0.0237005	0.00190293	0.00295982	0.00352375	0.00131823	0.00352586	0.0153854	0.338931	0.000721964	0.00823365
178	0.17564	0.0253244	0.00393948	0.00700285	0.0235001	0.0305997	0.020036	0.00783233	0.00800672	0.0136048	0.0022271	0.0497589	0.00810402	0.0215795	0.0135557	0.431913	0.0822909	0.036738	0.000448349	0.0378975
179	0.00959582	0.00344113	0.00166368	0.00242939	0.0240825	0.00230777	0.00259797	0.307083	0.0048927	0.325419	0.103047	0.00430658	0.00371184	0.00472339	0.00198489	0.00581088	0.0224499	0.158807	0.00173326	0.00991276
180	0.0653113	0.0207916	0.00869095	0.0355267	0.0200234	0.0133211	0.307658	0.00610133	0.0520376	0.0313502	0.00724058	0.0727726	0.00470917	0.134008	0.0583582	0.0729194	0.0154096	0.0351064	0.000598369	0.0380649
181	0.0605762	0.0226602	0.0013563	0.000599369	0.0113102	0.0101057	0.00104739	0.321092	0.00233977	0.104363	0.0313525	0.00290273	0.00326832	0.00173742	0.00233235	0.0109989	0.038654	0.369204	0.000258575	0.00384087
182	0.168493	0.0130437	0.0419598	0.0304269	0.00500654	0.090188	0.0100055	0.00571168	0.0281902	0.0133453	0.00951249	0.0854964	0.00954221	0.041645	0.0121983	0.299209	0.105471	0.0266624	0.000464931	0.00342748
183	0.146716	0.00178854	0.104863	0.137841	0.00413933	0.0396224	0.0319876	0.0088743	0.0362324	0.0110633	0.00944216	0.0581548	0.0455786	0.144383	0.0116789	0.128192	0.0635119	0.0140338	0.00021641	0.00167955
184	0.0108937	0.00387639	0.0118986	0.0188734	0.00416502	0.0117718	0.0122895	0.00617823	0.542253	0.0110963	0.00635843	0.0295486	0.00893259	0.0298835	0.234417	0.0254531	0.0252063	0.00533624	0.00122063	0.000347851
185	0.0102813	0.0200887	0.0115896	0.0159144	0.201758	0.0119952	0.217862	0.00291005	0.00869154	0.0254269	0.015263	0.037174	0.00241395	0.0640977	0.0175128	0.0194187	0.00661842	0.00887868	0.000483911	0.301621
186	0.0137355	0.00215814	0.113194	0.016048	0.00540371	0.444234	0.00598984	0.00268508	0.0709541	0.00344756	0.001992	0.187849	0.00438832	0.0192548	0.00902148	0.0866955	0.00475609	0.00618131	0.000454972	0.00155633
187	0.0178602	0.0117022	0.00104712	0.000473288	0.0158891	0.0014155	0.00193204	0.294025	0.00130443	0.251346	0.0250003	0.0020317	0.00262623	0.00577838	0.00191611	0.0031321	0.017607	0.334986	0.000528487	0.00939827
188	0.0576805	0.0244328	0.00114482	0.000432231	0.0144143	0.00586609	0.0015053	0.327424	0.00199469	0.146118	0.0338183	0.0026264	0.00417153	0.00197694	0.00158014	0.00892277	0.0253189	0.334726	0.000253873	0.00559191
189	0.00309226	0.00203248	0.000525138	0.000925451	0.294382	0.00252182	0.020096	0.00512088	0.00179695	0.0146233	0.000394164	0.00686852	0.000255755	0.00157823	0.00310194	0.000673749	0.00540777	0.00447241	0.0190601	0.613071
190	0.0352072	0.0196585	0.00139492	0.00228959	0.0160763	0.00349226	0.00293396	0.253972	0.00410719	0.259251	0.0931529	0.00153029	0.00435657	0.00464478	0.00209349	0.00696266	0.0173127	0.262888	0.000264189	0.00841075
191	0.0422196	0.0224004	0.00142249	0.000387268	0.0165147	0.00334541	0.00219731	0.306468	0.00160729	0.188361	0.0360948	0.0017085	0.00521206	0.00319711	0.00152455	0.00533018	0.0175736	0.335767	0.000325332	0.00834313
