215	20
1	0.0985403	0.00635945	0.000125877	0.000282139	0.129663	0.0351954	0.000678329	0.142706	0.000341425	0.259295	0.0330205	0.000274009	0.00105527	0.00148748	0.000272303	0.0112768	0.0182756	0.251792	0.00584037	0.00351797
2	0.0203304	0.000384104	0.00014717	0.000276092	0.0351957	0.000799937	0.00021572	0.367569	0.000378829	0.0860379	0.0448171	0.000166285	0.000279186	0.000289545	0.000255739	0.00639164	0.0292434	0.406287	0.000329995	0.000605004
3	0.15975	0.0109675	9.9272e-05	0.000200557	0.0739585	0.0823597	0.000170432	0.152288	0.000708348	0.161106	0.0158255	0.000135233	0.000520234	0.000371357	0.00015687	0.0305822	0.0499803	0.258841	0.00111098	0.000868171
4	0.172563	0.0124229	0.000119618	0.00019525	0.0653367	0.0871982	0.000176758	0.152829	0.000994504	0.135722	0.0156952	0.000154901	0.000362848	0.00025513	0.000175507	0.0379019	0.0605737	0.25636	0.000416926	0.000546196
5	0.0765135	0.0157987	0.000144241	0.000307425	0.0565191	0.00967122	0.000996551	0.14717	0.000290831	0.399421	0.107994	0.000612501	0.000187515	0.000383697	0.000243323	0.0141524	0.0115718	0.15665	0.000619893	0.000752301
6	0.0194144	0.00148413	0.000256447	0.00046634	0.0354829	0.00212516	0.000320579	0.0733446	0.00197548	0.703706	0.103202	0.000563237	0.000521505	0.000293471	0.000325775	0.00277689	0.00840701	0.0394061	0.00293377	0.00299429
7	0.211313	0.00416559	0.000195526	0.000299916	0.0743049	0.0657653	0.00274229	0.0981305	0.00434047	0.227408	0.0146116	0.000252117	0.000368252	0.000709508	0.00231566	0.0382879	0.0319955	0.118435	0.0583616	0.0459974
8	0.0366931	0.00173058	0.000145451	0.000205889	0.0930235	0.00856751	0.000393934	0.268705	0.000301439	0.309366	0.0205262	0.000262165	0.000436523	0.000854901	0.000265479	0.00325415	0.0113207	0.237598	0.00360579	0.00274416
9	0.0505844	0.00144176	0.614295	0.0755883	0.00554854	0.025897	0.0169651	0.00605625	0.018005	0.010102	0.00707426	0.06956	0.00297789	0.0260107	0.00519467	0.0374885	0.0126826	0.00932524	0.00215881	0.00304379
10	0.024769	0.00070236	0.000444065	0.00167515	0.0904535	0.00940378	0.000623048	0.084681	0.0016599	0.564511	0.104637	0.000457259	0.00293194	0.00290242	0.0015701	0.0064219	0.009816	0.0368322	0.04043	0.015079
11	0.0785682	0.00263423	0.000925782	0.00232825	0.309463	0.133714	0.00162858	0.0321682	0.0446482	0.147808	0.0071055	0.00190659	0.00220792	0.00224254	0.0447057	0.0489349	0.00784302	0.0808379	0.0242888	0.0260404
12	0.123	0.00436376	0.000179938	0.000696935	0.124892	0.0514469	0.00137549	0.126236	0.000573688	0.256141	0.0294626	0.000387339	0.00125697	0.00479603	0.000276668	0.0179443	0.0166738	0.219109	0.0105415	0.0106461
13	0.0460054	0.00153819	0.000787377	0.0026963	0.21238	0.0441229	0.013065	0.0930316	0.00145931	0.31058	0.0585768	0.000907541	0.00169699	0.0299066	0.00143791	0.00935592	0.0406422	0.107627	0.00880043	0.015383
14	0.0260181	0.00473343	0.000152612	0.00390867	0.00120082	0.0274698	0.0133507	0.00292446	0.462047	0.0100495	0.0121776	0.0232012	0.000253451	0.0267155	0.340302	0.0171002	0.017075	0.0046359	0.00311501	0.00356909
15	0.029541	0.0010143	0.048415	0.0494914	0.00276742	0.0085781	0.0681798	0.00339864	0.186026	0.0347683	0.00238157	0.0497809	0.0197988	0.198109	0.12846	0.108692	0.0471102	0.0108021	0.00107342	0.00161253
16	0.172563	0.000719099	0.0164113	0.0411217	0.00283873	0.097254	0.00543592	0.00293732	0.00523956	0.00915437	0.00204656	0.0360901	0.000727134	0.023578	0.0192536	0.400237	0.144016	0.0181488	0.0008814	0.00134692
17	0.221476	0.00381698	0.000196151	0.000333556	0.0679712	0.0794454	0.00228584	0.0974406	0.00216412	0.229612	0.0118813	0.00025474	0.000350451	0.000659611	0.00117674	0.0395991	0.0286114	0.123169	0.0490693	0.040487
18	0.156409	0.00912191	0.000517319	0.000660692	0.0477036	0.0862505	0.00126891	0.138876	0.0475969	0.17942	0.0257091	0.000728073	0.000830082	0.000982376	0.0208593	0.0318277	0.0661094	0.0780998	0.0661071	0.0409231
19	0.0471633	0.00377392	0.00168374	0.0282526	0.0880168	0.0126955	0.00283661	0.0486016	0.00338991	0.144782	0.152821	0.00163165	0.00415763	0.057067	0.0553209	0.00997011	0.0368872	0.0465428	0.219326	0.0350802
20	0.036833	0.0188502	0.000719303	0.00121689	0.0123212	0.0175372	0.000979209	0.00756255	0.001471	0.00664616	0.00759813	0.00109209	0.00105261	0.00269481	0.00101884	0.30484	0.470878	0.0636306	0.0134444	0.0296134
21	0.29665	0.0129619	0.000109642	0.000276022	0.0261822	0.161675	0.000321739	0.104601	0.000342628	0.199153	0.00864409	0.000179883	0.000184069	0.000367101	0.000229651	0.0269523	0.00325733	0.151243	0.002928	0.0037408
22	0.123219	0.0087071	0.000109806	0.000186368	0.135114	0.0647907	0.000369937	0.144993	0.000368932	0.203199	0.0227998	0.000166242	0.00184572	0.00143531	0.000245186	0.0138489	0.0205542	0.252954	0.00310569	0.00198707
23	0.0380751	0.0909605	0.00291434	0.00428036	0.118208	0.0250351	0.0044892	0.0407034	0.00519433	0.0625086	0.017218	0.00324408	0.0039274	0.00629981	0.00519857	0.015521	0.0216164	0.087738	0.185116	0.261752
24	0.02835	0.000517044	0.000274278	0.00040553	0.067432	0.00107156	0.000331321	0.309048	0.000546166	0.0520658	0.0321847	0.000248478	0.000333328	0.000408252	0.00036232	0.00760032	0.0354391	0.462029	0.000468831	0.000884304
25	0.243225	0.0299168	0.0002563	0.0004433	0.0123112	0.191492	0.000454087	0.0220607	0.000494598	0.0687431	0.0115789	0.000397799	0.002119	0.000636999	0.000478748	0.195343	0.124121	0.0935572	0.000521206	0.00184883
26	0.0710467	0.0176361	0.000145096	0.000252992	0.0556882	0.0109228	0.000966735	0.143709	0.00031651	0.409538	0.0980334	0.000329736	0.000194012	0.000312839	0.000222714	0.0129365	0.00956508	0.167087	0.000468447	0.000628256
27	0.650588	0.00170762	0.00036226	0.00040361	0.00759828	0.088771	0.000319872	0.0112442	0.000456631	0.00465237	0.00577976	0.000342397	0.000559417	0.000911584	0.000348222	0.185664	0.0164005	0.022707	0.000494039	0.000689617
28	0.0698566	0.0177496	0.000158966	0.000278672	0.0567875	0.010711	0.000968503	0.141425	0.000322382	0.414636	0.0990186	0.000334453	0.000183091	0.000304231	0.000249627	0.0132295	0.00890381	0.163763	0.000490669	0.000629222
29	0.298207	0.0130037	0.000112925	0.000278764	0.0257255	0.162746	0.000320696	0.103931	0.000346204	0.2001	0.00845295	0.000178394	0.000189127	0.000367405	0.000229123	0.0268139	0.00253992	0.14969	0.00300381	0.00376395
30	0.0048155	0.00092995	0.000305493	0.000629061	0.75059	0.00283998	0.00107526	0.00629991	0.000869946	0.109812	0.0153252	0.00048522	0.00063064	0.000947245	0.00061454	0.00811183	0.00265298	0.0056304	0.00792571	0.0795088
31	0.273253	0.0643737	0.000654768	0.00112464	0.0191438	0.412503	0.000923944	0.00476019	0.00138981	0.00772772	0.00367384	0.0175817	0.00586525	0.00115775	0.00121881	0.117978	0.0417553	0.0108647	0.00135713	0.012693
32	0.298049	0.0116896	0.000132342	0.000284004	0.0277105	0.176068	0.000346602	0.0993314	0.000394489	0.194479	0.00709005	0.000227321	0.000191366	0.000347031	0.000254017	0.0222	0.00421973	0.148439	0.00377689	0.00476961
33	0.196944	0.00355513	0.000225312	0.000343736	0.0766848	0.0679947	0.00270762	0.0993321	0.00450885	0.231246	0.0137754	0.000252244	0.000370126	0.000750318	0.00250033	0.0383246	0.0315817	0.119246	0.0621643	0.0474927
34	0.0123724	0.000230826	7.40792e-05	0.000131293	0.0324125	0.00231629	0.000137606	0.351571	0.000179102	0.319555	0.0220175	0.000113672	0.000161931	0.000180931	0.000150987	0.000659875	0.00349298	0.252993	0.000968356	0.000280441
35	0.0354824	0.00738576	0.000710778	0.00102642	0.120092	0.0591431	0.00115903	0.0378541	0.00169071	0.0962738	0.00563799	0.00113962	0.00518701	0.00169291	0.00256844	0.00478359	0.0168656	0.0303276	0.301118	0.269862
36	0.578678	0.00247244	0.000397981	0.000820441	0.0234008	0.134323	0.000654367	0.0072042	0.000856404	0.00631201	0.039327	0.000640191	0.00101714	0.000773596	0.000672931	0.129298	0.0367197	0.0338913	0.000946269	0.00159423
37	0.072764	0.0014871	0.0137706	0.025945	0.00740548	0.0215987	0.00164215	0.124279	0.00146598	0.243788	0.101975	0.000877133	0.00101726	0.051797	0.0134277	0.0464593	0.104433	0.161233	0.0017781	0.00285727
38	0.158228	0.000542128	0.0690061	0.194886	0.00204594	0.0202857	0.0485783	0.00237234	0.0500369	0.0138586	0.0156381	0.126554	0.000693128	0.124305	0.020203	0.104597	0.0397374	0.00702045	0.000519788	0.000891043
39	0.00432206	0.000840837	0.000437953	0.000668236	0.276899	0.0023651	0.00262571	0.00294793	0.000774847	0.0146151	0.0029967	0.000582574	0.000619973	0.000932935	0.000714845	0.00296785	0.00246486	0.00431855	0.0153484	0.662557
40	0.0319863	0.00110722	0.000581262	0.00169778	0.251732	0.0112256	0.00330346	0.139902	0.00159728	0.317107	0.0272287	0.00144485	0.00076664	0.0154663	0.000988703	0.00582603	0.0318578	0.110723	0.00182483	0.0436324
41	0.564636	0.00319279	0.00046233	0.000644156	0.00929238	0.0838497	0.00045139	0.00938338	0.00059355	0.00617389	0.00822889	0.000466916	0.000694233	0.00134035	0.000457244	0.178212	0.102023	0.0267544	0.000941112	0.00220284
42	0.235742	0.0164233	0.000311343	0.000677943	0.00427617	0.633996	0.000562717	0.00427358	0.000576879	0.00607008	0.00295947	0.00193049	0.000541944	0.0006533	0.00061359	0.0483683	0.00848926	0.0302813	0.000820978	0.00243059
43	0.0043309	0.000854607	0.000436163	0.000688499	0.274975	0.00236781	0.00299154	0.00294927	0.000786854	0.0152073	0.0031058	0.00059083	0.000621025	0.000955788	0.000718349	0.00306058	0.00248442	0.00435525	0.0153565	0.663163
44	0.104571	0.00511311	0.000148563	0.000303298	0.110831	0.040428	0.00114649	0.144004	0.00033187	0.263848	0.0295616	0.00023985	0.00095091	0.00144534	0.000229396	0.0112194	0.0188865	0.250694	0.0107098	0.00533848
45	0.0120263	0.000225499	8.7354e-05	0.000160109	0.0290117	0.00207734	0.000141574	0.35898	0.000183251	0.310264	0.0222202	0.000137899	0.00015805	0.000204106	0.000140373	0.000814223	0.00669215	0.255189	0.000919055	0.000367831
46	0.0944315	0.00584946	0.0196606	0.466428	0.0222319	0.0321863	0.0113486	0.0255291	0.0212434	0.0431081	0.0323513	0.0427865	0.0050935	0.0356556	0.0154706	0.0414145	0.0309154	0.0297886	0.005506	0.0190009
47	0.0151423	0.00278345	0.00150543	0.173154	0.0352505	0.00681538	0.00279693	0.0116867	0.122216	0.153978	0.00840492	0.00205657	0.00232036	0.191047	0.0263692	0.00760053	0.0333607	0.0135601	0.00293948	0.187013
48	0.293406	0.000726449	0.000451447	0.000563843	0.00233102	0.00196824	0.000460677	0.00252736	0.000666458	0.0152736	0.0073075	0.000421507	0.00511021	0.0100468	0.000659539	0.629185	0.0178699	0.00899896	0.000712481	0.00131304
49	0.0226529	0.0024676	0.000287399	0.000863793	0.0974467	0.003931	0.000970768	0.0602315	0.00208267	0.646279	0.101383	0.000509534	0.00105993	0.00126212	0.00059142	0.00345164	0.00819081	0.0397464	0.00336387	0.00322727
50	0.325332	0.000642413	0.000465717	0.000492715	0.0028197	0.00932381	0.000427831	0.00311909	0.000642416	0.0132605	0.00725703	0.000372392	0.00474757	0.00930754	0.000660145	0.591519	0.0178406	0.00982004	0.000736302	0.00121306
51	0.0164472	0.000359436	0.000153094	0.00022994	0.0287545	0.000911428	0.000194825	0.376411	0.000330326	0.112472	0.0525451	0.000178571	0.000281583	0.000266413	0.000309837	0.00427213	0.024249	0.380646	0.000359861	0.000628044
52	0.0144574	0.0012415	0.772536	0.0492634	0.00465825	0.0104552	0.0113869	0.00461121	0.0120311	0.00661552	0.00313912	0.062826	0.00105687	0.0117855	0.0010625	0.0193274	0.00365528	0.00633029	0.00140216	0.00215791
53	0.0531137	0.00548678	0.0196768	0.019966	0.0213105	0.0213653	0.00703604	0.02543	0.0107165	0.0348793	0.0520205	0.539561	0.00472438	0.0128111	0.00827732	0.0272888	0.0838356	0.0303927	0.00694713	0.0151609
54	0.012501	0.00026661	7.84338e-05	0.00015113	0.0319264	0.00231984	0.000144936	0.351566	0.000184383	0.319429	0.0223644	0.000125246	0.000162868	0.000186035	0.000144647	0.000700006	0.00400996	0.252495	0.000961994	0.00028154
55	0.036901	0.00335394	0.000795939	0.00127615	0.331684	0.0101574	0.00297091	0.11868	0.00155187	0.281808	0.0899638	0.00201673	0.00170861	0.00370694	0.00121294	0.00809779	0.0121967	0.0628134	0.0186951	0.0104087
56	0.0234723	0.00150485	0.000271824	0.000425881	0.0212634	0.00556197	0.000358236	0.373006	0.000467445	0.170296	0.0366754	0.000292931	0.000698943	0.000492508	0.000345248	0.00523901	0.0278218	0.329142	0.000977314	0.00168759
57	0.0250861	0.00449595	0.00184946	0.00319259	0.329849	0.0124459	0.00257477	0.177133	0.00451666	0.0614713	0.181582	0.00256068	0.0034846	0.00627887	0.00416236	0.0123051	0.0115436	0.0234329	0.121125	0.0109095
58	0.109145	0.00759256	0.00113646	0.00186869	0.0318551	0.0245479	0.0159597	0.125394	0.00197094	0.419495	0.0703195	0.00126128	0.00123173	0.00309249	0.00171062	0.0588651	0.009934	0.106208	0.00315954	0.00525196
59	0.0768875	0.00785887	0.000342134	0.00045615	0.0295529	0.00194944	0.000490954	0.192814	0.00068171	0.291328	0.266549	0.00457838	0.000521231	0.000597123	0.000538186	0.0114929	0.0275492	0.0840661	0.000648527	0.00109791
60	0.0117446	0.000529521	9.78725e-05	0.000185514	0.022419	0.00168366	0.00016505	0.376069	0.000237233	0.266473	0.0258391	0.000168852	0.000269579	0.000213949	0.000202472	0.00113959	0.00930177	0.282222	0.000644842	0.000393274
61	0.0268061	0.00133354	0.000302861	0.000676777	0.462558	0.00245361	0.000608964	0.0273632	0.000604303	0.363216	0.0878665	0.000533979	0.000752374	0.000827899	0.000496562	0.00299171	0.00307663	0.00971245	0.00248108	0.00533738
62	0.143661	0.000569516	0.0161763	0.0441177	0.00235001	0.107648	0.00605156	0.00257285	0.00610819	0.00964724	0.00175862	0.0394751	0.000532029	0.0259829	0.0218139	0.391017	0.161082	0.0171612	0.00090482	0.00137117
63	0.111244	0.00167411	0.000903289	0.00130532	0.25469	0.00387876	0.0310021	0.00673676	0.0164503	0.0245494	0.00677357	0.0158854	0.00127116	0.0190863	0.00153699	0.166845	0.0529661	0.0504797	0.0166503	0.216072
64	0.00358249	0.000620052	0.000291354	0.000557486	0.773777	0.00157391	0.0006061	0.00328558	0.000675719	0.103751	0.0144302	0.000461469	0.000570557	0.000764289	0.000606579	0.0082224	0.00217728	0.00323762	0.00420124	0.0766079
65	0.122851	0.0157267	0.000565067	0.0087954	0.00403124	0.173261	0.0154412	0.00846162	0.267549	0.00627158	0.0037759	0.0534047	0.000920433	0.0503703	0.0953686	0.140265	0.00654763	0.0157685	0.0013863	0.00923849
66	0.018009	0.000226289	8.7307e-05	0.000161677	0.00240535	0.000575912	0.000169559	0.556876	0.000220252	0.0240185	0.00951663	0.000176031	0.000163972	0.000276105	0.000228068	0.00427271	0.00856621	0.371406	0.00026366	0.00238083
67	0.136265	0.00172023	0.0471858	0.066157	0.00666812	0.00703279	0.00991505	0.00776432	0.126994	0.0164306	0.0077492	0.00877682	0.337996	0.0259423	0.0694455	0.056631	0.046221	0.0144976	0.00254378	0.00406358
68	0.0295729	0.00121997	0.0118601	0.00109925	0.0992403	0.00412668	0.0691284	0.017265	0.00130523	0.209551	0.0386421	0.0451225	0.0010727	0.0785028	0.0238492	0.0274228	0.00363041	0.0062715	0.0130188	0.318099
69	0.0615557	0.00843516	0.000813539	0.0449052	0.0268183	0.0034879	0.147545	0.0524152	0.0322366	0.00909015	0.00684215	0.00121958	0.0250132	0.0377543	0.274744	0.0583669	0.0325549	0.102016	0.0015969	0.0725894
70	0.043893	0.00348605	0.00101984	0.0102913	0.0137887	0.00602604	0.176651	0.0199309	0.091866	0.0160648	0.0468205	0.00131818	0.13614	0.0680022	0.134073	0.0386909	0.0368363	0.0280182	0.00242765	0.124656
71	0.0260181	0.00473343	0.000152612	0.00390867	0.00120082	0.0274698	0.0133507	0.00292446	0.462047	0.0100495	0.0121776	0.0232012	0.000253451	0.0267155	0.340302	0.0171002	0.017075	0.0046359	0.00311501	0.00356909
72	0.0445569	0.00393894	0.000141951	0.000260446	0.0157181	0.00157965	0.000274299	0.392131	0.000311567	0.0785006	0.0111649	0.000211394	0.00138785	0.000373691	0.000263205	0.00354454	0.00901443	0.434877	0.000340164	0.00140926
73	0.018694	0.00136658	0.000530977	0.000586291	0.0329086	0.0028303	0.000680818	0.0703683	0.00254827	0.708611	0.0959011	0.000483912	0.00068828	0.00111216	0.000632951	0.00370596	0.00837084	0.042817	0.00305673	0.00410581
74	0.0220437	0.00239009	0.00174993	0.00434576	0.102442	0.00871078	0.00201065	0.0842525	0.0246452	0.340477	0.039831	0.0332997	0.00195576	0.0029243	0.00194263	0.0684888	0.0745708	0.146541	0.00274536	0.0346337
75	0.0304747	0.00456352	0.000497453	0.000662964	0.205427	0.0137119	0.000633923	0.0832762	0.000893397	0.102674	0.00631077	0.000571137	0.00076905	0.000779353	0.000743407	0.00244981	0.00579082	0.0753245	0.145052	0.319394
76	0.165205	0.0117279	0.00068877	0.00141725	0.0062752	0.711013	0.00115344	0.00594729	0.0015414	0.00937138	0.00370012	0.00255687	0.00141247	0.00145912	0.000967087	0.0400395	0.00775246	0.0228185	0.0015362	0.00341672
77	0.0180892	0.000276937	8.55941e-05	0.000163023	0.00274491	0.000591505	0.000170217	0.554451	0.000220233	0.0246576	0.00950314	0.00017573	0.000177905	0.000275524	0.000227465	0.00424825	0.00858515	0.372724	0.000263555	0.00236909
78	0.0392288	0.00104285	0.000249682	0.000359501	0.0511493	0.00576432	0.00138688	0.291434	0.000251765	0.322669	0.0247549	0.000342762	0.00019681	0.00030273	0.000239964	0.00190027	0.0116153	0.228992	0.0122352	0.0058839
79	0.214548	0.0238818	0.000526888	0.000920784	0.0109943	0.307893	0.000609304	0.0179563	0.000813841	0.0553015	0.00929342	0.00118694	0.00241346	0.000977472	0.000768832	0.172308	0.0997585	0.0763024	0.000662601	0.00288354
80	0.64436	0.00212629	0.000395421	0.000439144	0.00837541	0.0868705	0.000363344	0.0119961	0.000483691	0.00537137	0.00766304	0.000420379	0.000687307	0.000841776	0.0004811	0.181955	0.0186409	0.0266102	0.000840561	0.00107818
81	0.0125362	0.000236593	7.43353e-05	0.000129594	0.0329702	0.0023556	0.000138022	0.350628	0.000182886	0.320773	0.0221473	0.000115414	0.000160351	0.000179688	0.000150669	0.000661176	0.00342814	0.251859	0.000992836	0.000281202
82	0.0591083	0.00979691	0.000196415	0.00029095	0.024861	0.0025809	0.000317866	0.252368	0.000352388	0.154227	0.00288117	0.000257768	0.00327829	0.000400872	0.000354337	0.00126976	0.00604483	0.480279	0.000399567	0.000734334
83	0.0279975	0.000738201	0.000294007	0.000487067	0.471856	0.00128828	0.000430802	0.0241028	0.00058086	0.374589	0.0841712	0.000402848	0.000373943	0.000535168	0.000386555	0.00165213	0.00177602	0.00682048	0.000537909	0.000979098
84	0.030891	0.00488153	0.00429375	0.00914877	0.0149475	0.016708	0.0151618	0.0174096	0.137974	0.0317571	0.0189601	0.0099138	0.00430699	0.0194477	0.55871	0.0208771	0.0186224	0.0464942	0.00516726	0.0143277
85	0.358869	0.00124032	0.000379337	0.000590006	0.0279133	0.209727	0.000575865	0.0653781	0.000653362	0.119239	0.00186378	0.000397196	0.000592637	0.000811654	0.000579421	0.0218613	0.0818054	0.104254	0.0012104	0.00205946
86	0.0545487	0.00111914	0.000500777	0.000809979	0.00650753	0.0977266	0.000810448	0.393787	0.000717134	0.175597	0.0136367	0.000620814	0.00838919	0.000916059	0.000849472	0.00299416	0.0241819	0.211282	0.00209349	0.00291197
87	0.0272941	0.00130281	0.000329658	0.000575761	0.470377	0.00146724	0.000460052	0.0234474	0.000583621	0.370039	0.0901767	0.000443173	0.00040216	0.000587438	0.000434594	0.00176889	0.00185256	0.00682332	0.000562167	0.00107248
88	0.0211566	0.00111978	9.6523e-05	0.00023118	0.014518	0.00149674	0.000205174	0.455042	0.000289104	0.0998904	0.019341	0.000181565	0.000506239	0.00027094	0.000223229	0.0034343	0.0120209	0.3681	0.000388394	0.00148864
89	0.208762	0.00377333	0.000196731	0.000293887	0.0760873	0.0755468	0.00217644	0.101054	0.00188099	0.232565	0.0128284	0.000218705	0.000428087	0.000847092	0.0010493	0.0370066	0.0260997	0.133946	0.0468672	0.0383725
90	0.183713	0.00699341	0.0001193	0.000251801	0.0669632	0.111537	0.000234554	0.141243	0.000428043	0.20093	0.0132394	0.000211064	0.000596898	0.000587813	0.000206855	0.0178342	0.0270352	0.221233	0.00340774	0.00323525
91	0.165548	0.0119173	0.000517991	0.00131678	0.00593016	0.714601	0.00131692	0.00606437	0.00134244	0.00957369	0.00293423	0.00176489	0.00107747	0.00141858	0.000954487	0.0392057	0.0074633	0.0227652	0.00121715	0.00306985
92	0.237958	0.00567358	0.00068675	0.00115959	0.00677378	0.00316551	0.00134983	0.152569	0.00152677	0.0886306	0.00871919	0.00111527	0.00120267	0.00165268	0.00133397	0.0964601	0.111921	0.247951	0.00158585	0.0285647
93	0.270189	0.00161817	0.000821976	0.102805	0.0193315	0.0854774	0.0013903	0.0194912	0.017233	0.0229122	0.0496566	0.00103269	0.0227462	0.0161732	0.00126646	0.101487	0.11954	0.10139	0.0177156	0.0277225
94	0.0613856	0.00800859	0.000186773	0.000371257	0.0394405	0.00506137	0.000823806	0.133532	0.000847073	0.527197	0.106889	0.000944895	0.000316184	0.000334317	0.000313572	0.00859646	0.0117366	0.0914866	0.00114052	0.00138738
95	0.0124955	0.000227782	7.41709e-05	0.000129485	0.0327315	0.00233482	0.000138051	0.351264	0.000184809	0.319808	0.0222181	0.000117777	0.000162464	0.000176341	0.000145413	0.000663363	0.00354413	0.252304	0.00098353	0.00029671
96	0.159416	0.000544097	0.0684568	0.19065	0.00202527	0.0204103	0.0495032	0.00231613	0.0500745	0.0137943	0.0155617	0.128033	0.000700044	0.123642	0.0205777	0.105674	0.0401402	0.0070493	0.00051895	0.000911847
97	0.0901358	0.00300599	0.00150752	0.00264742	0.108767	0.0816373	0.001773	0.036992	0.00285323	0.0493654	0.0356874	0.00240173	0.0747068	0.00416486	0.0282814	0.0083069	0.0102978	0.014349	0.393393	0.0497264
98	0.0120532	0.000399791	0.000176158	0.000302026	0.00949922	0.000934416	0.000232381	0.413965	0.000394091	0.150342	0.0526796	0.000250588	0.000314068	0.000347803	0.000311529	0.00313301	0.0335934	0.319871	0.000387103	0.000813912
99	0.0426889	0.00163798	0.000980121	0.00945998	0.0926073	0.01739	0.00231383	0.0937549	0.00244571	0.457597	0.0811289	0.00301487	0.00192053	0.00499924	0.00098395	0.0195886	0.0413996	0.0919316	0.00682667	0.0273302
100	0.0444955	0.000581629	0.00031456	0.00110448	0.186604	0.0263766	0.0012263	0.086457	0.000941439	0.302363	0.0697528	0.000600973	0.0102008	0.00470345	0.000683594	0.0159023	0.0159665	0.060446	0.0930964	0.0781826
101	0.0563134	0.00951266	0.000178518	0.000270161	0.0251126	0.00247956	0.000296435	0.257926	0.000372545	0.161109	0.00319642	0.000247348	0.00345124	0.000399249	0.00035172	0.00123538	0.00584942	0.47058	0.00038905	0.000728826
102	0.0153156	0.000668655	0.000290304	0.000734492	0.640693	0.0027486	0.00120669	0.0157841	0.00123729	0.215713	0.0412785	0.000573961	0.000834004	0.00119664	0.000740312	0.00567327	0.00271442	0.00871721	0.00346008	0.0404199
103	0.205025	0.0131679	0.000272863	0.000654315	0.00382209	0.690241	0.000489448	0.00281884	0.000575907	0.00418174	0.00233706	0.0018049	0.000534023	0.000700106	0.000590922	0.0412237	0.00589098	0.022534	0.000819535	0.00231577
104	0.300483	0.011578	0.000112691	0.000254919	0.027514	0.164715	0.000327996	0.102693	0.000358931	0.197181	0.00744351	0.000194874	0.000189432	0.000336129	0.000226729	0.0235326	0.0042335	0.151572	0.00311354	0.00393873
105	0.0150082	0.000657595	0.000120159	0.000199742	0.0759356	0.00291715	0.00030829	0.323264	0.000237722	0.322725	0.0249803	0.000211585	0.00031146	0.000981893	0.000212011	0.00142809	0.00543187	0.22134	0.00143994	0.00228947
106	0.0264151	0.0023379	0.000275271	0.000514258	0.037188	0.00685298	0.000679553	0.272149	0.000862986	0.383581	0.0422007	0.000403033	0.000473779	0.000990726	0.00043437	0.00500161	0.00944203	0.204744	0.00322056	0.00223238
107	0.0124854	0.000229549	7.42636e-05	0.000129612	0.032837	0.00234251	0.000137684	0.350798	0.000179948	0.320868	0.0220054	0.000113897	0.000161773	0.000176886	0.000147378	0.000659107	0.00336258	0.252024	0.000984903	0.000281468
108	0.0357898	0.00194932	0.000466712	0.000497707	0.240321	0.00328734	0.000516527	0.0997433	0.00082907	0.110701	0.00774292	0.000504228	0.00105537	0.000772848	0.000630113	0.00245195	0.00305847	0.0929399	0.0721172	0.324625
109	0.12222	0.00407478	0.00987414	0.026922	0.00499254	0.0800336	0.00385041	0.00379169	0.00397805	0.00754488	0.00316015	0.0241324	0.000628153	0.0201367	0.0135497	0.371839	0.267012	0.0243408	0.00227618	0.00564293
110	0.41086	0.0183397	0.000343707	0.000487339	0.0069419	0.402304	0.000467586	0.00557661	0.000524317	0.00419597	0.00451175	0.00245802	0.000979732	0.00056295	0.00053083	0.09746	0.013261	0.0267433	0.000835185	0.00261565
111	0.0244381	0.0100315	0.000626094	0.000997983	0.0644276	0.0293918	0.00903815	0.298961	0.00119785	0.0520988	0.011789	0.00091806	0.000745129	0.000969094	0.000804645	0.0121038	0.00427781	0.342983	0.0300675	0.104134
112	0.0260181	0.00473343	0.000152612	0.00390867	0.00120082	0.0274698	0.0133507	0.00292446	0.462047	0.0100495	0.0121776	0.0232012	0.000253451	0.0267155	0.340302	0.0171002	0.017075	0.0046359	0.00311501	0.00356909
113	0.0750163	0.00800688	0.000386691	0.000876642	0.0368438	0.00260753	0.00066047	0.185352	0.000708497	0.306928	0.248971	0.00411922	0.000716508	0.000775017	0.000608015	0.0141043	0.0314501	0.0791107	0.000908683	0.00185028
114	0.0532839	0.000650993	0.000315123	0.00118559	0.189673	0.0269272	0.000999746	0.090567	0.000739582	0.325276	0.0915859	0.000460409	0.0100388	0.00565703	0.00066135	0.0160692	0.013038	0.0545092	0.102489	0.0158737
115	0.0414139	0.00156805	0.0126023	0.0126857	0.0638482	0.00498137	0.00207629	0.247792	0.00190997	0.200817	0.0434951	0.0128122	0.000872136	0.00160295	0.00147053	0.00599794	0.0319422	0.216792	0.00728541	0.0880346
116	0.0260181	0.00473343	0.000152612	0.00390867	0.00120082	0.0274698	0.0133507	0.00292446	0.462047	0.0100495	0.0121776	0.0232012	0.000253451	0.0267155	0.340302	0.0171002	0.017075	0.0046359	0.00311501	0.00356909
117	0.0461205	0.000727912	0.000298869	0.0014348	0.212906	0.0318824	0.000871455	0.0882988	0.000734956	0.264049	0.0952677	0.000397567	0.00800949	0.00968027	0.00274948	0.0156039	0.0134258	0.0526722	0.138697	0.016172
118	0.10004	0.0127319	0.000218182	0.000401789	0.0467799	0.00532657	0.000427743	0.166488	0.000319526	0.299849	0.139777	0.00158316	0.000248742	0.0004865	0.000357883	0.0125441	0.0381688	0.172324	0.000881581	0.00104505
119	0.0435794	0.0108763	0.000270434	0.0119376	0.00188825	0.0854898	0.0146401	0.00712417	0.393604	0.00721241	0.00743268	0.0327862	0.000466664	0.0362317	0.240817	0.0721483	0.0135208	0.00728423	0.00191261	0.0107775
120	0.148748	0.0100223	0.00018584	0.000394152	0.137047	0.0599512	0.000608551	0.137061	0.000713696	0.192251	0.0315262	0.00035691	0.00477784	0.00158313	0.00051786	0.0126467	0.0164616	0.23966	0.00316303	0.00232417
121	0.0801755	0.0134957	0.00293017	0.00840816	0.0138917	0.0634805	0.00199686	0.0107767	0.00289518	0.0155741	0.00816946	0.00627839	0.00276806	0.00702808	0.00383132	0.284452	0.410194	0.0409428	0.00631433	0.0163966
122	0.0501561	0.00828299	0.00439428	0.00809965	0.0302932	0.0198252	0.00944975	0.102776	0.00946108	0.117181	0.0257745	0.00522098	0.195244	0.0778049	0.0104185	0.158837	0.029423	0.111712	0.00813271	0.0175148
123	0.0284792	0.00171952	0.000384745	0.00183121	0.0472081	0.00388704	0.000478376	0.0614475	0.0019205	0.66589	0.110404	0.000688768	0.000976567	0.000932874	0.000708617	0.0047338	0.015528	0.0427365	0.0043785	0.00566619
124	0.0282495	0.000714963	0.000294115	0.000508591	0.474528	0.00126795	0.000402164	0.024551	0.000567956	0.373505	0.0820416	0.000391351	0.00039206	0.000543679	0.000386774	0.0016113	0.0017797	0.0068279	0.000507912	0.000928334
125	0.070849	0.0174229	0.000152259	0.00024504	0.0560892	0.0107334	0.000958359	0.14221	0.000322275	0.411371	0.0984304	0.000320511	0.000209341	0.000314648	0.00022701	0.0129267	0.00949221	0.166633	0.000487862	0.000604973
126	0.443505	0.04877	0.00112259	0.00225335	0.009941	0.00805705	0.00260001	0.100229	0.00299297	0.02788	0.00790034	0.00172661	0.0019495	0.00306831	0.00233283	0.0489661	0.116586	0.157219	0.00323522	0.00966531
127	0.0140383	0.000845362	9.37754e-05	0.000186821	0.0262095	0.00215138	0.000209601	0.329826	0.00027423	0.331238	0.0310279	0.000223382	0.00020604	0.000211017	0.000209744	0.0018357	0.00837529	0.251405	0.000815036	0.00061775
128	0.0906471	0.0135017	0.000228733	0.000292064	0.0342947	0.0222312	0.000420379	0.226255	0.00043042	0.17205	0.0189632	0.000242088	0.00185677	0.000401765	0.000314345	0.0090633	0.0266485	0.379386	0.00136205	0.00141037
129	0.099748	0.012867	0.000226867	0.000396343	0.0458831	0.00518524	0.000404277	0.166248	0.00029657	0.2996	0.145829	0.0016178	0.000257047	0.000409232	0.000377373	0.0125768	0.0373443	0.169281	0.000549091	0.000902765
130	0.018009	0.000226289	8.7307e-05	0.000161677	0.00240535	0.000575912	0.000169559	0.556876	0.000220252	0.0240185	0.00951663	0.000176031	0.000163972	0.000276105	0.000228068	0.00427271	0.00856621	0.371406	0.00026366	0.00238083
131	0.218452	0.00420284	0.0106816	0.282497	0.0151321	0.0845656	0.00824843	0.0151838	0.00939621	0.0238134	0.0841893	0.144096	0.00357255	0.0153568	0.0058639	0.0226638	0.0190986	0.0202544	0.00441913	0.00831316
132	0.16399	0.00806062	0.000281081	0.000403035	0.105306	0.0722118	0.000507559	0.140659	0.00567635	0.141306	0.0247139	0.00067982	0.000479307	0.000891472	0.00057965	0.0618838	0.069825	0.198287	0.00194299	0.00231528
133	0.084416	0.0049278	0.00103112	0.00174104	0.0280112	0.00862328	0.00196355	0.0476336	0.00254096	0.011737	0.064016	0.00177323	0.00171026	0.00263136	0.00225585	0.340032	0.325218	0.0580156	0.00347171	0.00825024
134	0.0146495	0.00123225	0.771887	0.049082	0.00465666	0.0104254	0.0114063	0.00463867	0.0120525	0.0066256	0.00318243	0.0626497	0.00141096	0.0117491	0.0010625	0.0194661	0.00367224	0.00648949	0.00143954	0.00222152
135	0.0172984	0.00145951	9.1147e-05	0.000161439	0.0283889	0.00195071	0.000164629	0.338758	0.000220878	0.280583	0.0182863	0.000130458	0.00066984	0.000202862	0.000195718	0.000894029	0.00414339	0.305322	0.000689221	0.000388706
136	0.0133901	0.000317353	0.000123599	0.000202861	0.0178629	0.00106257	0.000257415	0.391737	0.000338897	0.156117	0.0550042	0.000208404	0.000254722	0.000250514	0.000287662	0.00293737	0.0229911	0.335668	0.000362292	0.000626653
137	0.0067943	0.0010746	0.000548429	0.000635863	0.753055	0.00233538	0.000946683	0.00695513	0.000923027	0.112326	0.0192355	0.000547014	0.00084535	0.00108533	0.00102681	0.00938625	0.00348684	0.00677692	0.00421948	0.0677956
138	0.638421	0.0019889	0.000758781	0.00124211	0.00900629	0.0850591	0.000692334	0.0124996	0.000620982	0.00678434	0.00739594	0.000768451	0.000989991	0.00148288	0.000390413	0.185716	0.0191439	0.0252694	0.0006363	0.00113353
139	0.0145788	0.00080919	7.46792e-05	0.000158442	0.0379079	0.00259445	0.000170651	0.33418	0.000202443	0.338679	0.0243126	0.000165764	0.000187931	0.000216718	0.000172173	0.00110199	0.00386878	0.239022	0.00114705	0.000449164
140	0.0144574	0.0012415	0.772536	0.0492634	0.00465825	0.0104552	0.0113869	0.00461121	0.0120311	0.00661552	0.00313912	0.062826	0.00105687	0.0117855	0.0010625	0.0193274	0.00365528	0.00633029	0.00140216	0.00215791
141	0.247732	0.00146961	0.00246302	0.00692127	0.00524005	0.0165711	0.00156278	0.00494701	0.00199344	0.0159858	0.00771558	0.00545387	0.00419201	0.0112886	0.00339147	0.601829	0.0425753	0.0141668	0.00143708	0.00306444
142	0.0186403	0.000219796	8.54116e-05	0.000157213	0.00292737	0.000566187	0.000169149	0.552146	0.00021942	0.0242655	0.0103884	0.000161594	0.000167812	0.000282414	0.000225602	0.00425141	0.00865665	0.373865	0.000267826	0.00233673
143	0.157533	0.00385417	0.014186	0.0286202	0.014778	0.0206625	0.00349362	0.0181264	0.0439097	0.0298541	0.021798	0.00286215	0.444056	0.00551773	0.0227004	0.0449924	0.0673813	0.0382458	0.00776226	0.00966637
144	0.620475	0.00415159	0.00103588	0.00193069	0.0120831	0.0826165	0.0010008	0.0173104	0.00165892	0.014418	0.00944747	0.00146963	0.00227328	0.00208983	0.00119664	0.16754	0.0228811	0.0323839	0.00159743	0.00244048
145	0.0213926	0.000266139	0.000129032	0.000146829	0.00582055	0.00060393	0.000211962	0.532692	0.00027193	0.0256118	0.0120501	0.00016313	0.000197622	0.000271459	0.000219731	0.00596625	0.00962764	0.381835	0.000327067	0.00219581
146	0.028435	0.000717089	0.000296845	0.000550207	0.470664	0.00141241	0.000431815	0.0261412	0.000588615	0.37352	0.0817036	0.000397004	0.000493899	0.000563112	0.000385586	0.00186458	0.00200821	0.00758038	0.000955736	0.00129038
147	0.645347	0.00234674	0.000332945	0.000439817	0.00752886	0.0965141	0.00035408	0.0109461	0.00045122	0.00472612	0.00571377	0.000443776	0.000581377	0.000890455	0.000348714	0.183054	0.0159869	0.0227189	0.000506416	0.000768602
148	0.0177406	0.00020881	8.95133e-05	0.000167627	0.00248128	0.000550864	0.000167574	0.554324	0.000228818	0.0263268	0.0102435	0.00017879	0.000165462	0.000278618	0.000228335	0.00420445	0.00894579	0.370739	0.00025494	0.00247586
149	0.0837671	0.0109481	0.00112764	0.00203739	0.0113705	0.018437	0.000992325	0.00761428	0.00120075	0.00688713	0.00913652	0.00170353	0.00135309	0.00456275	0.00154423	0.414265	0.369897	0.0315474	0.00601997	0.0155886
150	0.029541	0.0010143	0.048415	0.0494914	0.00276742	0.0085781	0.0681798	0.00339864	0.186026	0.0347683	0.00238157	0.0497809	0.0197988	0.198109	0.12846	0.108692	0.0471102	0.0108021	0.00107342	0.00161253
151	0.0143725	0.00125723	0.770262	0.0500065	0.00459721	0.010432	0.0115859	0.00466489	0.0121974	0.00655156	0.00311541	0.0637253	0.00101395	0.0120005	0.00105063	0.0194892	0.00369732	0.0064296	0.00138702	0.002164
152	0.138177	0.00174674	0.00266215	0.0381664	0.00896012	0.0322135	0.00130211	0.00922449	0.0238969	0.0269717	0.0401264	0.00107061	0.349708	0.00510357	0.0042242	0.0560391	0.168065	0.0792914	0.00445802	0.00859215
153	0.00358249	0.000620052	0.000291354	0.000557486	0.773777	0.00157391	0.0006061	0.00328558	0.000675719	0.103751	0.0144302	0.000461469	0.000570557	0.000764289	0.000606579	0.0082224	0.00217728	0.00323762	0.00420124	0.0766079
154	0.0117907	0.000291968	8.26431e-05	0.000161843	0.0281621	0.00198548	0.000146136	0.362946	0.000195684	0.303076	0.0229685	0.000129327	0.000188991	0.000185987	0.000148877	0.000848491	0.00637979	0.259114	0.000870679	0.000327229
155	0.0472501	0.00561154	0.000220429	0.000303419	0.0205438	0.00462971	0.000335367	0.334829	0.000365168	0.123219	0.0117288	0.000266745	0.00213101	0.000446153	0.000306383	0.00262476	0.00993727	0.432987	0.000837457	0.00142658
156	0.032534	0.001963	0.000457483	0.000507506	0.243174	0.00399769	0.00073988	0.0975823	0.000900283	0.117811	0.00940758	0.000532031	0.0014749	0.000741521	0.000589614	0.00304984	0.0037734	0.0870688	0.0725797	0.321115
157	0.048646	0.0159346	0.000569864	0.000945467	0.01433	0.0226266	0.000778977	0.00702744	0.00124678	0.00515469	0.0073224	0.000586186	0.000866313	0.00298679	0.000774657	0.324107	0.475309	0.040453	0.00804934	0.022285
158	0.623561	0.0018676	0.000381115	0.000377074	0.00828794	0.0838746	0.00034022	0.0100285	0.000451298	0.00535091	0.00809037	0.000322191	0.00109613	0.00169386	0.000359494	0.208626	0.0213427	0.0225779	0.000535917	0.000835322
159	0.0426302	0.00621053	0.00348623	0.00838339	0.0246308	0.0182188	0.00549982	0.0261617	0.00712181	0.0359802	0.0814622	0.514227	0.00501702	0.00809333	0.00584447	0.0214423	0.133862	0.0304862	0.00731937	0.013922
160	0.0194546	0.000305867	0.000164351	0.000264945	0.0141128	0.00082794	0.00020272	0.447014	0.000322875	0.082042	0.0443512	0.000158687	0.000228157	0.000283875	0.000235454	0.00385947	0.0199131	0.364769	0.000312998	0.0011764
161	0.0366964	0.139602	0.00281616	0.00514351	0.180661	0.0143301	0.00414693	0.0364149	0.00630273	0.165542	0.294933	0.00448881	0.00330757	0.00756398	0.00584363	0.0182396	0.0200621	0.0329592	0.00857367	0.0123731
162	0.636622	0.00260907	0.000371484	0.000443248	0.00889949	0.0977575	0.000359665	0.012391	0.000489564	0.00810034	0.00729484	0.00046027	0.000671381	0.000847984	0.000406969	0.174433	0.0200932	0.0262324	0.0005485	0.00096774
163	0.017104	0.000388504	9.21457e-05	0.000172632	0.00492877	0.000645616	0.000168322	0.5299	0.000226775	0.0405284	0.0148771	0.000186098	0.000188692	0.000281492	0.000211726	0.00395921	0.0117627	0.372008	0.000272072	0.00209789
164	0.0111985	0.000551103	0.000347709	0.00041545	0.023546	0.00136613	0.000418949	0.0557102	0.00469335	0.713509	0.145605	0.000416902	0.000420965	0.00057845	0.000494705	0.00178477	0.00620775	0.0279812	0.00227022	0.00248417
165	0.17136	0.0141892	0.000603922	0.00120534	0.00613299	0.676876	0.000883217	0.00540039	0.00136146	0.010442	0.00426531	0.00296899	0.00104887	0.00159165	0.00119511	0.0593469	0.0123148	0.0236767	0.00123096	0.00390553
166	0.0168169	0.000950463	0.000340878	0.000835144	0.0399566	0.00233123	0.000574539	0.058389	0.00333394	0.709936	0.114634	0.000433432	0.00061421	0.000666217	0.000448157	0.00275621	0.00748775	0.0332283	0.00297975	0.00328716
167	0.0375098	0.00564642	0.00499962	0.0128648	0.0256927	0.0146311	0.0301468	0.0304986	0.0462439	0.0354442	0.0203967	0.00562113	0.00700034	0.0171497	0.543275	0.0252734	0.0218593	0.0857244	0.00758715	0.0224355
168	0.335694	0.0006916	0.000506091	0.000514385	0.00300445	0.00642963	0.000597292	0.00332765	0.000743931	0.0138763	0.00677009	0.000462854	0.00678033	0.0133473	0.000711149	0.576018	0.0188864	0.00921554	0.000929737	0.00149316
169	0.0118868	0.00188012	0.000557439	0.000757325	0.0193301	0.00253295	0.00104977	0.0495106	0.0119057	0.649192	0.208192	0.000910345	0.000837788	0.0014749	0.000822959	0.00326336	0.00637381	0.0240256	0.00243584	0.00306044
170	0.00421734	0.000777156	0.00044122	0.000655411	0.289094	0.00230572	0.00260704	0.00288168	0.000767603	0.0158974	0.00315941	0.000568249	0.000598776	0.000908685	0.000704174	0.00308015	0.00246799	0.00416565	0.0149659	0.649736
171	0.103884	0.00492643	0.00245731	0.00912839	0.230085	0.0184294	0.00904446	0.0368579	0.0100854	0.0686889	0.072232	0.00672136	0.00560082	0.0562203	0.00732742	0.041721	0.125251	0.089867	0.0142681	0.0872035
172	0.0696791	0.0178738	0.000154318	0.000305982	0.056978	0.0105919	0.000978411	0.140343	0.000340427	0.414474	0.100418	0.000393381	0.000241133	0.00031722	0.000246779	0.0132357	0.00888275	0.163308	0.000546179	0.000692246
173	0.0452173	0.00585669	0.00019435	0.000274922	0.0398198	0.00503247	0.000614482	0.270036	0.000400228	0.221063	0.0188482	0.000251338	0.00155734	0.000471854	0.000328655	0.00315519	0.00917755	0.374106	0.00193416	0.00166029
174	0.163282	0.000618484	0.0178605	0.0479026	0.00249083	0.0973325	0.00544854	0.00290538	0.00529352	0.00928817	0.00208293	0.039479	0.000553756	0.0244735	0.0205511	0.398479	0.137789	0.0216319	0.000963585	0.00157338
175	0.164858	0.000612959	0.0742262	0.165279	0.00241688	0.0355419	0.0524909	0.00276463	0.0501619	0.0132023	0.0145405	0.141945	0.000959728	0.113029	0.0201433	0.0984829	0.0380803	0.00936698	0.000674355	0.00122417
176	0.0837229	0.00922631	0.000257872	0.000437318	0.0330467	0.00202145	0.000444169	0.186937	0.000516827	0.290502	0.253831	0.00514018	0.000445391	0.000540855	0.000511535	0.0120173	0.0285261	0.0903212	0.000543055	0.00101065
177	0.011587	0.0023043	0.0386779	0.021097	0.00785212	0.00569496	0.00162631	0.028186	0.221194	0.162384	0.0850809	0.00200382	0.00204229	0.021375	0.298406	0.0263131	0.00720998	0.0107002	0.0019044	0.0443603
178	0.0303091	0.00238449	0.000326583	0.000974545	0.197675	0.00727473	0.00122072	0.13324	0.00147667	0.431996	0.0635321	0.00101445	0.00140128	0.00282785	0.000802702	0.00598074	0.0105711	0.0889493	0.0102334	0.00780935
179	0.0732339	0.010201	0.000503196	0.0460756	0.020863	0.00272752	0.163742	0.0613384	0.0375917	0.00597272	0.00598676	0.000827328	0.0283495	0.024445	0.224862	0.0695752	0.037977	0.10818	0.00123192	0.0763159
180	0.0110289	0.0014875	0.00211894	0.00132216	0.212544	0.0171498	0.0782729	0.00814155	0.00162326	0.139493	0.0230911	0.00650598	0.00125759	0.0107097	0.00377518	0.0207394	0.00541473	0.00767061	0.00476321	0.44289
181	0.0188351	0.00159777	0.000258605	0.000409806	0.0285117	0.00348158	0.000291341	0.334736	0.000591299	0.311583	0.0441261	0.000406505	0.000283677	0.000401958	0.000203365	0.00250027	0.0119702	0.236877	0.00114911	0.00178594
182	0.0351273	0.000974393	0.0496636	0.0554279	0.002799	0.00986956	0.0702788	0.00330786	0.17908	0.0327973	0.0030367	0.0546724	0.0194915	0.193382	0.124106	0.108011	0.0449263	0.0104788	0.00101568	0.0015529
183	0.0276628	0.00166724	0.00099228	0.0188759	0.0573057	0.00455008	0.0905636	0.0580318	0.112803	0.103087	0.00640729	0.00166562	0.0381998	0.0218237	0.0211685	0.00654643	0.107657	0.0765753	0.0022388	0.242178
184	0.557436	0.00958937	0.00029729	0.000690527	0.0104069	0.12705	0.000478797	0.0113243	0.000584599	0.0154892	0.00940759	0.00108738	0.00176426	0.00118386	0.000502114	0.180382	0.0395171	0.0304751	0.000611698	0.00172232
185	0.0500472	0.00468628	0.000615789	0.00114152	0.0387009	0.0141388	0.00102779	0.296983	0.00085281	0.205998	0.0384876	0.000814357	0.000938021	0.00123646	0.00058686	0.0206325	0.0252827	0.290255	0.00213019	0.00544457
