293	20
1	0.0448048	0.0311843	0.00731596	0.0299173	0.215323	0.0116567	0.0498857	0.00936218	0.00671945	0.0122498	0.00531137	0.02148	0.046848	0.011498	0.00661765	0.0857702	0.0135873	0.0187546	0.00355175	0.368162
2	0.00816349	0.0068677	0.000903833	0.00389325	0.00712544	0.000846734	0.0022134	0.483863	0.00321853	0.0938307	0.0157985	0.00234237	0.00192717	0.00351047	0.00211234	0.0122514	0.0149947	0.332533	0.000388656	0.00321596
3	0.0854087	0.0176361	0.00822798	0.012874	0.0100762	0.684317	0.00541338	0.00579581	0.00937946	0.00621017	0.0034287	0.0224781	0.00689793	0.0113635	0.0229526	0.0654795	0.0124199	0.00611235	0.000750148	0.00277834
4	0.0237289	0.010312	0.00636681	0.00837147	0.122455	0.00614163	0.0056508	0.255671	0.012945	0.138962	0.0451883	0.00575091	0.00711455	0.0136015	0.00605749	0.0203112	0.0257313	0.249032	0.00629191	0.0303161
5	0.258757	0.0451374	0.0240493	0.0363391	0.0148083	0.024775	0.0470454	0.0155628	0.029603	0.0196906	0.00970314	0.0403201	0.039114	0.0374813	0.0261192	0.231437	0.0605504	0.023155	0.00259345	0.0137586
6	0.073222	0.019589	0.0504294	0.0377186	0.00786351	0.0259148	0.0199508	0.0220168	0.0194356	0.0400908	0.010194	0.168235	0.0160243	0.0443893	0.0195501	0.187131	0.204881	0.01903	0.000972249	0.0133617
7	0.0143378	0.00424926	0.00524875	0.00828406	0.0377091	0.00774739	0.00790862	0.143613	0.0123661	0.514428	0.067655	0.00778776	0.00588327	0.0171837	0.0136654	0.0115045	0.0149953	0.0929304	0.00339583	0.00910669
8	0.101057	0.011639	0.0135083	0.0394644	0.0116488	0.0218234	0.0177063	0.0116782	0.0223395	0.0303514	0.0112612	0.017535	0.432281	0.0355436	0.0250847	0.115773	0.0311628	0.0348064	0.00147032	0.0138653
9	0.0119984	0.00238972	0.162546	0.0304359	0.0210014	0.0164783	0.0674373	0.00514448	0.0195583	0.00709747	0.00347877	0.423967	0.015475	0.0126391	0.0176791	0.116692	0.0233881	0.0128524	0.00109673	0.0286452
10	0.0410011	0.0091556	0.0270891	0.0619754	0.0141403	0.0108608	0.0624133	0.0444456	0.0919601	0.130957	0.0688824	0.0232185	0.00831904	0.192885	0.0859398	0.0430438	0.0312146	0.0376743	0.00416921	0.0106547
11	0.0334127	0.0061154	0.00888385	0.0155156	0.0199882	0.0029556	0.00520525	0.161226	0.0293175	0.270639	0.0933863	0.00684182	0.00506386	0.0779221	0.0427233	0.0308562	0.0249332	0.140214	0.0176555	0.00714431
12	0.00839954	0.00911844	0.0227435	0.0405413	0.0432034	0.0070425	0.335558	0.00686197	0.0241177	0.0111993	0.00463678	0.216872	0.00362217	0.0592635	0.0217566	0.0433555	0.010967	0.00812311	0.00159233	0.121025
13	0.0173339	0.00181587	0.00646413	0.0176787	0.000821998	0.00349012	0.0253397	0.0139417	0.368322	0.0135429	0.00671485	0.0213019	0.0091833	0.061684	0.371962	0.0265064	0.0177082	0.0101429	0.00411494	0.00193134
14	0.0345389	0.00837427	0.0145892	0.0300344	0.016642	0.0088545	0.022567	0.142735	0.190375	0.0687181	0.0322674	0.0222256	0.011935	0.0592917	0.143726	0.0390361	0.0465079	0.0913805	0.00496668	0.0112338
15	0.0967066	0.0175707	0.0114829	0.017825	0.123978	0.0140308	0.0236061	0.0431528	0.0131107	0.0572769	0.0129301	0.0147137	0.011115	0.0158949	0.0101133	0.142901	0.115969	0.10529	0.015254	0.137079
16	0.159589	0.00758001	0.0187925	0.0328598	0.00860381	0.00480526	0.00443082	0.152673	0.0101745	0.0978101	0.0517607	0.0064997	0.00542816	0.0125048	0.00822477	0.0495016	0.0616397	0.299221	0.00150874	0.00639194
17	0.0107435	0.00130723	0.00283191	0.009809	0.000864952	0.0017263	0.0201391	0.0134478	0.413544	0.00668389	0.00334253	0.0179961	0.00782759	0.0410359	0.396033	0.0217275	0.0154433	0.00868225	0.00524737	0.00156683
18	0.012903	0.00121354	0.00424288	0.0127638	0.000820139	0.00259849	0.0233071	0.0130747	0.408508	0.0102642	0.0051175	0.0219263	0.00845803	0.0531638	0.365724	0.0273748	0.0145743	0.00813969	0.0044704	0.00135497
19	0.0856015	0.0182881	0.00591252	0.00917789	0.00983913	0.705411	0.00515448	0.00565918	0.00754254	0.00897432	0.0033578	0.01917	0.00567109	0.00792025	0.0218608	0.0625771	0.00886727	0.00601746	0.000593279	0.00240463
20	0.125219	0.0274192	0.012009	0.0206804	0.207384	0.0121124	0.0155531	0.0616383	0.01749	0.10798	0.0557975	0.0118869	0.0109301	0.0180438	0.010137	0.0436675	0.0341003	0.125835	0.00914751	0.0729685
21	0.0819837	0.00395421	0.199371	0.31976	0.00160667	0.0238648	0.0199911	0.00744177	0.0457306	0.00905643	0.00179565	0.0427371	0.00396892	0.0848522	0.036234	0.0726477	0.0295113	0.0106006	0.000286248	0.0046061
22	0.0257444	0.0140225	0.012279	0.0183681	0.378418	0.0211788	0.0188436	0.0377063	0.0134582	0.100394	0.0434265	0.0135374	0.0114066	0.0109721	0.0068247	0.0344593	0.0139666	0.0456692	0.00620621	0.173118
23	0.0600637	0.0244105	0.027833	0.0306996	0.00457033	0.0162474	0.0180296	0.0355219	0.0237156	0.0255479	0.0149137	0.113831	0.00551728	0.037185	0.0200744	0.14461	0.357509	0.0275597	0.00116106	0.0109994
24	0.00672767	0.00183842	0.000983223	0.00143486	0.0193008	0.00629013	0.00173847	0.171856	0.00148025	0.592997	0.0659775	0.00162182	0.00317844	0.0031135	0.00157927	0.00242601	0.0106565	0.103577	0.00197168	0.00125044
25	0.0179164	0.00463481	0.00337952	0.0063128	0.0403853	0.00579101	0.00301463	0.169819	0.0117104	0.445116	0.0874383	0.00482329	0.00490221	0.0216355	0.00920928	0.0103427	0.0211206	0.119213	0.00399819	0.0092368
26	0.0174326	0.00653759	0.00192345	0.00537051	0.0151994	0.00236082	0.00280779	0.341813	0.00653088	0.185712	0.0317658	0.00404467	0.00409988	0.00847718	0.00474155	0.0124619	0.0213178	0.320764	0.00133949	0.00530044
27	0.0275583	0.00165655	0.33174	0.441669	0.000942353	0.0229986	0.0178545	0.00225887	0.0127689	0.00865279	0.00325215	0.0265334	0.0104622	0.0382591	0.0211378	0.0172737	0.00521752	0.00782395	0.000305986	0.00163476
28	0.0815764	0.0521687	0.014575	0.0196047	0.00255913	0.0135049	0.00570694	0.0285115	0.00761074	0.0111246	0.0160477	0.0575687	0.00217587	0.0160011	0.00595482	0.18639	0.44327	0.0290864	0.000705879	0.0058567
29	0.0880286	0.0195708	0.00991644	0.0143549	0.00960247	0.693538	0.00574776	0.00467637	0.00596556	0.00497774	0.00279544	0.0195634	0.0035232	0.0094913	0.0207902	0.0656111	0.0116995	0.0068298	0.000556559	0.00276103
30	0.0124382	0.00326795	0.00360409	0.00529242	0.0475888	0.0184986	0.007977	0.137583	0.00626356	0.519345	0.0817843	0.0102885	0.00450302	0.0103826	0.0050212	0.0121198	0.0199653	0.0795904	0.00301214	0.0114743
31	0.0805183	0.0283589	0.0201846	0.0319881	0.012392	0.40007	0.0143514	0.0158477	0.0201284	0.0172064	0.00811995	0.0427382	0.0134444	0.0264346	0.0221575	0.10934	0.106456	0.0194673	0.00185991	0.00893544
32	0.0439185	0.0126929	0.024243	0.0473984	0.00639695	0.0179541	0.0345128	0.0199716	0.25416	0.0297	0.0126974	0.0338891	0.0169813	0.0867591	0.195371	0.0873394	0.0417274	0.0220085	0.00367384	0.00860536
33	0.0721877	0.0450557	0.0168645	0.0266557	0.00656562	0.0206286	0.0141554	0.0321173	0.0211433	0.019753	0.0147805	0.0668026	0.017221	0.0327331	0.0148593	0.209337	0.326103	0.0307544	0.00174921	0.0105335
34	0.0723093	0.0381798	0.0191678	0.0320065	0.00974676	0.0164555	0.0126469	0.0514343	0.0270796	0.0301628	0.0192183	0.0575053	0.0127434	0.0333083	0.0229743	0.136223	0.344984	0.0497837	0.00194476	0.012126
35	0.0160731	0.00637835	0.00454573	0.00618342	0.165546	0.00744519	0.00452966	0.122553	0.0101291	0.398364	0.0831323	0.00343496	0.0038619	0.00923443	0.00377296	0.0109541	0.012611	0.0884794	0.00513872	0.0376323
36	0.0014321	0.00644064	0.000521366	0.00271288	0.00472135	0.000467141	0.00191049	0.537337	0.000745883	0.0737217	0.00818021	0.000713682	0.000530514	0.000832037	0.0005953	0.0122024	0.0100145	0.334748	0.00015155	0.00202128
37	0.0277147	0.0139475	0.101437	0.0853147	0.00543246	0.0208563	0.0704588	0.00873691	0.0812644	0.0123718	0.00664217	0.244295	0.00789899	0.0969993	0.0595598	0.0959694	0.0371164	0.0135904	0.000796481	0.00959661
38	0.100525	0.0819224	0.0188775	0.0315503	0.0020393	0.0183747	0.00396183	0.0218759	0.00642036	0.00748126	0.0190835	0.0431852	0.00238509	0.00797342	0.00399898	0.171186	0.421689	0.0342505	0.000609588	0.00261001
39	0.010148	0.00280726	0.00252575	0.00386715	0.0436413	0.00714658	0.0033828	0.141426	0.00624063	0.548541	0.0828213	0.00348252	0.00319602	0.0144066	0.00548016	0.00862751	0.014528	0.0857457	0.00343221	0.00855292
40	0.0304951	0.0143146	0.0153013	0.0183881	0.325862	0.009639	0.0262822	0.0424013	0.0621173	0.106083	0.0547671	0.026033	0.00955413	0.0227202	0.0239202	0.0335484	0.0204538	0.0440058	0.0131678	0.100945
41	0.0372851	0.0152683	0.0178848	0.0162314	0.0207255	0.0572116	0.0399572	0.0219788	0.012065	0.12511	0.024651	0.134644	0.0193443	0.0371812	0.0149594	0.177246	0.158637	0.0202136	0.00283931	0.0465674
42	0.0958559	0.0653664	0.0208835	0.0317468	0.0018831	0.0203494	0.00414719	0.0222336	0.00662762	0.00802945	0.0153408	0.0521181	0.00183761	0.00948401	0.00435905	0.16135	0.439678	0.0354177	0.000557885	0.00273373
43	0.0238697	0.000862205	0.350153	0.455173	0.000736876	0.0232961	0.0168349	0.00123847	0.00814368	0.00825864	0.00333255	0.0246604	0.0113882	0.0309692	0.0177472	0.0118258	0.00296433	0.00707536	0.000148103	0.00132289
44	0.0243045	0.0019479	0.0100459	0.024498	0.000779305	0.00499432	0.0374989	0.0127279	0.327808	0.024404	0.0119713	0.0287041	0.0155837	0.092179	0.30978	0.0379513	0.0182771	0.011695	0.00234542	0.00250486
45	0.0169374	0.00755787	0.00419457	0.0705064	0.00358269	0.00517389	0.0474817	0.102243	0.128812	0.0477966	0.00583075	0.0361176	0.00584541	0.0828701	0.129068	0.0543271	0.10793	0.12264	0.000968963	0.0201164
46	0.0468216	0.0146951	0.00141585	0.010684	0.0112825	0.00424758	0.00518102	0.245215	0.0245528	0.156693	0.0666394	0.0159125	0.0117122	0.0209493	0.0155591	0.0154159	0.0536414	0.26513	0.00140278	0.012849
47	0.0639722	0.0185314	0.00843303	0.0286535	0.00562288	0.0310957	0.00960051	0.00647827	0.0087899	0.0426183	0.00784442	0.0110154	0.50632	0.0242117	0.0352592	0.132911	0.0249822	0.0279816	0.000977751	0.004701
48	0.0603759	0.00391563	0.0690593	0.0253092	0.0377855	0.0844515	0.0258824	0.00495831	0.00492371	0.0104939	0.00308032	0.153055	0.16607	0.0329979	0.0319055	0.237267	0.024783	0.00583124	0.00125258	0.0166026
49	0.37064	0.00713098	0.00878103	0.0138165	0.00956286	0.00813935	0.048139	0.012062	0.0879172	0.0138352	0.00916055	0.011895	0.123822	0.0613385	0.011157	0.0213401	0.0156176	0.155395	0.00223885	0.008011
50	0.125409	0.0105006	0.0641745	0.151003	0.00185184	0.027118	0.0291931	0.0288747	0.0806097	0.0270924	0.00439549	0.0497136	0.00540323	0.110598	0.0460339	0.110784	0.0891499	0.0368239	0.000226169	0.00104622
51	0.0354911	0.00102857	0.309455	0.448575	0.00199336	0.0292022	0.0165577	0.0028445	0.0129084	0.0109957	0.00292804	0.022235	0.00914918	0.0441486	0.0174539	0.0177662	0.00665553	0.00846068	0.000191788	0.00195934
52	0.0362521	0.00298122	0.0152151	0.0383175	0.00069806	0.0074321	0.0478248	0.0129248	0.270655	0.043077	0.0193656	0.0307414	0.0149093	0.138251	0.246707	0.0411339	0.020983	0.00972364	0.000211312	0.00259549
53	0.0475375	0.0134838	0.00138861	0.0107223	0.010237	0.00374909	0.00472565	0.249284	0.0249727	0.154608	0.0694549	0.0154601	0.0124568	0.0215496	0.0152757	0.0140724	0.0553132	0.263015	0.00137264	0.0113198
54	0.0569918	0.0242673	0.0763924	0.137027	0.00103153	0.0297869	0.0536218	0.0153888	0.102221	0.0173547	0.00836618	0.0787257	0.00870202	0.146002	0.0515291	0.0986031	0.0711134	0.0210395	0.000227164	0.00160822
55	0.0331907	0.00251139	0.0155056	0.0348577	0.000645035	0.00704544	0.0445868	0.0116641	0.289496	0.0366193	0.0190224	0.0292551	0.0150981	0.130574	0.256095	0.0416295	0.0192341	0.00990905	0.000720625	0.00233945
56	0.0716445	0.0349561	0.0159068	0.0288306	0.007386	0.0141772	0.0115775	0.0479515	0.0221644	0.0232833	0.0176729	0.0485241	0.00623412	0.0248957	0.0161617	0.150568	0.378896	0.0662076	0.00204123	0.0109207
57	0.0518061	0.0130132	0.0021707	0.0114041	0.0100163	0.0037187	0.00460807	0.244027	0.0242819	0.151268	0.0695748	0.0148531	0.0129726	0.0217584	0.0148181	0.0154018	0.0587764	0.263225	0.00148403	0.0108216
58	0.121023	0.0103346	0.0723021	0.163265	0.00173616	0.0269488	0.030188	0.0269463	0.0791441	0.0249959	0.00425812	0.0514935	0.0051383	0.107872	0.0449351	0.10917	0.084624	0.034063	0.000203405	0.00135859
59	0.0014321	0.00644064	0.000521366	0.00271288	0.00472135	0.000467141	0.00191049	0.537337	0.000745883	0.0737217	0.00818021	0.000713682	0.000530514	0.000832037	0.0005953	0.0122024	0.0100145	0.334748	0.00015155	0.00202128
60	0.0565861	0.00355956	0.1348	0.390758	0.0196351	0.0149398	0.00569882	0.0567164	0.0231717	0.039619	0.00956717	0.00518329	0.00314106	0.0908472	0.00562394	0.0145933	0.0516597	0.069405	0.000914784	0.00358014
61	0.0535044	0.00281566	0.00559066	0.0142817	0.0041704	0.00763968	0.0156812	0.0457727	0.213781	0.0164789	0.00822375	0.0117289	0.0510968	0.0352915	0.263291	0.0728112	0.0827972	0.0778527	0.00123135	0.0159597
62	0.0353012	0.00610492	0.00963238	0.0451299	0.00409417	0.00827965	0.0484834	0.051368	0.143566	0.0476023	0.0109096	0.0476579	0.0134558	0.0805414	0.170309	0.0603268	0.129439	0.076241	0.000704344	0.010853
63	0.13865	0.00805367	0.0313173	0.0805124	0.00542771	0.0314	0.0248715	0.0395011	0.100746	0.0313561	0.00840445	0.033051	0.0139438	0.097687	0.0581419	0.125239	0.121532	0.0460129	0.000737559	0.00341491
64	0.130796	0.0110648	0.00954076	0.0199162	0.0101409	0.00342541	0.00381576	0.180145	0.0129205	0.138697	0.0642014	0.00938567	0.00711035	0.0136423	0.00933987	0.0279136	0.0591799	0.27987	0.00140258	0.00749207
65	0.0276393	0.000820028	0.332033	0.456229	0.00101277	0.0259595	0.016191	0.00173438	0.0105697	0.00994924	0.0029136	0.0233102	0.0103457	0.0346651	0.0176983	0.0157077	0.004174	0.00742585	0.000153467	0.00146796
66	0.0962598	0.0159606	0.00576276	0.00569435	0.029483	0.660409	0.00602167	0.0054369	0.00471458	0.00755478	0.00262412	0.0287856	0.0111833	0.00583502	0.0190487	0.069571	0.011478	0.00543249	0.000732809	0.00801185
67	0.00517851	0.00544958	0.00122494	0.00355612	0.032121	0.0012848	0.00251305	0.413778	0.00345247	0.0597068	0.00744738	0.00208494	0.00361164	0.00244537	0.00195095	0.0117709	0.014051	0.424891	0.000628346	0.00285332
68	0.00694718	0.000774919	0.00133084	0.006418	0.000914028	0.00120991	0.0168388	0.0136161	0.439299	0.00315389	0.00147945	0.0165699	0.005899	0.0306608	0.409986	0.0189856	0.0132317	0.00608365	0.00573282	0.000868505
69	0.00925762	0.00244038	0.000983547	0.0020286	0.0186556	0.0060322	0.00189817	0.155433	0.00285299	0.595984	0.0688807	0.00229837	0.00355721	0.00473371	0.0027595	0.00295614	0.0125385	0.102895	0.00214607	0.001669
70	0.00910965	0.00089096	0.00143607	0.00718152	0.000856284	0.00124163	0.0163773	0.0136872	0.421422	0.00366094	0.00176338	0.0157189	0.00678566	0.0307236	0.422041	0.0189851	0.0138294	0.00739405	0.0058653	0.00102975
71	0.016778	0.00479252	0.00269209	0.00463876	0.0190895	0.00513432	0.00311415	0.205382	0.0051821	0.449061	0.0571528	0.0038698	0.00468094	0.00665838	0.00437475	0.00855255	0.0184053	0.174636	0.0019915	0.00381382
72	0.0520619	0.0180629	0.00952649	0.0101981	0.00282212	0.0104015	0.0086913	0.0431623	0.00949985	0.0187458	0.0127364	0.115826	0.00268866	0.0314527	0.0107082	0.168653	0.440689	0.0218768	0.000964149	0.011233
73	0.00361601	0.00498856	0.000772345	0.00253425	0.0152289	0.000616297	0.00213052	0.418817	0.00116616	0.0637592	0.00654807	0.00109517	0.00140002	0.0013069	0.00100201	0.0108193	0.0121985	0.449127	0.000274002	0.00259979
74	0.00165925	0.00648691	0.0005224	0.00278457	0.00475022	0.000479626	0.00193588	0.535582	0.000869673	0.0742786	0.00859861	0.000815349	0.000604898	0.000992852	0.000862353	0.0121837	0.0103628	0.333999	0.000150259	0.0020815
75	0.0397863	0.00788837	0.214848	0.206809	0.0231105	0.0200333	0.0258997	0.0416361	0.0305816	0.102994	0.022625	0.0336966	0.0183253	0.0598391	0.0281788	0.0432347	0.0251426	0.0385203	0.00350067	0.0133496
76	0.0698651	0.0441274	0.0180264	0.0282954	0.00768261	0.0181995	0.0126633	0.0347307	0.0187624	0.0203171	0.0168723	0.0654283	0.00836447	0.0277241	0.0139135	0.181539	0.367809	0.0350671	0.00136859	0.00924426
77	0.0587091	0.0118135	0.0148926	0.0506604	0.00761071	0.0198915	0.0155186	0.016322	0.0224712	0.0412013	0.0117679	0.0131119	0.468864	0.0391778	0.0278844	0.111483	0.0282863	0.0299115	0.00151001	0.00891168
78	0.0824652	0.0215559	0.0133465	0.019126	0.00976926	0.655736	0.00632493	0.00590894	0.00982514	0.00719379	0.0041674	0.0222752	0.00690932	0.0144003	0.020924	0.0732903	0.0150999	0.00721218	0.00124815	0.00322191
79	0.0117956	0.0152268	0.00273318	0.00940412	0.436145	0.00285373	0.0270257	0.00586484	0.00623324	0.0143022	0.00770489	0.0114723	0.0115965	0.00510303	0.00327942	0.0269136	0.00548562	0.0210823	0.00132571	0.374453
80	0.0894131	0.0175828	0.00219257	0.00287025	0.00951211	0.747195	0.00300336	0.00294461	0.00282607	0.00314347	0.00190072	0.0184269	0.0019738	0.00377613	0.0199998	0.0607063	0.00703472	0.00339959	0.000527013	0.00157178
81	0.0483004	0.00609751	0.257757	0.324669	0.00257361	0.0233718	0.0240083	0.0085679	0.0336297	0.0130577	0.004357	0.0454099	0.0102353	0.0649511	0.0276902	0.0597608	0.0248344	0.01607	0.000586944	0.00407072
82	0.0953615	0.00665133	0.0474092	0.0237824	0.0636077	0.071888	0.0217175	0.00700204	0.00648485	0.0128945	0.0041889	0.120292	0.148664	0.0267989	0.0239812	0.245899	0.0227448	0.00950297	0.00172087	0.0394079
83	0.00165847	0.00646443	0.00055867	0.00266017	0.00475492	0.000526565	0.00208754	0.529568	0.000875671	0.0746973	0.00858554	0.000765932	0.000544381	0.000838624	0.000736413	0.0123901	0.010179	0.339644	0.000162472	0.00230116
84	0.0114394	0.00428309	0.25992	0.0260426	0.0110209	0.00881428	0.039604	0.00895742	0.0183915	0.0100992	0.00499959	0.409728	0.00405	0.0114263	0.0164699	0.0721323	0.0178523	0.0299404	0.00179341	0.033036
85	0.0943165	0.180117	0.00446898	0.00577966	0.00191644	0.0549101	0.00410991	0.0044784	0.00877576	0.00525188	0.00340771	0.0565066	0.00224933	0.00443578	0.0081705	0.484573	0.0665336	0.00643106	0.000563579	0.00300464
86	0.0921198	0.185228	0.00345568	0.00425774	0.00190962	0.0564853	0.00434893	0.00404597	0.00908565	0.00502362	0.00274222	0.0540546	0.00232331	0.00468665	0.00858815	0.503877	0.0491955	0.00487287	0.000629342	0.00307014
87	0.0322392	0.0451168	0.0098025	0.0124748	0.250229	0.00901445	0.014867	0.0732604	0.0218832	0.0863757	0.0405306	0.00830508	0.00670784	0.0138317	0.0091859	0.0481842	0.0304256	0.0828663	0.135536	0.0691641
88	0.0364311	0.0028811	0.0155117	0.0390377	0.000632979	0.00810169	0.0487821	0.0109367	0.269164	0.0404083	0.0203366	0.0319688	0.0133422	0.148123	0.242587	0.0412314	0.0185011	0.00948864	0.000143596	0.00239115
89	0.0990022	0.00684513	0.00632207	0.0533523	0.00353567	0.0104386	0.0209182	0.00558844	0.00941832	0.0224982	0.00640508	0.0061942	0.437402	0.0335074	0.0099791	0.168126	0.068296	0.0266868	0.00102057	0.00446377
90	0.0014321	0.00644064	0.000521366	0.00271288	0.00472135	0.000467141	0.00191049	0.537337	0.000745883	0.0737217	0.00818021	0.000713682	0.000530514	0.000832037	0.0005953	0.0122024	0.0100145	0.334748	0.00015155	0.00202128
91	0.1723	0.00295437	0.0327605	0.0563256	0.00344241	0.0090953	0.00355311	0.134095	0.00508543	0.0751099	0.0317264	0.00355717	0.00268189	0.00914085	0.00378186	0.0648614	0.0703203	0.315291	0.0008712	0.00304672
92	0.0665206	0.0105729	0.173264	0.269293	0.00122265	0.0247672	0.034477	0.00646577	0.0612722	0.00813355	0.00337885	0.057478	0.00664867	0.109965	0.0444944	0.0751451	0.0316441	0.00918956	0.000253852	0.00581394
93	0.0140028	0.0164087	0.00358818	0.00999829	0.389016	0.00348243	0.0311811	0.00686011	0.00623724	0.015144	0.00835962	0.0153206	0.0127217	0.00522316	0.00373598	0.0336218	0.00613404	0.01866	0.00161421	0.39869
94	0.0014321	0.00644064	0.000521366	0.00271288	0.00472135	0.000467141	0.00191049	0.537337	0.000745883	0.0737217	0.00818021	0.000713682	0.000530514	0.000832037	0.0005953	0.0122024	0.0100145	0.334748	0.00015155	0.00202128
95	0.0228771	0.000814199	0.350752	0.459999	0.000712955	0.0229884	0.016757	0.00117827	0.00717547	0.00848	0.00331615	0.0237903	0.0112702	0.0303658	0.0174679	0.0107779	0.00259628	0.0072937	0.000139262	0.0012491
96	0.0478572	0.0204317	0.157452	0.260214	0.0015378	0.0222849	0.0417323	0.00796194	0.0605796	0.00977256	0.00453991	0.0567162	0.00646085	0.132917	0.0395177	0.0714875	0.0379788	0.0163984	0.000397701	0.00376087
97	0.0314551	0.00361312	0.0143548	0.0367363	0.00181293	0.00752428	0.0407683	0.0137925	0.276511	0.0388805	0.016487	0.0275943	0.0118118	0.136604	0.269987	0.034767	0.0198007	0.0119795	0.00160274	0.00391737
98	0.0133607	0.021194	0.00292429	0.011812	0.286108	0.00285019	0.0481008	0.00491994	0.004863	0.00623139	0.00429624	0.0120486	0.0161253	0.00647377	0.00373806	0.0302149	0.00569101	0.014126	0.00113958	0.503782
99	0.029319	0.00133035	0.331284	0.442108	0.000770833	0.0248766	0.0172116	0.0016675	0.0129413	0.0087136	0.00300287	0.0266828	0.0103389	0.0377116	0.0199804	0.0178021	0.00523939	0.0071631	0.000160564	0.00169578
100	0.0507529	0.0101429	0.0340088	0.0769036	0.00247849	0.0169756	0.0445304	0.0181501	0.18988	0.0321062	0.0136494	0.0439703	0.0128701	0.13962	0.148768	0.0887928	0.0544964	0.0182528	0.000746593	0.00290424
101	0.011632	0.0172429	0.00276469	0.00977418	0.348458	0.00269618	0.034934	0.00599091	0.00543413	0.0124652	0.00713181	0.0110152	0.013293	0.0050284	0.00336222	0.0267798	0.00529846	0.0166391	0.00119639	0.458864
102	0.0187278	0.0125352	0.00523539	0.00603708	0.324226	0.0071541	0.00619422	0.0632575	0.0204778	0.229022	0.116262	0.00389025	0.00204583	0.00530444	0.00340563	0.016337	0.0103094	0.0444992	0.00673247	0.0983474
103	0.0315334	0.00958035	0.0162862	0.0591258	0.00102891	0.00812722	0.0512088	0.0258325	0.219256	0.0494917	0.0142261	0.0434266	0.0101187	0.12595	0.204652	0.0420075	0.0486875	0.0326845	0.000264828	0.00651083
104	0.0770732	0.0052107	0.197323	0.320161	0.00349831	0.0221388	0.0211068	0.0108233	0.0399091	0.0151136	0.00729258	0.0313041	0.00492557	0.119373	0.0319613	0.0471907	0.0221064	0.0128402	0.000420336	0.0102282
105	0.0324841	0.00187689	0.316508	0.432518	0.00165187	0.0231156	0.0173099	0.00454125	0.0143889	0.0106864	0.00418992	0.0261109	0.0102898	0.0450042	0.020582	0.0191183	0.00734403	0.00982151	0.000263374	0.00219483
106	0.0460412	0.0130643	0.028548	0.0388834	0.00627841	0.0218058	0.0295537	0.0258425	0.0287091	0.028548	0.0115133	0.172259	0.0146605	0.0936435	0.0304858	0.178491	0.201279	0.0143988	0.001367	0.0146289
107	0.0474592	0.0106632	0.0362503	0.0700074	0.0025252	0.0635333	0.0458943	0.0126519	0.185906	0.0284343	0.0145007	0.0466769	0.0125513	0.142784	0.15709	0.0695415	0.0359433	0.014155	0.000598395	0.00283439
108	0.0223835	0.00741929	0.00358014	0.00650998	0.0363393	0.00750502	0.00452461	0.197385	0.00986832	0.348175	0.0542375	0.00752946	0.061366	0.0114782	0.00861968	0.0111031	0.0233542	0.168272	0.00340537	0.00694415
109	0.0134843	0.0071596	0.165127	0.0514635	0.00987911	0.0147338	0.0724642	0.00672903	0.0473851	0.00854401	0.00469192	0.373505	0.00696536	0.0379747	0.0390663	0.0862723	0.0224393	0.0133629	0.00117702	0.0175763
110	0.0259538	0.00575858	0.0145683	0.0320361	0.00430911	0.0124622	0.032965	0.0187009	0.285648	0.0277549	0.0107624	0.0279771	0.0180894	0.0797345	0.30774	0.0392129	0.0285951	0.0171385	0.00352988	0.00706314
111	0.0264383	0.00186322	0.00367701	0.00741899	0.001747	0.00273281	0.0105357	0.0321594	0.313292	0.00701653	0.00431486	0.00898995	0.0410824	0.0294817	0.342063	0.0506595	0.0435288	0.0621439	0.00206822	0.00878606
112	0.0101705	0.00866179	0.10449	0.0459128	0.0148419	0.0306419	0.165932	0.00733416	0.0413586	0.00823968	0.00389539	0.323115	0.00581593	0.0359456	0.0228981	0.11331	0.0185713	0.00921196	0.00118424	0.028469
113	0.0470369	0.0129772	0.00298367	0.0109219	0.0137136	0.00377082	0.00496926	0.246407	0.0308024	0.159926	0.0715251	0.0142508	0.0113557	0.0252261	0.0167623	0.0156251	0.0507592	0.246219	0.00291063	0.0118569
114	0.0444191	0.0122664	0.00292273	0.0132817	0.0104363	0.00360981	0.0046166	0.247786	0.0270066	0.148579	0.0715017	0.014478	0.0135393	0.0328528	0.0146983	0.0140021	0.053352	0.25818	0.00141051	0.0110617
115	0.0349589	0.00641914	0.291169	0.32429	0.00521112	0.0233381	0.0244149	0.00886892	0.0254925	0.0165751	0.00673473	0.0588432	0.0133719	0.0478661	0.0266767	0.0414498	0.020707	0.0151857	0.00142904	0.0069982
116	0.0215231	0.00661923	0.00985651	0.00920555	0.00744015	0.0413633	0.0692322	0.017574	0.00989527	0.117437	0.0538646	0.183777	0.00442777	0.0529927	0.0103239	0.145368	0.209247	0.0119438	0.0014346	0.0164749
117	0.0280163	0.00588006	0.018326	0.0364093	0.00636976	0.0147984	0.0293395	0.0229356	0.275412	0.0284376	0.0117116	0.0261343	0.0162141	0.0690945	0.306132	0.0399596	0.0294732	0.025623	0.00359701	0.00613609
118	0.00360487	0.00514352	0.000854382	0.00289759	0.0146075	0.000624283	0.0023146	0.427275	0.00143931	0.0647285	0.00684158	0.00127358	0.0013909	0.00170745	0.00144468	0.0107586	0.0126741	0.437329	0.000329532	0.00276082
119	0.033632	0.0123496	0.0235532	0.0462568	0.0120112	0.0137866	0.112442	0.0165389	0.189439	0.0352293	0.0141476	0.0478662	0.0147153	0.108222	0.20126	0.0462279	0.0299925	0.0158829	0.00190415	0.0245423
120	0.276745	0.111048	0.0134299	0.019362	0.00861478	0.0485399	0.014631	0.0204688	0.0215399	0.0197733	0.0140918	0.0337534	0.00702629	0.0191208	0.0179653	0.230903	0.0832208	0.0307939	0.00199045	0.00698164
121	0.042485	0.0641878	0.0121122	0.0159898	0.0721523	0.0120124	0.0225939	0.109131	0.0206205	0.279193	0.0611528	0.0212548	0.012974	0.0284797	0.0180146	0.0326202	0.0348097	0.106724	0.00561997	0.0278727
122	0.00728514	0.00239983	0.00222468	0.00268457	0.055646	0.0077198	0.00239344	0.165923	0.00389283	0.536952	0.0760184	0.00199724	0.00341425	0.00630528	0.00231841	0.00445971	0.0105293	0.0952923	0.00316628	0.00937728
123	0.0197431	0.0189676	0.00989882	0.016735	0.236874	0.00628008	0.0540057	0.0190579	0.0110287	0.0317188	0.0145743	0.0317465	0.0160319	0.0146866	0.0105846	0.0405696	0.016745	0.0250549	0.00340564	0.402291
124	0.0338327	0.0165016	0.00549577	0.00831442	0.270402	0.00666419	0.00677775	0.0887752	0.0180519	0.210527	0.100803	0.00600879	0.0049482	0.0122795	0.00638187	0.0179172	0.0166689	0.0965571	0.00791122	0.0651817
125	0.00508126	0.00545929	0.000669327	0.00254215	0.00968958	0.00256038	0.00204089	0.439796	0.00187013	0.212771	0.0257921	0.00154259	0.00201339	0.00223308	0.0015438	0.0095408	0.0114727	0.260573	0.000764781	0.00204356
126	0.0503314	0.00591921	0.050416	0.0210035	0.0294223	0.0616635	0.0193189	0.00693091	0.00674523	0.0118635	0.00450139	0.151886	0.169521	0.0417522	0.0514314	0.272765	0.0211136	0.00791846	0.00157016	0.0139265
127	0.0553694	0.0110656	0.0172241	0.0520986	0.0118458	0.0270527	0.0159277	0.0124626	0.0310935	0.0366781	0.0127687	0.0130531	0.460705	0.0400872	0.0333259	0.102172	0.026112	0.0259601	0.00177299	0.0132249
128	0.0383283	0.0162046	0.0100716	0.011649	0.192876	0.0111285	0.026867	0.0645329	0.00928701	0.103203	0.0207136	0.00659237	0.00358334	0.0107949	0.00482355	0.111034	0.0832159	0.0967071	0.0297527	0.148635
129	0.0895433	0.0184927	0.00216985	0.00284557	0.00938063	0.744038	0.00300993	0.00295456	0.00290981	0.00319599	0.00190192	0.018539	0.00193349	0.00375714	0.0200705	0.062442	0.00732493	0.00337631	0.000530766	0.00158392
130	0.0244872	0.0158543	0.0142348	0.0376722	0.0152916	0.00888789	0.207712	0.0169635	0.108677	0.0299667	0.0101059	0.0883204	0.00866824	0.104988	0.166116	0.0365111	0.0224717	0.0169808	0.00123158	0.0648589
131	0.00839129	0.00207518	0.00154763	0.0025438	0.0242768	0.00630013	0.00188522	0.144689	0.00325008	0.600993	0.0772643	0.00167013	0.00303702	0.00908854	0.00309416	0.00459621	0.0108732	0.0891686	0.00293702	0.00231878
132	0.00929403	0.000902606	0.00247626	0.00855713	0.000894364	0.00167923	0.0194215	0.0136796	0.424439	0.00572131	0.00295905	0.0175082	0.00724719	0.0374234	0.396714	0.0222746	0.0151473	0.00740402	0.00515226	0.0011053
133	0.0472288	0.00938545	0.0149694	0.0573423	0.00662164	0.0149044	0.0166541	0.0139912	0.0302105	0.0373663	0.0387165	0.0111029	0.459959	0.0751377	0.0260433	0.082136	0.0274633	0.0223477	0.00182382	0.0065958
134	0.00602815	0.00137888	0.000999702	0.00126005	0.0194644	0.0064932	0.00166182	0.150531	0.00119628	0.630053	0.0683388	0.00140443	0.00303568	0.00295049	0.00142906	0.00189089	0.00976864	0.0892039	0.001963	0.000948587
135	0.0427865	0.00463554	0.278033	0.331058	0.00513961	0.0560636	0.0220619	0.00710529	0.0222372	0.0150604	0.00513755	0.0380813	0.0157581	0.0506824	0.0238399	0.0453173	0.0181523	0.0139831	0.000671127	0.00419576
136	0.0014321	0.00644064	0.000521366	0.00271288	0.00472135	0.000467141	0.00191049	0.537337	0.000745883	0.0737217	0.00818021	0.000713682	0.000530514	0.000832037	0.0005953	0.0122024	0.0100145	0.334748	0.00015155	0.00202128
137	0.11697	0.00367008	0.113546	0.339647	0.0153576	0.0330626	0.0117507	0.0205045	0.0351235	0.0226493	0.0127332	0.0120983	0.00301919	0.155422	0.0186149	0.0261357	0.0342056	0.0201313	0.000699074	0.00465943
138	0.12672	0.0577813	0.00664392	0.0102169	0.165139	0.00706825	0.0087759	0.0649171	0.0137996	0.159493	0.106809	0.0087487	0.00619751	0.0116043	0.00852475	0.0215521	0.0225039	0.153986	0.00561978	0.0338994
139	0.00604081	0.0013579	0.00106821	0.00149701	0.0256276	0.00701225	0.00171522	0.149734	0.00226255	0.613071	0.0757835	0.00149622	0.00307402	0.00485547	0.00290261	0.00283134	0.00979264	0.085569	0.00240389	0.00190473
140	0.00708083	0.000779972	0.00137971	0.00664508	0.000899412	0.00126067	0.0170054	0.0135269	0.438636	0.00334987	0.00160122	0.0166646	0.00587229	0.0315075	0.408855	0.0191001	0.0131739	0.00609168	0.00569278	0.000877745
141	0.0383732	0.00289104	0.0157185	0.04078	0.000741465	0.00804065	0.0481687	0.0113483	0.265015	0.0411717	0.0207247	0.0311073	0.0131066	0.149141	0.242665	0.0401349	0.0187082	0.00946174	0.00027443	0.00242753
142	0.00616106	0.00143093	0.000986075	0.00125907	0.0201572	0.00654326	0.00166387	0.151309	0.00124955	0.627813	0.0683104	0.00145576	0.0030476	0.0030031	0.00147585	0.00193028	0.00980618	0.089413	0.00199525	0.00098914
143	0.0321202	0.0707553	0.0793392	0.0842631	0.00721569	0.0257772	0.138354	0.0161178	0.0584388	0.0228006	0.0114964	0.0622147	0.0094502	0.156155	0.0407166	0.108661	0.0387968	0.0183999	0.00157979	0.0173485
144	0.0491387	0.0252172	0.0788641	0.135999	0.00100809	0.0304885	0.0584268	0.0140669	0.10074	0.0156401	0.00786936	0.0833564	0.00886084	0.15002	0.0524657	0.0990559	0.0680454	0.0186615	0.000252431	0.00182363
145	0.0291529	0.00291117	0.0113317	0.0314165	0.00189702	0.00606896	0.0390135	0.0158943	0.293716	0.0440351	0.0166231	0.026942	0.0120374	0.113259	0.280919	0.0350509	0.0227419	0.012092	0.00130319	0.00359485
146	0.0857131	0.0105439	0.0077378	0.0180527	0.0160123	0.00449767	0.00456997	0.214716	0.0152036	0.134753	0.0542581	0.0100674	0.00796325	0.0159532	0.0106977	0.0245203	0.0491417	0.304827	0.00187421	0.00889685
147	0.0338986	0.0164771	0.110049	0.0693708	0.01472	0.0215731	0.0591419	0.0166166	0.0460247	0.0218861	0.0103203	0.262236	0.0156787	0.048134	0.0440426	0.104066	0.0593471	0.0209953	0.00246757	0.0229542
148	0.0139256	0.00452024	0.00104258	0.00336557	0.0137726	0.0045313	0.00236068	0.234407	0.00547077	0.435144	0.0568645	0.00407051	0.00437826	0.00609189	0.00396784	0.00608861	0.0203064	0.175242	0.00150124	0.00294845
149	0.0014321	0.00644064	0.000521366	0.00271288	0.00472135	0.000467141	0.00191049	0.537337	0.000745883	0.0737217	0.00818021	0.000713682	0.000530514	0.000832037	0.0005953	0.0122024	0.0100145	0.334748	0.00015155	0.00202128
150	0.0337124	0.00958521	0.00296711	0.00881836	0.0184119	0.0063571	0.00486042	0.222734	0.0146257	0.231548	0.0538862	0.0097727	0.0725549	0.0173154	0.0116184	0.0146068	0.0344931	0.221554	0.00243746	0.00814005
151	0.002844	0.00542172	0.000710466	0.00260207	0.01213	0.000574	0.00205228	0.454378	0.00111747	0.0677946	0.00753363	0.00105557	0.00119651	0.00132936	0.000903946	0.0109063	0.0115252	0.413371	0.000246066	0.00230787
152	0.00165289	0.00645968	0.000520263	0.00273358	0.00471442	0.000470168	0.00192267	0.536271	0.000834721	0.0740388	0.00841911	0.000766694	0.000605304	0.000876325	0.000647149	0.0122065	0.0102296	0.334396	0.000153127	0.0020821
153	0.0897655	0.0175378	0.00249147	0.00294976	0.00966084	0.743532	0.0031275	0.0029363	0.00293785	0.00316787	0.00190213	0.018844	0.0025099	0.00394509	0.0199917	0.0620105	0.00705455	0.00345712	0.000526813	0.00165091
154	0.0303262	0.00505579	0.0166458	0.0365516	0.00462564	0.00803163	0.0311762	0.0208937	0.316458	0.0282846	0.0121004	0.0266092	0.0151101	0.0803349	0.268182	0.0415216	0.0283132	0.0201318	0.00383229	0.0058151
155	0.275395	0.123423	0.00404434	0.00642618	0.00299907	0.0338101	0.00892367	0.00492888	0.0150093	0.00630043	0.00359502	0.038235	0.0035135	0.00693366	0.0144251	0.402205	0.0388158	0.00634829	0.00106082	0.00360765
156	0.0321361	0.00542907	0.30389	0.317837	0.00683599	0.0221605	0.022537	0.00940759	0.0270266	0.0179472	0.00785199	0.0540333	0.0139574	0.0489094	0.0289721	0.0392822	0.0156683	0.017181	0.00117335	0.00776442
157	0.111202	0.0986131	0.0144397	0.0236833	0.00237068	0.0153177	0.00346081	0.025003	0.00623532	0.00600495	0.0265449	0.0344785	0.00204086	0.00650808	0.00424832	0.176428	0.404976	0.034621	0.000754562	0.00306897
158	0.0188298	0.0125787	0.00514645	0.00608293	0.31066	0.00719768	0.00595521	0.0662405	0.0198365	0.242547	0.115216	0.00367428	0.002041	0.00577992	0.00310869	0.0160307	0.0105623	0.0462757	0.00659604	0.0956401
159	0.0459723	0.0246056	0.00853828	0.0123548	0.00327092	0.00939481	0.00774896	0.0616766	0.0226021	0.0143754	0.0233407	0.0604852	0.0031144	0.0205596	0.0108847	0.141216	0.475733	0.0459722	0.000965482	0.00718871
160	0.0525898	0.00367953	0.0331491	0.0294205	0.00314405	0.00916327	0.0556342	0.0190838	0.205684	0.0444498	0.0256248	0.0241625	0.0708328	0.0978424	0.186495	0.0505915	0.0675996	0.0163481	0.00059646	0.00390839
161	0.111523	0.00449189	0.0188604	0.054501	0.00779535	0.0246827	0.0332092	0.0385195	0.122763	0.037109	0.0135601	0.0286657	0.0290789	0.0847124	0.107864	0.106253	0.129226	0.0420489	0.000566088	0.00456871
162	0.0340105	0.00182169	0.310196	0.432664	0.0016401	0.0239896	0.0176046	0.00487418	0.0149691	0.0114426	0.00412162	0.0246368	0.0108092	0.0476676	0.0200235	0.0191399	0.00801897	0.0102338	0.000229687	0.00190719
163	0.0470466	0.0138824	0.00138547	0.0106478	0.0103883	0.0038706	0.00483829	0.248183	0.0249791	0.15634	0.0682092	0.0154995	0.0120402	0.0211013	0.0155383	0.0143731	0.054021	0.264574	0.00138506	0.0116972
164	0.0443459	0.00290946	0.0158063	0.0294901	0.001899	0.00734392	0.0471065	0.0278166	0.22992	0.0460404	0.0201889	0.0294233	0.0212448	0.100684	0.235612	0.0401281	0.0724358	0.023142	0.000498175	0.00396387
165	0.0187138	0.0125615	0.00523557	0.00600185	0.323181	0.00715995	0.00603357	0.0639559	0.0206549	0.230883	0.117069	0.0038714	0.0021484	0.00469542	0.00310112	0.0163315	0.0103767	0.044687	0.00675396	0.0965853
166	0.0273564	0.00442964	0.0223263	0.0367975	0.00590658	0.00710332	0.0321228	0.0178568	0.318305	0.0230927	0.0105827	0.0290712	0.0158948	0.0743301	0.2798	0.0383879	0.0286073	0.0179865	0.00347157	0.00657065
167	0.0597169	0.0238318	0.0755704	0.136148	0.00105635	0.029642	0.0523749	0.0160211	0.102344	0.0178441	0.00836175	0.0770778	0.00856968	0.145557	0.0519168	0.0977904	0.0725519	0.0218431	0.000227943	0.0015532
168	0.00874774	0.000919227	0.00178652	0.0081933	0.000844892	0.0014757	0.0175577	0.0140741	0.419113	0.00513167	0.00240616	0.0173386	0.0060485	0.0365329	0.41425	0.018994	0.0136027	0.00640732	0.00565952	0.000916807
169	0.0014321	0.00644064	0.000521366	0.00271288	0.00472135	0.000467141	0.00191049	0.537337	0.000745883	0.0737217	0.00818021	0.000713682	0.000530514	0.000832037	0.0005953	0.0122024	0.0100145	0.334748	0.00015155	0.00202128
170	0.0194416	0.0022056	0.0103245	0.0212759	0.0236391	0.00228578	0.00908333	0.096798	0.0463253	0.291452	0.115174	0.00336998	0.00226726	0.132841	0.0680694	0.0475238	0.0162251	0.0691018	0.0164313	0.00616485
171	0.0821808	0.00488804	0.195739	0.304001	0.0015459	0.0228536	0.0213042	0.00680868	0.0508657	0.00792222	0.00156991	0.0453975	0.00381355	0.0934482	0.0380285	0.0771166	0.0277372	0.00934547	0.000265434	0.0051679
172	0.0525997	0.00419899	0.195223	0.383741	0.0102485	0.0179531	0.0126073	0.0264399	0.0254275	0.0215301	0.00653289	0.0174416	0.00443326	0.0887369	0.0159452	0.027213	0.0392562	0.0463924	0.000616098	0.00346398
173	0.0058647	0.00157755	0.000969619	0.00134376	0.0195439	0.00645076	0.00164867	0.179485	0.00121393	0.597515	0.0650928	0.00139605	0.00306765	0.0028175	0.00139041	0.00233574	0.00934471	0.0959938	0.00197309	0.000975414
174	0.0835216	0.00381747	0.198358	0.313141	0.00154029	0.0234116	0.0196774	0.00716214	0.0491838	0.00807981	0.00139264	0.0435126	0.00367611	0.0888768	0.0369602	0.0760245	0.0268809	0.00931185	0.000259633	0.00521254
175	0.00737364	0.00947448	0.00827417	0.0462258	0.0522403	0.00563295	0.372023	0.00621407	0.0244196	0.0068432	0.00390209	0.182621	0.00343979	0.0660724	0.0189212	0.0351343	0.00726384	0.00702985	0.00112138	0.135773
176	0.0324889	0.027207	0.0782881	0.134466	0.00193749	0.107993	0.0565501	0.0106095	0.0856206	0.0122289	0.00655734	0.088238	0.00704761	0.140267	0.0404362	0.109388	0.0438674	0.0129927	0.000812513	0.00300293
177	0.00596213	0.0067383	0.000752529	0.00333055	0.0057141	0.00097965	0.00212061	0.501715	0.00273261	0.0984907	0.0155913	0.0019113	0.00168417	0.00292783	0.00200189	0.0121601	0.0137778	0.318249	0.0004372	0.00272234
178	0.0311934	0.00264081	0.0129139	0.0328177	0.000633138	0.00734468	0.0470053	0.011198	0.287397	0.0347125	0.0170743	0.0356583	0.0120683	0.131699	0.263249	0.0415271	0.0193511	0.00849527	0.000716248	0.0023044
179	0.00526607	0.00686146	0.000592166	0.0032154	0.00507401	0.000723786	0.00208027	0.51897	0.00218336	0.0802268	0.0127699	0.00188524	0.0013135	0.00209428	0.00144828	0.0123244	0.0135169	0.326698	0.000221688	0.00253428
180	0.0127231	0.0175247	0.00307781	0.00976331	0.361716	0.00306149	0.0325722	0.00768342	0.0057563	0.0179962	0.0100072	0.0108182	0.012422	0.00481153	0.00350267	0.0271957	0.00568844	0.0185709	0.0015002	0.433608
181	0.046313	0.0213301	0.0751583	0.145428	0.00127101	0.0256991	0.0530892	0.0126621	0.0910378	0.01558	0.00790611	0.0711327	0.0141951	0.182179	0.0555819	0.0912355	0.0695753	0.0179916	0.000351344	0.00228312
182	0.00883076	0.00252904	0.00159642	0.0022515	0.0673926	0.0111295	0.00248993	0.154645	0.00500443	0.534708	0.0794321	0.0021213	0.00393944	0.00609269	0.00236841	0.00447976	0.0103592	0.0859414	0.0034174	0.0112712
183	0.0598931	0.0119757	0.0285642	0.0392542	0.0152978	0.0935843	0.0149748	0.0136689	0.019958	0.0311159	0.0104531	0.0408317	0.374441	0.0332159	0.0309983	0.122223	0.0243912	0.0240205	0.00110077	0.0100376
184	0.0227534	0.000794096	0.3517	0.460683	0.000723529	0.0228649	0.0166862	0.00114713	0.00699775	0.00846344	0.00334942	0.0234957	0.0114207	0.0299592	0.017437	0.0104613	0.00247428	0.00724862	0.000139811	0.00120078
185	0.0568559	0.0318927	0.00387459	0.0102741	0.0528654	0.00514796	0.00831906	0.194021	0.020527	0.142977	0.0696455	0.0126442	0.00993616	0.0185142	0.0122659	0.0332178	0.0484673	0.222236	0.00421374	0.0421048
186	0.0257178	0.00166912	0.34325	0.435754	0.00183595	0.0220609	0.0163672	0.00440098	0.0100898	0.010915	0.0072027	0.0232459	0.0106032	0.0359182	0.0172991	0.0141639	0.0063433	0.0111676	0.000265288	0.00173056
187	0.0392259	0.00673893	0.144121	0.177497	0.0140876	0.029851	0.0154347	0.00829575	0.0191861	0.0443523	0.00877312	0.0471257	0.192317	0.0410559	0.0200766	0.142982	0.0223807	0.0147565	0.00204904	0.00969349
188	0.0323853	0.00129115	0.329201	0.430855	0.00139985	0.0262801	0.016845	0.00286007	0.0137389	0.00953664	0.00345306	0.0255278	0.0101038	0.0397975	0.018919	0.0195197	0.00728589	0.00892989	0.000180125	0.00189063
189	0.0349122	0.00293067	0.300828	0.417482	0.00243241	0.0237405	0.0192609	0.00470884	0.0183077	0.0111726	0.00421188	0.0270799	0.010454	0.0514502	0.0217228	0.0237197	0.0113139	0.0115492	0.000320677	0.00240173
190	0.0237936	0.000873534	0.349135	0.457875	0.000786691	0.0227942	0.0167991	0.00127523	0.00771217	0.00845544	0.00331407	0.0239962	0.011303	0.0310148	0.0178324	0.0114591	0.00286668	0.00728719	0.000140033	0.00128662
191	0.0310661	0.00122822	0.330314	0.449392	0.0013216	0.0237257	0.0165495	0.00236181	0.0106847	0.00881954	0.00306259	0.0241174	0.0115919	0.0379923	0.018013	0.0144895	0.00501989	0.00795649	0.000230272	0.00206378
192	0.0229839	0.000781766	0.352606	0.459746	0.000737871	0.0228428	0.0167564	0.00115572	0.00697128	0.00846017	0.00338585	0.0234115	0.0112542	0.0298887	0.0173671	0.0104835	0.00248329	0.00732144	0.000144025	0.0012186
