433	20
1	0.134067	0.00248574	0.0266281	0.06671	0.0127929	0.0282613	0.0322072	0.0170243	0.0661894	0.0380816	0.0215884	0.0404288	0.10744	0.11916	0.0513438	0.0778757	0.0748731	0.0608385	0.000643973	0.0213603
2	0.0863563	0.00264894	0.0118458	0.0247059	0.00984045	0.0111345	0.00456694	0.176748	0.0213646	0.112314	0.0589596	0.0140881	0.0257174	0.026985	0.00964322	0.036955	0.124831	0.231807	0.00162268	0.00786527
3	0.0174138	0.00247788	0.00712905	0.0117643	0.0104771	0.00689696	0.00186342	0.431383	0.0224747	0.0638127	0.0152382	0.00719028	0.0075683	0.014519	0.00723234	0.0167528	0.0288055	0.324181	0.000549376	0.00227127
4	0.102493	0.00149769	0.119294	0.16118	0.00834504	0.164324	0.0110356	0.0155453	0.0340247	0.0293079	0.0164164	0.0557566	0.0281574	0.0682718	0.0201587	0.0862728	0.0476749	0.0240805	0.00105458	0.00511005
5	0.0109386	0.00433758	0.00262519	0.00605922	0.0238388	0.00218117	0.0010211	0.393368	0.016575	0.178291	0.0330781	0.00382932	0.00500872	0.00958961	0.00668575	0.00769577	0.0170466	0.274216	0.000213506	0.00340082
6	0.0207542	0.00390354	0.00606783	0.0122693	0.0164696	0.00509286	0.00226409	0.403561	0.0217522	0.107911	0.0242107	0.00554357	0.00848114	0.0156418	0.00939955	0.0137477	0.0273097	0.291772	0.000436674	0.00341157
7	0.0281138	0.0116741	0.0104535	0.00956989	0.15146	0.00522767	0.0655424	0.0350418	0.0109549	0.0488037	0.0177503	0.00802972	0.0112225	0.0285859	0.0184876	0.0298553	0.046397	0.0319576	0.0412635	0.389609
8	0.0727841	0.000402658	0.0104719	0.00776829	0.00129532	0.0235254	0.0200423	0.00884482	0.0188845	0.0232298	0.0169375	0.0120357	0.66877	0.0470972	0.0177695	0.0151482	0.0194969	0.0138764	0.000314028	0.0013055
9	0.0829991	0.00199492	0.0205013	0.0191112	0.00365112	0.0264276	0.0188113	0.0109043	0.0242517	0.0256097	0.0171205	0.0177134	0.563117	0.0496629	0.0191812	0.0380568	0.0377935	0.0173867	0.00107527	0.00463091
10	0.0823796	0.000678324	0.0253688	0.0465293	0.00300427	0.0224677	0.0188544	0.0144328	0.0390823	0.0353781	0.0165006	0.0141876	0.503262	0.0725895	0.029428	0.0246948	0.0260461	0.0222699	0.000382127	0.00246358
11	0.039027	0.00438632	0.00592049	0.0113751	0.011852	0.00703409	0.00261551	0.364766	0.0212467	0.075592	0.0225811	0.00688543	0.0115106	0.0154346	0.00736798	0.0185705	0.0508908	0.318664	0.000610447	0.00366969
12	0.0257781	0.00425305	0.00414994	0.00827583	0.0132161	0.00416819	0.001667	0.389575	0.0197869	0.0860608	0.0181838	0.00472395	0.00725745	0.0111518	0.00663625	0.0123917	0.0296032	0.3501	0.000449023	0.00257269
13	0.0540658	0.000182492	0.274295	0.361787	0.00210594	0.0257616	0.00755963	0.00409202	0.0301161	0.0137666	0.00751666	0.0296271	0.0152559	0.0720547	0.0141646	0.0491909	0.0258415	0.0101753	0.000351855	0.00208925
14	0.0366782	0.00134767	0.0126153	0.0428906	0.00298798	0.00971749	0.00712047	0.00823895	0.389764	0.0256026	0.0190722	0.0313556	0.00431304	0.0630222	0.273255	0.0275923	0.0221612	0.0156068	0.000777535	0.0058803
15	0.148274	0.00532733	0.0355225	0.0451146	0.0102668	0.0427352	0.0133604	0.0375739	0.0363339	0.0413701	0.0241907	0.0485885	0.0448062	0.0655569	0.0242642	0.128853	0.173183	0.0605742	0.00382421	0.0102802
16	0.434179	0.00445349	0.0213216	0.0272659	0.0069484	0.0317003	0.00843751	0.0111988	0.024327	0.0200792	0.0146661	0.0439827	0.0200176	0.0411605	0.0141977	0.177021	0.0766523	0.0176032	0.00107513	0.00371194
17	0.1456	0.00220308	0.0558085	0.0980976	0.00507035	0.0335662	0.0416949	0.0249205	0.0510564	0.0484968	0.0133991	0.0810121	0.0197295	0.0897869	0.0525344	0.135302	0.0717471	0.0233254	0.000740712	0.00590808
18	0.0265373	0.00416966	0.00497118	0.00832628	0.526977	0.00397223	0.0473742	0.0120067	0.00838704	0.0465857	0.0112803	0.00487017	0.00527334	0.0127629	0.00658463	0.0275655	0.0153718	0.0127563	0.00948982	0.204738
19	0.157759	0.0131516	0.00449359	0.013467	0.0152987	0.00884205	0.00625574	0.172609	0.00939477	0.0514265	0.013005	0.00814822	0.0259315	0.0215565	0.00413134	0.0410247	0.0770871	0.346491	0.000822428	0.00910476
20	0.0629853	0.0090969	0.0215146	0.0260214	0.0127024	0.0279104	0.0676389	0.0164621	0.107644	0.0701838	0.0161779	0.182542	0.0116623	0.0669624	0.0516721	0.108858	0.0991832	0.0151298	0.00159388	0.0240585
21	0.147309	0.00171594	0.0882278	0.0901299	0.00727719	0.104271	0.0110585	0.0160421	0.02319	0.0294728	0.0145731	0.0414034	0.146706	0.0650264	0.0131893	0.0977661	0.0679035	0.0276261	0.00123958	0.00587163
22	0.0917564	0.00241311	0.0134879	0.0575153	0.0263766	0.0188695	0.0107798	0.0965766	0.0458482	0.157408	0.0543623	0.0157506	0.0869785	0.0815808	0.0447069	0.0310598	0.0474071	0.108668	0.00190053	0.00655411
23	0.0956953	0.00051005	0.219882	0.269154	0.00188266	0.0406258	0.00995647	0.0113763	0.0271636	0.0241662	0.0114023	0.0360848	0.021499	0.0803516	0.0135734	0.0760209	0.0399465	0.0176701	0.000421954	0.00261768
24	0.0208601	0.0082801	0.00245308	0.0101008	0.241044	0.00312473	0.00746605	0.130044	0.00651072	0.276382	0.0656355	0.00716056	0.00459636	0.012197	0.00721221	0.0136771	0.0122846	0.120927	0.00452903	0.045516
25	0.0753244	0.00100471	0.207721	0.292549	0.00403558	0.0617431	0.0113877	0.00851671	0.0300029	0.0205467	0.0114079	0.0427401	0.0197342	0.0731194	0.0157105	0.063064	0.0375674	0.0169281	0.00102478	0.00587087
26	0.094188	0.00343902	0.0372355	0.0574835	0.00539363	0.0278126	0.0289326	0.00847581	0.0814096	0.0238435	0.00936567	0.128357	0.00960082	0.104554	0.0704542	0.188257	0.101137	0.0135468	0.000284475	0.0062292
27	0.0275906	0.000605729	0.0109503	0.0471941	0.000720801	0.00656621	0.00597077	0.00144004	0.441967	0.0193902	0.0159715	0.0245136	0.00241519	0.0580934	0.301535	0.0179151	0.0086768	0.00487465	0.000213909	0.00339471
28	0.00787705	0.00322885	0.00334122	0.00571514	0.0113081	0.00317776	0.00106038	0.463628	0.0233154	0.0666453	0.00909897	0.00349651	0.00539779	0.00961563	0.00655592	0.00939546	0.0204928	0.345651	0.000203542	0.00079524
29	0.0281298	0.00437018	0.00867479	0.0159902	0.0129953	0.00813775	0.00244927	0.245159	0.1002	0.110809	0.0440301	0.0122363	0.0102626	0.039096	0.0766241	0.0170167	0.0375756	0.219795	0.000806273	0.00564136
30	0.143791	0.000817139	0.0310113	0.0665179	0.00673037	0.0600041	0.0264345	0.00963781	0.054604	0.0470659	0.0107327	0.0499709	0.0236897	0.174714	0.035597	0.119355	0.0716959	0.0597803	0.00145082	0.00640008
31	0.0895082	0.00412923	0.0245577	0.0548975	0.00686998	0.0121342	0.0705098	0.0107091	0.1108	0.0446658	0.00946831	0.126283	0.00887009	0.063777	0.10808	0.163285	0.0677016	0.00876559	0.000669365	0.0143198
32	0.0588687	0.00151077	0.160775	0.316308	0.00307415	0.0252428	0.0098601	0.00820205	0.0594484	0.0183459	0.00927641	0.0609446	0.0117804	0.109372	0.0314207	0.0627293	0.0307448	0.0167946	0.000410679	0.00489133
33	0.181454	0.00165848	0.0212306	0.0822879	0.00783348	0.0541068	0.014384	0.0614444	0.100843	0.0667685	0.032589	0.0163956	0.0107582	0.146708	0.0375098	0.0502187	0.039549	0.0685339	0.00235096	0.00337523
34	0.05747	0.0012794	0.0187454	0.0146138	0.00398924	0.166907	0.0290405	0.00564101	0.126626	0.0217558	0.00742833	0.285418	0.0123055	0.0315652	0.0354184	0.116527	0.0434019	0.00660085	0.0010951	0.0141713
35	0.0360207	0.00234198	0.196752	0.0817	0.00407981	0.0314459	0.0122792	0.00605444	0.0702122	0.0152184	0.00800955	0.247621	0.013123	0.06068	0.0359968	0.0826542	0.044687	0.0341083	0.00137057	0.0156453
36	0.168311	0.00150566	0.0284559	0.0499011	0.00934229	0.0341902	0.0152365	0.0100293	0.0426431	0.0351542	0.0120057	0.0408542	0.168151	0.0889662	0.0300668	0.116745	0.0855115	0.0543518	0.00079172	0.00778698
37	0.0287008	0.000971349	0.0103094	0.0444374	0.00144001	0.00758566	0.00575321	0.00361475	0.436514	0.0216235	0.0174686	0.0263852	0.00281111	0.0591942	0.291444	0.0194141	0.00973275	0.00807582	0.000404292	0.00412068
38	0.0199793	0.00136276	0.00326375	0.00729573	0.718846	0.00379203	0.0262685	0.00686248	0.00621029	0.0355776	0.00874184	0.00437414	0.00361954	0.00817067	0.00335464	0.0240991	0.00671235	0.00674101	0.00231634	0.102412
39	0.142055	0.00383671	0.0326852	0.0447283	0.00768784	0.0394614	0.0151711	0.0103121	0.035928	0.0238649	0.0147885	0.151031	0.0180475	0.0991358	0.0220912	0.225863	0.0827661	0.0221877	0.00109936	0.00725866
40	0.0198495	0.00173505	0.0034466	0.00759954	0.696011	0.00398084	0.0244779	0.0117061	0.00651454	0.0444715	0.010831	0.00419063	0.00393513	0.00860844	0.00393857	0.0239862	0.00783513	0.0115683	0.00343188	0.101883
41	0.0228905	0.0101621	0.0032337	0.0102533	0.0573341	0.00476111	0.0068051	0.125894	0.00775524	0.472569	0.0899854	0.0078629	0.00675399	0.0161614	0.00980916	0.0113077	0.0175034	0.108034	0.000383209	0.0105401
42	0.0599196	0.0135741	0.0145155	0.0212431	0.0175738	0.0127221	0.0435351	0.0213781	0.139978	0.0536646	0.0113585	0.163737	0.0102613	0.0658012	0.0499251	0.145282	0.142061	0.0083653	0.000744845	0.00435999
43	0.168678	0.00110303	0.0459181	0.0714824	0.0182623	0.0762111	0.0133762	0.0163141	0.0148327	0.032327	0.00748624	0.0269809	0.203984	0.0863908	0.00919812	0.115112	0.0656951	0.021681	0.000758744	0.00420826
44	0.130565	0.000834527	0.0656607	0.0277912	0.0125323	0.231944	0.00334176	0.0200811	0.0250022	0.0544473	0.0130797	0.0844425	0.0159949	0.0361498	0.00616049	0.134455	0.108806	0.0266372	0.000607949	0.00146706
45	0.0646607	0.00297473	0.184501	0.0891503	0.00401095	0.0512427	0.0159515	0.00777995	0.0340675	0.0169421	0.00977254	0.178042	0.0202567	0.0490497	0.0165222	0.170722	0.0491792	0.0182204	0.00163424	0.0153194
46	0.0753959	0.000353538	0.00906707	0.00709401	0.00134018	0.0240426	0.0209706	0.008814	0.0169449	0.0237396	0.0167753	0.0111999	0.668867	0.049467	0.0179343	0.0135858	0.0190584	0.0141202	0.000182955	0.00104633
47	0.0250999	0.00735816	0.00604596	0.00908234	0.415948	0.00459521	0.0401337	0.0201649	0.0101353	0.0443237	0.0143864	0.00636658	0.00872975	0.0139318	0.00931073	0.0280421	0.0223809	0.0213899	0.021257	0.271318
48	0.0332313	0.00125938	0.0150771	0.0232835	0.00386881	0.00867243	0.223563	0.00497697	0.0366508	0.0194774	0.0060616	0.263887	0.00487058	0.0679414	0.0520877	0.0710551	0.028209	0.00650935	0.000987412	0.12833
49	0.245698	0.00112975	0.0357568	0.0516247	0.00994651	0.0717194	0.00962966	0.0111245	0.0290764	0.0251491	0.0106264	0.0311982	0.161783	0.0733358	0.0128235	0.123549	0.0638818	0.027267	0.000880519	0.00379917
50	0.0270259	0.0104427	0.0078936	0.010111	0.296661	0.00516969	0.0459955	0.0247884	0.0109618	0.0496703	0.0177612	0.00741516	0.0107319	0.0171899	0.0119721	0.0299333	0.0302756	0.0290356	0.0321236	0.324842
51	0.0280046	0.0101046	0.00851777	0.0100834	0.289248	0.00610977	0.0460761	0.0257016	0.0112979	0.0513927	0.0188274	0.00812196	0.0108574	0.0180458	0.0128784	0.0304745	0.0314508	0.0289776	0.0343548	0.319475
52	0.0465417	0.00128424	0.0385276	0.0820971	0.00383251	0.00914952	0.00775823	0.0137178	0.267384	0.0420045	0.0173187	0.0237509	0.00534945	0.134106	0.236834	0.0257891	0.0123589	0.0253302	0.000748393	0.00611832
53	0.0349876	0.00158157	0.0310246	0.0381883	0.00471913	0.00988234	0.205187	0.00556299	0.0400159	0.0184579	0.0073988	0.193559	0.00522047	0.0970471	0.039476	0.0875398	0.0316854	0.00727137	0.00112938	0.140065
54	0.0265009	0.000838558	0.00960767	0.0419275	0.00156472	0.00653516	0.00531486	0.00328269	0.446508	0.0207915	0.0239004	0.0232371	0.0028752	0.0594755	0.289948	0.0171833	0.0084129	0.00769984	0.00034125	0.00405456
55	0.00616655	0.00326646	0.00306399	0.00521015	0.0109233	0.00279474	0.000903394	0.466412	0.0225756	0.0801476	0.00952277	0.003203	0.00510104	0.00929163	0.0073857	0.00836285	0.0185834	0.336225	0.000195028	0.000665446
56	0.10727	0.00236284	0.040619	0.053892	0.00701664	0.0178633	0.0207531	0.0234098	0.142168	0.0267725	0.0130802	0.0878252	0.0148105	0.0872102	0.118851	0.10387	0.0780596	0.0353389	0.000890031	0.0179362
57	0.0588335	0.000220927	0.262334	0.375856	0.00322046	0.0245157	0.00604774	0.004762	0.0333017	0.0111701	0.00561276	0.0307242	0.0141719	0.073687	0.0126413	0.0488182	0.0240037	0.0083462	0.000220649	0.00151153
58	0.0733865	0.00093881	0.0096492	0.00773233	0.00420265	0.0241509	0.0187858	0.0165772	0.017422	0.0383795	0.0212667	0.012157	0.62046	0.0498794	0.0173004	0.0161833	0.0240415	0.0224144	0.000843633	0.00422865
59	0.109299	0.000809705	0.0304166	0.0274103	0.0033194	0.0166199	0.0263913	0.00727984	0.0524467	0.0342958	0.0123055	0.0115062	0.483004	0.0455342	0.025887	0.0354695	0.0566454	0.0173018	0.000634353	0.00342306
60	0.133125	0.00168263	0.111083	0.073794	0.00466068	0.0187778	0.00853052	0.00758125	0.0989024	0.0140214	0.0204115	0.0118726	0.238068	0.020181	0.0264272	0.105358	0.07027	0.0294164	0.000868481	0.00496823
61	0.0403831	0.0167271	0.0172628	0.028019	0.166946	0.00806343	0.0277943	0.0260644	0.0189858	0.0840623	0.0270291	0.0179587	0.0239554	0.0160443	0.0115987	0.0342163	0.0333509	0.0442205	0.0760421	0.281275
62	0.0813323	0.000447394	0.0854486	0.275498	0.0018738	0.0112691	0.00707657	0.0309629	0.0850468	0.0431239	0.0154316	0.0121306	0.01915	0.16839	0.0675297	0.0320791	0.0144256	0.0473342	0.000353025	0.00109653
63	0.1402	0.00141334	0.0421009	0.0259813	0.0195679	0.169571	0.00415356	0.0281621	0.0391645	0.0576031	0.0177742	0.0818048	0.0215415	0.0421961	0.00659	0.144713	0.125565	0.0291904	0.000874294	0.00183371
64	0.0250559	0.00705024	0.00395002	0.011431	0.0485752	0.00310798	0.00183761	0.230614	0.00721071	0.323674	0.084084	0.00673983	0.00608505	0.0131046	0.00704733	0.0100758	0.0209518	0.177883	0.000646862	0.0108751
65	0.0588526	0.00646162	0.0211506	0.0337891	0.00728099	0.0152338	0.0105005	0.016018	0.0393344	0.0350263	0.0344822	0.125029	0.0170515	0.0502308	0.0180512	0.250007	0.226761	0.0285881	0.000905746	0.00524644
66	0.203974	0.00205283	0.040715	0.0604691	0.00830468	0.0627087	0.00907646	0.0137219	0.0267739	0.0228054	0.0227066	0.044458	0.117796	0.0538234	0.0217141	0.157901	0.0977948	0.0282512	0.000910484	0.0040433
67	0.0233947	0.00816723	0.00220872	0.0147843	0.100734	0.00219849	0.00466242	0.141751	0.00446337	0.374089	0.0885793	0.00725705	0.0029835	0.0155202	0.00928243	0.0080447	0.00981702	0.149972	0.000616894	0.0314733
68	0.0501385	0.000329989	0.307587	0.320579	0.0020643	0.0285644	0.0151925	0.00357723	0.0239156	0.0142493	0.00814938	0.0351074	0.0170052	0.0611228	0.0111173	0.054603	0.0292171	0.0102866	0.000835814	0.00635733
69	0.0283492	0.00915884	0.00539957	0.0119589	0.042559	0.00427753	0.00304477	0.170755	0.00773764	0.372377	0.0814449	0.00756041	0.00761119	0.01429	0.00649502	0.0134333	0.034122	0.169036	0.000675098	0.00971415
70	0.0619774	0.000371212	0.247368	0.321697	0.00176931	0.0275103	0.0106037	0.00994259	0.0312098	0.0195675	0.0155631	0.0305568	0.0174964	0.0766222	0.0150796	0.0539146	0.0324586	0.0234802	0.00029119	0.00251961
71	0.0107338	0.0029894	0.00424321	0.00766407	0.0101717	0.00375928	0.00131939	0.450681	0.0239906	0.0782241	0.0141028	0.00411998	0.00642687	0.0114281	0.00754911	0.0103798	0.0314006	0.319159	0.000246289	0.00141045
72	0.00621101	0.00297984	0.00310797	0.00539745	0.0111702	0.00292336	0.000908614	0.468994	0.0224545	0.0796141	0.0099374	0.00329794	0.00513585	0.00936714	0.00703276	0.00845741	0.0189264	0.333195	0.000203362	0.000686105
73	0.0262989	0.000771912	0.00963382	0.042179	0.00141554	0.00628971	0.00529593	0.00299784	0.446989	0.0204415	0.0232735	0.0231824	0.00290577	0.0595519	0.291751	0.0171297	0.00841521	0.00725866	0.000294042	0.00392495
74	0.0337998	0.00954712	0.0110245	0.0180396	0.142934	0.0100647	0.0702211	0.0301093	0.0231904	0.282903	0.0441948	0.0225109	0.0116109	0.0326984	0.0192002	0.0368635	0.0494061	0.0312198	0.0149474	0.105514
75	0.0995295	0.00727139	0.0113356	0.0193617	0.0131549	0.011006	0.00663697	0.185806	0.0165771	0.0772584	0.0313606	0.013965	0.0210427	0.025414	0.00813714	0.0367958	0.0974454	0.30843	0.00123639	0.00823502
76	0.320553	0.00481266	0.0358259	0.0447211	0.00788734	0.0454356	0.0155827	0.0128579	0.0370203	0.0256738	0.0137686	0.0846314	0.0272973	0.0623355	0.0236646	0.135234	0.0710148	0.0234708	0.00121395	0.00699913
77	0.037507	0.00794811	0.00387704	0.0104687	0.0489393	0.00511021	0.00848283	0.0924189	0.00704119	0.454224	0.10141	0.0115739	0.0132654	0.0597855	0.014781	0.0205223	0.0215592	0.0708965	0.000826335	0.00936191
78	0.0195845	0.000873239	0.00302116	0.0069449	0.735415	0.00361789	0.0262428	0.00524943	0.00591275	0.0312003	0.00711119	0.00387462	0.00325922	0.00785878	0.00304641	0.024189	0.00608042	0.00489565	0.00137752	0.100245
79	0.138264	0.00931059	0.00950251	0.0193477	0.0142399	0.0138164	0.0178399	0.134477	0.0139679	0.0583217	0.0259805	0.0127823	0.0311769	0.0318973	0.00927066	0.0464194	0.119923	0.281508	0.00159039	0.0103647
80	0.336871	0.00382858	0.0419313	0.0593126	0.0108348	0.0405458	0.0110402	0.0346022	0.0353226	0.0418518	0.0203954	0.0392687	0.0448607	0.056122	0.025806	0.0827917	0.05374	0.0519208	0.00192102	0.00703326
81	0.042622	0.00441077	0.00942507	0.0227206	0.0255202	0.0156929	0.00615128	0.0564318	0.241857	0.0861647	0.0359092	0.0297798	0.00983607	0.0752269	0.177735	0.0286384	0.0284338	0.0806486	0.00322134	0.0195743
82	0.0678511	0.0042993	0.04314	0.0374273	0.00668139	0.0225577	0.0626458	0.00943366	0.100097	0.0432846	0.00931307	0.191099	0.00892502	0.0649361	0.0865631	0.141696	0.0609243	0.012652	0.00057055	0.0259036
83	0.0852784	0.00147841	0.121036	0.0868959	0.00656167	0.283284	0.0130503	0.0111234	0.0274222	0.0277575	0.0132744	0.0810635	0.0145543	0.0447738	0.0150334	0.0936244	0.0482786	0.016067	0.00228586	0.00715681
84	0.0423768	0.000837641	0.0269798	0.066944	0.00206549	0.00779598	0.00776206	0.00918387	0.34	0.0295215	0.0156113	0.0263953	0.00457811	0.0974402	0.265729	0.0239834	0.0130306	0.0150058	0.000346214	0.00441295
85	0.0900438	0.01536	0.0123613	0.0230913	0.00471332	0.00741036	0.0325885	0.00802842	0.117184	0.0283063	0.00981909	0.114653	0.01833	0.0934793	0.0679785	0.182167	0.166334	0.00498963	0.000337458	0.00282406
86	0.0212821	0.00170021	0.00334969	0.00760348	0.701631	0.00390173	0.0257594	0.00929335	0.00677578	0.0398125	0.0100071	0.0045925	0.00425084	0.0092968	0.00415854	0.0252198	0.00838495	0.00988112	0.00331102	0.0997876
87	0.0254506	0.00987017	0.00321718	0.0108388	0.0572392	0.0035631	0.00497013	0.138558	0.00605999	0.448943	0.0847487	0.00737265	0.00499318	0.0136316	0.00688651	0.0107891	0.0219282	0.12888	0.000460099	0.0115992
88	0.0968271	0.00270266	0.0323685	0.0286546	0.00551109	0.019	0.00605741	0.0276176	0.0191774	0.0425843	0.033867	0.0263095	0.0124399	0.061074	0.0242532	0.27182	0.268944	0.0167837	0.000719977	0.00328857
89	0.081011	0.000792395	0.0616487	0.0696747	0.00590375	0.0468465	0.0141963	0.00778188	0.0216323	0.0251239	0.0120508	0.13947	0.00385127	0.164504	0.0168871	0.212108	0.0859763	0.0244235	0.000355484	0.00576152
90	0.0263883	0.00948363	0.00322888	0.00926718	0.0528327	0.00317045	0.00388051	0.156776	0.00692471	0.427386	0.0789345	0.00712442	0.00641592	0.0150439	0.00784357	0.0118004	0.0198973	0.140572	0.000845845	0.0121832
91	0.195133	0.00547966	0.0271858	0.0323723	0.0104771	0.0295981	0.0104957	0.0272823	0.0199179	0.0626117	0.103655	0.0362079	0.0225108	0.0504499	0.0138901	0.147762	0.131036	0.0648795	0.00416744	0.00488773
92	0.0786181	0.00100135	0.0474268	0.0607213	0.00596587	0.0394727	0.011962	0.00821918	0.0291061	0.0298131	0.0168097	0.153058	0.00427233	0.14478	0.0221685	0.227467	0.0863591	0.0282195	0.0004658	0.00409362
93	0.0276552	0.000651619	0.0105339	0.04648	0.000913651	0.00668623	0.00568765	0.00186809	0.437335	0.0206133	0.0165933	0.0237453	0.00246194	0.0572791	0.306293	0.0176841	0.00849711	0.00531527	0.000224355	0.00348217
94	0.0699869	0.000663013	0.198757	0.329827	0.00345976	0.0286249	0.0098622	0.0108861	0.0439864	0.020806	0.0134815	0.0345433	0.0176585	0.0844442	0.0242183	0.0538367	0.0303099	0.0195144	0.000778079	0.00435544
95	0.114201	0.0101164	0.011058	0.0370812	0.0104123	0.0356368	0.0487963	0.0386492	0.0425246	0.0385719	0.102594	0.0669788	0.00893878	0.119317	0.0159258	0.122836	0.0526955	0.0922326	0.0259219	0.0055118
96	0.0844718	0.0123319	0.018758	0.0277291	0.00607983	0.00895992	0.0287062	0.010148	0.13659	0.0239657	0.00903505	0.116356	0.0131897	0.0783916	0.113924	0.154607	0.141843	0.00824352	0.000578731	0.00609206
97	0.0707504	0.00397913	0.128765	0.074586	0.00514604	0.0452246	0.014852	0.00907928	0.034207	0.0211707	0.0124353	0.175466	0.0246041	0.0629521	0.0177347	0.19955	0.0650826	0.0212262	0.00141621	0.0117719
98	0.0235049	0.0241702	0.00768248	0.0143731	0.180922	0.00727366	0.0301249	0.0314616	0.0106377	0.0785957	0.0338188	0.0108222	0.0225016	0.0147098	0.0119295	0.03996	0.0392425	0.060691	0.0563101	0.301268
99	0.124324	0.00201128	0.0507144	0.0797585	0.00680855	0.0493289	0.0156294	0.0168963	0.0375375	0.0446002	0.0169947	0.0884776	0.0255732	0.127729	0.025674	0.153693	0.0952552	0.0332694	0.000720303	0.00500464
100	0.0203604	0.00149145	0.00517582	0.00786729	0.703074	0.00409286	0.0259027	0.0110874	0.00631076	0.0448308	0.0104456	0.00464746	0.00329625	0.0083584	0.003754	0.0238721	0.00670281	0.0103182	0.00182549	0.0965863
101	0.0565398	0.0013254	0.311505	0.158694	0.00860286	0.0624352	0.0539825	0.0032201	0.00858126	0.0119449	0.0179444	0.105442	0.00841777	0.0455664	0.00296583	0.0592282	0.0216937	0.00619985	0.00700949	0.0487012
102	0.0204995	0.00168941	0.00320876	0.00840493	0.701301	0.00512906	0.0247991	0.0129915	0.00651628	0.0373091	0.00873436	0.00467329	0.00390581	0.00828176	0.00378153	0.0247512	0.00779038	0.0123419	0.00280455	0.101086
103	0.0160527	0.0119316	0.00137904	0.0070358	0.0624105	0.00115559	0.0051937	0.133239	0.00277843	0.512975	0.0859209	0.00599909	0.00148399	0.00805756	0.00562352	0.00614491	0.0107554	0.111147	0.000233111	0.0104835
104	0.0278661	0.000880979	0.0102083	0.0443389	0.00135731	0.00689679	0.00540191	0.00405465	0.426013	0.0223416	0.0202183	0.0251028	0.00271163	0.0606915	0.301835	0.0176362	0.0092321	0.00869574	0.000278065	0.004239
105	0.0770741	0.000990539	0.0124962	0.0103083	0.00194338	0.025187	0.0197774	0.0110005	0.0220173	0.0244325	0.0183059	0.0122951	0.635356	0.04798	0.0230591	0.0178778	0.0221773	0.0152171	0.0011725	0.0013325
106	0.0978665	0.0135055	0.0146065	0.0266237	0.0051487	0.0101777	0.0339164	0.00808267	0.110527	0.0276465	0.00969869	0.108283	0.0154218	0.10447	0.0702511	0.167113	0.164874	0.00764903	0.000371669	0.00376758
107	0.0491733	0.0025978	0.0306617	0.0365639	0.010872	0.0266458	0.192823	0.00976468	0.0470437	0.0272706	0.0116283	0.204375	0.00794419	0.0722062	0.0465419	0.0820742	0.0438359	0.0108547	0.00145261	0.0856711
108	0.109428	0.0385199	0.0251847	0.0335728	0.0122983	0.0955724	0.0490115	0.0545221	0.0332944	0.0272736	0.0234392	0.0312761	0.0662672	0.0519044	0.0578083	0.192945	0.0507783	0.0319524	0.00414146	0.0108096
109	0.0270628	0.00863803	0.00583693	0.0119192	0.0487084	0.00865803	0.0222818	0.065657	0.0117844	0.482298	0.128167	0.0243625	0.00807341	0.0300006	0.0132541	0.0199717	0.0231899	0.0505291	0.00100357	0.00860284
110	0.0202823	0.00247065	0.00358228	0.00720307	0.679892	0.0039472	0.0280846	0.00753109	0.00623046	0.0335127	0.00858166	0.00441936	0.00458143	0.00860896	0.00424861	0.0264502	0.00905431	0.00903912	0.0064985	0.125781
111	0.19637	0.00124162	0.0534226	0.0654807	0.00662484	0.116126	0.0046633	0.0195267	0.0165038	0.0365829	0.0168865	0.0611824	0.0490128	0.0774996	0.00979962	0.128983	0.105528	0.031183	0.000394525	0.00298768
112	0.0233507	0.0234362	0.00792359	0.0130956	0.1802	0.006782	0.0314609	0.0303171	0.0108979	0.0770947	0.0314548	0.0104234	0.0194124	0.015269	0.0125038	0.0371068	0.0400725	0.0558224	0.0571539	0.316223
113	0.0198054	0.00235591	0.00328833	0.00717411	0.689501	0.00377213	0.0264586	0.00878487	0.00631438	0.0365283	0.00971778	0.00421703	0.00444122	0.00858859	0.00400452	0.0248722	0.00845275	0.00970396	0.00494501	0.117073
114	0.084317	0.00858089	0.0272508	0.0388615	0.00726855	0.0216437	0.0251814	0.0231636	0.082871	0.0306139	0.0154709	0.123013	0.0145011	0.0863579	0.0643877	0.172986	0.145859	0.0200869	0.000789058	0.00679625
115	0.118259	0.00218378	0.0210992	0.0512098	0.00712258	0.0383152	0.0232063	0.014964	0.184372	0.0269226	0.0234438	0.0438613	0.0113882	0.0725521	0.154444	0.0897446	0.0548049	0.0400173	0.00438268	0.0177066
116	0.0175959	0.0103973	0.00193179	0.00903153	0.0750736	0.00229994	0.00745305	0.128874	0.00451114	0.479895	0.0898098	0.00721014	0.00274236	0.0117747	0.00688331	0.00859906	0.0125935	0.108901	0.00060632	0.0138164
117	0.147047	0.0102	0.00570679	0.0138232	0.0127034	0.00928235	0.00720185	0.145856	0.00868419	0.0554552	0.0165927	0.00844609	0.0255054	0.0215174	0.00425713	0.0399097	0.0888662	0.368104	0.000978813	0.00986235
118	0.0527386	0.000248186	0.25882	0.381544	0.0021636	0.0228131	0.00529333	0.00425531	0.0363126	0.0124856	0.00662876	0.0288242	0.0134937	0.0812419	0.0143575	0.0445289	0.0231744	0.00955016	0.000236427	0.00128971
119	0.157436	0.00232115	0.0451949	0.0540884	0.00708793	0.0769658	0.00892247	0.029735	0.0239404	0.0377999	0.0179058	0.0537559	0.0279074	0.121561	0.015179	0.177947	0.105853	0.0313859	0.00112286	0.00389028
120	0.0296249	0.01083	0.013924	0.0147691	0.187077	0.0114978	0.0561529	0.0298331	0.0174122	0.0513575	0.0201057	0.0238749	0.0117334	0.0265484	0.0181405	0.0351026	0.037945	0.0332645	0.0369546	0.333852
121	0.112084	0.00319183	0.0291004	0.0530775	0.00542244	0.0257539	0.0147425	0.00917415	0.0504694	0.0237391	0.0116051	0.0636461	0.0146744	0.13964	0.0470394	0.17187	0.198092	0.0210904	0.00102801	0.00455922
122	0.0596888	0.00325041	0.0184408	0.0464196	0.00413974	0.0102676	0.0242561	0.00743437	0.292921	0.0245809	0.0124881	0.064027	0.00760304	0.0704546	0.198361	0.0822761	0.0561804	0.00952626	0.000553262	0.00713159
123	0.00562412	0.00278919	0.00327802	0.00556746	0.0109445	0.00314963	0.000879496	0.47315	0.0240038	0.0608578	0.00711682	0.00342963	0.00507474	0.00943472	0.00651145	0.00918109	0.0185371	0.349708	0.000186844	0.000575277
124	0.0188859	0.00902846	0.00109806	0.0079295	0.0672027	0.000907653	0.00172284	0.177618	0.00253694	0.428896	0.0896738	0.00591236	0.00138384	0.00834927	0.00440259	0.00681864	0.00798215	0.147208	0.000179073	0.0122647
125	0.0527611	0.000299462	0.0189037	0.0315848	0.0113105	0.0132107	0.00446862	0.205394	0.021281	0.142348	0.105208	0.015869	0.02118	0.0349417	0.0182195	0.0287505	0.0752644	0.184646	0.0015006	0.0128584
126	0.0854495	0.00112725	0.0144419	0.0182765	0.00816832	0.0396827	0.0191317	0.0323519	0.0159437	0.0328357	0.0297697	0.0136675	0.515794	0.0609471	0.0209821	0.0269801	0.0306145	0.0283935	0.00161033	0.00383227
127	0.128868	0.000887819	0.0661633	0.0489285	0.00555084	0.0333981	0.00647129	0.00571175	0.0420998	0.0151456	0.0095284	0.0280778	0.306177	0.0296639	0.0125301	0.153171	0.0763258	0.0267093	0.000600958	0.0039904
128	0.113363	0.00232236	0.0448987	0.0782913	0.00871526	0.021763	0.0257909	0.0135622	0.112851	0.0189603	0.00979031	0.063491	0.0481198	0.0807124	0.0839561	0.107126	0.106181	0.0379727	0.000463815	0.0216688
129	0.0863624	0.00128977	0.153445	0.0878341	0.00398807	0.153318	0.0109589	0.00605871	0.0311863	0.0177314	0.00787105	0.143888	0.0137048	0.0375559	0.0102191	0.171478	0.0455884	0.00876935	0.00135192	0.00740045
130	0.134048	0.00202518	0.0456237	0.0903355	0.0134589	0.0401434	0.0364848	0.0117518	0.0779939	0.0205845	0.00886039	0.040092	0.0531305	0.0990807	0.0501979	0.0962545	0.0867906	0.0694425	0.000430895	0.023271
131	0.0159107	0.0202146	0.00268583	0.00585852	0.0264703	0.00226569	0.00138804	0.327439	0.0208444	0.173888	0.037128	0.00397511	0.0039982	0.010153	0.00667194	0.00766735	0.0212934	0.308375	0.000288052	0.00348466
132	0.0164613	0.0105764	0.00138905	0.00766127	0.0674359	0.00140281	0.00543532	0.134121	0.00278657	0.493664	0.0908973	0.00647893	0.00163502	0.0095998	0.00597181	0.0064476	0.0105925	0.113554	0.000331194	0.0135584
133	0.0548535	0.000149177	0.286051	0.352932	0.00161264	0.0260069	0.00713143	0.00307502	0.0273753	0.0143412	0.00577216	0.028372	0.0169547	0.067137	0.0130555	0.0549528	0.0290384	0.0102193	0.000103336	0.000866329
134	0.0618609	0.000338307	0.14923	0.24937	0.00220573	0.0135006	0.00795904	0.0136848	0.0839834	0.0406516	0.0103535	0.0208421	0.0132215	0.176832	0.0802065	0.0361763	0.0146232	0.0234886	0.00033702	0.00113526
135	0.221489	0.022148	0.00439604	0.0157028	0.0183242	0.0150963	0.0077564	0.128283	0.00718739	0.0346869	0.00426165	0.00909864	0.0348704	0.0277617	0.004083	0.0636953	0.0769169	0.292904	0.000860534	0.0104783
136	0.0441247	0.00414706	0.00974107	0.0290312	0.00906602	0.0169641	0.00381615	0.0263359	0.307199	0.0558572	0.0336612	0.0378186	0.0050751	0.0768474	0.228887	0.0277663	0.0218837	0.0453482	0.00181232	0.0146177
137	0.0403786	0.00149863	0.0210032	0.022505	0.00342884	0.0105958	0.138381	0.00526241	0.049916	0.0262064	0.00567288	0.27076	0.00504576	0.073379	0.0642699	0.0901891	0.0350204	0.00844698	0.000977464	0.127063
138	0.11862	0.00188058	0.0393483	0.133625	0.00558671	0.0170085	0.011468	0.058851	0.146501	0.0498063	0.0196479	0.0232001	0.0120045	0.115385	0.133333	0.0353538	0.0287636	0.0425648	0.0010342	0.00601734
139	0.216222	0.0200639	0.00359193	0.0152544	0.0196294	0.0110056	0.00731262	0.128907	0.00651487	0.037229	0.00429793	0.00935525	0.0365032	0.0281229	0.00346652	0.0565497	0.0831236	0.301403	0.000900779	0.0105465
140	0.0640448	0.000205549	0.247377	0.364115	0.00229071	0.0279878	0.00667908	0.0052605	0.033175	0.0130404	0.0086056	0.0327881	0.0154039	0.0760612	0.013666	0.0501754	0.0253357	0.0124674	0.000169278	0.00115136
141	0.0320493	0.0122425	0.0134313	0.0115182	0.136472	0.00980331	0.0486401	0.0246385	0.010426	0.0463672	0.0187152	0.00978385	0.0184502	0.0182591	0.0173373	0.0336152	0.032575	0.032471	0.187928	0.285277
142	0.0873139	0.000501857	0.137109	0.252623	0.00153241	0.0297267	0.0191692	0.0315352	0.0322331	0.0418229	0.0517282	0.0344615	0.00925502	0.124626	0.0129351	0.0312533	0.0443516	0.0557372	0.000391691	0.00169449
143	0.0272174	0.000568289	0.0109695	0.047425	0.000635335	0.00613532	0.0060132	0.00108705	0.445256	0.0188424	0.0157858	0.0240872	0.00236535	0.0578927	0.301957	0.0178913	0.00832419	0.00416226	0.000175308	0.00320943
144	0.0341743	0.0110381	0.0132299	0.00955464	0.164681	0.00530829	0.0887511	0.0324918	0.00956026	0.0489962	0.0169848	0.00761136	0.0107651	0.0286211	0.0185677	0.0352101	0.0464181	0.0306077	0.0425193	0.344909
145	0.0714791	0.00116463	0.0551726	0.130195	0.00433196	0.0115595	0.0100404	0.0212895	0.190573	0.0426533	0.013034	0.0198026	0.0107341	0.162936	0.153896	0.0411268	0.0188381	0.0351907	0.000743504	0.00523934
146	0.0781068	0.000577895	0.208222	0.319157	0.00231526	0.029647	0.00758525	0.0125789	0.0453361	0.0196278	0.0220951	0.0338918	0.0160326	0.0872508	0.0355863	0.0407211	0.0219678	0.0177868	0.000277533	0.00123536
147	0.134004	0.000571257	0.058481	0.184289	0.00267464	0.0203952	0.0150005	0.0580775	0.102501	0.0517725	0.0162822	0.0127557	0.010003	0.149988	0.0919767	0.0320505	0.0179324	0.0392325	0.000365394	0.00164667
148	0.101095	0.000433173	0.0670877	0.213204	0.00211656	0.00950431	0.00850092	0.0406388	0.104333	0.0526431	0.00720849	0.00737228	0.0136159	0.191992	0.102411	0.0286526	0.0109642	0.0368221	0.000336684	0.00106811
149	0.0273553	0.0005699	0.0103888	0.0476679	0.000675837	0.0062948	0.00580021	0.00107507	0.442522	0.0197461	0.015879	0.0232677	0.00236985	0.0564957	0.306834	0.0175807	0.00792879	0.00417416	0.000185802	0.0031876
150	0.0359864	0.000590979	0.025679	0.0653568	0.00143561	0.00678409	0.00859999	0.00388068	0.358081	0.0269091	0.0141393	0.0262445	0.00374268	0.102805	0.275437	0.0213715	0.0104706	0.00867506	0.000313754	0.00349699
151	0.0273348	0.000568257	0.0110343	0.0474843	0.000635536	0.00617911	0.00599712	0.00108516	0.444702	0.0189187	0.0158086	0.0240491	0.00234768	0.0578012	0.302341	0.0178482	0.00832493	0.00415037	0.00017516	0.00321456
152	0.0956432	0.000480773	0.0723385	0.221603	0.00181243	0.00932552	0.00862276	0.0366473	0.106824	0.0504724	0.00793401	0.00826211	0.0142529	0.186952	0.0999287	0.0314621	0.0104768	0.0356244	0.00031017	0.00102815
153	0.0579857	0.000174007	0.270215	0.364415	0.00187212	0.0259869	0.00631365	0.0037081	0.0310712	0.0132255	0.00609232	0.0282955	0.0151462	0.0729185	0.0134567	0.0517051	0.0266963	0.00966425	0.000132308	0.000925869
154	0.0554435	0.000159393	0.269221	0.374867	0.00186748	0.0236374	0.00526381	0.003284	0.0320127	0.0129081	0.00495186	0.0267842	0.01444	0.0772716	0.0146183	0.048864	0.0251777	0.00852611	0.00011167	0.000590005
155	0.165696	0.000844583	0.0472545	0.184358	0.00330063	0.0148798	0.0115088	0.0832046	0.0875106	0.0559715	0.0119253	0.00730307	0.0100681	0.128036	0.0955556	0.0221804	0.0226756	0.0454582	0.000563201	0.00170624
156	0.164966	0.000692772	0.0459831	0.176228	0.00386498	0.0169254	0.0102881	0.0876662	0.0916072	0.0566829	0.0116156	0.00530732	0.00960333	0.1376	0.083088	0.0213807	0.0187649	0.055759	0.000513998	0.00146215
157	0.0670607	0.00028118	0.243668	0.335481	0.00222567	0.0340193	0.00712847	0.00633232	0.0359235	0.0142721	0.00802953	0.0356044	0.0179098	0.0757938	0.0153944	0.0598191	0.0270639	0.0119206	0.000270748	0.00180154
158	0.032352	0.000970726	0.0107858	0.0477523	0.0013476	0.00982448	0.00580793	0.00406291	0.411306	0.0252282	0.0189372	0.025908	0.00238261	0.0612827	0.299608	0.018673	0.00953564	0.008871	0.000442921	0.00492082
159	0.0837429	0.000991474	0.148739	0.268418	0.00424966	0.0472452	0.0111153	0.0144744	0.0671961	0.0258716	0.015178	0.0341986	0.0195704	0.106948	0.0362946	0.0530795	0.0317075	0.0256508	0.00105604	0.00427275
160	0.0574715	0.00130549	0.0151781	0.0540724	0.00329118	0.0200804	0.00847996	0.0123685	0.340086	0.0286332	0.0208302	0.0298789	0.00440305	0.0673132	0.255245	0.0322745	0.0205412	0.0197137	0.00142533	0.007408
161	0.059609	0.0037766	0.0155248	0.0272742	0.0104322	0.0123252	0.00329606	0.192179	0.0241746	0.139122	0.082204	0.0128524	0.018891	0.0306905	0.0127603	0.0292089	0.0903569	0.22529	0.00155762	0.00847429
162	0.183051	0.00216661	0.0265868	0.0778095	0.0101738	0.0472838	0.0112423	0.0505096	0.0225258	0.0965154	0.0965226	0.0249132	0.0317206	0.123648	0.0206712	0.0898356	0.0439075	0.0348686	0.00296279	0.00308602
163	0.0467459	0.0134221	0.00944209	0.017615	0.209245	0.0086484	0.0274302	0.0511643	0.0271439	0.108307	0.0465226	0.0124449	0.015799	0.020953	0.0170242	0.0327059	0.0319969	0.0538602	0.0307299	0.218799
164	0.355494	0.00148241	0.034001	0.051165	0.00639102	0.0548622	0.00759189	0.0114798	0.0175405	0.0215638	0.0117638	0.069817	0.0256101	0.0726047	0.0122755	0.147521	0.0640256	0.0305197	0.000595956	0.00369549
165	0.0703865	0.00179448	0.0188108	0.0648452	0.0258562	0.0155167	0.00660859	0.0208135	0.0148704	0.066041	0.0987604	0.0394355	0.01344	0.133503	0.0118889	0.248879	0.115515	0.0260829	0.00160104	0.00535129
166	0.00878325	0.00294249	0.00326085	0.00563413	0.0109572	0.00318253	0.00101066	0.465922	0.0236675	0.0609773	0.0072024	0.00348748	0.00542654	0.00959252	0.00648505	0.00973313	0.0195828	0.351155	0.000224924	0.000772026
167	0.061984	0.00116636	0.256545	0.260111	0.00567159	0.0350172	0.0154599	0.00938685	0.0314337	0.0218653	0.0130948	0.0513406	0.0199919	0.0686135	0.0181367	0.0632328	0.0348105	0.0174627	0.00192671	0.0127488
168	0.0507907	0.00652591	0.0280868	0.0192018	0.0736576	0.0233084	0.0310274	0.0167886	0.0145253	0.0317145	0.0164443	0.0159269	0.034482	0.0204759	0.0289451	0.0497377	0.0247592	0.0245613	0.342475	0.146566
169	0.0450402	0.00169939	0.0397612	0.0534757	0.00606886	0.014449	0.179006	0.00722928	0.0582398	0.0215232	0.00969252	0.172041	0.00949756	0.0965555	0.0471302	0.0777342	0.0369868	0.0114566	0.00177052	0.110643
170	0.0717219	0.00299836	0.244745	0.220089	0.00369936	0.043025	0.0147587	0.00920199	0.0292669	0.0201858	0.0107253	0.0593206	0.0250161	0.0615139	0.0146794	0.0965643	0.0467417	0.0162211	0.00139039	0.00813605
171	0.0202527	0.00133019	0.00360815	0.00738375	0.713195	0.00417145	0.0259106	0.00702676	0.00664331	0.0332422	0.00821145	0.00437021	0.0037084	0.00909519	0.00380494	0.0251723	0.00796116	0.00717884	0.00310077	0.104632
172	0.167653	0.0126756	0.0058464	0.0145702	0.0149627	0.00974721	0.00775285	0.135436	0.00788232	0.0433902	0.0125699	0.00984374	0.0285896	0.0252977	0.00460185	0.0461077	0.0819874	0.356887	0.000936727	0.0132618
173	0.104902	0.00704664	0.0065622	0.0132995	0.0112592	0.00821016	0.00579514	0.205528	0.0128974	0.0615023	0.0227802	0.0080502	0.0192526	0.0190032	0.00569702	0.0302773	0.0793824	0.369633	0.000962011	0.00795851
174	0.175795	0.0133805	0.00670251	0.0174657	0.0162287	0.0121935	0.0078665	0.134823	0.0106278	0.0480706	0.0133939	0.0102455	0.0303364	0.0296291	0.00628631	0.0477267	0.0805633	0.327338	0.000859402	0.0104675
175	0.0738339	0.000602387	0.221949	0.292641	0.00268541	0.0440632	0.00845135	0.00805187	0.0303564	0.0181237	0.00940569	0.0407417	0.0197325	0.0825063	0.0151475	0.0750311	0.0365085	0.016312	0.000465819	0.00339062
176	0.10374	0.00310571	0.0244887	0.0341942	0.00713379	0.024511	0.00694432	0.0193867	0.0201417	0.0325448	0.0215867	0.0392618	0.017652	0.0721962	0.0144565	0.245891	0.266103	0.0414094	0.000857826	0.00439518
177	0.00613903	0.00290416	0.00318588	0.00555314	0.0119593	0.00315492	0.000915037	0.466543	0.0233328	0.069974	0.00912945	0.00349365	0.00508243	0.00939178	0.00652023	0.00898991	0.0184127	0.344296	0.000204596	0.000818286
178	0.0517172	0.000885652	0.324443	0.226285	0.00518601	0.0465659	0.0383383	0.00342583	0.0119867	0.0135826	0.0141345	0.0678975	0.0161809	0.0431746	0.00528458	0.0577082	0.0298354	0.00986804	0.003899	0.0296016
179	0.0191631	0.00149729	0.00306941	0.00699839	0.721109	0.00360348	0.0261642	0.00597115	0.00585103	0.0336404	0.00806977	0.00411811	0.00370626	0.00797403	0.00347075	0.0245281	0.00702873	0.00657105	0.00286998	0.104596
180	0.13081	0.00204444	0.029593	0.0888738	0.0194059	0.0300518	0.034181	0.0138292	0.0631278	0.0324624	0.0124804	0.0391474	0.0872745	0.141684	0.0435198	0.0694368	0.0721188	0.073274	0.000554496	0.0161304
181	0.177	0.00130654	0.094087	0.128263	0.00326103	0.0719735	0.00908243	0.0240399	0.0191713	0.0316046	0.0154688	0.0450256	0.0641597	0.0801732	0.0143225	0.101178	0.0706918	0.0396917	0.000391474	0.00910765
182	0.0566594	0.00139206	0.308622	0.155623	0.00957559	0.0658478	0.0562754	0.00334764	0.00833779	0.0119675	0.0175092	0.10618	0.00793013	0.0464112	0.00279212	0.0578893	0.0205551	0.0058355	0.00715642	0.0500929
183	0.0529985	0.00020381	0.267517	0.366304	0.00203001	0.0231741	0.00635525	0.00328005	0.03488	0.0136185	0.00526329	0.0289144	0.0138296	0.0835811	0.0158414	0.0472448	0.024091	0.00878041	0.00027963	0.00181372
184	0.0887645	0.0255428	0.0355198	0.0260657	0.0268788	0.0154981	0.0491104	0.0727563	0.0595914	0.0418889	0.0381959	0.0274352	0.0368335	0.112839	0.0358629	0.0949356	0.10168	0.0836233	0.00207328	0.0249051
185	0.13978	0.000841076	0.10338	0.165775	0.00220483	0.0732539	0.0107813	0.031037	0.0353828	0.0329249	0.0220189	0.0339749	0.0388836	0.10128	0.0233473	0.0775023	0.056405	0.0463907	0.000255194	0.00458134
186	0.0571576	0.00132981	0.307778	0.159776	0.00882752	0.0641128	0.0546042	0.00345912	0.00848613	0.0122186	0.0179174	0.104704	0.00840869	0.0462893	0.00273207	0.0579339	0.0212581	0.00628017	0.00699035	0.0497366
187	0.0173176	0.0101739	0.00200014	0.00803378	0.128803	0.00204248	0.010479	0.109887	0.00384245	0.470405	0.0768714	0.0063803	0.0022094	0.00997814	0.00571122	0.00920785	0.0115247	0.0900267	0.000565618	0.0245413
188	0.074569	0.000620663	0.015264	0.0145278	0.00232774	0.0236698	0.0192132	0.0095409	0.0181334	0.0245227	0.0176973	0.0120937	0.640257	0.0488246	0.0176043	0.0192137	0.0218687	0.015028	0.00214697	0.00287608
189	0.071738	0.0003338	0.0079686	0.00517946	0.0011872	0.0236696	0.0203167	0.00909653	0.0158844	0.023637	0.0177429	0.0105124	0.684506	0.0478907	0.0175672	0.0111731	0.0171513	0.0136071	0.00015187	0.000686349
190	0.0492673	0.000156586	0.287874	0.363511	0.00160691	0.0241649	0.00598163	0.00293943	0.029183	0.0152512	0.00505536	0.0263521	0.0161939	0.0689666	0.0166048	0.0515335	0.0261058	0.00835872	0.000104918	0.000788815
191	0.0585206	0.000215993	0.174661	0.342529	0.00179914	0.0166415	0.00505981	0.00972875	0.0634111	0.023472	0.00637168	0.0221718	0.0144515	0.134754	0.042625	0.0454701	0.0176566	0.0192978	0.000198784	0.000964408
192	0.0212415	0.0134671	0.00194999	0.00890003	0.0619083	0.00128561	0.00147546	0.184894	0.00449369	0.368342	0.0902374	0.00608259	0.00231803	0.00945153	0.00464046	0.00723293	0.0110584	0.189454	0.00020009	0.0113673
193	0.15064	0.00122009	0.0403149	0.130503	0.00635563	0.0568741	0.0119941	0.0712649	0.0995817	0.0592857	0.0237435	0.0153449	0.0134097	0.126673	0.05525	0.0357267	0.0306223	0.0662931	0.0012709	0.00363144
