475	20
1	0.0160879	0.00370844	0.0122677	0.035539	0.0741103	0.0561088	0.0268931	0.123731	0.0526716	0.123795	0.0327618	0.0189325	0.0132009	0.0971646	0.128283	0.047138	0.0739999	0.0566046	0.00113706	0.00586388
2	0.0842595	0.00238452	0.00241624	0.00338156	0.0888857	0.00316803	0.0613256	0.0967963	0.00361731	0.239713	0.0158056	0.00570637	0.0715996	0.0210016	0.00430676	0.0797946	0.0546038	0.111566	0.00100957	0.0486585
3	0.0273607	0.000793375	0.000899504	0.013761	0.00161889	0.0144717	0.00246357	0.0128018	0.506812	0.0138038	0.0108872	0.0349359	0.0082607	0.0261884	0.264118	0.0279048	0.0213822	0.0094891	0.00150295	0.000544495
4	0.0388328	0.0122031	0.00398016	0.0117031	0.00392144	0.0412571	0.0240677	0.00680772	0.254953	0.0246788	0.0173342	0.0252794	0.00265434	0.063848	0.359998	0.0487273	0.0248026	0.0148373	0.0171766	0.00293695
5	0.172317	0.00637559	0.014425	0.0202326	0.00588154	0.0514009	0.0205251	0.0103878	0.0834335	0.0217054	0.00748473	0.0236034	0.172259	0.0193562	0.0922276	0.178256	0.0508838	0.0411122	0.0029498	0.00518298
6	0.0391761	0.0232738	0.00903878	0.00578309	0.169189	0.00968706	0.0633867	0.0603585	0.0110314	0.201795	0.0377579	0.0438864	0.0188845	0.0105265	0.0337071	0.0977378	0.0308135	0.0847321	0.00124045	0.0479946
7	0.176365	0.0049095	0.0163478	0.0259011	0.00743138	0.0217869	0.0293177	0.0214153	0.0351816	0.0651788	0.0116393	0.030969	0.239546	0.0303463	0.0137512	0.089771	0.0942099	0.0804994	0.000609598	0.00482353
8	0.206267	0.00613874	0.01983	0.0213507	0.00771248	0.0381717	0.0211302	0.0123866	0.0439664	0.0363609	0.00794295	0.0247075	0.152761	0.021416	0.0565899	0.187059	0.0651891	0.0637754	0.00172869	0.00551564
9	0.149049	0.00358667	0.0178227	0.0326353	0.00847956	0.0159725	0.0232722	0.0156718	0.0281554	0.0543111	0.0098025	0.025875	0.325785	0.0216928	0.0194491	0.100095	0.0838659	0.0567733	0.00104468	0.00666033
10	0.0872629	0.00656051	0.0994623	0.0607228	0.00872677	0.0453089	0.031027	0.0140896	0.0274338	0.0230092	0.00789917	0.117535	0.0233684	0.0190602	0.0196987	0.243876	0.129034	0.0261065	0.000896446	0.0089216
11	0.148331	0.00409343	0.0147671	0.0229484	0.00919897	0.0227765	0.0246874	0.0208754	0.0264372	0.0677889	0.00980783	0.0256165	0.305917	0.0226619	0.0145692	0.0824587	0.0904744	0.0800297	0.000777514	0.00578302
12	0.183876	0.00603746	0.0197962	0.0388546	0.00707339	0.0132398	0.0243559	0.056954	0.0513191	0.0447766	0.0155125	0.0372638	0.101013	0.0418032	0.0261629	0.0795225	0.127355	0.11971	0.000745395	0.0046295
13	0.0868727	0.00278465	0.0998528	0.143972	0.00673502	0.0331504	0.0240853	0.015936	0.124945	0.017036	0.00778145	0.0670871	0.0474346	0.054924	0.0688496	0.0832651	0.0620598	0.0478597	0.000709764	0.00465934
14	0.148844	0.0118811	0.0196594	0.0415188	0.0146694	0.0105945	0.066226	0.0217155	0.0504975	0.0619278	0.0117339	0.0587195	0.0829206	0.0569967	0.0319112	0.121051	0.100274	0.0571784	0.0013439	0.0303366
15	0.0322138	0.00601253	0.0116908	0.0279804	0.0645491	0.0362927	0.0318945	0.117452	0.0693489	0.115263	0.0305768	0.0249472	0.034966	0.0804434	0.119036	0.0466863	0.0761817	0.0631351	0.00123631	0.0100928
16	0.0267017	0.00176088	0.00133319	0.014051	0.00228522	0.0127124	0.00337386	0.0173674	0.4786	0.0253615	0.0170828	0.0339585	0.00815415	0.0371899	0.254508	0.0248478	0.0238008	0.0142199	0.00196536	0.000726046
17	0.328293	0.0083236	0.0564479	0.0353504	0.00369926	0.0512615	0.0131127	0.00322973	0.012393	0.0215475	0.00673312	0.026205	0.0580701	0.0326465	0.021519	0.264509	0.0403534	0.0138913	0.000561064	0.00185262
18	0.235151	0.00975481	0.0173459	0.0415917	0.0299799	0.0276369	0.0294721	0.0217503	0.0138997	0.105166	0.0357419	0.0184605	0.0378381	0.0278683	0.0325828	0.101965	0.109766	0.0943286	0.00187505	0.00782523
19	0.00205711	0.00336038	0.000810879	0.00105108	0.0515863	0.000872786	0.00734792	0.0646974	0.000919552	0.723391	0.0529211	0.00195706	0.000600044	0.0100066	0.0084831	0.00839738	0.00758231	0.0422091	0.000250406	0.0114986
20	0.131884	0.00944849	0.0132209	0.0359621	0.0402114	0.0301008	0.0307905	0.0568569	0.0280637	0.123193	0.0451828	0.0372029	0.0353484	0.0345252	0.101645	0.0459296	0.0687819	0.12369	0.000647089	0.00731488
21	0.0138133	0.00170547	0.00566141	0.00646419	0.00197975	0.0164188	0.0405756	0.00743028	0.353712	0.00992727	0.00788195	0.0277837	0.00331498	0.04135	0.409456	0.0238057	0.0146326	0.00668793	0.00444156	0.00295803
22	0.0343367	0.00496589	0.131862	0.18643	0.00474172	0.0677526	0.0589624	0.00915764	0.0616861	0.0237853	0.00438741	0.0468375	0.00562055	0.162453	0.112914	0.0270711	0.0226448	0.0282702	0.00384225	0.00227853
23	0.0213707	0.00890693	0.00873767	0.0180623	0.0467091	0.0208716	0.0743695	0.0526813	0.0717549	0.141904	0.0419212	0.0567173	0.0115614	0.0960839	0.135264	0.0407517	0.0508371	0.0741292	0.00173341	0.0256333
24	0.0908446	0.00337254	0.10133	0.112439	0.00486417	0.342008	0.0171028	0.00716227	0.0411686	0.0110342	0.00340581	0.0352783	0.0220331	0.0354943	0.042622	0.0538415	0.0283668	0.0440097	0.000947871	0.00267479
25	0.0834863	0.00431735	0.172491	0.181163	0.00350674	0.166003	0.0206068	0.00467644	0.046272	0.0096507	0.00243854	0.0627669	0.0070464	0.0401064	0.0511911	0.0721363	0.0252009	0.0444772	0.000480686	0.00198242
26	0.124045	0.00646311	0.124211	0.0907609	0.00357155	0.246354	0.0164846	0.0108686	0.0199892	0.0133042	0.0030868	0.0827211	0.00560219	0.0229724	0.0291732	0.118842	0.0306088	0.0475929	0.000542	0.00280657
27	0.106466	0.00715595	0.140271	0.094933	0.00268365	0.23492	0.0186154	0.00604445	0.0220559	0.0146933	0.00270145	0.10479	0.0039389	0.0195441	0.0278073	0.114033	0.0341488	0.0422518	0.0003357	0.00261162
28	0.0669191	0.00109472	0.275608	0.350953	0.0021019	0.0517702	0.0106361	0.00899549	0.0335597	0.00792223	0.00207634	0.0376648	0.0104627	0.0386382	0.0254824	0.0294449	0.0204955	0.0209442	0.00128301	0.00394808
29	0.205247	0.0149168	0.031676	0.0471685	0.0193514	0.0551068	0.0245477	0.0318659	0.0204152	0.0642574	0.0160123	0.0356823	0.0734591	0.0211163	0.0279687	0.0837415	0.0969376	0.126757	0.00057488	0.00319744
30	0.0631839	0.00944521	0.00924312	0.0215645	0.0106639	0.0262663	0.0149828	0.0216986	0.299839	0.0552677	0.0188569	0.0314484	0.0157361	0.0432671	0.231424	0.0490768	0.0353116	0.0304268	0.00676138	0.00553515
31	0.0593369	0.00506886	0.170892	0.13975	0.00727749	0.0954257	0.0266005	0.0140598	0.0525685	0.0206752	0.0079949	0.080051	0.0137128	0.0467717	0.0999977	0.0647632	0.0323972	0.0555293	0.0015739	0.00555294
32	0.10601	0.00639475	0.0152048	0.0263596	0.0103174	0.0153224	0.0168055	0.0725112	0.128324	0.0428603	0.0269193	0.0255681	0.0351671	0.029864	0.0674061	0.0619463	0.137405	0.165089	0.00376183	0.0067644
33	0.0249388	0.00339074	0.0972401	0.0199536	0.00525077	0.0396652	0.0613084	0.0207522	0.0317722	0.0164515	0.00207947	0.324085	0.00206047	0.0121237	0.0120825	0.237306	0.0703833	0.00754384	0.000605849	0.0110065
34	0.0112638	0.0209511	0.00686456	0.00625642	0.504704	0.00535975	0.0192891	0.0241265	0.00486196	0.0737708	0.0111609	0.00647554	0.0040439	0.0090849	0.0103271	0.0187765	0.00884319	0.021427	0.00120392	0.23121
35	0.0289626	0.00161378	0.0166012	0.0081893	0.00247173	0.807587	0.0112939	0.00261891	0.0131303	0.00412043	0.00214895	0.00770827	0.00451447	0.0052956	0.0411068	0.0100678	0.00842381	0.0215003	0.000889707	0.00175512
36	0.00320624	0.0223295	0.0066778	0.00677594	0.521006	0.00168271	0.00710523	0.0101919	0.00176325	0.0341064	0.00646474	0.00309476	0.00111697	0.00647679	0.00672662	0.0069608	0.00261177	0.0117045	0.000536904	0.339462
37	0.338204	0.0085818	0.0483395	0.0310803	0.00372812	0.0389514	0.0150491	0.00189544	0.0104423	0.0247428	0.00649379	0.0284399	0.0700036	0.0231387	0.0147622	0.283161	0.0396904	0.0113116	0.00039758	0.00158652
38	0.0185215	0.000745556	0.00126364	0.00945781	0.00155728	0.0113815	0.00874513	0.0123987	0.490806	0.0133537	0.0110121	0.0335612	0.00462455	0.0328832	0.2961	0.023513	0.0187285	0.00857196	0.00183985	0.000934784
39	0.0212548	0.00170846	0.0819857	0.079825	0.0036075	0.0244576	0.196831	0.00816638	0.0223019	0.0346496	0.00234423	0.137989	0.00218942	0.278781	0.0509527	0.0239602	0.0146075	0.0112121	0.000799612	0.00237554
40	0.00206411	0.00493409	0.00109326	0.000892946	0.159798	0.000953129	0.00778041	0.056283	0.000985188	0.618966	0.0474794	0.00296772	0.000810846	0.00856989	0.0071839	0.00826563	0.00708057	0.0400893	0.000317197	0.0234849
41	0.266062	0.00758491	0.0618801	0.0918324	0.018569	0.0817754	0.0344886	0.00834956	0.0111773	0.0297892	0.0258284	0.0311775	0.0151345	0.028162	0.0289994	0.12454	0.0886528	0.0432657	0.000640497	0.00209072
42	0.273303	0.0146508	0.039602	0.0237606	0.00355995	0.0542293	0.0192996	0.00385425	0.0220153	0.0164862	0.0055995	0.0535401	0.0439689	0.0279131	0.0135393	0.300325	0.0575456	0.0235206	0.000536716	0.00275026
43	0.00650773	0.00196315	0.0126774	0.00235088	0.00207348	0.0177649	0.110348	0.00294891	0.245416	0.00696161	0.0027791	0.0232139	0.00183489	0.063169	0.451331	0.0188791	0.00751971	0.00421583	0.00840405	0.00964088
44	0.00358742	0.0221196	0.0061431	0.00568359	0.51974	0.0015954	0.00763815	0.0139334	0.00182895	0.0390799	0.00865128	0.00316894	0.00164882	0.00595051	0.0067418	0.0072528	0.00294063	0.0147932	0.000655087	0.326847
45	0.0314078	0.000762048	0.372948	0.351684	0.000724434	0.0313648	0.00541394	0.00238931	0.010503	0.0106655	0.00200207	0.0514814	0.0114203	0.0283021	0.0102873	0.0354692	0.0259058	0.0100494	0.00245244	0.0047673
46	0.0138298	0.00351336	0.00422292	0.000917704	0.0140963	0.000880627	0.00141305	0.36933	0.00147616	0.284933	0.0799897	0.00160846	0.000710124	0.0017093	0.00224539	0.00497763	0.0180669	0.193799	0.000268516	0.00201207
47	0.10865	0.00578401	0.093532	0.0583098	0.00270615	0.402868	0.0141534	0.00508914	0.0156111	0.0109647	0.00375898	0.0671999	0.00934013	0.0142917	0.0239209	0.106123	0.024318	0.030046	0.000503722	0.00282965
48	0.0366407	0.00127348	0.223673	0.259762	0.00368817	0.0894903	0.0189618	0.00297063	0.0895488	0.00489904	0.00209236	0.0268464	0.00752986	0.0715911	0.0868071	0.0171323	0.0107859	0.0431659	0.000698194	0.00244359
49	0.0654065	0.00660236	0.138015	0.182958	0.0236282	0.0310932	0.0339966	0.0328954	0.0313157	0.138275	0.0171547	0.0428025	0.0227704	0.0429582	0.0340832	0.0532042	0.0410994	0.0428256	0.00243375	0.0164816
50	0.020522	0.0029782	0.00474879	0.000916726	0.00939432	0.000893114	0.0010373	0.40394	0.00176418	0.223235	0.0681998	0.00155081	0.0020767	0.00114056	0.00202255	0.00499695	0.0204975	0.228503	0.000245988	0.00133696
51	0.0590665	0.00605249	0.0380691	0.029208	0.00287756	0.623482	0.0130282	0.00621127	0.0230707	0.00949459	0.00372343	0.0229905	0.00806435	0.0131583	0.0454617	0.047349	0.0176306	0.0267966	0.00119854	0.00306655
52	0.0137745	0.00236857	0.0186592	0.0118128	0.00675794	0.0172954	0.179232	0.00538578	0.179579	0.0155549	0.00397852	0.0320323	0.00376079	0.0808494	0.36192	0.025587	0.00995394	0.00748213	0.00765406	0.0163611
53	0.0460299	0.00336961	0.0479984	0.0354314	0.00350873	0.632908	0.0125515	0.00577061	0.0210004	0.00903062	0.00276303	0.0245649	0.0124478	0.0126426	0.0388682	0.0412945	0.0182249	0.0260438	0.00156225	0.00398923
54	0.0243554	0.00267191	0.049122	0.0560916	0.0198987	0.0191225	0.191728	0.0119371	0.0496083	0.0400912	0.00761118	0.0760642	0.00685957	0.226061	0.0960356	0.0390146	0.0204226	0.0161054	0.0029777	0.0442208
55	0.00481813	0.0213492	0.00667551	0.00674824	0.551475	0.00184046	0.0171366	0.0123391	0.00231337	0.0441951	0.00765814	0.00550711	0.00229535	0.00740481	0.00743123	0.0100052	0.00325987	0.0132628	0.00500428	0.269281
56	0.0398788	0.00429662	0.0430527	0.0339788	0.00386573	0.658232	0.0137553	0.00599694	0.0216547	0.0100844	0.00401416	0.0239957	0.00695857	0.0108615	0.0440558	0.0314545	0.0149208	0.024439	0.0011892	0.00331483
57	0.00734695	0.00708589	0.0279274	0.0169073	0.13097	0.00312493	0.274851	0.0111488	0.00409438	0.0501897	0.0155311	0.0612675	0.00902716	0.0350642	0.00544279	0.0688681	0.0116453	0.00970307	0.00370774	0.246096
58	0.109198	0.0077266	0.0340678	0.0390685	0.0171409	0.0301927	0.0210406	0.0465881	0.0406404	0.0655459	0.0367702	0.036322	0.0330695	0.0266262	0.0404122	0.157722	0.170432	0.0736259	0.00327176	0.0105395
59	0.0268233	0.053859	0.0101707	0.00815186	0.306528	0.0116972	0.0372493	0.0245258	0.00927584	0.0669946	0.0151823	0.0174303	0.00580526	0.00886905	0.0325077	0.0806234	0.0163755	0.0367763	0.001257	0.229898
60	0.206247	0.0110308	0.00456876	0.00895509	0.0384306	0.0146801	0.0131557	0.0174679	0.02456	0.108445	0.0132781	0.00908735	0.0122127	0.0288219	0.0114369	0.192852	0.112736	0.0969059	0.0217938	0.0533338
61	0.292598	0.00583155	0.0338271	0.026587	0.00639551	0.348342	0.0116909	0.0069493	0.0151367	0.0130054	0.00568493	0.0257601	0.00842535	0.0100797	0.0249487	0.0824717	0.0266102	0.0512906	0.00127689	0.00308797
62	0.0245545	0.00218686	0.0019873	0.0113679	0.00336507	0.00992993	0.00599125	0.0489836	0.411284	0.0300172	0.0250903	0.0314492	0.00557536	0.0324166	0.242391	0.0221946	0.0532931	0.0350204	0.00152052	0.00138077
63	0.235489	0.037661	0.0321306	0.0542656	0.0355376	0.0840143	0.0323492	0.0511014	0.0080779	0.0677354	0.0294734	0.015005	0.0148158	0.00920809	0.0172679	0.0290769	0.0380251	0.20382	0.00132539	0.00362032
64	0.019909	0.00073154	0.000735825	0.0107484	0.0015851	0.0119832	0.00386862	0.0132059	0.509734	0.0143206	0.0115361	0.0345773	0.0052965	0.0297796	0.276961	0.0239081	0.0198662	0.00909109	0.00157837	0.000583033
65	0.0165977	0.00125658	0.00265588	0.00838958	0.00185641	0.0137012	0.0209108	0.0110653	0.440919	0.0127026	0.0100524	0.0293247	0.00420882	0.0361277	0.335699	0.0239156	0.0177601	0.00822622	0.00287537	0.00175484
66	0.0508679	0.00373545	0.0477188	0.0350052	0.00344417	0.632542	0.0156602	0.00471675	0.0184458	0.00827968	0.0031187	0.0277474	0.00682635	0.0173524	0.0393595	0.0352978	0.0165015	0.0260531	0.00390313	0.00342424
67	0.0340778	0.000424838	0.36761	0.369424	0.000584788	0.0318324	0.00528214	0.00198672	0.0127253	0.00882538	0.00138109	0.0492938	0.0125424	0.0307201	0.0109791	0.0304358	0.01634	0.00908038	0.00188586	0.00456762
68	0.0316729	0.0300623	0.0163189	0.00481886	0.109068	0.00667115	0.108891	0.0827367	0.0232102	0.135	0.0683878	0.0529386	0.0230511	0.0132671	0.0668889	0.093866	0.0188407	0.0722014	0.000674767	0.0414333
69	0.0282857	0.00260595	0.010158	0.0207907	0.0022806	0.0170952	0.00744555	0.0145267	0.416039	0.0139315	0.0111771	0.07056	0.0111406	0.034049	0.226442	0.0596055	0.0397223	0.0108635	0.00197464	0.00130655
70	0.0639587	0.00495694	0.157137	0.102517	0.00190616	0.310119	0.0177747	0.00533521	0.0195766	0.0106023	0.0020532	0.110772	0.003527	0.0177576	0.0217375	0.0895081	0.0270868	0.0281292	0.000961918	0.00458269
71	0.0161764	0.00143564	0.071441	0.0931018	0.00284219	0.0228656	0.182592	0.0082924	0.0264557	0.0401762	0.00203595	0.10472	0.00155414	0.318502	0.0605328	0.0176948	0.0148878	0.0123173	0.000759292	0.00161763
72	0.137339	0.00587324	0.0492305	0.0936379	0.00773394	0.021085	0.0325844	0.0187908	0.0550058	0.0454079	0.0118812	0.0580026	0.0883373	0.0475787	0.0398399	0.119752	0.0979173	0.0629395	0.000488145	0.00657462
73	0.0495599	0.00262098	0.00480535	0.00266886	0.0141222	0.00240025	0.00807812	0.2907	0.00376744	0.156651	0.0381609	0.003496	0.0145059	0.00348737	0.00446221	0.0170773	0.0316333	0.344767	0.000315095	0.00672114
74	0.37542	0.00878071	0.031614	0.0355572	0.0100536	0.0482667	0.0141578	0.030135	0.0226718	0.0326894	0.0153266	0.0225356	0.0234356	0.0203723	0.0256488	0.156583	0.05321	0.0614078	0.00509015	0.00704432
75	0.058246	0.00122592	0.00372372	0.00136515	0.00442652	0.00150579	0.00170146	0.291348	0.00298356	0.0722567	0.0199379	0.00172476	0.0123351	0.00197736	0.00373749	0.00733834	0.0365411	0.475304	0.00035835	0.0019631
76	0.0259771	0.00244414	0.0121168	0.0202198	0.00428282	0.022326	0.016441	0.0140911	0.423648	0.0189532	0.0124936	0.0332754	0.00754666	0.035431	0.272728	0.0344648	0.024456	0.0140038	0.00280226	0.00229843
77	0.0408987	0.0036059	0.00675222	0.00994864	0.0148698	0.0101094	0.00960821	0.256892	0.0480141	0.112346	0.032924	0.0108782	0.00958595	0.0210139	0.0713677	0.0197494	0.0447721	0.272078	0.00082019	0.00376589
78	0.0182948	0.00336433	0.00406132	0.000925907	0.013844	0.00124424	0.00511028	0.411309	0.00173668	0.247234	0.0622566	0.00184036	0.00327135	0.00201044	0.00263154	0.0120817	0.0196803	0.185309	0.000327059	0.00346695
79	0.335597	0.00620406	0.0529166	0.0414113	0.00588408	0.0313203	0.0173687	0.0054779	0.0131114	0.0282875	0.0161136	0.0211784	0.0940491	0.0232382	0.0270836	0.211533	0.0444064	0.0213888	0.00101583	0.00241411
80	0.0231709	0.0018164	0.00283835	0.00947018	0.00232648	0.0166039	0.0157884	0.0130618	0.43677	0.0153633	0.0121253	0.0302323	0.00464359	0.0367048	0.314101	0.0280989	0.0200333	0.0111564	0.00400883	0.00168609
81	0.38881	0.0103128	0.0293307	0.0169392	0.00318696	0.0310883	0.0105782	0.00210241	0.0164609	0.0159534	0.00486934	0.0283631	0.0630671	0.016887	0.0120833	0.301595	0.0302179	0.0158406	0.000560307	0.0017541
82	0.0233583	0.00223288	0.00439116	0.0120664	0.00237157	0.0169949	0.0126927	0.0114958	0.446784	0.0142035	0.0116714	0.0327278	0.00727816	0.034845	0.297189	0.0334928	0.0207633	0.0109261	0.00303344	0.00148166
83	0.0617496	0.00768578	0.011528	0.011331	0.0348669	0.0113076	0.0251377	0.146081	0.0308395	0.20124	0.110619	0.0165143	0.0104381	0.0197272	0.0303725	0.0557917	0.0832948	0.106868	0.002548	0.02206
84	0.128737	0.010914	0.00811464	0.0113979	0.0125278	0.011467	0.0154447	0.0879766	0.0173385	0.0682056	0.065072	0.016431	0.0217428	0.0162705	0.015337	0.134003	0.193713	0.15438	0.000996844	0.00993103
85	0.112032	0.0212708	0.00835691	0.0120414	0.0206578	0.0167275	0.023116	0.0640135	0.0172238	0.101433	0.030031	0.0192423	0.0238141	0.016887	0.0452738	0.209199	0.138854	0.103348	0.00163643	0.0148418
86	0.187029	0.00628931	0.0168991	0.0266918	0.0107601	0.0179443	0.0257142	0.0275429	0.0317707	0.063066	0.0153288	0.0269395	0.163471	0.0271105	0.0177881	0.118023	0.118307	0.0916882	0.000778443	0.00685818
87	0.0234519	0.00266016	0.00442811	0.00093271	0.00938829	0.000990364	0.00217089	0.418471	0.00187707	0.207884	0.0583544	0.00167038	0.0030254	0.00132616	0.00207911	0.00638256	0.0219428	0.230949	0.000280277	0.00173511
88	0.696361	0.00172737	0.00199931	0.00245134	0.00661822	0.0174324	0.00165052	0.00172067	0.00655487	0.00336747	0.00526951	0.00293269	0.00413097	0.00200258	0.00195938	0.202314	0.0046206	0.0351693	0.000579341	0.00113799
89	0.0707484	0.000893172	0.0037725	0.0015346	0.00242203	0.00130967	0.00136008	0.261513	0.00342665	0.0321412	0.00852684	0.00175107	0.0147869	0.0014709	0.00306299	0.00742367	0.0421147	0.539577	0.000294456	0.00186991
90	0.0531955	0.00231063	0.250923	0.334318	0.00319654	0.0461837	0.0172518	0.00584986	0.034236	0.0155986	0.00455705	0.0498225	0.0122587	0.0411495	0.0310344	0.045304	0.0246421	0.021813	0.00184425	0.00451087
91	0.0440264	0.00238653	0.344841	0.264338	0.00539943	0.0488799	0.0214917	0.00682719	0.0173252	0.0159661	0.00354818	0.0600974	0.0123587	0.0322759	0.0163406	0.0493022	0.0205002	0.0193585	0.00293452	0.0118028
92	0.166591	0.00598398	0.0142653	0.0182564	0.0103687	0.0153488	0.0105204	0.145608	0.0115755	0.0398323	0.0159642	0.00992958	0.0231993	0.0100247	0.0111034	0.0600393	0.0578632	0.361941	0.00564941	0.00593543
93	0.0330732	0.0109732	0.00576308	0.0123897	0.00393018	0.0460701	0.0333875	0.00876258	0.250668	0.0206252	0.0115184	0.0253071	0.00318236	0.06845	0.361877	0.0474798	0.0261034	0.0140329	0.0128563	0.0035493
94	0.0148627	0.00136914	0.00409139	0.00676937	0.0017799	0.0143658	0.0287318	0.00899016	0.38992	0.0112235	0.00901181	0.0263385	0.00344472	0.0368619	0.389593	0.023152	0.0163306	0.00754981	0.00339577	0.00221815
95	0.0512129	0.00247527	0.253136	0.348514	0.00567276	0.0477542	0.0141117	0.0110525	0.027937	0.0162106	0.00487037	0.0443261	0.0158356	0.0354613	0.0268096	0.0395936	0.022742	0.0215252	0.0029779	0.00778094
96	0.0697941	0.00438	0.0136403	0.0116435	0.0167519	0.0164726	0.0110508	0.210168	0.00940792	0.103273	0.0270172	0.0110334	0.0184421	0.00963898	0.0117389	0.0297743	0.0438533	0.37256	0.00170289	0.00765626
97	0.018288	0.00123911	0.00189734	0.00895976	0.00169782	0.0135221	0.0145022	0.0115476	0.464109	0.0133782	0.0110385	0.0325726	0.0044568	0.0375404	0.309575	0.0246845	0.0182791	0.00871751	0.00264202	0.00135228
98	0.0144321	0.00346647	0.00421729	0.000931773	0.0141333	0.000966323	0.00169246	0.372119	0.00154682	0.28078	0.0801862	0.00172757	0.000796895	0.00190862	0.00247453	0.00546542	0.0179652	0.192579	0.000350152	0.00226154
99	0.0193488	0.00476721	0.00460115	0.00411586	0.0533941	0.00368835	0.0178871	0.100893	0.00538158	0.561006	0.0496667	0.00709981	0.00907037	0.0108301	0.0119996	0.0228794	0.0198022	0.0734589	0.000574898	0.0195349
100	0.0191921	0.000820536	0.000777838	0.0101426	0.00157774	0.0115391	0.00372833	0.0137135	0.505793	0.0144172	0.0119445	0.0340032	0.00498116	0.0312946	0.280176	0.0240993	0.0201877	0.00942948	0.00161048	0.000571782
101	0.271822	0.00748824	0.100221	0.0955652	0.00541411	0.109416	0.014981	0.00446651	0.0123131	0.019633	0.00801015	0.0447645	0.0234468	0.0216477	0.020243	0.170397	0.0424615	0.0246033	0.00101204	0.0020936
102	0.0218432	0.00491826	0.0071269	0.00697535	0.0583846	0.00581258	0.0220188	0.100299	0.00934146	0.519982	0.0476351	0.00974658	0.0119259	0.0135519	0.0138845	0.0269483	0.0236981	0.0735477	0.0012775	0.0210823
103	0.0804702	0.00962649	0.00341457	0.00517077	0.0105377	0.0161119	0.00637623	0.00197333	0.0228063	0.0147784	0.00168973	0.0450202	0.015045	0.00261207	0.00587826	0.508548	0.24008	0.00373355	0.000396405	0.00573113
104	0.0547787	0.00378306	0.0799611	0.0549666	0.00318401	0.565679	0.0130539	0.00479474	0.0179382	0.0093272	0.00318345	0.0411451	0.0058104	0.0136162	0.0312059	0.0433059	0.0156988	0.035791	0.000674053	0.00210274
105	0.0250395	0.00327688	0.0450457	0.0334444	0.0335481	0.0210782	0.260633	0.0123168	0.0268724	0.045153	0.010975	0.116612	0.00946487	0.0865051	0.0440619	0.0826704	0.0271606	0.0153982	0.00380087	0.0969429
106	0.056983	0.00322127	0.0528627	0.0693012	0.00468121	0.0139751	0.0280709	0.0220134	0.165183	0.015359	0.0122505	0.142645	0.0345485	0.0757645	0.0739969	0.1458	0.0592715	0.0190636	0.000896537	0.00411178
107	0.0075391	0.00217978	0.0315907	0.0186206	0.0594949	0.00409998	0.350211	0.00424154	0.00469979	0.0468356	0.0140316	0.0863011	0.00869188	0.0383709	0.00513915	0.0886415	0.014787	0.00618715	0.00350045	0.204837
108	0.0134465	0.00353232	0.0040144	0.000909869	0.0162912	0.000974467	0.00176591	0.352465	0.00152667	0.306059	0.0786587	0.00175644	0.000889964	0.00253643	0.00284817	0.00530744	0.0174222	0.186703	0.000240537	0.00265276
109	0.0735795	0.000811416	0.00335099	0.00126276	0.00230979	0.00118544	0.00137193	0.254094	0.00280414	0.0213527	0.00504599	0.00161694	0.0160057	0.00131836	0.00261416	0.00747142	0.0423765	0.559233	0.000287914	0.00190821
110	0.00599803	0.00184606	0.0169748	0.00682519	0.00220903	0.0189179	0.122576	0.00322475	0.221044	0.00855048	0.00217443	0.0267941	0.00188093	0.0959513	0.416416	0.017833	0.00785801	0.00431161	0.010694	0.00792133
111	0.0037003	0.0219131	0.00622551	0.00611236	0.568907	0.0015386	0.0122481	0.0106966	0.00217052	0.0449035	0.00712994	0.00373603	0.00162586	0.00641235	0.0070325	0.0079881	0.00295704	0.0118461	0.000538729	0.272318
112	0.00602471	0.00164475	0.0279418	0.0180565	0.0651722	0.00296804	0.3735	0.00284893	0.00363154	0.0499199	0.012762	0.0663511	0.00834583	0.0396802	0.00423838	0.0747901	0.0119799	0.00495924	0.004263	0.220922
113	0.0313799	0.000921777	0.371062	0.350844	0.000708925	0.0334844	0.00512071	0.00227359	0.011942	0.0102311	0.00201891	0.0606048	0.0111431	0.0273047	0.0119031	0.0328026	0.0161436	0.0117913	0.00313735	0.00518228
114	0.664205	0.00360732	0.00205094	0.00291477	0.00619641	0.0172322	0.00312604	0.00549307	0.00688529	0.00678916	0.00590716	0.0034111	0.0039601	0.00329964	0.00292168	0.192161	0.0114303	0.0558904	0.000808825	0.0017096
115	0.00302697	0.0224071	0.0059058	0.0058237	0.58233	0.00140303	0.00727851	0.0102192	0.00160522	0.0411578	0.00649279	0.00240348	0.000965998	0.00592999	0.00688582	0.00579361	0.0023619	0.0110052	0.000471943	0.276532
116	0.0505621	0.00471003	0.250976	0.346777	0.00512053	0.0389356	0.0172376	0.00749403	0.025745	0.0144409	0.00497474	0.0466718	0.0134654	0.0415317	0.0302417	0.0432959	0.0254008	0.0206848	0.00404398	0.00769023
117	0.0427727	0.00276762	0.342696	0.266906	0.00758377	0.0499536	0.0193726	0.00638299	0.019916	0.0150982	0.00355345	0.0574501	0.0116873	0.0349356	0.0217299	0.044806	0.0202257	0.0185039	0.0029755	0.0106826
118	0.102034	0.00701657	0.146788	0.0976371	0.0025089	0.229062	0.0192789	0.0058619	0.0222806	0.0147088	0.00261029	0.10956	0.00336934	0.0195286	0.0271846	0.113207	0.0335985	0.0408325	0.000353849	0.0025786
119	0.0535318	0.00253281	0.291245	0.272648	0.00256085	0.0346448	0.00987176	0.00530765	0.0123624	0.0373303	0.0135626	0.0852583	0.00925816	0.0215482	0.014105	0.0606181	0.0312654	0.0358672	0.00193004	0.00455063
120	0.00887014	0.00257203	0.0360098	0.0184942	0.0636731	0.00452269	0.302803	0.00526965	0.00538252	0.0456353	0.0139764	0.0921801	0.0100603	0.0375515	0.00453385	0.0939029	0.0168241	0.00676153	0.00472649	0.22625
121	0.0587327	0.00221696	0.00431738	0.00308928	0.00667335	0.00200701	0.00323144	0.281544	0.00624375	0.0900527	0.0247982	0.00258886	0.0119775	0.00264347	0.00552006	0.01039	0.0361455	0.444938	0.000319874	0.0025694
122	0.00335194	0.0223605	0.0067644	0.00691689	0.515052	0.0017696	0.00983983	0.0106271	0.00186115	0.0341585	0.00654682	0.00359488	0.00121836	0.00674691	0.00672456	0.00796028	0.00288662	0.0117639	0.000669903	0.339186
123	0.0420113	0.00189302	0.00439825	0.00104967	0.00547928	0.000975667	0.0013171	0.395582	0.00220534	0.134502	0.0359597	0.0016105	0.00661182	0.00118692	0.00222943	0.00598702	0.0286175	0.326673	0.000291224	0.0014188
124	0.073878	0.000837617	0.00331048	0.001315	0.00217108	0.00118701	0.00136774	0.254107	0.00279217	0.021388	0.00507592	0.00162338	0.0155902	0.00128314	0.00262811	0.00746834	0.0424523	0.559328	0.000288415	0.00190738
125	0.0618297	0.00827749	0.0132032	0.0128068	0.0370863	0.014012	0.0268799	0.117523	0.0413747	0.211775	0.0991216	0.0221528	0.0125045	0.0240854	0.0397004	0.0650991	0.0781554	0.09002	0.00478203	0.0196104
126	0.0467188	0.00252794	0.257406	0.366492	0.00708905	0.0462152	0.0135123	0.00624852	0.0269266	0.0139288	0.00360493	0.0438749	0.0121402	0.0391601	0.0258778	0.0358991	0.0216917	0.0200057	0.0024208	0.00826002
127	0.0184459	0.00513172	0.00428314	0.00523839	0.0488496	0.00308335	0.0141833	0.0915859	0.00402519	0.602745	0.0492686	0.00571643	0.00807274	0.0114227	0.00930512	0.0222728	0.0179926	0.0648201	0.000406411	0.013151
128	0.0550403	0.0731616	0.0105641	0.0133964	0.0958558	0.0212717	0.0323229	0.0701537	0.0168956	0.250326	0.0339675	0.0221794	0.0122959	0.0164142	0.0403828	0.0816088	0.038737	0.0667108	0.00341358	0.0453014
129	0.0368927	0.00121511	0.226562	0.268524	0.00355917	0.0868963	0.0176784	0.00289909	0.0873199	0.00471872	0.00188133	0.0258626	0.00782722	0.0707183	0.084232	0.0164034	0.0110882	0.0425928	0.000729049	0.00239949
130	0.0505068	0.00661522	0.0387675	0.0294425	0.00404491	0.640484	0.0150861	0.0052905	0.0187386	0.00898086	0.00382428	0.0238555	0.0111896	0.0117161	0.0402578	0.0400577	0.0158125	0.0268226	0.00403178	0.00447528
131	0.0524155	0.00525925	0.0463997	0.0377894	0.00391895	0.622086	0.0131421	0.00636818	0.0189062	0.0118684	0.00456861	0.0241492	0.00697816	0.0138937	0.0430504	0.0406255	0.0177353	0.0250502	0.00226171	0.00353333
132	0.0519977	0.00299212	0.252992	0.357882	0.0034169	0.0427267	0.015839	0.00800618	0.0286177	0.0132313	0.00389999	0.0458048	0.0128988	0.0352933	0.0256122	0.0423241	0.0255974	0.022646	0.00186606	0.00635588
133	0.014704	0.00431523	0.00326523	0.00348827	0.0475187	0.00263104	0.0147161	0.100637	0.00640437	0.594114	0.0514304	0.00587846	0.00696834	0.0118446	0.0120658	0.0193666	0.0180452	0.0681718	0.000457481	0.0139771
134	0.0254297	0.00620523	0.00493305	0.00797413	0.043812	0.00699044	0.0159599	0.10022	0.00977599	0.537098	0.049934	0.00885158	0.0102042	0.0126972	0.0169377	0.0276894	0.026194	0.0741266	0.000766243	0.0142009
135	0.0403373	0.00120192	0.361038	0.293519	0.00119232	0.0744156	0.00800457	0.00321405	0.0208646	0.00850447	0.00177072	0.0511037	0.00930516	0.0304756	0.0204566	0.0340508	0.015328	0.0179573	0.00240397	0.00485649
136	0.0193592	0.00207106	0.00194496	0.00863259	0.00238851	0.01488	0.00991585	0.0109156	0.428797	0.013991	0.0138137	0.029058	0.00443563	0.0306745	0.350388	0.0267298	0.0186598	0.0092086	0.00273204	0.00140368
137	0.0378908	0.00368787	0.00968223	0.0087927	0.0182724	0.0072018	0.00749912	0.346092	0.0166652	0.184005	0.0476828	0.00673139	0.0106251	0.00907234	0.0147193	0.0190414	0.0353698	0.208929	0.000952112	0.00708727
138	0.0169509	0.00390527	0.00410731	0.00481936	0.0471132	0.00395641	0.0154068	0.104642	0.0071344	0.585059	0.0495354	0.00601785	0.00622932	0.0136524	0.0114673	0.018015	0.0171576	0.0704603	0.000696153	0.0136736
139	0.425528	0.00702048	0.0382526	0.0329474	0.00536557	0.0323901	0.0100769	0.00203538	0.00730835	0.0238812	0.00620817	0.0178772	0.0392705	0.0227303	0.0116702	0.250918	0.0494898	0.0149206	0.000584375	0.00152503
140	0.0177422	0.00180809	0.00589364	0.0102421	0.00213402	0.0163651	0.0287137	0.0115276	0.407637	0.0129676	0.0101264	0.0292058	0.00402297	0.0416664	0.33908	0.0259882	0.0186036	0.00993547	0.00399602	0.00234452
141	0.0815519	0.00610927	0.133074	0.0841992	0.00180242	0.348554	0.0150898	0.00481363	0.0184724	0.010891	0.00194214	0.0919171	0.00295568	0.0158491	0.024745	0.0953619	0.0256551	0.0339799	0.000408457	0.00262832
142	0.0827611	0.017621	0.0885502	0.0478413	0.00402146	0.237752	0.0226714	0.00876803	0.0244884	0.0127948	0.00497579	0.148597	0.00704567	0.0142162	0.0187712	0.177877	0.0453581	0.0246362	0.000876449	0.0103775
143	0.0126612	0.00111753	0.00471592	0.00573933	0.00168067	0.0140871	0.0408772	0.00894102	0.378663	0.0104577	0.00797671	0.0240526	0.00309621	0.0411053	0.391113	0.022811	0.0169676	0.00738174	0.00385238	0.00270193
144	0.0038252	0.0221605	0.00631177	0.0063606	0.535826	0.00161845	0.00839735	0.0106807	0.00175657	0.037128	0.00643206	0.00323748	0.00133661	0.0062728	0.00677835	0.00701178	0.00272749	0.0114413	0.00155995	0.319137
145	0.0573869	0.00574779	0.00612043	0.00525594	0.00881755	0.00926764	0.00637635	0.00564559	0.0197576	0.0207213	0.0022653	0.0438432	0.042193	0.00287182	0.0160888	0.4685	0.266955	0.00611422	0.000595074	0.00547583
146	0.0520561	0.00301851	0.244706	0.333371	0.0073312	0.0397629	0.0239657	0.00772859	0.0265222	0.0162778	0.00539317	0.0481437	0.015934	0.0419693	0.0266338	0.043263	0.0263177	0.0209914	0.00264068	0.013973
147	0.0398381	0.00119834	0.242849	0.275412	0.00291427	0.0884418	0.0151498	0.00237935	0.075607	0.00455831	0.00164311	0.0326489	0.00766412	0.0599185	0.0713993	0.020081	0.0110961	0.0443541	0.000737144	0.00210932
148	0.0362654	0.000716296	0.375632	0.324926	0.00155225	0.0383382	0.0107975	0.00341225	0.017721	0.0099884	0.00182744	0.049613	0.0104027	0.0317533	0.0164034	0.0321888	0.0162009	0.0132664	0.0026278	0.00636684
149	0.417165	0.00807725	0.0275708	0.0327781	0.0149499	0.0358647	0.0135817	0.0239395	0.0237203	0.0289296	0.011944	0.0176723	0.0287473	0.0164729	0.0243163	0.148152	0.0498691	0.0656702	0.0026077	0.00797121
150	0.0325054	0.00171248	0.00194154	0.009302	0.00215052	0.0173659	0.01151	0.0104792	0.432473	0.0137663	0.0122958	0.0293396	0.00593468	0.0339382	0.321341	0.0288893	0.0187806	0.0109982	0.00387091	0.00140504
151	0.181808	0.00499766	0.0240854	0.0481542	0.00530194	0.0101208	0.0239458	0.0849177	0.0411923	0.023722	0.00859476	0.0288504	0.049176	0.0333983	0.0258746	0.0551265	0.159713	0.186614	0.000814447	0.00359205
152	0.0531211	0.00181031	0.00411922	0.00114376	0.00579066	0.00129406	0.00145321	0.313016	0.0025344	0.0977085	0.0275667	0.0016973	0.0110712	0.00129365	0.00245478	0.00857919	0.03493	0.427947	0.000270409	0.0021982
153	0.0152765	0.00347779	0.0045847	0.000882771	0.0107226	0.000895285	0.000981469	0.396563	0.00156734	0.249882	0.080096	0.00153096	0.000723359	0.00110951	0.00187792	0.00483355	0.0185597	0.204784	0.000265845	0.00138495
154	0.0151891	0.00318025	0.0173456	0.0333364	0.052605	0.051293	0.0333408	0.125184	0.042227	0.123397	0.0283201	0.0216529	0.0109897	0.0825902	0.154866	0.04607	0.068772	0.0833965	0.000943651	0.00530097
155	0.044466	0.0061813	0.0798393	0.088688	0.019844	0.0337129	0.07999	0.0193095	0.0838507	0.0513927	0.0126921	0.0566762	0.0178552	0.167483	0.10566	0.0486262	0.0325848	0.0257607	0.00748843	0.0178985
156	0.0157303	0.00346938	0.00447305	0.000896591	0.011472	0.000887963	0.00142704	0.395106	0.00162643	0.250793	0.0790828	0.00158377	0.000930399	0.00131869	0.00200165	0.00525643	0.0187018	0.203418	0.000267777	0.00155755
157	0.017175	0.00582079	0.00433464	0.00325041	0.0456465	0.00398472	0.0138091	0.102449	0.00457941	0.592027	0.0496922	0.00968447	0.00329664	0.0113351	0.0115206	0.0217194	0.0171238	0.068254	0.00145845	0.0128388
158	0.0244429	0.00427598	0.0822376	0.0252514	0.00519255	0.0530895	0.0478263	0.0166138	0.0799346	0.0142599	0.0025895	0.298458	0.00470515	0.028618	0.0211206	0.204531	0.0670655	0.00914549	0.000767823	0.00987412
159	0.0717866	0.000901224	0.00340762	0.00125246	0.00291055	0.00117484	0.00141592	0.260415	0.0027529	0.0287801	0.00715051	0.00178034	0.0154547	0.00145098	0.00258862	0.00749549	0.041299	0.545657	0.00029163	0.0020345
160	0.123332	0.0033226	0.00703006	0.0100002	0.00406433	0.00373034	0.00569686	0.219569	0.0105391	0.0257051	0.00826602	0.00588771	0.0172889	0.00721173	0.00696808	0.0285955	0.0843519	0.4253	0.00042604	0.00271491
161	0.671449	0.00251383	0.00353063	0.00327051	0.00613954	0.0200509	0.00218638	0.0016329	0.0069476	0.00391859	0.00504117	0.00429026	0.00660413	0.00308132	0.00247864	0.215848	0.00652867	0.0327736	0.000575359	0.00113947
162	0.00520552	0.0199251	0.013336	0.0292388	0.474769	0.00244029	0.0343622	0.0094375	0.00267884	0.034279	0.00679262	0.00904037	0.00191623	0.0160197	0.00720109	0.0141006	0.00488335	0.0112271	0.00113813	0.302008
163	0.00524797	0.0539124	0.00685968	0.00688296	0.534778	0.00271673	0.0111886	0.0131815	0.00388541	0.0438416	0.00772334	0.00383209	0.00151747	0.00691161	0.00774419	0.00912167	0.00402557	0.0133629	0.000650099	0.262616
164	0.0353129	0.00788874	0.0369654	0.0295988	0.0500859	0.0297324	0.228755	0.0240042	0.0382523	0.0708608	0.0138799	0.0653094	0.0116832	0.0667606	0.0701707	0.0708539	0.0276365	0.0277049	0.00897957	0.085565
165	0.00356875	0.00358357	0.00109039	0.00108145	0.0513396	0.00147309	0.00883628	0.0763626	0.00119137	0.699232	0.050639	0.00216163	0.00185417	0.00981354	0.00786092	0.00975368	0.0086656	0.0503831	0.000236167	0.0108733
166	0.0170629	0.00263819	0.0479453	0.0587472	0.00519973	0.0205085	0.205015	0.00874964	0.0727756	0.0302631	0.00343758	0.0780264	0.0026632	0.232289	0.1553	0.0214536	0.0149652	0.0112758	0.00428929	0.00739483
167	0.0509642	0.00445208	0.0418536	0.0298361	0.00352347	0.639002	0.0141819	0.00497163	0.0231415	0.00973955	0.00344071	0.0257258	0.00717447	0.0149853	0.0413674	0.0376472	0.0175498	0.0264023	0.00117436	0.00286675
168	0.0403491	0.00541373	0.00529456	0.00568047	0.0283043	0.00477689	0.0128527	0.199323	0.00693326	0.364437	0.0510336	0.00692186	0.014082	0.00919941	0.0104046	0.0309367	0.0337581	0.159753	0.00103794	0.00950749
169	0.141113	0.0133966	0.0183122	0.0223811	0.0258923	0.026307	0.0258673	0.0838094	0.0177774	0.0701842	0.0211205	0.0188152	0.029953	0.0160558	0.0194303	0.126316	0.0723699	0.232978	0.00183778	0.0160838
170	0.0471727	0.00630542	0.0359557	0.0306116	0.0440617	0.0179222	0.231694	0.021583	0.0345	0.0702287	0.0146319	0.0639301	0.0224949	0.0658999	0.0605576	0.0777725	0.0293191	0.0302425	0.00483564	0.0902805
171	0.0296402	0.00749071	0.0196576	0.0221241	0.00655798	0.0465218	0.0439622	0.0143482	0.245183	0.021863	0.0110402	0.0359983	0.00657594	0.0498618	0.341127	0.0417501	0.0260507	0.0182568	0.00604532	0.00594523
172	0.0448468	0.00308432	0.333033	0.257559	0.00716369	0.0604563	0.0194006	0.00692817	0.0178634	0.0144433	0.00358033	0.0619831	0.013088	0.0333026	0.0184483	0.051909	0.02127	0.0168514	0.00324652	0.0115426
173	0.0107201	0.00360013	0.00167287	0.00151202	0.0447902	0.00120262	0.00940255	0.124284	0.00191417	0.585182	0.0735296	0.00325348	0.00222227	0.00950712	0.00700942	0.0130934	0.0201249	0.076834	0.000303998	0.00984046
174	0.0325727	0.00350071	0.0187463	0.0240331	0.00384986	0.0241178	0.0180815	0.0159228	0.388653	0.0186658	0.0113836	0.0616772	0.0109754	0.0391067	0.218834	0.0548934	0.0340109	0.0154089	0.00211419	0.00345297
175	0.105355	0.00418339	0.0175141	0.0226609	0.0343387	0.0126313	0.0363208	0.0474127	0.0220956	0.117835	0.015688	0.0258315	0.252304	0.0210876	0.0166539	0.0831282	0.0651189	0.0725342	0.00103701	0.0262695
176	0.0423642	0.00282482	0.259685	0.343698	0.00752166	0.0434991	0.0176634	0.0081835	0.0250985	0.0194648	0.00373047	0.048686	0.0136345	0.0375643	0.0247392	0.0389402	0.0250817	0.0235004	0.00302068	0.0110995
177	0.0585428	0.0075117	0.0940408	0.0683426	0.0122681	0.0569096	0.0614406	0.0164745	0.0605194	0.0276814	0.0114384	0.154752	0.0167181	0.0395931	0.0491062	0.147378	0.06151	0.025862	0.00390395	0.0260071
178	0.0127514	0.0199715	0.00751113	0.00730981	0.472189	0.00669688	0.0212195	0.0322587	0.00575984	0.0800715	0.0138578	0.00780224	0.00611419	0.0100157	0.0140866	0.0195225	0.0117845	0.0261736	0.000754454	0.224149
179	0.0154232	0.00423908	0.00319353	0.00331036	0.0514347	0.00575708	0.0127787	0.0999483	0.00492153	0.5918	0.0498008	0.00591502	0.00899152	0.0112629	0.0116409	0.0208675	0.0199812	0.0646595	0.000420563	0.0136532
180	0.0030474	0.0221178	0.00621143	0.00607204	0.575484	0.00142226	0.0102242	0.0101378	0.00157662	0.0406471	0.00650887	0.00308238	0.000969996	0.00630148	0.0068294	0.00646738	0.00245383	0.0110773	0.000602062	0.278767
181	0.202964	0.0251336	0.00307226	0.00525968	0.00716857	0.0149045	0.0102863	0.0459611	0.0249328	0.0700756	0.0588576	0.00636974	0.00734777	0.0108092	0.00828363	0.217267	0.172022	0.10227	0.00134928	0.00566565
182	0.0583575	0.00763553	0.00235679	0.0047473	0.0107275	0.0109139	0.00636487	0.00163878	0.0230546	0.0149318	0.00140233	0.0431425	0.0129958	0.00170964	0.00572167	0.542055	0.242201	0.00309344	0.000404692	0.00654481
183	0.0342035	0.00103865	0.00303714	0.0178789	0.00225889	0.026356	0.00372545	0.0119543	0.469587	0.0127277	0.0104926	0.0401381	0.0150555	0.0260027	0.238358	0.0454069	0.0283843	0.0109266	0.00162802	0.000839896
184	0.0339252	0.000427995	0.36367	0.369888	0.000513766	0.0333847	0.00531465	0.00190637	0.015123	0.00857966	0.00138032	0.0487497	0.011822	0.0317663	0.0125207	0.0294018	0.0154537	0.00993262	0.00183772	0.0044022
185	0.0295521	0.000439195	0.383615	0.372669	0.000606197	0.0303071	0.0045902	0.00188171	0.00941438	0.0123185	0.00146285	0.0484773	0.0114106	0.0258705	0.00864303	0.0273355	0.0152561	0.00797509	0.00313805	0.00503746
186	0.0211675	0.0035844	0.129617	0.0149206	0.00479253	0.0336836	0.0641763	0.0162511	0.0320767	0.0137984	0.00324347	0.294123	0.0028641	0.0106941	0.00969016	0.228402	0.0841408	0.00737539	0.000670965	0.024728
187	0.314731	0.0353632	0.0151635	0.0159073	0.00511095	0.0376085	0.00864028	0.00761213	0.0125028	0.0170977	0.00717094	0.0278966	0.0280106	0.0123185	0.0090206	0.35598	0.0596469	0.026196	0.00064979	0.003373
188	0.156335	0.00412631	0.0206368	0.0365013	0.00727668	0.0147638	0.0268059	0.0264206	0.0441598	0.0661051	0.0158596	0.0352985	0.20008	0.0330639	0.0177897	0.100234	0.106538	0.0834901	0.000564082	0.00395041
189	0.00239162	0.00335491	0.00088517	0.000940706	0.0491245	0.000826216	0.00721378	0.0749324	0.000903453	0.711964	0.0540077	0.00197801	0.000642117	0.00928559	0.00715216	0.00812241	0.00756588	0.0485701	0.000210378	0.00992905
190	0.0214175	0.0022241	0.0057195	0.0127893	0.00204361	0.0195124	0.0190727	0.0124286	0.441556	0.0145269	0.0119676	0.0299162	0.00499987	0.0390569	0.301223	0.02519	0.0194588	0.0112385	0.00351827	0.0021403
191	0.10035	0.00148598	0.00417482	0.00135232	0.00295045	0.00140221	0.00157605	0.279362	0.00297639	0.04876	0.0114073	0.00194637	0.0128852	0.00139227	0.00326832	0.00843349	0.0453248	0.468763	0.000317424	0.00187071
192	0.0725685	0.00606449	0.00989651	0.0122127	0.0159435	0.00899553	0.0139791	0.220719	0.0207924	0.117609	0.0513162	0.0143191	0.0175292	0.0153213	0.0181142	0.0533524	0.115731	0.206097	0.00111364	0.00832514
193	0.045232	0.00178459	0.345671	0.274763	0.00450513	0.0475891	0.0151841	0.00943101	0.0192091	0.0136806	0.00365983	0.0574327	0.0124773	0.0332732	0.0203771	0.0457052	0.0209522	0.0189676	0.00227212	0.00783384
