367	20
1	0.0246299	0.00959281	0.00145114	0.00412473	0.0642269	0.00595353	0.00659762	0.159326	0.00901203	0.421266	0.06217	0.00545848	0.0121041	0.00647323	0.0118027	0.00977049	0.0124351	0.0968895	0.0296767	0.0470392
2	0.0785712	0.0161411	0.0611513	0.0954115	0.00777896	0.0338398	0.0396246	0.0118502	0.105327	0.026917	0.00437207	0.0600205	0.067143	0.0867996	0.0803822	0.13015	0.0404714	0.0175821	0.00978838	0.0266776
3	0.0879236	0.0144646	0.0555304	0.0694164	0.00893786	0.0375775	0.0388392	0.00816503	0.11385	0.0207548	0.00356971	0.0910049	0.0371459	0.0906235	0.106706	0.131524	0.0428427	0.017119	0.00845138	0.0155531
4	0.121533	0.0204183	0.0330499	0.0433309	0.0820581	0.0331235	0.0541114	0.0124417	0.0508143	0.0356431	0.0104504	0.0434511	0.0271903	0.0880639	0.0879403	0.127779	0.0579823	0.0204772	0.00857501	0.0415659
5	0.0417882	0.0588033	0.0158037	0.0233888	0.0388254	0.0210731	0.0329606	0.0753498	0.0294015	0.262961	0.0451981	0.0159581	0.0224993	0.0401135	0.0268082	0.0554114	0.0378048	0.0668252	0.0197458	0.0692803
6	0.166603	0.0118424	0.0220483	0.0362039	0.0068198	0.0413958	0.0148435	0.0219688	0.0454526	0.0414144	0.00392528	0.0276103	0.193926	0.0287858	0.0350307	0.172283	0.0966989	0.0208919	0.00468752	0.00756811
7	0.0536792	0.0134692	0.113689	0.15237	0.00760024	0.0495458	0.0629336	0.0242531	0.077885	0.0307811	0.00447647	0.0675915	0.0512478	0.0989944	0.0531452	0.0685164	0.0180871	0.0225606	0.00889539	0.0202789
8	0.0242697	0.0110265	0.00199658	0.00580113	0.0651368	0.0068736	0.00945533	0.154416	0.0134329	0.401772	0.0707949	0.00564842	0.0120848	0.0118911	0.0134061	0.0111512	0.0142727	0.0878404	0.0306125	0.0481174
9	0.0679987	0.0205213	0.11376	0.0891915	0.0384933	0.0367941	0.118775	0.0222113	0.0547193	0.0395273	0.00800296	0.0498447	0.0332061	0.0832449	0.0508244	0.0540195	0.0221568	0.0262834	0.0103325	0.0600923
10	0.12694	0.0175876	0.0230811	0.0501594	0.00989385	0.0238747	0.0391774	0.0152734	0.18327	0.0612907	0.0134597	0.0376466	0.0203116	0.100288	0.139633	0.0563101	0.032744	0.0233841	0.00562127	0.0200535
11	0.0596963	0.019906	0.0210224	0.0495043	0.01507	0.0194789	0.0393654	0.0267588	0.172944	0.109956	0.0235633	0.0333433	0.0184106	0.0889234	0.159142	0.0381026	0.0226533	0.0296583	0.00904245	0.0434584
12	0.0764623	0.0117729	0.0215888	0.0369622	0.0102926	0.0282815	0.0394474	0.0119044	0.140778	0.0254502	0.0110448	0.0518365	0.0193511	0.0620818	0.32244	0.0598605	0.033032	0.0186097	0.00633256	0.0124711
13	0.0549622	0.0250239	0.0433082	0.0939128	0.0164482	0.0239914	0.0578371	0.0493771	0.0877823	0.118475	0.0251544	0.0297187	0.0297485	0.136971	0.0594227	0.0420361	0.0300463	0.0319188	0.00814788	0.0357174
14	0.100908	0.0126213	0.0180023	0.0312499	0.0231606	0.0398932	0.024172	0.00533812	0.0603809	0.0161738	0.00347059	0.0926915	0.0221373	0.0438347	0.146649	0.211622	0.121634	0.0138336	0.00517421	0.00705208
15	0.17768	0.0124743	0.0160401	0.0261544	0.0130062	0.0475904	0.0143661	0.0186087	0.0409234	0.0284676	0.00487493	0.0459851	0.0801797	0.0295877	0.0537333	0.209165	0.14607	0.0249508	0.00347872	0.0066635
16	0.0417098	0.0144887	0.00346184	0.00611257	0.0459062	0.00796615	0.00769365	0.152058	0.00917383	0.376453	0.0506171	0.00895328	0.0136852	0.00691738	0.0155519	0.0153158	0.0307529	0.133923	0.0222529	0.0370067
17	0.0446457	0.0195955	0.0044528	0.00921236	0.0376332	0.00993222	0.0128064	0.139629	0.0107263	0.340201	0.0774841	0.00970091	0.0117074	0.0131862	0.0131669	0.0194836	0.0552955	0.116336	0.0186429	0.0361627
18	0.0653483	0.0246356	0.106362	0.0458143	0.015407	0.0758997	0.088849	0.0653837	0.0317827	0.125489	0.015948	0.0308269	0.0322635	0.0519979	0.0362647	0.034596	0.0336196	0.081078	0.00973927	0.0286942
19	0.16499	0.0496392	0.027201	0.0335634	0.0208809	0.0738935	0.0368746	0.043131	0.0586516	0.0610318	0.0142734	0.0371557	0.0350864	0.0460443	0.0575261	0.0800284	0.0592934	0.0671297	0.00628226	0.0273231
20	0.0943566	0.0370344	0.00635277	0.00785672	0.0103437	0.0070858	0.00968401	0.18738	0.00819592	0.115304	0.0280582	0.0149149	0.0107042	0.00733547	0.0123245	0.0201901	0.104568	0.294983	0.00291427	0.0204128
21	0.0610238	0.0130396	0.0801934	0.140319	0.00713128	0.032349	0.0617749	0.013827	0.112662	0.0280103	0.00648389	0.0679801	0.0373779	0.101759	0.0862226	0.0744468	0.0202592	0.024838	0.00830216	0.0219996
22	0.17637	0.0160191	0.0265521	0.037647	0.0130337	0.0488127	0.0229088	0.0233246	0.0617708	0.0374765	0.00776572	0.0466686	0.0645534	0.0460104	0.0679798	0.162515	0.0904818	0.0327446	0.00594673	0.011419
23	0.0322243	0.0123188	0.00351378	0.00491834	0.0489871	0.00709943	0.00867416	0.152196	0.00880703	0.414085	0.0544231	0.00741504	0.011786	0.0080601	0.0135171	0.0121915	0.0227299	0.113754	0.0232691	0.0400301
24	0.0564802	0.0156344	0.00422951	0.00639917	0.0379414	0.00778701	0.00899315	0.162879	0.0103087	0.322088	0.0486948	0.0145793	0.0111787	0.00758361	0.0121878	0.0158504	0.0436133	0.161785	0.0158332	0.0359529
25	0.0578341	0.0152506	0.125865	0.138266	0.0204146	0.0353731	0.094461	0.0151992	0.0677211	0.028091	0.00419006	0.0696493	0.0363562	0.0928327	0.049912	0.0612933	0.0186411	0.0200956	0.0111143	0.0374393
26	0.0881483	0.0453812	0.0247774	0.0257307	0.0085472	0.325614	0.0231951	0.01126	0.0856591	0.0274192	0.0099971	0.0522205	0.0226397	0.0402481	0.0604404	0.081144	0.0307697	0.0209372	0.00540154	0.01047
27	0.0903098	0.015699	0.0629566	0.0686555	0.00697369	0.0531855	0.0389813	0.0090117	0.121142	0.0206127	0.00343469	0.068477	0.0389712	0.0916847	0.113017	0.11751	0.0335391	0.0209411	0.0096914	0.0152056
28	0.117039	0.0147155	0.0439525	0.0454802	0.0146088	0.0317644	0.03077	0.00877278	0.0792649	0.0219166	0.00395964	0.0554307	0.0444286	0.0827919	0.118675	0.153182	0.101004	0.0159013	0.00620664	0.0101351
29	0.0350938	0.0159952	0.00651618	0.0118212	0.0467935	0.0112511	0.0125685	0.12922	0.0214315	0.387114	0.0521512	0.0121712	0.0156131	0.0157478	0.0258106	0.0186639	0.0260902	0.0931242	0.0244709	0.0383524
30	0.11419	0.012877	0.0182174	0.0277597	0.0143197	0.0441402	0.0162762	0.0207889	0.0397333	0.0331637	0.00675167	0.0528091	0.0637974	0.0329412	0.0620138	0.204627	0.188134	0.0327057	0.00470077	0.0100534
31	0.0382507	0.0132185	0.00775017	0.0108433	0.0446839	0.0135922	0.0126407	0.129669	0.0207871	0.38261	0.0508561	0.0103827	0.0179639	0.0148381	0.0259777	0.0230276	0.0294966	0.0917707	0.022663	0.038978
32	0.0716926	0.0251524	0.0059992	0.0100439	0.0237189	0.00886253	0.0151531	0.166632	0.0113089	0.206741	0.0569563	0.0123861	0.0151826	0.0125065	0.0126692	0.0235127	0.0976374	0.184109	0.00955523	0.0301809
33	0.0693021	0.0129743	0.0923328	0.110804	0.00650626	0.0476083	0.0469404	0.0109617	0.107231	0.0223799	0.00381398	0.0635515	0.0452095	0.0944005	0.0804691	0.109235	0.0282661	0.0188361	0.0101469	0.0190311
34	0.0299676	0.0111316	0.00186277	0.00470599	0.0550708	0.00560111	0.00703091	0.171524	0.00877712	0.405231	0.0604887	0.00615604	0.0116551	0.00641171	0.0118995	0.0106362	0.0195756	0.103853	0.0261573	0.0422641
35	0.13228	0.0261229	0.0214317	0.026674	0.0139333	0.282509	0.0250588	0.0118181	0.0619622	0.0334618	0.010868	0.0529595	0.0304367	0.0353022	0.0480255	0.0946635	0.0506178	0.0241114	0.00598232	0.0117812
36	0.0736888	0.0115081	0.0167974	0.033431	0.0120107	0.0306183	0.0365153	0.0136678	0.136619	0.0380327	0.0110955	0.0524038	0.0169584	0.0606685	0.322954	0.0579396	0.0354605	0.0209056	0.00578175	0.0129439
37	0.152388	0.0185256	0.0210519	0.0266971	0.036307	0.100064	0.0260134	0.00957482	0.0540709	0.0214031	0.00703357	0.0894692	0.0255005	0.0418259	0.0789502	0.164599	0.0890208	0.018322	0.00563112	0.0135521
38	0.0207323	0.0111857	0.00199332	0.00527269	0.0711358	0.00813917	0.00766471	0.154468	0.00932858	0.406905	0.0651814	0.00533459	0.0120576	0.00777802	0.0138128	0.011061	0.0141749	0.0784791	0.0462551	0.0490394
39	0.11565	0.0117534	0.0451811	0.039777	0.00535432	0.0375066	0.018621	0.0162818	0.0698873	0.0335958	0.00404198	0.0333137	0.189645	0.0401413	0.0457652	0.159194	0.0969747	0.0192015	0.007469	0.010645
40	0.107477	0.0238037	0.0150128	0.0184812	0.0101439	0.260112	0.0147025	0.011408	0.0412218	0.0288101	0.00915124	0.0499742	0.042841	0.0219928	0.0403483	0.142888	0.125921	0.0218714	0.00497507	0.00886484
41	0.101382	0.0145441	0.0637205	0.0678429	0.00674655	0.0415717	0.0395828	0.00972707	0.128426	0.0238496	0.00449424	0.062787	0.0395536	0.0912369	0.101393	0.120276	0.0371263	0.0202979	0.00986173	0.0155802
42	0.129017	0.0269609	0.0101793	0.0125532	0.00932287	0.0152773	0.0119788	0.141311	0.0124441	0.119297	0.025194	0.0178359	0.0246027	0.00972622	0.0125192	0.038385	0.124998	0.233587	0.00277291	0.0220375
43	0.103819	0.0114866	0.0194004	0.0365109	0.0124564	0.0221828	0.0431261	0.00750093	0.148499	0.0253359	0.00781689	0.0505401	0.0187422	0.0831083	0.260861	0.0701853	0.0493803	0.0149541	0.00451263	0.00958143
44	0.132924	0.0257805	0.0111354	0.0135194	0.00959334	0.0167275	0.011711	0.125248	0.0157771	0.0947486	0.0193325	0.0174256	0.0577657	0.0116775	0.0132182	0.0516806	0.11009	0.24165	0.00250556	0.0174886
45	0.0699738	0.0115135	0.0177922	0.03526	0.00744797	0.0219735	0.0379602	0.00970863	0.195261	0.0258652	0.0137073	0.0480563	0.0112898	0.0736473	0.318385	0.0428913	0.023548	0.017494	0.00380526	0.0144198
46	0.121527	0.016806	0.0491335	0.0508798	0.0221837	0.0382972	0.0894828	0.0162226	0.0795431	0.0351144	0.00711599	0.0808009	0.0275133	0.0710475	0.102416	0.084134	0.0450034	0.0244846	0.00873483	0.0295597
47	0.106934	0.033933	0.0409929	0.0598613	0.00935611	0.0498488	0.0317557	0.0133276	0.103882	0.03241	0.00640577	0.0709307	0.0945614	0.0667598	0.0814365	0.104183	0.0467622	0.0206277	0.00828171	0.0177496
48	0.0392778	0.0134463	0.00298112	0.00649292	0.050407	0.00652379	0.00819563	0.168007	0.0102432	0.358946	0.0556743	0.00824331	0.0118112	0.00812046	0.0131251	0.0126028	0.0301231	0.132696	0.0226091	0.0404748
49	0.0805731	0.0177508	0.0347237	0.0531725	0.0100399	0.0449448	0.0395028	0.0172008	0.166209	0.0445695	0.013102	0.0468214	0.0292934	0.0792539	0.168238	0.0698159	0.0324631	0.0244031	0.00798764	0.0199345
50	0.110934	0.0130025	0.0222289	0.0379393	0.011928	0.0264708	0.0391885	0.0108953	0.135651	0.0249113	0.0092527	0.0526043	0.0215122	0.0644477	0.270916	0.0715529	0.0398579	0.01957	0.00619648	0.0109412
51	0.0891389	0.0352888	0.00558413	0.00648169	0.0121984	0.00685801	0.00910857	0.196817	0.00740597	0.126413	0.0294807	0.0140469	0.00998652	0.00672315	0.0114553	0.0175931	0.091855	0.300365	0.0033138	0.0198861
52	0.0519925	0.0541592	0.126428	0.0587791	0.105249	0.0277963	0.0835708	0.0132764	0.0256632	0.0385163	0.00725535	0.030944	0.0189266	0.0448788	0.031289	0.0376832	0.0293684	0.0238717	0.0114715	0.178881
53	0.0757353	0.0147246	0.0183621	0.0342456	0.0114644	0.0264986	0.0382669	0.0146047	0.138625	0.0322876	0.0119308	0.0511374	0.0150491	0.0637997	0.323369	0.0558017	0.0328355	0.0225926	0.00581018	0.0128598
54	0.040277	0.0163345	0.00752739	0.0133037	0.0456779	0.0114708	0.0134209	0.126432	0.019074	0.377906	0.0526619	0.0116419	0.0184933	0.0160791	0.0238151	0.0233979	0.0303452	0.0878479	0.0256391	0.0386547
55	0.0330349	0.0143428	0.00538317	0.00990464	0.0513523	0.0164635	0.0103148	0.131347	0.0150163	0.404643	0.052514	0.011747	0.015152	0.0120765	0.0227427	0.018631	0.0217646	0.0861077	0.0260521	0.0414101
56	0.0929839	0.0511129	0.0190675	0.0228274	0.0107557	0.310815	0.0206201	0.010463	0.0686674	0.0298672	0.0111305	0.0502749	0.0235043	0.0352516	0.0577111	0.104334	0.03961	0.0225876	0.00565596	0.0127602
57	0.0884503	0.0181332	0.0437318	0.0539888	0.0156521	0.0501213	0.0408932	0.0206053	0.0865548	0.0443374	0.0101135	0.0963192	0.0337162	0.0640091	0.115369	0.106769	0.0514285	0.0296052	0.00930403	0.0208978
58	0.0831551	0.0153679	0.0502935	0.0873027	0.0125933	0.0324789	0.0377928	0.0116165	0.0928587	0.0284163	0.0053218	0.0569423	0.0615003	0.0734724	0.132385	0.119666	0.042163	0.0192214	0.010036	0.0274163
59	0.0843219	0.0176135	0.0406357	0.0448834	0.0204697	0.0392045	0.113253	0.0129117	0.0538073	0.0279416	0.00663998	0.121986	0.0262662	0.0547082	0.0788124	0.123321	0.0800686	0.0198065	0.00997038	0.0233779
60	0.0386243	0.0148441	0.00618149	0.00907307	0.0464745	0.0149051	0.0112971	0.13179	0.0191056	0.383362	0.0528578	0.00949873	0.0166682	0.0148415	0.0238665	0.0205063	0.026981	0.0959483	0.0251269	0.0380484
61	0.104088	0.0191622	0.0543204	0.0583138	0.0344157	0.0286335	0.105586	0.0142771	0.0813893	0.0398588	0.00979322	0.0482364	0.0280275	0.107209	0.0929305	0.0683886	0.0347502	0.0197963	0.00979067	0.0410324
62	0.0801143	0.0112861	0.0177748	0.0325092	0.00807265	0.0212792	0.038573	0.00895709	0.180262	0.0241092	0.0119414	0.0568726	0.0080683	0.0791471	0.322101	0.0384981	0.0216976	0.0225683	0.00325164	0.012917
63	0.0499369	0.0160509	0.137099	0.168476	0.0225868	0.0359887	0.0754478	0.0186455	0.0635269	0.0308305	0.00611138	0.0570199	0.0362349	0.0891335	0.0447511	0.0574303	0.0185973	0.0200137	0.010035	0.0420829
64	0.0636042	0.00954143	0.00935057	0.0274171	0.00758257	0.0132879	0.0374762	0.014536	0.197194	0.0227701	0.0147625	0.0438424	0.00517589	0.0634806	0.397856	0.0213353	0.0178244	0.017097	0.00346431	0.0124016
65	0.110781	0.0165471	0.019235	0.0529347	0.00935412	0.0334177	0.016913	0.0569868	0.0360384	0.113311	0.0121362	0.0239407	0.141954	0.0314381	0.0311209	0.128729	0.0905327	0.0512991	0.00637524	0.0169547
66	0.118197	0.0209797	0.0437705	0.0224854	0.0117088	0.0863235	0.0259991	0.049154	0.0375001	0.0913244	0.0441417	0.0263365	0.0448054	0.0266403	0.0322899	0.10128	0.0936347	0.098733	0.00477165	0.0199248
67	0.0799316	0.0277411	0.00544981	0.00588362	0.0190206	0.00670127	0.00947119	0.205499	0.00722909	0.167784	0.0326113	0.0127542	0.0103848	0.00615822	0.0101195	0.0156188	0.0765707	0.271418	0.006857	0.0227962
68	0.0482237	0.0376508	0.101336	0.0780779	0.160668	0.0265771	0.0957086	0.00991386	0.012069	0.0308449	0.00607242	0.0213715	0.00965271	0.0358397	0.0179779	0.0211536	0.024668	0.016188	0.00872954	0.237276
69	0.0765136	0.00852836	0.0138373	0.0250582	0.00988734	0.0141563	0.0491304	0.00855252	0.176924	0.0215669	0.0107349	0.0538927	0.00744869	0.0739703	0.365697	0.0320691	0.0238155	0.0147783	0.00344517	0.00999323
70	0.0627786	0.0220936	0.108692	0.102514	0.0301924	0.0327618	0.0679992	0.0139603	0.0664514	0.0300743	0.00502637	0.0706638	0.0329146	0.0742355	0.06086	0.0698982	0.0237043	0.0197916	0.0381134	0.0672749
71	0.0535095	0.0214171	0.0133314	0.015948	0.0397468	0.015369	0.0500895	0.147419	0.0230365	0.243338	0.0734444	0.0144463	0.0131296	0.0308793	0.0204889	0.0216215	0.0381643	0.106626	0.0166937	0.0413014
72	0.150999	0.0250516	0.0122543	0.0161745	0.0123672	0.0255551	0.0170636	0.126394	0.0195452	0.105474	0.0229239	0.0212892	0.0439618	0.0159487	0.0178402	0.0601911	0.107981	0.173073	0.0037902	0.022122
73	0.0942003	0.0131458	0.067409	0.0624751	0.00908755	0.0373184	0.0548539	0.00928962	0.116164	0.0218205	0.0035095	0.0609891	0.0409201	0.0854586	0.114547	0.127273	0.0364018	0.017542	0.0134797	0.0141148
74	0.0201901	0.0119695	0.0045632	0.00871982	0.0921551	0.0104443	0.0115772	0.138381	0.0106483	0.367849	0.0614107	0.0062277	0.0136013	0.0119206	0.0155681	0.0139416	0.0124591	0.0692901	0.0604568	0.0586269
75	0.0227808	0.0105757	0.0015545	0.00406826	0.0572557	0.00586996	0.00651352	0.1518	0.00858369	0.449958	0.0607358	0.00531269	0.0114654	0.00642592	0.0128326	0.0104464	0.0139253	0.0885982	0.0280425	0.0432546
76	0.0693939	0.0541415	0.0110504	0.0174515	0.0197342	0.0177237	0.0193202	0.113558	0.0171356	0.218161	0.0358137	0.0171501	0.0226252	0.0209076	0.0232165	0.0360658	0.0930646	0.149615	0.0115089	0.0323629
77	0.0884007	0.0186875	0.030673	0.0412425	0.00911516	0.0773646	0.030593	0.00844461	0.125134	0.0213285	0.00821618	0.0549411	0.0262867	0.0644134	0.201911	0.114642	0.0386133	0.0223557	0.00796822	0.00966828
78	0.11922	0.0289931	0.0196468	0.0216625	0.00963381	0.313173	0.0192316	0.00881987	0.0749895	0.0235244	0.00863223	0.0662569	0.0227826	0.0338593	0.0574483	0.0957345	0.0448161	0.0205639	0.00409344	0.00691821
79	0.123033	0.0122186	0.0508984	0.0414346	0.00682318	0.0357004	0.0224535	0.0148931	0.0792401	0.0290558	0.00358451	0.0371886	0.142188	0.0492174	0.0599841	0.159944	0.0956688	0.0172017	0.00916728	0.0101051
80	0.0445462	0.0307631	0.0248746	0.0300445	0.0688646	0.0213694	0.0797154	0.0533911	0.0434539	0.189548	0.0768056	0.0162212	0.0151423	0.105765	0.034615	0.030813	0.0238828	0.0382384	0.0152185	0.0567273
81	0.0936658	0.045249	0.0365918	0.0504631	0.0133002	0.049069	0.0337794	0.0292687	0.059129	0.0612885	0.011477	0.0412384	0.145013	0.0470274	0.0529779	0.0973715	0.0589875	0.0389299	0.0108456	0.0243274
82	0.0801202	0.0287955	0.00454391	0.0052816	0.0177683	0.00550402	0.00816647	0.206111	0.00633563	0.160613	0.0332462	0.0129654	0.00919361	0.00564173	0.00861891	0.0149121	0.0796181	0.284866	0.00564307	0.0220547
83	0.0768049	0.0275913	0.00396255	0.00568084	0.0203716	0.00559323	0.00843317	0.208475	0.00628173	0.173851	0.0346564	0.012438	0.00923016	0.00567268	0.00929362	0.0147899	0.0758693	0.271606	0.00630023	0.0230998
84	0.0780807	0.0188643	0.00524443	0.00628217	0.0307507	0.00664457	0.0103357	0.171014	0.0081635	0.257045	0.0436603	0.0127503	0.0128115	0.00672453	0.00938974	0.0161506	0.0576539	0.206836	0.00947969	0.0321187
85	0.0785624	0.0276652	0.00622424	0.0067348	0.0196108	0.00786423	0.00939525	0.199863	0.00747198	0.170882	0.0342708	0.0141761	0.0109716	0.0066185	0.0115314	0.0166881	0.0762022	0.264201	0.00729536	0.0237713
86	0.0722091	0.0222838	0.130278	0.075054	0.0300277	0.0454899	0.0635331	0.017044	0.0680014	0.0409261	0.00943792	0.0509701	0.0395504	0.0742144	0.0654551	0.0753928	0.0334501	0.0278732	0.010457	0.0483516
87	0.0470776	0.0236858	0.0249564	0.0329822	0.0517369	0.0280128	0.0286123	0.0660052	0.036592	0.187683	0.0279054	0.025008	0.0278089	0.0331508	0.0595263	0.0456666	0.0286725	0.0513496	0.137423	0.0361448
88	0.10885	0.0159505	0.0334703	0.04451	0.0188738	0.0515629	0.0297219	0.0181724	0.066888	0.0366834	0.00856398	0.0548989	0.0588851	0.049658	0.0779451	0.198042	0.0757228	0.027534	0.00835198	0.0157147
89	0.0785359	0.0156749	0.111212	0.0791671	0.00906527	0.0700576	0.046057	0.0193359	0.0686642	0.0387598	0.00566081	0.0499929	0.0887105	0.0669276	0.0566466	0.0958	0.0443242	0.0263816	0.0109056	0.0181204
90	0.0547905	0.0159212	0.00283615	0.00519561	0.040074	0.00570944	0.00871883	0.17446	0.00817441	0.312827	0.0504821	0.00936287	0.0107333	0.00592945	0.0101369	0.0123228	0.0421349	0.176427	0.014683	0.0390803
91	0.0700067	0.00881456	0.0122631	0.026652	0.00863772	0.014415	0.0416836	0.00899231	0.192233	0.0212365	0.0120393	0.0535486	0.00641858	0.069172	0.373261	0.0300106	0.0210298	0.015915	0.00271558	0.0109552
92	0.0631912	0.0181329	0.0768844	0.135214	0.0103605	0.033725	0.0822154	0.0174515	0.0978554	0.0327374	0.00525404	0.0563431	0.0666082	0.0834137	0.0627923	0.0766421	0.0258034	0.0212048	0.0119946	0.0221759
93	0.0779533	0.0171697	0.0885563	0.07202	0.0109104	0.039529	0.0473956	0.0180728	0.0886007	0.0355188	0.00823494	0.0530854	0.0389269	0.0980364	0.0776489	0.112732	0.0368101	0.0450098	0.0118765	0.0219129
94	0.0673985	0.0202373	0.068682	0.069325	0.0117363	0.0313902	0.0687736	0.0188984	0.144624	0.0709112	0.0120402	0.0483765	0.029805	0.0958211	0.0946021	0.0613438	0.0250253	0.026124	0.0091639	0.0257217
95	0.0897238	0.0150193	0.0432908	0.0782515	0.00920597	0.0345292	0.033201	0.0100574	0.125687	0.0260869	0.00641492	0.0589308	0.0386676	0.0766607	0.140814	0.122906	0.0474077	0.0198515	0.00787981	0.0154144
96	0.0585901	0.0700888	0.0290142	0.0409536	0.028356	0.0337893	0.0807505	0.0272466	0.0623446	0.0964516	0.0723973	0.0271383	0.0227777	0.102336	0.0498796	0.0773642	0.0341029	0.0327626	0.0104226	0.0432333
97	0.0850539	0.0260114	0.00456696	0.00632014	0.0183643	0.0059489	0.00928707	0.186381	0.00685868	0.186321	0.0350261	0.013712	0.0105479	0.00543242	0.00872194	0.0175437	0.088854	0.253773	0.00582722	0.0254479
98	0.0373079	0.0156275	0.00679085	0.010038	0.0481619	0.0115079	0.0127254	0.135308	0.0127302	0.384041	0.0539243	0.00966842	0.0167165	0.0132075	0.0187183	0.0186452	0.0278479	0.101971	0.0240098	0.0410518
99	0.0761027	0.0142514	0.0198118	0.0359467	0.0127972	0.027495	0.0391562	0.0120748	0.140898	0.0307697	0.0125778	0.0483632	0.0157061	0.0671321	0.313818	0.0572972	0.0348398	0.0199553	0.00693019	0.0140771
100	0.153977	0.0199848	0.0282572	0.0394196	0.0156183	0.0497555	0.0328754	0.0408042	0.0722478	0.061766	0.0134489	0.0426663	0.0493689	0.0517532	0.0832464	0.0955847	0.0646122	0.0584646	0.00654405	0.0196049
101	0.154082	0.0139444	0.0190815	0.0302531	0.0135403	0.0451708	0.0156309	0.0152671	0.0472569	0.0288649	0.0050052	0.0520457	0.0741968	0.0344183	0.0637313	0.21078	0.142125	0.0228368	0.00407705	0.00769097
102	0.0593505	0.0207517	0.0030322	0.00429184	0.0327766	0.00497718	0.00771274	0.191042	0.00672084	0.252818	0.047396	0.0101139	0.00971161	0.00486563	0.00875247	0.0114126	0.0546735	0.227461	0.0122871	0.0298519
103	0.150809	0.0118919	0.0218886	0.0367565	0.00614834	0.0378724	0.0122477	0.0354853	0.0420137	0.0479582	0.00496809	0.026534	0.212617	0.026166	0.0296048	0.169988	0.0888923	0.0257033	0.00395991	0.00849496
104	0.0814033	0.0326812	0.00489576	0.00598446	0.0164917	0.00581972	0.00876536	0.197408	0.00644338	0.160415	0.0323997	0.0122642	0.00965299	0.00533946	0.00952965	0.0157276	0.0834375	0.28241	0.00636997	0.0225619
105	0.0691928	0.0169886	0.0870342	0.0835708	0.00941277	0.0972805	0.0632561	0.0143524	0.103744	0.027697	0.00660188	0.0600028	0.0348076	0.0928895	0.0762354	0.0846881	0.0237624	0.0218261	0.00841275	0.0182447
106	0.0922127	0.0273171	0.0282147	0.0305776	0.0110663	0.320241	0.0254375	0.0156652	0.0604192	0.0410622	0.0107566	0.0495637	0.0329077	0.0348576	0.0466873	0.0849841	0.0438466	0.0257721	0.00675051	0.01166
107	0.0772002	0.0117393	0.0194681	0.036293	0.0117448	0.0230582	0.0399444	0.0103832	0.141492	0.0238843	0.00964319	0.0527758	0.0158116	0.0646488	0.333911	0.0564622	0.0326727	0.0192288	0.00766608	0.0119721
108	0.159998	0.0115349	0.0160091	0.0271172	0.0136713	0.0499732	0.0124786	0.0137353	0.0406123	0.0245954	0.00390775	0.0513675	0.078259	0.033119	0.0570405	0.22565	0.154006	0.0176557	0.0033464	0.00592277
109	0.0377342	0.0120932	0.00178785	0.00424006	0.0554984	0.00575942	0.0072716	0.166016	0.00822646	0.376862	0.0553888	0.00667615	0.0114532	0.00589256	0.0105097	0.0103247	0.022863	0.135177	0.0231095	0.0431155
110	0.127601	0.0138575	0.0226055	0.0331738	0.010011	0.0421665	0.0174994	0.0254132	0.0427693	0.0458603	0.00644104	0.0316808	0.156126	0.0299075	0.0390742	0.158701	0.147559	0.0322967	0.00623844	0.0110177
111	0.0369877	0.0149968	0.00694101	0.0119841	0.0470336	0.0110992	0.0117315	0.129334	0.0180153	0.388281	0.0533697	0.0105897	0.0152139	0.0153288	0.0229899	0.0207839	0.0276718	0.09316	0.02529	0.0391984
112	0.0302539	0.0161307	0.00839584	0.0117643	0.0593318	0.00949553	0.0167881	0.135745	0.0140907	0.382653	0.0541891	0.00845464	0.0135664	0.0169615	0.0146804	0.015527	0.0173381	0.0894673	0.0262706	0.058896
113	0.0707335	0.0138842	0.10019	0.122773	0.0100494	0.0378021	0.0538762	0.0132062	0.0890279	0.026379	0.00384845	0.0637276	0.0468182	0.0881402	0.0684411	0.104882	0.0324022	0.0199738	0.00997027	0.0238755
114	0.0602784	0.017352	0.0200389	0.0707964	0.00736434	0.018145	0.0392806	0.0152399	0.188929	0.0507339	0.0364362	0.0370791	0.0125856	0.112153	0.206099	0.0329731	0.0170375	0.0262318	0.00386427	0.0273819
115	0.111319	0.0308068	0.00648425	0.0068802	0.011733	0.00692799	0.00992042	0.177195	0.00790321	0.11644	0.0275645	0.0152024	0.0103235	0.00678758	0.00935309	0.0198537	0.10434	0.29838	0.00198914	0.020596
116	0.0653524	0.0251513	0.0380305	0.0270159	0.0882032	0.0239512	0.0798065	0.0780009	0.0228966	0.133009	0.0267006	0.0205274	0.0154224	0.0343629	0.0353589	0.0273586	0.0368058	0.13729	0.0115177	0.0732384
117	0.146764	0.0121367	0.0212632	0.0479466	0.00581068	0.0359404	0.0125396	0.0257625	0.0408665	0.0559686	0.00415245	0.0233227	0.224762	0.0266598	0.0305724	0.165717	0.0819453	0.0242639	0.00438375	0.00922186
118	0.0529975	0.0271767	0.0480975	0.0669204	0.108941	0.0603837	0.0606578	0.0263668	0.0292942	0.107151	0.0184341	0.0242435	0.0223862	0.0464727	0.0334593	0.0613618	0.0287756	0.0278083	0.0186334	0.130439
119	0.133398	0.0283351	0.0322433	0.0690021	0.0109365	0.0406867	0.0302449	0.0110721	0.122829	0.0306519	0.0054534	0.0488393	0.0465536	0.0689576	0.0883196	0.124748	0.0691855	0.0193599	0.00712206	0.0120612
120	0.0579467	0.0124503	0.100073	0.153404	0.00669622	0.0383938	0.061297	0.0133544	0.0966283	0.0235707	0.00458074	0.0705687	0.0397397	0.104244	0.0666792	0.0816758	0.0209301	0.0193598	0.00891309	0.0194945
121	0.0513308	0.0297851	0.0314415	0.047569	0.0327561	0.0208984	0.0643863	0.0373708	0.0831381	0.129848	0.0343447	0.0240103	0.0213792	0.153947	0.0541288	0.0336292	0.026445	0.034894	0.0100532	0.0786452
122	0.0845239	0.0470497	0.0321584	0.0324884	0.0108548	0.287131	0.0326619	0.0108364	0.0733312	0.029173	0.00852698	0.0699881	0.0225263	0.0575789	0.0565818	0.0726883	0.0294383	0.0219008	0.00609032	0.0144711
123	0.135237	0.0145386	0.028326	0.0388161	0.0137372	0.0440966	0.0236018	0.0160082	0.0606326	0.0301832	0.00497704	0.0523254	0.0726778	0.046644	0.0713485	0.208317	0.0939761	0.0259228	0.00677812	0.0118554
124	0.0955254	0.0188292	0.0385378	0.0799882	0.00985729	0.0349112	0.0302059	0.0228254	0.0873635	0.0678929	0.00829515	0.0383534	0.142912	0.0591103	0.0540812	0.102435	0.054795	0.0260241	0.00826936	0.0197881
125	0.0961947	0.0198189	0.0364053	0.0505916	0.00678748	0.065913	0.0328081	0.0127873	0.151472	0.0300938	0.0097971	0.0511993	0.0239603	0.0853477	0.159099	0.08228	0.0271334	0.0355242	0.00717296	0.0156133
126	0.156153	0.022497	0.0146338	0.019828	0.01076	0.0243054	0.0181079	0.115879	0.0301234	0.0919969	0.019859	0.0231099	0.049463	0.018496	0.0243771	0.0830758	0.0867209	0.167896	0.00380823	0.01891
127	0.0638145	0.0225655	0.0848362	0.130317	0.0340111	0.0317848	0.0962715	0.0174752	0.0659331	0.0388147	0.00826104	0.0513372	0.0339008	0.0806662	0.0630538	0.0571283	0.0293416	0.0224465	0.0119956	0.0560453
128	0.0757426	0.0128342	0.0537149	0.0614333	0.00587462	0.0291245	0.0416439	0.0102761	0.160764	0.0254019	0.00734456	0.0673227	0.027414	0.0957753	0.176463	0.0786701	0.0246177	0.0200669	0.00770728	0.0178083
129	0.133419	0.0168689	0.0326255	0.0546608	0.0166253	0.0295868	0.054026	0.0136112	0.0839782	0.0451934	0.00544802	0.0432829	0.0542132	0.0894778	0.125826	0.0936665	0.0641453	0.0212897	0.00700953	0.0150455
130	0.0527501	0.0226517	0.0323743	0.0323924	0.138414	0.0225712	0.0411177	0.0693327	0.0282203	0.170548	0.0296178	0.0231144	0.0178099	0.0317229	0.0411574	0.0431414	0.0348402	0.0535026	0.019992	0.0947293
131	0.0309117	0.0121784	0.00225277	0.00490017	0.0516505	0.00629435	0.00752794	0.156517	0.00845036	0.411281	0.057673	0.00636424	0.0116035	0.00734744	0.0124283	0.0120771	0.0227086	0.112612	0.0243604	0.0408616
132	0.0996472	0.0124176	0.0551048	0.0558945	0.00963184	0.0326369	0.0440146	0.00864301	0.120279	0.0222446	0.00454344	0.0704976	0.0307254	0.0977571	0.162435	0.0965673	0.0355586	0.0181208	0.00815472	0.0151262
133	0.0847125	0.0142021	0.0644887	0.0813107	0.00640536	0.0338784	0.0399142	0.0104446	0.131968	0.0255851	0.00633805	0.069748	0.0333068	0.102157	0.120791	0.093682	0.027645	0.0242714	0.00888899	0.0202622
134	0.0367125	0.0141364	0.0101463	0.0116163	0.0478317	0.0169164	0.015768	0.129634	0.0169431	0.386411	0.0496708	0.0120669	0.0146382	0.0174641	0.020705	0.0202797	0.0234604	0.0923607	0.0232708	0.0399673
135	0.140395	0.0155799	0.0329321	0.0712102	0.0143858	0.0285634	0.0416069	0.0108924	0.107691	0.0323925	0.00686674	0.04798	0.0321361	0.0947178	0.145368	0.0894216	0.0469035	0.0197124	0.00608095	0.0151636
136	0.109428	0.0115873	0.0182182	0.0344619	0.0294418	0.0358547	0.0273232	0.005064	0.0779381	0.0152321	0.00334206	0.0807899	0.0230738	0.0508385	0.168294	0.184886	0.102725	0.011064	0.00443195	0.00600501
137	0.0503697	0.0139095	0.00200236	0.00450694	0.0446322	0.00548027	0.00864784	0.177668	0.00768943	0.330558	0.0603936	0.00833655	0.0107475	0.00570973	0.00903542	0.010788	0.0355807	0.158444	0.0170763	0.038423
138	0.0832756	0.0229778	0.0040954	0.00603787	0.025095	0.0058833	0.0088439	0.18013	0.00717334	0.218093	0.0367896	0.0128681	0.0111657	0.0056544	0.00869605	0.0150007	0.069415	0.245011	0.00657232	0.0272215
139	0.0973033	0.0200335	0.0441712	0.0582435	0.011968	0.0469042	0.0326094	0.0156371	0.0766371	0.0380361	0.00514395	0.0702557	0.125581	0.0568418	0.0746945	0.115766	0.0594023	0.0220037	0.00914163	0.0196257
140	0.0842373	0.0124386	0.0770219	0.0701695	0.00769914	0.0369944	0.0452781	0.00928662	0.117546	0.0197708	0.00229929	0.063671	0.0477181	0.0907647	0.104447	0.129462	0.0362214	0.0174535	0.0125733	0.0149472
141	0.0685156	0.0181129	0.120236	0.0798962	0.0137795	0.130849	0.053653	0.016133	0.071278	0.0291998	0.00683764	0.0726214	0.0339787	0.0690601	0.0541927	0.0751009	0.0244884	0.0259844	0.0108662	0.0252175
142	0.105231	0.0398778	0.00636139	0.00834947	0.0107525	0.00905575	0.0110388	0.168285	0.00936822	0.111526	0.0263835	0.0155427	0.0117866	0.00774832	0.014915	0.0237587	0.108149	0.289559	0.00258871	0.0197212
143	0.0811978	0.0564065	0.0153869	0.0197015	0.012669	0.0262992	0.0221394	0.111454	0.0295134	0.0894838	0.0201576	0.0276681	0.0173231	0.0215307	0.0952458	0.0428096	0.106617	0.170897	0.0124524	0.0210475
144	0.114161	0.0150386	0.0197248	0.0342219	0.00978721	0.0335854	0.0136794	0.0447373	0.0326005	0.101187	0.0111185	0.0209985	0.211316	0.0229821	0.0277215	0.127976	0.0791914	0.0593912	0.00659495	0.0139869
145	0.0336024	0.0130817	0.00237779	0.0048554	0.0544134	0.00708775	0.00810622	0.176716	0.00839909	0.371944	0.0580539	0.00686177	0.0119199	0.0070768	0.01167	0.0118827	0.0231953	0.120944	0.0261068	0.0417054
146	0.0550496	0.0162915	0.00316043	0.0052212	0.0387713	0.00549374	0.00804281	0.178935	0.00769513	0.304091	0.0478634	0.00940176	0.0104235	0.00532926	0.00950996	0.0119216	0.0465448	0.186252	0.0148268	0.0351757
147	0.0971211	0.030596	0.00784992	0.00995611	0.0116835	0.0127906	0.0116176	0.162781	0.0128965	0.117813	0.0267964	0.0174436	0.0167411	0.00934517	0.0156536	0.030695	0.104468	0.276668	0.0037192	0.023365
148	0.112812	0.0123739	0.0148635	0.0229696	0.0130593	0.0484568	0.0132558	0.0115151	0.0360309	0.0216146	0.00439853	0.0598374	0.0603543	0.0278956	0.0589566	0.239679	0.212075	0.0195583	0.00396622	0.0063273
149	0.0701036	0.0216751	0.132492	0.080175	0.0323431	0.0381302	0.0691845	0.0225001	0.0617817	0.0442476	0.00910698	0.0513817	0.0365091	0.0697484	0.059245	0.070326	0.0321695	0.0330558	0.0144331	0.0513914
150	0.154783	0.019617	0.0263849	0.0389614	0.0158559	0.0517528	0.0306691	0.0381481	0.0689155	0.0587339	0.0120451	0.0438573	0.0555217	0.04718	0.0845771	0.101089	0.0691732	0.0561587	0.00921517	0.0173602
151	0.0903311	0.0287649	0.0290389	0.028999	0.0136213	0.311291	0.0291435	0.0155367	0.0632303	0.0384029	0.0102744	0.0514105	0.0287221	0.0374	0.0522625	0.0787763	0.0424375	0.0278394	0.0063936	0.016124
152	0.0443999	0.030372	0.058602	0.0425641	0.186	0.0240292	0.0730985	0.0373526	0.013972	0.105539	0.0181094	0.01795	0.0121763	0.0323512	0.0187474	0.0232858	0.0237381	0.030562	0.0172703	0.189881
153	0.0643956	0.0102635	0.0131333	0.0332428	0.00660741	0.0141264	0.0387518	0.0102738	0.207865	0.0270249	0.0147012	0.0453445	0.00713869	0.0808772	0.347192	0.0260182	0.0180083	0.0176267	0.00281898	0.0145892
154	0.0950123	0.0280618	0.0123809	0.0142386	0.0116436	0.0193042	0.016995	0.13114	0.0200777	0.101691	0.0230548	0.0444389	0.0164853	0.0168061	0.0284867	0.0438057	0.11457	0.23639	0.00452284	0.0208958
155	0.147956	0.0118033	0.020785	0.028872	0.00492155	0.0406519	0.0093297	0.0235785	0.0362104	0.0417947	0.00450415	0.0225028	0.247586	0.0200609	0.0212659	0.163755	0.118026	0.0246153	0.00419861	0.00758133
156	0.0465049	0.0237585	0.0266164	0.0311882	0.0477597	0.0288931	0.0273873	0.0664999	0.0370961	0.199965	0.0292782	0.024404	0.0254731	0.033042	0.0574125	0.0453601	0.0247605	0.0505316	0.140059	0.0340094
157	0.0427812	0.0278516	0.0567515	0.0412217	0.185786	0.0235239	0.0703951	0.0431553	0.012873	0.113874	0.0190483	0.0174396	0.0108174	0.0295761	0.0190019	0.0223822	0.023657	0.0354303	0.0153251	0.189109
158	0.0640084	0.00893854	0.0102255	0.0283847	0.00693999	0.0137357	0.0383048	0.00985764	0.212088	0.0226222	0.0149579	0.0461149	0.0053518	0.070606	0.376703	0.0224357	0.0173921	0.0164776	0.0025475	0.0123077
159	0.100176	0.0152391	0.0616574	0.0970819	0.0102635	0.0345568	0.0528961	0.0114516	0.0943785	0.0252457	0.00373932	0.0573057	0.0628147	0.0920314	0.0862061	0.115249	0.036409	0.0168142	0.00939059	0.0170927
160	0.0741861	0.02808	0.00455463	0.00559998	0.0207783	0.00616172	0.00879989	0.200436	0.00666134	0.18041	0.0346973	0.0120888	0.0102792	0.00552132	0.0106861	0.0140351	0.0750455	0.269939	0.0080919	0.0239481
161	0.102812	0.015234	0.0469718	0.106647	0.00977055	0.0342868	0.0355737	0.0108702	0.106081	0.0265481	0.00418138	0.0606087	0.0468509	0.0768371	0.090652	0.135516	0.0499512	0.0187076	0.00703398	0.0148654
162	0.109303	0.0129975	0.0424706	0.0547305	0.0100386	0.0344131	0.0377937	0.00756051	0.131543	0.0213213	0.00424392	0.0674207	0.0332727	0.0870468	0.157171	0.109607	0.0428375	0.0168264	0.00750873	0.0118943
163	0.0403414	0.0337316	0.0178858	0.0415455	0.0281455	0.0156569	0.0678527	0.0437325	0.114236	0.168788	0.0669528	0.0159808	0.0132232	0.121802	0.0630578	0.0266251	0.0191685	0.0314941	0.00759943	0.0621805
164	0.0912319	0.0287122	0.0290937	0.0304843	0.0117233	0.29624	0.028509	0.0148572	0.0632678	0.0383275	0.010546	0.0524169	0.0278846	0.0376012	0.0582242	0.0828687	0.0458719	0.0284291	0.00928525	0.014425
165	0.0449831	0.0242408	0.0272344	0.0338733	0.0491048	0.0302767	0.0270755	0.0626221	0.0375505	0.18858	0.0277683	0.0252891	0.0283131	0.0341248	0.0545448	0.0440639	0.0247217	0.0514209	0.147955	0.0362573
166	0.0488586	0.0468794	0.121814	0.0598353	0.160418	0.0257006	0.0937137	0.00876081	0.0113927	0.0283619	0.00597303	0.0207596	0.00970349	0.0353964	0.0175294	0.0208373	0.0240798	0.0157123	0.00896222	0.235312
167	0.0307182	0.0203051	0.0175497	0.0198929	0.0875936	0.0168109	0.0259536	0.0899861	0.0181453	0.256836	0.0393525	0.0136015	0.0185478	0.022236	0.0389788	0.0234825	0.0170475	0.0532382	0.138208	0.0515153
168	0.054656	0.0171719	0.00364045	0.00677093	0.0405484	0.00827494	0.00919839	0.163704	0.00974031	0.313976	0.0480135	0.0100924	0.0115555	0.00813325	0.0119805	0.0139238	0.0409925	0.175413	0.0160451	0.03617
169	0.104245	0.0284351	0.0196502	0.0253377	0.0108656	0.307833	0.0217735	0.0106926	0.0581762	0.0265659	0.00879309	0.0497344	0.0391636	0.0305168	0.0427084	0.119372	0.0608098	0.0200458	0.00476632	0.0105145
170	0.0747992	0.010801	0.0242304	0.0334843	0.0140036	0.0223781	0.0589862	0.0105038	0.140309	0.0233636	0.00954123	0.0496028	0.0155221	0.0678011	0.329471	0.0501024	0.0278269	0.0166736	0.00629503	0.0143046
171	0.0606436	0.0189951	0.00394869	0.00564562	0.0352736	0.0059782	0.00852647	0.178771	0.00760629	0.279636	0.0444883	0.010697	0.0112196	0.00589235	0.00976299	0.0131676	0.0505363	0.204257	0.0129755	0.0319787
172	0.0765804	0.0128332	0.0234417	0.0343503	0.0118768	0.0300598	0.0392561	0.0136591	0.140428	0.0323192	0.0112782	0.0495104	0.0196017	0.0635488	0.310159	0.0568928	0.0324276	0.0195203	0.00748422	0.0147725
173	0.0922743	0.0301762	0.0249901	0.0252587	0.0121753	0.323567	0.0258864	0.0142596	0.0617474	0.0370161	0.00938063	0.0520864	0.0309203	0.0342075	0.0513503	0.0876155	0.0453245	0.0245353	0.0055647	0.011664
174	0.0685667	0.0149338	0.0701513	0.0949445	0.00760023	0.0311806	0.0447779	0.0111558	0.133394	0.0264268	0.0074218	0.0690677	0.0339143	0.0920781	0.124566	0.0849591	0.0228873	0.0216764	0.00993854	0.030359
175	0.105191	0.0212525	0.0160525	0.0190033	0.011541	0.0399047	0.0140646	0.0758075	0.0285793	0.0778349	0.0168435	0.0318407	0.0480581	0.0221475	0.0331805	0.122241	0.147695	0.144677	0.0052207	0.018865
176	0.0880628	0.0173039	0.0492687	0.0579216	0.00879603	0.053271	0.0345236	0.00834069	0.121744	0.022453	0.00568609	0.0594736	0.0339394	0.102914	0.1264	0.127019	0.0400212	0.0198468	0.00915968	0.0138537
177	0.0269225	0.00991513	0.00207881	0.00444673	0.0632415	0.00617019	0.00691363	0.159019	0.00914452	0.413107	0.0590318	0.00579845	0.0123225	0.00641375	0.0119535	0.00992683	0.0131344	0.10409	0.0284173	0.047953
178	0.0710649	0.0108875	0.0102225	0.037174	0.00576098	0.0144982	0.0366629	0.0118853	0.225871	0.029711	0.0231833	0.0399813	0.00471379	0.077542	0.327058	0.0198457	0.0161973	0.0192872	0.00262435	0.0158288
179	0.0534535	0.0555563	0.0735343	0.0426754	0.0147198	0.0400686	0.0762731	0.0330139	0.0419441	0.14136	0.01437	0.0305599	0.0689005	0.0506682	0.0721594	0.0411017	0.0305713	0.0705572	0.0176597	0.0308526
180	0.0621178	0.0189338	0.104655	0.090586	0.0275482	0.0328787	0.109352	0.0199243	0.0642532	0.0575273	0.0104129	0.0640994	0.0265162	0.115062	0.0542112	0.0473253	0.0198504	0.0231131	0.0106883	0.0409449
181	0.0469095	0.0254851	0.0209501	0.0274605	0.051738	0.0257108	0.0280667	0.0677932	0.0345672	0.199823	0.0301823	0.0255372	0.0261775	0.0312265	0.054757	0.0423036	0.0262494	0.0504531	0.149928	0.0346807
182	0.0516493	0.0459661	0.0272902	0.0449674	0.019712	0.0192234	0.0781338	0.0490815	0.110848	0.123406	0.0347354	0.0227852	0.0207242	0.1327	0.0600282	0.033129	0.0238078	0.0299893	0.00515766	0.0666642
183	0.0858093	0.0136982	0.076867	0.0616851	0.00692379	0.0389815	0.041008	0.0114459	0.105509	0.0232222	0.00304038	0.0522237	0.0773209	0.0725802	0.0873429	0.143123	0.0430429	0.0187548	0.0226628	0.0147594
184	0.117451	0.0143819	0.0420208	0.0586744	0.0070648	0.036901	0.02836	0.0321372	0.0916079	0.0339154	0.00479901	0.0633225	0.100372	0.0594558	0.0621541	0.142432	0.0568415	0.0267281	0.00685798	0.0145229
185	0.0831822	0.0139147	0.0702643	0.0669544	0.00765601	0.0383768	0.0421799	0.0098034	0.12453	0.0218982	0.00389264	0.0615424	0.042781	0.0928171	0.12236	0.118529	0.0326498	0.0185342	0.0117061	0.0164282
186	0.0942769	0.0134262	0.0428175	0.0885899	0.0124811	0.0318204	0.0328009	0.00790925	0.102731	0.0201473	0.00396285	0.0736012	0.0377474	0.0750811	0.120523	0.14069	0.0649309	0.015299	0.00740154	0.0137627
187	0.0269659	0.00984053	0.00151757	0.00402338	0.0617719	0.00581659	0.00653456	0.160183	0.00883365	0.416574	0.0596615	0.00569846	0.0122294	0.00615613	0.0116686	0.00994582	0.0134744	0.10568	0.0272841	0.0461409
188	0.0585144	0.0346671	0.0841322	0.0558994	0.152803	0.0293875	0.133304	0.0120327	0.0148151	0.0338756	0.00779445	0.0229706	0.00986523	0.0472588	0.022189	0.0223607	0.0224551	0.0171402	0.00863448	0.209901
189	0.0727157	0.0165383	0.0791464	0.0717553	0.0150053	0.035796	0.0482568	0.0119473	0.0782262	0.0235446	0.00473224	0.100741	0.0377997	0.0708665	0.0707194	0.150911	0.0391642	0.0189789	0.013679	0.0394765
190	0.0856388	0.0100712	0.0214028	0.0332643	0.0113058	0.0188919	0.0492387	0.00792719	0.163958	0.0234527	0.00879223	0.0508726	0.0152085	0.0824746	0.291746	0.0577398	0.0391256	0.0140669	0.00386881	0.0109536
191	0.166723	0.0112128	0.019595	0.0313079	0.00564163	0.0451171	0.0108364	0.0239437	0.0372492	0.0428296	0.00412416	0.0222316	0.225264	0.0231463	0.0270253	0.174069	0.0959558	0.0224566	0.00425612	0.00701373
192	0.066977	0.0400463	0.0275089	0.0749926	0.00809057	0.0230683	0.0446203	0.0179892	0.186168	0.0735848	0.0218305	0.0349834	0.0227168	0.116807	0.116548	0.0426013	0.0230736	0.0238018	0.00514863	0.0294434
193	0.0490665	0.0354225	0.0837621	0.079729	0.160658	0.0273322	0.102037	0.00928787	0.0114454	0.0301008	0.00703888	0.0202985	0.00949482	0.0376563	0.0170727	0.0211486	0.0316908	0.0167439	0.00906414	0.24095
194	0.0287086	0.0113049	0.00238591	0.00518632	0.0518866	0.00650825	0.00722707	0.149558	0.0101826	0.431771	0.0574342	0.00692295	0.0116605	0.00859209	0.0145309	0.011833	0.0190742	0.0988932	0.0253434	0.040996
195	0.103169	0.0225124	0.0343675	0.0418202	0.00999847	0.172923	0.0265965	0.0152591	0.0588546	0.0385641	0.00764708	0.0464494	0.124423	0.0412516	0.0481431	0.105089	0.0597897	0.0233482	0.00669161	0.0131027
196	0.0783246	0.0438445	0.0449606	0.082484	0.0138265	0.0310225	0.0390717	0.0188026	0.0652758	0.040814	0.00712851	0.0664556	0.122029	0.0571131	0.0560387	0.0845025	0.0643609	0.0262812	0.00954422	0.0481197
197	0.121311	0.0266248	0.023834	0.0212133	0.0100691	0.212729	0.0194005	0.0155551	0.0877529	0.0370891	0.0419789	0.0411595	0.0226198	0.0336513	0.0594506	0.11049	0.0443885	0.0532317	0.00523821	0.0122129
198	0.10014	0.0150135	0.0356781	0.0802209	0.0129088	0.028275	0.0378063	0.0100952	0.107479	0.0328852	0.007912	0.0506013	0.0314346	0.115946	0.133895	0.096454	0.0631438	0.0169316	0.00701668	0.0161628
