246	20
1	0.0879504	0.10134	0.00145267	0.002657	0.138694	0.0741934	0.00240865	0.0274226	0.00267073	0.174736	0.00408468	0.00320902	0.00378888	0.00263707	0.00881851	0.158592	0.0593979	0.00751466	0.0598456	0.0785855
2	0.00771234	0.0138724	0.000302933	0.000613994	0.15543	0.00542612	0.00232075	0.114504	0.000891276	0.469079	0.0631605	0.00100545	0.000920822	0.00269141	0.00111606	0.015787	0.0117093	0.118474	0.00565932	0.00932298
3	0.0677001	0.0245982	0.00273882	0.0375706	0.0190064	0.0623313	0.0238189	0.00679407	0.133081	0.0499466	0.00588695	0.0145852	0.00359226	0.0579067	0.263778	0.104818	0.0694402	0.00706556	0.027026	0.0183149
4	0.129692	0.0277132	0.000999356	0.00190286	0.0879253	0.0146517	0.00117417	0.0973255	0.00113498	0.270683	0.04621	0.00176943	0.00092765	0.00272666	0.0012213	0.0525753	0.0368542	0.197444	0.0233087	0.00376032
5	0.0724025	0.0245394	0.000784068	0.00129819	0.118752	0.0100658	0.00145956	0.100247	0.00169385	0.341584	0.0806404	0.00141993	0.000834676	0.00202902	0.0013861	0.0394235	0.0321564	0.14308	0.0199245	0.00627808
6	0.0918434	0.106626	0.00191278	0.0044364	0.144559	0.0812189	0.00441777	0.0282977	0.00412619	0.148176	0.00568961	0.00520158	0.00425094	0.00489798	0.0117138	0.143162	0.062692	0.0106509	0.0546312	0.0814953
7	0.00967835	0.0114354	0.00137867	0.00332015	0.0952999	0.00723725	0.00824652	0.155519	0.00168409	0.432893	0.0576291	0.0040845	0.00367883	0.0125324	0.00446036	0.0173241	0.0180449	0.142597	0.00396911	0.00898692
8	0.0576793	0.0507195	0.109419	0.124786	0.0163981	0.0853713	0.0856401	0.0110289	0.00616423	0.0343042	0.00758147	0.147404	0.0230689	0.019497	0.0096576	0.140765	0.0144253	0.0116345	0.00267825	0.0417768
9	0.0471067	0.00980858	0.0361631	0.0428891	0.0168142	0.0149105	0.287252	0.0136282	0.046709	0.031238	0.0132167	0.0410553	0.0297501	0.202625	0.0495875	0.0337512	0.0193421	0.0421434	0.00423922	0.0177702
10	0.143032	0.0516713	0.00509007	0.00538512	0.050998	0.0333361	0.00625276	0.0456546	0.00383205	0.0486572	0.0111223	0.00765335	0.0102942	0.00432055	0.00710133	0.359599	0.129499	0.0573591	0.00759292	0.01155
11	0.0896304	0.167536	0.00361084	0.00853883	0.0788229	0.0796879	0.00837129	0.0243702	0.00889632	0.0895089	0.00814277	0.00809854	0.00522817	0.00885905	0.0430676	0.132715	0.0488868	0.0150219	0.0976437	0.0733631
12	0.178248	0.0242507	0.000200164	0.000508186	0.0642511	0.0168853	0.000383932	0.104719	0.000354098	0.223795	0.0399895	0.000599696	0.000202256	0.000376852	0.000404569	0.0663051	0.0461796	0.223386	0.00758852	0.00137323
13	0.162697	0.0182685	0.000209218	0.00062698	0.0556352	0.015948	0.000417859	0.122852	0.000519327	0.21882	0.0405958	0.000971177	0.000305373	0.00048573	0.00039901	0.054111	0.0448828	0.255869	0.00554859	0.000836908
14	0.00775421	0.0154981	0.000455016	0.000804717	0.190163	0.00575663	0.00271732	0.104546	0.00120383	0.443397	0.0614101	0.00150981	0.00111027	0.00255607	0.00129116	0.0177375	0.0126649	0.108336	0.00632509	0.0147634
15	0.177414	0.0237058	0.00019898	0.00050356	0.0641834	0.0167799	0.000374842	0.10524	0.00035786	0.224454	0.0394576	0.00057108	0.000201771	0.000370437	0.000410018	0.0646748	0.0458618	0.226584	0.00739232	0.00126305
16	0.17394	0.0210373	0.000194114	0.000473975	0.0607789	0.0164753	0.000354218	0.109263	0.000364215	0.223343	0.0389014	0.000600012	0.000186472	0.000370144	0.000363088	0.0601324	0.0454331	0.240349	0.00648772	0.000952177
17	0.00517857	0.0138626	0.000311615	0.000570212	0.158404	0.00532149	0.0021811	0.112133	0.000888431	0.476362	0.0639886	0.000982778	0.000886041	0.00255064	0.0011151	0.0152676	0.01117	0.11411	0.00557205	0.00914439
18	0.338446	0.00354534	0.00078051	0.00197418	0.0136503	0.103598	0.00267465	0.067773	0.0011086	0.0110139	0.034229	0.00191455	0.000593886	0.001332	0.00322829	0.118411	0.16325	0.127561	0.00247638	0.00243943
19	0.0434264	0.00157747	0.000379159	0.00283257	0.0151651	0.0103227	0.00238196	0.26043	0.00200183	0.20096	0.0534048	0.00533958	0.00201091	0.0040732	0.000610338	0.0141003	0.0325748	0.347177	0.00033808	0.000894316
20	0.169086	0.0193476	0.000205522	0.00052554	0.0582099	0.0163261	0.000369886	0.115343	0.00042105	0.220266	0.0397868	0.000717627	0.000250696	0.000388486	0.00038458	0.0562949	0.0450004	0.250279	0.00591033	0.000887398
21	0.0914191	0.00734225	0.000349928	0.00181496	0.028211	0.0131639	0.00126255	0.205133	0.00163466	0.194193	0.0503819	0.00330871	0.00128947	0.0019965	0.000519643	0.0275788	0.0413903	0.326172	0.00198992	0.00084855
22	0.0813124	0.0369194	0.017166	0.0250801	0.037289	0.0469912	0.0356219	0.0675732	0.0313317	0.0746227	0.0272246	0.0297775	0.0855858	0.0320551	0.0430673	0.158888	0.0728571	0.0625184	0.00955009	0.024569
23	0.178419	0.023805	0.00019491	0.000490852	0.0631273	0.0167769	0.000375622	0.104437	0.000345614	0.223868	0.0402029	0.000593518	0.000197629	0.000365429	0.000392182	0.0657551	0.046134	0.225683	0.00759309	0.00124327
24	0.172867	0.0204538	0.000197592	0.000480859	0.0602231	0.0164087	0.000361385	0.11065	0.000364478	0.222795	0.0391315	0.000613148	0.000176396	0.000371254	0.000368332	0.0589054	0.0453442	0.243091	0.00627534	0.000921042
25	0.0539563	0.036126	0.0287172	0.0393036	0.0402239	0.04441	0.00522909	0.105194	0.00970741	0.198218	0.0491923	0.0298417	0.0191571	0.0609374	0.00943002	0.049614	0.0299366	0.160607	0.0170895	0.0131088
26	0.171246	0.0205301	0.000237193	0.000718127	0.0584337	0.0166633	0.000436486	0.11384	0.000465589	0.218901	0.039743	0.000832031	0.000244402	0.000459446	0.000373162	0.0603451	0.0461185	0.243077	0.00633938	0.000996219
27	0.0334893	0.0168139	0.0242036	0.0714098	0.0384077	0.0205771	0.010057	0.0708076	0.0259762	0.178359	0.112264	0.0167307	0.00545149	0.0743867	0.0281022	0.0534855	0.0686063	0.12363	0.00434508	0.022897
28	0.157095	0.0171136	0.000213254	0.000717969	0.0532836	0.0160553	0.00043182	0.127441	0.000617802	0.217503	0.0420021	0.00111488	0.000364869	0.000513731	0.000395326	0.0508086	0.0441643	0.264165	0.00523261	0.000765961
29	0.129873	0.077433	0.00446427	0.00312762	0.0694176	0.0230122	0.00268331	0.0373856	0.00251525	0.0505032	0.00430482	0.0056245	0.0221325	0.00307204	0.00732772	0.3602	0.136898	0.028353	0.0136868	0.0179861
30	0.0511236	0.0136319	0.0906889	0.262243	0.0104396	0.0100279	0.022675	0.00987973	0.0746238	0.0651272	0.0394702	0.0203481	0.00178582	0.153308	0.0684258	0.0330576	0.0337549	0.0298275	0.00420172	0.00536048
31	0.119036	0.0534148	0.00787305	0.0029339	0.0179075	0.0181775	0.000977376	0.0399698	0.00111249	0.00841699	0.00154739	0.00416385	0.00716818	0.00105997	0.00247643	0.422084	0.245346	0.0417579	0.00214903	0.00242792
32	0.179273	0.0246491	0.000283704	0.000553632	0.0623338	0.0174024	0.000523764	0.10291	0.000473756	0.223776	0.0394123	0.000944417	0.000288666	0.000529082	0.000488183	0.0689691	0.0453372	0.223035	0.00747701	0.0013395
33	0.176575	0.0235464	0.000218885	0.000570151	0.0640453	0.016596	0.000382662	0.104079	0.00040285	0.225974	0.0403873	0.00064981	0.000193401	0.000445055	0.000408407	0.064702	0.0460116	0.225981	0.00753485	0.00129587
34	0.154435	0.0504686	0.00407217	0.00448848	0.0201074	0.0565436	0.00238725	0.0269062	0.0023799	0.0128801	0.00321315	0.0055158	0.00752485	0.0046972	0.0056743	0.472508	0.12729	0.026533	0.00393386	0.00844079
35	0.351457	0.00286455	0.000541747	0.00154183	0.0154212	0.0910945	0.00137846	0.0791902	0.000857926	0.010332	0.0364176	0.00176231	0.000448186	0.000952705	0.0013446	0.108428	0.14855	0.142635	0.00262404	0.00215907
36	0.0813823	0.00595974	0.00032745	0.00194461	0.0252237	0.0128115	0.00139533	0.219562	0.00168237	0.192702	0.0525999	0.00371775	0.00147822	0.00221909	0.000501202	0.0245619	0.0387767	0.33071	0.00170951	0.000734664
37	0.163504	0.0461489	0.00218768	0.0103263	0.0115614	0.134062	0.00497868	0.0121185	0.00503079	0.0160222	0.00503886	0.00771534	0.00248466	0.0109878	0.0103568	0.476063	0.0454208	0.0125446	0.00554513	0.017902
38	0.00724826	0.0239637	0.00126992	0.00219006	0.455395	0.0042233	0.0148418	0.0436737	0.00430456	0.125554	0.0178563	0.00589349	0.000873989	0.00215891	0.00217879	0.0280247	0.0124659	0.0504438	0.00819564	0.189244
39	0.173843	0.0214601	0.000243468	0.000519318	0.0624985	0.0168419	0.000357109	0.109701	0.000363507	0.223931	0.0386914	0.000621499	0.000204894	0.00044135	0.000389032	0.0603575	0.0453289	0.23662	0.00651629	0.00107018
40	0.0704828	0.20778	0.0055193	0.00465793	0.0164592	0.016494	0.0042365	0.0253027	0.00411476	0.0147241	0.00489013	0.026322	0.00664719	0.00367623	0.00650854	0.347679	0.200383	0.0253293	0.00372671	0.0050665
41	0.0290887	0.0025783	0.000401474	0.00285523	0.0239999	0.0083901	0.00363479	0.247971	0.00175472	0.265037	0.0513772	0.0054021	0.00227508	0.0064287	0.000887852	0.0131178	0.0261876	0.306399	0.000519395	0.00169375
42	0.125455	0.0725473	0.00332566	0.00252972	0.0460172	0.0353877	0.0020303	0.0320977	0.00207394	0.0298389	0.00318709	0.00465588	0.00970905	0.00189175	0.0112036	0.425419	0.130262	0.0227779	0.0182224	0.0213684
43	0.0716214	0.0147601	0.0126743	0.0290668	0.0207266	0.198596	0.0243099	0.0173176	0.085298	0.0258217	0.010754	0.0378405	0.0105443	0.0323905	0.162276	0.154132	0.0430893	0.0217327	0.00815639	0.0188929
44	0.00529004	0.0135893	0.000318069	0.000641287	0.154916	0.00534884	0.00240683	0.114675	0.000881905	0.475925	0.0630262	0.00113407	0.0010035	0.00275191	0.00116266	0.0151802	0.0113529	0.115905	0.00543481	0.00905778
45	0.0349331	0.0380482	0.0132267	0.0199241	0.0143583	0.0275973	0.0705915	0.0100358	0.139473	0.0237615	0.00779619	0.018041	0.00303293	0.054049	0.336118	0.0617745	0.0855272	0.0176569	0.00804361	0.016011
46	0.0255625	0.0157572	0.0132112	0.0223239	0.00741917	0.0290624	0.0571191	0.0026479	0.233684	0.00597298	0.00218269	0.00953928	0.00163833	0.0678576	0.388704	0.047538	0.037397	0.0166769	0.00215714	0.0135477
47	0.0281998	0.0160147	0.000498382	0.000786519	0.15589	0.00692943	0.00207664	0.109935	0.00108918	0.424878	0.0628184	0.00114535	0.000970706	0.00255632	0.00128298	0.0240486	0.0189701	0.125723	0.00682668	0.00936001
48	0.0147034	0.0154435	0.000540328	0.00117772	0.148885	0.00646751	0.00253601	0.115872	0.00139721	0.44891	0.0652908	0.00130069	0.00126713	0.00316529	0.00214031	0.0188028	0.0153498	0.120241	0.00718694	0.00932312
49	0.00541125	0.028914	0.00145969	0.00216644	0.506884	0.00319762	0.0230521	0.0229593	0.00508473	0.0598108	0.0115993	0.00673081	0.00117645	0.00213187	0.00254459	0.0279038	0.010135	0.0290714	0.00858982	0.241177
50	0.00614272	0.0138501	0.00031196	0.000570933	0.157605	0.00538071	0.00217983	0.112216	0.000887339	0.475029	0.0638306	0.000983537	0.000883791	0.00255307	0.00111518	0.0154605	0.0113341	0.115025	0.00555796	0.00908211
51	0.0518398	0.0448059	0.117959	0.146492	0.00927655	0.10537	0.0898584	0.00786263	0.0110958	0.0397232	0.00803497	0.159686	0.0128156	0.0355345	0.0164209	0.0999417	0.0125499	0.0104168	0.00204562	0.0182698
52	0.0220016	0.0218333	0.00346186	0.00519995	0.16525	0.0116816	0.00726419	0.157402	0.00544994	0.266711	0.0418111	0.00814585	0.00468747	0.00710371	0.0057447	0.0316982	0.0262257	0.136518	0.00565627	0.0661546
53	0.0240355	0.0144967	0.00975849	0.0260378	0.00832026	0.0248862	0.0885185	0.00322784	0.168475	0.0123765	0.00321547	0.0152213	0.00271318	0.118262	0.350877	0.0590331	0.039151	0.0135247	0.00397737	0.0138932
54	0.0668075	0.0116341	0.0977725	0.160366	0.0170866	0.00703875	0.0503686	0.0167965	0.0830569	0.0834278	0.0297032	0.033646	0.00281605	0.123448	0.0999246	0.0305558	0.0300941	0.0486926	0.00201407	0.00475013
55	0.053987	0.0498661	0.115305	0.147453	0.00851688	0.122273	0.0819511	0.00772729	0.0039285	0.0412762	0.00610753	0.171341	0.0128837	0.0227152	0.0062405	0.107965	0.0113648	0.00848443	0.00211543	0.0184985
56	0.0182413	0.0270404	0.00580204	0.0104461	0.325232	0.016295	0.0360828	0.0193776	0.036307	0.0399882	0.0108231	0.0185725	0.00320377	0.0153634	0.0379653	0.0470314	0.0199095	0.0253145	0.0102108	0.276793
57	0.141222	0.00933302	0.00572024	0.0592026	0.00869324	0.0099985	0.0215858	0.146576	0.05278	0.0476291	0.0751344	0.0170371	0.00557489	0.0208714	0.0327879	0.104281	0.1733	0.061182	0.00278573	0.00430448
58	0.0394339	0.00684383	0.0363464	0.0293192	0.0423806	0.196919	0.012581	0.0101029	0.0746226	0.0163666	0.00701209	0.0836295	0.00687578	0.0315812	0.149431	0.160454	0.0516536	0.0272213	0.00442286	0.0128028
59	0.14458	0.055431	0.00508141	0.00314329	0.0341124	0.020431	0.00186379	0.0385111	0.00177766	0.0198621	0.00380928	0.00414868	0.0137673	0.00212902	0.00446318	0.427631	0.169214	0.0413294	0.00377649	0.00493725
60	0.0212612	0.014267	0.00784721	0.020183	0.0956963	0.0111808	0.00272548	0.0768471	0.0195249	0.272287	0.138577	0.00865577	0.00300357	0.0225461	0.0161472	0.0428536	0.0719612	0.129581	0.00687373	0.0179815
61	0.0315286	0.0163168	0.0149462	0.0206221	0.0103139	0.0334104	0.0630997	0.00327123	0.205381	0.00858582	0.00260489	0.0141719	0.0036942	0.0574555	0.371464	0.0667889	0.0363673	0.015475	0.00313837	0.0213646
62	0.0148639	0.0222735	0.00382774	0.00645292	0.0688094	0.0164723	0.0137723	0.166987	0.00343369	0.387091	0.052277	0.0074334	0.0120252	0.0115022	0.0133476	0.0306853	0.0373831	0.106893	0.00387749	0.0205921
63	0.0234717	0.0052088	0.000420326	0.00223595	0.051938	0.00744295	0.00406245	0.218365	0.00152237	0.325008	0.0517747	0.00419579	0.00218306	0.00633173	0.00127738	0.0134773	0.0216617	0.254073	0.00166831	0.00368047
64	0.183931	0.0246268	0.000224491	0.000566502	0.0624296	0.0190908	0.000412913	0.103553	0.00041564	0.215922	0.040938	0.000769152	0.000240518	0.000429678	0.000432244	0.0683797	0.0488711	0.219555	0.00771209	0.00150077
65	0.010069	0.0254525	0.00145636	0.00245332	0.153159	0.00584621	0.00298869	0.11306	0.00300278	0.342165	0.158014	0.00238856	0.00139839	0.00331351	0.00299305	0.0190276	0.0353036	0.0763382	0.0335706	0.00800016
66	0.0482898	0.00223449	0.000548533	0.0026592	0.0148679	0.0116604	0.00200051	0.256372	0.0021615	0.188891	0.0558568	0.00524524	0.00193249	0.00321827	0.000560902	0.0156181	0.0353706	0.350991	0.000408227	0.00111261
67	0.174993	0.0235595	0.000209917	0.000499742	0.0651169	0.016778	0.000444357	0.105373	0.000356934	0.228762	0.0402776	0.000601317	0.000242358	0.000447609	0.000431116	0.0644875	0.0458261	0.222765	0.00735264	0.00147489
68	0.0720921	0.0296779	0.0105408	0.0150016	0.0332754	0.0280364	0.0126991	0.155242	0.0238079	0.0918457	0.0342784	0.013489	0.0689479	0.0142594	0.0255268	0.171351	0.083106	0.0920666	0.00752599	0.0172299
69	0.134057	0.077556	0.00440959	0.00252618	0.0497155	0.0178389	0.00162512	0.039523	0.00182129	0.0288653	0.00277456	0.0048177	0.0209028	0.00192808	0.00557949	0.400425	0.15712	0.0307785	0.00759945	0.0101361
70	0.137357	0.0269789	0.000789196	0.00115666	0.144245	0.0161082	0.001358	0.082742	0.00135802	0.240308	0.0415439	0.00163418	0.000912678	0.00160623	0.0015174	0.0637995	0.0458393	0.174089	0.00922002	0.00743587
71	0.176108	0.022672	0.000203338	0.000484205	0.0624064	0.0167115	0.000371988	0.107251	0.000373194	0.224003	0.0391723	0.00060004	0.000194132	0.000364871	0.000397073	0.0626557	0.0457948	0.232197	0.0069669	0.00107149
72	0.0678791	0.00420381	0.000355905	0.00221032	0.0207366	0.0127569	0.00154904	0.233222	0.00184992	0.190437	0.054767	0.00410077	0.00164166	0.00252516	0.000512425	0.0206766	0.0381731	0.340503	0.00114697	0.000752612
73	0.0475815	0.0146042	0.110353	0.266422	0.00961975	0.00762049	0.0208501	0.00942541	0.0811085	0.0544552	0.0376309	0.0219358	0.00130318	0.138563	0.0781173	0.0265211	0.03523	0.0314273	0.00312487	0.0041057
74	0.178561	0.0244959	0.000198085	0.000511617	0.0639683	0.0169392	0.000384485	0.104936	0.00035469	0.223403	0.0399946	0.000590545	0.000202315	0.000376967	0.0004024	0.0659537	0.0461034	0.223697	0.00755861	0.00136907
75	0.35699	0.00290348	0.000552846	0.00165853	0.0152975	0.0896202	0.00142565	0.0840106	0.000984871	0.0106768	0.0344888	0.00178048	0.00051311	0.00103484	0.00131753	0.102516	0.142871	0.146646	0.00257403	0.00213789
76	0.0276725	0.0167705	0.0126251	0.0268759	0.034272	0.0257406	0.180867	0.0092419	0.0920166	0.0195481	0.0130568	0.0685499	0.00362201	0.0929192	0.218927	0.0552384	0.0287113	0.0144173	0.00397619	0.0549516
77	0.0460943	0.0156198	0.0643732	0.185238	0.00945717	0.0254462	0.0311918	0.00820344	0.131135	0.0400262	0.0217095	0.0198159	0.00184807	0.10279	0.178786	0.0415758	0.0371208	0.0240337	0.00742812	0.00810762
78	0.0538338	0.0223326	0.0558213	0.0778705	0.0423848	0.0410924	0.00941448	0.0526476	0.0213464	0.143706	0.0702627	0.020836	0.00585054	0.0770634	0.020873	0.110627	0.0508925	0.106443	0.00491226	0.0117896
79	0.0437452	0.00170191	0.000424275	0.00271691	0.0139693	0.0108979	0.00196061	0.26097	0.0022626	0.190176	0.0597931	0.00490133	0.00224109	0.00338008	0.000651269	0.0137888	0.0365141	0.348622	0.0003545	0.000928598
80	0.174939	0.0245862	0.000338065	0.000691762	0.064525	0.0173233	0.000408222	0.104593	0.000454777	0.224999	0.0412714	0.00080168	0.000217264	0.000536302	0.000465838	0.0668394	0.0459277	0.221018	0.00830401	0.00175967
81	0.190703	0.0403448	0.00399518	0.00680366	0.0229858	0.0596464	0.004477	0.0410583	0.00498432	0.0306736	0.0118508	0.00744718	0.00687318	0.00625943	0.00940517	0.353547	0.12845	0.0576036	0.00478563	0.00810604
82	0.0619694	0.0449484	0.00432434	0.00965128	0.111361	0.0331385	0.00850111	0.0725091	0.00964334	0.250129	0.0600134	0.00809539	0.00349102	0.0107189	0.0182071	0.0696902	0.0429298	0.0828604	0.0706533	0.0271644
83	0.171084	0.0224241	0.000568444	0.00113261	0.0612018	0.0165775	0.000435117	0.106928	0.00106411	0.22183	0.0446408	0.00101184	0.000365648	0.00111367	0.00106224	0.064294	0.0478763	0.22765	0.00714635	0.00159337
84	0.00853169	0.0296194	0.00183024	0.00414513	0.428963	0.00593953	0.023138	0.0179669	0.00709862	0.0364408	0.00789583	0.0110709	0.00164201	0.00457004	0.00458205	0.0342558	0.010336	0.022776	0.0103352	0.328863
85	0.0695333	0.00656432	0.0148734	0.013736	0.0257925	0.0389798	0.00554122	0.125866	0.0892275	0.0862942	0.0872118	0.00662832	0.0252824	0.0116839	0.0866426	0.0838042	0.0913465	0.122534	0.00226108	0.00619643
86	0.167714	0.0129528	0.00444648	0.0248736	0.0130078	0.0298663	0.0116893	0.121848	0.0275092	0.0459248	0.0722269	0.0239398	0.00428059	0.00879822	0.0179492	0.116253	0.193625	0.0934935	0.00487225	0.00472925
87	0.349437	0.00302369	0.000593151	0.00157997	0.0152579	0.0910011	0.00141134	0.0785748	0.000860721	0.0102118	0.036454	0.00176083	0.000458928	0.000956652	0.00140525	0.110393	0.149919	0.141819	0.00266305	0.00221815
88	0.0349432	0.00171331	0.000409429	0.00300519	0.0138184	0.00962381	0.00281891	0.266376	0.00206124	0.213303	0.0543881	0.00636625	0.00225244	0.00480315	0.000687258	0.0136472	0.0313323	0.337032	0.000387275	0.00103166
89	0.00683543	0.0240421	0.00128773	0.00232605	0.506417	0.00374013	0.0161375	0.0376161	0.00470533	0.0698355	0.00938002	0.00614546	0.00106164	0.00212843	0.00284108	0.03313	0.0144783	0.0383117	0.00799204	0.211588
90	0.00548674	0.0144952	0.000347035	0.000839754	0.158783	0.00539179	0.00220995	0.112502	0.00103001	0.473913	0.0638725	0.00100177	0.000960827	0.00253725	0.001213	0.0154702	0.0114124	0.113724	0.00562825	0.00918117
91	0.127488	0.0195672	0.00257379	0.0061401	0.0706967	0.0152536	0.00164298	0.0968438	0.00821236	0.216818	0.0805843	0.00405289	0.00160002	0.00639019	0.00668064	0.0613746	0.0747306	0.185831	0.00821718	0.00530283
92	0.349263	0.00304958	0.000531032	0.00157762	0.0156445	0.0902926	0.00135932	0.0791254	0.000845705	0.011974	0.0373883	0.00180854	0.000463961	0.000972771	0.00133114	0.10879	0.147052	0.143551	0.00277447	0.00220547
93	0.0868653	0.174421	0.00533307	0.00410725	0.015987	0.0236595	0.003154	0.0273642	0.00320872	0.0129	0.00369268	0.0168621	0.00607822	0.00367104	0.00537948	0.388749	0.182614	0.0277963	0.00353402	0.00462318
94	0.0611147	0.00349794	0.00036274	0.00227667	0.0185438	0.012445	0.00164048	0.244159	0.00208139	0.184921	0.0561232	0.00436335	0.00180172	0.00259212	0.000537549	0.0187491	0.0392797	0.343871	0.000840202	0.000799117
95	0.0252507	0.0116021	0.00152212	0.00403549	0.0988712	0.00786946	0.00282492	0.140914	0.00389149	0.371371	0.076508	0.00331826	0.00195242	0.0076002	0.0043089	0.0214472	0.0280664	0.176772	0.00469138	0.00718332
96	0.00818519	0.0275106	0.00133732	0.0019554	0.466341	0.00615147	0.0156518	0.0350929	0.00413049	0.10701	0.0147967	0.00583159	0.000981201	0.00230133	0.00240383	0.0313615	0.0132292	0.0396169	0.00984456	0.206267
97	0.0160424	0.00865495	0.00559079	0.0423087	0.0198218	0.0196113	0.2881	0.00849876	0.0429444	0.0234745	0.0175004	0.106703	0.0048405	0.186703	0.0993306	0.0449091	0.0145	0.00885851	0.00148111	0.0401253
98	0.0445357	0.0138831	0.00507377	0.00997801	0.0277811	0.0132688	0.00383038	0.208537	0.00626964	0.216782	0.0583394	0.01693	0.00373872	0.00989911	0.00490167	0.0388957	0.0485888	0.259534	0.00269547	0.00653669
99	0.0370739	0.00325108	0.00140992	0.00462341	0.0169794	0.0105439	0.00255723	0.252734	0.00449166	0.182579	0.0832565	0.00525514	0.00329455	0.00597945	0.0042475	0.0169529	0.0546714	0.306077	0.00130591	0.00271602
100	0.0860301	0.138714	0.0175342	0.0320731	0.0379884	0.113652	0.0207144	0.0316637	0.0185406	0.0645562	0.0153796	0.031396	0.00769011	0.0210131	0.0350932	0.17296	0.0697785	0.0349445	0.0217131	0.0285652
101	0.029922	0.0181918	0.0134971	0.0508187	0.0725476	0.0243866	0.143972	0.0154502	0.0105172	0.0223291	0.0140106	0.11804	0.00730542	0.0272223	0.0205597	0.212399	0.0230643	0.0160545	0.00423503	0.155476
102	0.0148495	0.0160808	0.000629907	0.00126706	0.152821	0.00634822	0.00280016	0.110201	0.00154231	0.437885	0.0761047	0.00152002	0.00103285	0.0029275	0.00178338	0.0198552	0.0176974	0.114189	0.00964018	0.0108256
103	0.0215203	0.0087396	0.0116266	0.0561219	0.0151574	0.0169333	0.264749	0.00878144	0.038938	0.030261	0.0137616	0.0724114	0.0087194	0.238869	0.0905543	0.0397668	0.0155237	0.0144226	0.00338329	0.0297593
104	0.0417821	0.00265411	0.0016117	0.00306584	0.0141412	0.0149995	0.00258488	0.270642	0.00959746	0.167035	0.0595659	0.00493305	0.0028055	0.00396043	0.00452902	0.0162075	0.0421412	0.334444	0.00063154	0.00266821
105	0.0345027	0.013062	0.000909577	0.00203038	0.0929141	0.00926202	0.0033356	0.157211	0.00168274	0.371096	0.0605855	0.00321383	0.00221199	0.00526138	0.00250675	0.0232013	0.024033	0.180222	0.00556897	0.0071894
106	0.0290268	0.0156029	0.014444	0.0296326	0.0149225	0.0289697	0.13791	0.00640794	0.135705	0.0160133	0.00795374	0.0421167	0.00398881	0.096612	0.289823	0.0546315	0.0315828	0.0148373	0.0037514	0.0260679
107	0.00547573	0.0148077	0.000381285	0.000658786	0.186429	0.00518056	0.00301987	0.106588	0.00111676	0.446524	0.0626937	0.00126641	0.000912102	0.00239004	0.0011787	0.0163416	0.01199	0.108127	0.00646619	0.018453
108	0.0468747	0.015627	0.112452	0.251887	0.00997006	0.00698816	0.0254614	0.0093743	0.0845468	0.0541654	0.0333534	0.0245438	0.00137554	0.133843	0.0904173	0.0245877	0.0333987	0.0337415	0.00317648	0.00421556
109	0.0539076	0.048783	0.117696	0.147996	0.00853241	0.125303	0.0806347	0.00782056	0.00396564	0.0401643	0.00589609	0.169226	0.0128239	0.0215746	0.00683652	0.109021	0.0113347	0.00839253	0.00208811	0.0180026
110	0.00624167	0.0239558	0.00115138	0.00195077	0.460855	0.00402069	0.0144737	0.0461268	0.00426124	0.119601	0.0176334	0.00533681	0.00102493	0.00207506	0.00234088	0.0280806	0.0126476	0.0478442	0.00829827	0.19208
111	0.135487	0.0106425	0.00495446	0.0121794	0.0172531	0.125711	0.085386	0.025065	0.0546418	0.014448	0.0118416	0.0758975	0.0123627	0.0382899	0.112867	0.135962	0.0417563	0.0275154	0.00395048	0.053789
112	0.0344581	0.0141206	0.00942551	0.0273154	0.00778891	0.0412921	0.0484368	0.00340783	0.223592	0.012167	0.00279719	0.0107867	0.00244139	0.0705964	0.353898	0.0605461	0.0427142	0.0161749	0.00506827	0.0129726
113	0.0400428	0.0269509	0.0237419	0.0380802	0.0587605	0.0220781	0.00386968	0.0916213	0.0223197	0.195807	0.112098	0.0249802	0.0056398	0.0362854	0.01532	0.0604312	0.0588663	0.141744	0.00613476	0.0152287
114	0.0751279	0.0326545	0.0053833	0.00700371	0.0837478	0.0160826	0.00510998	0.164958	0.00525884	0.22332	0.0435205	0.00916648	0.00450173	0.00837488	0.00584233	0.0478567	0.0444319	0.172042	0.00824375	0.0373726
115	0.0112991	0.0259484	0.00193367	0.00346704	0.141601	0.00638411	0.00314114	0.110871	0.00349514	0.342494	0.164064	0.00320021	0.00173807	0.00491306	0.00384676	0.0199666	0.0362615	0.0787627	0.0288978	0.00771497
116	0.0770191	0.012699	0.00378244	0.0538946	0.0120736	0.0922369	0.0172833	0.0131745	0.155106	0.0423648	0.0115582	0.0325256	0.00720578	0.0630038	0.208157	0.104967	0.0463812	0.00908032	0.0155826	0.0219042
117	0.0262391	0.0104834	0.0233353	0.0853772	0.0133741	0.0186408	0.192801	0.00861441	0.0714228	0.0322569	0.0133321	0.0591885	0.00454121	0.186869	0.139896	0.0488401	0.0221785	0.0153066	0.00354312	0.0237597
118	0.0279937	0.0169826	0.0097603	0.0324803	0.0817625	0.0290103	0.236272	0.0142411	0.0310134	0.0244619	0.0172684	0.0961645	0.00605957	0.106042	0.068556	0.0608858	0.0195842	0.0144167	0.00446065	0.102584
119	0.0286834	0.0124008	0.0105002	0.0287087	0.0458394	0.0164152	0.00452739	0.0962342	0.0236047	0.203033	0.146079	0.00905152	0.00640568	0.0384247	0.0349485	0.0506418	0.0871434	0.140541	0.00361125	0.0132066
120	0.0316966	0.0209691	0.04031	0.0491566	0.0110813	0.0207339	0.0641205	0.00468737	0.193822	0.0153652	0.00652016	0.0202127	0.00191673	0.0677483	0.333265	0.0416099	0.0341615	0.0249358	0.00177131	0.0159157
121	0.0165203	0.00794637	0.000415009	0.00211117	0.0786439	0.00659773	0.00393134	0.185745	0.00134911	0.378363	0.058325	0.00356543	0.00208071	0.00601408	0.00177117	0.0143109	0.0194253	0.204875	0.00288734	0.00512245
122	0.0258333	0.0202741	0.0149239	0.0196736	0.00905603	0.0247867	0.0626614	0.00258929	0.205289	0.00821367	0.00229953	0.0101621	0.00174043	0.0626572	0.402553	0.0508512	0.0413969	0.0157079	0.00355082	0.01578
123	0.0330302	0.0217037	0.0366633	0.0321286	0.0154067	0.0186587	0.0799185	0.00445271	0.185883	0.011679	0.00448687	0.0190923	0.00223313	0.0512734	0.349585	0.0454178	0.0347004	0.0235543	0.00184773	0.0282844
124	0.0145598	0.00743145	0.00498745	0.0508345	0.0191493	0.0174891	0.292045	0.00791629	0.0301839	0.02552	0.0164189	0.106109	0.00504691	0.217829	0.0805909	0.0396692	0.0124583	0.00840488	0.00182869	0.0415284
125	0.0336374	0.0133353	0.000896398	0.00302644	0.104823	0.00826312	0.00317103	0.142016	0.00183752	0.385847	0.0575722	0.00293525	0.0021376	0.00589358	0.0021159	0.0231146	0.0216887	0.175206	0.00558769	0.00689607
126	0.0636317	0.0277841	0.00313229	0.0351118	0.0214743	0.0580525	0.0270406	0.00747418	0.130428	0.0533073	0.00630695	0.0138077	0.00329461	0.0574895	0.256915	0.105102	0.073387	0.00841632	0.0299167	0.0179269
127	0.0858452	0.00615805	0.021775	0.00922389	0.0320875	0.0437905	0.00490916	0.147315	0.113833	0.0791668	0.0527556	0.0056724	0.0145752	0.00782335	0.077128	0.0722369	0.0772583	0.141184	0.0021092	0.00515251
128	0.0545542	0.00735315	0.00326565	0.00854008	0.0277895	0.0153425	0.0031551	0.210975	0.00975326	0.174332	0.0978664	0.00648833	0.00413695	0.00859261	0.00897198	0.0316832	0.0680308	0.251986	0.00303554	0.00414837
129	0.122747	0.0516532	0.00659075	0.00975847	0.0289204	0.0535943	0.0107382	0.0356117	0.0104785	0.0320019	0.010672	0.0121616	0.00796227	0.0112816	0.0198016	0.389506	0.126124	0.0401213	0.00706159	0.0132143
130	0.0346392	0.014902	0.0148042	0.0409929	0.0305793	0.0277046	0.251464	0.0162596	0.0404776	0.0337967	0.0203837	0.0877224	0.00799429	0.136158	0.0899159	0.0576603	0.0286404	0.0226676	0.00342257	0.0398145
131	0.0375757	0.0174903	0.0160993	0.0296908	0.0127285	0.0387466	0.0584399	0.0126698	0.169726	0.0207977	0.00771734	0.0164078	0.00414748	0.0700621	0.337175	0.0642374	0.0431092	0.0216123	0.00552396	0.0160426
132	0.00571832	0.034427	0.00138734	0.00194756	0.472523	0.00384071	0.0187452	0.0173327	0.00601256	0.0401295	0.00796176	0.0092915	0.000894464	0.00209561	0.00272103	0.027456	0.00831083	0.0241527	0.00971878	0.305333
133	0.0368379	0.0187272	0.0172542	0.0348372	0.0139503	0.0376077	0.0603869	0.00750124	0.165734	0.0222416	0.0064752	0.0182212	0.00444309	0.0691301	0.340959	0.0617826	0.0421303	0.0174879	0.00684162	0.0174517
134	0.0946094	0.0044901	0.0134459	0.00685346	0.0275402	0.0714356	0.00412965	0.145914	0.0946541	0.0627729	0.054104	0.00384635	0.0133956	0.00562585	0.0955565	0.102094	0.0693755	0.124294	0.00191981	0.00394183
135	0.00509084	0.0262556	0.00139815	0.00206711	0.449322	0.0037338	0.0198658	0.0144407	0.00689138	0.0310728	0.00697439	0.00839049	0.000968044	0.0021856	0.00286388	0.0281772	0.00766978	0.0198738	0.00824134	0.354517
136	0.00847622	0.0134958	0.000362128	0.000683924	0.147844	0.00571472	0.00260166	0.119868	0.000901318	0.46537	0.0628921	0.00130133	0.0012801	0.00322106	0.00127197	0.0158596	0.0124297	0.122145	0.00541744	0.00886336
137	0.0268093	0.00266533	0.000387492	0.00282763	0.0266112	0.00804624	0.0038324	0.245849	0.00171023	0.277224	0.0507969	0.00520366	0.00232495	0.00658435	0.000958479	0.0126807	0.0247408	0.298295	0.000717381	0.00173521
138	0.0895734	0.10091	0.00154671	0.00265823	0.137763	0.073653	0.00243905	0.0266753	0.00269501	0.17818	0.00402594	0.00316688	0.00363275	0.00263194	0.00851195	0.159715	0.0594469	0.00709492	0.0597129	0.0759674
139	0.176682	0.0924809	0.00418756	0.0549301	0.00945754	0.0997261	0.00477541	0.00901386	0.00553707	0.0700399	0.00695638	0.00623154	0.00267053	0.0830073	0.00594259	0.292586	0.0544311	0.0118246	0.00271486	0.00680497
140	0.00626128	0.0143651	0.000577746	0.000967062	0.156661	0.00537262	0.00226873	0.108087	0.00163015	0.461934	0.0741443	0.00112433	0.00102245	0.00300858	0.00159511	0.0175832	0.0150009	0.11099	0.00720776	0.0101988
141	0.00530204	0.0141863	0.000327905	0.000577783	0.158342	0.00551121	0.00215008	0.113195	0.00088393	0.47219	0.0648397	0.00100913	0.000881844	0.00249524	0.00110499	0.015534	0.0114666	0.115015	0.00592993	0.00905792
142	0.0108614	0.0143123	0.00041953	0.000834067	0.14663	0.00593891	0.00278102	0.124083	0.00133614	0.440782	0.0698365	0.00136068	0.00154322	0.00318726	0.00175609	0.018262	0.0178798	0.122463	0.0065071	0.00922577
143	0.0683241	0.00284224	0.000583367	0.00256799	0.0157406	0.018202	0.00188968	0.2501	0.004024	0.165606	0.0544009	0.00455067	0.0020486	0.00283779	0.0015481	0.0204563	0.0457994	0.335526	0.000850367	0.00210168
144	0.124461	0.0508853	0.007669	0.00350462	0.0176592	0.0210365	0.00115503	0.0463848	0.00148627	0.00946321	0.00416455	0.00441464	0.00719225	0.00120166	0.0029664	0.403699	0.239523	0.0483836	0.00225283	0.00249707
145	0.352377	0.00295622	0.00057694	0.00162144	0.0160189	0.0889848	0.00143861	0.0845088	0.000983229	0.0136412	0.0346427	0.00175275	0.000468228	0.000992845	0.00131478	0.102128	0.141661	0.149208	0.0026045	0.00212043
146	0.131858	0.0466816	0.00658911	0.00349147	0.016941	0.0425173	0.00354072	0.0372613	0.00191495	0.0130709	0.00762234	0.00490933	0.0057868	0.00203757	0.00469356	0.38636	0.23592	0.0416148	0.00322711	0.003962
147	0.024651	0.0111426	0.0175465	0.0644619	0.0172902	0.0186741	0.226125	0.016258	0.0365112	0.0561311	0.0169817	0.0724873	0.0070433	0.222214	0.0794595	0.040582	0.0203395	0.0220351	0.00394676	0.0261199
148	0.00746572	0.016474	0.000393508	0.000932341	0.248853	0.00487992	0.00345585	0.0928521	0.00125562	0.402628	0.0544459	0.00140438	0.00080511	0.00216537	0.0012106	0.0192651	0.0125708	0.101453	0.00608941	0.0214005
149	0.224548	0.0244928	0.00220634	0.00359892	0.0284505	0.0517109	0.00263002	0.0991732	0.00272887	0.0820951	0.0509817	0.0062311	0.00151964	0.00262192	0.0027738	0.123264	0.109985	0.150654	0.0184689	0.0118649
150	0.140025	0.0635864	0.00517319	0.00248698	0.0375151	0.0135209	0.00148434	0.0393274	0.00144738	0.0192384	0.00235131	0.0045516	0.0188602	0.0016811	0.00435038	0.421467	0.178929	0.0359367	0.00366006	0.00440737
151	0.130374	0.0167475	0.000698717	0.00167505	0.0550312	0.0142497	0.00117681	0.137263	0.00108583	0.24315	0.0457037	0.0022129	0.000837538	0.00287982	0.00100479	0.0467143	0.0420428	0.249996	0.00524042	0.00191608
152	0.00517857	0.0138626	0.000311615	0.000570212	0.158404	0.00532149	0.0021811	0.112133	0.000888431	0.476362	0.0639886	0.000982778	0.000886041	0.00255064	0.0011151	0.0152676	0.01117	0.11411	0.00557205	0.00914439
153	0.0362556	0.016513	0.0164574	0.0443272	0.0441704	0.0228226	0.00359831	0.0921306	0.0242228	0.191676	0.128629	0.0152934	0.00576373	0.0488442	0.0257185	0.0556897	0.0671664	0.142727	0.00375737	0.0142366
154	0.103681	0.0082222	0.000641858	0.00184526	0.0300006	0.0150457	0.00122093	0.20297	0.00260205	0.186712	0.048047	0.00304242	0.0013593	0.00183497	0.000924559	0.0307364	0.0441342	0.313578	0.00233359	0.00106738
155	0.0214248	0.0160177	0.00114404	0.00233418	0.131495	0.00795039	0.00425529	0.116595	0.00280073	0.41451	0.0692482	0.00261922	0.00231817	0.00468615	0.00366531	0.0219686	0.0433675	0.116006	0.00821613	0.00937749
156	0.0875437	0.0178271	0.00267244	0.0641564	0.014163	0.0868632	0.0152258	0.00971377	0.134838	0.0482266	0.00887638	0.0215159	0.00510437	0.0520739	0.215607	0.110045	0.0549636	0.00777104	0.0248575	0.0179546
157	0.123434	0.0517643	0.00832634	0.00328429	0.0171383	0.0220395	0.00108081	0.0408497	0.00110821	0.00808723	0.00230118	0.00408859	0.00666077	0.00112112	0.00253451	0.413707	0.244006	0.0437152	0.00222765	0.00252494
158	0.11808	0.0342114	0.00610816	0.0170358	0.0135806	0.25639	0.0069923	0.0142842	0.00799444	0.0158456	0.00584664	0.0126954	0.00435311	0.00987502	0.017159	0.371234	0.0542996	0.0175597	0.00460877	0.0118457
159	0.0515222	0.040861	0.121001	0.144607	0.0126187	0.134099	0.0629314	0.00901969	0.0118274	0.0398122	0.00887349	0.134322	0.0109097	0.0300413	0.0192127	0.116859	0.0185377	0.0150571	0.00293498	0.0149524
160	0.0111241	0.0137499	0.000547982	0.00104453	0.149366	0.00587963	0.00239211	0.118036	0.00106792	0.459367	0.0616831	0.00152569	0.00114721	0.00321173	0.00124006	0.0171434	0.0129348	0.124225	0.00533962	0.00897472
161	0.148341	0.017042	0.000343559	0.00108482	0.0509144	0.0153628	0.000784416	0.136341	0.000774054	0.21724	0.0425266	0.00189787	0.000735543	0.00125873	0.000461512	0.0494317	0.0433404	0.265868	0.00531284	0.000938755
162	0.0308827	0.00452158	0.000847392	0.00356938	0.0188617	0.0100585	0.00401796	0.269201	0.00303103	0.213371	0.0645089	0.00517284	0.00583776	0.0063236	0.00297756	0.0151337	0.0368789	0.299673	0.000979213	0.00415241
163	0.1213	0.0603324	0.00585721	0.0033945	0.0193695	0.0361203	0.00158071	0.0396263	0.00158745	0.0104477	0.00222589	0.00457897	0.00763252	0.00219116	0.00406332	0.458867	0.173886	0.0366956	0.00419805	0.00604592
164	0.149313	0.0465641	0.00583296	0.00342028	0.0198646	0.0345573	0.00173176	0.0417384	0.00202366	0.0125094	0.00759378	0.0044513	0.00703261	0.00195584	0.00481313	0.394366	0.206123	0.0486981	0.00335844	0.00405305
165	0.049564	0.00171598	0.000364383	0.00248011	0.0145044	0.0115107	0.00183594	0.25641	0.00221483	0.185288	0.0580876	0.00470177	0.00197503	0.00294362	0.000569793	0.0148162	0.0374794	0.35244	0.00033481	0.000764109
166	0.131929	0.0502329	0.00740284	0.0031465	0.017535	0.0254232	0.00112753	0.0462065	0.00118437	0.0103308	0.00504054	0.00399451	0.00626706	0.00120142	0.0025868	0.391903	0.233085	0.0556037	0.00271947	0.00308041
167	0.0417431	0.0129917	0.0730685	0.230208	0.0109823	0.0125767	0.0523129	0.011008	0.0604977	0.068717	0.0335585	0.0250038	0.00254733	0.18835	0.0675243	0.0330583	0.0324614	0.0305601	0.00503756	0.00779213
168	0.0116232	0.0101561	0.0019668	0.00581432	0.0903612	0.00678883	0.00508436	0.135948	0.00325362	0.416166	0.0770492	0.00365365	0.00285758	0.0150731	0.00570667	0.0187143	0.0255041	0.152733	0.00381586	0.00773051
169	0.122207	0.0585276	0.00721945	0.00289363	0.0204473	0.017867	0.00105475	0.0411866	0.0011299	0.00975953	0.00158659	0.00457193	0.00910497	0.00109862	0.0026559	0.420819	0.230287	0.042597	0.00228964	0.00269599
170	0.305186	0.00609316	0.00120408	0.00484185	0.0147071	0.157246	0.00353169	0.0658049	0.00374862	0.0161827	0.0305109	0.00392064	0.00148463	0.00287278	0.00705326	0.123435	0.125701	0.120015	0.00259332	0.00386767
171	0.00522086	0.013662	0.000307711	0.0005887	0.155788	0.00528249	0.00226436	0.113888	0.000868662	0.475958	0.0633593	0.00106677	0.000953113	0.00266901	0.00114126	0.0151836	0.0111152	0.116138	0.00550035	0.0090449
172	0.0102677	0.0150955	0.000372147	0.000643594	0.156648	0.00610026	0.00210718	0.111894	0.00091171	0.460125	0.0672718	0.00104515	0.000886075	0.00258819	0.00114493	0.0179546	0.0130082	0.116333	0.00666516	0.00893774
173	0.0354785	0.0020983	0.000612239	0.00292991	0.0123252	0.0104804	0.00223344	0.27198	0.00275831	0.18403	0.0723679	0.0050838	0.00279812	0.0035377	0.00127569	0.0137251	0.0418602	0.332492	0.000570308	0.00136249
174	0.114357	0.0489107	0.00466192	0.00708412	0.0589384	0.0175782	0.00291918	0.126405	0.00401617	0.22771	0.0452567	0.00979044	0.00288672	0.00528654	0.00403013	0.0755084	0.0422572	0.18471	0.00857843	0.009115
175	0.00946083	0.0146505	0.000522627	0.00125211	0.151222	0.00608722	0.00259096	0.113822	0.00127848	0.458311	0.0695944	0.00131983	0.00115767	0.00325997	0.00166109	0.0169657	0.014473	0.115926	0.00692901	0.00951574
176	0.020306	0.0111474	0.00324358	0.0292083	0.0303031	0.0293619	0.289485	0.0122581	0.0267268	0.0257458	0.0273762	0.147153	0.00296718	0.144699	0.0717937	0.0482513	0.017521	0.00737912	0.0014781	0.0535952
177	0.0993811	0.0219202	0.0114139	0.0446019	0.0142736	0.414093	0.0117279	0.0124146	0.0110807	0.0226932	0.0113689	0.0230002	0.00477009	0.0121308	0.0248401	0.192517	0.0334085	0.0180943	0.00511984	0.0111504
178	0.242842	0.0177594	0.00553454	0.0110065	0.0296374	0.0652915	0.00903377	0.0761961	0.0160555	0.0667037	0.032387	0.0092477	0.00472975	0.0106312	0.0230256	0.131421	0.104522	0.130636	0.00557848	0.00776072
179	0.298251	0.013548	0.00263711	0.00219948	0.0136728	0.0723422	0.00193098	0.0635251	0.00117235	0.00950007	0.026675	0.00217694	0.00145407	0.00124963	0.00209693	0.182728	0.189754	0.110578	0.00217992	0.00232881
180	0.0252206	0.0164103	0.0135242	0.0214782	0.00753027	0.0279611	0.0577924	0.002694	0.226483	0.00628457	0.00215439	0.00946955	0.00169469	0.0674243	0.395062	0.048622	0.0380579	0.0160483	0.00225776	0.0138305
181	0.0350905	0.0122442	0.00348172	0.00910392	0.0619051	0.0132588	0.00378943	0.191274	0.00887013	0.225023	0.117618	0.00687077	0.00471914	0.0103747	0.00999739	0.0293264	0.0510056	0.19089	0.00899016	0.00616846
182	0.124724	0.0488409	0.00733316	0.00627384	0.0194146	0.0274548	0.00418747	0.0433051	0.00613471	0.018255	0.00864327	0.00720163	0.00640737	0.00276319	0.00604282	0.358622	0.248983	0.046873	0.00377121	0.00476895
183	0.0336906	0.0143828	0.015634	0.0434119	0.0316047	0.028435	0.251833	0.0182539	0.0387019	0.03168	0.0197965	0.0890641	0.00895794	0.148423	0.0792385	0.0538546	0.0268705	0.021654	0.00345125	0.0410611
184	0.0268126	0.0153148	0.0130338	0.0229825	0.00755793	0.0308825	0.0555604	0.00298103	0.229357	0.00745697	0.00235762	0.0103139	0.00185459	0.068655	0.384657	0.0499293	0.0376002	0.0160349	0.00258147	0.0140765
185	0.256747	0.0186088	0.00355307	0.00771443	0.023042	0.0640795	0.00978123	0.0656479	0.00848399	0.0383319	0.0301841	0.00727089	0.00275604	0.00808309	0.0142042	0.160381	0.159687	0.109968	0.00491509	0.00656149
186	0.0239903	0.00967597	0.0116398	0.0595605	0.0151471	0.0202298	0.222751	0.00852197	0.0536616	0.0397138	0.0133299	0.0679738	0.00563549	0.218333	0.122194	0.041972	0.0207382	0.0132766	0.00436226	0.0272921
187	0.135088	0.00868805	0.00589604	0.0157029	0.0118541	0.146681	0.0379662	0.0131709	0.079085	0.0147622	0.00619365	0.0610018	0.0159833	0.0242807	0.13241	0.215696	0.0270488	0.0145949	0.00431024	0.0295865
188	0.0374773	0.00175919	0.00046916	0.00266225	0.0115172	0.0106795	0.00199052	0.275487	0.00271063	0.17975	0.0682171	0.0050436	0.00262331	0.00314943	0.000880077	0.0133226	0.0399767	0.340972	0.000436045	0.000876346
189	0.333	0.0056145	0.000991046	0.00177837	0.0151686	0.0877846	0.00144821	0.0778082	0.00090714	0.0110068	0.0346131	0.00200537	0.000607014	0.00105531	0.00149882	0.127114	0.154544	0.138024	0.00277756	0.0022518
190	0.158785	0.0560893	0.00218933	0.0133177	0.0100212	0.132378	0.00336165	0.0110273	0.0037333	0.0179836	0.00382478	0.00531561	0.00233718	0.0170299	0.0067867	0.480805	0.0464683	0.0109099	0.00416127	0.0134742
191	0.0272845	0.00425673	0.00123748	0.00433948	0.0199971	0.0087762	0.00727171	0.250399	0.00244364	0.263731	0.0506955	0.00647985	0.00380982	0.0127224	0.00291381	0.0165345	0.0270438	0.28538	0.000898101	0.00378597
192	0.343425	0.00444789	0.000739124	0.00174607	0.016126	0.0895132	0.001856	0.0781448	0.00146507	0.0149437	0.035705	0.00253817	0.000596931	0.00118456	0.0022885	0.107758	0.147747	0.144328	0.0029548	0.00249144
