342	20
1	0.0143955	0.00405933	0.000503346	0.000490827	0.00298192	0.000535263	0.000482177	0.367003	0.000366418	0.0227817	0.0100682	0.000669146	0.00369793	0.00266902	0.00049464	0.00182372	0.0128879	0.552782	0.000151325	0.00115732
2	0.0365967	0.00930435	0.000843215	0.000797259	0.0171139	0.00094591	0.00135669	0.287861	0.000550694	0.100486	0.0255354	0.00106898	0.0010862	0.00212284	0.000726868	0.00890689	0.0367638	0.464592	0.000319593	0.00302225
3	0.338622	0.00891396	0.00127288	0.00115296	0.0054266	0.54892	0.000695384	0.00154048	0.00126625	0.00171699	0.00112266	0.00488616	0.000466757	0.00215646	0.000933202	0.0610224	0.0165968	0.00225076	0.000213802	0.000823506
4	0.0256233	0.00740009	0.000558922	0.0005473	0.0216737	0.00039303	0.00124175	0.326863	0.000409123	0.106791	0.0296706	0.000709122	0.00120293	0.00208588	0.000457728	0.00487914	0.015868	0.449902	0.000188196	0.00353486
5	0.0652113	0.034226	0.00152643	0.00571551	0.0390244	0.000705936	0.00680221	0.236899	0.00103499	0.144233	0.0811002	0.0016149	0.000466205	0.00841501	0.00344398	0.00755076	0.0314499	0.319111	0.000896729	0.0105724
6	0.143722	0.00303767	0.10586	0.0944326	0.0147742	0.0307076	0.0433476	0.0271406	0.00211342	0.0367741	0.0291386	0.0735074	0.0981488	0.0727903	0.00908789	0.104121	0.0416491	0.0454996	0.00035243	0.0237959
7	0.161325	0.0739573	0.000661241	0.000593391	0.000678392	0.00904197	0.00048873	0.104893	0.000512326	0.0301813	0.00576834	0.000890695	0.000505471	0.000867099	0.00059089	0.0253016	0.0331229	0.549854	0.000210332	0.000556713
8	0.402678	0.0263672	0.010055	0.00633341	0.00343106	0.0916519	0.00156107	0.0167335	0.00146605	0.00759824	0.00821327	0.0371512	0.00704289	0.00741617	0.00155942	0.214696	0.0572413	0.0887309	0.00108659	0.00898738
9	0.173893	0.00748477	0.0216589	0.0475958	0.00808209	0.0782168	0.0109193	0.0379113	0.00467222	0.0413151	0.0120438	0.0197886	0.111208	0.164123	0.00628697	0.06417	0.05169	0.105972	0.00178454	0.0311834
10	0.177623	0.00270241	0.0986209	0.132011	0.0141412	0.0361979	0.051042	0.0283419	0.0018077	0.0415848	0.0457826	0.0597453	0.0193846	0.0927662	0.0128641	0.0974893	0.0390354	0.0246016	0.000323853	0.0239344
11	0.00177901	0.000732586	0.00069528	0.000623698	0.000712675	0.000519947	0.000556065	0.632345	0.000493637	0.238997	0.0190702	0.000866549	0.00046245	0.00127711	0.00061452	0.00142385	0.0125625	0.0854144	0.000211335	0.000641865
12	0.00882895	0.00830582	0.00144953	0.000813706	0.221962	0.000604927	0.0835426	0.00342849	0.00388426	0.0142391	0.0013018	0.0251366	0.000619244	0.007282	0.00741073	0.00571113	0.0041714	0.0073182	0.017027	0.576963
13	0.043691	0.00738509	0.500093	0.377257	0.00149116	0.00738483	0.00114791	0.00234392	0.00255378	0.00383081	0.00147061	0.00208832	0.000800214	0.0104419	0.0015913	0.020782	0.00401829	0.00373861	0.000384875	0.00750599
14	0.426329	0.00919788	0.000862054	0.00102008	0.00451388	0.395147	0.000688228	0.00376598	0.000803862	0.00175137	0.00223736	0.00716214	0.000772934	0.00157552	0.000867357	0.104826	0.0201449	0.0161165	0.000243598	0.00197416
15	0.168489	0.0965777	0.0219378	0.00634342	0.0111361	0.00577903	0.0118097	0.0385306	0.00382182	0.239022	0.0262927	0.020153	0.00571115	0.0314928	0.00477117	0.148112	0.0874393	0.0666553	0.00131207	0.00461375
16	0.0183075	0.00138562	0.00134183	0.013817	0.0226276	0.000968503	0.00229571	0.0612737	0.00104603	0.374803	0.21192	0.00184647	0.0122134	0.0979295	0.0147466	0.0460811	0.0316392	0.0599461	0.000306501	0.0255046
17	0.0471867	0.0223565	0.0010616	0.00511332	0.0347306	0.000697292	0.00716431	0.188155	0.00067398	0.310611	0.172453	0.0012936	0.00302525	0.0288573	0.00507301	0.021566	0.0132597	0.117755	0.00034999	0.0186176
18	0.0185699	0.00687228	0.00397594	0.00979248	0.015637	0.00133353	0.00418145	0.19238	0.00327091	0.416152	0.139414	0.00605588	0.00471257	0.0507505	0.00859775	0.0219773	0.0188989	0.0668552	0.000860016	0.00971266
19	0.0660648	0.0129147	0.046654	0.11941	0.0198978	0.0364448	0.0331188	0.0294516	0.0564904	0.0613386	0.037909	0.0383007	0.0184872	0.173929	0.101228	0.049699	0.0394348	0.0370911	0.00271126	0.0194244
20	0.0210742	0.0112221	0.0100292	0.0157994	0.00979778	0.0157229	0.0227381	0.0110939	0.100803	0.0204525	0.0204529	0.0268007	0.00471068	0.0362918	0.593812	0.0249338	0.028748	0.0131683	0.00125628	0.0110918
21	0.0889274	0.00293673	0.0448882	0.0129036	0.0019297	0.710376	0.00113816	0.00206151	0.015675	0.00437532	0.00141197	0.0297022	0.00246588	0.016054	0.0125444	0.0361738	0.0102009	0.00520545	0.000215222	0.000814701
22	0.084531	0.0130998	0.048521	0.114115	0.017172	0.0301476	0.0365752	0.0319135	0.04147	0.0647867	0.0392231	0.036407	0.0178897	0.189695	0.0722921	0.0576999	0.0390009	0.0435574	0.0020924	0.0198106
23	0.0589114	0.0117427	0.403561	0.170196	0.00483903	0.0430973	0.0117378	0.00980446	0.0246278	0.0116734	0.00622183	0.0663949	0.00822756	0.0253162	0.0175994	0.0581761	0.0375772	0.0195354	0.00159236	0.00916751
24	0.651644	0.0221403	0.00576094	0.00348633	0.00289219	0.0230771	0.00182653	0.00689326	0.000781063	0.00563501	0.00370291	0.00918719	0.00304391	0.00565204	0.00134458	0.170612	0.0444515	0.0329712	0.0006934	0.00420442
25	0.823237	0.0178821	0.000672288	0.000574486	0.000896358	0.000880076	0.000524585	0.00228347	0.000447677	0.00338345	0.00105151	0.00298152	0.000418078	0.00284436	0.000641278	0.100898	0.0216758	0.0159795	0.000208277	0.00252017
26	0.0897354	0.00307468	0.0443176	0.0122321	0.00222088	0.713566	0.00187056	0.00159851	0.0158474	0.00409559	0.00131564	0.0296815	0.00270356	0.0159755	0.0133737	0.035334	0.00852342	0.00316335	0.000351996	0.00101824
27	0.00737226	0.00424847	0.00143583	0.00181001	0.00489634	0.00117122	0.00120313	0.454977	0.00124913	0.110465	0.308089	0.00942803	0.000932208	0.0167371	0.00179227	0.0040644	0.00559927	0.0616795	0.000688001	0.00216128
28	0.146496	0.0684695	0.00070464	0.000701942	0.00104416	0.00840708	0.000747201	0.110124	0.000557586	0.0328804	0.0103846	0.00087243	0.000415327	0.00113523	0.000713232	0.0198436	0.0309256	0.564694	0.000173865	0.00071047
29	0.160406	0.0299974	0.0207019	0.0118337	0.00769498	0.0242915	0.00465147	0.0282147	0.0118972	0.0188461	0.013546	0.0325385	0.0117343	0.0118674	0.0129154	0.285933	0.19707	0.106586	0.00211356	0.00716117
30	0.0292311	0.0161083	0.00304681	0.0130203	0.0248109	0.0276847	0.0485716	0.0140525	0.109363	0.023955	0.0286335	0.0421029	0.00081297	0.0517411	0.456012	0.0323743	0.0428761	0.0166984	0.000293936	0.0186097
31	0.00179267	0.000903679	0.000867969	0.000779051	0.585795	0.00049819	0.000613681	0.0421907	0.000601841	0.259481	0.0442741	0.00101204	0.00129533	0.00118698	0.000830486	0.00155284	0.00183463	0.0310138	0.0037563	0.0197195
32	0.0219198	0.0222486	0.00237867	0.00207599	0.182083	0.00107191	0.208685	0.0210716	0.0253463	0.0272664	0.0052164	0.0379135	0.00136047	0.0325995	0.0305497	0.0315188	0.0205772	0.0325354	0.00063945	0.292942
33	0.019113	0.00117697	0.00112436	0.0148835	0.0225016	0.000741895	0.0021423	0.0614503	0.000802933	0.381617	0.205832	0.00138007	0.0094498	0.104773	0.0146562	0.0403875	0.0303249	0.0646734	0.000273511	0.022696
34	0.0263915	0.0196999	0.00471588	0.013488	0.01986	0.0245739	0.0637459	0.0115116	0.0986401	0.0307388	0.0275177	0.0343065	0.00109383	0.0638621	0.467883	0.0224823	0.0309719	0.0120557	0.000468069	0.0259934
35	0.0530663	0.0134682	0.0428094	0.067969	0.023709	0.0218835	0.0643105	0.0182148	0.167512	0.023537	0.012821	0.0691188	0.00389803	0.0604506	0.194595	0.0568324	0.0429193	0.0297686	0.00131512	0.0318011
36	0.295158	0.00896976	0.114784	0.134933	0.0114581	0.0996146	0.0133376	0.00895644	0.00869922	0.0125224	0.0115685	0.0492198	0.0090692	0.0372917	0.00911027	0.119772	0.0199685	0.0263892	0.00114449	0.00803173
37	0.0207283	0.013341	0.0257522	0.00757852	0.00695563	0.00786343	0.031971	0.00213992	0.0761556	0.0222466	0.00139241	0.433896	0.014561	0.0155592	0.0665871	0.138462	0.0710287	0.0300726	0.00606775	0.00764033
38	0.107185	0.00369303	0.0446161	0.0135937	0.00212884	0.688904	0.00105508	0.00158875	0.0155626	0.00319646	0.0012022	0.0308108	0.00218579	0.0155401	0.0123431	0.0402091	0.00952618	0.0042999	0.000240246	0.00211831
39	0.0167668	0.00179832	0.00145795	0.0121926	0.0195714	0.00112371	0.00239551	0.0519288	0.00111062	0.400466	0.228087	0.00200291	0.0139097	0.0842951	0.0172305	0.0367675	0.0259974	0.053598	0.000422383	0.0288776
40	0.159543	0.076415	0.000673925	0.000568615	0.000646132	0.00918673	0.000529833	0.10499	0.000507509	0.0304826	0.00536642	0.000832438	0.000399095	0.000840292	0.000602407	0.0237627	0.031723	0.5522	0.000196322	0.000533268
41	0.0556036	0.00199303	0.00803344	0.025568	0.00290315	0.0044349	0.0081062	0.00229898	0.372	0.0151703	0.00212992	0.11645	0.000825297	0.0438937	0.208971	0.0773366	0.0383215	0.0137997	0.000397727	0.00176381
42	0.0684652	0.00139886	0.204718	0.258348	0.00493435	0.0230272	0.0171395	0.0155683	0.0875105	0.0108911	0.00291253	0.0511326	0.000517475	0.0748951	0.0374842	0.0522544	0.0567213	0.0228993	0.00255228	0.00663056
43	0.131867	0.0632216	0.000965794	0.000833148	0.0013912	0.00814419	0.000822246	0.132487	0.000622788	0.0341751	0.00742088	0.00109898	0.000648174	0.00127183	0.000619498	0.019568	0.0323917	0.561489	0.000213788	0.000748167
44	0.00276662	0.00133423	0.00103755	0.00109356	0.429744	0.000705988	0.0010179	0.133813	0.000725583	0.224284	0.0431555	0.0014745	0.00433639	0.00168611	0.00114009	0.00240273	0.00585047	0.0538958	0.0224883	0.0670477
45	0.00934194	0.00476165	0.0895821	0.0312186	0.021184	0.0210605	0.166213	0.00556425	0.027809	0.00787282	0.0217522	0.0264069	0.00219922	0.166313	0.299169	0.0395533	0.0456312	0.00853479	0.000826309	0.00500619
46	0.156812	0.0062925	0.0444135	0.104596	0.00519866	0.0688968	0.0199413	0.000782959	0.149266	0.0222025	0.0104407	0.0920153	0.00218867	0.0818382	0.128319	0.0518933	0.0247663	0.0161666	0.00282544	0.0111449
47	0.0181769	0.0066529	0.00186701	0.011203	0.0221312	0.00168607	0.00265931	0.0728519	0.00134946	0.464327	0.18678	0.00315504	0.00696461	0.0616887	0.0105057	0.0347297	0.0201984	0.0558711	0.000552979	0.0166497
48	0.0778902	0.0141834	0.0315538	0.0591504	0.0375016	0.00182694	0.0319588	0.0913011	0.066676	0.12098	0.0321783	0.0184329	0.0393527	0.077318	0.0521731	0.0461334	0.0724976	0.116602	0.00367511	0.00861506
49	0.0823802	0.00369621	0.0432536	0.0110981	0.0023018	0.724959	0.00161572	0.00204927	0.015467	0.00368741	0.0015691	0.0296612	0.00219744	0.0154804	0.0131379	0.0312861	0.00885727	0.00597568	0.000413352	0.000912926
50	0.0199548	0.0142555	0.0296635	0.00818739	0.00771708	0.00853589	0.0339672	0.00252617	0.0605458	0.0218234	0.00148952	0.443036	0.0150291	0.0144611	0.0588982	0.140912	0.0726569	0.0292806	0.00669417	0.0103661
51	0.107326	0.00520713	0.0027565	0.00354122	0.0605849	0.0020187	0.00261068	0.207682	0.00206516	0.00835601	0.249291	0.0178878	0.00182077	0.0197023	0.00304149	0.0258285	0.0758329	0.156293	0.0160858	0.0320682
52	0.086317	0.00360962	0.042411	0.0114256	0.00241377	0.720184	0.00179742	0.00166356	0.0156599	0.00457036	0.00167731	0.0289562	0.00298094	0.0151798	0.0130291	0.0335408	0.00956134	0.00371968	0.000262618	0.00103981
53	0.00177901	0.000732586	0.00069528	0.000623698	0.000712675	0.000519947	0.000556065	0.632345	0.000493637	0.238997	0.0190702	0.000866549	0.00046245	0.00127711	0.00061452	0.00142385	0.0125625	0.0854144	0.000211335	0.000641865
54	0.344459	0.00895614	0.000838199	0.00103436	0.00553724	0.53952	0.000713678	0.00167304	0.0011481	0.00173902	0.00114958	0.00468797	0.000527953	0.00206482	0.000806361	0.0633981	0.0176053	0.00302236	0.000209533	0.000909682
55	0.0322413	0.0131935	0.0419231	0.0510088	0.0223269	0.0139757	0.288877	0.0210491	0.0192909	0.0226458	0.0195994	0.0277077	0.00666145	0.207555	0.0891877	0.0333876	0.0333148	0.0326035	0.00313957	0.0203113
56	0.141139	0.0745264	0.00065066	0.000573506	0.000613303	0.00933578	0.000493003	0.110772	0.000472784	0.03263	0.00518981	0.000825117	0.000346383	0.000826194	0.000541028	0.0191274	0.0302781	0.570967	0.000189767	0.00050322
57	0.0226605	0.0112476	0.00884421	0.0165753	0.00939068	0.0130787	0.0216093	0.0082177	0.114117	0.0180323	0.0201342	0.0256099	0.00338548	0.0368646	0.597428	0.0231632	0.0269825	0.0111104	0.000695202	0.0108523
58	0.0142618	0.00536658	0.00606516	0.0053443	0.187612	0.00555101	0.0659939	0.0145233	0.00434716	0.0252588	0.00880858	0.0267971	0.00154881	0.0122225	0.0118618	0.00963808	0.00915862	0.0144827	0.0203183	0.55084
59	0.115279	0.00568942	0.00530516	0.0122375	0.00253931	0.00420197	0.00245446	0.00535177	0.00429356	0.00936598	0.00387954	0.00896056	0.691205	0.023942	0.00376055	0.0388186	0.040257	0.0191149	0.000541434	0.00280217
60	0.120219	0.0256117	0.0457902	0.0352448	0.015769	0.0332854	0.0142663	0.0366215	0.0270409	0.0330702	0.020871	0.0501743	0.0250255	0.0244134	0.0331157	0.186286	0.176242	0.0821653	0.00299527	0.0117923
61	0.146954	0.00717663	0.0319241	0.0810339	0.00766146	0.0411513	0.0180726	0.00699121	0.181096	0.0220698	0.00896942	0.0755484	0.00454642	0.0743752	0.147512	0.0680747	0.0371632	0.0293106	0.00185842	0.00851111
62	0.343197	0.0252523	0.108202	0.0890335	0.0239524	0.0453878	0.00840207	0.00800394	0.00279659	0.00933644	0.00794422	0.0541696	0.00369054	0.0205036	0.0050514	0.183005	0.0311974	0.0191495	0.000745821	0.0109794
63	0.0760653	0.00405677	0.265693	0.293002	0.00599592	0.017359	0.0172682	0.0162198	0.0498984	0.0194946	0.00690854	0.0361769	0.00296545	0.0706024	0.0216555	0.0386275	0.0268573	0.020981	0.00217672	0.00799562
64	0.617442	0.0469795	0.00134321	0.00109153	0.00129922	0.0242492	0.000632917	0.011082	0.000607495	0.00460169	0.00234378	0.00488371	0.00193704	0.00316824	0.000894316	0.15953	0.0453666	0.0690581	0.00034389	0.00314572
65	0.0699857	0.0138985	0.0409394	0.122816	0.0200226	0.0466167	0.0418299	0.037002	0.045817	0.050726	0.0303139	0.0373338	0.0316579	0.174046	0.0830323	0.0474082	0.0332939	0.0423833	0.00324207	0.027635
66	0.085126	0.00656517	0.00710354	0.0106488	0.00391179	0.00902247	0.0027006	0.00528665	0.0047127	0.0117355	0.0044897	0.0136854	0.705605	0.0262716	0.00505857	0.0420866	0.0341296	0.0173121	0.000910949	0.00363764
67	0.00257504	0.00136445	0.000895093	0.00104067	0.56074	0.000481518	0.000708945	0.0357175	0.000672112	0.287884	0.0522634	0.00109197	0.00102008	0.00198806	0.000952519	0.00215401	0.00212055	0.0293728	0.0018593	0.0150978
68	0.00455655	0.00371721	0.00162634	0.000796911	0.208682	0.000637636	0.0530284	0.0115507	0.000944624	0.0198988	0.00252824	0.0161064	0.000929293	0.00489147	0.00422493	0.00193915	0.00299901	0.00925498	0.026102	0.625585
69	0.118194	0.0457015	0.00208085	0.00219336	0.00269073	0.00819826	0.00196444	0.156655	0.00112626	0.0325523	0.0111535	0.00249411	0.00389317	0.00421762	0.00200351	0.024196	0.0546759	0.523492	0.000503426	0.0020133
70	0.11453	0.0124372	0.0349644	0.0247655	0.00894152	0.1036	0.0144583	0.00849908	0.0290798	0.0130094	0.00526126	0.168352	0.00843734	0.0192429	0.0261706	0.27593	0.0892685	0.0324229	0.00251543	0.00811396
71	0.259352	0.0115133	0.0412911	0.0422276	0.0135674	0.0314914	0.0173372	0.0148672	0.0127592	0.0190765	0.0123407	0.0721366	0.00760654	0.0574455	0.0137545	0.26308	0.0368345	0.0293993	0.0015542	0.0423658
72	0.0859635	0.00608675	0.00626873	0.0102503	0.00311615	0.00365079	0.00319807	0.0039492	0.00320306	0.0109474	0.00357617	0.0116516	0.729812	0.0248884	0.00398226	0.0416234	0.0285334	0.0163557	0.000449608	0.00249347
73	0.00459317	0.00374572	0.0012019	0.000677135	0.210709	0.000569539	0.0557777	0.00395662	0.000765242	0.0120362	0.000963529	0.0160808	0.000436765	0.00452882	0.00463886	0.00161768	0.0023899	0.00566232	0.0224503	0.647199
74	0.0682137	0.003542	0.0489216	0.0138439	0.00156354	0.723512	0.000937762	0.00225097	0.0171507	0.00443519	0.00152428	0.0321037	0.00302753	0.0172371	0.0143148	0.0329715	0.00918461	0.00390462	0.000476378	0.000883658
75	0.00177901	0.000732586	0.00069528	0.000623698	0.000712675	0.000519947	0.000556065	0.632345	0.000493637	0.238997	0.0190702	0.000866549	0.00046245	0.00127711	0.00061452	0.00142385	0.0125625	0.0854144	0.000211335	0.000641865
76	0.273367	0.0283847	0.00239393	0.00146329	0.00140432	0.0422015	0.00095904	0.0389152	0.000724393	0.0257525	0.0206723	0.0203185	0.0239852	0.00578504	0.000987912	0.143547	0.195001	0.158633	0.00398948	0.0115139
77	0.00415327	0.0022667	0.0012457	0.00193927	0.348935	0.00103232	0.00103293	0.045491	0.000872556	0.431099	0.0934558	0.00178514	0.0018226	0.00303691	0.00145205	0.00358369	0.00346064	0.0348091	0.00394564	0.014581
78	0.358077	0.0139017	0.00131847	0.00170338	0.00142722	0.112591	0.00115107	0.0361333	0.000949272	0.0116877	0.0122067	0.0152551	0.0166268	0.00510283	0.00114815	0.16511	0.106957	0.127805	0.00215209	0.00869534
79	0.0466159	0.0232111	0.0346202	0.0355111	0.0423667	0.0140286	0.167187	0.056363	0.0345098	0.0459896	0.025174	0.0625538	0.0152935	0.0514916	0.0532408	0.0512529	0.0490695	0.136547	0.00337423	0.0516004
80	0.0550033	0.0154366	0.0787902	0.034585	0.0206952	0.0676177	0.04576	0.0149817	0.0620261	0.0237628	0.0131648	0.244021	0.0113478	0.0297887	0.0665324	0.0902339	0.0608511	0.0306907	0.00440732	0.0303037
81	0.0933007	0.00363027	0.0426861	0.0130833	0.00351665	0.694122	0.00197686	0.00337153	0.0169238	0.00509737	0.00269277	0.0300189	0.00294064	0.0163702	0.0144147	0.0348888	0.0128017	0.00634526	0.000259511	0.00155888
82	0.0620952	0.016488	0.068847	0.0358392	0.0184311	0.0409638	0.0445074	0.0181577	0.0623993	0.0292413	0.014704	0.25637	0.0106593	0.0361284	0.0601301	0.0950937	0.0635806	0.0322993	0.00365447	0.0304098
83	0.0166788	0.0100435	0.00241814	0.00297026	0.0491396	0.000987888	0.00180414	0.316665	0.00185816	0.340735	0.0823258	0.00392023	0.00209736	0.00977619	0.00271007	0.00947023	0.01137	0.12416	0.00211586	0.00875397
84	0.0250468	0.00688459	0.00103591	0.00198706	0.00582877	0.000804128	0.00109017	0.346266	0.000838512	0.0332059	0.0149644	0.00162103	0.00284773	0.00344824	0.00148055	0.00450182	0.0494388	0.496909	0.000326991	0.00147303
85	0.0441533	0.0145611	0.29167	0.052159	0.00832077	0.0277299	0.0278559	0.0103319	0.0303846	0.0145853	0.00827986	0.207667	0.00736124	0.0279792	0.0220027	0.0888377	0.0806994	0.0187999	0.00215787	0.0144629
86	0.295978	0.0148213	0.000903268	0.00130658	0.00112333	0.0521918	0.000774405	0.0413157	0.000676882	0.0226046	0.0167537	0.0208003	0.0292996	0.00621544	0.000954177	0.142261	0.188359	0.147169	0.00532449	0.0111664
87	0.0279014	0.015305	0.00320572	0.0102764	0.0241418	0.0283816	0.0586156	0.0127949	0.102907	0.0286897	0.0302739	0.039263	0.000861157	0.0578799	0.465127	0.0252215	0.0349419	0.0132975	0.000229648	0.0206858
88	0.0215955	0.0115846	0.0124197	0.0172041	0.010515	0.0126923	0.0213189	0.00921734	0.108108	0.0182988	0.0202193	0.0267595	0.00431362	0.0331917	0.598458	0.0224281	0.0272839	0.0129489	0.000785807	0.0106572
89	0.0249602	0.0106969	0.0279979	0.0134669	0.0755205	0.00793274	0.244138	0.0211822	0.0137993	0.0325082	0.0646179	0.192593	0.00395391	0.0280869	0.045581	0.0264803	0.0261185	0.0172138	0.00574473	0.117407
90	0.00177901	0.000732586	0.00069528	0.000623698	0.000712675	0.000519947	0.000556065	0.632345	0.000493637	0.238997	0.0190702	0.000866549	0.00046245	0.00127711	0.00061452	0.00142385	0.0125625	0.0854144	0.000211335	0.000641865
91	0.0567066	0.0061609	0.0209557	0.0369718	0.00579324	0.0165315	0.0177617	0.00424856	0.26367	0.0180303	0.00606368	0.158973	0.0037768	0.0449066	0.195145	0.0753177	0.043517	0.0178196	0.00153312	0.0061169
92	0.0584715	0.00784457	0.0218955	0.0023571	0.0103604	0.0143481	0.00166129	0.00408617	0.00137142	0.00483778	0.00236065	0.0284258	0.00319024	0.0062372	0.00245742	0.565093	0.234533	0.0274248	0.000845072	0.00219866
93	0.0285851	0.00272157	0.153659	0.138808	0.00194293	0.0580092	0.0222934	0.0066557	0.0897622	0.00471445	0.0018876	0.0669092	0.00452572	0.0286791	0.0552467	0.141163	0.171703	0.0163389	0.000403585	0.00599097
94	0.0795473	0.0268338	0.020729	0.0220336	0.0212417	0.0182275	0.0155157	0.0469389	0.0191058	0.195143	0.0581016	0.0381838	0.0145707	0.045791	0.02771	0.204694	0.065819	0.0617893	0.00227965	0.0157444
95	0.0557378	0.0156182	0.412361	0.180905	0.00621058	0.0392126	0.0108363	0.0109034	0.0222357	0.0103421	0.00747274	0.0579739	0.00460986	0.0240422	0.0215342	0.0552346	0.0375605	0.0171654	0.00117857	0.00886496
96	0.0568449	0.00773764	0.0198165	0.00166432	0.0108366	0.0132924	0.00131034	0.00357971	0.00110821	0.00359557	0.0018146	0.0265824	0.00272821	0.00610717	0.00155249	0.595833	0.218665	0.0244487	0.000522503	0.00196059
97	0.0688293	0.00814923	0.190021	0.313254	0.00623494	0.0252254	0.0158508	0.0166636	0.050726	0.0194033	0.00999828	0.0303576	0.00722863	0.0854414	0.0418384	0.0454251	0.0323955	0.0226265	0.00198713	0.00834422
98	0.0444287	0.0167995	0.000759885	0.000773406	0.0313293	0.000632071	0.00285154	0.272651	0.000529509	0.18243	0.0670315	0.000988666	0.000497654	0.00255314	0.000733854	0.00989593	0.0143255	0.344476	0.000245259	0.00606715
99	0.0105067	0.00352677	0.00123722	0.00537012	0.0189711	0.000888699	0.00143661	0.0740747	0.00109563	0.583569	0.180274	0.00189902	0.00400829	0.0255234	0.00527555	0.012379	0.009191	0.0523484	0.00039246	0.00803237
100	0.00636509	0.00226035	0.00075067	0.000777095	0.00445046	0.000445775	0.000808576	0.415503	0.000501377	0.412744	0.0385678	0.000869918	0.000560496	0.00208798	0.000662366	0.00228848	0.00872713	0.100455	0.000191828	0.000982274
101	0.0562254	0.0175569	0.0362521	0.0213749	0.013497	0.0138331	0.0269046	0.0192068	0.0525419	0.0879365	0.0137964	0.276014	0.0151136	0.0296097	0.0478612	0.152335	0.0624118	0.0385571	0.00441536	0.0145567
102	0.0256179	0.00877041	0.000609543	0.000562489	0.043959	0.000426014	0.00156276	0.274496	0.000494801	0.135373	0.0309888	0.000783396	0.000693146	0.00201293	0.000571709	0.00430282	0.00954864	0.453822	0.000241005	0.00516446
103	0.00189872	0.000847733	0.000892232	0.000926446	0.606626	0.000487286	0.0006621	0.0273047	0.000651935	0.270043	0.0422149	0.00106445	0.000741	0.00127097	0.000850873	0.00161287	0.00163302	0.026228	0.000756332	0.0132869
104	0.361849	0.0106046	0.0097841	0.00920513	0.00508972	0.411775	0.00215457	0.00514592	0.00672545	0.00480088	0.00350407	0.0127702	0.00406875	0.00977235	0.00540325	0.0875473	0.0269041	0.0196265	0.000742146	0.00252679
105	0.103989	0.0251568	0.149221	0.0664265	0.0105152	0.01163	0.0605815	0.027158	0.0331947	0.0113263	0.00861822	0.124288	0.00428366	0.037009	0.03046	0.111752	0.0458872	0.0121518	0.00130123	0.12505
106	0.175677	0.00750778	0.102319	0.118336	0.0201325	0.0355924	0.0610504	0.0237578	0.00919953	0.0287464	0.0298651	0.072738	0.0141781	0.0675133	0.0144663	0.0966482	0.0415338	0.0191158	0.000600096	0.0610214
107	0.00757968	0.0034941	0.00102129	0.00156567	0.00328689	0.000632425	0.00106263	0.283629	0.000949762	0.4222	0.204138	0.00441206	0.000746122	0.00874969	0.00121597	0.00345718	0.0032687	0.0467111	0.000330452	0.00154922
108	0.17689	0.00274401	0.100585	0.130262	0.0143094	0.0360088	0.0524541	0.0282261	0.00159388	0.0404115	0.0449577	0.0620208	0.0188012	0.0920299	0.0127191	0.0981177	0.0392784	0.0236623	0.000341884	0.0245864
109	0.0795096	0.00056097	0.22711	0.285488	0.00592232	0.0180944	0.0146919	0.0174335	0.0796779	0.0118389	0.00307985	0.0437316	0.000326845	0.0850529	0.0267244	0.0363103	0.0318826	0.0231395	0.00310678	0.00631707
110	0.172921	0.00254969	0.110189	0.135753	0.0135835	0.034903	0.0505176	0.0280123	0.0043889	0.0386569	0.0437168	0.0618626	0.0173546	0.0923216	0.0126306	0.0951681	0.0388377	0.0231589	0.000440231	0.0230342
111	0.0287932	0.00911343	0.00053609	0.000539585	0.027285	0.00036358	0.00150292	0.336152	0.000418353	0.109869	0.0303738	0.000673957	0.000915568	0.00210674	0.00049326	0.00430717	0.0112186	0.430881	0.000174936	0.00428186
112	0.00303491	0.00180572	0.00106496	0.00118988	0.419305	0.00088605	0.00155856	0.136364	0.00102578	0.222558	0.0436052	0.00182417	0.00469897	0.00225812	0.00148147	0.00277956	0.00598815	0.0554007	0.0223399	0.0708305
113	0.121604	0.00620009	0.0678642	0.108251	0.00395935	0.0509292	0.0227936	0.00319503	0.14456	0.0165446	0.00628907	0.085202	0.00153767	0.0635774	0.113063	0.0808525	0.0743714	0.0159563	0.00150929	0.0117405
114	0.845241	0.00824626	0.000665448	0.00064206	0.000729986	0.000862299	0.000512411	0.00114803	0.000454135	0.00322864	0.000722863	0.00327634	0.000375688	0.00324291	0.000599965	0.099015	0.0181169	0.00993962	0.000182156	0.00279789
115	0.0648791	0.0318051	0.000720626	0.00131847	0.0287428	0.00164584	0.00326029	0.235377	0.000509234	0.139358	0.0597874	0.000944343	0.000394228	0.00334938	0.00108061	0.00838668	0.0194161	0.393091	0.000260262	0.00567362
116	0.0840328	0.00241299	0.0717936	0.126292	0.00159238	0.0751298	0.0148285	0.00414992	0.0974401	0.00490017	0.00165789	0.0432378	0.014358	0.0184146	0.0950779	0.160817	0.154337	0.025723	0.000395798	0.00340787
117	0.156812	0.0062925	0.0444135	0.104596	0.00519866	0.0688968	0.0199413	0.000782959	0.149266	0.0222025	0.0104407	0.0920153	0.00218867	0.0818382	0.128319	0.0518933	0.0247663	0.0161666	0.00282544	0.0111449
118	0.00881066	0.00408012	0.00257046	0.00356491	0.00514771	0.00165404	0.00226948	0.046323	0.00245333	0.14984	0.0820521	0.00352813	0.00171303	0.00398742	0.00312726	0.00595435	0.0886297	0.578762	0.000855862	0.0046771
119	0.00822278	0.00710189	0.0157709	0.00294006	0.115286	0.00208897	0.254148	0.0233845	0.00579948	0.033741	0.0719707	0.198453	0.00170152	0.00995509	0.0209235	0.0119259	0.0245473	0.0143572	0.00556937	0.172113
120	0.134674	0.0707915	0.00065504	0.000589609	0.00168511	0.00850814	0.000647867	0.122845	0.000468154	0.0378692	0.00718442	0.000832191	0.000358752	0.000989906	0.000588201	0.0180375	0.0306707	0.561722	0.000183575	0.000698229
121	0.0102273	0.00669489	0.00626358	0.096995	0.0140354	0.00270479	0.014425	0.0238166	0.262303	0.00226651	0.00229649	0.0101685	0.000601981	0.0727474	0.281007	0.0983569	0.0458038	0.0420683	0.000404274	0.00681312
122	0.0849586	0.0034382	0.0435823	0.0122292	0.00219426	0.725402	0.00107046	0.00141472	0.014983	0.00344129	0.00120413	0.0296222	0.00255973	0.0152039	0.0115822	0.0348238	0.00848136	0.00285831	0.00023395	0.000716031
123	0.39036	0.00914222	0.000820703	0.00101469	0.00505492	0.464406	0.000678191	0.00230693	0.00090139	0.0016861	0.00162299	0.0058606	0.000542476	0.00172447	0.000848226	0.0851991	0.0181223	0.00806275	0.000223676	0.00142213
124	0.0043881	0.00343477	0.0011815	0.000651536	0.206894	0.000564503	0.0526249	0.00474265	0.000597387	0.0120892	0.00102459	0.014898	0.000435925	0.00454616	0.00429754	0.00147114	0.00250909	0.00590623	0.0233146	0.654428
125	0.426132	0.012025	0.00215308	0.00182789	0.00262276	0.17034	0.000897406	0.0172262	0.00104279	0.00668506	0.00740106	0.0140836	0.00865616	0.00379983	0.00125489	0.173854	0.0736677	0.0687616	0.00125589	0.00631344
126	0.172697	0.0795164	0.000661156	0.000582132	0.000679551	0.0094494	0.000473885	0.101458	0.000549724	0.0288297	0.00476598	0.000877156	0.000490841	0.000891119	0.000573003	0.0266364	0.0350141	0.535069	0.000218236	0.000567153
127	0.0421697	0.00853172	0.00112612	0.00109562	0.00256198	0.00153449	0.00105612	0.280848	0.00078684	0.0332315	0.0143638	0.00135862	0.00200586	0.00230984	0.00117598	0.00663589	0.0643837	0.532986	0.000312239	0.00152603
128	0.370329	0.0166821	0.00169358	0.00177681	0.00194115	0.134078	0.00128695	0.0221073	0.00102577	0.00811653	0.0130046	0.013675	0.00962712	0.004211	0.00142957	0.203616	0.0768421	0.105739	0.00135787	0.0114593
129	0.0180999	0.00130081	0.000960594	0.0136339	0.0224792	0.000722093	0.00196722	0.065972	0.000758475	0.440797	0.202146	0.00134289	0.00713989	0.0769081	0.0116582	0.0306146	0.0227558	0.0628433	0.000229405	0.0176707
130	0.0150518	0.00464647	0.000539562	0.000624539	0.0132946	0.000432857	0.000553791	0.455322	0.000459571	0.0434532	0.0130549	0.000836592	0.00290874	0.00216415	0.000549006	0.00199889	0.00946012	0.433123	0.000170593	0.00135521
131	0.298901	0.0143451	0.00120597	0.00155285	0.00136572	0.050953	0.00115824	0.0492343	0.00108021	0.0261366	0.0185051	0.0261379	0.0311245	0.00649581	0.00109737	0.141317	0.17202	0.143212	0.00418281	0.00997396
132	0.0119401	0.000621098	0.0628399	0.0150841	0.000540939	0.775546	0.000419436	0.000706027	0.0201176	0.00337327	0.000705058	0.0404524	0.00277548	0.0195441	0.015447	0.0246108	0.00348981	0.00117029	0.000163358	0.000453603
133	0.0183384	0.0178291	0.00253135	0.00219612	0.181322	0.00128009	0.208849	0.0293925	0.0245984	0.0323447	0.00870964	0.0389035	0.00136891	0.039663	0.0301236	0.0262948	0.0227064	0.0444251	0.000694678	0.26843
134	0.334506	0.00943983	0.00427088	0.00435702	0.00522519	0.523533	0.00125606	0.00194602	0.00379537	0.00232942	0.00174226	0.00732194	0.000654478	0.0045753	0.00321898	0.0673794	0.0172258	0.00547092	0.000246214	0.0015058
135	0.0182449	0.0141111	0.00123498	0.00218439	0.0179235	0.00085976	0.00215007	0.180324	0.000989607	0.465462	0.184405	0.00164042	0.00084001	0.00345893	0.00121989	0.00590687	0.00412162	0.0914821	0.000268385	0.00317196
136	0.019548	0.0123666	0.00146121	0.0012446	0.102207	0.000960911	0.00161725	0.191744	0.00106354	0.245424	0.0229264	0.00185268	0.00063324	0.00250594	0.00140857	0.00388898	0.00603103	0.378851	0.000478763	0.00378627
137	0.342524	0.00904528	0.000816467	0.00103175	0.00552235	0.545287	0.00071047	0.0015558	0.00113749	0.00171692	0.00112241	0.0046319	0.000464934	0.00202938	0.000815734	0.0615236	0.0167758	0.00224977	0.000213129	0.000826628
138	0.00854253	0.00438009	0.00143696	0.00232908	0.447968	0.000744141	0.00257666	0.088586	0.00184819	0.245252	0.0473468	0.00180517	0.00270518	0.00406704	0.0022555	0.00397247	0.00650015	0.0925202	0.00732313	0.0278406
139	0.0226079	0.0104834	0.00816576	0.0199889	0.0102859	0.0125362	0.0213878	0.00869667	0.116032	0.0182933	0.019435	0.0280678	0.00555039	0.0387834	0.584908	0.0255301	0.0247751	0.0142553	0.000938967	0.00927788
140	0.052438	0.0132557	0.444143	0.160364	0.00494338	0.0432209	0.00814061	0.00839771	0.01922	0.0109919	0.0053597	0.0729277	0.00579737	0.0238605	0.0137845	0.0575864	0.0342163	0.0123311	0.0011448	0.007876
141	0.0834953	0.00785675	0.00300469	0.0102605	0.00232412	0.00339669	0.00186048	0.00448189	0.0020796	0.0151462	0.0026537	0.00897626	0.731794	0.035597	0.00261662	0.0448714	0.0243497	0.0123992	0.000400588	0.00243515
142	0.00517915	0.00612909	0.0286922	0.00222819	0.0804537	0.00147333	0.317139	0.0080115	0.00182685	0.028743	0.0221829	0.285122	0.00120526	0.00297288	0.00665652	0.0088105	0.00835666	0.00527975	0.0104866	0.169051
143	0.343896	0.00908618	0.0019403	0.00177039	0.00555489	0.533012	0.000759615	0.00180598	0.00147391	0.00181365	0.00132685	0.00531151	0.000627472	0.00234769	0.00109446	0.0654847	0.0173526	0.00410565	0.000215455	0.00102042
144	0.0135138	0.00784428	0.00169891	0.00279182	0.0207652	0.000806845	0.00241973	0.487391	0.00194501	0.240949	0.0614436	0.00230603	0.00134322	0.00680624	0.00201841	0.00585839	0.0127917	0.120459	0.00114744	0.00570067
145	0.0220513	0.0112821	0.0092662	0.0141188	0.00921348	0.0219319	0.022713	0.0082609	0.106416	0.0219423	0.0216846	0.0328143	0.00402361	0.0352296	0.589635	0.0215803	0.0257833	0.0112607	0.000817337	0.00997579
146	0.0865734	0.00655015	0.00551047	0.00979289	0.00517434	0.00263987	0.00263332	0.0055467	0.00233975	0.0115834	0.0036814	0.00973088	0.729543	0.0253047	0.00314039	0.0407349	0.0293537	0.0161432	0.000682823	0.00334122
147	0.0405268	0.0193159	0.000702984	0.00120857	0.0229223	0.000627712	0.00303222	0.182746	0.000629147	0.473687	0.111976	0.00121516	0.000549799	0.00345437	0.000968355	0.00739942	0.00528607	0.118368	0.000237857	0.00514658
148	0.141251	0.0745614	0.000650231	0.000571239	0.000595274	0.00934429	0.000493346	0.110575	0.000476185	0.0325493	0.00513799	0.000825117	0.000346383	0.000825504	0.00054265	0.0191381	0.0302942	0.571137	0.000190137	0.000495597
149	0.00289914	0.00149575	0.00116594	0.0011723	0.349122	0.000783385	0.00118887	0.17158	0.000920133	0.221594	0.0468901	0.00173286	0.00632715	0.00168219	0.00131755	0.00262019	0.00690254	0.064184	0.0319828	0.0844394
150	0.316222	0.0191828	0.00558506	0.00447295	0.00553038	0.46891	0.00217659	0.00987226	0.00371817	0.00718993	0.0050628	0.00870437	0.00207437	0.00473857	0.00451463	0.068697	0.0249197	0.0354241	0.000459566	0.0025447
151	0.0109843	0.00688315	0.00753386	0.0979025	0.0143347	0.00292498	0.0148406	0.0235696	0.261087	0.00245912	0.00230311	0.0109297	0.000593997	0.0723024	0.275538	0.09915	0.047561	0.0416363	0.000396242	0.00706941
152	0.0290426	0.0153798	0.00280021	0.0106801	0.0219781	0.0275283	0.0548097	0.0125877	0.103628	0.0285677	0.0286414	0.0392641	0.000796367	0.0591453	0.471621	0.0250566	0.0337291	0.0129	0.000257791	0.0215858
153	0.0613397	0.00246851	0.279488	0.256485	0.00384065	0.0231232	0.0129245	0.0113099	0.0671171	0.00812556	0.00232269	0.0379437	0.00361629	0.0510834	0.0292716	0.0657624	0.0581235	0.0173467	0.00161242	0.00669498
154	0.00658008	0.00432513	0.00258811	0.00158748	0.188253	0.00146515	0.052806	0.00579927	0.00150316	0.0123685	0.00241645	0.0141553	0.000868827	0.00586707	0.00466191	0.00301527	0.00411444	0.0142835	0.0456998	0.627642
155	0.0532526	0.0399069	0.000852976	0.00135089	0.0387944	0.00075432	0.00462269	0.265475	0.000743331	0.262894	0.165659	0.00174236	0.000638319	0.00361725	0.00127584	0.0101593	0.00813226	0.132124	0.000365598	0.00763926
156	0.0256426	0.0105134	0.00102609	0.000945385	0.0864659	0.000606687	0.00160913	0.216337	0.000732622	0.19038	0.0298376	0.00119897	0.000486541	0.00216208	0.000999171	0.00401466	0.0073078	0.414673	0.000394071	0.00466759
157	0.847351	0.00706735	0.000615432	0.000611212	0.000699647	0.000970223	0.000530882	0.00109848	0.000472736	0.00341589	0.000744988	0.00343613	0.000390746	0.00343599	0.000604248	0.100034	0.0166023	0.00885542	0.00018289	0.00288023
158	0.122854	0.0185917	0.0354752	0.0248412	0.0128915	0.0501815	0.0088063	0.0167912	0.0192202	0.0215661	0.0135723	0.0411014	0.0164873	0.0203791	0.0192672	0.389643	0.1192	0.0398074	0.00121205	0.00811097
159	0.0697488	0.00985265	0.194292	0.313974	0.00742167	0.0241912	0.0171171	0.0184006	0.0474337	0.0185425	0.010555	0.0292107	0.0104525	0.0857407	0.0386971	0.039777	0.027604	0.025568	0.00198989	0.00943035
160	0.0521276	0.00728754	0.0443697	0.00452355	0.00912435	0.01245	0.00261092	0.00393172	0.00323098	0.0038466	0.00191679	0.039473	0.00351507	0.00592686	0.00307087	0.525137	0.24664	0.028159	0.000653213	0.00200535
161	0.166409	0.0634184	0.000764764	0.000704076	0.000710172	0.0169115	0.000514152	0.102588	0.000480668	0.0309456	0.00681331	0.00342473	0.00438526	0.00164042	0.000568172	0.0348783	0.0477899	0.514788	0.00062847	0.00163779
162	0.346746	0.0182199	0.000860772	0.00129342	0.00108643	0.068161	0.000776144	0.040727	0.000693194	0.0164878	0.0143455	0.0175871	0.0249885	0.00595024	0.000862793	0.149709	0.141074	0.138656	0.00319864	0.00857674
163	0.0473386	0.0364804	0.00101599	0.0012674	0.0573393	0.000810829	0.00419572	0.252112	0.000761395	0.281664	0.150652	0.00152676	0.000819681	0.00297937	0.00125155	0.00956303	0.00646211	0.133124	0.00145989	0.00917607
164	0.0461375	0.00336519	0.133557	0.14969	0.00250066	0.0395453	0.0243197	0.0087678	0.119075	0.00731812	0.00215076	0.0682029	0.00125863	0.0501088	0.0717188	0.107136	0.134945	0.0191011	0.000696214	0.0104054
165	0.301042	0.0155609	0.000885521	0.0013525	0.00110491	0.0596459	0.000758227	0.0453439	0.000677069	0.0209991	0.017181	0.0209709	0.0297909	0.00719504	0.000872185	0.14131	0.173355	0.147993	0.00409051	0.00987195
166	0.0851746	0.0572889	0.0171054	0.00648232	0.0181994	0.0018538	0.0203279	0.0499394	0.00387538	0.369956	0.0214688	0.0335995	0.00345459	0.0551628	0.00557888	0.16607	0.0510374	0.0299742	0.000706109	0.00274404
167	0.0119401	0.000621098	0.0628399	0.0150841	0.000540939	0.775546	0.000419436	0.000706027	0.0201176	0.00337327	0.000705058	0.0404524	0.00277548	0.0195441	0.015447	0.0246108	0.00348981	0.00117029	0.000163358	0.000453603
168	0.00467681	0.00381736	0.00119865	0.000654133	0.211265	0.000570962	0.0550788	0.00387172	0.0007616	0.0118633	0.00096053	0.0161911	0.000478585	0.00461503	0.00435279	0.00151582	0.00244898	0.00568962	0.0222304	0.647758
169	0.0366077	0.00298063	0.141044	0.155789	0.00217761	0.0381521	0.0240234	0.00966983	0.115963	0.00581653	0.00136246	0.0633692	0.00121941	0.0467446	0.0675176	0.111971	0.146619	0.0191003	0.000549456	0.00932358
170	0.177913	0.00566106	0.041208	0.111971	0.00469139	0.0632167	0.0173779	0.00118026	0.143183	0.0309438	0.0112749	0.0962472	0.00423653	0.0798427	0.114904	0.0448944	0.0240415	0.01531	0.00232588	0.00957669
171	0.0885648	0.00646805	0.00189046	0.00684728	0.00164624	0.00235846	0.00107268	0.00302463	0.00113942	0.00840684	0.00213897	0.00800368	0.759682	0.0243026	0.00202447	0.0426407	0.0266556	0.0111057	0.000417062	0.00161046
172	0.139717	0.00537779	0.0377748	0.0119677	0.00379882	0.622491	0.00149869	0.00367972	0.0136575	0.0049052	0.00234633	0.0278108	0.00337477	0.0156709	0.0112099	0.0647162	0.0183811	0.00979613	0.000562197	0.00126304
173	0.0436755	0.00960383	0.0383659	0.290959	0.0108098	0.0115929	0.146493	0.0147002	0.0173032	0.0155853	0.0136803	0.0245289	0.00531068	0.214055	0.0562451	0.0305499	0.0252852	0.0204909	0.00155916	0.00920583
174	0.399917	0.132712	0.00607579	0.00255309	0.00262449	0.00370007	0.00142794	0.0311144	0.00138378	0.021061	0.00730859	0.00353604	0.00194267	0.00295541	0.00219701	0.0994817	0.0908314	0.186388	0.000589933	0.0021998
175	0.0122465	0.00309293	0.000485589	0.000452269	0.00263445	0.000314736	0.000443153	0.370317	0.000359263	0.023346	0.0106804	0.00062696	0.00369199	0.00258959	0.000451555	0.00134421	0.0117333	0.553839	0.000137296	0.0012141
176	0.00285738	0.00143891	0.00113003	0.00113551	0.358607	0.000759904	0.00118797	0.167698	0.000933042	0.219693	0.0455038	0.00170818	0.00626075	0.00164139	0.00129652	0.00262504	0.00670663	0.0636223	0.0314721	0.0837217
177	0.0167121	0.00773047	0.00115381	0.00127458	0.0473535	0.000809739	0.00105969	0.676865	0.000916915	0.0260729	0.00294145	0.00165314	0.002217	0.00200974	0.00123922	0.00254648	0.00298643	0.202635	0.00043287	0.0013904
178	0.0883596	0.165527	0.154726	0.0360194	0.0131152	0.0109718	0.0209232	0.0371089	0.0196945	0.0356952	0.0350084	0.0357671	0.0102574	0.0260496	0.0163802	0.0880303	0.0602869	0.131673	0.00252821	0.0118778
179	0.05313	0.0330109	0.000803743	0.000883325	0.0384709	0.000687838	0.00472098	0.260625	0.000645927	0.271439	0.147366	0.00139779	0.00057456	0.00264726	0.000935891	0.0114847	0.00674918	0.156429	0.000237178	0.0077615
180	0.00991379	0.00363289	0.002855	0.00283397	0.455925	0.00204438	0.017038	0.0584896	0.00331317	0.196307	0.037905	0.0114437	0.00240351	0.00531953	0.00812586	0.00707234	0.00780936	0.0436451	0.00844432	0.115478
181	0.0750897	0.0087954	0.184529	0.308374	0.00739877	0.0199566	0.013944	0.0175856	0.047403	0.0176505	0.0106203	0.0334416	0.0166763	0.092305	0.037475	0.0448068	0.0302369	0.0226112	0.00186205	0.00923904
182	0.00440566	0.00344335	0.00118536	0.000645081	0.206828	0.000573642	0.0526765	0.00433924	0.000598021	0.0118644	0.00095625	0.0149139	0.000440492	0.00457235	0.00430941	0.00145824	0.00249975	0.00584346	0.0229894	0.655458
183	0.0172512	0.00551591	0.000653502	0.000537237	0.0061015	0.000573169	0.000587016	0.38493	0.000429071	0.0391963	0.0147318	0.00103537	0.00332397	0.00264936	0.00057162	0.00246913	0.0142265	0.503726	0.000184501	0.00130663
184	0.0163011	0.00818192	0.0076148	0.00712176	0.186836	0.00351937	0.0590317	0.0123706	0.00674654	0.0300407	0.00981232	0.0289029	0.00265642	0.0104363	0.0119069	0.0107759	0.00879466	0.0140722	0.0197466	0.545131
185	0.00194573	0.000846312	0.000897346	0.00093211	0.606986	0.000487298	0.000679744	0.0271548	0.000651932	0.270022	0.0421082	0.00106911	0.000756243	0.00126973	0.000853848	0.00161706	0.00166229	0.0260942	0.000738123	0.0132279
186	0.580711	0.0277151	0.0150109	0.0179715	0.00434704	0.073074	0.00329956	0.0148464	0.00753972	0.0110838	0.00747952	0.0105596	0.0109474	0.0117951	0.00752081	0.101692	0.0384733	0.0511654	0.00104623	0.00372242
187	0.0231014	0.01097	0.00958657	0.0203955	0.00940322	0.0111753	0.0215615	0.00873728	0.107158	0.0196959	0.0196027	0.0281506	0.0063812	0.0388635	0.589921	0.0223353	0.0279865	0.0135333	0.000906864	0.0105339
188	0.0894652	0.00697379	0.00352139	0.00955654	0.00217904	0.00268878	0.00218197	0.00443889	0.0024061	0.00990055	0.00289045	0.00940753	0.735336	0.0265816	0.002712	0.0461542	0.0268008	0.0138638	0.000710988	0.00223058
189	0.0567952	0.00678669	0.412005	0.332452	0.00426796	0.0126376	0.00687859	0.00805536	0.0225588	0.00948127	0.00416626	0.0169685	0.00168806	0.0295149	0.0100317	0.0289323	0.0157089	0.0113215	0.00109535	0.00865378
