293	20
1	0.0173433	0.0262343	0.036059	0.0059016	0.49189	0.00798477	0.00541304	0.0261075	0.0157072	0.0515741	0.00936376	0.00420497	0.00523252	0.006392	0.00660726	0.035313	0.0423295	0.0154177	0.082462	0.108462
2	0.0158072	0.0315212	0.00571621	0.00303789	0.163102	0.0213485	0.00652439	0.0285101	0.0167714	0.03161	0.0232628	0.0028383	0.00210532	0.00470377	0.00667329	0.0606773	0.0263507	0.0269354	0.347036	0.175468
3	0.0794773	0.0188574	0.00261208	0.0151015	0.0408596	0.0139239	0.00360544	0.269221	0.00856461	0.0949147	0.0285597	0.00261726	0.00257592	0.000926744	0.0047368	0.0266361	0.0629439	0.305726	0.00332986	0.01481
4	0.0340912	0.0446304	0.0170626	0.00320836	0.0649323	0.00400649	0.128101	0.00634799	0.00887353	0.0269103	0.0049711	0.108554	0.00632735	0.0674122	0.0561672	0.00836995	0.00584116	0.0331053	0.0176244	0.353463
5	0.101414	0.0508589	0.0024054	0.00252387	0.0559662	0.0325024	0.00135751	0.139287	0.00275676	0.272134	0.0626721	0.000829092	0.00138318	0.00104978	0.00309155	0.0305418	0.0440294	0.186565	0.00260969	0.00602225
6	0.125644	0.0572912	0.00209551	0.00231682	0.0683476	0.0414625	0.00110283	0.127209	0.00266499	0.232034	0.0570876	0.000827762	0.00183851	0.000889823	0.00346242	0.0361863	0.052669	0.180097	0.00261306	0.00416042
7	0.0805014	0.019813	0.00258959	0.0139484	0.0406667	0.0132789	0.00367036	0.265471	0.00827664	0.0943538	0.0291151	0.00235674	0.00256919	0.000893376	0.00481963	0.025882	0.0632184	0.309691	0.0035969	0.015288
8	0.204404	0.181056	0.00501014	0.00722791	0.009146	0.0092934	0.00440259	0.0472709	0.0128936	0.0163086	0.020378	0.0043114	0.00428226	0.00749726	0.00640627	0.204377	0.0279163	0.165488	0.00246663	0.0598645
9	0.138767	0.0452514	0.00167213	0.00179052	0.214455	0.0886768	0.00135664	0.0528863	0.0025195	0.175648	0.0333796	0.0012095	0.00930286	0.00220257	0.00610689	0.0346435	0.0533766	0.130295	0.000661747	0.00579814
10	0.0147637	0.00504638	0.000808012	0.00072641	0.0757371	0.00164092	0.00291047	0.0522137	0.0086146	0.679525	0.0875247	0.0013477	0.000521526	0.00619893	0.00365247	0.00942117	0.00943745	0.0195087	0.000295287	0.020106
11	0.075547	0.0226364	0.00296853	0.0137023	0.0386781	0.0122766	0.00463271	0.251228	0.00922766	0.0962968	0.031017	0.00239407	0.00283478	0.00140037	0.00603267	0.0279762	0.0684478	0.309019	0.00376297	0.0199212
12	0.12586	0.0709856	0.00277119	0.0008069	0.0723637	0.0423399	0.000656754	0.0892673	0.00170137	0.275797	0.0756471	0.000843323	0.00169664	0.00113961	0.00336723	0.036234	0.0519854	0.142399	0.00162241	0.00251488
13	0.104222	0.032566	0.00194995	0.00173906	0.136681	0.0328172	0.00148511	0.0817423	0.00410984	0.306455	0.0759145	0.00161551	0.003538	0.00308925	0.0116482	0.0218708	0.0470424	0.122582	0.00152735	0.0074049
14	0.219709	0.00647963	0.118354	0.0697834	0.00657321	0.157797	0.020142	0.00645395	0.0390328	0.011907	0.00639752	0.0583109	0.00865641	0.0292302	0.0253134	0.146042	0.0504019	0.0099581	0.000464318	0.00899402
15	0.106088	0.00186637	0.0308789	0.0163254	0.00216505	0.723489	0.00150008	0.00297378	0.0179473	0.00950063	0.00229845	0.00768742	0.0039695	0.0164829	0.0176573	0.0301292	0.00309225	0.00343759	0.000620621	0.00189068
16	0.0152275	0.00380499	0.000782179	0.000703763	0.0244082	0.00171795	0.000421552	0.347452	0.00231449	0.323891	0.100202	0.000603471	0.00368934	0.00351119	0.00181411	0.0015422	0.00730011	0.155145	0.000651883	0.00481755
17	0.150247	0.139322	0.00693203	0.00786448	0.0477782	0.0344586	0.00541139	0.0486921	0.0160008	0.112055	0.121123	0.00632095	0.00626591	0.0080208	0.00974876	0.0804941	0.0872922	0.0942072	0.00271159	0.0150547
18	0.489533	0.0158694	0.00707343	0.00524041	0.00295193	0.0871482	0.00211205	0.00831638	0.00743723	0.012084	0.00414221	0.00420649	0.00190201	0.00440474	0.00553354	0.272061	0.056122	0.0108526	0.000500095	0.0025092
19	0.101366	0.00342094	0.0313408	0.0173688	0.00474152	0.692326	0.00292862	0.00530966	0.021544	0.0120305	0.00350292	0.00936455	0.00465176	0.0181605	0.0205567	0.0326365	0.0072344	0.00564395	0.00225167	0.00362025
20	0.0323855	0.0131192	0.00657162	0.015731	0.0389132	0.00783921	0.00557159	0.0722845	0.0177003	0.417008	0.121688	0.0357285	0.00710642	0.013906	0.0133566	0.0208036	0.0864633	0.0578316	0.00489654	0.011095
21	0.0867397	0.00613773	0.0877348	0.0699377	0.00950566	0.0370986	0.0212189	0.021398	0.104356	0.0242668	0.019801	0.0936018	0.0071615	0.0417039	0.0690187	0.146952	0.117147	0.022199	0.000906802	0.0131142
22	0.019829	0.00941369	0.00447791	0.00536975	0.020308	0.00467233	0.00266338	0.160513	0.0122941	0.336631	0.221873	0.00311139	0.0125256	0.0246429	0.00731953	0.00850022	0.0153041	0.122958	0.00117495	0.0064186
23	0.103863	0.00257145	0.0320957	0.0175118	0.00416457	0.687872	0.00252301	0.00461122	0.0196171	0.0140887	0.00359147	0.0092891	0.0136118	0.0168904	0.0174981	0.0342198	0.00646031	0.0063502	0.000733846	0.00243704
24	0.0200941	0.0128605	0.00574896	0.00326014	0.090128	0.00370358	0.0138086	0.0545697	0.0135149	0.508354	0.0633199	0.0082346	0.00214359	0.0123519	0.0119259	0.0159392	0.0116972	0.0370965	0.0121975	0.099051
25	0.0112485	0.00772689	0.00102131	0.000705533	0.0637118	0.00141144	0.00206841	0.0677781	0.00715344	0.642543	0.101443	0.00131832	0.000686284	0.00478318	0.00334007	0.00780124	0.0104346	0.0486278	0.000561637	0.0156358
26	0.155482	0.00755484	0.0384102	0.0217303	0.00804249	0.470384	0.0057838	0.00851284	0.0238659	0.0130067	0.00665593	0.018248	0.00725433	0.0165991	0.0198983	0.128994	0.0336684	0.00988786	0.00151275	0.0045083
27	0.0110666	0.00755868	0.000969828	0.000634378	0.0395743	0.00141139	0.000934535	0.21622	0.00373607	0.453336	0.104813	0.000993235	0.00223696	0.00306152	0.00277812	0.00271255	0.00788748	0.13013	0.00105729	0.0088879
28	0.0241243	0.0144091	0.333307	0.0529552	0.00820692	0.0681247	0.00446916	0.0136163	0.0334438	0.0124705	0.00375204	0.109359	0.00189326	0.0205551	0.00776137	0.161785	0.111175	0.0127542	0.000785408	0.00505252
29	0.0362436	0.00751703	0.0409859	0.0868598	0.00463921	0.00490033	0.00230934	0.149248	0.0877629	0.100658	0.0642611	0.0293825	0.0371188	0.0643557	0.0766402	0.0465498	0.0515558	0.101102	0.00486541	0.00304468
30	0.0152552	0.014336	0.00253079	0.00130308	0.0298888	0.00339676	0.00112733	0.140972	0.00597445	0.437395	0.177565	0.00162595	0.00757681	0.00649741	0.00345169	0.00605361	0.0158227	0.121559	0.00122588	0.00644253
31	0.0534587	0.00200595	0.232635	0.164919	0.00521239	0.0344015	0.0548917	0.00238346	0.0715899	0.00977071	0.00518978	0.111446	0.020007	0.0571852	0.0494252	0.0771034	0.0236524	0.0099807	0.000205627	0.0145366
32	0.0144203	0.00673172	0.00155679	0.00196544	0.0466104	0.0017811	0.00184125	0.146791	0.00721388	0.529952	0.112382	0.00149472	0.00417606	0.00652789	0.00361678	0.00604975	0.011316	0.0826641	0.00102887	0.01188
33	0.0537296	0.00218083	0.160674	0.148496	0.00510675	0.0390848	0.0429405	0.00786088	0.11483	0.0157732	0.0093207	0.10027	0.0161626	0.0648621	0.0818898	0.0786518	0.0331801	0.0116167	0.000676914	0.0126922
34	0.0232011	0.00427909	0.00097543	0.00451922	0.0248982	0.00394528	0.00117727	0.436229	0.00301455	0.207305	0.0386515	0.000906364	0.00147423	0.0013056	0.00168581	0.00636537	0.0189673	0.213772	0.0007702	0.0065579
35	0.0117634	0.00613938	0.00115957	0.000675354	0.069693	0.0011432	0.00278075	0.0790519	0.00970794	0.626394	0.0869973	0.00111452	0.00114685	0.00577968	0.00402395	0.00620918	0.00796873	0.0549751	0.000696895	0.0225795
36	0.0913448	0.00533603	0.0179403	0.104986	0.00554706	0.00511036	0.00313342	0.106217	0.127684	0.084438	0.0946247	0.0110272	0.0111646	0.136848	0.0439104	0.0543358	0.0201793	0.0655027	0.00483476	0.00583505
37	0.0267717	0.00294823	0.0213327	0.0802537	0.0024558	0.0148204	0.0114815	0.0370821	0.325128	0.0296124	0.0318895	0.0144487	0.0101887	0.101709	0.193268	0.0383011	0.0285112	0.0206479	0.00409371	0.00505621
38	0.0812924	0.00442257	0.15004	0.11751	0.00883328	0.0521787	0.0324826	0.0104733	0.0764627	0.0131345	0.010901	0.0971049	0.0134775	0.0514924	0.0515571	0.141214	0.0586382	0.0129678	0.000322407	0.0154948
39	0.0741193	0.0139217	0.052683	0.0394637	0.0120494	0.387902	0.0153529	0.0279521	0.0330351	0.0191656	0.00908314	0.0288458	0.089431	0.0249263	0.0285348	0.0767922	0.02769	0.0259307	0.00596456	0.00715713
40	0.0519747	0.00287497	0.0138018	0.00825069	0.00375212	0.0451498	0.0331686	0.00356561	0.0762028	0.00389759	0.00317671	0.00233817	0.000766729	0.0341175	0.0606415	0.227676	0.422364	0.00411736	0.000596229	0.0015669
41	0.0823421	0.00370996	0.0259966	0.0609612	0.00735952	0.0242172	0.0177442	0.0280573	0.175913	0.0226883	0.0214178	0.0790147	0.0057808	0.057517	0.114165	0.147624	0.0913708	0.0181019	0.000401335	0.015617
42	0.0318041	0.00914744	0.126011	0.397381	0.00773074	0.0326989	0.0369258	0.0161181	0.0352104	0.00917166	0.0188917	0.0589232	0.00970385	0.0922936	0.0272021	0.0425265	0.0171843	0.0219769	0.000958622	0.00813933
43	0.0188835	0.0022974	0.0179446	0.059199	0.00210993	0.0186387	0.0155155	0.0209962	0.3667	0.016147	0.0146019	0.0199382	0.00691478	0.101219	0.223812	0.0423384	0.0326891	0.00971919	0.00337357	0.00696226
44	0.0258676	0.00240211	0.0234229	0.0672126	0.00278362	0.0194363	0.0163652	0.0303879	0.390524	0.0199312	0.0189232	0.0141204	0.00828022	0.0818186	0.19862	0.0358992	0.0264101	0.0110581	0.00209314	0.00444389
45	0.033085	0.0440602	0.0160368	0.00347212	0.0590163	0.00347277	0.136062	0.00605804	0.00730768	0.0211759	0.00439231	0.11684	0.00663281	0.0721665	0.056479	0.0055164	0.00628558	0.0331516	0.0128808	0.355908
46	0.499987	0.0158792	0.00878103	0.00845979	0.00612928	0.041446	0.00302763	0.0126046	0.0125005	0.0160146	0.00800017	0.0080952	0.00191963	0.00639853	0.0081529	0.25796	0.0608921	0.0182265	0.00094896	0.00457633
47	0.0162696	0.00381542	0.000967947	0.00395286	0.0237017	0.00312131	0.000823428	0.482512	0.00287573	0.18468	0.030689	0.000703047	0.00107336	0.00138341	0.00150822	0.00401214	0.0118509	0.220134	0.000635455	0.00529012
48	0.0163375	0.00320001	0.0014018	0.000938492	0.0847027	0.00102652	0.00452475	0.0532118	0.0125812	0.661372	0.08078	0.00140164	0.000615429	0.00935831	0.00578401	0.00844067	0.0078717	0.0158748	0.000497294	0.030079
49	0.0520867	0.0033448	0.121134	0.0953996	0.00549841	0.023671	0.033538	0.0112983	0.0660927	0.0279596	0.00850172	0.0641961	0.250752	0.040343	0.0488163	0.0804712	0.0385877	0.0166884	0.00118909	0.0104315
50	0.0113996	0.00666605	0.000700694	0.00107588	0.0328523	0.00240173	0.000493955	0.354403	0.00156807	0.325242	0.052255	0.000549654	0.00109232	0.00112649	0.00198623	0.00213256	0.00703311	0.188725	0.00107315	0.00722277
51	0.0262481	0.00823294	0.00114701	0.00199256	0.0260679	0.00427478	0.000901684	0.337546	0.00284723	0.29225	0.0817223	0.000753383	0.00303447	0.00271143	0.00218417	0.00513135	0.0148094	0.180776	0.00122461	0.00614343
52	0.0209595	0.00207543	0.0192542	0.0623161	0.00226897	0.0186722	0.0150438	0.0221875	0.380873	0.0162885	0.0145807	0.0186991	0.00763721	0.0908192	0.215243	0.0439512	0.0313299	0.00952315	0.00262559	0.00565195
53	0.0280598	0.00162931	0.0315219	0.0468561	0.00441473	0.0434672	0.034329	0.0115969	0.239747	0.0167595	0.00801481	0.0859333	0.00385729	0.0977327	0.217261	0.06036	0.0480978	0.00538452	0.00361023	0.011367
54	0.0367865	0.00424623	0.0857165	0.0886575	0.0115029	0.0865304	0.176797	0.0103336	0.0771692	0.0150035	0.0152817	0.0499158	0.00932057	0.113712	0.120479	0.0424402	0.0256354	0.0120774	0.00216541	0.0162292
55	0.0381117	0.0117339	0.0626261	0.053201	0.0528883	0.0267299	0.220733	0.014073	0.0587417	0.0194102	0.0119476	0.0632687	0.0281072	0.0486821	0.052492	0.046154	0.0328183	0.0196172	0.00511005	0.133554
56	0.015841	0.00368167	0.002046	0.00124274	0.0898201	0.00133727	0.00696021	0.0506213	0.0125107	0.646616	0.0789066	0.00186831	0.00078224	0.0116599	0.00877866	0.00857449	0.00835711	0.0162318	0.00154096	0.0326232
57	0.0237899	0.0165057	0.00164375	0.00313532	0.0419276	0.00597449	0.00175777	0.205982	0.0043564	0.37762	0.0683734	0.0017471	0.00350235	0.00264924	0.00400719	0.00779042	0.0180021	0.198899	0.00257067	0.00976658
58	0.0192381	0.00939799	0.0014772	0.0021482	0.0628562	0.00344415	0.002436	0.0902123	0.00808978	0.598483	0.0891685	0.00226336	0.0027527	0.00541825	0.00400562	0.00984399	0.0139575	0.056985	0.00146457	0.0163574
59	0.116483	0.163476	0.00664557	0.00926587	0.0189242	0.0137355	0.00801502	0.0567807	0.0135842	0.0408239	0.0214892	0.00647448	0.00829176	0.0111672	0.0103624	0.152323	0.0302092	0.272609	0.00337467	0.0359651
60	0.0873626	0.00848829	0.0210954	0.0129741	0.00635074	0.0417349	0.0263937	0.0114822	0.0693939	0.00976551	0.00997218	0.0109653	0.00303238	0.0296486	0.0522089	0.227165	0.3548	0.0127148	0.000739897	0.00371196
61	0.0196827	0.0103819	0.00129462	0.00110961	0.0620181	0.00413984	0.00219523	0.105269	0.00734758	0.580993	0.0882435	0.00132733	0.00197953	0.00468648	0.00335353	0.00947258	0.011716	0.0672261	0.00121886	0.0163441
62	0.0180121	0.00745853	0.00226659	0.00274218	0.0610924	0.00293046	0.00275562	0.095946	0.0114071	0.589156	0.0878692	0.00260974	0.00196536	0.00707845	0.00664498	0.0115799	0.0134564	0.0574514	0.000869394	0.0167086
63	0.00958128	0.00662476	0.000627437	0.000710716	0.0310448	0.0014702	0.000474388	0.344268	0.00128828	0.342637	0.0542276	0.000531816	0.00112386	0.00137682	0.00194513	0.0014205	0.00604298	0.186631	0.000954416	0.00702001
64	0.150307	0.0984198	0.00398784	0.00610517	0.168564	0.130194	0.00267902	0.0357205	0.00656688	0.0907921	0.0467326	0.00356654	0.00760126	0.00547986	0.00685142	0.0496582	0.0579804	0.101512	0.00169399	0.0255876
65	0.0565943	0.00357807	0.0993227	0.0935875	0.00763219	0.033632	0.0352836	0.0175183	0.155498	0.0193036	0.0136898	0.0950306	0.0121191	0.0635439	0.110882	0.0946869	0.0531812	0.0156405	0.0019679	0.0173075
66	0.562599	0.0137225	0.0027372	0.00124927	0.00161241	0.0431729	0.00103161	0.00668552	0.0020765	0.0110648	0.00208777	0.000943287	0.00084499	0.0016488	0.00161652	0.280815	0.0572179	0.00695902	0.00047448	0.00144087
67	0.133297	0.0660277	0.00233515	0.000784659	0.0814609	0.0462806	0.00060981	0.0940146	0.00157348	0.257832	0.0677109	0.000721287	0.00191999	0.000971602	0.00367837	0.036574	0.051283	0.148631	0.00169421	0.00259937
68	0.531005	0.0129703	0.00355005	0.00186323	0.00221121	0.0449018	0.00278257	0.0101168	0.00661336	0.0154411	0.00226428	0.00108179	0.000865685	0.00345297	0.0045771	0.25652	0.0879909	0.00955842	0.000603834	0.00163027
69	0.0204194	0.0134666	0.00203963	0.00232071	0.0460923	0.00443849	0.0014466	0.140323	0.00649862	0.482725	0.114958	0.00190571	0.0037243	0.00572382	0.00420099	0.00779014	0.0155761	0.114432	0.00143941	0.0104793
70	0.0506938	0.00446781	0.0128487	0.00464021	0.00331562	0.00720639	0.00927934	0.00913624	0.0216803	0.054949	0.00279572	0.00327978	0.647368	0.014337	0.00501899	0.0729538	0.0536595	0.0180524	0.00240707	0.00191067
71	0.00957434	0.000525994	0.000426852	0.000703487	0.0227978	0.00123147	0.000396888	0.495943	0.000858471	0.241978	0.0380503	0.000403604	0.00102799	0.0012185	0.000654396	0.00104017	0.00554099	0.17242	0.000175563	0.00503236
72	0.0253708	0.0393789	0.0186283	0.00296955	0.42919	0.0105526	0.00611472	0.0335439	0.0151895	0.0780577	0.00885636	0.0026113	0.00235967	0.00446836	0.00616753	0.0487098	0.0245486	0.0178837	0.0749859	0.150413
73	0.0112594	0.00468323	0.00087944	0.000697618	0.0710257	0.000969938	0.00250182	0.0596525	0.00810483	0.673024	0.0919158	0.00129871	0.000571498	0.00537976	0.00341399	0.00755928	0.00846475	0.0299144	0.000358086	0.0183249
74	0.0539322	0.00188879	0.228657	0.16245	0.00539492	0.0351244	0.0580952	0.00238307	0.0662277	0.010027	0.00505161	0.119288	0.0211859	0.053793	0.0484366	0.0791088	0.0240174	0.0096296	0.000214551	0.0150943
75	0.0974793	0.00498633	0.02544	0.0473106	0.0112323	0.0218499	0.0155175	0.0331358	0.178608	0.0181414	0.0260975	0.0560915	0.0055414	0.0454824	0.115682	0.170326	0.0876016	0.0204841	0.000381577	0.0186112
76	0.0152165	0.0047247	0.0016865	0.000994554	0.0187174	0.00191633	0.000682839	0.263208	0.00474719	0.363402	0.155816	0.00104977	0.00971865	0.00684984	0.00290834	0.00203895	0.00870433	0.132467	0.000747976	0.004404
77	0.0824759	0.0234735	0.00235996	0.0126119	0.0420888	0.0141515	0.00374724	0.253652	0.00808022	0.100788	0.0298883	0.00212288	0.0024904	0.000835568	0.0046037	0.0260011	0.0642826	0.307009	0.00430438	0.0150324
78	0.135382	0.0585386	0.00185811	0.00133381	0.0958464	0.0462909	0.000779481	0.102413	0.00183378	0.235137	0.0569519	0.000649146	0.00235399	0.000943367	0.00434924	0.0360466	0.0535219	0.160477	0.00205425	0.00324011
79	0.525128	0.0149223	0.00337916	0.00273743	0.0019375	0.0430994	0.00237273	0.00806578	0.00805532	0.011704	0.00313333	0.00238438	0.00125403	0.00354207	0.00565688	0.282316	0.0688482	0.00881171	0.000601544	0.00205034
80	0.00188111	0.000849227	0.00071546	0.00616508	0.0073657	0.000831823	0.000618648	0.630535	0.00332855	0.0185566	0.00323058	0.00059061	0.000499735	0.000959938	0.000868718	0.00156874	0.00282551	0.317491	0.000310395	0.000807824
81	0.00872056	0.0189877	0.00132007	0.000780792	0.0496037	0.00207971	0.000706918	0.144094	0.00283591	0.470491	0.0690239	0.000829767	0.00118485	0.001257	0.00430403	0.00204364	0.00808257	0.198742	0.00273285	0.0121794
82	0.0106166	0.000579072	0.000452105	0.000536624	0.022767	0.00133221	0.000385933	0.48194	0.000778344	0.249764	0.0430053	0.000387876	0.001021	0.00138485	0.000677687	0.00112164	0.00588145	0.172324	0.000171125	0.00487299
83	0.402789	0.0175447	0.0177921	0.0153283	0.00702921	0.0418924	0.00625839	0.018295	0.0263507	0.0201192	0.0118896	0.0138829	0.00626227	0.0113156	0.0178491	0.264143	0.0701366	0.0235564	0.0011979	0.00636787
84	0.204436	0.0235947	0.00459026	0.0156887	0.0275263	0.0201148	0.0051453	0.117634	0.0106658	0.0677913	0.0316443	0.00700576	0.00368846	0.0040818	0.0114551	0.0564807	0.115152	0.258761	0.00283913	0.0117049
85	0.0505576	0.0401358	0.0130435	0.0130885	0.0299964	0.0545689	0.00924139	0.154222	0.0256823	0.0683902	0.0255235	0.00789311	0.160354	0.0162509	0.0306936	0.057095	0.0905921	0.134065	0.0105016	0.00810487
86	0.141905	0.0554629	0.00210573	0.00167389	0.123761	0.0541611	0.000984089	0.0950065	0.0021269	0.217941	0.0498402	0.000894703	0.00395639	0.00110588	0.00517469	0.0337793	0.052972	0.151744	0.00134294	0.00406169
87	0.019507	0.00446167	0.00107049	0.00696136	0.0186846	0.00419595	0.00146373	0.468618	0.00455568	0.0906289	0.0170586	0.00100446	0.0012394	0.00130652	0.00169496	0.00668027	0.0151993	0.33032	0.00093633	0.00441329
88	0.114949	0.0455384	0.00257799	0.00597607	0.0667203	0.0370175	0.00201959	0.151849	0.00530436	0.197661	0.0499628	0.00205575	0.00285195	0.0014371	0.00479833	0.0325445	0.0592715	0.206187	0.00325496	0.00802328
89	0.143415	0.0418441	0.0015834	0.00133788	0.172795	0.0521705	0.00105313	0.0687517	0.00163565	0.222721	0.0506677	0.000905259	0.00462797	0.0016495	0.00819693	0.0296501	0.05614	0.137271	0.000650418	0.00293359
90	0.11011	0.0459424	0.00333601	0.00705112	0.114693	0.0354881	0.00273365	0.153012	0.00608044	0.137833	0.0362336	0.00179422	0.00430951	0.00207596	0.00595326	0.0315193	0.0672321	0.219046	0.0034105	0.012146
91	0.115654	0.00284735	0.03234	0.0176045	0.0032064	0.689696	0.0020352	0.00457174	0.0187796	0.010773	0.00301186	0.00911399	0.00405428	0.0165553	0.0177638	0.0365564	0.00627405	0.00606177	0.000666274	0.00243464
92	0.0368727	0.0120705	0.0939622	0.39664	0.00993357	0.0255909	0.0265718	0.0196752	0.0470602	0.0161896	0.0163131	0.0495267	0.010092	0.081654	0.0366939	0.0482341	0.0230943	0.0393565	0.00206659	0.00840223
93	0.00198916	0.000812872	0.000710734	0.00599674	0.00764726	0.00079299	0.000621721	0.630447	0.00321788	0.0227626	0.00379053	0.000587303	0.000491276	0.000946224	0.000878934	0.00155159	0.00288806	0.312701	0.000284555	0.000880984
94	0.010166	0.000594385	0.00040389	0.000505981	0.0227825	0.00131549	0.000381093	0.483373	0.000665786	0.248746	0.0430083	0.000383286	0.00102326	0.00119605	0.000632251	0.00104105	0.00566241	0.173054	0.000168613	0.00489674
95	0.0475729	0.00662594	0.0119005	0.0042335	0.00575296	0.0103392	0.0101434	0.0139882	0.0197996	0.053497	0.00477428	0.00360076	0.638481	0.0141163	0.00491638	0.0676762	0.0525453	0.0237777	0.00368441	0.00257482
96	0.0631454	0.014955	0.0457561	0.0549487	0.0149368	0.0293779	0.0201468	0.0393358	0.0886091	0.0774047	0.0267695	0.0427941	0.0149513	0.112717	0.0623148	0.173498	0.0584513	0.0339104	0.00659161	0.0193855
97	0.561891	0.0137416	0.0027145	0.00122713	0.00159878	0.0432828	0.00100672	0.00672685	0.00204725	0.0110463	0.00207347	0.00090153	0.000844919	0.00161351	0.00162257	0.281279	0.0574105	0.0070513	0.000474481	0.0014456
98	0.00958236	0.000539009	0.000427196	0.000685446	0.0227719	0.00127775	0.000409102	0.497721	0.000741153	0.236566	0.0367569	0.000402562	0.000968127	0.00116534	0.000657121	0.00111034	0.00550564	0.177307	0.000176732	0.00522997
99	0.0810602	0.0804366	0.0114884	0.00700438	0.295328	0.0442647	0.00545484	0.0464467	0.00877132	0.110671	0.0327159	0.00482127	0.00588622	0.00674467	0.00827527	0.0385872	0.0672736	0.080182	0.0220256	0.0425615
100	0.0503667	0.00291794	0.013428	0.00798595	0.00397034	0.043357	0.0329028	0.00414671	0.071893	0.0041624	0.00357407	0.00311211	0.000827606	0.0322616	0.0564417	0.22933	0.432471	0.00459841	0.000597144	0.0016551
101	0.022511	0.00308433	0.0310229	0.0236408	0.011964	0.103856	0.0986631	0.0103964	0.157047	0.014217	0.015506	0.0376307	0.00282261	0.151444	0.229947	0.0281299	0.030426	0.00760813	0.00418029	0.0159023
102	0.0173692	0.0144364	0.00682309	0.00531	0.10817	0.00500487	0.305546	0.00923394	0.0259588	0.0141976	0.00632001	0.0482105	0.0522002	0.0274874	0.0175633	0.00938071	0.00875304	0.0163108	0.00524207	0.296482
103	0.0698276	0.00284862	0.184626	0.143609	0.00715601	0.0452778	0.0445259	0.0056639	0.0739071	0.0115881	0.00779206	0.106573	0.0190686	0.0538531	0.0495627	0.1067	0.0399132	0.0102942	0.000230221	0.0169824
104	0.0117961	0.00535232	0.000872822	0.000773999	0.066934	0.000912376	0.00244424	0.0707663	0.00795412	0.653112	0.0989064	0.00136717	0.00150547	0.0057299	0.00347244	0.00756618	0.00900085	0.033586	0.000450901	0.0174966
105	0.0964186	0.00493607	0.0248488	0.0498342	0.0105359	0.0211569	0.0157365	0.0329324	0.172428	0.0187664	0.0250768	0.0600025	0.00643908	0.0465697	0.113924	0.171158	0.0895486	0.0207945	0.000369362	0.0185235
106	0.00466744	0.000595184	0.000558377	0.00353665	0.013872	0.0010251	0.000486835	0.591531	0.00210445	0.103277	0.0169466	0.000476977	0.000519567	0.000996779	0.000746091	0.00124828	0.00383173	0.250968	0.000218529	0.00239353
107	0.233778	0.0041406	0.0248262	0.0129783	0.00211487	0.545988	0.00134652	0.00345219	0.0139528	0.00961441	0.00232864	0.0067637	0.0033244	0.0118514	0.0121881	0.0907682	0.0142732	0.00381933	0.000570348	0.00192013
108	0.129776	0.0115209	0.0476769	0.0743578	0.0104535	0.0269458	0.0177368	0.0293172	0.111124	0.0238721	0.0383078	0.0537697	0.00801837	0.0591723	0.0694922	0.157283	0.0682742	0.0312457	0.00112445	0.0305314
109	0.100198	0.00545739	0.025285	0.0458236	0.0115648	0.0205495	0.0166579	0.0337132	0.166349	0.018899	0.0273463	0.0585032	0.00534598	0.044581	0.108915	0.176218	0.0932178	0.0219199	0.000350435	0.0191053
110	0.0438576	0.0408245	0.00327579	0.00185911	0.0577722	0.0103741	0.0018627	0.0393401	0.00539013	0.502582	0.157485	0.00255002	0.001206	0.00440201	0.00352337	0.025535	0.036301	0.0541613	0.000818884	0.00687952
111	0.419057	0.0349359	0.00340304	0.00420716	0.00476988	0.017442	0.00274201	0.0650375	0.00761276	0.0476829	0.00813229	0.00430318	0.00276531	0.0049191	0.00546685	0.182447	0.119894	0.0560905	0.001829	0.00726286
112	0.0144089	0.0425716	0.00563148	0.00605448	0.0340114	0.0691083	0.0326174	0.0807517	0.00849502	0.0157788	0.00908769	0.00466636	0.472467	0.00649158	0.00662719	0.0240683	0.0195166	0.0920112	0.0491075	0.00652706
113	0.00887489	0.0192663	0.0013238	0.000772877	0.0501056	0.00208049	0.000715269	0.143522	0.00293225	0.469392	0.0693139	0.00082672	0.00113908	0.0011991	0.00437595	0.00203179	0.00818349	0.198699	0.00277324	0.0124719
114	0.0766399	0.0187054	0.00432877	0.0153619	0.0327193	0.0122647	0.00389819	0.20931	0.0132171	0.0746031	0.0300508	0.00453437	0.00495157	0.00446802	0.0202243	0.0301439	0.128288	0.298938	0.00304141	0.0143115
115	0.0164821	0.00249423	0.0210156	0.0401748	0.00414621	0.031892	0.0301499	0.0146167	0.276049	0.0155428	0.0120761	0.0476535	0.00464357	0.120588	0.24637	0.0420915	0.040201	0.00847704	0.00743142	0.0179045
116	0.0529068	0.0132893	0.00188363	0.00814856	0.0412773	0.0150146	0.00265793	0.298918	0.00549916	0.155391	0.0276787	0.00178608	0.00195044	0.00112545	0.00329602	0.0163763	0.0374721	0.302434	0.00246356	0.0104306
117	0.0107673	0.00527305	0.000832221	0.000680108	0.0685292	0.000790936	0.00246241	0.0639753	0.00762277	0.665442	0.095464	0.00134556	0.000643389	0.00514246	0.00325718	0.00750103	0.00875486	0.0338655	0.000364298	0.0172866
118	0.0174009	0.00347137	0.00293373	0.00227878	0.0103962	0.00300918	0.00149447	0.266188	0.0070248	0.278044	0.207057	0.00195836	0.0149897	0.0172404	0.00393743	0.00374064	0.0110138	0.143783	0.000857422	0.00318103
119	0.0886087	0.0323952	0.00216254	0.0101809	0.0426837	0.0171499	0.00387747	0.228369	0.0083701	0.124708	0.0366272	0.00175181	0.00204868	0.000819523	0.00432353	0.0255019	0.061908	0.286871	0.00645646	0.0151861
120	0.0120919	0.000700648	0.000532267	0.000512632	0.0214055	0.00148942	0.00038451	0.442977	0.00104564	0.27111	0.0629071	0.000415601	0.00125758	0.00163425	0.000733727	0.00105292	0.00643806	0.168558	0.000171553	0.00458197
121	0.137047	0.0522042	0.00200633	0.00160143	0.188912	0.0613102	0.00109802	0.0593352	0.00274683	0.201209	0.0410672	0.00106358	0.00622429	0.00203022	0.00636124	0.0397583	0.0634916	0.12695	0.0010196	0.0045643
122	0.0303713	0.0418366	0.010428	0.00211294	0.264144	0.00925724	0.012892	0.029253	0.0279116	0.0894456	0.0126959	0.00236205	0.00153858	0.00649531	0.0121507	0.0663555	0.0126938	0.0165785	0.137308	0.21417
123	0.0392826	0.064792	0.00938201	0.00869074	0.0172582	0.0392826	0.013045	0.161418	0.0223081	0.0470764	0.0202704	0.00590063	0.252955	0.0160382	0.0330346	0.0721834	0.0497627	0.105866	0.0147448	0.00670849
124	0.00616657	0.000580283	0.000519137	0.00264328	0.0211325	0.00107846	0.000461465	0.551565	0.00174469	0.157738	0.0202522	0.000437133	0.00047465	0.000917831	0.000748711	0.001214	0.00443147	0.224255	0.00020109	0.00343914
125	0.535353	0.015654	0.00248459	0.0013033	0.0016512	0.0442666	0.00112485	0.00706514	0.00225794	0.0107524	0.00214935	0.000981787	0.000868121	0.00171244	0.00175698	0.300696	0.0605634	0.00727981	0.000567352	0.00151204
126	0.0188869	0.0291852	0.0131314	0.00287675	0.301918	0.0100472	0.00839773	0.0257701	0.024761	0.0581871	0.0125351	0.002387	0.00230105	0.00477052	0.0066083	0.0510893	0.0181606	0.0150163	0.184	0.209971
127	0.0491972	0.00841722	0.00996936	0.00350597	0.0042243	0.00701018	0.00935186	0.0152001	0.0215943	0.054953	0.00431043	0.00279454	0.642513	0.0141453	0.00593795	0.0677944	0.0518317	0.0220107	0.00329838	0.00193978
128	0.00982183	0.000721086	0.000434204	0.000522826	0.0233643	0.00129061	0.000406795	0.491073	0.000719328	0.244429	0.0381522	0.000403202	0.000980478	0.00118161	0.000688062	0.00103645	0.00550748	0.173805	0.000211034	0.00525206
129	0.550585	0.0142351	0.00254057	0.00142829	0.00161951	0.0444764	0.00101551	0.00674788	0.00213002	0.0108169	0.00211085	0.00102536	0.000859605	0.00161328	0.00163866	0.289976	0.0579974	0.00724358	0.000476804	0.00146304
130	0.0261634	0.00242142	0.0218566	0.0653324	0.00301212	0.0182208	0.015367	0.0326827	0.361596	0.0243734	0.0200354	0.0169186	0.00849295	0.0876621	0.203476	0.0405646	0.029824	0.0132745	0.00274479	0.00598092
131	0.00870121	0.0182336	0.00121364	0.000754808	0.0486776	0.00199108	0.000707504	0.151892	0.00266996	0.466574	0.0681229	0.000834803	0.00102362	0.00126574	0.00412524	0.00199337	0.00775235	0.19921	0.00260974	0.0116464
132	0.0171356	0.00956919	0.00194976	0.00208105	0.060717	0.0039439	0.00602692	0.100699	0.00851042	0.577818	0.0865712	0.00146993	0.00339938	0.00695078	0.00468507	0.00919694	0.0115694	0.0700949	0.0010875	0.016524
133	0.0501858	0.0104345	0.27402	0.115567	0.00886301	0.0424836	0.0307759	0.0158951	0.0542042	0.0248639	0.0142614	0.0878038	0.0142579	0.0475184	0.0357722	0.0921398	0.0472846	0.0184453	0.00154453	0.0136788
134	0.061515	0.0662798	0.00348516	0.00239209	0.0852464	0.0152495	0.038739	0.0238609	0.0602907	0.1314	0.0246333	0.00276352	0.0018206	0.0155239	0.0367789	0.0759795	0.00626406	0.0380571	0.131036	0.178685
135	0.0295978	0.0291964	0.00158174	0.00138057	0.049211	0.00729352	0.00139726	0.147833	0.0040767	0.405502	0.0708589	0.000774275	0.00104351	0.00113131	0.00393423	0.00733787	0.0184367	0.200375	0.00500901	0.0140294
136	0.0212169	0.00854766	0.00185193	0.000930478	0.0930587	0.00342876	0.00324614	0.0535664	0.00866153	0.635638	0.0789028	0.0012989	0.000892459	0.00651298	0.00435232	0.0127881	0.0124269	0.0265359	0.00231963	0.0238236
137	0.101219	0.00252273	0.0327126	0.0189411	0.00546759	0.694794	0.00262295	0.00436923	0.0198161	0.0126736	0.003149	0.00978105	0.00503646	0.0181616	0.0188948	0.0332191	0.00714166	0.00641618	0.000796343	0.00226479
138	0.046739	0.00237104	0.184642	0.168409	0.00500296	0.0275097	0.0566204	0.00691711	0.12077	0.011909	0.00862035	0.0929715	0.0312883	0.0535742	0.0649125	0.0648098	0.0202115	0.019756	0.000843167	0.0121226
139	0.0533026	0.00161631	0.224313	0.166864	0.00527534	0.0349049	0.0588542	0.00203779	0.0702826	0.0101253	0.00523648	0.115205	0.0216742	0.0562262	0.0511928	0.0756505	0.0216217	0.0101118	0.000195873	0.0153092
140	0.0369245	0.00474024	0.0241987	0.061877	0.00535774	0.0203574	0.0161643	0.0442943	0.297179	0.0278468	0.0229915	0.0297661	0.0101628	0.0755386	0.182326	0.062971	0.0455564	0.020254	0.00300109	0.00849176
141	0.0802121	0.00310937	0.0997484	0.106553	0.00684309	0.0342343	0.0300793	0.0173856	0.128027	0.0173087	0.0149393	0.0918745	0.0152018	0.0556146	0.0821486	0.127102	0.0594749	0.0149034	0.000394033	0.0148467
142	0.0232062	0.0125004	0.0961405	0.483788	0.0100091	0.0195858	0.0210524	0.0127397	0.0243642	0.00847267	0.0148991	0.0389356	0.00573683	0.105798	0.0276863	0.0312802	0.0150763	0.0420829	0.00106992	0.00557619
143	0.0154382	0.00459104	0.00108442	0.00242307	0.0272462	0.00271312	0.000782548	0.394034	0.00317653	0.282461	0.0548533	0.000909129	0.00296898	0.00231627	0.00295147	0.00370955	0.0106118	0.18049	0.000714777	0.00652443
144	0.0328771	0.0037673	0.0313809	0.0871338	0.00369993	0.0174002	0.0150741	0.032797	0.29459	0.0255059	0.0268392	0.0250213	0.0141954	0.0807373	0.175799	0.0566356	0.0371848	0.0292782	0.00318502	0.00689772
145	0.227849	0.0144235	0.0156089	0.0949527	0.0127274	0.0824684	0.00756721	0.0240149	0.0224787	0.0214967	0.0548895	0.04871	0.00544685	0.0136893	0.016491	0.0836371	0.0922076	0.146512	0.0031514	0.0116776
146	0.0152397	0.00838792	0.00507121	0.00116693	0.142627	0.00263981	0.00440897	0.0477163	0.010908	0.573429	0.0649619	0.00143884	0.000950112	0.00776255	0.00469647	0.0141501	0.009521	0.0175957	0.0117538	0.0555739
147	0.0178932	0.00470143	0.000887254	0.00174459	0.024633	0.00318311	0.000678553	0.396292	0.00190623	0.267161	0.0657929	0.00065525	0.00281968	0.00204753	0.0015632	0.0036409	0.0114817	0.186634	0.00068181	0.00560194
148	0.0750954	0.00390225	0.196158	0.139888	0.00892484	0.053291	0.0407263	0.0041049	0.05587	0.00976146	0.00721491	0.108188	0.0163926	0.0501112	0.035543	0.121453	0.0471917	0.00976735	0.00021156	0.0162046
149	0.0115272	0.00502428	0.000753679	0.000713979	0.0692074	0.000794354	0.00266274	0.0547328	0.00796165	0.679107	0.0986681	0.00157887	0.000476388	0.00556907	0.00335802	0.00851868	0.0100906	0.0210112	0.000270127	0.0179741
150	0.028923	0.0249498	0.0269073	0.0187079	0.051809	0.0229617	0.183137	0.0107022	0.0327551	0.0210014	0.00908058	0.0702893	0.0120143	0.116763	0.0700276	0.0176318	0.0141941	0.0229888	0.00908332	0.236072
151	0.104048	0.00167121	0.030978	0.0162778	0.00193733	0.728393	0.00133751	0.00277167	0.0178608	0.00935844	0.00225246	0.00764612	0.00391884	0.0163662	0.016895	0.0297188	0.00286786	0.00336941	0.000618363	0.00171264
152	0.0410396	0.0025136	0.0563907	0.11668	0.00417266	0.00991704	0.00933696	0.0628824	0.168975	0.0451383	0.0475001	0.0470152	0.0267406	0.0779288	0.11779	0.059405	0.0416707	0.0541019	0.00533656	0.00546538
153	0.0739797	0.00314501	0.199255	0.151264	0.00729529	0.048387	0.0457735	0.00335178	0.0622086	0.0100621	0.00656295	0.107606	0.0185121	0.0527194	0.0410588	0.10599	0.0369861	0.00962972	0.000170821	0.0160418
154	0.0753555	0.00310463	0.195581	0.149537	0.00750509	0.0491787	0.0444869	0.00349552	0.0615727	0.0103814	0.00686849	0.10738	0.018784	0.0522843	0.0403409	0.109154	0.0384185	0.00965493	0.000180064	0.0167359
155	0.0535755	0.00324996	0.0137999	0.00901437	0.0039284	0.0480361	0.0333022	0.00462134	0.0763336	0.00422461	0.00414084	0.00325819	0.000850854	0.0333202	0.0601693	0.224739	0.414892	0.00587573	0.000679032	0.00198937
156	0.0299138	0.00328077	0.0449417	0.0325566	0.0170604	0.0684987	0.0968174	0.0136305	0.192513	0.0157075	0.02222	0.0328599	0.00371241	0.125795	0.218463	0.0322961	0.0264046	0.00838645	0.00332983	0.0116118
157	0.100767	0.00160727	0.0424442	0.0254012	0.00217167	0.687258	0.004566	0.0026918	0.0206095	0.00982104	0.00246193	0.0141819	0.00489614	0.0193997	0.0185746	0.032053	0.00430717	0.00366133	0.000587285	0.00253942
158	0.0543945	0.00853504	0.225088	0.0964411	0.0093824	0.0646823	0.0225245	0.00785034	0.0505415	0.0106764	0.00609908	0.112182	0.0092765	0.0404024	0.0291702	0.144868	0.0840674	0.0125776	0.000410141	0.0108309
159	0.0567183	0.00175089	0.217848	0.16346	0.00537207	0.0361808	0.056723	0.00228203	0.0698081	0.0107435	0.00522933	0.116478	0.0208995	0.0562455	0.0509684	0.0791278	0.0245288	0.00979421	0.000210325	0.0156312
160	0.0296225	0.0115151	0.0922565	0.417141	0.00882564	0.0233343	0.0240814	0.0170937	0.047613	0.0129798	0.016763	0.0463049	0.00865125	0.0988623	0.0408044	0.0403814	0.0185589	0.0369715	0.00152101	0.00671842
161	0.0855957	0.0204659	0.00255766	0.0130147	0.0373595	0.0122976	0.00380508	0.254236	0.00808707	0.0865293	0.0301279	0.00235234	0.00286465	0.00106621	0.0057983	0.0244837	0.0708886	0.320292	0.00354995	0.0146285
162	0.0798983	0.00482797	0.024661	0.0482795	0.00915435	0.0222745	0.0221197	0.0297613	0.157209	0.0364125	0.0347865	0.0662958	0.00551057	0.0521772	0.103453	0.158949	0.107411	0.0209647	0.000794346	0.0150597
163	0.0155663	0.00452196	0.000945936	0.00148129	0.0245352	0.00251024	0.000549072	0.376383	0.00218456	0.29374	0.0791898	0.000899579	0.00336176	0.00273477	0.00178324	0.00266773	0.0104302	0.169891	0.000735069	0.00588983
164	0.014925	0.00306054	0.00145651	0.00201718	0.0205101	0.00203579	0.00065654	0.386333	0.00329941	0.276207	0.090955	0.00112388	0.00603842	0.00440038	0.00268154	0.00291071	0.00901187	0.167284	0.000629516	0.00446361
165	0.0519747	0.00287497	0.0138018	0.00825069	0.00375212	0.0451498	0.0331686	0.00356561	0.0762028	0.00389759	0.00317671	0.00233817	0.000766729	0.0341175	0.0606415	0.227676	0.422364	0.00411736	0.000596229	0.0015669
166	0.278603	0.00906584	0.0263988	0.0186115	0.00589162	0.325205	0.00506142	0.00762446	0.0202753	0.0144212	0.00650151	0.0134455	0.00419748	0.0138148	0.0147872	0.179305	0.0418745	0.0101854	0.000872848	0.0038577
167	0.152174	0.0304753	0.00683601	0.0202722	0.0359638	0.0241696	0.00466311	0.10934	0.0169859	0.0997886	0.0757547	0.0130472	0.0056149	0.00747816	0.013564	0.0553493	0.123312	0.189302	0.00420682	0.011702
168	0.0154348	0.00603547	0.0015073	0.00117502	0.0334414	0.00205926	0.00131734	0.21047	0.00581521	0.452628	0.129469	0.00168415	0.0064542	0.00580206	0.00347544	0.00455105	0.0114095	0.0984389	0.000638908	0.00819319
169	0.043191	0.00365889	0.326271	0.154	0.00623572	0.0282817	0.0406787	0.00629906	0.0550554	0.0108321	0.0107396	0.0764098	0.0149746	0.0750317	0.0452661	0.0583686	0.0203855	0.0115529	0.000897763	0.0118691
170	0.0172336	0.0145367	0.00232341	0.00188834	0.0485453	0.00262882	0.00201291	0.0614768	0.00726974	0.57753	0.160874	0.00269115	0.00297323	0.00596264	0.00397837	0.0125391	0.024163	0.0403083	0.000917011	0.0101478
171	0.0522669	0.00290619	0.0138374	0.0085035	0.00380634	0.0449186	0.0331574	0.00371171	0.0767986	0.00399947	0.00337547	0.00266116	0.00078574	0.0341447	0.0611125	0.227392	0.420197	0.00419394	0.000596555	0.0016348
172	0.0765023	0.00300179	0.190496	0.149886	0.00710287	0.0483654	0.0442732	0.00379001	0.065724	0.010919	0.00703883	0.106505	0.0182152	0.0541248	0.0437453	0.106565	0.0379939	0.00958736	0.000179342	0.0159841
173	0.0345873	0.00372032	0.0308741	0.0682367	0.00460268	0.0242072	0.0193306	0.0290513	0.306635	0.0246671	0.0216073	0.0324992	0.00945394	0.0929061	0.170613	0.0585889	0.0412727	0.0159787	0.00286673	0.00830144
174	0.0867197	0.00447574	0.0220797	0.0429208	0.00891019	0.0212523	0.0213307	0.0314111	0.14618	0.0196744	0.0267215	0.0575972	0.00475334	0.0420551	0.0992156	0.171757	0.153481	0.024163	0.00035462	0.0149478
175	0.0918711	0.0197333	0.00284524	0.0124891	0.0330485	0.0119086	0.00453737	0.223513	0.00865889	0.0839131	0.0352054	0.00271278	0.00306381	0.00209117	0.0063554	0.0239469	0.063912	0.353507	0.00309346	0.013594
176	0.0505719	0.00538401	0.0212504	0.0811648	0.00403242	0.0226318	0.0112759	0.0277382	0.262944	0.0255223	0.0302232	0.0338638	0.0078778	0.0786404	0.155882	0.0859145	0.058723	0.0222045	0.00233869	0.0118164
177	0.0538984	0.00224051	0.216593	0.164459	0.00511668	0.0327065	0.053439	0.00410704	0.0876487	0.0103112	0.00746196	0.101748	0.0198368	0.0606393	0.0554848	0.0737699	0.0240382	0.0125484	0.000370947	0.0135814
178	0.13357	0.00751003	0.0233897	0.0398377	0.0108622	0.0182487	0.0252769	0.0384957	0.131666	0.0205042	0.0234474	0.0691302	0.00689119	0.0372284	0.0900856	0.182115	0.0765206	0.0486492	0.000964914	0.0156064
179	0.0665954	0.0792173	0.00851829	0.00945971	0.0506863	0.0196874	0.00888066	0.134742	0.020467	0.147338	0.0930132	0.00573125	0.00707955	0.0119492	0.0138062	0.0506356	0.0411664	0.136525	0.0206598	0.0738411
180	0.0492541	0.0207217	0.0182863	0.0328276	0.010005	0.0128524	0.00349499	0.194954	0.0633239	0.0973698	0.0393698	0.0130809	0.0314009	0.0464347	0.0481504	0.0653047	0.106266	0.13766	0.00230988	0.00693314
181	0.0532223	0.00151644	0.00950032	0.00139958	0.00162542	0.00178341	0.00738195	0.00304876	0.0208679	0.0588838	0.00211992	0.00113591	0.676099	0.0144234	0.00353633	0.0720054	0.056391	0.0129594	0.000670631	0.0014295
182	0.010188	0.00669264	0.000814513	0.000600576	0.0325843	0.00154503	0.00049435	0.322155	0.00204055	0.360014	0.0714286	0.000618927	0.00122341	0.00135853	0.00207003	0.00136187	0.00665656	0.168168	0.000920441	0.00906492
183	0.0706374	0.00390882	0.209312	0.153474	0.00685413	0.0458078	0.0457177	0.00341951	0.0662409	0.00985366	0.00625328	0.103542	0.0177092	0.0538296	0.04056	0.102093	0.035851	0.00955441	0.000201657	0.0151793
184	0.0529636	0.00185846	0.229732	0.168445	0.00511724	0.0341883	0.0556512	0.00225879	0.0756781	0.00965482	0.00537592	0.108745	0.0200339	0.0583971	0.0502622	0.0748114	0.0219854	0.0104237	0.000203472	0.0142138
185	0.0816086	0.0218215	0.00251314	0.0124112	0.0362881	0.0117348	0.00391046	0.251351	0.00814041	0.0833047	0.0286527	0.0021269	0.0026019	0.00114225	0.00661451	0.023726	0.0802877	0.322752	0.00348458	0.0155283
186	0.0193134	0.0254531	0.0163453	0.00360962	0.285774	0.00574647	0.086823	0.0196366	0.0176734	0.0503169	0.00707062	0.0224576	0.0107428	0.0168295	0.0134682	0.0313821	0.0149517	0.014856	0.059032	0.278518
187	0.167779	0.0661208	0.00640934	0.00923019	0.00875163	0.0109125	0.00506887	0.0184498	0.0377499	0.0181859	0.187479	0.0068294	0.00413452	0.00703041	0.00798123	0.241874	0.0880072	0.0929721	0.00225112	0.0127829
188	0.00956733	0.0113018	0.000926612	0.000790531	0.0378736	0.00208995	0.000594876	0.260562	0.00157544	0.393937	0.0569801	0.000652349	0.00113346	0.00132879	0.00272703	0.00178311	0.00659618	0.199357	0.00163876	0.00858347
189	0.0634039	0.00237576	0.211381	0.158628	0.00640427	0.0412507	0.0527622	0.00266568	0.0630352	0.0099733	0.00574421	0.115934	0.0209241	0.0530193	0.0444128	0.0930967	0.0293718	0.0096016	0.000198015	0.0158175
190	0.0901878	0.0206103	0.00336064	0.0171023	0.0332356	0.0112413	0.00981144	0.217318	0.0165847	0.11209	0.047133	0.00278209	0.00276544	0.00320651	0.00635684	0.0239067	0.0690996	0.286556	0.00457875	0.0220726
191	0.0533147	0.00214093	0.233721	0.160869	0.00542864	0.0349157	0.0564933	0.00277535	0.0655034	0.00997529	0.00522607	0.117957	0.0198972	0.0528773	0.0467499	0.0812859	0.026423	0.00949543	0.000225791	0.014726
