224	20
1	0.3834	0.0283653	0.000451509	0.00181084	0.00778094	0.0984024	0.000789586	0.0331533	0.000520942	0.0227122	0.014089	0.00447695	0.00993109	0.00361809	0.00416052	0.165936	0.0878457	0.112816	0.00580629	0.0139334
2	0.030853	0.0162555	0.00113119	0.00214819	0.0362767	0.0133191	0.00290688	0.0530128	0.00158339	0.537088	0.14938	0.0146725	0.00190051	0.00316297	0.00300385	0.0341622	0.0359933	0.0546195	0.00233503	0.00619481
3	0.068984	0.00956688	0.000378093	0.00174637	0.0533702	0.0119022	0.00175555	0.221174	0.000223955	0.184855	0.0437975	0.00640778	0.00220795	0.00038044	0.00219464	0.0216066	0.0355829	0.329377	0.00149726	0.00299089
4	0.224408	0.0255542	0.000751589	0.00151682	0.0534959	0.0862392	0.000574307	0.0884803	0.000225135	0.180182	0.0370091	0.00223231	0.00267531	0.00224011	0.00535249	0.0556605	0.0719618	0.153012	0.00523817	0.00319054
5	0.188868	0.0290337	0.000872897	0.00115073	0.0329597	0.0392055	0.00144063	0.124125	0.000604018	0.0995699	0.0187087	0.00455476	0.004305	0.00119088	0.00394813	0.0812643	0.115282	0.247681	0.00291444	0.00232099
6	0.0474186	0.00378434	0.0455517	0.0816221	0.0125353	0.039169	0.0571354	0.0275053	0.0962096	0.0338872	0.0276521	0.0541282	0.0146871	0.210683	0.0766563	0.067162	0.0553288	0.0320761	0.00102238	0.0157856
7	0.0467196	0.0195199	0.000177295	0.000676753	0.188987	0.00964211	0.00210635	0.108904	0.000252463	0.400817	0.0412342	0.00346361	0.000445763	0.00169982	0.00344447	0.0379465	0.0216809	0.103186	0.00182325	0.00727153
8	0.00563122	0.0180394	0.000552309	0.00112943	0.216883	0.017857	0.0145101	0.0303535	0.000772485	0.0781663	0.0200443	0.0410073	0.0115725	0.00117154	0.00121595	0.0437534	0.0365864	0.0305866	0.0107484	0.419419
9	0.410064	0.0324465	0.00255266	0.00274768	0.00604669	0.140793	0.00411649	0.0107562	0.00157597	0.0100887	0.00341905	0.00633157	0.00550369	0.00447473	0.00658019	0.263376	0.0504761	0.0297853	0.00142513	0.00743949
10	0.214504	0.0225378	0.00138948	0.00258278	0.0305032	0.179129	0.00168967	0.0835765	0.0015174	0.106936	0.0236783	0.00359848	0.00363973	0.00348559	0.0159118	0.0806461	0.0621516	0.153574	0.00456504	0.00438393
11	0.00567272	0.0180644	0.000555846	0.00113314	0.216614	0.017731	0.0146146	0.030447	0.000770187	0.0784739	0.020196	0.0412889	0.0116102	0.00112221	0.00112947	0.0436299	0.0366879	0.0306828	0.0106664	0.41891
12	0.0988411	0.00658406	0.0216556	0.0377371	0.0437763	0.032897	0.043827	0.0655164	0.0307552	0.0797386	0.0427133	0.0444941	0.0295761	0.0896574	0.0293872	0.0488819	0.100499	0.116717	0.0024978	0.034248
13	0.0333096	0.00599775	0.000484574	0.0107691	0.0378468	0.00878842	0.00651308	0.212289	0.000804009	0.0997142	0.0436906	0.00455118	0.0102906	0.000960963	0.00528046	0.00716087	0.014826	0.486306	0.00138845	0.00902766
14	0.0626616	0.0156583	0.000121317	0.000983264	0.0797436	0.0143303	0.00125995	0.205823	0.000119145	0.302645	0.0365584	0.00267535	0.00205981	0.000274873	0.000461711	0.0249003	0.0311367	0.215589	0.000964855	0.00203375
15	0.133346	0.010326	0.00189271	0.00229281	0.0771554	0.011507	0.0115365	0.0369375	0.00499178	0.194349	0.0957198	0.0147641	0.00234227	0.00515444	0.00450507	0.124874	0.147235	0.110761	0.00179202	0.00851799
16	0.10253	0.00567895	0.0212833	0.0338216	0.0456163	0.0312138	0.0411772	0.0745187	0.0328119	0.0908471	0.0403019	0.0417669	0.0183512	0.0907079	0.030557	0.0387564	0.095512	0.130266	0.00273875	0.0315432
17	0.253901	0.0281937	0.00247723	0.00131519	0.0498263	0.0527881	0.0021836	0.0810743	0.00183955	0.167137	0.0504097	0.00207619	0.00230038	0.0027195	0.0108116	0.0721574	0.0658088	0.145828	0.00362636	0.0035266
18	0.0252153	0.0116153	0.000196786	0.00197908	0.137922	0.00314052	0.00202308	0.136608	0.000238157	0.447291	0.0702364	0.00892181	0.000356508	0.00237554	0.00535222	0.0169483	0.024547	0.0876991	0.00265604	0.0146778
19	0.039518	0.0108818	0.1552	0.062499	0.00544544	0.04613	0.0126489	0.0168429	0.021784	0.014029	0.009881	0.246029	0.023836	0.0221631	0.00185285	0.187745	0.0415009	0.0767991	0.00130079	0.00391332
20	0.0896477	0.00404508	0.0368879	0.0536946	0.0310716	0.0348282	0.0523235	0.0600217	0.0508644	0.0729118	0.0377054	0.0441446	0.0175101	0.105034	0.0516567	0.0440471	0.0893856	0.096807	0.00170994	0.0257033
21	0.0380135	0.00129775	0.000357559	0.00443251	0.00192375	0.855517	0.000713058	0.00667577	0.000618476	0.00337314	0.00163079	0.00749338	0.000792811	0.000753116	0.000822936	0.0464042	0.0200095	0.00348164	0.00445384	0.00123485
22	0.053698	0.00939813	0.000259398	0.00280184	0.0488825	0.0108571	0.00201858	0.223994	0.000224428	0.156507	0.0469574	0.00442166	0.00304434	0.000341793	0.00351563	0.0140723	0.0252919	0.387085	0.00143081	0.00519881
23	0.0391726	0.010891	0.155406	0.0623185	0.00543082	0.0460554	0.0126514	0.0167574	0.0216889	0.0140218	0.00991214	0.246625	0.0241929	0.0221159	0.00185538	0.187832	0.0415869	0.0762801	0.00130001	0.00390501
24	0.0483813	0.00390525	0.00851079	0.108426	0.0119727	0.0164552	0.0451236	0.0294011	0.0713926	0.0391111	0.0313556	0.0178249	0.14958	0.168168	0.0983262	0.101572	0.0285877	0.0119201	0.00122734	0.008759
25	0.0241867	0.0105069	0.000171948	0.00190437	0.121554	0.00274571	0.00218804	0.159931	0.000285745	0.430163	0.07358	0.0101102	0.000359436	0.00195834	0.00510441	0.0139203	0.0271107	0.0950527	0.00277308	0.0163936
26	0.195231	0.0263859	0.00143092	0.00180861	0.040536	0.0446324	0.00176075	0.111334	0.00091375	0.118454	0.022983	0.00389484	0.00434858	0.00178702	0.00426075	0.0850953	0.104799	0.224124	0.00321376	0.00300649
27	0.0490563	0.019523	0.000344343	0.00107002	0.288745	0.00855388	0.00511735	0.115385	0.00377301	0.203145	0.0301482	0.00731915	0.000646032	0.00171103	0.00149221	0.0186519	0.0122449	0.121423	0.0123424	0.099309
28	0.113775	0.0741604	0.00157853	0.00237201	0.0168258	0.019167	0.00244011	0.20718	0.00163383	0.0518944	0.0129015	0.0090487	0.0242178	0.00244211	0.00332318	0.130154	0.163524	0.157388	0.00228648	0.00368656
29	0.0806851	0.0150411	0.000220221	0.000743239	0.0801379	0.0149523	0.0017659	0.205075	0.000156114	0.246122	0.0364007	0.0028465	0.00157081	0.000310489	0.00078692	0.0309618	0.0401206	0.239814	0.000986329	0.00130316
30	0.00651805	0.0216571	0.000557393	0.00130286	0.206265	0.015948	0.0155342	0.0360691	0.000830274	0.0866664	0.0191595	0.031854	0.00950692	0.00120355	0.00126621	0.0365519	0.0307841	0.0340486	0.0104864	0.43379
31	0.172432	0.0442384	0.00485614	0.0290853	0.0374914	0.113221	0.0102698	0.0291446	0.061414	0.0414391	0.0115674	0.0111636	0.00745953	0.0839246	0.102244	0.147089	0.043302	0.0382323	0.00243359	0.00899178
32	0.0559791	0.0315372	0.113458	0.0536439	0.0148062	0.0482447	0.0106391	0.0210808	0.0178331	0.0388034	0.0250301	0.199993	0.0190976	0.0199533	0.0058433	0.170712	0.0789353	0.0617162	0.0023733	0.0103206
33	0.0862999	0.021192	0.000320115	0.000655485	0.140764	0.0173838	0.00298673	0.147203	0.000232263	0.305099	0.028125	0.00177982	0.00125951	0.000556696	0.00125946	0.0412773	0.0321895	0.167982	0.000894799	0.00254072
34	0.0872621	0.0158159	0.000223871	0.000830118	0.0638961	0.0141218	0.00253892	0.232981	0.000130254	0.230844	0.0314086	0.00317243	0.00222906	0.000281276	0.000407215	0.0327525	0.041857	0.236777	0.00108314	0.00138736
35	0.373288	0.0489387	0.00152045	0.00533654	0.00689848	0.119414	0.00258155	0.0141064	0.00289136	0.0150932	0.00517243	0.017352	0.00499768	0.00558886	0.0139213	0.229001	0.0722561	0.0471341	0.00226295	0.012245
36	0.106634	0.0181346	0.00054477	0.00102606	0.194467	0.0329074	0.0025732	0.0936069	0.000564963	0.283279	0.029624	0.00205531	0.00120912	0.0014776	0.00262899	0.0591154	0.0428134	0.121707	0.00161724	0.00401397
37	0.247937	0.0288103	0.00206839	0.00120002	0.0506243	0.054797	0.00102067	0.0955412	0.000545422	0.179509	0.0414326	0.00168679	0.00232369	0.0015252	0.0095274	0.0651594	0.0609455	0.148804	0.00371874	0.00282336
38	0.0685124	0.0143199	0.000149972	0.000910193	0.0729913	0.0156388	0.00132646	0.227384	0.000103258	0.256274	0.0350859	0.00261752	0.0018581	0.000215857	0.000314452	0.0248828	0.034441	0.240149	0.00104553	0.00177992
39	0.0602024	0.0153941	0.000126083	0.00118195	0.0726905	0.0130079	0.00137169	0.208878	0.000145119	0.303709	0.0408784	0.00358397	0.00181036	0.000339217	0.000751156	0.0222132	0.0340223	0.215124	0.00114415	0.00342685
40	0.278088	0.0190493	0.000805144	0.00683429	0.0637341	0.0973293	0.00110799	0.0701821	0.000767683	0.14859	0.0246039	0.00774978	0.00288439	0.00225949	0.0120083	0.0576749	0.0725125	0.125683	0.00432084	0.0038158
41	0.107999	0.00491287	0.00298031	0.00701111	0.0246538	0.00968335	0.0147832	0.0292427	0.00378489	0.0354259	0.00919244	0.00404281	0.642479	0.010837	0.00491258	0.0396351	0.0239369	0.0181123	0.00189939	0.00447575
42	0.0713656	0.0185903	0.000175767	0.00063238	0.1306	0.0159317	0.00179183	0.167186	0.000161967	0.313016	0.0284478	0.00172833	0.00128726	0.000519521	0.00100619	0.0344114	0.0295125	0.18096	0.000852611	0.001823
43	0.418204	0.0383868	0.00272779	0.00542683	0.00857957	0.096962	0.00325531	0.013478	0.00479063	0.0131309	0.0046735	0.00722581	0.00470099	0.0155884	0.0129881	0.25384	0.0517659	0.0349533	0.00193628	0.00738533
44	0.0520729	0.0216456	0.000348336	0.000908406	0.293019	0.00933211	0.00519023	0.117163	0.00399581	0.163064	0.0269596	0.00671876	0.000654631	0.00144161	0.000949735	0.0199008	0.0111485	0.127314	0.0143486	0.123824
45	0.0505485	0.0213328	0.000372421	0.000821182	0.305395	0.00899681	0.00577478	0.114233	0.00472208	0.162905	0.026677	0.00764958	0.000712422	0.00146556	0.00112196	0.0188449	0.0110292	0.128995	0.0149954	0.113407
46	0.0223952	0.0230148	0.00199827	0.00414128	0.161122	0.0236862	0.0201457	0.0757045	0.0189972	0.226898	0.0106224	0.005261	0.00294595	0.0276912	0.0855553	0.0772797	0.0486045	0.0877679	0.0025912	0.0735774
47	0.0347007	0.0137703	0.000308649	0.00235702	0.19521	0.00675079	0.00249573	0.100115	0.000580543	0.423045	0.0498181	0.00661752	0.000607666	0.00638912	0.00431463	0.0238729	0.0260044	0.0857191	0.00261971	0.0147026
48	0.0331278	0.0134544	0.000206529	0.00128076	0.221545	0.0059985	0.00358868	0.121428	0.000922087	0.363361	0.052947	0.00925896	0.000408781	0.00251339	0.00324988	0.018246	0.019673	0.0939335	0.0043931	0.0304647
49	0.0401978	0.0176472	0.000207246	0.000597973	0.231367	0.0117689	0.00302874	0.100492	0.000368552	0.389151	0.0374208	0.00352572	0.000474687	0.00200702	0.00261188	0.0334019	0.0175094	0.0938568	0.00224755	0.0121173
50	0.032536	0.0163639	0.000568475	0.00214196	0.0863316	0.0099988	0.00234683	0.0986091	0.00104462	0.484377	0.0834513	0.00838069	0.00139555	0.00359699	0.0029591	0.0416125	0.0273042	0.0875666	0.00214636	0.00726891
51	0.372842	0.0143343	0.00505462	0.00251395	0.0134839	0.162278	0.0159417	0.0105738	0.00188925	0.00898085	0.0041743	0.00971196	0.0044936	0.00480941	0.00455527	0.322196	0.022498	0.0102815	0.00139135	0.00799642
52	0.0562324	0.0181829	0.000228267	0.000572949	0.207025	0.0130319	0.00233388	0.100863	0.000286678	0.386226	0.0332198	0.00252566	0.000561862	0.00160867	0.00263193	0.0416477	0.0217063	0.103536	0.00154842	0.00603017
53	0.0736145	0.00883219	0.000772943	0.00255938	0.0327525	0.0158702	0.00214448	0.210544	0.000811789	0.106594	0.0298468	0.0192045	0.00279594	0.00112181	0.00342125	0.0258187	0.0643977	0.392979	0.00152378	0.00439411
54	0.0904146	0.0548943	0.00228248	0.0111578	0.110743	0.0231521	0.00563479	0.0433743	0.00760095	0.115438	0.0206366	0.0178031	0.00574856	0.00881469	0.00565934	0.135506	0.101395	0.11895	0.0262348	0.0945603
55	0.233462	0.0259937	0.000693841	0.00181728	0.0480539	0.0968363	0.000476216	0.0838627	0.000285864	0.1763	0.0357925	0.00251187	0.00269485	0.0034753	0.00573223	0.0546883	0.0713556	0.146448	0.00588045	0.00363887
56	0.0830596	0.0788394	0.0209597	0.0339592	0.053512	0.047009	0.00573489	0.0250919	0.0281893	0.0411252	0.0111004	0.11823	0.0260002	0.00856502	0.00498955	0.186302	0.121754	0.0634631	0.0041844	0.0379307
57	0.0479321	0.00421043	0.00994881	0.106811	0.0113024	0.0169246	0.04494	0.0277192	0.0684538	0.03969	0.0293818	0.0181043	0.130063	0.214541	0.0865521	0.0922099	0.0283578	0.0128248	0.00124311	0.0087897
58	0.11348	0.0225799	0.00936251	0.0296081	0.0477157	0.0470306	0.020116	0.0677753	0.0183107	0.131793	0.0456703	0.0381548	0.0112416	0.0696585	0.0166294	0.0586154	0.0808319	0.113514	0.0143032	0.0436081
59	0.0238841	0.0562316	0.00147777	0.0369486	0.160673	0.00775301	0.00321597	0.0903078	0.00213392	0.333532	0.0767679	0.00526012	0.00220695	0.0430733	0.00399553	0.0551893	0.059694	0.0276499	0.00221097	0.00779434
60	0.0188657	0.0229776	0.000414695	0.00120159	0.258891	0.0138096	0.010692	0.0543155	0.00155592	0.112405	0.0296228	0.0287816	0.0069302	0.00135712	0.00101888	0.0317129	0.0323729	0.0586813	0.0105547	0.303839
61	0.026215	0.00988595	0.000187389	0.00209583	0.112847	0.00321839	0.00214023	0.165944	0.000254528	0.42615	0.0745636	0.0107043	0.000392947	0.0018284	0.00448512	0.0126787	0.0282131	0.0987017	0.00287034	0.0166232
62	0.101901	0.00566497	0.0212762	0.0338413	0.0459902	0.0300912	0.0401474	0.0749771	0.0326389	0.0952398	0.0410252	0.040079	0.0176769	0.0896143	0.0294927	0.0387556	0.0952276	0.132402	0.00274518	0.0312136
63	0.0383492	0.00132778	0.000355633	0.00439939	0.00187579	0.853562	0.000875043	0.00682076	0.000622198	0.00337853	0.00168129	0.00753707	0.000776312	0.000740512	0.000777566	0.0473834	0.0206576	0.0032729	0.00435699	0.00124994
64	0.05244	0.0124442	0.00118418	0.00184526	0.0707809	0.0097102	0.00253778	0.191001	0.000538396	0.314669	0.0699708	0.0148428	0.00176589	0.00273686	0.00261029	0.02936	0.0348266	0.175688	0.00244706	0.00860071
65	0.036179	0.00189881	0.0362959	0.109567	0.00714151	0.0542861	0.0717596	0.0162424	0.194747	0.0187048	0.0176393	0.0516959	0.00748487	0.117719	0.124088	0.0714172	0.0413623	0.00624105	0.00053585	0.0149938
66	0.190316	0.0274063	0.0042454	0.00558716	0.0219911	0.0403075	0.00355924	0.0607827	0.0034443	0.069349	0.0178413	0.0063882	0.00666123	0.00612206	0.00496521	0.128022	0.274982	0.117417	0.00369988	0.00691154
67	0.0295167	0.00750421	0.00252924	0.00373384	0.00755609	0.0139115	0.00346282	0.0175838	0.00270524	0.0300963	0.0140159	0.060699	0.00981277	0.00466787	0.00291481	0.542066	0.212979	0.0271687	0.00213174	0.00494447
68	0.332865	0.0224165	0.0017873	0.00423929	0.00792617	0.0611557	0.00425499	0.0209297	0.0010778	0.0158523	0.00783995	0.00457607	0.234466	0.00651066	0.00413123	0.143262	0.0634269	0.0530445	0.00301906	0.00721838
69	0.168512	0.0145772	0.0252372	0.0300921	0.0223113	0.0351136	0.0027746	0.0585225	0.012826	0.0561852	0.00875691	0.00751821	0.0277208	0.0140058	0.00271125	0.194018	0.164055	0.141684	0.00231452	0.011064
70	0.0520564	0.022447	0.000397944	0.000775105	0.286766	0.0102722	0.00490193	0.121171	0.00365528	0.156765	0.0332595	0.00638042	0.000626806	0.00145724	0.0010084	0.0186219	0.0124164	0.131763	0.0159431	0.119315
71	0.431354	0.0265457	0.00124217	0.00257985	0.00585147	0.0900125	0.00154888	0.0256974	0.00105947	0.0203041	0.0100491	0.00511019	0.0128678	0.00468443	0.00486889	0.165224	0.0789469	0.0967832	0.00513586	0.0101345
72	0.417944	0.043227	0.00184296	0.00351278	0.00475284	0.0824924	0.00183822	0.0147082	0.00182814	0.0157307	0.00447701	0.00718859	0.00459912	0.00414241	0.00750442	0.254803	0.0742646	0.0462015	0.00198054	0.00696159
73	0.359522	0.0297942	0.0010194	0.00290348	0.0196782	0.0792497	0.00131218	0.055499	0.00232193	0.0661378	0.0166081	0.00420816	0.00571025	0.00497099	0.012345	0.123424	0.0861482	0.11888	0.00436236	0.00590527
74	0.0949329	0.0081532	0.00134774	0.00193905	0.0957882	0.00580441	0.016989	0.076172	0.00458394	0.228272	0.16178	0.00754686	0.00183614	0.00503986	0.00440329	0.0690076	0.0928707	0.105164	0.00185071	0.0165188
75	0.0568414	0.00521712	0.00865603	0.118848	0.0117059	0.0166338	0.0411258	0.032453	0.0621937	0.0430142	0.0290191	0.0165292	0.143706	0.171379	0.0922781	0.0992203	0.027347	0.0136247	0.00148704	0.0087203
76	0.0403383	0.0126638	0.135606	0.0536027	0.00865384	0.0417373	0.0122762	0.0177784	0.020041	0.0173335	0.0110269	0.234533	0.0429533	0.0209311	0.00320904	0.194349	0.0504135	0.0753177	0.00198978	0.00524507
77	0.164939	0.062466	0.0172714	0.00335219	0.019555	0.0186497	0.00250779	0.0803828	0.00185329	0.142921	0.075199	0.00475205	0.00267932	0.00569108	0.0043995	0.202523	0.0753467	0.108895	0.00228192	0.00433379
78	0.113711	0.048424	0.00134208	0.00199287	0.0115646	0.0260349	0.00270975	0.208171	0.00140329	0.0360634	0.0184165	0.00883747	0.00728772	0.0024776	0.00360222	0.0791732	0.223058	0.200668	0.0018798	0.00318223
79	0.105578	0.00370801	0.00241512	0.00774918	0.0161799	0.00685452	0.0148321	0.0215775	0.00159095	0.0228078	0.00633499	0.00281407	0.713613	0.00945741	0.00230123	0.0283623	0.018406	0.0103813	0.00168798	0.00334849
80	0.259927	0.0213927	0.000937665	0.00193573	0.0324299	0.0788357	0.00122766	0.0684312	0.000697083	0.117466	0.0246298	0.00325705	0.00425433	0.00217553	0.00601146	0.0768879	0.0808803	0.210137	0.00411496	0.004371
81	0.039148	0.0180593	0.000323288	0.00102039	0.238166	0.00988794	0.00558456	0.12609	0.000910479	0.338192	0.038572	0.0053138	0.000583861	0.0021215	0.00269456	0.0252426	0.0183784	0.104417	0.00342009	0.0218736
82	0.248514	0.0518821	0.00189961	0.00486564	0.0176121	0.0547551	0.00248678	0.0840155	0.00510374	0.0480069	0.0126542	0.00769975	0.00516632	0.00608405	0.0233921	0.140787	0.185188	0.0900938	0.00343716	0.00635579
83	0.0608631	0.0173443	0.000412095	0.00136412	0.251509	0.0137438	0.00349509	0.0973251	0.00123326	0.319786	0.0332494	0.00526614	0.00114717	0.0029921	0.0024019	0.0341672	0.0236623	0.101693	0.00382008	0.0245254
84	0.069719	0.0143999	0.000119627	0.0010973	0.0664871	0.0173169	0.0012437	0.225052	0.000109337	0.273534	0.036148	0.00258298	0.00199123	0.000194757	0.000165321	0.0232716	0.0326057	0.231039	0.000961366	0.00196062
85	0.0268412	0.0110718	0.000163355	0.00174149	0.130947	0.00324581	0.002199	0.151416	0.00020267	0.430952	0.0698143	0.00921813	0.000403825	0.00201374	0.00501822	0.0162401	0.0255574	0.0954124	0.00261664	0.0149251
86	0.442728	0.0399207	0.00129538	0.00341026	0.00498575	0.068589	0.000911467	0.019267	0.00172581	0.0161686	0.0062461	0.00653048	0.00626288	0.00480328	0.00705767	0.200921	0.0916602	0.067475	0.00332654	0.00671477
87	0.24653	0.0301239	0.000689827	0.00224226	0.0445317	0.0847329	0.000584674	0.0760926	0.000377082	0.16579	0.0359502	0.00275492	0.00291221	0.00342464	0.00566283	0.0592122	0.0740351	0.145921	0.0116379	0.00679429
88	0.0930936	0.0224005	0.000331763	0.000792582	0.0579968	0.0139144	0.00223427	0.231269	0.00022476	0.206857	0.0312632	0.00324795	0.00432698	0.000481376	0.000589275	0.0445285	0.0577078	0.226242	0.00118797	0.00131027
89	0.044708	0.0187593	0.000210108	0.00140707	0.193389	0.00779417	0.0022141	0.111377	0.000607567	0.372783	0.0497224	0.00686868	0.00036369	0.0029552	0.00300218	0.0345093	0.0222472	0.100142	0.00583757	0.0211025
90	0.0671471	0.00773861	0.239522	0.0854795	0.0548815	0.0103565	0.235429	0.0368682	0.00392275	0.0203382	0.00874746	0.00577572	0.00416688	0.00513255	0.00446028	0.06969	0.0141121	0.0187025	0.0030551	0.104474
91	0.0567624	0.00545135	0.000840448	0.00436213	0.00376956	0.738316	0.00252449	0.0125161	0.0011368	0.00675572	0.00572577	0.0123213	0.00164297	0.00197723	0.00180294	0.0832788	0.044294	0.00989765	0.00430306	0.00232156
92	0.0405306	0.00765228	0.00187595	0.00372808	0.0115706	0.0214703	0.00149482	0.068931	0.187101	0.136528	0.0276365	0.00210338	0.00138249	0.103892	0.17573	0.0236871	0.0291432	0.143207	0.00974568	0.0025897
93	0.289804	0.0236732	0.000763287	0.00153533	0.040644	0.0800354	0.00059595	0.0681362	0.000325851	0.141458	0.0324724	0.00278881	0.00324398	0.00191203	0.00633823	0.0701838	0.0754807	0.15216	0.00475524	0.00369369
94	0.0528234	0.0127031	0.016221	0.046678	0.0252879	0.0354064	0.031332	0.0364378	0.305473	0.0486957	0.0222898	0.0271179	0.0110747	0.0554439	0.0707975	0.0592527	0.0427355	0.0486163	0.00424177	0.047372
95	0.0565032	0.00945782	0.000355519	0.00232945	0.0487001	0.0112542	0.00187568	0.230584	0.000307433	0.201506	0.0517672	0.00678054	0.00273503	0.00053555	0.00224412	0.0172338	0.0281639	0.319014	0.00356256	0.00508997
96	0.0749318	0.014546	0.000172589	0.00106072	0.0642006	0.0292811	0.00120285	0.208747	0.0001364	0.276316	0.0378456	0.00353914	0.00188363	0.000726163	0.000287217	0.0231977	0.0341973	0.225043	0.00102765	0.00165783
97	0.0401193	0.00159741	0.000385025	0.00467778	0.00195566	0.849842	0.000902939	0.00678088	0.000666311	0.0034379	0.00178937	0.00768285	0.00078118	0.000892067	0.000963886	0.0481312	0.0203436	0.0032876	0.00436162	0.00140146
98	0.149819	0.0401406	0.00111239	0.00147974	0.0162939	0.0257428	0.00215081	0.153539	0.00108859	0.052069	0.0129447	0.00721672	0.0062631	0.00192837	0.00336471	0.0868635	0.208948	0.22413	0.0019584	0.00294613
99	0.0713056	0.014922	0.000113126	0.000989292	0.0689435	0.015871	0.00130442	0.224813	0.00010174	0.269176	0.0349379	0.00239273	0.00191381	0.000172111	0.000196821	0.0245928	0.0340433	0.231586	0.000922243	0.00170242
100	0.0671535	0.0165147	0.000121901	0.000902085	0.0709432	0.0144503	0.00129325	0.212701	0.000117084	0.282463	0.0366991	0.00249594	0.00188283	0.000197715	0.000291264	0.0251575	0.0355461	0.228713	0.000924073	0.00143192
101	0.123354	0.17916	0.00262313	0.00552322	0.0132894	0.123734	0.00319747	0.0213034	0.00549222	0.039429	0.00793547	0.0502591	0.00493827	0.00608946	0.00761815	0.262387	0.0533596	0.0722815	0.0028078	0.0152183
102	0.0477491	0.0126123	0.00030714	0.00343102	0.0557011	0.0132905	0.00240338	0.223107	0.000364423	0.161587	0.0374687	0.0031476	0.00355609	0.000414244	0.00314568	0.0133258	0.0212203	0.38878	0.00114089	0.00724715
103	0.25196	0.0309056	0.00102494	0.00158074	0.0509308	0.086442	0.000481248	0.0760748	0.000288415	0.154473	0.0379643	0.00196428	0.00324473	0.00171355	0.0058754	0.0709175	0.0749546	0.140428	0.00521872	0.00355809
104	0.037752	0.00128922	0.000357576	0.00444258	0.00183062	0.856573	0.000694878	0.00653541	0.000587326	0.00332786	0.00161007	0.00751517	0.000776529	0.000737352	0.00070859	0.0463957	0.0200118	0.00324159	0.00437668	0.00123589
105	0.411333	0.0280836	0.000788465	0.0020472	0.0079902	0.0809052	0.000981515	0.0314632	0.000851795	0.02367	0.0116466	0.00456673	0.00817296	0.00406049	0.00435004	0.162047	0.0904271	0.106046	0.00870957	0.0118581
106	0.0566124	0.0114888	0.000507144	0.0011747	0.0606804	0.011073	0.0021065	0.196932	0.000433829	0.253931	0.0596015	0.00440568	0.00185686	0.000625459	0.000614865	0.0381368	0.0532443	0.242614	0.00160457	0.00235573
107	0.0806149	0.0157784	0.000193491	0.000754448	0.0682809	0.0137048	0.00201159	0.222116	0.000117981	0.238554	0.0321883	0.0035177	0.00197349	0.000300316	0.000350043	0.0305826	0.0513115	0.235068	0.00136531	0.00121631
108	0.0919092	0.0137491	0.00255656	0.00266524	0.0571119	0.0134766	0.00667657	0.129457	0.00160751	0.253643	0.17561	0.00719622	0.00280479	0.00295447	0.00283025	0.039534	0.0573287	0.127577	0.00225797	0.00905294
109	0.364836	0.042724	0.00108403	0.00367251	0.00504244	0.0760027	0.000891594	0.0237879	0.00111135	0.0253209	0.00722862	0.00580279	0.00510623	0.00378796	0.0065304	0.211155	0.115849	0.0895113	0.00337476	0.00718032
110	0.0654826	0.0170327	0.000136406	0.000718457	0.110409	0.0149333	0.00159811	0.183784	0.000137799	0.311817	0.0307237	0.00185607	0.00153014	0.000312154	0.000809018	0.0312203	0.030074	0.195232	0.00076681	0.00142714
111	0.00828339	0.0245267	0.000415542	0.00125062	0.217899	0.0163773	0.0151132	0.039839	0.000955381	0.0853259	0.0222539	0.0314315	0.00907775	0.00121121	0.00111649	0.0350205	0.0306161	0.0361008	0.0119552	0.411231
112	0.0360949	0.00211041	0.0353195	0.106121	0.00728006	0.0520732	0.0715624	0.0163753	0.198951	0.0187492	0.0179146	0.0502051	0.00753132	0.118346	0.127589	0.0705843	0.0415548	0.00658659	0.000546615	0.0145038
113	0.0415091	0.00364054	0.00138466	0.00466598	0.00279595	0.797431	0.00168921	0.008386	0.00108925	0.00515923	0.00289998	0.0184588	0.00117196	0.00140358	0.00117477	0.065753	0.0289624	0.00633921	0.00419184	0.00189376
114	0.138936	0.00560824	0.0203363	0.0164748	0.0334977	0.0271666	0.0276109	0.0661438	0.0124527	0.0630952	0.0427772	0.0166321	0.213492	0.0489924	0.0144976	0.0436086	0.12848	0.0651506	0.00200636	0.0130408
115	0.156622	0.00487653	0.0312538	0.0448717	0.0148025	0.0251214	0.00585689	0.0487927	0.0280171	0.0589219	0.0085033	0.00662097	0.0560784	0.0328001	0.00431142	0.156155	0.125865	0.171605	0.001667	0.0172574
116	0.102217	0.00565634	0.0212717	0.0339545	0.0453655	0.0309825	0.0420405	0.0753538	0.0329514	0.0889194	0.0401859	0.0430133	0.018047	0.0916208	0.0306826	0.0392199	0.0948232	0.129773	0.00270289	0.0312188
117	0.0277298	0.0098146	0.000181332	0.0023252	0.107691	0.00400406	0.00201645	0.170099	0.000224616	0.421091	0.0732569	0.0105573	0.000476694	0.0018293	0.00419777	0.0119721	0.0282731	0.104652	0.0030888	0.0165194
118	0.037752	0.00128922	0.000357576	0.00444258	0.00183062	0.856573	0.000694878	0.00653541	0.000587326	0.00332786	0.00161007	0.00751517	0.000776529	0.000737352	0.00070859	0.0463957	0.0200118	0.00324159	0.00437668	0.00123589
119	0.216776	0.0808418	0.0013606	0.00193115	0.0251944	0.0562962	0.00125256	0.119232	0.00107373	0.092584	0.0170674	0.00484915	0.00402615	0.00207871	0.00537885	0.135495	0.081116	0.139798	0.00939985	0.00424807
120	0.0599149	0.0147221	0.000135943	0.00113164	0.0763384	0.0142885	0.0012194	0.209564	0.0001151	0.307162	0.0402694	0.0032123	0.00181567	0.000346262	0.000612165	0.0229919	0.0307183	0.211209	0.00113204	0.00310103
121	0.0378624	0.270211	0.00173326	0.00362313	0.23276	0.00906081	0.00451053	0.0561818	0.00300102	0.0429137	0.0285601	0.00683814	0.00369176	0.00446244	0.00327134	0.0380091	0.0332087	0.0571734	0.00311625	0.159811
122	0.0337365	0.0177459	0.000291174	0.00317399	0.113592	0.00708805	0.00204109	0.122721	0.000514219	0.453923	0.0797378	0.00788411	0.000763608	0.0034861	0.0037656	0.0234519	0.0275134	0.0854185	0.00233379	0.0108184
123	0.0260171	0.0119787	0.000163125	0.0017823	0.12351	0.00295787	0.0020447	0.155983	0.000224003	0.427768	0.0718014	0.00931792	0.00037627	0.00196079	0.00454968	0.0150384	0.0280452	0.0990032	0.00267085	0.0148075
124	0.243618	0.0258047	0.000682618	0.00174055	0.0433911	0.108598	0.000587818	0.0789978	0.000237621	0.156921	0.0358683	0.00224399	0.00304258	0.00230979	0.0059624	0.0597795	0.0763939	0.14249	0.0073801	0.00394961
125	0.265513	0.0102568	0.00384953	0.0058152	0.0136931	0.113445	0.100243	0.0179264	0.00481296	0.0225377	0.0111392	0.188013	0.00514176	0.00561161	0.00570504	0.171856	0.0199032	0.0227425	0.00374523	0.00805018
126	0.112225	0.128667	0.0024781	0.0069005	0.0454523	0.0231058	0.00378359	0.143367	0.00495533	0.0555214	0.0113543	0.0308172	0.0101464	0.00382334	0.00353682	0.187704	0.108534	0.101644	0.00397131	0.012013
127	0.0520715	0.0173683	0.000110411	0.00105863	0.0952744	0.0100439	0.00137654	0.183186	0.000157321	0.341675	0.0458922	0.00395505	0.0012459	0.000880248	0.00168911	0.0245065	0.0333219	0.179977	0.00144622	0.00476428
128	0.15743	0.15776	0.0029324	0.00298503	0.0273851	0.0311079	0.00269528	0.139108	0.00215077	0.0914274	0.0123439	0.00846345	0.00372081	0.00257287	0.00404985	0.198365	0.0579136	0.0878981	0.00488848	0.00480343
129	0.0410704	0.0153291	0.000369548	0.00204424	0.185568	0.00704913	0.00286157	0.122914	0.00112287	0.341492	0.0615706	0.00750995	0.000612317	0.00672384	0.00367863	0.0233601	0.0219365	0.111587	0.0126629	0.0305366
130	0.397206	0.0183949	0.00482338	0.00202479	0.00816786	0.145944	0.00717955	0.00960869	0.0011391	0.00796644	0.00297512	0.00476342	0.00449779	0.00358375	0.00407317	0.323919	0.0303241	0.014181	0.00113356	0.00809417
131	0.238946	0.0387115	0.000832678	0.00133908	0.0368757	0.0770692	0.000614901	0.0990751	0.000402652	0.139575	0.0278316	0.00210371	0.00353553	0.00167222	0.00817397	0.0825559	0.0808011	0.151995	0.00500523	0.0028844
132	0.00599171	0.0180652	0.000593339	0.00116588	0.217744	0.0178725	0.0143947	0.0301548	0.000884166	0.0775737	0.0200479	0.0415723	0.0114095	0.00122121	0.00127442	0.0442836	0.0374326	0.0309149	0.011265	0.416138
133	0.0264922	0.00977459	0.000197066	0.00217281	0.109806	0.00350055	0.00217505	0.170486	0.000237373	0.421566	0.0750888	0.0107528	0.000433504	0.00176862	0.00445174	0.0120548	0.0286072	0.100604	0.00287978	0.0169514
134	0.0827447	0.0146739	0.00156968	0.0028437	0.0170728	0.0147938	0.00351612	0.209141	0.00180651	0.0510868	0.0156746	0.0339815	0.00456369	0.00240712	0.00345021	0.046628	0.119306	0.368347	0.00171014	0.00468331
135	0.0243085	0.0109254	0.000147821	0.00173017	0.138353	0.0026763	0.00217394	0.140682	0.000205312	0.444536	0.0701508	0.00944333	0.000308376	0.00225556	0.00489623	0.0161677	0.0241487	0.0887784	0.00273055	0.0153829
136	0.0540415	0.0169258	0.00787587	0.0348938	0.0296618	0.0241912	0.0195846	0.0430809	0.0342016	0.102193	0.0404173	0.0211458	0.0308662	0.326123	0.0376629	0.0603481	0.0416219	0.0540494	0.00665496	0.01446
137	0.432603	0.0268247	0.000782679	0.00251453	0.0054497	0.0852847	0.000887658	0.0272526	0.000698846	0.0184873	0.00957382	0.00449507	0.00914605	0.00553746	0.00483283	0.165947	0.0822887	0.102369	0.0050494	0.00997472
138	0.0850879	0.00676663	0.00205602	0.0169011	0.0713989	0.0159281	0.0251394	0.0162849	0.0601766	0.0673265	0.0181757	0.0182218	0.184579	0.0547054	0.0618573	0.182411	0.0403377	0.0566728	0.00163226	0.014341
139	0.0635306	0.0138916	0.000160323	0.00114758	0.0653773	0.0139777	0.00144816	0.216257	0.000144407	0.284276	0.0424579	0.00394259	0.00172823	0.000341895	0.000559578	0.02243	0.0393468	0.22425	0.00135599	0.00337686
140	0.0288154	0.0214273	0.00139974	0.00308433	0.0252886	0.0195251	0.0031002	0.0495499	0.00185533	0.535716	0.162294	0.0126443	0.00249223	0.00416369	0.00322291	0.0310237	0.0362215	0.049809	0.00246842	0.00589791
141	0.131976	0.00724939	0.0118737	0.0285729	0.00729633	0.0272183	0.00252544	0.062715	0.232477	0.0754948	0.0333644	0.00324843	0.00218143	0.0195177	0.134386	0.0175865	0.0634668	0.131884	0.00269412	0.00427168
142	0.0361282	0.00193269	0.0357257	0.107539	0.00690745	0.0528957	0.070539	0.0166293	0.198061	0.0191636	0.018248	0.0501479	0.00745475	0.116576	0.127948	0.0706002	0.0415725	0.00684464	0.000518439	0.0145676
143	0.00655181	0.0187251	0.000528601	0.00114487	0.222573	0.0173598	0.014281	0.0323616	0.000814926	0.0798827	0.0204304	0.0397774	0.0110631	0.00113634	0.00106384	0.0419461	0.0357953	0.0324979	0.0109368	0.411129
144	0.0780025	0.00373635	0.00450366	0.074048	0.0116978	0.0104073	0.025187	0.0222142	0.0341658	0.0310308	0.0177023	0.0103015	0.417624	0.097897	0.0488535	0.0726055	0.0201599	0.0118185	0.00144162	0.00660316
145	0.252348	0.0958517	0.00335391	0.0150262	0.0390566	0.046575	0.00335725	0.0246293	0.0238623	0.0330288	0.00769145	0.0483979	0.0108418	0.00709565	0.00873865	0.199418	0.0928477	0.0629325	0.00331137	0.0216357
146	0.0699242	0.00514475	0.00443476	0.0402265	0.0328118	0.0246127	0.0242529	0.0182928	0.0683644	0.0542105	0.0157799	0.0353369	0.228383	0.0890985	0.0705375	0.143578	0.0256451	0.0265118	0.00207014	0.0207843
147	0.0251976	0.01029	0.00019026	0.00205073	0.119724	0.00298942	0.00221608	0.163907	0.000303732	0.42362	0.0743808	0.0108004	0.000354763	0.00184124	0.00454832	0.0125814	0.0278082	0.0954083	0.00306528	0.0187217
148	0.0292746	0.00743595	0.00198921	0.00298411	0.00648141	0.0122055	0.00354532	0.0162999	0.00190669	0.0344232	0.0143964	0.0440639	0.00845238	0.00653439	0.0029216	0.535038	0.239328	0.025899	0.00205853	0.00476225
149	0.0522136	0.0158448	0.000211045	0.00109301	0.0921651	0.0100834	0.0015846	0.179662	0.00019801	0.326822	0.0554398	0.00435771	0.00130678	0.000886196	0.00164382	0.0290719	0.0358663	0.184822	0.0015194	0.0052085
150	0.235803	0.0332291	0.00141635	0.00228165	0.0431985	0.082351	0.000748273	0.0763595	0.000752655	0.107882	0.0249568	0.00275283	0.00472767	0.00242305	0.00514118	0.0927205	0.117111	0.151073	0.00507358	0.00999812
151	0.426844	0.0554128	0.000645108	0.00387208	0.00482484	0.0694254	0.000874414	0.015817	0.00249933	0.0146869	0.00453713	0.00771114	0.00449112	0.00390851	0.00951566	0.216207	0.0897611	0.0604117	0.00227409	0.00628043
152	0.0523159	0.0227253	0.000401199	0.000827819	0.286032	0.0103924	0.00485384	0.121431	0.00363664	0.156408	0.0335135	0.00632054	0.000639802	0.00149412	0.000996579	0.0185636	0.0125724	0.131861	0.0161347	0.11888
153	0.0884659	0.0435641	0.00541972	0.007101	0.0266027	0.0149111	0.0078403	0.0282709	0.00584002	0.077275	0.0776986	0.011462	0.00642953	0.0616557	0.00813066	0.223033	0.217841	0.0733803	0.00357111	0.0115072
154	0.0885003	0.0737586	0.00246585	0.0335886	0.0899818	0.019756	0.00530236	0.0500913	0.0100309	0.134409	0.0165328	0.0449356	0.00765687	0.0116694	0.00515693	0.150238	0.0949483	0.0503245	0.00835119	0.102302
155	0.0746547	0.0167626	0.000371483	0.000676773	0.234265	0.0178548	0.0028789	0.085693	0.000525268	0.339303	0.0297332	0.00262133	0.000807247	0.00196207	0.00192492	0.0454404	0.0295635	0.106125	0.00163	0.00720723
156	0.0442297	0.0366787	0.000809567	0.0134321	0.226217	0.0095471	0.00337702	0.111248	0.00138703	0.278235	0.0802901	0.0047998	0.00150958	0.0131655	0.00297649	0.0608658	0.0415814	0.0584309	0.0022174	0.00900078
157	0.039248	0.00132943	0.000366318	0.00442754	0.00188181	0.853448	0.000836195	0.00652667	0.000577566	0.00330151	0.00159218	0.00767831	0.000788232	0.000735575	0.000777376	0.0477072	0.0199435	0.00324672	0.00435516	0.00123317
158	0.236204	0.0305762	0.000716619	0.00119413	0.0393962	0.0747622	0.00066611	0.0931008	0.000295606	0.122593	0.0298938	0.00205499	0.00542597	0.00132329	0.00526729	0.0800817	0.10143	0.167349	0.00417409	0.00349506
159	0.0739549	0.0148512	0.000122438	0.000915158	0.0679987	0.0154162	0.00144731	0.229427	9.4365e-05	0.25673	0.034029	0.00244161	0.00199332	0.00016976	0.00017297	0.0261394	0.0364955	0.235287	0.000941775	0.0013727
160	0.0233803	0.0620893	0.00154365	0.0419882	0.165995	0.00784977	0.00343288	0.100611	0.00213899	0.29136	0.094501	0.00512727	0.00276002	0.0493683	0.00339555	0.0565654	0.0575811	0.021927	0.00225571	0.00612933
161	0.0692784	0.0117777	0.00109035	0.00290509	0.12651	0.0072385	0.0086757	0.0603278	0.00331495	0.291273	0.0914406	0.00702869	0.00155474	0.00541907	0.00416531	0.0874398	0.100284	0.109838	0.0020917	0.00834749
162	0.253885	0.0272878	0.000631268	0.00145585	0.0442788	0.0892588	0.000423786	0.0789028	0.000246724	0.141996	0.0339551	0.00185242	0.00425356	0.00166859	0.00588064	0.0705505	0.0821703	0.152219	0.00516512	0.00391795
163	0.0923554	0.0141735	0.000436931	0.000792354	0.062049	0.0152642	0.0019666	0.227755	0.000163832	0.222551	0.0340506	0.00376662	0.00199238	0.000318188	0.000375581	0.0318715	0.0428907	0.244568	0.00120459	0.0014539
164	0.0759635	0.0126881	0.000351176	0.000997106	0.067465	0.0125318	0.00248977	0.211709	0.000181126	0.237821	0.034029	0.00709844	0.00193	0.00048923	0.000575695	0.0316328	0.0556753	0.240978	0.00311857	0.00227567
165	0.239242	0.0487363	0.00187426	0.0245925	0.0316219	0.143749	0.0036385	0.0200945	0.0324338	0.030796	0.00553753	0.0066476	0.00355482	0.0625415	0.0824968	0.198036	0.0339483	0.0230567	0.00178511	0.00561641
166	0.242918	0.00684259	0.00126653	0.00214507	0.116696	0.0252998	0.00234858	0.0601281	0.00199016	0.255263	0.00761879	0.00344563	0.0166919	0.00287808	0.0027011	0.0170144	0.0125193	0.188267	0.0019749	0.031992
167	0.0697961	0.00327229	0.0500839	0.0792152	0.0203586	0.0404874	0.0630762	0.0462472	0.0789875	0.051715	0.0294441	0.0486312	0.014064	0.116067	0.0752439	0.0560295	0.0731947	0.0607057	0.0010971	0.0222836
168	0.0723344	0.0145991	0.000119503	0.000915883	0.0685026	0.0158272	0.00136711	0.228853	9.43586e-05	0.260036	0.034311	0.0023873	0.00190635	0.000172021	0.000167555	0.0250563	0.0358984	0.234849	0.00093084	0.00167224
169	0.0642735	0.01722	0.000273414	0.00110172	0.184597	0.0151151	0.00312277	0.161587	0.00180779	0.238289	0.0393175	0.00510104	0.00102882	0.00111267	0.000964011	0.0209913	0.0212919	0.157026	0.00792989	0.05785
170	0.396548	0.0516288	0.000865204	0.0065697	0.0049072	0.0843477	0.00092002	0.0200081	0.00190024	0.017431	0.00462128	0.0113171	0.00454834	0.00398235	0.00906467	0.215407	0.0972963	0.0590149	0.0024091	0.00721282
171	0.0395447	0.00637939	0.000589158	0.00495675	0.050408	0.00945478	0.0031108	0.231216	0.000640714	0.0907014	0.0378584	0.00374666	0.00448991	0.000925049	0.00560718	0.00699521	0.0146956	0.46622	0.00124625	0.0212139
172	0.0881261	0.0194178	0.000234806	0.000725538	0.117374	0.0195879	0.00199049	0.163382	0.000202976	0.291392	0.0277547	0.00174906	0.00152849	0.000465214	0.000962182	0.0358872	0.034783	0.19126	0.000917747	0.00225864
173	0.04753	0.0206677	0.00040957	0.000913417	0.260597	0.0100358	0.00569712	0.122522	0.0033701	0.160935	0.0282806	0.00684494	0.00114765	0.00149389	0.00154507	0.0214951	0.0129184	0.139937	0.0132281	0.140433
174	0.324689	0.0262145	0.00116612	0.00271052	0.0174223	0.0962376	0.00195593	0.0358794	0.00120318	0.0674214	0.0310011	0.0146656	0.00677473	0.00419434	0.00489612	0.147145	0.0750931	0.126063	0.00494648	0.0103196
175	0.0377961	0.00128762	0.000357576	0.00442668	0.00183171	0.85638	0.000694949	0.00657734	0.000587202	0.0033348	0.00160984	0.00750004	0.000777092	0.000738932	0.000723271	0.0464578	0.0200236	0.00328862	0.00437233	0.0012348
176	0.074943	0.0146235	0.000169968	0.000836228	0.0722905	0.016351	0.00155553	0.229986	0.00011113	0.239989	0.0320805	0.00274704	0.00182853	0.000254216	0.000286019	0.0278978	0.0377859	0.24392	0.00101187	0.00133157
177	0.0438802	0.00534332	0.000376024	0.00465177	0.0437768	0.0097117	0.00278544	0.227433	0.000403164	0.0938098	0.0460838	0.00488053	0.00431002	0.00057323	0.00628543	0.00659245	0.0184718	0.470029	0.00125322	0.0093485
178	0.294103	0.0235209	0.000557601	0.00144585	0.0267626	0.0929069	0.000592069	0.0620645	0.000398407	0.0907802	0.0262168	0.00276402	0.00571699	0.00238036	0.00484091	0.111051	0.0874575	0.154172	0.00509024	0.00717813
179	0.0486666	0.00874344	0.00478548	0.00536808	0.00988165	0.0256144	0.0038592	0.0282733	0.00361751	0.0355576	0.0229982	0.0675712	0.0174863	0.00634611	0.0037859	0.512198	0.138324	0.0489148	0.00204677	0.0059611
180	0.422918	0.039139	0.00122545	0.00310489	0.00515405	0.124892	0.00232729	0.0143992	0.00135905	0.0125552	0.00484884	0.00624237	0.00659256	0.00399195	0.00704734	0.21642	0.0690291	0.0486873	0.00236102	0.00770548
181	0.0623284	0.0134727	0.000169843	0.00128308	0.0671989	0.016767	0.00122231	0.218408	0.00014838	0.293595	0.0455992	0.00357532	0.00176613	0.000396379	0.000601821	0.0210248	0.0319848	0.214704	0.00124363	0.00451051
182	0.0877966	0.132544	0.00211752	0.00497493	0.0121927	0.150948	0.00386144	0.0147459	0.00502766	0.0246551	0.00986125	0.0872483	0.00515838	0.00412502	0.00511841	0.222797	0.0309198	0.163288	0.00304672	0.0295725
183	0.363788	0.0285873	0.000862117	0.00225163	0.0117789	0.092985	0.00116057	0.0271935	0.0007769	0.0262487	0.0161408	0.00523104	0.00795687	0.00366475	0.00400418	0.172105	0.0849293	0.116462	0.00986268	0.0240105
184	0.0558773	0.0129541	0.000191252	0.00171166	0.0770278	0.0142025	0.00164006	0.210824	0.000231227	0.305071	0.0546606	0.00542041	0.00144551	0.000737424	0.00166005	0.0184372	0.0329655	0.193069	0.00198087	0.00989264
185	0.0214854	0.018381	0.00226951	0.00447941	0.0213681	0.0426651	0.0217639	0.0824876	0.00328526	0.125801	0.167735	0.131526	0.00365855	0.11367	0.00414925	0.102314	0.0154002	0.0773752	0.00281829	0.0373672
186	0.297727	0.0294334	0.00216714	0.00350218	0.0102157	0.0684719	0.00204112	0.0619925	0.00109793	0.0397991	0.00988112	0.00397635	0.00567428	0.00342997	0.00508984	0.160123	0.189581	0.0957861	0.00338965	0.00662029
187	0.0242341	0.0112147	0.00257787	0.00479606	0.0341529	0.0124986	0.0063349	0.019072	0.00347517	0.0704601	0.050822	0.0117395	0.00620223	0.00544017	0.0422699	0.0558775	0.0206629	0.0227726	0.453782	0.141615
188	0.350181	0.110216	0.000733886	0.00349588	0.00624924	0.0716712	0.00104667	0.022956	0.002348	0.0188591	0.00526956	0.0089575	0.00461614	0.0038136	0.00700639	0.209752	0.0858828	0.0776086	0.0029195	0.00641779
189	0.0471651	0.00732609	0.000505756	0.00310747	0.0413041	0.0100881	0.00257741	0.226681	0.000429174	0.165363	0.0582839	0.0196904	0.00332457	0.000770329	0.00347918	0.0150129	0.0254247	0.361267	0.00212927	0.00607029
190	0.036179	0.00189881	0.0362959	0.109567	0.00714151	0.0542861	0.0717596	0.0162424	0.194747	0.0187048	0.0176393	0.0516959	0.00748487	0.117719	0.124088	0.0714172	0.0413623	0.00624105	0.00053585	0.0149938
191	0.0430256	0.00780542	0.00204215	0.00446913	0.0107755	0.0211369	0.00157588	0.0676082	0.197187	0.129467	0.0276032	0.00216405	0.00121647	0.101479	0.177227	0.024344	0.0304983	0.138852	0.00891014	0.00261345
