293	20
1	0.0244815	0.00102374	0.000753317	0.00494392	0.324634	0.00124502	0.0108242	0.0436072	0.00464567	0.411505	0.0638929	0.00402167	0.000501086	0.00102133	0.00142262	0.00566097	0.00562889	0.0425069	0.00779565	0.0398848
2	0.013772	0.00059939	0.000411346	0.00646817	0.0232107	0.000585572	0.00701319	0.249881	0.00136925	0.337042	0.0322867	0.00605464	0.000379132	0.00896849	0.0133906	0.000907541	0.0347156	0.247842	0.000331968	0.0147708
3	0.0430286	0.001661	0.00359391	0.0198873	0.00897096	0.0231667	0.0164819	0.0314735	0.0391291	0.0439789	0.015297	0.029951	0.00110981	0.0523533	0.161416	0.150241	0.305673	0.0294825	0.00315464	0.0199496
4	0.0218717	0.00414843	0.00246782	0.000441015	0.000234278	0.934209	0.00785257	0.000447308	0.000370594	0.00580442	0.000362843	0.00499046	0.000199177	0.000337269	0.00165253	0.00689251	0.0011949	0.000632739	0.00118302	0.00470779
5	0.0914077	0.00134818	0.00915461	0.0314146	0.00152312	0.0536292	0.0399387	0.00331889	0.19548	0.0250714	0.00961073	0.078246	0.0010146	0.133204	0.247357	0.0281354	0.020212	0.0201844	0.000774642	0.00897443
6	0.157522	0.00426709	0.000450618	0.00707479	0.000920374	0.688849	0.000527687	0.000936985	0.000491594	0.00113556	0.00097471	0.00990156	0.00558327	0.000685258	0.000700996	0.110722	0.00685253	0.001511	0.000402141	0.00049036
7	0.0142451	0.00944634	0.00114832	0.0266121	0.00129021	0.0280487	0.0528961	0.00532193	0.0388109	0.0276955	0.0100558	0.105469	0.000682428	0.0846916	0.370941	0.0527567	0.147931	0.0196752	0.000607605	0.00167392
8	0.0155064	0.0103197	0.00106481	0.00133489	0.248762	0.0010615	0.0117309	0.00172624	0.00089758	0.0102222	0.00133939	0.00541143	0.000715738	0.00535222	0.00128593	0.00205444	0.00221463	0.00241926	0.0247107	0.65187
9	0.0909043	0.0016084	0.000680891	0.00283324	0.0221392	0.0405825	0.00187678	0.207339	0.000774462	0.150272	0.0371108	0.00100719	0.000552653	0.00252422	0.0011973	0.00936004	0.074986	0.348517	0.000391597	0.00534348
10	0.0779555	0.00118091	0.650259	0.0242715	0.00144516	0.0424853	0.00350182	0.00222689	0.00103903	0.00240039	0.00168217	0.0352844	0.0255098	0.00168678	0.0036628	0.100324	0.0151394	0.0030456	0.000449358	0.00645059
11	0.0328827	0.00493519	0.695327	0.0433947	0.00574197	0.0178489	0.0066997	0.00363977	0.00330914	0.00404624	0.00467535	0.104025	0.0118831	0.00487271	0.00641678	0.0243483	0.0105415	0.0116816	0.000369047	0.00336167
12	0.0160528	0.00235346	0.000212333	0.000595438	0.0288841	0.000297938	0.00396878	0.412557	0.00150008	0.205504	0.0436307	0.000514369	0.000401239	0.0032897	0.00107907	0.000525276	0.00291175	0.265193	0.00223531	0.00829394
13	0.303791	0.0471974	0.0242738	0.012348	0.0598542	0.0829348	0.0781525	0.00410412	0.0118224	0.0144852	0.00294689	0.0022205	0.00137584	0.00268022	0.0233181	0.0428025	0.0438535	0.191429	0.0199749	0.0304357
14	0.0131123	0.00195149	0.000755944	0.00128173	0.1176	0.000837708	0.00666151	0.344702	0.00157516	0.165139	0.0671449	0.000936922	0.000777507	0.00241735	0.00112085	0.00167118	0.00295082	0.261922	0.00170775	0.00573403
15	0.0347988	0.00435639	0.000496805	0.00196697	0.00719638	0.000859253	0.00181607	0.110068	0.00156008	0.0983788	0.0124092	0.00172033	0.000335848	0.000916466	0.00426817	0.00234832	0.00828003	0.698076	0.00123725	0.00891144
16	0.017777	0.00066098	0.000757385	0.00121007	0.00108316	0.00444534	0.00889654	0.00627897	0.00664846	0.00234998	0.00123018	0.00128551	0.000564906	0.00410906	0.911999	0.00910542	0.0139649	0.00210689	0.000309071	0.00521761
17	0.229015	0.0121464	0.0110156	0.00369751	0.00214696	0.00571283	0.00634854	0.00384591	0.00190336	0.00513058	0.00300762	0.0158273	0.00143037	0.00284999	0.00272503	0.661244	0.0222216	0.00662927	0.000800563	0.00230128
18	0.0347709	0.00103097	0.0271471	0.029139	0.00255816	0.0104733	0.000821456	0.00152272	0.0214248	0.0067733	0.00122797	0.0214269	0.703569	0.0242952	0.0118802	0.0315495	0.0569304	0.0116849	0.000335486	0.00143841
19	0.0151003	0.00149457	0.00164392	0.0203316	0.0860062	0.00239709	0.186854	0.0575448	0.0112404	0.0306446	0.040264	0.00748305	0.00114648	0.0108515	0.0115478	0.00351781	0.00433575	0.152184	0.000672856	0.35474
20	0.420063	0.0069036	0.00147065	0.00348111	0.00663159	0.031396	0.0131477	0.0112825	0.00136181	0.00956508	0.00492375	0.00236642	0.333384	0.0108622	0.00166061	0.0468765	0.0279731	0.0581247	0.000642074	0.00788313
21	0.215218	0.0066973	0.00702226	0.00902764	0.0451208	0.01425	0.204534	0.0151897	0.050725	0.0167883	0.00979168	0.00951641	0.00448036	0.0139283	0.231893	0.052035	0.0218988	0.0189942	0.0405142	0.0123753
22	0.622671	0.000899318	0.000985156	0.00146181	0.00119751	0.327364	0.00146085	0.00211489	0.00108786	0.00242372	0.00143922	0.00163455	0.000702073	0.00129545	0.00132395	0.0213256	0.00513569	0.00386498	0.000444586	0.00116712
23	0.0296633	0.000604902	0.0165655	0.0185657	0.00102053	0.0119984	0.0147584	0.0648208	0.196633	0.0172401	0.00879131	0.0125973	0.000444012	0.0232593	0.495959	0.00574172	0.0359628	0.0442414	0.000261135	0.000871702
24	0.0137671	0.0019864	0.000261612	0.000719989	0.0274012	0.000380813	0.00350852	0.456189	0.00125591	0.185195	0.0373069	0.000404851	0.00205533	0.0025275	0.000648466	0.00121788	0.00274969	0.252205	0.0019538	0.00826516
25	0.152138	0.00124489	0.0092015	0.0272379	0.0100036	0.00209406	0.0770998	0.0264734	0.00175851	0.207457	0.234733	0.0102117	0.00106743	0.026847	0.0266935	0.0253584	0.0204551	0.137593	0.000546582	0.00178539
26	0.0927055	0.000609766	0.1294	0.0809242	0.000829917	0.0137356	0.00246832	0.00155329	0.0718832	0.0101252	0.00237591	0.0327344	0.4218	0.0195106	0.0508258	0.046995	0.0175464	0.00287323	0.000366258	0.000736959
27	0.0155126	0.000710612	0.0457186	0.0157049	0.000975804	0.67574	0.0059769	0.00174653	0.0943045	0.00224308	0.00143166	0.0557844	0.00530005	0.0265906	0.0342609	0.0117093	0.00246737	0.00251672	0.00037259	0.000933365
28	0.0865289	0.00367205	0.00247083	0.0242418	0.0166808	0.0757808	0.00537916	0.192959	0.00533906	0.134707	0.027249	0.0056123	0.00254621	0.00675279	0.00402783	0.0121752	0.0448351	0.339417	0.00170717	0.00791839
29	0.110942	0.00963435	0.00145478	0.0356627	0.0343697	0.00214329	0.0890132	0.0993929	0.0273521	0.103848	0.00270405	0.00189719	0.000862573	0.019219	0.0687479	0.00415015	0.0369031	0.331387	0.000761374	0.0195549
30	0.261419	0.0152798	0.074475	0.0312718	0.00299053	0.167566	0.00358486	0.0053783	0.0581879	0.169118	0.0185256	0.0314304	0.00160971	0.0171996	0.0614797	0.0197435	0.0353573	0.0215454	0.00122774	0.00260982
31	0.0338129	0.00520467	0.000271172	0.00184043	0.00627723	0.00052477	0.00172889	0.12339	0.00159481	0.037753	0.0115134	0.00165537	0.00021205	0.00044259	0.00145871	0.00240951	0.0108777	0.752074	0.00142614	0.00553243
32	0.028787	0.00497822	0.000751542	0.00141418	0.175049	0.00512046	0.00315688	0.131423	0.000925722	0.33084	0.0312227	0.00175054	0.000501324	0.00129149	0.00674582	0.00281948	0.0152015	0.114141	0.0310202	0.112861
33	0.00907577	0.000796699	0.0316706	0.00540263	0.00106597	0.0167407	0.00181153	0.0109969	0.00100136	0.0237382	0.00201671	0.0058526	0.00075518	0.00184631	0.0019789	0.0483529	0.811941	0.0179375	0.000462592	0.00655569
34	0.0346777	0.000967047	0.00148597	0.0918061	0.00669955	0.00158248	0.0218334	0.048964	0.277164	0.00249741	0.00163631	0.0172197	0.000706887	0.00517351	0.275322	0.00567593	0.144709	0.0550674	0.000440804	0.00637149
35	0.272039	0.0100943	0.00120909	0.00174249	0.00690734	0.00534053	0.0023206	0.071714	0.00116558	0.086777	0.0129602	0.0068777	0.000748269	0.00286743	0.00139384	0.00320105	0.0538942	0.455845	0.000444533	0.00245744
36	0.0477049	0.035611	0.0018477	0.00292184	0.0268243	0.00916955	0.0451236	0.0301032	0.0670005	0.0679926	0.00625867	0.0770407	0.00121528	0.0122925	0.453329	0.00875951	0.0525666	0.0502175	0.000732524	0.00328883
37	0.0172551	0.0109151	0.00172805	0.00175779	0.24978	0.00114884	0.0194589	0.00162196	0.000898282	0.0111301	0.001299	0.00513258	0.00134305	0.00600931	0.00118781	0.00307618	0.00259945	0.00231447	0.0277883	0.633556
38	0.158591	0.00188713	0.00206202	0.0152291	0.0142975	0.0157622	0.00318235	0.0295369	0.00224181	0.0515409	0.0275475	0.0144174	0.00156097	0.112864	0.00278204	0.00450738	0.0203784	0.488883	0.000824605	0.0319046
39	0.0196559	0.00468801	0.0028762	0.000362919	0.000268691	0.931121	0.00961165	0.000524043	0.000243069	0.00702351	0.000375991	0.00594461	0.000154509	0.000348626	0.00143573	0.00621192	0.00118376	0.000749571	0.00144247	0.00577799
40	0.0305592	0.00170788	0.111679	0.584666	0.00226033	0.00281441	0.0138943	0.00555315	0.00508148	0.004739	0.00325511	0.00443698	0.00129095	0.189154	0.00889214	0.0102227	0.00886403	0.00735975	0.000819606	0.00275046
41	0.249466	0.0111587	0.0030417	0.00978464	0.00458305	0.0521971	0.0193485	0.0393184	0.00205813	0.0320389	0.00596031	0.00226694	0.445002	0.0284515	0.00156418	0.037026	0.0245288	0.0247715	0.00163936	0.00579417
42	0.0121075	0.00108446	0.000351828	0.00187319	0.0191632	0.000376234	0.00131515	0.33318	0.000562347	0.132576	0.0152237	0.000356278	0.000983876	0.00195544	0.00155013	0.000990254	0.00557025	0.464119	0.000642148	0.00601867
43	0.325647	0.0172617	0.000776097	0.00118972	0.00739455	0.00859646	0.00149437	0.0873445	0.00163725	0.0987717	0.0118426	0.0036192	0.000722533	0.0013423	0.00148361	0.00500155	0.0387569	0.384774	0.000308546	0.00203549
44	0.283135	0.0667717	0.00188369	0.00261362	0.0451137	0.00252234	0.0025412	0.0696666	0.00218294	0.133259	0.211735	0.00288731	0.00153499	0.00284791	0.00272869	0.00463432	0.00522253	0.133939	0.000832459	0.0239481
45	0.0332553	0.00536389	0.000232156	0.00182623	0.00601328	0.000504731	0.00175357	0.120277	0.00162045	0.0388609	0.0119377	0.00166166	0.000198712	0.000376149	0.00139054	0.00208168	0.0102926	0.755273	0.00145342	0.0056267
46	0.0134428	0.00116516	0.000301368	0.00166164	0.0210197	0.000336027	0.00131523	0.326086	0.000574126	0.139693	0.0181922	0.000359283	0.000442287	0.00176932	0.0011846	0.000685011	0.00466893	0.460739	0.000747371	0.00561721
47	0.5855	0.0148297	0.00248244	0.00352292	0.0014424	0.175549	0.00258171	0.00974254	0.00242994	0.0102439	0.00423478	0.00372462	0.00689129	0.00583805	0.00255512	0.0719187	0.0450317	0.0495196	0.000513565	0.00144808
48	0.0301196	0.0010283	0.239833	0.322429	0.00197249	0.00991545	0.00968307	0.00300388	0.0566707	0.00310529	0.0022932	0.031555	0.00917003	0.0511248	0.084142	0.0225525	0.0943198	0.0251076	0.000515234	0.00145911
49	0.00513535	0.0141395	0.158959	0.0180991	0.00189109	0.00208306	0.00185516	0.00296804	0.00139577	0.00861418	0.00247285	0.118321	0.000946285	0.00212037	0.00710261	0.450659	0.19701	0.00392851	0.000513548	0.00178491
50	0.104532	0.00111303	0.00862531	0.0561149	0.00870117	0.00201573	0.00192009	0.0303172	0.0923006	0.0295844	0.00188398	0.00167427	0.156426	0.0370583	0.314269	0.0107611	0.0279829	0.105424	0.00053875	0.00875864
51	0.160571	0.0102532	0.0209689	0.121672	0.0121049	0.00296004	0.0221557	0.122024	0.0514541	0.117317	0.0225713	0.0161101	0.000439211	0.0545248	0.079093	0.0284314	0.0618484	0.0904937	0.000295357	0.0047118
52	0.619023	0.0337463	0.00074583	0.00126804	0.00227384	0.0317972	0.00126947	0.0539803	0.00646483	0.110762	0.00598841	0.00182035	0.00137511	0.00184228	0.00366173	0.0174099	0.0193212	0.0855234	0.000296661	0.00143004
53	0.0955947	0.000912015	0.0266057	0.433236	0.00507203	0.0228567	0.0226373	0.0101093	0.0726153	0.00700837	0.0120391	0.00223836	0.000483631	0.0702556	0.100428	0.0243286	0.0458479	0.0344372	0.000666853	0.0126278
54	0.0677457	0.00114151	0.658987	0.0507567	0.004947	0.0207337	0.0110408	0.00381546	0.00826436	0.00400586	0.00354013	0.049219	0.0117623	0.00521618	0.0149928	0.0621664	0.0115487	0.00546102	0.000454041	0.00420111
55	0.185409	0.00638529	0.00609788	0.00979803	0.00638497	0.268744	0.0381686	0.0996282	0.0375564	0.210239	0.00873758	0.00890123	0.00440638	0.00835879	0.00960386	0.0127786	0.0157449	0.0536802	0.00262861	0.00674861
56	0.606978	0.0387748	0.000652742	0.00088335	0.000762601	0.0246161	0.00112384	0.0566023	0.00806467	0.134392	0.00483757	0.000951316	0.000490419	0.00116814	0.00458432	0.0118962	0.015664	0.0865152	0.000300532	0.000742394
57	0.113351	0.000587882	0.240952	0.48268	0.000938185	0.0294184	0.00950369	0.00584489	0.00180853	0.0185959	0.00113705	0.0135478	0.00465123	0.0239927	0.00722793	0.00699531	0.0199593	0.0130165	0.00033642	0.00545613
58	0.189651	0.00123559	0.0114988	0.0454731	0.00904925	0.00270288	0.0020644	0.00713387	0.0473356	0.42314	0.0505518	0.0193625	0.000907738	0.0237902	0.088251	0.0270161	0.0170222	0.0129702	0.000491068	0.0203523
59	0.0263601	0.00399359	0.000255502	0.00184481	0.00832256	0.000427384	0.00130985	0.165651	0.00118935	0.0605469	0.0110709	0.00120676	0.000175828	0.000636891	0.00157651	0.00156543	0.00805653	0.699637	0.00104245	0.00513045
60	0.0627553	0.000360597	0.142993	0.647864	0.000520713	0.00185778	0.00609111	0.00552962	0.0150044	0.00191173	0.000675134	0.00786844	0.0004355	0.0251576	0.0301075	0.0203092	0.0171744	0.0102808	0.000174905	0.00292811
61	0.0396968	0.0012101	0.0847224	0.214391	0.0015588	0.00179438	0.00185574	0.0173453	0.00155212	0.0176565	0.0315674	0.00176184	0.370374	0.0461356	0.0161329	0.021941	0.0344589	0.0937718	0.000681874	0.00139242
62	0.0491211	0.0014175	0.00654866	0.0472362	0.00510705	0.00402094	0.00456159	0.0516251	0.0542258	0.481254	0.0578844	0.00872851	0.00116478	0.0247833	0.134428	0.0119456	0.0308063	0.0189349	0.000846195	0.00536011
63	0.0606225	0.000447541	0.116481	0.0695158	0.000680158	0.00939816	0.000836188	0.00130577	0.047749	0.00961539	0.000918473	0.0236665	0.544093	0.0225012	0.0239024	0.0364985	0.026159	0.00472828	0.000235869	0.000644605
64	0.473153	0.00331501	0.000974985	0.00144906	0.00744943	0.0170246	0.0119578	0.00243354	0.00119937	0.00290243	0.00786348	0.00166413	0.250565	0.00406466	0.00168632	0.0421167	0.0246141	0.13071	0.000830025	0.0140257
65	0.0336788	0.00521079	0.000221367	0.00194387	0.00562554	0.000518771	0.00179393	0.118494	0.0017119	0.0393802	0.012312	0.00178094	0.000210761	0.000406942	0.00138897	0.00205808	0.0101786	0.755926	0.00152588	0.00563265
66	0.2028	0.0402722	0.00196663	0.00320736	0.0270924	0.00319316	0.0403142	0.0176416	0.00258222	0.0516441	0.0851531	0.16819	0.00148457	0.0279544	0.00332282	0.20945	0.0386731	0.0713443	0.000969417	0.00274366
67	0.0919302	0.011051	0.00351226	0.00409053	0.0320616	0.00878267	0.00258156	0.0117014	0.00291099	0.0149496	0.00801522	0.00453753	0.599516	0.0262935	0.00274585	0.0780461	0.0728488	0.00703086	0.00108053	0.0163134
68	0.0170157	0.00124751	0.0010478	0.00153149	0.0103417	0.00152265	0.00156673	0.257431	0.0224061	0.317949	0.269366	0.00151244	0.00109734	0.00571108	0.0244645	0.00628055	0.00710801	0.0504571	0.000516013	0.00142727
69	0.00687299	0.00107703	0.00943361	0.9182	0.00137275	0.00226108	0.00294158	0.00262199	0.00157032	0.00299724	0.00194668	0.00190079	0.00095605	0.0249132	0.0020153	0.00965028	0.00402097	0.00346818	0.000437859	0.00134183
70	0.0446247	0.0345004	0.00269644	0.00426181	0.00335275	0.118012	0.00359932	0.00733161	0.00300462	0.00864875	0.00425567	0.00426117	0.387288	0.00568091	0.00383749	0.0241728	0.29681	0.0384886	0.00122444	0.00394789
71	0.0302021	0.0764786	0.00712265	0.00922812	0.0906931	0.0766891	0.0478496	0.0171988	0.137606	0.0223145	0.00990107	0.0767138	0.00402258	0.0114429	0.204573	0.050591	0.0213893	0.0207794	0.00429596	0.0809089
72	0.241383	0.0291902	0.00735643	0.0116564	0.000790615	0.330621	0.0035269	0.0211736	0.000666915	0.0214362	0.00445906	0.0122437	0.0128572	0.0182582	0.0036301	0.156412	0.05328	0.070043	0.000321291	0.000694448
73	0.197767	0.0604824	0.000480325	0.000725277	0.0421111	0.0262175	0.000711083	0.135492	0.000496672	0.0836582	0.0241422	0.00327206	0.00915842	0.00391447	0.000713155	0.0340243	0.0442569	0.311379	0.00032312	0.0206735
74	0.0152701	0.000722002	0.000412581	0.00596608	0.0240552	0.000717689	0.00818529	0.246365	0.00168801	0.334139	0.0327802	0.00670445	0.00033336	0.0104005	0.015283	0.00084894	0.0351801	0.244424	0.000252237	0.0162719
75	0.729198	0.0437116	0.000525778	0.000916584	0.00219866	0.0263521	0.000881378	0.00411117	0.000697501	0.0106416	0.00276918	0.000642533	0.00189389	0.000800156	0.000892302	0.0497217	0.0520995	0.0709506	0.000334456	0.000661921
76	0.0380509	0.00242345	0.28241	0.115734	0.0386279	0.00530992	0.0869131	0.0280946	0.00392513	0.0464324	0.00768645	0.149498	0.017594	0.0467882	0.0227839	0.0217807	0.038559	0.015275	0.00120315	0.0309091
77	0.0530595	0.0181181	0.00149117	0.00788207	0.00929931	0.0028922	0.015735	0.235938	0.00159729	0.0347158	0.0175241	0.00786454	0.00120683	0.0264343	0.0200111	0.0302927	0.148203	0.364233	0.000903289	0.0025993
78	0.020813	0.0041678	0.00242595	0.000360488	0.000263999	0.936276	0.00794312	0.00046062	0.000208543	0.0058671	0.000387819	0.00487079	0.000290978	0.000325592	0.00152164	0.00602174	0.00115692	0.000644783	0.00121316	0.00478037
79	0.0202258	0.00422769	0.00247537	0.000355294	0.000244113	0.936556	0.00814454	0.000454837	0.00021016	0.00600699	0.000354396	0.0050118	0.000149383	0.00030762	0.00150131	0.00590081	0.00114739	0.000609267	0.00121476	0.00490283
80	0.158788	0.00452869	0.000563599	0.00710235	0.000897525	0.685534	0.000551267	0.00111495	0.000496279	0.00126537	0.000976389	0.00994149	0.00568082	0.000815616	0.000725621	0.110974	0.00728054	0.00188041	0.000397401	0.000486134
81	0.0231852	0.00908407	0.00470352	0.00582578	0.481608	0.00624893	0.0109956	0.0102083	0.00558894	0.022427	0.00915761	0.00863464	0.00289249	0.00987753	0.00682448	0.0116483	0.0105105	0.0138392	0.0146251	0.332115
82	0.0201964	0.00415837	0.00254447	0.000398946	0.000238423	0.936478	0.00803425	0.00044889	0.000429097	0.00593599	0.000361425	0.00502295	0.000148213	0.000360233	0.00155347	0.00589543	0.00114382	0.000608649	0.00120476	0.00483811
83	0.180342	0.00742889	0.00556408	0.0263082	0.0221337	0.095871	0.00862663	0.0959095	0.00204256	0.0802624	0.0698978	0.0490665	0.0291913	0.0442406	0.00479443	0.101268	0.0720956	0.0843151	0.00434651	0.0162948
84	0.0187846	0.00269158	0.00316586	0.00603418	0.00699467	0.00511508	0.0244908	0.00769947	0.687832	0.0321757	0.00499925	0.00760158	0.00266458	0.00510994	0.149792	0.00720045	0.0131279	0.00928157	0.00129463	0.00394469
85	0.162045	0.00938661	0.00118988	0.00934622	0.0396132	0.0861038	0.00445788	0.150857	0.0014329	0.117237	0.0762305	0.0474745	0.0113841	0.0234729	0.00180535	0.0832187	0.0550615	0.0933115	0.00057884	0.0257926
86	0.613333	0.0376094	0.000650761	0.000888933	0.000759114	0.0252042	0.00110644	0.0567948	0.00763262	0.130605	0.00489736	0.000910595	0.000494579	0.00114901	0.00430856	0.0118447	0.0155243	0.0853024	0.000287706	0.000697025
87	0.241359	0.0113025	0.0104134	0.00320273	0.00215167	0.00464567	0.00463631	0.00349928	0.00178728	0.00448511	0.00277875	0.0132707	0.00136865	0.00281218	0.00255479	0.657271	0.0237882	0.00577423	0.000700605	0.00219791
88	0.0233785	0.00269111	0.00463826	0.00492526	0.00327323	0.0219928	0.0159139	0.103563	0.0648869	0.16649	0.0850167	0.016509	0.00923804	0.0243946	0.315962	0.0197723	0.0143445	0.0326573	0.013305	0.0570472
89	0.0423095	0.00120334	0.0203969	0.0243508	0.00973325	0.00192774	0.0370436	0.041538	0.196914	0.141532	0.0100046	0.00169254	0.000910536	0.124507	0.200262	0.00340385	0.0333022	0.099268	0.000688988	0.0090109
90	0.0402603	0.010386	0.00151845	0.00275787	0.0158069	0.00221297	0.00206395	0.0971725	0.00207482	0.47883	0.0332653	0.00302039	0.00126405	0.0034425	0.00310395	0.0231818	0.148781	0.091544	0.000553694	0.0387591
91	0.0375171	0.0012105	0.0265403	0.0283956	0.00296374	0.0109946	0.000942447	0.00206029	0.0205405	0.00758477	0.00143751	0.0210592	0.701485	0.0241482	0.0110718	0.0316366	0.0569608	0.0114554	0.000356331	0.00163876
92	0.0307147	0.00545301	0.000248543	0.00176924	0.00745894	0.000482501	0.00154451	0.138874	0.00139367	0.047519	0.0110447	0.0014416	0.000206962	0.000450567	0.00137221	0.00188181	0.00938191	0.732065	0.00130023	0.00539733
93	0.0413925	0.0170935	0.00197385	0.00464247	0.0202411	0.00697015	0.0327408	0.0184703	0.240833	0.0537257	0.00590322	0.0420393	0.000969846	0.00820873	0.432502	0.00699171	0.0359296	0.0261194	0.00081011	0.00244303
94	0.0168697	0.010633	0.00158822	0.00181075	0.250653	0.00172858	0.0153679	0.00188984	0.00090823	0.0118215	0.00162133	0.00550029	0.0014154	0.00594879	0.00141176	0.00294358	0.00266335	0.00270388	0.0336717	0.628849
95	0.0513001	0.0145249	0.00118585	0.0090934	0.00979531	0.00272774	0.0107824	0.249738	0.00143767	0.0357845	0.0205109	0.00867292	0.00130317	0.0262867	0.0240541	0.0218594	0.142459	0.365574	0.000610484	0.00229932
96	0.251191	0.0444805	0.0196406	0.13581	0.00201838	0.226613	0.00501447	0.0120446	0.00175771	0.0148912	0.004533	0.0305479	0.0314165	0.022809	0.00597973	0.128008	0.0340147	0.0263678	0.000884118	0.00197888
97	0.0108452	0.00261528	0.0815308	0.232741	0.00373295	0.0216286	0.0210367	0.0075268	0.00344083	0.0425095	0.00491733	0.00431192	0.0194939	0.0044874	0.00473434	0.185308	0.319703	0.00872813	0.00115652	0.019552
98	0.0178001	0.000665103	0.000718806	0.00120135	0.00108235	0.00443675	0.00888655	0.00626811	0.00642163	0.00231112	0.00121898	0.00126522	0.00056489	0.00409036	0.912405	0.00910008	0.0139404	0.00208931	0.000309071	0.0052251
99	0.0461169	0.00215837	0.00599292	0.00945032	0.0205832	0.0572921	0.0173206	0.0406193	0.032884	0.0461478	0.0333994	0.027887	0.000759812	0.0182872	0.107075	0.164813	0.306068	0.0286264	0.00666351	0.0278547
100	0.0857569	0.000585017	0.227231	0.537523	0.00112601	0.0234337	0.00771141	0.00485315	0.00399232	0.0137086	0.00126486	0.0127565	0.00342027	0.0227541	0.00890561	0.0106293	0.0194968	0.0101453	0.000308032	0.00439796
101	0.0928798	0.0189449	0.0283666	0.110405	0.00345614	0.0631699	0.226366	0.0216267	0.00381369	0.00649396	0.0183912	0.0302696	0.00197702	0.0193647	0.00416212	0.284638	0.052191	0.00914055	0.00122376	0.00311989
102	0.0247669	0.00168393	0.000671788	0.00416491	0.301775	0.00184807	0.012002	0.048343	0.00367271	0.395431	0.0803301	0.00604472	0.00059688	0.00136357	0.00180995	0.00527654	0.00742331	0.0524288	0.00683728	0.0435292
103	0.0468423	0.00931876	0.00102303	0.00140922	0.0203206	0.00529356	0.0131146	0.124263	0.0179591	0.192068	0.153595	0.0143563	0.00251092	0.0367018	0.0102196	0.0272273	0.0944008	0.220517	0.0036546	0.00520439
104	0.222456	0.0221256	0.00145325	0.00262187	0.00665883	0.0934469	0.00379584	0.0160385	0.0016689	0.013922	0.0166353	0.041635	0.00197769	0.00694386	0.00236082	0.25074	0.236615	0.0269461	0.00940209	0.0225569
105	0.23103	0.00122423	0.0705486	0.100891	0.00164198	0.030332	0.0100145	0.0030044	0.178484	0.0048486	0.0104998	0.0449211	0.0260103	0.0255733	0.172899	0.0779576	0.00379742	0.00415214	0.000721582	0.00144847
106	0.0173701	0.000471901	0.555676	0.182101	0.00228868	0.0147784	0.00671576	0.00217805	0.0228413	0.00151202	0.00432626	0.0339272	0.000536813	0.0409444	0.0237329	0.0529987	0.0319617	0.00197775	0.000206554	0.0034543
107	0.0196559	0.00468801	0.0028762	0.000362919	0.000268691	0.931121	0.00961165	0.000524043	0.000243069	0.00702351	0.000375991	0.00594461	0.000154509	0.000348626	0.00143573	0.00621192	0.00118376	0.000749571	0.00144247	0.00577799
108	0.0340567	0.000894905	0.00133148	0.074023	0.00486863	0.00153057	0.0271571	0.0429577	0.254291	0.00227971	0.00153115	0.0242969	0.000728641	0.006483	0.298895	0.0072266	0.171259	0.0414635	0.000281499	0.00444351
109	0.016085	0.00225948	0.000203318	0.000508373	0.0285569	0.000301091	0.00344328	0.417496	0.00137551	0.201189	0.0432534	0.000344046	0.000404285	0.00293159	0.000596978	0.00052036	0.00208648	0.268143	0.0023463	0.00795534
110	0.0203754	0.00878764	0.00142691	0.0175929	0.00153848	0.00204349	0.00186537	0.0272243	0.0544058	0.478499	0.00268443	0.0245285	0.00080952	0.0244818	0.0565635	0.0108652	0.199102	0.0653126	0.000612046	0.00128041
111	0.634358	0.000784904	0.00100509	0.00148353	0.00120414	0.316708	0.00138468	0.00214845	0.00111608	0.00231456	0.00148409	0.00151242	0.000660613	0.00130194	0.00136775	0.0206033	0.00511703	0.00391761	0.000438528	0.0010888
112	0.019387	0.00213162	0.000499498	0.00189216	0.111526	0.00170958	0.000920709	0.206852	0.000650326	0.35769	0.080875	0.000942703	0.00136128	0.000922402	0.00164497	0.00555686	0.00841877	0.140203	0.00925241	0.0475628
113	0.0598634	0.00086492	0.193826	0.0741861	0.00138206	0.012904	0.0220878	0.0167064	0.227177	0.00337052	0.00554441	0.0158696	0.000671423	0.0330991	0.246372	0.018501	0.0278657	0.0380835	0.000418058	0.00120633
114	0.186187	0.0534332	0.0393371	0.0760442	0.00734023	0.109039	0.0393954	0.0356226	0.00504964	0.0664315	0.0431607	0.00921875	0.0207906	0.0622916	0.00764979	0.0663748	0.0558257	0.0900985	0.0100639	0.0166459
115	0.0514799	0.0208922	0.436759	0.0275557	0.00523159	0.0435427	0.00583301	0.00639595	0.00359715	0.00770745	0.0059217	0.280874	0.0353603	0.00548548	0.00568275	0.0130541	0.0100381	0.0288365	0.00151739	0.00423532
116	0.0535343	0.0195758	0.000769406	0.00172532	0.0344169	0.0100507	0.0218115	0.124468	0.0116395	0.21118	0.136721	0.0175999	0.00335332	0.0239527	0.00453644	0.0239314	0.0674383	0.218811	0.00451149	0.00997276
117	0.0204218	0.00417328	0.00248407	0.000361845	0.000249046	0.93624	0.00812666	0.000463905	0.000207991	0.00596837	0.000358471	0.00500907	0.000148586	0.000310478	0.00150014	0.00613631	0.00115031	0.000612902	0.00120921	0.00486763
118	0.510296	0.0127932	0.00431654	0.00577439	0.00189327	0.149349	0.0154193	0.02032	0.00272912	0.0105135	0.00478915	0.00541751	0.064844	0.0111518	0.00312487	0.0976183	0.0342653	0.0437048	0.00041649	0.00126306
119	0.114024	0.0270628	0.0482739	0.0279389	0.204965	0.0115008	0.0556697	0.00900726	0.0045917	0.0439852	0.00844143	0.00510778	0.0387698	0.0315013	0.0066995	0.0438283	0.0316935	0.0210224	0.0786724	0.187244
120	0.0792835	0.0219868	0.00145324	0.00224876	0.00605039	0.034754	0.0151078	0.0388782	0.00151913	0.0314744	0.0179815	0.0584926	0.104531	0.0147644	0.00432663	0.0907373	0.353984	0.119395	0.000670759	0.00236041
121	0.120363	0.0058486	0.00225097	0.00489219	0.000567553	0.73955	0.0028356	0.0018569	0.000403844	0.00349795	0.0008446	0.00896712	0.00473778	0.00224284	0.0015297	0.081854	0.0109357	0.00461516	0.000539377	0.00166697
122	0.180862	0.0559767	0.00123099	0.00225142	0.00955497	0.0191717	0.00314976	0.0403335	0.001478	0.0580063	0.0344465	0.0253668	0.184463	0.0217502	0.00982427	0.0409712	0.116759	0.190819	0.000556377	0.00302803
123	0.016461	0.0101307	0.00159572	0.0021636	0.229179	0.00141218	0.0114081	0.00257077	0.0013237	0.0105851	0.00246357	0.00587988	0.00104847	0.00543449	0.00172061	0.00311088	0.00285939	0.00344652	0.0229964	0.66421
124	0.0771398	0.000849887	0.211351	0.0543582	0.000982063	0.0201918	0.0208418	0.00930222	0.215469	0.00364481	0.00706211	0.0247878	0.000606915	0.0318651	0.240068	0.0161164	0.0271324	0.0364678	0.0003868	0.00137587
125	0.245173	0.0305432	0.00690572	0.0117296	0.000713015	0.316458	0.00348236	0.0231554	0.000692733	0.0231209	0.00472296	0.0119065	0.0115378	0.0181325	0.00341313	0.157263	0.0560292	0.0739576	0.000314454	0.000748597
126	0.0334912	0.00534536	0.000221921	0.00187949	0.0055791	0.000516629	0.0018162	0.118509	0.0016704	0.0399337	0.0123901	0.00174447	0.000196762	0.000394875	0.00138319	0.00197862	0.0100523	0.755722	0.00156019	0.00561449
127	0.0877666	0.0111947	0.00187213	0.00220087	0.18398	0.00277347	0.0222993	0.0264796	0.00178296	0.281998	0.0433739	0.0118593	0.00112308	0.00238858	0.021306	0.00381347	0.00639044	0.0798443	0.00544187	0.202112
128	0.084968	0.0100674	0.00458049	0.00381244	0.0130341	0.0225451	0.01162	0.0195902	0.0040189	0.0105269	0.00627092	0.0398371	0.0102971	0.0257997	0.0090963	0.212234	0.461573	0.037457	0.00176855	0.010903
129	0.0106196	0.00648408	0.0042356	0.00169969	0.00141048	0.00178026	0.0459202	0.00560399	0.00425199	0.00539645	0.00178201	0.84004	0.000754281	0.00159251	0.00168631	0.0179017	0.0436525	0.00337075	0.000532188	0.00128532
130	0.0432772	0.00223852	0.00657157	0.0097673	0.0148289	0.0451052	0.0138701	0.0258183	0.120029	0.0472293	0.0290474	0.0191907	0.00125756	0.0151138	0.101772	0.12105	0.322052	0.0365715	0.0040713	0.0211373
131	0.18144	0.0529969	0.00100343	0.00160439	0.0100135	0.0198534	0.00414269	0.0370067	0.00118417	0.0446927	0.0377747	0.0332922	0.145715	0.0217333	0.00788317	0.041556	0.168275	0.187878	0.000463647	0.00149067
132	0.136294	0.0144553	0.0177806	0.019421	0.0183459	0.0633654	0.0258445	0.0314359	0.00365866	0.0579504	0.0489509	0.0111201	0.276713	0.0845917	0.00687004	0.0563233	0.0521083	0.0372822	0.0183817	0.0191073
133	0.0567516	0.0158096	0.000878992	0.00163062	0.0271421	0.0118229	0.0117126	0.136269	0.00822866	0.125907	0.141117	0.0144359	0.0119867	0.029773	0.0047197	0.0268676	0.150586	0.204139	0.00904089	0.011181
134	0.244897	0.0271134	0.0160878	0.00902939	0.000902149	0.33695	0.00594932	0.016843	0.000840932	0.0224437	0.00344262	0.0130424	0.019952	0.0240034	0.00792071	0.140847	0.0630126	0.0454893	0.000310555	0.00092219
135	0.156915	0.00930428	0.00304883	0.00425475	0.0240865	0.0167358	0.00567192	0.0238777	0.00192331	0.0311109	0.011749	0.00200741	0.517294	0.0340313	0.0018642	0.0677268	0.0550863	0.0142643	0.00173707	0.017311
136	0.0257958	0.00544132	0.00489289	0.0136318	0.149493	0.00799399	0.0502761	0.0604112	0.00984086	0.0318018	0.0504803	0.0699251	0.00307887	0.0108109	0.0112436	0.0106989	0.0120463	0.152354	0.00255401	0.317229
137	0.0178001	0.000665103	0.000718806	0.00120135	0.00108235	0.00443675	0.00888655	0.00626811	0.00642163	0.00231112	0.00121898	0.00126522	0.00056489	0.00409036	0.912405	0.00910008	0.0139404	0.00208931	0.000309071	0.0052251
138	0.0951303	0.00534378	0.00136984	0.00359928	0.000569567	0.810945	0.00390285	0.0010114	0.000298163	0.00326183	0.000883475	0.00689222	0.00344881	0.000605184	0.00119839	0.052263	0.00427478	0.00188021	0.000722622	0.00239921
139	0.23502	0.0125369	0.0196082	0.0145988	0.107611	0.0122318	0.0237514	0.0145904	0.00595767	0.0613104	0.0102342	0.00697218	0.0791402	0.0161527	0.00820049	0.0548841	0.0248158	0.0740603	0.052267	0.166057
140	0.109464	0.00479642	0.00493901	0.00615544	0.0255469	0.520138	0.0062453	0.014978	0.00357942	0.0113328	0.0326274	0.0090492	0.0640788	0.00933922	0.00517572	0.097306	0.0164551	0.0351145	0.0187474	0.00493178
141	0.0811426	0.00689481	0.00710033	0.021779	0.013995	0.0863603	0.0747717	0.0509597	0.0667214	0.0280579	0.0175557	0.0158024	0.00423413	0.0510223	0.140777	0.0734885	0.147749	0.0223035	0.0327309	0.0565534
142	0.197563	0.0604471	0.000479495	0.000719778	0.0422125	0.0264002	0.000701491	0.135422	0.000491302	0.0837182	0.0241185	0.0032785	0.0093151	0.00391827	0.000697423	0.0339314	0.0439548	0.31148	0.000316268	0.0208338
143	0.0145305	0.000654916	0.000491085	0.00577726	0.0222757	0.00062519	0.00900423	0.250173	0.00203444	0.33172	0.0412413	0.0060581	0.000703339	0.0107101	0.0160339	0.00100218	0.0353133	0.234691	0.000244346	0.016716
144	0.0067202	0.00107504	0.00917824	0.918615	0.00137655	0.00223991	0.00293146	0.00265551	0.00155037	0.00295766	0.00196032	0.00184426	0.00095425	0.0251689	0.00193561	0.00960939	0.00401229	0.00344045	0.000437853	0.00133661
145	0.0440838	0.0231421	0.0027792	0.0106216	0.0149022	0.0338217	0.0450664	0.0346406	0.0456378	0.0539589	0.0179417	0.05663	0.00218023	0.0251253	0.372701	0.043106	0.125071	0.0374928	0.00296954	0.00812807
146	0.110105	0.0029339	0.00202979	0.00262713	0.0137526	0.00264166	0.0029236	0.184435	0.00247572	0.295822	0.136948	0.00257478	0.00136566	0.00422272	0.00287383	0.0163991	0.123817	0.0851603	0.0010455	0.00584608
147	0.0153639	0.00283913	0.000679642	0.00248523	0.0313708	0.00116865	0.00322901	0.294042	0.00140447	0.166622	0.155981	0.00100944	0.00211506	0.0022447	0.00134781	0.00255031	0.0044134	0.305612	0.00119528	0.004326
148	0.0173263	0.000476467	0.556086	0.181981	0.00231448	0.0147343	0.00668625	0.00218738	0.0228035	0.00150999	0.00432926	0.0340026	0.000537085	0.0408341	0.0236328	0.0529395	0.0319573	0.00200813	0.000206954	0.00344641
149	0.158469	0.0111113	0.0216653	0.118895	0.0145304	0.00322324	0.0235163	0.117763	0.0528453	0.116631	0.0235759	0.0169845	0.00037917	0.0504062	0.0860575	0.0267199	0.0616069	0.0903567	0.000308588	0.00495482
150	0.197107	0.0587832	0.000489397	0.000707614	0.0417451	0.0260951	0.000694218	0.137637	0.000501634	0.0861703	0.0242414	0.00319056	0.00870459	0.00384163	0.000704359	0.032998	0.0440477	0.311922	0.000307621	0.0201118
151	0.619538	0.00860015	0.00245734	0.00532355	0.00155479	0.129579	0.0094906	0.00842936	0.00256744	0.00617484	0.00361702	0.00707097	0.00723382	0.00416692	0.00264522	0.131025	0.0221625	0.0262954	0.000503335	0.00156532
152	0.177042	0.00198838	0.194274	0.0646245	0.0238373	0.0124801	0.0319367	0.0260531	0.0537511	0.0683189	0.0226428	0.0125082	0.00109346	0.0735957	0.137236	0.00463951	0.0251892	0.0387086	0.0108122	0.0192687
153	0.0961144	0.000933826	0.0269756	0.444159	0.00398664	0.0234963	0.0223272	0.00868803	0.0711673	0.00579102	0.011274	0.00162538	0.000476427	0.0687314	0.0991433	0.024203	0.0459517	0.0320178	0.000661595	0.0122765
154	0.0212264	0.00117684	0.000839906	0.00800891	0.0080571	0.00133612	0.00123502	0.087161	0.00651195	0.690005	0.0315782	0.00627912	0.000737418	0.00861732	0.0124216	0.00435123	0.0645062	0.0418203	0.00040138	0.00372854
155	0.0155126	0.000710612	0.0457186	0.0157049	0.000975804	0.67574	0.0059769	0.00174653	0.0943045	0.00224308	0.00143166	0.0557844	0.00530005	0.0265906	0.0342609	0.0117093	0.00246737	0.00251672	0.00037259	0.000933365
156	0.0202904	0.00115542	0.000871679	0.0013725	0.0122466	0.0013892	0.00147161	0.264127	0.0302626	0.316914	0.237326	0.00128604	0.00109809	0.00733569	0.0329743	0.00722576	0.00813132	0.05285	0.000420414	0.00125147
157	0.0779555	0.00118091	0.650259	0.0242715	0.00144516	0.0424853	0.00350182	0.00222689	0.00103903	0.00240039	0.00168217	0.0352844	0.0255098	0.00168678	0.0036628	0.100324	0.0151394	0.0030456	0.000449358	0.00645059
158	0.0251886	0.000932838	0.0136447	0.0356621	0.00148345	0.00297836	0.00190765	0.00394507	0.0648562	0.00422169	0.00188197	0.00398897	0.592482	0.0418546	0.105114	0.0516295	0.0194942	0.0268415	0.000516489	0.00137622
159	0.181898	0.00293848	0.0372265	0.0234734	0.0491166	0.0109313	0.0209847	0.136409	0.00434511	0.107886	0.0160672	0.0154385	0.000963773	0.00233713	0.0124765	0.0171815	0.0283131	0.259267	0.0372725	0.0354745
160	0.0628123	0.000360672	0.143025	0.647778	0.000519876	0.00190928	0.00609555	0.0055463	0.014974	0.00193207	0.000674592	0.00787772	0.000436073	0.0251538	0.0300423	0.0202674	0.0171986	0.0102849	0.000178128	0.00293415
161	0.0158572	0.00243694	0.000204972	0.000667742	0.0298971	0.000327777	0.00356222	0.408836	0.00139157	0.211438	0.0446181	0.000482572	0.00038183	0.00304661	0.000860094	0.000633817	0.0030477	0.261625	0.00229189	0.00839338
162	0.0196362	0.000850674	0.000815848	0.0015325	0.00141939	0.00447107	0.00882101	0.00710016	0.00704798	0.00283353	0.00136025	0.00143765	0.00106529	0.00437375	0.903018	0.00934227	0.0149145	0.0034682	0.000432074	0.00605954
163	0.0630138	0.00152397	0.00207393	0.0790573	0.0169976	0.00249988	0.0129247	0.0289148	0.146264	0.101315	0.0475271	0.00294883	0.00117065	0.0153166	0.418959	0.0235053	0.017272	0.0158291	0.0009776	0.00190771
164	0.0292529	0.000609869	0.0161128	0.0167984	0.000942757	0.0121351	0.0144221	0.0664277	0.195903	0.0177222	0.00945276	0.0120232	0.000477256	0.023787	0.500142	0.00542768	0.0332612	0.0439885	0.000276838	0.000836949
165	0.0111309	0.00795478	0.00519756	0.00178283	0.00154422	0.00244789	0.0418946	0.00690107	0.00504673	0.00643753	0.0018398	0.837689	0.000744598	0.00185152	0.00177331	0.0211271	0.0389151	0.00370258	0.000483806	0.00153518
166	0.0341446	0.00226668	0.000610201	0.003681	0.289683	0.00167386	0.0114645	0.0496783	0.00322767	0.388509	0.0651122	0.00423905	0.000388195	0.000924065	0.0033131	0.00428842	0.00649189	0.0595853	0.0110925	0.0596258
167	0.00833305	0.00131104	0.000918533	0.00159913	0.00693218	0.00134037	0.00692527	0.54324	0.00104326	0.121213	0.0159536	0.00144719	0.0187089	0.00602053	0.0041881	0.00794313	0.0121674	0.231376	0.000664113	0.00867488
168	0.0103592	0.0120484	0.027618	0.0151221	0.0130182	0.0286794	0.0387283	0.080323	0.0470712	0.242641	0.027793	0.0377377	0.00280541	0.0289502	0.151278	0.0287942	0.00830372	0.0760492	0.0239416	0.0987384
169	0.0284438	0.00128593	0.00212169	0.038969	0.0130633	0.0049022	0.00751825	0.18756	0.0190689	0.254063	0.0407765	0.00491556	0.000988411	0.0167248	0.0399751	0.00630011	0.0587418	0.229327	0.00118764	0.0440674
170	0.0211012	0.00453836	0.00266943	0.000400008	0.000263982	0.931608	0.00890436	0.00050895	0.000228904	0.00643517	0.00035935	0.00550543	0.000167266	0.000340566	0.00144614	0.00699177	0.00122204	0.000656355	0.00134848	0.00530376
171	0.0149566	0.00061511	0.000399526	0.00586798	0.023888	0.000575189	0.00781279	0.250118	0.00156962	0.332144	0.0331367	0.00634359	0.000351624	0.0102156	0.015263	0.000825971	0.0348975	0.24471	0.000279877	0.01603
172	0.139306	0.00422087	0.000699075	0.0057213	0.00089424	0.722089	0.00136771	0.000918068	0.000452486	0.0017103	0.00103565	0.009057	0.00548066	0.000722591	0.000768322	0.0957766	0.00652415	0.00172492	0.000568874	0.00096204
173	0.019387	0.00213162	0.000499498	0.00189216	0.111526	0.00170958	0.000920709	0.206852	0.000650326	0.35769	0.080875	0.000942703	0.00136128	0.000922402	0.00164497	0.00555686	0.00841877	0.140203	0.00925241	0.0475628
174	0.0995283	0.0118646	0.0113933	0.0491422	0.00892181	0.0494453	0.0701201	0.0334681	0.0044643	0.0595473	0.092898	0.0272546	0.0289594	0.174494	0.0086552	0.0494188	0.117977	0.0579086	0.0218738	0.0226645
175	0.0246118	0.00425972	0.00245272	0.000588201	0.000280446	0.927458	0.00802005	0.000515791	0.000233872	0.00591637	0.000415681	0.00532622	0.000517049	0.000341824	0.001423	0.00944088	0.00137998	0.000771788	0.00120389	0.00484266
176	0.0188088	0.00388963	0.00560554	0.0101424	0.00594706	0.0071997	0.0527201	0.0119322	0.00499103	0.0423419	0.0128038	0.0598398	0.00310421	0.634495	0.0112686	0.0376401	0.0537953	0.0146402	0.00230688	0.00652762
177	0.157458	0.00448253	0.000511843	0.00709266	0.000947489	0.685523	0.000585383	0.00110608	0.000520656	0.00133212	0.001079	0.00992042	0.00575558	0.000842027	0.000711793	0.111788	0.00720645	0.00214066	0.000505843	0.000490458
178	0.0369889	0.00448413	0.0536815	0.069037	0.0111775	0.00310289	0.198226	0.11484	0.00549517	0.0990237	0.036057	0.0777309	0.013864	0.0575027	0.0297292	0.030344	0.0624581	0.0529214	0.00400903	0.0393262
179	0.0965843	0.00104091	0.026833	0.443204	0.00394102	0.0247159	0.0226904	0.00877053	0.0709064	0.00588464	0.0112489	0.00181996	0.000487501	0.0688987	0.0984597	0.0241985	0.0457599	0.0317704	0.000706795	0.0120786
180	0.0544061	0.00395518	0.0315328	0.00885756	0.00926814	0.0229189	0.0460804	0.0171036	0.0164011	0.0247002	0.0360576	0.0134393	0.00272651	0.010752	0.0596126	0.0770107	0.48309	0.0206869	0.00325102	0.0581491
181	0.411301	0.0114493	0.000864219	0.00127369	0.00162216	0.0792142	0.00165257	0.0177066	0.0137576	0.00717322	0.0154879	0.00129516	0.0261526	0.00543885	0.00507646	0.167599	0.114701	0.116884	0.000362538	0.00098743
182	0.0378419	0.00641161	0.00127225	0.00173358	0.187765	0.00690879	0.00411399	0.122251	0.00122121	0.308383	0.0348171	0.00226008	0.000686165	0.00152556	0.00659612	0.00357089	0.0176042	0.113128	0.0346336	0.107276
183	0.425319	0.011961	0.00100652	0.00113434	0.00155966	0.0779165	0.001637	0.0174459	0.016802	0.00614703	0.0151511	0.00108481	0.0276097	0.00640535	0.00590744	0.164655	0.107398	0.109727	0.000328879	0.000803904
184	0.0572519	0.00523128	0.0122759	0.0671123	0.0138973	0.0182389	0.0269937	0.0665679	0.0818018	0.0952773	0.0350379	0.0475239	0.00220704	0.0940253	0.122232	0.0682911	0.0853504	0.0645574	0.00451018	0.031616
185	0.0159865	0.00222485	0.000204819	0.000601229	0.028478	0.000299932	0.00349364	0.414694	0.00137906	0.203275	0.0430853	0.000410799	0.000405071	0.0031092	0.000860392	0.000530171	0.00254532	0.267962	0.00228601	0.0081689
186	0.257995	0.0159318	0.000719955	0.00105321	0.00856557	0.00409164	0.00119259	0.0967879	0.000702894	0.106058	0.014035	0.00375772	0.000808124	0.00104607	0.00101367	0.00361439	0.044981	0.435691	0.000247018	0.00170768
187	0.398709	0.0175815	0.00670125	0.0258766	0.00306902	0.045781	0.0581766	0.00749757	0.00376748	0.00680722	0.00530275	0.0356203	0.00162203	0.0049698	0.00469214	0.336235	0.0117185	0.0222137	0.000861724	0.00279686
188	0.0242486	0.000446383	0.504087	0.212116	0.00231779	0.0145977	0.00703397	0.00242079	0.0248289	0.00132491	0.0036068	0.0286081	0.00102831	0.0423683	0.0312943	0.0554431	0.0376079	0.00359907	0.000206535	0.00281505
