369	20
1	0.0126093	0.014853	0.00350366	0.00362025	0.427143	0.00569279	0.0223911	0.0610685	0.0352721	0.102165	0.00753755	0.00406544	0.00284278	0.00423335	0.0645581	0.0148815	0.00708542	0.0473336	0.00906084	0.150084
2	0.126882	0.0219851	0.0542867	0.127021	0.00548621	0.0213792	0.0109562	0.00778087	0.154535	0.053847	0.00935508	0.0254084	0.008258	0.0344993	0.083729	0.0781566	0.11431	0.0522232	0.0015358	0.00836595
3	0.00444764	0.00704352	0.00197603	0.00220779	0.101863	0.00165564	0.0205198	0.0100629	0.00279898	0.00741385	0.00126988	0.00637066	0.00366758	0.00172438	0.00486974	0.00653139	0.0160112	0.0163597	0.00853049	0.774676
4	0.0322408	0.00843771	0.000999497	0.00060309	0.00244867	0.00145771	0.00163531	0.307642	0.00143023	0.0467085	0.00433976	0.00115029	0.00455605	0.000553726	0.00202544	0.00130982	0.00916547	0.572742	0.000228382	0.000325535
5	0.0291204	0.00780231	0.00165955	0.000666035	0.00419209	0.00137766	0.00393945	0.329142	0.00281675	0.0601637	0.00428299	0.00177404	0.00426497	0.000579995	0.00374926	0.00141688	0.00948759	0.532947	0.000265532	0.000352095
6	0.0178383	0.00923315	0.00346226	0.0010235	0.0171914	0.00141327	0.0118933	0.345016	0.00744447	0.114322	0.00434065	0.00391158	0.00274931	0.00116543	0.0117195	0.00234993	0.00985064	0.433872	0.000438621	0.000764768
7	0.0382298	0.00118044	0.0348453	0.00579898	0.00126871	0.80376	0.00317926	0.00278419	0.0110025	0.00198585	0.00189979	0.012283	0.00348523	0.00568869	0.0169908	0.0303847	0.00902308	0.0102161	0.00369358	0.00230009
8	0.0515911	0.00145672	0.0328339	0.00650743	0.00142956	0.787499	0.00261306	0.00500316	0.0103392	0.00357606	0.0025128	0.0102854	0.00245457	0.00366774	0.0166097	0.0326687	0.0115357	0.012944	0.00390978	0.000562716
9	0.0242289	0.000680011	0.0393777	0.00780857	0.000556639	0.832738	0.00202666	0.00261702	0.00892229	0.00146873	0.0018031	0.0109275	0.000955716	0.00369486	0.0164452	0.0245655	0.00763132	0.00962738	0.00345013	0.000475025
10	0.0899394	0.010195	0.0440486	0.0360834	0.0109206	0.137658	0.0215521	0.0248371	0.0438839	0.0231299	0.0133416	0.116122	0.00983755	0.0145716	0.0354407	0.112264	0.137378	0.0960666	0.0117596	0.0109704
11	0.675317	0.0225654	0.000840313	0.00225313	0.00263615	0.0553806	0.00132577	0.0150204	0.00161564	0.00519371	0.000775777	0.00124198	0.00292714	0.00121747	0.00194958	0.158244	0.024629	0.0251385	0.000389246	0.00133868
12	0.441804	0.012807	0.0298619	0.0165611	0.00335805	0.190651	0.00527597	0.0118902	0.01407	0.00458049	0.00298642	0.0280495	0.00399293	0.00179403	0.00750159	0.16322	0.0346207	0.0227039	0.00310241	0.00116828
13	0.0358694	0.00196114	0.032194	0.00740182	0.00502838	0.748818	0.00615867	0.00548076	0.0114307	0.00490136	0.00381487	0.0169158	0.00256827	0.00491435	0.0191535	0.0326919	0.0159967	0.0253861	0.0162024	0.00311177
14	0.0427087	0.0114141	0.0153461	0.0173217	0.0738229	0.0142266	0.0310647	0.018182	0.0336964	0.0354074	0.0102842	0.0203182	0.0550314	0.0180989	0.0915884	0.0277456	0.0336297	0.034518	0.0171839	0.398411
15	0.142232	0.0076076	0.00961044	0.0106671	0.0972028	0.0153906	0.00953643	0.123829	0.0222037	0.212262	0.056921	0.0100907	0.00505675	0.00864176	0.0378275	0.0276272	0.0595364	0.11863	0.00234823	0.0227792
16	0.260588	0.0196583	0.00814248	0.0129945	0.0172068	0.0114305	0.010918	0.0514246	0.0240888	0.0335814	0.0115266	0.00984349	0.00815322	0.00828666	0.0879843	0.0537733	0.0965531	0.263647	0.00339111	0.00680809
17	0.0368825	0.00394793	0.00581893	0.0104006	0.00539144	0.00621519	0.143198	0.00731204	0.175634	0.107812	0.00677418	0.0301287	0.00455481	0.149338	0.177711	0.054334	0.041278	0.0262042	0.00319917	0.00386631
18	0.163245	0.00182211	0.0816088	0.163294	0.00141786	0.0353276	0.0145804	0.00307455	0.110492	0.0162672	0.012674	0.049638	0.00613524	0.0808346	0.0567384	0.100935	0.0794691	0.0129084	0.000601294	0.00893674
19	0.0312303	0.0125525	0.00511785	0.00577075	0.40079	0.0199933	0.0132442	0.0746569	0.0209575	0.138206	0.0209235	0.00497967	0.00196116	0.00609721	0.0403518	0.0170474	0.0232277	0.074006	0.00707915	0.0818069
20	0.280354	0.0345782	0.00844368	0.00240005	0.0325721	0.0026138	0.00286044	0.0635332	0.00275304	0.0178273	0.00327668	0.00307224	0.00376949	0.00188279	0.00629836	0.0382401	0.0449422	0.437024	0.00688263	0.00667577
21	0.0456579	0.000925261	0.0622718	0.0881745	0.000879804	0.0408273	0.033864	0.00442194	0.266397	0.00256275	0.0137318	0.109049	0.00613227	0.0384932	0.177766	0.0641008	0.0320166	0.0112127	0.000873792	0.000641233
22	0.044228	0.00364971	0.00355842	0.00485562	0.00408315	0.00372431	0.165003	0.0041771	0.168225	0.137682	0.00538527	0.030982	0.00286661	0.189726	0.126154	0.0473206	0.0332724	0.0201948	0.00225442	0.00265719
23	0.0572209	0.00949822	0.00868411	0.00838589	0.0989949	0.00762952	0.0136903	0.106839	0.014957	0.323926	0.0947882	0.0126254	0.00287182	0.0119273	0.0146393	0.0227749	0.0583544	0.099578	0.00282066	0.0297942
24	0.337948	0.0854477	0.0125214	0.0124323	0.0109294	0.020563	0.00739892	0.0197732	0.0146375	0.0472793	0.00697041	0.0125596	0.0573776	0.0127065	0.0176064	0.0788111	0.186124	0.0508765	0.00324575	0.00479127
25	0.03706	0.00854764	0.00112062	0.000715555	0.00279161	0.00175933	0.00154159	0.305277	0.00167882	0.0465077	0.00512198	0.00127298	0.00447632	0.000614864	0.00210415	0.00180163	0.0103625	0.56652	0.000278593	0.000447744
26	0.029763	0.00728181	0.00585561	0.00398542	0.0754566	0.00429093	0.0174001	0.317786	0.0154287	0.132883	0.0120505	0.00671211	0.00219476	0.00262365	0.0264762	0.00776798	0.0215831	0.294738	0.00233654	0.0133858
27	0.0882025	0.00482391	0.031759	0.0144423	0.00325589	0.0489575	0.00357688	0.0105176	0.0346042	0.00623431	0.0206524	0.0553506	0.00802999	0.00488684	0.0412821	0.320477	0.272145	0.0282132	0.00114476	0.00144412
28	0.0691862	0.000860631	0.0777516	0.110005	0.000720662	0.039993	0.0305529	0.00323263	0.238857	0.00471072	0.0150693	0.0926019	0.00601269	0.0496068	0.141841	0.0680463	0.0389843	0.00958146	0.000487757	0.0018992
29	0.106585	0.00233676	0.127527	0.321787	0.00347211	0.0267711	0.0117474	0.00791	0.0752695	0.015871	0.006542	0.0343251	0.00797692	0.0812141	0.0428041	0.0610547	0.0456834	0.0142552	0.0013224	0.00554588
30	0.249788	0.000769268	0.0184728	0.0293826	0.00412951	0.032654	0.0101235	0.00307834	0.0255587	0.0133806	0.0140732	0.00686064	0.39459	0.03062	0.0141451	0.0885063	0.04807	0.0144783	0.000572486	0.000746364
31	0.146438	0.00956357	0.011568	0.0119785	0.0766197	0.00532327	0.035944	0.0470618	0.0113027	0.0450612	0.00815457	0.0311708	0.00563215	0.0110813	0.0129919	0.0272994	0.0577747	0.333383	0.00344416	0.108207
32	0.264136	0.0027958	0.0143642	0.0212875	0.00462221	0.0287347	0.00885563	0.00491604	0.025458	0.0282745	0.0103736	0.00878499	0.383808	0.0214201	0.0314307	0.0581181	0.0412629	0.0377774	0.00139565	0.00218365
33	0.231588	0.0035109	0.0180865	0.0286539	0.00561677	0.0383096	0.010443	0.00589154	0.036536	0.021948	0.0115837	0.0132957	0.348615	0.0271234	0.0505254	0.0707651	0.0481145	0.0245042	0.00146954	0.00341899
34	0.00872036	0.00895494	0.00258395	0.00256354	0.164232	0.00249696	0.0199465	0.020626	0.00500873	0.0291506	0.00370791	0.00631335	0.00315161	0.00274478	0.00968342	0.00853128	0.0147746	0.0319436	0.00915652	0.645709
35	0.0940749	0.00971477	0.0593271	0.176121	0.0466784	0.0219599	0.0258548	0.0165481	0.0539764	0.0488054	0.0148167	0.0361972	0.0123556	0.0420165	0.0410183	0.0626285	0.054529	0.0415782	0.0104452	0.131354
36	0.0578849	0.00552448	0.0232106	0.0525039	0.014235	0.0493259	0.0218936	0.0171289	0.131523	0.0340746	0.0101308	0.0324664	0.0179311	0.060314	0.319572	0.0416692	0.0462533	0.0389005	0.00995294	0.015505
37	0.229108	0.00346241	0.0209987	0.0285874	0.00615841	0.03588	0.0115206	0.0105042	0.0307313	0.0213093	0.0134287	0.0128669	0.360501	0.0271835	0.0250849	0.0827054	0.0517073	0.023518	0.00141891	0.00332536
38	0.25216	0.0137453	0.0381652	0.0663567	0.0071124	0.0309087	0.00769293	0.0173378	0.0434274	0.0218268	0.00896114	0.026772	0.0267334	0.0238774	0.027653	0.125545	0.201864	0.0519402	0.0017491	0.00617198
39	0.0914654	0.0121903	0.0190325	0.0227317	0.0600008	0.0144253	0.0254925	0.068008	0.0388352	0.226514	0.0604952	0.0263795	0.0151143	0.0325407	0.0311827	0.0888167	0.0614761	0.0784182	0.00442094	0.02246
40	0.0682626	0.0117384	0.0218362	0.0141347	0.00655966	0.0121866	0.00224187	0.015221	0.0373725	0.00599661	0.011469	0.0618918	0.00651111	0.00430372	0.0279592	0.24414	0.409371	0.0371319	0.000780207	0.00089225
41	0.0438083	0.00300075	0.0309815	0.0633621	0.00418745	0.0287869	0.0239423	0.0100785	0.25817	0.0170594	0.0109419	0.0529682	0.0157761	0.0520587	0.266693	0.0452917	0.0383385	0.0268873	0.00460702	0.00306112
42	0.275257	0.00579955	0.015945	0.0029939	0.00386997	0.52828	0.00222033	0.0148997	0.00567307	0.00485649	0.00302341	0.00441119	0.00205075	0.00281004	0.0102747	0.0615064	0.0270987	0.025526	0.00235682	0.00114784
43	0.00444764	0.00704352	0.00197603	0.00220779	0.101863	0.00165564	0.0205198	0.0100629	0.00279898	0.00741385	0.00126988	0.00637066	0.00366758	0.00172438	0.00486974	0.00653139	0.0160112	0.0163597	0.00853049	0.774676
44	0.117138	0.00122375	0.089006	0.152169	0.000641374	0.0376328	0.0208296	0.00315463	0.166681	0.0109658	0.0118736	0.0684867	0.00518044	0.0637219	0.0870015	0.0836434	0.0633341	0.0116238	0.000424719	0.0052678
45	0.108843	0.00501667	0.0958867	0.0414567	0.00112663	0.327809	0.00942914	0.00553941	0.0377813	0.00196268	0.0044726	0.0905279	0.00966502	0.00171979	0.015393	0.181091	0.0417378	0.0141727	0.00578144	0.000588574
46	0.252169	0.000928337	0.0161725	0.0252076	0.00419207	0.036458	0.0088719	0.00280508	0.0283496	0.0167887	0.0116658	0.00902606	0.409202	0.0259993	0.0182107	0.0713692	0.0436167	0.0175073	0.000567484	0.000892754
47	0.314911	0.0125323	0.0270639	0.0223486	0.00295368	0.0286473	0.00514209	0.0183486	0.0215116	0.0139839	0.00653766	0.0111154	0.13359	0.0145308	0.0104228	0.174766	0.135154	0.0439088	0.000855659	0.00167513
48	0.0874075	0.00920719	0.0235959	0.0322414	0.00592293	0.0271262	0.0133166	0.0173476	0.0708676	0.0146322	0.0146633	0.0551262	0.0207106	0.0198062	0.148659	0.170909	0.209055	0.0478386	0.00586174	0.00570571
49	0.0333882	0.00707186	0.00173909	0.00271414	0.054423	0.00359865	0.00702513	0.139165	0.00552569	0.424124	0.161577	0.00299171	0.00103162	0.00564087	0.00637947	0.00934255	0.02529	0.0975457	0.000654063	0.0107718
50	0.250846	0.00284959	0.0174443	0.0258088	0.00509709	0.0338407	0.00975937	0.00503847	0.0262752	0.0181976	0.0125622	0.00902451	0.386105	0.0265179	0.019967	0.0761091	0.0484301	0.0234211	0.000922038	0.00178397
51	0.125099	0.0033065	0.0767779	0.0438346	0.00172047	0.354075	0.0129187	0.0044342	0.0366229	0.00205995	0.0062295	0.0762092	0.00644558	0.00153929	0.0173785	0.166792	0.0409638	0.0148951	0.00799282	0.000705455
52	0.0197993	0.015163	0.00255104	0.00268149	0.437226	0.00446203	0.00876332	0.0996033	0.012384	0.132415	0.0176833	0.0030269	0.00135088	0.00231154	0.0215895	0.0137395	0.00985773	0.078627	0.0106572	0.106107
53	0.00831119	0.00958103	0.0044349	0.00413021	0.0977367	0.0023406	0.0426767	0.0115398	0.00523933	0.0127152	0.00220352	0.00861491	0.00436255	0.00486181	0.0129475	0.00887821	0.016423	0.0214024	0.0118972	0.709703
54	0.0604038	0.0896892	0.00769729	0.0128589	0.048397	0.0107848	0.0106131	0.0255288	0.0257296	0.0166043	0.0100132	0.0325919	0.00852758	0.0093942	0.0219918	0.0721306	0.439345	0.0884765	0.00333544	0.00588648
55	0.360338	0.0655665	0.0128075	0.00951439	0.0136046	0.0268566	0.00976914	0.0572972	0.0129401	0.02005	0.0071999	0.0117242	0.0116974	0.00781701	0.0167725	0.141622	0.0867196	0.118695	0.00380726	0.00520192
56	0.217875	0.0169958	0.00629384	0.0114232	0.0221467	0.0133161	0.00482357	0.108337	0.0156716	0.0730663	0.0160693	0.00494055	0.00523592	0.0064438	0.012612	0.0431002	0.0550222	0.357066	0.00360615	0.00595528
57	0.249684	0.00635798	0.0257166	0.0122983	0.00303903	0.498125	0.00354315	0.00860947	0.01295	0.00534262	0.00357736	0.013537	0.00742779	0.00402698	0.012194	0.0843497	0.0251396	0.0190807	0.00350093	0.00149937
58	0.381258	0.0114673	0.0159139	0.0163451	0.00690125	0.123052	0.00444204	0.0278333	0.0149839	0.0270344	0.00417725	0.0107664	0.00757359	0.00552369	0.00871562	0.198768	0.0769675	0.0511903	0.00150217	0.00558416
59	0.0731939	0.00451504	0.0872828	0.04676	0.00550005	0.320314	0.0395124	0.0063101	0.0516858	0.0089071	0.00737272	0.106708	0.0061519	0.016157	0.0406149	0.0943299	0.0428643	0.0197888	0.0157114	0.00631918
60	0.0957724	0.00314588	0.115745	0.102267	0.00210023	0.336605	0.0120311	0.00551511	0.0332054	0.00554696	0.00563209	0.0638703	0.00658866	0.0104168	0.0184206	0.121231	0.033503	0.0138303	0.0133953	0.00117775
61	0.123792	0.00221648	0.0965618	0.295712	0.00386148	0.0253623	0.0116759	0.00720251	0.0708764	0.018331	0.00866499	0.0290181	0.00709928	0.116707	0.0518363	0.0582917	0.0480433	0.0162189	0.00195854	0.00657102
62	0.0347242	0.00312541	0.00461347	0.0176463	0.0033585	0.00932305	0.0125477	0.0321767	0.357238	0.0321967	0.0139026	0.0219037	0.0392963	0.0195437	0.20731	0.0609198	0.0443373	0.0791218	0.00335786	0.00335711
63	0.0367589	0.00734575	0.00652732	0.00914579	0.00893507	0.00747281	0.117831	0.00793453	0.089008	0.140592	0.0142293	0.0195779	0.00484164	0.339846	0.0852033	0.0371142	0.0276487	0.0286279	0.00605365	0.00530628
64	0.150789	0.00839202	0.0488153	0.0209651	0.0855013	0.00849625	0.0182173	0.0102398	0.022874	0.137773	0.0212115	0.0954075	0.036458	0.0209273	0.0454543	0.0437592	0.105304	0.0412498	0.00233089	0.0758351
65	0.249826	0.00075079	0.0179904	0.0295046	0.0041068	0.0323968	0.00990367	0.00303243	0.0256803	0.0133461	0.0141126	0.00679272	0.395876	0.0307453	0.0142157	0.0889809	0.0470644	0.01437	0.000530355	0.000773419
66	0.0404351	0.000764666	0.24888	0.382668	0.000723943	0.0352328	0.0113198	0.006613	0.0486035	0.0121595	0.0016223	0.0462415	0.004511	0.0497299	0.0212314	0.0479804	0.0280473	0.0109011	0.000810298	0.00152493
67	0.0429746	0.0208181	0.0192318	0.0159714	0.0831779	0.0188995	0.0525463	0.0228259	0.020148	0.0403503	0.00911539	0.0286375	0.0111228	0.0210588	0.0540696	0.0912411	0.0350859	0.0392761	0.183335	0.190114
68	0.0124569	0.0133966	0.0032506	0.00323009	0.339549	0.00346121	0.0150051	0.046759	0.0104688	0.086547	0.00963391	0.0072451	0.00227846	0.00340762	0.0183174	0.0131108	0.00956514	0.0406812	0.00921442	0.352421
69	0.166478	0.00384458	0.0620538	0.12959	0.00197678	0.0284294	0.013706	0.00302248	0.16231	0.0171252	0.0116115	0.0456689	0.0132963	0.0619543	0.0689393	0.0899029	0.084725	0.0252734	0.000750053	0.00934213
70	0.0379658	0.000904997	0.215255	0.490351	0.000853491	0.0217653	0.00708559	0.00564044	0.051079	0.00705726	0.00143826	0.0192534	0.00274948	0.0566408	0.0176017	0.0314577	0.020084	0.0102707	0.000722794	0.00182303
71	0.0216389	0.00414348	0.00604203	0.0116541	0.00568227	0.00744075	0.119749	0.0080036	0.22995	0.00909167	0.00581785	0.357509	0.00568009	0.0954581	0.0143601	0.0166789	0.0245927	0.0216013	0.0027743	0.0321308
72	0.0411203	0.00129166	0.0321304	0.00645057	0.00353691	0.780763	0.0030324	0.00880164	0.0106915	0.00670662	0.00349331	0.00930378	0.00177476	0.00407408	0.0160822	0.0292969	0.0149797	0.0215221	0.00397995	0.000968033
73	0.0372884	0.00824838	0.00276748	0.0026588	0.01171	0.00265924	0.00851176	0.304349	0.00779286	0.0842802	0.0128788	0.00414441	0.00455282	0.002632	0.00962983	0.00792128	0.0202506	0.464338	0.000501081	0.00288501
74	0.0353189	0.000850009	0.241694	0.447002	0.000745305	0.0251469	0.0091911	0.00640442	0.0421974	0.00983163	0.00115775	0.0325379	0.00367522	0.0519953	0.0167651	0.0380978	0.0243145	0.0106494	0.000960199	0.00146485
75	0.0303012	0.0076786	0.00233751	0.00277069	0.0582107	0.0021895	0.0101236	0.131791	0.00476934	0.431423	0.144528	0.00451688	0.00109261	0.00789399	0.00549686	0.00877397	0.024086	0.104551	0.000432749	0.0170332
76	0.00954005	0.00577391	0.00547811	0.00440052	0.0479513	0.0028171	0.0297587	0.349941	0.0197644	0.183246	0.0163983	0.0094625	0.00177498	0.00328671	0.0277937	0.00557999	0.0125577	0.259347	0.000846646	0.0042813
77	0.0618253	0.0137351	0.0149381	0.0172145	0.0715883	0.00530347	0.0405874	0.0431861	0.0182717	0.28735	0.0498809	0.0362241	0.00554749	0.0483772	0.0156758	0.0378023	0.0537926	0.0987613	0.00211022	0.0778278
78	0.10479	0.0043274	0.0980473	0.0409429	0.00101835	0.350175	0.0096691	0.00435887	0.0372892	0.0017535	0.00428635	0.0925996	0.00719198	0.00131048	0.0156496	0.17345	0.0335506	0.0128212	0.00615796	0.000611052
79	0.0931769	0.00885376	0.0408517	0.0173923	0.00306816	0.0219274	0.00270174	0.0146916	0.0360359	0.00762649	0.00874194	0.0468117	0.010158	0.00707974	0.020394	0.272204	0.351142	0.035522	0.000843307	0.000776867
80	0.0313354	0.00174421	0.00387078	0.0753946	0.00256824	0.0332232	0.00501243	0.00417322	0.151623	0.0286783	0.00208155	0.00607236	0.0271605	0.116561	0.453603	0.00823834	0.0272249	0.0115425	0.00722528	0.00266759
81	0.0330607	0.00827518	0.00128652	0.000722531	0.00333472	0.00155713	0.00261025	0.314519	0.00212972	0.0510073	0.00460416	0.00149477	0.00456201	0.000712831	0.00262348	0.00193767	0.0102681	0.554267	0.000301483	0.000725399
82	0.113897	0.0013491	0.0127491	0.022869	0.0151986	0.0146153	0.0140989	0.142372	0.0552845	0.0764464	0.0549795	0.00796825	0.01177	0.0163596	0.0195201	0.0742383	0.154194	0.190018	0.000692287	0.00137992
83	0.150745	0.00126223	0.0951155	0.15204	0.000561675	0.0463783	0.0180572	0.00147809	0.116633	0.0152211	0.011173	0.0580416	0.0043302	0.0708942	0.0580924	0.109509	0.074668	0.00836652	0.000351613	0.00708113
84	0.305323	0.0365282	0.00724329	0.00229806	0.0321004	0.00253502	0.00215149	0.0655607	0.00294418	0.0198832	0.00347048	0.00229792	0.00406947	0.00178767	0.00657289	0.0372943	0.0448926	0.412455	0.00765038	0.00294144
85	0.00749111	0.00144302	0.499518	0.0431568	0.00155225	0.0366646	0.0207782	0.00511183	0.00625999	0.0107545	0.00148451	0.268057	0.00189865	0.0128635	0.00756135	0.0479505	0.0207574	0.00479756	0.00086108	0.00103906
86	0.127949	0.00267151	0.0108953	0.0111206	0.0402925	0.0276165	0.00276695	0.150048	0.0300287	0.190696	0.059455	0.00238621	0.00164275	0.00372468	0.0150716	0.0266191	0.113648	0.180172	0.000820932	0.00237444
87	0.0919103	0.00429785	0.0363251	0.0168329	0.00232506	0.0568826	0.00315587	0.00946404	0.0371109	0.00499112	0.0175556	0.0601556	0.00809533	0.00467995	0.0380897	0.325567	0.255082	0.0252382	0.00121616	0.00102433
88	0.0355621	0.00343052	0.00400499	0.00726361	0.00383496	0.00388428	0.151849	0.00468474	0.188097	0.11425	0.00695587	0.0319943	0.00345887	0.185157	0.147339	0.0480699	0.0310154	0.0242584	0.00251717	0.00237328
89	0.0928166	0.0282597	0.022905	0.0136178	0.0104619	0.013227	0.00431056	0.0365126	0.0296311	0.0102009	0.00822779	0.0390432	0.0116484	0.00821575	0.0169023	0.195706	0.412002	0.043591	0.00129935	0.00142128
90	0.0664068	0.00772785	0.00336077	0.0039114	0.0349567	0.00664014	0.00596235	0.178609	0.0100103	0.288921	0.089297	0.00361337	0.0025864	0.00513225	0.00732545	0.0144591	0.0375813	0.225538	0.000856122	0.00710411
91	0.0983432	0.00129021	0.023338	0.0256398	0.0298204	0.0229056	0.00705568	0.163746	0.0489757	0.0951398	0.0499908	0.0069949	0.00544138	0.00837555	0.0256064	0.0391997	0.170709	0.175369	0.000947096	0.00111146
92	0.124696	0.0124643	0.0237586	0.0160674	0.00599391	0.0161903	0.00509576	0.0177497	0.0318122	0.0257268	0.00962635	0.0368633	0.010846	0.0106655	0.0207949	0.212343	0.372634	0.040947	0.00168246	0.00404238
93	0.128895	0.00421425	0.0878893	0.0393646	0.00164184	0.206412	0.00745389	0.0147659	0.0391793	0.00455788	0.00637432	0.0689768	0.0116285	0.00584926	0.0130477	0.23497	0.102182	0.0183065	0.0034525	0.000837555
94	0.161777	0.0101318	0.0677859	0.0230344	0.00168315	0.0309144	0.00205188	0.0264015	0.0315795	0.0109404	0.00482794	0.0306149	0.0212075	0.0181088	0.00908611	0.245874	0.257513	0.0448479	0.000709824	0.000910515
95	0.0288416	0.000819828	0.0381684	0.00689651	0.000611693	0.819889	0.00223357	0.00236134	0.0118552	0.00134331	0.00158863	0.0130841	0.000934987	0.00358661	0.0151634	0.0306829	0.00784909	0.00985871	0.003748	0.000482796
96	0.107069	0.0012589	0.134252	0.199313	0.000638297	0.0372937	0.0182332	0.00339256	0.132385	0.01277	0.00918512	0.062985	0.00508213	0.0605035	0.0638815	0.0794545	0.0552713	0.0122094	0.000400989	0.00442079
97	0.0598641	0.00237606	0.00660492	0.0169971	0.00324806	0.00320866	0.0355077	0.149023	0.0385175	0.0527628	0.0554442	0.0242202	0.0250676	0.0380725	0.0246434	0.12334	0.194452	0.144314	0.0005943	0.00174185
98	0.0104295	0.0171836	0.00185128	0.00169382	0.503363	0.00403298	0.00754078	0.0809598	0.0120226	0.115302	0.00781538	0.00175014	0.00103151	0.00143375	0.0222582	0.012644	0.00306741	0.0564378	0.0125938	0.126589
99	0.122125	0.00420912	0.0654659	0.0558871	0.00224172	0.180328	0.00831968	0.0172182	0.0542555	0.0056136	0.00770718	0.0627077	0.0115523	0.00955296	0.0175104	0.2273	0.120625	0.021109	0.00334841	0.00292318
100	0.00617075	0.013575	0.00212006	0.00215465	0.218337	0.00238549	0.0175745	0.0235062	0.00580474	0.0333122	0.00317726	0.00555129	0.00280935	0.00187191	0.00990215	0.00992597	0.0124673	0.0245412	0.0085904	0.596223
101	0.0821756	0.000746201	0.215545	0.26463	0.000620241	0.0442998	0.0173003	0.00511424	0.0650712	0.0176198	0.00441049	0.0606293	0.0053523	0.0543577	0.0297218	0.0737282	0.04484	0.0104564	0.000474845	0.00290584
102	0.0423939	0.0170952	0.010857	0.0126606	0.0159151	0.0052706	0.00326651	0.0393333	0.042397	0.00710442	0.0147197	0.058873	0.0057256	0.00350352	0.0276134	0.157132	0.48487	0.048979	0.00104402	0.00124625
103	0.0321387	0.00713742	0.00162839	0.00187068	0.0594073	0.00260488	0.00667164	0.140836	0.00512987	0.418795	0.166889	0.00237146	0.000722891	0.00574341	0.00722367	0.00814141	0.0238966	0.0973017	0.000927262	0.0105626
104	0.00961262	0.00607021	0.00509781	0.00135195	0.0197984	0.00118231	0.0183237	0.382635	0.0112855	0.135094	0.00309558	0.00599522	0.00190987	0.00123192	0.0167969	0.00276989	0.00996281	0.366446	0.000491588	0.000848394
105	0.0342752	0.00842882	0.00118691	0.000639074	0.00244771	0.00158674	0.0018455	0.315999	0.00172353	0.0490543	0.00458001	0.00128816	0.00438419	0.000579483	0.00215274	0.00141697	0.00898949	0.558833	0.000253155	0.000336421
106	0.588912	0.0205453	0.00770543	0.00817078	0.00440883	0.0611581	0.00238416	0.0149623	0.00671304	0.00863364	0.00250039	0.00809156	0.00944838	0.00408264	0.0055853	0.169723	0.0439876	0.029552	0.000948463	0.00248726
107	0.0905733	0.0114178	0.0128147	0.013594	0.0154992	0.0146058	0.0131625	0.136513	0.0311798	0.0671394	0.0339936	0.0227045	0.0116357	0.0129643	0.0214773	0.0940499	0.242287	0.149599	0.00204901	0.00273942
108	0.0275388	0.00074658	0.0354943	0.00660618	0.00113148	0.822974	0.00300689	0.00287527	0.0101488	0.00188954	0.00237228	0.0107611	0.00235439	0.00364363	0.0177564	0.0275199	0.00858657	0.0105601	0.00355121	0.000483033
109	0.569199	0.0375794	0.00475182	0.00618438	0.00468187	0.0463698	0.00355031	0.018596	0.00540201	0.00957421	0.00187771	0.00541116	0.00722513	0.00395067	0.00604611	0.176093	0.050332	0.0393779	0.00116832	0.00262967
110	0.0476342	0.000748873	0.0655781	0.0915959	0.000752238	0.0424692	0.0356799	0.0039095	0.274016	0.00234505	0.014573	0.105411	0.0059849	0.0410205	0.166249	0.0596935	0.0303822	0.0105284	0.000684421	0.000744262
111	0.122597	0.00883814	0.00801121	0.0124038	0.0435542	0.011699	0.00900608	0.12013	0.0200797	0.235895	0.0632764	0.0119357	0.00444108	0.0146025	0.0155454	0.0324387	0.0572543	0.190453	0.00186216	0.0159762
112	0.165221	0.0106465	0.0635287	0.0259388	0.00187917	0.0278161	0.00337518	0.0297217	0.0299621	0.0159601	0.00592538	0.0255966	0.0229645	0.020097	0.00922291	0.244149	0.245855	0.0499979	0.000860003	0.00128297
113	0.0418278	0.000989326	0.196827	0.38152	0.000918735	0.0269511	0.0134657	0.00549657	0.0926587	0.0083034	0.00435951	0.0424029	0.00390981	0.050185	0.0498512	0.0414031	0.0254948	0.0110176	0.000867231	0.00155093
114	0.0103725	0.0171264	0.00178859	0.00161848	0.505191	0.00401788	0.00749102	0.0795083	0.0112712	0.122371	0.00933241	0.00180197	0.000935694	0.0016084	0.0207041	0.012531	0.00320069	0.0558693	0.0119754	0.121285
115	0.0583165	0.00280967	0.0275708	0.0513882	0.0034004	0.0730888	0.0173662	0.00938744	0.226342	0.0166096	0.0095181	0.0395494	0.0723445	0.0453043	0.230184	0.046929	0.0383442	0.0236889	0.00398716	0.00387086
116	0.119896	0.00241903	0.0365001	0.0331058	0.0340605	0.0328082	0.00476441	0.147147	0.0407463	0.0865204	0.0507172	0.00491987	0.00435535	0.00615106	0.0217234	0.0356364	0.153679	0.181865	0.000916296	0.00206866
117	0.059304	0.00175549	0.155733	0.136982	0.00109358	0.34253	0.0117871	0.00557306	0.0372833	0.00778595	0.00349079	0.0627863	0.00672914	0.0184759	0.0222134	0.0818728	0.0284442	0.0113584	0.00367522	0.00112551
118	0.36439	0.0120279	0.0319449	0.0251953	0.00383025	0.148906	0.00702648	0.0142324	0.0225498	0.00966447	0.00517079	0.0287895	0.0156034	0.00804982	0.0120738	0.174279	0.0822609	0.0288841	0.00277616	0.00234512
119	0.0162595	0.000881761	0.421797	0.151888	0.000900798	0.0291999	0.0308725	0.0077962	0.0186421	0.019532	0.00102095	0.162432	0.00498726	0.018861	0.0132993	0.0582032	0.0341985	0.00772722	0.000711036	0.000789338
120	0.272613	0.00933702	0.00907001	0.0264275	0.0161733	0.0308297	0.00928449	0.0145746	0.0250971	0.0914962	0.00831721	0.01586	0.0062985	0.0130269	0.0191883	0.245089	0.0490324	0.0858717	0.00569116	0.0467226
121	0.160915	0.00284545	0.0519454	0.0548087	0.00268266	0.177955	0.011648	0.00526901	0.0629443	0.00822621	0.00818072	0.0527352	0.128044	0.0187522	0.0310608	0.141551	0.0581171	0.0158044	0.00380712	0.00270753
122	0.0740233	0.00337058	0.14248	0.0355185	0.00151554	0.366431	0.0103247	0.00397691	0.0308027	0.00329587	0.00362095	0.118424	0.00583532	0.00425138	0.0162635	0.133475	0.0288241	0.011441	0.0050205	0.00110534
123	0.0325639	0.00832571	0.00129301	0.000701615	0.00317274	0.00153757	0.0024128	0.317266	0.00206377	0.0514518	0.00482936	0.00146097	0.00436436	0.000602649	0.00254131	0.00155398	0.00960955	0.55352	0.000252448	0.000476556
124	0.0279524	0.0444795	0.00882398	0.01381	0.241564	0.00586204	0.110201	0.031789	0.0169722	0.179654	0.0215989	0.0303548	0.00310755	0.0218427	0.0239196	0.0322527	0.0227271	0.0534185	0.00600827	0.103661
125	0.00738317	0.00823998	0.00244601	0.00287637	0.113786	0.00190628	0.0211277	0.0128971	0.00411946	0.0121735	0.00195608	0.00681779	0.0035278	0.00203449	0.00636018	0.00878298	0.0164783	0.0220491	0.00851041	0.736528
126	0.0315374	0.00844879	0.00316873	0.00218587	0.0289655	0.00403868	0.00849114	0.25829	0.00808588	0.22506	0.0596545	0.002969	0.00234612	0.00294588	0.00902377	0.00677323	0.0229345	0.310263	0.000391368	0.00442656
127	0.0493645	0.0048843	0.0223111	0.056977	0.0137602	0.0331566	0.0226122	0.0174437	0.139618	0.0312361	0.00998015	0.034102	0.0165274	0.0594253	0.35607	0.0364962	0.0430451	0.0326655	0.0110525	0.00927286
128	0.018176	0.000703543	0.416847	0.173784	0.000670063	0.0298262	0.0272333	0.00806521	0.0174776	0.0200291	0.000779453	0.14691	0.00548814	0.020231	0.0129054	0.0598231	0.031307	0.00850031	0.00061296	0.000631091
129	0.0085195	0.00594071	0.00523621	0.00161804	0.0213102	0.00136487	0.0197848	0.383762	0.0125057	0.140204	0.00288498	0.00668149	0.00174506	0.00148237	0.0179502	0.00290855	0.0102449	0.354439	0.00050399	0.000913673
130	0.149035	0.00118921	0.121099	0.18415	0.000609278	0.0441659	0.0192344	0.0015992	0.100451	0.0177584	0.00890124	0.0546554	0.00438525	0.0650475	0.048001	0.0978996	0.0646345	0.00993228	0.000319327	0.006933
131	0.0303653	0.000903747	0.275061	0.410805	0.00110411	0.026009	0.0126013	0.0068226	0.0379571	0.0116119	0.0010169	0.0439832	0.00413246	0.0457724	0.0159136	0.0395547	0.0226934	0.0114801	0.00111449	0.00109778
132	0.625545	0.0203765	0.00369607	0.00545313	0.00374763	0.0757626	0.00205727	0.0162278	0.00435574	0.00851722	0.00160279	0.00368032	0.00380942	0.00230882	0.00384539	0.15314	0.0313576	0.0320012	0.000743262	0.0017718
133	0.0205367	0.00082766	0.409692	0.174469	0.000828981	0.0302976	0.0229684	0.00866726	0.0182607	0.0231455	0.000931994	0.140282	0.00634345	0.0217834	0.0130869	0.0607608	0.0364251	0.00923383	0.00062755	0.000830652
134	0.165191	0.0018894	0.0681111	0.13907	0.00125997	0.0328941	0.01421	0.00206728	0.134696	0.0158545	0.0156585	0.0506445	0.00583019	0.0795637	0.056749	0.110977	0.075934	0.0120462	0.000608146	0.0167443
135	0.0318958	0.00715205	0.00125635	0.0014165	0.0499238	0.00251165	0.00609971	0.148696	0.00407147	0.426557	0.153767	0.00189036	0.000816995	0.00481226	0.0047726	0.00696651	0.0237878	0.114497	0.000475713	0.00863392
136	0.13439	0.00637789	0.00503749	0.00624678	0.0244075	0.00651356	0.0137858	0.114034	0.00858667	0.0113503	0.00715212	0.0290559	0.00550855	0.00555328	0.00959213	0.0157473	0.046642	0.438463	0.00303389	0.108521
137	0.15928	0.00129797	0.110528	0.165211	0.00113682	0.0447861	0.0173247	0.00175762	0.0993367	0.020096	0.00974235	0.0569075	0.00487812	0.0662555	0.049634	0.102759	0.0708146	0.00911964	0.000397109	0.00873706
138	0.369341	0.0119998	0.00461848	0.0445851	0.0152124	0.0279129	0.00254018	0.0188496	0.0282746	0.0558567	0.00367419	0.00332179	0.00503928	0.0119261	0.0189447	0.118031	0.0811299	0.166474	0.00180171	0.0104673
139	0.0290724	0.00636992	0.00110862	0.00146423	0.0471642	0.00189218	0.0050375	0.158804	0.00368525	0.369173	0.229767	0.00184355	0.000921149	0.00470602	0.00514003	0.00971849	0.0179705	0.0986984	0.000542191	0.00692135
140	0.105726	0.00423093	0.0968445	0.0407642	0.00101737	0.35089	0.00981115	0.00435596	0.0376735	0.00185097	0.00446831	0.0927117	0.0073268	0.00137843	0.0161219	0.171884	0.0332675	0.0128841	0.00617681	0.000616025
141	0.0527292	0.000939738	0.0661522	0.0883846	0.000909952	0.0526655	0.0354007	0.00385571	0.261672	0.00298588	0.0142282	0.0998836	0.00610712	0.0398962	0.169126	0.0599606	0.0330473	0.0101222	0.000958885	0.000974322
142	0.0686747	0.000946391	0.0765763	0.107878	0.000688734	0.0429006	0.035264	0.00335784	0.239549	0.00465784	0.0139357	0.0962766	0.00590387	0.046171	0.138401	0.0689835	0.0374641	0.00992476	0.000668515	0.00177765
143	0.134098	0.0195054	0.00260684	0.00109915	0.0101795	0.00212995	0.001248	0.225748	0.00174437	0.0376812	0.00444522	0.00115998	0.00686816	0.000855949	0.00314025	0.0115305	0.0193238	0.513575	0.0022477	0.00081226
144	0.032193	0.00883539	0.00158454	0.000761859	0.00782938	0.00172503	0.00360792	0.308726	0.00281268	0.0672956	0.00851501	0.00169521	0.00411736	0.000742362	0.00399282	0.00201806	0.0100468	0.53224	0.00041919	0.000842135
145	0.0327993	0.00850376	0.00095079	0.000602229	0.00230755	0.00147938	0.00141387	0.306035	0.00127158	0.045352	0.00447272	0.00107938	0.00458123	0.00056324	0.00181324	0.00129676	0.00913755	0.575699	0.000227143	0.000413406
146	0.0312489	0.00813652	0.00117199	0.000622645	0.00285884	0.0014455	0.00216224	0.317058	0.00186881	0.0500815	0.00422706	0.00126716	0.00447374	0.000559616	0.00243521	0.00129494	0.00924198	0.559286	0.000231296	0.00032847
147	0.025732	0.00114669	0.0319336	0.00634742	0.00111274	0.807756	0.00302443	0.00291135	0.0158095	0.00303758	0.00244465	0.00910906	0.00171795	0.00635079	0.0339634	0.023954	0.00929298	0.0101851	0.00347034	0.000700604
148	0.0371995	0.00103026	0.0338406	0.00610541	0.00139256	0.813302	0.00240478	0.00309984	0.00991612	0.00282884	0.00195483	0.00955733	0.00196645	0.00412666	0.0164518	0.0291601	0.00979109	0.0117072	0.00354477	0.000620384
149	0.0267498	0.000771612	0.0336566	0.00516988	0.000712439	0.83367	0.00225714	0.00276781	0.00947044	0.00140664	0.0018914	0.00945267	0.00113093	0.00314569	0.0164874	0.0272727	0.00932532	0.0101129	0.003753	0.000795866
150	0.00559531	0.00858087	0.00235832	0.00216195	0.148595	0.00186573	0.0192699	0.0154846	0.00393704	0.0187027	0.0024127	0.00611452	0.00318036	0.00215409	0.00686102	0.00765887	0.0149833	0.0204456	0.00848431	0.701154
151	0.0239262	0.00577342	0.0062595	0.00464117	0.0305649	0.00476188	0.0181529	0.333978	0.0181574	0.154712	0.0183459	0.00772113	0.00322989	0.00386154	0.0258028	0.00901535	0.0263066	0.300597	0.000871636	0.00332054
152	0.064822	0.00266605	0.0426753	0.0204747	0.00272365	0.637224	0.00604331	0.00817937	0.020349	0.00642003	0.0053089	0.0205714	0.00582196	0.00745332	0.0215203	0.0611595	0.0428537	0.0177156	0.00449472	0.00152318
153	0.0286016	0.00713517	0.000858129	0.00118022	0.0521048	0.0016521	0.00578378	0.142874	0.00328337	0.448444	0.1615	0.00148772	0.00055517	0.00491625	0.00446887	0.00608102	0.021799	0.0977249	0.000368508	0.00918202
154	0.0570506	0.00577519	0.113895	0.215946	0.0129007	0.0266311	0.0204422	0.0867607	0.059347	0.0440926	0.0186494	0.0453048	0.0120112	0.0401759	0.038905	0.0553297	0.0657007	0.0717619	0.0031317	0.00618819
155	0.0514573	0.0194724	0.00175416	0.00106243	0.00668522	0.00184998	0.00192296	0.279612	0.00228334	0.068743	0.00588203	0.0015046	0.00434984	0.00105276	0.00293354	0.00421708	0.012293	0.531348	0.000839176	0.00073745
156	0.401563	0.010518	0.0149092	0.0139446	0.0126423	0.18909	0.00673594	0.0148204	0.0130996	0.00889744	0.00504514	0.0168156	0.00499138	0.00334275	0.0100526	0.175544	0.0661178	0.0266322	0.00311208	0.00212571
157	0.626472	0.0210177	0.00480677	0.00458801	0.00311209	0.0557012	0.00161355	0.015422	0.00378773	0.00673461	0.00127495	0.00367737	0.00824829	0.00255917	0.00314204	0.168895	0.0391531	0.0273183	0.000583002	0.00189315
158	0.670699	0.0230159	0.000987197	0.0022399	0.00310693	0.053899	0.00129383	0.0158471	0.00159732	0.00541394	0.000762495	0.00119931	0.00297782	0.00118237	0.00193329	0.154799	0.023944	0.0332665	0.000508573	0.00132668
159	0.0339483	0.0109368	0.00148896	0.00191095	0.0547004	0.00220391	0.00632924	0.132049	0.0061905	0.431058	0.164807	0.00254622	0.00097837	0.00753175	0.00745027	0.00857899	0.0268367	0.0909306	0.000730713	0.00879365
160	0.243499	0.0275988	0.00553726	0.00782021	0.00485441	0.00582334	0.0264608	0.0279244	0.0464955	0.00990589	0.00519874	0.00618559	0.00482702	0.00535227	0.183349	0.053124	0.147745	0.182701	0.00173822	0.00385889
161	0.137016	0.00170709	0.0113475	0.0128838	0.0259638	0.0344948	0.00435734	0.15622	0.0331984	0.138772	0.0597995	0.003912	0.00396688	0.00563728	0.0155493	0.0464037	0.144911	0.161683	0.000880897	0.00129495
162	0.0523164	0.0136828	0.0295318	0.0236453	0.0119711	0.120872	0.0834383	0.0120491	0.0405019	0.0171292	0.0108416	0.1426	0.00913737	0.0204657	0.119854	0.0625021	0.0805834	0.0321565	0.0943828	0.0223375
163	0.0449657	0.000758529	0.0662805	0.0902369	0.000761266	0.0440281	0.0356697	0.00377496	0.275546	0.00197024	0.0142242	0.108176	0.00573513	0.0398377	0.169366	0.0592254	0.0285205	0.00959215	0.000727712	0.00060342
164	0.0285244	0.00709229	0.000886426	0.00118788	0.0540051	0.00166061	0.00608352	0.142284	0.00344146	0.450027	0.156834	0.00152477	0.000561004	0.00517215	0.00469637	0.00586156	0.0216088	0.0983011	0.000339134	0.00990858
165	0.0725567	0.000786067	0.0749621	0.108579	0.000665582	0.0405237	0.03201	0.00315226	0.235182	0.00500671	0.0141898	0.0930695	0.0072954	0.0494162	0.140641	0.0706422	0.0390363	0.00955383	0.000568006	0.0021634
166	0.122119	0.011493	0.00938493	0.0112537	0.00861494	0.00669614	0.0124966	0.151258	0.0228054	0.0396607	0.0233832	0.0110817	0.0296528	0.0133996	0.017654	0.0635425	0.119564	0.318143	0.00198511	0.00581156
167	0.0759851	0.02197	0.019926	0.0350926	0.00903374	0.0138931	0.00637057	0.0140869	0.0562144	0.00802123	0.00992781	0.0810873	0.00765504	0.00966929	0.0303925	0.165938	0.393122	0.0376822	0.00143844	0.00249412
168	0.043019	0.00638766	0.00314762	0.0039378	0.0189547	0.0046761	0.00529349	0.259465	0.00795905	0.13301	0.0908758	0.00260814	0.00406504	0.00366816	0.00687074	0.0106863	0.0272224	0.364628	0.000662716	0.00286338
169	0.0327509	0.00880085	0.000983278	0.000603611	0.00234329	0.00145877	0.00148019	0.305674	0.00132187	0.0465465	0.00441186	0.00109759	0.0045589	0.000585499	0.00185366	0.00136985	0.00923056	0.574335	0.000256699	0.000336768
170	0.00852227	0.0141101	0.00190411	0.00193244	0.557015	0.00471217	0.00766815	0.0566793	0.0121146	0.107291	0.0228608	0.00223202	0.00122063	0.00215871	0.0207573	0.0147209	0.00386612	0.0438017	0.0102459	0.106187
171	0.238474	0.00313665	0.016983	0.026707	0.00615121	0.0318666	0.0105593	0.0100367	0.0262647	0.0210981	0.0301287	0.00898472	0.366128	0.0283145	0.0187803	0.0798205	0.049774	0.0234257	0.00104206	0.00232472
172	0.0325308	0.00106908	0.271784	0.373979	0.000855495	0.0463207	0.011594	0.0075488	0.0373065	0.0127475	0.00108104	0.0549191	0.00479896	0.0415142	0.0160221	0.0468418	0.0252713	0.0108998	0.00160019	0.001316
173	0.0499645	0.00131527	0.276506	0.230852	0.00138117	0.030229	0.0145176	0.00859701	0.0439588	0.0215134	0.00242209	0.0933521	0.0436772	0.0332767	0.019488	0.0727625	0.0338559	0.0190376	0.0010475	0.00224517
174	0.0259495	0.0537886	0.0506346	0.0137543	0.0149252	0.0144629	0.207708	0.0136899	0.0187442	0.0258609	0.00962549	0.0271722	0.0101128	0.0548002	0.121524	0.031687	0.027328	0.025815	0.0932892	0.159128
175	0.0215837	0.0127032	0.00205287	0.00141415	0.0528575	0.00169358	0.00958162	0.198417	0.00576407	0.368047	0.113119	0.00258676	0.000708524	0.00398859	0.00881625	0.00546811	0.0171208	0.165953	0.000581048	0.00754387
176	0.0309459	0.00618587	0.00150508	0.00198022	0.0459301	0.00275624	0.0051065	0.160596	0.00461316	0.35325	0.228513	0.00255107	0.00123023	0.00528259	0.00558635	0.0105073	0.0202956	0.105745	0.000563402	0.00685571
177	0.240219	0.00197802	0.0263468	0.0339756	0.0119053	0.0580981	0.0157517	0.00427123	0.0255889	0.0151217	0.0111529	0.00809199	0.354813	0.0330043	0.0168127	0.0812204	0.0422103	0.0166839	0.00145976	0.00129483
178	0.0408226	0.015136	0.0204484	0.0262794	0.0138304	0.0531211	0.0554235	0.0141942	0.0670629	0.0215258	0.00967701	0.10247	0.011598	0.0279871	0.255903	0.0441984	0.0513241	0.0305801	0.107471	0.0309462
179	0.0265625	0.0125228	0.00414478	0.00441245	0.244173	0.00433674	0.0108805	0.10359	0.0101616	0.288256	0.0843214	0.00665373	0.00178448	0.00813428	0.0161222	0.0156047	0.0176277	0.0789085	0.00485379	0.0569492
180	0.013676	0.0160691	0.00344114	0.00352093	0.489438	0.00536194	0.0108787	0.0674682	0.012596	0.116819	0.0144853	0.00596471	0.00131975	0.00597186	0.0238221	0.0187031	0.00744278	0.0517632	0.0222057	0.109052
181	0.0715069	0.0111797	0.0398096	0.0254213	0.00710756	0.0227156	0.00513369	0.0163911	0.0412021	0.00759588	0.0108312	0.0717497	0.00801001	0.00757959	0.0302265	0.21328	0.371222	0.0359299	0.00112282	0.00198472
182	0.250252	0.000731207	0.0176732	0.0299209	0.00415747	0.032485	0.00982441	0.00302314	0.0261188	0.0133396	0.0137167	0.00683321	0.394789	0.0311335	0.0141514	0.089846	0.0461985	0.0144866	0.000545894	0.000773554
183	0.0967034	0.000911087	0.184513	0.259803	0.00063043	0.0417077	0.0140305	0.00470981	0.0754131	0.0154197	0.0058727	0.051769	0.00451748	0.0605484	0.0341663	0.0790924	0.0554484	0.0103022	0.000417455	0.00402458
184	0.0282957	0.00718779	0.00177713	0.0019729	0.0507539	0.00214303	0.00805084	0.181941	0.00576608	0.405146	0.142878	0.00198223	0.000887353	0.00434534	0.00775466	0.00654846	0.0222295	0.111801	0.000606949	0.00793174
185	0.487653	0.0188304	0.0151643	0.0200107	0.00712578	0.0539815	0.00661385	0.0229922	0.016202	0.0177282	0.00730547	0.00983101	0.0305417	0.0120228	0.0151708	0.130103	0.0609008	0.0626367	0.00194052	0.00324554
186	0.159924	0.00123704	0.0918124	0.155249	0.00058283	0.0426647	0.0175861	0.00116732	0.112146	0.0155953	0.0111062	0.055676	0.00476191	0.0758021	0.0557107	0.108044	0.0745248	0.00827061	0.000316406	0.00782284
187	0.011952	0.013722	0.00324655	0.0038789	0.449124	0.00599534	0.0329028	0.0500257	0.0413864	0.095267	0.00784471	0.00456746	0.00300808	0.00445494	0.061974	0.0145941	0.00685661	0.0477325	0.00737131	0.134096
188	0.00786053	0.00825051	0.00377267	0.00316823	0.112705	0.00209833	0.0248147	0.0149429	0.00593058	0.0156645	0.00346258	0.00818252	0.00429969	0.00434329	0.0106623	0.00935483	0.0164312	0.022728	0.0106398	0.710688
189	0.0557452	0.00186301	0.180647	0.381155	0.00328362	0.0395897	0.0106509	0.0107455	0.0572072	0.0154923	0.00508681	0.0378159	0.00948012	0.0523948	0.0330808	0.0474842	0.0347339	0.0171433	0.00191729	0.00448411
190	0.151847	0.00118222	0.0974894	0.157988	0.000523981	0.0464009	0.0183295	0.00118758	0.112432	0.0157342	0.0109064	0.0570447	0.0041883	0.0722396	0.0582889	0.10688	0.0719877	0.00792464	0.000297052	0.00712754
191	0.010108	0.0167862	0.00182525	0.0017077	0.510768	0.00403794	0.00746722	0.0791315	0.0115162	0.116125	0.00867842	0.00174428	0.000945267	0.00145553	0.0213299	0.012535	0.00311995	0.0549298	0.0125401	0.123249
192	0.0062836	0.00781842	0.00612136	0.00357225	0.10368	0.0027	0.0222935	0.0116043	0.00378447	0.0102545	0.00196373	0.00972111	0.00466228	0.00302942	0.00864524	0.00867814	0.0165645	0.0183494	0.0110758	0.739198
