232	20
1	0.00828309	0.00413323	0.0202663	0.00422369	0.00310931	0.00532592	0.00378586	0.0222446	0.00436396	0.00816353	0.02423	0.093154	0.00208683	0.00644214	0.00512348	0.37064	0.404434	0.00561684	0.0008042	0.00356933
2	0.00721356	0.00102772	0.000721064	0.00174337	0.00267218	0.00747256	0.00823797	0.27115	0.00111901	0.444645	0.0220507	0.0012621	0.000548716	0.00453404	0.00462779	0.00308062	0.00617636	0.206647	0.000278579	0.00479177
3	0.0166173	0.00136132	0.0142083	0.0563861	0.000950246	0.00702064	0.0386669	0.00418523	0.248348	0.0166129	0.0138291	0.0513897	0.00232053	0.170696	0.212267	0.0703386	0.0602552	0.00730496	0.00485723	0.00238372
4	0.0421609	0.00103406	0.140844	0.198809	0.00314651	0.0375948	0.0354417	0.00312245	0.0814332	0.00570683	0.00458546	0.105983	0.0302668	0.058036	0.0381433	0.103098	0.0986949	0.0082721	0.000249143	0.00337785
5	0.0053957	0.000881295	0.000916414	0.00199006	0.00222155	0.00897741	0.00617627	0.328628	0.00126828	0.37222	0.0216849	0.00157656	0.000580952	0.00494396	0.0038112	0.00303853	0.00480184	0.226818	0.000255935	0.00381278
6	0.00549453	0.000824001	0.000898167	0.00185498	0.00198586	0.00861553	0.00696573	0.308259	0.00117988	0.40509	0.0207489	0.00146163	0.00058267	0.00460338	0.00405026	0.00271168	0.00448478	0.216042	0.000242996	0.00390454
7	0.0236234	0.00432688	0.409948	0.3008	0.00642124	0.0209342	0.00378581	0.00394452	0.0145354	0.015949	0.0081936	0.0659102	0.00410271	0.0110068	0.0105167	0.0414295	0.0418333	0.0075902	0.000228435	0.00491981
8	0.0820256	0.00265925	0.0200112	0.0362872	0.00165977	0.0204258	0.0356075	0.00342852	0.0909479	0.0262178	0.0208599	0.139927	0.00616646	0.123517	0.0702187	0.218055	0.0771253	0.0207835	0.00114811	0.00292818
9	0.0496501	0.00235103	0.0883656	0.14979	0.00102297	0.0300527	0.0217547	0.00489548	0.188397	0.00409162	0.00318845	0.0432448	0.0152843	0.0981371	0.0903631	0.114237	0.0854963	0.00473425	0.000168269	0.00477543
10	0.0869319	0.0180143	0.0408806	0.0459022	0.0165857	0.251047	0.0137223	0.0226606	0.0290774	0.0290787	0.0229153	0.0746819	0.0193883	0.0389348	0.034642	0.134503	0.0710838	0.0343409	0.00371987	0.0118898
11	0.093282	0.0246288	0.0378213	0.0352453	0.0118414	0.269797	0.0144434	0.0217706	0.0220703	0.0308194	0.0221249	0.0714542	0.0217519	0.0354664	0.0331299	0.1353	0.0732762	0.0317246	0.00362597	0.0104266
12	0.0303135	0.00755979	0.0317837	0.0515526	0.0050091	0.0193196	0.0195049	0.0197237	0.35392	0.0490424	0.0227783	0.0465106	0.00918665	0.0716043	0.121488	0.0594282	0.0532246	0.0167617	0.00185781	0.00943066
13	0.0915805	0.0179178	0.0470266	0.0480693	0.011421	0.263057	0.0147978	0.0155581	0.0279162	0.0230526	0.0202917	0.0715849	0.0220934	0.0389713	0.0382083	0.137425	0.0659834	0.0286545	0.00381364	0.0125766
14	0.0932519	0.0221982	0.0397781	0.042929	0.0100611	0.263504	0.0118054	0.0195982	0.0281243	0.0227423	0.0218847	0.0694232	0.028024	0.0366986	0.03675	0.136191	0.0722902	0.0306662	0.00312784	0.0109514
15	0.0921716	0.0443272	0.0166884	0.0210008	0.0135053	0.131381	0.0126415	0.07655	0.0169086	0.056733	0.0457336	0.024877	0.00948782	0.0237713	0.0243215	0.120432	0.0730575	0.175768	0.00624872	0.0143951
16	0.0957647	0.0210817	0.0374552	0.0400233	0.0126282	0.25503	0.0128083	0.0206925	0.0321185	0.0298585	0.0232573	0.0703229	0.0226823	0.0349944	0.0412956	0.136065	0.0682543	0.0316678	0.00375567	0.0102437
17	0.0348113	0.00780123	0.0334627	0.0575329	0.00355307	0.0187149	0.0172738	0.0192768	0.348677	0.0523888	0.025755	0.0458626	0.014152	0.0706798	0.112451	0.0623152	0.0504399	0.0152214	0.00191452	0.007716
18	0.060319	0.031395	0.0136937	0.0161137	0.022957	0.0182857	0.0128874	0.173202	0.0192556	0.0958475	0.0567365	0.0203981	0.00674811	0.0199025	0.0140025	0.0657574	0.177658	0.154597	0.00610133	0.0141416
19	0.0840599	0.182463	0.00733593	0.00764135	0.0071344	0.031004	0.00631186	0.0236374	0.00792173	0.0204424	0.0172782	0.0255765	0.0104738	0.0133718	0.0106757	0.226714	0.189051	0.121148	0.002147	0.00561223
20	0.0944887	0.238978	0.00261411	0.0033853	0.00355382	0.0178803	0.00364858	0.0251504	0.00462436	0.0124604	0.00931408	0.00554061	0.014208	0.00567982	0.00446957	0.164438	0.191969	0.192541	0.00129376	0.00376261
21	0.0761104	0.334294	0.00492619	0.00488509	0.00874418	0.0221001	0.00461228	0.0174951	0.00565823	0.0189799	0.0135247	0.0113953	0.0102605	0.00988233	0.0061203	0.20641	0.121235	0.117239	0.00171952	0.00440786
22	0.118304	0.134874	0.00210902	0.00307347	0.00328316	0.101972	0.00286488	0.0401356	0.0033992	0.0146973	0.0413388	0.00587029	0.00593829	0.00563292	0.0124463	0.257989	0.0962786	0.139708	0.00647907	0.00360649
23	0.0138121	0.00207848	0.000549013	0.00115162	0.0402591	0.00267295	0.00213551	0.302001	0.000890562	0.275346	0.0736208	0.001962	0.00109838	0.0022394	0.00213873	0.00796394	0.0118473	0.252901	0.000349732	0.00498298
24	0.580631	0.00488132	0.00349758	0.0041721	0.00221868	0.0963812	0.00322262	0.0056785	0.00349146	0.00656983	0.00649974	0.00847933	0.00185312	0.00599099	0.0072833	0.218513	0.0267812	0.00966535	0.00126139	0.0029281
25	0.0147011	0.00466028	0.000504351	0.000585227	0.0056269	0.00098142	0.000577285	0.398233	0.000740647	0.0496821	0.0208246	0.000887622	0.00030006	0.000863682	0.00269754	0.0147882	0.0225271	0.455265	0.000148504	0.00540506
26	0.0728002	0.0499133	0.00618474	0.0367506	0.0139042	0.006963	0.0110566	0.0140592	0.0430942	0.330758	0.0891966	0.0123599	0.00830028	0.179633	0.0573381	0.0163194	0.0167289	0.0227514	0.00163929	0.0102492
27	0.0170617	0.000668996	0.000534533	0.00216065	0.0871709	0.00108833	0.000790302	0.190403	0.00146645	0.366778	0.209999	0.0053796	0.00187195	0.00273564	0.000732331	0.00565591	0.0116813	0.0855325	0.00096747	0.00732065
28	0.635351	0.00253868	0.00230998	0.00261165	0.00178205	0.044976	0.00253558	0.00357734	0.00302438	0.00576115	0.00432304	0.00483227	0.00159884	0.00418737	0.00350949	0.238451	0.0313905	0.00412179	0.000794884	0.0023223
29	0.0199586	0.0148899	0.00704164	0.00789442	0.32463	0.0113819	0.0167592	0.0269594	0.0119564	0.0887076	0.0263009	0.0157496	0.00517447	0.0220496	0.00920275	0.0459943	0.0583495	0.136585	0.00264847	0.147767
30	0.0167484	0.00196713	0.00134552	0.00235499	0.0507079	0.00501896	0.00558219	0.229369	0.00341073	0.388331	0.103183	0.00404621	0.0017592	0.00621766	0.00386016	0.00837518	0.0176074	0.142409	0.00136777	0.00633836
31	0.00679767	0.000775625	0.000780366	0.0018068	0.00670884	0.0074268	0.00829111	0.260684	0.00114104	0.465841	0.0291028	0.0014156	0.000649104	0.00479003	0.00451355	0.00284699	0.0057604	0.185452	0.000300789	0.00491558
32	0.00645731	0.000895049	0.000945975	0.00195833	0.00732834	0.00819808	0.00622865	0.312194	0.00126563	0.385286	0.0295337	0.0017131	0.000640971	0.00476336	0.00380671	0.00326499	0.00532851	0.215859	0.000276421	0.00405575
33	0.0995896	0.038337	0.0407962	0.0483952	0.0243901	0.0741357	0.0155639	0.0222961	0.0435853	0.0313292	0.0234286	0.0690777	0.0167827	0.0460556	0.035394	0.219576	0.0887887	0.0440707	0.00322287	0.0151848
34	0.0613702	0.0831631	0.00930878	0.011763	0.0158074	0.0213155	0.00847461	0.114729	0.0148447	0.0624379	0.037089	0.0189807	0.00988669	0.0189348	0.0115162	0.0947406	0.183431	0.205677	0.00362175	0.0129075
35	0.0322672	0.00442252	0.383469	0.183788	0.00603656	0.0304439	0.0135311	0.00850568	0.0293145	0.0149366	0.0106077	0.098785	0.0118372	0.0266751	0.0211588	0.053802	0.0496582	0.0146467	0.000583368	0.0055308
36	0.162245	0.0143944	0.0103854	0.0200117	0.00387709	0.0305315	0.0166348	0.0140775	0.0190855	0.0203368	0.00695333	0.0179537	0.537051	0.011788	0.018008	0.0489551	0.0165616	0.0170338	0.000846085	0.0132702
37	0.287203	0.0196497	0.0237161	0.0301701	0.0166414	0.0566719	0.018023	0.0319956	0.0334321	0.041083	0.0274761	0.0359104	0.0590876	0.033699	0.0247041	0.13926	0.0673933	0.038199	0.00245036	0.0132342
38	0.0401554	0.012867	0.030345	0.033809	0.016465	0.022743	0.329242	0.0194846	0.0378206	0.0410343	0.0244171	0.115563	0.0204029	0.0457282	0.0407682	0.0580373	0.0532087	0.0205062	0.00429758	0.0331048
39	0.0650413	0.0146181	0.0455004	0.0474138	0.00810998	0.0800718	0.0255854	0.0123475	0.0504927	0.0261326	0.0179679	0.161932	0.0109526	0.0644734	0.0436087	0.205412	0.0888368	0.0196498	0.00253304	0.00932083
40	0.0251609	0.00338998	0.0015298	0.0026416	0.0317037	0.00716553	0.00533018	0.216616	0.00760525	0.385616	0.088877	0.00400182	0.00127912	0.00694445	0.00570214	0.0128104	0.0522065	0.131232	0.0044862	0.00570214
41	0.145858	0.171106	0.00803549	0.00755881	0.0097024	0.0485973	0.00680784	0.0223452	0.00805589	0.0236416	0.0203111	0.0263459	0.0194097	0.0184627	0.0167592	0.232921	0.0907648	0.110604	0.00327726	0.00943584
42	0.029413	0.00433482	0.403815	0.177284	0.00599841	0.0254257	0.0121815	0.00939777	0.0354662	0.0189685	0.0105806	0.100198	0.00856302	0.0249815	0.0221452	0.0475769	0.041353	0.0161388	0.000443622	0.00573523
43	0.118284	0.229836	0.00289465	0.00353994	0.00359953	0.0244239	0.00383107	0.0249035	0.00471807	0.0120323	0.0118065	0.00727987	0.0138458	0.00655789	0.00486694	0.1655	0.175142	0.181411	0.00167593	0.00385168
44	0.0130653	0.00497762	0.00121211	0.00196197	0.33476	0.00209984	0.00237663	0.108094	0.00304646	0.266311	0.11633	0.00464672	0.00179553	0.00538957	0.00247918	0.0131317	0.0138588	0.0664257	0.000813483	0.037224
45	0.0446935	0.0525307	0.0993641	0.0245925	0.00286252	0.167487	0.00347319	0.00319632	0.0228557	0.014058	0.0125203	0.192949	0.00226377	0.0498149	0.0454215	0.212797	0.0270673	0.00497871	0.0075356	0.00953922
46	0.0567859	0.0110647	0.0576347	0.111686	0.0186301	0.022675	0.0165345	0.0785595	0.0297481	0.0343213	0.0299686	0.03306	0.00765052	0.179094	0.0196273	0.0639477	0.134385	0.0800356	0.00240304	0.0121881
47	0.0121562	0.00683698	0.00967593	0.026049	0.00151297	0.00367279	0.0124056	0.0196788	0.536702	0.0308437	0.0205599	0.0252104	0.00152635	0.0591309	0.161433	0.0231576	0.0338894	0.00824366	0.00168043	0.00563446
48	0.0213072	0.00311355	0.00170494	0.0026639	0.225673	0.00348887	0.00221678	0.174546	0.00348951	0.271933	0.116969	0.00468663	0.00257951	0.00428292	0.0023604	0.0160699	0.0292107	0.093147	0.00122276	0.0193336
49	0.0701773	0.00367907	0.0156976	0.0221775	0.00648318	0.288308	0.00833573	0.00516867	0.0155015	0.0123983	0.00574497	0.096854	0.00741259	0.0295448	0.0405245	0.161714	0.199331	0.0050161	0.00119897	0.00473243
50	0.065798	0.0042908	0.0506088	0.0659205	0.00312514	0.118744	0.0199864	0.00519246	0.159712	0.00939521	0.00649908	0.100472	0.0331156	0.06351	0.126617	0.102753	0.0469422	0.00806551	0.00109153	0.00816127
51	0.078321	0.00269025	0.128224	0.178639	0.036143	0.0276634	0.0244247	0.058794	0.0108366	0.00752355	0.00911727	0.0318159	0.00931438	0.0547859	0.00568652	0.0935537	0.19623	0.041354	0.000948682	0.0039344
52	0.193476	0.00940386	0.00301938	0.01238	0.00225294	0.0152124	0.0142331	0.0137198	0.0128176	0.0106022	0.00355518	0.00710534	0.610109	0.00495436	0.013528	0.0422817	0.00680661	0.0124338	0.000501902	0.0116073
53	0.0526717	0.00411104	0.0304118	0.0604662	0.00185141	0.0196905	0.0322935	0.0237838	0.154239	0.0144816	0.0110112	0.0560649	0.00694216	0.0995141	0.0990591	0.173488	0.13919	0.0132391	0.00163459	0.0058564
54	0.0297166	0.00587269	0.00392492	0.00524375	0.0197945	0.00480895	0.00584992	0.00619884	0.173719	0.357008	0.0327025	0.00689218	0.128961	0.113022	0.0427202	0.0101719	0.00879046	0.0388995	0.00120585	0.0044972
55	0.0140729	0.00483581	0.000487719	0.000556913	0.00557966	0.000946074	0.000536468	0.395173	0.000679741	0.050088	0.0197848	0.000809615	0.000296658	0.000851757	0.00275283	0.0140385	0.0194533	0.46409	0.000167503	0.00479818
56	0.0285853	0.000859007	0.143872	0.170713	0.00461381	0.0417439	0.0451723	0.00146614	0.10308	0.00401335	0.00330442	0.171605	0.0313051	0.0627188	0.0523983	0.0622763	0.0631794	0.00445441	0.000234808	0.0044047
57	0.0310194	0.00102678	0.199444	0.241755	0.00304682	0.0361715	0.0279127	0.00215688	0.0511807	0.00397728	0.00266261	0.0970924	0.0375767	0.0386908	0.0229029	0.0840672	0.110322	0.00643531	0.00023909	0.00231942
58	0.0605016	0.0141448	0.0383052	0.0311344	0.0067967	0.189033	0.0118204	0.00541571	0.0265192	0.0187581	0.0104934	0.180634	0.0102193	0.0473601	0.0388622	0.217444	0.0743418	0.00833397	0.00296001	0.00692148
59	0.0246596	0.01033	0.00500285	0.00791039	0.0490402	0.00749275	0.00967611	0.157669	0.0215541	0.379501	0.10559	0.0106812	0.00745394	0.0289452	0.0144343	0.0190721	0.0240259	0.104047	0.00141172	0.0115027
60	0.0675089	0.023635	0.0225965	0.00449652	0.269245	0.00548096	0.0440108	0.00681303	0.00549585	0.0147038	0.0253482	0.00682539	0.00214481	0.00882703	0.00523643	0.155743	0.0105712	0.0101704	0.0378548	0.273293
61	0.166375	0.228316	0.00381438	0.00476812	0.00517928	0.0508841	0.00483721	0.0225254	0.00561366	0.0149507	0.017122	0.00992458	0.0115768	0.00930158	0.0113175	0.139238	0.103833	0.182861	0.00251722	0.00504482
62	0.0740423	0.0214409	0.0182764	0.0175445	0.02254	0.0299195	0.0156956	0.0844278	0.0288357	0.134181	0.160673	0.0303707	0.00646904	0.032617	0.0210316	0.0682883	0.143701	0.0652769	0.00654162	0.0181267
63	0.0195884	0.00039063	0.000432617	0.00124037	0.0938367	0.000679825	0.000423476	0.2005	0.0010173	0.387127	0.168831	0.00380978	0.00210212	0.00165658	0.000509469	0.00553981	0.0099272	0.0959386	0.000617919	0.00583126
64	0.0851538	0.00156699	0.0414168	0.0664334	0.00120037	0.0268816	0.0299949	0.00249335	0.102535	0.0160585	0.0104822	0.127659	0.0149563	0.0993726	0.0564489	0.206635	0.0895666	0.0188943	0.000307882	0.00194339
65	0.0243048	0.0034673	0.431225	0.291418	0.00566562	0.0267521	0.00516103	0.00539212	0.0135323	0.0152888	0.0069234	0.0522407	0.00388891	0.00856825	0.0115265	0.0467555	0.0366072	0.00704416	0.000232123	0.00400637
66	0.0195884	0.00039063	0.000432617	0.00124037	0.0938367	0.000679825	0.000423476	0.2005	0.0010173	0.387127	0.168831	0.00380978	0.00210212	0.00165658	0.000509469	0.00553981	0.0099272	0.0959386	0.000617919	0.00583126
67	0.151231	0.011092	0.0089676	0.0104035	0.0499428	0.0186775	0.018628	0.107915	0.0150591	0.148982	0.0901661	0.00426933	0.00123443	0.0207733	0.0120547	0.0831023	0.162178	0.0657998	0.00418989	0.015333
68	0.0553429	0.00500324	0.0138115	0.0193828	0.0123142	0.241473	0.0117423	0.00261483	0.0178655	0.0205405	0.00428152	0.170591	0.00423148	0.0472938	0.0347677	0.231004	0.0993582	0.00352808	0.00136	0.00349366
69	0.146823	0.0115931	0.00699806	0.0106655	0.0045348	0.0556515	0.0084561	0.00835826	0.0160107	0.031468	0.0111411	0.0794726	0.00400486	0.0465003	0.0149941	0.398796	0.128114	0.010567	0.00116097	0.00469005
70	0.0195884	0.00039063	0.000432617	0.00124037	0.0938367	0.000679825	0.000423476	0.2005	0.0010173	0.387127	0.168831	0.00380978	0.00210212	0.00165658	0.000509469	0.00553981	0.0099272	0.0959386	0.000617919	0.00583126
71	0.162236	0.0114087	0.0126599	0.0229766	0.00649253	0.0278422	0.0167601	0.0141121	0.0239974	0.0248695	0.00861526	0.0158288	0.517591	0.0160038	0.0193534	0.0500735	0.0179964	0.0167159	0.000986241	0.0134801
72	0.0923448	0.0156745	0.0411892	0.0477375	0.00976753	0.267944	0.0131189	0.0165156	0.0265927	0.0259458	0.020267	0.0731574	0.0198816	0.0393343	0.0397541	0.142773	0.0685714	0.0253842	0.00418297	0.00986268
73	0.0141632	0.00457073	0.000525793	0.000634382	0.00582243	0.00110321	0.000590247	0.409744	0.000751037	0.0506366	0.0229068	0.000883007	0.00033398	0.000955271	0.00275688	0.0143507	0.0216208	0.441744	0.000175683	0.00573094
74	0.0220442	0.00562766	0.481406	0.0947137	0.00610912	0.0196467	0.0117568	0.00823443	0.0180031	0.0147954	0.0130772	0.159858	0.00733579	0.0221641	0.0144237	0.036144	0.0270854	0.02863	0.00145968	0.00748587
75	0.045141	0.00633497	0.207501	0.222721	0.00720197	0.0398312	0.0212185	0.0124046	0.0630675	0.0206761	0.0164078	0.071118	0.0163535	0.0477752	0.0357259	0.075491	0.0687246	0.0144042	0.000958651	0.0069429
76	0.161542	0.0149862	0.00854937	0.00881197	0.0332571	0.0483914	0.0140251	0.0985961	0.0139094	0.121647	0.0891443	0.0080191	0.00141369	0.0170276	0.0118721	0.0982166	0.149776	0.0748469	0.00618566	0.0197814
77	0.0411154	0.00334985	0.00207862	0.00387378	0.0557151	0.013404	0.00309116	0.169292	0.0213869	0.236836	0.198499	0.0106464	0.00165979	0.0112696	0.00924134	0.0289978	0.0666605	0.100353	0.0164392	0.00609091
78	0.169081	0.0729987	0.00809248	0.00917792	0.00538378	0.140553	0.00629991	0.0240899	0.00978564	0.0171434	0.0298193	0.0194104	0.00573613	0.01641	0.059332	0.263722	0.0431221	0.0868461	0.00604951	0.00694666
79	0.00365487	0.00825629	0.00153476	0.00164685	0.63853	0.0024322	0.00187954	0.0212892	0.00175291	0.139137	0.0291847	0.00241968	0.00121359	0.00241586	0.00188788	0.0189008	0.0108106	0.037233	0.000508694	0.0753118
80	0.15858	0.0387055	0.00283907	0.00333726	0.00356521	0.182618	0.00318452	0.0538456	0.00384481	0.0224398	0.0696201	0.00685041	0.00190377	0.00590639	0.0123538	0.218197	0.0741242	0.1207	0.0123768	0.00500756
81	0.0877798	0.00273896	0.035306	0.0857219	0.00361649	0.0192033	0.0245404	0.00803742	0.0904337	0.0327334	0.0177757	0.121051	0.00714836	0.136775	0.0541723	0.157674	0.0791344	0.0298393	0.000601438	0.0057174
82	0.0118146	0.00348263	0.000692341	0.00107717	0.00902651	0.00283065	0.00152631	0.375868	0.000864051	0.144474	0.0322818	0.00117765	0.000425702	0.00192903	0.00276232	0.0109111	0.0150252	0.379205	0.000188559	0.00443765
83	0.0168986	0.000561142	0.000568839	0.00220018	0.0864547	0.000942365	0.000682684	0.191004	0.00146426	0.365784	0.212257	0.00537617	0.00185592	0.00267617	0.000733953	0.00551451	0.0115083	0.0851803	0.000949326	0.00738715
84	0.0184284	0.00172538	0.0580969	0.0497808	0.0030526	0.0214178	0.0561844	0.00409395	0.241736	0.010402	0.0119606	0.122736	0.0111009	0.107272	0.168893	0.0559187	0.0395328	0.00766593	0.00230103	0.0077006
85	0.0263854	0.0107799	0.00910972	0.00994676	0.0241767	0.0126814	0.104822	0.151386	0.0141707	0.225404	0.0232627	0.016315	0.00636028	0.104333	0.0124869	0.114536	0.0276815	0.0309087	0.00274986	0.0725037
86	0.0146347	0.00495703	0.000477752	0.000559272	0.00541032	0.000924353	0.000608721	0.389783	0.000692978	0.0502534	0.0190569	0.00076875	0.000293726	0.000837564	0.00278189	0.0143096	0.0195016	0.469291	0.000152023	0.00470477
87	0.0241113	0.00182089	0.104488	0.0951375	0.00442524	0.0397679	0.0478894	0.00316387	0.14984	0.00639628	0.00517075	0.159799	0.0220066	0.112534	0.12201	0.0544783	0.0340352	0.00468561	0.000672264	0.0075673
88	0.0976099	0.00182989	0.0205317	0.0410093	0.00076069	0.0224378	0.0246354	0.00204072	0.0898007	0.0197858	0.0129819	0.13714	0.00785504	0.108083	0.0570366	0.240951	0.0933315	0.0202969	0.000419141	0.00146352
89	0.0151548	0.00959799	0.005155	0.00652657	0.00925573	0.0338622	0.0369736	0.0143543	0.01614	0.260898	0.317571	0.0419479	0.00363327	0.048184	0.01226	0.0195127	0.0706442	0.0151891	0.00154326	0.0615961
90	0.0265567	0.000801272	0.14595	0.174769	0.00532307	0.0465184	0.0450469	0.00157997	0.105779	0.00482339	0.00431822	0.159902	0.0259874	0.0644134	0.0561987	0.0642061	0.0580545	0.00452314	0.000230092	0.00501838
91	0.00415238	0.00836069	0.00161856	0.00164321	0.635261	0.00245648	0.00231188	0.0204529	0.00185217	0.136373	0.0288375	0.0026218	0.00115999	0.00256432	0.00195277	0.0196008	0.0108093	0.0368655	0.000671011	0.0804353
92	0.0261618	0.00352075	0.429412	0.274197	0.0054897	0.028215	0.00454553	0.00511325	0.0130203	0.0152921	0.00691864	0.0485514	0.00376793	0.00891569	0.0140387	0.0660418	0.035235	0.00718329	0.000366489	0.00401287
93	0.0420946	0.128044	0.00441879	0.00526865	0.00486217	0.00656369	0.00531366	0.108409	0.0289889	0.105697	0.0122391	0.0115199	0.00375357	0.0108395	0.00626105	0.0301772	0.260278	0.196848	0.0012031	0.0272197
94	0.0144115	0.00488186	0.000494262	0.000552596	0.00559739	0.000997018	0.000559286	0.398006	0.00072938	0.0500408	0.0207248	0.000792873	0.000294735	0.00087551	0.00274472	0.0144071	0.0217514	0.456549	0.000158667	0.00543127
95	0.0143802	0.00496452	0.000480494	0.000563945	0.00543843	0.000891382	0.000570233	0.389908	0.00068467	0.0492547	0.0189884	0.000766832	0.000290487	0.000828447	0.00275199	0.0139493	0.0191093	0.471461	0.000135691	0.00458219
96	0.042007	0.0175023	0.00885769	0.010988	0.322017	0.0128834	0.00751187	0.0974377	0.00784973	0.104951	0.0410209	0.00899224	0.00308044	0.0134795	0.00689074	0.0610382	0.0871579	0.104996	0.00253808	0.0387996
97	0.0623455	0.00706645	0.156823	0.117764	0.00912498	0.0429626	0.0258263	0.0120008	0.058576	0.030329	0.010224	0.0656629	0.126739	0.0768131	0.0323618	0.0686796	0.0682917	0.0179599	0.00115699	0.00929209
98	0.0595862	0.0165572	0.0645069	0.0847384	0.00929682	0.0392283	0.106184	0.0178501	0.0431209	0.0252487	0.01628	0.0694031	0.124803	0.0401163	0.0282782	0.0776796	0.131587	0.0261032	0.00286509	0.0165674
99	0.178507	0.0164707	0.0314717	0.0446218	0.0068193	0.198588	0.0121654	0.0123253	0.0459845	0.0165125	0.0135996	0.055952	0.0227062	0.0410741	0.0685029	0.141761	0.0573823	0.0245075	0.00303662	0.00801186
100	0.149075	0.0196782	0.0181998	0.0299926	0.00411475	0.0361233	0.0170187	0.0133163	0.0214174	0.0148471	0.00875892	0.021205	0.465964	0.0148884	0.0194805	0.0807238	0.0304397	0.0213487	0.00114221	0.0122655
101	0.0740921	0.0277261	0.0200952	0.0231759	0.0218379	0.0322086	0.0162249	0.0562711	0.0307727	0.110539	0.051006	0.0477917	0.00658737	0.0366216	0.0228127	0.153987	0.196841	0.0523782	0.00415773	0.0148729
102	0.157579	0.0200518	0.0268792	0.0348429	0.00574344	0.260286	0.0111989	0.014124	0.0248448	0.0174092	0.0175618	0.0561973	0.0380312	0.0335036	0.0350284	0.14173	0.0636648	0.0300722	0.00313815	0.00811342
103	0.0860888	0.00848432	0.0339826	0.0447116	0.00674216	0.0315831	0.178254	0.00807025	0.0582773	0.019694	0.0153618	0.136805	0.0140477	0.0646177	0.0432637	0.149869	0.065188	0.0175913	0.00215886	0.0152086
104	0.178873	0.024021	0.0133776	0.014118	0.0252609	0.0334338	0.015379	0.0727273	0.0214681	0.128696	0.0624157	0.0209745	0.00615933	0.0256004	0.0167129	0.0890892	0.175627	0.056122	0.00526836	0.0146755
105	0.121861	0.0232044	0.0124036	0.0165879	0.0141728	0.0234079	0.0140156	0.0246049	0.0557712	0.20947	0.0325131	0.0156306	0.252855	0.0459638	0.0250262	0.0406152	0.0266789	0.0307418	0.00187507	0.0126003
106	0.0354706	0.00516641	0.0302231	0.0601177	0.00254765	0.0196227	0.0249593	0.0134923	0.266363	0.0232188	0.0181427	0.0477534	0.00656771	0.0995303	0.162545	0.0792359	0.0818482	0.0130047	0.00288722	0.00730388
107	0.00739389	0.0061933	0.00119872	0.0015435	0.494901	0.00220751	0.00180879	0.0622671	0.00195392	0.206451	0.066288	0.00308432	0.00166937	0.00246567	0.00192501	0.0153774	0.0103894	0.0579825	0.000789172	0.0541114
108	0.0122184	0.00239838	0.00153504	0.00363064	0.0164213	0.00662461	0.00873358	0.250921	0.00491629	0.413314	0.0514625	0.00357735	0.00125381	0.0133317	0.00579904	0.00802253	0.0150637	0.173101	0.000935188	0.00674026
109	0.101011	0.00153545	0.020725	0.041941	0.000828406	0.0198933	0.0246368	0.00220708	0.0911175	0.0196398	0.0129508	0.132927	0.00904458	0.108466	0.0554113	0.240966	0.0948584	0.0200457	0.000354682	0.00144
110	0.0188131	0.000967477	0.000474092	0.00126395	0.123497	0.00108942	0.000559631	0.189685	0.00128589	0.373599	0.160155	0.00376079	0.00221841	0.00181362	0.000629783	0.0074271	0.0113387	0.0917079	0.000830929	0.00888307
111	0.0950148	0.0144643	0.0109589	0.0132157	0.0199788	0.0250343	0.0131674	0.0300993	0.0573213	0.182379	0.0360799	0.0157247	0.312627	0.0438427	0.0253384	0.0372564	0.0207721	0.0319449	0.00193231	0.0128475
112	0.0995148	0.00153243	0.0206101	0.0409359	0.000701614	0.0198062	0.0251923	0.00208186	0.0909467	0.0201	0.0131744	0.13471	0.00799751	0.109308	0.0572012	0.239741	0.0942953	0.020367	0.000370161	0.00141346
113	0.0744851	0.0035789	0.00285417	0.00371803	0.0132857	0.0168657	0.00434426	0.16544	0.0333715	0.177689	0.145613	0.0112162	0.00118637	0.017394	0.015033	0.0355842	0.153634	0.098676	0.0215255	0.00450559
114	0.0195297	0.000386419	0.000435407	0.00126227	0.0933748	0.000697561	0.000434584	0.200012	0.00100521	0.386775	0.170408	0.00388679	0.00207172	0.00168853	0.000521134	0.00547115	0.0100071	0.0955473	0.000608664	0.00587662
115	0.0318752	0.00131964	0.195817	0.233949	0.0033345	0.034254	0.0263728	0.00267746	0.0677111	0.00563543	0.00402423	0.0908404	0.0291719	0.0487407	0.0334884	0.0845775	0.0964217	0.00638864	0.000197771	0.00320287
116	0.0557503	0.00238744	0.0707077	0.126248	0.000976663	0.0407513	0.0176541	0.00546494	0.195102	0.00551202	0.00402137	0.03868	0.0142309	0.103708	0.109314	0.127738	0.0717214	0.00537991	0.000235129	0.00441649
117	0.156489	0.0436932	0.00271816	0.00332293	0.00342004	0.186015	0.00341748	0.0520206	0.00398536	0.0230156	0.065372	0.00572679	0.00213095	0.00486183	0.0129187	0.209729	0.0743198	0.128149	0.0138654	0.0048285
118	0.018632	0.000992755	0.000773655	0.00139558	0.12218	0.00105413	0.000943008	0.19585	0.00145631	0.371965	0.153753	0.00400082	0.00380809	0.00209668	0.000876469	0.00716075	0.0112574	0.092732	0.000806219	0.00826585
119	0.107179	0.00291764	0.057731	0.0824024	0.00208057	0.297116	0.00954289	0.00229402	0.0234599	0.00441511	0.00254322	0.0659687	0.0206951	0.0504479	0.0498535	0.151996	0.0620021	0.00282236	0.000588648	0.00394369
120	0.0189601	0.00628653	0.0101841	0.0224957	0.00408229	0.00779885	0.0153166	0.0395916	0.317566	0.0654567	0.0536478	0.0454392	0.00288611	0.0716402	0.145161	0.0318409	0.0779883	0.0337842	0.00301021	0.0268633
121	0.0195884	0.00039063	0.000432617	0.00124037	0.0938367	0.000679825	0.000423476	0.2005	0.0010173	0.387127	0.168831	0.00380978	0.00210212	0.00165658	0.000509469	0.00553981	0.0099272	0.0959386	0.000617919	0.00583126
122	0.0523477	0.00451052	0.00335139	0.00471001	0.0115737	0.0473295	0.0038522	0.165849	0.0326885	0.135908	0.197368	0.0310437	0.00179721	0.0232242	0.0229931	0.0507091	0.0902589	0.0906387	0.0249331	0.00491227
123	0.057321	0.00266632	0.064823	0.124464	0.000613497	0.0310767	0.0172795	0.00569656	0.203921	0.00566668	0.00441658	0.0344381	0.0104509	0.109914	0.111284	0.130578	0.0751477	0.00571212	0.000192651	0.00433712
124	0.0194153	0.000391451	0.000431038	0.0012798	0.0934409	0.000677641	0.000436197	0.199979	0.00103052	0.386612	0.17068	0.00389502	0.00209616	0.00167524	0.000509933	0.00546938	0.00994962	0.0954962	0.000641259	0.00589231
125	0.0639297	0.00248983	0.047909	0.0972674	0.000594271	0.0288704	0.0192903	0.00496363	0.190266	0.00977992	0.00649757	0.0544337	0.00839075	0.117007	0.112506	0.142207	0.0780444	0.0114189	0.000508327	0.00362653
126	0.0515242	0.0405022	0.0730664	0.0249891	0.00281081	0.144211	0.00493758	0.00274677	0.0257253	0.0159462	0.0142817	0.19633	0.00244901	0.0587716	0.0517034	0.228868	0.0366716	0.00522532	0.00887422	0.0103648
127	0.0101769	0.00119796	0.00636616	0.0309582	0.00142429	0.00277513	0.0401782	0.00533585	0.259767	0.0148462	0.0203887	0.0559192	0.00144701	0.166757	0.235776	0.0628217	0.0629285	0.0101071	0.00721308	0.00361601
128	0.00372436	0.00787576	0.00147336	0.00152462	0.618416	0.00237489	0.00179473	0.0261323	0.00202795	0.152791	0.0315494	0.00245242	0.001531	0.00244693	0.00201564	0.0177152	0.0114341	0.0423828	0.000579917	0.0697578
129	0.108302	0.00227561	0.0280507	0.0403277	0.00448561	0.345671	0.00828857	0.0024564	0.0213046	0.00787552	0.00282169	0.0944185	0.0117781	0.0407901	0.0430478	0.157802	0.0727643	0.00299677	0.000723674	0.00381927
130	0.0778251	0.0116602	0.0224429	0.0292098	0.00521729	0.249716	0.0107097	0.00901478	0.0187534	0.0146424	0.00877398	0.0711864	0.199968	0.0247156	0.0605335	0.104329	0.0368953	0.0104547	0.00173839	0.0322132
131	0.0166511	0.000584061	0.000579541	0.00234208	0.085782	0.00100026	0.000701214	0.19015	0.00153484	0.364089	0.215412	0.00540391	0.00185275	0.00286948	0.000797731	0.00556302	0.0115111	0.0846864	0.000984433	0.0075046
132	0.0195884	0.00039063	0.000432617	0.00124037	0.0938367	0.000679825	0.000423476	0.2005	0.0010173	0.387127	0.168831	0.00380978	0.00210212	0.00165658	0.000509469	0.00553981	0.0099272	0.0959386	0.000617919	0.00583126
133	0.0389796	0.00785213	0.0103008	0.0150373	0.00908805	0.177575	0.00746695	0.00288263	0.0114078	0.0228828	0.00520521	0.22863	0.00167901	0.0456722	0.0288836	0.268041	0.109008	0.00369545	0.00196337	0.00374832
134	0.130949	0.00707647	0.0170799	0.0271243	0.00280106	0.0417091	0.017234	0.00595858	0.0517365	0.0189101	0.0376098	0.135593	0.00638435	0.12814	0.0394654	0.224541	0.0844428	0.0165459	0.00136594	0.00533362
135	0.063191	0.0019849	0.203733	0.164769	0.00734589	0.0277802	0.0348642	0.0336217	0.0390416	0.0265464	0.0596498	0.0648499	0.00293446	0.09204	0.0133721	0.0799041	0.0353457	0.0351696	0.000553942	0.0133025
136	0.0185337	0.000422845	0.000462071	0.00160124	0.0898264	0.000786488	0.000479648	0.195142	0.00114445	0.3794	0.18864	0.00476737	0.0019362	0.00203362	0.000538379	0.00544851	0.0111116	0.0907689	0.000688209	0.00626908
137	0.149426	0.0124457	0.0100652	0.0119346	0.0518276	0.0205828	0.0194845	0.104123	0.0152165	0.148483	0.0899171	0.00449106	0.00126422	0.021496	0.0134265	0.0855189	0.159171	0.0605271	0.00352638	0.0170732
138	0.107144	0.00292687	0.0576768	0.0823864	0.00208057	0.297008	0.00951299	0.00229606	0.0234539	0.00440516	0.00255255	0.0660641	0.0206606	0.0504631	0.049801	0.152177	0.0620757	0.0028224	0.000589483	0.00390392
139	0.0152198	0.00648283	0.0129527	0.0202827	0.00150932	0.00349909	0.0107909	0.0188049	0.533849	0.0328762	0.0271535	0.0272848	0.00166377	0.0453432	0.166216	0.0201553	0.0379886	0.00940458	0.00157703	0.00694612
140	0.0188785	0.000397818	0.000432734	0.00123936	0.0881379	0.000917428	0.000792457	0.198123	0.000982535	0.397621	0.16455	0.00380345	0.0019898	0.00182194	0.000698983	0.00528915	0.0102549	0.0977335	0.000593822	0.00574195
141	0.0563491	0.00139662	0.171528	0.16788	0.0074352	0.0349461	0.0564845	0.0161777	0.0558048	0.0352495	0.03806	0.10776	0.00699923	0.0704101	0.0325541	0.0731223	0.0334204	0.014497	0.0003588	0.0195664
142	0.0414058	0.000787388	0.165647	0.242711	0.00456231	0.0406511	0.0333456	0.00519366	0.0496431	0.00265735	0.00223555	0.0870364	0.0405906	0.0421798	0.0194085	0.0911537	0.119997	0.00849018	0.00027998	0.00202331
143	0.0731378	0.00330569	0.00283909	0.00368677	0.0131797	0.0177803	0.00429128	0.165218	0.0338558	0.17898	0.15256	0.0111838	0.00115479	0.0178696	0.015612	0.034929	0.150235	0.0940545	0.0218045	0.00432287
144	0.0145894	0.0126574	0.00408024	0.0245222	0.0089494	0.00284519	0.0160752	0.0268468	0.227324	0.248555	0.105162	0.0303027	0.00420915	0.0709007	0.108104	0.0151825	0.0300086	0.0259144	0.000915367	0.022857
145	0.184949	0.00263667	0.0733926	0.109358	0.00226464	0.063019	0.00555504	0.018428	0.145962	0.0177662	0.00420146	0.0331458	0.0742436	0.0692397	0.0399083	0.0830098	0.0465845	0.0191968	0.00052596	0.0066133
146	0.031525	0.0146135	0.00345061	0.0046422	0.00538272	0.00618164	0.00446491	0.159164	0.00756451	0.0580184	0.0258517	0.0446432	0.00227305	0.0250862	0.00521884	0.0756735	0.233409	0.268189	0.00157735	0.0230709
147	0.014365	0.0048193	0.00055768	0.000674954	0.00563379	0.00104905	0.000541729	0.397315	0.000844637	0.049348	0.0217107	0.00129143	0.000338797	0.00110326	0.00275569	0.0157475	0.0225854	0.453814	0.000173168	0.00533142
148	0.0477527	0.00250431	0.0584228	0.122294	0.000578357	0.0261913	0.0213097	0.00600484	0.218636	0.00684878	0.00413883	0.0313021	0.00857842	0.123152	0.121389	0.112734	0.0786579	0.00481273	0.000567275	0.00412487
149	0.0474972	0.00275125	0.057544	0.124159	0.000596791	0.0254927	0.0204506	0.00740282	0.218845	0.00789597	0.00431649	0.0311011	0.00846854	0.119959	0.118592	0.115108	0.0799228	0.00509905	0.000518194	0.00427857
150	0.0135609	0.00427135	0.000477645	0.000603075	0.00815112	0.00119935	0.000711168	0.400826	0.000748991	0.0651234	0.023311	0.000834993	0.000335064	0.000924612	0.00282142	0.0136416	0.0189403	0.438423	0.000196065	0.00489867
151	0.0945478	0.0016667	0.0195705	0.0407071	0.000893216	0.0197734	0.0260806	0.00236805	0.0902639	0.0212154	0.0145886	0.13761	0.00738951	0.111053	0.0616393	0.236281	0.0891164	0.0233057	0.000456704	0.00147271
152	0.137069	0.00243798	0.0580258	0.122799	0.00121603	0.0371381	0.0102326	0.013996	0.191293	0.00969052	0.00353286	0.039632	0.0249411	0.0914082	0.0727133	0.0903363	0.0698874	0.0142438	0.000440481	0.00896581
153	0.0869976	0.00337743	0.124292	0.158084	0.004826	0.0295394	0.0344665	0.014695	0.0850752	0.0342915	0.0241933	0.0832211	0.0110277	0.0971536	0.0512351	0.0814888	0.0468326	0.0156327	0.000578763	0.0129915
154	0.00833275	0.00656274	0.00134624	0.00187079	0.471924	0.0023755	0.0018282	0.0688089	0.00256301	0.212986	0.0766143	0.00332301	0.00152524	0.00519866	0.00226487	0.0150809	0.011378	0.053205	0.000791193	0.0520212
155	0.0102097	0.00125526	0.00748394	0.0275419	0.00134031	0.00320717	0.0374707	0.00557	0.312041	0.0140295	0.0186555	0.052921	0.00160112	0.143916	0.225476	0.0537726	0.0622853	0.0114568	0.00588808	0.00387782
156	0.00865603	0.00322497	0.666313	0.00478222	0.00253573	0.0055738	0.0035656	0.00488909	0.00496985	0.00701999	0.00519502	0.230979	0.00301535	0.00585928	0.0048454	0.00979146	0.00919128	0.0144672	0.000985383	0.00414004
157	0.18889	0.0082264	0.00217118	0.0121741	0.00193726	0.0124954	0.0144833	0.0110689	0.0126512	0.00913947	0.0034388	0.00604821	0.627179	0.00351223	0.0136216	0.041825	0.005943	0.0124821	0.000542987	0.0121699
158	0.0245219	0.00393605	0.39152	0.301457	0.00699084	0.0206962	0.00490196	0.00383748	0.0166196	0.0168964	0.00901826	0.0705812	0.00494111	0.0134477	0.011278	0.0432084	0.042875	0.00819519	0.000243268	0.0048344
159	0.0218935	0.0233054	0.00191898	0.019169	0.0114177	0.00264814	0.0194811	0.0175528	0.128901	0.362547	0.133851	0.019595	0.00640647	0.0986668	0.0733471	0.0114429	0.012267	0.0200804	0.000561598	0.0149469
160	0.114258	0.238222	0.00461109	0.00478494	0.00581932	0.0236922	0.00688611	0.0299662	0.00795469	0.0273138	0.016616	0.0105527	0.0131958	0.0105929	0.00735134	0.137515	0.185182	0.145805	0.00177106	0.00791128
161	0.0590931	0.00633812	0.0973637	0.141783	0.00767147	0.0457908	0.02296	0.0143664	0.0752264	0.0162616	0.0120223	0.0769177	0.0155494	0.0657736	0.044417	0.145375	0.128213	0.0178682	0.000992584	0.00601652
162	0.0114791	0.00736654	0.00685089	0.00591542	0.506599	0.00742644	0.00372432	0.0497988	0.00354016	0.16932	0.0555539	0.00770051	0.00236773	0.00576553	0.00351165	0.0251021	0.0168643	0.0462716	0.00125703	0.0635855
163	0.0139928	0.00489551	0.000476753	0.00055897	0.00544226	0.000903506	0.000545273	0.392041	0.000684383	0.0498496	0.0191207	0.000743815	0.000286275	0.000848516	0.00286506	0.0139676	0.0184611	0.469644	0.000157275	0.00451531
164	0.168139	0.0467804	0.00592995	0.0102494	0.00478953	0.0683586	0.0133067	0.011954	0.0116856	0.0164428	0.00731266	0.0145912	0.510822	0.00780773	0.0171967	0.0413881	0.0135318	0.0144676	0.00106502	0.014181
165	0.0148562	0.00506458	0.000541344	0.000719251	0.0111702	0.00171301	0.00107233	0.371698	0.0011284	0.0922292	0.0295904	0.00155035	0.000561201	0.00175321	0.0028648	0.0136132	0.0210761	0.422862	0.000254382	0.00568239
166	0.0578384	0.226988	0.00584681	0.0110577	0.012921	0.0154421	0.00840328	0.030263	0.0215921	0.256793	0.128817	0.011194	0.00582711	0.0523357	0.0210777	0.0385177	0.0422367	0.0417339	0.00241561	0.00869888
167	0.0242437	0.00773343	0.00511679	0.00548414	0.0347377	0.00915856	0.00555335	0.317384	0.00616646	0.170373	0.0629086	0.00826796	0.00296772	0.00833523	0.0093308	0.0207844	0.0333153	0.256789	0.0015221	0.00982708
168	0.191138	0.00866948	0.0022385	0.0115467	0.00192417	0.0125966	0.0141904	0.0113892	0.0120807	0.00937754	0.00323593	0.00601436	0.626391	0.00356519	0.0130853	0.0421174	0.00601701	0.0122005	0.000515788	0.0117065
169	0.0461219	0.00631662	0.185748	0.218886	0.00854385	0.0482754	0.0199519	0.0124982	0.061782	0.0197165	0.0128486	0.0747909	0.0164151	0.0499416	0.0369513	0.08065	0.0758487	0.016922	0.00129781	0.00649395
170	0.0329107	0.0169986	0.0111704	0.0103487	0.418713	0.0182969	0.014815	0.0329041	0.00952363	0.10294	0.0356855	0.0160049	0.00719813	0.0151883	0.00852602	0.0794682	0.0322024	0.0414276	0.00627727	0.0894002
171	0.0181924	0.00327425	0.000934728	0.00199228	0.144156	0.00192459	0.00117411	0.171051	0.00382164	0.348702	0.170013	0.00495222	0.00192188	0.00397239	0.00240752	0.00903905	0.0138329	0.084958	0.00131211	0.0123683
172	0.16889	0.0225547	0.0184416	0.0305344	0.00434351	0.0471484	0.0155906	0.0121629	0.0281895	0.016194	0.00812562	0.0284377	0.375314	0.0237164	0.0244423	0.106694	0.0346785	0.0219021	0.00143771	0.0112016
173	0.0107818	0.00171523	0.000629981	0.00135044	0.0209411	0.00455875	0.00384294	0.295369	0.00110021	0.32033	0.0553011	0.00163823	0.000755169	0.00333357	0.00284211	0.00619663	0.0104938	0.253747	0.000345434	0.00472684
174	0.00872912	0.0124499	0.00296643	0.00285523	0.472109	0.00353581	0.0124624	0.0341053	0.00828562	0.157003	0.0402276	0.00977275	0.0021656	0.014055	0.00374108	0.0337499	0.0144321	0.0474638	0.00194714	0.117944
175	0.0445433	0.00428587	0.201618	0.218049	0.00750584	0.0373313	0.0246616	0.0107472	0.0632772	0.0168503	0.0130057	0.0793905	0.0182476	0.0541092	0.0401886	0.077704	0.0662268	0.0134668	0.00165384	0.00713727
176	0.0732953	0.0215031	0.0181218	0.0186874	0.0212751	0.0285733	0.0167198	0.0868246	0.0334775	0.119753	0.135052	0.031643	0.00699591	0.0285771	0.0205288	0.0727177	0.180746	0.0627178	0.00728633	0.015504
177	0.0305987	0.00372383	0.293199	0.255802	0.00562067	0.031373	0.0193009	0.00533123	0.0396253	0.0137442	0.00944248	0.0923798	0.0142412	0.0314218	0.023937	0.059228	0.0566827	0.00824197	0.000292028	0.00581431
178	0.0488671	0.013419	0.0404785	0.0554136	0.00929632	0.0348972	0.0306792	0.0207627	0.157383	0.0465574	0.02964	0.0634457	0.0227087	0.0917648	0.147941	0.091007	0.0576169	0.0216902	0.00334887	0.0130828
179	0.0204259	0.0126125	0.0011121	0.00400015	0.0643344	0.00319107	0.00499425	0.152454	0.0130935	0.398661	0.166407	0.00680461	0.00259334	0.0198157	0.00942014	0.00979932	0.0187077	0.0817602	0.00128391	0.00852931
180	0.0138393	0.00454065	0.000486485	0.000576267	0.00605423	0.000963683	0.000557623	0.401269	0.000681367	0.0510034	0.0207689	0.000766082	0.000275597	0.000832365	0.00284283	0.0141337	0.0196067	0.455682	0.000186211	0.00493333
181	0.125068	0.0183235	0.0356578	0.0431298	0.0299659	0.042627	0.03017	0.026392	0.0434545	0.0608119	0.0362473	0.0505636	0.0183956	0.14467	0.0378797	0.0792316	0.0529749	0.0306176	0.00510427	0.0887153
182	0.0497082	0.00225171	0.0839745	0.140284	0.00141633	0.0319064	0.0218835	0.00538464	0.187568	0.00584857	0.00466533	0.0471415	0.013423	0.10416	0.101688	0.115058	0.0731905	0.00537071	0.00025436	0.0048219
183	0.0263079	0.0130761	0.00591558	0.0109635	0.051915	0.00960003	0.00866914	0.160251	0.0230208	0.35706	0.0949857	0.0105489	0.00985926	0.0308029	0.0158121	0.0184097	0.0252931	0.111812	0.0021057	0.0135916
184	0.26865	0.0227306	0.0211407	0.00366558	0.00402492	0.0420503	0.0222362	0.0253402	0.00492303	0.010341	0.0813898	0.0627219	0.00231501	0.00783203	0.00540306	0.108667	0.276221	0.00734957	0.00100334	0.0219948
185	0.0932394	0.00158797	0.0193381	0.0397955	0.000853619	0.0200087	0.0243778	0.00200942	0.104394	0.0210676	0.0149816	0.135506	0.00670203	0.114173	0.0731921	0.217479	0.0858107	0.0232947	0.000458764	0.00172985
186	0.013704	0.030185	0.00477699	0.00427526	0.16821	0.00577397	0.0486884	0.0299456	0.023433	0.128941	0.0261938	0.0316735	0.00260169	0.0546082	0.00535821	0.0934329	0.0144142	0.0661809	0.00323135	0.244372
187	0.0263256	0.000754258	0.147334	0.175766	0.00508414	0.0504739	0.0458955	0.00170828	0.100638	0.00510507	0.00462172	0.164763	0.0260734	0.0632521	0.0535865	0.0622596	0.0560775	0.00475717	0.000241766	0.00528154
188	0.020234	0.00294199	0.000978022	0.00332263	0.0780145	0.00370201	0.00134884	0.200052	0.00363872	0.336706	0.211411	0.0064454	0.00189949	0.00507963	0.00299409	0.009066	0.0172658	0.084687	0.00227717	0.00793449
189	0.0724008	0.0173603	0.129446	0.0794074	0.00473898	0.212037	0.00961236	0.00599096	0.0262418	0.0112929	0.00942984	0.0893558	0.0136857	0.0420084	0.0416469	0.168429	0.0494715	0.0085676	0.00250242	0.00637419
190	0.0975777	0.238184	0.00247565	0.00314405	0.00351678	0.018102	0.00346633	0.0253822	0.00441794	0.011234	0.00941632	0.00574478	0.015574	0.00539361	0.00451583	0.165705	0.18298	0.198259	0.0013574	0.00355349
191	0.0238962	0.00434108	0.0775949	0.0458297	0.00526023	0.0246748	0.182956	0.0082046	0.0679729	0.0127747	0.0118819	0.187577	0.0148693	0.0848456	0.134358	0.0392284	0.0270106	0.00968419	0.00139321	0.0356473
192	0.160552	0.117709	0.0103942	0.00859831	0.00602041	0.0332396	0.00887778	0.0129237	0.00960866	0.0155047	0.014408	0.127543	0.00557899	0.0483547	0.0184564	0.276183	0.0459976	0.0698513	0.00260359	0.00759441
