229	20
1	0.159339	0.00888761	0.000121098	0.000152326	0.0718447	0.0446112	0.000165651	0.143582	0.000139322	0.360749	0.0137122	0.000179097	0.00139569	0.000216667	0.000186394	0.00698776	0.0152164	0.171564	0.000494929	0.00045493
2	0.151955	0.0103073	0.000145081	0.000171222	0.093554	0.0404834	0.000807319	0.116198	0.000153936	0.364184	0.0292248	0.000182709	0.00102181	0.000233616	0.000227155	0.0108096	0.0204211	0.150039	0.00614349	0.00373737
3	0.149503	0.0098183	0.00015669	0.000161604	0.0707358	0.037804	0.000221823	0.161339	0.000134337	0.334248	0.0117299	0.000234824	0.00126532	0.000256189	0.000236592	0.00789327	0.0151451	0.196284	0.0014768	0.00135624
4	0.130161	0.0108814	0.000343786	0.000321764	0.0234683	0.0211373	0.000348912	0.234232	0.000249874	0.250159	0.0139798	0.000593648	0.000621939	0.000451475	0.000625081	0.0145029	0.0189912	0.269956	0.00436374	0.00461068
5	0.118282	0.00785464	0.000256636	0.000295595	0.132248	0.0258936	0.00211164	0.0736806	0.000183819	0.377987	0.0604838	0.000286937	0.000244706	0.000411942	0.000552841	0.0167555	0.0289791	0.12288	0.0198107	0.0108004
6	0.0756279	0.00918926	0.00381012	0.00401392	0.0248745	0.0253901	0.0021202	0.0228451	0.00220986	0.0496839	0.0190091	0.00626372	0.480283	0.00548887	0.00374334	0.0916083	0.0846456	0.0648283	0.0026637	0.0217012
7	0.117289	0.00787027	0.000223605	0.000280959	0.132162	0.0259484	0.00208865	0.0731545	0.000173125	0.379212	0.0607972	0.000286089	0.00024706	0.000416281	0.000575355	0.0169168	0.0289451	0.122915	0.0199946	0.0105051
8	0.117403	0.0332095	0.000559457	0.000612765	0.151954	0.0494494	0.00187758	0.0625052	0.000556116	0.278434	0.0565314	0.000765157	0.000636938	0.00117888	0.000822861	0.0511291	0.0318699	0.128442	0.0150544	0.0170077
9	0.0971345	0.00145663	0.0294944	0.02157	0.0447055	0.00480469	0.0101373	0.0703667	0.0107646	0.187823	0.0849566	0.00975324	0.00117949	0.0745779	0.0703786	0.0755876	0.0865488	0.0679194	0.0119283	0.0389125
10	0.0318797	0.00582588	0.000312238	0.000297636	0.0368765	0.0108267	0.000341927	0.169383	0.000242462	0.480593	0.0888368	0.000397721	0.000722048	0.00715394	0.00396662	0.0141765	0.0306035	0.113863	0.000845866	0.00285442
11	0.0994911	0.00285828	0.0199861	0.0492658	0.0105623	0.0834681	0.00478784	0.0227879	0.0387151	0.0233039	0.00666201	0.18094	0.040979	0.0169309	0.0183578	0.202091	0.124423	0.0489345	0.00279863	0.00265652
12	0.0438173	0.00321243	0.0232446	0.00839715	0.0212448	0.00375904	0.0229626	0.117139	0.0313906	0.166316	0.100345	0.0357187	0.00139237	0.124107	0.0763885	0.0166996	0.0840126	0.0913273	0.00579529	0.0227299
13	0.117131	0.00787731	0.000223566	0.000280579	0.131954	0.0259233	0.00208141	0.0732835	0.000173121	0.379494	0.0609417	0.000286655	0.000249871	0.000421067	0.000581804	0.0168801	0.0289379	0.122804	0.0199849	0.0104901
14	0.495911	0.00898706	0.00124627	0.00125398	0.00368849	0.118348	0.000832738	0.00537886	0.00067454	0.0120437	0.0164442	0.00149289	0.00196731	0.00667841	0.00907278	0.105968	0.149908	0.0544198	0.00116698	0.00451648
15	0.0332519	0.00123174	0.0288087	0.0266943	0.00794174	0.0201128	0.00174705	0.0228561	0.195163	0.0570139	0.0188455	0.0263819	0.0193006	0.0869954	0.309971	0.0589723	0.0319139	0.0285298	0.00377012	0.0204982
16	0.0290951	0.000585576	0.00045823	0.000387493	0.409403	0.00166662	0.011052	0.0440386	0.000303403	0.0966183	0.0305897	0.000578689	0.00041878	0.000636653	0.00385907	0.00355697	0.0112791	0.0486992	0.0254666	0.281306
17	0.0272763	0.00745446	0.000288401	0.000309124	0.0466203	0.0116862	0.000323034	0.14224	0.000192014	0.555036	0.0875427	0.00037404	0.000336504	0.00598673	0.00341224	0.0111541	0.0205818	0.0741853	0.00165844	0.00334299
18	0.26145	0.112699	0.00105409	0.000589601	0.00869868	0.0283729	0.000619642	0.0520937	0.000432427	0.054998	0.0019031	0.00580154	0.000624531	0.000937544	0.000751025	0.140672	0.137785	0.188206	0.000778253	0.00153247
19	0.0183635	0.000560936	0.000373093	0.000341018	0.432187	0.00188697	0.00795828	0.0388576	0.000264186	0.152798	0.0368333	0.00049762	0.000334229	0.000557007	0.00203718	0.00319284	0.0089686	0.0431754	0.0343921	0.216422
20	0.406098	0.065752	0.0024397	0.000910953	0.0043786	0.174601	0.000532518	0.0171441	0.000474763	0.0169324	0.040861	0.00116755	0.00421819	0.00127398	0.00118052	0.150804	0.05853	0.0491747	0.000800269	0.00272589
21	0.0288486	0.00858393	0.000282551	0.000398688	0.0641442	0.00568293	0.000460775	0.240332	0.000316418	0.38537	0.111244	0.000513321	0.000823474	0.00283126	0.00127093	0.0111362	0.0168434	0.115143	0.000947162	0.00482794
22	0.153502	0.0113927	0.000180762	0.000218733	0.088559	0.0393345	0.000667262	0.122177	0.000152158	0.358881	0.0262318	0.000239921	0.00111457	0.00028554	0.000260964	0.0102583	0.0195602	0.158937	0.00485536	0.0031909
23	0.394559	0.0399815	0.00131458	0.00161225	0.00751668	0.196218	0.00107645	0.0189688	0.00130614	0.0259827	0.050384	0.00274126	0.00465776	0.00314793	0.00300858	0.0581405	0.103164	0.0817074	0.00157759	0.00293411
24	0.034859	0.00423486	0.000399399	0.000343931	0.0137918	0.00584021	0.000330218	0.315649	0.000275377	0.298385	0.0232178	0.000460926	0.000398621	0.000677943	0.000481378	0.00614929	0.0122567	0.280181	0.000911688	0.0011556
25	0.314571	0.0204047	0.0048245	0.00159205	0.00303865	0.153796	0.000902501	0.00531211	0.00067294	0.00579376	0.00476414	0.00598074	0.00329271	0.00287842	0.00216635	0.427425	0.0267424	0.00930883	0.00128514	0.00524791
26	0.0271376	0.00864919	0.000278583	0.000302678	0.0562452	0.00643969	0.000409537	0.203036	0.000257394	0.461921	0.101804	0.000364469	0.000457254	0.00418529	0.0020303	0.0100762	0.0175004	0.093035	0.000808855	0.00506167
27	0.309804	0.0797016	0.063872	0.00573227	0.00834976	0.100349	0.00250345	0.014548	0.00120556	0.0245429	0.00793786	0.00514715	0.00325071	0.00368008	0.00247781	0.266214	0.0377995	0.0550699	0.00242436	0.00538993
28	0.103244	0.00732831	0.000225369	0.000270424	0.118195	0.0231024	0.00176948	0.0834866	0.000179051	0.406101	0.0650838	0.000287367	0.000261976	0.00123653	0.000963003	0.0153128	0.0275246	0.11829	0.0176537	0.00948404
29	0.0836738	0.0139149	0.000308541	0.000275453	0.0134906	0.0117926	0.000342548	0.293195	0.000267028	0.229752	0.0221966	0.000468003	0.00150713	0.000795617	0.000515221	0.0148094	0.0231597	0.28573	0.00160917	0.00219717
30	0.0592349	0.0049019	0.00402162	0.00411816	0.152588	0.0515462	0.00446617	0.0278522	0.00384189	0.0916361	0.024955	0.00282011	0.00390468	0.0141179	0.0123376	0.027443	0.0420891	0.0405155	0.252977	0.174633
31	0.087355	0.000604022	0.00034338	0.0002947	0.00118826	0.860735	0.000339683	0.00332735	0.000289207	0.00212365	0.00108656	0.00313572	0.000411123	0.000533156	0.000438039	0.0222953	0.00679473	0.00235469	0.00574137	0.000608772
32	0.0476968	0.00908794	0.0264202	0.0310205	0.150652	0.00793901	0.11772	0.0227871	0.0254136	0.025308	0.014266	0.0580162	0.00243172	0.0617963	0.0907341	0.0391446	0.0203616	0.0502347	0.0101895	0.18878
33	0.374991	0.063475	0.000473798	0.000539509	0.00557998	0.22332	0.000501917	0.0198882	0.000425819	0.0212369	0.0735381	0.000731251	0.0063402	0.0010655	0.000858393	0.0429836	0.0894837	0.0728201	0.000578854	0.00116781
34	0.086525	0.000812494	0.00249716	0.00320628	0.00302985	0.811483	0.00196773	0.00420268	0.00235265	0.00625807	0.0021418	0.0125155	0.00116237	0.00372726	0.00193687	0.032248	0.0124317	0.00475088	0.00575873	0.000992118
35	0.0377945	0.00276272	0.000622049	0.000634687	0.0327981	0.00575604	0.000624656	0.27672	0.000531018	0.177132	0.121456	0.000667058	0.00693868	0.00838625	0.000870581	0.0115508	0.0438725	0.264297	0.00267301	0.00391211
36	0.0303678	0.00792968	0.00059275	0.000982479	0.0440736	0.0104753	0.000876849	0.128518	0.000324326	0.571748	0.0803392	0.000709227	0.000459341	0.00875669	0.00280103	0.0125528	0.0209316	0.070019	0.00262256	0.00491906
37	0.0966935	0.0428835	0.0180302	0.00913401	0.0137108	0.03981	0.00442211	0.0209031	0.00541309	0.0290247	0.00883167	0.090635	0.0072492	0.0155809	0.0143936	0.282812	0.193449	0.0961775	0.00420967	0.00663616
38	0.051276	0.00998526	0.000782156	0.000803005	0.148021	0.0147453	0.00168169	0.107755	0.000548426	0.418375	0.0776204	0.000729614	0.000677602	0.00449708	0.00238462	0.0159126	0.022128	0.0845024	0.0110928	0.026483
39	0.0927193	0.000888342	0.000375731	0.000311956	0.00118681	0.853524	0.00035693	0.00344048	0.000297274	0.00227637	0.00146281	0.00308675	0.00049292	0.000516415	0.000448286	0.0226532	0.00709326	0.00261045	0.00567363	0.000584682
40	0.0484194	0.00710389	0.00939708	0.0221674	0.0197993	0.0182321	0.133593	0.025513	0.0144966	0.0378909	0.0185406	0.0170659	0.00530463	0.471957	0.0163915	0.0316639	0.0309198	0.0416965	0.0136147	0.0162334
41	0.384994	0.0530388	0.000986014	0.000641297	0.0099152	0.214596	0.000773525	0.0188746	0.000648849	0.0222188	0.0711429	0.00108697	0.00574502	0.00163526	0.00174967	0.0426143	0.0940173	0.0725899	0.00103484	0.00169638
42	0.112964	0.0117818	0.000301582	0.00024693	0.0127883	0.0169636	0.000244486	0.257722	0.000202129	0.25342	0.0169059	0.000395402	0.000565662	0.000464865	0.000450012	0.0134819	0.0184065	0.277434	0.00246982	0.00279194
43	0.037098	0.000919185	0.000876877	0.000844951	0.42976	0.00553349	0.0118456	0.0341569	0.000606004	0.0825851	0.0335485	0.00101929	0.000420189	0.00169246	0.00428225	0.00471326	0.0126349	0.0389074	0.0336662	0.26489
44	0.0363352	0.00165797	0.000916538	0.0012061	0.370837	0.0106494	0.0065899	0.0456177	0.000741809	0.185411	0.0371727	0.000765617	0.000628393	0.00294266	0.00312917	0.00938752	0.0149931	0.0557506	0.0443486	0.170919
45	0.130732	0.00210727	0.0010255	0.000863698	0.00135101	0.782444	0.000384312	0.00401649	0.00030375	0.0024695	0.00132317	0.00311087	0.000752247	0.000762417	0.000654853	0.0493129	0.00947143	0.00301971	0.0048776	0.00101721
46	0.0784889	0.0082369	0.00028594	0.000265601	0.0286703	0.0170831	0.000256574	0.25703	0.000172899	0.313622	0.0257454	0.000341705	0.00059081	0.00187056	0.00106037	0.0122402	0.0177543	0.231413	0.00215052	0.00272221
47	0.148024	0.000633268	0.000418853	0.000354764	0.00150031	0.795354	0.000371183	0.00415364	0.000306856	0.00240969	0.00126863	0.0026137	0.000641677	0.000680108	0.000537339	0.0259928	0.00660216	0.00274065	0.00467533	0.000721454
48	0.183245	0.000555747	0.000474047	0.000401001	0.00164365	0.75911	0.000399814	0.00432114	0.00034747	0.0025762	0.00141682	0.00233616	0.000892168	0.000752648	0.000585491	0.0271771	0.00610757	0.00290761	0.00393407	0.000816461
49	0.0347212	0.00169122	0.00164531	0.00145113	0.365563	0.00742992	0.0144704	0.0366441	0.00117014	0.0785787	0.0285149	0.00217532	0.000871139	0.00348383	0.00663719	0.00892796	0.0158049	0.0409772	0.0342777	0.314965
50	0.37452	0.0639299	0.000479123	0.000569942	0.00591728	0.219954	0.000481334	0.0218373	0.000429646	0.0213365	0.0756406	0.000755111	0.00613865	0.00112086	0.000853457	0.0424936	0.0867081	0.075064	0.000592317	0.00117825
51	0.0913427	0.0183618	0.00157926	0.00206714	0.145942	0.0183859	0.0163324	0.123175	0.00080618	0.261421	0.116088	0.00238764	0.0015515	0.00445365	0.00211851	0.0235916	0.022246	0.0907365	0.0245791	0.0328338
52	0.183512	0.000555747	0.000474351	0.000401001	0.00164254	0.758848	0.000399853	0.00431868	0.000347471	0.0025708	0.0014145	0.00233124	0.000895009	0.000752648	0.000585261	0.0271941	0.00610322	0.00291345	0.00392399	0.000816467
53	0.0630492	0.003975	0.0116326	0.00918649	0.0452057	0.00582665	0.0104147	0.127253	0.0094034	0.20463	0.111735	0.0118636	0.00373248	0.0601907	0.0285011	0.0305311	0.0523646	0.163585	0.0065652	0.0403538
54	0.050963	0.0288098	0.00764906	0.00958632	0.134897	0.00875827	0.215189	0.0429455	0.00589022	0.0463634	0.0331755	0.0421872	0.00232934	0.0218526	0.0202736	0.0399252	0.0465411	0.06822	0.0280914	0.146352
55	0.174843	0.00581639	0.0147781	0.0208899	0.048053	0.0246127	0.00746264	0.0359635	0.00337727	0.190582	0.111812	0.00477087	0.00397953	0.0311807	0.0164037	0.0921459	0.0970693	0.0528092	0.0105379	0.0529127
56	0.0484934	0.0025242	0.0212427	0.0192852	0.0159691	0.00552521	0.0221252	0.09068	0.0741108	0.157425	0.0795345	0.0353809	0.0018341	0.131606	0.0727721	0.0303695	0.0765143	0.0759373	0.00788925	0.0307822
57	0.0469824	0.00343593	0.0261434	0.00863238	0.0201072	0.00390177	0.0265634	0.1177	0.0244099	0.177665	0.0949833	0.0300659	0.00161912	0.115308	0.0866287	0.0176684	0.081586	0.0851011	0.00622267	0.0252749
58	0.0958923	0.00161231	0.0365107	0.365084	0.00405722	0.0230352	0.023546	0.00600542	0.0962168	0.0135131	0.00506281	0.0049607	0.00311259	0.0835636	0.0297008	0.0982215	0.0475109	0.0466361	0.00636446	0.00939313
59	0.0719811	0.00623672	0.000664439	0.000943804	0.190332	0.0235743	0.00329447	0.0889329	0.000608133	0.331757	0.0426416	0.000650779	0.000451017	0.00247461	0.00209224	0.0155172	0.021521	0.104853	0.0295018	0.0619712
60	0.178516	0.0136653	0.00441782	0.00533335	0.0237422	0.0691507	0.00209304	0.0200024	0.00323353	0.0323662	0.019165	0.00787509	0.373455	0.00636245	0.00476731	0.108545	0.052247	0.0620837	0.00290044	0.0100788
61	0.101308	0.00326757	0.00241185	0.00318095	0.137639	0.0301378	0.00222363	0.010396	0.00257245	0.12977	0.0468577	0.00397742	0.020608	0.0409452	0.00488812	0.0684988	0.0343029	0.0185685	0.318396	0.0200502
62	0.0187561	0.000545283	0.000372927	0.000340447	0.437497	0.00185859	0.00830858	0.0379269	0.00026671	0.149838	0.0366406	0.00051394	0.00033163	0.000589371	0.00207034	0.00297495	0.00867557	0.0419884	0.0352991	0.215206
63	0.0642552	0.00566683	0.00520481	0.00417115	0.11988	0.0709514	0.00360352	0.0452858	0.00461312	0.0932041	0.0246929	0.00317265	0.00260429	0.0158961	0.0144662	0.0296374	0.0473035	0.0446552	0.232426	0.168309
64	0.0902969	0.00117884	0.0302511	0.1146	0.00390136	0.016835	0.0715277	0.009532	0.0901235	0.0562984	0.0141562	0.0228232	0.00280317	0.177147	0.0486693	0.0706633	0.055608	0.0419619	0.0338171	0.0478058
65	0.0660269	0.00910418	0.00249501	0.0041912	0.0645176	0.0483179	0.00282112	0.0449853	0.00225137	0.0400354	0.0403216	0.00392733	0.447795	0.00530187	0.00404228	0.044162	0.0510142	0.10343	0.00409468	0.011166
66	0.101072	0.00915516	0.0115048	0.0131107	0.227747	0.0193995	0.00516956	0.0217976	0.00447474	0.122791	0.0571321	0.0103032	0.00619624	0.0176559	0.00987363	0.189459	0.104582	0.0409783	0.00738591	0.0202118
67	0.0868605	0.00131227	0.0352018	0.117108	0.00500106	0.0169026	0.0741471	0.00933597	0.0898025	0.0479523	0.0122418	0.0281533	0.00380499	0.176853	0.0518253	0.0718865	0.0524237	0.0393696	0.0338177	0.0459997
68	0.488878	0.00564379	0.00104233	0.00116517	0.00374895	0.111139	0.00077622	0.0046484	0.000694044	0.0115922	0.0170651	0.00135909	0.00156945	0.00881788	0.00701117	0.102094	0.164186	0.0625646	0.00107113	0.00493278
69	0.0308353	0.0101677	0.000264965	0.00033854	0.0615239	0.00670429	0.000415989	0.207876	0.000213696	0.44615	0.105878	0.000337676	0.00032122	0.00314216	0.00175449	0.0112636	0.017179	0.0897145	0.0010342	0.00488438
70	0.154602	0.00880734	0.000122584	0.000155083	0.0726938	0.0415632	0.000169112	0.152127	0.000168307	0.355158	0.0135484	0.000195693	0.00174471	0.000234304	0.000187401	0.00694699	0.015012	0.175076	0.0007143	0.00077414
71	0.352336	0.00425656	0.00140181	0.00164051	0.0126277	0.121078	0.00122421	0.0503768	0.00128308	0.278213	0.0822799	0.0019722	0.00165148	0.00253266	0.00175686	0.0166289	0.0398477	0.0235198	0.00187649	0.00349679
72	0.222366	0.0242862	0.00173491	0.0015924	0.0100312	0.123272	0.00146776	0.226001	0.00108821	0.021693	0.0824917	0.00173072	0.0016483	0.00242936	0.00213146	0.0514486	0.00932076	0.21019	0.00204479	0.00303113
73	0.0313154	0.00120303	0.00056246	0.00057257	0.0583691	0.00327975	0.000518168	0.195801	0.000388938	0.188562	0.0829492	0.000604476	0.00958544	0.00296916	0.000818687	0.00637015	0.0521684	0.353885	0.00550906	0.00456787
74	0.159499	0.0088986	0.000125006	0.000151419	0.0710567	0.0446514	0.000150777	0.144289	0.000139597	0.360494	0.0132113	0.000180281	0.00139594	0.000222111	0.000185179	0.00684456	0.0151099	0.172606	0.000385384	0.000404012
75	0.131817	0.013157	0.000255853	0.000259241	0.0253301	0.02763	0.000201785	0.219239	0.000204282	0.278427	0.0132422	0.000382716	0.000624618	0.000398709	0.000368136	0.0108527	0.0152183	0.257929	0.00214601	0.00231611
76	0.345728	0.024316	0.00300522	0.00306666	0.00903952	0.195555	0.00128181	0.0142062	0.00170049	0.0208772	0.0234793	0.00450784	0.113964	0.00271729	0.00224329	0.136992	0.0454455	0.0436182	0.00305739	0.00519999
77	0.375114	0.0631321	0.000476021	0.000539494	0.00560073	0.223537	0.000501393	0.0197824	0.000423854	0.0212595	0.0734282	0.000730431	0.00637755	0.00108677	0.000866428	0.0428306	0.0896562	0.0728987	0.000589702	0.00116889
78	0.159679	0.00891292	0.000123415	0.000153997	0.0714134	0.044733	0.000152941	0.143885	0.0001395	0.36082	0.0133036	0.000181321	0.00140121	0.000216753	0.000187114	0.00687089	0.0151145	0.17196	0.000361648	0.000389248
79	0.0652158	0.00239453	0.000315951	0.000303924	0.104185	0.0163866	0.000292784	0.209487	0.000234515	0.269501	0.0212932	0.000526944	0.00135702	0.000873849	0.000448668	0.00830511	0.0225451	0.26243	0.00722359	0.00668091
80	0.425807	0.0235838	0.00507247	0.00361024	0.00738313	0.141354	0.00198652	0.00822717	0.00158575	0.0143262	0.0100924	0.00472505	0.00355253	0.00380315	0.00336984	0.254785	0.0361768	0.0201577	0.00335058	0.0270505
81	0.201242	0.00228277	0.00162896	0.00169147	0.173992	0.124999	0.00124917	0.00747782	0.00107756	0.231156	0.0180366	0.00189503	0.00152412	0.00227138	0.00218648	0.0214206	0.00793199	0.0593049	0.0452317	0.0934007
82	0.115837	0.0132404	0.000301449	0.000276477	0.0116405	0.0180589	0.000230288	0.256406	0.000210875	0.251193	0.0148616	0.000422994	0.000398721	0.000482945	0.00041809	0.0126294	0.0171621	0.28102	0.00243967	0.00276858
83	0.0595175	0.0015757	0.000306648	0.0003048	0.115058	0.0171432	0.000301331	0.234363	0.000217579	0.273539	0.00902606	0.000614509	0.000525747	0.000519027	0.000502468	0.00668644	0.0185557	0.243471	0.00893419	0.00883761
84	0.303973	0.0216689	0.00391721	0.00216849	0.00254434	0.304436	0.000694576	0.00542655	0.000640123	0.00551526	0.00384212	0.00366625	0.0025672	0.001103	0.00120473	0.301245	0.0192589	0.00921461	0.00187366	0.00504035
85	0.0677988	0.00434707	0.00310813	0.00345744	0.179614	0.0611327	0.000484624	0.0125975	0.00432638	0.0984983	0.0309416	0.000781298	0.000811526	0.0161525	0.017004	0.0280916	0.0671879	0.0404729	0.148627	0.214564
86	0.101829	0.00897687	0.000724157	0.000911105	0.188524	0.0279975	0.00250825	0.0747479	0.00028695	0.34529	0.0539207	0.000781572	0.0007838	0.00146524	0.000956179	0.0228677	0.0238453	0.111688	0.0167168	0.0151797
87	0.0442926	0.00250771	0.000448621	0.000560824	0.0334152	0.00458518	0.000534888	0.238708	0.000532965	0.182545	0.0985469	0.000692783	0.00937659	0.00458943	0.000742754	0.00945717	0.0543524	0.306659	0.00303379	0.00441859
88	0.0624716	0.00396687	0.000533186	0.000496577	0.134523	0.0169933	0.000705395	0.194912	0.000391116	0.275495	0.0287727	0.000756153	0.00125392	0.00142563	0.000720291	0.0103633	0.0218502	0.225644	0.00821625	0.0105093
89	0.0340605	0.000962789	0.0226444	0.0284797	0.00801521	0.0273428	0.00132028	0.00979768	0.189671	0.0411881	0.0128802	0.0297437	0.0267915	0.0838003	0.356836	0.0713476	0.0245466	0.0147536	0.00348873	0.0123297
90	0.0800934	0.0077376	0.000494693	0.000612799	0.0141209	0.00316092	0.00128621	0.21757	0.000417855	0.0461021	0.0186917	0.00443385	0.00498791	0.000910377	0.00135064	0.0221136	0.0593545	0.513899	0.000625637	0.00203635
91	0.0517765	0.00212304	0.0205912	0.0377405	0.00606295	0.0502721	0.0148202	0.00955622	0.0887993	0.0168647	0.00933663	0.0842157	0.0107252	0.0468759	0.15262	0.262168	0.094493	0.0338825	0.00305848	0.00401868
92	0.0641324	0.0088583	0.208058	0.0113655	0.0264534	0.192427	0.0687691	0.0300696	0.00672945	0.101514	0.0198435	0.0154505	0.00739611	0.0151932	0.0109244	0.0444957	0.0363967	0.107662	0.0102908	0.0139706
93	0.141807	0.00649963	0.00194344	0.00189699	0.00812264	0.00624504	0.0159659	0.105557	0.00133237	0.0235559	0.00902997	0.00279827	0.0827659	0.00260662	0.00253343	0.0308331	0.179691	0.371177	0.00221214	0.00342738
94	0.0336557	0.0012406	0.000932463	0.000566694	0.438583	0.00203485	0.0164506	0.0351558	0.000545578	0.0770244	0.0329199	0.00151625	0.00040658	0.00126628	0.00448111	0.00355175	0.0107346	0.0384971	0.0286419	0.271795
95	0.0538376	0.00254984	0.000637242	0.000538996	0.175131	0.0159904	0.000712504	0.20051	0.000334946	0.258832	0.0140385	0.00075505	0.000990443	0.00112263	0.000832346	0.00923523	0.0181444	0.221876	0.00914528	0.014785
96	0.464369	0.0163323	0.00286937	0.0012196	0.0028751	0.117579	0.000703234	0.00449137	0.000575272	0.00755873	0.00637784	0.00222128	0.00207105	0.00345358	0.00398154	0.242547	0.0889507	0.0260877	0.00113939	0.0045975
97	0.043573	0.00464655	0.0003432	0.000339921	0.0321417	0.00923507	0.000368019	0.299697	0.000214894	0.27918	0.0277959	0.000506118	0.00104372	0.00103173	0.000497078	0.00713763	0.0175377	0.270153	0.00218042	0.00237724
98	0.0269265	0.00701744	0.000425021	0.000476011	0.0397295	0.00985777	0.000566267	0.295375	0.000432556	0.302986	0.114964	0.000584892	0.00169866	0.00465225	0.00130159	0.0160816	0.0226044	0.14964	0.00101656	0.00366362
99	0.0535968	0.00301874	0.033371	0.00257937	0.00823576	0.0598823	0.00104939	0.00282236	0.00164333	0.00845003	0.00607282	0.0657342	0.00570989	0.0331048	0.0234186	0.465094	0.194186	0.0213127	0.00432642	0.00639107
100	0.033194	0.00548761	0.00442074	0.00323662	0.0310348	0.00904137	0.00348965	0.122506	0.00451024	0.508778	0.0838691	0.00493396	0.00124815	0.0347243	0.0149403	0.0178354	0.0330536	0.0727562	0.00289749	0.00804268
101	0.305112	0.0914342	0.00171996	0.000785742	0.00756685	0.0449278	0.000835003	0.0388179	0.000817686	0.0414631	0.00962762	0.00454259	0.00202895	0.00156943	0.00112888	0.117512	0.133843	0.192619	0.000927288	0.00272066
102	0.0990761	0.00744683	0.000246967	0.00032834	0.106817	0.0236987	0.00163021	0.0875667	0.000206976	0.40758	0.0716287	0.000342369	0.000239047	0.00175675	0.00208089	0.0189973	0.0307051	0.116849	0.0146673	0.00813547
103	0.260047	0.102743	0.00106248	0.00173588	0.00903348	0.0296049	0.000659413	0.0493184	0.000503998	0.0597913	0.00218294	0.00990023	0.000743154	0.00126935	0.000880902	0.135546	0.13981	0.192675	0.000919097	0.00157351
104	0.0820981	0.00228682	0.017205	0.0266637	0.133073	0.00699267	0.00538945	0.0693698	0.000730976	0.236586	0.0636003	0.00213519	0.00108726	0.0358484	0.00685628	0.0948512	0.0270247	0.084018	0.0192536	0.0849301
105	0.207585	0.0285241	0.000802894	0.000587605	0.0208823	0.0690473	0.000576241	0.157367	0.00062075	0.147463	0.0706915	0.000783444	0.00095818	0.00093744	0.000882119	0.0129442	0.0156162	0.259872	0.00171444	0.00214447
106	0.119661	0.0224447	0.000290715	0.000458182	0.144921	0.0407547	0.00197669	0.0694735	0.000276189	0.321956	0.0650622	0.000482609	0.000463514	0.000711256	0.000566777	0.0283299	0.0292885	0.126409	0.0150011	0.0114732
107	0.121594	0.00114651	0.0258309	0.0522814	0.0693495	0.00864121	0.0117494	0.0312597	0.00236815	0.190057	0.0713361	0.00255588	0.00144189	0.0571084	0.0181388	0.133673	0.0660037	0.0617703	0.00872633	0.0649679
108	0.0421198	0.00446052	0.0181335	0.00861148	0.0282035	0.00468246	0.0392957	0.116921	0.0202086	0.150025	0.0728058	0.0367751	0.00154272	0.115967	0.0761906	0.0161755	0.110666	0.103501	0.00677031	0.0269435
109	0.1027	0.00799105	0.00260693	0.00440275	0.148501	0.0210195	0.00908652	0.0786981	0.000493269	0.32937	0.0511043	0.00100914	0.000723071	0.00624884	0.00171959	0.0357911	0.0238196	0.108561	0.0320889	0.0340663
110	0.0847268	0.00690874	0.000277569	0.000321234	0.0888523	0.0204226	0.000649113	0.185508	0.000266622	0.348011	0.0550733	0.000425555	0.00119955	0.00159173	0.000828768	0.0103167	0.0193784	0.165488	0.00500108	0.00475399
111	0.092475	0.00483675	0.00233465	0.00334008	0.0509203	0.0449106	0.00271482	0.179508	0.00187255	0.0852052	0.011579	0.0265584	0.00419776	0.00366597	0.0224458	0.0578846	0.0441674	0.326914	0.00375789	0.030712
112	0.0506485	0.00254107	0.0503957	0.00485138	0.00806719	0.109423	0.00180161	0.00456168	0.00181715	0.0189053	0.00773931	0.049163	0.00557848	0.0646156	0.0311457	0.405511	0.154206	0.018973	0.00389443	0.00616183
113	0.059068	0.00115753	0.0233719	0.0580934	0.00655297	0.0167203	0.0286033	0.0201592	0.136283	0.0695245	0.0251413	0.0313047	0.0159974	0.134448	0.180372	0.0594579	0.0542884	0.0304832	0.0222139	0.02676
114	0.0653845	0.00363356	0.00486004	0.00514436	0.163409	0.062277	0.000608225	0.018097	0.00690235	0.118054	0.0261905	0.000676691	0.000832841	0.022327	0.0244625	0.0307213	0.0631707	0.0543533	0.138793	0.190102
115	0.0341581	0.00866958	0.00133741	0.00117145	0.069051	0.0103119	0.00136303	0.146019	0.000843285	0.378901	0.073762	0.00167107	0.00160599	0.00489775	0.00312802	0.0156967	0.152078	0.0865044	0.00327456	0.00555539
116	0.0557439	0.00151594	0.14566	0.0295879	0.00383024	0.0697979	0.0102204	0.0073711	0.0450163	0.00938854	0.00496016	0.278319	0.0153516	0.0474516	0.0539747	0.157906	0.0401743	0.0186094	0.00306316	0.00205786
117	0.0853314	0.000468952	0.000339547	0.000286959	0.00115554	0.863207	0.00034804	0.00333914	0.000294315	0.0020489	0.00093229	0.00317223	0.000410736	0.000509395	0.000439439	0.0224303	0.00668743	0.00222462	0.00577426	0.000599661
118	0.0898335	0.0045641	0.0558981	0.0363202	0.182114	0.0112047	0.0166421	0.0996856	0.00329135	0.0554883	0.0247397	0.0403491	0.00327814	0.0426795	0.0118327	0.0876389	0.0883503	0.090766	0.00597074	0.0493527
119	0.0603692	0.00442591	0.0574093	0.0171711	0.00764067	0.055095	0.00288581	0.00619797	0.00958368	0.010392	0.00584758	0.127788	0.00958719	0.0341551	0.0278963	0.35042	0.176221	0.0270583	0.00474186	0.00511405
120	0.085275	0.000467566	0.000339621	0.000286861	0.00115535	0.86322	0.000348315	0.00334683	0.000288615	0.00204821	0.000940477	0.00317343	0.000410737	0.000513568	0.000435184	0.0224246	0.00671807	0.00221933	0.00578899	0.000599656
121	0.0270456	0.00886493	0.000443315	0.000336988	0.0549713	0.00672161	0.000427733	0.195784	0.000272591	0.476459	0.103625	0.000490599	0.000332476	0.00579832	0.00226165	0.0105466	0.0174272	0.0831152	0.000660009	0.00441632
122	0.263285	0.108444	0.000970686	0.000620422	0.00876276	0.0285653	0.000548993	0.0501036	0.000432759	0.0531645	0.00179616	0.00603041	0.00063834	0.000904422	0.000695706	0.137248	0.136348	0.199299	0.000775516	0.00136664
123	0.0193935	0.000577449	0.000421383	0.000523927	0.40613	0.00210118	0.00742693	0.0453455	0.000336064	0.149829	0.0338376	0.000517368	0.000376633	0.000815512	0.00221041	0.00438874	0.0113308	0.0500886	0.0321351	0.232214
124	0.11743	0.00783114	0.000223616	0.000280488	0.132135	0.0262106	0.00207586	0.0729405	0.000174614	0.379235	0.0606412	0.000300773	0.000248431	0.000425232	0.000573687	0.0168325	0.0288671	0.122925	0.0200715	0.0105776
125	0.159599	0.00894537	0.000123372	0.000152469	0.071325	0.0448104	0.000152941	0.143985	0.000138987	0.360791	0.0132921	0.000184044	0.00140117	0.000216831	0.000186197	0.00684516	0.0150966	0.172019	0.000351703	0.000383697
126	0.254239	0.179272	0.00290619	0.00142301	0.0153543	0.05722	0.000901703	0.0350388	0.00076514	0.078426	0.0040354	0.00355183	0.000980813	0.00174708	0.0012449	0.160429	0.0932344	0.105793	0.00142169	0.00201579
127	0.0640609	0.00200319	0.0311065	0.00158042	0.00664928	0.0782956	0.000886136	0.00210875	0.000828946	0.00736907	0.0063491	0.0556603	0.00556428	0.0336706	0.0227666	0.480198	0.173704	0.0171784	0.00452042	0.00549997
128	0.0339996	0.000952624	0.0226842	0.0282767	0.00800093	0.027182	0.00133225	0.00974647	0.18952	0.0411423	0.0128639	0.0298035	0.0268048	0.0838772	0.357543	0.0712781	0.0244274	0.0147457	0.00348944	0.0123296
129	0.0185869	0.000553551	0.000376933	0.00034374	0.434939	0.0018579	0.00792471	0.0384421	0.000259589	0.151066	0.036723	0.000502482	0.000330856	0.000561704	0.0020823	0.00302093	0.00881681	0.0428316	0.034019	0.216762
130	0.0894396	0.00105095	0.00094559	0.00031734	0.00135638	0.853085	0.000477136	0.00398434	0.000374891	0.00283062	0.00146663	0.00316324	0.000523459	0.00059611	0.000501438	0.0221738	0.00760183	0.00317534	0.0061945	0.000741447
131	0.0358124	0.00092485	0.023915	0.0354076	0.0064881	0.0181788	0.00720525	0.0152248	0.194948	0.0724221	0.0241793	0.0325849	0.0177381	0.10288	0.254392	0.066034	0.0387696	0.0215282	0.00743956	0.023927
132	0.0909733	0.0102787	0.000311111	0.000246318	0.0109755	0.0126473	0.000246725	0.281791	0.000193713	0.257095	0.0198773	0.000418754	0.000597035	0.00049956	0.000452739	0.0119303	0.0185665	0.278664	0.00187326	0.00236166
133	0.0288378	0.00576688	0.000315837	0.000361242	0.0326139	0.00959038	0.000308484	0.148197	0.000267479	0.548966	0.0863349	0.000415412	0.000567782	0.0123009	0.00331907	0.0143445	0.0249555	0.0793577	0.000621261	0.00255856
134	0.0662501	0.00209051	0.0230248	0.0153039	0.0131621	0.00662364	0.0130925	0.128028	0.0366728	0.139497	0.0729318	0.0182692	0.00141956	0.0888138	0.130403	0.0176452	0.0998262	0.106219	0.00495997	0.0157664
135	0.469759	0.0318801	0.00380539	0.00123878	0.00241964	0.135615	0.000729389	0.00544978	0.000542133	0.00571062	0.00440566	0.00244233	0.00289617	0.00113643	0.00126885	0.295451	0.0168647	0.0102117	0.000958629	0.00721581
136	0.0419365	0.0100016	0.000335343	0.000319183	0.0134946	0.00676166	0.000435682	0.344849	0.000297369	0.196252	0.0367737	0.000672045	0.00221795	0.00159731	0.000677823	0.0155636	0.0308949	0.294647	0.000891391	0.00138015
137	0.0340328	0.000952165	0.0227836	0.0281508	0.00798353	0.0270306	0.00132263	0.00985377	0.190342	0.0411983	0.0128326	0.0297263	0.0266581	0.0839805	0.357296	0.0706695	0.0242668	0.0148672	0.003496	0.0125574
138	0.139679	0.0035294	0.080645	0.238517	0.00640809	0.0755906	0.0120782	0.00886497	0.0462087	0.0157837	0.0062088	0.0385928	0.00696133	0.047918	0.0222103	0.143234	0.0607994	0.0345094	0.00567743	0.00658334
139	0.053155	0.00129761	0.173167	0.0278649	0.00331851	0.0652209	0.0108225	0.00614758	0.049723	0.00720885	0.0038983	0.287725	0.0160918	0.0469456	0.0477597	0.145355	0.0333738	0.0163467	0.00296709	0.001611
140	0.0763212	0.00560177	0.0383326	0.143752	0.0175531	0.0235287	0.00688856	0.0237719	0.021011	0.0290819	0.015941	0.0620748	0.140758	0.0837417	0.0385371	0.0736346	0.0882358	0.0905762	0.0108422	0.00981566
141	0.0896837	0.00175017	0.0928393	0.103031	0.00374266	0.0278938	0.00499437	0.0153707	0.0137564	0.0107406	0.00709723	0.166848	0.045096	0.0917733	0.0525533	0.137633	0.0689635	0.0516094	0.0122477	0.00237594
142	0.0469289	0.00225517	0.0204928	0.0270478	0.0121115	0.0253026	0.00374711	0.0209623	0.148464	0.0473023	0.019003	0.0285117	0.0213924	0.0718979	0.361441	0.0643361	0.0348508	0.024551	0.00567262	0.013729
143	0.132978	0.00564831	0.000939036	0.00103143	0.0107608	0.00740467	0.00115453	0.164003	0.000484809	0.141066	0.0307425	0.00241187	0.00339192	0.00137683	0.00124483	0.0280222	0.0704396	0.391248	0.00202549	0.00362684
144	0.0649394	0.00181998	0.0164466	0.0339424	0.00993431	0.0256453	0.00557742	0.0690644	0.0996002	0.0722826	0.0397695	0.0199912	0.00964814	0.0537382	0.265645	0.0590981	0.0833514	0.0547334	0.00416864	0.0106036
145	0.0423983	0.00121166	0.00103384	0.000937739	0.416183	0.00811987	0.0110154	0.0322965	0.000738531	0.078916	0.0364721	0.000882372	0.000626661	0.00219948	0.00463353	0.00647604	0.0158478	0.0374262	0.0392455	0.263339
146	0.0283244	0.0310198	0.000603959	0.000583237	0.0692159	0.00927919	0.000931804	0.155746	0.000548298	0.455972	0.0895975	0.000887071	0.000704034	0.00370366	0.00217395	0.0415742	0.0298179	0.0730345	0.00211596	0.00416735
147	0.0851706	0.00046708	0.000338876	0.000289311	0.00118059	0.863388	0.000351983	0.0033577	0.00029367	0.00202456	0.000947898	0.00320731	0.00042441	0.00054376	0.000450551	0.022265	0.00669306	0.00222426	0.00578298	0.000598
148	0.0284692	0.000712449	0.000570323	0.000466568	0.406582	0.00201872	0.0134755	0.0377094	0.000400484	0.0834327	0.0301531	0.000837045	0.000479633	0.000826927	0.00344124	0.00355143	0.0100777	0.0385572	0.0296693	0.308569
149	0.0524613	0.00133114	0.177178	0.0273478	0.00338294	0.0641649	0.0111219	0.00615631	0.0503011	0.00752128	0.0038535	0.2889	0.016162	0.046041	0.0478087	0.142882	0.0327215	0.0160226	0.00299774	0.00164355
150	0.136558	0.00609274	0.00152977	0.00197874	0.00650579	0.0058294	0.0114525	0.0877492	0.00129602	0.0190999	0.00618849	0.0022679	0.105191	0.00257214	0.00223578	0.0234697	0.211171	0.363461	0.00203566	0.00331478
151	0.0312578	0.000650991	0.000494523	0.000414091	0.417448	0.00177123	0.0120653	0.0433185	0.000287361	0.0867876	0.0309721	0.000619314	0.000444883	0.000616561	0.00446586	0.00337729	0.0106658	0.0468216	0.0254402	0.282082
152	0.0582552	0.0013882	0.024562	0.0737141	0.00627862	0.0176525	0.0374914	0.0109251	0.145912	0.0608857	0.0169336	0.0273772	0.0122141	0.154598	0.1606	0.0643851	0.0446374	0.0290144	0.0205447	0.0326317
153	0.0383406	0.00141982	0.000520636	0.000614511	0.0445496	0.00415316	0.000515205	0.193982	0.000459907	0.197681	0.0711777	0.000963981	0.00942419	0.0029608	0.00116369	0.00750522	0.0737808	0.339154	0.00401576	0.00761649
154	0.0730709	0.00211825	0.000305154	0.000307481	0.130453	0.0194563	0.00067821	0.199191	0.000202334	0.286545	0.0128645	0.000495078	0.000379752	0.000487111	0.000526402	0.00819356	0.0214351	0.220931	0.0124117	0.00994773
155	0.0923851	0.00718649	0.000441316	0.000572445	0.0140048	0.00253662	0.000793601	0.226692	0.000394745	0.0462154	0.02211	0.00534936	0.00264755	0.000673033	0.00103184	0.0182113	0.0557966	0.500941	0.00061025	0.00140641
156	0.0310016	0.00112064	0.000697246	0.000533127	0.434754	0.00712203	0.00926348	0.0305626	0.000628079	0.0935687	0.0363798	0.000792119	0.000445832	0.00174283	0.00354301	0.00485927	0.0152724	0.0349145	0.0468427	0.245956
157	0.22272	0.0494452	0.001194	0.000948362	0.00481062	0.00816571	0.00260497	0.0370027	0.000682296	0.0268653	0.003509	0.00279152	0.00911375	0.00158364	0.0010912	0.0647949	0.22088	0.335328	0.00115111	0.00531762
158	0.0613709	0.00108429	0.000321333	0.000326488	0.122004	0.018755	0.000354177	0.23248	0.000237497	0.267038	0.00356965	0.000562802	0.0004336	0.000522551	0.000559902	0.0068834	0.0194369	0.242832	0.0105943	0.0106332
159	0.322026	0.0212273	0.00463328	0.00165002	0.00299193	0.155233	0.000869651	0.00524826	0.000654597	0.00537925	0.00474886	0.00556255	0.00324464	0.00265166	0.0020837	0.419278	0.0266305	0.00939858	0.00119418	0.00529384
160	0.172152	0.000547768	0.000469928	0.0003923	0.0015386	0.770701	0.000406025	0.00402934	0.000346628	0.00248871	0.00131384	0.00245638	0.000857753	0.000723594	0.000541408	0.0270649	0.0061289	0.00286944	0.00419862	0.000772101
161	0.255279	0.0397066	0.00116088	0.00123623	0.0335025	0.115183	0.00109866	0.0836768	0.0010001	0.0760677	0.130145	0.00137318	0.00149275	0.00172495	0.0012719	0.0106232	0.0160714	0.226171	0.0013868	0.00182797
162	0.028192	0.00987613	0.000274711	0.000353432	0.0615668	0.0061654	0.000458043	0.225037	0.00026721	0.428366	0.109588	0.000506036	0.00039185	0.00305491	0.00146214	0.0111102	0.0158947	0.0915871	0.000658174	0.00519092
163	0.473177	0.0353673	0.00402329	0.00127317	0.00288101	0.127207	0.000945689	0.00726053	0.000505276	0.00747191	0.00473299	0.00247546	0.00277218	0.00127344	0.00133479	0.283227	0.0208922	0.0154103	0.000971068	0.00679804
164	0.183276	0.000559874	0.000472372	0.000400472	0.00163653	0.759069	0.000401307	0.00430972	0.000347451	0.00259012	0.00144102	0.00232712	0.000901808	0.000746924	0.000585089	0.0271374	0.00610981	0.00292139	0.0039234	0.000842371
165	0.0213905	0.00298622	0.000409338	0.00038251	0.0155531	0.00450318	0.000377484	0.340723	0.000285812	0.285819	0.0216997	0.000519237	0.000412424	0.00063955	0.000507545	0.00531829	0.0122199	0.284691	0.000687628	0.00087536
166	0.464039	0.0316648	0.00390698	0.00127418	0.0024378	0.1374	0.000732035	0.00540194	0.000521223	0.00564177	0.00440951	0.00245009	0.00289674	0.00114339	0.00126574	0.299728	0.0168352	0.0102615	0.000961312	0.0070288
167	0.0876876	0.000696434	0.000652432	0.000287088	0.001503	0.84626	0.000352899	0.0074792	0.000270891	0.00686919	0.00124696	0.00313486	0.000394061	0.000516882	0.000462897	0.0223923	0.00695578	0.00645165	0.00568686	0.00069927
168	0.355903	0.0594719	0.000749637	0.000749188	0.0088216	0.191977	0.000578686	0.0454103	0.000468543	0.0260648	0.079185	0.000971891	0.0049787	0.00125432	0.00103954	0.0431039	0.0678302	0.109524	0.000636747	0.0012808
169	0.0312969	0.0165719	0.000615175	0.000847804	0.0561672	0.0103059	0.000983676	0.123671	0.000365393	0.558028	0.0791284	0.000835653	0.000734636	0.00601086	0.00241421	0.0162582	0.0212121	0.0670934	0.00301186	0.00444726
170	0.0306989	0.0006544	0.00056837	0.000385527	0.445558	0.00210151	0.0114145	0.0337797	0.000421967	0.0795986	0.0356379	0.000761257	0.000380266	0.000800523	0.00328285	0.00324448	0.0117129	0.0362007	0.0319676	0.27083
171	0.370782	0.022273	0.0012847	0.00136664	0.0048513	0.0311121	0.00162746	0.0156756	0.0010194	0.0177446	0.00662751	0.00197134	0.00290502	0.00422491	0.00319538	0.0749849	0.221682	0.201746	0.00152768	0.0133977
172	0.114915	0.019387	0.00167383	0.00254363	0.0347735	0.0197631	0.00197093	0.0356073	0.00190299	0.0928406	0.0296712	0.0027174	0.377799	0.00340487	0.00284348	0.0696599	0.0795873	0.0969359	0.00212859	0.00987448
173	0.0490379	0.0203056	0.0117188	0.0271925	0.057157	0.00737647	0.0989907	0.0756713	0.0134552	0.0970171	0.048954	0.0746821	0.00240156	0.159306	0.0512459	0.0205697	0.0404351	0.0837532	0.0250394	0.0356906
174	0.152889	0.00555336	0.00868636	0.0570783	0.032639	0.0736092	0.00458122	0.0361419	0.0202612	0.0628799	0.0102215	0.114069	0.0164839	0.00476377	0.00428521	0.153325	0.158623	0.0751907	0.00340505	0.00531373
175	0.0828598	0.00233619	0.0437143	0.0845993	0.00628872	0.0612212	0.0104308	0.0110118	0.019785	0.0226463	0.0140792	0.147023	0.019126	0.13411	0.0519579	0.170032	0.0536719	0.0509667	0.00823795	0.0059012
176	0.0440315	0.00393126	0.00802198	0.0102808	0.238654	0.00895905	0.00623631	0.0704017	0.00111687	0.152146	0.0721787	0.00297905	0.00143371	0.014256	0.00443818	0.0746977	0.0309867	0.0920346	0.0176801	0.145536
177	0.0583094	0.00474115	0.000550903	0.00058778	0.0210047	0.0038806	0.00062583	0.26947	0.000424688	0.0939367	0.070354	0.00252673	0.00647757	0.00310251	0.000713127	0.0129939	0.0520471	0.394193	0.00167491	0.00238559
178	0.0813289	0.00214052	0.0378784	0.0112991	0.00680174	0.0695412	0.00125925	0.00380388	0.00224142	0.00944301	0.00598876	0.0696973	0.00592754	0.0298379	0.0201678	0.432746	0.179046	0.0184188	0.00706096	0.00537128
179	0.0921979	0.00917209	0.00243204	0.00440613	0.0253363	0.0209901	0.00293258	0.0342352	0.00182523	0.0389011	0.0186055	0.00283057	0.468593	0.00481393	0.00290478	0.0538593	0.0865286	0.115526	0.00245918	0.0114511
180	0.0652471	0.00196212	0.0320854	0.0015244	0.00674057	0.0759805	0.000814817	0.00198376	0.000804587	0.00730035	0.00656544	0.055134	0.00576135	0.0351916	0.0223808	0.482049	0.171374	0.0171581	0.00440595	0.00553611
181	0.0915849	0.00131644	0.0276352	0.038186	0.113017	0.00574705	0.00573455	0.0554354	0.000810782	0.21652	0.0714945	0.00285882	0.00112633	0.0492496	0.0106145	0.116743	0.0382211	0.0778201	0.0109249	0.0649599
182	0.0302756	0.00756467	0.000361559	0.000393103	0.0697061	0.0053425	0.000722623	0.244113	0.000335068	0.342104	0.115895	0.000594499	0.0019913	0.00293371	0.00111114	0.0129683	0.0175356	0.139712	0.00163493	0.0047048
183	0.18729	0.00437086	0.0650499	0.0750832	0.00955627	0.180718	0.00348903	0.00946311	0.00769786	0.0196379	0.00769839	0.0480375	0.00501137	0.00908732	0.00688097	0.226577	0.108395	0.0174161	0.00415838	0.00438263
184	0.0517424	0.00237209	0.000603597	0.000751941	0.0364026	0.00355314	0.00165726	0.210345	0.000599454	0.140212	0.0673732	0.00140025	0.0332568	0.00264589	0.00121331	0.0106586	0.0739521	0.354288	0.00297657	0.00399612
185	0.200369	0.00376596	0.00338678	0.00433573	0.234205	0.0126547	0.00270503	0.0127304	0.0268248	0.108105	0.0395544	0.0338249	0.0487492	0.0337511	0.0300961	0.100272	0.0190723	0.0718673	0.00664859	0.0070813
186	0.197269	0.0106541	0.0214883	0.0138072	0.00829918	0.119556	0.00272767	0.00708507	0.00694861	0.0134647	0.00758571	0.0546946	0.00767968	0.0172751	0.0129513	0.382002	0.0901871	0.0180276	0.00331483	0.00498235
187	0.102186	0.0093826	0.00117255	0.00131704	0.0254385	0.00952034	0.00202655	0.181318	0.000792199	0.146958	0.0305293	0.00215877	0.0154069	0.00257907	0.00197643	0.0222782	0.0971119	0.340893	0.00253963	0.00441458
188	0.104618	0.00165415	0.0208672	0.0861976	0.0398373	0.0265636	0.0248768	0.0207958	0.0284254	0.145361	0.0573433	0.00936262	0.00279296	0.0965169	0.0253765	0.100889	0.0651918	0.0492434	0.0201495	0.0739369
