291	20
1	0.0742047	0.0854675	0.0165503	0.0263205	0.0125977	0.0340674	0.0165872	0.026554	0.0216277	0.0344233	0.0186213	0.0240164	0.363667	0.0227943	0.0399778	0.0763442	0.0605955	0.0330535	0.00368911	0.0088403
2	0.31596	0.0229803	0.000965387	0.00157775	0.00171307	0.0267459	0.00127702	0.0851978	0.00123012	0.0330696	0.00128925	0.0153025	0.00633021	0.00159763	0.00750035	0.145772	0.120618	0.20327	0.00682706	0.000776812
3	0.0141865	0.00483751	0.223339	0.0470324	0.00230745	0.0105838	0.00790607	0.00374485	0.0123891	0.00421893	0.00267067	0.119024	0.00209092	0.00964765	0.0106541	0.166227	0.351712	0.00479625	0.000798559	0.00183238
4	0.03834	0.00403005	0.0706435	0.0582237	0.00245276	0.517986	0.0303126	0.00341665	0.0346455	0.00960918	0.00742349	0.126978	0.0027831	0.0315808	0.00921837	0.0316464	0.00700896	0.00592597	0.000883266	0.00689165
5	0.194126	0.00325159	0.045942	0.257804	0.00304712	0.0293177	0.00583552	0.00301404	0.112175	0.0255901	0.00293946	0.0164	0.00279123	0.0923973	0.0952808	0.0674399	0.028564	0.0134852	0.000235119	0.000363609
6	0.0110078	0.00423523	0.00379573	0.00449988	0.0626309	0.00474901	0.00438957	0.00513308	0.00408121	0.0569779	0.00845256	0.00522023	0.00336152	0.00610883	0.0144482	0.0109818	0.00961886	0.0274821	0.749488	0.00333742
7	0.128502	0.0720489	0.00439074	0.00845341	0.00444083	0.00765261	0.00658729	0.00705115	0.123661	0.0114688	0.0538377	0.00745549	0.0038743	0.00903788	0.327987	0.0993119	0.048185	0.0671925	0.00399327	0.00486775
8	0.0754537	0.0196384	0.0881513	0.102648	0.00527137	0.0249586	0.0341896	0.00533643	0.0763454	0.0699178	0.0486338	0.0685982	0.00465338	0.0678143	0.0369823	0.110066	0.12952	0.0110393	0.00702433	0.013758
9	0.057587	0.00735776	0.00260956	0.000398789	0.01017	0.00314502	0.00041772	0.209105	0.000353996	0.0574988	0.0235306	0.000739622	0.00151485	0.000868437	0.0039726	0.0047632	0.0353475	0.573318	0.0070409	0.00026067
10	0.0397648	0.00485693	0.00392986	0.00735181	0.00260492	0.00789704	0.00314207	0.00539042	0.0115684	0.0168017	0.00330877	0.013531	0.495007	0.00435656	0.00573644	0.0756534	0.289582	0.00567023	0.000863821	0.00298335
11	0.33954	0.0043885	0.00371482	0.00763415	0.0027215	0.313987	0.00325507	0.0260881	0.00398064	0.0245531	0.0208538	0.00688006	0.0986625	0.00485949	0.00422835	0.0747073	0.0177561	0.0385035	0.00149767	0.00218852
12	0.135211	0.00427065	0.0868789	0.0891056	0.00310782	0.0287856	0.00830847	0.00822789	0.0390547	0.0167562	0.00268667	0.0249686	0.37102	0.028561	0.014856	0.0931453	0.0247092	0.0147016	0.000618625	0.00502675
13	0.113171	0.00226711	0.00198026	0.0369933	0.00173617	0.00254197	0.023062	0.00244018	0.355032	0.0429715	0.0142254	0.0180548	0.00159551	0.0541348	0.211097	0.0117509	0.0186781	0.0747602	0.000586242	0.0129222
14	0.0386467	0.0198608	0.0327681	0.034504	0.00815191	0.0440796	0.011327	0.00987933	0.0522724	0.0234768	0.00962755	0.0214851	0.0131611	0.032989	0.550022	0.0311684	0.0348249	0.0188656	0.00649442	0.00639502
15	0.0607895	0.0170366	0.00568405	0.00396663	0.00236791	0.806835	0.00621211	0.00372714	0.00509365	0.00366365	0.00223199	0.0054101	0.00454731	0.00326711	0.00420451	0.0211381	0.017349	0.0233505	0.000854994	0.00227062
16	0.0517624	0.000621793	0.317907	0.368331	0.0034439	0.0239532	0.0172689	0.00871567	0.0184749	0.0180907	0.00463339	0.0561613	0.00320004	0.05426	0.010102	0.0125038	0.0221876	0.00767003	0.00024883	0.000464067
17	0.0136983	0.0041988	0.000545608	0.00184366	0.0323424	0.000581322	0.00146643	0.481446	0.00309662	0.102464	0.0427908	0.00134495	0.0018717	0.00094573	0.00119283	0.00643655	0.00775004	0.288345	0.00127236	0.00636749
18	0.0193294	0.00719351	0.000811441	0.00235244	0.014089	0.00105109	0.000634919	0.44948	0.00436159	0.0895946	0.0322562	0.00109895	0.00277132	0.000441137	0.00178907	0.00494121	0.0114488	0.351869	0.00139244	0.00309386
19	0.113998	0.0080695	0.00308283	0.0358114	0.00281588	0.00482175	0.0335154	0.00462816	0.303622	0.0479491	0.0178935	0.0206895	0.00438813	0.0586862	0.230776	0.0221353	0.0221966	0.0532014	0.00105805	0.0106604
20	0.0521015	0.02483	0.0762213	0.109254	0.00300383	0.00498902	0.0285001	0.0378048	0.0519523	0.145884	0.0057503	0.00509243	0.00316541	0.31487	0.071184	0.0114008	0.00958229	0.0393588	0.00198253	0.00307237
21	0.0151915	0.00998531	0.000642668	0.00383232	0.135162	0.00137996	0.00373632	0.186043	0.00115543	0.456931	0.0811844	0.0015466	0.00115129	0.0013013	0.00120092	0.00525059	0.010854	0.0416751	0.0090924	0.0326827
22	0.271963	0.0558603	0.00762524	0.00730254	0.0394533	0.250497	0.00781929	0.0107599	0.0072968	0.0137524	0.00731825	0.103008	0.00717888	0.010275	0.0409538	0.0801733	0.0564431	0.015834	0.00216405	0.00432252
23	0.0472538	0.000676582	0.31361	0.372476	0.00281987	0.0217599	0.017633	0.0090544	0.0163625	0.0171107	0.00555357	0.0640765	0.00323676	0.0560294	0.00811995	0.0140845	0.0190149	0.0103787	0.000217554	0.000531333
24	0.20175	0.00321238	0.0405114	0.252794	0.00295066	0.0304774	0.00555784	0.00559056	0.108393	0.0315065	0.0030573	0.0149445	0.00278833	0.0848014	0.090398	0.0653064	0.036653	0.0184382	0.000313697	0.000554534
25	0.0202058	0.00718413	0.000547854	0.00464303	0.139086	0.000892485	0.00102499	0.105191	0.000873611	0.565133	0.0556852	0.00132421	0.000835448	0.00109226	0.000940812	0.00213653	0.0143124	0.03614	0.0133767	0.0293738
26	0.0721754	0.0152536	0.00857981	0.0517545	0.00684596	0.0102992	0.0099986	0.0115969	0.0152681	0.0150336	0.0503867	0.00958141	0.00635559	0.0118275	0.362931	0.0275993	0.220706	0.0821899	0.00533526	0.00628145
27	0.193945	0.00325537	0.0459902	0.258185	0.00304843	0.0292768	0.00582438	0.00300479	0.112081	0.0255475	0.00296107	0.0164286	0.00280031	0.0924381	0.0951865	0.0674102	0.0285601	0.013461	0.000235115	0.00036096
28	0.24635	0.0136824	0.131946	0.115553	0.0018808	0.00315239	0.0263133	0.0253702	0.00238681	0.0908476	0.00221899	0.0485898	0.133244	0.0363336	0.0136098	0.0640624	0.00542213	0.0152569	0.000820477	0.0229591
29	0.0240756	0.00821953	0.00177986	0.00474028	0.0847322	0.00434556	0.00278134	0.106259	0.00351474	0.562568	0.0498145	0.0027686	0.00304738	0.00338389	0.00857897	0.00835368	0.0137854	0.0773816	0.0117598	0.0181098
30	0.378492	0.00803008	0.0106931	0.00334142	0.00242383	0.381307	0.0026786	0.00447969	0.00246385	0.00605099	0.00437524	0.00824157	0.00750742	0.00234602	0.00696285	0.128573	0.00695634	0.0292528	0.000610984	0.00521367
31	0.105171	0.00277003	0.00338585	0.0624389	0.00218254	0.00372053	0.0299748	0.00219373	0.173353	0.0324259	0.0251789	0.0735759	0.0118027	0.0917264	0.231422	0.0787901	0.0462656	0.0093206	0.000601105	0.0137005
32	0.0111512	0.00586487	0.000831617	0.00454779	0.0172654	0.0015209	0.00279041	0.394071	0.00532858	0.271273	0.0489791	0.00397377	0.00517874	0.00311377	0.00160301	0.00587926	0.0093931	0.201011	0.00109821	0.00512435
33	0.014972	0.00834323	0.00196006	0.0320752	0.00644362	0.00247122	0.00180216	0.413833	0.00887816	0.151325	0.0233802	0.00307437	0.0043428	0.00319575	0.00437802	0.00759535	0.0111111	0.294187	0.00233173	0.00430043
34	0.181708	0.0168442	0.00115816	0.0024186	0.00126258	0.00835486	0.00709409	0.0100421	0.0014557	0.00286845	0.0114122	0.00201899	0.00816249	0.00151891	0.00155477	0.67607	0.0580951	0.00209513	0.00105097	0.00481447
35	0.01944	0.00694227	0.000591738	0.00474439	0.125421	0.000920141	0.00143065	0.11568	0.00121256	0.563473	0.0572954	0.00192206	0.00139485	0.00166097	0.001098	0.00221776	0.0132145	0.0394834	0.0128166	0.0290398
36	0.0759459	0.00942635	0.0768363	0.339678	0.00563683	0.0236643	0.0173223	0.0102693	0.0439429	0.0198158	0.0128132	0.0396895	0.0231923	0.0602355	0.0462526	0.115705	0.0531389	0.0172947	0.00283294	0.00630782
37	0.0411969	0.0336134	0.00183214	0.0025068	0.017483	0.00272816	0.00381995	0.052793	0.00227253	0.0359448	0.110969	0.0160833	0.00193736	0.00847716	0.00270837	0.0483725	0.182648	0.423407	0.00935472	0.00185113
38	0.0358102	0.00747848	0.0114893	0.00979649	0.00724995	0.816444	0.0200826	0.00245828	0.00886067	0.00713583	0.00360283	0.0150388	0.00313644	0.00673244	0.00463471	0.0137155	0.0123488	0.0107872	0.000747291	0.00244976
39	0.0496813	0.0124283	0.0206911	0.0438276	0.0101783	0.0194929	0.0237318	0.0181908	0.396612	0.0275004	0.0128944	0.0512699	0.0184367	0.0293345	0.116101	0.0406395	0.0492169	0.046591	0.00322477	0.00995735
40	0.0107461	0.00415252	0.00128497	0.00285155	0.010518	0.00122554	0.00142692	0.630271	0.00438126	0.0666945	0.0215501	0.00212563	0.00216025	0.00141021	0.00252978	0.0237652	0.0188057	0.190367	0.000456759	0.00327647
41	0.0849218	0.00212079	0.00193974	0.00247506	0.047702	0.0154499	0.0246957	0.0153035	0.0522811	0.27293	0.0265387	0.00297668	0.0596069	0.0146553	0.0561284	0.0175264	0.107697	0.0772966	0.000867359	0.116888
42	0.325125	0.0031699	0.00388955	0.0219034	0.00404594	0.0212343	0.0107414	0.0212971	0.0204681	0.00567113	0.00285122	0.0084901	0.0900014	0.119818	0.00379099	0.216718	0.013399	0.102422	0.00112996	0.00383416
43	0.15576	0.00838279	0.0699361	0.279523	0.00704237	0.0321322	0.0108146	0.00788969	0.0556932	0.017976	0.00878623	0.0312094	0.0295945	0.0596323	0.0530593	0.114032	0.0354685	0.0171668	0.00179423	0.00410787
44	0.328947	0.00847088	0.0143727	0.0047	0.00411337	0.319513	0.00329839	0.00301677	0.00237577	0.00546288	0.00247264	0.0120402	0.00434784	0.0055904	0.0090684	0.225118	0.0125041	0.0208234	0.000957222	0.0128076
45	0.0605885	0.00150033	0.0177224	0.0722559	0.0219761	0.00196948	0.00168423	0.202324	0.040055	0.278428	0.0730019	0.00190251	0.00153337	0.045649	0.0339907	0.0102263	0.009809	0.0485595	0.0563091	0.0205145
46	0.0330456	0.00567225	0.0499427	0.0343627	0.00173268	0.719363	0.0123211	0.00240486	0.0184676	0.00534481	0.00386896	0.0381662	0.00347848	0.011921	0.013537	0.0234728	0.0110947	0.00728077	0.000679305	0.00384388
47	0.0635709	0.00912899	0.101279	0.371256	0.00591785	0.0274555	0.0191362	0.0121184	0.0444858	0.0228258	0.0134242	0.0380906	0.0149407	0.066177	0.0536994	0.0619748	0.0521882	0.0153191	0.00283594	0.00417554
48	0.0384467	0.00714359	0.00176437	0.00226726	0.0124689	0.00206459	0.000728282	0.342039	0.00283117	0.0786116	0.0241467	0.00118558	0.00243837	0.000638491	0.00304499	0.00397314	0.0171836	0.45421	0.00303335	0.00178079
49	0.0538546	0.0164897	0.0794601	0.114558	0.00685509	0.00534991	0.0205366	0.0755781	0.038334	0.157466	0.017669	0.00898981	0.00518039	0.253384	0.0501083	0.013832	0.0113283	0.0536779	0.0107275	0.00661978
50	0.0590139	0.00305198	0.220032	0.37206	0.00255857	0.0222461	0.0158109	0.00803004	0.0289948	0.0131289	0.0088263	0.0508301	0.0163224	0.0559467	0.0226512	0.0484592	0.0385389	0.0106924	0.000999268	0.00180596
51	0.0768776	0.0146757	0.00395876	0.0056296	0.178349	0.00508315	0.00519079	0.200769	0.00576755	0.0372442	0.0928471	0.00633064	0.00335542	0.00704032	0.00626828	0.0175291	0.0265811	0.218675	0.0269445	0.0608839
52	0.0131081	0.00407702	0.0011223	0.00332037	0.00730287	0.00144027	0.00149157	0.685668	0.00421091	0.0544891	0.0167405	0.0019865	0.00213096	0.00155054	0.00298209	0.0137277	0.0132047	0.168546	0.000392367	0.00250895
53	0.0674093	0.00678378	0.212573	0.266137	0.00340037	0.0309219	0.0306079	0.00854609	0.0527389	0.0302783	0.0116056	0.0531722	0.00857798	0.0792841	0.0328175	0.0468739	0.0426502	0.0107201	0.00146206	0.00344001
54	0.00649471	0.0137839	0.00034264	0.00440271	0.00845309	0.0003959	0.000446121	0.522687	0.00889351	0.0848732	0.035706	0.00198216	0.00550682	0.000446901	0.00104029	0.00418617	0.00830217	0.288143	0.000165517	0.00374827
55	0.423052	0.167819	0.00376364	0.0065202	0.0522472	0.0461731	0.00468852	0.0355953	0.0050122	0.028185	0.0259123	0.0156617	0.00441836	0.00684755	0.0108494	0.110898	0.0328089	0.0118609	0.00286855	0.00481762
56	0.0509004	0.000654296	0.31335	0.374529	0.00297985	0.0232766	0.0171295	0.00840085	0.0185596	0.0167785	0.00500919	0.0557013	0.00318317	0.0557582	0.0100589	0.0137625	0.0214126	0.00784953	0.000243825	0.000462155
57	0.00574152	0.00255525	0.00151148	0.00208231	0.646458	0.0018811	0.00964949	0.003428	0.00178494	0.11259	0.0686287	0.00206324	0.00155804	0.00210108	0.00207864	0.0126841	0.00337066	0.00457522	0.00433461	0.110923
58	0.0183121	0.00562976	0.00554108	0.0370167	0.00402639	0.00687371	0.0362295	0.0657578	0.00591765	0.00890534	0.233909	0.0080826	0.00584684	0.165858	0.00708176	0.166093	0.202819	0.0093547	0.00218046	0.00456425
59	0.0181651	0.00819508	0.000507827	0.00426347	0.132788	0.00092479	0.00180798	0.128646	0.000972528	0.541962	0.059141	0.00162802	0.0011714	0.00125014	0.000985859	0.0029072	0.0129081	0.037985	0.0117009	0.0320894
60	0.0601386	0.0368363	0.0421708	0.0311029	0.0259436	0.130572	0.207278	0.00450434	0.00355992	0.00677631	0.00327717	0.125833	0.0543123	0.0407508	0.00473521	0.0974339	0.0251654	0.00529265	0.00106049	0.0932562
61	0.0982076	0.00880519	0.0122336	0.0114981	0.0037793	0.620881	0.00722389	0.00556962	0.00704156	0.00703232	0.00405462	0.0160899	0.0352639	0.00790014	0.00717475	0.102807	0.0223022	0.015805	0.00205158	0.00427874
62	0.0581693	0.00428344	0.00337304	0.00631394	0.0462334	0.00560763	0.0553293	0.00508867	0.128224	0.118116	0.00547709	0.0505114	0.0499338	0.142946	0.0586303	0.171442	0.0336236	0.00673747	0.00151273	0.0484471
63	0.0267752	0.0412604	0.00138783	0.00186732	0.0107788	0.00190174	0.00231702	0.0713564	0.00179464	0.0535924	0.0836624	0.00745382	0.00155007	0.0116177	0.00258422	0.0551648	0.196836	0.414102	0.0128255	0.00117242
64	0.00842611	0.00524708	0.000612375	0.00171832	0.0523613	0.00282139	0.00674365	0.37664	0.00202194	0.251168	0.124446	0.00264433	0.00261678	0.00220087	0.00137457	0.0109423	0.00695413	0.12571	0.000629315	0.0147212
65	0.154517	0.00225995	0.0103354	0.0216069	0.00264518	0.0313958	0.037227	0.00384117	0.053915	0.00771288	0.00178254	0.0476999	0.425564	0.0509232	0.0137586	0.0958565	0.0106759	0.0218292	0.000569659	0.00588491
66	0.0886131	0.0341467	0.00349646	0.00935679	0.00285216	0.00702358	0.00564658	0.0417049	0.00852874	0.0145489	0.00790618	0.00442362	0.00605365	0.00517928	0.00854262	0.475202	0.242356	0.028084	0.00150393	0.0048315
67	0.0679734	0.0928313	0.033493	0.212325	0.0111045	0.020152	0.0235487	0.0159057	0.0484073	0.0329057	0.018087	0.0257687	0.0181932	0.0509807	0.168171	0.0646739	0.0508932	0.0280516	0.00778463	0.00874927
68	0.036732	0.0184776	0.0327712	0.0319116	0.0076692	0.044766	0.0117832	0.0100161	0.0489111	0.0227341	0.0105545	0.0234848	0.0155452	0.0363302	0.547366	0.0306856	0.0319059	0.0222551	0.0077698	0.00833039
69	0.141293	0.00135636	0.00915317	0.026742	0.00105696	0.0270556	0.00893529	0.00187325	0.0500297	0.00992456	0.00129776	0.044868	0.527436	0.0252355	0.0120559	0.0832504	0.0148856	0.00597695	0.00044159	0.00713182
70	0.0424472	0.00645405	0.144659	0.0946996	0.00175168	0.305744	0.0281536	0.00228401	0.0655153	0.0170595	0.0141375	0.118825	0.00776334	0.0334824	0.0160135	0.0668762	0.0197187	0.0037688	0.00120795	0.00943947
71	0.0946366	0.0224395	0.0324055	0.0364525	0.0187679	0.035873	0.169951	0.0224129	0.0258239	0.0293633	0.0211697	0.0491797	0.0342875	0.0563028	0.0269021	0.200667	0.0634288	0.0306287	0.00670881	0.0225992
72	0.00638862	0.0136072	0.000339918	0.00485122	0.007676	0.000394451	0.000401408	0.515496	0.00990317	0.0842056	0.0339439	0.00197513	0.00547165	0.0004508	0.00101161	0.00394522	0.00797154	0.298291	0.000185215	0.00349009
73	0.00917869	0.0119074	0.000451183	0.00364385	0.00973157	0.000691186	0.000759104	0.5138	0.00707516	0.0888986	0.0363769	0.00194823	0.0056506	0.000692347	0.00135442	0.0051575	0.0115907	0.287089	0.000373991	0.00362915
74	0.0179277	0.00126686	0.000929021	0.00147453	0.00109028	0.00131166	0.00121692	0.00322192	0.00534021	0.00210484	0.00129813	0.00168236	0.00163489	0.00162269	0.00545986	0.315555	0.632978	0.00262565	0.000423756	0.00083581
75	0.21711	0.0138882	0.0102389	0.0143631	0.00708711	0.03169	0.0134289	0.0130906	0.012295	0.0135772	0.00790825	0.0144612	0.0935302	0.0241683	0.00877615	0.421321	0.0480464	0.0258648	0.00220153	0.00695334
76	0.00952019	0.00438657	0.00182011	0.0025465	0.606751	0.00296936	0.0133265	0.00639662	0.00288899	0.0931374	0.0554522	0.00403926	0.00212528	0.00362927	0.0027676	0.0132207	0.00771506	0.0082422	0.00644806	0.152617
77	0.0320226	0.00985982	0.0899702	0.0159213	0.00469934	0.0204487	0.024086	0.0125282	0.0193146	0.012073	0.0073121	0.617117	0.011838	0.0262698	0.0161069	0.0389075	0.021304	0.0129246	0.00208034	0.00521636
78	0.0129438	0.00784265	0.00205394	0.00345079	0.574054	0.00351495	0.0137183	0.0110425	0.00293441	0.0894291	0.0515255	0.00400948	0.00210739	0.00429291	0.00388498	0.0138622	0.0116803	0.014764	0.00747784	0.165411
79	0.0797846	0.00634513	0.00962534	0.0176091	0.00600477	0.023992	0.00634193	0.00649168	0.0228198	0.0206125	0.00290106	0.0245756	0.614551	0.0136874	0.011897	0.0747355	0.0438692	0.00928744	0.00108446	0.00378462
80	0.0460925	0.0163055	0.0112065	0.0226456	0.0275618	0.0138718	0.0120674	0.0299116	0.020773	0.0636117	0.0728582	0.0134691	0.00890327	0.0187169	0.126276	0.0322754	0.0334119	0.0362987	0.38247	0.0112729
81	0.0424061	0.00703725	0.0687672	0.0498688	0.00713183	0.240921	0.0203215	0.00652799	0.0875312	0.0144214	0.00942596	0.282017	0.0208984	0.0245104	0.0329239	0.0440731	0.0215504	0.0104517	0.00167232	0.00754303
82	0.321992	0.00452897	0.00285901	0.0043832	0.0871834	0.0143459	0.00563449	0.00498357	0.00385345	0.0652312	0.00328038	0.0347097	0.00324932	0.035167	0.00454332	0.243263	0.149207	0.0079504	0.00130992	0.0023252
83	0.378097	0.130825	0.0073093	0.00424575	0.0541649	0.0303622	0.00494844	0.0136539	0.00392305	0.0630508	0.0841136	0.00680533	0.00328425	0.00523223	0.00510697	0.136936	0.0572062	0.00572065	0.00160099	0.00341351
84	0.00651224	0.000938486	0.00068219	0.00403165	0.0166603	0.00151951	0.00753786	0.181281	0.00570367	0.585714	0.0664368	0.00904553	0.00949828	0.00659436	0.000883172	0.00318112	0.00617838	0.0811719	0.000803453	0.00562591
85	0.447236	0.0105131	0.00416589	0.0239914	0.0238865	0.069901	0.00563327	0.00844113	0.00311059	0.00834927	0.00459041	0.00914473	0.00393658	0.00719609	0.00499278	0.330812	0.0190394	0.00820975	0.00189877	0.00495215
86	0.0279111	0.00705164	0.000578982	0.00397412	0.12175	0.00179971	0.00101022	0.0858666	0.000900523	0.588545	0.0594917	0.00128348	0.000841065	0.00115623	0.00414418	0.00372265	0.0171249	0.0307988	0.019006	0.0230425
87	0.0646945	0.00639482	0.00323892	0.0004289	0.0100765	0.00313346	0.000452059	0.22105	0.000387175	0.0512835	0.0165204	0.000534198	0.0014992	0.000475346	0.00424022	0.00258019	0.0280113	0.579818	0.0049411	0.000240689
88	0.147068	0.143734	0.0660023	0.00471541	0.00905622	0.0369592	0.0143378	0.0077927	0.00426875	0.0332617	0.03851	0.0130764	0.00370877	0.00454065	0.00520278	0.070017	0.348482	0.045198	0.00124776	0.00282018
89	0.0462108	0.00928899	0.0215739	0.0228468	0.00562788	0.666988	0.0164017	0.00718405	0.0166688	0.00954588	0.00643243	0.0291226	0.0155623	0.0370827	0.0154896	0.0335099	0.0180272	0.0139197	0.00231956	0.00619703
90	0.00756223	0.00291638	0.15156	0.0030442	0.00179097	0.0043309	0.00719895	0.00405152	0.00906449	0.00350074	0.00215641	0.74954	0.00728964	0.0145473	0.00371615	0.0145631	0.00602546	0.0047579	0.000809334	0.00157514
91	0.268462	0.0476488	0.001386	0.00212261	0.00212459	0.0199454	0.00211221	0.0406242	0.00168051	0.0234469	0.00170025	0.00728593	0.0347715	0.00213482	0.00421264	0.199813	0.154801	0.180744	0.00381347	0.00116973
92	0.0203688	0.00666865	0.0053546	0.00766854	0.0528529	0.00625851	0.00565088	0.0176764	0.00734968	0.117486	0.0162259	0.00666335	0.00429816	0.0108743	0.0187655	0.0170195	0.0158335	0.03495	0.62194	0.00609573
93	0.0478866	0.00857945	0.0137575	0.0454798	0.00522149	0.0118566	0.017752	0.00764858	0.427397	0.0184431	0.00852168	0.0409781	0.011998	0.0272423	0.178021	0.031906	0.0436277	0.0432342	0.00492096	0.00552804
94	0.0696182	0.00402328	0.00483046	0.0285032	0.00316995	0.295647	0.00464529	0.00849736	0.0102844	0.0131416	0.00608075	0.0105751	0.370925	0.00845514	0.00557847	0.100447	0.0414225	0.0096424	0.00162955	0.00288313
95	0.193707	0.0152624	0.00165116	0.0030972	0.00226889	0.012274	0.0118958	0.00948714	0.00176134	0.00428122	0.0101377	0.00426762	0.00837556	0.00345495	0.00215055	0.649253	0.0584066	0.00258019	0.001276	0.00441171
96	0.0874748	0.00310836	0.0433303	0.123082	0.00254242	0.0167792	0.00566443	0.0048578	0.0223165	0.0266416	0.0028223	0.031385	0.387665	0.030098	0.0223762	0.143707	0.032264	0.00887511	0.000906257	0.00410326
97	0.0128659	0.0430579	0.00367119	0.0283192	0.0035235	0.00502336	0.00401646	0.0791809	0.0957279	0.108274	0.00404845	0.00579351	0.00395988	0.0054079	0.0583954	0.334614	0.184579	0.0154565	0.00136324	0.00272229
98	0.39007	0.0120843	0.00220685	0.00311513	0.0109172	0.00420849	0.00217818	0.00531924	0.00279429	0.0429242	0.00304428	0.00378175	0.00227648	0.0027793	0.00394775	0.0414158	0.329368	0.135022	0.000931716	0.00161594
99	0.0666982	0.00310675	0.0044533	0.00978462	0.00123441	0.00883149	0.00222048	0.00177169	0.0146838	0.0249174	0.00159917	0.0212479	0.684465	0.00623587	0.00414588	0.0845834	0.0543324	0.00293282	0.000431555	0.00232337
100	0.0154969	0.00609218	0.000812618	0.00449454	0.0917569	0.00158174	0.00329402	0.190291	0.00277031	0.490189	0.0606773	0.00395021	0.00301916	0.00304988	0.00151006	0.00501129	0.0118636	0.07579	0.00766365	0.0206858
101	0.011105	0.119581	0.00141856	0.0224273	0.0010761	0.00187243	0.00131473	0.0758993	0.00145104	0.00217784	0.00128024	0.00192248	0.00118564	0.00169042	0.00145473	0.0987261	0.546695	0.107293	0.000403173	0.00102651
102	0.346893	0.00269693	0.00172847	0.00412141	0.00729713	0.121498	0.0230739	0.00290975	0.00222447	0.028162	0.00201846	0.0514926	0.00296836	0.0555897	0.00335202	0.246416	0.0875412	0.00701085	0.000923535	0.00208177
103	0.00828492	0.00551987	0.000312414	0.0016016	0.0166929	0.000348075	0.000720216	0.546416	0.00406204	0.100665	0.0360358	0.0010994	0.00257556	0.000351528	0.00101614	0.0069858	0.00885443	0.254271	0.000148059	0.00403961
104	0.333016	0.0208413	0.00572482	0.00754577	0.00994416	0.017566	0.00716455	0.0360511	0.00999477	0.0385733	0.0107036	0.0111078	0.00910962	0.00942786	0.0121499	0.0724031	0.209508	0.171173	0.00374656	0.00424841
105	0.0254608	0.0487101	0.00135815	0.00174673	0.0104942	0.00206542	0.00225198	0.0727551	0.00182425	0.0526479	0.0841288	0.00756678	0.00158442	0.0103472	0.00264179	0.0537745	0.205337	0.402213	0.0116873	0.00140462
106	0.0760743	0.0172009	0.0888979	0.0931863	0.00513536	0.0254076	0.0464616	0.00884734	0.0681531	0.0583378	0.0525842	0.0661878	0.00853779	0.085888	0.0360927	0.107349	0.122836	0.0103386	0.00609716	0.0163862
107	0.0617639	0.00690375	0.00288801	0.000493915	0.00964623	0.00335758	0.000492547	0.223923	0.000387449	0.0568141	0.0166708	0.000569645	0.0017307	0.000444558	0.00436197	0.0026056	0.0249081	0.576651	0.00514658	0.000240546
108	0.148296	0.0351011	0.00800879	0.00346775	0.00425939	0.494278	0.00556045	0.0144891	0.00457954	0.0115973	0.00473652	0.0133807	0.010538	0.00367266	0.00718158	0.0834545	0.0836916	0.0599621	0.00197827	0.00176665
109	0.046209	0.00112627	0.0837919	0.501612	0.000667991	0.00698278	0.00751433	0.00223008	0.0418108	0.00159817	0.0155376	0.0499681	0.000840798	0.0838476	0.0506115	0.0647918	0.0252588	0.0144724	0.000362967	0.000765642
110	0.294571	0.00242732	0.00164391	0.00269428	0.00170116	0.00268972	0.00208219	0.0136594	0.10106	0.0905748	0.0223805	0.00267977	0.00182372	0.0711728	0.0811399	0.0910815	0.113071	0.0542613	0.0258202	0.0234664
111	0.00898381	0.00111664	0.000633309	0.0017985	0.0262083	0.00534248	0.00407484	0.207114	0.00193292	0.426525	0.206782	0.00540964	0.00388465	0.00349299	0.0011201	0.00854176	0.00790721	0.0746689	0.000564252	0.00389786
112	0.314131	0.0260569	0.00100965	0.00149609	0.0017086	0.0240871	0.00124961	0.0804031	0.00120328	0.0319874	0.0011721	0.014896	0.00723718	0.00152026	0.00675588	0.150151	0.120162	0.206541	0.00748361	0.000748559
113	0.00592843	0.00246893	0.044839	0.0124908	0.00201532	0.0616825	0.00348055	0.00223442	0.0304934	0.0221037	0.0016899	0.0226685	0.00145805	0.0340421	0.715294	0.0145127	0.0140138	0.00343767	0.00194449	0.00320173
114	0.0126963	0.00413679	0.000495244	0.00186227	0.0329733	0.000512127	0.00147629	0.486975	0.00319171	0.102245	0.0437575	0.00139429	0.00193487	0.000982824	0.00111441	0.00660933	0.00741402	0.282339	0.00128425	0.00660618
115	0.163294	0.00155446	0.0177964	0.0315767	0.00137894	0.0313736	0.0128681	0.00208957	0.066079	0.00721929	0.00118569	0.0666177	0.433279	0.038581	0.0266355	0.0766598	0.00935654	0.00669521	0.000542108	0.00521759
116	0.00730147	0.00925551	0.000537448	0.0053452	0.00856894	0.000886752	0.00407692	0.288341	0.00896541	0.380954	0.0467926	0.00508251	0.00737131	0.00347829	0.00126772	0.00305845	0.00733203	0.206735	0.000433446	0.00421592
117	0.0603888	0.00679343	0.00278778	0.000520934	0.00948137	0.00326348	0.000376842	0.223852	0.000465044	0.0578839	0.0176536	0.000459389	0.00167511	0.000381292	0.00426553	0.00257487	0.025558	0.575782	0.00554675	0.000290389
118	0.104564	0.0139836	0.0667589	0.193255	0.00772023	0.0415988	0.0168417	0.0140764	0.0319639	0.023146	0.01254	0.0395169	0.0301257	0.0378298	0.0351521	0.234374	0.0659132	0.0202847	0.00364776	0.00670751
119	0.122548	0.0560308	0.00602138	0.0077985	0.391009	0.00956931	0.006874	0.0701485	0.00623521	0.119783	0.023498	0.00844732	0.00622998	0.00708153	0.00902284	0.0272736	0.0283655	0.0419822	0.00584851	0.0462332
120	0.0493232	0.0270314	0.0129905	0.0179473	0.0077577	0.0136755	0.00943075	0.0224312	0.0136443	0.0160577	0.00911348	0.013435	0.0240766	0.00925986	0.0133014	0.116924	0.568957	0.0449045	0.002128	0.00761057
121	0.0385045	0.00637307	0.00584935	0.00435692	0.000894448	0.880356	0.00572989	0.00128642	0.00521828	0.00151214	0.00113908	0.00510284	0.00338062	0.00265468	0.00301426	0.0143805	0.00961743	0.00959894	0.000260397	0.00077067
122	0.136513	0.0186571	0.0485358	0.0323461	0.0107203	0.114745	0.0247212	0.0135858	0.0172467	0.019627	0.00859282	0.094949	0.0170452	0.0262568	0.0170705	0.229557	0.139939	0.0190331	0.0027274	0.00813021
123	0.0107164	0.118254	0.00143975	0.0241234	0.00115147	0.00174121	0.00133094	0.0768549	0.00180757	0.00315066	0.00132334	0.00195808	0.00118327	0.00169815	0.0019313	0.102642	0.542784	0.104493	0.000421992	0.000994802
124	0.172228	0.00237599	0.0134001	0.070604	0.00176375	0.0131853	0.0352204	0.00325986	0.142262	0.00717909	0.00491838	0.0541436	0.0966729	0.118894	0.183682	0.0427555	0.0298745	0.00409893	0.000733826	0.00274759
125	0.0648807	0.00675121	0.00283826	0.000793827	0.0105707	0.00337034	0.000721414	0.220506	0.00083604	0.0523723	0.026939	0.000768104	0.00174915	0.000764128	0.0057664	0.00316752	0.029084	0.562274	0.00532792	0.000519418
126	0.0789276	0.00626167	0.00914723	0.0212921	0.00467187	0.391471	0.00899088	0.011329	0.010129	0.0129596	0.0078565	0.0124233	0.22714	0.0104833	0.00817496	0.121967	0.0366909	0.0142233	0.00188612	0.00397453
127	0.0603552	0.00825765	0.00274914	0.000484017	0.0096431	0.00377302	0.000402461	0.21297	0.000392722	0.0578546	0.0217086	0.000602532	0.00159663	0.000760384	0.00426001	0.00387896	0.0286859	0.574841	0.0064375	0.0003462
128	0.344039	0.00260339	0.00175304	0.00410002	0.00700353	0.122462	0.0242931	0.00282231	0.00227623	0.0280651	0.00233807	0.0524409	0.00297169	0.0554305	0.00334917	0.247915	0.086154	0.00692346	0.000952701	0.00210565
129	0.195142	0.0030188	0.0468371	0.249931	0.00292756	0.032784	0.00572892	0.00295308	0.112065	0.0233601	0.00357146	0.015379	0.00388959	0.0932105	0.0991751	0.0699549	0.0269581	0.0124549	0.000271168	0.000388326
130	0.0569841	0.0139332	0.0234873	0.0295541	0.013647	0.0228904	0.0289475	0.0149076	0.0601057	0.0462988	0.0164466	0.0258602	0.0185835	0.10773	0.338286	0.0490175	0.0393832	0.026741	0.00748191	0.0597152
131	0.00561421	0.00259247	0.00150609	0.00211416	0.652926	0.00206381	0.0103493	0.00298319	0.001843	0.111386	0.0688464	0.00205621	0.00155758	0.0020425	0.0021542	0.0127944	0.00341426	0.00455235	0.00402933	0.105175
132	0.0358852	0.00609051	0.00430226	0.00282393	0.000700046	0.902424	0.00534273	0.00067201	0.00530603	0.00087844	0.000543772	0.00302712	0.0011102	0.00199436	0.00228257	0.00846571	0.00828713	0.00919656	0.000193312	0.000474227
133	0.00675527	0.00212797	0.0128876	0.0161945	0.00365643	0.00450354	0.0142283	0.00284809	0.588803	0.00362041	0.00205782	0.0604481	0.00230251	0.00334165	0.161166	0.019145	0.0473109	0.0462635	0.000731156	0.00160828
134	0.0450932	0.0915067	0.00198011	0.0025202	0.0377942	0.0246468	0.0317549	0.0149611	0.0184893	0.0157153	0.00215562	0.0149862	0.0455942	0.0147244	0.0246598	0.378542	0.156195	0.0543855	0.000756391	0.0235395
135	0.00709076	0.00220894	0.00104849	0.00940907	0.0119588	0.00205268	0.00672884	0.269947	0.00566977	0.536399	0.0423504	0.00792635	0.00731939	0.00590646	0.00222209	0.00525853	0.00630351	0.0643521	0.00098239	0.00486546
136	0.0222347	0.00587756	0.0023182	0.00799103	0.0333433	0.00435387	0.00467597	0.0853066	0.00483283	0.640728	0.0442117	0.00692912	0.004285	0.00726231	0.00900686	0.0116135	0.0145036	0.072354	0.00915178	0.00902036
137	0.0691006	0.00860233	0.105612	0.363081	0.00422123	0.0230704	0.0205121	0.0173799	0.0472722	0.0214392	0.0113213	0.0360603	0.015369	0.0661682	0.057817	0.0574291	0.046472	0.0232259	0.00275164	0.00309455
138	0.0237034	0.00724898	0.00271788	0.00679084	0.0446428	0.00557153	0.00475984	0.0832621	0.00596176	0.623616	0.046249	0.00639398	0.00423069	0.00595814	0.0103269	0.0141908	0.0179748	0.0665942	0.00949384	0.0103127
139	0.142399	0.00933011	0.0164103	0.01544	0.00512346	0.398397	0.00728919	0.00835621	0.00741728	0.0105323	0.00617263	0.0180582	0.0415903	0.00958636	0.0108579	0.236781	0.031418	0.0169085	0.00263735	0.00529609
140	0.0358033	0.00597517	0.00647645	0.00540656	0.00167805	0.865569	0.00561036	0.00214479	0.00666011	0.00337319	0.00189293	0.00624577	0.00811024	0.00335839	0.00375236	0.0152757	0.0109035	0.0102164	0.000461945	0.00108579
141	0.0280749	0.00758996	0.0804033	0.0212696	0.00582979	0.0286208	0.0185703	0.00923354	0.0164072	0.0101838	0.00693547	0.635663	0.0128158	0.0268186	0.0139959	0.0345403	0.0211867	0.0144825	0.00245864	0.00491985
142	0.0402421	0.00831314	0.0593973	0.0380413	0.00456688	0.0315419	0.017876	0.00927886	0.13907	0.0177896	0.0108228	0.415074	0.021562	0.0287999	0.0440464	0.0484411	0.0344735	0.0212947	0.00284577	0.00652242
143	0.405067	0.0140225	0.0110302	0.00291218	0.00253842	0.335624	0.00224751	0.00386132	0.00244913	0.00549885	0.00446619	0.00922427	0.00667981	0.00236547	0.00766595	0.131933	0.00955843	0.0368581	0.000737964	0.00525869
144	0.133803	0.00380187	0.00319977	0.00713319	0.00394759	0.0671476	0.00417696	0.169774	0.00431967	0.223859	0.0909573	0.00482362	0.00364922	0.0272958	0.00584735	0.0455653	0.0254293	0.165271	0.00248473	0.00751396
145	0.00882168	0.00697431	0.00043709	0.0023702	0.012146	0.000451746	0.000604999	0.551145	0.00512995	0.0901176	0.0320391	0.00126428	0.00324633	0.000392139	0.00123773	0.00622635	0.0100122	0.26377	0.000280544	0.00333211
146	0.0617923	0.00661631	0.00279319	0.000607223	0.00932632	0.00324528	0.000388215	0.217508	0.000319546	0.0551476	0.0164808	0.000431204	0.00154285	0.000401069	0.00434007	0.00254323	0.0244845	0.586762	0.00505901	0.000210496
147	0.182489	0.105109	0.114499	0.00274933	0.0168217	0.0232405	0.0304767	0.00317758	0.00238877	0.0449406	0.0543767	0.0217702	0.00195344	0.00338348	0.00310008	0.0919679	0.280428	0.0145415	0.000860566	0.00172556
148	0.0263451	0.00812955	0.202522	0.126122	0.00104008	0.0142628	0.0163146	0.00393303	0.0313034	0.00346853	0.00196855	0.0773536	0.00182945	0.0233666	0.0201596	0.186264	0.251781	0.00216216	0.00053615	0.00113717
149	0.407986	0.0403229	0.00517316	0.0125379	0.0709664	0.0351659	0.00906855	0.017872	0.00755368	0.0331083	0.0171637	0.0195412	0.00663431	0.0162932	0.0110672	0.197575	0.0558967	0.0247248	0.00361209	0.00773694
150	0.00379326	0.0087016	0.523978	0.00170999	0.00101121	0.001522	0.0366227	0.00837993	0.00792135	0.00226341	0.00141435	0.308873	0.0158605	0.00236595	0.00183216	0.0524143	0.0103279	0.00944384	0.000501561	0.00106251
151	0.00870973	0.00109948	0.000961433	0.00562951	0.0174078	0.00222639	0.00824829	0.177136	0.00559611	0.563407	0.0681862	0.00829462	0.00957289	0.007586	0.00135236	0.00388218	0.00892677	0.0932865	0.00135756	0.00713298
152	0.0430629	0.0132822	0.375893	0.161397	0.00150388	0.0160095	0.0165113	0.00224003	0.0811758	0.00433315	0.00294832	0.107521	0.0452269	0.0176462	0.00868804	0.0870152	0.00944865	0.00310958	0.000602081	0.00238458
153	0.00814207	0.000845	0.000677517	0.003194	0.0166393	0.00224468	0.00687913	0.175378	0.00448894	0.563272	0.099866	0.0110721	0.00759956	0.00683681	0.000837124	0.00371382	0.0060713	0.0764093	0.000866572	0.00496678
154	0.408183	0.00963394	0.002037	0.00294659	0.0147066	0.00567976	0.00239506	0.0091708	0.00254455	0.0475738	0.0025423	0.00452723	0.00278885	0.00292822	0.00393776	0.0618967	0.25029	0.163195	0.00141195	0.00161114
155	0.0648328	0.00169833	0.00172577	0.0254544	0.00158364	0.00864685	0.00237472	0.111717	0.00232894	0.270657	0.0333083	0.00239266	0.00166446	0.00358035	0.0128518	0.0169792	0.0700421	0.352242	0.000712032	0.0152078
156	0.0184251	0.0206339	0.0238133	0.0356949	0.00286115	0.0192563	0.0196533	0.0412377	0.0815502	0.00902391	0.00249306	0.0337561	0.164998	0.0584498	0.321344	0.0379084	0.066523	0.0387222	0.00119574	0.00245966
157	0.0263526	0.0114555	0.00228319	0.00517274	0.241427	0.00500765	0.005731	0.129283	0.00432237	0.295491	0.0532815	0.00385186	0.00327479	0.00394385	0.00528436	0.0154807	0.0231328	0.111623	0.0121896	0.0414113
158	0.361117	0.00729318	0.0175131	0.00293945	0.00255142	0.330085	0.00172683	0.00293856	0.00202894	0.00381997	0.00283851	0.00996889	0.00404472	0.00228579	0.00966805	0.196582	0.0054098	0.0286417	0.000675197	0.00787235
159	0.62181	0.0772655	0.00281045	0.00565445	0.0178425	0.0254216	0.00305627	0.0268013	0.00315343	0.0138093	0.0129579	0.0104697	0.00380771	0.00876298	0.00485694	0.117821	0.0248486	0.0134674	0.00178021	0.00360249
160	0.0696857	0.00836354	0.00283371	0.000593448	0.0114076	0.00319421	0.000642173	0.211169	0.000558745	0.0533872	0.0247249	0.0010282	0.00158694	0.000700772	0.00434606	0.00392497	0.0321479	0.563949	0.00534834	0.000407743
161	0.108225	0.00715555	0.00649512	0.0044335	0.00140879	0.779241	0.00534632	0.00256827	0.00526611	0.0027775	0.0028335	0.0064711	0.00221337	0.00303253	0.0043588	0.0336448	0.00821321	0.0143183	0.000445172	0.00155191
162	0.0370991	0.0601323	0.00816827	0.01824	0.0127065	0.0107843	0.00640452	0.105953	0.00935016	0.0330545	0.0171146	0.0130593	0.0108013	0.0104934	0.0121126	0.0843155	0.425589	0.112325	0.00365608	0.00864097
163	0.41569	0.185633	0.00596683	0.00506063	0.00829081	0.00932746	0.0049078	0.0160944	0.00468574	0.00912551	0.00887094	0.0494295	0.00389358	0.0299664	0.00661474	0.126586	0.0787344	0.0255119	0.0014785	0.004132
164	0.0381607	0.00807907	0.00642797	0.00421923	0.00164166	0.836789	0.00604667	0.00225311	0.00593738	0.00361627	0.00210854	0.00575351	0.010072	0.00444399	0.00741558	0.019874	0.0238084	0.0115062	0.000478326	0.00136805
165	0.0603609	0.0118619	0.0167836	0.0387377	0.0195156	0.0137264	0.193513	0.0155338	0.0291206	0.0350484	0.0224435	0.0611691	0.0325289	0.295364	0.0317681	0.0472437	0.0319789	0.0199107	0.00276646	0.0206242
166	0.0792196	0.201195	0.0140614	0.0302336	0.0164894	0.0232262	0.0163756	0.0222076	0.0365985	0.0288312	0.0244908	0.0231493	0.0147867	0.0204467	0.281353	0.0584724	0.0527415	0.0374459	0.00802072	0.0106556
167	0.162787	0.17335	0.0161225	0.0302714	0.0161101	0.0249675	0.0152195	0.0190692	0.0404201	0.0322006	0.0266178	0.0265745	0.016353	0.024919	0.197991	0.0669159	0.0531268	0.0374414	0.00940801	0.0101339
168	0.0418452	0.0636313	0.00613902	0.0190311	0.00886839	0.00734131	0.00568342	0.0754328	0.0125256	0.0215139	0.0101656	0.0124259	0.00950761	0.00972581	0.0110891	0.155782	0.450775	0.0708839	0.00283464	0.004798
169	0.0179599	0.0012733	0.000918022	0.00151675	0.00112052	0.00130796	0.00121721	0.00323071	0.00530094	0.00210203	0.00128433	0.00168437	0.0016131	0.00166517	0.00542644	0.315994	0.632479	0.00264594	0.000423789	0.000836387
170	0.109512	0.108883	0.0292733	0.00543109	0.00653745	0.0373701	0.00934768	0.0112647	0.00508214	0.096819	0.0788938	0.00966881	0.00355548	0.00505815	0.00852662	0.0384036	0.359581	0.0707785	0.00156314	0.00444968
171	0.0593434	0.0238327	0.0259298	0.0593456	0.011763	0.0280363	0.0861606	0.015412	0.0698434	0.0278031	0.0177545	0.0281336	0.0246526	0.0525879	0.325687	0.0458225	0.0513986	0.0282291	0.00625194	0.0120124
172	0.0631798	0.00686718	0.00284665	0.00041532	0.0104655	0.00336218	0.000680525	0.221148	0.000310443	0.0558714	0.0164653	0.000633579	0.00162545	0.000554596	0.00428175	0.00275615	0.0246751	0.578573	0.00501965	0.000268399
173	0.0449441	0.00650511	0.00720644	0.00912563	0.0201296	0.00861034	0.270982	0.00955696	0.0103984	0.0243273	0.041383	0.023072	0.0510472	0.32552	0.0112932	0.0609285	0.0178063	0.0124772	0.00239824	0.0422887
174	0.0461424	0.00112064	0.0840713	0.501879	0.00066938	0.00691205	0.00754812	0.00224098	0.0419658	0.00159731	0.0154287	0.0499591	0.000838347	0.0835575	0.0506897	0.0648227	0.024908	0.0145363	0.000367315	0.000745781
175	0.0441607	0.0142088	0.237567	0.0819056	0.00159422	0.01714	0.0179524	0.00256614	0.0660612	0.00467465	0.00326509	0.0874231	0.0212904	0.019693	0.0231519	0.298882	0.0521558	0.00307692	0.000747291	0.00248369
176	0.00644123	0.013141	0.000335375	0.00478955	0.00785826	0.00039021	0.000401864	0.516652	0.00988515	0.0848378	0.0337316	0.00192488	0.00531729	0.000439131	0.00100664	0.00399383	0.00797626	0.29717	0.000178592	0.00352943
177	0.132609	0.00374129	0.00320914	0.0246316	0.0258322	0.00446824	0.120482	0.062887	0.0824252	0.0062512	0.00358172	0.00633647	0.00365833	0.0046848	0.0250004	0.0104027	0.00994103	0.141992	0.00154446	0.326322
178	0.00790205	0.00538998	0.000282046	0.00150839	0.016603	0.000360817	0.000743132	0.552936	0.00389956	0.0985876	0.0360423	0.00109091	0.00259595	0.000349513	0.000998686	0.00716541	0.00940801	0.250011	0.000109387	0.00401636
179	0.0379594	0.00616824	0.0159599	0.0181168	0.00218	0.793504	0.00850408	0.00319679	0.0237566	0.00529326	0.00291562	0.016643	0.00679182	0.00961448	0.00913513	0.0153199	0.0117305	0.0104583	0.000477814	0.00227487
180	0.00379969	0.00882681	0.524123	0.00172666	0.00103684	0.00152707	0.0367385	0.00843427	0.00785948	0.00228256	0.00140261	0.308884	0.0155405	0.00236953	0.0018307	0.0524654	0.0102527	0.00934899	0.000483384	0.0010671
181	0.180402	0.00483525	0.0108858	0.0214717	0.00416122	0.0547636	0.0111337	0.00539051	0.0285618	0.0328749	0.0039574	0.0315712	0.443725	0.0389568	0.0114659	0.072972	0.022635	0.0129481	0.00133507	0.00595382
182	0.0257965	0.0127239	0.00128054	0.00163446	0.0266417	0.00917927	0.00148278	0.00477439	0.00167258	0.736341	0.0283805	0.00174296	0.00110157	0.00173485	0.0393221	0.0129468	0.0201692	0.0417859	0.0299402	0.00134859
183	0.0513577	0.000632906	0.325223	0.360721	0.00316012	0.0234893	0.0172554	0.00835212	0.0197089	0.0180991	0.00447315	0.0555373	0.00319673	0.0544935	0.0104828	0.0122392	0.0235031	0.00736982	0.000247334	0.00045849
184	0.0340315	0.00374589	0.00211334	0.00329296	0.00276636	0.00318071	0.0160116	0.018015	0.00262116	0.00545148	0.0045266	0.0514414	0.00220399	0.00370627	0.00380189	0.0644008	0.428307	0.334106	0.0011034	0.0151733
185	0.010602	0.00190725	0.00138222	0.00455611	0.0167148	0.00310527	0.0205915	0.168997	0.00585378	0.563944	0.0737175	0.0159441	0.00835433	0.00750919	0.00162902	0.00585831	0.00803605	0.073545	0.00175427	0.0059979
186	0.0104565	0.166172	0.00276238	0.00422603	0.00404017	0.00427184	0.00362391	0.188743	0.00417396	0.125601	0.130499	0.00561858	0.0041641	0.00450044	0.00497067	0.0108188	0.0107898	0.287039	0.00138923	0.0261386
187	0.048806	0.0331046	0.0412351	0.0177093	0.0044904	0.685979	0.0157708	0.00439386	0.0108242	0.00819785	0.00480584	0.0209864	0.00835473	0.00994401	0.0083399	0.0315282	0.0247612	0.0133758	0.00146001	0.00593227
188	0.116089	0.00473474	0.0161824	0.0244198	0.00350691	0.030588	0.010778	0.00578415	0.0268924	0.0200423	0.00375198	0.0250313	0.546729	0.0213954	0.00999156	0.0809527	0.0350595	0.0125529	0.000882163	0.00463552
189	0.0122656	0.0041826	0.00105161	0.00186805	0.00770072	0.00284398	0.0023751	0.0233445	0.00225576	0.801362	0.0327516	0.00305491	0.00275396	0.00232982	0.00663067	0.004956	0.00671038	0.0737614	0.00624048	0.00156132
190	0.0596077	0.00953048	0.00723042	0.00832017	0.0481037	0.00772175	0.0589547	0.126276	0.00656431	0.0589191	0.0187194	0.0382765	0.00499592	0.0373852	0.00926741	0.0208966	0.0308543	0.438677	0.00356274	0.0061361
