266	20
1	0.380046	0.0292375	0.00159742	0.00745758	0.00445506	0.212631	0.00144453	0.048737	0.00158853	0.0402885	0.0186022	0.0020008	0.0011031	0.00156637	0.00177268	0.0181619	0.0121351	0.210673	0.00061738	0.00588419
2	0.00807778	0.00999215	0.0157533	0.0413707	0.0321869	0.00156131	0.0282414	0.131708	0.0772784	0.108609	0.014109	0.0126786	0.000885593	0.00698333	0.260457	0.00667063	0.0433704	0.128097	0.0151255	0.0568445
3	0.0272122	0.00463229	0.00202751	0.000398003	0.0302442	0.000427307	0.00130387	0.379557	0.000467496	0.0909591	0.013907	0.0023232	0.000777067	0.000411519	0.000463975	0.00373547	0.0075514	0.428638	0.000720989	0.00424256
4	0.00779894	0.00764502	0.000641706	0.000947037	0.380363	0.00085686	0.0264193	0.0290929	0.00467984	0.0457464	0.0176672	0.00480569	0.000585507	0.00327049	0.0101528	0.00601388	0.00631126	0.0215506	0.00663373	0.418818
5	0.361094	0.0354157	0.00170378	0.00337586	0.00411628	0.078805	0.00122679	0.0934921	0.00184796	0.127591	0.0287615	0.00188906	0.00100464	0.00202195	0.00371948	0.0305218	0.0434304	0.176298	0.000525073	0.00315985
6	0.0260613	0.00186558	0.130337	0.00242843	0.00161865	0.00234239	0.0138503	0.00255868	0.0023675	0.00369842	0.00223214	0.128932	0.010392	0.00224443	0.0116533	0.463095	0.18683	0.00431955	0.00103061	0.00214127
7	0.32018	0.0510856	0.000928912	0.00233668	0.000963272	0.00973471	0.00117125	0.0105647	0.00139683	0.0144518	0.0103715	0.00669753	0.0286348	0.00122461	0.0107221	0.295339	0.126283	0.10557	0.000584476	0.00175976
8	0.0191753	0.0101251	0.00068044	0.000976948	0.0459182	0.00278376	0.00745268	0.18898	0.00202062	0.531311	0.030812	0.00125224	0.00497538	0.00371737	0.00655999	0.00450644	0.00330116	0.0871344	0.00489435	0.0434229
9	0.0413383	0.0021562	0.106191	0.261209	0.00568215	0.0172957	0.0175877	0.00886702	0.113614	0.0244295	0.018038	0.0475916	0.00811457	0.109048	0.13368	0.0383416	0.0297076	0.0113674	0.00381393	0.00192628
10	0.041379	0.0267145	0.0323678	0.0411077	0.0102873	0.0269486	0.0271222	0.0360019	0.0350832	0.0939336	0.132718	0.0301329	0.00686708	0.278101	0.0324299	0.0380926	0.0506575	0.0438179	0.00418477	0.0120528
11	0.276851	0.0197927	0.00144424	0.00233024	0.00910676	0.0271706	0.0017343	0.163192	0.00203684	0.178557	0.0239283	0.0033384	0.00120348	0.00195565	0.00302574	0.0161897	0.0543586	0.20959	0.000754712	0.00343983
12	0.165665	0.00167443	0.012501	0.00156497	0.00139154	0.0144128	0.00197677	0.0638412	0.0450089	0.0732928	0.0546734	0.00839982	0.000827597	0.0350786	0.0951249	0.0693302	0.103847	0.226439	0.00643785	0.0185116
13	0.0284522	0.0132606	0.0335587	0.0401066	0.0321161	0.133649	0.251123	0.00621976	0.033493	0.0142019	0.0140838	0.157382	0.0028737	0.0411336	0.0964471	0.0535833	0.0152166	0.00787831	0.00224671	0.0229744
14	0.399854	0.0353328	0.00108844	0.00671781	0.00175968	0.00422935	0.00158598	0.0243784	0.00231334	0.0241846	0.00435556	0.0192776	0.00704914	0.00172881	0.00507906	0.148628	0.12882	0.180735	0.000609954	0.00227304
15	0.302841	0.0297217	0.00249442	0.00443429	0.0021933	0.0191076	0.00297756	0.0106625	0.00269655	0.0231867	0.0073688	0.00712274	0.0147943	0.00212028	0.0183109	0.28843	0.20085	0.0570711	0.0011424	0.00247401
16	0.0371596	0.1589	0.00230598	0.0167136	0.0179594	0.043061	0.0733514	0.00675923	0.0385115	0.0194031	0.0677523	0.00318311	0.00211535	0.0590819	0.0672044	0.188396	0.187671	0.00630781	0.00160144	0.00256159
17	0.031386	0.00962558	0.00170905	0.00301982	0.0223665	0.0038801	0.00843427	0.104413	0.00937972	0.464103	0.219719	0.00527673	0.00217646	0.0161283	0.00846842	0.0113433	0.0188936	0.0532277	0.00189571	0.00455302
18	0.012237	0.0107512	0.00093052	0.00124049	0.0885953	0.00122967	0.0132112	0.181444	0.0013919	0.339708	0.0330104	0.00142481	0.00220406	0.00136455	0.00777696	0.00246098	0.00271003	0.0984126	0.0216844	0.178212
19	0.361249	0.037903	0.00150211	0.00600244	0.00489976	0.199538	0.00142364	0.0592225	0.00152054	0.0487165	0.0213258	0.00174044	0.00110818	0.00149049	0.00172512	0.0183853	0.0170364	0.206921	0.000618771	0.00767121
20	0.0139908	0.00925046	0.00202317	0.00256748	0.0102651	0.00275257	0.00969708	0.0290209	0.012998	0.488376	0.256375	0.0131483	0.00137202	0.0321955	0.00958149	0.0225602	0.0481971	0.0275396	0.00586403	0.00222593
21	0.203862	0.0310107	0.0105032	0.0214035	0.00565736	0.0527774	0.00530335	0.00860033	0.0161693	0.0106651	0.0193918	0.0138514	0.474208	0.00878369	0.008331	0.0582088	0.0181423	0.026576	0.00179863	0.00475632
22	0.0574428	0.00734168	0.228571	0.161841	0.00785424	0.0660382	0.0285562	0.0111725	0.0454405	0.0215357	0.0131756	0.0462237	0.0153116	0.129262	0.0496876	0.0550129	0.0300735	0.0160336	0.00416595	0.00526044
23	0.368515	0.0420842	0.00141582	0.00358761	0.00557318	0.142976	0.00107229	0.0796022	0.00126184	0.0790497	0.0304131	0.00123351	0.00093288	0.00125836	0.00130367	0.0159399	0.023419	0.195621	0.000437694	0.00430223
24	0.0508378	0.0119142	0.00671314	0.00841922	0.151755	0.0174931	0.255597	0.0218367	0.0124916	0.0272729	0.0111473	0.0147439	0.00824109	0.0231539	0.0262948	0.0254164	0.0134942	0.0201928	0.0198214	0.273163
25	0.0180503	0.00635387	0.00539278	0.131511	0.0363254	0.00600069	0.00699812	0.0376902	0.00677584	0.152102	0.00856902	0.00678892	0.0598215	0.123117	0.00746141	0.124049	0.0678838	0.103258	0.0580055	0.0338452
26	0.0819328	0.00425924	0.0169461	0.0129884	0.00261616	0.744597	0.00941353	0.00578383	0.00906742	0.00839155	0.00411054	0.0198803	0.00933749	0.00716056	0.0100077	0.0300762	0.0103109	0.00923923	0.000893547	0.00298788
27	0.0216169	0.00767931	0.00214224	0.00546917	0.316483	0.0045014	0.0344324	0.0236058	0.022986	0.0347291	0.0154095	0.00864322	0.00211605	0.020463	0.0119354	0.0137074	0.0115459	0.0358988	0.0119402	0.394695
28	0.158305	0.00459781	0.004236	0.00486414	0.00422211	0.700208	0.00328676	0.00640221	0.00528846	0.00569848	0.00405009	0.00905397	0.0100228	0.00311834	0.00746755	0.0412626	0.00957365	0.0132521	0.00107664	0.00401257
29	0.16634	0.0174913	0.00835716	0.0135599	0.155082	0.0192266	0.0134945	0.0353896	0.0153306	0.0925308	0.0892501	0.0140738	0.0691195	0.0165342	0.0163743	0.034748	0.100474	0.0987558	0.00855342	0.0153143
30	0.186542	0.0589849	0.00406926	0.0133285	0.00310521	0.0475812	0.00350936	0.00579111	0.00666437	0.00857825	0.0123523	0.00829185	0.450104	0.00324994	0.00504588	0.126208	0.0257584	0.0257392	0.00136727	0.0037288
31	0.0236522	0.00413864	0.00258969	0.000496721	0.0173497	0.000391854	0.00110423	0.383386	0.000572194	0.0830123	0.0103586	0.00175361	0.000444962	0.000353754	0.000817416	0.00426307	0.00991533	0.452069	0.000422285	0.00290895
32	0.0843865	0.00445734	0.0217973	0.0139979	0.00340252	0.722984	0.0118304	0.00641088	0.010707	0.00641424	0.00393024	0.0225454	0.00889173	0.00723582	0.0119017	0.0316567	0.011726	0.010038	0.00119221	0.00449453
33	0.147877	0.126588	0.00854651	0.0113418	0.0144005	0.167873	0.0162701	0.0877918	0.0163882	0.0356025	0.0275239	0.0139541	0.00818646	0.0173	0.0182113	0.047069	0.162795	0.0564986	0.00402416	0.0117574
34	0.0438022	0.00823053	0.00238121	0.00137863	0.0147967	0.00193272	0.00211284	0.32413	0.00105412	0.0973551	0.0216366	0.00231003	0.00134436	0.0035644	0.00218693	0.00711348	0.0357726	0.422429	0.00106688	0.00540146
35	0.370737	0.0260042	0.0057038	0.00434031	0.0047636	0.185118	0.00259553	0.0521119	0.00282089	0.0636545	0.0737104	0.0077338	0.00218967	0.00505885	0.00270764	0.0277474	0.0182975	0.139304	0.000935744	0.00446548
36	0.35331	0.0263232	0.00273487	0.0184606	0.00528037	0.222849	0.00371943	0.0425105	0.00379651	0.0357071	0.0164656	0.00358066	0.00271098	0.00316688	0.00363001	0.0207478	0.013241	0.212224	0.00183483	0.00770728
37	0.0419135	0.00551164	0.00418089	0.00546793	0.0636132	0.00550914	0.00482174	0.0798185	0.00664117	0.0341003	0.175104	0.00576358	0.00399539	0.00580442	0.0064881	0.102176	0.306224	0.0852032	0.0285561	0.0291061
38	0.126299	0.00107631	0.187022	0.133937	0.00306912	0.0390274	0.0320825	0.00166081	0.0774755	0.00608761	0.00123515	0.101162	0.0273507	0.0664074	0.0630452	0.115397	0.00797092	0.00729531	0.00156199	0.000836955
39	0.165554	0.00588068	0.00591661	0.00719852	0.00487817	0.644002	0.00379871	0.00500897	0.00659551	0.0041522	0.00321147	0.014819	0.0394758	0.00356374	0.0083247	0.0560435	0.0106259	0.00699376	0.000756473	0.00320066
40	0.0334742	0.0292174	0.00188331	0.001946	0.0254356	0.00225994	0.0126923	0.38085	0.00252545	0.095591	0.0513821	0.00485799	0.0107955	0.00809997	0.00253203	0.00856018	0.0390347	0.260835	0.0101998	0.0178282
41	0.0201722	0.00380036	0.00259748	0.000283115	0.0165589	0.00026866	0.000744697	0.389277	0.000328653	0.0840338	0.0102346	0.00167563	0.000394871	0.000294878	0.000341384	0.00417587	0.00780888	0.454261	0.000362065	0.00238571
42	0.155383	0.0753977	0.00733124	0.0104615	0.0127205	0.0201784	0.00941013	0.0632948	0.0117193	0.0736863	0.0189084	0.0134383	0.010599	0.013119	0.0155868	0.290268	0.0996948	0.0474999	0.00484779	0.0464552
43	0.244019	0.0220843	0.00265323	0.00950086	0.0035553	0.0359002	0.00328592	0.00450004	0.0136329	0.00620173	0.029944	0.0137044	0.510098	0.00450349	0.00424614	0.037047	0.0161163	0.0343044	0.00127868	0.00342486
44	0.149456	0.00779357	0.00446908	0.00468037	0.0033658	0.636915	0.00521141	0.00727598	0.00925377	0.00668058	0.0052373	0.0087333	0.00926587	0.00358045	0.00890378	0.0690819	0.0453161	0.00996596	0.00155921	0.00325479
45	0.318159	0.0193313	0.00526708	0.0118844	0.0308957	0.282377	0.0107524	0.0453454	0.0104499	0.0166316	0.0141063	0.0104473	0.0553385	0.00776843	0.00742662	0.0936166	0.0219574	0.0263841	0.00213925	0.00972118
46	0.0230478	0.0039614	0.00262747	0.000296978	0.0172546	0.000331835	0.000735724	0.384305	0.000335563	0.0834945	0.0101344	0.00167842	0.00041961	0.000305753	0.000362763	0.00412616	0.00825469	0.455404	0.000364109	0.00255894
47	0.0884092	0.00389817	0.0198154	0.0119578	0.00335005	0.728601	0.00958549	0.00676223	0.00963813	0.00941015	0.00666522	0.0203349	0.00535621	0.00557685	0.0152482	0.0291655	0.0112965	0.0108147	0.000704319	0.00340969
48	0.00880042	0.00748572	0.000680802	0.00100581	0.3759	0.000928575	0.0276973	0.0280623	0.00478966	0.0440385	0.0177277	0.00499276	0.00069513	0.003721	0.00977733	0.00721498	0.00642079	0.0220434	0.00709601	0.420922
49	0.0512829	0.00811118	0.31652	0.133311	0.0103822	0.0580891	0.0328156	0.0144467	0.0316081	0.0217077	0.0105211	0.0665201	0.0165935	0.04387	0.0417755	0.0769185	0.0327811	0.0196518	0.00359406	0.00949994
50	0.0295355	0.00585866	0.00236231	0.00126391	0.0183414	0.00222656	0.00177135	0.36328	0.00146655	0.0914166	0.01433	0.00213003	0.00117396	0.0015693	0.00162723	0.00504103	0.0130291	0.438706	0.000902027	0.00396854
51	0.152926	0.012341	0.0418095	0.02786	0.00720991	0.140047	0.0299442	0.00761837	0.128484	0.0129353	0.0128585	0.1045	0.00756105	0.033569	0.0409438	0.18227	0.0269728	0.017634	0.00208111	0.0104341
52	0.322624	0.121864	0.00565645	0.0131893	0.0161511	0.0439741	0.0141555	0.0387977	0.0176502	0.040202	0.0183362	0.022177	0.0310072	0.0143296	0.0165342	0.0996919	0.0571249	0.0852153	0.00392085	0.0173982
53	0.13956	0.00708498	0.0178324	0.0115002	0.00469338	0.591778	0.00981648	0.00787435	0.0147519	0.00936736	0.00770331	0.0164944	0.0190515	0.00810804	0.0119592	0.076242	0.024364	0.0140336	0.00103558	0.00674964
54	0.025548	0.0206457	0.00124663	0.00175198	0.0120741	0.00333747	0.00450659	0.267251	0.00265877	0.157991	0.108668	0.0067285	0.00722761	0.0224175	0.00334213	0.0192277	0.0702301	0.248623	0.00302494	0.0134999
55	0.206752	0.0236422	0.00849939	0.0137736	0.00750388	0.0172018	0.0106103	0.0250694	0.0293992	0.0382499	0.0202526	0.0194003	0.0126064	0.0156074	0.130874	0.205873	0.0780789	0.121368	0.00368026	0.0115574
56	0.0101316	0.0179642	0.000558165	0.000988546	0.013858	0.00182292	0.0113049	0.108813	0.00335018	0.496992	0.11318	0.00327861	0.00229039	0.0208972	0.00326025	0.0191911	0.0400737	0.126437	0.00169306	0.0039146
57	0.0144003	0.0103278	0.000442135	0.000652567	0.0257727	0.00323106	0.00835159	0.154199	0.00306894	0.622069	0.0474118	0.000739928	0.00242118	0.00651774	0.0042039	0.00730414	0.00575413	0.077896	0.000266573	0.00496934
58	0.0688725	0.0143284	0.0103304	0.0137538	0.0027164	0.0196881	0.0289106	0.024137	0.155243	0.0882516	0.00486427	0.0277991	0.00121647	0.0226509	0.28582	0.0456841	0.104519	0.0762325	0.00137916	0.00360253
59	0.028917	0.00194754	0.00121394	0.00873839	0.00154516	0.0114884	0.00169346	0.00992136	0.00189302	0.0123172	0.00190461	0.00179727	0.000897306	0.00214641	0.0110663	0.234086	0.647933	0.0180909	0.000710249	0.00169226
60	0.205546	0.0347114	0.0100399	0.017578	0.0058605	0.0522316	0.00513109	0.00755089	0.012373	0.00975395	0.0143649	0.012305	0.402038	0.00565796	0.00852131	0.123997	0.0313212	0.0336504	0.00219468	0.00517316
61	0.31988	0.0511061	0.00093198	0.00233483	0.000971018	0.00969383	0.00115513	0.0105496	0.00139539	0.0144464	0.0103775	0.00670997	0.0286979	0.00122126	0.0107297	0.295664	0.126486	0.105307	0.000577676	0.00176505
62	0.0272434	0.00472413	0.0513719	0.0559004	0.00948074	0.560033	0.0390898	0.00277199	0.0307906	0.00845401	0.00564191	0.0746548	0.0129412	0.0280879	0.0340205	0.026097	0.0117847	0.00651306	0.00137937	0.00901928
63	0.0720158	0.00725318	0.00147069	0.0155813	0.0171856	0.00193532	0.0191897	0.0542203	0.00731522	0.151531	0.00272621	0.00251522	0.00129443	0.00213379	0.0229657	0.00385488	0.0227455	0.590608	0.00098817	0.00246998
64	0.0233485	0.00553134	0.145239	0.0675178	0.00818873	0.466978	0.0449204	0.00612945	0.0227356	0.0103368	0.00701136	0.0521082	0.00315404	0.0304258	0.0383753	0.025764	0.0268301	0.00714551	0.00219457	0.00606574
65	0.035209	0.0943075	0.00195117	0.0027321	0.00836818	0.00275603	0.00601454	0.274008	0.00280253	0.12432	0.0857645	0.00681027	0.00568671	0.0112894	0.00341257	0.0109992	0.116747	0.187443	0.0056592	0.0137193
66	0.0698031	0.0101776	0.131281	0.195324	0.0112834	0.037782	0.0285273	0.017887	0.0559295	0.0322409	0.015172	0.0457596	0.0279271	0.0572785	0.0581474	0.115934	0.0407307	0.0311196	0.00669943	0.0109963
67	0.0831371	0.00158875	0.340883	0.179173	0.00740782	0.0455387	0.0298015	0.00821407	0.0299693	0.00389141	0.00439384	0.0479084	0.00814095	0.0390221	0.0283789	0.106171	0.0226462	0.0096375	0.000627907	0.00346811
68	0.0108033	0.0115023	0.0180051	0.0605366	0.0502144	0.198842	0.134562	0.0025912	0.0461207	0.0106522	0.0119057	0.156698	0.00123264	0.0666568	0.113049	0.0617115	0.0132097	0.00377696	0.00116393	0.0267661
69	0.0335206	0.0979902	0.0129095	0.0220058	0.018888	0.200122	0.0775436	0.0117528	0.054641	0.0184128	0.0562	0.032733	0.00278002	0.0436326	0.0766597	0.10372	0.115654	0.0108872	0.00225542	0.00769179
70	0.210498	0.0256123	0.02775	0.0277917	0.0508268	0.00308182	0.0713765	0.00385946	0.163572	0.0885285	0.00314013	0.02424	0.00143341	0.079089	0.0359785	0.0309668	0.0163436	0.0641755	0.0172151	0.0545204
71	0.0234188	0.00443282	0.00250939	0.000285651	0.0183888	0.000357245	0.00083023	0.377076	0.000322666	0.0857025	0.0105398	0.00157418	0.000442457	0.000306011	0.000345095	0.00394577	0.00804288	0.458351	0.000419423	0.00270902
72	0.146729	0.0228741	0.0285036	0.051553	0.00620111	0.108819	0.0104585	0.00790053	0.0256117	0.00990878	0.00834169	0.0156257	0.309735	0.0104265	0.0151301	0.176298	0.012149	0.0246811	0.00220148	0.00685226
73	0.0413383	0.0021562	0.106191	0.261209	0.00568215	0.0172957	0.0175877	0.00886702	0.113614	0.0244295	0.018038	0.0475916	0.00811457	0.109048	0.13368	0.0383416	0.0297076	0.0113674	0.00381393	0.00192628
74	0.0728871	0.00283512	0.00251059	0.105641	0.00170212	0.00234205	0.0219761	0.0119652	0.173167	0.0160027	0.00193645	0.0229655	0.000946445	0.0838426	0.357768	0.0169033	0.065993	0.0207932	0.00143305	0.0163895
75	0.377095	0.0352345	0.00194946	0.00598683	0.00294615	0.00993624	0.00268007	0.021422	0.00385229	0.0272113	0.0074627	0.0122301	0.0126997	0.00314438	0.0104317	0.187	0.127316	0.147376	0.00107014	0.00295369
76	0.00939034	0.0128525	0.00879251	0.0437952	0.0627444	0.00203373	0.0167939	0.130491	0.097092	0.10878	0.024984	0.00758237	0.00119335	0.0157299	0.236734	0.00548696	0.0235371	0.0993296	0.0208626	0.0717948
77	0.0142493	0.010653	0.000439033	0.000655196	0.0258656	0.00327673	0.00828721	0.152336	0.00305576	0.622633	0.0477855	0.000730792	0.00242453	0.00675788	0.00411362	0.00745829	0.00622308	0.0778861	0.000278116	0.00489102
78	0.143725	0.00178921	0.00163613	0.00236046	0.00310568	0.756372	0.00193414	0.00337601	0.0019024	0.00292334	0.0018499	0.00726767	0.0082928	0.00129156	0.0070497	0.0402363	0.00907318	0.00357451	0.00050486	0.00173477
79	0.0288575	0.00212054	0.0014407	0.00901141	0.00152673	0.0108743	0.00183224	0.00940671	0.00178829	0.0118035	0.00170465	0.00208601	0.000880666	0.00203991	0.0110801	0.235486	0.648677	0.0170739	0.000659145	0.00165019
80	0.0242413	0.0156806	0.00132144	0.00330653	0.0265284	0.00277035	0.00687068	0.241382	0.00308932	0.337819	0.0578282	0.00396839	0.00523825	0.0126354	0.00574504	0.0121821	0.0394837	0.159734	0.00440794	0.0357665
81	0.0871019	0.00395063	0.016482	0.0118854	0.00315602	0.74519	0.0111935	0.00474824	0.00940012	0.00648687	0.0043444	0.0207027	0.00608687	0.00601046	0.0123576	0.0297459	0.00932562	0.00686746	0.000750676	0.00421337
82	0.439063	0.0175494	0.00246319	0.00983014	0.00450471	0.268987	0.0152919	0.00700688	0.00950307	0.00695545	0.00400954	0.00501561	0.0142783	0.00240663	0.004176	0.137789	0.0237214	0.0150076	0.000949555	0.0114924
83	0.0794676	0.0032785	0.021768	0.0130315	0.00273502	0.751099	0.009949	0.00442657	0.00826271	0.00623924	0.00463743	0.0201635	0.00606552	0.0066014	0.011136	0.0277312	0.0103861	0.00983037	0.000711511	0.00247988
84	0.0539292	0.0100544	0.124128	0.172672	0.0139055	0.0687753	0.0398405	0.0146863	0.0636682	0.0267318	0.0146266	0.109121	0.0169748	0.0681723	0.0813023	0.0562543	0.0306539	0.0205792	0.00484936	0.00907507
85	0.0666762	0.0200717	0.0221593	0.0255213	0.030575	0.0395539	0.392345	0.017895	0.027186	0.0294185	0.0192153	0.0407812	0.00823801	0.0312576	0.0531668	0.050719	0.0257188	0.0271389	0.0108352	0.0615271
86	0.0213355	0.0106369	0.000938566	0.00299314	0.378723	0.00325011	0.0302601	0.03331	0.00722773	0.0681654	0.0158325	0.00626082	0.00108683	0.00526456	0.0108927	0.0107754	0.00750621	0.0237208	0.0223184	0.339501
87	0.198241	0.0246222	0.00113256	0.00146806	0.00768344	0.0166234	0.00178809	0.209855	0.00162449	0.0914946	0.0201986	0.00253567	0.00138503	0.0026577	0.00188457	0.00805081	0.088306	0.315414	0.000979256	0.00405554
88	0.0664583	0.0113443	0.101639	0.228868	0.0119843	0.0462321	0.0328558	0.0261984	0.0643251	0.0429105	0.0140165	0.0349942	0.0181143	0.0827672	0.0756134	0.0461237	0.0342603	0.0383959	0.00746566	0.0154327
89	0.0203688	0.00394496	0.00257009	0.000277526	0.0169444	0.00027832	0.000735074	0.387841	0.00031334	0.0839065	0.0104598	0.00161664	0.000405372	0.000292655	0.00033072	0.00416978	0.00796616	0.4548	0.000379652	0.00239939
90	0.0334373	0.0187384	0.175958	0.152481	0.00265289	0.136654	0.0320577	0.00413772	0.00725393	0.0422055	0.0137621	0.0184161	0.0193547	0.275905	0.00901973	0.0112118	0.0289336	0.00590706	0.00923245	0.00268152
91	0.063525	0.00300231	0.00322419	0.0572903	0.0167782	0.00313697	0.0314144	0.0210386	0.102123	0.0478991	0.043406	0.00361792	0.00174039	0.00395793	0.151193	0.0318838	0.0073644	0.32146	0.0153586	0.0705857
92	0.0229468	0.00398925	0.0027341	0.000295095	0.0171481	0.000325138	0.000738277	0.382374	0.000357234	0.0835607	0.0100983	0.00166222	0.000426684	0.000322785	0.000374323	0.00406567	0.00804851	0.457627	0.000407757	0.00249838
93	0.0653342	0.0023796	0.37586	0.237561	0.00848498	0.0457787	0.0235548	0.0129618	0.00807608	0.00451095	0.00512679	0.0256005	0.0008405	0.0307734	0.0204417	0.0768287	0.0360849	0.013684	0.000780288	0.0053371
94	0.0413198	0.00215264	0.106165	0.261386	0.00567537	0.0172734	0.0175878	0.00885231	0.113785	0.024409	0.0180273	0.0475462	0.00810583	0.108965	0.133664	0.038282	0.0297018	0.0113676	0.00380769	0.00192648
95	0.0202989	0.00382506	0.00262327	0.000280996	0.0165729	0.000269966	0.000707143	0.390105	0.00032004	0.0832383	0.0102189	0.00166447	0.000390186	0.000291047	0.000340015	0.00418903	0.0078971	0.454069	0.000356555	0.00234195
96	0.00779894	0.00764502	0.000641706	0.000947037	0.380363	0.00085686	0.0264193	0.0290929	0.00467984	0.0457464	0.0176672	0.00480569	0.000585507	0.00327049	0.0101528	0.00601388	0.00631126	0.0215506	0.00663373	0.418818
97	0.0433134	0.0192567	0.335408	0.190916	0.00829555	0.0185424	0.0537953	0.0075395	0.0253477	0.0407564	0.00799051	0.0805532	0.00719462	0.0248234	0.0640237	0.0322006	0.019007	0.0108012	0.0024564	0.00777753
98	0.00873932	0.0028635	0.0565406	0.311103	0.00271741	0.00319378	0.00307045	0.041833	0.169761	0.0772928	0.016468	0.00358374	0.0918002	0.065441	0.0156698	0.0175296	0.00457785	0.0904012	0.00148815	0.015926
99	0.0107465	0.00286606	0.215748	0.0425064	0.00372396	0.515669	0.0259125	0.00324781	0.0138248	0.00769836	0.00320086	0.0921958	0.0058188	0.00776921	0.0143482	0.0165878	0.00908168	0.00441506	0.000742982	0.00389644
100	0.00888611	0.0303658	0.0567863	0.0427551	0.00232064	0.0195952	0.0192521	0.00407707	0.0296567	0.00528592	0.0699	0.0294974	0.001524	0.564582	0.0304079	0.0185075	0.0563454	0.00670423	0.000964773	0.00258538
101	0.021029	0.0039605	0.00254859	0.000278118	0.0168387	0.000333711	0.000881825	0.378674	0.000324962	0.0872689	0.0101632	0.00154076	0.000391487	0.000289338	0.000351704	0.00397188	0.00792235	0.460361	0.000380101	0.00248882
102	0.0806463	0.102395	0.00203394	0.003208	0.00265273	0.00301948	0.00251558	0.0226922	0.00350662	0.0667829	0.0567273	0.00924497	0.00173077	0.00287402	0.00366965	0.00597099	0.262673	0.327048	0.0130648	0.0275431
103	0.0285871	0.00481001	0.00217505	0.000361942	0.0282431	0.000431097	0.0010418	0.370633	0.000445389	0.0885642	0.0127401	0.00200805	0.000648869	0.000382004	0.000440643	0.0036363	0.00736542	0.442855	0.000606699	0.00402439
104	0.0110895	0.0103914	0.00201055	0.003442	0.0100945	0.00287994	0.0110245	0.0299501	0.00814511	0.46927	0.216543	0.00809254	0.00189393	0.0477597	0.00656137	0.0485661	0.0676223	0.0276317	0.0143266	0.00270577
105	0.020401	0.00382372	0.00260687	0.00028264	0.0169033	0.000268799	0.000715172	0.389347	0.000325392	0.0841688	0.0102577	0.00170549	0.000407703	0.000298088	0.000347039	0.0042314	0.00784011	0.453294	0.000357748	0.00241791
106	0.0610543	0.0199161	0.0297243	0.0328956	0.0252689	0.0464312	0.389486	0.0215014	0.0260381	0.0335971	0.018906	0.0382884	0.00717889	0.0363804	0.050148	0.0447795	0.0239024	0.0267078	0.0120065	0.0557895
107	0.0207296	0.306654	0.004549	0.00601592	0.0051704	0.00781455	0.00704147	0.00952883	0.00700249	0.0120285	0.00848062	0.00670245	0.00448517	0.00788614	0.00949074	0.351993	0.202725	0.0123627	0.00319552	0.00614412
108	0.0742422	0.00445677	0.0160381	0.00997594	0.00285222	0.763809	0.0121445	0.0042798	0.00894904	0.00442201	0.00329478	0.0205816	0.00914725	0.00593206	0.0111411	0.026326	0.0105869	0.00649712	0.00124442	0.00407894
109	0.143931	0.0319382	0.0358746	0.0220535	0.0111608	0.0503089	0.0210283	0.0223827	0.0163362	0.0296749	0.0157595	0.0367242	0.0236687	0.0134583	0.02182	0.301127	0.138509	0.0475409	0.00346618	0.0132363
110	0.0490368	0.0119584	0.0237493	0.0547808	0.0152857	0.0274765	0.0316599	0.0246015	0.116179	0.0391512	0.0154086	0.0270999	0.00936125	0.0455151	0.372708	0.0341957	0.0358745	0.0439102	0.00514357	0.0169039
111	0.149985	0.00253493	0.00296434	0.00343273	0.00351581	0.731161	0.00293662	0.00419988	0.00465085	0.00410392	0.00254076	0.00827899	0.00821348	0.00288213	0.0124613	0.0388647	0.00951071	0.00514586	0.000623711	0.00199382
112	0.0210067	0.0170722	0.00125641	0.00175046	0.547137	0.00159323	0.00876206	0.0318851	0.00563765	0.167431	0.00547881	0.00142644	0.00113092	0.00158485	0.00597413	0.00299997	0.00609855	0.0166367	0.0831863	0.0719514
113	0.0831899	0.0036416	0.0151214	0.00965638	0.00262015	0.763486	0.0109712	0.00578035	0.00820906	0.00496941	0.00272666	0.0190205	0.0067607	0.0054835	0.00979688	0.0245021	0.00980494	0.00997303	0.000727257	0.00355877
114	0.069299	0.0076634	0.00599709	0.00852428	0.0282737	0.0355404	0.389994	0.0159892	0.0158151	0.0171946	0.00782388	0.0110527	0.00595595	0.0506683	0.048743	0.020739	0.0119486	0.0139132	0.0414167	0.193448
115	0.129484	0.0190704	0.0220258	0.0224992	0.0133734	0.0264775	0.0167381	0.0273286	0.0275395	0.0443928	0.101271	0.0885765	0.0163467	0.186345	0.0288606	0.0411501	0.0597231	0.109776	0.00597021	0.0130522
116	0.0202989	0.00382506	0.00262327	0.000280996	0.0165729	0.000269966	0.000707143	0.390105	0.00032004	0.0832383	0.0102189	0.00166447	0.000390186	0.000291047	0.000340015	0.00418903	0.0078971	0.454069	0.000356555	0.00234195
117	0.795685	0.020016	0.000904479	0.000912645	0.000573701	0.0555429	0.00071952	0.0034472	0.000712488	0.00542158	0.00376306	0.00350433	0.000552891	0.000562569	0.00100815	0.0981352	0.00597149	0.00148763	0.000273899	0.000805178
118	0.0766151	0.00798292	0.0769641	0.0263586	0.00352799	0.0207679	0.00495379	0.0140213	0.0264969	0.0327328	0.0467887	0.0371872	0.00229962	0.117895	0.0220411	0.0876754	0.337741	0.0527438	0.00160388	0.00360241
119	0.0489784	0.00611003	0.398056	0.21063	0.00958948	0.0349172	0.0403604	0.0110347	0.010559	0.0137074	0.00618121	0.0342283	0.00337267	0.0206759	0.0240094	0.0617196	0.0349173	0.01223	0.00165653	0.0170667
120	0.118026	0.0219548	0.00276028	0.00319677	0.232304	0.0183187	0.104238	0.00595397	0.00658549	0.00793128	0.00478103	0.0334206	0.00163214	0.0217691	0.00583805	0.0784066	0.0213956	0.0098317	0.0217494	0.279906
121	0.0148006	0.0215663	0.000992846	0.00117156	0.00993679	0.00164902	0.00419135	0.267174	0.00213106	0.19368	0.114894	0.00660046	0.00712377	0.0264491	0.00230356	0.0200743	0.0613019	0.227814	0.00204975	0.0140954
122	0.0303773	0.014092	0.00490654	0.00892962	0.195475	0.0102725	0.0552057	0.074491	0.0118824	0.291396	0.0353549	0.0112339	0.00484631	0.0148207	0.0155327	0.0180255	0.0180291	0.0596892	0.0243332	0.101107
123	0.254934	0.0271464	0.00113482	0.00206085	0.00410786	0.0126111	0.00144049	0.166936	0.00148116	0.0486859	0.0127867	0.00312799	0.000791777	0.00162965	0.00183639	0.0136518	0.0990742	0.343662	0.00070784	0.00219297
124	0.220027	0.0717662	0.00255727	0.00360606	0.147167	0.0501649	0.0593298	0.00488831	0.00391278	0.00767054	0.00459846	0.0504333	0.00187853	0.00813697	0.00465551	0.143616	0.0103352	0.00663588	0.0172973	0.181323
125	0.346658	0.0272743	0.00127502	0.00216563	0.00472391	0.0495328	0.00166324	0.11272	0.00216886	0.119001	0.0302217	0.0017722	0.00101119	0.00182092	0.0029297	0.0180351	0.049202	0.22455	0.000707578	0.00256718
126	0.0320824	0.0113807	0.076439	0.0812731	0.0106385	0.0143103	0.074872	0.0181455	0.0201444	0.0229786	0.0122185	0.0179575	0.199166	0.0170561	0.130972	0.0265767	0.0229591	0.0253325	0.00666644	0.178831
127	0.0945968	0.00538582	0.00160039	0.00228338	0.0782647	0.00374209	0.00338338	0.328644	0.00201024	0.177347	0.0230896	0.0113063	0.00284082	0.00371686	0.00284413	0.0047997	0.0203342	0.21703	0.00174639	0.0150352
128	0.0563036	0.00323936	0.0861709	0.00363339	0.00245677	0.00333211	0.0290762	0.00591953	0.00385039	0.00595899	0.00327957	0.0937211	0.00755268	0.00437868	0.0103149	0.471842	0.195794	0.00861223	0.00160688	0.00295622
129	0.0557162	0.00292897	0.0731545	0.138931	0.00242396	0.0408945	0.00281357	0.00367197	0.155791	0.00468654	0.00276004	0.0274993	0.345803	0.0160193	0.0679554	0.0314555	0.00435068	0.0184639	0.00132726	0.00335274
130	0.0726052	0.00380124	0.0686767	0.407199	0.00421496	0.00386139	0.00391166	0.0952538	0.00693642	0.132302	0.00410584	0.0196198	0.0205781	0.0213868	0.00501589	0.00888758	0.00738336	0.0748577	0.0191489	0.0202539
131	0.141363	0.00142995	0.00156234	0.00221399	0.00304607	0.762998	0.00158825	0.00337298	0.00179138	0.0026794	0.00153429	0.00712824	0.00853158	0.00128146	0.00694934	0.0391535	0.00876763	0.00272509	0.000499633	0.00138369
132	0.0346141	0.00275596	0.0257124	0.207408	0.00276251	0.00487004	0.0155344	0.0153145	0.0639429	0.0182592	0.00555606	0.0205552	0.0023917	0.346289	0.183109	0.00992657	0.0303375	0.0064404	0.00157241	0.00264836
133	0.127114	0.00106259	0.186039	0.13403	0.00299406	0.0392066	0.0319358	0.00162192	0.0778387	0.00610355	0.00118626	0.101561	0.0272786	0.067021	0.0625169	0.115158	0.00784655	0.00714426	0.00151357	0.000827206
134	0.0458889	0.0162392	0.00703633	0.0152243	0.219681	0.0136534	0.0530974	0.0401175	0.0173946	0.0687691	0.0198099	0.0128887	0.00738857	0.0154675	0.0210807	0.0322235	0.0201983	0.0406701	0.0153915	0.31778
135	0.0118246	0.0106527	0.000910225	0.00129016	0.108448	0.00120772	0.0131478	0.173262	0.00155094	0.335609	0.0318229	0.00143831	0.00204746	0.00134183	0.00826186	0.0024564	0.00281697	0.0923544	0.025107	0.17445
136	0.176866	0.00312644	0.0426823	0.00361508	0.00248353	0.237059	0.0303102	0.00376136	0.174317	0.00610476	0.0171536	0.0496939	0.00166852	0.0392678	0.0316863	0.150533	0.0187552	0.00617897	0.00156234	0.00317462
137	0.392967	0.0128505	0.0273557	0.00615623	0.00500622	0.167169	0.00631102	0.0238388	0.0113078	0.0788344	0.0725364	0.0159606	0.00505303	0.0113315	0.00736389	0.0772074	0.0248493	0.0464276	0.00235012	0.00512376
138	0.0338515	0.0171119	0.00467015	0.00862662	0.0268917	0.00947299	0.042933	0.10263	0.0134637	0.31822	0.155412	0.0102488	0.00689687	0.0192553	0.0157819	0.021845	0.0354225	0.127799	0.00629694	0.0231692
139	0.254385	0.046594	0.00259359	0.00316311	0.0172446	0.0200461	0.0037081	0.0039698	0.134155	0.0350162	0.0184809	0.138224	0.001724	0.0466178	0.0678391	0.142962	0.00557751	0.021319	0.0017943	0.0345858
140	0.790701	0.0241742	0.000967305	0.000853649	0.000762312	0.0543921	0.000686563	0.00348771	0.000687939	0.00575818	0.00415953	0.00357854	0.000513729	0.000614146	0.000946843	0.0995545	0.00561308	0.00155633	0.000310812	0.000681223
141	0.797498	0.0198393	0.00090831	0.00082209	0.000565133	0.0543848	0.000651657	0.00343413	0.000665271	0.00543512	0.00377903	0.00351365	0.000468908	0.000560462	0.000937312	0.0983732	0.00596627	0.00140113	0.000266091	0.000530086
142	0.321773	0.0246488	0.00225496	0.00403192	0.00400444	0.0335982	0.00143031	0.116114	0.00349106	0.113016	0.0206202	0.0041317	0.00129219	0.00351824	0.007222	0.0461203	0.0683361	0.220258	0.00082362	0.0033149
143	0.0711767	0.0250425	0.029273	0.0300219	0.0223198	0.0256654	0.026057	0.16274	0.0397184	0.0705769	0.033397	0.155068	0.0116072	0.0270716	0.0427289	0.0461293	0.052904	0.0969172	0.00969198	0.0218936
144	0.00795605	0.0076653	0.000634084	0.000955826	0.380073	0.000850259	0.0265939	0.0288824	0.00468686	0.0453938	0.0176325	0.00478244	0.000586623	0.00334846	0.0100109	0.00608022	0.006359	0.0215689	0.00671351	0.419226
145	0.771522	0.0197096	0.00101565	0.00172663	0.000844234	0.0685592	0.00200863	0.00368678	0.00143029	0.00543775	0.00378768	0.0035766	0.00144763	0.000827548	0.00111964	0.102483	0.007148	0.00212546	0.000260966	0.0012831
146	0.0168968	0.0121537	0.00139503	0.00298531	0.492026	0.00249144	0.0154319	0.0257634	0.0131457	0.105573	0.0158345	0.00266036	0.00191474	0.00356627	0.0146854	0.00490434	0.0135042	0.0283383	0.0630977	0.163631
147	0.398127	0.0409443	0.000871643	0.0062547	0.00101038	0.00312033	0.00119482	0.0244703	0.00145934	0.0244896	0.0032957	0.0194949	0.00750876	0.00133781	0.00428079	0.151886	0.131212	0.176937	0.000553273	0.0015522
148	0.0591319	0.0118501	0.0446866	0.0427859	0.0172226	0.392527	0.0503317	0.011537	0.0336039	0.0160341	0.0123411	0.113801	0.0112039	0.0322748	0.0443637	0.0495058	0.0219722	0.0161941	0.00281433	0.0158187
149	0.0451874	0.0131808	0.0247708	0.0421527	0.0218718	0.0365207	0.161784	0.0205604	0.0818077	0.0336141	0.0132711	0.0439927	0.00986003	0.0380626	0.266568	0.0384141	0.0309453	0.040666	0.00680677	0.0299626
150	0.0350798	0.010985	0.0686519	0.157779	0.0143648	0.108532	0.104625	0.0104887	0.0291047	0.0631524	0.0125492	0.0409726	0.0115118	0.177067	0.0394225	0.057472	0.0235951	0.0140958	0.00708068	0.0134705
151	0.0149875	0.0225374	0.000790347	0.00115998	0.00904119	0.0015772	0.00427801	0.267643	0.0020821	0.197685	0.116465	0.00663734	0.00671227	0.0251954	0.00230014	0.0184026	0.0584134	0.227725	0.00199496	0.0143728
152	0.0250294	0.00559454	0.00139368	0.00217789	0.0108362	0.00268812	0.00584161	0.0875682	0.0143821	0.464856	0.268615	0.00535264	0.00119591	0.0231298	0.0112506	0.0107125	0.0162832	0.0381787	0.00204369	0.00286969
153	0.191658	0.00459238	0.0091954	0.0045865	0.00343441	0.136601	0.00370062	0.0264354	0.00535212	0.0958274	0.133518	0.0410057	0.00227434	0.02653	0.0045432	0.0795514	0.191463	0.0346278	0.0020405	0.00306328
154	0.200149	0.0215762	0.00116878	0.001407	0.00598422	0.00684951	0.00137004	0.191528	0.00155619	0.0442531	0.0122661	0.00182443	0.000919604	0.00161794	0.00172116	0.00649769	0.122795	0.37184	0.000693386	0.00398193
155	0.0694664	0.0263063	0.0123885	0.0725247	0.0105686	0.0083	0.0208752	0.0707012	0.118009	0.0658897	0.00918647	0.0186748	0.00253549	0.0193696	0.287341	0.0214115	0.0638329	0.0804205	0.00484547	0.0173521
156	0.041596	0.0023081	0.103822	0.26161	0.00551757	0.0171125	0.0173092	0.00880045	0.113774	0.0242069	0.0175916	0.0470221	0.00784513	0.113605	0.133596	0.0377844	0.0297107	0.0111419	0.00370844	0.0019377
157	0.411311	0.0304135	0.00103499	0.00810721	0.00120935	0.00291384	0.00131646	0.0232849	0.00163495	0.0242802	0.00313559	0.0145857	0.00549533	0.00146383	0.00402836	0.143436	0.130409	0.189835	0.000537157	0.00156782
158	0.0211661	0.0168251	0.00124978	0.00186872	0.540083	0.00160079	0.00876046	0.0341751	0.00574811	0.17047	0.00564527	0.00145828	0.0011457	0.00160605	0.00608503	0.00297878	0.00602117	0.0182568	0.0823564	0.0724993
159	0.0416048	0.00217627	0.105633	0.26133	0.00574627	0.0176604	0.0175949	0.00897463	0.113359	0.0243816	0.0181117	0.0475542	0.00806267	0.108863	0.133595	0.038358	0.0296223	0.0115875	0.00386037	0.00192405
160	0.0477758	0.00237449	0.187563	0.174124	0.016839	0.0136539	0.0537426	0.00371181	0.0764621	0.00974121	0.00525783	0.0795838	0.041153	0.0455779	0.117845	0.0763956	0.0228056	0.0138495	0.00876056	0.00278313
161	0.013867	0.0185724	0.00139069	0.00160611	0.00858373	0.00232835	0.00410093	0.231414	0.00229591	0.207195	0.103923	0.00625896	0.0113682	0.0372872	0.0030377	0.0164228	0.0749071	0.241295	0.00191521	0.0122305
162	0.0151559	0.00312011	0.00202113	0.000688233	0.0128682	0.000751115	0.00309733	0.340375	0.000626305	0.139173	0.00962163	0.00159855	0.000554406	0.000691459	0.000766574	0.00369653	0.0062343	0.453818	0.000501718	0.00464056
163	0.0102311	0.00725501	0.000680483	0.00121081	0.372727	0.00112554	0.0275068	0.0276696	0.0054505	0.0459202	0.0166007	0.0051032	0.00064776	0.00456425	0.00946351	0.00701096	0.00667966	0.0213787	0.0108584	0.417915
164	0.0566731	0.00282444	0.402315	0.18496	0.0127049	0.048935	0.0331081	0.0108559	0.0140368	0.00634493	0.00680641	0.0379254	0.00208134	0.0258133	0.0231829	0.0850053	0.028968	0.011572	0.000801581	0.00508528
165	0.0173913	0.00649842	0.00105232	0.00181061	0.0187164	0.00179338	0.00948909	0.227951	0.00223275	0.342489	0.0280874	0.001964	0.00215063	0.00467903	0.00357489	0.00560351	0.0095055	0.302701	0.00115595	0.011154
166	0.290859	0.0802842	0.00156756	0.00348964	0.00219264	0.0119407	0.00240147	0.0102004	0.00273158	0.0144798	0.0161908	0.00768858	0.0349941	0.00214354	0.0104388	0.30928	0.113357	0.0815523	0.000852027	0.00335609
167	0.066155	0.0185123	0.0212002	0.0270966	0.0299162	0.041217	0.385908	0.0204603	0.0310761	0.0310119	0.019209	0.0432289	0.00708256	0.0354091	0.0555345	0.0475873	0.0251594	0.0270007	0.0116973	0.0555378
168	0.0827731	0.0226418	0.0787931	0.0497381	0.0178368	0.117523	0.0470041	0.0258099	0.0411251	0.0373655	0.0226148	0.152551	0.021023	0.0414501	0.04881	0.0838634	0.0458403	0.0366971	0.00680044	0.0197391
169	0.016092	0.0223435	0.00107789	0.00168499	0.00969026	0.00191221	0.00459087	0.262055	0.00277224	0.193428	0.117244	0.00894576	0.00695749	0.0252884	0.00314816	0.0180058	0.0614879	0.225513	0.00212592	0.015637
170	0.374491	0.0415855	0.00158861	0.00442329	0.00569205	0.161838	0.00139721	0.0766203	0.0017771	0.0653051	0.026197	0.00167334	0.00159763	0.00146378	0.00130211	0.0164108	0.0204911	0.190527	0.000594454	0.00502512
171	0.0913919	0.0147935	0.0156886	0.0324174	0.0263984	0.0123069	0.0833082	0.0220577	0.156492	0.0760838	0.00993563	0.0171721	0.00441349	0.0986536	0.137963	0.0230343	0.0209758	0.0409306	0.0381891	0.0777937
172	0.0203342	0.00445201	0.00250323	0.101119	0.126625	0.00235219	0.00374288	0.157037	0.0869718	0.146522	0.0297983	0.00338892	0.00156487	0.0168143	0.069513	0.00486377	0.00661406	0.139014	0.0395447	0.0372254
173	0.0655502	0.0088186	0.109631	0.235742	0.0151525	0.0473891	0.0291325	0.0282381	0.0649904	0.0409774	0.0159818	0.0412512	0.0269921	0.0714299	0.0702162	0.0470272	0.0278545	0.0312467	0.00771661	0.0146617
174	0.0413383	0.0021562	0.106191	0.261209	0.00568215	0.0172957	0.0175877	0.00886702	0.113614	0.0244295	0.018038	0.0475916	0.00811457	0.109048	0.13368	0.0383416	0.0297076	0.0113674	0.00381393	0.00192628
175	0.0212118	0.0291639	0.00237985	0.00304144	0.0175424	0.00312778	0.00439156	0.0202395	0.0273279	0.543201	0.027101	0.0028072	0.00152343	0.00423965	0.00357547	0.00648762	0.00669005	0.272272	0.0013754	0.00230028
176	0.0119468	0.0107389	0.000936399	0.0012854	0.0892111	0.00123944	0.0136349	0.180785	0.0014101	0.339406	0.0327996	0.00145768	0.00208061	0.00138257	0.00781786	0.00248163	0.0027363	0.0977476	0.0221097	0.178792
177	0.0356896	0.00710495	0.00253697	0.00137612	0.0180233	0.00190938	0.00217561	0.362768	0.00228752	0.0903898	0.0159746	0.00242232	0.00103105	0.00241717	0.00258286	0.00597388	0.0190784	0.419749	0.00113149	0.00537793
178	0.0889596	0.0122526	0.00952294	0.0108777	0.0456585	0.0195239	0.3793	0.061982	0.0188214	0.0303659	0.0147704	0.0185847	0.00670588	0.0264608	0.033088	0.0268627	0.0185925	0.029397	0.0164906	0.131783
179	0.0524826	0.0112762	0.0281565	0.0586801	0.0169034	0.0301238	0.0353499	0.0266111	0.116922	0.0407546	0.0130049	0.025972	0.0100706	0.0418341	0.351429	0.035448	0.0360806	0.0463144	0.00576691	0.0168196
180	0.0743099	0.0123214	0.0419683	0.0775853	0.0194365	0.0335491	0.0295853	0.041409	0.203641	0.0531774	0.0227982	0.0383083	0.0252624	0.0448663	0.117684	0.0496437	0.0381504	0.0491294	0.00790544	0.0192692
181	0.0800761	0.00348355	0.0169466	0.0121298	0.00364817	0.755056	0.00986399	0.00481626	0.0108459	0.00669183	0.0040888	0.0211439	0.00600829	0.00730701	0.0109248	0.0240011	0.00884508	0.00977291	0.00106864	0.00328162
182	0.748423	0.0199505	0.00171283	0.00161728	0.00186457	0.0750443	0.00225238	0.00408449	0.00204083	0.00613531	0.00401477	0.00483708	0.00228323	0.000836799	0.00160739	0.10563	0.0097745	0.00465224	0.000540798	0.00269709
183	0.236024	0.0295855	0.00858497	0.0132753	0.0111639	0.0348895	0.0116779	0.0413365	0.0126425	0.0401069	0.0237983	0.0159035	0.0136091	0.0168658	0.0187936	0.126941	0.224403	0.105186	0.0041657	0.0110474
184	0.0324716	0.00495627	0.0194718	0.0491436	0.0111131	0.00905455	0.0230963	0.0151152	0.179128	0.027668	0.00761064	0.0175645	0.010379	0.039262	0.467001	0.0215661	0.0242793	0.0298575	0.00320786	0.00805432
185	0.794548	0.0196332	0.000925404	0.000783874	0.000579276	0.0537264	0.000648695	0.00356496	0.000673479	0.00547953	0.00380221	0.00365875	0.000541503	0.000566026	0.00101409	0.100687	0.00646033	0.00184995	0.000319203	0.000538535
186	0.0208002	0.0169757	0.00124977	0.0017486	0.546602	0.00158732	0.00887544	0.031762	0.00562218	0.16681	0.00551959	0.00143835	0.00111716	0.00158874	0.00598672	0.00299342	0.00612564	0.0166174	0.0827692	0.0738108
187	0.182388	0.0388154	0.00280583	0.0178251	0.0031484	0.0778918	0.00238128	0.00423129	0.00792774	0.0045811	0.0126108	0.0076877	0.554633	0.00311873	0.00300277	0.0477021	0.00890332	0.0166843	0.00107594	0.00258468
188	0.275112	0.019748	0.0024889	0.00869862	0.0034858	0.0371942	0.00253208	0.00522163	0.0161455	0.00575197	0.0278583	0.0169204	0.481683	0.00403543	0.00361552	0.0361602	0.018172	0.0309009	0.00137577	0.0029002
189	0.0154932	0.00824054	0.0192695	0.0516668	0.0384972	0.325296	0.11045	0.00276168	0.0406093	0.014529	0.00859305	0.134017	0.00119039	0.0563648	0.0753015	0.0477226	0.0101068	0.00440852	0.00110944	0.0343726
190	0.0680002	0.0272285	0.0164834	0.00294131	0.0160392	0.00551405	0.53059	0.00463284	0.0164381	0.0185627	0.0274847	0.0738852	0.001543	0.00324436	0.0766955	0.0690959	0.0175312	0.00530401	0.0016821	0.0171032
191	0.0103687	0.0107526	0.000691035	0.00110918	0.415556	0.00093434	0.0246288	0.0281826	0.00509464	0.0764576	0.0145964	0.00386471	0.000588065	0.00278988	0.00911519	0.00509757	0.0062886	0.021682	0.0265805	0.335621
