269	20
1	0.137521	0.0238381	0.000382789	0.000997434	0.0503777	0.028631	0.00156197	0.174146	0.00131066	0.106332	0.0384871	0.00406673	0.0103361	0.00147918	0.0133333	0.0644829	0.0919254	0.235603	0.00208658	0.0131006
2	0.433095	0.0231687	0.00052214	0.0042446	0.00486386	0.102749	0.00129851	0.0128499	0.00124514	0.00654089	0.0023071	0.00310849	0.02866	0.00759482	0.0109205	0.27915	0.064568	0.0106734	0.00101409	0.00142716
3	0.138129	0.0293534	0.000436189	0.00254859	0.0542863	0.0674627	0.00121895	0.145339	0.00113339	0.156962	0.0372703	0.00303971	0.00623724	0.00123807	0.00800415	0.0624133	0.0687281	0.202697	0.00857869	0.00492449
4	0.0204014	0.000938957	0.0045969	0.0109471	0.0234349	0.00141119	0.00120739	0.162782	0.0182541	0.169008	0.324974	0.0182788	0.0010273	0.00534022	0.0108614	0.0176669	0.041365	0.153615	0.0128256	0.00106287
5	0.037967	0.00162925	0.00611636	0.0183041	0.00929353	0.0235757	0.00699133	0.00837879	0.0232212	0.0232075	0.00652215	0.0174216	0.704765	0.00234687	0.0122671	0.0442734	0.0303918	0.0212857	0.000819701	0.00122223
6	0.0183059	0.000750667	0.000501789	0.00340556	0.0156347	0.00105074	0.000982186	0.31171	0.000782745	0.0519043	0.00356625	0.0109579	0.000880764	0.00447717	0.000939999	0.00773501	0.0179942	0.547403	0.000302446	0.000714725
7	0.0744119	0.0166431	0.000225454	0.00029812	0.071734	0.00880035	0.00116693	0.263261	0.0011036	0.24716	0.0422179	0.00299088	0.00357196	0.000494075	0.00346999	0.0165426	0.0216732	0.221049	0.00167354	0.00151215
8	0.020958	0.00155893	0.0566003	0.161153	0.00322037	0.0185205	0.0279439	0.00680124	0.288003	0.00959263	0.00389092	0.053096	0.0125103	0.10737	0.1277	0.0622623	0.0285075	0.00645825	0.000568679	0.00328398
9	0.0772545	0.0137232	0.000311093	0.000360462	0.0531546	0.00664415	0.00142142	0.268984	0.000599095	0.193367	0.0487592	0.00134738	0.00422855	0.000759914	0.00268048	0.021357	0.0369918	0.266535	0.000663234	0.000856737
10	0.0332484	0.010814	0.00177321	0.00173279	0.0903196	0.00849801	0.00559985	0.158825	0.00215626	0.409095	0.0636096	0.00375421	0.0299845	0.00499541	0.00426825	0.0168083	0.019078	0.115914	0.00529837	0.0142269
11	0.0919022	0.0207613	0.000337851	0.000297236	0.0669815	0.00920738	0.00120137	0.25052	0.000689196	0.213201	0.0379346	0.00215913	0.00390297	0.000383406	0.00383932	0.0269909	0.0363726	0.22998	0.00114045	0.00219792
12	0.0214762	0.00351396	0.000229217	0.000370633	0.0244586	0.00197663	0.00289726	0.330256	0.000506781	0.149619	0.059826	0.00101496	0.00578295	0.00174134	0.000900446	0.0101399	0.0391447	0.345222	0.000443588	0.00047985
13	0.395567	0.0258019	0.000491668	0.00407539	0.00668859	0.0999627	0.00146893	0.0205409	0.00131796	0.0118567	0.00509717	0.00592045	0.0251098	0.00639923	0.0117117	0.253586	0.101025	0.0194799	0.00129739	0.00260091
14	0.203911	0.0259122	0.000954507	0.00354193	0.0632887	0.21146	0.00199319	0.049782	0.00156978	0.161757	0.0117426	0.00202373	0.004581	0.00188143	0.00312326	0.0468738	0.0449442	0.144901	0.0140151	0.00174301
15	0.00994095	0.00133612	0.000248281	0.000394557	0.0186684	0.00102419	0.00187301	0.340377	0.000489101	0.136155	0.0553544	0.00111091	0.00451695	0.00200478	0.000698705	0.0073058	0.0340386	0.3836	0.000340515	0.000523862
16	0.0791706	0.003776	0.00640492	0.0066165	0.00262941	0.806029	0.00169954	0.00282109	0.00156625	0.00351935	0.00201369	0.00189243	0.00399221	0.00168954	0.0153201	0.0525836	0.00325748	0.00304044	0.000758789	0.00121895
17	0.202086	0.0319681	0.00144419	0.00360785	0.0639818	0.0726534	0.00323779	0.0757034	0.00269254	0.210731	0.018593	0.00588547	0.00471106	0.00299692	0.00528063	0.0767076	0.0757939	0.130501	0.00626422	0.00516034
18	0.00815341	0.0287368	0.00235694	0.00204296	0.275611	0.0111752	0.00406494	0.0679077	0.00143337	0.341383	0.0350076	0.0110899	0.0026807	0.0042239	0.00256712	0.00717699	0.0154507	0.0478275	0.00662003	0.124491
19	0.00285747	0.00486517	0.000814461	0.000953066	0.0298963	0.0023398	0.00746145	0.0648019	0.000809606	0.699179	0.107816	0.00106982	0.00185177	0.00861358	0.00124373	0.0138912	0.00922962	0.0362587	0.00203927	0.00400863
20	0.277037	0.0269358	0.000355744	0.00195496	0.0199834	0.0548758	0.00326113	0.0362058	0.00243397	0.0378873	0.00960768	0.0241911	0.00402931	0.00269846	0.00161903	0.244928	0.166003	0.0733776	0.00421019	0.00840559
21	0.048861	0.00399599	0.051095	0.0406929	0.0431698	0.00869068	0.0406737	0.0515045	0.0969266	0.0874419	0.0363469	0.0389372	0.0028682	0.0695917	0.0987875	0.0822846	0.103417	0.0403335	0.00603039	0.0483514
22	0.0243055	0.00190277	0.0110416	0.0245459	0.00641923	0.0304805	0.0381294	0.0143093	0.364791	0.00763995	0.0137108	0.0518005	0.0125631	0.0464383	0.265991	0.0509722	0.020236	0.00669833	0.00316451	0.0048598
23	0.029425	0.004411	0.0304857	0.0495724	0.0318344	0.04549	0.237965	0.00955293	0.0451065	0.0439587	0.0101388	0.0716926	0.00793037	0.137847	0.0260185	0.0425037	0.0117701	0.00917138	0.00224149	0.152885
24	0.0159357	0.00132276	0.003108	0.00677364	0.0292067	0.00199367	0.00208492	0.179993	0.0124301	0.249117	0.263311	0.0117617	0.00130968	0.00437205	0.00748801	0.0133155	0.0287076	0.15715	0.00898229	0.00163793
25	0.0189336	0.00222069	0.00606883	0.00599667	0.0291434	0.0331755	0.0527429	0.00677859	0.0042472	0.00696132	0.0113201	0.482919	0.0172087	0.0291988	0.00506283	0.224303	0.0509477	0.007862	0.00174101	0.00316807
26	0.0542421	0.00364521	0.0583628	0.0467167	0.0370922	0.00967996	0.0447225	0.041728	0.0986971	0.0697914	0.0340025	0.0390897	0.0012452	0.0741925	0.0963186	0.0881483	0.109051	0.0349709	0.00595143	0.0523515
27	0.0123603	0.00271644	0.000251416	0.000392417	0.0258378	0.00200002	0.00197576	0.339596	0.000922904	0.161928	0.0610159	0.00149675	0.00457522	0.00174856	0.00165381	0.00741542	0.0320234	0.340597	0.000738335	0.000754836
28	0.0210904	0.00222376	0.00044894	0.00226577	0.0191965	0.00173457	0.00112284	0.319275	0.000798697	0.0861295	0.0229124	0.00612134	0.00233712	0.00302125	0.00138834	0.00930036	0.025388	0.474022	0.000408857	0.000814203
29	0.00348163	0.00861272	0.000778238	0.000965822	0.342648	0.0106383	0.0470888	0.0387976	0.00741277	0.0453749	0.0195267	0.00472447	0.00485367	0.00121235	0.00151633	0.0192879	0.00299905	0.0161833	0.000662099	0.423235
30	0.085752	0.0211308	0.000942366	0.00162025	0.1242	0.00569912	0.00764954	0.0822474	0.00828631	0.08815	0.0197141	0.0156893	0.0037825	0.0117272	0.0174269	0.0624769	0.0899311	0.268169	0.00132437	0.0840807
31	0.0892892	0.0184989	0.000132962	0.000199416	0.0663165	0.00824492	0.000943681	0.262716	0.000714323	0.22021	0.0389546	0.00214916	0.00392108	0.000271638	0.00328899	0.0213411	0.0279887	0.233258	0.000929638	0.000631922
32	0.0130843	0.0081199	0.00391569	0.002783	0.155747	0.00603638	0.00568055	0.0875044	0.00129914	0.489636	0.0817749	0.00331277	0.0018555	0.0074781	0.00331542	0.0102389	0.014972	0.0510404	0.0114251	0.0407802
33	0.244742	0.024709	0.000508151	0.00203407	0.0217509	0.0526841	0.00356303	0.0354188	0.00261994	0.0472673	0.0118348	0.0380678	0.00337898	0.00304581	0.00138818	0.253309	0.163925	0.0723179	0.00684727	0.0105879
34	0.0388746	0.00135206	0.00671502	0.0198524	0.00596115	0.0291048	0.00774539	0.00873109	0.0249802	0.0166598	0.00414933	0.0191132	0.701522	0.00220283	0.0134199	0.0408941	0.03315	0.0234421	0.00092832	0.00120172
35	0.384008	0.0618911	0.000908445	0.00546439	0.0102567	0.0665095	0.00481537	0.0127999	0.00210108	0.0101451	0.00705383	0.00747827	0.017873	0.0137671	0.00819363	0.278047	0.0850897	0.0197875	0.00142678	0.00238342
36	0.0368119	0.0097084	0.00216451	0.00161632	0.0975416	0.00621919	0.00474721	0.168892	0.00128622	0.406091	0.0649338	0.00217396	0.0024805	0.00435284	0.00369952	0.0139863	0.0241732	0.126112	0.00759314	0.0154164
37	0.102439	0.0194085	0.00017368	0.000388187	0.0572145	0.0117602	0.000993557	0.25008	0.000452572	0.179532	0.0404508	0.00192794	0.0046149	0.000488401	0.00499436	0.0305004	0.0443874	0.247384	0.000752411	0.00205725
38	0.0411289	0.000594462	0.144588	0.117059	0.00133409	0.0831951	0.0262538	0.0200814	0.0493306	0.00197392	0.00648473	0.222834	0.0119059	0.0372299	0.0321525	0.121545	0.0439677	0.0222102	0.000405909	0.0157244
39	0.00662151	0.00377066	0.00247074	0.00198787	0.0709126	0.00366156	0.00994606	0.0774419	0.00178087	0.616339	0.0965616	0.0017882	0.002583	0.00814542	0.00256329	0.0135625	0.0139507	0.0428316	0.00625927	0.0168215
40	0.319567	0.0217881	0.000471767	0.00283024	0.0129931	0.0842178	0.00242745	0.0304471	0.00205128	0.0266628	0.0060753	0.0164272	0.0146879	0.00355369	0.00480849	0.259692	0.128158	0.0536421	0.00340771	0.00609073
41	0.0247195	0.000742293	0.0796447	0.20913	0.00187797	0.0130179	0.0179008	0.00681298	0.23974	0.00582826	0.00225773	0.0587962	0.01589	0.110841	0.0848238	0.080315	0.0383858	0.00778103	0.000528469	0.000966476
42	0.136469	0.0449861	0.0025937	0.00688865	0.0403903	0.0111037	0.0118916	0.0136816	0.0041114	0.0156802	0.0340824	0.0337158	0.00357437	0.0375599	0.00388425	0.228394	0.304512	0.0583528	0.00256947	0.00555898
43	0.00798357	0.000703162	0.000267124	0.000511328	0.0148216	0.000819679	0.00233073	0.340432	0.000472556	0.129916	0.0619902	0.000938515	0.00594233	0.00224704	0.000517252	0.00914591	0.0425086	0.377731	0.000232029	0.000489087
44	0.0438225	0.00157171	0.119245	0.098806	0.0113984	0.0552287	0.0295227	0.0233898	0.0678728	0.0187197	0.0141788	0.165374	0.0101482	0.0476712	0.0521569	0.11591	0.0754227	0.0248331	0.00211504	0.0226125
45	0.0164923	0.00255413	0.00656675	0.00373371	0.165082	0.00562051	0.00524849	0.0944608	0.00126954	0.454983	0.0958969	0.00140982	0.00129534	0.00963653	0.00415975	0.0112248	0.0162645	0.0517827	0.0181883	0.0341301
46	0.0246388	0.000748858	0.0797187	0.209642	0.00192584	0.0129469	0.0184139	0.00680613	0.23873	0.00590018	0.00226888	0.0586133	0.0157033	0.111499	0.0846276	0.0801834	0.0383156	0.00777629	0.000527889	0.0010138
47	0.0416492	0.000597136	0.146367	0.11764	0.00121528	0.0825357	0.0260661	0.0197832	0.0499254	0.00174119	0.00655255	0.223162	0.0119967	0.0363593	0.0324836	0.119585	0.044613	0.0223881	0.000384701	0.0149558
48	0.0183525	0.00106239	0.00348977	0.00745944	0.0310758	0.00186845	0.00119535	0.209665	0.0144675	0.180732	0.283151	0.0127796	0.00122087	0.00430346	0.0088829	0.0130475	0.0287678	0.168015	0.00923362	0.00123053
49	0.0539242	0.00427721	0.0593794	0.0456632	0.0379789	0.00868425	0.0447083	0.0426841	0.0929806	0.0734442	0.0351138	0.034668	0.000895275	0.0800159	0.0926037	0.089984	0.11023	0.0345946	0.00578077	0.0523898
50	0.0189785	0.00220443	0.00396113	0.00890761	0.03499	0.00311393	0.00314694	0.133776	0.0140598	0.177197	0.318322	0.0187498	0.00231447	0.0057455	0.0169452	0.0223519	0.0385681	0.138374	0.0345336	0.00376005
51	0.0707027	0.032593	0.00345277	0.0060852	0.0646716	0.011258	0.00747366	0.015047	0.0062024	0.0210459	0.0116108	0.00875749	0.0077065	0.00913583	0.00759009	0.0708007	0.0183439	0.0193099	0.544872	0.0633405
52	0.0139582	0.0149903	0.00225403	0.00391703	0.344125	0.0125403	0.0340804	0.0384076	0.0085981	0.0743606	0.0200607	0.00986279	0.0377313	0.00716714	0.00537347	0.0232605	0.0126623	0.0286173	0.0062998	0.301733
53	0.0203303	0.00360729	0.000688252	0.00147947	0.025869	0.0021803	0.00234422	0.312636	0.00243171	0.148393	0.0914201	0.00312632	0.00453263	0.00222557	0.00220916	0.0103712	0.0359231	0.327812	0.00182731	0.000592759
54	0.0349776	0.00181723	0.00622779	0.0187952	0.00923017	0.0233726	0.00707674	0.00901333	0.0238287	0.0217602	0.00659287	0.0179835	0.706558	0.00265534	0.0127398	0.041163	0.0306026	0.0225581	0.00154044	0.00150737
55	0.0162659	0.000596962	0.000369787	0.00253478	0.0149862	0.000765363	0.000835352	0.316019	0.000615586	0.0684251	0.0106161	0.00730003	0.00111127	0.00323655	0.000664163	0.00623319	0.0172437	0.531418	0.000285683	0.000477318
56	0.029519	0.00401028	0.00396699	0.00440302	0.034655	0.0319828	0.048744	0.00890139	0.00394576	0.00942759	0.0123572	0.457615	0.0165014	0.0280312	0.00483451	0.226125	0.0571818	0.0118223	0.00217205	0.00380443
57	0.00837677	0.000655487	0.000236246	0.00032262	0.0163479	0.000756466	0.00205298	0.346053	0.000412279	0.134469	0.0585894	0.00074681	0.00482587	0.00194488	0.000478681	0.00733422	0.0358097	0.37991	0.000245137	0.000431993
58	0.0804823	0.0172262	0.000247008	0.000381328	0.072684	0.0106754	0.00109223	0.260484	0.00102048	0.230888	0.0418242	0.00279063	0.00386081	0.000476762	0.00380256	0.0190387	0.0248872	0.224786	0.00164488	0.00170762
59	0.0442065	0.0252398	0.00043249	0.000575937	0.0845113	0.00945148	0.00153159	0.298905	0.00248892	0.253134	0.030709	0.00825224	0.00389013	0.000952942	0.0056325	0.0093025	0.0161496	0.200542	0.00245589	0.00163648
60	0.268944	0.0266931	0.00030944	0.00183371	0.0199271	0.0545099	0.0032814	0.0406142	0.00256833	0.0406842	0.0094885	0.0251265	0.00364603	0.0022026	0.00140163	0.243432	0.160372	0.0818135	0.00442928	0.00872292
61	0.0699657	0.0519356	0.00200949	0.00334426	0.177478	0.00810758	0.0111129	0.0640789	0.00766325	0.0647575	0.0148807	0.0143496	0.00586758	0.0108909	0.0146294	0.0772288	0.0851301	0.160244	0.00686988	0.149456
62	0.0863686	0.0157763	0.000131572	0.000173369	0.0608654	0.00742957	0.0011706	0.266568	0.000444411	0.206069	0.0440629	0.00144291	0.00377502	0.000373024	0.00269665	0.0222215	0.0329264	0.246215	0.000665286	0.00062425
63	0.0981296	0.0178159	0.000135635	0.000209369	0.0662048	0.00860967	0.000860951	0.255294	0.000429917	0.212625	0.0393193	0.00160541	0.00377817	0.000231459	0.00303418	0.0242279	0.0309966	0.235081	0.000725469	0.000684677
64	0.0765515	0.00363084	0.0323368	0.0241949	0.0032481	0.676343	0.00603303	0.00552057	0.00954072	0.00371533	0.00287122	0.0374658	0.0060556	0.00707878	0.017955	0.0661624	0.0104316	0.00643486	0.000707664	0.00372188
65	0.274379	0.0308424	0.000340791	0.00201866	0.0212804	0.0520356	0.00335124	0.033551	0.00237568	0.0418652	0.0093461	0.0245318	0.00350206	0.00275959	0.00154247	0.254438	0.158713	0.0705846	0.0042765	0.00826635
66	0.103185	0.0179902	0.000149523	0.000194536	0.0649901	0.00985987	0.000826417	0.248871	0.000377857	0.205596	0.0387162	0.00156425	0.00406211	0.000250359	0.00340144	0.0270105	0.034545	0.236679	0.000690505	0.0010397
67	0.0692706	0.0199782	0.000349094	0.000396755	0.0774366	0.00897649	0.00120574	0.266697	0.00196768	0.231854	0.0416174	0.0045462	0.0041582	0.000767711	0.00699994	0.0177882	0.024021	0.216277	0.00259416	0.00309924
68	0.0949769	0.00449266	0.00590062	0.00638128	0.00261893	0.777922	0.00171246	0.0030783	0.00146737	0.00350165	0.001903	0.00182315	0.00523738	0.00188487	0.0147411	0.0619631	0.00534432	0.00310783	0.000739859	0.00120287
69	0.0161886	0.00349436	0.00625623	0.00360108	0.167355	0.0057357	0.00533795	0.0959914	0.00134016	0.449259	0.0923319	0.00174774	0.00136233	0.00920146	0.00424458	0.0108945	0.0165192	0.0537593	0.0185923	0.0367873
70	0.0773263	0.0183252	0.000126257	0.000219192	0.0698132	0.00808952	0.00105345	0.274313	0.00107754	0.234718	0.0386688	0.00304056	0.00401689	0.000320036	0.00331883	0.0166477	0.0219117	0.225267	0.00127911	0.000468159
71	0.0982322	0.0185063	0.000129417	0.00018709	0.0655621	0.00862414	0.000935867	0.250764	0.000517131	0.210636	0.0390367	0.00177522	0.00378016	0.000364245	0.00341748	0.0252449	0.0323103	0.23782	0.00078784	0.00136879
72	0.0957799	0.0181458	0.000122655	0.00021153	0.0645267	0.00858121	0.000895696	0.25443	0.000491913	0.209631	0.0403944	0.00163739	0.00386736	0.000259274	0.00333776	0.0246451	0.0321907	0.239158	0.000747353	0.000946519
73	0.0493042	0.00373558	0.0546097	0.0411206	0.038087	0.00836915	0.0401592	0.0449859	0.114273	0.0833353	0.0320063	0.0353148	0.00104905	0.0737972	0.0931332	0.0875018	0.105357	0.0376122	0.00552051	0.0507283
74	0.0543718	0.0120892	0.000173524	0.000280313	0.0559892	0.00545418	0.00230698	0.303754	0.000884376	0.203323	0.0480693	0.00245178	0.00396226	0.000777015	0.00252012	0.0136256	0.0287192	0.259722	0.000956786	0.000569148
75	0.100638	0.0251532	0.000310466	0.000546276	0.0753272	0.0121965	0.00200603	0.214588	0.00155167	0.165499	0.0351068	0.0039662	0.00538467	0.00196506	0.00807901	0.0383609	0.0578622	0.235992	0.00119159	0.0142766
76	0.017874	0.0012782	0.00859896	0.0237583	0.00492301	0.0376092	0.0336807	0.00800863	0.408988	0.00671326	0.00767459	0.0420988	0.00677349	0.0580906	0.28212	0.0364208	0.00858165	0.00326857	0.000619329	0.00292009
77	0.0415909	0.00131361	0.00713063	0.0221742	0.00342846	0.027368	0.00774708	0.00847388	0.028049	0.0158791	0.00256636	0.0209409	0.691922	0.00187646	0.014312	0.0406789	0.0357032	0.0267108	0.000886174	0.00124849
78	0.0452935	0.00126455	0.0074881	0.0261282	0.0030015	0.0268793	0.010527	0.00935427	0.0312853	0.0155484	0.00243654	0.0225687	0.66891	0.00704748	0.0190552	0.0436595	0.0332978	0.0238354	0.000766547	0.00165298
79	0.133139	0.00256088	0.00237792	0.050856	0.00621216	0.00457423	0.0540639	0.0342645	0.0817835	0.0553468	0.00471037	0.0196892	0.209892	0.125962	0.0828723	0.0821538	0.00682565	0.021632	0.0019308	0.0191524
80	0.0102465	0.00882134	0.0194794	0.0719435	0.0179149	0.0126319	0.199294	0.0110738	0.107301	0.0271522	0.0197797	0.0310803	0.0128136	0.231833	0.11305	0.0186404	0.0121649	0.00515894	0.00114906	0.0684706
81	0.0162908	0.00291488	0.00649862	0.0036995	0.16531	0.00559195	0.00523812	0.093679	0.00125753	0.455124	0.0961813	0.00142576	0.00130234	0.00951729	0.00413293	0.0112662	0.0162335	0.0513935	0.0179495	0.0349939
82	0.00692558	0.0109413	0.0121755	0.0720046	0.0174267	0.00722699	0.166943	0.0133658	0.145929	0.0262166	0.0178732	0.0232435	0.00861046	0.245104	0.157411	0.0189999	0.0153908	0.00463066	0.00104855	0.0285343
83	0.0519014	0.00102667	0.123557	0.109023	0.00467203	0.0937794	0.0271959	0.0175085	0.0865917	0.00775877	0.00814256	0.17179	0.012335	0.0432245	0.0579298	0.0993795	0.0465534	0.0210661	0.00114618	0.0154179
84	0.0144362	0.00479238	0.00310554	0.0020748	0.107188	0.00668545	0.00578079	0.126581	0.00140608	0.499328	0.0881077	0.00197222	0.00183147	0.00641781	0.00339127	0.0095935	0.0148182	0.0724271	0.0102645	0.0197988
85	0.0154767	0.000857255	0.000357224	0.00319453	0.016583	0.00097578	0.00118547	0.333551	0.000579086	0.063767	0.0178381	0.0073989	0.00214613	0.00318853	0.000799881	0.0105347	0.0306069	0.490083	0.000319568	0.000556996
86	0.00787217	0.000658693	0.000227929	0.000441661	0.0155403	0.000770769	0.00225413	0.345369	0.000446068	0.134221	0.0625143	0.000767969	0.0054382	0.00220872	0.000517624	0.00853526	0.041295	0.370216	0.000236448	0.000468728
87	0.245741	0.0202211	0.000814877	0.00247807	0.0191262	0.0637665	0.00376372	0.067754	0.00332177	0.0460287	0.0120896	0.0198752	0.00662139	0.00194775	0.00379408	0.219664	0.129707	0.120582	0.00402697	0.00867499
88	0.191818	0.0981094	0.00178541	0.0100919	0.033751	0.00973638	0.0196108	0.0124812	0.00282507	0.0129211	0.0285782	0.0246031	0.00374717	0.0498846	0.00301788	0.235123	0.194485	0.0607076	0.00193126	0.0047925
89	0.186792	0.0534576	0.00112697	0.00338611	0.0259496	0.0356215	0.00556168	0.0656644	0.00288141	0.046472	0.0193508	0.0190768	0.00901344	0.00954803	0.00479317	0.215772	0.17245	0.110022	0.00360727	0.009453
90	0.448068	0.0184352	0.00046997	0.00452518	0.00251307	0.117079	0.00104975	0.0115244	0.00113563	0.00309495	0.00163513	0.00144854	0.0333017	0.00757473	0.012054	0.273747	0.0557906	0.00497335	0.000652843	0.000926077
91	0.251869	0.0247668	0.000337913	0.00199657	0.0223231	0.0596144	0.00283025	0.0549019	0.00222801	0.0543305	0.01294	0.0209682	0.00503459	0.00167139	0.00292972	0.215676	0.149831	0.102676	0.00452585	0.00854911
92	0.0873836	0.00433788	0.0060982	0.0063965	0.00362384	0.780778	0.0017566	0.00351227	0.00178506	0.00609429	0.00212558	0.00207188	0.0110198	0.00170911	0.0145637	0.0548123	0.00449963	0.00530191	0.000886402	0.00124373
93	0.0411981	0.000774922	0.140161	0.10934	0.00480052	0.0739522	0.028062	0.0188746	0.0473678	0.0045252	0.00795416	0.23903	0.0119847	0.0365374	0.032208	0.116928	0.0476302	0.0222863	0.000896751	0.0154874
94	0.0183578	0.00185582	0.00391788	0.00897996	0.028768	0.00227941	0.00224779	0.139093	0.014911	0.165385	0.331553	0.0211446	0.00168882	0.00529217	0.0134579	0.023922	0.0412003	0.145747	0.0283911	0.00180693
95	0.0822936	0.00392914	0.00627692	0.00639321	0.00262771	0.801872	0.001693	0.00275345	0.00154114	0.00348838	0.00199908	0.00188726	0.00421516	0.00168754	0.0149684	0.0538856	0.00348957	0.00301384	0.000750492	0.00123495
96	0.0381022	0.012445	0.00296361	0.00429889	0.0347453	0.026537	0.0473883	0.00675427	0.00332079	0.007047	0.0144681	0.425448	0.0148169	0.0349746	0.0039215	0.222116	0.0820064	0.0141544	0.00182308	0.00266873
97	0.00794338	0.00314754	0.00138052	0.00234799	0.0341504	0.0026501	0.00547098	0.124956	0.00391206	0.529834	0.146581	0.00386997	0.00170139	0.00619191	0.00314842	0.0121194	0.0159256	0.0855807	0.00502315	0.0040652
98	0.0139594	0.00382507	0.00313291	0.00496324	0.0860866	0.00754331	0.00664939	0.0126005	0.00585945	0.172509	0.0562185	0.00668824	0.534017	0.00549516	0.00601427	0.0418506	0.0129705	0.0118058	0.00266266	0.0051477
99	0.0236876	0.00972771	0.00170936	0.00129442	0.0951723	0.00614696	0.00423773	0.201905	0.00241846	0.399125	0.0649066	0.00386702	0.0027116	0.00360316	0.00503634	0.00829788	0.0145623	0.130813	0.0086039	0.0121732
100	0.087102	0.0158886	0.000198705	0.000336951	0.0546566	0.00923895	0.0011363	0.262746	0.000659187	0.181553	0.0449169	0.00168212	0.00438805	0.000727343	0.00386124	0.0245353	0.0370271	0.266644	0.00082982	0.00187177
101	0.00911015	0.000875474	0.000238683	0.0003639	0.0177846	0.00096956	0.00212767	0.345863	0.000519084	0.141194	0.0613271	0.000754573	0.00473439	0.00187461	0.000663894	0.00751164	0.0354226	0.367809	0.000313854	0.000541609
102	0.0168432	0.000547628	0.000360446	0.0028107	0.0144082	0.00077358	0.000709908	0.319749	0.000602442	0.0597418	0.00596394	0.00809998	0.000822665	0.00339606	0.000696197	0.00626787	0.0158369	0.541598	0.000291672	0.000479909
103	0.405389	0.0169823	0.000728273	0.00537217	0.00319331	0.117251	0.00137963	0.014041	0.00232087	0.00500229	0.00198026	0.00289224	0.0674177	0.00730865	0.0121697	0.262384	0.0634447	0.00877137	0.000728976	0.00124321
104	0.335649	0.0284449	0.000509677	0.00352845	0.0138214	0.0694614	0.00294714	0.0235758	0.00200123	0.0224078	0.00832048	0.0152194	0.0146313	0.00730107	0.00552016	0.259395	0.138025	0.0414765	0.00263607	0.00512845
105	0.0177533	0.000731593	0.000315648	0.00233606	0.0150734	0.000785214	0.000859958	0.333605	0.000557201	0.0723234	0.0128695	0.00664947	0.00144415	0.0029894	0.000690183	0.00649436	0.0181774	0.505616	0.000278566	0.000449822
106	0.125665	0.167515	0.00637005	0.0105018	0.068828	0.0321973	0.0158075	0.0681964	0.00951463	0.0815393	0.0258845	0.0184667	0.0180028	0.0162002	0.0133016	0.106075	0.0716496	0.0853094	0.0198143	0.0391611
107	0.0422269	0.000626974	0.141059	0.128526	0.00135177	0.0694139	0.0259767	0.0166716	0.074568	0.00196235	0.00721234	0.201635	0.0125062	0.0428059	0.0419373	0.107907	0.0479795	0.0217277	0.000519118	0.0133877
108	0.0252811	0.000733586	0.0801622	0.207541	0.00188339	0.0136351	0.0177873	0.00695248	0.238247	0.00581925	0.00235903	0.0604089	0.0159878	0.10947	0.0846561	0.0809251	0.0385907	0.00789765	0.000527798	0.00113418
109	0.0414889	0.00059713	0.14636	0.117668	0.00119359	0.083303	0.025958	0.0198218	0.0491526	0.00175718	0.00651269	0.223505	0.011955	0.0364288	0.0320969	0.12011	0.0443814	0.0224027	0.000384114	0.0149238
110	0.0179428	0.0022009	0.00428914	0.00425497	0.0292882	0.0335606	0.0522009	0.00644206	0.0035895	0.00679945	0.0114065	0.486158	0.0179265	0.0296175	0.0044094	0.226571	0.0512257	0.00744511	0.00178202	0.00289027
111	0.0386902	0.0013074	0.0066286	0.0204144	0.00683907	0.0248189	0.00803302	0.00850519	0.0289024	0.0175534	0.00442777	0.0195058	0.69742	0.00362118	0.0142855	0.0403181	0.0323236	0.0238019	0.000934022	0.00167023
112	0.00490039	0.0150138	0.000993509	0.0012337	0.359887	0.0116414	0.0363264	0.0402084	0.00586502	0.083444	0.0192648	0.0074573	0.00520522	0.00178408	0.00208853	0.0178774	0.00618416	0.0222451	0.0012812	0.357099
113	0.053946	0.00378647	0.0584943	0.0461134	0.0381931	0.00877862	0.0448117	0.042935	0.0932216	0.0726116	0.0349015	0.0354931	0.000791961	0.0765363	0.0947116	0.0891263	0.110464	0.0354509	0.00593053	0.0537018
114	0.342178	0.0156256	0.00204316	0.00473226	0.00215662	0.344247	0.00107973	0.00826868	0.00102635	0.00283043	0.00165384	0.00141481	0.0207752	0.00560706	0.0115433	0.19337	0.0361273	0.00375337	0.000580576	0.00098623
115	0.0186012	0.00126906	0.00651326	0.0124703	0.0265076	0.0017944	0.00170055	0.170956	0.020206	0.191004	0.294495	0.0188005	0.00141739	0.00753137	0.00958929	0.0158032	0.0405111	0.148066	0.0107329	0.00203036
116	0.43092	0.0174984	0.000472863	0.00488054	0.00255425	0.122346	0.000967901	0.0130298	0.0010523	0.00305195	0.00167714	0.00143008	0.0394509	0.00779055	0.0122108	0.273368	0.0605027	0.00521811	0.00065141	0.000926769
117	0.0109754	0.01074	0.00334963	0.00411656	0.290503	0.0116432	0.04348	0.0431976	0.0103262	0.0695231	0.0330105	0.0078029	0.00559941	0.00701409	0.00596322	0.0233385	0.0110474	0.0281308	0.00254018	0.377699
118	0.142841	0.0186439	0.00107395	0.00202817	0.0486273	0.0221126	0.00242234	0.17886	0.00223225	0.0827296	0.025245	0.00604715	0.00687336	0.00280473	0.00953711	0.076484	0.0587925	0.300903	0.00216736	0.00957456
119	0.284981	0.0335841	0.000414562	0.00280167	0.0227532	0.0489105	0.00372571	0.03117	0.00231613	0.0330349	0.0107441	0.0224881	0.00617425	0.00699526	0.00270745	0.249663	0.16305	0.0633671	0.0035507	0.00756762
120	0.00844058	0.0283798	0.00249698	0.00207224	0.274693	0.011147	0.00422693	0.0670276	0.00147622	0.343545	0.0360173	0.0110294	0.00269468	0.00427184	0.00255258	0.00749126	0.0149674	0.04708	0.00671197	0.123678
121	0.389456	0.0188648	0.00108505	0.00505739	0.00570154	0.111956	0.00192969	0.0170596	0.00149519	0.00992966	0.00333815	0.0060202	0.0290425	0.00678129	0.0107136	0.282803	0.0758776	0.0189854	0.00153876	0.0023649
122	0.00321713	0.00447995	0.000756333	0.00121955	0.0267978	0.0025068	0.00809029	0.0597865	0.000906857	0.695702	0.110177	0.00147743	0.00208802	0.0124038	0.00164578	0.0172809	0.0114461	0.034837	0.00191379	0.00326697
123	0.230631	0.0252876	0.00131904	0.00333361	0.0302741	0.0765386	0.00410626	0.0414195	0.00328246	0.0550037	0.0132647	0.0191311	0.00601258	0.00340505	0.00388272	0.187824	0.124607	0.0949114	0.0624908	0.013275
124	0.00872938	0.000771708	0.000231838	0.000343101	0.0165483	0.000763153	0.00206028	0.345688	0.00046251	0.13607	0.0590959	0.000794627	0.00484251	0.0019922	0.000554982	0.00734974	0.0358588	0.377101	0.000282956	0.000459231
125	0.269831	0.012224	0.00351942	0.00482554	0.00252514	0.453673	0.00134053	0.00695308	0.00122302	0.00329088	0.00156515	0.00158674	0.0183162	0.00448932	0.0122213	0.167138	0.0299939	0.00365216	0.000644601	0.000987312
126	0.272085	0.0260571	0.000481041	0.00212647	0.0195951	0.0529883	0.00531015	0.0356262	0.00316906	0.0373806	0.00956163	0.0290852	0.00346337	0.003645	0.0014398	0.243306	0.156017	0.0842596	0.00417932	0.0102243
127	0.0115827	0.00193871	0.000216415	0.000321083	0.0212269	0.00123837	0.00198513	0.348963	0.000459608	0.140437	0.0565178	0.00107564	0.00471398	0.00186018	0.000756862	0.00766012	0.034867	0.363401	0.000321871	0.000456694
128	0.00413308	0.0307664	0.000866805	0.00114623	0.360815	0.0156762	0.0177994	0.04273	0.0035899	0.16592	0.0147099	0.0131814	0.00370204	0.00172811	0.00157021	0.01035	0.0079895	0.0327626	0.00120357	0.26936
129	0.0576513	0.00986792	0.000170298	0.000240699	0.0436182	0.00473889	0.00169956	0.298217	0.000438218	0.182542	0.0511293	0.00101902	0.00426019	0.00090497	0.00185451	0.0161244	0.0350791	0.289336	0.000536159	0.000572221
130	0.0688773	0.0347109	0.00440247	0.0064195	0.0663374	0.0108025	0.0083697	0.013823	0.00770963	0.0152857	0.00977876	0.00847342	0.00665928	0.00884439	0.00870283	0.0754791	0.0192706	0.0178193	0.533614	0.0746207
131	0.0466456	0.0125465	0.00488008	0.00590848	0.0217498	0.00732246	0.00760652	0.0179506	0.00533193	0.0146186	0.0492369	0.0150169	0.00797435	0.014009	0.00593403	0.12721	0.570656	0.0574019	0.00241478	0.00558531
132	0.00356635	0.00988556	0.000795148	0.000928662	0.335942	0.0113654	0.0456732	0.0408982	0.00709191	0.0525277	0.0188903	0.00517827	0.00457947	0.00119105	0.00154516	0.018567	0.00340879	0.0181491	0.000640774	0.419176
133	0.265609	0.0236228	0.000510118	0.00208817	0.0183806	0.0560034	0.0040381	0.0429197	0.00417773	0.0392027	0.00957203	0.0261741	0.0040142	0.00266187	0.00163471	0.236159	0.152924	0.0969188	0.0043264	0.00906224
134	0.00347031	0.00854115	0.000775486	0.000959839	0.338778	0.0106269	0.047591	0.0389221	0.00743435	0.045185	0.0196238	0.00470907	0.00475585	0.00121515	0.00152894	0.019378	0.00298529	0.0162322	0.000649107	0.426638
135	0.0164803	0.00255412	0.00655529	0.00372762	0.165085	0.00551927	0.00525904	0.0946024	0.00126986	0.455093	0.095992	0.00141001	0.00129903	0.00949812	0.00417549	0.0111736	0.0162723	0.0517765	0.0181676	0.0340899
136	0.0187115	0.001158	0.0169064	0.0456429	0.00394635	0.036807	0.0306753	0.0069655	0.401065	0.00632502	0.00635929	0.0431676	0.00719467	0.0708902	0.246547	0.0402069	0.0110189	0.00352768	0.000616506	0.00226888
137	0.0533977	0.00371589	0.0586506	0.0492613	0.0374279	0.00883259	0.0442597	0.042114	0.0957072	0.071263	0.0344357	0.0357547	0.000973523	0.0773658	0.0947628	0.0892114	0.109269	0.0352159	0.00584704	0.0525338
138	0.0603574	0.0138171	0.000177272	0.000298232	0.0662795	0.00679578	0.00132921	0.287943	0.00146273	0.221757	0.0454788	0.0030936	0.00372447	0.000523113	0.00389232	0.0135723	0.0216097	0.245245	0.00158361	0.00105954
139	0.0153376	0.00256033	0.00580815	0.00353317	0.158751	0.00522649	0.00555671	0.0934124	0.00138741	0.455792	0.10146	0.00196243	0.00135167	0.00973649	0.00545429	0.0108598	0.0192732	0.0528777	0.0184177	0.0312411
140	0.404901	0.0201584	0.000694513	0.00841654	0.00391111	0.108528	0.00172409	0.012691	0.00140431	0.00377727	0.00334147	0.00229206	0.0364368	0.0147928	0.0141646	0.280711	0.0733349	0.00685646	0.000768347	0.00109456
141	0.0330038	0.011377	0.000868027	0.00175044	0.0761958	0.00594276	0.00113443	0.288928	0.00734445	0.220785	0.0975073	0.00777676	0.0030086	0.00127864	0.00990949	0.00779274	0.0130783	0.203825	0.00613335	0.00236024
142	0.0894973	0.0175271	0.000117633	0.000177113	0.0677066	0.00852738	0.000939359	0.262435	0.000699299	0.221821	0.0401376	0.00204737	0.00365209	0.000234079	0.0029962	0.0210955	0.0269484	0.231915	0.000950897	0.000575797
143	0.358695	0.0137619	0.00208398	0.00515349	0.00313663	0.241919	0.00152437	0.0125582	0.00152743	0.00368352	0.00187579	0.00195532	0.043131	0.00696028	0.0129837	0.232604	0.0493927	0.00509147	0.000994364	0.000967022
144	0.0242985	0.0108143	0.00177024	0.00192167	0.102275	0.00641997	0.00222154	0.249281	0.00773711	0.292178	0.0759775	0.00948973	0.00305296	0.00283104	0.0109806	0.00649908	0.0121	0.163854	0.0074471	0.00885078
145	0.136343	0.0257145	0.000342711	0.000985563	0.0486446	0.0307996	0.00126449	0.177848	0.000947466	0.109229	0.037864	0.00358144	0.00987676	0.00112707	0.0131487	0.0659913	0.0900896	0.234095	0.00218782	0.00991987
146	0.04898	0.0219568	0.000264489	0.000532877	0.0887743	0.00855428	0.0011294	0.306336	0.00233299	0.219572	0.0313991	0.00818649	0.00423903	0.000719215	0.00547879	0.00946789	0.0138464	0.224542	0.0021524	0.00153521
147	0.10013	0.00441442	0.00632367	0.0067882	0.00258183	0.763304	0.001724	0.00354092	0.0016607	0.00342518	0.00195347	0.0024454	0.00569996	0.00220921	0.0158255	0.0655858	0.0072932	0.00309663	0.000740986	0.00125722
148	0.153271	0.0261719	0.000525017	0.00232589	0.0384776	0.0609326	0.00131119	0.143365	0.000863935	0.110685	0.0384359	0.00332139	0.00889006	0.00117304	0.0132296	0.0749959	0.0944111	0.215559	0.00438322	0.00767192
149	0.0195649	0.000912796	0.00046576	0.00456763	0.0172712	0.00131556	0.000956611	0.320269	0.00076606	0.044673	0.00438971	0.0103438	0.00109156	0.00382213	0.00121978	0.0110476	0.0271325	0.529029	0.000399127	0.000761962
150	0.0426853	0.00117652	0.0103409	0.0237198	0.0030174	0.0287227	0.00825979	0.0086055	0.0280801	0.0143656	0.00252983	0.026687	0.674971	0.00250063	0.0160562	0.04435	0.0369578	0.0246335	0.000837661	0.00150317
151	0.0361373	0.00391417	0.00298024	0.00423717	0.0984036	0.00660377	0.0549801	0.0112993	0.0520365	0.127658	0.0300281	0.0539911	0.18604	0.148214	0.00696694	0.0147954	0.0573742	0.0608251	0.0383058	0.00520894
152	0.0104925	0.00337329	0.00383605	0.00243938	0.121293	0.00453724	0.00754629	0.104649	0.0011672	0.519767	0.08613	0.00143654	0.00147607	0.00721536	0.00306873	0.00961264	0.0197489	0.0537034	0.0128393	0.0256677
153	0.0177382	0.00134119	0.010589	0.0294111	0.00462994	0.0370014	0.033348	0.0076383	0.407169	0.00665308	0.00746638	0.0424976	0.00679082	0.0635889	0.271302	0.0370818	0.00917119	0.00325001	0.000630913	0.00270145
154	0.045685	0.00065214	0.149862	0.119054	0.00139662	0.0774451	0.0272792	0.0180587	0.0532644	0.00162346	0.00709106	0.216331	0.0132861	0.0344338	0.0348764	0.113301	0.0471674	0.0230188	0.00052885	0.0156455
155	0.101467	0.0187873	0.000420693	0.000441732	0.0726398	0.0133631	0.00125744	0.226168	0.000814664	0.202027	0.039954	0.00231238	0.00560821	0.000909957	0.00544694	0.0313325	0.0406612	0.229689	0.00198259	0.00471678
156	0.0379108	0.0153386	0.0002973	0.000503772	0.0872465	0.00734658	0.00118826	0.308322	0.0041182	0.235198	0.0471739	0.00674774	0.00372935	0.000709209	0.00873583	0.00711449	0.010784	0.211438	0.00346724	0.00263022
157	0.0840145	0.0205915	0.000985117	0.00168199	0.123559	0.00569645	0.00755615	0.0834427	0.0095291	0.0879721	0.0194204	0.0146743	0.00381256	0.0111329	0.0169569	0.0609067	0.0907381	0.272374	0.00143328	0.0835222
158	0.0442598	0.000620331	0.157021	0.12234	0.00119707	0.082509	0.0257304	0.0176175	0.0454452	0.00167509	0.00645756	0.21743	0.0123213	0.034461	0.0312005	0.111622	0.0478508	0.0252763	0.000387526	0.0145779
159	0.0451404	0.000647126	0.157271	0.121978	0.00117134	0.0790091	0.0266816	0.0176719	0.0467809	0.00156869	0.00660933	0.21766	0.0134172	0.0345964	0.0314256	0.113832	0.04574	0.0230023	0.000392899	0.0154045
160	0.0438543	0.000576903	0.157451	0.122049	0.001145	0.0827991	0.0254094	0.0176417	0.0453426	0.00155056	0.00644928	0.217868	0.0122528	0.0344064	0.0311881	0.111977	0.0477906	0.0254054	0.000383813	0.0144593
161	0.426934	0.0172259	0.000542883	0.00509568	0.00336511	0.122766	0.00144881	0.0157937	0.00116061	0.00361059	0.00198821	0.00150401	0.0434961	0.00806794	0.0122893	0.267324	0.0589084	0.00621654	0.0012871	0.000975193
162	0.0794811	0.00690313	0.00485912	0.0144784	0.0139305	0.0285165	0.00593335	0.0373986	0.0188749	0.0355206	0.00945369	0.0161365	0.517811	0.00208573	0.012868	0.0617598	0.0567167	0.071181	0.00120802	0.0048834
163	0.0396774	0.00318792	0.0198662	0.026559	0.0270678	0.0410578	0.0978004	0.00837963	0.144816	0.0243742	0.00706252	0.0153539	0.00479249	0.0270715	0.423673	0.0489732	0.00863114	0.00644145	0.00186706	0.0233475
164	0.158642	0.0206989	0.00257176	0.00426066	0.102972	0.105881	0.00629156	0.108649	0.00390608	0.103148	0.0212249	0.00696548	0.0337272	0.00597879	0.00825624	0.0455181	0.0429558	0.174319	0.0343941	0.00963947
165	0.0488653	0.0205603	0.00023407	0.000417774	0.086532	0.00817095	0.00111075	0.304491	0.00227813	0.224245	0.0327299	0.0069501	0.00421594	0.000550221	0.00535347	0.0092568	0.0134016	0.227228	0.00216756	0.00124125
166	0.0204786	0.00473982	0.0423846	0.24504	0.0393574	0.0324697	0.0901952	0.0162006	0.0378694	0.0653627	0.0134271	0.0200289	0.0066912	0.130508	0.0568385	0.0513346	0.0591565	0.015106	0.00274337	0.0500686
167	0.0439743	0.00059303	0.156724	0.122349	0.00130845	0.0820778	0.0255799	0.0178273	0.0462498	0.00184511	0.00657834	0.216365	0.0122874	0.0348686	0.031577	0.111691	0.0479594	0.0251051	0.000402182	0.0146374
168	0.237389	0.0536921	0.000702062	0.00442218	0.0236328	0.0316991	0.0067354	0.0244805	0.00210909	0.0273629	0.0154348	0.0232908	0.00327265	0.0167656	0.00172539	0.255335	0.195693	0.0664081	0.00313682	0.00671239
169	0.0978095	0.0181922	0.000122299	0.000184336	0.0646435	0.00838073	0.000853224	0.253898	0.000404903	0.212905	0.039801	0.00152735	0.00391187	0.000226764	0.00306872	0.0245565	0.0320196	0.236092	0.000687064	0.000715848
170	0.053946	0.00378647	0.0584943	0.0461134	0.0381931	0.00877862	0.0448117	0.042935	0.0932216	0.0726116	0.0349015	0.0354931	0.000791961	0.0765363	0.0947116	0.0891263	0.110464	0.0354509	0.00593053	0.0537018
171	0.0168815	0.00273144	0.0058097	0.0034898	0.156297	0.00527489	0.00531576	0.0994786	0.00141407	0.454482	0.103982	0.00158766	0.00138788	0.0100837	0.0041031	0.0112333	0.0160587	0.0527668	0.0164987	0.0311224
172	0.0363238	0.00857223	0.000276247	0.000365695	0.0441432	0.00458256	0.00376564	0.217222	0.000648906	0.36972	0.0653854	0.0014442	0.00328475	0.00246666	0.00173716	0.0146581	0.02577	0.19554	0.00178514	0.00230818
173	0.278318	0.0168517	0.00293419	0.00489996	0.00335931	0.431263	0.00171482	0.00849794	0.0012338	0.00604169	0.0025898	0.00260674	0.0161097	0.00452471	0.0107367	0.163066	0.0348474	0.00767666	0.000972348	0.00175538
174	0.0441909	0.000621191	0.158585	0.123498	0.00113043	0.0809954	0.0257497	0.0175198	0.0460431	0.00153257	0.00647193	0.217458	0.0125991	0.0351621	0.0310855	0.112236	0.046004	0.0238326	0.000371594	0.0149125
175	0.440715	0.0183172	0.000484553	0.00449025	0.00279086	0.118365	0.00104197	0.0126356	0.00111034	0.00377547	0.00172221	0.00207131	0.0338373	0.00730836	0.0118211	0.270567	0.0605296	0.00655739	0.000724055	0.00113602
176	0.271624	0.0334166	0.000415728	0.002436	0.0207443	0.0460757	0.00403324	0.0316851	0.00243379	0.0375863	0.0144078	0.0245529	0.00315297	0.00566941	0.00148399	0.240427	0.17576	0.0693243	0.00465597	0.0101146
177	0.0148425	0.000541222	0.000308575	0.00216541	0.0146114	0.000727441	0.000972409	0.335395	0.000551542	0.0744338	0.0164306	0.00629176	0.00155934	0.00297816	0.000633997	0.00660047	0.0199837	0.500256	0.000271166	0.000445313
178	0.0462	0.00407107	0.00696139	0.0188062	0.0103226	0.0258501	0.00887059	0.026755	0.0235845	0.026758	0.00729316	0.0190051	0.618223	0.00455997	0.0135502	0.0501476	0.0481899	0.0350548	0.00232872	0.00346801
179	0.255417	0.0409019	0.000369727	0.00217984	0.0229268	0.0483208	0.00351819	0.0465372	0.00253831	0.0473468	0.0106634	0.0251992	0.00403486	0.00324731	0.00224319	0.234323	0.151406	0.0860223	0.00419145	0.00861176
180	0.00986493	0.000639597	0.00131674	0.00282022	0.0169193	0.000868272	0.00198909	0.294673	0.00499282	0.14	0.139961	0.00462858	0.00440984	0.00298596	0.00293078	0.0106072	0.0469013	0.309431	0.00349606	0.000565749
181	0.0250085	0.00197191	0.00453276	0.0103646	0.0244174	0.00247673	0.00159459	0.168171	0.0174052	0.168808	0.305384	0.0215621	0.00159201	0.00551691	0.0104263	0.0183935	0.0445634	0.154504	0.0117524	0.00155528
182	0.0119085	0.00432697	0.00095211	0.00147379	0.0376167	0.00320639	0.00514709	0.14183	0.00232207	0.523661	0.11062	0.00258905	0.00229276	0.00575362	0.0023573	0.0119244	0.0165311	0.108153	0.00354506	0.00378946
183	0.0881686	0.0163888	0.000157299	0.000230805	0.0619611	0.00820415	0.00103575	0.264285	0.000533634	0.207137	0.0401603	0.0019241	0.00385139	0.000503636	0.00310649	0.022432	0.03059	0.247514	0.000844332	0.000970552
184	0.0496756	0.0121089	0.000229364	0.000382392	0.059668	0.00859796	0.00205478	0.255715	0.00154644	0.279454	0.0537525	0.00302822	0.00365002	0.0011636	0.00360733	0.0129178	0.0204467	0.228621	0.00188199	0.00149765
185	0.0776578	0.0042048	0.0212107	0.0246127	0.00343148	0.699203	0.00564525	0.00513337	0.0116353	0.00513618	0.00314054	0.0246504	0.00571596	0.00746348	0.0192344	0.0611236	0.00994891	0.00673956	0.000866992	0.00324554
186	0.441259	0.017957	0.000584524	0.0045653	0.00262633	0.131751	0.00110458	0.0116909	0.00111835	0.00314298	0.00172143	0.00155193	0.0333749	0.00740286	0.0119605	0.265796	0.055439	0.00528348	0.00070613	0.000963617
187	0.0506473	0.0106126	0.0270316	0.0232032	0.0274804	0.0337266	0.0353307	0.0134861	0.0152513	0.0140328	0.0295139	0.331514	0.0121394	0.0305733	0.0131605	0.192474	0.105423	0.0234353	0.00339624	0.00756824
188	0.00457396	0.00434164	0.0013216	0.00152924	0.0365248	0.00253585	0.00724478	0.067374	0.00144154	0.667312	0.11716	0.00177674	0.0016819	0.00902557	0.00172854	0.0145887	0.0102188	0.0417622	0.00309522	0.00476294
189	0.121634	0.0217831	0.000652792	0.00130369	0.0522741	0.0195622	0.00165129	0.221197	0.0016616	0.131627	0.0341278	0.0084863	0.00710433	0.00160814	0.0143671	0.0549799	0.0705111	0.225586	0.0015773	0.00830493
190	0.0259974	0.000750862	0.0796188	0.203601	0.00201954	0.0137296	0.0183516	0.00735793	0.238779	0.00569652	0.00263694	0.06331	0.0156422	0.106905	0.0857374	0.079482	0.0396651	0.00847093	0.000667316	0.00157963
