367	20
1	0.0105879	0.00397517	0.000317687	0.00046478	0.0945084	0.000382397	0.00295461	0.0868674	0.00295719	0.595677	0.124072	0.00151386	0.000359065	0.00206066	0.000470565	0.00127037	0.00462048	0.0444632	0.00576608	0.0167107
2	0.0394351	0.00313352	0.0107482	0.0136046	0.0480208	0.0046279	0.125854	0.0155118	0.0632944	0.115452	0.0122271	0.0321552	0.0133436	0.04425	0.10361	0.0399684	0.0276506	0.0515809	0.0520933	0.183438
3	0.0266276	0.0374324	0.00374355	0.0145325	0.302388	0.00910769	0.0374113	0.0390778	0.00323186	0.0774588	0.0196565	0.00406584	0.00313131	0.00788622	0.00558768	0.0620855	0.0106168	0.0190523	0.205909	0.110996
4	0.0471512	0.025557	0.0137321	0.00312386	0.00254614	0.00302876	0.0133122	0.00309109	0.00213225	0.00431168	0.00268336	0.00316875	0.0133195	0.00314856	0.0139122	0.5593	0.238798	0.0446547	0.00108165	0.00194765
5	0.0502784	0.0112142	0.0162108	0.0325031	0.0273263	0.0137321	0.045497	0.0250142	0.0501447	0.0420303	0.0160903	0.0246462	0.0134743	0.0419235	0.152925	0.0403999	0.0785814	0.0387006	0.199454	0.0798546
6	0.00888483	0.01167	0.117718	0.063038	0.00193523	0.0107356	0.0986709	0.00393154	0.0160245	0.0041471	0.00333254	0.332967	0.00883645	0.0943986	0.0344198	0.0734569	0.0856691	0.0154254	0.000974175	0.0137645
7	0.0237646	0.0180372	0.032547	0.0473411	0.018112	0.0851343	0.448748	0.00447714	0.0321435	0.00609184	0.00373758	0.00338458	0.00199245	0.0782653	0.147032	0.0339867	0.00593362	0.00440622	0.00151143	0.00335258
8	0.0224108	0.00574459	0.191877	0.0934764	0.00300909	0.0359403	0.0318202	0.00503962	0.0301314	0.00707059	0.00482129	0.237071	0.0141315	0.0486695	0.0376203	0.147873	0.0626966	0.0100316	0.00177556	0.00878916
9	0.337543	0.0184429	0.0159749	0.030837	0.00729273	0.0202168	0.008649	0.00909353	0.0106102	0.0114019	0.00831855	0.00884502	0.186934	0.0146346	0.0130961	0.200353	0.0737766	0.0156832	0.00364171	0.00465503
10	0.0779867	0.00605214	0.00486523	0.0271032	0.0127368	0.0257066	0.00616186	0.22518	0.0450287	0.193126	0.0195014	0.0080974	0.0104699	0.0105924	0.0552886	0.0291116	0.0273321	0.189854	0.0194618	0.00634291
11	0.168324	0.0224455	0.0224833	0.0823082	0.012783	0.0128275	0.00940934	0.0219752	0.174727	0.0688129	0.013281	0.0109522	0.00199517	0.0870239	0.186224	0.0333387	0.0174529	0.0204693	0.0260751	0.00709202
12	0.0114961	0.00422298	0.000285814	0.000408828	0.100914	0.000347663	0.00305276	0.0922719	0.00314121	0.575539	0.125897	0.0015696	0.000325033	0.00177652	0.000414199	0.00129852	0.00500665	0.0491803	0.00616377	0.0166889
13	0.00711409	0.00296972	0.000443768	0.000490873	0.0595067	0.000421676	0.0020398	0.0650223	0.00194364	0.69938	0.108199	0.00124355	0.000543953	0.00142308	0.000494159	0.00150722	0.00306021	0.0292833	0.00344035	0.0114723
14	0.0963641	0.00742347	0.034801	0.0796336	0.00867134	0.0813246	0.0395245	0.0139571	0.109817	0.0427651	0.00771671	0.0426655	0.0137592	0.0884979	0.167055	0.0706769	0.0435884	0.0200934	0.00753778	0.0241274
15	0.00539943	0.00160786	0.00116527	0.00701336	0.0231183	0.00114202	0.00157324	0.432393	0.00137172	0.0119259	0.00676128	0.00182251	0.000849589	0.0118508	0.00252384	0.00786658	0.0496756	0.421096	0.000529981	0.0103133
16	0.440623	0.0373455	0.00477503	0.0133213	0.00467324	0.092683	0.00332405	0.0260051	0.00488585	0.0383257	0.0312521	0.00369736	0.00602342	0.0121895	0.00674511	0.0757251	0.0239112	0.165419	0.00542849	0.00364653
17	0.0105052	0.00288128	0.00714058	0.00237336	0.0732178	0.0071706	0.00399556	0.00342955	0.00721789	0.0161183	0.00455784	0.00182908	0.00127474	0.00217403	0.00296718	0.00646694	0.0028857	0.00374893	0.04361	0.796435
18	0.0137331	0.00843555	0.000635254	0.00127271	0.137378	0.000958094	0.00333236	0.0889285	0.00317726	0.539893	0.110613	0.00184283	0.000911513	0.00221663	0.00109843	0.00314554	0.00499639	0.0525459	0.00541674	0.0194693
19	0.0110473	0.516245	0.00383331	0.00533327	0.00395701	0.00468609	0.00463154	0.00610685	0.00384954	0.00765795	0.00538194	0.00376874	0.00258889	0.00487389	0.00514116	0.390203	0.00787571	0.00700111	0.0019783	0.0038402
20	0.210471	0.00482982	0.00499575	0.00598064	0.0563754	0.00569191	0.00621103	0.00728145	0.00540545	0.106855	0.432601	0.00567292	0.0627318	0.00763954	0.00781971	0.0385149	0.0102871	0.0108995	0.00308953	0.00664667
21	0.0640171	0.0107622	0.146427	0.237587	0.0117833	0.0314177	0.0341307	0.0172421	0.049551	0.0265589	0.0153563	0.0541258	0.0156377	0.0657987	0.0718907	0.0547203	0.0453047	0.0223073	0.00816099	0.0172203
22	0.00521752	0.00192505	0.00179173	0.00232084	0.539918	0.00236998	0.00218181	0.00286232	0.00200256	0.00488568	0.00287921	0.00235118	0.001466	0.00264455	0.00280097	0.00374322	0.00368027	0.00300853	0.00108829	0.410862
23	0.138646	0.0165424	0.00367526	0.00574034	0.00253007	0.712979	0.00160103	0.00719143	0.00236083	0.0167325	0.0190985	0.00267226	0.00457717	0.00508689	0.00535551	0.0254318	0.00857306	0.0163892	0.00270694	0.00210945
24	0.00568014	0.00169265	0.000639186	0.000709819	0.0169454	0.000708713	0.000964307	0.52056	0.00072787	0.0818831	0.0316111	0.00331468	0.000509916	0.00107424	0.0032031	0.00173268	0.0044747	0.319892	0.00116683	0.00250961
25	0.0781776	0.04658	0.019667	0.00263887	0.00148642	0.0750418	0.0260784	0.00572638	0.0129883	0.0304519	0.00766829	0.137444	0.00116148	0.0208978	0.0190198	0.247892	0.23601	0.0286553	0.000837488	0.00157711
26	0.402871	0.0417513	0.00198585	0.0175348	0.00416978	0.025702	0.00178105	0.0105277	0.00181915	0.0125307	0.0115135	0.00161892	0.0215079	0.00469766	0.00246391	0.229394	0.129164	0.0762722	0.000884671	0.00180999
27	0.0109664	0.00426351	0.00041831	0.000465654	0.0868494	0.000375896	0.00347506	0.0916672	0.0026611	0.595333	0.115709	0.0020324	0.000864389	0.00176093	0.000476256	0.0016485	0.00460846	0.0576429	0.00510359	0.0136778
28	0.0732948	0.00540285	0.0196873	0.0484673	0.0129573	0.0296872	0.0423901	0.0114691	0.0907372	0.0495189	0.00916135	0.0220542	0.19191	0.0729456	0.160683	0.0705952	0.039673	0.0191145	0.0109636	0.0192878
29	0.0119537	0.00589766	0.00322407	0.00406746	0.0228729	0.00416656	0.00567485	0.482525	0.00275218	0.14684	0.0122784	0.0571171	0.00304843	0.0179282	0.0063088	0.0189053	0.0409985	0.14557	0.00204327	0.00582758
30	0.00962414	0.00669888	0.00509843	0.00191161	0.197448	0.00713919	0.00489775	0.00722381	0.00541392	0.023272	0.00849009	0.00199613	0.00113883	0.00306056	0.00229807	0.00565365	0.00392653	0.00541263	0.0204626	0.678833
31	0.638129	0.021516	0.000839948	0.00456636	0.00232348	0.0278097	0.000794912	0.00119582	0.000712766	0.00163394	0.00137113	0.000743417	0.0169933	0.00267567	0.00109535	0.203827	0.0587803	0.0123151	0.000437293	0.00223956
32	0.0858168	0.0146373	0.0108936	0.0104218	0.00278593	0.771137	0.00313743	0.00439133	0.00486864	0.00788759	0.00681631	0.00601479	0.00685836	0.00574826	0.00937433	0.0261074	0.0116665	0.00716643	0.000878676	0.00339124
33	0.0884777	0.0142882	0.00904403	0.0102167	0.00284507	0.778358	0.0030599	0.00461544	0.00427753	0.00715895	0.00608834	0.00476579	0.0064685	0.00587691	0.00797317	0.0252415	0.0114147	0.00497999	0.00111497	0.00373441
34	0.0184367	0.00892331	0.0039224	0.00479179	0.0482406	0.00235287	0.00398291	0.0917014	0.00720419	0.590759	0.081447	0.00299321	0.00381226	0.00603649	0.0112193	0.00741169	0.00984631	0.0779655	0.00433928	0.0146137
35	0.0802698	0.0150244	0.00834816	0.00653106	0.00176651	0.812187	0.00335099	0.00244007	0.00280368	0.00730379	0.00453513	0.00351443	0.00286884	0.00330154	0.007427	0.0223362	0.00951405	0.00295614	0.00124672	0.00227437
36	0.00482104	0.000575707	0.000538093	0.000734802	0.0152801	0.000573223	0.000641886	0.534363	0.0006858	0.0373968	0.0238184	0.00341083	0.000411363	0.000870203	0.00320919	0.00106092	0.00326025	0.366909	0.000283943	0.00115584
37	0.0242577	0.0104162	0.00224372	0.00355161	0.044803	0.00189861	0.00497864	0.138477	0.0045651	0.466905	0.0537074	0.00324982	0.00529506	0.00529657	0.00791278	0.00772594	0.0140402	0.189031	0.00182641	0.00981859
38	0.739062	0.0158635	0.000736902	0.00188755	0.00110132	0.0386282	0.000736337	0.000835487	0.000634037	0.0010816	0.000794495	0.00074988	0.00738636	0.00304422	0.000882974	0.144662	0.0286702	0.0104075	0.000263087	0.00257283
39	0.0943323	0.0154561	0.00406857	0.00364213	0.00276385	0.818353	0.00216617	0.00198045	0.00223617	0.00555336	0.00429082	0.00211729	0.00112132	0.00254553	0.00603574	0.0222567	0.00569024	0.00289445	0.000625976	0.00186999
40	0.0185086	0.00547201	0.562911	0.0787691	0.00386233	0.0489855	0.013374	0.00820111	0.0105784	0.00918905	0.00396337	0.129284	0.0101202	0.0168036	0.0157554	0.0321886	0.0175696	0.00657144	0.00229193	0.00560015
41	0.0263022	0.0629449	0.00422004	0.0056867	0.207978	0.0166058	0.0914006	0.0784943	0.00505993	0.0869936	0.0379583	0.00629024	0.00345781	0.029934	0.00703365	0.017545	0.0174626	0.0308596	0.0155516	0.248221
42	0.017198	0.00934487	0.000324748	0.000421193	0.0315084	0.000433068	0.000475943	0.14251	0.000363402	0.529788	0.037565	0.000529873	0.00178759	0.00063492	0.000489791	0.00589602	0.00638514	0.213552	0.00023268	0.000559371
43	0.0600493	0.00861399	0.0259929	0.0596925	0.0137189	0.021443	0.0377823	0.0216687	0.180337	0.0404236	0.0177322	0.032101	0.0231333	0.0653173	0.24531	0.0553874	0.0378593	0.0272272	0.00853133	0.0176785
44	0.381911	0.0231003	0.0023232	0.0226306	0.00560925	0.00498912	0.00229423	0.00208252	0.00159016	0.00324285	0.00227274	0.00161123	0.0265785	0.00278202	0.00246036	0.293206	0.203765	0.0149787	0.000771259	0.00180086
45	0.753437	0.0156799	0.000570302	0.00146826	0.000898641	0.0405776	0.000638569	0.000751645	0.000491631	0.000904925	0.000695887	0.000514933	0.0062963	0.00286799	0.000714028	0.134497	0.0259011	0.0101968	0.000280193	0.00261754
46	0.10557	0.0267947	0.0407957	0.0362361	0.00908102	0.314043	0.0216134	0.0107743	0.0204818	0.0234078	0.0108716	0.0452574	0.0183774	0.0228719	0.0289506	0.151669	0.0708673	0.0227955	0.00318224	0.0163598
47	0.00630292	0.00393862	0.668897	0.0395916	0.000774217	0.0600135	0.00731063	0.00435292	0.0034108	0.00160714	0.00122246	0.149352	0.00170315	0.00591697	0.00287841	0.026923	0.00936548	0.00183212	0.000402724	0.00420446
48	0.0315484	0.0409117	0.00156825	0.00404484	0.0163812	0.00252856	0.0025509	0.187386	0.00202393	0.408433	0.225289	0.00226661	0.00165609	0.00677541	0.00226784	0.0132053	0.0197042	0.0234398	0.00240021	0.00561867
49	0.082235	0.0756816	0.0672659	0.0367457	0.00741035	0.150671	0.0571484	0.0108739	0.0297898	0.0246991	0.010828	0.142364	0.00889355	0.0257976	0.0973073	0.0747552	0.0602569	0.0176782	0.00453588	0.0150629
50	0.0171066	0.00923197	0.00034493	0.000422125	0.0310362	0.000417571	0.000496766	0.143728	0.00034944	0.526317	0.0364795	0.000522586	0.00170407	0.000639125	0.000531761	0.00570501	0.00640223	0.217782	0.000226229	0.000556753
51	0.0245277	0.00651165	0.129943	0.0717713	0.00432906	0.0212729	0.0425314	0.00688394	0.0300122	0.00928596	0.00574499	0.250775	0.110416	0.0676508	0.0307633	0.107365	0.0541492	0.0135937	0.00194938	0.0105238
52	0.011371	0.00421726	0.00028597	0.0004031	0.101051	0.000347261	0.00308188	0.0919642	0.00315576	0.576697	0.125981	0.00156567	0.000307681	0.0017812	0.000402264	0.00125356	0.00493245	0.0481434	0.00621603	0.0168422
53	0.0859629	0.0200215	0.000535062	0.00146346	0.00498206	0.00229436	0.000569613	0.220364	0.002268	0.038867	0.0209269	0.00337709	0.000367037	0.00322536	0.00813434	0.0282904	0.079777	0.47504	0.00110884	0.00242489
54	0.587012	0.0122126	0.00113706	0.000861476	0.000790184	0.295048	0.000772994	0.000992721	0.000750734	0.0019855	0.00275142	0.000752384	0.000560258	0.00252548	0.00199705	0.069223	0.00996644	0.00795265	0.000529155	0.00217886
55	0.00485861	0.000503311	0.000525164	0.000756258	0.0143537	0.000545521	0.000601885	0.528351	0.000649147	0.0336125	0.0220077	0.00305174	0.000418811	0.000877638	0.00307686	0.0010169	0.00322777	0.380162	0.00027688	0.00112622
56	0.0793213	0.0192648	0.0387055	0.0329113	0.0105993	0.376027	0.0156341	0.00739735	0.0158703	0.0203111	0.00720416	0.0431575	0.012889	0.0184866	0.0275215	0.125794	0.1204	0.0165602	0.00235781	0.00958748
57	0.0109889	0.0041675	0.000299804	0.000426488	0.0971164	0.000417408	0.00292696	0.102612	0.00306684	0.574766	0.121505	0.00153879	0.000506384	0.00177446	0.000435216	0.00147187	0.00475597	0.0486924	0.00594963	0.0165815
58	0.0297091	0.0612653	0.00122548	0.00167931	0.284421	0.0234246	0.0358359	0.0407962	0.00142786	0.143608	0.0562918	0.00151913	0.00103877	0.0112548	0.00177944	0.015111	0.0136758	0.0233392	0.0128124	0.239785
59	0.0102638	0.003033	0.00732911	0.00186634	0.0684164	0.00772984	0.00280273	0.00301051	0.00682037	0.015544	0.00520831	0.00153532	0.00105943	0.00192056	0.00182393	0.00492045	0.00269124	0.00258654	0.03241	0.819028
60	0.0646496	0.00682285	0.0173106	0.0406502	0.0108973	0.00673023	0.0483557	0.0177104	0.148936	0.0239006	0.0081249	0.0174048	0.00626267	0.0992446	0.327814	0.0664772	0.0365654	0.0251414	0.00846661	0.0185351
61	0.0619487	0.00266388	0.0707059	0.227094	0.00775432	0.0249944	0.0498807	0.00843185	0.0937101	0.0103113	0.00708002	0.0606209	0.00124949	0.129828	0.112844	0.0617242	0.0288331	0.0181366	0.00770063	0.0144885
62	0.081595	0.014862	0.0128572	0.00937209	0.00345433	0.765715	0.00317856	0.00451784	0.00521741	0.00893548	0.00589576	0.00890615	0.0042336	0.00493309	0.0096784	0.0286308	0.0140449	0.00554229	0.00180498	0.00662513
63	0.0100872	0.00603176	0.00552186	0.00225862	0.197813	0.00665152	0.00549403	0.00722158	0.00525201	0.0247778	0.00820482	0.00219479	0.00109776	0.00291664	0.00282016	0.00554608	0.00424379	0.00553091	0.0194613	0.676875
64	0.0289544	0.0109703	0.00230074	0.00227139	0.118548	0.00305897	0.00613051	0.148119	0.00342387	0.367969	0.0415379	0.00337916	0.00370865	0.00355853	0.00580226	0.0107275	0.0158245	0.197619	0.00222149	0.0238743
65	0.071555	0.0105106	0.0204646	0.034916	0.0185444	0.0117913	0.0548874	0.0317153	0.133897	0.0292749	0.00926299	0.0132422	0.00393432	0.0773669	0.287035	0.060105	0.0476468	0.0450462	0.0132085	0.0255959
66	0.0719028	0.0125593	0.0516116	0.0932886	0.0138462	0.0284607	0.0507061	0.0203245	0.0719095	0.0389509	0.0237563	0.0596369	0.0153871	0.165818	0.11713	0.0564809	0.0449715	0.0287714	0.00906324	0.0254248
67	0.0680174	0.00715812	0.0164887	0.042154	0.0198819	0.0313377	0.0791607	0.0194291	0.0823076	0.0408401	0.00710373	0.0154066	0.00584627	0.0619291	0.197623	0.109009	0.066075	0.0581108	0.00789749	0.0642235
68	0.0114207	0.00429842	0.000287004	0.000403162	0.0994304	0.000370146	0.00300431	0.0975665	0.00307649	0.57221	0.124206	0.00154269	0.000340014	0.00175082	0.000409695	0.00135893	0.00495182	0.0505241	0.00615283	0.016696
69	0.0272483	0.00568261	0.259552	0.0312175	0.00239316	0.0563335	0.00696599	0.00422385	0.0115257	0.00720118	0.00434523	0.199874	0.00441226	0.00857896	0.0294838	0.220816	0.107903	0.00729393	0.00166377	0.00328637
70	0.020344	0.0057663	0.212018	0.178804	0.00115338	0.0377614	0.027874	0.00909047	0.0466186	0.00654921	0.00916661	0.164384	0.00551444	0.0747421	0.0486359	0.0809346	0.0461233	0.0102651	0.00134755	0.0129067
71	0.110719	0.0157758	0.00505253	0.00808847	0.00438251	0.712316	0.00483409	0.00718606	0.00523584	0.0264342	0.0115752	0.00433539	0.00612165	0.00680877	0.0102526	0.0268388	0.0122037	0.0146975	0.00220799	0.00493306
72	0.0631658	0.00775441	0.0338415	0.137086	0.0446277	0.0100333	0.0473053	0.00908441	0.0319285	0.0125259	0.00932489	0.099468	0.00369393	0.0923227	0.16194	0.0311547	0.039218	0.0117459	0.142417	0.011363
73	0.0741151	0.0124335	0.0403671	0.090558	0.0181337	0.0321698	0.045556	0.0239024	0.0724577	0.0438	0.0269969	0.0469757	0.0143417	0.173919	0.114564	0.0548333	0.0413814	0.0357418	0.0115244	0.0262276
74	0.038999	0.00260481	0.017884	0.0728346	0.00612139	0.0221183	0.063055	0.132663	0.0223387	0.134759	0.030403	0.0304549	0.00187827	0.191026	0.0609928	0.00685251	0.0467465	0.112861	0.00153222	0.00387547
75	0.0828799	0.0140345	0.00914533	0.00586159	0.0016989	0.808545	0.00380844	0.00280307	0.00360994	0.00672741	0.00474846	0.00558172	0.00713529	0.00404915	0.00740904	0.0209737	0.00638666	0.00266034	0.000664418	0.00127731
76	0.069295	0.00945475	0.0197275	0.0327957	0.0213546	0.0108513	0.0648098	0.0340995	0.130415	0.0365673	0.009749	0.0141006	0.00479816	0.0708837	0.271725	0.0561406	0.0467641	0.0495988	0.0127382	0.0341321
77	0.0852975	0.0198296	0.000540949	0.00144376	0.00500062	0.00229353	0.000606203	0.220149	0.00220195	0.0387261	0.0207693	0.00353996	0.000362908	0.00326517	0.00824341	0.0288394	0.0793329	0.475957	0.00116897	0.00243271
78	0.028084	0.00199227	0.042407	0.0417334	0.0219761	0.00219399	0.0322758	0.0126025	0.156323	0.00600595	0.00293896	0.0659199	0.172626	0.0157683	0.0926057	0.175368	0.102706	0.0232151	0.00105029	0.00220792
79	0.0180992	0.00880138	0.00051252	0.000719204	0.0277505	0.000534437	0.000706271	0.150818	0.000877219	0.479671	0.035952	0.000689078	0.00192108	0.000805623	0.00157425	0.00542226	0.00775966	0.256062	0.000319198	0.0010053
80	0.0137475	0.0194412	0.00162877	0.00245356	0.33104	0.00748691	0.011873	0.0982997	0.00248807	0.271728	0.0386824	0.00217347	0.00118845	0.00494289	0.00240221	0.0133171	0.00719127	0.045282	0.00600631	0.118627
81	0.00708391	0.00249876	0.000546833	0.000969665	0.0460957	0.000553764	0.00182571	0.0491747	0.0017444	0.736798	0.10659	0.00110545	0.000793381	0.00176484	0.000732859	0.00186099	0.00262796	0.021984	0.00270203	0.0125469
82	0.00190444	0.00125692	0.000681699	0.000848679	0.00671228	0.000742317	0.000937917	0.0235784	0.000621159	0.845694	0.100795	0.000802503	0.000710591	0.00100258	0.000739722	0.00157736	0.00119853	0.00570811	0.000355018	0.00413353
83	0.0453238	0.0104916	0.29181	0.0934016	0.00596276	0.0525519	0.0236331	0.0125165	0.0243785	0.0176355	0.00887498	0.110084	0.0265788	0.0338337	0.0318051	0.0830038	0.0964583	0.0166699	0.00335049	0.011636
84	0.376289	0.0280657	0.00180869	0.0133775	0.00607381	0.00431288	0.00192778	0.00153022	0.00123399	0.002295	0.00143005	0.00164819	0.0320742	0.00162155	0.00221359	0.310327	0.195923	0.0157128	0.000592371	0.00154282
85	0.0055302	0.00414798	0.70102	0.0346466	0.000698828	0.0559717	0.00752641	0.00386628	0.00106557	0.00137402	0.000851574	0.150596	0.000559455	0.00370164	0.000950217	0.016796	0.00515368	0.00123098	0.000408895	0.00390366
86	0.0113513	0.0216684	0.00791696	0.00168655	0.0294434	0.00126377	0.0186841	0.291126	0.00136588	0.182098	0.0326688	0.0106326	0.00695029	0.00262543	0.0197103	0.00333045	0.0427222	0.284339	0.00100942	0.029407
87	0.127047	0.0056869	0.0995498	0.0372096	0.0872892	0.0374774	0.0363966	0.0339692	0.00815932	0.115396	0.0576135	0.0889526	0.00644985	0.00981329	0.0373739	0.0422149	0.0616855	0.0112033	0.00339407	0.0931183
88	0.0342131	0.00322932	0.00675603	0.0289355	0.0045107	0.00474775	0.0463518	0.00898086	0.185961	0.0185683	0.00949995	0.0173615	0.0018557	0.0802017	0.44324	0.0534695	0.0251555	0.0112865	0.00530053	0.0103743
89	0.11028	0.00520626	0.0428525	0.0995818	0.00537548	0.132354	0.0393354	0.00643781	0.0671171	0.0526321	0.00847238	0.0625076	0.0256747	0.0739564	0.0720547	0.0955336	0.0535667	0.00629295	0.00511182	0.0356572
90	0.0126669	0.00694458	0.000610255	0.00074825	0.0232085	0.000911535	0.00111816	0.309714	0.000671862	0.367772	0.0391904	0.00355548	0.00152038	0.00184941	0.00157308	0.0052292	0.00980842	0.208805	0.00136787	0.00273514
91	0.0759827	0.0637046	0.0166947	0.00518064	0.00407864	0.0560626	0.0217325	0.00828671	0.0126904	0.0481868	0.0101215	0.133389	0.00252131	0.0165745	0.0184888	0.188564	0.28728	0.0251893	0.00182465	0.0034467
92	0.108238	0.0140704	0.0682074	0.0843659	0.00630041	0.114161	0.0664776	0.00512844	0.044256	0.0424905	0.00640012	0.0470112	0.0119511	0.0477282	0.0643418	0.153467	0.048923	0.00942217	0.00300706	0.0540529
93	0.0300376	0.000898189	0.00233941	0.0351923	0.00283613	0.00150961	0.0451108	0.00182453	0.168401	0.0105716	0.00780762	0.0160318	0.00167397	0.0866811	0.468175	0.0809767	0.0274368	0.00204157	0.00205883	0.00839542
94	0.0258776	0.0094054	0.001498	0.00291582	0.0400816	0.00280692	0.00368316	0.143864	0.00427811	0.455716	0.0541	0.00271132	0.00488702	0.00488698	0.00655467	0.00764123	0.0130987	0.207166	0.00210323	0.0067244
95	0.0194359	0.00675341	0.00979672	0.00571128	0.0913017	0.00990604	0.00995358	0.0111146	0.00901357	0.0232694	0.00877337	0.00539066	0.00343232	0.0069101	0.00905219	0.0163725	0.00829918	0.0095495	0.028291	0.707673
96	0.0873574	0.0283138	0.0339426	0.0317535	0.00583221	0.119051	0.0295777	0.0142019	0.0242466	0.040175	0.00812906	0.0990425	0.00734716	0.0355994	0.0413095	0.185745	0.162574	0.032821	0.00165043	0.0113305
97	0.162098	0.00387865	0.0408604	0.0756576	0.00639336	0.0774464	0.00979118	0.00949694	0.0333761	0.0239063	0.0121817	0.0169178	0.282528	0.0255928	0.021093	0.140205	0.0412352	0.00694643	0.004728	0.00566688
98	0.00604508	0.00381222	0.670221	0.0355176	0.000827881	0.0729738	0.00653822	0.00510513	0.00316453	0.00165867	0.00104462	0.153532	0.000636461	0.00478263	0.00108437	0.0208159	0.00637465	0.00141497	0.000435066	0.00401461
99	0.0469755	0.0215338	0.00358004	0.0225169	0.00372286	0.00372121	0.0310075	0.0417041	0.0725532	0.0741953	0.28589	0.0437121	0.00264335	0.0286113	0.00566301	0.0064835	0.232409	0.0676635	0.00189073	0.00352318
100	0.0435344	0.00665371	0.0157001	0.0386274	0.00979195	0.012959	0.0487038	0.0202414	0.157198	0.0259047	0.0136214	0.0247476	0.0107299	0.0614225	0.374605	0.0572758	0.0338445	0.023531	0.00651425	0.0143933
101	0.0157287	0.0078325	0.000349012	0.000437482	0.0509703	0.000403493	0.00136935	0.133105	0.00111883	0.535629	0.064547	0.000909829	0.00161999	0.000908122	0.000616094	0.004385	0.00609391	0.167088	0.00188005	0.00500852
102	0.0979841	0.0147201	0.0197044	0.0582772	0.0106876	0.00957146	0.0298555	0.019785	0.165129	0.0441176	0.0140051	0.0154699	0.00309968	0.0969486	0.269445	0.047744	0.0278355	0.0275956	0.0145736	0.0134505
103	0.0677138	0.0109716	0.0412604	0.0868479	0.0156903	0.0265902	0.0486784	0.0288182	0.076264	0.0531954	0.0329315	0.0567602	0.0141866	0.158901	0.115067	0.0551028	0.0435783	0.0352616	0.00936878	0.0228125
104	0.0633151	0.00695053	0.0588679	0.256154	0.00900465	0.0281882	0.0352	0.0138053	0.0622934	0.0204606	0.0146074	0.0498817	0.00691684	0.146793	0.0775843	0.0513061	0.0297577	0.0206172	0.00652944	0.0417663
105	0.0104245	0.0071059	0.000527607	0.000906839	0.00778623	0.00234176	0.000655141	0.535787	0.00047815	0.229266	0.0874602	0.000852885	0.000407452	0.00185872	0.000834443	0.0058015	0.00569779	0.0821917	0.00858249	0.011033
106	0.0171969	0.00924645	0.000312889	0.000418457	0.0314229	0.000420491	0.000469755	0.14231	0.000347725	0.529784	0.036833	0.000509053	0.00171953	0.000630046	0.000485868	0.00577176	0.00633181	0.215094	0.000228807	0.000466094
107	0.0261578	0.019618	0.00130464	0.00151458	0.0372042	0.00202006	0.00188514	0.151212	0.00217683	0.517854	0.071335	0.00171562	0.00274278	0.00216803	0.00216402	0.00751186	0.0115186	0.131678	0.00197502	0.00624314
108	0.0822488	0.0141971	0.0181	0.0117644	0.00376343	0.763213	0.00420817	0.00502511	0.00471671	0.0080677	0.00540039	0.00694581	0.00625974	0.0059125	0.00982203	0.0275048	0.0122923	0.00641712	0.00082589	0.00331532
109	0.00481258	0.000515373	0.000560515	0.000954489	0.0157318	0.000559238	0.000626385	0.532008	0.000694038	0.034502	0.0226693	0.00314779	0.000420555	0.00127902	0.00342698	0.00121239	0.00490008	0.370356	0.000273639	0.00134974
110	0.08928	0.0208962	0.00343012	0.00207251	0.00128456	0.826268	0.00121864	0.00194985	0.00129651	0.00575222	0.00535639	0.00155841	0.00143909	0.00159076	0.00501432	0.0206554	0.00514443	0.00307664	0.00140844	0.0013073
111	0.082092	0.0161296	0.0378318	0.0301171	0.0132841	0.472819	0.0110944	0.0116477	0.0131498	0.0200582	0.0105645	0.0343673	0.0143277	0.0169112	0.0212355	0.0711621	0.0897731	0.0202767	0.00294049	0.0102176
112	0.063565	0.0119879	0.00144843	0.0033037	0.0262544	0.00397795	0.0239217	0.173581	0.00810189	0.0493425	0.0415645	0.00890823	0.0011991	0.00683667	0.0145616	0.025609	0.074396	0.42342	0.0107635	0.0272571
113	0.00797679	0.000656991	0.00073917	0.00752235	0.000839572	0.00414401	0.0464736	0.00447097	0.239533	0.00794501	0.0117054	0.0205784	0.000514723	0.0346548	0.550264	0.0327856	0.0181396	0.00104184	0.004388	0.00562624
114	0.262447	0.00735755	0.00384957	0.0068101	0.0593707	0.00681412	0.00547954	0.0359194	0.00565626	0.229533	0.114881	0.00528995	0.00739536	0.00497819	0.00746625	0.0109875	0.0357459	0.178571	0.00328252	0.00816504
115	0.0165107	0.00857684	0.00032716	0.000432752	0.0357737	0.000407577	0.00065765	0.134572	0.000553727	0.545776	0.0439719	0.000623759	0.00162779	0.000720781	0.000495721	0.00517455	0.00603974	0.195262	0.000686644	0.00180925
116	0.0634602	0.00271968	0.0707613	0.226036	0.00775043	0.0247059	0.0494748	0.00842676	0.0956606	0.0104397	0.00702591	0.0585297	0.00123148	0.128785	0.114575	0.0617894	0.0284283	0.0184461	0.007611	0.0141433
117	0.322737	0.00423454	0.023602	0.0608723	0.00629992	0.0045466	0.00854034	0.0397483	0.13099	0.0262291	0.0376397	0.00697416	0.00176159	0.0585973	0.107757	0.0414211	0.0611443	0.0397504	0.00327996	0.0138754
118	0.011371	0.00421726	0.00028597	0.0004031	0.101051	0.000347261	0.00308188	0.0919642	0.00315576	0.576697	0.125981	0.00156567	0.000307681	0.0017812	0.000402264	0.00125356	0.00493245	0.0481434	0.00621603	0.0168422
119	0.0588125	0.0103835	0.104776	0.159688	0.00352783	0.0996376	0.0321709	0.00851659	0.0783294	0.015034	0.00789164	0.0940537	0.00742299	0.082131	0.0816337	0.0693908	0.0448293	0.0248616	0.00356738	0.0133418
120	0.0250609	0.0662379	0.00152523	0.00162847	0.276862	0.0199383	0.0391891	0.0515636	0.00138507	0.116661	0.0489446	0.00157595	0.00122853	0.0118293	0.00186293	0.0149672	0.0147011	0.0276375	0.0180851	0.259117
121	0.0589974	0.0178339	0.0361934	0.0420984	0.0401029	0.0314033	0.189876	0.0289699	0.0491112	0.0509484	0.0239189	0.0667954	0.0157739	0.0511554	0.0992294	0.0636288	0.0428699	0.0334875	0.0143719	0.0432335
122	0.059804	0.0709581	0.00256318	0.0062202	0.00471811	0.00426749	0.00328517	0.209179	0.00302677	0.268349	0.27475	0.00326949	0.00265437	0.00871168	0.00344935	0.0142132	0.0377285	0.0169224	0.00180412	0.00412518
123	0.0348628	0.0130587	0.170069	0.0608145	0.0190536	0.039488	0.0661651	0.0246164	0.0261087	0.0251463	0.0122294	0.227951	0.0136806	0.0468849	0.040256	0.0593304	0.0739736	0.0255648	0.00559923	0.0151479
124	0.0379482	0.00300599	0.314849	0.344823	0.00293949	0.0191958	0.0156964	0.00607754	0.0244212	0.00912929	0.00504963	0.0567132	0.00900009	0.0457397	0.0344775	0.0282862	0.024601	0.00949421	0.00217514	0.00637774
125	0.0409371	0.00966136	0.293187	0.0410163	0.00585207	0.336721	0.0111148	0.00599802	0.0114463	0.00997989	0.0043783	0.0841199	0.00682956	0.0139321	0.0164083	0.0534645	0.0361101	0.00836819	0.00154591	0.008929
126	0.0556477	0.019167	0.0180621	0.0276053	0.066195	0.0238048	0.159319	0.0299967	0.0329618	0.0623534	0.0217427	0.0371185	0.0119592	0.0373076	0.0607975	0.0693595	0.0314432	0.0408932	0.0183625	0.175904
127	0.516353	0.0296794	0.000940051	0.00791857	0.00439217	0.0123226	0.00120803	0.00126419	0.000981024	0.00170049	0.00128113	0.000959908	0.0319754	0.00173162	0.00123198	0.265773	0.103934	0.0142673	0.000476806	0.0016089
128	0.720999	0.0150089	0.00209134	0.00248986	0.00112822	0.0786667	0.00108309	0.00192732	0.00114119	0.00324108	0.00229471	0.00110103	0.00287738	0.00388341	0.00169906	0.123127	0.0160556	0.0169808	0.000460875	0.00374321
129	0.0155395	0.0139379	0.000863559	0.00136337	0.182615	0.0023519	0.00432585	0.0907534	0.00310776	0.488166	0.0835355	0.00164342	0.00109258	0.00269199	0.00149015	0.00579069	0.00544355	0.0646834	0.0045114	0.0260938
130	0.389646	0.0412327	0.00573112	0.0207114	0.0019682	0.0719891	0.00160225	0.0459564	0.00529714	0.0725928	0.0806708	0.00164411	0.00621038	0.0220056	0.00609764	0.0953044	0.0250508	0.100773	0.00379103	0.00172474
131	0.1355	0.0131171	0.00137597	0.0170206	0.0367065	0.0473105	0.00272132	0.146335	0.0110643	0.159072	0.0448712	0.0226803	0.0225348	0.00993776	0.0299905	0.0511333	0.0744034	0.164634	0.00127653	0.00831443
132	0.0171969	0.00924645	0.000312889	0.000418457	0.0314229	0.000420491	0.000469755	0.14231	0.000347725	0.529784	0.036833	0.000509053	0.00171953	0.000630046	0.000485868	0.00577176	0.00633181	0.215094	0.000228807	0.000466094
133	0.117199	0.00711211	0.041171	0.273507	0.0092464	0.0193585	0.0297993	0.0140985	0.0579543	0.020826	0.0130391	0.0341875	0.00741014	0.169041	0.0713414	0.0417333	0.0282284	0.0179092	0.00788816	0.0189492
134	0.033567	0.00415593	0.0112529	0.0608677	0.00903035	0.029859	0.0515327	0.109238	0.0221047	0.212268	0.0739238	0.0198854	0.00632942	0.119278	0.0864124	0.0108996	0.0333545	0.0921218	0.00398037	0.00993736
135	0.0289495	0.0166435	0.000987254	0.00166494	0.0096601	0.00508906	0.00142307	0.456284	0.0011511	0.234556	0.0953059	0.00144293	0.00173257	0.0023237	0.00177656	0.00937281	0.0160742	0.0973786	0.00601291	0.0121709
136	0.0812118	0.0118892	0.0198551	0.0348747	0.0191225	0.0128033	0.051993	0.0323795	0.13494	0.0287034	0.00934701	0.0125832	0.00380736	0.0745366	0.275616	0.0588774	0.0480165	0.0488652	0.0127743	0.0278038
137	0.0546335	0.00311306	0.0956296	0.228913	0.00582698	0.0290726	0.0433356	0.0122262	0.0797805	0.0122288	0.0099232	0.0735127	0.00168388	0.11351	0.0964569	0.0668133	0.0317838	0.0193314	0.00681162	0.0154135
138	0.0781055	0.0468047	0.0195672	0.00250046	0.00149052	0.0747623	0.0257438	0.00570128	0.0130143	0.0304318	0.00767168	0.137933	0.00106803	0.0208164	0.0188039	0.248566	0.236132	0.0284114	0.000853537	0.00162199
139	0.0207755	0.00433036	0.000756567	0.000858871	0.000766832	0.000820555	0.00081844	0.191728	0.000831456	0.168716	0.03442	0.000768933	0.000528836	0.000987378	0.000937891	0.00158294	0.00848727	0.560881	0.00034673	0.00065584
140	0.0240217	0.0314634	0.00399575	0.00420153	0.264596	0.0120154	0.0230378	0.0611338	0.00629463	0.212055	0.0518765	0.00438502	0.00283918	0.0105596	0.00825303	0.0143986	0.0119016	0.0360115	0.0133652	0.203595
141	0.0949532	0.0217369	0.0282671	0.0348885	0.0131492	0.0273605	0.025015	0.0301779	0.0231328	0.0407592	0.0217233	0.0618955	0.024312	0.0281795	0.0415105	0.115206	0.296953	0.0484301	0.00700901	0.0153412
142	0.0952992	0.0214578	0.00498869	0.00780845	0.0128106	0.0118638	0.0119392	0.178456	0.00796258	0.062019	0.0251351	0.00824485	0.005367	0.00830047	0.0146167	0.0578643	0.119055	0.327252	0.0031585	0.0163999
143	0.0536587	0.0130005	0.0338769	0.0586412	0.0260993	0.025215	0.191157	0.0271324	0.0549702	0.0397743	0.0225007	0.0723637	0.0155048	0.0609586	0.115357	0.0614688	0.0471742	0.0338121	0.0115377	0.0357968
144	0.0793232	0.0232184	0.0238789	0.0322242	0.0145344	0.0256553	0.0214147	0.0277397	0.0215274	0.0459922	0.0194397	0.0556271	0.0224164	0.0232823	0.0348092	0.100204	0.36082	0.0433048	0.00612566	0.0184628
145	0.319629	0.0154557	0.0151828	0.0316771	0.00695642	0.0221691	0.00939234	0.00883838	0.011263	0.0148752	0.00971994	0.00776477	0.209659	0.0164743	0.0147146	0.193852	0.0712092	0.0131504	0.00276425	0.00525324
146	0.0372958	0.0107763	0.00245868	0.00525762	0.032794	0.004831	0.00539878	0.173982	0.00620517	0.310782	0.0416536	0.00409507	0.00394083	0.00854191	0.0097489	0.0105432	0.0203747	0.299837	0.00227746	0.00920542
147	0.244456	0.00367693	0.0360186	0.0753149	0.00452378	0.0192707	0.0101946	0.0236555	0.0159928	0.0155661	0.0272803	0.00969496	0.247998	0.0363193	0.0288104	0.155235	0.0308262	0.00808374	0.00273589	0.0043466
148	0.362293	0.0257092	0.00746397	0.014305	0.0134953	0.0382983	0.00755072	0.0766546	0.00861466	0.067068	0.0333157	0.00707176	0.0103074	0.0106509	0.0128369	0.0705772	0.0430471	0.178897	0.00362221	0.00822102
149	0.135496	0.0149073	0.00303555	0.00333915	0.00112584	0.765259	0.00133134	0.0029389	0.00176674	0.00879333	0.0069741	0.00170105	0.0026037	0.00288813	0.00558258	0.0253575	0.00638149	0.00812557	0.00103588	0.00135664
150	0.0162772	0.00637587	0.00664277	0.0086892	0.106906	0.00778005	0.242017	0.064059	0.00617958	0.0115225	0.0076941	0.371087	0.00426013	0.0191558	0.00720471	0.0116164	0.0534231	0.0389272	0.00291607	0.0072668
151	0.0126396	0.00426276	0.569156	0.11813	0.00148164	0.0445874	0.0111011	0.00443914	0.00974616	0.0028057	0.00292	0.134581	0.00295717	0.0176316	0.0111267	0.0283158	0.0146719	0.00360739	0.000782826	0.00505699
152	0.0544783	0.00654323	0.00220037	0.0123299	0.0289016	0.00677452	0.0803709	0.107397	0.035615	0.0401476	0.0282709	0.0149856	0.00176938	0.0147424	0.0660687	0.0379655	0.0611013	0.334364	0.0129531	0.0530209
153	0.00816173	0.00586061	0.00333881	0.00252095	0.44781	0.00479211	0.00525154	0.00689151	0.0032307	0.0145711	0.00630864	0.00255551	0.0014739	0.00398813	0.00333423	0.00533554	0.00492466	0.00535151	0.00626838	0.458031
154	0.0879095	0.00243422	0.16303	0.109657	0.00306596	0.0496611	0.00313597	0.00463462	0.00617297	0.00719979	0.00422599	0.0331368	0.300921	0.0104716	0.00480121	0.133035	0.0683474	0.00445973	0.00125528	0.00244422
155	0.0172136	0.00922302	0.000315805	0.000424533	0.0315959	0.000424876	0.000478081	0.142432	0.000351299	0.529087	0.0373562	0.000519941	0.00173756	0.000625492	0.000485916	0.00579039	0.00637106	0.214873	0.000228793	0.000465237
156	0.011371	0.00421726	0.00028597	0.0004031	0.101051	0.000347261	0.00308188	0.0919642	0.00315576	0.576697	0.125981	0.00156567	0.000307681	0.0017812	0.000402264	0.00125356	0.00493245	0.0481434	0.00621603	0.0168422
157	0.111862	0.00537973	0.0435643	0.100719	0.00219369	0.215353	0.0189477	0.00301487	0.0908626	0.0272586	0.00763168	0.0618238	0.0180965	0.0616398	0.108102	0.0724002	0.0308933	0.00513088	0.00208711	0.0130399
158	0.0113304	0.00420145	0.0002861	0.000403446	0.100702	0.000346618	0.00307448	0.0917293	0.00315419	0.577745	0.125824	0.00155981	0.000306537	0.00177261	0.000405083	0.00124954	0.00490874	0.0479762	0.00620108	0.0168229
159	0.162601	0.0145826	0.00396573	0.00463064	0.00131025	0.738509	0.00174996	0.00188433	0.00275496	0.00564918	0.00466037	0.00254192	0.0025195	0.00307912	0.0065662	0.0289963	0.00678199	0.00460781	0.000487136	0.00212239
160	0.071555	0.0105106	0.0204646	0.034916	0.0185444	0.0117913	0.0548874	0.0317153	0.133897	0.0292749	0.00926299	0.0132422	0.00393432	0.0773669	0.287035	0.060105	0.0476468	0.0450462	0.0132085	0.0255959
161	0.104832	0.0212354	0.0230864	0.0363667	0.0273978	0.0311345	0.0285931	0.0551179	0.0288287	0.0865574	0.171022	0.0261442	0.0245865	0.034195	0.0469765	0.125158	0.0497866	0.0468248	0.00922885	0.0229284
162	0.38836	0.0287783	0.00172426	0.0128225	0.00689841	0.00407422	0.00149659	0.00141537	0.00119533	0.00258309	0.00140787	0.00141266	0.0348926	0.00162101	0.00179074	0.293991	0.198957	0.0146203	0.000604827	0.00135424
163	0.0530087	0.00735304	0.00119662	0.00630452	0.0360715	0.00751985	0.0658442	0.122447	0.019524	0.0385098	0.0312915	0.018797	0.00115429	0.0138378	0.0182609	0.0381179	0.0666374	0.385146	0.0170425	0.0519346
164	0.0132272	0.00766819	0.000368337	0.000562471	0.104809	0.000448577	0.00307129	0.0873449	0.00306857	0.575871	0.122899	0.00151029	0.000373991	0.00181382	0.000573898	0.00146289	0.00510963	0.0479115	0.00596278	0.0159431
165	0.119859	0.03744	0.00766217	0.00582339	0.003492	0.695688	0.00257386	0.00388644	0.00319785	0.00815669	0.00667281	0.00362746	0.00300895	0.00349694	0.00710375	0.0647075	0.010859	0.00731034	0.00191229	0.00352138
166	0.011371	0.00421726	0.00028597	0.0004031	0.101051	0.000347261	0.00308188	0.0919642	0.00315576	0.576697	0.125981	0.00156567	0.000307681	0.0017812	0.000402264	0.00125356	0.00493245	0.0481434	0.00621603	0.0168422
167	0.00802365	0.000652376	0.000733315	0.0075754	0.000798399	0.00416898	0.0466003	0.00432252	0.239389	0.00785601	0.0115666	0.0207557	0.000515703	0.0347657	0.550194	0.0329592	0.0180628	0.0010393	0.00433354	0.00568751
168	0.0591051	0.0156192	0.00695214	0.0100282	0.018546	0.010401	0.0112575	0.206118	0.011854	0.134196	0.0303556	0.0100634	0.00627044	0.0131443	0.0167306	0.0251379	0.0381956	0.356582	0.00461006	0.0148334
169	0.56195	0.0239997	0.00137548	0.00669752	0.00337443	0.0213059	0.00139547	0.00140001	0.0010388	0.00213232	0.00153979	0.00104835	0.0219706	0.00281164	0.00177759	0.248548	0.0814431	0.0130068	0.000552434	0.00263185
170	0.0881614	0.00619327	0.0071702	0.0833185	0.00326621	0.00384492	0.00813509	0.00520609	0.303258	0.0329061	0.00574956	0.0148934	0.00213062	0.165265	0.203973	0.0131703	0.017192	0.00699199	0.015873	0.0133018
171	0.0539437	0.00318763	0.0126593	0.0290252	0.0072934	0.00526064	0.00572967	0.168184	0.0735612	0.340125	0.0222921	0.00529032	0.0262769	0.0227677	0.0968621	0.0113471	0.026097	0.0815195	0.00379931	0.00477856
172	0.0202304	0.00991122	0.0471761	0.027865	0.0440457	0.0127256	0.213215	0.0287026	0.0111293	0.0128757	0.00825688	0.337091	0.00786529	0.0501452	0.0231429	0.0375004	0.0668806	0.0253601	0.00369574	0.0121848
173	0.127912	0.0158799	0.0370247	0.0923228	0.00604896	0.121883	0.0274386	0.00984885	0.0991348	0.0458691	0.0103544	0.0433295	0.012675	0.0753062	0.122723	0.0741897	0.035337	0.0155855	0.00851449	0.0186226
174	0.0649923	0.0028247	0.0739022	0.230493	0.00748183	0.0252858	0.0478995	0.00932985	0.0907668	0.0112033	0.00767141	0.0551779	0.00150906	0.124356	0.112006	0.0646139	0.0294975	0.0197408	0.00765896	0.0135886
175	0.0623908	0.0147097	0.00192593	0.00448212	0.0106269	0.00316818	0.00512409	0.245328	0.00286271	0.0400969	0.0178021	0.00485501	0.00132549	0.00678224	0.00807163	0.0242275	0.0868216	0.447359	0.00304646	0.00899455
176	0.380558	0.0249418	0.00166813	0.0160939	0.0057194	0.00423588	0.00172128	0.00177946	0.0012817	0.00251442	0.00156178	0.00139585	0.028767	0.00169054	0.00211971	0.304902	0.201981	0.0147382	0.000676815	0.00165303
177	0.0324265	0.00129537	0.00293532	0.0354214	0.00293195	0.00172778	0.043308	0.00261696	0.171314	0.0114476	0.00788458	0.0151568	0.00178482	0.086549	0.46383	0.078286	0.0266796	0.00318582	0.00251883	0.00869948
178	0.0649324	0.00279563	0.0740849	0.230537	0.0075025	0.0253409	0.0475954	0.00924329	0.0913195	0.0112505	0.00770664	0.0553511	0.00129881	0.124611	0.111852	0.0648747	0.0290012	0.0194065	0.00763491	0.0136612
179	0.0193622	0.0108698	0.00172949	0.0152442	0.00405218	0.00195975	0.00219835	0.344144	0.00381451	0.183453	0.313727	0.00241752	0.00298386	0.0274664	0.00578601	0.00629633	0.0162862	0.0311775	0.00284602	0.00418552
180	0.0466393	0.0383737	0.00587313	0.0380905	0.398511	0.00742667	0.0198405	0.0203479	0.00565853	0.0603584	0.00929965	0.00649305	0.00476845	0.00748083	0.00852992	0.0913066	0.0102089	0.0125209	0.18487	0.0234016
181	0.189591	0.0208751	0.0182806	0.0299743	0.0138612	0.0274911	0.0742988	0.0248554	0.0208091	0.0375196	0.0181212	0.0203608	0.24235	0.024304	0.0303533	0.0562218	0.0377907	0.0835144	0.00753699	0.0218905
182	0.0221522	0.00408394	0.000804371	0.00102861	0.00773825	0.00109291	0.00121719	0.364867	0.00123386	0.119237	0.0348853	0.0020368	0.000738619	0.00116889	0.00296516	0.00322045	0.0108086	0.417604	0.000989122	0.00212732
183	0.052248	0.0039212	0.0832077	0.0582942	0.0299206	0.424349	0.00335102	0.00507007	0.00271664	0.00617982	0.00367122	0.00378818	0.00220134	0.00449232	0.0181895	0.137182	0.122879	0.0199718	0.0015067	0.0168596
184	0.129767	0.00328591	0.00398969	0.00517277	0.00394421	0.0409262	0.205501	0.00549419	0.00404555	0.00738981	0.00537112	0.00423167	0.0230329	0.00480867	0.00521547	0.2867	0.007985	0.00638984	0.0206361	0.226112
185	0.00486078	0.000503709	0.000527757	0.000744478	0.014356	0.000529222	0.00060423	0.528403	0.00065088	0.0334344	0.0218865	0.0030432	0.000401278	0.000873404	0.00307889	0.00101985	0.00318196	0.380489	0.00028169	0.0011297
186	0.0933789	0.0214826	0.0269831	0.0331216	0.0118632	0.0258197	0.0215828	0.0315003	0.025187	0.0431368	0.0210158	0.0617811	0.0223359	0.0249619	0.0405141	0.11259	0.323406	0.0387734	0.00693282	0.0136333
187	0.0401246	0.0129615	0.144262	0.0604339	0.0199796	0.0458961	0.0640671	0.0220567	0.0278136	0.0230461	0.0133708	0.237339	0.0166213	0.0438263	0.0377163	0.0700725	0.0735142	0.0265457	0.00527765	0.0150752
188	0.0860547	0.0154608	0.00670919	0.00530962	0.00311975	0.793985	0.00253141	0.00231046	0.0026094	0.00816883	0.00572456	0.00578418	0.00223315	0.00432869	0.00734305	0.0263525	0.0114798	0.00404509	0.00076625	0.00568313
189	0.0115172	0.00165101	0.000604122	0.00137787	0.0133422	0.00077334	0.000694208	0.490201	0.000931526	0.0373518	0.0211601	0.00293084	0.000462524	0.00205626	0.00310722	0.00301015	0.0108439	0.395657	0.000425307	0.00190185
190	0.0537641	0.0150864	0.0364598	0.0526231	0.0317745	0.0344664	0.224582	0.029314	0.0396915	0.0363004	0.0174824	0.0878067	0.0130588	0.0553834	0.089862	0.0618191	0.0431633	0.0292393	0.0140979	0.0340255
