344	20
1	0.058901	0.0018282	0.00433157	0.0370904	0.0226196	0.0239083	0.00594952	0.0765601	0.0979748	0.0599956	0.0737544	0.0204961	0.0199776	0.0379244	0.0867874	0.158554	0.143849	0.0191023	0.000770297	0.0496256
2	0.0317435	0.00437867	0.019069	0.0189219	0.00589508	0.0147081	0.0253236	0.00813166	0.0637739	0.0296573	0.00622901	0.163921	0.00263398	0.0100972	0.0140311	0.280487	0.275742	0.0149771	0.00091919	0.00935984
3	0.00446417	0.00057878	0.00107661	0.00137739	0.00557294	0.000859149	0.00155578	0.54407	0.00163349	0.0488917	0.00934629	0.00176587	0.000598775	0.00162126	0.00300709	0.00214711	0.00862841	0.360294	0.00163768	0.000873045
4	0.0113103	0.00431869	0.00111698	0.00672739	0.0392877	0.000767433	0.00405183	0.146794	0.00579157	0.459639	0.186055	0.00296334	0.00103151	0.0108581	0.00264381	0.00466478	0.009173	0.0680728	0.00378612	0.0309473
5	0.0318074	0.00114394	0.128062	0.6045	0.000673007	0.00124798	0.00813198	0.00116565	0.039658	0.0011822	0.000780195	0.0325145	0.000490866	0.0935006	0.0151618	0.0249282	0.00937902	0.00124499	0.000230111	0.00419693
6	0.280549	0.0652908	0.0024447	0.0024334	0.00980831	0.00570929	0.00834549	0.165579	0.00198763	0.0988046	0.0280381	0.00374566	0.000965444	0.00186668	0.00379334	0.0235084	0.051065	0.243274	0.00043071	0.00236011
7	0.333913	0.123496	0.00314317	0.0021903	0.0101847	0.0111819	0.0042351	0.137743	0.00304077	0.0773777	0.0424002	0.00345527	0.00091398	0.00184763	0.00269985	0.0178843	0.0116332	0.210956	0.000445028	0.00125839
8	0.0350587	0.000351492	0.0183382	0.0730102	0.000691154	0.00709572	0.0118254	0.00701419	0.259281	0.0336864	0.0154151	0.0199561	0.00102154	0.0218664	0.443843	0.0280399	0.0128886	0.00916624	0.000195262	0.00125575
9	0.0248491	0.00849815	0.156407	0.189538	0.0200883	0.0309124	0.108577	0.00500321	0.07071	0.0119042	0.0123622	0.137443	0.0101484	0.0575326	0.054173	0.0422489	0.013455	0.00341058	0.000588473	0.0421515
10	0.00888573	0.000952753	0.00100053	0.00135102	0.010229	0.000923079	0.00785985	0.467011	0.00878835	0.117037	0.0662481	0.00586614	0.00295672	0.0010966	0.00938121	0.00172121	0.0157684	0.266462	0.00190363	0.00455797
11	0.0105221	0.000801669	0.00307124	0.00552389	0.00113582	0.00768709	0.0168617	0.00635056	0.0209675	0.00678798	0.00162451	0.012469	0.826162	0.00737686	0.00237515	0.0439839	0.0128839	0.00644684	0.000259805	0.00670898
12	0.0713333	0.00233989	0.0148937	0.0255766	0.00693775	0.0135058	0.0768044	0.00880393	0.0349947	0.007328	0.00693788	0.117658	0.00220076	0.0236029	0.0161288	0.218997	0.28433	0.0431728	0.000618436	0.0238361
13	0.0120258	0.00236745	0.00121624	0.00817751	0.115138	0.00149352	0.00213467	0.0714575	0.0100668	0.597828	0.0637985	0.00232239	0.00173689	0.00464856	0.00763832	0.00527344	0.0096757	0.0480368	0.0130898	0.0218739
14	0.000896082	0.983378	0.000430234	0.00222806	0.00031409	0.00043769	0.000394551	0.000539236	0.00410939	0.000588319	0.000388751	0.000495947	0.000223918	0.000479092	0.000520543	0.00283046	0.000687132	0.000609026	0.000115307	0.000334185
15	0.00758039	0.00140012	0.00259298	0.0303078	0.0674097	0.00605112	0.0966865	0.00603831	0.0193635	0.00614742	0.00436471	0.0449984	0.00147306	0.0177178	0.00802187	0.0209828	0.00859016	0.00447201	0.0164628	0.629339
16	0.0165773	0.0014888	0.00148949	0.0112866	0.0798752	0.00165208	0.036241	0.055933	0.00315368	0.436078	0.215433	0.01263	0.000774589	0.0335352	0.00255759	0.0122576	0.0166693	0.0192922	0.00143451	0.0416408
17	0.0525201	0.00157221	0.0746113	0.189014	0.00146171	0.00941958	0.0289488	0.00503505	0.207345	0.00781228	0.00525037	0.026499	0.27638	0.0161863	0.0514662	0.0301854	0.00715677	0.00590435	0.000514376	0.00271704
18	0.0304567	0.0210031	0.161775	0.282301	0.00449337	0.169737	0.0543048	0.0232581	0.0269461	0.0297478	0.0390041	0.0684639	0.00271631	0.00849668	0.0258855	0.0114568	0.010479	0.0234894	0.000849103	0.0051365
19	0.0266684	0.00832097	0.00237455	0.00555573	0.0452824	0.000470743	0.00157123	0.165455	0.00819701	0.489941	0.0414427	0.000745623	0.00514195	0.00771655	0.00161275	0.00449031	0.00665503	0.165815	0.0017412	0.0108014
20	0.090745	0.0379603	0.0182136	0.00516395	0.0929361	0.00557762	0.0344698	0.0945965	0.0464817	0.0431548	0.00543896	0.0244196	0.0898843	0.0039566	0.0250118	0.0267429	0.166603	0.122228	0.0156397	0.0507759
21	0.227343	0.0011228	0.00625697	0.00692318	0.00113702	0.658496	0.00120929	0.00163484	0.00377622	0.00423819	0.00264967	0.017193	0.000562345	0.00224621	0.00286513	0.0510093	0.00684993	0.00324003	0.0004337	0.000812954
22	0.297421	0.0253462	0.00684651	0.0211764	0.0013125	0.038372	0.00191394	0.0277908	0.0191059	0.00649755	0.0052152	0.057041	0.00345843	0.011719	0.0169666	0.33764	0.0527296	0.0679552	0.000393177	0.0010993
23	0.000896082	0.983378	0.000430234	0.00222806	0.00031409	0.00043769	0.000394551	0.000539236	0.00410939	0.000588319	0.000388751	0.000495947	0.000223918	0.000479092	0.000520543	0.00283046	0.000687132	0.000609026	0.000115307	0.000334185
24	0.0348134	0.00688841	0.0286232	0.0191531	0.0153235	0.447956	0.0127669	0.00818009	0.0698776	0.0240387	0.0185977	0.112639	0.00525522	0.0317701	0.0968134	0.0232265	0.0183771	0.0119363	0.00221085	0.011553
25	0.00651994	0.00851612	0.00134637	0.00145908	0.0073488	0.000782189	0.000868751	0.23268	0.00588073	0.377251	0.24791	0.000993492	0.000484313	0.00607244	0.00155325	0.00156782	0.0104665	0.084866	0.00023304	0.00320101
26	0.000896082	0.983378	0.000430234	0.00222806	0.00031409	0.00043769	0.000394551	0.000539236	0.00410939	0.000588319	0.000388751	0.000495947	0.000223918	0.000479092	0.000520543	0.00283046	0.000687132	0.000609026	0.000115307	0.000334185
27	0.0488894	0.0134963	0.0169481	0.0283866	0.0112688	0.00125808	0.0102139	0.0967593	0.0200043	0.221557	0.127991	0.00161497	0.0057825	0.0343158	0.0108523	0.017865	0.0220313	0.304945	0.00027083	0.00554917
28	0.0791201	0.0328286	0.00340632	0.00495306	0.0105787	0.00577146	0.00241736	0.156445	0.00320951	0.0750865	0.0431659	0.00280643	0.00123897	0.00497993	0.00327903	0.0101197	0.0158601	0.541263	0.000219057	0.00325209
29	0.0328882	0.0011867	0.132132	0.584149	0.000677385	0.00206142	0.00866215	0.00139709	0.0435485	0.00137939	0.000822828	0.0360768	0.000535309	0.0909841	0.0175487	0.0282617	0.0116802	0.00157529	0.000233552	0.00419987
30	0.0402569	0.00361193	0.00962825	0.0150951	0.00151436	0.00366014	0.000862039	0.365556	0.00104632	0.0474298	0.0203579	0.00654254	0.000708576	0.0167745	0.00120224	0.0157623	0.00498263	0.444136	0.000292782	0.000579855
31	0.0200185	0.00509246	0.000939684	0.00327078	0.0464054	0.000411563	0.000705788	0.197038	0.00867752	0.508025	0.0353394	0.00110982	0.00447087	0.00298779	0.00189433	0.00239369	0.00600256	0.129897	0.00461897	0.0207007
32	0.0522767	0.0135198	0.0218556	0.0305422	0.0134004	0.00141445	0.0131607	0.0997526	0.0220571	0.192629	0.111473	0.00186741	0.00781825	0.0389125	0.0141077	0.020289	0.0239711	0.31532	0.000282049	0.0053503
33	0.164817	0.0048216	0.00314672	0.00505938	0.0312238	0.0265682	0.0169501	0.00481006	0.00712552	0.0483938	0.0156826	0.0339035	0.217571	0.00431898	0.0633315	0.094664	0.208436	0.0307057	0.000973015	0.0174972
34	0.521495	0.00156663	0.00310861	0.00687959	0.00129305	0.0130065	0.00148453	0.00263135	0.00403642	0.00210866	0.00178328	0.00669386	0.00344241	0.0039696	0.00467835	0.401657	0.0126	0.00593191	0.000451211	0.00118285
35	0.000896082	0.983378	0.000430234	0.00222806	0.00031409	0.00043769	0.000394551	0.000539236	0.00410939	0.000588319	0.000388751	0.000495947	0.000223918	0.000479092	0.000520543	0.00283046	0.000687132	0.000609026	0.000115307	0.000334185
36	0.216387	0.053322	0.00227958	0.0135014	0.001406	0.0326831	0.00183095	0.0364625	0.0138087	0.0100047	0.00951457	0.0681823	0.00115987	0.00585528	0.0140989	0.313883	0.0794	0.124664	0.000442311	0.00111334
37	0.0278346	0.0108508	0.273392	0.27745	0.00110852	0.0274023	0.00144076	0.00182403	0.0367027	0.0018757	0.00121133	0.0548317	0.182235	0.0176025	0.00669361	0.0427252	0.0315118	0.0020316	0.000256371	0.00101964
38	0.0241059	0.00120368	0.0449996	0.0265048	0.00260827	0.692982	0.00400821	0.00279327	0.0649661	0.0085193	0.00302854	0.0601998	0.00881015	0.0106704	0.01219	0.00465711	0.00391374	0.00306664	0.00038491	0.0203873
39	0.00665074	0.00750409	0.00120018	0.00227828	0.0109837	0.000882709	0.00223037	0.202379	0.00830134	0.388556	0.264196	0.00169839	0.000586272	0.0130287	0.00125185	0.00213779	0.00957879	0.0711256	0.000344397	0.00508571
40	0.04174	0.00167836	0.0271282	0.243847	0.00223654	0.0151691	0.00254972	0.0379123	0.193971	0.00399085	0.014083	0.0502148	0.00167064	0.00264865	0.0371975	0.0461153	0.00480957	0.270344	0.000703117	0.00199079
41	0.00220337	0.000475094	0.000739429	0.00114795	0.00507705	0.000848817	0.0007244	0.574926	0.000989668	0.035113	0.00247285	0.000999116	0.000334073	0.000862818	0.00205678	0.0016025	0.00858274	0.358788	0.00139845	0.000658082
42	0.00776211	0.00618881	0.0119907	0.00451018	0.0542847	0.00233901	0.0711509	0.0511992	0.161085	0.0289148	0.00201392	0.0889821	0.00121415	0.0608415	0.226559	0.0523987	0.0357704	0.0270903	0.0166171	0.0890875
43	0.0216401	0.00280185	0.00564454	0.009969	0.00405765	0.00415488	0.00503763	0.018518	0.00875837	0.00873355	0.00426911	0.0149661	0.00323623	0.00619448	0.00626339	0.175344	0.624953	0.0625775	0.000376812	0.012504
44	0.044537	0.0201598	0.0753788	0.0443561	0.0249971	0.0261931	0.201187	0.00331745	0.0275474	0.00619049	0.00794827	0.286591	0.00181477	0.0357996	0.0631763	0.0986432	0.00599872	0.00461535	0.0158752	0.00567274
45	0.0122597	0.000663091	0.00604302	0.00158832	0.000932778	0.00112329	0.00136059	0.00222873	0.00207926	0.00182621	0.00129753	0.0120557	0.000529006	0.00131801	0.00145076	0.292543	0.636737	0.0166734	0.000298477	0.00699136
46	0.122654	0.00195812	0.0463477	0.176087	0.000880285	0.0313838	0.0040413	0.0104903	0.0898798	0.0222252	0.010953	0.0166507	0.324083	0.0182808	0.0347657	0.0576965	0.0140931	0.013127	0.000239957	0.00416257
47	0.0350587	0.000351492	0.0183382	0.0730102	0.000691154	0.00709572	0.0118254	0.00701419	0.259281	0.0336864	0.0154151	0.0199561	0.00102154	0.0218664	0.443843	0.0280399	0.0128886	0.00916624	0.000195262	0.00125575
48	0.212095	0.0115912	0.00192856	0.00229274	0.00886358	0.00459841	0.00268666	0.215977	0.00141637	0.0868912	0.011745	0.00441209	0.00129196	0.00179967	0.00489571	0.0403347	0.0935287	0.291942	0.000321977	0.00138716
49	0.020791	0.00567213	0.000423791	0.00227096	0.0451745	0.000466833	0.00149689	0.198785	0.00678289	0.472495	0.0374899	0.00151874	0.0043153	0.00185512	0.00157363	0.00229816	0.00531579	0.179731	0.00187452	0.0096696
50	0.038403	0.00125187	0.121658	0.581656	0.000714657	0.00197177	0.00832186	0.00164194	0.0445484	0.00150713	0.000928444	0.0340671	0.000730251	0.0967703	0.0190956	0.0303184	0.0100878	0.00204761	0.00025145	0.0040279
51	0.0308771	0.00212524	0.00274189	0.0317277	0.0837942	0.00358092	0.00332355	0.0426188	0.0344113	0.497056	0.13532	0.00456592	0.00151527	0.00579168	0.015661	0.0196047	0.0176661	0.0122398	0.0280951	0.0272841
52	0.00635359	0.000910917	0.0029025	0.00316744	0.00181699	0.000671694	0.00266248	0.276731	0.00133791	0.608738	0.0383289	0.00099672	0.00038506	0.00116972	0.00554068	0.00147704	0.0148357	0.0304037	0.000376041	0.0011934
53	0.0070989	0.00707038	0.00136277	0.00346083	0.0169128	0.000787485	0.00260575	0.179948	0.00864714	0.407346	0.257626	0.00174948	0.000498305	0.0134196	0.00155606	0.00252659	0.00916247	0.0682333	0.00121542	0.00877325
54	0.416924	0.00353304	0.017659	0.0338982	0.00177405	0.0201451	0.00375512	0.00898932	0.0216473	0.0045141	0.00250488	0.0318074	0.00724715	0.0112261	0.0138743	0.34047	0.0388428	0.0187778	0.000511256	0.00189876
55	0.0436323	0.00226687	0.252417	0.150384	0.000537992	0.0119149	0.0155008	0.00228564	0.111369	0.00172551	0.00189751	0.138339	0.00215201	0.0317699	0.0608028	0.100052	0.0647461	0.00537451	0.00016474	0.00266679
56	0.0332429	0.00628147	0.0293152	0.0721812	0.0124389	0.0250944	0.458387	0.0178602	0.0428176	0.0218519	0.0326348	0.0448854	0.0192686	0.0336236	0.0323573	0.0441309	0.0314156	0.0185767	0.00406476	0.0195715
57	0.0295381	0.0126872	0.161943	0.184371	0.0175929	0.0385824	0.0953186	0.00783697	0.0602364	0.0148605	0.0110834	0.150557	0.0164375	0.05382	0.0414435	0.0429814	0.0156852	0.00758987	0.000423169	0.0370116
58	0.037223	0.000454616	0.307075	0.168571	0.000524242	0.0102154	0.0123091	0.00217794	0.112989	0.000864046	0.00187818	0.108636	0.00235957	0.0328259	0.0578655	0.080935	0.0564805	0.00296687	0.000207028	0.00344256
59	0.000896082	0.983378	0.000430234	0.00222806	0.00031409	0.00043769	0.000394551	0.000539236	0.00410939	0.000588319	0.000388751	0.000495947	0.000223918	0.000479092	0.000520543	0.00283046	0.000687132	0.000609026	0.000115307	0.000334185
60	0.101194	0.0053336	0.00410887	0.0111707	0.0492399	0.0287793	0.0116094	0.0125854	0.00717104	0.0587672	0.0455152	0.0600411	0.191101	0.00752206	0.0550769	0.058739	0.210809	0.0384573	0.00160632	0.0411729
61	0.0460072	0.0013141	0.00162677	0.00371212	0.0155628	0.0198896	0.0153554	0.0512783	0.0625265	0.0232685	0.0204479	0.0219195	0.00825825	0.033772	0.0420937	0.11308	0.380462	0.0754273	0.000489537	0.0635087
62	0.000896082	0.983378	0.000430234	0.00222806	0.00031409	0.00043769	0.000394551	0.000539236	0.00410939	0.000588319	0.000388751	0.000495947	0.000223918	0.000479092	0.000520543	0.00283046	0.000687132	0.000609026	0.000115307	0.000334185
63	0.124916	0.00132548	0.0816034	0.0949073	0.023245	0.0425158	0.00152902	0.0739784	0.030407	0.0109043	0.0215127	0.0282713	0.121772	0.00969954	0.0226975	0.0935652	0.0414715	0.143851	0.000474018	0.0313535
64	0.0375495	0.000602452	0.0134184	0.0506615	0.00105173	0.00532552	0.0115615	0.00630481	0.309236	0.0257713	0.0154377	0.0317594	0.00109514	0.0191686	0.417006	0.0295002	0.0114519	0.0107396	0.000261873	0.00209762
65	0.0470633	0.0115878	0.0450187	0.0258315	0.00431646	0.0240268	0.0568295	0.00225308	0.0333776	0.00549781	0.00209507	0.277682	0.00120295	0.0110431	0.0282414	0.334482	0.0747227	0.00929329	0.000820536	0.00461462
66	0.0700348	0.000327923	0.0802319	0.20334	0.00239181	0.0173321	0.0196187	0.0107629	0.240722	0.00601734	0.00594409	0.0267167	0.00843339	0.0955424	0.123249	0.0364612	0.0344384	0.015369	0.00015525	0.00291171
67	0.0110445	0.00256233	0.00134847	0.00762064	0.201756	0.00162388	0.00295536	0.0533258	0.00892598	0.531425	0.064542	0.00309117	0.00133297	0.00547833	0.00723985	0.00582165	0.0108123	0.0401822	0.013845	0.0250663
68	0.0327945	0.00119728	0.00583571	0.045176	0.00314499	0.00548941	0.0189748	0.00650614	0.224888	0.0663733	0.0674263	0.00865127	0.00729758	0.0838709	0.343468	0.0211676	0.0253698	0.022185	0.000506236	0.00967758
69	0.0463929	0.000305855	0.243851	0.155821	0.000741465	0.0119959	0.0139625	0.00372192	0.159175	0.00143072	0.00332225	0.0939063	0.00370998	0.0454628	0.0795404	0.0711805	0.0589634	0.00423913	0.00012384	0.00215427
70	0.0214251	0.00563588	0.000490062	0.0026296	0.0487805	0.000373842	0.000430292	0.186864	0.00760821	0.522791	0.0328077	0.000783086	0.0042912	0.00210727	0.000811818	0.00242775	0.00417593	0.139764	0.00259423	0.0132084
71	0.223832	0.065869	0.00286767	0.0104515	0.00181243	0.0274613	0.00301605	0.0334843	0.0111715	0.0102504	0.00951036	0.0482138	0.001224	0.00497854	0.0119105	0.311761	0.0771526	0.142703	0.0005252	0.00180477
72	0.00697242	0.000897675	0.646454	0.071197	0.00131457	0.00162859	0.00174035	0.00210328	0.0221699	0.00216916	0.00167245	0.179293	0.000796187	0.0113219	0.00599938	0.0356849	0.00401547	0.00241141	0.000381473	0.00177709
73	0.063004	0.00172998	0.00918672	0.0374475	0.0468888	0.0434877	0.0075924	0.0256701	0.01903	0.0795822	0.119154	0.103507	0.0682278	0.029966	0.0631343	0.10734	0.0977073	0.0218521	0.000785046	0.0547063
74	0.05018	0.00660718	0.0602489	0.0398742	0.0017125	0.0278324	0.0405604	0.00198502	0.0318806	0.0045523	0.00158185	0.230562	0.00115726	0.0127005	0.0271264	0.3168	0.128132	0.0123801	0.000326654	0.00379918
75	0.0247439	0.00188735	0.0133302	0.0399899	0.00536198	0.00600315	0.016139	0.0205111	0.344242	0.0325246	0.011178	0.0329493	0.00127444	0.0239964	0.361474	0.0256235	0.0163822	0.0140744	0.00159413	0.00672056
76	0.000896082	0.983378	0.000430234	0.00222806	0.00031409	0.00043769	0.000394551	0.000539236	0.00410939	0.000588319	0.000388751	0.000495947	0.000223918	0.000479092	0.000520543	0.00283046	0.000687132	0.000609026	0.000115307	0.000334185
77	0.00272238	0.00054296	0.000800549	0.00132335	0.00444147	0.00114279	0.000908231	0.621803	0.00131939	0.0304207	0.00365343	0.00116582	0.000429892	0.000949267	0.00185079	0.00181412	0.0095064	0.313302	0.00107927	0.000824468
78	0.0221667	0.00121438	0.0267368	0.0486088	0.0181146	0.0104097	0.0187724	0.058866	0.301665	0.187971	0.0126072	0.0331701	0.00109139	0.0196068	0.130797	0.00352741	0.0283587	0.0745832	0.000522061	0.0012114
79	0.000896082	0.983378	0.000430234	0.00222806	0.00031409	0.00043769	0.000394551	0.000539236	0.00410939	0.000588319	0.000388751	0.000495947	0.000223918	0.000479092	0.000520543	0.00283046	0.000687132	0.000609026	0.000115307	0.000334185
80	0.0179744	0.00430674	0.0130616	0.0118833	0.0326352	0.359133	0.00571237	0.00836696	0.161926	0.036959	0.0329709	0.0788602	0.00394957	0.0879331	0.102434	0.0118379	0.0109219	0.00954033	0.00133158	0.00826231
81	0.043317	0.0689463	0.109839	0.0449395	0.0146861	0.100986	0.0259953	0.0211601	0.0299245	0.142061	0.0208794	0.104261	0.00856157	0.0206947	0.13505	0.0379103	0.0269025	0.0258346	0.0039627	0.0140885
82	0.00297486	0.973251	0.000494293	0.00428207	0.000316255	0.000739895	0.000408703	0.000786541	0.00416439	0.000858273	0.000788195	0.0010276	0.00032888	0.000663117	0.000644117	0.00509824	0.00132417	0.00138737	0.000118303	0.000343935
83	0.0383081	0.00240609	0.00641411	0.0219021	0.00319424	0.00666051	0.00101349	0.313918	0.00139276	0.0331281	0.0133683	0.00456653	0.000600438	0.0110936	0.00176413	0.0100951	0.00535642	0.523281	0.000253475	0.00128342
84	0.164559	0.00328825	0.0871212	0.118081	0.00263433	0.0315893	0.0111354	0.0209984	0.0902793	0.0130137	0.00251658	0.09032	0.00232088	0.0560477	0.0708926	0.153079	0.0554358	0.0243424	0.000521887	0.00182266
85	0.197104	0.00250445	0.00584427	0.0171767	0.019394	0.0034175	0.00248155	0.114417	0.00339946	0.00988324	0.100571	0.00794387	0.00713401	0.00361711	0.00338125	0.00822352	0.0804983	0.395007	0.000564411	0.0174363
86	0.000896082	0.983378	0.000430234	0.00222806	0.00031409	0.00043769	0.000394551	0.000539236	0.00410939	0.000588319	0.000388751	0.000495947	0.000223918	0.000479092	0.000520543	0.00283046	0.000687132	0.000609026	0.000115307	0.000334185
87	0.00926445	0.000665838	0.000924574	0.00115863	0.01308	0.00079555	0.0114224	0.4035	0.0128019	0.130791	0.0798265	0.00757896	0.00381953	0.00091475	0.0120072	0.00178647	0.0180645	0.283901	0.00182274	0.00587417
88	0.056692	0.0106333	0.0191482	0.0462858	0.013884	0.0162332	0.0154262	0.050322	0.0275047	0.0313424	0.0175165	0.0215138	0.0113372	0.14051	0.0221392	0.117672	0.176861	0.17976	0.00267136	0.0225466
89	0.0265157	0.00166177	0.0353112	0.108787	0.00353732	0.536056	0.0260176	0.00525828	0.0489699	0.00610318	0.00386261	0.057068	0.000647983	0.0160163	0.00274082	0.077407	0.0398434	0.00180317	0.00103462	0.00135836
90	0.0979929	0.0184587	0.00641452	0.00455192	0.00853457	0.00465484	0.00193893	0.288609	0.00173365	0.0789265	0.0367308	0.0095467	0.00410956	0.0045217	0.00257369	0.0299246	0.0929065	0.306026	0.000308282	0.00153597
91	0.0745706	0.0177102	0.0716687	0.0338818	0.0289167	0.227219	0.116783	0.00294971	0.0283551	0.00629041	0.019488	0.159727	0.00122037	0.0244344	0.0344454	0.118109	0.0127477	0.00346411	0.0134456	0.00457225
92	0.316838	0.0189294	0.00356777	0.0040163	0.00408672	0.00513237	0.00239936	0.214227	0.0020425	0.028797	0.010326	0.0113032	0.00117648	0.0048293	0.00268417	0.0200748	0.0211752	0.326009	0.000412449	0.00197288
93	0.0122044	0.000805964	0.00510556	0.00979929	0.0348891	0.00140069	0.0039836	0.215802	0.0184622	0.434354	0.0391591	0.00404102	0.00128205	0.00962174	0.0150791	0.00318824	0.0169557	0.0477701	0.0360495	0.0900462
94	0.104121	0.0152727	0.199916	0.0988747	0.0130882	0.0558331	0.00444335	0.0196394	0.0345893	0.0138938	0.00186264	0.185734	0.0336357	0.0290101	0.0148702	0.0588772	0.0605678	0.0532493	0.000427514	0.00209468
95	0.000896082	0.983378	0.000430234	0.00222806	0.00031409	0.00043769	0.000394551	0.000539236	0.00410939	0.000588319	0.000388751	0.000495947	0.000223918	0.000479092	0.000520543	0.00283046	0.000687132	0.000609026	0.000115307	0.000334185
96	0.153864	0.00838177	0.00332673	0.00292361	0.0115199	0.00449192	0.00162635	0.260879	0.00134896	0.0701236	0.0185278	0.0048238	0.00476744	0.00263301	0.00387766	0.0461629	0.153049	0.246033	0.000373665	0.00126614
97	0.0714087	0.00237816	0.0281974	0.0270528	0.0468087	0.0894309	0.0187057	0.00986671	0.0206944	0.104553	0.102066	0.126012	0.00784914	0.0493828	0.0320937	0.152784	0.0366018	0.00850063	0.000633681	0.0649799
98	0.000896082	0.983378	0.000430234	0.00222806	0.00031409	0.00043769	0.000394551	0.000539236	0.00410939	0.000588319	0.000388751	0.000495947	0.000223918	0.000479092	0.000520543	0.00283046	0.000687132	0.000609026	0.000115307	0.000334185
99	0.0871089	0.00128056	0.0149634	0.00953411	0.00111879	0.803414	0.00120072	0.00150617	0.0140528	0.00469026	0.00171713	0.0269673	0.0015312	0.00388488	0.00303306	0.0149546	0.00271655	0.00187593	0.000203317	0.00424576
100	0.0489811	0.00875007	0.0217183	0.0918281	0.0119663	0.0321668	0.0307874	0.0188107	0.0416256	0.0284231	0.0488623	0.0273903	0.00828772	0.417841	0.036363	0.0451897	0.0351338	0.0300133	0.00406831	0.0117929
101	0.000896082	0.983378	0.000430234	0.00222806	0.00031409	0.00043769	0.000394551	0.000539236	0.00410939	0.000588319	0.000388751	0.000495947	0.000223918	0.000479092	0.000520543	0.00283046	0.000687132	0.000609026	0.000115307	0.000334185
102	0.232274	0.00757148	0.00181554	0.00238972	0.00955424	0.00459579	0.00264115	0.218584	0.0019689	0.087443	0.00980937	0.00366817	0.00122137	0.00161185	0.00856864	0.0590662	0.106612	0.239065	0.000415138	0.00112488
103	0.00848407	0.00079798	0.00181726	0.00252067	0.00116265	0.00731291	0.0171671	0.00636097	0.0189457	0.00631007	0.00160695	0.0122364	0.837236	0.00722465	0.00167382	0.0428711	0.0129514	0.00626849	0.000270496	0.00678126
104	0.0132499	0.00400513	0.00406456	0.00388888	0.00719251	0.00327863	0.00274576	0.0291141	0.00391902	0.014582	0.0049539	0.0129123	0.0027462	0.00481704	0.00563022	0.0448011	0.690613	0.1382	0.000614205	0.00867168
105	0.120846	0.00138504	0.00871532	0.00427894	0.000745347	0.809587	0.000759731	0.00117909	0.0017227	0.0036231	0.000854439	0.0200968	0.000495419	0.00212491	0.00100277	0.0186285	0.00152459	0.00142238	0.000172176	0.000835783
106	0.596641	0.00564756	0.00420354	0.00581948	0.00200054	0.089362	0.00171768	0.00378464	0.00367383	0.00346009	0.00340988	0.0070299	0.00745479	0.00564603	0.00507532	0.198928	0.0422985	0.0126294	0.000315812	0.000901634
107	0.00378514	0.000472242	0.00145894	0.00185115	0.00115605	0.000631814	0.00347502	0.266976	0.0009357	0.662119	0.0165788	0.000858363	0.000354458	0.000773911	0.00291725	0.00122933	0.00814715	0.0251892	0.000409323	0.000680905
108	0.0473621	0.00136485	0.00155722	0.00405595	0.0158795	0.0186583	0.0182766	0.0517416	0.0607613	0.0242764	0.0246653	0.0204462	0.0073502	0.0328914	0.0487591	0.114512	0.353935	0.0797436	0.000469811	0.0732937
109	0.0697473	0.000324823	0.0793931	0.204015	0.00240693	0.0170506	0.0195109	0.0106667	0.242481	0.00599119	0.00604137	0.0259825	0.00857423	0.0953534	0.124822	0.0353128	0.0338583	0.0153281	0.000164395	0.00297496
110	0.047544	0.00784051	0.000798814	0.00142844	0.014474	0.00693137	0.000770226	0.124765	0.000900447	0.0462792	0.00842154	0.00124847	0.000586788	0.000644728	0.00247994	0.00394259	0.0137447	0.713253	0.000194087	0.00375274
111	0.0173945	0.00140665	0.00654314	0.0116955	0.0252394	0.00218879	0.00538542	0.230745	0.0243805	0.326615	0.0301723	0.00524618	0.00153396	0.0172298	0.0226572	0.00418872	0.0230242	0.0613415	0.0739637	0.109049
112	0.040683	0.000288776	0.272442	0.155667	0.00053513	0.0119144	0.0138928	0.00275533	0.141956	0.000933338	0.00240452	0.103156	0.00247231	0.0375569	0.0702685	0.0759693	0.0618132	0.00290396	0.000106057	0.00228159
113	0.0834383	0.0108951	0.0361819	0.0542497	0.0100514	0.00366495	0.00968459	0.0770093	0.027215	0.185779	0.114082	0.00341571	0.0059881	0.0382701	0.0113483	0.0165945	0.0188765	0.276701	0.00066053	0.0158943
114	0.00376457	0.000441554	0.00149274	0.00180815	0.000763884	0.000618196	0.00347056	0.268577	0.000914327	0.66205	0.0161822	0.000867864	0.000334768	0.000746268	0.00299829	0.00122401	0.00807832	0.0247686	0.000342124	0.000556154
115	0.0457098	0.0110157	0.142556	0.181306	0.0217001	0.0380938	0.101127	0.00478182	0.0602722	0.0144145	0.0142214	0.143106	0.00858686	0.0564087	0.0467228	0.052399	0.0114984	0.00339755	0.000961874	0.0417212
116	0.00764585	0.000869383	0.641153	0.0692448	0.00121718	0.00202811	0.00175246	0.00201066	0.0251658	0.00200689	0.00143925	0.176823	0.00073581	0.0126309	0.0072371	0.0388263	0.00491299	0.00236256	0.000340433	0.00159767
117	0.0353344	0.00150252	0.0813805	0.18596	0.00223606	0.00582566	0.0327535	0.00461492	0.260108	0.00524153	0.00402688	0.0237103	0.233022	0.0226996	0.0614989	0.021596	0.00919334	0.00600754	0.000638434	0.0026494
118	0.038854	0.000284981	0.281297	0.15669	0.000463067	0.0119884	0.0136314	0.00246483	0.135005	0.000826207	0.00215415	0.106937	0.00217289	0.0344055	0.0664013	0.077397	0.0637658	0.00267267	0.000115104	0.00247398
119	0.0148778	0.0183276	0.00318109	0.00495696	0.152073	0.00426942	0.0366772	0.142672	0.0660226	0.0123204	0.0025946	0.0043508	0.0183037	0.00242202	0.0409155	0.0101401	0.107012	0.222498	0.00136848	0.135018
120	0.0370903	0.0417501	0.00958264	0.00473818	0.0447183	0.00498027	0.0125333	0.0636085	0.0176055	0.0398618	0.00748819	0.0336115	0.0462629	0.00770593	0.0132508	0.0347632	0.329236	0.210086	0.00515777	0.0359693
121	0.0388152	0.00345491	0.00907326	0.0138842	0.00171302	0.00331145	0.000840409	0.373003	0.00106681	0.047999	0.0199996	0.0061975	0.000725122	0.0156642	0.00131637	0.0152728	0.00517735	0.441518	0.000358742	0.000609097
122	0.391478	0.0718092	0.0032735	0.00208935	0.0162814	0.0363587	0.00405843	0.116543	0.00216778	0.0509496	0.0322157	0.00385997	0.000749826	0.00200927	0.00246475	0.0287946	0.0276869	0.205568	0.000297953	0.00134451
123	0.107757	0.0135964	0.0221211	0.286787	0.00584371	0.0366156	0.0118359	0.010561	0.020284	0.0540552	0.0875243	0.0176498	0.00919955	0.211431	0.0158774	0.0413715	0.0235353	0.0156534	0.00213649	0.00616483
124	0.0984405	0.00620409	0.0129814	0.013508	0.0212381	0.00287085	0.00257553	0.248221	0.00320616	0.0493255	0.0377095	0.0108086	0.016088	0.00672622	0.00353395	0.0270813	0.114922	0.317254	0.000442171	0.00686328
125	0.632845	0.00826434	0.00451924	0.00575856	0.00286044	0.0485521	0.00206529	0.00828113	0.00396717	0.00479972	0.00422696	0.00609772	0.00919429	0.00610997	0.0057731	0.177832	0.0484395	0.0193658	0.000187703	0.000859978
126	0.00991196	0.00086112	0.00311145	0.00510618	0.0018334	0.00785305	0.0222398	0.00638063	0.0218784	0.00653356	0.00198937	0.0128281	0.817932	0.00775672	0.00254941	0.0425344	0.0139869	0.00644665	0.000368105	0.00789913
127	0.558912	0.00227908	0.00300636	0.00636317	0.00108659	0.0209479	0.00116193	0.00263665	0.00353342	0.00174557	0.00158634	0.00668815	0.00532686	0.00448828	0.00518378	0.34377	0.0218663	0.00804248	0.000328065	0.00104711
128	0.031272	0.00446577	0.0060903	0.00703106	0.00765945	0.00323135	0.00251325	0.297102	0.00353924	0.0343867	0.0103268	0.00883269	0.0303729	0.0128722	0.0033935	0.0252417	0.233924	0.272548	0.000930635	0.00426565
129	0.0293795	0.00566967	0.0196524	0.033073	0.028876	0.0109263	0.0643608	0.0287163	0.16525	0.0288542	0.0219604	0.0518646	0.00378599	0.085905	0.241251	0.0427027	0.0303098	0.0278387	0.00904134	0.0705829
130	0.533937	0.0124043	0.00369149	0.0141866	0.00421641	0.0124123	0.00258651	0.00539568	0.00534027	0.00914848	0.00289509	0.0159464	0.00998321	0.00400146	0.00870761	0.0757939	0.164569	0.112455	0.000572949	0.00175643
131	0.679474	0.00722853	0.00404723	0.00327063	0.00101294	0.0460905	0.000798296	0.00121681	0.00133376	0.00155225	0.00112916	0.00226324	0.0130209	0.0064759	0.00319543	0.146437	0.0656732	0.0150192	0.000178397	0.0005829
132	0.0205844	0.00525525	0.000559803	0.00251372	0.046305	0.000379093	0.00050366	0.191998	0.00693728	0.53101	0.0323271	0.000767688	0.00399561	0.00193499	0.000948919	0.00236467	0.00444635	0.132654	0.00275967	0.0117541
133	0.386371	0.0207106	0.0190721	0.0100444	0.00565556	0.326684	0.00337821	0.0181819	0.00665251	0.0110575	0.00805328	0.0145858	0.00466589	0.0166403	0.00542004	0.0915681	0.0257382	0.0232116	0.000559795	0.00174968
134	0.0329814	0.00138167	0.139598	0.551759	0.00112369	0.00324541	0.0107332	0.00152993	0.0510224	0.00163724	0.00114695	0.0426459	0.00102717	0.0872807	0.0223459	0.0296719	0.013814	0.00199995	0.000222369	0.0048333
135	0.154882	0.0305459	0.0393659	0.439869	0.0024237	0.0321971	0.0158531	0.0036942	0.00477115	0.0484989	0.0733566	0.00448716	0.0133567	0.0364843	0.0154709	0.0470625	0.0297434	0.00479218	0.000902201	0.00224402
136	0.00698416	0.00643593	0.00130069	0.00162713	0.635652	0.00106798	0.00284404	0.0247023	0.00154599	0.164414	0.0419096	0.00167741	0.00061709	0.00163197	0.0016042	0.00234213	0.015024	0.0489998	0.0107902	0.0288289
137	0.0255641	0.000906257	0.0445968	0.0211731	0.00234112	0.709602	0.0020311	0.00203998	0.0646843	0.00786702	0.00295966	0.063963	0.00633314	0.00827838	0.0106732	0.00430372	0.00363441	0.00248027	0.000437587	0.0161312
138	0.0128013	0.00135279	0.000863585	0.0132675	0.0685432	0.000899316	0.00882709	0.0607739	0.00391237	0.490007	0.207447	0.00566105	0.000493462	0.0204363	0.0026413	0.00859781	0.00901849	0.0260535	0.00356805	0.0548355
139	0.122728	0.00195786	0.0462788	0.176223	0.000880288	0.0313969	0.00404259	0.0104986	0.0898869	0.0222172	0.0109485	0.0166412	0.324068	0.0182512	0.0347512	0.0576722	0.0141086	0.0130961	0.000239909	0.00411262
140	0.125757	0.00142489	0.0801191	0.0929748	0.0231029	0.0413735	0.00165576	0.0738021	0.0310189	0.0108101	0.0220439	0.0284653	0.122915	0.00930824	0.0234843	0.0931363	0.041751	0.14317	0.000522937	0.0331644
141	0.0392695	0.00410941	0.0629123	0.0956407	0.00195826	0.599248	0.0133407	0.00594992	0.0409148	0.011161	0.00703608	0.0460708	0.00614531	0.00914049	0.00863967	0.0210615	0.0122624	0.00617196	0.000415181	0.00855222
142	0.0421938	0.00127202	0.0382912	0.161868	0.0123219	0.00256267	0.0123308	0.0483457	0.0372615	0.0506416	0.0126901	0.00323867	0.00134697	0.0611206	0.0139725	0.129871	0.245869	0.0963315	0.00045421	0.0280153
143	0.0249013	0.000764626	0.0368987	0.0334362	0.0024814	0.695647	0.00235173	0.00234209	0.0727286	0.00971648	0.00264075	0.050284	0.0057384	0.0132226	0.015411	0.00583401	0.00459989	0.00261032	0.000288592	0.0181021
144	0.017623	0.00173788	0.00439105	0.0319641	0.00412681	0.00447708	0.0104197	0.00641688	0.439369	0.0552516	0.0258626	0.00681848	0.00370718	0.119852	0.194216	0.0150762	0.0270807	0.0255005	0.000804509	0.00530399
145	0.00619411	0.00859727	0.00125696	0.00136902	0.00781211	0.000733415	0.000784526	0.228737	0.00592042	0.381317	0.250987	0.000934912	0.000482774	0.00608929	0.00136396	0.00148316	0.00969364	0.0817049	0.000477079	0.00406171
146	0.187324	0.00215559	0.0082275	0.00994862	0.0294401	0.00283804	0.0110536	0.158628	0.00366738	0.0436538	0.0163625	0.0287543	0.0296127	0.00411465	0.0031233	0.0211772	0.0465794	0.296898	0.000932129	0.095509
147	0.0990295	0.00211485	0.0405254	0.0274906	0.00326209	0.0209247	0.0409585	0.00285335	0.0197819	0.00412654	0.00365988	0.135556	0.00138319	0.00863162	0.0202353	0.288962	0.257649	0.009713	0.00042567	0.0127164
148	0.56319	0.0313849	0.00685505	0.00133755	0.0152725	0.102028	0.00272523	0.064265	0.00250358	0.0224485	0.0130936	0.0071753	0.000683753	0.00403813	0.00380572	0.0675975	0.0188919	0.0715461	0.00029982	0.000857927
149	0.0084104	0.0084323	0.000887287	0.00409754	0.0255972	0.000735242	0.00296244	0.166051	0.00570327	0.42801	0.237846	0.00214809	0.000643461	0.0106017	0.00131987	0.00301636	0.00850549	0.0701497	0.00107461	0.0138075
150	0.00863337	0.000597355	0.00487155	0.00523914	0.00100112	0.000916453	0.015138	0.00257313	0.503228	0.00453198	0.00325925	0.0565699	0.000556801	0.0164094	0.336948	0.0233839	0.00615777	0.00453165	0.000190987	0.00526255
151	0.0373945	0.00109393	0.00494271	0.0500094	0.00145634	0.00288513	0.0211023	0.0036333	0.214744	0.0577995	0.0749989	0.00582819	0.00853166	0.0761508	0.362121	0.0211939	0.0252967	0.0198688	0.000468371	0.0104809
152	0.00632584	0.00898272	0.00119149	0.00140903	0.00722852	0.000750317	0.00078181	0.225213	0.00577218	0.378005	0.258681	0.000894228	0.000431847	0.00638221	0.00112714	0.00156853	0.00964597	0.0820224	0.000182873	0.00340471
153	0.0522244	0.00129292	0.0272033	0.020909	0.00240343	0.746788	0.00432649	0.00204684	0.0335909	0.00585308	0.00321633	0.0503439	0.00313003	0.00658475	0.00624818	0.0163176	0.00634664	0.00246205	0.000529184	0.00818294
154	0.109427	0.00965071	0.00357185	0.00544453	0.025422	0.0051337	0.00212238	0.171389	0.0016841	0.0438712	0.0182395	0.00573349	0.00415336	0.00268205	0.00327614	0.0138649	0.043549	0.521708	0.000263476	0.00881433
155	0.018957	0.00101671	0.54836	0.0810033	0.000751093	0.00444525	0.00572703	0.00188928	0.0634677	0.00167052	0.00148578	0.145509	0.00101109	0.017175	0.0264822	0.0557616	0.021161	0.00207175	0.000248616	0.00180578
156	0.120003	0.00450902	0.0387228	0.0498022	0.00475026	0.0559868	0.0577117	0.0221265	0.0854467	0.00593245	0.0200113	0.00659688	0.00232657	0.0444349	0.193902	0.0475643	0.0271685	0.0774964	0.000956848	0.134551
157	0.0361906	0.00494917	0.00186807	0.00542264	0.00786831	0.00530082	0.000577657	0.196456	0.000767909	0.0286811	0.00824103	0.00155692	0.000263412	0.00312328	0.00228029	0.00433084	0.00874792	0.681354	0.000194576	0.00182544
158	0.0169566	0.00592748	0.00707112	0.017346	0.383031	0.0111505	0.027007	0.0203332	0.00367977	0.0900331	0.0253283	0.00100775	0.0051838	0.00679759	0.00422088	0.00196699	0.0142411	0.0286421	0.0250396	0.305036
159	0.0605274	0.00771529	0.147858	0.0893101	0.00375391	0.0208615	0.0428549	0.00363049	0.0629802	0.00574511	0.00309481	0.183285	0.00296904	0.0232877	0.0372267	0.189038	0.0975804	0.0103497	0.000751542	0.00717986
160	0.0484228	0.00759476	0.0427798	0.0403192	0.0205125	0.00947509	0.0124504	0.131995	0.0203459	0.124735	0.0200735	0.0132354	0.0145147	0.0183193	0.0155905	0.0382888	0.19621	0.137954	0.0102546	0.0769292
161	0.0753655	0.0236168	0.181633	0.0818499	0.00968881	0.0405394	0.00741934	0.0109517	0.0203758	0.0151789	0.00171135	0.272077	0.0265125	0.0232073	0.00991991	0.0823423	0.0713701	0.0440654	0.000367721	0.00180751
162	0.00728844	0.00593322	0.00161347	0.00226788	0.620705	0.00143401	0.00300495	0.0293389	0.00214893	0.158612	0.0403952	0.00182625	0.000937816	0.00212237	0.00278697	0.00259742	0.0194755	0.0499152	0.0157891	0.0318077
163	0.502545	0.000879643	0.00162753	0.00273214	0.00328263	0.297625	0.00112426	0.00177594	0.00169493	0.00432154	0.00724884	0.00312253	0.00103187	0.00205694	0.00219805	0.135438	0.027859	0.002193	0.000306691	0.000937087
164	0.629119	0.0115118	0.00431051	0.00461123	0.00494802	0.0570897	0.00252077	0.0169645	0.00430622	0.0104243	0.00711206	0.00592588	0.00972595	0.00685906	0.00682604	0.126918	0.0550398	0.0332259	0.000423981	0.00213782
165	0.0191775	0.00259776	0.507661	0.155759	0.00199603	0.0100564	0.0107511	0.00326029	0.0405359	0.00372844	0.00204759	0.117582	0.0193749	0.0240954	0.0159554	0.0393825	0.0171879	0.00584376	0.000385424	0.00262176
166	0.0397479	0.00920112	0.011532	0.026122	0.0284256	0.00146641	0.00748376	0.0841	0.0140851	0.327423	0.143962	0.0026333	0.00389714	0.0224078	0.00727004	0.0122808	0.0151799	0.229549	0.00130257	0.011931
167	0.0364261	0.0133805	0.00692029	0.00978268	0.0322639	0.00757433	0.00951672	0.0655577	0.0200877	0.0247946	0.0127903	0.0196044	0.0124275	0.0124392	0.0158467	0.0393461	0.357751	0.247365	0.00159098	0.0545342
168	0.128851	0.00795193	0.00405087	0.00359378	0.0109335	0.00423743	0.00175976	0.276709	0.00178985	0.0683467	0.0192255	0.00612604	0.00730658	0.00359922	0.00346923	0.0393698	0.159778	0.250318	0.000491301	0.0020928
169	0.00783877	0.0042668	0.00105314	0.00126446	0.0102652	0.000742906	0.00586413	0.317595	0.00886836	0.235122	0.168469	0.00442808	0.00237353	0.00347927	0.00668291	0.00170235	0.0155618	0.196195	0.00100348	0.00722339
170	0.035244	0.00281368	0.109747	0.540209	0.00182206	0.00606728	0.0188821	0.00250785	0.0715767	0.00299939	0.00442656	0.0324347	0.00418481	0.0921566	0.0255384	0.0268808	0.0131966	0.00339447	0.000280767	0.0056372
171	0.0438361	0.00592775	0.105631	0.567825	0.00218876	0.0074643	0.013934	0.00323981	0.0457603	0.00808818	0.00935695	0.0294496	0.00676999	0.0782218	0.018026	0.0277123	0.015495	0.00549732	0.000574251	0.00500099
172	0.502307	0.000875464	0.00161609	0.00272623	0.00331514	0.299161	0.00112303	0.00177786	0.00167657	0.00434109	0.00729247	0.00314543	0.000888275	0.0020209	0.0022773	0.135169	0.0269861	0.00206513	0.000297353	0.000938781
173	0.0718406	0.00121367	0.00935933	0.0319659	0.010565	0.0139781	0.100458	0.00258801	0.0224597	0.00323139	0.0100852	0.172073	0.000913887	0.0141405	0.0139678	0.199271	0.264635	0.00901693	0.000493931	0.047742
174	0.0714259	0.00868535	0.0884201	0.513717	0.00328481	0.0166739	0.0139001	0.00771363	0.0435569	0.0131768	0.0167652	0.0281975	0.0135763	0.0638809	0.0211917	0.0347161	0.0210623	0.0139437	0.000725447	0.00538662
175	0.00647717	0.00473457	0.00140482	0.00171886	0.612609	0.00132821	0.00214601	0.01979	0.00194231	0.224137	0.0330431	0.00166711	0.000682687	0.00134662	0.00158999	0.00246462	0.0121079	0.0405816	0.0088063	0.021422
176	0.0215036	0.00564681	0.000448604	0.00251065	0.0491924	0.000363991	0.000392884	0.185938	0.00752044	0.524711	0.0326438	0.000729856	0.0042653	0.00204828	0.000687697	0.00247759	0.0040574	0.140018	0.00240489	0.0124398
177	0.0346696	0.0058468	0.133779	0.221753	0.012344	0.0426863	0.110164	0.00394186	0.0765414	0.0148356	0.00824665	0.113687	0.00618761	0.0864498	0.0363102	0.0366883	0.0189666	0.00471887	0.000266585	0.0319172
178	0.0263505	0.00121932	0.0117564	0.043832	0.00258533	0.00477307	0.0190312	0.00917278	0.348206	0.0396648	0.0157408	0.0291984	0.00180822	0.0260352	0.365884	0.0239413	0.0133505	0.0130854	0.000396897	0.00396729
179	0.0214282	0.00562055	0.000478302	0.00255799	0.0491589	0.000366229	0.000404763	0.186454	0.00757263	0.524297	0.0325549	0.000743839	0.0042495	0.00206809	0.000743405	0.00248583	0.00415478	0.139546	0.0024564	0.0126587
180	0.0119596	0.00118363	0.00201285	0.0164816	0.0887173	0.00198763	0.0026795	0.0440391	0.0206787	0.581567	0.0892294	0.00281607	0.000927781	0.00489246	0.0193524	0.00847206	0.0194164	0.0144194	0.0307048	0.0384619
181	0.00912087	0.000827947	0.00204212	0.00293479	0.00118864	0.00754678	0.017206	0.00644944	0.0188817	0.00644411	0.00153216	0.012433	0.834716	0.00719732	0.00179171	0.0430394	0.0131802	0.00637444	0.000270812	0.00682227
182	0.0106084	0.00132201	0.000997879	0.0103609	0.059248	0.00117024	0.0191193	0.059797	0.00309835	0.447025	0.252674	0.0094276	0.000615923	0.0454298	0.00146169	0.00769562	0.0144822	0.0221963	0.000357997	0.032912
183	0.00740951	0.00581975	0.0013086	0.00157695	0.645447	0.00120486	0.00239897	0.0267757	0.00154918	0.157337	0.0421205	0.00168747	0.000641371	0.0012293	0.00161016	0.00229697	0.0148227	0.0479202	0.0109606	0.0258829
184	0.0249197	0.00118685	0.0070173	0.00884858	0.00307897	0.00575228	0.0110381	0.00721734	0.0106482	0.0049659	0.0039331	0.0263113	0.00133458	0.0057258	0.00768336	0.243106	0.582008	0.0240009	0.000545546	0.0206786
185	0.070643	0.00724951	0.0138974	0.0171235	0.00606983	0.0229787	0.0144236	0.0105327	0.0199574	0.0115047	0.0100576	0.044517	0.00573016	0.00960897	0.0126847	0.357844	0.321971	0.0306569	0.00171815	0.0108317
186	0.000896082	0.983378	0.000430234	0.00222806	0.00031409	0.00043769	0.000394551	0.000539236	0.00410939	0.000588319	0.000388751	0.000495947	0.000223918	0.000479092	0.000520543	0.00283046	0.000687132	0.000609026	0.000115307	0.000334185
187	0.000896082	0.983378	0.000430234	0.00222806	0.00031409	0.00043769	0.000394551	0.000539236	0.00410939	0.000588319	0.000388751	0.000495947	0.000223918	0.000479092	0.000520543	0.00283046	0.000687132	0.000609026	0.000115307	0.000334185
188	0.0138115	0.00153493	0.0025099	0.004789	0.00211618	0.00790117	0.0167683	0.00728286	0.0197086	0.00844187	0.00254231	0.0128306	0.805293	0.00744143	0.00346032	0.0521731	0.01611	0.00787176	0.000347925	0.00706494
