204	20
1	0.143444	0.0305834	0.018842	0.00161669	0.00374065	0.00825334	0.0104763	0.0285245	0.0173993	0.00381483	0.0155135	0.021457	0.00547495	0.0276803	0.0126203	0.134466	0.362389	0.147743	0.00103867	0.00492277
2	0.0209436	0.00394249	0.00117287	0.0335516	0.0025939	0.0155132	0.00511685	0.255116	0.00241239	0.0149998	0.0167129	0.0025307	0.000919792	0.0197162	0.0131827	0.00716949	0.0641261	0.514294	0.000734066	0.00525155
3	0.00550418	0.00199714	0.0794749	0.0227846	0.00270464	0.0652436	0.0195203	0.00364141	0.00160954	0.00450636	0.00331098	0.663124	0.000996513	0.0025218	0.00203106	0.0792286	0.022364	0.00507385	0.000950848	0.0134118
4	0.119025	0.0128413	0.000839522	0.00669236	0.00703131	0.051635	0.0013028	0.00656645	0.00647929	0.00971968	0.00900108	0.00377808	0.649502	0.0123306	0.00232047	0.057475	0.0290061	0.0122088	0.000643806	0.00160151
5	0.126892	0.0772762	0.000885572	0.00147977	0.0344154	0.0217641	0.0185334	0.187517	0.000790773	0.090866	0.0461379	0.0383906	0.0958846	0.00867935	0.00146362	0.0687004	0.0668938	0.0929019	0.000611915	0.0199161
6	0.0187204	0.00437859	0.015521	0.014463	0.0440698	0.0143061	0.0626591	0.0193043	0.252708	0.0247431	0.00794963	0.0452791	0.00208522	0.05866	0.234856	0.0321357	0.016633	0.0595865	0.00529952	0.0666416
7	0.101154	0.00274324	0.0154481	0.00293239	0.0123732	0.0202403	0.0421792	0.0754734	0.0436577	0.137504	0.139678	0.0550661	0.00145511	0.0296353	0.0206336	0.0841968	0.154957	0.0428064	0.00112073	0.016745
8	0.0716156	0.342555	0.0100742	0.010502	0.0133042	0.108242	0.0125953	0.0235169	0.0065761	0.023713	0.0174348	0.0715044	0.00803776	0.0175316	0.00757911	0.159999	0.0511218	0.0280507	0.00465208	0.0113946
9	0.223443	0.00451035	0.00675171	0.00599503	0.00468297	0.0450261	0.00613568	0.0171845	0.0429673	0.008888	0.0501422	0.0470746	0.0914892	0.141333	0.0338322	0.155266	0.0910945	0.0177075	0.00162746	0.00484879
10	0.118229	0.0298645	0.00100857	0.00517449	0.0149222	0.0377824	0.00717367	0.0618045	0.00491811	0.050269	0.0213469	0.0130467	0.457806	0.00995598	0.0032921	0.0528468	0.0468645	0.054347	0.00102448	0.00832268
11	0.0388319	0.0192266	0.000539693	0.000809048	0.121802	0.00501416	0.00129569	0.130425	0.000618613	0.404729	0.100364	0.00157684	0.000340358	0.000930685	0.000743902	0.00859211	0.00877565	0.144621	0.00111489	0.00964936
12	0.0168772	0.00198695	0.0099644	0.00874204	0.00239064	0.913257	0.00434251	0.00149134	0.000768578	0.00456619	0.00239494	0.00328103	0.000521131	0.00126005	0.00272352	0.0157854	0.00564861	0.00279317	0.000326229	0.000878847
13	0.332803	0.00548523	0.0120132	0.00787547	0.00227748	0.360942	0.00159778	0.00413489	0.000927741	0.00479243	0.00551436	0.0158161	0.0128753	0.0237596	0.00675491	0.158195	0.0307156	0.0112333	0.000486801	0.00179913
14	0.106804	0.0254091	0.00110177	0.0352658	0.016424	0.00881915	0.00410184	0.160641	0.00200878	0.104696	0.0751567	0.0042211	0.00163009	0.0433139	0.00221364	0.106014	0.0897265	0.207721	0.00105464	0.0036765
15	0.0154038	0.00140623	0.00116243	0.00824606	0.276878	0.00239869	0.0313317	0.059131	0.00800878	0.181375	0.140353	0.00196749	0.000565901	0.00815074	0.00883887	0.00414787	0.00364883	0.037299	0.0165866	0.1931
16	0.704916	0.0249829	0.00192349	0.00297822	0.0191347	0.00426694	0.00321971	0.00503217	0.00219937	0.0229783	0.0047703	0.00368994	0.00114387	0.00351591	0.00234987	0.00570067	0.00562677	0.176123	0.00165605	0.00379183
17	0.110476	0.00251952	0.00174794	0.0138239	0.0651573	0.114574	0.00295991	0.0164436	0.00212189	0.048028	0.0461758	0.0261103	0.00131756	0.0136498	0.00245273	0.271371	0.0765503	0.146981	0.00103214	0.0365073
18	0.0627782	0.00227173	0.00615784	0.00277955	0.0306062	0.00848725	0.0501521	0.0778143	0.0589882	0.213921	0.145641	0.0401833	0.000966748	0.0476276	0.0288179	0.0507267	0.0892707	0.0540627	0.00117423	0.0275731
19	0.034804	0.00216821	0.00864369	0.00778196	0.00241269	0.878861	0.00387944	0.00151863	0.000906957	0.00578963	0.00418938	0.00328239	0.00141974	0.0018967	0.00256865	0.0247718	0.00844135	0.00535457	0.000331265	0.000977827
20	0.00235324	0.00215985	0.000464026	0.000739988	0.0361692	0.00128916	0.00103929	0.604458	0.000529394	0.0906065	0.0466292	0.0010365	0.000345747	0.00102556	0.000640519	0.00169565	0.00234018	0.201399	0.000323639	0.00475489
21	0.114863	0.0064071	0.0960267	0.137588	0.00243098	0.0247293	0.0213202	0.0112323	0.140361	0.0247312	0.011186	0.048092	0.011844	0.0596761	0.162589	0.0452674	0.0533918	0.0207189	0.000700421	0.0068442
22	0.0281281	0.000896649	0.0622014	0.0401248	0.00628157	0.431069	0.01034	0.00182113	0.0673343	0.011632	0.0121573	0.148379	0.000384646	0.053867	0.0694931	0.0500355	0.00187308	0.00245406	0.000441061	0.0010863
23	0.391487	0.0831258	0.00063453	0.000896226	0.00133167	0.0641003	0.00119025	0.029926	0.000721811	0.0343407	0.0314307	0.00134745	0.000974164	0.001932	0.000903146	0.159518	0.136031	0.058603	0.000449986	0.00105632
24	0.0119903	0.00275797	0.00046555	0.00217582	0.0353389	0.00113879	0.000742382	0.229776	0.000486267	0.308869	0.275656	0.00138163	0.00032669	0.00300341	0.00224658	0.00860099	0.00934607	0.0819375	0.0081789	0.015581
25	0.116864	0.0128545	0.000818513	0.00661374	0.00713911	0.0515038	0.00129646	0.00619652	0.00616435	0.00936637	0.00843545	0.0031556	0.658074	0.01112	0.00187366	0.0557365	0.028481	0.0122222	0.000581198	0.00150304
26	0.0242473	0.00254766	0.000509137	0.00509821	0.166766	0.00249645	0.0137211	0.150189	0.00440885	0.291144	0.101926	0.00259352	0.000792572	0.00573799	0.00301718	0.00792354	0.00809664	0.0965819	0.00797748	0.104225
27	0.0433242	0.00424026	0.000341492	0.00419127	0.0640766	0.00068665	0.00949289	0.232263	0.00125099	0.171543	0.0902218	0.00743626	0.0032768	0.00731978	0.0020346	0.0205564	0.0208475	0.263615	0.00954993	0.0437324
28	0.035582	0.00864984	0.00654115	0.0106342	0.0354763	0.0164859	0.358585	0.0232094	0.0117524	0.0523091	0.0984405	0.0233138	0.004599	0.173631	0.037447	0.0202081	0.0243554	0.0391225	0.00435083	0.0153069
29	0.0169828	0.00200688	0.00996417	0.00875957	0.00250717	0.912098	0.00469733	0.00151065	0.000921763	0.00494867	0.00231904	0.00347177	0.000473285	0.00132236	0.0026339	0.0157325	0.00557888	0.00281111	0.000320063	0.000939854
30	0.299052	0.00599499	0.0133733	0.00811328	0.00229201	0.348384	0.00186107	0.0041876	0.00103891	0.00458551	0.0060914	0.0162596	0.0219022	0.0241691	0.00618991	0.191322	0.0313601	0.0117824	0.000416258	0.00162462
31	0.034044	0.00799698	0.00957116	0.0210769	0.0352634	0.0133105	0.182155	0.0256769	0.0240974	0.0865198	0.119359	0.0192873	0.00383818	0.201016	0.113514	0.0201359	0.0261397	0.0371628	0.00444897	0.0153868
32	0.0187253	0.00198631	0.00998129	0.00878985	0.0023355	0.911946	0.00432212	0.00145357	0.000668621	0.00448634	0.00220845	0.00315364	0.000539194	0.00118885	0.00255994	0.0160295	0.00560471	0.00281125	0.0003413	0.000868012
33	0.0606061	0.506239	0.00699103	0.0132675	0.0204837	0.0594718	0.0148502	0.0320643	0.00976821	0.0388897	0.0246215	0.0312343	0.0113439	0.0148412	0.0101836	0.0531146	0.035325	0.0362167	0.00591152	0.0145764
34	0.419631	0.0488498	0.000378097	0.000732008	0.000993074	0.0653732	0.000662921	0.0334554	0.000584108	0.0356112	0.0319733	0.00097584	0.000952344	0.00146684	0.000525515	0.161958	0.125573	0.069142	0.00030445	0.000858024
35	0.160704	0.00597426	0.0125862	0.0060467	0.00405216	0.0259448	0.00673891	0.0057665	0.00175264	0.00653806	0.020415	0.0395979	0.00744803	0.00925523	0.00331594	0.478867	0.173702	0.0163201	0.000572392	0.0144012
36	0.00683109	0.00240213	0.00118129	0.00268212	0.500618	0.00501772	0.0153807	0.0102397	0.00199993	0.0336405	0.0196764	0.00250685	0.000842825	0.00311086	0.00253749	0.00406157	0.0103286	0.00756603	0.0264363	0.34294
37	0.126417	0.0454479	0.000933193	0.00144589	0.0600409	0.0277148	0.0286073	0.217455	0.00105052	0.0764191	0.0449972	0.0332503	0.0700101	0.00663158	0.00163843	0.0483489	0.0743875	0.0945898	0.000862171	0.0397531
38	0.0754158	0.00407421	0.00765032	0.00327235	0.03138	0.0117982	0.047935	0.0629003	0.0352954	0.166732	0.122121	0.0525774	0.00147089	0.0297351	0.0337034	0.0711409	0.152503	0.0502218	0.0011397	0.0389337
39	0.0809383	0.0190785	0.00186013	0.00287125	0.112052	0.0230941	0.0720837	0.0772818	0.00637976	0.143773	0.0612029	0.00962922	0.00244569	0.0838796	0.00744652	0.00888702	0.143275	0.0513106	0.00177936	0.0907317
40	0.00957728	0.00282682	0.000494574	0.000999056	0.167169	0.00697551	0.00953102	0.0669831	0.000712138	0.516944	0.110297	0.00470321	0.000263529	0.00120291	0.00102093	0.00463091	0.00186886	0.0738949	0.00476065	0.0151436
41	0.13922	0.0246443	0.00941243	0.0012247	0.00601654	0.0237444	0.0038437	0.0286259	0.00584249	0.00347109	0.0215166	0.0408745	0.0162224	0.0249751	0.00869955	0.236511	0.302298	0.0907448	0.00167222	0.0104409
42	0.0864557	0.00648356	0.108575	0.200019	0.00233349	0.0357235	0.0242849	0.0117486	0.113264	0.0197784	0.0117362	0.0306652	0.00842405	0.0882744	0.130369	0.0556111	0.0387686	0.0137972	0.00596804	0.00772022
43	0.0425473	0.0103765	0.0154075	0.0285985	0.0208243	0.0354323	0.270073	0.0886462	0.0342612	0.0348493	0.025747	0.0842532	0.00575586	0.0406257	0.0884451	0.02573	0.0314384	0.0891093	0.00580672	0.0220724
44	0.00530472	0.0040396	0.000734067	0.001144	0.74372	0.00752175	0.00327842	0.00969426	0.000817891	0.064835	0.00965461	0.00127326	0.000449709	0.00114233	0.00104726	0.00216687	0.00472214	0.00483663	0.0096922	0.123926
45	0.0138036	0.00707698	0.000725381	0.00631462	0.00279051	0.0203614	0.0333991	0.00203604	0.454356	0.00726351	0.00193444	0.0342961	0.000464278	0.00678406	0.344284	0.0192663	0.0320247	0.0039364	0.00648797	0.00239526
46	0.0420189	0.00866488	0.16292	0.383322	0.00158503	0.0375418	0.0194959	0.00809136	0.0666841	0.0102681	0.00955637	0.0138428	0.00315488	0.0598698	0.0656962	0.0638935	0.022392	0.00320401	0.00997913	0.00781908
47	0.202087	0.00743879	0.00537312	0.00353208	0.0056615	0.0488933	0.00414572	0.0262301	0.0217789	0.0095823	0.0385069	0.0524697	0.206418	0.0500333	0.0259832	0.156273	0.105296	0.0243484	0.00124654	0.00470269
48	0.0966022	0.0170419	0.000444661	0.00699717	0.0440698	0.00468062	0.00541081	0.222902	0.000883371	0.10632	0.0554165	0.00818468	0.00303421	0.0141619	0.00149942	0.0423866	0.0553678	0.295497	0.00366572	0.0154335
49	0.153366	0.0610544	0.0012141	0.00229216	0.0100934	0.0626116	0.00189103	0.106038	0.00138611	0.16134	0.166867	0.00511544	0.000751853	0.00447485	0.0016776	0.0238527	0.0377659	0.195286	0.000869711	0.00205157
50	0.31711	0.00449162	0.0140486	0.00393958	0.00326925	0.199577	0.00523646	0.00564837	0.00428424	0.004547	0.0107019	0.0380908	0.0152949	0.049167	0.0149254	0.199255	0.0776706	0.0280869	0.000870488	0.00378507
51	0.060303	0.00859841	0.0170465	0.0064765	0.00418271	0.0247487	0.00957582	0.00292671	0.00081088	0.00686804	0.00727346	0.0418464	0.0044321	0.00265027	0.00135724	0.576171	0.198862	0.0151889	0.000470955	0.0102104
52	0.0524917	0.00751296	0.0268259	0.00636972	0.00390389	0.0230705	0.00936901	0.00268312	0.00107018	0.00703152	0.0061372	0.0346397	0.00325986	0.00267554	0.00134952	0.537084	0.254244	0.0102554	0.00046658	0.00956019
53	0.31382	0.00408066	0.0130299	0.0289819	0.00457514	0.105601	0.00790964	0.00738826	0.00284583	0.00662371	0.00738084	0.0435468	0.00751683	0.0182966	0.00437777	0.336672	0.072331	0.00881615	0.000953536	0.00525334
54	0.01638	0.00638273	0.000373193	0.00105802	0.124961	0.00311598	0.00150726	0.151021	0.000456824	0.403659	0.141188	0.00150415	0.000239639	0.00140817	0.00108664	0.00350424	0.00375034	0.118769	0.00346716	0.0161685
55	0.0267008	0.0169699	0.0440408	0.017946	0.00440248	0.0289513	0.0508074	0.00478076	0.00205534	0.0185916	0.00570271	0.107951	0.00230816	0.00370588	0.00271311	0.415063	0.196213	0.0204937	0.00109751	0.0295055
56	0.0690541	0.00690969	0.140423	0.318692	0.00250832	0.0274975	0.0235181	0.00919859	0.0746863	0.0149835	0.00860524	0.0297895	0.0116262	0.064274	0.0872883	0.0572665	0.0321625	0.0108273	0.00459595	0.00609318
57	0.0780296	0.00549193	0.247678	0.0727265	0.00774318	0.0400109	0.0607247	0.116053	0.0567377	0.0419809	0.00746391	0.0099687	0.00284689	0.00997834	0.0112055	0.119555	0.0450687	0.0575331	0.00245311	0.00674997
58	0.331411	0.00314169	0.0234416	0.00666908	0.00282852	0.0826584	0.0127491	0.00606974	0.00368821	0.00441395	0.00961469	0.0587858	0.00929442	0.0379855	0.00811467	0.268836	0.110378	0.0142135	0.000920324	0.00478554
59	0.420976	0.048832	0.000345917	0.000669732	0.000901478	0.0658385	0.000659232	0.0337012	0.000526323	0.0354864	0.032223	0.000906569	0.000922499	0.00137481	0.000523889	0.161301	0.125571	0.068246	0.000250834	0.00074491
60	0.00924126	0.0028507	0.00175865	0.0119838	0.00369816	0.00855574	0.0031873	0.15205	0.00266989	0.00657272	0.00887537	0.00385115	0.0012947	0.00781205	0.00687667	0.00622957	0.0230774	0.734917	0.0012422	0.00325635
61	0.0139679	0.00192889	0.00124652	0.00760877	0.280424	0.00313149	0.0478255	0.0439018	0.00746404	0.184086	0.155393	0.00298133	0.000724484	0.0128324	0.00846038	0.00415002	0.00656759	0.0326018	0.013878	0.170825
62	0.326348	0.00496377	0.0112357	0.00856661	0.00156472	0.381865	0.00158186	0.00361325	0.000841736	0.00414993	0.0051831	0.0144966	0.0124781	0.0227873	0.00848585	0.14947	0.0305936	0.00992367	0.000485458	0.00136566
63	0.0162023	0.00793603	0.000290164	0.000393645	0.00748149	0.000643309	0.000482099	0.368937	0.000351264	0.301877	0.0594341	0.000930331	0.000277837	0.00316486	0.000399711	0.00300787	0.0111137	0.209563	0.00048895	0.00702617
64	0.118107	0.00595309	0.0914517	0.131124	0.00270165	0.0234215	0.0189919	0.0134537	0.135841	0.0274131	0.0116778	0.0472949	0.0127367	0.0602361	0.167421	0.0457021	0.0565947	0.0239953	0.000281657	0.00560145
65	0.0472547	0.00375541	0.00230291	0.0388377	0.00480208	0.00568141	0.00407333	0.0071107	0.0381262	0.00795521	0.00574434	0.50431	0.00122449	0.00411104	0.00295546	0.00750502	0.187741	0.12104	0.00151108	0.00395785
66	0.133161	0.0293202	0.000698531	0.0143202	0.014812	0.0101126	0.00292144	0.205051	0.000995592	0.108691	0.0448216	0.004715	0.00200281	0.0273651	0.00123083	0.0766378	0.0759606	0.2439	0.000521968	0.00276051
67	0.0489584	0.00844243	0.151882	0.312275	0.00124358	0.044583	0.0225198	0.00886287	0.0989154	0.0116412	0.0110886	0.0157275	0.00167954	0.0668573	0.084852	0.0641607	0.0220648	0.00277407	0.0122044	0.00926764
68	0.0246839	0.0078041	0.000227182	0.000660947	0.0186899	0.000607708	0.00245888	0.334272	0.000304118	0.252338	0.0706901	0.00230111	0.00124628	0.00419251	0.000704717	0.00679031	0.0137371	0.243321	0.00270624	0.0122639
69	0.00225051	0.00207127	0.000476654	0.000718477	0.0351288	0.00132109	0.000999291	0.609497	0.000572402	0.0881464	0.046812	0.00100988	0.000350943	0.000972383	0.000643752	0.00168907	0.00223885	0.200336	0.000277546	0.00448711
70	0.239483	0.00790424	0.00654864	0.00662887	0.00617478	0.360944	0.00332946	0.00947609	0.0024832	0.0171016	0.0295049	0.011838	0.0379649	0.0138207	0.00589624	0.140711	0.0368186	0.0577952	0.00114937	0.00442602
71	0.0107578	0.00608806	0.000303246	0.000474521	0.0161101	0.000793062	0.000570875	0.450559	0.000401508	0.222783	0.0510821	0.000861423	0.000224977	0.00227847	0.000432636	0.00210664	0.00741471	0.22155	0.000266251	0.00494125
72	0.123077	0.0850778	0.000868436	0.00138904	0.0401128	0.0195252	0.0232159	0.198333	0.000805695	0.090189	0.0482935	0.0351295	0.0824786	0.00708789	0.00120881	0.0667014	0.0664074	0.0884221	0.000606323	0.0210716
73	0.0458381	0.00630912	0.0168642	0.00532655	0.00473214	0.0212661	0.00712796	0.00256061	0.000868335	0.00713483	0.00677388	0.0285814	0.00381471	0.00227722	0.00127108	0.518098	0.303113	0.00855152	0.000511873	0.00898001
74	0.0523602	0.00668895	0.0162768	0.00541624	0.00474772	0.0255007	0.00709824	0.0029217	0.000793858	0.00698811	0.00737095	0.0309753	0.00430996	0.00290408	0.00143408	0.52371	0.279521	0.0108498	0.000522961	0.0096087
75	0.205823	0.250682	0.00644292	0.00784745	0.0106821	0.225764	0.00619601	0.0172664	0.00406927	0.0268926	0.0229293	0.0205066	0.00652075	0.0202792	0.00520028	0.0906867	0.0345241	0.0298107	0.0025542	0.00532233
76	0.0694434	0.0126528	0.000442625	0.00466925	0.0421285	0.00474409	0.00608013	0.207769	0.00069782	0.169293	0.0851408	0.00553309	0.00326238	0.0120202	0.00194006	0.0375208	0.0329266	0.274199	0.00634177	0.0231955
77	0.186027	0.0157136	0.00956728	0.00172819	0.00345467	0.0267279	0.00414622	0.0275286	0.00582758	0.00585785	0.0201608	0.0324659	0.0340277	0.0251948	0.0104911	0.251049	0.249587	0.0802809	0.000938301	0.00922539
78	0.0390712	0.00957926	0.156018	0.41959	0.00391063	0.0329256	0.019422	0.00880746	0.046873	0.0112828	0.00853151	0.0161603	0.00420009	0.0565196	0.0478579	0.0707666	0.0244197	0.00789035	0.00741419	0.00875927
79	0.0600248	0.0201936	0.00111651	0.0111222	0.00967254	0.00626635	0.00350706	0.339256	0.00740485	0.057153	0.0157627	0.00540595	0.000940144	0.0129655	0.00666013	0.0210242	0.0929943	0.324065	0.000733349	0.0037312
80	0.0505292	0.00519011	0.0216984	0.0512833	0.027302	0.00795524	0.0352001	0.100196	0.103864	0.107078	0.087309	0.0410591	0.00113689	0.0598393	0.0829636	0.0474562	0.0789513	0.0666361	0.00451967	0.0198328
81	0.0160162	0.00185364	0.0110539	0.0091273	0.00232106	0.91114	0.00432741	0.00141166	0.00127964	0.00458359	0.002329	0.00447415	0.000485079	0.00150502	0.00327101	0.015388	0.00550969	0.00275844	0.000304316	0.000860549
82	0.0244676	0.00881238	0.424563	0.341293	0.00196064	0.0269219	0.0114291	0.00302305	0.00168071	0.00452797	0.0033476	0.0239974	0.00136027	0.00932501	0.0025683	0.0723654	0.0302521	0.00392316	0.000767175	0.00341352
83	0.012936	0.00129704	0.748111	0.0662352	0.00157856	0.024263	0.010596	0.00219668	0.000962973	0.00820703	0.00796729	0.0622264	0.000555073	0.00421804	0.00127244	0.0188053	0.0118782	0.00276898	0.000557072	0.0133677
84	0.0142875	0.00820498	0.000245235	0.000409818	0.00992665	0.000651163	0.000462731	0.389633	0.000359768	0.277255	0.0581563	0.000949782	0.000243232	0.00284587	0.000389412	0.00297583	0.0107692	0.215402	0.000549423	0.00628313
85	0.063043	0.00423868	0.00282787	0.0209051	0.00490498	0.00576492	0.152191	0.00683784	0.037844	0.00753923	0.0058935	0.322384	0.0556937	0.0410459	0.0400259	0.207114	0.00781378	0.00893606	0.00155532	0.00344106
86	0.168724	0.0473218	0.00842501	0.00150531	0.00775758	0.0198443	0.00512034	0.0258964	0.00732183	0.00985576	0.0205344	0.0222347	0.00544781	0.0217516	0.00634932	0.158545	0.355612	0.0972239	0.00265352	0.0078762
87	0.134296	0.0113967	0.00154083	0.00690386	0.00603474	0.0669284	0.00134127	0.00577185	0.00689219	0.00865553	0.00949108	0.00498121	0.612741	0.0126714	0.0029312	0.0640085	0.0293835	0.0119995	0.000590476	0.00144053
88	0.267296	0.00660922	0.0196846	0.00432876	0.00228819	0.332381	0.00293873	0.00312343	0.00137537	0.00397354	0.00527997	0.0212866	0.0126559	0.0270122	0.00598069	0.231635	0.0400202	0.009478	0.00069306	0.00195889
89	0.0049687	0.00226972	0.00114328	0.00141612	0.546993	0.0053152	0.00798327	0.00551705	0.00132496	0.0217773	0.00481859	0.0021244	0.000801087	0.00178175	0.001422	0.00358877	0.0115797	0.00439243	0.0249449	0.345838
90	0.102439	0.00327863	0.0213067	0.0635446	0.017171	0.0165932	0.0191194	0.0928367	0.150744	0.0361595	0.00790352	0.0409635	0.00136087	0.0457924	0.0414731	0.0923217	0.0785294	0.151648	0.00221074	0.0146037
91	0.0162217	0.00177709	0.0144019	0.0126644	0.00252708	0.885515	0.00551082	0.0014851	0.00398819	0.00459731	0.00272179	0.0107255	0.000494886	0.00371512	0.00616436	0.0179704	0.00541959	0.00287039	0.000321426	0.000908022
92	0.0593403	0.00897446	0.0192593	0.00717391	0.00387993	0.0264832	0.0115819	0.00181175	0.000751368	0.00695199	0.00628943	0.0421948	0.003496	0.00207944	0.00112932	0.583285	0.195486	0.0096743	0.000385173	0.00977188
93	0.0434827	0.00548912	0.00316602	0.00509446	0.0784234	0.00856496	0.245453	0.0113961	0.0044468	0.0783424	0.261053	0.00748554	0.00227256	0.147362	0.0204811	0.0111156	0.0137379	0.0418103	0.00219709	0.00862491
94	0.0750011	0.00924194	0.00129699	0.0576724	0.00592426	0.0167334	0.0112639	0.235639	0.00126523	0.0457082	0.0283461	0.00282715	0.00103837	0.0380754	0.00579094	0.0339242	0.0802512	0.337503	0.000658381	0.0118389
95	0.0106628	0.00334965	0.158479	0.157267	0.00439949	0.0230466	0.0215275	0.00725886	0.0292278	0.0249722	0.00517125	0.0592232	0.00166904	0.0222554	0.021102	0.0806766	0.300229	0.0452418	0.0197332	0.00450864
96	0.0165094	0.00188454	0.0100571	0.00874264	0.00235304	0.91398	0.00422355	0.00137519	0.000895546	0.00461084	0.00235375	0.00352336	0.000431772	0.00116539	0.00281171	0.0154076	0.00560681	0.00288963	0.000313092	0.00086455
97	0.00789085	0.00244231	0.00190169	0.00243598	0.343186	0.00474956	0.00904125	0.00496414	0.00220078	0.00796434	0.00496373	0.00356424	0.0012105	0.00354601	0.00261011	0.00622707	0.0115112	0.00747717	0.0625038	0.509609
98	0.123621	0.0737429	0.000817862	0.0014008	0.0324032	0.0211399	0.0175549	0.178175	0.000756024	0.0866844	0.0441783	0.0350856	0.133578	0.00778382	0.00141697	0.0639635	0.0650045	0.0928582	0.000544017	0.0192914
99	0.46248	0.00402982	0.00304832	0.0812566	0.00491403	0.260392	0.00384753	0.0225122	0.00264001	0.00718544	0.00564888	0.00744338	0.0208281	0.00564832	0.00509567	0.0785669	0.0101189	0.00941579	0.00161457	0.00331439
100	0.0156312	0.00276659	0.650433	0.14537	0.0013358	0.0282487	0.0155321	0.00209998	0.00168267	0.00562112	0.00520722	0.0514615	0.000696296	0.00765037	0.00198709	0.0377768	0.0153127	0.00235705	0.000575962	0.0082538
101	0.0431343	0.00427166	0.000224343	0.00222531	0.0554388	0.000454689	0.00813789	0.242493	0.000658908	0.174425	0.0903622	0.00653864	0.00340128	0.00751622	0.0017736	0.0170912	0.0213445	0.274896	0.00925746	0.036355
102	0.122559	0.00574471	0.0899789	0.125461	0.00254503	0.023541	0.0187306	0.0123388	0.132434	0.0272721	0.0117234	0.0472123	0.0138251	0.0603819	0.173151	0.0463723	0.058296	0.0228567	0.000188586	0.00538715
103	0.065854	0.00606451	0.0225771	0.248747	0.026372	0.00857805	0.0875808	0.04662	0.0704931	0.0555277	0.0124019	0.0141833	0.00152108	0.0620241	0.063444	0.0301524	0.0383827	0.0450565	0.0198795	0.0745404
104	0.0141339	0.00623484	0.000269418	0.000540348	0.011193	0.000627844	0.00053759	0.351033	0.000262161	0.31961	0.0822244	0.000866385	0.000214311	0.00255812	0.000506884	0.00428715	0.0111626	0.180867	0.00166669	0.011204
105	0.0120077	0.00589969	0.000820906	0.00865929	0.00355986	0.025295	0.0385476	0.0024881	0.468695	0.0102348	0.0021938	0.027588	0.000473137	0.0098895	0.325364	0.0171711	0.0269828	0.0056916	0.00531538	0.00312321
106	0.0476619	0.00891665	0.148237	0.317996	0.00164615	0.043826	0.0314493	0.00958228	0.0878629	0.0115224	0.0103355	0.0128015	0.0017654	0.0664222	0.0830539	0.0665529	0.0209531	0.00282048	0.0143971	0.0121977
107	0.0128044	0.0044861	0.000304756	0.00199125	0.0312167	0.000735431	0.00071925	0.269749	0.000394745	0.321409	0.193355	0.00167287	0.000244669	0.00302605	0.00190368	0.00984524	0.0126174	0.105949	0.00967383	0.0179012
108	0.0970381	0.0388146	0.00097183	0.00150877	0.0883004	0.0116376	0.001577	0.0746771	0.00142023	0.384107	0.0513149	0.00221434	0.00061721	0.00185396	0.00150904	0.0299553	0.0311852	0.178708	0.000600105	0.00198926
109	0.043838	0.00452299	0.000222841	0.00196652	0.0567011	0.000481877	0.0081003	0.23638	0.000503983	0.167037	0.0936214	0.00620036	0.00363637	0.00738973	0.00179635	0.0174564	0.0212754	0.284669	0.00974525	0.034455
110	0.0160727	0.00629442	0.000298572	0.000750959	0.139742	0.00431753	0.00247817	0.123486	0.000436764	0.449999	0.113411	0.00193841	0.000217696	0.000893325	0.000726553	0.00245835	0.0024638	0.116217	0.0021759	0.0156207
111	0.133857	0.0413923	0.00222624	0.00598401	0.0408611	0.111644	0.00417777	0.0305215	0.00523564	0.0285307	0.0110458	0.00857997	0.368412	0.0271107	0.00421733	0.106829	0.0475829	0.0161564	0.00126598	0.00437056
112	0.0138977	0.00171731	0.718764	0.0927846	0.00143253	0.024844	0.0122071	0.00219071	0.00117087	0.00725019	0.00692246	0.0571976	0.000533312	0.00550814	0.00168457	0.0249979	0.0125889	0.00249142	0.000599091	0.0112176
113	0.105329	0.0380436	0.00102889	0.00166852	0.0603132	0.0209427	0.0297835	0.259632	0.00127404	0.0826898	0.0393649	0.035223	0.0755877	0.00505999	0.00189893	0.0429729	0.0837119	0.0718835	0.000723833	0.0428687
114	0.0888821	0.00647189	0.0148444	0.00888567	0.00406271	0.0293968	0.00816046	0.00202734	0.000814691	0.00618248	0.00710087	0.0404523	0.00377933	0.00363279	0.00117613	0.578858	0.177454	0.0083324	0.000448091	0.0090374
115	0.056064	0.00973411	0.149443	0.290892	0.00153365	0.0433725	0.0189833	0.010734	0.0942467	0.0182989	0.016105	0.022051	0.00308181	0.0615013	0.0931815	0.0588995	0.0289156	0.0056557	0.00945556	0.00785012
116	0.146711	0.0137611	0.0138213	0.00176702	0.00353264	0.0282098	0.00457443	0.0216322	0.00633654	0.00329833	0.0202519	0.0426222	0.0255133	0.0308786	0.012913	0.279663	0.253706	0.0772804	0.000796837	0.0127307
117	0.00683165	0.00154167	0.000655126	0.00139096	0.164644	0.00522242	0.0131298	0.0353235	0.000867609	0.537792	0.119359	0.00381056	0.000556349	0.00165022	0.00174019	0.00800992	0.00273298	0.0631389	0.0122928	0.0193108
118	0.0128646	0.00128359	0.74861	0.0660569	0.00158025	0.0242619	0.0106087	0.00219091	0.000868814	0.00819351	0.00797399	0.0622795	0.000554462	0.00417452	0.00120921	0.0187622	0.0118554	0.00277932	0.000538409	0.0133541
119	0.0697047	0.0475609	0.00326005	0.00134553	0.0207938	0.00718183	0.00248243	0.017569	0.00236112	0.00314945	0.023418	0.0365397	0.00262094	0.00804814	0.00254098	0.172545	0.476448	0.0794685	0.00669103	0.0162706
120	0.00401204	0.00811558	0.000904941	0.0014411	0.114019	0.00220135	0.00158296	0.483337	0.000891222	0.217656	0.0109976	0.00186249	0.000716776	0.00145281	0.00131882	0.00311244	0.0028955	0.140397	0.000647056	0.00243913
121	0.121149	0.00236126	0.00151962	0.0149472	0.063366	0.121302	0.00258188	0.0138814	0.00186614	0.04418	0.0438168	0.024941	0.00128771	0.0150716	0.00234212	0.268062	0.0709979	0.15109	0.000950289	0.0342863
122	0.0201758	0.00938714	0.000370542	0.000727702	0.140944	0.0039842	0.00153928	0.132672	0.000401382	0.419033	0.11417	0.00166027	0.000264721	0.000850345	0.00067974	0.00289837	0.00325978	0.131581	0.00168917	0.0137124
123	0.232366	0.058225	0.0110186	0.00294167	0.00475312	0.350699	0.00300319	0.005056	0.00258991	0.00699071	0.00597739	0.026719	0.00996902	0.0632968	0.00576981	0.168839	0.0274372	0.0110023	0.000736273	0.00260937
124	0.122722	0.00574186	0.0897893	0.125256	0.00255921	0.0235707	0.0187266	0.0123602	0.132315	0.0272964	0.0117252	0.0472076	0.013878	0.0603965	0.173316	0.0463768	0.0583275	0.0228741	0.000188587	0.00537191
125	0.0597668	0.0209348	0.00147015	0.00411963	0.038148	0.00858006	0.00980652	0.184578	0.00196921	0.142708	0.0759973	0.0139783	0.107982	0.00882865	0.00376657	0.0294558	0.0318629	0.224684	0.00600856	0.0253559
126	0.0448876	0.00447572	0.000217262	0.00201577	0.0563867	0.000447645	0.00829459	0.235532	0.000513896	0.162704	0.0929368	0.00648686	0.00373703	0.00764458	0.00184919	0.01781	0.0217295	0.287115	0.00981426	0.0354008
127	0.0770399	0.00438477	0.00865906	0.00678149	0.00312558	0.754446	0.00363992	0.00365695	0.000972015	0.00792484	0.00667922	0.00699606	0.00374503	0.00656776	0.00341016	0.0646622	0.0250299	0.00999021	0.000426787	0.00186188
128	0.00890604	0.00679823	0.000459333	0.000743878	0.0489196	0.00109459	0.000815752	0.428194	0.000499851	0.269099	0.0319436	0.0010672	0.000367311	0.00193014	0.000642668	0.00232461	0.0062184	0.185223	0.000427146	0.00432496
129	0.11851	0.00605472	0.0924492	0.133366	0.00229226	0.0240621	0.0188195	0.0117097	0.139114	0.0261254	0.0114789	0.0476965	0.0125839	0.0594884	0.166512	0.0460066	0.0558524	0.0220653	0.000202767	0.00561051
130	0.062142	0.0555178	0.00219849	0.00161412	0.0248112	0.0055085	0.0024484	0.0144559	0.00234839	0.00393625	0.0299801	0.04059	0.00153063	0.0065598	0.00237882	0.15067	0.482663	0.0835138	0.00949211	0.0176409
131	0.0151857	0.00218362	0.728179	0.0642977	0.00266899	0.0243091	0.0111796	0.00520709	0.00204515	0.015305	0.00851041	0.0577407	0.000743083	0.00526899	0.00227638	0.021661	0.013431	0.00592674	0.000963949	0.0129172
132	0.122722	0.00574186	0.0897893	0.125256	0.00255921	0.0235707	0.0187266	0.0123602	0.132315	0.0272964	0.0117252	0.0472076	0.013878	0.0603965	0.173316	0.0463768	0.0583275	0.0228741	0.000188587	0.00537191
133	0.00511742	0.00874973	0.000985661	0.00149492	0.701835	0.0050845	0.0021898	0.00719724	0.000950635	0.130314	0.0165503	0.00166019	0.000677014	0.00146135	0.00133744	0.00281722	0.00336044	0.00469895	0.0213988	0.0821186
134	0.0139032	0.00537371	0.000245493	0.000813045	0.016046	0.000579386	0.000671502	0.337316	0.000283832	0.314584	0.108299	0.000850316	0.000259899	0.00238439	0.000751469	0.00590642	0.0112571	0.16492	0.00321877	0.0123362
135	0.0336973	0.00991674	0.0524855	0.138563	0.0217393	0.00214109	0.0401325	0.0861043	0.112331	0.0619323	0.023569	0.0240795	0.000608828	0.0791232	0.13574	0.0155693	0.0570379	0.0762068	0.0113435	0.0176793
136	0.0478784	0.00837504	0.147755	0.32789	0.00176789	0.0431532	0.0276872	0.0101008	0.087067	0.011732	0.0103084	0.0128877	0.00188548	0.0677829	0.0800416	0.0642549	0.0205273	0.00289659	0.0144765	0.0115324
137	0.0280483	0.00635799	0.0101889	0.0215437	0.0133721	0.0168449	0.0192364	0.0299493	0.133563	0.0385864	0.0101466	0.0192148	0.0117216	0.0453194	0.485219	0.0269729	0.0255743	0.0281386	0.006011	0.0239911
138	0.0281281	0.000896649	0.0622014	0.0401248	0.00628157	0.431069	0.01034	0.00182113	0.0673343	0.011632	0.0121573	0.148379	0.000384646	0.053867	0.0694931	0.0500355	0.00187308	0.00245406	0.000441061	0.0010863
139	0.0169829	0.00254094	0.00282703	0.0095581	0.0104905	0.0131297	0.00729585	0.0498194	0.139261	0.0706993	0.0052665	0.00713814	0.00358152	0.147112	0.348098	0.0305955	0.0214336	0.0604598	0.0144248	0.0392853
140	0.154835	0.0243281	0.00163483	0.00320034	0.0653026	0.00940937	0.0032053	0.0479076	0.00188957	0.400861	0.039009	0.00363893	0.00114129	0.00380229	0.00239738	0.0190871	0.0226811	0.190437	0.00139637	0.00383503
141	0.0169646	0.00778278	0.000293601	0.000452861	0.00781375	0.000725719	0.000577677	0.364667	0.000408701	0.30671	0.0577941	0.00109278	0.000278705	0.00379777	0.000471292	0.0029952	0.0113884	0.208332	0.000483719	0.00696991
142	0.0134864	0.00144874	0.733278	0.0793736	0.00151636	0.0246062	0.0119201	0.0021604	0.000888038	0.00764297	0.00738632	0.0591973	0.000844837	0.00538348	0.00125338	0.0218504	0.0122343	0.00273575	0.000542842	0.0122504
143	0.420531	0.0482942	0.00034763	0.000665165	0.000905897	0.0668663	0.000686464	0.0341149	0.000550107	0.035482	0.0331827	0.000928784	0.000889053	0.00136008	0.000541371	0.160932	0.124085	0.068638	0.000251362	0.000748489
144	0.013411	0.00280977	0.000476678	0.00226396	0.0417137	0.00123743	0.000765083	0.208053	0.000509499	0.316495	0.285838	0.00158835	0.000330739	0.00344359	0.00239114	0.00822077	0.00900527	0.076941	0.00842673	0.0160789
145	0.145037	0.0283243	0.000821023	0.0163787	0.01228	0.0122495	0.00324088	0.1938	0.00104004	0.103132	0.0455726	0.00436189	0.0023546	0.0360713	0.00112819	0.0777329	0.0813164	0.231753	0.00056956	0.00283658
146	0.0141044	0.001403	0.737935	0.0722279	0.0015317	0.0254765	0.0111534	0.00224912	0.00138233	0.00801951	0.00765673	0.0608988	0.000608746	0.00458693	0.00177639	0.0207725	0.012243	0.00278902	0.000569709	0.0126156
147	0.195472	0.0034027	0.0434161	0.0268504	0.091336	0.0457222	0.103572	0.00670839	0.0169324	0.0137634	0.0297647	0.0958835	0.00130272	0.0448194	0.0288609	0.0820592	0.0247283	0.0106526	0.00184516	0.132907
148	0.0278708	0.000968954	0.0623714	0.0406041	0.00651844	0.4356	0.0105845	0.00181553	0.0662493	0.0116493	0.0124748	0.145836	0.000374262	0.0537648	0.0678815	0.0495832	0.00187532	0.00249251	0.000446887	0.00103919
149	0.0259034	0.00244843	0.00247661	0.0057634	0.00714124	0.0213317	0.005841	0.0388519	0.218294	0.0819764	0.00549433	0.00582363	0.00216942	0.156739	0.260043	0.0300193	0.0329096	0.063303	0.00981132	0.0236599
150	0.0135219	0.00530543	0.000805661	0.00479144	0.00251777	0.0148248	0.0304501	0.0020657	0.437116	0.00650395	0.00198511	0.0269462	0.000456812	0.00528962	0.363358	0.0272281	0.0462478	0.00370371	0.00472409	0.00215795
151	0.0557749	0.00485706	0.000242529	0.00193338	0.0595934	0.000961596	0.00853867	0.224107	0.000582711	0.152393	0.0862461	0.00624897	0.00509075	0.00745016	0.00175691	0.0193045	0.0235868	0.297632	0.00871059	0.0349888
152	0.411972	0.0492659	0.00044443	0.000751363	0.000999859	0.0724742	0.000818223	0.0381258	0.000617626	0.0387052	0.0390034	0.00128405	0.00103422	0.00147257	0.000634468	0.155207	0.115375	0.0706036	0.00034452	0.000867137
153	0.014674	0.00777215	0.000257026	0.00039921	0.00856979	0.000632975	0.000451316	0.385358	0.000298978	0.2842	0.0589797	0.00084933	0.000270378	0.00279671	0.000382644	0.00286112	0.0102503	0.214233	0.000487591	0.00627608
154	0.176535	0.0222418	0.0025376	0.00330363	0.203345	0.0273548	0.0043195	0.0438153	0.00312871	0.00825692	0.0434586	0.0232342	0.00176397	0.00441431	0.00345499	0.0264911	0.0463626	0.0790213	0.0734328	0.203528
155	0.148782	0.00744869	0.00424254	0.00411092	0.0063122	0.544069	0.00416484	0.00606802	0.0020704	0.0486014	0.0286	0.00682779	0.00698476	0.00830341	0.00427769	0.0920756	0.0344764	0.0381395	0.000877511	0.00356742
156	0.0165617	0.00298901	0.6281	0.164169	0.0012717	0.0290223	0.0171445	0.00202584	0.00106234	0.00517039	0.00466234	0.0496544	0.000912271	0.00845333	0.00155973	0.0411742	0.0160423	0.00233478	0.000445168	0.00724464
157	0.127052	0.0118026	0.000909569	0.00866614	0.00632637	0.0527895	0.00134619	0.00629747	0.00673425	0.00891306	0.00971221	0.00416961	0.641732	0.0112306	0.00238785	0.0572628	0.0286087	0.0119474	0.00062616	0.00148639
158	0.0191976	0.0047563	0.5614	0.210302	0.00152379	0.0301511	0.015193	0.00264969	0.00366179	0.00515592	0.0043326	0.0404516	0.00102176	0.00991186	0.00398236	0.0512326	0.0244836	0.00329688	0.00128952	0.00600632
159	0.0216259	0.00488023	0.00131999	0.00195306	0.14021	0.00630023	0.070649	0.0593812	0.0170954	0.277968	0.090567	0.0148435	0.000847571	0.0922714	0.0156823	0.00715929	0.0763116	0.0470619	0.000835006	0.0530374
160	0.129298	0.0336955	0.00118545	0.00368546	0.0254554	0.0176023	0.00211108	0.104704	0.00105346	0.224875	0.109781	0.00647362	0.00109546	0.00795721	0.00130107	0.0234617	0.0522442	0.249492	0.00106317	0.00346454
161	0.057901	0.00200437	0.000715911	0.00989927	0.104484	0.00206276	0.00602623	0.218149	0.00850668	0.20571	0.0580796	0.00343366	0.00152566	0.00421388	0.00203691	0.020648	0.0205719	0.134843	0.0136331	0.125555
162	0.294827	0.00577305	0.0150432	0.0031999	0.00139415	0.385401	0.00140225	0.00218872	0.000698978	0.00324292	0.00454878	0.018379	0.0136551	0.0294319	0.00631511	0.170316	0.0332368	0.00933906	0.000343423	0.00126402
163	0.0144988	0.00362669	0.000323682	0.0022399	0.0613026	0.00122641	0.00084398	0.192041	0.000369143	0.362832	0.21497	0.00185075	0.000259156	0.00323671	0.00224615	0.0084101	0.0105166	0.0907501	0.0104389	0.0180168
164	0.0265207	0.0125016	0.256502	0.48202	0.00237324	0.0299994	0.00968975	0.00411623	0.00309189	0.00492117	0.00380158	0.012838	0.00222172	0.013332	0.0050392	0.088532	0.034745	0.00473484	0.000950717	0.00206949
165	0.0468103	0.0162253	0.00105441	0.00213277	0.0172952	0.00411739	0.00215547	0.0815064	0.00149272	0.311588	0.263176	0.0320961	0.000748782	0.0126838	0.00190016	0.00504366	0.0400094	0.153421	0.00252302	0.0040195
166	0.0194436	0.000925853	0.0446229	0.0309901	0.00452682	0.633229	0.00773411	0.0017541	0.0385715	0.0074849	0.00777508	0.089292	0.000420749	0.0309644	0.042249	0.0335479	0.00278198	0.00234949	0.000375835	0.000960104
167	0.165579	0.0893442	0.00161644	0.00231247	0.00373773	0.112678	0.00293221	0.102309	0.00184555	0.102894	0.18443	0.00353097	0.00139519	0.00337946	0.00249924	0.0345579	0.0278439	0.153604	0.00108624	0.00242467
168	0.0324524	0.00997254	0.0512703	0.140572	0.0213047	0.00190338	0.0401272	0.0878992	0.111913	0.060647	0.0234231	0.0242641	0.000444869	0.0805676	0.132609	0.0155464	0.0583273	0.077714	0.0113523	0.0176888
169	0.128193	0.0809683	0.000888141	0.00125197	0.0365125	0.0201828	0.0194609	0.190961	0.000806158	0.0888078	0.0456252	0.0353103	0.0920751	0.0076645	0.00119912	0.0667971	0.0668077	0.0948976	0.000501843	0.0210887
170	0.0167155	0.00295737	0.630084	0.160184	0.00127778	0.029072	0.0173245	0.00210884	0.00160386	0.00530763	0.00483387	0.0499887	0.000843175	0.00877185	0.00210364	0.0407195	0.0157654	0.00234257	0.000527048	0.00746953
171	0.0149738	0.00487331	0.000344506	0.000710596	0.147428	0.0057869	0.00502573	0.0991	0.000435203	0.482379	0.108667	0.00256987	0.000222078	0.000858736	0.000740037	0.00287936	0.00200647	0.10089	0.0028214	0.0172876
172	0.0133757	0.00441802	0.000287827	0.00150317	0.0352936	0.000752757	0.000572354	0.278665	0.000293149	0.33222	0.169669	0.000881572	0.000207935	0.00228155	0.00136457	0.00724414	0.00972379	0.120798	0.00625173	0.0141966
173	0.00261982	0.00229926	0.000445277	0.000706673	0.0343461	0.00125463	0.000945912	0.60102	0.00056142	0.0971873	0.0484162	0.000995426	0.000321566	0.000976359	0.000610427	0.00171151	0.0025237	0.198016	0.000336247	0.00470613
174	0.191059	0.00478149	0.00881411	0.00323107	0.00212884	0.564067	0.0017831	0.00209402	0.000935968	0.00877388	0.00963016	0.00963359	0.00864146	0.0166165	0.00428364	0.117935	0.0296333	0.0142283	0.00032784	0.00140142
175	0.0069541	0.00344716	0.071123	0.0164581	0.0031793	0.0687457	0.0674828	0.0043314	0.00186425	0.00633598	0.00357492	0.551804	0.00148791	0.00301611	0.00251501	0.137728	0.0304308	0.006762	0.00100856	0.0117513
176	0.0588122	0.00585301	0.0109086	0.00558896	0.00908366	0.0243698	0.00603721	0.00258948	0.00115876	0.0111782	0.0116545	0.0277647	0.00837689	0.00238577	0.0017909	0.617157	0.173103	0.00888379	0.000447608	0.0128565
177	0.0749907	0.00463049	0.0533454	0.0119547	0.0522653	0.0402126	0.192846	0.00967483	0.131637	0.0129899	0.015323	0.106118	0.00182339	0.0430057	0.080903	0.0333653	0.0128666	0.0210105	0.00221981	0.0988183
178	0.017061	0.0147946	0.00078581	0.00211723	0.00220845	0.00235191	0.00152911	0.46088	0.0152156	0.0740419	0.0070639	0.00555544	0.000551701	0.00583048	0.00859563	0.00760417	0.0832684	0.288282	0.000561388	0.00170205
179	0.127251	0.0113598	0.00084198	0.00678969	0.00625626	0.0503955	0.0014215	0.00658342	0.00925736	0.00879867	0.0109635	0.00587583	0.634005	0.013026	0.00384102	0.057365	0.032115	0.0116012	0.000638786	0.00161306
180	0.00639995	0.00138721	0.00104877	0.00133366	0.133437	0.00536142	0.032773	0.0260426	0.00143594	0.619506	0.0838236	0.00389467	0.000457846	0.0028988	0.00180611	0.00589992	0.00374589	0.0516999	0.0059788	0.0110689
181	0.0457949	0.00451408	0.000215274	0.00200648	0.0564075	0.000450028	0.00839036	0.233869	0.000536225	0.161477	0.0916478	0.00637856	0.00382712	0.00771464	0.00190288	0.017846	0.021827	0.289351	0.00988284	0.0359615
182	0.0346235	0.00912541	0.0081405	0.0176517	0.0192477	0.0159892	0.0139858	0.0869026	0.0268906	0.0845162	0.0185698	0.0151087	0.0490264	0.0401703	0.395796	0.0269618	0.0243371	0.043023	0.00702847	0.0629056
183	0.0459223	0.00451323	0.000217651	0.00201308	0.0565535	0.00045185	0.00838006	0.233659	0.00054097	0.161029	0.0915964	0.0063871	0.00383785	0.00774277	0.001905	0.017905	0.0218652	0.289582	0.00989136	0.0360063
184	0.229363	0.0201558	0.00352783	0.00270094	0.00452634	0.410882	0.00190867	0.0146028	0.00180422	0.0236955	0.0307894	0.00544196	0.00642452	0.00635309	0.0026262	0.117015	0.0681169	0.0471199	0.000495564	0.0024497
185	0.0160408	0.0023962	0.000736321	0.00484173	0.511699	0.00397764	0.0117164	0.0650265	0.00418706	0.109677	0.056581	0.00145443	0.000390784	0.00405694	0.00338602	0.00401343	0.00429629	0.027158	0.0106787	0.157685
186	0.117518	0.0128092	0.00102303	0.00661578	0.007104	0.050895	0.00145734	0.00732477	0.0061632	0.00999364	0.0090554	0.00369408	0.652358	0.0115283	0.00214843	0.056049	0.0286545	0.013174	0.00076594	0.00166832
187	0.018664	0.0133891	0.000609831	0.00179238	0.00818122	0.00202298	0.0019195	0.432945	0.00912173	0.109018	0.0231307	0.00674395	0.000929661	0.00790515	0.00532106	0.0110314	0.0624227	0.279123	0.00124915	0.00447841
188	0.0199552	0.00142739	0.00116726	0.0095981	0.273608	0.00212268	0.0302172	0.0789062	0.00959489	0.153998	0.129616	0.00172948	0.00058109	0.00865634	0.00792101	0.00458253	0.00464784	0.041234	0.0157899	0.204648
189	0.0132723	0.00150589	0.730563	0.0833426	0.00141948	0.0248998	0.0119791	0.00275988	0.000969533	0.00769582	0.00718486	0.0577744	0.0005634	0.0046892	0.0011326	0.0229991	0.0124494	0.00274767	0.000517593	0.0115345
