358	20
1	0.022188	0.000991059	0.0866931	0.0269306	0.00146126	0.0753351	0.0340063	0.00240846	0.0227703	0.012078	0.00187474	0.197807	0.0385141	0.0185138	0.00213806	0.209994	0.21631	0.0122241	0.000544397	0.0172183
2	0.158105	0.00221706	0.00256696	0.079027	0.0137688	0.0210435	0.00271288	0.112206	0.00330627	0.0859123	0.213253	0.00495621	0.0356206	0.00716127	0.00408059	0.0598381	0.0466988	0.127577	0.0175145	0.00243465
3	0.0959991	0.000634711	0.303154	0.142757	0.0075316	0.0339307	0.047195	0.00220411	0.0608285	0.00311856	0.00182044	0.109174	0.00164841	0.0587528	0.0499443	0.0550262	0.0213357	0.00360276	0.000365727	0.000976216
4	0.120209	0.00912034	0.0032288	0.012888	0.069538	0.0135189	0.00087086	0.0735557	0.00379629	0.206828	0.0803783	0.00114401	0.00114461	0.00108927	0.00338305	0.0611734	0.140501	0.196196	0.000386381	0.00105137
5	0.0110153	0.00141452	0.000722413	0.00201582	0.0166782	0.00134691	0.00078643	0.0380278	0.00664216	0.74356	0.113076	0.000912099	0.00654058	0.00577121	0.0148972	0.010797	0.0089084	0.0130041	0.000227122	0.00365639
6	0.0261644	0.00195414	0.000516842	0.000931662	0.0188596	0.00468136	0.000904872	0.253638	0.000743821	0.122241	0.0452516	0.00339386	0.000348056	0.00104287	0.00332229	0.00869796	0.0420893	0.45022	0.00129975	0.0136984
7	0.134936	0.0114417	0.00124173	0.00173212	0.0198617	0.0314654	0.00128513	0.0462339	0.00139643	0.0694976	0.00836645	0.00183666	0.00188657	0.00301185	0.00316566	0.282899	0.310866	0.0671885	0.000519455	0.00116774
8	0.0398028	0.00354218	0.000221472	0.000402988	0.00560151	0.00586086	0.00124407	0.401343	0.000268493	0.097032	0.0275835	0.000534666	0.000191187	0.000423129	0.00142231	0.00815321	0.0238172	0.380921	0.000603073	0.00103055
9	0.648021	0.00407904	0.000870155	0.00118174	0.00198101	0.140282	0.000629979	0.00248932	0.0004515	0.00325635	0.00166471	0.00128685	0.000992772	0.000861189	0.00213488	0.142834	0.0255637	0.0204129	0.000153745	0.00085302
10	0.234918	0.000497172	0.000601185	0.00477559	0.0012436	0.00203668	0.00265266	0.168718	0.000769212	0.0819353	0.0439369	0.000727816	0.0186425	0.00402623	0.00131295	0.0782219	0.112585	0.239268	0.000278274	0.00285316
11	0.139935	0.0104379	0.000284036	0.000427589	0.0286151	0.0358227	0.000461041	0.265783	0.000240811	0.239242	0.0162795	0.000636448	0.00127363	0.000441653	0.000572587	0.00691988	0.0301787	0.217386	0.00127109	0.00379074
12	0.558649	0.00464433	0.000711209	0.00231036	0.00336921	0.199843	0.00107015	0.00533461	0.00270077	0.0101258	0.00284837	0.0027557	0.000915294	0.00271869	0.00456177	0.133966	0.0315099	0.0302949	0.000835484	0.000836221
13	0.695695	0.0063684	0.00151749	0.0017966	0.000326035	0.040027	0.000244848	0.00448733	0.000984277	0.00100248	0.000507871	0.000353185	0.00147655	0.000388313	0.00236109	0.175227	0.0442554	0.0215389	0.000354325	0.00108784
14	0.0928549	0.0141327	0.000283353	0.000487557	0.0823591	0.0178949	0.000361829	0.229587	0.00030303	0.278028	0.0377335	0.00143935	0.00131494	0.00147381	0.00038697	0.0122081	0.0329078	0.17655	0.0083609	0.011332
15	0.174091	0.012273	0.000283832	0.000420523	0.0635321	0.0454281	0.000316186	0.201474	0.000368333	0.213738	0.0193624	0.000380756	0.00185342	0.000407259	0.000375393	0.007901	0.0284325	0.209621	0.00637753	0.0133636
16	0.0542448	0.0102125	0.000940685	0.00382208	0.0575948	0.00612201	0.0065141	0.263367	0.00866645	0.317554	0.0331714	0.00500451	0.00142451	0.00787473	0.00818631	0.011697	0.0262819	0.146307	0.00851156	0.0225027
17	0.0325658	0.000388969	0.042322	0.0148256	0.000568771	0.740395	0.00853427	0.00125422	0.010189	0.00134069	0.000929582	0.0592258	0.000387994	0.0222329	0.0219756	0.0267303	0.0100552	0.00530053	0.000280335	0.000496937
18	0.189535	0.00163912	0.102496	0.266539	0.00967804	0.0429779	0.010965	0.00781767	0.0126235	0.0129033	0.0101684	0.0241712	0.00464123	0.0290139	0.016961	0.141056	0.0901051	0.014235	0.00238668	0.0100864
19	0.599413	0.00307854	0.000317017	0.000502491	0.00337813	0.240489	0.00119304	0.000717381	0.00030227	0.00644176	0.00253778	0.00263966	0.000593798	0.00159027	0.00335515	0.108933	0.0101681	0.0135321	0.000145002	0.000673346
20	0.68152	0.00519744	0.00130132	0.00148405	0.000878955	0.0753293	0.000311367	0.00385453	0.000619846	0.00182688	0.000998028	0.000467949	0.00115122	0.000449736	0.00187183	0.153927	0.0398616	0.0277517	0.000303148	0.000894104
21	0.152215	0.00309766	0.00273727	0.0114471	0.028714	0.0137485	0.000507677	0.10118	0.00348997	0.202615	0.107838	0.000620518	0.00247586	0.00102529	0.00293309	0.0541279	0.103487	0.206499	0.000655616	0.000586099
22	0.0497602	0.00601223	0.000189734	0.000564048	0.0251669	0.00895143	0.00034715	0.285759	0.000386186	0.182384	0.0304291	0.00100918	0.0012761	0.000807559	0.00165072	0.0049546	0.0187052	0.377568	0.00118202	0.0028964
23	0.230913	0.000434179	0.000614973	0.00487656	0.00101341	0.00203691	0.00291098	0.169202	0.000705838	0.0844689	0.0451672	0.000697537	0.0211107	0.00404441	0.00114081	0.0742011	0.108645	0.244563	0.000266283	0.00298714
24	0.046521	0.00284195	0.00126427	0.00183098	0.366471	0.00506489	0.00223396	0.0367711	0.00296112	0.198184	0.0418658	0.00169062	0.00100913	0.00196062	0.0050937	0.0192334	0.042482	0.172413	0.0341009	0.0160059
25	0.0313327	0.00362729	0.000983794	0.00213029	0.280822	0.0059987	0.00106444	0.169852	0.00258836	0.313297	0.0424492	0.00184181	0.00209409	0.00286071	0.00377016	0.00834623	0.0204208	0.087456	0.0108656	0.00819906
26	0.0356992	0.00189062	0.00210073	0.00276294	0.238753	0.0039067	0.00847698	0.0535798	0.0027484	0.0970217	0.0689667	0.0242187	0.0151041	0.00964062	0.00302663	0.0320488	0.0191352	0.0405262	0.00795366	0.332439
27	0.247646	0.00160537	0.00140303	0.00233698	0.0133153	0.0731865	0.00149931	0.0279771	0.00189049	0.138117	0.026303	0.0122527	0.00121673	0.0577497	0.0146613	0.166392	0.181702	0.028494	0.00077562	0.00147599
28	0.0437266	0.00984902	0.000225789	0.000396466	0.0600123	0.00718237	0.000283461	0.293231	0.000263809	0.349855	0.0246025	0.00131104	0.00354172	0.00143017	0.000381289	0.00638206	0.0198183	0.168893	0.00241601	0.00619794
29	0.42616	0.00479627	0.00453106	0.00467354	0.00502531	0.265588	0.00295312	0.00264662	0.00359597	0.00965666	0.00210012	0.0115512	0.00120362	0.00738747	0.00642807	0.213112	0.0171831	0.00825248	0.000631402	0.00252419
30	0.132323	0.000179175	0.0785086	0.182761	0.000877361	0.108644	0.0273788	0.00341858	0.0533643	0.01233	0.00504783	0.0722001	0.00297484	0.0518589	0.0464802	0.160585	0.0487663	0.0102253	9.16831e-05	0.00198575
31	0.127521	0.00155683	0.00153142	0.0129828	0.0814438	0.0133444	0.0127033	0.0123735	0.034175	0.212095	0.0853124	0.0020615	0.00111018	0.0237697	0.0374473	0.0273871	0.0606835	0.074633	0.0671923	0.110676
32	0.00621244	0.000459999	0.000391457	0.00355817	0.035357	0.00109595	0.00108979	0.0969716	0.000923558	0.742067	0.0410389	0.000569658	0.00571452	0.00402576	0.00762395	0.00275286	0.00294394	0.0377703	0.000170149	0.0092626
33	0.0597342	0.000412361	0.0399351	0.601413	0.00259207	0.0127773	0.00450215	0.00115149	0.0137304	0.00696517	0.000860249	0.0157826	0.000403131	0.190244	0.00722594	0.014815	0.0152461	0.01136	0.000270703	0.00057895
34	0.166035	0.000248231	0.0785002	0.136936	0.000351759	0.11761	0.0270011	0.00652043	0.0464541	0.00907239	0.0100906	0.0738312	0.000299393	0.0395543	0.0440398	0.173489	0.0504522	0.0178546	0.000150199	0.00150886
35	0.132532	0.00438771	0.00483972	0.0114647	0.0387251	0.0117668	0.000884305	0.0883828	0.00724848	0.209536	0.102147	0.000921561	0.0012798	0.00109243	0.0055231	0.0606636	0.109476	0.207596	0.000462155	0.00107143
36	0.132396	0.000171319	0.0812301	0.176603	0.000402149	0.111727	0.0273092	0.00324519	0.0552631	0.00927537	0.00475267	0.0762646	0.000279999	0.0521444	0.04668	0.166371	0.0456025	0.00841262	6.95202e-05	0.00180065
37	0.0278608	0.000193488	0.000363852	0.00887014	0.000310668	0.00945177	0.0138727	0.00632598	0.284344	0.00901485	0.0037366	0.0202199	0.0016211	0.0440133	0.519636	0.0245518	0.015916	0.00768586	0.00011139	0.00189913
38	0.440608	0.0115221	0.00208641	0.00157396	0.00441515	0.0193909	0.000568141	0.00640766	0.00067348	0.00290227	0.00373949	0.00455661	0.00204728	0.00118043	0.00258771	0.236062	0.235435	0.0221363	0.000244328	0.00186317
39	0.10141	0.000353983	0.0348155	0.0589015	0.000495263	0.0360856	0.035716	0.00178094	0.17247	0.0179461	0.00427211	0.0293654	0.000472467	0.0798819	0.277215	0.0881428	0.0499837	0.00733338	0.000999963	0.00235827
40	0.100884	0.000184917	0.0431893	0.0572395	0.000431531	0.037707	0.0438812	0.000655284	0.159028	0.0182618	0.00433017	0.0414775	0.000419006	0.0813808	0.260275	0.093699	0.0481935	0.00568077	0.000972776	0.00210905
41	0.375865	0.00118181	0.0315952	0.0264877	0.0025529	0.0717566	0.00164673	0.00265508	0.0160994	0.00387397	0.00276656	0.0171301	0.000739329	0.0409015	0.00225435	0.33541	0.0382965	0.0187866	0.000761192	0.00923974
42	0.0049222	0.000378163	0.000190424	0.000299669	0.0153741	0.000578423	0.00071034	0.520115	0.000242846	0.147547	0.0487797	0.00244125	0.000170665	0.000307683	0.00198158	0.00236135	0.00881321	0.244443	9.70568e-05	0.000246615
43	0.117362	0.00016786	0.0306098	0.0565297	0.000298626	0.0413072	0.0260406	0.000552335	0.183285	0.0163154	0.00397559	0.0206161	0.000184386	0.0741584	0.275978	0.0932386	0.0491232	0.00636504	0.00131242	0.00257965
44	0.165167	0.000202722	0.0714691	0.143258	0.000295683	0.116543	0.0271662	0.00372297	0.051601	0.00877806	0.00825787	0.0724454	0.000224043	0.0444338	0.0436649	0.182796	0.0477616	0.0104203	0.000126555	0.00166588
45	0.178934	0.00716407	0.000508039	0.00074551	0.0849082	0.0591176	0.000555314	0.0729807	0.000630369	0.498674	0.00526539	0.000607468	0.000365134	0.000707189	0.000669812	0.0190485	0.00663148	0.061819	0.00025687	0.000412257
46	0.11783	0.00323312	0.00186465	0.00775481	0.0256656	0.0186545	0.000469544	0.114659	0.00225006	0.240636	0.154707	0.000751373	0.00245471	0.000854463	0.00195719	0.0401737	0.0832656	0.180984	0.00120646	0.000627679
47	0.116415	0.000372731	0.232747	0.17268	0.00461811	0.0525566	0.0343515	0.00193191	0.0639838	0.00661116	0.00195754	0.0781524	0.0050385	0.0663101	0.043528	0.0768874	0.0353562	0.00518774	0.000258365	0.00105572
48	0.029569	0.0218368	0.000857481	0.00119866	0.0011766	0.00162395	0.000821289	0.0773148	0.00104055	0.600548	0.118167	0.00105663	0.000946276	0.0195939	0.001319	0.00309864	0.0221989	0.0963451	0.000516924	0.000770082
49	0.255991	0.00123581	0.00134868	0.0022644	0.00237032	0.00626095	0.00191238	0.030317	0.0397677	0.0436506	0.0307388	0.00249454	0.00125748	0.0327474	0.0937757	0.0982747	0.26824	0.0847186	0.000901362	0.0017333
50	0.151361	0.000600067	0.000849151	0.00143571	0.00113038	0.0198731	0.00100476	0.00226243	0.00100027	0.00320616	0.0018416	0.0126069	0.706996	0.00169859	0.00137733	0.0664799	0.0219627	0.00333775	0.000360351	0.000615708
51	0.0791845	0.000493359	0.172101	0.242361	0.00619941	0.0235675	0.0217539	0.00336224	0.0696583	0.0251154	0.00343053	0.0241127	0.0494191	0.0797785	0.0732793	0.0447203	0.059085	0.0194987	0.000365563	0.00251355
52	0.0121136	0.000801659	0.0264577	0.147045	0.0156472	0.00197538	0.0106611	0.0285938	0.0601709	0.015181	0.0252669	0.0396172	0.000752779	0.0598959	0.0474915	0.0442433	0.324889	0.112322	0.000588893	0.0262843
53	0.511753	0.0190705	0.00117889	0.00445583	0.0159717	0.0746178	0.00120995	0.0470403	0.00408049	0.0423352	0.0108362	0.00153224	0.00105656	0.00171697	0.00439089	0.0583434	0.0529219	0.142766	0.00206315	0.00265905
54	0.0319212	0.00039163	0.0430037	0.0148079	0.000559046	0.741139	0.0084018	0.00125806	0.0103197	0.00138242	0.000917309	0.0597832	0.000424376	0.0217967	0.0217447	0.0262639	0.00991086	0.00518947	0.000276304	0.0005092
55	0.0333852	0.000419064	0.583335	0.102977	0.00078587	0.0171862	0.0216796	0.00141197	0.00384791	0.00169012	0.0102634	0.070287	0.000384805	0.0302942	0.00317546	0.0774754	0.0376309	0.00199516	0.00027794	0.00149756
56	0.0220116	0.000359763	0.00394384	0.0229341	0.000581755	0.00100141	0.0119487	0.253936	0.0115109	0.114759	0.0272879	0.00086999	0.000465038	0.0210431	0.07729	0.0139814	0.124479	0.278496	0.000300148	0.0127993
57	0.0120303	0.000833312	0.000130311	0.000222102	0.0234426	0.00087507	0.000223011	0.424161	0.000203389	0.121859	0.0356882	0.00185636	0.000111894	0.000300955	0.000788546	0.00175471	0.00586853	0.368572	0.000123693	0.000955324
58	0.0426135	0.00126441	0.00185918	0.0227874	0.00237629	0.00248383	0.0215896	0.195964	0.0130082	0.256217	0.0250523	0.00188736	0.000981256	0.0495197	0.11024	0.0356318	0.0333112	0.178096	0.00113031	0.00398718
59	0.0197967	0.00169747	0.000386374	0.000510538	0.000454462	0.000915791	0.000369064	0.102058	0.000373154	0.0375904	0.00476152	0.000437156	0.000248626	0.000589613	0.000576006	0.00121274	0.0148145	0.812613	0.000205065	0.000390168
60	0.0318685	0.000325143	0.000712624	0.00754447	0.000513805	0.0099971	0.0169414	0.0088814	0.304349	0.0122436	0.00385065	0.0172542	0.00307828	0.0385244	0.491865	0.0257166	0.0151739	0.00924893	0.000124384	0.00178721
61	0.159751	0.000623498	0.000877762	0.00130671	0.00123407	0.0211597	0.000879435	0.00226978	0.00105257	0.00267621	0.00177746	0.0137602	0.691892	0.00141338	0.00140241	0.0696656	0.0240726	0.00312135	0.000399547	0.000664737
62	0.0302613	0.000243178	0.0141177	0.00506458	0.000339625	0.873231	0.00385109	0.000894705	0.00350146	0.000912635	0.000601517	0.0238178	0.000231917	0.00701672	0.00847757	0.0211318	0.00370347	0.00192984	0.000161577	0.000510128
63	0.104205	0.000702031	0.183416	0.52097	0.00138269	0.0513958	0.00121878	0.00219901	0.00171339	0.00286841	0.00896825	0.00181318	0.000685728	0.0290947	0.0017261	0.063247	0.0189238	0.00391328	0.000591054	0.0009664
64	0.0662861	0.000352573	0.0111775	0.0196229	0.0003925	0.0160804	0.018283	0.00393787	0.258049	0.016111	0.00875612	0.0169235	0.00100535	0.0570723	0.403384	0.0496173	0.0385436	0.0109722	0.00107959	0.00235284
65	0.00950791	0.000503384	0.000135947	0.000251897	0.0282449	0.000473797	0.000222004	0.472885	0.000208224	0.105139	0.0354081	0.00180355	0.000129905	0.000288427	0.000815257	0.00122436	0.00491948	0.337104	8.71383e-05	0.000647905
66	0.159828	0.000626549	0.000878219	0.00131783	0.00117488	0.0211143	0.000834621	0.0022066	0.0010727	0.00267119	0.00173762	0.0133782	0.693061	0.00140772	0.00141167	0.0700726	0.0230532	0.00313991	0.000374405	0.000638321
67	0.121463	0.00880328	0.00311744	0.00557419	0.0133198	0.00872543	0.000756525	0.0709412	0.00159127	0.263875	0.0510433	0.00103579	0.000917839	0.00779126	0.0101356	0.0407598	0.060131	0.328896	0.000304848	0.000816759
68	0.00267885	0.000457732	0.964047	0.00352118	0.000644869	0.00616124	0.00247826	0.00133243	0.0019504	0.00167866	0.00107587	0.00217646	0.00164193	0.000896888	0.000898393	0.00323959	0.00199726	0.00220412	0.000292136	0.000626249
69	0.0262421	0.000119074	0.00190959	0.000181949	0.000151343	0.94671	0.00117816	0.000334853	0.000179785	0.000534737	0.000264436	0.00150195	0.000115631	0.00022807	0.00120092	0.0179283	0.000468316	0.00053418	7.92104e-05	0.00013773
70	0.054693	0.0100673	0.0118034	0.107728	0.000962704	0.00146417	0.000924658	0.161745	0.0771913	0.0466506	0.00128903	0.000949091	0.000493297	0.0274553	0.0764123	0.0156386	0.107392	0.29605	0.000421983	0.000668102
71	0.0251567	0.00279939	0.000150538	0.000236408	0.0112179	0.00115243	0.00016687	0.356039	0.000183721	0.0881894	0.0270373	0.000875718	0.000131379	0.000304301	0.00029896	0.00432117	0.0109444	0.468957	0.00030013	0.00153641
72	0.0220202	0.000361078	0.0039321	0.0229493	0.000581757	0.00100142	0.0119558	0.253963	0.0115059	0.11478	0.0272815	0.000869878	0.000465032	0.0210919	0.0772787	0.0139547	0.124399	0.278509	0.000300147	0.0127997
73	0.134795	0.000168732	0.0754318	0.175693	0.000279468	0.112786	0.0268154	0.00312019	0.0556402	0.00973376	0.00495943	0.0749706	0.00022401	0.0514736	0.045896	0.170907	0.0465496	0.00860127	7.88621e-05	0.00187723
74	0.0966371	0.0161217	0.00153581	0.00504214	0.00329976	0.107809	0.00164598	0.019222	0.00162598	0.010297	0.00301801	0.00505877	0.0136627	0.00240178	0.00246656	0.463198	0.221734	0.0231852	0.00078691	0.0012514
75	0.258285	0.000981972	0.0267243	0.0499796	0.0390526	0.0197155	0.00880635	0.00274907	0.00148717	0.018985	0.0136188	0.0171648	0.000748354	0.0176199	0.0105427	0.330173	0.129412	0.00466672	0.00861246	0.0406755
76	0.0222302	0.00258924	0.000175851	0.000278458	0.0145525	0.00176398	0.000196496	0.331532	0.000228764	0.105344	0.0279765	0.000931071	0.000123481	0.000320459	0.000326791	0.00547815	0.0120786	0.470767	0.000508911	0.00259728
77	0.0224141	0.000585945	0.641077	0.0256561	0.000918218	0.0201264	0.0234716	0.00195503	0.00186834	0.00213802	0.00438072	0.115145	0.000539542	0.0116028	0.0045227	0.0930278	0.0269315	0.00261321	0.000304227	0.000722175
78	0.0574134	0.000392741	0.0388745	0.606261	0.0027482	0.0129108	0.00400111	0.00113504	0.0152299	0.00706962	0.000768511	0.0173698	0.000377053	0.184282	0.00778817	0.0157543	0.0163167	0.0106011	0.00020704	0.000499183
79	0.38087	0.00141587	0.00191436	0.00300344	0.00231271	0.0051575	0.0175817	0.00508369	0.046367	0.0057038	0.00355374	0.00341165	0.00170202	0.00368674	0.0336332	0.467258	0.00679738	0.00709767	0.00114871	0.0023001
80	0.42314	0.00129558	0.00118575	0.0021514	0.00146678	0.0183005	0.00124544	0.0193567	0.00147261	0.0217188	0.014348	0.00172447	0.111905	0.00205192	0.00206815	0.249618	0.0786596	0.0462456	0.000661957	0.00138376
81	0.00485188	0.000389677	0.000192355	0.000295234	0.0157408	0.000511808	0.000677344	0.518091	0.000233976	0.146488	0.0484779	0.00243399	0.000175148	0.000301919	0.00190673	0.00229514	0.00854996	0.247998	9.50578e-05	0.000294338
82	0.00576092	0.00072964	0.000912152	0.00210077	0.00134197	0.0031261	0.00105038	0.0028223	0.0013496	0.00329211	0.00199328	0.00886865	0.000743323	0.00174703	0.00174425	0.0122867	0.944339	0.0041836	0.000536519	0.00107133
83	0.025394	9.27375e-05	0.00228778	0.000315672	0.000146778	0.946282	0.00123467	0.000306283	0.00025524	0.000433704	0.000248802	0.00195115	0.000111416	0.000338567	0.00138919	0.0178762	0.000543232	0.000568269	8.10287e-05	0.000143014
84	0.0595317	0.000536796	0.0679532	0.650857	0.00230335	0.0195712	0.00320992	0.00167337	0.0110119	0.00559778	0.00233915	0.0117299	0.000504986	0.110942	0.0064748	0.0239303	0.0137205	0.00677241	0.000320147	0.0010202
85	0.193552	0.00092935	0.00131115	0.00160905	0.00152453	0.0196993	0.0013994	0.00445313	0.00141529	0.00583471	0.00350765	0.0110011	0.560774	0.00179664	0.0018729	0.151703	0.0278422	0.00823413	0.000508485	0.00103148
86	0.0355773	0.00235927	0.000341618	0.000679938	0.0455632	0.00680587	0.00181166	0.219955	0.00317283	0.215696	0.0999234	0.000721382	0.000291068	0.00121887	0.0173752	0.00137283	0.0338816	0.311328	0.000798432	0.00112641
87	0.0059351	0.000314248	0.000411504	0.00358434	0.000439223	0.00715892	0.00529447	0.0018848	0.0014061	0.0137867	0.00448255	0.000531913	0.932589	0.00732338	0.001727	0.00166288	0.00143039	0.00861718	0.000216239	0.00120394
88	0.0614812	0.0117998	0.00764799	0.0762505	0.00133287	0.00200972	0.00104095	0.139529	0.0568854	0.0351226	0.00186206	0.00123229	0.000577888	0.0227471	0.0773938	0.0215289	0.0711634	0.409027	0.000420446	0.000946575
89	0.0944814	0.000342343	0.152919	0.2584	0.00864456	0.0329897	0.0238091	0.00364945	0.0438619	0.0351565	0.00396971	0.0315815	0.0451721	0.0647835	0.0657497	0.0524602	0.0563796	0.022391	0.000206104	0.00305312
90	0.0943917	0.000344097	0.152038	0.258407	0.00858632	0.0327388	0.0239354	0.00365085	0.0444105	0.0350363	0.00386849	0.0317525	0.0452028	0.065082	0.0662964	0.0524415	0.0563077	0.0222333	0.000207567	0.00306918
91	0.0200021	0.00150879	0.000381914	0.000541983	0.000453104	0.00104158	0.000368967	0.0959349	0.000394167	0.040132	0.00503765	0.000447211	0.00022939	0.000579411	0.000592373	0.00119096	0.0164306	0.814065	0.000234648	0.000433568
92	0.0426146	0.000876196	0.00134588	0.00165513	0.315322	0.00250973	0.00981919	0.0467585	0.00170171	0.102449	0.0225876	0.0163875	0.0202911	0.010672	0.00194205	0.0410446	0.0211715	0.0213645	0.00986724	0.30962
93	0.54138	0.00967365	0.00207956	0.00248777	0.00192055	0.0823478	0.000496353	0.00535805	0.00126505	0.00237629	0.00116776	0.00126442	0.00270638	0.0019879	0.00220929	0.260684	0.0580606	0.0211198	0.000369641	0.00104526
94	0.0253907	9.08449e-05	0.00192102	0.00018164	0.000151201	0.9478	0.00117913	0.000313203	0.000180629	0.000430166	0.00025344	0.00150284	0.000111259	0.000215745	0.00120255	0.0178857	0.000463155	0.000509944	7.95843e-05	0.000137117
95	0.0961175	0.0368241	0.00214215	0.00198987	0.0154553	0.00459085	0.00115665	0.00542781	0.00132538	0.00489582	0.00567856	0.00597607	0.00088206	0.00150905	0.0028716	0.29847	0.492725	0.0131482	0.000530503	0.00828406
96	0.0049595	0.000380818	0.000192698	0.000297495	0.0154339	0.00056896	0.000729183	0.51916	0.000237866	0.14791	0.0488974	0.00248912	0.000169106	0.000317212	0.00202345	0.00239023	0.00900873	0.244475	0.000109429	0.000249416
97	0.106602	0.0387155	0.00274989	0.00410141	0.00395837	0.00909338	0.00281884	0.0490146	0.00465179	0.0338976	0.00647827	0.502563	0.00200708	0.00418229	0.00498468	0.100873	0.0132038	0.104229	0.00238954	0.00348562
98	0.0715925	0.00107853	0.0234542	0.181147	0.00176885	0.101824	0.0254194	0.0368768	0.0454548	0.0699377	0.0249715	0.0265775	0.00163666	0.155068	0.0377832	0.0336273	0.099865	0.0473243	0.00070719	0.0138862
99	0.0658131	0.00059584	0.158621	0.189716	0.00602318	0.0535587	0.0487308	0.0141033	0.00155259	0.00841015	0.0170008	0.105491	0.000486726	0.0464819	0.0124244	0.101357	0.121893	0.0226149	0.00546422	0.0196621
100	0.114819	0.00116889	0.0198407	0.0173077	0.00143001	0.515507	0.0107435	0.00591977	0.0234838	0.0117103	0.00476156	0.0446411	0.000338849	0.038259	0.0482411	0.0775337	0.0324283	0.0265912	0.00153464	0.00373998
101	0.238824	0.00103771	0.00128539	0.0374582	0.0601116	0.00266988	0.0116371	0.0134104	0.00173897	0.119655	0.0128036	0.00174767	0.0104199	0.0343802	0.0119556	0.0967305	0.0839865	0.169932	0.00103623	0.0891799
102	0.0437214	0.0104608	0.00023973	0.000455251	0.0622373	0.00826577	0.000287075	0.284993	0.000239357	0.358131	0.0276118	0.00136597	0.00406623	0.00157485	0.000369734	0.0077363	0.0212473	0.158393	0.00262797	0.00597696
103	0.0189131	0.00168224	0.0656517	0.200581	0.00460292	0.00965647	0.0221016	0.0404668	0.0930146	0.0428308	0.0220022	0.013143	0.00109004	0.101173	0.0854656	0.0414836	0.140678	0.0663919	0.000835498	0.0282361
104	0.134849	0.000167703	0.0748617	0.175167	0.000248331	0.113527	0.0269083	0.00315005	0.0554045	0.0096786	0.0050007	0.075209	0.000189393	0.0513644	0.0458586	0.171191	0.046689	0.00861003	7.54677e-05	0.00185105
105	0.0213308	0.000460478	0.571365	0.190141	0.00073701	0.0222579	0.0352996	0.00132497	0.00736152	0.00148795	0.004922	0.0542295	0.000935737	0.0504991	0.00106333	0.0167659	0.0129797	0.00191929	0.000254365	0.00466433
106	0.0553711	0.0134956	0.00824231	0.00254762	0.00291136	0.00608299	0.00111823	0.00913208	0.00124611	0.00261043	0.00414322	0.0344698	0.000762713	0.00154664	0.00865629	0.438006	0.400813	0.00634403	0.000459391	0.0020418
107	0.138694	0.00214865	0.00112099	0.00521226	0.0105071	0.0149802	0.00139913	0.0750399	0.00175199	0.0879039	0.0491387	0.00381715	0.00250948	0.00197734	0.00513112	0.0957583	0.319201	0.182258	0.000445735	0.00100501
108	0.0156208	0.00325035	0.000219521	0.000365818	0.0363513	0.00249599	0.00036403	0.347307	0.000294877	0.376346	0.0254117	0.00120996	0.00382938	0.000672375	0.000794977	0.00333879	0.00769097	0.171266	0.000377861	0.00279254
109	0.386357	0.00114325	0.0324225	0.0255115	0.00224982	0.0700064	0.00154306	0.00245426	0.0169617	0.00364888	0.00256016	0.01674	0.00073352	0.0420052	0.00233965	0.327913	0.0369558	0.0183356	0.000712562	0.00940582
110	0.0278608	0.000193488	0.000363852	0.00887014	0.000310668	0.00945177	0.0138727	0.00632598	0.284344	0.00901485	0.0037366	0.0202199	0.0016211	0.0440133	0.519636	0.0245518	0.015916	0.00768586	0.00011139	0.00189913
111	0.00498475	0.000476614	0.000317906	0.00041151	0.0137517	0.000776793	0.00078692	0.51908	0.000387149	0.143762	0.0589337	0.00224097	0.000290822	0.000398821	0.0018562	0.00466963	0.011373	0.234983	0.000211349	0.000307411
112	0.0441561	0.00158938	0.000581273	0.00103599	0.021141	0.0130976	0.0046721	0.309881	0.00171461	0.168711	0.063484	0.000976179	0.000523416	0.00176215	0.0135999	0.00563866	0.0405935	0.304864	0.000504439	0.0014729
113	0.100586	0.000315734	0.0420548	0.0776375	0.000637899	0.0280673	0.0544079	0.0010689	0.156055	0.0160843	0.00382377	0.0275778	0.000433309	0.103788	0.254223	0.0730128	0.051723	0.00594921	0.000866552	0.00168664
114	0.0126126	0.000554869	0.000484955	0.00110481	0.00996034	0.00123878	0.000789023	0.01924	0.0103841	0.743152	0.138595	0.000751849	0.00339543	0.00582141	0.0204627	0.0160285	0.0112249	0.00278361	0.000314586	0.00110065
115	0.0201442	0.00241014	0.000199727	0.000308992	0.0101746	0.00119251	0.000292629	0.337174	0.000208348	0.0813987	0.0288933	0.00100323	0.000209037	0.000423617	0.000807691	0.00378716	0.0111655	0.498993	0.000279607	0.000933421
116	0.0601757	0.000353536	0.0367479	0.595921	0.00387203	0.0163319	0.00411454	0.00126579	0.0261668	0.00768698	0.00106546	0.0244163	0.000489864	0.159687	0.0144014	0.0229692	0.0147638	0.0088881	0.000220027	0.000462585
117	0.0597629	0.000338175	0.0372882	0.601312	0.00393389	0.0165794	0.00361045	0.00120196	0.0249916	0.00733309	0.000915893	0.0240249	0.000456306	0.158652	0.012519	0.0229866	0.0147617	0.00865103	0.000221076	0.000460383
118	0.695555	0.00493704	0.0012791	0.00165893	0.000903272	0.059587	0.000285937	0.00420063	0.000603793	0.00152467	0.000785204	0.00042375	0.00168582	0.000408891	0.00170294	0.165516	0.0364598	0.0213092	0.000210185	0.000963523
119	0.0926035	0.000347856	0.145031	0.241674	0.00709208	0.0335226	0.0272069	0.00319875	0.048733	0.0303322	0.00382183	0.0374187	0.0380388	0.0869138	0.0741532	0.0549909	0.0521967	0.0198757	0.000242201	0.00260661
120	0.0310011	0.00120955	0.0109148	0.0033041	0.00158979	0.004105	0.0134201	0.00380894	0.661246	0.00635554	0.00415268	0.00363836	0.00112762	0.0565899	0.139374	0.0113301	0.0290518	0.014887	0.00113566	0.00175756
121	0.389409	0.0019092	0.00123692	0.0020284	0.00148264	0.0273032	0.00145442	0.0160396	0.00155636	0.022166	0.0123052	0.00166115	0.119627	0.00197144	0.0019207	0.266164	0.089588	0.0403635	0.00060964	0.00120283
122	0.0448474	0.00184749	0.0558752	0.0940516	0.00249486	0.0078928	0.0359788	0.00757779	0.128065	0.00809059	0.00387811	0.0198619	0.35199	0.0309347	0.11089	0.0478415	0.0294037	0.0132318	0.000816996	0.00443032
123	0.124623	0.00203919	0.00124979	0.00251719	0.0112392	0.00941331	0.0011711	0.111669	0.0020766	0.0480625	0.0376766	0.00203519	0.00168028	0.00208765	0.0115138	0.142427	0.342066	0.145034	0.000503614	0.000915602
124	0.0671577	0.000368396	0.0462257	0.584282	0.00209632	0.0135366	0.00571882	0.00118752	0.0107206	0.00578738	0.000867228	0.0138688	0.000413041	0.201411	0.00582203	0.0129345	0.0144616	0.0124364	0.000190112	0.000513991
125	0.0625272	0.000186646	0.0125187	0.0246801	0.000323578	0.0192352	0.0192233	0.00377877	0.236717	0.0156341	0.00435794	0.0220088	0.00108672	0.06378	0.422078	0.0496447	0.0314049	0.00827859	0.000618046	0.00191794
126	0.0385237	0.0013002	0.00183682	0.00334746	0.337684	0.00423523	0.00306242	0.0235769	0.00620637	0.236549	0.0845275	0.00200763	0.00114368	0.00438099	0.0183932	0.0232666	0.0643542	0.0525834	0.0659574	0.0270632
127	0.0269441	0.00136119	0.000354446	0.000586685	0.0152663	0.00526116	0.00206364	0.494179	0.000428355	0.148456	0.0451271	0.0016309	0.000372122	0.000693918	0.00237694	0.00607419	0.0260404	0.221513	0.000366225	0.000904782
128	0.0260194	0.000332256	0.586097	0.132272	0.000704277	0.0199242	0.0271091	0.00123524	0.00650694	0.00125468	0.00588095	0.0725551	0.000577763	0.0334883	0.00267719	0.0504367	0.0286975	0.0015559	0.000196379	0.00247915
129	0.0278608	0.000193488	0.000363852	0.00887014	0.000310668	0.00945177	0.0138727	0.00632598	0.284344	0.00901485	0.0037366	0.0202199	0.0016211	0.0440133	0.519636	0.0245518	0.015916	0.00768586	0.00011139	0.00189913
130	0.0301984	0.0122671	0.0015034	0.00346698	0.0991063	0.013297	0.0205612	0.192325	0.0174531	0.111897	0.010693	0.0027189	0.0159628	0.00533359	0.0219923	0.0131642	0.0124532	0.208655	0.0874126	0.119538
131	0.690694	0.00502946	0.00234736	0.0049862	0.000342613	0.0355942	0.000280068	0.00441739	0.000750515	0.000703259	0.000540355	0.000750141	0.00158767	0.00158366	0.00151477	0.185034	0.0420504	0.0206716	0.000139349	0.000982863
132	0.117488	0.000164889	0.031156	0.0559271	0.000295173	0.0411579	0.0263559	0.000544455	0.183678	0.0166339	0.00381712	0.0211341	0.000175292	0.0737704	0.275854	0.0926345	0.048882	0.0063993	0.00134134	0.00259086
133	0.00630816	0.00651545	0.00117416	0.00199295	0.0866338	0.0200875	0.0168121	0.217719	0.0211235	0.0376918	0.00240094	0.00161885	0.010869	0.00205405	0.0297964	0.0142184	0.00449104	0.214699	0.127123	0.176671
134	0.0394257	0.00132443	0.00151111	0.00179049	0.298633	0.00327907	0.00938155	0.0549555	0.0020171	0.0999364	0.0275847	0.0171417	0.0183146	0.00964053	0.00257491	0.0377597	0.0199202	0.0260385	0.0107122	0.318058
135	0.128603	0.00186606	0.00104559	0.00585496	0.0149619	0.0107156	0.00189626	0.143403	0.00196265	0.119478	0.054095	0.0028503	0.00648402	0.00242726	0.00653202	0.0510386	0.189371	0.252998	0.00083656	0.00358031
136	0.0204683	0.00318906	0.00824546	0.0138691	0.00454104	0.0101805	0.00976074	0.0398532	0.0487514	0.0135053	0.00864387	0.00715685	0.601452	0.00967983	0.0607895	0.0167868	0.0146113	0.0694326	0.00197259	0.0371108
137	0.324789	0.00986866	0.000314512	0.000742777	0.0443783	0.106335	0.000336992	0.123333	0.000396516	0.097814	0.00743453	0.000447267	0.00197113	0.000559457	0.000588454	0.0473864	0.0468183	0.184563	0.000313027	0.00160864
138	0.0339242	0.00404151	0.000198048	0.000295484	0.00636325	0.00171468	0.00019707	0.339207	0.000181475	0.0741712	0.0283558	0.000592117	0.000141727	0.000331611	0.000312667	0.0062403	0.0139776	0.487918	0.000470157	0.00136571
139	0.0349455	0.0026773	0.000309495	0.00054508	0.0475212	0.00713317	0.0017334	0.217722	0.00251425	0.217799	0.0995116	0.000684863	0.000233317	0.00131922	0.0139643	0.00130557	0.0321523	0.315908	0.000909792	0.00111076
140	0.205444	0.00700521	0.000260119	0.000432314	0.0298505	0.0648477	0.000282611	0.195655	0.000270909	0.200768	0.00785651	0.00030467	0.00514462	0.000507384	0.000469514	0.00573778	0.0288359	0.237027	0.00104292	0.00825712
141	0.122137	0.01238	0.000297377	0.00103851	0.0447184	0.0289301	0.000220091	0.215359	0.000293482	0.281996	0.0335015	0.00102516	0.00127668	0.000799498	0.000340372	0.0132691	0.0356123	0.199909	0.00284543	0.00405242
142	0.710945	0.00532657	0.00160556	0.0015718	0.000236538	0.0368122	0.000208908	0.00444789	0.000216729	0.000556645	0.000354149	0.000273138	0.00169204	0.000283047	0.00143521	0.171718	0.0417512	0.019535	0.000113645	0.000917216
143	0.150278	0.0108148	0.000232327	0.00031236	0.030568	0.0388996	0.00018422	0.225419	0.000196554	0.253601	0.0127179	0.00074016	0.00149066	0.000353942	0.00027634	0.00477611	0.0265049	0.236783	0.0014424	0.00440803
144	0.181824	0.00745254	0.000556195	0.000713482	0.084103	0.06027	0.000548557	0.0708343	0.000616319	0.500387	0.0045788	0.000561122	0.000323626	0.000715213	0.000711841	0.018791	0.00607788	0.0602894	0.000252109	0.000394053
145	0.0879597	0.00234287	0.00152505	0.00428506	0.0319991	0.00724258	0.000623162	0.111703	0.00166951	0.208525	0.0682758	0.00211003	0.00097772	0.000988447	0.00191494	0.0321399	0.128395	0.297807	0.000456961	0.00905879
146	0.286288	0.0157134	0.00130658	0.00199315	0.122073	0.0506565	0.00141675	0.0953968	0.00181211	0.061044	0.0607242	0.00215818	0.000897535	0.00201534	0.00233757	0.0268401	0.0405971	0.14888	0.0514481	0.0264009
147	0.0800664	0.0128301	0.000217856	0.000407323	0.0461717	0.0155795	0.000234735	0.244528	0.000186295	0.309736	0.0289071	0.00180543	0.00106268	0.00135487	0.000291271	0.00845037	0.0307513	0.21069	0.00341163	0.00331812
148	0.59511	0.0033282	0.000325281	0.000575932	0.00381876	0.241684	0.00131735	0.000792198	0.000351889	0.00732807	0.00297266	0.00290048	0.0005593	0.00165989	0.00351866	0.107887	0.0110264	0.0140772	0.000163146	0.000604251
149	0.041512	0.0169728	0.000431171	0.00191966	0.0342979	0.00578819	0.000691447	0.230501	0.000965009	0.350056	0.0749302	0.00165992	0.00375527	0.00662984	0.00299426	0.00568946	0.0246112	0.191441	0.00224099	0.00291282
150	0.340603	0.0038466	0.00119204	0.014005	0.00226937	0.00636651	0.00176827	0.111026	0.00165209	0.0312435	0.0127165	0.00178969	0.00632521	0.0029675	0.00230928	0.0922056	0.15383	0.211143	0.000728245	0.00201187
151	0.0371167	0.00368588	0.000297145	0.000542404	0.0491881	0.00715682	0.00153592	0.21946	0.00226587	0.227964	0.0952497	0.00073212	0.000321625	0.00143783	0.0122751	0.00197621	0.0322647	0.304017	0.00127799	0.00123537
152	0.0267097	0.0202291	0.000775204	0.00132812	0.00357515	0.00158531	0.000791316	0.0735951	0.00120555	0.621178	0.114521	0.000962158	0.00141016	0.01727	0.00221931	0.00333309	0.0200444	0.0875031	0.000509229	0.00125464
153	0.0206859	0.00248725	0.000194256	0.000273003	0.00861035	0.00140289	0.000321073	0.321899	0.00025277	0.0825773	0.0276997	0.000839827	0.000139517	0.000337883	0.000815548	0.00400511	0.01358	0.512564	0.000294723	0.00102
154	0.0343604	0.0041487	0.000174041	0.000287544	0.00597881	0.00198969	0.000194844	0.360048	0.000185793	0.0775473	0.027969	0.000577994	0.000127579	0.000316681	0.000283247	0.00702456	0.0149329	0.462106	0.000516469	0.00123058
155	0.494518	0.00122358	0.000562894	0.000742923	0.0108918	0.189557	0.000630557	0.00138151	0.000654089	0.00256444	0.00168885	0.00197639	0.00180188	0.000839136	0.000895925	0.27082	0.0113558	0.00574748	0.000273216	0.00187494
156	0.0184613	0.786537	0.00379169	0.00614215	0.00420593	0.0369687	0.00466576	0.00925868	0.00402604	0.0111829	0.00716841	0.00493018	0.00290507	0.00580036	0.00593755	0.0555944	0.0126853	0.0134492	0.00245996	0.00382899
157	0.00898919	0.000324053	0.000416219	0.00349288	0.000455873	0.00735375	0.00518439	0.00181614	0.00133598	0.0135201	0.00443621	0.000733148	0.928224	0.00722444	0.00169316	0.00315572	0.00183474	0.0084263	0.00022201	0.00116217
158	0.0185336	0.788478	0.00391271	0.00620295	0.00419103	0.0425486	0.00464671	0.00885567	0.00407953	0.0109824	0.00713495	0.00516037	0.00287168	0.0060225	0.00607225	0.0480067	0.0128509	0.0132805	0.00237457	0.00379424
159	0.708415	0.00465137	0.00148946	0.0016321	0.000466101	0.0417007	0.000320032	0.00414271	0.000479595	0.000992743	0.000602412	0.000450563	0.00243883	0.000509564	0.00155694	0.17424	0.0363851	0.0184718	0.000121822	0.000933082
160	0.00996401	0.000895522	0.000526772	0.00298478	0.0334401	0.00152775	0.000819872	0.057483	0.00370788	0.743954	0.0803629	0.000652532	0.00503747	0.00492925	0.0119272	0.00742489	0.0064157	0.0203227	0.000523202	0.00710002
161	0.0992028	0.00781516	0.000335806	0.000620476	0.0279897	0.0265822	0.000796209	0.249794	0.000554178	0.211856	0.0354026	0.000821954	0.00139846	0.000738186	0.00189944	0.00934039	0.031445	0.2882	0.00174848	0.00345805
162	0.0405065	0.00880565	0.000373827	0.000754523	0.0397133	0.00683472	0.000797745	0.261478	0.00054451	0.393073	0.0378787	0.00155551	0.00305043	0.00288411	0.00109248	0.00962867	0.0219089	0.163081	0.00215801	0.00388101
163	0.568825	0.00250355	0.00038128	0.000598186	0.0046281	0.218887	0.00107001	0.000851325	0.000364501	0.00517836	0.002111	0.00247704	0.00118997	0.00147079	0.00260413	0.164167	0.0108882	0.0103159	0.00021395	0.00127489
164	0.197151	0.00203961	0.000995953	0.00559589	0.00183672	0.003061	0.00309781	0.183897	0.00132846	0.0641935	0.0329973	0.00158357	0.0257988	0.00368591	0.00199574	0.0635141	0.139208	0.264299	0.000331801	0.00338834
165	0.00732201	0.000323378	0.000442306	0.00353242	0.000450334	0.00735964	0.00522965	0.00191134	0.00142713	0.0136824	0.00453869	0.000595575	0.930197	0.00732566	0.00179298	0.00222513	0.00157733	0.0085577	0.000228152	0.00128109
166	0.204153	0.000605421	0.000667285	0.00686737	0.00275601	0.00327466	0.00386177	0.156839	0.000831724	0.0958712	0.0483257	0.000790421	0.0323872	0.00347248	0.00130897	0.0657551	0.110307	0.257202	0.000779044	0.00394329
167	0.670254	0.00621652	0.00145188	0.00186883	0.000459646	0.0417868	0.000257359	0.00475025	0.000345731	0.000750541	0.000467974	0.000354111	0.00150154	0.000443984	0.00188232	0.197708	0.0464371	0.0221907	0.000131269	0.000741227
168	0.0279557	0.00119095	0.000861814	0.00118619	0.0265673	0.0043891	0.0011448	0.202756	0.00128074	0.126935	0.0553425	0.00875845	0.000701267	0.00153987	0.00273976	0.00923906	0.0651398	0.434341	0.00117959	0.0267511
169	0.120721	0.00566889	0.00307652	0.00936119	0.0551975	0.0126646	0.000627254	0.0944719	0.00360558	0.201715	0.0977068	0.000995647	0.0013313	0.000853154	0.00328049	0.0519553	0.115666	0.217937	0.00125583	0.00190907
170	0.667917	0.00788517	0.00137824	0.0019429	0.000353338	0.0427217	0.000269527	0.0050673	0.00249713	0.00172956	0.000964638	0.000388479	0.00124754	0.000394764	0.0043079	0.184822	0.0475094	0.026201	0.000903925	0.00149879
171	0.571351	0.00374422	0.000314668	0.000514225	0.00309716	0.267075	0.00144202	0.00084902	0.000399904	0.00775909	0.00241604	0.00300454	0.000583289	0.00160965	0.00361943	0.109798	0.0101238	0.0113475	0.000178609	0.000773008
172	0.0136401	0.00161031	0.0010939	0.00150528	0.00585346	0.00392145	0.00213822	0.453032	0.00126295	0.163909	0.126609	0.00173029	0.0018424	0.00155986	0.00240389	0.0271493	0.0414649	0.146895	0.00127645	0.0011015
173	0.247897	0.00541676	0.0020724	0.00777033	0.00399506	0.276737	0.00204162	0.0111635	0.00475997	0.0408393	0.00672958	0.00478145	0.00192285	0.0212981	0.0081638	0.178752	0.149487	0.0209199	0.00309697	0.00215547
174	0.21599	0.00177701	0.00426218	0.0164951	0.00238941	0.0522939	0.0272649	0.00722217	0.0480003	0.0209697	0.00534471	0.110912	0.000840794	0.0500296	0.135833	0.172797	0.0581423	0.0534376	0.00916733	0.00683038
175	0.560291	0.0105208	0.000578744	0.00123414	0.00172343	0.267584	0.00415603	0.00129989	0.000681471	0.0175038	0.00211261	0.00899673	0.000368504	0.00460673	0.0120636	0.0877259	0.0105125	0.00705819	0.000475044	0.000506377
176	0.722848	0.00438058	0.0014088	0.00176574	0.000328105	0.029692	0.000277277	0.00421843	0.000298848	0.000661387	0.000382138	0.00028102	0.00219741	0.000348629	0.00127972	0.171846	0.0407097	0.0160728	0.000127457	0.000875504
177	0.0278608	0.000193488	0.000363852	0.00887014	0.000310668	0.00945177	0.0138727	0.00632598	0.284344	0.00901485	0.0037366	0.0202199	0.0016211	0.0440133	0.519636	0.0245518	0.015916	0.00768586	0.00011139	0.00189913
178	0.0386934	0.000922919	0.0183597	0.00309971	0.00953593	0.0130105	0.150879	0.00254517	0.0956133	0.034996	0.0257665	0.174599	0.00127686	0.0818902	0.245173	0.0535041	0.0126223	0.00419388	0.000649446	0.0326699
179	0.0254286	0.000153603	0.00716723	0.00164099	0.000191701	0.924024	0.00195373	0.000375218	0.0013432	0.000523566	0.000327763	0.00949203	0.000156338	0.0026426	0.00380516	0.0177785	0.00159286	0.00108501	0.000133506	0.000184623
180	0.0145612	0.000886689	0.000127321	0.000216048	0.0217048	0.000626888	0.000220107	0.441984	0.000182497	0.108545	0.035511	0.0021346	0.000116981	0.000258294	0.000743424	0.00167802	0.00667831	0.362704	9.47267e-05	0.00102686
181	0.00488638	0.00171909	0.000308083	0.0008654	0.0141192	0.000844464	0.00176884	0.152529	0.000387351	0.697741	0.0277426	0.000413844	0.0034014	0.00206641	0.0012875	0.00327115	0.00493052	0.0800398	0.000212918	0.00146533
182	0.00894027	0.000420958	0.000154274	0.000287122	0.030535	0.000504654	0.000259752	0.482205	0.000228254	0.102993	0.0358632	0.00187343	0.000143032	0.000313971	0.000856426	0.00120134	0.00478158	0.327604	9.33014e-05	0.000742069
183	0.0184216	0.0011537	0.0073618	0.00285407	0.00170188	0.0034572	0.00904486	0.0040314	0.77171	0.00488239	0.00294448	0.00287063	0.00117471	0.0353413	0.0957405	0.00681858	0.0176358	0.0109184	0.000656271	0.00128046
184	0.0312456	0.000566712	0.0630605	0.0511604	0.000682966	0.641697	0.00983717	0.00145557	0.0160387	0.00207812	0.00105758	0.0732688	0.000606297	0.025043	0.0215213	0.0416437	0.0133531	0.0046987	0.000313263	0.000671383
185	0.0263749	9.90463e-05	0.00229779	0.000321515	0.000176175	0.940583	0.00131025	0.000382263	0.000387188	0.000478541	0.000297551	0.00229325	0.000113556	0.000799809	0.00190151	0.0205099	0.000701802	0.000741819	9.0834e-05	0.000138891
186	0.159537	0.00116555	0.105729	0.121472	0.00236527	0.0640522	0.00974593	0.0429489	0.0146493	0.0305462	0.0178272	0.0823989	0.00157583	0.0333647	0.0277916	0.080126	0.091583	0.108005	0.00134195	0.00377554
