611	20
1	0.0305843	0.0202361	0.0134036	0.0177146	0.159946	0.0100937	0.0293479	0.110747	0.0188769	0.207136	0.0596739	0.0161274	0.0158027	0.0252752	0.0156621	0.0322041	0.0382668	0.0768196	0.0114579	0.0906244
2	0.0233164	0.0111262	0.195017	0.107791	0.020969	0.0324429	0.0188199	0.00442655	0.0356773	0.014293	0.00619805	0.290758	0.00585784	0.00883413	0.00759672	0.153122	0.0245778	0.0230313	0.00119254	0.0149522
3	0.0328373	0.00358796	0.00474454	0.0104414	0.0175235	0.00421268	0.00323186	0.391051	0.00644539	0.0845181	0.0253912	0.00578951	0.00667111	0.00605096	0.00308612	0.01694	0.0349684	0.337344	0.00021806	0.00494755
4	0.0949422	0.0186503	0.0291787	0.0358866	0.0106917	0.0443036	0.0282768	0.0240193	0.0458969	0.0285304	0.0141162	0.0975226	0.0412643	0.0494179	0.0559857	0.227129	0.10877	0.0344572	0.00107974	0.00988042
5	0.0474999	0.00558537	0.0858505	0.130184	0.015919	0.0404288	0.0372071	0.0103812	0.106173	0.0307718	0.0109711	0.0519847	0.0439955	0.165736	0.112094	0.0540219	0.0264201	0.0153736	0.000726138	0.00867725
6	0.0220858	0.0011217	0.327927	0.358013	0.003222	0.0291841	0.0192507	0.00185617	0.0197548	0.0122973	0.000609777	0.040221	0.0244297	0.027239	0.0280737	0.0422427	0.0265931	0.0105364	0.00220489	0.00313788
7	0.0323623	0.00641255	0.177841	0.214421	0.00836894	0.0321285	0.0273593	0.0134294	0.090724	0.0241276	0.00780972	0.0450388	0.0299901	0.062955	0.11127	0.0560099	0.0338242	0.0164338	0.00303056	0.00646341
8	0.0425843	0.00941238	0.127088	0.159658	0.0148192	0.0263629	0.0238567	0.104784	0.0240997	0.0646675	0.0220784	0.0477295	0.0265647	0.0382043	0.0276076	0.0623071	0.0469697	0.114516	0.00389535	0.0127947
9	0.0223488	0.00124488	0.325854	0.357192	0.00328461	0.0292586	0.0195133	0.00189478	0.019987	0.0122912	0.000616889	0.0409484	0.0245863	0.0276564	0.0282093	0.0426642	0.0264009	0.0106734	0.00218765	0.00318707
10	0.0231297	0.00160048	0.316121	0.347871	0.00381186	0.0296561	0.020134	0.00234612	0.0205668	0.0127081	0.00107736	0.0486634	0.0242876	0.0287232	0.0281248	0.0472752	0.0268047	0.0112428	0.00218005	0.00367484
11	0.0471036	0.00876782	0.00678452	0.012556	0.0250237	0.00822058	0.00523013	0.316095	0.01446	0.150076	0.0470672	0.00886772	0.0169643	0.0105496	0.0068637	0.0319407	0.0475933	0.229741	0.000658855	0.00543765
12	0.0117087	0.00435355	0.0057204	0.0171727	0.00308849	0.0177735	0.0197701	0.0100483	0.362042	0.0234412	0.00211614	0.0225866	0.0163957	0.0453511	0.375605	0.0278149	0.0191059	0.0122059	0.00109088	0.0026094
13	0.097716	0.0147901	0.0179898	0.0261206	0.0141346	0.0595222	0.0162069	0.0439138	0.0173689	0.228841	0.0774062	0.0340239	0.030853	0.0467091	0.0165424	0.101609	0.0664768	0.080283	0.00208292	0.0074101
14	0.0422313	0.00800301	0.195817	0.2349	0.00833258	0.114346	0.0258633	0.00983227	0.029211	0.021197	0.00808478	0.0573174	0.0270346	0.0481742	0.0360054	0.0711933	0.0316489	0.0193112	0.00362033	0.00787615
15	0.0373116	0.00565276	0.00602986	0.0117684	0.0218004	0.00459284	0.0051389	0.37333	0.0107863	0.101773	0.0382867	0.00699675	0.0108907	0.00903404	0.00374267	0.0215208	0.0443048	0.282787	0.000250816	0.0040012
16	0.0399964	0.0125072	0.152796	0.102606	0.0166946	0.0354006	0.027716	0.023014	0.0344949	0.0243922	0.0133429	0.207904	0.0202888	0.0316717	0.0203022	0.136161	0.0445262	0.0412734	0.00127419	0.0136385
17	0.0322332	0.0126596	0.00801413	0.0129915	0.0298856	0.00830424	0.00733995	0.147366	0.0188666	0.349355	0.100234	0.00725061	0.0197173	0.0221077	0.0112328	0.031084	0.0395739	0.133059	0.00197192	0.00675293
18	0.0187831	0.00766342	0.00770397	0.00979789	0.0327321	0.00632717	0.00675238	0.135365	0.00844524	0.467062	0.0651501	0.00470226	0.00945402	0.0275063	0.0130828	0.0221174	0.0192178	0.128054	0.00100572	0.00907665
19	0.0149312	0.00496166	0.00955518	0.02104	0.00591082	0.0182963	0.0222867	0.0104819	0.341485	0.0243003	0.00350588	0.0249299	0.0179565	0.0535549	0.358167	0.0297794	0.0214778	0.0131202	0.000818966	0.003441
20	0.0317978	0.00465571	0.0164372	0.0267686	0.00697233	0.0248572	0.0234016	0.0144064	0.280837	0.0242753	0.0100446	0.0368092	0.0259789	0.0611493	0.299853	0.051795	0.0363957	0.0153614	0.00357738	0.00462622
21	0.0107109	0.0143556	0.00560534	0.0102606	0.284092	0.00412649	0.0805282	0.0240909	0.00246307	0.0703754	0.00939037	0.0190354	0.00259809	0.00523821	0.00672786	0.0196756	0.0333253	0.0148129	0.0130205	0.369567
22	0.0796719	0.0301366	0.0270116	0.0272012	0.0102295	0.0419327	0.0219965	0.0223727	0.0948908	0.03334	0.0137541	0.0684496	0.0294571	0.0399054	0.0836761	0.248514	0.0867078	0.0271325	0.00320246	0.0104176
23	0.00742375	0.00496163	0.0209391	0.026978	0.0413487	0.010655	0.35337	0.00936289	0.00684621	0.0285559	0.0159166	0.0821929	0.0324417	0.112501	0.0233334	0.0188463	0.0444264	0.0116058	0.00134272	0.146952
24	0.0275818	0.0151469	0.0301275	0.0464716	0.0278665	0.0156754	0.246039	0.02626	0.0243901	0.0332609	0.0310959	0.0785042	0.0272978	0.142807	0.0322124	0.0492586	0.0459407	0.0277924	0.00101709	0.0712535
25	0.0182227	0.00429296	0.0111476	0.0214535	0.00480794	0.020892	0.0210999	0.0121688	0.322478	0.0238074	0.00443675	0.0261995	0.023166	0.0534641	0.348812	0.0337521	0.0296964	0.0130473	0.00327394	0.00378112
26	0.0740647	0.0186925	0.0629699	0.0467672	0.0122986	0.0475588	0.027281	0.0191844	0.0393378	0.0249872	0.0130341	0.142876	0.0286179	0.0414027	0.0358175	0.238025	0.0846213	0.0271017	0.00235984	0.0130021
27	0.0366505	0.00551032	0.00543496	0.0111957	0.0186371	0.0062493	0.00519957	0.386673	0.00791109	0.0859908	0.0275516	0.00757906	0.00913943	0.00808446	0.00395774	0.0210028	0.0378667	0.31023	0.000415138	0.00472077
28	0.0674337	0.0132017	0.0112056	0.0178638	0.017536	0.020019	0.00903522	0.268643	0.0151013	0.0889763	0.0317725	0.0159844	0.0171276	0.0139857	0.00965275	0.0440753	0.0464901	0.281625	0.00213777	0.00813371
29	0.0900455	0.0311161	0.0138841	0.0159812	0.0124979	0.0404975	0.0190661	0.0382929	0.0384754	0.0258856	0.0193276	0.0313025	0.045105	0.0190973	0.0643983	0.206184	0.172153	0.0212206	0.0772285	0.0182414
30	0.0111354	0.0169569	0.005728	0.0109288	0.290962	0.00439975	0.0713887	0.0259319	0.00291758	0.0845986	0.0125144	0.0179259	0.00240861	0.00542453	0.00699408	0.0185442	0.0311084	0.0165943	0.0151317	0.348406
31	0.0111387	0.0167587	0.00583439	0.0110285	0.298815	0.00444521	0.07392	0.0246749	0.00266714	0.0743783	0.0108802	0.0181831	0.00237786	0.00516319	0.00665731	0.0186726	0.0311966	0.015493	0.0150169	0.352699
32	0.0837181	0.0173315	0.0374172	0.0347685	0.0121576	0.425222	0.0186274	0.0154252	0.0237292	0.0269845	0.012439	0.0354056	0.0222602	0.0398699	0.0267937	0.106101	0.033543	0.0154621	0.00220425	0.0105404
33	0.0985957	0.0181927	0.0341543	0.0439438	0.0122698	0.0443769	0.0281589	0.0278453	0.110023	0.0357078	0.0143247	0.0510269	0.0389611	0.0634238	0.130921	0.14094	0.0622336	0.0276252	0.00605115	0.0112238
34	0.0234767	0.0208381	0.0157183	0.0186008	0.24497	0.0174101	0.0512562	0.0541217	0.0147277	0.119159	0.0252249	0.0220807	0.00995806	0.0183171	0.0172725	0.0376391	0.0349787	0.0395274	0.0149094	0.199813
35	0.0283785	0.00198802	0.00398222	0.00890974	0.0148548	0.00338511	0.00317807	0.428495	0.00282406	0.0696781	0.017387	0.00648143	0.00375444	0.00665614	0.00230253	0.0142457	0.0298044	0.349086	0.000190196	0.00441791
36	0.0388192	0.00458612	0.0546712	0.0679922	0.016243	0.0335281	0.0365061	0.0118905	0.159885	0.0296498	0.009185	0.0539617	0.0374393	0.155612	0.181087	0.0554158	0.030873	0.0134756	0.000714247	0.00846555
37	0.0183497	0.00472467	0.0154737	0.0285878	0.0057512	0.0221101	0.0240336	0.00997514	0.309843	0.0267873	0.00458691	0.0309609	0.0206454	0.0738718	0.32459	0.0395097	0.0219039	0.013018	0.000839271	0.00443765
38	0.0317676	0.00850124	0.0289784	0.0149002	0.0116576	0.0986653	0.0145424	0.0088718	0.043919	0.0277448	0.0206506	0.134694	0.0168342	0.0580204	0.0289662	0.308105	0.116428	0.0198495	0.000846407	0.00605821
39	0.110724	0.00642392	0.0113566	0.0142527	0.00257039	0.00889454	0.00761226	0.00503743	0.0128539	0.0360958	0.00248386	0.0115642	0.549685	0.0237989	0.0113318	0.128197	0.038232	0.0134045	0.000682042	0.00479962
40	0.111027	0.00565219	0.011641	0.0136228	0.00221265	0.0075456	0.0069187	0.00445791	0.0126463	0.035526	0.00214434	0.00959519	0.569307	0.0236778	0.00950127	0.12045	0.0357932	0.0133469	0.000519329	0.00441476
41	0.0668751	0.0152624	0.0467461	0.0355963	0.0120942	0.335391	0.0216477	0.0130781	0.0306827	0.0261524	0.0130447	0.0896489	0.0208307	0.0399802	0.0297456	0.12769	0.0458268	0.0172578	0.00132006	0.0111291
42	0.0693842	0.0424132	0.0266937	0.0370998	0.0105559	0.0058175	0.138989	0.121975	0.0362591	0.0335171	0.0393884	0.0601098	0.00764747	0.0985172	0.0467817	0.053113	0.0700314	0.0965496	0.00132014	0.00383742
43	0.0335882	0.00433893	0.234951	0.278614	0.00731126	0.034628	0.0308388	0.00574591	0.0389018	0.0211088	0.00606189	0.0466541	0.0319388	0.0799898	0.0488514	0.0501838	0.0259727	0.0136615	0.00164165	0.00501786
44	0.0560059	0.0170262	0.108604	0.082904	0.0147809	0.0343304	0.0714959	0.0312651	0.0312925	0.0281603	0.0187208	0.100729	0.0238857	0.0581671	0.0309062	0.162142	0.062004	0.0528097	0.00241704	0.0123525
45	0.0405616	0.0087821	0.0448406	0.0648739	0.0171574	0.0333749	0.0421747	0.0139655	0.145855	0.0318264	0.014038	0.0696632	0.0318298	0.152239	0.146683	0.0795967	0.0350134	0.0177337	0.000746346	0.00904423
46	0.0168208	0.00685827	0.00783845	0.00912702	0.0310148	0.00522266	0.00563582	0.124478	0.00635407	0.49827	0.0727497	0.00273112	0.00873932	0.0274197	0.0135805	0.0203054	0.0178406	0.118928	0.000628567	0.00545679
47	0.0340449	0.00563732	0.00589302	0.0109492	0.0187969	0.00603213	0.00466467	0.362775	0.00731028	0.0949758	0.0274614	0.00699741	0.00750673	0.00705865	0.00439772	0.0209881	0.0370474	0.329979	0.000297612	0.00718637
48	0.0521466	0.020033	0.0394714	0.0798293	0.0231214	0.0379145	0.0372495	0.0773952	0.0391673	0.111414	0.0709374	0.0517826	0.0369576	0.0709796	0.0354472	0.0736139	0.0548225	0.0659803	0.00546215	0.0162742
49	0.0420359	0.00997182	0.181267	0.214526	0.0103279	0.0381365	0.031898	0.0188023	0.037323	0.0284479	0.0136575	0.0709337	0.0279605	0.052462	0.0412843	0.0955981	0.0431072	0.0279394	0.0038672	0.010454
50	0.0107719	0.0169958	0.00575761	0.0103801	0.299161	0.00445208	0.0738285	0.024528	0.00267934	0.0745508	0.0111927	0.017849	0.00236951	0.00476197	0.00661711	0.0184744	0.0316567	0.0153095	0.015369	0.353295
51	0.0694178	0.264461	0.0182776	0.0221049	0.0195839	0.0173257	0.0199738	0.0632518	0.0309728	0.0774879	0.0239094	0.0321888	0.0159699	0.0244226	0.0145349	0.110626	0.0637589	0.0944803	0.00475697	0.0124952
52	0.115487	0.0167981	0.0248726	0.0229185	0.0131565	0.4164	0.0153228	0.0206213	0.0182129	0.060532	0.020081	0.0254136	0.0244935	0.0298725	0.0185921	0.0826785	0.0309002	0.0309506	0.00248474	0.0102113
53	0.172622	0.0824372	0.00953138	0.00929092	0.0050965	0.0322282	0.0160112	0.0213544	0.0218741	0.0294106	0.00585361	0.0393563	0.0146127	0.0105463	0.0206433	0.361852	0.108818	0.0210051	0.00404935	0.0134065
54	0.0686159	0.0208442	0.0239511	0.0322767	0.0152129	0.314195	0.0220894	0.0375985	0.0284444	0.0659138	0.0487209	0.0385887	0.0275691	0.0443765	0.0299826	0.08514	0.04371	0.0333788	0.00504091	0.014351
55	0.0817085	0.0375229	0.0268942	0.0284053	0.0166341	0.0345134	0.0230338	0.0792302	0.0288414	0.0628981	0.0239155	0.0623929	0.034044	0.0323678	0.0270693	0.204762	0.0871694	0.0920009	0.00384193	0.0127546
56	0.0290395	0.00230439	0.00433763	0.00957656	0.0151273	0.003908	0.00321429	0.409818	0.00351578	0.0711355	0.0179281	0.00634954	0.00400018	0.00622178	0.00270537	0.0150771	0.0306475	0.360186	0.000187957	0.00472009
57	0.0650553	0.0230835	0.0197435	0.031716	0.023388	0.0298265	0.0352513	0.103252	0.0308154	0.0941774	0.0662027	0.0466311	0.0413277	0.0406013	0.0236178	0.105244	0.113133	0.0830779	0.00753261	0.016324
58	0.02336	0.00148178	0.320499	0.354297	0.00347049	0.0296609	0.0197963	0.00231367	0.0205494	0.0126755	0.000877637	0.0415057	0.0252761	0.0293965	0.0286338	0.0429827	0.02661	0.0110975	0.00216153	0.00335451
59	0.0194987	0.00950452	0.0111443	0.0116141	0.0302248	0.00827741	0.00895477	0.0967439	0.0238647	0.475579	0.0657755	0.00824397	0.0119964	0.0337903	0.0365037	0.0268582	0.0200346	0.0919938	0.00107719	0.00832066
60	0.0355769	0.00583425	0.00507256	0.0101667	0.0226093	0.00450107	0.0030404	0.334212	0.011477	0.134051	0.0439626	0.00491293	0.00911916	0.00675206	0.00451332	0.0214828	0.0403757	0.29758	0.000276064	0.00448466
61	0.0108116	0.00501589	0.00503001	0.0159879	0.00266013	0.0168733	0.0194928	0.0096011	0.36627	0.0232226	0.00211321	0.0222352	0.015985	0.0436047	0.379121	0.0275556	0.0187631	0.0122549	0.000671971	0.00273037
62	0.0439448	0.00734412	0.03577	0.0360071	0.0135716	0.0732507	0.0256567	0.0126676	0.0580015	0.0278518	0.016633	0.120916	0.0284238	0.097494	0.05508	0.226359	0.090791	0.0210601	0.000551033	0.00862586
63	0.132352	0.0577467	0.00835574	0.0076605	0.00747104	0.0249865	0.0238172	0.012064	0.0286732	0.0344186	0.00607329	0.0531493	0.0129063	0.0130431	0.017451	0.398003	0.125482	0.0210942	0.00254577	0.0127067
64	0.0117021	0.00776712	0.00658857	0.00623706	0.0381336	0.00364171	0.00512154	0.0902239	0.0042734	0.586614	0.0693235	0.00258939	0.00950544	0.0284709	0.0136005	0.02119	0.0124878	0.073882	0.000581851	0.00806594
65	0.010297	0.00409893	0.0042154	0.0156189	0.00258346	0.0160066	0.0192778	0.00972298	0.369622	0.0230694	0.00186319	0.0217539	0.0149581	0.0420566	0.38409	0.0270471	0.0181294	0.0122657	0.000651636	0.00267188
66	0.0404065	0.0087424	0.165569	0.224654	0.0118931	0.034547	0.0412047	0.0147709	0.0467646	0.0292821	0.0141317	0.0514792	0.0314737	0.102462	0.0534567	0.0618494	0.0369378	0.0198985	0.00144466	0.00903237
67	0.0220858	0.0011217	0.327927	0.358013	0.003222	0.0291841	0.0192507	0.00185617	0.0197548	0.0122973	0.000609777	0.040221	0.0244297	0.027239	0.0280737	0.0422427	0.0265931	0.0105364	0.00220489	0.00313788
68	0.0218749	0.0635309	0.0147222	0.0202796	0.0725504	0.0296144	0.0263229	0.0283714	0.0254134	0.0429266	0.0176828	0.0216333	0.0148648	0.0450228	0.0245763	0.0404629	0.0514736	0.0235133	0.285832	0.129331
69	0.0337654	0.00543845	0.00545333	0.0110457	0.0303111	0.0043359	0.00465953	0.41628	0.00996412	0.0918492	0.030366	0.00669526	0.00927526	0.00753821	0.00537959	0.0293307	0.0499087	0.243195	0.00053903	0.00467058
70	0.161206	0.0471528	0.0105858	0.00914397	0.00516889	0.0306648	0.0182445	0.017356	0.0222442	0.0314247	0.0048657	0.0457635	0.0126753	0.0109001	0.0198075	0.405431	0.114188	0.0160246	0.00321447	0.0139385
71	0.0108413	0.0170607	0.00630934	0.0106201	0.301656	0.00441218	0.0751107	0.024618	0.00286261	0.072572	0.0110133	0.0182389	0.00248743	0.00556606	0.00726219	0.0189438	0.0316076	0.0152994	0.0151458	0.348373
72	0.0289358	0.00231594	0.00432356	0.00922653	0.0153327	0.00382763	0.00307082	0.420831	0.0034587	0.0729563	0.0182239	0.00619917	0.0045301	0.0063707	0.00268621	0.0145374	0.0302379	0.348132	0.000239623	0.00456425
73	0.11178	0.28206	0.00647604	0.00715019	0.00508562	0.0179835	0.0128203	0.0188693	0.0298227	0.0234614	0.00483095	0.0283725	0.00764166	0.00798492	0.0120612	0.277552	0.093064	0.0423936	0.0027932	0.00779746
74	0.0294921	0.00624031	0.0275726	0.0401556	0.0118021	0.0342487	0.0309231	0.0143209	0.229532	0.0334079	0.00856892	0.0388404	0.0269677	0.0959553	0.257626	0.0537071	0.0312103	0.0178983	0.00135243	0.0101787
75	0.029153	0.0191155	0.186192	0.227499	0.0273657	0.0354119	0.0236304	0.014421	0.0279032	0.0274413	0.0132882	0.0388348	0.0255866	0.0336003	0.031613	0.0539273	0.0387064	0.022583	0.0858094	0.0379178
76	0.0286664	0.00206321	0.00401129	0.00898687	0.0152745	0.00349849	0.00313025	0.42643	0.00311144	0.0710479	0.0180544	0.00637636	0.00392512	0.00659932	0.0023633	0.0144353	0.0302477	0.347205	0.000192805	0.00438011
77	0.0361785	0.0114389	0.00947492	0.0137234	0.0331366	0.0128428	0.00946669	0.0974909	0.0114146	0.464046	0.0787726	0.00931176	0.0189233	0.0322363	0.0147465	0.0302011	0.0290548	0.0786322	0.000879628	0.00802882
78	0.0201335	0.00440279	0.017408	0.0286558	0.00611677	0.0219151	0.0238913	0.011064	0.30095	0.0258392	0.00376952	0.0289025	0.0233095	0.0824406	0.325982	0.0328145	0.0236679	0.0133293	0.000410841	0.00499685
79	0.0817643	0.0156606	0.0318204	0.0285973	0.0125259	0.45456	0.0179324	0.0159854	0.0236819	0.0289277	0.0120301	0.0388723	0.0183268	0.038878	0.0279328	0.0951399	0.0275976	0.0163364	0.00295713	0.0104729
80	0.0201769	0.0421533	0.0117577	0.0154548	0.148851	0.0149701	0.0379603	0.048864	0.0129981	0.271083	0.0406775	0.0208105	0.0186237	0.0257859	0.0164991	0.0311758	0.0296753	0.0348112	0.0213787	0.136293
81	0.169348	0.0482675	0.0103147	0.00846386	0.00452427	0.0288607	0.0166228	0.017358	0.0206687	0.0297312	0.00446691	0.0412007	0.0104535	0.00948448	0.0176972	0.417785	0.113235	0.0139985	0.00313767	0.0143813
82	0.00985465	0.0119567	0.00766093	0.0123402	0.231782	0.0050311	0.142346	0.021167	0.00293776	0.0636176	0.0103708	0.0298244	0.00790194	0.0230311	0.00950587	0.0188243	0.0340958	0.0131024	0.0104779	0.334173
83	0.0171322	0.0144687	0.00783324	0.00995672	0.112572	0.00695603	0.0202831	0.0813698	0.00821287	0.416831	0.055679	0.00860594	0.0131989	0.0232759	0.0127333	0.0233063	0.0217521	0.066219	0.00628965	0.0733241
84	0.0297762	0.00979696	0.0349404	0.0478019	0.018204	0.0311231	0.0780725	0.0182771	0.186732	0.0314178	0.0108062	0.0455235	0.0264432	0.0779688	0.211527	0.0577298	0.0379561	0.0191194	0.00146611	0.0253174
85	0.10701	0.00879695	0.0284169	0.0357608	0.0140973	0.0514028	0.0274938	0.0269245	0.0349017	0.0184321	0.0160344	0.0991161	0.0489887	0.0572528	0.0447249	0.225638	0.109726	0.0359013	0.000502566	0.00887806
86	0.0508602	0.0377312	0.046105	0.0622464	0.0160224	0.0294997	0.0891883	0.0322845	0.0597631	0.0382874	0.0224656	0.0926006	0.0242439	0.128176	0.050042	0.123944	0.0502232	0.0318788	0.00130323	0.013134
87	0.0117288	0.00389288	0.00682915	0.0177791	0.00299623	0.0169689	0.0209537	0.00953823	0.359488	0.0232407	0.00200733	0.0232989	0.016015	0.0466757	0.37549	0.0278084	0.0203025	0.0119332	0.00031785	0.00273482
88	0.0314536	0.0036471	0.00466496	0.0104654	0.0158823	0.00563606	0.00347742	0.38915	0.00536031	0.0728223	0.0203402	0.0067769	0.00540887	0.00628799	0.00304927	0.0177522	0.0334412	0.358979	0.000222129	0.00518294
89	0.0274774	0.010768	0.00706061	0.0100826	0.0604143	0.00496304	0.011542	0.231119	0.0104823	0.27155	0.052504	0.00691074	0.0127102	0.0151221	0.00886885	0.0225074	0.0339281	0.167268	0.00255834	0.0321627
90	0.0389937	0.0097441	0.0967427	0.132766	0.0141671	0.0295456	0.0892067	0.0191231	0.0818271	0.0296776	0.0148172	0.0550997	0.0311275	0.108019	0.106395	0.0612351	0.0384329	0.022703	0.00179844	0.0185783
91	0.0236471	0.00698377	0.0174992	0.0287113	0.00682167	0.0269966	0.0251091	0.0181785	0.284446	0.034084	0.00610912	0.0310436	0.0212502	0.0558113	0.308193	0.0470035	0.0284894	0.0212409	0.00187477	0.00650755
92	0.0227262	0.00144204	0.32357	0.356781	0.00350136	0.0291284	0.0198229	0.0022023	0.020046	0.0123103	0.000820067	0.0399605	0.0248963	0.0293061	0.0283184	0.0422398	0.0267787	0.0107116	0.00222595	0.00321142
93	0.0305411	0.00864694	0.00854686	0.0135925	0.0288913	0.00876666	0.00815471	0.270659	0.0109646	0.244615	0.0472128	0.00991033	0.0133645	0.0184395	0.0096035	0.0248822	0.0346259	0.199666	0.000710446	0.00820683
94	0.0124022	0.00435451	0.00839275	0.0201227	0.00359848	0.0171948	0.0203557	0.0100092	0.353458	0.0241934	0.00287272	0.0235034	0.0167896	0.0484271	0.367565	0.0295907	0.019909	0.0134734	0.000607575	0.00318011
95	0.0750977	0.0160095	0.0319459	0.0326762	0.0112635	0.448361	0.0201059	0.011745	0.0301799	0.0263294	0.0122064	0.0366975	0.0195039	0.054344	0.0345135	0.0856995	0.0266179	0.013131	0.00289253	0.0106794
96	0.0443702	0.0164865	0.0664255	0.136808	0.018236	0.0286042	0.065256	0.0260648	0.0476838	0.0410468	0.0392163	0.0590001	0.0265745	0.182008	0.0457926	0.070454	0.0429219	0.0305056	0.00250509	0.0100402
97	0.0564225	0.0128382	0.0550238	0.0441463	0.0124198	0.0482389	0.0241014	0.0167439	0.0866494	0.0244696	0.0133482	0.131271	0.0317061	0.049335	0.0796135	0.186473	0.0881736	0.027024	0.00169644	0.0103053
98	0.043016	0.0111894	0.0108971	0.0153002	0.01909	0.0113439	0.0152913	0.268837	0.0359191	0.0930761	0.0343243	0.0116601	0.0156645	0.0142817	0.0317598	0.0305092	0.045894	0.279563	0.00412523	0.00825763
99	0.034563	0.0118943	0.00862033	0.0121405	0.0307223	0.00755459	0.00983242	0.164145	0.0128752	0.361328	0.0664933	0.0115558	0.0221962	0.0249334	0.0127845	0.0362857	0.0451783	0.11955	0.00105009	0.00629773
100	0.0145267	0.01536	0.00818912	0.0123335	0.178154	0.00697174	0.0610567	0.0512718	0.00620358	0.277211	0.0371704	0.0156696	0.00981382	0.024273	0.0125108	0.0212721	0.0254122	0.0376304	0.00884102	0.176129
101	0.0856176	0.0219823	0.031236	0.0265425	0.010359	0.0539786	0.0237461	0.0199992	0.0334432	0.0255172	0.0139509	0.102895	0.033013	0.0401699	0.0293798	0.28875	0.119523	0.0284165	0.00191635	0.00956369
102	0.0415342	0.0194871	0.103256	0.138453	0.0200497	0.0187235	0.119106	0.0568082	0.0226656	0.0339985	0.0299795	0.0481427	0.0226589	0.107568	0.0307945	0.0543368	0.0711669	0.0432416	0.00152368	0.0165055
103	0.0262048	0.0113741	0.182751	0.109443	0.0193109	0.0317483	0.0230033	0.00511425	0.0374696	0.0149771	0.00697633	0.280989	0.00792643	0.0166028	0.0105187	0.150897	0.0252584	0.0228269	0.00116851	0.0154399
104	0.11603	0.012411	0.0339427	0.0344848	0.0141548	0.193705	0.0207638	0.0222053	0.0730447	0.0377338	0.0161236	0.0505729	0.0359267	0.0531931	0.0620152	0.126773	0.0519529	0.0310527	0.00328608	0.0106284
105	0.0220858	0.0011217	0.327927	0.358013	0.003222	0.0291841	0.0192507	0.00185617	0.0197548	0.0122973	0.000609777	0.040221	0.0244297	0.027239	0.0280737	0.0422427	0.0265931	0.0105364	0.00220489	0.00313788
106	0.0328111	0.00344361	0.00508794	0.0106227	0.0161641	0.00462204	0.00365561	0.389813	0.00514673	0.0754331	0.0211875	0.00670769	0.00631052	0.00658799	0.00334019	0.0165348	0.0335654	0.353607	0.00024306	0.00511627
107	0.023977	0.00765092	0.0240562	0.0356016	0.00890204	0.0215413	0.0353845	0.017267	0.279207	0.0279427	0.00799809	0.0346393	0.023211	0.0639728	0.285072	0.0454601	0.0297346	0.0183102	0.00262197	0.0074494
108	0.0150865	0.0074863	0.00712822	0.00735819	0.0374241	0.00337949	0.00546813	0.111268	0.00627565	0.538012	0.0724927	0.00253894	0.0101254	0.025767	0.0129254	0.0195672	0.0164184	0.0923988	0.000476537	0.00840359
109	0.0327011	0.0042362	0.00554985	0.0108599	0.017418	0.00519893	0.00425494	0.372313	0.0069364	0.0913161	0.0257696	0.00728367	0.00776677	0.00762769	0.0043104	0.0193672	0.0346715	0.336859	0.000392234	0.00516702
110	0.0298501	0.00593166	0.251203	0.264886	0.0111569	0.0409246	0.0260485	0.00824608	0.0310712	0.0231777	0.00576707	0.0696192	0.0261937	0.0401612	0.0380445	0.0653254	0.0329366	0.0168343	0.0026429	0.00997882
111	0.0224187	0.0229411	0.0152513	0.0193284	0.267044	0.0137169	0.0583524	0.043786	0.00954193	0.10063	0.0206041	0.0229772	0.00976843	0.0189334	0.014732	0.0318287	0.0345752	0.0316476	0.0179488	0.223974
112	0.0780236	0.0212373	0.035107	0.0334798	0.0110863	0.446112	0.0171497	0.0139287	0.0306489	0.0255406	0.0105066	0.034055	0.018439	0.0410506	0.0356638	0.09568	0.0281566	0.0137757	0.00140603	0.00895285
113	0.0416945	0.00729883	0.014478	0.0219488	0.0185852	0.0156422	0.00916362	0.265147	0.014404	0.122208	0.0320179	0.0193502	0.0152545	0.0176982	0.0117843	0.0415915	0.0414138	0.281455	0.00122517	0.00763902
114	0.0936372	0.029407	0.0379953	0.0362842	0.014917	0.0616491	0.0217864	0.0304407	0.0335134	0.0385294	0.0152149	0.0715127	0.0447829	0.0334665	0.0325385	0.25388	0.0939105	0.0347052	0.00574956	0.0160792
115	0.114832	0.0330104	0.0308005	0.0367394	0.019279	0.0572915	0.0271061	0.060149	0.0281749	0.0515409	0.0213133	0.0508027	0.0567597	0.0373738	0.0287076	0.184922	0.0818432	0.0551766	0.00430005	0.0198775
116	0.0622762	0.0114565	0.0431948	0.0582066	0.0159291	0.0323188	0.0480463	0.027299	0.0637867	0.057227	0.0185303	0.0553236	0.129264	0.116588	0.0729476	0.0917257	0.0505449	0.0287691	0.00118719	0.0153784
117	0.0199122	0.00820329	0.010206	0.0109563	0.0316833	0.00542555	0.00669872	0.133585	0.00848245	0.462206	0.067183	0.0085465	0.0107299	0.0251142	0.0116454	0.0242291	0.0211825	0.125647	0.000810849	0.0075525
118	0.11477	0.0215659	0.0663268	0.0520564	0.0104397	0.051639	0.022712	0.0244128	0.0276005	0.0233037	0.0109669	0.095819	0.031159	0.0336849	0.0290559	0.258076	0.0861412	0.0260963	0.00188716	0.0122863
119	0.00958048	0.00403865	0.00380727	0.0151676	0.00241814	0.0157527	0.01927	0.0092435	0.372899	0.0231597	0.00165569	0.0215054	0.0144309	0.041365	0.386823	0.0266452	0.0177123	0.0119165	0.000263633	0.00234555
120	0.100852	0.0298025	0.0266295	0.0273286	0.012125	0.0401692	0.0219701	0.0315659	0.0291898	0.0325754	0.0164268	0.0693881	0.0390941	0.030908	0.0299462	0.273359	0.138056	0.0313235	0.00468098	0.0146092
121	0.0284546	0.00202517	0.00396979	0.0089115	0.0148892	0.0033906	0.00319437	0.428225	0.00286185	0.0698069	0.0176228	0.00651771	0.00385039	0.00664844	0.00229829	0.0142805	0.029817	0.348614	0.000190196	0.00443168
122	0.0983025	0.0225493	0.0200696	0.0153861	0.0105656	0.333601	0.0161569	0.0136701	0.0208082	0.0247768	0.00894041	0.0374357	0.0189554	0.0272863	0.0223246	0.211897	0.0574741	0.0151463	0.0042335	0.0204208
123	0.0097666	0.00405747	0.00395051	0.0152839	0.00245548	0.0158625	0.0192669	0.00924175	0.372081	0.0232488	0.00166559	0.0216433	0.0146189	0.0417506	0.386016	0.0267246	0.0178169	0.0119234	0.000263508	0.00236251
124	0.0241381	0.00756917	0.0172036	0.02842	0.0143856	0.0230721	0.021325	0.038624	0.207629	0.137346	0.0229851	0.0269932	0.0246269	0.0566983	0.233143	0.039907	0.0273297	0.0383337	0.00255309	0.00771692
125	0.0634753	0.0167036	0.0866785	0.05491	0.0171269	0.0459891	0.0257069	0.0160353	0.0347908	0.0230128	0.0122606	0.172313	0.0243722	0.0360485	0.025029	0.228126	0.0749991	0.0263324	0.00149619	0.0145934
126	0.093944	0.0182534	0.0253239	0.0306771	0.00975052	0.0396333	0.0226067	0.02741	0.0303018	0.0270001	0.0139649	0.0713109	0.133027	0.0393448	0.0365518	0.216464	0.119312	0.0318833	0.00373918	0.00950145
127	0.0583396	0.0168639	0.033685	0.032802	0.0963953	0.203939	0.0316515	0.0299451	0.029442	0.0602626	0.0194791	0.0448996	0.024198	0.0430481	0.0314166	0.0939965	0.0468493	0.027995	0.00775081	0.0670406
128	0.0254779	0.0127149	0.00848238	0.0140995	0.0992228	0.0090012	0.0295268	0.194023	0.0077395	0.190598	0.0364525	0.0135423	0.0144135	0.0167323	0.0106693	0.0229431	0.0347456	0.154299	0.00612062	0.0991961
129	0.0503673	0.00957289	0.0968531	0.121228	0.0106058	0.19742	0.0248411	0.0138147	0.0693085	0.0262443	0.00964112	0.0452148	0.0291416	0.0678161	0.0933708	0.0722288	0.0345978	0.0168808	0.00202481	0.00882793
130	0.0568053	0.0203872	0.0259007	0.0336075	0.0172051	0.0278727	0.0252509	0.0495137	0.0995375	0.117679	0.0260779	0.0401804	0.0399418	0.0487203	0.125907	0.100816	0.0813086	0.0428642	0.00833569	0.0120882
131	0.080711	0.0127824	0.0209906	0.027546	0.0118767	0.0202934	0.017149	0.0462725	0.0207603	0.125706	0.0265058	0.0236503	0.327287	0.0355629	0.0207144	0.0851287	0.0458817	0.0374379	0.00264385	0.0110997
132	0.0267572	0.0169669	0.0156943	0.0204011	0.154725	0.0156539	0.0488924	0.0861908	0.0177533	0.0915992	0.026457	0.0266569	0.0119108	0.0177759	0.0165584	0.0414661	0.0401797	0.101872	0.0143229	0.208167
133	0.0364312	0.077074	0.0141531	0.0198493	0.0568655	0.033352	0.0215232	0.034214	0.0313338	0.03979	0.0197408	0.0204234	0.0198268	0.0299892	0.0310182	0.0713054	0.0600495	0.0279865	0.263852	0.0912218
134	0.0444518	0.0132514	0.0113962	0.0188733	0.0288295	0.0122132	0.0112282	0.211544	0.0210483	0.192062	0.0770159	0.0143182	0.0230794	0.020179	0.0105325	0.0385902	0.0499313	0.185973	0.00346328	0.0120202
135	0.123909	0.160751	0.0157207	0.0186279	0.0152266	0.0514735	0.0226975	0.0327327	0.0288742	0.0453502	0.0148696	0.0367038	0.0207607	0.023065	0.0217287	0.215958	0.0856341	0.0446722	0.00610885	0.0151356
136	0.0830647	0.0110986	0.0198097	0.0266488	0.0132012	0.0196668	0.0175825	0.0827919	0.0276142	0.0764105	0.0272753	0.0288481	0.260495	0.028719	0.0255197	0.100004	0.0601197	0.0794797	0.0017145	0.00993644
137	0.0548801	0.0596108	0.087673	0.136491	0.0240838	0.0400218	0.0386103	0.0393556	0.0321926	0.0513426	0.0241292	0.0679506	0.0309674	0.0590407	0.0331866	0.092851	0.0565245	0.0387731	0.0115955	0.0207194
138	0.0380252	0.0116484	0.0145014	0.019966	0.0221254	0.0109922	0.0102082	0.292157	0.0189425	0.102681	0.0267565	0.0183534	0.0120956	0.0143355	0.0168729	0.0359274	0.0397472	0.280843	0.0020492	0.0117717
139	0.0599489	0.0903069	0.0144646	0.0179848	0.0294352	0.0221436	0.021444	0.178982	0.0236709	0.113456	0.040489	0.0226109	0.0222773	0.0249051	0.0169263	0.0739483	0.0619836	0.130086	0.0180885	0.0168486
140	0.10868	0.023132	0.0512123	0.0487499	0.0152791	0.0308881	0.0770353	0.0869324	0.0254022	0.0536925	0.032623	0.051472	0.0333234	0.0625792	0.0280514	0.0784192	0.0670528	0.114995	0.00191035	0.00856984
141	0.0744006	0.223887	0.0203486	0.0243532	0.0367288	0.0296851	0.0271644	0.0350636	0.0337654	0.0545251	0.0165354	0.0377862	0.0186863	0.0312005	0.0248549	0.15533	0.0736174	0.0471597	0.00860267	0.0263052
142	0.02225	0.00142663	0.323407	0.354591	0.00337275	0.0294964	0.0195272	0.00197036	0.0199412	0.0126269	0.000862284	0.0426532	0.0241293	0.0277396	0.0278675	0.0447466	0.02649	0.0111518	0.00227517	0.00347569
143	0.0381308	0.0246963	0.148301	0.20692	0.0131611	0.0241112	0.0726601	0.0307724	0.0265627	0.0320601	0.0213547	0.0466213	0.0233015	0.120507	0.0298447	0.0516451	0.0516921	0.0294335	0.00222296	0.00600227
144	0.0245671	0.0113053	0.195166	0.106527	0.0195722	0.0324156	0.0191485	0.00508443	0.0378814	0.0151835	0.00715434	0.278629	0.00705921	0.0109205	0.00881565	0.151276	0.0269473	0.0258046	0.00163672	0.0149061
145	0.11208	0.0146396	0.0151967	0.0167251	0.00482109	0.0249474	0.013587	0.0116385	0.0188347	0.0272992	0.00556455	0.0390431	0.330626	0.0249272	0.0252884	0.208242	0.0735111	0.0177701	0.00259457	0.0126638
146	0.0234016	0.00115326	0.322127	0.357954	0.00311599	0.030643	0.0202695	0.00186118	0.0196915	0.0123962	0.000692055	0.0397579	0.0247315	0.0281831	0.0292544	0.042522	0.0259754	0.0106272	0.00222121	0.00342215
147	0.186764	0.0543747	0.0140457	0.0134708	0.00650956	0.040052	0.0165771	0.0368424	0.0191412	0.0252901	0.00705418	0.0387548	0.0220518	0.0147832	0.04441	0.317431	0.0932151	0.0191899	0.00714044	0.0229024
148	0.146064	0.038144	0.0137111	0.0129093	0.00755482	0.0364912	0.0178927	0.0309096	0.0203737	0.0236117	0.00759407	0.0490902	0.0238514	0.0156335	0.0255473	0.3478	0.144616	0.0210654	0.00553465	0.011605
149	0.0190373	0.0221771	0.0111189	0.0156402	0.230445	0.0121313	0.071966	0.0267801	0.0129464	0.06857	0.0135226	0.0282989	0.00707032	0.0142372	0.0144528	0.036956	0.0399244	0.0216905	0.0222937	0.310742
150	0.0695152	0.0188688	0.0950837	0.0775587	0.0139039	0.126343	0.0272272	0.0660093	0.0313859	0.0517518	0.0246806	0.062743	0.0397583	0.0465809	0.0352688	0.0930213	0.0584385	0.0448763	0.00380015	0.0131848
151	0.0106073	0.0136531	0.00549855	0.010111	0.28224	0.00412595	0.0820193	0.0236023	0.00238907	0.0696459	0.00920071	0.0195449	0.00271924	0.00545219	0.00679412	0.0198824	0.0338313	0.0146061	0.0127064	0.37137
152	0.00963998	0.00404566	0.00386872	0.0152303	0.00243216	0.0157543	0.0193646	0.00925094	0.372461	0.0231629	0.00167079	0.0215356	0.0144977	0.0415525	0.386553	0.0266574	0.0177736	0.0119164	0.000282072	0.00235002
153	0.0775459	0.0227509	0.0524173	0.0417748	0.0130091	0.0457272	0.0252909	0.0323054	0.0323319	0.0290329	0.0153588	0.127308	0.0342097	0.0398369	0.0308762	0.227538	0.0904862	0.0502804	0.00134354	0.0105755
154	0.0238242	0.00410525	0.297515	0.312943	0.00611376	0.0291877	0.0244951	0.00392672	0.0228464	0.0144092	0.00290097	0.0703489	0.0228006	0.0321387	0.0271453	0.0571176	0.0274168	0.0132521	0.00206472	0.00544786
155	0.0192637	0.00494697	0.00724571	0.00945931	0.0255405	0.00358575	0.0070367	0.227465	0.00488548	0.35022	0.0543082	0.0041099	0.00669823	0.0204141	0.00919329	0.0162628	0.0201224	0.20353	0.000300402	0.0054123
156	0.0344854	0.0402536	0.0235908	0.0291994	0.0605726	0.0349286	0.0214375	0.0369356	0.0430177	0.0394247	0.0205156	0.0185231	0.028299	0.0296964	0.0467639	0.0596773	0.0585328	0.0243653	0.261116	0.088665
157	0.112391	0.0338265	0.0198661	0.0184983	0.00855556	0.0414431	0.0207572	0.0222107	0.0291189	0.0273137	0.0101105	0.0681982	0.0272199	0.025591	0.0269141	0.341101	0.127675	0.0245478	0.00411907	0.0105432
158	0.0599749	0.167279	0.0100181	0.015567	0.0199956	0.0152251	0.0184964	0.0646696	0.0517667	0.163294	0.0416396	0.0215721	0.0190174	0.0194459	0.0154285	0.0879703	0.0867745	0.0971652	0.0105277	0.0141728
159	0.0811772	0.0158565	0.0279207	0.0266091	0.0136559	0.47048	0.0187732	0.0139748	0.0251501	0.0304142	0.0127505	0.030315	0.018707	0.039544	0.0288722	0.0896903	0.0274497	0.0145292	0.00296226	0.011168
160	0.0336985	0.00715071	0.00625275	0.00992514	0.0340139	0.0047975	0.00452716	0.333859	0.0109321	0.162801	0.0424709	0.00534411	0.0102824	0.00817822	0.00554899	0.0210002	0.0379578	0.250236	0.00158178	0.00944218
161	0.0972522	0.0156045	0.0247228	0.0283393	0.0100632	0.0383029	0.0239541	0.0236655	0.0271202	0.0246427	0.0122977	0.0711133	0.13952	0.0401404	0.0330359	0.219119	0.126713	0.0286507	0.00413769	0.0116056
162	0.164623	0.0703564	0.0101826	0.00941475	0.00568397	0.0295336	0.0185034	0.0200631	0.0235393	0.0361672	0.00643059	0.0429965	0.0120227	0.0110873	0.0194392	0.370951	0.11064	0.0218688	0.00348091	0.0130156
163	0.0145146	0.00599321	0.00897646	0.00842175	0.0327184	0.00376331	0.00496594	0.140536	0.00604774	0.498992	0.0705517	0.00205959	0.00829529	0.0236094	0.0120841	0.0185182	0.0165817	0.117281	0.000316689	0.00577217
164	0.0424704	0.0113085	0.0904137	0.148037	0.0169286	0.0329808	0.0546765	0.0160572	0.0669018	0.0331965	0.0202861	0.0583457	0.0335332	0.168369	0.0699915	0.0688619	0.035521	0.0212989	0.00163901	0.00918265
165	0.0454852	0.0221393	0.0237838	0.0558307	0.0496429	0.027396	0.0369974	0.107846	0.0214698	0.123216	0.081656	0.035365	0.0411755	0.0403709	0.020737	0.0550389	0.0549358	0.0775953	0.0135147	0.0658033
166	0.142664	0.0360506	0.0226149	0.0227111	0.00859989	0.050206	0.0201626	0.0272386	0.02566	0.0327876	0.0118552	0.0598919	0.0474107	0.0273425	0.0274512	0.290877	0.101612	0.0285111	0.00358651	0.0127679
167	0.0432204	0.00998749	0.144972	0.190403	0.0148731	0.0348164	0.0719387	0.0228995	0.0293328	0.0279429	0.0159058	0.0575293	0.0335476	0.0724743	0.0376213	0.0827319	0.0623865	0.027431	0.00191193	0.0180732
168	0.080072	0.0133065	0.0298044	0.031589	0.0123485	0.255082	0.022155	0.0192848	0.0408433	0.0229325	0.0117035	0.056235	0.0484704	0.0495585	0.0581202	0.151244	0.0614628	0.0205212	0.0044727	0.0107944
169	0.0660858	0.0114673	0.0458811	0.0741683	0.0240852	0.0333879	0.058442	0.0227058	0.0684149	0.0331816	0.0210796	0.0699433	0.0344029	0.159637	0.0655308	0.119116	0.0509392	0.0314671	0.0005278	0.00953662
170	0.0976365	0.00869189	0.0240322	0.0263382	0.00597694	0.0196267	0.0163701	0.0126249	0.0211869	0.0343539	0.00698088	0.0360321	0.402915	0.0339498	0.0209701	0.145669	0.0570273	0.019438	0.00287333	0.0073066
171	0.0570168	0.00864818	0.139832	0.173666	0.00750149	0.0373729	0.0228939	0.0159734	0.0353275	0.03353	0.0110466	0.0436836	0.16218	0.055704	0.0418442	0.0779185	0.0430391	0.0232505	0.00247087	0.00710054
172	0.0283254	0.0315758	0.00972234	0.0139612	0.0364417	0.00958926	0.0122219	0.106445	0.0149311	0.41806	0.0626982	0.0119402	0.016818	0.028562	0.0138342	0.0384331	0.030894	0.101682	0.00176734	0.0120969
173	0.1063	0.304919	0.00714483	0.00913377	0.00687186	0.0171623	0.0135524	0.0199015	0.0337556	0.0264638	0.00616734	0.0273398	0.00951791	0.0104561	0.0133524	0.235595	0.0889299	0.0532012	0.00265489	0.00757959
174	0.0222613	0.00122308	0.326697	0.356131	0.00329121	0.0292303	0.0193367	0.00195318	0.0198207	0.0123588	0.0006752	0.0412494	0.0244205	0.0272292	0.0280216	0.043163	0.026887	0.0106649	0.00218691	0.00319834
175	0.0107549	0.00636459	0.00732601	0.00692107	0.0333167	0.00343557	0.00502784	0.0916814	0.00407533	0.585626	0.0734354	0.00198231	0.00778809	0.0285192	0.0138467	0.0182826	0.0110374	0.0841083	0.000293887	0.00617635
176	0.0293631	0.0144201	0.03357	0.0465975	0.0254277	0.0213573	0.231093	0.0180906	0.0304282	0.0322254	0.0210682	0.0897877	0.0305996	0.135843	0.038779	0.0629362	0.045575	0.0204854	0.00100662	0.0713466
177	0.0880124	0.00862487	0.0379938	0.0482179	0.00843633	0.0217922	0.0199465	0.0193404	0.0279664	0.047214	0.0100133	0.0259122	0.378437	0.0409932	0.0294347	0.106093	0.0449532	0.023807	0.00247831	0.0103332
178	0.0464816	0.0216182	0.0165792	0.0286711	0.0276623	0.0225352	0.0197715	0.106136	0.0587092	0.188991	0.103064	0.0229954	0.0599425	0.0391001	0.0270048	0.0475555	0.0597768	0.0804535	0.00942987	0.0135217
179	0.0416789	0.00928097	0.0521561	0.076266	0.0161009	0.0341056	0.0512461	0.0204003	0.120178	0.0364663	0.0133652	0.0507662	0.0540404	0.0964497	0.1592	0.0673647	0.0444998	0.0201715	0.00400221	0.0322611
180	0.117774	0.0138162	0.0199234	0.0232196	0.00734479	0.0322647	0.0162717	0.0210823	0.0225128	0.0312631	0.0100921	0.0451335	0.280709	0.0335986	0.0253941	0.185754	0.0781796	0.0245323	0.0024969	0.00863713
181	0.0153129	0.00799655	0.00788667	0.00752708	0.0428271	0.00385332	0.00617088	0.114372	0.00609669	0.518292	0.0693048	0.00270392	0.00916407	0.0250325	0.0129209	0.0197451	0.016628	0.0996818	0.00130878	0.0131744
182	0.0253069	0.0515293	0.0132022	0.0164347	0.292314	0.0115745	0.0470163	0.0367832	0.0120859	0.0888581	0.0237365	0.0207157	0.00810386	0.0157957	0.0116203	0.0390127	0.0351698	0.0264158	0.0213589	0.202966
183	0.0146169	0.00757085	0.00721188	0.00760204	0.0438697	0.00391908	0.00679241	0.113951	0.0056054	0.521308	0.0683316	0.00259443	0.00850514	0.0240891	0.012368	0.02025	0.0157282	0.0995353	0.00113182	0.015019
184	0.0516901	0.0307365	0.0125531	0.0193572	0.035815	0.0156002	0.0161267	0.221031	0.0243914	0.149582	0.0802911	0.0183522	0.0294789	0.0186483	0.0119115	0.0431169	0.0639563	0.143727	0.00363456	0.00999992
185	0.0591662	0.016232	0.0173933	0.0283137	0.020263	0.018207	0.0532025	0.0504165	0.0196203	0.191601	0.0383432	0.028562	0.210223	0.046389	0.0220979	0.0682976	0.0503573	0.0398621	0.0021329	0.0193193
186	0.0418259	0.0132934	0.0175978	0.0270285	0.0120245	0.0379769	0.0233603	0.0247402	0.184765	0.0894568	0.0154947	0.0380363	0.0253888	0.054219	0.208469	0.104115	0.0435237	0.024369	0.00581516	0.00849977
187	0.06401	0.0126543	0.0490582	0.0634641	0.0132079	0.0581341	0.0339423	0.0197643	0.0426725	0.0271911	0.0167103	0.119528	0.0379063	0.086583	0.0564787	0.176881	0.070434	0.029978	0.00128305	0.0201194
188	0.11121	0.00565697	0.0115013	0.013694	0.00220854	0.00741617	0.00698925	0.00439308	0.012633	0.0356248	0.0021011	0.00947545	0.569446	0.023541	0.00958739	0.12067	0.0357119	0.0131188	0.000544072	0.00447808
189	0.111267	0.0056173	0.0114874	0.0135715	0.00218005	0.00738404	0.00683896	0.00433964	0.012618	0.035696	0.00209237	0.00922204	0.571257	0.0235933	0.00934287	0.12014	0.0353449	0.0131083	0.000515504	0.0043842
190	0.0754708	0.019322	0.0214519	0.0311579	0.0163654	0.0237806	0.0223829	0.127918	0.0276271	0.0920873	0.0427943	0.0321477	0.153409	0.0296855	0.0253628	0.079049	0.0726317	0.088119	0.00731464	0.0119227
191	0.00958048	0.00403865	0.00380727	0.0151676	0.00241814	0.0157527	0.01927	0.0092435	0.372899	0.0231597	0.00165569	0.0215054	0.0144309	0.041365	0.386823	0.0266452	0.0177123	0.0119165	0.000263633	0.00234555
192	0.0319503	0.0108622	0.00768242	0.010567	0.0305202	0.00905665	0.00698243	0.122803	0.0139689	0.425431	0.0828912	0.00629187	0.0169317	0.0252058	0.0116379	0.0310689	0.0378536	0.11164	0.000943936	0.0057105
193	0.00987648	0.00402486	0.00410302	0.0155859	0.00245997	0.0160159	0.0194123	0.00935292	0.371294	0.0231982	0.00166038	0.0217522	0.0146128	0.0420461	0.385473	0.0267019	0.017849	0.0118957	0.000281773	0.00240372
194	0.0558016	0.0358502	0.0180833	0.0238727	0.0120249	0.0359232	0.0168406	0.039045	0.0788103	0.0334599	0.0302621	0.028023	0.0353296	0.0269105	0.0562166	0.126872	0.0714265	0.0404371	0.194145	0.0406654
195	0.124046	0.0426621	0.00983021	0.00633984	0.00520496	0.0294475	0.0182372	0.011534	0.0284278	0.0294549	0.0053496	0.0586648	0.0122022	0.0105911	0.0159312	0.431653	0.128717	0.0149176	0.00290092	0.0138887
196	0.0106941	0.00421592	0.00430594	0.0152916	0.00276289	0.016461	0.0193272	0.00983019	0.367844	0.0231761	0.00198186	0.0216811	0.0164526	0.0418962	0.381163	0.0286003	0.0181719	0.0131256	0.000487684	0.00253043
