405	20
1	0.0162768	0.0080207	0.00523378	0.00663772	0.507625	0.00433011	0.0165605	0.0306074	0.00577188	0.169735	0.034892	0.00526804	0.00880665	0.00671263	0.0056445	0.0212135	0.00829907	0.0458305	0.012444	0.0800906
2	0.18108	0.0433339	0.0489135	0.0361372	0.00482968	0.100962	0.00807665	0.0108299	0.0227156	0.0232108	0.0105843	0.0517061	0.00591787	0.0208019	0.023674	0.237014	0.104278	0.0179177	0.0226996	0.0253174
3	0.0122427	0.00439371	0.00375674	0.0248939	0.035463	0.0229173	0.00431987	0.116574	0.0117205	0.0388998	0.00761428	0.0376245	0.0191935	0.0310371	0.165223	0.0700785	0.268123	0.105602	0.00177987	0.0185435
4	0.00702647	0.0209443	0.447174	0.00579031	0.00184977	0.00385358	0.0806251	0.0131624	0.00471754	0.0136188	0.0030438	0.242695	0.0126455	0.00587548	0.0055376	0.0977382	0.0070398	0.00452911	0.00105808	0.0210756
5	0.00738329	0.000610483	0.000428357	0.000882807	0.0366566	0.00169779	0.0021251	0.281064	0.00531253	0.408549	0.0763282	0.00219623	0.000612005	0.00460721	0.0113128	0.00388807	0.00143013	0.134854	0.00784271	0.0122184
6	0.0300212	0.00708877	0.0111476	0.0213813	0.0115013	0.0362577	0.00598613	0.0680051	0.0305601	0.0253065	0.0112202	0.111565	0.0090047	0.0488065	0.087819	0.14043	0.242806	0.0897761	0.00214777	0.00916914
7	0.100147	0.00109494	0.121922	0.317841	0.0077022	0.0244632	0.0228545	0.00222069	0.0735209	0.0135695	0.00155	0.0508068	0.0560342	0.102777	0.0247437	0.0438377	0.0212927	0.00896294	0.000512156	0.00414648
8	0.0682815	0.00108867	0.0352119	0.0851735	0.0121908	0.0149509	0.0157006	0.044591	0.120672	0.13861	0.090577	0.0182128	0.0034364	0.121696	0.0896101	0.0445242	0.0434782	0.0403576	0.0025677	0.00906858
9	0.24651	0.0112512	0.00162152	0.0139499	0.0033403	0.00959026	0.00176153	0.140186	0.00560891	0.118273	0.0332406	0.00409161	0.00898007	0.00404887	0.00524945	0.0569251	0.0524875	0.278955	0.00216053	0.00176956
10	0.0179313	0.00559829	0.00738968	0.0239718	0.000698081	0.0167923	0.0396403	0.00864778	0.200502	0.0118666	0.00912811	0.0196293	0.00960193	0.0334407	0.523969	0.0517649	0.00882874	0.00702777	0.000309613	0.00326195
11	0.0581206	0.0022058	0.0316365	0.0101638	0.0105725	0.00577624	0.0293046	0.00371518	0.0284933	0.0488529	0.00480343	0.0219413	0.42556	0.0461154	0.0675365	0.0983571	0.097319	0.00604558	0.00106344	0.00241695
12	0.0774733	0.0234584	0.000844502	0.0154752	0.00340632	0.00654419	0.000745917	0.212406	0.00138614	0.220914	0.0707711	0.00176742	0.0087969	0.00136726	0.00480978	0.0326852	0.0311153	0.283382	0.00200852	0.000642467
13	0.00657408	0.00700345	0.00287934	0.00462383	0.0595357	0.00271299	0.0121459	0.294163	0.0106874	0.16992	0.0364317	0.00458936	0.0044068	0.00882438	0.0193189	0.0123377	0.00624099	0.242091	0.0228277	0.0726853
14	0.133628	0.0102066	0.0370038	0.154268	0.00709526	0.232766	0.01251	0.0157508	0.0347359	0.0206865	0.0102021	0.0371686	0.0104313	0.0602683	0.0322898	0.0814373	0.0356325	0.0298951	0.0330605	0.0109633
15	0.0272012	0.00621641	0.0133013	0.0283869	0.00190779	0.0203238	0.0369157	0.0103541	0.200542	0.0177485	0.00990701	0.0257421	0.00989449	0.0425167	0.454906	0.0606222	0.0173251	0.0116486	0.000393412	0.00414575
16	0.0363159	0.00591691	0.425961	0.200576	0.000651129	0.0276964	0.010494	0.00316984	0.0358328	0.00275424	0.00141267	0.101929	0.0101291	0.0476773	0.0250103	0.0233388	0.0232499	0.00407812	0.000303265	0.0135027
17	0.0535001	0.00348389	0.174096	0.132403	0.00461363	0.0119435	0.0137421	0.00627422	0.19204	0.0234565	0.0206804	0.0971376	0.00397408	0.0742468	0.0937734	0.0485296	0.0394591	0.00535863	0.000393437	0.000893579
18	0.0397829	0.00768776	0.0342541	0.223855	0.0106432	0.0458567	0.0106207	0.0546829	0.0422692	0.028619	0.0130327	0.022056	0.00932288	0.174824	0.0312808	0.062802	0.0338236	0.124024	0.0137769	0.0167849
19	0.0186019	0.00338492	0.000708098	0.00211717	0.00943782	0.00380342	0.000585391	0.400439	0.00508471	0.0890142	0.0126958	0.00637319	0.00208448	0.00368901	0.00768872	0.00887521	0.034739	0.38785	0.000383322	0.00244429
20	0.126078	0.00664786	0.0946599	0.136743	0.00288839	0.0484849	0.0152836	0.0232614	0.102822	0.0155586	0.00276541	0.0696314	0.00475808	0.0987105	0.0587393	0.102116	0.0455953	0.0335938	0.00121785	0.0104447
21	0.0695955	0.00210541	0.0659156	0.121143	0.00648265	0.0163577	0.0208672	0.0139349	0.159502	0.027582	0.00903885	0.0699474	0.00219675	0.163506	0.141053	0.0475805	0.047653	0.0115175	0.000527572	0.00349304
22	0.144737	0.0337844	0.00303287	0.0122248	0.0128015	0.00555817	0.00293992	0.0711565	0.00861139	0.131853	0.0404225	0.0205062	0.00413627	0.00978148	0.0139548	0.0803579	0.266117	0.121677	0.0131973	0.00314925
23	0.0811923	0.0211373	0.000682795	0.0162364	0.00350943	0.00716707	0.000757915	0.221858	0.00147449	0.210698	0.068948	0.00205721	0.00817212	0.00140558	0.00534875	0.0379487	0.0334741	0.275046	0.00220629	0.00067963
24	0.0489146	0.0712289	0.068569	0.1913	0.0339739	0.0173516	0.0108788	0.0155885	0.0334032	0.023861	0.016506	0.0245079	0.00794303	0.117759	0.0924801	0.0821877	0.0641925	0.0657831	0.00471601	0.0088546
25	0.0798878	0.00642567	0.0127465	0.0110451	0.0071509	0.011608	0.0115659	0.143493	0.0757329	0.034794	0.0101835	0.0440979	0.00828739	0.0227038	0.0365452	0.0822364	0.117451	0.25225	0.00227893	0.0295166
26	0.0483329	0.0130382	0.0017807	0.0103688	0.0124937	0.00520099	0.00207098	0.262861	0.00669993	0.20879	0.045931	0.00465233	0.00611153	0.00591973	0.0101447	0.0254619	0.0442388	0.280172	0.0019639	0.00376703
27	0.112017	0.101806	0.00928604	0.0105539	0.00434918	0.0694236	0.00540026	0.00593965	0.00891108	0.0635342	0.0233054	0.0692952	0.00522343	0.00894565	0.0140225	0.412511	0.0550913	0.00975991	0.00413792	0.00648699
28	0.0216231	0.00549752	0.0110755	0.0273192	0.00148237	0.0161943	0.0376533	0.0091543	0.211251	0.0155805	0.00873908	0.0308184	0.00992653	0.0407379	0.469621	0.0545396	0.0145463	0.00959925	0.000498499	0.00414291
29	0.0202983	0.00519099	0.00864158	0.027561	0.00132572	0.0160627	0.0362608	0.009681	0.20577	0.0133737	0.00914751	0.0256708	0.00939104	0.0490691	0.480239	0.0555814	0.0142808	0.00864475	0.000431874	0.00337769
30	0.026733	0.00562502	0.00756867	0.0113837	0.00836014	0.015645	0.00703767	0.094665	0.106786	0.0172457	0.00762781	0.0788324	0.00918612	0.0220939	0.128039	0.153607	0.24947	0.0410137	0.00200881	0.00707167
31	0.0539324	0.00425812	0.0403751	0.0783528	0.00648521	0.0160277	0.0301971	0.0201931	0.190814	0.0354292	0.0139466	0.0518937	0.00573244	0.114146	0.191193	0.0546278	0.0544383	0.0291837	0.00136198	0.0074126
32	0.218403	0.0187741	0.0381358	0.036842	0.00563305	0.0479106	0.0140943	0.0124462	0.0344384	0.0232771	0.0133964	0.0755173	0.0186469	0.036161	0.0322258	0.223457	0.10957	0.0306447	0.00346199	0.00696343
33	0.169276	0.0700977	0.0239637	0.0193449	0.00390973	0.0583394	0.00773981	0.00676977	0.016385	0.0358892	0.0153688	0.0816541	0.0117825	0.0159877	0.0202736	0.342873	0.0696212	0.0188038	0.00486317	0.00705731
34	0.241284	0.00473066	0.00482873	0.0295011	0.0060431	0.0195598	0.00372825	0.0953579	0.0165265	0.0421757	0.0123394	0.0099599	0.158424	0.0127174	0.0164938	0.0406929	0.0502236	0.228148	0.00247258	0.00479282
35	0.0696961	0.0226004	0.000676725	0.0140264	0.00393179	0.00620301	0.000736737	0.220637	0.0011531	0.214476	0.0666274	0.00179947	0.00954519	0.00133677	0.00443967	0.0300481	0.0298136	0.299605	0.00176435	0.000882965
36	0.0355447	0.00917026	0.00303781	0.0104562	0.0385551	0.00580537	0.00437967	0.163522	0.00846699	0.42714	0.0670746	0.00688818	0.00660074	0.00841857	0.0114475	0.0321416	0.0239591	0.121113	0.00396424	0.012315
37	0.034625	0.00843016	0.000480885	0.00492121	0.00747232	0.00363724	0.000420427	0.338568	0.00224624	0.122651	0.0256308	0.00303088	0.00536596	0.00235659	0.00440097	0.0135067	0.0297351	0.390683	0.000615821	0.00122154
38	0.0652246	0.00471785	0.0354347	0.078868	0.0039444	0.514726	0.0135335	0.00708015	0.0317197	0.0126647	0.00631118	0.0262795	0.0342277	0.035958	0.0397939	0.0531303	0.0186136	0.0103349	0.00286068	0.00457612
39	0.0937175	0.00144348	0.120717	0.330602	0.00827324	0.0221907	0.027145	0.00175783	0.0687545	0.0146157	0.00172726	0.0511455	0.0768701	0.0849805	0.0200283	0.0419078	0.0215388	0.00817102	0.00056691	0.00384677
40	0.286004	0.00202561	0.00270578	0.00442132	0.00205632	0.095711	0.00244286	0.0113779	0.0272805	0.017074	0.00316468	0.00772549	0.322666	0.014297	0.0200559	0.138991	0.031496	0.00774088	0.000848766	0.0019152
41	0.0253378	0.00577257	0.0211752	0.0205351	0.00166325	0.639135	0.0136001	0.00368472	0.0366762	0.00869499	0.00439563	0.0201209	0.00624872	0.020492	0.105186	0.0446314	0.0120911	0.00577703	0.00266768	0.00211407
42	0.201802	0.0167704	0.00974786	0.0222747	0.00695608	0.0217215	0.00662409	0.0437168	0.023867	0.0421259	0.0184542	0.028233	0.0129574	0.0249947	0.0310886	0.194653	0.147853	0.134653	0.00371194	0.00779567
43	0.0202892	0.00498831	0.0423834	0.0234063	0.00228412	0.664417	0.0194209	0.00401024	0.0290253	0.0064482	0.00411981	0.0397242	0.0058517	0.0233481	0.0512727	0.0330847	0.0139894	0.00554326	0.00374623	0.00264673
44	0.08067	0.00842607	0.0421398	0.0537652	0.00582067	0.0420051	0.0235103	0.0200713	0.187618	0.0331951	0.0137155	0.0463619	0.0162368	0.0572467	0.16829	0.107221	0.0538724	0.0311053	0.00146654	0.00726174
45	0.0693194	0.0161685	0.00717813	0.0204352	0.0523599	0.0164275	0.00900288	0.0870215	0.0221705	0.0644115	0.0183316	0.0339962	0.0129844	0.0241716	0.0619843	0.120717	0.266584	0.0693987	0.00845838	0.0188793
46	0.394077	0.00908169	0.00233981	0.0131489	0.00190885	0.0118655	0.00270867	0.0648625	0.010158	0.0418325	0.00977513	0.00601695	0.00734486	0.00855996	0.00719502	0.116204	0.068127	0.221438	0.00114337	0.00221244
47	0.0111361	0.00222449	0.000284252	0.000496461	0.0115098	0.00219309	0.000282685	0.444932	0.00287365	0.0879831	0.00922731	0.00206023	0.000903545	0.00292018	0.00336001	0.00323555	0.0182623	0.394708	0.000166292	0.00124084
48	0.290589	0.00274431	0.001121	0.0111397	0.00183875	0.00451553	0.00126888	0.143532	0.00226259	0.0607114	0.0103645	0.00233055	0.00918886	0.00265413	0.0026953	0.0441863	0.0369209	0.370233	0.000557599	0.00114526
49	0.0855374	0.00320335	0.162857	0.285804	0.00668829	0.0272155	0.0264872	0.00344333	0.0680949	0.0137091	0.00273316	0.0729823	0.047417	0.0828903	0.027462	0.0441016	0.0253422	0.00880338	0.000393504	0.00483415
50	0.167212	0.008645	0.0926901	0.0828265	0.00218087	0.180735	0.0133433	0.0120182	0.0488558	0.012422	0.00527096	0.0714418	0.00975222	0.0446719	0.0285713	0.138114	0.0533888	0.0165589	0.00395421	0.00734842
51	0.0143633	0.00358379	0.00223432	0.00913567	0.0689661	0.0029883	0.00539893	0.111948	0.00437651	0.605862	0.0703839	0.00490165	0.00757555	0.00499122	0.00500462	0.0151046	0.00788867	0.0290416	0.00458552	0.0216654
52	0.291978	0.00700566	0.00154338	0.0140067	0.00218719	0.00658383	0.00165195	0.118543	0.00491287	0.0830279	0.0200826	0.00373922	0.0218469	0.00451718	0.00524936	0.046732	0.0406653	0.323005	0.000967758	0.00175439
53	0.0281854	0.00486372	0.0178628	0.0561558	0.00721205	0.0330332	0.00906002	0.0214886	0.0323095	0.138019	0.0462281	0.0599938	0.00524873	0.241017	0.117158	0.024976	0.0272978	0.0752948	0.0246324	0.029963
54	0.104227	0.001839	0.0429009	0.094457	0.00753277	0.0107674	0.01821	0.0180045	0.180152	0.0761169	0.0196546	0.0318489	0.00709244	0.132097	0.153562	0.0450644	0.0329317	0.0152685	0.000642704	0.0076305
55	0.069892	0.0180707	0.000676067	0.0127497	0.00766773	0.00567949	0.001002	0.23979	0.00173237	0.221993	0.0630055	0.00206163	0.00715384	0.00208587	0.00548475	0.03239	0.0295666	0.274696	0.00229082	0.0020108
56	0.361315	0.00191078	0.00122216	0.0132554	0.00110757	0.0053277	0.00150691	0.10275	0.00229949	0.0488286	0.00855898	0.00239379	0.0100772	0.00264541	0.00280033	0.0523752	0.0405018	0.339426	0.000478461	0.00121894
57	0.181969	0.0104566	0.104781	0.088005	0.000672636	0.0724131	0.013685	0.0213072	0.0789187	0.0131568	0.00207947	0.0855104	0.00774942	0.0595764	0.0244423	0.146904	0.0504167	0.0269548	0.00131109	0.00969139
58	0.27213	0.00360277	0.00345176	0.00709923	0.00291904	0.112427	0.00298181	0.00982659	0.0284263	0.0164338	0.00440262	0.0127459	0.286176	0.0174953	0.0191665	0.155015	0.0343905	0.00781443	0.000950792	0.00254416
59	0.103345	0.00152415	0.112503	0.30042	0.0105555	0.023847	0.0269861	0.00184166	0.0676456	0.0121249	0.00333316	0.053318	0.0701086	0.0897886	0.0210058	0.0625911	0.02508	0.0083504	0.000456958	0.00517425
60	0.131173	0.0195726	0.0131553	0.0443122	0.00442076	0.0266399	0.0240896	0.00654019	0.0494327	0.0148404	0.0289322	0.0476857	0.0763951	0.0522377	0.0505477	0.24621	0.108337	0.0515399	0.000938426	0.00300007
61	0.00497504	0.0021466	0.000722847	0.00293491	0.0517658	0.000921026	0.0022928	0.0809643	0.00126794	0.722239	0.082526	0.00314013	0.00800985	0.0011821	0.00153594	0.00630072	0.00465257	0.0114819	0.000296581	0.0106439
62	0.0892216	0.0015523	0.0258151	0.078412	0.0133625	0.0108814	0.0221821	0.034053	0.146844	0.14387	0.067023	0.0152652	0.00328384	0.119598	0.104287	0.0457387	0.0352819	0.028154	0.00160067	0.0135737
63	0.024598	0.00660547	0.205804	0.0305191	0.00157042	0.331952	0.063573	0.00280789	0.0386706	0.00380748	0.00683462	0.142918	0.00134964	0.0284141	0.0183208	0.0427327	0.0385308	0.00307785	0.00413177	0.00378261
64	0.181241	0.0241426	0.00657793	0.0102943	0.00611931	0.0156184	0.00953735	0.0206718	0.163748	0.0749737	0.0410946	0.012029	0.00354432	0.0422736	0.0912627	0.0682485	0.0763826	0.128872	0.0017029	0.0216645
65	0.063307	0.00155132	0.0596588	0.141217	0.00539418	0.0190234	0.0341572	0.0133704	0.151573	0.0237864	0.00504239	0.0582241	0.00194262	0.172767	0.122911	0.0460278	0.0617461	0.0128795	0.00084985	0.00457038
66	0.0088538	0.00133564	0.000347904	0.000615194	0.0258895	0.00191441	0.0014271	0.358493	0.00424502	0.254371	0.043148	0.00200554	0.000696168	0.00373829	0.00748322	0.00311103	0.00913273	0.261264	0.00427471	0.00765486
67	0.01128	0.0114893	0.00724046	0.00832773	0.0935068	0.00549202	0.0207668	0.225051	0.0132522	0.123405	0.037082	0.00775403	0.0086397	0.0118176	0.0215059	0.0228099	0.00941434	0.204214	0.0345927	0.122359
68	0.12737	0.00894532	0.0173057	0.0725199	0.00475032	0.0143403	0.0164591	0.00635966	0.0148643	0.0407777	0.0465627	0.036724	0.0265498	0.107807	0.0570926	0.250364	0.0728741	0.0727098	0.00205006	0.0035729
69	0.0242339	0.0063906	0.000518004	0.0041127	0.0216883	0.00307466	0.00172858	0.333448	0.00351994	0.214009	0.0419754	0.0020903	0.00259895	0.00298027	0.00696801	0.0144984	0.0155362	0.287291	0.00401639	0.00932185
70	0.0461689	0.00960009	0.33457	0.147202	0.000879907	0.0352725	0.0254214	0.00601035	0.0473806	0.00543873	0.00411655	0.155064	0.00211202	0.0400859	0.03355	0.0599747	0.0318302	0.00604252	0.00039325	0.00888604
71	0.0232364	0.00614037	0.000701891	0.00447795	0.0281231	0.00417801	0.00175991	0.256299	0.00399521	0.36253	0.0767516	0.00224676	0.00258884	0.00356773	0.0102365	0.0123425	0.00964931	0.177091	0.00581851	0.00826496
72	0.337246	0.00941674	0.00717531	0.0181941	0.0119262	0.0671394	0.00833164	0.00446132	0.0124298	0.00955707	0.016682	0.0389516	0.00730687	0.0388192	0.0190354	0.23758	0.108384	0.0350073	0.00194106	0.0104148
73	0.231951	0.0174373	0.0486429	0.046836	0.0035558	0.101691	0.00848102	0.00570966	0.0206638	0.019921	0.00786037	0.0797852	0.00750199	0.0198767	0.0414061	0.252683	0.0558441	0.00983831	0.0133913	0.00692338
74	0.00744146	0.000614805	0.000432335	0.000913412	0.0363883	0.00166915	0.00192973	0.275626	0.00505152	0.419223	0.076754	0.00226082	0.00078967	0.0045234	0.0110163	0.0038509	0.00151764	0.130903	0.00766998	0.0114247
75	0.0732598	0.022811	0.00161384	0.0171486	0.00407863	0.00833417	0.0014131	0.203235	0.00313385	0.227629	0.0764296	0.00357216	0.00884192	0.00294795	0.00555453	0.0315097	0.0323182	0.273192	0.00201907	0.000957661
76	0.323979	0.00428286	0.0072419	0.0218662	0.0231385	0.0874567	0.0108018	0.00560402	0.0305218	0.0162891	0.0284576	0.030375	0.0172814	0.0510997	0.0155142	0.209936	0.0803121	0.0240416	0.00135619	0.0104448
77	0.0425323	0.0051821	0.085407	0.0381523	0.00184752	0.471325	0.0372624	0.00492656	0.059511	0.00610455	0.00476683	0.0691749	0.00394436	0.0469087	0.0358109	0.0518318	0.0211395	0.00591787	0.00389885	0.00435557
78	0.230621	0.00812179	0.0169102	0.0305879	0.00950935	0.0411584	0.0299296	0.00694909	0.0370825	0.0231044	0.0318216	0.0382022	0.0362586	0.0594172	0.0303004	0.227866	0.10245	0.0299422	0.00137401	0.00839312
79	0.126211	0.0228564	0.0462917	0.0344458	0.00291504	0.0468296	0.0170307	0.0360663	0.152523	0.0204048	0.00834408	0.0361804	0.00648006	0.0764608	0.0743419	0.156901	0.0426469	0.0848252	0.00110681	0.00713827
80	0.027897	0.0140479	0.0161823	0.0140632	0.192381	0.0115148	0.0334209	0.066467	0.0159009	0.142274	0.0597507	0.0142677	0.0175606	0.0189233	0.0150047	0.0386616	0.0174747	0.0609111	0.0434738	0.179822
81	0.047346	0.0078023	0.0302291	0.0916738	0.00799641	0.0547719	0.0561247	0.0196498	0.121088	0.0658639	0.0231553	0.0335245	0.00927541	0.0735125	0.240084	0.0493028	0.0327444	0.022796	0.00278346	0.0102757
82	0.0289648	0.00431519	0.034593	0.046296	0.00178607	0.658962	0.0136435	0.0037447	0.0275922	0.00862281	0.00384426	0.0253085	0.00551887	0.0297049	0.0483867	0.0348634	0.0132028	0.00559855	0.00271664	0.00233459
83	0.124012	0.012203	0.128639	0.172355	0.00412487	0.0205053	0.0103287	0.00742799	0.0142432	0.0161821	0.0267716	0.022871	0.0122605	0.139725	0.0209966	0.165084	0.0520724	0.0433925	0.00241538	0.00439001
84	0.0264552	0.0135491	0.0150212	0.0138021	0.216531	0.0108433	0.0322769	0.0657051	0.0149095	0.139193	0.0569593	0.0133996	0.0165944	0.0174911	0.014298	0.0376455	0.0163707	0.0644958	0.0420621	0.172397
85	0.0866729	0.0099012	0.0345473	0.18034	0.0163256	0.0298194	0.0118668	0.0419441	0.042191	0.0426788	0.0211018	0.0307494	0.0131122	0.143419	0.0407893	0.054036	0.0438205	0.0938905	0.0397804	0.023014
86	0.0699099	0.00188153	0.0305523	0.337096	0.0032147	0.0430728	0.025124	0.00408102	0.0999464	0.0144685	0.00290031	0.0164194	0.0110604	0.173976	0.0605683	0.0571707	0.0310001	0.00690653	0.0011419	0.00950879
87	0.0203717	0.00488341	0.00808101	0.0245285	0.00126169	0.0159013	0.0341534	0.00907137	0.230698	0.0168895	0.00850964	0.027467	0.0100568	0.0385999	0.46672	0.0531985	0.0170026	0.00875079	0.000451547	0.00340368
88	0.00729451	0.000628195	0.000442546	0.000875417	0.0380628	0.00167988	0.00218807	0.280127	0.0052944	0.407124	0.0756298	0.00223917	0.000626706	0.0045901	0.0112572	0.00392544	0.00147029	0.136195	0.0078386	0.0125118
89	0.0396755	0.00231405	0.0321993	0.0861512	0.00863481	0.0132191	0.0123475	0.0141368	0.236427	0.0362955	0.0145966	0.0755806	0.00333587	0.189838	0.147175	0.0362806	0.0375581	0.0104053	0.000852646	0.00297603
90	0.162137	0.008112	0.100699	0.0927137	0.001649	0.0619193	0.0161359	0.0190901	0.0996109	0.0144543	0.00284206	0.0851369	0.00603641	0.0786266	0.0460245	0.122288	0.0506985	0.0230901	0.000820665	0.00791515
91	0.0183891	0.00422406	0.000475288	0.00303067	0.0295544	0.00251081	0.00162599	0.272592	0.00433226	0.375048	0.0738243	0.00216021	0.00211815	0.00402933	0.00986184	0.00838672	0.00637119	0.165709	0.00647561	0.00928176
92	0.0111231	0.0022263	0.000286124	0.000500513	0.0116038	0.00221139	0.000277718	0.446161	0.00288485	0.0880959	0.0093404	0.00207387	0.000894822	0.00292429	0.00337679	0.00324957	0.0182847	0.393082	0.000165675	0.00123723
93	0.0437663	0.00524049	0.280179	0.164997	0.00217945	0.0164967	0.012304	0.00245664	0.137523	0.0129617	0.0132744	0.119761	0.00259155	0.0468386	0.0558265	0.0457935	0.0301685	0.00262827	0.000350222	0.00466378
94	0.0852291	0.00113253	0.102418	0.31147	0.00686767	0.0272215	0.0280832	0.00330273	0.0849349	0.0165005	0.00199468	0.0458317	0.0446439	0.117569	0.0409434	0.0424426	0.0263527	0.00757853	0.000616655	0.00486655
95	0.0767821	0.0232172	0.000659112	0.0154287	0.0034048	0.00651259	0.000703829	0.212825	0.00113324	0.220809	0.069672	0.00176053	0.00882971	0.00125039	0.00454494	0.0324833	0.0309926	0.286522	0.00187928	0.000589554
96	0.041114	0.00600374	0.366482	0.161721	0.00113758	0.0252655	0.0184191	0.00639284	0.0501309	0.00419081	0.00290364	0.13862	0.00356838	0.0629235	0.03876	0.030947	0.0261761	0.00719979	0.000337903	0.0077069
97	0.0224878	0.00406761	0.000717316	0.00239611	0.00858663	0.00495251	0.000679519	0.380927	0.00390926	0.0901323	0.0155446	0.00688829	0.00268062	0.0031479	0.00738793	0.0108766	0.0376459	0.394221	0.000453271	0.00229722
98	0.013835	0.00226964	0.00037538	0.000743826	0.011035	0.002249	0.000482728	0.432007	0.002935	0.0859171	0.00891265	0.0022412	0.00126089	0.00306729	0.00342986	0.00370082	0.0190777	0.404846	0.000312071	0.00130133
99	0.0783016	0.0194911	0.000643384	0.0135084	0.00730284	0.00599102	0.000833807	0.214427	0.00158987	0.241101	0.0686417	0.00211878	0.00791433	0.00174482	0.00516383	0.0306417	0.0308019	0.264988	0.00291093	0.00188449
100	0.023595	0.0128075	0.0122143	0.0218459	0.282445	0.00853499	0.0373102	0.0644582	0.0148361	0.12869	0.0442917	0.0127322	0.0144821	0.0195395	0.0160338	0.0318303	0.0150978	0.0675288	0.0368411	0.134885
101	0.0109868	0.00229938	0.000330526	0.000507681	0.0131811	0.002171	0.000567626	0.442375	0.00310006	0.0904137	0.00984951	0.00208177	0.000913741	0.00290266	0.00371814	0.00334144	0.017978	0.389736	0.000613884	0.00293138
102	0.0338699	0.0128505	0.375946	0.0923117	0.00166834	0.0324081	0.0461775	0.00845223	0.0348313	0.00886104	0.00417285	0.177509	0.00802307	0.0294811	0.0232091	0.0667963	0.0231795	0.00622667	0.00095321	0.0130724
103	0.0790263	0.0072072	0.132133	0.180754	0.00849172	0.0292289	0.018505	0.0149528	0.0769126	0.0452356	0.0189935	0.0587747	0.0204042	0.0852372	0.0449366	0.0925202	0.0524335	0.0224801	0.00325175	0.00852071
104	0.0748827	0.0231405	0.000648568	0.0151716	0.00363343	0.00660777	0.000710556	0.214441	0.00114778	0.222376	0.0699405	0.00169603	0.00884692	0.00128352	0.00452373	0.0316611	0.0305526	0.286145	0.0019358	0.000655214
105	0.153156	0.011979	0.037132	0.0438024	0.0166279	0.0326868	0.0646548	0.0626743	0.0619703	0.0461012	0.0202024	0.0417731	0.0175945	0.0535781	0.0530223	0.130685	0.0678726	0.0599194	0.00545532	0.0191128
106	0.0370575	0.00632832	0.0150367	0.0740757	0.00938664	0.012801	0.00785395	0.0484153	0.0410017	0.0998664	0.0624386	0.0459957	0.00543792	0.124102	0.0918221	0.0813284	0.167845	0.0587659	0.00315712	0.00728405
107	0.00766411	0.000749074	0.00044171	0.00101903	0.036617	0.00167176	0.0020337	0.268999	0.00488795	0.42839	0.0763588	0.00224398	0.000978625	0.00440637	0.0107223	0.00413748	0.00171847	0.128106	0.00723495	0.0116204
108	0.0711276	0.0226188	0.000695355	0.014626	0.00359223	0.00620883	0.00074164	0.21314	0.00119184	0.221837	0.0707705	0.00173407	0.00966773	0.00138909	0.00443715	0.0310567	0.029825	0.292874	0.00177761	0.000689367
109	0.0140312	0.00392063	0.0223859	0.0163189	0.000971419	0.791651	0.0106918	0.00170225	0.0149068	0.0037754	0.00151925	0.0166947	0.00375474	0.0158771	0.0414613	0.0272805	0.00661024	0.00229247	0.00298211	0.00117254
110	0.166323	0.0346757	0.003784	0.0104483	0.014485	0.00673666	0.00370336	0.0667229	0.0098795	0.112486	0.027294	0.0305116	0.00468689	0.00957916	0.015679	0.0972821	0.287126	0.0820529	0.0124895	0.00405483
111	0.0191438	0.00411827	0.061734	0.0210673	0.00115258	0.697283	0.0191772	0.00210303	0.0225321	0.00363882	0.00198534	0.0368193	0.00298847	0.0202648	0.0354671	0.0302302	0.0122573	0.00275324	0.00356191	0.00172267
112	0.202281	0.00845531	0.0953495	0.0714078	0.00169903	0.0832734	0.0132247	0.0148335	0.0625719	0.0124517	0.00430518	0.0919528	0.00802791	0.0485001	0.030675	0.166532	0.0551294	0.0190462	0.00287071	0.00741249
113	0.252706	0.00570771	0.00728825	0.0450728	0.00986329	0.091656	0.00664259	0.0199331	0.0144484	0.0146621	0.0328116	0.0171333	0.0044463	0.0256063	0.0111441	0.207553	0.18255	0.0376896	0.00261089	0.0104746
114	0.0347359	0.036761	0.0316181	0.0122278	0.00659754	0.0659654	0.0315829	0.0348783	0.039175	0.302174	0.145209	0.0800324	0.00553111	0.0143709	0.0137849	0.0188409	0.0494122	0.0666037	0.00249954	0.00799967
115	0.060981	0.00966911	0.260409	0.0796488	0.00112297	0.150975	0.0404396	0.00573221	0.0357722	0.00519311	0.00538158	0.154369	0.00196786	0.028712	0.0246972	0.0734058	0.0484287	0.00606925	0.00160368	0.0054221
116	0.227636	0.0793397	0.00694637	0.00995818	0.00432794	0.0584473	0.00590298	0.0248525	0.0107119	0.193355	0.174479	0.0133663	0.00441843	0.00967636	0.0109896	0.0197786	0.056703	0.0831375	0.00223519	0.0037371
117	0.35135	0.0232214	0.0059931	0.0140542	0.00607533	0.0546111	0.00320161	0.00334366	0.00944115	0.0148495	0.0076564	0.0296397	0.00487212	0.0144815	0.0109755	0.298404	0.109763	0.0294144	0.00245621	0.00619574
118	0.132695	0.00824533	0.1761	0.0963392	0.00259284	0.0561553	0.0197625	0.011281	0.0633053	0.0127448	0.00746309	0.113337	0.00790978	0.0502051	0.0482902	0.119307	0.0515033	0.0142489	0.00162928	0.00688508
119	0.00742582	0.000627471	0.000429893	0.000873035	0.03644	0.00170418	0.00209332	0.280715	0.00524622	0.40977	0.0762279	0.00221059	0.000627036	0.00465523	0.0113135	0.00387115	0.00146365	0.134495	0.00780659	0.0120049
120	0.00581499	0.00142624	0.000619001	0.00243704	0.0488467	0.00114843	0.00213481	0.144126	0.00253217	0.630047	0.0763031	0.00269898	0.00522103	0.00212261	0.00436711	0.00556474	0.00348823	0.0484694	0.00233482	0.0102975
121	0.0851593	0.00755236	0.026388	0.0501482	0.00897202	0.0233432	0.0211152	0.0216099	0.187903	0.0859767	0.0281267	0.0307711	0.02217	0.0733279	0.126826	0.097195	0.0503951	0.039132	0.00255155	0.0113363
122	0.212628	0.0042337	0.0119792	0.0205493	0.00514747	0.115544	0.00733	0.0153296	0.0296359	0.0230615	0.00542286	0.0158448	0.30557	0.0233885	0.0278421	0.118845	0.0381617	0.0127097	0.00204406	0.00473352
123	0.305607	0.0048509	0.0109632	0.024703	0.0230675	0.0610163	0.0142548	0.00661896	0.03422	0.0279565	0.0311439	0.0304112	0.0409221	0.0515259	0.0209232	0.202832	0.0770118	0.0215484	0.00169307	0.00873077
124	0.0097848	0.00254201	0.00104878	0.00343742	0.0439685	0.00171812	0.00219475	0.159618	0.00407227	0.577498	0.0792429	0.0030237	0.00523156	0.00386351	0.00672382	0.00676642	0.00511665	0.0707755	0.00301403	0.0103588
125	0.408645	0.0147242	0.0129044	0.0294547	0.00503291	0.0368164	0.00538673	0.00451218	0.016945	0.015964	0.00898292	0.0243191	0.00914212	0.0199238	0.0134751	0.240439	0.0904533	0.0368068	0.00189727	0.00417483
126	0.0219123	0.00615755	0.00989028	0.0290879	0.00120496	0.0163213	0.047463	0.00828278	0.187197	0.012711	0.00904063	0.0280949	0.00810931	0.037706	0.499722	0.0522667	0.0114288	0.00854734	0.000325302	0.00453044
127	0.0241033	0.00416927	0.0723679	0.0241622	0.00109126	0.677383	0.0185112	0.00207471	0.0196786	0.00366159	0.00249336	0.0391705	0.00369291	0.0201355	0.0324373	0.0322042	0.0140133	0.00298711	0.00369787	0.00196501
128	0.0409318	0.0133761	0.360414	0.180157	0.00110724	0.0313416	0.0216931	0.00416089	0.0457414	0.0032659	0.00328467	0.126071	0.00316374	0.042556	0.0352406	0.0376037	0.0334872	0.00472785	0.000457013	0.0112194
129	0.00746091	0.000585289	0.000433855	0.000866801	0.0362521	0.0017034	0.00200783	0.280368	0.00516682	0.411439	0.0764634	0.00220876	0.000625509	0.00460403	0.0112809	0.00385346	0.00142558	0.133856	0.00775692	0.0116411
130	0.0566777	0.00556947	0.0224826	0.0514269	0.00506552	0.0142043	0.0209701	0.0151126	0.195356	0.0252231	0.00755962	0.0391747	0.00902587	0.122629	0.260376	0.0715244	0.0553628	0.0165972	0.00104598	0.0046153
131	0.0664179	0.021202	0.00062005	0.0135502	0.0069431	0.00594747	0.000853126	0.216267	0.00155193	0.248127	0.0721021	0.00166358	0.0083387	0.00155276	0.00506135	0.0286352	0.0274745	0.269678	0.00235413	0.00165957
132	0.0111255	0.00226691	0.000286555	0.00051703	0.0117273	0.0022089	0.000299742	0.444343	0.00289591	0.0881852	0.00934149	0.00207113	0.000928609	0.00297977	0.00341729	0.00322648	0.018188	0.394242	0.000253625	0.00149519
133	0.190411	0.011086	0.0143759	0.0272418	0.00481588	0.37604	0.00602748	0.00640623	0.0226692	0.0263133	0.00763601	0.0285974	0.0257907	0.0220118	0.0227423	0.149012	0.0366227	0.0138149	0.0035683	0.00481686
134	0.381792	0.0120749	0.0170622	0.0389071	0.00572369	0.0528026	0.00636263	0.00753789	0.0213909	0.0139661	0.0104034	0.0262349	0.00745674	0.026936	0.0130223	0.217845	0.0878662	0.0427713	0.00298822	0.00685634
135	0.226586	0.0261484	0.0098158	0.0180862	0.011939	0.019596	0.00678513	0.0348048	0.0210047	0.0868271	0.0240753	0.02365	0.0113694	0.0201573	0.0216913	0.152869	0.204757	0.0668005	0.0071329	0.00590368
136	0.0872235	0.010309	0.0361141	0.069112	0.0130198	0.0377758	0.0195348	0.0310327	0.0626015	0.0478435	0.0211073	0.0428445	0.0188698	0.0997294	0.0688363	0.101473	0.167945	0.0474236	0.00586695	0.0113375
137	0.0267489	0.0129898	0.0181598	0.0163235	0.174239	0.0110401	0.036163	0.0763789	0.0190622	0.139793	0.0539444	0.0167896	0.0211092	0.0260842	0.0163354	0.0445087	0.0233155	0.0630616	0.0424704	0.161483
138	0.0421666	0.00539184	0.287943	0.165089	0.00190864	0.0182976	0.0132106	0.002376	0.129535	0.01199	0.0123036	0.12528	0.00251281	0.0448729	0.0526703	0.0465823	0.0298816	0.00264206	0.000340707	0.00500522
139	0.0445453	0.00659826	0.357143	0.195078	0.00151572	0.0516124	0.018577	0.0040939	0.0381819	0.00490989	0.00248502	0.105902	0.0123629	0.0507356	0.0254064	0.0347935	0.028222	0.00674626	0.000542193	0.0105488
140	0.0175485	0.00861356	0.00674257	0.00736959	0.46684	0.00521268	0.0182739	0.0348031	0.0074015	0.161993	0.0379458	0.00715585	0.0117388	0.00846095	0.00676556	0.0236616	0.0096757	0.0489636	0.0156304	0.0952037
141	0.063102	0.0039682	0.0477327	0.0767973	0.00423806	0.0174285	0.0493481	0.0139493	0.147384	0.0231135	0.00852753	0.0653734	0.00436519	0.099139	0.253595	0.0538906	0.0387365	0.0213176	0.000480735	0.00751228
142	0.0590167	0.00165521	0.061209	0.104931	0.00633573	0.0128588	0.0201809	0.0150559	0.183409	0.0242079	0.00852529	0.0906494	0.00158802	0.152357	0.149682	0.0476185	0.0481967	0.0100417	0.000408022	0.00207306
143	0.0760176	0.00142053	0.0303028	0.0856604	0.0127575	0.0129624	0.0191598	0.0389931	0.128099	0.144842	0.0794631	0.0175279	0.00307965	0.123521	0.092944	0.044964	0.0407139	0.0340662	0.00202719	0.0114786
144	0.115561	0.0101724	0.0233648	0.0273016	0.00571207	0.0486234	0.0155721	0.0135365	0.150232	0.0261341	0.0130393	0.0687611	0.0652509	0.0337472	0.0811254	0.175346	0.0951787	0.0253582	0.00174589	0.00423794
145	0.00912356	0.0194244	0.445168	0.0152639	0.0018069	0.00769185	0.0789558	0.0127113	0.00777171	0.014524	0.00338506	0.23092	0.0117146	0.00921954	0.00771395	0.0903064	0.00915102	0.00483432	0.00111616	0.0191968
146	0.281735	0.00211363	0.00262276	0.00473125	0.00242723	0.0998517	0.00255497	0.0104696	0.0291845	0.0166851	0.00347745	0.00793871	0.314599	0.0153296	0.0204962	0.143178	0.0329118	0.00695386	0.000871245	0.00186848
147	0.436331	0.0151072	0.00483327	0.013555	0.00246972	0.0171512	0.00356699	0.0287585	0.0117858	0.0255543	0.00761554	0.0131095	0.00651269	0.0131382	0.00879424	0.179289	0.0956546	0.113241	0.000826806	0.00270488
148	0.00995937	0.00427108	0.00154171	0.00326362	0.345363	0.00211958	0.00670767	0.0846977	0.00317206	0.371263	0.0476905	0.00303573	0.00500235	0.00343194	0.00443538	0.0124623	0.0055429	0.0595152	0.00315678	0.0233679
149	0.29976	0.0103435	0.00505322	0.0405877	0.00647742	0.0236646	0.00767532	0.015126	0.0447332	0.0729262	0.0341644	0.0128977	0.00557108	0.0366366	0.0244636	0.151797	0.121799	0.0755642	0.00327076	0.0074878
150	0.0447222	0.00717992	0.0241588	0.0555035	0.00569144	0.0181629	0.0379646	0.0148364	0.151426	0.0324826	0.0163909	0.0410718	0.00939111	0.095523	0.327238	0.053584	0.031883	0.0227111	0.00173989	0.00833817
151	0.030313	0.00756693	0.0132414	0.0318761	0.00308808	0.0203644	0.0604372	0.0109896	0.161695	0.0155184	0.0101589	0.0359926	0.0114869	0.0424833	0.432323	0.0627857	0.0212215	0.0188258	0.00133364	0.00829805
152	0.0102694	0.00571308	0.001888	0.00416585	0.599974	0.00259673	0.0083375	0.0163215	0.00306015	0.203216	0.032964	0.00299651	0.00500044	0.00379631	0.00361232	0.0168855	0.00611986	0.0453378	0.00214752	0.0255985
153	0.0503378	0.00554869	0.0599381	0.0771868	0.00795408	0.0192918	0.0232552	0.0258776	0.0949843	0.0774785	0.033072	0.0629091	0.0045377	0.171723	0.131734	0.0408089	0.0408137	0.0526388	0.0071573	0.0127531
154	0.0793311	0.00263417	0.0493664	0.124901	0.00712487	0.0148209	0.0369611	0.0151085	0.100097	0.0651612	0.0374826	0.0296478	0.0570759	0.130444	0.0706203	0.104277	0.0498292	0.0185651	0.000829856	0.00572173
155	0.011307	0.00231591	0.000307902	0.00050571	0.0112195	0.00219324	0.000284909	0.440401	0.00286155	0.0865938	0.00910785	0.00208718	0.000991526	0.00288037	0.00329771	0.00326295	0.01832	0.400694	0.000174943	0.00119293
156	0.0642164	0.00162075	0.0430814	0.0734182	0.0116025	0.0145319	0.0156231	0.0534799	0.115039	0.128516	0.103719	0.017445	0.00533722	0.110664	0.0881541	0.0399867	0.0509303	0.0512322	0.00411728	0.00728417
157	0.0135766	0.0029435	0.000312217	0.00088707	0.0101584	0.00232298	0.000326193	0.419538	0.00253545	0.0891966	0.00982823	0.00208432	0.00145971	0.00279671	0.0031926	0.00389441	0.019166	0.414422	0.000203769	0.00115523
158	0.0943124	0.00106301	0.121259	0.324605	0.0088545	0.0235532	0.0251257	0.00130455	0.0713862	0.0118065	0.00144939	0.0591634	0.0664008	0.0895065	0.0204511	0.0463028	0.0215102	0.0076308	0.000348	0.00396709
159	0.0860854	0.0015233	0.0958512	0.361237	0.00717901	0.0256345	0.0218992	0.00297232	0.0610991	0.0118591	0.00290978	0.0420029	0.0614932	0.118769	0.0208496	0.0403987	0.0213224	0.0109565	0.00141749	0.00454013
160	0.0567404	0.00693185	0.01963	0.0146766	0.0136709	0.0129	0.0160952	0.0281341	0.0300514	0.162485	0.0175246	0.0180117	0.294366	0.0301986	0.039882	0.094266	0.100566	0.0337665	0.00321268	0.00689029
161	0.022414	0.00295526	0.0403529	0.0265544	0.00260545	0.0386667	0.00312577	0.00496319	0.0219366	0.0169288	0.00355087	0.0650362	0.00247344	0.0113767	0.00734949	0.40117	0.31713	0.0074843	0.00117368	0.0027524
162	0.105795	0.00377688	0.00375886	0.117819	0.0201386	0.0214201	0.00385775	0.134145	0.0407558	0.0285647	0.0210354	0.0236012	0.123136	0.0282294	0.0425448	0.0128388	0.130946	0.128662	0.0036919	0.00528193
163	0.0953598	0.00409486	0.171711	0.274927	0.00568091	0.023493	0.0139393	0.00314054	0.0359067	0.0105973	0.00780761	0.0364699	0.0400808	0.128707	0.0154954	0.0669919	0.034516	0.0255669	0.00123556	0.00427859
164	0.508501	0.0215829	0.000997684	0.0076346	0.000884994	0.0135632	0.000866075	0.00211257	0.00659711	0.0116989	0.0020625	0.00866054	0.00171807	0.00530667	0.00547479	0.227862	0.119227	0.053781	0.000311119	0.00115703
165	0.0061599	0.00392777	0.00105915	0.00185901	0.051911	0.00178896	0.00730817	0.325482	0.00935532	0.21754	0.0394287	0.00266816	0.0012355	0.00414057	0.0138766	0.0072482	0.00520495	0.241561	0.0123207	0.0459239
166	0.0791863	0.00169747	0.0681023	0.155093	0.00692017	0.0231434	0.0244746	0.012062	0.142285	0.0279041	0.00563748	0.0585997	0.00260342	0.157391	0.116875	0.0446384	0.057375	0.0114133	0.000520065	0.00407898
167	0.0402151	0.00937829	0.000926726	0.0078603	0.0222402	0.00395706	0.00193934	0.258507	0.00444694	0.304226	0.0758884	0.00210368	0.00389807	0.00352923	0.00943984	0.0182393	0.0155691	0.200421	0.00820847	0.00900612
168	0.0163076	0.00387073	0.000420544	0.00245333	0.024396	0.00240243	0.00158094	0.327862	0.00384409	0.274836	0.0488064	0.00230553	0.00189794	0.00365986	0.00697975	0.00728675	0.0114684	0.248112	0.00395058	0.00755927
169	0.0267515	0.00225209	0.0236051	0.0830163	0.0115413	0.0143027	0.00866589	0.016112	0.223131	0.0274045	0.0196449	0.0917427	0.00310429	0.201209	0.176596	0.0344784	0.0263279	0.00684777	0.00109286	0.00217421
170	0.0276764	0.0145599	0.0146396	0.0129408	0.218491	0.0105573	0.0335088	0.0617148	0.014388	0.151004	0.0585712	0.0137063	0.0160869	0.0180341	0.0136385	0.0358815	0.0157722	0.0583344	0.0385917	0.171903
171	0.0510932	0.00412594	0.0213449	0.30777	0.00457744	0.0442469	0.0191713	0.00999625	0.0890999	0.0176268	0.00596313	0.0167496	0.00753522	0.246643	0.0494715	0.0436082	0.028715	0.0183933	0.0035269	0.010342
172	0.0832814	0.00216389	0.0903645	0.127552	0.00589011	0.0166256	0.0190202	0.0158196	0.161718	0.0263202	0.00856101	0.0660685	0.0020575	0.139395	0.123856	0.0458413	0.0478856	0.0140379	0.000450479	0.00309132
173	0.037197	0.0464172	0.00367245	0.0195814	0.206693	0.00545596	0.250152	0.00552459	0.00594684	0.00779805	0.00409425	0.0298227	0.00266696	0.0312212	0.0475786	0.0101246	0.00872033	0.00715671	0.0131688	0.257007
174	0.033095	0.036363	0.00441327	0.0195021	0.157376	0.00702088	0.223324	0.00703179	0.0308104	0.0141325	0.00570876	0.0502274	0.00298815	0.0389943	0.101297	0.0164643	0.0183817	0.0164733	0.0113596	0.205036
175	0.0124551	0.0158787	0.0954322	0.0322449	0.0019627	0.291694	0.124206	0.00382773	0.1131	0.00592378	0.0141724	0.123685	0.00223011	0.0397404	0.0461465	0.0397283	0.0175332	0.00458912	0.00224003	0.0132097
176	0.0114486	0.00232015	0.000319919	0.000634643	0.0119343	0.00218213	0.000425682	0.418711	0.00280179	0.103708	0.01226	0.00207381	0.0012122	0.00328506	0.00354259	0.0034331	0.0179276	0.399386	0.000531806	0.0018612
177	0.00675519	0.00167577	0.0440223	0.105273	0.00207654	0.0112272	0.0658722	0.0712158	0.212147	0.0229546	0.00242068	0.0128504	0.00161908	0.0704169	0.112285	0.0396332	0.0845726	0.110966	0.00908908	0.0129287
178	0.111331	0.00476184	0.0381126	0.0258911	0.00863582	0.0106033	0.040841	0.00354114	0.0233512	0.0407767	0.0172582	0.0392211	0.172507	0.0653353	0.0580497	0.217203	0.105194	0.0139608	0.000773444	0.00265128
179	0.0730231	0.00132596	0.252336	0.291095	0.0058688	0.0256342	0.0172763	0.00142526	0.0512596	0.00851247	0.00123205	0.0567751	0.0564833	0.0776927	0.0173787	0.0293108	0.0186272	0.00621769	0.000357132	0.00816922
180	0.044216	0.0094261	0.3564	0.162758	0.000547417	0.0373462	0.0243099	0.00425995	0.0411613	0.0027628	0.00304392	0.148142	0.00114738	0.0369405	0.0354655	0.0468672	0.0322367	0.00411467	0.000276408	0.00857859
181	0.37407	0.00118069	0.00131832	0.0130925	0.0011086	0.00560445	0.00151927	0.0986714	0.0024876	0.0431936	0.00652497	0.00251141	0.00975855	0.00279795	0.00279893	0.0532566	0.0414706	0.336874	0.000463792	0.00129736
182	0.00746091	0.000585289	0.000433855	0.000866801	0.0362521	0.0017034	0.00200783	0.280368	0.00516682	0.411439	0.0764634	0.00220876	0.000625509	0.00460403	0.0112809	0.00385346	0.00142558	0.133856	0.00775692	0.0116411
183	0.00648545	0.00175638	0.0454637	0.105964	0.00203075	0.0112196	0.0636186	0.0721155	0.214526	0.0219094	0.00228949	0.0124739	0.00170598	0.0708235	0.110769	0.0381613	0.0833857	0.114412	0.00869262	0.012197
184	0.184141	0.00698729	0.0102172	0.0269829	0.00843731	0.0128925	0.0559497	0.0135105	0.0739525	0.100262	0.0185177	0.0195833	0.00989695	0.0881307	0.085189	0.138112	0.0883454	0.0294891	0.0017792	0.0276244
185	0.087521	0.00327022	0.0977446	0.121224	0.00481588	0.0250537	0.0234133	0.0189417	0.139416	0.023107	0.0065778	0.0802045	0.00218366	0.117356	0.10832	0.0607247	0.0550491	0.0207467	0.000417768	0.00391283
186	0.0133649	0.00867316	0.00405028	0.00527842	0.0900339	0.00394277	0.01715	0.0660104	0.00526639	0.567591	0.0726249	0.00791962	0.00828923	0.00947125	0.0048961	0.0169535	0.00764528	0.0193383	0.00764213	0.0638583
187	0.508339	0.0184764	0.00118391	0.00909688	0.00194929	0.0156325	0.0015437	0.00272186	0.00840287	0.0149184	0.00345472	0.00892372	0.00180784	0.00807133	0.00557989	0.221893	0.116901	0.0487976	0.000376365	0.00192973
188	0.151286	0.0115777	0.11056	0.0971917	0.00124734	0.0693662	0.0140246	0.0317325	0.082931	0.014581	0.00149242	0.0804673	0.00566238	0.065388	0.025232	0.133327	0.0457694	0.044967	0.00145798	0.0117388
189	0.0419345	0.00428853	0.0183924	0.0506125	0.00493888	0.0141953	0.0284924	0.014653	0.189485	0.0467648	0.0194317	0.0341266	0.00748231	0.101348	0.31922	0.0557459	0.0268622	0.015343	0.000799184	0.00588367
190	0.0512181	0.00903742	0.255717	0.117488	0.00175871	0.126438	0.0427024	0.00651419	0.0486015	0.00686638	0.00554452	0.133594	0.00542238	0.0408539	0.0302645	0.0564691	0.0456574	0.00752284	0.00150811	0.00682205
191	0.179216	0.0115276	0.0386572	0.0395659	0.00445935	0.0754717	0.0129982	0.0245689	0.126724	0.0315756	0.0159679	0.0420721	0.0159532	0.0513113	0.046782	0.141424	0.0599577	0.071107	0.0018832	0.00877687
192	0.164508	0.00909049	0.0366979	0.0698431	0.0157928	0.0289881	0.0240041	0.0237915	0.113608	0.0536843	0.020111	0.0357544	0.0100302	0.102011	0.0700821	0.0815233	0.0542874	0.0454657	0.00424943	0.0364778
193	0.0120121	0.00332759	0.00235623	0.00478913	0.0484858	0.00323126	0.00554676	0.32114	0.00728628	0.225156	0.0426548	0.00531135	0.00325431	0.0111268	0.0129102	0.0098814	0.0144992	0.234066	0.00855204	0.0244129
