538	20
1	0.246649	0.0136629	0.0497291	0.0623932	0.0172812	0.0714347	0.00157285	0.0573362	0.00489157	0.0495573	0.0272372	0.00473315	0.0159737	0.0113508	0.0101531	0.118049	0.0606787	0.174501	0.00144254	0.00137195
2	0.017717	0.013776	0.0166362	0.0650567	0.00369555	0.0376479	0.0256903	0.02782	0.272864	0.0311	0.0232942	0.0393886	0.000307873	0.0956346	0.237223	0.0400043	0.0410933	0.00859382	0.00106507	0.0013915
3	0.027979	0.0021304	0.160035	0.490649	0.000612549	0.0479754	0.00797104	0.00632436	0.0490318	0.0125195	0.0121579	0.0382653	0.00275221	0.0592133	0.0238915	0.0178881	0.0132523	0.0231036	0.000590906	0.00365666
4	0.0228432	0.00107356	0.175939	0.56043	0.000538939	0.0314291	0.00558759	0.00571377	0.0361322	0.00786364	0.00816682	0.0281865	0.00132757	0.0575011	0.010901	0.0144483	0.0086727	0.0207347	0.000394782	0.00211559
5	0.00128131	0.000985276	0.000523725	0.00266173	0.00138853	0.0039912	0.00225052	0.00382315	0.521278	0.00166104	0.0107329	0.0264582	0.00032298	0.0189902	0.36085	0.0174412	0.0234033	0.00130509	0.000227408	0.000424426
6	0.0417064	0.00481689	0.00251734	0.0024552	0.0142359	0.0031892	0.0023373	0.305973	0.00410062	0.0914642	0.0348294	0.00345024	0.00457896	0.00429531	0.00304636	0.013286	0.0314163	0.429633	0.00036052	0.00230777
7	0.00459066	0.00198026	0.00212494	0.0026093	0.198468	0.00228032	0.00232588	0.0120646	0.00292995	0.499989	0.0807332	0.00330937	0.0019181	0.0200866	0.0260033	0.00523913	0.00418676	0.0718252	0.00167813	0.0556579
8	0.0589015	0.00643356	0.0147569	0.0223537	0.0207345	0.0191029	0.00533899	0.209018	0.0166346	0.0957783	0.0349748	0.0114308	0.00693832	0.011979	0.0158402	0.0353238	0.0446541	0.360327	0.00283436	0.00664517
9	0.171723	0.00837184	0.0129868	0.0213471	0.0284273	0.023818	0.00910045	0.0708246	0.0159061	0.107871	0.0303436	0.015535	0.0290001	0.0200752	0.0159356	0.165542	0.135701	0.108508	0.00182877	0.007155
10	0.0326676	0.00676163	0.000799652	0.000899819	0.00606779	0.0012626	0.00136903	0.31531	0.00152058	0.0368706	0.00915279	0.00196703	0.000915714	0.00241242	0.00157712	0.00674292	0.0132683	0.556712	0.000357326	0.00336521
11	0.0236159	0.0119475	0.0190568	0.0396515	0.00817855	0.0237807	0.0218021	0.0191052	0.281137	0.0382442	0.0194361	0.0383533	0.00698913	0.0592811	0.275907	0.0444615	0.0335036	0.0184751	0.00806227	0.00901111
12	0.0240446	0.000851625	0.000773051	0.000875838	0.0307343	0.00157813	0.00253883	0.161836	0.00239758	0.391167	0.128915	0.00226365	0.00236032	0.00661404	0.00834028	0.00652772	0.0117943	0.212986	0.000433467	0.00296812
13	0.0213512	0.0119122	0.0188285	0.0356042	0.006597	0.0216841	0.0236866	0.0185747	0.288527	0.0288855	0.0189896	0.040162	0.00728106	0.0591949	0.29331	0.0425708	0.0328486	0.0171045	0.00394381	0.00894344
14	0.087923	0.0131079	0.0135538	0.0368975	0.0162382	0.0296481	0.0224019	0.04913	0.0247325	0.054587	0.0213872	0.0245536	0.184	0.0491019	0.0290901	0.153504	0.124245	0.0553518	0.00387307	0.00667434
15	0.00522955	0.00138396	0.00151041	0.003099	0.0720004	0.00359285	0.0023092	0.0406146	0.00371937	0.618569	0.0951908	0.00257312	0.00665417	0.0224459	0.0253519	0.00571149	0.0061887	0.0662586	0.00128397	0.0163133
16	0.00485316	0.0117056	0.0799931	0.0210804	0.00175928	0.0265713	0.0259359	0.0028282	0.0446647	0.00324461	0.00227808	0.499319	0.00131305	0.0159018	0.0199662	0.161285	0.0685995	0.00297178	0.000570077	0.00516027
17	0.0854513	0.000867381	0.197694	0.159028	0.00058308	0.113982	0.0155653	0.00432202	0.0369816	0.0112377	0.00985215	0.0765163	0.015822	0.0225346	0.0712873	0.0937	0.043055	0.0319958	0.00320606	0.00631798
18	0.00132395	0.000968554	0.000498183	0.00216264	0.00137893	0.0036955	0.00195324	0.00411666	0.510332	0.00181087	0.0109697	0.0251376	0.000342431	0.0183284	0.3742	0.0182994	0.0224569	0.0013563	0.000233769	0.000434656
19	0.0237696	0.00185247	0.179099	0.550854	0.000911037	0.0325959	0.00524578	0.00640521	0.0374908	0.007769	0.00833663	0.0296966	0.00169494	0.0533297	0.0116593	0.0156042	0.00958336	0.0214682	0.000424628	0.00220955
20	0.0846059	0.00421626	0.0196115	0.0197312	0.00756349	0.00619523	0.0265391	0.115578	0.0801269	0.136343	0.0490669	0.0420789	0.0121784	0.0578512	0.056726	0.0549911	0.0756451	0.143412	0.00292608	0.00461307
21	0.299154	0.00437712	0.0149057	0.039194	0.0217822	0.0406968	0.00115283	0.0554397	0.00786544	0.0487271	0.0326716	0.00576463	0.00523445	0.0052266	0.00311229	0.179275	0.112383	0.121311	0.000352047	0.0013757
22	0.0936981	0.0206348	0.0110135	0.0561289	0.0118173	0.00673047	0.0110354	0.00998073	0.145364	0.134359	0.0748855	0.0159816	0.00238274	0.0648479	0.187913	0.054526	0.00863893	0.0506239	0.0363342	0.00310336
23	0.0146958	0.045638	0.0137373	0.0237302	0.0251018	0.092901	0.0937189	0.0107151	0.071169	0.013958	0.00631004	0.121116	0.00272398	0.0487535	0.202547	0.0780341	0.0136319	0.0112432	0.0109054	0.0993699
24	0.0397657	0.00163577	0.269021	0.325507	0.000923121	0.0566205	0.0148925	0.00480113	0.0387145	0.0124714	0.0084662	0.0549183	0.00629781	0.0416202	0.0334568	0.0435591	0.02033	0.0207314	0.00117586	0.0050925
25	0.111591	0.0165506	0.036251	0.0374797	0.0282718	0.0434215	0.0124647	0.082847	0.0133936	0.118922	0.0270403	0.0145994	0.0613737	0.0385659	0.0293216	0.0926692	0.0825014	0.14204	0.00417459	0.00652044
26	0.172461	0.0978135	0.0146789	0.0354477	0.00901456	0.0187301	0.00995016	0.0788461	0.00786883	0.0450341	0.010652	0.0114462	0.0536624	0.0129248	0.0138145	0.257051	0.0571768	0.0843257	0.00237782	0.00672351
27	0.0526267	0.00184877	0.187045	0.422711	0.00138478	0.054492	0.00659284	0.00811587	0.0345422	0.0101522	0.00930266	0.0399597	0.00589387	0.0422124	0.0253157	0.0383733	0.0194364	0.0360201	0.00114869	0.0028266
28	0.0499268	0.0259151	0.0304481	0.041739	0.0452668	0.0255343	0.0387386	0.0398332	0.0509331	0.100519	0.0305876	0.0329301	0.0193813	0.0519201	0.0961537	0.0675387	0.034079	0.0447266	0.123675	0.0501532
29	0.0169291	0.000378733	0.1718	0.617395	0.000414914	0.0265368	0.0025863	0.00521482	0.0325414	0.00443197	0.00728595	0.0230305	0.000235259	0.0519835	0.00409413	0.00846287	0.00547189	0.019807	0.000161781	0.00123801
30	0.0442936	0.057488	0.00762361	0.00946945	0.314111	0.011003	0.0332682	0.0388445	0.0171154	0.0564272	0.00857524	0.028674	0.0081951	0.0204994	0.0239121	0.0749406	0.0181825	0.0267482	0.00904576	0.191583
31	0.0648004	0.00371546	0.0120399	0.00623304	0.00983762	0.0117089	0.00380312	0.264648	0.0110085	0.0570189	0.0602134	0.00516414	0.0330296	0.0090856	0.00715988	0.0275054	0.163931	0.246272	0.00100361	0.00182146
32	0.00355276	0.0100404	0.0854447	0.0216091	0.00163682	0.0278984	0.0267755	0.00245809	0.0483265	0.00282864	0.00189637	0.498316	0.00102794	0.0174378	0.0211111	0.153165	0.0680998	0.0025768	0.000538955	0.00525893
33	0.0849757	0.000813753	0.197048	0.158558	0.000587191	0.114216	0.015905	0.00434278	0.0367654	0.0114507	0.00986972	0.0769001	0.0158059	0.0226161	0.0715103	0.0938809	0.0432786	0.0319722	0.003177	0.00632648
34	0.0108283	0.00897124	0.0791897	0.0401015	0.00550549	0.0243888	0.0638821	0.00448451	0.0378418	0.00890303	0.0040768	0.395951	0.0016591	0.0428825	0.0250945	0.131745	0.0846054	0.00585546	0.0014988	0.0225349
35	0.127267	0.0108234	0.0156117	0.0224978	0.00573252	0.0234769	0.00793782	0.0310503	0.0550726	0.0223958	0.0184421	0.0248287	0.0189505	0.021827	0.0279485	0.162286	0.352465	0.0435157	0.00285209	0.0050185
36	0.0279348	0.00702014	0.000669746	0.000870796	0.00301108	0.000899396	0.00101311	0.361785	0.00125507	0.0294876	0.00368431	0.00138782	0.00038934	0.00206134	0.00131772	0.00590701	0.00798484	0.539577	0.000346345	0.00339798
37	0.0509892	0.00153283	0.00281464	0.00367062	0.029988	0.0024454	0.00955982	0.177934	0.0127817	0.240053	0.108772	0.00781911	0.00540302	0.0122425	0.0152468	0.0198956	0.0255289	0.270816	0.0010552	0.00145219
38	0.0291315	0.0280809	0.0014199	0.00207246	0.440886	0.00160459	0.0144533	0.0355139	0.00658227	0.0465589	0.0017512	0.0119071	0.000941224	0.00550395	0.00687248	0.0537153	0.00304387	0.0210994	0.00575768	0.283104
39	0.0120621	0.00786041	0.0118257	0.0446816	0.00268131	0.0232841	0.0187819	0.0182529	0.382826	0.0187918	0.0177772	0.0423895	0.000526271	0.0648036	0.258465	0.0289751	0.0379702	0.00624429	0.000639459	0.00116104
40	0.118425	0.0464607	0.00374634	0.00386675	0.226646	0.00702465	0.0489659	0.0346948	0.00973957	0.0277266	0.00425319	0.0502322	0.00181204	0.0319048	0.0162508	0.144396	0.00980769	0.0165885	0.00425222	0.193205
41	0.0950345	0.0112131	0.00818938	0.035166	0.0160865	0.0270704	0.0241486	0.0383873	0.0277064	0.0623095	0.0222988	0.0192843	0.216639	0.0656939	0.028558	0.138741	0.103339	0.0510775	0.00319761	0.00585955
42	0.121714	0.0386087	0.015817	0.00943376	0.00269401	0.0520755	0.00139446	0.00962335	0.0125923	0.00621176	0.0148749	0.0627634	0.00670603	0.00266058	0.00497537	0.405221	0.214137	0.0133319	0.000362635	0.00480231
43	0.104627	0.00788417	0.00249887	0.0531871	0.00474522	0.030953	0.0273514	0.0139567	0.0340367	0.0121933	0.0165664	0.0170834	0.227242	0.0558712	0.0334853	0.197064	0.132835	0.0214231	0.00313221	0.00386382
44	0.0257127	0.0270383	0.00138048	0.00194547	0.441553	0.00167275	0.0139413	0.0354909	0.00628839	0.0462315	0.00174021	0.0112969	0.000856484	0.00505147	0.00675921	0.0469748	0.00309573	0.0205699	0.00541952	0.296981
45	0.124479	0.00749466	0.00225154	0.00554774	0.00421065	0.00465441	0.00219163	0.0314014	0.0232955	0.013851	0.0139284	0.00809852	0.00166887	0.00927357	0.00360493	0.22223	0.48263	0.0361656	0.000741669	0.00228033
46	0.0258427	0.0247901	0.00147475	0.00187464	0.456303	0.001623	0.0145832	0.0366577	0.00653564	0.050198	0.00278451	0.0118732	0.0010042	0.0052759	0.00637704	0.0461646	0.00297827	0.0223226	0.00530685	0.27603
47	0.0497423	0.00820261	0.204292	0.261678	0.00480364	0.0524161	0.0187502	0.0127809	0.0434168	0.0209282	0.0116216	0.0743304	0.00927436	0.0460516	0.0378949	0.0676608	0.0360888	0.0285414	0.00263936	0.00888646
48	0.00157289	0.00115992	0.000779972	0.00333311	0.00147444	0.00439357	0.00242191	0.00438019	0.507423	0.00217442	0.0112611	0.0259709	0.000326692	0.0198694	0.369681	0.0185886	0.0229574	0.00149528	0.0002763	0.000459691
49	0.0520284	0.00734585	0.0146606	0.0222341	0.0250165	0.011814	0.00493874	0.216461	0.0102752	0.106727	0.0378128	0.0102383	0.00645725	0.0116719	0.0108724	0.0273005	0.0359855	0.380272	0.0015127	0.00637605
50	0.0245182	0.0249925	0.00216759	0.00271542	0.452446	0.00269294	0.0187025	0.037742	0.00739594	0.0611918	0.00461246	0.0133434	0.00116443	0.00811751	0.00889076	0.0440374	0.00410422	0.0233598	0.00544753	0.252358
51	0.081354	0.00117671	0.187968	0.14727	0.000802416	0.141752	0.0185417	0.00460933	0.0351336	0.0116083	0.00962379	0.0737227	0.0160016	0.0213256	0.0748216	0.0947332	0.0402359	0.0299182	0.00302695	0.00637411
52	0.0812787	0.0220015	0.00591925	0.0441574	0.0187213	0.0334153	0.0236432	0.0205392	0.021218	0.0280629	0.0129508	0.032527	0.235105	0.0712393	0.0243878	0.155599	0.116249	0.0262227	0.0121655	0.014597
53	0.0848189	0.000920251	0.195183	0.159379	0.000593306	0.11314	0.0157752	0.00446454	0.0378185	0.0116619	0.0102636	0.0776163	0.0155098	0.0228482	0.0712225	0.0940989	0.043603	0.0314821	0.00308831	0.00651288
54	0.0655749	0.0146995	0.0175016	0.015861	0.0369892	0.0252539	0.0250472	0.071609	0.0177272	0.132004	0.0207704	0.0354559	0.112696	0.0472334	0.0311288	0.12995	0.0955613	0.0869455	0.00376283	0.014229
55	0.0240331	0.0136184	0.0676425	0.028603	0.00532748	0.028174	0.0289092	0.0149245	0.0447972	0.012822	0.00794599	0.375313	0.00407262	0.022461	0.0275252	0.149407	0.118159	0.0159708	0.00137812	0.00891682
56	0.0184543	0.0133617	0.0188808	0.0685318	0.00347317	0.0373123	0.0249562	0.0268721	0.271784	0.0314772	0.0233418	0.0414997	0.000416806	0.0955434	0.231941	0.0398738	0.0411434	0.00874277	0.000977435	0.00141636
57	0.0525248	0.00880661	0.128016	0.200593	0.000752667	0.0425012	0.0275255	0.0129536	0.103458	0.0371125	0.0215509	0.0889768	0.00816491	0.107585	0.0659485	0.0263232	0.0341461	0.0226393	0.000451862	0.00996952
58	0.0989025	0.00777432	0.0137378	0.0162711	0.0218878	0.0146502	0.00416469	0.192312	0.00870234	0.0844077	0.0371975	0.00918592	0.00739774	0.00813054	0.0089322	0.0483488	0.0443423	0.36841	0.00138149	0.00386327
59	0.0396472	0.0197245	0.066273	0.15873	0.0401632	0.0338091	0.0784766	0.0152366	0.0544001	0.0402887	0.0150633	0.0628618	0.00678186	0.110717	0.0610802	0.0461947	0.0235839	0.0202413	0.00939776	0.0973289
60	0.0168904	0.000376977	0.173055	0.616127	0.000416181	0.0266034	0.00261212	0.00519625	0.032537	0.00443414	0.00725649	0.0231647	0.000242084	0.0517447	0.00408978	0.00860785	0.00550325	0.0197633	0.000161938	0.00121771
61	0.0170196	0.000396889	0.171602	0.616727	0.000413302	0.0265812	0.0026405	0.00522271	0.0326363	0.00449173	0.00729074	0.0231791	0.000249129	0.0521654	0.00416474	0.00847102	0.00550381	0.0198157	0.000167608	0.00126078
62	0.367023	0.0069753	0.0149232	0.0230497	0.016638	0.192541	0.00437488	0.0264132	0.00850406	0.0247084	0.0184168	0.010617	0.00466622	0.0103015	0.00738032	0.123298	0.0719284	0.0585989	0.00228686	0.00735481
63	0.19656	0.0138288	0.0257738	0.0317408	0.0180886	0.0382236	0.0044934	0.112633	0.0080874	0.0619214	0.0310104	0.00782454	0.0347074	0.0146059	0.0115272	0.101768	0.0950093	0.187906	0.00162371	0.00266629
64	0.00316376	0.00213803	0.00192225	0.00865768	0.00173109	0.00730438	0.00463582	0.0060429	0.495408	0.00507131	0.0123322	0.0274648	0.000324133	0.0272459	0.349084	0.0195689	0.0249432	0.00208006	0.000369451	0.000512436
65	0.0423151	0.00666834	0.154279	0.310922	0.000595553	0.0391593	0.0197812	0.00954755	0.0813178	0.0255715	0.016499	0.0757169	0.00568983	0.0953483	0.0446274	0.0203936	0.0236493	0.0202402	0.00039518	0.00728269
66	0.0333646	0.00644232	0.000939413	0.0012234	0.00640693	0.00101765	0.00125012	0.314898	0.00178133	0.0430899	0.011851	0.00182825	0.00125088	0.00242341	0.00167786	0.00681632	0.0147664	0.54544	0.000336369	0.00319633
67	0.251113	0.0143118	0.0351079	0.0467411	0.0188755	0.0499926	0.0139737	0.0422608	0.0242188	0.0449494	0.0222811	0.0262697	0.0184782	0.0214015	0.0247515	0.163303	0.0904376	0.0741628	0.0039071	0.0134634
68	0.00552832	0.00143708	0.00139448	0.00163631	0.105764	0.0031454	0.00188154	0.0376669	0.00236768	0.592725	0.0893963	0.00241601	0.00569857	0.0171272	0.0214455	0.00506962	0.00601455	0.0737615	0.00129234	0.0242323
69	0.0972663	0.06688	0.0146531	0.0177702	0.0347109	0.0250287	0.0201605	0.041211	0.0179416	0.0754034	0.0163908	0.0387972	0.0297815	0.0218698	0.0280088	0.290445	0.0852582	0.0454217	0.00523463	0.0277668
70	0.302157	0.0108918	0.022935	0.0396244	0.0180763	0.0442318	0.00199735	0.0576726	0.00668872	0.0416298	0.0265794	0.0075261	0.0100463	0.00640916	0.00573208	0.15209	0.0833025	0.158987	0.000791941	0.00263079
71	0.00626011	0.000750149	0.00079028	0.0009723	0.0229001	0.0024954	0.00172706	0.131427	0.00142099	0.583888	0.120384	0.00133948	0.00451665	0.00957015	0.0125924	0.00393572	0.00654888	0.0839649	0.000553424	0.00396373
72	0.0996384	0.0443127	0.0192005	0.0148216	0.00226669	0.0667808	0.00250915	0.00746116	0.0192557	0.00467074	0.0145534	0.0879503	0.00815577	0.00303912	0.00990649	0.42025	0.162188	0.00764591	0.000623297	0.00477018
73	0.0974103	0.0118572	0.0874199	0.108232	0.00906256	0.185894	0.0170776	0.0222931	0.0451831	0.0277021	0.0160455	0.0530521	0.015409	0.0330186	0.0549422	0.106002	0.051256	0.0435419	0.00424949	0.0103521
74	0.0527559	0.0010307	0.00155693	0.000984114	0.0412747	0.00201664	0.00289156	0.219091	0.00531866	0.179113	0.0785245	0.00392205	0.00427753	0.00582796	0.0034424	0.0108472	0.0410244	0.344871	0.000370633	0.000859106
75	0.0235645	0.0168914	0.0632177	0.0456798	0.0162186	0.0299127	0.105879	0.0177653	0.0495394	0.0253702	0.01031	0.258404	0.0118511	0.0740598	0.0506602	0.0907305	0.0455472	0.0147867	0.00400447	0.0456077
76	0.352175	0.0140356	0.00661406	0.0156511	0.0140431	0.036206	0.00319722	0.0273399	0.00983174	0.0234331	0.0195254	0.0157049	0.00617042	0.00609743	0.0050456	0.262808	0.133931	0.0390673	0.000766761	0.00835665
77	0.117806	0.00812084	0.00256009	0.00445832	0.00365878	0.00544377	0.00220222	0.0258216	0.0188249	0.011553	0.014095	0.00952024	0.00124915	0.00785562	0.00310394	0.206794	0.52126	0.033222	0.000762176	0.00168862
78	0.0283479	0.00709885	0.000642866	0.000882048	0.00306691	0.000874641	0.00101035	0.355895	0.00119017	0.0283899	0.00356793	0.00137165	0.000368097	0.00202386	0.00134176	0.00591659	0.00775384	0.546478	0.00034993	0.00342917
79	0.0210128	0.00870734	0.00385293	0.00312965	0.256681	0.00389481	0.0100893	0.0513826	0.00505198	0.311628	0.0510434	0.0114344	0.00928584	0.0167944	0.0173953	0.0274744	0.0132685	0.0820134	0.00301681	0.0928425
80	0.245845	0.0179741	0.0312635	0.0527786	0.0213928	0.044238	0.0133503	0.0474308	0.0242423	0.0395576	0.0219684	0.0269736	0.0204182	0.0245693	0.0234387	0.149236	0.09253	0.0800072	0.00327559	0.0195099
81	0.0356629	0.0274503	0.0195523	0.0185283	0.237552	0.0144441	0.0619405	0.0321692	0.0188855	0.0589499	0.0104942	0.046052	0.00607292	0.0406942	0.0262371	0.0637204	0.0212776	0.0309719	0.00854693	0.220798
82	0.0999767	0.0137034	0.0704383	0.11273	0.00980966	0.160671	0.0191125	0.0238028	0.0495934	0.0376052	0.0167499	0.0516477	0.0207788	0.037744	0.0520192	0.108612	0.0552482	0.0456216	0.00336281	0.0107737
83	0.0288783	0.0111497	0.0301145	0.121518	0.0153796	0.0139878	0.0746742	0.0173065	0.0971654	0.0683888	0.0197644	0.0335724	0.0124337	0.262511	0.0848757	0.0331949	0.0249739	0.0242471	0.00551396	0.0203502
84	0.100879	0.0121372	0.0240801	0.0303495	0.00958834	0.0265089	0.013827	0.0598711	0.0496638	0.0379838	0.0241324	0.0423272	0.0224665	0.0250193	0.0369928	0.154441	0.25272	0.0662915	0.00263272	0.00808811
85	0.0891151	0.0546466	0.0187878	0.0120873	0.00790642	0.056358	0.0149538	0.0108104	0.0169477	0.00849517	0.0107305	0.0950932	0.0105519	0.00907152	0.0183285	0.417791	0.120012	0.00945445	0.00222175	0.0166372
86	0.11335	0.033206	0.0253384	0.028292	0.0223027	0.0452604	0.0151679	0.0228924	0.0357357	0.024112	0.0141986	0.0658254	0.0227924	0.0166664	0.030306	0.308298	0.126122	0.0274716	0.00248065	0.0201825
87	0.0923054	0.0144714	0.0697064	0.0877695	0.0103507	0.159822	0.0246119	0.022483	0.0508033	0.0280563	0.0163786	0.0659086	0.0149819	0.0362135	0.0591408	0.127516	0.0632477	0.0396785	0.00311572	0.013439
88	0.0158163	0.0065707	0.022735	0.0533407	0.00382531	0.0175486	0.0172196	0.0115972	0.371862	0.0165652	0.0153324	0.0410175	0.00330673	0.0625046	0.262803	0.0312607	0.0305921	0.00922737	0.00230663	0.00456754
89	0.105744	0.0128084	0.0190678	0.0259851	0.0114181	0.0263828	0.010701	0.0561595	0.0521277	0.0322882	0.0218746	0.0317217	0.0217552	0.0216172	0.0385798	0.162985	0.273533	0.0654978	0.00185324	0.00789897
90	0.0258266	0.0255169	0.00252517	0.00268136	0.439205	0.00216718	0.0217218	0.0351204	0.0070778	0.0446704	0.00180221	0.0132429	0.000880368	0.0082171	0.0066067	0.0463073	0.00302161	0.0207512	0.00547275	0.287186
91	0.097217	0.0148457	0.0262379	0.0406584	0.0109151	0.0274736	0.0108445	0.0510841	0.0471705	0.0372019	0.0226673	0.0410466	0.0226636	0.0268238	0.0382377	0.156969	0.254266	0.0633632	0.00242752	0.00788682
92	0.0282015	0.00297364	0.00338094	0.0041268	0.0190009	0.00440016	0.00456088	0.228781	0.00860588	0.295634	0.157272	0.00647448	0.00618377	0.00873954	0.00967328	0.0145323	0.0296915	0.164143	0.00107138	0.00255349
93	0.029054	0.0270273	0.0424398	0.0147728	0.0102316	0.00483675	0.0197809	0.120982	0.0713396	0.0274481	0.0274868	0.0679626	0.00314428	0.0267874	0.0863984	0.128335	0.212088	0.0573318	0.00436963	0.0181838
94	0.104856	0.0131186	0.0776311	0.112033	0.0102381	0.177261	0.0184284	0.0217441	0.0498921	0.0284118	0.014872	0.056051	0.0140499	0.0366917	0.0525652	0.102371	0.0523579	0.0430472	0.00316608	0.0112125
95	0.0295101	0.0075722	0.000639549	0.000903472	0.00279933	0.0008967	0.00100719	0.330862	0.00133595	0.0256215	0.00338157	0.00133729	0.000346942	0.00212749	0.00129213	0.00632145	0.00901124	0.57102	0.000350283	0.00366361
96	0.0899395	0.00935562	0.013492	0.0129402	0.0154237	0.0131717	0.0104718	0.150043	0.0252016	0.0683906	0.0368321	0.0219299	0.0215196	0.0166601	0.0213124	0.0933471	0.22648	0.144889	0.00232473	0.00627571
97	0.016681	0.00040095	0.183517	0.606408	0.000463303	0.0271151	0.00267095	0.0050896	0.0321648	0.00478002	0.00715175	0.023275	0.000283971	0.0505823	0.0042676	0.00891431	0.00545359	0.0193328	0.000203395	0.0012444
98	0.042074	0.0816773	0.0104076	0.0184661	0.0705205	0.0389455	0.132508	0.0112786	0.0445758	0.00941894	0.00339962	0.0936847	0.00158744	0.0594431	0.0885263	0.122644	0.00699122	0.00691316	0.0128616	0.144077
99	0.238191	0.00573386	0.00215613	0.0109881	0.00832386	0.0103075	0.00158447	0.0360907	0.0144037	0.0205176	0.0198535	0.00591874	0.00161426	0.00539878	0.00238442	0.200703	0.357271	0.0562989	0.000539367	0.00172154
100	0.0549641	0.000821248	0.000635396	0.000711907	0.0438699	0.000915302	0.00256036	0.203838	0.00380067	0.192123	0.0819642	0.00357652	0.000801582	0.00515314	0.00275199	0.00982981	0.0233666	0.367407	0.000267425	0.0006415
101	0.0686197	0.027531	0.034665	0.0092159	0.0243113	0.00810419	0.0202748	0.0609609	0.0367709	0.0530123	0.0265278	0.0961854	0.0082208	0.0292821	0.0443747	0.205023	0.12728	0.0649976	0.00488374	0.0497595
102	0.0184731	0.000676635	0.232259	0.533293	0.000554649	0.0307015	0.00483877	0.00509439	0.0320144	0.0063994	0.00689154	0.0299026	0.00111547	0.0476106	0.00824914	0.014515	0.00709557	0.0184227	0.000354862	0.00153816
103	0.0298316	0.00209434	0.00406387	0.00304081	0.0242892	0.00410073	0.00564645	0.250767	0.00626263	0.311343	0.0996987	0.00772748	0.00649197	0.00930183	0.00935216	0.0135776	0.0241819	0.182838	0.0012278	0.00416299
104	0.0250402	0.0250572	0.00128828	0.00195541	0.448485	0.00151283	0.013731	0.0359862	0.00634749	0.0458386	0.00171783	0.0111209	0.000818888	0.00485666	0.00619132	0.0452925	0.00295444	0.0210974	0.00514578	0.295562
105	0.0533642	0.00847561	0.140136	0.202644	0.000679862	0.0485902	0.0263296	0.0105245	0.0976594	0.0339619	0.0196802	0.0895362	0.00801773	0.100299	0.0664397	0.0303984	0.0319321	0.0209323	0.000540061	0.00985901
106	0.0362771	0.0286508	0.033195	0.0183173	0.0304105	0.0201647	0.293043	0.00741237	0.0183589	0.0138134	0.00539826	0.0665968	0.00219385	0.111306	0.0185122	0.0287631	0.00840022	0.00766769	0.0174048	0.234114
107	0.0467792	0.00189524	0.00178481	0.000834306	0.0292206	0.00210791	0.00215957	0.271492	0.00420493	0.144911	0.0668483	0.00322792	0.00450013	0.00475346	0.00275484	0.00918378	0.0428068	0.358962	0.000382558	0.00119107
108	0.0514221	0.00919149	0.124223	0.195949	0.000828824	0.0414731	0.0312913	0.0129541	0.104922	0.0380976	0.0226752	0.090844	0.00777672	0.112258	0.0662397	0.0247644	0.0335396	0.0204875	0.000422202	0.0106397
109	0.00978558	0.00675606	0.00698218	0.0290624	0.00447919	0.0174208	0.0125296	0.0158811	0.4025	0.0139694	0.0188042	0.0397978	0.000383956	0.0611008	0.294283	0.028736	0.0315151	0.00465382	0.000501332	0.000858036
110	0.00674535	0.0108552	0.0819656	0.0258843	0.00249513	0.0256415	0.0373363	0.00660984	0.0439176	0.00509621	0.00290856	0.453603	0.00172469	0.0206412	0.0264608	0.152927	0.0797323	0.00528187	0.000982344	0.00919129
111	0.0977702	0.00941731	0.00300862	0.0558394	0.00519711	0.0337245	0.0261733	0.0138069	0.0328769	0.0122718	0.0158804	0.0183667	0.233614	0.0646284	0.0329298	0.18244	0.130845	0.0231593	0.00365147	0.00439912
112	0.0167776	0.000374592	0.174805	0.614281	0.000432985	0.0267131	0.00270374	0.00515384	0.0324644	0.004476	0.00724385	0.0234452	0.000234464	0.0515784	0.00414009	0.00870919	0.00542758	0.0196437	0.000160032	0.0012355
113	0.00853463	0.00475531	0.00620919	0.0186511	0.00269387	0.0122298	0.0087042	0.0101597	0.42506	0.0126921	0.0150509	0.0300394	0.000695789	0.0367337	0.348061	0.0239943	0.026262	0.00601169	0.00189191	0.00156882
114	0.0186407	0.000443523	0.172836	0.605411	0.000417522	0.0281	0.00286233	0.00523884	0.0331231	0.0046654	0.00731375	0.0244634	0.000591799	0.0514915	0.00579923	0.0103182	0.00636127	0.0203495	0.000231847	0.0013415
115	0.0239378	0.0233396	0.00157435	0.00197284	0.481034	0.00167217	0.0128196	0.0408458	0.0066942	0.0552053	0.00347666	0.0111198	0.00139541	0.00556788	0.00737552	0.0426937	0.00355977	0.0236077	0.0052961	0.246812
116	0.0435399	0.00201007	0.00627179	0.00187568	0.0115017	0.00666937	0.00258777	0.28967	0.0106355	0.0597985	0.0621498	0.00354979	0.022667	0.00537041	0.00359113	0.0126952	0.168628	0.284891	0.000572116	0.00132496
117	0.0381512	0.00212069	0.00171018	0.00191535	0.0236409	0.00205791	0.00245553	0.205364	0.00406965	0.293828	0.0740022	0.0031162	0.00351284	0.00631655	0.00522974	0.00999799	0.021758	0.299107	0.000428209	0.00121894
118	0.0023351	0.00160099	0.00141463	0.00571129	0.0014818	0.0054559	0.00326384	0.00569304	0.498096	0.00334247	0.0115391	0.0260157	0.000351223	0.0226957	0.365639	0.0191267	0.0236295	0.00185983	0.000278671	0.00046918
119	0.0509258	0.00192351	0.00131377	0.00115768	0.0700251	0.0016166	0.00325744	0.198162	0.00413961	0.186291	0.0728057	0.00400267	0.00368737	0.00660468	0.00454498	0.0121022	0.0257195	0.341369	0.000540058	0.00981105
120	0.185134	0.0274822	0.0194675	0.0241529	0.00970375	0.046269	0.00781298	0.025286	0.0184153	0.0272647	0.0165722	0.0391079	0.0241187	0.0137037	0.0152922	0.313547	0.139774	0.0359161	0.00242695	0.00855346
121	0.343955	0.00867736	0.0312257	0.0361676	0.0144075	0.194133	0.00704815	0.0201824	0.0150143	0.022985	0.0144246	0.0209395	0.00800596	0.0136363	0.0174821	0.119505	0.0540395	0.0470411	0.00341569	0.00771454
122	0.00626207	0.00125377	0.00158367	0.00187386	0.00735536	0.00151459	0.00263196	0.264399	0.00265956	0.378559	0.232423	0.00254512	0.00110754	0.00370054	0.00514314	0.00468383	0.00584808	0.073916	0.00098852	0.0015516
123	0.0293631	0.00345065	0.149905	0.481444	0.00436163	0.033122	0.0110861	0.00793661	0.0502588	0.0154121	0.0110352	0.0324059	0.00441218	0.0709127	0.0270487	0.0231302	0.0154752	0.0223743	0.00115718	0.00570865
124	0.0481548	0.00825912	0.0069326	0.0078216	0.0232722	0.00645456	0.00719414	0.262442	0.0142648	0.132187	0.0519334	0.014639	0.010631	0.0116017	0.0147597	0.0360799	0.0448351	0.286411	0.00174528	0.0103804
125	0.0371532	0.0309525	0.0131887	0.0142047	0.274351	0.011293	0.0587283	0.0293435	0.0168728	0.0675825	0.0110211	0.0346674	0.00502405	0.0317453	0.0254687	0.0617468	0.015099	0.024675	0.00882364	0.228059
126	0.0436771	0.0194163	0.0647141	0.0593936	0.0131762	0.0339821	0.0340387	0.016448	0.0724758	0.0233732	0.0132102	0.237229	0.0115321	0.0390937	0.0609695	0.142236	0.0693913	0.0231792	0.00264083	0.0198237
127	0.0286704	0.00229569	0.161747	0.508384	0.001464	0.0354067	0.00836648	0.00812527	0.0432194	0.0110489	0.00929412	0.032555	0.00564533	0.0572998	0.0208028	0.0236523	0.0153642	0.0225295	0.000691595	0.00343746
128	0.124517	0.0090733	0.0415043	0.0138647	0.00870276	0.012979	0.0139561	0.0780354	0.0386863	0.040922	0.0245067	0.114453	0.00723454	0.0230802	0.0293691	0.0751425	0.0920274	0.239943	0.00325258	0.00875037
129	0.0387809	0.00420578	0.000991888	0.000846553	0.0193209	0.00117484	0.0022257	0.282923	0.00259521	0.11396	0.0374598	0.00271625	0.00241081	0.00366942	0.00245975	0.00861505	0.0194719	0.453429	0.000328624	0.0024153
130	0.0194819	0.00973643	0.011529	0.0342028	0.00458003	0.0204101	0.0165553	0.0669476	0.331025	0.0200489	0.0241156	0.026797	0.00137304	0.0620272	0.238098	0.0360941	0.0468782	0.0246421	0.00207339	0.00338439
131	0.0499221	0.00612359	0.194545	0.281268	0.00410576	0.053432	0.0172556	0.0125948	0.0445361	0.0194503	0.0120216	0.0795027	0.00863433	0.0468273	0.0389589	0.0604707	0.0327614	0.0281453	0.00176287	0.00768158
132	0.019541	0.00306766	0.00539933	0.00887372	0.0532237	0.00590853	0.00739802	0.108531	0.0104852	0.476277	0.0896171	0.00908255	0.00928748	0.019104	0.0225947	0.0180638	0.0172845	0.101708	0.00192549	0.0126276
133	0.0243941	0.00386006	0.00800084	0.0175504	0.0446694	0.00668128	0.00805334	0.111198	0.0140332	0.439764	0.0870829	0.0103339	0.0104675	0.0261635	0.025229	0.0218508	0.0217996	0.101521	0.00617625	0.0111708
134	0.0221892	0.0173843	0.0202185	0.0621442	0.00418776	0.0338846	0.0239395	0.0273496	0.260682	0.028953	0.022212	0.0589569	0.000737855	0.0904815	0.216855	0.0508721	0.0445382	0.0101762	0.00109671	0.00314161
135	0.102919	0.0080156	0.00233392	0.0558565	0.00469552	0.0325353	0.0262507	0.0132156	0.0319281	0.0115431	0.0171881	0.0157282	0.232512	0.0573219	0.0330139	0.194474	0.131223	0.0223239	0.00308818	0.00383241
136	0.0143758	0.000732677	0.268984	0.518224	0.000663802	0.0282263	0.00403542	0.00460976	0.0310271	0.00655059	0.00579038	0.0317692	0.000488904	0.043243	0.00539614	0.0130288	0.00486164	0.0166575	0.000288342	0.00104597
137	0.10318	0.0484188	0.0179576	0.01128	0.00173763	0.0673605	0.00127361	0.00698643	0.0126506	0.00370429	0.0121956	0.0776317	0.00860901	0.00202256	0.0061541	0.445693	0.162368	0.00638869	0.000311779	0.00407638
138	0.0866556	0.0209558	0.00387394	0.0237097	0.00756493	0.017197	0.0494548	0.0183926	0.0187012	0.0346843	0.00993008	0.055946	0.274807	0.0735859	0.0180442	0.196335	0.0639837	0.0166448	0.00410648	0.00542755
139	0.0234927	0.00858693	0.00801298	0.0133714	0.0455486	0.0087453	0.00972422	0.0415177	0.0348875	0.457974	0.0665728	0.0121603	0.0117719	0.0296048	0.0826052	0.0242842	0.0187394	0.073277	0.0164652	0.0126582
140	0.00892478	0.00551114	0.00781406	0.0223145	0.00260099	0.0130654	0.00929639	0.0101791	0.406206	0.0112676	0.0146356	0.0281987	0.00108776	0.0394414	0.359111	0.0259561	0.0263745	0.00484645	0.0010971	0.00207163
141	0.0223083	0.00125301	0.00100483	0.00103268	0.0188323	0.00194792	0.00231845	0.213091	0.002539	0.403018	0.10075	0.00298815	0.0038098	0.00573383	0.00696077	0.00625559	0.0153538	0.18914	0.00050826	0.00115442
142	0.0453488	0.0185455	0.0160601	0.0308151	0.0308677	0.0133669	0.0177168	0.0286948	0.0695149	0.208181	0.0438926	0.0222465	0.00625862	0.0446048	0.153412	0.051598	0.0185475	0.0467504	0.116549	0.0170291
143	0.0463946	0.00578608	0.207846	0.278138	0.0044417	0.0472941	0.0170911	0.0153831	0.0426719	0.0206696	0.0123161	0.075435	0.00688059	0.0471772	0.0349435	0.0594211	0.0347355	0.032124	0.00312283	0.00812773
144	0.0441559	0.00621655	0.205701	0.266477	0.00648287	0.0510362	0.0205186	0.0167196	0.0455269	0.0290199	0.0136727	0.0681639	0.00755562	0.0454937	0.0404876	0.0552301	0.0318976	0.0324765	0.00247024	0.0106983
145	0.124413	0.0114958	0.0190597	0.0511291	0.00740574	0.0329478	0.0252053	0.0225696	0.0467144	0.0251018	0.0192671	0.0255073	0.2191	0.0586113	0.0341581	0.145047	0.0939014	0.0297318	0.00356764	0.00506519
146	0.0315349	0.00304395	0.150042	0.502274	0.00154522	0.0330461	0.00982269	0.00869433	0.0489061	0.0113683	0.00979002	0.0311718	0.00478285	0.0610245	0.0254408	0.0239165	0.0149758	0.0233034	0.00102896	0.00428845
147	0.00132037	0.000960302	0.000495366	0.00228883	0.00139829	0.00382019	0.00203475	0.00393037	0.513956	0.00164776	0.0109847	0.0255085	0.000337098	0.0187011	0.370021	0.0179579	0.0226459	0.00133021	0.000234185	0.000426871
148	0.089961	0.0137064	0.0749276	0.106714	0.00958633	0.178896	0.022066	0.0217766	0.0554062	0.0368604	0.01582	0.0538868	0.0154459	0.0379129	0.0579033	0.0966939	0.0492319	0.0433773	0.00486412	0.0149638
149	0.0638576	0.00609649	0.0101545	0.00589271	0.01178	0.0120866	0.00678889	0.250837	0.0120389	0.0555909	0.0502623	0.00774876	0.0418377	0.012262	0.00931829	0.0353941	0.192046	0.21097	0.0017576	0.00328007
150	0.0287522	0.00769395	0.000632981	0.000915135	0.00214646	0.000889087	0.000995191	0.333425	0.00125086	0.0243597	0.00232109	0.0012542	0.000347673	0.0020621	0.00129761	0.00612863	0.00845609	0.572927	0.000358325	0.003787
151	0.0287532	0.00721626	0.000726316	0.000912866	0.00226764	0.000898295	0.00110968	0.329622	0.00120477	0.0256669	0.0029259	0.00128735	0.000582995	0.00215576	0.00138965	0.00600078	0.00889895	0.574456	0.00035785	0.00356752
152	0.0159882	0.000427365	0.201655	0.590409	0.00046158	0.0266541	0.00301828	0.00499459	0.0315717	0.00492925	0.00684219	0.0247785	0.000351289	0.0484936	0.00414274	0.00975484	0.0053274	0.0187723	0.000213337	0.00121469
153	0.00640033	0.00525444	0.00566257	0.0229141	0.00247601	0.0173752	0.0108666	0.0111199	0.44959	0.0105717	0.0138913	0.0363675	0.000401392	0.0436377	0.301607	0.0244374	0.0305119	0.0037945	0.000535985	0.00258479
154	0.0729284	0.00392682	0.00772299	0.00740753	0.0299738	0.00920421	0.00800333	0.16753	0.0111312	0.223557	0.060313	0.011191	0.0174929	0.0143369	0.0121555	0.0386943	0.0615516	0.237587	0.00159617	0.00369625
155	0.0361514	0.0132167	0.0576312	0.0537239	0.00491413	0.0104552	0.018075	0.117187	0.123113	0.0401148	0.0238996	0.053152	0.00405154	0.0643843	0.086192	0.0599596	0.154329	0.070217	0.0034759	0.00575712
156	0.0213365	0.00103754	0.185847	0.552265	0.000716373	0.0326904	0.0051892	0.00575464	0.0355174	0.00724224	0.00787277	0.0301766	0.00145639	0.0521968	0.0119525	0.0163725	0.00968847	0.0202876	0.000642627	0.00175833
157	0.0230475	0.00224749	0.159421	0.528779	0.000736951	0.0292693	0.00717338	0.00757159	0.0496503	0.0108854	0.0101251	0.0341991	0.00141333	0.0672022	0.0159391	0.0117704	0.0129197	0.0245393	0.000279034	0.00283103
158	0.0443701	0.00230143	0.00741214	0.00237713	0.00689314	0.00837563	0.00305123	0.295172	0.0104732	0.0400599	0.0599855	0.0037828	0.0286258	0.00569525	0.00404164	0.0140684	0.201873	0.258978	0.000830163	0.00163309
159	0.0523446	0.00224065	0.000815239	0.000779206	0.0349971	0.00111976	0.00238386	0.233166	0.00333396	0.156635	0.0629283	0.00312152	0.00163439	0.00464182	0.0026304	0.0096497	0.0228493	0.403189	0.000258888	0.00128204
160	0.0202351	0.0128883	0.0245383	0.0766926	0.00322812	0.0368493	0.0247748	0.0254605	0.262951	0.0317331	0.0231877	0.0457998	0.000762305	0.0965652	0.22213	0.0389557	0.0411326	0.00942101	0.000932317	0.00176208
161	0.0631151	0.0012828	0.288613	0.17865	0.000792082	0.0910995	0.0142283	0.00415178	0.033937	0.0116361	0.00852644	0.073756	0.0117088	0.021559	0.0545582	0.0766439	0.0324032	0.0260418	0.00238563	0.00491088
162	0.0200803	0.033994	0.04932	0.0483604	0.00920861	0.051788	0.0174444	0.0521165	0.146574	0.0502917	0.0184498	0.0259036	0.00197642	0.0576535	0.210212	0.0782337	0.022636	0.0368685	0.044713	0.0241754
163	0.00377672	0.00991154	0.0858227	0.0228127	0.00167509	0.027955	0.0284721	0.00251907	0.0491416	0.00292692	0.00193313	0.490287	0.00100255	0.0189718	0.0222277	0.152462	0.0692814	0.00264481	0.000584788	0.00559157
164	0.0200486	0.0135965	0.0200799	0.0562904	0.0131443	0.0149062	0.17964	0.00875395	0.0778576	0.0288866	0.00929467	0.0460702	0.00767534	0.31321	0.0802072	0.0266175	0.0142944	0.0081971	0.00589125	0.0553382
165	0.0152607	0.00223143	0.00199067	0.0018023	0.115002	0.00380787	0.00363864	0.0587764	0.00285514	0.498959	0.0786675	0.00352186	0.0079104	0.0160039	0.0195829	0.00994345	0.0104349	0.121307	0.00150747	0.0267974
166	0.0179864	0.0140213	0.0161017	0.0638926	0.00362419	0.036432	0.0251937	0.0289905	0.272829	0.0329295	0.0236582	0.0383637	0.000340093	0.097516	0.235872	0.0399893	0.040944	0.0088315	0.00116166	0.00132207
167	0.0521959	0.00735159	0.108518	0.168465	0.00307812	0.0452572	0.053355	0.0102443	0.0899938	0.0404331	0.0196399	0.0996068	0.00788907	0.115825	0.0690224	0.0309984	0.0361822	0.020744	0.000722582	0.0204785
168	0.0279437	0.00301579	0.0041806	0.00322564	0.047326	0.00760068	0.0058429	0.117753	0.00510605	0.441956	0.0872931	0.00644848	0.00848362	0.0130256	0.0149369	0.0149184	0.0184063	0.161911	0.00137609	0.00924975
169	0.00882701	0.00164752	0.00162217	0.00169018	0.00881692	0.00188953	0.00276961	0.331616	0.00294087	0.37859	0.125212	0.0031459	0.00146614	0.00438173	0.00558874	0.00521381	0.00752846	0.104809	0.000772638	0.00147147
170	0.11466	0.0462011	0.0191882	0.0142612	0.00242917	0.0825304	0.0014151	0.00680546	0.0134868	0.0038967	0.010803	0.0668953	0.00744455	0.00257287	0.00588665	0.452816	0.137472	0.00628711	0.000529137	0.00441986
171	0.0523982	0.0010017	0.00272992	0.00100397	0.0320443	0.00276176	0.0024595	0.248339	0.00650343	0.138317	0.0699272	0.00363233	0.00874997	0.00538731	0.00279028	0.0099902	0.0762244	0.334638	0.000302857	0.000798618
172	0.0679204	0.0833952	0.0190464	0.0313616	0.0540216	0.0314135	0.037899	0.0396273	0.0532587	0.0414381	0.0184535	0.0580363	0.0178369	0.0481237	0.0659595	0.156823	0.0635092	0.0470867	0.00948656	0.0553029
173	0.030723	0.00225185	0.161012	0.497867	0.000656883	0.0342729	0.0076719	0.0098951	0.0502495	0.011714	0.0105136	0.0376926	0.0026137	0.0596436	0.0234598	0.0193716	0.0144398	0.0222242	0.000473998	0.00325283
174	0.0884118	0.00146393	0.192945	0.186724	0.00122581	0.105599	0.014231	0.00605983	0.0375853	0.0126773	0.0100342	0.0694008	0.0139684	0.0274861	0.0621271	0.084032	0.0418988	0.0349798	0.00271688	0.00643235
175	0.0240726	0.00734412	0.0830165	0.323121	0.00211879	0.0194705	0.0394807	0.00708185	0.0788531	0.0450344	0.0147952	0.0272793	0.00460583	0.214575	0.0535652	0.0164303	0.0131855	0.014178	0.00290194	0.00889038
176	0.0219003	0.0108301	0.0187432	0.0377423	0.0114279	0.0205865	0.0246702	0.0302151	0.266106	0.0421346	0.0192874	0.0371695	0.00895228	0.0666113	0.269623	0.0391864	0.0374888	0.0231861	0.00450578	0.00963415
177	0.0136996	0.00997573	0.0123934	0.0817691	0.00249012	0.0196517	0.0723901	0.0159886	0.192425	0.0370429	0.0171652	0.0268143	0.000600548	0.269404	0.164462	0.0234845	0.0271155	0.00643742	0.00204252	0.00464786
178	0.0635086	0.00400096	0.00848686	0.00470239	0.00663944	0.00819907	0.00345904	0.233281	0.0154766	0.0339045	0.047966	0.00811414	0.0220422	0.00745521	0.00787262	0.048788	0.258387	0.214156	0.00106836	0.00249115
179	0.0577837	0.00435696	0.148048	0.328593	0.00232582	0.102137	0.0128109	0.00936918	0.048392	0.0154069	0.0114114	0.0449805	0.010946	0.0484546	0.0417341	0.0483362	0.0260864	0.0304261	0.00181392	0.00658647
180	0.0269355	0.00227931	0.160517	0.52421	0.00166816	0.0340693	0.00880521	0.00714752	0.0393905	0.0119169	0.00939033	0.030067	0.0031937	0.0633447	0.0174472	0.0201092	0.0128491	0.0229697	0.000608907	0.00308131
181	0.100086	0.0129577	0.0214463	0.0236825	0.00954389	0.0217935	0.0114719	0.0537044	0.0378091	0.0361536	0.0205179	0.0419555	0.0228816	0.0205111	0.0281092	0.170626	0.297382	0.0594183	0.00286993	0.0070796
182	0.493533	0.0105978	0.0061989	0.0135142	0.0232772	0.0333637	0.00614294	0.0198088	0.00705381	0.0159007	0.0241922	0.00976905	0.00282141	0.00726585	0.00733699	0.207713	0.0653579	0.0245545	0.00152711	0.020071
183	0.0110021	0.00125541	0.0011951	0.00241628	0.0397761	0.00272231	0.00249245	0.114252	0.00539622	0.532269	0.141326	0.00294773	0.00397179	0.0118919	0.0179907	0.00596678	0.00785327	0.0851288	0.00184334	0.00830276
184	0.035628	0.0159273	0.0720382	0.075869	0.0177429	0.0333613	0.0392157	0.0209074	0.0660053	0.0263661	0.0129848	0.249232	0.0101555	0.0418841	0.0501966	0.11833	0.0614442	0.0262327	0.00253608	0.0239419
185	0.030841	0.00120619	0.197273	0.463089	0.000581985	0.047353	0.00798341	0.00497321	0.0377443	0.00878578	0.00810204	0.0494347	0.00351836	0.0473567	0.0224811	0.0298079	0.0148758	0.0208706	0.000705172	0.00301727
186	0.158992	0.00540049	0.0164437	0.00901947	0.00462859	0.00626317	0.0106701	0.0635022	0.101078	0.0395209	0.052392	0.0802048	0.00346495	0.0267209	0.0437131	0.0298271	0.165828	0.175727	0.00192822	0.00467496
187	0.10762	0.0274472	0.0293456	0.0322086	0.0186604	0.0412005	0.0166081	0.0263582	0.0363762	0.0332923	0.0156875	0.0692714	0.0270145	0.0237359	0.0357006	0.291868	0.117035	0.0321047	0.00192786	0.0165369
188	0.111501	0.0291275	0.0260931	0.0353886	0.016776	0.0453715	0.014084	0.0248569	0.0382748	0.0304315	0.0159455	0.0546405	0.0308919	0.0216646	0.0333599	0.296091	0.12383	0.0311167	0.00305129	0.0175043
189	0.0211659	0.0111176	0.0249522	0.04322	0.0101767	0.0234645	0.0245858	0.0196501	0.276944	0.0339577	0.0181545	0.0402351	0.00452677	0.0558613	0.283759	0.0456503	0.0339027	0.0158503	0.00410937	0.00871574
190	0.107011	0.0290141	0.0240621	0.0298449	0.0176153	0.0391897	0.0160783	0.0293164	0.0314552	0.0315631	0.0153325	0.062038	0.0257866	0.0195768	0.0283913	0.308724	0.133918	0.0336493	0.00213985	0.0152929
191	0.0387851	0.0211343	0.0320422	0.0488435	0.0242842	0.0252736	0.160015	0.0265727	0.0605774	0.042449	0.0129931	0.0711318	0.0194222	0.142687	0.0729646	0.0611515	0.0323726	0.0250378	0.00892382	0.0733388
192	0.0316725	0.0096191	0.0335125	0.123582	0.00835212	0.0166078	0.0877485	0.0183044	0.0975595	0.0552985	0.0181753	0.0330237	0.0144673	0.260145	0.0892366	0.0343943	0.0278956	0.0201402	0.00444531	0.0158194
193	0.0490484	0.0061014	0.00890676	0.0129714	0.022468	0.00926129	0.00971501	0.263594	0.0167612	0.149547	0.0549255	0.011719	0.0100461	0.0124844	0.0185285	0.0286134	0.0431466	0.262528	0.00208105	0.00755318
