223	20
1	0.0455143	0.010286	0.22659	0.105164	0.0112859	0.0695762	0.0405455	0.00782436	0.0410184	0.00715706	0.00375632	0.121677	0.00100876	0.0246865	0.0425947	0.158779	0.0628413	0.0124016	0.000997453	0.0062952
2	0.00253632	0.000589351	0.0027144	0.0013688	0.0305569	0.00138491	0.00102277	0.0329841	0.00155122	0.845679	0.032302	0.00178806	0.00237883	0.0036875	0.00169372	0.00811994	0.00296479	0.0257943	0.000319957	0.000563423
3	0.135349	0.00241207	0.103537	0.275283	0.00157949	0.0697646	0.0153266	0.00942873	0.0683664	0.0120395	0.00254984	0.0339469	0.0013954	0.0654345	0.0298182	0.0925417	0.0499819	0.0278754	0.000639744	0.00273069
4	0.10417	0.00378517	0.0567221	0.0985511	0.00078226	0.124622	0.0286072	0.00784017	0.11128	0.0255939	0.0188321	0.0419703	0.02777	0.122388	0.0997681	0.0839053	0.0369007	0.00233454	0.00331704	0.000859066
5	0.00446139	0.00123677	0.00212045	0.00252314	0.578487	0.00276241	0.0157061	0.0178713	0.00290838	0.0804511	0.00910138	0.0105856	0.00103852	0.00303239	0.00950362	0.0170407	0.00460356	0.010645	0.000570486	0.225351
6	0.0044484	0.000951633	0.00203661	0.00249371	0.580619	0.00279562	0.0153185	0.0157549	0.00291493	0.0826615	0.00913631	0.0110008	0.00125656	0.00301404	0.00976692	0.0171086	0.00474326	0.0101248	0.000531294	0.223323
7	0.0803485	0.00186809	0.088447	0.358374	0.00102506	0.0731085	0.0213435	0.00374543	0.078694	0.00704958	0.00295853	0.033653	0.00166068	0.0901576	0.0372208	0.0626784	0.0413833	0.0132186	0.000264863	0.0028003
8	0.0306536	0.00057553	0.173124	0.569103	0.000428754	0.0311008	0.0119028	0.00125335	0.0349256	0.00564686	0.00430072	0.0166844	0.00161625	0.0589439	0.0113852	0.0224691	0.0110818	0.0116998	0.000155436	0.00294898
9	0.0681425	0.00315455	0.00107773	0.00610843	0.012045	0.00730646	0.00167058	0.321306	0.00251439	0.0978787	0.0220789	0.00144982	0.000324109	0.00417427	0.0028763	0.0121233	0.0356151	0.397784	0.00118698	0.00118315
10	0.0781678	0.00176223	0.0899016	0.354467	0.00112074	0.0776583	0.0214261	0.00356814	0.0763803	0.00679963	0.00395684	0.0374052	0.00151156	0.0864416	0.0389538	0.0614624	0.0425584	0.0124984	0.000343417	0.00361696
11	0.253267	0.00483798	0.0997828	0.114888	0.00111218	0.0590686	0.00929692	0.0202741	0.0459426	0.0259862	0.00375398	0.0443288	0.00354045	0.0265129	0.0223483	0.140648	0.0666775	0.0525786	0.00153121	0.0036234
12	0.0416197	0.0045433	0.000303058	0.00292682	0.0167947	0.00455606	0.000326518	0.395017	0.00155339	0.127199	0.0257753	0.000482255	0.000156283	0.00288387	0.00163934	0.007483	0.0283089	0.33638	0.00128022	0.000770913
13	0.0201321	0.00224429	0.259415	0.0957668	0.0076226	0.0203659	0.0157776	0.00635295	0.130638	0.00755557	0.00387699	0.161519	0.0018636	0.0809036	0.0395948	0.078219	0.0427329	0.021544	0.000708673	0.00316686
14	0.189399	0.0124502	0.0282097	0.0210031	0.0261382	0.0816984	0.0109232	0.0517736	0.0193264	0.0751497	0.036627	0.0352587	0.00409351	0.0179516	0.0193059	0.13136	0.142797	0.0855061	0.00316043	0.00786777
15	0.00445043	0.00132259	0.0277565	0.00276024	0.0017198	0.00275494	0.49702	0.00323403	0.0102708	0.0189938	0.0100687	0.220432	0.00109196	0.0814439	0.0389548	0.0278403	0.0043009	0.0041077	0.000871558	0.0406049
16	0.0169508	0.000361331	0.212807	0.615881	0.000419862	0.0222737	0.00626585	0.00101926	0.0185783	0.00594762	0.00500792	0.0130583	0.00170961	0.0443368	0.00564691	0.0138278	0.00292285	0.0113536	0.000178459	0.00145354
17	0.0785884	0.00167121	0.0896552	0.378618	0.00102121	0.0694212	0.0217651	0.0033223	0.0768241	0.00670729	0.00267305	0.0334703	0.00153735	0.0860914	0.0334613	0.0599819	0.0386344	0.0134296	0.000239004	0.00288769
18	0.0652906	0.0258463	0.00174635	0.00225685	0.003123	0.0858112	0.00178289	0.0222195	0.0142054	0.0154528	0.00883261	0.0223581	0.00469875	0.00320439	0.022956	0.432802	0.231967	0.0185235	0.00118233	0.0157405
19	0.0234629	0.00382873	0.00980436	0.0168598	0.00114274	0.00904563	0.0130401	0.00682835	0.298853	0.0210794	0.0181806	0.0186905	0.00247843	0.0715511	0.435745	0.0154141	0.0226059	0.0091774	0.00152612	0.000685973
20	0.117465	0.0202875	0.0127115	0.00983737	0.0159683	0.0846881	0.00532181	0.0543421	0.0179494	0.0523139	0.0170956	0.0274059	0.00501874	0.00928354	0.0249784	0.272536	0.189182	0.0520953	0.00169865	0.00982163
21	0.154834	0.00175524	0.00727743	0.0201696	0.0047683	0.00697877	0.00535846	0.203907	0.011551	0.120162	0.034881	0.00843128	0.000936267	0.017058	0.0194152	0.0465596	0.0997128	0.233988	0.000839256	0.00141627
22	0.0248837	0.0060953	0.0117074	0.0130497	0.00899905	0.0133591	0.139904	0.0703935	0.0201373	0.038433	0.0215184	0.0194899	0.0886749	0.0631695	0.0198249	0.074723	0.19169	0.0631222	0.00328385	0.107541
23	0.0473747	0.00399629	0.162154	0.0881491	0.00699565	0.0578717	0.0288781	0.00545883	0.0895408	0.00667609	0.00532394	0.101279	0.00436275	0.0544823	0.0706668	0.169825	0.0761249	0.0146932	0.00165177	0.00449601
24	0.384663	0.00264722	0.00378989	0.00413736	0.0104072	0.0481703	0.0158403	0.00744326	0.0174766	0.0230288	0.00588063	0.00494743	0.143276	0.0149135	0.0158178	0.193628	0.0562078	0.0443755	0.000873255	0.00247555
25	0.11558	0.00366552	0.0587759	0.107697	0.00102526	0.118503	0.0259099	0.00742704	0.108319	0.0249004	0.0170137	0.042525	0.0303882	0.118984	0.0935907	0.0845504	0.0334593	0.00377938	0.00294303	0.00096371
26	0.263252	0.00541607	0.0952137	0.109402	0.00126445	0.0559262	0.00866409	0.0234251	0.0428976	0.0258209	0.00408343	0.0451046	0.00384563	0.0241494	0.0226537	0.139796	0.07039	0.0538698	0.00143658	0.0033887
27	0.022377	0.00135827	0.00427396	0.00643844	0.00891046	0.00509399	0.0147176	0.168741	0.00607523	0.211127	0.259179	0.00416699	0.00217438	0.00808366	0.00817688	0.00961705	0.0269215	0.229128	0.000545675	0.00289391
28	0.0151289	0.00207048	0.00741828	0.0139395	0.000493176	0.00924517	0.0137317	0.00582636	0.216933	0.017842	0.0141645	0.00929062	0.000451385	0.0581375	0.579828	0.0125169	0.0171277	0.00358055	0.00185112	0.000422535
29	0.187134	0.00262586	0.0973363	0.245268	0.00369528	0.0649283	0.0107982	0.00927232	0.0583426	0.015974	0.00257217	0.0323136	0.00330575	0.0510126	0.0260139	0.106087	0.0433829	0.0356393	0.00122949	0.00306804
30	0.0167232	0.00264995	0.00525273	0.00641928	0.00820066	0.00571424	0.0733476	0.266796	0.029743	0.2224	0.146951	0.00910618	0.00300983	0.0121122	0.0326957	0.0174556	0.0193656	0.0917188	0.000968419	0.0293706
31	0.0145876	0.00241289	0.00732374	0.0132267	0.000580425	0.00960612	0.015062	0.0058942	0.210785	0.0184247	0.0153202	0.00941409	0.00061458	0.059476	0.581225	0.0138579	0.0162053	0.00353797	0.00198816	0.000457629
32	0.250318	0.00475671	0.100636	0.114915	0.00116636	0.0595507	0.00973647	0.020253	0.0466767	0.0259981	0.00386379	0.0444436	0.00345032	0.0268931	0.0224631	0.140915	0.066906	0.0520779	0.00148909	0.00349243
33	0.0144518	0.00219909	0.00828221	0.0148859	0.000542336	0.0102241	0.0162691	0.0056582	0.210495	0.0187158	0.014629	0.0105009	0.000502262	0.0585865	0.577155	0.0137479	0.0172515	0.00355435	0.00186729	0.000481497
34	0.0515666	0.00389391	0.0034521	0.00584283	0.0148286	0.00879115	0.00532977	0.270129	0.00572199	0.197189	0.152049	0.00471856	0.00159999	0.00953087	0.00906173	0.0120343	0.0311344	0.210109	0.000969621	0.00204845
35	0.0193809	0.00163899	0.359003	0.134726	0.00204261	0.0152416	0.0212235	0.00467078	0.0250829	0.00823842	0.00333869	0.216762	0.00109354	0.0499301	0.0117204	0.0611438	0.0377744	0.0230429	0.000475663	0.0034695
36	0.230425	0.00487932	0.0588591	0.0668752	0.00790575	0.0732924	0.0140425	0.0304511	0.0411384	0.0423793	0.0178043	0.0568862	0.00296428	0.0309156	0.0236622	0.140474	0.0923734	0.0585066	0.00184816	0.00431651
37	0.0381505	0.00208962	0.32224	0.162867	0.00214798	0.0286876	0.0393069	0.00906688	0.0435933	0.0169947	0.00563997	0.123318	0.00151042	0.0509269	0.0182095	0.0670864	0.0396685	0.0228294	0.000521927	0.00514554
38	0.0528792	0.00454658	0.000600201	0.0046542	0.0143076	0.00537938	0.00075985	0.378565	0.00193323	0.114236	0.0319325	0.000853555	0.000241795	0.00516189	0.00221728	0.00925378	0.033382	0.336957	0.00127829	0.000861388
39	0.235566	0.00562266	0.0746311	0.0826966	0.00684127	0.0651935	0.0113702	0.0319964	0.0376292	0.04031	0.0135221	0.0488078	0.00310319	0.0250031	0.0219735	0.136212	0.0900105	0.0637388	0.0016656	0.00410678
40	0.095813	0.00282932	0.00221305	0.0108308	0.0107315	0.0216926	0.00236143	0.225777	0.0036783	0.0854169	0.0217085	0.00391266	0.000814554	0.00520333	0.0039032	0.0199285	0.0343455	0.446321	0.000995071	0.00152383
41	0.0164498	0.0037863	0.00590523	0.00867311	0.0312347	0.0389763	0.00824689	0.041191	0.064028	0.357945	0.00951679	0.0348414	0.00391213	0.0795868	0.0148562	0.115045	0.118355	0.0409009	0.0022831	0.00426676
42	0.024877	0.0105819	0.0133308	0.0277498	0.00170647	0.0164151	0.00812062	0.0138239	0.284632	0.0175121	0.0212666	0.0321211	0.00221537	0.0332489	0.372754	0.0268597	0.0542911	0.0356637	0.00113973	0.0016893
43	0.0543963	0.00152522	0.0034916	0.00480441	0.0313601	0.00679137	0.0225367	0.109914	0.20313	0.0874735	0.0170664	0.0380957	0.00752053	0.0283174	0.145246	0.0377094	0.107497	0.0794924	0.00627128	0.00736053
44	0.578711	0.00182326	0.00386785	0.012686	0.00204309	0.0333402	0.00909419	0.0136962	0.00891257	0.00680702	0.0122004	0.00688236	0.00598334	0.00467676	0.00868087	0.139406	0.100057	0.0485069	0.00108143	0.0015429
45	0.0168776	0.00594395	0.00707065	0.0112589	0.00102409	0.00848471	0.033649	0.00546976	0.197123	0.0381897	0.0277833	0.0174226	0.000995449	0.0744912	0.51363	0.0162384	0.0143724	0.00730501	0.00163708	0.00103277
46	0.175795	0.0116501	0.027346	0.0199766	0.0301185	0.0809707	0.0113465	0.0548349	0.0231069	0.076463	0.0449881	0.0373344	0.00356472	0.0181086	0.0192449	0.125297	0.139237	0.0883393	0.00424309	0.00803458
47	0.0401149	0.00502152	0.000302969	0.00294549	0.016429	0.00453358	0.000289342	0.401974	0.00158453	0.126161	0.0274765	0.000441458	0.000143787	0.0030503	0.00166758	0.00752708	0.0289405	0.329347	0.00131671	0.000732468
48	0.018456	0.00273465	0.0108014	0.0160438	0.000831754	0.00820396	0.0127052	0.00806767	0.311396	0.0179907	0.0174669	0.0200566	0.00229858	0.058643	0.442725	0.0153147	0.023876	0.0100505	0.00154514	0.000793497
49	0.188834	0.0117627	0.027281	0.0204539	0.0261161	0.0832274	0.0111716	0.0510166	0.0189115	0.0740972	0.0365768	0.0343597	0.00376581	0.0181806	0.0198095	0.1309	0.145969	0.08706	0.00312557	0.00738074
50	0.0303073	0.00279895	0.019208	0.0304429	0.000871901	0.00496937	0.00818833	0.0115102	0.296214	0.0217753	0.03294	0.0507722	0.0023341	0.0438854	0.345766	0.021128	0.0486554	0.0267552	0.000559621	0.000917836
51	0.00248968	0.000563334	0.00286849	0.00130901	0.0272412	0.00134951	0.000968295	0.0359825	0.00148589	0.848475	0.0293315	0.00175481	0.00259512	0.00383759	0.00161946	0.00774795	0.00299494	0.0265037	0.000307189	0.000575119
52	0.0604082	0.000937994	0.129819	0.471491	0.000979569	0.0496822	0.014481	0.0023782	0.0543732	0.00612352	0.00325285	0.0244907	0.00175272	0.074202	0.021132	0.0422358	0.0241425	0.015494	0.000204	0.00242013
53	0.257364	0.00479377	0.0993814	0.120231	0.00136481	0.0584124	0.00859799	0.0197115	0.0443347	0.0254729	0.00347358	0.0426599	0.0033996	0.0265297	0.0222111	0.140619	0.0648513	0.0513005	0.00166768	0.0036229
54	0.0137945	0.000844188	0.00181525	0.00189931	0.0123582	0.00377137	0.00905977	0.200788	0.00401838	0.332067	0.241947	0.00367976	0.0029468	0.00945864	0.00701543	0.00896012	0.0187083	0.123483	0.000384624	0.00300013
55	0.0372692	0.00272439	0.354838	0.194153	0.0031283	0.0368598	0.0290506	0.00706067	0.0372026	0.0095972	0.00339939	0.103135	0.00094412	0.0373617	0.0171965	0.0727013	0.0324784	0.0155757	0.000425702	0.004898
56	0.014669	0.00195564	0.00745938	0.0137922	0.000489906	0.00931383	0.0135629	0.00584114	0.218067	0.017647	0.0135032	0.00847029	0.000398095	0.0578829	0.582534	0.0123473	0.0166131	0.00322087	0.00182621	0.000406289
57	0.257867	0.00498395	0.0992243	0.116904	0.00113442	0.0570813	0.00862594	0.0204181	0.0438598	0.0252804	0.0034991	0.0435748	0.00344011	0.0259249	0.0224717	0.143372	0.06566	0.0514492	0.00162142	0.00360697
58	0.0546128	0.00424518	0.150286	0.094262	0.00716222	0.0315012	0.0322147	0.0142796	0.0380998	0.0160363	0.0073102	0.25982	0.00294031	0.0434566	0.0315491	0.128822	0.0529152	0.0237183	0.00167947	0.00508865
59	0.150617	0.001352	0.0168351	0.0318344	0.00204185	0.00293274	0.0118199	0.181183	0.0291113	0.194221	0.0515626	0.0179792	0.00112091	0.0341815	0.0561705	0.0419397	0.0432917	0.129355	0.000705228	0.00174532
60	0.261033	0.00558203	0.0976903	0.110882	0.00100332	0.0559949	0.00863648	0.0228339	0.0430537	0.0256561	0.00373307	0.0454255	0.00355701	0.0244383	0.0230099	0.140536	0.0685817	0.05363	0.00141998	0.00330268
61	0.0395419	0.00299126	0.00539348	0.00932327	0.0267137	0.00716604	0.104224	0.0327118	0.0315826	0.0126392	0.00882955	0.322678	0.00260767	0.0720893	0.00980038	0.260018	0.0348889	0.0116224	0.00162022	0.00355834
62	0.0450396	0.0328646	0.00630528	0.0245663	0.00864155	0.0117757	0.0182349	0.00819575	0.131343	0.0737549	0.0412555	0.0130573	0.00326689	0.127891	0.400306	0.0196946	0.0171973	0.0118714	0.00258006	0.00215801
63	0.255788	0.00559438	0.099077	0.111778	0.00108783	0.0574362	0.00899711	0.0220685	0.0438219	0.025958	0.00391368	0.045899	0.00347785	0.0250795	0.0230747	0.141018	0.0679538	0.0531602	0.00143246	0.00338431
64	0.0148254	0.518396	0.00236383	0.00266826	0.105585	0.00306549	0.00250243	0.0220882	0.00403774	0.0971484	0.016821	0.00298165	0.000949163	0.0126326	0.0137482	0.0431621	0.0240711	0.0233665	0.0387702	0.0508161
65	0.0970092	0.00388708	0.0564207	0.176765	0.000887762	0.123676	0.0306586	0.00663064	0.0999127	0.0184928	0.0126508	0.0363806	0.0179287	0.11277	0.0842855	0.0756103	0.0373857	0.00496614	0.00224725	0.00143524
66	0.187946	0.00375526	0.0515786	0.211999	0.00342439	0.0519323	0.0146642	0.00893663	0.0720684	0.0189451	0.0132216	0.0249531	0.0584704	0.129505	0.0435294	0.065733	0.0209935	0.0121113	0.00298634	0.00324696
67	0.134273	0.0130958	0.0658374	0.0815559	0.00453917	0.299503	0.012452	0.0200978	0.0340824	0.0286284	0.00856725	0.0344813	0.0126136	0.0317591	0.0274165	0.107525	0.0441105	0.0341744	0.00194023	0.00334754
68	0.0657245	0.0247316	0.00186822	0.00225938	0.00334267	0.0812017	0.0019377	0.0242098	0.0140976	0.016253	0.00861521	0.0205275	0.00516264	0.00342846	0.0216084	0.435012	0.233811	0.0183894	0.00129479	0.0165243
69	0.116435	0.0259579	0.00248106	0.00284699	0.00632143	0.0713428	0.00343255	0.026007	0.0171028	0.0340647	0.00672577	0.0144812	0.0556151	0.00527613	0.0159196	0.394254	0.157036	0.0269978	0.00159046	0.0161117
70	0.106666	0.00150516	0.00244789	0.0214844	0.00165358	0.00409267	0.00293099	0.16247	0.0093605	0.0309713	0.0419168	0.00359142	0.000990026	0.0218188	0.00449583	0.103695	0.261808	0.215188	0.000683793	0.0022295
71	0.0310039	0.00516366	0.391398	0.0952254	0.00619973	0.0200175	0.0491234	0.0145191	0.0249699	0.0169243	0.010864	0.0606943	0.00419159	0.0245723	0.0204667	0.0662434	0.0719116	0.0201504	0.00196113	0.0643998
72	0.0139874	0.00435646	0.00635368	0.0114068	0.000907741	0.0101548	0.0164618	0.00522102	0.166163	0.0206244	0.0168926	0.0093044	0.000724456	0.0568774	0.626128	0.0128559	0.0138438	0.00403541	0.00302577	0.000675193
73	0.0969138	0.00483494	0.00681007	0.0159694	0.00494973	0.0137568	0.00783453	0.117645	0.0140953	0.0201743	0.0559404	0.0155056	0.00354922	0.0865601	0.0110604	0.125193	0.318217	0.0731731	0.00216426	0.00565314
74	0.0145186	0.00385602	0.00734202	0.012114	0.0011172	0.0108391	0.0157732	0.00574594	0.167633	0.0178915	0.0153093	0.00982566	0.00074869	0.0538857	0.624137	0.0140814	0.0162492	0.00456051	0.00355963	0.000811825
75	0.0717846	0.00132558	0.00246854	0.0198901	0.00179743	0.00352219	0.00275503	0.141504	0.014645	0.0125139	0.0878132	0.00437077	0.00130965	0.0200124	0.0047139	0.124485	0.331263	0.150183	0.00070117	0.00294186
76	0.214176	0.00530909	0.00397817	0.00527769	0.00355697	0.0357555	0.00694452	0.00976476	0.010138	0.0109982	0.00819296	0.0609179	0.00518208	0.0231391	0.0118252	0.389835	0.137147	0.0388014	0.0143906	0.00466925
77	0.0331216	0.00375942	0.000688503	0.00259976	0.0150247	0.00603752	0.002992	0.327771	0.00218861	0.188773	0.100195	0.00167824	0.00137855	0.00764906	0.00327483	0.00866241	0.0271533	0.264494	0.00117558	0.00138281
78	0.0650358	0.00731582	0.0136491	0.0170239	0.0137261	0.0235644	0.06088	0.049573	0.0318379	0.144594	0.0350812	0.0320499	0.00916072	0.0296113	0.0289798	0.0907719	0.237576	0.0933815	0.00271826	0.0134694
79	0.157924	0.0309662	0.0102154	0.0217616	0.00915952	0.077485	0.00626412	0.123047	0.010165	0.0504638	0.0267365	0.138587	0.00244089	0.0245237	0.0113129	0.167337	0.0719628	0.053905	0.00163758	0.00410437
80	0.0729652	0.0249685	0.00182709	0.00366787	0.0032741	0.109743	0.00244774	0.0200884	0.0162045	0.0157426	0.00760948	0.0340025	0.00518882	0.0042184	0.0272325	0.405317	0.214187	0.0177309	0.00135217	0.0122327
81	0.00874859	0.000661024	0.00222323	0.00150639	0.0175478	0.00314143	0.0042328	0.111453	0.00258945	0.591861	0.129734	0.0031838	0.00506537	0.0104141	0.00376935	0.0105181	0.0107112	0.0810977	0.000286863	0.00125553
82	0.065916	0.00413702	0.00776976	0.0136021	0.00917517	0.0296042	0.0131022	0.0725232	0.215511	0.0292641	0.017426	0.0335561	0.00365236	0.0239575	0.282069	0.0296997	0.107594	0.0346692	0.0024701	0.00430142
83	0.0662618	0.0030093	0.00565457	0.00841745	0.00657709	0.00955303	0.00843593	0.0984247	0.218852	0.0206154	0.0776882	0.136755	0.00282633	0.0105234	0.0800277	0.0648896	0.118739	0.0566005	0.00176347	0.00438551
84	0.0336006	0.00254521	0.0300508	0.0337089	0.00325983	0.0159441	0.0245516	0.010621	0.31265	0.0214611	0.0210582	0.0710266	0.0099245	0.059997	0.241789	0.0332412	0.0489624	0.020917	0.000821078	0.00386958
85	0.00253632	0.000589351	0.0027144	0.0013688	0.0305569	0.00138491	0.00102277	0.0329841	0.00155122	0.845679	0.032302	0.00178806	0.00237883	0.0036875	0.00169372	0.00811994	0.00296479	0.0257943	0.000319957	0.000563423
86	0.0148721	0.00420123	0.00627306	0.0111933	0.00067863	0.00942767	0.0224775	0.0054323	0.193707	0.0257598	0.0244743	0.0113208	0.000655927	0.0648677	0.568343	0.0155482	0.0138036	0.00468078	0.0017768	0.000506768
87	0.0140872	0.000344898	0.260645	0.57662	0.000441421	0.0184428	0.00508371	0.00104415	0.0172718	0.00555375	0.00713493	0.0115975	0.00157157	0.0432471	0.0065539	0.011131	0.00293043	0.014457	0.000206857	0.00163527
88	0.14377	0.00121731	0.0162543	0.0307147	0.00209155	0.00302374	0.0132427	0.179614	0.0305556	0.196012	0.0554912	0.0205162	0.0010915	0.0329763	0.0559363	0.0427461	0.0451433	0.127071	0.000750143	0.00178135
89	0.0433019	0.00800327	0.0118341	0.0150443	0.0130988	0.0165795	0.0242866	0.164144	0.0217639	0.0668793	0.201752	0.0172817	0.00842856	0.0258979	0.0209446	0.0488729	0.164148	0.0692932	0.00345109	0.054995
90	0.165633	0.00412265	0.154772	0.119323	0.00249077	0.0610435	0.0257847	0.0387148	0.0489876	0.0303144	0.0107024	0.0757036	0.00251926	0.0324616	0.0178233	0.111098	0.0566704	0.0378572	0.00109525	0.00288201
91	0.0616136	0.00135062	0.19172	0.363849	0.00121387	0.0619934	0.019308	0.00388723	0.0545499	0.00631852	0.00313792	0.0422974	0.00070992	0.0659325	0.0234847	0.0541871	0.0268912	0.0150728	0.000279014	0.00220287
92	0.00448414	0.00090399	0.00204625	0.00245622	0.581295	0.00274973	0.0155185	0.015862	0.00291535	0.0813388	0.00913783	0.010599	0.00108992	0.00297695	0.0093759	0.0171612	0.00449783	0.0101996	0.000533795	0.224858
93	0.258286	0.00558075	0.0981018	0.110844	0.000993983	0.0567353	0.00877249	0.022575	0.0433117	0.0259034	0.00390215	0.0459328	0.00353211	0.024605	0.0231564	0.141078	0.0682604	0.0536991	0.00141486	0.00331462
94	0.0232234	0.00323572	0.0068788	0.00321056	0.0249349	0.00635732	0.00242468	0.129449	0.00349391	0.643358	0.0327371	0.00276544	0.00176593	0.00444687	0.00490442	0.00978142	0.0106279	0.0831388	0.000886316	0.00237976
95	0.01372	0.00422068	0.00664823	0.0110033	0.000914158	0.0106595	0.0167812	0.00537348	0.166387	0.0192195	0.0164491	0.0121018	0.000714578	0.0520782	0.625108	0.0148587	0.014764	0.00466446	0.00346323	0.000871658
96	0.0915141	0.00186995	0.0904545	0.348387	0.0011343	0.0713005	0.0197535	0.00469903	0.0744386	0.00757892	0.00267839	0.0336111	0.000953192	0.0850563	0.0348929	0.0679477	0.044483	0.016178	0.000299171	0.00277007
97	0.0316971	0.00315893	0.018649	0.0309346	0.000866492	0.00514357	0.00741085	0.0124479	0.307979	0.0214936	0.0318418	0.0521249	0.00240847	0.0420288	0.325603	0.0227308	0.0526712	0.0293755	0.000503323	0.000930883
98	0.0157342	0.000264328	0.210181	0.627677	0.000325265	0.0211272	0.00541615	0.000742078	0.0177001	0.00556544	0.00509813	0.0113331	0.00165715	0.0441293	0.00543655	0.0120309	0.00273673	0.0112504	0.0001334	0.00146144
99	0.00515612	0.00148182	0.0265195	0.00297541	0.00192943	0.00311659	0.497857	0.00653902	0.0112561	0.0261147	0.0105573	0.177455	0.00169811	0.0853897	0.0392693	0.0274501	0.00701915	0.00488897	0.000803286	0.062523
100	0.0134127	0.00195815	0.00709267	0.0131107	0.000468554	0.0101813	0.0144604	0.00603248	0.217025	0.0171585	0.0139235	0.00795126	0.00043981	0.0566689	0.586392	0.0125518	0.0158606	0.00301755	0.00186394	0.000430447
101	0.0154895	0.000264935	0.21106	0.628095	0.000328942	0.02104	0.00536632	0.000724648	0.0174873	0.00557188	0.00512472	0.011275	0.00165659	0.043921	0.0053354	0.0118322	0.00262582	0.0112103	0.000133104	0.0014582
102	0.144184	0.0352527	0.0308604	0.0163561	0.0222546	0.115455	0.00885635	0.0570382	0.0171438	0.0703966	0.0495172	0.0262244	0.00382861	0.0252239	0.016869	0.109542	0.151003	0.0900649	0.00337401	0.00655452
103	0.0416792	0.00467765	0.000329664	0.00275884	0.0178071	0.00555679	0.000312519	0.390545	0.00149303	0.14324	0.0265667	0.000478714	0.000140135	0.00285818	0.00161728	0.00747782	0.0281833	0.321956	0.0014785	0.000843982
104	0.0903565	0.00398331	0.0691167	0.271151	0.000830497	0.0972652	0.026691	0.00629547	0.0843901	0.0122967	0.00757553	0.0347989	0.0104646	0.106694	0.0606054	0.0664094	0.0394025	0.0085181	0.00113026	0.00202429
105	0.0136036	0.00301255	0.00821268	0.0123469	0.000895515	0.0143765	0.0201213	0.0061851	0.176184	0.018441	0.0162649	0.0135596	0.000850075	0.0532739	0.600885	0.0175716	0.0162238	0.00415083	0.0027155	0.00112484
106	0.0255375	0.00550752	0.00769277	0.0138761	0.00153574	0.00804813	0.0166595	0.00602495	0.205919	0.0354885	0.0385999	0.0171888	0.00107454	0.0619896	0.504661	0.0160466	0.0182653	0.0134889	0.00163792	0.000757458
107	0.00696493	0.0685991	0.0163858	0.0039784	0.179707	0.00440374	0.00332326	0.352952	0.00579092	0.0466715	0.0167971	0.00492342	0.0013357	0.00505539	0.0052768	0.00863132	0.0078529	0.136263	0.0236513	0.101435
108	0.00467272	0.000984948	0.00204597	0.0026562	0.495938	0.00285789	0.0235282	0.0208503	0.00317087	0.072487	0.0120194	0.00950413	0.00116778	0.00328079	0.0118822	0.021744	0.00466192	0.0129842	0.000584958	0.292978
109	0.155638	0.0056519	0.00752555	0.0109917	0.00625897	0.0185528	0.0127174	0.0168893	0.0129309	0.0455361	0.0154856	0.154604	0.0315789	0.0179169	0.0184713	0.0754005	0.351544	0.0345515	0.00276446	0.004991
110	0.109096	0.00215424	0.00411441	0.0249889	0.0057979	0.0115643	0.00422132	0.187823	0.00639511	0.0726059	0.04492	0.00453168	0.000886825	0.00843701	0.00770986	0.0240934	0.0593021	0.419043	0.000837347	0.00147825
111	0.138915	0.0074639	0.0289079	0.0561523	0.00862059	0.0400229	0.0128397	0.0955325	0.0373753	0.0446951	0.026023	0.071092	0.00519605	0.0255778	0.0545024	0.115068	0.167532	0.0559926	0.00204867	0.00644295
112	0.06766	0.0286377	0.0119449	0.0264249	0.00419421	0.526962	0.0071682	0.0267659	0.0121937	0.03931	0.00757415	0.0189504	0.0418721	0.0151274	0.0156696	0.0975928	0.0152764	0.0317714	0.00151863	0.00338508
113	0.0792137	0.00170244	0.0906463	0.367601	0.00106259	0.0711701	0.0207921	0.003508	0.0770855	0.00636191	0.00260773	0.0338004	0.000648213	0.0876571	0.0349418	0.0621814	0.0420813	0.0138411	0.000199256	0.00289838
114	0.0592784	0.00138188	0.0344938	0.0617315	0.00235383	0.00308353	0.145645	0.0101319	0.129173	0.0721987	0.0184917	0.0868322	0.0106397	0.123563	0.0882821	0.0590119	0.0293498	0.0415038	0.000673087	0.0221815
115	0.268618	0.00347228	0.0294629	0.00812602	0.00565112	0.0129652	0.00751801	0.0098615	0.0103189	0.014106	0.00868883	0.0100299	0.48256	0.01044	0.0104765	0.0282907	0.0147476	0.0588195	0.00183703	0.00400999
116	0.0547596	0.0042989	0.177788	0.0874262	0.00427234	0.0438325	0.0417597	0.00352167	0.0415078	0.0039642	0.00271154	0.109433	0.000788927	0.0301987	0.0470339	0.209424	0.113381	0.0147635	0.000791591	0.00834256
117	0.0155342	0.000261187	0.210597	0.62858	0.000323162	0.0209666	0.00537844	0.000727379	0.0174848	0.00557059	0.00510285	0.0112365	0.00165872	0.0439864	0.00529661	0.0118509	0.00262478	0.0112239	0.000132551	0.00146381
118	0.0814737	0.00153527	0.0944307	0.372384	0.00117667	0.069005	0.0199095	0.0035136	0.0749838	0.0068135	0.00246878	0.033027	0.00083831	0.084649	0.0329841	0.0627894	0.0403971	0.0146083	0.000225328	0.00278681
119	0.0668563	0.00844487	0.0415352	0.0406465	0.0267834	0.0124812	0.00511782	0.0337573	0.0279924	0.0667257	0.275831	0.00696313	0.00206284	0.00724639	0.0357718	0.0117025	0.127998	0.197392	0.00128145	0.00340973
120	0.0401149	0.00502152	0.000302969	0.00294549	0.016429	0.00453358	0.000289342	0.401974	0.00158453	0.126161	0.0274765	0.000441458	0.000143787	0.0030503	0.00166758	0.00752708	0.0289405	0.329347	0.00131671	0.000732468
121	0.0130474	0.00082873	0.35636	0.460669	0.000786009	0.0154087	0.00836356	0.00178532	0.0153991	0.00602247	0.00609001	0.0315295	0.00145746	0.0353509	0.00602962	0.0151646	0.00709613	0.013778	0.000296894	0.00453701
122	0.0309441	0.000993535	0.0197323	0.0330278	0.00829399	0.0166642	0.0765704	0.0107289	0.172428	0.0227374	0.00983164	0.150324	0.00291417	0.049384	0.237564	0.058328	0.0721001	0.0124693	0.000593355	0.0143712
123	0.0145283	0.000890967	0.00177157	0.00191553	0.0122458	0.00364563	0.0106461	0.221687	0.00450954	0.267989	0.268946	0.00364194	0.00247035	0.0088496	0.00812882	0.0092936	0.0170345	0.138122	0.000426249	0.00325847
124	0.0399147	0.00499122	0.000302948	0.00293469	0.016317	0.00450731	0.000329552	0.401485	0.00159851	0.127659	0.029117	0.000454002	0.000173758	0.00309293	0.0017275	0.00749852	0.0287736	0.327061	0.00131856	0.000743801
125	0.264117	0.00444124	0.0972272	0.130207	0.0024267	0.0491144	0.00809102	0.0175447	0.0390117	0.0268093	0.00444137	0.0361995	0.00501487	0.0320063	0.0249796	0.139197	0.0598847	0.0439153	0.00709733	0.00827399
126	0.0488384	0.0393672	0.0067724	0.0240748	0.00299435	0.469805	0.00457664	0.0293257	0.00771279	0.0461586	0.00579822	0.0260815	0.028796	0.00661807	0.00931204	0.190745	0.0162691	0.0324653	0.00125356	0.00303508
127	0.0269019	0.000598345	0.193277	0.597442	0.000712366	0.0253078	0.00666138	0.00147187	0.0221617	0.00734328	0.00501577	0.013511	0.00325888	0.0483863	0.00703251	0.019029	0.00595065	0.01396	0.000280672	0.00169731
128	0.0220011	0.022051	0.00855929	0.0339679	0.00366861	0.0581571	0.00790878	0.0112353	0.0214801	0.0297348	0.00610898	0.108112	0.0029846	0.0434144	0.0769431	0.196572	0.314159	0.0286317	0.0013202	0.00299131
129	0.0245335	0.00199584	0.00270434	0.00277247	0.021584	0.00702916	0.0115966	0.246916	0.00613633	0.290363	0.17827	0.00364697	0.00187796	0.00764284	0.0140085	0.0142164	0.0173322	0.142396	0.00090957	0.00406828
130	0.0632189	0.00836558	0.0411766	0.0179958	0.115805	0.0138168	0.00731503	0.0231167	0.0168173	0.108877	0.272369	0.0101128	0.00263126	0.0110511	0.0692238	0.0159783	0.0552108	0.140609	0.00189962	0.00441038
131	0.0797916	0.0092616	0.0261138	0.0848215	0.00186282	0.0816421	0.0250769	0.0102395	0.0989524	0.0351431	0.0124768	0.0224337	0.0234449	0.295902	0.0994697	0.0561462	0.0311188	0.00289076	0.00200874	0.00120346
132	0.0307203	0.00294046	0.0200778	0.0317159	0.000889993	0.0049887	0.00758519	0.0120029	0.299578	0.0211661	0.0323937	0.0515399	0.00238906	0.0425894	0.338131	0.0214449	0.0498668	0.0284772	0.000557951	0.000945733
133	0.109243	0.00540766	0.047558	0.107083	0.00267122	0.104687	0.0260377	0.0089293	0.110409	0.0337758	0.0166385	0.0416572	0.0237946	0.144792	0.0982043	0.0732594	0.0348262	0.00671075	0.00256845	0.00174774
134	0.0411575	0.00497305	0.000598472	0.00342629	0.0191963	0.00729357	0.000775049	0.378673	0.00163769	0.147393	0.0394135	0.000677544	0.000390842	0.00431769	0.00178771	0.00757609	0.0285666	0.309652	0.00153717	0.000956627
135	0.120646	0.0111767	0.00731632	0.119073	0.0549821	0.0106855	0.00929875	0.011641	0.0778034	0.172762	0.0685815	0.0115318	0.00437612	0.153103	0.0811787	0.0206799	0.043509	0.0154894	0.00179488	0.00437121
136	0.169088	0.00143067	0.0153032	0.0390668	0.00496493	0.0246454	0.0784325	0.0145103	0.0510136	0.0553829	0.0555842	0.108502	0.00319601	0.0973893	0.0450999	0.116612	0.0469413	0.0643545	0.000865226	0.00761739
137	0.0213151	0.000384781	0.200218	0.604101	0.000423542	0.0257511	0.00670539	0.000904886	0.0229723	0.00572814	0.00484106	0.0135696	0.00160284	0.0471112	0.00828173	0.0163321	0.0059898	0.0120883	0.000147332	0.00153126
138	0.126126	0.00474418	0.0265521	0.0217784	0.00839055	0.0225187	0.0105506	0.148846	0.0223562	0.158344	0.048708	0.0569804	0.00222366	0.0231124	0.0346393	0.0735428	0.0834736	0.121973	0.00146403	0.00367687
139	0.0555133	0.00881579	0.0165123	0.0635948	0.00322877	0.0587037	0.0284107	0.0197081	0.0858171	0.0500816	0.0144309	0.0188813	0.0233128	0.333999	0.131158	0.0414948	0.0349079	0.00749086	0.0019158	0.00202331
140	0.0163065	0.000380195	0.231591	0.59378	0.000784349	0.0200837	0.00610382	0.00134687	0.0178271	0.00607251	0.00756408	0.0138853	0.00168957	0.0435591	0.00607427	0.0125697	0.00371388	0.0146336	0.000191385	0.00184325
141	0.0149945	0.00462316	0.00717554	0.0126795	0.00132357	0.0102532	0.0148785	0.00723397	0.170534	0.0194749	0.0158389	0.0108384	0.00119782	0.051516	0.611135	0.0142343	0.0170385	0.00685903	0.00709837	0.00107294
142	0.00436965	0.00121369	0.0292541	0.00238918	0.00146213	0.00253751	0.51866	0.00303176	0.0110035	0.0198576	0.00981113	0.185627	0.00116425	0.0886121	0.0422502	0.0271421	0.00432965	0.00395339	0.00074559	0.0425851
143	0.0602613	0.00300891	0.172802	0.295849	0.00299155	0.0835068	0.0216589	0.0047649	0.061892	0.00762687	0.00460966	0.0614937	0.0026078	0.0605634	0.0416277	0.0657984	0.0323595	0.0123983	0.000641984	0.00353664
144	0.563089	0.00226889	0.00603535	0.0171715	0.00362005	0.0373799	0.00828313	0.0189187	0.00846328	0.0105931	0.0159159	0.00615363	0.00426226	0.00522788	0.0083782	0.117758	0.110658	0.0534587	0.000741591	0.00162176
145	0.0243291	0.00107725	0.00224954	0.00457434	0.00947464	0.00385122	0.0108599	0.194155	0.00466832	0.229366	0.257891	0.00355074	0.00228587	0.00863918	0.00722035	0.00892008	0.0199579	0.203889	0.000449853	0.00259095
146	0.041607	0.00467918	0.0127806	0.0194631	0.00200675	0.0049612	0.0094173	0.0119575	0.28586	0.0483231	0.0620491	0.0426125	0.00214503	0.0457141	0.298707	0.0255485	0.0355835	0.0444611	0.000835491	0.00128847
147	0.0155342	0.000261187	0.210597	0.62858	0.000323162	0.0209666	0.00537844	0.000727379	0.0174848	0.00557059	0.00510285	0.0112365	0.00165872	0.0439864	0.00529661	0.0118509	0.00262478	0.0112239	0.000132551	0.00146381
148	0.016361	0.00145761	0.00162679	0.00197747	0.0116403	0.00348165	0.0102758	0.244054	0.00407056	0.250993	0.248071	0.00305421	0.00227952	0.00801704	0.00760985	0.00889416	0.0177053	0.154817	0.000450296	0.00316369
149	0.0648386	0.00272423	0.0971582	0.346881	0.00192638	0.0543274	0.0189737	0.00522936	0.0843997	0.0136724	0.00779766	0.0308362	0.00513674	0.122845	0.0483644	0.0474888	0.02975	0.0137254	0.000569443	0.00335464
150	0.0141313	0.00193671	0.00745189	0.0137046	0.000484909	0.00949349	0.0135028	0.00605699	0.221143	0.01696	0.013004	0.00841639	0.000432131	0.0571406	0.581548	0.0123444	0.0166877	0.00326344	0.00188516	0.000413271
151	0.00942995	0.0122733	0.013612	0.00446234	0.00236857	0.0962953	0.017053	0.00544973	0.088161	0.00719579	0.00460023	0.177038	0.0019208	0.0063119	0.0840414	0.438286	0.021704	0.00675897	0.000749845	0.00228801
152	0.00670034	0.000872229	0.00253975	0.00132728	0.0293131	0.00266246	0.00196517	0.0595991	0.00193546	0.774388	0.0496606	0.00199805	0.00249847	0.004532	0.00224275	0.00842827	0.00537696	0.0427136	0.000417207	0.000829052
153	0.0121157	0.00152682	0.042339	0.0240919	0.00226237	0.0147694	0.0383051	0.0852353	0.0901537	0.17942	0.120831	0.075359	0.00208905	0.0972555	0.0900783	0.00966938	0.0492609	0.0621633	0.000971156	0.00210341
154	0.0157445	0.000262167	0.209902	0.628382	0.000322173	0.0209384	0.00546464	0.000724957	0.0176666	0.00558131	0.00512283	0.0112357	0.00169906	0.0442398	0.0053444	0.0118871	0.00264516	0.0112295	0.000135331	0.00147228
155	0.00700013	0.00110483	0.0029182	0.00137806	0.0261785	0.00322405	0.00107227	0.0579013	0.00198756	0.796428	0.0299572	0.00199666	0.00238485	0.00366339	0.00199397	0.010602	0.00598808	0.0430353	0.000413749	0.000772239
156	0.00479143	0.00118055	0.0289764	0.00303332	0.00144969	0.00273664	0.52005	0.00334055	0.0134608	0.0198277	0.00983307	0.17666	0.00126244	0.094907	0.0422999	0.0265157	0.00455496	0.0045542	0.000746072	0.039819
157	0.160812	0.00382244	0.027405	0.0709837	0.00550622	0.0474238	0.0304324	0.0176829	0.0469177	0.0303775	0.038341	0.0741674	0.00891198	0.208275	0.039921	0.100432	0.0448222	0.0373905	0.00199805	0.00437774
158	0.0400828	0.00501241	0.000303072	0.00294582	0.0164142	0.00454023	0.00029861	0.401847	0.00159109	0.126242	0.0276659	0.000440431	0.000145071	0.00305293	0.00166584	0.00752856	0.0289611	0.329212	0.00131671	0.00073402
159	0.00446951	0.000930177	0.00205061	0.00246678	0.581899	0.0027497	0.0154434	0.0157952	0.0029198	0.0814888	0.00911005	0.0108103	0.00104253	0.00299675	0.00939867	0.0170137	0.00455374	0.0101157	0.000530135	0.224215
160	0.0277511	0.00251271	0.00556558	0.00583119	0.00837546	0.0198678	0.00621461	0.0746394	0.00813037	0.364899	0.257839	0.0215477	0.00322106	0.041233	0.0100899	0.0117478	0.0454002	0.0814918	0.000962632	0.00267915
161	0.0211969	0.00266974	0.461349	0.1592	0.00338427	0.0157891	0.0247844	0.00734013	0.0223856	0.0115397	0.00621651	0.108684	0.00264438	0.0331125	0.0128082	0.0426832	0.0310411	0.016869	0.00109576	0.0152067
162	0.0162007	0.00114136	0.00164613	0.00176481	0.0124169	0.00412912	0.0103565	0.228897	0.0041611	0.272342	0.256127	0.00325943	0.00227424	0.00798675	0.00765909	0.00896782	0.0164039	0.140578	0.000498078	0.00319114
163	0.48085	0.00285973	0.00293163	0.00903243	0.00170027	0.0286783	0.00925359	0.0124723	0.00990337	0.00617312	0.0102216	0.0127419	0.00665439	0.0067969	0.00921027	0.231339	0.104185	0.0496121	0.00285663	0.00252746
164	0.0898033	0.00233209	0.00161813	0.0121966	0.00754209	0.011067	0.00216971	0.236775	0.00318818	0.0682553	0.0256001	0.00216714	0.000504982	0.00535609	0.00288018	0.0187155	0.0499288	0.457748	0.000914178	0.00123751
165	0.00333942	0.000654465	0.00275528	0.00142024	0.0272589	0.00185271	0.00146637	0.0369559	0.00166995	0.824381	0.0401921	0.00219531	0.0023328	0.00438966	0.00183838	0.00785053	0.00431808	0.0341632	0.000337352	0.000628747
166	0.0420295	0.00443249	0.000509983	0.00356833	0.0153403	0.00497557	0.000991987	0.376837	0.00191152	0.125917	0.0401977	0.000740002	0.00028251	0.00345941	0.00225207	0.00829484	0.0286855	0.337331	0.00124191	0.00100185
167	0.0155342	0.000261187	0.210597	0.62858	0.000323162	0.0209666	0.00537844	0.000727379	0.0174848	0.00557059	0.00510285	0.0112365	0.00165872	0.0439864	0.00529661	0.0118509	0.00262478	0.0112239	0.000132551	0.00146381
168	0.544795	0.00116357	0.0019002	0.00900815	0.00156633	0.02783	0.0150137	0.0133755	0.0113679	0.0045069	0.0129494	0.00716228	0.00908117	0.00551445	0.0116447	0.176123	0.1006	0.0437444	0.00134257	0.00131108
169	0.0505097	0.00772534	0.0259079	0.0637532	0.0080141	0.0294416	0.029623	0.0198853	0.0611007	0.0440749	0.0244392	0.0293973	0.0123493	0.406532	0.0855662	0.0399233	0.0314309	0.0222034	0.00279272	0.00532993
170	0.0948549	0.00439014	0.0613425	0.205401	0.0017021	0.262732	0.0169257	0.00793764	0.0584161	0.0142524	0.00658771	0.0289395	0.0108467	0.0671365	0.0467181	0.0617743	0.0319241	0.0145337	0.00114537	0.00243983
171	0.0169658	0.000269264	0.205761	0.627071	0.000323138	0.0206552	0.00617755	0.000722295	0.0188121	0.00575967	0.00504381	0.0112997	0.00183723	0.0460701	0.00527591	0.0123636	0.00264315	0.011233	0.00014273	0.00157379
172	0.0108608	0.00158592	0.044151	0.0301234	0.00255374	0.0170975	0.0443561	0.0851549	0.0998261	0.157851	0.117441	0.0717803	0.00214875	0.113652	0.0838303	0.011171	0.0484518	0.0547141	0.000877	0.00237379
173	0.0368632	0.00496004	0.0015423	0.00159107	0.0242826	0.0146659	0.00414148	0.279596	0.00235915	0.352018	0.0750078	0.00131143	0.000813984	0.00303493	0.00440056	0.00744947	0.0157735	0.166462	0.00143554	0.00229055
174	0.00641357	0.00117937	0.388186	0.0783004	0.00155994	0.00316688	0.0173091	0.00385223	0.0131999	0.00685758	0.0030404	0.315876	0.00103974	0.0433438	0.00678485	0.0514066	0.0345285	0.0207919	0.000569288	0.00259407
175	0.00639456	0.00117376	0.388066	0.0783751	0.00156178	0.00314837	0.0173722	0.00385692	0.0132173	0.00683746	0.00299215	0.315847	0.00103973	0.0433274	0.00680057	0.0514584	0.0345559	0.0208122	0.000560817	0.00260222
176	0.0497538	0.00760679	0.00373996	0.0069249	0.0194439	0.0102295	0.00265801	0.370311	0.00754942	0.113837	0.0287479	0.00512129	0.00164056	0.00733938	0.00761851	0.0290734	0.0449968	0.275265	0.00345781	0.00468509
177	0.0359959	0.00151947	0.152924	0.523816	0.00102691	0.0337739	0.0114978	0.0026856	0.0361089	0.00986154	0.00586014	0.016079	0.00372142	0.0931504	0.0181011	0.0257238	0.0138125	0.0119276	0.000327432	0.00208655
178	0.0593864	0.00391119	0.162745	0.0826288	0.00367827	0.0432442	0.0444893	0.00375822	0.0414701	0.0041606	0.00289631	0.107817	0.000900964	0.0324859	0.049197	0.21495	0.118074	0.0157641	0.000873367	0.00756899
179	0.00425266	0.00128385	0.0273791	0.00250954	0.00155378	0.00262773	0.506164	0.00319572	0.0104355	0.0200967	0.0108544	0.198398	0.00116451	0.0922365	0.0408593	0.0279716	0.00426621	0.00397039	0.00075946	0.0400206
180	0.0196877	0.000997689	0.00232574	0.0044683	0.00873253	0.00418166	0.0115008	0.190445	0.00472113	0.221233	0.260902	0.00349588	0.00217554	0.00832663	0.00702499	0.00918217	0.0199564	0.217398	0.000428867	0.00281545
181	0.235595	0.0042093	0.0154313	0.030252	0.0126159	0.0651616	0.0238305	0.0307745	0.0217912	0.0440769	0.0368588	0.0929014	0.00170054	0.0457567	0.0279026	0.131877	0.0896027	0.0825494	0.00145839	0.00565473
182	0.0274722	0.00138261	0.0180692	0.0195864	0.00590682	0.0331442	0.0569446	0.0195739	0.172652	0.018734	0.0156578	0.154966	0.00142179	0.0321532	0.251159	0.0798612	0.0620733	0.0147418	0.000765974	0.0137339
183	0.520055	0.00256377	0.00309108	0.00988951	0.00195851	0.0301534	0.00986663	0.0138901	0.00958789	0.00669801	0.0109516	0.0111667	0.00812646	0.00647782	0.00963455	0.186272	0.106573	0.0485554	0.00253321	0.00195594
184	0.238349	0.00284565	0.0112669	0.0215269	0.00909871	0.0698149	0.0248036	0.0200909	0.0215666	0.0304295	0.0330047	0.10625	0.0016961	0.0402062	0.0391011	0.136614	0.0950692	0.0876561	0.00169162	0.00891887
185	0.0758264	0.00404966	0.174893	0.0924837	0.00378906	0.0440012	0.0390486	0.00565933	0.0413796	0.00659005	0.00281546	0.105031	0.00102474	0.0298342	0.0413558	0.197602	0.10557	0.0194886	0.00069319	0.00886478
186	0.00467272	0.000984948	0.00204597	0.0026562	0.495938	0.00285789	0.0235282	0.0208503	0.00317087	0.072487	0.0120194	0.00950413	0.00116778	0.00328079	0.0118822	0.021744	0.00466192	0.0129842	0.000584958	0.292978
187	0.0404908	0.00437615	0.000313379	0.00280235	0.0176142	0.00434239	0.000305669	0.393105	0.0015573	0.129419	0.0247298	0.000485737	0.000154393	0.00287136	0.00162967	0.00744795	0.0283077	0.338015	0.0012825	0.000749748
188	0.0670785	0.00123464	0.0429054	0.0599278	0.00221648	0.00664236	0.138813	0.0130207	0.122013	0.0611198	0.0240368	0.0887993	0.00837341	0.119713	0.0906481	0.0696068	0.0314408	0.0358755	0.000912758	0.0156211
189	0.0915542	0.00345526	0.0622709	0.0793056	0.00251485	0.112965	0.0293266	0.0110662	0.105859	0.0211742	0.0182135	0.0505365	0.0190856	0.115099	0.0992194	0.106844	0.0577013	0.00600895	0.00619516	0.00160449
190	0.172397	0.0175244	0.0245485	0.0419435	0.00491863	0.395332	0.00919731	0.0234877	0.0190371	0.0308464	0.0108328	0.0216256	0.0212929	0.0182745	0.018801	0.0914326	0.0365784	0.0370453	0.00170974	0.00317461
191	0.218614	0.00172181	0.00282967	0.0118645	0.00444172	0.0359342	0.0245195	0.0100689	0.0128782	0.0195805	0.0283879	0.140948	0.00473323	0.0370936	0.0296642	0.088071	0.245391	0.0767434	0.00110881	0.00540581
