269	20
1	0.101032	0.0113987	0.0129753	0.0225606	0.0125715	0.0299738	0.00359105	0.040092	0.141292	0.0316942	0.133428	0.0175321	0.0149491	0.058405	0.0365257	0.126922	0.144267	0.0541378	0.000706301	0.00594681
2	0.00916147	0.00413759	0.00160086	0.00101959	0.00975318	0.000484327	0.00184807	0.542766	0.00307141	0.142348	0.0225221	0.000988897	0.00162675	0.00147774	0.00161881	0.00505904	0.0064238	0.240805	0.000169026	0.00311801
3	0.0209346	0.000537042	0.0163768	0.0333933	0.00229885	0.0100204	0.0331624	0.00813916	0.372396	0.0210379	0.00809359	0.0374778	0.00814703	0.0705473	0.247931	0.0545137	0.0310808	0.0176442	0.000186559	0.00608155
4	0.218125	0.00799604	0.0066217	0.00894861	0.00539201	0.0260684	0.00744934	0.0367978	0.0539769	0.0312006	0.00908622	0.0305187	0.165124	0.0814768	0.132544	0.0656253	0.0537657	0.0316503	0.00143939	0.0261929
5	0.0175757	0.00590461	0.00132925	0.00188672	0.0192329	0.00080561	0.00151487	0.250771	0.00461402	0.494474	0.0661726	0.0029542	0.00303331	0.00413562	0.00395794	0.00637138	0.0058172	0.103797	0.00108123	0.00457103
6	0.0208829	0.00241731	0.459891	0.0702465	0.00287949	0.081875	0.0128083	0.00387569	0.0116489	0.00563223	0.00300025	0.194081	0.0349658	0.00378262	0.00402563	0.0734325	0.00569476	0.00518154	0.000619059	0.00305977
7	0.079188	0.0128902	0.0808434	0.00733821	0.00510878	0.00800145	0.0312701	0.0500853	0.0088198	0.0339068	0.00847995	0.0106802	0.0037795	0.0251875	0.00770878	0.319852	0.123727	0.174127	0.00103585	0.00797
8	0.116734	0.0277841	0.00429568	0.0095027	0.0559318	0.0181884	0.00367969	0.282673	0.00816583	0.0382993	0.0124848	0.0137836	0.00557459	0.00726271	0.00558331	0.0765778	0.0254263	0.253394	0.000637692	0.0340206
9	0.0444346	0.023796	0.0121901	0.0441864	0.025043	0.0351441	0.0723326	0.0139185	0.152032	0.0579288	0.0167505	0.0600027	0.00254489	0.116057	0.172028	0.07542	0.0222133	0.0212264	0.0121008	0.0206506
10	0.0206748	0.000602438	0.0167372	0.0328955	0.00231074	0.00989695	0.0353344	0.00810488	0.369518	0.0211378	0.00804154	0.0392555	0.00809306	0.0721365	0.246691	0.0541228	0.0305667	0.017371	0.000218738	0.00628973
11	0.0186936	0.00894615	0.00235248	0.00350216	0.0411936	0.00157538	0.00450384	0.209349	0.0071759	0.477845	0.0970822	0.00681617	0.00530638	0.00539905	0.00610167	0.00761448	0.0120884	0.0606403	0.00301099	0.0208034
12	0.0431997	0.0538829	0.0160609	0.0237882	0.0140389	0.0121051	0.0321229	0.0655068	0.0248481	0.0583882	0.0215111	0.0637522	0.00964723	0.0359957	0.0405109	0.182023	0.203429	0.0919676	0.00055318	0.00666868
13	0.418361	0.0438975	0.00270301	0.00622469	0.00176145	0.0296917	0.00210146	0.00277109	0.0112614	0.00617205	0.00254207	0.0114939	0.0154501	0.0175782	0.00725695	0.337441	0.0480035	0.0217148	0.000398717	0.0131755
14	0.170697	0.00549907	0.00876265	0.0327666	0.00749296	0.116763	0.0399925	0.0144526	0.0172745	0.0340194	0.0180686	0.093584	0.0230057	0.0556201	0.0150964	0.193035	0.0992582	0.0395947	0.000578409	0.0144384
15	0.0920842	0.0150497	0.0170866	0.0280166	0.0131262	0.0212426	0.0309771	0.0674103	0.0338425	0.0879589	0.0676928	0.0293479	0.00707524	0.0525722	0.023772	0.142399	0.109093	0.144039	0.00163342	0.0155801
16	0.00238769	0.00334197	0.0016966	0.00074418	0.00859466	0.000422208	0.00199374	0.611268	0.0014511	0.06037	0.0148165	0.000721975	0.00187251	0.000628611	0.000673703	0.00367489	0.00725614	0.273919	0.000108041	0.00405823
17	0.0172832	0.00762772	0.00626854	0.00780191	0.0955	0.00665584	0.00872106	0.138882	0.0116257	0.0953348	0.0103085	0.0125132	0.0958214	0.0523914	0.0119029	0.0245666	0.179498	0.207541	0.00190116	0.00785571
18	0.0152088	0.0083887	0.234352	0.00551406	0.00456755	0.0140271	0.00975426	0.00829819	0.0124948	0.0116684	0.00658687	0.108079	0.010101	0.00985872	0.0148474	0.330513	0.175168	0.0142561	0.000954203	0.00536247
19	0.0516875	0.0259278	0.00414189	0.00497208	0.0366091	0.00422613	0.00435915	0.201061	0.0123204	0.323651	0.0725612	0.00954398	0.0344719	0.00797467	0.00924057	0.0165852	0.0263225	0.139242	0.00179962	0.0133023
20	0.396124	0.0436143	0.00323833	0.00975168	0.00187231	0.0215163	0.00552483	0.00459423	0.0166771	0.00714715	0.00305347	0.0205731	0.0263471	0.0230235	0.0150301	0.313667	0.0499375	0.0185256	0.0003601	0.0194226
21	0.0501377	0.00338167	0.00469561	0.0353489	0.00161021	0.0198742	0.0079545	0.0944673	0.0124472	0.00433216	0.0327526	0.0230747	0.000850659	0.00435299	0.0062143	0.336422	0.311693	0.0462137	0.000468036	0.00370858
22	0.0885676	0.0487776	0.00349477	0.0056903	0.081131	0.00855086	0.00377176	0.209664	0.0082396	0.0833752	0.0183025	0.00769812	0.00622157	0.00528569	0.00634852	0.0301395	0.037583	0.322498	0.000605219	0.0240559
23	0.0364313	0.0223523	0.00258805	0.00751488	0.0235395	0.000634624	0.000765301	0.282698	0.00473255	0.151437	0.0215173	0.00283915	0.00244612	0.00270947	0.00719641	0.00907821	0.0608373	0.359262	0.000108159	0.00131171
24	0.0523157	0.0151565	0.0189172	0.0384811	0.00830351	0.0314749	0.0335742	0.0149308	0.237452	0.026538	0.0178384	0.0429872	0.0121035	0.0624157	0.196482	0.110315	0.0458745	0.0211335	0.00221736	0.0114884
25	0.0667472	0.00655908	0.169007	0.267879	0.00810023	0.0299775	0.022778	0.0156203	0.0476468	0.0216821	0.00968305	0.0549417	0.00802051	0.087987	0.0278039	0.0842338	0.0471807	0.0160155	0.00132156	0.00681512
26	0.0270327	0.015341	0.00295193	0.00513992	0.0326724	0.0023246	0.003696	0.224482	0.00552212	0.277722	0.0273844	0.00406375	0.00375822	0.0051055	0.00644606	0.0143021	0.0353296	0.298095	0.000404107	0.00822622
27	0.026008	0.0116989	0.00160381	0.00331394	0.0188918	0.000640587	0.000938522	0.323921	0.00427882	0.266901	0.0267686	0.00189975	0.00160462	0.00245589	0.00444178	0.00841416	0.0257841	0.269009	0.000156137	0.00126886
28	0.0496347	0.00394678	0.268408	0.277633	0.0058899	0.0368609	0.0162163	0.00814035	0.0320195	0.00891169	0.00505002	0.0780278	0.0100854	0.0658934	0.0153657	0.0722386	0.0359101	0.00678544	0.000261403	0.00272038
29	0.0552381	0.0200504	0.0270962	0.0395566	0.0291313	0.01976	0.0385218	0.118322	0.0442599	0.0690459	0.0259377	0.142168	0.0128103	0.0373449	0.0573295	0.0921043	0.0761679	0.0672475	0.00386018	0.0240473
30	0.428989	0.0502868	0.00168672	0.00565284	0.00179466	0.0203043	0.00206718	0.00253791	0.0114457	0.00611407	0.00195605	0.0125963	0.0163201	0.0161086	0.00649755	0.345031	0.0392938	0.0168717	0.000382508	0.0140633
31	0.0186119	0.00446397	0.000913634	0.00119479	0.0168309	0.000773795	0.00113823	0.280793	0.00369173	0.48691	0.0355928	0.00153921	0.00161746	0.00366999	0.0037409	0.00688079	0.00266723	0.126586	0.000195784	0.0021875
32	0.044369	0.0112209	0.1857	0.110791	0.00952545	0.0236788	0.0299637	0.0202756	0.0477776	0.0259013	0.0198838	0.0711807	0.0138901	0.0490303	0.0415208	0.131335	0.118626	0.0278967	0.0028234	0.0146097
33	0.420211	0.0490211	0.00264391	0.00591284	0.00170764	0.0155165	0.00235381	0.00277282	0.0119815	0.00660129	0.00224159	0.0116607	0.0187389	0.0165776	0.00663667	0.356953	0.0372583	0.0162715	0.000400648	0.0145387
34	0.018508	0.0223462	0.0160015	0.023348	0.0103641	0.349934	0.0468082	0.00352712	0.143637	0.0127165	0.00298507	0.0923499	0.00120769	0.0565689	0.101026	0.0706015	0.0219298	0.00364831	0.000435125	0.00205683
35	0.417031	0.0534798	0.00195296	0.00553301	0.00184443	0.012662	0.00224157	0.00269154	0.0120663	0.00660857	0.0019326	0.0114433	0.0163303	0.0162768	0.00630446	0.3672	0.0353762	0.0142045	0.000372723	0.0144485
36	0.0260928	0.0136596	0.0656542	0.0214406	0.00219473	0.0169731	0.0384745	0.0183204	0.139061	0.0117168	0.0249476	0.055369	0.00968806	0.037439	0.147619	0.161024	0.190646	0.0107191	0.00052549	0.00843566
37	0.0371254	0.00455539	0.00713865	0.0542505	0.00406936	0.0190865	0.0368285	0.085378	0.113722	0.0258657	0.00707355	0.0907103	0.00248663	0.134471	0.025345	0.10405	0.169235	0.0439365	0.0157942	0.0188772
38	0.00234078	0.00331529	0.00169404	0.000739308	0.00857929	0.000422135	0.00199697	0.611652	0.00144525	0.0603526	0.0148086	0.000722691	0.00187295	0.000624544	0.000666992	0.00367336	0.00718851	0.273739	0.000107995	0.00405769
39	0.0577084	0.00436392	0.21788	0.320123	0.00589619	0.0309811	0.0155814	0.00826479	0.0374872	0.00849707	0.00483651	0.0546894	0.00588565	0.0812241	0.0183637	0.0760321	0.043854	0.00684152	0.000117842	0.0013718
40	0.00234078	0.00331529	0.00169404	0.000739308	0.00857929	0.000422135	0.00199697	0.611652	0.00144525	0.0603526	0.0148086	0.000722691	0.00187295	0.000624544	0.000666992	0.00367336	0.00718851	0.273739	0.000107995	0.00405769
41	0.028849	0.00603257	0.00835019	0.0235433	0.0124077	0.0145541	0.0321333	0.0203993	0.236143	0.0234471	0.00565455	0.0411304	0.00351704	0.0542392	0.344174	0.0456719	0.0433947	0.0328559	0.00123812	0.0222648
42	0.0182349	0.0112414	0.00851006	0.00207194	0.362637	0.00184704	0.00875024	0.0808661	0.00445151	0.356673	0.028238	0.0173836	0.0016465	0.00273753	0.00348651	0.00606421	0.00457578	0.0563621	0.00635224	0.0178698
43	0.0223819	0.00449434	0.0196428	0.071752	0.0416279	0.00993726	0.0192945	0.024013	0.196483	0.0178659	0.00638688	0.0357806	0.00461535	0.0448791	0.309806	0.0455769	0.0424924	0.0589446	0.0014805	0.0225447
44	0.020831	0.00241081	0.449668	0.0756521	0.00265162	0.080665	0.0131547	0.00363709	0.0148524	0.00522499	0.00269754	0.200573	0.0319778	0.00497836	0.00560579	0.0714948	0.00568788	0.00489046	0.000614564	0.00273171
45	0.0142838	0.0374858	0.00430799	0.00563537	0.0879215	0.0107032	0.22051	0.00776917	0.00685307	0.0233433	0.0334161	0.115429	0.00347031	0.0432951	0.0162771	0.0656548	0.0101239	0.00922074	0.00104654	0.283253
46	0.0679016	0.0280231	0.0218158	0.0299779	0.0255818	0.172744	0.0374556	0.0470266	0.0638603	0.104989	0.024315	0.0541644	0.010743	0.0446656	0.0537913	0.0863842	0.0538576	0.0510605	0.003022	0.0186208
47	0.116033	0.00915473	0.00226361	0.0315435	0.0243702	0.0171859	0.00264887	0.168441	0.06506	0.238062	0.0520684	0.00398728	0.00200963	0.0337871	0.0279177	0.0412885	0.0468608	0.114319	0.000615512	0.00238315
48	0.0360205	0.00750945	0.0210176	0.116653	0.00655149	0.0161394	0.0272587	0.067752	0.102477	0.0304233	0.013341	0.0539058	0.00364181	0.116418	0.032003	0.110713	0.165246	0.0517893	0.00840803	0.012731
49	0.0577317	0.0254205	0.00330515	0.00950357	0.0368491	0.0034263	0.00354313	0.256131	0.00856354	0.14977	0.0256953	0.00536236	0.00348772	0.00700151	0.00731435	0.0228598	0.0513871	0.313794	0.000477009	0.0083763
50	0.157848	0.0196506	0.0123624	0.0441148	0.00246383	0.0211929	0.00346713	0.185022	0.00529425	0.0141485	0.0111927	0.0461909	0.00153006	0.027738	0.00353947	0.221753	0.0644207	0.138725	0.000616715	0.0187292
51	0.0419639	0.0104892	0.188199	0.0720809	0.0402938	0.0253474	0.0375747	0.0416464	0.0386355	0.114189	0.0239625	0.0795408	0.0132069	0.0501111	0.0293347	0.0765963	0.0434926	0.0427692	0.00360809	0.0269585
52	0.0211013	0.00258962	0.463473	0.0653472	0.004736	0.0745493	0.0145153	0.00401386	0.0118785	0.00722662	0.00335504	0.196511	0.0315812	0.00624664	0.00432284	0.0697031	0.00681408	0.00683459	0.000636374	0.0045644
53	0.260944	0.0463678	0.0152672	0.0217194	0.00551084	0.148401	0.0141906	0.0136861	0.0228745	0.0177604	0.013906	0.0332228	0.00883957	0.0232056	0.0172188	0.166981	0.107894	0.0520208	0.0012994	0.00868967
54	0.042314	0.131988	0.0527278	0.00643256	0.00595348	0.0370559	0.0369425	0.0383716	0.0494843	0.0304091	0.0189659	0.0214383	0.0027208	0.0227296	0.00835569	0.282543	0.0850872	0.0898606	0.0010204	0.0355998
55	0.0368315	0.0192686	0.0296132	0.0336781	0.0103062	0.260246	0.0413769	0.0106806	0.146706	0.0193719	0.0109525	0.0817661	0.0048882	0.0553125	0.0964503	0.0852176	0.0356015	0.0136971	0.00115577	0.00687947
56	0.00234078	0.00331529	0.00169404	0.000739308	0.00857929	0.000422135	0.00199697	0.611652	0.00144525	0.0603526	0.0148086	0.000722691	0.00187295	0.000624544	0.000666992	0.00367336	0.00718851	0.273739	0.000107995	0.00405769
57	0.049744	0.00423886	0.0927762	0.0966625	0.00349938	0.0106649	0.0884859	0.00764585	0.0644326	0.0350991	0.011242	0.0710696	0.0840058	0.0474723	0.0458542	0.207155	0.0546942	0.00971268	0.0049679	0.0105771
58	0.172642	0.00413333	0.00694753	0.0316486	0.0141717	0.100704	0.0437759	0.0141255	0.0195332	0.0454611	0.0209238	0.101896	0.0245528	0.0613534	0.0102914	0.171057	0.092763	0.0452011	0.000401566	0.0184173
59	0.0175782	0.00523116	0.000958614	0.00118269	0.0175829	0.000805146	0.00117343	0.24891	0.00389743	0.508325	0.0616812	0.0026098	0.00295488	0.00351395	0.00354826	0.00599796	0.00452605	0.104616	0.000820176	0.00408765
60	0.412375	0.117426	0.00276097	0.00349684	0.00287946	0.141006	0.003473	0.00503057	0.00420299	0.0164854	0.00347007	0.0154202	0.00198629	0.00452919	0.00399535	0.0577898	0.117538	0.0822384	0.000820342	0.00307653
61	0.100033	0.0140777	0.0116879	0.0206584	0.0117539	0.0310301	0.00432218	0.0383075	0.145224	0.0354367	0.13109	0.0164136	0.0139116	0.0608278	0.0416627	0.125688	0.139266	0.0514129	0.000853856	0.00634233
62	0.0348329	0.046047	0.0116876	0.0491138	0.00805161	0.0128435	0.0151135	0.0186418	0.128949	0.0551252	0.0494715	0.0576712	0.163738	0.0233563	0.170308	0.0871422	0.0289488	0.0219679	0.00224668	0.0147429
63	0.0216615	0.0171714	0.00638786	0.00711251	0.026575	0.0625602	0.274437	0.0098272	0.0114124	0.0150433	0.0140393	0.0797616	0.00466681	0.0169996	0.0792783	0.0556284	0.0165432	0.0132733	0.00154415	0.266077
64	0.129269	0.101217	0.00499976	0.00671306	0.048635	0.0289369	0.144751	0.00929589	0.00867129	0.0111656	0.029435	0.0147801	0.0238449	0.00819577	0.0313468	0.0440494	0.0524402	0.030356	0.00147446	0.270424
65	0.0604975	0.0241115	0.0314636	0.0281632	0.0665221	0.025254	0.0380951	0.0401426	0.0391471	0.0543001	0.029754	0.0468744	0.0130762	0.0335908	0.0490744	0.103867	0.142014	0.0524115	0.00493248	0.116709
66	0.0473642	0.00711492	0.0213022	0.0596377	0.00428199	0.0221059	0.0185125	0.0636954	0.0236123	0.0171783	0.0306851	0.0322825	0.00658777	0.0183697	0.0203408	0.278607	0.276795	0.0428211	0.00132972	0.00737521
67	0.138671	0.0224648	0.0268466	0.0428362	0.00932916	0.0325023	0.0285801	0.0228667	0.14352	0.0244825	0.0230311	0.0414436	0.0201642	0.0463862	0.0947325	0.176443	0.0599532	0.0281503	0.00196378	0.0156325
68	0.0174985	0.00520177	0.00534213	0.0262015	0.00623609	0.00531405	0.00680543	0.484748	0.0126664	0.246398	0.0143835	0.00823685	0.00277123	0.0287028	0.0315771	0.0171105	0.0478544	0.0250744	0.0016746	0.00620292
69	0.0502581	0.0184829	0.0137454	0.054836	0.0017766	0.0387958	0.0302525	0.0289203	0.113705	0.00784117	0.0101982	0.0614247	0.0194197	0.0434276	0.15261	0.260166	0.0789799	0.00853529	0.000461909	0.00616315
70	0.0577084	0.00436392	0.21788	0.320123	0.00589619	0.0309811	0.0155814	0.00826479	0.0374872	0.00849707	0.00483651	0.0546894	0.00588565	0.0812241	0.0183637	0.0760321	0.043854	0.00684152	0.000117842	0.0013718
71	0.0116915	0.00572373	0.00194489	0.00277563	0.331091	0.00882174	0.0194162	0.0247213	0.00877017	0.079004	0.0251556	0.0166932	0.00157646	0.00798686	0.0279328	0.0329737	0.0116992	0.0152423	0.0143227	0.352457
72	0.0577084	0.00436392	0.21788	0.320123	0.00589619	0.0309811	0.0155814	0.00826479	0.0374872	0.00849707	0.00483651	0.0546894	0.00588565	0.0812241	0.0183637	0.0760321	0.043854	0.00684152	0.000117842	0.0013718
73	0.05722	0.00441819	0.219307	0.313706	0.00597634	0.0311442	0.0162071	0.00863335	0.0379121	0.00944925	0.00507613	0.0574015	0.00639755	0.0800577	0.0192583	0.0756605	0.0429443	0.00722999	0.000175674	0.00182474
74	0.0222603	0.00672224	0.000951611	0.00230845	0.0248731	0.00110112	0.00131244	0.233697	0.00593178	0.508157	0.0568965	0.00291067	0.00312721	0.00529337	0.00615484	0.00671829	0.00618044	0.100199	0.000703284	0.00450094
75	0.0968654	0.0041359	0.0616135	0.117843	0.00600344	0.0541097	0.0303527	0.0230856	0.0205561	0.0560955	0.0189472	0.0508052	0.00679066	0.0589837	0.0299236	0.162404	0.0987275	0.0700584	0.00342453	0.0292748
76	0.0338585	0.0020434	0.00403687	0.0339297	0.00177571	0.017211	0.00834245	0.0729617	0.0117059	0.00410751	0.0398275	0.0206736	0.00112616	0.00273347	0.00699249	0.335795	0.368978	0.0308416	0.00053303	0.00252659
77	0.00282333	0.00539264	0.00156884	0.00142856	0.351718	0.00111809	0.0130935	0.0403251	0.00243554	0.18477	0.0385532	0.00362146	0.000857486	0.00928483	0.0116914	0.00922215	0.0113149	0.0263042	0.00705302	0.277423
78	0.0359174	0.0183392	0.0288812	0.0347244	0.0099707	0.247017	0.0404689	0.0119584	0.12683	0.0175706	0.0102886	0.101162	0.00672083	0.0550874	0.0822845	0.0959181	0.0566429	0.0125976	0.00122751	0.00639267
79	0.00837749	0.00528095	0.00218547	0.00206225	0.351038	0.00502014	0.0114036	0.0340297	0.00646075	0.151802	0.0303967	0.0061804	0.00117372	0.0083794	0.0222533	0.017515	0.0116531	0.0233045	0.010779	0.290704
80	0.0275704	0.00684187	0.0542601	0.0491092	0.00590341	0.0224955	0.0389245	0.0128864	0.250058	0.0240442	0.0152702	0.0529447	0.00775044	0.0641322	0.198287	0.0714914	0.066364	0.0190956	0.00172605	0.0108449
81	0.0753072	0.0293026	0.0317479	0.0301355	0.0149718	0.239818	0.0393206	0.0159036	0.0934017	0.0259696	0.0110407	0.0707369	0.00835814	0.0457575	0.0716947	0.1041	0.047242	0.027435	0.00201016	0.0157465
82	0.0557461	0.00859874	0.152328	0.254208	0.00889349	0.0277247	0.0246039	0.0157206	0.0578244	0.0237557	0.0115785	0.0518435	0.00811973	0.104335	0.0397637	0.0812087	0.0467002	0.0175344	0.001573	0.00793961
83	0.372452	0.0432334	0.00685346	0.0111497	0.00347064	0.0376693	0.00661165	0.010098	0.015155	0.0101147	0.00601471	0.0177578	0.0185246	0.0188039	0.0111388	0.315062	0.0530218	0.0285972	0.00076367	0.0135075
84	0.0183289	0.00772527	0.00115778	0.00184018	0.0201524	0.001105	0.00167364	0.244822	0.00645966	0.465492	0.0992298	0.00479426	0.00509283	0.00370898	0.003975	0.0061816	0.00878553	0.090427	0.00180315	0.00724477
85	0.206198	0.0516601	0.0115283	0.0140194	0.0851521	0.0168716	0.0573032	0.0168971	0.0194668	0.0242064	0.0132579	0.149818	0.00851337	0.0182363	0.0183403	0.181564	0.0264086	0.0223455	0.00276055	0.0554526
86	0.359598	0.0944743	0.00457352	0.00667596	0.00507839	0.0284031	0.00724635	0.00692141	0.0124057	0.0204168	0.00522361	0.0155438	0.0117455	0.0151709	0.00831331	0.315772	0.043045	0.0252601	0.00109758	0.0130343
87	0.017815	0.00446652	0.00107732	0.00205105	0.0161761	0.000804558	0.00134031	0.290809	0.00383536	0.478286	0.0360681	0.00182282	0.00173408	0.00444701	0.00461996	0.00685987	0.00394217	0.121121	0.000318493	0.00240497
88	0.424414	0.0541735	0.00174637	0.00567687	0.00182121	0.0145148	0.00217195	0.00267148	0.0117012	0.00650374	0.00190418	0.0117304	0.0166223	0.0162225	0.00644893	0.355841	0.0357831	0.0152838	0.000351462	0.0144171
89	0.156055	0.00252979	0.0129242	0.0477791	0.00704765	0.104808	0.0489303	0.0155015	0.0126535	0.0416313	0.0206312	0.098103	0.0229103	0.0613775	0.0111547	0.170323	0.101272	0.0474132	0.000410217	0.0165441
90	0.0251703	0.00147298	0.15431	0.0938813	0.00444114	0.0411428	0.056367	0.00236157	0.0948118	0.00668391	0.00194267	0.262064	0.00304153	0.075553	0.0521598	0.0864154	0.0231794	0.00368289	0.000439023	0.0108798
91	0.0101749	0.0209185	0.0044727	0.00492944	0.0486677	0.00448015	0.00588562	0.00962285	0.0066153	0.406509	0.025933	0.0073336	0.00284381	0.00576764	0.00679226	0.0147948	0.0304785	0.360745	0.00141165	0.0216235
92	0.0328219	0.00696479	0.00328129	0.0503538	0.00455003	0.0120183	0.0149364	0.092238	0.0147467	0.0142054	0.0310964	0.0241347	0.00144754	0.00689098	0.0132403	0.285945	0.337085	0.0516282	0.00043618	0.00197915
93	0.00234078	0.00331529	0.00169404	0.000739308	0.00857929	0.000422135	0.00199697	0.611652	0.00144525	0.0603526	0.0148086	0.000722691	0.00187295	0.000624544	0.000666992	0.00367336	0.00718851	0.273739	0.000107995	0.00405769
94	0.029673	0.037059	0.00163125	0.0333914	0.0217334	0.00139948	0.0409386	0.101912	0.0193183	0.0760813	0.029096	0.0500611	0.00266248	0.0329621	0.0316375	0.134171	0.235718	0.117645	0.000333944	0.00257566
95	0.0373555	0.00809378	0.0289713	0.0278058	0.00407039	0.0248668	0.0148701	0.048828	0.023614	0.0110671	0.0295341	0.0587825	0.0107315	0.0133248	0.0226449	0.304485	0.296283	0.0296041	0.00065288	0.00441432
96	0.0589105	0.0795431	0.0126614	0.0126859	0.00620476	0.0135673	0.0157839	0.0138915	0.175179	0.0165403	0.0298862	0.0218555	0.00673109	0.0403377	0.267832	0.131572	0.0672842	0.0168455	0.0014204	0.0112675
97	0.100785	0.00648113	0.045683	0.0496023	0.00433152	0.0548158	0.0820199	0.0100643	0.0285823	0.0268871	0.0122018	0.0839044	0.0659329	0.0548893	0.0255104	0.19645	0.116268	0.023247	0.00215036	0.0101932
98	0.219652	0.0234401	0.0143581	0.0234538	0.00648726	0.151024	0.0161784	0.0156732	0.028185	0.0165036	0.0121929	0.0345104	0.00978043	0.0277222	0.0228915	0.242544	0.0842921	0.0413552	0.0011714	0.00858475
99	0.0651054	0.0165952	0.02076	0.0290142	0.00971203	0.0222057	0.0224024	0.0629354	0.0253259	0.0323517	0.0308887	0.0336232	0.00947635	0.0211281	0.0215209	0.241345	0.232935	0.0901101	0.00153814	0.0110263
100	0.0359151	0.00210112	0.00453406	0.0354146	0.00192347	0.0175175	0.00838637	0.0713155	0.0119079	0.00422944	0.0397578	0.0210274	0.00135631	0.00312522	0.00731735	0.339321	0.360902	0.0304913	0.000579865	0.00287714
101	0.0757842	0.0228509	0.00268918	0.00708805	0.0470904	0.0073337	0.00231069	0.281955	0.00657937	0.0895181	0.0163192	0.00752463	0.00462895	0.00434464	0.0054543	0.039503	0.0372071	0.32205	0.000384237	0.0193841
102	0.0297966	0.0370072	0.001642	0.0333875	0.0216885	0.00139528	0.040951	0.101783	0.0193892	0.076099	0.0291433	0.0500583	0.00265344	0.0330171	0.0317521	0.134254	0.235705	0.117365	0.000334228	0.00257817
103	0.0247418	0.00148485	0.152044	0.0922679	0.00427044	0.0418419	0.0567723	0.00241499	0.0960072	0.00631555	0.0018587	0.265268	0.00243412	0.075932	0.0533867	0.0848679	0.0233738	0.00367654	0.000448957	0.0105915
104	0.0163154	0.0043902	0.000925301	0.00117421	0.0175383	0.000708926	0.00121359	0.298313	0.00310581	0.465795	0.0379919	0.00169249	0.00189384	0.00345805	0.00349167	0.00605325	0.00361389	0.129284	0.000276543	0.00276556
105	0.00439173	0.00582677	0.00206271	0.0015416	0.349886	0.00152007	0.0128889	0.0427931	0.00328747	0.194826	0.0394035	0.00491017	0.00120103	0.00911187	0.0116873	0.00960814	0.0110718	0.0280215	0.00739232	0.258567
106	0.0999692	0.0716197	0.0326322	0.0712778	0.0274917	0.0271704	0.164632	0.00588749	0.119078	0.0147665	0.0228779	0.0260714	0.00239673	0.0340074	0.0276211	0.120354	0.0219843	0.0261177	0.00435857	0.0796861
107	0.0401727	0.0199582	0.0708404	0.0073739	0.0022116	0.0455225	0.026209	0.00507248	0.0294408	0.0140534	0.00374539	0.154373	0.0444589	0.025195	0.0388768	0.231991	0.215419	0.0207633	0.000570584	0.00375264
108	0.0259284	0.0146223	0.00232237	0.00211208	0.0825157	0.00184216	0.00337435	0.165136	0.0120367	0.428472	0.13834	0.0127673	0.00720396	0.0044002	0.00450075	0.00663019	0.0122233	0.0541596	0.00347624	0.0179365
109	0.169858	0.0168752	0.0142439	0.0149731	0.0169553	0.0158432	0.0178269	0.167539	0.0905843	0.045937	0.0214692	0.0245241	0.124244	0.0354883	0.0566508	0.0592282	0.0404207	0.0458106	0.00300069	0.0185265
110	0.0365079	0.0177915	0.00274672	0.0114043	0.0202437	0.0013867	0.00207963	0.31562	0.00773728	0.160581	0.0273099	0.00324543	0.00243379	0.00653098	0.00860453	0.0105923	0.0501191	0.312508	0.000350121	0.00220683
111	0.0778087	0.0173313	0.0213913	0.0309442	0.00960721	0.0179606	0.0252056	0.0273844	0.126491	0.0351695	0.0264025	0.0461737	0.116236	0.0456996	0.167794	0.10279	0.0545582	0.0302613	0.00219779	0.0185924
112	0.0399793	0.019005	0.0043469	0.0174048	0.0234719	0.0205951	0.069346	0.0228245	0.129543	0.0407893	0.00910381	0.0309641	0.00135742	0.0813174	0.328363	0.0492175	0.0253969	0.0292575	0.00625342	0.0514638
113	0.0209643	0.000550839	0.0163334	0.0334383	0.00237837	0.010086	0.0331081	0.00818993	0.371067	0.0209943	0.00806568	0.0374279	0.00812514	0.070503	0.249046	0.0543054	0.0311864	0.0178719	0.000186547	0.00617219
114	0.0425566	0.00274427	0.281717	0.120319	0.0253005	0.0214595	0.0520047	0.00489004	0.0259913	0.0317847	0.011673	0.131668	0.00807536	0.0850659	0.0125527	0.0675611	0.0234292	0.0164844	0.00122842	0.0334949
115	0.0183424	0.0104546	0.00800157	0.00205992	0.362182	0.0017984	0.00883193	0.0773468	0.00430075	0.351935	0.0286734	0.0161393	0.0016963	0.00290283	0.00393911	0.00602158	0.00460697	0.0528076	0.00655515	0.0314041
116	0.0290542	0.0163499	0.0265487	0.0754866	0.00459039	0.0034498	0.0605849	0.112079	0.0500336	0.144767	0.0693313	0.0338317	0.00122825	0.0690002	0.0282809	0.0936991	0.0892704	0.085073	0.00363312	0.00370797
117	0.0209199	0.000544266	0.0166219	0.033283	0.00230681	0.010003	0.033094	0.00811775	0.372846	0.0209883	0.00814605	0.0374117	0.00810617	0.0703746	0.247609	0.0546526	0.0311218	0.0175936	0.000188384	0.00607177
118	0.0492815	0.00510535	0.222128	0.160157	0.0181201	0.0195614	0.0576714	0.00751857	0.0237982	0.045295	0.00980403	0.0850924	0.00861349	0.128239	0.0143529	0.070735	0.0246398	0.0159509	0.00109696	0.0328387
119	0.00308809	0.0052162	0.00157833	0.00143295	0.351702	0.00147417	0.0130154	0.0395836	0.0025961	0.180272	0.0375859	0.00377127	0.000866678	0.00898793	0.0127364	0.00985907	0.0112388	0.0258577	0.007994	0.281143
120	0.159603	0.00306883	0.00903042	0.0383192	0.00754111	0.107621	0.0484698	0.0159064	0.0135727	0.0399123	0.019803	0.101928	0.0256269	0.0604706	0.0113604	0.174143	0.103169	0.0435942	0.000369166	0.0164904
121	0.0209346	0.000537042	0.0163768	0.0333933	0.00229885	0.0100204	0.0331624	0.00813916	0.372396	0.0210379	0.00809359	0.0374778	0.00814703	0.0705473	0.247931	0.0545137	0.0310808	0.0176442	0.000186559	0.00608155
122	0.170524	0.0228784	0.0041846	0.031786	0.0163204	0.00874475	0.00450151	0.137351	0.0274961	0.2049	0.0770009	0.00559778	0.00239769	0.0200879	0.014289	0.0540133	0.0551167	0.138502	0.000780647	0.00352737
123	0.0248232	0.00148384	0.152097	0.0923531	0.00428985	0.0418128	0.0567398	0.00246577	0.0959076	0.00628351	0.0018553	0.265261	0.0024313	0.0758918	0.0533664	0.0848896	0.0233562	0.00367878	0.000451567	0.0105613
124	0.0365837	0.0226906	0.00274593	0.00827004	0.0227258	0.00059162	0.00080368	0.280631	0.00479341	0.145748	0.0206765	0.00305362	0.00231686	0.00271376	0.00709009	0.00929355	0.0652922	0.362647	0.000116312	0.00121523
125	0.02099	0.000554705	0.0162893	0.0333929	0.00241853	0.0101028	0.033042	0.0082616	0.371233	0.020954	0.00803763	0.0374288	0.00808672	0.0703105	0.248823	0.0545759	0.031195	0.0179265	0.000186604	0.00619047
126	0.0152365	0.00974801	0.00871049	0.00198438	0.381963	0.00175422	0.0090692	0.0747943	0.00392905	0.333716	0.0279306	0.0160883	0.00130428	0.0030626	0.00367102	0.00606244	0.00485505	0.0526658	0.00724611	0.0362083
127	0.0291076	0.0367898	0.00159959	0.0332191	0.0216471	0.00139613	0.0403344	0.101092	0.0192932	0.0773633	0.0291335	0.050642	0.00271717	0.0322803	0.0317594	0.13424	0.236995	0.117481	0.000334497	0.00257461
128	0.0197721	0.0107914	0.00145879	0.00153067	0.015708	0.00149056	0.00211951	0.19646	0.01197	0.415029	0.210219	0.00888013	0.00976592	0.00285539	0.00290487	0.0071328	0.015008	0.0484019	0.00408842	0.0144137
129	0.0228244	0.000837953	0.0184294	0.0423106	0.00271106	0.0108485	0.0319681	0.00921788	0.357311	0.0253613	0.00864499	0.0365392	0.00864997	0.0695871	0.241468	0.0565231	0.032541	0.0180525	0.00022976	0.00594424
130	0.0577084	0.00436392	0.21788	0.320123	0.00589619	0.0309811	0.0155814	0.00826479	0.0374872	0.00849707	0.00483651	0.0546894	0.00588565	0.0812241	0.0183637	0.0760321	0.043854	0.00684152	0.000117842	0.0013718
131	0.064463	0.0557916	0.00958217	0.0133401	0.00769214	0.0117181	0.018744	0.0391439	0.0656964	0.0155073	0.0106293	0.169127	0.00852031	0.0204021	0.226214	0.0942733	0.0971789	0.0388339	0.00153247	0.0316103
132	0.0305091	0.0129309	0.00185275	0.00188058	0.058448	0.00258871	0.00150278	0.391721	0.00369225	0.0892759	0.0180121	0.00308717	0.00386451	0.00144535	0.00277485	0.0133858	0.0287016	0.31911	0.000170482	0.0150457
133	0.162763	0.0195975	0.010516	0.0424493	0.0024424	0.0242195	0.003289	0.183312	0.00508122	0.0162007	0.0129318	0.0447889	0.00157655	0.0233843	0.00376655	0.211411	0.0698307	0.139872	0.000610834	0.0219559
134	0.0391477	0.00278684	0.108779	0.140569	0.00402205	0.0146992	0.0318671	0.0263342	0.040885	0.034362	0.0238288	0.0365961	0.0120161	0.0346909	0.0592217	0.192943	0.116929	0.0378541	0.0131779	0.0292904
135	0.053718	0.0625562	0.0188587	0.0333644	0.0488056	0.15418	0.097316	0.0137222	0.0786647	0.0289702	0.0170675	0.0543189	0.00538663	0.0494914	0.0637088	0.111396	0.0308979	0.0247492	0.00518199	0.0476453
136	0.00282333	0.00539264	0.00156884	0.00142856	0.351718	0.00111809	0.0130935	0.0403251	0.00243554	0.18477	0.0385532	0.00362146	0.000857486	0.00928483	0.0116914	0.00922215	0.0113149	0.0263042	0.00705302	0.277423
137	0.00573128	0.00535258	0.00167477	0.00118161	0.0115319	0.000406508	0.00171603	0.557878	0.00143641	0.0729515	0.0153425	0.000971103	0.00184992	0.000636241	0.00137104	0.00423081	0.0142924	0.297714	9.78546e-05	0.00363401
138	0.10509	0.0180959	0.0756732	0.0365011	0.009589	0.0230722	0.0299494	0.0426964	0.0213655	0.0741425	0.0206507	0.0272859	0.0140524	0.0342847	0.0196013	0.224281	0.08339	0.120439	0.00282858	0.0170108
139	0.0209346	0.000537042	0.0163768	0.0333933	0.00229885	0.0100204	0.0331624	0.00813916	0.372396	0.0210379	0.00809359	0.0374778	0.00814703	0.0705473	0.247931	0.0545137	0.0310808	0.0176442	0.000186559	0.00608155
140	0.00282238	0.00538271	0.00156888	0.00142198	0.351819	0.00115732	0.0130909	0.0402839	0.0024489	0.1845	0.0385165	0.00363077	0.000860979	0.00927056	0.011751	0.00922196	0.0113154	0.026277	0.00708741	0.277572
141	0.00284791	0.00542279	0.00158933	0.00142807	0.351901	0.00112224	0.0130784	0.0405668	0.00244454	0.184892	0.0384999	0.003682	0.000859249	0.0092611	0.0116518	0.00923062	0.0112864	0.0263883	0.0070278	0.27682
142	0.0188292	0.00203536	0.00205703	0.00244005	0.345973	0.0162114	0.00260711	0.00650664	0.0150437	0.013389	0.00563256	0.00684884	0.00113552	0.00287281	0.0335491	0.0433257	0.0127076	0.00828462	0.0224327	0.438118
143	0.0139588	0.0111027	0.00225549	0.00237626	0.0179193	0.000452533	0.00131513	0.448059	0.0021138	0.0992911	0.0182173	0.0018502	0.00203768	0.000757636	0.00362036	0.00576144	0.0345505	0.331534	9.74807e-05	0.0027294
144	0.0505459	0.00400103	0.200988	0.246672	0.00793512	0.0308295	0.0266079	0.00823734	0.0476056	0.0128933	0.005571	0.100859	0.00604952	0.0814516	0.0253889	0.0810546	0.0447867	0.00993268	0.00079035	0.0078004
145	0.0195566	0.0208883	0.0150547	0.0221436	0.00995887	0.35197	0.0447394	0.00340796	0.144097	0.0122017	0.00280379	0.0930192	0.00126645	0.0561699	0.10129	0.0726712	0.0224675	0.00377895	0.000417865	0.00209759
146	0.0272512	0.0068182	0.0155186	0.0328793	0.00722688	0.0134579	0.0415629	0.0136325	0.293784	0.0244809	0.0101548	0.0385093	0.00673125	0.0668771	0.257731	0.0631549	0.0376743	0.0282684	0.00173685	0.0125494
147	0.101887	0.0232198	0.002203	0.0236364	0.0216374	0.0031461	0.00143869	0.214347	0.0151825	0.166783	0.0338862	0.00284075	0.00192752	0.0106587	0.00819442	0.0254522	0.0741618	0.267429	0.000272966	0.00169587
148	0.0372789	0.0219349	0.00219743	0.00572979	0.0305746	0.00118516	0.000765278	0.285853	0.00459097	0.153371	0.021798	0.00262929	0.00311589	0.00262085	0.00685746	0.00981545	0.0502022	0.355565	0.000131732	0.00378333
149	0.0356377	0.00685983	0.0804396	0.0861923	0.00566445	0.0364318	0.0446867	0.0156445	0.103012	0.025474	0.00757583	0.141251	0.011488	0.0825398	0.072985	0.139261	0.0769855	0.0153673	0.00299091	0.00951243
150	0.0575983	0.00435151	0.218455	0.318936	0.00599711	0.0309569	0.0157568	0.00823742	0.037404	0.00862782	0.00483367	0.0549076	0.00587392	0.081393	0.0183226	0.0761685	0.0436937	0.0068704	0.000117681	0.00149786
151	0.100249	0.0227163	0.00223584	0.0237794	0.0223479	0.00312767	0.00149432	0.216593	0.01445	0.16267	0.0320514	0.00298592	0.00204299	0.0108739	0.00807416	0.0252236	0.0749989	0.271908	0.000274025	0.00190389
152	0.0168427	0.00248846	0.00229718	0.00287862	0.345425	0.0139853	0.00383962	0.00973475	0.0130505	0.0265097	0.00878575	0.00720811	0.00143918	0.00406076	0.0366976	0.0385905	0.0127941	0.0111066	0.0338436	0.408422
153	0.0275964	0.00362256	0.0106628	0.0275801	0.00737674	0.0141472	0.0323311	0.014312	0.29068	0.0208827	0.00614969	0.0340873	0.00506564	0.0635913	0.312411	0.0474944	0.0378474	0.0281938	0.000775014	0.0151926
154	0.0847242	0.025987	0.00192059	0.0030337	0.141215	0.00776452	0.00372344	0.200277	0.00763712	0.056261	0.0301976	0.011443	0.00609409	0.00336323	0.00398462	0.0453806	0.0354764	0.293239	0.000515427	0.0377626
155	0.0802253	0.0267641	0.00158464	0.00182585	0.124824	0.00934843	0.00225187	0.218176	0.00733744	0.0723537	0.0160175	0.00669865	0.00827579	0.00252094	0.00305744	0.0368256	0.0225676	0.315606	0.00053167	0.0432074
156	0.0854203	0.0257599	0.00154454	0.00230722	0.120527	0.00851302	0.00190647	0.222824	0.00773055	0.0699175	0.0168948	0.00645392	0.00711536	0.00236156	0.00298966	0.0362293	0.0227922	0.318054	0.000377738	0.0402807
157	0.0195176	0.00970491	0.00145326	0.00117065	0.0464558	0.000939311	0.00207389	0.188843	0.00480849	0.539383	0.080214	0.00593692	0.00491288	0.00365499	0.00373659	0.00479413	0.00644491	0.064832	0.00176801	0.00935643
158	0.0442614	0.00329753	0.295941	0.0577261	0.0394693	0.0187148	0.0591605	0.00458549	0.0276579	0.0334313	0.00910669	0.172693	0.00697327	0.0761626	0.0116446	0.0560956	0.0167536	0.0265165	0.000909149	0.0388993
159	0.0381928	0.0216843	0.00219211	0.00581203	0.0340819	0.0013981	0.00087128	0.284104	0.00476214	0.145643	0.0205179	0.00275354	0.0043807	0.00276629	0.00718417	0.0104661	0.0522223	0.355894	0.000131543	0.00494198
160	0.0492917	0.0181377	0.0346094	0.0383376	0.00414394	0.0364905	0.0338793	0.018374	0.0676917	0.0186501	0.0151805	0.101241	0.0574795	0.0355104	0.0980578	0.249697	0.0930385	0.017762	0.00173679	0.0106903
161	0.0464222	0.023254	0.00268049	0.0100775	0.0229131	0.000915747	0.000997174	0.270054	0.00556915	0.152356	0.0227181	0.00295109	0.00237681	0.00358738	0.0069359	0.0123876	0.0652886	0.346896	0.000150178	0.00146923
162	0.0724123	0.00474328	0.0457258	0.0167694	0.003405	0.0106096	0.024472	0.0590575	0.00862041	0.0174877	0.0153705	0.0125446	0.00250299	0.012882	0.00672344	0.351869	0.223036	0.106692	0.000797697	0.00427873
163	0.161507	0.00985609	0.0583513	0.0165313	0.0075067	0.0145348	0.0290971	0.0167416	0.0191238	0.0181654	0.0267796	0.0236069	0.229143	0.0167276	0.0336786	0.173699	0.0618528	0.0703829	0.00154779	0.0111665
164	0.0211287	0.00061155	0.0165544	0.0345322	0.00247916	0.0100082	0.0329705	0.00820267	0.369851	0.0210757	0.00811752	0.0373098	0.0081279	0.0706274	0.248243	0.0545896	0.0313855	0.017828	0.000189446	0.00616743
165	0.0577084	0.00436392	0.21788	0.320123	0.00589619	0.0309811	0.0155814	0.00826479	0.0374872	0.00849707	0.00483651	0.0546894	0.00588565	0.0812241	0.0183637	0.0760321	0.043854	0.00684152	0.000117842	0.0013718
166	0.0413845	0.00370324	0.12495	0.102304	0.00396847	0.0116969	0.0558843	0.0159413	0.0428491	0.0330764	0.0314388	0.0502766	0.0353335	0.0399376	0.0488913	0.196556	0.0969065	0.023276	0.0145045	0.0271205
167	0.0151279	0.00950298	0.00653293	0.00249482	0.338531	0.0028794	0.00937311	0.0777392	0.00524219	0.315586	0.0336648	0.0131259	0.00246447	0.00490125	0.00677753	0.00905985	0.00791603	0.0522565	0.00617581	0.0806482
168	0.0744067	0.0212829	0.0258388	0.0997525	0.0235847	0.0354805	0.0260955	0.011581	0.154244	0.073776	0.014999	0.0474201	0.00268317	0.089962	0.106048	0.102759	0.0479481	0.0252835	0.00777923	0.00907563
169	0.0233755	0.0120444	0.00186307	0.00175468	0.0535228	0.00147844	0.0029083	0.173782	0.00976835	0.449808	0.154358	0.00955941	0.00733575	0.00356937	0.00360323	0.0063997	0.0119519	0.0531373	0.00362211	0.0161573
170	0.0447526	0.00352767	0.0578654	0.183344	0.00551468	0.0159047	0.0266041	0.013168	0.194234	0.0354024	0.0130405	0.0337145	0.00628134	0.0815793	0.127905	0.082624	0.0474514	0.0232339	0.000900042	0.00295355
171	0.00234078	0.00331529	0.00169404	0.000739308	0.00857929	0.000422135	0.00199697	0.611652	0.00144525	0.0603526	0.0148086	0.000722691	0.00187295	0.000624544	0.000666992	0.00367336	0.00718851	0.273739	0.000107995	0.00405769
172	0.00358521	0.00351879	0.00157517	0.000764073	0.00896105	0.000398323	0.00216067	0.600685	0.00167405	0.0786057	0.0159745	0.000748583	0.00170401	0.000701097	0.000768235	0.00390304	0.0067082	0.263674	0.000110781	0.00377995
173	0.114685	0.070709	0.0151379	0.0201765	0.0148134	0.246327	0.0368133	0.0135339	0.0807638	0.0228884	0.0115558	0.0561123	0.00610392	0.0391418	0.0596982	0.0866963	0.0523757	0.0330118	0.00268909	0.0167669
174	0.054547	0.0108925	0.120098	0.206838	0.00971187	0.0323142	0.0323613	0.0222935	0.0711586	0.0323264	0.0137906	0.0557827	0.00902576	0.102306	0.0498661	0.0879917	0.0520806	0.0233739	0.00248671	0.0107551
175	0.0223625	0.00789474	0.00535162	0.00800695	0.311381	0.0145519	0.0146696	0.0163055	0.0310074	0.0448366	0.0125484	0.0153703	0.00213496	0.0102091	0.0413025	0.0407041	0.016725	0.0177829	0.0174712	0.349384
176	0.0484452	0.0132744	0.100116	0.0596497	0.0172761	0.0425237	0.0594409	0.0249486	0.0582999	0.02888	0.0141665	0.207626	0.0145321	0.0529225	0.0565592	0.0935039	0.0571482	0.0268507	0.00209524	0.0217419
177	0.0564585	0.0510886	0.0134203	0.0522938	0.0331328	0.0501417	0.0922356	0.0129865	0.124805	0.0618697	0.0251851	0.0493918	0.00182441	0.0934799	0.102732	0.0904422	0.0198483	0.0241482	0.0137562	0.0307592
178	0.369753	0.055884	0.00509101	0.00848993	0.00269031	0.114224	0.00476062	0.00449916	0.00956364	0.0108028	0.00592452	0.0162076	0.00803863	0.0131996	0.00787017	0.23156	0.0790417	0.0448326	0.000758644	0.00680876
179	0.0159521	0.00933699	0.00807203	0.00322676	0.339388	0.00319295	0.0115697	0.0667119	0.006138	0.259447	0.0339875	0.0124604	0.00236168	0.00793785	0.00950642	0.014121	0.010327	0.0506329	0.00687182	0.128758
180	0.00687321	0.00550301	0.00229221	0.00158831	0.0112196	0.000436478	0.00181181	0.563535	0.00219238	0.0796779	0.0174213	0.00102938	0.00192366	0.00105539	0.00169948	0.00454951	0.0147207	0.278608	0.000145766	0.00371643
181	0.0119748	0.00476461	0.00145253	0.00115644	0.0101578	0.000544064	0.00166675	0.511962	0.00391622	0.178551	0.023575	0.00104425	0.0015449	0.0017615	0.0019619	0.00554719	0.00639989	0.229274	0.000138757	0.00260671
182	0.412375	0.117426	0.00276097	0.00349684	0.00287946	0.141006	0.003473	0.00503057	0.00420299	0.0164854	0.00347007	0.0154202	0.00198629	0.00452919	0.00399535	0.0577898	0.117538	0.0822384	0.000820342	0.00307653
183	0.0271959	0.00304581	0.011802	0.0301723	0.00711101	0.0119425	0.0287998	0.0124589	0.304887	0.0213933	0.00651101	0.0331313	0.00565899	0.0629826	0.297708	0.0492624	0.0415934	0.0308432	0.000395492	0.0131053
184	0.0152994	0.00898736	0.0338843	0.0359783	0.011749	0.00945633	0.135577	0.0659737	0.0387831	0.292313	0.0125745	0.0205608	0.0046363	0.0149581	0.0489485	0.0795905	0.0425506	0.0414143	0.0263633	0.0604019
185	0.0365213	0.00185723	0.238849	0.0745557	0.0240403	0.0307969	0.0580436	0.00297699	0.040913	0.0255689	0.00672937	0.182682	0.00935653	0.0946143	0.0225144	0.079794	0.0214546	0.0120614	0.000713785	0.035957
186	0.033008	0.00188604	0.220587	0.0749766	0.0172865	0.0289219	0.0629953	0.0028456	0.0609915	0.0176711	0.00498812	0.224331	0.00504142	0.0824887	0.0322933	0.0686456	0.0226378	0.0103299	0.00053487	0.0275399
187	0.0163184	0.00433582	0.000932892	0.00124616	0.0171909	0.000732027	0.00122908	0.30635	0.00296007	0.453594	0.0333713	0.00144446	0.00170856	0.00337628	0.00346094	0.0060535	0.00397427	0.139027	0.000184699	0.00250926
188	0.011716	0.0030527	0.00175842	0.00194457	0.354264	0.00928256	0.006352	0.0186022	0.00983543	0.0761902	0.0181973	0.00581087	0.00114715	0.00522393	0.0264201	0.0287557	0.0117104	0.0177006	0.0228277	0.369208
189	0.010541	0.00429957	0.00151838	0.00105601	0.0103377	0.000498668	0.0017663	0.538849	0.00338567	0.145095	0.0251449	0.00103166	0.00171854	0.00150582	0.00183701	0.00531547	0.00628474	0.236537	0.000169799	0.00310795
190	0.00234078	0.00331529	0.00169404	0.000739308	0.00857929	0.000422135	0.00199697	0.611652	0.00144525	0.0603526	0.0148086	0.000722691	0.00187295	0.000624544	0.000666992	0.00367336	0.00718851	0.273739	0.000107995	0.00405769
191	0.0376686	0.00620469	0.305228	0.115592	0.0107564	0.0398038	0.0288481	0.0125129	0.0386446	0.0191592	0.0107697	0.126802	0.0149785	0.0473098	0.0246771	0.0844618	0.0451664	0.0176066	0.00101412	0.0127948
192	0.0590772	0.0149306	0.0689554	0.093506	0.0157806	0.0372576	0.0424102	0.0301389	0.10251	0.0449023	0.0198669	0.0617116	0.0128583	0.108517	0.0796903	0.0942167	0.0548355	0.0370877	0.00380037	0.0179467
