269	20
1	0.0260856	0.0122787	0.122001	0.00459188	0.00284575	0.0226642	0.040067	0.00883472	0.0133576	0.00495742	0.00291367	0.281109	0.0020839	0.00301156	0.00725592	0.310515	0.125015	0.00650487	0.00111467	0.00279204
2	0.0604559	0.013245	0.00188305	0.001899	0.0142595	0.00118822	0.00149568	0.38492	0.00205816	0.125693	0.00657636	0.00197487	0.0134847	0.0021328	0.00191847	0.0134948	0.0195622	0.330459	0.000693899	0.00260576
3	0.0980274	0.0483067	0.0011032	0.00223413	0.0276309	0.00172464	0.00112478	0.121709	0.00352958	0.352089	0.0828094	0.00241223	0.0039277	0.00295091	0.00575178	0.0376816	0.0576314	0.139349	0.00102967	0.0089769
4	0.0469189	0.00062382	0.293449	0.318406	0.00130063	0.0562437	0.00932873	0.00204874	0.0323031	0.00510973	0.00640099	0.0530043	0.0143705	0.053648	0.0268887	0.0380552	0.0227969	0.00585962	0.00124076	0.0120026
5	0.159734	0.0227252	0.00312477	0.00542589	0.0239055	0.0185968	0.107733	0.0392079	0.0383319	0.163804	0.0464489	0.107988	0.00212565	0.0434727	0.019154	0.0245735	0.125232	0.0245043	0.00180358	0.0221093
6	0.00777899	0.00124918	0.0030233	0.00144827	0.003313	0.000587357	0.00433856	0.524809	0.00446278	0.0493236	0.00765695	0.00526888	0.00182177	0.00285979	0.00188025	0.0102997	0.0180504	0.34291	0.00216583	0.00675204
7	0.127809	0.0147155	0.0780924	0.056745	0.00608037	0.261007	0.0178184	0.0101054	0.033651	0.0113278	0.0086804	0.0563209	0.0174417	0.0264532	0.0239707	0.124815	0.087179	0.0253691	0.00255276	0.00986581
8	0.0123829	0.00822203	0.132547	0.0505179	0.0143013	0.111235	0.103716	0.00605516	0.0400979	0.00325659	0.00220242	0.380399	0.00398016	0.0492299	0.0410143	0.0239259	0.00462709	0.00332502	0.00731425	0.00165056
9	0.0801105	0.0355216	0.0134598	0.0129604	0.012603	0.0275854	0.00913864	0.0440372	0.0112801	0.0334533	0.0214493	0.0318109	0.0189116	0.012534	0.00916459	0.170632	0.343626	0.0965264	0.00249255	0.0127026
10	0.0675788	0.00943565	0.0247763	0.0491285	0.00904333	0.00657049	0.00348107	0.014623	0.0183742	0.0248119	0.0161971	0.00449924	0.610004	0.0082656	0.0170515	0.0618775	0.0203257	0.0305926	0.000718129	0.00264562
11	0.00466963	0.00103072	0.000995967	0.00116054	0.0131817	0.00120098	0.00107473	0.07057	0.00172431	0.639484	0.20359	0.00122612	0.00110501	0.0120395	0.00119085	0.00217837	0.00250385	0.0369609	0.000393452	0.00371948
12	0.00466179	0.00138962	0.00251924	0.00194963	0.00333603	0.000600567	0.00683834	0.500172	0.00336616	0.0454592	0.00938381	0.00444864	0.00164794	0.00266338	0.00304108	0.00882426	0.0162737	0.375835	0.00244504	0.00514372
13	0.0508172	0.00764042	0.00172382	0.0219505	0.000674156	0.00642667	0.0336881	0.00125947	0.307904	0.0199692	0.00168799	0.0222671	0.00189097	0.0601298	0.404928	0.0391694	0.012833	0.00143671	0.000335405	0.00326812
14	0.017875	0.00292888	0.000675585	0.00320298	0.00960129	0.000793196	0.000634892	0.138578	0.00421895	0.624653	0.0971999	0.000813337	0.00184675	0.00378962	0.00467708	0.00270166	0.011245	0.0717453	0.000298363	0.00252188
15	0.0800662	0.00486336	0.0921183	0.05701	0.00462323	0.0732106	0.051246	0.00948209	0.0965426	0.0128655	0.00418573	0.141126	0.00875656	0.0671527	0.064023	0.118123	0.0898254	0.0161737	0.00229272	0.00631333
16	0.0349132	0.0051812	0.00266536	0.0157157	0.000639395	0.00957723	0.0373358	0.00118585	0.348354	0.0135202	0.00129414	0.0373964	0.00422312	0.058169	0.366942	0.0380318	0.0198406	0.00145938	0.000228009	0.00332742
17	0.00727039	0.00156553	0.000518908	0.00245554	0.0642585	0.000475822	0.000530527	0.3097	0.000484544	0.242798	0.0272693	0.000633839	0.0121286	0.000687207	0.000487293	0.00110639	0.00587109	0.311733	0.00447564	0.00554935
18	0.248576	0.00591985	0.0267109	0.0320585	0.00387007	0.0718444	0.00481438	0.00724639	0.0161863	0.00704767	0.0164444	0.0321129	0.13214	0.00436651	0.00376236	0.101653	0.16189	0.106627	0.00141123	0.0153184
19	0.0558583	0.000569961	0.134481	0.261056	0.00290861	0.00930057	0.0144069	0.0104963	0.0801201	0.0296834	0.00566442	0.0291707	0.0152323	0.0933644	0.071447	0.0687329	0.0755899	0.0241347	0.00576946	0.012014
20	0.00762141	0.00160976	0.000524601	0.00244277	0.0635125	0.000481407	0.000546495	0.311018	0.000487092	0.241703	0.0274576	0.000643281	0.0120458	0.000689036	0.000501987	0.00116314	0.00601885	0.311611	0.00441354	0.00550944
21	0.0243736	0.00227182	0.00149635	0.00174963	0.219486	0.00438979	0.0269965	0.100908	0.00713955	0.117161	0.0421623	0.0048993	0.000987097	0.0115522	0.00804042	0.00869272	0.00605248	0.186151	0.06178	0.163711
22	0.353894	0.0421899	0.00182146	0.00217334	0.00218733	0.147164	0.00281035	0.0812636	0.00220164	0.0292896	0.0173068	0.00980606	0.00137843	0.00279313	0.00215354	0.038913	0.00531817	0.253339	0.000939801	0.00305622
23	0.038233	0.00578471	0.0108145	0.0318772	0.00199534	0.0096009	0.0238159	0.00393693	0.405503	0.0134264	0.00239452	0.0275097	0.004065	0.0607223	0.294553	0.0331146	0.0188104	0.00400118	0.00121646	0.00862508
24	0.112977	0.113886	0.00240596	0.00313349	0.0406724	0.00466303	0.00313179	0.0965189	0.0044947	0.279125	0.0708953	0.00400437	0.00563533	0.00490561	0.00342226	0.0263207	0.041671	0.155993	0.00365252	0.0224919
25	0.0361025	0.00188506	0.228505	0.39985	0.00375008	0.0383267	0.00910636	0.00849441	0.0402888	0.0134779	0.00837036	0.0454894	0.0149418	0.0439967	0.0238633	0.0322998	0.027823	0.0115812	0.00232907	0.00951823
26	0.0829745	0.00288838	0.00372851	0.00478785	0.231659	0.0390642	0.0140319	0.0076021	0.0176595	0.0201181	0.00637638	0.0191308	0.00206263	0.00438211	0.0452829	0.0618891	0.0214602	0.00658885	0.0184966	0.389816
27	0.0392785	0.0033672	0.00221073	0.00280048	0.374837	0.0026859	0.00275579	0.00897604	0.00288511	0.24454	0.1584	0.0229383	0.00878765	0.0172359	0.00261577	0.0254122	0.0192471	0.0458283	0.00141852	0.0137793
28	0.0368922	0.0177157	0.0788036	0.00898001	0.0099867	0.0493212	0.0312572	0.01105	0.0124463	0.00916568	0.00644139	0.238733	0.0028943	0.0085889	0.00968181	0.35058	0.0968255	0.00970596	0.00333445	0.00759631
29	0.0652084	0.00832311	0.0212047	0.0473386	0.00705245	0.00126288	0.00174469	0.0137324	0.0171536	0.0204759	0.0149111	0.00184856	0.651751	0.00573582	0.0148672	0.0591793	0.0165462	0.0296808	0.000569951	0.00141302
30	0.00658987	0.00126101	0.00311987	0.00236797	0.00293858	0.000672408	0.00887988	0.508632	0.00322332	0.0564753	0.011869	0.00470607	0.00157795	0.00258033	0.00354144	0.0103214	0.020981	0.343232	0.00220329	0.00482665
31	0.0587148	0.0111452	0.0192614	0.0387519	0.0417682	0.0217075	0.0219407	0.0235928	0.280105	0.0309455	0.0128149	0.0276028	0.007183	0.0425883	0.143622	0.0459943	0.0310477	0.0290059	0.00760735	0.104601
32	0.0770075	0.079788	0.139495	0.0322372	0.042846	0.0352751	0.0271957	0.0311362	0.0172377	0.0375921	0.0310169	0.046708	0.00848226	0.0311182	0.0264953	0.0847164	0.0361679	0.0385092	0.0754323	0.101543
33	0.0693752	0.0092555	0.0218599	0.0379391	0.00980324	0.0261235	0.0298835	0.0116589	0.208454	0.0225276	0.00745822	0.0390912	0.012205	0.0576393	0.28952	0.0804988	0.0320601	0.0173875	0.00193627	0.0153225
34	0.0134595	0.003646	0.00161018	0.00243278	0.0274707	0.0010453	0.00371555	0.405063	0.00207661	0.129144	0.0251697	0.00299558	0.00994258	0.00270245	0.00211367	0.00624134	0.0144741	0.338261	0.00293398	0.0055014
35	0.61268	0.0339383	0.00103759	0.0011127	0.00144989	0.175723	0.00116011	0.007737	0.00118556	0.018818	0.00238294	0.00126175	0.00105589	0.00325965	0.00137743	0.0874636	0.0410066	0.00550493	0.000612719	0.00123193
36	0.0306989	0.00496385	0.00195974	0.0185249	0.0205663	0.0113358	0.0126804	0.0955422	0.0625239	0.274391	0.0317391	0.0026853	0.00261925	0.0197284	0.0470669	0.0311899	0.0343033	0.274244	0.00172744	0.0215096
37	0.128903	0.00905598	0.0177311	0.0604911	0.0109332	0.0363561	0.0279419	0.0129185	0.222104	0.00520076	0.00245105	0.0385103	0.021553	0.077221	0.161257	0.0926188	0.0427522	0.0117902	0.000460644	0.0197495
38	0.0284539	0.00719156	0.000883095	0.00305723	0.0338867	0.000990743	0.00151178	0.302244	0.00269694	0.279059	0.0527007	0.00138093	0.00702287	0.00234595	0.00369862	0.00593657	0.0200052	0.239181	0.00226704	0.00548573
39	0.0048863	0.00103754	0.0027642	0.00149157	0.00330025	0.000540455	0.00532271	0.524931	0.00381059	0.0461998	0.00828191	0.00486891	0.00145561	0.00304077	0.00213023	0.00927345	0.0173437	0.351023	0.0023516	0.00594669
40	0.0496783	0.00405023	0.130538	0.340675	0.00712822	0.0211812	0.0103477	0.0124834	0.0271786	0.122332	0.00959395	0.0294578	0.006361	0.0618069	0.0417091	0.0391596	0.0264218	0.0487239	0.00284457	0.0083288
41	0.0488945	0.000655707	0.292021	0.321651	0.00122436	0.054465	0.00858657	0.00198108	0.0329646	0.00480717	0.0061762	0.0537444	0.0147517	0.0520977	0.0277874	0.0369368	0.0224776	0.00593124	0.00141711	0.0114289
42	0.232123	0.0188245	0.0248124	0.030025	0.0979694	0.0279013	0.0909682	0.0383836	0.0229896	0.04184	0.0266083	0.0228277	0.0159528	0.0271655	0.0257114	0.0599459	0.0443004	0.0666513	0.0157254	0.0692746
43	0.0461732	0.00513621	0.0492389	0.275571	0.0141645	0.00919921	0.0212177	0.063029	0.0969687	0.0751181	0.0402279	0.0231312	0.00621358	0.0845751	0.0475803	0.0324267	0.0390947	0.0445056	0.00593075	0.0204976
44	0.102206	0.00916919	0.0117815	0.0619224	0.00449604	0.0219226	0.0238301	0.00620408	0.283262	0.012825	0.00491805	0.0282957	0.00912793	0.0631929	0.256015	0.0573097	0.0275607	0.00562606	0.000635738	0.00969928
45	0.0635299	0.000477272	0.142698	0.250847	0.00304146	0.00999695	0.0156767	0.00977229	0.0791181	0.0254152	0.00531819	0.0272631	0.0127317	0.0932516	0.0725103	0.0786187	0.0675348	0.0230392	0.005959	0.0132004
46	0.027469	0.0054835	0.0943214	0.0502284	0.00768606	0.274188	0.0642126	0.00803184	0.058361	0.00491909	0.00301571	0.227821	0.00672426	0.0365249	0.0499437	0.0472292	0.0189008	0.00703355	0.00419887	0.00370655
47	0.0772549	0.00136218	0.0265171	0.0818965	0.00228347	0.00169799	0.0160162	0.100977	0.111265	0.225142	0.0334077	0.0290077	0.00303736	0.0786962	0.081437	0.0343123	0.0534421	0.020945	0.00800012	0.0133026
48	0.0304724	0.00277725	0.00178563	0.00365224	0.0056708	0.00156188	0.00149908	0.432157	0.00314887	0.358597	0.0472384	0.00210003	0.00192617	0.00192698	0.00403714	0.00424076	0.0184438	0.0760495	0.000517087	0.00219735
49	0.0733531	0.0065327	0.010981	0.0475382	0.00418302	0.0248603	0.0323711	0.00554742	0.316105	0.0123722	0.00269035	0.0357387	0.00983374	0.0760533	0.246645	0.0533402	0.0277816	0.00490377	0.000662207	0.00850758
50	0.0746403	0.00746213	0.0282817	0.0550708	0.00809262	0.00183739	0.00171686	0.0131441	0.022532	0.0228665	0.0164928	0.0022711	0.607994	0.00657856	0.0190941	0.0602602	0.0194282	0.0299953	0.000567616	0.00167385
51	0.15312	0.0339834	0.0197888	0.0192549	0.0124764	0.0475996	0.0110199	0.0292017	0.0167621	0.0265765	0.0195293	0.0255057	0.0163097	0.0146327	0.0138869	0.154584	0.319048	0.0540426	0.00346959	0.00920794
52	0.144287	0.00842901	0.00897661	0.00912154	0.183001	0.0307041	0.0199877	0.0150039	0.0180223	0.0231039	0.0118454	0.0154601	0.00632372	0.0106311	0.0397166	0.107532	0.0252032	0.0250585	0.018814	0.278778
53	0.126608	0.0247088	0.0127096	0.00913563	0.00529387	0.519027	0.00794736	0.00577655	0.00851091	0.00628987	0.00410316	0.0210017	0.0107193	0.0115242	0.00708003	0.155122	0.0473097	0.00841108	0.0017036	0.00701741
54	0.0424844	0.0174951	0.08306	0.0141141	0.00634009	0.0450763	0.0291805	0.0118301	0.0171264	0.00878399	0.00695058	0.223745	0.00416674	0.0117153	0.011813	0.281668	0.163591	0.0124829	0.00150382	0.00687349
55	0.0647778	0.0353955	0.0157302	0.0129402	0.0107149	0.0368378	0.00959896	0.0141577	0.0134101	0.0136366	0.0132297	0.0363409	0.00624254	0.0103848	0.00809846	0.290536	0.382532	0.0173935	0.00174955	0.00629232
56	0.0400766	0.00506528	0.00163538	0.00229393	0.0122696	0.00144589	0.00178359	0.431612	0.00198267	0.216346	0.0510666	0.00271522	0.00423138	0.002305	0.00206124	0.00576693	0.0279707	0.184412	0.000944304	0.00401667
57	0.527609	0.0303698	0.00154785	0.0017143	0.00157052	0.241887	0.00136493	0.00774987	0.0015137	0.0163732	0.00298838	0.00188473	0.00368199	0.00466617	0.00164338	0.100252	0.0409908	0.0100696	0.000663005	0.00145972
58	0.0190209	0.00334754	0.000897688	0.0026925	0.0237542	0.000629832	0.000987485	0.265233	0.00294469	0.419004	0.0423455	0.00104066	0.00554896	0.00149101	0.00287924	0.00343342	0.0123134	0.187532	0.00156665	0.00333673
59	0.470341	0.0289597	0.00873132	0.00827379	0.00482602	0.116352	0.00680091	0.013346	0.00679516	0.0247794	0.00852086	0.0145991	0.00859467	0.00893306	0.00517384	0.142047	0.0927516	0.0231967	0.00165692	0.00532083
60	0.00441168	0.00119472	0.00115198	0.00140299	0.0161286	0.00133507	0.00124633	0.0781087	0.0015488	0.593988	0.235334	0.00140911	0.00116415	0.0146163	0.00130476	0.00257305	0.00282876	0.0352569	0.000436363	0.00455895
61	0.157197	0.00883073	0.004292	0.00323321	0.0214367	0.038311	0.00647238	0.13843	0.00408061	0.0280254	0.0361932	0.0188916	0.003189	0.0237031	0.00892421	0.0192911	0.138265	0.327486	0.00126349	0.0124846
62	0.614482	0.0368222	0.00104715	0.00108681	0.00131812	0.162601	0.00117111	0.00811417	0.0010972	0.0202654	0.00240094	0.00116805	0.00100319	0.00329162	0.00120338	0.091728	0.0439745	0.0054848	0.000547397	0.001193
63	0.178864	0.00523667	0.0125808	0.0149142	0.0096334	0.00930022	0.00940914	0.14226	0.00911615	0.0358143	0.0261965	0.0106851	0.00555868	0.0778978	0.0922106	0.0473642	0.0775944	0.224099	0.00235677	0.00890703
64	0.0673765	0.00576649	0.00225251	0.0249478	0.00715685	0.00548131	0.00876037	0.144649	0.0259313	0.168867	0.0283907	0.00298169	0.00910321	0.037005	0.0515055	0.0406465	0.0346246	0.325856	0.000849652	0.00784805
65	0.0260742	0.00715878	0.0013592	0.0126498	0.00111119	0.00476929	0.0186884	0.00182263	0.473427	0.0100734	0.00154027	0.0161023	0.00168927	0.0370464	0.333013	0.0261934	0.0133431	0.00192568	0.000430093	0.0115825
66	0.0447088	0.00463738	0.107901	0.0911029	0.00495735	0.254377	0.0431793	0.00716547	0.0668838	0.00612758	0.00401335	0.150286	0.00944976	0.0403479	0.0475928	0.0659701	0.0322795	0.0106108	0.00281104	0.00559848
67	0.0786032	0.00531614	0.00531512	0.0099603	0.231767	0.0323785	0.0181094	0.0177948	0.020188	0.0211926	0.0100409	0.0156918	0.00254626	0.00797749	0.0568488	0.052377	0.0192273	0.0214765	0.0261065	0.347083
68	0.0343023	0.0051995	0.00216399	0.0153599	0.000690556	0.0101928	0.0361189	0.00124519	0.346801	0.0135909	0.00127427	0.0343252	0.00458452	0.0582421	0.374372	0.0373664	0.0191622	0.00138478	0.00022537	0.00339771
69	0.108902	0.071293	0.00137758	0.00285182	0.0221918	0.00261764	0.00213488	0.114471	0.00495238	0.250983	0.0938758	0.00305334	0.00452352	0.00503688	0.00451547	0.0290479	0.06713	0.200726	0.000970571	0.00934544
70	0.0121308	0.00278207	0.00380169	0.00275476	0.00586342	0.000908513	0.00507092	0.456647	0.00481113	0.0769739	0.0144091	0.00440156	0.00196315	0.00414896	0.00398547	0.0115157	0.0308838	0.344907	0.00186668	0.0101745
71	0.101953	0.06905	0.00134953	0.00190203	0.0596764	0.0029591	0.00229987	0.137095	0.00291434	0.278333	0.0703251	0.00220549	0.0080746	0.00337637	0.00227342	0.0238815	0.0395154	0.176957	0.00289732	0.0129616
72	0.042385	0.00268869	0.443512	0.241604	0.00498675	0.0337492	0.0136234	0.00365802	0.0179858	0.0190624	0.019282	0.0413037	0.014602	0.0294112	0.0161268	0.0221036	0.0148414	0.0105003	0.00155235	0.00702141
73	0.03532	0.00585694	0.00272472	0.016421	0.000951217	0.00880642	0.0313494	0.00186777	0.375011	0.0139803	0.00145797	0.0307925	0.00381879	0.0537422	0.35588	0.0367773	0.0175382	0.00194706	0.000346054	0.00541082
74	0.0513922	0.00864646	0.0148454	0.0193311	0.0136778	0.0161368	0.0220421	0.123179	0.0138834	0.0343669	0.167802	0.0876859	0.00579619	0.0974759	0.0194577	0.0345995	0.0917936	0.155993	0.0041295	0.017765
75	0.119971	0.0633828	0.00214272	0.00259997	0.00221482	0.127736	0.00192089	0.00337981	0.0019633	0.00435209	0.00286473	0.00298772	0.00308055	0.0064444	0.0020727	0.622076	0.0237877	0.00394295	0.000739529	0.00234044
76	0.0622245	0.00102493	0.068894	0.123426	0.00254248	0.00494196	0.0161869	0.0449179	0.133276	0.0838002	0.0154899	0.0329323	0.0128165	0.129363	0.0972474	0.0581729	0.0658155	0.0307456	0.00841276	0.00776869
77	0.0333676	0.000982052	0.287364	0.405759	0.0010273	0.0462559	0.00471994	0.00265422	0.029956	0.00491043	0.00749108	0.0490166	0.0165772	0.036831	0.0142789	0.0256043	0.0195282	0.00580308	0.00117548	0.00669735
78	0.0438006	0.0085471	0.0222274	0.0433785	0.00647037	0.0154418	0.0240176	0.0147668	0.376098	0.0253535	0.00748335	0.0306024	0.00747496	0.0554268	0.217454	0.0387014	0.029241	0.0170504	0.00259207	0.0138721
79	0.0618446	0.00346338	0.0396207	0.0390069	0.00735917	0.0127564	0.0157719	0.203875	0.00962374	0.0184471	0.0714666	0.0122565	0.00294501	0.132847	0.0372842	0.041453	0.0425758	0.233098	0.0018509	0.0124541
80	0.135986	0.00798678	0.230235	0.0222682	0.0236606	0.0171275	0.0192226	0.00654455	0.0171165	0.0488712	0.00862509	0.150223	0.00161588	0.0355436	0.0268798	0.155212	0.00562367	0.0321529	0.0041974	0.0509074
81	0.0810376	0.00697942	0.00408994	0.00680996	0.00967868	0.0110636	0.0218822	0.166528	0.0071726	0.0861157	0.0641097	0.0237512	0.00188101	0.0255229	0.0222322	0.0211578	0.125627	0.291303	0.000874199	0.022183
82	0.00820778	0.00199489	0.00133138	0.00190281	0.0141972	0.00162849	0.00153494	0.0778279	0.00225763	0.618899	0.189473	0.00167623	0.00136175	0.0142876	0.00237871	0.00392542	0.00535835	0.0469301	0.000476593	0.00435031
83	0.0262455	0.00705458	0.00136054	0.0127955	0.00109477	0.00484049	0.0188995	0.00177298	0.471489	0.010091	0.00154434	0.0163488	0.00169586	0.0374606	0.333772	0.026351	0.0134973	0.00190685	0.000369368	0.0114099
84	0.610075	0.0377737	0.0011713	0.0011477	0.00144118	0.162558	0.00126524	0.00814368	0.00116429	0.0212486	0.00253413	0.00119254	0.00105992	0.00346752	0.00124033	0.0920328	0.0443392	0.00627119	0.000549329	0.00132432
85	0.0132164	0.00771511	0.00149067	0.00188013	0.059096	0.00232892	0.00232461	0.0646689	0.0019196	0.542123	0.20088	0.00232313	0.0033892	0.0108064	0.00276024	0.00546624	0.00621449	0.0453358	0.00232862	0.0237332
86	0.0453264	0.00601699	0.128031	0.115374	0.00574864	0.253337	0.03865	0.00878279	0.0415928	0.00842965	0.0064584	0.138825	0.0117064	0.0354148	0.0329186	0.0661749	0.0330728	0.0133508	0.00310511	0.00768379
87	0.293061	0.00887667	0.0206844	0.0242459	0.00575304	0.0773319	0.00519732	0.0102698	0.0131505	0.0103254	0.0153667	0.0260437	0.11207	0.00571033	0.0038073	0.106929	0.144737	0.101046	0.00151725	0.0138761
88	0.0342575	0.00103905	0.103472	0.431658	0.00237843	0.00545399	0.0102556	0.0128553	0.087064	0.0180753	0.00698984	0.0235528	0.00937635	0.0665614	0.0566613	0.0442395	0.0537054	0.0169487	0.00761723	0.00783795
89	0.0289474	0.01141	0.00155516	0.00382514	0.0181464	0.00109926	0.00592153	0.371808	0.00207473	0.109969	0.00794411	0.00206684	0.00889036	0.00248179	0.00379832	0.00730329	0.017122	0.389115	0.00192398	0.00459788
90	0.00835333	0.00476678	0.00241839	0.0122449	0.00556845	0.00180459	0.0255843	0.387665	0.00341703	0.0598436	0.00744282	0.00349691	0.00206721	0.00562912	0.020446	0.00893755	0.0133008	0.417414	0.00268565	0.00691322
91	0.0493456	0.00636963	0.0056649	0.016408	0.0082047	0.00797982	0.0204929	0.154879	0.0210846	0.141517	0.0581183	0.0120821	0.00273456	0.0378131	0.0386188	0.0301288	0.0897705	0.281608	0.00120784	0.0159711
92	0.0844154	0.0910723	0.0051257	0.00501379	0.0096553	0.0129607	0.00467786	0.0374254	0.00652791	0.016174	0.0160277	0.015247	0.00567294	0.00517587	0.00476582	0.175421	0.445841	0.0510977	0.0020106	0.00569229
93	0.0785903	0.00943146	0.0243123	0.047219	0.0132318	0.0112364	0.00842961	0.01832	0.0388939	0.0256329	0.0177483	0.0100036	0.440389	0.0193277	0.0643998	0.0940756	0.0361645	0.0347858	0.00142292	0.00638512
94	0.130002	0.0433409	0.00999458	0.0114477	0.00865122	0.0298444	0.0100523	0.0111853	0.0258177	0.0358088	0.0116984	0.0648766	0.0058741	0.00905725	0.00650651	0.272181	0.276721	0.0275984	0.00208825	0.00725348
95	0.0912106	0.00605517	0.107218	0.08798	0.00411682	0.0845787	0.0366941	0.00737516	0.0647483	0.00747573	0.00655453	0.128605	0.00901119	0.0450699	0.0459387	0.154326	0.0768369	0.0235655	0.00306883	0.00957092
96	0.198884	0.0062884	0.134742	0.051164	0.00736298	0.00663301	0.250643	0.00920777	0.00575357	0.0101077	0.0304907	0.0518348	0.00403277	0.00726267	0.00613653	0.14053	0.057398	0.0119327	0.00263155	0.00696278
97	0.0795739	0.0123661	0.0248849	0.0652936	0.00828263	0.00230156	0.00284951	0.0131216	0.020248	0.0255799	0.016786	0.00268414	0.588798	0.0098603	0.0181739	0.0609386	0.0180942	0.0277613	0.000696204	0.00170572
98	0.0482968	0.000622278	0.289737	0.321634	0.00121952	0.0556679	0.0087556	0.00208724	0.0324168	0.00508921	0.00632478	0.053815	0.0142464	0.0530208	0.0293195	0.037045	0.0220988	0.00599379	0.00136461	0.0112445
99	0.110824	0.0345508	0.0515806	0.0306731	0.00979551	0.0786288	0.0824612	0.0131388	0.02108	0.0182731	0.0168354	0.09215	0.00676669	0.0502971	0.0266993	0.230059	0.0283333	0.0198832	0.0118	0.0661709
100	0.0453314	0.108312	0.00854121	0.0139021	0.0990109	0.0127997	0.0819873	0.0628612	0.0127343	0.187705	0.0263293	0.0564437	0.00572472	0.0176019	0.0130773	0.0228643	0.0618009	0.0262853	0.00664214	0.130045
101	0.0190526	0.00259817	0.00154111	0.00242758	0.201169	0.00507161	0.0312621	0.14359	0.0102052	0.0624043	0.0430443	0.008844	0.00128972	0.0226756	0.0095321	0.00908936	0.00844139	0.206364	0.0613113	0.150087
102	0.111089	0.0202804	0.0941966	0.0527806	0.00571026	0.0819026	0.0377199	0.00912466	0.0331284	0.0181567	0.0138537	0.12556	0.00430414	0.0406887	0.0435932	0.19956	0.0342041	0.0227509	0.00971497	0.041681
103	0.0497778	0.00685682	0.00411444	0.00867539	0.00881663	0.0121203	0.0130199	0.14822	0.0109274	0.101953	0.064705	0.0150797	0.00230429	0.0347417	0.0193275	0.0227629	0.126696	0.327689	0.000847143	0.0213649
104	0.343001	0.0310387	0.0023119	0.0028231	0.0036792	0.0363681	0.0029078	0.00758144	0.00250101	0.0136926	0.00453499	0.00400899	0.0019258	0.0158396	0.00255777	0.485725	0.0270045	0.00875252	0.00106742	0.00267904
105	0.030071	0.00131143	0.0485329	0.111054	0.00147894	0.00235096	0.0300334	0.0138694	0.281293	0.0370085	0.00708438	0.0498194	0.00126578	0.159609	0.17516	0.012083	0.0185346	0.0104498	0.0078766	0.00111463
106	0.034078	0.00519907	0.00210524	0.015154	0.000633571	0.00999446	0.0358012	0.00115165	0.347596	0.0136934	0.00126198	0.0340799	0.00444729	0.0582301	0.3759	0.0369072	0.0188874	0.00133819	0.000220874	0.00332061
107	0.0215363	0.00353635	0.000611072	0.00396045	0.00950645	0.000698595	0.00055617	0.165319	0.00500857	0.602625	0.0751253	0.000692516	0.00207919	0.00203864	0.00592796	0.00294712	0.0145176	0.0807087	0.000253787	0.00235136
108	0.125835	0.0350693	0.00381959	0.126105	0.00412641	0.00391221	0.0350183	0.00711294	0.0652511	0.0557115	0.0352922	0.106575	0.00232329	0.0636027	0.0190939	0.0699748	0.106533	0.128728	0.00143704	0.00447847
109	0.128219	0.00914713	0.016917	0.0620482	0.0102262	0.0361295	0.0279661	0.0126459	0.22684	0.00481887	0.00250732	0.0369784	0.0203979	0.0781027	0.164112	0.0910871	0.0409939	0.0107942	0.000429499	0.0196383
110	0.0461125	0.000824277	0.12991	0.358129	0.00249251	0.0126392	0.0128744	0.00961858	0.0756666	0.0189355	0.00588684	0.0312862	0.0133561	0.0679147	0.0530795	0.0622492	0.0634563	0.0207102	0.00564705	0.00921166
111	0.0111159	0.00324761	0.0185279	0.0167431	0.0036584	0.00349534	0.00395845	0.507445	0.00438002	0.117113	0.00688595	0.0174671	0.00189563	0.00377405	0.00327821	0.0231776	0.184942	0.0643506	0.00121499	0.00332911
112	0.0719603	0.00736973	0.029146	0.0670545	0.00937689	0.00138079	0.00139705	0.0126313	0.0231201	0.0249247	0.0180155	0.00161314	0.601677	0.00652872	0.0195229	0.0555025	0.0170223	0.0297625	0.000661068	0.00133309
113	0.0139201	0.00768414	0.13003	0.0469801	0.0121081	0.12623	0.105398	0.00682432	0.0435072	0.00372218	0.00235965	0.357837	0.00453365	0.0435441	0.0382341	0.0362868	0.00780688	0.00443601	0.0063435	0.00221385
114	0.586855	0.0247395	0.00138201	0.0016063	0.00155871	0.114095	0.00161252	0.0107777	0.00136726	0.0229723	0.0042456	0.00163181	0.00128198	0.00742971	0.00146547	0.160492	0.0441721	0.0102088	0.000635911	0.00147056
115	0.0208022	0.00158372	0.00110159	0.00137492	0.210157	0.00381629	0.0309814	0.138001	0.00933742	0.0596476	0.0361393	0.00540244	0.000694252	0.015825	0.0103063	0.0086885	0.00559111	0.20302	0.0771802	0.16035
116	0.0194628	0.00219622	0.00155864	0.00315532	0.187197	0.00417591	0.0268936	0.130718	0.0202629	0.0785401	0.0364031	0.00580041	0.000853456	0.0209759	0.0148663	0.0131988	0.00720975	0.206449	0.0662948	0.153788
117	0.163876	0.0737766	0.0015971	0.0019832	0.0291602	0.00212071	0.0017326	0.107365	0.00409705	0.184598	0.0906915	0.00241277	0.025671	0.00437177	0.00194444	0.0319124	0.0702538	0.192559	0.0010669	0.00881079
118	0.0114392	0.00747259	0.212267	0.0408401	0.0169478	0.106115	0.0749363	0.00760452	0.0309428	0.00505101	0.00325478	0.364871	0.00414072	0.0410631	0.0324431	0.0227634	0.00509541	0.00487552	0.00560542	0.00227141
119	0.0515165	0.0102537	0.0707658	0.1351	0.0153364	0.0309999	0.0342872	0.0347144	0.0565788	0.0351167	0.0924705	0.0802925	0.0129727	0.154459	0.0401974	0.0430672	0.0393022	0.0381592	0.0048184	0.0195914
120	0.0336962	0.00951541	0.00454955	0.00391484	0.260808	0.0118103	0.0228682	0.0981472	0.010511	0.0477953	0.031408	0.00915059	0.00174745	0.0139606	0.0205196	0.0224465	0.0139731	0.121535	0.0535196	0.208123
121	0.0910361	0.00593825	0.101488	0.081078	0.00470117	0.0882935	0.0385352	0.00791329	0.064866	0.00700844	0.00589824	0.127302	0.00919687	0.0450271	0.0456156	0.15969	0.0787092	0.0236712	0.00339559	0.0106371
122	0.0480405	0.0122864	0.0930984	0.0312742	0.0120474	0.0709585	0.114366	0.0109085	0.0289179	0.0109551	0.00873358	0.270036	0.00704196	0.0315776	0.0261598	0.148464	0.0474933	0.0122269	0.00525094	0.0101628
123	0.0740845	0.00701705	0.0285254	0.063748	0.00856988	0.00118884	0.00124165	0.0134689	0.0224095	0.0267643	0.0198778	0.00158815	0.598065	0.00604102	0.0209021	0.0553312	0.0174527	0.0319955	0.000524672	0.00120347
124	0.120827	0.0198891	0.0998627	0.0466902	0.00663105	0.076291	0.0345729	0.0103025	0.0284278	0.0217737	0.0172406	0.126786	0.0033618	0.0374749	0.0385313	0.199546	0.0261199	0.0256802	0.0109054	0.0490854
125	0.0395007	0.0105298	0.0891772	0.0354195	0.0123146	0.109457	0.049493	0.00973347	0.0293796	0.00796813	0.00542216	0.268585	0.00528235	0.0273617	0.0255102	0.187929	0.0594094	0.0124255	0.00486162	0.0102405
126	0.117779	0.00579419	0.016401	0.0209587	0.0361675	0.019192	0.00948926	0.0309348	0.014434	0.0387658	0.0201626	0.00457936	0.276208	0.0317462	0.0517424	0.157891	0.0710059	0.0624817	0.00140427	0.0128611
127	0.0782381	0.00133236	0.0272896	0.0844568	0.00237247	0.00184453	0.0150542	0.0999238	0.108014	0.229837	0.0345642	0.0305825	0.00285971	0.0811607	0.0784193	0.0328478	0.0503354	0.0197881	0.00747163	0.0136073
128	0.230814	0.0166101	0.0309918	0.0117492	0.0132389	0.0227232	0.0114677	0.073768	0.0096642	0.0303673	0.0225761	0.0293528	0.0220164	0.0171468	0.0115934	0.0846538	0.166795	0.173955	0.00541226	0.0151033
129	0.0729784	0.0160998	0.0562269	0.0509535	0.0247008	0.0459001	0.194964	0.0345559	0.056336	0.0364452	0.0229524	0.0885809	0.01169	0.0416507	0.0487943	0.0734084	0.0445702	0.0433072	0.00672806	0.0291572
130	0.0730134	0.0248179	0.0627494	0.221969	0.0836469	0.00370749	0.0482204	0.00706575	0.00598082	0.049671	0.00477691	0.0148221	0.00196772	0.0646408	0.090963	0.0187251	0.0392657	0.0375983	0.00189367	0.144505
131	0.0706654	0.027076	0.0740475	0.231014	0.0785274	0.00304644	0.0537224	0.0067079	0.00564795	0.0509801	0.00428308	0.0152524	0.00184104	0.0642873	0.0903625	0.0187106	0.0375924	0.0372824	0.00175576	0.127197
132	0.0393439	0.0181206	0.0302378	0.0225002	0.0145985	0.110312	0.0235013	0.0302789	0.00324215	0.0126272	0.00247535	0.0603839	0.00120053	0.036258	0.0101237	0.25948	0.277822	0.0184692	0.000932325	0.028092
133	0.0551248	0.0225948	0.0145069	0.0153032	0.0155654	0.0170649	0.0113066	0.215048	0.0117247	0.0818112	0.0307121	0.0214717	0.00714392	0.0184975	0.0115064	0.0682952	0.226604	0.13833	0.00331171	0.0140768
134	0.467189	0.0306135	0.00205017	0.0015604	0.00186957	0.341411	0.00153456	0.00874943	0.00168845	0.0184552	0.00257713	0.00188347	0.00255797	0.0038277	0.00181819	0.0707822	0.0336079	0.00571102	0.000629	0.001484
135	0.114436	0.00401022	0.0826753	0.0999252	0.0153949	0.0059085	0.0072794	0.0203569	0.0563181	0.0356919	0.0118658	0.0109488	0.275603	0.0292312	0.0610271	0.0696249	0.0533928	0.0384047	0.00258438	0.0053211
136	0.0473444	0.00930895	0.102736	0.352086	0.0131071	0.0255896	0.0215139	0.0207933	0.047097	0.034728	0.0437917	0.0370832	0.0308678	0.0473784	0.0312503	0.0427117	0.0411702	0.0307914	0.00551716	0.0151344
137	0.0270719	0.00291285	0.00143362	0.00341351	0.00964749	0.00115657	0.0011863	0.39088	0.00317999	0.387539	0.0493014	0.00141016	0.00230898	0.00170385	0.00420085	0.0034729	0.0165899	0.0895673	0.000697608	0.00232612
138	0.0198958	0.00162086	0.00140633	0.00167747	0.197975	0.00400792	0.032151	0.132746	0.00901693	0.0656569	0.0331196	0.00523474	0.000801193	0.0165493	0.00968645	0.00891632	0.00576222	0.191947	0.107381	0.154448
139	0.0621017	0.000463393	0.14462	0.257235	0.00302231	0.0109822	0.0167898	0.00985357	0.0786048	0.0247464	0.00536651	0.0291625	0.0125761	0.0911226	0.0724973	0.0711974	0.0660629	0.0225789	0.00649394	0.0145223
140	0.198362	0.00869177	0.233957	0.017441	0.0121372	0.0102306	0.0125356	0.0133563	0.0114697	0.0591031	0.0115776	0.0401045	0.00482183	0.219162	0.0124518	0.0740441	0.0168687	0.0215441	0.00401481	0.0181261
141	0.0944412	0.0586975	0.00328717	0.00360378	0.0178097	0.00387204	0.00275693	0.0588444	0.00437773	0.273415	0.10731	0.006685	0.00398886	0.00600192	0.00522353	0.0711649	0.155967	0.112558	0.00173667	0.00825905
142	0.0360784	0.00109296	0.327689	0.304903	0.00112993	0.0913088	0.00513049	0.00175684	0.0315313	0.00368594	0.00601327	0.0626024	0.0157104	0.043438	0.0151408	0.0243041	0.016357	0.00420566	0.000424804	0.00749745
143	0.0260698	0.00522977	0.103754	0.0556205	0.00728618	0.275077	0.0687681	0.00856158	0.0449188	0.00359869	0.00249243	0.22804	0.00772865	0.0361245	0.0398465	0.0526008	0.0200071	0.00747414	0.00398802	0.00281302
144	0.0268751	0.0012395	0.0450275	0.0923225	0.00135131	0.0040453	0.0318323	0.00991987	0.317675	0.0281403	0.00536262	0.0579136	0.00106566	0.145982	0.187758	0.0107623	0.0188669	0.00764085	0.00508852	0.00113006
145	0.0129855	0.00317969	0.000624655	0.00211841	0.0534979	0.000477336	0.00053468	0.323887	0.000558317	0.225791	0.0226679	0.000698632	0.0117317	0.000690887	0.000507038	0.00204867	0.00776114	0.32161	0.00378398	0.00484579
146	0.0636704	0.00159018	0.16615	0.186359	0.00341127	0.0248304	0.0251643	0.010448	0.0854874	0.0215417	0.00608983	0.0444129	0.0122157	0.0704356	0.0616827	0.0814173	0.0968984	0.0231888	0.00485869	0.0101474
147	0.257166	0.028125	0.00551695	0.0263059	0.0189043	0.063627	0.0949155	0.0447459	0.0101027	0.0324866	0.0486426	0.00517374	0.00221803	0.00926015	0.00378221	0.0311111	0.0310284	0.176896	0.0177913	0.0922008
148	0.00727039	0.00156553	0.000518908	0.00245554	0.0642585	0.000475822	0.000530527	0.3097	0.000484544	0.242798	0.0272693	0.000633839	0.0121286	0.000687207	0.000487293	0.00110639	0.00587109	0.311733	0.00447564	0.00554935
149	0.0317523	0.00793216	0.00142375	0.00296155	0.0578441	0.00145577	0.00262585	0.311938	0.00152817	0.152787	0.0147431	0.00185965	0.0110151	0.00218279	0.00182337	0.00532035	0.0118513	0.36773	0.00370438	0.00752082
150	0.192423	0.0688978	0.00126906	0.00134923	0.0240899	0.00153109	0.00145085	0.107728	0.00397411	0.149087	0.0964155	0.00222191	0.00555053	0.00449932	0.00133347	0.0349507	0.0712988	0.223615	0.000677068	0.0076374
151	0.134627	0.0303847	0.00507236	0.00249403	0.00187983	0.561078	0.0018086	0.00307356	0.00186666	0.00341216	0.00247619	0.00279909	0.0112425	0.0097047	0.00263712	0.165247	0.051607	0.00503086	0.000967366	0.00259083
152	0.183907	0.061871	0.00160509	0.00195834	0.0213391	0.00247125	0.00207699	0.111989	0.00455028	0.13798	0.0917668	0.00362153	0.00523739	0.00551879	0.00252452	0.034388	0.0777113	0.240935	0.000604202	0.00794542
153	0.133534	0.0105411	0.0667595	0.0472879	0.00603214	0.173015	0.0219017	0.0122247	0.0348317	0.00901739	0.00920127	0.0713938	0.0283084	0.0275683	0.0240856	0.14766	0.107838	0.0529332	0.00350995	0.0123552
154	0.058842	0.0353717	0.0114533	0.00792923	0.0103771	0.0408863	0.00833441	0.0103289	0.0104551	0.012384	0.0117542	0.0336555	0.00527115	0.00849378	0.00535465	0.335107	0.374834	0.0128576	0.00105877	0.00525162
155	0.164859	0.0347267	0.00424778	0.00259537	0.00186089	0.53472	0.00181583	0.00334839	0.0018562	0.00498707	0.00253589	0.00262547	0.00972354	0.00889487	0.00281206	0.164084	0.0462699	0.00466165	0.000856068	0.00251915
156	0.419142	0.0303046	0.0040554	0.00342763	0.00220658	0.335731	0.00259916	0.0107861	0.00295255	0.0158772	0.00421385	0.00463388	0.0050267	0.00629656	0.00294599	0.0880577	0.0382672	0.019384	0.000988339	0.00310264
157	0.0595288	0.0382621	0.0067741	0.00663466	0.00991091	0.0236319	0.00658056	0.0169892	0.0103076	0.0310975	0.0518747	0.020462	0.00627702	0.0090823	0.00529443	0.259203	0.404932	0.0248997	0.00208848	0.00616884
158	0.0394559	0.00445724	0.00139476	0.00245991	0.0120104	0.00111509	0.00126799	0.435709	0.00190534	0.24352	0.0526963	0.00164123	0.00419935	0.00151576	0.00188991	0.0046098	0.023004	0.163155	0.000833783	0.00315965
159	0.0575484	0.0452248	0.00159628	0.00174313	0.00947064	0.0259084	0.00179292	0.00746185	0.00808596	0.0100765	0.0128841	0.0184365	0.00181222	0.00241663	0.00180012	0.307652	0.473826	0.0093608	0.000865801	0.00203724
160	0.144885	0.0233189	0.0143504	0.0122689	0.00418553	0.528843	0.00880834	0.00752009	0.0105845	0.00854251	0.00375649	0.0230395	0.00819101	0.0114486	0.0103833	0.12531	0.0409392	0.00774358	0.00187292	0.00400713
161	0.0712988	0.0252763	0.00175978	0.0015978	0.0157956	0.00126756	0.00161142	0.3173	0.00231062	0.153104	0.0194958	0.00202755	0.0114862	0.00225571	0.00171619	0.0126544	0.0431588	0.31153	0.000561624	0.00379163
162	0.133832	0.0304232	0.00479391	0.00221993	0.00190202	0.566853	0.00178385	0.00304288	0.00183281	0.003352	0.00234818	0.00257896	0.0102751	0.00959241	0.00263065	0.16544	0.0488887	0.00479185	0.000977438	0.00244077
163	0.0440201	0.00640554	0.00182022	0.0172783	0.000656899	0.00720641	0.0359206	0.00107464	0.321662	0.0170746	0.00132933	0.0274915	0.00245068	0.0594116	0.39893	0.0376407	0.0147185	0.00141823	0.000224063	0.00326605
164	0.0881894	0.00347305	0.00373081	0.00450454	0.233371	0.0369111	0.0174404	0.00849761	0.0235155	0.0167042	0.00720905	0.0154551	0.0019815	0.00442367	0.0592226	0.0584935	0.0178878	0.00662313	0.0235177	0.368848
165	0.00816205	0.00427258	0.000605171	0.00239432	0.0774225	0.000609514	0.000654866	0.285145	0.000638722	0.280022	0.029222	0.000700817	0.0125418	0.000743794	0.000679961	0.00136841	0.00553822	0.280126	0.00387369	0.00527821
166	0.0384688	0.0014952	0.0397461	0.0880078	0.00210613	0.00224484	0.0151979	0.0487754	0.227274	0.0649522	0.0107041	0.0330069	0.00571492	0.160293	0.133174	0.0287663	0.049187	0.0416474	0.00615256	0.00308622
167	0.00483968	0.00108855	0.00274574	0.00154389	0.00368949	0.000533755	0.00545689	0.520567	0.003727	0.046946	0.00857173	0.00495947	0.00151078	0.00287213	0.00217117	0.00938322	0.0176501	0.353584	0.00232622	0.00583396
168	0.00450539	0.00113824	0.00256391	0.00173263	0.00315642	0.000541803	0.00597568	0.509824	0.00343793	0.0435774	0.00856988	0.0045443	0.00147487	0.00272504	0.00268351	0.00878847	0.0166679	0.369774	0.00306983	0.00524887
169	0.541142	0.0356712	0.00149748	0.00136227	0.00160849	0.249753	0.00138723	0.0109101	0.00136059	0.0242921	0.00280463	0.00149824	0.00117444	0.00319905	0.00150798	0.0727814	0.0392048	0.00695209	0.000526799	0.00136554
170	0.333052	0.0360521	0.00255847	0.00343187	0.00381621	0.123598	0.00341057	0.0784309	0.00277528	0.0243488	0.0162359	0.00920986	0.00157093	0.00467066	0.00274058	0.0437798	0.0126391	0.292123	0.00136502	0.00419033
171	0.0381677	0.00128106	0.290758	0.367235	0.00249265	0.0438565	0.00676085	0.00366961	0.0330262	0.00728652	0.0077158	0.0470896	0.0171533	0.0423152	0.0205743	0.0292287	0.0233301	0.00752273	0.00151915	0.00901702
172	0.0722629	0.0142219	0.0139605	0.0243621	0.0146846	0.0214256	0.00833807	0.0152438	0.0120952	0.0192703	0.0170804	0.0102117	0.423517	0.0125389	0.0129793	0.164484	0.101129	0.0329701	0.00130194	0.00792219
173	0.0585434	0.0135155	0.0372154	0.185606	0.0661799	0.0037908	0.0504268	0.0470984	0.099123	0.100929	0.0246185	0.0087995	0.00153599	0.0899766	0.00469187	0.00671569	0.0222483	0.0937352	0.00162091	0.0836303
174	0.0666542	0.010583	0.0533858	0.0480174	0.0130091	0.312485	0.0293656	0.0158132	0.0687485	0.0155522	0.00999007	0.0776112	0.0128357	0.0383645	0.0804758	0.0754037	0.0367655	0.0190088	0.00393978	0.0119905
175	0.100569	0.0441763	0.015625	0.0102552	0.00990441	0.0455548	0.0106328	0.00825985	0.00826117	0.0142018	0.00883241	0.0303855	0.00897842	0.0125602	0.00778457	0.568427	0.0705	0.0127552	0.00271313	0.0096237
176	0.0122911	0.00351621	0.0119931	0.00374551	0.00343945	0.0026404	0.00441553	0.434686	0.00821594	0.0834031	0.0114616	0.00532767	0.00200194	0.00436757	0.0034142	0.021086	0.0547628	0.321208	0.00156322	0.00646067
177	0.0991322	0.00386311	0.00318924	0.00357281	0.0496354	0.0455378	0.0175339	0.0227808	0.00347466	0.0393753	0.0352973	0.00370597	0.181482	0.0357677	0.0140744	0.261045	0.0957667	0.0546028	0.0013855	0.028778
178	0.0387919	0.0147907	0.00451938	0.00360987	0.234895	0.0145515	0.0181951	0.0705195	0.0110912	0.0412511	0.0415192	0.00826964	0.00220005	0.0139653	0.0244589	0.0414619	0.0154389	0.0920547	0.0976029	0.210813
179	0.0597308	0.00866374	0.0545543	0.160132	0.055899	0.0039373	0.0566552	0.0428087	0.0990514	0.139675	0.0170757	0.0191713	0.00236282	0.118333	0.0142767	0.0104183	0.0275413	0.06364	0.0018975	0.0441749
180	0.0274244	0.00606118	0.00129735	0.00450682	0.0298177	0.00182312	0.00283811	0.282393	0.00516945	0.251257	0.0454992	0.00222569	0.00643067	0.00507493	0.00606086	0.00910717	0.033876	0.270646	0.0019444	0.00654699
181	0.0414299	0.00447788	0.16572	0.387927	0.00750455	0.0293713	0.0126511	0.0129285	0.0508581	0.0231439	0.0121496	0.0377101	0.0272512	0.0450527	0.0333101	0.0383882	0.0347351	0.0203474	0.00342876	0.0116142
182	0.0408744	0.00227914	0.248623	0.249206	0.00269509	0.160869	0.0148863	0.00379487	0.0332692	0.00691905	0.00607105	0.0741533	0.0141714	0.0404656	0.0227563	0.0395137	0.0226442	0.00754305	0.00112487	0.00814023
183	0.0110307	0.00294303	0.0027342	0.00192765	0.00619705	0.000822523	0.00525995	0.490596	0.00379684	0.0630428	0.00845706	0.00424737	0.00278776	0.00287949	0.00239832	0.00948033	0.0194906	0.354024	0.00209164	0.00579264
184	0.135748	0.0196614	0.0247309	0.0225439	0.00563846	0.493363	0.0118761	0.00953301	0.0156119	0.00757057	0.00443973	0.0308002	0.00931555	0.0155138	0.0148051	0.114969	0.0427325	0.0127317	0.00203363	0.00638209
185	0.106404	0.00950141	0.0257894	0.0887016	0.023821	0.058504	0.0504808	0.0282135	0.165171	0.0117461	0.00955364	0.0416938	0.0151276	0.0719877	0.0960151	0.098444	0.0380433	0.0204122	0.00187899	0.0385106
186	0.0956992	0.00295981	0.12552	0.132109	0.00947818	0.0209868	0.0169865	0.0199404	0.0828763	0.0406386	0.00886186	0.0375888	0.0535465	0.0638937	0.0746867	0.0903559	0.0726562	0.0370848	0.00477661	0.0093545
187	0.0287672	0.0813135	0.0103903	0.00936471	0.278497	0.0105113	0.011424	0.100561	0.00980993	0.0410914	0.0852937	0.0123947	0.00649019	0.0437455	0.0426843	0.0234445	0.0507455	0.0312987	0.0532007	0.0689721
188	0.00767576	0.00210062	0.000573373	0.00298586	0.0627026	0.000531219	0.000613185	0.305932	0.000570831	0.236488	0.0258904	0.000726088	0.0139997	0.000807621	0.000528113	0.00127349	0.00579683	0.319411	0.00603066	0.00536259
189	0.0848645	0.0300408	0.0171094	0.0373441	0.00906062	0.00642352	0.00921579	0.0148193	0.0145369	0.0200204	0.0143523	0.0095126	0.532847	0.00871509	0.0151144	0.0931653	0.0477991	0.0294933	0.00130178	0.00426405
190	0.0755501	0.00211092	0.148463	0.174295	0.00275826	0.0504249	0.023991	0.00744373	0.0800631	0.0141758	0.00452526	0.0730637	0.0136473	0.0667591	0.0559009	0.100942	0.0708042	0.0230396	0.00334401	0.0086982
191	0.153363	0.0113056	0.00509227	0.00461361	0.0289158	0.0258834	0.00797941	0.108824	0.0043637	0.0558446	0.022141	0.0880281	0.00316519	0.0129973	0.00709276	0.0417426	0.157093	0.235937	0.00172118	0.0238963
192	0.0749081	0.0910353	0.00299013	0.00355847	0.123346	0.0161614	0.00548811	0.0698072	0.00382451	0.287482	0.0942014	0.00552022	0.00647451	0.00639167	0.00648867	0.0452952	0.0201161	0.0635635	0.0283318	0.0450152
