308	20
1	0.0760294	0.00541574	0.0092394	0.0021262	0.009196	0.0127759	0.0359144	0.00581816	0.0275253	0.0529811	0.00163005	0.0182284	0.41483	0.0307225	0.0747298	0.138267	0.048166	0.0181127	0.000755228	0.0175373
2	0.0436351	0.00689164	0.00276794	0.00418713	0.0554284	0.00289712	0.00557833	0.19383	0.00287593	0.33501	0.0293162	0.00321619	0.0152521	0.00141942	0.0157178	0.00604465	0.0160297	0.252434	0.000779215	0.00668945
3	0.0186696	0.00845136	0.00130635	0.00102442	0.0768435	0.00179823	0.00700504	0.221374	0.00218019	0.387835	0.0373261	0.00358864	0.0141789	0.00210612	0.0139686	0.00577534	0.0109529	0.176667	0.000740623	0.00820752
4	0.0983832	0.0287587	0.0663817	0.0794129	0.00327839	0.333944	0.00597361	0.0137858	0.0392155	0.0124886	0.0204815	0.0377096	0.000989411	0.0192964	0.0847744	0.0826424	0.0342671	0.0257194	0.00914011	0.00335695
5	0.0227272	0.00329781	0.0133296	0.0460756	0.00322502	0.0204341	0.0245452	0.0164637	0.229648	0.0143863	0.0300829	0.0451843	0.0018159	0.0590223	0.326895	0.0574402	0.0542337	0.024321	0.00250994	0.00436311
6	0.03914	0.004453	0.00462835	0.00258641	0.022997	0.00438044	0.00904479	0.201048	0.0114427	0.334833	0.138621	0.00863664	0.00686464	0.00800024	0.0075492	0.016026	0.0556459	0.121906	0.000644485	0.00155208
7	0.102879	0.0225374	0.0852902	0.0870082	0.0120731	0.105873	0.0577282	0.00540265	0.00979481	0.00646834	0.0103402	0.0367655	0.022212	0.0477935	0.0643279	0.126202	0.170095	0.0230375	0.00101991	0.00315163
8	0.0990955	0.0184703	0.0609111	0.106375	0.00259826	0.124858	0.00680981	0.0568974	0.0754609	0.0380948	0.0399095	0.0467922	0.00248057	0.0385194	0.0706776	0.0719957	0.079129	0.0524861	0.00442767	0.00401182
9	0.0419213	0.00806768	0.0130902	0.0114257	0.132972	0.00830484	0.0926284	0.0577929	0.00892614	0.11648	0.03275	0.0117271	0.0223848	0.0519677	0.0525331	0.193789	0.0463161	0.0485809	0.00279826	0.0455433
10	0.0101077	0.00432486	0.000927992	0.0011167	0.0699022	0.00137146	0.00522632	0.142751	0.00115741	0.577674	0.0364495	0.00194526	0.00691256	0.00158008	0.00786291	0.00385889	0.00682749	0.114397	0.000994914	0.00461116
11	0.0244569	0.000974412	0.00765089	0.0412444	0.00288119	0.0157699	0.0198753	0.0196822	0.232496	0.01504	0.0346458	0.0296516	0.000466509	0.0539974	0.369761	0.0439987	0.0570604	0.0280311	0.00144983	0.000866642
12	0.0833451	0.0346811	0.136776	0.10814	0.00740208	0.0455662	0.0671454	0.015242	0.0534334	0.0211635	0.00449447	0.0667112	0.00418596	0.0571205	0.0817344	0.100878	0.0444595	0.0428295	0.00236804	0.0223237
13	0.0453478	0.020683	0.250515	0.104584	0.0033845	0.177516	0.00703174	0.0111	0.0317625	0.00781937	0.00620997	0.121728	0.00291691	0.0160175	0.0337907	0.0825444	0.0332031	0.0299472	0.00198021	0.0119189
14	0.00272631	0.000810243	0.000796842	0.0014744	0.047187	0.00152	0.00321444	0.0474662	0.00080634	0.787455	0.0412537	0.000714641	0.000540918	0.00239687	0.00133341	0.00268797	0.00337708	0.0526488	0.00103657	0.000553334
15	0.103206	0.0267899	0.0963336	0.0878957	0.00999954	0.107814	0.0509458	0.0058926	0.0122003	0.00670803	0.0125507	0.0403291	0.026336	0.0484347	0.0642076	0.122158	0.150349	0.0233046	0.0013688	0.00317622
16	0.0452061	0.00453907	0.0779326	0.323781	0.00122132	0.024941	0.0215405	0.0107865	0.125808	0.0241481	0.0125445	0.0243951	0.00063058	0.182303	0.0483051	0.022565	0.0164848	0.0269959	0.00414047	0.00173143
17	0.130441	0.00147574	0.0038385	0.0089435	0.00330699	0.00478544	0.00437229	0.209424	0.00465205	0.118691	0.0363088	0.00413667	0.00869989	0.0013784	0.00661923	0.016231	0.0454489	0.390067	0.000329361	0.000850772
18	0.0242922	0.00291217	0.00836949	0.0377259	0.00378681	0.0174014	0.0232497	0.026933	0.211539	0.019418	0.0370086	0.0280304	0.000943097	0.0513558	0.365934	0.0457276	0.0621597	0.0285225	0.00243074	0.00226018
19	0.0148173	0.00294905	0.364672	0.285041	0.00196917	0.0414783	0.0547222	0.0050397	0.0111976	0.0179255	0.00699558	0.0654667	0.0015516	0.0704695	0.0153838	0.0135753	0.00478031	0.0155791	0.000646385	0.00574011
20	0.00252515	0.000696939	0.000842766	0.00147911	0.0450711	0.00154806	0.00319232	0.0448297	0.000776587	0.79481	0.0416586	0.00068934	0.000399413	0.00248513	0.00111064	0.00263243	0.00337427	0.0504919	0.00105345	0.000333067
21	0.169609	0.0467459	0.00636148	0.0058949	0.00791343	0.054412	0.0116606	0.00755595	0.00895175	0.0115156	0.00341994	0.0127071	0.0144045	0.00475183	0.0176288	0.484932	0.0876295	0.0285161	0.00087602	0.0145129
22	0.00420166	0.0438883	0.00271775	0.0034228	0.237129	0.00610238	0.10846	0.0209554	0.0026434	0.0711504	0.00596966	0.0120215	0.00160652	0.0027718	0.014734	0.0270662	0.00847286	0.00655124	0.0065291	0.413606
23	0.0197121	0.00457188	0.349083	0.249963	0.0029588	0.0389466	0.0615177	0.00710763	0.015711	0.0200389	0.00673303	0.0771486	0.00258832	0.0649944	0.0174928	0.022006	0.0081785	0.0190417	0.00088674	0.0113191
24	0.0430776	0.00184032	0.00148963	0.00145494	0.00515449	0.00324581	0.00276418	0.319218	0.0111904	0.143556	0.191178	0.0125486	0.00150348	0.00143598	0.0047312	0.0153689	0.0760618	0.162752	0.000462577	0.000965309
25	0.0268201	0.00775409	0.369701	0.216046	0.00280268	0.0543313	0.0118417	0.0142201	0.0302088	0.00616124	0.00433374	0.0928226	0.00480138	0.0274738	0.0225479	0.0460473	0.0139171	0.0217798	0.000674843	0.025715
26	0.0417138	0.0159682	0.306804	0.144434	0.00505983	0.074627	0.0177599	0.0151518	0.0334137	0.00965902	0.00438274	0.105744	0.00485848	0.0220217	0.0281878	0.0761644	0.0347176	0.0310508	0.00107098	0.0272111
27	0.0195273	0.0113053	0.0418671	0.102373	0.00731607	0.0546956	0.0743778	0.00370937	0.146549	0.0304621	0.0070845	0.0423919	0.0273723	0.144598	0.155841	0.0564645	0.0250781	0.0220165	0.000456865	0.0265127
28	0.0142766	0.00258727	0.344973	0.306447	0.00188819	0.0421061	0.0529608	0.00361107	0.0120553	0.0184044	0.00810726	0.0579962	0.00124473	0.0832935	0.0154899	0.0105081	0.00440079	0.0160662	0.000779349	0.00280421
29	0.0146772	0.00385351	0.00115597	0.00108576	0.0547011	0.0017528	0.00535078	0.14532	0.00175859	0.579566	0.0410372	0.00216965	0.00672108	0.00234331	0.00695196	0.00450967	0.00813565	0.114581	0.00079262	0.00353577
30	0.0242821	0.000926993	0.00747737	0.0408621	0.00286296	0.0157786	0.0196527	0.0199978	0.230985	0.0152857	0.0347116	0.0288705	0.000479849	0.0538611	0.373408	0.0431389	0.057098	0.0281063	0.00146351	0.000750459
31	0.0890277	0.00409146	0.0256459	0.0381666	0.00151734	0.0159799	0.00185499	0.159946	0.064706	0.0694468	0.0655022	0.0352466	0.00269823	0.0145475	0.0762626	0.0627525	0.168193	0.0987229	0.000804253	0.00488693
32	0.0082335	0.0421572	0.00583346	0.00606551	0.039979	0.0168768	0.146316	0.0110145	0.0164235	0.309173	0.0269103	0.00749896	0.0295386	0.0877308	0.15094	0.0396158	0.0103909	0.0098263	0.00168608	0.03379
33	0.142792	0.00150295	0.00433471	0.0106456	0.00230264	0.00500322	0.00483161	0.182536	0.00451578	0.115776	0.025009	0.00295684	0.010162	0.00146683	0.00654017	0.0150556	0.0428081	0.420522	0.000349724	0.000889458
34	0.0541533	0.00890887	0.011034	0.137404	0.00409249	0.0200488	0.00530585	0.151824	0.109699	0.0837635	0.0364557	0.0626046	0.00623408	0.0354181	0.0582163	0.0177589	0.0331945	0.146955	0.0131463	0.0037833
35	0.0214955	0.00350335	0.192588	0.384809	0.00159508	0.0283168	0.0256179	0.00480393	0.0579137	0.0151029	0.00851268	0.0315435	0.000727541	0.145119	0.0334282	0.0119336	0.00723202	0.02182	0.00242046	0.00151633
36	0.0449958	0.00450916	0.0765041	0.332659	0.00121955	0.0244382	0.0218841	0.00951092	0.120197	0.0233083	0.0111821	0.0217624	0.00069059	0.187251	0.0502533	0.0219933	0.0144768	0.0274568	0.00422747	0.00147981
37	0.0348482	0.0182608	0.0150893	0.0149576	0.0227481	0.0167667	0.0237917	0.0944541	0.0336512	0.216951	0.0792936	0.0163661	0.0136583	0.0393107	0.148084	0.0628191	0.0819173	0.0554595	0.00220173	0.00937099
38	0.0044509	0.120214	0.0187951	0.00911368	0.0330631	0.0337735	0.214838	0.00857802	0.0241217	0.0186213	0.0115317	0.0595822	0.0102556	0.0632698	0.113164	0.055038	0.00917816	0.00618317	0.00238186	0.183846
39	0.0463881	0.00384541	0.0747013	0.163187	0.00162907	0.0410718	0.0155408	0.0252453	0.22484	0.0232609	0.0418553	0.0633768	0.00164871	0.118031	0.0473582	0.0395799	0.0438959	0.0111849	0.00648614	0.00687389
40	0.072822	0.00699335	0.0267174	0.0311057	0.00603012	0.0149711	0.00560141	0.147274	0.0554034	0.0800119	0.0693258	0.0366593	0.00359669	0.0153543	0.110361	0.065831	0.153585	0.0896395	0.000931509	0.00778551
41	0.0191727	0.0115594	0.0415755	0.101366	0.00746348	0.0554887	0.0767033	0.00330924	0.142105	0.0311787	0.00621852	0.0404027	0.0281533	0.147189	0.157561	0.0559595	0.0244186	0.0227722	0.000369108	0.0270345
42	0.0189073	0.045875	0.00947419	0.00785745	0.0335046	0.0101314	0.0169763	0.131709	0.012313	0.324853	0.0791468	0.0116874	0.0299151	0.0168605	0.104658	0.0243246	0.0251369	0.0867494	0.00179723	0.00812329
43	0.0231682	0.00102886	0.00723705	0.0392028	0.00288301	0.0149985	0.0187425	0.0191813	0.251807	0.0147572	0.0338145	0.0284893	0.000593685	0.0516175	0.365522	0.0412018	0.0563936	0.0270757	0.00149122	0.000794153
44	0.0295025	0.00512875	0.0029163	0.00246881	0.0200301	0.00819247	0.00232808	0.466372	0.00285898	0.100108	0.0513797	0.00643753	0.00287674	0.00276552	0.00401299	0.0127992	0.0382497	0.238768	0.00138674	0.00141757
45	0.128076	0.00132866	0.00341621	0.00804991	0.00329102	0.00455332	0.00406141	0.214993	0.00428321	0.125349	0.0413928	0.00434482	0.00795354	0.00138791	0.00579551	0.0164723	0.0476304	0.376524	0.000337331	0.000760366
46	0.165529	0.0395338	0.0114244	0.011016	0.00935293	0.040297	0.0119142	0.00806006	0.0110427	0.0171868	0.00468222	0.0139474	0.0254222	0.00555673	0.0165675	0.470072	0.0966573	0.0234771	0.00161325	0.0166471
47	0.0139712	0.0017324	0.00074669	0.000964732	0.0263384	0.00364884	0.00084046	0.52132	0.000812636	0.109542	0.0365521	0.00114397	0.001909	0.0024139	0.00140429	0.00261553	0.0113123	0.259996	0.00212069	0.000613633
48	0.0383328	0.0103502	0.0168692	0.00670998	0.0692793	0.00976836	0.0381139	0.0972758	0.0161141	0.339441	0.0948671	0.00824813	0.0233027	0.0259909	0.011526	0.0419092	0.0368778	0.105	0.000708191	0.00931428
49	0.0784461	0.0290155	0.07496	0.0548069	0.00748554	0.312632	0.0165188	0.0168181	0.0394803	0.01625	0.0143356	0.0523449	0.00618024	0.020061	0.0657225	0.112403	0.0386538	0.0304522	0.00623697	0.00719642
50	0.0478545	0.00542015	0.021037	0.0189061	0.170413	0.00677362	0.0871571	0.0718943	0.00758825	0.132334	0.0327108	0.00912142	0.0569277	0.0234309	0.0183935	0.137105	0.0411661	0.0748712	0.00145031	0.0354451
51	0.377566	0.0161653	0.017751	0.0535525	0.00550143	0.0613538	0.00459565	0.0213812	0.0201703	0.00863242	0.0185294	0.0267151	0.0193998	0.0128023	0.0203178	0.137398	0.0702697	0.101789	0.00089111	0.00521833
52	0.0833826	0.0526999	0.0288146	0.0219941	0.00491616	0.284054	0.0213836	0.0106064	0.019801	0.00837854	0.00763929	0.0355007	0.00271289	0.0110754	0.0415963	0.298762	0.0372094	0.0192279	0.00376739	0.00647803
53	0.0597486	0.00199934	0.00141232	0.00114572	0.0125208	0.00428098	0.00514801	0.394375	0.00366164	0.116478	0.0724642	0.0147785	0.00160985	0.00138837	0.00619544	0.0349806	0.0639666	0.202649	0.000475612	0.000721067
54	0.0763869	0.0296634	0.0742211	0.0610633	0.00550735	0.328613	0.0139663	0.0167232	0.0366139	0.014543	0.0169237	0.0512791	0.00619707	0.0210278	0.069135	0.102412	0.0366736	0.0263136	0.00635346	0.00638409
55	0.0251786	0.0080798	0.0377781	0.0849448	0.00518927	0.0304859	0.0226341	0.0187551	0.249236	0.0196715	0.0300227	0.0664604	0.00577393	0.0736503	0.179753	0.0621432	0.0469918	0.0199987	0.00369693	0.00955631
56	0.0805663	0.0310773	0.0214318	0.00895597	0.00748136	0.0324941	0.0181424	0.0642428	0.0147825	0.0242461	0.0235232	0.0313938	0.0171183	0.00754855	0.0346695	0.268135	0.268861	0.0344587	0.00205935	0.0088122
57	0.0885543	0.0141677	0.0185224	0.0102343	0.0118968	0.0107702	0.0117975	0.18109	0.013729	0.0389533	0.0386605	0.023915	0.0111539	0.00667508	0.0338142	0.090444	0.290096	0.100774	0.00110471	0.00364747
58	0.00304221	0.000896196	0.000825347	0.00146409	0.0465666	0.00148246	0.00347774	0.0500278	0.000815533	0.782473	0.0408374	0.000782238	0.000748651	0.00239783	0.00158982	0.0026881	0.00352987	0.0547404	0.00102566	0.000588785
59	0.378923	0.0177459	0.0146282	0.0414022	0.00772858	0.0268607	0.00543907	0.0359922	0.0170518	0.0137115	0.0195453	0.0251838	0.01562	0.012855	0.0188187	0.135923	0.0810003	0.124964	0.000591858	0.00601496
60	0.0170223	0.0119986	0.0316225	0.0276461	0.00357806	0.0280845	0.0283493	0.00297375	0.242361	0.00866363	0.0134704	0.145399	0.000591574	0.0422716	0.169889	0.146208	0.0462726	0.0105544	0.00611439	0.0169302
61	0.0431512	0.00469031	0.0742579	0.337615	0.00122951	0.0237485	0.0218507	0.00868766	0.117035	0.0231983	0.0106903	0.0204187	0.00084077	0.191468	0.0517069	0.0213448	0.0137622	0.0284624	0.00429302	0.00154928
62	0.0151567	0.00616554	0.00102649	0.00100978	0.070777	0.00209469	0.00465033	0.273026	0.00155735	0.328305	0.0360435	0.00308931	0.0103081	0.00142343	0.0115601	0.00476584	0.0101616	0.210168	0.00103707	0.00767327
63	0.00578044	0.0321376	0.00356103	0.00393944	0.201519	0.00673557	0.150015	0.0200284	0.003421	0.0725806	0.00684581	0.0151288	0.00218618	0.00404252	0.0172062	0.0221261	0.00775764	0.00677335	0.0112175	0.406997
64	0.0701462	0.0587124	0.0719719	0.0467838	0.00546188	0.0576531	0.150483	0.0157783	0.025536	0.016265	0.00252834	0.0608805	0.00961212	0.0849829	0.17944	0.0798597	0.0365564	0.0227753	0.000667201	0.00390677
65	0.00803069	0.249294	0.00888966	0.0224853	0.123489	0.0178821	0.0641555	0.01288	0.00847831	0.0185733	0.00979424	0.0283776	0.0027986	0.00945312	0.081708	0.0854842	0.0306764	0.0148452	0.012103	0.190602
66	0.0222494	0.0205746	0.00299445	0.0285599	0.0116754	0.103391	0.0727242	0.0123958	0.0666627	0.00565415	0.0138607	0.00452952	0.00151715	0.108948	0.308392	0.0782603	0.0601794	0.0227684	0.0524706	0.00219287
67	0.399481	0.0157144	0.0164159	0.0494507	0.0059298	0.0251107	0.00456296	0.0229795	0.0189402	0.00975818	0.0208558	0.0264322	0.0185431	0.0134685	0.0177344	0.144377	0.0762681	0.107886	0.000556096	0.00553457
68	0.0357258	0.0311137	0.0208922	0.0175005	0.196988	0.0234531	0.0506644	0.0803526	0.0179765	0.10118	0.0233151	0.0286764	0.0163936	0.024584	0.0674	0.117403	0.0417429	0.0554573	0.00332302	0.0458587
69	0.0120917	0.00240506	0.000853152	0.000841261	0.038534	0.00330554	0.00180265	0.465839	0.00101429	0.158175	0.0376312	0.00200435	0.00342548	0.00228563	0.00341869	0.00378427	0.011077	0.247268	0.00192868	0.00231487
70	0.0758413	0.00573996	0.00961897	0.00198655	0.00915643	0.013625	0.0368824	0.00609888	0.0280326	0.0548671	0.00164447	0.0180124	0.407123	0.0328275	0.0771418	0.136132	0.0489589	0.0181369	0.000578714	0.0175949
71	0.00495192	0.0388425	0.00336275	0.00381303	0.265183	0.00637834	0.0992599	0.0279089	0.0028606	0.0864441	0.00673537	0.0117845	0.00146457	0.0033822	0.0136335	0.0249086	0.00934761	0.0090872	0.00604152	0.37461
72	0.00404739	0.0168447	0.00141674	0.00134626	0.528001	0.00241749	0.0112779	0.05069	0.00144037	0.27783	0.0188787	0.00179252	0.000713412	0.00162736	0.00259787	0.00925721	0.0136357	0.0235103	0.00039615	0.0322789
73	0.00945129	0.00176122	0.000664232	0.000613813	0.0275894	0.00362455	0.000762265	0.536501	0.000692166	0.11138	0.0373593	0.00111212	0.00172988	0.00245518	0.00134272	0.00227446	0.0106202	0.247202	0.0022157	0.000648296
74	0.00967568	0.00174848	0.000667923	0.000616531	0.0272838	0.00363793	0.000810333	0.536899	0.00072207	0.110475	0.0377653	0.00122689	0.00172084	0.00251418	0.00134693	0.00242343	0.0110142	0.246551	0.00226603	0.000635499
75	0.0106703	0.0017698	0.000935805	0.000912199	0.0281104	0.0042345	0.00113043	0.517023	0.000785149	0.114405	0.0362688	0.00122233	0.00187878	0.00241381	0.00162425	0.00232726	0.0108083	0.260468	0.0021176	0.000894102
76	0.0185355	0.00406599	0.327514	0.309448	0.00192913	0.0411928	0.0314313	0.00799092	0.025293	0.0125018	0.00653552	0.0629373	0.00236284	0.0687738	0.021545	0.0219479	0.00727053	0.0168709	0.000950798	0.0109027
77	0.041481	0.0150438	0.310334	0.149286	0.00248686	0.155721	0.0158762	0.00942747	0.023933	0.00847517	0.00669116	0.0851635	0.00401291	0.0260886	0.0317262	0.0568475	0.0232908	0.0210388	0.0019862	0.0110901
78	0.01155	0.00260998	0.000689802	0.000650039	0.0370473	0.00303462	0.00155686	0.467422	0.000926491	0.167936	0.037977	0.0015944	0.00366567	0.00207608	0.0033157	0.00275405	0.0102946	0.241152	0.00174173	0.00200517
79	0.0176943	0.329368	0.0144375	0.0152339	0.0333938	0.0177701	0.022198	0.0191132	0.0140382	0.0242124	0.0129505	0.0201925	0.00688119	0.0152108	0.0318903	0.03682	0.0246178	0.0327339	0.225664	0.0855793
80	0.0880021	0.0354949	0.16669	0.10529	0.00700114	0.0794044	0.0335444	0.00749561	0.0277325	0.0102485	0.0071628	0.0538731	0.0119565	0.0392546	0.0388169	0.125819	0.125026	0.025363	0.00178954	0.0100346
81	0.0306894	0.00840545	0.392183	0.184978	0.00298178	0.0598142	0.00767568	0.016186	0.0298146	0.00473986	0.00372656	0.0977165	0.00583456	0.0168477	0.0235709	0.0506686	0.0130437	0.0218847	0.000565567	0.0286735
82	0.0913529	0.00626236	0.0185135	0.00443702	0.0294595	0.00738959	0.00656722	0.260267	0.00468866	0.0181452	0.0221025	0.0100954	0.00400505	0.00571558	0.00917543	0.0214818	0.318405	0.156992	0.00144869	0.00349675
83	0.0113202	0.00222691	0.000679529	0.000662123	0.0312891	0.00336217	0.00122035	0.500948	0.000842047	0.141799	0.0377062	0.00150684	0.00278211	0.00226122	0.00261844	0.00276367	0.0108291	0.241901	0.00197812	0.00130362
84	0.0167751	0.0123182	0.0313716	0.0264732	0.00359622	0.0279403	0.0288938	0.00253602	0.241213	0.00811902	0.0127119	0.146618	0.000615265	0.0416745	0.171253	0.14792	0.0459954	0.0104671	0.00612992	0.0173778
85	0.00555332	0.199121	0.0224606	0.00542709	0.0409729	0.0735908	0.145103	0.00771812	0.0129164	0.0131361	0.0102801	0.0572436	0.00431754	0.0238155	0.0795139	0.0751799	0.00975243	0.00804327	0.00220246	0.203652
86	0.285572	0.0480505	0.0109678	0.0256918	0.0148954	0.0557355	0.00931289	0.0327389	0.0161511	0.0126133	0.0162393	0.0294491	0.00926293	0.0104142	0.0212892	0.115537	0.0822198	0.194085	0.00124192	0.00853289
87	0.0151385	0.0190332	0.00388913	0.00212499	0.34391	0.00386131	0.0220832	0.0743506	0.00492618	0.341543	0.0365477	0.00332832	0.00683099	0.00903157	0.0100493	0.0129899	0.0167779	0.0495748	0.000579505	0.02343
88	0.0763202	0.00534443	0.00964753	0.00233525	0.00926841	0.0135158	0.0352417	0.00588294	0.0293745	0.0539954	0.00178628	0.0173844	0.418059	0.0317471	0.0755892	0.130536	0.047714	0.0189583	0.000521338	0.0167775
89	0.10226	0.0562994	0.0123239	0.00876307	0.00545674	0.187854	0.0205245	0.00768258	0.0122141	0.0076417	0.00384126	0.0275928	0.00528767	0.00921222	0.0251179	0.43327	0.049851	0.0171188	0.00134581	0.00634272
90	0.0521053	0.00410283	0.0144428	0.0272985	0.00354183	0.0179944	0.0106264	0.0974239	0.111008	0.0472004	0.0462395	0.0249666	0.00177945	0.0263305	0.259004	0.0644285	0.137553	0.049029	0.00165458	0.00326958
91	0.00969672	0.00175118	0.000662372	0.000617804	0.027653	0.00363022	0.00080066	0.535031	0.000736039	0.111699	0.0377024	0.00121496	0.00172487	0.00243892	0.00136871	0.00241981	0.0109776	0.247021	0.00219683	0.00065712
92	0.0134122	0.00284323	0.000769404	0.000675809	0.0385271	0.00288969	0.0017911	0.440601	0.00103885	0.18964	0.0414543	0.00199283	0.00428349	0.00202951	0.00405843	0.00361916	0.0116789	0.234637	0.00169112	0.00236687
93	0.103139	0.00308142	0.00973207	0.00352456	0.0181515	0.00474057	0.00429178	0.295177	0.00358476	0.0523438	0.0253077	0.00702759	0.00295	0.00330327	0.00581684	0.015685	0.234958	0.204173	0.00087667	0.00213513
94	0.0578755	0.010789	0.0135321	0.00806326	0.00798156	0.00782514	0.00966193	0.23879	0.0137105	0.0752292	0.0809134	0.0213916	0.00610229	0.00484053	0.0276329	0.0704495	0.226271	0.115489	0.00101133	0.00244083
95	0.114511	0.0432797	0.0155288	0.00847463	0.00827816	0.0430806	0.0161517	0.0354091	0.00957185	0.0192897	0.0132866	0.0228272	0.0177795	0.00545577	0.0231576	0.371405	0.19097	0.0272413	0.00166162	0.0126395
96	0.0251902	0.00947203	0.0443577	0.105945	0.00514259	0.0456831	0.0453414	0.0113669	0.180906	0.0215808	0.0192171	0.0577472	0.0134444	0.110855	0.171756	0.0574063	0.0379926	0.0190478	0.00241524	0.0151331
97	0.0458344	0.00820701	0.0191498	0.0144385	0.0732553	0.0138889	0.0356017	0.194594	0.0133727	0.0786503	0.0353392	0.0974545	0.00377149	0.0118348	0.0239602	0.0684858	0.082012	0.153497	0.00116284	0.0254897
98	0.00617922	0.0295617	0.00391876	0.00420808	0.201327	0.00661481	0.161651	0.0221934	0.00352952	0.0849747	0.00858162	0.0174377	0.00292918	0.00460585	0.0205894	0.021674	0.0078644	0.0072011	0.00953543	0.375423
99	0.0171842	0.00508521	0.0510957	0.154773	0.00248703	0.0386905	0.00738638	0.0260337	0.278505	0.0145909	0.0472497	0.0754587	0.0033061	0.112382	0.0669992	0.0357404	0.0444479	0.00535127	0.00616941	0.00706517
100	0.0341832	0.00541931	0.0051755	0.00204347	0.0250026	0.00399152	0.0110835	0.1894	0.0149174	0.287064	0.18784	0.00890018	0.00904727	0.00901956	0.00641869	0.0123868	0.0596255	0.125528	0.000514869	0.00243914
101	0.0191196	0.00778368	0.0506673	0.164575	0.00260259	0.0407651	0.00949137	0.0268993	0.265974	0.0139366	0.0389278	0.0720597	0.00386281	0.10467	0.0809336	0.0379516	0.0405004	0.0072293	0.00507422	0.00697672
102	0.0771594	0.00557731	0.00918918	0.00215677	0.00976283	0.0126927	0.0359314	0.00571323	0.0269416	0.0536226	0.00158604	0.017637	0.418946	0.0313572	0.0743694	0.132968	0.0472323	0.0183373	0.000485135	0.0183347
103	0.0037401	0.00428631	0.00100486	0.00147767	0.146045	0.00174793	0.00668069	0.0543903	0.00105511	0.666688	0.0364158	0.00113778	0.000964353	0.00253347	0.00230545	0.00451252	0.00576454	0.0494202	0.000904752	0.00892496
104	0.0213351	0.0243409	0.20801	0.0263092	0.00265965	0.227776	0.00367383	0.0043446	0.0382791	0.00421138	0.00238622	0.207484	0.00165181	0.0120857	0.0229451	0.0950694	0.0602058	0.0273549	0.000725386	0.00915148
105	0.0229678	0.00489082	0.305575	0.158053	0.00355332	0.0256295	0.155858	0.00553303	0.008162	0.0446864	0.00739445	0.111335	0.00471472	0.0668155	0.0109096	0.0206866	0.00998104	0.0221354	0.00140188	0.00971705
106	0.124956	0.0427638	0.00642437	0.00394836	0.0094786	0.0501904	0.0133865	0.00807124	0.0102287	0.0191548	0.00338988	0.0143194	0.0209675	0.00471842	0.0169235	0.519314	0.0965662	0.0158834	0.00192509	0.0173903
107	0.0245792	0.000905805	0.00743062	0.0411848	0.00288935	0.0157302	0.0196682	0.0199735	0.231955	0.0151633	0.0346916	0.028835	0.000468686	0.0540999	0.371627	0.0430591	0.0572604	0.0283285	0.00144667	0.000702652
108	0.0184698	0.00473056	0.0529061	0.152502	0.00245328	0.0395404	0.00763255	0.0256253	0.277665	0.0150242	0.0472717	0.0753566	0.00311745	0.113071	0.0648083	0.0365508	0.0447317	0.00538939	0.00633026	0.00682334
109	0.00539397	0.00160643	0.00103846	0.00141619	0.0486088	0.00165876	0.00383784	0.0678587	0.0012957	0.738973	0.0420955	0.00104929	0.00215679	0.00270448	0.00297912	0.00342132	0.00520177	0.066243	0.000990251	0.00147047
110	0.00354868	0.00785715	0.00112584	0.00129432	0.293707	0.001827	0.00739314	0.0520516	0.00124077	0.525891	0.0298293	0.00134122	0.000776467	0.0022191	0.00193727	0.00554745	0.00856435	0.0376127	0.000731977	0.0155042
111	0.00415421	0.0177654	0.00146379	0.00135342	0.525713	0.00265615	0.0114449	0.0499476	0.00148915	0.276245	0.0192454	0.00177532	0.000731277	0.00168366	0.00262699	0.0101331	0.013879	0.0237149	0.000445605	0.0335318
112	0.0168168	0.0130015	0.0344169	0.0262726	0.00387143	0.0303776	0.0302473	0.0019815	0.233745	0.00746582	0.0112697	0.161677	0.000629092	0.0403089	0.156996	0.154073	0.0440987	0.00948392	0.00584998	0.0174172
113	0.0592285	0.00550064	0.0185364	0.0210531	0.0040957	0.0205783	0.00591688	0.135034	0.0536008	0.0699126	0.0563627	0.0246006	0.00266006	0.0138344	0.185679	0.0793824	0.179468	0.0585974	0.00140277	0.00455625
114	0.051198	0.00452653	0.0769814	0.182055	0.00133831	0.0417641	0.0159699	0.0253038	0.212379	0.0224409	0.03505	0.0586093	0.00133045	0.118633	0.050197	0.038953	0.0389056	0.0137362	0.00528013	0.00534873
115	0.0158368	0.00176816	0.000807637	0.000628043	0.0254092	0.0036878	0.00126858	0.515314	0.00138016	0.112867	0.0477786	0.00281437	0.00197005	0.002182	0.00235413	0.00614013	0.0197218	0.235524	0.00184168	0.000706401
116	0.0617099	0.00278202	0.00197157	0.00167885	0.0171241	0.00358642	0.00472424	0.296122	0.00571418	0.199359	0.100517	0.00821713	0.00425385	0.0022153	0.00626449	0.0184715	0.0598852	0.203354	0.0004172	0.00163185
117	0.0206502	0.0104299	0.0436905	0.103432	0.00650178	0.0532735	0.0667238	0.00538402	0.163891	0.027021	0.0104187	0.0529509	0.0231494	0.13019	0.15144	0.0590317	0.0270092	0.0190537	0.00120809	0.0245495
118	0.0302083	0.0019386	0.0101208	0.0427706	0.00287578	0.0158954	0.0171677	0.0400005	0.212632	0.025516	0.0367881	0.0311946	0.00127333	0.0476503	0.324479	0.0444614	0.0721604	0.0394462	0.00154995	0.00187047
119	0.0204231	0.342069	0.0152946	0.015039	0.0318464	0.0191093	0.0213041	0.0188537	0.0143769	0.0263696	0.0143721	0.0212937	0.00715505	0.0156736	0.0330464	0.0398998	0.0269849	0.0332915	0.207471	0.0761257
120	0.094671	0.0437917	0.131504	0.0697108	0.00838592	0.154345	0.0508651	0.0132445	0.0379543	0.018921	0.00611872	0.0571589	0.00372886	0.0310638	0.0547035	0.127479	0.0414626	0.0345307	0.00333037	0.0170296
121	0.0775548	0.0259188	0.0957947	0.0722788	0.00510089	0.295128	0.0156107	0.0142188	0.0434329	0.0137544	0.0158627	0.0517829	0.00639571	0.0270658	0.0804254	0.0826277	0.0357363	0.0272442	0.00608862	0.00797759
122	0.0164312	0.00792191	0.00652731	0.00457024	0.0423986	0.00704578	0.0140518	0.0583826	0.00981073	0.602712	0.0696917	0.00429672	0.00969812	0.0203741	0.00851599	0.0266494	0.0179808	0.0675305	0.00106094	0.00434984
123	0.0790353	0.00638266	0.0118146	0.00423677	0.00956207	0.0160796	0.0351994	0.00696245	0.0277326	0.0553281	0.00289955	0.0185168	0.406155	0.0317962	0.0739518	0.128164	0.0489377	0.0199121	0.000674766	0.0166585
124	0.00828909	0.00710474	0.00334944	0.0026444	0.0632482	0.0045709	0.0180304	0.0469517	0.00484495	0.676684	0.0461128	0.00377075	0.00492941	0.0168073	0.012654	0.0125873	0.00902078	0.0501435	0.00107467	0.00718155
125	0.361246	0.0179436	0.0140157	0.0395214	0.00773584	0.0257675	0.00545289	0.0448017	0.016978	0.0152851	0.0221047	0.0277527	0.0153687	0.0115364	0.0193351	0.138455	0.093099	0.117528	0.000479493	0.00559306
126	0.0236463	0.00190534	0.000720088	0.00065499	0.0187828	0.00365409	0.0016021	0.498894	0.00243037	0.114007	0.0603865	0.00473862	0.00277703	0.0018764	0.00313572	0.00981009	0.0320593	0.216885	0.00139685	0.000637566
127	0.0644189	0.00252851	0.0043773	0.00391419	0.0143494	0.00586676	0.00630898	0.337163	0.00794668	0.106398	0.0611224	0.0255128	0.00182427	0.00293643	0.0112904	0.0448322	0.089281	0.207634	0.000488001	0.00180675
128	0.0535583	0.0284808	0.0255156	0.00365015	0.00266292	0.00922323	0.0202577	0.107929	0.00288088	0.0187716	0.0381537	0.0336833	0.0128578	0.00251988	0.0380959	0.164915	0.396227	0.0384793	0.000698638	0.00143871
129	0.0325645	0.00190522	0.000946613	0.0011244	0.0169206	0.00406766	0.00198845	0.475661	0.00241483	0.10604	0.0573297	0.00551476	0.0024758	0.00172558	0.00326542	0.0122553	0.037115	0.234865	0.00123895	0.000581261
130	0.102429	0.0502645	0.00575761	0.00379481	0.00462173	0.185257	0.022386	0.00597836	0.00980256	0.00567787	0.00226538	0.0275442	0.00483349	0.0109491	0.0209185	0.468161	0.0476213	0.0150591	0.000856652	0.00582117
131	0.0929858	0.0480112	0.0120401	0.00869001	0.00341848	0.251265	0.0261061	0.00513055	0.0145755	0.00577793	0.00390115	0.02472	0.00305652	0.00979704	0.0301322	0.39723	0.0424391	0.0146717	0.00166553	0.00438543
132	0.0362177	0.0107487	0.0109238	0.00418107	0.0541708	0.00797715	0.0301832	0.133674	0.0167	0.374472	0.0971567	0.00749211	0.019056	0.0212198	0.00892228	0.0267563	0.0311182	0.103383	0.000595058	0.00505283
133	0.0027852	0.0031351	0.000829325	0.00132651	0.124205	0.00151129	0.00421308	0.0465374	0.000790312	0.711425	0.0376272	0.000841535	0.000414208	0.00212312	0.00134438	0.0032263	0.00479137	0.0466941	0.000925155	0.00525375
134	0.0864495	0.0293001	0.0860556	0.091772	0.00998055	0.243095	0.012141	0.0256559	0.0378684	0.0243922	0.0217316	0.0472214	0.00122292	0.0218772	0.0825889	0.0791844	0.0369126	0.039583	0.0110968	0.0118707
135	0.0339254	0.0065285	0.00645995	0.00295728	0.0205906	0.00556799	0.0127083	0.159702	0.0155551	0.290793	0.202764	0.00992457	0.00945383	0.012206	0.00745864	0.01468	0.0691735	0.116506	0.000597563	0.00244726
136	0.022555	0.00298853	0.0169794	0.0528045	0.00305631	0.0219573	0.0246435	0.0163175	0.232758	0.0146199	0.0332044	0.0464363	0.00224506	0.0623795	0.310856	0.0549292	0.0515241	0.022978	0.00226223	0.00450574
137	0.0173488	0.0121521	0.0420465	0.093683	0.00667261	0.050693	0.0798721	0.00435982	0.136331	0.0330115	0.010499	0.0485732	0.0249786	0.150676	0.154826	0.0602775	0.0232748	0.0205074	0.0016156	0.0286019
138	0.0545042	0.00177463	0.00105685	0.000906297	0.0117617	0.00404538	0.0037325	0.414715	0.00343385	0.113778	0.0720293	0.0112941	0.0016297	0.00122539	0.00557517	0.0269061	0.0597083	0.210744	0.000613762	0.000566361
139	0.0118293	0.00461456	0.000843801	0.000855206	0.0584919	0.00168584	0.00402535	0.237178	0.00118876	0.43816	0.0362644	0.00217967	0.00746923	0.0013399	0.00837273	0.00349131	0.00748663	0.168718	0.00110752	0.00469819
140	0.0662932	0.0316308	0.161849	0.10245	0.0132001	0.0304471	0.0500045	0.021263	0.0549128	0.0298992	0.00321342	0.0843061	0.000792737	0.0385546	0.0467367	0.116525	0.0353421	0.0652187	0.00379959	0.043561
141	0.0057472	0.00211911	0.000941936	0.00129433	0.0590626	0.00148373	0.00515656	0.0760329	0.00118246	0.717441	0.0409003	0.00114375	0.00278404	0.00230593	0.00348078	0.00319542	0.00490287	0.0678758	0.000953962	0.00199537
142	0.0361974	0.0891795	0.0389753	0.0281412	0.0137725	0.141434	0.0102258	0.0598974	0.024937	0.0114148	0.00734019	0.119636	0.00364592	0.0121616	0.0631359	0.251186	0.0253987	0.0529739	0.00239342	0.00795398
143	0.00447834	0.0445853	0.00302325	0.00369146	0.206773	0.00664757	0.125359	0.0182153	0.00278597	0.0513166	0.00426252	0.0135606	0.00154357	0.0033751	0.015781	0.0289676	0.00787659	0.00527153	0.00745347	0.445033
144	0.023078	0.00121605	0.00720554	0.0389998	0.00289421	0.0150434	0.018824	0.0190532	0.251358	0.0147344	0.0334576	0.0281904	0.000605796	0.0517302	0.365933	0.04146	0.0563022	0.0271474	0.0017514	0.00101508
145	0.362461	0.0171971	0.0153291	0.0419078	0.00531264	0.0232247	0.00536916	0.0326414	0.0166015	0.00927282	0.0204872	0.029447	0.01851	0.0109979	0.0181468	0.142565	0.12429	0.101012	0.000481899	0.00474434
146	0.0247539	0.300642	0.0173253	0.018654	0.0502289	0.0238015	0.0394654	0.0213024	0.0151966	0.0353782	0.0159758	0.0273599	0.0068494	0.0165972	0.0458879	0.0584336	0.028745	0.0570579	0.0808926	0.115452
147	0.00245494	0.000666139	0.000812755	0.00148242	0.0451916	0.00153615	0.00314876	0.0445978	0.000759148	0.795764	0.0414264	0.000665402	0.000313118	0.00245242	0.00105365	0.00262984	0.0032634	0.0503944	0.00105406	0.000333937
148	0.0041608	0.00104731	0.00112176	0.0014217	0.0447035	0.00170024	0.00365892	0.0552598	0.00129434	0.764911	0.0474452	0.00103705	0.000943946	0.00275426	0.00166297	0.00311807	0.00545319	0.056726	0.00103194	0.000548167
149	0.00473208	0.0669427	0.00669071	0.00505681	0.151464	0.0140554	0.160618	0.0146542	0.00637352	0.0401652	0.00562189	0.0255289	0.00275199	0.00993938	0.0325622	0.0404918	0.00897666	0.00500193	0.00607987	0.392293
150	0.00535774	0.00287857	0.00108762	0.0013459	0.0813919	0.00145156	0.00469629	0.0795155	0.00120596	0.679751	0.039425	0.00125759	0.00308553	0.00226193	0.00385507	0.00371966	0.00647158	0.0765672	0.00104206	0.00363266
151	0.102099	0.0532636	0.00589743	0.00378394	0.00466617	0.192731	0.0237353	0.00627038	0.0109289	0.00612498	0.00217569	0.032292	0.00458046	0.00932405	0.0214282	0.448905	0.0480422	0.0171207	0.000962038	0.00566834
152	0.0430144	0.00183395	0.00148981	0.00145996	0.0050742	0.00324452	0.00272717	0.318751	0.0112311	0.144186	0.191527	0.012557	0.00150286	0.00142886	0.00472709	0.015265	0.0761595	0.162382	0.000471673	0.000967711
153	0.00417416	0.0505181	0.00274322	0.00393962	0.196109	0.00671377	0.123456	0.0169088	0.00276838	0.0422661	0.00364964	0.0141761	0.001408	0.00303033	0.0174008	0.0321008	0.00773681	0.00428788	0.00722885	0.459383
154	0.0269351	0.0127107	0.0317912	0.083824	0.00963436	0.040898	0.0559834	0.0144476	0.11777	0.0625705	0.011362	0.0341461	0.100839	0.126118	0.114615	0.0684615	0.0292307	0.0368472	0.00140043	0.0204157
155	0.117798	0.0281941	0.122951	0.109847	0.0106958	0.097607	0.0284807	0.0202732	0.0435645	0.0300662	0.011396	0.0632557	0.00352	0.0319244	0.0503653	0.101811	0.0394021	0.0608387	0.00378017	0.0242297
156	0.0278763	0.0180696	0.297791	0.0792256	0.00205353	0.180787	0.00437973	0.00690297	0.0331244	0.00395629	0.00263021	0.15691	0.00341279	0.0113001	0.0217895	0.0721722	0.0405284	0.0238262	0.000687134	0.012577
157	0.00300534	0.115088	0.00697576	0.00426799	0.118389	0.0197474	0.171671	0.0117505	0.00658719	0.0177641	0.00560839	0.0319318	0.0013778	0.0101846	0.0538199	0.0729272	0.0119464	0.00379395	0.00229548	0.330868
158	0.0570702	0.0120577	0.0209951	0.119901	0.00260444	0.0135329	0.00343595	0.169406	0.0814781	0.0641577	0.0407838	0.0397013	0.00989728	0.0228972	0.0487243	0.0348051	0.105011	0.145125	0.00474671	0.00366945
159	0.0585006	0.0217685	0.209633	0.119511	0.0169684	0.0257652	0.0379095	0.0229561	0.0494909	0.0237791	0.00351933	0.0955586	0.00145018	0.0335439	0.0379596	0.0877437	0.0305895	0.070459	0.00293867	0.0499553
160	0.0439358	0.0163366	0.253414	0.149435	0.0102183	0.0248207	0.0304229	0.0239907	0.0467778	0.0179902	0.00444144	0.103705	0.00235941	0.0321525	0.0348167	0.0726659	0.0264299	0.0549782	0.00233436	0.0487739
161	0.00571927	0.0014075	0.000983262	0.00130013	0.045692	0.00155507	0.00377498	0.0730235	0.00115695	0.735079	0.0431466	0.00108993	0.00152708	0.00252071	0.00210392	0.00334493	0.00560232	0.0692602	0.000936235	0.000776002
162	0.141141	0.00183112	0.00543214	0.0133675	0.00170943	0.00559176	0.00564463	0.160626	0.00571685	0.106399	0.0177676	0.00210035	0.013055	0.00157485	0.00783672	0.0106731	0.0366004	0.461493	0.000398867	0.00104104
163	0.0145936	0.0160823	0.0297351	0.0222372	0.00364032	0.0254354	0.0277233	0.00327239	0.227282	0.0115209	0.0151904	0.135902	0.0009266	0.0424442	0.175727	0.155443	0.0461653	0.013538	0.0106007	0.022539
164	0.0177973	0.0310474	0.0311506	0.0996047	0.007627	0.0493348	0.0561037	0.00937459	0.119236	0.0793778	0.0105005	0.0435679	0.0186778	0.182325	0.137299	0.0433921	0.0211931	0.0209825	0.00242097	0.0189872
165	0.0225429	0.298014	0.0164005	0.0160434	0.0267103	0.0223709	0.0208747	0.0215426	0.0177321	0.0280043	0.0155275	0.0221291	0.00868448	0.0195478	0.0337599	0.0413093	0.0286822	0.0356525	0.239678	0.0647935
166	0.0511767	0.0018473	0.00106119	0.000844201	0.0113327	0.00404712	0.00366789	0.420631	0.0037802	0.114142	0.0790818	0.011244	0.00160499	0.00123005	0.0057138	0.0260517	0.0603977	0.200931	0.000607223	0.000607517
167	0.264346	0.0207493	0.0508403	0.0700594	0.00691288	0.0791703	0.019715	0.0155834	0.0205636	0.00876021	0.01564	0.0322304	0.0160278	0.0313063	0.0377751	0.139093	0.0994704	0.0653498	0.00190354	0.00450303
168	0.038014	0.00588247	0.0703675	0.301377	0.00236011	0.0271726	0.0224181	0.0119617	0.132982	0.0229535	0.0150529	0.0281005	0.00307039	0.168827	0.0661348	0.0257245	0.0188864	0.0305374	0.00418825	0.00398895
169	0.082166	0.0274174	0.123735	0.0723328	0.00461671	0.292316	0.0125827	0.0120452	0.0333451	0.0116583	0.0129804	0.0581559	0.0026466	0.0179102	0.0641147	0.0932716	0.0346678	0.0300203	0.00521074	0.00880718
170	0.00316507	0.0122242	0.00120838	0.00133996	0.438717	0.00184207	0.00939658	0.0508144	0.00124107	0.378187	0.0227684	0.0015363	0.00058413	0.0017663	0.00207426	0.00685206	0.011476	0.0296568	0.000600949	0.0245494
171	0.0304036	0.0646609	0.0303043	0.0331823	0.0155226	0.126565	0.00513723	0.040026	0.0336032	0.00631033	0.00392683	0.177115	0.00209027	0.0116702	0.063806	0.305328	0.0193616	0.0265323	0.00126882	0.00318496
172	0.00420202	0.199409	0.0100092	0.0091069	0.0999292	0.0277501	0.120316	0.00916581	0.00806764	0.0129169	0.00700787	0.0446745	0.00206924	0.013013	0.0678903	0.0813818	0.0156261	0.00758538	0.00515142	0.254728
173	0.00449502	0.00778224	0.00109569	0.00133828	0.285109	0.00156811	0.00693774	0.0646132	0.00117414	0.508565	0.0289814	0.00138295	0.00167596	0.00203611	0.00299867	0.00475544	0.00889243	0.0507194	0.000747228	0.0151328
174	0.0413005	0.0109489	0.104468	0.0805711	0.00950381	0.0410413	0.144875	0.0134433	0.0158665	0.0202693	0.00748374	0.216361	0.0170637	0.0182198	0.0221776	0.0304729	0.0616059	0.0223745	0.00295212	0.119001
175	0.0197006	0.00345278	0.228745	0.370622	0.00174487	0.0297826	0.0246842	0.00575293	0.0492866	0.0134595	0.00792463	0.0404172	0.00110327	0.123614	0.0316526	0.0142242	0.0072529	0.0200775	0.00197025	0.00453279
176	0.00341238	0.00316628	0.00107033	0.00143326	0.111048	0.00163666	0.00480453	0.0546269	0.000934516	0.70614	0.0378239	0.00111664	0.00109011	0.00244185	0.00201416	0.00368594	0.00523474	0.052385	0.000956022	0.00497872
177	0.00973612	0.00174661	0.000664659	0.000616958	0.0273943	0.00362924	0.000797094	0.535608	0.000740572	0.111624	0.0379132	0.00117222	0.00173041	0.00244977	0.00134109	0.00242687	0.0110922	0.246483	0.00219328	0.000640545
178	0.0410426	0.0521839	0.0614192	0.0401395	0.0104525	0.164022	0.00514543	0.0279577	0.0358803	0.00669354	0.00598621	0.167593	0.00154571	0.0164688	0.0597166	0.241752	0.0258658	0.0303794	0.00191	0.00384545
179	0.0215291	0.00585433	0.0154842	0.046812	0.00398681	0.0318191	0.0227451	0.0204314	0.201238	0.0224539	0.0455707	0.0359093	0.00141803	0.0658615	0.306217	0.056217	0.0570243	0.0216243	0.0128469	0.00495706
180	0.0215525	0.023584	0.208059	0.0267815	0.00256556	0.228916	0.00395536	0.00406944	0.0382184	0.00417164	0.00240761	0.208543	0.00175153	0.0118525	0.0231545	0.0911268	0.0614687	0.0273728	0.000749582	0.0096991
181	0.0500195	0.00453748	0.0772284	0.17834	0.00136695	0.0416583	0.0152177	0.0253196	0.214284	0.0223675	0.0365482	0.0596895	0.0013567	0.118181	0.049902	0.0392765	0.0402534	0.0136307	0.00538174	0.00544076
182	0.140464	0.00236495	0.00742571	0.0146013	0.00216433	0.00738391	0.00754378	0.151783	0.00615373	0.107646	0.0168454	0.00279852	0.0143172	0.0020029	0.0101325	0.011091	0.0363794	0.456845	0.000588038	0.0014699
183	0.033511	0.0188441	0.0319279	0.0314755	0.0553464	0.0232389	0.0314386	0.0856764	0.0424166	0.193538	0.059296	0.0272762	0.00914369	0.0367604	0.0418435	0.064979	0.0623788	0.104927	0.000908164	0.045074
184	0.111605	0.0429095	0.00520936	0.00279299	0.0135413	0.0405764	0.0169596	0.00854903	0.0139109	0.0239058	0.00291121	0.0137243	0.0270152	0.00342784	0.0200546	0.507262	0.105023	0.0100246	0.00217884	0.0284182
185	0.0032482	0.117906	0.00829485	0.00395978	0.124488	0.026839	0.14647	0.0109549	0.00713724	0.0228488	0.00584214	0.031192	0.00159662	0.0118655	0.0434292	0.0537397	0.00882004	0.00411865	0.0037603	0.36349
186	0.0245792	0.000905805	0.00743062	0.0411848	0.00288935	0.0157302	0.0196682	0.0199735	0.231955	0.0151633	0.0346916	0.028835	0.000468686	0.0540999	0.371627	0.0430591	0.0572604	0.0283285	0.00144667	0.000702652
187	0.0321566	0.00472488	0.00185188	0.00141603	0.0442721	0.0025997	0.00542692	0.256679	0.00441192	0.297522	0.0743466	0.00471655	0.00834326	0.00198769	0.00858988	0.00900004	0.0323329	0.2045	0.000710883	0.00441077
188	0.0250266	0.0343529	0.0483073	0.0478052	0.016853	0.0321965	0.207214	0.0140157	0.0305873	0.0285813	0.0104503	0.137503	0.0538631	0.046874	0.0653216	0.0415468	0.0330936	0.0168341	0.00330484	0.106269
189	0.0258304	0.0195816	0.112999	0.0883657	0.00749034	0.0882047	0.0777487	0.00815389	0.0723442	0.020509	0.00654359	0.0704368	0.0428349	0.0728945	0.110427	0.0721944	0.0283722	0.0199666	0.00114577	0.0539566
190	0.0543479	0.00167057	0.00115901	0.00114389	0.00662288	0.00356237	0.00283561	0.345795	0.00722764	0.138867	0.135896	0.0108462	0.00145856	0.00122833	0.00497034	0.020271	0.0717679	0.189156	0.000437477	0.00073605
191	0.019576	0.00221347	0.000795984	0.000699669	0.0316631	0.00290463	0.00184548	0.435404	0.00214747	0.172486	0.0582278	0.00294046	0.00348942	0.00184156	0.0039682	0.0058623	0.0210035	0.229432	0.00158845	0.00191037
192	0.00756119	0.0355728	0.0056645	0.0050977	0.104281	0.0138176	0.196548	0.0139717	0.011231	0.235852	0.0264831	0.014379	0.0157828	0.0395005	0.0983542	0.0356118	0.0103109	0.00861941	0.00450966	0.116851
