214	20
1	0.0189695	0.00476502	0.000145918	0.000182255	0.0100341	0.000375109	0.000774029	0.329206	0.00123086	0.101733	0.01222	0.00277106	0.000937273	0.000664591	0.00201841	0.00367887	0.0151647	0.489457	0.00010959	0.00556227
2	0.36148	0.00839966	0.0084508	0.00122013	0.00485006	0.396241	0.00102426	0.00160103	0.000609039	0.00250266	0.00484481	0.0241677	0.00503698	0.000997896	0.00281741	0.152529	0.0148092	0.00673845	0.000458617	0.00122106
3	0.033691	0.0158226	0.000529898	0.000642416	0.0124568	0.0032625	0.00199863	0.386	0.000900336	0.0585709	0.0140676	0.0040468	0.000730236	0.000863416	0.0014569	0.0121242	0.0550136	0.392941	0.000315816	0.00456554
4	0.0208994	0.000993915	0.68788	0.0562366	0.00185437	0.0139245	0.0102933	0.0100481	0.0205095	0.0136943	0.00191129	0.0608489	0.00983843	0.00535342	0.0132344	0.0301268	0.021794	0.0185466	0.000451882	0.00156024
5	0.0559668	0.0230874	0.00177734	0.00197887	0.00830536	0.00570513	0.00375519	0.387499	0.00157786	0.0183757	0.00726796	0.0192255	0.00133914	0.00191133	0.00230465	0.0230614	0.160615	0.271089	0.00101335	0.00414432
6	0.0104728	0.000381689	0.00337034	0.00227577	0.000422573	0.942823	0.00439342	0.000508287	0.00101499	0.000736293	0.000484091	0.00836906	0.00162002	0.00247544	0.00197938	0.011288	0.00392743	0.00297279	0.000134929	0.000349611
7	0.00945133	0.000381376	0.00343794	0.00227727	0.000523144	0.943289	0.00448501	0.00054321	0.00111393	0.000769225	0.000518516	0.00860746	0.0016551	0.0024914	0.00204274	0.0108689	0.00401355	0.00304459	0.000140905	0.000345068
8	0.045756	0.00619878	0.00049062	0.000710118	0.00132297	0.0015414	0.000572933	0.00375058	0.000400503	0.00202733	0.00154353	0.00534435	0.000670088	0.00078941	0.00072814	0.0496798	0.8634	0.0137687	0.000298053	0.00100695
9	0.0470106	0.0396002	0.00793147	0.00627256	0.265563	0.0167678	0.0447119	0.0312967	0.0056874	0.176478	0.118047	0.0502236	0.00405729	0.0148591	0.0102569	0.0218773	0.0275224	0.0510861	0.00800846	0.0527422
10	0.0377104	0.00499518	0.000324017	0.000432747	0.00063446	0.0005984	0.00041697	0.00301706	0.000353262	0.000984294	0.000680644	0.00502309	0.000269744	0.000448921	0.000512248	0.0414893	0.890039	0.01139	0.000219047	0.000461317
11	0.0197899	0.00129366	0.704986	0.0466257	0.00171129	0.0126428	0.00964929	0.010604	0.0198168	0.0138793	0.00196355	0.0614093	0.00999179	0.00253317	0.0110935	0.0294944	0.0229558	0.0177775	0.000413122	0.00136906
12	0.18687	0.00057309	0.0396346	0.0277985	0.0487266	0.0759766	0.0623238	0.0268783	0.0213092	0.126753	0.0328827	0.0234743	0.00606191	0.0213275	0.065413	0.0754828	0.0686119	0.0449808	0.00974578	0.0351756
13	0.0512042	0.0116504	0.0193979	0.033911	0.0114761	0.0283574	0.0197417	0.0169907	0.366799	0.0334837	0.0163065	0.0207867	0.0348866	0.0367788	0.175745	0.0365878	0.0328144	0.032961	0.00492425	0.0151964
14	0.122982	0.0186065	0.00128015	0.0170402	0.0110063	0.0126481	0.00141896	0.0637682	0.00196981	0.0342651	0.0118559	0.00223869	0.00117091	0.0155403	0.0326957	0.137969	0.174899	0.335185	0.00158177	0.0018783
15	0.0813285	0.00299769	0.0460963	0.0191432	0.0454851	0.0048491	0.0320521	0.0185612	0.00210178	0.330925	0.00416484	0.00258746	0.241244	0.0193005	0.0177234	0.112131	0.00717505	0.00783697	0.00132358	0.00297415
16	0.0377331	0.00500387	0.00031457	0.000428165	0.000634113	0.000593861	0.000420284	0.00301071	0.000354851	0.000993673	0.000680975	0.00498479	0.000269744	0.000452406	0.000482334	0.0414958	0.890125	0.0113412	0.000218958	0.000461687
17	0.00688181	0.0020916	0.0414075	0.00941656	0.00222	0.0104222	0.00193498	0.00304221	0.00149887	0.00411265	0.00279099	0.10055	0.00126935	0.00199788	0.0309539	0.090377	0.618519	0.067753	0.000858524	0.0019021
18	0.101946	0.00406885	0.00418588	0.0054127	0.0272725	0.0079105	0.128832	0.00837008	0.00325058	0.0521523	0.00661944	0.0239197	0.35579	0.00433632	0.0279031	0.0303804	0.10683	0.0345883	0.00275864	0.0634728
19	0.150304	0.000704113	0.144612	0.13763	0.00578288	0.0619118	0.0397975	0.00559707	0.0560853	0.0059441	0.000981686	0.0129304	0.0740807	0.0567565	0.0691435	0.0963608	0.0385495	0.0335273	0.000797075	0.00850315
20	0.0654349	0.0103122	0.00271892	0.00867826	0.0245296	0.0147435	0.00158602	0.276796	0.00774211	0.106562	0.0638624	0.00775027	0.00118599	0.00672449	0.0191263	0.0358933	0.0395259	0.296369	0.00183725	0.00862181
21	0.0391942	0.00753187	0.0131738	0.00593938	0.20588	0.013616	0.151388	0.029555	0.0052232	0.113515	0.0554427	0.0580014	0.00273557	0.0273106	0.0131319	0.0207876	0.0140359	0.0439726	0.0249922	0.154572
22	0.403306	0.0211461	0.0022633	0.00267324	0.00517906	0.173074	0.00121419	0.00337028	0.00165043	0.00292533	0.00339843	0.00579317	0.00753983	0.00191371	0.00271398	0.300954	0.0398646	0.0184862	0.000457658	0.00207697
23	0.0276875	0.00482968	0.00373813	0.0052473	0.00633807	0.0390023	0.00442197	0.00828853	0.00384468	0.00963215	0.0572008	0.00549006	0.00311199	0.0536364	0.00540351	0.335409	0.403915	0.015418	0.00185402	0.00553073
24	0.036633	0.00487682	0.00137419	0.000660362	0.000844685	0.00113296	0.000460415	0.00296796	0.000486542	0.001157	0.00108357	0.00698332	0.000276805	0.000872766	0.00111492	0.0429504	0.88293	0.0124696	0.000230423	0.000493849
25	0.0733054	0.0156836	0.00239376	0.00423169	0.0270374	0.018355	0.00886478	0.244888	0.00444084	0.20949	0.0349904	0.00456123	0.00350954	0.0142836	0.0237818	0.0371808	0.042111	0.218617	0.00134996	0.010924
26	0.394611	0.0447693	0.000663908	0.000987569	0.00127655	0.203087	0.00106657	0.0504332	0.00457105	0.0294663	0.0279908	0.00103809	0.00666767	0.000952759	0.0010807	0.0525977	0.0443669	0.132801	0.000455352	0.00111598
27	0.027438	0.00543686	0.0107496	0.00524873	0.0165292	0.00960968	0.00382823	0.253688	0.00377668	0.371796	0.0513282	0.00181952	0.00744412	0.00222245	0.00971522	0.0183694	0.0511446	0.138624	0.000932522	0.0102984
28	0.0677975	0.0173092	0.0360249	0.0176007	0.0656102	0.0321608	0.0768411	0.0216194	0.0115907	0.03524	0.0224867	0.391421	0.00708899	0.0223109	0.013905	0.0429132	0.0368691	0.0425826	0.0109521	0.027676
29	0.306355	0.00314222	0.00262288	0.00329754	0.00932509	0.0116062	0.00317444	0.0454523	0.0219367	0.0769251	0.0793721	0.00584558	0.00221823	0.0208095	0.0471447	0.0769056	0.219844	0.055234	0.00531857	0.00346966
30	0.0452434	0.00579406	0.000799698	0.00178018	0.0246299	0.0033118	0.00100626	0.250169	0.0017063	0.262048	0.0363709	0.00197381	0.00265779	0.00230952	0.0037029	0.0104958	0.022509	0.316502	0.00103864	0.00595087
31	0.0269827	0.0028855	0.00358018	0.00286129	0.0204313	0.00868294	0.00344198	0.259358	0.00198637	0.390118	0.0327578	0.00062587	0.0067941	0.00247767	0.00961037	0.0098392	0.0221174	0.185121	0.000739992	0.00958734
32	0.0115711	0.00357659	0.0179617	0.369139	0.00376405	0.0211403	0.00292896	0.00506673	0.00212682	0.00707955	0.0350264	0.00312919	0.00202065	0.27587	0.0038466	0.0575925	0.164923	0.00880211	0.00132192	0.00311275
33	0.021269	0.0015127	0.00808892	0.030517	0.00198801	0.00276347	0.0157746	0.00961099	0.354921	0.0179309	0.0100362	0.0162349	0.0769393	0.0090757	0.34325	0.0257009	0.0183346	0.0267169	0.000637308	0.00869776
34	0.124503	0.0363256	0.000551892	0.00345601	0.00634805	0.00876121	0.000801312	0.165805	0.000658858	0.107168	0.0190448	0.00119258	0.00261635	0.000731441	0.00102265	0.00671384	0.054191	0.455366	0.00326592	0.00147727
35	0.278402	0.010961	0.000928749	0.00134217	0.00822031	0.55757	0.00138959	0.00199383	0.000984658	0.0338125	0.0143052	0.00150848	0.00102112	0.00149262	0.00362503	0.0310003	0.00639853	0.0378353	0.000503169	0.00670489
36	0.0233774	0.00740022	0.000365881	0.000548274	0.0536516	0.00345292	0.000525923	0.0552682	0.00296001	0.714464	0.0473785	0.000575666	0.000374197	0.000578232	0.000662786	0.00151572	0.0219311	0.0458151	0.000230832	0.0189238
37	0.00680683	0.00775666	0.000366743	0.00285011	0.0145967	0.00105352	0.000442931	0.439582	0.000402217	0.279698	0.0119502	0.000395815	0.000337277	0.00336019	0.00078217	0.00164699	0.00177418	0.224415	0.000215957	0.0015667
38	0.270741	0.0405601	0.00175942	0.00302846	0.00336563	0.0497555	0.00269025	0.0427276	0.00179067	0.0140116	0.00655197	0.00274718	0.00471255	0.00237333	0.00331079	0.0266829	0.307054	0.211165	0.00160559	0.00336677
39	0.00758276	0.00233651	0.037889	0.0115292	0.00210343	0.0128284	0.0019856	0.00286081	0.0014462	0.0038685	0.00316343	0.103447	0.00107253	0.00247501	0.024904	0.0937155	0.630042	0.0539708	0.000837467	0.00194204
40	0.121256	0.00308408	0.0657358	0.21819	0.000822905	0.0265518	0.0160236	0.00341207	0.104926	0.00786523	0.0122639	0.0176402	0.0114034	0.0525328	0.257577	0.0530217	0.0192864	0.00171079	0.000227802	0.0064674
41	0.0100729	0.000425336	0.0058918	0.0029087	0.000438701	0.929722	0.00521865	0.000546404	0.00235413	0.000725097	0.000683228	0.0121056	0.00230607	0.00357539	0.00349294	0.0116677	0.00425121	0.00297473	0.000159609	0.000479337
42	0.0429191	0.0073994	0.0167432	0.00249281	0.261485	0.0150551	0.179886	0.0177434	0.00230336	0.117311	0.0758806	0.0534526	0.00156827	0.0364032	0.00439266	0.0222156	0.00859682	0.0414587	0.0177582	0.0749357
43	0.118782	0.00403515	0.057606	0.212444	0.000906555	0.0319598	0.0138177	0.00440589	0.0994082	0.00941641	0.0106156	0.0170884	0.0136718	0.0506497	0.268993	0.0574211	0.0208779	0.0020552	0.000207017	0.00563981
44	0.0975925	0.00288829	0.227146	0.0960986	0.0482037	0.0642225	0.0709525	0.0118044	0.0190555	0.0580672	0.0155906	0.018657	0.0102391	0.0552881	0.0350422	0.0793987	0.0305089	0.0390496	0.00368231	0.0165123
45	0.0661102	0.00975774	0.00311561	0.010413	0.0244761	0.0143639	0.00146109	0.280255	0.00764615	0.104652	0.0646717	0.0080447	0.00144476	0.0073397	0.0165691	0.0363807	0.0421361	0.28938	0.00210229	0.00968068
46	0.0244822	0.00621548	0.00473727	0.00313668	0.0256253	0.0132403	0.011577	0.293838	0.00280813	0.331957	0.0353261	0.00151858	0.00941818	0.00393734	0.0173762	0.018518	0.0247425	0.145621	0.000725236	0.0252001
47	0.18269	0.000543534	0.0430329	0.0338654	0.0481652	0.0720327	0.0651519	0.0253393	0.0206151	0.128041	0.0326916	0.0225283	0.0068949	0.0223883	0.0664574	0.0739978	0.0666318	0.0448748	0.00915973	0.0348978
48	0.659383	0.00514675	0.000551445	0.000826222	0.00085418	0.0817574	0.000733276	0.00126906	0.000464771	0.00164202	0.00106405	0.000766516	0.00050703	0.000838954	0.00660765	0.141211	0.0557037	0.0395863	0.000312204	0.000774282
49	0.0180108	0.00554892	0.00016149	0.000201296	0.0109372	0.000369219	0.00106118	0.358429	0.000732354	0.0870976	0.0108012	0.00206696	0.000712372	0.00050227	0.00144686	0.00360877	0.013771	0.47948	0.000114849	0.00494627
50	0.328188	0.0634788	0.0011816	0.00145434	0.00187972	0.180374	0.00145851	0.0928878	0.00341311	0.0281397	0.0174438	0.00143069	0.0045244	0.00146755	0.00163615	0.0473293	0.037237	0.184134	0.00082936	0.00151142
51	0.0146443	0.00517964	0.000215538	0.000279849	0.00865833	0.000490037	0.00171025	0.371724	0.000524466	0.0833201	0.00890623	0.00166135	0.000707774	0.000435372	0.00122398	0.00313603	0.0111208	0.481935	0.000169276	0.00395693
52	0.16776	0.27044	0.00111453	0.00123547	0.00917893	0.0534594	0.00830861	0.00357373	0.00101211	0.0242291	0.0105687	0.0252266	0.00144485	0.00130555	0.00156358	0.333758	0.0228101	0.0607331	0.000661473	0.0016161
53	0.00951819	0.0023704	0.00116766	0.00130104	0.471077	0.0139119	0.00573548	0.0135135	0.000979976	0.347403	0.0231492	0.00665363	0.000904425	0.00141979	0.00584019	0.00324954	0.0273444	0.0187287	0.000650616	0.0450817
54	0.0415235	0.00535639	0.00769877	0.0107406	0.0170071	0.0142733	0.00279537	0.274765	0.00725909	0.273047	0.0633675	0.0047461	0.00740951	0.00352497	0.0160759	0.0262558	0.0314211	0.182056	0.0012515	0.00942541
55	0.0472724	0.0079717	0.0362435	0.00187964	0.147741	0.0211538	0.211829	0.00379605	0.00149973	0.0170615	0.0162622	0.328066	0.0014526	0.0248269	0.00236304	0.0401089	0.00496456	0.0126837	0.0271807	0.0456434
56	0.277192	0.0101135	0.000732151	0.00785568	0.00248908	0.0313277	0.000917268	0.00156323	0.0056459	0.00188958	0.00180287	0.000960132	0.00559687	0.00537538	0.00101903	0.616174	0.0181789	0.00457176	0.000408902	0.00618627
57	0.0298218	0.00830886	0.000942696	0.0135113	0.367859	0.0152554	0.0439424	0.0158592	0.0014685	0.00519245	0.0117112	0.0135456	0.00602049	0.0108042	0.00181751	0.0214351	0.0301905	0.0203658	0.0247644	0.357184
58	0.0195217	0.00476288	0.000163499	0.000191188	0.010506	0.000401462	0.000669236	0.312728	0.00156731	0.104227	0.0129533	0.00339289	0.00103222	0.000831366	0.00223818	0.00405628	0.0168097	0.49734	0.000164326	0.00644291
59	0.0814606	0.0788238	0.00129208	0.00188805	0.0329895	0.00386871	0.00175367	0.0639732	0.00119221	0.0505239	0.00384118	0.00269218	0.00127654	0.010357	0.00226994	0.256804	0.305008	0.0781772	0.000793033	0.0210149
60	0.111357	0.0799803	0.00253008	0.000982684	0.0150427	0.014113	0.00144535	0.118609	0.000844829	0.396633	0.0318433	0.00122946	0.0126031	0.00309289	0.017982	0.0539884	0.0662455	0.0625815	0.000530959	0.00836484
61	0.340753	0.00947819	0.00538137	0.00111374	0.00609918	0.438632	0.0010551	0.00147143	0.000666106	0.0080365	0.00706239	0.0147179	0.004459	0.00100778	0.00340731	0.127661	0.0130163	0.0131563	0.000351445	0.00247329
62	0.0755933	0.0698637	0.00122302	0.00178978	0.00240308	0.0113831	0.290091	0.00270179	0.00125296	0.00329983	0.00233746	0.00179158	0.00140958	0.0015542	0.00197169	0.386887	0.0482082	0.0407512	0.0133247	0.042163
63	0.0673248	0.000615053	0.328682	0.224587	0.00235067	0.0416294	0.0186539	0.00158702	0.0358843	0.0115953	0.0097692	0.0417615	0.00650375	0.064038	0.0445393	0.0653344	0.0176886	0.0100986	0.000789313	0.00656814
64	0.019364	0.00472198	0.00014837	0.000188659	0.0103325	0.000358043	0.000704574	0.321516	0.00136975	0.10256	0.0127529	0.00302324	0.00101223	0.000731868	0.00208188	0.00399374	0.0160686	0.49275	0.000140834	0.00618054
65	0.225931	0.0485448	0.0142993	0.00376245	0.0215029	0.0309914	0.0158819	0.0113486	0.0021464	0.0466992	0.0249229	0.0602958	0.00189724	0.00274315	0.0153888	0.18651	0.103784	0.11593	0.0311674	0.0362522
66	0.0358953	0.0042743	0.0340552	0.00355247	0.0259289	0.255993	0.0235543	0.00631704	0.162204	0.0292262	0.00578258	0.00505932	0.00278857	0.0623235	0.226895	0.0493732	0.0301388	0.0113026	0.00195686	0.0233786
67	0.0858701	0.00423638	0.16737	0.133391	0.025651	0.014736	0.0407806	0.0201965	0.0257479	0.0255824	0.0187054	0.0461865	0.00851733	0.0480373	0.0840808	0.0378577	0.0580775	0.111268	0.00154303	0.042165
68	0.030963	0.00765417	0.000938187	0.0140725	0.372152	0.0155103	0.0412369	0.0148682	0.00141252	0.00485242	0.0124508	0.012589	0.00658871	0.0118682	0.00177074	0.0231242	0.0306037	0.0194012	0.0236722	0.354271
69	0.14763	0.00133092	0.136191	0.145557	0.00640303	0.0584347	0.0383985	0.00735239	0.0529433	0.00846596	0.00233842	0.0149121	0.0688748	0.0548769	0.0714168	0.0897733	0.0443088	0.0402491	0.00107757	0.00946506
70	0.0520108	0.00905851	0.0255263	0.0445145	0.0189411	0.0228328	0.0216525	0.0152613	0.141568	0.0532331	0.0142027	0.0139718	0.0170225	0.0428451	0.400562	0.032824	0.0229498	0.0205624	0.0155869	0.0148736
71	0.163676	0.0264355	0.00163774	0.00212035	0.0903823	0.0836207	0.00247452	0.0166273	0.00224256	0.0448626	0.0701895	0.0137786	0.00156659	0.00249914	0.00315123	0.0553799	0.314715	0.0993557	0.00155575	0.00372835
72	0.129516	0.0281357	0.00383389	0.0194396	0.012504	0.016566	0.0176174	0.0710096	0.0045078	0.0764245	0.0727727	0.0874036	0.0015649	0.00439521	0.00535609	0.23697	0.111589	0.0718784	0.0232317	0.00528344
73	0.2269	0.0223977	0.00243445	0.0060537	0.0138713	0.0101287	0.00326229	0.0107506	0.00235861	0.0188055	0.0234083	0.00705027	0.00369835	0.00419084	0.00397851	0.254644	0.318771	0.0441828	0.00208704	0.0210256
74	0.396752	0.0215267	0.0011613	0.00327165	0.00219824	0.0117695	0.00294515	0.0258042	0.00121427	0.0099557	0.00670841	0.00184349	0.00791748	0.00275752	0.00451854	0.0424098	0.254159	0.197461	0.00227732	0.00334951
75	0.133825	0.034978	0.000510352	0.00397006	0.00660321	0.0076116	0.0006145	0.170069	0.000536971	0.107916	0.0197185	0.00127248	0.00296001	0.000668868	0.000787937	0.00712822	0.0450085	0.450469	0.00381466	0.00153708
76	0.0731551	0.0100837	0.000665246	0.00111699	0.0234644	0.00186695	0.00080799	0.226106	0.000629836	0.299037	0.0430209	0.000526061	0.0033912	0.00122697	0.00181815	0.00654144	0.0211983	0.279185	0.00127375	0.00488465
77	0.067861	0.000627125	0.328398	0.224203	0.00240925	0.0416912	0.0187498	0.00170204	0.035161	0.0115271	0.00974347	0.0424522	0.00667759	0.063383	0.044213	0.0654311	0.0180335	0.0102662	0.00079149	0.0066788
78	0.659383	0.00514675	0.000551445	0.000826222	0.00085418	0.0817574	0.000733276	0.00126906	0.000464771	0.00164202	0.00106405	0.000766516	0.00050703	0.000838954	0.00660765	0.141211	0.0557037	0.0395863	0.000312204	0.000774282
79	0.172956	0.00918837	0.00522207	0.00425546	0.168488	0.00851805	0.0277098	0.0209068	0.0289023	0.0722946	0.0422248	0.00655295	0.00216218	0.0171569	0.0370795	0.0530578	0.0201539	0.053589	0.015935	0.233647
80	0.0732774	0.0139225	0.000894271	0.00154428	0.0228194	0.00335337	0.00153055	0.242734	0.00182453	0.231961	0.0416465	0.0020317	0.00188106	0.00280615	0.00379947	0.0116291	0.0280106	0.29597	0.00389166	0.0144728
81	0.0931867	0.00826778	0.00517222	0.0535522	0.0434972	0.0664905	0.0255374	0.0728258	0.0124303	0.0884228	0.118559	0.0577768	0.00230139	0.00942209	0.018044	0.14384	0.0894572	0.0734575	0.0116341	0.00612504
82	0.221988	0.119746	0.00194385	0.00443575	0.00878052	0.0748293	0.00808052	0.00547786	0.00286064	0.0120237	0.00738382	0.0115278	0.00673641	0.00350096	0.00231355	0.43809	0.0364532	0.0278788	0.00148246	0.00446641
83	0.031812	0.00273066	0.00346905	0.00258125	0.00161631	0.901133	0.00404233	0.00101853	0.00120245	0.00382822	0.00196391	0.00788075	0.00168521	0.00278671	0.00258787	0.015121	0.00457614	0.00829808	0.000468114	0.00119822
84	0.0853467	0.0034461	0.00974427	0.00368294	0.00582649	0.0171935	0.00854422	0.0742614	0.00231165	0.0705612	0.00702112	0.0104132	0.549701	0.00290263	0.0241606	0.0107104	0.0311129	0.0771459	0.00108825	0.00482534
85	0.223025	0.0139245	0.00223572	0.0123743	0.00716316	0.00975407	0.00186386	0.0572922	0.00160818	0.0230807	0.00927513	0.00253081	0.00136832	0.0175332	0.0311337	0.127714	0.143765	0.31128	0.00110483	0.00197441
86	0.361114	0.00787935	0.00544134	0.00100806	0.00670675	0.431132	0.0009506	0.00132648	0.000548865	0.00641997	0.00745502	0.0149923	0.00324405	0.00094802	0.00337726	0.120667	0.0134586	0.0109445	0.000327164	0.0020589
87	0.248689	0.00836382	0.00425909	0.00215184	0.00587862	0.580632	0.00223476	0.00269014	0.00194369	0.0149475	0.0085371	0.00943458	0.00331418	0.00225697	0.00479211	0.064207	0.0105053	0.0213868	0.000484773	0.00329165
88	0.137154	0.031832	0.000407837	0.00265322	0.0102067	0.00475863	0.000485779	0.195077	0.000515377	0.114043	0.0280719	0.000747363	0.00337909	0.000619025	0.000716014	0.00664628	0.0382344	0.420014	0.00287374	0.00156469
89	0.0660085	0.00981439	0.00309137	0.010396	0.0245418	0.0144033	0.00144601	0.280426	0.00769033	0.104535	0.0645914	0.00808673	0.00142201	0.00737283	0.0165581	0.0361138	0.0420898	0.289594	0.00211141	0.00970694
90	0.294408	0.0102857	0.000921139	0.00116901	0.00881721	0.54465	0.00134778	0.00187687	0.000908562	0.0309718	0.014042	0.00152571	0.00104075	0.00122604	0.00368254	0.0343328	0.00668683	0.0346556	0.000449818	0.00700129
91	0.659383	0.00514675	0.000551445	0.000826222	0.00085418	0.0817574	0.000733276	0.00126906	0.000464771	0.00164202	0.00106405	0.000766516	0.00050703	0.000838954	0.00660765	0.141211	0.0557037	0.0395863	0.000312204	0.000774282
92	0.128243	0.0280798	0.000360991	0.00173991	0.0140602	0.00295116	0.00048015	0.219873	0.000572833	0.149784	0.0362057	0.000532514	0.00250602	0.000695341	0.000703066	0.0064153	0.0324156	0.369184	0.00249291	0.00270481
93	0.0304489	0.00476908	0.000515757	0.001896	0.0196236	0.00114979	0.000456244	0.305445	0.000365743	0.33178	0.0292895	0.000394131	0.00266595	0.00187564	0.000991511	0.00403575	0.00988506	0.251151	0.00052141	0.00273985
94	0.264951	0.120725	0.00121659	0.0018241	0.00471687	0.137956	0.00202162	0.0307096	0.00198564	0.0105238	0.0219503	0.00312759	0.0259758	0.00178867	0.00208728	0.203951	0.0806523	0.0812865	0.000754212	0.00179555
95	0.0805398	0.0333579	0.00198071	0.00149351	0.0761703	0.0313621	0.00255161	0.11513	0.0039059	0.204369	0.0796375	0.00234072	0.00205926	0.0102924	0.00367523	0.0356836	0.0825244	0.196441	0.00087346	0.0356126
96	0.0209339	0.00105862	0.685474	0.0580635	0.0015623	0.0138321	0.00987617	0.00988828	0.020466	0.0135077	0.00209402	0.0607459	0.00985092	0.00621342	0.0139203	0.030581	0.0218532	0.0181358	0.00037679	0.00156566
97	0.0665687	0.0123142	0.00251293	0.00786546	0.0215716	0.0170797	0.00163553	0.286868	0.00669306	0.097867	0.0596925	0.00678392	0.0014072	0.00569011	0.0144871	0.031208	0.0427371	0.307037	0.00183077	0.00815036
98	0.0102179	0.000402113	0.00327977	0.00222726	0.000394651	0.943634	0.0043957	0.000511183	0.000925045	0.000827817	0.000500453	0.00831926	0.00160629	0.00245142	0.00189805	0.0108891	0.00393139	0.00308328	0.000132476	0.000372804
99	0.0130777	0.000496294	0.00433982	0.00244853	0.000453762	0.932744	0.00435397	0.000514052	0.00159525	0.000865911	0.000620071	0.00953849	0.00199963	0.00291588	0.00280252	0.0134514	0.00407545	0.00321186	0.000164626	0.000330984
100	0.0369142	0.00490969	0.00109854	0.000533009	0.000657504	0.000921563	0.000430846	0.00307765	0.000363502	0.00113989	0.000874678	0.00661117	0.000304264	0.000561658	0.000920316	0.0429478	0.884798	0.0122067	0.000230931	0.000498362
101	0.0364945	0.00472509	0.00198051	0.000928446	0.00074472	0.00154792	0.000475805	0.00308383	0.000362315	0.00135257	0.00175088	0.00881879	0.000349215	0.00123839	0.00154554	0.0499645	0.870285	0.0133398	0.000309466	0.00070293
102	0.211763	0.0652818	0.0040689	0.00258353	0.108936	0.012064	0.00588487	0.0135766	0.00293731	0.0660786	0.0269398	0.0116699	0.00221671	0.00365018	0.00571506	0.15382	0.170642	0.0661502	0.00458679	0.0614351
103	0.0435827	0.00205504	0.499195	0.110997	0.00349965	0.0235935	0.0146107	0.00801459	0.0546491	0.0213869	0.00557751	0.0488808	0.0105229	0.0256403	0.0326198	0.0503016	0.0226492	0.017158	0.00108316	0.00398196
104	0.125428	0.0283257	0.0005356	0.00254784	0.0144959	0.00485439	0.000725356	0.224395	0.00153951	0.119869	0.0363876	0.00147392	0.00252348	0.00166454	0.00245458	0.0110982	0.0368946	0.379289	0.00241697	0.00308043
105	0.315059	0.0742372	0.00109013	0.00383693	0.0116618	0.0882086	0.00126783	0.00438369	0.00235329	0.00329446	0.00362412	0.00198873	0.00355174	0.00243009	0.00139943	0.423199	0.0451348	0.0102944	0.000471864	0.00251235
106	0.0475406	0.00118596	0.00080255	0.00486955	0.0192599	0.00175443	0.00115755	0.10551	0.000698351	0.422072	0.0310393	0.0011992	0.008093	0.00118771	0.00135728	0.00736576	0.0192249	0.322134	0.00103611	0.00251193
107	0.0186126	0.00595866	0.000152045	0.000201674	0.0109991	0.000477696	0.000995779	0.356409	0.000739754	0.08618	0.0113779	0.00213159	0.000741003	0.000482116	0.00140489	0.00387675	0.0144742	0.4798	0.000111228	0.00487361
108	0.0698858	0.0117609	0.00162094	0.00407828	0.0474233	0.0212031	0.00154199	0.18831	0.00825669	0.128093	0.0556472	0.00374176	0.000769562	0.0167327	0.00665145	0.038404	0.0889447	0.281372	0.00141516	0.024147
109	0.084868	0.00154429	0.0432774	0.0664083	0.00212765	0.0204969	0.0234664	0.00244432	0.0904657	0.00862983	0.0015958	0.00295485	0.391812	0.0659202	0.0863565	0.0585772	0.0315027	0.00813692	0.000629477	0.00878597
110	0.0962326	0.00694177	0.00214599	0.0111511	0.038803	0.0484417	0.00751819	0.0785305	0.0259981	0.0833012	0.0961189	0.0287747	0.00140011	0.0152641	0.0219204	0.153134	0.150148	0.107605	0.0231365	0.00343413
111	0.0196498	0.00457568	0.000165836	0.000197481	0.0102704	0.000410983	0.000680515	0.313697	0.00147972	0.104041	0.0135922	0.00355383	0.00115888	0.000815582	0.0021469	0.00427498	0.0174812	0.495442	0.000158847	0.00620671
112	0.0685881	0.000643451	0.329025	0.222786	0.0031194	0.0413295	0.0205604	0.00161104	0.0341974	0.0123799	0.0101268	0.0418828	0.00630241	0.0636525	0.0426331	0.0653387	0.0169673	0.0105076	0.000767982	0.00758049
113	0.225825	0.0141456	0.00184498	0.0168377	0.00590648	0.0224045	0.0023024	0.00571833	0.00349813	0.00704969	0.00971423	0.00326133	0.00339105	0.00473201	0.00197724	0.51503	0.126476	0.0216374	0.00095136	0.00729743
114	0.0190753	0.00551837	0.000150743	0.000200208	0.0110543	0.000439857	0.000910334	0.348909	0.00091871	0.0898541	0.011671	0.00239546	0.000797812	0.000585092	0.00154633	0.00379302	0.0150812	0.481639	0.000123998	0.0053357
115	0.290125	0.023395	0.00363933	0.00240791	0.00441036	0.396273	0.00419466	0.00635599	0.00132878	0.00898764	0.00795602	0.00977863	0.0236683	0.00275842	0.00362429	0.146664	0.0233223	0.03723	0.000955484	0.00292465
116	0.373547	0.00612208	0.034356	0.0299612	0.00540423	0.00753708	0.00435907	0.0495565	0.00266489	0.0431028	0.00732709	0.0312937	0.00248994	0.0242313	0.00613473	0.223229	0.0388762	0.10228	0.00286434	0.00466222
117	0.00893979	0.000341759	0.00338149	0.00232402	0.000384477	0.94505	0.00444279	0.000498423	0.000957811	0.000678591	0.000455033	0.00846526	0.00161832	0.00246704	0.00190815	0.0108595	0.00388468	0.00288287	0.000134752	0.000325678
118	0.348409	0.0152281	0.00394676	0.00180886	0.0070813	0.399828	0.00193022	0.00925025	0.00186913	0.0160134	0.01136	0.00920318	0.00689165	0.00175297	0.00412528	0.0931362	0.0283758	0.0356348	0.000885624	0.00326873
119	0.0140327	0.000848432	0.00327364	0.00226317	0.000951667	0.92695	0.00476155	0.000900651	0.00114038	0.00119254	0.000677603	0.0081676	0.00272967	0.00254254	0.00228524	0.0166325	0.00627836	0.0035793	0.00022832	0.000563945
120	0.179332	0.0241978	0.00694168	0.0117309	0.0124189	0.0302851	0.00726752	0.0208364	0.00562278	0.0250764	0.046026	0.0147116	0.00513617	0.0129258	0.00828467	0.371152	0.162121	0.0406247	0.00518032	0.0101283
121	0.00763104	0.0075443	0.000391249	0.00293294	0.0150389	0.000974612	0.000452494	0.432267	0.00040323	0.282665	0.0127007	0.000387281	0.000506357	0.00337072	0.000736455	0.00173607	0.0020128	0.226507	0.000207324	0.0015345
122	0.2463	0.0563742	0.0014474	0.00256393	0.0036468	0.117809	0.00192568	0.138805	0.00283871	0.0545433	0.0140944	0.00228338	0.00291915	0.00225053	0.00216931	0.0263012	0.0332214	0.286508	0.00168799	0.00231034
123	0.0453207	0.00239518	0.00150095	0.00160552	0.0270686	0.0123334	0.0802163	0.00317802	0.0290192	0.00389977	0.00290117	0.00183325	0.00143284	0.0304728	0.243056	0.100088	0.0312074	0.00563853	0.297066	0.0797667
124	0.0377685	0.0072755	0.000707732	0.00180408	0.0169911	0.00432999	0.00103858	0.279412	0.00520279	0.12123	0.026213	0.00569462	0.000842411	0.00392872	0.00730757	0.0129555	0.0256736	0.432082	0.000860307	0.00868279
125	0.0172265	0.00102693	0.715491	0.0435757	0.00129584	0.0120172	0.00914892	0.0107091	0.0198578	0.0138022	0.00125919	0.0636426	0.0102197	0.000919225	0.0105041	0.0279643	0.022073	0.0179297	0.000406271	0.000930914
126	0.151582	0.000700971	0.143068	0.139371	0.00526891	0.0619394	0.0377471	0.00551209	0.0568029	0.00546923	0.000981346	0.0135264	0.0756522	0.0555243	0.069797	0.0948853	0.0393135	0.0339	0.000868126	0.00809003
127	0.186805	0.000568026	0.0396889	0.0278565	0.0484665	0.0757362	0.0623427	0.0267669	0.0214091	0.126977	0.0329783	0.0235554	0.0060792	0.0214876	0.065566	0.0756052	0.0684075	0.0449469	0.00973939	0.0350173
128	0.0351871	0.000736971	0.063508	0.0201533	0.000825418	0.623001	0.00721278	0.00110313	0.0443341	0.00167985	0.00600154	0.0787988	0.00958961	0.0324513	0.0448518	0.022871	0.00495967	0.00177558	0.00026951	0.000689589
129	0.162925	0.000884799	0.0307055	0.0278725	0.0430414	0.0779337	0.0485912	0.0282569	0.0263457	0.135325	0.0473302	0.032484	0.00512451	0.0243985	0.0767334	0.0855173	0.0695859	0.0451898	0.00759713	0.024157
130	0.0392484	0.00278451	0.00190695	0.00287911	0.0207429	0.00358818	0.00150191	0.185208	0.00115015	0.395926	0.0409362	0.000709462	0.00889179	0.00113809	0.00340806	0.00707816	0.0184941	0.258727	0.000749523	0.0049319
131	0.0409633	0.0189891	0.00105517	0.0209162	0.00648841	0.00213791	0.0495174	0.00199609	0.221126	0.0227755	0.0155018	0.0500719	0.000834339	0.194775	0.226108	0.0316489	0.0489897	0.028646	0.00074066	0.0167189
132	0.0260441	0.00550291	0.000368991	0.000970663	0.0123298	0.0022897	0.000745147	0.299797	0.00245476	0.107088	0.0221597	0.00520132	0.00101548	0.0016875	0.00393353	0.00811229	0.0218203	0.471935	0.000422911	0.00612128
133	0.0139053	0.000498723	0.00335872	0.00230109	0.0005303	0.937151	0.00434191	0.000527787	0.00100207	0.00115832	0.00071561	0.0083892	0.00162218	0.00246605	0.00195885	0.011918	0.00405236	0.00352389	0.000134075	0.000444943
134	0.0762145	0.00292394	0.0104804	0.0166175	0.0122966	0.0116277	0.0486527	0.0183023	0.0217536	0.0334144	0.00498652	0.00848391	0.575888	0.0166709	0.0285909	0.023525	0.0371554	0.0329647	0.00136451	0.0180866
135	0.0389608	0.00196054	0.0662093	0.283544	0.00259526	0.00238431	0.0673297	0.0118715	0.03427	0.059766	0.0104496	0.00165409	0.00123763	0.158393	0.168989	0.00403748	0.0292976	0.046248	0.0088953	0.00190759
136	0.266984	0.0161651	0.0013743	0.00802603	0.00380757	0.038807	0.0023127	0.0027386	0.00520817	0.00393496	0.00443329	0.00294317	0.00660681	0.00544681	0.00194908	0.586955	0.0268775	0.00835939	0.000883014	0.00618762
137	0.434118	0.0805383	0.00174167	0.00263497	0.0071455	0.0906835	0.00333191	0.0308967	0.0034641	0.0263417	0.0314324	0.00593416	0.00720519	0.00288002	0.00376331	0.100496	0.0491702	0.112725	0.00165256	0.00384418
138	0.134814	0.00507164	0.0246625	0.0361623	0.00391882	0.558844	0.00890816	0.00839451	0.0100108	0.0108269	0.00556065	0.00998351	0.0146742	0.0224388	0.0131814	0.0750412	0.0180212	0.0339368	0.00137597	0.00417271
139	0.281233	0.00957057	0.000808104	0.00758001	0.00254094	0.0293351	0.000963175	0.00173461	0.00558803	0.00202125	0.0019259	0.000985375	0.00547248	0.0053246	0.00121397	0.614276	0.0172655	0.0046732	0.000409128	0.00707911
140	0.0864632	0.00545732	0.156578	0.107356	0.0207173	0.0047409	0.0265691	0.0248257	0.0248907	0.0200103	0.0236988	0.0624905	0.00306589	0.0455941	0.0905043	0.0317843	0.0744103	0.145223	0.000700963	0.0449193
141	0.0922569	0.00231322	0.00726917	0.00409488	0.00586506	0.0138483	0.00538777	0.0603729	0.00112576	0.0537758	0.00706017	0.00818619	0.60906	0.00196451	0.0133689	0.00947357	0.0172008	0.0834269	0.000882168	0.00306684
142	0.00997947	0.000418444	0.00359404	0.00238221	0.000403944	0.942396	0.00438197	0.000503318	0.00118464	0.000844508	0.000537474	0.00876689	0.00165615	0.00254689	0.00207652	0.0108927	0.00387919	0.00307086	0.000134562	0.000350444
143	0.102711	0.00224514	0.00675058	0.00961659	0.00935599	0.0156104	0.0153111	0.0314938	0.00863138	0.0363594	0.00666372	0.00593925	0.626701	0.00688057	0.0153041	0.0180505	0.0206762	0.0539429	0.00103704	0.00671991
144	0.570299	0.00383682	0.00163374	0.00172124	0.00243243	0.00313035	0.00198775	0.0736166	0.00143886	0.0152077	0.0209487	0.00194556	0.00154045	0.00207747	0.00231267	0.00681586	0.0169917	0.269153	0.000861959	0.00204841
145	0.247652	0.413885	0.00154287	0.0017357	0.0140205	0.0563764	0.00190433	0.00432635	0.00130904	0.00532606	0.00379036	0.0042085	0.00187225	0.00156089	0.00180565	0.19734	0.0266816	0.0123993	0.000579506	0.00168374
146	0.0297082	0.00807948	0.000945083	0.0134633	0.368133	0.0151379	0.0430409	0.0154277	0.00141462	0.00531993	0.0118566	0.013577	0.00606693	0.0109444	0.00189532	0.0215205	0.030028	0.0201034	0.0248773	0.35846
147	0.040184	0.000737941	0.0667392	0.0195914	0.000865647	0.622821	0.00700782	0.00106474	0.0398684	0.00158523	0.00680538	0.0783568	0.0105591	0.0333525	0.041461	0.021706	0.00448381	0.00183819	0.000293819	0.000677901
148	0.0405553	0.00995572	0.0171095	0.0280256	0.0300333	0.00258549	0.0186463	0.0106805	0.1848	0.111136	0.00315169	0.0118845	0.00104958	0.0652577	0.432033	0.0131699	0.00400169	0.00417651	0.00838159	0.00336638
149	0.0105395	0.000435228	0.00573752	0.0027258	0.000522986	0.929442	0.00462855	0.000541642	0.00298607	0.000965373	0.000663567	0.0102762	0.00212025	0.00353453	0.00371526	0.0134169	0.00408847	0.00300835	0.000158669	0.00049349
150	0.013496	0.000646055	0.00737081	0.00416098	0.000565843	0.911552	0.00458339	0.000958593	0.00336255	0.00122887	0.00110366	0.018193	0.00265734	0.00445778	0.00477798	0.0123594	0.00418076	0.00374954	0.000147247	0.000448499
151	0.203672	0.00287613	0.00384121	0.00454396	0.0060903	0.00819663	0.00340757	0.034566	0.00163287	0.0426643	0.0153906	0.00456714	0.536978	0.0024154	0.00705962	0.0183558	0.0109586	0.0890898	0.00102312	0.00267078
152	0.0377331	0.00500387	0.00031457	0.000428165	0.000634113	0.000593861	0.000420284	0.00301071	0.000354851	0.000993673	0.000680975	0.00498479	0.000269744	0.000452406	0.000482334	0.0414958	0.890125	0.0113412	0.000218958	0.000461687
153	0.0199922	0.00455596	0.000190733	0.000244624	0.0103232	0.000513595	0.000653567	0.303167	0.00171725	0.105461	0.0148266	0.00455555	0.00110873	0.000920055	0.00229896	0.00401141	0.0187989	0.500512	0.000188064	0.00595991
154	0.0377331	0.00500387	0.00031457	0.000428165	0.000634113	0.000593861	0.000420284	0.00301071	0.000354851	0.000993673	0.000680975	0.00498479	0.000269744	0.000452406	0.000482334	0.0414958	0.890125	0.0113412	0.000218958	0.000461687
155	0.0191703	0.00116395	0.70573	0.0474527	0.00161964	0.0130005	0.00978216	0.010513	0.0203936	0.0141334	0.00175833	0.0613341	0.0100057	0.00247801	0.0114075	0.0283775	0.0220307	0.0180855	0.000458741	0.00110484
156	0.670476	0.0943393	0.000998624	0.0012511	0.00257094	0.0166582	0.0018199	0.00920375	0.0011853	0.0185113	0.0052843	0.00305355	0.00201432	0.00126151	0.00152064	0.0721922	0.0202749	0.0752376	0.000560361	0.00158638
157	0.0725242	0.0134992	0.0608189	0.00186832	0.13778	0.0143265	0.169618	0.00378201	0.00172744	0.0269442	0.0271373	0.330611	0.00140113	0.0306258	0.00226785	0.0237599	0.00500686	0.0175065	0.0122399	0.0465547
158	0.0480437	0.000932791	0.00080521	0.00446741	0.0160259	0.00175711	0.000790081	0.104474	0.000696307	0.432764	0.0304476	0.00110781	0.00751981	0.00116844	0.00125692	0.00689292	0.0182152	0.321209	0.000385802	0.00104113
159	0.0643258	0.0105149	0.000699527	0.000849386	0.0652469	0.00139314	0.0128554	0.0847709	0.000642182	0.219604	0.0133637	0.00466619	0.00869003	0.000715816	0.00516218	0.00658024	0.0241787	0.403956	0.0247137	0.0470712
160	0.110352	0.0807747	0.00361521	0.00103983	0.0150352	0.0156277	0.00151214	0.102626	0.000950142	0.41463	0.0435051	0.00132139	0.00963219	0.00410578	0.0174754	0.053183	0.0551808	0.0617349	0.000574186	0.00712517
161	0.00933681	0.000359969	0.00419384	0.00245195	0.000401852	0.940231	0.00468284	0.00051379	0.001423	0.000684366	0.00051768	0.00967292	0.0017612	0.00296302	0.00242	0.0110785	0.00397382	0.00285508	0.000135797	0.000342123
162	0.0245204	0.0055907	0.00478236	0.00682579	0.091603	0.00646246	0.0430896	0.0754356	0.0177486	0.129305	0.0600669	0.00541808	0.00157408	0.00887306	0.141116	0.0108163	0.039729	0.071892	0.0153451	0.239806
163	0.0159391	0.00472804	0.00245467	0.00197661	0.0197669	0.00425315	0.00180523	0.275917	0.00168029	0.469364	0.0411675	0.000534435	0.00298358	0.00172874	0.00355711	0.00557957	0.0115118	0.123425	0.000479658	0.0111477
164	0.00684795	0.00780616	0.000348388	0.00248866	0.0123256	0.000805483	0.000524389	0.43915	0.000371283	0.270812	0.0127305	0.000393822	0.00031001	0.00297325	0.000609594	0.00164318	0.00142994	0.236781	0.000174561	0.00147414
165	0.361324	0.0101412	0.00342204	0.000962547	0.00643184	0.457784	0.00108556	0.00140754	0.000627049	0.0132095	0.00838664	0.00845257	0.00170205	0.000956321	0.00563382	0.0837924	0.0106255	0.0202869	0.000333031	0.00343575
166	0.128933	0.00127329	0.226718	0.205395	0.00186927	0.0509257	0.0301508	0.00759789	0.0830108	0.00462452	0.00332358	0.0304571	0.0117795	0.0359963	0.0603874	0.0322171	0.0519044	0.0244977	0.00572758	0.00321045
167	0.0745437	0.00161995	0.0269741	0.0549523	0.00175777	0.0148062	0.0242565	0.0021459	0.0984661	0.00958861	0.00181641	0.00120969	0.438514	0.0669557	0.0981498	0.0429426	0.0275544	0.00396343	0.000669577	0.00911377
168	0.0235388	0.007522	0.000367733	0.000536901	0.0509574	0.0035249	0.000513093	0.055586	0.00305542	0.714649	0.0480574	0.000581294	0.00037975	0.000566413	0.000678838	0.00150848	0.0228228	0.0459612	0.000231662	0.018961
169	0.0430235	0.0170933	0.00296235	0.0211442	0.010674	0.00177987	0.0425122	0.00285233	0.223126	0.035701	0.0138695	0.04456	0.000744775	0.168253	0.266918	0.0287297	0.0367437	0.0208196	0.001637	0.0168559
170	0.0231726	0.000602124	0.0364029	0.0115653	0.000681748	0.769558	0.00585688	0.000763852	0.0255372	0.00121807	0.00357117	0.0475568	0.00615865	0.0188958	0.0245675	0.0166985	0.00443882	0.00201378	0.000210427	0.000529689
171	0.0160519	0.00210744	0.0109214	0.0279601	0.0468072	0.0230312	0.135111	0.126653	0.013998	0.16186	0.0171997	0.0107355	0.00122054	0.0197876	0.0450995	0.0129628	0.00860687	0.0880168	0.00300321	0.228866
172	0.0172265	0.00102693	0.715491	0.0435757	0.00129584	0.0120172	0.00914892	0.0107091	0.0198578	0.0138022	0.00125919	0.0636426	0.0102197	0.000919225	0.0105041	0.0279643	0.022073	0.0179297	0.000406271	0.000930914
173	0.0829334	0.00234741	0.0110229	0.00296057	0.00400583	0.0223768	0.00287387	0.0815516	0.00155056	0.0732251	0.00653505	0.0118781	0.539691	0.00183048	0.0180853	0.00764041	0.0223866	0.103907	0.000817086	0.00238062
174	0.124937	0.00347626	0.0611689	0.203738	0.00111118	0.0359279	0.014641	0.00431225	0.0924806	0.00866048	0.00925163	0.0168093	0.0188564	0.0524281	0.251068	0.0666593	0.0239371	0.00466683	0.000273307	0.00559727
175	0.0673589	0.000622144	0.328407	0.225317	0.00232408	0.041719	0.0185608	0.0016096	0.0356952	0.0113721	0.00973373	0.0420692	0.00656617	0.0634877	0.0445951	0.0650395	0.0179732	0.0102215	0.000802142	0.00652503
176	0.0807857	0.019955	0.00366906	0.00428555	0.283707	0.0061522	0.0409887	0.0383642	0.0141107	0.0787348	0.0474135	0.0139864	0.00151604	0.0115973	0.0208811	0.0321501	0.0319653	0.0490837	0.0121047	0.208549
177	0.262412	0.00419866	0.00113423	0.00834751	0.00187669	0.0104393	0.00833352	0.0196598	0.00104465	0.024551	0.0170073	0.00157112	0.0350046	0.00148988	0.00896296	0.0553235	0.346782	0.174062	0.00840406	0.00939501
178	0.0235649	0.00757997	0.000374598	0.000537545	0.0510404	0.00348085	0.000507505	0.0557254	0.00300491	0.714718	0.0480809	0.000579832	0.000380241	0.000568768	0.00065675	0.0014571	0.0225166	0.0461641	0.00022306	0.0188383
179	0.0622176	0.00471692	0.00103505	0.00101305	0.0977271	0.00408986	0.00739722	0.09755	0.000856232	0.231265	0.155017	0.00531086	0.00139279	0.00468716	0.00147116	0.00433511	0.0319159	0.261864	0.00195192	0.0241863
180	0.293788	0.0410884	0.00156338	0.00198493	0.00250667	0.13943	0.00220377	0.00599433	0.0013521	0.0047039	0.0044206	0.00189325	0.175383	0.00233944	0.00220378	0.201552	0.0477278	0.0668497	0.00113048	0.00188419
181	0.0407846	0.00759518	0.00140557	0.0114693	0.345828	0.024306	0.0344848	0.0201887	0.00238869	0.00796156	0.0169557	0.0110058	0.00560859	0.0100564	0.00312391	0.0365232	0.031471	0.0238567	0.0189203	0.346067
182	0.0105337	0.000380782	0.00356854	0.00233036	0.000440829	0.941511	0.00438156	0.000511351	0.00111692	0.000969859	0.00056001	0.00873066	0.00165824	0.00256191	0.00215039	0.0110454	0.00391178	0.00315834	0.000141342	0.00033748
183	0.0143371	0.000478921	0.0111259	0.00574833	0.000564523	0.898602	0.00470978	0.00100641	0.00608436	0.00129353	0.00124716	0.0171207	0.00258576	0.00627009	0.00735157	0.0131519	0.00421641	0.0033327	0.000278856	0.00049347
184	0.361303	0.00840964	0.00845262	0.00127445	0.00482238	0.396071	0.00102507	0.00160045	0.000615822	0.00244515	0.0048379	0.0241769	0.00514101	0.000997209	0.00281157	0.152804	0.0148252	0.00669586	0.000459573	0.00123214
185	0.355111	0.0446126	0.0015258	0.00155547	0.00575645	0.290937	0.00180689	0.0325588	0.00344471	0.0358116	0.0217062	0.00274107	0.00593145	0.00161308	0.00295495	0.0535013	0.0425791	0.091096	0.000926559	0.00382975
186	0.291137	0.0119962	0.00302209	0.00157286	0.00348939	0.280963	0.00166378	0.00299827	0.00112436	0.00397257	0.00349496	0.00764874	0.185334	0.00150771	0.00254184	0.153799	0.0205724	0.0206423	0.000787648	0.00173177
187	0.0655427	0.00510056	0.00117791	0.0013335	0.069151	0.00391574	0.00474143	0.0891714	0.00109771	0.29285	0.172917	0.00957016	0.00159293	0.00893947	0.00186791	0.00507247	0.0394355	0.211282	0.000745058	0.0144961
188	0.0417354	0.00748383	0.0132162	0.00301324	0.249683	0.0133476	0.172853	0.0218193	0.00294087	0.128731	0.0807647	0.0368811	0.00166938	0.0389704	0.00558046	0.0251192	0.00944574	0.0463085	0.0199122	0.0805246
