395	20
1	0.0962819	0.0171315	0.00239271	0.00289218	0.0468055	0.0794895	0.00156851	0.0607641	0.0118441	0.306625	0.0376245	0.0199594	0.00241761	0.0214657	0.0266861	0.062824	0.124169	0.054109	0.00143443	0.0235156
2	0.0394692	0.00128449	0.000777399	0.00133169	0.00413294	0.00193168	0.000683112	0.391364	0.001361	0.0341605	0.173875	0.00148819	0.000757291	0.00239929	0.000995405	0.0169915	0.0286599	0.293656	0.00199529	0.00268642
3	0.102049	0.014504	0.0513289	0.0502457	0.0876381	0.00435952	0.00643208	0.0924887	0.0854558	0.127005	0.0206721	0.0689302	0.0017856	0.0455416	0.0430292	0.0515567	0.0321827	0.0826507	0.0155087	0.0166356
4	0.0178723	0.00232511	0.000228134	0.00132098	0.0603616	0.00271766	0.000135396	0.159205	0.000365788	0.613999	0.0488616	0.00036362	0.00188252	0.00178376	0.000342651	0.00292042	0.0132613	0.0680937	0.000126551	0.00383296
5	0.11349	0.00178918	0.193765	0.111899	0.0052131	0.0272537	0.0169078	0.00606141	0.0768142	0.00890779	0.00245683	0.147662	0.0280394	0.0648416	0.0346453	0.0896841	0.0569888	0.00796977	0.00164661	0.00396453
6	0.0245013	0.000837281	0.126904	0.0201827	0.00135974	0.0326818	0.000657614	0.00260325	0.0137559	0.00237355	0.00162038	0.0686334	0.0286042	0.00134017	0.00768213	0.335908	0.326186	0.00306276	0.000320717	0.000785848
7	0.0433228	0.000874977	0.00223292	0.0167301	0.00238592	0.0100631	0.0353719	0.0306308	0.435829	0.0201089	0.00471261	0.00506158	0.0508398	0.0862014	0.167247	0.0156923	0.0348184	0.0361105	0.000488928	0.0012778
8	0.116669	0.00225683	0.182208	0.13096	0.00644378	0.0243618	0.0145006	0.00502224	0.0799051	0.0074929	0.00294013	0.120278	0.0289496	0.0694904	0.0386406	0.0935722	0.0623951	0.00847722	0.00202045	0.00341624
9	0.172388	0.000408934	0.189346	0.394722	0.00497513	0.02762	0.000434813	0.00172637	0.0443239	0.00180496	0.00524871	0.0143316	0.000696736	0.0662243	0.000930635	0.0598912	0.00667354	0.00738346	0.000273048	0.000595722
10	0.208271	0.0217068	0.000445139	0.000669476	0.00498996	0.00371839	0.000351155	0.230797	0.00070879	0.0198161	0.00811809	0.000963609	0.000661074	0.000803297	0.000642276	0.0229672	0.045799	0.427688	0.000331365	0.000552715
11	0.0267179	0.0033921	0.000132252	0.00046415	0.0644588	0.00400155	0.000108927	0.225955	0.000202167	0.52699	0.0269504	0.000217336	0.00226475	0.00118071	0.000180265	0.0018527	0.0109466	0.102529	9.25945e-05	0.00136359
12	0.112576	0.00210433	0.179945	0.127673	0.00597039	0.0246604	0.0170896	0.00515428	0.0843774	0.00746095	0.00275286	0.129107	0.0270721	0.0684713	0.0408249	0.0901124	0.0608796	0.00784559	0.00183479	0.00408787
13	0.0681176	0.0026524	0.00703204	0.157329	0.086893	0.0159279	0.0584384	0.0358232	0.133319	0.0525261	0.0384413	0.0409316	0.00742282	0.0717935	0.0720387	0.0694687	0.0276753	0.0276497	0.00215561	0.0243639
14	0.030168	0.000966753	0.000726773	0.00212354	0.0582392	0.00314428	0.000737528	0.0859547	0.00535304	0.347972	0.393807	0.00221141	0.00113776	0.00183584	0.00276992	0.0116355	0.0104648	0.0276721	0.000434982	0.0126449
15	0.269177	0.0260829	0.000497231	0.000897702	0.00399918	0.00619301	0.00050459	0.249216	0.00102654	0.021413	0.00145815	0.00119524	0.000848695	0.00101208	0.000791927	0.0326959	0.0326181	0.34925	0.0004155	0.000707411
16	0.204222	0.00149705	0.135706	0.101339	0.0205939	0.218638	0.00167726	0.0104532	0.0497134	0.0221791	0.0308801	0.0104048	0.0456372	0.0262646	0.0224034	0.0589024	0.0292426	0.00716763	0.000993373	0.0020857
17	0.037985	0.00398527	0.000172244	0.000392544	0.0726053	0.0075311	0.000133443	0.250205	0.000274348	0.447509	0.0222043	0.000261185	0.00181276	0.00107734	0.000218652	0.00220098	0.0112238	0.139183	0.000181108	0.000844292
18	0.0226406	0.000858783	0.00152211	0.0276889	0.0373065	0.00186697	0.0133382	0.105515	0.0870766	0.338428	0.0733794	0.0405904	0.00079619	0.0291212	0.0423009	0.0207536	0.00690936	0.0477992	0.0471861	0.0549221
19	0.252956	0.000437082	0.059663	0.155365	0.00474635	0.00499683	0.00452048	0.00139324	0.26528	0.0184205	0.0010023	0.0467298	0.000441105	0.069395	0.0451209	0.0376313	0.0290567	0.0020015	0.000274673	0.000568067
20	0.0432828	0.00281122	0.0110549	0.0146277	0.00944728	0.0179692	0.0427237	0.048982	0.145948	0.0350472	0.0129346	0.0283007	0.0125091	0.0479864	0.375539	0.0388426	0.0438432	0.0590406	0.00167205	0.00743727
21	0.0249204	0.000792146	0.115639	0.0193417	0.00138396	0.0325362	0.000654934	0.00237872	0.0138596	0.00231276	0.00168834	0.0643823	0.032825	0.00120464	0.00670204	0.344691	0.330535	0.00307922	0.000281647	0.000791028
22	0.0785564	0.0128328	0.00968373	0.00881398	0.00841916	0.0187329	0.00400728	0.0241436	0.0113938	0.0274797	0.0282785	0.0182169	0.0143668	0.0100627	0.00641083	0.113325	0.546522	0.053648	0.00208612	0.00302023
23	0.447545	0.0156878	0.00191612	0.00305126	0.00871927	0.257092	0.00138762	0.0092376	0.00642501	0.00878818	0.00746983	0.00575326	0.00268339	0.0029762	0.00262675	0.150545	0.022469	0.0146481	0.00147426	0.029505
24	0.0291054	0.00312342	0.000300293	0.00042348	0.0488057	0.0024153	0.000346829	0.334656	0.000480601	0.197506	0.0428227	0.00114306	0.00470919	0.000872147	0.000356016	0.00626745	0.0173122	0.302019	0.00523321	0.0021029
25	0.115257	0.00218171	0.139674	0.174179	0.0142352	0.149841	0.0048179	0.0117796	0.0548941	0.0184639	0.0366326	0.0315265	0.067496	0.039951	0.0201559	0.0699299	0.0315247	0.0131065	0.00115526	0.00319822
26	0.0305383	0.000669825	0.36682	0.235278	0.00137166	0.11512	0.000816044	0.00251092	0.0418316	0.00241422	0.00210192	0.108802	0.00119976	0.0426825	0.0010536	0.0291878	0.00329769	0.00628519	0.000412753	0.00760684
27	0.0571753	0.00215828	0.0127857	0.151163	0.0784847	0.0793264	0.0570441	0.0266925	0.124716	0.0505654	0.0293935	0.0427828	0.00523487	0.06093	0.0655343	0.0693708	0.0260258	0.0221472	0.00191689	0.0365532
28	0.0232113	0.000786128	0.000218472	0.000396636	0.038959	0.00120557	0.00021633	0.375368	0.000411864	0.138525	0.00891537	0.00168511	0.00203763	0.000513364	0.000263723	0.00295949	0.010135	0.390267	0.00358349	0.000341133
29	0.529505	0.0181979	0.000350328	0.00182013	0.0130023	0.260448	0.000319212	0.0189737	0.000662222	0.0143663	0.0114872	0.00077252	0.00343952	0.000695453	0.000417741	0.0585636	0.033835	0.032337	0.000111057	0.00069618
30	0.00286011	0.000328949	0.000366374	0.00053217	0.00444775	0.000838704	0.000253414	0.715816	0.00058979	0.122975	0.0571601	0.000594498	0.000365967	0.000655638	0.000514987	0.00457324	0.0081339	0.0746364	0.00144653	0.0029107
31	0.0655775	0.000819719	0.00369742	0.00393098	0.00218935	0.0126797	0.0068204	0.00842441	0.0157899	0.0160665	0.00587373	0.0133994	0.742541	0.00475239	0.0033596	0.0325633	0.0327104	0.027592	0.000419165	0.000793466
32	0.0284608	0.00255797	0.00779514	0.0048832	0.00857773	0.00782231	0.767059	0.0137831	0.00926916	0.00887448	0.00803119	0.020654	0.00749147	0.0332314	0.00750557	0.0220703	0.014863	0.0148642	0.00303418	0.00917176
33	0.529869	0.0180953	0.000226953	0.00195006	0.0143618	0.270157	0.00018171	0.021053	0.000322111	0.0156866	0.0122237	0.000408782	0.00378307	0.000422229	0.000320624	0.042998	0.032602	0.0348846	9.79116e-05	0.000355315
34	0.0400843	0.000666896	0.00261153	0.0149874	0.00197536	0.0139118	0.0604624	0.03706	0.282988	0.0309807	0.00321035	0.00483319	0.0264364	0.101902	0.283182	0.016566	0.0317772	0.0445891	0.000501856	0.00127331
35	0.163177	0.000429524	0.00210935	0.000876195	0.001681	0.0254353	0.00497527	0.00955426	0.00125175	0.00570516	0.0056906	0.00803332	0.606293	0.00360332	0.000745411	0.0800476	0.0445811	0.0349746	0.000267067	0.000569618
36	0.280647	0.0159923	0.000753773	0.00139855	0.0165447	0.0249812	0.000986637	0.0149762	0.00154365	0.00261756	0.0113785	0.00187359	0.00383393	0.00164717	0.00763872	0.254692	0.256366	0.100769	0.00054146	0.000818664
37	0.0242292	0.000570297	0.000209943	0.000386319	0.0277782	0.00183889	0.000231429	0.367783	0.000406578	0.159825	0.0096067	0.00163983	0.00192132	0.0004621	0.00028361	0.0025839	0.00906684	0.386593	0.00417758	0.000407322
38	0.349857	0.0254936	0.00131945	0.00176652	0.0222521	0.0362093	0.00108795	0.00739487	0.00317111	0.100052	0.0982607	0.00238762	0.00143802	0.0129629	0.00273156	0.0583755	0.0442369	0.229088	0.000682039	0.00123269
39	0.026801	0.00258161	0.00081834	0.00133466	0.41971	0.0037106	0.000686928	0.132899	0.00167541	0.158134	0.0754894	0.0018996	0.00290933	0.00139193	0.00146088	0.016552	0.016898	0.11022	0.00174954	0.0230772
40	0.295844	0.00556131	0.00175581	0.00803159	0.0558297	0.253513	0.00110252	0.0669755	0.00424537	0.114931	0.0694375	0.00319463	0.00148321	0.00795741	0.00330313	0.0295855	0.0288645	0.0422454	0.00291581	0.00322256
41	0.0311599	0.0014929	0.00153818	0.0023596	0.0183357	0.00424944	0.00580681	0.096701	0.177179	0.0443653	0.00432689	0.0184794	0.0041341	0.00766247	0.317225	0.0375885	0.075021	0.134347	0.000946522	0.0170818
42	0.0448191	0.000521822	0.281067	0.292374	0.00132981	0.0685793	0.0033033	0.0036867	0.067786	0.0023925	0.00167606	0.0724313	0.00725156	0.0761564	0.00701945	0.0381402	0.0116772	0.0156566	0.000308247	0.00382262
43	0.0286934	0.00601058	0.00129313	0.00211516	0.350681	0.0101786	0.00105857	0.0148602	0.00234295	0.0268448	0.00298435	0.0025499	0.00130093	0.00250623	0.00169607	0.0173603	0.0115722	0.0172906	0.084123	0.414539
44	0.0329468	0.000709935	0.360666	0.232752	0.00144026	0.111779	0.00108607	0.00239041	0.0436609	0.00247891	0.00208905	0.110524	0.00184742	0.0440647	0.00194679	0.0308597	0.00467657	0.00638544	0.000458324	0.00723803
45	0.461864	0.00353385	0.000702211	0.0100152	0.00160519	0.0126381	0.00045438	0.00239801	0.00126017	0.00603902	0.0146995	0.025573	0.00605583	0.01798	0.00358428	0.395114	0.0321707	0.00286141	0.000481388	0.0009696
46	0.130252	0.00287331	0.0593869	0.110025	0.066008	0.015651	0.00367096	0.010025	0.0636904	0.221545	0.177334	0.00793687	0.0425381	0.00756558	0.00889527	0.0422748	0.0135653	0.0116077	0.00163106	0.0035235
47	0.0473642	0.000695427	0.320967	0.241602	0.00214319	0.0983379	0.00332151	0.00313873	0.0556212	0.00333536	0.00301734	0.0939284	0.00582274	0.0528058	0.00601058	0.0365163	0.0103602	0.00890088	0.000422426	0.00568895
48	0.0293856	0.000731318	0.0979062	0.0241009	0.00188041	0.397233	0.0433034	0.00284659	0.0701745	0.0129945	0.00753865	0.182608	0.00249363	0.0470296	0.0151293	0.0441876	0.0160624	0.00277944	0.000374093	0.00124052
49	0.0439507	0.000956046	0.00309793	0.165744	0.0100459	0.0313245	0.00315397	0.0184239	0.296453	0.0413025	0.0137159	0.0494427	0.0118382	0.16152	0.0199971	0.0470026	0.0637821	0.00913078	0.00064313	0.00847556
50	0.0429661	0.00165546	0.0178266	0.0200081	0.00413216	0.00650898	0.00505941	0.00651315	0.0915434	0.068799	0.00646541	0.0380307	0.578033	0.00626133	0.0189955	0.0144714	0.0480676	0.0220321	0.00094855	0.00168224
51	0.0466939	0.00529112	0.000278694	0.000323024	0.109253	0.0103113	0.00018299	0.335595	0.000341114	0.249773	0.0146693	0.000922851	0.00185097	0.000756344	0.000317821	0.0040601	0.0117877	0.20653	0.000569302	0.000492707
52	0.0262305	0.00227727	0.000976161	0.00147274	0.407672	0.00593765	0.00101223	0.14076	0.00194594	0.220812	0.0473489	0.00260007	0.00200854	0.0015061	0.00160871	0.00983358	0.0109377	0.0925009	0.00293926	0.0196195
53	0.254031	0.0253831	0.00288734	0.00595164	0.0704059	0.0923517	0.00160913	0.0261112	0.00635704	0.161167	0.164601	0.00447564	0.00246216	0.00963406	0.00540468	0.0347538	0.0277965	0.0958018	0.00382335	0.00499169
54	0.00485237	0.00057976	0.000563706	0.000598409	0.00892686	0.00139655	0.000289071	0.69235	0.00118464	0.138379	0.0525919	0.000577374	0.000837236	0.000868215	0.000586287	0.00533594	0.00802228	0.0775216	0.00136428	0.00317489
55	0.533317	0.0204381	0.000251302	0.00197013	0.0135726	0.255456	0.000209224	0.019337	0.000428072	0.0159132	0.0130698	0.000502283	0.00349089	0.000581914	0.000382946	0.0514523	0.034135	0.0347723	0.000124403	0.000595497
56	0.204395	0.00251327	0.000898232	0.00109291	0.024856	0.00428128	0.000663481	0.145445	0.00216191	0.176222	0.0560166	0.00224863	0.0018604	0.003808	0.0034561	0.0426393	0.102213	0.223227	0.000571618	0.00143015
57	0.0257405	0.00127991	0.0240688	0.0235696	0.00241723	0.0734414	0.00625033	0.00404196	0.0502516	0.00811884	0.00276754	0.0558302	0.350355	0.0113339	0.0115692	0.221522	0.117857	0.0078561	0.000585543	0.00114368
58	0.17083	0.000402002	0.190874	0.399224	0.00494375	0.026073	0.000453186	0.00174184	0.044391	0.00172479	0.00541001	0.0142804	0.000648093	0.066101	0.000893246	0.0576823	0.00653139	0.00697641	0.000267527	0.00055114
59	0.0230681	0.00058122	0.089936	0.0175022	0.00144145	0.431053	0.0465927	0.00210582	0.0674909	0.0118711	0.00586076	0.183554	0.000861914	0.0419202	0.0141402	0.0441061	0.0146656	0.00222156	0.000274093	0.000753335
60	0.165776	0.00151	0.0965671	0.180722	0.00322293	0.0354894	0.020371	0.063008	0.00303119	0.0964822	0.0196084	0.00331302	0.00187289	0.0194037	0.018359	0.0546432	0.1529	0.0605559	0.00113072	0.00203297
61	0.0302085	0.00283321	0.0108111	0.00953709	0.00943732	0.0127527	0.706321	0.0146605	0.0215995	0.00944637	0.00814716	0.0253615	0.00799337	0.0422981	0.0177734	0.0245961	0.0164039	0.0151627	0.00359925	0.0110571
62	0.0210606	0.00291107	0.000130828	0.000697951	0.0592144	0.00255719	0.000100735	0.203093	0.000210593	0.573157	0.0322799	0.000245365	0.0023168	0.00132172	0.000192169	0.0019128	0.0110316	0.0854163	9.35983e-05	0.0020561
63	0.0656374	0.00033475	0.132147	0.330176	0.00128626	0.0315765	0.00846222	0.00632488	0.109821	0.00390486	0.00114434	0.0363391	0.0192206	0.13105	0.0202927	0.047359	0.0294686	0.0246593	0.000257154	0.000538781
64	0.254273	0.000763084	0.00095758	0.00105664	0.0327692	0.00362211	0.000527939	0.172864	0.00196173	0.218704	0.047012	0.00136538	0.000715394	0.0032455	0.00439611	0.0269269	0.0725306	0.155074	0.000384699	0.000850312
65	0.0176027	0.00235072	0.000240164	0.00113171	0.0477148	0.00244816	0.000352053	0.298014	0.0012896	0.482629	0.0408504	0.00090967	0.00172534	0.00165363	0.000851007	0.00320639	0.0107042	0.0822608	0.000981974	0.00308393
66	0.455816	0.00320507	0.000821408	0.00840262	0.00192011	0.00832541	0.000655123	0.00268381	0.00121597	0.00627843	0.0141349	0.0223271	0.00934048	0.0275834	0.00544289	0.386764	0.0408015	0.00283326	0.000670469	0.000778717
67	0.0512339	0.00100657	0.00330572	0.138605	0.013386	0.035372	0.0055382	0.0156986	0.325718	0.0353982	0.010385	0.0504199	0.00813141	0.151628	0.0302282	0.0468934	0.0566676	0.00869379	0.000607413	0.0110836
68	0.0215373	0.00301407	0.000132117	0.000703667	0.0600368	0.00269486	0.000103021	0.20499	0.000233017	0.56774	0.0330093	0.000246476	0.0022001	0.00141147	0.000202304	0.00203712	0.0111705	0.0863137	0.000105881	0.00211817
69	0.445161	0.00264984	0.000853387	0.00970977	0.00174804	0.012185	0.000581561	0.00250325	0.00188265	0.00699558	0.017817	0.0280326	0.00652013	0.0206385	0.003975	0.392788	0.0409433	0.00310554	0.00110925	0.000800091
70	0.0274613	0.00794296	0.00086523	0.0121196	0.00172018	0.093786	0.000758477	0.0246034	0.199143	0.00302582	0.0378158	0.0570455	0.00094058	0.0852446	0.190418	0.0929119	0.0861651	0.0766795	0.000433573	0.000919359
71	0.0533379	0.00119963	0.00106672	0.00952387	0.058089	0.0103129	0.00426514	0.0991109	0.0471542	0.332691	0.179962	0.0129295	0.000948245	0.0110235	0.0243831	0.032697	0.0232113	0.0516997	0.0136111	0.0327828
72	0.0200799	0.0027792	0.000159115	0.00082239	0.0647949	0.00271845	0.000132073	0.18986	0.000267528	0.579883	0.0368798	0.000302877	0.00211752	0.0014429	0.000267027	0.00234546	0.0114045	0.0808781	0.000178594	0.00268728
73	0.0133851	0.00104092	0.00140524	0.0184805	0.013019	0.0031575	0.0036105	0.156325	0.00238363	0.163159	0.472732	0.0244814	0.00183058	0.00947939	0.00167164	0.0278093	0.029023	0.0534132	0.000651585	0.00294201
74	0.031937	0.000449379	0.127905	0.0745342	0.000831581	0.0107754	0.0781386	0.0119509	0.162089	0.00630288	0.00109495	0.301215	0.00155631	0.0509334	0.0736596	0.0257538	0.0266287	0.00262755	0.000208003	0.0114081
75	0.0244812	0.00066558	0.000191877	0.000328613	0.0292051	0.00183602	0.000194204	0.365518	0.000368978	0.15974	0.00883644	0.00164624	0.0018785	0.000491667	0.000257885	0.00247596	0.00904781	0.388501	0.00402704	0.000307627
76	0.519701	0.016673	0.000293181	0.00193555	0.0141415	0.285821	0.000202372	0.020935	0.000543951	0.0156985	0.0117766	0.000420942	0.0040467	0.000474289	0.000393141	0.0402706	0.0309131	0.0352258	9.67691e-05	0.000436848
77	0.0482411	0.00443323	0.000271002	0.000397001	0.0080263	0.0007043	0.000212532	0.273058	0.000426365	0.0456604	0.0149162	0.000783382	0.000705077	0.000481129	0.000367559	0.00349721	0.0349487	0.56167	0.000896152	0.000303973
78	0.11652	0.0393109	0.00368605	0.00250727	0.00671186	0.00987205	0.00522105	0.01615	0.00390349	0.0123233	0.0250089	0.00770319	0.00470288	0.00310217	0.00280502	0.19904	0.491695	0.0473018	0.000626618	0.00180812
79	0.569883	0.0229505	0.00034514	0.000678883	0.00350763	0.124564	0.000414615	0.00236176	0.00110319	0.0011516	0.00365942	0.000807221	0.00123905	0.000756142	0.000397071	0.229302	0.026228	0.00641245	0.00015597	0.004082
80	0.16073	0.260383	0.00814813	0.0118397	0.0248055	0.0462652	0.0114421	0.0511169	0.0199233	0.0513967	0.0341523	0.0425982	0.00859901	0.0150766	0.0130724	0.0965807	0.054651	0.0701217	0.00500873	0.0140888
81	0.113988	0.000569577	0.00244893	0.00104744	0.00232217	0.0181248	0.00279435	0.0137814	0.00240553	0.0108637	0.0106363	0.00611396	0.666872	0.00450744	0.00108624	0.0498787	0.0471783	0.0443735	0.000386497	0.000622084
82	0.105259	0.00623895	0.00612257	0.00886678	0.012687	0.0151802	0.00598613	0.0210999	0.0116922	0.0189161	0.0149761	0.237365	0.0065326	0.0126157	0.0111754	0.0312294	0.312092	0.153507	0.0029732	0.0054847
83	0.0300892	0.00137316	0.000476681	0.000382274	0.000485955	0.943384	0.000275872	0.0015127	0.000440319	0.000802631	0.000809614	0.00262064	0.000204161	0.000416453	0.000494742	0.0116902	0.00258163	0.00121078	0.000196725	0.000552387
84	0.0154348	0.00122432	0.000305767	0.000418121	0.0127823	0.000917034	0.000337251	0.573268	0.000571566	0.103368	0.0372514	0.000991508	0.00119158	0.000611656	0.000558062	0.0047531	0.0120072	0.22999	0.00174623	0.00227164
85	0.53698	0.0205895	0.00225167	0.0053583	0.0103782	0.147752	0.0018691	0.0189436	0.00537091	0.0138042	0.0105349	0.00388676	0.00760962	0.00387982	0.00270401	0.136367	0.0369647	0.030248	0.000520905	0.00398701
86	0.0277107	0.00267455	0.00831832	0.0059065	0.0091799	0.00948573	0.759627	0.0140585	0.0115176	0.00935148	0.0087257	0.0200412	0.00659612	0.0324277	0.011289	0.0217395	0.0148754	0.0148518	0.00301091	0.00861231
87	0.074319	0.0105146	0.0111609	0.0112127	0.00737842	0.0158296	0.0027034	0.0299564	0.0122064	0.0309804	0.0254134	0.0203215	0.0101849	0.00995672	0.00735555	0.112456	0.551575	0.0518742	0.00167004	0.00293013
88	0.0102676	0.00799799	0.000906633	0.00117635	0.30527	0.00295327	0.00069917	0.00298585	0.00165003	0.0104533	0.00211287	0.00155709	0.00104296	0.00179375	0.00115151	0.0125941	0.00533982	0.00499848	0.0173933	0.607655
89	0.0213266	0.000892971	0.000663844	0.00407839	0.040708	0.00245734	0.00146645	0.0978297	0.00250772	0.308747	0.44939	0.0046879	0.00127388	0.00293027	0.00172252	0.0100498	0.0113058	0.0299044	0.000347751	0.0077097
90	0.555693	0.019928	0.00144962	0.0035581	0.00903464	0.130725	0.00200872	0.0157722	0.00398707	0.0114031	0.0105474	0.00484287	0.00397878	0.00476898	0.00309341	0.154415	0.0336314	0.0262766	0.00111091	0.00377497
91	0.238517	0.000695001	0.0636329	0.180242	0.00439051	0.00930661	0.00566733	0.00341447	0.219754	0.0144598	0.0017987	0.0390265	0.00375041	0.0900981	0.0426655	0.0467783	0.0277032	0.00660965	0.000586294	0.000903146
92	0.123314	0.000385053	0.174877	0.424088	0.00357827	0.0249145	0.00218232	0.002819	0.0551777	0.00234576	0.00393858	0.0162681	0.00426697	0.0850967	0.00461078	0.0496612	0.0105799	0.0110657	0.000291195	0.00053945
93	0.44039	0.0015726	0.00169518	0.0040194	0.00363915	0.0361722	0.0011897	0.0064735	0.140129	0.00526671	0.00368867	0.0759655	0.00167805	0.0048759	0.017825	0.204601	0.00978413	0.0251268	0.00081206	0.0150953
94	0.0169403	0.00210088	0.000394442	0.000803831	0.0458706	0.00228748	0.00017423	0.327092	0.000541516	0.450826	0.0486536	0.000531046	0.00167841	0.00127965	0.000373052	0.00361906	0.0111657	0.0825794	0.000555455	0.00253413
95	0.0503125	0.00114093	0.00145105	0.189758	0.0076583	0.0150963	0.00292316	0.0528185	0.277928	0.0379167	0.00728664	0.0403335	0.00494524	0.0924788	0.0300191	0.0617077	0.102523	0.0182683	0.000686288	0.00474802
96	0.369756	0.00186379	0.00174097	0.0842896	0.01988	0.040932	0.0547492	0.00631496	0.106839	0.00594033	0.00422228	0.00444742	0.00207501	0.0836736	0.00239753	0.0240207	0.118547	0.0322222	0.0010719	0.0350163
97	0.526725	0.0165683	0.000238114	0.00193226	0.0141419	0.277896	0.000252357	0.0207168	0.000426667	0.0161525	0.0117351	0.000489322	0.00438323	0.000457689	0.000374491	0.0410328	0.0309223	0.034804	0.000155639	0.000595507
98	0.248191	0.000381996	0.0591534	0.15786	0.00437004	0.00517347	0.00419379	0.00131965	0.268508	0.017821	0.000900918	0.0455587	0.000436136	0.0703722	0.0465792	0.0383195	0.0283286	0.00181041	0.000218106	0.000503599
99	0.248191	0.000381996	0.0591534	0.15786	0.00437004	0.00517347	0.00419379	0.00131965	0.268508	0.017821	0.000900918	0.0455587	0.000436136	0.0703722	0.0465792	0.0383195	0.0283286	0.00181041	0.000218106	0.000503599
100	0.084641	0.00168409	0.00338232	0.0349385	0.00607705	0.00408212	0.0163888	0.00870786	0.110916	0.304845	0.210797	0.0192623	0.00286542	0.033433	0.0977381	0.025027	0.0219662	0.00771913	0.00203852	0.00349043
101	0.0218202	0.000699193	0.0880467	0.0156374	0.00161336	0.452785	0.0439181	0.00261526	0.0607744	0.0111521	0.00585425	0.185491	0.00112419	0.0378809	0.012931	0.0400495	0.0134541	0.00292777	0.000334859	0.000890439
102	0.0291357	0.0190081	0.00188912	0.00240369	0.0274747	0.00420089	0.0166887	0.365847	0.00382038	0.0869596	0.0278076	0.00360944	0.00322274	0.00328939	0.00314976	0.00940326	0.0116387	0.261178	0.00142077	0.117852
103	0.116771	0.00226321	0.182359	0.130272	0.00645418	0.0243506	0.0145041	0.00502385	0.0798993	0.00752327	0.00294198	0.120616	0.0289506	0.0694114	0.0387456	0.0936186	0.0624388	0.00839193	0.0020298	0.00343385
104	0.0334195	0.00669718	0.000338948	0.000568325	0.0880914	0.00255403	0.000491161	0.314837	0.000628236	0.18626	0.0575221	0.00100551	0.00850011	0.000915861	0.000441336	0.0144087	0.032051	0.244215	0.00216386	0.00489169
105	0.0414125	0.000627598	0.00192907	0.011631	0.00193617	0.00838001	0.0496348	0.0335323	0.409075	0.024086	0.00274102	0.00432122	0.0292819	0.0765949	0.204128	0.0169706	0.0385086	0.0432119	0.000467277	0.00153061
106	0.0522861	0.00516156	0.000286991	0.000434843	0.00597231	0.000683977	0.000226863	0.268822	0.000452799	0.0365771	0.0180142	0.000756311	0.000527688	0.000524158	0.000338557	0.00382543	0.0382274	0.565849	0.000708455	0.000323639
107	0.076531	0.00138014	0.141125	0.392011	0.00373939	0.0299321	0.00669508	0.0067804	0.0795131	0.00604367	0.00475834	0.0316447	0.0115383	0.110808	0.0137589	0.0421047	0.0211839	0.0183357	0.000415785	0.0017001
108	0.0457338	0.00348247	0.0144348	0.0229497	0.00737664	0.0336997	0.0102517	0.0174561	0.165893	0.0366257	0.0101615	0.0314973	0.320273	0.0253915	0.0417247	0.0594926	0.12232	0.0248884	0.0022272	0.0041201
109	0.0322525	0.000447134	0.127738	0.0744051	0.000840878	0.0124039	0.0780456	0.0118504	0.161075	0.00631178	0.00111439	0.301019	0.00152755	0.0507015	0.0735993	0.0258855	0.0265822	0.00262524	0.000206585	0.011369
110	0.031709	0.0013216	0.000238373	0.000373892	0.000537978	0.943437	0.000165932	0.00145283	0.00036922	0.000785338	0.000556934	0.00216214	0.000225751	0.000354585	0.000322988	0.0117326	0.00254614	0.00105656	9.4305e-05	0.000557137
111	0.433478	0.00329408	0.0014412	0.00871764	0.00318346	0.0118564	0.00106874	0.00466825	0.00600106	0.00780709	0.0137801	0.0220518	0.00861901	0.0372739	0.0121547	0.369095	0.0467117	0.00648034	0.000972354	0.00134536
112	0.101108	0.00142642	0.131	0.048003	0.00374195	0.158814	0.00137928	0.0591286	0.0250414	0.00572412	0.00409754	0.0517855	0.00631673	0.00702842	0.0460761	0.245661	0.0634886	0.0375461	0.000965306	0.00166776
113	0.028722	0.00124049	0.000238966	0.000354519	0.000459716	0.947449	0.000164977	0.00133115	0.000372239	0.000701073	0.000490037	0.0021693	0.000195403	0.00035665	0.000322775	0.011519	0.00241625	0.000842667	9.60481e-05	0.000557379
114	0.116686	0.00164835	0.00172587	0.00252327	0.0183177	0.017581	0.00133756	0.303983	0.00586264	0.0061587	0.00494694	0.0298558	0.0418344	0.00365113	0.0302346	0.0238272	0.0542347	0.317528	0.001091	0.0169723
115	0.070531	0.000336829	0.150801	0.338353	0.00160458	0.0447731	0.00676092	0.00561489	0.100988	0.00320883	0.00187412	0.0367632	0.0156934	0.119804	0.0149707	0.0435191	0.021995	0.0213434	0.000217523	0.000847269
116	0.0337541	0.000518021	0.128088	0.0752088	0.000914376	0.0111911	0.0772524	0.0117717	0.159022	0.00629253	0.00112576	0.301873	0.00199897	0.0505578	0.0719965	0.0263533	0.0280104	0.00270907	0.000215935	0.0111473
117	0.0949388	0.00131595	0.00369759	0.0594477	0.00279817	0.016602	0.0463037	0.031258	0.243096	0.0200694	0.00332555	0.00550732	0.0926965	0.0910821	0.173638	0.0222737	0.0141273	0.0757739	0.000501852	0.00154661
118	0.0236538	0.00317389	0.000153942	0.000581162	0.0645821	0.00331299	0.000116514	0.214923	0.000222666	0.5431	0.0292459	0.000387656	0.00336054	0.00124125	0.000218856	0.0022508	0.0115375	0.0959504	0.000119001	0.00186788
119	0.025766	0.00142162	0.103622	0.0171365	0.0015076	0.0283575	0.000767458	0.00276799	0.0146326	0.002809	0.00310657	0.0569251	0.0354281	0.00143718	0.00609299	0.323672	0.369341	0.00401959	0.000355737	0.000833675
120	0.118345	0.00212001	0.182756	0.128156	0.00624983	0.0245313	0.014379	0.0051905	0.0795921	0.00770406	0.0028417	0.122134	0.029322	0.0699678	0.0383614	0.093038	0.0615603	0.00838675	0.00193635	0.00342785
121	0.161973	0.00039778	0.183038	0.397478	0.00512458	0.0272171	0.000924617	0.0019646	0.051174	0.00180543	0.00470644	0.0150632	0.00151251	0.0710272	0.00201741	0.0588233	0.00728321	0.00771401	0.000253568	0.000502301
122	0.027075	0.0014594	0.468959	0.34669	0.00330239	0.00695777	0.00161951	0.00546355	0.00715012	0.00521243	0.00423032	0.0067419	0.00185164	0.0233005	0.00229278	0.0102031	0.0410617	0.033434	0.00113453	0.0018596
123	0.0183302	0.00134463	0.000343609	0.000452654	0.0269927	0.00308848	0.000296916	0.52543	0.000657243	0.185988	0.0315285	0.000850613	0.0012656	0.000751716	0.000475397	0.00370913	0.00916092	0.185374	0.00186392	0.00209668
124	0.248191	0.000381996	0.0591534	0.15786	0.00437004	0.00517347	0.00419379	0.00131965	0.268508	0.017821	0.000900918	0.0455587	0.000436136	0.0703722	0.0465792	0.0383195	0.0283286	0.00181041	0.000218106	0.000503599
125	0.0835204	0.000516187	0.0970057	0.097307	0.00144208	0.0219289	0.0523093	0.009194	0.168172	0.00572986	0.00155154	0.27845	0.00214218	0.0367422	0.0797194	0.0267897	0.0251324	0.00311714	0.000361027	0.00886965
126	0.579461	0.0478947	0.000968657	0.000795134	0.00666906	0.0731903	0.00356033	0.00861244	0.00108773	0.00261369	0.00487006	0.00384897	0.00176926	0.00100667	0.000885204	0.199757	0.0388966	0.0170832	0.000596795	0.00643344
127	0.090878	0.00160736	0.342125	0.0941821	0.00299594	0.00325888	0.00132682	0.00501152	0.185374	0.00467549	0.00353935	0.00340064	0.0147822	0.0152894	0.00229121	0.0873889	0.0805209	0.0586653	0.0010464	0.00164116
128	0.517639	0.0170729	0.000265932	0.00194517	0.0152318	0.281696	0.000234651	0.0223221	0.000337534	0.0163294	0.0121364	0.000421662	0.00349291	0.00043157	0.00036139	0.0396985	0.0320239	0.0378435	0.000114873	0.000400712
129	0.0238123	0.000631278	0.000227963	0.000363036	0.0201432	0.000541101	0.000179726	0.354008	0.000375416	0.114301	0.00780944	0.0015406	0.00127561	0.000371957	0.000298286	0.00216053	0.014678	0.45393	0.00307698	0.000275582
130	0.0109346	0.000768617	0.000379128	0.000514731	0.00902425	0.000921509	0.00036771	0.621624	0.000698828	0.110358	0.0525346	0.000834289	0.000791731	0.000808821	0.000635098	0.00493213	0.00983293	0.169399	0.00196904	0.00267161
131	0.0219348	0.000505837	0.000190308	0.0003287	0.0270599	0.000579617	0.00018426	0.372908	0.000366514	0.144947	0.00977269	0.0016525	0.00211716	0.000460808	0.000238984	0.0026536	0.00933352	0.399799	0.00470081	0.000266169
132	0.406139	0.0171691	0.00257543	0.00407301	0.00834069	0.0579851	0.00195858	0.0157378	0.00413693	0.0060002	0.0114119	0.00704401	0.0112539	0.00603724	0.00382954	0.219696	0.162542	0.0504359	0.000833751	0.00280066
133	0.226715	0.115277	0.00200122	0.00277864	0.0126066	0.00474588	0.0499074	0.0590537	0.00280387	0.00571787	0.00457504	0.0196178	0.0021569	0.00322611	0.00269447	0.232601	0.112464	0.138074	0.0010819	0.00190181
134	0.0357269	0.000764033	0.317256	0.198819	0.001662	0.151603	0.0063438	0.00566139	0.0451708	0.00382875	0.00269646	0.114926	0.00235148	0.0423698	0.00516163	0.0430783	0.00816608	0.00775692	0.000509912	0.00614719
135	0.0347116	0.00139302	0.00128593	0.00306479	0.0137791	0.004344	0.0119516	0.0892987	0.218866	0.0485321	0.00394445	0.0134001	0.00823325	0.016104	0.283346	0.0287423	0.0779374	0.1271	0.000988354	0.012978
136	0.102722	0.00147075	0.1606	0.114623	0.00477964	0.0253407	0.0250514	0.00616295	0.104966	0.00874825	0.00247301	0.163665	0.0232681	0.0714016	0.0418431	0.0751866	0.0525107	0.00764988	0.00141776	0.00611873
137	0.0272292	0.00117952	0.000252377	0.000405652	0.016864	0.000627986	0.000310304	0.345415	0.000408902	0.0971699	0.0113068	0.00138665	0.00111319	0.000447918	0.000333247	0.00243815	0.0179485	0.472022	0.00249036	0.000650881
138	0.11936	0.002024	0.186666	0.119524	0.0058636	0.0254758	0.0140456	0.00580364	0.07497	0.00855393	0.00275823	0.132238	0.0307272	0.0672637	0.0352664	0.0944224	0.0612243	0.0086194	0.00183168	0.00336242
139	0.0542294	0.00192186	0.00234952	0.00722042	0.0145379	0.00919728	0.0205484	0.089762	0.1777	0.0417474	0.00763002	0.0148537	0.0122484	0.0270589	0.295968	0.0305973	0.0577304	0.122054	0.00101713	0.0116282
140	0.0312679	0.00396684	0.00212708	0.00403751	0.491233	0.0105863	0.00123538	0.0810888	0.00444413	0.129453	0.0421925	0.0054978	0.00257717	0.0044663	0.00634511	0.0167853	0.0152772	0.0658649	0.0104679	0.071086
141	0.0878267	0.000536712	0.122572	0.0738797	0.00134754	0.0204146	0.0549436	0.0118855	0.142669	0.00585953	0.00155135	0.30332	0.00336017	0.0344557	0.062897	0.0306044	0.0262138	0.00365028	0.000343492	0.0116688
142	0.0232925	0.000687545	0.0898574	0.0187708	0.00145064	0.427033	0.0476868	0.0026081	0.0672771	0.0110643	0.00554884	0.189508	0.000952141	0.0399656	0.0154464	0.0406852	0.0141579	0.00250316	0.00028344	0.00122095
143	0.059372	0.00167804	0.0209231	0.0400566	0.00497771	0.17038	0.00313457	0.00982853	0.084164	0.00690186	0.00666313	0.053988	0.203899	0.0269507	0.025568	0.207379	0.0608695	0.010324	0.00100356	0.00193907
144	0.135683	0.005612	0.00300438	0.00498142	0.0106514	0.0115783	0.00222789	0.0918743	0.00440759	0.0538788	0.0124302	0.00951265	0.00406239	0.00495898	0.00352833	0.087617	0.333044	0.216965	0.00144387	0.00253782
145	0.15336	0.00253164	0.0275493	0.00549625	0.00478365	0.00695385	0.00217338	0.033447	0.312179	0.00813161	0.00619659	0.0059947	0.00284742	0.0283859	0.00356313	0.188762	0.120214	0.0828204	0.00173288	0.00287622
146	0.119277	0.00211786	0.181629	0.128888	0.00623646	0.0242879	0.0144343	0.00513222	0.0811778	0.00764784	0.00284588	0.121219	0.0289878	0.069851	0.0387205	0.092577	0.0613035	0.00831947	0.00192867	0.00341878
147	0.535549	0.0160805	0.000382513	0.00215078	0.0134511	0.262464	0.000385472	0.020256	0.000940462	0.0157352	0.0114843	0.00104709	0.0120454	0.000974019	0.000664376	0.0401206	0.0299427	0.035335	0.000289291	0.000702511
148	0.0137765	0.000985381	0.00054413	0.000882219	0.00988318	0.00207279	0.000466811	0.609409	0.00105993	0.114002	0.0782309	0.0011366	0.000982132	0.00123175	0.00070413	0.00736298	0.0121924	0.140931	0.00140505	0.0027413
149	0.0321528	0.000451522	0.127629	0.0745031	0.000898242	0.010789	0.0780988	0.0119497	0.16256	0.00628572	0.00109274	0.300748	0.00155271	0.0508429	0.0736765	0.0259402	0.0265691	0.00262827	0.00020713	0.0114237
150	0.031937	0.000449379	0.127905	0.0745342	0.000831581	0.0107754	0.0781386	0.0119509	0.162089	0.00630288	0.00109495	0.301215	0.00155631	0.0509334	0.0736596	0.0257538	0.0266287	0.00262755	0.000208003	0.0114081
151	0.164997	0.000408884	0.00199119	0.000793773	0.00167585	0.0265545	0.00452082	0.00978727	0.000984645	0.00581794	0.00545436	0.00717095	0.604339	0.0033435	0.000719696	0.080323	0.0445589	0.035711	0.000271647	0.000576412
152	0.0596284	0.000289485	0.127244	0.340281	0.000907631	0.0330893	0.00861692	0.00678314	0.112754	0.00345411	0.00105004	0.0336843	0.0197147	0.134784	0.0191981	0.0444605	0.0275351	0.025956	0.00019065	0.000378452
153	0.0596284	0.000289485	0.127244	0.340281	0.000907631	0.0330893	0.00861692	0.00678314	0.112754	0.00345411	0.00105004	0.0336843	0.0197147	0.134784	0.0191981	0.0444605	0.0275351	0.025956	0.00019065	0.000378452
154	0.0197366	0.00201002	0.00105788	0.0128892	0.0462935	0.00373234	0.00327905	0.128009	0.0203062	0.533426	0.0621859	0.0101651	0.00160237	0.0135364	0.0107377	0.009821	0.0188255	0.0712522	0.0103657	0.0207684
155	0.00225364	0.000323235	0.000365094	0.000456921	0.00465367	0.000865331	0.000323205	0.727707	0.000631951	0.122534	0.0491583	0.000594612	0.000369914	0.000659255	0.000528678	0.00447884	0.00646162	0.0727712	0.0014465	0.00341708
156	0.0390152	0.00520831	0.000275958	0.000372538	0.111966	0.00647634	0.00025843	0.336131	0.000483642	0.212948	0.0313714	0.000974153	0.00433927	0.000729542	0.000356189	0.00900343	0.0190454	0.217734	0.00116115	0.00215012
157	0.0260509	0.00199721	0.00213023	0.0185179	0.0523436	0.00514977	0.00232085	0.0214862	0.066061	0.0533731	0.070853	0.0385508	0.00203661	0.0814945	0.0552766	0.0640983	0.00708976	0.0218209	0.0149305	0.394418
158	0.0230161	0.00585454	0.00104937	0.00887548	0.00211453	0.0821641	0.00385595	0.0213042	0.259904	0.00538513	0.0344736	0.0482615	0.00473043	0.0941422	0.209152	0.0613796	0.0722871	0.0602634	0.000543117	0.00124415
159	0.104307	0.00154001	0.0583335	0.00329752	0.0375463	0.00483276	0.261261	0.0376398	0.00613297	0.00596727	0.00430393	0.126576	0.0182537	0.0623503	0.0154541	0.0920769	0.0204125	0.0245971	0.0274042	0.0877134
160	0.0229468	0.00242248	0.000200034	0.000493679	0.0506098	0.00286822	0.000117473	0.320767	0.000314748	0.403486	0.0280507	0.000610111	0.0019146	0.00112538	0.000268188	0.00268665	0.0102646	0.148421	0.000976033	0.00145678
161	0.0172882	0.0008573	0.000947315	0.00492006	0.0300351	0.00231927	0.00246083	0.0635689	0.0017124	0.223362	0.59688	0.00653416	0.00215703	0.00398767	0.00145729	0.00985939	0.00950127	0.015209	0.000561108	0.00638089
162	0.052609	0.00171644	0.0502134	0.00916322	0.00520906	0.081564	0.00171709	0.01038	0.0110251	0.0115086	0.00614588	0.174226	0.010168	0.00578177	0.00735098	0.40365	0.138878	0.0147473	0.00177969	0.00216712
163	0.0347252	0.00141663	0.0011229	0.000561962	0.000676102	0.93175	0.000690996	0.00148966	0.00112569	0.00111464	0.000703758	0.00424696	0.000277362	0.0009093	0.000616181	0.0133285	0.00302277	0.00130102	0.000126531	0.000793397
164	0.0496654	0.00474222	0.000362382	0.000545434	0.00641001	0.000647637	0.000251301	0.266887	0.000474799	0.0379674	0.0154498	0.000782605	0.00066334	0.000456781	0.00044635	0.00362678	0.0371899	0.572471	0.000672868	0.00028713
165	0.243701	0.0122751	0.0177869	0.0163189	0.0110428	0.0571174	0.00623026	0.022548	0.0168221	0.0190376	0.0174215	0.0355332	0.0218775	0.0174643	0.00961255	0.351398	0.0842233	0.0305968	0.00262453	0.00636915
166	0.103269	0.00186751	0.0448712	0.00437137	0.0381671	0.00543221	0.254675	0.0316585	0.00773004	0.00659993	0.00500775	0.133061	0.0242588	0.0583993	0.0225037	0.0930423	0.0267328	0.0216284	0.0208108	0.0959126
167	0.0265595	0.00205898	0.00212639	0.00812072	0.0263955	0.00552538	0.00644999	0.0763473	0.00467908	0.175287	0.574608	0.0100692	0.00457976	0.00720117	0.0028185	0.0169836	0.0166649	0.0259491	0.000941888	0.00663391
168	0.0293209	0.00138168	0.000282272	0.000419035	0.0285291	0.00221047	0.000335984	0.349389	0.000449766	0.15276	0.0153968	0.00147192	0.00167977	0.000600995	0.00028434	0.00313543	0.0138816	0.394339	0.0032172	0.000913843
169	0.0701508	0.000704572	0.00352915	0.00372332	0.00189233	0.0124174	0.00616542	0.00826223	0.0139728	0.0145676	0.00578124	0.0134945	0.740627	0.00444488	0.00305439	0.0351902	0.0332244	0.0276692	0.000358121	0.000770783
170	0.0170899	0.00150921	0.000940023	0.00140488	0.509227	0.00409281	0.000682571	0.102032	0.0017226	0.186052	0.0491153	0.00231503	0.00127386	0.00146485	0.00159829	0.0101092	0.00833874	0.0745619	0.00173736	0.0247313
171	0.0549834	0.00549044	0.000364513	0.000557649	0.00900122	0.00111728	0.000294179	0.27654	0.000680749	0.0414731	0.0247593	0.000930391	0.00111837	0.000784225	0.000761406	0.00692301	0.0446454	0.527934	0.000880494	0.000760195
172	0.0548979	0.00562973	0.000314348	0.00047369	0.00363577	0.000819489	0.000278426	0.252475	0.00048064	0.0253024	0.017605	0.000721496	0.000441785	0.000542122	0.000566697	0.00388469	0.0420994	0.589223	0.000269132	0.000338837
173	0.490388	0.0139186	0.000616772	0.00209987	0.0204516	0.251329	0.000355416	0.020405	0.00318901	0.0200687	0.0126454	0.00149204	0.00316084	0.00140421	0.000841895	0.0796345	0.0392783	0.0355862	0.0015298	0.00160509
174	0.037615	0.00161292	0.000959443	0.000674077	0.000870889	0.928748	0.000565289	0.0020842	0.00102552	0.00152787	0.000853929	0.00394834	0.000239053	0.000845752	0.000574783	0.0124298	0.00321332	0.00146491	0.000181107	0.000565568
175	0.0315103	0.00123639	0.000860734	0.000605537	0.000630129	0.937083	0.000491551	0.00157462	0.00100789	0.00113664	0.000687367	0.00331714	0.000207886	0.00061984	0.000448523	0.0137834	0.00294086	0.00112515	0.00010518	0.000628153
176	0.00383896	0.00052334	0.000327879	0.000467903	0.00849973	0.0010137	0.000269459	0.694076	0.000602028	0.148204	0.0475454	0.000564823	0.00052608	0.000662473	0.000501678	0.00442028	0.0074942	0.0761112	0.00145942	0.00289197
177	0.0198842	0.00306203	0.000186745	0.000913326	0.0604276	0.00253107	0.000125489	0.180148	0.000406527	0.590368	0.0471101	0.000310066	0.00198736	0.00149459	0.00030683	0.00246024	0.0114854	0.0736347	0.000126293	0.0030313
178	0.00240541	0.000298411	0.000356105	0.000489561	0.00418683	0.000841045	0.000304595	0.722977	0.000610072	0.123819	0.0538756	0.000652162	0.000358538	0.000646996	0.000505876	0.00463175	0.00675798	0.0719021	0.00141396	0.00296753
179	0.533607	0.0188008	0.00064275	0.00187542	0.0099202	0.22642	0.000536634	0.0151119	0.00163073	0.0110724	0.00900316	0.00120921	0.00350444	0.00130672	0.000698811	0.107968	0.0296594	0.0247648	0.000283276	0.00198354
180	0.0220124	0.00309282	0.000125437	0.000537116	0.0602661	0.00265746	0.000105231	0.212328	0.000207269	0.562532	0.0295129	0.000228173	0.00239572	0.00127324	0.000185009	0.00184476	0.0108735	0.0881253	8.64337e-05	0.0016119
181	0.576869	0.0241024	0.000270812	0.000493491	0.00360656	0.120031	0.000265555	0.00236189	0.00074151	0.00104616	0.0031467	0.00061797	0.00127304	0.000561306	0.000399437	0.227775	0.0252893	0.00650756	0.000131305	0.00450983
182	0.0577053	0.00376356	0.000538159	0.000992166	0.198622	0.0129221	0.000506794	0.208055	0.00182852	0.298201	0.0348987	0.00177944	0.0017628	0.00213924	0.00162307	0.0123975	0.0162123	0.131293	0.00468601	0.0100727
183	0.123072	0.00118752	0.000605364	0.000870168	0.127867	0.0270369	0.000739118	0.0748556	0.00777898	0.323246	0.140058	0.00155986	0.000710322	0.00254029	0.00539729	0.0435043	0.0346252	0.055303	0.0125858	0.0164576
184	0.0264975	0.00128652	0.000772839	0.00196507	0.0794871	0.00364909	0.000608026	0.0818085	0.00553616	0.447419	0.26828	0.00149403	0.000912049	0.00222979	0.00278799	0.0110695	0.0124461	0.0368122	0.000421496	0.0145174
185	0.0267256	0.000831306	0.000748613	0.00349297	0.0484025	0.00271868	0.00140523	0.0925484	0.00395807	0.260427	0.491052	0.00393794	0.00137798	0.00258161	0.00228662	0.0122772	0.0112978	0.0214179	0.000446827	0.012066
186	0.010146	0.000370029	0.000289056	0.000426311	0.0138095	0.000801409	0.000214696	0.577458	0.000482975	0.137675	0.0350652	0.00107231	0.00108617	0.000531799	0.00037848	0.00342116	0.00758542	0.204501	0.00282335	0.00186217
187	0.25108	0.00421172	0.00151492	0.00117283	0.00257942	0.0486027	0.00389796	0.00875102	0.00119296	0.00577949	0.0063337	0.00661093	0.475476	0.00357418	0.000823425	0.107838	0.039455	0.0296828	0.000269799	0.00115388
188	0.0488589	0.00380303	0.000435267	0.000595941	0.00494787	0.000878627	0.000361372	0.319697	0.000647507	0.0386194	0.0551772	0.000908543	0.000703896	0.000761464	0.000554714	0.00516889	0.0304678	0.486195	0.000806983	0.000411268
