289	20
1	0.0071384	0.00178443	0.219848	0.0182836	0.00296727	0.00335889	0.00277296	0.00396757	0.00607035	0.00724009	0.00498193	0.568461	0.000883646	0.015052	0.00331759	0.0822664	0.0316359	0.0174445	0.000622021	0.00190298
2	0.305117	0.0184819	0.00183046	0.00268499	0.00451643	0.00357545	0.00325862	0.0419946	0.0037899	0.0120023	0.00381222	0.00855696	0.00340946	0.0039818	0.0051712	0.116311	0.120094	0.336995	0.00169599	0.00272189
3	0.0333891	0.00239362	0.0345972	0.0160556	0.00147236	0.823972	0.012588	0.00133804	0.00732603	0.00514513	0.00270195	0.0112581	0.000774888	0.00360455	0.00749042	0.0258765	0.00289061	0.00532257	0.000301522	0.00150206
4	0.00521895	0.00215514	0.000420853	0.000411116	0.00157806	0.000607363	0.000646264	0.356979	0.000469321	0.0261762	0.0100057	0.000748135	0.000372145	0.000723247	0.000443172	0.00443063	0.0015574	0.58592	0.000229471	0.00090782
5	0.13466	0.0643972	0.00164724	0.00190385	0.0112324	0.00408705	0.00241683	0.0112122	0.00233064	0.00558896	0.00629072	0.00372725	0.00187742	0.00317174	0.00301666	0.628613	0.0447551	0.0566612	0.00119023	0.0112204
6	0.405857	0.0668684	0.00169385	0.00183536	0.00383162	0.163893	0.00235899	0.00360587	0.0134104	0.00839465	0.00252507	0.014184	0.016003	0.00839847	0.00230569	0.21407	0.058394	0.00768866	0.000830917	0.00385135
7	0.0195021	0.0014164	0.00161374	0.00141066	0.0119897	0.00639037	0.00185003	0.0355509	0.00727121	0.26431	0.539783	0.00551622	0.00136737	0.00964528	0.00241467	0.0117025	0.00869926	0.0623627	0.00227542	0.00492862
8	0.0270956	0.00301803	0.00717152	0.0101602	0.00775193	0.0127306	0.374898	0.017003	0.0148176	0.0299081	0.032898	0.0411065	0.0193587	0.220228	0.0865216	0.0268446	0.0260799	0.0280781	0.0031831	0.0111474
9	0.172476	0.00503376	0.00219832	0.00457767	0.00603031	0.00950731	0.00332799	0.083646	0.00899791	0.173783	0.16025	0.0379573	0.00249586	0.00534559	0.00281077	0.0965362	0.0681267	0.145729	0.00137074	0.00979965
10	0.299362	0.00334355	0.00340288	0.00477159	0.00583105	0.0333975	0.00542297	0.0505377	0.00471619	0.0384219	0.00669247	0.0518314	0.00309095	0.217449	0.00438945	0.0445069	0.105649	0.110219	0.00215789	0.00480771
11	0.0224189	0.00229271	0.0011787	0.00130421	0.00778477	0.000990369	0.00178152	0.262324	0.00134388	0.17269	0.0278787	0.000619331	0.00183197	0.00140079	0.000876554	0.00615888	0.0144405	0.464603	0.000750927	0.00733082
12	0.087226	0.00795779	0.0038631	0.00423151	0.0309544	0.00556553	0.00682762	0.0225751	0.00590917	0.322542	0.226764	0.035542	0.00508326	0.00778891	0.00378898	0.103262	0.0799448	0.0324892	0.00249585	0.00518793
13	0.0233262	0.00185176	0.00224453	0.0025579	0.0191575	0.00325865	0.189331	0.0195249	0.0176374	0.0067516	0.00357256	0.0778283	0.185013	0.0369487	0.22889	0.0863399	0.00590832	0.0067251	0.016396	0.0667371
14	0.0848506	0.0319197	0.00257984	0.00414095	0.0636876	0.00465517	0.0121993	0.0336462	0.0255136	0.0115755	0.0108597	0.0116424	0.00290448	0.00690823	0.00765458	0.220834	0.271408	0.101394	0.0317052	0.059921
15	0.0136607	0.00367089	0.326137	0.10403	0.0042007	0.0498545	0.0111059	0.0123426	0.0231989	0.0123834	0.00127641	0.238139	0.000667959	0.0323785	0.0108139	0.0747071	0.0469074	0.0235743	0.00046363	0.0104875
16	0.0737007	0.0139656	0.00187982	0.00231462	0.0987488	0.00329817	0.0234267	0.0375435	0.00824585	0.0220008	0.01929	0.00484817	0.00613551	0.00395885	0.00306519	0.182653	0.198567	0.104248	0.0412304	0.150879
17	0.0381853	0.0020179	0.0332305	0.0287621	0.00588548	0.294734	0.0272671	0.00724019	0.0983339	0.0145313	0.00679814	0.0447451	0.0150765	0.0281576	0.198068	0.0969747	0.038785	0.0128704	0.00212609	0.00621084
18	0.0983694	0.00143978	0.0214838	0.00452688	0.0130126	0.0106175	0.0257184	0.0351035	0.0386053	0.0750446	0.0251796	0.0082529	0.39314	0.0520499	0.0825933	0.0499757	0.0442874	0.0174876	0.00124731	0.00186508
19	0.0695672	0.00466497	0.00555159	0.00239414	0.00701815	0.0130875	0.00308458	0.00964402	0.00443923	0.00662726	0.00499011	0.0458548	0.00706	0.00539952	0.00303665	0.321712	0.452022	0.0230203	0.00230709	0.00851961
20	0.0863977	0.00029681	0.0368679	0.0766338	0.00791034	0.0439034	0.0117803	0.0180938	0.153803	0.0286181	0.0152695	0.0625797	0.0281654	0.0917179	0.123017	0.0872369	0.0715547	0.0366359	0.00318934	0.0163286
21	0.00765228	0.00226685	0.000700711	0.00181695	0.0161404	0.000842025	0.00107019	0.531204	0.00585675	0.249414	0.0519982	0.00330029	0.00148326	0.0025686	0.0010173	0.0042361	0.00660671	0.104027	0.000905087	0.00689373
22	0.0696704	0.000474689	0.0396715	0.0589883	0.00449739	0.0451347	0.0103755	0.00866011	0.141828	0.0328922	0.0176159	0.049275	0.0758878	0.0795507	0.131693	0.11144	0.0868575	0.0218199	0.00366597	0.0100013
23	0.0249923	0.00768221	0.0140329	0.00308132	0.18448	0.00705492	0.0100551	0.0299214	0.0268539	0.339167	0.0506359	0.0514516	0.00867673	0.0233412	0.0174306	0.0453478	0.0219623	0.0221635	0.00438659	0.107283
24	0.0931904	0.000399486	0.0494175	0.0189976	0.00115201	0.0558373	0.0129814	0.00217726	0.0246941	0.0255649	0.00233068	0.0309317	0.46673	0.0499905	0.0598998	0.0671639	0.0258412	0.0114437	0.000587024	0.000669589
25	0.0480966	0.000549577	0.0295789	0.0502534	0.040468	0.0128808	0.0400238	0.11151	0.0888569	0.0923574	0.0332002	0.0464042	0.00402441	0.0425768	0.0556612	0.0518143	0.111369	0.0960819	0.00745263	0.0368398
26	0.0201522	0.00396825	0.298015	0.0679723	0.00646313	0.0207664	0.0105153	0.0110796	0.0230056	0.0167088	0.00637087	0.228838	0.00241264	0.027044	0.0131291	0.124442	0.0776149	0.0303528	0.00121718	0.00993209
27	0.0288114	0.644818	0.00624135	0.027838	0.0086839	0.0222346	0.00744485	0.0179294	0.00734345	0.0198993	0.0102971	0.011988	0.00524981	0.0108625	0.00767387	0.0471554	0.0217843	0.080514	0.00393145	0.00929916
28	0.0492796	0.0243739	0.00199668	0.00256514	0.152129	0.00384442	0.00862545	0.0149222	0.00605127	0.0109033	0.00814285	0.00579918	0.0042426	0.00375547	0.00300864	0.265623	0.157218	0.0409259	0.0707081	0.165885
29	0.472453	0.035957	0.00263501	0.00309606	0.00837754	0.0127407	0.00474375	0.0134819	0.00427889	0.0120392	0.00926315	0.00600865	0.0114948	0.00521776	0.0215003	0.158016	0.04217	0.171279	0.00156582	0.00368092
30	0.0162428	0.00360528	0.0060813	0.0065893	0.0069441	0.0113477	0.582582	0.0107164	0.0107941	0.016755	0.00793298	0.0968573	0.0156216	0.0327978	0.101235	0.0228208	0.0211046	0.014554	0.00460992	0.0108078
31	0.302323	0.00575164	0.000953226	0.000846528	0.00959327	0.0908236	0.00137714	0.003082	0.00161721	0.0156138	0.00217151	0.00482089	0.00143785	0.0162371	0.00121028	0.482523	0.0477006	0.00717585	0.000731723	0.0040094
32	0.037084	0.00767004	0.00320779	0.000355684	0.00849734	0.00214471	0.000788932	0.181263	0.000413558	0.089526	0.0158024	0.000485225	0.00201219	0.000585601	0.00185061	0.00236495	0.00818543	0.631648	0.000191349	0.00592365
33	0.0423097	0.00269329	0.0089065	0.0925564	0.012393	0.00694728	0.0317508	0.176714	0.0257381	0.223284	0.0622552	0.0155674	0.00361274	0.056173	0.0334034	0.0355579	0.041982	0.112909	0.00326193	0.011985
34	0.00386639	0.00101851	0.00104949	0.00119002	0.245848	0.00160915	0.00179051	0.0459058	0.00925459	0.391653	0.0549319	0.00630101	0.00864103	0.00470311	0.00364578	0.0144444	0.0153939	0.0302346	0.00165211	0.156866
35	0.0105786	0.00453423	0.378542	0.104975	0.00282869	0.0292352	0.0135679	0.0102691	0.0200646	0.0137141	0.0011782	0.223595	0.00062355	0.0314305	0.00503909	0.0745081	0.0494208	0.0214822	0.000301314	0.0041122
36	0.0268527	0.00159221	0.00229478	0.00435847	0.00647938	0.00320069	0.00301534	0.308207	0.00485844	0.154098	0.046738	0.00837739	0.0848955	0.00616615	0.00247444	0.0276775	0.0409646	0.212578	0.016498	0.0386734
37	0.0198509	0.0014238	0.000993713	0.000983049	0.0243339	0.000935152	0.00457986	0.272552	0.00124082	0.140856	0.023611	0.000889906	0.00133619	0.00389689	0.000833525	0.00792814	0.0103548	0.467645	0.000772298	0.0149828
38	0.00209884	0.000541981	0.000564113	0.000680859	0.000898355	0.00112385	0.0172606	0.00500171	0.0300335	0.0255675	0.00114961	0.00115458	0.000603481	0.0243331	0.857265	0.00266753	0.026074	0.00181383	0.000328495	0.000839112
39	0.152966	0.000484343	0.000897544	0.000794933	0.00541474	0.00944644	0.000911291	0.00137695	0.00076933	0.00773795	0.00104086	0.00143646	0.768189	0.00183967	0.000663624	0.0234348	0.0175549	0.00192064	0.0022931	0.000827525
40	0.0255566	0.00278723	0.00172326	0.00266537	0.0403626	0.00219506	0.00356803	0.215205	0.00370705	0.250949	0.0361945	0.00496489	0.0049165	0.00591503	0.00169267	0.0136576	0.0175246	0.332771	0.00289114	0.0307535
41	0.044076	0.00324554	0.00137799	0.0175892	0.106847	0.0172612	0.0204054	0.00420694	0.098619	0.0164759	0.0698965	0.0427693	0.0143299	0.0341353	0.032251	0.150547	0.250533	0.0122623	0.0121723	0.0509987
42	0.00506279	0.00304189	0.217617	0.0164368	0.00285433	0.00224158	0.00277682	0.00347787	0.00636419	0.00510645	0.00360681	0.622384	0.000886791	0.00873827	0.00418673	0.061504	0.0186189	0.0123122	0.000524755	0.00225792
43	0.0538548	0.00829661	0.00198988	0.00185378	0.0100028	0.0192152	0.00208776	0.0234141	0.00206008	0.0125399	0.00312656	0.0119141	0.383812	0.00331143	0.0103024	0.0699625	0.293912	0.0848685	0.00109469	0.00238079
44	0.0427158	0.00900537	0.0112314	0.0134374	0.0239034	0.0164096	0.0168858	0.0235834	0.0212133	0.112336	0.0228113	0.0221361	0.0163814	0.0943234	0.0180444	0.143295	0.0381513	0.0318514	0.29525	0.0270338
45	0.0955123	0.514936	0.00540039	0.0200409	0.00702283	0.0903439	0.00678433	0.0107166	0.0077814	0.0140461	0.00794155	0.0131414	0.00701096	0.00900815	0.00512738	0.113505	0.0306651	0.0302281	0.00331633	0.00747174
46	0.136069	0.0224766	0.00896532	0.00527511	0.0137653	0.0363665	0.00705122	0.0131914	0.00638048	0.0213662	0.0113538	0.0381801	0.0166618	0.0111542	0.0102404	0.510683	0.0869488	0.0264677	0.00292105	0.0144818
47	0.155584	0.103182	0.00235191	0.00426162	0.0114026	0.0256236	0.00385045	0.0113888	0.00462682	0.0104355	0.00758674	0.0100425	0.00487476	0.00585602	0.00452005	0.535035	0.0448621	0.0426953	0.00181	0.0100098
48	0.226525	0.00465478	0.00551486	0.00445158	0.00211712	0.678152	0.0054973	0.00125078	0.00485761	0.00651614	0.00283153	0.00745904	0.000754305	0.00456988	0.00542641	0.0284655	0.00594841	0.00378502	0.000338811	0.000883872
49	0.300862	0.00904643	0.000985025	0.00111147	0.00290141	0.129001	0.00133724	0.00292201	0.0023861	0.0156954	0.00165908	0.00763388	0.00224778	0.0377561	0.00127944	0.363595	0.096633	0.0136479	0.000621931	0.00867767
50	0.0531873	0.00313394	0.00363966	0.00327879	0.0922784	0.0043933	0.0194459	0.079084	0.00374987	0.490664	0.0420402	0.00696088	0.00271259	0.00523234	0.0032753	0.0130955	0.0468012	0.118304	0.00380442	0.00491836
51	0.228376	0.00100022	0.0112934	0.00295636	0.00193453	0.0653613	0.0129786	0.0218429	0.0017473	0.00507387	0.00247019	0.00246319	0.30506	0.0346087	0.0235337	0.188639	0.0408414	0.0298166	0.0183125	0.00169122
52	0.00598203	0.00158183	0.297867	0.0378559	0.00312978	0.00650797	0.00381192	0.00500056	0.00691327	0.00653528	0.00297303	0.498825	0.000820905	0.0124292	0.00248001	0.0714402	0.020335	0.0127894	0.000575294	0.0021464
53	0.0501617	0.00267261	0.0179519	0.00895159	0.000841757	0.846547	0.00969746	0.00102021	0.00664805	0.00553422	0.00279467	0.00925699	0.000675197	0.00287907	0.00690053	0.0217397	0.00189979	0.00292515	0.000234892	0.000667124
54	0.0537959	0.0044636	0.000786425	0.0162904	0.0133024	0.00862574	0.0352483	0.00893528	0.0519063	0.00254109	0.0257987	0.108142	0.00111772	0.0353825	0.0596169	0.168251	0.312434	0.0767091	0.00111183	0.0155407
55	0.00417667	0.00064884	0.000787085	0.000853301	0.192794	0.00102254	0.00110381	0.0330641	0.00501853	0.602927	0.063592	0.00251734	0.00453487	0.0026276	0.00264115	0.010477	0.0101785	0.0185423	0.00167499	0.0408182
56	0.0188313	0.000884623	0.000612135	0.00237344	0.00688566	0.000700641	0.00196986	0.296674	0.00241417	0.180809	0.0309459	0.00072191	0.00149045	0.00223094	0.000882775	0.00919759	0.0180747	0.41654	0.000779317	0.00698151
57	0.0352184	0.00743203	0.0261946	0.0738873	0.0135773	0.148531	0.147222	0.0170511	0.0157881	0.0263671	0.0192601	0.0235156	0.010639	0.175585	0.0181258	0.106184	0.0308707	0.0851021	0.00488526	0.0145632
58	0.139404	0.00294999	0.00515326	0.00786386	0.00583512	0.0185381	0.00772473	0.0129005	0.0135283	0.00659437	0.00742075	0.0523085	0.00418784	0.0113476	0.0134796	0.232719	0.395044	0.0547603	0.00105891	0.00718094
59	0.0534589	0.00319983	0.0158389	0.00867541	0.00146945	0.802421	0.0100592	0.00212015	0.0113766	0.00755719	0.00369469	0.0126304	0.00370382	0.00490287	0.0252819	0.0239199	0.0039047	0.00341842	0.000295092	0.0020713
60	0.0495897	0.0026763	0.0177537	0.0085932	0.000942508	0.84783	0.00986714	0.000912363	0.00703303	0.00552402	0.00288495	0.00971681	0.0005849	0.00282922	0.00756009	0.0203835	0.00154052	0.00278631	0.000252152	0.000739617
61	0.00779079	0.00299447	0.427325	0.11784	0.00392777	0.0301914	0.0201259	0.00844741	0.0247973	0.00924282	0.00126256	0.18845	0.00069901	0.0393798	0.0125456	0.0456277	0.033296	0.0215541	0.000386586	0.00411591
62	0.0138647	0.00268142	0.00171662	0.00208711	0.300186	0.00352496	0.0393964	0.0106279	0.00611648	0.0366055	0.00738671	0.0197498	0.0190437	0.00808775	0.0026256	0.0326015	0.0228744	0.0191338	0.0937865	0.357903
63	0.0559859	0.000451195	0.0316161	0.0682705	0.0310717	0.00976881	0.0301926	0.109094	0.0874027	0.0813289	0.0326015	0.0465164	0.0028699	0.0477727	0.050507	0.0564862	0.105695	0.118834	0.00523669	0.0282987
64	0.00554739	0.00073353	0.1211	0.740444	0.00143097	0.00725747	0.00279815	0.00441134	0.00746702	0.010067	0.00117908	0.00755316	0.000730299	0.0543435	0.00176251	0.00905255	0.00907162	0.0133498	0.000598078	0.00110212
65	0.0385897	0.00501238	0.0324339	0.0360898	0.0538585	0.0135248	0.0397979	0.097527	0.0764132	0.129019	0.0379284	0.053304	0.00429803	0.0382582	0.0374002	0.0601266	0.0997311	0.0816664	0.00597464	0.0590467
66	0.00393749	0.00073922	0.000730011	0.000846177	0.338016	0.00179607	0.0224725	0.00790036	0.00395495	0.035239	0.00507406	0.0124241	0.00574831	0.00339332	0.0011685	0.00541941	0.00429645	0.00814154	0.0214126	0.51729
67	0.450311	0.00271027	0.00113552	0.00132705	0.0189444	0.0401632	0.00153144	0.00331589	0.00185855	0.00807679	0.00277029	0.0025405	0.00126577	0.00418819	0.00143422	0.436967	0.00982476	0.00900383	0.000618076	0.00201258
68	0.057776	0.00142708	0.00132859	0.00145815	0.00266301	0.0080352	0.0016816	0.007886	0.00155188	0.00388941	0.00250146	0.00993788	0.0015179	0.00239934	0.00167618	0.284878	0.588517	0.0176846	0.000846588	0.00234427
69	0.0143756	0.00297101	0.244654	0.0370628	0.00268813	0.0111708	0.00488449	0.006316	0.0111707	0.0110061	0.00544163	0.436991	0.00129362	0.024578	0.00556399	0.098993	0.0568831	0.0202666	0.000675873	0.00301404
70	0.0468973	0.00224885	0.00278848	0.00327018	0.00438347	0.00516748	0.314474	0.0247158	0.00369808	0.0820146	0.0402318	0.00482165	0.00232316	0.35204	0.00649917	0.0101202	0.0254312	0.063345	0.0015775	0.00395195
71	0.0269017	0.000970986	0.000855348	0.0149761	0.00503994	0.00198464	0.00217998	0.348964	0.0127791	0.217098	0.0333192	0.00329179	0.00379578	0.0125751	0.00244117	0.0333498	0.0302665	0.234789	0.001824	0.012598
72	0.0170831	0.00177461	0.00260184	0.00169967	0.0579174	0.00127046	0.00207799	0.0667899	0.00369805	0.634841	0.0839187	0.00360026	0.00246004	0.00422757	0.00264747	0.00806697	0.0123898	0.0782927	0.00443867	0.0102042
73	0.109031	0.000432983	0.0382172	0.0177136	0.00142403	0.0536863	0.0130376	0.00347384	0.018968	0.0209619	0.00159802	0.0241945	0.490392	0.045496	0.048001	0.0736926	0.0251491	0.0117037	0.00202958	0.00079639
74	0.01158	0.00415533	0.36844	0.106053	0.0031652	0.0350187	0.0128431	0.0107306	0.0204931	0.0133157	0.00115179	0.223522	0.000613259	0.0311351	0.00575319	0.0754533	0.0490844	0.0217587	0.000308532	0.00542444
75	0.0568566	0.00293608	0.0167889	0.00699778	0.00164949	0.805105	0.0185691	0.00170399	0.0107607	0.0065343	0.00329028	0.0214931	0.00173109	0.00369709	0.00819605	0.0249686	0.00273298	0.00375585	0.000606817	0.00162578
76	0.0237941	0.000696303	0.0481694	0.033683	0.00845158	0.0299448	0.0262757	0.00761954	0.148062	0.0176428	0.00647708	0.08004	0.00319761	0.0304366	0.314185	0.13944	0.061037	0.0125335	0.00274536	0.00556831
77	0.092769	0.00289636	0.00301555	0.00435521	0.0453459	0.00558467	0.0051865	0.175462	0.00422646	0.0154231	0.0606562	0.00654071	0.00330037	0.124681	0.00444066	0.0429114	0.0374337	0.329689	0.002288	0.0337935
78	0.00817518	0.00206551	0.000721376	0.00106851	0.0249219	0.00104421	0.00114686	0.652982	0.00301369	0.159637	0.0435944	0.00147734	0.000667506	0.00205872	0.000756829	0.00295446	0.00489334	0.0839321	0.000377881	0.00451164
79	0.00694012	0.00211859	0.000410986	0.00036276	0.00189371	0.000688283	0.000644502	0.344105	0.000453426	0.0344802	0.0124507	0.000661619	0.000356484	0.000692751	0.000453353	0.00399905	0.00197441	0.586095	0.000212506	0.00100618
80	0.0188447	0.00168265	0.000658257	0.000598835	0.00928638	0.00074617	0.0020006	0.2751	0.000718906	0.128918	0.0256932	0.000505195	0.00088396	0.000746325	0.000597541	0.00477256	0.00854782	0.513444	0.000402674	0.0058514
81	0.0538055	0.00262562	0.0175086	0.00887441	0.000839671	0.84607	0.00951425	0.00109919	0.00699515	0.00542487	0.00284481	0.00878903	0.000526351	0.00300402	0.00725295	0.0189379	0.00181921	0.00315101	0.000272127	0.000645088
82	0.0508001	0.00273715	0.0177707	0.00869504	0.000886569	0.845172	0.0101331	0.00103098	0.00688785	0.00572119	0.00308566	0.00904126	0.000634439	0.00292621	0.00728991	0.0214269	0.00181364	0.00282866	0.000282166	0.000836148
83	0.00219974	0.000551473	0.00056826	0.000723953	0.00100621	0.00103672	0.015824	0.00587265	0.0239569	0.0286172	0.00127527	0.00117394	0.000630199	0.0272072	0.857551	0.0024162	0.0260795	0.00202345	0.000406108	0.00088021
84	0.0264382	0.00144564	0.115044	0.0511582	0.0189243	0.17095	0.00349541	0.00642218	0.0517821	0.0068495	0.00366219	0.22485	0.00251385	0.0487029	0.111947	0.060527	0.0244381	0.0225555	0.00150191	0.0467921
85	0.156375	0.00240275	0.0161678	0.0912481	0.0201188	0.00477905	0.00906151	0.0233684	0.0378922	0.0127588	0.0245975	0.0547097	0.00210852	0.0593306	0.0164387	0.176121	0.143196	0.141716	0.00134854	0.0062607
86	0.0375001	0.00925594	0.0184011	0.0111704	0.136816	0.0301766	0.090301	0.011078	0.00518412	0.0365658	0.0323839	0.0413693	0.121796	0.0321746	0.00263695	0.0402727	0.0153092	0.0211976	0.0235322	0.282879
87	0.00577861	0.00324504	0.0254366	0.00154332	0.00369105	0.00208553	0.0018734	0.00282278	0.00193128	0.00414337	0.00236998	0.211079	0.00221234	0.00252851	0.00178141	0.459385	0.247973	0.00485078	0.00089246	0.0143771
88	0.00436367	0.00686599	0.0012824	0.00169425	0.322225	0.00194568	0.00758454	0.133016	0.00248397	0.11131	0.0170255	0.025044	0.00196629	0.0269851	0.00236415	0.0162701	0.016415	0.109442	0.00125254	0.190464
89	0.0113123	0.0031443	0.0926248	0.743169	0.00226679	0.00727277	0.00259209	0.00717103	0.00807414	0.0122435	0.00302256	0.00400636	0.00253722	0.0498727	0.00358464	0.0132081	0.013057	0.0172657	0.000781862	0.00279338
90	0.00183981	0.000614195	0.000473097	0.000501185	0.592969	0.000896076	0.00610554	0.0129778	0.00490937	0.048486	0.00321758	0.00937815	0.00138828	0.00191711	0.000669045	0.00419552	0.0030904	0.00937586	0.0141834	0.282812
91	0.00675939	0.00659298	0.00125963	0.00148363	0.297033	0.0021695	0.0122709	0.16938	0.00182656	0.0650939	0.0132092	0.0197636	0.00134549	0.0387958	0.00157063	0.0122119	0.0156418	0.16933	0.00101902	0.163242
92	0.0800166	0.00439318	0.0316907	0.0145421	0.00942399	0.0378302	0.0185569	0.0130875	0.0191876	0.0598143	0.00899602	0.0476019	0.403454	0.0348206	0.0412402	0.0891653	0.05082	0.0224823	0.00449589	0.00838117
93	0.077496	0.00031015	0.0411697	0.0746525	0.00536044	0.0459079	0.0118379	0.0117285	0.151258	0.0290644	0.0168515	0.054653	0.0486406	0.0871157	0.12715	0.0906764	0.0807991	0.0283061	0.0041963	0.0128259
94	0.00331355	0.000623783	0.000758618	0.00077658	0.233754	0.00108061	0.00122297	0.0341815	0.00532374	0.559762	0.0543535	0.00296064	0.0050336	0.00271476	0.0025171	0.0120802	0.0101057	0.017515	0.00140677	0.0505149
95	0.0932953	0.000399268	0.049417	0.0190342	0.00115196	0.0558664	0.013014	0.0021785	0.0246761	0.0255467	0.00229574	0.0309422	0.467251	0.0499794	0.0596336	0.0668969	0.0257225	0.0114422	0.000586632	0.000670521
96	0.010342	0.000594905	0.00170449	0.000550487	0.109168	0.000589022	0.00133413	0.0630588	0.00197514	0.637212	0.0699568	0.00138563	0.0014011	0.00147475	0.00147226	0.00471609	0.00889511	0.0662019	0.00391073	0.0140563
97	0.0108613	0.0015012	0.00223676	0.000978086	0.107343	0.00107074	0.00182486	0.0670964	0.003495	0.620043	0.0675242	0.00362049	0.00251485	0.00277515	0.00269828	0.0072995	0.0113724	0.059092	0.00365624	0.0229962
98	0.0937452	0.000242997	0.0371853	0.0702852	0.014965	0.0309152	0.0156312	0.0417577	0.139513	0.0316923	0.0157293	0.068813	0.00990166	0.0850583	0.109578	0.0845108	0.0688753	0.0598951	0.0027786	0.018927
99	0.0453211	0.0359436	0.0727254	0.052169	0.0519408	0.0594762	0.0488134	0.0100615	0.00908664	0.0553291	0.0628389	0.0632653	0.0831308	0.0603959	0.00576959	0.078263	0.0142947	0.0134404	0.00178877	0.175946
100	0.0075072	0.00272379	0.347494	0.0686718	0.00913258	0.0162277	0.0165283	0.0124563	0.0209524	0.00877465	0.00241398	0.348502	0.00124359	0.0303078	0.00704697	0.0513206	0.0284596	0.0166694	0.000597423	0.00297001
101	0.0263846	0.014419	0.0325969	0.00802458	0.0165114	0.012881	0.0121023	0.0107125	0.0169684	0.0208024	0.0114904	0.491543	0.0108918	0.0120681	0.0153858	0.156719	0.0606992	0.0176131	0.00362317	0.0485634
102	0.0209701	0.00307155	0.00417875	0.0036228	0.0795198	0.00414309	0.010198	0.0516605	0.00988104	0.465191	0.0960052	0.0126721	0.00857126	0.0125183	0.00684568	0.0246705	0.0193137	0.0563474	0.0370056	0.0736134
103	0.0123078	0.00273384	0.00282855	0.00245885	0.134194	0.00378147	0.0393037	0.0127771	0.00560154	0.026349	0.0100875	0.0180435	0.0115087	0.00654811	0.00504024	0.0182248	0.0130666	0.0138842	0.0290222	0.632238
104	0.133371	0.000739333	0.00726142	0.00350929	0.00582012	0.0159538	0.00428013	0.00285446	0.00491452	0.0107029	0.00184953	0.00569962	0.707683	0.00946068	0.010211	0.0338992	0.0273144	0.00735076	0.00263067	0.00449474
105	0.00170804	0.000416283	0.00044965	0.000448215	0.614843	0.000862591	0.00619147	0.00772977	0.00426876	0.0408381	0.00158533	0.00955363	0.00122803	0.00121106	0.000627536	0.00363119	0.00234776	0.00558674	0.0150445	0.281429
106	0.0515894	0.0133632	0.0063214	0.00041505	0.0134011	0.00306391	0.00076096	0.109015	0.000452754	0.104412	0.0106294	0.000682566	0.00362433	0.000735033	0.00357184	0.00198312	0.0127356	0.652898	0.000210783	0.0101348
107	0.0165859	0.00214603	0.00318136	0.00232436	0.216749	0.00708514	0.116047	0.00937638	0.0205278	0.0427812	0.00990374	0.0857321	0.029473	0.026292	0.00346093	0.0175577	0.0123128	0.015178	0.0448643	0.318421
108	0.0162251	0.00135405	0.00251623	0.00436522	0.0304213	0.00156365	0.00256091	0.101929	0.00932847	0.538147	0.133286	0.00931727	0.00299758	0.0100318	0.0129986	0.0106414	0.0225892	0.0800433	0.00349516	0.00618782
109	0.0488624	0.0431526	0.0139891	0.0103916	0.0295828	0.00577795	0.0299891	0.0602469	0.00735701	0.363459	0.0378788	0.0657765	0.0220727	0.0142286	0.00381253	0.147701	0.0683481	0.013572	0.00123742	0.0125636
110	0.0514431	0.00706222	0.00188744	0.00170389	0.0106711	0.0222568	0.0019166	0.0208215	0.00172996	0.0106361	0.00251828	0.0138903	0.426288	0.00390031	0.0118127	0.0829296	0.246484	0.0788021	0.00122879	0.00201685
111	0.0153162	0.000825304	0.00203776	0.000408541	0.0272306	0.000451693	0.00135758	0.0900023	0.00135478	0.646291	0.0775889	0.00135649	0.000611493	0.00158138	0.0014365	0.00195104	0.0104706	0.112398	0.00512423	0.00220509
112	0.00172682	0.000408555	0.000473096	0.000461749	0.614831	0.000866604	0.00627248	0.00760548	0.00427711	0.0407333	0.00161865	0.00954592	0.00123264	0.00119529	0.000640713	0.00367324	0.00237782	0.00554265	0.0151965	0.28132
113	0.013654	0.00229987	0.000537742	0.000410406	0.00453097	0.000730444	0.00113877	0.325317	0.00040532	0.0747536	0.0190435	0.000535178	0.000492575	0.000602308	0.000571534	0.00382381	0.0045916	0.543623	0.000238213	0.00270032
114	0.00593668	0.00159143	0.00205813	0.00166509	0.323318	0.00220786	0.00449611	0.0397538	0.00966995	0.323221	0.0472152	0.00988696	0.0080714	0.00701796	0.00364441	0.0153674	0.0155369	0.0261405	0.0050859	0.148115
115	0.358727	0.010018	0.000819415	0.00122653	0.00761396	0.0390701	0.00212438	0.00883571	0.00272728	0.00602763	0.00196131	0.0164596	0.00165014	0.00742805	0.00254892	0.300966	0.184475	0.0400036	0.00135133	0.00596542
116	0.00584188	0.00570703	0.0995533	0.00651038	0.00343022	0.00282916	0.00275787	0.00378843	0.0150308	0.00679659	0.00487681	0.712513	0.0011429	0.0081926	0.0127422	0.0558899	0.0310707	0.0171962	0.00063066	0.00349959
117	0.0413829	0.000533135	0.0860622	0.0359854	0.0120665	0.0200636	0.0202593	0.0113995	0.172201	0.0272336	0.00895857	0.119588	0.00581273	0.0649088	0.139861	0.118559	0.0823222	0.0202351	0.00392599	0.00864092
118	0.0277111	0.000945629	0.0710588	0.0360664	0.00961499	0.02271	0.021679	0.00920244	0.175954	0.0205884	0.0071426	0.0947043	0.0042161	0.0386501	0.256429	0.11476	0.0638061	0.0150105	0.00325176	0.00649919
119	0.45612	0.00406303	0.00128687	0.00143948	0.017708	0.0685815	0.00143321	0.00279221	0.00197424	0.0083223	0.00216343	0.00297398	0.0012283	0.00598993	0.00142204	0.394421	0.0161542	0.00901941	0.000527457	0.00237891
120	0.0128145	0.00491502	0.00116783	0.00044945	0.00310154	0.00106345	0.000611235	0.331531	0.000493897	0.0470122	0.0119416	0.000705717	0.000813405	0.00065073	0.000864616	0.00385891	0.00335243	0.572288	0.000210554	0.0021545
121	0.0272446	0.00170256	0.00320068	0.0439535	0.003656	0.00416014	0.00473778	0.177675	0.0268455	0.263797	0.038924	0.00887674	0.00369313	0.0270293	0.0059958	0.105811	0.0415511	0.201858	0.00157766	0.00771066
122	0.00300556	0.00062445	0.000716225	0.00079317	0.238369	0.00105709	0.00120058	0.0339251	0.00567299	0.554673	0.0521378	0.00319458	0.00545544	0.00282882	0.00268126	0.0121129	0.010257	0.0166605	0.0013198	0.0533145
123	0.00461456	0.00260135	0.222523	0.0158375	0.00266117	0.00141236	0.00223507	0.00305013	0.00532101	0.00466845	0.00357301	0.622303	0.000779238	0.00851321	0.00350312	0.0653144	0.0163958	0.0119207	0.000618981	0.00215432
124	0.0417872	0.0017192	0.0019482	0.00240237	0.13944	0.00829937	0.09883	0.0234848	0.00468243	0.0310512	0.0106519	0.0203389	0.107252	0.0112517	0.0024769	0.0283749	0.0356988	0.047574	0.0573832	0.325352
125	0.00232962	0.000556087	0.000572353	0.000705895	0.000953856	0.0010524	0.0177963	0.00489915	0.0406214	0.0252845	0.00119684	0.00114855	0.000700044	0.0239864	0.845897	0.00277797	0.0263181	0.00195846	0.000362943	0.000881785
126	0.055293	0.0002434	0.0580648	0.0518445	0.0110046	0.0300349	0.0176164	0.0125176	0.171693	0.0276385	0.011937	0.097478	0.0140555	0.0664671	0.140905	0.108346	0.0844473	0.0253639	0.00458863	0.0104613
127	0.00231259	0.000661031	0.000501909	0.000658818	0.514519	0.00114034	0.00523453	0.015938	0.00431194	0.106831	0.00945192	0.00869486	0.00130096	0.00199852	0.00103013	0.00514942	0.00316065	0.0138586	0.0113607	0.291885
128	0.0918293	0.00268339	0.0458225	0.0169263	0.00349587	0.0420644	0.0120071	0.00709768	0.0210432	0.0223265	0.00430671	0.0251552	0.484326	0.0369631	0.044183	0.0653441	0.0499991	0.0181539	0.00243703	0.00383562
129	0.0876238	0.00105404	0.0134765	0.106221	0.00272754	0.0221936	0.00463417	0.0213309	0.130317	0.026451	0.0310963	0.0165336	0.0671501	0.10985	0.0959348	0.0721822	0.121602	0.060197	0.00231513	0.00711049
130	0.00766842	0.00527126	0.000931743	0.0014871	0.01522	0.000904306	0.0011486	0.434275	0.00475192	0.322724	0.09239	0.00629488	0.00166815	0.00402295	0.0021085	0.00409524	0.00719834	0.0830979	0.00126059	0.00348081
131	0.0932953	0.000399268	0.049417	0.0190342	0.00115196	0.0558664	0.013014	0.0021785	0.0246761	0.0255467	0.00229574	0.0309422	0.467251	0.0499794	0.0596336	0.0668969	0.0257225	0.0114422	0.000586632	0.000670521
132	0.0260844	0.00239236	0.171083	0.0620529	0.00488005	0.545382	0.0200413	0.00383942	0.0102319	0.00613223	0.00201439	0.043391	0.0010472	0.0128797	0.00604901	0.0497372	0.0132985	0.0154476	0.00053524	0.00348057
133	0.00331172	0.000631975	0.00167111	0.00177191	0.00129322	0.00241145	0.0218433	0.00546066	0.0300367	0.0249938	0.00161804	0.00437525	0.00296896	0.02477	0.832252	0.00787916	0.0272822	0.00292001	0.000626409	0.00188235
134	0.00937834	0.0338908	0.0229528	0.00300519	0.00361017	0.00559218	0.00327608	0.0046987	0.00551451	0.00714845	0.00399712	0.659929	0.00256715	0.00477301	0.00479655	0.152191	0.0527192	0.00987338	0.001263	0.00882364
135	0.0133703	0.00223897	0.0036116	0.00319255	0.10081	0.00554441	0.0781014	0.00789489	0.00787869	0.0240027	0.00989019	0.0433743	0.0224787	0.0117921	0.0082229	0.0158298	0.011352	0.0121086	0.0329943	0.585312
136	0.134068	0.000825903	0.00754804	0.00414178	0.00595184	0.0165468	0.00432206	0.00308602	0.0042469	0.0109775	0.0019632	0.00607088	0.701421	0.011268	0.00993109	0.0373458	0.0270249	0.00801156	0.00334619	0.00190227
137	0.33233	0.0671148	0.00171701	0.00204044	0.0033042	0.16408	0.00298028	0.00376035	0.0101768	0.0101391	0.00265093	0.0194628	0.0126293	0.011202	0.00203509	0.27288	0.0681009	0.00793094	0.00103116	0.00443404
138	0.239285	0.00725476	0.00116525	0.000968795	0.00203163	0.139491	0.00155826	0.0037101	0.00223737	0.0171643	0.00182977	0.0101871	0.00217857	0.0309031	0.00147273	0.37366	0.145537	0.0129333	0.000679625	0.00575313
139	0.204646	0.00537904	0.00594864	0.00483365	0.00188632	0.692253	0.00576238	0.00117333	0.00531872	0.00685537	0.00294553	0.00782106	0.000826537	0.00478547	0.00581558	0.0329012	0.00636994	0.00328227	0.000345982	0.000849999
140	0.150386	0.0227645	0.00656517	0.00527587	0.0100573	0.0132047	0.00657423	0.0417877	0.0053926	0.0290303	0.0506832	0.0147554	0.00533721	0.0103073	0.00565513	0.54117	0.0317153	0.0316618	0.0027428	0.0149337
141	0.482118	0.00609194	0.00122417	0.00127573	0.0146822	0.0534661	0.00189026	0.00390523	0.00198228	0.00790122	0.00383034	0.00401547	0.00265181	0.00570342	0.00243843	0.364681	0.0212763	0.0177397	0.000616229	0.00250989
142	0.288212	0.0230944	0.00192335	0.00247297	0.00374172	0.00342378	0.00278077	0.0432379	0.00286207	0.0143646	0.00378118	0.0100016	0.00314374	0.00403121	0.00425743	0.0796005	0.130969	0.374106	0.00150678	0.00248869
143	0.0218141	0.000851932	0.000752704	0.000962781	0.0102663	0.00262311	0.00114319	0.0419943	0.00724523	0.374449	0.458193	0.00164968	0.000714645	0.0117876	0.00151634	0.0063553	0.00415851	0.0488032	0.00332322	0.0013963
144	0.00711529	0.000911599	0.00126222	0.000896948	0.181648	0.000965807	0.00169975	0.0487125	0.00453002	0.579239	0.058727	0.0033246	0.00390301	0.00312095	0.00240676	0.00960631	0.0111366	0.0382559	0.00244435	0.040094
145	0.155814	0.000571241	0.000951291	0.000835296	0.0053356	0.0097462	0.00105785	0.00148345	0.000745708	0.00787512	0.00125094	0.00144748	0.760998	0.00209207	0.000855423	0.0243896	0.0176893	0.00370781	0.00231846	0.000835396
146	0.0058726	0.00271231	0.000666675	0.00106856	0.0160974	0.000817867	0.000771332	0.566131	0.00373564	0.252012	0.0537013	0.00242585	0.000893237	0.00151979	0.000842512	0.00307023	0.00486203	0.0782066	0.000620769	0.00397273
147	0.0445672	0.000266459	0.0748638	0.0399837	0.0126912	0.0223969	0.0198783	0.0124025	0.177886	0.0289395	0.00974468	0.109932	0.00702303	0.0614238	0.144106	0.116605	0.081935	0.0219654	0.00405947	0.00932943
148	0.524662	0.0154985	0.00173866	0.00155811	0.00345612	0.0215091	0.00238528	0.00391322	0.00200895	0.0185316	0.0378993	0.00306273	0.0690778	0.00334653	0.00371185	0.0398962	0.0312901	0.212927	0.00119536	0.00233192
149	0.0411763	0.001101	0.0693232	0.564497	0.00558959	0.00452429	0.00233947	0.0293662	0.0201007	0.0184445	0.00778815	0.0188357	0.0010651	0.0530387	0.0120064	0.0284792	0.0535212	0.0628657	0.000720103	0.0052176
150	0.00492005	0.00219824	0.000407627	0.000406465	0.00128584	0.000625915	0.000563362	0.358687	0.000459677	0.0237896	0.00956269	0.000735517	0.000363786	0.00073095	0.000442077	0.00428378	0.00144103	0.58811	0.000244335	0.000742215
151	0.0135756	0.000565304	0.00215342	0.000303299	0.031035	0.000398122	0.00119022	0.0721491	0.00116427	0.688446	0.0814044	0.00077919	0.000306727	0.00135839	0.00137907	0.00140639	0.0096498	0.0860623	0.00520222	0.00147127
152	0.00492005	0.00219824	0.000407627	0.000406465	0.00128584	0.000625915	0.000563362	0.358687	0.000459677	0.0237896	0.00956269	0.000735517	0.000363786	0.00073095	0.000442077	0.00428378	0.00144103	0.58811	0.000244335	0.000742215
153	0.0319027	0.681277	0.00541468	0.0308953	0.0096188	0.0258098	0.00650662	0.0128831	0.00735541	0.018117	0.00909515	0.0104531	0.00502348	0.00946467	0.00619186	0.0535605	0.01926	0.0452568	0.00351192	0.00840182
154	0.0460579	0.00289747	0.018643	0.0087639	0.000959625	0.844428	0.0105841	0.00122557	0.00672214	0.0055754	0.00311472	0.00948982	0.000840206	0.00280989	0.00696719	0.0242772	0.00224269	0.00328818	0.000393467	0.000719633
155	0.0494684	0.00431185	0.018704	0.00924405	0.00136741	0.808423	0.0128816	0.00126099	0.00685092	0.00560977	0.0032066	0.0124071	0.00266998	0.00344274	0.00707447	0.0418188	0.00563349	0.0039109	0.000339897	0.00137368
156	0.292317	0.00157757	0.000804748	0.00112044	0.00287132	0.0315923	0.00128213	0.010077	0.0012848	0.00397961	0.00137112	0.0262989	0.00107524	0.00410913	0.00130695	0.253956	0.328759	0.0332511	0.000793322	0.0021729
157	0.499486	0.06046	0.00147112	0.0020042	0.0032647	0.189672	0.00207499	0.00355627	0.00913747	0.00644955	0.00253273	0.0106982	0.010556	0.00653604	0.00213805	0.129022	0.0503693	0.00680585	0.000802506	0.0029632
158	0.0442279	0.0199328	0.0264664	0.0225442	0.014819	0.00474785	0.0327662	0.0646897	0.00744127	0.358676	0.0201925	0.0491638	0.0109004	0.0280459	0.00482654	0.192654	0.0699796	0.0142262	0.00213159	0.0115677
159	0.0506608	0.000245065	0.0624822	0.0433269	0.0126779	0.0263476	0.0195602	0.0129683	0.177215	0.0283847	0.0107397	0.106483	0.00834467	0.0628187	0.143051	0.1161	0.08028	0.0237482	0.00427538	0.0102905
160	0.00588651	0.00331865	0.0255232	0.00154888	0.00370576	0.00207194	0.00187719	0.00288674	0.0019346	0.004236	0.00260088	0.210438	0.00227566	0.00258326	0.00178314	0.459956	0.246822	0.00495459	0.000888188	0.0147089
161	0.0253178	0.663063	0.00660592	0.0521777	0.00985396	0.0244048	0.00858338	0.0137344	0.00794668	0.0186834	0.0100178	0.0108762	0.00583687	0.0113906	0.00688636	0.048657	0.0195602	0.0425496	0.00406607	0.00978864
162	0.0888475	0.00295746	0.00875099	0.00733952	0.00108546	0.815051	0.00764644	0.00130091	0.00650069	0.00857599	0.00338779	0.0106754	0.000616152	0.00493594	0.00717252	0.0191275	0.00287779	0.0021255	0.000368597	0.000657184
163	0.00218847	0.000545494	0.000552558	0.000708271	0.000958854	0.00104807	0.0159962	0.00573168	0.0247091	0.0282032	0.00128092	0.00116293	0.000616461	0.0267422	0.857628	0.00246994	0.0261799	0.0019897	0.000404977	0.000882665
164	0.00523109	0.00283956	0.000516084	0.0009338	0.0160085	0.000841905	0.000737438	0.638872	0.00325709	0.191402	0.0543984	0.00112304	0.000578007	0.00124383	0.000659319	0.00243498	0.00407502	0.071037	0.000266557	0.00354406
165	0.0770838	0.000465332	0.0897624	0.110707	0.0212295	0.0063168	0.00723012	0.0472652	0.075857	0.0354723	0.0209082	0.0835719	0.00179634	0.0425896	0.085067	0.0549049	0.134885	0.0792953	0.00159442	0.0239982
166	0.0939019	0.000286056	0.0366713	0.0702295	0.0151269	0.0309744	0.0155353	0.041589	0.139374	0.0313299	0.0155952	0.0692417	0.00985856	0.0859052	0.109593	0.0846548	0.0686623	0.0597528	0.00274425	0.0189744
167	0.0507147	0.0131913	0.0107267	0.0128729	0.0384302	0.0165933	0.0179139	0.0216456	0.015213	0.0591841	0.0234629	0.0235479	0.0231502	0.0480395	0.0144883	0.166128	0.0518565	0.0379348	0.313077	0.0418298
168	0.126185	0.000623786	0.0519672	0.104819	0.0150598	0.00461833	0.00736582	0.0655448	0.0672392	0.0361024	0.0224068	0.0556264	0.00114755	0.053682	0.0423153	0.0863738	0.109459	0.135593	0.00138982	0.0124805
169	0.0198723	0.00119272	0.00168956	0.0166173	0.00303426	0.00230998	0.00251246	0.239561	0.032038	0.133501	0.238218	0.00703555	0.0020957	0.0113129	0.0171386	0.037764	0.0897277	0.140157	0.00119084	0.00303103
170	0.00575568	0.00076284	0.100898	0.765037	0.00140782	0.00748295	0.00138209	0.00517504	0.00549461	0.0116797	0.00126749	0.00185218	0.000900034	0.0552787	0.00104413	0.00904381	0.0088742	0.0149288	0.000630488	0.00110493
171	0.0774206	0.000675681	0.110198	0.126236	0.0230928	0.00316719	0.0042289	0.0450377	0.0611599	0.0349413	0.0218554	0.0812075	0.0011383	0.0395709	0.0702359	0.045621	0.146637	0.0762855	0.000952907	0.0303377
172	0.102026	0.000652728	0.0406876	0.0166929	0.00115729	0.0682926	0.0114196	0.00249095	0.0253558	0.0231882	0.0019136	0.0286147	0.47293	0.0446087	0.0579213	0.066772	0.0212075	0.012343	0.000737299	0.000988547
173	0.00223235	0.000730592	0.000786037	0.00104263	0.00117973	0.00230817	0.0164062	0.0053387	0.0268077	0.025537	0.00135903	0.00169348	0.000716397	0.0244876	0.853532	0.00650789	0.0257506	0.00199224	0.000374594	0.00121753
174	0.113881	0.0345726	0.00173086	0.0139915	0.00249071	0.00969305	0.0088636	0.193815	0.00177396	0.0961115	0.00315359	0.0682726	0.00141542	0.015895	0.00227895	0.0297944	0.1559	0.242622	0.00143287	0.0023122
175	0.015238	0.00104764	0.00105142	0.00120606	0.0123724	0.00449226	0.00152593	0.0364951	0.00649954	0.317776	0.514847	0.0024995	0.000968294	0.00895742	0.00189003	0.00677285	0.00674547	0.054048	0.00299347	0.00257387
176	0.0471482	0.00617754	0.0038039	0.004387	0.00762427	0.319807	0.0564495	0.00812029	0.0054604	0.010877	0.00594684	0.0894012	0.0337962	0.00761546	0.00464913	0.355078	0.0144291	0.0112273	0.00264048	0.00536147
177	0.0223005	0.0042282	0.380619	0.0970582	0.00680112	0.0368481	0.0249541	0.0109719	0.0257183	0.0163666	0.00551176	0.183546	0.0115882	0.0339654	0.0147337	0.0573411	0.0353002	0.0224955	0.00247188	0.00718024
178	0.11732	0.00416208	0.00255587	0.00406418	0.013583	0.00737979	0.00384873	0.0464895	0.00747648	0.26267	0.243449	0.0246047	0.00301148	0.0103299	0.00396195	0.0797181	0.0616601	0.0935927	0.00231098	0.00781152
179	0.016333	0.000434672	0.000372775	0.00139	0.00698	0.000549307	0.00200015	0.302048	0.00157921	0.179016	0.0309534	0.000613637	0.00123991	0.00157469	0.000418998	0.00670837	0.0140342	0.426156	0.00078288	0.00681437
180	0.0103109	0.00307216	0.0019163	0.00324686	0.0197803	0.00336001	0.00302135	0.254039	0.00793997	0.281668	0.118091	0.0754246	0.021252	0.00823628	0.00597812	0.0261356	0.0172395	0.130556	0.0025329	0.00619824
181	0.0218334	0.000996083	0.0020616	0.00102703	0.0254165	0.00147923	0.00149132	0.0773213	0.00434904	0.60718	0.117911	0.00384473	0.000713461	0.00434638	0.00265634	0.00848455	0.0200088	0.0920693	0.00461173	0.00219807
182	0.12554	0.00160205	0.0117132	0.00560312	0.0050786	0.0218459	0.00540241	0.00501121	0.0054792	0.0122678	0.00177243	0.00934682	0.65047	0.0128242	0.0142945	0.0533202	0.0408111	0.0125473	0.00285378	0.00221644
183	0.00852121	0.00233104	0.152725	0.00839353	0.00323873	0.00259505	0.0026603	0.0042828	0.00626981	0.0151525	0.0130756	0.546297	0.00156158	0.0110435	0.00451398	0.0772479	0.111793	0.0244057	0.00095952	0.00293239
184	0.0676086	0.00447758	0.0113092	0.00634059	0.00119684	0.825947	0.00893835	0.00127385	0.00887785	0.00810334	0.00504477	0.00943137	0.000519248	0.00397292	0.0115476	0.0196306	0.00268048	0.00218581	0.000244023	0.000670182
185	0.00687393	0.00249789	0.443418	0.151533	0.00360189	0.0239524	0.0257439	0.0074125	0.0270046	0.00803858	0.00136349	0.150359	0.000821231	0.0498376	0.0123817	0.0332821	0.0282155	0.0205283	0.000474979	0.00265934
186	0.0141001	0.00183352	0.000454087	0.000401682	0.00511908	0.000717906	0.00134029	0.296325	0.000391712	0.088458	0.0192217	0.000518388	0.000449368	0.000611841	0.000467412	0.00398911	0.00523531	0.557159	0.000233387	0.00297332
187	0.0143223	0.000560533	0.00221609	0.000308081	0.0278018	0.000371258	0.00118154	0.0749089	0.00152558	0.68185	0.0813063	0.000897759	0.000293751	0.00178497	0.00158986	0.00135256	0.0100197	0.0908618	0.00540802	0.00143944
188	0.00528039	0.00267786	0.000495818	0.000867655	0.0164814	0.000824008	0.000740076	0.645163	0.00331261	0.188173	0.0504994	0.00104623	0.000567148	0.00121736	0.000647253	0.00233072	0.00412775	0.0717072	0.000253116	0.0035884
189	0.00848297	0.00153388	0.000554936	0.00156138	0.0151874	0.000836431	0.000984375	0.609994	0.00320079	0.168998	0.0371531	0.000942462	0.000875686	0.00177876	0.000704508	0.00399432	0.00921292	0.129022	0.000485561	0.0044967
