202	20
1	0.136018	0.000984789	0.0111673	0.0198239	0.00127294	0.00780278	0.00334711	0.00217244	0.0721217	0.0114334	0.00164044	0.00380838	0.601711	0.00635941	0.0213945	0.0306159	0.0326593	0.0343331	0.00053605	0.000797319
2	0.37155	0.0235947	0.00359794	0.00700393	0.00424741	0.0779322	0.00417807	0.0258761	0.0256327	0.0406643	0.0153222	0.0076793	0.118679	0.011653	0.00766479	0.0974952	0.0712687	0.0827562	0.000773083	0.00243164
3	0.223059	0.0078762	0.0115314	0.0157621	0.00294139	0.0425535	0.00605525	0.0138998	0.0555451	0.0232819	0.00754213	0.0230413	0.327025	0.0230786	0.0150185	0.0902662	0.0535937	0.0562289	0.000558947	0.00114119
4	0.271172	0.00391264	0.00643354	0.00640924	0.0395716	0.0101421	0.0280842	0.0458138	0.028192	0.132922	0.0294038	0.0242123	0.0801689	0.00599689	0.022136	0.0846919	0.0357277	0.102197	0.00122511	0.0415879
5	0.189634	0.00106272	0.00941107	0.00296706	0.05226	0.0025673	0.0492652	0.0717525	0.0116105	0.137311	0.0516328	0.0415677	0.083046	0.0046276	0.00881148	0.0852941	0.0267972	0.118826	0.00132258	0.0502332
6	0.366044	0.0263115	0.00211067	0.00934653	0.00376792	0.0530739	0.00276186	0.0619086	0.0461661	0.0587076	0.00599573	0.00440295	0.0582099	0.0146779	0.0101832	0.0995317	0.0459503	0.128138	0.000463021	0.00224911
7	0.00876124	0.00155178	0.00277847	0.00331567	0.568672	0.0021572	0.00677967	0.0921566	0.0100089	0.0474196	0.0197143	0.0203921	0.00207445	0.00425077	0.00436902	0.00826218	0.005469	0.0203792	0.00587234	0.165616
8	0.0429002	0.00455011	0.117396	0.199007	0.00630102	0.00823366	0.0104204	0.0513218	0.0267956	0.0145284	0.00805159	0.020048	0.0514898	0.153541	0.0193896	0.0266537	0.0671168	0.165039	0.00309709	0.00411889
9	0.0687783	0.00279504	0.00188219	0.013108	0.000961012	0.0020353	0.00745258	0.00192072	0.543564	0.00890386	0.00114695	0.0102084	0.0198315	0.0199465	0.241356	0.0353471	0.00852846	0.0100327	0.000564693	0.00163701
10	0.0136025	0.00266113	0.0111951	0.0139757	0.00220356	0.00667995	0.00523766	0.0149232	0.208667	0.00934107	0.00224255	0.0710179	0.00254072	0.0180379	0.490132	0.0172558	0.087908	0.0171805	0.00254192	0.0026558
11	0.131247	0.00095994	0.0105544	0.0194466	0.00125728	0.00814623	0.00325615	0.00209101	0.0697528	0.0107873	0.00149851	0.0036881	0.608047	0.00650131	0.020793	0.032018	0.0339703	0.0346762	0.000519297	0.000789491
12	0.0153703	0.00222269	0.000974882	0.0134366	0.000460249	0.00135544	0.00676727	0.00104531	0.662481	0.00783367	0.000539917	0.00953817	0.00816836	0.022861	0.224214	0.0173635	0.00187206	0.00261077	0.000263453	0.000621237
13	0.0878349	0.00418828	0.0727117	0.0308963	0.00295374	0.0324892	0.0106731	0.0104072	0.0871688	0.00950889	0.00399595	0.223782	0.0165122	0.0640462	0.0127736	0.199554	0.0768467	0.0514313	0.000665348	0.00156147
14	0.0106883	0.00167653	0.00246824	0.00324479	0.571414	0.00310592	0.00935584	0.0585298	0.00919264	0.0281938	0.0215842	0.0257122	0.00198882	0.00464697	0.00426906	0.00902268	0.00547068	0.0145025	0.0053686	0.209565
15	0.077408	0.00625108	0.0147151	0.0132347	0.00531171	0.220188	0.00769796	0.032355	0.0584903	0.0117758	0.00586068	0.0794572	0.0069391	0.0284858	0.104461	0.177568	0.0825741	0.0543988	0.00634936	0.00647716
16	0.0524491	0.00388993	0.0093524	0.0294288	0.00636647	0.00860062	0.0116646	0.169989	0.186439	0.115425	0.0160321	0.022555	0.00971667	0.0419034	0.117792	0.0257449	0.12158	0.039857	0.00741226	0.00380099
17	0.0335726	0.0454679	0.0183721	0.0179476	0.051185	0.139786	0.0116415	0.012384	0.0400664	0.0148913	0.00695338	0.193904	0.00755823	0.201997	0.0682203	0.0360249	0.0227678	0.0659929	0.00499898	0.00626781
18	0.0766944	0.00359434	0.193175	0.0159913	0.00463443	0.120142	0.0469925	0.0076449	0.0470931	0.0109556	0.00678376	0.159623	0.00869819	0.0362324	0.018998	0.143538	0.0327985	0.0611634	0.0017582	0.00348999
19	0.0278761	0.0124526	0.000806638	0.00370542	0.0103329	0.000675465	0.00168855	0.380623	0.00745362	0.0461019	0.00866489	0.00395864	0.0042045	0.00279743	0.00133694	0.00197795	0.0166842	0.467955	0.000305146	0.000399498
20	0.0358341	0.00732088	0.00775368	0.0280149	0.00511291	0.00592828	0.0815224	0.0227437	0.209195	0.0576938	0.0131581	0.0187337	0.0824786	0.183341	0.154323	0.0296322	0.0240954	0.0181706	0.0027857	0.0121623
21	0.127806	0.00422669	0.0151096	0.0152338	0.0215936	0.0160749	0.068045	0.0311031	0.0391794	0.0590039	0.0220966	0.0446549	0.224473	0.022755	0.0252148	0.103936	0.0398813	0.0942429	0.00228343	0.0230859
22	0.0077732	0.00392351	0.00396447	0.0054032	0.00156287	0.00267251	0.011602	0.00659574	0.163337	0.00996254	0.00158343	0.026231	0.00268836	0.0190505	0.648145	0.00817166	0.049187	0.0220129	0.00415281	0.00198024
23	0.0873846	0.00577794	0.159709	0.0841832	0.00800755	0.0256346	0.0252984	0.0136779	0.0647872	0.0195479	0.011722	0.126482	0.0988099	0.0493823	0.0213675	0.0999804	0.0547384	0.0343161	0.00210518	0.00708831
24	0.0341074	0.0114241	0.00154892	0.00449584	0.0322118	0.00120327	0.00226135	0.154699	0.012481	0.397326	0.0370663	0.00355216	0.0017681	0.0038318	0.00278232	0.00549409	0.0130872	0.279222	0.000585348	0.000852524
25	0.0510803	0.00147571	0.0080397	0.00830024	0.00209693	0.00259473	0.0203904	0.0034189	0.00712634	0.00383291	0.00562007	0.0943009	0.00303704	0.019525	0.0596645	0.297437	0.401251	0.00833207	0.000670317	0.0018055
26	0.0385596	0.012587	0.021051	0.0226337	0.00606206	0.00634015	0.189875	0.00804541	0.149913	0.0634495	0.0107535	0.0379989	0.0194437	0.0296084	0.281065	0.0376216	0.0269423	0.0181051	0.00174193	0.0182036
27	0.00888164	0.00137634	0.0021891	0.00297786	0.56347	0.00254505	0.00856306	0.0500498	0.00962476	0.0275564	0.0277857	0.026059	0.00195904	0.0041565	0.00395802	0.00940041	0.00535849	0.0137529	0.00653913	0.223797
28	0.0350057	0.0126764	0.00339721	0.00873117	0.0129861	0.00228663	0.00550665	0.287784	0.0158651	0.0760469	0.0263813	0.0116868	0.00578388	0.010825	0.00613152	0.0122866	0.0319334	0.429703	0.000984154	0.00399888
29	0.0151388	0.00286349	0.000902852	0.0181522	0.000431987	0.00163677	0.00911536	0.00135789	0.632009	0.00878921	0.000710527	0.0110541	0.00650652	0.031831	0.237154	0.0164581	0.00165096	0.00298524	0.000638227	0.000613605
30	0.0360709	0.00447392	0.00970188	0.0107464	0.259552	0.00906065	0.0186671	0.0343364	0.026872	0.0734065	0.0674744	0.0259757	0.0104287	0.0153329	0.0146475	0.0671714	0.0193757	0.026342	0.158138	0.112226
31	0.126939	0.00232556	0.0159857	0.020344	0.00707853	0.0128171	0.0103839	0.00659891	0.0687037	0.017328	0.00575055	0.0143272	0.526342	0.0151049	0.0247149	0.0460615	0.0388907	0.0353515	0.00105986	0.00389235
32	0.035351	0.0147403	0.00408123	0.0393086	0.00243321	0.00230824	0.0364546	0.013833	0.392927	0.0359749	0.00401986	0.023323	0.0268763	0.0404248	0.279518	0.022541	0.00689859	0.00980797	0.00130512	0.00787315
33	0.0557749	0.00250133	0.0128254	0.00904617	0.0184233	0.00741971	0.0733038	0.026833	0.0187408	0.0547414	0.0540915	0.138635	0.0147186	0.0310976	0.0154067	0.0738085	0.0525684	0.0653463	0.00204374	0.272674
34	0.0266289	0.0125512	0.000657437	0.0018572	0.0115169	0.000569094	0.00107129	0.377481	0.00396473	0.0341075	0.00887541	0.00423832	0.00290562	0.00162654	0.00107526	0.00159286	0.0140911	0.494615	0.000188859	0.000386099
35	0.0307684	0.00227845	0.00557945	0.0168576	0.00277013	0.00692532	0.0100736	0.0187083	0.143394	0.0423481	0.00831029	0.0308551	0.00420277	0.072377	0.475941	0.0201609	0.0579243	0.0388819	0.00837414	0.00326938
36	0.025728	0.00872813	0.00116734	0.00201402	0.0369785	0.000935836	0.00138465	0.215268	0.0071719	0.509236	0.0362118	0.00253558	0.000994616	0.00220003	0.00246295	0.00786613	0.0159181	0.121503	0.000324137	0.0013709
37	0.0769021	0.00769205	0.0341334	0.0577918	0.0101862	0.0329013	0.0232913	0.0245022	0.123397	0.0361067	0.0205083	0.0716875	0.0139777	0.223564	0.0703276	0.0691788	0.046119	0.0424154	0.00564661	0.00967112
38	0.0392487	0.00217954	0.00537579	0.0220824	0.00352366	0.0142501	0.00854253	0.030718	0.265441	0.0362707	0.015885	0.0185531	0.00575934	0.105586	0.308093	0.0274911	0.0272187	0.0236643	0.0372095	0.00290691
39	0.0270692	0.00308729	0.00753885	0.0564884	0.00263223	0.00630546	0.0522864	0.010287	0.320356	0.0190599	0.0103388	0.0149464	0.0106894	0.245707	0.129966	0.0190259	0.0474485	0.0114649	0.00244911	0.00285225
40	0.0148954	0.0024965	0.000900611	0.013129	0.000457835	0.00134	0.00788515	0.000988531	0.651415	0.00840671	0.000559387	0.00926034	0.0077078	0.0233987	0.234304	0.0174153	0.00158281	0.0028091	0.000253692	0.000794253
41	0.282094	0.00268268	0.0072045	0.0185025	0.00297547	0.00572152	0.00563884	0.00665063	0.135545	0.0136253	0.00388727	0.0182992	0.0125063	0.0147947	0.212508	0.119351	0.0354424	0.0980015	0.0014841	0.00308586
42	0.0241632	0.0122131	0.0010463	0.0049207	0.00884371	0.000799755	0.00213481	0.428892	0.00703797	0.0637707	0.00707906	0.00404371	0.00313387	0.00365361	0.00159215	0.00319386	0.0239122	0.398605	0.000272057	0.00069178
43	0.0423675	0.00736733	0.00311907	0.00548644	0.0437205	0.00347025	0.00374337	0.0957996	0.0201076	0.547763	0.0550111	0.0113296	0.00507328	0.0118812	0.0109742	0.0124594	0.0140768	0.101017	0.000569829	0.00466286
44	0.0638889	0.0010395	0.0187223	0.010192	0.0300171	0.00221887	0.0194037	0.0389936	0.0208442	0.176305	0.10428	0.115662	0.00336206	0.145068	0.0256691	0.0691447	0.0390678	0.0795979	0.000907915	0.035615
45	0.0284827	0.00310209	0.00599172	0.0108147	0.00367425	0.005795	0.00711759	0.0125791	0.314921	0.0849926	0.149369	0.0108394	0.00532261	0.197067	0.104561	0.0225446	0.0130605	0.0132231	0.00371959	0.0028232
46	0.0394477	0.00341942	0.00831196	0.0206706	0.00856392	0.0310882	0.0105373	0.0338899	0.176766	0.0336473	0.0129319	0.023927	0.00734674	0.11276	0.310861	0.0407631	0.0320106	0.030085	0.0577015	0.00527069
47	0.0305711	0.00741735	0.00106209	0.00127451	0.0497527	0.000697099	0.00105658	0.125091	0.00637037	0.591579	0.0523364	0.00250758	0.000940504	0.00155021	0.00217456	0.00562116	0.00879928	0.109396	0.000368593	0.00143466
48	0.0512766	0.00469193	0.0124143	0.0251792	0.00347036	0.0708513	0.0116867	0.0190496	0.40065	0.0222558	0.0071981	0.043561	0.00804401	0.0480213	0.157399	0.048977	0.0307433	0.0262565	0.00498899	0.00328529
49	0.025488	0.013535	0.000762572	0.00254872	0.0102164	0.000591646	0.00135718	0.38186	0.0045283	0.0391157	0.00896139	0.00435022	0.00281412	0.00211553	0.00129789	0.00211985	0.0183819	0.479239	0.000193519	0.000522985
50	0.136178	0.00262492	0.0154863	0.0273559	0.00444375	0.0130783	0.00722439	0.0083889	0.0634121	0.0168053	0.00448026	0.0116756	0.53007	0.0105981	0.0207906	0.0455852	0.0380786	0.0388545	0.00122601	0.00364325
51	0.124069	0.00307077	0.0169386	0.0218319	0.00385802	0.0122407	0.00851309	0.00511168	0.0674266	0.0154546	0.00456887	0.0140502	0.542765	0.0145457	0.0240874	0.0437958	0.0375941	0.0362526	0.00136491	0.00246054
52	0.439464	0.00378851	0.00195634	0.00319424	0.0034029	0.00172933	0.00255377	0.009037	0.0045388	0.00242172	0.00160842	0.0231739	0.0236119	0.00313056	0.00341999	0.261784	0.165491	0.042037	0.00232464	0.00133177
53	0.026552	0.0119348	0.000695403	0.00279925	0.0116438	0.000554849	0.00140972	0.388919	0.00507875	0.0441546	0.00834404	0.0040091	0.00310917	0.00223139	0.00113264	0.00179056	0.0151642	0.469844	0.000213803	0.000418912
54	0.110865	0.0065952	0.0268726	0.0111626	0.0241806	0.00896071	0.266934	0.00704848	0.0278856	0.0116774	0.00849186	0.197269	0.00872354	0.0175199	0.0273705	0.0850224	0.0262648	0.019155	0.00201279	0.105988
55	0.0663624	0.00476933	0.0147379	0.0490972	0.00774578	0.0157115	0.0112363	0.13461	0.15763	0.0540288	0.0247947	0.0336242	0.0128981	0.135199	0.164416	0.0308267	0.0276315	0.0422097	0.00772192	0.00474991
56	0.0322614	0.00413203	0.00501269	0.0049596	0.488577	0.00746444	0.0173181	0.0574588	0.0133718	0.0669945	0.022836	0.025673	0.00447777	0.0105665	0.00704471	0.0228777	0.0113864	0.0335322	0.011274	0.152781
57	0.0554172	0.00195622	0.00485128	0.00579387	0.0018561	0.00461018	0.0146414	0.00331712	0.0129118	0.00374455	0.00295611	0.120541	0.00284844	0.0279958	0.0772818	0.287879	0.359697	0.00868073	0.000652921	0.00236694
58	0.0519479	0.0308328	0.0376975	0.0119721	0.0287483	0.0053558	0.153652	0.00646234	0.11262	0.0164303	0.00535508	0.143837	0.00854023	0.0550941	0.163041	0.0257788	0.04141	0.0123049	0.00105738	0.0878626
59	0.448716	0.00545529	0.00706094	0.0176654	0.00342845	0.00478144	0.0228364	0.0111978	0.011752	0.00684507	0.00303906	0.0317913	0.00458251	0.00719587	0.00752031	0.0391185	0.24007	0.114758	0.0010554	0.0111299
60	0.0332732	0.00733741	0.000801747	0.00105687	0.0494772	0.00068587	0.000805603	0.0857966	0.00657084	0.629615	0.0616369	0.00215953	0.000621613	0.00129574	0.00213419	0.00418719	0.00805897	0.103768	0.00024921	0.00046789
61	0.0627117	0.00229185	0.225947	0.35373	0.00681826	0.00816434	0.0111134	0.00847806	0.0461468	0.00883154	0.00450889	0.0304523	0.0593892	0.0371949	0.0109057	0.0431562	0.0383307	0.0373947	0.00151891	0.00291541
62	0.0159205	0.00207029	0.000993304	0.0140279	0.000454613	0.00169152	0.00643536	0.00121907	0.663922	0.00785423	0.000536738	0.00982452	0.00836444	0.0243436	0.218502	0.018234	0.00183291	0.0026206	0.000499167	0.000653317
63	0.128018	0.00384918	0.0166243	0.0132431	0.00574271	0.016761	0.0898481	0.00748409	0.031166	0.01556	0.00933667	0.185153	0.119312	0.0718994	0.0169173	0.103724	0.137067	0.0210884	0.00233575	0.00486999
64	0.424788	0.0121519	0.00759827	0.0194563	0.00453771	0.00762005	0.0152308	0.0154216	0.017995	0.0131824	0.00455683	0.0228745	0.00756902	0.0107531	0.0115825	0.0394828	0.181138	0.152346	0.00193226	0.0297821
65	0.183462	0.00317834	0.00645732	0.0487598	0.00244506	0.0075452	0.0141753	0.0326823	0.0653966	0.0360612	0.00416367	0.0135843	0.00694333	0.0984066	0.0552859	0.102603	0.19501	0.118067	0.00143573	0.00433803
66	0.0164785	0.00211204	0.102582	0.0611769	0.00239137	0.0646917	0.0269789	0.0131901	0.0973834	0.0046983	0.00927525	0.247496	0.00273861	0.187583	0.0250222	0.0942198	0.0272587	0.0126504	0.000775029	0.00129853
67	0.0329727	0.00735078	0.000780749	0.00103833	0.0496311	0.00068498	0.000752296	0.0851477	0.00656739	0.631005	0.061975	0.00212217	0.000549254	0.00129873	0.00211055	0.00410178	0.00804317	0.103196	0.000236583	0.000435988
68	0.0328278	0.00713451	0.00106854	0.00136404	0.0552868	0.000853166	0.00149981	0.0833964	0.00714944	0.621842	0.0634493	0.00310484	0.00063976	0.00213267	0.00257751	0.00464403	0.00844346	0.100635	0.000571192	0.0013798
69	0.0169812	0.00223496	0.00144123	0.0211099	0.000553082	0.00307097	0.00644789	0.00278812	0.632307	0.00873233	0.000889755	0.0162672	0.005743	0.0363106	0.219117	0.0173969	0.00370219	0.00309062	0.00123013	0.000585385
70	0.0329125	0.00733741	0.000780563	0.0010406	0.0496595	0.000684681	0.000751919	0.0850516	0.00656489	0.631308	0.0620935	0.00211796	0.000551208	0.00129762	0.00211606	0.00409198	0.0080156	0.102953	0.000236583	0.000434713
71	0.0329125	0.00733741	0.000780563	0.0010406	0.0496595	0.000684681	0.000751919	0.0850516	0.00656489	0.631308	0.0620935	0.00211796	0.000551208	0.00129762	0.00211606	0.00409198	0.0080156	0.102953	0.000236583	0.000434713
72	0.031956	0.00877819	0.129553	0.0769449	0.00400905	0.0101717	0.116781	0.00762273	0.115026	0.0694899	0.0993157	0.163851	0.00521612	0.018594	0.0517381	0.0582128	0.0139582	0.0128106	0.00168074	0.00428929
73	0.119637	0.00747566	0.0281529	0.0981005	0.0057992	0.0130596	0.106182	0.0167692	0.24952	0.0279463	0.0110811	0.0384184	0.0113226	0.0539845	0.0880601	0.0428375	0.0430644	0.0269226	0.00281827	0.00884861
74	0.0424919	0.00525645	0.00889593	0.0120239	0.284405	0.00858546	0.020837	0.123943	0.0287517	0.0575607	0.0267957	0.0377649	0.0137611	0.017482	0.0202681	0.0317317	0.0236018	0.0556521	0.00845673	0.171735
75	0.0199661	0.00209638	0.00121668	0.0244626	0.000644007	0.0035268	0.00701513	0.00388566	0.576844	0.0116994	0.00362042	0.0138562	0.00512478	0.0586267	0.232374	0.022304	0.00438417	0.00452394	0.00294232	0.000886163
76	0.154957	0.00659223	0.017679	0.0205016	0.0046654	0.0775817	0.0103501	0.0124618	0.0546551	0.0219411	0.00961102	0.0310384	0.318211	0.0229603	0.0228966	0.109759	0.0516387	0.0451608	0.00315238	0.00418679
77	0.0899032	0.00583527	0.151776	0.340946	0.0115905	0.0158085	0.0144164	0.0176476	0.0739843	0.0159593	0.00758874	0.038582	0.0182637	0.0448973	0.02687	0.0435313	0.0372455	0.0372502	0.00310907	0.00479534
78	0.0433063	0.00250972	0.0867123	0.0625086	0.0037466	0.00504691	0.00646352	0.00528476	0.0109974	0.00666377	0.0494588	0.0660455	0.00345248	0.00905567	0.0121467	0.209066	0.40368	0.00996383	0.00139244	0.00249817
79	0.301507	0.00219883	0.00972799	0.0438671	0.00241864	0.00483892	0.00555433	0.0053763	0.181404	0.0178727	0.00311468	0.0239647	0.0300563	0.0217329	0.156927	0.050338	0.0832837	0.0513673	0.00119718	0.00325327
80	0.238431	0.00218935	0.00812242	0.078331	0.00189221	0.00890524	0.0332332	0.0265577	0.0791961	0.077006	0.00631652	0.0113738	0.00555407	0.113888	0.0699062	0.0683627	0.0667534	0.0979924	0.00219244	0.00379596
81	0.286013	0.00226921	0.0599298	0.186241	0.00250057	0.0136651	0.00473848	0.00987296	0.0278148	0.0179775	0.0280223	0.011581	0.00391217	0.212624	0.0327717	0.0292494	0.011467	0.0563625	0.00132098	0.0016667
82	0.0180132	0.002742	0.00177936	0.0167937	0.000548406	0.00180898	0.00871393	0.00246223	0.614886	0.0100492	0.00247404	0.0125249	0.00807589	0.0332239	0.237169	0.017903	0.00505569	0.0038282	0.00101948	0.000929128
83	0.0699061	0.00125252	0.00521725	0.0448346	0.00417042	0.00927309	0.0102968	0.100809	0.255664	0.0926289	0.0285478	0.022921	0.00890736	0.0653486	0.142103	0.0198405	0.050425	0.0495522	0.0168935	0.00140808
84	0.159384	0.00134198	0.0446013	0.212466	0.0016994	0.0263549	0.00496893	0.0171219	0.0682862	0.0491688	0.0175192	0.0175371	0.00256322	0.221832	0.0776668	0.0142922	0.0103861	0.0498937	0.00175046	0.0011661
85	0.0564616	0.00384366	0.00973347	0.0359851	0.0112132	0.0112076	0.0159559	0.120505	0.170567	0.0541774	0.0184854	0.0331834	0.0163693	0.0524659	0.263582	0.0295689	0.0354708	0.0479785	0.007215	0.0060315
86	0.0303301	0.00848118	0.00104972	0.00321403	0.0374742	0.000843077	0.00197939	0.182008	0.00884401	0.481689	0.040465	0.00352048	0.00185035	0.00396933	0.00251951	0.0066435	0.0125061	0.17082	0.000416596	0.0013778
87	0.0528659	0.0016153	0.0211871	0.050652	0.00203628	0.0200758	0.0303928	0.0123489	0.154853	0.130692	0.0218603	0.0113863	0.00334399	0.0796077	0.16007	0.0480818	0.083969	0.107597	0.00529105	0.00207413
88	0.351229	0.000895008	0.0347381	0.107345	0.00131392	0.0373258	0.00218505	0.00200985	0.201434	0.0229157	0.00131285	0.0716757	0.00363008	0.0512247	0.0271036	0.0523691	0.0139974	0.0156848	0.000451182	0.00115894
89	0.0740892	0.00112441	0.00173304	0.0565651	0.00751151	0.00269435	0.00994634	0.183444	0.231274	0.0834545	0.0331412	0.0148025	0.0162314	0.0528993	0.160283	0.00802346	0.0133913	0.043086	0.00542688	0.000878434
90	0.34322	0.0189868	0.0165191	0.0229793	0.00662421	0.0775207	0.0102317	0.0328605	0.0496514	0.0381269	0.0100631	0.0314364	0.0373982	0.0261695	0.0240067	0.080862	0.0507992	0.113584	0.00311145	0.00584874
91	0.213899	0.00207641	0.0430241	0.207378	0.00225027	0.0160308	0.0068246	0.00499221	0.216902	0.0141491	0.00333169	0.0244167	0.00806589	0.105492	0.0186033	0.0292382	0.0662479	0.0130935	0.00117387	0.00281125
92	0.364797	0.000828854	0.0501762	0.124952	0.000880215	0.0415589	0.00153153	0.00179473	0.178006	0.0323812	0.0013609	0.0505787	0.00441534	0.0409009	0.0182438	0.0533772	0.0158157	0.0174613	0.000358161	0.000581227
93	0.0700907	0.00109261	0.00179374	0.0552144	0.00715145	0.00284122	0.00889333	0.181048	0.232733	0.0837382	0.0302123	0.0153327	0.015424	0.0545006	0.168152	0.00849754	0.0134543	0.0429996	0.00602034	0.00081025
94	0.502185	0.00460818	0.0206213	0.0728484	0.00329635	0.0035373	0.00577851	0.0351138	0.023171	0.00530314	0.00202309	0.0381743	0.0033239	0.00794836	0.00650481	0.0726926	0.108641	0.0796779	0.000938541	0.00361162
95	0.358777	0.000920537	0.0522436	0.130711	0.00101311	0.0394289	0.00183148	0.00210033	0.180293	0.0327871	0.0014003	0.0497517	0.00409233	0.03789	0.0175336	0.0543912	0.0147795	0.0189914	0.000365505	0.000699469
96	0.280422	0.00108744	0.0451551	0.102287	0.00130503	0.112635	0.00275183	0.00294703	0.181625	0.0223206	0.00208254	0.0734744	0.0036275	0.0531706	0.0333514	0.0469009	0.0153303	0.0175072	0.000995398	0.00102373
97	0.0716722	0.00321847	0.0567647	0.0145715	0.00459049	0.248531	0.00912045	0.00915668	0.192105	0.0131064	0.00486103	0.0498493	0.00698026	0.0279982	0.0258508	0.102162	0.114653	0.0362445	0.00450757	0.00405758
98	0.132131	0.00258299	0.110056	0.0946262	0.00181011	0.0215941	0.00468252	0.00503457	0.121829	0.00555596	0.00272876	0.0685034	0.0950194	0.0598126	0.00508438	0.163123	0.0929866	0.0104984	0.000805009	0.00153625
99	0.134726	0.024213	0.00471184	0.00651265	0.300061	0.0219909	0.0826991	0.00658312	0.0116452	0.00782933	0.00396834	0.0184658	0.00427679	0.0509932	0.00780796	0.0889754	0.0111995	0.017623	0.00287284	0.192844
100	0.0776947	0.00709362	0.0292269	0.0250238	0.0086471	0.33222	0.0121629	0.0160934	0.0736984	0.0174386	0.00890715	0.0574803	0.0235681	0.0486073	0.0438893	0.10773	0.0431725	0.0371314	0.023599	0.00661633
101	0.0245148	0.0131186	0.00107517	0.00359243	0.0106528	0.000939597	0.00158351	0.431371	0.00689254	0.117753	0.00658451	0.00403206	0.00283365	0.00287162	0.00231553	0.00491764	0.0262923	0.336885	0.000322554	0.0014521
102	0.0274983	0.00460115	0.0986293	0.0477453	0.00528818	0.0489825	0.054153	0.0123456	0.120925	0.0103174	0.0144329	0.251399	0.00562686	0.131078	0.0341802	0.0793683	0.0298116	0.0153807	0.000987189	0.00724955
103	0.0606254	0.00370733	0.0427121	0.0228589	0.00472414	0.0315531	0.0713601	0.00951465	0.078561	0.0110773	0.0073885	0.22162	0.0192653	0.0801543	0.0251589	0.177262	0.100501	0.0245114	0.00104785	0.00639744
104	0.0260102	0.0126599	0.000650226	0.00184719	0.0110543	0.000561523	0.00107528	0.373658	0.00390237	0.0340487	0.00905248	0.00425602	0.00287873	0.00158465	0.00106927	0.00157113	0.0143179	0.499231	0.000185525	0.000385384
105	0.053356	0.00893471	0.017253	0.0759639	0.00678451	0.0095078	0.0121407	0.0794632	0.0343603	0.0370993	0.0104974	0.0194231	0.0104309	0.0324504	0.0199555	0.029037	0.148778	0.384413	0.00314723	0.00700347
106	0.0948194	0.0204678	0.00578398	0.0106201	0.00262749	0.0573605	0.00495559	0.00737062	0.124845	0.00653708	0.00345107	0.0822716	0.00337364	0.0161678	0.169275	0.207407	0.141199	0.0125507	0.00108689	0.0278289
107	0.0449375	0.00689604	0.00302806	0.00299463	0.0455478	0.00189792	0.00350503	0.0770519	0.0126134	0.574259	0.0775839	0.00953966	0.00252641	0.00954325	0.00671689	0.0103044	0.0115694	0.0959615	0.000638401	0.00288436
108	0.0266546	0.0125282	0.000651924	0.0018627	0.0114533	0.00058463	0.00108456	0.37818	0.00401474	0.0340709	0.00884223	0.00419577	0.00287368	0.00161173	0.00107411	0.00164598	0.0140355	0.494076	0.000181719	0.00037774
109	0.0918023	0.00453253	0.124637	0.298946	0.00740386	0.0112901	0.0190132	0.0152145	0.0701727	0.0170275	0.00769755	0.0382421	0.0149414	0.0474044	0.0256369	0.0549138	0.100043	0.0436035	0.00283337	0.00464347
110	0.0758532	0.00615211	0.030591	0.0328332	0.00241187	0.0637534	0.00933969	0.00812754	0.134338	0.00710381	0.00443129	0.177704	0.00489864	0.0674508	0.106778	0.156153	0.0838234	0.0207662	0.000748757	0.00674137
111	0.0339011	0.00412702	0.0268608	0.021546	0.00419325	0.157802	0.00711022	0.0101592	0.301462	0.00953444	0.00348161	0.115448	0.00316889	0.0610516	0.0755527	0.0807828	0.0338989	0.0440982	0.00309765	0.00272374
112	0.0179405	0.00223591	0.0011178	0.020135	0.000644943	0.00275026	0.00670057	0.00332794	0.615325	0.0106799	0.00216622	0.0129802	0.00604533	0.0409423	0.229816	0.0180724	0.00305769	0.00387519	0.00156209	0.000624302
113	0.448118	0.00655638	0.00423518	0.00671491	0.00432812	0.0107986	0.00528781	0.0137093	0.0119655	0.0098227	0.00381013	0.0231265	0.0402543	0.00658245	0.00607268	0.212836	0.138362	0.0416446	0.00227713	0.00349809
114	0.0974144	0.00366613	0.0613772	0.0345318	0.00236071	0.0241045	0.00889247	0.0245887	0.154942	0.00725517	0.0048119	0.159575	0.0167957	0.120958	0.0158019	0.173508	0.0644605	0.0220493	0.000755306	0.00215121
115	0.038738	0.0070656	0.00313079	0.00317664	0.0441192	0.0012771	0.0040179	0.0759132	0.0133796	0.57446	0.0824574	0.0101222	0.00278989	0.00826585	0.00837437	0.012967	0.0105067	0.0951102	0.000831035	0.00329731
116	0.0530324	0.0136351	0.00628653	0.0141361	0.0150859	0.00740387	0.00709947	0.259836	0.0228152	0.0628313	0.0129453	0.0127539	0.0102465	0.0136988	0.0128823	0.0164283	0.0324196	0.419765	0.0013614	0.00533742
117	0.0316946	0.013299	0.000711751	0.00194212	0.0119558	0.000620835	0.00118935	0.348016	0.00584428	0.0537826	0.00943544	0.00389334	0.00283476	0.00174287	0.00118152	0.0018367	0.0139623	0.495431	0.000195478	0.000429486
118	0.0421661	0.00938532	0.00480261	0.0144029	0.0196258	0.00438395	0.00652832	0.337223	0.0349289	0.0982684	0.0148272	0.0137119	0.00793742	0.0148544	0.0222847	0.0160975	0.0251768	0.304973	0.00214266	0.00627848
119	0.448204	0.00545058	0.00482101	0.00623968	0.00381007	0.0108177	0.00509727	0.0106534	0.0119648	0.00911381	0.00392195	0.0240526	0.0397355	0.00693517	0.00747336	0.226091	0.13214	0.0392598	0.00248676	0.0017306
120	0.133166	0.00662615	0.0720559	0.015745	0.00480583	0.0184024	0.263484	0.00752826	0.030181	0.0159791	0.0104087	0.169288	0.0105129	0.0205085	0.0218292	0.123122	0.0242559	0.0202302	0.00197686	0.0298942
121	0.0748281	0.00458785	0.194683	0.0994993	0.00665494	0.0385399	0.0343793	0.0128624	0.0690885	0.0199525	0.0159559	0.163253	0.0151925	0.0597503	0.0253222	0.0829582	0.0424821	0.0317345	0.00277634	0.00549938
122	0.198175	0.0290913	0.0091738	0.0189332	0.0102087	0.0139752	0.00993784	0.132808	0.0335828	0.0591762	0.0135177	0.0189549	0.0320227	0.0192812	0.0206016	0.0481111	0.0514823	0.27243	0.00191893	0.00661804
123	0.0523531	0.00121702	0.272068	0.452436	0.00775568	0.00331514	0.010118	0.00281543	0.0348797	0.00284951	0.00192337	0.0346406	0.00766658	0.0199689	0.00399314	0.0372498	0.0288099	0.0241887	0.000613505	0.00113877
124	0.130589	0.00294245	0.01397	0.0218826	0.00418424	0.0123445	0.00966546	0.00892235	0.0749925	0.0172381	0.0046153	0.0153892	0.506115	0.0144387	0.0289934	0.0475027	0.0414287	0.0396948	0.00157418	0.00351602
125	0.0283251	0.00949605	0.00194057	0.00449699	0.0298342	0.00151813	0.00378054	0.229667	0.0112797	0.433113	0.0312124	0.00518332	0.00253277	0.0054859	0.00439591	0.0153745	0.0244649	0.154613	0.000529823	0.0027559
126	0.0908999	0.00436716	0.160488	0.354409	0.00797156	0.0138288	0.0154007	0.0142958	0.0648248	0.017263	0.00818885	0.0387606	0.0145606	0.0431618	0.0243757	0.0474236	0.0393533	0.034567	0.00271732	0.00314181
127	0.023634	0.00243485	0.00180204	0.0317911	0.00107711	0.00455488	0.00905982	0.0102319	0.552052	0.0161195	0.00432697	0.014921	0.00611048	0.0572896	0.225244	0.0204315	0.00722019	0.00753674	0.00303442	0.00112785
128	0.0222652	0.00226191	0.00140161	0.0221713	0.000955552	0.0050192	0.00794014	0.0105914	0.56379	0.0221563	0.00998084	0.0131293	0.0075383	0.0654267	0.207177	0.0209384	0.00564358	0.00650234	0.00389497	0.00121588
129	0.0655688	0.00201952	0.0087018	0.00532731	0.257083	0.00419127	0.039034	0.0660365	0.0320243	0.103404	0.0807604	0.0380363	0.0249649	0.0196184	0.0114688	0.0451705	0.0182418	0.0473531	0.018016	0.112979
130	0.0193928	0.00276482	0.103055	0.062761	0.0028548	0.12963	0.0199598	0.0111718	0.0999212	0.00494029	0.0089258	0.243528	0.00273918	0.135625	0.037726	0.0751046	0.0216284	0.016208	0.000790649	0.0012719
131	0.0257438	0.012535	0.000666305	0.0019371	0.0109311	0.000549423	0.00110347	0.371062	0.00396976	0.0340721	0.00922858	0.00420629	0.00291241	0.00157646	0.0010867	0.00159	0.0145236	0.501735	0.000184908	0.00038594
132	0.160356	0.00428532	0.0126285	0.0203196	0.00385986	0.0126802	0.00697015	0.00735047	0.0659834	0.0194716	0.00472632	0.0103457	0.515361	0.00986131	0.0219818	0.0422189	0.038087	0.0393131	0.000996194	0.00320281
133	0.0625066	0.00623204	0.0107778	0.0116829	0.233496	0.0149975	0.0427188	0.0319318	0.0300072	0.0293278	0.0226955	0.0472266	0.00930027	0.0206654	0.0226953	0.0432254	0.0288131	0.0336039	0.00707306	0.291023
134	0.41497	0.319513	0.00314428	0.00429418	0.00274175	0.00214504	0.00271364	0.00372391	0.00643999	0.0144809	0.00215328	0.00496072	0.00214651	0.00437502	0.00459239	0.0238567	0.0590047	0.122207	0.000607454	0.00192918
135	0.0309464	0.0114202	0.00222809	0.00661133	0.0124981	0.00124602	0.00306748	0.37818	0.0105297	0.0664737	0.0100727	0.00539811	0.00417993	0.00579225	0.00346167	0.00562055	0.0196209	0.420954	0.000357051	0.00134187
136	0.0257623	0.0125281	0.000664846	0.00200465	0.010904	0.000546905	0.00110323	0.3703	0.0039908	0.0343296	0.00925995	0.00421723	0.00284881	0.00160928	0.00108934	0.00158913	0.0146279	0.502053	0.000184638	0.000385995
137	0.0267324	0.00302713	0.00401117	0.0199634	0.00131965	0.00524367	0.00990666	0.0108891	0.559737	0.0159279	0.00594409	0.0162861	0.00833496	0.0391637	0.228604	0.0204606	0.0115264	0.0087194	0.00264371	0.00155929
138	0.588203	0.00333732	0.00327578	0.00448295	0.00315824	0.00270977	0.00299195	0.00554742	0.00755182	0.00437581	0.00250352	0.00856231	0.00866366	0.00563778	0.00524497	0.270913	0.0413852	0.013301	0.0162923	0.00186274
139	0.147624	0.00796721	0.010129	0.0177908	0.00466417	0.0232085	0.0123496	0.00895701	0.0601314	0.0132474	0.00530365	0.0715445	0.0107025	0.0275553	0.137606	0.2223	0.18213	0.0263401	0.00196899	0.00848103
140	0.0284097	0.0087253	0.000967793	0.00232167	0.03883	0.000880539	0.00183039	0.197659	0.00923146	0.499232	0.0415152	0.00323639	0.00130542	0.00253972	0.00349507	0.00633125	0.014482	0.137346	0.000275147	0.00138626
141	0.0731634	0.00766847	0.028852	0.0234583	0.00954897	0.338955	0.0132565	0.0153297	0.0717096	0.0210697	0.00909524	0.0575374	0.0211615	0.0497103	0.0361678	0.114098	0.0454727	0.0354979	0.0213387	0.00690882
142	0.216748	0.00171524	0.00410713	0.0347248	0.00208513	0.00394901	0.029955	0.00854356	0.104033	0.0620559	0.00306014	0.0231167	0.0042699	0.147697	0.0745711	0.0513719	0.180641	0.0283323	0.00153596	0.0174872
143	0.0452011	0.00244511	0.00546361	0.0171247	0.00267648	0.00822678	0.00899862	0.0124941	0.286501	0.0361667	0.0630375	0.0137887	0.00519622	0.225399	0.187388	0.0392065	0.0159189	0.0130634	0.00946362	0.00223994
144	0.0381748	0.00430197	0.00767058	0.0191946	0.00193915	0.0140517	0.011174	0.00726334	0.503237	0.0151902	0.00400854	0.0276948	0.0113713	0.0373134	0.199703	0.0624749	0.0166434	0.011879	0.00279664	0.00391816
145	0.0384976	0.00359808	0.0172194	0.0123858	0.0127918	0.00999575	0.0149282	0.0131614	0.0254195	0.0253343	0.00629474	0.304314	0.00761689	0.0240001	0.0231517	0.176944	0.223795	0.0539228	0.00150438	0.0051242
146	0.435699	0.0562913	0.00488174	0.0109443	0.0161527	0.0113414	0.00381506	0.0325408	0.0130079	0.0153634	0.00403435	0.0164294	0.0196002	0.00641819	0.00617048	0.171118	0.104548	0.0669154	0.00201452	0.00271383
147	0.4628	0.00338777	0.00179806	0.0028108	0.00316411	0.00179733	0.00227756	0.00875906	0.00488238	0.00235024	0.00160943	0.0196825	0.0201208	0.00329392	0.00339535	0.272999	0.145983	0.0339781	0.00373348	0.00117773
148	0.417299	0.314908	0.00296442	0.00408415	0.00275697	0.0020979	0.00279985	0.00367775	0.00637128	0.0138972	0.00214137	0.00493264	0.00214539	0.00426649	0.00459696	0.0240526	0.0607686	0.123706	0.000593617	0.00194003
149	0.0359172	0.0102416	0.000892795	0.00117678	0.0428568	0.000794954	0.000890811	0.109915	0.00829617	0.541635	0.0480856	0.00225678	0.000628966	0.00155855	0.00223928	0.00491149	0.00845947	0.178388	0.000290944	0.000563594
150	0.440538	0.312059	0.00409416	0.00557728	0.00313652	0.00315267	0.00350566	0.0042477	0.00932946	0.025322	0.00253703	0.00617487	0.00258919	0.00590892	0.00609137	0.0218419	0.0499781	0.090899	0.000848095	0.00216841
151	0.0280149	0.00778098	0.000906784	0.00134937	0.0451902	0.000782368	0.000886614	0.154804	0.00599671	0.569685	0.0444536	0.00230007	0.000620987	0.00156844	0.00222288	0.00644074	0.00941728	0.116148	0.00028898	0.0011425
152	0.129272	0.00446648	0.0682368	0.0613232	0.00160952	0.0109699	0.00473735	0.00964803	0.110393	0.00505883	0.0021176	0.124472	0.0604963	0.058217	0.00634193	0.245461	0.079905	0.0150641	0.000730581	0.00147913
153	0.305123	0.00184601	0.0359439	0.163819	0.00303226	0.0505798	0.00656313	0.00487888	0.120411	0.0249858	0.00487791	0.0817516	0.0101321	0.0363426	0.0212443	0.0798031	0.0250014	0.020794	0.00101435	0.00185506
154	0.0829504	0.00558144	0.224998	0.202421	0.0108912	0.0332461	0.0244777	0.0127346	0.0576084	0.0199001	0.0108914	0.0715453	0.0237907	0.0417342	0.0220896	0.0632287	0.043811	0.0367949	0.00261631	0.0086885
155	0.0194509	0.00187598	0.0012635	0.032329	0.000663613	0.00352504	0.00673087	0.00527324	0.577122	0.010518	0.00306986	0.0139888	0.00467412	0.0610759	0.224394	0.022495	0.00309116	0.00463557	0.00301809	0.000805378
156	0.220564	0.00212219	0.0157844	0.0164854	0.00962908	0.0564057	0.027757	0.00341838	0.0343417	0.0424566	0.0274819	0.132697	0.0449621	0.0382837	0.0369896	0.183999	0.0700776	0.0349038	0.000508244	0.00113184
157	0.168488	0.00742736	0.0586585	0.0828263	0.00165952	0.00903921	0.00409509	0.0141072	0.0849425	0.00499712	0.00241406	0.133595	0.0308077	0.0431967	0.00750612	0.225312	0.0981807	0.0207385	0.000584181	0.00142517
158	0.0389416	0.0220515	0.00213231	0.0105319	0.0103107	0.00162831	0.0052169	0.205422	0.0317985	0.155021	0.0197392	0.00442421	0.00257229	0.00923307	0.00313976	0.00601481	0.0239559	0.44635	0.0005381	0.000978459
159	0.0323763	0.002079	0.118162	0.0923498	0.00269484	0.0633814	0.0199002	0.0104763	0.09685	0.00527256	0.0080968	0.197947	0.0104064	0.152454	0.0224554	0.117559	0.0305347	0.0149474	0.000801725	0.00125562
160	0.418057	0.00396502	0.0029908	0.00640888	0.00318464	0.00190902	0.00346464	0.0095914	0.00556976	0.00267182	0.00163443	0.0381976	0.0166924	0.00386584	0.00445131	0.24292	0.17334	0.0579098	0.00141155	0.00176396
161	0.027119	0.0125412	0.000657482	0.00184863	0.0117015	0.000587693	0.0010671	0.379395	0.00400553	0.0340935	0.00877124	0.00421163	0.00290497	0.00164874	0.00109659	0.00162867	0.0139059	0.492249	0.000183991	0.000382574
162	0.016016	0.00248397	0.0208417	0.0295656	0.00215263	0.00754882	0.00511129	0.0303954	0.388762	0.0108422	0.00323582	0.0806714	0.00369193	0.0189289	0.273581	0.0149861	0.0724957	0.0141244	0.00251296	0.00205175
163	0.208808	0.0182906	0.0473999	0.079184	0.00305787	0.00722963	0.00532823	0.0264227	0.0520326	0.00700314	0.00386807	0.134425	0.0130061	0.0404035	0.00801232	0.194582	0.110502	0.0380551	0.000879907	0.00150971
164	0.0234215	0.00277685	0.0895556	0.0435526	0.00398654	0.0732877	0.0209108	0.0352807	0.0968422	0.00818269	0.0235074	0.270284	0.00380378	0.143388	0.0258759	0.0889743	0.0261269	0.0162823	0.00108294	0.00287745
165	0.0107643	0.00153364	0.0022891	0.00286597	0.578922	0.00304944	0.00913459	0.049161	0.00854186	0.025523	0.0215953	0.0231868	0.00185176	0.00428899	0.00390185	0.00835078	0.00472985	0.0133021	0.00516383	0.221843
166	0.0415792	0.00275984	0.010978	0.0096287	0.0522394	0.00591439	0.0154267	0.0484567	0.0181529	0.127864	0.0305023	0.264725	0.0123068	0.0314762	0.0147195	0.132669	0.094337	0.0693554	0.0017969	0.015113
167	0.0534066	0.000788019	0.275321	0.480112	0.00796182	0.00166095	0.00993248	0.00193729	0.0346459	0.00212779	0.00127803	0.024846	0.00595811	0.0168728	0.00264096	0.0306299	0.024793	0.0238305	0.000444609	0.000812678
168	0.0304615	0.00352802	0.0696511	0.0494643	0.00308187	0.118766	0.0137433	0.0122478	0.136639	0.00783959	0.00697321	0.199293	0.00347113	0.0763694	0.0996021	0.092299	0.0341006	0.0389455	0.00126144	0.00226147
169	0.128463	0.0101368	0.00339186	0.00504668	0.281115	0.0388066	0.128909	0.00553635	0.00915182	0.00634769	0.00366751	0.0277988	0.0029147	0.0220508	0.00606001	0.0398992	0.00808488	0.0236161	0.00128389	0.24772
170	0.0555119	0.000806418	0.275647	0.474519	0.00835369	0.00157842	0.00997163	0.00193759	0.0360234	0.001999	0.00114916	0.0232167	0.00550663	0.0181605	0.00254101	0.0315729	0.0250141	0.0252344	0.000473767	0.000783636
171	0.052843	0.00102607	0.265419	0.47533	0.00774171	0.00190209	0.0143463	0.002294	0.0426654	0.00248261	0.00151754	0.0224166	0.00603367	0.0162664	0.003421	0.0291357	0.0266814	0.0268216	0.000581209	0.00107519
172	0.161097	0.000785171	0.0123427	0.00374903	0.0528451	0.00175027	0.0530686	0.0782697	0.0116852	0.144717	0.0599731	0.0527171	0.0700578	0.0130641	0.00957739	0.084218	0.0316901	0.105224	0.00138549	0.0517826
173	0.0276651	0.00977153	0.00829623	0.0155351	0.0055833	0.0043086	0.0675206	0.0077459	0.249353	0.0466133	0.00631823	0.0202476	0.0474665	0.0313141	0.315422	0.0648618	0.0163739	0.0143146	0.00217034	0.0391189
174	0.0137336	0.00920418	0.00181741	0.00984962	0.00113708	0.00148357	0.0287162	0.00296697	0.398138	0.0110964	0.00128948	0.0110727	0.00956489	0.0173674	0.437902	0.0147096	0.0122832	0.0140267	0.000720693	0.0029207
175	0.0446116	0.00319524	0.00716318	0.0656689	0.00356225	0.00642446	0.125945	0.00808726	0.209991	0.0207685	0.0056393	0.0128283	0.009378	0.174537	0.0882463	0.0206022	0.168057	0.0175364	0.00237928	0.00537855
176	0.041353	0.00591886	0.0127566	0.0158126	0.26152	0.0211475	0.0173794	0.0337134	0.0333767	0.0542454	0.0452826	0.0259267	0.0109467	0.0248724	0.0265461	0.0620894	0.0251856	0.0282264	0.168031	0.0856692
177	0.07969	0.00884617	0.0268075	0.0298817	0.0111577	0.329036	0.0132502	0.0155603	0.0770477	0.0183644	0.00838487	0.0577081	0.0127418	0.053656	0.0393124	0.105418	0.0455172	0.0381619	0.0221358	0.00732254
178	0.0427806	0.00682339	0.0168768	0.0171962	0.014091	0.358655	0.011094	0.0174785	0.0505943	0.0185252	0.00985132	0.0317313	0.00973554	0.0551458	0.034544	0.157154	0.0297237	0.0277907	0.0820947	0.0081148
179	0.0198574	0.0100605	0.00253056	0.0342426	0.00318068	0.00202323	0.015379	0.294304	0.0485265	0.0920946	0.00726533	0.00537799	0.00296769	0.0269191	0.00427002	0.00669507	0.0293714	0.392517	0.000933507	0.00148387
180	0.0390003	0.00412006	0.0101038	0.00973405	0.0193414	0.00424795	0.00783695	0.0585786	0.0516398	0.376069	0.127851	0.0524013	0.00299216	0.0376584	0.0462962	0.0478567	0.0212439	0.0731846	0.00132356	0.00851984
181	0.03318	0.00376617	0.0107599	0.0115533	0.00692289	0.340141	0.00840498	0.0119119	0.0258265	0.0117422	0.0071397	0.0208354	0.00736752	0.0689117	0.0217067	0.295161	0.0246984	0.0211877	0.0640193	0.0047635
182	0.220531	0.00215609	0.0170564	0.0160085	0.0101955	0.0549674	0.027438	0.00341408	0.0367	0.0398353	0.025723	0.130841	0.0472053	0.038066	0.0355156	0.184157	0.0734606	0.0351707	0.000498995	0.00105961
183	0.0273868	0.00348618	0.00152736	0.0126281	0.00115129	0.0017924	0.0105719	0.00387512	0.5906	0.0100849	0.00110673	0.0105096	0.0216052	0.0201472	0.248993	0.0214951	0.00512724	0.00510958	0.000585408	0.00221724
184	0.384155	0.00993796	0.00724726	0.014705	0.00555908	0.00784768	0.00469658	0.0402797	0.0168396	0.0099089	0.003558	0.0276634	0.0194487	0.010105	0.00971943	0.228052	0.150553	0.0451054	0.00194657	0.00267228
185	0.0645284	0.00100495	0.0191539	0.0101186	0.030061	0.00221449	0.0206659	0.0407968	0.0196495	0.177682	0.103144	0.114187	0.00402934	0.142721	0.0264272	0.0685685	0.0386922	0.0801176	0.000889259	0.0353484
186	0.164861	0.0319186	0.060642	0.0517374	0.00602787	0.00957155	0.118748	0.00687953	0.0892825	0.0551839	0.0193695	0.0845454	0.0103043	0.0188144	0.107897	0.105233	0.0245786	0.0196954	0.00130345	0.0134069
187	0.344559	0.00161846	0.0241277	0.0665249	0.00195832	0.0177159	0.00630931	0.00325981	0.132481	0.0272635	0.00344988	0.0695037	0.0192922	0.0357323	0.0937124	0.0671174	0.0424433	0.0410947	0.000601957	0.00123421
188	0.0494142	0.00180363	0.00450861	0.0273753	0.00246284	0.0245569	0.00741632	0.050168	0.354985	0.0522918	0.0174131	0.0180444	0.00548226	0.0964402	0.173567	0.0344582	0.024116	0.0264868	0.0271197	0.00188923
189	0.0699958	0.00113641	0.00190931	0.0521738	0.0072941	0.00286195	0.0089158	0.185946	0.225883	0.0840901	0.0295327	0.0162763	0.0165445	0.0536515	0.172143	0.00821486	0.01401	0.0431209	0.00549914	0.000801069
190	0.162409	0.00145751	0.0478997	0.249674	0.00194422	0.0288465	0.00370024	0.0147222	0.0539708	0.0355126	0.016543	0.0154805	0.00342386	0.224896	0.0728341	0.0131332	0.00926258	0.0416536	0.00121257	0.00142383
191	0.0199888	0.00236849	0.00110777	0.0254667	0.000475917	0.00259185	0.00667223	0.00274494	0.615434	0.00923465	0.000800557	0.014426	0.00569187	0.0391174	0.227819	0.018135	0.00246459	0.00337082	0.00149809	0.000590466
192	0.446786	0.015271	0.00264446	0.00816763	0.00357627	0.0375586	0.00321334	0.0772056	0.0349961	0.0536137	0.00423653	0.00546284	0.0255388	0.00919522	0.0170563	0.0727684	0.0382748	0.140842	0.00074286	0.00285001
