336	20
1	0.0934833	0.0410354	0.0103722	0.0250765	0.0516293	0.0148431	0.0274748	0.0700387	0.0225978	0.164065	0.0810916	0.0175186	0.0189538	0.0215302	0.0205591	0.114634	0.0658788	0.0927427	0.00589499	0.0405802
2	0.0919746	0.00321414	0.021591	0.0191524	0.00763177	0.0114465	0.0091726	0.0249341	0.0663606	0.0176653	0.0324991	0.112458	0.0138158	0.00550571	0.0249124	0.219112	0.287409	0.0238629	0.00115534	0.00612546
3	0.142789	0.00454712	0.0428319	0.0577351	0.0132715	0.0458492	0.0187542	0.0261578	0.0429101	0.0310123	0.0223646	0.0555052	0.0145	0.0263314	0.0381407	0.230104	0.136446	0.0400369	0.0033506	0.00736262
4	0.058964	0.014172	0.120556	0.187754	0.00949613	0.105841	0.0576488	0.00599707	0.0376222	0.0185044	0.0138628	0.0626024	0.026663	0.0553364	0.0459974	0.102128	0.0389645	0.0156013	0.0015867	0.0207016
5	0.0492826	0.042953	0.0113304	0.0105861	0.0521319	0.0103555	0.0436232	0.0923694	0.0297685	0.19874	0.062658	0.0216538	0.0180364	0.0356537	0.0262366	0.0865959	0.0496488	0.0772538	0.0105004	0.0706223
6	0.0578711	0.0042382	0.0130331	0.0570339	0.00685571	0.0166019	0.00989194	0.0106178	0.0485078	0.0368147	0.00734953	0.0130115	0.206207	0.0849893	0.0459039	0.205465	0.071016	0.0971133	0.00201266	0.00546583
7	0.0361468	0.010403	0.010896	0.00577618	0.00792092	0.0484196	0.0156191	0.0173649	0.0433437	0.0291646	0.0147653	0.0966312	0.0729348	0.00841494	0.039519	0.340352	0.181439	0.0132834	0.00123844	0.00636766
8	0.0191454	0.00195229	0.511565	0.231021	0.00152304	0.0358711	0.0180913	0.00544911	0.017338	0.00592144	0.00403775	0.0588874	0.002571	0.0247109	0.00515822	0.0314856	0.0134635	0.00720951	0.000505633	0.00409315
9	0.0185407	0.00393371	0.00157261	0.00141832	0.0331147	0.0032225	0.00049306	0.271436	0.000342817	0.240707	0.0663436	0.000498544	0.00231659	0.00077077	0.00140866	0.00658333	0.0155891	0.327075	0.000284634	0.00434836
10	0.0701183	0.00189501	0.00700524	0.0574794	0.00964027	0.00372527	0.0219424	0.18763	0.00246786	0.0670005	0.0547568	0.00823908	0.00163374	0.0434023	0.00346243	0.0435033	0.123453	0.289837	0.000663793	0.00214393
11	0.0738014	0.00101665	0.00209636	0.00186446	0.0177058	0.00131889	0.000444327	0.270028	0.00049104	0.0589882	0.021305	0.00433774	0.00765721	0.000685488	0.000675058	0.00887103	0.0348087	0.493175	0.000123775	0.000605933
12	0.018516	0.00409471	0.060516	0.156017	0.00103133	0.0295011	0.0948517	0.00932097	0.123181	0.0219331	0.0310712	0.0636114	0.00298603	0.168699	0.130758	0.0329573	0.0135774	0.0241066	0.000976342	0.0122934
13	0.0761946	0.000416133	0.00194567	0.00173318	0.0142603	0.000561377	0.000485468	0.252705	0.000472674	0.0361488	0.0165977	0.00425119	0.00806184	0.000672824	0.000667212	0.00814043	0.0359847	0.540145	0.000135796	0.000420414
14	0.0326787	0.0243266	0.157227	0.284298	0.00705416	0.145761	0.0498901	0.00285533	0.040151	0.0186701	0.0103221	0.0505081	0.0107698	0.0481722	0.0289194	0.0425241	0.0162079	0.0150673	0.00116352	0.013434
15	0.0237564	0.00212789	0.420356	0.180077	0.000949631	0.100555	0.0156936	0.00253129	0.0340214	0.0080912	0.00205921	0.0923258	0.00110725	0.0206096	0.00785568	0.0530289	0.0232765	0.00574423	0.000263253	0.00557015
16	0.0797954	0.0019647	0.00570868	0.0375916	0.0138288	0.00416375	0.0197726	0.199628	0.00233735	0.0638906	0.0726033	0.00769675	0.00177233	0.039038	0.00370318	0.038665	0.127654	0.277099	0.00062449	0.00246222
17	0.0427491	0.00189916	0.0214872	0.00657935	0.0115619	0.00736052	0.0116	0.027804	0.0667705	0.0105965	0.0318228	0.124309	0.0462397	0.00329038	0.0219072	0.231825	0.309093	0.0120845	0.000615441	0.0104046
18	0.00756674	0.00739324	0.00183897	0.00232253	0.632453	0.0118913	0.00567984	0.00423345	0.00193447	0.0438461	0.00838741	0.00227532	0.00118878	0.00181769	0.00599387	0.0154972	0.00395095	0.0147162	0.000568341	0.226444
19	0.0626625	0.0429226	0.0163431	0.0169183	0.049546	0.00889408	0.230571	0.0192237	0.00780457	0.0701663	0.0287846	0.0888322	0.00614419	0.0121523	0.0159564	0.0989823	0.0602991	0.0342651	0.0183469	0.111185
20	0.101855	0.0150147	0.00828187	0.012764	0.0409715	0.0113388	0.0130163	0.0865265	0.0118222	0.283024	0.0394655	0.0117771	0.0174162	0.013179	0.012241	0.0560816	0.0394686	0.188041	0.0211291	0.016587
21	0.0599392	0.0167614	0.0621766	0.0999001	0.0437641	0.0580541	0.0698082	0.0367131	0.0323989	0.050081	0.0249754	0.0691151	0.00493288	0.0203025	0.0317805	0.142512	0.0837071	0.0355231	0.00399581	0.0535595
22	0.0332015	0.00907125	0.0056632	0.00712756	0.0483755	0.00706278	0.00993227	0.082831	0.0100252	0.264406	0.0602385	0.00669299	0.147231	0.033348	0.0223025	0.0489567	0.0759672	0.111196	0.00534974	0.0110201
23	0.00334708	0.00113867	0.00215401	0.00100962	0.0908463	0.00223225	0.0029973	0.0940078	0.000943949	0.679267	0.0425844	0.00191014	0.00295497	0.00103969	0.00263603	0.00790212	0.00349827	0.0536233	0.000292489	0.00561508
24	0.0469569	0.00609691	0.00199499	0.00371536	0.0367374	0.00372981	0.00186981	0.263395	0.000713648	0.166106	0.0783988	0.00193775	0.00229333	0.00350819	0.00134852	0.0161755	0.0323171	0.326311	0.000824194	0.00556941
25	0.188925	0.0131641	0.0227944	0.0329803	0.00876733	0.0255453	0.0146512	0.0197089	0.0493795	0.0516691	0.0328768	0.0575245	0.00692711	0.0136144	0.022516	0.287966	0.10722	0.0345352	0.00249184	0.00674325
26	0.00631322	0.00446241	0.00421136	0.00188956	0.0011103	0.00434457	0.00619647	0.0174246	0.336802	0.00767987	0.0158565	0.00131316	0.00077015	0.0209481	0.548073	0.00309486	0.0123385	0.00571253	0.000514401	0.000944192
27	0.0174979	0.579061	0.00216822	0.00284647	0.0340841	0.0159227	0.00278838	0.00468802	0.0023941	0.010958	0.0030698	0.00278014	0.00730475	0.0123761	0.00905189	0.228502	0.0105048	0.00972561	0.000620419	0.043656
28	0.145212	0.00225911	0.0595986	0.0745672	0.0058038	0.112656	0.0134535	0.015256	0.0603418	0.0260779	0.00865323	0.0370275	0.0150105	0.0406273	0.0996026	0.191781	0.0634962	0.0209886	0.00105604	0.00653063
29	0.0518401	0.0076439	0.00489981	0.0104767	0.0393753	0.00547211	0.00880328	0.0883731	0.25275	0.127972	0.0110494	0.0089626	0.00293743	0.00948536	0.142537	0.0254918	0.0665121	0.0834485	0.00104554	0.0509233
30	0.00677065	0.000810689	0.00215765	0.000771409	0.0812252	0.0027996	0.00228831	0.161882	0.000506302	0.538685	0.047028	0.00158035	0.00339087	0.000526693	0.00188648	0.00536638	0.0049898	0.132091	0.000315579	0.00492763
31	0.123077	0.00146762	0.063391	0.0778531	0.00745176	0.066868	0.0207375	0.00990704	0.0623763	0.0191999	0.00617552	0.0589496	0.022908	0.0606682	0.085376	0.214399	0.0678078	0.0209615	0.00122557	0.00919924
32	0.0293964	0.0104678	0.0162553	0.0616605	0.00072322	0.049532	0.0241788	0.0070786	0.236514	0.0157668	0.0182422	0.0358451	0.00263139	0.0774617	0.287339	0.0695984	0.0398882	0.00737235	0.00731886	0.00272904
33	0.0446166	0.0234797	0.00480476	0.00472925	0.0271706	0.00605471	0.0112731	0.0757221	0.00455001	0.465782	0.170321	0.0126662	0.00176627	0.00717564	0.0270461	0.0307025	0.020392	0.053867	0.000676292	0.00720389
34	0.0478484	0.0283759	0.00862525	0.0125553	0.061859	0.0080502	0.0349315	0.0814891	0.0190729	0.295048	0.0971711	0.0164709	0.00541875	0.0204153	0.0145285	0.0656326	0.042918	0.0932522	0.00456133	0.0417758
35	0.0225675	0.00197637	0.429351	0.166992	0.000839755	0.0975805	0.016249	0.0026447	0.0350461	0.0074002	0.00169982	0.10205	0.000456351	0.0188404	0.0074448	0.0545887	0.0238291	0.00498199	0.000199818	0.00526211
36	0.025488	0.011786	0.0025237	0.00338961	0.0657447	0.00289743	0.000834784	0.264868	0.000461252	0.172066	0.0912068	0.00065037	0.00104757	0.0021191	0.00111131	0.0183487	0.0177385	0.302355	0.00155873	0.013804
37	0.132592	0.00602249	0.0836786	0.115838	0.00799799	0.0350189	0.0158163	0.0296811	0.0351567	0.0274286	0.0163002	0.029369	0.132307	0.0327684	0.0345587	0.137854	0.0771608	0.0374732	0.00440459	0.00857233
38	0.320474	0.0113643	0.0114508	0.0212067	0.00965821	0.0669257	0.0254417	0.0741679	0.0105142	0.0371346	0.0203971	0.0157009	0.012297	0.0101475	0.0154514	0.10156	0.111294	0.114972	0.00264887	0.00719306
39	0.0317096	0.0232578	0.194235	0.116542	0.0136397	0.135087	0.0636725	0.00547353	0.0372719	0.018477	0.0080198	0.106345	0.00730662	0.0340642	0.0371697	0.103643	0.0322354	0.00946563	0.00113827	0.0212451
40	0.247864	0.0101136	0.0291778	0.0121165	0.00179983	0.0111822	0.00255369	0.00505546	0.0022851	0.0119173	0.00281499	0.00286749	0.332361	0.00258795	0.00271269	0.2334	0.0584641	0.019863	0.00895937	0.00190329
41	0.0566903	0.00609072	0.177637	0.37439	0.00249074	0.0687566	0.0120051	0.00371602	0.0391324	0.0200393	0.0151245	0.0198961	0.0207865	0.0428098	0.0188624	0.0463619	0.0325606	0.0300436	0.00446468	0.00814145
42	0.328823	0.00656205	0.00292804	0.00383954	0.00251559	0.0406697	0.00431359	0.0614151	0.00345142	0.0194317	0.00435063	0.0170945	0.00208904	0.00355283	0.0042214	0.110297	0.3472	0.0337713	0.000734971	0.00273849
43	0.00735118	0.00461365	0.00302498	0.00155603	0.225592	0.00533579	0.00523934	0.0784361	0.00160233	0.509458	0.0365062	0.00271995	0.00311553	0.00222747	0.00396003	0.0177434	0.00501289	0.0479581	0.000737715	0.0378085
44	0.0655931	0.0266851	0.0209466	0.0916214	0.0529769	0.0130016	0.0388592	0.0692231	0.0384765	0.179632	0.0780749	0.0185453	0.00553478	0.0321797	0.0212959	0.0680027	0.0519126	0.0788661	0.00687926	0.0416927
45	0.0495521	0.0228512	0.0153143	0.00861356	0.0402821	0.0185745	0.0184435	0.0900937	0.0201661	0.35223	0.093342	0.0103616	0.00580983	0.0280549	0.017316	0.0438872	0.0616421	0.0764404	0.00375615	0.0232691
46	0.0957607	0.000738859	0.00193129	0.00185567	0.0140545	0.000812955	0.000572708	0.255626	0.000633712	0.0361233	0.0167081	0.00436774	0.00799732	0.000771019	0.000709448	0.00922072	0.0375373	0.513936	0.000147542	0.00049517
47	0.573903	0.0119681	0.000566282	0.0079787	0.00521792	0.0306647	0.00153212	0.0307732	0.000633658	0.0299512	0.0101933	0.000936125	0.000395632	0.000649768	0.000802477	0.0958371	0.0852051	0.109773	0.000237959	0.00278085
48	0.00631322	0.00446241	0.00421136	0.00188956	0.0011103	0.00434457	0.00619647	0.0174246	0.336802	0.00767987	0.0158565	0.00131316	0.00077015	0.0209481	0.548073	0.00309486	0.0123385	0.00571253	0.000514401	0.000944192
49	0.0195969	0.0082954	0.00255457	0.00318121	0.19635	0.00592394	0.00622196	0.152552	0.00198637	0.290691	0.0511572	0.00264988	0.00946236	0.00339323	0.00443336	0.0278316	0.0148086	0.16859	0.00152645	0.0287937
50	0.0180848	0.65151	0.00174531	0.002167	0.0388012	0.0175407	0.00211541	0.00349177	0.00192553	0.0115549	0.00237148	0.00217149	0.00801007	0.00769486	0.00911937	0.150572	0.0105412	0.0098424	0.000503337	0.0502366
51	0.00566263	0.00229396	0.0024923	0.0198663	0.0746988	0.00333275	0.0910421	0.0131974	0.00998761	0.00523297	0.00263531	0.0128658	0.00164485	0.0128441	0.0457418	0.0166271	0.0050679	0.0140709	0.00102695	0.659669
52	0.0728943	0.00916457	0.127241	0.0786669	0.00788616	0.190763	0.0255238	0.0104501	0.0316132	0.016964	0.00799555	0.0785772	0.00934037	0.027899	0.0391251	0.188168	0.0426215	0.0189593	0.0017699	0.0143779
53	0.0271428	0.0115737	0.00286942	0.00370337	0.0700713	0.00271178	0.00107199	0.262618	0.000708202	0.16064	0.0950249	0.000736719	0.00126467	0.00344734	0.00141188	0.0202793	0.0169481	0.296335	0.00198386	0.0194573
54	0.0702364	0.00314046	0.0600226	0.084759	0.00314458	0.0402939	0.0394123	0.00711495	0.121413	0.016274	0.00891343	0.0597681	0.0455404	0.0929863	0.150814	0.121882	0.0446393	0.0193701	0.00147135	0.00880278
55	0.02683	0.0112861	0.00257142	0.00377906	0.0666484	0.00279291	0.000695036	0.269366	0.000511246	0.166567	0.0916582	0.000706607	0.00113607	0.00238042	0.00108021	0.0187593	0.0177373	0.299972	0.00171881	0.0138039
56	0.0236537	0.00127579	0.356426	0.347827	0.00142998	0.031747	0.0294832	0.00832537	0.0228699	0.00360852	0.00601679	0.0582349	0.00361011	0.0366532	0.00388521	0.0397648	0.01094	0.00854848	0.00035409	0.00534553
57	0.00242472	0.000752752	0.00306734	0.00103413	0.122857	0.00323886	0.00266239	0.1184	0.000661458	0.617053	0.0472633	0.00182667	0.00208764	0.000764819	0.00200966	0.00610058	0.0020275	0.0579935	0.000251109	0.00752291
58	0.0367311	0.00196031	0.0295992	0.00635461	0.0058499	0.00609832	0.0068574	0.0180926	0.0464944	0.00863341	0.020672	0.158428	0.0117973	0.00279158	0.0129076	0.2485	0.359023	0.0127124	0.000674312	0.00582304
59	0.248447	0.00926294	0.026668	0.0110197	0.00184385	0.0100848	0.00264244	0.00503724	0.00231855	0.0125749	0.00274746	0.00288681	0.325048	0.00274179	0.00279797	0.241657	0.0605998	0.021677	0.00811625	0.00182765
60	0.157694	0.00568246	0.0564433	0.0792933	0.0137885	0.0519595	0.0188869	0.0274008	0.0361331	0.0393308	0.0266625	0.0441709	0.00898569	0.0256781	0.0325539	0.201443	0.107351	0.0532015	0.00513904	0.00820217
61	0.0473452	0.00216308	0.0215427	0.0084583	0.00673429	0.00553071	0.00715454	0.0259538	0.0607776	0.0093612	0.0259598	0.153618	0.0151386	0.00299584	0.0158596	0.203175	0.365746	0.0152061	0.000639132	0.00664
62	0.0873217	0.000591933	0.00189418	0.00187234	0.0136207	0.000933255	0.000554926	0.287419	0.000631507	0.0372511	0.0182178	0.00444533	0.00728303	0.000809461	0.0008167	0.00929485	0.0343516	0.491967	0.000139684	0.000584156
63	0.0924091	0.000715319	0.00192612	0.00188099	0.0142544	0.0013318	0.000547516	0.262824	0.000619132	0.0390746	0.0180717	0.00434418	0.00818357	0.000780034	0.000712338	0.0100071	0.036039	0.505622	0.000132044	0.000524732
64	0.170961	0.0478268	0.00350918	0.00622858	0.0206093	0.0590079	0.0746945	0.0548143	0.0459719	0.0419882	0.0496387	0.00955666	0.145096	0.0078498	0.0265063	0.1358	0.0483693	0.0281343	0.00125688	0.0221796
65	0.0262924	0.00267227	0.00151388	0.00139965	0.0254324	0.00266151	0.000449809	0.282842	0.000368238	0.205324	0.0569083	0.00126036	0.00322931	0.000650283	0.00159639	0.00613596	0.0203709	0.35734	0.000225064	0.00332654
66	0.0442191	0.0752759	0.00967684	0.00940783	0.0474283	0.00640742	0.183656	0.0541194	0.0229464	0.1117	0.0240449	0.0193808	0.00759452	0.0228327	0.0597776	0.0521397	0.0303795	0.0340301	0.0604901	0.124492
67	0.0179662	0.656345	0.00172221	0.00212653	0.0392261	0.0176156	0.00206261	0.00309535	0.00180612	0.0104785	0.00216084	0.00204074	0.00808372	0.00749433	0.00916278	0.148398	0.0102151	0.00933272	0.000481143	0.0501863
68	0.448869	0.0125674	0.00158674	0.00893087	0.00570749	0.0468964	0.0048946	0.0866966	0.0018334	0.0394848	0.0119652	0.0026974	0.00220922	0.00308266	0.00281298	0.0828775	0.0903979	0.14342	0.000342466	0.00272694
69	0.555664	0.0161916	0.00547117	0.0134828	0.00152861	0.065052	0.00306347	0.0110217	0.00153505	0.00537248	0.00204092	0.00144305	0.000960346	0.00256285	0.00178482	0.239995	0.030108	0.0390932	0.00233757	0.00129197
70	0.050736	0.00586895	0.156255	0.3793	0.0208751	0.0357771	0.0648794	0.00829107	0.0339764	0.0157639	0.0119859	0.0353888	0.00774264	0.0283528	0.0141003	0.0317061	0.0169755	0.0309576	0.00156214	0.0495054
71	0.0051934	0.0018586	0.0025059	0.0201171	0.0748208	0.00320856	0.0880662	0.013076	0.01014	0.00473925	0.00245907	0.0122129	0.0016248	0.012757	0.0456596	0.0161484	0.0047659	0.013996	0.000615455	0.666035
72	0.00271014	0.000920853	0.00167168	0.000875248	0.0797055	0.00194446	0.002521	0.0722555	0.000951255	0.739751	0.0334773	0.00167566	0.00140117	0.00083562	0.00259378	0.00657098	0.00272593	0.0417672	0.000295045	0.00535087
73	0.0290915	0.0086728	0.177829	0.457163	0.00141643	0.0823852	0.0134617	0.0036676	0.0338551	0.0187691	0.0088244	0.019006	0.0069518	0.0476894	0.0256148	0.0242484	0.0117427	0.0228093	0.00124873	0.00555313
74	0.0309904	0.00783341	0.00276177	0.00642523	0.0303871	0.00380683	0.0040063	0.247435	0.00269876	0.148613	0.177555	0.00356296	0.00301046	0.00455577	0.00354526	0.0168099	0.0249358	0.272439	0.000892354	0.0077347
75	0.0591534	0.00149118	0.022663	0.00859874	0.0060103	0.00433001	0.00630727	0.0220428	0.0626396	0.00868615	0.026769	0.131519	0.0122087	0.00253979	0.0154764	0.205823	0.380427	0.0172394	0.000600407	0.00547432
76	0.0220953	0.000922827	0.352952	0.353132	0.00122804	0.0380699	0.0243483	0.00619194	0.0244936	0.00381312	0.00451165	0.0631238	0.00245537	0.0313742	0.00386518	0.0432091	0.012063	0.00688787	0.000320633	0.00494249
77	0.255264	0.0379398	0.0464416	0.0493233	0.00461514	0.052039	0.0194066	0.0228962	0.00822252	0.00913108	0.00566861	0.0147816	0.00354467	0.0169281	0.00912791	0.373656	0.0256274	0.0391019	0.00284619	0.00343799
78	0.059289	0.00551527	0.184266	0.356561	0.002415	0.0679574	0.0120762	0.00369454	0.0433095	0.0172434	0.0132638	0.021299	0.0226675	0.0473093	0.0176972	0.0487066	0.0339786	0.0319448	0.00345867	0.00734715
79	0.0267408	0.00300012	0.389542	0.205001	0.000954812	0.0955762	0.0178553	0.00265894	0.0357507	0.00746313	0.00279649	0.0927414	0.00187051	0.0233402	0.00872828	0.0507426	0.0225688	0.0068375	0.000365636	0.0054651
80	0.0471175	0.0107133	0.0363659	0.0272307	0.00932165	0.0383704	0.0224248	0.016426	0.0262703	0.0201046	0.0150318	0.345691	0.00970407	0.0168099	0.0268612	0.220167	0.0727933	0.021344	0.00300525	0.0142473
81	0.0061921	0.00190019	0.00163634	0.00104225	0.0725208	0.0022021	0.00246599	0.0796588	0.000943494	0.70511	0.0381916	0.00181639	0.00346111	0.00140629	0.00327998	0.00821357	0.00515571	0.0596785	0.000484002	0.0046412
82	0.100939	0.00212835	0.00273073	0.00968449	0.0206831	0.00251263	0.00247971	0.212198	0.000979459	0.130648	0.0206657	0.00824266	0.00702972	0.00413638	0.0015818	0.0207431	0.0413654	0.408734	0.00118763	0.00133041
83	0.162408	0.00567462	0.0479998	0.0697905	0.0141388	0.0500273	0.019505	0.0287323	0.0367703	0.0386683	0.0272309	0.045773	0.00791471	0.0245013	0.033452	0.210841	0.110491	0.053226	0.00478374	0.00807082
84	0.0244701	0.00851715	0.0158105	0.0587559	0.000897242	0.0368055	0.0199463	0.00741265	0.277276	0.0238	0.0210705	0.0282981	0.00307558	0.07702	0.281802	0.0562886	0.039701	0.00894487	0.0072098	0.0028981
85	0.491202	0.00800089	0.00134631	0.0048578	0.00299062	0.029617	0.00208164	0.038377	0.00150754	0.0181888	0.00529213	0.00557689	0.000940408	0.00151996	0.00166967	0.105393	0.217775	0.0609654	0.000448042	0.00224946
86	0.0346706	0.0110522	0.188715	0.418878	0.00189393	0.0745166	0.0126459	0.00487958	0.0364194	0.0271641	0.0097311	0.0200418	0.00835968	0.0404117	0.0235807	0.0336582	0.0164999	0.0291545	0.00201288	0.00571359
87	0.16918	0.0061769	0.0429576	0.0653801	0.013318	0.0430752	0.0194258	0.0311141	0.0372987	0.0374394	0.02815	0.0488471	0.00650776	0.0230805	0.0329308	0.204137	0.122042	0.0557564	0.00423607	0.00894611
88	0.00737344	0.00735983	0.00193564	0.00281395	0.619566	0.0116523	0.00729302	0.0037805	0.00225006	0.0395118	0.00791985	0.00254319	0.00118065	0.00200844	0.00677446	0.0152121	0.00385374	0.0142696	0.000532744	0.242168
89	0.00249649	0.000765867	0.00318424	0.00107232	0.128879	0.00345758	0.00266404	0.114153	0.000680464	0.618427	0.0466984	0.00189199	0.00196251	0.000821561	0.00220145	0.00627899	0.00209447	0.0546301	0.000287731	0.00735175
90	0.106682	0.000737242	0.0704657	0.083055	0.00469018	0.0603949	0.0218219	0.00784115	0.0659699	0.0150903	0.00318955	0.0639795	0.0305528	0.0713895	0.103221	0.204789	0.0586584	0.0158169	0.000287178	0.0113675
91	0.151213	0.00582965	0.0328784	0.0548635	0.0234889	0.0292729	0.0260503	0.0525986	0.031252	0.0474592	0.0442007	0.0446563	0.00957887	0.0207355	0.0525386	0.144193	0.138068	0.0758524	0.00394441	0.0113255
92	0.0704786	0.000769607	0.00184654	0.00169353	0.0156137	0.000772477	0.000476658	0.2538	0.00045127	0.0489334	0.0215223	0.00378021	0.00752396	0.000678476	0.000700107	0.0080854	0.0343435	0.527672	0.000136873	0.000721366
93	0.00225189	0.000625232	0.00282152	0.000968191	0.119348	0.00311216	0.00240353	0.10895	0.00060274	0.641157	0.0447337	0.00170143	0.0018611	0.000637577	0.00191329	0.00583203	0.00186235	0.0517148	0.000236285	0.00726699
94	0.0625419	0.0117297	0.00262314	0.00384494	0.00959922	0.0721764	0.0720736	0.0205993	0.126158	0.0236506	0.0207221	0.0578377	0.16373	0.0271799	0.0808937	0.177544	0.0541443	0.00808566	0.000757294	0.00410833
95	0.0322353	0.0115761	0.0396987	0.0152627	0.0026239	0.0539005	0.0262779	0.00411323	0.00759034	0.00565389	0.00289225	0.203513	0.00209448	0.004875	0.0185836	0.510616	0.028182	0.00752045	0.000824357	0.021966
96	0.027531	0.00869117	0.00468444	0.00589518	0.0701352	0.00547158	0.00735969	0.131733	0.00620259	0.206232	0.0432435	0.0062929	0.0878917	0.0170589	0.0149854	0.0381825	0.054001	0.146113	0.107989	0.010306
97	0.0980712	0.00104603	0.061409	0.073241	0.00550235	0.0658194	0.0192271	0.00682626	0.0857209	0.0132007	0.00270926	0.0736552	0.0255114	0.0670093	0.105564	0.207111	0.0618606	0.0147829	0.000258669	0.0114742
98	0.0238829	0.00126683	0.405761	0.237334	0.000858486	0.0670467	0.0214008	0.004282	0.0299804	0.00503942	0.0030945	0.087059	0.00147932	0.0259772	0.00510125	0.0501182	0.0177821	0.00543586	0.00021124	0.00688812
99	0.191712	0.0564893	0.00206442	0.00277853	0.00214244	0.0148585	0.00993551	0.0129675	0.00323412	0.0198267	0.0093564	0.0263686	0.00207812	0.00564755	0.00866819	0.355434	0.235934	0.037869	0.000560715	0.00207342
100	0.0143834	0.00339573	0.00122587	0.00139277	0.0260554	0.00276465	0.000420218	0.303921	0.000336925	0.201437	0.0673638	0.000608623	0.00151213	0.000714022	0.00239263	0.00610836	0.0186288	0.342713	0.000188558	0.0044376
101	0.131507	0.0104765	0.00219413	0.0203344	0.00553663	0.00263723	0.0106676	0.0494574	0.170714	0.0923946	0.0256801	0.0232361	0.00158829	0.0160642	0.152497	0.0716401	0.115558	0.0829605	0.000794392	0.0140617
102	0.44475	0.0113337	0.00227822	0.00818461	0.0053387	0.0252208	0.00491051	0.0551817	0.00285715	0.0276025	0.0131175	0.0057555	0.00225026	0.00408646	0.00399037	0.0843227	0.17316	0.121433	0.000510617	0.00371534
103	0.00226477	0.000664065	0.00184894	0.000825686	0.0851722	0.00198498	0.00238488	0.0803391	0.000791425	0.724673	0.0355584	0.00156223	0.00150688	0.00067371	0.00227299	0.00589243	0.00220444	0.0442143	0.000226015	0.00493917
104	0.0323623	0.0083859	0.0352677	0.0833057	0.00142326	0.0306547	0.125561	0.0067642	0.145174	0.0385402	0.016996	0.0503312	0.00339887	0.192156	0.164842	0.0248094	0.0101489	0.0207121	0.00214525	0.00702063
105	0.183621	0.0555117	0.00174308	0.00262589	0.00198077	0.015352	0.0112886	0.0118423	0.00343065	0.0218212	0.0112224	0.0295096	0.00240709	0.00600006	0.009771	0.393447	0.20217	0.0339395	0.000441659	0.00187461
106	0.0300324	0.626251	0.00206323	0.00275427	0.0362741	0.0216777	0.00208266	0.00380953	0.00187263	0.0102809	0.00231895	0.00231253	0.00761916	0.00748695	0.00876512	0.162473	0.014029	0.0108474	0.000563101	0.0464864
107	0.0287026	0.0119563	0.00251073	0.00313092	0.067348	0.00327701	0.00132271	0.25237	0.000519304	0.18318	0.0834402	0.00109713	0.00145972	0.00200572	0.00121217	0.0222886	0.0174248	0.302783	0.00155982	0.0124112
108	0.0462002	0.0241114	0.00775234	0.00995578	0.0621371	0.0087576	0.0318862	0.0935409	0.0213459	0.291362	0.0705914	0.0134274	0.0119188	0.0247238	0.0186791	0.106007	0.0531479	0.0623854	0.00431838	0.0377513
109	0.109714	0.000834899	0.0749363	0.080832	0.00474179	0.0532329	0.0245777	0.00840136	0.0657247	0.0176364	0.00381775	0.05739	0.0473276	0.072355	0.102274	0.19421	0.0549892	0.0159908	0.000329507	0.010684
110	0.0486374	0.0444443	0.0133893	0.0140502	0.0497661	0.00866938	0.0624947	0.0859283	0.0425859	0.183129	0.0710768	0.0157205	0.00979581	0.0414384	0.02877	0.0609483	0.043592	0.0815355	0.0176784	0.0763495
111	0.552703	0.0109495	0.00112776	0.00869891	0.00569616	0.0301142	0.00226963	0.0322721	0.00148696	0.0344357	0.00981775	0.0024115	0.000931909	0.0013089	0.00161738	0.102786	0.0974589	0.100693	0.000429518	0.00279104
112	0.0610695	0.00666222	0.178071	0.365424	0.00277107	0.0707709	0.0126482	0.00388576	0.0388013	0.0224545	0.0146814	0.0203263	0.0179737	0.0437325	0.0194235	0.0484351	0.0314751	0.0308247	0.00339516	0.00717487
113	0.0220807	0.0021672	0.420246	0.164797	0.00108219	0.0911769	0.0176373	0.00281046	0.037892	0.00722494	0.00200628	0.1067	0.000622476	0.0206064	0.009708	0.0571594	0.0247124	0.00591906	0.000193451	0.00525807
114	0.013036	0.00866544	0.00318163	0.00344089	0.102226	0.00309701	0.0160245	0.0934628	0.00247511	0.545874	0.0699127	0.00724603	0.00199507	0.0034218	0.00363247	0.0249785	0.00910732	0.0742061	0.000465685	0.0135517
115	0.0261948	0.0249916	0.0695542	0.0973302	0.0115791	0.146619	0.11785	0.00481986	0.0664453	0.0269762	0.0174902	0.0823417	0.0129028	0.116491	0.0775313	0.0503707	0.0172798	0.0113142	0.000766666	0.0211514
116	0.0194007	0.00267403	0.00163744	0.00125014	0.0316866	0.00316136	0.000953289	0.242103	0.000621533	0.287405	0.0589213	0.000920101	0.0148394	0.00272018	0.00301892	0.00868071	0.020383	0.294627	0.0015864	0.00341058
117	0.0761946	0.000416133	0.00194567	0.00173318	0.0142603	0.000561377	0.000485468	0.252705	0.000472674	0.0361488	0.0165977	0.00425119	0.00806184	0.000672824	0.000667212	0.00814043	0.0359847	0.540145	0.000135796	0.000420414
118	0.0994349	0.000884071	0.0720017	0.0816325	0.0041447	0.0558765	0.0218906	0.00806831	0.0739499	0.0145897	0.0034681	0.0629988	0.0348844	0.0748681	0.114535	0.19443	0.0559432	0.014962	0.000438613	0.0109983
119	0.0745101	0.00742558	0.00564149	0.0243585	0.00415085	0.0105555	0.00994212	0.028596	0.250885	0.062701	0.0260646	0.0186035	0.0023571	0.0353112	0.254894	0.0485549	0.0737026	0.0512979	0.00201517	0.00843296
120	0.0449625	0.0519937	0.00741497	0.00920136	0.152594	0.0230909	0.0214538	0.0667156	0.0131077	0.274644	0.0610096	0.011281	0.00479002	0.015128	0.0146068	0.0872601	0.0354581	0.0702445	0.00445851	0.0305844
121	0.0384574	0.0132952	0.00251871	0.0040552	0.0589556	0.00359746	0.00112882	0.242289	0.000696158	0.177124	0.082276	0.00138882	0.00216265	0.00246886	0.00137979	0.0280119	0.0207823	0.306668	0.00168508	0.0110593
122	0.0228035	0.000890423	0.370114	0.337696	0.00128512	0.0309844	0.0291254	0.00825123	0.0227392	0.00317802	0.00531886	0.0604153	0.00307933	0.0359728	0.00305295	0.0410602	0.0113476	0.00731811	0.000269622	0.00509812
123	0.528356	0.0161546	0.00182628	0.0077588	0.00310982	0.039359	0.00235378	0.0213789	0.00130948	0.0168297	0.00585391	0.00387405	0.00228658	0.0018006	0.00183133	0.187365	0.0896852	0.0660558	0.000773519	0.00203813
124	0.0258046	0.00358456	0.00168472	0.00147927	0.0293362	0.00352333	0.000456386	0.279487	0.00031147	0.219469	0.0626546	0.000878855	0.00265672	0.000679497	0.00142306	0.00693142	0.0175054	0.338471	0.000242758	0.00341991
125	0.449491	0.0155198	0.00153897	0.00742549	0.00692302	0.0429264	0.00380557	0.0928132	0.00195133	0.0418436	0.0132594	0.0023922	0.00184616	0.00253455	0.00208388	0.0882541	0.0819523	0.139422	0.000518745	0.00349798
126	0.140352	0.00749733	0.0368593	0.0713233	0.0200134	0.0343445	0.0213134	0.0419221	0.0344203	0.0685101	0.0522947	0.0441052	0.0035071	0.029703	0.0361618	0.148116	0.105548	0.0797631	0.00591708	0.0183284
127	0.0222036	0.00201225	0.443502	0.160507	0.000886325	0.0978032	0.0155531	0.00244951	0.0332144	0.00787242	0.00164288	0.100434	0.00051856	0.0174255	0.00726682	0.0531363	0.0234867	0.00488544	0.000231714	0.00496836
128	0.0713695	0.0651514	0.0104594	0.0124755	0.0707353	0.0133281	0.0563359	0.0595428	0.0194329	0.149589	0.0506257	0.0168594	0.00977666	0.0229318	0.0214542	0.0985682	0.0587017	0.0794919	0.057973	0.0551978
129	0.0491521	0.0155746	0.0264268	0.0595638	0.0186015	0.0245719	0.0259639	0.0312897	0.176063	0.110096	0.0344215	0.0238171	0.00680654	0.0709211	0.101155	0.0859651	0.0452879	0.039947	0.0370098	0.0173653
130	0.0301766	0.0107673	0.00400701	0.00503174	0.45994	0.025025	0.0201915	0.0153212	0.00380292	0.0818849	0.0122211	0.00445026	0.00241729	0.0037377	0.0211897	0.0996612	0.00938189	0.0370952	0.00155652	0.152141
131	0.0312191	0.0058423	0.218583	0.433016	0.00127375	0.0668062	0.0164547	0.00354714	0.0323109	0.012375	0.0102351	0.026869	0.00813586	0.0426818	0.0176733	0.0322085	0.0127491	0.0192206	0.00146843	0.00733034
132	0.0255345	0.00299081	0.401901	0.239176	0.00113093	0.0739215	0.0167025	0.00351614	0.0288682	0.0076552	0.00480786	0.0666766	0.00400978	0.0287803	0.00919687	0.0478739	0.0183306	0.00987045	0.000691996	0.00836504
133	0.164361	0.00402206	0.00376763	0.00672125	0.0265331	0.00498543	0.00400872	0.102862	0.00312836	0.273003	0.0120114	0.00761865	0.00936407	0.00373166	0.00516414	0.0363448	0.0234055	0.299713	0.00577499	0.00347948
134	0.084586	0.0281647	0.0129643	0.0308608	0.0467505	0.0154594	0.0308149	0.0718636	0.0292535	0.176131	0.0763168	0.0254285	0.00560986	0.0289921	0.0241869	0.0947638	0.0791104	0.0917786	0.0064894	0.0404751
135	0.00199896	0.000531057	0.00159518	0.000759518	0.078281	0.00184322	0.0022828	0.0709511	0.000742479	0.749253	0.0325363	0.00158194	0.00137529	0.000619455	0.00243345	0.00589621	0.00218936	0.0404426	0.000231189	0.00445628
136	0.023042	0.0238499	0.00306447	0.00366863	0.00520143	0.100073	0.0348173	0.0189214	0.0793757	0.0230862	0.0126393	0.0925814	0.116502	0.0106021	0.114826	0.257876	0.0694013	0.00648307	0.000865245	0.00312398
137	0.00300981	0.000940439	0.00339147	0.00106726	0.124261	0.00377903	0.00257255	0.117992	0.000827109	0.610071	0.0473622	0.0018996	0.00233636	0.000958645	0.00219535	0.00652949	0.00271559	0.060408	0.00027984	0.00740294
138	0.10496	0.000697264	0.0737315	0.0832265	0.00443771	0.0573177	0.0217901	0.00808807	0.0658809	0.0155045	0.00315674	0.0622665	0.0339182	0.0730929	0.1057	0.201032	0.0581173	0.0155393	0.000271457	0.0112728
139	0.0446006	0.0280868	0.00744253	0.0103996	0.0877039	0.00776568	0.0333588	0.0798906	0.0138145	0.306462	0.109192	0.0136488	0.0045498	0.0160594	0.0117079	0.0598259	0.0381992	0.0889764	0.0035192	0.0347969
140	0.00763107	0.0075697	0.00184652	0.00227446	0.636116	0.0120333	0.00552281	0.00361015	0.00193699	0.0404402	0.00817554	0.00224756	0.00121097	0.00183259	0.00595519	0.0157052	0.0039525	0.0144845	0.000569087	0.226885
141	0.0255396	0.00760052	0.0227939	0.0908402	0.000601121	0.0401563	0.0256591	0.00770371	0.234894	0.0184127	0.0239781	0.0372273	0.00308432	0.0825625	0.252944	0.0617442	0.0416363	0.0127356	0.00541039	0.0044764
142	0.030903	0.00663842	0.0154411	0.056526	0.00272858	0.0276989	0.01751	0.00837555	0.22479	0.0207461	0.0167262	0.0266872	0.0882108	0.0672061	0.212391	0.0786046	0.0578204	0.0331392	0.00393226	0.00392427
143	0.0201051	0.00449602	0.00167947	0.00153012	0.0353995	0.00349148	0.000795929	0.266056	0.000369809	0.234707	0.0682715	0.000730697	0.00223401	0.000810759	0.00137179	0.00789617	0.0160768	0.329371	0.000308979	0.00429648
144	0.0166341	0.00533121	0.00140706	0.00295367	0.028088	0.00268262	0.000587215	0.305932	0.00053067	0.175804	0.107389	0.000719963	0.00120972	0.00108389	0.00181255	0.00818188	0.0182719	0.315685	0.000380207	0.00531592
145	0.127611	0.00215812	0.0602748	0.0771351	0.00643136	0.0483573	0.021027	0.0178943	0.0484649	0.0316434	0.00997076	0.0524096	0.020616	0.0727067	0.0827973	0.204077	0.0795109	0.0236014	0.00139273	0.0119212
146	0.580929	0.0105994	0.000626272	0.0120779	0.00475492	0.0380941	0.00147298	0.0274518	0.000633806	0.0280758	0.00820228	0.00093166	0.00041999	0.00068382	0.000840857	0.108974	0.077141	0.095583	0.000299407	0.00220746
147	0.0271125	0.00630575	0.00177788	0.00364512	0.0317302	0.00290153	0.000865	0.270133	0.00072077	0.14619	0.16925	0.00110099	0.00154361	0.00189631	0.00140281	0.0106715	0.018447	0.297962	0.000617416	0.00572642
148	0.0246415	0.00817857	0.0251235	0.0906442	0.000622216	0.042746	0.030513	0.00864688	0.226904	0.0159268	0.0224132	0.040497	0.00265706	0.086082	0.252529	0.0620862	0.0374316	0.0115966	0.00566951	0.00509047
149	0.0759595	0.00485484	0.00453751	0.00912038	0.00845247	0.00697189	0.022033	0.140643	0.00655411	0.0620625	0.0704676	0.0879169	0.00979437	0.00745476	0.0416771	0.138436	0.116791	0.14127	0.00136321	0.0436396
150	0.0145142	0.00339009	0.00121138	0.00138735	0.026095	0.00277308	0.000422156	0.302911	0.000341337	0.20287	0.0671799	0.000586757	0.0015729	0.000711323	0.00241893	0.00610382	0.0185062	0.342424	0.000189424	0.0043918
151	0.202912	0.0104226	0.0122371	0.070576	0.00488042	0.114124	0.00568469	0.0158366	0.00618067	0.0170067	0.00523646	0.00567419	0.00268103	0.00575184	0.011774	0.269822	0.0377124	0.157331	0.0398886	0.00426724
152	0.146162	0.00288248	0.0540483	0.0783012	0.00878737	0.0875277	0.016454	0.0169794	0.0483214	0.029326	0.0149033	0.0415669	0.0149885	0.0397227	0.0684509	0.206378	0.0852618	0.0308667	0.00233506	0.0067366
153	0.364137	0.0434763	0.00826999	0.0124872	0.00197376	0.0519598	0.00513504	0.0200805	0.00192071	0.00745118	0.00402763	0.00396436	0.00151893	0.00385118	0.00304125	0.353736	0.0491789	0.0594521	0.00240028	0.00193777
154	0.0167491	0.00341789	0.00136105	0.0013107	0.0298676	0.00311164	0.000515373	0.273331	0.000354079	0.250083	0.0664123	0.000456367	0.00243407	0.000702564	0.00145744	0.00587408	0.0155335	0.322848	0.000245068	0.00393482
155	0.07137	0.0791238	0.00554923	0.00626276	0.084526	0.00603475	0.249541	0.0134143	0.00390715	0.0384546	0.00956122	0.0214947	0.00470112	0.0068007	0.0336556	0.0832131	0.0410178	0.0146066	0.114308	0.112458
156	0.0237828	0.00409692	0.00173366	0.00151599	0.030877	0.00428219	0.000449939	0.280113	0.000330209	0.220803	0.0649593	0.000687506	0.00237885	0.000720989	0.00147844	0.00727146	0.0172929	0.3334	0.000234343	0.00359191
157	0.062566	0.0151926	0.0167509	0.019866	0.0464345	0.0459588	0.0771955	0.0244793	0.0848859	0.0702721	0.0204674	0.0552809	0.110434	0.0505884	0.0851786	0.127297	0.0425079	0.0214292	0.0037301	0.0194849
158	0.140534	0.00640626	0.0628316	0.0766129	0.0146358	0.0587201	0.0182498	0.0329009	0.0339016	0.0516263	0.0320817	0.041559	0.00784239	0.0252231	0.0383922	0.18611	0.100714	0.0558757	0.0047071	0.0110753
159	0.0553137	0.0268218	0.0157843	0.0128243	0.0444552	0.0202356	0.0226341	0.0869579	0.0252028	0.302117	0.0860697	0.0133092	0.00538159	0.027486	0.0195367	0.0555882	0.0623428	0.0832646	0.0045971	0.030077
160	0.0962276	0.0133569	0.0522907	0.0863424	0.0215831	0.0531829	0.0223876	0.0397198	0.0447406	0.0372482	0.0331333	0.0599315	0.00391259	0.0174618	0.0419655	0.174155	0.111122	0.0519889	0.00584466	0.0334047
161	0.037901	0.00571234	0.0405622	0.105286	0.00173813	0.0452266	0.0556445	0.00857547	0.160754	0.0187099	0.0192418	0.0523722	0.00734627	0.127389	0.175166	0.0786695	0.0331548	0.0153688	0.00316292	0.00801925
162	0.00631322	0.00446241	0.00421136	0.00188956	0.0011103	0.00434457	0.00619647	0.0174246	0.336802	0.00767987	0.0158565	0.00131316	0.00077015	0.0209481	0.548073	0.00309486	0.0123385	0.00571253	0.000514401	0.000944192
163	0.138632	0.00766476	0.0370482	0.0721054	0.020424	0.0341508	0.021728	0.0422927	0.0343831	0.0686668	0.0523459	0.0443445	0.00344343	0.0297995	0.0362994	0.146694	0.104661	0.0806367	0.00586975	0.0188105
164	0.0290823	0.00676539	0.00225195	0.00208925	0.0412061	0.00460577	0.000517798	0.267437	0.000359597	0.203829	0.0699435	0.000886387	0.00220367	0.00109591	0.00122587	0.0110386	0.0182398	0.33128	0.000633691	0.00530858
165	0.0172226	0.00335885	0.00134302	0.00134859	0.0278201	0.00301812	0.000435207	0.290035	0.000329662	0.218226	0.065744	0.000541906	0.0019762	0.000684712	0.00188251	0.00602336	0.0173967	0.338372	0.000219261	0.0040222
166	0.0278862	0.00492891	0.196877	0.49371	0.00312112	0.0451404	0.0183393	0.00563346	0.0268769	0.0114251	0.012229	0.0248095	0.00667705	0.0392691	0.0169234	0.0291863	0.0129041	0.0164058	0.00130811	0.00634908
167	0.167919	0.00590941	0.0453141	0.0675719	0.0128029	0.0433408	0.0183612	0.0307201	0.0376654	0.0361301	0.0275823	0.0497135	0.00658353	0.0234826	0.0330182	0.201348	0.124564	0.0551564	0.00409639	0.00872
168	0.016968	0.00338043	0.00131485	0.00142257	0.0259748	0.00275267	0.000431137	0.298722	0.000351441	0.192232	0.0667925	0.000728665	0.00168392	0.00072876	0.00227321	0.00638456	0.0197242	0.35369	0.000195292	0.00424875
169	0.0651365	0.00196596	0.0128092	0.100523	0.00859085	0.00309818	0.0120585	0.177784	0.00237142	0.0569986	0.0474875	0.0134088	0.0025708	0.0295507	0.00355438	0.0267281	0.0743624	0.358001	0.000760169	0.0022392
170	0.124393	0.0016079	0.060875	0.0829377	0.00416361	0.118864	0.0130168	0.00944772	0.0608553	0.0202421	0.00467319	0.0408417	0.0175767	0.0479898	0.119894	0.185007	0.0630817	0.0170292	0.000438059	0.00706614
171	0.0446142	0.0263127	0.00939395	0.0108064	0.0588135	0.00744833	0.0357825	0.0788002	0.0164747	0.329604	0.105155	0.0162275	0.00506113	0.0202416	0.0138835	0.0585158	0.0380109	0.0832258	0.0041195	0.0375088
172	0.0326789	0.0100083	0.0185543	0.0617343	0.00118499	0.058588	0.0202263	0.00636805	0.226339	0.0143778	0.0165875	0.0424834	0.00312742	0.0679583	0.27464	0.07993	0.048245	0.00744221	0.00604284	0.00348381
173	0.0456052	0.0303203	0.00713643	0.00929035	0.156064	0.0114564	0.0276471	0.0811277	0.0146106	0.247753	0.0737786	0.0117017	0.00470992	0.0163518	0.0125158	0.0802494	0.0351544	0.0926145	0.0044045	0.0375081
174	0.00283072	0.000953158	0.00168426	0.00105508	0.0772939	0.0019288	0.00254262	0.0716481	0.000998296	0.739239	0.0334118	0.00176975	0.0020801	0.00101091	0.00306214	0.00676957	0.00334614	0.0430976	0.000360418	0.00491777
175	0.0460736	0.0256984	0.00568955	0.00727552	0.168695	0.0119731	0.0218428	0.0797944	0.0117877	0.270559	0.0627711	0.00939754	0.0082967	0.0136868	0.0126676	0.0937245	0.0330792	0.0826843	0.00382661	0.0304759
176	0.0289785	0.0101699	0.0183272	0.067173	0.000662264	0.0488688	0.0263807	0.00763378	0.23439	0.0162988	0.0200231	0.0363563	0.00269487	0.0809602	0.276743	0.0676168	0.0382619	0.00804473	0.00727878	0.00313739
177	0.0486238	0.028601	0.00501658	0.00873239	0.0275048	0.00580224	0.0121201	0.070642	0.00528288	0.424099	0.186421	0.0117666	0.00242568	0.0078541	0.0223599	0.0438059	0.0281496	0.049983	0.00108011	0.00972863
178	0.0223812	0.00678564	0.00391932	0.0044251	0.053883	0.00474823	0.00658614	0.0960191	0.00612315	0.562119	0.0494437	0.00515005	0.00979585	0.00728239	0.00863118	0.0224243	0.0284164	0.0905213	0.00167579	0.0096695
179	0.00826307	0.00637564	0.00594385	0.00803805	0.00128847	0.00848613	0.00817087	0.01756	0.328966	0.009196	0.0162238	0.00446828	0.00137637	0.0305417	0.51129	0.00970638	0.0150014	0.00623774	0.00156719	0.00129881
180	0.125611	0.0150227	0.0141201	0.0365089	0.0364838	0.0195961	0.0264817	0.0697733	0.0264263	0.125526	0.0704181	0.0258292	0.0130223	0.0223976	0.0334892	0.104137	0.114471	0.0933019	0.0045061	0.0228781
181	0.530714	0.0182374	0.0046876	0.0113217	0.00158951	0.0608006	0.00289448	0.011652	0.00163178	0.00628196	0.00238809	0.00202624	0.000946723	0.00241945	0.00195597	0.255438	0.0394761	0.04222	0.00210693	0.001212
182	0.046473	0.0254104	0.0077683	0.009139	0.0760456	0.00701255	0.0165222	0.17352	0.0126094	0.180126	0.0919362	0.00872796	0.00442195	0.0152208	0.00945349	0.0537696	0.0357276	0.182927	0.0056967	0.0374914
183	0.0489459	0.0303839	0.00969388	0.011405	0.0601856	0.00862025	0.0380268	0.0841406	0.0215906	0.275211	0.082943	0.0172248	0.00798705	0.0262702	0.0164409	0.0694715	0.0456211	0.0879741	0.00644884	0.0514145
184	0.0219483	0.00432542	0.0582251	0.142354	0.00115444	0.0322455	0.0932659	0.00941751	0.127047	0.0216919	0.0274165	0.0648314	0.00379083	0.165757	0.136282	0.0396508	0.0151996	0.0223485	0.00111459	0.0119346
185	0.56277	0.0146928	0.000814277	0.00684306	0.00469755	0.0277574	0.00166831	0.0317025	0.000819931	0.0261954	0.0100716	0.00115346	0.000492014	0.000784007	0.00100768	0.0913914	0.0953669	0.118145	0.000286863	0.00334028
186	0.068403	0.0224561	0.0547737	0.0243762	0.00243243	0.0456902	0.0294075	0.00505259	0.0122672	0.00575544	0.00305737	0.14108	0.00199095	0.0069598	0.0187928	0.510858	0.0256059	0.00896701	0.00069612	0.0113786
187	0.145541	0.00490317	0.0741455	0.0974963	0.0135807	0.0566237	0.0169225	0.0253099	0.0379184	0.0384909	0.0277545	0.0417312	0.0111219	0.0289615	0.0326574	0.175774	0.101452	0.0552964	0.00505503	0.00926359
188	0.0022615	0.000644288	0.00284123	0.000960501	0.119688	0.00309192	0.00244141	0.109993	0.000612925	0.638804	0.0448063	0.00173979	0.00192687	0.000637741	0.00191002	0.00588636	0.00190875	0.0524421	0.00024149	0.00716203
189	0.0442426	0.00959642	0.107167	0.34494	0.00918956	0.0665528	0.0220608	0.015245	0.0434241	0.0293216	0.0767098	0.0228288	0.00996083	0.0403678	0.0345288	0.0461075	0.0292009	0.0300007	0.00372572	0.0148292
190	0.0111587	0.00455501	0.00882941	0.00351787	0.00172789	0.0101429	0.00756632	0.0369647	0.291829	0.00885943	0.0176674	0.00236719	0.00104485	0.0245919	0.527323	0.00557826	0.0229578	0.0106922	0.000806131	0.00181984
191	0.00843229	0.00439642	0.00481557	0.0067719	0.00115245	0.00822969	0.00837852	0.0169195	0.30923	0.0103266	0.0170928	0.00332956	0.00100425	0.0273041	0.537135	0.00768563	0.0191541	0.00659907	0.00086035	0.00118208
