224	20
1	0.165169	0.119087	0.00392348	0.0057896	0.00844132	0.00875466	0.00942717	0.128018	0.0670529	0.0741131	0.0169959	0.0510141	0.00576763	0.0185083	0.130527	0.0158553	0.0226961	0.134756	0.00632767	0.00777699
2	0.014347	0.00831094	0.0036917	0.00483743	0.316445	0.00871942	0.0280213	0.0181864	0.00590881	0.0226462	0.0114064	0.00875318	0.0028402	0.0072053	0.00572596	0.00974002	0.00936426	0.0123535	0.0180207	0.483476
3	0.473883	0.0360265	0.000936268	0.00217179	0.0021958	0.127004	0.00262299	0.00661265	0.00309394	0.0103108	0.00566229	0.00646394	0.00456867	0.00966314	0.0129099	0.218756	0.05833	0.0148172	0.000712186	0.00325868
4	0.0109669	0.00434386	0.00509237	0.00227336	0.00185865	0.923585	0.00394416	0.00212204	0.00234838	0.00334303	0.00215397	0.00889217	0.000865716	0.00250148	0.00288073	0.014505	0.00366334	0.00279697	0.000710195	0.00115243
5	0.0608822	0.00641276	0.00328519	0.00418894	0.0902561	0.0208247	0.304083	0.0124531	0.00535998	0.0160559	0.00905575	0.0393691	0.00421858	0.0110137	0.00797417	0.0188104	0.0199895	0.011045	0.0549566	0.299766
6	0.0372945	0.00874037	0.0237733	0.0895129	0.0162422	0.0125165	0.0473827	0.0185521	0.0376996	0.0338817	0.0357957	0.0192669	0.0103656	0.483046	0.0320761	0.0301149	0.025827	0.0195938	0.00399672	0.014321
7	0.00622593	0.00669329	0.00167989	0.00108632	0.439345	0.00320943	0.0278077	0.0114981	0.00320375	0.0185517	0.0117117	0.00441606	0.000870514	0.00257399	0.00162007	0.00431023	0.00619068	0.00650684	0.027227	0.415272
8	0.0036985	0.00427785	0.00310905	0.00102019	0.00146639	0.945609	0.00410713	0.00179333	0.000922669	0.00311314	0.00175511	0.00755375	0.000770988	0.00165146	0.0013399	0.0110913	0.00215415	0.0024632	0.000802788	0.00129973
9	0.043706	0.0164084	0.0142369	0.00177728	0.0263751	0.0709282	0.12692	0.0159193	0.00236835	0.0310026	0.0304242	0.127403	0.00138571	0.14319	0.0267727	0.080741	0.0302464	0.108215	0.0014588	0.100521
10	0.00924153	0.0198293	0.00371104	0.00222924	0.329133	0.00303442	0.03236	0.023978	0.00631935	0.0131416	0.0146429	0.00420974	0.00192011	0.00558633	0.004383	0.00669748	0.00831188	0.00783493	0.403594	0.0998425
11	0.187044	0.0324733	0.00207884	0.00329929	0.00576917	0.0446307	0.00319488	0.00595924	0.00705643	0.00571475	0.00728839	0.0341094	0.00294625	0.00669942	0.00208474	0.475334	0.10568	0.0645043	0.00106105	0.00307137
12	0.0995332	0.00770602	0.0921764	0.0727989	0.00919151	0.153895	0.0247521	0.0103381	0.0690642	0.0335454	0.0334917	0.0365714	0.0655946	0.0515878	0.0781528	0.0973885	0.0322282	0.0141514	0.00171167	0.0161205
13	0.0716114	0.00533069	0.0814131	0.0982451	0.00725803	0.0285435	0.0350451	0.0161963	0.105985	0.0454666	0.0309226	0.0421795	0.0116247	0.144778	0.122408	0.0656646	0.0438992	0.017264	0.0019951	0.0241691
14	0.017542	0.00808901	0.00197533	0.00347018	0.05928	0.0017506	0.00421874	0.0624808	0.00448426	0.70395	0.0334334	0.0029221	0.00651214	0.00707381	0.00875757	0.00448948	0.00908555	0.0521091	0.00530672	0.00306949
15	0.00449603	0.00423721	0.00313467	0.00100922	0.00134135	0.944188	0.00371061	0.00213854	0.00104185	0.00246311	0.00173295	0.00769286	0.000513329	0.00147731	0.00163507	0.0128341	0.00232321	0.00210644	0.000690549	0.00123383
16	0.018176	0.00432421	0.59616	0.126522	0.00378426	0.00685101	0.0127476	0.0130145	0.0219791	0.00974323	0.00791407	0.0684461	0.0022262	0.0312305	0.0141067	0.02004	0.0186836	0.0129033	0.00489139	0.00625568
17	0.00925557	0.00507778	0.0037236	0.00236319	0.00217665	0.922275	0.00424877	0.00261324	0.00166938	0.00479029	0.00276334	0.00813662	0.00171162	0.00265116	0.00239057	0.0133179	0.00414265	0.00369709	0.00124837	0.00174761
18	0.20312	0.083562	0.00732531	0.00803155	0.00813308	0.0312995	0.0116214	0.023496	0.0712348	0.0359256	0.0291568	0.0133713	0.00478793	0.0272071	0.254399	0.0893365	0.0362314	0.0440483	0.00413602	0.0135768
19	0.437943	0.0350065	0.00458973	0.0088156	0.00636471	0.0747289	0.00229182	0.0298634	0.00628409	0.0452114	0.025715	0.00583827	0.00566716	0.00558199	0.0154292	0.0863419	0.0872436	0.113717	0.00112042	0.0022471
20	0.017223	0.023141	0.00181489	0.00191568	0.00557886	0.00237807	0.0583082	0.363163	0.00253782	0.221788	0.0609202	0.0179082	0.00171105	0.00317414	0.00623233	0.00773644	0.0135265	0.183888	0.0020575	0.00499727
21	0.0628872	0.0130594	0.00227034	0.00314168	0.0811451	0.0225427	0.00407667	0.0655442	0.00487518	0.175796	0.103295	0.0472825	0.00216721	0.00454837	0.00508424	0.0996843	0.215374	0.0571421	0.00341591	0.0266674
22	0.0686702	0.00572455	0.0245267	0.0681729	0.0168639	0.0117542	0.11577	0.0115336	0.0794311	0.0384887	0.0140953	0.0405387	0.00666273	0.333644	0.0521548	0.0394496	0.0346843	0.0161923	0.00532414	0.0163181
23	0.00572196	0.00267711	0.000295725	0.000409842	0.0757618	0.000466819	0.000489524	0.0336469	0.000517656	0.822512	0.0176172	0.000524956	0.000192685	0.00059975	0.00298367	0.000910295	0.00304429	0.0263649	0.00483115	0.000431913
24	0.0694475	0.0200014	0.0241131	0.0333778	0.00730193	0.0142787	0.0227893	0.0216558	0.188345	0.0571146	0.0194763	0.0303257	0.0484964	0.0588448	0.267895	0.0422719	0.0312802	0.0241898	0.00644152	0.0123537
25	0.00851785	0.00461885	0.00382233	0.00167967	0.00154594	0.935127	0.00392443	0.00216352	0.00136788	0.00302092	0.00229014	0.00830598	0.000699181	0.0017012	0.00187693	0.0117987	0.00262121	0.00287126	0.000765021	0.00128163
26	0.425837	0.0420129	0.00132251	0.0017497	0.00317687	0.0432132	0.00346932	0.00235767	0.0068718	0.00349658	0.00454747	0.00982385	0.00593994	0.00533247	0.00775181	0.345983	0.0667985	0.0188987	0.000528298	0.000888423
27	0.00511448	0.00435961	0.00362204	0.00137958	0.00152252	0.937231	0.00426362	0.00249409	0.00108693	0.00249926	0.00223164	0.00867872	0.000496512	0.00177108	0.00160479	0.0127371	0.00309804	0.00338842	0.00119935	0.00122102
28	0.0343339	0.00290232	0.00142023	0.0501245	0.00272304	0.00251318	0.00569566	0.0447983	0.18723	0.172582	0.017924	0.0161893	0.206653	0.063319	0.14463	0.00762416	0.0183371	0.0168453	0.00163763	0.00251765
29	0.0439035	0.0170842	0.00742819	0.00703576	0.00608522	0.0135332	0.0159632	0.00779142	0.00528852	0.0100502	0.00665477	0.0188039	0.00449646	0.00902902	0.00516001	0.239422	0.556223	0.0208817	0.00199013	0.00317529
30	0.0545863	0.00496079	0.0227369	0.0559445	0.00474286	0.0126181	0.0243588	0.0182399	0.162715	0.0727514	0.0147363	0.0202359	0.253291	0.071314	0.113534	0.0482849	0.0235924	0.0104623	0.00273509	0.00815952
31	0.00170544	0.00651965	0.000408345	0.00057826	0.370007	0.00433943	0.00778505	0.00462072	0.000682396	0.0130496	0.00615455	0.00399784	0.000426638	0.000928828	0.000822664	0.00409306	0.00428644	0.00154691	0.0060044	0.562043
32	0.363996	0.0390011	0.00240973	0.00446132	0.00654697	0.0456901	0.00458391	0.0155438	0.00575526	0.0232252	0.0147328	0.0160983	0.006119	0.00755073	0.0105858	0.2926	0.0704671	0.0661271	0.00183382	0.00267177
33	0.0281681	0.0141542	0.0126056	0.0127744	0.00467012	0.0115232	0.0212625	0.00953189	0.0476169	0.0411584	0.0131641	0.0203108	0.00491256	0.0305571	0.623259	0.0439901	0.0192833	0.0176991	0.00432551	0.0190334
34	0.0196489	0.0031318	0.0429447	0.0157454	0.153795	0.107521	0.0839898	0.00399341	0.00282152	0.0202287	0.0964385	0.0389322	0.00138098	0.0599238	0.13001	0.13397	0.0755769	0.00566858	0.00150117	0.00277756
35	0.438711	0.0204824	0.00259797	0.00260877	0.00263042	0.262882	0.00234125	0.0105337	0.00212972	0.0321642	0.00747341	0.00289535	0.00540895	0.0124412	0.0307311	0.0889856	0.04974	0.0102346	0.00121735	0.0137912
36	0.0314795	0.00391496	0.535283	0.120742	0.00527133	0.0127696	0.0148653	0.01421	0.0307066	0.0136519	0.00917949	0.0686632	0.00595855	0.0362963	0.0236363	0.0279642	0.0208916	0.0162189	0.00190069	0.00639629
37	0.00758675	0.00484704	0.00332644	0.00115885	0.00143892	0.937458	0.00379297	0.00217385	0.0011976	0.00313274	0.00191222	0.00760382	0.000813492	0.00165912	0.00189699	0.0127222	0.00291988	0.00224794	0.00107683	0.00103402
38	0.00900789	0.011003	0.00650969	0.00673279	0.00354571	0.0025711	0.0235336	0.00839038	0.04659	0.057126	0.013976	0.0176424	0.000788821	0.0268371	0.670648	0.0355347	0.0132199	0.0123905	0.00828016	0.0256723
39	0.206397	0.0210671	0.0226137	0.0371612	0.0145995	0.0256113	0.0210745	0.0292758	0.137971	0.114636	0.0240638	0.0195864	0.0221256	0.0563203	0.0927224	0.0496852	0.0372889	0.0418669	0.0114073	0.0145262
40	0.270951	0.0261898	0.00279768	0.00381747	0.00626647	0.0158207	0.00643979	0.0156224	0.00537478	0.0306576	0.00919285	0.00819189	0.0540597	0.00815384	0.0222341	0.0303207	0.0467253	0.429451	0.00312163	0.00461083
41	0.00840817	0.00320965	0.000403878	0.00063255	0.0516251	0.0007499	0.00108117	0.0877442	0.00184891	0.712599	0.0476212	0.000971412	0.00062516	0.00204465	0.00347576	0.00138882	0.00340886	0.0674065	0.00412395	0.000631711
42	0.0891246	0.0135725	0.0568351	0.0583792	0.0121782	0.0689213	0.0325491	0.0142567	0.11002	0.0445181	0.0229902	0.0489045	0.0111247	0.0679365	0.212342	0.0568724	0.0356893	0.0217767	0.00361252	0.0183969
43	0.359336	0.0321275	0.00366387	0.0085302	0.0102886	0.0403015	0.00565923	0.00802712	0.0096783	0.0206197	0.0084013	0.0101645	0.0952861	0.00798594	0.00937018	0.283508	0.0465537	0.0265982	0.0053895	0.00851009
44	0.152843	0.0789348	0.00131543	0.00186549	0.00766379	0.0260457	0.0020187	0.0307249	0.00395095	0.028618	0.0206559	0.0189607	0.00129265	0.0056097	0.0034497	0.32897	0.195186	0.0883646	0.00176626	0.00176314
45	0.00734882	0.000803992	0.000464967	0.000518122	0.0143801	0.00335468	0.0011771	0.646885	0.002956	0.174592	0.0162918	0.000943792	0.00313101	0.00067764	0.000893814	0.0012705	0.0157157	0.104892	0.000375035	0.0033287
46	0.0239557	0.0152911	0.00986512	0.00892639	0.00318561	0.00915175	0.0206581	0.00984052	0.0448376	0.0416764	0.012003	0.0192025	0.00284578	0.0268392	0.65226	0.0411194	0.0183663	0.015721	0.00535856	0.0188957
47	0.0570358	0.00880956	0.147978	0.271991	0.0115762	0.0216624	0.0228489	0.0231672	0.0456396	0.0317598	0.0205231	0.0452796	0.0173275	0.104559	0.0436495	0.0408669	0.0443107	0.0241422	0.00562656	0.0112458
48	0.00152615	0.00739267	0.000393312	0.000534123	0.398398	0.00359329	0.00862726	0.00488714	0.000663327	0.0138922	0.00698143	0.00424356	0.00037767	0.000785881	0.000768448	0.00427524	0.00444	0.00144347	0.00681161	0.529965
49	0.0194183	0.00998206	0.000518968	0.000849058	0.0376596	0.001062	0.00517304	0.126813	0.00202664	0.583746	0.0466099	0.00261707	0.000589724	0.00235356	0.00575985	0.00375628	0.0116361	0.133629	0.00394247	0.00185756
50	0.510472	0.062706	0.000626087	0.00068741	0.00912525	0.0615817	0.000981891	0.0408601	0.00125416	0.0640819	0.0440098	0.00508819	0.0012386	0.00381521	0.014391	0.0532694	0.0295763	0.0942449	0.000633418	0.00135694
51	0.28796	0.0338053	0.00555111	0.00729078	0.00571359	0.163488	0.00412352	0.00915518	0.0062507	0.0157157	0.00941976	0.0197789	0.00803741	0.0130774	0.0144026	0.296555	0.0687698	0.0236866	0.00122034	0.00599836
52	0.0593216	0.0145253	0.0821094	0.205549	0.0237504	0.0180755	0.0169558	0.137485	0.0290667	0.0831043	0.0313014	0.0249622	0.0206158	0.0639258	0.0275682	0.0406258	0.0377552	0.0519566	0.0117788	0.0195675
53	0.261974	0.0123874	0.00313009	0.00416402	0.122049	0.0486205	0.302089	0.00954296	0.00380881	0.0103544	0.00874969	0.0452876	0.00566424	0.00903422	0.00906879	0.024375	0.0295889	0.00888662	0.00316632	0.0780575
54	0.00503396	0.0212426	0.00125514	0.00177157	0.0080799	0.00225501	0.00235161	0.0175332	0.00198837	0.0802796	0.813472	0.00235789	0.00125382	0.00290825	0.00257615	0.00467544	0.00687659	0.0209559	0.001226	0.00190683
55	0.175418	0.00624715	0.00124108	0.00151133	0.132748	0.0236854	0.403579	0.0120789	0.0019047	0.00406787	0.00309729	0.0317163	0.0100705	0.0115111	0.01106	0.0338375	0.00679865	0.00329091	0.00111092	0.125025
56	0.279503	0.0152962	0.00117541	0.00149828	0.104488	0.085983	0.313837	0.00569252	0.00191924	0.00436079	0.00321046	0.0332646	0.00359123	0.00507076	0.00509987	0.0218188	0.0088689	0.00351602	0.0010458	0.100761
57	0.0158206	0.0107147	0.00165267	0.00223074	0.0321733	0.0021797	0.00296567	0.0839206	0.00432445	0.585483	0.129146	0.00326204	0.00207673	0.00441627	0.00666399	0.00541773	0.011532	0.088575	0.00465233	0.00279163
58	0.0489341	0.00392406	0.0681929	0.0392972	0.00472034	0.49854	0.0276982	0.00626517	0.0335154	0.00936248	0.00488151	0.0878393	0.00219867	0.0239422	0.0335102	0.0635251	0.0265858	0.00939387	0.00136074	0.00631269
59	0.0246428	0.00911663	0.000394435	0.000473249	0.00688381	0.000555373	0.000596803	0.371235	0.000560218	0.014643	0.0406555	0.000641389	0.000273198	0.00340922	0.000778615	0.00459182	0.0284942	0.491256	0.000238774	0.000560441
60	0.45417	0.0241572	0.00253529	0.00582176	0.0068308	0.0380636	0.00512943	0.0060337	0.00654532	0.0162255	0.00517224	0.00462552	0.152985	0.00731239	0.00524164	0.195248	0.0315675	0.0220713	0.00405477	0.00620887
61	0.041089	0.0127238	0.00110843	0.0010888	0.00263986	0.0117045	0.00734926	0.00255454	0.00337119	0.0039735	0.00281409	0.0134189	0.00337006	0.00337415	0.00170531	0.282186	0.591809	0.0113271	0.00074693	0.0016455
62	0.0243158	0.0102565	0.00122504	0.00116975	0.00341361	0.00868075	0.00856041	0.0032251	0.00358429	0.00503929	0.00308395	0.0114533	0.00364471	0.00272641	0.00165193	0.288091	0.606896	0.00994163	0.000955985	0.00208378
63	0.0204948	0.0129938	0.0135035	0.0132415	0.00611121	0.0082737	0.0421164	0.0109985	0.0485641	0.0402096	0.0120536	0.0249969	0.00454944	0.0298264	0.605219	0.04286	0.021638	0.0166663	0.00493468	0.0207481
64	0.644314	0.0307268	0.000627263	0.00103461	0.00189566	0.0303673	0.00405557	0.00249852	0.00305986	0.00348953	0.00244672	0.00285469	0.00997426	0.00613242	0.00168197	0.193938	0.0411952	0.0180068	0.000609873	0.00109118
65	0.337912	0.0176147	0.00504306	0.00695723	0.00959034	0.148594	0.00719079	0.0148802	0.00844948	0.215453	0.0154169	0.00719213	0.0449451	0.0107441	0.0151691	0.0721171	0.0226127	0.025824	0.00436445	0.00992848
66	0.2346	0.0584971	0.00192799	0.00259861	0.00610354	0.0553484	0.00267049	0.00352765	0.00599638	0.00463213	0.00669855	0.0176516	0.00267058	0.00560265	0.0102308	0.456089	0.0988701	0.0246043	0.000520704	0.00115925
67	0.0308749	0.0162547	0.000507238	0.000752896	0.0122337	0.000910156	0.0122712	0.192485	0.00241768	0.412076	0.065905	0.00496367	0.00051501	0.0025815	0.00826348	0.00576637	0.0194746	0.206981	0.00333528	0.00143109
68	0.0296669	0.0091807	0.00031207	0.000391271	0.00706277	0.000468973	0.000546061	0.342801	0.00049899	0.0188395	0.0433795	0.000545005	0.000242562	0.00297003	0.00067957	0.00585388	0.0327906	0.503086	0.000221775	0.000463372
69	0.123123	0.00442175	0.023562	0.0552249	0.00457793	0.0950575	0.0044886	0.0257879	0.0249864	0.0515535	0.0233933	0.00495873	0.0020238	0.00525382	0.0400545	0.0985303	0.2594	0.147974	0.00226917	0.00335868
70	0.137986	0.0317144	0.00146402	0.00220419	0.00552173	0.0471029	0.00164222	0.00311583	0.00793997	0.00400954	0.00484242	0.0289869	0.001363	0.0042029	0.00105773	0.553399	0.133925	0.0264477	0.000580292	0.00249483
71	0.0672928	0.00563386	0.110471	0.103526	0.00735959	0.050097	0.0399123	0.00967161	0.127239	0.0400847	0.0224353	0.0381176	0.0329569	0.0959369	0.106396	0.0743244	0.0359169	0.0100003	0.00038057	0.0222477
72	0.071622	0.00624975	0.083944	0.0900477	0.00846155	0.0360576	0.0375117	0.00647257	0.136739	0.0505846	0.0272882	0.0345056	0.0445591	0.103343	0.113104	0.0742184	0.042451	0.00880471	0.000292055	0.0237427
73	0.036539	0.00882893	0.000460579	0.000560489	0.00847736	0.00102428	0.00322614	0.33027	0.00075936	0.0404948	0.0391032	0.0012332	0.000412578	0.00301504	0.00159119	0.0059917	0.0297212	0.483466	0.000546177	0.00427848
74	0.0273215	0.00248969	0.00168651	0.0323597	0.0561114	0.00227593	0.002664	0.136499	0.00327157	0.119788	0.101662	0.00231339	0.00110792	0.0575202	0.0633101	0.0445404	0.03841	0.168032	0.0506528	0.0879828
75	0.0217851	0.0145768	0.0112097	0.0106789	0.00589666	0.00524557	0.0212334	0.0146003	0.0469065	0.0450957	0.0136172	0.0197751	0.00608003	0.0271501	0.634979	0.0412167	0.0192133	0.0169024	0.00546812	0.0183692
76	0.0533467	0.0042227	0.364359	0.210304	0.00480761	0.0158543	0.0135902	0.01773	0.039247	0.0148501	0.012798	0.0551202	0.00328075	0.0561138	0.0255842	0.0377055	0.0413349	0.0205413	0.0016961	0.00751387
77	0.0265535	0.00166053	0.00103327	0.0515386	0.00193404	0.00153973	0.0094917	0.00313073	0.177191	0.00739269	0.0024373	0.0213827	0.373311	0.0894458	0.118276	0.0791415	0.0292123	0.00312319	0.000782473	0.00142219
78	0.472178	0.0212277	0.0009714	0.00128771	0.00177617	0.252508	0.00172762	0.010807	0.00171539	0.022198	0.00636695	0.00175632	0.00212434	0.013822	0.0281509	0.0854065	0.0566947	0.00939557	0.000833892	0.00905274
79	0.534694	0.0282797	0.000715681	0.00168266	0.00183646	0.115937	0.0026105	0.005512	0.00280704	0.00900747	0.00397225	0.00488357	0.00531209	0.00890231	0.0102095	0.194541	0.051497	0.0139444	0.000564654	0.00309004
80	0.0296507	0.00903094	0.000303334	0.000410058	0.00700109	0.00046146	0.000544964	0.344607	0.000488244	0.0188485	0.0446202	0.00055939	0.000244098	0.00285771	0.000667883	0.0057733	0.0324145	0.500843	0.000218555	0.000454768
81	0.0618133	0.014311	0.000514534	0.000905744	0.0160042	0.000791713	0.00484301	0.152721	0.00112641	0.255497	0.0440641	0.00275518	0.00055602	0.00197598	0.0133862	0.00864865	0.0471273	0.366122	0.00470524	0.00213236
82	0.152686	0.0864833	0.00115164	0.00126545	0.0178787	0.00449433	0.00193128	0.0811871	0.00168965	0.125307	0.0406959	0.0096615	0.000924518	0.00461047	0.00203624	0.0829731	0.249557	0.126342	0.00614751	0.00297715
83	0.0314573	0.0149716	0.0148045	0.0167494	0.00580328	0.00959215	0.0217873	0.00926746	0.0506701	0.0417768	0.0111665	0.0198077	0.01387	0.032697	0.577714	0.0685954	0.0252254	0.0139365	0.00447467	0.015633
84	0.0630272	0.0152111	0.00053921	0.000753928	0.0155152	0.000798877	0.00554881	0.133104	0.00111494	0.291478	0.0428546	0.00304281	0.000545069	0.00155306	0.0145355	0.00835186	0.0469371	0.348324	0.00508046	0.00168463
85	0.569082	0.0309077	0.000685702	0.00100093	0.0022683	0.027328	0.00507949	0.00172716	0.00399432	0.00253958	0.00231406	0.0063175	0.00731227	0.00499148	0.00233949	0.258274	0.0566632	0.0153773	0.000579128	0.00121782
86	0.0279093	0.00167882	0.000850188	0.0597274	0.00186603	0.00129999	0.0107717	0.00281994	0.165697	0.00667734	0.00218508	0.019506	0.403163	0.0909563	0.106339	0.0747602	0.0188059	0.00289683	0.000812666	0.00127758
87	0.1262	0.0303791	0.00158176	0.00207971	0.00558663	0.0440399	0.00168545	0.00314057	0.00846613	0.00457202	0.00476029	0.0293401	0.001209	0.00384336	0.00113443	0.560538	0.142032	0.0259214	0.000609705	0.00288029
88	0.0113779	0.0105845	0.00559505	0.00185639	0.321824	0.0035476	0.112429	0.0131863	0.0128497	0.01045	0.0152953	0.00344201	0.0014962	0.00783211	0.00334419	0.00557541	0.0142376	0.00939816	0.261703	0.173976
89	0.00716434	0.00159839	0.000478043	0.000531492	0.01631	0.00321285	0.00185723	0.613011	0.00280733	0.198405	0.0187648	0.0014616	0.00259874	0.000808523	0.00135966	0.00141601	0.0176444	0.10539	0.00050498	0.00467627
90	0.0334239	0.0158857	0.011387	0.0141801	0.0162261	0.0122025	0.0208941	0.0313147	0.0399954	0.116048	0.0676381	0.0222442	0.00829202	0.0305532	0.4323	0.0350431	0.0250184	0.0345776	0.0108344	0.0219415
91	0.0109881	0.00427188	0.00182922	0.00242557	0.404446	0.00288954	0.00968336	0.231974	0.00287164	0.117242	0.0219166	0.00297935	0.00220752	0.0032737	0.00339419	0.00456897	0.00909553	0.0798213	0.0210111	0.0631094
92	0.00699168	0.00423798	0.00360313	0.00165887	0.00198521	0.930477	0.00380365	0.0038874	0.00187496	0.00413498	0.00240115	0.00807842	0.000759796	0.0023327	0.00261311	0.013031	0.0032496	0.00270948	0.000674878	0.00149454
93	0.0120307	0.00557153	0.00863539	0.0048632	0.00504774	0.00463839	0.188284	0.00700945	0.0109247	0.00940878	0.00656079	0.151682	0.00796881	0.0556175	0.0106326	0.238071	0.253259	0.0134547	0.00235327	0.00398637
94	0.00431822	0.00287565	0.00109848	0.00116973	0.646415	0.00188438	0.00547658	0.0614212	0.00135855	0.0480468	0.0197421	0.00209097	0.000780257	0.002056	0.00185286	0.00278789	0.00309245	0.027515	0.0390646	0.126954
95	0.0121524	0.00343218	0.00326786	0.229323	0.0174963	0.00348021	0.0642103	0.00586572	0.0199495	0.00738193	0.00585836	0.0044275	0.00147753	0.591822	0.00412333	0.00625146	0.0073449	0.0064208	0.00232487	0.00338983
96	0.0214243	0.00693915	0.00226676	0.00407721	0.189427	0.0036616	0.074078	0.136253	0.00361118	0.238099	0.0286494	0.00420122	0.00538787	0.0044608	0.00411705	0.00792477	0.00649044	0.117095	0.0237852	0.118051
97	0.105552	0.0501623	0.00326841	0.0275868	0.24073	0.00538125	0.0556943	0.0108989	0.00543281	0.215411	0.0319647	0.00517297	0.0890688	0.00507363	0.00539082	0.0331259	0.0087373	0.0357488	0.0356838	0.0299152
98	0.0935155	0.00109437	0.0286196	0.127012	0.00141678	0.01185	0.0286072	0.0102599	0.0915995	0.0436961	0.0144725	0.0372711	0.00452742	0.226999	0.087328	0.055117	0.090438	0.0378106	0.00505876	0.00330615
99	0.00567612	0.00270197	0.000287254	0.000389075	0.0760555	0.000454978	0.000460129	0.0326789	0.000473744	0.825239	0.0168714	0.00051729	0.000192611	0.000549542	0.00288755	0.00088794	0.00303824	0.0254794	0.00473436	0.000425158
100	0.181495	0.0623397	0.00159451	0.00145625	0.0282919	0.00496424	0.00228499	0.0797317	0.00193372	0.14496	0.0357334	0.00780831	0.00103527	0.00378665	0.00297544	0.0629315	0.229923	0.132348	0.0110717	0.00333394
101	0.00794107	0.00118364	0.679232	0.146078	0.00126624	0.00107193	0.00950198	0.00551286	0.0102431	0.00256229	0.00384693	0.0701605	0.000593478	0.0244427	0.00525268	0.0102899	0.0111392	0.00608704	0.000734768	0.00285943
102	0.0115241	0.00184477	0.00884002	0.00103794	0.376904	0.001498	0.154567	0.00234269	0.0226785	0.00353184	0.0153797	0.00195711	0.000740574	0.011012	0.0017293	0.00290321	0.0213645	0.0100684	0.075896	0.27418
103	0.19347	0.0953857	0.00113858	0.00119033	0.00974394	0.00263845	0.00279877	0.0800914	0.00201026	0.0676227	0.0244776	0.0134128	0.00131844	0.00641272	0.00240098	0.0725133	0.220053	0.19766	0.00396929	0.00169126
104	0.00701851	0.000749587	0.000442882	0.000489754	0.0158316	0.00385534	0.00084771	0.665111	0.00343955	0.165936	0.0184373	0.000728951	0.00305543	0.000698564	0.000744174	0.0012575	0.0146633	0.0933941	0.00035016	0.00294867
105	0.0103685	0.012461	0.0133144	0.0108246	0.00170156	0.00186092	0.0197877	0.00586262	0.0538703	0.0454929	0.00688831	0.0154542	0.000828431	0.0264309	0.664377	0.0598733	0.0242254	0.00932657	0.00357569	0.0134754
106	0.0123216	0.00544721	0.00987071	0.00472839	0.00420862	0.00410882	0.151967	0.00592267	0.0126315	0.00772459	0.00586007	0.148629	0.00768385	0.0530726	0.011271	0.195588	0.340632	0.0128618	0.00211093	0.00336043
107	0.522614	0.0513827	0.000593611	0.000666947	0.0081707	0.0699221	0.000868911	0.0380772	0.00101699	0.0644379	0.0387391	0.00396472	0.00136044	0.00435429	0.015731	0.0572405	0.0315076	0.0874302	0.000507623	0.00141362
108	0.0753296	0.00635565	0.082845	0.100413	0.00733535	0.0317734	0.0392061	0.00745114	0.133746	0.0467631	0.0250936	0.0362715	0.0157083	0.123561	0.119585	0.0717196	0.0426072	0.0125162	0.000751463	0.020969
109	0.00507316	0.00492584	0.00148663	0.00197037	0.0031135	0.00211152	0.00260364	0.00394475	0.00226713	0.669734	0.2405	0.00280469	0.00100891	0.00244754	0.00303921	0.00425328	0.0379473	0.00748269	0.00119926	0.00208672
110	0.0297439	0.00847852	0.000389522	0.000449007	0.00708727	0.000555585	0.000831982	0.38205	0.000562702	0.0163612	0.0625378	0.000782335	0.000260901	0.00218002	0.000789159	0.00454277	0.0223848	0.459141	0.00028072	0.000590834
111	0.393501	0.047811	0.00100065	0.00119199	0.00674796	0.0292266	0.00526711	0.0585129	0.00287049	0.0588612	0.0258736	0.0125168	0.0024735	0.0068623	0.00966119	0.063372	0.092684	0.177645	0.00160217	0.00231888
112	0.0747945	0.00609457	0.0812787	0.102115	0.00699697	0.03076	0.0394014	0.00780094	0.132444	0.0465105	0.0250132	0.0364684	0.014905	0.127989	0.118068	0.0708916	0.0438929	0.0132943	0.000920542	0.0203608
113	0.0327842	0.0227115	0.00826421	0.0112381	0.20631	0.00933297	0.0478592	0.0308575	0.0137882	0.0362353	0.021093	0.0150988	0.00992114	0.0193844	0.0188512	0.0234532	0.0271374	0.0219031	0.340119	0.0836584
114	0.0149989	0.00690304	0.00534951	0.00608661	0.00841347	0.0062844	0.00761364	0.0450156	0.00644114	0.0853754	0.219704	0.00800969	0.00343908	0.486873	0.0090536	0.0128141	0.0128181	0.0124287	0.00403946	0.0383384
115	0.271859	0.0945598	0.009241	0.00158235	0.00293786	0.0313586	0.0105984	0.00262795	0.0106216	0.0218712	0.0195856	0.00199576	0.00107849	0.00237743	0.0857323	0.330347	0.0863454	0.0127731	0.000863961	0.00164303
116	0.0686553	0.00669734	0.00230228	0.00339562	0.0459656	0.00370483	0.0349219	0.245491	0.00323439	0.171088	0.0155873	0.00529134	0.00177763	0.00549608	0.00583874	0.00769983	0.0110466	0.289647	0.00551555	0.0666436
117	0.00558607	0.00433492	0.00468576	0.00192775	0.0017341	0.934992	0.00385852	0.00203747	0.00163826	0.00273264	0.00202667	0.00874837	0.00110695	0.0018448	0.00197854	0.0123072	0.00345557	0.00292068	0.000933316	0.00115068
118	0.00591012	0.0106722	0.00216971	0.00210904	0.603079	0.00190634	0.0111791	0.0215519	0.00260449	0.0245274	0.0210374	0.00261321	0.00179523	0.00314402	0.00271554	0.00417275	0.00451333	0.00613669	0.218884	0.0492789
119	0.172399	0.124744	0.0018775	0.0020078	0.00649331	0.00298623	0.00643557	0.0894534	0.00385843	0.0368944	0.0267857	0.0451192	0.00137822	0.0167248	0.00439872	0.0681134	0.192431	0.191881	0.00234165	0.0036758
120	0.0882156	0.0128786	0.0179135	0.0185575	0.0687636	0.0341777	0.281934	0.022349	0.0197225	0.0347639	0.0188432	0.0477258	0.00831565	0.0413027	0.030938	0.0461904	0.0474199	0.0275161	0.0307487	0.101723
121	0.00634394	0.00437371	0.00313262	0.00118219	0.00135998	0.943309	0.00349009	0.00195044	0.00103044	0.00263221	0.00231645	0.00749445	0.000590182	0.00156977	0.00166956	0.0112287	0.00261718	0.00212315	0.00068615	0.00089991
122	0.0541881	0.0189781	0.00289494	0.00590565	0.0213596	0.00620365	0.0114074	0.161053	0.00633154	0.275262	0.0484541	0.00870885	0.00499341	0.00975522	0.0147618	0.0164676	0.0351787	0.283163	0.00604609	0.00888646
123	0.00581694	0.0225018	0.00125135	0.00167784	0.00386861	0.00229202	0.00224075	0.0173763	0.00227643	0.242955	0.644301	0.00233583	0.0014317	0.00294319	0.00273396	0.00398075	0.0103665	0.0263648	0.00136298	0.00192304
124	0.0571021	0.021889	0.0694615	0.0295055	0.0217246	0.0320271	0.042901	0.0259225	0.0354716	0.03064	0.0193443	0.308049	0.00810968	0.0405529	0.051202	0.0843303	0.0604704	0.0310484	0.0093677	0.0208806
125	0.0592486	0.0337958	0.00244922	0.00169186	0.00601561	0.0189794	0.00765073	0.0057675	0.00435659	0.00891009	0.00526042	0.0166429	0.00338694	0.0044503	0.00395977	0.307633	0.485454	0.0204092	0.00103528	0.00290261
126	0.0439197	0.00487647	0.408637	0.101534	0.00510091	0.0191493	0.0227711	0.0173784	0.0688634	0.0164951	0.0131505	0.0754541	0.00700844	0.0547503	0.0431789	0.0380941	0.0274586	0.0198317	0.0018785	0.0104695
127	0.0493937	0.0185349	0.0325439	0.0164892	0.0121643	0.0257171	0.0583443	0.0140423	0.0290811	0.0205069	0.0159417	0.292071	0.00866109	0.0364315	0.0336644	0.202663	0.0954756	0.023423	0.00351081	0.0113402
128	0.0196818	0.0070942	0.00309294	0.00350699	0.130764	0.00940828	0.00552672	0.062122	0.00567602	0.0875816	0.444615	0.016048	0.00268145	0.00578658	0.00606024	0.0516461	0.107406	0.0206337	0.00208776	0.00857946
129	0.150084	0.0329342	0.0017075	0.00243564	0.00574839	0.0486636	0.00200267	0.00348606	0.008053	0.00440528	0.00504244	0.0309593	0.00143414	0.00486664	0.00145574	0.53942	0.125411	0.0285911	0.000633186	0.0026666
130	0.00953774	0.00113652	0.000573397	0.000634434	0.0141773	0.00357748	0.00125248	0.660881	0.00310611	0.164254	0.0165714	0.00102191	0.00417497	0.000776463	0.000930936	0.00149283	0.0141624	0.0984115	0.000384131	0.00294369
131	0.0426625	0.019728	0.00057557	0.000874797	0.00871966	0.00107767	0.0231954	0.20429	0.0014978	0.335412	0.0487638	0.00676446	0.000529445	0.00202852	0.010069	0.0100588	0.0298203	0.247998	0.00299298	0.00294182
132	0.0877224	0.0282586	0.00471477	0.00388713	0.00493225	0.638255	0.00530045	0.00516595	0.00333067	0.00814658	0.00593691	0.0135146	0.00929784	0.0051845	0.00707799	0.123408	0.0283267	0.0112735	0.00152402	0.00474202
133	0.0101269	0.00523488	0.0726386	0.108338	0.0277692	0.00413087	0.00521046	0.283767	0.00411144	0.201037	0.0313968	0.00539032	0.00231918	0.0939611	0.00561253	0.00845036	0.00846083	0.0926559	0.0251856	0.00420348
134	0.0346113	0.012084	0.00157669	0.00143584	0.00308614	0.00975613	0.0106015	0.00287428	0.00393995	0.00448295	0.00309326	0.0134922	0.00386773	0.00331219	0.00225519	0.285449	0.590057	0.0109745	0.000880268	0.00216934
135	0.00674689	0.0009758	0.000454757	0.000486087	0.0167663	0.0037292	0.000819232	0.657349	0.00332594	0.17271	0.0195664	0.000920194	0.0029437	0.000727407	0.000816847	0.00130862	0.0149116	0.0919194	0.00036955	0.00315304
136	0.0337001	0.00856118	0.453109	0.100302	0.0107129	0.0109374	0.0151497	0.0628027	0.0293224	0.0269242	0.0155865	0.0626191	0.00470108	0.0448056	0.0225569	0.0290926	0.0241301	0.0280276	0.00760435	0.00935499
137	0.00173861	0.00651129	0.000429311	0.000589191	0.370211	0.00431985	0.00809073	0.00467106	0.000776699	0.0129822	0.00609784	0.00397164	0.000423874	0.000935694	0.000818288	0.00408092	0.00429437	0.00157585	0.00610905	0.561373
138	0.00712443	0.00430356	0.00373236	0.00158051	0.00170584	0.932857	0.00387715	0.0021036	0.00125942	0.00351402	0.0020311	0.0081305	0.000499151	0.00281434	0.00221168	0.0134047	0.00366309	0.00264124	0.000778926	0.00176756
139	0.0667228	0.0139348	0.00967019	0.0344022	0.0245458	0.0215824	0.0137052	0.0503648	0.0558122	0.175784	0.0348125	0.0149228	0.287825	0.0277874	0.0457483	0.0409961	0.0233782	0.0330409	0.0130233	0.0119407
140	0.00153775	0.00742819	0.000385311	0.000537814	0.398541	0.0035445	0.00862317	0.00472875	0.000619907	0.013878	0.00687943	0.00424909	0.000381727	0.000788766	0.000769855	0.00424103	0.00439203	0.00132085	0.00674255	0.53041
141	0.473404	0.0213023	0.00108301	0.0012981	0.00180072	0.250558	0.00171374	0.0110191	0.00170357	0.0221853	0.00642013	0.00181205	0.00221399	0.0141785	0.0281214	0.0853727	0.0563695	0.00964437	0.000814249	0.00898576
142	0.00434768	0.0040753	0.00123338	0.00127975	0.749856	0.00154933	0.0055119	0.0181029	0.00178634	0.0355257	0.0297357	0.00189794	0.0012784	0.00230467	0.00206395	0.00355846	0.00363776	0.00599958	0.0865204	0.0397351
143	0.0171435	0.00865873	0.000907733	0.0012431	0.0168942	0.00119411	0.00494954	0.158269	0.00472787	0.511368	0.115918	0.00260957	0.000978372	0.00511216	0.00654483	0.00311834	0.0053088	0.129015	0.00475448	0.00128443
144	0.00821767	0.00119436	0.679241	0.148457	0.00128195	0.00112861	0.00933923	0.00546718	0.00995219	0.00258099	0.00380672	0.0687129	0.00061626	0.0240643	0.00507627	0.0102858	0.0111095	0.00597151	0.000717275	0.00277849
145	0.124028	0.00156868	0.120729	0.0846063	0.00843755	0.117555	0.0349019	0.0123499	0.0563022	0.0245746	0.0082655	0.106861	0.00194241	0.0512357	0.0623734	0.0893366	0.0526859	0.0244208	0.00160177	0.0162245
146	0.00152359	0.00743222	0.000375327	0.000529607	0.398451	0.00355523	0.00851534	0.00474082	0.00060995	0.0138912	0.0068835	0.00426101	0.000381738	0.000786568	0.000769505	0.00425498	0.00438838	0.0013129	0.00671517	0.530622
147	0.00565005	0.00185579	0.59925	0.0764181	0.00193903	0.00173973	0.018348	0.0144639	0.037104	0.00374029	0.0118536	0.108819	0.000813984	0.0389214	0.0197229	0.0138323	0.014261	0.0202366	0.000956717	0.0100738
148	0.125749	0.00521039	0.0216185	0.0893883	0.0261986	0.00505061	0.00569348	0.0270565	0.0495006	0.0925294	0.00738189	0.00464891	0.340097	0.00488055	0.00505466	0.0698971	0.0263225	0.0282126	0.0611969	0.00431263
149	0.109582	0.0010664	0.143116	0.0837463	0.0043829	0.138958	0.0306568	0.00905439	0.0669614	0.0146118	0.00234115	0.135263	0.00219015	0.0405648	0.0629474	0.0847756	0.0433069	0.0147911	0.000481246	0.011204
150	0.0115241	0.00184477	0.00884002	0.00103794	0.376904	0.001498	0.154567	0.00234269	0.0226785	0.00353184	0.0153797	0.00195711	0.000740574	0.011012	0.0017293	0.00290321	0.0213645	0.0100684	0.075896	0.27418
151	0.0249455	0.00993737	0.000377734	0.000446369	0.00710755	0.000565576	0.000600802	0.345674	0.00052159	0.0162698	0.0351995	0.000605073	0.000277099	0.00387536	0.000715639	0.00514273	0.0341498	0.512813	0.000234461	0.000540256
152	0.0957392	0.101399	0.00614422	0.00691454	0.0525598	0.095603	0.00965745	0.0136655	0.00699121	0.0260268	0.0145882	0.00852999	0.25878	0.0113008	0.0115805	0.193949	0.0148323	0.0188104	0.00485946	0.0480679
153	0.0589255	0.0209452	0.0301769	0.0189354	0.0131889	0.0353498	0.0545668	0.0153845	0.0272024	0.0206934	0.01502	0.255104	0.00701574	0.0316579	0.029817	0.225771	0.101285	0.0259399	0.00383725	0.00918279
154	0.0130024	0.0122172	0.00782646	0.00850204	0.00277523	0.00285405	0.0243313	0.00796571	0.0465991	0.0432536	0.0105126	0.0151578	0.000907878	0.0253785	0.681311	0.0371851	0.0139226	0.0167795	0.00539475	0.0241226
155	0.0112253	0.00787684	0.00332308	0.00429885	0.305687	0.0063982	0.0356352	0.0145253	0.00643691	0.0204161	0.0102202	0.00884981	0.00188539	0.00777749	0.00984524	0.0101937	0.0121732	0.011687	0.0223901	0.489155
156	0.27317	0.0958427	0.00949281	0.00149915	0.00291359	0.0307409	0.0100646	0.00259101	0.0109512	0.0208041	0.0195082	0.00205452	0.00107313	0.0023242	0.0867973	0.328506	0.086169	0.0129818	0.000878035	0.00163833
157	0.00152359	0.00743222	0.000375327	0.000529607	0.398451	0.00355523	0.00851534	0.00474082	0.00060995	0.0138912	0.0068835	0.00426101	0.000381738	0.000786568	0.000769505	0.00425498	0.00438838	0.0013129	0.00671517	0.530622
158	0.110659	0.00103522	0.142526	0.0844524	0.00439359	0.140446	0.0299239	0.0093185	0.0663647	0.0146853	0.00239757	0.134107	0.00221645	0.0405202	0.0630307	0.0847703	0.0427847	0.0147247	0.000486193	0.011158
159	0.100842	0.00276619	0.00250089	0.0155757	0.0172547	0.0153862	0.0293204	0.00434991	0.103032	0.0191473	0.0261115	0.321357	0.0010935	0.10877	0.172268	0.0187897	0.0193872	0.0180423	0.00149384	0.00251186
160	0.0413915	0.00834159	0.019389	0.094432	0.0174255	0.0138221	0.0519104	0.0149935	0.0359412	0.0315028	0.0294935	0.0208741	0.0115441	0.48794	0.0324197	0.0294093	0.026025	0.018286	0.00420354	0.0106556
161	0.335638	0.0212801	0.00413644	0.00637568	0.0111751	0.0532231	0.0066879	0.0143094	0.00639603	0.0367094	0.0141014	0.0064768	0.18987	0.00917215	0.0149009	0.05406	0.0251242	0.179776	0.00414169	0.00644568
162	0.077914	0.00522208	0.0902842	0.103092	0.00707057	0.0416868	0.0383645	0.00792263	0.122146	0.0410188	0.0222249	0.0448307	0.0154006	0.117021	0.112905	0.0759303	0.0422469	0.0142509	0.000744508	0.0197238
163	0.0304732	0.00817626	0.000390182	0.000456926	0.00696486	0.000520186	0.000642993	0.381554	0.000570544	0.0160581	0.0603209	0.000688926	0.000257311	0.00217526	0.000759085	0.00460062	0.0228114	0.461768	0.000280112	0.00053068
164	0.487764	0.0598897	0.000846762	0.000844403	0.0110591	0.0848034	0.00143476	0.0398563	0.00145176	0.0603037	0.0486234	0.00708799	0.00143091	0.00401668	0.0134523	0.0535336	0.0281725	0.0930974	0.000743963	0.00158788
165	0.0311606	0.00302738	0.00167009	0.0145054	0.0412827	0.00254579	0.113891	0.0171503	0.0672787	0.288861	0.0299758	0.0287585	0.00136182	0.141623	0.0871419	0.00435723	0.00441574	0.017553	0.0148712	0.0885685
166	0.00964942	0.0231752	0.00330829	0.00273715	0.328713	0.00352745	0.018647	0.0291823	0.00460983	0.0163514	0.01374	0.00480077	0.00256528	0.0051491	0.00493668	0.00682201	0.00746479	0.00869233	0.406801	0.099128
167	0.0519261	0.0206601	0.0777604	0.0325946	0.0170366	0.0353549	0.0437643	0.0205971	0.0370605	0.0301402	0.0217651	0.309557	0.00781161	0.0462957	0.0469335	0.0879181	0.058086	0.0324038	0.0062557	0.0160783
168	0.0140517	0.280482	0.00320822	0.00369017	0.00753654	0.00509839	0.00592393	0.12102	0.00481866	0.338149	0.0612477	0.00616114	0.0023772	0.00606311	0.00641829	0.0095618	0.00984132	0.107104	0.0027831	0.00446393
169	0.151478	0.00513527	0.0267577	0.0785079	0.0245185	0.0477446	0.0330492	0.0286845	0.0419308	0.0927511	0.0349581	0.0361209	0.000378677	0.0969588	0.0549655	0.118566	0.0563161	0.0356039	0.0054916	0.0300831
170	0.143008	0.105209	0.00228498	0.00313648	0.00436978	0.00395515	0.00568616	0.00983764	0.164999	0.0133982	0.0617522	0.00474071	0.00233863	0.0493295	0.332722	0.00758767	0.00862569	0.0504068	0.00322434	0.0233884
171	0.00575035	0.00285674	0.000316992	0.000423242	0.0784415	0.000581504	0.000467761	0.0323946	0.000535774	0.823014	0.0166609	0.000551624	0.00023419	0.000639112	0.00294432	0.00092686	0.00303218	0.0250897	0.00469263	0.00044572
172	0.550012	0.026581	0.000644352	0.000826154	0.00297316	0.154271	0.00110026	0.0219933	0.0010821	0.0360451	0.0165233	0.00191177	0.00172925	0.0113634	0.0212262	0.0683119	0.0428017	0.0357145	0.000572447	0.00431719
173	0.0920119	0.00164754	0.0701157	0.12214	0.00473608	0.0389297	0.0357594	0.0155677	0.0822021	0.0358934	0.0168701	0.0571854	0.00553183	0.148562	0.0796397	0.0746987	0.0706918	0.0319389	0.00394747	0.0119305
174	0.635625	0.0318066	0.000587952	0.00111045	0.00182777	0.0294371	0.00405618	0.00188933	0.00325214	0.00194989	0.00192759	0.00308919	0.0101778	0.00618228	0.001043	0.204692	0.0434667	0.0163714	0.000587085	0.000920506
175	0.00709652	0.00273409	0.000310942	0.000509298	0.0572171	0.00063094	0.000661003	0.071273	0.0012816	0.748398	0.0396399	0.000780079	0.000560779	0.00148437	0.00299634	0.00114074	0.00280376	0.0560547	0.00392379	0.000503202
176	0.151393	0.00512001	0.0267593	0.0785124	0.0245293	0.0476799	0.0329846	0.0287066	0.0419845	0.0926734	0.034882	0.0360238	0.000378671	0.0969145	0.0549408	0.119032	0.0564064	0.0355788	0.00548061	0.0300196
177	0.13553	0.0122862	0.0717884	0.0808066	0.00803334	0.0357681	0.0292209	0.0044114	0.149988	0.0480164	0.0257321	0.0355615	0.0128818	0.103669	0.140265	0.0540534	0.0264603	0.00887512	0.000456021	0.0161957
178	0.0540123	0.0155681	0.0238549	0.0277889	0.00533535	0.0103836	0.0268937	0.0168585	0.158901	0.0472642	0.0136934	0.0344362	0.0289031	0.0532432	0.345303	0.0497957	0.050571	0.0203146	0.00544148	0.0114378
179	0.00567612	0.00270197	0.000287254	0.000389075	0.0760555	0.000454978	0.000460129	0.0326789	0.000473744	0.825239	0.0168714	0.00051729	0.000192611	0.000549542	0.00288755	0.00088794	0.00303824	0.0254794	0.00473436	0.000425158
180	0.011732	0.00523611	0.00357069	0.00180437	0.00232764	0.917091	0.0045691	0.00364188	0.00160555	0.00461842	0.00308987	0.00776984	0.00171238	0.00303222	0.00278597	0.0135766	0.00395798	0.00416794	0.0013438	0.00236669
181	0.00572998	0.00286451	0.000300716	0.000399649	0.0773049	0.000467057	0.000471224	0.0322874	0.000503805	0.824613	0.016711	0.000522919	0.00021202	0.000575336	0.00287306	0.000897417	0.00304747	0.0250715	0.00470249	0.000444909
182	0.504256	0.053031	0.000605125	0.000671942	0.0092722	0.0612406	0.000981392	0.0401824	0.00113859	0.0676084	0.0434102	0.00424534	0.00144398	0.00368609	0.0163568	0.0609022	0.0327802	0.0963628	0.000569405	0.00125561
183	0.0125123	0.00162296	0.649089	0.142235	0.00167884	0.0031261	0.0108794	0.00698922	0.0147635	0.00331701	0.00475487	0.0736937	0.000711821	0.0268127	0.00762714	0.0141828	0.0130555	0.00833583	0.000867056	0.00374509
184	0.00547582	0.00485767	0.00377265	0.000730437	0.419392	0.00210111	0.064677	0.00407599	0.00919135	0.00943346	0.0172749	0.00298719	0.000508222	0.00473458	0.00109032	0.00343935	0.00997008	0.00475482	0.0503067	0.381226
185	0.0130848	0.00704989	0.00242515	0.00326697	0.00514515	0.00420804	0.0855562	0.00747722	0.00412898	0.0099459	0.00591364	0.0473262	0.0222673	0.0203099	0.00427793	0.194053	0.527886	0.0290885	0.00250217	0.00408661
186	0.0302632	0.0633678	0.00215724	0.00268485	0.00429344	0.0215483	0.00404862	0.137156	0.0231603	0.226114	0.0483443	0.0893894	0.0207538	0.0848798	0.119486	0.00697111	0.0634402	0.027741	0.0203177	0.00388313
187	0.0725378	0.100034	0.00224536	0.0024846	0.0459574	0.0198352	0.00381429	0.0365047	0.00375923	0.0423451	0.0141686	0.00673416	0.00165798	0.00459746	0.00387125	0.172411	0.380156	0.0802433	0.00296638	0.00367671
188	0.00399927	0.00343684	0.0011541	0.00131039	0.768675	0.00154517	0.00350549	0.0176951	0.00147035	0.0382602	0.0297081	0.00183646	0.000938492	0.00216628	0.00211242	0.00306204	0.00316379	0.00574047	0.0739994	0.0362201
189	0.00656328	0.011552	0.00688621	0.00653463	0.00142867	0.00165052	0.0207064	0.00744406	0.0380707	0.0414084	0.00881011	0.0148789	0.000710542	0.0221898	0.720033	0.0398569	0.0134763	0.012656	0.004725	0.020419
190	0.149993	0.00544055	0.0284749	0.0781977	0.0237055	0.0468689	0.0331002	0.0280512	0.0451308	0.0927576	0.034249	0.0362529	0.000763806	0.0975111	0.0582859	0.116215	0.0557348	0.0346862	0.00522239	0.029358
