370	20
1	0.0401775	0.00502508	0.000399656	0.000793488	0.0825822	0.00574244	0.000605946	0.220407	0.000483572	0.413524	0.00771511	0.00101825	0.00150393	0.000863644	0.000777826	0.00334168	0.0118822	0.20109	0.000597441	0.00146883
2	0.0112613	0.00224019	0.000120036	0.00186215	0.0251018	0.00215582	0.00034718	0.381926	0.000196212	0.219354	0.0223845	0.00108176	0.00278962	0.000532524	0.00123256	0.00966915	0.034153	0.277023	0.000409732	0.00615962
3	0.123555	0.00770675	0.00384935	0.00295161	0.00136237	0.753878	0.000436632	0.00186468	0.000455829	0.00249132	0.0011602	0.00760013	0.00253257	0.00169759	0.00192744	0.0750606	0.0058817	0.00468419	0.000242151	0.000661846
4	0.0500145	0.000229814	0.0183578	0.0509122	0.00348105	0.0231376	0.0437143	0.00696701	0.214153	0.0192608	0.00225723	0.0388243	0.0178353	0.0572718	0.341736	0.0452152	0.0416742	0.0156077	0.000194798	0.00915605
5	0.0569838	0.000786024	0.016674	0.013265	0.00647014	0.00889782	0.00795176	0.0208372	0.0131327	0.00597175	0.00217432	0.00770353	0.643248	0.0147375	0.0255182	0.0740439	0.057135	0.0146139	0.00057072	0.00928472
6	0.0214707	0.00201914	0.00252423	0.00304939	0.0342252	0.00871293	0.00376667	0.140183	0.0393744	0.412319	0.0910577	0.00621703	0.0179021	0.0134677	0.0712749	0.0125096	0.0175265	0.0855056	0.00349999	0.0133946
7	0.0556724	0.000252613	0.0254278	0.057238	0.00366082	0.0307052	0.0504063	0.00871315	0.186425	0.0181103	0.00122136	0.0426934	0.0192518	0.056443	0.315359	0.0554457	0.0454984	0.0168084	0.000189387	0.0104781
8	0.0884238	0.00301512	0.00476455	0.0243227	0.0712051	0.0358902	0.00572351	0.102446	0.0292316	0.124518	0.0567	0.00774555	0.00494262	0.0258624	0.0353575	0.0238547	0.119637	0.166439	0.0249898	0.0449309
9	0.126083	0.00635501	0.00385559	0.00300702	0.00114247	0.765089	0.000403832	0.00166659	0.000446059	0.00183005	0.000926267	0.00768638	0.0021591	0.00176692	0.00189631	0.0664555	0.00469706	0.00362775	0.000243304	0.000662832
10	0.0383833	0.00757394	0.00280554	0.00414359	0.0678047	0.02007	0.0175349	0.0843272	0.00428227	0.547417	0.0475833	0.00335262	0.00393809	0.00558275	0.00490946	0.0266074	0.020797	0.0491495	0.03517	0.00856722
11	0.221739	0.00207789	0.00349846	0.00352807	0.0330156	0.0650211	0.00222269	0.0721196	0.00318444	0.0232964	0.00944603	0.00461052	0.2999	0.00480614	0.00545007	0.0876773	0.05526	0.0804325	0.0134421	0.00927204
12	0.0426944	0.00412149	0.000313257	0.000404213	0.00999526	0.0130637	0.00119872	0.326615	0.000382278	0.108728	0.0734593	0.00185757	0.000675377	0.00145252	0.000606715	0.0101501	0.0277432	0.374831	0.000248246	0.00145967
13	0.0328105	0.00315524	0.00352922	0.0038026	0.125139	0.0142742	0.00334947	0.0525754	0.00163962	0.464345	0.173914	0.00187338	0.00433316	0.00613114	0.00275093	0.0124067	0.0145368	0.0587137	0.00329009	0.0174295
14	0.448404	0.0182143	0.00176274	0.00101917	0.018907	0.122125	0.00052631	0.00805297	0.000598618	0.0125625	0.00345418	0.00273574	0.00802399	0.00110951	0.0018729	0.283543	0.041527	0.0222476	0.0004546	0.00285812
15	0.314363	0.00933218	0.00204696	0.00328994	0.0242289	0.0972289	0.00225234	0.0326739	0.00212816	0.0365794	0.00940533	0.00855131	0.102247	0.00451826	0.00433559	0.236024	0.0445115	0.0530181	0.00705877	0.00620572
16	0.0611746	0.0034334	0.343755	0.0829538	0.0143856	0.0802998	0.030118	0.0147994	0.03415	0.0198646	0.0125348	0.0393258	0.00875767	0.0506196	0.0363803	0.0690671	0.0587638	0.0265595	0.00251326	0.0105437
17	0.443655	0.028315	0.00248485	0.00347942	0.0321986	0.095599	0.0021387	0.0205216	0.00248189	0.0978265	0.0243706	0.0224623	0.0853381	0.00471233	0.00445625	0.0337931	0.0252853	0.0634911	0.00244684	0.00494389
18	0.0251145	0.000455047	0.000248395	0.00216598	0.0170824	0.00623516	0.000403257	0.167004	0.000538199	0.544565	0.104582	0.00325354	0.000349337	0.000937107	0.00078642	0.00298554	0.00960305	0.106976	0.000699391	0.00601581
19	0.399092	0.019588	0.00248093	0.00153978	0.00612237	0.0961162	0.00115995	0.0067039	0.00098324	0.00599074	0.00391126	0.00444832	0.00754567	0.0021925	0.00335952	0.372436	0.0448452	0.0188473	0.000670796	0.00196604
20	0.265655	0.0108751	0.00475406	0.0085538	0.010244	0.043022	0.00604384	0.0173004	0.00610812	0.0231948	0.0138758	0.0223364	0.00695928	0.0148235	0.0138855	0.444781	0.0509387	0.0287241	0.00173104	0.00619387
21	0.101026	0.0227966	0.000820424	0.00261849	0.0235444	0.0187662	0.0012389	0.197772	0.00131715	0.0536565	0.0259254	0.00542986	0.00147561	0.00254919	0.00196452	0.103622	0.129622	0.302226	0.00103081	0.00259837
22	0.506282	0.0207227	0.00158467	0.000465971	0.0046457	0.0698076	0.000294243	0.00384551	0.000289925	0.00265802	0.00286674	0.00190628	0.00384682	0.000966336	0.00125022	0.310706	0.0469789	0.0193805	0.00026614	0.001236
23	0.0291478	0.00256744	0.00229738	0.00617625	0.212425	0.00464146	0.0208286	0.0187396	0.00401871	0.0221023	0.00716998	0.00386022	0.00426655	0.00258317	0.0206017	0.0153111	0.0138852	0.0202803	0.0231404	0.565957
24	0.120636	0.00639284	0.00411886	0.00298562	0.00169009	0.768766	0.000394176	0.00172974	0.000442539	0.00257056	0.00092346	0.00751804	0.00217193	0.00179413	0.00183751	0.0657972	0.00522097	0.00410274	0.000226706	0.000681121
25	0.0610877	0.000921079	0.0130601	0.0098755	0.00507437	0.0122522	0.00584918	0.0275675	0.00977853	0.00612227	0.0023672	0.00630499	0.650012	0.0109792	0.0194313	0.0731985	0.0639219	0.0143223	0.00063113	0.00724329
26	0.062735	0.00186653	0.114027	0.422226	0.00795816	0.021924	0.00915724	0.00695815	0.0219251	0.0131622	0.0170457	0.0159655	0.0237772	0.151324	0.0144041	0.0386638	0.0253574	0.0258387	0.00124822	0.00443708
27	0.0876068	0.00241757	0.0280957	0.544571	0.00819834	0.0134104	0.00243244	0.00858759	0.00315724	0.0133929	0.0253179	0.00408136	0.0105717	0.152837	0.00396263	0.0428178	0.0129344	0.0301825	0.00127696	0.00414844
28	0.0491036	0.00442164	0.00043941	0.00110919	0.0134945	0.0135306	0.00178081	0.319491	0.000799559	0.104335	0.0867521	0.00212732	0.000579117	0.00216472	0.00113358	0.0142772	0.0354106	0.346984	0.000511388	0.00155533
29	0.0643771	0.00525899	0.000406844	0.000490387	0.0905388	0.0290157	0.000415588	0.104557	0.000317298	0.408018	0.119315	0.00040094	0.000995234	0.000548911	0.000507367	0.00881372	0.0259356	0.120066	0.00390267	0.0161187
30	0.0676205	0.00128065	0.00121	0.00265407	0.0079862	0.0345762	0.0124476	0.153867	0.0204304	0.360922	0.0731817	0.00250248	0.00251577	0.00272303	0.0466217	0.0368141	0.0779944	0.0331108	0.0161186	0.0454226
31	0.115884	0.00193588	0.00896728	0.0470313	0.00426966	0.009558	0.00560512	0.162658	0.0214994	0.0492892	0.0454341	0.0021186	0.00529724	0.0141082	0.0191654	0.0238063	0.104115	0.355563	0.00121876	0.00247511
32	0.0391016	0.00700086	0.00243312	0.00399115	0.0600456	0.0187855	0.0133387	0.0774082	0.00442996	0.560752	0.0537056	0.00479088	0.00384948	0.005798	0.0069656	0.0457895	0.0221024	0.0539874	0.00962665	0.0060978
33	0.044527	0.00459194	0.000243316	0.000528272	0.0129969	0.00954838	0.000605003	0.32146	0.000281153	0.117849	0.042136	0.00279538	0.00116184	0.000700854	0.000891247	0.0129032	0.0329087	0.39123	0.000355804	0.00228629
34	0.497789	0.00436283	0.000657183	0.000845404	0.0072457	0.0652838	0.000675484	0.00667917	0.000736004	0.0105537	0.00533229	0.000959363	0.00111061	0.00190084	0.00190867	0.16594	0.157885	0.0669881	0.000521991	0.0026252
35	0.164502	0.00581218	0.000397222	0.000624732	0.0346069	0.0801876	0.000670603	0.206024	0.000612592	0.251904	0.0172103	0.000666233	0.00268618	0.000611258	0.000896532	0.00897931	0.0279587	0.193779	0.00121048	0.000661096
36	0.424842	0.0228799	0.000582091	0.000803141	0.0653736	0.103636	0.000748719	0.0238255	0.000673196	0.106207	0.0612168	0.00324831	0.0142556	0.000980695	0.0011439	0.0441749	0.0454311	0.0749058	0.000557446	0.0045143
37	0.0297016	0.00838878	0.000298206	0.000881614	0.0172764	0.00946392	0.000378492	0.30219	0.000439288	0.0975285	0.0293949	0.00354446	0.00138221	0.000619453	0.0011031	0.016234	0.0601968	0.416829	0.000611014	0.00353783
38	0.147923	0.00446581	0.000359474	0.00100831	0.0350021	0.0476934	0.000381644	0.218078	0.000486304	0.192024	0.0230958	0.00102035	0.00527896	0.000683732	0.00105199	0.00973133	0.0307657	0.276126	0.00226589	0.00255897
39	0.169359	0.012425	0.00022664	0.000736655	0.0597795	0.0650316	0.000124086	0.179751	0.000137799	0.187189	0.0216927	0.000321493	0.00142904	0.000174613	0.00062444	0.0315423	0.0489273	0.216993	0.00182433	0.0017097
40	0.0679873	0.0116844	0.000786494	0.00293624	0.0754263	0.0152347	0.000750312	0.203458	0.00070218	0.18165	0.0276564	0.00241761	0.00205932	0.00135763	0.00163864	0.0458455	0.07602	0.273361	0.00446366	0.00456559
41	0.0313243	0.000575732	0.000258812	0.00160419	0.0245831	0.00919727	0.000492895	0.145336	0.000545443	0.530827	0.125585	0.00241904	0.000328922	0.00073448	0.00059918	0.00371542	0.0120827	0.103629	0.000886871	0.00527452
42	0.129915	0.0115302	0.000445082	0.000368086	0.103593	0.0573585	0.000277147	0.152265	0.000162166	0.271824	0.0324456	0.00029759	0.00151883	0.000243323	0.000443967	0.0179267	0.0353748	0.174057	0.00270353	0.00725012
43	0.0790387	0.00760085	0.000256046	0.00102181	0.0300761	0.0178735	0.000350907	0.255881	0.000267543	0.121086	0.0385013	0.00598249	0.00108215	0.000767253	0.0018507	0.0270514	0.057339	0.3502	0.00153011	0.00224356
44	0.0282528	0.00335682	0.000222987	0.00149831	0.0443717	0.00567481	0.000470643	0.309787	0.000355569	0.268564	0.0210139	0.00116721	0.00311107	0.000955614	0.0012382	0.0077152	0.0261054	0.268339	0.00168284	0.00611657
45	0.235437	0.0131389	0.000480085	0.00465666	0.00692348	0.0439	0.00116943	0.148651	0.00101784	0.017554	0.0202817	0.00655816	0.00114716	0.00134544	0.00120259	0.101383	0.160574	0.232654	0.000494257	0.00143167
46	0.0936475	0.00944436	0.000818602	0.000470547	0.0960491	0.0405793	0.000431548	0.115735	0.000366288	0.369967	0.0781793	0.000372524	0.001234	0.000382502	0.000499838	0.0172464	0.0363956	0.125082	0.00306827	0.0100298
47	0.413123	0.030919	0.00222226	0.000792751	0.00635423	0.0937193	0.000602822	0.00389919	0.00041723	0.00348556	0.00369491	0.00278717	0.00676891	0.00113476	0.00157403	0.359812	0.0486475	0.0185252	0.000468713	0.00105155
48	0.0251674	0.00259451	0.00212338	0.00577333	0.222884	0.00474851	0.0212052	0.017919	0.00417541	0.0215607	0.00608362	0.00711842	0.00407123	0.00209068	0.0203148	0.0142204	0.0138091	0.019998	0.0223859	0.561757
49	0.0447709	0.00128758	0.00108994	0.0109688	0.0157058	0.00583802	0.00946551	0.0994891	0.0510099	0.0745372	0.0378775	0.0304964	0.00645693	0.0904827	0.248425	0.134304	0.0524653	0.0768378	0.0015028	0.00698885
50	0.0446881	0.00361252	0.103443	0.102021	0.027204	0.0306536	0.0292854	0.0191331	0.045019	0.0385449	0.0950373	0.0526108	0.0170511	0.123431	0.0792946	0.0725248	0.0355639	0.0292184	0.00360929	0.0480544
51	0.0394882	0.0112594	0.000621455	0.000993725	0.0131462	0.0187178	0.000613062	0.259591	0.000659072	0.0630098	0.0388985	0.00943072	0.000832458	0.000931029	0.00128092	0.0202605	0.0820547	0.436741	0.000340024	0.00113089
52	0.0256006	0.00333641	0.000281129	0.00115434	0.0156603	0.00637519	0.000657963	0.356307	0.000471258	0.132199	0.0384795	0.00189896	0.00173026	0.000921846	0.00126083	0.00927979	0.0294573	0.36869	0.000395757	0.00584218
53	0.0451729	0.00288708	0.0175639	0.0507006	0.0129518	0.0161351	0.114679	0.010753	0.179595	0.0178306	0.00156929	0.0770222	0.0154517	0.0339118	0.292428	0.0340065	0.0276689	0.0184006	0.000374008	0.0308988
54	0.151001	0.00246599	0.00394819	0.0116559	0.0129883	0.0317107	0.0632968	0.0545343	0.00694538	0.0560387	0.0155798	0.0867701	0.00328739	0.0322231	0.0420203	0.222256	0.100914	0.0821067	0.00155231	0.0187045
55	0.0102121	0.00235765	0.00160488	0.00191431	0.324433	0.00244375	0.0242986	0.0212072	0.0042511	0.0246135	0.00573469	0.00100328	0.00420592	0.000755395	0.0113318	0.0145003	0.0135125	0.0228279	0.0235227	0.485269
56	0.0646156	0.00114761	0.0139122	0.0102528	0.00595357	0.0128016	0.00642653	0.0250574	0.0103237	0.00684456	0.00279842	0.00643212	0.628969	0.0116892	0.0200501	0.0748386	0.0735161	0.0156852	0.000864208	0.00782105
57	0.0430705	0.000490759	0.110729	0.0683086	0.0117357	0.0688583	0.0819463	0.00476524	0.052547	0.0144659	0.00975329	0.11042	0.000744571	0.0759148	0.0768814	0.175438	0.0694541	0.00958433	0.000346332	0.014546
58	0.137351	0.00597377	0.00798776	0.00865456	0.00300618	0.673186	0.00280573	0.00504633	0.00378834	0.00499727	0.00235963	0.0123069	0.00347354	0.00501936	0.00881394	0.0893851	0.0142604	0.00838841	0.000851149	0.00234485
59	0.119466	0.00640241	0.0066677	0.0031429	0.00132752	0.768388	0.000439681	0.00170571	0.000503887	0.00191133	0.00113286	0.00751427	0.00219578	0.00174466	0.00193129	0.0654478	0.00518718	0.00387634	0.000270667	0.000743539
60	0.124414	0.00672569	0.00383313	0.00298331	0.00134253	0.7589	0.000445862	0.00202898	0.000610116	0.00212006	0.000986018	0.00747783	0.00248202	0.00178234	0.00187373	0.0709256	0.00590737	0.00412889	0.000313251	0.000719683
61	0.455458	0.0188995	0.00465483	0.0015927	0.00428816	0.0761621	0.000757446	0.00516621	0.000815493	0.00339153	0.00278878	0.00404407	0.00533821	0.00175928	0.0023877	0.345804	0.0480833	0.0167351	0.000486738	0.00138658
62	0.0107748	0.00232988	0.00162979	0.0018609	0.319563	0.00242054	0.023805	0.0216107	0.00421992	0.025494	0.0054226	0.000951805	0.00429631	0.000814479	0.0114852	0.0145331	0.0139373	0.0230078	0.0233677	0.488475
63	0.0928205	0.00149294	0.0107883	0.0473712	0.0071199	0.0127031	0.00810192	0.161387	0.0227065	0.0731746	0.0498876	0.00290128	0.00661071	0.0209551	0.0262077	0.0277376	0.09983	0.322091	0.00230172	0.00381073
64	0.0551894	0.00736025	0.00043403	0.00179264	0.0221076	0.0141214	0.000578226	0.28589	0.000741527	0.113981	0.0344919	0.00305807	0.0017501	0.00118145	0.00152049	0.0178822	0.0523723	0.379441	0.00236791	0.00373818
65	0.505021	0.00505192	0.000589874	0.000730988	0.0068444	0.0514279	0.000593654	0.00711083	0.000658824	0.00964432	0.00598454	0.000730241	0.000807078	0.00201043	0.00173498	0.17277	0.154933	0.0706021	0.000425266	0.00232841
66	0.0435139	0.00135557	0.0117523	0.0134113	0.0122484	0.0836296	0.0413252	0.0132186	0.0722953	0.035797	0.0186054	0.050837	0.00200512	0.0290781	0.162891	0.242264	0.132115	0.027154	0.00160203	0.00490052
67	0.0663958	0.0012973	0.137774	0.284873	0.00373194	0.00625813	0.0351239	0.00414504	0.105613	0.00755546	0.00395499	0.0169082	0.00511583	0.07359	0.0574548	0.0153489	0.133685	0.0380413	0.00090948	0.00222453
68	0.0543463	0.000450189	0.113216	0.0860035	0.0095743	0.03586	0.0622054	0.00599746	0.091032	0.0195761	0.0080859	0.0852142	0.00492776	0.0720869	0.131849	0.123778	0.0705785	0.0136082	0.000349638	0.0112607
69	0.0326428	0.013321	0.0019055	0.00198862	0.105448	0.0221032	0.0339904	0.0977027	0.00198237	0.57311	0.0240248	0.00194916	0.00228782	0.00301019	0.00279887	0.0262395	0.00931616	0.0239434	0.0179621	0.00427329
70	0.0721394	0.00309225	0.0228301	0.0187291	0.00631489	0.437959	0.0323261	0.00573219	0.0183538	0.0103976	0.00632343	0.053237	0.00206268	0.0299594	0.0496113	0.170634	0.040628	0.0119802	0.00058576	0.00710368
71	0.264335	0.00206796	0.00136427	0.00230447	0.048644	0.0698231	0.00164383	0.0724135	0.0016796	0.0303576	0.0145604	0.0042752	0.18218	0.00351826	0.00261003	0.095509	0.0669589	0.099404	0.0227473	0.0136044
72	0.205268	0.0145089	0.00412161	0.00252324	0.00417114	0.535555	0.000515488	0.00266888	0.000485879	0.00283226	0.00181921	0.00727631	0.00787066	0.00143032	0.00202909	0.179361	0.0175471	0.00857404	0.000498788	0.000943454
73	0.0489353	0.00160092	0.0022215	0.00805521	0.024896	0.00877774	0.00313194	0.216393	0.00522665	0.270299	0.0843186	0.00386818	0.0025779	0.0185888	0.010375	0.0100877	0.0286065	0.235831	0.00236848	0.0138404
74	0.0427368	0.00936271	0.000270216	0.00052883	0.0157856	0.0120461	0.000274682	0.274524	0.00034806	0.0889929	0.0338026	0.00430113	0.000646617	0.000488195	0.000853375	0.0192327	0.0621597	0.432125	0.000278097	0.00124309
75	0.277675	0.0144778	0.000952602	0.0038469	0.0238616	0.0461229	0.00275653	0.0682558	0.001584	0.0608605	0.0562966	0.00690291	0.00404903	0.00383222	0.00367498	0.141579	0.1356	0.141641	0.00137531	0.0046558
76	0.121187	0.00644875	0.0038386	0.00297695	0.00103294	0.771469	0.000389691	0.00151633	0.000445735	0.00178853	0.000903559	0.00757714	0.00214091	0.00175669	0.00183897	0.0656105	0.00461797	0.00357966	0.000230645	0.000650577
77	0.459459	0.022192	0.00181491	0.000470105	0.00484462	0.0772803	0.000279653	0.00380497	0.000279546	0.00283003	0.00322696	0.00232288	0.00474082	0.00108958	0.00149212	0.332524	0.0557576	0.0240293	0.000329929	0.00123186
78	0.540111	0.0160773	0.00175382	0.000444577	0.00388177	0.061474	0.00030049	0.00306849	0.000269305	0.00232792	0.00188824	0.00202941	0.00307943	0.000895904	0.00107952	0.308415	0.0390677	0.0123686	0.000262277	0.00120457
79	0.0400079	0.00702004	0.00216135	0.00266839	0.0581988	0.0198316	0.014821	0.0696694	0.00352823	0.578404	0.0547818	0.00344462	0.00401159	0.00417752	0.00508025	0.0534695	0.0197957	0.0434195	0.00959195	0.00591671
80	0.0497189	0.000603459	0.000210282	0.000473875	0.0429843	0.0107367	0.000218048	0.088404	0.000361235	0.48022	0.187317	0.000378159	0.000266622	0.000463641	0.000349114	0.00581607	0.0210313	0.102208	0.00116369	0.00707533
81	0.0331605	0.00700024	0.000198698	0.000483033	0.0156449	0.00866719	0.000297347	0.302656	0.000256041	0.101055	0.0349086	0.00462081	0.00094337	0.00043176	0.0010929	0.0154379	0.0452587	0.424067	0.00013692	0.00368317
82	0.0715146	0.00478827	0.274214	0.0239344	0.0117223	0.325639	0.0199795	0.0133591	0.0178198	0.0252175	0.0103314	0.0262964	0.00497583	0.0268996	0.0224335	0.0476841	0.0415353	0.0212569	0.00240267	0.00799517
83	0.0673565	0.0040873	0.00301208	0.0106339	0.132099	0.00977959	0.0213774	0.0243904	0.00484643	0.0296485	0.0134516	0.00853766	0.00562182	0.00546731	0.0303533	0.0255857	0.0235541	0.0314768	0.0244092	0.524312
84	0.0375964	0.0119494	0.000423228	0.00147918	0.0129433	0.0147596	0.000535188	0.268812	0.00074975	0.0641067	0.042584	0.00523357	0.000393554	0.000966219	0.00131613	0.0193425	0.073128	0.442717	0.000209002	0.000754808
85	0.0470659	0.000997311	0.000474977	0.00100308	0.0479759	0.0114605	0.000593841	0.079563	0.000660375	0.491482	0.18246	0.000493658	0.00109745	0.00131313	0.000825533	0.00709395	0.0189583	0.0963747	0.00137763	0.00872869
86	0.0558483	0.00366606	0.00305391	0.00900829	0.00873361	0.0132052	0.00768565	0.0164795	0.00362601	0.0359499	0.0302291	0.105765	0.00493372	0.00801708	0.0269729	0.0923994	0.488464	0.0790907	0.00171719	0.00515425
87	0.0524792	0.00809297	0.000729754	0.00241654	0.0180867	0.0132216	0.000776493	0.275408	0.00120034	0.0949985	0.0383103	0.00330035	0.00131529	0.00168385	0.00196441	0.017828	0.0511786	0.41296	0.000733869	0.00331539
88	0.536929	0.0148409	0.00148367	0.000403382	0.00354809	0.0550026	0.000313272	0.00331884	0.000274201	0.00298163	0.00258507	0.00197232	0.00237292	0.00109153	0.00110374	0.300209	0.0527232	0.0173174	0.000242536	0.00128647
89	0.0413399	0.00684684	0.00112875	0.00421695	0.0214554	0.0101856	0.000777995	0.282539	0.00182737	0.124092	0.0328808	0.00353041	0.00247435	0.00217227	0.0031517	0.0184421	0.055589	0.381535	0.00109976	0.00471497
90	0.1144	0.00604386	0.0212492	0.0254963	0.0138609	0.0309289	0.0237102	0.0265054	0.0248394	0.0361282	0.0223427	0.0469663	0.00722588	0.0624458	0.0530067	0.387075	0.0527113	0.032724	0.00209861	0.0102406
91	0.0406572	0.0123979	0.000232272	0.000522539	0.0132823	0.0129949	0.000336893	0.266793	0.000342776	0.0671858	0.0409129	0.00448037	0.000264322	0.000487126	0.000823264	0.0208638	0.0653871	0.45117	0.000174422	0.000691288
92	0.491964	0.0184599	0.0015482	0.000414292	0.00395882	0.0578199	0.000316698	0.00360987	0.000270182	0.00296325	0.0031568	0.00197828	0.00322131	0.00111923	0.0012034	0.32538	0.0579977	0.0231445	0.000265669	0.00120733
93	0.431795	0.0151692	0.00174318	0.000750743	0.00301214	0.0490038	0.000359868	0.00276769	0.000348988	0.00337748	0.00365932	0.00403533	0.00360896	0.00142255	0.00108767	0.421881	0.0434813	0.0114323	0.000227718	0.000835229
94	0.117847	0.00650641	0.00383896	0.00302117	0.00101356	0.774825	0.000389663	0.00146502	0.000439875	0.00178946	0.000892837	0.00757282	0.00213362	0.00171835	0.00184061	0.0656706	0.00463899	0.00353588	0.000232686	0.000627906
95	0.235692	0.0128885	0.000486431	0.00488037	0.00705439	0.0437082	0.00119127	0.147451	0.00105935	0.0174491	0.0202087	0.00632302	0.00113308	0.0013406	0.00115514	0.100726	0.161935	0.233336	0.00053109	0.00145116
96	0.0698112	0.00104543	0.2614	0.174374	0.00602277	0.0263748	0.0376166	0.00489849	0.0506476	0.00944978	0.0059827	0.0414968	0.00646351	0.075729	0.0402697	0.072821	0.0788959	0.0313947	0.000724035	0.00458228
97	0.175807	0.00567486	0.00651395	0.0105458	0.0692931	0.0199204	0.0227147	0.0368221	0.00628999	0.0360409	0.017738	0.136616	0.00662095	0.0468311	0.0123026	0.132377	0.0407068	0.0436979	0.00351044	0.169976
98	0.036683	0.0049669	0.000399819	0.000797865	0.0818367	0.00489907	0.000594709	0.224238	0.000472052	0.417351	0.00758388	0.000912759	0.00138792	0.000841863	0.000775449	0.00291811	0.0112223	0.20024	0.000414927	0.00146385
99	0.205256	0.0111731	0.000457792	0.00541383	0.0255055	0.0501539	0.000905522	0.158643	0.000840317	0.0735748	0.0245042	0.00379778	0.00113442	0.00120817	0.00128845	0.0876667	0.134386	0.209411	0.00185767	0.00282249
100	0.431421	0.0141604	0.00162251	0.000780105	0.00319696	0.0480796	0.000385446	0.00315625	0.000405742	0.00392544	0.00391278	0.00371739	0.00343473	0.00147454	0.00117185	0.41112	0.0517752	0.0149326	0.000269239	0.00105812
101	0.0944592	0.0145762	0.000696425	0.000317025	0.135084	0.0537363	0.00110022	0.13177	0.000261831	0.3282	0.0398255	0.000314083	0.00163727	0.000280932	0.000410461	0.0143676	0.0303737	0.136866	0.00368739	0.0120357
102	0.0188878	0.00177688	0.000195841	0.000818098	0.0156406	0.00405741	0.000443969	0.370717	0.000262753	0.149857	0.0297783	0.00146197	0.00228503	0.000498029	0.00114147	0.0071	0.0231984	0.364579	0.000255473	0.00704514
103	0.16934	0.00785134	0.000157934	0.000197729	0.0512801	0.0646881	0.000137807	0.192029	0.000153043	0.220596	0.0156974	0.000257404	0.00283149	0.00019415	0.000252541	0.00994761	0.0303869	0.231879	0.00131117	0.000811067
104	0.0781168	0.0126883	0.000504274	0.000381048	0.142618	0.0460591	0.00139062	0.144268	0.000312674	0.351883	0.0325578	0.000440057	0.00151893	0.000365533	0.000416935	0.0112056	0.0241677	0.13652	0.00362576	0.0109602
105	0.00956661	0.000390055	0.000327795	0.00379262	0.00126078	0.00309654	0.000438641	0.229031	0.000541458	0.562658	0.0580193	0.00531046	0.000397123	0.00112584	0.000769447	0.00171228	0.00394101	0.114797	0.00036704	0.00245716
106	0.171013	0.0191359	0.00125619	0.00248881	0.0116347	0.0331783	0.00168546	0.0336923	0.00205409	0.0947809	0.243229	0.00267701	0.00144086	0.00260395	0.00272978	0.0623192	0.219151	0.0868674	0.00107881	0.00698375
107	0.159226	0.0103431	0.000505042	0.001804	0.0643448	0.0535597	0.000216478	0.167313	0.000246796	0.191394	0.0383026	0.00059279	0.000607274	0.000371525	0.0015101	0.0539457	0.0670603	0.177653	0.00464239	0.00636152
108	0.0529137	0.000589288	0.000241417	0.000494878	0.0412083	0.013621	0.000374411	0.0938679	0.000412389	0.468213	0.186767	0.000426241	0.00028509	0.00056758	0.000421951	0.00531453	0.0198389	0.105988	0.00123223	0.00722263
109	0.0413254	0.00178674	0.0202254	0.00371684	0.00489627	0.00965213	0.0297046	0.0149471	0.00333162	0.0260397	0.00555518	0.715337	0.00201642	0.0128305	0.00571223	0.030551	0.0365446	0.0218528	0.00102563	0.0129491
110	0.0388358	0.00709055	0.00168201	0.00116053	0.0765344	0.0189613	0.0115598	0.0833085	0.00107009	0.569716	0.0698755	0.00134282	0.00264612	0.00257042	0.00195972	0.0178156	0.0140645	0.0640887	0.00866423	0.00705342
111	0.0514861	0.00243805	0.00913396	0.0235082	0.0174233	0.0149322	0.0243765	0.075152	0.0991835	0.0591625	0.0258138	0.0279356	0.0109362	0.0612784	0.319005	0.0680585	0.0425311	0.0525904	0.00278017	0.0122751
112	0.117542	0.00650181	0.00434058	0.00305564	0.00105843	0.774408	0.000389007	0.00147461	0.000445285	0.00180263	0.000944118	0.00763765	0.00212074	0.00173092	0.0018578	0.0656067	0.00465024	0.00357078	0.000233734	0.000629301
113	0.0300024	0.000889319	0.00024668	0.000652633	0.0114176	0.00648567	0.00113474	0.359508	0.000339897	0.156173	0.0639928	0.00118833	0.00142704	0.00132023	0.000795043	0.00580972	0.0145127	0.339843	0.000220157	0.00403993
114	0.0515982	0.000707492	0.0168413	0.0413469	0.00397037	0.0263112	0.0376172	0.00855231	0.214276	0.0183107	0.0040406	0.0348124	0.0140036	0.051589	0.310243	0.087497	0.0539296	0.0157301	0.00070164	0.00792116
115	0.0500368	0.00140275	0.150873	0.20448	0.0171423	0.0285831	0.0387634	0.00571517	0.0509077	0.0236957	0.012944	0.0612174	0.00886549	0.0903916	0.0573939	0.108112	0.0632627	0.0171089	0.00083479	0.00826914
116	0.353455	0.010776	0.00124297	0.00405595	0.0227588	0.0448681	0.00188662	0.0180715	0.00146001	0.0460583	0.0415378	0.010077	0.00560518	0.0039845	0.00311908	0.285443	0.0886369	0.050487	0.00157811	0.00489824
117	0.375531	0.00572422	0.00142584	0.00757206	0.00760065	0.112612	0.00233987	0.0452874	0.00124327	0.0109658	0.00453637	0.0157139	0.0101272	0.00461109	0.0174054	0.24676	0.0662625	0.0530434	0.00519739	0.00604092
118	0.152764	0.00859495	0.000503117	0.00155239	0.0546039	0.041193	0.000270559	0.189263	0.000202508	0.170559	0.037499	0.00195572	0.00102287	0.000576605	0.00153089	0.0471944	0.0641314	0.21979	0.00343222	0.00336053
119	0.086381	0.01011	0.00191479	0.00210929	0.115797	0.0342138	0.0108222	0.0893535	0.00155208	0.425006	0.0472137	0.00297228	0.00295422	0.00242853	0.00312005	0.0400927	0.0294046	0.0779649	0.00765369	0.00893545
120	0.223434	0.0184242	0.000952809	0.0021124	0.0338407	0.0625024	0.00121433	0.048311	0.00139002	0.118413	0.170264	0.00190626	0.00207944	0.00194612	0.00201579	0.0872067	0.107693	0.10505	0.000868358	0.0103756
121	0.051875	0.00276848	0.000491959	0.0070277	0.0775113	0.00404782	0.000681201	0.250848	0.000973697	0.188835	0.0115757	0.00120163	0.00991055	0.00551567	0.00260734	0.00999508	0.0526976	0.273301	0.031592	0.016543
122	0.0678353	0.0013164	0.0123442	0.00988754	0.00792221	0.0155074	0.00586552	0.043089	0.00952427	0.0138955	0.00415211	0.00711215	0.607555	0.0109409	0.0186513	0.0718221	0.0603876	0.023409	0.0010741	0.00770845
123	0.15889	0.00745921	0.00085495	0.00252354	0.0545893	0.0477604	0.000658952	0.17612	0.00157482	0.178717	0.0163005	0.00146358	0.0131778	0.0022991	0.00164347	0.0241355	0.0648769	0.238449	0.0050487	0.00345818
124	0.0709011	0.00751555	0.000956804	0.00105777	0.106362	0.037995	0.000720049	0.120752	0.00149	0.339765	0.0846519	0.000888595	0.00133923	0.00167154	0.00272185	0.0115323	0.0313275	0.142996	0.00718969	0.0281666
125	0.124082	0.0121088	0.000744621	0.00039467	0.0952361	0.0559512	0.000306806	0.140406	0.00027002	0.309385	0.0384051	0.000346879	0.00156456	0.000348662	0.000492994	0.0195607	0.0384052	0.152198	0.00246214	0.00733052
126	0.00945217	0.00319676	0.00170994	0.00207517	0.376528	0.00263394	0.0216484	0.0199438	0.00379284	0.02377	0.00627043	0.00110014	0.00398184	0.000893493	0.0102352	0.0134655	0.0123862	0.0196507	0.019615	0.44765
127	0.0301745	0.000443944	0.000421672	0.000563427	0.0113047	0.00654187	0.00282355	0.391597	0.000530999	0.108779	0.100201	0.00088048	0.000553506	0.00301107	0.000751632	0.00428596	0.0109624	0.323009	0.000268121	0.0028959
128	0.175418	0.00821278	0.000147426	0.00025057	0.0524828	0.0683009	0.000140083	0.194189	0.000148473	0.197061	0.0133411	0.000269287	0.00280839	0.000185892	0.000281933	0.0126391	0.0321712	0.240239	0.00128122	0.00043237
129	0.164	0.0401803	0.00166104	0.00204291	0.0449602	0.090693	0.00235529	0.0315797	0.00161378	0.0467724	0.0401155	0.00293267	0.00325139	0.00243769	0.0024917	0.310487	0.0835544	0.125055	0.000788719	0.00302731
130	0.0258402	0.000849446	0.000632835	0.0011675	0.018956	0.00542625	0.010457	0.371553	0.00116999	0.106163	0.16042	0.0012132	0.000929907	0.00660186	0.001447	0.00533183	0.0215231	0.254591	0.000566935	0.00516056
131	0.0879101	0.0130987	0.000748729	0.000368786	0.143349	0.0540131	0.000924477	0.125452	0.000261563	0.329514	0.0425901	0.000388186	0.00165935	0.000341778	0.000433096	0.0150672	0.0308833	0.133069	0.00461287	0.0153149
132	0.170395	0.0117753	0.000215201	0.000610463	0.0593632	0.0666462	0.000132163	0.180356	0.000133946	0.192028	0.0195949	0.000302265	0.00173712	0.00018483	0.000537242	0.0272263	0.044751	0.220899	0.00161281	0.0014988
133	0.0497345	0.000517689	0.000212623	0.000498467	0.0425276	0.0104334	0.000221874	0.088085	0.000362765	0.477346	0.19085	0.00039352	0.000255096	0.000478259	0.000353575	0.00571842	0.02119	0.102552	0.00119069	0.00707793
134	0.0182029	0.00274183	0.000143353	0.00148604	0.0325086	0.00288629	0.00028274	0.352009	0.000199614	0.249629	0.0184038	0.000990963	0.00325003	0.00050584	0.00126259	0.00777365	0.0280844	0.27269	0.00086312	0.00608587
135	0.17893	0.00673171	0.000166176	0.000266513	0.0477058	0.0724185	0.000211218	0.195326	0.000206015	0.192496	0.0118717	0.000309221	0.00363314	0.000363465	0.000265273	0.00969235	0.0298487	0.247667	0.00157318	0.000318291
136	0.0978066	0.0212018	0.000862132	0.00193573	0.0751453	0.0483612	0.00146373	0.0705002	0.0015639	0.0555598	0.00965321	0.00226565	0.00122907	0.00181749	0.00218949	0.0160815	0.0583255	0.308645	0.107225	0.118168
137	0.136444	0.0066271	0.00411666	0.00294223	0.00376903	0.738247	0.000438206	0.00299099	0.000486538	0.00475329	0.00140589	0.00721466	0.00333949	0.00169333	0.00199355	0.067804	0.00752388	0.0070927	0.000266583	0.000851391
138	0.0849952	0.013483	0.000714042	0.000363194	0.148566	0.0531469	0.0013006	0.125021	0.000277113	0.331344	0.0422108	0.000350504	0.00168123	0.000294905	0.000422638	0.0142845	0.0301243	0.131027	0.00495264	0.01544
139	0.0826532	0.0111876	0.000609041	0.000341079	0.132826	0.0466391	0.000914102	0.11877	0.000275995	0.351829	0.0609233	0.000335166	0.00144203	0.000310258	0.000359567	0.0126894	0.0299265	0.128441	0.00493911	0.0145895
140	0.0422543	0.00590989	0.00040087	0.000989493	0.0915034	0.0101129	0.000876531	0.199684	0.000552809	0.413163	0.0160901	0.000802892	0.00150623	0.000939991	0.000782064	0.00513964	0.0167121	0.187431	0.00205283	0.00309615
141	0.0367264	0.0049818	0.000404263	0.000817956	0.0820441	0.00489716	0.000599143	0.224358	0.000471975	0.417289	0.00721599	0.000912464	0.00138092	0.000844892	0.000772718	0.00291101	0.0112137	0.200291	0.000434207	0.00143279
142	0.0518436	0.00096527	0.000206074	0.000417763	0.0444835	0.0117957	0.00026626	0.0879028	0.000324956	0.491363	0.172914	0.000335258	0.000335381	0.000489567	0.000329174	0.00544851	0.0196037	0.102018	0.00130181	0.00765475
143	0.027979	0.000637808	0.00265295	0.0145585	0.00531197	0.00382301	0.0321182	0.00306556	0.260225	0.0379863	0.0116571	0.0314363	0.00464747	0.0650324	0.437426	0.0137409	0.0288843	0.01551	0.000381231	0.00292582
144	0.563425	0.0105142	0.00106152	0.000496144	0.00424663	0.0553522	0.000445154	0.00397855	0.000419284	0.00525647	0.00319807	0.00135753	0.00198905	0.00131908	0.00111319	0.230727	0.0834235	0.0297878	0.000323591	0.00156574
145	0.0115964	0.00592056	0.00283125	0.00306726	0.42302	0.00410016	0.017868	0.02098	0.00419373	0.0377035	0.0193543	0.00208933	0.00406309	0.00225673	0.0102875	0.0130682	0.0133534	0.0232739	0.017212	0.363761
146	0.427953	0.0156458	0.00176964	0.000672369	0.00316883	0.0513346	0.000329453	0.00268112	0.000323408	0.00330725	0.00363337	0.0037194	0.0038964	0.00133616	0.0010523	0.42343	0.0431116	0.0115607	0.000217492	0.00085639
147	0.217406	0.00275382	0.00200827	0.028055	0.0118162	0.0117286	0.00844337	0.0273451	0.00333801	0.0479621	0.0380184	0.100648	0.00297312	0.0318928	0.00778463	0.380233	0.0325165	0.0287005	0.00166775	0.0147088
148	0.117847	0.00650641	0.00383896	0.00302117	0.00101356	0.774825	0.000389663	0.00146502	0.000439875	0.00178946	0.000892837	0.00757282	0.00213362	0.00171835	0.00184061	0.0656706	0.00463899	0.00353588	0.000232686	0.000627906
149	0.428982	0.0262011	0.00210395	0.000610592	0.00542761	0.0928051	0.000318105	0.00341694	0.000341487	0.00247775	0.00303022	0.00272951	0.00674543	0.000943674	0.00148744	0.360024	0.044009	0.0171734	0.000258725	0.000914353
150	0.484582	0.00652517	0.000713805	0.000831205	0.00676597	0.0537125	0.000535015	0.00685031	0.000633526	0.00939173	0.00591677	0.00117158	0.00121244	0.00193722	0.00207801	0.198352	0.14903	0.0669068	0.000505513	0.00234853
151	0.406792	0.0116197	0.00128089	0.0035617	0.00735668	0.075016	0.00211961	0.0305687	0.000738304	0.0129369	0.00645048	0.00889695	0.00546197	0.00339812	0.00719653	0.274492	0.0875447	0.0476954	0.00236716	0.00450663
152	0.0435158	0.00127862	0.00088215	0.0064954	0.0603532	0.010682	0.00089868	0.0730571	0.00114124	0.422071	0.225162	0.0017149	0.00108896	0.00193769	0.00167077	0.00707428	0.0191703	0.091618	0.00195069	0.028237
153	0.0942253	0.0485179	0.00177368	0.00634507	0.00837601	0.0160558	0.00552832	0.0163088	0.00392802	0.0261488	0.0153371	0.0270179	0.0034965	0.00490309	0.0147981	0.167812	0.483888	0.0493578	0.00172363	0.004459
154	0.117541	0.00648211	0.00388734	0.00301768	0.00113807	0.774519	0.000417481	0.00146497	0.000436221	0.00183848	0.000904907	0.00773729	0.0021538	0.00176291	0.00194226	0.0656306	0.00467987	0.00354634	0.000231421	0.000668431
155	0.0129262	0.00232965	0.000131935	0.00188415	0.0265379	0.00231128	0.000334301	0.376614	0.000204051	0.218958	0.021754	0.00109745	0.00293757	0.000581852	0.00127486	0.00963006	0.0346426	0.278746	0.000964566	0.00613982
156	0.0674389	0.00293711	0.03771	0.497351	0.0116767	0.0155448	0.00652166	0.0120071	0.0156338	0.0201524	0.0225492	0.01342	0.0164922	0.117388	0.0142839	0.0659144	0.0245073	0.0309407	0.00172658	0.00580494
157	0.40015	0.0115806	0.000927309	0.00267535	0.00993535	0.04029	0.00211286	0.0125726	0.00116861	0.0172454	0.00946918	0.00940231	0.00246548	0.00252364	0.00552098	0.165398	0.239775	0.0612073	0.00134901	0.00423058
158	0.0227933	0.00227674	0.00041252	0.00120245	0.0200663	0.00457971	0.00040434	0.332892	0.00139332	0.130709	0.0340853	0.00205445	0.00257998	0.00146872	0.00268047	0.00785704	0.0249212	0.385269	0.00165835	0.0206953
159	0.445211	0.0134766	0.00159184	0.000747627	0.00307259	0.0484149	0.000384504	0.00315148	0.000350753	0.00389762	0.00367601	0.00364758	0.0032952	0.00145676	0.00111156	0.398686	0.0521617	0.0143247	0.000315512	0.0010254
160	0.0298948	0.00145542	0.0210385	0.00226141	0.00357591	0.00557185	0.0302739	0.0132107	0.00127817	0.0235991	0.00359703	0.764125	0.00137861	0.011803	0.00221136	0.0205261	0.0349162	0.0175555	0.000962009	0.0107656
161	0.177313	0.0101301	0.00430936	0.00296988	0.00248629	0.622254	0.000434304	0.00452832	0.000572265	0.0023234	0.0013678	0.00992653	0.00511264	0.00174993	0.00333549	0.128126	0.0128978	0.0086319	0.000680962	0.000850241
162	0.0279751	0.00478491	0.00038646	0.000565707	0.0141175	0.0072298	0.000659083	0.322899	0.000392838	0.105035	0.0353035	0.00280853	0.00143998	0.000660963	0.00101602	0.0107822	0.0344773	0.423436	0.000192117	0.00583789
163	0.0484133	0.000677956	0.0244337	0.0349118	0.00743207	0.0183689	0.0304319	0.0171458	0.0782395	0.0181557	0.00432075	0.0313195	0.331833	0.0449347	0.140289	0.0825569	0.0544526	0.0198006	0.000440699	0.011842
164	0.207573	0.00344833	0.00277017	0.00930035	0.036306	0.0126532	0.0126535	0.0786334	0.00374201	0.047547	0.0334755	0.172184	0.00320054	0.0153011	0.00737495	0.167793	0.0303473	0.0969514	0.00202083	0.0567251
165	0.0400631	0.00788253	0.00450125	0.00826301	0.2416	0.017456	0.00329836	0.0576746	0.00369393	0.246945	0.168212	0.00452648	0.00534128	0.00933396	0.00768328	0.0144201	0.0212345	0.0694743	0.00415105	0.0642444
166	0.0301907	0.000647501	0.0038566	0.0176058	0.00581214	0.00517403	0.0336167	0.00318317	0.257637	0.036727	0.0110939	0.0337888	0.00574767	0.0676804	0.421798	0.0167935	0.0291238	0.0157453	0.000337464	0.00344057
167	0.0192133	0.00177413	0.123761	0.24676	0.00573667	0.00667529	0.00833707	0.00710968	0.119637	0.0229329	0.0220847	0.06152	0.114433	0.0753506	0.044061	0.0694051	0.017525	0.027474	0.00116028	0.00504951
168	0.0562595	0.000762747	0.0177781	0.0132246	0.00687444	0.00936089	0.00772153	0.0228517	0.0125525	0.00706279	0.00306129	0.00765594	0.638027	0.0148571	0.0245625	0.0725424	0.0582981	0.0168485	0.000552686	0.00914602
169	0.0556724	0.000252613	0.0254278	0.057238	0.00366082	0.0307052	0.0504063	0.00871315	0.186425	0.0181103	0.00122136	0.0426934	0.0192518	0.056443	0.315359	0.0554457	0.0454984	0.0168084	0.000189387	0.0104781
170	0.0468053	0.000258815	0.0155923	0.0458219	0.00378213	0.0196741	0.0425988	0.00634716	0.220815	0.0215511	0.00342465	0.0387301	0.016207	0.0583191	0.355963	0.0393441	0.0397522	0.0157329	0.000204947	0.0090754
171	0.0359513	0.00295629	0.0460775	0.0395831	0.0127995	0.0601402	0.133972	0.00876057	0.0859941	0.0155127	0.00632724	0.13783	0.00379545	0.0456071	0.142094	0.123642	0.0585045	0.0138691	0.000613865	0.0259693
172	0.536562	0.0120487	0.00138659	0.00138344	0.00703516	0.117126	0.000578106	0.00655995	0.000396465	0.00686581	0.00286981	0.00298091	0.00461447	0.00131844	0.00183271	0.227266	0.0472344	0.0189486	0.000763676	0.00222867
173	0.0599362	0.00133528	0.00123978	0.0127627	0.0185894	0.00443148	0.0084031	0.101765	0.057371	0.0726589	0.0381473	0.0195718	0.00805274	0.0969698	0.256693	0.116729	0.0394515	0.0764404	0.00138516	0.00806616
174	0.0357768	0.00166923	0.00155401	0.0178356	0.00610752	0.0304675	0.0332546	0.105232	0.125231	0.0548525	0.0489066	0.0335775	0.00193771	0.007675	0.188778	0.0529313	0.17922	0.0551239	0.016059	0.00381108
175	0.224755	0.0115446	0.000666639	0.00388736	0.0213533	0.0536468	0.00138229	0.140926	0.00146061	0.0588326	0.022141	0.0054514	0.00502579	0.00203615	0.00179247	0.0822702	0.147001	0.21162	0.00173381	0.00247317
176	0.0395471	0.00488929	0.00664956	0.0502691	0.0391968	0.0170792	0.00525673	0.0337113	0.00626971	0.217677	0.384896	0.00725421	0.00539923	0.0145077	0.0102916	0.0226689	0.0280752	0.0425322	0.00530679	0.0585229
177	0.165172	0.0108632	0.000582166	0.00288898	0.0535159	0.0548648	0.000488124	0.161974	0.000874303	0.182613	0.044544	0.000661916	0.00050054	0.00113472	0.00294387	0.0583306	0.0731854	0.17523	0.00374296	0.00588919
178	0.0839594	0.00127961	0.000742383	0.00220112	0.0299708	0.0197203	0.0028417	0.0981658	0.00459048	0.399374	0.180275	0.00145442	0.00102649	0.00198719	0.00760263	0.0133026	0.0503464	0.0627223	0.013115	0.0253227
179	0.0369273	0.00085985	0.00125358	0.00167939	0.0377056	0.0141797	0.0013185	0.0661967	0.00100591	0.563145	0.162791	0.00138794	0.00134286	0.00209485	0.00113446	0.0088996	0.0146949	0.0745821	0.00202635	0.00677452
180	0.406787	0.00763225	0.00109166	0.00519947	0.00536518	0.106488	0.000979791	0.0308274	0.000676863	0.00671495	0.00313506	0.00979326	0.00699266	0.00369648	0.0133271	0.26558	0.0702449	0.0470532	0.00356902	0.00484573
181	0.1613	0.0149988	0.000707718	0.00160307	0.0480546	0.0663481	0.000256037	0.151406	0.000339613	0.18478	0.0472588	0.00042462	0.000594204	0.000322779	0.00141253	0.0720339	0.0761156	0.165084	0.00255738	0.00440272
182	0.0114632	0.00237843	0.00011737	0.0018485	0.0249351	0.00219314	0.000352028	0.380939	0.000193744	0.21901	0.0226197	0.00113033	0.00272652	0.000490833	0.00123666	0.0097809	0.0345968	0.277656	0.000299669	0.00603119
183	0.144807	0.0107493	0.00144125	0.00354943	0.0471906	0.0549012	0.00353994	0.0889175	0.003607	0.109147	0.0236338	0.0111613	0.0532165	0.00653271	0.00464375	0.163532	0.11342	0.142155	0.00585989	0.0079944
184	0.219717	0.00741613	0.000613855	0.00186916	0.0459975	0.108321	0.00070016	0.140153	0.000759811	0.11384	0.0166912	0.00186187	0.00161896	0.000869314	0.0015784	0.0567737	0.0654776	0.21131	0.00174728	0.00268328
185	0.0729333	0.0231961	0.00132977	0.0037722	0.113942	0.00740507	0.000801418	0.146014	0.000758888	0.135567	0.0165309	0.00173061	0.00130399	0.00102206	0.0015468	0.0942965	0.116532	0.254567	0.00361127	0.00313951
186	0.0504451	0.000768864	0.000286724	0.000455577	0.0441474	0.0110777	0.000247039	0.0877511	0.000638989	0.47519	0.187699	0.000403878	0.000301835	0.000495291	0.000476616	0.00656565	0.0220334	0.102648	0.00127416	0.00709355
187	0.06713	0.00657276	0.000488408	0.000432515	0.0993941	0.0299536	0.000593661	0.105957	0.000594823	0.405198	0.111298	0.000383413	0.00110222	0.000666652	0.00118664	0.00955338	0.0248585	0.119955	0.00315968	0.0115206
188	0.16365	0.0145813	0.000585057	0.00157179	0.0491506	0.0666442	0.000225987	0.154285	0.000290288	0.179582	0.0448216	0.000429975	0.000669883	0.000290644	0.00137142	0.0697392	0.0736482	0.171572	0.00256586	0.00432448
