550	20
1	0.0341633	0.00343527	0.461507	0.24421	0.0160716	0.00654457	0.0146304	0.00845561	0.01228	0.00362973	0.00794304	0.0506567	0.00734569	0.0449622	0.00516963	0.0382386	0.0132401	0.0143191	0.000468824	0.0127284
2	0.131494	0.00887909	0.0194079	0.0337162	0.00847205	0.0225704	0.0249003	0.0334805	0.0566241	0.037339	0.0212231	0.025375	0.151687	0.0386926	0.0621301	0.120904	0.0803175	0.107024	0.00319369	0.012569
3	0.105352	0.017479	0.0158742	0.0365304	0.0256122	0.00683594	0.00692728	0.148529	0.00897766	0.157477	0.0545463	0.00709967	0.0535574	0.0064992	0.0206101	0.0506339	0.0824359	0.184019	0.00150936	0.00949429
4	0.0626919	0.00769112	0.0226825	0.0400524	0.0093815	0.0605293	0.0152572	0.0143462	0.0365289	0.0183715	0.00619605	0.0279549	0.470973	0.017441	0.023709	0.0791787	0.0362274	0.036647	0.00355853	0.0105823
5	0.0481057	0.0148973	0.0393177	0.00845506	0.0158574	0.00718757	0.0837778	0.0146187	0.104639	0.0188388	0.0241123	0.0739708	0.0109758	0.0515008	0.31797	0.0912515	0.0339996	0.0203365	0.0131699	0.0070172
6	0.0257949	0.00736924	0.000938958	0.00256723	0.0558711	0.00232719	0.00739268	0.148974	0.00404202	0.381989	0.195488	0.00178991	0.00487703	0.00922387	0.00377082	0.00882219	0.0229486	0.103243	0.00207085	0.0104997
7	0.0335939	0.00271509	0.419431	0.284458	0.0108582	0.00624303	0.00877498	0.00748434	0.0188028	0.00410844	0.00655963	0.0566386	0.00459765	0.0453261	0.00709461	0.0392778	0.0180849	0.0118108	0.000497363	0.0136424
8	0.00539051	0.0119669	0.00504153	0.0119741	0.072329	0.00251501	0.261714	0.0114171	0.0398191	0.0278067	0.0114375	0.205856	0.00133373	0.0512022	0.0244394	0.00603593	0.0456079	0.00396084	0.00724157	0.192911
9	0.0166651	0.0167825	0.00281329	0.0131823	0.233073	0.0120586	0.0262242	0.0400415	0.00789401	0.0520197	0.0115764	0.00702239	0.00818072	0.00586773	0.0231215	0.0305802	0.0138203	0.0386183	0.0258391	0.414619
10	0.0875827	0.00834	0.109795	0.0381656	0.018351	0.326281	0.0105306	0.0184089	0.0261703	0.0248501	0.0133152	0.065757	0.0130981	0.0168493	0.022042	0.0776323	0.0340709	0.0319179	0.038856	0.0179862
11	0.0512806	0.0134431	0.00837768	0.0135667	0.0216122	0.0143469	0.0105782	0.136341	0.0235933	0.0947355	0.0793043	0.0242755	0.00621338	0.0466371	0.0215803	0.0344738	0.0964349	0.287129	0.00252194	0.0135545
12	0.0281173	0.00112651	0.00109728	0.000985009	0.408432	0.00387674	0.00436562	0.0800161	0.00166507	0.291647	0.0770262	0.00689495	0.000831923	0.00124651	0.00109178	0.00632857	0.0113102	0.0328087	0.036322	0.0048107
13	0.00948883	0.00222159	0.000384239	0.00108744	0.013637	0.000484748	0.000599643	0.523005	0.00187669	0.146989	0.054429	0.00388258	0.00167898	0.00204811	0.00108872	0.00623644	0.0188141	0.210237	0.000191207	0.00161896
14	0.0517236	0.0132232	0.0287332	0.0352371	0.00858182	0.0613039	0.0256858	0.0173984	0.101455	0.0522114	0.0120246	0.0428732	0.127696	0.0321977	0.18095	0.117923	0.0486032	0.02749	0.00328453	0.0114057
15	0.0549111	0.251618	0.014333	0.0479928	0.0139592	0.0529149	0.00787323	0.0171105	0.014753	0.0194745	0.00950427	0.172468	0.00840831	0.0101234	0.0106967	0.137593	0.0568021	0.0829584	0.00389285	0.0126132
16	0.0276467	0.00962314	0.00119079	0.00391796	0.0464983	0.00387926	0.00913746	0.154407	0.00556048	0.379106	0.158653	0.00236634	0.00361219	0.0109229	0.00443622	0.0135315	0.0266514	0.12743	0.00191414	0.0095156
17	0.0327316	0.00662173	0.00448062	0.0206127	0.0287893	0.00692034	0.00948573	0.0797567	0.0187068	0.276302	0.113011	0.00916119	0.00511594	0.0503145	0.00704856	0.0398531	0.0272899	0.24234	0.00347401	0.0179848
18	0.0344768	0.0103043	0.0582333	0.029811	0.00480852	0.0672587	0.0206903	0.00744179	0.0288117	0.0112467	0.00490756	0.340763	0.0403622	0.0505042	0.0329154	0.181881	0.0590023	0.00804296	0.00151495	0.00702331
19	0.052909	0.0207177	0.00133732	0.00278076	0.0420641	0.0136106	0.003651	0.242179	0.0024315	0.267699	0.0592249	0.00156344	0.00310124	0.00364469	0.0013375	0.018528	0.034355	0.221787	0.00143274	0.00564568
20	0.0178402	0.00404022	0.0149874	0.00300613	0.289053	0.0131584	0.00327267	0.125315	0.0219648	0.174077	0.019176	0.00558321	0.0105083	0.00980051	0.00383873	0.0190393	0.00837791	0.0284846	0.135469	0.0930075
21	0.0341214	0.00491929	0.00315807	0.00728839	0.00254671	0.85264	0.000645668	0.00273664	0.00780585	0.00274545	0.000937822	0.0120533	0.00645956	0.00278148	0.010594	0.0359915	0.00259651	0.00608959	0.00123292	0.00265579
22	0.0949578	0.0131191	0.00814068	0.0167781	0.0219793	0.0116904	0.007941	0.125868	0.0102608	0.10717	0.0360228	0.0127313	0.0638536	0.0106131	0.0146114	0.0407137	0.163078	0.227565	0.00184423	0.011062
23	0.0162284	0.00454843	0.00177161	0.0016067	0.0183397	0.00246776	0.00408916	0.441122	0.0043456	0.19065	0.0861056	0.00396093	0.00632235	0.00257534	0.0044623	0.00833379	0.0242297	0.170744	0.00132645	0.00677102
24	0.0177801	0.00561606	0.000574198	0.00147969	0.0550206	0.00112386	0.00480806	0.117529	0.00305898	0.47159	0.204299	0.00168495	0.00351328	0.00562649	0.00286883	0.00599526	0.0155776	0.0737229	0.0020474	0.00608272
25	0.00416205	0.0131953	0.000958985	0.0123029	0.316961	0.00685172	0.0260687	0.01874	0.00284025	0.0539236	0.00655112	0.00486045	0.00823292	0.00299413	0.0121714	0.0199995	0.00610442	0.0160451	0.0258074	0.441229
26	0.0293988	0.0105324	0.00163706	0.0023251	0.0470106	0.00924411	0.00345968	0.17191	0.00441126	0.442894	0.137293	0.00384221	0.00295519	0.00412898	0.00295628	0.0165572	0.0226655	0.0705991	0.00858487	0.00759506
27	0.0307142	0.0127564	0.0135142	0.0113122	0.00986345	0.0205476	0.027216	0.0183319	0.108658	0.0325796	0.00925164	0.0250879	0.0492436	0.037151	0.450002	0.0844232	0.0263863	0.0164831	0.00396555	0.012512
28	0.0047812	0.00598483	0.000895225	0.00441455	0.0428951	0.00701942	0.000824846	0.108678	0.00145629	0.68548	0.0638491	0.00058466	0.00296535	0.00146408	0.00100273	0.012729	0.0124368	0.038282	0.0014439	0.00281348
29	0.0510806	0.00767046	0.00890419	0.00838839	0.0102867	0.105401	0.0069058	0.0133111	0.00737607	0.0136161	0.00664123	0.0404659	0.125743	0.0549904	0.00871539	0.252469	0.249494	0.0139629	0.0031404	0.0114378
30	0.0117445	0.0132487	0.0134573	0.0155624	0.0819011	0.00777967	0.00484991	0.0244569	0.0222627	0.0218504	0.0132387	0.0285511	0.0042886	0.00580852	0.0229178	0.0684055	0.0450595	0.0231783	0.43368	0.137758
31	0.0236791	0.0160951	0.000372811	0.0119665	0.0251496	0.00126477	0.000858906	0.379458	0.00694173	0.0856932	0.0466824	0.00107805	0.00066125	0.00576435	0.00323901	0.0108914	0.0410006	0.3283	0.000208416	0.0106953
32	0.081567	0.0140555	0.0030623	0.00705785	0.02772	0.0158157	0.00344939	0.144983	0.00247113	0.0998541	0.0354075	0.0104887	0.0180359	0.00526191	0.0049935	0.032701	0.218896	0.264643	0.000981382	0.0085543
33	0.352682	0.0237697	0.00896701	0.00101553	0.00696706	0.327143	0.000897471	0.00241662	0.0101217	0.00700086	0.00496208	0.0154363	0.000960848	0.00894066	0.00471897	0.200549	0.00888697	0.00839862	0.000903225	0.00526206
34	0.012125	0.00564159	0.00802941	0.220958	0.00891065	0.00785973	0.111493	0.0275258	0.0230465	0.0550905	0.00817942	0.0330499	0.0165998	0.226917	0.0914577	0.0242703	0.0427141	0.0409605	0.00281975	0.0323517
35	0.488397	0.0449384	0.00277149	0.000952179	0.0133606	0.0593441	0.00065365	0.00801899	0.00656372	0.0144757	0.00886745	0.00351506	0.00222407	0.0053002	0.00839189	0.238339	0.06232	0.0234231	0.00308138	0.00506244
36	0.0238331	0.00422496	0.000958867	0.00408078	0.00195087	0.89456	0.00037872	0.00253001	0.00641496	0.00157661	0.000551477	0.00644473	0.00623318	0.00223523	0.00801252	0.0284331	0.000975287	0.00452203	0.000362817	0.00172121
37	0.216536	0.00943127	0.000619085	0.00108086	0.0228047	0.0919667	0.000586716	0.168598	0.000741769	0.135119	0.0122234	0.0044642	0.0012175	0.00126419	0.00484599	0.0408937	0.0359508	0.247599	0.00288955	0.00116808
38	0.0128767	0.00531889	0.0445627	0.164258	0.145917	0.0285742	0.0267303	0.0113265	0.00684215	0.188674	0.0284822	0.00765834	0.00426241	0.0869074	0.0063106	0.0325086	0.0321079	0.0334824	0.0445937	0.088606
39	0.228761	0.0238979	0.0138051	0.0017099	0.00708306	0.129253	0.00157251	0.0135218	0.00278197	0.0154252	0.00817573	0.00743022	0.00250882	0.00253471	0.00257327	0.164928	0.330982	0.03812	0.00113635	0.00380105
40	0.077145	0.048131	0.000566266	0.000702245	0.0889314	0.0573803	0.00140687	0.157919	0.00815809	0.246364	0.0651342	0.00397632	0.00340216	0.00316847	0.00562084	0.0577523	0.0511005	0.0984524	0.0115862	0.0131024
41	0.0421773	0.0116948	0.00254829	0.00146617	0.0226067	0.0111866	0.00330906	0.231344	0.00121105	0.370263	0.0521779	0.00139423	0.00445132	0.0029402	0.000659077	0.013245	0.0229524	0.201169	0.000348348	0.00285529
42	0.0181275	0.0078695	0.000381617	0.00467075	0.02342	0.00164456	0.000586676	0.459094	0.00381468	0.117423	0.0427379	0.00223663	0.00117191	0.00429909	0.00164773	0.00729217	0.0261817	0.271671	0.000241794	0.00548819
43	0.0170523	0.00783757	0.000675249	0.0052467	0.0184146	0.000827596	0.000649776	0.442842	0.00390825	0.0975435	0.0427381	0.00203202	0.00106882	0.00416316	0.00221187	0.0076538	0.0270181	0.311951	0.000229608	0.00593541
44	0.0935468	0.0478435	0.000532268	0.000616744	0.0990526	0.069248	0.00066756	0.142544	0.00919695	0.23146	0.0660778	0.00439787	0.00350659	0.00300901	0.00689897	0.0611112	0.0518642	0.0848866	0.0112473	0.0122919
45	0.0300899	0.010259	0.00127882	0.00217835	0.0930448	0.0119024	0.00232011	0.175606	0.00145448	0.444736	0.0568298	0.00124683	0.00241591	0.00483494	0.00103218	0.012438	0.0174606	0.124323	0.00118145	0.00536724
46	0.0779747	0.00228228	0.00310263	0.00535535	0.002547	0.0590872	0.00136921	0.00353709	0.00877661	0.00329001	0.00240012	0.0024994	0.00143213	0.00160992	0.00185267	0.773169	0.0367482	0.00998319	0.000885523	0.00209773
47	0.16518	0.0345003	0.0108154	0.00151271	0.00798755	0.0641326	0.00103738	0.0226747	0.00172024	0.0162691	0.00961106	0.0123961	0.00109627	0.00175319	0.00153185	0.138047	0.433539	0.070095	0.000819366	0.0052819
48	0.152071	0.011818	0.00318432	0.00520823	0.0398901	0.0321459	0.00121646	0.113904	0.00139343	0.147167	0.071172	0.00587648	0.00316661	0.00390558	0.00192508	0.0355512	0.139664	0.2214	0.000832872	0.00850797
49	0.0188357	0.00507758	0.0028509	0.00356757	0.0121156	0.00122048	0.000871978	0.372085	0.00288562	0.0539726	0.0260741	0.00182385	0.00110499	0.00491091	0.00402702	0.00769819	0.021682	0.454039	0.000399782	0.00475736
50	0.153305	0.0471563	0.00770451	0.00230557	0.00852747	0.0572607	0.00177542	0.0401314	0.00249424	0.0228007	0.0110855	0.00916787	0.00204616	0.00227304	0.00217552	0.136	0.396092	0.0924242	0.000882113	0.00439311
51	0.0363881	0.0344935	0.00202954	0.0020422	0.0255742	0.0135093	0.00232825	0.115378	0.00226496	0.0824728	0.0145488	0.00422584	0.00415162	0.00301916	0.00247232	0.0942173	0.374264	0.181556	0.00123615	0.00382758
52	0.0112562	0.00212571	0.000422645	0.000542683	0.0140139	0.000936282	0.000731611	0.509621	0.00161558	0.169617	0.0546065	0.00384099	0.0018478	0.00199889	0.000891848	0.00611582	0.0177916	0.200732	0.000206984	0.00108527
53	0.0864542	0.0279482	0.00739758	0.00552601	0.00599226	0.0289763	0.00238834	0.0237862	0.00188889	0.013497	0.00762285	0.0116748	0.00527145	0.00277046	0.00205982	0.247371	0.47608	0.0369124	0.00289505	0.00348793
54	0.440519	0.0340542	0.00584076	0.000834727	0.00793188	0.0819342	0.000641079	0.00669214	0.00193987	0.00952733	0.00608679	0.00535502	0.00178765	0.00292093	0.00207726	0.204969	0.159525	0.0231002	0.00161136	0.00265097
55	0.0122978	0.00855834	0.00071382	0.00313327	0.0452721	0.00546219	0.00257587	0.124584	0.00259766	0.579088	0.109414	0.00118424	0.00264599	0.00342981	0.00215054	0.0114064	0.0178436	0.0594972	0.00311334	0.00503187
56	0.0859096	0.00464293	0.00485018	0.00715511	0.00285424	0.0648828	0.00232742	0.0047343	0.0105506	0.00432234	0.00284298	0.00796612	0.00205203	0.00431123	0.00421398	0.729601	0.0422309	0.0107492	0.000982215	0.00282053
57	0.0944976	0.00817543	0.0052864	0.00758144	0.0267515	0.00489265	0.00411953	0.128608	0.00385314	0.142481	0.186572	0.00910082	0.00458019	0.00722236	0.00332444	0.0223844	0.172063	0.154604	0.00157116	0.0123295
58	0.0999814	0.384976	0.00940947	0.0214231	0.0105259	0.0198794	0.00367724	0.00949683	0.0034069	0.0135	0.00350291	0.0504252	0.00259376	0.00344338	0.00290214	0.288711	0.0298088	0.03662	0.00109276	0.00462417
59	0.503578	0.0282807	0.00487588	0.00290619	0.00978334	0.0655049	0.00150323	0.0128054	0.00484824	0.0153518	0.00782063	0.00661154	0.00312882	0.00554467	0.00419975	0.204295	0.0848511	0.0266019	0.00360172	0.00390676
60	0.0208797	0.00539153	0.000886949	0.00130402	0.0217754	0.00333845	0.00180284	0.420218	0.00180391	0.218375	0.0598017	0.00327644	0.00251412	0.00269758	0.0010077	0.00808921	0.0212634	0.202839	0.000302499	0.00243316
61	0.0995485	0.433245	0.00740345	0.0206675	0.00910251	0.0181609	0.00314308	0.00891541	0.00262453	0.014144	0.00270811	0.0418738	0.00150555	0.00237241	0.00222195	0.2611	0.0268881	0.0387898	0.00091746	0.00466849
62	0.0701121	0.0288969	0.00966668	0.00977399	0.00548678	0.0186379	0.00450476	0.0165431	0.00558191	0.00979053	0.00427605	0.0293329	0.00873525	0.00549661	0.00414928	0.325021	0.420448	0.016059	0.00339555	0.00409193
63	0.0244494	0.0171409	0.0452567	0.0451684	0.00718947	0.0207461	0.036658	0.00795046	0.0316964	0.0131957	0.00629215	0.506703	0.0148483	0.0285225	0.0471459	0.0945056	0.0281959	0.011054	0.00175003	0.0115307
64	0.0232187	0.00456248	0.00132787	0.00492021	0.00270485	0.879296	0.000519241	0.00390238	0.00855876	0.00395763	0.0016578	0.00733076	0.00655298	0.00274098	0.00896193	0.0289603	0.00183939	0.00572832	0.000754145	0.00250556
65	0.0295557	0.00285338	0.0372049	0.151062	0.0102262	0.00462747	0.0107632	0.0414287	0.13507	0.0544686	0.0241722	0.0389276	0.0037913	0.165068	0.128952	0.038358	0.0404691	0.0753817	0.00079641	0.00682288
66	0.0292556	0.00593157	0.00596816	0.00759203	0.0162416	0.793703	0.00433658	0.00777819	0.018318	0.00980813	0.00351386	0.0106214	0.00914407	0.00495886	0.0121751	0.0296956	0.00351355	0.0119978	0.00181413	0.0136328
67	0.10359	0.0134046	0.00416425	0.00714155	0.0234043	0.00751278	0.00197249	0.120384	0.00127673	0.0968421	0.0580195	0.00868248	0.00539782	0.00477957	0.00224713	0.0473715	0.256631	0.227376	0.000537289	0.00926433
68	0.0287332	0.0456093	0.00855223	0.0118122	0.147156	0.0265506	0.0409424	0.0275103	0.0446264	0.0367485	0.0150532	0.0288572	0.0106221	0.0171938	0.0238076	0.0355204	0.0268631	0.0397987	0.0268091	0.357234
69	0.013563	0.00798913	0.00140643	0.00657203	0.370445	0.00867758	0.0123079	0.0103098	0.00851483	0.0380806	0.00515414	0.00414322	0.00424232	0.0126178	0.012822	0.0336603	0.0179663	0.0121511	0.0263065	0.39307
70	0.0202296	0.00502456	0.000607917	0.000864877	0.0583685	0.000534229	0.00507012	0.125037	0.00307215	0.427231	0.226342	0.00190185	0.00380588	0.0058564	0.0027101	0.0047159	0.0149831	0.0852086	0.00224719	0.00618941
71	0.025206	0.00686646	0.00142442	0.00154414	0.0221247	0.00445367	0.00340503	0.368628	0.00244709	0.255135	0.066196	0.0024012	0.00564357	0.0028845	0.00243629	0.0102016	0.0217376	0.193163	0.000422403	0.00367942
72	0.121412	0.00854278	0.0166221	0.0180207	0.00591035	0.0607015	0.00866179	0.00961495	0.0362923	0.0137724	0.00847987	0.0237891	0.00709913	0.0138141	0.0195779	0.55144	0.0493474	0.016964	0.00307633	0.00686152
73	0.0349584	0.0120551	0.0175353	0.0161557	0.0109075	0.0240444	0.0280562	0.0231268	0.0910905	0.0503001	0.0110993	0.0270755	0.0715289	0.034679	0.386826	0.0945536	0.0278674	0.0218431	0.0036786	0.0126189
74	0.0502214	0.0250914	0.00566681	0.00624849	0.0169352	0.0169811	0.00235146	0.0953018	0.00247771	0.0473851	0.0114116	0.00641886	0.00353787	0.00297954	0.00253892	0.181827	0.382974	0.133185	0.00143461	0.00503238
75	0.0216404	0.00780118	0.00173033	0.00474012	0.0412308	0.00656854	0.00383753	0.14097	0.00431394	0.511259	0.101747	0.00211293	0.0087814	0.00426934	0.00388733	0.013504	0.0292269	0.0837305	0.00192088	0.00672827
76	0.0221033	0.00417546	0.00096082	0.00409423	0.00192758	0.896878	0.000389742	0.00250217	0.00643271	0.00154558	0.000561811	0.00653654	0.00625314	0.00225052	0.00809093	0.0278274	0.000837928	0.00453885	0.000357948	0.0017353
77	0.120665	0.00596187	0.00935304	0.00859866	0.00874608	0.0124347	0.0124886	0.0135438	0.00989701	0.0290308	0.00861823	0.0153684	0.598454	0.00806198	0.00590599	0.056609	0.0260405	0.0166052	0.00396307	0.0296538
78	0.0424747	0.00234235	0.187069	0.237117	0.00850207	0.0188528	0.0167625	0.0156169	0.0735632	0.0206863	0.00579801	0.0760887	0.00917962	0.0996553	0.0387175	0.0790984	0.0383832	0.0190613	0.00118555	0.00984607
79	0.0345816	0.00574164	0.0100778	0.0038702	0.293454	0.0137451	0.00655894	0.137989	0.0251934	0.133383	0.0386936	0.00606962	0.00822914	0.018403	0.0049691	0.016753	0.00968149	0.0407271	0.0852762	0.106603
80	0.0644796	0.00715394	0.00192155	0.00419728	0.00271889	0.82222	0.000487222	0.0037591	0.00665048	0.00294625	0.00135844	0.00762561	0.00571414	0.00299468	0.00766635	0.0459832	0.00284449	0.00649431	0.000534711	0.00224965
81	0.380046	0.0464657	0.00147953	0.00430779	0.0227451	0.189474	0.000932583	0.0780878	0.00203791	0.0502608	0.0151156	0.00220327	0.00442895	0.00571499	0.00153782	0.0679698	0.0427988	0.0793125	0.00240281	0.00267825
82	0.372878	0.0299131	0.0146133	0.0181544	0.0103	0.025891	0.0113275	0.0127694	0.00965592	0.0213181	0.0149853	0.0328633	0.0647253	0.0147472	0.005988	0.243515	0.0587501	0.0239457	0.00195108	0.011708
83	0.0581577	0.0172479	0.00132771	0.0028432	0.0992364	0.0155183	0.00241795	0.292018	0.00337452	0.163262	0.0416628	0.00208726	0.00188815	0.00454451	0.00170913	0.0145004	0.0251553	0.242065	0.0016408	0.00934247
84	0.0238264	0.00447963	0.00117375	0.00421521	0.00202592	0.891232	0.000468188	0.00254526	0.00659066	0.00168303	0.000697009	0.00673446	0.00627276	0.00233988	0.00808331	0.0296615	0.00108461	0.00467997	0.00036574	0.00184059
85	0.00898384	0.00182191	0.000375244	0.000677477	0.0132704	0.000444857	0.000575302	0.527931	0.00169363	0.150721	0.0538965	0.0038869	0.00173168	0.00200359	0.000983077	0.00587923	0.017954	0.205767	0.00019635	0.00120735
86	0.00872974	0.00151702	0.000389286	0.000511526	0.0130209	0.000472764	0.000613615	0.530248	0.00159435	0.152623	0.0542048	0.00395952	0.00182807	0.00193695	0.000941019	0.00577422	0.0175716	0.202849	0.000203146	0.00101097
87	0.0091733	0.0122737	0.00140174	0.011067	0.321426	0.00681438	0.0232677	0.0221133	0.00346594	0.0708125	0.00687854	0.00471918	0.00812225	0.0032976	0.0110583	0.0203117	0.00914454	0.0158965	0.0271737	0.411583
88	0.578203	0.0265306	0.00263913	0.000468561	0.0067414	0.0646954	0.000425124	0.00305715	0.00207615	0.00873214	0.00441357	0.00284595	0.00179332	0.00357205	0.00265943	0.234379	0.0395475	0.0133852	0.0017699	0.00206538
89	0.0383818	0.00688092	0.000832823	0.000691284	0.300061	0.00942793	0.00288282	0.144729	0.00131787	0.277567	0.0521994	0.00391042	0.000559103	0.00574236	0.0013913	0.00861571	0.0150184	0.108961	0.0126952	0.0081338
90	0.457431	0.034215	0.006121	0.00178305	0.00865585	0.132591	0.00103536	0.00675814	0.00368442	0.00943683	0.0061843	0.0114698	0.00455509	0.00582073	0.00326867	0.21274	0.0708092	0.0184189	0.00162125	0.00340033
91	0.0740586	0.0225796	0.0478382	0.0398287	0.00571157	0.0155786	0.0289252	0.00861856	0.020141	0.0308404	0.00611893	0.376969	0.0564086	0.0282054	0.0210665	0.156471	0.0384633	0.0133396	0.00121926	0.00761803
92	0.299326	0.0443787	0.00470202	0.00977771	0.0173103	0.0268974	0.00712606	0.0372699	0.0138708	0.035088	0.0317238	0.0235603	0.00855279	0.0252478	0.0157764	0.238456	0.0958964	0.0524475	0.00187111	0.0107205
93	0.0612885	0.0194819	0.00139787	0.00500299	0.0396567	0.0116341	0.00275278	0.252151	0.00261633	0.206247	0.0607584	0.00191188	0.00255462	0.00425773	0.0012921	0.0169751	0.0486743	0.254066	0.000794643	0.0064863
94	0.315904	0.0224751	0.0113313	0.00134489	0.0088868	0.347184	0.00126641	0.00309515	0.0113657	0.00873648	0.00708626	0.0195666	0.00124946	0.0108083	0.00488631	0.199765	0.00736254	0.0083852	0.00113476	0.00816619
95	0.260689	0.0566069	0.00129982	0.00348478	0.0128257	0.081191	0.00140005	0.10684	0.00273011	0.0653714	0.0128775	0.00634428	0.00357033	0.00368056	0.00343957	0.0625873	0.0581731	0.252247	0.001512	0.00312954
96	0.589321	0.0215046	0.00265105	0.000446427	0.00587896	0.0690927	0.000400433	0.00239545	0.00146158	0.00720376	0.00357611	0.00323682	0.00166647	0.00337139	0.00169067	0.237868	0.0339171	0.0111508	0.00156196	0.00160518
97	0.0145454	0.00677176	0.000609884	0.00233421	0.0511866	0.00186542	0.00489132	0.116693	0.00381844	0.502934	0.180923	0.00171226	0.00304591	0.00635453	0.0034549	0.0079319	0.0182303	0.0630966	0.0024979	0.00710258
98	0.00559455	0.0127208	0.00620571	0.0120954	0.0713132	0.0026998	0.262013	0.011222	0.0389196	0.0271425	0.0112882	0.20805	0.00150357	0.0503985	0.0246698	0.00653571	0.0457374	0.0043423	0.00716713	0.19038
99	0.0593116	0.010538	0.00227548	0.0081873	0.0212168	0.00385612	0.0023071	0.246782	0.00329851	0.114529	0.052809	0.00759278	0.00565507	0.00516969	0.00413149	0.0178263	0.144276	0.280649	0.00044668	0.00914101
100	0.0505852	0.0118008	0.00158949	0.00961008	0.0239513	0.00683708	0.00178019	0.343257	0.00534102	0.0808049	0.0360486	0.00310992	0.00302831	0.00541791	0.00466684	0.014058	0.06466	0.323989	0.000637907	0.00882704
101	0.0286161	0.00466031	0.00161714	0.00443244	0.00209299	0.878702	0.000480043	0.00258697	0.00667118	0.00247328	0.000854666	0.00739812	0.00601112	0.00293801	0.00831724	0.0332282	0.00140574	0.005001	0.000687923	0.00182589
102	0.110184	0.0192015	0.00738422	0.0079955	0.273872	0.0193827	0.011565	0.0674266	0.0139387	0.0909235	0.0629426	0.0127028	0.00750112	0.0116423	0.0106682	0.0447474	0.0340617	0.0564607	0.0134592	0.12394
103	0.526028	0.0457258	0.00252805	0.000706836	0.0108669	0.0634986	0.000437452	0.0045971	0.00311766	0.00892491	0.0057853	0.00330157	0.00243301	0.00368738	0.00311812	0.254487	0.0403776	0.0134316	0.00348247	0.00346418
104	0.0395423	0.00198389	0.301611	0.217928	0.00708356	0.0294166	0.012396	0.00976959	0.0478933	0.0117838	0.00442704	0.105409	0.0103596	0.0596027	0.0142102	0.0781368	0.0247052	0.0124671	0.000354633	0.0109191
105	0.202106	0.0299456	0.00769761	0.00355364	0.00842945	0.0476593	0.00146927	0.0262842	0.00492439	0.0170887	0.0141931	0.0115791	0.00330002	0.00513698	0.00431749	0.183202	0.370599	0.0530315	0.00100359	0.0044793
106	0.0450117	0.0130003	0.00114995	0.00156936	0.0755916	0.00905852	0.00413405	0.198978	0.00124682	0.328488	0.0806325	0.000761614	0.00312915	0.00520233	0.000811749	0.0122898	0.0206398	0.192553	0.000476516	0.00527448
107	0.0175617	0.00473106	0.0123153	0.0350229	0.00510124	0.00715319	0.0138574	0.0544996	0.119894	0.0614712	0.0417573	0.0557374	0.00527601	0.16673	0.146163	0.0470862	0.0682276	0.126751	0.00121937	0.00944397
108	0.0510286	0.00350369	0.404023	0.13486	0.0159068	0.0223891	0.0256122	0.0127699	0.0251368	0.0102396	0.00437711	0.0706157	0.0178642	0.0524658	0.00967872	0.072158	0.0271429	0.0272565	0.000401074	0.0125696
109	0.014516	0.00666358	0.000921803	0.00217969	0.0496164	0.00170909	0.00484304	0.132398	0.00430758	0.48342	0.181652	0.00228791	0.00281266	0.00651623	0.00346491	0.00774905	0.0194247	0.0631735	0.00371068	0.00863263
110	0.0201703	0.0051553	0.000593031	0.000797906	0.058609	0.000538842	0.00505624	0.124034	0.00302033	0.425605	0.228992	0.00190583	0.00378887	0.00584108	0.0027667	0.00466542	0.0154492	0.0846705	0.00223765	0.00610356
111	0.0245735	0.0148009	0.000469744	0.0108835	0.0258124	0.00139762	0.000767942	0.377758	0.00671257	0.0804837	0.0451668	0.00143298	0.000554526	0.006192	0.00300691	0.0101452	0.0415876	0.336576	0.000205478	0.0114728
112	0.0391932	0.012533	0.0129189	0.0114767	0.00942969	0.011993	0.0229323	0.027492	0.187866	0.0226512	0.0178314	0.026467	0.0170959	0.0576739	0.39644	0.0553815	0.0317963	0.0201873	0.00266308	0.0159773
113	0.0335185	0.0108557	0.000982879	0.0168052	0.0387267	0.00394371	0.00376693	0.294224	0.0115699	0.187966	0.0450058	0.0016818	0.00221707	0.00936604	0.00220187	0.0147674	0.0257271	0.283525	0.000546044	0.0126029
114	0.0242792	0.0150775	0.000333257	0.0107208	0.0278247	0.00130544	0.000645253	0.384352	0.00704378	0.0817175	0.0416712	0.000772407	0.000524015	0.00540455	0.00288914	0.0103401	0.0389082	0.334124	0.000225921	0.0118403
115	0.123906	0.0101272	0.00475015	0.00451353	0.00347657	0.703622	0.000844259	0.00260952	0.0087952	0.0034966	0.0021854	0.011865	0.00439183	0.00444593	0.0071849	0.0865197	0.00720804	0.00626499	0.000638214	0.00315477
116	0.0578459	0.0208517	0.00144186	0.00107361	0.074631	0.0146088	0.00331867	0.237527	0.00123468	0.269765	0.0415975	0.000538129	0.00259799	0.00312581	0.000604843	0.0151426	0.0292181	0.219962	0.000840259	0.0040738
117	0.0756534	0.0225025	0.00152368	0.000468787	0.111989	0.0251118	0.0014385	0.276112	0.00185284	0.147951	0.0137514	0.000488907	0.00198698	0.000911652	0.000447991	0.0141364	0.016133	0.283271	0.0014526	0.00281593
118	0.0484911	0.0188896	0.0013609	0.00184848	0.0285132	0.00946832	0.00431849	0.233697	0.000982517	0.31419	0.0666029	0.000681585	0.0033614	0.00320511	0.000553773	0.0166269	0.0320556	0.210785	0.000797476	0.00357007
119	0.0811892	0.0472912	0.000559289	0.000667279	0.100033	0.0649977	0.000667363	0.149172	0.00953551	0.243507	0.0667254	0.00527754	0.00351958	0.00317862	0.00655782	0.0584034	0.0500504	0.084153	0.012222	0.0122927
120	0.340189	0.0523698	0.000522858	0.00509541	0.0271297	0.190892	0.000576551	0.100723	0.00103253	0.0642614	0.0182752	0.0009721	0.00459683	0.00558177	0.000917895	0.0376349	0.043435	0.101474	0.00215855	0.002162
121	0.158238	0.0137738	0.000863868	0.000764111	0.0547557	0.0604141	0.000848855	0.221367	0.00116934	0.131953	0.0117717	0.00268028	0.00149357	0.000972744	0.00303299	0.0325063	0.0278499	0.271857	0.00191643	0.00177132
122	0.16745	0.0126587	0.00526912	0.00310282	0.00441652	0.535121	0.000755868	0.0032951	0.0100012	0.00414855	0.00302068	0.0101296	0.00300476	0.00516673	0.00536053	0.205416	0.00938841	0.00741122	0.000889546	0.00399279
123	0.0634744	0.02219	0.00322368	0.0104797	0.0501957	0.0252095	0.00513964	0.139522	0.0142162	0.285904	0.0793867	0.00308883	0.014473	0.0064903	0.00618466	0.0505309	0.0451123	0.159715	0.00450927	0.0109545
124	0.0747709	0.00249429	0.232166	0.140409	0.00617681	0.0439193	0.017491	0.00742305	0.0633256	0.0170269	0.00392439	0.0993048	0.0134761	0.048737	0.0271761	0.125753	0.0434484	0.019241	0.000588033	0.0131484
125	0.0126177	0.0231405	0.0246534	0.0119624	0.101653	0.00745593	0.00581527	0.0197255	0.0352249	0.0186627	0.0176668	0.0356317	0.0035009	0.00777276	0.0372425	0.0602581	0.0339164	0.0192217	0.426941	0.0969374
126	0.0240653	0.00588097	0.0160861	0.0822842	0.00820621	0.00917622	0.0219826	0.0411208	0.131253	0.0641039	0.0292746	0.0328132	0.011553	0.125443	0.192957	0.0348507	0.0425442	0.110501	0.00222426	0.0136806
127	0.260071	0.0271222	0.0114058	0.0217233	0.0125966	0.0167429	0.0110272	0.0336287	0.0187822	0.0302425	0.0171066	0.048414	0.0144009	0.0278649	0.0125582	0.278599	0.106154	0.039761	0.00264116	0.00915687
128	0.133513	0.00674287	0.00615221	0.0107725	0.0253368	0.00318221	0.00182521	0.113946	0.00108603	0.0956453	0.0956208	0.010144	0.00403468	0.00637839	0.00141367	0.0308957	0.215713	0.223395	0.000367607	0.0138349
129	0.0181224	0.00373107	0.016018	0.0812971	0.00688035	0.0112166	0.0605284	0.0460341	0.119668	0.0409816	0.0224968	0.044492	0.015825	0.175521	0.155791	0.0413319	0.0565617	0.0609763	0.00149799	0.0210285
130	0.0255151	0.00856837	0.0135717	0.00235316	0.0109578	0.0202834	0.00797642	0.169821	0.0168033	0.151513	0.100511	0.0593473	0.00145269	0.013519	0.00331176	0.00475408	0.0636085	0.315572	0.000734321	0.00982547
131	0.0763532	0.0226275	0.00143953	0.000472999	0.111779	0.025466	0.00143908	0.279617	0.00180007	0.139072	0.0136043	0.000557495	0.00205301	0.000751897	0.000446538	0.0143496	0.0155487	0.288383	0.00156305	0.00267549
132	0.0193312	0.00495463	0.000759776	0.00149738	0.110244	0.00223376	0.00477705	0.119354	0.00305886	0.436741	0.176583	0.00249051	0.00295855	0.00564983	0.00245169	0.00661035	0.0149901	0.0719311	0.00622259	0.00716147
133	0.0217766	0.00554071	0.000640735	0.0014671	0.0862978	0.00261854	0.00401678	0.128569	0.00253598	0.434594	0.175674	0.00171036	0.00334341	0.00547958	0.00207797	0.00591535	0.0134676	0.0951639	0.00336991	0.00574118
134	0.076557	0.0226936	0.00144391	0.00047969	0.110544	0.0254548	0.00141585	0.281297	0.00178913	0.137192	0.0133803	0.000554751	0.00208484	0.000695032	0.000447971	0.0144088	0.0153945	0.289936	0.00157703	0.00265452
135	0.106622	0.0141923	0.00153689	0.00196052	0.0426381	0.0280341	0.00228935	0.205982	0.00131689	0.223002	0.0340913	0.0020598	0.00682594	0.00193532	0.00190342	0.0210724	0.0469129	0.254047	0.000984251	0.00259378
136	0.0222808	0.00694712	0.00473928	0.00306522	0.0327798	0.00483976	0.0042584	0.259565	0.00530859	0.361092	0.132439	0.00519691	0.00421757	0.00388822	0.00320856	0.0102489	0.0252613	0.0977137	0.00402598	0.00892422
137	0.0514848	0.0182255	0.00138088	0.00128755	0.028206	0.00990631	0.00459072	0.223862	0.000579759	0.326978	0.06292	0.000494207	0.00348261	0.00297148	0.000334949	0.0172847	0.0320054	0.210209	0.000657317	0.00313894
138	0.211383	0.00809179	0.00065635	0.000916712	0.0215597	0.0858231	0.000606113	0.177745	0.000789845	0.133149	0.0104962	0.00412125	0.00106579	0.00117806	0.0051463	0.041616	0.034053	0.257903	0.00256194	0.00113822
139	0.553013	0.0298912	0.00247136	0.000458335	0.00886974	0.0657656	0.000421584	0.00384488	0.00271797	0.00842359	0.00483868	0.00300538	0.00200213	0.00354284	0.00287656	0.249609	0.0398721	0.0128682	0.00257567	0.00293253
140	0.0153147	0.00570924	0.000806042	0.00432496	0.0526381	0.00081087	0.00807294	0.122014	0.00685868	0.446493	0.200283	0.00203175	0.00266896	0.0125132	0.00706935	0.00895539	0.0222984	0.0661398	0.00255105	0.0124468
141	0.20615	0.00999104	0.000607402	0.000715436	0.0370349	0.0790755	0.00059402	0.140329	0.00076663	0.156961	0.026227	0.00332219	0.00123454	0.000936337	0.00361413	0.0425903	0.052362	0.234229	0.00165746	0.00160158
142	0.0454633	0.00398202	0.238185	0.0132871	0.0124339	0.111783	0.00691186	0.0108392	0.00549525	0.0054954	0.00279699	0.353882	0.0111254	0.0185288	0.00380788	0.116145	0.0260566	0.00542807	0.00209564	0.00625782
143	0.0856349	0.0662593	0.00645973	0.00657742	0.12667	0.0382225	0.0065891	0.0155945	0.00983734	0.0165959	0.0098987	0.00858111	0.00544389	0.00797786	0.0100837	0.0263478	0.0170271	0.229319	0.00344512	0.303435
144	0.0508502	0.0129851	0.00089412	0.000667762	0.186129	0.014206	0.00285491	0.195432	0.00141559	0.274851	0.0346828	0.000925053	0.000630119	0.0101472	0.0016978	0.0113289	0.0139532	0.174805	0.000496791	0.0110469
145	0.0258133	0.0144338	0.000325333	0.00991692	0.0295822	0.0018609	0.000667897	0.383203	0.00652556	0.0815008	0.0402176	0.0007774	0.000540051	0.00531229	0.00270982	0.0101872	0.037641	0.337239	0.000268932	0.011277
146	0.02619	0.00475556	0.00125337	0.00483289	0.00200439	0.87647	0.000467281	0.00327571	0.00708271	0.00169824	0.000746202	0.00703313	0.0118703	0.00244692	0.0085603	0.0307875	0.00152552	0.00596438	0.00098579	0.00204969
147	0.0571536	0.0348666	0.00474293	0.00598884	0.00180424	0.0071376	0.00130532	0.0126212	0.00135973	0.00648048	0.00182032	0.00921018	0.00528068	0.00139405	0.00124295	0.362021	0.471627	0.00815447	0.00426001	0.00152891
148	0.0580127	0.0143856	0.000985472	0.000549057	0.174988	0.0167237	0.00234725	0.216563	0.00153815	0.241249	0.0264406	0.000698483	0.000800182	0.00704421	0.00120836	0.0111563	0.0142157	0.202517	0.000553583	0.00802339
149	0.0195189	0.0055057	0.00265553	0.00224348	0.0426208	0.00108958	0.0047174	0.214544	0.00680443	0.365131	0.203031	0.00619555	0.00337462	0.00597335	0.00371009	0.00685124	0.0216617	0.0679803	0.00584333	0.0105479
150	0.00937742	0.00164898	0.003508	0.0203256	0.00832915	0.00414628	0.0155022	0.0366026	0.3235	0.049428	0.0245335	0.0168354	0.00764156	0.117083	0.26916	0.015297	0.0090318	0.0383151	0.000635586	0.0290993
151	0.0261849	0.0071264	0.000958859	0.00418772	0.00234538	0.880365	0.000489672	0.00415493	0.00657624	0.00278697	0.000852323	0.00656697	0.00719274	0.00243026	0.00817388	0.0290161	0.00186104	0.0062913	0.000589169	0.00185057
152	0.0475793	0.011515	0.00388323	0.00564913	0.175416	0.00710384	0.00628519	0.257474	0.0105079	0.114722	0.0887757	0.00452716	0.00294582	0.00999934	0.00465367	0.0129858	0.0233539	0.140381	0.010425	0.0618178
153	0.0701747	0.00643143	0.00661986	0.0181001	0.0332621	0.00539448	0.0204194	0.120662	0.00717755	0.105219	0.0630274	0.021211	0.0160515	0.00836522	0.00536813	0.0196033	0.248268	0.194167	0.0012546	0.0292234
154	0.0315286	0.0041091	0.00633094	0.014524	0.00245716	0.806982	0.000952544	0.00314156	0.0120342	0.00333599	0.00123925	0.0222685	0.00625469	0.002839	0.010672	0.0498559	0.00520642	0.00824667	0.00266571	0.00535623
155	0.0131526	0.00621003	0.0108828	0.00513134	0.254171	0.0125934	0.00751606	0.112616	0.0168527	0.159523	0.0124778	0.00463328	0.0138602	0.00821231	0.00515786	0.0225129	0.00676048	0.0250313	0.125501	0.177203
156	0.0100885	0.00493611	0.0863787	0.059199	0.00140601	0.0673409	0.0496493	0.00190967	0.155858	0.00189939	0.00135685	0.226549	0.00367424	0.095916	0.123253	0.0930327	0.0129075	0.00253337	0.000574221	0.00153787
157	0.0440976	0.00800514	0.00568602	0.00545124	0.0133701	0.0101442	0.00586807	0.1439	0.0069862	0.110301	0.0440498	0.0387493	0.00823112	0.015684	0.0123973	0.0127483	0.185251	0.318823	0.00129796	0.00895795
158	0.0281363	0.00104973	0.0010007	0.000960175	0.410064	0.00389444	0.00419	0.0800051	0.00150049	0.291639	0.0763103	0.00676209	0.00083029	0.00117882	0.00102395	0.00620381	0.0113146	0.0328059	0.0364196	0.00471041
159	0.101168	0.00681929	0.00515868	0.0277014	0.0060373	0.0150129	0.0204976	0.0350791	0.0663086	0.0863961	0.0879866	0.0441109	0.00218328	0.042493	0.0405815	0.147157	0.0602069	0.129184	0.0261847	0.0497331
160	0.0514969	0.0022441	0.196901	0.265748	0.00595416	0.0166784	0.00683658	0.0127022	0.0595977	0.013664	0.00326139	0.0724506	0.00496498	0.0835484	0.0132512	0.092868	0.0665836	0.0135776	0.00053086	0.0171399
161	0.027229	0.0114869	0.0984053	0.0530721	0.00484325	0.025727	0.0222099	0.00505792	0.0163447	0.00901261	0.00348393	0.527324	0.0130817	0.0212628	0.0174923	0.105224	0.0249247	0.00663406	0.000982043	0.00620223
162	0.0281176	0.00104872	0.00101054	0.000961255	0.410092	0.00391661	0.00418266	0.0800012	0.00150352	0.291675	0.0762869	0.00676576	0.000830058	0.00117231	0.00102502	0.00615841	0.0113309	0.0327982	0.0364069	0.00471677
163	0.0242725	0.00359157	0.0469359	0.00464523	0.115948	0.139691	0.0170285	0.0224804	0.0632858	0.0980724	0.0480677	0.0493477	0.0391032	0.0337756	0.00414781	0.0233092	0.0798386	0.0444016	0.0584693	0.0835872
164	0.0517893	0.000864345	0.00080044	0.00229276	0.00122998	0.00749033	0.00338363	0.00258916	0.00470275	0.00396313	0.00113389	0.00427256	0.850656	0.0010445	0.00101936	0.0394362	0.015479	0.00420559	0.000396629	0.00325028
165	0.0396495	0.00137858	0.289498	0.15694	0.00456244	0.0508334	0.0170921	0.00664143	0.0580339	0.0110359	0.00263897	0.140167	0.0156052	0.0458969	0.0196861	0.0970934	0.0205944	0.0125527	0.000320551	0.00977906
166	0.00417205	0.00864008	0.00109717	0.00772814	0.315822	0.0114043	0.0154088	0.0123172	0.00968554	0.0324616	0.0047478	0.00398038	0.0049909	0.0165372	0.0164268	0.0312018	0.0081487	0.010945	0.0391694	0.445115
167	0.0181669	0.00562522	0.00851155	0.0742084	0.00583176	0.010593	0.0400212	0.0311115	0.0947339	0.0294292	0.0178392	0.0203403	0.0120879	0.165681	0.16298	0.0713706	0.114265	0.0907575	0.00229872	0.0241467
168	0.00951781	0.00439164	0.0863461	0.0752328	0.0685508	0.211371	0.0315447	0.0218598	0.0905233	0.0245014	0.00560077	0.0663664	0.0754201	0.0336504	0.01804	0.0311143	0.00900898	0.0941264	0.00258563	0.0402477
169	0.0421275	0.0130579	0.00668167	0.00298112	0.0239716	0.0208492	0.00529294	0.220065	0.00901868	0.171568	0.080251	0.0276229	0.0019697	0.0111124	0.00283598	0.0105306	0.0527381	0.288871	0.000866862	0.00758711
170	0.0246706	0.00360039	0.00182202	0.00206958	0.399087	0.00506065	0.00403384	0.0831783	0.00291894	0.281844	0.0607295	0.00673612	0.00189282	0.00372274	0.00268466	0.0098013	0.0120451	0.0436946	0.0256909	0.0247175
171	0.590648	0.0216251	0.00260964	0.000452432	0.00598743	0.0680058	0.000396541	0.00239414	0.00131536	0.00712138	0.00355814	0.00315356	0.00167974	0.00337694	0.0016923	0.23806	0.0338561	0.0109115	0.00156752	0.00158911
172	0.0212955	0.00440575	0.00481889	0.00351658	0.0074506	0.00181348	0.00121955	0.279088	0.00285416	0.0227145	0.0178248	0.00166874	0.00104483	0.00767836	0.00581695	0.00937867	0.0155021	0.587559	0.000535064	0.00381519
173	0.0036229	0.0130733	0.000754199	0.0121349	0.291459	0.00763522	0.0258696	0.0184637	0.00363268	0.0506357	0.00624787	0.00460325	0.0081035	0.00434587	0.0126807	0.0205611	0.00503839	0.0150146	0.0265164	0.469607
174	0.0156429	0.0102928	0.00261613	0.00956181	0.369448	0.00730899	0.0173293	0.0377685	0.00594945	0.0943272	0.0146905	0.0049217	0.00674832	0.0053545	0.00980681	0.0204117	0.0107833	0.0210355	0.0311448	0.304857
175	0.0519218	0.00101723	0.00120486	0.00281699	0.00128052	0.00785809	0.00361217	0.00270832	0.00544806	0.00428011	0.00122247	0.00476334	0.844052	0.00137895	0.00159852	0.0402742	0.0163376	0.00453733	0.000383583	0.00330381
176	0.591551	0.021973	0.00257291	0.000450332	0.00601	0.0656443	0.000401885	0.00240145	0.00130663	0.00724041	0.00364314	0.0030543	0.00182329	0.00337384	0.00171127	0.23781	0.0348981	0.010946	0.00159374	0.0015946
177	0.24089	0.0739837	0.00336845	0.00439634	0.00957996	0.063951	0.00241708	0.0754181	0.00465018	0.0455045	0.0119857	0.00875553	0.00501887	0.00475597	0.00415768	0.068373	0.0785145	0.287523	0.00155158	0.00520461
178	0.109204	0.0226833	0.00608164	0.00383312	0.0138748	0.0309793	0.002548	0.0710443	0.00163135	0.0383089	0.0294237	0.00989182	0.00313133	0.00369613	0.00253147	0.110818	0.435797	0.0972542	0.00118707	0.00607959
179	0.0223029	0.00672574	0.00192335	0.00446049	0.00252786	0.881285	0.000826972	0.0040759	0.00691013	0.00216753	0.000944161	0.00678443	0.00939713	0.00264621	0.00877356	0.0277968	0.00167419	0.00602997	0.000491644	0.00225638
180	0.0711144	0.0219009	0.001499	0.000638211	0.131084	0.0264912	0.00196672	0.259189	0.00224635	0.161506	0.0186082	0.00116095	0.00199668	0.00272373	0.000981408	0.0149318	0.0160427	0.25835	0.00243364	0.0051358
181	0.0213616	0.00639222	0.00123327	0.00594535	0.0632544	0.00269188	0.0079548	0.119839	0.00699273	0.392782	0.182494	0.00281297	0.00318841	0.0201376	0.00515539	0.0118492	0.0195488	0.112195	0.00213409	0.0120379
182	0.575824	0.0238621	0.00305771	0.000537073	0.00646451	0.0676917	0.000467867	0.00294806	0.00177972	0.00795952	0.00442593	0.00302899	0.00182395	0.00334526	0.00232654	0.233111	0.0454384	0.012393	0.00157684	0.00193781
183	0.0882057	0.0179658	0.00275378	0.00498512	0.0285025	0.500345	0.00289386	0.0760967	0.00760213	0.0918416	0.0192076	0.00656246	0.00644934	0.00410699	0.00727508	0.0325501	0.0202664	0.0722697	0.00370554	0.0064143
184	0.209337	0.0500361	0.00312153	0.00483923	0.0203145	0.0541731	0.00242283	0.111727	0.00342728	0.0868339	0.0237401	0.00784516	0.00495247	0.00480505	0.00409225	0.0489437	0.0818001	0.270117	0.00140387	0.0060681
185	0.0321619	0.0524978	0.0505518	0.0444182	0.0114809	0.0705353	0.0284739	0.0142685	0.0784553	0.015466	0.00978693	0.331279	0.0149205	0.0391205	0.0470865	0.0860583	0.031292	0.024259	0.0031665	0.014721
186	0.0167417	0.00879196	0.00173735	0.0081309	0.0178719	0.00236058	0.00769923	0.406302	0.0136673	0.12618	0.0569242	0.00589171	0.00432588	0.00526218	0.0120767	0.0120571	0.0361394	0.242834	0.000859592	0.0141462
187	0.0835667	0.406643	0.00890198	0.0214339	0.0126841	0.0454115	0.00504661	0.0118984	0.00650748	0.0167459	0.00657214	0.0401313	0.00278272	0.00489083	0.00449124	0.245127	0.0272222	0.0397885	0.0025831	0.00757173
188	0.0457448	0.00579413	0.00155079	0.00393004	0.00248797	0.852835	0.000411053	0.00282153	0.00671819	0.0021546	0.00104162	0.00739091	0.00588402	0.00284558	0.00774638	0.040772	0.00209725	0.00515979	0.000455813	0.00215846
189	0.0369652	0.00224957	0.307942	0.22326	0.00780814	0.0246804	0.012728	0.0177439	0.052908	0.00941543	0.00527428	0.100736	0.00866882	0.0619342	0.0130445	0.0666306	0.024256	0.0123646	0.000614303	0.0107773
190	0.00662487	0.00650719	0.00113144	0.00413852	0.0426379	0.00680557	0.0012492	0.106626	0.00186405	0.670237	0.0701184	0.000708814	0.00385279	0.00218364	0.0013125	0.0130584	0.0127863	0.0414657	0.00283119	0.00386106
