294	20
1	0.0123332	0.0229664	0.00145198	0.00250268	0.238639	0.0051613	0.054533	0.0242978	0.0157961	0.0291736	0.00550787	0.00378094	0.00117848	0.00487084	0.0271847	0.0529511	0.0206665	0.0562451	0.0211788	0.399581
2	0.0869268	0.00243032	0.404525	0.179528	0.00433983	0.0271877	0.022052	0.00470871	0.0308118	0.0125587	0.00436594	0.0529655	0.00846461	0.0492141	0.0283746	0.0285784	0.031324	0.0116692	0.0010653	0.00890885
3	0.0101831	0.00261563	0.000780738	0.000704162	0.0175964	0.000740933	0.00103899	0.216877	0.00268231	0.543313	0.0500879	0.00193236	0.000685914	0.000978867	0.00130638	0.00675454	0.00292401	0.134228	0.000314153	0.00425587
4	0.204264	0.0333157	0.00402093	0.00611106	0.108434	0.0210195	0.00976023	0.11777	0.00252461	0.263895	0.0172147	0.00229101	0.00651218	0.00280856	0.00357725	0.0118787	0.0612885	0.109129	0.000848854	0.0133353
5	0.0278968	0.0013442	0.000487051	0.000876447	0.00396745	0.000923044	0.00096287	0.430393	0.00102726	0.0432806	0.00710943	0.000762351	0.00312781	0.00433693	0.00159818	0.0063502	0.00804129	0.453267	0.000262817	0.0039849
6	0.0274258	0.00146448	0.000496781	0.000852233	0.00509265	0.000927131	0.000947114	0.435973	0.00105571	0.0438712	0.00728696	0.00073837	0.00310318	0.00428452	0.00156703	0.00626483	0.00796267	0.445952	0.000256987	0.00447764
7	0.0451217	0.00275498	0.0102356	0.00430836	0.00163751	0.845185	0.0129834	0.00695215	0.00632616	0.00415518	0.0039961	0.00675897	0.0052972	0.00947363	0.00625321	0.0109506	0.00718459	0.00671529	0.00101686	0.00269317
8	0.0903562	0.00566991	0.00747986	0.0036327	0.00308867	0.78493	0.0127362	0.00739904	0.00571865	0.00762734	0.00618889	0.00493463	0.00613008	0.0106868	0.00716527	0.0137662	0.00628004	0.0108849	0.000794539	0.00452987
9	0.0447431	0.00240961	0.00847268	0.00280657	0.00206436	0.856441	0.0114553	0.00712665	0.00655582	0.00553972	0.00405689	0.0049701	0.00448005	0.00918316	0.00531863	0.00925994	0.00552395	0.00588919	0.00116603	0.00253768
10	0.0276084	0.00203405	0.000506612	0.000830774	0.00820633	0.000896985	0.000950825	0.440216	0.00107433	0.0510639	0.00801426	0.000797175	0.00277762	0.00397053	0.00170018	0.00661615	0.00792278	0.428784	0.000266622	0.00576219
11	0.0343109	0.0072434	0.00947325	0.0102011	0.0436453	0.0106105	0.199613	0.0127478	0.0140161	0.034135	0.0416903	0.147944	0.00519782	0.116527	0.0600313	0.0965457	0.0969936	0.0193691	0.00284282	0.0368618
12	0.043692	0.00195319	0.00981161	0.00255486	0.00141926	0.859515	0.0112176	0.00750322	0.00535821	0.00372637	0.00449415	0.00582501	0.00395651	0.00921914	0.00714052	0.00923285	0.00499159	0.00543761	0.000832283	0.00211886
13	0.181674	0.132722	0.00363313	0.00474946	0.0165242	0.00501581	0.00455066	0.0318936	0.00548058	0.0404799	0.0063289	0.0125582	0.00260049	0.0074681	0.00784379	0.0220568	0.256367	0.252508	0.00157758	0.00396865
14	0.17584	0.0148064	0.0210487	0.029779	0.00542071	0.30536	0.0190728	0.0132511	0.0322949	0.0174089	0.00888866	0.0257337	0.015051	0.0382723	0.0310318	0.165775	0.0469042	0.0171722	0.01128	0.00560852
15	0.0356016	0.0180241	0.00190122	0.00581222	0.0327501	0.00297221	0.00627732	0.380563	0.00608011	0.0900598	0.0412091	0.00309618	0.00139642	0.0132824	0.0187078	0.0075037	0.0316123	0.290804	0.000530297	0.0118158
16	0.505168	0.031597	0.0123539	0.0161096	0.0086242	0.0585894	0.0141387	0.0205936	0.0223829	0.0322374	0.0145241	0.00966138	0.0140489	0.0217397	0.0307433	0.0672645	0.0460042	0.0579939	0.00526128	0.0109642
17	0.0929658	0.012515	0.00831068	0.0138611	0.0133838	0.00843668	0.0200178	0.0559492	0.0268953	0.229357	0.0948123	0.072766	0.00692486	0.066714	0.0934917	0.0328928	0.0317076	0.0998032	0.00973772	0.00945751
18	0.104667	0.0427946	0.185171	0.0899125	0.0762165	0.016495	0.0253218	0.068479	0.0161831	0.120198	0.0163873	0.0190512	0.0196106	0.016964	0.0198276	0.0250084	0.0266384	0.0475804	0.0129673	0.0505263
19	0.262589	0.0262722	0.0135498	0.0178731	0.025593	0.0329569	0.0183477	0.057753	0.0192515	0.156509	0.0373251	0.0129931	0.0199664	0.0256232	0.0281611	0.0549856	0.0733795	0.0883663	0.0105562	0.0179492
20	0.73843	0.0423359	0.00095457	0.00249544	0.000881767	0.00995126	0.0014286	0.00211802	0.00535306	0.00237532	0.00461099	0.00128619	0.00113198	0.00703099	0.0140778	0.051599	0.0333491	0.0786503	0.00058198	0.00135759
21	0.123255	0.0138607	0.0175276	0.0301825	0.0123967	0.0884409	0.0621628	0.0217522	0.068663	0.125803	0.0605187	0.0192539	0.00601032	0.0859479	0.0497911	0.0925143	0.0757968	0.0280011	0.00906249	0.00905855
22	0.194371	0.0660517	0.0150433	0.0255053	0.0122877	0.0353357	0.0280329	0.0198375	0.0431282	0.0417651	0.0189663	0.0297677	0.016221	0.0809559	0.127077	0.122255	0.0571464	0.046134	0.00813852	0.01198
23	0.0401424	0.00302689	0.012355	0.00463069	0.00460127	0.819053	0.0235082	0.00723407	0.00620606	0.00508979	0.0047538	0.00912	0.00725621	0.0132285	0.00738001	0.0127088	0.00565641	0.00584464	0.00147368	0.00673099
24	0.037816	0.00271339	0.00423013	0.0127528	0.084808	0.00330679	0.0294869	0.0524752	0.0109869	0.397657	0.0907403	0.0165773	0.00147308	0.0123046	0.0204642	0.00872019	0.0184235	0.0162821	0.106633	0.0721493
25	0.0404646	0.0035702	0.0045454	0.00608209	0.0060385	0.0132767	0.0336177	0.00970962	0.259778	0.0119994	0.00621365	0.00856063	0.00399753	0.0216203	0.195567	0.269871	0.0876233	0.00820504	0.00367751	0.00558176
26	0.110352	0.103669	0.00425751	0.00601187	0.0270652	0.00666538	0.00539371	0.0504585	0.00640004	0.0427579	0.00837806	0.0182652	0.00341359	0.00965332	0.0104307	0.0256585	0.288466	0.266035	0.00233315	0.00433434
27	0.190457	0.0433719	0.00315832	0.0107873	0.0685866	0.0551093	0.00518259	0.0944934	0.00344494	0.217959	0.0398289	0.00235189	0.00280085	0.00452125	0.00394878	0.0232996	0.0511955	0.163043	0.000780507	0.0156793
28	0.0117309	0.00432044	0.00121258	0.00285922	0.029966	0.0029867	0.00297808	0.149527	0.00390237	0.543374	0.107564	0.00306533	0.00107718	0.00352599	0.00668871	0.00616652	0.0131833	0.0946234	0.00340689	0.00784084
29	0.128253	0.0364694	0.00612299	0.00657324	0.153567	0.0232875	0.015728	0.105809	0.00264172	0.274378	0.0229108	0.00285162	0.0136143	0.00318814	0.00372504	0.0128951	0.032133	0.130988	0.0011152	0.0237484
30	0.111247	0.00241884	0.245255	0.246566	0.00338466	0.0337048	0.0240486	0.00464291	0.041506	0.0150672	0.00626926	0.0351566	0.00747513	0.0892793	0.0342634	0.0435614	0.0341962	0.0142196	0.00112757	0.00661091
31	0.076664	0.00449812	0.00520892	0.00820234	0.00438856	0.0227097	0.0105298	0.0249672	0.346229	0.0146094	0.0985527	0.00546054	0.00320976	0.21172	0.129028	0.0102941	0.00915032	0.00790539	0.00307983	0.00359324
32	0.04634	0.00352458	0.169449	0.0219809	0.00360074	0.247986	0.0693749	0.0043095	0.0233784	0.00799883	0.00469811	0.15936	0.00428807	0.0915849	0.064788	0.0409587	0.0245568	0.0063676	0.00145468	0.00400167
33	0.109758	0.00161387	0.356756	0.161092	0.00356855	0.0465923	0.0284597	0.00353004	0.0309019	0.0100542	0.00462155	0.0533005	0.00776808	0.0496802	0.0270196	0.0407426	0.0451677	0.0113957	0.000865968	0.00711072
34	0.0503518	0.0229764	0.00902976	0.00453872	0.240616	0.00723104	0.0331297	0.0976398	0.00392819	0.280434	0.0292717	0.00438399	0.0299675	0.00426794	0.00581083	0.00996419	0.0116479	0.122005	0.00153356	0.0312715
35	0.387396	0.0225209	0.00201916	0.00317957	0.00229396	0.413961	0.0217595	0.00346697	0.0160827	0.0140107	0.0190775	0.0024718	0.00345142	0.0220602	0.0155347	0.00799635	0.00625244	0.0146671	0.00122541	0.0205736
36	0.180514	0.0165723	0.015527	0.0819642	0.00560898	0.134352	0.0359693	0.00369035	0.0218719	0.0104071	0.0145127	0.0270073	0.00230268	0.156732	0.0101968	0.245637	0.0146043	0.00527841	0.0142497	0.00300105
37	0.371961	0.0213357	0.00360294	0.00419781	0.00234521	0.403426	0.0343186	0.0036364	0.018055	0.0144078	0.0185878	0.00249092	0.00415255	0.029198	0.0143294	0.00854159	0.00590209	0.0139061	0.0013357	0.0242689
38	0.347222	0.042531	0.0143374	0.0161209	0.00933463	0.0410346	0.0118297	0.0237188	0.0181394	0.0480681	0.0125984	0.0113327	0.0195102	0.0185692	0.0212275	0.0855641	0.18234	0.0614037	0.00414124	0.0109761
39	0.109103	0.0266075	0.0213875	0.0224754	0.00603199	0.0199771	0.0235747	0.0110653	0.0292904	0.0276783	0.00764468	0.0426108	0.0169294	0.0230605	0.0383328	0.358374	0.182937	0.0240542	0.0039235	0.00494162
40	0.462842	0.0222198	0.00915958	0.0199571	0.00521238	0.0879499	0.0113158	0.0134083	0.0214041	0.0225502	0.0114612	0.0117615	0.0159656	0.0263841	0.0220238	0.144981	0.0459711	0.0347247	0.00454491	0.00616274
41	0.14859	0.0205666	0.00348931	0.00499982	0.00347449	0.143937	0.00603007	0.0213924	0.112108	0.00770817	0.00437566	0.0870509	0.0160251	0.0078375	0.121752	0.197923	0.0346325	0.00861637	0.0459678	0.00352336
42	0.166164	0.0256948	0.0157792	0.0252709	0.00389134	0.018857	0.0205179	0.0071632	0.0165563	0.022637	0.00658201	0.03668	0.0155745	0.0375611	0.0267795	0.385504	0.140134	0.0219721	0.00272366	0.00395843
43	0.078275	0.0198985	0.0166933	0.0156926	0.00533389	0.0495346	0.0170723	0.0075897	0.0321723	0.0192224	0.00639835	0.0350148	0.0450298	0.018329	0.0609289	0.348576	0.190727	0.0207526	0.00768608	0.00507315
44	0.0658201	0.00419018	0.00580667	0.0241873	0.00480193	0.066169	0.0331198	0.0107925	0.278165	0.0148449	0.0070262	0.0324958	0.0147296	0.0483923	0.278349	0.0549165	0.0355862	0.00924508	0.00480432	0.00655774
45	0.0267497	0.00539546	0.00295237	0.0107955	0.0365041	0.0047153	0.0104184	0.125732	0.0104038	0.490822	0.104441	0.00680096	0.00252177	0.0120613	0.0175652	0.0105422	0.0164872	0.073646	0.0146436	0.0168025
46	0.0315503	0.0127144	0.0011918	0.00260884	0.0561419	0.00162029	0.00415601	0.457017	0.00313684	0.0712353	0.0231801	0.00278931	0.00138622	0.00573396	0.00616042	0.00588242	0.0141064	0.279824	0.000473262	0.0190916
47	0.100013	0.0123124	0.0407921	0.0278408	0.0130364	0.314625	0.110748	0.0109365	0.0403335	0.0239645	0.0118612	0.0313752	0.0287844	0.0520244	0.0493209	0.0479709	0.0291054	0.0182704	0.00803024	0.0286543
48	0.0485319	0.00247685	0.0094741	0.00330686	0.00152582	0.861084	0.0106669	0.00664042	0.00429025	0.00404258	0.00426747	0.00426217	0.0043909	0.00851121	0.00447928	0.00865638	0.00497008	0.00518068	0.000809174	0.00243324
49	0.0527872	0.00355688	0.0958019	0.0375801	0.00207316	0.600898	0.0235831	0.00789437	0.0109725	0.0102981	0.00455965	0.0238914	0.0130378	0.0233905	0.014654	0.0288539	0.0294101	0.0104425	0.000879662	0.00543503
50	0.0373856	0.0124816	0.00451991	0.0071175	0.101415	0.00820758	0.0175867	0.10765	0.00913067	0.419272	0.0701556	0.00778078	0.0075583	0.00707127	0.0168439	0.0111117	0.0194278	0.0807143	0.0216304	0.0329399
51	0.0841005	0.0140216	0.0197226	0.0352247	0.0155822	0.0307772	0.056772	0.0228053	0.103288	0.0420411	0.0173835	0.0338006	0.0159486	0.0970304	0.19055	0.102315	0.0661755	0.027549	0.0103498	0.0145617
52	0.0711065	0.0261234	0.00735535	0.012209	0.141241	0.0145855	0.0411418	0.0410109	0.0184631	0.0430272	0.015004	0.0101968	0.0112566	0.0152529	0.0274472	0.0855352	0.0329143	0.0921069	0.030533	0.263489
53	0.0305639	0.00747429	0.00445553	0.0067078	0.0375537	0.0046973	0.00939089	0.146779	0.00823995	0.488506	0.0703632	0.00617943	0.00388735	0.0102819	0.014027	0.0134562	0.02047	0.0908356	0.0131132	0.0130177
54	0.104218	0.00609093	0.0922221	0.178469	0.00627778	0.0393798	0.0374373	0.0136071	0.102705	0.027915	0.0129543	0.02832	0.00858629	0.102386	0.0820289	0.0760347	0.0483511	0.0217472	0.00419992	0.00706941
55	0.0201936	0.00402151	0.00656896	0.00494212	0.0696636	0.00770535	0.243409	0.0104788	0.0100738	0.0253275	0.0371653	0.110901	0.00282433	0.152159	0.0649818	0.090871	0.0713104	0.0146343	0.00183452	0.0509352
56	0.0619501	0.0124973	0.00403024	0.00641207	0.165413	0.0701865	0.0554814	0.00935176	0.0793818	0.0722665	0.0415353	0.0354023	0.00323342	0.0169483	0.0681805	0.0111583	0.0103483	0.0101944	0.0396988	0.22633
57	0.0877828	0.00249827	0.128927	0.233696	0.00359483	0.0589336	0.0236111	0.00306148	0.0767864	0.0296207	0.0145389	0.0458306	0.0061268	0.147248	0.0375308	0.0447703	0.0341152	0.0119731	0.0015963	0.00775834
58	0.0251352	0.010252	0.00431591	0.00200645	0.129616	0.00281027	0.0151617	0.1696	0.00301517	0.417991	0.0438993	0.00302753	0.0134435	0.00254046	0.00342414	0.0074275	0.00719557	0.122047	0.000815417	0.0162753
59	0.13411	0.013153	0.00337217	0.00522096	0.0031352	0.18479	0.0056945	0.0142999	0.13597	0.00705235	0.00405689	0.0808125	0.0352158	0.00867538	0.113904	0.15567	0.0467356	0.00821476	0.0367158	0.00320155
60	0.0711599	0.00974635	0.00814502	0.0481179	0.0382999	0.00927903	0.0372145	0.0371067	0.0333424	0.312748	0.12279	0.0131308	0.00342157	0.038724	0.0885511	0.0205172	0.0247666	0.0299792	0.0269035	0.0260556
61	0.0906187	0.017691	0.00755913	0.0113854	0.0210533	0.0164797	0.00953313	0.238171	0.0101518	0.104607	0.0319969	0.00685049	0.00978306	0.0141901	0.0194376	0.0207465	0.0437249	0.310351	0.00389692	0.0117724
62	0.040427	0.00220079	0.00226961	0.00598517	0.00388432	0.0227909	0.0459872	0.00726673	0.294563	0.0142269	0.0023354	0.0159327	0.00411279	0.0211062	0.395194	0.0721531	0.0308451	0.00440988	0.00267197	0.0116366
63	0.091025	0.0040684	0.0265821	0.123997	0.00378089	0.0274932	0.0532869	0.0119822	0.230944	0.0233976	0.00664561	0.0267582	0.00689906	0.0809268	0.176345	0.0300578	0.0456603	0.0220845	0.00250973	0.00555598
64	0.170312	0.0640994	0.0323894	0.0189845	0.00467152	0.00996909	0.0168638	0.00767413	0.0156227	0.0415648	0.00522172	0.0455359	0.0131952	0.018922	0.0242703	0.357882	0.0984943	0.0418095	0.0041308	0.00838675
65	0.0969373	0.0247458	0.00886733	0.0145628	0.116258	0.0679015	0.0230323	0.0650842	0.0223319	0.241951	0.0450188	0.0122175	0.0108513	0.0184731	0.0253053	0.023748	0.0361175	0.0814145	0.0136675	0.0515143
66	0.234399	0.00467179	0.00367049	0.0244119	0.00359218	0.0248347	0.00619189	0.136084	0.0945772	0.0840105	0.0479448	0.0240429	0.00257974	0.116866	0.101188	0.0650039	0.0102439	0.00977967	0.00209339	0.00381361
67	0.140049	0.00679964	0.19608	0.192019	0.00702882	0.0415408	0.0389385	0.00945322	0.0374765	0.017512	0.010135	0.0601431	0.00878506	0.0641812	0.0343152	0.0659179	0.0421949	0.016621	0.00405337	0.00675555
68	0.0666334	0.00984438	0.0136372	0.0417813	0.0155151	0.0186753	0.0388996	0.0295389	0.176196	0.0938726	0.0282838	0.0180758	0.0104089	0.0591017	0.243233	0.041663	0.0426126	0.0279025	0.00969653	0.0144286
69	0.0946758	0.00209372	0.0813228	0.192013	0.00218432	0.0141371	0.0400574	0.0224026	0.136155	0.0238622	0.00374364	0.00969238	0.00810167	0.0884353	0.131747	0.0297843	0.08303	0.0309854	0.00126072	0.00431597
70	0.036027	0.019238	0.00679984	0.0217933	0.00365108	0.00194214	0.0106778	0.287879	0.0198652	0.0387778	0.0175375	0.00211477	0.000886045	0.0641068	0.0881061	0.0120552	0.160378	0.204838	0.000728364	0.00259853
71	0.0421387	0.00670081	0.0156816	0.0202197	0.056305	0.00580358	0.021097	0.0766267	0.0176918	0.305882	0.0608505	0.0208377	0.00548981	0.0226624	0.0298243	0.0219344	0.0339977	0.0671116	0.118503	0.0506409
72	0.0446403	0.00424543	0.00325499	0.0187169	0.0595013	0.00300152	0.0425601	0.0374859	0.0162094	0.41609	0.111048	0.0117508	0.0014963	0.0239487	0.0396429	0.00940684	0.0174655	0.0164032	0.0726812	0.0504504
73	0.0760325	0.00162504	0.00697128	0.0519813	0.00153951	0.0616847	0.0391455	0.00552949	0.305684	0.0139454	0.00188172	0.0495927	0.00899436	0.0734069	0.21568	0.0337027	0.038336	0.0111388	0.00103495	0.0020928
74	0.132071	0.00479791	0.00365094	0.0104925	0.00402067	0.00588527	0.0064828	0.100531	0.0317296	0.166629	0.222243	0.104412	0.00251262	0.0433578	0.0132367	0.0444348	0.0291849	0.0671117	0.00264592	0.00457114
75	0.292374	0.0195127	0.014996	0.0192402	0.0115761	0.243888	0.0571112	0.0170121	0.0236938	0.0416275	0.0517686	0.0129518	0.00725363	0.035224	0.0229654	0.0391367	0.0242195	0.0399684	0.00546479	0.0200158
76	0.134792	0.0109471	0.0157415	0.00992583	0.00564125	0.0313682	0.0143562	0.00813323	0.0443178	0.0190963	0.00505894	0.00770944	0.445387	0.0196207	0.0530996	0.0828785	0.0406829	0.0398462	0.00700887	0.00438928
77	0.0414066	0.00980544	0.0416491	0.0656071	0.0158296	0.0108945	0.222758	0.0093816	0.0613689	0.0189321	0.0133812	0.125042	0.00268597	0.0866367	0.10144	0.0519977	0.0579782	0.016338	0.00295782	0.0439089
78	0.0119822	0.00256713	0.000787799	0.000817545	0.0165986	0.000813681	0.00110286	0.21904	0.00268811	0.528334	0.0473993	0.00193456	0.000720768	0.00131004	0.00155773	0.00740081	0.00320155	0.147337	0.000354995	0.00405129
79	0.055812	0.0035978	0.000961959	0.00180371	0.00594607	0.00475764	0.00195932	0.347586	0.00231155	0.0398427	0.0313931	0.00150634	0.00245814	0.00447547	0.00374765	0.0136832	0.0205422	0.452302	0.000715965	0.00459788
80	0.0587555	0.00399824	0.00453282	0.0178075	0.0223697	0.018064	0.0885083	0.0174034	0.154175	0.0158111	0.00569599	0.0258984	0.000927826	0.073643	0.292094	0.0378242	0.113108	0.00942169	0.020117	0.0198445
81	0.0910675	0.0102984	0.0152556	0.00959248	0.00376503	0.030453	0.00702335	0.00823111	0.0414903	0.0347427	0.00533722	0.00742575	0.581542	0.0242287	0.0225473	0.0553987	0.01625	0.0173116	0.0119971	0.0060419
82	0.0754425	0.00506252	0.00365248	0.0240901	0.00587257	0.00566741	0.00718304	0.0734313	0.0288962	0.196432	0.323731	0.0296379	0.00283708	0.0643242	0.0127327	0.0183359	0.0191267	0.092613	0.00390648	0.00702457
83	0.0592641	0.0435121	0.0729179	0.0153862	0.00880785	0.0146195	0.0475239	0.0146214	0.0564195	0.024663	0.0106521	0.0157658	0.055564	0.0228221	0.0918078	0.224394	0.117061	0.0592404	0.0376247	0.00733258
84	0.0882511	0.0166681	0.0062455	0.0139159	0.115479	0.0149431	0.0283245	0.0637179	0.0145937	0.288049	0.0991029	0.0103583	0.00877943	0.0163429	0.0285175	0.0179361	0.0276723	0.0732115	0.0297234	0.0381678
85	0.0327666	0.0179084	0.00900468	0.0116663	0.0332816	0.00226734	0.0198698	0.259641	0.0132324	0.122962	0.0245779	0.0119195	0.00275702	0.0277869	0.052989	0.00882972	0.0480905	0.274466	0.00360479	0.0223785
86	0.00846554	0.00303065	0.0011805	0.00132414	0.0240207	0.000936872	0.00201236	0.190697	0.00352713	0.572648	0.0697996	0.00273246	0.00116225	0.00208959	0.00320021	0.00663859	0.00510904	0.0936608	0.00194813	0.00581618
87	0.090513	0.0149511	0.0190079	0.0205835	0.0266523	0.0243491	0.0203131	0.0911106	0.0357929	0.0689977	0.0188724	0.0130785	0.295206	0.0301386	0.0342251	0.0518586	0.0456367	0.0760235	0.00934389	0.0133459
88	0.0340529	0.00631614	0.00160879	0.00248133	0.253164	0.00890944	0.0478933	0.0330438	0.00693734	0.0220743	0.0227633	0.00360926	0.00136254	0.00365537	0.0150141	0.0228341	0.0133734	0.0450508	0.102307	0.353548
89	0.157024	0.00516881	0.0795016	0.127611	0.0107844	0.103347	0.0494304	0.00282205	0.0245568	0.0176757	0.025514	0.0457266	0.00415322	0.10551	0.02498	0.170738	0.0302034	0.00834202	0.00452526	0.00238625
90	0.0476877	0.0163211	0.0206583	0.013891	0.0185152	0.00412587	0.020429	0.0957555	0.0392153	0.24637	0.0678266	0.00983194	0.0236726	0.0789583	0.0595718	0.049737	0.0518304	0.108236	0.023288	0.00407827
91	0.048351	0.0153375	0.00984584	0.0196241	0.0862503	0.0120145	0.0299079	0.110349	0.0239781	0.240646	0.0656801	0.0162182	0.00925058	0.0282933	0.0825669	0.0240783	0.033523	0.0852543	0.0236806	0.03515
92	0.0703355	0.0125962	0.025048	0.0139586	0.00429293	0.0855496	0.0342417	0.0100506	0.03239	0.0207837	0.00834412	0.0363846	0.43156	0.0254626	0.0226126	0.0895828	0.0181098	0.0153904	0.00872785	0.0345787
93	0.190109	0.0123279	0.00700049	0.00612129	0.00820918	0.0111174	0.0200272	0.00878092	0.0508761	0.0157097	0.00799396	0.00592118	0.205789	0.0300481	0.0654445	0.186754	0.0664256	0.0933856	0.00414502	0.00381379
94	0.050304	0.0116631	0.00912902	0.0135607	0.18642	0.0335984	0.033854	0.0259904	0.0701967	0.0832892	0.0342514	0.0515291	0.00552486	0.0159259	0.0430854	0.0256062	0.0222348	0.0243184	0.108118	0.1514
95	0.0501443	0.00639841	0.00530032	0.0136547	0.0296846	0.00397663	0.0230863	0.0555184	0.0229658	0.391555	0.143945	0.00890481	0.00463402	0.0299301	0.0415785	0.0266366	0.0470342	0.0368459	0.0392745	0.018932
96	0.0274118	0.00374109	0.000715333	0.00118125	0.0153128	0.000885469	0.00143508	0.419992	0.00151624	0.118432	0.0132788	0.0014707	0.00195428	0.0045009	0.00359415	0.00842025	0.0100487	0.357883	0.000344811	0.00788166
97	0.077817	0.00561864	0.00301147	0.014837	0.00303302	0.0681529	0.0293879	0.00964131	0.254022	0.0132191	0.00307787	0.0335733	0.0139642	0.0270209	0.305058	0.085619	0.0303213	0.00773499	0.00911831	0.00577093
98	0.262969	0.0259571	0.00275481	0.0053166	0.0591945	0.0147701	0.00637526	0.129395	0.00288212	0.254205	0.0143742	0.00240464	0.00136004	0.00343948	0.00382646	0.0139199	0.106055	0.083044	0.000946158	0.00680985
99	0.0807867	0.00475133	0.00659556	0.00316792	0.00155517	0.821086	0.0118548	0.00655501	0.0052912	0.0050144	0.00558652	0.00378575	0.00383368	0.00936104	0.00511302	0.009669	0.00483212	0.00651688	0.000832893	0.00381081
100	0.0338939	0.00753907	0.00259418	0.0124974	0.0323689	0.00532736	0.0119247	0.0810585	0.0128716	0.420713	0.185774	0.00999848	0.00252059	0.0200506	0.0244052	0.0117661	0.0220889	0.0722683	0.0139743	0.0163653
101	0.0526047	0.00542776	0.0115757	0.0330191	0.0827538	0.00655157	0.0220338	0.0590683	0.0341283	0.269028	0.0572786	0.018651	0.00406687	0.0168755	0.0460318	0.0323361	0.0388003	0.0300469	0.119078	0.0606434
102	0.0102947	0.00441219	0.0011594	0.00187427	0.0336768	0.00312419	0.00209545	0.156024	0.0030018	0.533678	0.107532	0.00242995	0.00107528	0.00188108	0.00466572	0.00560099	0.015683	0.102751	0.00179983	0.00724086
103	0.0500585	0.0157061	0.00929597	0.0101956	0.183005	0.0216785	0.0456349	0.0314984	0.0218705	0.046365	0.0234619	0.014309	0.0048617	0.0140103	0.0293975	0.0375484	0.0220933	0.0478631	0.0575978	0.313548
104	0.133488	0.0115467	0.075348	0.0467401	0.0079493	0.044041	0.124137	0.0118529	0.0317695	0.0230427	0.00958518	0.0139455	0.0183347	0.0562852	0.0385512	0.14103	0.0249419	0.0203076	0.125574	0.0415301
105	0.0222825	0.0061071	0.00610514	0.00580475	0.0431488	0.00710516	0.174681	0.0254432	0.00947093	0.0624026	0.0350806	0.1819	0.00284059	0.0650212	0.0878738	0.118478	0.0579984	0.0304273	0.00239903	0.055429
106	0.0069297	0.00265586	0.00107316	0.00063908	0.021776	0.00071092	0.00132043	0.205566	0.00262804	0.581439	0.0560863	0.00187289	0.000984048	0.000887233	0.00133201	0.00599494	0.00285869	0.100247	0.000305591	0.0046929
107	0.0427941	0.00639251	0.0144555	0.0128786	0.0268809	0.0202431	0.0450294	0.041551	0.169921	0.0514331	0.0308512	0.00953105	0.00349699	0.0688917	0.199854	0.0909243	0.11776	0.0221928	0.0171781	0.00774111
108	0.00967492	0.00338305	0.00130242	0.000812486	0.0269994	0.00113617	0.00200378	0.203565	0.00265314	0.565012	0.0562281	0.00195951	0.00167237	0.00104411	0.00166995	0.00612188	0.0038796	0.105187	0.00033815	0.0053568
109	0.0884472	0.0163862	0.0180536	0.0171632	0.00251311	0.0553098	0.00926277	0.00587373	0.0546158	0.0281198	0.00327356	0.00858736	0.553935	0.0248456	0.0208839	0.0486771	0.00855033	0.00757612	0.0209859	0.00694031
110	0.275488	0.00320231	0.00231954	0.00374176	0.00246465	0.234943	0.00407069	0.0037961	0.0833243	0.00673271	0.00308363	0.0178662	0.160742	0.0164884	0.104127	0.0373749	0.0181592	0.0156288	0.00366395	0.00278386
111	0.0990442	0.0316768	0.0193122	0.0261925	0.00139563	0.0051958	0.0210867	0.00200188	0.0173703	0.0190387	0.0018697	0.0451668	0.0125778	0.0187276	0.0265819	0.453855	0.178305	0.0168157	0.00216888	0.00161743
112	0.0605094	0.0023107	0.00474178	0.0153874	0.0140709	0.0249793	0.0640693	0.017488	0.22196	0.0155023	0.0057078	0.0189019	0.00276931	0.074288	0.25836	0.0502438	0.114188	0.0114659	0.0109219	0.0121342
113	0.382569	0.0242478	0.00179995	0.0031715	0.00248967	0.414936	0.0221487	0.00324338	0.0151084	0.0157803	0.0214389	0.00246951	0.00182759	0.0222228	0.015494	0.00678715	0.00520079	0.0169975	0.00125748	0.0208093
114	0.0412818	0.00686549	0.00169239	0.00267277	0.256533	0.0226622	0.0395575	0.0254504	0.0208077	0.0256511	0.0267809	0.0100023	0.00154596	0.0060603	0.0189824	0.0173214	0.0114976	0.0321697	0.0948312	0.337634
115	0.2034	0.0359353	0.00534939	0.0440156	0.00951648	0.0250636	0.00793383	0.0690386	0.0133172	0.0675445	0.0943842	0.00647055	0.00410282	0.0331343	0.0319817	0.0824181	0.0697934	0.173184	0.00247693	0.0209392
116	0.0280669	0.0127396	0.00273919	0.00343944	0.243859	0.0122187	0.0449063	0.027689	0.0173551	0.033709	0.0192698	0.00660099	0.00222569	0.0064977	0.0204535	0.031776	0.0159249	0.0430832	0.0685829	0.358863
117	0.289755	0.0841101	0.00959698	0.0483368	0.00922685	0.0125371	0.014378	0.0187042	0.0135509	0.0227266	0.0101476	0.0115024	0.0141554	0.017864	0.0177606	0.115602	0.0189414	0.0651141	0.0439749	0.162015
118	0.0992175	0.0020027	0.360701	0.222765	0.00331814	0.0286783	0.0186271	0.0040302	0.0325555	0.0108243	0.0037851	0.0397839	0.0077689	0.0568372	0.0274231	0.034509	0.0282475	0.011198	0.000970232	0.00675686
119	0.383626	0.0255541	0.00192616	0.00318773	0.00228122	0.413612	0.0231767	0.00350011	0.015273	0.0148271	0.0199992	0.00208968	0.00192615	0.0231336	0.014569	0.00690069	0.00522008	0.0151473	0.00138115	0.0226696
120	0.143284	0.0109644	0.0104546	0.0123391	0.0481925	0.0137731	0.0205875	0.0144908	0.0272422	0.023472	0.0118523	0.0120096	0.00836869	0.127661	0.150653	0.0273805	0.174524	0.089952	0.0636952	0.00910352
121	0.0944265	0.0543552	0.00449573	0.0106136	0.0185725	0.00570506	0.00712631	0.154974	0.0106261	0.0452285	0.0125329	0.00963196	0.00320834	0.0276396	0.036587	0.0191001	0.234951	0.244427	0.00197814	0.00382071
122	0.0495738	0.00173872	0.516048	0.131945	0.0032008	0.0121452	0.023671	0.00293493	0.0321377	0.0085745	0.00266993	0.0820911	0.00835761	0.0355453	0.0255503	0.0123448	0.0254048	0.0102373	0.000664081	0.0151651
123	0.0915612	0.00862897	0.335926	0.120968	0.00776242	0.0378809	0.0269388	0.0111118	0.032011	0.0210585	0.00686507	0.049847	0.0118176	0.044716	0.0344435	0.0486645	0.0753214	0.0226542	0.00298556	0.00883786
124	0.703176	0.0172883	0.00291382	0.0151631	0.00202699	0.0194657	0.0042612	0.00374098	0.0181173	0.00594412	0.00417679	0.00407682	0.00221813	0.0083993	0.0202368	0.125927	0.0154919	0.0230085	0.00118218	0.00318479
125	0.0732737	0.00640189	0.00958509	0.0451343	0.00860299	0.0191384	0.0365313	0.0156306	0.210675	0.0558553	0.0138888	0.0188682	0.00662184	0.0524955	0.315174	0.0454409	0.0388859	0.0154207	0.00485291	0.00752222
126	0.0345975	0.0083556	0.00373969	0.0213849	0.0719148	0.00403837	0.0271411	0.049518	0.0171529	0.420011	0.135704	0.00895557	0.00280789	0.0164997	0.0579478	0.0106933	0.0162957	0.0303309	0.0299462	0.0329652
127	0.083808	0.0843343	0.00470969	0.00728734	0.0252396	0.00529006	0.00597636	0.0989845	0.00851929	0.041865	0.00945705	0.013784	0.00277455	0.0169499	0.0214081	0.0213454	0.277222	0.266047	0.00144747	0.00355083
128	0.0640615	0.0104101	0.00328542	0.00601402	0.0133026	0.00229263	0.0071768	0.292102	0.00716956	0.154405	0.0176522	0.0039708	0.00195439	0.0227269	0.029701	0.00769407	0.0304776	0.317027	0.00131133	0.00726462
129	0.194387	0.015993	0.0538577	0.0774763	0.0173902	0.0707864	0.0152425	0.0644038	0.0222416	0.128691	0.0159448	0.00884525	0.0148732	0.0262897	0.0274237	0.0427933	0.116447	0.0725616	0.00476323	0.00958934
130	0.106126	0.111585	0.00490138	0.0059601	0.0210498	0.00650511	0.00612025	0.0508121	0.00763202	0.0484758	0.0075501	0.043821	0.0037796	0.00965801	0.0114135	0.0357767	0.280806	0.231246	0.00225727	0.00452435
131	0.319238	0.027733	0.00129985	0.00435771	0.0123772	0.0364128	0.00703233	0.0828171	0.00626027	0.0860591	0.0604297	0.00266555	0.00094442	0.00800181	0.00382433	0.0555263	0.0558804	0.220987	0.000658132	0.00749544
132	0.0518272	0.0157197	0.0140605	0.0116241	0.0140101	0.0050659	0.0164876	0.10333	0.0417716	0.253048	0.0617234	0.0115711	0.0157306	0.0827462	0.0762383	0.0410735	0.0486906	0.113764	0.0172077	0.00431049
133	0.163315	0.00538509	0.0879546	0.14743	0.00765965	0.101449	0.0324434	0.00233371	0.0284225	0.0143748	0.0243765	0.0391861	0.00518266	0.111594	0.0183847	0.164653	0.0298793	0.00938456	0.00460465	0.0019886
134	0.49685	0.0383414	0.00577901	0.0114155	0.00993363	0.02687	0.00833931	0.0407247	0.0107121	0.0349751	0.0201271	0.00533487	0.0106679	0.0147733	0.01786	0.0512056	0.0492471	0.137174	0.00202986	0.00763967
135	0.178262	0.00346789	0.00835432	0.1487	0.00272232	0.00555076	0.0220321	0.0198969	0.181949	0.0121115	0.0032085	0.00389515	0.00397373	0.151908	0.116966	0.0102218	0.0330158	0.0892364	0.00156498	0.00296319
136	0.0443826	0.00277919	0.123599	0.0343963	0.00332643	0.53353	0.0284524	0.00653971	0.0165026	0.00649919	0.00473914	0.0708609	0.00494105	0.0387143	0.0265209	0.0232644	0.0174249	0.00802883	0.00118283	0.0043163
137	0.505833	0.0230604	0.0128789	0.0207498	0.00413396	0.0909752	0.0103876	0.0113248	0.0187761	0.0183374	0.00953186	0.0104466	0.0124897	0.018236	0.0199498	0.120411	0.0517881	0.0316891	0.00377486	0.00522505
138	0.0735242	0.00188266	0.0930597	0.188262	0.0017148	0.00837934	0.0538243	0.0354556	0.125015	0.025626	0.00254704	0.00354921	0.00866542	0.0799784	0.101963	0.0342626	0.112661	0.0443694	0.000999774	0.00426135
139	0.0276471	0.00144314	0.000470119	0.00084453	0.00481948	0.000883221	0.0009214	0.431416	0.000998151	0.0459121	0.00717243	0.000695785	0.00320538	0.00415017	0.00157845	0.00637642	0.00793035	0.448911	0.000253871	0.00437097
140	0.0517962	0.00592449	0.00321414	0.0376143	0.0505491	0.00308313	0.0567812	0.0319002	0.0360519	0.343461	0.118876	0.0141146	0.00154796	0.0303412	0.103214	0.00783816	0.0122742	0.0241957	0.0319892	0.0352337
141	0.115052	0.0333035	0.00566886	0.0327642	0.00529098	0.00853315	0.00824793	0.00909803	0.0120105	0.0148224	0.0550311	0.110616	0.204132	0.0363539	0.0108555	0.0446954	0.150946	0.106907	0.00311602	0.032556
142	0.0856207	0.0129268	0.0654594	0.0321625	0.003439	0.160667	0.186942	0.00547266	0.0158874	0.00903879	0.00433746	0.0139167	0.0810705	0.0674668	0.0757084	0.0633318	0.00925006	0.00723351	0.0131239	0.0869443
143	0.292444	0.082642	0.00593312	0.00498441	0.00340036	0.0468359	0.00517543	0.00932899	0.00708544	0.042945	0.0046848	0.00634135	0.00490807	0.00711674	0.00742864	0.120662	0.311127	0.0185186	0.00193644	0.0165015
144	0.0959151	0.00235022	0.006603	0.135609	0.00189521	0.0124191	0.0133733	0.00571692	0.217121	0.0336638	0.00257613	0.0101392	0.0136695	0.0764737	0.284893	0.0231065	0.0494024	0.0114673	0.00116927	0.0024366
145	0.159222	0.0951125	0.00366335	0.00598173	0.0524379	0.0237361	0.00660126	0.041918	0.00610897	0.142857	0.0681492	0.00336506	0.00333199	0.00868133	0.00772282	0.0378069	0.0347897	0.288537	0.00162626	0.00835102
146	0.0558202	0.00340258	0.00399206	0.015841	0.018914	0.0165408	0.0757465	0.0166351	0.174026	0.0138422	0.00590028	0.0211119	0.000863716	0.0835222	0.280594	0.0451294	0.124634	0.0091364	0.0157872	0.0185609
147	0.707149	0.0446232	0.00149852	0.00289766	0.000995126	0.0169879	0.0016794	0.00288864	0.00528352	0.00524699	0.00443174	0.00156249	0.00140616	0.00571028	0.0118327	0.0720346	0.0496812	0.0612804	0.000491263	0.0023196
148	0.0357104	0.00181396	0.0020774	0.00584264	0.00183898	0.0197024	0.0371701	0.00644172	0.311996	0.0159199	0.00195737	0.0157805	0.00527318	0.0118185	0.424672	0.0742019	0.0153301	0.00362583	0.00103046	0.00779737
149	0.331427	0.0302559	0.00113446	0.00415946	0.00981207	0.0402056	0.00714764	0.0711292	0.00635436	0.0753931	0.059538	0.00116992	0.000800657	0.00794541	0.00367975	0.0635109	0.0551143	0.222162	0.000605143	0.00845474
150	0.0333568	0.00130318	0.000752525	0.00114198	0.00272098	0.00110935	0.00130311	0.339009	0.00129626	0.162735	0.00692541	0.00106451	0.00224694	0.00451151	0.00307473	0.00652977	0.00750419	0.4199	0.0004851	0.00302991
151	0.0562214	0.00275066	0.000911828	0.00132501	0.00658318	0.00358303	0.00195418	0.372776	0.00177034	0.0478011	0.014012	0.00113559	0.00261705	0.00508764	0.00396866	0.00891756	0.0141873	0.449278	0.000389567	0.00472942
152	0.0828253	0.0145526	0.100452	0.0558368	0.0205814	0.040853	0.0601985	0.0239294	0.046554	0.0522043	0.0234517	0.136268	0.0124061	0.0577794	0.070004	0.0773553	0.0616426	0.0311346	0.0104973	0.0214738
153	0.637549	0.0608671	0.00150866	0.0032334	0.00239974	0.0135125	0.0028487	0.0112631	0.00607171	0.0126745	0.0148712	0.00202814	0.00218761	0.00858069	0.0149405	0.0559956	0.0482485	0.0960057	0.000921997	0.0042913
154	0.363431	0.0560107	0.00761979	0.00505151	0.00316364	0.0780941	0.00532613	0.00890874	0.0077611	0.0315242	0.00439969	0.00393572	0.00380623	0.00666573	0.00753143	0.0921469	0.290466	0.0116497	0.00189812	0.0106092
155	0.0465601	0.0022264	0.00789761	0.00363998	0.00127254	0.853636	0.011946	0.00716206	0.00757296	0.00451673	0.00383812	0.00462304	0.00722578	0.00918461	0.00616399	0.00860077	0.00427872	0.0062409	0.000736999	0.00267658
156	0.110763	0.0126746	0.0179412	0.0126991	0.00235144	0.0696949	0.0106979	0.00624381	0.0509903	0.0224146	0.00346765	0.0101073	0.524008	0.019871	0.0277503	0.0476378	0.0117866	0.00834939	0.0237972	0.006754
157	0.0669826	0.00803162	0.0080617	0.0182024	0.0606437	0.00845133	0.0292732	0.0445654	0.0192675	0.353082	0.0826084	0.0142814	0.00450544	0.0224594	0.0346635	0.0196937	0.0314998	0.0269287	0.0968514	0.0499463
158	0.314996	0.0220938	0.00189532	0.00316146	0.0136044	0.026038	0.00740283	0.106169	0.00491582	0.0979742	0.0400378	0.00147666	0.00107987	0.00603992	0.00409379	0.0428527	0.0680566	0.232134	0.000689704	0.005288
159	0.0136642	0.00542682	0.000866398	0.00122996	0.0238898	0.00208033	0.001745	0.212523	0.00303809	0.486127	0.0774109	0.00227876	0.000754147	0.00211803	0.00293653	0.00625223	0.0096165	0.142918	0.000446943	0.00467637
160	0.0980925	0.00400537	0.102628	0.147749	0.00394059	0.0107184	0.101757	0.0317485	0.0808357	0.0213568	0.00725042	0.0245332	0.00646693	0.0722877	0.124895	0.0395594	0.0835284	0.0264848	0.00240398	0.00975826
161	0.0778329	0.00573236	0.00531277	0.0155011	0.0342086	0.0060938	0.0397943	0.0370185	0.0183479	0.376251	0.122621	0.010252	0.00418393	0.0397191	0.0361843	0.0226807	0.0437932	0.024946	0.0540903	0.025436
162	0.0469724	0.0186101	0.00610643	0.0174262	0.00683556	0.00444372	0.0105766	0.265478	0.016505	0.04199	0.0320543	0.00341262	0.00132286	0.0470634	0.0725261	0.0214275	0.134346	0.247158	0.00100701	0.00473768
163	0.0587263	0.00373507	0.00489562	0.0179649	0.00365562	0.0267723	0.0157015	0.0167288	0.359096	0.0127709	0.0569312	0.0144878	0.00456365	0.18917	0.169114	0.0152039	0.0165732	0.0080852	0.00242233	0.00340124
164	0.220306	0.0145788	0.00754279	0.00738491	0.00554821	0.504991	0.0181521	0.0153682	0.0148279	0.0251576	0.0314344	0.00680179	0.00618207	0.0186485	0.0140872	0.0215919	0.0169569	0.0338102	0.00318485	0.0134441
165	0.316284	0.0273978	0.0053218	0.00635126	0.00901204	0.0509381	0.00830294	0.069075	0.00863492	0.0672345	0.0455756	0.00280826	0.00468061	0.00977492	0.00755682	0.0905227	0.0719042	0.189192	0.00184881	0.00758336
166	0.0658869	0.0123061	0.023211	0.0388878	0.0296822	0.0233824	0.138319	0.0250003	0.0417502	0.144743	0.0461892	0.0437216	0.00763332	0.113517	0.0732559	0.0516046	0.0473861	0.0312147	0.0142444	0.0280634
167	0.00727594	0.00283687	0.00109531	0.000897807	0.0237169	0.000971897	0.00149134	0.199414	0.00269785	0.576026	0.0621426	0.00191954	0.000996686	0.00106071	0.00201526	0.00598361	0.00407178	0.0995521	0.000649084	0.00518501
168	0.0264064	0.00297648	0.000553325	0.000897553	0.0127561	0.000828286	0.00106387	0.444431	0.00108029	0.0585146	0.00978007	0.00093359	0.00241794	0.00356811	0.00175504	0.00750615	0.0080544	0.408139	0.000243397	0.00809457
169	0.0636706	0.0592267	0.00507927	0.00713177	0.0626991	0.00638078	0.00683189	0.0685394	0.00766705	0.0641988	0.0111953	0.0131278	0.00361353	0.00859512	0.0127448	0.0169584	0.269162	0.304607	0.00209517	0.00647592
170	0.0479472	0.00638911	0.0395379	0.00729741	0.00218326	0.0252719	0.00325651	0.00462689	0.0709491	0.013826	0.00274314	0.00512223	0.650997	0.0119845	0.0516605	0.0336859	0.00551779	0.00483434	0.00820946	0.00395949
171	0.0445212	0.00186755	0.00408575	0.0182742	0.0016946	0.0356066	0.0298942	0.0101483	0.349651	0.0126262	0.00236356	0.0283745	0.010452	0.0389606	0.329663	0.0439643	0.0273229	0.00587553	0.000885228	0.00376887
172	0.0487086	0.0171259	0.0212109	0.013053	0.0192627	0.00399398	0.0196198	0.0953877	0.0402476	0.247229	0.0672233	0.00991103	0.026176	0.0757225	0.0582868	0.05002	0.0503475	0.106694	0.0255888	0.00419049
173	0.334297	0.174455	0.00757483	0.0160302	0.00612125	0.0118359	0.00917179	0.0389787	0.0105406	0.0188203	0.00954799	0.00935059	0.0358621	0.014013	0.0140527	0.125211	0.0272513	0.0626303	0.0100292	0.0642271
174	0.0311443	0.0177025	0.00492342	0.00288356	0.26936	0.0054144	0.043509	0.0652554	0.00839553	0.159786	0.0205646	0.00486127	0.0154555	0.00411628	0.0130561	0.0215572	0.0138474	0.0888036	0.0205047	0.188859
175	0.0464603	0.0109335	0.00684547	0.00997519	0.117025	0.00945732	0.0160242	0.106558	0.00962788	0.27191	0.0657343	0.0242056	0.00654309	0.00977498	0.0176831	0.0138929	0.0683745	0.081973	0.0406101	0.0663924
176	0.0203051	0.00762842	0.00363154	0.00369735	0.110998	0.00377729	0.0136931	0.121529	0.00406918	0.472309	0.0796057	0.0036971	0.00886627	0.00352895	0.00808463	0.00695762	0.0113146	0.0920294	0.00794768	0.0163306
177	0.135294	0.0025661	0.218105	0.249568	0.00426598	0.0396256	0.0214543	0.00427052	0.0351388	0.0130237	0.00704047	0.0318667	0.00784119	0.0933696	0.0296245	0.0535439	0.0336231	0.0136936	0.00115319	0.00493235
178	0.124246	0.0104359	0.0121157	0.0193571	0.0154276	0.042085	0.167186	0.0104395	0.0221605	0.0615169	0.0173779	0.0867313	0.00416913	0.125886	0.0720607	0.0799172	0.0678275	0.0426321	0.00478924	0.0136387
179	0.0679103	0.00280202	0.429805	0.128462	0.00494201	0.029135	0.0284901	0.00554161	0.031469	0.011504	0.00501594	0.0835627	0.0073749	0.0436218	0.0323588	0.0265727	0.0338015	0.0128852	0.00226227	0.0124825
180	0.0340989	0.00279403	0.00705827	0.0411681	0.00272511	0.199272	0.0424123	0.00491169	0.299273	0.00859991	0.00352262	0.0951574	0.00498223	0.0827023	0.123986	0.0178949	0.0166824	0.0085646	0.00146388	0.00273022
181	0.0758589	0.0112308	0.0234807	0.0488658	0.0146455	0.0266099	0.0573323	0.0238927	0.139955	0.0443856	0.0215194	0.0244975	0.0107951	0.104817	0.218299	0.0432798	0.0581807	0.0267657	0.010263	0.0153251
182	0.0492371	0.0150022	0.00165587	0.00327825	0.0494874	0.00576358	0.00562656	0.327254	0.00374657	0.142314	0.051825	0.00268071	0.00257236	0.00672696	0.00790675	0.00899856	0.0179885	0.284328	0.000547478	0.0130605
183	0.0302937	0.0113564	0.00106067	0.0026482	0.0543709	0.00127781	0.00392587	0.467143	0.00314315	0.0702754	0.0237089	0.00262815	0.00114079	0.00595587	0.00627769	0.00569601	0.0104463	0.279034	0.000476055	0.0191414
184	0.0619603	0.0201456	0.00903905	0.0133088	0.192198	0.019296	0.042439	0.0392448	0.0251133	0.0678014	0.0263152	0.0199193	0.0118381	0.0242436	0.0386353	0.0848075	0.0392992	0.0539614	0.0370727	0.173361
185	0.317666	0.0313639	0.0011806	0.00431148	0.00970951	0.0379335	0.00652696	0.0730602	0.00572006	0.0695982	0.0599025	0.00149236	0.000788201	0.00765847	0.00388186	0.061058	0.0598987	0.239895	0.000548885	0.00780546
186	0.0231556	0.00621594	0.00465116	0.0040915	0.0195568	0.00232213	0.00644782	0.183292	0.010134	0.463395	0.0739193	0.01675	0.0042099	0.0157002	0.0120787	0.0199942	0.0146818	0.104835	0.00778031	0.00678813
187	0.152617	0.0123507	0.0156567	0.0114775	0.00625975	0.046142	0.0148962	0.00967602	0.0406405	0.0255425	0.00703868	0.0100398	0.43889	0.0189968	0.0372485	0.0643036	0.0333615	0.0400372	0.00808894	0.00673618
188	0.0352631	0.00519217	0.00405717	0.0066514	0.235274	0.0100479	0.0371675	0.0335838	0.0102586	0.0370263	0.027379	0.00640329	0.00184535	0.00512456	0.0249163	0.0228559	0.0158433	0.0456769	0.132213	0.303221
189	0.0260268	0.00505607	0.0377194	0.1993	0.00640757	0.0322104	0.0407972	0.00735499	0.0837608	0.0771676	0.0404722	0.0403322	0.00230662	0.262435	0.0541013	0.0121621	0.0368974	0.0103019	0.00473642	0.0204539
190	0.0510388	0.00119132	0.468129	0.152033	0.00182552	0.0126709	0.0213011	0.00301761	0.0619393	0.0117821	0.00209096	0.0479013	0.00337981	0.049061	0.0554749	0.00973933	0.0291391	0.0075418	0.000755128	0.00998849
191	0.03453	0.0228362	0.00332398	0.00423892	0.195802	0.0463627	0.0463135	0.00974818	0.0808005	0.0610567	0.0198031	0.0299634	0.00235368	0.0211758	0.0357779	0.0180054	0.010734	0.0173465	0.0231216	0.316706
192	0.278907	0.0753168	0.00663238	0.00620112	0.00382651	0.0438166	0.00584659	0.0103241	0.00771816	0.046078	0.00614228	0.0074992	0.00532241	0.00832413	0.00849714	0.133015	0.305175	0.0182595	0.00203696	0.0210617
193	0.0255494	0.00580734	0.00224436	0.00936993	0.0366121	0.00442659	0.00947367	0.102354	0.00972392	0.420283	0.178438	0.00684609	0.00118598	0.0138564	0.0166123	0.00856472	0.0214055	0.0851183	0.0148084	0.0273201
