343	20
1	0.152732	0.0123601	0.110369	0.144086	0.00627334	0.0299141	0.0223866	0.0170034	0.0409022	0.0260855	0.0123839	0.064623	0.138828	0.0452576	0.0173595	0.0853823	0.0352226	0.0247912	0.00218203	0.0118582
2	0.00134718	0.000531869	0.000387795	0.000744677	0.0143058	0.000403274	0.000377929	0.203805	0.00364623	0.628862	0.0542173	0.000481644	0.000260725	0.00290067	0.000349629	0.00309738	0.0032052	0.0804383	0.000103936	0.000534121
3	0.153865	0.0932007	0.0359713	0.0125133	0.00591807	0.0145386	0.0058041	0.00848243	0.015641	0.0173066	0.00553994	0.0416309	0.0043531	0.0107147	0.00510416	0.272967	0.26807	0.0229646	0.00111918	0.004295
4	0.0669139	0.00809133	0.0288713	0.0575488	0.00476995	0.0260686	0.0255932	0.00638934	0.229852	0.0222013	0.0138321	0.0369286	0.0229207	0.13674	0.193978	0.0633374	0.0347105	0.00464473	0.00474292	0.011865
5	0.0673374	0.00814594	0.028489	0.0568734	0.00477307	0.026109	0.0253576	0.00643255	0.229031	0.0226251	0.0136459	0.0374893	0.0232231	0.135038	0.196108	0.0628791	0.0347803	0.00512449	0.00469193	0.0118463
6	0.130412	0.0365117	0.0136908	0.00855305	0.00637733	0.00596183	0.00322806	0.0280776	0.0202256	0.0501422	0.0138505	0.0258808	0.0170499	0.00839384	0.00685481	0.157278	0.396874	0.0651107	0.00135445	0.00417228
7	0.028638	0.0198612	0.00382738	0.00731267	0.00595633	0.00777623	0.00422626	0.133851	0.156795	0.242821	0.0252491	0.0180371	0.00301655	0.120684	0.104158	0.0268933	0.0281695	0.058124	0.00113931	0.00346415
8	0.0667626	0.00807557	0.0289665	0.0574827	0.00482593	0.0260443	0.0257701	0.00640188	0.229837	0.022227	0.0138113	0.0369182	0.0228517	0.136734	0.194078	0.0632836	0.0347042	0.00464434	0.0047372	0.0118428
9	0.125551	0.00490792	0.0063509	0.0105146	0.00108536	0.789731	0.000961256	0.00389242	0.00122062	0.00700377	0.00228389	0.0228296	0.000585949	0.00159402	0.00112767	0.00738202	0.00712285	0.00459862	0.000309583	0.000947558
10	0.0142383	0.00806986	0.0040035	0.0063638	0.0368267	0.00326551	0.00376641	0.126332	0.017052	0.555012	0.0787175	0.00515206	0.00594467	0.010383	0.012116	0.0117914	0.0163484	0.0737189	0.0025651	0.00833273
11	0.0104487	0.0301569	0.00248972	0.00278782	0.0201001	0.0024242	0.00684663	0.0303547	0.012547	0.374139	0.389154	0.00326298	0.0345979	0.0060206	0.00686965	0.013811	0.00515474	0.0280927	0.00882757	0.0119135
12	0.027051	0.0448818	0.0209232	0.0109028	0.00581854	0.00390618	0.00316195	0.00989174	0.0342054	0.0183705	0.00566876	0.0373185	0.00527312	0.00746787	0.00512798	0.211525	0.51445	0.0292404	0.000983165	0.00383226
13	0.0910639	0.00151531	0.153608	0.36124	0.00123769	0.0270162	0.0336588	0.00245213	0.0481908	0.00613022	0.00473167	0.0428821	0.0967165	0.0581203	0.00869629	0.0378066	0.00951072	0.00966158	0.000388321	0.00537275
14	0.0129815	0.0062895	0.00051173	0.000873212	0.00638293	0.000480134	0.000478338	0.468576	0.000567804	0.0646907	0.00227014	0.000675796	0.000290786	0.00130716	0.000483418	0.00147814	0.00475894	0.424503	0.000143181	0.00225817
15	0.0696118	0.0121578	0.0414304	0.0626822	0.013924	0.0222772	0.063563	0.0222948	0.1052	0.0577228	0.0262434	0.0379577	0.013622	0.169828	0.0901624	0.0655421	0.0487167	0.0281737	0.00476989	0.0441207
16	0.0463889	0.0182734	0.00739446	0.00564459	0.000887345	0.0236421	0.00101568	0.0129454	0.304315	0.00538778	0.00136382	0.0536029	0.00119998	0.0463255	0.335596	0.0625559	0.0374505	0.0272535	0.00032285	0.00843422
17	0.196996	0.0190079	0.0919111	0.130151	0.00223058	0.0551215	0.007735	0.0196526	0.0662726	0.0537985	0.0271258	0.0236032	0.00442542	0.131497	0.0706136	0.0443456	0.022124	0.0201709	0.00119795	0.0120198
18	0.461025	0.0995351	0.0027612	0.00177029	0.00630273	0.0185417	0.00125594	0.00925502	0.00142992	0.00525123	0.00162806	0.00180314	0.000810368	0.00388223	0.00128862	0.225405	0.106081	0.0488797	0.000404139	0.00268957
19	0.00315784	0.0006732	0.000505618	0.00189984	0.00484258	0.000513881	0.000495315	0.428084	0.00172616	0.376976	0.0300602	0.000741208	0.000455831	0.0039122	0.000524793	0.0020078	0.00183112	0.140785	0.000163245	0.000643308
20	0.0498646	0.0465829	0.0114491	0.0580151	0.00476725	0.0395907	0.0609052	0.0101781	0.0895336	0.0627865	0.0148066	0.0276153	0.292706	0.0490407	0.00618352	0.0857983	0.0230996	0.041332	0.00121677	0.0245286
21	0.0122729	0.00576045	0.00604741	0.00530981	0.0730542	0.0052551	0.11873	0.0585723	0.0071809	0.218586	0.0071166	0.00813056	0.154866	0.00789793	0.0305162	0.0835939	0.0122765	0.0610113	0.00198944	0.121832
22	0.521124	0.060172	0.00348036	0.00391797	0.0101289	0.0285262	0.00144157	0.0201466	0.00170001	0.00626079	0.00225009	0.00558751	0.00161867	0.00270396	0.00185344	0.21743	0.0579723	0.0491152	0.000892118	0.00367767
23	0.00609904	0.00450918	0.000779645	0.00279045	0.212093	0.00277788	0.000694354	0.136827	0.00697066	0.427546	0.0832948	0.00406046	0.0066931	0.00222743	0.00239983	0.00275951	0.00641236	0.0838445	0.00256543	0.00465503
24	0.0336635	0.0548592	0.00668804	0.0249602	0.0191747	0.00157647	0.0188664	0.0283018	0.176544	0.120558	0.0460319	0.0377401	0.0123553	0.0669	0.171568	0.0446855	0.0878551	0.0439257	0.000732129	0.00301357
25	0.125079	0.0054288	0.0102967	0.0221829	0.00117166	0.751346	0.0017865	0.0040454	0.00386713	0.00881542	0.00322202	0.0252054	0.00128898	0.00642748	0.0027834	0.0117496	0.00837548	0.00537351	0.000417407	0.00113783
26	0.0598072	0.00763768	0.0252478	0.0578645	0.0043376	0.0212852	0.0351689	0.00658295	0.222664	0.0280735	0.0140928	0.0356987	0.0190747	0.119069	0.233438	0.0560516	0.029807	0.00822021	0.00393403	0.0119448
27	0.0346571	0.00976237	0.374867	0.130871	0.00566481	0.0234261	0.0870625	0.00826773	0.0198125	0.0147157	0.0106997	0.0670167	0.00827404	0.0444367	0.0120527	0.075436	0.0399045	0.0127362	0.00196437	0.0183722
28	0.0127944	0.00619679	0.000525609	0.000910175	0.00630385	0.000465807	0.000484258	0.468655	0.000585246	0.0645571	0.00234424	0.000679109	0.000295612	0.00135194	0.000471447	0.0014567	0.00473836	0.424753	0.000142466	0.00228974
29	0.059842	0.00661642	0.00122831	0.00440243	0.109786	0.00269386	0.00334622	0.120352	0.00544759	0.35845	0.0656375	0.00405408	0.00263503	0.00505808	0.00572727	0.00444825	0.0335833	0.167709	0.00239704	0.0365865
30	0.138546	0.0078335	0.00602366	0.010371	0.00112728	0.769934	0.000972274	0.00383026	0.00121263	0.00690067	0.00263446	0.0221564	0.000600071	0.00155694	0.0011516	0.0115841	0.00701864	0.00519884	0.000344707	0.00100313
31	0.135117	0.0130265	0.0723221	0.177422	0.00366885	0.0389603	0.0165551	0.0142589	0.0610583	0.0588756	0.0292383	0.049896	0.00699383	0.115207	0.0291597	0.0802178	0.0669545	0.0211254	0.00313099	0.00681158
32	0.396039	0.0513313	0.0102084	0.0135061	0.009657	0.0449617	0.00521587	0.0161605	0.00906514	0.0123498	0.00646138	0.0167658	0.00646875	0.0107196	0.00874074	0.274508	0.0631519	0.0359514	0.00177018	0.00696719
33	0.0148847	0.00149916	0.00110012	0.0206585	0.00339595	0.00416249	0.0244339	0.0161799	0.397684	0.0420154	0.00442654	0.00273781	0.00497769	0.0586683	0.365032	0.0177605	0.00915466	0.00711982	0.000953764	0.00315476
34	0.0695086	0.0321714	0.0354359	0.0248557	0.0122738	0.0126785	0.00973777	0.0458262	0.0361254	0.0469559	0.018045	0.0378312	0.0098941	0.0256131	0.0173344	0.145221	0.360599	0.0499792	0.00270602	0.00720813
35	0.132244	0.00970772	0.00890912	0.0132534	0.00194503	0.726534	0.00373833	0.00504125	0.00786617	0.0107125	0.00382376	0.0256042	0.00225806	0.00530005	0.0055404	0.0168217	0.00980671	0.00781565	0.000484617	0.00259362
36	0.133575	0.0331705	0.0160142	0.0105385	0.00741715	0.0205792	0.00895188	0.0225333	0.0205317	0.0235509	0.0132722	0.0325465	0.019476	0.0150588	0.0163983	0.311098	0.261182	0.0273996	0.00107683	0.00562905
37	0.128544	0.00736085	0.0110036	0.0156666	0.00462925	0.745287	0.00218296	0.00544187	0.00303746	0.00924248	0.00307404	0.0232805	0.00266712	0.00479619	0.00231024	0.0126742	0.00839565	0.00708456	0.000884484	0.002436
38	0.0363665	0.0111275	0.0152817	0.0323578	0.00924964	0.0146254	0.027825	0.0179377	0.300962	0.0410572	0.0145956	0.0501818	0.0127943	0.0736484	0.221325	0.046973	0.0404212	0.0216823	0.0020043	0.00958365
39	0.0767495	0.0365049	0.0285007	0.0191341	0.0104772	0.00938109	0.00993118	0.0425666	0.0347354	0.0380674	0.0177467	0.0345319	0.016249	0.0219273	0.0192788	0.155785	0.372501	0.0450536	0.00235381	0.00852489
40	0.00656433	0.00203125	0.00126504	0.00173226	0.028434	0.00103245	0.000618346	0.196128	0.00573132	0.577271	0.060318	0.00173729	0.00212018	0.00407384	0.002295	0.00483476	0.00683227	0.0930217	0.00113357	0.00282519
41	0.46121	0.108641	0.00422163	0.00306345	0.00628548	0.035085	0.00180864	0.00977061	0.00167861	0.00635879	0.00288946	0.00327347	0.00139565	0.00340502	0.00189381	0.214232	0.0862113	0.044402	0.000638055	0.00353677
42	0.0147205	0.00259373	0.00210749	0.0033146	0.623702	0.00244816	0.00565475	0.016004	0.00267139	0.0454843	0.00875489	0.00388533	0.00307721	0.00330055	0.00255142	0.00525983	0.00518332	0.0167383	0.020218	0.212331
43	0.0129234	0.00640748	0.000516238	0.00100252	0.0060705	0.000498583	0.000485393	0.471838	0.00058027	0.0778846	0.00470388	0.000695718	0.000284941	0.00162596	0.000504865	0.00147921	0.00455105	0.405669	0.000139293	0.00213914
44	0.00782993	0.0032873	0.000527761	0.00186309	0.00355942	0.000500856	0.000459785	0.516362	0.000620421	0.144364	0.011534	0.000694658	0.00032713	0.00336985	0.00047781	0.00124428	0.00276692	0.298702	0.000163309	0.00134598
45	0.0599673	0.0116943	0.022544	0.0386928	0.0167883	0.0149895	0.0167959	0.0296654	0.0479929	0.0619445	0.0182658	0.0211029	0.365861	0.0248449	0.0170682	0.0948246	0.0712848	0.0477899	0.00237369	0.0155098
46	0.000840464	0.000771354	0.000367835	0.000485205	0.0170601	0.000345328	0.000358868	0.133264	0.00429671	0.699413	0.0627172	0.000464009	0.000256629	0.00256091	0.000327329	0.00372085	0.00361829	0.0683889	0.000162578	0.000580343
47	0.0729939	0.00757784	0.14519	0.279972	0.00285226	0.0299789	0.0303741	0.00618396	0.0564836	0.0238496	0.0176228	0.0521874	0.0238715	0.117698	0.0265227	0.0508289	0.0353277	0.0151351	0.00108814	0.00426153
48	0.0312499	0.0555499	0.00688392	0.0256217	0.0188481	0.00143485	0.0196364	0.0294346	0.180386	0.118474	0.0465751	0.0386121	0.0124225	0.062729	0.17256	0.044755	0.0870019	0.044316	0.000652559	0.00285655
49	0.0076633	0.0141235	0.00148308	0.00248523	0.0250744	0.00113791	0.00429134	0.0875181	0.0107873	0.520191	0.224035	0.00186864	0.00632017	0.0041289	0.00500822	0.011108	0.00607224	0.0478299	0.00645742	0.0124166
50	0.0199519	0.0121835	0.00750135	0.0136375	0.198857	0.004053	0.130249	0.0463375	0.00687307	0.0355971	0.0130684	0.0133874	0.00196416	0.00961924	0.00515447	0.00917035	0.0163275	0.0180019	0.0581627	0.379903
51	0.0307099	0.0551139	0.00686398	0.0254111	0.0187021	0.00143523	0.0198106	0.0289938	0.180589	0.118389	0.0463593	0.0378084	0.0124524	0.0636842	0.17281	0.0447709	0.0868611	0.0457523	0.000654152	0.00282928
52	0.085923	0.00305568	0.0397017	0.236001	0.00201692	0.00802302	0.0501049	0.00326114	0.0970091	0.0580074	0.0224655	0.175845	0.00147737	0.103009	0.0231672	0.046694	0.0100303	0.0318512	0.000560027	0.00179675
53	0.0439732	0.0175602	0.00872245	0.00636708	0.00111138	0.0238812	0.00188519	0.012375	0.310101	0.00607897	0.00163605	0.0533406	0.00208036	0.0533225	0.326632	0.0600422	0.0379609	0.0247013	0.000492597	0.00773614
54	0.0268806	0.0104345	0.0123576	0.0186704	0.149185	0.0107565	0.0724914	0.189215	0.0147462	0.0462914	0.0170898	0.0158044	0.00747795	0.0152183	0.0127793	0.0231856	0.0253956	0.12497	0.17953	0.0275201
55	0.114348	0.0192189	0.015863	0.0210795	0.0158153	0.418717	0.00935815	0.0849012	0.0209569	0.0430946	0.0213522	0.0260418	0.0103943	0.0218159	0.0170434	0.0337338	0.0391594	0.0535841	0.00362592	0.00989708
56	0.0223693	0.00355966	0.00367603	0.00465905	0.00975931	0.00321756	0.00262717	0.157438	0.0425608	0.228374	0.0441608	0.00396767	0.092287	0.0189665	0.0146555	0.0199782	0.0465609	0.277498	0.0010808	0.002603
57	0.275075	0.0593983	0.0137921	0.00889161	0.0031064	0.528495	0.00374314	0.00681462	0.00222963	0.00602549	0.00702423	0.0123605	0.00118512	0.00268144	0.00178573	0.0330297	0.00607117	0.0258726	0.000538577	0.00187997
58	0.467185	0.125095	0.0105133	0.00627424	0.00487269	0.202623	0.00586931	0.00932039	0.00369866	0.0055214	0.0101082	0.00345712	0.00174064	0.00445622	0.00342873	0.078291	0.00989062	0.043506	0.000763503	0.00338449
59	0.00345418	0.000961126	0.000495017	0.00188995	0.00617391	0.000475512	0.000491619	0.402689	0.0017465	0.384283	0.0319492	0.000673243	0.000444568	0.00407353	0.00050801	0.00214283	0.00213317	0.15452	0.00015457	0.000740894
60	0.01309	0.00637888	0.00050795	0.000842289	0.00646462	0.000480839	0.000476066	0.46663	0.000580649	0.0624203	0.00197632	0.000671521	0.000290643	0.00125964	0.000485713	0.00146776	0.00482237	0.428697	0.000143683	0.00231395
61	0.00112526	0.00076765	0.0003776	0.000648007	0.0158022	0.000362015	0.000358221	0.16597	0.00383294	0.663655	0.0596206	0.000507063	0.000322178	0.0027676	0.000343994	0.00356184	0.00344903	0.0758392	0.000166527	0.000522574
62	0.153745	0.0104733	0.00507939	0.00298432	0.00263305	0.0240574	0.0124562	0.0121674	0.00453091	0.0288835	0.0184527	0.0189285	0.00262689	0.0108532	0.0229256	0.443874	0.212309	0.00973532	0.000859887	0.00242477
63	0.0658825	0.0111609	0.023221	0.03618	0.0107084	0.0142817	0.0172973	0.0268275	0.0506997	0.052705	0.0135578	0.0203147	0.366033	0.0259464	0.0201828	0.0935967	0.0793587	0.0532413	0.00240548	0.0163992
64	0.0494073	0.0334768	0.05456	0.0286883	0.0113239	0.0186703	0.0182582	0.0186438	0.0560757	0.0378133	0.0151045	0.0990719	0.010952	0.0309639	0.0301613	0.13872	0.304247	0.0306201	0.00195196	0.0112899
65	0.0535498	0.0157225	0.0161888	0.0248733	0.00344559	0.0233912	0.0117691	0.0120554	0.268784	0.0187978	0.00768149	0.0551664	0.00807915	0.0742568	0.274134	0.06168	0.0391947	0.0211616	0.00156411	0.00850473
66	0.0446408	0.00450406	0.332246	0.329587	0.00210924	0.0155965	0.0329842	0.00421384	0.0274043	0.0105381	0.0087753	0.0392331	0.0180643	0.038142	0.00801057	0.0452073	0.0235228	0.0113413	0.000600839	0.00327764
67	0.00567733	0.00225993	0.000736447	0.00209495	0.0317974	0.00118105	0.00121962	0.182329	0.00549036	0.588569	0.0610831	0.00170652	0.00241765	0.00381625	0.00178255	0.00506401	0.00763417	0.0913254	0.000899105	0.00291512
68	0.499468	0.0887308	0.00251111	0.00208216	0.00816171	0.0277501	0.0015946	0.0126705	0.00157482	0.00570947	0.00216763	0.00200789	0.00110403	0.0034472	0.00149185	0.202053	0.0797419	0.0543419	0.000345355	0.00304652
69	0.0836994	0.00413474	0.00338166	0.0409925	0.0963398	0.0247948	0.00392155	0.105868	0.00624706	0.184359	0.0426527	0.00727701	0.00158433	0.0308952	0.0340346	0.0220092	0.0408112	0.201268	0.00230782	0.0634213
70	0.0623417	0.0174394	0.0440718	0.0732764	0.0102	0.024493	0.0567721	0.0221615	0.114447	0.0492165	0.0231013	0.0479617	0.0139781	0.166505	0.0867949	0.0616517	0.052135	0.0360079	0.00420702	0.0332384
71	0.0136193	0.00981523	0.00476496	0.00573243	0.0101833	0.0107132	0.00177898	0.405468	0.00963089	0.0608464	0.0607318	0.00342955	0.00128127	0.00380978	0.00275107	0.0430304	0.25596	0.0939987	0.000633851	0.00182125
72	0.0116177	0.00190569	0.00189939	0.00208144	0.676573	0.00169193	0.00205345	0.00414385	0.00212738	0.0221988	0.00271068	0.00278693	0.0014559	0.00269607	0.00182273	0.00401259	0.00346294	0.00378247	0.0214486	0.229528
73	0.0885112	0.00561817	0.119643	0.337694	0.0009559	0.0381912	0.0199828	0.00494633	0.0482257	0.0273169	0.017154	0.0519224	0.0180659	0.112656	0.0187033	0.0587796	0.0214705	0.00685548	0.00039834	0.00290933
74	0.0287219	0.01857	0.00404104	0.0682382	0.00324318	0.00322535	0.00281122	0.146608	0.00660987	0.0324777	0.0116649	0.00816665	0.00242188	0.0416551	0.0143539	0.020765	0.129022	0.453639	0.0010518	0.00271371
75	0.00597411	0.0052786	0.000769512	0.00393211	0.319943	0.00398126	0.000712197	0.144579	0.00595012	0.292587	0.0868441	0.00500682	0.0102795	0.00165499	0.00152411	0.00188453	0.00586494	0.0965189	0.00221998	0.00449546
76	0.0476479	0.0243916	0.00793561	0.00760086	0.00294008	0.0220484	0.00299925	0.0185802	0.278084	0.0197842	0.00627159	0.0628118	0.00312053	0.0572099	0.285964	0.0571046	0.0497268	0.0364095	0.000465701	0.00890342
77	0.111706	0.0104681	0.0633059	0.103304	0.0049818	0.0331028	0.0176073	0.0127224	0.125466	0.0738086	0.0429805	0.0633943	0.00590155	0.0867043	0.0381121	0.0869776	0.0661216	0.0447981	0.00361987	0.00491632
78	0.0138888	0.00669174	0.000584802	0.0009825	0.00715854	0.00051082	0.00050248	0.464439	0.000597201	0.0653765	0.00498378	0.00073059	0.000306013	0.0013552	0.000517897	0.0017074	0.00504274	0.422091	0.00029088	0.00224185
79	0.125551	0.00490792	0.0063509	0.0105146	0.00108536	0.789731	0.000961256	0.00389242	0.00122062	0.00700377	0.00228389	0.0228296	0.000585949	0.00159402	0.00112767	0.00738202	0.00712285	0.00459862	0.000309583	0.000947558
80	0.0669139	0.00809133	0.0288713	0.0575488	0.00476995	0.0260686	0.0255932	0.00638934	0.229852	0.0222013	0.0138321	0.0369286	0.0229207	0.13674	0.193978	0.0633374	0.0347105	0.00464473	0.00474292	0.011865
81	0.371506	0.0943029	0.0104113	0.0064961	0.00337193	0.375208	0.00368438	0.00657819	0.00271824	0.00569591	0.0115911	0.00750196	0.0011908	0.00311144	0.00213546	0.053507	0.00579787	0.0319248	0.000694373	0.0025717
82	0.0627542	0.285563	0.00446959	0.00374008	0.00374673	0.00296008	0.00293976	0.0856822	0.00458451	0.160688	0.0360575	0.0290143	0.00233611	0.00499531	0.00366028	0.00743017	0.060342	0.234978	0.00105631	0.00300201
83	0.0043898	0.000951016	0.000557282	0.00269998	0.00133923	0.000608389	0.000515384	0.524717	0.000669117	0.252248	0.0210316	0.000858584	0.000451675	0.0049198	0.000605321	0.00147505	0.00134686	0.179829	0.00018348	0.000603638
84	0.0146566	0.00982739	0.00571305	0.00601299	0.0102213	0.0104064	0.0018301	0.393681	0.0099222	0.0568007	0.0625814	0.00400436	0.00140182	0.00431445	0.00327702	0.0431125	0.256477	0.102985	0.00063975	0.00213475
85	0.130694	0.00949636	0.0116422	0.0141081	0.00258357	0.72735	0.00521129	0.00590026	0.00239819	0.00979823	0.00429068	0.0246509	0.00262378	0.00552228	0.00294121	0.0188586	0.00953689	0.00686741	0.000437697	0.00508879
86	0.0305213	0.0348101	0.00186823	0.00210102	0.0223114	0.00196337	0.00123911	0.320325	0.00271515	0.11623	0.190175	0.00206869	0.000667166	0.00193036	0.00151495	0.0203271	0.0540979	0.19342	0.000531557	0.00118236
87	0.0910335	0.066738	0.036785	0.0131331	0.0197995	0.0274666	0.0195834	0.0169681	0.0348939	0.0254308	0.0144364	0.130611	0.0057827	0.0256883	0.0154394	0.280005	0.132207	0.0166512	0.00202508	0.0253211
88	0.00672371	0.00287298	0.000535523	0.00273123	0.00311334	0.000679381	0.000570452	0.509876	0.000998163	0.1864	0.0204688	0.000795691	0.00100592	0.0047925	0.000709899	0.00193282	0.00314387	0.251082	0.000186775	0.00138189
89	0.00414115	0.000846229	0.000575588	0.00271426	0.001235	0.000609182	0.00053618	0.524693	0.000676439	0.258933	0.021368	0.000862955	0.000477839	0.004878	0.000612491	0.00150557	0.00130022	0.173288	0.000184812	0.000561785
90	0.013181	0.00640238	0.000514087	0.000834783	0.0065023	0.000484276	0.00047629	0.466153	0.000582471	0.0621646	0.00191149	0.000674576	0.000290903	0.00124403	0.000484176	0.00147437	0.00484392	0.429329	0.000143689	0.00230814
91	0.454617	0.131382	0.01121	0.00666319	0.00505979	0.216887	0.00646336	0.00937262	0.00415031	0.00570753	0.011067	0.00373873	0.00180422	0.00503883	0.00376418	0.0692203	0.00657216	0.0429448	0.000886367	0.00345034
92	0.194131	0.0480149	0.0141122	0.00772213	0.00516419	0.0156097	0.00636991	0.0129694	0.016633	0.0193575	0.00951102	0.0236532	0.00794533	0.0122182	0.0126694	0.261731	0.300199	0.0270615	0.00111086	0.00381598
93	0.06395	0.00977743	0.0168089	0.0165069	0.0073325	0.011208	0.0103139	0.0220061	0.0468018	0.0481144	0.0110668	0.0174842	0.390358	0.0181426	0.0118586	0.105962	0.125947	0.0560013	0.00140691	0.00895248
94	0.141845	0.0120238	0.010167	0.0158566	0.00200053	0.716177	0.00284753	0.00559277	0.00601576	0.0104985	0.00398779	0.0230637	0.00362723	0.00547207	0.00411775	0.0156243	0.00850299	0.00942284	0.000428801	0.0027285
95	0.0404288	0.0127756	0.0161142	0.0312697	0.00769353	0.0178512	0.0213786	0.0208714	0.265253	0.0427111	0.0151333	0.0292412	0.0111281	0.0712411	0.28835	0.044153	0.0327976	0.0198243	0.00178771	0.00999571
96	0.000840464	0.000771354	0.000367835	0.000485205	0.0170601	0.000345328	0.000358868	0.133264	0.00429671	0.699413	0.0627172	0.000464009	0.000256629	0.00256091	0.000327329	0.00372085	0.00361829	0.0683889	0.000162578	0.000580343
97	0.0329565	0.00968848	0.0111397	0.0172298	0.0205009	0.0100084	0.0111295	0.0847542	0.0358696	0.409888	0.049863	0.0158396	0.0110381	0.0610807	0.0214357	0.0561449	0.0335004	0.0948803	0.00390735	0.00914504
98	0.0537154	0.00341631	0.0192452	0.0130191	0.018057	0.0102231	0.282686	0.00446214	0.00342371	0.0436148	0.00374909	0.0303993	0.00174223	0.192408	0.0163596	0.0502007	0.0276213	0.00543356	0.00636277	0.21386
99	0.0502338	0.00942527	0.0383547	0.0422804	0.0149536	0.0143191	0.20992	0.00855036	0.0486152	0.0393637	0.0124832	0.0381794	0.0104731	0.181299	0.0427261	0.0567114	0.0351402	0.0133982	0.00611855	0.127455
100	0.0024802	0.0102831	0.000698881	0.00117908	0.0246433	0.000768793	0.00125093	0.0924336	0.00531029	0.615224	0.167118	0.00103798	0.00566827	0.00256106	0.00145983	0.00491297	0.00335633	0.0491848	0.00509123	0.00533719
101	0.0334149	0.00347428	0.397114	0.165348	0.00206154	0.0353037	0.0411304	0.00210579	0.0130572	0.00654048	0.0089636	0.11164	0.00852527	0.0436334	0.00427173	0.0702212	0.0390658	0.00806728	0.000266788	0.00579491
102	0.065037	0.00846365	0.0933242	0.281341	0.0017304	0.0285074	0.0234915	0.00482447	0.0476769	0.0257042	0.0180014	0.0614047	0.00635281	0.176102	0.0228972	0.0690631	0.0477786	0.0153125	0.000667805	0.00231874
103	0.075635	0.0568553	0.0560871	0.0127606	0.00715403	0.0214158	0.00969857	0.00764302	0.0170882	0.0169781	0.00677733	0.122256	0.00692515	0.0144463	0.00624049	0.260779	0.275841	0.0143146	0.00133464	0.00976985
104	0.229148	0.00505916	0.0226725	0.0207606	0.00608776	0.00368457	0.00350028	0.0508162	0.00620068	0.036447	0.00738393	0.00723993	0.220745	0.0228437	0.00338135	0.110467	0.0805467	0.094764	0.00104829	0.0672035
105	0.0719374	0.0623379	0.0412247	0.0250352	0.0209402	0.0840962	0.029604	0.00806972	0.00460079	0.100156	0.0649609	0.179361	0.00369344	0.048195	0.00541277	0.0872609	0.0742687	0.0083416	0.00132066	0.0791822
106	0.00879066	0.0201469	0.00171207	0.00431005	0.173826	0.00279605	0.00315065	0.0813487	0.00732538	0.373208	0.204168	0.00467523	0.0107567	0.0042453	0.00388254	0.00610496	0.006273	0.0523455	0.0159636	0.0149707
107	0.0223999	0.00325372	0.455718	0.117328	0.00269859	0.0346418	0.0303789	0.0021175	0.00540245	0.0028182	0.0065568	0.139556	0.00302166	0.0273886	0.0016447	0.0773409	0.0507775	0.00962438	0.000323538	0.00700807
108	0.297282	0.0340247	0.0030856	0.00217615	0.00503438	0.00435608	0.00209796	0.0630802	0.00742527	0.0661128	0.030643	0.0126938	0.0483209	0.00307193	0.0022319	0.0693927	0.221918	0.121721	0.0005751	0.00475686
109	0.0315244	0.0106917	0.107117	0.00763006	0.0108536	0.0571952	0.0197005	0.00533522	0.0048924	0.0236661	0.00757731	0.384179	0.015554	0.0718894	0.0159471	0.135156	0.0495367	0.00595988	0.00093991	0.0346544
110	0.00100281	0.00207816	0.000383536	0.000536796	0.0176024	0.000381064	0.000408662	0.124661	0.00403249	0.69402	0.0745038	0.000653372	0.000903295	0.00247026	0.000444519	0.00358942	0.00352523	0.0654858	0.00120989	0.00210792
111	0.0160279	0.0012469	0.0018206	0.0234041	0.00339551	0.00407929	0.0268276	0.0158489	0.392716	0.0437573	0.00500459	0.00247833	0.00536787	0.0650717	0.354022	0.0185552	0.00895175	0.00681632	0.001194	0.00341396
112	0.0317025	0.0331626	0.00111308	0.00133557	0.02491	0.00105487	0.00112318	0.32338	0.00148961	0.114152	0.201468	0.00163252	0.000560117	0.0016	0.0013294	0.0154938	0.0306363	0.212441	0.000412369	0.00100341
113	0.0030217	0.00128554	0.000440028	0.000878298	0.0445312	0.000710147	0.000546764	0.135345	0.00487935	0.653076	0.0643944	0.000992054	0.00110328	0.00258192	0.00104509	0.00374614	0.00453862	0.0740584	0.000653675	0.00217253
114	0.0137238	0.00692226	0.000520487	0.000911774	0.00666153	0.000520504	0.000617081	0.46386	0.000689387	0.0630437	0.004117	0.000741567	0.000348188	0.00131644	0.000508267	0.00169067	0.00525346	0.426089	0.000152996	0.00231114
115	0.00295461	0.00268901	0.000414628	0.000680583	0.026795	0.000545049	0.00045294	0.148147	0.00589748	0.646744	0.0702986	0.00102192	0.000556492	0.00287047	0.0012251	0.00463493	0.00526164	0.0775803	0.000281363	0.000948171
116	0.033169	0.00820546	0.428797	0.171431	0.00645649	0.0202153	0.0501714	0.00842734	0.0185159	0.0132172	0.0113397	0.0674605	0.00810354	0.0282542	0.00999233	0.0552926	0.0380183	0.0142654	0.0017376	0.00692973
117	0.0662888	0.00935584	0.160581	0.280358	0.00591023	0.0283763	0.02625	0.017728	0.0575001	0.0297351	0.0179305	0.0443539	0.0251103	0.0731908	0.0297598	0.0527751	0.0370706	0.0282795	0.00178463	0.00766111
118	0.198825	0.0216762	0.0037068	0.0086302	0.0233606	0.0140207	0.00389327	0.192766	0.00943373	0.0871694	0.0242571	0.00806029	0.0187975	0.0085409	0.00529313	0.0490137	0.0648712	0.243506	0.00199772	0.0121795
119	0.0352589	0.00818847	0.406988	0.160947	0.00699181	0.0212445	0.0486715	0.00863081	0.0226671	0.0183328	0.0137841	0.0657843	0.00867943	0.031513	0.0134729	0.0591642	0.0436921	0.0158577	0.00183619	0.00829537
120	0.0339161	0.0504199	0.00880202	0.0274383	0.0167754	0.00404343	0.0195305	0.0311363	0.180828	0.111157	0.0445142	0.040211	0.012579	0.0717304	0.177508	0.0451818	0.0781267	0.0407506	0.000978294	0.00437268
121	0.0326073	0.0608731	0.00121641	0.00157904	0.0215283	0.00101955	0.00128282	0.298655	0.00193628	0.123965	0.187137	0.00394271	0.00075097	0.00180192	0.00157043	0.0143317	0.0319853	0.21222	0.000496709	0.00110132
122	0.00222272	0.00190937	0.000384313	0.000520239	0.0185333	0.000428471	0.000419794	0.135576	0.0045624	0.679519	0.070069	0.00061363	0.000476962	0.0027788	0.00077556	0.00386309	0.0046756	0.0706963	0.000483236	0.00149267
123	0.0248559	0.0038099	0.426909	0.263384	0.00231859	0.0112874	0.0690811	0.00340794	0.0204012	0.00740793	0.00789381	0.0400762	0.00724589	0.0266055	0.00663226	0.0398214	0.0237582	0.0105086	0.000656597	0.00393806
124	0.0205545	0.0222541	0.00183919	0.00210702	0.0162909	0.00157401	0.0152384	0.0291663	0.0366681	0.310202	0.417186	0.00302641	0.00671841	0.00907477	0.0180427	0.0356281	0.00475657	0.0211093	0.0039297	0.0246334
125	0.122782	0.0122293	0.0509613	0.0245611	0.00281186	0.556973	0.00621574	0.00535082	0.00907748	0.012533	0.00651058	0.0652163	0.00336073	0.0174778	0.00611717	0.064279	0.0194434	0.00695459	0.000660982	0.0064841
126	0.0242764	0.00767187	0.00628101	0.0074521	0.467595	0.00537463	0.0180518	0.0438427	0.0093986	0.101814	0.0262659	0.0131615	0.00614111	0.0126336	0.00752237	0.0184617	0.0158417	0.0399133	0.0146461	0.153655
127	0.0675914	0.00848125	0.0273976	0.0566697	0.00537686	0.0247743	0.0242082	0.00689936	0.228962	0.0235921	0.0135122	0.0348795	0.0217895	0.139868	0.188927	0.0659115	0.0367037	0.00655566	0.00514547	0.012755
128	0.116721	0.0214258	0.098613	0.110513	0.00329618	0.0264768	0.0175773	0.0117834	0.0318691	0.0250373	0.0194174	0.0446539	0.016006	0.13647	0.0150964	0.0756127	0.201839	0.0236788	0.000924617	0.00298779
129	0.000996745	0.000796569	0.000384569	0.000609927	0.0163072	0.000350122	0.000378905	0.158834	0.00418803	0.67021	0.0605065	0.000485807	0.000285253	0.00270092	0.000340628	0.00386888	0.00342428	0.0745663	0.000169704	0.0005954
130	0.0191196	0.0105744	0.319166	0.0176197	0.035665	0.00649993	0.00786954	0.00983556	0.0965588	0.0159593	0.00709796	0.0778552	0.00664783	0.0112408	0.0511877	0.0663152	0.188681	0.0446394	0.00180525	0.00566195
131	0.332957	0.0302906	0.0356612	0.0126394	0.00496873	0.0574027	0.0064693	0.0152429	0.00292615	0.0157704	0.00336939	0.0642507	0.0135879	0.00387509	0.0122889	0.356687	0.0149461	0.00583538	0.00311817	0.00771322
132	0.0121926	0.00732217	0.000678973	0.0023444	0.00702424	0.000706718	0.00055734	0.480736	0.00186195	0.154454	0.016759	0.00116934	0.00182386	0.00363556	0.000788527	0.00332375	0.00866161	0.293992	0.000222332	0.00174516
133	0.0039966	0.000859354	0.000592213	0.00280022	0.00121262	0.000584109	0.000536634	0.527454	0.000678772	0.249775	0.0214137	0.0008427	0.000479655	0.00496947	0.000624358	0.00145863	0.00131644	0.179635	0.000176047	0.000594206
134	0.117859	0.0105778	0.0915417	0.245198	0.000808523	0.0489351	0.0153529	0.00900775	0.060043	0.0392409	0.0236645	0.0628346	0.00450787	0.117777	0.0249082	0.0789415	0.0342899	0.011827	0.000434228	0.00224968
135	0.057092	0.00256276	0.0205891	0.0138476	0.0137123	0.0110154	0.273171	0.00350669	0.00283477	0.0440064	0.00344023	0.0332723	0.00157341	0.194812	0.0173298	0.0565631	0.0285522	0.00445508	0.00592067	0.211744
136	0.00827824	0.00203399	0.000806042	0.00231163	0.123467	0.00205198	0.000793007	0.142161	0.0202597	0.512522	0.064553	0.0064957	0.0032623	0.00433552	0.0103671	0.00624451	0.00923271	0.0741302	0.00211496	0.00458044
137	0.0491749	0.0302354	0.0221418	0.051653	0.00787248	0.0167002	0.0213363	0.0149559	0.219781	0.0503837	0.0222229	0.0388434	0.0151475	0.0894039	0.214787	0.0532482	0.0503574	0.0213818	0.0024862	0.00788775
138	0.0566207	0.00812019	0.0374669	0.0448393	0.0131752	0.0159233	0.193762	0.00881579	0.0488381	0.0426277	0.0104854	0.035433	0.00999773	0.197932	0.0440675	0.057316	0.0343068	0.0138684	0.00445686	0.121947
139	0.0607321	0.0268155	0.0119143	0.00910396	0.00726702	0.0108544	0.00744845	0.0510915	0.0164709	0.0482692	0.0178031	0.0255216	0.00733884	0.00948863	0.0105619	0.260216	0.385464	0.0265716	0.00216068	0.00490665
140	0.00801523	0.027611	0.00175456	0.00242092	0.0255342	0.00158314	0.00557677	0.0440307	0.010387	0.424211	0.343244	0.00218891	0.0142183	0.00588063	0.00538701	0.0114124	0.00406507	0.0295296	0.0139928	0.0189568
141	0.00838644	0.0132419	0.00111484	0.00198553	0.0242586	0.0022502	0.00467855	0.0795598	0.0118738	0.528243	0.2242	0.0024854	0.00618328	0.00547045	0.00563938	0.0127819	0.00515968	0.0448361	0.00524762	0.0124034
142	0.0138169	0.00326951	0.00271371	0.0024147	0.616547	0.00219735	0.0150958	0.00610272	0.0026447	0.0232469	0.00563567	0.00615633	0.0014134	0.00436434	0.0022935	0.00465745	0.00519929	0.00546782	0.0203916	0.256372
143	0.126586	0.0344159	0.0229734	0.0146019	0.00724744	0.0201847	0.00982248	0.0185475	0.0239613	0.0218485	0.0141699	0.0358367	0.0136058	0.0189639	0.0208668	0.309439	0.253819	0.0258611	0.00132775	0.00592094
144	0.350041	0.0462116	0.0241109	0.0338428	0.0140124	0.076217	0.0135957	0.0256559	0.0264985	0.0268197	0.0126425	0.0179481	0.0141613	0.0282287	0.0219883	0.147498	0.0512669	0.0525286	0.00228295	0.0144494
145	0.0559693	0.0256196	0.0115953	0.0151474	0.0164642	0.010647	0.00603693	0.241489	0.0203658	0.0790964	0.0499953	0.0140927	0.0121565	0.0160626	0.0132841	0.06111	0.214737	0.126518	0.002903	0.00670989
146	0.0409904	0.00739078	0.0169075	0.0592721	0.0303718	0.0162259	0.0088134	0.151853	0.0277558	0.259339	0.0355349	0.0140683	0.0140104	0.0850527	0.0245546	0.0201836	0.0347634	0.133191	0.00343591	0.0162862
147	0.0266484	0.0552111	0.0169137	0.00704022	0.00377528	0.00214266	0.00176657	0.00699836	0.0225169	0.013648	0.00288201	0.0423059	0.0031146	0.0034118	0.00216821	0.221289	0.547323	0.0181717	0.000683162	0.0019897
148	0.0360412	0.00648864	0.019052	0.0321923	0.00916343	0.0153492	0.0340896	0.0063967	0.296273	0.0145585	0.00712507	0.101478	0.0170638	0.0974733	0.173859	0.0606324	0.0469545	0.0122279	0.00223117	0.01135
149	0.0586492	0.0119542	0.0922739	0.0465388	0.00712007	0.0584169	0.0260822	0.00812308	0.149734	0.0212454	0.0106583	0.0762664	0.0105482	0.0850331	0.0851402	0.138516	0.093409	0.0139091	0.00133266	0.00504878
150	0.0122899	0.00594641	0.00050265	0.00101228	0.00588246	0.00047225	0.000470856	0.472646	0.000571353	0.0762071	0.00339779	0.000664553	0.00028451	0.00159024	0.000489397	0.00144846	0.00449652	0.409296	0.000148997	0.00218169
151	0.0668774	0.00805202	0.0290843	0.0574066	0.00475518	0.0264525	0.0255511	0.00637862	0.229346	0.02216	0.0137554	0.0374698	0.0227123	0.136621	0.193373	0.063925	0.0349291	0.0046499	0.00471132	0.0117898
152	0.0755562	0.00973681	0.165596	0.20767	0.00205728	0.039124	0.0453279	0.00586629	0.0622463	0.0259407	0.0273969	0.0620958	0.010162	0.117943	0.036356	0.0570426	0.0316473	0.01271	0.000988618	0.00453682
153	0.0453801	0.0114984	0.00801636	0.0125297	0.0805253	0.00804239	0.0435498	0.071227	0.0156849	0.274825	0.0836859	0.0161277	0.0132598	0.0328665	0.0168609	0.0292449	0.0264553	0.0781079	0.0115896	0.120522
154	0.31855	0.111964	0.0411373	0.0411097	0.0100614	0.111599	0.0344108	0.0377408	0.0140048	0.0179018	0.0130792	0.0134089	0.0121228	0.0198325	0.00811638	0.080193	0.0224595	0.0819261	0.00192188	0.00845904
155	0.0668433	0.0100938	0.024071	0.0508195	0.0056561	0.0221932	0.0217539	0.00948071	0.230268	0.0337447	0.0154401	0.0340599	0.0183061	0.127552	0.194456	0.0597657	0.0434825	0.0143899	0.00411173	0.0135121
156	0.00818745	0.0037805	0.000539006	0.000824358	0.0199068	0.000375963	0.000897958	0.144079	0.00397697	0.6362	0.0714838	0.000765706	0.000351586	0.00260363	0.000589102	0.00425144	0.00838055	0.0893916	0.00017018	0.00324364
157	0.0776927	0.0125272	0.0330824	0.0857379	0.0117573	0.0154324	0.022695	0.0159289	0.137943	0.0981286	0.0487418	0.0328814	0.00491898	0.100885	0.0600217	0.0535322	0.0944703	0.0794434	0.00571524	0.00846457
158	0.0232229	0.0298869	0.0260146	0.00714323	0.15297	0.00649272	0.0910344	0.01408	0.0134728	0.0368633	0.0284445	0.0291024	0.00319709	0.0559011	0.0281557	0.0710995	0.0378642	0.0105345	0.00871677	0.325803
159	0.00989755	0.00460129	0.000501516	0.00137946	0.00478819	0.000428842	0.00049099	0.495959	0.000580945	0.105741	0.00701732	0.000687522	0.00033201	0.00240323	0.000426036	0.00136887	0.00365535	0.357793	0.000138432	0.00180949
160	0.336896	0.027117	0.0131269	0.0209857	0.00646691	0.0671749	0.00256517	0.00517182	0.00146044	0.00502876	0.00146462	0.0292891	0.00312364	0.00179282	0.00340818	0.443187	0.0145651	0.00296385	0.00543126	0.00878173
161	0.314198	0.0181472	0.00248656	0.00267556	0.0079579	0.00636244	0.00133502	0.0818314	0.0127112	0.0640212	0.0170017	0.00798039	0.0503808	0.00305558	0.00174145	0.0720485	0.121156	0.203453	0.000489771	0.0109658
162	0.0472796	0.00427434	0.0313892	0.050929	0.00279336	0.10835	0.00949997	0.00679081	0.104478	0.0332202	0.00516704	0.143684	0.00469248	0.056045	0.0791473	0.154557	0.14724	0.00726123	0.000834826	0.00236613
163	0.0175885	0.0105987	0.0029707	0.00522568	0.034951	0.0021895	0.00269656	0.156148	0.00956452	0.522388	0.0588912	0.00426899	0.00635184	0.00745003	0.00586507	0.00972042	0.0170198	0.115996	0.00134341	0.008771
164	0.0154366	0.018501	0.0815096	0.212618	0.00280358	0.00531128	0.0401607	0.0041554	0.0882066	0.0219789	0.0277373	0.0411004	0.00179979	0.193924	0.0435724	0.0310914	0.115335	0.0508934	0.00117778	0.00268646
165	0.05316	0.0135711	0.0595865	0.0642305	0.0116312	0.0281885	0.0473256	0.0139397	0.113684	0.0354403	0.0227993	0.128249	0.014369	0.138653	0.0656615	0.0766961	0.0537692	0.0268401	0.00368166	0.028524
166	0.00886955	0.0405716	0.00567539	0.00443619	0.0797013	0.00383467	0.0472636	0.0565118	0.0408295	0.0411479	0.0380772	0.166958	0.00217879	0.0104594	0.0207866	0.264376	0.0513728	0.0084126	0.0013757	0.107162
167	0.0953906	0.00840832	0.00192502	0.0122062	0.108122	0.00613871	0.00822358	0.10933	0.00256335	0.22707	0.0455987	0.00398778	0.00149169	0.00953849	0.00938985	0.00654333	0.0444612	0.222414	0.0035	0.0736975
168	0.0317025	0.0331626	0.00111308	0.00133557	0.02491	0.00105487	0.00112318	0.32338	0.00148961	0.114152	0.201468	0.00163252	0.000560117	0.0016	0.0013294	0.0154938	0.0306363	0.212441	0.000412369	0.00100341
169	0.0263136	0.024642	0.00348844	0.0689019	0.00333796	0.00326849	0.00253515	0.18391	0.00578504	0.0419344	0.0102312	0.00600378	0.00170079	0.0317538	0.0158655	0.0215223	0.102243	0.442948	0.000649587	0.00296416
170	0.0472514	0.263608	0.00230244	0.00553341	0.00314231	0.00216465	0.00229996	0.104195	0.00345952	0.128718	0.0383015	0.0191009	0.0015571	0.0057443	0.00377249	0.00691603	0.0803327	0.278716	0.00101384	0.00187018
171	0.0868602	0.00168841	0.130436	0.353318	0.00125679	0.0276528	0.035081	0.00280838	0.0560416	0.00794153	0.0035667	0.0450713	0.117573	0.0554186	0.0103404	0.0399008	0.00959218	0.00964215	0.000429692	0.00538053
172	0.100673	0.00924788	0.0830081	0.0604955	0.00977523	0.0508173	0.0098792	0.165478	0.0125818	0.18526	0.0138904	0.0130757	0.0894961	0.0588844	0.0105187	0.0229366	0.0238216	0.0682379	0.00232259	0.00960041
173	0.0908429	0.0019535	0.125536	0.369883	0.0010951	0.030412	0.0446763	0.00254036	0.0477571	0.00844172	0.00591523	0.0451091	0.0738557	0.0793012	0.00921756	0.0351613	0.0127722	0.0076763	0.000368602	0.00748461
174	0.0177155	0.0178805	0.123835	0.230974	0.0021085	0.00909618	0.0644028	0.00336842	0.0899205	0.01364	0.0322016	0.0474967	0.00254453	0.180304	0.0533479	0.0296389	0.0542834	0.0245992	0.000633281	0.00200874
175	0.0383186	0.0116337	0.016092	0.0315811	0.0144968	0.0156728	0.0256223	0.0188592	0.291353	0.0410357	0.0157296	0.0507167	0.013427	0.0740492	0.216798	0.0509282	0.0402978	0.0210805	0.00229153	0.0100163
176	0.000840464	0.000771354	0.000367835	0.000485205	0.0170601	0.000345328	0.000358868	0.133264	0.00429671	0.699413	0.0627172	0.000464009	0.000256629	0.00256091	0.000327329	0.00372085	0.00361829	0.0683889	0.000162578	0.000580343
177	0.0222844	0.00423569	0.394283	0.0838974	0.00515447	0.0417219	0.014905	0.00239224	0.00772457	0.00433259	0.00376895	0.207301	0.00292077	0.0308392	0.00263015	0.0969298	0.0590909	0.00770508	0.00040707	0.00747551
178	0.110268	0.0101351	0.00107924	0.00281723	0.0771156	0.0018722	0.00493904	0.115081	0.00144309	0.257079	0.0502326	0.00173165	0.000653389	0.00325523	0.00301902	0.00301039	0.0561011	0.24673	0.000611648	0.0528257
179	0.00237624	0.00143522	0.000415673	0.000816389	0.0419958	0.000672182	0.00044908	0.133448	0.00468815	0.660032	0.0665573	0.00094311	0.00112619	0.00254953	0.00068126	0.00364907	0.00440367	0.0714796	0.000575934	0.00170539
180	0.0116177	0.00190569	0.00189939	0.00208144	0.676573	0.00169193	0.00205345	0.00414385	0.00212738	0.0221988	0.00271068	0.00278693	0.0014559	0.00269607	0.00182273	0.00401259	0.00346294	0.00378247	0.0214486	0.229528
181	0.143503	0.0018016	0.00187124	0.00180877	0.00178502	0.0300868	0.0147905	0.0104824	0.0021795	0.0185379	0.0220819	0.0183667	0.00101188	0.0113866	0.0290866	0.492384	0.193374	0.00337474	0.000444465	0.00164269
182	0.0214858	0.00698353	0.00577228	0.00601552	0.487346	0.00496518	0.0142963	0.0502166	0.00797295	0.0987102	0.0317758	0.00817306	0.00574217	0.00819826	0.00533018	0.0126719	0.0107102	0.0372801	0.0175138	0.15884
183	0.00414115	0.000846229	0.000575588	0.00271426	0.001235	0.000609182	0.00053618	0.524693	0.000676439	0.258933	0.021368	0.000862955	0.000477839	0.004878	0.000612491	0.00150557	0.00130022	0.173288	0.000184812	0.000561785
184	0.0139579	0.000967486	0.000872939	0.0212542	0.00343596	0.00345439	0.0254844	0.016155	0.400513	0.0434544	0.00446043	0.00116621	0.00478273	0.0583406	0.3667	0.0161917	0.00805156	0.0067696	0.000928978	0.00305819
185	0.146182	0.00178219	0.00185582	0.0018451	0.00172273	0.0287603	0.0151985	0.0104908	0.00211755	0.0177413	0.0215929	0.0193811	0.000937697	0.0114245	0.0291133	0.487682	0.196859	0.00332422	0.00044697	0.00154197
186	0.00616072	0.00226423	0.00585363	0.0190744	0.018354	0.0033609	0.0650953	0.00389744	0.351392	0.0117367	0.00278671	0.179427	0.0111168	0.0703593	0.0937884	0.0634043	0.0590068	0.0173693	0.000595819	0.0149558
187	0.0297474	0.0500474	0.00705618	0.0240051	0.0169633	0.00246864	0.0164566	0.0305713	0.176195	0.113073	0.0479339	0.0378808	0.0221536	0.0627534	0.154214	0.0531822	0.0998908	0.0508463	0.000920412	0.00364073
188	0.00376447	0.0017611	0.00439194	0.0175958	0.0188103	0.00151202	0.0649598	0.00323977	0.364884	0.0105455	0.00215946	0.181799	0.0111471	0.0697596	0.0892939	0.0610583	0.0604313	0.0175454	0.00047095	0.0148706
189	0.0318158	0.0640153	0.0311258	0.00635054	0.0345165	0.00486643	0.0455078	0.00922264	0.1559	0.0154997	0.025781	0.0722879	0.00326751	0.108581	0.0131628	0.260765	0.0598313	0.0287756	0.00134154	0.0273846
190	0.024967	0.0066898	0.00455236	0.0197706	0.00367593	0.00959948	0.019772	0.0150473	0.358838	0.0357376	0.00579825	0.0163174	0.00532641	0.0602885	0.348058	0.0296435	0.0185279	0.0116755	0.000947772	0.00476653
191	0.0147049	0.0108606	0.00500895	0.00553916	0.011209	0.0111075	0.00156218	0.399606	0.00992779	0.0603582	0.0668277	0.00308857	0.00134466	0.00339828	0.00244166	0.0464241	0.246984	0.0973347	0.000613273	0.00165868
