262	20
1	0.0272066	0.000438486	0.198373	0.220978	0.00162479	0.024537	0.021386	0.000797167	0.131893	0.0142236	0.000624459	0.132799	0.000850418	0.0586144	0.0414545	0.0678136	0.0460561	0.000957853	0.00805135	0.00132037
2	0.276029	0.0381412	0.00372948	0.0191134	0.00344848	0.110337	0.00375137	0.00441682	0.0690692	0.0286649	0.00275314	0.00439515	0.00250414	0.0402913	0.0199574	0.267335	0.0778615	0.0247051	0.00114644	0.00234966
3	0.0975825	0.00422552	0.00488951	0.00614225	0.00516807	0.00550842	0.00498714	0.174446	0.00511676	0.00760148	0.003977	0.00575608	0.00420356	0.00631737	0.0050981	0.0601885	0.252229	0.341304	0.00168736	0.00357151
4	0.0622223	0.00827146	0.00154406	0.00150833	0.032197	0.0215568	0.00126054	0.254968	0.001742	0.00833182	0.00136883	0.00332796	0.000793762	0.0016527	0.0010815	0.0072226	0.00633873	0.582984	0.000470062	0.00115696
5	0.00245709	0.000589535	0.000963271	0.00116636	0.114791	0.000662574	0.0117002	0.00083801	0.000795579	0.0096325	0.000694462	0.00332319	0.000310519	0.00112705	0.000814857	0.00111699	0.00123295	0.00103102	0.00719327	0.83956
6	0.0297964	0.00118152	0.0496174	0.624882	0.00133049	0.019751	0.00494326	0.00188905	0.0118945	0.015699	0.00712371	0.00456796	0.000741073	0.197985	0.0090037	0.00976554	0.00648099	0.00175673	0.000440713	0.00114983
7	0.013039	0.00145055	0.000406829	0.000541438	0.00513215	0.00305173	0.000419359	0.595369	0.00306228	0.0916553	0.0117275	0.000693769	0.00474912	0.00158268	0.00312969	0.00143809	0.00930067	0.25264	0.000183349	0.000427331
8	0.0136886	0.00443282	0.00418121	0.00812109	0.244124	0.000995826	0.0222418	0.00383015	0.00162817	0.0225091	0.00301365	0.00147417	0.00056475	0.00427487	0.00442679	0.00150809	0.00174775	0.00213644	0.104931	0.55017
9	0.0311889	0.00811198	0.00517759	0.0145572	0.0810035	0.00360642	0.00620124	0.112218	0.00669873	0.161094	0.0635084	0.0110366	0.231291	0.00659242	0.00706188	0.00728385	0.0293834	0.159098	0.0332787	0.0216083
10	0.046698	0.00108871	0.00313164	0.0199487	0.00291429	0.00474834	0.0424583	0.00992286	0.298001	0.00435985	0.0169415	0.00688945	0.0214057	0.111539	0.313264	0.0649185	0.0124151	0.00409792	0.0139075	0.00135063
11	0.0773815	0.0246686	0.00713178	0.0051422	0.00437761	0.0454908	0.00589058	0.00389693	0.00825465	0.00478078	0.00336359	0.0163416	0.00409582	0.00435099	0.00461872	0.681875	0.0869923	0.00389218	0.000942097	0.00651283
12	0.0060772	0.00467846	0.00117759	0.00176663	0.503016	0.000741991	0.00607347	0.0245152	0.00110175	0.0152172	0.00502701	0.00639416	0.000412898	0.00135433	0.0010766	0.00118603	0.00146263	0.0097897	0.0204643	0.388467
13	0.0620197	0.00191282	0.00241723	0.00265619	0.00314787	0.00570458	0.0112637	0.00227279	0.00265188	0.00307335	0.00141994	0.00296358	0.0098626	0.00261569	0.00268416	0.615305	0.243803	0.002811	0.000565137	0.0208493
14	0.0112617	0.00179324	0.170966	0.0208598	0.00204399	0.0458706	0.00228182	0.00233402	0.0144175	0.00275996	0.00396883	0.583516	0.00107268	0.00429224	0.0097505	0.0307168	0.0797581	0.00245862	0.000903727	0.00897466
15	0.0159474	0.00161029	0.0700821	0.02374	0.0022462	0.529073	0.074033	0.00260377	0.00264949	0.00307449	0.0020981	0.213063	0.00108796	0.0130761	0.0214671	0.0142189	0.00383554	0.00335162	0.000816383	0.00192623
16	0.014737	0.000567881	0.35608	0.047585	0.00438409	0.0269228	0.0437128	0.00102016	0.0289046	0.00148266	0.000861273	0.240632	0.00376284	0.0640153	0.0379028	0.0971769	0.0279474	0.00135812	0.000298744	0.000647547
17	0.0479053	0.000563233	0.00106206	0.00876202	0.00090794	0.92253	0.000921662	0.0010846	0.00109274	0.00121133	0.000895413	0.00115149	0.00449836	0.00118704	0.000967359	0.00138754	0.00163722	0.00124731	0.00031296	0.000674679
18	0.00604417	0.00245847	0.0103048	0.0236249	0.0912505	0.00175832	0.00401566	0.395032	0.0113059	0.0943679	0.0441065	0.0107058	0.00122153	0.00253756	0.00804704	0.00308129	0.0346374	0.201557	0.0188916	0.0350519
19	0.047247	0.000571213	0.00161648	0.00893852	0.000922608	0.918798	0.00158147	0.00112838	0.00111622	0.00140109	0.000932298	0.00312265	0.0044314	0.00128643	0.00115204	0.00156839	0.00168158	0.00133664	0.00040371	0.000763537
20	0.011278	0.00273333	0.88204	0.0359715	0.00161085	0.00162994	0.00163258	0.00622084	0.00575836	0.00319056	0.00190826	0.00422097	0.00063118	0.013136	0.00182339	0.00336761	0.0190404	0.00220252	0.000466934	0.00113646
21	0.00214593	0.00407707	0.000844548	0.00109794	0.0348469	0.000843376	0.0028651	0.407698	0.0010244	0.486237	0.0191143	0.000980708	0.000707657	0.00129061	0.000969222	0.00136733	0.00152271	0.0306908	0.000425322	0.0012506
22	0.052706	0.00135722	0.00895217	0.0173898	0.00186926	0.0168905	0.00956083	0.00208186	0.203249	0.0102741	0.00156573	0.0989788	0.17879	0.193923	0.175529	0.00390011	0.00335738	0.017771	0.00061845	0.00123553
23	0.0479053	0.000563233	0.00106206	0.00876202	0.00090794	0.92253	0.000921662	0.0010846	0.00109274	0.00121133	0.000895413	0.00115149	0.00449836	0.00118704	0.000967359	0.00138754	0.00163722	0.00124731	0.00031296	0.000674679
24	0.00971912	0.000469561	0.000375167	0.000487987	0.0049405	0.00302056	0.000384186	0.625753	0.0032222	0.102833	0.0126978	0.000425187	0.00474147	0.0017609	0.00305017	0.000632118	0.0097222	0.215117	0.000132515	0.000515033
25	0.0121692	0.00995607	0.00189898	0.00226346	0.00185373	0.00175522	0.00204217	0.631887	0.0104132	0.0536325	0.026568	0.00236556	0.000927841	0.00199618	0.0193025	0.00300097	0.188039	0.0193013	0.000716879	0.00991048
26	0.0707909	0.00138871	0.0557611	0.229536	0.0019451	0.0175395	0.00245942	0.00202302	0.0588079	0.0027226	0.00152424	0.0176317	0.000935972	0.177843	0.0184393	0.284978	0.0351457	0.0184561	0.000495394	0.00157645
27	0.0112855	0.000809286	0.00122623	0.0116792	0.00580936	0.00103806	0.0667337	0.00199508	0.508945	0.00283511	0.00197372	0.00689354	0.00142072	0.0516933	0.296037	0.00872477	0.0171894	0.00162115	0.00114143	0.00094865
28	0.0064188	0.00550292	0.00063383	0.000946289	0.0195553	0.00118886	0.00282417	0.354649	0.00169327	0.455336	0.0257131	0.000892372	0.00162924	0.00156457	0.00145339	0.00129894	0.00490058	0.111577	0.000522018	0.00170069
29	0.0287481	0.00288979	0.482995	0.0249628	0.00422139	0.0829136	0.00431223	0.00451019	0.00500051	0.00616005	0.00441153	0.064121	0.189671	0.00571363	0.00475186	0.0647726	0.00762592	0.00673398	0.0016103	0.00387459
30	0.01668	0.00767276	0.00776602	0.00624341	0.12011	0.00392609	0.115111	0.00523825	0.00734588	0.0153317	0.00470395	0.0182423	0.00202652	0.00559661	0.00640645	0.0124801	0.0202637	0.00542537	0.0125075	0.606923
31	0.00209116	0.00508647	0.000626403	0.000785944	0.0245113	0.000775417	0.00314447	0.348147	0.00103634	0.522835	0.0222858	0.000733877	0.000863238	0.00108306	0.00100019	0.00102759	0.00180795	0.0610249	0.000362905	0.000771339
32	0.193247	0.00151134	0.0291643	0.0665596	0.0015598	0.00357817	0.0319783	0.00202931	0.370756	0.00351145	0.00196236	0.00498576	0.000748581	0.174413	0.0550736	0.0295925	0.00390238	0.0236594	0.000604834	0.00116253
33	0.0321722	0.000472099	0.193065	0.244402	0.00144366	0.0242349	0.0152623	0.000920844	0.141174	0.0178003	0.000660929	0.108735	0.000386633	0.0556676	0.0375662	0.0623606	0.0502742	0.0011058	0.0109207	0.00137482
34	0.00402121	0.00541094	0.00097448	0.00129438	0.0311705	0.00105177	0.00341872	0.321011	0.00151125	0.537295	0.0255437	0.00144762	0.000853308	0.00214031	0.00172171	0.00150807	0.00368552	0.0520928	0.00142301	0.00242387
35	0.0161396	0.00179038	0.0699402	0.0239406	0.00230754	0.533407	0.07342	0.00287109	0.00302099	0.00299857	0.0021112	0.208502	0.00116704	0.0128501	0.0209587	0.0139831	0.00398714	0.00373731	0.000790434	0.00207664
36	0.0633124	0.0110001	0.000795913	0.000992625	0.0167355	0.00921996	0.000918336	0.260426	0.000896117	0.0101193	0.000995633	0.00315644	0.000486659	0.00104145	0.000766666	0.00864664	0.00684339	0.602738	0.00031027	0.000598588
37	0.0101483	0.00456091	0.255409	0.0921299	0.00353547	0.0939889	0.00640136	0.00376497	0.00817973	0.00559519	0.0189226	0.28648	0.00185765	0.0244307	0.00708032	0.0346993	0.131569	0.00462098	0.00164791	0.00497761
38	0.166234	0.0482348	0.000972664	0.00173456	0.0542147	0.0162328	0.00117097	0.163187	0.00123247	0.126212	0.0993348	0.00169099	0.00107503	0.00248472	0.00130866	0.0288282	0.0410462	0.218519	0.0112641	0.0150218
39	0.00891328	0.000655035	0.000412729	0.000490947	0.0059652	0.00280349	0.000442924	0.620736	0.00311203	0.121068	0.0121108	0.000669397	0.00443168	0.00164627	0.002943	0.000653693	0.0091462	0.203177	0.000131805	0.000490886
40	0.0153694	0.0021455	0.00281947	0.00370488	0.0560086	0.0155494	0.00311488	0.0180508	0.00414364	0.00747513	0.0376852	0.00353883	0.00132483	0.00381941	0.00289231	0.00490865	0.0148557	0.0136465	0.786749	0.00219747
41	0.00134726	0.00613061	0.000676465	0.000843931	0.0282685	0.000588924	0.00409073	0.279298	0.000805286	0.599745	0.0273427	0.000781522	0.000346501	0.00117932	0.000660471	0.00110249	0.00135644	0.0438445	0.000622137	0.000969096
42	0.00857127	0.307574	0.00460547	0.00597552	0.00419863	0.00404968	0.0055804	0.00912197	0.00553817	0.00703127	0.00423597	0.179543	0.00207447	0.0273821	0.00462024	0.224046	0.176409	0.0137561	0.0016601	0.00402779
43	0.0604947	0.00111624	0.0204498	0.0436065	0.00219373	0.0299296	0.00871772	0.0162696	0.0360473	0.0121187	0.00650985	0.0104862	0.667642	0.0120937	0.0066595	0.0273909	0.0103943	0.0223347	0.00184994	0.00369503
44	0.00451963	0.0261267	0.00289792	0.00457914	0.133497	0.00245508	0.00258067	0.398846	0.00387433	0.0229667	0.156616	0.00347861	0.00148384	0.00336857	0.00256147	0.0168024	0.0227934	0.180661	0.00142966	0.00846227
45	0.00126726	0.000381176	0.00079234	0.000846522	0.110944	0.000551665	0.0110182	0.000656597	0.000725146	0.00887384	0.000617835	0.0033327	0.000293549	0.000889614	0.000547022	0.000894761	0.00103893	0.000928117	0.00358162	0.851819
46	0.0542568	0.0181166	0.0898137	0.096132	0.00185547	0.00213516	0.00212463	0.0372452	0.182648	0.0404509	0.00215034	0.00261229	0.0936777	0.132944	0.119007	0.0197121	0.020556	0.0822235	0.000777201	0.00156189
47	0.0512743	0.0131369	0.0132855	0.0050708	0.00837842	0.0217644	0.00861159	0.00630147	0.00755829	0.00658523	0.00293083	0.0127777	0.00807789	0.00535748	0.00609861	0.570961	0.226716	0.00862057	0.000829441	0.0156632
48	0.0233163	0.00196489	0.0485258	0.10205	0.00273411	0.0129624	0.0174162	0.00655047	0.0730457	0.012086	0.00264485	0.024595	0.586254	0.0205936	0.00683458	0.0369341	0.00523243	0.0090677	0.00111928	0.00607257
49	0.00768413	0.00307488	0.0403991	0.00581775	0.0514278	0.0415087	0.0440582	0.00550007	0.0386652	0.128902	0.260853	0.041408	0.00230556	0.292052	0.00430889	0.00707454	0.0104756	0.00763897	0.00145614	0.00538922
50	0.135183	0.0152954	0.0793686	0.0180387	0.00337435	0.00242368	0.0715338	0.0926905	0.121457	0.00412086	0.00360177	0.0698863	0.00156483	0.020502	0.0263523	0.00556017	0.00603806	0.281205	0.000984625	0.0408197
51	0.0105737	0.00252561	0.90203	0.0348312	0.000887465	0.00104967	0.00105543	0.00483669	0.0052136	0.00209415	0.000786513	0.00160687	0.000809885	0.0127705	0.00110259	0.00143318	0.0141468	0.00127662	0.000277764	0.000691349
52	0.0895895	0.0126304	0.0131253	0.0165855	0.0132057	0.134643	0.0137384	0.0218652	0.018792	0.0272515	0.137633	0.230044	0.00771836	0.0895366	0.0278978	0.022223	0.0297701	0.0225614	0.00354159	0.0676476
53	0.00755092	0.0013573	0.227031	0.00701232	0.00183579	0.0383175	0.00231905	0.00236424	0.0136943	0.002914	0.00203658	0.629858	0.000966854	0.00303115	0.00586146	0.0166822	0.0285085	0.00248966	0.000972242	0.00519668
54	0.0042523	0.00162317	0.00174429	0.00151944	0.132045	0.000628532	0.0183243	0.00173381	0.000897331	0.0111141	0.0010741	0.00308976	0.000333033	0.00129832	0.00091269	0.00154166	0.00429233	0.00129096	0.0122951	0.79999
55	0.00331081	0.0541218	0.0106787	0.123042	0.0186598	0.0018527	0.00195303	0.0106967	0.104365	0.0198955	0.00170714	0.00223478	0.000875115	0.19148	0.175799	0.00314499	0.0453147	0.0195624	0.000522617	0.210783
56	0.233195	0.00116926	0.11342	0.0966222	0.0027178	0.0541576	0.0223725	0.00555146	0.165732	0.00493231	0.00385341	0.0324333	0.000309859	0.0713943	0.0458872	0.108944	0.03065	0.00590259	0.000211932	0.000543103
57	0.00962821	0.0004669	0.000363971	0.000481632	0.00469529	0.00289849	0.000388356	0.621354	0.00332549	0.101035	0.0126962	0.000565449	0.00535451	0.00170706	0.00336326	0.000655979	0.00981023	0.220548	0.000156158	0.000505587
58	0.0573837	0.0038327	0.0821303	0.114986	0.00347261	0.00997745	0.0218434	0.092989	0.0805914	0.0551313	0.0400765	0.0159412	0.0131141	0.067802	0.07746	0.0465037	0.114511	0.0865449	0.00323507	0.0124738
59	0.00757987	0.00454165	0.000896477	0.00148802	0.537822	0.000692863	0.00610547	0.0290674	0.000892671	0.0192764	0.00671435	0.00641556	0.000394489	0.00117196	0.00112722	0.00118854	0.00138522	0.0118229	0.020775	0.340642
60	0.0472421	0.00060474	0.00218516	0.0091063	0.00101832	0.915658	0.00223243	0.00112969	0.00109688	0.00128979	0.000923342	0.00456821	0.00444095	0.00155963	0.0013059	0.00161961	0.00173401	0.00125825	0.00034789	0.000678729
61	0.0116973	0.0193186	0.0930281	0.00286155	0.00955843	0.0201383	0.00251674	0.0029038	0.0128664	0.00420872	0.00232802	0.0701952	0.0081479	0.00296901	0.0022034	0.365968	0.362521	0.00360317	0.0010139	0.00195192
62	0.00843358	0.00255906	0.04238	0.00544603	0.00563271	0.00389316	0.0046125	0.04546	0.00535112	0.35599	0.370944	0.0815217	0.00176022	0.0087595	0.00369188	0.00923012	0.00901943	0.0304709	0.00161585	0.00322773
63	0.284986	0.00075568	0.154481	0.315152	0.000897767	0.000871908	0.00583704	0.00158388	0.045673	0.00149534	0.00558293	0.042697	0.00147464	0.0231125	0.00286615	0.0608729	0.0384664	0.0119465	0.000308053	0.000939743
64	0.0103738	0.00246946	0.904736	0.0344198	0.000848448	0.00081593	0.000944419	0.00488155	0.0049927	0.00210262	0.00078232	0.00106583	0.000415397	0.0126954	0.0010132	0.00123684	0.0140986	0.00116392	0.000283479	0.000660148
65	0.028253	0.0322128	0.00322417	0.00124711	0.239494	0.00133318	0.00634611	0.0697698	0.00124168	0.234135	0.128407	0.0034204	0.00347279	0.00131288	0.000957849	0.0114832	0.0367285	0.124315	0.0415949	0.0310492
66	0.0177188	0.000963929	0.242363	0.354278	0.00819823	0.0071127	0.0159893	0.00152698	0.101464	0.004615	0.00522684	0.0523491	0.00152175	0.0852952	0.0295117	0.0259927	0.0231822	0.00311327	0.00207176	0.0175063
67	0.104828	0.00579814	0.040279	0.266342	0.00088281	0.0145411	0.0384402	0.00107421	0.126213	0.0240319	0.00115552	0.0530382	0.000600379	0.153202	0.108895	0.0153036	0.0390214	0.00531899	0.000309724	0.000724445
68	0.0031971	0.000766107	0.000701108	0.00318116	0.0807004	0.000572878	0.00250448	0.0743	0.000734657	0.650408	0.138963	0.00106937	0.000391953	0.00175516	0.000635913	0.00271324	0.00610554	0.0221318	0.00138694	0.0077809
69	0.0185687	0.00491463	0.000404046	0.000948223	0.00656841	0.00238437	0.000433683	0.552199	0.00404598	0.12688	0.0209244	0.0013854	0.0042536	0.00226916	0.0028563	0.00158047	0.013752	0.232647	0.000153528	0.00283096
70	0.229484	0.0012547	0.108706	0.101599	0.00248926	0.051165	0.0227686	0.00543328	0.167674	0.00531917	0.00366923	0.0322014	0.000292395	0.0766581	0.0476673	0.10697	0.0301287	0.00580519	0.000191313	0.00052285
71	0.0032512	0.000837008	0.000881675	0.00311437	0.0822755	0.000585191	0.00227231	0.0782843	0.000846053	0.628924	0.154107	0.00125764	0.000483249	0.00185886	0.000671281	0.00273869	0.00657401	0.0223877	0.00129189	0.00735828
72	0.0104009	0.00237803	0.898866	0.0339778	0.000936996	0.00135893	0.00146136	0.0049063	0.00507574	0.00221943	0.000789177	0.00540128	0.000809628	0.0125101	0.00104607	0.0015148	0.0140191	0.00127036	0.000282144	0.000776049
73	0.00286035	0.00128739	0.000834351	0.00301641	0.0799824	0.000569403	0.00300533	0.0943901	0.000810796	0.640287	0.130785	0.00120461	0.000454829	0.00181131	0.000606995	0.00236119	0.0056433	0.0214234	0.00145942	0.00720629
74	0.0718711	0.0124122	0.00140644	0.00248259	0.0180727	0.00921647	0.00162467	0.253434	0.0021679	0.0231166	0.00732765	0.0039132	0.00156934	0.00222734	0.0018051	0.0117718	0.0138457	0.558841	0.000837688	0.00205657
75	0.0272892	0.00567308	0.00194235	0.00236149	0.0883939	0.00134217	0.00286026	0.227085	0.00710712	0.291091	0.0288527	0.0100651	0.00875037	0.0029188	0.0152898	0.00308683	0.0226362	0.197928	0.0216316	0.0336954
76	0.00789238	0.00190732	0.0613023	0.0079762	0.00230212	0.0163536	0.0748445	0.00231739	0.00902095	0.00288962	0.00199696	0.720241	0.00101106	0.00247584	0.00371671	0.0455955	0.017156	0.0052503	0.000834396	0.0149157
77	0.00564749	0.0149253	0.00328611	0.00412495	0.00339267	0.00329985	0.862445	0.00385462	0.0177687	0.00498714	0.00338408	0.00747799	0.00148786	0.00369242	0.0274623	0.00491945	0.0188619	0.00436937	0.00105046	0.00356235
78	0.00829615	0.206377	0.00555655	0.00660226	0.00474258	0.00452346	0.0050812	0.0265709	0.00575167	0.00729644	0.00516202	0.0301292	0.00250044	0.00964934	0.00446787	0.292785	0.314977	0.0548464	0.00139636	0.00328771
79	0.0804594	0.0252234	0.0068667	0.00581967	0.00515511	0.0454763	0.00478455	0.00355057	0.00788768	0.00484013	0.0033689	0.0167469	0.00417122	0.00520793	0.00443919	0.681804	0.0839413	0.00436704	0.000907249	0.0049826
80	0.0121786	0.00583432	0.318968	0.0359322	0.0354296	0.00561091	0.0646297	0.141444	0.00835278	0.00946454	0.00597237	0.0773636	0.00276212	0.00776214	0.00633575	0.118385	0.0985258	0.036321	0.00311138	0.0056169
81	0.033905	0.00101421	0.0403835	0.564815	0.00162412	0.0144816	0.00860297	0.00197265	0.016344	0.0239764	0.00528978	0.00359791	0.000640378	0.24597	0.0155518	0.0121313	0.00580282	0.00213816	0.000500708	0.00125745
82	0.016944	0.00391512	0.00844874	0.0098845	0.00426875	0.00504177	0.308421	0.00411265	0.0134807	0.00559918	0.00358667	0.49909	0.0022325	0.005683	0.00724235	0.0529233	0.0163745	0.0144981	0.00118318	0.0170702
83	0.160174	0.000882927	0.0822218	0.233669	0.00647617	0.00675385	0.0275973	0.00617832	0.116893	0.00195082	0.00272595	0.0427485	0.103234	0.0604759	0.0602672	0.018081	0.0322286	0.0296619	0.000371488	0.00740967
84	0.0157306	0.00229375	0.00293879	0.00399756	0.0555545	0.0149907	0.00347341	0.018284	0.00402957	0.00805443	0.0369148	0.0036329	0.00135704	0.00392866	0.00298392	0.0051293	0.0149368	0.0136649	0.786014	0.00209044
85	0.00781252	0.00688748	0.00155314	0.00226653	0.574576	0.00147361	0.00532999	0.0323579	0.00189926	0.0287252	0.0125275	0.0083221	0.000980405	0.00260652	0.00185543	0.00330985	0.00459631	0.0175863	0.0215764	0.263757
86	0.0351826	0.00136046	0.00198707	0.0477377	0.00338799	0.00171604	0.0131465	0.0723537	0.234025	0.106735	0.0301066	0.00649538	0.000774757	0.273349	0.0383709	0.00288241	0.0229804	0.105387	0.000547172	0.0014744
87	0.160605	0.00404238	0.0458832	0.188888	0.000808269	0.0184732	0.0311943	0.0011107	0.17173	0.0144899	0.00273567	0.0427928	0.000446181	0.164403	0.0891614	0.0332207	0.0240143	0.00516722	0.000252213	0.000582807
88	0.523298	0.00952717	0.00149198	0.00235056	0.0016885	0.0793905	0.00196095	0.00232836	0.00523867	0.00328916	0.00144034	0.0023517	0.00790806	0.00261529	0.00328473	0.322805	0.0148369	0.012261	0.000638613	0.00129465
89	0.0091196	0.00362714	0.00542934	0.0611056	0.168009	0.00491901	0.0783761	0.00623968	0.362818	0.00756477	0.00517855	0.00597697	0.00273823	0.00680972	0.0563877	0.00888937	0.0317121	0.00697865	0.00160911	0.166512
90	0.144244	0.00451121	0.0105812	0.0284239	0.0280881	0.0292977	0.167402	0.00742138	0.054143	0.00622899	0.0234774	0.0453856	0.00519902	0.03941	0.179309	0.128669	0.0141345	0.00803086	0.00574621	0.0702972
91	0.0159351	0.000505843	0.34858	0.051446	0.00451061	0.0288231	0.0454904	0.00094001	0.0282161	0.00140066	0.000907273	0.246041	0.00400309	0.0650919	0.0374516	0.0894602	0.0289976	0.00124439	0.000298502	0.000656444
92	0.0141361	0.00505184	0.00465771	0.00907501	0.275512	0.000977234	0.021358	0.0036253	0.00128865	0.0233517	0.00307094	0.00138555	0.000577615	0.00491059	0.00529322	0.00160416	0.00174759	0.00194714	0.118681	0.501748
93	0.00457218	0.00256455	0.000688433	0.000888731	0.398234	0.000612948	0.00682076	0.0234087	0.000788538	0.0163522	0.00559444	0.0057606	0.000305348	0.00102606	0.00085777	0.00100083	0.00119912	0.00817457	0.0119868	0.509163
94	0.0141376	0.0100759	0.00587575	0.00725403	0.193301	0.000936876	0.00817364	0.265529	0.00312637	0.172396	0.0600093	0.00455683	0.0034509	0.00125654	0.00116843	0.00384442	0.0200071	0.138012	0.0376834	0.0492048
95	0.0156259	0.00649849	0.00632304	0.00796312	0.149414	0.00528838	0.00711993	0.229481	0.00633681	0.106267	0.0349083	0.00692336	0.00342571	0.00538725	0.00461234	0.00725222	0.0167008	0.0749128	0.277881	0.0276772
96	0.0220045	0.00579685	0.00639332	0.0107182	0.252651	0.00117277	0.0260613	0.00504025	0.0040945	0.0187916	0.00269304	0.00217452	0.000645805	0.0064292	0.00478321	0.00224386	0.00392228	0.00400413	0.107708	0.512672
97	0.00123364	0.000356394	0.000785309	0.000831672	0.110183	0.000551591	0.0110615	0.000646696	0.000727824	0.00883578	0.000601292	0.00332645	0.000294228	0.000874016	0.000528747	0.000894816	0.00104195	0.000920256	0.00337424	0.85293
98	0.00441595	0.00429773	0.00127258	0.00284332	0.191277	0.00163684	0.00491547	0.0552116	0.000999302	0.528678	0.122805	0.00146462	0.00245461	0.00192365	0.000950523	0.00301827	0.0110986	0.0338814	0.00944015	0.0174164
99	0.00495177	0.015875	0.00315607	0.00389065	0.00310228	0.00286524	0.86595	0.00375661	0.017883	0.00460007	0.00258858	0.00685531	0.00131442	0.00334099	0.0286146	0.00453759	0.019323	0.00385082	0.00103723	0.00250662
100	0.0191133	0.00161103	0.00152315	0.0170509	0.0497397	0.00130498	0.00963778	0.0759894	0.00254583	0.473085	0.0895044	0.00946763	0.000769882	0.0613495	0.00196249	0.0310938	0.0541866	0.0628821	0.000796191	0.0363865
101	0.00547466	0.00524828	0.000699654	0.0009333	0.60208	0.000695835	0.00302786	0.0315129	0.00100379	0.0140329	0.00567586	0.0079244	0.000422751	0.000980255	0.000896288	0.00123102	0.00139181	0.0125958	0.0130547	0.291118
102	0.509308	0.0347767	0.116352	0.0417763	0.00388689	0.00358172	0.0318081	0.00485529	0.00470821	0.00621118	0.00366099	0.00537198	0.00215069	0.00636942	0.00410789	0.0993402	0.0751469	0.041883	0.00155818	0.00314619
103	0.0227567	0.00233323	0.0042128	0.352966	0.00279643	0.0373091	0.0318717	0.00365677	0.0863316	0.00590382	0.00287747	0.0186187	0.00307335	0.0710783	0.128829	0.150548	0.0665611	0.0047509	0.00108752	0.0024368
104	0.0170097	0.00576913	0.0246138	0.0179631	0.0307568	0.0244491	0.0267628	0.0119555	0.027443	0.0899383	0.280554	0.0328821	0.00438257	0.33087	0.00837846	0.0164489	0.0193313	0.0141321	0.00322671	0.0131323
105	0.139968	0.00130752	0.00233884	0.00366893	0.00194893	0.0718629	0.00224349	0.033543	0.00245213	0.00527826	0.00457457	0.00272805	0.624072	0.00249666	0.0095662	0.0357806	0.0175983	0.0361091	0.000768985	0.00169342
106	0.0113422	0.0023931	0.870396	0.0526071	0.00101891	0.00163871	0.00130156	0.00467668	0.0076165	0.00220709	0.0012218	0.00355403	0.000814702	0.0173762	0.00203279	0.00272283	0.0142941	0.00122576	0.00038304	0.00117652
107	0.00779658	0.00491372	0.00159788	0.00304486	0.0943398	0.000945765	0.00481134	0.113291	0.00129247	0.579615	0.0884744	0.00197415	0.00135214	0.0058321	0.0012748	0.00464933	0.0110985	0.0510582	0.00832886	0.0143089
108	0.00910107	0.00148675	0.210241	0.0145711	0.00221812	0.0363262	0.00659244	0.00263745	0.0198812	0.00317054	0.00201859	0.607804	0.00124472	0.00927282	0.0102949	0.0240762	0.0298229	0.00297503	0.00110131	0.00516449
109	0.0157655	0.00207554	0.00273789	0.00377162	0.0570211	0.015827	0.00310378	0.0174987	0.00374428	0.00735441	0.038442	0.00330961	0.00135733	0.00354968	0.00277617	0.00469242	0.0148452	0.0141199	0.785546	0.00246239
110	0.0479241	0.000459062	0.200506	0.295308	0.00243738	0.0182221	0.0198325	0.00125481	0.120227	0.0102859	0.00155804	0.0839919	0.00318115	0.0502496	0.042996	0.045503	0.0414112	0.00478331	0.00565598	0.00421293
111	0.0126202	0.00136224	0.00275763	0.0103769	0.00292946	0.00233123	0.140665	0.00258997	0.00830436	0.00269109	0.00168322	0.688188	0.00139994	0.00327263	0.00426495	0.070868	0.00820728	0.00778563	0.00111316	0.0265896
112	0.0207342	0.000652132	0.044657	0.0976792	0.00120403	0.0106137	0.0170288	0.00594527	0.0790928	0.0108508	0.00103528	0.0166889	0.623906	0.0206319	0.00554864	0.0295511	0.00181436	0.00650577	0.000354452	0.00550603
113	0.177577	0.000628357	0.123802	0.246136	0.00342689	0.00342698	0.0202287	0.00995791	0.119312	0.0013037	0.00335684	0.0524729	0.0299813	0.0613799	0.0486814	0.0221171	0.0391816	0.0316157	0.000271432	0.00514249
114	0.00565662	0.0198251	0.00312461	0.00328544	0.00324061	0.00269442	0.00328848	0.0176249	0.00346993	0.334428	0.090826	0.00388032	0.00141401	0.00368047	0.00280217	0.00506113	0.0748146	0.417828	0.00093435	0.00212027
115	0.0737259	0.00713755	0.0342828	0.0400861	0.00640877	0.00554358	0.0464153	0.0920553	0.133579	0.0386834	0.01686	0.0278851	0.005319	0.0877538	0.159537	0.016846	0.0395727	0.147361	0.00294266	0.018005
116	0.126721	0.00444747	0.0446694	0.239108	0.000779064	0.0171867	0.0369594	0.000962549	0.145497	0.0187784	0.00163919	0.0516145	0.000729249	0.159417	0.0934523	0.0209468	0.0320726	0.00413386	0.000241143	0.000644167
117	0.285204	0.000755685	0.154285	0.31508	0.000897718	0.000873622	0.00581821	0.00157408	0.045769	0.00150631	0.00557983	0.0427211	0.00145427	0.0231154	0.00286004	0.0608628	0.0384142	0.011982	0.000307912	0.00093814
118	0.0482757	0.023574	0.000548821	0.00291116	0.0154835	0.00139022	0.000610939	0.347814	0.00257128	0.182658	0.0460275	0.00424667	0.000680356	0.00522743	0.00111957	0.0059991	0.0202234	0.279664	0.000363184	0.0106109
119	0.146082	0.0161441	0.00413689	0.0185721	0.235816	0.00274719	0.0461857	0.0467583	0.0492646	0.00511121	0.00294963	0.0172257	0.00158642	0.00476391	0.00352596	0.00552491	0.00703348	0.0452492	0.0440202	0.297302
120	0.0378126	0.000603197	0.320419	0.237323	0.00180655	0.0216106	0.0115885	0.00119358	0.104624	0.0102625	0.00107404	0.0842657	0.000702772	0.0437741	0.0324484	0.0438755	0.0373465	0.00156147	0.00565723	0.00205019
121	0.00694731	0.00217475	0.00358241	0.0194408	0.0516746	0.00342935	0.0217111	0.0214235	0.433681	0.143601	0.00353255	0.00469195	0.00195455	0.0525621	0.205374	0.00658374	0.00767951	0.00511291	0.00120235	0.00364113
122	0.0166852	0.00280779	0.0798831	0.0269177	0.0031759	0.496212	0.0694561	0.00368009	0.00596479	0.00413876	0.00261032	0.21183	0.00153831	0.0153853	0.0263186	0.0181258	0.00704793	0.00471639	0.000911767	0.00259424
123	0.0614202	0.0121045	0.000769868	0.000967045	0.0156633	0.00819156	0.000911549	0.261609	0.00092408	0.0109192	0.000956235	0.00354176	0.000478147	0.00102179	0.000759614	0.00960921	0.00781629	0.601406	0.00029608	0.000634573
124	0.225039	0.00186453	0.104999	0.0910373	0.00390361	0.0690602	0.0305953	0.00607851	0.154888	0.00579291	0.00741402	0.029197	0.000683275	0.0711344	0.0586596	0.100908	0.0297783	0.00649476	0.000386238	0.00208585
125	0.0587035	0.000558184	0.000950984	0.00847012	0.000907237	0.910731	0.000910593	0.00121317	0.00115251	0.00128232	0.000849658	0.00111545	0.00432308	0.00117264	0.00101457	0.00246851	0.00180052	0.00138728	0.000313313	0.000675044
126	0.00971706	0.0102429	0.00325651	0.00250794	0.246415	0.0014086	0.00630542	0.0525884	0.0022497	0.38781	0.0585665	0.00362461	0.00315734	0.00264148	0.00194526	0.00510427	0.01358	0.0505104	0.0546089	0.0837597
127	0.00480711	0.00137343	0.00252563	0.00269513	0.00765361	0.00200737	0.0178888	0.0221586	0.0730123	0.0150642	0.00188177	0.00275782	0.00130181	0.00446639	0.800276	0.00944766	0.0108998	0.0045537	0.00778874	0.00744035
128	0.00193798	0.00621598	0.000687209	0.00120818	0.0357566	0.000586474	0.00348785	0.272606	0.000785687	0.575687	0.0487274	0.000853936	0.000364311	0.00102161	0.000644465	0.00143843	0.00202328	0.0438746	0.000460946	0.00163234
129	0.0101302	0.00225398	0.892211	0.034039	0.000917189	0.00185197	0.00105259	0.00471241	0.00503662	0.00213448	0.0008856	0.0118208	0.00109777	0.0126224	0.00105847	0.00178327	0.0141925	0.001197	0.000293236	0.000709741
130	0.381427	0.0173243	0.0142216	0.0102815	0.00956081	0.0220889	0.00855569	0.040412	0.0104608	0.00987367	0.0224286	0.00596359	0.0173189	0.0390573	0.0105232	0.0872544	0.0682575	0.219061	0.00151662	0.00441267
131	0.0130874	0.00142009	0.000414375	0.000612432	0.00628473	0.00389798	0.000409691	0.606337	0.00317335	0.102016	0.0125741	0.000825806	0.00439479	0.00206585	0.00289821	0.00113042	0.01062	0.22683	0.000199543	0.000809203
132	0.0894708	0.0394216	0.0373339	0.0330483	0.0150813	0.0610643	0.0158406	0.0385203	0.0168376	0.0464687	0.0351281	0.128301	0.049105	0.035287	0.00268901	0.214711	0.100893	0.0288243	0.000909541	0.011065
133	0.0093278	0.0239523	0.00526284	0.00481551	0.116554	0.00561132	0.0938831	0.00545377	0.0275927	0.154164	0.260269	0.0770761	0.00228016	0.0565473	0.00411692	0.0276354	0.00880327	0.0486943	0.0015144	0.066446
134	0.0327828	0.0119233	0.00100334	0.00280806	0.019901	0.00149341	0.000905314	0.336868	0.00833017	0.220395	0.0305617	0.0104868	0.00342343	0.00435667	0.0102687	0.00359047	0.028971	0.251732	0.00414868	0.01605
135	0.236136	0.00510239	0.0851182	0.0694527	0.0117345	0.0699886	0.0314269	0.0142747	0.136649	0.00785951	0.00611173	0.0364148	0.00312308	0.0586058	0.0438869	0.124411	0.03866	0.0159504	0.0013002	0.00379361
136	0.0136514	0.00285644	0.00708116	0.0190174	0.0321383	0.0054494	0.0277497	0.0156011	0.472413	0.0970872	0.004341	0.00770217	0.00360997	0.0507684	0.204083	0.0101847	0.0116418	0.00824754	0.00218288	0.00419444
137	0.0530896	0.00143097	0.255445	0.135299	0.0182515	0.0191151	0.0370835	0.0139051	0.0227747	0.0289665	0.00274442	0.0362288	0.0926047	0.0435167	0.0334408	0.0307403	0.0657329	0.0990961	0.00063131	0.00990321
138	0.0133542	0.0764043	0.192118	0.0357182	0.0324006	0.00642023	0.064322	0.00868164	0.00729267	0.0083971	0.00528756	0.349546	0.00355027	0.00794609	0.00845827	0.0654938	0.0408043	0.00888056	0.0348797	0.030044
139	0.0376063	0.0262723	0.00518804	0.00808533	0.00491706	0.146218	0.0073359	0.0543793	0.034612	0.0773115	0.0354396	0.0828075	0.0029616	0.151108	0.133403	0.00892788	0.0599369	0.0657994	0.00204474	0.0556452
140	0.0207327	0.000649675	0.0445927	0.0976116	0.00120307	0.0106338	0.0171201	0.00592938	0.0790654	0.0108287	0.00104564	0.0167543	0.623908	0.0206022	0.00558793	0.0295654	0.00180976	0.00647071	0.000354462	0.00553412
141	0.00727831	0.00231121	0.019331	0.024563	0.00365322	0.136283	0.179113	0.0297798	0.197696	0.0646322	0.0308403	0.0657154	0.0023092	0.0394134	0.117764	0.022415	0.0218431	0.0309427	0.00113425	0.00298142
142	0.0517527	0.0251036	0.000549626	0.00305739	0.0167647	0.00157208	0.000607606	0.334441	0.00244606	0.182702	0.0470333	0.00451374	0.000507043	0.00552695	0.00101099	0.00696895	0.021251	0.282656	0.000505224	0.0110311
143	0.0421472	0.00766809	0.0574317	0.0717002	0.0266717	0.0500697	0.110286	0.0683402	0.0202193	0.0924995	0.0572987	0.0676914	0.0106095	0.109374	0.0165611	0.0584734	0.075507	0.0497806	0.00164315	0.00602817
144	0.133991	0.000537543	0.152099	0.297537	0.00356241	0.00386826	0.0158891	0.00639837	0.0964855	0.00246943	0.00537632	0.0407473	0.0284387	0.0489704	0.0459328	0.0320309	0.0462447	0.031409	0.000248123	0.00776411
145	0.0152177	0.00470485	0.00286068	0.00458065	0.34557	0.000766994	0.0261851	0.0218209	0.00101352	0.0389788	0.00932802	0.00232564	0.000457659	0.00273918	0.00289608	0.00177606	0.00375478	0.00572742	0.0676977	0.441599
146	0.00122698	0.00584104	0.000707681	0.000844798	0.0284891	0.000573374	0.00422054	0.280389	0.000791943	0.600018	0.0276166	0.000755187	0.000316614	0.00117237	0.000660011	0.0011235	0.00127915	0.0423184	0.000676915	0.000979125
147	0.0297452	0.000482698	0.0333855	0.0614429	0.000790584	0.0166554	0.0823962	0.000810282	0.338304	0.00721396	0.000572896	0.0584827	0.0029286	0.176344	0.141284	0.0276578	0.00704095	0.00419702	0.000228935	0.0100354
148	0.0315723	0.000924794	0.0744014	0.647221	0.00119335	0.0223054	0.00362646	0.00146944	0.0114223	0.013077	0.0131053	0.00733692	0.000711004	0.149802	0.00507579	0.00754514	0.00576993	0.00160571	0.000494296	0.0013406
149	0.00323013	0.00080041	0.000916184	0.00311562	0.0825118	0.000579665	0.00224065	0.0770528	0.000846471	0.62984	0.154698	0.00130018	0.000476921	0.0017187	0.000683073	0.00272396	0.00647998	0.0221627	0.00128644	0.00733604
150	0.114758	0.012622	0.0366371	0.0179373	0.0237595	0.0166705	0.199528	0.0058041	0.0320114	0.00311643	0.00326032	0.221482	0.00747013	0.0189518	0.0760081	0.0975993	0.0228189	0.0133103	0.0113877	0.064867
151	0.155202	0.0463488	0.000904023	0.00124598	0.0718024	0.0117289	0.00144537	0.135736	0.00110073	0.139485	0.0962171	0.00137163	0.00104059	0.00173608	0.00121051	0.0370086	0.0489599	0.215614	0.0170157	0.0148259
152	0.00848253	0.00813765	0.00290102	0.00489606	0.153443	0.00140996	0.00279686	0.227997	0.00304026	0.109513	0.185087	0.00304829	0.00126612	0.00189217	0.00156725	0.00552592	0.027251	0.211606	0.0112647	0.0288744
153	0.0212273	0.0113273	0.0119522	0.0125583	0.0117304	0.0160508	0.0131806	0.0479726	0.00999971	0.130155	0.00989661	0.12432	0.00903171	0.0137862	0.00894053	0.181797	0.336849	0.0195758	0.00246651	0.00718141
154	0.0182936	0.00647146	0.000563678	0.00134786	0.0109233	0.00207863	0.000993425	0.48587	0.00357487	0.189567	0.0216862	0.00422916	0.00373472	0.00247416	0.00398829	0.0022861	0.0147969	0.222329	0.000727203	0.00406407
155	0.108319	0.000594278	0.000944278	0.00775473	0.00100131	0.8555	0.00160723	0.00199902	0.00137931	0.0021323	0.000909178	0.00123464	0.00387542	0.00127409	0.00112667	0.00499106	0.00274074	0.00146776	0.000303832	0.000845119
156	0.0284259	0.00174248	0.0565946	0.662402	0.00250372	0.0200037	0.00488045	0.00190954	0.0119842	0.0135221	0.00941159	0.00752431	0.00162823	0.145979	0.00798251	0.0101862	0.0083011	0.00272522	0.000859262	0.00143339
157	0.213394	0.0647443	0.00112347	0.00172147	0.044621	0.0338204	0.00275816	0.0911756	0.00276674	0.11346	0.122092	0.00767844	0.000831702	0.00163702	0.00126391	0.0516628	0.0623249	0.166418	0.00785879	0.00864772
158	0.0255725	0.000574359	0.0352004	0.0691	0.000796746	0.0323208	0.0903929	0.00158482	0.321405	0.00940545	0.00127493	0.0669326	0.00420165	0.157388	0.129883	0.0320177	0.00882999	0.00463005	0.000305579	0.00818312
159	0.0716903	0.014612	0.0268124	0.125523	0.0149736	0.00534159	0.0403696	0.0845817	0.0743531	0.0427914	0.0438369	0.0255753	0.00567868	0.056878	0.0639509	0.0430096	0.106078	0.121482	0.00402521	0.0284366
160	0.0351415	0.0282272	0.00292334	0.00092217	0.222096	0.00115662	0.00667522	0.0845772	0.000955926	0.248897	0.10562	0.00328162	0.003278	0.00105368	0.000699411	0.0137785	0.038344	0.129473	0.0362066	0.0366925
161	0.0143711	0.000608725	0.348975	0.0469472	0.00423973	0.0265855	0.044659	0.0010593	0.0291519	0.00166381	0.000872164	0.234083	0.0036998	0.0637854	0.0380301	0.111186	0.0275835	0.00147406	0.000293698	0.000730742
162	0.0759926	0.0453145	0.0239808	0.045814	0.011489	0.0350561	0.0132674	0.0254194	0.013671	0.0325005	0.146108	0.0996561	0.027888	0.0453135	0.00544799	0.199858	0.103247	0.0397538	0.00145559	0.00876638
163	0.0531991	0.0252692	0.000535681	0.00300293	0.0173136	0.00172894	0.000589895	0.332985	0.00244235	0.180676	0.046868	0.00440823	0.000483721	0.00533635	0.00102357	0.00742927	0.0217959	0.283047	0.000664225	0.0112012
164	0.0120517	0.007077	0.00540942	0.00763166	0.209463	0.00157981	0.00628652	0.28134	0.00421873	0.1426	0.0480946	0.00466987	0.00277328	0.00199995	0.00228662	0.00409467	0.0176599	0.12096	0.0285277	0.0912758
165	0.00964243	0.00330235	0.0284374	0.0594241	0.0215543	0.0057679	0.156201	0.00648933	0.00503056	0.046331	0.0223314	0.215478	0.0208306	0.0809777	0.00417779	0.164784	0.138412	0.00624535	0.0015192	0.00306463
166	0.0126635	0.01386	0.00262549	0.00247885	0.27384	0.005965	0.0089203	0.0560625	0.00189515	0.333579	0.117532	0.00418792	0.0044356	0.0035475	0.00169369	0.00745376	0.0246889	0.0643959	0.0230033	0.0371717
167	0.0302484	0.000439799	0.208454	0.225761	0.00157764	0.0246979	0.0198934	0.000835674	0.127928	0.0150868	0.000619304	0.123487	0.000620487	0.0582071	0.0395503	0.0659019	0.0457585	0.00103694	0.00859865	0.00129664
168	0.0358434	0.00804123	0.00275209	0.00351968	0.0626135	0.0190124	0.00302284	0.0225228	0.00349882	0.0241551	0.0533087	0.00344443	0.00149505	0.00372811	0.0025606	0.008357	0.0242014	0.0412075	0.672388	0.00432763
169	0.0920805	0.0379036	0.0365079	0.0291873	0.0186249	0.0632808	0.0146113	0.0377052	0.0151648	0.049876	0.0349624	0.125189	0.0568533	0.0359549	0.00280438	0.20824	0.0978212	0.0292455	0.000908807	0.0130789
170	0.271366	0.00482729	0.00614231	0.00992494	0.0058101	0.0365903	0.00563342	0.0487195	0.00960187	0.013012	0.00804776	0.00718057	0.0622383	0.0087295	0.00824237	0.162933	0.245392	0.0795131	0.00174477	0.00434986
171	0.0274058	0.00273772	0.00377847	0.00558132	0.0274644	0.00359266	0.00439171	0.222243	0.0232721	0.213964	0.00816829	0.0985964	0.0192774	0.0227687	0.0120922	0.00567353	0.0683386	0.202167	0.0191256	0.00936162
172	0.00538932	0.0052691	0.000689153	0.000904044	0.603884	0.000697805	0.00295504	0.0316678	0.0010154	0.0139615	0.00566659	0.00794362	0.000412623	0.000960035	0.000896872	0.00123618	0.00139678	0.0126356	0.0127141	0.289704
173	0.0237634	0.0252089	0.00560986	0.00145095	0.22842	0.00102271	0.00681298	0.0962476	0.00130376	0.259599	0.0865536	0.00561358	0.00407253	0.00118409	0.00123999	0.00904722	0.030004	0.114515	0.0588256	0.0395059
174	0.0349193	0.103075	0.0716579	0.134694	0.00499014	0.152625	0.0064699	0.00822924	0.006708	0.0305854	0.00701427	0.183086	0.0057031	0.00953828	0.00514433	0.181077	0.0401529	0.00833452	0.00173911	0.00425741
175	0.00933936	0.00252544	0.0299699	0.0108362	0.00250599	0.0096846	0.103242	0.00248581	0.00843042	0.00326818	0.00205528	0.702746	0.00130771	0.00364954	0.00342621	0.0632121	0.015152	0.00700497	0.000801633	0.0183568
176	0.00552063	0.0153398	0.00337065	0.00395405	0.00316317	0.00291042	0.861381	0.00379098	0.0176856	0.00461767	0.00304257	0.00917744	0.00140142	0.00370359	0.0278841	0.00540459	0.019216	0.0044337	0.000976549	0.00302617
177	0.0106753	0.00239467	0.899726	0.0345162	0.000924546	0.00136286	0.00110328	0.00499932	0.00517193	0.00230671	0.000950423	0.0024213	0.00143729	0.0126355	0.00118318	0.00175531	0.0141291	0.00132478	0.0002722	0.000709888
178	0.0197005	0.00262092	0.0086373	0.0389105	0.0232639	0.00879039	0.0268459	0.11435	0.082543	0.179142	0.0577554	0.0416949	0.00180614	0.219286	0.0288007	0.00934713	0.0567809	0.0727056	0.00143435	0.005584
179	0.169475	0.00127094	0.00203563	0.00335701	0.00220753	0.0628705	0.00198187	0.0378121	0.00248057	0.00445001	0.00345951	0.00274555	0.533378	0.00316729	0.00784645	0.0631665	0.0512429	0.0446021	0.000675897	0.00177476
180	0.00933902	0.00257003	0.00554711	0.00642498	0.00896943	0.00411984	0.0192333	0.0208742	0.0662303	0.0151607	0.00388483	0.00531902	0.00274626	0.00929895	0.754528	0.0125909	0.0145905	0.00787705	0.0224232	0.00827236
181	0.300248	0.0270662	0.00242375	0.00331991	0.0161483	0.0154773	0.00277883	0.0924528	0.00301873	0.00693019	0.0492364	0.00289909	0.026328	0.020487	0.0143793	0.0635567	0.0216929	0.327619	0.00147853	0.00245924
182	0.0224725	0.00477631	0.00193203	0.00325721	0.0147754	0.00209299	0.00152174	0.300733	0.00837703	0.211919	0.0124379	0.0375563	0.00635314	0.00546927	0.0147262	0.00326923	0.0485916	0.285023	0.00533056	0.00938593
183	0.0249277	0.0222817	0.0732004	0.00326293	0.0150407	0.0288601	0.00311428	0.00328529	0.0103204	0.00445706	0.00288375	0.0739686	0.0129845	0.00355938	0.00291605	0.502127	0.204187	0.00380528	0.000931395	0.00388647
184	0.0046409	0.00148292	0.00210131	0.003481	0.01337	0.0020392	0.0248407	0.0338494	0.0958816	0.0281033	0.00185732	0.00254662	0.000964765	0.00594572	0.732451	0.0119701	0.0140964	0.00464821	0.0048676	0.0108622
185	0.102979	0.0345683	0.00213152	0.00186831	0.0019438	0.0657741	0.00154067	0.00156577	0.00815003	0.00232014	0.00131644	0.015462	0.00110424	0.00177711	0.00148033	0.708632	0.0440013	0.00194328	0.000437664	0.0010041
186	0.479187	0.0156922	0.0026291	0.00764339	0.00240602	0.125103	0.00422851	0.00453805	0.036311	0.011883	0.00179068	0.00274166	0.00300378	0.0162878	0.0145985	0.199644	0.0459592	0.0243055	0.000600599	0.00144585
187	0.0239442	0.00821699	0.0144501	0.119432	0.00893535	0.0112179	0.0133666	0.0179111	0.188472	0.0201923	0.0118527	0.0156893	0.00696494	0.114507	0.0175136	0.0217479	0.349262	0.0219252	0.00449696	0.00990121
188	0.148502	0.0723096	0.00303871	0.00360967	0.0352608	0.00609268	0.0028884	0.00438745	0.00371891	0.217008	0.34422	0.0172907	0.00178212	0.00521503	0.00298985	0.048832	0.0722835	0.00702898	0.00102805	0.00251396
