336	20
1	0.0207498	0.00130941	0.00151499	0.0018042	0.211484	0.00564251	0.0227627	0.164518	0.00209769	0.190563	0.0364655	0.00464326	0.000707701	0.00937492	0.00408114	0.0166151	0.0328512	0.172234	0.00318186	0.0973995
2	0.187532	0.0023147	0.00646272	0.0065722	0.0416391	0.00940678	0.0522186	0.0233376	0.0517575	0.0606349	0.00381601	0.0185999	0.00433471	0.052937	0.0762614	0.146352	0.0419915	0.12008	0.00238763	0.0913638
3	0.0268912	0.00973478	0.0159157	0.0231661	0.00167357	0.0330745	0.0649968	0.00309435	0.197357	0.0446344	0.00348855	0.00696599	0.0121763	0.0979311	0.409785	0.03287	0.00353261	0.00837123	0.00226637	0.00207468
4	0.0449161	0.00342045	0.00539161	0.0335189	0.0151341	0.00530447	0.0584748	0.0453003	0.092293	0.161016	0.0717627	0.0364668	0.00335632	0.13239	0.0965198	0.0593194	0.0480285	0.0630479	0.012816	0.0115224
5	0.0756949	0.00541837	0.000889008	0.00827992	0.0174168	0.0073329	0.00797348	0.193172	0.0114827	0.183751	0.101458	0.00999399	0.00689145	0.0142109	0.0219979	0.0549107	0.0834004	0.18934	0.000833089	0.00555318
6	0.165424	0.000336943	0.0388275	0.0738841	0.00409907	0.0642844	0.0178914	0.0211891	0.0685763	0.0444788	0.0388034	0.0600744	0.0124729	0.0548051	0.0322414	0.13342	0.101271	0.0636861	0.00316533	0.00106901
7	0.032418	0.00073582	0.374527	0.214995	0.00518266	0.0199427	0.0241232	0.00307823	0.0387079	0.00719142	0.0060104	0.138983	0.00465148	0.0334793	0.0207176	0.0519948	0.011801	0.00433235	0.00158798	0.00554049
8	0.0706055	0.00342379	0.0528706	0.0807596	0.0205985	0.0189997	0.103868	0.0110256	0.103551	0.0493687	0.0152736	0.0488743	0.0044455	0.118341	0.108917	0.0538325	0.0221765	0.0318053	0.00890024	0.0723635
9	0.102224	0.00899197	0.000664756	0.0137262	0.013055	0.011453	0.00933454	0.137241	0.0184945	0.172551	0.101195	0.0142653	0.0111952	0.0228911	0.0355797	0.0819185	0.099064	0.144494	0.000276246	0.00138485
10	0.276147	0.0146115	0.00528263	0.00906657	0.0138228	0.0318119	0.0125969	0.0993901	0.0144766	0.0450592	0.0186269	0.0259624	0.0058219	0.0156807	0.0310462	0.132767	0.108623	0.114735	0.0028767	0.0215948
11	0.0943173	0.0082319	0.00100551	0.0132476	0.0128298	0.0108643	0.0101587	0.130321	0.0184913	0.182828	0.106814	0.0144646	0.0110377	0.0227581	0.0398587	0.0811839	0.0919958	0.145686	0.0009599	0.00294624
12	0.48658	0.0475168	0.00263217	0.00399786	0.00198971	0.021933	0.00359435	0.0286096	0.00337614	0.0280873	0.00448874	0.00555074	0.00899307	0.0028652	0.00605239	0.117681	0.0651926	0.149997	0.000848832	0.0100135
13	0.109055	0.00155264	0.0258236	0.0336204	0.00795073	0.0487288	0.0372497	0.0179161	0.175331	0.0469161	0.0256444	0.0979823	0.0067106	0.0401521	0.114579	0.0912215	0.081856	0.0294529	0.00351282	0.00474434
14	0.165368	0.012984	0.00267099	0.0129558	0.0107678	0.0145344	0.00841666	0.109233	0.0171752	0.130676	0.0956511	0.013705	0.00935481	0.0187768	0.0328242	0.088844	0.101436	0.151336	0.000590232	0.00270074
15	0.0145667	0.00345957	0.00355673	0.0035545	0.314897	0.00808708	0.0486965	0.0432373	0.00230136	0.177507	0.0233011	0.00744051	0.000670021	0.0143337	0.00487525	0.0177788	0.00698656	0.0438947	0.00822592	0.25263
16	0.107321	0.00830394	0.000833662	0.0145306	0.0128502	0.0136185	0.00982647	0.141683	0.0174686	0.168157	0.0948288	0.0142966	0.010358	0.0216919	0.0336325	0.0835064	0.100031	0.144939	0.00033802	0.00178544
17	0.147928	0.00976261	0.00118337	0.0104804	0.0170991	0.0167491	0.0128216	0.136003	0.0152425	0.129238	0.0712055	0.0174779	0.00820663	0.0173342	0.0300468	0.0938391	0.103614	0.154609	0.000598189	0.00656155
18	0.0580078	0.00169678	0.00230156	0.00388849	0.289385	0.00796042	0.0411986	0.0646325	0.00789512	0.170833	0.019367	0.0145091	0.00113751	0.0253712	0.0213288	0.0504895	0.0169089	0.0599733	0.00526604	0.13785
19	0.314576	0.0255534	0.0156949	0.0154456	0.00526848	0.0223352	0.00674007	0.0123332	0.00981557	0.0277829	0.00419624	0.00841212	0.00785046	0.00682052	0.0113559	0.349688	0.0885051	0.056668	0.00128252	0.00967605
20	0.0559605	0.00697645	0.028466	0.0301799	0.00450384	0.0691156	0.047596	0.00706355	0.152562	0.0328922	0.00616199	0.0247106	0.0668241	0.0786702	0.270191	0.0802922	0.017254	0.0115369	0.00424895	0.00479411
21	0.0310588	0.0108515	0.0199665	0.0282741	0.00181318	0.0386094	0.0755346	0.00183261	0.160182	0.0456268	0.00199855	0.00668939	0.0147442	0.0984991	0.411696	0.0372044	0.00249477	0.00817862	0.00207477	0.00267039
22	0.0160622	0.00198064	0.00181072	0.00215995	0.356487	0.0109043	0.0332729	0.0504445	0.0020998	0.244134	0.0302627	0.00412442	0.000945523	0.014133	0.00404123	0.0154981	0.00737646	0.0533178	0.0069695	0.143974
23	0.188228	0.00570039	0.00806646	0.008416	0.0280574	0.0116424	0.0545726	0.026448	0.0536268	0.0664709	0.00824252	0.0156699	0.00620211	0.0421023	0.052752	0.143379	0.0416299	0.154843	0.00274717	0.0812037
24	0.0753583	0.00111074	0.0180509	0.0511685	0.00594411	0.0203772	0.0521771	0.0182242	0.114208	0.112017	0.0566182	0.0543634	0.00353615	0.121662	0.100854	0.074422	0.0528857	0.0443159	0.0159087	0.00679761
25	0.0602378	0.000790731	0.29015	0.407605	0.0125534	0.0122789	0.019717	0.00265829	0.0353172	0.01689	0.00238079	0.013523	0.00130799	0.0488661	0.00733659	0.0512984	0.00891432	0.00399211	0.00177045	0.00241192
26	0.114319	0.00519826	0.00215898	0.00963854	0.0765687	0.0104243	0.0238269	0.108582	0.0226127	0.133012	0.0468862	0.0290493	0.00649151	0.026712	0.0574228	0.117817	0.0649816	0.102103	0.00126394	0.0409321
27	0.167613	0.00130468	0.0310224	0.0515498	0.00540936	0.0752015	0.0189057	0.0196565	0.0763657	0.043524	0.0249359	0.0673239	0.0140601	0.0502475	0.0659474	0.157036	0.0779957	0.0452337	0.00283241	0.00383513
28	0.126814	0.00182477	0.0102457	0.0149503	0.0234256	0.0173028	0.0215727	0.0493768	0.138339	0.0461888	0.0163572	0.0554621	0.00389172	0.0332869	0.190048	0.131531	0.0660421	0.0388935	0.00311974	0.0113266
29	0.0297065	0.0130758	0.0144472	0.0279394	0.00353965	0.0281574	0.0783366	0.00444787	0.15564	0.0719179	0.013871	0.0142267	0.0115045	0.119357	0.344065	0.0375128	0.0090722	0.012515	0.00498506	0.0056823
30	0.0913243	0.00671973	0.00076446	0.00997201	0.017941	0.0092957	0.00808937	0.169103	0.0139493	0.158136	0.0942538	0.0121848	0.00828447	0.0169883	0.0265215	0.0711021	0.104273	0.175418	0.000336898	0.00534159
31	0.0329255	0.00923675	0.0226226	0.0321917	0.00181814	0.038771	0.0706838	0.00310957	0.173261	0.0468753	0.00531561	0.0108684	0.0151885	0.0827018	0.384568	0.046436	0.00518343	0.0126214	0.00329388	0.00232765
32	0.106109	0.00801679	0.00199546	0.0185065	0.0126871	0.0136629	0.0122326	0.140088	0.0186966	0.163554	0.0925626	0.0155692	0.0105141	0.0246318	0.0335435	0.0843633	0.100891	0.13992	0.000508114	0.00194725
33	0.0969247	0.00715912	0.00145703	0.011694	0.0119999	0.0117339	0.00816947	0.126768	0.0189427	0.14181	0.127003	0.0130117	0.0093091	0.0185348	0.0300137	0.0865091	0.125761	0.150718	0.000580139	0.00190112
34	0.0945409	0.00692646	0.000815909	0.0106103	0.0172394	0.00980541	0.00827854	0.158752	0.0150955	0.157171	0.101462	0.0124033	0.00875489	0.0178438	0.027929	0.074925	0.108494	0.164308	0.000331355	0.0043134
35	0.164641	0.000393275	0.0381178	0.0706149	0.00414021	0.0614441	0.0191013	0.0206728	0.0696166	0.0482515	0.0402062	0.05895	0.0119459	0.0572153	0.0338693	0.130404	0.0998306	0.0651757	0.00338291	0.00202654
36	0.00937814	0.000832543	0.00889553	0.00879632	0.00180664	0.00732187	0.0229109	0.00939213	0.434813	0.00693817	0.0145419	0.0596651	0.0014672	0.0360922	0.285535	0.0431498	0.0378314	0.00776837	0.00134541	0.00151899
37	0.0116898	0.00118201	0.00166825	0.00210295	0.228931	0.00686839	0.0222117	0.0930093	0.0021782	0.34965	0.0788288	0.00340941	0.00195293	0.00987832	0.00454262	0.0128784	0.00924646	0.0600017	0.00891223	0.0908581
38	0.0299847	0.00953616	0.0163578	0.027646	0.00286581	0.0307626	0.0732798	0.00421028	0.165468	0.0590896	0.0109407	0.0157742	0.0117278	0.104204	0.368089	0.0420814	0.00884929	0.0112606	0.00425429	0.00361765
39	0.16961	0.00190074	0.0437422	0.0644784	0.00403324	0.0660347	0.0199283	0.0201869	0.0572564	0.0377571	0.0317018	0.0689391	0.0148493	0.0461966	0.0305709	0.153247	0.102282	0.0607622	0.00323831	0.0032845
40	0.110271	0.00067835	0.0251216	0.0593303	0.00445512	0.0385271	0.0396885	0.0185299	0.0946375	0.0845677	0.0496151	0.0591699	0.00810614	0.0969547	0.0641599	0.0990853	0.084892	0.0512298	0.00764492	0.00333549
41	0.0993572	0.00765837	0.000721332	0.0116902	0.0163979	0.0109351	0.00893199	0.152275	0.015674	0.164458	0.0957932	0.0142616	0.00952899	0.0195313	0.0309747	0.0776767	0.102738	0.157644	0.000293401	0.00345961
42	0.0358329	0.0042738	0.00699308	0.0308341	0.154777	0.00569953	0.0825653	0.0266696	0.0406046	0.136098	0.0175116	0.0370784	0.00227394	0.0681266	0.0549641	0.0600528	0.0161356	0.0308844	0.0199771	0.168647
43	0.25243	0.00207007	0.0220917	0.0373471	0.00479121	0.0533847	0.0300919	0.0355734	0.0355935	0.0251588	0.0184075	0.0551437	0.00851496	0.0734324	0.0233969	0.168663	0.0743928	0.054502	0.0181751	0.00683964
44	0.132895	0.00868711	0.00542671	0.0191502	0.0130193	0.0172715	0.0112108	0.113567	0.0229461	0.145153	0.0827814	0.0189546	0.0105853	0.028003	0.0331288	0.0933858	0.102926	0.135629	0.000914143	0.00436523
45	0.0311879	0.000596058	0.216833	0.196372	0.00329414	0.0344931	0.0730824	0.00299293	0.0608461	0.00487892	0.00282905	0.126492	0.00222239	0.0764011	0.0611506	0.0617991	0.0219016	0.00494028	0.00255841	0.0151298
46	0.0752583	0.000819063	0.176043	0.265686	0.0061797	0.0431194	0.0391589	0.00575503	0.0454333	0.021875	0.00737048	0.0586343	0.0031415	0.0752631	0.0318796	0.0853809	0.0355084	0.0124696	0.00396458	0.00706014
47	0.0262183	0.00154636	0.00792967	0.0410882	0.0079108	0.00242893	0.0732901	0.0147256	0.126134	0.14942	0.063379	0.0470993	0.000847384	0.168815	0.127968	0.0469608	0.0325451	0.0328935	0.0173825	0.0114167
48	0.422773	0.0357214	0.00830845	0.00950756	0.0021434	0.0225924	0.00366981	0.0216198	0.00465716	0.0219712	0.00395584	0.00637264	0.00778742	0.00387374	0.0079937	0.205005	0.0951905	0.108935	0.0008809	0.00704083
49	0.370856	0.0242768	0.0127026	0.0207465	0.00647925	0.084381	0.00925484	0.0311439	0.0189973	0.0366303	0.017475	0.0191365	0.0128193	0.0172609	0.0177105	0.113395	0.0661176	0.10957	0.00324853	0.00779766
50	0.038967	0.00302926	0.0823366	0.0783049	0.00970535	0.0614281	0.04156	0.0188475	0.167653	0.0269454	0.0128409	0.0511222	0.0142343	0.0595838	0.185991	0.0524113	0.0190643	0.0470306	0.0208003	0.00814456
51	0.192303	0.00688807	0.0334228	0.0480143	0.00285862	0.0457507	0.00990932	0.0109301	0.0325818	0.0315209	0.0177241	0.0296708	0.0105803	0.025791	0.0197331	0.29636	0.134239	0.0475996	0.00184569	0.0022775
52	0.0168509	0.000306416	0.000849032	0.000741047	0.0290314	0.000960459	0.00688213	0.325879	0.00125988	0.130365	0.03133	0.00206167	0.000508497	0.00107606	0.00188524	0.00649515	0.0356062	0.388974	0.000357162	0.0185815
53	0.0933732	0.00183833	0.0221284	0.00939243	0.00537936	0.0237766	0.0195333	0.0060268	0.0231305	0.0161398	0.00489261	0.0116832	0.528282	0.00799176	0.0179859	0.105065	0.068209	0.0288368	0.00208843	0.00424706
54	0.0172249	0.000960577	0.0159959	0.01374	0.00236363	0.00753367	0.0335798	0.0098358	0.361383	0.013828	0.0391566	0.100864	0.00167879	0.0330057	0.246454	0.0547273	0.0327803	0.00984033	0.0026634	0.00238438
55	0.0371294	0.00305521	0.0173835	0.0195263	0.00812895	0.214519	0.0215863	0.00711793	0.044921	0.00832951	0.00486253	0.111183	0.0847899	0.0125797	0.0432513	0.316215	0.0241575	0.00817969	0.00368985	0.00939398
56	0.0156778	0.000820163	0.00103139	0.00188235	0.0204132	0.00194148	0.00920773	0.257873	0.0024568	0.307599	0.0841993	0.00292823	0.00277635	0.00283648	0.00524706	0.0108596	0.0208453	0.241151	0.00147955	0.00877426
57	0.016769	0.00809247	0.0217969	0.0147292	0.0783229	0.00587258	0.267684	0.00584301	0.0101656	0.010104	0.00278919	0.0818814	0.00255895	0.0123061	0.0145543	0.0330905	0.0135324	0.00478696	0.00487516	0.390245
58	0.202494	0.0710648	0.0160137	0.014319	0.0284853	0.0263172	0.0354493	0.0415605	0.0321726	0.0603296	0.024248	0.0253751	0.0118428	0.0251994	0.0588019	0.117262	0.05573	0.0830587	0.0124636	0.057812
59	0.0151623	0.00161162	0.00156293	0.00190995	0.278793	0.00807788	0.0273462	0.0810443	0.00196711	0.302996	0.0448547	0.00403945	0.00133523	0.0114796	0.00390079	0.0146841	0.00923037	0.0710004	0.00631139	0.112693
60	0.164468	0.000747782	0.0360306	0.0710285	0.00418254	0.0623475	0.0190482	0.0250453	0.0635186	0.0481278	0.0397521	0.0579004	0.0150242	0.0518681	0.0311209	0.137698	0.103039	0.0645218	0.00303902	0.00149122
61	0.00697075	0.000495982	0.0016433	0.00169549	0.0161895	0.00175283	0.00515267	0.215997	0.00246939	0.405012	0.187252	0.00305571	0.00286259	0.00276527	0.00491412	0.00946043	0.0178788	0.103424	0.00409779	0.00691053
62	0.0212166	0.00724957	0.0124281	0.0190597	0.00258883	0.0247461	0.0501966	0.00482742	0.252179	0.0402736	0.00638439	0.0098672	0.00863872	0.112848	0.380989	0.026032	0.0059456	0.00886709	0.00251174	0.00315205
63	0.0323559	0.00306073	0.00469804	0.00909747	0.0853249	0.00836054	0.0214687	0.124146	0.0211952	0.321165	0.0908319	0.0115982	0.00439756	0.0242172	0.0257714	0.0326609	0.0302207	0.0939399	0.0176761	0.0378142
64	0.095504	0.00719056	0.0012245	0.0111902	0.0119636	0.0111163	0.00806808	0.126507	0.0175499	0.141988	0.128469	0.0126124	0.00915728	0.0180951	0.0297155	0.0870596	0.129453	0.150593	0.000640723	0.00190213
65	0.166162	0.000350256	0.0384171	0.0738301	0.0039847	0.06406	0.0180916	0.020907	0.0678394	0.0448236	0.0389343	0.0597892	0.0126309	0.0548789	0.031901	0.133976	0.101919	0.0633127	0.0031585	0.00103394
66	0.0611715	0.000775221	0.286418	0.399538	0.0115448	0.0138177	0.0195943	0.00253323	0.0362888	0.0158143	0.00235821	0.015519	0.00134011	0.0499692	0.00857614	0.0559566	0.0101673	0.003518	0.00246919	0.0026297
67	0.0227705	0.00522888	0.0100826	0.0307559	0.082462	0.00771923	0.0628714	0.0157388	0.0797166	0.127656	0.0326842	0.0298408	0.00259829	0.102835	0.0955447	0.0348437	0.0162172	0.0200284	0.112469	0.107937
68	0.020442	0.00183121	0.00168597	0.00199597	0.353878	0.00967463	0.0327956	0.0631875	0.00214428	0.208062	0.0304114	0.00493528	0.000644096	0.0144906	0.00449646	0.0179758	0.0101968	0.0650039	0.00673037	0.149418
69	0.142861	0.000631751	0.0443625	0.0686127	0.00373311	0.0717801	0.0254569	0.01435	0.0579792	0.0375568	0.0260732	0.0795148	0.0329454	0.049249	0.0395869	0.156504	0.0988201	0.0434794	0.00327859	0.00322519
70	0.0634878	0.00118847	0.0827235	0.0318631	0.00145248	0.0880641	0.0285344	0.0055219	0.0796335	0.00311532	0.000992132	0.250825	0.00617124	0.0314182	0.0751547	0.194254	0.0491855	0.00227919	0.00117346	0.00296239
71	0.0135315	0.00162462	0.0032867	0.00446214	0.105676	0.00647521	0.0145088	0.118146	0.00721774	0.355032	0.154357	0.00587269	0.00292482	0.0120274	0.014876	0.0263602	0.0160595	0.0602794	0.0189451	0.0583374
72	0.00729577	0.0105091	0.0129458	0.00848399	0.120024	0.00234517	0.121602	0.00311354	0.00369483	0.0096128	0.00126065	0.0271627	0.00124061	0.00387508	0.00958204	0.0219109	0.00284065	0.00201672	0.00626405	0.62422
73	0.0403608	0.00299095	0.0695713	0.0436312	0.0117843	0.0232896	0.253525	0.0109701	0.0590561	0.0177272	0.00844436	0.175247	0.0115681	0.0424754	0.0631074	0.07023	0.0355816	0.0112545	0.0061655	0.043019
74	0.0149827	0.00393527	0.0035232	0.00350478	0.336483	0.00877003	0.0424122	0.0422499	0.00270469	0.183295	0.024978	0.00697919	0.00063448	0.0142099	0.00514836	0.0182169	0.0064011	0.0447472	0.00839709	0.228426
75	0.469918	0.0530999	0.00346571	0.00446824	0.00433119	0.0202927	0.00508732	0.0287818	0.00663597	0.0270401	0.00516378	0.00771298	0.00824852	0.00488521	0.00903944	0.118112	0.0627874	0.144714	0.0012567	0.0149591
76	0.0120243	0.000224318	0.000673382	0.000636909	0.0133172	0.000767639	0.00491075	0.362917	0.000944906	0.101006	0.0206395	0.00158843	0.000526967	0.000757156	0.00158836	0.00300194	0.0134527	0.451508	0.000280512	0.00923334
77	0.0280406	0.0039377	0.00734767	0.00685301	0.307134	0.0120992	0.0393737	0.0526359	0.0105658	0.17078	0.0296738	0.0139758	0.00193417	0.0173892	0.0156541	0.0323896	0.0143824	0.0540606	0.0101481	0.171624
78	0.11933	0.00734443	0.0359202	0.0303826	0.00558022	0.0403069	0.0148238	0.012482	0.0240635	0.0191626	0.0101487	0.0339157	0.0243983	0.0135539	0.0288836	0.396099	0.145725	0.0292784	0.00227078	0.0063311
79	0.0148929	0.000643488	0.427379	0.0954109	0.00281103	0.0200644	0.0228648	0.00492416	0.0413535	0.00301909	0.0103354	0.239429	0.0058724	0.013199	0.02112	0.0519116	0.0131241	0.00576295	0.000901962	0.00498088
80	0.0504003	0.0022624	0.148745	0.0551362	0.0119911	0.041427	0.0553566	0.0126864	0.0791811	0.0210802	0.0135148	0.217161	0.00875413	0.0358604	0.0664902	0.0942939	0.0408336	0.0159901	0.00578585	0.0230497
81	0.015722	0.000293476	0.000689699	0.00073188	0.0140761	0.000813284	0.00500169	0.3299	0.00109511	0.104488	0.0219621	0.00146407	0.000599781	0.000928329	0.00235496	0.0035856	0.0141522	0.472804	0.000296077	0.00904214
82	0.00464133	0.000466313	0.00166003	0.00162381	0.0170906	0.00186749	0.00565593	0.193441	0.00231639	0.477318	0.169028	0.00277094	0.00339541	0.00260287	0.00474561	0.00842302	0.0120396	0.0806332	0.00478874	0.00549262
83	0.351329	0.00517473	0.0152018	0.0115494	0.00288933	0.359975	0.00655584	0.0114778	0.0195456	0.00851595	0.00424627	0.0109399	0.018375	0.0138278	0.0287389	0.0815517	0.0221863	0.0194725	0.00438821	0.00405918
84	0.486638	0.04829	0.00242666	0.00378594	0.00183817	0.0195749	0.00353394	0.028358	0.0031862	0.0251623	0.00409588	0.005239	0.00788718	0.00271863	0.0058123	0.12728	0.0685054	0.145599	0.000741633	0.00932646
85	0.237017	0.0190068	0.0246461	0.0197992	0.00609702	0.0420627	0.00959971	0.0126411	0.015561	0.0197716	0.0051637	0.0224008	0.0131146	0.00882565	0.0178807	0.372248	0.0995515	0.0437613	0.00185941	0.00899292
86	0.472047	0.0488951	0.00266755	0.00423795	0.00254352	0.0196167	0.00389611	0.0305648	0.00408662	0.0295364	0.0066475	0.00577643	0.00838842	0.00356106	0.00706586	0.121449	0.0668137	0.151504	0.000851163	0.00985193
87	0.0776073	0.00578105	0.00209615	0.00835402	0.0284068	0.00842483	0.0106909	0.186092	0.0132495	0.148609	0.0618599	0.00945712	0.00541207	0.0151164	0.0239754	0.0478896	0.0577548	0.273949	0.00189488	0.0133801
88	0.0125571	0.000202172	0.000673402	0.000631394	0.0131926	0.000779396	0.00486004	0.355279	0.00096204	0.100365	0.0205727	0.00157536	0.000549447	0.000737959	0.00172575	0.00306125	0.0132285	0.459716	0.000293997	0.00903671
89	0.067113	0.00208234	0.0447306	0.0199798	0.00685067	0.0482359	0.0336857	0.0118979	0.120985	0.0132141	0.0133162	0.249672	0.00461215	0.0337945	0.18094	0.0952784	0.0342923	0.00937191	0.00315305	0.00679548
90	0.124073	0.00734077	0.0336754	0.0291742	0.00511931	0.0377569	0.013764	0.0178183	0.0220846	0.0223782	0.0114608	0.0293142	0.019142	0.0138817	0.0281851	0.388675	0.15282	0.0356448	0.00227819	0.00541293
91	0.190214	0.0151497	0.00292463	0.0116216	0.0118091	0.0153048	0.00999186	0.115975	0.015458	0.122723	0.0667965	0.0134792	0.00899766	0.0173521	0.025467	0.0855268	0.0965299	0.166931	0.000764718	0.0069831
92	0.10926	0.00667864	0.00104629	0.00975146	0.0158774	0.0119169	0.00950237	0.171215	0.0128138	0.14402	0.0819187	0.0133291	0.00777576	0.0159861	0.0258678	0.0763062	0.109758	0.171396	0.000379154	0.00520046
93	0.102155	0.00914596	0.000672739	0.0135437	0.0129735	0.0114628	0.00917191	0.136529	0.0185777	0.171674	0.101671	0.0149151	0.0110272	0.0228307	0.0361686	0.0830162	0.0991758	0.143628	0.000273166	0.00138828
94	0.0985742	0.00288973	0.0269608	0.0214585	0.00625287	0.0303346	0.175768	0.00772189	0.0254245	0.00994715	0.00565102	0.273561	0.0232864	0.016493	0.028097	0.121323	0.0838292	0.0105771	0.00319192	0.0286582
95	0.278526	0.0375431	0.0186285	0.0131246	0.00333379	0.0197499	0.00466239	0.00920164	0.0127616	0.0169598	0.00259914	0.0103576	0.00613665	0.00470223	0.00864919	0.406427	0.0835641	0.0519546	0.00133197	0.00978654
96	0.0410918	0.00118464	0.0428248	0.0367286	0.00512999	0.0122997	0.0412939	0.0215625	0.218258	0.0526395	0.0582005	0.115513	0.00181259	0.060187	0.153036	0.0545203	0.0334248	0.0400394	0.00618231	0.00407114
97	0.0312625	0.000637772	0.144534	0.189066	0.00278765	0.0302197	0.114759	0.00262735	0.0976131	0.00329562	0.00107503	0.0853219	0.0011085	0.113797	0.099692	0.0280197	0.0133328	0.00823861	0.00176579	0.0308465
98	0.0875642	0.00134306	0.0188568	0.00985728	0.00573371	0.022785	0.0215776	0.00386635	0.0307455	0.0119074	0.00303468	0.0152813	0.521153	0.00855164	0.0239744	0.119284	0.0636077	0.0246548	0.00157485	0.00464665
99	0.0930008	0.000696547	0.135004	0.210434	0.00312852	0.0591528	0.025256	0.00265444	0.0364408	0.00687918	0.00193318	0.051253	0.00432819	0.055919	0.0405929	0.186285	0.0656729	0.00368105	0.0118457	0.00584194
100	0.0233976	0.00232627	0.0196601	0.0285804	0.00473492	0.00702338	0.0504209	0.0122234	0.235639	0.0843431	0.0582739	0.0638149	0.00205441	0.103012	0.197827	0.0417223	0.0253347	0.0226662	0.0102894	0.00665582
101	0.0165121	0.000452689	0.000777481	0.00131361	0.0212772	0.00116082	0.00855857	0.330904	0.00157367	0.144579	0.0375871	0.00234516	0.0010835	0.00155891	0.00290995	0.00745176	0.0257302	0.380336	0.000610498	0.0132778
102	0.0545377	0.00401982	0.00319172	0.00951285	0.0214616	0.006836	0.0101514	0.203617	0.013663	0.173237	0.0849854	0.0100114	0.00519076	0.0157317	0.0192517	0.0378319	0.0514506	0.263228	0.00168006	0.0104097
103	0.0170753	0.0020304	0.0018277	0.00258852	0.349016	0.0104417	0.0325747	0.0561599	0.00232357	0.234254	0.0344736	0.00459362	0.000902333	0.0141734	0.00459863	0.0167414	0.0089691	0.0570598	0.00729024	0.142905
104	0.0409801	0.00460116	0.050634	0.0502155	0.0434057	0.0209228	0.203764	0.0207016	0.0651745	0.0469382	0.0162774	0.0768174	0.0203276	0.0490921	0.087618	0.0579122	0.027105	0.0255628	0.00934967	0.0826006
105	0.0124197	0.000218697	0.000699208	0.000632803	0.0132913	0.000756284	0.00487227	0.35745	0.0009501	0.101057	0.0204911	0.00160356	0.000552043	0.000767725	0.00165854	0.0030683	0.0132169	0.45693	0.000268043	0.00909687
106	0.0632035	0.00409088	0.00601044	0.0083687	0.0237389	0.00830749	0.00999439	0.240356	0.0112946	0.117672	0.0393475	0.00874982	0.0048858	0.0105636	0.0133838	0.0338632	0.0376237	0.342049	0.00231494	0.0141819
107	0.130195	0.00639755	0.0369115	0.0372033	0.00702431	0.0401188	0.0161211	0.0260618	0.0306021	0.039018	0.0246955	0.0392886	0.0320778	0.0194459	0.0284638	0.285249	0.145549	0.0464853	0.0029447	0.00614737
108	0.00911934	0.000443363	0.476261	0.0999012	0.00121857	0.015316	0.0144954	0.00182006	0.034828	0.00172165	0.0106622	0.246847	0.00577891	0.00738025	0.0150655	0.0447863	0.00822906	0.00158817	0.000652989	0.003885
109	0.0427768	0.00754695	0.0303597	0.047248	0.00297433	0.04951	0.0515723	0.00467652	0.170255	0.0429994	0.00345274	0.0119097	0.0261229	0.0582613	0.338623	0.085083	0.00768279	0.0115675	0.00421706	0.00316114
110	0.0172781	0.000295596	0.000829749	0.000781655	0.0282415	0.00100238	0.00676576	0.327702	0.00125644	0.129577	0.0314557	0.00211414	0.000552335	0.00112719	0.00203264	0.00693376	0.0353215	0.388467	0.000336979	0.017928
111	0.0721643	0.00357402	0.0306978	0.0276098	0.0111662	0.0237641	0.203024	0.00777002	0.0243308	0.0115336	0.00491404	0.250679	0.0215653	0.0196784	0.0302103	0.114378	0.0742986	0.0109367	0.00386577	0.0538388
112	0.0161002	0.0020438	0.0020033	0.00264084	0.359429	0.00964034	0.0392943	0.0486486	0.00222125	0.211442	0.0284035	0.00513777	0.000681756	0.0169007	0.00439416	0.0175461	0.00768483	0.0520591	0.00974429	0.163984
113	0.16867	0.00121589	0.0699858	0.0277772	0.00258338	0.306015	0.00472449	0.0157112	0.0649212	0.00417015	0.00205897	0.00541017	0.1306	0.063118	0.0542776	0.050115	0.00483204	0.00441915	0.0166263	0.00276881
114	0.156767	0.00603317	0.0137184	0.00545994	0.0042322	0.00699414	0.0156923	0.00555028	0.0167612	0.0141037	0.00267302	0.00603273	0.49778	0.00354128	0.0113334	0.11255	0.0735722	0.0422731	0.00110557	0.00382682
115	0.0333329	0.00241852	0.0016397	0.0042297	0.156829	0.00719241	0.0173597	0.15562	0.00571544	0.234341	0.0870112	0.0059632	0.00316678	0.0122025	0.0105112	0.0261898	0.0346302	0.131572	0.00810869	0.0619658
116	0.0260298	0.00128394	0.00997392	0.0316823	0.00477781	0.0040286	0.0581841	0.0138574	0.168411	0.111953	0.0567556	0.0663675	0.00133684	0.139581	0.1448	0.0578453	0.0487613	0.0314852	0.0167477	0.00613813
117	0.206664	0.0134798	0.00828739	0.0209149	0.00784428	0.0284838	0.0091623	0.0789442	0.0226944	0.0894383	0.073643	0.0200059	0.00932387	0.0214992	0.024248	0.106532	0.110035	0.144276	0.00101009	0.00351337
118	0.0108161	0.00131828	0.00575021	0.00622463	0.0736002	0.0103934	0.0193899	0.0893528	0.0119979	0.242774	0.0977295	0.00731805	0.00283095	0.0193143	0.016888	0.0156911	0.0117871	0.0421232	0.277833	0.0368678
119	0.0189132	0.00211786	0.00189595	0.00229128	0.357625	0.0100287	0.0343665	0.0596759	0.00240923	0.201717	0.0295681	0.00519246	0.00066472	0.0144932	0.00491501	0.0186227	0.00914087	0.0600317	0.00750532	0.158825
120	0.106523	0.00923894	0.000869017	0.0131073	0.0157108	0.0125094	0.00997001	0.133478	0.0216448	0.168114	0.0949039	0.0152636	0.0106683	0.0226429	0.0413732	0.0841806	0.097785	0.13876	0.000439989	0.00281668
121	0.0960429	0.00842095	0.00101072	0.0146564	0.012559	0.0125589	0.00970329	0.129418	0.0183388	0.177606	0.105839	0.0175684	0.0103442	0.0238888	0.0424634	0.0837845	0.0975226	0.135247	0.000679276	0.00234871
122	0.0187821	0.00085519	0.0172489	0.016047	0.00229661	0.00935813	0.0518675	0.0118697	0.277554	0.0243886	0.0417513	0.124285	0.00187116	0.0440686	0.205425	0.0854643	0.047908	0.0122213	0.00407656	0.00266159
123	0.15837	0.00112804	0.0726663	0.0283129	0.00252087	0.304582	0.0055492	0.0148877	0.0721826	0.00468194	0.00212647	0.00616137	0.127599	0.0629381	0.055224	0.0525524	0.00528535	0.00508427	0.0154261	0.00272074
124	0.488071	0.0471849	0.00241248	0.00370604	0.0017642	0.0194308	0.00345784	0.0281501	0.00317672	0.0251986	0.00418842	0.00514094	0.00785789	0.00272056	0.00575098	0.128604	0.0689355	0.144281	0.000731033	0.0092374
125	0.171891	0.00270612	0.00601905	0.00686698	0.113888	0.0086229	0.0528216	0.0538943	0.0578539	0.041882	0.00319082	0.0280558	0.00304486	0.0275484	0.142734	0.107099	0.0731051	0.0358926	0.00261224	0.060271
126	0.0122549	0.00022315	0.000666918	0.000628503	0.0133308	0.000762606	0.00486738	0.360069	0.000946464	0.101222	0.0209341	0.00157958	0.000549725	0.000754194	0.00166019	0.00303759	0.013246	0.453734	0.000278766	0.00925373
127	0.0307165	0.000671579	0.144403	0.19549	0.00311858	0.0317578	0.114895	0.00298825	0.093811	0.00433571	0.00171968	0.0786792	0.00137272	0.118304	0.0922939	0.0279184	0.0127958	0.0112519	0.00199536	0.0314815
128	0.0120073	0.000222545	0.000671471	0.000644345	0.0131796	0.000770145	0.00487754	0.362232	0.000943317	0.100704	0.0205283	0.00155547	0.000546433	0.000758788	0.00159381	0.00302519	0.0132571	0.453086	0.000280098	0.00911667
129	0.02643	0.00419765	0.0121107	0.0429327	0.00666846	0.0111775	0.0734654	0.0109002	0.14279	0.117379	0.0437334	0.0380359	0.00386049	0.143325	0.212193	0.0411294	0.0221407	0.0247209	0.0124179	0.0103912
130	0.115771	0.0435695	0.0528843	0.0179431	0.0110998	0.0258121	0.0194859	0.00909729	0.0874781	0.0133152	0.00560119	0.0777076	0.012723	0.0136094	0.0198596	0.380651	0.0281416	0.0142076	0.00423844	0.0468049
131	0.0166089	0.00032242	0.000757936	0.000687871	0.0260718	0.000797918	0.00716264	0.332432	0.00117816	0.122109	0.0273231	0.00191515	0.000514853	0.000971188	0.00195651	0.00527404	0.027796	0.408849	0.000311985	0.0169594
132	0.0613383	0.000780874	0.29302	0.404134	0.0121667	0.0121818	0.019272	0.00271532	0.0361801	0.0161287	0.00237047	0.0136366	0.00129734	0.0480744	0.00735818	0.0523569	0.00900359	0.00366733	0.0019215	0.00239553
133	0.00924372	0.000468759	0.461983	0.104822	0.00139963	0.0163114	0.0149708	0.00179691	0.0367732	0.00178514	0.0110946	0.247797	0.00593841	0.00792534	0.0157095	0.0467648	0.00928094	0.00158294	0.000675272	0.00367625
134	0.0985007	0.00216174	0.0384253	0.0455675	0.00681243	0.0596928	0.0508925	0.0111093	0.0358653	0.017698	0.00948342	0.124528	0.116405	0.0220547	0.0357179	0.201678	0.0856925	0.0221321	0.00251172	0.0130711
135	0.162096	0.00486308	0.045761	0.0651681	0.00266961	0.057504	0.0271313	0.00583053	0.0195696	0.014035	0.00729302	0.0405814	0.0416318	0.019008	0.0208897	0.322794	0.108253	0.0237621	0.00295275	0.00820547
136	0.122066	0.00725815	0.0332238	0.0200141	0.00202766	0.0394632	0.00488501	0.00295056	0.00510068	0.00969292	0.00219085	0.00649804	0.00569859	0.00380916	0.0137285	0.51293	0.184337	0.0198024	0.00130168	0.00302115
137	0.0849985	0.00642548	0.00898439	0.00973077	0.155209	0.00709297	0.0522325	0.0264029	0.0162426	0.0459872	0.00365095	0.0417036	0.00651472	0.0185193	0.0306282	0.131356	0.018601	0.027117	0.00426694	0.304337
138	0.339063	0.0392317	0.0122138	0.0105583	0.00272033	0.0187041	0.00357529	0.0135771	0.00672846	0.0202192	0.00263428	0.0062999	0.00661122	0.00337051	0.00699346	0.336514	0.0789681	0.0840411	0.00108762	0.00688878
139	0.0728863	0.0040944	0.0184575	0.0192013	0.0351871	0.0334636	0.028839	0.0101616	0.0257546	0.0178161	0.00791828	0.0303428	0.33937	0.010762	0.0274435	0.224364	0.049676	0.0255955	0.00336175	0.0153042
140	0.062451	0.00436851	0.000749982	0.00676154	0.0162945	0.0062642	0.00710611	0.210568	0.00902459	0.154527	0.0707837	0.00825678	0.00590818	0.0111847	0.0200391	0.0437199	0.0608383	0.295041	0.00044442	0.0056683
141	0.0168494	0.000291703	0.000791038	0.000708259	0.0277629	0.000805158	0.00668302	0.330637	0.00117174	0.128841	0.0306537	0.00197458	0.000509039	0.000983607	0.00182109	0.00636834	0.0336665	0.39153	0.000319531	0.0176323
142	0.00409665	0.000540001	0.00534723	0.00497656	0.00124157	0.00849468	0.00503311	0.00850412	0.531045	0.00337468	0.00287871	0.0180555	0.00122316	0.0457681	0.326881	0.0116994	0.00993289	0.00880303	0.000718106	0.00138556
143	0.0241511	0.00202536	0.00928547	0.0357688	0.01006	0.00416145	0.0613838	0.014995	0.112101	0.146363	0.064038	0.0404635	0.00143508	0.197162	0.13207	0.0432166	0.0300941	0.0291573	0.030697	0.0113721
144	0.0862077	0.00741176	0.000927153	0.0118137	0.0135128	0.00991305	0.00853916	0.1511	0.0157878	0.209369	0.111789	0.0123902	0.00978377	0.0204582	0.0306046	0.0718534	0.0855316	0.139699	0.000475801	0.0028319
145	0.129442	0.00090033	0.0370196	0.0710847	0.00522936	0.0442221	0.0332865	0.025818	0.0820311	0.070195	0.0480519	0.0555052	0.00820169	0.0788073	0.0620126	0.105805	0.0762953	0.0560063	0.00667002	0.00341603
146	0.0752686	0.00106673	0.0858955	0.0537359	0.00180077	0.0854458	0.0332713	0.00860661	0.0671034	0.00594973	0.00335939	0.200099	0.0109044	0.0315877	0.0584425	0.203856	0.061139	0.00580435	0.00256613	0.00409718
147	0.102224	0.00899197	0.000664756	0.0137262	0.013055	0.011453	0.00933454	0.137241	0.0184945	0.172551	0.101195	0.0142653	0.0111952	0.0228911	0.0355797	0.0819185	0.099064	0.144494	0.000276246	0.00138485
148	0.051747	0.000990439	0.112744	0.0938274	0.00427617	0.0626397	0.0462422	0.0101527	0.122425	0.0138935	0.0104994	0.155615	0.00524566	0.0551463	0.0901052	0.0919247	0.0408668	0.0196854	0.00303408	0.00893931
149	0.0168616	0.00196252	0.00165283	0.00199453	0.374844	0.0105884	0.0333096	0.0526385	0.00202623	0.212848	0.0312841	0.00408932	0.000628777	0.0143469	0.0036518	0.0157029	0.00723952	0.0557072	0.00690377	0.151719
150	0.0303516	0.010424	0.0181099	0.0273888	0.00197643	0.0360731	0.0738747	0.00252674	0.163426	0.0498979	0.00488044	0.00859304	0.0141162	0.0982049	0.401985	0.0395549	0.00417243	0.00909166	0.00258143	0.00277033
151	0.0135805	0.00046227	0.425537	0.0975361	0.00156912	0.0218707	0.0179289	0.00271173	0.040569	0.00217893	0.0100476	0.249549	0.00581181	0.0109862	0.0218788	0.0586818	0.0123951	0.00209639	0.000757487	0.0038511
152	0.0923977	0.00125306	0.0152648	0.00455407	0.00503465	0.00597771	0.015888	0.00438894	0.0195479	0.0136153	0.00443866	0.00537553	0.585915	0.00385774	0.0117619	0.100876	0.0760191	0.0303342	0.000907149	0.00259238
153	0.0317893	0.00110846	0.0518588	0.0215966	0.00197807	0.0615719	0.0327716	0.00634861	0.200902	0.00534086	0.00924028	0.228953	0.00281321	0.0334845	0.162006	0.10416	0.0354474	0.00504777	0.00120208	0.00237965
154	0.00831255	0.0104818	0.0139325	0.00942723	0.13364	0.00251938	0.0977609	0.00461905	0.00366091	0.0189369	0.00183242	0.0223477	0.0011126	0.00508175	0.0094529	0.0236872	0.00282201	0.00368475	0.00809792	0.61859
155	0.0994502	0.00853005	0.000723433	0.0129185	0.0128585	0.0108774	0.00896795	0.140025	0.0175237	0.182419	0.104122	0.0138029	0.0107307	0.0221032	0.0337984	0.0787924	0.0970937	0.143152	0.00056132	0.00155034
156	0.112071	0.00378391	0.027189	0.0611671	0.0108045	0.0374319	0.0619042	0.00729352	0.0252456	0.0116149	0.00544647	0.0486514	0.1592	0.0133923	0.0287788	0.244933	0.0380724	0.0483763	0.0029908	0.0516525
157	0.100827	0.00886802	0.000666244	0.0137014	0.0131014	0.0112648	0.0092549	0.138324	0.018314	0.175899	0.102797	0.0140444	0.0111982	0.0226751	0.0352611	0.0808251	0.0976891	0.143479	0.000408557	0.00140198
158	0.0420361	0.00327293	0.00202259	0.00579073	0.0423063	0.00552639	0.0102701	0.185893	0.00834553	0.299264	0.0877592	0.00670112	0.00455744	0.0100718	0.0130696	0.0309598	0.0374515	0.182804	0.00395098	0.017947
159	0.0102615	0.000476332	0.448442	0.0993048	0.00143364	0.0181962	0.0169075	0.00218666	0.0382295	0.00200075	0.0105622	0.25125	0.0056903	0.00886634	0.0181004	0.0513908	0.0101959	0.00204509	0.000714133	0.00374576
160	0.0193375	0.0101341	0.0134166	0.0112525	0.103215	0.00435694	0.193472	0.00636254	0.00956893	0.0188104	0.00262326	0.0424563	0.00481596	0.0100652	0.0148887	0.0435283	0.0104633	0.00843524	0.00785298	0.464944
161	0.0209514	0.00170715	0.00163269	0.00381327	0.0393232	0.00388361	0.00970703	0.191565	0.00606445	0.36906	0.120467	0.00553379	0.00379027	0.00881226	0.0110367	0.021166	0.0250254	0.136701	0.00371585	0.0160435
162	0.0458093	0.00545861	0.0296303	0.0294113	0.00885099	0.033871	0.0492087	0.0149636	0.188967	0.0412975	0.0156486	0.0540709	0.0158614	0.0668118	0.267144	0.0720146	0.0275681	0.0200732	0.0039822	0.00935712
163	0.0240569	0.00269262	0.00464491	0.00619989	0.325499	0.011202	0.0388092	0.049437	0.00701711	0.184248	0.0277491	0.0099394	0.00572338	0.0164709	0.0100755	0.0267473	0.0118502	0.0519013	0.0120133	0.173723
164	0.0128405	0.00899652	0.0132503	0.0101532	0.147937	0.00421303	0.0874712	0.0152719	0.00607547	0.0408461	0.00584353	0.0216903	0.00152748	0.00774638	0.0114968	0.0251947	0.00523133	0.0168295	0.00926026	0.548124
165	0.00738272	0.000694405	0.00166259	0.0020008	0.022455	0.00219062	0.00638408	0.191667	0.00279438	0.456183	0.164157	0.00327036	0.0034795	0.00340424	0.00594658	0.0108343	0.0142347	0.0879205	0.00466052	0.0086775
166	0.0943265	0.00223326	0.0191304	0.00837357	0.00557424	0.016364	0.0194399	0.0073732	0.0241801	0.0153172	0.00533446	0.0107504	0.532739	0.0069536	0.018969	0.106343	0.0680099	0.0323193	0.00163121	0.00463765
167	0.0506997	0.000664864	0.242704	0.355165	0.00845716	0.0199376	0.0402257	0.00288621	0.0470271	0.0135659	0.00218488	0.0321324	0.00137561	0.0779704	0.0283523	0.0481513	0.0123337	0.00466435	0.00247575	0.00902505
168	0.0129042	0.000264222	0.000670082	0.000672187	0.0144962	0.000789829	0.00501702	0.349365	0.000944333	0.115112	0.0295286	0.00169557	0.00055228	0.000848865	0.00195703	0.00363946	0.0161356	0.435408	0.00044638	0.00955317
169	0.0153728	0.00333965	0.00325791	0.00465767	0.335873	0.00861707	0.0502364	0.0422782	0.0039365	0.187095	0.0243401	0.00761416	0.000774732	0.0193834	0.00647978	0.0195556	0.00713129	0.0450674	0.0114781	0.203512
170	0.0946341	0.00160577	0.0205086	0.00851446	0.00559145	0.0222861	0.0203042	0.00521959	0.0242183	0.0146994	0.00409046	0.0137002	0.52954	0.00801995	0.018862	0.108122	0.0657238	0.0279888	0.00186844	0.00450299
171	0.139458	0.00108431	0.0328832	0.0716802	0.0154335	0.0546692	0.0180161	0.0193869	0.0762259	0.0779455	0.0307496	0.0662015	0.00959706	0.0523753	0.0282984	0.122734	0.1277	0.0492651	0.00317286	0.00312318
172	0.0445127	0.00391222	0.00214122	0.00599066	0.0439628	0.00659462	0.00970203	0.18695	0.00875592	0.288786	0.093024	0.0067704	0.00488869	0.0109012	0.0145501	0.0315814	0.0402497	0.175381	0.00257555	0.0187695
173	0.0281399	0.000600359	0.140101	0.18197	0.00276221	0.0323115	0.112737	0.00275217	0.0954855	0.0031376	0.0010983	0.100172	0.00105062	0.111122	0.0993034	0.0332107	0.0169328	0.00697181	0.0014769	0.0286634
174	0.00435588	0.000527381	0.00572302	0.00524462	0.00128397	0.0083336	0.00603709	0.00837829	0.527075	0.00356104	0.00370361	0.0205124	0.00122492	0.0455355	0.323646	0.0132009	0.0108026	0.0086897	0.000724945	0.00143886
175	0.0125889	0.000242268	0.000666029	0.000651945	0.0138688	0.000773181	0.00503673	0.35752	0.000942042	0.102916	0.0216157	0.00166674	0.000536648	0.000780496	0.00174611	0.00314301	0.0138237	0.451716	0.000269403	0.00949677
176	0.0167014	0.000458826	0.000857014	0.0011944	0.0174784	0.00118712	0.00535194	0.313056	0.00164398	0.138503	0.0368469	0.00221908	0.00103794	0.00158616	0.00326863	0.00605769	0.0198127	0.421728	0.000578869	0.010432
177	0.0155262	0.00182281	0.0018062	0.00223384	0.340731	0.00997017	0.0310105	0.0563076	0.00213981	0.259059	0.0351913	0.00431574	0.000996015	0.0133747	0.00384317	0.0154164	0.00716468	0.0535802	0.00973806	0.135772
178	0.0184138	0.00156007	0.00147096	0.0022254	0.23096	0.00703021	0.0240037	0.113382	0.00270789	0.287831	0.0532488	0.00387604	0.00168675	0.0107165	0.00508825	0.0157313	0.0153286	0.105534	0.00551399	0.0936916
179	0.0319035	0.000793859	0.360118	0.1911	0.00428875	0.0211664	0.0300174	0.00380513	0.0420613	0.00709836	0.00741644	0.151345	0.00478502	0.0350916	0.0235046	0.0551581	0.015705	0.00597415	0.00183953	0.00682844
180	0.0339456	0.0017893	0.233056	0.114935	0.00829935	0.0295412	0.116196	0.0085389	0.0562768	0.0116772	0.00628335	0.14524	0.00725506	0.0500727	0.0534857	0.0602735	0.0218059	0.00962897	0.00324817	0.0284509
181	0.0339205	0.0011903	0.36722	0.133728	0.00566684	0.025808	0.0275096	0.0068242	0.0427361	0.00829221	0.00925944	0.167196	0.00974585	0.0252866	0.0276504	0.0661982	0.0213644	0.00989308	0.00340851	0.00710155
182	0.0122982	0.000214822	0.000691159	0.000633551	0.0132692	0.000746058	0.00488362	0.358143	0.000933895	0.100616	0.020559	0.00154955	0.000539445	0.00077183	0.00164382	0.00305096	0.0132509	0.456875	0.000276864	0.00905311
183	0.0644036	0.00481833	0.00572854	0.0073741	0.0206526	0.00956784	0.00848897	0.245433	0.00940007	0.115565	0.0373929	0.0085048	0.00706636	0.00891061	0.0122898	0.0342151	0.0352306	0.350169	0.00238262	0.0124056
184	0.0487733	0.00399912	0.0054923	0.00774398	0.0357685	0.00763973	0.0122509	0.236667	0.0132336	0.120841	0.0399309	0.00949856	0.00436824	0.0138824	0.0165421	0.0326697	0.0361867	0.334218	0.00194347	0.0183503
185	0.022154	0.00571754	0.0150187	0.0242084	0.00412712	0.0218666	0.0505453	0.00642645	0.262428	0.039683	0.0109078	0.0231331	0.00750822	0.0993832	0.340828	0.0321062	0.0107525	0.011243	0.00488259	0.00707962
186	0.0047691	0.000773403	0.00539863	0.00534679	0.00124087	0.00918446	0.00668516	0.0082757	0.522087	0.00442031	0.00280436	0.0172994	0.00169894	0.0478707	0.329599	0.01198	0.00979603	0.00868245	0.000705436	0.00138259
187	0.0351302	0.00115572	0.352458	0.122103	0.00572433	0.0314635	0.0296483	0.00756537	0.0455351	0.0105115	0.00814094	0.170511	0.00902894	0.027665	0.0320955	0.0696761	0.0217671	0.00808133	0.00402587	0.00771252
188	0.034675	0.00256592	0.00212993	0.00566897	0.0457299	0.00559271	0.0110931	0.185574	0.00949732	0.296009	0.0919114	0.00684713	0.0052786	0.0114512	0.0140899	0.0281545	0.0371674	0.181539	0.00499879	0.0200271
189	0.122654	0.00741292	0.0293824	0.0185454	0.00310165	0.0368088	0.00601338	0.00606307	0.00826909	0.0110847	0.00322876	0.00805843	0.00642394	0.00521692	0.0205491	0.494655	0.186297	0.0215003	0.00124305	0.00349235
190	0.170157	0.00107794	0.0711085	0.0322545	0.0022125	0.302378	0.00554473	0.0138885	0.063809	0.00412806	0.00227771	0.00675988	0.119402	0.060847	0.0565967	0.0589761	0.00683659	0.00460866	0.0144365	0.00269978
191	0.0316462	0.002701	0.00541308	0.00830268	0.0791425	0.00855612	0.0193158	0.13578	0.0149557	0.329923	0.0969394	0.0139696	0.0043092	0.018187	0.017953	0.0316234	0.0273089	0.100125	0.0168468	0.0370007
192	0.0141401	0.00300367	0.00753112	0.00653979	0.162391	0.0137273	0.0333693	0.0341693	0.0116862	0.162186	0.0369737	0.00898814	0.00213442	0.0220611	0.0162041	0.0171575	0.00840206	0.0244093	0.317725	0.0972012
193	0.0419751	0.000494076	0.114814	0.135523	0.00283462	0.0502628	0.0636826	0.0033181	0.0741342	0.00477231	0.00150581	0.136494	0.0026671	0.0677258	0.0861121	0.13744	0.0581786	0.00367327	0.00374287	0.0106506
