739	20
1	0.0354507	0.00766729	0.0115139	0.00973832	0.0156596	0.00745155	0.00566859	0.1944	0.0107516	0.12082	0.238453	0.011672	0.00567464	0.031559	0.00608293	0.0206641	0.0203936	0.239829	0.00190693	0.00464352
2	0.0019683	0.0051875	0.00376287	0.00237941	0.231957	0.00120613	0.0187159	0.0124439	0.00175211	0.0318249	0.00548954	0.00779855	0.000738282	0.00933258	0.00279653	0.0132903	0.0106236	0.0107161	0.00634312	0.621673
3	0.0452981	0.00530043	0.00167432	0.000462142	0.0115665	0.00654349	0.00204379	0.233103	0.00487147	0.0599528	0.0165109	0.000927665	0.000849319	0.00255097	0.000832266	0.00788839	0.00983481	0.581633	0.00156476	0.00659195
4	0.032695	0.00357525	0.000887409	0.00116675	0.00157243	0.890707	0.0014457	0.00168735	0.00655794	0.00301403	0.00114731	0.0116828	0.000576661	0.0012917	0.00250319	0.0148255	0.00199112	0.0174702	0.00076075	0.00444175
5	0.0254792	0.00973658	0.00924069	0.0753003	0.0848597	0.00873219	0.0386375	0.06582	0.0233529	0.25243	0.034693	0.0103572	0.0053855	0.0159616	0.0168207	0.0177537	0.070969	0.175617	0.0047578	0.0540959
6	0.0371228	0.0109798	0.0519784	0.0558729	0.0159903	0.0314453	0.0729429	0.0166214	0.116235	0.0251623	0.02933	0.0619575	0.0470355	0.0590963	0.147955	0.101259	0.0577111	0.0313475	0.00584829	0.024108
7	0.0405655	0.0162208	0.0070024	0.0252004	0.0128872	0.0090681	0.0112479	0.139696	0.0210622	0.200925	0.127	0.0344418	0.0193915	0.0430742	0.00535816	0.0427713	0.0533295	0.179207	0.00333284	0.00821689
8	0.0125237	0.00350494	0.00172923	0.0139794	0.00652805	0.0247666	0.0372175	0.00730428	0.243433	0.0191967	0.00958942	0.0188921	0.0198437	0.0330328	0.490879	0.0334661	0.00958399	0.0084325	0.00404243	0.00205482
9	0.0133681	0.00323174	0.0019248	0.0133507	0.00651948	0.0268092	0.0435435	0.00668263	0.227214	0.0194319	0.0100383	0.0186475	0.0201886	0.0300544	0.496663	0.0362435	0.0108885	0.00816809	0.00473287	0.0022987
10	0.0337017	0.0091854	0.0136321	0.0183903	0.00903135	0.0230532	0.129202	0.0110562	0.17273	0.033573	0.0175886	0.0206722	0.0582938	0.0293705	0.278886	0.0589975	0.0429778	0.0172059	0.013824	0.00862825
11	0.0401091	0.0103781	0.0639793	0.0576057	0.0185672	0.0413103	0.0818756	0.0159087	0.115613	0.0228196	0.0250904	0.0478681	0.0481634	0.0476563	0.14205	0.112956	0.0637112	0.0296167	0.00542148	0.00929895
12	0.0127252	0.00380447	0.00037827	0.0120146	0.00552956	0.0259444	0.0346873	0.00643948	0.244913	0.0194775	0.00769531	0.0166518	0.0192112	0.0290702	0.517064	0.0282628	0.00655822	0.00541803	0.00300975	0.00114438
13	0.0570727	0.0144758	0.0661987	0.0747232	0.0100356	0.0508165	0.0791159	0.0145881	0.108962	0.0285194	0.0229895	0.0554539	0.0855712	0.0411576	0.0804526	0.105782	0.0703699	0.0236183	0.00103468	0.00906193
14	0.0155624	0.00412088	0.0145817	0.0247199	0.0143302	0.00916284	0.0556247	0.020868	0.193927	0.0195655	0.0317585	0.0339433	0.0099423	0.0705577	0.276465	0.0896672	0.0479297	0.0436157	0.0131719	0.0104854
15	0.0363139	0.00761499	0.0160019	0.0218224	0.0365581	0.0421364	0.0638725	0.0169235	0.141835	0.0219253	0.0376774	0.0430133	0.0121253	0.0491842	0.211639	0.114954	0.0414647	0.0615338	0.00981017	0.0135941
16	0.0156477	0.00405721	0.0143928	0.0260934	0.0143332	0.0095517	0.0624655	0.0199363	0.184956	0.0190423	0.0320257	0.0347704	0.00938498	0.0759637	0.271165	0.0915012	0.0455665	0.0448431	0.0140077	0.0102955
17	0.0178964	0.0051976	0.017801	0.0399686	0.0143775	0.012038	0.0876472	0.0179519	0.152111	0.0224873	0.0292959	0.037663	0.0124571	0.0816332	0.264035	0.0733013	0.0411527	0.0371809	0.0210375	0.0147665
18	0.0334661	0.00468991	0.00151538	0.000377729	0.0140215	0.00754087	0.00163127	0.244298	0.00322825	0.0689751	0.0153997	0.000641086	0.000540007	0.00215016	0.000667716	0.00719208	0.00931672	0.57992	0.0010081	0.00342001
19	0.0157197	0.00409745	0.0147236	0.0259704	0.014878	0.00934881	0.0605775	0.02028	0.186446	0.0191626	0.0332521	0.0340387	0.0102148	0.0732267	0.271225	0.091183	0.0467694	0.0443581	0.0141304	0.010398
20	0.0377568	0.0697144	0.0569436	0.0309901	0.175567	0.0595793	0.0252226	0.0263179	0.0319707	0.0781622	0.0248076	0.0656575	0.0174782	0.0553545	0.0233248	0.0632405	0.0752214	0.0290256	0.00453426	0.049131
21	0.0073706	0.00771251	0.000741925	0.000527237	0.0424309	0.00243621	0.00364509	0.105572	0.00258906	0.652265	0.0918734	0.00189842	0.0006928	0.00509671	0.000922238	0.00737817	0.0144155	0.0505906	0.000229516	0.00161274
22	0.0166814	0.0118488	0.00113974	0.000966596	0.0690415	0.00615834	0.00443977	0.142943	0.00281463	0.537222	0.0656541	0.00252024	0.00312681	0.00345228	0.00234747	0.0155754	0.0195982	0.085291	0.00231449	0.00686463
23	0.0363616	0.0163706	0.0149568	0.0134736	0.0198739	0.288229	0.0249242	0.0144119	0.115462	0.0634775	0.0211583	0.0833458	0.00868415	0.0369124	0.0542284	0.084432	0.0280751	0.0265107	0.0367192	0.0123923
24	0.0559233	0.0137108	0.095336	0.119919	0.0099472	0.051166	0.0417973	0.0142896	0.0936791	0.0234455	0.0229106	0.0663133	0.0667486	0.0564407	0.0625021	0.104889	0.0679411	0.0254862	0.000517018	0.00703815
25	0.0492722	0.00588404	0.189521	0.332818	0.00844796	0.0364879	0.0249492	0.00536868	0.0567331	0.0196788	0.0123956	0.0617314	0.0115552	0.0765162	0.0138008	0.0352464	0.0278152	0.0250613	0.00110889	0.00560853
26	0.0502183	0.00824009	0.219178	0.315374	0.00810635	0.0433825	0.0217626	0.00518896	0.0549106	0.0205732	0.0106694	0.0532203	0.0178035	0.0641295	0.0137044	0.0340995	0.024793	0.0277899	0.00144968	0.00540628
27	0.0126193	0.00487947	0.452285	0.15353	0.00488386	0.0597799	0.00819184	0.00378798	0.033961	0.00740606	0.00509806	0.0350657	0.0192269	0.0295308	0.0351453	0.0838861	0.0386903	0.00727564	0.000616582	0.00414028
28	0.094435	0.00785697	0.138805	0.273898	0.0102122	0.0873131	0.0222174	0.0121041	0.046806	0.0307518	0.0127826	0.0514599	0.0132452	0.0673729	0.0142499	0.047134	0.0258676	0.0365329	0.00155445	0.00540019
29	0.0488476	0.00426498	0.182719	0.327499	0.00873336	0.0356164	0.0266983	0.00546273	0.0596974	0.0192081	0.0136764	0.0633102	0.010819	0.080791	0.0150555	0.0359741	0.029818	0.0249094	0.00105668	0.0058431
30	0.0285315	0.0061083	0.117589	0.204955	0.00679951	0.018106	0.0878576	0.0289843	0.0846717	0.0756725	0.0221229	0.124883	0.00965388	0.0712016	0.0259078	0.0257003	0.0264601	0.0237502	0.00457073	0.00647458
31	0.0315782	0.00762086	0.015689	0.0965416	0.0154397	0.00531947	0.0194737	0.0939784	0.0527113	0.164735	0.0751934	0.016781	0.00678037	0.0421304	0.0307535	0.0218691	0.0809022	0.207229	0.00209546	0.0131787
32	0.254237	0.0162106	0.00461166	0.0325444	0.0108543	0.0895859	0.0126091	0.00746791	0.00498855	0.0136871	0.0041444	0.0165727	0.103976	0.00364073	0.00346193	0.325666	0.0848603	0.00768501	0.00117535	0.00202098
33	0.0713006	0.0283022	0.0420752	0.0456604	0.0120266	0.0507412	0.124551	0.0134161	0.0734766	0.0442996	0.0178189	0.047768	0.10624	0.0301133	0.0889192	0.0962814	0.0629609	0.020026	0.00266313	0.0213603
34	0.0360126	0.00846346	0.00135634	0.00136441	0.0413885	0.00900591	0.00222559	0.253402	0.00296437	0.163441	0.0302274	0.00103843	0.00142472	0.00157717	0.00130708	0.00942329	0.0220644	0.408705	0.000915504	0.00369303
35	0.0049289	0.00538299	0.00237703	0.00463572	0.45442	0.00221983	0.0155565	0.025854	0.00297796	0.0567768	0.0118273	0.00778515	0.00270982	0.00602903	0.0054174	0.0115703	0.0094808	0.0264218	0.0104177	0.333211
36	0.0550795	0.0955377	0.00739699	0.00400486	0.041704	0.0267475	0.00507228	0.0535935	0.0113953	0.0331566	0.0151972	0.0207973	0.00755559	0.0122897	0.00541576	0.227966	0.326479	0.0398851	0.00282514	0.00790159
37	0.0421598	0.0056716	0.104515	0.403982	0.00716796	0.0250835	0.0286804	0.00921598	0.0512492	0.0179074	0.0130729	0.0449259	0.0183524	0.0810445	0.0256944	0.045307	0.0358012	0.0288323	0.00143953	0.00989729
38	0.00838102	0.00498496	0.000613722	0.000944057	0.0298104	0.00104591	0.00386625	0.0671326	0.00482117	0.600758	0.217231	0.00212639	0.000939405	0.00684335	0.00300301	0.00387389	0.0116928	0.0300538	0.000364708	0.00151325
39	0.0207887	0.00384745	0.38192	0.184389	0.0049247	0.0856332	0.0140185	0.00294564	0.0297453	0.00784805	0.0053446	0.0646903	0.00911247	0.0407151	0.0215789	0.0723872	0.0364489	0.00907049	0.00066383	0.00392772
40	0.0517179	0.014886	0.0147975	0.0855511	0.0207906	0.013552	0.0220285	0.0985924	0.0337578	0.115267	0.0810884	0.0263876	0.0126903	0.0449581	0.0163553	0.0704399	0.119197	0.136941	0.00335886	0.0176435
41	0.00757872	0.00945046	0.00150002	0.000499607	0.0873855	0.00263333	0.00227406	0.154506	0.00250017	0.542322	0.0619164	0.00124747	0.000957462	0.00215901	0.00067658	0.00558637	0.0160129	0.0931267	0.00210979	0.0055574
42	0.0657593	0.0225751	0.00618368	0.0295749	0.0151729	0.0200236	0.00952746	0.104642	0.0168501	0.194154	0.120915	0.0318262	0.0132143	0.0483493	0.00494154	0.0600131	0.0881627	0.127038	0.00347851	0.0175983
43	0.0533958	0.00427758	0.0838229	0.452286	0.00703086	0.0215126	0.0258973	0.0129692	0.0423355	0.0197276	0.0134416	0.0363319	0.021678	0.0742881	0.0162858	0.0314842	0.0321366	0.0398698	0.00107395	0.0101549
44	0.0354811	0.0205564	0.0058384	0.0125045	0.104905	0.0212323	0.0190157	0.0434969	0.0181002	0.0490577	0.0169501	0.0141139	0.0117681	0.0110853	0.0203241	0.0330492	0.0246043	0.038059	0.473596	0.0262611
45	0.0119298	0.00429708	0.000409527	0.0128374	0.00552792	0.0233786	0.0273995	0.00774174	0.278734	0.0199915	0.00668483	0.0181689	0.018059	0.0326776	0.489208	0.0263572	0.00726743	0.00656626	0.00150505	0.00125846
46	0.0374846	0.004128	0.103028	0.483725	0.00654275	0.0245595	0.0258927	0.0067818	0.0410854	0.0161141	0.0117608	0.0423105	0.0137718	0.0698086	0.018794	0.0320108	0.026832	0.0259348	0.00154577	0.00788933
47	0.169382	0.0224964	0.00562817	0.00415961	0.0180607	0.0192637	0.00307618	0.0254189	0.0112764	0.0237789	0.0326059	0.0251802	0.00673269	0.00660659	0.00544959	0.210173	0.344486	0.0555355	0.00135648	0.00933267
48	0.467301	0.0273027	0.0131505	0.0149901	0.0131856	0.148732	0.00765616	0.0135332	0.011497	0.0158823	0.00703003	0.0207128	0.0152595	0.00824512	0.00766389	0.142661	0.0346147	0.0266295	0.000945821	0.0030069
49	0.030525	0.0183043	0.00693457	0.0113712	0.109709	0.019344	0.0217958	0.0464739	0.0203671	0.05245	0.0158941	0.0124263	0.0097784	0.0107555	0.0217912	0.0299867	0.0239202	0.0378144	0.466326	0.0340325
50	0.0299607	0.0047243	0.00159703	0.000609732	0.0111342	0.00558756	0.0016658	0.267251	0.00356068	0.064065	0.0145805	0.000555129	0.00047648	0.0025752	0.000719177	0.00678205	0.00636758	0.573034	0.00126312	0.00349084
51	0.0184641	0.00588631	0.00911298	0.0218432	0.014841	0.0203226	0.0310261	0.0149982	0.251255	0.0477371	0.0244582	0.0226671	0.0217092	0.0482377	0.333977	0.0455187	0.0286193	0.0267843	0.00463261	0.00790939
52	0.00269758	0.00451727	0.00284563	0.00406747	0.380358	0.00148192	0.0142715	0.0149268	0.00211469	0.0310158	0.00524643	0.00569082	0.000905768	0.0061035	0.00297652	0.0116569	0.00736347	0.0178984	0.00614304	0.477718
53	0.0383387	0.00643715	0.123916	0.421358	0.00906559	0.0248697	0.0285614	0.0086071	0.045076	0.0269081	0.0134848	0.0512537	0.0142459	0.0613974	0.0241096	0.0337755	0.0290939	0.0265499	0.00284927	0.0101021
54	0.0403835	0.00693731	0.110704	0.443578	0.0131972	0.0257654	0.0254401	0.00959254	0.0415942	0.0209164	0.0127763	0.0436672	0.0188157	0.0597375	0.0187105	0.0344772	0.0307455	0.0289362	0.00338907	0.0106366
55	0.0442207	0.0344012	0.156274	0.105264	0.00981293	0.030332	0.0237797	0.0125594	0.0743535	0.0406772	0.0314195	0.198263	0.0228719	0.0423952	0.0291983	0.0606024	0.0298639	0.0393997	0.00794904	0.00636227
56	0.0467616	0.0153536	0.00392744	0.0117178	0.0534578	0.0132904	0.00876858	0.176148	0.0119525	0.20001	0.0494935	0.0099534	0.00594821	0.0122926	0.00829776	0.0294305	0.0804427	0.248754	0.00259079	0.0114084
57	0.0392379	0.00698844	0.134777	0.413803	0.00815368	0.0255564	0.0261672	0.00973676	0.0430974	0.020886	0.0133741	0.0484488	0.0254953	0.061042	0.0238927	0.0351631	0.0272755	0.0267595	0.00271948	0.00742587
58	0.0480829	0.00459202	0.1843	0.3257	0.0084399	0.0339033	0.0290515	0.00562011	0.0592518	0.0197682	0.0131893	0.0626672	0.011194	0.0808267	0.0156163	0.0355197	0.029574	0.0255511	0.00123182	0.00592062
59	0.0473892	0.00575194	0.0143016	0.0102169	0.00293079	0.763721	0.00707799	0.00355891	0.0108932	0.00561995	0.00257365	0.0364139	0.00440645	0.00704856	0.00529007	0.0408326	0.0104663	0.0161623	0.00114601	0.0041981
60	0.374896	0.0204551	0.00218873	0.00440135	0.00718715	0.418295	0.00207884	0.00614159	0.00404761	0.00671582	0.00269992	0.00639424	0.00819241	0.00161878	0.0011551	0.0932429	0.0178549	0.0195986	0.000616402	0.0022196
61	0.0382528	0.00513206	0.261775	0.281153	0.0086221	0.0525111	0.0198724	0.00451841	0.0484517	0.0147393	0.00993201	0.0619571	0.0111239	0.0623517	0.0168179	0.0482147	0.0294499	0.0190024	0.00101271	0.00511007
62	0.0369851	0.00711852	0.0121713	0.0244305	0.00921293	0.0223099	0.0366774	0.0132039	0.215447	0.024625	0.0161626	0.0265694	0.0274801	0.0432933	0.375431	0.0540877	0.0230975	0.0217981	0.00404954	0.00584915
63	0.119777	0.0176757	0.0414718	0.0590511	0.0173557	0.0414859	0.0286374	0.0263986	0.130773	0.0411823	0.0254825	0.0471134	0.0369404	0.0484437	0.0957964	0.102311	0.0544032	0.0438131	0.00834773	0.0135404
64	0.0143043	0.00171819	0.00657708	0.00973818	0.00165563	0.00482445	0.00159592	0.00667985	0.0220217	0.0129446	0.00231705	0.00175423	0.845534	0.00943612	0.0197146	0.0193258	0.0111134	0.00411157	0.00185538	0.0027779
65	0.0165445	0.011278	0.00751699	0.0105799	0.106615	0.00769158	0.308223	0.0141043	0.0128397	0.0655352	0.0173958	0.0750071	0.00751301	0.0318402	0.0416206	0.026928	0.0160896	0.0233702	0.00727861	0.192028
66	0.0423859	0.00980455	0.00485058	0.00523234	0.0330296	0.012683	0.00599721	0.227929	0.00900812	0.106875	0.0285401	0.00489852	0.00386139	0.00741453	0.00608349	0.0159098	0.0206075	0.441485	0.00415608	0.00924885
67	0.390058	0.0206161	0.00601484	0.0182988	0.0115295	0.0945774	0.00839012	0.00661729	0.00584304	0.00939025	0.00381401	0.0149422	0.0659797	0.00338083	0.00304842	0.258819	0.0652214	0.0104717	0.00103537	0.0019522
68	0.093194	0.0243064	0.0195325	0.0156435	0.0144964	0.0302564	0.0124025	0.0235919	0.0217218	0.0181354	0.0128146	0.0386867	0.0194172	0.0150493	0.0155343	0.226462	0.350452	0.0383786	0.00226392	0.00766032
69	0.0155485	0.0107998	0.00160555	0.00227258	0.0608815	0.00573519	0.0029529	0.15601	0.00468825	0.507755	0.080677	0.00296437	0.0022978	0.00600947	0.0030159	0.0111621	0.0187597	0.0996998	0.0019155	0.00524929
70	0.184309	0.0174049	0.0204233	0.0288948	0.0104307	0.0588179	0.0168428	0.012606	0.0193063	0.014018	0.00940215	0.0377573	0.0860802	0.014438	0.0126886	0.301018	0.131786	0.0185771	0.00192076	0.00327865
71	0.0106272	0.00832157	0.000948836	0.00235142	0.0465531	0.0026872	0.00640158	0.0826577	0.0043976	0.635909	0.11202	0.00377701	0.00147201	0.00751402	0.00276406	0.00774823	0.0154837	0.0435607	0.000706092	0.00409886
72	0.0375501	0.0151877	0.0437834	0.0505071	0.0534043	0.0271136	0.175655	0.0198497	0.0612962	0.0410974	0.0243023	0.0553608	0.0616294	0.0665284	0.0627718	0.0796285	0.048712	0.030542	0.0107395	0.0343409
73	0.384428	0.0449144	0.00269546	0.00374467	0.00797933	0.0370244	0.0029572	0.00436672	0.00674882	0.0109217	0.00626187	0.0120277	0.0114191	0.00535268	0.00847499	0.348522	0.0791632	0.0187233	0.000798244	0.00347693
74	0.0157246	0.00966089	0.0013526	0.00229508	0.0434059	0.00651231	0.00351708	0.112288	0.00482733	0.558008	0.112242	0.00318171	0.00181559	0.00779467	0.00340187	0.00932453	0.0174765	0.0829922	0.000910178	0.00327022
75	0.028452	0.0145793	0.00736063	0.0124184	0.240768	0.0145036	0.0114406	0.0772547	0.0211891	0.13698	0.193998	0.012125	0.00713811	0.0521175	0.0202146	0.0212545	0.0233187	0.0565434	0.01449	0.0338541
76	0.0485329	0.00493154	0.177959	0.315573	0.00863366	0.0356647	0.027644	0.00594935	0.0628113	0.0195612	0.0139133	0.0643999	0.0125542	0.0818799	0.0168324	0.0386045	0.0319212	0.0253589	0.00118415	0.0060909
77	0.0169999	0.012582	0.00173881	0.001728	0.119285	0.00643974	0.00338105	0.173205	0.00384194	0.418312	0.0570099	0.00228264	0.00265949	0.00278288	0.00270423	0.00877871	0.0206809	0.13064	0.00348925	0.0114594
78	0.0133573	0.00476077	0.00402786	0.0147803	0.00674496	0.0219334	0.0298968	0.00996534	0.264956	0.0210792	0.00963933	0.0193537	0.0183095	0.0372994	0.458874	0.0346331	0.0142113	0.0112012	0.00249587	0.00248084
79	0.0742594	0.0784853	0.013969	0.00918006	0.00697737	0.0241664	0.00785957	0.0217651	0.0742364	0.0355771	0.0248343	0.07349	0.0110383	0.0493265	0.028007	0.31646	0.12301	0.0218274	0.00245734	0.00307373
80	0.0758444	0.138016	0.0123676	0.00609392	0.155401	0.0660106	0.00822124	0.0324012	0.0150685	0.124439	0.0199167	0.0505799	0.00511271	0.0144644	0.00769181	0.132303	0.0805832	0.02855	0.00897167	0.0179628
81	0.00608656	0.0078639	0.00134519	0.000388862	0.0690487	0.00185275	0.00237867	0.16357	0.00205328	0.54297	0.0838042	0.00102643	0.000484439	0.00271793	0.000659576	0.00497165	0.0165101	0.0895369	0.000230543	0.00250002
82	0.0379328	0.00757653	0.00231025	0.0377268	0.0287559	0.00404166	0.00354271	0.0377986	0.0859737	0.240416	0.165226	0.00587332	0.00297923	0.0880348	0.108677	0.0183124	0.032418	0.0876864	0.00135118	0.00336646
83	0.03903	0.0086493	0.0517769	0.0744247	0.0109339	0.0301909	0.0517059	0.0184828	0.144181	0.0204162	0.0270898	0.0527504	0.0398202	0.0632529	0.14578	0.10108	0.0671682	0.036632	0.0058119	0.0108236
84	0.0301451	0.00269684	0.00111924	0.000857458	0.00109093	0.898726	0.00107189	0.00130857	0.00616326	0.00264294	0.00096691	0.0110008	0.000407772	0.00118283	0.00265673	0.0149424	0.00213577	0.0160468	0.000744044	0.00409367
85	0.053083	0.0145359	0.0050992	0.00277515	0.0120334	0.0223043	0.0110441	0.0601276	0.00478735	0.0239486	0.0120363	0.0110781	0.0225159	0.00324684	0.00302949	0.13842	0.5144	0.076636	0.00177893	0.00711893
86	0.0266396	0.00630921	0.000940918	0.000350152	0.0298832	0.00631934	0.00127477	0.318942	0.00279327	0.0937687	0.020071	0.000709152	0.000994908	0.0016031	0.000708319	0.00657222	0.0130106	0.464588	0.00151387	0.00300771
87	0.00521128	0.00418903	0.000385584	0.000532979	0.0281046	0.000609623	0.00429731	0.0683987	0.00301221	0.695385	0.137938	0.00217101	0.00069224	0.00764267	0.00077845	0.00323516	0.0125871	0.0240198	0.000235878	0.00057363
88	0.0104729	0.00742814	0.000947757	0.0017476	0.0446392	0.00397548	0.00490683	0.0846241	0.0035815	0.653471	0.0948364	0.00632725	0.00197954	0.00770279	0.00106242	0.00724692	0.0159238	0.0430002	0.00179959	0.00432647
89	0.0355304	0.0103687	0.317343	0.182665	0.00665599	0.0487285	0.0172476	0.00661518	0.0391719	0.0212604	0.0145713	0.113489	0.0150663	0.0437971	0.022618	0.051515	0.0270525	0.0159673	0.00375886	0.00657847
90	0.0559763	0.034267	0.00236051	0.00678957	0.0256508	0.0205246	0.00378392	0.109615	0.0060639	0.301262	0.202441	0.00925309	0.00430745	0.01254	0.0112392	0.0372149	0.0206847	0.123375	0.00177221	0.0108789
91	0.0467496	0.0303906	0.181779	0.171754	0.00883076	0.0230442	0.104833	0.00994099	0.0852149	0.0187366	0.0118248	0.036614	0.0481509	0.0329154	0.0640016	0.0381178	0.0264024	0.051627	0.00238277	0.00668985
92	0.502334	0.0343539	0.00984179	0.0208786	0.0108716	0.105706	0.00875322	0.00509415	0.0168732	0.00853684	0.00458879	0.0128114	0.0315265	0.00593741	0.00576758	0.15925	0.031445	0.0212678	0.000827837	0.00333473
93	0.041697	0.011955	0.0387765	0.0191662	0.00666009	0.0695081	0.0195868	0.00313726	0.0264072	0.00596831	0.00978761	0.0748597	0.0340126	0.0339551	0.0146257	0.331321	0.237826	0.00869496	0.00100639	0.0110481
94	0.0450315	0.0164954	0.0402305	0.0249096	0.00805229	0.0414888	0.0196331	0.00249286	0.0244	0.00574132	0.0121415	0.0737975	0.0321531	0.0211643	0.0124125	0.365217	0.244752	0.00460065	0.00127016	0.00401562
95	0.00650058	0.00967718	0.00192309	0.000377122	0.0929622	0.00198395	0.00147179	0.189456	0.00199399	0.485305	0.0638906	0.000650037	0.000305026	0.00110593	0.00068523	0.00519797	0.0183363	0.11454	0.000169435	0.00346807
96	0.0484893	0.0116983	0.134592	0.160909	0.00859431	0.0422016	0.0349649	0.0127122	0.0844553	0.0237977	0.0170046	0.0614724	0.0581886	0.058046	0.0480695	0.099181	0.0686639	0.020264	0.000589963	0.00610574
97	0.0481418	0.00431052	0.185916	0.326861	0.0084669	0.0345135	0.0272161	0.00554545	0.0587592	0.0195636	0.0132347	0.0624106	0.0113158	0.0801971	0.0148061	0.0367026	0.0303546	0.0247933	0.00111448	0.00577709
98	0.00848814	0.0117686	0.000445779	0.000326771	0.0337583	0.00508689	0.000608002	0.513485	0.00464537	0.10244	0.0294856	0.00144651	0.000586672	0.000705002	0.000631637	0.00645832	0.0135066	0.263036	0.00251251	0.000578899
99	0.0315644	0.00952312	0.41773	0.25029	0.00463865	0.0277429	0.00974197	0.00336639	0.0259577	0.0120944	0.00539067	0.0731455	0.00782292	0.0325428	0.0199354	0.0323834	0.0173476	0.0101367	0.0030923	0.00555288
100	0.0460054	0.018943	0.00943606	0.0323962	0.00947007	0.00934057	0.0125358	0.11433	0.0235588	0.219103	0.12193	0.0450542	0.0175947	0.0541327	0.00559461	0.0451116	0.063504	0.138256	0.00393906	0.0097639
101	0.0324214	0.00444907	0.00153343	0.000330002	0.00856776	0.00538895	0.00127444	0.250387	0.00365538	0.0553791	0.013939	0.00046497	0.00035274	0.00229657	0.000383971	0.00595919	0.00398121	0.604283	0.00128125	0.00367118
102	0.0373651	0.0166508	0.00084047	0.000675386	0.0558858	0.0120416	0.00267184	0.292377	0.00171684	0.201879	0.0423207	0.0022064	0.00261871	0.00148823	0.00195609	0.0157947	0.0408989	0.266148	0.00109345	0.00337167
103	0.0496654	0.0118152	0.309354	0.309171	0.00604054	0.0226163	0.0149578	0.00442451	0.0349619	0.0179676	0.00815954	0.0789498	0.00797635	0.0455594	0.0141041	0.0218007	0.0164766	0.0163866	0.00359583	0.00601703
104	0.0319276	0.00435032	0.00238431	0.0125463	0.00710518	0.0390562	0.205783	0.0175255	0.0723283	0.0226187	0.0141032	0.279647	0.00921337	0.0727528	0.0228776	0.128636	0.032166	0.00545962	0.00173762	0.0177817
105	0.0462152	0.0188554	0.00795148	0.0317253	0.00973334	0.00940323	0.0128179	0.115386	0.0221617	0.219218	0.120158	0.0430849	0.0179805	0.0543682	0.00545009	0.0461566	0.0642819	0.141298	0.00389064	0.00986392
106	0.0120247	0.00425835	0.000390578	0.0130211	0.00561573	0.023363	0.0278088	0.00754781	0.274557	0.0198766	0.00679251	0.0182386	0.0183753	0.0320939	0.494961	0.026004	0.00627205	0.0062261	0.00150552	0.00106794
107	0.0491037	0.00440914	0.183536	0.328862	0.00874873	0.0356407	0.0264929	0.00549519	0.0591755	0.0192341	0.0135234	0.0632151	0.0108324	0.0798657	0.0148634	0.0356728	0.0294175	0.0249647	0.00109323	0.00585353
108	0.0126396	0.00656813	0.0043575	0.0159165	0.00672509	0.0148555	0.0327752	0.0156308	0.278129	0.0211764	0.0127064	0.0235113	0.0146446	0.0496078	0.40203	0.043143	0.0200822	0.0177056	0.00455372	0.00324191
109	0.0347869	0.00407272	0.00107997	0.0003744	0.0248568	0.00708314	0.00184435	0.258104	0.00270419	0.0974782	0.0204681	0.000816699	0.0011518	0.00176786	0.00075254	0.00590701	0.0150626	0.518047	0.000716298	0.00292601
110	0.0154433	0.00413846	0.0144749	0.0244561	0.0144369	0.00909335	0.0551555	0.0210789	0.194339	0.0196996	0.0318238	0.0337769	0.00979053	0.0703599	0.276379	0.0897425	0.0483546	0.0437997	0.0131504	0.0105064
111	0.048969	0.0043284	0.183819	0.328073	0.00871777	0.0354642	0.0266429	0.0054796	0.0591159	0.019289	0.0135115	0.0631689	0.0109286	0.080202	0.0148744	0.0358562	0.0296031	0.0249944	0.00107504	0.00588781
112	0.219068	0.0104184	0.00129348	0.00230331	0.0244346	0.0182884	0.00262754	0.168845	0.00597932	0.0952032	0.0188241	0.00281151	0.00575585	0.00309942	0.00273014	0.0323134	0.0606418	0.314658	0.00169722	0.00900693
113	0.0169367	0.00790821	0.00135054	0.000893895	0.0308847	0.00599292	0.00330476	0.10849	0.0030438	0.520063	0.199212	0.00209242	0.00107957	0.00817893	0.00195812	0.00810125	0.0116716	0.0670181	0.000322989	0.00149726
114	0.0408777	0.0967681	0.00342504	0.0043698	0.0210983	0.0151154	0.00471394	0.0417229	0.0151271	0.378964	0.0531431	0.0148624	0.00369279	0.0184453	0.00618786	0.14098	0.0940073	0.0374571	0.00360998	0.00543214
115	0.0137085	0.00724579	0.00528337	0.0159459	0.00714364	0.0139643	0.0336233	0.0172668	0.272572	0.0225785	0.014437	0.0238657	0.0128705	0.0545868	0.375795	0.0508775	0.0259384	0.0228908	0.00507291	0.00433329
116	0.0120955	0.00415747	0.000345492	0.0128365	0.00571248	0.0242164	0.0291848	0.00734866	0.268702	0.0197325	0.0069867	0.0179041	0.0188421	0.0316575	0.498378	0.0265611	0.00630173	0.00603949	0.00193271	0.00106454
117	0.0556334	0.0161285	0.044477	0.0450749	0.0204407	0.0323111	0.157808	0.0143863	0.0651881	0.0349239	0.0164757	0.0585014	0.117396	0.0377351	0.0685255	0.109371	0.0550501	0.0226132	0.00470732	0.0232534
118	0.0380626	0.00324442	0.0255348	0.0890399	0.00869353	0.00644747	0.0737353	0.0326247	0.12686	0.0256912	0.0261057	0.0302472	0.0111267	0.107359	0.131743	0.0584775	0.0827843	0.0867486	0.00580456	0.0296689
119	0.035567	0.0134519	0.032737	0.0491755	0.0327222	0.0242666	0.222791	0.0239481	0.0627794	0.0519313	0.0229732	0.0773997	0.0227806	0.051686	0.0609614	0.0695381	0.0494355	0.0361864	0.00787376	0.0517955
120	0.0242622	0.0178178	0.00626649	0.0132441	0.060161	0.0119697	0.214129	0.0186549	0.0127994	0.123043	0.025961	0.0712535	0.00685369	0.0775701	0.0871324	0.0342399	0.0195681	0.0288536	0.00261631	0.143604
121	0.0269831	0.00773757	0.00424701	0.00946972	0.0314341	0.0382923	0.153852	0.0497576	0.0502983	0.0210368	0.0131921	0.227363	0.00775448	0.0313189	0.0160779	0.176057	0.0481358	0.0174815	0.00215269	0.067358
122	0.0404829	0.00270856	0.0587478	0.169707	0.00492976	0.00969214	0.0932644	0.0232148	0.0819257	0.0174554	0.0211182	0.0397618	0.00332347	0.154778	0.0256993	0.0371759	0.100725	0.0692573	0.00130538	0.0447269
123	0.0387894	0.0144866	0.00304182	0.00205891	0.0383441	0.0209904	0.00211973	0.234719	0.00327428	0.195976	0.232399	0.00318971	0.00218436	0.00988324	0.00332502	0.0216928	0.0130643	0.155989	0.00147217	0.00300045
124	0.0647847	0.0309953	0.0565555	0.0425409	0.0105278	0.12655	0.0262041	0.0113516	0.0504102	0.0231188	0.0158849	0.0746408	0.0406459	0.0315533	0.0374368	0.219024	0.115457	0.0155217	0.00177839	0.00501846
125	0.01214	0.00424359	0.000660031	0.0133011	0.00571734	0.0231013	0.0279556	0.00775107	0.273759	0.0199318	0.00713753	0.0186015	0.0180968	0.0326274	0.491496	0.0269163	0.00700581	0.00670852	0.00166344	0.00118632
126	0.0150766	0.00451688	0.0136677	0.0224142	0.0137083	0.00976016	0.0502959	0.0202446	0.200353	0.0199349	0.0291068	0.0343854	0.00907812	0.0696311	0.269949	0.0966789	0.0549313	0.0436662	0.0122384	0.0103622
127	0.0427335	0.00928396	0.0134804	0.0425542	0.0376199	0.0293112	0.139049	0.0233534	0.0241457	0.0220756	0.0339474	0.0610283	0.00402593	0.075512	0.025545	0.129474	0.0858474	0.0838217	0.00239391	0.114798
128	0.0534591	0.0195329	0.0650384	0.0533462	0.0124337	0.040057	0.0400545	0.00994618	0.0602425	0.0180519	0.0217985	0.079871	0.0685581	0.0338965	0.0410738	0.234525	0.124324	0.0159181	0.00255114	0.00532148
129	0.050336	0.00848294	0.142	0.224541	0.0101146	0.0423996	0.0333886	0.00902899	0.0801163	0.0226089	0.0170111	0.0643966	0.0337035	0.072046	0.0355429	0.0704782	0.052222	0.0232886	0.00081339	0.00748082
130	0.0491006	0.0144922	0.11846	0.114172	0.00765293	0.0402799	0.0320655	0.0103263	0.0871301	0.0286541	0.0223005	0.143806	0.0498499	0.0523939	0.0524688	0.0923604	0.0509777	0.0249524	0.00299885	0.00555743
131	0.0460474	0.0206622	0.00769125	0.0303965	0.00984298	0.00979542	0.0139904	0.111749	0.0215807	0.221097	0.119381	0.0437914	0.0189645	0.0548504	0.00551058	0.0474415	0.0676294	0.135807	0.00394229	0.00982988
132	0.0342128	0.00451347	0.00447156	0.0122867	0.00774107	0.0304667	0.213428	0.0157292	0.0680667	0.0228076	0.01275	0.27384	0.0164237	0.0621391	0.0261115	0.133654	0.0346796	0.00581235	0.00145135	0.0194143
133	0.0489701	0.0184589	0.00188044	0.00408102	0.330358	0.0157275	0.00367843	0.0780495	0.00795864	0.267604	0.0459644	0.0035046	0.00352875	0.00479156	0.00435623	0.0233476	0.0336777	0.0714339	0.0121666	0.020462
134	0.027329	0.0234041	0.00225957	0.0172294	0.0463607	0.00684646	0.00429179	0.0394624	0.0591886	0.350603	0.206301	0.00431474	0.00373704	0.0408588	0.0660509	0.0157993	0.0192694	0.0552842	0.0043521	0.00705717
135	0.0120331	0.00431359	0.00047636	0.0129948	0.00559013	0.0231051	0.0280194	0.00769994	0.27417	0.0197851	0.00691263	0.0182792	0.0184648	0.032407	0.493201	0.0265573	0.00675131	0.00642718	0.00168994	0.001122
136	0.037479	0.0134136	0.0428785	0.0629571	0.0166251	0.0249606	0.0401769	0.0316296	0.166857	0.0406307	0.0292214	0.0867205	0.0207595	0.0552104	0.119282	0.0703918	0.0541072	0.066565	0.00744452	0.0126902
137	0.00862949	0.00999792	0.00190327	0.000424536	0.0965177	0.00318184	0.00146057	0.209231	0.00219134	0.448262	0.0574887	0.000780694	0.00317087	0.000897088	0.000835725	0.00538696	0.0178409	0.124891	0.00197332	0.00493529
138	0.0437493	0.00884154	0.00392979	0.00804094	0.0272348	0.0120332	0.00361688	0.116069	0.015398	0.125094	0.0194035	0.00556761	0.466822	0.00950496	0.0102283	0.0210876	0.0161447	0.0754066	0.00665672	0.00517066
139	0.22248	0.0020259	0.0136659	0.0266044	0.00238385	0.00204567	0.00922168	0.0498792	0.0662897	0.0100026	0.00869556	0.0141373	0.213782	0.0502777	0.0418369	0.11667	0.0591507	0.0885012	0.000690477	0.00165944
140	0.0258675	0.00531302	0.280882	0.102813	0.00362453	0.217551	0.0214131	0.00303527	0.0240847	0.00654079	0.00418598	0.108713	0.00763878	0.0339165	0.02002	0.0897259	0.0312715	0.00944927	0.000863086	0.00309131
141	0.36146	0.0367706	0.00279987	0.0030547	0.00789177	0.0180536	0.00282064	0.00586052	0.0195529	0.0108604	0.00668318	0.0104019	0.00679187	0.026902	0.0155632	0.326633	0.0822683	0.0447754	0.00138684	0.00946891
142	0.0416809	0.00550892	0.0792425	0.475862	0.00697207	0.0217838	0.0298484	0.00851863	0.0419313	0.0179379	0.0112044	0.0384655	0.0322508	0.0618478	0.0231572	0.0371955	0.0289622	0.0300781	0.00128815	0.00626366
143	0.252996	0.0168032	0.00586125	0.0115157	0.0139179	0.0151681	0.00576681	0.111866	0.0238492	0.0568923	0.0184303	0.00865024	0.0771447	0.0193703	0.0140438	0.066396	0.0657106	0.20217	0.00280712	0.0106408
144	0.264893	0.0429431	0.0194725	0.014662	0.015735	0.111737	0.0233592	0.00981429	0.0126916	0.0113519	0.00726228	0.0490176	0.03077	0.0064427	0.00680815	0.293361	0.0574393	0.0147187	0.00150612	0.00601399
145	0.0558217	0.0186068	0.0383189	0.0302374	0.0112496	0.045308	0.0331392	0.0129997	0.0326672	0.0154995	0.0150394	0.118516	0.031153	0.0269707	0.0190425	0.251611	0.212178	0.0195156	0.00216755	0.00995817
146	0.0312761	0.00441367	0.00163417	0.000339222	0.0082846	0.00556937	0.00119909	0.255954	0.00356033	0.054676	0.0135832	0.00046844	0.000395523	0.00235179	0.000375714	0.00611619	0.00403535	0.601028	0.00125041	0.00348828
147	0.00594376	0.00575198	0.000716798	0.00113459	0.0264156	0.00127876	0.00660962	0.0652238	0.00453468	0.710451	0.113909	0.00347295	0.00121386	0.00714713	0.00132059	0.00489587	0.0124999	0.0255088	0.000392652	0.00157869
148	0.0498272	0.0120649	0.000984121	0.000636939	0.0451989	0.0112394	0.0030921	0.244569	0.00242394	0.116304	0.0259112	0.00216004	0.00317856	0.001894	0.00197113	0.0174382	0.0402846	0.413937	0.00107054	0.00581433
149	0.0321362	0.00673717	0.0300797	0.0268093	0.00794545	0.390132	0.0242763	0.00669615	0.0970753	0.0163088	0.00992686	0.0397078	0.0151585	0.0263793	0.167863	0.052588	0.023711	0.0168682	0.00289708	0.00670312
150	0.0407281	0.00523439	0.0960674	0.48632	0.00600546	0.0232203	0.0230138	0.0062486	0.0417688	0.0172397	0.0109958	0.0483002	0.0241901	0.0619701	0.0185679	0.0336119	0.0249661	0.0258758	0.00120796	0.00446801
151	0.0455292	0.00758918	0.00268802	0.00691855	0.0346947	0.011494	0.0100597	0.182498	0.00769235	0.133784	0.0378484	0.00503195	0.00253657	0.00605759	0.0061226	0.0147468	0.0424493	0.434602	0.0010755	0.0065813
152	0.0162627	0.00340559	0.464864	0.200804	0.00476003	0.0461001	0.00778357	0.00274099	0.0261795	0.0081021	0.00451242	0.0504693	0.00900441	0.037298	0.021182	0.055311	0.0280296	0.00811678	0.000601161	0.0044722
153	0.0254746	0.148688	0.0369992	0.0075152	0.311531	0.020023	0.00895558	0.0847982	0.0430191	0.0379319	0.0216582	0.0162542	0.00626342	0.011943	0.00795976	0.0894319	0.083407	0.0209698	0.00525614	0.0119208
154	0.0255211	0.0115613	0.00257155	0.00878238	0.0377808	0.00849916	0.00572244	0.147718	0.00915771	0.444094	0.0840227	0.0117172	0.0217451	0.0154634	0.00254561	0.0186131	0.0261793	0.110614	0.00267324	0.00501742
155	0.0449624	0.00433103	0.19873	0.332797	0.00758903	0.0315821	0.0242691	0.00570732	0.0547708	0.0200877	0.0112169	0.0576479	0.014546	0.0753196	0.0119997	0.0403332	0.0350738	0.0226609	0.00100161	0.00537383
156	0.621743	0.0405136	0.00286505	0.00391074	0.0131381	0.0923655	0.00113262	0.00430708	0.00302441	0.00591515	0.00376633	0.00274807	0.00653011	0.00102699	0.00113154	0.142974	0.03086	0.0197181	0.000535924	0.00179436
157	0.0101229	0.0112639	0.0011281	0.00137095	0.431099	0.00384088	0.00209277	0.0845861	0.00303701	0.281601	0.041121	0.00168172	0.00214343	0.00227768	0.00191144	0.00898831	0.0218432	0.0658657	0.00544245	0.0185832
158	0.0314251	0.00456815	0.00153358	0.000338624	0.00869511	0.00542346	0.00119768	0.257118	0.00358836	0.056254	0.0144846	0.000460882	0.000351901	0.00232815	0.000404542	0.00609228	0.00401545	0.59691	0.00132704	0.00348321
159	0.0187859	0.00652685	0.0125674	0.0226776	0.017392	0.0194063	0.0427378	0.0185397	0.229747	0.0303891	0.0232713	0.0279767	0.0113665	0.059692	0.275224	0.0674364	0.0482746	0.0345567	0.00964323	0.0237895
160	0.0323252	0.030805	0.00248477	0.00291916	0.0587749	0.0154369	0.00364574	0.143068	0.00577922	0.425541	0.067504	0.00486744	0.00354605	0.00604415	0.00393804	0.0257604	0.0227887	0.134086	0.00361849	0.00706719
161	0.0942248	0.0873832	0.00581539	0.00257749	0.00615308	0.0194837	0.00202948	0.0257801	0.0797299	0.0436977	0.0220417	0.0628082	0.00266645	0.0529924	0.0222393	0.325286	0.114215	0.0255221	0.00237331	0.00298059
162	0.0523973	0.0101867	0.12094	0.179185	0.0104753	0.0448038	0.0356925	0.0106333	0.0887887	0.0216252	0.0186655	0.0691921	0.0456428	0.0697151	0.0453268	0.0857745	0.0614419	0.0224096	0.000655367	0.00644864
163	0.396244	0.0186709	0.00329176	0.0202833	0.0109388	0.0998994	0.0090078	0.00590784	0.0037926	0.00981258	0.00278648	0.0105196	0.0803587	0.00192455	0.0018906	0.261975	0.0520921	0.00820003	0.00081863	0.00158557
164	0.0547795	0.0227216	0.0149311	0.0187768	0.0277406	0.0262292	0.0366351	0.0517736	0.0434585	0.0415994	0.0338807	0.0352572	0.0136081	0.0309061	0.0511303	0.0663311	0.073254	0.323526	0.00189684	0.0315642
165	0.0434258	0.0190496	0.00726278	0.0297412	0.0111141	0.00898964	0.0133888	0.121389	0.0214824	0.209533	0.117231	0.0420051	0.0185196	0.0508585	0.00537122	0.0477909	0.0644698	0.154946	0.00366764	0.00976342
166	0.00457083	0.00501192	0.000338795	0.000550531	0.0265061	0.000590418	0.00476115	0.0655482	0.00295942	0.738348	0.102108	0.00232821	0.00083247	0.00659212	0.000681696	0.0038454	0.0118891	0.0217566	0.0002134	0.000567907
167	0.0418827	0.0128143	0.0376128	0.0205086	0.00662183	0.0676701	0.0193553	0.00299461	0.0263123	0.0058317	0.0101661	0.074062	0.0356564	0.0297004	0.015638	0.336167	0.240914	0.0073344	0.000977242	0.00777961
168	0.0449458	0.00891618	0.137677	0.0842785	0.00431163	0.193656	0.0338873	0.00467066	0.0405613	0.0101308	0.0080758	0.161334	0.0164304	0.0437378	0.0260105	0.119938	0.0456041	0.0119959	0.00105849	0.0027792
169	0.00512229	0.0052681	0.000567459	0.000584226	0.0322031	0.000954763	0.00474516	0.0788654	0.00297613	0.707908	0.100067	0.0022732	0.000833642	0.0060939	0.000690924	0.0038817	0.0124196	0.0333848	0.000213014	0.000948245
170	0.0849245	0.0160586	0.00188459	0.00123583	0.0056751	0.00905962	0.0033495	0.0256489	0.00629962	0.00783009	0.00972579	0.0236904	0.00604592	0.00182674	0.00253927	0.138327	0.590323	0.0553838	0.000845043	0.00932686
171	0.0337787	0.0113349	0.0249588	0.20751	0.0421383	0.0166741	0.0341242	0.0490079	0.0308692	0.238952	0.0502582	0.0274275	0.0129493	0.0393929	0.0207988	0.024702	0.0394781	0.0677736	0.0070552	0.0208164
172	0.0470676	0.014375	0.0020156	0.00331914	0.0738102	0.0080588	0.00680399	0.219433	0.008838	0.0946336	0.0299211	0.00662533	0.00547743	0.00657497	0.00553242	0.0243036	0.0334018	0.361007	0.00915336	0.0396478
173	0.196592	0.00328451	0.0141769	0.0248648	0.00357634	0.00434411	0.00976957	0.0468291	0.0577289	0.0123315	0.00892913	0.0190498	0.261353	0.0446899	0.0431282	0.108294	0.0527185	0.0850386	0.00106011	0.00223988
174	0.0177623	0.00904556	0.00119628	0.000406328	0.0750839	0.00656576	0.00130451	0.293271	0.00239103	0.29318	0.0385175	0.000907352	0.00679959	0.000690815	0.00104613	0.00611364	0.0228543	0.219369	0.000669357	0.00282524
175	0.0573512	0.00901986	0.0497772	0.0489138	0.00766027	0.0276739	0.0224117	0.0150123	0.0535604	0.0204828	0.0198811	0.041082	0.377348	0.0310392	0.0389313	0.0915218	0.0589703	0.0229434	0.00165298	0.00476607
176	0.0842111	0.0493204	0.0185646	0.0113562	0.00806886	0.0282612	0.00920483	0.0141474	0.0177502	0.0135259	0.0119523	0.0406414	0.0151312	0.0164771	0.00915457	0.346926	0.282468	0.0173899	0.00127147	0.00417758
177	0.0124383	0.00429466	0.00167982	0.0130217	0.0059071	0.0225645	0.0301028	0.00864599	0.26224	0.0199193	0.00862123	0.0183881	0.017381	0.0358937	0.47721	0.0339971	0.0123617	0.0100846	0.00303044	0.00221779
178	0.0147947	0.0135037	0.00324458	0.00674318	0.498576	0.00674458	0.0116203	0.0488432	0.00783669	0.12828	0.0238641	0.00738944	0.0025343	0.00635312	0.00782267	0.0174896	0.0257355	0.0485317	0.0109942	0.109098
179	0.00758741	0.0111572	0.00219437	0.000427175	0.105627	0.00248627	0.00115002	0.203374	0.00201699	0.44718	0.0555695	0.000502521	0.000314692	0.00047444	0.000701384	0.00540034	0.0192194	0.130013	0.000204738	0.00439908
180	0.0224655	0.0476955	0.00575101	0.003458	0.487992	0.0108001	0.00590926	0.0540959	0.00961759	0.128399	0.0272834	0.00961315	0.00351423	0.00584691	0.00615507	0.0322106	0.0384686	0.0499481	0.0112497	0.0395265
181	0.0111425	0.00998111	0.00186513	0.000405431	0.0952893	0.00413808	0.00123318	0.248115	0.00244139	0.381024	0.0458263	0.000665924	0.0048744	0.00060581	0.000714288	0.00522111	0.0192179	0.162807	0.000493021	0.00393918
182	0.0138316	0.0174636	0.00193227	0.00402098	0.0303313	0.00540918	0.0186442	0.0665251	0.00792001	0.608586	0.106473	0.0101484	0.00373435	0.013045	0.00831952	0.0147106	0.0181566	0.0394273	0.00174415	0.00957644
183	0.0142638	0.0104826	0.00293817	0.0138588	0.0601755	0.00579375	0.00617272	0.0935359	0.00905164	0.563822	0.0817822	0.0049093	0.00690652	0.00934211	0.00476364	0.0124153	0.0194583	0.0625926	0.00325088	0.0144841
184	0.0464237	0.00363034	0.000899635	0.00144592	0.00319212	0.851169	0.00134272	0.00806534	0.00621996	0.00830399	0.00229167	0.0101346	0.000654147	0.00211168	0.00244899	0.0155092	0.00324366	0.0275627	0.000911092	0.00443977
185	0.0310636	0.00410293	0.0198609	0.0243824	0.00417806	0.0125409	0.0126959	0.0100277	0.0458343	0.0153323	0.00780926	0.0164948	0.62726	0.0243754	0.0503908	0.0448638	0.0297408	0.0129242	0.00203812	0.00408366
186	0.0525786	0.0142395	0.0706462	0.0769587	0.014238	0.0474495	0.048446	0.0181342	0.105789	0.0250788	0.0274454	0.0549245	0.0719542	0.0520028	0.0874463	0.110805	0.0759016	0.0337872	0.00193586	0.0102396
187	0.151285	0.0235564	0.0158876	0.00764395	0.0270484	0.14586	0.00814272	0.0531758	0.025248	0.0243335	0.0357946	0.0629249	0.0142934	0.011163	0.00800933	0.215644	0.106615	0.054059	0.00147054	0.00784361
188	0.0341151	0.00835055	0.0380514	0.0468272	0.0128415	0.0320843	0.0790555	0.0189528	0.132507	0.0232549	0.0254551	0.0869231	0.0327139	0.0623763	0.153564	0.106388	0.0554386	0.029868	0.0058174	0.0154161
189	0.0441039	0.00519901	0.104594	0.313855	0.00834889	0.0262789	0.0404178	0.0130913	0.0600892	0.0216287	0.01686	0.0487635	0.0170972	0.0922815	0.0247498	0.0492525	0.0584228	0.0367553	0.00139533	0.0168151
190	0.0159986	0.00490508	0.00319469	0.00113538	0.0321616	0.00654781	0.00176982	0.410288	0.00591198	0.0754099	0.212578	0.00260176	0.00139224	0.00872289	0.00224191	0.0104048	0.00588662	0.193702	0.00235981	0.002787
191	0.0332596	0.00516709	0.028167	0.0175572	0.00255897	0.713424	0.0106576	0.00398678	0.0153058	0.00592722	0.00333175	0.0607118	0.00396104	0.0140431	0.00975338	0.0385629	0.0123699	0.0159503	0.00101291	0.00429156
192	0.0242509	0.0115892	0.0219775	0.0294858	0.0192718	0.0231565	0.0563074	0.0150823	0.153785	0.0566377	0.0257729	0.073026	0.0224181	0.0473254	0.275806	0.0558588	0.0280311	0.0259376	0.00716514	0.0271148
193	0.422442	0.0532368	0.00252372	0.00277423	0.00886673	0.036685	0.00225534	0.00402133	0.00751545	0.00958282	0.00599006	0.00999228	0.00608187	0.00625628	0.00816848	0.314788	0.0676225	0.0258897	0.000734776	0.00457246
