200	20
1	0.325913	0.0114046	0.000615328	0.000519047	0.0174165	0.0876538	0.000375546	0.117448	0.000400931	0.108852	0.0384641	0.00131081	0.00173492	0.000573187	0.000490447	0.0574118	0.046579	0.175377	0.00048841	0.00697123
2	0.0240741	0.00150717	0.000680585	0.000393001	0.010637	0.000433407	0.000234635	0.273069	0.000303209	0.263397	0.0406922	0.00041018	0.000167977	0.000381626	0.000775229	0.00133298	0.00409062	0.376994	0.000126054	0.000299362
3	0.325913	0.0114046	0.000615328	0.000519047	0.0174165	0.0876538	0.000375546	0.117448	0.000400931	0.108852	0.0384641	0.00131081	0.00173492	0.000573187	0.000490447	0.0574118	0.046579	0.175377	0.00048841	0.00697123
4	0.239883	0.0076836	0.00121497	0.00825621	0.0377421	0.260222	0.000997259	0.0563797	0.00131917	0.142033	0.0307576	0.00168018	0.000800497	0.00156514	0.00147426	0.0332828	0.0114569	0.0975107	0.0372467	0.0284942
5	0.0119133	0.00632209	0.00697828	0.032602	0.00155374	0.0238602	0.0221649	0.00264804	0.146327	0.00527201	0.0089432	0.0164661	0.000727898	0.0816527	0.593443	0.0118476	0.00945928	0.00888817	0.00668988	0.00223977
6	0.145456	0.00196232	0.00954261	0.0016161	0.00424888	0.0845466	0.00121937	0.11921	0.00155874	0.341532	0.067519	0.00196125	0.000807232	0.00198743	0.00263496	0.0394948	0.0298237	0.127333	0.000636293	0.0169096
7	0.141285	0.00434469	0.0412604	0.0460581	0.0106234	0.0249557	0.0664012	0.00563822	0.0363606	0.0391828	0.0267748	0.0522008	0.0619569	0.075921	0.101387	0.142674	0.0683566	0.025961	0.000302976	0.0283551
8	0.0145189	0.00477836	0.00602354	0.0230958	0.00380782	0.0150256	0.0107209	0.00561205	0.0789888	0.00522123	0.00630104	0.00772949	0.0014308	0.0521166	0.712803	0.0116196	0.0213388	0.0113161	0.00454252	0.00300955
9	0.0992545	0.00330051	0.057429	0.0130427	0.0447093	0.361328	0.0136232	0.012348	0.0581445	0.0548958	0.0136469	0.026896	0.0421351	0.0149502	0.107384	0.0235045	0.0192102	0.0160201	0.00314032	0.0150367
10	0.108682	0.000607807	0.0260349	0.0275962	0.00535094	0.0223081	0.00532434	0.0536871	0.0333605	0.14571	0.0490149	0.0161301	0.0375297	0.0391873	0.0755019	0.13142	0.0927105	0.123936	0.00484813	0.00105924
11	0.00949554	0.000522698	0.000551443	0.00277814	0.00532513	0.000723505	0.000463637	0.547065	0.000603123	0.191295	0.037016	0.000680264	0.000375126	0.000632677	0.00089084	0.00145425	0.00538447	0.193964	0.000186741	0.000592578
12	0.0270101	0.00258637	0.000890125	0.0145421	0.0484664	0.00338731	0.00516417	0.137764	0.0162282	0.202243	0.0460661	0.00148882	0.000708805	0.0202812	0.0381998	0.0522266	0.141447	0.20913	0.00116577	0.0310039
13	0.0848215	0.00286037	0.52144	0.0309244	0.0115957	0.0695505	0.0179389	0.0154493	0.00969558	0.0205223	0.0119995	0.0555136	0.00452087	0.0198434	0.0164027	0.0367761	0.0315176	0.019654	0.0019628	0.0170112
14	0.135285	0.0339944	0.0135575	0.0192706	0.0100014	0.0479577	0.0174514	0.0482424	0.0606495	0.0312149	0.0186565	0.0188261	0.0139966	0.0602051	0.236458	0.110534	0.0454554	0.0616405	0.00369492	0.0129075
15	0.0835548	0.000585108	0.00108184	0.0392907	0.0166109	0.0089388	0.000970053	0.137988	0.00742339	0.197892	0.0385052	0.00796857	0.206646	0.0271876	0.00775559	0.00390954	0.0297193	0.169651	0.000401746	0.01392
16	0.0180395	0.000184869	0.00139081	0.00144784	0.055433	0.000606888	0.00120384	0.212173	0.000406391	0.483954	0.0837058	0.00224149	0.00236367	0.00228398	0.00198861	0.00354401	0.010262	0.111972	0.0022219	0.00457688
17	0.683279	0.000749455	0.000522443	0.000836548	0.00124998	0.0807266	0.000499655	0.00949355	0.000638125	0.0107658	0.00838788	0.00202802	0.0051276	0.000901693	0.000737104	0.128213	0.0236097	0.0398259	0.000287675	0.00211989
18	0.0354019	0.00338941	0.000999676	0.0223216	0.0426464	0.00385482	0.00772965	0.180203	0.0172475	0.15711	0.0607469	0.000967539	0.000419213	0.0193036	0.0409993	0.0431737	0.113143	0.222215	0.00118117	0.0269465
19	0.0143265	0.000551812	0.153941	0.0116081	0.00109253	0.0066444	0.000800598	0.00184283	0.00101935	0.00220345	0.00169285	0.179649	0.000639176	0.00137238	0.00120079	0.28882	0.328509	0.00264741	0.000358574	0.00107983
20	0.0355093	0.00341463	0.00100832	0.0223533	0.0426313	0.00385524	0.00770188	0.180155	0.0172143	0.15688	0.0606776	0.000970473	0.000420234	0.019411	0.0409787	0.0432507	0.113035	0.222435	0.00117625	0.0269223
21	0.0691046	0.00053395	0.0438669	0.0936829	0.00133603	0.00756816	0.00647168	0.00930594	0.100098	0.0371561	0.00204262	0.035042	0.304027	0.057275	0.0678866	0.0482032	0.0717025	0.0428516	0.000483301	0.00136187
22	0.0400171	0.00104622	0.00150514	0.0255536	0.195389	0.0061169	0.0178069	0.0826055	0.034897	0.0537501	0.00434405	0.020168	0.0202803	0.0272894	0.0177187	0.0300443	0.0314393	0.0800409	0.101565	0.208422
23	0.124798	0.00100314	0.00136726	0.00511111	0.0152104	0.00412179	0.000917832	0.235966	0.00033684	0.0996046	0.0392124	0.00123374	0.00638536	0.00278274	0.00144313	0.0202575	0.0532788	0.38246	0.00309747	0.00141239
24	0.0543797	0.000653906	0.00147094	0.03693	0.0673614	0.00788711	0.0251038	0.0593907	0.0591461	0.0595002	0.0027994	0.0225597	0.0264291	0.0314904	0.0297479	0.0474832	0.04555	0.0848116	0.163717	0.173588
25	0.0232247	0.00143022	0.000696722	0.000408255	0.0111932	0.000439773	0.000250976	0.275197	0.000292886	0.267346	0.0397869	0.00041328	0.000185005	0.000402504	0.000800362	0.00132024	0.00386341	0.372336	0.000129652	0.000283499
26	0.0744186	0.000483691	0.0288525	0.0874905	0.00847738	0.0248271	0.0191489	0.0220229	0.287746	0.0468985	0.0208488	0.00853527	0.000477864	0.0924773	0.142461	0.0443917	0.049101	0.0400238	0.000329863	0.000987581
27	0.0705227	0.000580472	0.0274513	0.0834722	0.00787063	0.0242736	0.0216628	0.0214531	0.284562	0.0444883	0.0215665	0.0090594	0.000511494	0.0950163	0.156404	0.0435802	0.0479734	0.0378867	0.000465773	0.00119921
28	0.0176122	0.00436543	0.00761854	0.021205	0.00500324	0.0158531	0.00981519	0.00693434	0.0705651	0.00609566	0.007403	0.00920177	0.00248422	0.0466135	0.705036	0.0142749	0.0287731	0.0127437	0.00423376	0.00416815
29	0.0419558	0.000433865	0.00590177	0.00153318	0.369614	0.00965658	0.0318283	0.0579344	0.0117227	0.0980068	0.0303919	0.00688369	0.00092196	0.0225473	0.0220039	0.012744	0.0164469	0.0758808	0.00639124	0.177201
30	0.0367793	0.0040877	0.00611921	0.0186711	0.0579952	0.0113783	0.087221	0.0155576	0.0294943	0.0187437	0.0135303	0.0366276	0.00389053	0.069962	0.0219473	0.0202759	0.0237816	0.0286293	0.0054691	0.489839
31	0.0542531	0.00053896	0.00719373	0.0107805	0.00302571	0.0139946	0.00137406	0.0207051	0.00223873	0.0644509	0.0100408	0.0163577	0.680501	0.0105542	0.00230222	0.0168277	0.0702123	0.0121633	0.000665199	0.00182066
32	0.173008	0.00147628	0.0530239	0.0576349	0.0216498	0.0403417	0.0447932	0.00485922	0.028384	0.0578448	0.0365704	0.0514334	0.0189295	0.108535	0.0675476	0.12946	0.0642724	0.0150352	0.000300312	0.0249008
33	0.44277	0.0071724	0.00106453	0.0014162	0.0700718	0.0460041	0.000946992	0.0140621	0.0012535	0.0306822	0.0258717	0.0308023	0.000720132	0.00162382	0.00162886	0.0868467	0.159911	0.0499273	0.00533897	0.0218864
34	0.704167	0.000262644	0.000480013	0.000666471	0.000630995	0.065026	0.000408844	0.00186992	0.000589403	0.00219622	0.00457408	0.000793691	0.0052371	0.000742479	0.000686119	0.16807	0.0215079	0.0211873	0.000237834	0.000666167
35	0.032039	0.00163621	0.050931	0.028512	0.00425496	0.0446237	0.110588	0.00648624	0.00486307	0.00756445	0.00599514	0.152174	0.0822302	0.367989	0.00474523	0.0475003	0.0111575	0.00905844	0.00186091	0.02579
36	0.0237197	0.00148895	0.000658929	0.000371434	0.0104367	0.00042424	0.000234128	0.273582	0.0002875	0.262569	0.0405072	0.000394075	0.000160425	0.000378235	0.000749932	0.0012694	0.0039305	0.378462	0.000116828	0.000259006
37	0.0237197	0.00148895	0.000658929	0.000371434	0.0104367	0.00042424	0.000234128	0.273582	0.0002875	0.262569	0.0405072	0.000394075	0.000160425	0.000378235	0.000749932	0.0012694	0.0039305	0.378462	0.000116828	0.000259006
38	0.118063	0.0025875	0.000682604	0.00134419	0.00282532	0.795593	0.000612233	0.00894985	0.00151538	0.00120801	0.00322899	0.00205751	0.000292666	0.0016852	0.000930833	0.0278736	0.00381463	0.0258664	0.000240231	0.000628821
39	0.0419558	0.000433865	0.00590177	0.00153318	0.369614	0.00965658	0.0318283	0.0579344	0.0117227	0.0980068	0.0303919	0.00688369	0.00092196	0.0225473	0.0220039	0.012744	0.0164469	0.0758808	0.00639124	0.177201
40	0.0934066	0.00688988	0.0011769	0.00462402	0.00106556	0.0112253	0.00102962	0.0925308	0.00140562	0.0385258	0.0246077	0.0205789	0.00237324	0.00157847	0.00860244	0.0610216	0.330432	0.297285	0.000438909	0.00120197
41	0.209686	0.00097734	0.0782043	0.0468705	0.0276953	0.036265	0.00214354	0.011028	0.00277515	0.00495192	0.0153991	0.0345171	0.0191984	0.00951176	0.0166404	0.268277	0.152348	0.0457497	0.00146706	0.0162945
42	0.11734	0.00257087	0.000793662	0.00135222	0.00294957	0.795638	0.000723455	0.00888077	0.00162669	0.00131434	0.00324363	0.00213297	0.000303259	0.00178085	0.00100498	0.0278634	0.00387752	0.0256876	0.000262046	0.000653316
43	0.0237197	0.00148895	0.000658929	0.000371434	0.0104367	0.00042424	0.000234128	0.273582	0.0002875	0.262569	0.0405072	0.000394075	0.000160425	0.000378235	0.000749932	0.0012694	0.0039305	0.378462	0.000116828	0.000259006
44	0.027975	0.00235457	0.0234916	0.785825	0.00568469	0.0117026	0.00602742	0.0090828	0.00799799	0.0102505	0.00887192	0.0132966	0.00256889	0.0193363	0.0129625	0.0200803	0.0127247	0.0124055	0.00209139	0.00526941
45	0.0786114	0.00769336	0.0161959	0.0113719	0.038684	0.0368418	0.0124127	0.0206857	0.149344	0.161281	0.0283078	0.025222	0.00123857	0.0543272	0.289249	0.00501077	0.0113431	0.0103865	0.0096008	0.0321933
46	0.126943	0.000626301	0.0151373	0.0752105	0.00129787	0.0166618	0.0542764	0.0128554	0.0456728	0.00690844	0.0289122	0.0492804	0.00644587	0.194995	0.102248	0.0545087	0.136282	0.0593482	0.000436912	0.0119538
47	0.027093	0.000351416	0.000877971	0.0030619	0.0123552	0.00279829	0.00342719	0.148568	0.000701718	0.643207	0.0606843	0.00316044	0.000508511	0.00352923	0.00600011	0.00813481	0.00817362	0.0569427	0.000651855	0.00977336
48	0.078051	0.000639614	0.00121577	0.00160706	0.00152434	0.00232844	0.00109399	0.00262444	0.00140001	0.00252941	0.00239151	0.0364021	0.00881112	0.00179225	0.00509355	0.223657	0.617152	0.00808299	0.00234507	0.00125853
49	0.0057672	0.000285845	0.000678964	0.00404105	0.0046629	0.000987764	0.000548604	0.614613	0.000696618	0.186824	0.0448914	0.000875996	0.000372001	0.000863397	0.000760819	0.00175115	0.00668043	0.123636	0.000226976	0.00083586
50	0.00585722	0.000621578	0.482713	0.0601203	0.00255541	0.0101178	0.00441975	0.00370519	0.0096415	0.00376643	0.00200743	0.357233	0.000818393	0.0135308	0.00326889	0.0157624	0.0106261	0.0104125	0.000539032	0.00228352
51	0.108532	0.000607281	0.0254554	0.0272239	0.00535423	0.0221645	0.00508364	0.0543139	0.0332642	0.147399	0.0494009	0.0156894	0.0370831	0.0390043	0.0748069	0.131541	0.0925144	0.124897	0.00481845	0.000846282
52	0.0262848	0.00171419	0.0721373	0.0204748	0.047777	0.087889	0.0470177	0.00629367	0.0916706	0.00748576	0.0059929	0.0305995	0.00266678	0.0208107	0.37038	0.0456052	0.0472545	0.0353483	0.00133072	0.0312663
53	0.079965	0.000903031	0.00648738	0.00248241	0.0137349	0.0086426	0.00131447	0.255591	0.000722776	0.239831	0.045099	0.00158064	0.00112416	0.00142335	0.00543442	0.0150703	0.0201024	0.294378	0.00199858	0.00411429
54	0.0752692	0.00239678	0.00907326	0.0781277	0.00697932	0.0111824	0.0826284	0.00980565	0.0432843	0.0192861	0.0151343	0.022153	0.00570403	0.419286	0.031367	0.0391779	0.0954794	0.0231255	0.00139466	0.00914542
55	0.149249	0.00149366	0.0179603	0.0161785	0.115094	0.0470193	0.0496899	0.00463941	0.0155171	0.00619072	0.00482726	0.0453981	0.00166485	0.0705932	0.0466265	0.149334	0.085249	0.0190626	0.00124889	0.152963
56	0.0871156	0.000841803	0.00497106	0.0100139	0.0416781	0.00445746	0.00643843	0.274241	0.00416559	0.121935	0.0511402	0.00200044	0.00162796	0.00420636	0.011196	0.0177339	0.0561922	0.283105	0.00557982	0.0113605
57	0.265976	0.00176755	0.000659939	0.00321598	0.00304478	0.0140983	0.000567044	0.138397	0.000759016	0.0722065	0.0382752	0.00285148	0.00799796	0.00234615	0.00169363	0.040912	0.103469	0.300213	0.000308179	0.00124147
58	0.0260248	0.0154213	0.0168583	0.147811	0.122555	0.00449201	0.256437	0.00503485	0.0233325	0.0211213	0.00560216	0.0253226	0.00178705	0.0496876	0.117325	0.0222729	0.0534038	0.0127978	0.00114476	0.0715686
59	0.0116639	0.000855584	0.0558829	0.0286508	0.00132215	0.106044	0.0590464	0.00235698	0.224712	0.0119852	0.00278481	0.152494	0.000823941	0.147154	0.116678	0.0547044	0.0169107	0.00349638	0.000859811	0.00157366
60	0.678128	0.000967824	0.00065104	0.000705844	0.000959426	0.0741098	0.000404539	0.00825359	0.000677145	0.0108353	0.0122288	0.00203164	0.00764999	0.00106789	0.000865572	0.134715	0.0244788	0.0388933	0.000251816	0.00212471
61	0.0744186	0.000483691	0.0288525	0.0874905	0.00847738	0.0248271	0.0191489	0.0220229	0.287746	0.0468985	0.0208488	0.00853527	0.000477864	0.0924773	0.142461	0.0443917	0.049101	0.0400238	0.000329863	0.000987581
62	0.26421	0.00159754	0.00271035	0.0205057	0.00288281	0.299357	0.00237232	0.0054396	0.0363822	0.00568326	0.00480942	0.0218967	0.00179839	0.00465057	0.0529094	0.157113	0.00821434	0.0233562	0.0456841	0.0384272
63	0.149162	0.00298098	0.000503197	0.000632715	0.00348091	0.75129	0.000497939	0.0112255	0.000635045	0.000999019	0.00392557	0.000746535	0.000297174	0.000712303	0.000739402	0.0352139	0.00433726	0.0318305	0.000207287	0.000582417
64	0.232773	0.0367326	0.00224718	0.00268149	0.0153792	0.0624038	0.00186662	0.0280221	0.00245647	0.00515259	0.0742575	0.00409127	0.00141804	0.0149452	0.00285587	0.254342	0.198536	0.0447137	0.0120588	0.00306603
65	0.40619	0.00714432	0.000344754	0.000540505	0.0091426	0.0640205	0.000246887	0.100715	0.000372511	0.073065	0.0333971	0.00199358	0.00282688	0.000728567	0.000515178	0.0554032	0.0524964	0.184871	0.000185059	0.00580054
66	0.0272346	0.000294888	0.00056776	0.00066863	0.000739114	0.000906405	0.000479137	0.472257	0.000587165	0.0419924	0.0288845	0.000809422	0.00380416	0.000653349	0.00669049	0.00158085	0.0183063	0.392083	0.000869616	0.000590905
67	0.0240723	0.00148063	0.000670565	0.000382528	0.0104514	0.000432362	0.000237766	0.273672	0.000286472	0.261789	0.0404675	0.000391994	0.000165246	0.00038385	0.000756353	0.00131495	0.00408429	0.378572	0.000132231	0.000255749
68	0.0403899	0.0005318	0.00122846	0.00599527	0.0360313	0.0014894	0.00182645	0.147972	0.0106716	0.243026	0.273395	0.00200012	0.00107665	0.0017971	0.00493531	0.0281254	0.0429759	0.153208	0.00102015	0.00230478
69	0.0047665	0.000613139	0.46335	0.0614591	0.00145189	0.00855869	0.00154844	0.0024423	0.0101834	0.00269498	0.0019526	0.384921	0.000765152	0.0144883	0.00168494	0.01666	0.009863	0.0106396	0.000543289	0.00141377
70	0.209778	0.00113138	0.00067154	0.00311502	0.0038578	0.00687666	0.000559517	0.169015	0.000674071	0.0586563	0.0295909	0.00105393	0.0367873	0.00286993	0.000895798	0.0289485	0.0752711	0.368463	0.000672539	0.001112
71	0.0294119	0.000814042	0.0625971	0.0827041	0.00211235	0.011076	0.158165	0.00899792	0.113901	0.0183437	0.0117066	0.0844012	0.00845396	0.091625	0.21743	0.0334258	0.0375243	0.0103426	0.000596647	0.0163712
72	0.0143684	0.000513598	0.152983	0.0115371	0.0010428	0.00659179	0.000803123	0.00173322	0.0010206	0.00216987	0.00158797	0.179761	0.000650799	0.00129378	0.00119647	0.288629	0.330127	0.00257079	0.000363799	0.00105574
73	0.150614	0.00275014	0.000896361	0.00134004	0.00319779	0.728162	0.000575081	0.00988889	0.00129269	0.00161663	0.00395056	0.00161509	0.000763259	0.00119383	0.00141892	0.0566576	0.00480831	0.027317	0.000688744	0.0012529
74	0.110701	0.000823337	0.11807	0.360356	0.00398415	0.0258554	0.0146875	0.00640487	0.0223939	0.00908808	0.0084119	0.0379482	0.00975819	0.0979639	0.0584651	0.0744	0.0251263	0.00703363	0.00307915	0.00544928
75	0.00837071	0.000249368	0.000451595	0.00270492	0.00277193	0.000840899	0.000443489	0.594273	0.000638615	0.138953	0.0327943	0.000726077	0.000930403	0.000685701	0.00194315	0.00148147	0.00709033	0.203906	0.000170865	0.000574644
76	0.0242938	0.000232263	0.000501264	0.00290184	0.00713847	0.000788881	0.00305299	0.137067	0.000511499	0.694737	0.0542474	0.00320341	0.000336535	0.00320697	0.00623547	0.00607351	0.00575445	0.0411783	0.000249855	0.00828899
77	0.704167	0.000262644	0.000480013	0.000666471	0.000630995	0.065026	0.000408844	0.00186992	0.000589403	0.00219622	0.00457408	0.000793691	0.0052371	0.000742479	0.000686119	0.16807	0.0215079	0.0211873	0.000237834	0.000666167
78	0.0465468	0.00110594	0.00204083	0.0041482	0.0318181	0.00386392	0.00200723	0.0379425	0.017714	0.283788	0.403478	0.00306698	0.00146728	0.00279344	0.00399272	0.0260182	0.0187774	0.106079	0.000922477	0.00242877
79	0.552327	0.000925949	0.00973461	0.00192262	0.00191666	0.00259505	0.00147661	0.0109373	0.00165819	0.00319577	0.00270199	0.00201091	0.000940358	0.00187303	0.00198346	0.0445924	0.0778194	0.279074	0.00073479	0.00157956
80	0.0185485	0.0227523	0.00513228	0.0047271	0.00388826	0.00580839	0.00311553	0.00705302	0.00402006	0.00885977	0.029136	0.195561	0.00221426	0.00507227	0.00660075	0.450121	0.150371	0.0706558	0.00216572	0.00419769
81	0.064663	0.000639547	0.0013844	0.0395225	0.0583538	0.00956691	0.0234938	0.0622699	0.0496215	0.0705876	0.00237523	0.0248054	0.0218295	0.0382546	0.0254257	0.0496071	0.0474347	0.0895216	0.148922	0.171722
82	0.0451781	0.00111109	0.0178822	0.0133967	0.00407783	0.0242894	0.00276648	0.0177652	0.00587706	0.0511843	0.0125777	0.01509	0.671243	0.0120137	0.00543361	0.0176614	0.0634564	0.0146985	0.0014461	0.00285118
83	0.195898	0.000864284	0.0716911	0.0299497	0.0287119	0.0307829	0.00147011	0.0138442	0.00221062	0.00385335	0.0109461	0.0352391	0.0276633	0.00693733	0.0211617	0.284364	0.177278	0.0442848	0.00151687	0.0113333
84	0.00792496	0.004888	0.000834414	0.00592305	0.532416	0.00133037	0.00535718	0.0263727	0.000813529	0.0193692	0.00598659	0.0016433	0.000921777	0.00148435	0.00109744	0.00227839	0.00285134	0.0116756	0.0055638	0.361268
85	0.0047665	0.000613139	0.46335	0.0614591	0.00145189	0.00855869	0.00154844	0.0024423	0.0101834	0.00269498	0.0019526	0.384921	0.000765152	0.0144883	0.00168494	0.01666	0.009863	0.0106396	0.000543289	0.00141377
86	0.155265	0.00258103	0.00661601	0.0106897	0.00543867	0.0132184	0.00363777	0.0162014	0.00441718	0.144529	0.0109312	0.0531761	0.428537	0.01018	0.00624679	0.0642216	0.0408625	0.0160468	0.00204516	0.00515936
87	0.065967	0.0117711	0.0196329	0.00939722	0.0516701	0.0355445	0.0092588	0.0321438	0.143675	0.139212	0.0268691	0.0316793	0.00139462	0.0454217	0.30085	0.00669917	0.0165213	0.0153277	0.0075332	0.0294323
88	0.00861249	0.000674311	0.432279	0.0772212	0.00289071	0.0178286	0.00458444	0.00337696	0.0111249	0.00440056	0.00286952	0.369022	0.000873838	0.0178268	0.00421343	0.0175086	0.0104764	0.0101327	0.000583089	0.00350023
89	0.0534663	0.000926881	0.002584	0.0291662	0.0482888	0.00818831	0.0335323	0.0531744	0.0709178	0.0462439	0.00376036	0.0267684	0.0284751	0.0406036	0.104665	0.0469744	0.0505623	0.0739411	0.138386	0.139375
90	0.466756	0.00816421	0.000364074	0.000493347	0.00847566	0.0544119	0.000331344	0.0743432	0.000421397	0.0692621	0.0369689	0.00368106	0.00628326	0.000518291	0.000560216	0.0589914	0.0460635	0.155046	0.000191311	0.00867279
91	0.0816193	0.000719145	0.00211831	0.00405777	0.0436371	0.00547327	0.00179662	0.246676	0.00154595	0.132957	0.0547445	0.00501469	0.00200531	0.00234817	0.0040907	0.0423517	0.0495236	0.308228	0.00307295	0.00802065
92	0.120216	0.0145116	0.00226981	0.00274666	0.00265607	0.0289177	0.0262543	0.062634	0.0279226	0.0772912	0.0166247	0.0426362	0.00136695	0.0552915	0.0166631	0.149137	0.256244	0.0687541	0.00139846	0.0264646
93	0.168968	0.00180902	0.207264	0.0271157	0.018136	0.0466782	0.0190517	0.00815937	0.0127244	0.0194641	0.0152815	0.0407764	0.0141608	0.0615263	0.0287432	0.149316	0.0882212	0.0357289	0.00164105	0.0352345
94	0.118507	0.000629159	0.0209674	0.0249017	0.00467144	0.0174605	0.00420717	0.0606747	0.0274238	0.15585	0.0519812	0.0133762	0.0292063	0.0327498	0.0618385	0.129529	0.101614	0.139259	0.00388941	0.00126239
95	0.00884121	0.00470395	0.000981536	0.00572089	0.524103	0.00150756	0.00588175	0.028302	0.00103575	0.0223517	0.0068994	0.00180323	0.000926961	0.00193946	0.00154788	0.00242732	0.00306673	0.0146459	0.00553819	0.357775
96	0.0274671	0.00246814	0.0229612	0.783536	0.00581293	0.0133041	0.00577218	0.00960153	0.0083255	0.0103475	0.00882756	0.0123764	0.00259607	0.0193091	0.0129572	0.0212606	0.0132152	0.0127242	0.00185998	0.00527715
97	0.0707909	0.000780441	0.00271957	0.0229442	0.0159732	0.00861157	0.001208	0.1054	0.00505795	0.165495	0.0304843	0.00783399	0.366998	0.0173137	0.00515889	0.0111097	0.0345723	0.117823	0.00069505	0.00903001
98	0.119766	0.00262811	0.000483281	0.00131826	0.00284464	0.793851	0.000456271	0.00899516	0.000711804	0.00109269	0.00323279	0.00182627	0.000297775	0.00158865	0.000693161	0.0292438	0.00388885	0.0261716	0.000270425	0.000639668
99	0.0544543	0.00247244	0.00342365	0.00447023	0.00409774	0.0240039	0.00305938	0.00745431	0.00399164	0.00672806	0.00665898	0.00743816	0.00386851	0.00461924	0.00485884	0.82919	0.012945	0.00989361	0.00181228	0.00455995
100	0.123068	0.00477369	0.00070454	0.00418329	0.00206016	0.00808525	0.000709761	0.128611	0.000813932	0.04287	0.0262119	0.013506	0.00494571	0.00167485	0.00481709	0.0528557	0.247124	0.331671	0.00049728	0.000817829
101	0.0174918	0.000206263	0.00204023	0.000848189	0.107986	0.00128994	0.000408633	0.242998	0.000486121	0.35048	0.102382	0.00298216	0.00383301	0.00245115	0.000663381	0.00355014	0.0111389	0.140696	0.00364748	0.00442113
102	0.0198774	0.00324585	0.00527756	0.00631593	0.00627354	0.00789274	0.00516826	0.0103852	0.833675	0.0107933	0.0102441	0.00799453	0.00289522	0.00805399	0.00784785	0.0162199	0.014209	0.0151291	0.00261228	0.00588908
103	0.118771	0.00148933	0.00267972	0.00477774	0.00387367	0.00547809	0.00226608	0.115105	0.00325412	0.0953784	0.0242071	0.00526031	0.24586	0.00481515	0.00448572	0.0932739	0.11012	0.140332	0.000974975	0.0175974
104	0.0148511	0.000171235	0.00206809	0.000751845	0.0991849	0.00064673	0.000371527	0.246223	0.000413225	0.360757	0.10009	0.00231972	0.00406791	0.00266314	0.000497961	0.0030975	0.0110307	0.143112	0.00389002	0.0037923
105	0.124781	0.00233155	0.000996763	0.00295555	0.00110975	0.0149834	0.00134819	0.0888732	0.00125104	0.0442536	0.0285155	0.046472	0.00801168	0.00176791	0.00588217	0.126821	0.28445	0.213042	0.000569161	0.00158446
106	0.103606	0.000773883	0.0020383	0.00429143	0.0222717	0.00429577	0.00136153	0.256583	0.00035313	0.115363	0.0473117	0.00159132	0.00367397	0.00199045	0.00212766	0.0193573	0.0467766	0.358229	0.00398389	0.00402017
107	0.607562	0.00321906	0.00045918	0.000729232	0.00249001	0.0669465	0.00045532	0.0277881	0.000581098	0.0318867	0.0248929	0.0034873	0.0083437	0.000683958	0.000728817	0.0984437	0.0316059	0.0844245	0.000263415	0.00500833
108	0.367621	0.0120556	0.00187242	0.0346694	0.00193378	0.00347957	0.00194059	0.0841473	0.0343046	0.107222	0.0787058	0.0137933	0.00126255	0.0137486	0.00285866	0.0971364	0.0992568	0.0405823	0.000817198	0.00259157
109	0.675892	0.000494749	0.000976642	0.00156743	0.00123126	0.169254	0.000953591	0.0118319	0.00117712	0.021933	0.00417403	0.00147923	0.00180467	0.00136239	0.00152779	0.0296231	0.0233061	0.0439851	0.000556164	0.00686973
110	0.0171712	0.000175624	0.001591	0.00110626	0.0672964	0.000554591	0.000782275	0.214511	0.000342994	0.462209	0.0907122	0.00220947	0.00282992	0.00227268	0.00149434	0.00336742	0.0115193	0.112841	0.00265626	0.0043574
111	0.0436821	0.000408678	0.228064	0.40913	0.000894456	0.0162687	0.0190552	0.011113	0.0207862	0.00199976	0.00603685	0.0775204	0.00060618	0.0950212	0.0163836	0.042221	0.00717432	0.00218221	0.000409962	0.00104253
112	0.184786	0.00157342	0.0464913	0.0717962	0.0159744	0.0249863	0.0454983	0.00642951	0.0373093	0.059701	0.0274759	0.0520471	0.0206214	0.071379	0.0697181	0.135961	0.083527	0.0194654	0.000334455	0.024925
113	0.0133095	0.000968179	0.0520893	0.0165533	0.00677881	0.364097	0.0519616	0.00253806	0.176507	0.0167995	0.00399594	0.105389	0.0013683	0.0719128	0.0714847	0.0254424	0.00871901	0.00339819	0.000915188	0.00577188
114	0.0243055	0.000223477	0.000483023	0.00288167	0.00721381	0.000783067	0.00305863	0.137244	0.00050851	0.69428	0.0546062	0.00322558	0.00033667	0.00320438	0.00600552	0.0060818	0.00577333	0.0413573	0.000223959	0.00820311
115	0.0143684	0.000513598	0.152983	0.0115371	0.0010428	0.00659179	0.000803123	0.00173322	0.0010206	0.00216987	0.00158797	0.179761	0.000650799	0.00129378	0.00119647	0.288629	0.330127	0.00257079	0.000363799	0.00105574
116	0.0160255	0.000195839	0.00211335	0.000826464	0.0901535	0.000580875	0.000444088	0.245663	0.000406249	0.357895	0.0987943	0.00227905	0.00450906	0.00237039	0.000549812	0.00429718	0.0125008	0.152312	0.00397381	0.00411085
117	0.264273	0.00118602	0.0388718	0.121572	0.002931	0.0355482	0.00154617	0.00401525	0.0140598	0.00398161	0.00396163	0.00355192	0.0635368	0.071355	0.0587786	0.139586	0.119457	0.0163336	0.0227188	0.0127356
118	0.00745496	0.00103065	0.106608	0.293789	0.00204188	0.236155	0.0227833	0.00390069	0.0981039	0.014952	0.0358606	0.00270011	0.00130282	0.0835116	0.0343971	0.0157049	0.0315588	0.00538491	0.000856992	0.00190272
119	0.0273466	0.000292903	0.000564256	0.000672208	0.000683577	0.000912446	0.000481668	0.473421	0.000612837	0.0403748	0.0287428	0.000813131	0.0038319	0.000653157	0.00675478	0.00158315	0.0185159	0.392251	0.000897385	0.000595314
120	0.0159262	0.000164144	0.0018627	0.000872115	0.0779475	0.000551388	0.000552217	0.230741	0.000386597	0.41791	0.0951288	0.00213501	0.00349211	0.00220517	0.000931521	0.00315018	0.011372	0.127485	0.00315675	0.00402978
121	0.0961207	0.00140429	0.00350041	0.0586306	0.0025522	0.0151562	0.00302917	0.0759492	0.127889	0.0468326	0.0854517	0.00385849	0.00106213	0.146455	0.10104	0.0387969	0.0719163	0.106744	0.000897043	0.0127146
122	0.0102849	0.00209088	0.00304327	0.0545997	0.0429141	0.00335484	0.178093	0.00375274	0.0974143	0.0166979	0.0142193	0.0729902	0.00119632	0.0472717	0.0802638	0.00687739	0.0307444	0.0582403	0.000839095	0.275112
123	0.053662	0.00207743	0.00328765	0.00429142	0.00381417	0.0243647	0.00326239	0.0066424	0.00413626	0.0065467	0.00633359	0.00695549	0.00348806	0.00460529	0.0046375	0.835142	0.0114794	0.00950134	0.00165046	0.00412143
124	0.0869727	0.00172706	0.00312567	0.00367356	0.00404327	0.0332905	0.00258136	0.00609078	0.00381689	0.00605079	0.00598356	0.00627419	0.00390908	0.00459354	0.00422888	0.797498	0.0120414	0.00858353	0.00170807	0.00380766
125	0.0107524	0.00100174	0.41469	0.0594645	0.00179461	0.0132954	0.00353985	0.00389063	0.0117462	0.00425888	0.00316668	0.399882	0.00127855	0.0215723	0.00413388	0.0206742	0.0107538	0.0113639	0.000720377	0.00201942
126	0.0271395	0.000291663	0.000568813	0.000705773	0.000692499	0.000960721	0.000512026	0.473715	0.000612684	0.039383	0.0287142	0.000847119	0.0041036	0.000672783	0.00707528	0.00165078	0.0191952	0.391651	0.000901582	0.000606962
127	0.143534	0.00310648	0.000486093	0.00066146	0.00331122	0.760201	0.000484266	0.0110363	0.00062555	0.00100758	0.00369799	0.000789129	0.000271222	0.000758765	0.000716258	0.0320203	0.00437925	0.0321137	0.000217478	0.000581781
128	0.179902	0.00142042	0.00213431	0.00254005	0.00208512	0.00429297	0.00193691	0.0873985	0.002562	0.0168078	0.217358	0.00388818	0.0012567	0.00289879	0.00299679	0.204238	0.148761	0.114138	0.00113251	0.00225196
129	0.274321	0.00324727	0.000800483	0.00148654	0.00379045	0.0375206	0.000691882	0.0970683	0.000708488	0.0625232	0.0245344	0.0131971	0.00315006	0.00117581	0.00341798	0.103311	0.155057	0.211048	0.000272492	0.00267753
130	0.0215772	0.00133951	0.00788639	0.011333	0.00246769	0.00547407	0.144082	0.0043891	0.269885	0.0378238	0.0375281	0.0318515	0.00191023	0.115864	0.247321	0.0189106	0.0190722	0.00567137	0.00150982	0.0141029
131	0.00588377	0.000295976	0.000686549	0.00430811	0.00482254	0.000999628	0.000560241	0.611764	0.000687394	0.187002	0.0465239	0.000907321	0.000370407	0.000900375	0.000781452	0.00176643	0.00697617	0.123695	0.000226697	0.000841794
132	0.392524	0.00232541	0.00213507	0.00294485	0.00323373	0.0540748	0.0019108	0.0601918	0.00215534	0.0272463	0.0733339	0.0270326	0.00304075	0.0026546	0.00276812	0.157342	0.0146775	0.165663	0.000987433	0.00375761
133	0.463635	0.00814259	0.000369961	0.000510847	0.00875503	0.0536701	0.000336948	0.0763671	0.000425929	0.0700245	0.0383336	0.00346208	0.00638498	0.000534356	0.000556713	0.0575642	0.0466103	0.155223	0.000208139	0.00888406
134	0.0921782	0.00160632	0.0027385	0.00275067	0.00289809	0.00400263	0.00170285	0.00388363	0.00248425	0.00460794	0.00487469	0.106751	0.00544891	0.00273518	0.0248854	0.19982	0.481253	0.0408976	0.011967	0.00251463
135	0.0878068	0.00121137	0.00181995	0.00304924	0.0215548	0.00320218	0.0356347	0.15805	0.00518866	0.080605	0.213186	0.0419953	0.00141592	0.0168658	0.0156027	0.0361541	0.115608	0.156813	0.00104622	0.00319005
136	0.579016	0.000372857	0.000739048	0.000892504	0.000815826	0.0672276	0.000538128	0.00223067	0.000743754	0.00250589	0.00448974	0.00101671	0.00860887	0.000963067	0.000899933	0.290601	0.0196793	0.0174962	0.000329946	0.000832993
137	0.00792496	0.004888	0.000834414	0.00592305	0.532416	0.00133037	0.00535718	0.0263727	0.000813529	0.0193692	0.00598659	0.0016433	0.000921777	0.00148435	0.00109744	0.00227839	0.00285134	0.0116756	0.0055638	0.361268
138	0.117754	0.00257672	0.000748954	0.00135999	0.00286013	0.795294	0.000778955	0.00894192	0.00169579	0.00121766	0.00326002	0.00210168	0.00033203	0.00170009	0.000913765	0.0280043	0.00382356	0.0257778	0.000221104	0.000637926
139	0.0461056	0.00231745	0.00751842	0.0159631	0.0126999	0.00927338	0.0932859	0.00837635	0.0443715	0.0123974	0.0101962	0.0743803	0.00669951	0.226403	0.0196839	0.0171641	0.0182581	0.0198616	0.00252418	0.35252
140	0.143156	0.00143626	0.0337771	0.029824	0.00396777	0.356272	0.0258096	0.00500171	0.0319572	0.00918371	0.00741128	0.18104	0.00302004	0.0339173	0.0261884	0.073552	0.0150426	0.00991159	0.00340636	0.00612532
141	0.0147595	0.000167423	0.0020986	0.000750418	0.0936963	0.000590817	0.000353994	0.247539	0.000402322	0.364654	0.0993661	0.00220886	0.00409021	0.0024524	0.000470951	0.00310612	0.0111105	0.144589	0.00377196	0.00382196
142	0.236809	0.00153525	0.0027977	0.00274611	0.00265285	0.0196364	0.00192538	0.00404406	0.00197556	0.0194703	0.0712653	0.0769991	0.00119127	0.02729	0.0271218	0.381507	0.110006	0.00762794	0.00106385	0.00233621
143	0.193646	0.00121228	0.000472431	0.00434288	0.00522464	0.00598466	0.000407225	0.184391	0.000441661	0.0772233	0.0352793	0.000771557	0.0102909	0.00284697	0.000605559	0.0241824	0.0785618	0.372459	0.00110817	0.000547358
144	0.056502	0.000468336	0.0013148	0.00119538	0.00117156	0.00166476	0.000910982	0.00191956	0.00120388	0.00208018	0.00187241	0.0459324	0.0113518	0.00151212	0.00495461	0.22671	0.62764	0.00805412	0.00250751	0.00103338
145	0.0589316	0.000614631	0.00645687	0.0110321	0.00268193	0.0142442	0.00140211	0.0182821	0.00175574	0.0654081	0.00894875	0.0149952	0.677169	0.0109436	0.00208152	0.0178295	0.0756622	0.00928166	0.000640537	0.00163835
146	0.0243066	0.000223477	0.000480461	0.00287594	0.00723984	0.000752548	0.00305822	0.137241	0.000506762	0.694336	0.0545631	0.00321613	0.000336749	0.00320168	0.00601079	0.00607876	0.00578093	0.0413684	0.000222938	0.00819982
147	0.10035	0.00162223	0.00876722	0.0507328	0.00390451	0.00841337	0.0896536	0.00692085	0.062054	0.0270458	0.0124554	0.0201268	0.00452197	0.427105	0.0298873	0.0507408	0.0700226	0.0185129	0.00101597	0.00614659
148	0.0174365	0.000165672	0.00161447	0.00107824	0.0670279	0.000558011	0.000760831	0.21654	0.000344343	0.457434	0.091272	0.00215399	0.00297578	0.00223035	0.00133464	0.00331637	0.0112856	0.115579	0.00268231	0.0042095
149	0.427779	0.00580886	0.00043987	0.000832384	0.00653482	0.053001	0.000322638	0.0886098	0.000436664	0.0687489	0.0313875	0.00233371	0.00404963	0.00079258	0.000580236	0.0507518	0.0632765	0.188394	0.000194484	0.00572566
150	0.13813	0.000884738	0.0182842	0.0541452	0.00269551	0.0126375	0.0771529	0.00838825	0.0456655	0.0154472	0.0266244	0.0486987	0.00875532	0.205012	0.090764	0.0816136	0.111083	0.0435621	0.000359092	0.0100972
151	0.127776	0.0238427	0.00289908	0.0257739	0.171532	0.0295283	0.051534	0.0672282	0.00444437	0.00781352	0.0990823	0.0457503	0.0022023	0.025545	0.00473023	0.0111994	0.0948032	0.0592396	0.00166544	0.14341
152	0.297631	0.0123093	0.0131427	0.00284757	0.00223781	0.102832	0.00173278	0.00489018	0.00209156	0.083451	0.0608896	0.0738092	0.00142381	0.025183	0.00400735	0.225017	0.0416611	0.0418922	0.000925571	0.00202533
153	0.537632	0.000883196	0.00143157	0.00194179	0.00205098	0.0124507	0.00134084	0.130818	0.0017781	0.0048174	0.0381907	0.00231563	0.0266603	0.00214122	0.00181159	0.0604051	0.124517	0.0457765	0.000815107	0.00222317
154	0.0147918	0.00018651	0.0022507	0.000958801	0.0851673	0.000580243	0.000364514	0.26469	0.00038964	0.3628	0.0968255	0.00202779	0.00380694	0.00230076	0.000454126	0.00300109	0.0115622	0.140451	0.00349656	0.00389488
155	0.455486	0.00573925	0.000398159	0.000635912	0.00763134	0.0907741	0.000439931	0.0844497	0.000571865	0.0646056	0.0279914	0.00186677	0.00291738	0.000772081	0.000676432	0.0486546	0.050219	0.14988	0.000337199	0.00595285
156	0.165254	0.00100424	0.0308883	0.0110272	0.00250958	0.0907262	0.0479375	0.0050663	0.0165304	0.00502207	0.00432081	0.41432	0.00130174	0.0245579	0.0303327	0.130397	0.00939061	0.00585705	0.000933149	0.00262291
157	0.0210462	0.000739048	0.166381	0.0355419	0.0311888	0.390134	0.0374823	0.00463167	0.0443165	0.0342607	0.0141071	0.0955439	0.00202764	0.023193	0.0205096	0.00545004	0.00639036	0.00496944	0.000659943	0.0614269
158	0.0727017	0.000932841	0.0444182	0.0845088	0.00134729	0.00929885	0.0110379	0.00835927	0.0995927	0.0336921	0.0029064	0.0375807	0.282242	0.0607812	0.080019	0.0509031	0.0797536	0.0370853	0.00047342	0.00236614
159	0.087409	0.00065661	0.00144358	0.0221747	0.0124151	0.00630087	0.00118617	0.131547	0.00526251	0.203794	0.0257606	0.00584256	0.288041	0.0164787	0.0049941	0.010615	0.0260477	0.139546	0.000574735	0.00991048
160	0.0122959	0.00160558	0.0193922	0.00394867	0.0223755	0.0234605	0.130939	0.00557935	0.0039064	0.00711882	0.00603169	0.0225841	0.00213983	0.00415602	0.115697	0.166092	0.370789	0.0426225	0.001484	0.0377827
161	0.0147595	0.000167423	0.0020986	0.000750418	0.0936963	0.000590817	0.000353994	0.247539	0.000402322	0.364654	0.0993661	0.00220886	0.00409021	0.0024524	0.000470951	0.00310612	0.0111105	0.144589	0.00377196	0.00382196
162	0.0352511	0.00280188	0.00152195	0.0217609	0.0466807	0.00342479	0.0102544	0.194889	0.0178861	0.154624	0.0643629	0.00108255	0.00036064	0.0176872	0.0371893	0.0358602	0.107015	0.219381	0.00182564	0.0261422
163	0.135259	0.00370398	0.0413363	0.0462234	0.0123472	0.0250289	0.0626532	0.00531291	0.0344017	0.0404526	0.0268288	0.0513916	0.057096	0.0752191	0.122014	0.141207	0.0631757	0.0267032	0.000341283	0.0293044
164	0.0956607	0.000919518	0.00109717	0.0036265	0.0113108	0.00279618	0.000790542	0.294946	0.000429988	0.0842632	0.0347394	0.00111064	0.00602248	0.00202872	0.00272182	0.0139893	0.0437652	0.395088	0.00356165	0.00113145
165	0.149213	0.00292509	0.000532478	0.000659807	0.00388629	0.748773	0.000533143	0.0118647	0.000694772	0.00104631	0.00421165	0.000845208	0.000320902	0.000720392	0.000754615	0.0362518	0.00456568	0.0313033	0.000260106	0.000637955
166	0.143091	0.00300667	0.000494938	0.000697351	0.00331143	0.75763	0.000513015	0.0118745	0.00064083	0.00106866	0.0038111	0.000839502	0.000275784	0.000815769	0.000722586	0.0327969	0.00479029	0.032816	0.000218139	0.000585139
167	0.020293	0.00312944	0.00521771	0.00673427	0.0063288	0.00792176	0.00501961	0.0101386	0.830299	0.0110464	0.0102071	0.00796955	0.00284107	0.00858744	0.00967876	0.0161222	0.014954	0.0150722	0.0025892	0.00584971
168	0.0496081	0.000727263	0.00201837	0.00139321	0.00126889	0.00210534	0.00106812	0.00232344	0.00139847	0.00216209	0.00236338	0.0356558	0.00889919	0.00166499	0.00398039	0.223877	0.648976	0.00731919	0.00197003	0.00122101
169	0.119264	0.00260765	0.000482447	0.00130339	0.00285258	0.795359	0.000480574	0.00895355	0.000721485	0.0010988	0.00323301	0.00185466	0.000296695	0.00164199	0.000697757	0.028353	0.00383537	0.0261015	0.000231887	0.000631117
170	0.0504278	0.000558212	0.00336075	0.00152985	0.00152294	0.00229284	0.00125598	0.00222873	0.00128055	0.00215176	0.00221378	0.0370369	0.00902376	0.00155766	0.00480074	0.215657	0.652283	0.00731485	0.00202264	0.00148009
171	0.0531525	0.0273484	0.00269219	0.00300553	0.0565874	0.00436176	0.00239278	0.047832	0.0031169	0.105092	0.0439681	0.00384722	0.00153278	0.0179404	0.00396486	0.303859	0.159979	0.0668042	0.0419908	0.0505331
172	0.0459773	0.0035524	0.00397897	0.00515753	0.399686	0.00895278	0.0244606	0.0457522	0.00773707	0.0612216	0.0359185	0.00918913	0.00121764	0.0163766	0.0140939	0.0106001	0.0314911	0.0603082	0.00519876	0.20913
173	0.220028	0.00147029	0.000402742	0.00316344	0.00461659	0.00693914	0.000377433	0.174045	0.000420535	0.0675523	0.0327759	0.000630559	0.0117094	0.00298264	0.000512674	0.0290988	0.0730265	0.368752	0.000736924	0.000759661
174	0.179102	0.0021762	0.00130782	0.00353932	0.00305421	0.626111	0.00118747	0.00807753	0.00431927	0.00286031	0.00445695	0.00465764	0.00108055	0.0022223	0.00439255	0.115688	0.0056387	0.0211164	0.00462884	0.00438341
175	0.094025	0.000301338	0.00141984	0.00157311	0.111395	0.0215073	0.00117177	0.210914	0.000713792	0.132804	0.0731431	0.00186873	0.000589026	0.000922435	0.0015593	0.0225465	0.0273119	0.260042	0.00127941	0.0349127
176	0.105324	0.000717597	0.0015652	0.00211399	0.160727	0.0264032	0.00183797	0.1626	0.00185243	0.128722	0.0684397	0.00247199	0.000881677	0.00230532	0.00224747	0.0289425	0.0204774	0.239376	0.000803834	0.0421909
177	0.0478491	0.00072476	0.00903903	0.0112999	0.00344719	0.015354	0.00156557	0.0196621	0.00269933	0.0565335	0.0152387	0.0147662	0.681376	0.0110728	0.00330557	0.0176914	0.0706093	0.0147879	0.00081725	0.00215989
178	0.366178	0.00986387	0.000409586	0.000474545	0.0138911	0.0691538	0.000349318	0.115777	0.000386579	0.0882214	0.0404306	0.00147932	0.00263062	0.000611744	0.000529543	0.054799	0.0487855	0.178794	0.000172024	0.00706215
179	0.00677161	0.00310767	0.00693147	0.0459083	0.00122746	0.0101973	0.0127653	0.00198037	0.145179	0.00229446	0.00450117	0.00495943	0.000634139	0.118218	0.600307	0.00595891	0.0105396	0.0142131	0.00334767	0.000957294
180	0.0469618	0.000853807	0.00318003	0.00433357	0.301574	0.00773634	0.0109017	0.160889	0.0050039	0.0886237	0.0188971	0.00596404	0.00307851	0.0106919	0.00840112	0.0100243	0.0102129	0.117035	0.00635054	0.179287
181	0.218256	0.00155038	0.000392799	0.00320014	0.00500447	0.00733547	0.000353397	0.172621	0.000400522	0.0682672	0.0325883	0.000592756	0.0115109	0.00319667	0.000481982	0.0284513	0.0718196	0.372457	0.000752552	0.00076689
182	0.0984794	0.000789591	0.00204431	0.00410819	0.0224788	0.00414136	0.00136172	0.259868	0.000359854	0.122659	0.0481421	0.00157636	0.0034228	0.00183241	0.00215931	0.0184109	0.0445515	0.355614	0.00386261	0.00413736
183	0.095967	0.000303069	0.00144737	0.00156153	0.108955	0.022428	0.00111785	0.209666	0.000699484	0.134698	0.0729475	0.00185245	0.000578558	0.000914041	0.00154731	0.0226687	0.02713	0.259037	0.00125047	0.0352303
184	0.146719	0.00376603	0.000669334	0.00430362	0.00678043	0.00461662	0.000580321	0.197523	0.000557534	0.0658648	0.0315509	0.002838	0.00722946	0.00247568	0.00150615	0.0292775	0.0935453	0.397868	0.00165489	0.000673058
185	0.0501759	0.000734071	0.00104209	0.00557411	0.0306355	0.0017232	0.0048283	0.124726	0.0173652	0.179021	0.288752	0.00504918	0.000578635	0.00333135	0.00956698	0.0413993	0.0692893	0.163289	0.000473097	0.00244617
186	0.0252489	0.00161451	0.000653287	0.0004916	0.0108071	0.000485074	0.000249684	0.275598	0.00028896	0.253922	0.0409	0.000441538	0.000324842	0.000431527	0.000790347	0.00175133	0.0052068	0.380287	0.000245294	0.00026231
187	0.0176915	0.00145589	0.489664	0.0540607	0.0250269	0.0530341	0.0606132	0.0219275	0.0101701	0.0285253	0.00740671	0.107725	0.00209517	0.00933346	0.0351694	0.00986414	0.0271161	0.00824454	0.00141133	0.0294654
188	0.0451969	0.000403451	0.215376	0.422121	0.000878483	0.0178161	0.0199823	0.0102668	0.0202211	0.00197072	0.00574746	0.0772882	0.0006482	0.0907147	0.0178984	0.0430635	0.00678564	0.00220129	0.000394962	0.00102529
