654	20
1	0.222333	0.0037452	0.040407	0.055383	0.0031054	0.0587585	0.0152737	0.0228638	0.0564127	0.029785	0.0171363	0.0671065	0.0177234	0.0335371	0.0312123	0.155577	0.114981	0.0493767	0.000122589	0.00515921
2	0.198766	0.0120801	0.121895	0.060687	0.014456	0.0494767	0.0175349	0.0207599	0.0305009	0.0267303	0.0100293	0.040504	0.0733747	0.0264287	0.0213026	0.123424	0.112832	0.0300421	0.00107143	0.00810525
3	0.0535701	0.00102973	0.000942763	0.0021322	0.00576793	0.00250732	0.0082115	0.00107679	0.00149026	0.0195212	0.00104705	0.00402308	0.809738	0.00601154	0.0024521	0.0605758	0.00862855	0.0105116	0.000229476	0.000533418
4	0.0485159	0.0990957	0.0117446	0.0173191	0.034064	0.0195212	0.0191199	0.0294958	0.010688	0.365759	0.0381787	0.0338697	0.0769721	0.0195884	0.0177735	0.0762459	0.0335653	0.035788	0.00284019	0.00985521
5	0.0664124	0.0326512	0.0143062	0.0141766	0.00953949	0.0135763	0.130988	0.0106258	0.0426583	0.0397445	0.0357231	0.251879	0.0157413	0.0306035	0.0216735	0.144809	0.0353443	0.00920407	0.000852872	0.0794893
6	0.0519967	0.0174164	0.013624	0.01802	0.0263191	0.416952	0.0148461	0.0152097	0.0129102	0.0219057	0.0126957	0.0204297	0.00850352	0.0163124	0.0436427	0.0448433	0.0269246	0.0204502	0.188178	0.00882028
7	0.218927	0.00407108	0.0339054	0.056841	0.00270347	0.110576	0.0137563	0.0237766	0.0530681	0.0251093	0.0141956	0.0705625	0.0168747	0.0297723	0.0266489	0.142712	0.10665	0.0454409	0.000352988	0.00405528
8	0.290851	0.0289533	0.00848032	0.0178107	0.0038046	0.00522323	0.0251022	0.00834536	0.155491	0.0416921	0.0410546	0.01012	0.00560526	0.0175432	0.0586443	0.063885	0.0535151	0.159627	0.000925731	0.00332601
9	0.44051	0.00830356	0.019503	0.0112465	0.0196501	0.0109501	0.00308334	0.0123299	0.00954556	0.0127877	0.0142923	0.0107435	0.0267465	0.00566184	0.0134379	0.0929164	0.213786	0.0685144	0.000388302	0.00560306
10	0.321346	0.00580441	0.0275963	0.0516763	0.00414275	0.0381027	0.0123668	0.0176799	0.0507283	0.0266985	0.015709	0.0405331	0.0171033	0.0311373	0.0415022	0.123495	0.103252	0.0664235	0.000808818	0.00389366
11	0.0665203	0.0011349	0.258591	0.379884	0.00382349	0.0668901	0.0121027	0.00261755	0.0401617	0.0184275	0.00188583	0.0178389	0.00361006	0.0354503	0.0146939	0.028512	0.0108924	0.0190503	0.00106769	0.0168456
12	0.244775	0.00632857	0.0663825	0.0777779	0.00364937	0.0880203	0.0157612	0.0130118	0.0329982	0.0233821	0.00986511	0.0375323	0.0426174	0.0343688	0.0214519	0.146258	0.102281	0.0300647	0.00038239	0.00309097
13	0.00622569	0.0185825	0.00266256	0.00285998	0.107885	0.00335759	0.00635874	0.00492103	0.0025847	0.468974	0.285726	0.00314695	0.00201818	0.00304231	0.00570147	0.0170499	0.00784749	0.0317304	0.01239	0.00693505
14	0.198721	0.00344681	0.036259	0.0541066	0.00241527	0.0502797	0.0123902	0.0184125	0.0907543	0.0279065	0.0248377	0.0554198	0.0131062	0.0449662	0.0506818	0.160309	0.113754	0.0382319	0.000317243	0.0036847
15	0.0318106	0.166105	0.011206	0.00982268	0.0153192	0.264492	0.00779219	0.119515	0.0113041	0.0331601	0.00881009	0.013315	0.00572955	0.0132297	0.0683364	0.047184	0.0771897	0.0878278	0.00375948	0.00409189
16	0.109715	0.110125	0.0193885	0.016355	0.00361013	0.0580986	0.0163027	0.0145312	0.022993	0.0451805	0.00851899	0.119151	0.014814	0.0129441	0.0257617	0.319585	0.0608857	0.0157773	0.000940989	0.00532039
17	0.0791236	0.0139108	0.0264283	0.0380606	0.0134271	0.0299995	0.132374	0.0197179	0.0461776	0.0332633	0.0215118	0.0807127	0.0172284	0.046827	0.0480938	0.107253	0.180574	0.0360529	0.00409801	0.025166
18	0.00943608	0.00420122	0.00150871	0.00112779	0.0932723	0.0031628	0.0146419	0.0372186	0.000937434	0.732856	0.0167122	0.00131852	0.00691592	0.000985158	0.00842409	0.00632995	0.00306188	0.0559488	0.000980193	0.00096008
19	0.0327023	0.000655303	0.317675	0.403509	0.000613956	0.0351045	0.0124354	0.00308907	0.0344788	0.00614221	0.000716924	0.0395217	0.00194068	0.0451084	0.00707714	0.0272586	0.0148719	0.0134493	0.000263996	0.003386
20	0.0775122	0.00148345	0.218367	0.39005	0.00401936	0.0679478	0.0160207	0.00354926	0.0286213	0.022093	0.00235269	0.0172362	0.00860755	0.0393606	0.0100607	0.0435078	0.0184443	0.0215362	0.000865436	0.00836422
21	0.019903	0.00392118	0.000787112	0.00226916	0.00739084	0.00307906	0.00110895	0.302961	0.00176395	0.100162	0.0334418	0.000950045	0.000567077	0.00290783	0.00275178	0.0067918	0.0177003	0.489233	0.000234529	0.00207629
22	0.0180883	0.0223402	0.0111345	0.0604933	0.00729363	0.0163524	0.0650684	0.00386327	0.260697	0.0138094	0.0153362	0.0513234	0.000737361	0.0669817	0.335701	0.0245737	0.0197129	0.0027533	0.000422793	0.0033175
23	0.0214564	0.0173653	0.0119944	0.0641506	0.00477129	0.0150117	0.0527276	0.00398357	0.27783	0.0146016	0.0170483	0.0498955	0.00105936	0.073159	0.318956	0.026286	0.0254287	0.00351348	0.00019169	0.000569435
24	0.00794045	0.0128964	0.00227921	0.00316266	0.145642	0.00340858	0.0061673	0.102624	0.00307403	0.312865	0.209387	0.00278765	0.00197104	0.00427329	0.00617679	0.0144094	0.008393	0.0760234	0.00667717	0.0698414
25	0.057372	0.00458278	0.000823944	0.00599727	0.00384768	0.00290563	0.00208774	0.25294	0.00246537	0.0555507	0.0268697	0.000846295	0.000425109	0.00417554	0.00149363	0.0101617	0.0466114	0.517941	0.000193371	0.00270954
26	0.0774686	0.000749661	0.109193	0.376036	0.000577888	0.0269967	0.0294005	0.00291274	0.0718068	0.0196605	0.00498586	0.0344647	0.00475837	0.0640277	0.0320286	0.052968	0.0227769	0.0593434	0.00405587	0.00578857
27	0.0619034	0.00124518	0.243122	0.371643	0.00103266	0.042611	0.0253837	0.00732284	0.028942	0.0136686	0.00237294	0.0225821	0.00592024	0.0668237	0.00895423	0.0330723	0.0314295	0.0273128	0.000841872	0.0038156
28	0.00597067	0.00979339	0.000797496	0.00394636	0.457307	0.00100075	0.00964813	0.0039541	0.000810491	0.0644542	0.00529466	0.00139472	0.000625234	0.000869566	0.00105674	0.0283825	0.00159144	0.0300388	0.0093452	0.363718
29	0.0870673	0.00879304	0.0719053	0.0193054	0.0566593	0.0138143	0.0467668	0.0119028	0.0285998	0.0220256	0.0126987	0.0809874	0.0143944	0.107986	0.135613	0.126636	0.0353002	0.0201414	0.00252115	0.0968819
30	0.0185624	0.0196206	0.0130002	0.0668542	0.0050552	0.0177978	0.0587648	0.00333685	0.273295	0.0129705	0.0165378	0.0595212	0.000476645	0.0736602	0.315071	0.0216144	0.0215882	0.00170976	0.000139418	0.000423119
31	0.161564	0.0216902	0.0396951	0.0935652	0.00736308	0.126326	0.0313099	0.00310043	0.0107568	0.0261881	0.00249006	0.00715031	0.195656	0.0483871	0.029961	0.132404	0.04295	0.0178912	0.000491764	0.00105921
32	0.0762263	0.00326817	0.00481935	0.0180597	0.0363614	0.00418622	0.00667206	0.0955214	0.0291339	0.202171	0.0567806	0.00194521	0.0040692	0.0598149	0.0435722	0.0339293	0.081268	0.235551	0.000319177	0.0063308
33	0.0205725	0.0031527	0.00139815	0.00835827	0.0148657	0.00380112	0.00173392	0.465744	0.00200723	0.0489674	0.0313558	0.00177175	0.000862966	0.00309079	0.00374561	0.00641768	0.0248868	0.351836	0.000372568	0.00505905
34	0.0449549	0.00507479	0.0302528	0.0419499	0.00562774	0.0106551	0.00405835	0.00400484	0.165981	0.0267988	0.0307178	0.0516673	0.0188588	0.0781961	0.237659	0.105018	0.0870779	0.0445965	0.00047959	0.00637143
35	0.00538189	0.00295547	0.00197038	0.00185015	0.0181941	0.00827398	0.00119998	0.276028	0.00102687	0.385592	0.113638	0.00126217	0.000648533	0.00510048	0.0016828	0.00412269	0.00971714	0.156462	0.0011937	0.00369968
36	0.068926	0.000818991	0.126151	0.395335	0.000555503	0.0334841	0.0271034	0.00321351	0.0596304	0.0187992	0.0042641	0.0295177	0.00482139	0.0761334	0.0268269	0.0451152	0.0221925	0.0510658	0.0023394	0.00370623
37	0.0576017	0.0157186	0.0233817	0.0179392	0.00213799	0.745538	0.00599781	0.00374007	0.00618954	0.00827904	0.00210955	0.0218025	0.00314276	0.0086757	0.0152031	0.0413424	0.010475	0.00751047	0.00152053	0.00169461
38	0.222805	0.00371328	0.0383	0.0557219	0.00295841	0.0588006	0.0155239	0.0234163	0.0583265	0.0289407	0.0172643	0.0644293	0.0169136	0.0356217	0.0309316	0.155449	0.115462	0.0509612	0.000172647	0.00428818
39	0.0454114	0.00365121	0.0254846	0.00266688	0.0014846	0.0298829	0.0163457	0.00342528	0.0121421	0.00665239	0.0291052	0.0435661	0.00117398	0.00202449	0.0333712	0.27672	0.461514	0.0040387	0.000456017	0.000883293
40	0.014093	0.00687275	0.00541297	0.0056578	0.111004	0.021354	0.0100227	0.0355209	0.00333099	0.64599	0.0400279	0.00638315	0.00498973	0.00520245	0.00931123	0.0119906	0.00929445	0.0429075	0.00284345	0.00779001
41	0.02572	0.00216719	0.0236342	0.00287791	0.00220393	0.0262431	0.0208996	0.00450076	0.0149872	0.0061768	0.0250747	0.0507875	0.00114261	0.00214978	0.0387679	0.234093	0.511515	0.00568374	0.000501785	0.000873623
42	0.010143	0.000665946	0.000655633	0.00196279	0.00426463	0.00258324	0.00062008	0.386922	0.000602233	0.0554482	0.0171145	0.000757158	0.000347045	0.000989339	0.00202185	0.00404403	0.00843935	0.50024	0.000166944	0.00201178
43	0.632362	0.00146182	0.00148567	0.0106034	0.0082152	0.275473	0.00245474	0.00159606	0.00149038	0.00274571	0.001453	0.00198362	0.00863489	0.00163332	0.00198643	0.039606	0.00314634	0.0022602	0.000576585	0.00083216
44	0.0153998	0.0104774	0.019793	0.0606784	0.0037481	0.0146723	0.0878014	0.00339922	0.230537	0.0162374	0.0217385	0.0612856	0.00826768	0.251401	0.147706	0.0195153	0.0213265	0.00380682	0.00047707	0.0017315
45	0.0560155	0.00615703	0.0112722	0.0253334	0.0127052	0.0102676	0.00570252	0.245416	0.00881787	0.0853841	0.0300285	0.00885765	0.00407007	0.0109732	0.0116755	0.0244622	0.0345661	0.402441	0.00112044	0.00473375
46	0.348839	0.0137489	0.00666887	0.00520264	0.0147248	0.008848	0.00282981	0.0104117	0.00307552	0.00690439	0.00653326	0.00501774	0.0197399	0.00375677	0.00593359	0.0828043	0.378163	0.070251	0.000408056	0.00613934
47	0.673256	0.0084584	0.00555828	0.00430527	0.00504607	0.0191417	0.00244063	0.00790692	0.00358423	0.00495572	0.00237329	0.00922897	0.0104452	0.00168993	0.00306085	0.153331	0.0432538	0.0401089	0.000198401	0.00165628
48	0.014141	0.000567104	0.000627316	0.00108765	0.00206462	0.00203095	0.000539901	0.295502	0.000541245	0.0672975	0.0169225	0.00068727	0.000292714	0.000951871	0.0012516	0.00465734	0.00880285	0.580942	0.000131462	0.00096071
49	0.607934	0.00897049	0.00137638	0.00141438	0.00342278	0.0149828	0.00117602	0.00550983	0.00126935	0.00223963	0.00403268	0.00460317	0.00612197	0.000839212	0.00153165	0.223192	0.0771742	0.033511	0.000144023	0.000553889
50	0.214747	0.00349604	0.027601	0.0371149	0.00248929	0.0684999	0.0117131	0.0178581	0.057125	0.0353194	0.0224275	0.0770561	0.011531	0.0342348	0.0590951	0.14604	0.132264	0.0375083	0.00033907	0.00354015
51	0.0754353	0.0206913	0.0150597	0.0229365	0.0985456	0.109296	0.012415	0.0918621	0.0172476	0.0793578	0.0326368	0.0183018	0.012868	0.0180113	0.0238929	0.0482251	0.0794408	0.203588	0.00552355	0.0146647
52	0.0717037	0.000739628	0.102044	0.382149	0.000584345	0.0275265	0.0292879	0.00298841	0.0718704	0.0210449	0.00666745	0.0342471	0.00420169	0.0733286	0.034188	0.046827	0.0215528	0.0619968	0.00295061	0.00410169
53	0.00713102	0.00510875	0.00256694	0.0022061	0.0392503	0.00451768	0.00408262	0.104115	0.00351794	0.596985	0.134118	0.00204959	0.0017508	0.00931081	0.00576423	0.00787486	0.0105053	0.0531427	0.00325188	0.002751
54	0.390467	0.0049931	0.117748	0.0367338	0.00696283	0.0177364	0.0103219	0.01114	0.013022	0.0445223	0.00894874	0.0525498	0.00920859	0.00884838	0.0109871	0.194229	0.0271045	0.015801	0.00146917	0.0172061
55	0.106016	0.00143141	0.116015	0.337721	0.00121395	0.030039	0.0311512	0.00590878	0.0588286	0.0212872	0.00571413	0.0312845	0.00776695	0.0544783	0.0243187	0.07094	0.0322773	0.0563336	0.00273719	0.00453666
56	0.112026	0.000988889	0.168711	0.347927	0.000878633	0.0370322	0.0286792	0.00361457	0.0418491	0.0177042	0.00263031	0.0203104	0.0161235	0.0608176	0.0108043	0.0644073	0.0375947	0.024329	0.00122951	0.00234266
57	0.561778	0.00735805	0.00572276	0.0132504	0.00417766	0.0197616	0.00481874	0.0187524	0.00971762	0.0100869	0.00504795	0.024293	0.0105883	0.0057079	0.00504901	0.147276	0.0782989	0.0664298	0.000581776	0.0013026
58	0.0172259	0.0196355	0.00992368	0.0561237	0.00450825	0.0158683	0.0577882	0.00418752	0.237916	0.0159377	0.0169083	0.0401406	0.000617406	0.0691289	0.391926	0.0196291	0.0166308	0.0034621	0.000251383	0.00219141
59	0.157129	0.0208475	0.0503556	0.120351	0.00722907	0.143473	0.0292141	0.00176269	0.0116402	0.0268286	0.00151455	0.00437281	0.178699	0.0386158	0.0253797	0.130433	0.0343238	0.0163824	0.000496656	0.00095133
60	0.0233368	0.0231137	0.00877414	0.0545845	0.00397295	0.0272879	0.0500057	0.00475136	0.176943	0.0225272	0.0130811	0.0408049	0.00158301	0.0612487	0.443201	0.0215729	0.014741	0.00708133	0.000493006	0.000895705
61	0.0210187	0.00262355	0.00123114	0.0023786	0.00938733	0.00276901	0.0014054	0.286843	0.00181769	0.130973	0.0414344	0.00150208	0.000736192	0.00253794	0.00248412	0.0059614	0.0162745	0.465838	0.00038159	0.00240256
62	0.0666425	0.0124281	0.0661886	0.0630725	0.00397749	0.0209062	0.0121579	0.0119897	0.144572	0.0223499	0.0156254	0.10715	0.0142777	0.0700902	0.134702	0.105809	0.0830968	0.0361815	0.00059455	0.00818835
63	0.0763031	0.00110845	0.0941254	0.371332	0.00109958	0.0269589	0.0268392	0.00390913	0.0800564	0.0208963	0.00597514	0.0339198	0.0052214	0.0726332	0.041293	0.0500273	0.024693	0.0565192	0.00279561	0.00429426
64	0.0760527	0.290046	0.0103328	0.00955072	0.0068292	0.0161527	0.00906757	0.0311373	0.0132116	0.0413596	0.0108533	0.0632269	0.0148145	0.0051912	0.0256952	0.3051	0.0463024	0.0184915	0.00129524	0.00528921
65	0.150875	0.173563	0.00540954	0.00804499	0.00321488	0.0162998	0.0120036	0.0138713	0.0116007	0.0229902	0.00616251	0.0870527	0.0152533	0.00392072	0.0334489	0.371689	0.0475561	0.0132101	0.000818797	0.00301606
66	0.0317526	0.000808015	0.470829	0.262341	0.000675028	0.00858879	0.00561251	0.00452368	0.016452	0.00534083	0.00080366	0.0789202	0.000609304	0.0271006	0.0105007	0.0344424	0.0291442	0.00929831	0.000204102	0.00205335
67	0.0343604	0.015427	0.0202502	0.0408199	0.100669	0.0632817	0.0207954	0.0218593	0.0204343	0.0703208	0.0269298	0.0214356	0.00855308	0.020798	0.0548322	0.0415715	0.032543	0.0280411	0.323312	0.0337663
68	0.0129872	0.00079116	0.000632086	0.00134946	0.00299964	0.00248097	0.00060789	0.323559	0.000558373	0.0723826	0.0184637	0.000735255	0.000314788	0.00102749	0.00166112	0.00473057	0.00931449	0.543983	0.000144714	0.00127646
69	0.0582648	0.00230115	0.0121768	0.014651	0.0409898	0.00468711	0.00741529	0.107684	0.0395058	0.209539	0.0947514	0.00321581	0.0110939	0.0621624	0.0687498	0.0209212	0.0874065	0.148894	0.000649419	0.0049405
70	0.0332758	0.00082084	0.468394	0.213215	0.000675719	0.00527008	0.00477168	0.00512184	0.022289	0.00604447	0.00106526	0.102146	0.000926804	0.0217698	0.0121877	0.0505908	0.0433198	0.00684846	0.000315423	0.000952909
71	0.0574393	0.10465	0.0458337	0.012912	0.00309426	0.0975526	0.013645	0.0138348	0.0403233	0.0213788	0.00546578	0.172259	0.00724339	0.00758792	0.0439109	0.296172	0.0450552	0.00778977	0.00104371	0.00280814
72	0.0895073	0.00617782	0.00158207	0.0123242	0.00438688	0.00668397	0.00332709	0.278815	0.00613441	0.0547564	0.0755502	0.0017346	0.00108686	0.00934095	0.00330405	0.0266751	0.13815	0.276748	0.00039671	0.00331873
73	0.229391	0.00359755	0.0398207	0.0551711	0.00289648	0.0589854	0.0148796	0.0224313	0.0547436	0.0293502	0.0207402	0.0660565	0.0167282	0.0329238	0.0312613	0.155422	0.111858	0.0491763	0.000170272	0.00439688
74	0.0387232	0.00794657	0.0322236	0.039201	0.00246352	0.047968	0.0496835	0.00336409	0.162598	0.0114649	0.00730784	0.266453	0.00165885	0.0658257	0.149009	0.0797692	0.0303316	0.00270421	0.000332279	0.000972292
75	0.0571794	0.0129463	0.115024	0.0771262	0.0036578	0.468214	0.00836835	0.0032843	0.0201438	0.0122775	0.00334377	0.0541157	0.00855862	0.0150178	0.0166918	0.0779534	0.0336553	0.00818816	0.00178737	0.00246614
76	0.0947701	0.0210849	0.0134169	0.0193889	0.01298	0.125067	0.00950991	0.0682316	0.0259228	0.0287602	0.0107986	0.0211701	0.00794255	0.0222592	0.101205	0.0888599	0.161127	0.16047	0.00202623	0.00500952
77	0.0733598	0.012293	0.143924	0.0516807	0.00588539	0.0383498	0.1043	0.0111343	0.027476	0.0354223	0.00879429	0.147517	0.0566943	0.0476157	0.0257464	0.105779	0.0433511	0.0180401	0.000881978	0.0417549
78	0.0222334	0.00604566	0.00327707	0.00451532	0.00718635	0.00494135	0.00709428	0.288717	0.00493947	0.0555577	0.093598	0.00573973	0.00207871	0.00351229	0.00433095	0.061719	0.367761	0.0537519	0.000743866	0.00225649
79	0.0333815	0.024094	0.0170182	0.0247115	0.00437224	0.022154	0.149551	0.0044802	0.0101614	0.0904051	0.0115719	0.282947	0.0515974	0.0491628	0.00643587	0.0613613	0.0354919	0.00815661	0.0008748	0.112072
80	0.455912	0.00557006	0.00732631	0.0132995	0.00613825	0.412209	0.00315993	0.00247572	0.00267721	0.00460583	0.00157095	0.00735761	0.00791099	0.00336587	0.00526126	0.0433531	0.00936696	0.00688521	0.000625991	0.000927872
81	0.0146612	0.00216515	0.00095221	0.00305715	0.0111526	0.00373303	0.000770374	0.372261	0.00112955	0.0718226	0.0530512	0.0012024	0.000457771	0.0018287	0.00228654	0.00541023	0.0163345	0.434112	0.00025474	0.00335674
82	0.124858	0.0153493	0.0203377	0.0165601	0.00647481	0.0270065	0.0109104	0.0208911	0.0171982	0.0150072	0.0205566	0.0301164	0.00821021	0.00941042	0.0172861	0.302892	0.30935	0.0247508	0.000574731	0.00225994
83	0.307523	0.0132164	0.00762027	0.00816119	0.0106659	0.0161706	0.00369777	0.00976468	0.00943242	0.00953597	0.00903457	0.0123029	0.0159321	0.00619392	0.0078974	0.205856	0.299402	0.0432136	0.00059792	0.00378127
84	0.0616912	0.01649	0.0159339	0.0157494	0.0023494	0.768226	0.0042318	0.00449002	0.00452875	0.00718454	0.00226442	0.0173786	0.00389319	0.0066333	0.0135431	0.033754	0.0110818	0.00641844	0.00277645	0.0013813
85	0.0276655	0.0139384	0.00827619	0.0119028	0.349478	0.00707087	0.0129737	0.0318115	0.00760181	0.151208	0.0243085	0.0100535	0.00898721	0.00691114	0.00936813	0.0312447	0.0223081	0.0477988	0.0154338	0.201659
86	0.0578594	0.0159833	0.015678	0.0146619	0.00169611	0.772757	0.00517848	0.00262738	0.00683566	0.00587168	0.00201085	0.01707	0.00464898	0.00597105	0.0176258	0.0359801	0.00911084	0.00471641	0.00199734	0.00172005
87	0.635081	0.00203087	0.00160558	0.0094305	0.00720448	0.252864	0.00251941	0.00227091	0.00160105	0.00263737	0.00157742	0.00282128	0.00797744	0.00166127	0.00222089	0.0509659	0.00604935	0.00825179	0.000539115	0.00069047
88	0.226366	0.0296123	0.0197427	0.022821	0.00869525	0.0244121	0.0589868	0.0119268	0.0357425	0.0242004	0.0126092	0.123012	0.00895776	0.0172918	0.0166938	0.184247	0.134596	0.027146	0.000548474	0.0123914
89	0.129983	0.201094	0.00633959	0.0102273	0.00436492	0.0148647	0.00936626	0.017886	0.010647	0.0284033	0.009095	0.06469	0.0161484	0.0044859	0.0238485	0.367333	0.0599412	0.0168024	0.000988049	0.00349172
90	0.0374846	0.0127039	0.0168729	0.0417157	0.00379956	0.0223308	0.122486	0.0051416	0.189592	0.0142094	0.0121831	0.11917	0.00218496	0.0586266	0.245157	0.0479542	0.0220643	0.004945	0.00053865	0.0208398
91	0.0474192	0.0134413	0.0193144	0.0456176	0.00658165	0.02627	0.0410718	0.00862529	0.125143	0.0280658	0.0211994	0.0531681	0.0112646	0.101924	0.299204	0.0783959	0.0426583	0.022429	0.00203342	0.00617301
92	0.0383256	0.0171259	0.0178419	0.0482562	0.0058272	0.0452036	0.045515	0.0082344	0.120459	0.0211579	0.0141696	0.0484855	0.00803421	0.0768843	0.385855	0.0414719	0.0266979	0.0201929	0.0065149	0.00374685
93	0.0675379	0.0128892	0.00568003	0.0103165	0.0132699	0.00976092	0.00965853	0.201923	0.0156339	0.0616662	0.0661892	0.0124111	0.00602557	0.0100086	0.0133649	0.0622622	0.283418	0.131967	0.00173937	0.00427805
94	0.0524075	0.00610774	0.0409117	0.0368719	0.00217971	0.0462335	0.0407273	0.00613427	0.123938	0.0148553	0.00764456	0.270007	0.00405381	0.0689082	0.127404	0.097101	0.0450925	0.0067216	0.000395854	0.00230432
95	0.0273229	0.00242755	0.094432	0.276003	0.00194335	0.0473597	0.0273621	0.00354262	0.118058	0.0103489	0.00516458	0.133903	0.00470277	0.138879	0.0214078	0.0509864	0.0192511	0.0138883	0.00110762	0.00190959
96	0.132764	0.0144669	0.0115582	0.021048	0.125632	0.147839	0.0104426	0.0268478	0.0149952	0.0279922	0.0134412	0.0205308	0.0149367	0.0129352	0.0189144	0.0590913	0.200231	0.114811	0.00441713	0.00710535
97	0.229126	0.00398753	0.039321	0.0550682	0.00310314	0.0615095	0.0156177	0.0218228	0.0542567	0.0294237	0.0167601	0.0624218	0.0200075	0.0345759	0.032282	0.152276	0.111665	0.0520361	0.000154983	0.00458432
98	0.116255	0.00755977	0.172801	0.200466	0.0159315	0.220884	0.00950939	0.00533542	0.0143659	0.0305295	0.0039422	0.0190022	0.0304364	0.0139909	0.0108842	0.0833656	0.0260646	0.0103526	0.0011194	0.00720354
99	0.0137956	0.00539993	0.00500393	0.00438453	0.0458493	0.00663316	0.00744373	0.0910352	0.00425467	0.638077	0.0543908	0.00629178	0.00374205	0.010288	0.00795562	0.0117019	0.0102325	0.064669	0.00315221	0.00569947
100	0.0557654	0.0111064	0.0466501	0.0803538	0.00916771	0.0261979	0.05922	0.0168411	0.075933	0.0560348	0.0217858	0.0538619	0.0138568	0.269309	0.0715952	0.0557752	0.0378858	0.0271638	0.00138367	0.0101127
101	0.0853632	0.00579752	0.0139781	0.0545583	0.0140725	0.00694205	0.0070862	0.0185144	0.211371	0.0204781	0.034101	0.0460149	0.00542121	0.0887105	0.175737	0.0506291	0.116036	0.0424177	0.000477278	0.00229458
102	0.0572066	0.00502833	0.166314	0.364947	0.00397317	0.0426606	0.0182597	0.0104844	0.0542622	0.0235787	0.0067426	0.0400549	0.00905419	0.0503791	0.0271796	0.0460345	0.0305074	0.0371121	0.00162116	0.00459936
103	0.00648273	0.00483197	0.00308997	0.00215896	0.039352	0.00498995	0.00473574	0.0989809	0.00231307	0.616497	0.126889	0.00223873	0.00146008	0.00875241	0.00465716	0.00779924	0.00805677	0.0504747	0.00343374	0.0028055
104	0.0103232	0.00261695	0.00091862	0.00288257	0.0101398	0.00361294	0.00105466	0.386663	0.00148481	0.116783	0.0370321	0.00141992	0.000977549	0.00166984	0.00308928	0.00560682	0.014678	0.39584	0.000583815	0.00262309
105	0.0374134	0.0195972	0.019654	0.0481665	0.00739283	0.0312589	0.0453606	0.0119079	0.14613	0.0318046	0.0189406	0.0533469	0.0140258	0.0631189	0.342586	0.0439246	0.0313318	0.0223523	0.00672972	0.00495687
106	0.00558915	0.0103841	0.000929734	0.00433932	0.457801	0.00119961	0.0119674	0.00435583	0.00101484	0.0571099	0.00573529	0.00162001	0.000716938	0.000941723	0.00114637	0.0253093	0.00191932	0.0349742	0.00967427	0.363271
107	0.0316961	0.013736	0.0105308	0.0245542	0.0522622	0.0152224	0.0211889	0.0366097	0.0556987	0.429002	0.0352417	0.0184481	0.00743062	0.028557	0.111525	0.0292547	0.02724	0.0449487	0.00304947	0.0038038
108	0.0613542	0.0307276	0.0463563	0.0332164	0.010329	0.0250424	0.0211287	0.0803593	0.0409184	0.0392732	0.0171902	0.293777	0.0132213	0.0185273	0.0329937	0.129172	0.0542945	0.0397799	0.00205376	0.0102847
109	0.566176	0.0148816	0.00429784	0.00624869	0.00862873	0.0113708	0.00344613	0.0154033	0.00599123	0.00869095	0.00498711	0.00756194	0.0194862	0.00365925	0.0054328	0.0932003	0.134427	0.0826484	0.000418816	0.0030428
110	0.215834	0.0124628	0.0158759	0.0109389	0.00286616	0.624259	0.00362014	0.00249067	0.00474909	0.00503348	0.00201133	0.0157086	0.00516661	0.00456157	0.0102722	0.0452539	0.0107559	0.00560555	0.00140231	0.00113159
111	0.0248563	0.00164658	0.00063347	0.00227927	0.00263808	0.00235239	0.000813163	0.287473	0.000878628	0.0629328	0.0181596	0.00072428	0.000303865	0.00164642	0.00126203	0.00580996	0.0166445	0.56744	0.000140158	0.00136472
112	0.00349305	0.00622553	0.00106124	0.00169086	0.0454263	0.0042168	0.00122618	0.326463	0.00128228	0.184299	0.217307	0.00151204	0.000931109	0.00122462	0.00196205	0.00314137	0.00959424	0.178728	0.000535622	0.00967912
113	0.0426189	0.0146306	0.0352562	0.0145171	0.00111112	0.727864	0.00371855	0.00207514	0.00578745	0.00442569	0.0013222	0.0394907	0.00204977	0.00374981	0.0122393	0.0658548	0.0180382	0.00330438	0.00118017	0.00076605
114	0.124857	0.0124429	0.0617094	0.0458353	0.00419653	0.0278627	0.0114649	0.0391489	0.0647108	0.022488	0.00842822	0.166305	0.0259607	0.0306835	0.0280772	0.154594	0.129285	0.0246433	0.000443173	0.0168628
115	0.0624528	0.00926735	0.233783	0.0359559	0.00106396	0.174733	0.00707244	0.00154696	0.0286377	0.00302379	0.00127745	0.144637	0.00100074	0.00235482	0.01777	0.187862	0.0846351	0.00200408	0.000304691	0.00061701
116	0.0625937	0.0109553	0.225075	0.0337556	0.000890341	0.175278	0.00779282	0.00190738	0.0287976	0.00321145	0.00120401	0.144195	0.00088612	0.0026663	0.018591	0.194235	0.0851539	0.00181131	0.000334703	0.000665093
117	0.0320347	0.0264153	0.0166425	0.0277712	0.00428474	0.0214327	0.145592	0.00450852	0.0106189	0.0933555	0.011983	0.288693	0.0499804	0.0473293	0.0060443	0.0615588	0.0384	0.00785969	0.00087789	0.104618
118	0.0482955	0.0113029	0.00466553	0.0261864	0.02465	0.00837559	0.030427	0.0643632	0.0368413	0.0129409	0.0270935	0.0167392	0.00857515	0.00592161	0.00570252	0.122789	0.432389	0.109013	0.00187258	0.00185594
119	0.00873368	0.00639727	0.00268197	0.00220729	0.0412583	0.00444205	0.00431376	0.095816	0.00363668	0.618231	0.12094	0.00267319	0.0016962	0.00992928	0.00574224	0.00739349	0.00832565	0.0494854	0.00337437	0.00272209
120	0.0684353	0.00237865	0.00355689	0.00597748	0.00688534	0.00679498	0.00851499	0.00323314	0.00317537	0.0201654	0.00153063	0.00576361	0.753089	0.00795117	0.00343907	0.0730727	0.0133409	0.0112415	0.000327122	0.0011267
121	0.177022	0.0146316	0.0239849	0.0483756	0.00348884	0.0259667	0.0229507	0.0154398	0.0830336	0.0346364	0.0175954	0.0418928	0.0261345	0.0584427	0.0907444	0.122513	0.0930783	0.0879828	0.000399283	0.0116869
122	0.348717	0.012108	0.00719936	0.00386594	0.0268518	0.00534932	0.00166242	0.0123619	0.00192526	0.00685747	0.00646388	0.00331857	0.0253201	0.00299859	0.00525089	0.0698541	0.361022	0.0868083	0.000389002	0.0116763
123	0.279287	0.012627	0.00437529	0.00456722	0.0124951	0.00591442	0.00236947	0.00901379	0.00225	0.00596402	0.00448401	0.00434842	0.0210024	0.00417499	0.003878	0.090959	0.453904	0.0720634	0.000443147	0.00587882
124	0.0198677	0.0233669	0.00948318	0.0558852	0.00440208	0.0179615	0.0531672	0.00433974	0.226095	0.0157454	0.0146942	0.0392461	0.000733888	0.065286	0.40611	0.01995	0.0166428	0.00618159	0.000239559	0.000602332
125	0.49374	0.0071806	0.0198174	0.0251934	0.00659036	0.0891062	0.0187999	0.00943783	0.0169169	0.01249	0.00625791	0.0278533	0.023952	0.0143627	0.0133824	0.131717	0.0487103	0.0306535	0.000548042	0.00329019
126	0.504632	0.0128308	0.00265904	0.00259802	0.00355139	0.0161175	0.00185488	0.00504814	0.00210221	0.0039137	0.00667477	0.00632673	0.00726195	0.00135334	0.00277929	0.276603	0.11678	0.0260044	0.000206037	0.000702666
127	0.0532062	0.0101092	0.0183399	0.0795652	0.0136046	0.0148195	0.0157147	0.135426	0.0756186	0.0672817	0.133687	0.0282525	0.00909536	0.0392468	0.108655	0.0485051	0.0629239	0.0738469	0.00707424	0.00502749
128	0.132448	0.0230827	0.0168605	0.0260631	0.0331865	0.019773	0.0110096	0.0545155	0.0227905	0.267837	0.0175934	0.0279875	0.0576087	0.0147399	0.0148186	0.132961	0.0656973	0.0507052	0.0023012	0.00802152
129	0.103293	0.0119473	0.00487727	0.0148473	0.00920114	0.00852864	0.00660188	0.183732	0.011006	0.0446632	0.0265242	0.00775741	0.00500504	0.00887591	0.00673012	0.0467239	0.128772	0.36573	0.00105218	0.00413196
130	0.0276592	0.0149211	0.0095136	0.0366163	0.00470054	0.0179009	0.123534	0.00450453	0.115893	0.0205339	0.0156587	0.0420526	0.00495539	0.0995166	0.387564	0.0274172	0.0171188	0.0101172	0.000851525	0.0189713
131	0.152026	0.0168009	0.00143573	0.00935326	0.00620365	0.00424579	0.00769813	0.18597	0.00430229	0.035246	0.0197981	0.00186427	0.00107053	0.00745621	0.00266349	0.023595	0.120636	0.393208	0.000343632	0.00608237
132	0.0555121	0.0295977	0.052396	0.0290806	0.00424206	0.029204	0.0268375	0.0177707	0.0389927	0.021956	0.00917261	0.371104	0.00750115	0.0195169	0.0353812	0.176491	0.0532069	0.0105971	0.00130778	0.0101324
133	0.126558	0.121795	0.0105554	0.0119777	0.00358013	0.0188569	0.0190941	0.0177484	0.0205415	0.0238552	0.00940911	0.113616	0.0125724	0.00481748	0.0184048	0.300812	0.145962	0.0149781	0.000930184	0.00393507
134	0.028352	0.00858116	0.0163673	0.0543376	0.00410101	0.014216	0.0415765	0.00785837	0.306698	0.021469	0.0226964	0.0478631	0.00586999	0.174987	0.160735	0.0356229	0.0348052	0.0111732	0.00107174	0.00161846
135	0.049455	0.0168296	0.021441	0.0171282	0.00504854	0.737242	0.00827758	0.00754874	0.00573602	0.00824831	0.00299018	0.0213753	0.00539844	0.00972524	0.0152917	0.0404827	0.0113981	0.00983829	0.00211477	0.00443073
136	0.00549493	0.00986715	0.00093984	0.00448942	0.453694	0.00115704	0.0101966	0.00389489	0.000883825	0.0595487	0.00578464	0.00139361	0.000658421	0.000917959	0.0010793	0.0255389	0.00184337	0.0293133	0.00994997	0.373354
137	0.162872	0.0318388	0.0435481	0.0361629	0.018232	0.0567096	0.0161161	0.016224	0.030013	0.0273322	0.0153073	0.0718423	0.0235298	0.0188403	0.0271205	0.254401	0.11183	0.023389	0.00094939	0.0137424
138	0.0883463	0.0156816	0.0205419	0.0213906	0.00208677	0.714836	0.00523868	0.00241794	0.00569856	0.00849146	0.00251579	0.0207591	0.00404405	0.00767044	0.0159437	0.0428748	0.0114963	0.00612546	0.00158587	0.00225482
139	0.0584005	0.00925909	0.00538349	0.00956987	0.0120814	0.0146007	0.00917351	0.252243	0.0107316	0.0591588	0.0748156	0.00817479	0.00537282	0.00798549	0.00935873	0.0469695	0.249876	0.152337	0.00106988	0.00343801
140	0.0419941	0.017913	0.0186307	0.0540143	0.00786266	0.0322294	0.0424517	0.0156074	0.151575	0.0293015	0.0187071	0.0545576	0.00664815	0.0613268	0.325991	0.0454211	0.040602	0.0227073	0.00728372	0.00517592
141	0.0198407	0.00999382	0.00654119	0.0109679	0.267623	0.0232902	0.0193033	0.0111536	0.00750403	0.0603153	0.0155839	0.0133766	0.00458549	0.00838994	0.0296026	0.0275085	0.0165064	0.0249502	0.272157	0.150807
142	0.0530086	0.00552413	0.0961898	0.275417	0.00309543	0.0331943	0.0288432	0.00635573	0.149902	0.0173274	0.0104578	0.0469453	0.00786842	0.0688636	0.088303	0.0458288	0.0290208	0.0284147	0.00157944	0.00386111
143	0.026031	0.00336235	0.0027338	0.00419857	0.015004	0.00528077	0.00271018	0.294873	0.00590887	0.131958	0.157576	0.0026046	0.00289827	0.00742811	0.00843294	0.0223096	0.18894	0.114141	0.000425283	0.00318322
144	0.00742847	0.00667742	0.0029662	0.00241173	0.0362023	0.00480069	0.0041992	0.114156	0.00355815	0.594607	0.125566	0.00197481	0.00184253	0.00909462	0.00639991	0.00704835	0.0084489	0.0569411	0.00316745	0.00250934
145	0.067582	0.000910683	0.105942	0.394924	0.000667857	0.0290076	0.0296372	0.00321738	0.0670309	0.0200222	0.0052376	0.0335181	0.00482422	0.072319	0.0341157	0.0471442	0.0213633	0.0557167	0.00277153	0.00404747
146	0.501974	0.0120201	0.00493265	0.00306069	0.0107877	0.00779783	0.00149964	0.0127106	0.00199993	0.00574173	0.00497921	0.0045061	0.0158426	0.00279015	0.00442717	0.0828082	0.242436	0.0750165	0.0002618	0.00440674
147	0.0113059	0.00509635	0.00111295	0.00292252	0.0328244	0.00423363	0.00115117	0.342402	0.00180524	0.155326	0.185976	0.00150801	0.000971607	0.0021478	0.00202008	0.00632753	0.0329855	0.202385	0.000465049	0.00703324
148	0.235286	0.00921958	0.0134244	0.0418044	0.00937301	0.0336419	0.00638802	0.0203738	0.0241157	0.0214726	0.0121908	0.0227152	0.017364	0.0223004	0.0114135	0.115129	0.266731	0.112013	0.00109581	0.00394831
149	0.134951	0.00381584	0.0180296	0.035853	0.00321163	0.0287952	0.00570027	0.0148544	0.205253	0.0373837	0.0479569	0.0407349	0.00755189	0.067919	0.0816869	0.12896	0.107732	0.0269035	0.000490263	0.00221679
150	0.0100474	0.0024541	0.00398579	0.00177712	0.178096	0.00460427	0.0101877	0.025889	0.00152723	0.681976	0.0117611	0.00626672	0.00415545	0.00155997	0.00707909	0.00600539	0.0033063	0.0349092	0.000816728	0.00359529
151	0.00386274	0.0010049	0.00347122	0.000848846	0.00413785	0.00529335	0.0012645	0.148004	0.000750377	0.685731	0.0785924	0.000847778	0.000504292	0.0109344	0.00108539	0.00253793	0.00614688	0.0423924	0.00195227	0.000637289
152	0.0703419	0.0311772	0.0516787	0.0282531	0.00562511	0.0407567	0.0253603	0.0160113	0.0389889	0.0250533	0.0101302	0.322145	0.0149225	0.0206038	0.0326451	0.17812	0.0623668	0.0146194	0.00117471	0.0100256
153	0.166235	0.0755129	0.00761475	0.00762533	0.00267544	0.0120805	0.0570312	0.0102302	0.0439249	0.0289125	0.00634801	0.208558	0.00702633	0.00499799	0.0120618	0.226347	0.0949016	0.0205884	0.000780344	0.00654727
154	0.0412569	0.00521704	0.0422323	0.0556801	0.00181735	0.0548701	0.0511826	0.00388842	0.113375	0.0132617	0.00582965	0.295368	0.00231375	0.0775435	0.113289	0.0863677	0.0298631	0.00412711	0.000503233	0.00201327
155	0.0155294	0.000675968	0.000619832	0.00127755	0.00221822	0.00215791	0.000586253	0.293489	0.000617846	0.0693738	0.0179787	0.0007117	0.000318209	0.00116523	0.00125382	0.0050341	0.0105428	0.575316	0.000131523	0.00100209
156	0.0210538	0.0114872	0.00498887	0.0118005	0.0208536	0.00645435	0.0344329	0.0708614	0.0216683	0.00804671	0.0278731	0.020092	0.00227176	0.00300357	0.00947547	0.141177	0.503677	0.0782943	0.000826437	0.00166147
157	0.0513087	0.000888382	0.000979665	0.00211436	0.00569283	0.00261104	0.00814695	0.0010187	0.00092265	0.0195153	0.000943788	0.00382052	0.817826	0.00618192	0.00213058	0.0599581	0.00591775	0.00931698	0.000223108	0.000483168
158	0.0318373	0.0892062	0.0122364	0.0929944	0.00740304	0.0129759	0.0156307	0.0558194	0.12265	0.103279	0.0187682	0.0231586	0.00782489	0.0227753	0.17303	0.155667	0.030773	0.0163973	0.00176106	0.00581184
159	0.00567725	0.00183311	0.00128867	0.00201772	0.0088239	0.00426123	0.00128662	0.362967	0.0011365	0.255043	0.0430636	0.00153542	0.000853146	0.00229288	0.00247493	0.00436112	0.00755803	0.289591	0.00145692	0.00247796
160	0.0574797	0.00303391	0.00418345	0.00850343	0.00709229	0.00854446	0.0100433	0.00278465	0.00362554	0.0221851	0.00263469	0.00786077	0.753131	0.0100208	0.00837702	0.0654287	0.0116705	0.0118038	0.000326545	0.00127053
161	0.0116433	0.00284409	0.00210587	0.00331834	0.0479901	0.00401958	0.00741158	0.110002	0.0050277	0.605179	0.0433798	0.00174013	0.00338566	0.00740028	0.00743191	0.00735751	0.00947208	0.117048	0.00133985	0.00190265
162	0.0297387	0.0178473	0.0133959	0.0488043	0.00424398	0.0198072	0.101808	0.00603394	0.146765	0.0191673	0.0138773	0.0461915	0.00384124	0.0675102	0.382397	0.0344247	0.0198341	0.0101029	0.000979519	0.0132301
163	0.0614837	0.0161185	0.0225302	0.0244122	0.00293281	0.73009	0.00559255	0.00413774	0.00944072	0.00625008	0.00288196	0.0210006	0.00389134	0.00894109	0.015653	0.0415608	0.0130828	0.00582945	0.00263546	0.00153491
164	0.104679	0.0128433	0.00804619	0.00246186	0.00172558	0.0203799	0.00649359	0.00275037	0.00573311	0.00813817	0.0191594	0.016087	0.000913406	0.00209369	0.0106881	0.468274	0.304014	0.00414797	0.000432653	0.00093935
165	0.0100873	0.000887345	0.000728907	0.00250326	0.00639548	0.00319656	0.000762294	0.428814	0.000751742	0.0631616	0.0207052	0.000992989	0.000380352	0.00136967	0.00251334	0.00450965	0.0109038	0.438592	0.000217826	0.00252683
166	0.1203	0.0150896	0.0219404	0.0157501	0.00787394	0.0314527	0.0144476	0.0225701	0.0206549	0.0182323	0.0212027	0.0374682	0.0112862	0.0154388	0.023161	0.256096	0.309536	0.0326665	0.00107018	0.00376359
167	0.63788	0.00642789	0.00840904	0.00814535	0.00527379	0.0291038	0.00415076	0.00926787	0.0074088	0.00664489	0.0045561	0.0123521	0.00929033	0.00436562	0.00496848	0.140711	0.0576805	0.0407549	0.000735665	0.00187333
168	0.107381	0.157792	0.0150439	0.0133652	0.0110895	0.0275496	0.0128122	0.0267957	0.0177801	0.0370327	0.0123588	0.0748072	0.0157773	0.0120763	0.0269732	0.325454	0.0723173	0.0238924	0.00151707	0.0081846
169	0.0507969	0.017769	0.0192876	0.011622	0.00169075	0.741415	0.00457689	0.00350157	0.00510249	0.00687525	0.00208744	0.0230672	0.00385195	0.00647546	0.0141432	0.062237	0.0178836	0.00482123	0.00157971	0.00121581
170	0.0618725	0.00723628	0.295435	0.199017	0.0040388	0.0508485	0.0137382	0.0116654	0.0373293	0.0229498	0.00555095	0.0791916	0.00901649	0.0325359	0.0263519	0.073679	0.0449147	0.017656	0.00142919	0.0055438
171	0.00888805	0.00225179	0.00198567	0.00145189	0.0271001	0.00375851	0.00365509	0.154627	0.00143836	0.588397	0.0575427	0.00117115	0.0019736	0.00574657	0.00396912	0.00476553	0.00838883	0.120062	0.00128411	0.00154364
172	0.00907378	0.00565583	0.00127312	0.0024458	0.0368336	0.00384337	0.00128065	0.30257	0.00172126	0.183311	0.199294	0.00148351	0.00100306	0.00236414	0.00275778	0.00527009	0.0214156	0.209379	0.000563109	0.00846099
173	0.0603869	0.00427645	0.00422108	0.00936372	0.00634255	0.0105081	0.0104009	0.00405718	0.00447014	0.0234273	0.00233456	0.00906006	0.737698	0.0100198	0.00675975	0.0683604	0.0139395	0.0126768	0.000307426	0.00138943
174	0.00883154	0.00449333	0.002233	0.00182322	0.13083	0.0034998	0.0114762	0.0426499	0.00154538	0.654638	0.0374937	0.00333362	0.00423335	0.00194655	0.00760924	0.0082464	0.00706057	0.0464187	0.00248274	0.0191541
175	0.540933	0.0136157	0.00666973	0.00744181	0.00632068	0.0291531	0.0034392	0.00803993	0.0071081	0.00663234	0.00668834	0.0119273	0.0111789	0.00408997	0.00458432	0.221192	0.0733737	0.0357348	0.000273458	0.00160436
176	0.0212562	0.0123725	0.012759	0.0150059	0.35024	0.0143822	0.0277436	0.00850389	0.0108073	0.0568837	0.00873433	0.0263183	0.00481237	0.00971496	0.012603	0.037582	0.0107883	0.031739	0.0103712	0.317382
177	0.0183092	0.00316003	0.00110553	0.00418544	0.0106256	0.00467492	0.0014263	0.408842	0.00192621	0.0814488	0.0412042	0.00136841	0.000617739	0.00285851	0.00349096	0.00771747	0.0248048	0.378328	0.000356039	0.0035508
178	0.678832	0.00563108	0.003998	0.00412697	0.00485207	0.0158528	0.00211594	0.00859342	0.00411989	0.00429484	0.00280828	0.00785515	0.0085632	0.00250615	0.00307171	0.110334	0.076442	0.0544583	0.000102223	0.00144225
179	0.546345	0.00451905	0.00288744	0.0106482	0.00696925	0.339313	0.00268192	0.00185975	0.00178923	0.0032884	0.00141901	0.00368606	0.00801886	0.00223369	0.00412569	0.0450964	0.00650998	0.00684437	0.000985892	0.000777956
180	0.00655135	0.00676252	0.000910167	0.00115844	0.0609861	0.00292626	0.00687056	0.156235	0.00083771	0.515511	0.0887107	0.0011451	0.00324158	0.00103319	0.00432468	0.00455805	0.00542141	0.128228	0.000404664	0.00418341
181	0.00437126	0.00154521	0.00228412	0.00132512	0.0137554	0.00422625	0.00198341	0.197509	0.000944376	0.572285	0.0715817	0.0011659	0.000930161	0.00704585	0.00209317	0.00288648	0.00525788	0.105951	0.00149947	0.0013581
182	0.0273612	0.00221742	0.00238054	0.00279303	0.00278182	0.00379767	0.00270361	0.284717	0.00282326	0.0741871	0.147842	0.00275086	0.00174112	0.00288105	0.00352426	0.0387357	0.334103	0.0608929	0.000517607	0.00124921
183	0.0485081	0.0284251	0.0154488	0.00887942	0.0011908	0.745213	0.00503453	0.0039076	0.0060746	0.00736172	0.00211137	0.0351815	0.0027248	0.00574702	0.0139646	0.0480831	0.0134774	0.00552367	0.00137586	0.00176735
184	0.038715	0.0190155	0.0166421	0.0473708	0.0107785	0.0251633	0.0474269	0.0168436	0.160019	0.0366795	0.0209124	0.0503377	0.00569142	0.0582431	0.348167	0.041477	0.0277289	0.0188407	0.00359097	0.00635691
185	0.143304	0.0185985	0.0391603	0.0900763	0.00705496	0.125502	0.0340016	0.00207877	0.00768376	0.0209913	0.00157172	0.00537194	0.241751	0.0527056	0.0279243	0.123633	0.0436177	0.0135515	0.000468295	0.000954779
186	0.0485836	0.0176336	0.19072	0.0576738	0.0019937	0.060119	0.0128891	0.0140931	0.0307544	0.013586	0.00429498	0.282634	0.00652652	0.0154093	0.0292753	0.153066	0.0491331	0.00660947	0.000611517	0.00439355
187	0.540603	0.0447627	0.00224249	0.00235072	0.00422891	0.0130265	0.00215871	0.00660473	0.00269301	0.0039678	0.00499349	0.00988814	0.00738965	0.00150776	0.00495576	0.26308	0.0425507	0.041405	0.000434991	0.00115638
188	0.1249	0.00604545	0.00874884	0.0587715	0.0123992	0.00554032	0.00384261	0.0331562	0.207733	0.0296977	0.0361832	0.0293274	0.0037306	0.0924048	0.127751	0.0334939	0.123599	0.0609775	0.000514643	0.00118334
189	0.757418	0.004421	0.00163791	0.00184108	0.00291666	0.0159424	0.00111515	0.00671002	0.0011123	0.00141935	0.00105167	0.00475991	0.00593313	0.00069723	0.00103013	0.116227	0.0279713	0.0473943	0.000104534	0.000297462
190	0.0729165	0.028374	0.00256501	0.00891322	0.0435192	0.00542545	0.00655478	0.205457	0.00509752	0.0557798	0.0159077	0.00465911	0.00178335	0.00699483	0.00425338	0.0230834	0.182461	0.309742	0.000551248	0.0159617
191	0.180764	0.0246704	0.0742129	0.0282118	0.00543061	0.141628	0.00877011	0.0120047	0.0411775	0.0345188	0.0089376	0.0361706	0.0102004	0.0152304	0.0160058	0.120328	0.215361	0.0215756	0.00106512	0.00373688
