250	20
1	0.032908	0.076774	0.00267608	0.00524241	0.00176607	0.0320486	0.0578509	0.0193253	0.00577445	0.00636719	0.00625836	0.35916	0.00180868	0.00467021	0.0183118	0.237314	0.0898746	0.0259301	0.00103815	0.0149017
2	0.0314226	0.0148034	0.0172994	0.0365082	0.00327295	0.0200512	0.0305215	0.0169587	0.273077	0.0151551	0.00598534	0.074724	0.0163622	0.0548684	0.233059	0.0752784	0.0556784	0.0164662	0.00320708	0.00530146
3	0.0162742	0.00719122	0.000264258	0.000833657	0.00698223	0.00275671	0.00040429	0.331879	0.000433224	0.0369659	0.0168453	0.00246618	0.000375736	0.000568819	0.00213138	0.0057596	0.0059395	0.558076	9.33831e-05	0.00375938
4	0.0424063	0.0139098	0.00438724	0.00178212	0.00167055	0.0136457	0.00204633	0.00649243	0.00586061	0.00284505	0.00278117	0.0115498	0.00385133	0.00287765	0.0148826	0.386627	0.473948	0.00613461	0.000573961	0.00172753
5	0.0162742	0.00719122	0.000264258	0.000833657	0.00698223	0.00275671	0.00040429	0.331879	0.000433224	0.0369659	0.0168453	0.00246618	0.000375736	0.000568819	0.00213138	0.0057596	0.0059395	0.558076	9.33831e-05	0.00375938
6	0.0164095	0.00738789	0.000267765	0.000883676	0.0070534	0.00277128	0.000421187	0.3305	0.000440109	0.0369456	0.0168575	0.0024576	0.00038335	0.000655765	0.00223098	0.0058384	0.00608788	0.55857	0.000124334	0.00371361
7	0.0227309	0.00116807	0.0163077	0.0109653	0.000715879	0.880292	0.0014835	0.0017989	0.00946753	0.00235969	0.00120582	0.00216462	0.000895797	0.00172177	0.0136059	0.0126873	0.002181	0.00619123	0.0106322	0.00142516
8	0.281709	0.110912	0.00145528	0.00380929	0.00124264	0.0220397	0.00231855	0.0682601	0.00307777	0.0302062	0.00404995	0.0138602	0.00190397	0.00455328	0.00802995	0.0756957	0.136237	0.220776	0.000614383	0.00924907
9	0.0219642	0.00139378	0.0461691	0.0128094	0.000717631	0.811532	0.00514408	0.00195965	0.0109074	0.00292905	0.0021067	0.0173883	0.000801931	0.00245856	0.0152373	0.0282326	0.00282504	0.00615444	0.00749739	0.0017714
10	0.0736159	0.0150207	0.0174535	0.011787	0.0152264	0.0128204	0.0229737	0.03899	0.0635824	0.0334627	0.173768	0.145042	0.00642274	0.0949491	0.0187875	0.137433	0.020962	0.0878659	0.00279352	0.00704296
11	0.0279832	0.0102698	0.00110255	0.00374848	0.00814184	0.00952263	0.00172402	0.306596	0.00262111	0.0605273	0.0215154	0.00433722	0.000715829	0.00223502	0.00427152	0.00999198	0.0130023	0.507266	0.000293557	0.00413403
12	0.0222185	0.00128578	0.0538955	0.0164179	0.000920974	0.79205	0.0061782	0.00182971	0.01144	0.00256997	0.00160097	0.0204609	0.00145076	0.00317672	0.0159869	0.0309332	0.00363147	0.00544746	0.00713219	0.00137336
13	0.00980273	0.00422523	0.000871484	0.00139066	0.0158021	0.0026904	0.0020217	0.355823	0.00264335	0.319591	0.0477865	0.00360409	0.00236065	0.00405458	0.00195008	0.00717529	0.00972597	0.204364	0.000902081	0.00321484
14	0.425611	0.0255841	0.00672453	0.0157763	0.00501079	0.0768816	0.00747151	0.0263954	0.0136464	0.0173063	0.00862755	0.0243291	0.0339451	0.0121485	0.0196461	0.172783	0.0657964	0.0356238	0.00119586	0.00549679
15	0.305981	0.15241	0.00129429	0.00337313	0.00108481	0.0160708	0.00196857	0.074481	0.00200613	0.0276443	0.00295593	0.00638622	0.00285094	0.00265319	0.00788341	0.0878271	0.114814	0.182891	0.00054309	0.00488123
16	0.307625	0.101247	0.00129366	0.00383038	0.00117573	0.012558	0.00143228	0.0738999	0.00189921	0.0313011	0.00724079	0.00584339	0.00181864	0.00192892	0.00662137	0.0654485	0.106518	0.263252	0.000396149	0.00467
17	0.0213093	0.0232377	0.00637309	0.00654539	0.0480727	0.00398748	0.0265734	0.227389	0.00949178	0.0811484	0.0734961	0.0377392	0.00448601	0.0355712	0.00825151	0.0251744	0.043338	0.262428	0.000786851	0.0546001
18	0.318082	0.0191612	0.00386476	0.00706853	0.00484557	0.0991672	0.00290293	0.0161712	0.00524478	0.0103687	0.00856218	0.0221841	0.00259475	0.00647385	0.0159251	0.323498	0.1205	0.008902	0.000792039	0.0036914
19	0.0192487	0.0190785	0.00120594	0.00355602	0.0092244	0.00241692	0.00459823	0.36467	0.00620272	0.0746705	0.0460257	0.0126812	0.000962076	0.00778646	0.00530095	0.0135101	0.0494673	0.350306	0.00032577	0.00876247
20	0.0100098	0.00199932	0.000530047	0.00274541	0.0606428	0.00250556	0.00208256	0.125807	0.00383123	0.648199	0.0677114	0.00427734	0.00329286	0.00561426	0.00340204	0.00534471	0.0123618	0.0296462	0.00135379	0.0086431
21	0.124625	0.00397055	0.00245981	0.0342138	0.0200024	0.0216352	0.00388213	0.0849349	0.0194518	0.22088	0.108365	0.00652408	0.00264281	0.0927071	0.00399486	0.118075	0.122395	0.00506817	0.000955119	0.00321714
22	0.0188192	0.00190617	0.330045	0.117284	0.00132445	0.06415	0.0605046	0.00522546	0.0634486	0.00564532	0.0123536	0.203649	0.0016498	0.0155319	0.0407247	0.0398158	0.0105581	0.00348911	0.000691101	0.00318455
23	0.00579906	0.00110638	0.000574855	0.000672747	0.0240865	0.00316661	0.00101934	0.326622	0.0024067	0.441909	0.0478973	0.0011539	0.00224862	0.00311777	0.000983826	0.0047104	0.00288985	0.127808	0.0011346	0.000692586
24	0.332246	0.113216	0.0010113	0.00309895	0.000895586	0.0136647	0.00143497	0.0674992	0.00173093	0.0254805	0.00208476	0.00566808	0.00171595	0.00173979	0.00710832	0.0683126	0.118185	0.22975	0.000326529	0.00483064
25	0.01141	0.00268813	0.00119962	0.00268802	0.0480649	0.00247471	0.00234598	0.185006	0.00463843	0.543641	0.0725859	0.00675497	0.00400809	0.00527847	0.00349876	0.00714298	0.0112878	0.0749898	0.00121418	0.00908208
26	0.0162742	0.00719122	0.000264258	0.000833657	0.00698223	0.00275671	0.00040429	0.331879	0.000433224	0.0369659	0.0168453	0.00246618	0.000375736	0.000568819	0.00213138	0.0057596	0.0059395	0.558076	9.33831e-05	0.00375938
27	0.0176817	0.00327177	0.330686	0.0773956	0.00276202	0.135427	0.0631551	0.00523181	0.0376955	0.00818575	0.0137315	0.184554	0.00179419	0.0120718	0.0358838	0.0497088	0.00873979	0.00519218	0.000789676	0.0060418
28	0.132141	0.0189294	0.00480528	0.00608926	0.000736136	0.00526517	0.00103217	0.0996272	0.00461244	0.0842119	0.0607824	0.00763161	0.000612369	0.0038867	0.00256725	0.0240055	0.0597638	0.480469	0.000266489	0.00256441
29	0.0427085	0.0200921	0.0403219	0.00319947	0.0379983	0.00399609	0.00721927	0.104271	0.0328993	0.0751013	0.222951	0.125115	0.00273088	0.0433302	0.0042222	0.035396	0.00783779	0.182094	0.00104021	0.0074747
30	0.117756	0.0025318	0.0917182	0.332534	0.00154495	0.0262628	0.00273468	0.0126819	0.0423717	0.0374761	0.00271766	0.0346828	0.08767	0.0636059	0.00470915	0.0530397	0.063006	0.018687	0.000818434	0.00345106
31	0.0217617	0.00189494	0.349986	0.130366	0.00110852	0.0608558	0.0497672	0.00499238	0.0629686	0.00596365	0.0120208	0.183103	0.00417002	0.0176686	0.0367151	0.034299	0.0149758	0.00366005	0.000623174	0.00309983
32	0.00961338	0.0129331	0.00912107	0.0175046	0.000933745	0.0150471	0.0173459	0.00167908	0.451343	0.0081341	0.00128785	0.0266241	0.000765925	0.0539346	0.328159	0.0301289	0.00931997	0.00225671	0.00113491	0.00273268
33	0.103371	0.0156651	0.00484986	0.00547201	0.00509083	0.00676092	0.00223747	0.12861	0.00609835	0.113559	0.0630001	0.00894212	0.0010603	0.00540712	0.00417632	0.0205315	0.0558748	0.444031	0.00033992	0.00492217
34	0.0116571	0.0109474	0.012068	0.0279008	0.00109758	0.0142692	0.0166494	0.00202785	0.436924	0.0100303	0.00170232	0.0257664	0.00115293	0.0636414	0.321319	0.0277819	0.0094295	0.00245165	0.00103883	0.00214386
35	0.0289749	0.00253139	0.0220759	0.0152471	0.00100185	0.817281	0.00411723	0.00197386	0.0225798	0.0027816	0.00160739	0.0111903	0.00147182	0.00482223	0.0198805	0.0216562	0.00488985	0.00661697	0.00822054	0.00107983
36	0.0585245	0.00674411	0.0614904	0.17252	0.00272685	0.0211533	0.0324512	0.01437	0.247414	0.0123698	0.0045252	0.0650144	0.0186108	0.0637908	0.123071	0.0502946	0.0314957	0.00805978	0.00144757	0.00392543
37	0.13888	0.0153642	0.00541988	0.00556199	0.00126053	0.0149625	0.00225909	0.0763214	0.0147315	0.104913	0.0695829	0.00883659	0.00146365	0.00442333	0.00371131	0.0240807	0.0686754	0.436054	0.000659856	0.0028382
38	0.0109733	0.00236409	0.00062691	0.00372975	0.066929	0.00203203	0.00272432	0.0962066	0.00427972	0.658876	0.0763245	0.00542571	0.00419219	0.0054367	0.00431791	0.00640361	0.0144469	0.0211806	0.00143372	0.0120967
39	0.0342448	0.00397167	0.344262	0.0889163	0.00297594	0.0786482	0.0370194	0.00803333	0.0365538	0.0126732	0.0150214	0.184175	0.00770786	0.0198021	0.0274283	0.061506	0.0163596	0.0103565	0.00348472	0.00686012
40	0.0196774	0.00797886	0.00125986	0.00832979	0.101521	0.00182977	0.0081001	0.0606433	0.0086505	0.522269	0.104454	0.0121533	0.0107807	0.00440207	0.010065	0.0155909	0.0180801	0.0271494	0.00120888	0.0558561
41	0.0352094	0.0642618	0.0100194	0.0144842	0.00691563	0.019544	0.0187934	0.0182727	0.0165897	0.277348	0.0130724	0.129775	0.00979789	0.191258	0.015774	0.102108	0.0262483	0.0189613	0.00276574	0.00880118
42	0.0473406	0.026606	0.014594	0.0237529	0.0201134	0.0201783	0.196037	0.027807	0.050787	0.0313108	0.0304701	0.0715175	0.0188803	0.194275	0.0566485	0.0635838	0.0272091	0.026377	0.00818065	0.044332
43	0.201114	0.00630781	0.0184967	0.0173901	0.00305376	0.581115	0.00461909	0.0120087	0.0110205	0.00888995	0.00726632	0.00970803	0.00310894	0.00567422	0.0148481	0.0544673	0.0217909	0.0101424	0.00571711	0.00326136
44	0.128292	0.0226748	0.00343465	0.0109911	0.0035813	0.0814733	0.00446652	0.0261844	0.0121905	0.0975956	0.0033887	0.077383	0.0101335	0.0471419	0.0212498	0.25123	0.117175	0.0758432	0.000923341	0.00464748
45	0.13023	0.0120142	0.00815876	0.014434	0.00498924	0.0169841	0.00919045	0.0134742	0.029644	0.0809638	0.00784027	0.0658857	0.127591	0.0542313	0.0159526	0.107557	0.186823	0.104912	0.00185065	0.00727363
46	0.0183947	0.00656366	0.00261429	0.00740923	0.12622	0.00454497	0.0118016	0.0895503	0.00907161	0.490099	0.0724802	0.0117853	0.007479	0.00981416	0.00941598	0.0160579	0.017616	0.0379987	0.00593884	0.0451451
47	0.0145365	0.00435798	0.000872454	0.00605227	0.0808641	0.00150274	0.00484607	0.0703131	0.00647712	0.600717	0.0979927	0.0101372	0.00752889	0.00467416	0.00730362	0.0115637	0.0204484	0.0225256	0.00116096	0.0261253
48	0.0350848	0.0123219	0.0475512	0.0823184	0.00179151	0.0506103	0.0278783	0.0175521	0.106341	0.00384793	0.00228863	0.101873	0.113107	0.0835901	0.147502	0.105881	0.0485854	0.00780904	0.00174333	0.00232375
49	0.0280772	0.0139644	0.0341006	0.060836	0.0030342	0.00818767	0.0253436	0.116372	0.0896758	0.0751708	0.0219132	0.0601672	0.00502581	0.0542308	0.0538011	0.0576372	0.138526	0.146498	0.000551734	0.00688703
50	0.222023	0.0392119	0.00372766	0.010912	0.039872	0.158528	0.00524357	0.00687913	0.011344	0.0115978	0.00368252	0.0249668	0.00388784	0.0102992	0.0178674	0.374151	0.023961	0.00724235	0.00143697	0.0231662
51	0.0301559	0.0038744	0.238446	0.00538056	0.0024418	0.442912	0.00613662	0.00526258	0.00534109	0.00693708	0.00319621	0.00820721	0.00219303	0.00475151	0.00616455	0.209761	0.00803523	0.00599977	0.0014735	0.00332946
52	0.063648	0.00828771	0.00367253	0.00683624	0.00340888	0.00805214	0.00596011	0.00732015	0.0823288	0.0157993	0.00480006	0.0158621	0.082109	0.013538	0.00944417	0.171106	0.417244	0.075162	0.00132224	0.00409871
53	0.0373852	0.00288226	0.321229	0.153102	0.00179198	0.0523116	0.0351191	0.00723364	0.0444024	0.012296	0.00974005	0.162398	0.0128659	0.027294	0.0273711	0.0560374	0.025121	0.00623835	0.000965923	0.00421442
54	0.0472638	0.0315308	0.00378966	0.00578802	0.125021	0.00589766	0.0356539	0.0489552	0.00794539	0.0576822	0.0587049	0.0127527	0.0396814	0.0129692	0.00643853	0.0810388	0.0107454	0.0601873	0.0047003	0.343254
55	0.202452	0.0409012	0.00163385	0.0392341	0.0140363	0.0669815	0.00561356	0.00230904	0.0382559	0.018043	0.00210147	0.094118	0.00180517	0.0252973	0.041892	0.345985	0.0381335	0.0150564	0.000622473	0.00552792
56	0.0702116	0.0155211	0.00214521	0.00882474	0.00685156	0.00309978	0.00333733	0.209161	0.00259603	0.080057	0.0413949	0.00910242	0.000656902	0.00914319	0.00537579	0.0201377	0.0331679	0.468906	0.00037799	0.00993201
57	0.0399267	0.0133361	0.00395222	0.00160102	0.0016051	0.0129317	0.00180702	0.00599509	0.00593046	0.00239196	0.00245283	0.00911012	0.00474398	0.00205204	0.0126678	0.375311	0.494941	0.00696828	0.000450564	0.00182462
58	0.50609	0.00579015	0.00407104	0.0525177	0.00334649	0.00801184	0.0283884	0.0326483	0.0980801	0.0321476	0.00521872	0.0107338	0.00321349	0.00869443	0.077726	0.0428636	0.0353637	0.0395221	0.00158086	0.00399146
59	0.0107652	0.0048501	0.142281	0.0290312	0.00277533	0.270329	0.0448003	0.00561086	0.0174403	0.00659216	0.00621383	0.332201	0.00238229	0.00968694	0.0265023	0.0500303	0.00742772	0.0065852	0.00135195	0.0231422
60	0.101215	0.027216	0.0189512	0.0176215	0.00794944	0.0469971	0.0157711	0.0202269	0.0210582	0.0223089	0.0111756	0.0653826	0.0267494	0.0204404	0.0270806	0.396111	0.118307	0.0220556	0.00267361	0.0107095
61	0.0241459	0.00842509	0.0305858	0.0523759	0.00109999	0.0165011	0.0203765	0.0047118	0.387881	0.00697554	0.00153361	0.0407774	0.00496224	0.0668278	0.278624	0.0354873	0.0139905	0.00230723	0.00069716	0.00171432
62	0.00706855	0.00205008	0.000581349	0.000673096	0.0137203	0.00260612	0.0009672	0.369712	0.00166154	0.324877	0.0403405	0.00138863	0.00297212	0.00176754	0.00128438	0.00532143	0.00252154	0.218547	0.000816799	0.00112327
63	0.028277	0.028569	0.000742965	0.00251475	0.0129806	0.00328691	0.00195894	0.286097	0.00119208	0.0429896	0.0205954	0.00400515	0.000598744	0.00389201	0.00454903	0.00932646	0.015266	0.527922	0.000240379	0.00499576
64	0.0163486	0.00726706	0.000264863	0.000846471	0.00703554	0.00277359	0.000419427	0.33138	0.000431337	0.0370534	0.016869	0.00247967	0.000374944	0.000612469	0.00214039	0.00579449	0.00598864	0.558042	9.47717e-05	0.00378302
65	0.0162435	0.00725904	0.00027175	0.000858984	0.00691302	0.00277055	0.000428788	0.33324	0.000504205	0.0381813	0.0170378	0.00278599	0.000396362	0.000566356	0.00209782	0.00577565	0.00686301	0.553977	9.31213e-05	0.00373602
66	0.115345	0.0710038	0.00518677	0.00875433	0.00731887	0.0165295	0.0064508	0.0636249	0.0132831	0.0317235	0.0473194	0.0374597	0.0048431	0.0119698	0.0103871	0.14112	0.317286	0.0805939	0.00130672	0.00849457
67	0.540311	0.0120206	0.00455194	0.00962306	0.00212221	0.121875	0.00274256	0.0256744	0.00540544	0.0105276	0.012344	0.0110427	0.00268567	0.00582694	0.0123792	0.103019	0.098571	0.0159406	0.000817764	0.00251929
68	0.0233073	0.00179741	0.02434	0.012112	0.000868597	0.842945	0.00363872	0.00218526	0.0137003	0.00355982	0.00138745	0.00876422	0.000936727	0.00316477	0.0218895	0.0177062	0.00260572	0.0059688	0.00780003	0.00132211
69	0.263868	0.072675	0.00227204	0.00455317	0.000880442	0.00999625	0.00120084	0.0812957	0.0026906	0.0459642	0.0212968	0.00622622	0.00130413	0.00251419	0.00561465	0.0499326	0.0933968	0.330255	0.000324826	0.00373856
70	0.0145869	0.0635317	0.00209622	0.0113685	0.0020557	0.00688821	0.112154	0.00287403	0.15446	0.00747774	0.0031667	0.0496085	0.00127656	0.0555593	0.390894	0.0598148	0.00977309	0.00274648	0.0160714	0.0335963
71	0.0408202	0.0189538	0.0114092	0.016178	0.0198997	0.0171122	0.101998	0.0901456	0.0244162	0.0332227	0.149051	0.0429413	0.0741679	0.187356	0.0174434	0.0519766	0.0291365	0.0399593	0.00580507	0.0280072
72	0.0291174	0.022327	0.00832063	0.0337111	0.0107962	0.0315587	0.0446873	0.0512954	0.162565	0.0216679	0.0295691	0.116757	0.00593326	0.125198	0.142496	0.0519498	0.0304955	0.0689664	0.00667047	0.00591695
73	0.0065115	0.00219306	0.264778	0.0734615	0.00124259	0.229471	0.0549355	0.00285485	0.0355355	0.00385782	0.00869847	0.203109	0.00122425	0.0112228	0.0476695	0.0387697	0.00437353	0.00323204	0.000673602	0.00618647
74	0.0768983	0.00780226	0.104618	0.284045	0.00341718	0.0306007	0.017639	0.0162376	0.0693654	0.0257579	0.00604928	0.0609485	0.0401867	0.0859692	0.0384938	0.0554715	0.0504877	0.0133703	0.00388154	0.00876034
75	0.0397283	0.0133337	0.00390869	0.00157683	0.00161949	0.0136673	0.00173875	0.00595147	0.00528311	0.00245946	0.00245816	0.00939703	0.00419071	0.00201492	0.0127356	0.384502	0.486727	0.00653207	0.000439319	0.00173607
76	0.0221766	0.0681	0.00424576	0.0275715	0.00773203	0.0118386	0.112806	0.00577392	0.118767	0.0111922	0.00586542	0.0519589	0.00390301	0.0532264	0.342634	0.0647424	0.0129971	0.00667169	0.0317262	0.0360714
77	0.0402686	0.00970757	0.0181219	0.0644982	0.0582089	0.0130595	0.0106517	0.0633422	0.0178377	0.428339	0.0659475	0.0234	0.0232401	0.0224715	0.0124219	0.0380248	0.0331603	0.0316793	0.00244103	0.023178
78	0.0622631	0.00304814	0.304037	0.0267791	0.00210011	0.00851104	0.00612713	0.00467903	0.0075541	0.00947312	0.00343549	0.394608	0.00188897	0.0209215	0.0116468	0.115094	0.00946285	0.00503673	0.000656718	0.00267647
79	0.012395	0.00401256	0.00106019	0.00437644	0.0682811	0.00232533	0.00405702	0.129005	0.00515529	0.582638	0.0737802	0.0074497	0.00534362	0.00571767	0.00526225	0.00802677	0.0128942	0.0504453	0.00131989	0.0164545
80	0.127542	0.0172084	0.00603343	0.00610696	0.00111552	0.00577521	0.00127791	0.0971837	0.00568582	0.090101	0.0632738	0.00781036	0.000668296	0.0043043	0.00284318	0.0229007	0.0614532	0.475847	0.000281857	0.00258753
81	0.0755812	0.00283426	0.0634372	0.163139	0.00151538	0.0184877	0.0520602	0.014242	0.233112	0.0043612	0.00218588	0.079275	0.00979503	0.0830122	0.103248	0.0516025	0.0358991	0.00340183	0.000955752	0.00185478
82	0.015184	0.0662428	0.00170359	0.0110844	0.00226448	0.00650038	0.118228	0.00279359	0.138063	0.00745964	0.003085	0.0508064	0.00110187	0.0543441	0.3926	0.0624768	0.00947454	0.00255338	0.0175824	0.0364516
83	0.0427353	0.0212283	0.125215	0.0375842	0.00643507	0.0446813	0.0493409	0.0195714	0.0298604	0.0236309	0.014812	0.31128	0.00742724	0.0271763	0.0336059	0.12558	0.042903	0.0231245	0.00203642	0.0117717
84	0.173054	0.0403561	0.00355729	0.00612202	0.000777187	0.00684673	0.000868841	0.0958296	0.00341275	0.073743	0.0418835	0.00683838	0.000644752	0.00325894	0.00327943	0.0343605	0.0721281	0.429705	0.000266472	0.00306737
85	0.095118	0.00166241	0.197768	0.102953	0.000849323	0.0610732	0.0115541	0.00908536	0.0333547	0.00722898	0.00389089	0.124478	0.00721445	0.0371791	0.00909328	0.219072	0.0644826	0.00879037	0.000530901	0.00462022
86	0.0085719	0.00414707	0.000673628	0.00105723	0.012823	0.00261612	0.00149395	0.380066	0.00196797	0.260971	0.0424028	0.00286658	0.00213403	0.00252601	0.00195827	0.00622759	0.00894059	0.255148	0.000649336	0.00275893
87	0.0195365	0.00822049	0.00125545	0.00876739	0.108218	0.00191128	0.00789567	0.0592354	0.00847742	0.509584	0.10607	0.0117577	0.0109019	0.00381758	0.0102199	0.0154476	0.0177761	0.0272029	0.00154597	0.0621594
88	0.0109559	0.0202245	0.00731396	0.0142727	0.00156841	0.0156215	0.0251555	0.00283381	0.412441	0.00871055	0.00214489	0.0330405	0.00103829	0.059796	0.312024	0.0447717	0.0156172	0.00357817	0.00305498	0.00583565
89	0.0871923	0.0157589	0.0326213	0.0402278	0.023739	0.0582153	0.127909	0.037525	0.105502	0.041889	0.0295561	0.114773	0.00166854	0.0519764	0.0396868	0.133288	0.00895728	0.026422	0.00482331	0.0182694
90	0.0242782	0.0112895	0.00531507	0.00321466	0.0146	0.00302608	0.00448929	0.319298	0.0064697	0.158007	0.0683997	0.0179035	0.00186492	0.010274	0.00429875	0.0143091	0.02397	0.301129	0.00062476	0.00723887
91	0.0163526	0.00729106	0.000264634	0.000903554	0.00709641	0.00274615	0.000402651	0.331133	0.000435652	0.0371692	0.01685	0.0024663	0.000373028	0.000642617	0.00220931	0.0057877	0.00598624	0.558038	9.3112e-05	0.00375786
92	0.167557	0.00501648	0.00196107	0.0152998	0.00190538	0.00432766	0.00911663	0.0406507	0.00401119	0.0293102	0.00288107	0.00575856	0.541382	0.00464538	0.00383356	0.13958	0.0143351	0.00511629	0.000687533	0.00262493
93	0.0502966	0.0095613	0.0497523	0.145321	0.000958107	0.0347847	0.0196247	0.0169173	0.0980429	0.00821835	0.00146468	0.0957373	0.123683	0.0985008	0.0889044	0.0911282	0.056962	0.00826206	0.00059397	0.00128684
94	0.017168	0.00723043	0.000344734	0.00102828	0.00742589	0.00254634	0.000517856	0.332705	0.00052752	0.0769778	0.0206014	0.00239868	0.000743429	0.00086752	0.00215876	0.00604791	0.00608204	0.511062	0.000132276	0.00343416
95	0.115758	0.0165304	0.0038603	0.00566544	0.00175301	0.00448402	0.00094727	0.132122	0.00371245	0.0773725	0.0545492	0.006676	0.00053048	0.0036591	0.00257993	0.0205164	0.0496135	0.496499	0.000238418	0.00293225
96	0.065975	0.00263721	0.0566964	0.139996	0.00106954	0.0184237	0.0422954	0.0115866	0.282303	0.00352557	0.00157504	0.0709032	0.00681637	0.080494	0.140886	0.0434469	0.0273207	0.00235897	0.000514646	0.00117611
97	0.0728839	0.0534031	0.00265316	0.00353871	0.059805	0.00430227	0.286218	0.00647516	0.0123617	0.0426397	0.0189883	0.0592454	0.00335413	0.0509175	0.00400322	0.0414607	0.00601934	0.021551	0.000998255	0.249182
98	0.158309	0.0211714	0.0215782	0.0365362	0.0103705	0.0529022	0.0159455	0.0221911	0.0319521	0.0312021	0.0149624	0.0648887	0.0212283	0.06838	0.0340061	0.29053	0.0629029	0.0309177	0.00291925	0.007107
99	0.112632	0.0098705	0.00905835	0.0253835	0.00511492	0.0106858	0.0404384	0.0248473	0.0173468	0.0331681	0.00610022	0.0227159	0.457738	0.022936	0.0211825	0.125097	0.0230533	0.0165042	0.00602959	0.0100967
100	0.00621759	0.00213483	0.416221	0.0903271	0.00120067	0.0627349	0.0563848	0.00257072	0.0378816	0.00479607	0.0169599	0.22439	0.0010337	0.00639093	0.0362527	0.024419	0.00384937	0.00306497	0.000617017	0.00255371
101	0.320871	0.152692	0.00123006	0.00326553	0.00137731	0.0192012	0.0020439	0.0639044	0.00209027	0.0239347	0.00296914	0.00666435	0.00279267	0.00255187	0.00786467	0.0819752	0.122244	0.176783	0.000462038	0.00508265
102	0.0105461	0.0236678	0.00257264	0.00472704	0.00836548	0.00339648	0.0076781	0.408361	0.0188961	0.0868021	0.0519312	0.0296222	0.0018349	0.0108141	0.00635797	0.0175227	0.104872	0.190688	0.000773008	0.0105705
103	0.00707895	0.000928672	0.000617912	0.000998682	0.0366496	0.00455814	0.00102501	0.27182	0.00326525	0.524222	0.0476559	0.00143539	0.00170848	0.00494843	0.00120936	0.00433204	0.0047397	0.0806258	0.00135393	0.00082712
104	0.00562892	0.0011197	0.000640707	0.000655335	0.0159781	0.00276525	0.00107713	0.373944	0.00185597	0.374548	0.0449355	0.00113712	0.00280696	0.00202642	0.00104677	0.00527356	0.00166374	0.161167	0.000993769	0.000736723
105	0.0162742	0.00719122	0.000264258	0.000833657	0.00698223	0.00275671	0.00040429	0.331879	0.000433224	0.0369659	0.0168453	0.00246618	0.000375736	0.000568819	0.00213138	0.0057596	0.0059395	0.558076	9.33831e-05	0.00375938
106	0.0981679	0.0220922	0.00201638	0.00403952	0.0043719	0.00470863	0.000879873	0.204854	0.0022278	0.0562947	0.0320214	0.00498826	0.000505271	0.00265793	0.0032393	0.0198326	0.0369014	0.496545	0.000191161	0.00346456
107	0.0404449	0.0141158	0.00399899	0.00167734	0.00176008	0.0134745	0.00196431	0.00617896	0.00568402	0.00263359	0.0028247	0.0102832	0.00448925	0.00241534	0.0127255	0.381746	0.484248	0.00669535	0.000472931	0.00216727
108	0.0319551	0.00503415	0.19712	0.0935335	0.00225458	0.0539022	0.0454642	0.0114861	0.136113	0.00662636	0.00935984	0.171336	0.0166449	0.0398087	0.0948938	0.0517773	0.021621	0.00701495	0.00113997	0.00291479
109	0.118635	0.00598077	0.00341124	0.0256476	0.0077965	0.00532099	0.0114038	0.0284861	0.00710065	0.0790464	0.00960771	0.00850565	0.5378	0.00823768	0.00585582	0.101785	0.0152723	0.0111676	0.00207076	0.00686786
110	0.0582231	0.0157061	0.00611837	0.0034384	0.00210671	0.0172799	0.00253283	0.00839425	0.0114664	0.00677112	0.00385455	0.0154558	0.00971457	0.00580801	0.0135734	0.352866	0.449617	0.0141151	0.000591035	0.0023681
111	0.0074768	0.0162578	0.00216195	0.00279806	0.351759	0.00517373	0.0774484	0.00439586	0.0035291	0.0180905	0.00299517	0.00471269	0.00259951	0.0172324	0.00615545	0.0102505	0.0175784	0.0174034	0.0952937	0.336687
112	0.0194342	0.00841517	0.00037268	0.0012446	0.00753404	0.00277617	0.000602539	0.324186	0.00061174	0.0482154	0.0203988	0.00269447	0.000478552	0.00132476	0.002563	0.00651279	0.0079906	0.540541	0.000137678	0.00396577
113	0.138513	0.0259954	0.00311772	0.00435956	0.0034454	0.0103525	0.0036598	0.0133668	0.025789	0.011231	0.00426014	0.00979888	0.0252628	0.006709	0.0078415	0.159613	0.467576	0.0729594	0.00124434	0.00490424
114	0.0482685	0.0162521	0.0144885	0.00957089	0.0907057	0.0255287	0.0480899	0.012154	0.0239094	0.0321828	0.00768299	0.0230262	0.0100987	0.0163796	0.0704837	0.0498967	0.0369698	0.0130392	0.244417	0.206856
115	0.00978923	0.0146829	0.0095044	0.018225	0.00102257	0.0140211	0.0210002	0.00175849	0.435054	0.00799109	0.00165428	0.0272412	0.0010453	0.0576855	0.33196	0.0307749	0.00935812	0.00201841	0.00148614	0.00372755
116	0.00689072	0.000990909	0.000603307	0.000842006	0.0344549	0.00405265	0.000994703	0.272892	0.00303667	0.52205	0.0481152	0.00152177	0.00176617	0.00449048	0.00115602	0.00428315	0.00481782	0.0847592	0.00132212	0.000959728
117	0.153163	0.0290195	0.00896398	0.0258406	0.00991074	0.0550872	0.0123739	0.0132659	0.0323188	0.0176491	0.00698393	0.0604775	0.0103394	0.0260319	0.0670798	0.355925	0.0818055	0.0242754	0.00226499	0.00722464
118	0.0238456	0.00117544	0.0209637	0.0123378	0.000763137	0.857692	0.0025341	0.00187876	0.0148559	0.00217581	0.00122964	0.0053031	0.00175413	0.00295635	0.017987	0.0145983	0.00284941	0.00595774	0.00827068	0.000871188
119	0.0127687	0.00392823	0.00128678	0.00546163	0.115215	0.00217296	0.00439469	0.0766479	0.00529051	0.611938	0.0734383	0.00774781	0.00546848	0.00486188	0.00612031	0.00877724	0.0145983	0.0206246	0.00140204	0.0178566
120	0.104287	0.00557029	0.0296046	0.110919	0.0048808	0.0100241	0.0106158	0.0219003	0.0171811	0.0604322	0.00621246	0.0181434	0.437683	0.0231569	0.00697742	0.0856822	0.0283089	0.0112531	0.000944611	0.00622391
121	0.172042	0.0148856	0.00400785	0.00643049	0.00378177	0.00734643	0.0320487	0.00745851	0.0632922	0.00987104	0.00499035	0.0100192	0.102225	0.104521	0.126735	0.0971994	0.012887	0.214697	0.00161401	0.00394709
122	0.0118246	0.00731387	0.00393822	0.031786	0.00291697	0.0254334	0.311194	0.00621107	0.00569896	0.00632475	0.00379847	0.361536	0.00245577	0.0174014	0.0250164	0.11316	0.0522223	0.00689339	0.0013384	0.00353512
123	0.0153828	0.0660527	0.0017208	0.0110221	0.00250281	0.00650714	0.119462	0.00279764	0.137066	0.00758386	0.00321324	0.0507887	0.00112087	0.0549461	0.390406	0.0623074	0.00944926	0.00276615	0.017469	0.0374354
124	0.0169634	0.00748098	0.000292773	0.000912474	0.0070546	0.00276147	0.000463149	0.330485	0.000466577	0.037748	0.0173055	0.00257035	0.000381137	0.000718716	0.00226022	0.00596772	0.00650034	0.555728	9.33273e-05	0.00384631
125	0.00582425	0.00107635	0.00058799	0.000737283	0.0197939	0.00290211	0.00106319	0.353129	0.00213806	0.404022	0.0456758	0.00121858	0.00259455	0.00244158	0.00109076	0.00500932	0.00229365	0.146387	0.00106491	0.000950409
126	0.0248246	0.00142678	0.0171223	0.0132945	0.000905065	0.869382	0.00162366	0.00253171	0.00969438	0.00302186	0.00184282	0.00284696	0.000846682	0.00207422	0.0141516	0.0134111	0.00286157	0.00785781	0.00897678	0.00130372
127	0.0977711	0.0227801	0.00970634	0.0103025	0.0023178	0.0366138	0.00541061	0.0105939	0.0111551	0.0121424	0.00559875	0.0721191	0.00233944	0.0141248	0.0274645	0.447882	0.198105	0.0105888	0.000766939	0.00221621
128	0.0272575	0.001802	0.0188694	0.0102531	0.00111329	0.866153	0.00185367	0.00272258	0.00968384	0.00240165	0.00138573	0.00444227	0.00078305	0.0017776	0.0145795	0.0147548	0.0033776	0.00722667	0.00828945	0.00127293
129	0.0257481	0.0945242	0.00592404	0.00764127	0.0399595	0.012084	0.0085737	0.014445	0.0115104	0.0126465	0.011939	0.0182224	0.00567462	0.0106601	0.0114098	0.053547	0.595569	0.0140963	0.00252316	0.0433019
130	0.0200393	0.00586981	0.303132	0.071665	0.00517114	0.0648788	0.0775742	0.00960404	0.0393824	0.0128085	0.0332281	0.225625	0.00413593	0.0148681	0.0344688	0.0475495	0.0105352	0.00963881	0.00119755	0.00862813
131	0.0430011	0.0111787	0.0021289	0.00318132	0.0148549	0.00417168	0.00209905	0.257779	0.00439105	0.233826	0.0426547	0.0063589	0.00234165	0.0047613	0.00401696	0.0145256	0.025276	0.317504	0.000729193	0.00521951
132	0.0286685	0.00261286	0.367236	0.0760274	0.00160576	0.0511774	0.0353116	0.00527569	0.0317494	0.00815945	0.0119599	0.252372	0.00283006	0.0155751	0.0277859	0.0603272	0.0113247	0.00618208	0.000638344	0.0031806
133	0.0407396	0.0161565	0.00412178	0.00172089	0.00206764	0.0133329	0.00184196	0.00667283	0.00566903	0.00270364	0.00327294	0.0107568	0.00467224	0.00221415	0.0129946	0.380133	0.481311	0.00683924	0.000427895	0.00235126
134	0.571546	0.00618173	0.00198589	0.00931542	0.00453295	0.099538	0.00343629	0.0203463	0.00584413	0.00846499	0.0104414	0.00699739	0.00544265	0.00543057	0.0107873	0.173508	0.0463049	0.00497105	0.00128332	0.00364219
135	0.0200613	0.0531674	0.0082466	0.0164233	0.00315021	0.0137415	0.11199	0.00580573	0.142379	0.010432	0.00464453	0.0566918	0.00466054	0.0542624	0.367239	0.0635091	0.0144649	0.00513738	0.0142358	0.029758
136	0.012309	0.00377717	0.000969717	0.0051229	0.0967181	0.00227742	0.00414944	0.0981573	0.00536178	0.601126	0.0750642	0.00667944	0.00533728	0.00509735	0.00556628	0.00827259	0.0138025	0.0281662	0.00164442	0.0204013
137	0.0155892	0.0660943	0.00206289	0.0110717	0.00242637	0.00665537	0.117548	0.00284433	0.138852	0.00745011	0.00313662	0.050971	0.00126912	0.054207	0.391116	0.062767	0.00970924	0.00286281	0.0173798	0.0359863
138	0.00743725	0.0158705	0.00211738	0.00278804	0.359885	0.00487748	0.0792315	0.00433178	0.00361099	0.0176833	0.00300822	0.00469683	0.00262499	0.0177189	0.00571988	0.0102183	0.0172042	0.0179709	0.0910911	0.331913
139	0.0104794	0.00198227	0.000535236	0.0028446	0.0592463	0.00262625	0.00191655	0.140807	0.00384402	0.63483	0.0664637	0.00405766	0.0030047	0.00544877	0.00318882	0.00544754	0.0117799	0.0320497	0.00149397	0.00795411
140	0.00562917	0.00110898	0.000636041	0.000655562	0.0159874	0.00276348	0.00106886	0.373884	0.00185838	0.374912	0.0448965	0.00112264	0.0028121	0.0020126	0.00103505	0.00526546	0.00161167	0.161034	0.000993769	0.000712599
141	0.224542	0.0288147	0.00308151	0.00798005	0.0174389	0.128233	0.00414982	0.00641391	0.00858474	0.0112322	0.00414519	0.0234217	0.00314215	0.00814824	0.0153145	0.452132	0.0345092	0.00639826	0.00103567	0.0112814
142	0.0779115	0.00158781	0.179354	0.334106	0.000892312	0.030098	0.00353312	0.0115414	0.0340616	0.0229868	0.00168364	0.0661704	0.035047	0.0719047	0.00421415	0.0444395	0.0622801	0.0101952	0.000640724	0.00735202
143	0.00923301	0.0117016	0.00924153	0.01777	0.000865692	0.0145296	0.0166341	0.00154433	0.4552	0.0080459	0.00134087	0.0254028	0.000776309	0.0550088	0.33113	0.0280237	0.00866098	0.00189297	0.000857993	0.00213999
144	0.0122817	0.00319707	0.000615459	0.00439661	0.0756914	0.00192145	0.00342836	0.0944387	0.00522574	0.635585	0.0801955	0.00609383	0.00535932	0.00507029	0.00529451	0.00698391	0.0139314	0.0216617	0.00148961	0.0171383
145	0.0103867	0.00241984	0.224808	0.0785388	0.00129359	0.240922	0.057914	0.00358178	0.0464529	0.0035611	0.00701839	0.18696	0.00212257	0.0170968	0.0559063	0.0449658	0.00604758	0.00335103	0.000681841	0.00597041
146	0.0164156	0.0074288	0.000271367	0.000878873	0.00709873	0.00277	0.000453937	0.331742	0.000472068	0.0379314	0.0169894	0.00250382	0.000389112	0.000667234	0.00221094	0.00576332	0.00624765	0.555921	9.55061e-05	0.00374936
147	0.0586405	0.0425573	0.00609954	0.0100211	0.00330841	0.0232379	0.0594244	0.0122122	0.00852351	0.009172	0.00592471	0.334385	0.00365461	0.0111142	0.0156614	0.318559	0.0506122	0.0170944	0.00128679	0.0085101
148	0.230612	0.00492702	0.00244807	0.0127776	0.00256284	0.00492257	0.00796825	0.0355735	0.00421059	0.0235153	0.00271103	0.00583853	0.446091	0.00581127	0.00386167	0.173014	0.0226944	0.00632564	0.0008803	0.00325405
149	0.0661951	0.00699709	0.00367428	0.0283362	0.00326772	0.010582	0.0255897	0.00723688	0.07464	0.0285545	0.00500111	0.0820202	0.00501954	0.0846184	0.0328637	0.284511	0.236395	0.00961351	0.00139507	0.0034893
150	0.0984154	0.00959734	0.166462	0.0516983	0.00751331	0.035573	0.0246787	0.0162622	0.0288958	0.0485563	0.0108348	0.181613	0.00926568	0.0299434	0.0151061	0.196448	0.0375636	0.016975	0.00510563	0.00949227
151	0.0216991	0.023436	0.000612861	0.0021955	0.0126218	0.00291368	0.00182228	0.297989	0.00104637	0.0432095	0.0209767	0.00372216	0.000482882	0.00353996	0.00439934	0.00802011	0.0133867	0.532652	0.000169428	0.00510512
152	0.0336541	0.0137485	0.0168642	0.0259706	0.00821455	0.0230497	0.228609	0.0145449	0.0292264	0.0221012	0.0167994	0.229453	0.0105452	0.118172	0.0300066	0.114944	0.031552	0.0146442	0.00276794	0.0151318
153	0.466354	0.00716144	0.00592885	0.0747264	0.00506868	0.176685	0.0073925	0.025111	0.0109614	0.0166668	0.0411994	0.0125772	0.00542197	0.012143	0.0128559	0.0598133	0.0417985	0.0107865	0.00184532	0.00550269
154	0.00839652	0.0183333	0.00248415	0.00300379	0.326022	0.00610346	0.0692871	0.00536482	0.00353992	0.0219666	0.00474172	0.00492617	0.00321924	0.0158031	0.00716693	0.0124688	0.0210269	0.016919	0.0985754	0.350651
155	0.0163792	0.00771722	0.000281269	0.000961099	0.00728727	0.00279086	0.000542353	0.332177	0.00049254	0.0390947	0.0182675	0.00267144	0.000401292	0.000881895	0.0023446	0.00608033	0.00671754	0.550876	0.000114207	0.00392132
156	0.00658759	0.00165509	0.000595256	0.000723131	0.0147112	0.00277276	0.000955679	0.370763	0.00165506	0.348685	0.0427865	0.00128733	0.00262862	0.00181516	0.00116212	0.00533873	0.00201945	0.191999	0.000939445	0.000920013
157	0.053737	0.00269722	0.0163217	0.0116013	0.00147508	0.822215	0.00239074	0.00362907	0.00959205	0.00331277	0.0022705	0.00475818	0.000705067	0.0027139	0.0138465	0.0257852	0.00709503	0.00626068	0.00803619	0.00155639
158	0.0808017	0.0091062	0.110769	0.268627	0.00548308	0.0375354	0.0229071	0.0221628	0.0625251	0.0322009	0.0104711	0.073585	0.0363366	0.0542929	0.0295403	0.0647938	0.0497083	0.0186726	0.00194883	0.00853221
159	0.0561556	0.0354091	0.00682384	0.00830657	0.0817354	0.00967359	0.208368	0.0214532	0.0197246	0.0934078	0.0271799	0.0527058	0.00719788	0.0389496	0.0182225	0.0456551	0.0139295	0.0262862	0.0236045	0.205211
160	0.0256518	0.00160207	0.020511	0.0109373	0.000903161	0.853686	0.00279001	0.00207544	0.010816	0.00262755	0.00161826	0.00630617	0.00135516	0.00301008	0.019352	0.0179668	0.00287028	0.00657809	0.00844906	0.000894245
161	0.0535809	0.00994468	0.247776	0.0961691	0.0141685	0.0405907	0.0245267	0.023854	0.0316973	0.0952301	0.0195581	0.118968	0.0143154	0.0321697	0.0221636	0.0714179	0.0385252	0.0281272	0.00469987	0.0125172
162	0.02315	0.00844628	0.0007427	0.00205853	0.00948906	0.00314292	0.000956956	0.31813	0.00174712	0.124805	0.028029	0.00344865	0.00115557	0.00228535	0.00293489	0.00821337	0.010882	0.446817	0.000338114	0.00322811
163	0.153922	0.00361837	0.0014691	0.0173807	0.00167885	0.00324171	0.00845078	0.0250417	0.00283164	0.0326324	0.00186561	0.00387734	0.6093	0.00343425	0.00319671	0.111041	0.0112685	0.00330073	0.00060942	0.0018391
164	0.00562833	0.00110968	0.000623783	0.000676635	0.0163221	0.00279852	0.00106006	0.371643	0.00189055	0.378131	0.0448678	0.00111835	0.00279043	0.0020765	0.00103988	0.00524265	0.00166722	0.159584	0.00101237	0.00071683
165	0.0428352	0.0145517	0.0128194	0.0088956	0.136254	0.0231288	0.0530468	0.00976115	0.0171741	0.0306515	0.00670043	0.0233763	0.0100891	0.0161498	0.0386631	0.0450826	0.03471	0.0134721	0.240693	0.221945
166	0.0999573	0.0276544	0.0194872	0.0200935	0.00841393	0.038957	0.0183042	0.0908983	0.0213679	0.0382026	0.0203262	0.0532982	0.0199373	0.0230803	0.0237263	0.296044	0.0996178	0.0657088	0.00423876	0.0106859
167	0.137598	0.0387282	0.00430534	0.0119229	0.0067408	0.0949887	0.0036389	0.0084567	0.0102021	0.0167643	0.0054344	0.067092	0.00267154	0.0125351	0.023484	0.417085	0.120495	0.01251	0.000691212	0.0046551
168	0.129566	0.0174812	0.00513325	0.00615209	0.000758893	0.0053499	0.00108218	0.099482	0.00484243	0.086517	0.0619484	0.00745305	0.000595123	0.00397198	0.00253212	0.0230541	0.0595926	0.481707	0.000282736	0.00249801
169	0.0488483	0.00382235	0.26305	0.0452891	0.00205876	0.0429417	0.0205193	0.00636303	0.021154	0.00898809	0.00689143	0.309451	0.00618342	0.0207177	0.0322133	0.133383	0.0167292	0.00577323	0.000915351	0.0047073
170	0.0162742	0.00719122	0.000264258	0.000833657	0.00698223	0.00275671	0.00040429	0.331879	0.000433224	0.0369659	0.0168453	0.00246618	0.000375736	0.000568819	0.00213138	0.0057596	0.0059395	0.558076	9.33831e-05	0.00375938
171	0.599664	0.00385027	0.00379687	0.0098278	0.00247718	0.148804	0.00238992	0.0260863	0.0038336	0.00764277	0.014203	0.00500184	0.00136784	0.00396393	0.0121203	0.0901752	0.0584807	0.00360436	0.000731133	0.00197927
172	0.0261967	0.002888	0.139836	0.0124808	0.00136358	0.621172	0.00689016	0.00330947	0.00890199	0.00460361	0.00266031	0.018052	0.0019207	0.00484814	0.0112418	0.113921	0.0070749	0.00573398	0.0040628	0.00284133
173	0.0183689	0.0148216	0.000620646	0.00340051	0.0134082	0.00279414	0.00372349	0.312663	0.00196619	0.0534266	0.0296767	0.00598917	0.000538025	0.00752035	0.00804942	0.0105257	0.0228218	0.480822	0.000244621	0.00861894
174	0.0660734	0.0230716	0.0264157	0.0564062	0.00224412	0.0654209	0.0166941	0.0149066	0.0715671	0.00790512	0.00244007	0.140956	0.109957	0.0772463	0.0881683	0.148238	0.0669244	0.0116252	0.00119237	0.00254692
175	0.0102727	0.00194022	0.000516608	0.00253384	0.0570181	0.00296266	0.0019969	0.172884	0.00398966	0.598553	0.0609488	0.00340721	0.00285574	0.00559756	0.00297144	0.00525658	0.0100419	0.0470491	0.00136758	0.00783674
176	0.0480758	0.0101023	0.00852166	0.0258921	0.0207731	0.0206532	0.0461583	0.0500665	0.1412	0.0429481	0.0312885	0.063546	0.00466595	0.0940464	0.143351	0.107101	0.0571443	0.0690412	0.0080758	0.00734867
177	0.0944392	0.00169819	0.194145	0.101652	0.000858672	0.0650502	0.011545	0.00894764	0.0338674	0.00759554	0.00403394	0.119906	0.00702668	0.0361394	0.00969478	0.222592	0.06657	0.0084979	0.000594007	0.00514669
178	0.0159431	0.0214549	0.00184585	0.00609133	0.0367814	0.00319392	0.0171911	0.280146	0.00599565	0.180999	0.0492987	0.0165115	0.00231905	0.0249553	0.0081764	0.0219092	0.0449686	0.229986	0.000711938	0.031522
179	0.0498766	0.012414	0.0415303	0.0427822	0.0338789	0.0299771	0.140323	0.0636025	0.0791995	0.0808685	0.0188399	0.150785	0.00396523	0.0260245	0.0162514	0.0970906	0.0127837	0.0394618	0.00187592	0.0584697
180	0.0418767	0.0113667	0.0454033	0.100291	0.000991725	0.0366493	0.026799	0.0190238	0.120421	0.00301765	0.00154619	0.104352	0.11691	0.088572	0.119194	0.0976617	0.0562026	0.0077506	0.000666959	0.00130328
181	0.156566	0.0454552	0.0027851	0.0128704	0.0112954	0.144529	0.00379976	0.00645146	0.0127064	0.0277867	0.00335759	0.0564772	0.00239469	0.0145207	0.0285622	0.39012	0.0585667	0.0141493	0.000895163	0.00671049
182	0.574443	0.00416146	0.00344854	0.0125659	0.00273756	0.165349	0.00309347	0.0452186	0.00529237	0.00959186	0.0152397	0.00602728	0.00242836	0.00552707	0.0119472	0.0690308	0.0539894	0.00601571	0.00122047	0.00267157
183	0.0661104	0.0263854	0.00772427	0.00697326	0.103106	0.00950943	0.0608341	0.0523557	0.0109723	0.0346795	0.0395246	0.0189305	0.04574	0.0153261	0.00855557	0.105627	0.0129505	0.0451331	0.0166762	0.312885
184	0.0695415	0.00341219	0.176295	0.272141	0.00123924	0.0301928	0.0073738	0.0234978	0.0366033	0.0225028	0.00377557	0.0858365	0.0287407	0.0648853	0.00893552	0.0664966	0.0678713	0.0241991	0.000526721	0.00593278
185	0.0149068	0.0114835	0.000491207	0.00184513	0.00814325	0.00263305	0.00219474	0.357933	0.00254994	0.047524	0.0289744	0.00619989	0.000527085	0.00350927	0.00376915	0.0103901	0.0226469	0.468546	0.00017045	0.00556134
186	0.0225509	0.0135104	0.0011446	0.00400584	0.0109705	0.00321773	0.00366075	0.317902	0.00399676	0.0775458	0.031648	0.00729119	0.000988473	0.0082192	0.0108458	0.0124238	0.0242319	0.437839	0.00043346	0.00757378
187	0.0120952	0.0144006	0.00826788	0.0145896	0.00117341	0.0216295	0.0151644	0.0022945	0.439634	0.00800586	0.00169939	0.0373883	0.000981407	0.0507105	0.313807	0.0387182	0.0122571	0.00316062	0.00142883	0.00259357
188	0.0220474	0.00607045	0.00126895	0.00754862	0.088189	0.00193999	0.00632956	0.0645002	0.00838345	0.563115	0.102215	0.0109032	0.00847496	0.005169	0.0131953	0.0135729	0.0185769	0.0245732	0.00147923	0.0324482
189	0.0442719	0.0134637	0.0112875	0.0176026	0.0427133	0.0135962	0.0216297	0.072843	0.0958269	0.271267	0.105399	0.0351112	0.00868908	0.0313976	0.0336192	0.0522075	0.0400705	0.0634992	0.00290322	0.0226011
190	0.0271109	0.00185349	0.0173528	0.0104662	0.00109916	0.860086	0.00177745	0.00224735	0.00990385	0.00250476	0.00145772	0.00356624	0.00114452	0.00256678	0.0152423	0.0210191	0.00259183	0.00645413	0.0104061	0.00114954
