770	20
1	0.0307656	0.00178321	0.275388	0.313896	0.00569593	0.019695	0.0228339	0.0162317	0.0465308	0.0043067	0.00408569	0.0677096	0.0128509	0.0436901	0.0150812	0.0577588	0.0420643	0.0165062	0.000207449	0.00291839
2	0.0735745	0.025918	0.00891437	0.0156887	0.0107693	0.0075001	0.00981304	0.030981	0.149222	0.0408366	0.0132719	0.0492079	0.00868141	0.039053	0.110496	0.193837	0.161978	0.041007	0.00176312	0.0074874
3	0.0276116	0.00611256	0.0153951	0.0509364	0.00340093	0.018714	0.026964	0.00689701	0.323155	0.0316662	0.0131661	0.0324142	0.00159858	0.089221	0.253786	0.0524703	0.0312654	0.00995784	0.000958227	0.00430975
4	0.0903274	0.0156699	0.0180474	0.0177311	0.0136784	0.0207503	0.0271508	0.0209395	0.0272017	0.0248063	0.0129628	0.0655519	0.0183132	0.0363867	0.0184083	0.277726	0.244846	0.0346093	0.0011955	0.0136973
5	0.125651	0.00236743	0.0639908	0.0763394	0.00502069	0.0293497	0.0366287	0.0120653	0.0469413	0.0226749	0.00869104	0.0908049	0.0489323	0.0774339	0.0309763	0.191525	0.103077	0.0221202	0.000341844	0.00506783
6	0.341301	0.0666771	0.00618617	0.00751942	0.0115247	0.232668	0.00464162	0.00653237	0.0106226	0.00931114	0.00342182	0.0140243	0.00644372	0.00515303	0.00524844	0.207227	0.0429239	0.0138757	0.000625572	0.0040728
7	0.00993444	0.00205117	0.00117416	0.000799836	0.0127079	0.00158967	0.000494905	0.461838	0.00201269	0.192655	0.0240364	0.000813838	0.00451926	0.0024229	0.000587148	0.002995	0.00602747	0.268148	0.000764099	0.00442745
8	0.504225	0.0508946	0.00444348	0.00212535	0.00433992	0.025527	0.00465309	0.00484828	0.00445605	0.009585	0.00500172	0.0124667	0.00131146	0.00602032	0.00544219	0.253348	0.0690544	0.0257152	0.00103283	0.00550864
9	0.0212096	0.0171863	0.00484203	0.00427837	0.330477	0.00592909	0.0171622	0.0618315	0.0092733	0.208973	0.0444626	0.00759717	0.0105604	0.00840138	0.00388525	0.0127927	0.0131107	0.0318943	0.0151569	0.170977
10	0.00819741	0.00548904	0.00823771	0.0038941	0.00877062	0.00426702	0.850831	0.0054047	0.0147383	0.0151656	0.00364569	0.00919336	0.00418211	0.0125381	0.00605824	0.0126511	0.0079384	0.0076208	0.0010152	0.0101618
11	0.0540536	0.0116092	0.0087671	0.0144742	0.0014277	0.00645191	0.0108958	0.0185747	0.0136961	0.0139499	0.00163353	0.0141062	0.626698	0.0139917	0.00333072	0.107741	0.0287324	0.0482876	0.000289173	0.00128927
12	0.0512077	0.0214064	0.00351877	0.017586	0.0103276	0.00235026	0.0104728	0.0364963	0.239419	0.0352228	0.0154765	0.0393003	0.00624477	0.0426992	0.182612	0.130686	0.114542	0.0346686	0.000886065	0.00487773
13	0.033433	0.0203928	0.0113154	0.0253931	0.0142867	0.0184607	0.0315981	0.0423603	0.108464	0.0891818	0.0470176	0.0256935	0.00269341	0.106643	0.276852	0.0394923	0.0452148	0.0451558	0.00457293	0.0117788
14	0.0794485	0.010323	0.019375	0.0241778	0.00612566	0.0180014	0.016212	0.0166772	0.0297205	0.0241275	0.00702773	0.0587134	0.248025	0.0454249	0.0227295	0.182297	0.149343	0.0375737	0.000423105	0.00425382
15	0.02618	0.0124969	0.00652549	0.0115378	0.0401225	0.0137912	0.0137369	0.045348	0.0236984	0.0970223	0.0515697	0.0183181	0.00506669	0.0342293	0.0610238	0.0332228	0.0343452	0.0608528	0.359547	0.0513649
16	0.0098388	0.00173514	0.00118315	0.000474317	0.0117247	0.00144079	0.000477819	0.466955	0.00187308	0.176625	0.0207537	0.000943673	0.00441766	0.00223387	0.00045224	0.00272302	0.00556698	0.286035	0.00082304	0.003723
17	0.064302	0.0333063	0.00317874	0.00822626	0.0284408	0.00569244	0.00705796	0.19118	0.0165424	0.258501	0.0740322	0.00846621	0.00544546	0.0170136	0.0195259	0.0316093	0.0423828	0.16847	0.000726034	0.0159006
18	0.20182	0.0386438	0.00305775	0.00783122	0.0228753	0.0214052	0.0038104	0.0306527	0.0110071	0.0138648	0.0114625	0.0195999	0.0164427	0.0159412	0.00817161	0.212174	0.206135	0.148002	0.000408725	0.00669418
19	0.307501	0.0284741	0.0051446	0.00933782	0.0124577	0.332085	0.00151347	0.00620348	0.0082529	0.00796457	0.00235159	0.00641635	0.00491042	0.00533137	0.00776271	0.213129	0.0319811	0.00608042	0.000424228	0.00267875
20	0.0346868	0.032655	0.00666762	0.0124099	0.0618308	0.00975079	0.0333786	0.101176	0.0236043	0.304711	0.0934148	0.0208777	0.00780394	0.03376	0.0223752	0.0389826	0.0398781	0.0754602	0.00308455	0.0434913
21	0.0195471	0.0121539	0.0113033	0.0121133	0.122697	0.00753697	0.327383	0.0184624	0.0245146	0.0689768	0.0143848	0.0242892	0.00319593	0.0692218	0.0126282	0.03499	0.0232435	0.0281308	0.00686954	0.158358
22	0.0331993	0.0048254	0.00946438	0.00457619	0.00504777	0.0399807	0.00497452	0.00406615	0.0131574	0.00757598	0.00409435	0.138467	0.00246649	0.0158586	0.00705611	0.533992	0.161338	0.00533959	0.00051743	0.00400204
23	0.229006	0.031615	0.0126124	0.0148403	0.0142488	0.328802	0.0137394	0.00870213	0.0235774	0.0130728	0.00430218	0.033936	0.0109163	0.0141306	0.0138595	0.170254	0.0437866	0.0116751	0.000981038	0.00594308
24	0.104612	0.0206328	0.00374479	0.020905	0.009723	0.00963217	0.00934088	0.155043	0.0198908	0.0582236	0.0254481	0.0166696	0.0163003	0.0239327	0.0103901	0.120114	0.164362	0.199875	0.000437773	0.0107228
25	0.0474142	0.00702068	0.00103357	0.00186209	0.0126519	0.00279397	0.00171419	0.368721	0.00264054	0.132208	0.0201878	0.00237385	0.00242587	0.00283296	0.00135839	0.00860684	0.0129409	0.365552	0.000485882	0.00517589
26	0.0461649	0.00858766	0.0672812	0.151554	0.0125205	0.0224198	0.077858	0.0126974	0.0818457	0.0501499	0.0203704	0.0452932	0.00756875	0.163794	0.0814902	0.0706476	0.0399265	0.0215554	0.00219711	0.016078
27	0.0173356	0.0115305	0.00113465	0.00203642	0.054084	0.0024039	0.00402599	0.116085	0.00592161	0.535096	0.116479	0.00377725	0.00125238	0.0113003	0.00358387	0.011058	0.0180395	0.0679537	0.000794938	0.0161076
28	0.0129492	0.00895136	0.0033645	0.00431128	0.105092	0.00918039	0.0119908	0.0275412	0.0069514	0.0633652	0.0196527	0.0103829	0.0036154	0.0127506	0.00735611	0.0211597	0.0198092	0.0303617	0.496579	0.124635
29	0.00877663	0.00203398	0.683002	0.0534357	0.00510412	0.0143098	0.00269666	0.00611322	0.00402426	0.00665651	0.00164476	0.142362	0.00560269	0.00944033	0.00597466	0.0344278	0.00902786	0.00346124	0.000444871	0.00146046
30	0.0177619	0.0149259	0.00388926	0.00325032	0.299874	0.00391967	0.0423119	0.0344444	0.0139287	0.120284	0.0145436	0.0103811	0.00491445	0.013583	0.00535403	0.0134213	0.0109855	0.0204891	0.0162897	0.335448
31	0.0558579	0.0115847	0.0236505	0.0520861	0.0130215	0.02512	0.0314594	0.0241769	0.113742	0.0593826	0.03327	0.042962	0.0115532	0.151065	0.152779	0.0868892	0.0480989	0.0486364	0.00269626	0.0119685
32	0.0406711	0.0215429	0.00194029	0.00813761	0.0397444	0.00445207	0.00669717	0.207202	0.0112627	0.283019	0.0874699	0.00748684	0.00443869	0.0134671	0.00828969	0.025496	0.0417285	0.166003	0.00102818	0.0199226
33	0.109255	0.0472978	0.0323712	0.0105134	0.0107169	0.232304	0.0389981	0.0056396	0.0738728	0.0159337	0.00405354	0.11502	0.0220858	0.0144091	0.0105526	0.193481	0.0430943	0.00820748	0.00117642	0.0110173
34	0.148144	0.023259	0.00382847	0.0131094	0.0167664	0.0152364	0.00873042	0.0953807	0.0326012	0.0362079	0.0194347	0.0195422	0.0125958	0.0200838	0.0256695	0.1346	0.176608	0.185666	0.000618062	0.0119175
35	0.0532148	0.0408207	0.00288537	0.00875582	0.0283545	0.00828752	0.00751463	0.137237	0.0219348	0.299951	0.089668	0.0130971	0.00447097	0.0220533	0.02466	0.0429146	0.0582647	0.11987	0.00113845	0.0149064
36	0.00804945	0.00172697	0.00115491	0.000653391	0.0124934	0.00161446	0.000381349	0.469306	0.00200517	0.192872	0.0234016	0.000805385	0.0046029	0.0022385	0.00043605	0.00270617	0.00559394	0.264899	0.000763507	0.00429639
37	0.0279376	0.00323587	0.349189	0.373198	0.0055259	0.0175756	0.0209709	0.00705727	0.0202291	0.00313896	0.0017562	0.0419462	0.00523183	0.0385056	0.00815425	0.0358005	0.0169879	0.0161915	0.000219361	0.00714782
38	0.0273061	0.00760364	0.0132667	0.0613307	0.00521911	0.0142228	0.021227	0.0102359	0.339047	0.0242274	0.011086	0.032891	0.00275435	0.0658377	0.223175	0.0528801	0.0667922	0.0141822	0.000923463	0.00579186
39	0.0175298	0.0147863	0.00359459	0.00328289	0.301317	0.00335936	0.041282	0.0347615	0.0132323	0.112624	0.0135468	0.0101234	0.00442709	0.0123541	0.00507431	0.0131788	0.0109161	0.01994	0.0172985	0.34737
40	0.0084638	0.0180771	0.283238	0.407338	0.0154176	0.00514187	0.0432914	0.00592045	0.0180059	0.0145612	0.00308485	0.0190606	0.00218683	0.00939287	0.0215699	0.0162597	0.0204238	0.0613373	0.000728953	0.0264993
41	0.0366724	0.000637244	0.343108	0.37251	0.00339063	0.0245795	0.00998483	0.00819818	0.0223372	0.00162083	0.00204461	0.0399273	0.00579563	0.0537234	0.00548404	0.0446451	0.0166635	0.00680389	0.000109525	0.00176473
42	0.00768915	0.00561265	0.00797384	0.00361983	0.00737455	0.00381887	0.866121	0.0045516	0.013742	0.0141811	0.00319652	0.00792648	0.00430007	0.0113011	0.00428629	0.0120794	0.0072006	0.00707671	0.000794708	0.00715323
43	0.0198322	0.00796108	0.315625	0.409723	0.00779279	0.0129287	0.0245241	0.00638986	0.0204871	0.00659085	0.0020597	0.0303579	0.00357502	0.0267503	0.0111581	0.0289393	0.016226	0.0361987	0.000378407	0.012502
44	0.11058	0.0126121	0.017286	0.0255755	0.00365956	0.0298076	0.0115146	0.0146897	0.0214862	0.0269457	0.00444491	0.0270473	0.407658	0.0279158	0.0141824	0.149898	0.0520842	0.0382009	0.000573973	0.00383806
45	0.0775861	0.0201033	0.00755959	0.00948945	0.0152827	0.00608482	0.00544414	0.247519	0.00665873	0.106507	0.0222558	0.00714411	0.00428724	0.00812357	0.00516416	0.0277669	0.0370322	0.376307	0.000529403	0.00915502
46	0.0273605	0.0138435	0.0159222	0.0349058	0.0065183	0.0214914	0.0309782	0.0148564	0.247623	0.0365036	0.0169287	0.0315697	0.00502334	0.0736741	0.299668	0.047486	0.0368538	0.0236191	0.00418845	0.0109855
47	0.424427	0.100053	0.00432749	0.00758451	0.00660316	0.214993	0.00272877	0.0075323	0.00731557	0.00820785	0.00237521	0.00871848	0.00577889	0.00589575	0.0041569	0.133375	0.0315935	0.0201059	0.000384074	0.00384363
48	0.0625094	0.00679474	0.000777479	0.00115675	0.0131511	0.00333821	0.00221443	0.341573	0.00291483	0.114624	0.0192085	0.00238453	0.00161447	0.00271428	0.00165451	0.009077	0.0101653	0.398795	0.000308827	0.00502384
49	0.0465898	0.00777616	0.0320226	0.0971237	0.0111022	0.0417809	0.0341612	0.0207631	0.115677	0.0787679	0.0478626	0.0395894	0.00467535	0.165305	0.126755	0.059718	0.0335372	0.024834	0.00196642	0.00999238
50	0.0578141	0.0766126	0.079852	0.0401135	0.00729085	0.0271695	0.0150604	0.0181977	0.0282491	0.0203689	0.00754927	0.102698	0.272136	0.0264605	0.011031	0.119035	0.0451538	0.0321208	0.00565419	0.00743345
51	0.0155664	0.00702727	0.000907837	0.00248463	0.0506997	0.00229321	0.00356422	0.177431	0.00358966	0.495459	0.0806663	0.00304884	0.00219656	0.00874717	0.00244503	0.00819037	0.0152793	0.102913	0.000823956	0.016666
52	0.0163087	0.011961	0.00260905	0.00274923	0.173163	0.00497621	0.00695918	0.105367	0.00607941	0.426342	0.079255	0.00490088	0.00672174	0.00911542	0.00284866	0.010603	0.0156115	0.0606086	0.00293222	0.0508886
53	0.159712	0.112409	0.00362287	0.00658437	0.00864443	0.0075214	0.00397771	0.086468	0.00554103	0.0401841	0.0103097	0.00808778	0.002759	0.00643267	0.00521379	0.0335071	0.0675174	0.424467	0.000827692	0.00621251
54	0.0452715	0.0192167	0.0108909	0.00673055	0.0108924	0.0177357	0.00711119	0.0122234	0.0191204	0.0192834	0.0108609	0.0614752	0.0119107	0.0243384	0.0134568	0.342026	0.335124	0.0217735	0.000476724	0.0100814
55	0.326958	0.0488311	0.00708573	0.0113233	0.0100824	0.387605	0.00379356	0.00819847	0.00938346	0.00878789	0.00247717	0.0137563	0.00992489	0.00488611	0.00585771	0.0960224	0.0324725	0.00976189	0.000448268	0.00234368
56	0.2966	0.0390259	0.00830633	0.0127915	0.0122519	0.35459	0.00422813	0.00735333	0.0147455	0.00973119	0.00311747	0.0169117	0.00796142	0.00928996	0.0110786	0.142166	0.0373797	0.00838972	0.000446521	0.00363505
57	0.00926568	0.0020775	0.671742	0.0694441	0.00524489	0.0137078	0.00328148	0.007225	0.00430347	0.00739664	0.00201649	0.133484	0.00540817	0.0106531	0.00575505	0.0329279	0.00904492	0.0046607	0.000421159	0.00194068
58	0.00970531	0.00178313	0.663865	0.0725423	0.0053847	0.0142801	0.00410734	0.00621356	0.00598309	0.00690731	0.00208105	0.132147	0.0054162	0.0124177	0.00694656	0.0336	0.00983346	0.0043738	0.000407607	0.00200469
59	0.0566129	0.0269801	0.00510209	0.00609759	0.293251	0.00762948	0.033781	0.0354732	0.0194929	0.0984053	0.0172659	0.0121248	0.00571496	0.013055	0.00589802	0.0199354	0.014995	0.0245808	0.0157111	0.287893
60	0.0466606	0.0189404	0.0111974	0.0139802	0.0109518	0.0102305	0.0121317	0.0537895	0.0829282	0.101549	0.0286127	0.0524556	0.0101278	0.0365905	0.0493014	0.176478	0.226252	0.0479597	0.00198352	0.00787944
61	0.022611	0.00292408	0.0011344	0.000876831	0.012137	0.0019203	0.000933232	0.436878	0.00211168	0.162812	0.0206298	0.00143676	0.00374302	0.0023942	0.000823986	0.00481314	0.00738139	0.30964	0.000682607	0.00411661
62	0.0252786	0.00763761	0.0149666	0.036163	0.00366899	0.0195945	0.0270664	0.00684149	0.345151	0.0258345	0.0123545	0.041239	0.00147802	0.0752549	0.271195	0.0472241	0.0252177	0.00869929	0.00128471	0.00384957
63	0.0262082	0.00528407	0.00100234	0.00186379	0.015536	0.00221201	0.00116459	0.403042	0.00268443	0.196114	0.0304619	0.00162696	0.00361342	0.00317646	0.00141344	0.00641916	0.00970868	0.281844	0.000565499	0.0060589
64	0.0100391	0.0065062	0.00254288	0.00301622	0.0474324	0.0104418	0.00327735	0.0107785	0.00355759	0.0309434	0.014719	0.0100205	0.00175919	0.0103337	0.00605646	0.0213846	0.0198745	0.0280934	0.676493	0.0827303
65	0.0161199	0.00392371	0.0488977	0.0131722	0.00259751	0.035633	0.0698795	0.00365543	0.0371742	0.0129815	0.00565224	0.383482	0.00226878	0.057842	0.0186951	0.193366	0.0490615	0.0186331	0.000472213	0.0264923
66	0.0122275	0.0117095	0.00416354	0.00278693	0.246983	0.00500824	0.0609237	0.0252482	0.0180874	0.122917	0.00578861	0.0117949	0.0018968	0.0224818	0.00673827	0.0171824	0.00952237	0.0192425	0.0154747	0.379822
67	0.0811184	0.00306447	0.075462	0.094824	0.00805283	0.0377043	0.0311443	0.0072793	0.0893054	0.0207188	0.00826951	0.0928825	0.00899731	0.096023	0.053519	0.183608	0.0825499	0.0157208	0.000605646	0.00915095
68	0.0404566	0.00949401	0.0211048	0.0248191	0.00325386	0.010042	0.00920213	0.0491818	0.0188239	0.282813	0.102099	0.038154	0.00480814	0.0523172	0.0144285	0.0810472	0.188715	0.0410578	0.00383444	0.00434816
69	0.0169637	0.00698158	0.00917265	0.0312121	0.00213268	0.0168573	0.0303039	0.00392389	0.381009	0.023706	0.00967085	0.0270832	0.000536051	0.0688694	0.309444	0.0353532	0.0185424	0.00393197	0.0014015	0.00290503
70	0.0172777	0.00685279	0.00936178	0.031562	0.00175299	0.0172237	0.0293121	0.00337404	0.382742	0.0241012	0.00954261	0.0268237	0.000438009	0.0690411	0.309478	0.0356355	0.0180077	0.0034454	0.00145986	0.00256744
71	0.0675629	0.0711503	0.00958856	0.0137783	0.0274341	0.0125499	0.00964331	0.130772	0.0175894	0.235959	0.0642939	0.0147924	0.00678725	0.0205656	0.014463	0.0715929	0.0573304	0.131871	0.00129837	0.0209777
72	0.0162941	0.0105771	0.000926345	0.00210901	0.0507397	0.00266059	0.0037303	0.120475	0.00550799	0.539967	0.100974	0.00417051	0.00149082	0.0133837	0.00402186	0.0118552	0.0224956	0.072321	0.000661514	0.0156385
73	0.0158862	0.014327	0.00556811	0.00391825	0.239317	0.00513361	0.0629358	0.0266376	0.0216612	0.11059	0.00921379	0.0212944	0.0030108	0.0222347	0.00933236	0.0203215	0.0121252	0.0211925	0.0148964	0.360404
74	0.0475616	0.0187669	0.0328391	0.012119	0.0121643	0.0171531	0.0175121	0.032655	0.0222744	0.0218394	0.0120773	0.11691	0.0163508	0.0307803	0.0331071	0.252354	0.238412	0.056397	0.000678954	0.00804786
75	0.0103103	0.00726344	0.00112583	0.00135037	0.0828141	0.0027482	0.00457535	0.0947371	0.00367592	0.576988	0.100124	0.00392376	0.00317343	0.0100931	0.00205682	0.00837631	0.0154798	0.0479461	0.00147714	0.0217612
76	0.0437477	0.0282854	0.0248818	0.020966	0.0205389	0.00617285	0.0373649	0.0576477	0.146803	0.0828785	0.0175913	0.0572494	0.00527381	0.0448283	0.081501	0.0945324	0.149232	0.0692423	0.00238028	0.00888282
77	0.307908	0.0402088	0.00792144	0.0130736	0.0108514	0.384883	0.00531064	0.00861197	0.012193	0.00999729	0.00341442	0.0159534	0.0096159	0.0078949	0.00941608	0.104904	0.0341648	0.00986343	0.000633738	0.00317991
78	0.00758334	0.00581132	0.00874978	0.00416335	0.00743963	0.00394185	0.858787	0.00465984	0.0137436	0.0148475	0.00328353	0.00915382	0.00425036	0.0126688	0.00425516	0.012802	0.00773317	0.00748019	0.000870197	0.00777604
79	0.0467752	0.0125513	0.0331101	0.0268309	0.0154692	0.0202584	0.0128292	0.0510964	0.0399879	0.261706	0.139709	0.0298061	0.00627542	0.0657647	0.0263442	0.054299	0.0978949	0.0447242	0.00363557	0.010932
80	0.00949822	0.00275948	0.66921	0.0677695	0.00536026	0.0140454	0.00361507	0.0069465	0.00523034	0.0062177	0.00181718	0.134852	0.00547353	0.0105922	0.00597133	0.0337673	0.00941331	0.00425598	0.000382379	0.00282219
81	0.0193209	0.0158843	0.00353465	0.00361371	0.315764	0.00323861	0.0372665	0.0385727	0.0122119	0.118161	0.0165555	0.00997374	0.00547526	0.0103231	0.00456584	0.0121867	0.0115626	0.0201793	0.0174685	0.324141
82	0.0417081	0.0048361	0.000926171	0.00104067	0.0127751	0.00253611	0.00138826	0.392404	0.00243491	0.139166	0.0200759	0.00180033	0.00261108	0.00239181	0.00116289	0.00678079	0.00837723	0.35255	0.00048195	0.00455263
83	0.0323032	0.0161014	0.0170526	0.0348314	0.00844424	0.0203729	0.0302853	0.0168383	0.229958	0.0393545	0.0185659	0.0324629	0.00601684	0.0743874	0.289512	0.0522024	0.0385596	0.0268446	0.00226211	0.0136441
84	0.0439933	0.0294738	0.00958372	0.00803875	0.0142221	0.0144453	0.00785138	0.0167049	0.0255006	0.0239727	0.0188947	0.0496499	0.0137436	0.028529	0.014311	0.30906	0.323906	0.0382073	0.000568917	0.00934309
85	0.165617	0.0835855	0.00409143	0.00917466	0.0129702	0.00985747	0.00469804	0.0870881	0.00907482	0.0612773	0.0170359	0.0117298	0.00471411	0.0107342	0.00676212	0.0519005	0.114843	0.326696	0.00058849	0.00756053
86	0.0400075	0.0264597	0.0244128	0.0480253	0.175191	0.00867579	0.0521898	0.0170518	0.0338441	0.0217605	0.0648682	0.0366425	0.00390583	0.107341	0.0128108	0.067816	0.0867687	0.08766	0.00169093	0.082878
87	0.0271924	0.0184672	0.00528372	0.00518924	0.35173	0.00588278	0.0200597	0.0544711	0.00940216	0.160329	0.0340895	0.00811039	0.00961706	0.00741508	0.00336093	0.0154837	0.0163705	0.0297389	0.0148883	0.202918
88	0.00783379	0.00582509	0.00848958	0.00389255	0.00776146	0.00410046	0.852268	0.00530196	0.0140768	0.0151312	0.0039222	0.00997231	0.00429124	0.0124529	0.0054572	0.0134869	0.00817067	0.00762114	0.000777983	0.0091666
89	0.0268745	0.00252745	0.0298649	0.0293417	0.00918498	0.0406965	0.226525	0.010898	0.0513068	0.0311476	0.0123915	0.134268	0.0360066	0.106512	0.084561	0.0552808	0.0430934	0.0185609	0.00748867	0.0434685
90	0.0411564	0.00266927	0.201213	0.234955	0.00821859	0.0162176	0.0186553	0.035162	0.0812674	0.0140198	0.00957503	0.0791226	0.0200752	0.047334	0.0154335	0.0588844	0.0821711	0.0283933	0.000433534	0.00504352
91	0.0303782	0.0360495	0.0161073	0.00718835	0.0569274	0.00711215	0.173057	0.0138889	0.0399462	0.0815351	0.0208086	0.0835557	0.00137721	0.0571106	0.0288343	0.0522407	0.0209371	0.0250189	0.00403463	0.243892
92	0.062057	0.0120137	0.0122699	0.0188868	0.0063622	0.0128708	0.0107309	0.0181499	0.0173546	0.0222989	0.00282047	0.0176823	0.560705	0.0187	0.00971365	0.114163	0.0328751	0.044736	0.000893897	0.00471511
93	0.00983143	0.00619266	0.00250428	0.00294992	0.0440602	0.0107302	0.00350148	0.00919159	0.00375937	0.0266056	0.0136004	0.00998717	0.00158042	0.0106047	0.0062677	0.0222043	0.0200851	0.0272583	0.686226	0.0828586
94	0.0596197	0.0187603	0.00197382	0.00704173	0.0191551	0.00457471	0.00511279	0.296238	0.00577847	0.130054	0.0324711	0.00668592	0.00403263	0.00840022	0.00364366	0.0217648	0.0380851	0.317938	0.000776842	0.0178934
95	0.0116208	0.00268818	0.00110599	0.000922436	0.0131566	0.00160413	0.00052274	0.450309	0.00200074	0.201265	0.0260544	0.000817981	0.00447036	0.00256133	0.000737537	0.00336583	0.00656542	0.264703	0.000740269	0.00478839
96	0.0813445	0.0136369	0.0359418	0.0431857	0.0123062	0.039948	0.0242887	0.0165773	0.0476728	0.0357625	0.0175061	0.0782808	0.0259379	0.074655	0.0371992	0.259369	0.116847	0.0261754	0.00103682	0.0123282
97	0.562804	0.135142	0.000875973	0.00361511	0.000781202	0.0492149	0.00086791	0.00885092	0.005327	0.00428448	0.00127764	0.00347182	0.000656968	0.00598477	0.00170308	0.158419	0.0257219	0.0292691	0.000189013	0.00154308
98	0.0776193	0.02237	0.0602128	0.0523742	0.00957171	0.0309353	0.0185196	0.011378	0.0329564	0.0187837	0.00831674	0.0847636	0.0123702	0.0449593	0.0236901	0.295953	0.162961	0.0191485	0.00104883	0.0120684
99	0.00758717	0.00190394	0.689954	0.0462735	0.00513946	0.0139796	0.0030363	0.0061365	0.00400734	0.00623231	0.00162356	0.146797	0.00547186	0.00841832	0.00596334	0.0330107	0.00885485	0.00365305	0.00039423	0.00156299
100	0.0103896	0.00428898	0.665522	0.0679286	0.00547008	0.0145941	0.00344292	0.00692219	0.00475678	0.00643999	0.00190916	0.132524	0.00549227	0.010213	0.0060165	0.0356779	0.00996149	0.00541746	0.00105225	0.00198152
101	0.0523948	0.01586	0.0167759	0.0287953	0.0674358	0.0241813	0.043275	0.0424907	0.0359924	0.0873283	0.102956	0.0654068	0.00999619	0.125475	0.034256	0.10387	0.0553288	0.0511287	0.00252928	0.0345231
102	0.0788519	0.0216373	0.0170262	0.018801	0.01993	0.0179353	0.0159556	0.0562152	0.0316756	0.0444024	0.0201767	0.0667326	0.0200972	0.0381694	0.023622	0.158549	0.229572	0.103239	0.00133768	0.0160738
103	0.0783437	0.00841307	0.000886718	0.00262921	0.015519	0.00456004	0.0027939	0.316898	0.00312725	0.119092	0.0232442	0.00334586	0.000822933	0.00311043	0.00233388	0.0140749	0.0147906	0.380316	0.000208146	0.00549017
104	0.0387824	0.020215	0.0132544	0.0301655	0.0150467	0.0207857	0.0309854	0.0373545	0.145664	0.0759772	0.0517929	0.0327019	0.0045789	0.0783288	0.24749	0.0517225	0.043899	0.0442728	0.00350128	0.0134804
105	0.0114022	0.00172175	0.00118724	0.00055937	0.0120995	0.00149581	0.000494977	0.465605	0.00187405	0.177708	0.0209621	0.000916725	0.0044025	0.00226223	0.000510648	0.00293505	0.00575545	0.283516	0.000774421	0.00381651
106	0.0121123	0.00638119	0.00300258	0.00327315	0.0421243	0.0108313	0.00364639	0.00937092	0.00362025	0.0265554	0.0136563	0.0103746	0.0018916	0.0111831	0.00637952	0.0252104	0.0212645	0.0276114	0.681419	0.0800918
107	0.0115412	0.00291864	0.58458	0.0528665	0.00498483	0.0165666	0.0115459	0.00676366	0.0117883	0.0075216	0.00238201	0.184166	0.00597488	0.0176245	0.00861624	0.0454157	0.0135564	0.00666532	0.000512532	0.00400916
108	0.0108446	0.00747824	0.00280836	0.00311571	0.0865736	0.00913211	0.00870892	0.0140211	0.00515379	0.0431007	0.0169828	0.0105428	0.00228098	0.0110816	0.00641011	0.0197694	0.0184415	0.0282895	0.580748	0.114516
109	0.0496703	0.0105154	0.0577906	0.0735597	0.0215256	0.0212908	0.0848432	0.0190123	0.0633592	0.0846934	0.0234888	0.0681874	0.00922925	0.160204	0.0643754	0.0774771	0.0415681	0.0290473	0.0036288	0.0365331
110	0.0563514	0.00640457	0.0281924	0.0217473	0.00602825	0.0615974	0.0215404	0.00633534	0.0513819	0.0107921	0.00530482	0.156261	0.00553995	0.0419603	0.0275388	0.342863	0.13263	0.00896672	0.000555335	0.00800892
111	0.0404625	0.0126313	0.0186127	0.03997	0.00689373	0.0650618	0.0272648	0.0158272	0.209953	0.0387177	0.0190203	0.0465696	0.0102962	0.0721905	0.244735	0.0576991	0.0363912	0.0256874	0.00228618	0.00973026
112	0.0992405	0.00555945	0.0210253	0.0213463	0.00559835	0.0202167	0.0323425	0.0118969	0.0540662	0.0162006	0.00735017	0.114755	0.0387573	0.0937277	0.0255107	0.253851	0.14949	0.0228616	0.000662643	0.00554179
113	0.0477792	0.0471174	0.0095051	0.0305957	0.0161319	0.0111861	0.012531	0.0854921	0.0315337	0.204766	0.0776662	0.0266457	0.00674933	0.0362827	0.0505092	0.112787	0.105717	0.0697325	0.00312133	0.014151
114	0.00609034	0.00124952	0.00123373	0.00043347	0.0119692	0.00134467	0.000347965	0.477573	0.00186239	0.185321	0.0213587	0.000767141	0.00474479	0.00220274	0.00038239	0.00223701	0.00527222	0.271019	0.000808179	0.00378252
115	0.560138	0.127397	0.00105656	0.00343963	0.000992062	0.0470201	0.00107584	0.00877251	0.00526744	0.00486089	0.00160518	0.00410956	0.000679234	0.00597259	0.00189032	0.166664	0.0277245	0.0290731	0.000255296	0.00200629
116	0.0358653	0.0238486	0.00801385	0.0229863	0.0140331	0.00954498	0.00543333	0.339826	0.00490558	0.0802081	0.023956	0.0109667	0.00148748	0.0107518	0.00255471	0.0427244	0.0867594	0.270523	0.00105026	0.00456101
117	0.0300567	0.0158	0.00145367	0.00484773	0.0530175	0.00249402	0.005894	0.158828	0.00936926	0.41214	0.102363	0.0057429	0.00369164	0.0119408	0.00582398	0.0156343	0.0247288	0.114439	0.00112306	0.0206117
118	0.128067	0.019213	0.0130599	0.0158175	0.0222859	0.0225379	0.0113039	0.0311242	0.0250124	0.0268222	0.0117201	0.0557106	0.0488956	0.0365613	0.0303761	0.191568	0.223993	0.0752672	0.000605745	0.0100584
119	0.245261	0.0314966	0.0130261	0.0204046	0.0116614	0.390835	0.00754067	0.00865748	0.0281427	0.0119349	0.00409539	0.0357054	0.00897604	0.0135337	0.0198155	0.098641	0.033844	0.0098233	0.00138505	0.0052203
120	0.00921287	0.00645165	0.00835464	0.005171	0.00980956	0.00455687	0.815077	0.00794643	0.0175237	0.0214692	0.00542332	0.0100175	0.00441014	0.0157717	0.00788163	0.0161441	0.0100932	0.00964899	0.00102661	0.0140104
121	0.043748	0.0217587	0.0372568	0.0172109	0.00623166	0.0242614	0.0227886	0.00953124	0.0313302	0.0115785	0.00733877	0.159812	0.00744428	0.0277456	0.0287271	0.311621	0.199212	0.0164676	0.000674867	0.0152598
122	0.0171407	0.00985301	0.0389501	0.0287029	0.0262959	0.0122803	0.521884	0.00848625	0.0253803	0.0320891	0.00860255	0.056967	0.00756402	0.0372167	0.0213216	0.0345119	0.019948	0.0163217	0.00268694	0.0737972
123	0.0127422	0.0121596	0.00414988	0.00292809	0.248707	0.00553544	0.0595414	0.0254126	0.0183651	0.129667	0.00889512	0.0126521	0.00254038	0.025422	0.0074716	0.0179018	0.00995777	0.019752	0.0148743	0.361325
124	0.0758441	0.0167965	0.00159073	0.00448773	0.0105789	0.00413901	0.00289378	0.2634	0.00352099	0.0758559	0.016704	0.00400508	0.00142918	0.00446966	0.0019064	0.0150521	0.0323873	0.458769	0.000325087	0.00584491
125	0.0496791	0.0198315	0.0136379	0.0194602	0.0439997	0.0179438	0.0175623	0.11584	0.0278051	0.215887	0.122589	0.026698	0.010693	0.0385785	0.027362	0.0541998	0.0518949	0.0945424	0.00502614	0.0267696
126	0.088025	0.334606	0.0134421	0.0065558	0.00599428	0.0494327	0.0186133	0.00629976	0.0080699	0.014442	0.0168402	0.0222172	0.00437443	0.00989086	0.018518	0.307989	0.0261227	0.024255	0.0011808	0.0231313
127	0.484402	0.13731	0.00499772	0.00856308	0.00347156	0.0439389	0.00208413	0.0099459	0.00594557	0.0161188	0.00356272	0.00650181	0.00311125	0.0130096	0.00288572	0.152006	0.042144	0.0499668	0.000453037	0.00958144
128	0.0535047	0.00606307	0.02663	0.0917769	0.0148242	0.018544	0.0434827	0.0144389	0.0969454	0.102718	0.0459007	0.0312649	0.0033664	0.201853	0.114264	0.0788761	0.0274692	0.0191016	0.0013745	0.00760168
129	0.020626	0.0156623	0.00460248	0.00506041	0.292091	0.00418265	0.0455156	0.0391092	0.0131254	0.11363	0.0184344	0.0124876	0.00580036	0.0159653	0.00626481	0.0178652	0.0138921	0.0237282	0.0393587	0.292598
130	0.0240061	0.0022557	0.483766	0.219539	0.00499656	0.0170888	0.0105182	0.0077627	0.0180365	0.00498365	0.00218612	0.0857425	0.00663952	0.0310068	0.00842697	0.0413957	0.0186355	0.00994199	0.000271422	0.00279982
131	0.0103799	0.00730318	0.000989729	0.0012387	0.0739442	0.00256641	0.00447093	0.0962632	0.00398699	0.583427	0.0987907	0.00393715	0.00269239	0.0106909	0.00243259	0.00883798	0.0153611	0.0476085	0.00153731	0.0235411
132	0.00647139	0.00118452	0.00123063	0.000406494	0.011714	0.00134272	0.000362387	0.476569	0.00185084	0.184073	0.021203	0.000789965	0.00476213	0.00222639	0.000387006	0.00228018	0.00525179	0.27337	0.00085158	0.00367265
133	0.0895552	0.00870029	0.000524309	0.00122696	0.0147844	0.00398691	0.00231912	0.287821	0.00298305	0.108392	0.0208278	0.00275879	0.000687609	0.00255072	0.00222857	0.0103617	0.00917295	0.425886	0.000158481	0.00507435
134	0.0698625	0.0208645	0.0128228	0.00968496	0.0112729	0.0263263	0.0089703	0.0137703	0.022025	0.0204311	0.0100615	0.0634048	0.0116359	0.025364	0.0155802	0.344501	0.27616	0.0269887	0.000552579	0.00972052
135	0.412504	0.0887623	0.00446928	0.00814552	0.00615907	0.268937	0.00240594	0.00749914	0.00682215	0.00643782	0.0018686	0.00922476	0.00646842	0.00488884	0.00397566	0.115233	0.0294191	0.0147858	0.000229396	0.00176313
136	0.17283	0.10969	0.0128721	0.0107196	0.0123543	0.0642729	0.0112166	0.0151294	0.0213294	0.0237473	0.0125686	0.0355369	0.008481	0.0192306	0.018186	0.295729	0.10879	0.0294232	0.0012268	0.0166659
137	0.015109	0.00915383	0.00217193	0.00382088	0.0571574	0.00367162	0.0048582	0.104737	0.00696408	0.540638	0.107792	0.00570641	0.00215142	0.0143374	0.00566776	0.0133277	0.0223809	0.0616435	0.00111909	0.0175921
138	0.00910906	0.00178789	0.685161	0.0524074	0.00509395	0.0140365	0.00296818	0.0059896	0.00365635	0.0062232	0.00159367	0.142581	0.00541502	0.00911275	0.00600013	0.034333	0.00921468	0.003422	0.000369704	0.00152412
139	0.0593241	0.00506724	0.0274633	0.095785	0.00789377	0.0273926	0.0278478	0.0137632	0.169213	0.0654628	0.0242295	0.0334682	0.00626232	0.152102	0.133641	0.0771672	0.0394721	0.0247832	0.000472546	0.00918872
140	0.0647367	0.0219711	0.0124391	0.00836075	0.0120458	0.0229068	0.00974199	0.0129245	0.0203693	0.0188323	0.00991017	0.0644887	0.0134471	0.0252059	0.0138469	0.343777	0.289489	0.0244245	0.000658736	0.0104237
141	0.0831198	0.00795631	0.000841912	0.00256632	0.0161564	0.0045465	0.00285546	0.307537	0.00318634	0.123598	0.0238337	0.00307921	0.000771661	0.00303238	0.0028482	0.0129989	0.0121412	0.38301	0.000165498	0.00575478
142	0.0331025	0.0194251	0.0141349	0.0291477	0.0134641	0.0174952	0.0274341	0.0301965	0.171467	0.0675795	0.0489491	0.0312797	0.00400458	0.0748467	0.274689	0.0506978	0.0394137	0.0374753	0.00318756	0.0120096
143	0.0239899	0.00608322	0.00152825	0.00316766	0.012567	0.00303358	0.00152345	0.422635	0.0022255	0.142206	0.021511	0.00287448	0.00301394	0.00334352	0.000940351	0.0103834	0.0204633	0.313654	0.000634805	0.00422169
144	0.0115911	0.00754489	0.00328766	0.00471156	0.041488	0.0113354	0.0049013	0.0100499	0.00570349	0.0270303	0.0141308	0.0128019	0.00400729	0.0164449	0.00794161	0.0232583	0.0210587	0.0283301	0.665956	0.0784265
145	0.0207046	0.00263095	0.542692	0.0500398	0.00516288	0.0163498	0.0113862	0.00646311	0.0230358	0.00892699	0.0032749	0.165745	0.00520721	0.026052	0.020854	0.0604914	0.0193524	0.00731516	0.000320898	0.00399499
146	0.04119	0.021864	0.00511634	0.0132675	0.0785298	0.00571559	0.0155596	0.177991	0.0201223	0.156301	0.0794224	0.0175714	0.0139914	0.0230992	0.0116917	0.0356766	0.081109	0.143073	0.00271665	0.0559922
147	0.139909	0.0176907	0.00655984	0.00558965	0.0216517	0.108034	0.00335333	0.00275867	0.0190351	0.010764	0.00343412	0.0359035	0.00171883	0.00736036	0.00550034	0.49025	0.110316	0.00444016	0.000609353	0.00512213
148	0.0355456	0.013244	0.00702379	0.0190152	0.0645717	0.0103303	0.021541	0.156027	0.0277168	0.22412	0.101229	0.0248153	0.0200606	0.0264645	0.0153885	0.0353112	0.0396496	0.109307	0.00482104	0.043817
149	0.0220453	0.0166293	0.00732679	0.00637612	0.277447	0.0318156	0.0283279	0.0395972	0.0145396	0.223002	0.0383983	0.0132541	0.0103858	0.0303943	0.0086704	0.026019	0.0161376	0.0238086	0.00813494	0.157691
150	0.0896523	0.0192202	0.0296457	0.0282632	0.0138485	0.131516	0.0288268	0.031701	0.0389292	0.0386093	0.0182554	0.108961	0.018502	0.0401826	0.027567	0.128538	0.112179	0.0747753	0.00239845	0.0184284
151	0.138924	0.00567223	0.0375375	0.0663589	0.0037506	0.0478832	0.0170287	0.0164629	0.0254216	0.0294276	0.00724215	0.0671604	0.0704525	0.0768853	0.0187185	0.164543	0.132674	0.0687253	0.000428727	0.00470271
152	0.0644229	0.0221918	0.00846875	0.00590298	0.0175974	0.0206712	0.00525575	0.030808	0.0137779	0.0266519	0.0113661	0.064269	0.0259044	0.0402168	0.01542	0.260718	0.30422	0.0546188	0.000367483	0.00715061
153	0.0467594	0.00103802	0.289542	0.280594	0.0042034	0.0276392	0.0149694	0.00822352	0.0454765	0.00966419	0.00553915	0.0589649	0.00713187	0.0721232	0.0211553	0.064207	0.0305699	0.00835628	0.000185303	0.00365768
154	0.217193	0.0581159	0.00182865	0.0131621	0.0237941	0.0142158	0.00429253	0.0619333	0.00745462	0.0242064	0.0147518	0.0169046	0.00772128	0.0100253	0.00464134	0.127065	0.149322	0.237609	0.000402337	0.00536077
155	0.0340965	0.019662	0.00440375	0.0170636	0.0144731	0.010176	0.00410498	0.35208	0.00368598	0.0774081	0.0258287	0.0105389	0.00145335	0.00894761	0.00184261	0.0431158	0.0886747	0.277939	0.00050553	0.00399925
156	0.0540317	0.0341475	0.00216481	0.00733667	0.0271003	0.00633237	0.00611444	0.204752	0.0138938	0.260917	0.0681149	0.00772382	0.00401274	0.0144349	0.0166088	0.0261219	0.0374542	0.193535	0.00100503	0.014198
157	0.0189542	0.00694263	0.010748	0.0344964	0.00170833	0.0173989	0.0293142	0.00380259	0.371986	0.0248902	0.010183	0.0286154	0.000623124	0.072737	0.301418	0.0388703	0.0193395	0.00402506	0.00135013	0.00259794
158	0.0114416	0.011449	0.00464978	0.00333028	0.23621	0.00553392	0.0664889	0.0224099	0.0191515	0.125217	0.00546441	0.0130792	0.0017589	0.0291532	0.00764671	0.0210215	0.0103771	0.0211783	0.0144798	0.369959
159	0.0340068	0.0193974	0.00455584	0.0172826	0.0155288	0.00949748	0.00451478	0.351945	0.00354918	0.0811353	0.0255113	0.0104715	0.000765101	0.00897461	0.00186443	0.0412064	0.0840888	0.28092	0.000528133	0.00425629
160	0.0361347	0.0152581	0.0108064	0.0183505	0.0491436	0.0315631	0.0151955	0.0952265	0.0253553	0.216717	0.0875419	0.0200544	0.00955609	0.0344985	0.0353991	0.0400048	0.0445235	0.0926029	0.087392	0.0346763
161	0.0353083	0.00438922	0.306534	0.332092	0.00694874	0.0192672	0.0205307	0.00995139	0.0312812	0.00732426	0.00340387	0.0483087	0.00695189	0.0446957	0.0132628	0.050322	0.0322073	0.020356	0.000263827	0.00660048
162	0.31059	0.0379755	0.00668741	0.0117401	0.0120494	0.408055	0.00274367	0.0075743	0.0082986	0.00829949	0.00319081	0.0119515	0.00886342	0.00618248	0.00735241	0.102084	0.0373276	0.00641756	0.000518989	0.00209781
163	0.00803202	0.00541501	0.00831679	0.00383992	0.00755886	0.00421455	0.855504	0.00486652	0.0142951	0.0150591	0.00367554	0.00869331	0.004163	0.0128178	0.00518516	0.0137551	0.00834633	0.00743173	0.000835682	0.00799461
164	0.0511389	0.00106948	0.265099	0.287667	0.00450244	0.0225487	0.0180522	0.0115387	0.0423796	0.00659377	0.00411526	0.0636075	0.0104264	0.0566034	0.0166722	0.077122	0.0455617	0.0123548	0.000145307	0.00280165
165	0.0251848	0.00610813	0.0196074	0.0422594	0.00230779	0.019776	0.0257961	0.0056519	0.328468	0.02593	0.0123898	0.0393892	0.0010365	0.084983	0.277312	0.0468537	0.0232652	0.00846547	0.00114401	0.00407222
166	0.0998024	0.0152582	0.0316984	0.0538376	0.0157025	0.217992	0.022784	0.0140806	0.0852975	0.031524	0.0150062	0.0666377	0.0135827	0.0794088	0.0622089	0.0952536	0.041471	0.0215659	0.00242289	0.0144651
167	0.0356816	0.00659356	0.00120411	0.00261105	0.0146264	0.00291942	0.00187633	0.386861	0.00298278	0.158986	0.0251411	0.00243416	0.00336054	0.00385776	0.00167451	0.00915968	0.0143717	0.319087	0.000580806	0.00598993
168	0.0311359	0.00881626	0.0726413	0.0343229	0.00754786	0.0416452	0.057289	0.0113276	0.057513	0.0248262	0.0104225	0.30088	0.00900096	0.0618564	0.0335983	0.136655	0.0480369	0.0255425	0.00205646	0.0248863
169	0.0597621	0.0311614	0.00549456	0.00651339	0.13862	0.0123385	0.0135288	0.0217217	0.00870849	0.0519248	0.0177812	0.0147504	0.00517312	0.0131607	0.00680505	0.0380791	0.0223775	0.0287532	0.375204	0.128142
170	0.18075	0.12138	0.00316744	0.00639603	0.00810968	0.00687515	0.00339969	0.0614052	0.00529983	0.0338887	0.00810816	0.00800314	0.00246125	0.00573763	0.00460966	0.0343595	0.0747119	0.426116	0.000941614	0.0042795
171	0.370913	0.0297221	0.0127897	0.00296582	0.0135176	0.0243516	0.0125277	0.0032781	0.00392754	0.0132601	0.00961251	0.0166449	0.00163046	0.00511582	0.00476638	0.357647	0.0894242	0.016889	0.00241348	0.00860327
172	0.0425667	0.0182592	0.0135901	0.00678677	0.00854066	0.0184556	0.00701236	0.00948234	0.0229644	0.0165793	0.008121	0.0703634	0.0104201	0.0230327	0.0133054	0.350355	0.336057	0.0150187	0.000260799	0.00882844
173	0.0288421	0.00916184	0.0358285	0.0429373	0.00966382	0.0574064	0.00958186	0.0138687	0.0166904	0.24972	0.239393	0.040874	0.00536879	0.0983513	0.0111617	0.0567661	0.0455521	0.0180215	0.00305865	0.00775224
174	0.0401119	0.0688699	0.0976754	0.0696696	0.00675745	0.0147448	0.017787	0.0190674	0.0346429	0.0187089	0.00756461	0.161331	0.224137	0.0314702	0.0137062	0.0890221	0.0406221	0.0274195	0.00910736	0.0075855
175	0.028319	0.0121374	0.00422197	0.00987315	0.0655671	0.00394098	0.0150601	0.135173	0.0184	0.353624	0.0908048	0.012979	0.0104819	0.0218509	0.0106709	0.0225205	0.0359238	0.101704	0.0021044	0.0446435
176	0.00989557	0.00214355	0.00113315	0.000810809	0.0130513	0.00158494	0.000538636	0.463532	0.00198869	0.191135	0.0233928	0.000890221	0.00448408	0.00228361	0.000613441	0.00311677	0.00631108	0.267985	0.000749074	0.00436098
177	0.0906062	0.0068984	0.000474684	0.00108183	0.0157078	0.00409715	0.0023849	0.2971	0.00286793	0.112608	0.0219247	0.00265112	0.000652792	0.00238726	0.00216945	0.010227	0.00687052	0.413939	0.000144065	0.00520768
178	0.0474391	0.0195919	0.0121865	0.00889892	0.0111197	0.0206126	0.00919873	0.0128367	0.0213625	0.020582	0.0110893	0.0675772	0.0128738	0.0269868	0.0143064	0.347309	0.301765	0.0226193	0.000634681	0.0110097
179	0.334187	0.0398507	0.006168	0.0116476	0.0104645	0.419214	0.00133352	0.00758381	0.00567689	0.00710089	0.00234456	0.00862608	0.0077484	0.00431275	0.00653905	0.0874997	0.0323323	0.00577463	0.000265909	0.00132911
180	0.244861	0.0217375	0.00497981	0.00706644	0.0193095	0.193394	0.00255392	0.00365264	0.0129589	0.0100557	0.00250863	0.00485138	0.00195377	0.00487322	0.00707427	0.40039	0.0458686	0.00590675	0.000734567	0.0052696
181	0.00940889	0.00197985	0.668063	0.0765378	0.00504198	0.013731	0.00378591	0.00613778	0.00568991	0.00609345	0.00173216	0.130055	0.00520908	0.0109228	0.0066459	0.0323498	0.00900658	0.00492288	0.000386639	0.00229906
182	0.00872476	0.00207113	0.681037	0.0648135	0.00512919	0.0139219	0.00290639	0.00605656	0.00424012	0.00583844	0.00168213	0.135021	0.00522305	0.00989121	0.00558305	0.0325236	0.00895764	0.00427912	0.000410819	0.0016892
183	0.0209209	0.0111072	0.0119243	0.032319	0.00473901	0.0158224	0.0328686	0.00951968	0.325107	0.0269823	0.0123567	0.0295398	0.00244593	0.0698899	0.298281	0.0421378	0.0329688	0.012293	0.00175448	0.00702219
184	0.0328558	0.00730538	0.0405126	0.0515165	0.0165144	0.00934854	0.0371579	0.0472623	0.0974611	0.224463	0.018969	0.0614542	0.0112353	0.0816817	0.0272737	0.0382563	0.0812415	0.0920464	0.00187198	0.0215722
185	0.0393821	0.00584275	0.000964573	0.00124983	0.0127172	0.00252077	0.00175535	0.396256	0.00239467	0.135172	0.0198276	0.00201999	0.00265158	0.00268226	0.00114246	0.00748205	0.00987838	0.350905	0.000467098	0.00468804
186	0.0205263	0.00836722	0.0112689	0.0323493	0.00261975	0.0167522	0.0283498	0.00611555	0.357708	0.025761	0.0105767	0.0295169	0.00104071	0.0699674	0.299326	0.0422754	0.0249577	0.00726738	0.00135467	0.0038994
187	0.0264065	0.0116575	0.000537471	0.00343769	0.0267371	0.00252864	0.00162076	0.295258	0.00319053	0.327292	0.0625762	0.00129438	0.00228071	0.00567778	0.00246788	0.0094625	0.014095	0.192339	0.000419179	0.0107209
188	0.00973296	0.0062847	0.00247513	0.00318692	0.0435331	0.0104547	0.00282765	0.0103894	0.00334315	0.0277311	0.0138514	0.00984766	0.00158975	0.0102334	0.00604355	0.0217971	0.0204474	0.0282196	0.687326	0.0806855
189	0.0300153	0.00937782	0.0229061	0.0566345	0.00565893	0.0182197	0.0378751	0.0119137	0.264869	0.0349174	0.0146378	0.0360602	0.00421572	0.0844798	0.248922	0.0498885	0.038221	0.0197053	0.00160188	0.00987979
190	0.0229411	0.0183887	0.00387776	0.00362359	0.36288	0.00233548	0.0221271	0.0478036	0.00840818	0.120699	0.0252395	0.00758283	0.00797262	0.00363373	0.00246319	0.00952686	0.0126576	0.0195248	0.0191566	0.279158
191	0.044045	0.0179097	0.0128711	0.00750167	0.0131215	0.0186639	0.0108068	0.0104127	0.019409	0.0166253	0.00792644	0.0940255	0.0109487	0.0221223	0.0147729	0.358929	0.282532	0.0161827	0.00066666	0.0205273
192	0.036861	0.00052135	0.346188	0.37376	0.00329317	0.023352	0.00994241	0.00820931	0.0216199	0.001261	0.00181551	0.0398289	0.00584496	0.0527409	0.0050627	0.0449326	0.0164772	0.00655752	0.000111008	0.00162
