353	20
1	0.0656718	0.0242136	0.0181998	0.0633866	0.00258186	0.0301179	0.00921288	0.0183766	0.180542	0.0290396	0.0235146	0.0573531	0.033679	0.0941528	0.190676	0.0534221	0.0846722	0.0163168	0.000656361	0.00421441
2	0.0320245	0.00474089	0.00353527	0.00643632	0.0211371	0.00395612	0.00129892	0.191362	0.00681195	0.460117	0.0559371	0.00356223	0.00126782	0.00265398	0.00109614	0.00775033	0.0215073	0.172294	0.000215533	0.00229533
3	0.0392507	0.0130228	0.00463748	0.00788934	0.0524408	0.0101016	0.0699398	0.209716	0.0072251	0.203239	0.0304606	0.0125073	0.00819394	0.00830107	0.0310341	0.022655	0.0247222	0.172255	0.0233316	0.0490767
4	0.0231098	0.00647354	0.00158649	0.00259275	0.0180623	0.00247585	0.00269686	0.421971	0.00244034	0.210047	0.0236054	0.00252967	0.00227957	0.00147113	0.00380356	0.00710623	0.0100783	0.254998	0.000278275	0.00239415
5	0.013273	0.00463903	0.00965203	0.0282827	0.00545512	0.00271186	0.0361562	0.00557235	0.259532	0.0132797	0.00418239	0.0204393	0.000882076	0.073358	0.437886	0.0187618	0.0351452	0.0219834	0.00240489	0.00640217
6	0.0524224	0.00788074	0.0356273	0.0174915	0.0108078	0.333396	0.0768953	0.00874956	0.0289349	0.0107477	0.00269384	0.137094	0.0203089	0.0726962	0.107776	0.0461561	0.0222583	0.00530233	0.000632761	0.00212808
7	0.063741	0.0158573	0.00627169	0.0116781	0.00412676	0.766333	0.00590484	0.0130508	0.00422049	0.010044	0.0036217	0.00923732	0.00511616	0.0128436	0.0106398	0.0242145	0.0120496	0.00957803	0.00939905	0.00207197
8	0.0173805	0.00480644	0.00794754	0.0333378	0.00688252	0.00562126	0.0485287	0.0100928	0.232054	0.0150635	0.00648218	0.0316554	0.00293004	0.0580122	0.401186	0.0215196	0.0559519	0.0242931	0.00200511	0.0142491
9	0.00559676	0.00316657	0.000494829	0.000889678	0.0115713	0.000624741	0.00194588	0.520779	0.00067841	0.121022	0.00805335	0.000935528	0.00238771	0.000585958	0.00310741	0.00292707	0.00309906	0.311474	0.000148849	0.000512205
10	0.0225904	0.00651238	0.00063073	0.00313055	0.00468753	0.00123483	0.00172327	0.265118	0.00118326	0.0932635	0.0111588	0.00140801	0.00237388	0.00108504	0.00118505	0.00767803	0.00935882	0.563399	0.000193228	0.00208519
11	0.0494287	0.0086027	0.18492	0.0186864	0.00655456	0.0410213	0.0106132	0.0165875	0.0198205	0.0363888	0.0128295	0.384781	0.00693775	0.0138461	0.0104138	0.0670392	0.0618491	0.0137155	0.0017853	0.0341798
12	0.264713	0.00644007	0.11083	0.157515	0.00502723	0.0336388	0.187176	0.00922925	0.0358238	0.0128364	0.00787831	0.0116646	0.00627679	0.0125759	0.0102954	0.090057	0.0172895	0.0130792	0.00183108	0.00582346
13	0.0297779	0.00464287	0.386166	0.316373	0.000946959	0.0123528	0.0190007	0.00853516	0.0152836	0.0153611	0.00156385	0.0518901	0.00857786	0.0519318	0.0253028	0.022012	0.0222337	0.00619491	0.000782585	0.00107021
14	0.0334127	0.039112	0.0498329	0.0948066	0.0503745	0.0207262	0.0966615	0.0170114	0.0856569	0.0773747	0.0625558	0.0191133	0.0118167	0.0981751	0.103196	0.0316666	0.016239	0.0368904	0.000694427	0.0546836
15	0.0333903	0.0379434	0.0506467	0.0968145	0.0494106	0.0188861	0.0954113	0.0182953	0.0882588	0.0784599	0.0623807	0.018303	0.0123859	0.0962187	0.102455	0.0305455	0.0173818	0.0373385	0.000709991	0.0547638
16	0.606365	0.0154155	0.00502327	0.00472898	0.00189035	0.101482	0.000993426	0.00330864	0.0030127	0.00919356	0.00409264	0.0114642	0.00642481	0.00354545	0.00475705	0.165436	0.0257919	0.0228963	0.000258226	0.00391988
17	0.0523614	0.00733616	0.303939	0.211252	0.00329271	0.044372	0.0222877	0.00843211	0.0342523	0.0166737	0.00619248	0.079474	0.013271	0.0493774	0.0277866	0.0673927	0.0343116	0.010012	0.00155071	0.0064324
18	0.0223753	0.00372072	0.000562179	0.00327575	0.00321982	0.000835443	0.00129266	0.246971	0.000964965	0.0906699	0.00834534	0.000991258	0.00216575	0.000874825	0.0009247	0.00631755	0.0072139	0.597756	0.000182065	0.00134083
19	0.0243201	0.00600722	0.00228946	0.00333444	0.262989	0.0132183	0.0192553	0.0412447	0.0216789	0.350808	0.0820082	0.00384208	0.00156	0.00535778	0.00991711	0.00922745	0.0100162	0.0137887	0.00888308	0.110254
20	0.0101515	0.00315119	0.000519259	0.00122157	0.00925542	0.000627719	0.00179853	0.452277	0.000782377	0.126536	0.0100792	0.00108391	0.00257754	0.0007818	0.00236206	0.00524551	0.00556167	0.365086	0.000140139	0.000761974
21	0.0922919	0.0424917	0.00515359	0.0144387	0.00372374	0.693562	0.00360797	0.00914687	0.00240201	0.00831485	0.00564271	0.00361329	0.00774426	0.00539781	0.0156055	0.047835	0.0222489	0.0112386	0.00317754	0.00236345
22	0.0537978	0.0202684	0.0498478	0.115375	0.00867561	0.00555623	0.0312787	0.00433469	0.090749	0.0275115	0.00969413	0.0388751	0.260203	0.0497208	0.0859345	0.0795979	0.0470194	0.0138189	0.000483504	0.00725887
23	0.0137608	0.00278457	0.315096	0.0228	0.00180572	0.0604682	0.00293186	0.0171768	0.0249381	0.0138509	0.00846969	0.375784	0.00205605	0.0107613	0.00329847	0.0820374	0.0200696	0.00404755	0.000672179	0.0171905
24	0.0677561	0.00444476	0.00259359	0.00436051	0.0359829	0.00343431	0.00634291	0.170688	0.00654548	0.384953	0.0680071	0.00569709	0.0184558	0.0143182	0.0241197	0.0258722	0.0186019	0.112046	0.00244645	0.0233339
25	0.0926889	0.00414697	0.0740335	0.136239	0.0021828	0.0325557	0.0154717	0.0413189	0.0810531	0.0518388	0.025955	0.0472471	0.0461906	0.0557147	0.0927645	0.0681811	0.0708235	0.0553273	0.000598012	0.00566856
26	0.152072	0.0797818	0.0113333	0.00370105	0.0164233	0.0211902	0.00342619	0.0931846	0.00356738	0.0516739	0.0176714	0.0113083	0.00776315	0.00417285	0.00246269	0.0469512	0.146171	0.31937	0.000984105	0.00679131
27	0.0316244	0.00464138	0.0168574	0.0661305	0.00293215	0.00940474	0.0229128	0.00973907	0.277701	0.0192593	0.00698279	0.0292088	0.00213424	0.0998563	0.296449	0.0312306	0.0496276	0.0175355	0.00125405	0.00451882
28	0.0433718	0.0435656	0.00308886	0.0171029	0.00380621	0.00459619	0.00364663	0.224654	0.0120476	0.0148042	0.0299772	0.00436445	0.00303676	0.004374	0.006141	0.0201775	0.201961	0.344554	0.000849184	0.0138807
29	0.00562031	0.0030907	0.00049718	0.000621311	0.0131147	0.000622853	0.00239846	0.55099	0.000639448	0.126042	0.00829582	0.00103501	0.00237285	0.00055626	0.00348287	0.00270753	0.00300605	0.274174	0.000144774	0.000587627
30	0.0269445	0.00484371	0.412992	0.312183	0.000981999	0.0111294	0.0177594	0.00815028	0.0129216	0.0147325	0.00139051	0.0516583	0.00644125	0.0490854	0.0227247	0.0192553	0.0194898	0.00554692	0.000742049	0.00102684
31	0.533403	0.024604	0.00483032	0.00726291	0.00388695	0.0612102	0.0049326	0.0157539	0.00737548	0.0184812	0.00889034	0.0109304	0.00923385	0.00586441	0.00882527	0.110174	0.0572096	0.102055	0.00091775	0.00415929
32	0.0403444	0.0171049	0.0780738	0.0376876	0.00189809	0.0582002	0.0526481	0.00407066	0.0563672	0.00965569	0.00937505	0.104264	0.00552467	0.0269849	0.0607828	0.210518	0.183785	0.0112538	0.0102101	0.0212512
33	0.0236363	0.00170181	0.072542	0.0285133	0.00145551	0.617502	0.02715	0.00259098	0.0133999	0.00420021	0.00178957	0.0961049	0.00347033	0.0100355	0.0330351	0.0423852	0.0150992	0.00336651	0.000688874	0.00133325
34	0.0434331	0.0438779	0.00183059	0.00900546	0.0281299	0.0034361	0.0344553	0.0182127	0.35961	0.126981	0.0579964	0.0218847	0.00173438	0.070465	0.104209	0.0365619	0.0129143	0.0195635	0.000604317	0.00509501
35	0.0199908	0.00238647	0.00146151	0.00242919	0.275825	0.0118683	0.0132294	0.0466048	0.0162459	0.401995	0.0881736	0.00249026	0.00132548	0.00263061	0.00686725	0.00574171	0.00823875	0.015768	0.00170454	0.075023
36	0.0113773	0.00325448	0.000441065	0.00215206	0.00675356	0.000742284	0.00142426	0.375507	0.000756169	0.104644	0.00712432	0.000798884	0.00191025	0.000620139	0.00196819	0.00390538	0.0041749	0.471559	0.000151896	0.000735366
37	0.00927737	0.0115984	0.00250238	0.00407703	0.0389293	0.00290609	0.00143125	0.316691	0.00167538	0.225194	0.251621	0.00537359	0.00235026	0.00162671	0.00172573	0.00434152	0.00478637	0.110307	0.000392401	0.00319308
38	0.0998114	0.0234119	0.0181224	0.0369791	0.0192891	0.0321515	0.01471	0.0258429	0.0270082	0.030472	0.0097008	0.0239974	0.369576	0.020816	0.0212063	0.099795	0.0677254	0.0466061	0.00139648	0.0113818
39	0.0468843	0.0121954	0.0143504	0.012678	0.00293507	0.779755	0.00832599	0.00649812	0.00473896	0.00817594	0.00256584	0.0229743	0.0046448	0.00761049	0.0148229	0.0278177	0.0114461	0.00664969	0.00371078	0.00121987
40	0.0668642	0.0215617	0.00905984	0.0118231	0.00324481	0.759055	0.00556346	0.00755082	0.00345861	0.00847626	0.00325971	0.0135702	0.0053671	0.00695771	0.011953	0.0308124	0.0154861	0.0105753	0.00387036	0.0014907
41	0.0100759	0.00344651	0.000542522	0.00130079	0.0104061	0.000772238	0.00214401	0.470438	0.000762561	0.115511	0.00897004	0.00103305	0.00220185	0.000692534	0.00267863	0.00403917	0.00419935	0.359761	0.000173461	0.000851087
42	0.0541017	0.00772957	0.267437	0.143416	0.00387529	0.044997	0.0216586	0.0120561	0.0622865	0.0173572	0.00838917	0.121168	0.0145529	0.0470961	0.0392582	0.0753054	0.0373661	0.0121629	0.00178775	0.00799834
43	0.251604	0.0599155	0.00195442	0.00445966	0.00746754	0.0137223	0.00230197	0.0436644	0.00374167	0.037414	0.00602378	0.0145592	0.253225	0.00755777	0.00289799	0.0641457	0.1258	0.0969608	0.000661353	0.00192335
44	0.0448764	0.0181331	0.0647305	0.0397617	0.00348443	0.0364025	0.0971313	0.00671118	0.0351214	0.0111721	0.0284484	0.158654	0.00967195	0.0450686	0.0388829	0.222126	0.105586	0.0118497	0.00852294	0.0136647
45	0.100681	0.057992	0.00464729	0.00561372	0.00831701	0.00901545	0.00398944	0.0848596	0.00449757	0.0244705	0.015943	0.00684497	0.00621124	0.00778531	0.0038039	0.0428408	0.186676	0.419259	0.000836078	0.0057156
46	0.0276126	0.071619	0.00446553	0.0313885	0.00425914	0.00773696	0.486632	0.00833653	0.0123576	0.00849107	0.0078869	0.0975546	0.00525986	0.0438079	0.0495301	0.0508898	0.0274099	0.0107986	0.0120759	0.0318871
47	0.0201917	0.00198137	0.00148388	0.00247062	0.280935	0.0118757	0.0130102	0.0465836	0.0158552	0.404058	0.0876443	0.00251619	0.00139384	0.00238699	0.00676058	0.00537236	0.00836226	0.0163828	0.000879903	0.0698556
48	0.296258	0.0315819	0.00269552	0.0142465	0.00832195	0.00552762	0.00679611	0.079937	0.0368989	0.0269496	0.0140852	0.0165147	0.0170472	0.0142784	0.00522139	0.089952	0.0275068	0.302699	0.00102905	0.00245358
49	0.0352287	0.00455004	0.372304	0.329357	0.00100091	0.0164503	0.0186692	0.0091592	0.0151728	0.01681	0.00183371	0.048954	0.00677801	0.049782	0.0226111	0.0216335	0.0203318	0.00619098	0.00186376	0.0013185
50	0.0485027	0.0109587	0.137706	0.0536611	0.00461005	0.145581	0.0314857	0.00817412	0.0380463	0.0150371	0.00931188	0.14669	0.0166563	0.0290744	0.0374832	0.131454	0.106565	0.0109977	0.00468208	0.0133221
51	0.0225782	0.0253316	0.00808765	0.00914241	0.313498	0.00313849	0.0394836	0.0142784	0.00249228	0.0501146	0.0146739	0.0239346	0.00368182	0.0140666	0.00862569	0.0234657	0.0111957	0.00464515	0.0352456	0.37232
52	0.0248372	0.0245334	0.00886908	0.0125965	0.286955	0.00330106	0.0488415	0.0133333	0.00142562	0.0450288	0.00960553	0.0198068	0.00290273	0.015616	0.00831527	0.0246625	0.0129652	0.00306747	0.0198609	0.413476
53	0.0297811	0.00610785	0.0205154	0.0067919	0.00344373	0.00975589	0.0877571	0.0266349	0.0552421	0.0241643	0.00666186	0.0392247	0.00376006	0.16613	0.0545747	0.213282	0.17269	0.0225967	0.00171559	0.0491705
54	0.231893	0.0299413	0.00993646	0.0163553	0.00415749	0.461731	0.00784947	0.00986762	0.00708856	0.012094	0.00665673	0.0119578	0.0128722	0.00764636	0.0137454	0.0841678	0.0424259	0.0224128	0.00241581	0.00478448
55	0.0406823	0.015351	0.0695855	0.0455964	0.00390049	0.0607791	0.0558325	0.00634606	0.0430518	0.0115952	0.0121399	0.116747	0.0121828	0.0473464	0.0556862	0.218509	0.150373	0.00991553	0.00932454	0.0150549
56	0.0247641	0.00307152	0.0108567	0.0320108	0.00388646	0.00238737	0.0348616	0.00673367	0.247125	0.0111151	0.00537995	0.0187604	0.000773818	0.0835975	0.434653	0.0228936	0.0222794	0.0239275	0.00387338	0.00705008
57	0.572752	0.0224612	0.00745579	0.0118733	0.0046381	0.0686548	0.00807695	0.0113288	0.0104048	0.0177849	0.0076564	0.0120972	0.0215093	0.00868696	0.011591	0.11852	0.0397364	0.0384085	0.000709835	0.00565388
58	0.633581	0.0164105	0.00476836	0.00588658	0.00203893	0.0886916	0.00132581	0.00327177	0.00334679	0.0101136	0.0044625	0.0103536	0.00649849	0.00359103	0.00524894	0.145374	0.0275424	0.0230974	0.000262328	0.00413461
59	0.032719	0.00470335	0.00357426	0.00630107	0.0208805	0.0039316	0.00166064	0.196112	0.00645296	0.444538	0.0526013	0.00363338	0.000905072	0.0021806	0.00126712	0.0077178	0.0209707	0.187557	0.000380769	0.00191277
60	0.406488	0.0411308	0.00454257	0.0087255	0.0189812	0.0301902	0.00793603	0.0200545	0.00920862	0.0504256	0.0343121	0.0110885	0.00608835	0.00679029	0.0115612	0.153664	0.0490746	0.120901	0.00223746	0.00659886
61	0.0496593	0.0140826	0.0132665	0.0127605	0.00325858	0.777327	0.00753034	0.00708075	0.0044046	0.00898836	0.00292967	0.0209455	0.00524982	0.00645753	0.0133404	0.0281876	0.0116385	0.00750507	0.00397609	0.00141123
62	0.0461016	0.0129827	0.0165293	0.0128344	0.00308607	0.776869	0.00778964	0.00659368	0.00484658	0.00824612	0.00270055	0.0252547	0.00487934	0.00768127	0.0142313	0.0256966	0.0108813	0.00740348	0.00381128	0.00158142
63	0.064112	0.0114626	0.0107096	0.0138986	0.00813438	0.0138163	0.00856537	0.0242129	0.016929	0.0263386	0.0270748	0.0466284	0.0147481	0.014601	0.0309604	0.187551	0.426311	0.0437973	0.00194387	0.00820497
64	0.0600769	0.016243	0.0121064	0.0157226	0.0109886	0.0170444	0.00960584	0.029977	0.0194028	0.0295578	0.0260584	0.0424818	0.0157479	0.0139547	0.0330361	0.131551	0.439876	0.0671399	0.00198776	0.00744128
65	0.0374834	0.00763318	0.0044716	0.00674569	0.0201632	0.00671606	0.00474079	0.0182916	0.0123289	0.0317437	0.0670915	0.0392177	0.00555042	0.00774513	0.0264034	0.1154	0.547634	0.0327323	0.00089159	0.00701569
66	0.00569668	0.00311286	0.00058347	0.000658126	0.0128947	0.000658899	0.00280432	0.55018	0.000660714	0.125129	0.00845788	0.00110105	0.00242055	0.000583529	0.00343303	0.00275786	0.00312126	0.274938	0.000169222	0.000638304
67	0.0128649	0.0112794	0.00326231	0.00360172	0.041208	0.0031696	0.00154403	0.337059	0.00197412	0.22626	0.203239	0.00662154	0.00296504	0.00178938	0.00205402	0.0038556	0.00541473	0.127214	0.000472923	0.00414949
68	0.0531554	0.007352	0.222334	0.0589886	0.00271055	0.0884903	0.0197761	0.010097	0.0378961	0.0149014	0.00872037	0.219883	0.0123879	0.0288642	0.0227477	0.122058	0.0473659	0.00802117	0.0022771	0.0119733
69	0.0303638	0.047606	0.00500599	0.0144524	0.215305	0.0207054	0.0925908	0.0475991	0.010914	0.0728995	0.0407801	0.0254761	0.00695083	0.0202394	0.00889514	0.0670479	0.0840864	0.0451046	0.00455045	0.139427
70	0.293739	0.0470364	0.00334935	0.00846915	0.0128401	0.00975199	0.00561116	0.0684714	0.018505	0.0335529	0.0105387	0.0136101	0.036144	0.00884729	0.00432312	0.0732653	0.0543577	0.293919	0.000926748	0.00274137
71	0.0307648	0.00571454	0.00343796	0.00701972	0.0243878	0.00388651	0.0012182	0.20355	0.00610659	0.436344	0.0638748	0.00435919	0.000887402	0.00216002	0.00109277	0.00732861	0.0216817	0.174401	0.000165173	0.00161865
72	0.107313	0.00872569	0.0798639	0.0954018	0.0103826	0.0990114	0.0336878	0.0105096	0.0273253	0.0259468	0.00309768	0.0457641	0.191062	0.0286363	0.0235498	0.0998977	0.0662126	0.0246372	0.000562539	0.0184122
73	0.0261645	0.00205959	0.0768728	0.035424	0.001352	0.58909	0.0279898	0.00242754	0.0181671	0.00448597	0.00198832	0.0953444	0.00350937	0.0145308	0.0335889	0.0452108	0.0164735	0.00340371	0.000657902	0.00125887
74	0.115632	0.0680949	0.0272981	0.109598	0.00275808	0.0613242	0.00305609	0.0169651	0.0280767	0.0187445	0.0164715	0.0192842	0.00257186	0.138491	0.00442073	0.121119	0.160757	0.0809519	0.0010488	0.00333739
75	0.0276303	0.0123058	0.00142144	0.00595687	0.0102236	0.0704481	0.00607789	0.00353475	0.0105231	0.00686027	0.00222769	0.0388332	0.0360362	0.00507429	0.00233148	0.665413	0.0873206	0.0033087	0.000419118	0.00405376
76	0.0157006	0.00236837	0.00195211	0.00380739	0.0106166	0.00295212	0.00269044	0.126123	0.011963	0.559861	0.103985	0.00308917	0.0397757	0.022451	0.00450179	0.0106952	0.0134101	0.0212505	0.000716092	0.0420912
77	0.0324206	0.00491278	0.00367302	0.00651817	0.0211854	0.00407727	0.00127334	0.1923	0.00661412	0.455937	0.0552314	0.00364718	0.000737739	0.00216612	0.00101593	0.00764227	0.0216009	0.177274	0.000220219	0.0015529
78	0.151841	0.00586164	0.179398	0.222487	0.00173332	0.0388015	0.0313531	0.00397117	0.0483783	0.0093268	0.00493686	0.0483788	0.00405914	0.0631857	0.0143811	0.0866741	0.0601794	0.0220622	0.00075628	0.00223436
79	0.601024	0.025804	0.00382893	0.00665175	0.00241419	0.0650971	0.0015649	0.00546899	0.00728194	0.0142465	0.00886969	0.0122037	0.00465354	0.00425426	0.00861891	0.139036	0.0440119	0.0390128	0.00109144	0.00486524
80	0.022565	0.0229921	0.00779045	0.00985059	0.305664	0.00291495	0.0432141	0.0142464	0.00136004	0.0476675	0.010259	0.0200049	0.00342953	0.0145638	0.00806241	0.0232228	0.0114591	0.00293301	0.0226067	0.405193
81	0.059483	0.00808419	0.0223912	0.0944478	0.000892207	0.0176153	0.00919891	0.013957	0.26371	0.0230864	0.0112247	0.0445832	0.00551897	0.134571	0.17258	0.0547765	0.0533092	0.00743979	0.000378692	0.00275167
82	0.0391147	0.0255666	0.00411773	0.00578306	0.121099	0.00599486	0.00767967	0.0195176	0.0189927	0.047003	0.0483198	0.00578396	0.00379089	0.00866347	0.0059655	0.0475977	0.0093701	0.0313792	0.416921	0.127339
83	0.0151661	0.00249514	0.0120752	0.0230549	0.00352338	0.00225634	0.0394705	0.00651978	0.233871	0.00954481	0.0055472	0.0203994	0.000727429	0.0934382	0.45955	0.0216267	0.0203597	0.0229432	0.00257029	0.00485999
84	0.0848595	0.00919637	0.142614	0.154398	0.000585794	0.0842564	0.0361119	0.00186861	0.0934117	0.0101244	0.00957089	0.0812416	0.00822211	0.0794085	0.0444719	0.108164	0.0411151	0.00952927	0.000228407	0.000621886
85	0.13571	0.0258373	0.00495132	0.0272149	0.00422051	0.00918501	0.0402745	0.0513526	0.110714	0.0866611	0.0660275	0.00687559	0.0068241	0.0075779	0.10493	0.0888661	0.0913903	0.0519261	0.0727994	0.00666232
86	0.641321	0.0197663	0.00435126	0.00505544	0.00197173	0.0862606	0.00176619	0.00368153	0.00337825	0.00994809	0.00475347	0.00974488	0.00602727	0.00397644	0.00618189	0.135117	0.0283871	0.0237861	0.000309811	0.00421575
87	0.091607	0.0105668	0.154358	0.169821	0.00163815	0.0786315	0.0353195	0.00273771	0.0771243	0.011243	0.00668417	0.0709158	0.0130609	0.0727648	0.0349503	0.107649	0.0478552	0.0101435	0.000390671	0.00253883
88	0.0992475	0.00775999	0.0869975	0.12586	0.00805194	0.0960593	0.0307056	0.0109315	0.0543606	0.0242083	0.00696032	0.060288	0.0891616	0.0423313	0.0448838	0.109449	0.0689178	0.01832	0.00031232	0.0151933
89	0.242604	0.0161553	0.0384551	0.0622173	0.00288087	0.0326819	0.0245074	0.0111572	0.104151	0.0177351	0.00726891	0.0413419	0.0072099	0.0491721	0.102996	0.150249	0.0558695	0.0276729	0.00144242	0.00423262
90	0.329832	0.0446216	0.0033514	0.00863535	0.00544215	0.0122294	0.021346	0.0304475	0.0130381	0.0334912	0.00824331	0.0162063	0.00557787	0.00647522	0.0235433	0.168354	0.0632687	0.201736	0.00121494	0.00294501
91	0.192596	0.112414	0.00951344	0.0118118	0.00795447	0.0475437	0.00866146	0.0244821	0.0115444	0.0279174	0.042698	0.0428867	0.00860088	0.00823084	0.0122949	0.14312	0.0765971	0.15379	0.0252152	0.0321281
92	0.123671	0.0853253	0.0136229	0.0177954	0.00974629	0.061343	0.0195268	0.0209366	0.0173885	0.0304981	0.0162203	0.0324609	0.0308328	0.0189091	0.0229065	0.35564	0.0662987	0.0435928	0.00358653	0.00969823
93	0.0206384	0.00424921	0.357061	0.101261	0.0024925	0.0462535	0.00993528	0.0125117	0.0215405	0.0145162	0.00714877	0.260774	0.00394805	0.0230921	0.0124291	0.0608535	0.0222944	0.00540164	0.00113822	0.0124612
94	0.0375116	0.0384303	0.00253702	0.0038692	0.21272	0.00630603	0.0579504	0.102843	0.00325554	0.0704858	0.024952	0.00429591	0.00731023	0.00678186	0.00398711	0.0211926	0.0561106	0.139147	0.00484314	0.195471
95	0.309194	0.0142892	0.0041185	0.00544803	0.00328161	0.171797	0.00519135	0.00591067	0.00317968	0.00909199	0.00421371	0.00812611	0.00795928	0.00510361	0.00613181	0.377332	0.0378177	0.0176948	0.000623869	0.00349504
96	0.0200757	0.00199138	0.0015153	0.00253705	0.281096	0.0118995	0.0130574	0.0464661	0.0159003	0.403243	0.0875368	0.00253381	0.00136256	0.00244961	0.00680726	0.00541714	0.00841749	0.0167454	0.000877687	0.0700708
97	0.030118	0.0599298	0.00964452	0.0316444	0.00746996	0.0167501	0.423733	0.0101827	0.0192176	0.0131586	0.0108233	0.102419	0.00824863	0.0536728	0.0432205	0.0738408	0.0318232	0.0150293	0.0112294	0.0278442
98	0.0205821	0.025344	0.0027316	0.00401367	0.0260511	0.0132688	0.00319035	0.165546	0.00317118	0.114497	0.200032	0.00536531	0.00260319	0.00337735	0.00317401	0.013005	0.00809681	0.379481	0.000675584	0.00579401
99	0.240575	0.113378	0.0289499	0.0128542	0.0043225	0.364464	0.00460632	0.0225108	0.0054253	0.0099347	0.0101123	0.0075899	0.0219875	0.00525786	0.0257615	0.0407643	0.0438196	0.0316986	0.00169293	0.00429507
100	0.00527074	0.00313013	0.000479339	0.000626376	0.0120418	0.000615974	0.00215452	0.5366	0.000645702	0.130077	0.00871999	0.000922372	0.0024759	0.000559626	0.00322712	0.002935	0.00326674	0.285603	0.000128447	0.0005215
101	0.0742943	0.00930638	0.00542929	0.0198534	0.0329897	0.0146547	0.00612421	0.0176635	0.0326237	0.0102919	0.00540773	0.0100088	0.373938	0.0282494	0.0177511	0.176051	0.146249	0.0133888	0.000899949	0.00482522
102	0.034153	0.0170666	0.0754585	0.037632	0.0014603	0.0488048	0.0489053	0.00299795	0.049333	0.00917995	0.0141607	0.119111	0.00539096	0.0354635	0.0632091	0.227923	0.158553	0.00817333	0.0272485	0.0157762
103	0.0290995	0.00416516	0.382473	0.331096	0.000908704	0.0111293	0.0192778	0.00832981	0.013257	0.0157872	0.00132221	0.0518511	0.00678872	0.0528377	0.0236182	0.0199555	0.0206227	0.00583899	0.000823958	0.000817418
104	0.0133492	0.00988559	0.00250506	0.00480842	0.0341386	0.00306754	0.00151441	0.286363	0.00255053	0.265599	0.226863	0.00498989	0.00202492	0.00201594	0.00181441	0.00524965	0.00814725	0.121742	0.00035224	0.00301898
105	0.0947121	0.00392253	0.0723414	0.37808	0.00209435	0.0819321	0.0209658	0.0188224	0.0856252	0.01097	0.00632073	0.0194895	0.0172186	0.0536167	0.0534088	0.0362299	0.0255995	0.00876361	0.0019781	0.0079082
106	0.0578459	0.0237189	0.00157781	0.0374872	0.00199006	0.0113094	0.00598706	0.118052	0.0249855	0.0931864	0.0607787	0.0287938	0.00158999	0.0282971	0.00931847	0.0772889	0.272074	0.132634	0.0112674	0.00181718
107	0.0326241	0.00522519	0.00354595	0.00615187	0.0217523	0.0040551	0.00126676	0.196467	0.0063952	0.446733	0.0617521	0.003786	0.00130953	0.0026246	0.00149456	0.00795199	0.0203718	0.173494	0.000248259	0.0027516
108	0.112842	0.037926	0.00332338	0.00337614	0.003469	0.00554942	0.00179151	0.0707106	0.00291867	0.0114681	0.0118457	0.00344938	0.00302511	0.00836794	0.00228314	0.0447234	0.180363	0.489334	0.000477103	0.00275556
109	0.0594665	0.00625519	0.0243334	0.0959804	0.000964204	0.0203911	0.0114297	0.0155446	0.2682	0.0211018	0.0102537	0.0436435	0.0046019	0.128964	0.174281	0.056427	0.0475404	0.00763976	0.00031005	0.00267119
110	0.0290681	0.00416017	0.382229	0.329962	0.000928965	0.0109362	0.0194051	0.0084218	0.01341	0.0157304	0.00127184	0.0524135	0.00684929	0.0529238	0.023832	0.0201588	0.0208788	0.00588674	0.000716784	0.000816228
111	0.051803	0.0153099	0.0138656	0.0128892	0.00351998	0.760057	0.00836961	0.00678912	0.00448255	0.0083681	0.00326883	0.0220179	0.00755481	0.0077776	0.0148926	0.0316472	0.0132614	0.00854328	0.00365168	0.00193094
112	0.0236406	0.00382766	0.000569195	0.00343901	0.0029793	0.000866905	0.00141207	0.238099	0.00103246	0.0895486	0.00856511	0.00110394	0.002155	0.000960038	0.000871738	0.00669058	0.00790069	0.604694	0.000181909	0.00146253
113	0.142343	0.0178461	0.0639313	0.0850532	0.00786198	0.0941249	0.0254988	0.0130308	0.0376367	0.0229403	0.0120606	0.0955892	0.0293687	0.0353248	0.0305576	0.161341	0.0665392	0.0454169	0.00277466	0.0107611
114	0.116282	0.0104419	0.00554943	0.00954135	0.00412782	0.0389027	0.0157537	0.0127364	0.0109838	0.0322036	0.0147037	0.00974802	0.0178944	0.0106606	0.015016	0.488484	0.174362	0.00859438	0.000411424	0.00360215
115	0.0259677	0.00923564	0.00374738	0.00574143	0.28345	0.0122027	0.0239959	0.0458335	0.0138625	0.278064	0.0639058	0.0104828	0.00336045	0.00824608	0.00861415	0.0168829	0.0165721	0.0247445	0.0144188	0.130672
116	0.0305978	0.0260242	0.0171407	0.0382108	0.0253968	0.00652249	0.0545532	0.0191283	0.175137	0.107686	0.127024	0.0279421	0.00410035	0.144618	0.0994952	0.0425614	0.0183212	0.023608	0.000786064	0.0111453
117	0.0593753	0.0631316	0.00379475	0.00410417	0.111256	0.00788326	0.0367051	0.127293	0.00360035	0.103254	0.0395682	0.00581165	0.00520028	0.00382764	0.00482058	0.0324209	0.0646103	0.26444	0.0018563	0.0570472
118	0.0234934	0.0235602	0.00834501	0.0107663	0.310312	0.00404145	0.0425887	0.0131674	0.00154522	0.04407	0.0100563	0.0235381	0.00343386	0.0145305	0.0101377	0.0258205	0.012929	0.00311036	0.021667	0.392887
119	0.0252271	0.00632903	0.00302592	0.0103821	0.0214943	0.00386344	0.00211226	0.184225	0.00611507	0.390961	0.146009	0.00436358	0.00414604	0.00602813	0.00264443	0.0119377	0.0301827	0.134158	0.00073287	0.00606311
120	0.465166	0.0165463	0.0042066	0.00706839	0.00302425	0.102974	0.00456239	0.00537502	0.00416251	0.0122253	0.00574505	0.0124664	0.0159847	0.00573457	0.00625933	0.244842	0.0607749	0.0188681	0.000390722	0.00362314
121	0.0373086	0.0170161	0.00747358	0.0372394	0.178918	0.0713881	0.065513	0.0147397	0.0139279	0.0660375	0.0366959	0.0570087	0.0144004	0.042795	0.0150588	0.0578137	0.0290257	0.0117323	0.010136	0.215772
122	0.072636	0.00745614	0.0729032	0.116003	0.00194588	0.0578639	0.0320128	0.0108333	0.17537	0.0160041	0.0107801	0.0623855	0.0117665	0.0952944	0.121849	0.0731222	0.0470842	0.0122193	0.000390655	0.00207967
123	0.0236363	0.00170181	0.072542	0.0285133	0.00145551	0.617502	0.02715	0.00259098	0.0133999	0.00420021	0.00178957	0.0961049	0.00347033	0.0100355	0.0330351	0.0423852	0.0150992	0.00336651	0.000688874	0.00133325
124	0.0594422	0.00566635	0.0321229	0.0449032	0.0390203	0.0192545	0.0163867	0.0584984	0.0199043	0.133842	0.0381963	0.00498993	0.00395788	0.0659026	0.0550514	0.141459	0.0937126	0.13918	0.000933348	0.0275755
125	0.021836	0.0281395	0.00601904	0.00759388	0.259617	0.00488174	0.0350197	0.0231492	0.00690253	0.0989296	0.0359553	0.0148134	0.00348241	0.0157963	0.00771027	0.0287508	0.0109281	0.00989044	0.0513008	0.329284
126	0.0270924	0.0130511	0.0161343	0.037521	0.0174718	0.00982029	0.0222848	0.0433636	0.0430023	0.106132	0.211714	0.0263004	0.0059028	0.227073	0.0563823	0.0404383	0.0595785	0.0257476	0.00187018	0.00911896
127	0.0577104	0.072847	0.00564514	0.00548229	0.0192767	0.0179196	0.00450218	0.155036	0.0045139	0.183112	0.0342011	0.00898239	0.00249071	0.00233727	0.00239983	0.0515631	0.0283343	0.335781	0.000481454	0.00738439
128	0.0332536	0.01591	0.0819178	0.0411561	0.00150271	0.049402	0.0459407	0.00230956	0.0445962	0.00719048	0.0120436	0.130181	0.00659335	0.030593	0.0587243	0.233688	0.171215	0.00789553	0.0123347	0.0135524
129	0.0147416	0.00297504	0.330455	0.0196388	0.0022232	0.0494868	0.00330118	0.0144729	0.0217453	0.0141854	0.00929774	0.377129	0.00240095	0.00943041	0.00412296	0.076698	0.0234108	0.00455809	0.00102521	0.0187016
130	0.100471	0.0104945	0.0942018	0.111507	0.0122003	0.109105	0.0348709	0.0106486	0.028259	0.0299636	0.0017059	0.050993	0.0895867	0.0334002	0.0284114	0.128155	0.0861911	0.0167309	0.000594772	0.02251
131	0.0466316	0.0100639	0.0246107	0.0530449	0.00504159	0.126876	0.0303279	0.014098	0.195874	0.0176198	0.0109318	0.0602371	0.0110029	0.0756255	0.210913	0.0429086	0.043926	0.0147059	0.00105283	0.00450815
132	0.508882	0.0574145	0.0108247	0.00728276	0.00294877	0.178675	0.00269943	0.0106665	0.00426751	0.0111086	0.00663289	0.00876523	0.0114541	0.00409421	0.0114136	0.0861978	0.0381229	0.0335146	0.00107193	0.00396338
133	0.00870432	0.00323803	0.000819342	0.00160251	0.0115647	0.00102967	0.00188072	0.47231	0.00160707	0.176724	0.0156966	0.00124615	0.00231521	0.0010312	0.00264268	0.00414916	0.00654007	0.285929	0.000151994	0.000818097
134	0.267795	0.0657762	0.00144869	0.00217612	0.00692106	0.0142927	0.00182378	0.0409229	0.00236906	0.0344347	0.00617184	0.0151106	0.24369	0.0069176	0.00223751	0.0596292	0.128234	0.0979957	0.000602402	0.00145117
135	0.020948	0.0112637	0.0164364	0.0459923	0.0213492	0.00417507	0.0248415	0.0250127	0.0566686	0.109051	0.243346	0.0298416	0.00255782	0.207342	0.0759925	0.0393679	0.0370683	0.0241608	0.000776738	0.00380831
136	0.0187598	0.00677996	0.00169143	0.00297696	0.0223073	0.00191291	0.00224806	0.34006	0.00192747	0.184264	0.0686006	0.00360512	0.00254806	0.00156244	0.00234539	0.00610076	0.00886834	0.319982	0.000400375	0.00305875
137	0.0576515	0.0263041	0.0250373	0.128862	0.0269669	0.0287509	0.236808	0.0216773	0.038215	0.0326017	0.0182333	0.0506921	0.0206285	0.0451837	0.047025	0.0519932	0.0378658	0.0300992	0.00724897	0.0681562
138	0.328488	0.0805712	0.00587995	0.00674638	0.0075039	0.0442529	0.0052683	0.0322698	0.00650567	0.0252277	0.00843794	0.0174811	0.163895	0.00869758	0.00792421	0.0706939	0.0979428	0.0775737	0.000957494	0.00368206
139	0.1172	0.009349	0.0390676	0.293622	0.0131372	0.0861403	0.0212992	0.0166886	0.0320249	0.0238792	0.00963794	0.0207481	0.0261895	0.113011	0.0271078	0.0453597	0.0320054	0.0169974	0.00267203	0.0538629
140	0.0334025	0.00766983	0.215244	0.0450435	0.00282583	0.048904	0.0198475	0.0117656	0.0347498	0.0163501	0.0117382	0.27056	0.011191	0.0247051	0.0262076	0.115931	0.0749893	0.00951122	0.0039123	0.0154511
141	0.119503	0.0197128	0.0278407	0.0376045	0.00818507	0.409628	0.0428521	0.0093844	0.0171208	0.0178387	0.00769012	0.0340345	0.0209644	0.0190925	0.026702	0.11809	0.0370759	0.0182754	0.00201999	0.0063841
142	0.0906157	0.00771772	0.196102	0.185431	0.000956469	0.0573884	0.0386176	0.00281734	0.0652827	0.0119943	0.00576371	0.0733153	0.00572879	0.071867	0.0296173	0.0969224	0.0453042	0.0130608	0.000308736	0.00118898
143	0.0321619	0.00471897	0.00331616	0.00598087	0.0215452	0.00372364	0.00142244	0.215222	0.00599333	0.430564	0.0541717	0.00361449	0.00106085	0.0023611	0.00161997	0.00803938	0.0202652	0.182138	0.000252635	0.00182866
144	0.0593731	0.00626673	0.0243675	0.098226	0.000842204	0.0181367	0.00985678	0.0151495	0.271145	0.0215204	0.0104138	0.0425567	0.00439062	0.129157	0.173979	0.0558249	0.0479561	0.00787789	0.000310573	0.00264999
145	0.0492185	0.0041992	0.0208452	0.0845435	0.00158702	0.012109	0.018335	0.0136138	0.276334	0.0165611	0.00940239	0.030788	0.00256081	0.110662	0.250393	0.0410745	0.0356266	0.017184	0.00147943	0.00348361
146	0.0420658	0.00284146	0.00212542	0.00466464	0.0250244	0.00259789	0.00175711	0.167874	0.00640264	0.439794	0.0940617	0.00340123	0.00956858	0.0126009	0.00811084	0.0137974	0.0209079	0.123875	0.000557058	0.0179717
147	0.0479383	0.00190369	0.00189859	0.00311031	0.0288117	0.00254411	0.00373146	0.159892	0.0116538	0.46382	0.0760094	0.00402539	0.0186478	0.0238672	0.0125994	0.0128818	0.0140419	0.0722716	0.0013046	0.0390469
148	0.0937802	0.00988415	0.153959	0.164125	0.00060813	0.0778733	0.0353341	0.00158672	0.0858962	0.00929429	0.0078946	0.0756914	0.00578771	0.0780254	0.0363753	0.111408	0.0420599	0.00948414	0.000302368	0.000630221
149	0.0285411	0.015497	0.0244004	0.0596805	0.0214459	0.00442167	0.0224791	0.0279394	0.0699058	0.109831	0.221582	0.03096	0.00287309	0.180326	0.0759353	0.0501903	0.0230569	0.0246726	0.000982869	0.00527856
150	0.0759598	0.0266883	0.0223017	0.0270505	0.00661891	0.556705	0.0128299	0.0101389	0.00959693	0.013996	0.00478051	0.0253943	0.0535186	0.0131297	0.0176598	0.0727694	0.0260117	0.0159529	0.00303521	0.00586166
151	0.0235655	0.00889189	0.0120856	0.00434462	0.0340613	0.00493552	0.00631702	0.36636	0.00443648	0.134743	0.126436	0.0235889	0.0131042	0.0045492	0.00721314	0.00974093	0.0113447	0.183956	0.0021384	0.018188
152	0.0470769	0.00605903	0.00126026	0.00293715	0.00428211	0.00214066	0.00162317	0.0185637	0.0170037	0.0197177	0.0212175	0.0641689	0.00614753	0.00195642	0.0420995	0.105374	0.586024	0.0506902	0.000419246	0.00123851
153	0.0861959	0.0222266	0.0151654	0.0231384	0.0049483	0.606221	0.0117377	0.0120899	0.013343	0.0256727	0.00864226	0.0210678	0.0105378	0.0151905	0.0371925	0.039562	0.0201021	0.0191837	0.00361189	0.00417031
154	0.110148	0.0298028	0.0187561	0.0269187	0.00990533	0.0838676	0.0105611	0.0184218	0.0149601	0.0246153	0.00945653	0.0302155	0.298698	0.0173546	0.0110639	0.170662	0.0443446	0.0599545	0.00191739	0.00837591
155	0.0940852	0.00739132	0.128786	0.305898	0.00430393	0.0771845	0.0204598	0.0306549	0.0456905	0.0280836	0.00779732	0.0273178	0.0289686	0.0417766	0.0361408	0.0466171	0.0352595	0.0187442	0.0042401	0.0105999
156	0.307994	0.0251238	0.0101881	0.0102281	0.00312785	0.414111	0.00730702	0.00800403	0.00754746	0.0126696	0.00536666	0.0238864	0.00979686	0.00650343	0.0111662	0.0753796	0.024227	0.0320719	0.00216664	0.00313441
157	0.0381614	0.0190627	0.00974576	0.0193781	0.0203951	0.0554959	0.186829	0.124372	0.0171406	0.0384728	0.0578958	0.0673875	0.010823	0.0194438	0.0214222	0.0732525	0.0277079	0.0860676	0.0455609	0.0613862
158	0.281654	0.00702031	0.00573632	0.0524872	0.0270996	0.0323608	0.00713119	0.0341473	0.00882314	0.179689	0.0119074	0.00909499	0.0554732	0.0768992	0.00903054	0.0626024	0.0375119	0.0707944	0.0025275	0.0280091
159	0.0162416	0.00227141	0.00185255	0.0037896	0.0116898	0.00281134	0.00248957	0.124752	0.0128806	0.559286	0.104519	0.00318136	0.0342259	0.0247608	0.00399286	0.0105251	0.0128851	0.0222409	0.000722666	0.0448821
160	0.105707	0.0438832	0.0079028	0.00591065	0.00545115	0.0635239	0.00775003	0.0177379	0.0118377	0.0250965	0.00399471	0.0127294	0.0123857	0.00518539	0.0117473	0.600782	0.0376701	0.0161368	0.000815468	0.00375288
161	0.0379256	0.00656091	0.0047245	0.00698069	0.020569	0.00452779	0.00198722	0.190852	0.00774256	0.434906	0.0527722	0.00425436	0.00123608	0.00333176	0.00195845	0.00972731	0.0215664	0.184894	0.000355497	0.00312711
162	0.0663238	0.0160735	0.0573691	0.196557	0.01567	0.0350577	0.0720461	0.051774	0.076104	0.0325169	0.0209394	0.029974	0.0176935	0.0484926	0.113725	0.048518	0.044915	0.0307871	0.00283596	0.0226269
163	0.421249	0.0299501	0.00662818	0.018442	0.00161892	0.081649	0.00386793	0.0208922	0.00996136	0.0168598	0.00438995	0.012982	0.00366745	0.00830936	0.0223528	0.202732	0.0812287	0.0486878	0.000666305	0.00386446
164	0.0333836	0.0047	0.353	0.317424	0.0010827	0.0170864	0.0193712	0.0114632	0.0213614	0.0159627	0.0025487	0.0566665	0.00803218	0.0533954	0.0257179	0.026247	0.0224688	0.00742023	0.000964552	0.00170317
165	0.52398	0.0214264	0.00805086	0.0118385	0.00411963	0.0788923	0.00703299	0.0077077	0.00892669	0.0157501	0.00708896	0.0135994	0.0116908	0.00755513	0.0130636	0.174664	0.0459719	0.0324651	0.000900398	0.00527624
166	0.122008	0.037518	0.0038417	0.00365504	0.00383787	0.00637545	0.00196598	0.0742442	0.00383704	0.0125857	0.0117405	0.00409638	0.00336633	0.0084818	0.00271264	0.043137	0.188278	0.465011	0.000532724	0.00277441
167	0.0378196	0.0110404	0.005276	0.0144169	0.0946103	0.0785208	0.183713	0.0101593	0.028904	0.0979064	0.0364159	0.121178	0.00579498	0.0578916	0.0102769	0.0703431	0.0387309	0.0123562	0.00184289	0.0828033
168	0.0431025	0.0131133	0.0262574	0.0340213	0.00882516	0.0387591	0.0980588	0.0126421	0.126402	0.0186819	0.0113825	0.0542105	0.0116802	0.0897569	0.259071	0.0753159	0.043705	0.020135	0.00313102	0.0117485
169	0.625815	0.0190112	0.00467707	0.00622954	0.00222397	0.0743251	0.00215138	0.00532507	0.00521094	0.0124151	0.00582953	0.0103401	0.00549928	0.00452902	0.00786159	0.132548	0.0319065	0.0368509	0.000669654	0.00658035
170	0.0525505	0.0783224	0.00560575	0.00266967	0.0253971	0.0191925	0.00638772	0.142948	0.00268417	0.108713	0.0387777	0.00797907	0.00270801	0.00211533	0.00216408	0.0538026	0.0302546	0.406477	0.000538724	0.0107117
171	0.0765482	0.0152879	0.00293762	0.0195166	0.00407441	0.00816364	0.0061912	0.11476	0.014377	0.0684014	0.1149	0.0159405	0.00272086	0.0282303	0.0295009	0.0960238	0.265241	0.105362	0.00662606	0.00519782
172	0.0324863	0.00497451	0.00359224	0.00656445	0.0217179	0.00399532	0.00128051	0.193613	0.00651085	0.453797	0.0554226	0.00374428	0.000807635	0.002191	0.00107866	0.00773223	0.0216911	0.17697	0.000220732	0.00161001
173	0.520591	0.0151753	0.00450696	0.00521941	0.00247666	0.139727	0.0023104	0.00356941	0.00289874	0.00927471	0.00388953	0.010197	0.00690235	0.00387024	0.0053735	0.211122	0.0281295	0.0202851	0.000363973	0.00411709
174	0.0598801	0.0147924	0.0346895	0.0203429	0.018177	0.153781	0.0923373	0.0116311	0.0430099	0.0182788	0.00444596	0.152517	0.0230178	0.0914955	0.131139	0.0731125	0.04339	0.0069026	0.00153469	0.00552595
175	0.207157	0.0826855	0.0067746	0.0124499	0.00686827	0.0400531	0.00530734	0.028194	0.010887	0.0396662	0.0127059	0.0151346	0.0211644	0.00905791	0.0192892	0.163444	0.185215	0.125262	0.00270101	0.00598422
176	0.144259	0.0327984	0.0161814	0.0201709	0.00767378	0.129771	0.0121996	0.0125904	0.0109803	0.0185783	0.0061832	0.0298893	0.255536	0.0164757	0.00993969	0.177359	0.0412517	0.0507542	0.00131174	0.00609653
177	0.0324298	0.00488692	0.00367353	0.00648784	0.0211048	0.00411405	0.00134688	0.192216	0.0065994	0.454736	0.0550412	0.00365821	0.000733628	0.00216298	0.00101031	0.00767027	0.0215652	0.178698	0.000227234	0.00163682
178	0.0223532	0.0207761	0.00587573	0.00763522	0.299064	0.00507639	0.0464201	0.0335013	0.00317994	0.0897836	0.0222459	0.013648	0.00334339	0.0122009	0.00678687	0.0214074	0.0178535	0.0138502	0.0169362	0.338062
179	0.00534045	0.00330731	0.000472316	0.000690403	0.0115103	0.000612275	0.00187666	0.520412	0.000675885	0.130655	0.00920808	0.000932188	0.00255047	0.000585554	0.00297369	0.0031759	0.0035617	0.300819	0.000127529	0.000513503
180	0.130536	0.0944728	0.0279335	0.0145871	0.0108375	0.0474257	0.00779455	0.0789315	0.00968501	0.0711093	0.0189575	0.0498349	0.0126371	0.00925906	0.00983961	0.0835024	0.106549	0.185397	0.00462821	0.0260825
181	0.0652815	0.0102088	0.029119	0.0264802	0.0180516	0.121964	0.10288	0.0181589	0.059786	0.0155339	0.00572329	0.131769	0.0381938	0.0930473	0.155635	0.0552672	0.0363467	0.0102841	0.000619096	0.00565105
182	0.0511233	0.02412	0.0021514	0.00399876	0.0226899	0.00456258	0.0120411	0.190143	0.00276211	0.100568	0.034501	0.0053976	0.00365866	0.00285224	0.00257973	0.0202231	0.040173	0.458232	0.00088618	0.0173364
183	0.0349007	0.00741756	0.0153718	0.0174167	0.00752058	0.0102585	0.0121421	0.0400426	0.0108237	0.032534	0.0657749	0.0272368	0.00575035	0.0420797	0.0216057	0.259098	0.337022	0.01649	0.00145282	0.0350621
184	0.0506845	0.0228707	0.0217204	0.0229542	0.00612027	0.0586082	0.0171687	0.00537907	0.0238038	0.0099044	0.00650053	0.0590191	0.0216487	0.0134937	0.0186293	0.502535	0.114727	0.00792454	0.00359501	0.012713
185	0.0324625	0.0125277	0.00539936	0.055515	0.00400153	0.0193533	0.00931765	0.0866934	0.166431	0.0165445	0.0550317	0.039946	0.0300365	0.0172787	0.263057	0.0419009	0.103017	0.0345116	0.00188165	0.00509316
186	0.100361	0.0104689	0.093865	0.111321	0.0122156	0.10923	0.0348256	0.0106473	0.0282922	0.0299648	0.00170472	0.0511433	0.0897303	0.0333986	0.0285001	0.128416	0.086117	0.0167013	0.000592931	0.0225045
187	0.512815	0.0101845	0.00276604	0.00441672	0.00183582	0.0467547	0.0068607	0.00436055	0.00462039	0.0129848	0.01015	0.00569806	0.0099093	0.00565301	0.0062065	0.265042	0.0715216	0.0154503	0.000259846	0.00251044
188	0.266719	0.00903409	0.00901591	0.0418801	0.00692437	0.123829	0.0569858	0.0167785	0.0184221	0.0823979	0.039388	0.0125196	0.00856686	0.0139319	0.0111817	0.0586905	0.0204669	0.195856	0.00195294	0.00545831
189	0.0294349	0.00415374	0.383804	0.32601	0.000935186	0.0108591	0.0194099	0.00846234	0.0136338	0.0156752	0.00128726	0.0532791	0.00669268	0.0526937	0.024075	0.0207072	0.0212037	0.00615158	0.000716601	0.000815566
190	0.126015	0.0205701	0.0162821	0.15621	0.00468136	0.022109	0.0183892	0.0499097	0.0125793	0.116533	0.059012	0.00434821	0.00449338	0.0486843	0.0137557	0.0545301	0.0381208	0.222003	0.00143084	0.0103426
191	0.00573237	0.00309652	0.000478045	0.000606681	0.0130734	0.000629267	0.00232643	0.550524	0.000625218	0.126272	0.0081991	0.000957493	0.0023601	0.000556536	0.00349375	0.00266488	0.00297926	0.274744	0.000136716	0.000543793
192	0.387903	0.0306493	0.010907	0.0252308	0.00179529	0.0478472	0.00681857	0.0238418	0.0190052	0.0158168	0.00440255	0.0152853	0.0028227	0.0122197	0.0381833	0.202888	0.0934082	0.0572386	0.000724567	0.00301256
