303	20
1	0.0550711	0.0128633	0.00348941	0.00548104	0.00199283	0.0179749	0.010208	0.00580985	0.00377407	0.018107	0.00206538	0.0108742	0.711117	0.00491516	0.000870439	0.0915688	0.0250643	0.012199	0.00541014	0.00114425
2	0.0458389	0.0118439	0.00138545	0.00279751	0.182869	0.0127535	0.0170145	0.148902	0.0387537	0.170681	0.0477602	0.00309344	0.042581	0.0125583	0.0289697	0.024505	0.0279828	0.116799	0.0350859	0.0278255
3	0.0535935	0.00752773	0.00291246	0.00310935	0.00822162	0.0970029	0.131563	0.0287955	0.0388205	0.0629095	0.027402	0.00659302	0.113468	0.0243865	0.0208673	0.0930121	0.0612046	0.0544336	0.00185852	0.162319
4	0.0544818	0.00804644	0.000978711	0.0135985	0.072271	0.0210266	0.0118156	0.111156	0.0454522	0.268894	0.102462	0.00997799	0.00398547	0.0343011	0.0308884	0.0274471	0.0703211	0.08475	0.00436759	0.0237779
5	0.110069	0.0596214	0.00390539	0.00131335	0.00701839	0.0443462	0.0101632	0.0283359	0.00176508	0.0305674	0.0241413	0.0429289	0.0083887	0.00172737	0.0082521	0.344295	0.22177	0.0468254	0.000557188	0.00400886
6	0.0496838	0.0211989	0.00486949	0.000989	0.0783276	0.0207376	0.00379628	0.294121	0.00253616	0.202551	0.0233727	0.00133119	0.0204545	0.0012829	0.0014275	0.0202702	0.0335417	0.205728	0.00826588	0.00551395
7	0.0510811	0.0252833	0.000247784	0.00028059	0.151561	0.0187643	0.000424897	0.130894	0.000788804	0.36428	0.0285403	0.00367109	0.00161853	0.000602815	0.000735976	0.0104462	0.0294351	0.178774	0.00162817	0.000943296
8	0.029316	0.0325774	0.000350607	0.000505181	0.269815	0.00849079	0.00195887	0.0774488	0.000886954	0.290642	0.103804	0.00317923	0.00122017	0.00683532	0.00235686	0.0199095	0.0236305	0.0443604	0.0109497	0.0717623
9	0.305512	0.0195861	0.000397159	0.00131061	0.00191007	0.555788	0.00259912	0.00148825	0.000454501	0.00247839	0.00357396	0.00706015	0.00950152	0.00388126	0.00267021	0.0661379	0.00649736	0.00452364	0.000291056	0.00433904
10	0.0353906	0.0273185	0.00017818	0.000231769	0.140098	0.0117242	0.000394277	0.143507	0.000845259	0.416132	0.0469866	0.00158774	0.00055426	0.00063146	0.00125985	0.00971087	0.026856	0.128886	0.00388398	0.00382294
11	0.0384158	0.00793354	0.00987801	0.0204484	0.0185737	0.0255968	0.0372904	0.0256511	0.125418	0.0821852	0.0443132	0.0314918	0.00740562	0.26055	0.111789	0.0459576	0.0433607	0.0294174	0.0064624	0.0278613
12	0.0281899	0.00631553	0.000433625	0.000674473	0.0596676	0.00497609	0.00115749	0.242521	0.000349359	0.380262	0.0714951	0.000349348	0.000718795	0.00205035	0.00129613	0.00823652	0.0192993	0.166628	0.00252627	0.00285294
13	0.107529	0.0266833	0.00135701	0.0011511	0.0281502	0.0214823	0.00276384	0.196427	0.00308552	0.15497	0.0505926	0.00279796	0.00315218	0.00181135	0.00050572	0.0366023	0.0825108	0.275445	0.000863989	0.0021203
14	0.130795	0.158544	0.00393738	0.00812647	0.0169228	0.0124194	0.005661	0.0276415	0.00497704	0.131935	0.145307	0.00891857	0.0332371	0.0488015	0.00952355	0.0873871	0.0817308	0.0748689	0.00352823	0.00573713
15	0.0314751	0.0156973	0.000242236	0.00024684	0.0886527	0.00556196	0.000725678	0.18927	0.000638403	0.445809	0.0653163	0.000368116	0.000731089	0.000700423	0.00166204	0.0124487	0.0182723	0.110397	0.00689949	0.0048852
16	0.162273	0.0522511	0.0040621	0.00410531	0.0161961	0.0923191	0.00578958	0.125536	0.0303941	0.0364045	0.0228352	0.0133667	0.0120615	0.0054421	0.00444621	0.227605	0.0750111	0.100505	0.00274754	0.00664977
17	0.36841	0.0414111	0.00539346	0.000524887	0.00944731	0.167612	0.00124373	0.00813807	0.0012123	0.0159155	0.0115883	0.017694	0.00737598	0.00259489	0.00133474	0.269239	0.0375893	0.0282521	0.000422283	0.00460082
18	0.0205071	0.0799764	0.00966244	0.00109252	0.0312616	0.00939964	0.0021029	0.113617	0.00247079	0.12308	0.049152	0.0774516	0.00202329	0.010965	0.00163961	0.154194	0.14775	0.159678	0.00104368	0.00293216
19	0.0520475	0.0161252	0.0013364	0.000676233	0.0721265	0.0151604	0.00508686	0.260887	0.00129389	0.213813	0.0437295	0.000739964	0.00775959	0.00174869	0.000856112	0.0124166	0.0375395	0.247227	0.00519648	0.00423295
20	0.306679	0.0303619	0.000289903	0.000382182	0.0163457	0.0648659	0.00231984	0.0776226	0.00404622	0.0487913	0.022573	0.00565348	0.0133714	0.000527613	0.000636983	0.145813	0.136225	0.120769	0.002023	0.000703236
21	0.0152009	0.00446936	0.000224945	0.00189386	0.022249	0.000992246	0.00277028	0.413723	0.0017469	0.07525	0.0337313	0.00335914	0.00325582	0.00793601	0.00173759	0.0111187	0.0152268	0.368688	0.00020577	0.0162202
22	0.0467826	0.0148826	0.00705019	0.00517437	0.0274383	0.0583944	0.10559	0.0291213	0.0229169	0.0506201	0.0237821	0.0104322	0.1025	0.0186332	0.0146231	0.121336	0.069688	0.0951393	0.0042877	0.171607
23	0.0313972	0.0307124	0.000351744	0.000513581	0.273681	0.0106771	0.00234729	0.0809731	0.000988196	0.275329	0.10546	0.00362931	0.00158142	0.00676528	0.00245851	0.0191637	0.0220884	0.0470365	0.0112541	0.0735924
24	0.0261192	0.0140784	0.000129233	0.000255658	0.089744	0.00437469	0.000403542	0.177329	0.000510086	0.49516	0.0642475	0.00030789	0.000243978	0.000666837	0.00217047	0.0113613	0.0130112	0.0891075	0.00610033	0.00467951
25	0.0285174	0.00269616	0.000607935	0.000649255	0.0507695	0.00472986	0.00158224	0.290124	0.000275244	0.308271	0.0707317	0.000248048	0.000504302	0.00258976	0.00102367	0.00628244	0.0238087	0.203993	0.000946877	0.0016492
26	0.27647	0.0434904	0.00260361	0.000902624	0.00405623	0.376589	0.0024587	0.00512606	0.000635924	0.00556186	0.00614617	0.0187774	0.0105064	0.00628703	0.00212247	0.196323	0.0215478	0.0166416	0.000338073	0.00341612
27	0.127677	0.0414266	0.00877361	0.00559732	0.0092018	0.0436421	0.0080967	0.027853	0.00538646	0.02375	0.0226353	0.0438553	0.0134785	0.00725965	0.0121018	0.330577	0.22615	0.0343815	0.000722444	0.00743414
28	0.0341582	0.0633659	0.00819438	0.00108578	0.036139	0.0142285	0.00293058	0.0996885	0.00238684	0.116985	0.0598364	0.063161	0.00198576	0.00728888	0.00182823	0.162989	0.150925	0.168965	0.00122233	0.00263587
29	0.0313511	0.031003	0.000338438	0.000575841	0.27341	0.0103648	0.00260017	0.0851396	0.00148218	0.26854	0.107928	0.00314289	0.00228677	0.00671613	0.00273927	0.0193289	0.0225308	0.0489353	0.0134393	0.0681469
30	0.0234203	0.0218663	0.000333431	0.00044489	0.275923	0.00664724	0.000841225	0.170476	0.000589569	0.235386	0.0345894	0.00147697	0.00217225	0.00128775	0.000832748	0.0112069	0.023834	0.178877	0.00306934	0.00672584
31	0.16509	0.0397732	0.00381226	0.00264974	0.00665943	0.0110112	0.00817895	0.139876	0.00586923	0.0505798	0.0760379	0.0140576	0.0020552	0.00173601	0.00137269	0.0950743	0.132852	0.240802	0.000723044	0.00178848
32	0.321112	0.0638195	0.00995377	0.000496704	0.00622	0.131307	0.00128667	0.00906825	0.00103632	0.0111557	0.0121624	0.0214551	0.0043549	0.0023126	0.000685032	0.322291	0.045659	0.0326369	0.000472531	0.00251419
33	0.02994	0.0148669	0.000155184	0.000238446	0.0891174	0.00447731	0.000485891	0.183022	0.000575242	0.475263	0.0678768	0.000302301	0.000272801	0.000665509	0.00194871	0.0125131	0.0161718	0.0892428	0.00707543	0.00578883
34	0.0283187	0.0138387	0.000152104	0.000352859	0.0853725	0.00458971	0.000494491	0.171469	0.00056471	0.507148	0.0672172	0.000292731	0.000260373	0.000778927	0.00193549	0.0121585	0.0138077	0.0797653	0.0065952	0.00488782
35	0.0448665	0.0216308	0.00538901	0.0254097	0.0260254	0.0149354	0.0169069	0.0484964	0.0241385	0.100131	0.252164	0.0100985	0.0123492	0.203043	0.0150561	0.0376436	0.0325623	0.0893614	0.004088	0.0157047
36	0.128534	0.0567739	0.0106095	0.00384948	0.00815685	0.0193025	0.00644436	0.0313795	0.00277727	0.0240872	0.0207695	0.0263235	0.00709456	0.00131419	0.00317764	0.299569	0.271868	0.0737323	0.00063624	0.00360122
37	0.028409	0.0309923	0.00102878	0.00108116	0.0610041	0.0220705	0.00886307	0.0638238	0.000975596	0.118418	0.0248169	0.00252178	0.00159593	0.00152413	0.00119082	0.0820741	0.498986	0.0284522	0.0126825	0.00948913
38	0.0201709	0.0843215	0.0110557	0.00110643	0.0326377	0.00920581	0.00201118	0.117306	0.00261014	0.112435	0.0477257	0.0765218	0.00188472	0.00892562	0.00141482	0.153421	0.147694	0.166238	0.000995481	0.00231915
39	0.0232303	0.00258311	0.00573515	0.010912	0.00300781	0.0507688	0.0238546	0.00308433	0.261088	0.0151525	0.00258587	0.0303108	0.0218413	0.0672435	0.421614	0.0186676	0.0162965	0.00521434	0.0056136	0.0111956
40	0.0303342	0.0223909	0.00267976	0.0022612	0.165516	0.0130562	0.0160395	0.0803009	0.00513306	0.29194	0.0718242	0.00702745	0.00480982	0.00752645	0.010295	0.0230102	0.025571	0.0619742	0.00713785	0.151172
41	0.111151	0.0184792	0.0158247	0.00953109	0.00676817	0.0525487	0.00882936	0.0101709	0.0076419	0.0179237	0.00435441	0.0233738	0.45749	0.0123161	0.00827672	0.159956	0.0482979	0.0194762	0.00410599	0.00348322
42	0.0241515	0.00272519	0.00143444	0.000629901	0.0493332	0.00503404	0.00174665	0.323382	0.000280072	0.26997	0.0707364	0.000378018	0.00147711	0.00262027	0.000974522	0.0055906	0.0207793	0.215736	0.000709553	0.00231131
43	0.0182678	0.00453984	0.000316631	0.00156047	0.0297001	0.00204247	0.00241623	0.388888	0.00144422	0.112708	0.0423043	0.00259666	0.00350048	0.00651016	0.00154949	0.0103691	0.0165239	0.339713	0.000369951	0.0146805
44	0.0458549	0.011866	0.0142922	0.0604317	0.0186601	0.0343825	0.0581017	0.0234974	0.0661496	0.0523027	0.0396912	0.0264573	0.0252642	0.293096	0.0691652	0.055643	0.0398457	0.0379675	0.004745	0.0225857
45	0.223606	0.0395842	0.00358429	0.00187622	0.0113864	0.116621	0.00619416	0.0423852	0.00355256	0.0374324	0.017525	0.0216147	0.0143333	0.00534246	0.00388722	0.262435	0.119456	0.0648418	0.00159106	0.00275121
46	0.206141	0.0435878	0.00575731	0.00447045	0.00978002	0.0973725	0.00426251	0.0285224	0.00420024	0.0146176	0.00608657	0.0303224	0.0919805	0.00830223	0.00546128	0.283184	0.110002	0.0421186	0.000801085	0.00302902
47	0.161138	0.0453384	0.00624133	0.00398232	0.00586435	0.0373924	0.00584691	0.036125	0.00359756	0.0147848	0.0118828	0.0256995	0.0249221	0.00328419	0.00433234	0.398914	0.173525	0.0330323	0.000496549	0.00360029
48	0.0775434	0.0155655	0.000935973	0.00181868	0.231084	0.0362071	0.0180917	0.101682	0.020668	0.170378	0.0514684	0.00242987	0.0262982	0.00827969	0.0159441	0.0265724	0.0203684	0.0855756	0.0250053	0.0640843
49	0.132921	0.0248366	0.0303412	0.0202608	0.00941687	0.041471	0.00289175	0.0236127	0.0167722	0.0107061	0.00662892	0.047499	0.0293896	0.0172047	0.011778	0.359035	0.180337	0.0245397	0.000646698	0.00971136
50	0.0155622	0.0155642	0.00356086	0.00154755	0.223206	0.0149088	0.0431308	0.0512565	0.00372639	0.114196	0.0307147	0.0109928	0.00783588	0.00355346	0.0214249	0.0163047	0.0194865	0.0525912	0.00185584	0.348582
51	0.0234504	0.00374441	0.000435342	0.000848265	0.0536644	0.00372938	0.00132727	0.312171	0.000657466	0.252244	0.0528925	0.000951091	0.00139247	0.00332904	0.00127074	0.00701028	0.0191505	0.254132	0.000909417	0.00669011
52	0.223569	0.00866228	0.00184504	0.00219615	0.00721982	0.0274916	0.00303609	0.152159	0.00314107	0.0621359	0.00860718	0.00476117	0.134715	0.0035552	0.0315257	0.0854095	0.0596705	0.174581	0.00203497	0.00368415
53	0.103176	0.0504143	0.00333369	0.004226	0.00870135	0.0533905	0.008137	0.0120377	0.00364335	0.0182051	0.00529511	0.012195	0.47999	0.00760252	0.00244432	0.121921	0.0442804	0.0538316	0.00361199	0.00356343
54	0.20599	0.0313777	0.000432973	0.000557491	0.0533404	0.0515968	0.00263875	0.121773	0.00206971	0.151974	0.0389178	0.00235121	0.00553659	0.00105019	0.000629064	0.078612	0.0983365	0.148855	0.00152738	0.00243306
55	0.0476182	0.00688894	0.000772503	0.00999941	0.0899916	0.0199417	0.0144314	0.120747	0.0503194	0.263286	0.0956798	0.00988243	0.00575805	0.0321052	0.0313944	0.022358	0.062934	0.0865203	0.00656568	0.0228061
56	0.316551	0.032324	0.000286374	0.000385743	0.0131033	0.0654904	0.00205644	0.0702971	0.00275241	0.0408114	0.019936	0.00623114	0.0120883	0.000503914	0.000619444	0.148807	0.133574	0.131646	0.00194651	0.000589698
57	0.0245021	0.0151144	0.000326864	0.00160792	0.129432	0.00534368	0.00161512	0.149799	0.00127274	0.393525	0.101684	0.00182686	0.000771329	0.005339	0.00365224	0.0145602	0.0197905	0.0857318	0.00607794	0.0380276
58	0.0494731	0.00793212	0.00143357	0.0102766	0.0769611	0.0299855	0.0105479	0.122801	0.0412227	0.244039	0.120707	0.00931466	0.00392636	0.0411834	0.0245909	0.0307037	0.0747797	0.0781675	0.00365738	0.0182967
59	0.1371	0.0116154	0.0271736	0.0165845	0.0162092	0.0729025	0.000993336	0.0072122	0.0210509	0.0113873	0.00490432	0.0578106	0.0265181	0.0370917	0.0261638	0.391941	0.113479	0.0125408	0.000499224	0.00682315
60	0.0805267	0.0158047	0.0554208	0.00465612	0.0416358	0.0384825	0.0355909	0.0817588	0.00571396	0.120046	0.107255	0.0379719	0.00601097	0.042835	0.00643591	0.128859	0.0300266	0.150254	0.00285386	0.00786104
61	0.0342818	0.00858111	0.000869532	0.000883375	0.0444385	0.00867296	0.00179713	0.279429	0.00102741	0.234018	0.0492958	0.000802659	0.00734576	0.00236596	0.000721854	0.0146858	0.0340869	0.270505	0.00164605	0.00454619
62	0.0952353	0.0177322	0.0164613	0.0601257	0.0160587	0.0663933	0.00532342	0.0100486	0.0303258	0.0130126	0.00590448	0.0448852	0.0233331	0.171971	0.0417776	0.272104	0.0836397	0.0190818	0.00112765	0.00545887
63	0.186992	0.017685	0.0109598	0.0124386	0.00870194	0.498414	0.0117883	0.00862494	0.0109331	0.0147194	0.00818343	0.0333883	0.0156224	0.0124977	0.0152121	0.0663421	0.0233194	0.0167808	0.00335776	0.0240392
64	0.363318	0.0537414	0.0104471	0.000675369	0.00646755	0.122597	0.00124317	0.00814605	0.0012866	0.011998	0.0120547	0.0214981	0.00394659	0.00188001	0.000915794	0.298195	0.0476169	0.0310078	0.000365192	0.00260083
65	0.0394723	0.0183866	0.000434374	0.000686357	0.0930174	0.00994467	0.00107195	0.180272	0.00321857	0.396022	0.0510561	0.00135427	0.00202685	0.00189165	0.00200903	0.0125477	0.0296513	0.14985	0.00415893	0.00292823
66	0.0275912	0.00195297	0.000552602	0.000527751	0.0619489	0.00406872	0.00127881	0.305788	0.000218663	0.284291	0.073967	0.00023486	0.00042387	0.00208821	0.00159747	0.00513666	0.0243974	0.200304	0.00100723	0.00262417
67	0.0969065	0.0250404	0.0008211	0.000583761	0.0262438	0.0288171	0.00279405	0.226029	0.0027736	0.124328	0.0449994	0.00201319	0.00415254	0.0017686	0.000487769	0.0166586	0.060589	0.331895	0.00108636	0.00201202
68	0.49366	0.0299114	0.00763301	0.00040329	0.00559124	0.0773955	0.000661596	0.0050139	0.00249044	0.0107027	0.0076699	0.0114007	0.00724928	0.000778429	0.000480172	0.261857	0.0468014	0.0280688	0.000381173	0.00185042
69	0.293453	0.0579819	0.00669431	0.000571612	0.00614321	0.209772	0.0013905	0.00971646	0.00090579	0.00957098	0.0098048	0.0223381	0.00795865	0.00317502	0.00111495	0.28578	0.0385924	0.0321025	0.000371448	0.00256242
70	0.0358441	0.0258972	0.000227432	0.000251064	0.128273	0.0126412	0.000411955	0.147944	0.000796435	0.420244	0.0481432	0.00157504	0.000541369	0.000519694	0.00118397	0.0100117	0.0280975	0.131151	0.00397526	0.00227141
71	0.0401143	0.00662256	0.000576807	0.000806671	0.0560664	0.00693983	0.00150873	0.261867	0.000649633	0.277503	0.0510054	0.00067733	0.00217282	0.00322282	0.000666486	0.0139576	0.0413525	0.231358	0.00109856	0.00183267
72	0.0346393	0.00762682	0.00594716	0.275823	0.0268841	0.022102	0.0274767	0.020917	0.00305558	0.0338532	0.0334524	0.00572325	0.0820272	0.273572	0.0218438	0.0519267	0.0227118	0.0446445	0.00207755	0.00369599
73	0.0321872	0.0123497	0.00053277	0.000505727	0.0321129	0.0188787	0.00144217	0.224984	0.000617102	0.156534	0.102601	0.00116403	0.0187815	0.00133768	0.000770754	0.017641	0.0193895	0.352745	0.000674935	0.00475117
74	0.0539316	0.025158	0.000289693	0.000294083	0.15387	0.0193711	0.000503862	0.132327	0.000763505	0.34658	0.0244561	0.00413132	0.00190986	0.000740429	0.000665667	0.0110982	0.0309715	0.191132	0.00113004	0.000676944
75	0.027587	0.00214673	0.000549383	0.000525	0.0547832	0.00536743	0.00140703	0.293438	0.000219909	0.291821	0.0633485	0.000299211	0.000852922	0.00229443	0.00091946	0.00510921	0.0220309	0.225256	0.000527986	0.00151665
76	0.155435	0.0151024	0.0101875	0.0300565	0.00944455	0.504488	0.0120027	0.010544	0.0113971	0.0173101	0.00802993	0.0198436	0.0162902	0.0253635	0.0182354	0.0651266	0.0306657	0.0197758	0.00940986	0.0112918
77	0.138934	0.0236956	0.000852941	0.000983077	0.218858	0.0642238	0.011445	0.0518844	0.00271831	0.183254	0.0368524	0.0018063	0.00468145	0.00158934	0.0049365	0.0303494	0.0127827	0.0837911	0.0229797	0.103382
78	0.0280906	0.0313448	0.00106002	0.00117601	0.0587134	0.0219485	0.00803568	0.0590406	0.000993709	0.124951	0.0245331	0.00273711	0.00172401	0.00150209	0.00126379	0.0920296	0.492721	0.0285182	0.0110725	0.00854459
79	0.0493573	0.00620098	0.0154596	0.0252779	0.00596948	0.168814	0.0236434	0.00635528	0.179545	0.0180302	0.00565049	0.0385702	0.0202373	0.0654311	0.287387	0.0350795	0.0229798	0.010713	0.00433827	0.01096
80	0.0313851	0.00904551	0.000356202	0.00049092	0.0659445	0.00492304	0.000634636	0.218606	0.000540516	0.426782	0.0658338	0.000271534	0.000321344	0.00120356	0.00140021	0.0104483	0.0190686	0.135247	0.00417654	0.00332127
81	0.031367	0.012739	0.000509207	0.000578634	0.0305241	0.0184865	0.00142625	0.231179	0.00070559	0.14425	0.0993121	0.00138984	0.0192499	0.00152884	0.000878331	0.0178956	0.0187037	0.362927	0.000666128	0.0056834
82	0.193496	0.0434454	0.00537264	0.00332232	0.00971605	0.251286	0.00593336	0.0201758	0.00376541	0.0219862	0.0116275	0.0236309	0.0151865	0.00773472	0.0044434	0.254702	0.0659975	0.0509986	0.00273882	0.00444078
83	0.0467448	0.010319	0.000686664	0.00370973	0.174446	0.0135842	0.0207861	0.116663	0.0514281	0.195203	0.058495	0.00469887	0.0257227	0.0202484	0.0365911	0.021296	0.0390665	0.103227	0.0231595	0.0339236
84	0.0274409	0.0145069	0.000134283	0.000226558	0.0881233	0.00435492	0.000397893	0.177538	0.000561094	0.493389	0.0646654	0.000307732	0.000230189	0.000611631	0.0019894	0.011804	0.0135086	0.0892456	0.00638267	0.00458214
85	0.0741637	0.0195529	0.00135098	0.00706286	0.0651482	0.0125695	0.00597497	0.0740456	0.033964	0.233842	0.156457	0.012863	0.00234887	0.0186062	0.0303182	0.0566521	0.0805016	0.0978152	0.00524976	0.0115126
86	0.0189883	0.00195745	0.0017094	0.00618689	0.00235606	0.0448229	0.0233942	0.00297656	0.275626	0.0152128	0.00226742	0.0277323	0.0216723	0.0655686	0.440142	0.0134269	0.0142137	0.00442109	0.00587417	0.0114506
87	0.0114939	0.0146457	0.00486889	0.00196083	0.222331	0.0112118	0.0534049	0.0461709	0.00342536	0.0871671	0.0210535	0.0126978	0.00827868	0.00327092	0.0289844	0.0202705	0.0188274	0.0555106	0.000914383	0.373511
88	0.0168277	0.00607575	0.000294275	0.00178509	0.0229699	0.00234129	0.00274595	0.404322	0.00165718	0.0816479	0.0332234	0.00317642	0.00351253	0.00713093	0.00158655	0.0108135	0.0163955	0.368562	0.00030388	0.0146277
89	0.0729882	0.0303016	0.00536813	0.00542245	0.0152243	0.112434	0.0109864	0.0269107	0.00438766	0.0407011	0.018689	0.0297773	0.015743	0.0061985	0.00575435	0.261608	0.29283	0.0360566	0.00253052	0.00608826
90	0.0550067	0.013058	0.00347648	0.00533088	0.00487752	0.0178321	0.0102367	0.00638013	0.00384517	0.0198721	0.00261969	0.0107067	0.703861	0.00491264	0.00132459	0.0898093	0.025159	0.0131465	0.00539789	0.00314701
91	0.0247684	0.00188553	0.000763872	0.000548481	0.0499557	0.00473663	0.00210533	0.310652	0.000212552	0.283908	0.0709512	0.000247879	0.000565531	0.00274121	0.000941409	0.00451285	0.0211804	0.21716	0.000487096	0.00167549
92	0.2277	0.0370302	0.00222928	0.00301925	0.00907786	0.0289818	0.00290158	0.0759561	0.00270561	0.0402731	0.03384	0.00723178	0.00570723	0.000963713	0.0012644	0.119124	0.222569	0.17713	0.00117969	0.00111616
93	0.0162399	0.00477302	0.000287065	0.00236066	0.0206675	0.0012211	0.00304949	0.412985	0.00177643	0.0717066	0.0321272	0.00361518	0.00342372	0.00731684	0.0016722	0.0105771	0.0164496	0.374698	0.000209366	0.0148435
94	0.30651	0.0340969	0.000302902	0.000500906	0.013864	0.0651009	0.00211901	0.069823	0.00270055	0.0403517	0.0200477	0.00671107	0.0113049	0.000580192	0.000638837	0.149623	0.136219	0.137259	0.00164231	0.000603754
95	0.0638215	0.0691168	0.00616716	0.00783512	0.0161268	0.0383865	0.0129361	0.0237467	0.00775565	0.0351182	0.0173398	0.0120451	0.278027	0.0485722	0.00769401	0.140823	0.0448791	0.151479	0.00524713	0.0128839
96	0.148193	0.0229561	0.00231741	0.0133878	0.0102086	0.0088905	0.00446546	0.0783883	0.00309778	0.0666886	0.0752409	0.00662416	0.00294094	0.00346524	0.00299356	0.0892549	0.250858	0.205479	0.00175274	0.00279678
97	0.0168184	0.00335004	0.000377974	0.00146618	0.023154	0.00246219	0.00421693	0.398808	0.00135312	0.115719	0.049692	0.00274394	0.00261733	0.00782879	0.00143822	0.00883008	0.0166845	0.33122	0.0002687	0.0109506
98	0.133651	0.0415	0.00273173	0.00121238	0.014898	0.0149508	0.00879148	0.0327254	0.000928098	0.0462014	0.0440511	0.0224982	0.00317299	0.00101787	0.00297109	0.272078	0.290005	0.0638306	0.000589726	0.00219567
99	0.0518862	0.0177652	0.00162075	0.0185271	0.0329253	0.00877439	0.00588459	0.0835065	0.0108552	0.369148	0.197651	0.00498676	0.00248104	0.0319907	0.0119285	0.0293225	0.0356973	0.0726589	0.00136374	0.0110258
100	0.0239252	0.0056687	0.000547858	0.00282299	0.0224736	0.00231213	0.00280074	0.388039	0.00192673	0.0881628	0.0355121	0.00333306	0.00393441	0.00730524	0.00215893	0.0127888	0.0174764	0.361537	0.000283474	0.0169909
101	0.186752	0.0582132	0.00269307	0.00217268	0.0107638	0.231018	0.0156736	0.0298634	0.00219443	0.0242711	0.0154227	0.0143455	0.0189691	0.00598168	0.00275063	0.180958	0.11921	0.0745431	0.0013473	0.00285736
102	0.0268522	0.0123044	0.000251263	0.000496018	0.11414	0.00474535	0.00202989	0.194004	0.00276621	0.40657	0.0720666	0.00085839	0.00193987	0.00228104	0.00533189	0.011772	0.0199733	0.0997397	0.00674505	0.0151325
103	0.135097	0.0135612	0.0267146	0.0156695	0.0155329	0.0733344	0.00161265	0.0082794	0.0189168	0.0114316	0.0055815	0.0572859	0.0287406	0.0318011	0.0226744	0.393326	0.118915	0.013247	0.000415042	0.00786362
104	0.0953841	0.0244402	0.000569365	0.000608091	0.0466049	0.0305864	0.00313673	0.213686	0.0017291	0.180449	0.0426816	0.00132659	0.00350525	0.0035029	0.000513199	0.0216266	0.0643407	0.26178	0.00141737	0.00211151
105	0.0456712	0.0219426	0.00410583	0.0389972	0.114465	0.0305134	0.0101827	0.122399	0.0138461	0.1575	0.0462123	0.00845256	0.0196551	0.0141714	0.0130867	0.0398452	0.0442732	0.11789	0.109711	0.0270792
106	0.0505201	0.0154825	0.00304517	0.0361476	0.0152174	0.18967	0.00633654	0.0468567	0.00504296	0.0562022	0.0119634	0.00765364	0.0658278	0.0057663	0.00508044	0.0830328	0.0748004	0.0581149	0.218016	0.0452231
107	0.0154442	0.00438517	0.00023443	0.00185523	0.0230904	0.00114764	0.00278478	0.411102	0.00180202	0.0799495	0.035317	0.00322802	0.00324246	0.00784386	0.00179522	0.0110453	0.01551	0.364038	0.000234334	0.0159509
108	0.523776	0.0214478	0.0078016	0.000512126	0.00459401	0.0613027	0.000754848	0.00369149	0.00329822	0.0108234	0.00564212	0.00810713	0.0097328	0.000875088	0.000704363	0.258304	0.0516709	0.0249793	0.000405095	0.00157738
109	0.13388	0.0378807	0.000213429	0.00029256	0.0712755	0.0510646	0.00392317	0.146219	0.000437958	0.208376	0.0611584	0.000519317	0.000600883	0.00078384	0.000334283	0.050785	0.0657671	0.162765	0.000333947	0.00338898
110	0.173671	0.0415896	0.000465089	0.00063853	0.0962515	0.0605181	0.00286412	0.104564	0.000956279	0.187172	0.0366578	0.00101043	0.00108842	0.00111774	0.000763214	0.056044	0.0670949	0.164423	0.000540468	0.00256916
111	0.0340688	0.0244369	0.000183592	0.000324056	0.112934	0.00697204	0.000803575	0.150281	0.000770498	0.445806	0.0709312	0.00120802	0.000361211	0.00128977	0.00177738	0.0138354	0.0237761	0.0956822	0.00821535	0.00634183
112	0.0553921	0.0152924	0.000494072	0.000583713	0.0315051	0.0198153	0.0015956	0.21679	0.000979375	0.204973	0.0703834	0.000884712	0.00738453	0.00175358	0.000523073	0.0286679	0.0472712	0.291014	0.000749389	0.0039475
113	0.0865678	0.0199542	0.000894307	0.000766446	0.0470553	0.028923	0.00510389	0.250126	0.00207681	0.150115	0.0277501	0.00112368	0.00605984	0.00221174	0.000490367	0.0132272	0.0660608	0.286917	0.0026138	0.00196239
114	0.0280187	0.00189549	0.00055062	0.000556031	0.0621944	0.00408385	0.00131677	0.30532	0.000210853	0.283708	0.0736348	0.000227764	0.000412129	0.00215198	0.00152231	0.00514533	0.0248876	0.200406	0.00110834	0.00264883
115	0.0293806	0.0826994	0.000850498	0.001036	0.322696	0.0077515	0.00263631	0.0607441	0.00187846	0.250718	0.0701187	0.00312348	0.00145056	0.00566257	0.00254076	0.0170784	0.0369728	0.0367583	0.0070489	0.0588551
116	0.238919	0.0466439	0.00323846	0.00196506	0.00719212	0.0387582	0.00276358	0.0575495	0.00263791	0.0239038	0.0160844	0.0118875	0.0184274	0.00112433	0.00154475	0.301931	0.142497	0.0800812	0.00108913	0.00176206
117	0.055118	0.0134965	0.00181267	0.0268525	0.059406	0.01735	0.0110417	0.104992	0.0349565	0.247067	0.0962274	0.016551	0.00438653	0.0632793	0.034106	0.0261781	0.0670649	0.0986581	0.00368019	0.0177762
118	0.0257673	0.0175901	0.00337999	0.00176566	0.139174	0.0124785	0.0442942	0.0982776	0.00960313	0.118496	0.0379729	0.00883505	0.015632	0.00440541	0.0175425	0.0163705	0.0263027	0.0955658	0.00593168	0.300615
119	0.039906	0.0249502	0.000840718	0.00816162	0.0622333	0.00648188	0.00826282	0.0750875	0.00646395	0.420515	0.177991	0.00526156	0.00147362	0.0154677	0.00756092	0.0300524	0.036079	0.0579982	0.00457456	0.0106385
120	0.0931128	0.0120831	0.069009	0.0902332	0.00981065	0.118199	0.0387773	0.00332155	0.061471	0.0132311	0.00767955	0.083271	0.015327	0.111366	0.124754	0.0795012	0.0407806	0.0191088	0.000909705	0.00805426
121	0.0263297	0.00212079	0.000545815	0.000511554	0.0577916	0.00501998	0.00122357	0.294669	0.000224692	0.302224	0.0624608	0.000242223	0.000548866	0.00200297	0.00103305	0.0043173	0.0198646	0.21689	0.000474751	0.00150552
122	0.0557941	0.0396876	0.00228207	0.00312199	0.17016	0.0229632	0.0344298	0.148018	0.00774802	0.201341	0.0517247	0.00488551	0.0087924	0.00676851	0.00677826	0.0402312	0.0353633	0.12479	0.00820979	0.02691
123	0.0754855	0.00972655	0.036795	0.0801682	0.0206207	0.0790871	0.0299418	0.00783628	0.0907698	0.0217823	0.00931183	0.0620829	0.00821158	0.157514	0.121355	0.0965268	0.0551856	0.017329	0.00364672	0.0166233
124	0.0774971	0.034671	0.00122124	0.0170236	0.0412961	0.010948	0.00583402	0.0901533	0.0172507	0.239047	0.160322	0.00891423	0.00394587	0.0515518	0.0258746	0.0327744	0.0669542	0.101556	0.00349027	0.00967463
125	0.0367019	0.0302382	0.000386969	0.000589627	0.27457	0.0120245	0.00263604	0.0777822	0.00123418	0.269807	0.103296	0.00332877	0.00167249	0.0065641	0.00253813	0.0194463	0.0224365	0.0475741	0.0114899	0.075683
126	0.0151566	0.00443141	0.000228137	0.00194645	0.0218503	0.00102282	0.00285278	0.414896	0.00170915	0.0740614	0.0333885	0.00339663	0.00330535	0.00779424	0.00171879	0.0109208	0.0151071	0.369868	0.000213828	0.0161317
127	0.026094	0.0127899	0.000162056	0.000339357	0.0848221	0.00418075	0.000423997	0.182803	0.000528234	0.490358	0.0654554	0.000336342	0.000224938	0.000819107	0.00242475	0.0114127	0.0132638	0.0933059	0.00566178	0.00459464
128	0.0291254	0.0142097	0.00015697	0.000234051	0.0856874	0.00464003	0.000446492	0.174163	0.000584489	0.501777	0.0667106	0.000291456	0.000243857	0.000632057	0.00188203	0.0124563	0.0142982	0.0805364	0.00695595	0.00496904
129	0.410382	0.028412	0.0053469	0.000651222	0.00599404	0.108656	0.00126337	0.00712529	0.0027433	0.0107887	0.0056609	0.0119899	0.0203734	0.00353464	0.00226482	0.287751	0.056413	0.0282131	0.00051208	0.00192456
130	0.0325037	0.00570201	0.000595236	0.000491605	0.0410023	0.0101562	0.00241367	0.285851	0.000353163	0.23915	0.0801624	0.000462112	0.00417925	0.00284008	0.000704627	0.0084601	0.0245928	0.256915	0.000605473	0.00285828
131	0.13388	0.0378807	0.000213429	0.00029256	0.0712755	0.0510646	0.00392317	0.146219	0.000437958	0.208376	0.0611584	0.000519317	0.000600883	0.00078384	0.000334283	0.050785	0.0657671	0.162765	0.000333947	0.00338898
132	0.049931	0.112327	0.00646386	0.0120812	0.0513984	0.0377914	0.0125395	0.0375783	0.00928232	0.107563	0.0236036	0.0132317	0.0153808	0.010064	0.00888887	0.093903	0.0377933	0.0982893	0.129741	0.132147
133	0.13388	0.0378807	0.000213429	0.00029256	0.0712755	0.0510646	0.00392317	0.146219	0.000437958	0.208376	0.0611584	0.000519317	0.000600883	0.00078384	0.000334283	0.050785	0.0657671	0.162765	0.000333947	0.00338898
134	0.0317665	0.00332261	0.000564621	0.000639775	0.0587252	0.00542702	0.00124148	0.278937	0.000316792	0.292402	0.0530218	0.000525981	0.00129889	0.0021093	0.000862395	0.00685479	0.0246078	0.235216	0.000677726	0.0014828
135	0.0661174	0.438175	0.00271737	0.00297848	0.0338793	0.0283921	0.00424223	0.011356	0.00343014	0.039795	0.00818557	0.00578251	0.00384149	0.00467003	0.00369708	0.26178	0.0205796	0.0305254	0.00275166	0.0271034
136	0.171148	0.0212935	0.000970818	0.00121185	0.181745	0.0768692	0.016006	0.0453466	0.00281846	0.15976	0.0216689	0.00174851	0.00413239	0.00135845	0.00773602	0.0330067	0.0146824	0.0954974	0.0260013	0.116999
137	0.0504631	0.018494	0.00289921	0.000791897	0.0649947	0.0186864	0.00314964	0.289899	0.00174455	0.194933	0.0349479	0.00103331	0.0178426	0.00129392	0.00104418	0.0165793	0.0306895	0.237976	0.00537756	0.00715964
138	0.0271949	0.0155666	0.00015839	0.000934283	0.0962463	0.00772614	0.000752254	0.14553	0.000614016	0.512747	0.0664219	0.000643726	0.000375658	0.00163289	0.00162225	0.0111049	0.0153855	0.0855424	0.0050947	0.004706
139	0.11108	0.0135654	0.0274449	0.034863	0.0237213	0.0724495	0.00407471	0.0105892	0.0220294	0.0149323	0.00740391	0.0499966	0.023792	0.0566813	0.0253793	0.344524	0.131541	0.0163918	0.00102914	0.00851117
140	0.185208	0.00598963	0.0113159	0.043267	0.0145998	0.00455806	0.0119514	0.119303	0.0127363	0.103561	0.00637843	0.0133364	0.00202799	0.0145834	0.0234596	0.0397697	0.041015	0.306998	0.0013756	0.0385659
141	0.0127508	0.0118455	0.000284767	0.000437847	0.303031	0.00181398	0.000714534	0.223372	0.000405449	0.183616	0.0238681	0.000749135	0.00284502	0.000599227	0.000648037	0.00651469	0.0137688	0.208592	0.00231376	0.0018302
142	0.0342921	0.00582059	0.0175986	0.0287976	0.024446	0.0185283	0.0613757	0.0313285	0.0915462	0.069276	0.0228838	0.0510288	0.00153338	0.116806	0.168879	0.0590582	0.0819528	0.0280104	0.0148439	0.0719944
143	0.0140166	0.0119594	0.00048219	0.000480817	0.311904	0.0016921	0.00150859	0.227418	0.000603374	0.162046	0.0247394	0.000621309	0.00470636	0.000528578	0.000665431	0.00700638	0.0146212	0.208033	0.00379306	0.00317405
144	0.06727	0.0142214	0.00541884	0.00774948	0.0069156	0.0265777	0.010604	0.0281819	0.016612	0.0215348	0.0074178	0.0158131	0.529521	0.0277573	0.00442195	0.110268	0.0664266	0.0228248	0.00457063	0.00589301
145	0.0264978	0.0108023	0.00364288	0.00503205	0.110992	0.0172341	0.0409072	0.0812047	0.0262757	0.161501	0.0569016	0.0153136	0.00837135	0.0162514	0.0289704	0.0200298	0.0440885	0.0711593	0.00361198	0.251212
146	0.0103634	0.0122457	0.000295409	0.000433007	0.326422	0.00105349	0.000700451	0.223633	0.00041511	0.162205	0.0217371	0.000642275	0.00297111	0.000519182	0.00052848	0.00663152	0.0133864	0.211306	0.00252673	0.00198509
147	0.0175324	0.00699497	0.123518	0.00449588	0.00825602	0.00783297	0.0368243	0.010568	0.0189545	0.0130121	0.00681051	0.104331	0.00475114	0.00349055	0.00321593	0.397098	0.211591	0.0145768	0.00177965	0.00436576
148	0.110979	0.0177672	0.00141772	0.000756263	0.0414151	0.0243092	0.00274711	0.212622	0.00584132	0.192832	0.0247178	0.00184151	0.0225864	0.00155803	0.000854633	0.0256835	0.0721019	0.231156	0.00674919	0.00206495
149	0.192158	0.028834	0.0116921	0.00803019	0.015007	0.131725	0.00323003	0.00864541	0.00988237	0.015368	0.00539631	0.0415244	0.0606268	0.0235945	0.0160059	0.312882	0.0836646	0.0268294	0.000666679	0.00423769
150	0.360808	0.0457254	0.00527611	0.000454447	0.0141736	0.1268	0.000832553	0.0188174	0.00147808	0.0290933	0.0129865	0.0148168	0.00525506	0.00128128	0.000547547	0.263864	0.0487533	0.0456961	0.000567969	0.00277177
151	0.02293	0.00975253	0.00060727	0.000594311	0.222082	0.00336341	0.00209833	0.258348	0.000812868	0.177806	0.03965	0.000871846	0.00475932	0.00133117	0.00110876	0.00787873	0.0192517	0.21568	0.00368353	0.00739016
152	0.129917	0.0378748	0.000225012	0.000273219	0.0730588	0.0498245	0.00381598	0.148269	0.000438526	0.211608	0.0602028	0.000588507	0.000720972	0.000824033	0.000330145	0.0488187	0.0645449	0.165007	0.000377427	0.00328093
153	0.325846	0.026015	0.000929537	0.00102061	0.0138649	0.081697	0.00204198	0.0717264	0.00316541	0.0476502	0.0180813	0.00604854	0.0213286	0.00130709	0.00188346	0.123758	0.123835	0.119636	0.00798997	0.00217517
154	0.0477989	0.0299023	0.000391844	0.00078843	0.230501	0.0184755	0.00355044	0.0983068	0.00230786	0.273508	0.103066	0.00284656	0.00271016	0.00580101	0.00303686	0.0219068	0.0242145	0.0619306	0.0108076	0.0581484
155	0.0289041	0.0143628	0.000138748	0.000240134	0.0882774	0.00465582	0.000443262	0.17544	0.000568959	0.491236	0.0687566	0.000287916	0.000221373	0.000650163	0.00203513	0.0127664	0.0157099	0.0828668	0.00679016	0.00564768
156	0.313027	0.031055	0.000316207	0.000383809	0.0152529	0.064036	0.00207147	0.0758626	0.00349707	0.0479829	0.0227075	0.0058178	0.0128852	0.000508554	0.000640333	0.142996	0.135876	0.122415	0.00203856	0.00062945
157	0.33649	0.0186129	0.000415949	0.00115598	0.0022662	0.508878	0.00265162	0.00172419	0.0011402	0.00310873	0.00572232	0.00695159	0.0112053	0.00407022	0.00278671	0.0769069	0.00654456	0.00493264	0.000298985	0.00413631
158	0.13698	0.0355152	0.000293537	0.000468043	0.0615569	0.0475749	0.00371617	0.148597	0.000915427	0.189468	0.0616738	0.000954319	0.00144607	0.000974239	0.000444901	0.0518816	0.0736847	0.179034	0.000475134	0.00434511
159	0.0243601	0.00504761	0.000450672	0.000440198	0.0716278	0.00419129	0.000963455	0.263993	0.000275403	0.356547	0.0638012	0.000212896	0.000358927	0.00151827	0.00152757	0.00561218	0.0171024	0.178063	0.0017264	0.00218046
160	0.310823	0.0351652	0.000290431	0.000355613	0.0128111	0.0637982	0.00215103	0.0705586	0.00266525	0.0406438	0.0210192	0.00669868	0.0112789	0.000505417	0.00068984	0.152688	0.135818	0.129837	0.00164359	0.000558696
161	0.216203	0.0625113	0.00720184	0.0011913	0.00662078	0.151712	0.00279892	0.0118834	0.00157188	0.0130738	0.0106813	0.0348878	0.0157038	0.00491956	0.00312357	0.346798	0.0702725	0.0356499	0.000455216	0.00274056
162	0.0618494	0.00241639	0.000870379	0.00745353	0.0392072	0.0128528	0.00134861	0.287337	0.00324263	0.0298308	0.20365	0.00395048	0.00156818	0.00139185	0.00126499	0.0373939	0.115277	0.180223	0.0074076	0.00146503
163	0.0153412	0.00430579	0.000233487	0.00184372	0.0221927	0.00123621	0.00291495	0.412643	0.00175101	0.0768921	0.0353663	0.00333755	0.0032966	0.00799284	0.00172575	0.0110162	0.0153239	0.366591	0.000214425	0.0157811
164	0.0289828	0.0228508	0.390009	0.0451421	0.00542354	0.0170905	0.0138791	0.00694689	0.00399662	0.0100919	0.00456065	0.301059	0.0110694	0.00427563	0.00416238	0.0622181	0.0138612	0.039764	0.00140737	0.0132087
165	0.134198	0.0160654	0.0273531	0.0233367	0.0150142	0.0870091	0.00556936	0.00778145	0.0227337	0.0128267	0.00574566	0.0627035	0.0242463	0.049818	0.0335021	0.352239	0.0964006	0.0164386	0.000669098	0.00634982
166	0.015339	0.00464237	0.000244758	0.00188407	0.022375	0.00134229	0.00274849	0.411166	0.00167721	0.0771745	0.0347527	0.00327379	0.00375869	0.00786207	0.00169394	0.0112708	0.015454	0.367359	0.00022046	0.0157607
167	0.301902	0.029523	0.00128221	0.00122596	0.00310813	0.491579	0.00241275	0.00377625	0.000619068	0.00424017	0.00495392	0.00969783	0.00974432	0.00400848	0.00235052	0.102967	0.0120537	0.0102925	0.000320777	0.00394286
168	0.02867	0.0334266	0.380855	0.0326748	0.00500993	0.0152205	0.0129709	0.00848363	0.00213762	0.0123467	0.0051716	0.311849	0.0113835	0.00326586	0.00206291	0.0607141	0.0117346	0.0443232	0.00162976	0.0160695
169	0.0315498	0.0521946	0.00779389	0.00471174	0.105814	0.0196114	0.0411572	0.0517525	0.00665415	0.0922783	0.0337214	0.0122342	0.0133947	0.0080235	0.015948	0.0417075	0.0318765	0.0895892	0.0100845	0.329903
170	0.0474268	0.00916616	0.0264869	0.00546334	0.127311	0.0275941	0.148572	0.0213134	0.00365608	0.0435407	0.0304309	0.0426429	0.0260432	0.00669476	0.010671	0.0359241	0.0267987	0.0490537	0.00158774	0.309622
171	0.274846	0.0332581	0.00126077	0.00116985	0.0131409	0.0424588	0.00296536	0.0836682	0.00271438	0.0580634	0.0434655	0.00775027	0.007503	0.00110848	0.000973296	0.146177	0.148016	0.12892	0.00141925	0.00112217
172	0.26044	0.113045	0.00135063	0.00188531	0.0127548	0.0345393	0.00267885	0.0809061	0.00278674	0.0664215	0.0277568	0.00577236	0.00659841	0.00210338	0.00162859	0.0990762	0.131337	0.145277	0.00157428	0.00206861
173	0.515412	0.0187774	0.00649714	0.00101928	0.00488906	0.0672978	0.000964343	0.00519145	0.00538976	0.0100233	0.00664217	0.00770679	0.0142193	0.00184335	0.00121441	0.257538	0.0496099	0.0234298	0.000478786	0.00185659
174	0.0191104	0.00195785	0.00174392	0.00633336	0.00238884	0.04479	0.0234684	0.00299142	0.275201	0.0152942	0.00230406	0.0277981	0.0216066	0.0657742	0.439315	0.0135011	0.0144313	0.00442886	0.00588054	0.0116805
175	0.026127	0.00205696	0.000631519	0.000586282	0.049591	0.00496347	0.00235341	0.302275	0.000237642	0.284015	0.0743163	0.000241718	0.000729776	0.0035222	0.000968559	0.0050182	0.0237956	0.216444	0.000636744	0.00148987
176	0.159656	0.259585	0.00312871	0.00225694	0.00876887	0.0129806	0.00319257	0.0100759	0.00296867	0.035839	0.00715986	0.00602071	0.00348567	0.00335366	0.00258042	0.35541	0.0440348	0.0702603	0.00186409	0.00737874
177	0.0894844	0.0129796	0.0753814	0.0952049	0.0103825	0.116304	0.0388456	0.00337796	0.0589985	0.0136955	0.00761272	0.0861988	0.0144034	0.107321	0.120605	0.0784275	0.0422206	0.0182262	0.00099608	0.00933439
178	0.187923	0.0605565	0.00353414	0.0430839	0.0128927	0.00799043	0.00446722	0.0566722	0.00523131	0.174818	0.0695489	0.00715964	0.0062216	0.0631816	0.027707	0.0423125	0.0550788	0.161147	0.00235248	0.00812072
179	0.0585851	0.00928473	0.0476984	0.0554202	0.0129659	0.0727039	0.0461799	0.0104394	0.100239	0.0235614	0.0106755	0.0571302	0.0129174	0.108665	0.227139	0.0560486	0.0392692	0.0171849	0.00520182	0.0286904
180	0.266337	0.0186701	0.000519014	0.0021038	0.00257699	0.593883	0.00340392	0.00176532	0.000729294	0.00327886	0.00339684	0.00737646	0.00839655	0.00510671	0.00275702	0.0614493	0.00752575	0.00568693	0.000349521	0.00468826
181	0.0231848	0.00290679	0.00097603	0.000635162	0.0519614	0.00447672	0.00161461	0.336152	0.000426784	0.25687	0.0674131	0.000610734	0.00114041	0.00268881	0.00104622	0.00548353	0.0191838	0.219624	0.000785369	0.00282072
182	0.235952	0.0304254	0.00131479	0.00149565	0.116252	0.117038	0.00393215	0.0637135	0.00211006	0.189444	0.0516222	0.00284917	0.00276461	0.00255976	0.00230644	0.0612828	0.0253433	0.0723901	0.00369695	0.0135066
183	0.0617137	0.00239816	0.000885495	0.00719492	0.0400175	0.0128461	0.00131945	0.286386	0.00310652	0.0307007	0.203997	0.00378264	0.00147782	0.00137463	0.00124621	0.0368131	0.114542	0.181216	0.00762302	0.00135792
184	0.0561892	0.00833894	0.102812	0.177268	0.0229045	0.0693444	0.0274726	0.00921779	0.0390708	0.025371	0.01315	0.0630557	0.0226327	0.118132	0.0666046	0.0824591	0.0562143	0.0229767	0.00209906	0.0146872
185	0.233249	0.0173778	0.000629778	0.00344933	0.00355693	0.614036	0.00483893	0.0036023	0.00159712	0.00509736	0.00371864	0.00752271	0.00822499	0.00684268	0.0035997	0.0576125	0.0108824	0.00802414	0.000708552	0.00542922
186	0.0237493	0.0117237	0.000253916	0.000313261	0.109849	0.00614115	0.000462139	0.212461	0.000511158	0.397168	0.0467142	0.000944359	0.000511095	0.000760372	0.00240412	0.00631181	0.0154655	0.160039	0.00195643	0.00226129
187	0.087022	0.0675512	0.00537899	0.00127256	0.00664955	0.0483034	0.0113762	0.0245249	0.00253712	0.0352123	0.0201874	0.0497006	0.00873715	0.0017084	0.00579954	0.362542	0.204466	0.0530094	0.00070996	0.00331138
188	0.0285105	0.00225288	0.000559077	0.00056966	0.0656584	0.00403892	0.00132869	0.302843	0.000212296	0.28194	0.0730219	0.000234175	0.000594538	0.00202815	0.00155431	0.00560692	0.0253443	0.199237	0.00137842	0.00308653
189	0.0241961	0.0125219	0.000164364	0.000264775	0.0935184	0.00423018	0.000418934	0.193307	0.000500721	0.471961	0.0611895	0.000296334	0.000274401	0.000665779	0.00235179	0.00975446	0.0127931	0.101848	0.00526325	0.0044807
190	0.46976	0.0347756	0.0119026	0.000786488	0.00410849	0.0704602	0.00106492	0.00509454	0.00278254	0.00981359	0.00714192	0.0120127	0.00803477	0.00122977	0.000824909	0.276764	0.0548046	0.0267301	0.000413341	0.00149498
