285	20
1	0.117666	0.0291495	0.00107832	0.000695872	0.0217062	0.00773162	0.00411468	0.143942	0.00523735	0.214877	0.108902	0.00531706	0.0011784	0.0114691	0.00922894	0.0375832	0.054737	0.213782	0.00187247	0.00973157
2	0.211771	0.012332	0.0065973	0.0199496	0.0103033	0.0413415	0.0107345	0.0361525	0.0427324	0.0359694	0.00911872	0.0168291	0.106336	0.00917263	0.0598303	0.2294	0.0643982	0.025272	0.00250242	0.0492573
3	0.122719	0.187788	0.00888245	0.00942791	0.0368128	0.0499923	0.00822966	0.038956	0.00780032	0.060343	0.100751	0.0200207	0.0539107	0.0167618	0.0181415	0.126898	0.0523107	0.0556562	0.00882967	0.0157681
4	0.0584613	0.112297	0.00153231	0.00102113	0.0735125	0.0158346	0.0038831	0.140055	0.0027981	0.257424	0.0811314	0.00703513	0.00466692	0.00677639	0.0030239	0.0343516	0.0537886	0.130081	0.00409408	0.00823214
5	0.0709148	0.0944038	0.00135523	0.00214534	0.186541	0.0255492	0.00251197	0.104927	0.00168882	0.241668	0.0570624	0.00234494	0.00371292	0.0138105	0.00547987	0.0415305	0.0192897	0.0960544	0.00741375	0.021597
6	0.0649665	0.0342313	0.0338369	0.0123565	0.0098742	0.333949	0.00225046	0.0220277	0.00313411	0.0266628	0.0128026	0.0432764	0.0239599	0.0162574	0.0230061	0.207518	0.0906154	0.0336027	0.0029173	0.00275529
7	0.0879806	0.0461156	0.0281039	0.013631	0.00931262	0.130037	0.00363976	0.0242206	0.012649	0.0280694	0.0135153	0.0795992	0.0437662	0.0306075	0.0400915	0.274985	0.106695	0.0198799	0.00177435	0.00532676
8	0.202832	0.0187397	0.0328593	0.00720453	0.0136686	0.0677392	0.00900052	0.0585094	0.0295207	0.0412241	0.0167374	0.0345352	0.0105305	0.00503352	0.0195545	0.245862	0.108649	0.0689576	0.00249459	0.00634837
9	0.118689	0.0504011	0.0405255	0.00956596	0.00897752	0.115052	0.00238781	0.0337339	0.00499099	0.0311759	0.0133114	0.0667642	0.0592968	0.0197073	0.0315334	0.236594	0.126179	0.0258918	0.00130793	0.00391504
10	0.123895	0.0926878	0.0448526	0.00781914	0.0183014	0.0800974	0.00492575	0.0507099	0.00551688	0.0398416	0.0176273	0.0467507	0.0602824	0.0145021	0.0219577	0.182606	0.120656	0.0569759	0.00297476	0.00701948
11	0.0769603	0.039624	0.030965	0.010181	0.0110542	0.184195	0.00176712	0.0330891	0.00172811	0.0371906	0.0183665	0.0742102	0.0450206	0.0223276	0.0421644	0.233653	0.107072	0.0266653	0.0010022	0.00276402
12	0.0468939	0.060844	0.000738841	0.000605233	0.121592	0.017881	0.00190104	0.130966	0.000903654	0.348896	0.0857203	0.000927656	0.00286084	0.00548589	0.000821824	0.0283833	0.0172939	0.112479	0.00519352	0.00961147
13	0.071149	0.25282	0.00284262	0.0159452	0.0881553	0.0953075	0.00627803	0.0411493	0.00323029	0.0814699	0.0251561	0.00670078	0.00860549	0.0193401	0.0578688	0.122143	0.0149873	0.0301378	0.00468287	0.0520305
14	0.129524	0.0455337	0.0104355	0.012102	0.0117192	0.0861608	0.00813475	0.0107373	0.111525	0.0149942	0.00675743	0.0450504	0.00801179	0.0487128	0.0356902	0.32611	0.0479771	0.014577	0.018041	0.00820599
15	0.0773807	0.26507	0.00245743	0.0202393	0.0787973	0.0886502	0.00506854	0.0412556	0.00339435	0.092479	0.0330076	0.00587201	0.00779547	0.0242454	0.050763	0.111334	0.0139685	0.0279352	0.00452119	0.0457656
16	0.0738351	0.180867	0.0109582	0.00689636	0.0370968	0.0412339	0.00706163	0.0549027	0.00702099	0.133062	0.0364075	0.0232362	0.0470232	0.0110551	0.0120778	0.113785	0.0966789	0.0896303	0.00697495	0.0101968
17	0.0946537	0.017489	0.0115057	0.0141018	0.00847528	0.05531	0.00649721	0.018748	0.0310406	0.0219773	0.0148276	0.0319834	0.164469	0.0450945	0.101905	0.206855	0.103827	0.0305045	0.00237742	0.0183575
18	0.132879	0.0348476	0.0195471	0.00834804	0.0305501	0.165073	0.00453897	0.0259611	0.0079167	0.0341796	0.0149944	0.0417593	0.0449211	0.0129515	0.0271698	0.26012	0.0917238	0.0326642	0.00232748	0.00752634
19	0.115072	0.0178459	0.00342058	0.00160922	0.00934564	0.00652997	0.00483683	0.150129	0.00770626	0.175298	0.111913	0.00955983	0.00129477	0.00911358	0.0198862	0.063708	0.109954	0.17357	0.00153707	0.0076711
20	0.137809	0.0103664	0.00109033	0.00424429	0.0248468	0.0190228	0.00217882	0.230586	0.00207982	0.0628059	0.015261	0.006198	0.000974407	0.0034469	0.01141	0.0316577	0.0816705	0.341319	0.00283362	0.0101982
21	0.162053	0.0122013	0.00167155	0.00121861	0.033369	0.0262517	0.00300212	0.010005	0.00161802	0.0208021	0.00714896	0.00952651	0.00355745	0.00305728	0.00299998	0.479734	0.193412	0.0259351	0.000674508	0.00176147
22	0.0132266	0.00800391	0.0108237	0.0102844	0.00833699	0.0227369	0.0288973	0.0183458	0.327439	0.0269004	0.0086633	0.042468	0.00994314	0.0375829	0.313954	0.0509377	0.0435566	0.0150646	0.00120678	0.00162828
23	0.0167035	0.00796547	0.000494739	0.000289254	0.0625829	0.00375106	0.0013575	0.315607	0.00805147	0.344519	0.0315582	0.000624479	0.0019965	0.00625161	0.000592457	0.00861241	0.0116369	0.163266	0.00328576	0.0108531
24	0.14319	0.016384	0.00214845	0.00380292	0.0269661	0.017265	0.00573326	0.141931	0.0168526	0.0913395	0.119884	0.0189866	0.00154837	0.0224165	0.0235812	0.0412341	0.104739	0.190248	0.00379277	0.00795677
25	0.0207983	0.00608764	0.00071542	0.00390898	0.243425	0.00604193	0.0359401	0.00845014	0.00551376	0.02468	0.00240016	0.00975803	0.000795669	0.00494439	0.00632902	0.0156824	0.00785588	0.00645115	0.0133013	0.576921
26	0.168983	0.0937088	0.0014179	0.00876491	0.0416188	0.083327	0.00101257	0.0571674	0.00101206	0.0433274	0.0392943	0.00198878	0.00136343	0.00185452	0.00140388	0.240128	0.106398	0.102837	0.0031551	0.00123669
27	0.044962	0.0439836	0.000430854	0.00031429	0.125576	0.0218889	0.00215189	0.134002	0.000690124	0.362066	0.0811616	0.00058767	0.00246034	0.00487632	0.000427883	0.0240622	0.0163219	0.119505	0.00468127	0.00985148
28	0.0297	0.0301512	0.000536255	0.000459133	0.138468	0.0128676	0.00544259	0.18353	0.00451304	0.342562	0.0596765	0.000890627	0.0018163	0.0103633	0.000815507	0.0223024	0.0101529	0.114568	0.0046422	0.0265435
29	0.0252786	0.0149254	0.00224079	0.0015207	0.111645	0.00413822	0.0200947	0.020094	0.00188913	0.438645	0.24975	0.0021831	0.00148964	0.0108425	0.00521522	0.0182969	0.0145727	0.0438979	0.0106811	0.00259996
30	0.0428452	0.047143	0.000556562	0.000336154	0.127749	0.0194551	0.0020781	0.128886	0.000729308	0.367247	0.0832399	0.000589401	0.00237898	0.00487343	0.000553183	0.0239307	0.0169678	0.116198	0.00466709	0.00957612
31	0.035712	0.0128989	0.000507041	0.000447257	0.0620366	0.0108725	0.000838492	0.238744	0.00262443	0.326031	0.0565992	0.000641511	0.00224156	0.00264244	0.000770524	0.0135198	0.0207258	0.203723	0.00365054	0.0047729
32	0.191508	0.0876485	0.00148659	0.00633329	0.0304173	0.166402	0.00110016	0.0360022	0.00126975	0.0447634	0.0393788	0.00420899	0.00204717	0.00328308	0.00145609	0.204803	0.0616709	0.107286	0.00711408	0.00182063
33	0.136724	0.0382038	0.000857839	0.00129318	0.0140718	0.0177272	0.00775355	0.14183	0.00413043	0.0890022	0.0591869	0.0214799	0.00143012	0.0108515	0.00520549	0.0526925	0.194026	0.199298	0.00121795	0.0030174
34	0.143258	0.0307609	0.000268896	0.000291437	0.0661031	0.0658566	0.000358517	0.236693	0.0021964	0.161574	0.0241387	0.00229113	0.000467429	0.000757713	0.000933879	0.0283847	0.0328867	0.201026	0.000758475	0.0009947
35	0.0851011	0.0126121	0.000750578	0.000437011	0.0276763	0.00818047	0.00158196	0.210186	0.0036606	0.273764	0.0740795	0.00133081	0.00125119	0.00406035	0.00633935	0.0241164	0.033566	0.221765	0.00255746	0.00698314
36	0.254342	0.0244553	0.000866691	0.000803748	0.0249038	0.0328258	0.00169692	0.00824015	0.000754137	0.0211202	0.00556948	0.00927517	0.0048563	0.00443277	0.00209097	0.534105	0.0436751	0.0243388	0.000622287	0.00102561
37	0.159559	0.146705	0.00279157	0.00398566	0.0804404	0.0248152	0.00616002	0.0552187	0.00356681	0.0760834	0.0384341	0.00620037	0.00703088	0.00715281	0.00932809	0.109877	0.0156602	0.126169	0.0465465	0.0742747
38	0.0419454	0.00820412	0.000309637	0.00181646	0.0444173	0.00923126	0.000467588	0.398601	0.000817597	0.112777	0.0207339	0.00430127	0.00111866	0.000704309	0.000822919	0.00347783	0.0290353	0.308754	0.00940539	0.00305873
39	0.0773713	0.00672019	0.00983454	0.00621715	0.141679	0.00877516	0.00313664	0.0510866	0.00362259	0.167569	0.248505	0.00373297	0.00219574	0.01087	0.00638215	0.0309318	0.107312	0.0881177	0.00981236	0.0161283
40	0.0520576	0.0120039	0.00339582	0.00173337	0.0565675	0.00488374	0.00863863	0.0650771	0.00482774	0.37168	0.214084	0.00358758	0.00151613	0.0187676	0.0174233	0.0248116	0.0359985	0.0901199	0.00639031	0.00643606
41	0.251133	0.00644137	0.0399167	0.00286829	0.00868272	0.0105019	0.00402626	0.10022	0.00448277	0.124588	0.0875918	0.023152	0.00408811	0.00462671	0.0425938	0.192685	0.0427612	0.0414468	0.00368256	0.00451084
42	0.0962903	0.0130033	0.0285811	0.0627474	0.00879827	0.0674964	0.0169729	0.0179606	0.117633	0.0203052	0.0152766	0.0291259	0.0998546	0.0502614	0.129178	0.104263	0.0591099	0.0414448	0.00313993	0.0185578
43	0.0589972	0.0148473	0.0877574	0.0872777	0.00280432	0.336833	0.00566779	0.00423167	0.0394516	0.0203058	0.00237982	0.0509988	0.00130242	0.0665393	0.049474	0.128865	0.0222816	0.00599959	0.0102126	0.00377306
44	0.0181785	0.00847976	0.000310623	0.000816971	0.0358236	0.00403622	0.00036405	0.317014	0.00255209	0.181617	0.0412497	0.000893347	0.00330609	0.00101518	0.00044375	0.00372577	0.0167458	0.359843	0.00237089	0.00121407
45	0.0510407	0.0546326	0.000367912	0.000216533	0.119452	0.0192349	0.00177816	0.143808	0.000571422	0.34451	0.0851807	0.000372309	0.00291894	0.00519753	0.000317932	0.0267755	0.0110657	0.116168	0.00568408	0.0107076
46	0.151481	0.0146463	0.00070513	0.00375061	0.0371431	0.0365333	0.00090834	0.206512	0.00227964	0.100951	0.0171449	0.00396942	0.000823792	0.00243106	0.0101695	0.0248945	0.0592986	0.315711	0.00207412	0.00857312
47	0.223178	0.032498	0.0113645	0.00883234	0.0227856	0.211732	0.00523641	0.0441003	0.00799671	0.0403495	0.0180958	0.0185775	0.0150254	0.00996423	0.0102051	0.134775	0.0984075	0.0776086	0.00458354	0.00468456
48	0.0156704	0.00541704	0.000604053	0.00647607	0.349471	0.00449028	0.0373908	0.0101634	0.00178607	0.0289836	0.00270128	0.0136166	0.000714966	0.00368098	0.00910953	0.0146404	0.00378703	0.00691315	0.0186323	0.465751
49	0.0865492	0.00930262	0.00627624	0.00948	0.00640551	0.0153721	0.0236813	0.0120511	0.0508667	0.078494	0.102618	0.077141	0.0485363	0.13981	0.139506	0.0756539	0.0586985	0.0539509	0.00199049	0.00361587
50	0.271388	0.0294651	0.00126346	0.00266977	0.036065	0.0577669	0.00234232	0.0141576	0.00135929	0.0347805	0.0118286	0.00844025	0.00507177	0.00338189	0.00266464	0.424774	0.0450695	0.0444613	0.00149351	0.00155648
51	0.167119	0.0182519	0.00151132	0.00425615	0.0279006	0.0357248	0.00252613	0.188737	0.00304452	0.0658638	0.0255297	0.00857539	0.0023498	0.00605062	0.00615165	0.0378477	0.113105	0.274828	0.00352897	0.00709788
52	0.0217883	0.00757975	0.000963404	0.00414803	0.254383	0.00727139	0.0338274	0.0130376	0.00496424	0.0361373	0.0057816	0.0101147	0.0015491	0.00504265	0.00688768	0.0158296	0.00927083	0.0105239	0.0147114	0.536188
53	0.0135171	0.0093892	0.0102151	0.0094728	0.0086159	0.021005	0.0345294	0.0181043	0.323196	0.0275683	0.00912404	0.0428378	0.00966381	0.0378126	0.31131	0.0521438	0.0436981	0.015401	0.00101048	0.00138491
54	0.0186197	0.00922743	0.000300772	0.000590814	0.0366367	0.00424063	0.000348952	0.299742	0.00274468	0.190291	0.0416453	0.000717862	0.00408117	0.000998984	0.000440955	0.00387215	0.0155614	0.366624	0.00206669	0.00124785
55	0.059257	0.0995654	0.0209408	0.0153234	0.0116974	0.0553746	0.00761221	0.0185403	0.0191185	0.0601299	0.00890728	0.0821513	0.0122462	0.00966644	0.0193061	0.322229	0.122057	0.0190004	0.00365313	0.0332231
56	0.124559	0.0996967	0.00136721	0.00457059	0.247567	0.0625875	0.00208526	0.0525844	0.00180972	0.0950453	0.0402292	0.00311062	0.00410435	0.00561155	0.00796378	0.0992658	0.038377	0.075762	0.00714032	0.0265622
57	0.45316	0.0127386	0.00139059	0.00938998	0.0143652	0.199149	0.00143713	0.0329851	0.00181943	0.029527	0.00745904	0.00253071	0.0126696	0.00143862	0.00164213	0.10366	0.010609	0.10147	0.00122886	0.00133095
58	0.0733981	0.00469369	0.0141326	0.00594276	0.0530091	0.00471938	0.00216644	0.0664667	0.00381414	0.22829	0.24316	0.00297207	0.00119994	0.0144264	0.00849576	0.0389286	0.110292	0.112544	0.0066166	0.00473164
59	0.205515	0.0517645	0.00246707	0.00362557	0.0550501	0.0248025	0.00429949	0.0234454	0.0025361	0.020668	0.0220653	0.00419865	0.00303799	0.0031436	0.0033061	0.257572	0.244726	0.0627236	0.00228725	0.00276651
60	0.0589023	0.0535007	0.000330683	0.000213146	0.112033	0.0226446	0.00157487	0.149914	0.000651462	0.33111	0.0815928	0.000497698	0.00278499	0.00500696	0.000351499	0.0276418	0.0120081	0.124248	0.00525418	0.00973926
61	0.0287078	0.0168067	0.000540335	0.0029464	0.443904	0.00886129	0.0167961	0.0276465	0.00247836	0.07157	0.0129253	0.00664821	0.000599394	0.00274599	0.00511971	0.0148866	0.0197651	0.0402872	0.022723	0.254042
62	0.0142491	0.00557786	0.000521805	0.00513655	0.35928	0.00448847	0.0371229	0.0100766	0.00150817	0.0297602	0.00241489	0.0128206	0.000574936	0.00356326	0.00802338	0.0144968	0.00316316	0.0068843	0.0193906	0.460947
63	0.0880701	0.0303083	0.000707659	0.000966386	0.463022	0.0222404	0.000883563	0.0548896	0.00236566	0.111275	0.0135781	0.00147174	0.00195753	0.00214252	0.00187681	0.0167211	0.0468889	0.0829818	0.0122511	0.0454022
64	0.0587858	0.0343221	0.00063012	0.000498731	0.121651	0.0275862	0.00244017	0.133419	0.000881336	0.363737	0.0673583	0.000879962	0.00196646	0.00417759	0.000725228	0.0221607	0.0217565	0.124535	0.0040708	0.00841896
65	0.0242128	0.014927	0.00195696	0.00128999	0.111079	0.00369138	0.0215864	0.0183659	0.00188368	0.448583	0.246392	0.0020611	0.00152605	0.0107698	0.00505718	0.0176053	0.0120527	0.0436974	0.0113402	0.00192232
66	0.216552	0.0987392	0.00096136	0.00557136	0.0414678	0.0786907	0.00119636	0.0316099	0.00101827	0.038343	0.0487197	0.00268565	0.00197039	0.00260828	0.00209896	0.276998	0.0669084	0.0784567	0.00320683	0.00219706
67	0.0257856	0.00701656	0.00042758	0.000281072	0.0491646	0.00395463	0.000438396	0.311431	0.00504275	0.352638	0.0366135	0.000526589	0.00190151	0.00356711	0.000502333	0.00744742	0.0155223	0.168557	0.00401478	0.00516775
68	0.0480755	0.0507177	0.000307152	0.000230795	0.113968	0.0187762	0.00174105	0.155875	0.0008696	0.34396	0.08358	0.000408047	0.00348497	0.00468974	0.000320742	0.0256606	0.0115961	0.12053	0.00561245	0.0095971
69	0.101899	0.0329294	0.00416797	0.00351397	0.024418	0.0137338	0.0084558	0.102283	0.00529679	0.106312	0.124119	0.0174795	0.00163282	0.0147327	0.00611231	0.0569579	0.225461	0.143693	0.00295829	0.00384328
70	0.0212107	0.0189154	0.000546587	0.000412645	0.103596	0.00810496	0.00371843	0.24648	0.00745499	0.345469	0.0443666	0.00082658	0.0018213	0.00892406	0.000680144	0.0175421	0.0098691	0.134358	0.00361697	0.0220867
71	0.0600797	0.0276308	0.0873091	0.118295	0.00247811	0.213635	0.00945882	0.00363593	0.073466	0.0134299	0.002651	0.0582902	0.0041126	0.0881999	0.101416	0.0748688	0.0383067	0.00697333	0.00862342	0.00713958
72	0.0376278	0.0161602	0.000590755	0.000565282	0.0549997	0.0100782	0.00148216	0.262967	0.00356216	0.270161	0.0466744	0.00119989	0.0024562	0.00338521	0.00109411	0.0121624	0.018374	0.247015	0.00320264	0.00624179
73	0.0104577	0.00729645	0.00934542	0.00875093	0.00840867	0.0191747	0.02968	0.0184336	0.338848	0.0265424	0.0075324	0.0430494	0.00828649	0.034734	0.319617	0.0509455	0.0430327	0.0138579	0.000846764	0.00115931
74	0.0503811	0.0446928	0.0400492	0.0113082	0.00722571	0.0212695	0.0054602	0.0155213	0.0154916	0.0253114	0.00565424	0.130002	0.00618192	0.00519972	0.0149267	0.412838	0.157678	0.0139313	0.00241724	0.0144591
75	0.095825	0.0742273	0.0186271	0.031097	0.0185189	0.0445563	0.0105307	0.022384	0.0267118	0.0359078	0.0115066	0.0647838	0.0149703	0.0124755	0.0204081	0.301647	0.130406	0.0272448	0.00342846	0.0347439
76	0.0104577	0.00729645	0.00934542	0.00875093	0.00840867	0.0191747	0.02968	0.0184336	0.338848	0.0265424	0.0075324	0.0430494	0.00828649	0.034734	0.319617	0.0509455	0.0430327	0.0138579	0.000846764	0.00115931
77	0.0517244	0.0194745	0.114505	0.113146	0.00272463	0.167161	0.0130013	0.00602267	0.0527308	0.012945	0.00368085	0.13147	0.00828098	0.0803835	0.0751614	0.0871773	0.0392249	0.0101292	0.00610918	0.00494766
78	0.421711	0.0103735	0.00322827	0.00781168	0.0149141	0.151422	0.00327206	0.0265533	0.00471533	0.023214	0.00695395	0.0053145	0.0170782	0.00291555	0.00324111	0.182182	0.0230282	0.088636	0.00138967	0.00204473
79	0.204912	0.00475675	0.00213907	0.030927	0.00689993	0.0424803	0.0151209	0.0269651	0.0705183	0.0165259	0.00513533	0.00653264	0.141383	0.00904681	0.0655875	0.213495	0.0536106	0.0286257	0.00203147	0.0533074
80	0.0525691	0.0107965	0.000298519	0.000773496	0.0569887	0.0181158	0.000411194	0.353509	0.0022687	0.193171	0.0248127	0.00287988	0.00161743	0.00127639	0.000578182	0.00833258	0.0239527	0.237882	0.00700677	0.00275963
81	0.0392702	0.00920166	0.00796594	0.0076428	0.023896	0.032302	0.204167	0.0137428	0.0318787	0.0387969	0.0162749	0.180552	0.0115933	0.157961	0.0375197	0.0913283	0.0418388	0.0319811	0.00351396	0.0185738
82	0.0237802	0.0103586	0.0438677	0.029107	0.00735605	0.0407684	0.0339007	0.015642	0.23975	0.0224947	0.0082479	0.0980543	0.0112699	0.04685	0.232801	0.0672084	0.0484111	0.0160896	0.00151452	0.00252768
83	0.062056	0.0243118	0.0825388	0.103528	0.00278861	0.237926	0.00877506	0.0056126	0.055262	0.0155723	0.00320309	0.067192	0.00564196	0.0788188	0.0809355	0.104441	0.0402205	0.0079678	0.00785402	0.00535439
84	0.0543404	0.0252747	0.000839488	0.000731543	0.45158	0.0152066	0.00100744	0.0578613	0.00358889	0.131056	0.0250158	0.00149859	0.0011898	0.00241285	0.00265469	0.0156583	0.0326296	0.08634	0.016107	0.0750076
85	0.0306275	0.0215289	0.00289121	0.00337967	0.117637	0.0121655	0.00557833	0.0429496	0.00504705	0.0550599	0.0194307	0.00716822	0.0032595	0.00573279	0.00571937	0.0478741	0.0427172	0.0328099	0.519331	0.019093
86	0.227491	0.0741432	0.00361389	0.00470708	0.11621	0.136216	0.00507103	0.0247385	0.00510263	0.108929	0.0100672	0.00704626	0.101615	0.00700834	0.008225	0.0319587	0.0476859	0.0254033	0.00539214	0.0493744
87	0.0454708	0.0293957	0.000320752	0.000265344	0.0828422	0.0120975	0.00101128	0.244077	0.00231253	0.321821	0.058783	0.000892739	0.00391451	0.0036576	0.000404803	0.0166458	0.0144932	0.147678	0.00693784	0.00697816
88	0.026495	0.0113458	0.0142239	0.0164454	0.011935	0.0305535	0.0277166	0.0200597	0.303052	0.0276866	0.0114662	0.0452841	0.0113534	0.0507033	0.253709	0.0656003	0.0487534	0.0178609	0.00213565	0.00362008
89	0.0451283	0.0233087	0.000639411	0.000677572	0.499737	0.0128484	0.000829059	0.0473971	0.00345868	0.105512	0.0194059	0.00123309	0.000787612	0.00208522	0.00239989	0.0146556	0.0341419	0.0725921	0.0194041	0.0937579
90	0.112676	0.0255468	0.0009658	0.000758645	0.0214305	0.0120807	0.00435505	0.155534	0.00567746	0.211203	0.0988245	0.00636187	0.000939469	0.00786265	0.0096258	0.0403035	0.0746355	0.202424	0.0012396	0.00755492
91	0.0345223	0.00727423	0.000415298	0.000300546	0.0471488	0.0051958	0.0002965	0.316828	0.00338247	0.322268	0.036895	0.00107586	0.00197095	0.00234461	0.000512938	0.00715537	0.0199415	0.183068	0.00569752	0.00370624
92	0.0509475	0.0506339	0.000360729	0.000221799	0.114038	0.0184626	0.0016827	0.148534	0.00074644	0.346973	0.0842062	0.00040577	0.00276501	0.00526029	0.000474014	0.0256811	0.0114152	0.120451	0.00587041	0.0108704
93	0.147353	0.0317393	0.000268494	0.000312639	0.0677732	0.0706201	0.000360104	0.238655	0.00222597	0.148225	0.0213203	0.00270753	0.000435116	0.000562547	0.000975568	0.0301116	0.0345174	0.200586	0.000537586	0.000713922
94	0.299575	0.044802	0.00101762	0.00541219	0.0294298	0.23896	0.00112158	0.047826	0.00128719	0.066303	0.0187449	0.00443439	0.00482327	0.00208986	0.00137967	0.102865	0.0168628	0.108181	0.00327805	0.0016075
95	0.0737389	0.0102811	0.00130816	0.000821879	0.0413072	0.0166049	0.00146295	0.240101	0.00312549	0.400983	0.0320643	0.00182012	0.00199401	0.00361001	0.00163863	0.0152689	0.0154902	0.12981	0.00401483	0.00455424
96	0.0909037	0.0524304	0.00108684	0.00112063	0.0164501	0.00637432	0.0153455	0.147031	0.00592878	0.0920421	0.10665	0.0239422	0.0015815	0.0174844	0.00508769	0.0581914	0.19192	0.162331	0.0013261	0.00277258
97	0.0561051	0.00886723	0.000434533	0.00217954	0.0451687	0.0129456	0.000520755	0.404661	0.000707416	0.0950107	0.0153201	0.00527735	0.000731393	0.000801206	0.00120305	0.00512803	0.0339527	0.296624	0.00999598	0.00436546
98	0.402882	0.0173883	0.00118921	0.0127026	0.0150141	0.187929	0.00129699	0.0527923	0.00165809	0.0333284	0.00987595	0.00305609	0.00905148	0.00268386	0.00194404	0.0978856	0.0201778	0.125319	0.00203892	0.00178581
99	0.194273	0.0211811	0.00217052	0.0023439	0.0637061	0.0227641	0.0129521	0.0155362	0.00308509	0.032961	0.0102846	0.0113132	0.0038214	0.00420007	0.00426524	0.402926	0.144756	0.0425501	0.00197961	0.00293046
100	0.0468196	0.0395057	0.000711502	0.000540095	0.154918	0.0167475	0.00233893	0.150171	0.00217346	0.306983	0.0789022	0.000746476	0.00239703	0.00553428	0.00100076	0.0272248	0.0171318	0.121977	0.00675518	0.0174216
101	0.0141446	0.00552094	0.0004922	0.00521269	0.362743	0.0044424	0.036902	0.0101723	0.00141383	0.0299987	0.00245185	0.0130087	0.000561317	0.00348269	0.00808713	0.0144912	0.00307761	0.00692436	0.0196781	0.457194
102	0.0283113	0.0148383	0.000875009	0.00250897	0.42467	0.00987436	0.0108661	0.0306755	0.00350597	0.0920929	0.0285224	0.00545998	0.00108465	0.002377	0.00442205	0.0222965	0.0327544	0.0439814	0.0337116	0.207172
103	0.0634621	0.0160607	0.00184248	0.00177321	0.341889	0.0234693	0.00222206	0.0362172	0.00493045	0.112513	0.0838615	0.00402238	0.0025715	0.00482031	0.00567031	0.0219329	0.0594152	0.0628284	0.0221041	0.128394
104	0.0442867	0.0076295	0.00270755	0.00361625	0.0592783	0.0102184	0.0271268	0.189245	0.00455901	0.0161714	0.00750059	0.0301047	0.00380647	0.00509788	0.00496422	0.020438	0.0156339	0.144928	0.282055	0.120632
105	0.052178	0.0100977	0.000337068	0.00217235	0.0444835	0.0118231	0.000479429	0.398415	0.000673327	0.0971106	0.018509	0.00459129	0.000806828	0.000650393	0.0010216	0.00471371	0.0327011	0.306975	0.00841945	0.00384171
106	0.22684	0.0776162	0.00634459	0.00639986	0.0263692	0.169789	0.00195414	0.029005	0.00394072	0.0377602	0.0260811	0.0127769	0.00870013	0.00642594	0.00772073	0.220027	0.0505138	0.0747371	0.00344073	0.00355777
107	0.105884	0.0100215	0.00239073	0.00134145	0.00928612	0.0056106	0.00182285	0.147649	0.00789832	0.235611	0.16109	0.00335774	0.000888695	0.0079872	0.0195623	0.0391719	0.057797	0.167053	0.00140594	0.0141714
108	0.147295	0.0319092	0.00028255	0.000321533	0.068543	0.0708107	0.000366663	0.238177	0.00223041	0.147894	0.0212277	0.00273599	0.000468919	0.000573305	0.000985728	0.030689	0.0345118	0.199767	0.000515687	0.000694303
109	0.168768	0.108598	0.00299182	0.0062	0.101	0.148736	0.00403144	0.0453619	0.00297756	0.0625107	0.0296756	0.0072817	0.0109256	0.00653833	0.0113134	0.139205	0.0471718	0.071471	0.00582123	0.0194209
110	0.16999	0.0154001	0.0272016	0.0227765	0.00972198	0.423355	0.00161026	0.0152664	0.00396529	0.0241533	0.00760778	0.0207973	0.00690309	0.015264	0.00467201	0.163293	0.0200096	0.0414824	0.00457668	0.00195476
111	0.091185	0.0348415	0.000731872	0.000952064	0.451597	0.0286503	0.001155	0.049687	0.00283602	0.10471	0.0149323	0.00140209	0.00247108	0.00220442	0.00275702	0.0225878	0.0434576	0.0757988	0.0133271	0.0547159
112	0.0506401	0.0536019	0.000345698	0.000221515	0.117504	0.0187394	0.0017438	0.148468	0.000649741	0.344791	0.0840249	0.00036756	0.00289146	0.0050901	0.000319613	0.0262309	0.0112399	0.117018	0.00563023	0.0104827
113	0.0150771	0.00622692	0.000541843	0.00490804	0.366409	0.00466102	0.0350242	0.0116344	0.0017999	0.0337646	0.0036828	0.0121272	0.000605817	0.00357518	0.00776125	0.0144962	0.00471627	0.00998215	0.0197632	0.443243
114	0.044687	0.0171416	0.000732916	0.0011802	0.0622167	0.00935965	0.00182369	0.272561	0.00530468	0.295423	0.048287	0.00209828	0.00206887	0.00505491	0.00310957	0.0150726	0.0283988	0.168162	0.00476694	0.0125503
115	0.0183663	0.00757914	0.000410388	0.000284703	0.0562929	0.00353195	0.000890697	0.323011	0.0070074	0.347474	0.0322713	0.000592667	0.00196022	0.00535192	0.000510138	0.00764017	0.0125554	0.162491	0.00354114	0.00823733
116	0.024161	0.00854575	0.000417595	0.000255526	0.0514803	0.00428207	0.000558057	0.30907	0.00527589	0.332456	0.038809	0.000553229	0.0021693	0.00392282	0.000562855	0.00801688	0.0143784	0.18542	0.00379875	0.00586684
117	0.0553212	0.0125912	0.0507189	0.0448151	0.0125906	0.0454773	0.0480475	0.0186323	0.0209956	0.0408109	0.0311671	0.204008	0.0135442	0.187248	0.0443287	0.0786822	0.0389399	0.0376975	0.004453	0.00993079
118	0.0457465	0.0455966	0.00046492	0.000306385	0.110685	0.0159326	0.00240294	0.161297	0.00178157	0.339489	0.0784567	0.00083202	0.00245973	0.00856813	0.000563005	0.0244678	0.0131313	0.130477	0.00481071	0.0125308
119	0.0170822	0.00865528	0.000330479	0.00193793	0.0294325	0.00397831	0.000493258	0.341268	0.00137692	0.121523	0.035726	0.00139545	0.00256396	0.000601992	0.000619544	0.00249078	0.0166978	0.410546	0.00252904	0.000751408
120	0.0276706	0.0266206	0.000629085	0.000524769	0.142153	0.0109535	0.00426446	0.198037	0.00500003	0.333435	0.0537547	0.000878949	0.00186406	0.0108638	0.00105026	0.0205979	0.0114235	0.118033	0.00492376	0.0273222
121	0.0210955	0.011367	0.000417556	0.000278167	0.0625839	0.00510333	0.00119604	0.30121	0.00674524	0.351151	0.037453	0.000585208	0.00199889	0.00569281	0.000603753	0.00966122	0.0121857	0.1571	0.00348637	0.0100844
122	0.0184129	0.00890063	0.00044784	0.0038906	0.0267161	0.00483859	0.000725543	0.399536	0.00100382	0.0879023	0.0281423	0.00225076	0.00164099	0.000885462	0.000912981	0.00308337	0.0177482	0.387976	0.00375483	0.00123075
123	0.0250354	0.00195522	0.27024	0.407863	0.00212016	0.0322787	0.00927481	0.00854327	0.029526	0.00903854	0.0019952	0.0610233	0.0163047	0.0229186	0.0161251	0.0506416	0.0225118	0.0104222	0.000984208	0.00119806
124	0.0424348	0.043308	0.000819565	0.0011005	0.214874	0.0141409	0.00510851	0.0898163	0.0018332	0.28795	0.0995723	0.00131417	0.0020992	0.00542563	0.00217788	0.0337237	0.0194292	0.0911949	0.0152801	0.0283973
125	0.368152	0.0309411	0.00260387	0.00831331	0.0195572	0.164169	0.00239556	0.033875	0.00291624	0.0325395	0.0152188	0.0052771	0.00995412	0.00286273	0.00331259	0.162072	0.0295962	0.101931	0.00235353	0.00195862
126	0.0206183	0.00609844	0.000717604	0.00393785	0.242999	0.00597778	0.0365007	0.00904489	0.00532298	0.0247616	0.00246639	0.0100817	0.000782195	0.00477909	0.00633425	0.0154304	0.00778421	0.0068999	0.0143812	0.575082
127	0.0832198	0.046478	0.0301588	0.0207694	0.00817971	0.142262	0.00338859	0.0235611	0.0128049	0.0262381	0.0127592	0.0850183	0.0370906	0.0364312	0.0455964	0.254178	0.105205	0.0201768	0.00212307	0.00436041
128	0.0351049	0.0221466	0.00132405	0.000840123	0.0685582	0.0107545	0.00294751	0.181617	0.0029599	0.347418	0.0581146	0.00198323	0.00249734	0.00511035	0.00180978	0.0183817	0.0156505	0.1216	0.0942762	0.00690512
129	0.124639	0.0189454	0.0217003	0.0110819	0.00906707	0.0407679	0.00423808	0.0261139	0.0191702	0.0288719	0.00765276	0.0969189	0.0112414	0.00882855	0.0373142	0.398878	0.0981876	0.0210762	0.00190733	0.0133992
130	0.0243231	0.00177934	0.272651	0.423899	0.00212177	0.0309146	0.00865026	0.00853637	0.0300074	0.00929012	0.0019824	0.0495716	0.0162672	0.0210644	0.0154108	0.0493457	0.022083	0.01009	0.000919637	0.00109212
131	0.0983274	0.0167558	0.032345	0.0168377	0.00555964	0.0391029	0.00600563	0.0313725	0.0412266	0.0314596	0.00374695	0.0967348	0.00330947	0.00476305	0.041323	0.406045	0.0796609	0.0243423	0.00170093	0.0193809
132	0.0428727	0.0856516	0.00246895	0.00425645	0.0606213	0.0179679	0.00488452	0.0504242	0.00567636	0.130683	0.0535474	0.007376	0.00605829	0.00774838	0.00697008	0.0467615	0.0263503	0.0485255	0.378446	0.0127099
133	0.0668932	0.0371912	0.000533922	0.000441072	0.0881073	0.0170251	0.00174251	0.15145	0.00167375	0.31886	0.0862838	0.000700874	0.00213541	0.00653546	0.0026694	0.0250421	0.0148843	0.159118	0.00418719	0.0145257
134	0.0598793	0.0258386	0.0900475	0.126901	0.00249643	0.218559	0.0100169	0.00360677	0.0659687	0.0134078	0.00233825	0.0556486	0.00285861	0.0891181	0.09661	0.0768471	0.0379812	0.00588274	0.00966056	0.00633314
135	0.0104577	0.00729645	0.00934542	0.00875093	0.00840867	0.0191747	0.02968	0.0184336	0.338848	0.0265424	0.0075324	0.0430494	0.00828649	0.034734	0.319617	0.0509455	0.0430327	0.0138579	0.000846764	0.00115931
136	0.188115	0.0105361	0.00489213	0.00629742	0.0782134	0.0135393	0.00453504	0.0884227	0.00872204	0.0773114	0.190432	0.00941716	0.00375376	0.0528739	0.034181	0.027764	0.0629997	0.0699811	0.0275964	0.0404163
137	0.0241483	0.00173864	0.27404	0.424414	0.00212189	0.0305244	0.00865878	0.00849845	0.0299938	0.00920525	0.00198644	0.0491052	0.0163278	0.0205832	0.0154037	0.0491959	0.0219639	0.0101082	0.000911684	0.00107118
138	0.0407622	0.00459776	0.152887	0.146296	0.00288547	0.0519225	0.0142803	0.0127216	0.018638	0.00521597	0.00238096	0.302319	0.00906511	0.0726278	0.0121051	0.0834462	0.0395535	0.0243984	0.00133642	0.00256077
139	0.0840303	0.0410139	0.0292292	0.0289658	0.013007	0.0468808	0.0151478	0.0153926	0.0485597	0.0295785	0.00522822	0.0956247	0.00890136	0.0150293	0.024874	0.354147	0.10305	0.0145669	0.00268826	0.0240848
140	0.177912	0.176892	0.00186803	0.004259	0.108339	0.0873669	0.016866	0.0852161	0.00277359	0.0278107	0.0119697	0.00410189	0.0209881	0.00587569	0.0274162	0.0790345	0.0106624	0.0723076	0.00651197	0.0718286
141	0.473566	0.0116664	0.00124154	0.0123195	0.0130141	0.179135	0.00142315	0.0315965	0.00170088	0.0365238	0.00749024	0.00266818	0.0106055	0.00177376	0.00181309	0.0935697	0.0110206	0.10594	0.00144583	0.00148552
142	0.0357529	0.0107976	0.000843151	0.000655298	0.0510997	0.00868845	0.00105784	0.307679	0.00427596	0.308351	0.0380233	0.00168106	0.00196681	0.00358707	0.0014114	0.0104113	0.0223638	0.18111	0.00469969	0.00554439
143	0.0509097	0.0545176	0.000371916	0.000215179	0.119128	0.0191555	0.00176767	0.14469	0.000594387	0.344473	0.0848942	0.000378493	0.00291983	0.00517844	0.000317589	0.0266873	0.0110503	0.116368	0.00570239	0.0106799
144	0.147017	0.0841839	0.00128925	0.00626477	0.120721	0.0585941	0.00131891	0.0853527	0.00143958	0.0524545	0.0294984	0.00195068	0.00316893	0.00214086	0.00198371	0.180657	0.116623	0.0996666	0.00308702	0.00258818
145	0.18713	0.0714683	0.00237058	0.00233304	0.196714	0.0112337	0.0026404	0.0618536	0.00288572	0.0368316	0.00651879	0.00449351	0.0303726	0.00343694	0.00364847	0.0461036	0.0958339	0.227243	0.00339432	0.00349369
146	0.148532	0.0708854	0.00160981	0.00574932	0.0483221	0.0476205	0.0018322	0.0379874	0.00144176	0.0303065	0.046977	0.00263171	0.00196832	0.00272762	0.0021805	0.266128	0.203029	0.0749094	0.0027554	0.00240596
147	0.149959	0.0318741	0.000246263	0.000289931	0.0671794	0.0707191	0.000350571	0.234834	0.00229466	0.150166	0.0219013	0.00244674	0.000381204	0.000561848	0.00094834	0.0293644	0.0343686	0.20098	0.000487572	0.000646813
148	0.15063	0.031934	0.000244401	0.000290835	0.0668839	0.0709895	0.000367163	0.234024	0.00229283	0.150655	0.0217925	0.00242744	0.000356227	0.000573106	0.000948759	0.0295463	0.0346143	0.200261	0.000514354	0.000655342
149	0.146956	0.0317307	0.000256029	0.000281183	0.0670266	0.0680924	0.000381922	0.232258	0.00221729	0.159173	0.0242218	0.0023595	0.000422943	0.000799755	0.00102728	0.0288579	0.033315	0.198877	0.000651274	0.00109452
150	0.255269	0.0233076	0.000843439	0.000694235	0.0249285	0.0318909	0.00173424	0.00781937	0.000772368	0.0210316	0.0050907	0.00952672	0.00497759	0.00443988	0.00211407	0.537746	0.0428747	0.0233357	0.000581655	0.00102162
151	0.0173294	0.00776496	0.000385493	0.000292186	0.0577461	0.00348948	0.000979146	0.321612	0.00740613	0.347371	0.032063	0.000579271	0.00199871	0.00573914	0.000518547	0.00788638	0.0121251	0.162401	0.00336694	0.00894579
152	0.221669	0.0177935	0.00186427	0.00225061	0.00471487	0.0724697	0.00285568	0.102635	0.00247015	0.014463	0.0179889	0.0150799	0.00136339	0.0129893	0.00251656	0.0277576	0.316463	0.157632	0.00282187	0.00220263
153	0.269878	0.0654373	0.00105416	0.00544197	0.0256779	0.243059	0.00109573	0.0332723	0.00123899	0.0523402	0.0278642	0.00551503	0.00404896	0.00293166	0.00162455	0.124192	0.0193481	0.110963	0.00342461	0.00159198
154	0.100858	0.0105156	0.000400854	0.00383464	0.0306568	0.0130358	0.000696717	0.330647	0.000966224	0.0705649	0.0123015	0.00640126	0.000601969	0.00115798	0.00443935	0.0122255	0.0558717	0.328587	0.00546744	0.0107688
155	0.207318	0.0096252	0.00240437	0.00414874	0.0163987	0.105735	0.00305783	0.187175	0.00401409	0.0490151	0.0100228	0.00616736	0.0027101	0.0204819	0.00573207	0.0600986	0.0804818	0.202241	0.0183889	0.00478402
156	0.0505503	0.053422	0.000388669	0.000222189	0.119918	0.0194211	0.00183651	0.143058	0.000579946	0.346099	0.085131	0.000379063	0.00285212	0.00516439	0.000309158	0.0264579	0.0114152	0.11634	0.0055761	0.0108795
157	0.025649	0.0274145	0.00142838	0.000967847	0.108217	0.0065997	0.0138743	0.0458385	0.00131362	0.439776	0.203383	0.00159877	0.00143793	0.0119123	0.00422661	0.0223896	0.0114446	0.0600687	0.00895806	0.00350114
158	0.0141446	0.00552094	0.0004922	0.00521269	0.362743	0.0044424	0.036902	0.0101723	0.00141383	0.0299987	0.00245185	0.0130087	0.000561317	0.00348269	0.00808713	0.0144912	0.00307761	0.00692436	0.0196781	0.457194
159	0.0369496	0.00876644	0.00160932	0.00242197	0.00605708	0.00617837	0.069907	0.164345	0.0173952	0.119468	0.0892205	0.0190213	0.00196422	0.0167149	0.00401636	0.0561982	0.0365163	0.324858	0.00218259	0.0162104
160	0.0141446	0.00552094	0.0004922	0.00521269	0.362743	0.0044424	0.036902	0.0101723	0.00141383	0.0299987	0.00245185	0.0130087	0.000561317	0.00348269	0.00808713	0.0144912	0.00307761	0.00692436	0.0196781	0.457194
161	0.0141818	0.00557408	0.000493285	0.00517027	0.361973	0.00446873	0.036892	0.0102157	0.00143342	0.0298856	0.00245324	0.0129868	0.000562523	0.00355952	0.00806927	0.0144633	0.00308711	0.00693409	0.0195339	0.458063
162	0.215747	0.0184325	0.00176788	0.00251556	0.00605148	0.0707564	0.00398732	0.0984685	0.00326108	0.0190624	0.0193797	0.0211154	0.001966	0.0182358	0.00372567	0.031356	0.306189	0.152363	0.00317896	0.00244025
163	0.0589113	0.00793068	0.094991	0.0658889	0.00377615	0.412083	0.00330223	0.00542511	0.0149513	0.0223265	0.00315426	0.0506063	0.00173328	0.0443458	0.0175344	0.161678	0.0141532	0.00821174	0.00666723	0.00232982
164	0.0674637	0.206326	0.0180895	0.013614	0.0179223	0.0500307	0.00995709	0.0413815	0.0145679	0.0521179	0.0257284	0.0775133	0.0202293	0.0187655	0.0231663	0.148482	0.125839	0.0471784	0.00847755	0.0131495
165	0.245075	0.00515512	0.0368026	0.00266337	0.0226329	0.175566	0.0460027	0.0282264	0.0612131	0.013056	0.0193879	0.0279612	0.0193698	0.00407466	0.0191968	0.131612	0.0585037	0.077436	0.00248282	0.00358249
166	0.114117	0.00878922	0.00356479	0.0799393	0.0184523	0.0103218	0.00505463	0.106851	0.0643254	0.212329	0.0710863	0.058066	0.0037196	0.0142265	0.0179445	0.0203725	0.10039	0.0533692	0.00454777	0.0325335
167	0.0257363	0.0117914	0.046122	0.0248681	0.0119052	0.0518818	0.0901246	0.0100987	0.0135002	0.0136598	0.00676986	0.426496	0.0281771	0.0555073	0.00901091	0.0925901	0.0237267	0.0314807	0.00216781	0.0243857
168	0.0736139	0.00925278	0.0059633	0.03758	0.029567	0.0163706	0.0133267	0.0739198	0.168229	0.0963044	0.0297216	0.0486082	0.0107015	0.0562249	0.139283	0.0328385	0.109126	0.0359425	0.00366153	0.00976542
169	0.1018	0.0322102	0.00119818	0.00121387	0.454391	0.0229788	0.00113463	0.0443761	0.0026313	0.0993666	0.0106761	0.00183758	0.00370313	0.0021522	0.00237991	0.017505	0.0522021	0.0951845	0.0135064	0.0395518
170	0.0465435	0.0230304	0.000643723	0.000696645	0.49962	0.012972	0.000896577	0.0475361	0.00350944	0.105571	0.0188646	0.00124627	0.00078671	0.00209468	0.00239982	0.0145086	0.0339503	0.073725	0.0190398	0.092365
171	0.0209527	0.00879155	0.000309442	0.00164207	0.0343156	0.00474297	0.000689051	0.339684	0.00181889	0.149514	0.0376381	0.00147502	0.00265205	0.00109314	0.000690553	0.00370588	0.0175726	0.367933	0.00321727	0.00156103
172	0.123431	0.0906645	0.00319373	0.00619532	0.0327387	0.0452755	0.00451754	0.0768007	0.00236332	0.0490306	0.0373171	0.0112012	0.0039999	0.00605633	0.00358853	0.213004	0.191624	0.0938021	0.00227764	0.00291853
173	0.0266169	0.0118366	0.00055656	0.000433932	0.123634	0.00596484	0.00187789	0.266449	0.00400044	0.301801	0.0421525	0.000801086	0.00218378	0.00459379	0.00104532	0.017935	0.0180948	0.151616	0.00677778	0.0116286
174	0.0842902	0.0364674	0.00398213	0.00370126	0.0148607	0.0205669	0.0353925	0.114819	0.00713019	0.0576811	0.0520706	0.0587099	0.0041267	0.017584	0.00827323	0.0531941	0.274154	0.143736	0.00366155	0.00559926
175	0.0309671	0.015899	0.00430031	0.00158691	0.0904002	0.0113746	0.005282	0.076093	0.00286528	0.430324	0.114517	0.00222908	0.00158967	0.00577597	0.00388299	0.0167867	0.039233	0.137641	0.00482983	0.00442231
176	0.0425588	0.0204537	0.000348968	0.000556622	0.0654986	0.0125011	0.000739952	0.304859	0.00291577	0.288978	0.0413261	0.00154205	0.00192285	0.00314432	0.000547426	0.0113244	0.0197357	0.167498	0.00583186	0.00771643
177	0.0467015	0.0365306	0.000591972	0.000508097	0.125317	0.0259587	0.0105511	0.143448	0.00136214	0.352042	0.0719173	0.00108657	0.00238394	0.0054783	0.000972003	0.026902	0.0145231	0.116621	0.00463815	0.0124654
178	0.167273	0.0981351	0.00121412	0.00947317	0.0407435	0.0842348	0.000966419	0.055414	0.000942628	0.0420073	0.0411851	0.0020483	0.0012902	0.00226444	0.00161882	0.241289	0.10137	0.103796	0.00336081	0.00137362
179	0.0231686	0.00832994	0.000489512	0.000914704	0.0433713	0.00704611	0.000397555	0.311609	0.00175181	0.149854	0.0326463	0.00164413	0.0028047	0.000662989	0.000629091	0.00325661	0.0165477	0.390309	0.00359759	0.000968644
180	0.150088	0.031875	0.00024385	0.000289078	0.0671355	0.0707572	0.000350571	0.234761	0.00229173	0.150179	0.0218923	0.00244537	0.000381206	0.000565516	0.000948629	0.029346	0.0343653	0.200951	0.000487572	0.000646791
181	0.13409	0.0118409	0.00053268	0.00398416	0.0234686	0.0165856	0.00110477	0.24852	0.00163576	0.0852935	0.01985	0.00470638	0.000640535	0.00211737	0.00679158	0.0208153	0.0559035	0.346379	0.00275406	0.0129864
182	0.111248	0.0301748	0.00293815	0.00351442	0.0497502	0.0382548	0.00440109	0.0271492	0.00292528	0.0217567	0.0209974	0.00543284	0.00333367	0.004428	0.00382923	0.293707	0.319856	0.0518557	0.00214596	0.00230188
183	0.132211	0.00840479	0.000517495	0.00536117	0.0246475	0.0191306	0.000850144	0.256707	0.00127028	0.060624	0.0092199	0.00505427	0.000745872	0.00202655	0.00749906	0.0198657	0.063417	0.366335	0.0036977	0.0124138
184	0.0305451	0.00774713	0.000348052	0.000279253	0.0465817	0.00470841	0.000293941	0.314561	0.00367309	0.32208	0.037717	0.000702201	0.00201177	0.00245348	0.000478253	0.0071282	0.0184079	0.1919	0.00461283	0.00376955
185	0.246922	0.0158778	0.000957997	0.000940118	0.0232778	0.0268467	0.00199029	0.00801812	0.000956439	0.0230218	0.00371076	0.0111918	0.00620432	0.00860183	0.00306142	0.554776	0.03963	0.0216028	0.00074636	0.00166567
186	0.0210252	0.00813118	0.000333135	0.00181055	0.0334524	0.00500034	0.000487154	0.364644	0.00115576	0.113588	0.0320419	0.00211216	0.00207409	0.00054753	0.000587201	0.00246576	0.0207684	0.384809	0.00393375	0.00103307
187	0.0703932	0.0117162	0.00614804	0.00510603	0.0531967	0.0162738	0.0828431	0.093728	0.00875785	0.243289	0.0148137	0.0460002	0.00550586	0.010619	0.0470697	0.141625	0.0615478	0.0298038	0.043114	0.00844905
188	0.148358	0.0173163	0.0178675	0.0432309	0.00853471	0.0834	0.0119149	0.0232722	0.0454972	0.0216954	0.0104976	0.0322125	0.12017	0.0229919	0.07066	0.194127	0.0687985	0.0275987	0.00219789	0.0296589
189	0.0609795	0.0164623	0.0219589	0.0296985	0.00698357	0.0514564	0.0207507	0.0138261	0.194648	0.0270176	0.0311626	0.0422496	0.0399081	0.0856602	0.194305	0.059769	0.0637725	0.0342655	0.0019002	0.00322598
190	0.0276746	0.0121122	0.000742697	0.00881226	0.0258128	0.00674646	0.000895194	0.412835	0.001476	0.069778	0.0213376	0.00352525	0.00123997	0.00171951	0.0015708	0.00555356	0.0217565	0.368671	0.00481106	0.00292917
191	0.0414894	0.0123	0.0192455	0.0256461	0.00987557	0.0424392	0.0272654	0.0193935	0.226676	0.0317226	0.0190166	0.0430783	0.0245165	0.0760431	0.225597	0.0598889	0.0646101	0.0241192	0.00268171	0.00439585
192	0.0251622	0.00231619	0.269252	0.418864	0.00218201	0.0324278	0.00893792	0.00829862	0.0319231	0.00921261	0.00204809	0.0488673	0.0163435	0.0218483	0.0180003	0.0492808	0.022399	0.0105318	0.000957143	0.00114747
