461	20
1	0.0640564	0.0286847	0.165848	0.151383	0.0258717	0.0434484	0.0150039	0.0116336	0.0754861	0.0375636	0.0118981	0.0542022	0.017861	0.0549973	0.0422049	0.110954	0.0653499	0.0157545	0.00329534	0.00450306
2	0.100793	0.0263297	0.024879	0.0243593	0.0169395	0.0159261	0.0512893	0.00368592	0.0330541	0.0699349	0.0229079	0.0284583	0.317703	0.0268901	0.03747	0.105249	0.0666467	0.00788323	0.000690517	0.0189113
3	0.0201994	0.00847091	0.0089026	0.0324075	0.00439702	0.0162215	0.0275657	0.0129052	0.382638	0.0253528	0.00991842	0.0255413	0.0120378	0.0339195	0.291796	0.0505851	0.0244297	0.0086938	0.000682383	0.00333577
4	0.0898189	0.0111515	0.00933234	0.00872363	0.0356665	0.0143252	0.0214712	0.0139822	0.0733185	0.0547403	0.0145306	0.0639256	0.0461874	0.0768698	0.0106156	0.170973	0.224214	0.0488784	0.00109551	0.0101806
5	0.03321	0.003419	0.0111336	0.0468523	0.00600063	0.0148049	0.0124186	0.0138527	0.434173	0.0136948	0.0119371	0.0192722	0.031529	0.0766309	0.184544	0.0402342	0.0238861	0.0143455	0.000879625	0.00718104
6	0.0466552	0.0147009	0.0253912	0.0314627	0.0427625	0.0366095	0.177313	0.0363853	0.0489169	0.10817	0.022806	0.0511851	0.0410108	0.0639071	0.0498071	0.0554684	0.0443814	0.0277114	0.0162329	0.0591221
7	0.0158033	0.00289119	0.00740733	0.0374917	0.00329236	0.0123947	0.0108277	0.0170302	0.488324	0.0114885	0.0156064	0.0220955	0.0171684	0.0448022	0.202584	0.0474704	0.0250953	0.0121024	0.000773169	0.00535136
8	0.0214289	0.0234894	0.0138487	0.0116129	0.264972	0.0360368	0.0124805	0.0113399	0.0143023	0.0606991	0.00927268	0.017712	0.036663	0.013662	0.0303699	0.0254537	0.0253966	0.0412887	0.315988	0.0139826
9	0.0178601	0.00352846	0.0106386	0.0401999	0.00458017	0.0185875	0.0119214	0.0248099	0.449479	0.0159721	0.0155684	0.0232317	0.0162266	0.0446236	0.200653	0.0528506	0.0275977	0.0154214	0.000740567	0.00550937
10	0.0263507	0.0254205	0.0027259	0.00550498	0.0109651	0.00861481	0.00453274	0.303184	0.00198018	0.0679258	0.0256672	0.0099711	0.0566899	0.0103814	0.00500575	0.0499497	0.0826026	0.300732	0.000377883	0.00141823
11	0.0265897	0.00430309	0.00810305	0.025445	0.0627809	0.0211253	0.324794	0.00732499	0.0404143	0.0423467	0.00252559	0.0623254	0.00649664	0.101244	0.0445202	0.0225436	0.027676	0.00408668	0.0358043	0.129551
12	0.0129668	0.0308311	0.0109556	0.00555071	0.00409568	0.0069129	0.0056517	0.00524949	0.0122392	0.0111816	0.00424705	0.140541	0.00456238	0.0059336	0.017536	0.411223	0.298318	0.0071759	0.00139676	0.00343081
13	0.00770994	0.00155868	0.00397241	0.00145908	0.481772	0.00501159	0.00996077	0.0104086	0.00346875	0.0205825	0.00470929	0.00229134	0.00146348	0.00473502	0.00180869	0.0157993	0.00684153	0.0159516	0.00641278	0.394083
14	0.134888	0.0173886	0.0182882	0.0321071	0.00567935	0.102361	0.0114074	0.00827251	0.0760579	0.0484541	0.0211391	0.0956412	0.023615	0.0204581	0.0233786	0.205283	0.0939517	0.0349918	0.00171079	0.0249265
15	0.0836882	0.0213285	0.022201	0.0564149	0.0104904	0.0746944	0.0436759	0.0158555	0.0624794	0.0299317	0.010337	0.0455566	0.0142545	0.0249682	0.101321	0.21896	0.100251	0.0492054	0.00320521	0.0111812
16	0.0573	0.0223795	0.0230698	0.0299957	0.118992	0.0213058	0.0284401	0.0576204	0.0328192	0.0819859	0.0317561	0.0314563	0.158476	0.0343256	0.0331429	0.0654452	0.0617745	0.0518982	0.019822	0.0379955
17	0.220705	0.0378301	0.00662983	0.00814014	0.0110807	0.0360406	0.00994332	0.0388867	0.0243572	0.0468045	0.00937327	0.0186868	0.0556326	0.014165	0.0134734	0.122622	0.199806	0.099535	0.00140706	0.0248816
18	0.0179475	0.00888176	0.00863175	0.00513821	0.405776	0.0101114	0.0141859	0.03525	0.0123003	0.0533664	0.0179674	0.0122662	0.00950999	0.0132893	0.0120191	0.0217588	0.0180865	0.0319038	0.0180757	0.273534
19	0.0849788	0.143282	0.0237177	0.0220914	0.0309511	0.0379876	0.0189816	0.0791295	0.0298903	0.0822526	0.0257406	0.0471959	0.035522	0.0227338	0.0267768	0.124507	0.0590836	0.0813358	0.00724905	0.0165925
20	0.0511151	0.00842089	0.223321	0.283675	0.0126079	0.0383184	0.0155636	0.0209962	0.033266	0.0265273	0.0136251	0.0583155	0.0249668	0.0405346	0.0359316	0.0598705	0.0278533	0.0175027	0.00141835	0.0061702
21	0.0364376	0.00601514	0.0376627	0.089228	0.0334171	0.0193162	0.231233	0.0163264	0.0578295	0.0302139	0.00930873	0.0629348	0.0197996	0.140557	0.0439659	0.0485831	0.0332908	0.0150525	0.0139354	0.0548922
22	0.0812347	0.145447	0.0229026	0.0201652	0.0298676	0.0377728	0.0191807	0.0681125	0.0378968	0.0748712	0.0245678	0.050472	0.0370633	0.021808	0.0335638	0.127377	0.065168	0.0793638	0.00690398	0.0162607
23	0.0918951	0.00762714	0.0353216	0.0300372	0.00831831	0.539383	0.0130532	0.00581167	0.0336998	0.0358724	0.00349348	0.0220184	0.0125178	0.0115487	0.0162524	0.0780342	0.0301511	0.0156245	0.00155897	0.00778119
24	0.0860078	0.0286586	0.0212341	0.0290201	0.0291278	0.0426265	0.0206981	0.0354122	0.041074	0.125596	0.0324804	0.051897	0.0560604	0.0268493	0.0282646	0.18657	0.0814864	0.0466732	0.00417495	0.0260885
25	0.00922169	0.00642664	0.0076218	0.0023542	0.051984	0.00360294	0.00332196	0.0374698	0.0118867	0.510026	0.255633	0.00993784	0.00615563	0.00698922	0.0132552	0.0155512	0.0125202	0.0214069	0.00056569	0.0140694
26	0.0184719	0.0223131	0.0026796	0.00168329	0.0330385	0.00801651	0.00436205	0.206811	0.0104594	0.430137	0.0790914	0.00495311	0.00940634	0.00866476	0.00754499	0.0126899	0.0168489	0.110441	0.00036381	0.0120236
27	0.0269625	0.00533736	0.00836273	0.0256413	0.0684465	0.0237841	0.300089	0.00721479	0.0396876	0.0434524	0.00339649	0.0584362	0.00827087	0.0901644	0.0451844	0.021907	0.02703	0.00628331	0.0454549	0.144895
28	0.0905828	0.00982187	0.0326341	0.0310926	0.0112973	0.548673	0.0158415	0.00357444	0.030851	0.0311989	0.0026151	0.0226378	0.0121421	0.0115555	0.00938728	0.0772478	0.0284166	0.0145161	0.00727621	0.00863777
29	0.0161134	0.0225464	0.00118755	0.00114334	0.0187501	0.0088827	0.00380834	0.201708	0.00936306	0.5079	0.0715327	0.00241562	0.00497855	0.00573041	0.00506753	0.00880486	0.0104721	0.0935811	0.000250341	0.00576337
30	0.0227696	0.0350677	0.00367256	0.00145382	0.104018	0.00841262	0.00284929	0.240933	0.00469079	0.243385	0.0652547	0.00872438	0.0145781	0.0131803	0.00796119	0.00656098	0.0226768	0.146174	0.000318976	0.0473183
31	0.0291669	0.0106053	0.0112857	0.0218872	0.00788596	0.0249435	0.0876259	0.0121423	0.27963	0.0285206	0.008289	0.0468125	0.00931867	0.036561	0.281808	0.0539503	0.0297912	0.00805174	0.00285333	0.00887065
32	0.0684826	0.0140408	0.046186	0.0832253	0.0363641	0.0363426	0.0547286	0.0350161	0.101451	0.0491188	0.0213204	0.0445349	0.0405033	0.111965	0.06989	0.0706956	0.0482946	0.036896	0.0044655	0.0264793
33	0.0985162	0.0131865	0.0358609	0.0340084	0.00910934	0.512349	0.0136436	0.00875307	0.0321211	0.0328627	0.0042637	0.0260852	0.0148973	0.0138522	0.0123677	0.0781242	0.0315519	0.0195493	0.0017637	0.00713428
34	0.0104989	0.0120885	0.00431301	0.00163698	0.0385329	0.00462726	0.00296951	0.0895386	0.0134911	0.509187	0.198417	0.00617367	0.00543813	0.00632114	0.0115093	0.0114299	0.0117883	0.0504175	0.000378285	0.0112434
35	0.0198759	0.00443375	0.00806943	0.0363094	0.00375585	0.00914583	0.0119641	0.0127614	0.477274	0.0144599	0.0108846	0.0195656	0.0205989	0.0514947	0.225305	0.0384331	0.0197933	0.0110946	0.000712255	0.00406787
36	0.0699799	0.121704	0.00823503	0.0101693	0.0308617	0.0227671	0.00987549	0.160712	0.0181285	0.0967051	0.0349601	0.0172018	0.027756	0.0149861	0.0173116	0.0877225	0.0667821	0.166854	0.00196753	0.0153195
37	0.0587532	0.01411	0.125509	0.218968	0.0129115	0.078053	0.00641031	0.00473681	0.0507347	0.0228994	0.00326069	0.0478623	0.00489786	0.0406492	0.0148272	0.172296	0.108024	0.0047874	0.00619238	0.00411743
38	0.203159	0.0565439	0.032013	0.0461311	0.00483161	0.0546352	0.018656	0.0038997	0.0183275	0.0173677	0.00310288	0.0675764	0.00608974	0.0165922	0.0181787	0.327331	0.0611478	0.035251	0.00199407	0.00717177
39	0.0768524	0.112772	0.0187135	0.0288992	0.0292065	0.0266544	0.0264935	0.0445291	0.0523771	0.0699351	0.0706684	0.0285883	0.0425029	0.062121	0.0272073	0.127018	0.0794272	0.0575451	0.00394358	0.0145453
40	0.0102772	0.00782149	0.358237	0.191898	0.00341948	0.0484757	0.0241113	0.00216398	0.0441187	0.0299779	0.0179848	0.116505	0.0258962	0.0187767	0.0285975	0.0404788	0.0245933	0.00212649	0.000328761	0.00421139
41	0.0538221	0.0266272	0.00560472	0.00813724	0.0370387	0.0118177	0.0131795	0.118522	0.0265747	0.15939	0.0829365	0.0177525	0.0735823	0.0200198	0.0106097	0.0948821	0.0963597	0.132271	0.00156125	0.00931153
42	0.0382934	0.0127958	0.0152714	0.0255912	0.0499301	0.0153232	0.0445825	0.0510658	0.065315	0.046793	0.0155592	0.254451	0.0430227	0.0269009	0.0392084	0.115312	0.096014	0.0269791	0.00215823	0.0154333
43	0.0556065	0.026932	0.00304821	0.00316708	0.0241088	0.00659334	0.00630538	0.299665	0.00707277	0.0694813	0.0274572	0.00665076	0.022103	0.00619778	0.0159157	0.0352581	0.0481919	0.330154	0.000506019	0.00558557
44	0.0287553	0.00780585	0.0136728	0.0256184	0.127822	0.02102	0.236726	0.0154496	0.0382178	0.0421818	0.00850835	0.057868	0.0150168	0.0750975	0.043343	0.0399999	0.0326723	0.0132643	0.0271504	0.129811
45	0.0339605	0.0092507	0.0088401	0.0227483	0.00554367	0.0229035	0.0928062	0.00878694	0.30517	0.0203821	0.00756837	0.0431639	0.00978377	0.034712	0.265986	0.0654687	0.0282561	0.00709218	0.0019904	0.00558696
46	0.0225176	0.011837	0.00876884	0.021877	0.00767002	0.0109305	0.0284242	0.0151022	0.341715	0.0376414	0.0121943	0.0220853	0.0101991	0.0358005	0.350228	0.029193	0.0228629	0.00822084	0.000483806	0.00224822
47	0.11719	0.148845	0.0246306	0.0252524	0.0138645	0.0566407	0.0233463	0.01868	0.0276419	0.0313222	0.00999642	0.0723523	0.0278847	0.0185203	0.0217126	0.227978	0.0746501	0.0437127	0.00332544	0.0124537
48	0.055119	0.00503942	0.0338294	0.156575	0.0264938	0.0322704	0.0290619	0.0440479	0.112313	0.0221818	0.0156514	0.0231061	0.0563585	0.200445	0.037778	0.040643	0.0388388	0.0644743	0.000947771	0.00482495
49	0.0228303	0.0166544	0.00761081	0.0235965	0.0323025	0.0117566	0.0702532	0.0425898	0.0415964	0.0325131	0.00375316	0.400327	0.00966209	0.00964595	0.0428652	0.12587	0.068144	0.0184152	0.00114163	0.0184722
50	0.0405396	0.0314764	0.0042664	0.00674937	0.018559	0.0115848	0.00684662	0.247814	0.0120851	0.0906709	0.0297365	0.0114489	0.054112	0.0142652	0.0137092	0.0639881	0.0900579	0.245736	0.000581091	0.00577323
51	0.191604	0.0197295	0.0122509	0.0157993	0.0148578	0.0396029	0.0225026	0.0174724	0.0268081	0.0597685	0.0123075	0.0263074	0.158744	0.0208308	0.0254434	0.109295	0.125786	0.0501838	0.00181603	0.0488909
52	0.0724643	0.0137051	0.0445935	0.0368785	0.0113856	0.0274247	0.072919	0.0104323	0.0839061	0.0262426	0.0270362	0.159943	0.110699	0.0572602	0.0450015	0.118771	0.0553424	0.0132513	0.000958004	0.0117856
53	0.0805245	0.0129193	0.0142445	0.0158364	0.0402814	0.0137147	0.0398306	0.0369271	0.0426553	0.160884	0.10936	0.0481082	0.0677465	0.0261276	0.0178415	0.0947877	0.088863	0.073841	0.00240623	0.0131001
54	0.11481	0.144075	0.0223004	0.024704	0.0117418	0.0540167	0.0197292	0.0278725	0.0272734	0.0403337	0.0117283	0.0632111	0.0325534	0.0182614	0.0218185	0.222096	0.0753288	0.0526902	0.00304076	0.0124145
55	0.0850907	0.0098016	0.030436	0.026703	0.011464	0.498017	0.017073	0.0199665	0.0284511	0.0696859	0.00994359	0.0196288	0.0133341	0.0122744	0.0127154	0.0700536	0.0297375	0.0238608	0.00148369	0.0102791
56	0.111081	0.0313846	0.00538433	0.0117799	0.0378767	0.00687081	0.0365463	0.0704553	0.0859443	0.0918243	0.126843	0.0126793	0.0132465	0.0496355	0.0177105	0.0772074	0.127871	0.0756771	0.00125912	0.00872224
57	0.0400892	0.012999	0.217618	0.13143	0.0132004	0.0417889	0.0326362	0.0124782	0.0566536	0.0320486	0.0168181	0.113956	0.0252944	0.0504907	0.035901	0.0782297	0.061016	0.0184393	0.00156056	0.00735283
58	0.0224051	0.00702507	0.0124708	0.0203829	0.0871458	0.0163158	0.196692	0.0522072	0.0323515	0.0436798	0.0125153	0.133753	0.011907	0.0709811	0.0343882	0.0579503	0.0588624	0.0222315	0.0158852	0.0908497
59	0.0872208	0.0201811	0.0155956	0.0233563	0.0215204	0.0176161	0.0179387	0.0430754	0.121302	0.042476	0.0345204	0.0336743	0.0198185	0.053899	0.0415337	0.141838	0.20997	0.044653	0.00119731	0.00861275
60	0.156537	0.0228563	0.0433748	0.126611	0.0115698	0.0567449	0.0176258	0.0149071	0.0410749	0.0550712	0.0157977	0.041588	0.0485345	0.0416522	0.0299182	0.174915	0.0557938	0.030746	0.00190433	0.012777
61	0.0180163	0.00959669	0.0094094	0.0263031	0.00507715	0.00839589	0.0164121	0.0138193	0.403571	0.030598	0.00917329	0.0201579	0.0132018	0.0384691	0.312856	0.0305588	0.0206585	0.010503	0.000547804	0.00267474
62	0.0545414	0.0108512	0.0143658	0.0324693	0.0104772	0.0633446	0.0594734	0.0116428	0.101358	0.0207873	0.00933409	0.0440995	0.0185249	0.0262738	0.240554	0.179444	0.0748371	0.016555	0.00185159	0.0092148
63	0.0838108	0.0187458	0.0292127	0.0267011	0.0113965	0.226403	0.019126	0.0175265	0.0370926	0.0493861	0.00945322	0.0480284	0.0864095	0.0230458	0.0187366	0.150355	0.0953422	0.0294382	0.00152408	0.0182658
64	0.0406306	0.0119965	0.0128257	0.0308166	0.0111223	0.0175612	0.0217007	0.0310899	0.301571	0.0366033	0.0183802	0.026226	0.0183791	0.0416606	0.241455	0.0450482	0.0380597	0.0458338	0.00108269	0.00795709
65	0.0160564	0.0211031	0.00135585	0.0011976	0.0182518	0.00842314	0.00414833	0.221265	0.00926498	0.489093	0.0730768	0.00243833	0.00482718	0.00556501	0.0049661	0.00868307	0.0113951	0.0928424	0.000242399	0.00580402
66	0.0258138	0.00418718	0.00743776	0.0265662	0.0635836	0.0225722	0.317729	0.0067381	0.0405571	0.0433947	0.0024475	0.0616028	0.00638875	0.097203	0.0461481	0.0212316	0.0266446	0.00440094	0.0358464	0.139507
67	0.0161134	0.0225464	0.00118755	0.00114334	0.0187501	0.0088827	0.00380834	0.201708	0.00936306	0.5079	0.0715327	0.00241562	0.00497855	0.00573041	0.00506753	0.00880486	0.0104721	0.0935811	0.000250341	0.00576337
68	0.0343639	0.00509595	0.00957497	0.0788163	0.00798893	0.0332916	0.0265763	0.0469352	0.235316	0.0149868	0.0244041	0.0512232	0.0115206	0.0352382	0.107001	0.125379	0.0971266	0.0175203	0.00236503	0.0352767
69	0.0171549	0.0160522	0.00246907	0.00131066	0.00953435	0.00509759	0.00414423	0.46718	0.00100824	0.0772998	0.0243106	0.00280698	0.00889233	0.00203651	0.00175453	0.0144086	0.0195806	0.323932	0.000174805	0.000852539
70	0.0469813	0.0151685	0.027748	0.0224697	0.0226521	0.066254	0.0301011	0.0572502	0.151086	0.0666274	0.01389	0.0638059	0.0108466	0.053053	0.174273	0.0666272	0.0759619	0.0298622	0.00096582	0.00437612
71	0.0218981	0.00149654	0.162871	0.588576	0.00678354	0.0107044	0.0114408	0.0250924	0.00660901	0.0170743	0.00498765	0.0119318	0.00817798	0.0457218	0.0337612	0.016587	0.0122857	0.0104924	0.000362879	0.00314587
72	0.317336	0.0409119	0.0106987	0.0154398	0.00685647	0.320445	0.0304315	0.0107384	0.0223339	0.0405568	0.00537751	0.0333063	0.00830965	0.0116924	0.0111939	0.0507026	0.0282825	0.0224728	0.00281302	0.0101005
73	0.0226399	0.0180924	0.00877677	0.0127853	0.00466096	0.00821092	0.029629	0.0134512	0.281576	0.0536317	0.00526963	0.0213214	0.00400528	0.021281	0.450677	0.0177145	0.0190267	0.00540892	0.000353314	0.00148812
74	0.035373	0.0320581	0.120949	0.0604222	0.00602353	0.0827295	0.0388954	0.00510286	0.0359638	0.0211586	0.00849405	0.222872	0.0582126	0.0175877	0.0153682	0.176496	0.0439291	0.00722152	0.00148962	0.00965332
75	0.037009	0.0174378	0.00946644	0.00644278	0.0991506	0.00588243	0.00864241	0.079554	0.0213895	0.362223	0.139766	0.015795	0.0178533	0.0292223	0.0117801	0.0328427	0.0324241	0.0523592	0.00135769	0.0194013
76	0.0306936	0.0368408	0.00311749	0.00205498	0.0606502	0.0053159	0.00326391	0.317834	0.00519051	0.113517	0.0589356	0.00661722	0.0202291	0.00801118	0.0133851	0.0168089	0.0358203	0.234567	0.000295985	0.0268501
77	0.0988891	0.0247823	0.0240174	0.0273806	0.0188215	0.0360685	0.0299218	0.0245278	0.0307948	0.0990515	0.0228384	0.0321721	0.210881	0.0314002	0.0294683	0.132054	0.0669108	0.0346855	0.00142357	0.0239099
78	0.0313145	0.0365207	0.00989803	0.00824036	0.134646	0.00737431	0.00744896	0.191416	0.0172506	0.142339	0.0790521	0.0181424	0.0233675	0.032779	0.0155074	0.0213805	0.0404793	0.136448	0.00118682	0.0452081
79	0.0380545	0.0480807	0.209228	0.0927409	0.0416587	0.0453037	0.0275428	0.0175959	0.0714188	0.0369925	0.0150262	0.108072	0.0211674	0.0308844	0.0320321	0.0715929	0.0471667	0.0230893	0.00861075	0.0137419
80	0.1414	0.0170669	0.0164228	0.0211499	0.0126572	0.0276978	0.0300302	0.00864579	0.0292885	0.0556071	0.0157734	0.027161	0.264121	0.0244132	0.0405171	0.0889828	0.113832	0.0236309	0.00115512	0.0404469
81	0.0768067	0.0205704	0.029419	0.0350816	0.0112751	0.0839837	0.0303887	0.0178913	0.0848164	0.0483017	0.0104116	0.155477	0.0158981	0.02962	0.0775919	0.174073	0.0578217	0.0259566	0.00301395	0.0116014
82	0.111396	0.0108287	0.0242545	0.0396738	0.00934564	0.255448	0.0203215	0.01563	0.108261	0.0302566	0.0111293	0.0374441	0.0227713	0.0548405	0.0845735	0.0923434	0.0396718	0.0218705	0.00172546	0.00821494
83	0.0791919	0.0120185	0.00735008	0.00999665	0.0946544	0.0109082	0.0150185	0.0492496	0.0511298	0.256116	0.0958592	0.0168773	0.0474345	0.0216583	0.0104446	0.106711	0.052948	0.0485747	0.00183612	0.0120233
84	0.262695	0.0504995	0.0151687	0.0351063	0.00431535	0.0718972	0.0134938	0.00427211	0.0236163	0.0170752	0.00429181	0.0479747	0.0145318	0.018673	0.0238317	0.294968	0.0459393	0.038005	0.00267694	0.0109678
85	0.0205031	0.00675831	0.292245	0.271016	0.00807427	0.0352743	0.0181088	0.0131493	0.0451952	0.0277973	0.0153453	0.0791125	0.0236534	0.0325479	0.0351687	0.0362501	0.0241362	0.0103745	0.000465632	0.0048246
86	0.060877	0.0363045	0.00514246	0.00832705	0.0297186	0.0174959	0.00856875	0.185598	0.0124468	0.074709	0.0270991	0.0126179	0.0985195	0.0184034	0.0107659	0.0844967	0.113217	0.18503	0.00124097	0.00942062
87	0.00980162	0.00369412	0.00828027	0.00252154	0.451398	0.00710748	0.0126079	0.0126471	0.0059971	0.038437	0.00699809	0.00627287	0.00479368	0.00623991	0.00532351	0.0161293	0.0103429	0.0185061	0.0223239	0.350577
88	0.100891	0.0605166	0.00671933	0.00817105	0.0110502	0.0104802	0.00780791	0.161057	0.0276775	0.0541385	0.0270936	0.0122467	0.0354086	0.0122032	0.054504	0.0683369	0.0935281	0.243084	0.0010901	0.00399643
89	0.0772289	0.00875396	0.0914591	0.158696	0.0236042	0.0383775	0.0182195	0.0214541	0.112826	0.0284252	0.0190803	0.0409039	0.0386689	0.0859023	0.0637103	0.0861955	0.0523556	0.0271502	0.00280864	0.00418059
90	0.0161134	0.0225464	0.00118755	0.00114334	0.0187501	0.0088827	0.00380834	0.201708	0.00936306	0.5079	0.0715327	0.00241562	0.00497855	0.00573041	0.00506753	0.00880486	0.0104721	0.0935811	0.000250341	0.00576337
91	0.0371049	0.00630965	0.0172361	0.0449659	0.00885597	0.0368408	0.020996	0.0335509	0.3272	0.025058	0.0160777	0.0347343	0.0180992	0.0653396	0.172135	0.0720141	0.036343	0.0194689	0.00103078	0.0066395
92	0.0166414	0.0213007	0.00163052	0.0012919	0.0168625	0.00919982	0.00397974	0.270622	0.0072873	0.390416	0.0591907	0.0027838	0.00763311	0.00537267	0.0040564	0.0129086	0.015816	0.147484	0.000243098	0.00527927
93	0.0280814	0.0222677	0.00334908	0.00457708	0.0119059	0.00825318	0.00943451	0.334591	0.0047105	0.0830377	0.0253799	0.00852763	0.0395271	0.00837341	0.00613232	0.0430141	0.0747432	0.28125	0.000407893	0.00243583
94	0.0736087	0.0200549	0.05536	0.0350263	0.030417	0.0663189	0.0218766	0.0378479	0.0299538	0.100301	0.0197456	0.0331396	0.13638	0.0282605	0.0264196	0.0877392	0.0653708	0.0688594	0.00414068	0.0591795
95	0.0175495	0.00357328	0.00769024	0.0370361	0.00381034	0.0107977	0.0114432	0.0150312	0.485748	0.0131614	0.0127459	0.0201993	0.0188824	0.0470457	0.213298	0.0434312	0.0214111	0.0118436	0.000821174	0.00448082
96	0.0168501	0.00336421	0.00747514	0.0360176	0.00419266	0.0106376	0.0110435	0.0155609	0.487769	0.0135059	0.0136882	0.0201932	0.018611	0.048154	0.210415	0.0437291	0.0215197	0.0118672	0.000989871	0.00441611
97	0.0667496	0.025536	0.0204034	0.0286028	0.0101148	0.036109	0.0162301	0.0174843	0.126007	0.027992	0.0147813	0.0508598	0.0214036	0.024387	0.049305	0.234679	0.187946	0.0297459	0.00210484	0.00955902
98	0.130583	0.0159398	0.00961235	0.0103672	0.013318	0.0540946	0.011481	0.0221548	0.0458775	0.0793226	0.0112878	0.0312862	0.0660087	0.0179956	0.0122445	0.15122	0.17981	0.087579	0.0013875	0.0484304
99	0.0185631	0.00307558	0.00725684	0.0371342	0.00390342	0.00934107	0.0109383	0.0131996	0.496954	0.0118204	0.0117611	0.0194505	0.0215613	0.0501869	0.207306	0.0410159	0.0197747	0.011627	0.000821056	0.0043094
100	0.105569	0.0459199	0.0105243	0.0114108	0.0102662	0.00659223	0.00920776	0.167021	0.0341802	0.0503909	0.0293593	0.0151511	0.0173976	0.0132969	0.0656402	0.0431297	0.100681	0.259328	0.000865316	0.00406872
101	0.0209789	0.0451588	0.00583957	0.00201534	0.143736	0.00535855	0.00286904	0.23744	0.00298021	0.137084	0.0738048	0.0127065	0.0211133	0.0188129	0.0109615	0.00643391	0.031609	0.15993	0.000587967	0.0605803
102	0.017458	0.00421604	0.00790889	0.0368473	0.00350245	0.0100597	0.0107902	0.0145331	0.480764	0.0135999	0.0120177	0.0198604	0.0180256	0.0478632	0.225151	0.0401685	0.0202857	0.0121577	0.000649948	0.00414086
103	0.238518	0.0505431	0.0114747	0.0369835	0.00362281	0.0984469	0.0100749	0.00573564	0.0533835	0.0330297	0.00677564	0.0451991	0.0176193	0.0222915	0.0227935	0.247292	0.0474448	0.0352748	0.00226487	0.0112313
104	0.0100822	0.0338755	0.010289	0.00545772	0.00411864	0.00644212	0.00579767	0.00489286	0.00868275	0.0113169	0.0037307	0.155872	0.00422991	0.00574464	0.019868	0.404922	0.293401	0.00613479	0.00144354	0.00369848
105	0.141921	0.0806617	0.0115702	0.0204151	0.0160402	0.0437839	0.0165282	0.0349043	0.0312002	0.0902039	0.0195169	0.0304904	0.0511755	0.0222707	0.0216652	0.171574	0.112231	0.0605836	0.00180176	0.0214621
106	0.0515313	0.042555	0.0840242	0.0623055	0.0044991	0.0760237	0.0340294	0.0028913	0.0237398	0.0160819	0.00257002	0.218546	0.0219701	0.0121346	0.00781528	0.262233	0.0608882	0.00645911	0.00127392	0.00842957
107	0.0695802	0.0173195	0.0285144	0.0435894	0.0175017	0.0257437	0.0631647	0.0141968	0.116938	0.0463015	0.0211589	0.0441511	0.207798	0.0462711	0.0704901	0.0805124	0.0520723	0.0156768	0.00247504	0.0165436
108	0.0586396	0.0284247	0.0515233	0.0836937	0.00669351	0.00624063	0.0227269	0.0501753	0.0785246	0.03346	0.0147792	0.0326442	0.00364402	0.0756967	0.0339553	0.0142367	0.120749	0.278498	0.00103652	0.00465769
109	0.0197027	0.0225503	0.0135025	0.0103386	0.290408	0.0376058	0.0111673	0.0140098	0.0125556	0.0628533	0.008463	0.0164385	0.0400298	0.0137181	0.0281294	0.022742	0.0240364	0.0356448	0.300013	0.0160917
110	0.0454429	0.0307059	0.0571826	0.021008	0.00902453	0.0764987	0.0957485	0.0115543	0.0806472	0.0182485	0.00614922	0.223327	0.0167708	0.0512379	0.0562529	0.132457	0.0428847	0.0131623	0.00195299	0.00974451
111	0.0829108	0.00650876	0.0816256	0.211989	0.016331	0.0226291	0.0249628	0.0284025	0.0809408	0.0354808	0.0355698	0.0427728	0.0421705	0.0734352	0.0792408	0.0590404	0.0353996	0.0309524	0.00148058	0.00815687
112	0.0548847	0.0489453	0.0206857	0.016352	0.00631943	0.00776235	0.00551825	0.0124837	0.0796098	0.0135598	0.00931217	0.0342455	0.00931201	0.0236954	0.006146	0.233686	0.368182	0.0445727	0.00116588	0.00356054
113	0.0197603	0.0409662	0.0128931	0.00290528	0.202335	0.00665873	0.00481919	0.189965	0.00442814	0.179499	0.056393	0.0198689	0.0274094	0.0337435	0.00979784	0.0108588	0.0249207	0.103851	0.00205269	0.0468734
114	0.0173893	0.00782607	0.0251291	0.0615674	0.0397706	0.0238859	0.0247125	0.0949801	0.0755419	0.0361815	0.00807357	0.0700877	0.00639124	0.030984	0.0508279	0.0615296	0.198722	0.127677	0.00172971	0.0369932
115	0.019519	0.0433444	0.00753224	0.00247998	0.207794	0.00523012	0.00382552	0.202461	0.00305837	0.137884	0.0618187	0.0184563	0.0246912	0.0251648	0.00971885	0.00730642	0.0284783	0.131021	0.00165369	0.0585633
116	0.011195	0.00778665	0.351956	0.199189	0.00370388	0.0483017	0.0232001	0.00277381	0.0426685	0.0292443	0.0173585	0.115341	0.0261519	0.0196926	0.0287242	0.0411912	0.0245501	0.0024522	0.000387569	0.00413184
117	0.0223542	0.0107272	0.0190133	0.0227033	0.0157646	0.0170012	0.024886	0.0363832	0.281691	0.0537468	0.0155281	0.0320356	0.0144523	0.0494157	0.289504	0.0341486	0.0419953	0.0153573	0.000536618	0.00275559
118	0.0416305	0.0116221	0.0163003	0.0173912	0.0632119	0.0192437	0.0278565	0.0337953	0.0692243	0.0872985	0.0243893	0.0695539	0.0774574	0.0379586	0.135295	0.0973361	0.119084	0.0291532	0.00447692	0.0177212
119	0.0174835	0.0229357	0.00155227	0.00125979	0.0311596	0.00847687	0.00358473	0.227393	0.00832711	0.431413	0.0675006	0.00293639	0.00651025	0.00573326	0.00559719	0.00873058	0.0135549	0.12131	0.000205625	0.0143358
120	0.0846317	0.0362307	0.010714	0.0130986	0.0118671	0.061646	0.0128991	0.00876986	0.0223584	0.160952	0.0104142	0.0434582	0.0792519	0.0193636	0.0150303	0.221289	0.0807003	0.0241145	0.0018858	0.0813245
121	0.0386029	0.010332	0.224952	0.223742	0.0107708	0.0394528	0.0236919	0.0123939	0.0490696	0.0273561	0.0145437	0.0716837	0.0255744	0.05539	0.0352969	0.0791875	0.0380036	0.0130615	0.00180503	0.00508885
122	0.0443604	0.0626896	0.0869066	0.0589861	0.0388378	0.0966245	0.0240324	0.0121795	0.0344831	0.0274719	0.0105351	0.119391	0.0194673	0.0225331	0.0229257	0.11117	0.0704614	0.0185306	0.105457	0.0129575
123	0.0617986	0.022563	0.143988	0.0878624	0.0137324	0.0470994	0.0259331	0.0119906	0.0356876	0.0613893	0.01343	0.0822318	0.0325157	0.0252183	0.0263765	0.208012	0.0673669	0.0179335	0.00267924	0.0121909
124	0.0222141	0.0144907	0.0108314	0.0120305	0.0131005	0.0190465	0.0276086	0.0296374	0.241224	0.0616559	0.0103402	0.023752	0.00889681	0.0353335	0.401639	0.0257268	0.029338	0.00943874	0.000932361	0.00276332
125	0.242975	0.0164361	0.0050623	0.00641614	0.023257	0.0469594	0.0124641	0.0410038	0.0232477	0.0707619	0.0122942	0.0176219	0.042263	0.0128661	0.00843192	0.102317	0.189906	0.096017	0.00122288	0.0284766
126	0.0735564	0.0179414	0.0102011	0.0106733	0.00906633	0.0512804	0.0103301	0.011321	0.0879894	0.0272573	0.00982862	0.0289457	0.0491022	0.018551	0.0111825	0.296439	0.237522	0.0245214	0.00190739	0.0123841
127	0.051843	0.00726055	0.00960541	0.0435125	0.00606028	0.0960909	0.0453358	0.00701186	0.103309	0.0135936	0.00554546	0.0320952	0.00932521	0.0181106	0.290865	0.191088	0.0492748	0.0115268	0.00175962	0.00678673
128	0.0373822	0.0470027	0.0753631	0.0334711	0.0040446	0.101435	0.0395201	0.00402711	0.0285418	0.0142922	0.0031612	0.265078	0.0295495	0.00862795	0.00813995	0.234513	0.0484177	0.00702609	0.00150884	0.00889774
129	0.0129677	0.0113217	0.345963	0.184365	0.00449996	0.0504281	0.0256627	0.00384099	0.0431654	0.0322161	0.0196422	0.116364	0.0246036	0.0187797	0.027622	0.042976	0.0259263	0.0043051	0.000746161	0.00460421
130	0.0259261	0.0446575	0.00617161	0.00274482	0.175095	0.00530958	0.0038918	0.212679	0.00558676	0.131708	0.0686942	0.0138165	0.021712	0.0207887	0.0111051	0.00937224	0.0325788	0.147095	0.0013212	0.059746
131	0.116567	0.0347153	0.0113594	0.0125149	0.017249	0.00830775	0.0155981	0.117029	0.0819886	0.0762429	0.0730909	0.0179636	0.0109143	0.0248528	0.0961939	0.0523912	0.071529	0.154009	0.00129771	0.00618636
132	0.110715	0.00759157	0.0242909	0.027763	0.00566048	0.535464	0.00965252	0.00366004	0.0403492	0.0386273	0.00414489	0.0204661	0.00970334	0.0126546	0.00987876	0.0882515	0.0258927	0.0167992	0.000873497	0.00756187
133	0.31236	0.0578191	0.00491602	0.0204675	0.00358514	0.0690128	0.0114904	0.00324949	0.0146749	0.0119789	0.00239292	0.0267309	0.0214458	0.0199527	0.0293654	0.294507	0.0373911	0.0433115	0.00271843	0.0126297
134	0.00967747	0.0065451	0.00844152	0.00258334	0.0552983	0.00362042	0.0033533	0.0323778	0.0114452	0.517075	0.249557	0.0107053	0.0063477	0.00757512	0.0130897	0.0165303	0.0125007	0.0185302	0.000604856	0.0141416
135	0.0866491	0.0214569	0.0357686	0.0435086	0.0178217	0.089903	0.0857978	0.0130007	0.0549086	0.0330734	0.0110236	0.0785712	0.0323257	0.0692092	0.0546619	0.173237	0.0508177	0.0220727	0.00483834	0.0213545
136	0.0145198	0.0127264	0.00648317	0.00255173	0.0949061	0.0048471	0.00392223	0.0733677	0.0116158	0.456071	0.185011	0.0108241	0.0110255	0.011496	0.0109126	0.0182589	0.0144595	0.0393969	0.00072826	0.016876
137	0.0850377	0.0213703	0.0555975	0.0642527	0.00572784	0.250242	0.0168497	0.00509963	0.0442044	0.0264239	0.00534353	0.100645	0.0127892	0.0176429	0.0150266	0.194285	0.0523049	0.0199923	0.00153737	0.00562751
138	0.0270767	0.0217777	0.00325733	0.00325324	0.0264193	0.00530292	0.00445779	0.348008	0.00311718	0.0788217	0.0369992	0.0100015	0.0251619	0.00945421	0.00618541	0.0241657	0.0502637	0.307935	0.000275505	0.00806602
139	0.00765892	0.00155834	0.00397369	0.00145394	0.482043	0.00500915	0.00993276	0.0104152	0.00344408	0.0205476	0.00471247	0.0022325	0.00143381	0.00470864	0.00177577	0.0157608	0.0068412	0.0159201	0.00639337	0.394185
140	0.0208135	0.00951633	0.02223	0.0293068	0.00920389	0.0137444	0.0197402	0.0210119	0.367731	0.0376457	0.0122652	0.0260869	0.0146547	0.0404978	0.268455	0.0372004	0.0332105	0.0124835	0.000736169	0.0034656
141	0.0109518	0.0115546	0.00537013	0.00182539	0.0452312	0.00415376	0.00274907	0.0735439	0.0108448	0.544222	0.181259	0.0073402	0.00590511	0.00745694	0.0130011	0.0121326	0.0115598	0.0395143	0.000405036	0.0109793
142	0.0449231	0.0257161	0.00754002	0.00825405	0.0393892	0.0165957	0.00998963	0.148454	0.0190052	0.242339	0.0546645	0.0156368	0.0657541	0.0162841	0.0137261	0.0568656	0.0560692	0.138823	0.00253552	0.0174351
143	0.0405901	0.0428532	0.061772	0.0185248	0.00269017	0.116614	0.0361386	0.0031721	0.0327955	0.018355	0.00320376	0.261255	0.0419632	0.00587566	0.00568657	0.242787	0.0482752	0.0051895	0.00101847	0.0112403
144	0.114837	0.0258698	0.0806029	0.235845	0.0138639	0.0372488	0.0153551	0.0209004	0.0440366	0.0250799	0.00975856	0.0344965	0.0198841	0.0944996	0.0252299	0.119128	0.0515375	0.0232125	0.00308491	0.0055293
145	0.0367251	0.0031281	0.226493	0.410481	0.018806	0.0177301	0.00834107	0.0410558	0.014548	0.0264498	0.0123236	0.0273595	0.0196222	0.0423383	0.0379067	0.0138822	0.0109668	0.0225182	0.000416477	0.0089077
146	0.0832332	0.00510175	0.0613831	0.153657	0.0171324	0.018413	0.0237064	0.0385065	0.107911	0.0325841	0.0317745	0.0419166	0.0497891	0.106847	0.0759727	0.0598203	0.0416488	0.0449845	0.000590526	0.00502717
147	0.0982879	0.00398618	0.0269627	0.024911	0.00504095	0.633442	0.00942102	0.00221117	0.0295134	0.0320913	0.00142967	0.0105386	0.00637384	0.00801522	0.00427685	0.0664229	0.0196444	0.0124707	0.000648672	0.00431216
148	0.0664258	0.00446286	0.0848728	0.347403	0.012508	0.0167203	0.0292726	0.0282523	0.0535332	0.0255226	0.0165467	0.0265349	0.0320149	0.0920127	0.0500313	0.0437059	0.0268777	0.0388412	0.000541336	0.00391927
149	0.0695621	0.00548887	0.00834994	0.0221135	0.132828	0.0448384	0.0527527	0.00887846	0.0417407	0.0319199	0.00646472	0.071422	0.00727481	0.017875	0.0511726	0.0234171	0.0406066	0.033059	0.0151418	0.315094
150	0.049685	0.00609223	0.012438	0.0336274	0.0870449	0.049074	0.0977774	0.00767904	0.0491944	0.0491409	0.0100054	0.0680318	0.00753365	0.0405176	0.0809766	0.0300486	0.0278881	0.0164198	0.0376522	0.239173
151	0.0304358	0.0442317	0.0661892	0.0206879	0.00284806	0.110302	0.0419751	0.00309279	0.0314574	0.0127451	0.00257862	0.290409	0.0375463	0.00662647	0.00693146	0.232918	0.0436085	0.00405737	0.00110246	0.0102568
152	0.0174363	0.015809	0.00247048	0.00161529	0.0101849	0.00501924	0.00413363	0.451036	0.00107194	0.0761175	0.0246187	0.00359987	0.0120723	0.00276087	0.00182247	0.0160562	0.024911	0.328222	0.000174602	0.00086773
153	0.0923652	0.0125569	0.0318155	0.0625365	0.0132359	0.0233699	0.0454405	0.0117182	0.0735038	0.0429007	0.0329972	0.0540105	0.234454	0.0474754	0.0566978	0.0761232	0.0568339	0.0150084	0.00105906	0.015897
154	0.0636842	0.0149332	0.0823396	0.0397678	0.0128112	0.079905	0.0395826	0.0279946	0.109312	0.0476016	0.0114755	0.11571	0.00922174	0.0474004	0.088093	0.104541	0.0652848	0.0332297	0.00143742	0.00567538
155	0.0204467	0.00632115	0.0150631	0.0168541	0.0395209	0.0182559	0.0365506	0.0674409	0.17402	0.0843442	0.0349702	0.0306704	0.0284864	0.0691298	0.225186	0.0399379	0.0644844	0.0251711	0.000954109	0.0021917
156	0.0214114	0.0443129	0.00552932	0.00206253	0.135452	0.00541933	0.00276335	0.242417	0.00283901	0.131001	0.0743734	0.0117217	0.022272	0.0176892	0.010997	0.00826264	0.0341042	0.16901	0.000513018	0.0578488
157	0.0373632	0.00393893	0.00420588	0.0307053	0.00429831	0.0868881	0.0556826	0.00710935	0.131694	0.0100087	0.00484395	0.030406	0.00590166	0.0173445	0.334079	0.172359	0.0482936	0.00869265	0.00152542	0.00465981
158	0.042842	0.0145185	0.00393292	0.00370322	0.0284365	0.00876788	0.00847473	0.130447	0.0242354	0.409313	0.0813598	0.00988403	0.040065	0.0082768	0.0076655	0.0403609	0.0223919	0.108296	0.000674014	0.0063555
159	0.0796156	0.0229664	0.0994222	0.130632	0.00786824	0.0245858	0.0202521	0.00298834	0.0138827	0.0246087	0.00228218	0.0904487	0.00310024	0.0204715	0.00704714	0.322098	0.111121	0.00740849	0.00161704	0.00758335
160	0.0198151	0.0104737	0.32295	0.174225	0.00482055	0.0483343	0.0226376	0.00520676	0.0437965	0.0341172	0.0163571	0.111829	0.022916	0.0216378	0.0314613	0.0666663	0.0321465	0.00554106	0.000768566	0.00429954
161	0.0525757	0.0176567	0.0138272	0.0127567	0.108084	0.0167526	0.0180114	0.0502587	0.0342477	0.191513	0.0694437	0.0363083	0.0387956	0.0257751	0.0249503	0.104644	0.097178	0.0543146	0.00733065	0.0255752
162	0.0180856	0.0139453	0.00609742	0.0269524	0.0307044	0.00758791	0.0721308	0.0429573	0.0359596	0.0297264	0.00407288	0.430383	0.00974346	0.00745611	0.036535	0.127216	0.0702906	0.0144018	0.000996318	0.0147577
163	0.0221382	0.0172667	0.00747253	0.00321275	0.144125	0.00552157	0.00660431	0.0857924	0.0132309	0.352184	0.137107	0.0158484	0.0284906	0.0184644	0.0110349	0.0284483	0.02158	0.0551159	0.00265766	0.0237043
164	0.016301	0.0220656	0.00130048	0.00117365	0.0184151	0.00868654	0.00420294	0.210356	0.0095789	0.497952	0.0714656	0.0024394	0.00472815	0.00561075	0.00518603	0.0090811	0.0115252	0.0939013	0.000250874	0.00578033
165	0.100004	0.0190658	0.00564554	0.011959	0.0490318	0.00833012	0.030964	0.0380974	0.137772	0.0936584	0.113019	0.0147947	0.0148032	0.0546926	0.0134915	0.0968876	0.103589	0.0842956	0.00145371	0.00844535
166	0.0411682	0.0358957	0.00497261	0.00644074	0.0235115	0.0142239	0.00690841	0.204914	0.00743803	0.0808993	0.026405	0.0137512	0.0828544	0.022583	0.00940196	0.0716113	0.115198	0.223241	0.000761397	0.00782036
167	0.0261041	0.0295143	0.00356296	0.00466038	0.0241346	0.0112565	0.00688543	0.17468	0.0277716	0.436753	0.0718213	0.00761083	0.007863	0.0112287	0.0169173	0.0171383	0.0218838	0.0915412	0.00109107	0.00758074
168	0.0567179	0.0158189	0.0642121	0.042919	0.00991568	0.366229	0.0218672	0.00485536	0.0288148	0.0276086	0.00456059	0.0833197	0.0443214	0.0138353	0.0114622	0.127356	0.052686	0.0127609	0.00256261	0.00817646
169	0.0725189	0.0127544	0.0164549	0.0361614	0.0156905	0.036941	0.0279664	0.0196079	0.239352	0.029638	0.0156764	0.0360072	0.0186715	0.0360032	0.146456	0.107337	0.0711653	0.0203942	0.0238452	0.0173594
170	0.0878142	0.0105457	0.0329989	0.0303728	0.0161154	0.409938	0.053073	0.0123017	0.0334757	0.054301	0.00824046	0.0306185	0.0258043	0.0216466	0.0218119	0.0681705	0.0360786	0.020806	0.00567651	0.0202103
171	0.117716	0.0251595	0.0319601	0.072448	0.0087528	0.12333	0.0179495	0.0160908	0.045256	0.063812	0.0141259	0.0529238	0.0231086	0.0284729	0.027713	0.201093	0.0598443	0.0558456	0.00179063	0.0126086
172	0.0187715	0.0296794	0.00684971	0.00277604	0.245608	0.00598069	0.00595267	0.157134	0.00506106	0.11787	0.0509664	0.0148039	0.0162164	0.0164845	0.0106114	0.0135457	0.0282736	0.119066	0.00491636	0.129433
173	0.0623477	0.00471346	0.0974932	0.149509	0.00883886	0.392029	0.0133198	0.0139715	0.0280302	0.0369	0.0076666	0.0239558	0.0145522	0.0222649	0.0173053	0.0526535	0.0244239	0.0243369	0.000638376	0.00505006
174	0.0489894	0.0130537	0.025132	0.044696	0.0176001	0.0218467	0.0546203	0.0162138	0.222353	0.0370528	0.0180701	0.0439615	0.121395	0.0499079	0.115279	0.0683239	0.0439075	0.0187388	0.00272712	0.0161311
175	0.278047	0.0317687	0.0155898	0.0232928	0.00479275	0.224607	0.0176479	0.00927273	0.0309287	0.0274034	0.00535798	0.0502608	0.0108485	0.0139886	0.0162232	0.143126	0.042673	0.0426646	0.00202392	0.00948282
176	0.0219438	0.00152108	0.164059	0.585639	0.00688722	0.0109472	0.0113909	0.0251303	0.0067686	0.0172697	0.00516666	0.0125617	0.00826971	0.0457962	0.0337108	0.016521	0.0123189	0.0105362	0.000363117	0.00319981
177	0.0230462	0.00694437	0.0140253	0.0259705	0.0404366	0.0129682	0.0514863	0.0465356	0.196696	0.0910394	0.0424557	0.0252531	0.0211565	0.0704721	0.216204	0.0352977	0.0557661	0.020236	0.00102126	0.00298862
178	0.0196869	0.00332101	0.00754751	0.0376115	0.00410525	0.00948016	0.0118806	0.012873	0.490651	0.0125453	0.011425	0.0196483	0.0225045	0.0497459	0.210019	0.0406056	0.0197314	0.0113676	0.000863715	0.00438685
179	0.0631588	0.00987307	0.0456839	0.0498029	0.0230995	0.358891	0.0458803	0.00755311	0.0243011	0.0429074	0.00922594	0.0490654	0.0433562	0.0168822	0.0115859	0.0955663	0.0762855	0.0163316	0.00211412	0.00843614
180	0.0669681	0.0345966	0.0140121	0.00994917	0.00452367	0.011244	0.00466419	0.0166799	0.0769951	0.0100229	0.0137206	0.0206102	0.011089	0.0139823	0.00593637	0.293037	0.362719	0.0248273	0.00138462	0.00303778
181	0.0106879	0.00731894	0.356526	0.199191	0.00349937	0.0476313	0.023507	0.00276426	0.04318	0.0296141	0.0175124	0.114055	0.0262583	0.0194022	0.0286345	0.0392507	0.024172	0.00225234	0.000319456	0.00422362
182	0.0225698	0.00164373	0.184898	0.545093	0.00895493	0.011531	0.0106464	0.0288318	0.00854472	0.0186074	0.00660324	0.0164601	0.0102268	0.0433501	0.0377882	0.0155178	0.012346	0.0118836	0.000354075	0.00414902
183	0.0217086	0.0389475	0.00596368	0.00217005	0.134746	0.00611426	0.00393778	0.226387	0.00378701	0.157724	0.0668054	0.0154938	0.0200774	0.0174966	0.0113303	0.00989252	0.0373568	0.159182	0.00131181	0.0595675
184	0.00765892	0.00155834	0.00397369	0.00145394	0.482043	0.00500915	0.00993276	0.0104152	0.00344408	0.0205476	0.00471247	0.0022325	0.00143381	0.00470864	0.00177577	0.0157608	0.0068412	0.0159201	0.00639337	0.394185
185	0.215257	0.0404004	0.0118569	0.0243412	0.0104586	0.0467701	0.015028	0.0404923	0.0411985	0.0347167	0.0155053	0.0373348	0.0231039	0.0251477	0.057505	0.184926	0.0609134	0.100056	0.00216746	0.012821
186	0.0171549	0.0160522	0.00246907	0.00131066	0.00953435	0.00509759	0.00414423	0.46718	0.00100824	0.0772998	0.0243106	0.00280698	0.00889233	0.00203651	0.00175453	0.0144086	0.0195806	0.323932	0.000174805	0.000852539
187	0.0614455	0.0158019	0.0247398	0.0356696	0.0207436	0.0336611	0.0252538	0.0255418	0.20152	0.0762575	0.0299295	0.0405986	0.0337892	0.0383333	0.117735	0.110125	0.0644007	0.033155	0.00199119	0.00930805
188	0.024307	0.0171173	0.0024144	0.0017308	0.0114091	0.00455852	0.0039239	0.41755	0.00306116	0.073872	0.0284194	0.00406393	0.010431	0.00285699	0.00535542	0.0182315	0.0258208	0.343219	0.000212763	0.00144478
189	0.0915531	0.0237994	0.0222015	0.0221458	0.0170348	0.0970328	0.0190982	0.0197855	0.028977	0.12678	0.0203999	0.0436821	0.118483	0.0280026	0.0239207	0.162663	0.0686518	0.031856	0.00189486	0.0320383
190	0.0325079	0.00696157	0.0126219	0.032805	0.00873163	0.0273861	0.056254	0.0145682	0.311005	0.0229404	0.0115192	0.0374265	0.0169116	0.0440878	0.233366	0.0762542	0.0339251	0.0117815	0.00195152	0.00699502
191	0.0636617	0.0483307	0.0259971	0.0330758	0.0120863	0.0298232	0.0238415	0.0269388	0.228723	0.0455969	0.0156875	0.0414794	0.0293608	0.0346379	0.157608	0.0854447	0.0548929	0.0291113	0.00413371	0.00956897
192	0.0263026	0.00609495	0.290112	0.243161	0.00827463	0.0392102	0.0205486	0.0129499	0.0403932	0.0290102	0.0161045	0.0819205	0.0386028	0.034749	0.0345679	0.0385689	0.0232067	0.0100161	0.000531994	0.00567427
193	0.0486222	0.0239305	0.00287767	0.00324194	0.0144144	0.00521418	0.00580242	0.316962	0.00787127	0.0709788	0.0273344	0.00648346	0.0191083	0.00556751	0.0140428	0.0324663	0.045268	0.346587	0.000341873	0.00288571
194	0.0170848	0.0165065	0.00252704	0.00133858	0.0114748	0.00512408	0.00407306	0.458685	0.00115167	0.086595	0.026731	0.00301746	0.00957649	0.00234918	0.00188617	0.0144052	0.0200967	0.315313	0.00016713	0.00189741
195	0.0209058	0.026059	0.00305883	0.00152743	0.0677741	0.0061917	0.0032554	0.319949	0.00305662	0.173746	0.0461481	0.00616054	0.0120208	0.00773633	0.00536899	0.00972059	0.0261466	0.234097	0.000244534	0.0268327
