288	20
1	0.0766375	0.00759371	0.000330244	0.000421168	0.123578	0.00526034	0.00468707	0.135866	0.000451472	0.341525	0.0256429	0.000590909	0.0198932	0.000418132	0.00392055	0.0448588	0.0500618	0.149662	0.000434281	0.00816606
2	0.0765304	0.00760226	0.000328839	0.000418887	0.123856	0.00519774	0.00467639	0.135667	0.000452615	0.341385	0.0256565	0.000593891	0.01997	0.000406315	0.00390046	0.0447954	0.0500652	0.149878	0.000433991	0.00818426
3	0.101016	0.07471	0.00257646	0.00350302	0.181433	0.0448522	0.00343179	0.040478	0.00756698	0.118679	0.022691	0.00811025	0.00332637	0.0026934	0.00524721	0.284616	0.0578704	0.0325735	0.00232291	0.00230151
4	0.0765304	0.00760226	0.000328839	0.000418887	0.123856	0.00519774	0.00467639	0.135667	0.000452615	0.341385	0.0256565	0.000593891	0.01997	0.000406315	0.00390046	0.0447954	0.0500652	0.149878	0.000433991	0.00818426
5	0.0765304	0.00760226	0.000328839	0.000418887	0.123856	0.00519774	0.00467639	0.135667	0.000452615	0.341385	0.0256565	0.000593891	0.01997	0.000406315	0.00390046	0.0447954	0.0500652	0.149878	0.000433991	0.00818426
6	0.0332868	0.00341928	0.000349789	0.000441519	0.104796	0.00242965	0.00239269	0.137791	0.00051666	0.509169	0.0249643	0.000587952	0.0110083	0.000435442	0.00205078	0.0259198	0.0333358	0.10238	0.000584695	0.00414043
7	0.00125926	0.000173792	0.000366852	0.000501277	0.0820376	0.000595299	0.000698509	0.137209	0.000591227	0.663391	0.0222411	0.000630209	0.00174801	0.000503675	0.000747337	0.00567312	0.0171275	0.0630574	0.000681511	0.000766313
8	0.0765304	0.00760226	0.000328839	0.000418887	0.123856	0.00519774	0.00467639	0.135667	0.000452615	0.341385	0.0256565	0.000593891	0.01997	0.000406315	0.00390046	0.0447954	0.0500652	0.149878	0.000433991	0.00818426
9	0.0765304	0.00760226	0.000328839	0.000418887	0.123856	0.00519774	0.00467639	0.135667	0.000452615	0.341385	0.0256565	0.000593891	0.01997	0.000406315	0.00390046	0.0447954	0.0500652	0.149878	0.000433991	0.00818426
10	0.0733625	0.000939124	0.00228875	0.00380825	0.00508193	0.00340592	0.0052302	0.0546016	0.0062262	0.156678	0.00292258	0.00351154	0.547094	0.00466751	0.0130081	0.0352124	0.0100353	0.0677883	0.00144687	0.00269119
11	0.0978582	0.000293193	0.000692478	0.0050456	0.0114515	0.00125989	0.0117325	0.00710994	0.0158447	0.0679088	0.000893871	0.00120049	0.60084	0.0114339	0.0400399	0.0731491	0.0251825	0.0236559	0.000396134	0.00401176
12	0.13548	0.0185477	0.00156614	0.00209008	0.00202607	0.0402545	0.00305755	0.00395494	0.266687	0.00467144	0.0194964	0.0325269	0.0109467	0.0273037	0.175155	0.147168	0.0667774	0.0398213	0.00105774	0.00141054
13	0.00129555	0.000186642	0.000378585	0.000556811	0.0849377	0.000617399	0.000736228	0.137256	0.000596103	0.660886	0.0221596	0.000639931	0.00176143	0.000516896	0.00081497	0.00566378	0.0170476	0.0625072	0.000680283	0.000762032
14	0.275229	0.00560357	0.00206752	0.00203002	0.00183887	0.479475	0.00810994	0.00224789	0.0136169	0.0126502	0.00176333	0.0140646	0.00122707	0.00146877	0.0260085	0.0976915	0.0147107	0.0379149	0.00106807	0.00121348
15	0.0032435	0.000853757	0.0011979	0.00121062	0.249839	0.00141275	0.0407478	0.00171612	0.0015746	0.00914848	0.00148671	0.00187421	0.00108523	0.00125868	0.00191378	0.00361174	0.0028018	0.00225317	0.0070751	0.665695
16	0.00979364	0.00118343	0.00136761	0.00175239	0.105354	0.00228146	0.0208304	0.0828521	0.00188038	0.415775	0.0864594	0.00247578	0.0031824	0.0440409	0.00357107	0.0324289	0.0244848	0.0979487	0.0327094	0.0296282
17	0.00619585	0.000235811	0.000495358	0.000626906	0.00108094	0.000728404	0.000873683	0.723149	0.00078413	0.0676439	0.0104904	0.00441353	0.000552311	0.000726991	0.00100991	0.00169691	0.00583904	0.172495	0.000416424	0.000545512
18	0.101239	0.0219799	0.00828145	0.0333417	0.0382444	0.0132035	0.00575462	0.00760245	0.0102158	0.040803	0.00742521	0.0160934	0.00684165	0.00828954	0.0130729	0.40907	0.221612	0.00891279	0.0253615	0.00265606
19	0.273283	0.00559956	0.00218875	0.00312072	0.00268183	0.472538	0.00864936	0.00208207	0.0145805	0.0130987	0.00204565	0.0143151	0.00204274	0.00211765	0.0261882	0.0980661	0.01651	0.038368	0.00112892	0.00139525
20	0.0580587	0.00149349	0.0200394	0.0196345	0.0134778	0.0533416	0.00466205	0.00374415	0.0194544	0.00532465	0.00307368	0.0820786	0.00909727	0.0166223	0.0137911	0.385207	0.276659	0.0100708	0.00258918	0.00158033
21	0.13621	0.0185109	0.00159872	0.00212238	0.00195472	0.040771	0.00300873	0.00377225	0.268617	0.00459073	0.0197708	0.0336338	0.0113217	0.0276091	0.174136	0.144381	0.0654479	0.0401455	0.000947682	0.00144966
22	0.0404922	0.000812136	0.106451	0.0319473	0.00279663	0.12149	0.0249013	0.0128966	0.0709067	0.0264197	0.00410325	0.27507	0.00988196	0.0401818	0.0922987	0.0971918	0.0189577	0.00494983	0.000875911	0.0173747
23	0.0265823	0.000357589	0.520918	0.202777	0.00129318	0.0264989	0.0246914	0.0012699	0.0227608	0.00542888	0.00431312	0.0607661	0.00523979	0.0320629	0.0175407	0.0273615	0.00787034	0.00604919	0.0014458	0.00477257
24	0.25616	0.00840992	0.00131042	0.00135017	0.00335632	0.460426	0.00757782	0.00232718	0.0176029	0.0191592	0.00185733	0.0154288	0.00121385	0.00148609	0.0263185	0.101321	0.0206823	0.051603	0.0013198	0.0010892
25	0.116886	0.013253	0.00399185	0.00722669	0.00204568	0.0334157	0.00801065	0.00682298	0.26738	0.00793725	0.0223943	0.0311353	0.0109193	0.0461283	0.204009	0.130369	0.0567026	0.0290033	0.00097208	0.00139598
26	0.0308872	0.00033436	0.000475983	0.000703462	0.0121545	0.00203821	0.000689748	0.284732	0.00308776	0.260413	0.063823	0.000771977	0.00756444	0.0005976	0.00612913	0.00188701	0.02244	0.300293	0.000540223	0.000437254
27	0.0585995	0.00203279	0.00159503	0.0119765	0.0496239	0.0208395	0.0494871	0.00563517	0.0903853	0.157804	0.0366985	0.00396963	0.00171258	0.0889652	0.287803	0.037199	0.0385206	0.0202998	0.0137802	0.0230719
28	0.0100377	0.0040948	0.00348095	0.00603189	0.0024753	0.0155727	0.0448299	0.00637799	0.0776193	0.00770446	0.00373409	0.00902418	0.00511995	0.0169373	0.754808	0.0108324	0.0117299	0.00448245	0.00319037	0.0019169
29	0.190574	0.0174051	0.00235931	0.00251429	0.0133703	0.00336744	0.00325055	0.0322875	0.00316389	0.172274	0.0572065	0.00294541	0.00408449	0.00237006	0.013327	0.0586838	0.102785	0.314065	0.00141274	0.00255368
30	0.0123974	0.00054399	0.000576162	0.00082599	0.0395596	0.0011465	0.00152215	0.0884181	0.00098396	0.663128	0.0815883	0.000883881	0.00200441	0.00204834	0.00343714	0.00721039	0.0140072	0.0765625	0.00145402	0.00170172
31	0.0588042	0.00210179	0.00178471	0.0135175	0.0465706	0.0236756	0.0534056	0.00499342	0.0935139	0.161632	0.0332695	0.00496583	0.00171357	0.0936328	0.278418	0.040119	0.0367203	0.0151028	0.0115232	0.0245365
32	0.683167	0.000359656	0.000722871	0.00445878	0.0010082	0.0207108	0.00130929	0.00153344	0.00087768	0.00186777	0.00101887	0.00217234	0.00668956	0.000975012	0.00129018	0.214479	0.027112	0.0256977	0.00387314	0.000676402
33	0.0339384	0.000575091	0.000434881	0.00119918	0.012289	0.00240416	0.000722228	0.273957	0.00293617	0.245367	0.0582941	0.00109515	0.0069853	0.000588422	0.00568283	0.00244465	0.0239719	0.3258	0.000458105	0.000856364
34	0.00477051	0.000946518	0.013895	0.00704101	0.191701	0.00246218	0.137895	0.00272646	0.00257374	0.0143272	0.00200758	0.00838555	0.00164726	0.00647107	0.00716747	0.00504166	0.00406773	0.00459451	0.00606793	0.576211
35	0.00894753	0.00113973	0.0503757	0.0270273	0.0113606	0.0101489	0.585103	0.00338393	0.00760948	0.0281529	0.00372634	0.0288975	0.0047255	0.0602189	0.0359072	0.0113114	0.00797262	0.0110687	0.00137085	0.101552
36	0.0948154	0.000394012	0.00389921	0.00892033	0.0111607	0.0038992	0.0127114	0.00692442	0.0241104	0.0636399	0.00195521	0.00577625	0.562335	0.0148647	0.0506761	0.0795963	0.0273767	0.0220656	0.000512467	0.00436614
37	0.0782497	0.00140152	0.00254048	0.00299926	0.00353434	0.0384615	0.0499874	0.00415813	0.00329599	0.0652738	0.00398421	0.0210949	0.00267438	0.00315512	0.573291	0.0241755	0.00752153	0.0225917	0.089221	0.00238828
38	0.0236631	0.00134778	0.0591915	0.024301	0.00680394	0.0280341	0.0721328	0.00974136	0.0268067	0.0177844	0.0070717	0.508225	0.00744707	0.0180828	0.0323039	0.0937299	0.0321721	0.0099246	0.00365704	0.0175789
39	0.011091	0.0207664	0.00262213	0.0199344	0.0783472	0.0055307	0.119303	0.00378613	0.00938368	0.0859892	0.00581325	0.00404302	0.00302658	0.164528	0.210339	0.0599689	0.055133	0.0225131	0.00289324	0.114988
40	0.00671893	0.00125752	0.00481081	0.00289404	0.226302	0.00260186	0.0526992	0.00322514	0.00284931	0.0133601	0.00226667	0.00581803	0.00248009	0.0026493	0.0044663	0.00751411	0.00595077	0.00492928	0.00714255	0.640064
41	0.036238	0.000567517	0.000463556	0.00127719	0.0104505	0.00248744	0.000684005	0.271865	0.00294919	0.235674	0.057969	0.0010914	0.00649398	0.000583492	0.00546738	0.00226903	0.0212417	0.340799	0.000424291	0.00100468
42	0.00318549	0.000250885	0.000355781	0.00049358	0.0738558	0.000701485	0.000736059	0.138272	0.000656886	0.652045	0.0265098	0.000617773	0.0020316	0.000487377	0.00104044	0.00556556	0.0170875	0.0747458	0.000625645	0.000735035
43	0.0189795	0.00281435	0.0205622	0.0190228	0.0114895	0.0409089	0.422703	0.00813129	0.0196541	0.0607587	0.0117917	0.018083	0.00840355	0.197882	0.044704	0.0211889	0.0181741	0.0137196	0.00477524	0.0362528
44	0.0141555	0.000321204	0.000686821	0.000774642	0.0125817	0.0011443	0.0011255	0.0336611	0.00097041	0.715055	0.135931	0.00111063	0.000588262	0.000766873	0.00527602	0.00678557	0.0112714	0.0564922	0.000534725	0.000767311
45	0.0152516	0.000320889	0.556425	0.0933865	0.00220245	0.0561535	0.023889	0.00150362	0.00810776	0.00238561	0.00136168	0.143604	0.00124785	0.00861279	0.00409577	0.0449409	0.0187503	0.00410977	0.000438553	0.0132125
46	0.0972437	0.00171254	0.00226731	0.0101499	0.0461145	0.0277286	0.0374415	0.00379013	0.0612369	0.185268	0.0352073	0.00509512	0.00409004	0.0835836	0.277765	0.0304382	0.038719	0.0140944	0.00918091	0.0288735
47	0.0824534	0.000218475	0.191934	0.265821	0.00483065	0.0502697	0.0211031	0.00795637	0.077183	0.0105016	0.00804536	0.0505443	0.0143823	0.0737949	0.0485091	0.0492759	0.0213471	0.0147871	0.00273574	0.00430641
48	0.69227	0.000264056	0.000536955	0.00399553	0.000751812	0.0212533	0.000836071	0.000947572	0.000685738	0.00147223	0.000811762	0.00154383	0.00636983	0.000720092	0.000958344	0.216256	0.0238243	0.0220605	0.00383496	0.00060798
49	0.10592	0.000760936	0.00233103	0.00187471	0.00268837	0.0521561	0.00503394	0.00222634	0.00237693	0.0171514	0.00215662	0.0226252	0.302121	0.0026284	0.018219	0.378019	0.067786	0.0114183	0.00119709	0.00130912
50	0.126941	0.0001478	0.0783252	0.159113	0.00341884	0.0613426	0.0199199	0.0225126	0.107908	0.0097742	0.00990217	0.0543365	0.00857726	0.0695309	0.0700474	0.114812	0.0415587	0.0351827	0.00254204	0.00410722
51	0.0428448	0.000488956	0.271571	0.338094	0.00273338	0.0343361	0.0222863	0.0020152	0.0454216	0.0122979	0.0146299	0.0513963	0.0125217	0.0611453	0.0357746	0.0227658	0.00987065	0.0126107	0.00279225	0.0044028
52	0.00536764	0.00422868	0.00132001	0.00210567	0.00195853	0.0134479	0.0517461	0.00544536	0.0602058	0.005167	0.00252021	0.00237883	0.00114184	0.0123815	0.813888	0.00463061	0.00558923	0.00328361	0.00199165	0.00120237
53	0.142292	0.000603054	0.0143541	0.0720369	0.0107659	0.0142816	0.0122252	0.0605607	0.0484415	0.166237	0.108826	0.0235549	0.0032632	0.0470043	0.0621029	0.104022	0.032893	0.0454107	0.010502	0.0206226
54	0.0501849	0.000213428	0.24149	0.332386	0.0021318	0.0402083	0.0255251	0.000863532	0.0565169	0.0110915	0.00811091	0.059096	0.0157022	0.0655949	0.0447126	0.023736	0.0088408	0.00593889	0.00296524	0.00469082
55	0.0223516	0.000690244	0.000439547	0.00102486	0.0287267	0.0020829	0.000812639	0.201515	0.00168959	0.406764	0.0651821	0.000941072	0.0043643	0.000547091	0.00368646	0.00463897	0.0212703	0.231804	0.000447994	0.00102074
56	0.467993	0.00186217	0.0139204	0.0466311	0.00260476	0.0254104	0.0321786	0.0188244	0.00789514	0.0282037	0.00448176	0.028637	0.00338714	0.022073	0.0219863	0.120784	0.0692269	0.0810715	0.00108664	0.00174238
57	0.0260934	0.00169118	0.0465883	0.0200555	0.00538855	0.0297131	0.0171278	0.00737407	0.0269526	0.0111105	0.00496049	0.598989	0.00711672	0.0146657	0.0273355	0.105848	0.0315385	0.00960504	0.00175998	0.00608542
58	0.132821	0.00453779	0.00321399	0.00774052	0.0126276	0.0139729	0.0042772	0.104924	0.00528184	0.0992617	0.0494176	0.00625391	0.0117576	0.00462691	0.0071791	0.034156	0.0368286	0.455583	0.00144658	0.0040929
59	0.00854014	0.00135277	0.0623909	0.0465227	0.0849752	0.00468958	0.191901	0.0439204	0.124047	0.0291975	0.0450412	0.0664069	0.00383049	0.0042446	0.0827206	0.011702	0.00831295	0.0286236	0.0492722	0.102307
60	0.0347976	0.000974022	0.000406839	0.00472478	0.00614793	0.00515202	0.000742181	0.158848	0.000642357	0.0758439	0.104154	0.00262193	0.000463941	0.000560339	0.000970036	0.00366136	0.0264387	0.567482	0.000334183	0.00503436
61	0.0359859	0.000920984	0.000352833	0.00509464	0.00728976	0.00481273	0.000691806	0.183481	0.000744167	0.0876543	0.106312	0.00247653	0.000956861	0.000515621	0.00120419	0.00323769	0.0283991	0.524661	0.00035012	0.00485826
62	0.128195	0.000147354	0.0744451	0.156049	0.00342113	0.0617783	0.0194728	0.0228874	0.109085	0.00971067	0.0100194	0.0543467	0.00849239	0.0694613	0.0707542	0.116788	0.0424179	0.0360106	0.00255181	0.00396593
63	0.0395637	0.000308521	0.0257443	0.0481603	0.000534758	0.0438192	0.0266898	0.00402584	0.277913	0.0202484	0.0183361	0.0604074	0.0297778	0.0773095	0.253956	0.0369591	0.032147	0.00359136	0.000189849	0.00031788
64	0.199698	0.00067922	0.00187502	0.00223899	0.00268043	0.0600689	0.00399608	0.00217805	0.00248907	0.0141902	0.00210577	0.0208835	0.242436	0.00238485	0.0137179	0.352618	0.0559199	0.0170246	0.00145379	0.00136129
65	0.022293	0.000589641	0.430793	0.0792717	0.0124853	0.0749141	0.0311556	0.00298081	0.0145701	0.00437929	0.00143737	0.163152	0.00379749	0.0101745	0.0103728	0.0721693	0.0387407	0.00411645	0.000486857	0.0221204
66	0.146258	0.00473289	0.00587804	0.0155618	0.108231	0.00718591	0.00707549	0.0711815	0.0088557	0.246887	0.0458742	0.00556171	0.08023	0.00593333	0.0375079	0.0331039	0.0353724	0.100525	0.00179151	0.0322527
67	0.0949653	0.00358428	0.000602729	0.00295177	0.0184376	0.0202124	0.00113446	0.170382	0.00123097	0.0792508	0.105788	0.0019166	0.00111649	0.000886083	0.00146445	0.00403827	0.0205072	0.467865	0.000669514	0.00299622
68	0.0453118	0.00165496	0.0428326	0.0202167	0.0114187	0.0423857	0.0168575	0.00713229	0.0247634	0.0066905	0.00433864	0.154489	0.011994	0.011953	0.02109	0.306438	0.245851	0.0151921	0.00189057	0.00750033
69	0.0623186	0.0011896	0.158246	0.2419	0.00374937	0.0325834	0.0354697	0.00680001	0.0672739	0.0142168	0.00684233	0.0319894	0.0810583	0.0906804	0.0726512	0.03343	0.0137224	0.00826547	0.00290757	0.0347053
70	0.0404927	0.000445858	0.0248898	0.0471173	0.000713541	0.0431359	0.0261805	0.00431366	0.27732	0.021202	0.0196684	0.0595645	0.0289157	0.0757737	0.253313	0.0383864	0.0336186	0.00420872	0.000341075	0.000399048
71	0.192075	0.00519147	0.0185901	0.0151279	0.00825855	0.441403	0.011986	0.00837765	0.0262738	0.021364	0.00586738	0.0265361	0.00761123	0.00933306	0.0355118	0.0982897	0.0247681	0.0361397	0.0030786	0.0042169
72	0.107186	0.000556864	0.00141877	0.00331536	0.0077091	0.0194438	0.00853609	0.00451107	0.00984426	0.0479345	0.00127457	0.00930886	0.488815	0.00775419	0.0289928	0.192953	0.0389358	0.0179607	0.000786088	0.0027634
73	0.0437538	0.00175083	0.00716601	0.0078018	0.0144219	0.0142206	0.00405692	0.00358525	0.00780499	0.007275	0.00896875	0.0326354	0.0105937	0.00585301	0.00887653	0.279325	0.530879	0.00674406	0.00239704	0.00189057
74	0.153151	0.00162012	0.036283	0.0966099	0.00631518	0.0510966	0.0354664	0.0618983	0.0788488	0.032035	0.0725055	0.0505241	0.0263571	0.0401231	0.0447373	0.0783104	0.0611166	0.0623188	0.0038459	0.00683638
75	0.0313062	0.00159808	0.000402705	0.000767801	0.0447945	0.00264703	0.00150944	0.233703	0.00205831	0.322905	0.0481038	0.000635159	0.00918921	0.000499959	0.00462717	0.0104449	0.0293773	0.253019	0.000450659	0.00196053
76	0.618023	0.000635353	0.00173853	0.00603779	0.00245381	0.0219459	0.00119255	0.00118256	0.00157894	0.00326689	0.00118471	0.00542855	0.00555614	0.001727	0.0023701	0.257007	0.0452917	0.0187185	0.00402141	0.000639503
77	0.196204	0.0285798	0.0308248	0.0108015	0.0203486	0.00801558	0.0622916	0.0459034	0.00794545	0.0695715	0.0116789	0.103806	0.00759032	0.00973838	0.00935091	0.12356	0.177606	0.055367	0.00254945	0.0182666
78	0.0999153	0.00110221	0.00215461	0.00259512	0.00588632	0.0135676	0.00356022	0.097464	0.0258643	0.0184535	0.0548326	0.0129843	0.00275373	0.0028258	0.0219566	0.00974194	0.550195	0.0709843	0.00148314	0.00167919
79	0.010371	0.000436095	0.000762822	0.00109654	0.0469196	0.00145028	0.00203206	0.0783022	0.0017327	0.687729	0.0710518	0.00163236	0.00183513	0.00296033	0.00370382	0.00848214	0.0137577	0.0585962	0.00400399	0.00314453
80	0.00637	0.00123146	0.0433183	0.0228329	0.00919134	0.0101436	0.610224	0.00335881	0.00353135	0.0275944	0.00334074	0.022538	0.00225214	0.0891202	0.0346413	0.00762829	0.00694691	0.00970352	0.00127933	0.0847532
81	0.262789	0.00556302	0.00165907	0.00150848	0.00182112	0.49696	0.00811402	0.00178927	0.0137175	0.0124528	0.00182444	0.013506	0.00110813	0.00139837	0.0263124	0.09485	0.0143614	0.0380326	0.00116647	0.00106654
82	0.179461	0.0104989	0.00113174	0.00252604	0.0144542	0.0168486	0.00137114	0.144431	0.00182079	0.0916225	0.0837396	0.00221543	0.00155077	0.00131135	0.00321323	0.016638	0.0265345	0.397578	0.000836841	0.00221638
83	0.69227	0.000264056	0.000536955	0.00399553	0.000751812	0.0212533	0.000836071	0.000947572	0.000685738	0.00147223	0.000811762	0.00154383	0.00636983	0.000720092	0.000958344	0.216256	0.0238243	0.0220605	0.00383496	0.00060798
84	0.0316186	0.000348012	0.000447081	0.000796083	0.011853	0.0021063	0.000687491	0.284295	0.00310403	0.250003	0.0622697	0.000803688	0.00747014	0.000577879	0.00625594	0.00176172	0.0234768	0.3111	0.000497709	0.000527515
85	0.0140502	0.000318992	0.000683462	0.000759714	0.0131192	0.00112945	0.00112866	0.0341798	0.000969834	0.716348	0.134727	0.00108037	0.000590371	0.000756776	0.0052022	0.00668763	0.0112329	0.0557272	0.000540844	0.0007672
86	0.0139184	0.000320804	0.000680371	0.00075364	0.0133429	0.00113363	0.00111606	0.0350403	0.000954184	0.715238	0.133786	0.0011009	0.000605701	0.000760335	0.00512218	0.00666083	0.0113638	0.0568353	0.000493697	0.000772416
87	0.00927618	0.000981478	0.0019363	0.00521147	0.0169584	0.00276831	0.00581855	0.00617265	0.485176	0.00806299	0.0185685	0.0229941	0.00190767	0.00305686	0.331913	0.00645546	0.0245454	0.0167792	0.0173913	0.0140263
88	0.0499378	0.000213701	0.241797	0.332628	0.00213065	0.0401886	0.0256116	0.000829099	0.0564075	0.0110726	0.00809444	0.0591685	0.015787	0.0656211	0.0446317	0.0235583	0.00880183	0.00586821	0.00295589	0.00469637
89	0.0205547	0.00103327	0.00295704	0.00355412	0.00537339	0.0121194	0.00935852	0.00571044	0.00423002	0.0161366	0.0178883	0.00607535	0.0124517	0.013399	0.00733447	0.0511029	0.0331447	0.0145269	0.730375	0.0326747
90	0.0125693	0.000391127	0.602608	0.0846644	0.000889254	0.0377776	0.021761	0.00154941	0.00508017	0.00291001	0.00121733	0.136955	0.00143688	0.00671349	0.00390077	0.0508912	0.0140679	0.00453654	0.000440949	0.00964034
91	0.0209399	0.0011628	0.00262152	0.00309786	0.00648184	0.0118367	0.0113835	0.00462803	0.00496831	0.0154825	0.0172906	0.00660387	0.0121628	0.0123831	0.0108458	0.048759	0.0340555	0.0143269	0.727921	0.0330487
92	0.0161186	0.00359275	0.0012378	0.00137701	0.371965	0.00231955	0.00334257	0.0771175	0.00156962	0.392773	0.0248075	0.00324301	0.00470281	0.00229877	0.00333487	0.0137135	0.0183346	0.05053	0.00185419	0.00576762
93	0.00650803	0.000226496	0.000492882	0.000655552	0.0012335	0.000748643	0.000860392	0.714897	0.0007867	0.0700481	0.0114748	0.00432875	0.000633623	0.000729756	0.00106248	0.0016974	0.00605968	0.176588	0.000410164	0.000558381
94	0.0938278	0.00141009	0.0645408	0.0767066	0.00806316	0.037409	0.0393198	0.0129684	0.0521024	0.017664	0.00704658	0.251824	0.0105476	0.0504648	0.0493893	0.126515	0.0657933	0.0229928	0.00179746	0.00961739
95	0.0130181	0.000633768	0.000839624	0.00184046	0.0487092	0.00193971	0.00231345	0.0830628	0.00260327	0.667651	0.0657546	0.00186756	0.00592931	0.00286683	0.00473011	0.00952776	0.0161517	0.0654251	0.00174395	0.00339133
96	0.027834	0.000786607	0.223729	0.0467196	0.00570423	0.082273	0.027701	0.00738765	0.0263038	0.0118379	0.00309484	0.257612	0.0082074	0.0163731	0.030667	0.160549	0.0422139	0.00572826	0.00122551	0.0140531
97	0.69227	0.000264056	0.000536955	0.00399553	0.000751812	0.0212533	0.000836071	0.000947572	0.000685738	0.00147223	0.000811762	0.00154383	0.00636983	0.000720092	0.000958344	0.216256	0.0238243	0.0220605	0.00383496	0.00060798
98	0.139248	0.00316466	0.0276324	0.0772264	0.0288816	0.0313723	0.00637373	0.0142966	0.0174377	0.0532843	0.0347685	0.0126307	0.00358412	0.0130983	0.0377792	0.410745	0.0440391	0.0157958	0.0220745	0.00656661
99	0.0240892	0.000410455	0.536928	0.187808	0.00123637	0.0290955	0.0225804	0.00137169	0.0189695	0.00490545	0.00449278	0.0713891	0.00503404	0.0251099	0.0147072	0.0287143	0.00928988	0.00676059	0.0012948	0.00581335
100	0.00572996	0.0009402	0.00544106	0.00299108	0.228033	0.00243435	0.0460434	0.00371315	0.00338885	0.0143448	0.0032337	0.00510092	0.00167628	0.00292017	0.00387827	0.00729529	0.00560599	0.00497027	0.00728182	0.644977
101	0.100018	0.000559099	0.00239638	0.00635991	0.0109545	0.00337823	0.0120464	0.00860512	0.0150904	0.0673703	0.0020528	0.00383536	0.574914	0.0116007	0.0370166	0.0855529	0.0279422	0.0244602	0.0014138	0.00443297
102	0.00958598	0.00065464	0.000455623	0.000774557	0.0657241	0.0010952	0.00142677	0.166946	0.00118043	0.58706	0.0325815	0.000930446	0.00312685	0.00137209	0.00192107	0.00701275	0.0195331	0.0964867	0.000902294	0.00123041
103	0.0370842	0.00109786	0.000419168	0.00495588	0.00676769	0.0056178	0.000688977	0.168587	0.000639692	0.0762244	0.112155	0.00262417	0.000523608	0.000559756	0.000982982	0.00343686	0.0271867	0.544707	0.000369857	0.00537101
104	0.0543113	0.00171433	0.00634149	0.00667243	0.00622358	0.0228334	0.0224239	0.00516102	0.00721587	0.0138837	0.00653998	0.0185503	0.16949	0.00795699	0.0328781	0.312816	0.287583	0.0112031	0.00339356	0.0028081
105	0.0454558	0.00270345	0.0265326	0.0410145	0.00965446	0.0204459	0.112837	0.00942648	0.0432344	0.0367804	0.0139826	0.0242208	0.124057	0.284757	0.0480477	0.0963948	0.0319303	0.0151658	0.00553761	0.00782187
106	0.0285631	0.00215811	0.453099	0.0891888	0.00714884	0.0460168	0.0241389	0.00589259	0.0171184	0.0114568	0.00457059	0.117723	0.00655196	0.0155643	0.0157994	0.065627	0.0639592	0.0105575	0.00141819	0.0134477
107	0.0135003	0.000347022	0.565557	0.0874398	0.000809802	0.0539827	0.0255569	0.00122901	0.00622665	0.00249669	0.00114145	0.155688	0.000900216	0.0074977	0.00334434	0.037709	0.0176459	0.00373064	0.000384958	0.0148122
108	0.00358403	0.000170388	0.00043583	0.000504884	0.0640499	0.000699672	0.000645372	0.120698	0.000686797	0.673963	0.0487961	0.000662967	0.00162862	0.000553169	0.00144564	0.00591704	0.0148236	0.0594679	0.000620617	0.000646782
109	0.0115921	0.00105891	0.000458567	0.000559213	0.0817777	0.001235	0.00172114	0.140051	0.000743185	0.591781	0.0434432	0.00081344	0.00428535	0.00201398	0.00184205	0.0136041	0.0228759	0.0762979	0.00144613	0.00239992
110	0.00410299	0.000519678	0.0686793	0.0342394	0.011369	0.00394144	0.59667	0.00282502	0.00338835	0.029991	0.0025657	0.0347246	0.00130842	0.0261632	0.0237719	0.0044173	0.0040282	0.0116766	0.00151029	0.134108
111	0.281772	0.00347325	0.00193648	0.00264215	0.00364827	0.00758026	0.00304116	0.0766512	0.00253338	0.0417081	0.0133034	0.00356204	0.0182668	0.00271141	0.00599853	0.0837869	0.117346	0.327048	0.00136808	0.00162288
112	0.00668014	0.00312482	0.00150486	0.00155048	0.420178	0.00216954	0.00248382	0.0658396	0.00165359	0.402105	0.0249751	0.00261343	0.00252029	0.00232761	0.00257124	0.00807426	0.0118379	0.0341649	0.00153744	0.00208799
113	0.116549	0.00686214	0.00513051	0.0168741	0.0295975	0.00968785	0.00377637	0.00445091	0.00424828	0.0455028	0.00639037	0.0115659	0.00474102	0.00338471	0.0217418	0.568626	0.122482	0.00576177	0.0094443	0.00318228
114	0.0310557	0.00202387	0.0971642	0.0644662	0.0805296	0.104345	0.0500874	0.00432138	0.0372366	0.00569822	0.00330814	0.0788499	0.0166807	0.0197406	0.0237499	0.189564	0.137945	0.0060177	0.00152205	0.0456933
115	0.0283582	0.000514863	0.00042455	0.00187132	0.0141317	0.00389886	0.000656708	0.224	0.00175111	0.229918	0.0980368	0.00117511	0.00386298	0.00056581	0.00376867	0.00260351	0.0260363	0.356088	0.000597349	0.0017398
116	0.0846981	0.00105331	0.0599056	0.019415	0.0111686	0.0164708	0.011243	0.00549188	0.0433681	0.0116285	0.00331759	0.139098	0.192919	0.0348617	0.0499146	0.237559	0.0564867	0.00533792	0.00849047	0.00757217
117	0.0136597	0.00244357	0.00455078	0.00925279	0.00576762	0.0130602	0.0297771	0.00518041	0.237396	0.00731249	0.0103841	0.0164003	0.00493301	0.0189557	0.575124	0.0140192	0.0148046	0.00726863	0.00531631	0.00439355
118	0.0125842	0.000315934	0.567023	0.0855087	0.000789946	0.0586476	0.0251578	0.00104068	0.00484611	0.0016507	0.000986427	0.159225	0.000610442	0.0058937	0.00115112	0.0375061	0.0185431	0.00358529	0.000345615	0.0145885
119	0.0115036	0.00109413	0.000375372	0.000504862	0.0843647	0.00127803	0.00117516	0.140035	0.000583888	0.611994	0.0224376	0.000610158	0.00410045	0.000462679	0.00131243	0.0103179	0.0232954	0.0821935	0.00070729	0.00165296
120	0.02123	0.00161415	0.0205278	0.00758613	0.00514671	0.0315531	0.0153054	0.00368724	0.00660056	0.0073768	0.00311963	0.566666	0.0101703	0.0060119	0.00916114	0.22348	0.0488492	0.00667315	0.00173287	0.00350765
121	0.0424255	0.153997	0.00516373	0.00710484	0.312618	0.0222137	0.0130967	0.0363827	0.010995	0.110069	0.0187757	0.011941	0.00681809	0.00776554	0.0155567	0.090632	0.0519472	0.0438169	0.00492168	0.0337593
122	0.00619585	0.000235811	0.000495358	0.000626906	0.00108094	0.000728404	0.000873683	0.723149	0.00078413	0.0676439	0.0104904	0.00441353	0.000552311	0.000726991	0.00100991	0.00169691	0.00583904	0.172495	0.000416424	0.000545512
123	0.0504193	0.000324453	0.254266	0.324593	0.00273851	0.0409443	0.0241852	0.00111352	0.0557397	0.0107008	0.00807557	0.0560902	0.0151039	0.0694483	0.0408624	0.0222907	0.00937756	0.00636445	0.00284118	0.00452079
124	0.0042748	0.000526045	0.0662856	0.0331774	0.0108253	0.00417515	0.594973	0.00268359	0.00276005	0.0304893	0.00242101	0.0356288	0.00145609	0.0263308	0.0231675	0.00475756	0.00428651	0.0112303	0.00124598	0.139305
125	0.0305651	0.00112251	0.00244816	0.00240847	0.0163041	0.00345577	0.00378163	0.00279083	0.00265438	0.00460437	0.0149699	0.0178307	0.00655003	0.00213748	0.00569983	0.139057	0.734716	0.00564929	0.00131567	0.00193835
126	0.0419142	0.00127868	0.0241431	0.0413044	0.00298393	0.0534705	0.0305972	0.00539756	0.253808	0.0225871	0.0202436	0.0630458	0.0285045	0.0723421	0.243306	0.0584694	0.0305363	0.0047807	0.000490398	0.000796859
127	0.0273243	0.000831525	0.134432	0.0247682	0.00190993	0.0407272	0.0305015	0.0138108	0.056549	0.039176	0.00244918	0.347995	0.0101673	0.0428955	0.0893081	0.0904187	0.0179424	0.00365552	0.000833071	0.0243046
128	0.0797517	0.0071626	0.000637881	0.00141983	0.113793	0.00576938	0.00658609	0.139237	0.00117445	0.340464	0.0280701	0.00118909	0.0184969	0.00123773	0.00496659	0.0464715	0.0515892	0.143376	0.000615025	0.00799302
129	0.0938729	0.00130773	0.0660843	0.0967551	0.0123029	0.180434	0.0156063	0.0157603	0.0609715	0.00963543	0.00708183	0.059105	0.00813485	0.0359659	0.050357	0.186606	0.0672447	0.0200101	0.00318614	0.00957794
130	0.0261234	0.0023804	0.00622267	0.00749233	0.00717102	0.0122092	0.0139878	0.00707048	0.00660981	0.0212022	0.0180371	0.00913831	0.0386838	0.0396235	0.0110328	0.0483901	0.0352741	0.0176069	0.617927	0.053817
131	0.0264658	0.000887517	0.0161627	0.0348175	0.00504487	0.0277323	0.0200786	0.00446525	0.355056	0.015191	0.0163277	0.0429718	0.018183	0.0510153	0.300196	0.0250897	0.0262201	0.00604611	0.00421589	0.00383304
132	0.200462	0.00178536	0.0266194	0.14955	0.0692692	0.00849025	0.00676494	0.0439432	0.0362009	0.12911	0.0936479	0.0111332	0.00930758	0.0156121	0.0441816	0.0396587	0.0163762	0.0625662	0.0055433	0.0297787
133	0.0968412	0.000808298	0.0974691	0.151291	0.00491129	0.0481094	0.0779896	0.0228475	0.0965669	0.0118186	0.00732079	0.0340482	0.0271915	0.0872085	0.0714952	0.0969884	0.0272276	0.0212115	0.00215311	0.0165027
134	0.042658	0.000914404	0.0430095	0.0749365	0.00324794	0.0389475	0.0357579	0.00639484	0.218583	0.0223539	0.016158	0.0480523	0.0240958	0.0770389	0.269919	0.0385772	0.0282908	0.00640895	0.00118213	0.00347324
135	0.245075	0.00535778	0.00432273	0.00491182	0.0754387	0.104218	0.00644704	0.146235	0.00568542	0.0733374	0.0408946	0.00846113	0.00583514	0.00482841	0.00746903	0.0185419	0.0171923	0.218387	0.00318969	0.00417267
136	0.0355371	0.000555527	0.0234545	0.0441547	0.00072787	0.0409229	0.0257181	0.0050778	0.283937	0.0195174	0.0215146	0.0549575	0.0258333	0.079284	0.268955	0.0357806	0.0296167	0.00370043	0.000327189	0.000428164
137	0.0665189	0.000675581	0.0401564	0.0714148	0.00472135	0.0302783	0.0232263	0.00723319	0.154015	0.0299997	0.0108857	0.0413744	0.194485	0.0582034	0.144847	0.0713196	0.0339111	0.0116563	0.00161068	0.00346703
138	0.0284121	0.000367566	0.000369088	0.00151322	0.0113673	0.00265197	0.000662722	0.262244	0.00243513	0.214788	0.0755919	0.000999775	0.00552648	0.000520682	0.00453895	0.00181597	0.0242717	0.360392	0.000378419	0.00115334
139	0.00893795	0.000232964	0.000489148	0.000675904	0.00188854	0.000795084	0.000833729	0.687784	0.000908964	0.0796289	0.0149149	0.00399315	0.00101547	0.000722969	0.00130518	0.00171765	0.00705816	0.186111	0.000405978	0.000580824
140	0.0310232	0.0007356	0.000498231	0.0041521	0.00477504	0.00460184	0.000799398	0.141629	0.000662654	0.0830702	0.0838364	0.00254863	0.000473686	0.000603087	0.00105303	0.00429622	0.0213583	0.609093	0.000406736	0.00438368
141	0.0160246	0.000296192	0.602396	0.105803	0.00144172	0.036728	0.0271402	0.001882	0.00904163	0.00331057	0.00290223	0.107143	0.00237211	0.0114504	0.00638491	0.0353821	0.0137911	0.00543584	0.000705108	0.0103685
142	0.120179	0.000697216	0.00365792	0.00538062	0.00774341	0.0212339	0.00804656	0.00581879	0.0106786	0.0360832	0.00213077	0.0136008	0.416677	0.0100142	0.0271335	0.218181	0.0653221	0.0231041	0.00153456	0.00278281
143	0.267717	0.00568483	0.00110754	0.00110804	0.00165826	0.492385	0.00822807	0.00159537	0.0136921	0.0127949	0.00161892	0.0135817	0.00107857	0.00136586	0.0269372	0.0941361	0.0144084	0.0389103	0.000994367	0.000997956
144	0.00456201	0.000455653	0.000368653	0.000488044	0.0827902	0.00078541	0.00102043	0.1357	0.000611972	0.649615	0.0236042	0.000647324	0.00262443	0.000603719	0.000899238	0.00738443	0.0182881	0.0676942	0.000798699	0.00105879
145	0.00462551	0.000971638	0.0595621	0.0306663	0.0105362	0.00565741	0.598149	0.00261646	0.00262489	0.0295819	0.00229661	0.0305829	0.00174781	0.0478479	0.0253092	0.00598518	0.00508096	0.0108095	0.00111263	0.124236
146	0.133914	0.000708699	0.0125624	0.0648499	0.00857719	0.0164061	0.0143689	0.0593245	0.0521453	0.171572	0.109902	0.0251615	0.00330778	0.0488262	0.0600174	0.110893	0.0339468	0.0428936	0.00954599	0.0210772
147	0.0403928	0.000310139	0.0260211	0.048122	0.000625939	0.0448749	0.0270184	0.00397148	0.275068	0.0204146	0.0181271	0.061661	0.0305818	0.0766492	0.251624	0.0379134	0.0324591	0.00367256	0.000189064	0.000303067
148	0.019451	0.00121033	0.00846191	0.0183369	0.0106734	0.0163832	0.0124433	0.00507533	0.419382	0.0108898	0.0158436	0.0357408	0.00993614	0.0267327	0.317409	0.018406	0.025166	0.010043	0.0103683	0.00804709
149	0.0715518	0.00180725	0.0255263	0.0312286	0.0258676	0.0410668	0.0050608	0.0056762	0.0294833	0.00634502	0.00381068	0.0654726	0.011594	0.0321301	0.00925255	0.356682	0.262926	0.00748616	0.00408363	0.00294922
150	0.0499638	0.000213714	0.241825	0.332711	0.0021316	0.0402192	0.0255638	0.000829149	0.0564061	0.0110787	0.00810138	0.0591559	0.0156879	0.0655806	0.0446622	0.0235582	0.0087897	0.00587155	0.00295698	0.00469338
151	0.029274	0.000295049	0.000460072	0.000714674	0.0129883	0.00199755	0.000689264	0.286973	0.0031315	0.258615	0.0609205	0.000737937	0.00792282	0.000592309	0.00616017	0.0017582	0.0227665	0.30306	0.000526213	0.00041709
152	0.0785032	0.00178392	0.01952	0.0336508	0.00895179	0.0221432	0.00372834	0.028419	0.0682953	0.0193785	0.01582	0.0276828	0.0543889	0.0255946	0.0187423	0.220647	0.31804	0.0182813	0.014721	0.00170768
153	0.0211836	0.00198409	0.0293887	0.276301	0.00515511	0.0360408	0.0122464	0.00608799	0.0417401	0.0123368	0.00667591	0.0397055	0.12644	0.270556	0.04179	0.0179915	0.0372261	0.00867285	0.00257959	0.00589817
154	0.0390869	0.000315407	0.0251495	0.0476005	0.000529687	0.0432209	0.0268689	0.00420483	0.279016	0.0202474	0.0184819	0.0596594	0.0292854	0.0777671	0.25564	0.0368191	0.0320314	0.00357361	0.000186433	0.000315407
155	0.0152636	0.0045842	0.00521592	0.00764194	0.00294422	0.0186652	0.0482132	0.00695747	0.0778954	0.0104158	0.00474767	0.0118988	0.00717685	0.0189238	0.718199	0.0145443	0.0128731	0.0062163	0.00487329	0.00275022
156	0.128116	0.000147174	0.0743901	0.155682	0.00343293	0.0615385	0.0194217	0.0227765	0.108931	0.00967696	0.00998266	0.054316	0.00894075	0.0693304	0.0707175	0.117624	0.0425092	0.0359391	0.00258304	0.00394448
157	0.0173428	0.000331245	0.000922564	0.00102474	0.0183088	0.00151805	0.00289254	0.0509924	0.00141376	0.628734	0.15698	0.00161977	0.00123123	0.00367912	0.007871	0.0120532	0.017415	0.0711129	0.002059	0.00249811
158	0.0953605	0.000691681	0.00345735	0.00790363	0.0125906	0.0061919	0.0130945	0.00997532	0.0166263	0.0675652	0.00240386	0.00532517	0.559039	0.0123417	0.0369847	0.0892087	0.0295456	0.0261891	0.000786325	0.00471843
159	0.0684151	0.00218928	0.0334362	0.051454	0.0183219	0.0337705	0.0101032	0.00405171	0.0161725	0.00765725	0.00367136	0.0779508	0.00769604	0.0186782	0.00966121	0.41967	0.20129	0.00885489	0.00323109	0.0037249
160	0.688905	0.000263427	0.000548984	0.00394868	0.000748386	0.0219431	0.000839815	0.000955326	0.000674554	0.00149626	0.000836237	0.0016912	0.00793938	0.000740549	0.0010264	0.217029	0.0240625	0.0219696	0.00378436	0.000596545
161	0.00323042	0.000852705	0.00119811	0.00120954	0.250192	0.00141278	0.0407298	0.00171833	0.00157346	0.00920131	0.00152875	0.00187433	0.00108523	0.00133555	0.00191529	0.00365266	0.00280272	0.00226055	0.00706573	0.66516
162	0.044966	0.00120754	0.0259326	0.04303	0.00107183	0.0424366	0.0254508	0.00468814	0.272394	0.0196679	0.0173342	0.072381	0.0273924	0.0730039	0.240954	0.0437403	0.0368831	0.00575018	0.000453401	0.00126204
163	0.00325148	0.000283276	0.00035409	0.000472355	0.0790599	0.000746326	0.000752619	0.142744	0.000616939	0.643839	0.0240813	0.000613632	0.00217474	0.000500976	0.000981289	0.0060262	0.0178225	0.074231	0.000643161	0.000804755
164	0.0032435	0.000853757	0.0011979	0.00121062	0.249839	0.00141275	0.0407478	0.00171612	0.0015746	0.00914848	0.00148671	0.00187421	0.00108523	0.00125868	0.00191378	0.00361174	0.0028018	0.00225317	0.0070751	0.665695
165	0.104287	0.00177128	0.00279393	0.00385735	0.00832115	0.0205114	0.0047388	0.0962767	0.0214278	0.0227123	0.0657636	0.0134854	0.00435449	0.00269275	0.020407	0.0131637	0.504188	0.0854209	0.00170553	0.00212109
166	0.201543	0.00504798	0.0233843	0.0124735	0.00592395	0.452781	0.0120021	0.00725023	0.0208176	0.0154384	0.00406105	0.0286339	0.00696621	0.00992542	0.0310222	0.0989341	0.022872	0.0345345	0.00234919	0.00403922
167	0.0973453	0.00760327	0.0155968	0.0204572	0.0182364	0.0287874	0.0161366	0.00986421	0.0159168	0.0267986	0.00887839	0.0468442	0.0483241	0.012436	0.0204318	0.471422	0.103751	0.0191836	0.00724423	0.00474174
168	0.194439	0.00196544	0.0246126	0.0550185	0.0105363	0.0174229	0.0153187	0.0119775	0.0329361	0.0154313	0.00769109	0.0394833	0.093891	0.0660544	0.0242346	0.228495	0.125426	0.0261506	0.00616983	0.00274538
169	0.0358861	0.00442497	0.00947879	0.012461	0.0190917	0.0161283	0.0639993	0.0173115	0.0111466	0.0911188	0.0254056	0.0163076	0.0161993	0.0201482	0.0260224	0.168176	0.0448473	0.0254006	0.354981	0.0214643
170	0.0492961	0.00125854	0.000892313	0.00333563	0.0169587	0.00611721	0.00119082	0.19847	0.00300811	0.114385	0.0939716	0.00347826	0.00284821	0.000833222	0.00414876	0.0060224	0.0857055	0.403471	0.00126446	0.00334405
171	0.112501	0.00457827	0.000731098	0.00309543	0.0196255	0.023656	0.00121772	0.17504	0.0011986	0.0675891	0.114102	0.00208628	0.000876592	0.000984456	0.00141656	0.00370587	0.0192479	0.444436	0.000722968	0.00318778
172	0.0182678	0.000566236	0.000474658	0.00145294	0.0328795	0.001815	0.0010509	0.139136	0.00162341	0.526849	0.0755714	0.00103559	0.00301097	0.00103167	0.00371103	0.00632501	0.0176026	0.165547	0.000657977	0.00139096
173	0.0588799	0.00173211	0.011336	0.0135812	0.0105985	0.0211757	0.00347541	0.00235945	0.00755904	0.010546	0.00223199	0.0552939	0.00455859	0.00869817	0.00888318	0.594502	0.176152	0.004719	0.00220408	0.00151386
174	0.00336958	0.00428984	0.00106594	0.00178459	0.00131723	0.012814	0.0505356	0.00554514	0.0605073	0.00263219	0.00181428	0.00180803	0.000991532	0.0111824	0.827915	0.00348741	0.00495768	0.00237569	0.000743454	0.0008636
175	0.128891	0.000968861	0.0347228	0.0185199	0.0136926	0.00416111	0.00430539	0.00385446	0.0335632	0.00593379	0.00304662	0.0570199	0.241099	0.0437043	0.0353269	0.28846	0.0630848	0.00501112	0.0128254	0.00180847
176	0.0159579	0.00379284	0.00204192	0.00162211	0.388147	0.00318584	0.00374785	0.0716152	0.00165321	0.382205	0.0271902	0.00266997	0.00455321	0.00324351	0.00393661	0.0128892	0.0174377	0.0487746	0.00212544	0.00321013
177	0.0355056	0.000962332	0.000365069	0.0044688	0.00755561	0.00464681	0.00065659	0.184307	0.000825404	0.0948323	0.104893	0.00253023	0.00120984	0.000491879	0.00139127	0.00323335	0.0316411	0.515483	0.000332673	0.00466794
178	0.0420962	0.000333257	0.296417	0.330972	0.00231847	0.0344537	0.022807	0.00153139	0.0436377	0.0100014	0.00857617	0.0574462	0.0123468	0.0536842	0.0348773	0.0240183	0.00930094	0.00792021	0.00261474	0.00464668
179	0.0032435	0.000853757	0.0011979	0.00121062	0.249839	0.00141275	0.0407478	0.00171612	0.0015746	0.00914848	0.00148671	0.00187421	0.00108523	0.00125868	0.00191378	0.00361174	0.0028018	0.00225317	0.0070751	0.665695
180	0.0175763	0.469439	0.00259555	0.00306602	0.0522417	0.0057646	0.00408624	0.0565299	0.00365913	0.113846	0.00813722	0.00455235	0.00283658	0.00331295	0.00438381	0.0980795	0.0861762	0.0596478	0.00185244	0.00221578
181	0.00619585	0.000235811	0.000495358	0.000626906	0.00108094	0.000728404	0.000873683	0.723149	0.00078413	0.0676439	0.0104904	0.00441353	0.000552311	0.000726991	0.00100991	0.00169691	0.00583904	0.172495	0.000416424	0.000545512
182	0.00677562	0.000927512	0.00200624	0.0022656	0.0982533	0.00287028	0.0293545	0.073921	0.00271923	0.362373	0.108822	0.00328047	0.00199709	0.0619695	0.00452887	0.0392701	0.0245824	0.0971754	0.0403794	0.036528
183	0.186014	0.00593688	0.015595	0.0127279	0.00858114	0.420493	0.0118202	0.00700298	0.0204226	0.0159859	0.0042784	0.0347546	0.00942563	0.00679441	0.0296788	0.14027	0.0323366	0.0304895	0.00293369	0.00445799
184	0.0225214	0.00107906	0.00205079	0.00265426	0.00327936	0.0090638	0.00857074	0.00361722	0.00346325	0.0116097	0.0191947	0.00393304	0.0127489	0.0131922	0.00469375	0.0491431	0.0347984	0.0116261	0.742297	0.0404629
185	0.0305156	0.000348043	0.46326	0.265288	0.00160822	0.0217174	0.020265	0.00134915	0.0288815	0.00706524	0.00616003	0.0437851	0.00730001	0.037879	0.0225346	0.0231536	0.00674864	0.00721002	0.00196126	0.0029693
186	0.0218328	0.00126154	0.0576641	0.0179307	0.00532776	0.0305761	0.0189213	0.00822607	0.0232111	0.0145084	0.00596238	0.595754	0.0067188	0.0153222	0.0256235	0.0999754	0.0301992	0.00992501	0.00262318	0.00843606
187	0.00502735	0.000633524	0.000358976	0.000494949	0.0840649	0.000815643	0.000918921	0.136702	0.0005826	0.648218	0.022681	0.000628734	0.00267275	0.000500527	0.000922135	0.00754287	0.0185401	0.0668833	0.000660655	0.00115154
188	0.113073	0.000769014	0.00337409	0.00610846	0.00954587	0.0101472	0.00995896	0.00679538	0.014561	0.0521863	0.00162187	0.00838113	0.516026	0.0126763	0.0332436	0.136778	0.0375787	0.0220943	0.00166191	0.00341913
189	0.0130165	0.00467765	0.00443521	0.00668142	0.00325228	0.0203995	0.0525781	0.00732442	0.0680847	0.00923101	0.00443123	0.008089	0.00341116	0.0164404	0.741116	0.0125436	0.0115082	0.00528341	0.0041947	0.00330154
