299	20
1	0.0583112	0.00786469	0.00024059	0.00101306	0.0666787	0.0116531	0.000213852	0.238499	0.000498758	0.149134	0.00741682	0.000848448	0.000310563	0.000521895	0.00034679	0.0105788	0.0201039	0.425022	0.00023808	0.000505848
2	0.0287664	0.00358607	0.00102916	0.00230237	0.0524327	0.00417575	0.000741827	0.085551	0.00311232	0.390949	0.318514	0.00377863	0.00122141	0.00766944	0.0013086	0.0144432	0.0112534	0.0599959	0.00117971	0.0079892
3	0.0181093	0.00157382	0.000956172	0.00142449	0.0843868	0.00272084	0.000983902	0.456063	0.00185588	0.156187	0.138965	0.00196125	0.00139009	0.00669521	0.00221484	0.00470148	0.00640711	0.0245466	0.0258759	0.0629815
4	0.258176	0.0376501	0.000397517	0.000624136	0.0391928	0.153074	0.000397983	0.109853	0.000710536	0.204608	0.0107162	0.000683501	0.000441436	0.000654666	0.000432494	0.0156858	0.0179117	0.147888	0.000264502	0.000638741
5	0.00555251	0.0040577	0.000156423	0.000471649	0.0128363	0.00199153	0.000195895	0.565065	0.000493435	0.0936823	0.0145006	0.00100814	0.000760827	0.00245128	0.000245076	0.00132983	0.00970767	0.283286	0.000277022	0.00193096
6	0.0106699	0.0059979	0.000553754	0.000684326	0.159136	0.00451985	0.000549785	0.0628191	0.000956932	0.613995	0.0743446	0.00080744	0.000952816	0.00304989	0.000672338	0.0041264	0.00633909	0.0335084	0.00242768	0.0138887
7	0.0374586	0.00406159	0.000152696	0.000345392	0.0466188	0.00806132	0.000149245	0.329333	0.000642678	0.325928	0.0639113	0.000482416	0.000189755	0.000683143	0.000243324	0.00518599	0.0164808	0.156107	0.00202403	0.00194185
8	0.015043	0.00143423	0.001218	0.00174928	0.116936	0.00291149	0.0020519	0.00401803	0.00196115	0.00619765	0.00599268	0.00163841	0.0013496	0.00159013	0.00135272	0.0140429	0.00326041	0.0187219	0.0536715	0.744859
9	0.0309825	0.0066305	0.000201318	0.00032183	0.115911	0.00927877	0.000168242	0.221285	0.00043819	0.405799	0.0621677	0.000521576	0.00103755	0.00118723	0.000650856	0.005652	0.0159891	0.109875	0.00350469	0.00839784
10	0.251329	0.00533536	0.000548076	0.00224412	0.00259925	0.573781	0.000567203	0.00182186	0.00222575	0.00162233	0.00178261	0.000992623	0.00691721	0.000880562	0.0019679	0.119135	0.0105067	0.0129609	0.000324699	0.00245837
11	0.0698351	0.00250608	0.000990353	0.00177241	0.0408507	0.00546399	0.000933486	0.371461	0.0169974	0.0564306	0.0413357	0.00200851	0.00330864	0.00298824	0.00130369	0.00660724	0.0114469	0.33097	0.0157575	0.0170325
12	0.223867	0.00099186	0.000784951	0.0175567	0.0179422	0.028155	0.00865398	0.0192823	0.283681	0.0027447	0.00249662	0.00180368	0.00114495	0.00153777	0.124172	0.0596548	0.0113238	0.175974	0.000551572	0.0176812
13	0.00599994	0.00110868	0.000860124	0.0103914	0.028836	0.0151298	0.0384763	0.00316914	0.719018	0.00307869	0.00226174	0.00195437	0.00122673	0.00339486	0.10466	0.0132199	0.00334771	0.00447161	0.00111662	0.0382785
14	0.00321202	0.000809786	0.110914	0.143044	0.00117797	0.0675475	0.0295091	0.00717225	0.268898	0.0165581	0.00628912	0.158495	0.000680026	0.0493765	0.0458519	0.0357428	0.0264953	0.0214477	0.000432227	0.00634666
15	0.0348061	0.0017118	0.00117035	0.00168767	0.269327	0.0135083	0.00231355	0.0671804	0.0115404	0.0931837	0.043719	0.00208061	0.00279951	0.00245599	0.00135091	0.014848	0.00347297	0.0554449	0.00106	0.376339
16	0.0551454	0.0011427	0.0780062	0.302945	0.00354114	0.010059	0.0121073	0.0041815	0.254971	0.0064227	0.00413727	0.0356397	0.0133088	0.0913382	0.0568426	0.0389854	0.0156616	0.0105267	0.000826733	0.00421088
17	0.0731945	0.000613718	0.000685381	0.000674726	0.00913261	0.00791664	0.00104662	0.0113616	0.0034353	0.00831166	0.00134772	0.00532388	0.788606	0.00678135	0.00137451	0.0470084	0.0184437	0.00758628	0.000356854	0.00679821
18	0.0290124	0.00298926	0.00136938	0.00258259	0.0171538	0.00388797	0.00136506	0.0340044	0.00267125	0.377902	0.142711	0.0391292	0.0014043	0.00248524	0.00169044	0.0779249	0.174169	0.0456525	0.00102508	0.0408698
19	0.0164841	0.0016032	0.000166888	0.00034994	0.0790485	0.0045611	0.000237782	0.196345	0.000789703	0.539709	0.0489213	0.000522248	0.000536952	0.000743241	0.000421231	0.00256579	0.00773781	0.0928442	0.00296487	0.00344762
20	0.0250267	0.00318867	0.00107147	0.00261739	0.0487914	0.00488492	0.00098093	0.0783508	0.00269578	0.442575	0.287786	0.00349085	0.00151866	0.00751847	0.00163052	0.0145235	0.0124323	0.05044	0.00175617	0.00871955
21	0.0424786	0.00549037	0.000272913	0.00131986	0.0505388	0.0112655	0.000262808	0.259968	0.000598352	0.16521	0.00804216	0.00127936	0.000349899	0.000769393	0.000473311	0.0102476	0.0180054	0.42257	0.00025973	0.000597867
22	0.06581	0.000740488	0.00131545	0.000899638	0.00954739	0.0102297	0.00264517	0.0108012	0.00845013	0.00884489	0.00158938	0.00764848	0.786415	0.00664513	0.00285788	0.0435084	0.0171846	0.00734872	0.000356791	0.00716189
23	0.0342216	0.00529549	0.00218655	0.00393206	0.0452973	0.00449537	0.0010133	0.173417	0.00317197	0.208032	0.388515	0.00456746	0.0012786	0.00540094	0.0016749	0.0147449	0.01603	0.071655	0.00362514	0.0114452
24	0.145244	0.00651628	0.000365192	0.00137037	0.00288548	0.725039	0.000402965	0.00131207	0.00157528	0.00117543	0.00136328	0.000694833	0.00270171	0.000627025	0.00129635	0.0885444	0.0111757	0.00635105	0.000230603	0.00112908
25	0.0471025	0.0066399	0.000197512	0.000436398	0.121009	0.0106951	0.000200632	0.261437	0.000626897	0.271632	0.0524535	0.000611072	0.000771195	0.000670499	0.000465678	0.00748975	0.0238381	0.185434	0.00306354	0.00522617
26	0.0848766	0.00790634	0.00029235	0.00105657	0.00329311	0.816811	0.000299709	0.000933997	0.00121903	0.000912369	0.00107167	0.00053828	0.000493237	0.000477224	0.00104268	0.0625859	0.0118973	0.00361311	0.000182359	0.000496942
27	0.283329	0.135457	0.00132975	0.00196248	0.00744871	0.0472992	0.00122068	0.150538	0.0022478	0.00873525	0.151249	0.00238913	0.00237586	0.00207753	0.00171935	0.0550962	0.03207	0.110537	0.000781447	0.00213679
28	0.0461732	0.00555881	0.000162603	0.00033743	0.0480841	0.0108293	0.000172031	0.349904	0.000373357	0.285309	0.0437737	0.00046528	0.000201486	0.000469054	0.00021419	0.00669415	0.0220701	0.17684	0.00163106	0.000736846
29	0.0712984	0.00455973	0.000487069	0.00143708	0.0424821	0.0089293	0.000417105	0.272996	0.000920516	0.29945	0.0891949	0.00113647	0.000487294	0.000874691	0.000566167	0.00776933	0.0225987	0.171283	0.00140263	0.00171021
30	0.359063	0.0161527	0.000932939	0.00169071	0.00262684	0.0164525	0.000845808	0.0295539	0.00190662	0.00539133	0.00316488	0.00195713	0.00578395	0.00169445	0.00129443	0.153045	0.0566462	0.339346	0.000556711	0.00189396
31	0.019218	0.026527	0.00760767	0.00501342	0.00628597	0.0102581	0.00973897	0.0118566	0.011714	0.00822535	0.0135322	0.7461	0.00338805	0.0250338	0.0135354	0.0302221	0.00969237	0.016173	0.00431718	0.0215609
32	0.0476567	0.00633037	0.000166099	0.000287765	0.0784647	0.0103583	0.000165758	0.3091	0.000370909	0.302466	0.0490853	0.0004556	0.000672653	0.000574008	0.000471071	0.00676637	0.0216414	0.158724	0.00243539	0.00380753
33	0.0923844	0.00297259	0.0448072	0.128436	0.0107163	0.112007	0.00434619	0.0471686	0.0204344	0.0340463	0.0196657	0.0400358	0.0278144	0.0538012	0.00955217	0.176439	0.0942147	0.0669795	0.00200739	0.0121706
34	0.0533296	0.00534005	0.000192655	0.000390684	0.0452645	0.0110987	0.000171412	0.33726	0.000564899	0.289884	0.0430513	0.000514672	0.000211008	0.000403462	0.000226614	0.00665594	0.0222587	0.180319	0.00218078	0.000682644
35	0.0368706	0.00186748	0.00111997	0.00169498	0.268586	0.0148599	0.001988	0.078429	0.0107766	0.100545	0.0444237	0.00193865	0.00297217	0.00261727	0.00148517	0.0141409	0.00410966	0.0585524	0.00133985	0.351683
36	0.1293	0.00108027	0.000857707	0.000876596	0.0106584	0.0091121	0.00091786	0.0143054	0.00272792	0.00728401	0.00179266	0.00342221	0.689317	0.00990629	0.00108428	0.0708852	0.0281254	0.0114966	0.000421366	0.00642877
37	0.0320188	0.142855	0.00315448	0.00771837	0.00871161	0.0120531	0.00406106	0.206941	0.00814237	0.152788	0.0126241	0.00793734	0.0665808	0.0061827	0.00668453	0.0986519	0.0258017	0.186807	0.00255681	0.00772834
38	0.0086673	0.000466078	0.000152797	0.000284873	0.0331274	0.00295623	0.000164665	0.183637	0.000621122	0.656498	0.0491234	0.000422744	0.000208084	0.00063092	0.000220386	0.000986176	0.00300979	0.0552275	0.00329925	0.000296226
39	0.0126297	0.00434961	0.000173155	0.000563761	0.0196002	0.00378574	0.000177177	0.522106	0.000495382	0.121031	0.0173394	0.00102385	0.000641338	0.0022417	0.000226043	0.00241324	0.0120698	0.276887	0.000449973	0.00179617
40	0.0217285	0.00204178	0.00128707	0.00228816	0.874891	0.00446702	0.0028493	0.00618038	0.00303226	0.00523598	0.00472473	0.00291427	0.00176069	0.00284026	0.00250171	0.00727978	0.0045517	0.0253446	0.00140519	0.0226756
41	0.0304073	0.000769249	0.000288972	0.000488154	0.103015	0.001228	0.000288273	0.126641	0.00241607	0.315093	0.289143	0.000532871	0.000382894	0.00100873	0.000392347	0.00626129	0.00436335	0.10774	0.000258634	0.00928197
42	0.0738017	0.00909906	0.000301161	0.000677727	0.00287285	0.84441	0.000285005	0.00109498	0.000759466	0.0010204	0.00117875	0.000507197	0.00029996	0.000476753	0.000628344	0.0468137	0.0109603	0.0041763	0.000188089	0.000448191
43	0.00520012	0.00462884	0.000145498	0.000382196	0.0153091	0.00194541	0.00015596	0.598393	0.000406223	0.0915668	0.0167476	0.000649671	0.000708105	0.00259353	0.000191724	0.0011682	0.0105885	0.246812	0.000269592	0.00213777
44	0.0351814	0.00531246	0.000259935	0.00040914	0.00192559	0.921712	0.000249559	0.00100403	0.000547372	0.000981166	0.000728147	0.000563307	0.000356017	0.000506677	0.000348496	0.0205773	0.00552019	0.00312301	0.000195309	0.000498502
45	0.331745	0.0309616	0.000871402	0.00139697	0.00701831	0.0204849	0.00116512	0.0348625	0.00202827	0.0242064	0.0115209	0.00338106	0.00272544	0.0022759	0.00140123	0.153865	0.271471	0.0963569	0.000550358	0.00171133
46	0.0323119	0.00278677	0.00142743	0.00245841	0.0211434	0.0053204	0.00152068	0.0446508	0.00316181	0.441406	0.348736	0.00381017	0.00156472	0.0180679	0.00249646	0.0253018	0.00955282	0.0264136	0.00150627	0.00636254
47	0.0897565	0.0353798	0.000440796	0.00117288	0.0120063	0.0215069	0.000294246	0.207233	0.000686322	0.0868447	0.0370692	0.00127752	0.000684523	0.000713629	0.000546336	0.0505363	0.191225	0.261601	0.000341232	0.000684183
48	0.0106747	0.0171841	0.683003	0.0383521	0.0039882	0.00486787	0.0168837	0.0061302	0.0189514	0.00625865	0.0185759	0.0773632	0.0018329	0.00355205	0.017978	0.0394335	0.00710619	0.00791779	0.00107472	0.0188719
49	0.037491	0.00636462	0.000342146	0.000459363	0.145913	0.00948937	0.000201057	0.245149	0.000936734	0.26707	0.0523151	0.00084072	0.00122383	0.00148098	0.000832597	0.00681409	0.0194199	0.189515	0.00365195	0.0104902
50	0.1203	0.00544524	0.00217392	0.0200353	0.00512807	0.449551	0.00153505	0.00567418	0.0198499	0.00644495	0.00558942	0.00370918	0.00265269	0.00439795	0.0197622	0.259458	0.0552473	0.00917335	0.0011204	0.00275117
51	0.0965784	0.00169121	0.000931418	0.00176102	0.0631572	0.00826371	0.00112642	0.012294	0.00240306	0.0191012	0.00330725	0.00362942	0.643433	0.00705539	0.00151497	0.0733372	0.029913	0.0103239	0.000845697	0.0193321
52	0.0251465	0.00116166	0.000399787	0.00161729	0.0714342	0.00170086	0.00040872	0.117496	0.0023581	0.380397	0.276856	0.000968824	0.00053565	0.00207237	0.000624393	0.0070525	0.00620155	0.0956533	0.000742493	0.00717198
53	0.00841436	0.000551659	0.000150778	0.000310745	0.0321398	0.0029097	0.000165926	0.179944	0.000620142	0.663138	0.0497848	0.000389827	0.000214638	0.000672212	0.000207997	0.00098815	0.00275279	0.0529241	0.00330983	0.000411074
54	0.329082	0.00298494	0.00953484	0.0774306	0.00362363	0.0200948	0.00172347	0.00567171	0.0465567	0.00654802	0.00484915	0.00341577	0.00184296	0.131905	0.0862426	0.251205	0.00591016	0.00724319	0.00120721	0.00292884
55	0.043338	0.00244541	0.054655	0.0054293	0.00353412	0.00755623	0.0187675	0.00611658	0.0624009	0.00622476	0.0676201	0.36471	0.00313381	0.0963288	0.14628	0.0657955	0.0130912	0.0084595	0.00256766	0.0215457
56	0.0632849	0.00129885	0.000934575	0.00124308	0.0107635	0.00813974	0.00159356	0.0112157	0.00603096	0.0133747	0.0015471	0.00703973	0.788171	0.00622986	0.00216116	0.0433935	0.0174008	0.00774398	0.000402003	0.00803154
57	0.0358543	0.00209119	0.00157491	0.00190914	0.0216953	0.00358559	0.00133721	0.100363	0.276895	0.0446478	0.00397263	0.0166709	0.00121248	0.00467074	0.21437	0.114264	0.0244092	0.0721206	0.0428297	0.0155261
58	0.023075	0.00270197	0.00135462	0.00249034	0.0137545	0.00372837	0.00132697	0.0329632	0.00250501	0.366943	0.142531	0.0404073	0.00132324	0.00227395	0.00187119	0.0922108	0.187418	0.0420779	0.00117861	0.0378648
59	0.0357053	0.00212815	0.000334759	0.000480891	0.156474	0.0035874	0.0002975	0.144864	0.00157329	0.317126	0.213302	0.000547073	0.00119462	0.000959108	0.000594896	0.00803101	0.00658467	0.093728	0.00176214	0.0107257
60	0.027354	0.00634876	0.000158158	0.000300554	0.259141	0.00822743	0.000207033	0.1542	0.000410342	0.345604	0.0648395	0.000442267	0.00228233	0.00152217	0.00129535	0.00520541	0.0167003	0.0801936	0.00863506	0.0169318
61	0.0290919	0.00182834	0.00021802	0.000404501	0.145013	0.0028092	0.000240916	0.138932	0.00169043	0.347902	0.207935	0.000420553	0.000729089	0.000826105	0.00048903	0.00604813	0.00614631	0.0966013	0.00170645	0.0109673
62	0.253319	0.00826273	0.000666219	0.00128113	0.00328743	0.628668	0.000557034	0.00261391	0.00169226	0.00405436	0.00198597	0.000962922	0.00219035	0.00107862	0.00101133	0.0599255	0.00832203	0.0182095	0.000376095	0.00153522
63	0.280798	0.0206964	0.00178807	0.00321438	0.0424574	0.213325	0.00156821	0.0711622	0.00451175	0.181863	0.0296124	0.00333794	0.00205886	0.00350485	0.00252342	0.0422354	0.0204432	0.070365	0.00146399	0.00306983
64	0.264764	0.0756989	0.00364621	0.00124753	0.0586651	0.208714	0.000929491	0.0344997	0.0013786	0.0321989	0.019974	0.00688231	0.00178552	0.00168847	0.00128883	0.135988	0.0771139	0.0697783	0.000633862	0.00312417
65	0.69815	0.00629106	0.00143069	0.00323461	0.00121865	0.060055	0.000339944	0.00362288	0.000848634	0.00370807	0.00332504	0.00511106	0.00127467	0.00102917	0.000807176	0.192577	0.00786849	0.00687021	0.000363749	0.0018738
66	0.0510407	0.00296048	0.00691247	0.0760398	0.00840407	0.00694081	0.302917	0.009144	0.00598982	0.0122862	0.00718504	0.0644889	0.00736134	0.362951	0.00331219	0.0300309	0.00989354	0.0114825	0.00183082	0.0188281
67	0.0303763	0.00642884	0.000179487	0.000287674	0.248873	0.009199	0.000178	0.163717	0.00040922	0.33905	0.0626521	0.000455759	0.00306518	0.00139052	0.00125894	0.00571397	0.0177329	0.0847174	0.0078588	0.0164568
68	0.0328498	0.00526586	0.000260024	0.000400172	0.00191006	0.925442	0.000255467	0.00100248	0.00053804	0.000960409	0.000699351	0.000563231	0.000327801	0.000487124	0.000345056	0.0196095	0.00547692	0.00294752	0.000186621	0.000472796
69	0.0188643	0.0109636	0.000199758	0.000422906	0.0136231	0.00481327	0.000260582	0.539579	0.000520466	0.0830724	0.020428	0.000524458	0.000623398	0.00224766	0.000245334	0.00794939	0.0514911	0.242023	0.00029522	0.0018536
70	0.0215868	0.00197389	0.00129714	0.00210509	0.878237	0.00398478	0.00277458	0.00610028	0.00267285	0.00514264	0.00444613	0.00282816	0.00158816	0.00274032	0.00238591	0.00674814	0.00457305	0.0253745	0.00118328	0.0222568
71	0.167658	0.0390212	0.000376139	0.000647338	0.123028	0.0853125	0.000340929	0.12531	0.000732938	0.0963948	0.0615835	0.00440823	0.000545206	0.000735161	0.000628644	0.0405255	0.0811017	0.170597	0.000283203	0.000769648
72	0.445795	0.0169676	0.000813625	0.00173765	0.0049353	0.00951056	0.00108169	0.0106525	0.00198748	0.00983147	0.00747239	0.00332316	0.00206117	0.00214282	0.00146209	0.126167	0.258499	0.0930607	0.000798613	0.00169947
73	0.0303411	0.00567127	0.000140983	0.000279777	0.221674	0.00750369	0.000169131	0.160487	0.000596938	0.344751	0.0840108	0.000359948	0.00226586	0.00176482	0.00150817	0.0055762	0.0153192	0.0875383	0.00601522	0.024026
74	0.0327568	0.00534403	0.000262442	0.000541085	0.224021	0.0149069	0.000304634	0.180153	0.000617138	0.328259	0.0745784	0.000572139	0.0101485	0.00151646	0.00139343	0.00994077	0.0187111	0.0744834	0.00581285	0.0156772
75	0.717064	0.00610891	0.000890128	0.00286337	0.000929347	0.0575062	0.000347808	0.00326725	0.000748031	0.00348744	0.00300746	0.00423096	0.00118708	0.000663362	0.000557989	0.183865	0.00578582	0.00549554	0.000304236	0.00169006
76	0.769759	0.00425002	0.000330583	0.00282843	0.000769791	0.0745651	0.000347457	0.00319388	0.000643017	0.0045235	0.00388523	0.0023099	0.000565801	0.000576588	0.000390348	0.120814	0.00109195	0.00680109	0.000272312	0.00208238
77	0.376803	0.0115526	0.00256175	0.000990518	0.00166609	0.00940104	0.000576716	0.00258954	0.0012409	0.0023628	0.00191596	0.00889752	0.00493833	0.000997763	0.00104389	0.504194	0.0433802	0.0230566	0.000522173	0.00130869
78	0.0859046	0.0282185	0.000240609	0.000689452	0.0110001	0.0197812	0.000246795	0.228383	0.000762616	0.0879768	0.0250026	0.00081003	0.00060011	0.000827286	0.000471423	0.0478331	0.17141	0.288699	0.000373216	0.00076915
79	0.281574	0.00566688	0.0005752	0.00211079	0.00251079	0.540343	0.00062337	0.00210522	0.00204472	0.00201852	0.00198219	0.00101682	0.00738487	0.000882924	0.0018174	0.119699	0.00937303	0.0152787	0.000370536	0.00262239
80	0.0673673	0.0218723	0.00249807	0.00435415	0.0147759	0.0202863	0.00188468	0.221313	0.00507247	0.0589675	0.0907009	0.00555306	0.00451415	0.0043637	0.00430621	0.0855433	0.0881623	0.290673	0.00193318	0.0058592
81	0.00845285	0.00496411	0.000167262	0.000460141	0.0154764	0.0021654	0.000177934	0.581667	0.000571722	0.0876681	0.0176886	0.000873742	0.00110742	0.00253145	0.000272917	0.00170978	0.0114801	0.25886	0.000530157	0.00317502
82	0.0335554	0.00531222	0.000260856	0.000396526	0.00193543	0.924045	0.000249404	0.00101456	0.000527957	0.000973328	0.000713331	0.000569684	0.000316555	0.000505546	0.000370967	0.0201433	0.00548728	0.00295104	0.000198726	0.000473113
83	0.214581	0.0264774	0.0022621	0.00270082	0.0124997	0.478057	0.000561918	0.00912085	0.00340845	0.0105007	0.00649815	0.00373687	0.00249071	0.00120722	0.00223857	0.144695	0.052015	0.0247709	0.000389234	0.00178871
84	0.674517	0.0470595	0.00123216	0.00180645	0.00449877	0.0216782	0.0010184	0.0452767	0.00215346	0.0190626	0.012758	0.00300628	0.00179016	0.00207772	0.00104756	0.0851466	0.0287836	0.0443286	0.000595002	0.00216375
85	0.0104335	0.0176609	0.683277	0.0363306	0.00376216	0.00502079	0.0172484	0.00614014	0.0187622	0.00592124	0.018706	0.0790963	0.00186733	0.00319585	0.0179522	0.0397423	0.0064682	0.00757178	0.00109906	0.0197445
86	0.0367853	0.00533289	0.000273353	0.000460503	0.0019627	0.918203	0.00025381	0.00111005	0.000545398	0.00105492	0.000741581	0.000568956	0.000372319	0.000665627	0.000362019	0.0218891	0.00560756	0.00311009	0.000197115	0.000503479
87	0.072216	0.000613055	0.00110049	0.00069898	0.00971017	0.00794155	0.00198255	0.0108552	0.00728128	0.00840097	0.00139084	0.0065672	0.778515	0.00725186	0.00232014	0.0496637	0.0188889	0.00768667	0.000371984	0.00654306
88	0.0431962	0.0144973	0.00371815	0.00977457	0.0181645	0.0106794	0.00310115	0.0660965	0.00732716	0.215614	0.26706	0.0216399	0.00362815	0.00803849	0.00443784	0.0520761	0.169457	0.0600273	0.00291129	0.0185551
89	0.37653	0.0113478	0.00250457	0.000997035	0.00169235	0.00928314	0.000573259	0.00260177	0.00121813	0.0025104	0.0019422	0.00882825	0.0049508	0.00101133	0.00104236	0.503884	0.0437468	0.0234886	0.000522852	0.00132416
90	0.0169794	0.00192572	0.00025745	0.000924162	0.0549558	0.00408926	0.00031	0.238655	0.00098563	0.496359	0.0819613	0.000532187	0.000465186	0.00151589	0.000402781	0.00290957	0.00673563	0.078804	0.00464985	0.00658226
91	0.0198612	0.00223855	0.000927966	0.00131389	0.261914	0.00666136	0.00676629	0.0311261	0.00569873	0.0466037	0.0268985	0.00147858	0.000985311	0.00151324	0.00111728	0.0112377	0.00285492	0.0403625	0.0131092	0.517331
92	0.0776242	0.0312443	0.000423555	0.000937475	0.00386743	0.0157802	0.000446662	0.172821	0.00075289	0.0912434	0.0289284	0.000860314	0.000707114	0.00076576	0.00069799	0.0442941	0.211389	0.316061	0.000412896	0.0007422
93	0.37189	0.0253936	0.000675828	0.00131631	0.00226716	0.0095887	0.000779278	0.00286125	0.00155072	0.00877788	0.00837094	0.00295424	0.00320932	0.00120106	0.00107031	0.238343	0.289803	0.0280372	0.000425673	0.00148539
94	0.111277	0.00180402	0.00172241	0.00333486	0.00242856	0.0640736	0.00143496	0.0215212	0.0162432	0.0424944	0.0380929	0.114316	0.00120869	0.0600858	0.0015727	0.279586	0.196728	0.0394675	0.000730269	0.00187766
95	0.0281983	0.00066886	0.011394	0.0100676	0.00165581	0.00179613	0.00447821	0.0648219	0.405922	0.0202082	0.0268986	0.0259375	0.00392219	0.0803819	0.150834	0.0286475	0.0599433	0.066003	0.00138823	0.0068324
96	0.0152217	0.00416801	0.000349459	0.000603441	0.114811	0.00357645	0.000364117	0.0716859	0.00140818	0.55701	0.142847	0.00083838	0.000992688	0.00301944	0.00069748	0.00450439	0.0051844	0.0544583	0.0011918	0.0170674
97	0.0144852	0.00427196	0.00139769	0.00279763	0.0885605	0.00665435	0.00138477	0.0941065	0.00371875	0.563396	0.0664735	0.00214834	0.0016762	0.0165108	0.00224231	0.00822115	0.00688714	0.0226771	0.00411555	0.0882747
98	0.0237947	0.000768641	0.000201044	0.00036186	0.0894292	0.0015364	0.000243991	0.139058	0.00264092	0.404772	0.219661	0.000482856	0.00033041	0.000696132	0.000290397	0.00466391	0.00485045	0.0975591	0.000827902	0.00783021
99	0.378419	0.00738334	0.000911134	0.00228521	0.00257098	0.363687	0.000969978	0.00655333	0.0023058	0.00381415	0.00251796	0.00187622	0.0206682	0.00172999	0.00160092	0.111725	0.0112636	0.075233	0.000628725	0.00385626
100	0.141103	0.000705962	0.000533719	0.000818134	0.00829564	0.00802843	0.000609944	0.016297	0.00107799	0.00657836	0.00170194	0.00247712	0.676636	0.0127387	0.000808407	0.0716121	0.0313376	0.0127129	0.000357532	0.00556937
101	0.00503525	0.00635695	0.000143804	0.000287241	0.0154103	0.00179612	0.000167086	0.629	0.000408589	0.080404	0.0172004	0.000431289	0.000686927	0.0025497	0.000183418	0.0008963	0.0154736	0.221036	0.000265155	0.00226753
102	0.398069	0.0213594	0.000793969	0.00171117	0.002559	0.00835175	0.000974017	0.00574002	0.00174144	0.00866755	0.0137054	0.00401279	0.00228025	0.00178342	0.0010826	0.208651	0.275515	0.0406707	0.000565239	0.00176644
103	0.0253189	0.00359506	0.000207939	0.000715763	0.0199076	0.00339374	0.00026829	0.492544	0.000956862	0.096152	0.0350893	0.00098467	0.000743955	0.00204651	0.000385446	0.00283253	0.011225	0.299884	0.00060587	0.00314244
104	0.574418	0.0301663	0.00064612	0.00130777	0.00363356	0.0110655	0.000816794	0.0454111	0.00157814	0.0236835	0.00664581	0.00196986	0.00253959	0.00146456	0.000977785	0.117252	0.0479681	0.125487	0.000715909	0.00225243
105	0.749524	0.0062052	0.000502205	0.00311406	0.00107968	0.0645223	0.00031483	0.00407646	0.000650761	0.00408595	0.00325979	0.00323699	0.000670101	0.000581799	0.000432717	0.145741	0.0040932	0.00592171	0.00024644	0.00174069
106	0.0149221	0.0016401	0.00134945	0.00177903	0.12193	0.00309218	0.00334505	0.00635179	0.00218744	0.0091146	0.00789533	0.00175318	0.00169981	0.00203823	0.00139475	0.0137566	0.00310465	0.0199694	0.0474627	0.735213
107	0.193128	0.0395603	0.00185867	0.00316655	0.0083717	0.0348672	0.0017646	0.0323269	0.00459027	0.108753	0.0162037	0.00577865	0.00653385	0.0048244	0.00231623	0.198105	0.26868	0.063543	0.00156595	0.00406205
108	0.0156292	0.00159039	0.00146365	0.00182462	0.118582	0.00336551	0.0022785	0.00567567	0.00243584	0.00877131	0.00762149	0.0017319	0.00180563	0.00195427	0.00138536	0.0147057	0.00344329	0.02017	0.0488131	0.736753
109	0.0327461	0.00259488	0.000749039	0.00248276	0.0809108	0.003381	0.000561123	0.151711	0.00237783	0.315647	0.26373	0.00196776	0.00071782	0.00186888	0.000843228	0.00959079	0.010885	0.107475	0.00114958	0.00861037
110	0.760559	0.00590594	0.000388994	0.0039879	0.000773783	0.0619729	0.000358829	0.00409917	0.000719877	0.00384231	0.0033715	0.00305895	0.000498644	0.00104324	0.000627853	0.140903	0.00148486	0.00439584	0.000284009	0.00172329
111	0.0119209	0.00119178	0.000164593	0.000343714	0.0464389	0.00352505	0.000190866	0.178278	0.00063294	0.624315	0.0618654	0.000400309	0.000394096	0.00109644	0.000291853	0.00177069	0.00400094	0.0572787	0.00335687	0.00254356
112	0.0776987	0.0363401	0.000417868	0.00111807	0.0116338	0.0190786	0.00039742	0.23909	0.000737248	0.0873492	0.0327294	0.00111081	0.00199508	0.000944865	0.000545387	0.0470101	0.171812	0.268625	0.000389791	0.000977023
113	0.0676587	0.00261927	0.00672397	0.00256158	0.0239075	0.0122624	0.00330466	0.0131123	0.00647077	0.0141247	0.00652718	0.0101787	0.616104	0.00883827	0.00284642	0.0530191	0.020249	0.0125826	0.00328007	0.113629
114	0.0456188	0.00496108	0.000186499	0.000402531	0.0438369	0.013674	0.000164173	0.354389	0.00043451	0.282864	0.0417406	0.00052966	0.000239504	0.000480761	0.000281184	0.00681422	0.0234689	0.178035	0.00149097	0.000387673
115	0.0650075	0.010577	0.00127589	0.00215074	0.0451959	0.0646419	0.000733855	0.289209	0.00136208	0.254166	0.0289714	0.00124891	0.00117812	0.00204143	0.00101721	0.0113975	0.0209902	0.195249	0.00145068	0.0021362
116	0.031667	0.00571856	0.00587608	0.0103472	0.0369911	0.0152736	0.00455289	0.288294	0.00911591	0.0750278	0.163931	0.0101511	0.00617961	0.116937	0.00690139	0.0254369	0.0173341	0.0360003	0.0104762	0.123789
117	0.0727422	0.000738191	0.000602225	0.000885205	0.00946516	0.00854068	0.00104596	0.0134297	0.00330354	0.00879039	0.00154337	0.00533038	0.783891	0.00721148	0.00137302	0.0470794	0.0190647	0.00789392	0.000419463	0.00664985
118	0.0283967	0.00510396	0.000723705	0.00100183	0.220622	0.0157631	0.000529781	0.132639	0.00272153	0.276055	0.0824347	0.00127506	0.0391723	0.00212749	0.00172503	0.00851419	0.0131872	0.0799445	0.00535927	0.0827041
119	0.0488437	0.00690609	0.000196504	0.000907344	0.0580975	0.00984811	0.000211952	0.296158	0.000483035	0.140181	0.00996091	0.00091993	0.000329952	0.000860311	0.000314091	0.00860717	0.0184329	0.39757	0.000271764	0.00090048
120	0.0709975	0.0153627	0.000366462	0.000984499	0.0203638	0.012112	0.000312614	0.316697	0.000933644	0.11413	0.0589042	0.000950387	0.00102433	0.000998116	0.000437436	0.0289705	0.0879221	0.265304	0.000822819	0.00240519
121	0.00233347	0.000475869	0.000330966	0.00414563	0.000758341	0.001107	0.00404016	0.00118087	0.571415	0.0112912	0.00796178	0.000625321	0.000394551	0.000642466	0.379912	0.00183003	0.00471536	0.00539613	0.000795731	0.000647797
122	0.26782	0.00132778	0.000738106	0.00159403	0.0126464	0.0124561	0.00112779	0.0134765	0.00168565	0.587657	0.0585924	0.0018663	0.00096083	0.00188369	0.00152268	0.00489107	0.00308314	0.00450825	0.0200565	0.00210552
123	0.00939422	0.00675692	0.000533279	0.000725917	0.130855	0.00474382	0.00048743	0.0566642	0.000862716	0.652759	0.0752971	0.000839632	0.000920452	0.00340889	0.000696143	0.00427164	0.00499787	0.0298525	0.00167499	0.0142586
124	0.0809815	0.0333547	0.00037751	0.00121873	0.00607782	0.0185231	0.0002804	0.230894	0.00086823	0.0735897	0.0233725	0.000819223	0.000729468	0.000691965	0.000881865	0.0493061	0.187903	0.289192	0.000208894	0.000729666
125	0.00987561	0.000996353	0.010735	0.00087608	0.00148708	0.0224501	0.00543547	0.00243839	0.00139092	0.00255596	0.00192052	0.0381409	0.0267616	0.00118554	0.000895945	0.62825	0.240055	0.00299533	0.000496318	0.00105705
126	0.0182016	0.000973166	0.0412361	0.168747	0.00137631	0.00194789	0.00230935	0.00252416	0.462814	0.00274059	0.00186125	0.00410123	0.0682373	0.0920052	0.0726848	0.0436281	0.00253869	0.0101235	0.00060132	0.00134813
127	0.106076	0.000855975	0.0203105	0.280693	0.00156421	0.00160219	0.0158492	0.00214028	0.372146	0.00213861	0.00171949	0.0401418	0.00227158	0.050903	0.0642646	0.030352	0.00213447	0.00311619	0.000471249	0.00124909
128	0.0303228	0.00479184	0.143221	0.186423	0.0146559	0.0237999	0.0343072	0.0162311	0.0328752	0.0938543	0.0141201	0.0283265	0.0177841	0.172299	0.0171856	0.0403305	0.0273333	0.0206032	0.00363678	0.0778987
129	0.0985679	0.00647361	0.0029214	0.0403971	0.00857648	0.030251	0.00343657	0.0190578	0.213873	0.101704	0.0743774	0.0200298	0.0195331	0.0469993	0.20743	0.0436903	0.0353317	0.0205798	0.0027871	0.00398343
130	0.119971	0.00743221	0.00075202	0.0530992	0.00414131	0.0340094	0.000702345	0.0125978	0.240305	0.110553	0.0767329	0.02005	0.0145257	0.0665574	0.135706	0.0472951	0.0411593	0.0125324	0.000648868	0.00122928
131	0.00503097	0.00643221	0.000147477	0.000308395	0.0152353	0.00178636	0.000166576	0.629993	0.00040824	0.0801001	0.0171311	0.000466705	0.000701118	0.00255322	0.000180532	0.00092239	0.0161913	0.219672	0.000274074	0.00229974
132	0.0189908	0.000975139	0.00248618	0.0265526	0.00170411	0.00472871	0.030949	0.027994	0.362972	0.00610422	0.0124229	0.0232844	0.024607	0.0695026	0.253272	0.0234608	0.0257848	0.0662567	0.00884994	0.00910205
133	0.0789595	0.00704913	0.00159351	0.00307277	0.0353085	0.00858027	0.000974566	0.238424	0.00299387	0.112524	0.241852	0.00295213	0.00138672	0.00302172	0.00126885	0.0150784	0.0258463	0.212026	0.00126018	0.00582767
134	0.0923543	0.00412812	0.00145473	0.0687769	0.0137066	0.0529949	0.00183819	0.0197441	0.189324	0.115454	0.0920342	0.0298268	0.0687459	0.0395515	0.098669	0.0706044	0.0199936	0.0163838	0.00140493	0.00300949
135	0.0882109	0.00457971	0.00177188	0.0612815	0.010709	0.0653753	0.00348627	0.0171036	0.202138	0.108471	0.0703391	0.0214754	0.0677817	0.0344851	0.130154	0.0557101	0.0206735	0.0308705	0.00169707	0.00368677
136	0.0397523	0.00103993	0.0262125	0.112281	0.00219934	0.0153251	0.0582501	0.0203077	0.127369	0.00275018	0.00225827	0.0578996	0.252867	0.0647606	0.00119633	0.0709504	0.0836643	0.0497132	0.000582767	0.0106207
137	0.0180451	0.00531824	0.00161738	0.00282404	0.0151602	0.005959	0.00132196	0.457801	0.00535761	0.0496662	0.018037	0.00318799	0.0184568	0.00614739	0.00214045	0.00927137	0.0107967	0.33714	0.00369897	0.0280535
138	0.0116944	0.000836539	0.0143931	0.000951758	0.00136807	0.0276017	0.00661843	0.00216416	0.00118886	0.00228418	0.00174842	0.0328359	0.0198918	0.0011346	0.000853144	0.689778	0.18073	0.00255576	0.000459523	0.000911634
139	0.0150294	0.000860185	0.000827546	0.0165798	0.00216465	0.00773183	0.0359814	0.00939822	0.362569	0.00283996	0.00503279	0.0329542	0.0207373	0.0965326	0.273277	0.0292533	0.0243626	0.0218893	0.0214641	0.0205146
140	0.0491594	0.00142135	0.00951714	0.00924008	0.0292628	0.0208094	0.000877199	0.0443578	0.143437	0.158473	0.0115032	0.020352	0.00102421	0.0106931	0.12592	0.0299361	0.265146	0.04795	0.019296	0.00162313
141	0.224682	0.00368892	0.00269992	0.294711	0.00539497	0.00736582	0.00281164	0.0102509	0.00554865	0.0327834	0.00623468	0.00559252	0.00375322	0.053762	0.00340906	0.0392704	0.127701	0.164088	0.00165591	0.00459634
142	0.00233347	0.000475869	0.000330966	0.00414563	0.000758341	0.001107	0.00404016	0.00118087	0.571415	0.0112912	0.00796178	0.000625321	0.000394551	0.000642466	0.379912	0.00183003	0.00471536	0.00539613	0.000795731	0.000647797
143	0.00580508	0.00541732	0.000108574	0.000239844	0.0180511	0.00179916	0.00015188	0.616545	0.000379374	0.0851259	0.0201029	0.000416739	0.000660504	0.00261649	0.000168603	0.000906612	0.011217	0.227427	0.000259633	0.00260165
144	0.0520935	0.00564585	0.000183706	0.000392607	0.0462496	0.0114026	0.00019011	0.333978	0.000359349	0.300592	0.0423835	0.000495171	0.000188585	0.000381014	0.000221754	0.00695794	0.0228709	0.173261	0.00178206	0.000371142
145	0.0255903	0.0022013	0.00130442	0.00216552	0.864283	0.00429325	0.00258111	0.00797672	0.00277909	0.010017	0.00514063	0.0029513	0.00169043	0.00280786	0.00254554	0.0070479	0.00567683	0.0261699	0.00125192	0.0215259
146	0.17589	0.00315602	0.000757438	0.0015385	0.00859736	0.0104785	0.000601191	0.0133819	0.00163027	0.00736144	0.00266886	0.00378147	0.584665	0.00932321	0.000798818	0.110588	0.0418579	0.0171129	0.000424725	0.00538674
147	0.00547596	0.00526232	0.000105849	0.000242912	0.0173787	0.00188659	0.000153308	0.620489	0.000373436	0.0859641	0.0185098	0.000445002	0.000682029	0.0025536	0.000187525	0.00086011	0.0110296	0.22568	0.0002506	0.00247031
148	0.106718	0.000774929	0.00054704	0.00082716	0.0318924	0.00619527	0.000402682	0.317774	0.00283245	0.0635469	0.085663	0.000983853	0.000629909	0.000835841	0.000571922	0.00405862	0.0148372	0.352474	0.00208462	0.00634969
149	0.0970009	0.0334762	0.000256296	0.000578457	0.00296695	0.0234842	0.0002413	0.195652	0.000504916	0.071881	0.0216412	0.000519459	0.000540957	0.00048214	0.00035203	0.0605917	0.203431	0.285761	0.000222557	0.000416029
150	0.144328	0.045152	0.000501996	0.00081949	0.126005	0.0758796	0.0005021	0.122048	0.000888889	0.0841074	0.06967	0.00663674	0.000642155	0.00110779	0.000770909	0.0447846	0.109538	0.165298	0.000359837	0.000960459
151	0.0481392	0.00496654	0.000188103	0.000437656	0.0459085	0.0137031	0.000171183	0.34189	0.000356785	0.290434	0.0410602	0.000611393	0.000206044	0.000419387	0.000243521	0.00711136	0.0257991	0.17641	0.00155856	0.000385383
152	0.05153	0.00532946	0.00015721	0.000593429	0.0536719	0.0138626	0.000156173	0.306075	0.000355877	0.244936	0.0287145	0.000573884	0.000195382	0.000452335	0.0002514	0.00886922	0.0248621	0.258	0.00106377	0.00034961
153	0.0982743	0.0347499	0.000255791	0.000596789	0.00302174	0.0237144	0.000249522	0.19549	0.000486418	0.072676	0.0211555	0.000544759	0.000533618	0.00048368	0.000379343	0.060947	0.204221	0.281581	0.000213269	0.000426004
154	0.257379	0.0868341	0.00749903	0.00119857	0.0245239	0.247472	0.000650647	0.0359459	0.00135044	0.0317713	0.0162044	0.0101788	0.00104527	0.0012975	0.000969923	0.138343	0.0780933	0.0562872	0.000443023	0.0025127
155	0.0296707	0.00553151	0.000142191	0.000250519	0.222222	0.00779188	0.000148188	0.157675	0.000605475	0.350258	0.0884564	0.000330048	0.00237982	0.00138376	0.00127655	0.00606288	0.0143735	0.0859826	0.00566146	0.0197973
156	0.022117	0.00166557	0.000381588	0.000735833	0.134524	0.00725217	0.000497733	0.26341	0.00088025	0.384054	0.00796567	0.00120645	0.000367979	0.000914798	0.000609248	0.00313275	0.0174473	0.151218	0.000852069	0.000768264
157	0.0763758	0.00781282	0.000273854	0.00110368	0.0694405	0.014767	0.000235471	0.231513	0.000568683	0.150732	0.00936536	0.000952596	0.000395184	0.000582675	0.000503628	0.0144229	0.0217504	0.398315	0.000326858	0.000563357
158	0.0535032	0.00076704	0.00277572	0.00126561	0.00802291	0.00902089	0.00728629	0.00861481	0.0281306	0.00759056	0.00213516	0.0205529	0.771729	0.00804972	0.00839818	0.0369667	0.0136324	0.00587944	0.000459251	0.00522002
159	0.18046	0.00162874	0.143927	0.0105397	0.0161868	0.0300966	0.00155723	0.033171	0.0578901	0.00489489	0.0566098	0.0142812	0.0446455	0.0236967	0.00182972	0.232829	0.059255	0.0820963	0.0010107	0.00339385
160	0.100917	0.0337832	0.000328199	0.000603229	0.0045781	0.0242595	0.000250117	0.195295	0.000586421	0.0746785	0.0214435	0.000578897	0.00056888	0.000526728	0.000370734	0.0612584	0.203836	0.275415	0.000239667	0.000482762
161	0.127849	0.00065894	0.000446162	0.000735585	0.00897216	0.00835923	0.000467877	0.0143554	0.000945646	0.00684368	0.00146548	0.00245663	0.696367	0.0104382	0.000659146	0.0712759	0.0299636	0.0115767	0.000338381	0.00582514
162	0.0140722	0.0028351	0.000301194	0.000594022	0.0535282	0.00525862	0.000301417	0.116224	0.000898535	0.6845	0.0605878	0.00115781	0.000470599	0.00235868	0.000532612	0.00275385	0.00313724	0.0397913	0.00256976	0.00812762
163	0.0189848	0.00471605	0.000145745	0.000495578	0.0261976	0.00455766	0.000202292	0.503494	0.000430819	0.13564	0.0287919	0.000664776	0.000531793	0.00188808	0.000204654	0.0031362	0.0134142	0.25387	0.000558047	0.00207608
164	0.224403	0.0482611	0.00432342	0.00282327	0.0567541	0.226859	0.00117954	0.0512231	0.00262729	0.0799927	0.0203248	0.00696338	0.00242212	0.00230158	0.0023055	0.130623	0.0746773	0.0575145	0.00111888	0.00330273
165	0.197122	0.143051	0.00219133	0.00325179	0.0654925	0.00849288	0.00239901	0.0106558	0.00447114	0.0179631	0.216264	0.00425032	0.0560408	0.00378043	0.003393	0.133445	0.0706637	0.0511966	0.00158494	0.00429008
166	0.0170479	0.0056457	0.000292144	0.00044042	0.187318	0.00564413	0.000294198	0.108173	0.000581625	0.513599	0.070502	0.000605164	0.00137605	0.00215728	0.000836201	0.00433563	0.00960431	0.0542626	0.00437722	0.0129073
167	0.1752	0.149546	0.00229518	0.00345076	0.114321	0.0222545	0.0023335	0.0345102	0.00460364	0.0453003	0.190867	0.00473957	0.023212	0.00354253	0.00333136	0.0636395	0.0697692	0.0806262	0.00203089	0.00442682
168	0.0226132	0.00620247	0.000366791	0.000411653	0.264832	0.0069491	0.000292795	0.124527	0.000583099	0.393351	0.0648364	0.000537188	0.00195674	0.00144331	0.0011201	0.00494706	0.0155393	0.0696211	0.00653067	0.0133392
169	0.0375974	0.00548996	0.000254999	0.000483016	0.00201446	0.915048	0.000251801	0.00101317	0.000575745	0.00122401	0.00105	0.000644579	0.000352075	0.000498292	0.000376637	0.0230109	0.00604232	0.00337962	0.000216761	0.000475874
170	0.0439171	0.0224525	0.0083894	0.00947179	0.0156371	0.01833	0.0124244	0.0846558	0.0171503	0.0237653	0.0195058	0.317173	0.00961121	0.0159085	0.0130116	0.102841	0.0270217	0.14976	0.00687306	0.0821002
171	0.0523027	0.0069581	0.000268768	0.000570661	0.183426	0.0143318	0.000413051	0.177281	0.000821876	0.345628	0.0766588	0.000723052	0.00366733	0.00139085	0.00113034	0.0126799	0.0177145	0.0866602	0.0046932	0.0126795
172	0.0170588	0.000881733	0.000162056	0.000269759	0.0711984	0.00241473	0.000188055	0.165871	0.00114008	0.533033	0.114468	0.00036632	0.000324395	0.000535226	0.000264045	0.00276909	0.00427235	0.0779882	0.00212068	0.00467401
173	0.00233347	0.000475869	0.000330966	0.00414563	0.000758341	0.001107	0.00404016	0.00118087	0.571415	0.0112912	0.00796178	0.000625321	0.000394551	0.000642466	0.379912	0.00183003	0.00471536	0.00539613	0.000795731	0.000647797
174	0.101519	0.0115871	0.00427011	0.309886	0.00943108	0.0113596	0.00393523	0.0288179	0.0102777	0.0310073	0.0129833	0.00935247	0.0059125	0.0260373	0.00697765	0.0349494	0.0974382	0.274023	0.00261156	0.00762388
175	0.130048	0.307167	0.00157034	0.00201944	0.00278472	0.0036578	0.00127384	0.0301679	0.00282043	0.0042694	0.00373311	0.0147321	0.00159925	0.00243809	0.00187696	0.425629	0.00483282	0.0561051	0.000980121	0.00229498
176	0.0801695	0.00364926	0.0287476	0.0559289	0.0234895	0.142385	0.00223739	0.0464899	0.0978696	0.194583	0.163714	0.00615008	0.00605803	0.0262465	0.00636545	0.0242178	0.0117388	0.0473858	0.00924341	0.0233308
177	0.0841235	0.0769655	0.00209684	0.0420042	0.00440575	0.00544183	0.00222934	0.0676235	0.0228496	0.0460114	0.00485096	0.0242163	0.00322234	0.00334683	0.0386377	0.029413	0.0264284	0.510954	0.00146788	0.00371116
178	0.0790007	0.0329258	0.00044951	0.000783305	0.00265326	0.016197	0.000459824	0.17025	0.000759975	0.087647	0.029599	0.000672332	0.000661512	0.000668562	0.000598227	0.0457765	0.217901	0.312023	0.000316176	0.000658511
179	0.0262618	0.000785083	0.289301	0.383201	0.00743161	0.0182367	0.0109857	0.00215947	0.042181	0.00336441	0.00169467	0.0560913	0.0130805	0.0450078	0.0249691	0.0445734	0.0190851	0.00267802	0.000581102	0.00833143
180	0.0152532	0.00104621	0.00737003	0.0167976	0.00211287	0.0194317	0.036156	0.00705906	0.285625	0.00325561	0.00725454	0.0604601	0.0205606	0.107357	0.265253	0.0443521	0.0349893	0.0170024	0.0234504	0.0252129
181	0.0226314	0.00316744	0.000630732	0.000826734	0.147623	0.00512079	0.000522005	0.323732	0.00118722	0.236901	0.111884	0.00107993	0.00164334	0.00504694	0.00211452	0.00527561	0.0113225	0.0507607	0.016397	0.0521333
182	0.202517	0.00242406	0.00169455	0.00366751	0.0197185	0.00570667	0.0270866	0.0259714	0.0218687	0.00841551	0.0053724	0.05268	0.00205122	0.0563796	0.00412995	0.197499	0.170304	0.150593	0.0188904	0.0230302
183	0.00336239	0.000889432	0.111968	0.140072	0.0012434	0.0615816	0.0302078	0.00769782	0.264775	0.0178029	0.00671011	0.163303	0.000778913	0.0500849	0.0457609	0.0387519	0.0264248	0.0213148	0.000478739	0.00679169
184	0.327434	0.0389567	0.00228881	0.00123038	0.0254872	0.110882	0.000766758	0.0142629	0.00149133	0.0299701	0.00749908	0.0123622	0.00284937	0.00117757	0.00126008	0.164322	0.190026	0.0637712	0.000463353	0.00349811
185	0.538338	0.0219998	0.000831761	0.00175502	0.00404479	0.00799613	0.000892705	0.0685019	0.00196034	0.0463464	0.0136214	0.00205107	0.00143416	0.00142302	0.00123417	0.129517	0.0594053	0.0947196	0.000783963	0.00314433
186	0.165809	0.00267979	0.0191048	0.0866548	0.0034116	0.0427985	0.00195397	0.00583067	0.0535644	0.00600546	0.00453609	0.0042626	0.00197404	0.139191	0.103189	0.338481	0.00792393	0.00781235	0.00120691	0.00361082
