272	20
1	0.0110972	0.00759484	0.000512986	0.000658386	0.213495	0.00271951	0.0366723	0.0126546	0.000725656	0.0115399	0.0112188	0.000929036	0.000832958	0.00185569	0.000823042	0.0133827	0.0169815	0.00986593	0.0222597	0.62418
2	0.229986	0.00947181	0.00105196	0.00132588	0.0149001	0.017151	0.0017737	0.128348	0.00133897	0.0760339	0.019974	0.00172349	0.000712655	0.0015139	0.00412279	0.0475554	0.0521269	0.384783	0.000486663	0.00562074
3	0.0272542	0.00596139	0.0028287	0.00738007	0.263302	0.00491813	0.0291579	0.130579	0.00417276	0.0815103	0.0198092	0.00710828	0.016425	0.00718798	0.00575313	0.015791	0.0379745	0.160594	0.0188008	0.153492
4	0.00944347	0.00435856	0.000426013	0.000985618	0.0124611	0.00053186	0.00154152	0.540158	0.000623325	0.108017	0.0391622	0.00188758	0.00159939	0.00056964	0.00152605	0.00456771	0.0172354	0.248294	0.000598011	0.00601336
5	0.0457699	0.0312214	0.0174233	0.00310768	0.162758	0.0403746	0.033636	0.0924238	0.00209766	0.111494	0.0879878	0.0424673	0.0118434	0.0164877	0.0201381	0.0764849	0.0640229	0.0639153	0.00130293	0.0750438
6	0.0354654	0.0110207	0.00113842	0.010549	0.0929137	0.0108299	0.0252563	0.178191	0.00728263	0.206158	0.0753393	0.00887186	0.0173728	0.0133792	0.0120547	0.0118808	0.0366462	0.187303	0.0088338	0.0495134
7	0.012019	0.00992565	0.000628274	0.00189758	0.196085	0.00406406	0.0539568	0.00949119	0.0019539	0.0111901	0.0118565	0.0014703	0.000483378	0.00426582	0.00140101	0.0176074	0.0160673	0.0077374	0.0229903	0.614909
8	0.0265112	0.00625641	0.480518	0.242505	0.00164234	0.00552702	0.0228758	0.00447848	0.00756913	0.00316068	0.00459874	0.072197	0.0123892	0.0318471	0.00843604	0.0329601	0.0247486	0.00457082	0.000478717	0.00672969
9	0.49425	0.0408995	0.000650165	0.000908534	0.00434678	0.148706	0.00119306	0.0133537	0.000876235	0.00210912	0.00129722	0.00460086	0.00732054	0.0029522	0.00264757	0.202026	0.0415881	0.0292549	0.000291631	0.000727722
10	0.0449088	0.0161696	0.00061835	0.00973998	0.072738	0.0108853	0.0170056	0.190475	0.00490751	0.196842	0.0853568	0.00643248	0.0167715	0.0126146	0.00974962	0.0114748	0.0317696	0.224605	0.00614606	0.0307897
11	0.0240319	0.0137012	0.00161681	0.00693021	0.0592886	0.0160015	0.0332568	0.138589	0.0308154	0.295542	0.083683	0.00664507	0.0157559	0.0230032	0.0198776	0.0148698	0.0176786	0.089573	0.0267916	0.0823489
12	0.0377894	0.0126448	0.00107595	0.0089318	0.0724678	0.0138307	0.0264906	0.169256	0.00868224	0.234951	0.0934366	0.0076533	0.0168531	0.014072	0.0174187	0.010887	0.0299357	0.172465	0.00818704	0.0429713
13	0.0211061	0.00626048	0.00122265	0.00443633	0.201323	0.00422532	0.0336988	0.0826819	0.00385953	0.0908453	0.0251646	0.00477361	0.00841672	0.00644762	0.00435391	0.0153359	0.0290342	0.0948813	0.0192925	0.34264
14	0.493382	0.0409647	0.000671769	0.000943873	0.00441836	0.149181	0.00120936	0.0134877	0.000873662	0.00215641	0.00134366	0.00470875	0.00745793	0.00297955	0.00268919	0.20118	0.0418934	0.0294441	0.000293761	0.000720906
15	0.0421913	0.0109619	0.224957	0.399077	0.0013519	0.00343923	0.0225264	0.00628053	0.0105716	0.00262517	0.00727811	0.0697009	0.0260611	0.0610979	0.0113421	0.0559876	0.0314631	0.00626027	0.0004671	0.00635972
16	0.0460973	0.0220187	0.023446	0.0235938	0.0113558	0.0217505	0.190449	0.0120782	0.0151523	0.0156511	0.0100032	0.310481	0.00295596	0.0184908	0.0214912	0.138188	0.0946504	0.012939	0.00189233	0.0073147
17	0.00819796	0.0172792	0.00115	0.00147484	0.0017162	0.00136978	0.00190531	0.18712	0.00653891	0.461379	0.00284413	0.00223261	0.000780543	0.00165965	0.00197331	0.00330028	0.0141428	0.283214	0.000446217	0.00127544
18	0.228258	0.0801955	0.00294954	0.00473244	0.0211061	0.0121898	0.00540641	0.0815279	0.00493885	0.0102082	0.00683587	0.124996	0.00256868	0.00568333	0.00630258	0.0452725	0.211089	0.140269	0.00161013	0.00386039
19	0.0515886	0.015857	0.00483812	0.0522311	0.00338615	0.0246132	0.0108823	0.0209148	0.192524	0.0110244	0.0171834	0.0190031	0.07878	0.0728897	0.2803	0.0563763	0.0482317	0.0384198	0.000243482	0.000712859
20	0.0128792	0.0132473	0.00174785	0.00307072	0.380884	0.00680192	0.0238172	0.0466182	0.00462037	0.269852	0.0622861	0.00385422	0.00319167	0.010384	0.00411885	0.0076267	0.0136984	0.0606694	0.00240309	0.0682293
21	0.019356	0.0090731	0.00123806	0.0140828	0.0956627	0.00465459	0.0187514	0.232776	0.00382188	0.135241	0.0375594	0.00726168	0.0106675	0.00847685	0.00583922	0.0134791	0.0331653	0.276354	0.00660309	0.0659369
22	0.0468433	0.0108345	0.0360194	0.0459273	0.00748029	0.615957	0.0117425	0.00751669	0.0320381	0.0125996	0.0065369	0.0175978	0.00687036	0.0110988	0.0128845	0.0682648	0.0236504	0.00914113	0.00136112	0.0156351
23	0.0376746	0.00193186	0.000817102	0.00112669	0.0201344	0.000909888	0.00142058	0.310687	0.00105814	0.218253	0.147347	0.00366302	0.00106767	0.00126312	0.00106607	0.00765895	0.0220843	0.220007	0.000622028	0.00120705
24	0.0764197	0.35974	0.00241285	0.00347321	0.0243096	0.022445	0.00705723	0.06358	0.00325731	0.026283	0.0149302	0.0316459	0.00326037	0.0163296	0.00853138	0.144809	0.0511076	0.130946	0.000991241	0.00847022
25	0.0297825	0.0079755	0.000819324	0.0154229	0.0899408	0.00824134	0.0206804	0.19757	0.00809978	0.190095	0.0579848	0.0114202	0.017287	0.0150884	0.0107986	0.0113331	0.0368181	0.218404	0.00985029	0.0423875
26	0.0332515	0.0013109	0.000838145	0.00111956	0.0193666	0.000780594	0.00134942	0.315133	0.00117941	0.224606	0.140703	0.00370321	0.000985112	0.00110204	0.000965802	0.00564583	0.0206091	0.225595	0.000666661	0.00108964
27	0.0120708	0.00708543	0.00386006	0.00587581	0.0563655	0.00501617	0.0675792	0.147163	0.00578709	0.0542196	0.108105	0.0678383	0.00315977	0.00602181	0.0275473	0.155937	0.129519	0.0499049	0.0823898	0.0045541
28	0.0695359	0.00615274	0.0604223	0.171715	0.0104666	0.0158944	0.0255027	0.0389751	0.102548	0.0444215	0.0302937	0.0506234	0.0179891	0.102338	0.0866544	0.0525495	0.0598072	0.049905	0.000281743	0.00392343
29	0.0154206	0.0130183	0.00148728	0.00188335	0.370541	0.0090927	0.0432909	0.0248946	0.00408236	0.249874	0.0618681	0.00274105	0.00242358	0.016168	0.00264076	0.00580163	0.0115725	0.0404786	0.00289172	0.119829
30	0.0659364	0.253598	0.00618395	0.00705177	0.0414858	0.0806538	0.0207363	0.0523879	0.00596919	0.0375694	0.0454006	0.019982	0.00724131	0.0143319	0.0119131	0.0964297	0.0669723	0.0847651	0.00180944	0.0795821
31	0.0776547	0.0110643	0.0359334	0.0309649	0.0173491	0.0489771	0.0185532	0.0315309	0.0358627	0.0299389	0.0480992	0.0519074	0.0690604	0.0394781	0.0858432	0.213678	0.131599	0.0185839	0.000982429	0.00293962
32	0.00493919	0.00168006	0.00654362	0.0072042	0.00167194	0.00146295	0.0403667	0.00262524	0.0893674	0.0148788	0.00439264	0.00874388	0.000873089	0.0244944	0.749335	0.0152844	0.00405707	0.0150134	0.00056833	0.00649736
33	0.04574	0.00941774	0.0675013	0.0804148	0.00784769	0.412777	0.0186159	0.01001	0.0579477	0.0195657	0.0114624	0.0366686	0.00489975	0.0360697	0.0434239	0.0774444	0.0313802	0.00947874	0.00162646	0.0177078
34	0.0394731	0.00758013	0.0345613	0.0279948	0.00269111	0.0108441	0.0152378	0.0116253	0.0155589	0.015145	0.00708483	0.133808	0.00757968	0.0139179	0.0194231	0.238951	0.378683	0.0142211	0.000993774	0.00462647
35	0.00249546	0.00224	0.000565803	0.00451703	0.0117834	0.0025412	0.00417133	0.106035	0.00297155	0.792866	0.020071	0.0047424	0.000380667	0.000942057	0.00577079	0.00779677	0.00191087	0.0186892	0.000206279	0.00930276
36	0.0132713	0.0129176	0.00182896	0.00226612	0.406172	0.00842319	0.0305247	0.0282999	0.0041895	0.240123	0.0657868	0.00399754	0.00291521	0.0126361	0.00383692	0.00846105	0.0134066	0.0448781	0.00258785	0.0934779
37	0.00747217	0.0039508	0.0036285	0.0342425	0.00314134	0.00258028	0.0233673	0.081307	0.486056	0.0386563	0.0827151	0.00611921	0.00243406	0.0606438	0.0855513	0.0204497	0.0124913	0.0417558	0.000983031	0.00245498
38	0.0444211	0.0331866	0.0175478	0.00311959	0.17577	0.0484483	0.0264738	0.0907807	0.00230135	0.0984254	0.0786292	0.0401669	0.00921034	0.0207343	0.0266996	0.0772645	0.0622981	0.065123	0.00119414	0.0782056
39	0.141868	0.175722	0.00556325	0.00796147	0.0177903	0.0232443	0.00992213	0.0348064	0.00705087	0.04616	0.0197814	0.0218159	0.00855464	0.0157659	0.0115913	0.316953	0.0834092	0.040694	0.00198236	0.0093644
40	0.0154866	0.00626874	0.00287357	0.0073946	0.0551964	0.00202872	0.00622918	0.262808	0.00488672	0.364948	0.137237	0.00292354	0.00257737	0.00529427	0.00231803	0.00532111	0.0125521	0.097113	0.00118481	0.00535754
41	0.0348939	0.00111081	0.000833299	0.00109627	0.0199642	0.000806849	0.00133244	0.315814	0.00107819	0.219219	0.147399	0.0037736	0.000958147	0.00109607	0.000969226	0.00636758	0.021302	0.220289	0.00066154	0.00103491
42	0.0369482	0.0266548	0.030882	0.0306571	0.0130109	0.0302172	0.0509879	0.0289615	0.0877185	0.0614789	0.0458773	0.0957118	0.00226441	0.0473393	0.128557	0.17199	0.0723745	0.00584268	0.00726329	0.0252629
43	0.03787	0.0091911	0.414204	0.188141	0.00471304	0.0274556	0.0341029	0.0086981	0.0245352	0.00957448	0.00717194	0.0657237	0.0073366	0.0351294	0.0158192	0.051923	0.0315228	0.00967247	0.00242097	0.0147941
44	0.0140517	0.00357342	0.000464783	0.000557508	0.0087621	0.000423875	0.000979064	0.518587	0.000622607	0.117783	0.0609418	0.00249406	0.00197506	0.000592754	0.0013721	0.00421578	0.0180855	0.241282	0.000925833	0.00230978
45	0.227211	0.00970846	0.00102754	0.0013456	0.0145497	0.0166433	0.00186457	0.132535	0.00134706	0.0778597	0.0204159	0.0016928	0.000741725	0.00154246	0.00418525	0.0484466	0.0521084	0.380625	0.000576713	0.00557219
46	0.0558962	0.0383351	0.0386455	0.0802385	0.0243646	0.0250242	0.0437835	0.0455215	0.03399	0.0703589	0.0247095	0.105829	0.000618509	0.0634313	0.019747	0.150627	0.0973585	0.0481913	0.00300177	0.0303273
47	0.0107133	0.00769506	0.000477474	0.000629713	0.209019	0.00262944	0.0358346	0.009833	0.000699976	0.0098178	0.0103698	0.000883094	0.000446567	0.00169251	0.000788679	0.0134361	0.0153123	0.00682056	0.0220087	0.640892
48	0.00251048	0.00220824	0.000542638	0.00450908	0.0115179	0.0025715	0.00419634	0.106344	0.00296468	0.793371	0.0195474	0.0047589	0.000388666	0.000926177	0.00577677	0.00787336	0.00198081	0.0185486	0.000207936	0.0092563
49	0.0417794	0.0284165	0.0639031	0.0332299	0.0377269	0.0222856	0.249936	0.0278728	0.0237013	0.0423663	0.0227944	0.0646134	0.00617199	0.0336514	0.0225308	0.0704925	0.0828609	0.0336327	0.00667939	0.0853549
50	0.111993	0.0157165	0.0781267	0.0787955	0.00104808	0.0436674	0.0582742	0.00574809	0.0225884	0.0142432	0.00170103	0.141005	0.000602717	0.0199308	0.0371551	0.264521	0.0865981	0.0166732	0.000315436	0.00129607
51	0.0576139	0.0263631	0.00286986	0.00689618	0.00279306	0.0462015	0.00882205	0.00544868	0.0128399	0.00819488	0.00734294	0.0354528	0.00164341	0.0227696	0.0236647	0.543816	0.175674	0.00484566	0.00405687	0.00269141
52	0.0403773	0.0726039	0.00761461	0.0112149	0.0904914	0.0297511	0.068825	0.0148904	0.00185024	0.0832877	0.0336319	0.0192123	0.0192912	0.0191713	0.0030527	0.116212	0.0925613	0.111491	0.000609907	0.16386
53	0.0518955	0.024894	0.041638	0.0450727	0.0175885	0.0731836	0.277123	0.0182091	0.0291908	0.0278401	0.0180017	0.0810557	0.00625363	0.0264147	0.0315423	0.128575	0.0587571	0.018374	0.00386919	0.0205217
54	0.269913	0.0286057	0.0170877	0.0222094	0.00562927	0.298003	0.00693787	0.011203	0.0146383	0.00859766	0.00489463	0.0149497	0.00802657	0.0108424	0.0101718	0.197578	0.0452337	0.0196625	0.00106241	0.00475316
55	0.0363219	0.0243497	0.0283378	0.0258234	0.0131443	0.0286451	0.0539321	0.0244575	0.0895329	0.0552936	0.042831	0.106351	0.00239351	0.0434718	0.13164	0.190375	0.0645786	0.00463082	0.00846175	0.0254278
56	0.0100926	0.00656408	0.00115894	0.00555362	0.106844	0.00505208	0.0118839	0.0899413	0.00521032	0.589678	0.0467425	0.00395183	0.00248167	0.00510145	0.00502354	0.0073975	0.00808323	0.0591609	0.000928511	0.02915
57	0.0366369	0.0264832	0.0262608	0.0272553	0.0112701	0.0278355	0.0468078	0.0258531	0.0850158	0.0496927	0.0385056	0.0955665	0.00232034	0.0460096	0.130841	0.207175	0.0808928	0.00508112	0.00686401	0.0236331
58	0.0757681	0.0346939	0.0216045	0.0211713	0.0147459	0.0478024	0.0145728	0.0263367	0.0234816	0.0631149	0.0344544	0.030043	0.135238	0.0277928	0.0710263	0.188095	0.14294	0.0202864	0.00114832	0.00568334
59	0.0568659	0.022745	0.00267985	0.016894	0.00276708	0.0493986	0.0247	0.0056726	0.0390341	0.00709445	0.0172786	0.0129294	0.00217464	0.0339832	0.0512494	0.473166	0.151679	0.00542877	0.021216	0.00304303
60	0.059014	0.031638	0.0187568	0.0176895	0.00308341	0.0141111	0.0147523	0.00704734	0.0264644	0.00866497	0.00916768	0.330316	0.00182481	0.0260849	0.0116393	0.148515	0.243811	0.0219559	0.000888507	0.00457536
61	0.0874875	0.246914	0.00606809	0.00661467	0.017507	0.0153243	0.0380541	0.0548275	0.00790288	0.0343141	0.0185841	0.0162514	0.00564473	0.0123215	0.0222391	0.0523497	0.0330621	0.309831	0.00271871	0.0119832
62	0.00341945	0.00235217	0.000562981	0.00634963	0.0224691	0.00326325	0.00441215	0.0820908	0.00366892	0.788376	0.0224966	0.00395572	0.000374252	0.000923428	0.00451576	0.00782763	0.00175632	0.0257146	0.00021351	0.0152574
63	0.00585715	0.00544106	0.000295497	0.000426102	0.00463297	0.00040619	0.000982443	0.596406	0.000454319	0.0778951	0.02495	0.0017557	0.00196988	0.000452819	0.00171793	0.00422254	0.0179363	0.250472	0.000682505	0.00304325
64	0.0415396	0.00780096	0.412414	0.113108	0.00225479	0.0213334	0.0341978	0.00653158	0.0148914	0.00774374	0.00406863	0.115968	0.00505181	0.0174517	0.016377	0.102609	0.0616844	0.00920213	0.000644853	0.00512829
65	0.0433506	0.0319366	0.00854497	0.0102149	0.0191366	0.00576505	0.00654259	0.0573166	0.0277169	0.101631	0.127705	0.0117258	0.00266007	0.0601812	0.0424301	0.0510021	0.21214	0.164465	0.00690434	0.00863028
66	0.00819796	0.0172792	0.00115	0.00147484	0.0017162	0.00136978	0.00190531	0.18712	0.00653891	0.461379	0.00284413	0.00223261	0.000780543	0.00165965	0.00197331	0.00330028	0.0141428	0.283214	0.000446217	0.00127544
67	0.0372384	0.00832923	0.0223269	0.0528217	0.00602674	0.012454	0.0219283	0.0381354	0.280582	0.0372239	0.0429645	0.0261155	0.0176852	0.0793923	0.204739	0.0464157	0.0291403	0.031623	0.000608059	0.00424971
68	0.00819796	0.0172792	0.00115	0.00147484	0.0017162	0.00136978	0.00190531	0.18712	0.00653891	0.461379	0.00284413	0.00223261	0.000780543	0.00165965	0.00197331	0.00330028	0.0141428	0.283214	0.000446217	0.00127544
69	0.088094	0.036615	0.00206188	0.00543994	0.0025128	0.0331241	0.005512	0.00668036	0.00737637	0.00829162	0.00489314	0.0162541	0.00178853	0.00964364	0.0195451	0.321847	0.417034	0.00899702	0.00190155	0.00238816
70	0.00857074	0.00601917	0.000883593	0.00469375	0.159078	0.00474816	0.0162252	0.0613289	0.00690209	0.583007	0.0403947	0.00281112	0.00109895	0.00534992	0.0030802	0.00583211	0.00541664	0.0417461	0.000861257	0.0419522
71	0.0244658	0.0229828	0.0027851	0.0174033	0.130844	0.00514232	0.122436	0.0115232	0.0151078	0.0176897	0.0100461	0.00543534	0.00167266	0.0355792	0.0117081	0.0258036	0.0308499	0.010022	0.0679222	0.430581
72	0.0352268	0.0199577	0.0135914	0.0142151	0.0247536	0.00312717	0.00433635	0.0480137	0.0470268	0.0679482	0.0879798	0.0163207	0.00159623	0.0583988	0.0402103	0.049223	0.310131	0.133888	0.0112237	0.012832
73	0.61404	0.00967589	0.00137323	0.00180413	0.00194551	0.00218101	0.00233416	0.00343517	0.00195138	0.00423324	0.00289126	0.00273449	0.0372117	0.00222734	0.00250007	0.275745	0.0276729	0.00357838	0.000840119	0.0016252
74	0.0733111	0.00273128	0.00755871	0.0085248	0.00230287	0.00380468	0.00518476	0.0145194	0.00572114	0.01242	0.00525753	0.00315259	0.749117	0.0234061	0.010771	0.0341803	0.0130918	0.022539	0.000598651	0.0018077
75	0.0662479	0.0116956	0.187494	0.257042	0.00422755	0.0650134	0.0238469	0.0111948	0.0509152	0.0157807	0.0104978	0.0614356	0.00528096	0.0630847	0.027147	0.0785847	0.0383543	0.0134068	0.00248509	0.00626494
76	0.0271495	0.00780888	0.00087807	0.0120203	0.0748815	0.0125494	0.0351752	0.176939	0.0112216	0.243768	0.0742612	0.010143	0.0148087	0.0168749	0.0164939	0.0100414	0.0285923	0.163618	0.0104375	0.0523382
77	0.00254278	0.00229708	0.000555011	0.00476512	0.0121129	0.00260574	0.0043509	0.100435	0.00299514	0.793982	0.0213559	0.00469454	0.000347513	0.00085132	0.00604666	0.00816342	0.00171406	0.0201987	0.000198254	0.00978802
78	0.037017	0.00829001	0.454511	0.157152	0.00530201	0.0230869	0.0255366	0.00905222	0.0240785	0.0119712	0.00817862	0.0698858	0.00771581	0.0307664	0.0188461	0.0555777	0.0341199	0.00973046	0.00196318	0.0072194
79	0.00568749	0.00548346	0.000297696	0.000430452	0.00450596	0.000401961	0.000975514	0.598245	0.000450823	0.0771075	0.0244689	0.00174652	0.00195264	0.000449733	0.00172095	0.00418787	0.017938	0.250237	0.00066497	0.00304775
80	0.0107133	0.00769506	0.000477474	0.000629713	0.209019	0.00262944	0.0358346	0.009833	0.000699976	0.0098178	0.0103698	0.000883094	0.000446567	0.00169251	0.000788679	0.0134361	0.0153123	0.00682056	0.0220087	0.640892
81	0.300208	0.0348751	0.000903811	0.00131513	0.00395675	0.100814	0.00180881	0.00984533	0.00171689	0.00492761	0.00175732	0.00986041	0.00456037	0.0105244	0.00445043	0.446168	0.0437036	0.0171336	0.000555185	0.000915385
82	0.011235	0.0122597	0.00139165	0.00191335	0.445053	0.00689067	0.0290898	0.019071	0.00385254	0.245757	0.0583583	0.00224126	0.00177254	0.0117604	0.00239434	0.00484211	0.0102868	0.0428078	0.00211686	0.0869063
83	0.49425	0.0408995	0.000650165	0.000908534	0.00434678	0.148706	0.00119306	0.0133537	0.000876235	0.00210912	0.00129722	0.00460086	0.00732054	0.0029522	0.00264757	0.202026	0.0415881	0.0292549	0.000291631	0.000727722
84	0.00688389	0.00510621	0.000308174	0.000452174	0.0053223	0.00038141	0.00101049	0.583377	0.000469948	0.0834672	0.0307885	0.00189008	0.00196059	0.000482451	0.00164115	0.00427866	0.0183094	0.250143	0.000752347	0.00297494
85	0.00568749	0.00548346	0.000297696	0.000430452	0.00450596	0.000401961	0.000975514	0.598245	0.000450823	0.0771075	0.0244689	0.00174652	0.00195264	0.000449733	0.00172095	0.00418787	0.017938	0.250237	0.00066497	0.00304775
86	0.0626825	0.0642424	0.00254091	0.00401758	0.0311086	0.00554285	0.00630931	0.114053	0.0045573	0.240879	0.171614	0.00577093	0.00733373	0.00996612	0.00832572	0.0623773	0.0465502	0.144249	0.00116509	0.00671447
87	0.0519892	0.0146299	0.00522113	0.0472766	0.0677045	0.0060588	0.241094	0.00937644	0.0416393	0.0312645	0.00780462	0.00720239	0.00329907	0.0786183	0.0268416	0.048981	0.0385209	0.0106326	0.0372599	0.224585
88	0.0661676	0.0176817	0.159095	0.266129	0.00622233	0.0274508	0.0249624	0.0135628	0.0461037	0.0265416	0.0206689	0.0610319	0.0114693	0.0791718	0.0336956	0.0803895	0.0373275	0.0133733	0.0015918	0.00736392
89	0.00568749	0.00548346	0.000297696	0.000430452	0.00450596	0.000401961	0.000975514	0.598245	0.000450823	0.0771075	0.0244689	0.00174652	0.00195264	0.000449733	0.00172095	0.00418787	0.017938	0.250237	0.00066497	0.00304775
90	0.0432383	0.0152499	0.000613103	0.00979178	0.0700663	0.0105817	0.016981	0.196447	0.00501001	0.199124	0.0864863	0.00645938	0.0156266	0.0129391	0.00936125	0.0113819	0.0307653	0.223661	0.00610526	0.0301113
91	0.0369692	0.0670605	0.00927822	0.0123978	0.0924375	0.0340478	0.0691082	0.0160783	0.00183514	0.0890977	0.0376392	0.0226948	0.0172266	0.0202109	0.0034805	0.114412	0.0985844	0.102377	0.000779685	0.154284
92	0.00493919	0.00168006	0.00654362	0.0072042	0.00167194	0.00146295	0.0403667	0.00262524	0.0893674	0.0148788	0.00439264	0.00874388	0.000873089	0.0244944	0.749335	0.0152844	0.00405707	0.0150134	0.00056833	0.00649736
93	0.0775045	0.0106344	0.068774	0.0980807	0.0128793	0.022848	0.0263861	0.0180183	0.131995	0.0467741	0.0308909	0.0600698	0.00498587	0.114935	0.130501	0.0818396	0.0359996	0.0198892	0.000146729	0.00684823
94	0.0663655	0.216516	0.00938519	0.012297	0.0612922	0.0226245	0.0259284	0.0461193	0.0101052	0.0527531	0.0531684	0.0307039	0.0115047	0.0214171	0.0168935	0.145391	0.0831858	0.0673893	0.00440961	0.0425496
95	0.0230064	0.0268246	0.00695308	0.0184693	0.146082	0.00919171	0.0313651	0.0743859	0.0114121	0.0771645	0.0425772	0.0335606	0.00793901	0.0142114	0.0301729	0.0905451	0.0888959	0.044727	0.175885	0.0466317
96	0.111804	0.0157637	0.0782476	0.0788457	0.00104902	0.0434753	0.0582871	0.00575164	0.0224582	0.0143676	0.00171464	0.140773	0.00063812	0.0199009	0.0371719	0.264921	0.0864297	0.0167853	0.000313839	0.00130134
97	0.0666567	0.0128525	0.189164	0.236918	0.00443826	0.0648057	0.0255825	0.00950026	0.0570766	0.0125153	0.00867921	0.0650851	0.00216102	0.0593657	0.0318412	0.0878637	0.0421599	0.0131138	0.00307743	0.00714314
98	0.0411031	0.00894018	0.0510427	0.157929	0.0198357	0.0138487	0.0370749	0.085072	0.0681949	0.0385057	0.0293204	0.110682	0.00375417	0.0530907	0.0543979	0.0414966	0.0992824	0.0779022	0.000395737	0.00813099
99	0.0741597	0.00203833	0.00690823	0.00744756	0.00169118	0.00147904	0.00453396	0.014238	0.00472481	0.0109017	0.00416554	0.00234969	0.770814	0.0231109	0.00875349	0.0288808	0.0100894	0.021831	0.000580747	0.00130221
100	0.0744149	0.013715	0.200911	0.199662	0.0050094	0.0701489	0.0280972	0.0100203	0.0613275	0.0114136	0.00914559	0.069284	0.000840215	0.054443	0.0295207	0.092345	0.0447466	0.0148193	0.00374042	0.00639569
101	0.0753129	0.0111633	0.090648	0.11243	0.0115743	0.0283689	0.027204	0.0169334	0.12181	0.0412786	0.0285816	0.0608051	0.00417103	0.106465	0.116215	0.0834138	0.0364471	0.0196062	0.000568244	0.00700426
102	0.00753965	0.00228336	0.00775709	0.0109184	0.00233318	0.00238737	0.0399658	0.0047177	0.0899264	0.0159926	0.00569071	0.0115979	0.00274029	0.0280027	0.719536	0.0176412	0.00721105	0.01672	0.000595296	0.00644316
103	0.0510905	0.016502	0.0121446	0.0193757	0.0193175	0.0159649	0.0206792	0.0352524	0.0381	0.0868719	0.0627804	0.0179429	0.325949	0.0321037	0.0798248	0.0596179	0.0470853	0.0413997	0.00296761	0.0150304
104	0.0343716	0.00419183	0.144998	0.0946655	0.00322743	0.00519563	0.0164448	0.0289894	0.0296206	0.0188858	0.00554825	0.117037	0.0486425	0.00584593	0.0178217	0.168567	0.234052	0.0180277	0.00106363	0.00280418
105	0.0804372	0.00814214	0.0463374	0.0343037	0.0169194	0.0874882	0.0124235	0.039044	0.0276815	0.025575	0.0490243	0.0432431	0.0613093	0.0326418	0.0824271	0.190555	0.136414	0.0240319	0.000618987	0.00138188
106	0.0789014	0.0122389	0.0634007	0.0625818	0.0013633	0.0404268	0.0520446	0.0054484	0.0165464	0.0106561	0.00285819	0.251659	0.000715013	0.0193285	0.0294327	0.246307	0.0916528	0.0128946	0.000355593	0.00118773
107	0.00384831	0.00247297	0.000599831	0.00597883	0.0284298	0.00310557	0.00464936	0.0810086	0.0041133	0.782968	0.0214211	0.00373603	0.000418712	0.00101723	0.00416679	0.00742355	0.00192795	0.026302	0.000208509	0.0162031
108	0.0349587	0.00163288	0.000847627	0.00124925	0.0212838	0.00110045	0.00175436	0.307918	0.0013203	0.216592	0.151738	0.00384144	0.00129148	0.00133977	0.00146411	0.00648521	0.0219371	0.220962	0.000668754	0.00161383
109	0.0628713	0.0120255	0.252518	0.218616	0.00382869	0.0594217	0.0250342	0.00911184	0.051766	0.0106222	0.00813091	0.0660409	0.0034848	0.0518371	0.0253426	0.0799586	0.0381532	0.0123365	0.00270461	0.00619481
110	0.0438986	0.0288504	0.0408833	0.0364225	0.0151282	0.0310402	0.0484068	0.0286378	0.0647938	0.0570463	0.0368846	0.100326	0.00420119	0.063662	0.0738044	0.197391	0.0819675	0.0162495	0.00480018	0.025606
111	0.0253862	0.00328453	0.00172771	0.00343724	0.0259963	0.00110228	0.00305418	0.294589	0.00316602	0.286619	0.155964	0.0040299	0.000896479	0.00313817	0.00194525	0.00857286	0.0174392	0.157497	0.000704717	0.00145037
112	0.0275529	0.0020495	0.00151738	0.00284662	0.0258801	0.000723271	0.00209828	0.303416	0.00200145	0.263286	0.15858	0.00331732	0.000729637	0.00183935	0.00106775	0.00593292	0.0187741	0.177099	0.000472529	0.000815884
113	0.0627684	0.016141	0.0486515	0.0697057	0.0160584	0.0266498	0.035789	0.0206827	0.109372	0.0496224	0.0327918	0.0796158	0.00750751	0.0815016	0.133223	0.131624	0.0506977	0.0132956	0.00263852	0.011663
114	0.0439415	0.0130857	0.00905214	0.0247187	0.0167913	0.0113859	0.020318	0.140269	0.0905041	0.123182	0.135242	0.0456344	0.00521783	0.0291648	0.0757448	0.0273636	0.0343057	0.141191	0.00296195	0.00992511
115	0.00480299	0.00474279	0.00141071	0.00543476	0.0171725	0.00278468	0.00468245	0.106368	0.00628582	0.728596	0.0519371	0.00828699	0.000938129	0.00208634	0.0059547	0.0116708	0.00356591	0.0238163	0.000324061	0.00913968
116	0.0497968	0.0108719	0.208607	0.345377	0.00239971	0.0210543	0.0232781	0.00841167	0.0252612	0.007706	0.00848911	0.0705398	0.0178587	0.0617854	0.0178834	0.0649514	0.0389014	0.00931425	0.00116663	0.00634569
117	0.0768858	0.0103146	0.0680909	0.102503	0.0124865	0.0223504	0.0264679	0.0181668	0.129843	0.0475065	0.0315823	0.0591829	0.00542438	0.116362	0.127799	0.0807917	0.0369456	0.0203427	0.000189982	0.00676338
118	0.0184795	0.0210852	0.002423	0.00868644	0.157723	0.0085406	0.100087	0.0111569	0.0077129	0.0192931	0.0136262	0.00774569	0.00180636	0.0143615	0.00647786	0.0278098	0.0258165	0.0147483	0.0263415	0.506078
119	0.158361	0.0143811	0.0175585	0.0333557	0.00401956	0.0287927	0.0143016	0.0149308	0.0431399	0.0217596	0.0147166	0.0544789	0.00933176	0.0487467	0.050423	0.290838	0.157309	0.0139151	0.00385679	0.00578389
120	0.0466342	0.0323341	0.0467761	0.0413489	0.0148113	0.0308763	0.045091	0.0276352	0.0567959	0.0541805	0.0328691	0.108363	0.00162573	0.0598059	0.0606857	0.200496	0.0868905	0.0201224	0.0042778	0.02838
121	0.0756659	0.0123306	0.0619945	0.0631732	0.00172122	0.0396011	0.056717	0.00591564	0.0160716	0.0110576	0.00305497	0.256913	0.00075529	0.0207951	0.0282954	0.241277	0.0893954	0.0130476	0.000426608	0.00179114
122	0.00452977	0.00365177	0.000745729	0.00528002	0.019621	0.00304092	0.00512628	0.102994	0.00432516	0.754974	0.0266318	0.00458622	0.000849578	0.00197788	0.0055881	0.0080643	0.00350356	0.0323136	0.000364255	0.0118322
123	0.054386	0.0119929	0.142813	0.295135	0.00557373	0.0211005	0.0252675	0.017052	0.0361211	0.0171835	0.0127004	0.082326	0.0151947	0.0667239	0.029766	0.0778073	0.0617015	0.0193998	0.00103419	0.00672113
124	0.0741307	0.0137724	0.200912	0.199812	0.00465585	0.0712434	0.0277658	0.00988181	0.0621197	0.0111995	0.00848525	0.0697041	0.000771746	0.0551158	0.0298211	0.0924721	0.0436477	0.014526	0.00352496	0.00643813
125	0.0110272	0.00602068	0.00537394	0.0107657	0.037478	0.00119022	0.00477341	0.273536	0.00746718	0.399822	0.149394	0.00263307	0.000787211	0.00541578	0.00222266	0.00527279	0.0112921	0.0639322	0.000482132	0.00111413
126	0.0290887	0.00483274	0.000601328	0.00111414	0.0103519	0.0020974	0.00259796	0.433663	0.00134244	0.105566	0.0499644	0.00279375	0.00224259	0.00159874	0.00203352	0.00790782	0.0207022	0.316492	0.00135786	0.00365159
127	0.0982659	0.0114485	0.162293	0.186875	0.00480294	0.0676572	0.0231749	0.0129392	0.0669171	0.0173976	0.0111323	0.0661615	0.0016974	0.0734202	0.0388234	0.0850886	0.046134	0.0166312	0.00273082	0.006409
128	0.0426995	0.0104193	0.219167	0.403688	0.00142757	0.0056978	0.0218887	0.00664496	0.0113323	0.00316047	0.00707033	0.0685285	0.0241933	0.0615022	0.011934	0.0558481	0.0321456	0.00618534	0.000507873	0.00595837
129	0.00929514	0.00361298	0.00457874	0.0275138	0.00260712	0.00308125	0.0257892	0.0549706	0.371185	0.0299541	0.0606692	0.00741806	0.00469657	0.0475264	0.275714	0.0210239	0.013558	0.032765	0.000774897	0.00326593
130	0.076113	0.0155385	0.0124909	0.0630423	0.0163924	0.0174243	0.059828	0.0753672	0.020252	0.0326197	0.14748	0.0279491	0.010072	0.0230031	0.0225318	0.0445269	0.283744	0.0348997	0.00533454	0.0113907
131	0.0796141	0.010596	0.0680566	0.0975609	0.0127305	0.0229059	0.0261882	0.0180914	0.131413	0.046674	0.0306983	0.0600252	0.0049272	0.114815	0.129157	0.082481	0.037129	0.0199181	0.000147444	0.00687095
132	0.0889524	0.004774	0.108098	0.298139	0.00297319	0.0119728	0.0187415	0.0297631	0.0389146	0.0966964	0.0450169	0.0235778	0.010546	0.128425	0.0101672	0.042003	0.0172938	0.0206325	0.000903821	0.00240906
133	0.0105424	0.005567	0.000866003	0.00526476	0.12168	0.00490524	0.0144318	0.0714185	0.00629548	0.603268	0.0365338	0.00350526	0.00191642	0.0050229	0.00418466	0.00648531	0.00647377	0.0491484	0.00169079	0.0407997
134	0.0418305	0.0093778	0.0374884	0.153061	0.0190217	0.0137185	0.0381222	0.0902901	0.0695949	0.0441878	0.0328728	0.10261	0.00385553	0.0522255	0.05856	0.037161	0.10505	0.0823442	0.000311418	0.00831696
135	0.105064	0.00558082	0.129583	0.253923	0.00338628	0.0213756	0.0153357	0.0353852	0.0478496	0.0765507	0.0391824	0.0285296	0.00796952	0.113531	0.0169493	0.0537322	0.0199971	0.0222488	0.00098394	0.00284294
136	0.0896135	0.00806618	0.154393	0.314558	0.00327626	0.020849	0.0198649	0.018387	0.0347635	0.0377656	0.0220204	0.0487958	0.0137433	0.0935022	0.018397	0.0538986	0.0276734	0.0148439	0.00095018	0.0046376
137	0.0667199	0.0111263	0.0546975	0.0859307	0.0119177	0.0207038	0.0254764	0.0205775	0.135475	0.0517621	0.0365685	0.0675038	0.00696821	0.124221	0.134317	0.0793659	0.0366917	0.0215768	0.000815741	0.00758457
138	0.0455125	0.0108525	0.0266287	0.0789706	0.00579812	0.015725	0.0150129	0.0250658	0.21814	0.0222269	0.0220512	0.0284405	0.031407	0.0938565	0.217421	0.0573291	0.0464126	0.0363956	0.000261529	0.00249177
139	0.00493919	0.00168006	0.00654362	0.0072042	0.00167194	0.00146295	0.0403667	0.00262524	0.0893674	0.0148788	0.00439264	0.00874388	0.000873089	0.0244944	0.749335	0.0152844	0.00405707	0.0150134	0.00056833	0.00649736
140	0.218657	0.0545413	0.00296959	0.00467989	0.0106833	0.025349	0.00438654	0.0485199	0.00553132	0.00925679	0.00572333	0.0572552	0.002393	0.00560734	0.00849367	0.127809	0.328025	0.0757402	0.00106508	0.00331378
141	0.0101823	0.00744537	0.00236413	0.00664924	0.020943	0.00428913	0.00898034	0.127972	0.00683901	0.637976	0.0388877	0.0191882	0.00264225	0.00670462	0.00850992	0.0137678	0.0124519	0.0506344	0.00210851	0.0114644
142	0.0363681	0.0655399	0.00880405	0.0145195	0.0852766	0.0342915	0.0733829	0.0135533	0.0030695	0.0860572	0.0347184	0.0271035	0.0153934	0.0225632	0.00356831	0.118501	0.0938894	0.0920059	0.0014892	0.169905
143	0.0728757	0.0105523	0.0613113	0.0967818	0.0122752	0.021618	0.0252388	0.01741	0.122957	0.0500588	0.03378	0.0633304	0.0050043	0.122608	0.137048	0.0840019	0.0368081	0.018903	0.000411703	0.00702604
144	0.00993973	0.00600572	0.00337267	0.00755783	0.0430867	0.000937334	0.00497585	0.263103	0.00490365	0.420295	0.155217	0.00239729	0.000730366	0.00501749	0.00147618	0.0046986	0.00837576	0.0566532	0.000350074	0.000906092
145	0.00427478	0.00377227	0.00114577	0.00606409	0.0165634	0.00272629	0.00449084	0.117724	0.00368911	0.740367	0.0319885	0.004707	0.000953325	0.00205445	0.00520261	0.00822796	0.00354185	0.0326519	0.000318461	0.00953711
146	0.0732557	0.00229064	0.00692055	0.00748042	0.00186278	0.00153844	0.00483856	0.0146476	0.00505271	0.0112203	0.00462728	0.00239725	0.767804	0.0232332	0.00920741	0.0290572	0.0106738	0.0218466	0.000584394	0.001461
147	0.0515886	0.015857	0.00483812	0.0522311	0.00338615	0.0246132	0.0108823	0.0209148	0.192524	0.0110244	0.0171834	0.0190031	0.07878	0.0728897	0.2803	0.0563763	0.0482317	0.0384198	0.000243482	0.000712859
148	0.0558001	0.00729218	0.00412123	0.0055373	0.0275645	0.00630937	0.0295637	0.0308804	0.0251188	0.0673944	0.0509459	0.00705721	0.221885	0.0779272	0.00876859	0.13141	0.082521	0.072759	0.00160893	0.0855358
149	0.00608395	0.00544436	0.000505472	0.000636057	0.00460674	0.000591377	0.00185827	0.5374	0.000681001	0.0670422	0.0233923	0.00173942	0.00189448	0.0006398	0.00188137	0.00406202	0.0170866	0.320839	0.000703544	0.00291194
150	0.198342	0.0265853	0.00516223	0.00694592	0.0185936	0.0409274	0.0117607	0.110437	0.00860863	0.0652615	0.0331235	0.0119762	0.00452541	0.0116128	0.0413979	0.0417678	0.0487606	0.302156	0.00240887	0.00964606
151	0.0738346	0.0137224	0.201788	0.20094	0.00462814	0.0706129	0.0277002	0.00991102	0.0617831	0.0111285	0.00850495	0.0697201	0.000957964	0.054983	0.0297778	0.0919841	0.0435229	0.0145057	0.0035227	0.00647181
152	0.0753768	0.0107589	0.0698152	0.0967358	0.0125111	0.0224255	0.0262228	0.0182546	0.132407	0.0466475	0.0306589	0.0590003	0.00482503	0.11426	0.13175	0.0841252	0.0372106	0.0197796	0.000238345	0.00699608
153	0.00807148	0.00562576	0.00177437	0.00594757	0.0276994	0.00253129	0.00621175	0.160081	0.00524543	0.615827	0.0770154	0.0048469	0.00117626	0.00398709	0.00501893	0.00930135	0.00690101	0.0440152	0.000459702	0.00826306
154	0.0111599	0.00477929	0.00321741	0.0257043	0.00579917	0.00447536	0.0218815	0.116164	0.407247	0.0685359	0.12265	0.00819237	0.0021694	0.0491682	0.0642596	0.0176396	0.00850727	0.0536778	0.00136459	0.00340805
155	0.215221	0.00484894	0.0230892	0.0667295	0.00509434	0.0187431	0.00847263	0.0247726	0.0729556	0.0563396	0.0220932	0.0653752	0.0018313	0.0892537	0.0587793	0.106826	0.117104	0.0282125	0.000803714	0.0134546
156	0.0390104	0.0114657	0.0416467	0.0512437	0.00883941	0.365913	0.0187418	0.0141232	0.0823474	0.0219779	0.016184	0.0566751	0.00846258	0.0287633	0.0448454	0.106138	0.0582549	0.0111472	0.0018826	0.0123383
157	0.0775045	0.0106344	0.068774	0.0980807	0.0128793	0.022848	0.0263861	0.0180183	0.131995	0.0467741	0.0308909	0.0600698	0.00498587	0.114935	0.130501	0.0818396	0.0359996	0.0198892	0.000146729	0.00684823
158	0.084831	0.010445	0.034107	0.0301042	0.0179404	0.0482251	0.0149582	0.0329112	0.0321816	0.0308086	0.0492947	0.0450943	0.0789114	0.0378267	0.0801858	0.208563	0.141231	0.0204734	0.000574177	0.00133317
159	0.0170909	0.00382145	0.000711799	0.00115233	0.0108599	0.000927743	0.00305653	0.41365	0.00104094	0.121433	0.0738585	0.00278754	0.00180738	0.00117086	0.00160468	0.00490034	0.0176392	0.318703	0.00103306	0.00275031
160	0.0591874	0.00328031	0.0672652	0.253184	0.00518086	0.0135443	0.0214662	0.058556	0.0718933	0.0490211	0.0266783	0.0241223	0.0470275	0.101428	0.0315408	0.0274801	0.0712392	0.0655142	0.000536634	0.00185392
161	0.0741597	0.00203833	0.00690823	0.00744756	0.00169118	0.00147904	0.00453396	0.014238	0.00472481	0.0109017	0.00416554	0.00234969	0.770814	0.0231109	0.00875349	0.0288808	0.0100894	0.021831	0.000580747	0.00130221
162	0.0601673	0.00691359	0.0643533	0.163181	0.00942909	0.0165565	0.0230644	0.0357557	0.125995	0.0402206	0.0292621	0.0468995	0.0159596	0.101831	0.0978754	0.0533337	0.0569215	0.0479116	0.000399336	0.00396928
163	0.0649997	0.0441998	0.030439	0.0488421	0.027734	0.0280332	0.0413079	0.0235149	0.0237185	0.0770927	0.0284493	0.0905203	0.00135932	0.0684942	0.0110523	0.212641	0.0987463	0.0389679	0.00576059	0.0341273
164	0.0107133	0.00769506	0.000477474	0.000629713	0.209019	0.00262944	0.0358346	0.009833	0.000699976	0.0098178	0.0103698	0.000883094	0.000446567	0.00169251	0.000788679	0.0134361	0.0153123	0.00682056	0.0220087	0.640892
165	0.042804	0.0100941	0.232927	0.397544	0.0013984	0.00366074	0.0217169	0.00616453	0.0115095	0.00271427	0.00774046	0.0652307	0.0267168	0.0575326	0.012543	0.0568502	0.0303874	0.00597873	0.000406625	0.00607931
166	0.0518449	0.076798	0.028647	0.0536678	0.0216853	0.0236181	0.0368547	0.0267117	0.0186189	0.0660844	0.0301369	0.0998352	0.000863457	0.06876	0.00847357	0.245459	0.0799881	0.0309371	0.00371397	0.0273017
167	0.22766	0.0105844	0.00123231	0.001717	0.0147872	0.0172887	0.00200603	0.126973	0.00149033	0.0742006	0.0197752	0.00250208	0.000856759	0.00181713	0.00486484	0.0494224	0.05318	0.383252	0.000671618	0.00571831
168	0.0520824	0.0184781	0.0065802	0.0124987	0.00411032	0.0191003	0.0111397	0.0104812	0.00951019	0.0232506	0.00697706	0.0465932	0.00287505	0.0131787	0.0189494	0.384655	0.342739	0.0108287	0.00194797	0.00402432
169	0.00568749	0.00548346	0.000297696	0.000430452	0.00450596	0.000401961	0.000975514	0.598245	0.000450823	0.0771075	0.0244689	0.00174652	0.00195264	0.000449733	0.00172095	0.00418787	0.017938	0.250237	0.00066497	0.00304775
170	0.0138973	0.0160944	0.00176771	0.00220271	0.355429	0.0113079	0.0405213	0.0220542	0.00602388	0.279505	0.0717352	0.00337884	0.0023679	0.0177542	0.00334566	0.00654272	0.0108363	0.0370933	0.00165385	0.096489
171	0.021935	0.0181524	0.00330906	0.00476842	0.265983	0.0100505	0.0365731	0.0471313	0.00293193	0.0772882	0.0258985	0.00757656	0.00817935	0.00902483	0.00453498	0.0304014	0.0428584	0.0792335	0.0142557	0.289914
172	0.0882697	0.346311	0.00320273	0.00421198	0.019955	0.0201155	0.011109	0.054375	0.00446838	0.0245539	0.0165635	0.0245272	0.0042437	0.0139241	0.0120653	0.145509	0.0441225	0.151066	0.00165967	0.00974686
173	0.0470685	0.00907252	0.318739	0.256864	0.0031255	0.0226893	0.0236077	0.00899294	0.0286713	0.0119445	0.00989471	0.0658589	0.0121969	0.0552385	0.0207494	0.0565648	0.0316044	0.00950906	0.00128401	0.00632496
174	0.00652371	0.00599476	0.000338683	0.000677299	0.00673684	0.000496338	0.0012591	0.57196	0.000760859	0.0930395	0.0261609	0.00193411	0.00199569	0.000696213	0.00176062	0.00436572	0.0178193	0.252515	0.000812836	0.0041529
175	0.0499339	0.30578	0.00419667	0.00670934	0.0175673	0.0142891	0.0183831	0.0586628	0.00743453	0.0200173	0.0137807	0.0157893	0.00436743	0.0105623	0.0311515	0.0541729	0.0288619	0.325775	0.00232636	0.0102388
176	0.0472598	0.0109231	0.132518	0.140329	0.00594636	0.323128	0.019178	0.00713719	0.0513149	0.0131421	0.00654561	0.0448827	0.00361437	0.0434615	0.0240755	0.0784981	0.0293102	0.00931903	0.00204058	0.00737592
177	0.0191158	0.0143921	0.00452701	0.00726893	0.385603	0.00830196	0.0262431	0.0355407	0.00786252	0.154417	0.0450641	0.00781806	0.00454078	0.0125022	0.00956412	0.0171984	0.0225178	0.0463315	0.0103314	0.160859
178	0.0555789	0.0213333	0.0280031	0.0294463	0.018544	0.133378	0.025505	0.0315818	0.0286362	0.0319533	0.0684343	0.0948363	0.0143545	0.0269807	0.038882	0.0967499	0.209095	0.027193	0.00410237	0.0154114
179	0.262983	0.00298669	0.0188435	0.0597339	0.00198383	0.0173976	0.00290574	0.0229474	0.0649441	0.0437949	0.0146702	0.0598114	0.00103008	0.069667	0.0454555	0.122608	0.151455	0.0231532	0.000611574	0.0130173
180	0.00650953	0.00690727	0.00375976	0.0083849	0.0446124	0.00103071	0.00561072	0.255021	0.00541688	0.452965	0.152243	0.00232665	0.000783721	0.00566463	0.00166619	0.00452077	0.00661223	0.034516	0.000331283	0.00111748
181	0.148358	0.338844	0.00408398	0.00562251	0.0188737	0.0160906	0.00672099	0.0523102	0.00529409	0.0242135	0.0317945	0.0153438	0.00697357	0.0100558	0.00794939	0.200779	0.0419436	0.0537229	0.00164019	0.00938557
182	0.0775045	0.0106344	0.068774	0.0980807	0.0128793	0.022848	0.0263861	0.0180183	0.131995	0.0467741	0.0308909	0.0600698	0.00498587	0.114935	0.130501	0.0818396	0.0359996	0.0198892	0.000146729	0.00684823
183	0.0941046	0.200274	0.00502476	0.006224	0.0391596	0.0186171	0.00860689	0.0687118	0.00545549	0.0475306	0.0216085	0.0226154	0.00592305	0.0143567	0.0091335	0.30523	0.0613248	0.0525472	0.00221188	0.01134
184	0.0365947	0.00585465	0.00899655	0.022387	0.00200773	0.00570339	0.01513	0.0120156	0.0108878	0.0175489	0.00425958	0.086942	0.00243578	0.0116716	0.0232139	0.24382	0.470632	0.0145356	0.000687909	0.00467542
185	0.302909	0.00689633	0.00423783	0.00452165	0.00201947	0.0104401	0.0035267	0.00899443	0.00472088	0.00710055	0.00316343	0.002445	0.466564	0.0135505	0.00674339	0.117886	0.0176498	0.0143287	0.000713415	0.00158885
186	0.0069694	0.00660925	0.00358337	0.00883403	0.0467031	0.00104063	0.00606501	0.244952	0.00551225	0.462905	0.148235	0.00236738	0.000770723	0.0054766	0.00167692	0.00468376	0.00624624	0.0351555	0.000317913	0.00189619
187	0.00609044	0.00555069	0.000568532	0.000667884	0.0045644	0.000638796	0.00226001	0.524524	0.000736662	0.0645758	0.0235777	0.00176721	0.0018687	0.000713263	0.00194032	0.00408434	0.0170376	0.335262	0.000704799	0.00286721
188	0.00603824	0.00543001	0.000308693	0.000464872	0.00501614	0.000406847	0.000980306	0.594339	0.00045195	0.0787806	0.0255413	0.00178898	0.00198017	0.000466152	0.00170717	0.00421741	0.017985	0.250142	0.00071118	0.00324342
189	0.0763379	0.0107201	0.0662527	0.0430936	0.0028657	0.027356	0.00670387	0.00770353	0.041051	0.00747544	0.015126	0.280581	0.00414406	0.0303463	0.0168627	0.101683	0.246661	0.0113873	0.000941426	0.00270721
190	0.0114638	0.0132965	0.00247695	0.00319502	0.35739	0.00704665	0.0221436	0.0168239	0.0044817	0.285233	0.126138	0.00373583	0.003478	0.0108252	0.00393067	0.00786163	0.019899	0.049583	0.000940085	0.0500577
191	0.00571039	0.00412087	0.00247478	0.00919276	0.0231666	0.00337511	0.00519113	0.0972164	0.00573735	0.742168	0.0268512	0.00507191	0.00114996	0.0034415	0.00554286	0.00925377	0.00387581	0.0336565	0.000267717	0.0125357
192	0.0601612	0.0185307	0.0422866	0.0492509	0.00751375	0.0294099	0.0349575	0.0144376	0.0318092	0.0220584	0.0152736	0.233367	0.00487155	0.0461382	0.0372452	0.217905	0.107476	0.0161555	0.00208509	0.0090673
