266	20
1	0.0341787	0.00351274	0.00810868	0.0391754	0.00363328	0.0117571	0.0317447	0.04422	0.26425	0.0304564	0.0240346	0.0384851	0.00455607	0.189839	0.14635	0.0345774	0.036438	0.0390219	0.00658335	0.00907696
2	0.059763	0.0143202	0.00653374	0.0242654	0.00529834	0.00572949	0.0109115	0.0711363	0.0405497	0.252718	0.0318538	0.00792224	0.00251857	0.2892	0.120524	0.0101658	0.012121	0.0252127	0.00243137	0.00682567
3	0.00618278	0.0120844	0.00163041	0.00446165	0.378972	0.00312553	0.00628813	0.0161811	0.00429653	0.0230698	0.00852289	0.00284423	0.0133478	0.00556808	0.0142652	0.0224845	0.00516928	0.0256994	0.0624502	0.383356
4	0.205173	0.0101838	0.00959176	0.0376318	0.00544068	0.397729	0.0113572	0.0176356	0.021112	0.0342981	0.00805387	0.0108227	0.0210856	0.0212209	0.0168537	0.0985259	0.0238224	0.0409407	0.00218284	0.00633819
5	0.129272	0.00515706	0.0223762	0.0528405	0.00110547	0.0432073	0.0243155	0.00286029	0.164904	0.0285483	0.00923707	0.0228604	0.0715056	0.100321	0.130747	0.0924465	0.0582711	0.0225362	0.000851867	0.0166358
6	0.0257441	0.00701617	0.00884994	0.025186	0.00599466	0.0118175	0.0142285	0.0173538	0.417527	0.021893	0.0347183	0.0169231	0.00540872	0.035831	0.129189	0.136056	0.0467652	0.0258361	0.00417347	0.00948841
7	0.0828227	0.010713	0.0178856	0.0238654	0.00374926	0.0273043	0.0257243	0.00980504	0.0373363	0.0140777	0.0314184	0.0225475	0.00419866	0.0122291	0.084963	0.308961	0.256904	0.0154303	0.00293937	0.00712426
8	0.0655235	0.00877774	0.154533	0.239729	0.00737786	0.0216046	0.042436	0.0100033	0.0659414	0.061264	0.0103129	0.0480232	0.0136503	0.0541392	0.0815865	0.0280514	0.0416774	0.0221942	0.0033873	0.0197871
9	0.0589327	0.0028576	0.013369	0.0611959	0.00627634	0.0181423	0.0207344	0.0450273	0.31816	0.0216447	0.0139683	0.0169657	0.00369659	0.143904	0.144649	0.0200856	0.0237757	0.0499666	0.00655233	0.0100957
10	0.0632215	0.00521497	0.0114454	0.0138221	0.00221115	0.00818066	0.0107222	0.229138	0.0341214	0.0403071	0.00512539	0.00614232	0.00140965	0.0226686	0.052078	0.0224938	0.107572	0.34657	0.00133334	0.0162223
11	0.0635808	0.0106029	0.0229456	0.0335434	0.00362466	0.0365789	0.0354815	0.00773606	0.0229376	0.0138689	0.0153402	0.0216981	0.00382497	0.0103313	0.103838	0.322262	0.250476	0.0120832	0.00264305	0.0066028
12	0.0398973	0.0106155	0.0550285	0.17114	0.0173764	0.00751277	0.0437842	0.0140659	0.188995	0.0131212	0.00935192	0.0501342	0.00532396	0.092918	0.186682	0.0150529	0.0488487	0.0211467	0.0025899	0.00641471
13	0.068128	0.00458472	0.0258504	0.174419	0.00560331	0.00570438	0.0307442	0.040166	0.182421	0.0189873	0.0273315	0.0178878	0.00173636	0.134374	0.124812	0.01879	0.0419028	0.0600072	0.00641298	0.0101368
14	0.038213	0.0186625	0.000651577	0.00381534	0.0506053	0.00360091	0.00720226	0.182697	0.00334212	0.307408	0.039837	0.00114483	0.00235089	0.00543164	0.00442284	0.0105416	0.0221181	0.241558	0.00605328	0.0503428
15	0.0769771	0.0042581	0.0456264	0.191953	0.00663554	0.0084803	0.0467459	0.0373002	0.168286	0.0253505	0.0234561	0.0203472	0.00250108	0.118984	0.107468	0.0141895	0.0387248	0.0496389	0.00485233	0.00822491
16	0.008837	0.0246846	0.00368889	0.0104626	0.307428	0.0048276	0.0322176	0.0637418	0.0113593	0.076876	0.0600759	0.00548646	0.00480547	0.0545728	0.0357856	0.00803134	0.0189035	0.0474077	0.00491538	0.215893
17	0.0367339	0.00994422	0.00740497	0.0402739	0.00245171	0.00485842	0.0265414	0.240191	0.075915	0.0218502	0.00713555	0.0102136	0.00195601	0.0158668	0.0571545	0.0328754	0.094575	0.291375	0.0027814	0.0199024
18	0.0699153	0.0065496	0.0350734	0.101973	0.00520831	0.0247765	0.0277667	0.0108488	0.11574	0.0462731	0.00803179	0.0297748	0.25785	0.0573117	0.0573791	0.0559042	0.0443221	0.0296228	0.00242276	0.0132572
19	0.447183	0.0106562	0.0183544	0.0277495	0.00480981	0.0885526	0.0105744	0.00628816	0.0292615	0.0056692	0.0120554	0.0117541	0.0805438	0.0381487	0.0132406	0.111083	0.0304947	0.0457715	0.000626202	0.00718304
20	0.0381801	0.0029737	0.010579	0.0779335	0.00432003	0.00715686	0.0304379	0.0270153	0.241264	0.021873	0.0362873	0.0203758	0.00501282	0.15389	0.133781	0.0652847	0.0434343	0.0617812	0.00700282	0.0114171
21	0.0405233	0.0171206	0.00055581	0.00395742	0.0520115	0.00397295	0.00673399	0.199542	0.00301356	0.277187	0.0432535	0.000964061	0.00183053	0.00535882	0.00385034	0.0105826	0.0255912	0.249799	0.00618333	0.0479686
22	0.0737715	0.00606173	0.0125008	0.138748	0.00587855	0.00926106	0.0242063	0.0269961	0.148448	0.0355363	0.020818	0.0158632	0.00601852	0.106141	0.108023	0.0482729	0.0539573	0.0827848	0.0241154	0.0525975
23	0.033575	0.0221029	0.00730946	0.0321629	0.00317823	0.00770472	0.0200348	0.274237	0.0774143	0.0293763	0.0055473	0.00684861	0.00257154	0.0140086	0.0786124	0.0241227	0.0576792	0.281558	0.0017783	0.020178
24	0.0425591	0.00512983	0.0232515	0.0685073	0.00430189	0.0090092	0.0113875	0.301017	0.0576336	0.220482	0.0107326	0.0244914	0.0033559	0.0178043	0.0504062	0.0111166	0.0315642	0.0972617	0.00236754	0.00762011
25	0.0405351	0.0146084	0.0650523	0.186748	0.0131936	0.00741901	0.0435072	0.0124021	0.18433	0.0155196	0.00837482	0.0541447	0.00800375	0.0879217	0.172382	0.015503	0.0428243	0.0193091	0.00203417	0.00618687
26	0.0339628	0.00695028	0.00891154	0.0155216	0.0111606	0.00805612	0.255626	0.0473019	0.0151892	0.0490545	0.00982897	0.142454	0.00490361	0.0168466	0.0153207	0.0152471	0.0454741	0.0188819	0.00467276	0.274636
27	0.0351413	0.00838666	0.0056807	0.0593774	0.00333399	0.00533034	0.0340711	0.264357	0.0721286	0.0223064	0.00537201	0.00593024	0.00253355	0.0106605	0.0290004	0.0144262	0.0348704	0.337002	0.00189203	0.0481995
28	0.071484	0.00637691	0.0119622	0.0734463	0.0055407	0.0117885	0.0212324	0.0481247	0.0845824	0.0331469	0.0169425	0.0198094	0.0061791	0.193419	0.210473	0.071592	0.0249791	0.0657571	0.00775458	0.0154092
29	0.0502313	0.00465164	0.00640669	0.0661662	0.0360646	0.0667892	0.117885	0.0404506	0.0615553	0.0938019	0.00825425	0.010733	0.155392	0.045456	0.0677612	0.0186692	0.0188946	0.0698673	0.00629041	0.0546801
30	0.076768	0.00720763	0.00683025	0.0254866	0.00488413	0.0126917	0.0206221	0.107048	0.0813879	0.0341629	0.012961	0.0465726	0.00402537	0.0210459	0.0271912	0.0936887	0.150578	0.247251	0.00360234	0.0159943
31	0.0505653	0.0103673	0.00619127	0.0106935	0.0743949	0.00872752	0.0130881	0.110259	0.0143323	0.135019	0.0334151	0.00844723	0.00432241	0.011642	0.0143134	0.0138144	0.0235058	0.119713	0.0622826	0.274907
32	0.197969	0.026449	0.0148049	0.043072	0.00388249	0.129466	0.0149923	0.0160941	0.147699	0.0141158	0.00850794	0.016738	0.0278454	0.033528	0.0849915	0.102054	0.0501217	0.0540613	0.00270777	0.0109001
33	0.0362256	0.104305	0.0146605	0.0308645	0.0113826	0.0150282	0.0339159	0.039665	0.0452219	0.130925	0.0126456	0.0287704	0.00666049	0.0297077	0.194828	0.139288	0.0321433	0.0230176	0.00675434	0.0639903
34	0.0766285	0.00756324	0.0441046	0.0946079	0.00215319	0.0142107	0.0233063	0.00364591	0.210754	0.0414332	0.00814899	0.042692	0.102019	0.0896524	0.0996309	0.0586413	0.0499039	0.0172224	0.00086405	0.0128181
35	0.447331	0.0110749	0.0190655	0.0271657	0.00471725	0.0863152	0.0106837	0.00608266	0.0294551	0.00516015	0.0114837	0.0121068	0.0820364	0.0375582	0.0129856	0.112329	0.0309765	0.0454679	0.000634847	0.0073701
36	0.0859246	0.0100533	0.0542705	0.108488	0.00132171	0.016228	0.0278581	0.00372996	0.161102	0.0313966	0.00894304	0.0432417	0.140286	0.0656175	0.0776316	0.0776885	0.054643	0.0183702	0.000740847	0.0124641
37	0.208028	0.0360888	0.0051116	0.0129378	0.00596539	0.0100449	0.0441792	0.0173987	0.0558473	0.105339	0.155791	0.0161381	0.00458684	0.0121291	0.0124249	0.0715238	0.0745456	0.138407	0.00612752	0.00738613
38	0.0661497	0.00588163	0.0204829	0.0558144	0.00876853	0.0348227	0.0337583	0.0147893	0.100222	0.0313787	0.007888	0.0219516	0.346784	0.0494816	0.0535836	0.0566366	0.0404145	0.0336966	0.00274429	0.0147512
39	0.147801	0.00410766	0.0187641	0.0762239	0.00164011	0.0292238	0.0241093	0.00364638	0.162886	0.0471615	0.012744	0.022389	0.0869365	0.115287	0.0816189	0.0748752	0.0421813	0.0256717	0.00175443	0.0209778
40	0.285334	0.00829777	0.017424	0.0309589	0.00446757	0.0840879	0.0263214	0.00671134	0.044967	0.0125039	0.0351863	0.013658	0.0693656	0.0654222	0.0559918	0.15341	0.0486769	0.025981	0.00186624	0.00936819
41	0.042934	0.00904711	0.00321249	0.00881798	0.0289613	0.00727912	0.0131338	0.156716	0.00809158	0.238522	0.0426662	0.00428644	0.0897928	0.00846797	0.00793888	0.0117863	0.0207248	0.264282	0.00665957	0.0266796
42	0.0169413	0.011527	0.000566936	0.00181908	0.0548796	0.00189423	0.00559556	0.183032	0.00209255	0.464739	0.0660155	0.000969112	0.00849323	0.0120552	0.00445107	0.00425452	0.00913508	0.122014	0.0019044	0.0276202
43	0.0981504	0.00464908	0.12031	0.158928	0.00565756	0.0312138	0.041374	0.00838732	0.0962218	0.0311736	0.00906564	0.0535946	0.0921934	0.0553823	0.0547098	0.051321	0.0490049	0.0183508	0.00170981	0.0186024
44	0.0254685	0.0067715	0.020191	0.0186736	0.00559175	0.239272	0.0948353	0.012578	0.245942	0.0157793	0.00844808	0.0544247	0.00580439	0.0614796	0.0795632	0.0259992	0.0242317	0.0143535	0.0293751	0.0112173
45	0.0586002	0.037681	0.0472395	0.0284758	0.00201203	0.214358	0.00664405	0.0082781	0.00527002	0.0179336	0.00398032	0.0214544	0.00236827	0.00513005	0.00952353	0.435108	0.0861686	0.00546367	0.00110584	0.00320515
46	0.0456051	0.0225088	0.0628208	0.027652	0.00131889	0.137615	0.0107557	0.0033756	0.00435191	0.00933164	0.00306298	0.0216608	0.00111869	0.0033164	0.0151024	0.464395	0.160003	0.00321989	0.000778428	0.00200662
47	0.355278	0.0119116	0.0161012	0.0382412	0.00644117	0.0703508	0.0128287	0.00702378	0.0279884	0.00769989	0.0100633	0.0127541	0.150678	0.0364346	0.0146803	0.111294	0.0478097	0.0531894	0.00078045	0.00845218
48	0.0500516	0.0272133	0.0629459	0.0320838	0.0013109	0.150949	0.0081104	0.00369752	0.00373043	0.0104538	0.00272393	0.0234944	0.00121912	0.00328489	0.0106359	0.468761	0.133566	0.00320804	0.000755578	0.00180478
49	0.0631931	0.0132416	0.00280966	0.00578087	0.0590387	0.00722548	0.00849471	0.159466	0.00752169	0.267537	0.0993217	0.00651622	0.00300045	0.0127265	0.00714571	0.0302619	0.0867935	0.132852	0.00546616	0.021607
50	0.0459106	0.0137153	0.000643453	0.00291483	0.0453327	0.00965185	0.00653126	0.258111	0.00290794	0.246292	0.0741775	0.0023513	0.00236363	0.00677183	0.00303625	0.00726412	0.0374246	0.202654	0.00379539	0.0281493
51	0.391642	0.0651042	0.00529419	0.0140199	0.00248174	0.0236195	0.00609593	0.0507091	0.0122375	0.038236	0.0174131	0.00711325	0.0183743	0.0144873	0.0069939	0.152114	0.0761468	0.0930752	0.00126248	0.0035791
52	0.073191	0.00593351	0.0247207	0.0453242	0.108354	0.0580221	0.146385	0.00669392	0.0556878	0.0258418	0.0465264	0.0541963	0.00347554	0.0490259	0.0387168	0.0403314	0.0302001	0.0108792	0.0774325	0.0990621
53	0.0488054	0.0131453	0.000918686	0.00380591	0.0402509	0.010842	0.00667847	0.26947	0.00345033	0.211221	0.0732052	0.00297639	0.00182163	0.00694266	0.00330761	0.0079554	0.0444452	0.219869	0.00405575	0.0268336
54	0.0509591	0.0190005	0.00115429	0.0032386	0.0313183	0.0105262	0.00694468	0.267868	0.00370851	0.216962	0.116502	0.00359518	0.00179753	0.0112322	0.00403284	0.00815223	0.0486836	0.174231	0.00276241	0.0173308
55	0.0741827	0.00665902	0.0054798	0.0396599	0.00596277	0.00889073	0.0816289	0.0437272	0.016659	0.0659299	0.00853796	0.0722123	0.00479461	0.0157855	0.0140077	0.0597063	0.196248	0.189945	0.00314215	0.086841
56	0.126436	0.00342115	0.113003	0.0170129	0.00154882	0.127214	0.0832856	0.00296997	0.0573436	0.0112741	0.00507268	0.0979989	0.00369639	0.111458	0.063772	0.0871445	0.0535104	0.00409354	0.00690178	0.0228417
57	0.0576514	0.00857314	0.0274609	0.0556363	0.0117376	0.0269412	0.0333808	0.024197	0.322285	0.0390482	0.0148706	0.0320107	0.0177945	0.0762913	0.101123	0.0415349	0.0430731	0.0374982	0.00684126	0.0220504
58	0.00537968	0.0128643	0.00164559	0.004468	0.421479	0.00334824	0.00753439	0.0205155	0.00443152	0.0291166	0.0127505	0.0027475	0.0126653	0.00789849	0.0133632	0.0213322	0.00601509	0.0313296	0.0442262	0.336889
59	0.183538	0.058983	0.00606186	0.126039	0.00557279	0.0460717	0.0168724	0.0380192	0.0179618	0.0506522	0.00805404	0.0631718	0.00497283	0.046975	0.0196107	0.0185424	0.0261874	0.251665	0.00299771	0.00805091
60	0.0251302	0.00826436	0.123348	0.0620214	0.0719317	0.00883557	0.0178271	0.012835	0.0166465	0.128331	0.107038	0.0915431	0.00368097	0.0476566	0.0187716	0.0142464	0.0221882	0.0174742	0.0121351	0.190096
61	0.338648	0.0106001	0.0194306	0.0274302	0.0058313	0.121315	0.0688838	0.00676537	0.0477688	0.00941491	0.0122849	0.0162846	0.0504605	0.0370927	0.0212072	0.117063	0.0458709	0.032548	0.0018336	0.0092668
62	0.0259348	0.0298415	0.00171134	0.00590702	0.0185959	0.00696525	0.0131433	0.165989	0.00611801	0.310293	0.136623	0.00497212	0.00232488	0.0412246	0.00611355	0.0131193	0.0353298	0.162086	0.00277782	0.0109305
63	0.0539871	0.00456229	0.0110794	0.039404	0.0122267	0.0333654	0.0458536	0.0247637	0.0451269	0.0333068	0.00577309	0.0124456	0.446615	0.0316413	0.0471353	0.041572	0.0335777	0.0570797	0.00346802	0.0170159
64	0.0732039	0.0121088	0.0689425	0.0750024	0.175581	0.0138967	0.0225793	0.0243253	0.0256694	0.20201	0.0409018	0.0716572	0.00707201	0.0289039	0.025388	0.0206913	0.0275367	0.0313767	0.0113372	0.0418163
65	0.0708686	0.00903311	0.0217528	0.0223653	0.0207195	0.0137779	0.282366	0.0290746	0.0302288	0.034427	0.0129041	0.0814111	0.00523821	0.0217564	0.0215459	0.0189644	0.0364891	0.021595	0.00839364	0.237089
66	0.0449131	0.0121793	0.0163644	0.0334164	0.0107576	0.0152734	0.0265614	0.0174261	0.0755318	0.0279249	0.012946	0.0402413	0.00974248	0.0545013	0.492513	0.0298793	0.0258602	0.0285426	0.00472378	0.0207017
67	0.0148359	0.0120758	0.00458716	0.011294	0.148711	0.00424312	0.01916	0.0801822	0.010242	0.328299	0.0947955	0.00842031	0.00732589	0.0619645	0.0193183	0.00744966	0.019215	0.0459922	0.00537487	0.096514
68	0.135877	0.0104852	0.0110874	0.244764	0.00715389	0.0597987	0.0464162	0.056095	0.0469593	0.0639107	0.00982214	0.0228233	0.0063651	0.0552941	0.0245698	0.0223109	0.0454921	0.118105	0.0034594	0.00920982
69	0.085497	0.0103041	0.0164549	0.0816661	0.0203585	0.0178045	0.0245516	0.0224238	0.0363269	0.0868985	0.0727446	0.0890135	0.00913996	0.0720767	0.0342245	0.0307836	0.147501	0.038491	0.0785535	0.0251851
70	0.00987641	0.0140596	0.000723848	0.00212963	0.0369957	0.00147015	0.0048706	0.151532	0.00255414	0.507116	0.127404	0.0017288	0.00967088	0.0195302	0.00348947	0.00486872	0.0130377	0.0788504	0.000734318	0.00935601
71	0.129649	0.0362725	0.0535375	0.0318376	0.00172286	0.143082	0.00810468	0.00413358	0.00889231	0.0113653	0.00375046	0.033006	0.00484599	0.00801349	0.0109796	0.388363	0.112414	0.00593585	0.001002	0.00309292
72	0.121861	0.00357352	0.111422	0.0159444	0.00136033	0.123755	0.0852164	0.00262063	0.0538193	0.00913005	0.00513097	0.124411	0.00270379	0.102927	0.0733235	0.0794128	0.0506154	0.00394205	0.00572087	0.0231102
73	0.0503276	0.0125445	0.0185523	0.0349318	0.0333906	0.0244542	0.0326273	0.0201678	0.0362816	0.132248	0.0541946	0.0780408	0.00993813	0.0375313	0.034393	0.0797982	0.0415635	0.0320064	0.189065	0.0479432
74	0.0506919	0.0204716	0.000945847	0.00320885	0.0400648	0.0128465	0.0110239	0.248396	0.0039898	0.204791	0.0876239	0.00360093	0.0019609	0.0087052	0.00382567	0.00852745	0.0463197	0.2146	0.00452218	0.0238847
75	0.0277031	0.00750781	0.00416636	0.0165559	0.00816076	0.029484	0.054818	0.209521	0.024061	0.213119	0.070004	0.0178799	0.00253853	0.0685361	0.0184445	0.00658146	0.0325058	0.177221	0.00384457	0.00734699
76	0.0769081	0.00700461	0.0389383	0.0494378	0.00192	0.0555577	0.040598	0.0045499	0.207084	0.0210773	0.00697893	0.0293334	0.0360014	0.0683794	0.177944	0.0622495	0.0591389	0.0223103	0.00151751	0.033071
77	0.0121562	0.0139176	0.000507245	0.00140716	0.0552787	0.00143806	0.00580494	0.155803	0.00202484	0.517037	0.0650235	0.00100601	0.00948379	0.0114275	0.00503855	0.0033264	0.00576532	0.104291	0.0012687	0.0279953
78	0.123998	0.00360695	0.0451123	0.14977	0.00188084	0.0126308	0.0174929	0.00469644	0.135901	0.016717	0.00896072	0.041966	0.0275094	0.0984888	0.0670081	0.0907037	0.0850988	0.0463662	0.00272126	0.0193705
79	0.0251609	0.00416154	0.00474948	0.0253515	0.0133943	0.021703	0.109787	0.0586322	0.0186612	0.0503389	0.00665413	0.00888581	0.39595	0.020414	0.0562642	0.0314761	0.0207062	0.107559	0.00344329	0.0167071
80	0.00664154	0.00771551	0.000572792	0.00136997	0.0508548	0.00109782	0.00527701	0.157945	0.00210137	0.566353	0.0823717	0.0011052	0.0124717	0.0139648	0.00380531	0.00181397	0.00354077	0.0666525	0.000370291	0.0139752
81	0.0327855	0.0102764	0.00208949	0.00521056	0.15296	0.0111426	0.00725942	0.109271	0.00937706	0.108714	0.0286861	0.00270359	0.00530692	0.00753186	0.00840846	0.0093675	0.0187032	0.15838	0.0198473	0.291979
82	0.105399	0.000800437	0.264916	0.180932	0.0121484	0.0282516	0.0336438	0.00333335	0.0586068	0.0159204	0.00961752	0.0594729	0.0131982	0.0668697	0.0336924	0.0278457	0.0482682	0.019168	0.00235841	0.0155575
83	0.147713	0.00473622	0.00850042	0.110219	0.00614516	0.0169738	0.0371472	0.0123899	0.0759751	0.117246	0.0275932	0.00952177	0.0142007	0.0998617	0.0955033	0.0405197	0.0475397	0.0540393	0.00805991	0.066115
84	0.00616249	0.00715836	0.000567542	0.00132202	0.0529356	0.00101496	0.00530198	0.156366	0.00197157	0.571828	0.080262	0.000993701	0.0128111	0.0136706	0.00384677	0.00169957	0.00279433	0.0642796	0.000343723	0.0146709
85	0.0218614	0.00435143	0.00485586	0.0262416	0.00621647	0.0083626	0.179009	0.0336468	0.220356	0.0483485	0.00880786	0.0110522	0.00355976	0.11597	0.142636	0.027883	0.0128675	0.0660339	0.0253771	0.032564
86	0.0400642	0.016533	0.000577742	0.00463025	0.0511616	0.00375104	0.00656355	0.198544	0.00329522	0.277285	0.0412914	0.00103585	0.0021478	0.00524163	0.00390047	0.0110151	0.0242889	0.253096	0.00619606	0.0493806
87	0.0326582	0.00706009	0.00579918	0.021377	0.0245624	0.00491637	0.00718707	0.28911	0.0274601	0.329955	0.0339585	0.00712644	0.007169	0.00788205	0.0147537	0.00694838	0.0162786	0.135448	0.00267576	0.0176736
88	0.11275	0.045435	0.00973003	0.0182502	0.0738508	0.0119804	0.246937	0.0133282	0.0184757	0.0212988	0.0453644	0.090144	0.00577471	0.178335	0.017949	0.0155769	0.0183982	0.0284122	0.00856931	0.0194402
89	0.319269	0.0580496	0.00605332	0.0131379	0.00515979	0.0583545	0.00998515	0.0776044	0.0142999	0.0326133	0.101829	0.00999894	0.00576388	0.0139175	0.0148576	0.0858008	0.110679	0.0547358	0.00249766	0.00539323
90	0.0785927	0.00577691	0.292546	0.113258	0.0117453	0.0375634	0.0403276	0.0118092	0.0537574	0.0273811	0.0123004	0.0659764	0.0109606	0.0503695	0.0396476	0.0506707	0.0473368	0.0239	0.00351296	0.0225672
91	0.0804537	0.0121903	0.0492741	0.207693	0.0136377	0.0249611	0.0389069	0.0471929	0.0655754	0.0526698	0.0223476	0.0323588	0.0164177	0.0576864	0.0512433	0.0329429	0.0442335	0.117088	0.00896527	0.0241626
92	0.0799433	0.0203864	0.00844365	0.0203109	0.0208007	0.013857	0.0163245	0.196356	0.0237831	0.115582	0.0406797	0.0138381	0.0061968	0.0200362	0.0268715	0.0308732	0.102265	0.213966	0.00429097	0.0251946
93	0.0423237	0.00502319	0.00525378	0.0371014	0.00851767	0.0154581	0.0580874	0.0217878	0.0167943	0.0240981	0.00545734	0.00923322	0.401047	0.0165806	0.0923376	0.0210012	0.112377	0.0766626	0.00298134	0.0278767
94	0.0405549	0.0164645	0.000572211	0.00389634	0.0524623	0.00431006	0.00659633	0.205934	0.00301961	0.274501	0.0447913	0.00104173	0.0019051	0.00539935	0.00367994	0.0103135	0.0265076	0.245582	0.00594488	0.046523
95	0.0864542	0.00491389	0.0244951	0.0673814	0.00209478	0.016689	0.0211255	0.00743427	0.231916	0.0499481	0.00810708	0.0383033	0.0726034	0.134501	0.102361	0.0482258	0.049054	0.0171723	0.00157169	0.0156474
96	0.102207	0.014828	0.00621571	0.0149605	0.0352629	0.0117125	0.0172832	0.11697	0.0173054	0.195224	0.0842083	0.013134	0.00773997	0.0164718	0.0134205	0.0239397	0.0363074	0.196192	0.0426228	0.0339956
97	0.0284123	0.0069778	0.0055644	0.0196351	0.00653473	0.0460569	0.0586557	0.144227	0.0237648	0.220631	0.0677035	0.046335	0.00459697	0.0763958	0.0364575	0.0106051	0.0318063	0.15441	0.0038918	0.00733842
98	0.0172009	0.00844882	0.0290285	0.0376266	0.003988	0.0509778	0.0244947	0.026853	0.346504	0.0238344	0.00600481	0.0877635	0.00651567	0.163616	0.0521989	0.029661	0.0668459	0.0105657	0.00285819	0.00501394
99	0.057512	0.0289467	0.0625822	0.0338992	0.00141947	0.153262	0.00792872	0.00385206	0.00524596	0.0107579	0.0029196	0.0236204	0.00349996	0.00452702	0.0101686	0.457936	0.124537	0.00445607	0.000932176	0.0019968
100	0.00796215	0.00866411	0.0018959	0.00446093	0.171392	0.0032055	0.00618173	0.0109151	0.00467056	0.0154098	0.00443992	0.00329584	0.00781458	0.00481614	0.0235124	0.0149063	0.0047926	0.0178822	0.10152	0.582262
101	0.0388186	0.0160549	0.00107706	0.0041827	0.0818359	0.00444275	0.00771763	0.172962	0.0043724	0.279034	0.0635438	0.00184762	0.00270932	0.00810895	0.00539394	0.0104828	0.0249489	0.204054	0.00767569	0.0607369
102	0.0346265	0.00997289	0.0092445	0.0197703	0.0753425	0.0126671	0.0198388	0.0172758	0.0249183	0.090189	0.0709377	0.0188929	0.00794214	0.0227384	0.0263481	0.0263731	0.0207729	0.026439	0.321217	0.144493
103	0.0849525	0.00914425	0.0546158	0.112097	0.00129739	0.0159848	0.0302027	0.00389893	0.155862	0.0325403	0.00976814	0.0459305	0.128034	0.0656573	0.07714	0.0803422	0.0592871	0.0199298	0.000558641	0.0127556
104	0.0962163	0.00459119	0.0183208	0.0468707	0.00449669	0.0597572	0.0457079	0.00809516	0.0926039	0.0383234	0.0063687	0.0333598	0.233595	0.0997775	0.0557849	0.0856563	0.0367726	0.0191072	0.00149247	0.0131024
105	0.0757904	0.00607695	0.00506383	0.00841985	0.00955809	0.0383034	0.0105206	0.329777	0.0130649	0.0935022	0.0464989	0.0146735	0.00190773	0.0185904	0.0280047	0.00791248	0.0594201	0.221919	0.00180689	0.00918884
106	0.0655835	0.00494818	0.0107695	0.012659	0.00226556	0.00985412	0.0101439	0.236127	0.0313202	0.041098	0.00631628	0.00590028	0.00142293	0.0232511	0.052217	0.0206683	0.105644	0.343613	0.001335	0.0148632
107	0.021261	0.0177316	0.000786527	0.00224878	0.0568746	0.00212277	0.0067304	0.164126	0.00242231	0.434353	0.0504788	0.00107579	0.00614186	0.00848563	0.00672743	0.0058256	0.0111092	0.155833	0.00295248	0.0427134
108	0.0053175	0.0133828	0.00172757	0.00561925	0.441274	0.00339267	0.00996288	0.0226991	0.00547375	0.0382057	0.0200542	0.00273159	0.0116666	0.0132117	0.0150215	0.0188548	0.00834026	0.0325811	0.0307436	0.299739
109	0.0668709	0.00981337	0.159504	0.196889	0.00636595	0.0392525	0.134291	0.00760925	0.0346798	0.0319966	0.00590771	0.0648283	0.00656603	0.032766	0.0825796	0.0206961	0.0266551	0.0325346	0.00254405	0.0376503
110	0.0327589	0.0106626	0.0208235	0.0188283	0.139998	0.0140954	0.143557	0.0212891	0.0324607	0.0437347	0.0293191	0.035345	0.00698684	0.0326381	0.0291401	0.0165697	0.0259153	0.0229786	0.0321638	0.290736
111	0.127658	0.00312491	0.129564	0.0381116	0.00314148	0.103135	0.101343	0.00306093	0.0572165	0.010464	0.00578122	0.0796323	0.00339317	0.100465	0.0659877	0.07863	0.0503375	0.0072213	0.00525656	0.0264758
112	0.0843831	0.00840451	0.0555201	0.113699	0.00151888	0.0148312	0.0284907	0.00413899	0.151636	0.0336311	0.0111938	0.0492644	0.128842	0.0671637	0.0732844	0.0733396	0.0654617	0.0222934	0.000935402	0.0119679
113	0.0379856	0.0140998	0.0580582	0.020059	0.00242693	0.124435	0.0230564	0.00558135	0.00868166	0.0105995	0.00549175	0.0188259	0.00199469	0.00628211	0.0411428	0.35732	0.251676	0.00660846	0.00167938	0.00399551
114	0.0481531	0.00932022	0.00272954	0.00574916	0.0872045	0.00865858	0.00650192	0.15306	0.0114344	0.151202	0.0322194	0.00339897	0.00311765	0.00487229	0.00464562	0.0100771	0.0275252	0.204614	0.0178929	0.207624
115	0.0345559	0.0207492	0.000680632	0.00302183	0.0463156	0.00480685	0.00733044	0.187814	0.00381992	0.323136	0.0520694	0.00147738	0.00295351	0.00856354	0.0053477	0.00972714	0.0233162	0.21937	0.00535312	0.039592
116	0.0255784	0.00759861	0.00769449	0.043319	0.00638255	0.0150894	0.100101	0.0469005	0.0221824	0.174271	0.127456	0.0133911	0.00357128	0.191334	0.0232864	0.0110463	0.029556	0.140063	0.00362287	0.00755698
117	0.242479	0.148877	0.0034651	0.00873655	0.00287681	0.00741995	0.00664046	0.0347587	0.0083763	0.0287383	0.0158869	0.00766557	0.0141979	0.00868883	0.00760872	0.11692	0.212481	0.118585	0.00165681	0.00394198
118	0.0757974	0.00673938	0.289197	0.118798	0.0127768	0.0325995	0.0362099	0.015267	0.057925	0.0264247	0.0125744	0.0640318	0.0160634	0.0512462	0.0386428	0.0471251	0.0487641	0.0282939	0.00433082	0.0171933
119	0.152686	0.00489629	0.160759	0.0826443	0.00963527	0.100977	0.0415085	0.00892253	0.0513535	0.0212968	0.0388645	0.0518815	0.0143682	0.0806561	0.045371	0.0489024	0.0408786	0.0206355	0.00548222	0.0182806
120	0.00949388	0.00854961	0.00219395	0.00454851	0.148726	0.0031509	0.00621479	0.0103723	0.00500081	0.0193791	0.00777844	0.00363979	0.00715284	0.00476293	0.0224984	0.014634	0.00516538	0.0157626	0.126705	0.57427
121	0.258051	0.00856263	0.0218032	0.0507867	0.00331846	0.11034	0.0141073	0.00517037	0.0767511	0.00802508	0.0108684	0.0176958	0.0679381	0.0726637	0.0347524	0.158162	0.0505965	0.0229367	0.000864915	0.00660575
122	0.341324	0.00524974	0.00525598	0.0134622	0.02135	0.262588	0.0090327	0.00773899	0.0106116	0.0293853	0.00643795	0.00831473	0.00555515	0.0104222	0.028752	0.0159312	0.0108908	0.199704	0.0022657	0.00572795
123	0.0112705	0.00847713	0.00219925	0.00519514	0.145912	0.0044615	0.00692299	0.0122723	0.00578365	0.022083	0.00850559	0.00406725	0.0071404	0.00561275	0.0224108	0.0154934	0.00570222	0.0187823	0.128921	0.558787
124	0.0670252	0.00634348	0.138686	0.200101	0.00486589	0.0513762	0.0983515	0.00649777	0.0462698	0.0468804	0.00543192	0.107313	0.00776334	0.0373585	0.0675414	0.0328137	0.0391157	0.0145626	0.00269574	0.0190069
125	0.12659	0.143076	0.0212118	0.0323782	0.0233852	0.0297447	0.0352985	0.0489139	0.0394199	0.0768635	0.0268495	0.0286286	0.0138787	0.0398725	0.0583768	0.0739049	0.0646887	0.0776395	0.00863585	0.030643
126	0.0408932	0.00764997	0.00775712	0.0137544	0.0598205	0.00629373	0.0083448	0.0123205	0.0108683	0.164808	0.165507	0.016412	0.00303419	0.0155041	0.0114995	0.0156545	0.0201407	0.0160604	0.338974	0.0647029
127	0.322465	0.0644641	0.00504011	0.0155291	0.003855	0.0180739	0.00855515	0.0562897	0.0136115	0.0399872	0.0185378	0.0137211	0.0106019	0.014404	0.0110583	0.116281	0.0987732	0.160663	0.00186802	0.00622077
128	0.0598037	0.0111679	0.0174934	0.0495043	0.0157517	0.0310197	0.13355	0.0318958	0.0455757	0.0438674	0.0128898	0.0260017	0.248035	0.0419911	0.0602043	0.0401435	0.0382822	0.0646747	0.0042831	0.023865
129	0.3885	0.0912959	0.00146785	0.00829888	0.0015637	0.00740927	0.00350654	0.0695696	0.00433744	0.0493428	0.0193004	0.00280556	0.00302894	0.00804944	0.00327049	0.145286	0.0847487	0.10514	0.000908199	0.00217083
130	0.0447674	0.00596045	0.0150436	0.0413761	0.00475787	0.013574	0.0218516	0.0155245	0.133285	0.0212995	0.0104647	0.0291067	0.0108486	0.0860007	0.449755	0.0301961	0.0236632	0.0256803	0.00478508	0.0120599
131	0.0556073	0.015707	0.0195165	0.0331229	0.00498841	0.028384	0.0227899	0.0249107	0.0734119	0.0242403	0.0106326	0.0302581	0.0132279	0.0502995	0.412896	0.0896081	0.0448226	0.0252793	0.0051576	0.015139
132	0.0955184	0.00521174	0.076783	0.119839	0.00565413	0.0210642	0.0438059	0.00750175	0.190978	0.0329527	0.0081118	0.0457264	0.0324909	0.0782857	0.088371	0.0412334	0.0458376	0.0210727	0.0037279	0.0358342
133	0.0079439	0.0111409	0.00167074	0.00440836	0.327894	0.00299011	0.00592184	0.0157734	0.00454613	0.0231755	0.00901879	0.00304191	0.0118985	0.00524498	0.0152519	0.0206067	0.00512248	0.0238826	0.0836616	0.416805
134	0.0195347	0.0287661	0.12455	0.0753406	0.107244	0.00733508	0.0338502	0.100173	0.0357034	0.0445481	0.0672667	0.0555525	0.00378439	0.0136112	0.0136587	0.0121406	0.0577933	0.135965	0.0277648	0.0354177
135	0.0705446	0.00156117	0.243575	0.267193	0.00620039	0.0290503	0.0419549	0.0038415	0.0626802	0.0248321	0.00649244	0.0414439	0.00770613	0.0488516	0.0449449	0.0219287	0.0443257	0.0157263	0.00193683	0.0152103
136	0.244513	0.0492784	0.00180606	0.00849422	0.0210326	0.00834707	0.00644631	0.119924	0.00548051	0.151269	0.0303478	0.00331369	0.00335132	0.0096569	0.00490457	0.0852382	0.0539525	0.170181	0.00395871	0.0185039
137	0.0228443	0.00698215	0.00616065	0.0312962	0.00334109	0.0187435	0.0648414	0.0969936	0.0307137	0.249639	0.0816372	0.0151674	0.00242433	0.134665	0.0312824	0.00802213	0.0409049	0.146878	0.00294362	0.00451945
138	0.0775053	0.0140974	0.0439578	0.0802936	0.00183782	0.0544233	0.0215505	0.00756108	0.213392	0.0240661	0.00609543	0.060978	0.0750845	0.0873448	0.0617328	0.0907864	0.0536458	0.014552	0.00106824	0.0100274
139	0.195745	0.0117788	0.00795247	0.0690899	0.00474466	0.0573004	0.0169168	0.0454006	0.0501903	0.0925053	0.0131403	0.0569618	0.00833895	0.0452168	0.0158122	0.0653966	0.076045	0.156647	0.00379863	0.0070179
140	0.100362	0.00549405	0.0250219	0.0755985	0.00532897	0.0364329	0.0489881	0.0386457	0.0288741	0.217991	0.0525502	0.0122245	0.00517091	0.10926	0.0322681	0.0176827	0.0494185	0.118161	0.00381221	0.0167152
141	0.308262	0.00993471	0.0141057	0.0341857	0.00951733	0.0816853	0.0233766	0.0296199	0.0316084	0.0216984	0.0105312	0.0147135	0.171659	0.0363178	0.0242338	0.0774648	0.0337054	0.0529636	0.00260891	0.0118078
142	0.116915	0.00141297	0.207439	0.169634	0.0113128	0.0436835	0.0552519	0.00446556	0.064832	0.0166332	0.00923116	0.051514	0.0105406	0.0686033	0.044378	0.0298748	0.0441672	0.0223276	0.00340148	0.0243813
143	0.0424683	0.00312299	0.00633458	0.0820746	0.00440374	0.00699005	0.0591409	0.0460483	0.153139	0.0428996	0.0130357	0.0195845	0.0025341	0.210905	0.135195	0.0212444	0.0166067	0.0723778	0.0289712	0.0329241
144	0.353727	0.00575507	0.00502026	0.0147078	0.0237461	0.246687	0.00901762	0.00803686	0.0107393	0.0327213	0.00666464	0.00854453	0.00607631	0.0108176	0.0264516	0.0164828	0.0115438	0.195381	0.00235647	0.00552369
145	0.00631245	0.00749337	0.000565319	0.00133839	0.0528479	0.00101445	0.00532904	0.156604	0.00197248	0.569228	0.0798501	0.000983854	0.0126104	0.0137187	0.00387915	0.00175929	0.00293753	0.066122	0.000396517	0.0150371
146	0.110078	0.0060959	0.0783836	0.129173	0.00205015	0.0161991	0.0307694	0.00344117	0.138785	0.0364703	0.00857905	0.0516255	0.0833363	0.073261	0.0639044	0.0783415	0.0561344	0.0198239	0.00115085	0.0123974
147	0.00775186	0.0164718	0.00491242	0.017451	0.250081	0.00378926	0.033675	0.0183579	0.0158776	0.100285	0.0851877	0.00738468	0.00281647	0.0702437	0.0422827	0.00583227	0.0301798	0.0209017	0.00277121	0.263747
148	0.0309561	0.023064	0.000870145	0.00290117	0.0600518	0.00500348	0.00738441	0.209712	0.00301504	0.333252	0.0689794	0.00149016	0.00487831	0.0107565	0.00499647	0.00717569	0.0241425	0.166399	0.00385718	0.0311143
149	0.121435	0.00380136	0.110578	0.0161185	0.00139152	0.129723	0.0797818	0.00277744	0.0557626	0.00905228	0.005316	0.116084	0.00281207	0.106408	0.0783578	0.0804629	0.0486319	0.00382666	0.00575043	0.0219297
150	0.117666	0.00387513	0.0168101	0.0813072	0.00178182	0.0157238	0.019131	0.00513779	0.191773	0.0577481	0.00930444	0.0233696	0.0743193	0.147822	0.0927383	0.0476287	0.0477043	0.0210906	0.00199764	0.0230717
151	0.00616249	0.00715836	0.000567542	0.00132202	0.0529356	0.00101496	0.00530198	0.156366	0.00197157	0.571828	0.080262	0.000993701	0.0128111	0.0136706	0.00384677	0.00169957	0.00279433	0.0642796	0.000343723	0.0146709
152	0.00803269	0.0144296	0.00163949	0.00500023	0.358021	0.00456701	0.00902303	0.027374	0.00570305	0.0336298	0.0150044	0.00269642	0.0118574	0.0102678	0.0146426	0.0169711	0.00762142	0.0496107	0.038273	0.365635
153	0.132381	0.014302	0.066445	0.0215713	0.00176514	0.0840191	0.0624476	0.00413514	0.122164	0.00961984	0.0122424	0.0460009	0.00981115	0.0543576	0.180761	0.0714097	0.053196	0.0121719	0.00227692	0.0389219
154	0.0345924	0.00850958	0.0032454	0.0313023	0.028856	0.00527797	0.00768448	0.256843	0.0134331	0.223399	0.0363701	0.00400496	0.00475557	0.0059328	0.0076854	0.0162583	0.0211354	0.250212	0.00462019	0.0358822
155	0.0851096	0.0154489	0.0563666	0.127396	0.00593928	0.128702	0.0259797	0.0127513	0.0555153	0.0264084	0.00797284	0.0361796	0.0317361	0.0375706	0.0418393	0.198538	0.0675923	0.0227376	0.00380683	0.0124103
156	0.0848048	0.00703545	0.0396327	0.0538553	0.00223559	0.0459825	0.0419702	0.00448338	0.205193	0.013505	0.00773009	0.0327048	0.0219395	0.0589342	0.19772	0.0634981	0.0661998	0.0249707	0.00103865	0.0265664
157	0.353208	0.0139006	0.0188752	0.0345303	0.00904271	0.083196	0.0156014	0.00659161	0.0302297	0.00693319	0.00943366	0.0168197	0.132967	0.0332818	0.0142857	0.109968	0.0398207	0.0588868	0.000668443	0.0117595
158	0.085707	0.00100364	0.225182	0.250185	0.00599822	0.0234875	0.0263163	0.00331423	0.0661483	0.0344019	0.00693686	0.0525075	0.00977457	0.0634693	0.0373379	0.0293539	0.0478059	0.0148242	0.00181205	0.0144334
159	0.0957419	0.00128375	0.200954	0.258857	0.00636882	0.0314763	0.0289248	0.0039326	0.0572488	0.0290403	0.00673812	0.0473097	0.0088604	0.0674869	0.0437554	0.0244741	0.0520158	0.0154	0.00218024	0.0179514
160	0.0320434	0.0591433	0.00652685	0.0163501	0.00549756	0.0241619	0.0109188	0.139567	0.11745	0.0815944	0.00922684	0.0107277	0.00425343	0.0147747	0.255344	0.121255	0.0537482	0.0216686	0.00309425	0.0126535
161	0.0354463	0.0239975	0.00543709	0.0165981	0.0297879	0.00822795	0.0641171	0.0103641	0.169353	0.164129	0.00770587	0.00875468	0.00468329	0.0763937	0.130277	0.0139692	0.0303886	0.0458934	0.00470167	0.149775
162	0.103483	0.0031971	0.0282357	0.13458	0.0034656	0.00641816	0.0230867	0.0353557	0.182777	0.017367	0.0240176	0.0171911	0.00221453	0.16428	0.108884	0.0178563	0.0312557	0.0822794	0.0054405	0.00861508
163	0.122775	0.00361426	0.0110193	0.116075	0.00439533	0.029007	0.0354495	0.0155625	0.0700901	0.15309	0.0184008	0.00940046	0.0135337	0.12238	0.0612702	0.0357076	0.0553559	0.0731145	0.00504483	0.044713
164	0.0694239	0.00847154	0.0179317	0.0384862	0.00448325	0.0153833	0.0231314	0.0145858	0.079381	0.0257181	0.010975	0.0333521	0.017499	0.0882381	0.450476	0.0321716	0.0252778	0.0272573	0.00471994	0.0130365
165	0.0627205	0.0191006	0.00653313	0.034118	0.00415634	0.00559012	0.0124153	0.0736964	0.0391448	0.201678	0.0512915	0.00642039	0.00208338	0.317899	0.094942	0.00860821	0.0127879	0.0387814	0.00227438	0.00575855
166	0.392258	0.0663601	0.00323531	0.0184719	0.00204452	0.0154967	0.00548735	0.0613805	0.00869318	0.0554012	0.01685	0.00670492	0.00780726	0.0170375	0.00563947	0.140634	0.0783629	0.0940078	0.00105895	0.0030682
167	0.0176721	0.00594763	0.00459291	0.0345309	0.0232146	0.00643257	0.0169261	0.0119423	0.353674	0.107187	0.00897469	0.0105894	0.00310367	0.0733495	0.148277	0.0132556	0.0161219	0.104648	0.00465862	0.0349027
168	0.0534802	0.00587703	0.0138747	0.0453429	0.0105991	0.0271096	0.0465149	0.0236078	0.0540967	0.0341436	0.00702727	0.0159717	0.398657	0.0327078	0.073815	0.0404885	0.0444001	0.0522028	0.00277356	0.0173096
169	0.0357148	0.0165502	0.000737683	0.00475583	0.0440023	0.00350093	0.00661055	0.190992	0.00369731	0.30489	0.0468908	0.00135961	0.00314684	0.00775004	0.00395345	0.0107717	0.0216253	0.246639	0.00573874	0.0406732
170	0.0174004	0.0229943	0.000950434	0.00271007	0.0292118	0.00302785	0.00628666	0.167807	0.0032916	0.413235	0.122775	0.00234305	0.00558147	0.0255423	0.00402819	0.00753961	0.0196992	0.131265	0.00170212	0.0126095
171	0.105009	0.000817854	0.265483	0.180818	0.0119782	0.0280657	0.033637	0.00338998	0.0585935	0.0158891	0.00975454	0.0599074	0.0131655	0.0667523	0.0335597	0.027867	0.0482414	0.0192397	0.00233321	0.0154988
172	0.227474	0.00562914	0.0119677	0.26824	0.00499728	0.00857816	0.0347444	0.0117844	0.133399	0.04113	0.00978657	0.00994922	0.00455915	0.0689514	0.045689	0.0363592	0.0185547	0.0211753	0.0252074	0.0118233
173	0.00851543	0.0123778	0.00216729	0.00692388	0.383064	0.00459531	0.0143684	0.0728198	0.00738726	0.169184	0.0562839	0.00361095	0.00802256	0.0215944	0.0165201	0.0112075	0.0132502	0.0427298	0.00795137	0.137427
174	0.0261258	0.00502633	0.0105871	0.0614287	0.102697	0.0409627	0.0857524	0.00779078	0.108865	0.05683	0.0226214	0.0382822	0.00349305	0.060622	0.0871598	0.055948	0.0170517	0.0122144	0.0767138	0.119828
175	0.165966	0.00330616	0.0608666	0.109465	0.00289549	0.00629438	0.0176015	0.0070181	0.121799	0.0116685	0.0186851	0.0649924	0.00777212	0.0842954	0.0808175	0.0468562	0.103015	0.0734714	0.00298616	0.010228
176	0.0268018	0.0102152	0.00583459	0.011162	0.0835856	0.00727991	0.0131922	0.0291787	0.0130062	0.11867	0.0632862	0.0128079	0.00497077	0.0133474	0.0171314	0.018998	0.0147816	0.0389233	0.26765	0.229177
177	0.028402	0.0242159	0.000912695	0.00278117	0.0322864	0.00385603	0.00628895	0.175607	0.00318935	0.356389	0.111219	0.00244299	0.00367086	0.0186409	0.00370465	0.0097823	0.025976	0.168316	0.00299661	0.0193221
178	0.118647	0.00542853	0.0116882	0.0480568	0.00464456	0.0768881	0.0159672	0.00771234	0.0735053	0.0160305	0.00473889	0.0160104	0.334886	0.0541078	0.0294114	0.103714	0.0467408	0.0242683	0.00112172	0.00643184
179	0.0280603	0.0199024	0.0395931	0.0388513	0.00284293	0.116439	0.0176883	0.0218173	0.285517	0.012989	0.00436154	0.0914301	0.0139469	0.121704	0.0391271	0.0842639	0.0424108	0.00953011	0.00414956	0.00537539
180	0.0465527	0.0250907	0.06376	0.0293792	0.00130508	0.145756	0.0092034	0.00338456	0.00397377	0.00999736	0.00277672	0.0233387	0.00105022	0.00316863	0.0120599	0.468782	0.144669	0.00313371	0.00073162	0.001888
181	0.133455	0.00436419	0.0210592	0.0622999	0.00167095	0.0210718	0.0276778	0.00378033	0.156918	0.0734916	0.00864239	0.0324597	0.103936	0.101579	0.0743748	0.0878433	0.0442876	0.0177738	0.00158701	0.021727
182	0.00616249	0.00715836	0.000567542	0.00132202	0.0529356	0.00101496	0.00530198	0.156366	0.00197157	0.571828	0.080262	0.000993701	0.0128111	0.0136706	0.00384677	0.00169957	0.00279433	0.0642796	0.000343723	0.0146709
183	0.078254	0.0522542	0.00978349	0.0216323	0.00576753	0.128392	0.0161005	0.102424	0.0967093	0.0378083	0.0121361	0.0139799	0.00464524	0.0187434	0.188876	0.0940279	0.0756859	0.025625	0.00423569	0.012919
184	0.0473974	0.0045869	0.0541679	0.107082	0.0157591	0.0102822	0.021089	0.0257521	0.390722	0.0132219	0.00941882	0.0266208	0.00386472	0.0898585	0.0881118	0.0146185	0.0464804	0.0218125	0.00219004	0.00696332
185	0.370951	0.0287172	0.0210293	0.0321818	0.00722947	0.0568208	0.0195754	0.0304568	0.0362454	0.0325282	0.0159159	0.0191981	0.0360909	0.0369146	0.0233031	0.0972966	0.0523105	0.0677544	0.00301984	0.0124611
186	0.0471163	0.0126698	0.000663542	0.00326285	0.0485632	0.0084774	0.00623858	0.264409	0.00301989	0.228513	0.067607	0.00197375	0.00190514	0.00541255	0.00296002	0.00792644	0.0368599	0.215929	0.00455352	0.0319387
187	0.132403	0.00342926	0.095454	0.020671	0.00157126	0.126788	0.0883361	0.00265638	0.0645779	0.00897273	0.00473224	0.101997	0.00508768	0.0993444	0.0630425	0.0915735	0.0605483	0.00388727	0.00518798	0.0197388
188	0.0437063	0.0093014	0.0210155	0.0281218	0.0239761	0.0137285	0.212966	0.0327603	0.0264279	0.0433357	0.0153186	0.119362	0.00485668	0.026174	0.0322697	0.0204093	0.0386841	0.0219114	0.0113897	0.254285
189	0.383737	0.095831	0.00177546	0.00780984	0.00139339	0.00757913	0.00359043	0.0646663	0.00465385	0.0470286	0.0214935	0.00302101	0.00373472	0.00770252	0.00335895	0.139313	0.0958667	0.104586	0.000981821	0.00187635
190	0.0793021	0.00947812	0.00787755	0.0181936	0.0339994	0.0100367	0.0724703	0.102066	0.0205898	0.231823	0.0115239	0.0424106	0.00496792	0.083342	0.0941615	0.0426305	0.0491305	0.024814	0.00431221	0.0568698
191	0.0613719	0.010016	0.0189802	0.0644254	0.00252506	0.123707	0.0142087	0.00993598	0.178413	0.0121456	0.00448414	0.136848	0.0374685	0.062975	0.0435854	0.132654	0.0667023	0.0105039	0.0025451	0.00650444
192	0.0319455	0.0515264	0.0480952	0.0901746	0.00488479	0.00918672	0.121414	0.00928732	0.0127286	0.101926	0.00613494	0.115529	0.00354037	0.0596383	0.244751	0.0258071	0.0118253	0.0140445	0.00272762	0.0348337
193	0.0329077	0.00583459	0.0118597	0.0870653	0.0603174	0.0486866	0.0464261	0.0144609	0.136695	0.033624	0.0403173	0.025514	0.00453653	0.0757106	0.167623	0.0321166	0.0227869	0.0250126	0.0787715	0.0497341
194	0.0842733	0.00897172	0.061082	0.115476	0.00158104	0.0157802	0.0303581	0.00416188	0.151096	0.0320193	0.0101661	0.0468877	0.127044	0.0637615	0.0747151	0.079919	0.0590959	0.020345	0.000566581	0.0126997
195	0.110095	0.00998048	0.0380588	0.0223284	0.00680667	0.0761498	0.0537826	0.00590633	0.155256	0.0133118	0.0103049	0.0396273	0.0093503	0.0391905	0.184304	0.0628498	0.0622465	0.0146599	0.00516341	0.0806277
