232	20
1	0.0567363	0.000762392	0.342319	0.137268	0.00097338	0.0261004	0.0459723	0.00521474	0.0404808	0.00515321	0.00158713	0.117681	0.0014496	0.059801	0.059834	0.0314242	0.0566788	0.00641234	0.00282204	0.00132974
2	0.275021	0.092091	0.00368512	0.00118806	0.012234	0.00833537	0.00201558	0.0810634	0.00219728	0.0459506	0.0197879	0.0075334	0.0132097	0.00180569	0.0028279	0.0344854	0.0740875	0.321449	0.000359383	0.000672878
3	0.049283	0.00414868	0.000750657	0.000750346	0.00303632	0.00332268	0.000665772	0.563827	0.00120585	0.0398523	0.0274765	0.00298788	0.000550798	0.00165928	0.00110651	0.00978972	0.0175594	0.271521	0.000206103	0.000299891
4	0.0442646	0.00270021	0.00069321	0.000829492	0.00316054	0.00353123	0.000662392	0.587856	0.00101476	0.0207079	0.0269833	0.000745542	0.000500319	0.000899996	0.000963304	0.00937743	0.0158391	0.278771	0.000175671	0.000323891
5	0.00862159	0.00367821	0.000457604	0.000492449	0.028921	0.000459243	0.000403993	0.355539	0.00285025	0.346322	0.0165132	0.00107612	0.000312263	0.000798513	0.000740951	0.00286235	0.00873049	0.220895	0.000130913	0.00019557
6	0.0152297	0.000374185	0.0134669	0.00584509	0.000740899	0.90489	0.000831258	0.000881136	0.00527353	0.00187221	0.000904737	0.0163966	0.000642695	0.00149163	0.00566354	0.0180388	0.0048518	0.00192309	0.000308025	0.000373887
7	0.471372	0.000473688	0.000880322	0.00128729	0.000471871	0.452635	0.000917956	0.000788188	0.00132037	0.00155625	0.00087978	0.00111781	0.000604079	0.00138189	0.00149881	0.0463899	0.00592005	0.00956196	0.000362233	0.00058079
8	0.0322184	0.00055959	0.0150569	0.00545856	0.000578871	0.870768	0.001244	0.00128224	0.00635695	0.00162884	0.000823954	0.0172197	0.0017771	0.00229439	0.00708822	0.0266205	0.00590229	0.00225146	0.00036308	0.00050712
9	0.455945	0.000744651	0.00170202	0.00156253	0.000468053	0.46527	0.00100824	0.000795065	0.0016436	0.0015845	0.000954824	0.00182619	0.000630174	0.00144813	0.00220493	0.0454378	0.00610088	0.0096362	0.000376911	0.000660484
10	0.347313	0.0612551	0.0014318	0.00210008	0.000662155	0.00850883	0.00193041	0.00165009	0.00376171	0.00589253	0.00144764	0.00189088	0.00228863	0.00514591	0.00548138	0.485114	0.0166246	0.0460429	0.000561459	0.000896863
11	0.235202	0.000734249	0.00526171	0.00324714	0.000631618	0.672614	0.00247113	0.000997126	0.00479086	0.00235477	0.00163423	0.00800074	0.00251058	0.00480393	0.0063351	0.035029	0.00555715	0.00620562	0.000378728	0.00124007
12	0.0181393	0.012293	0.0018135	0.00688369	0.0492603	0.00258101	0.00854168	0.0305385	0.00345847	0.732321	0.0572626	0.00229011	0.00160966	0.00306669	0.00889584	0.0139803	0.00366955	0.0290638	0.00138929	0.0129414
13	0.0071239	0.00133313	0.0242688	0.00358458	0.00297021	0.0214694	0.00407216	0.00178642	0.169523	0.00364993	0.00320961	0.0973659	0.00143378	0.0760584	0.35677	0.193287	0.0256293	0.00461666	0.000757833	0.0010903
14	0.0376909	0.00242434	0.000705846	0.000847329	0.00249347	0.00288302	0.00072937	0.498491	0.00167578	0.0328677	0.0286417	0.00138243	0.000525169	0.00106052	0.00119963	0.00795376	0.0172141	0.360354	0.000341907	0.000518536
15	0.101194	0.0382776	0.000916406	0.00581775	0.022225	0.00141555	0.00168523	0.0817427	0.00150941	0.407471	0.0539597	0.0010346	0.000610975	0.00532756	0.0109752	0.0151108	0.0429991	0.206087	0.000281909	0.00135858
16	0.00765576	0.00372902	0.000423271	0.000495844	0.0200652	0.000414747	0.000411135	0.3309	0.00321148	0.31451	0.0149021	0.00290651	0.000265363	0.00126945	0.000685869	0.00230697	0.00864746	0.286858	0.000136309	0.000205495
17	0.00861073	0.00368369	0.000457614	0.000492442	0.0288872	0.000459269	0.000403917	0.355375	0.00285707	0.346242	0.0164915	0.00108463	0.000312065	0.00079984	0.000741064	0.00286055	0.00872731	0.221186	0.000131888	0.000195655
18	0.04147	0.00933038	0.147621	0.603272	0.00872479	0.0193651	0.011578	0.00945713	0.00967784	0.0128476	0.0115301	0.0108764	0.00420132	0.0334105	0.0147232	0.0171696	0.0122185	0.0119192	0.00375679	0.00685069
19	0.0417653	0.00329095	0.0190629	0.0191896	0.00302441	0.0755084	0.176592	0.00472013	0.174045	0.0211781	0.0311569	0.0868467	0.020423	0.0578674	0.117703	0.115489	0.0123978	0.00861579	0.00742483	0.00369809
20	0.230872	0.00173599	0.030149	0.00970085	0.00178075	0.105589	0.00831992	0.00268359	0.0113666	0.0188627	0.00319735	0.132943	0.00944624	0.0315705	0.00657001	0.23838	0.112859	0.0271552	0.014977	0.00184099
21	0.157366	0.00380128	0.0510197	0.100415	0.0032541	0.0367511	0.0078307	0.00141991	0.0939335	0.00458641	0.00194098	0.0770898	0.181458	0.0429457	0.0804172	0.0742879	0.0733814	0.00679159	0.00033684	0.00097181
22	0.240959	0.00127932	0.00250104	0.00261917	0.00126935	0.00444999	0.00203301	0.146561	0.00354193	0.11157	0.0235991	0.00270412	0.248865	0.00330934	0.00397738	0.0183683	0.0312816	0.149378	0.000649398	0.00108361
23	0.4456	0.000556188	0.00107015	0.0014139	0.000597599	0.480571	0.00104156	0.000867735	0.00142446	0.00166097	0.000903907	0.00121983	0.000698324	0.00148427	0.00176401	0.0431622	0.00590848	0.00907486	0.000371526	0.000608226
24	0.0764349	0.000339932	0.0382374	0.0993037	0.00047441	0.0310296	0.010173	0.00327499	0.28104	0.0152305	0.001973	0.0243298	0.00472161	0.119861	0.220966	0.0449326	0.0187162	0.00812207	0.000293998	0.000545507
25	0.0513586	0.00278543	0.0257616	0.0519588	0.00856155	0.0193268	0.0118282	0.0114462	0.31073	0.0272511	0.00726292	0.0417047	0.00993816	0.0738347	0.240657	0.0527186	0.0174279	0.017853	0.00608907	0.011506
26	0.0100466	0.00390207	0.00045684	0.000519915	0.021194	0.000595671	0.000434431	0.352516	0.00305692	0.302986	0.0161435	0.00299794	0.000373668	0.00143168	0.000726778	0.00276544	0.00961445	0.26988	0.000152268	0.00020562
27	0.115288	0.0125979	0.00765636	0.00806778	0.0025652	0.0122248	0.00303322	0.103041	0.100181	0.309389	0.0289189	0.00420636	0.00217596	0.00590817	0.191017	0.0271311	0.00697067	0.0571476	0.000838119	0.00164347
28	0.0506712	0.0040707	0.00070937	0.000836568	0.00311174	0.00360295	0.000657185	0.582701	0.00106735	0.0230751	0.0279327	0.00121724	0.000618048	0.00099613	0.00107012	0.0100775	0.0172082	0.269896	0.000182023	0.000298929
29	0.32496	0.0162653	0.00721322	0.00778018	0.00143975	0.0129406	0.00384176	0.00325748	0.013746	0.0064425	0.00266669	0.0169669	0.0230377	0.0154813	0.0126986	0.454131	0.0542807	0.0191132	0.00140687	0.00232939
30	0.0181755	0.000386683	0.0132748	0.00520418	0.000507703	0.899879	0.00151921	0.000753885	0.00563043	0.00145465	0.000699501	0.0162234	0.000739557	0.0016644	0.00794776	0.0185918	0.00423153	0.0019715	0.000589647	0.000555231
31	0.0159115	0.00132948	0.032889	0.0122085	0.00179144	0.770588	0.00702105	0.00253372	0.0166962	0.0045878	0.00181223	0.0493613	0.0026535	0.00883554	0.0236741	0.0323509	0.0106406	0.00309203	0.000943702	0.0010795
32	0.215126	0.00180493	0.00710714	0.00461045	0.000870834	0.679663	0.00299787	0.00179747	0.00461366	0.00319847	0.00137758	0.00991532	0.00281652	0.0047847	0.00991355	0.0336562	0.00697533	0.00701304	0.000986993	0.000770504
33	0.0118373	0.00227825	0.00870359	0.00743708	0.0206377	0.00772187	0.00405795	0.00386357	0.35251	0.0075994	0.00366567	0.0715186	0.00223453	0.0350856	0.338145	0.0682356	0.0109005	0.018286	0.00862268	0.0166598
34	0.307491	0.133727	0.00504974	0.00503204	0.00676193	0.00907302	0.00490598	0.0240807	0.00523868	0.0212319	0.00921423	0.00552825	0.00633953	0.00980485	0.00794839	0.255158	0.0396767	0.140913	0.000901284	0.00192488
35	0.0705808	0.0119614	0.0902697	0.0364212	0.0090993	0.0455277	0.0301169	0.0136892	0.0437556	0.0394313	0.0164434	0.310753	0.0198061	0.0360807	0.0526255	0.0791835	0.0517635	0.0295516	0.00475839	0.00818136
36	0.0140015	0.01197	0.00145531	0.00329222	0.263711	0.00175191	0.00999883	0.064867	0.0065521	0.426783	0.0357207	0.00168972	0.000978626	0.0113492	0.00460954	0.0163481	0.00585194	0.0445432	0.00995148	0.0645749
37	0.0162388	0.0781362	0.00223415	0.0022363	0.00129045	0.00987878	0.00160915	0.00394634	0.00252081	0.0470424	0.0184607	0.00360639	0.00190342	0.00289236	0.00362429	0.141633	0.650473	0.0107511	0.000670564	0.000852135
38	0.0630236	0.0094074	0.0939946	0.0446066	0.00877139	0.0338119	0.123398	0.0152963	0.0494737	0.0259071	0.0159915	0.267655	0.0158968	0.0371489	0.0546751	0.0589225	0.038015	0.026972	0.00508535	0.0119474
39	0.0381233	0.00127401	0.0273254	0.0240139	0.00377581	0.00733283	0.0120514	0.075548	0.0418877	0.354976	0.144175	0.00533478	0.00173522	0.0302652	0.0817762	0.00653219	0.0671628	0.061264	0.000904455	0.0145415
40	0.146245	0.00102531	0.0867433	0.110252	0.00132079	0.103638	0.0969457	0.00195283	0.00368731	0.0143612	0.0134276	0.032043	0.00138514	0.20321	0.0812142	0.0828452	0.0147311	0.00335603	0.000678567	0.000936826
41	0.0886134	0.00217276	0.342305	0.110996	0.00192225	0.0265542	0.0329677	0.00413248	0.0390549	0.0109086	0.00262009	0.13171	0.00448316	0.0367433	0.0543517	0.0550666	0.0435727	0.00824217	0.00197506	0.00160817
42	0.115611	0.00285285	0.0119296	0.0960565	0.00293493	0.0136347	0.0249509	0.0228279	0.0934605	0.00843114	0.00329575	0.0154429	0.25615	0.0591214	0.20581	0.0412299	0.0164477	0.00584841	0.00130314	0.00266055
43	0.0728269	0.000358241	0.0473327	0.093963	0.000476904	0.0326522	0.0256197	0.00336375	0.259917	0.0137284	0.00281021	0.0349891	0.00543869	0.115618	0.210866	0.049957	0.0192539	0.00924553	0.00103035	0.000551596
44	0.0124723	0.00429591	0.00134491	0.0016996	0.29863	0.00147404	0.00834145	0.0627015	0.00592657	0.368371	0.0482125	0.00157484	0.000982846	0.0103935	0.00275231	0.0141639	0.00926349	0.0513363	0.0271181	0.0689447
45	0.287116	0.106456	0.00394815	0.000814946	0.0142904	0.00849042	0.00173845	0.0736083	0.00113098	0.0392239	0.0210738	0.003645	0.014052	0.00104725	0.00229394	0.0382095	0.0658918	0.316402	0.00022398	0.000342634
46	0.0798597	0.00600756	0.0196335	0.0217038	0.00205319	0.00738066	0.00368337	0.117533	0.275174	0.134322	0.0115036	0.00440902	0.00253283	0.00584704	0.209358	0.0330374	0.00675049	0.0557205	0.00123801	0.00225274
47	0.119414	0.00290634	0.0207688	0.0161154	0.00261797	0.0440447	0.00820401	0.00407795	0.0797952	0.00903595	0.00426115	0.0652395	0.083546	0.0254545	0.0484924	0.344403	0.0873162	0.00805958	0.00185241	0.0243948
48	0.290859	0.10772	0.00385765	0.00104739	0.0135902	0.00864639	0.00183192	0.0746709	0.00122158	0.03896	0.0199653	0.00381434	0.0139838	0.00113581	0.00246263	0.0373076	0.0681151	0.31016	0.000305582	0.000344541
49	0.0132199	0.00425211	0.000790767	0.00190615	0.236777	0.000896526	0.00389119	0.0438323	0.00174456	0.503891	0.0667038	0.000967608	0.000562916	0.00201355	0.00275168	0.00763702	0.00900919	0.0483603	0.0248219	0.0259699
50	0.387814	0.00127035	0.0049876	0.0285706	0.0014112	0.0326902	0.0142988	0.00201237	0.0830534	0.00478887	0.00227033	0.0168562	0.00279581	0.0188068	0.0466543	0.312035	0.0223518	0.0152176	0.000790416	0.001324
51	0.0882162	0.00316509	0.0137762	0.0230809	0.00325172	0.12489	0.00807879	0.00554713	0.102022	0.0118263	0.00531822	0.0139834	0.00862994	0.197663	0.246217	0.0863278	0.0427265	0.00957118	0.00190448	0.00380432
52	0.00259381	0.0102621	0.00112855	0.00120592	0.322693	0.00120705	0.0640128	0.00114113	0.00138147	0.0168123	0.0069416	0.00129233	0.000604858	0.00155419	0.00173816	0.00225369	0.00167803	0.00127037	0.0153635	0.544865
53	0.0412231	0.00118411	0.0300309	0.00284891	0.00145148	0.10664	0.00239466	0.00207067	0.0808629	0.00379744	0.00166993	0.0374978	0.0593483	0.0340828	0.0732574	0.434692	0.077735	0.00402409	0.00081818	0.00437003
54	0.12027	0.0014788	0.0570858	0.0373996	0.00184904	0.00320408	0.102396	0.00230467	0.0465233	0.00472953	0.00280111	0.00380982	0.00190564	0.197545	0.105172	0.0888334	0.00652526	0.00400647	0.170587	0.0415742
55	0.0920717	0.00082833	0.43101	0.153234	0.00107114	0.00373026	0.0406773	0.00193644	0.0242125	0.00985418	0.00179639	0.0248722	0.00104737	0.121856	0.0395174	0.00860891	0.0305395	0.00274043	0.00935608	0.0010397
56	0.0712612	0.0186575	0.00150959	0.00623677	0.109402	0.00188284	0.00480394	0.10876	0.0154766	0.269282	0.0666091	0.00608438	0.00143493	0.00574996	0.0136583	0.0164144	0.0636503	0.173711	0.023399	0.0220165
57	0.0104101	0.00419124	0.000496875	0.000636699	0.0237904	0.000534066	0.000559419	0.321773	0.00382	0.349153	0.0197652	0.00174523	0.000379573	0.00107047	0.000985483	0.00284982	0.0100401	0.247348	0.00016872	0.000282633
58	0.281097	0.00114788	0.174029	0.167619	0.00119207	0.092145	0.00343119	0.00195722	0.0624282	0.00567233	0.00182145	0.0249647	0.00189362	0.00827128	0.0461796	0.0837611	0.0382199	0.00246178	0.000710489	0.00099803
59	0.0119829	0.00262472	0.0050734	0.00581017	0.111807	0.00554381	0.00562187	0.00606132	0.0300853	0.150063	0.347509	0.00550115	0.00344018	0.00594854	0.0956494	0.0101689	0.0081673	0.00794459	0.111017	0.0699803
60	0.011856	0.00351898	0.000551266	0.000637821	0.0584668	0.000513461	0.000485801	0.316566	0.00259328	0.352301	0.0274328	0.000917303	0.000398239	0.00095108	0.000963122	0.00354323	0.00967531	0.201141	0.00429221	0.00319554
61	0.0378167	0.0160506	0.0030723	0.0187388	0.00185886	0.0320264	0.474657	0.0178662	0.0179322	0.0209256	0.00283924	0.0291779	0.00195748	0.0198192	0.0201266	0.00633944	0.00501187	0.00534061	0.00108109	0.267362
62	0.0437454	0.0013584	0.026735	0.00286502	0.00148723	0.523906	0.0273484	0.00203869	0.0422094	0.00434727	0.00224795	0.0927858	0.00196188	0.0265807	0.158631	0.0313186	0.00476071	0.00344539	0.000786691	0.00144098
63	0.00617017	0.00262959	0.000599892	0.000646075	0.00515905	0.000588166	0.000669492	0.272141	0.00345634	0.178794	0.0182061	0.00509182	0.000351009	0.00203496	0.000969834	0.00164674	0.00906753	0.491258	0.000210568	0.000310068
64	0.230978	0.00213906	0.0495096	0.10609	0.00802968	0.0441356	0.0103492	0.00180312	0.0713248	0.00893763	0.00249591	0.0476651	0.182028	0.0301339	0.0723425	0.0710146	0.0530725	0.00660612	0.00055548	0.000788379
65	0.0332555	0.00185372	0.00345352	0.00406123	0.140303	0.0196036	0.087926	0.00646417	0.00535025	0.0467424	0.0139956	0.00621811	0.0277762	0.00694444	0.0157243	0.00785516	0.0386065	0.0469937	0.286677	0.200195
66	0.0231957	0.00375324	0.00935368	0.267946	0.00439079	0.00865079	0.07639	0.00759206	0.0881923	0.0170541	0.007135	0.0428417	0.00484918	0.0829135	0.0875056	0.0194718	0.0604153	0.142496	0.00230009	0.0435526
67	0.0298577	0.00633129	0.0145136	0.312932	0.00607094	0.0128175	0.0694374	0.100071	0.0207933	0.161956	0.0145103	0.0157475	0.0078202	0.0201117	0.0744409	0.0285974	0.0241071	0.022731	0.0496762	0.00747717
68	0.0677599	0.000375461	0.0363135	0.0985539	0.00124856	0.0283736	0.00995369	0.00347243	0.278117	0.015949	0.00237769	0.0285745	0.00363749	0.118232	0.230333	0.0487521	0.018252	0.00838863	0.000599765	0.000736602
69	0.128205	0.00231775	0.119927	0.155665	0.00285923	0.0107911	0.0299463	0.00368152	0.199359	0.00884829	0.00408666	0.050016	0.0363771	0.0323795	0.0198474	0.0778328	0.0675198	0.0452992	0.00138482	0.00365562
70	0.0811598	0.00265568	0.0299055	0.0304983	0.00266755	0.0981527	0.191719	0.0043456	0.129103	0.0677621	0.0102651	0.0412242	0.0733659	0.0367603	0.068508	0.0896089	0.00934334	0.0073177	0.0232499	0.00238784
71	0.0526598	0.00777582	0.0235408	0.0293847	0.00595956	0.245119	0.0131475	0.0115317	0.0377129	0.0297261	0.0130946	0.0342876	0.0323193	0.0356434	0.115319	0.140589	0.0917246	0.0694557	0.00419538	0.00681342
72	0.0623945	0.00435937	0.0178938	0.104214	0.0049855	0.0103589	0.0338606	0.0157326	0.111214	0.079794	0.0223172	0.0199199	0.00610201	0.146972	0.100963	0.0605634	0.0897066	0.0401101	0.00352912	0.065009
73	0.0199261	0.0110103	0.00379299	0.00887269	0.10934	0.00655268	0.0422201	0.0573849	0.00881442	0.446848	0.0320276	0.00575825	0.00266044	0.0117763	0.0117082	0.0206869	0.00805168	0.0466917	0.0102205	0.135657
74	0.0074713	0.00885939	0.00187187	0.00172545	0.318848	0.00243143	0.0524662	0.0194031	0.00418889	0.0818199	0.0180886	0.00226632	0.00201891	0.00551655	0.00480355	0.00750741	0.00501881	0.0147005	0.0281187	0.412875
75	0.123453	0.242072	0.00815635	0.00941244	0.0488064	0.046425	0.00767432	0.0219715	0.0111753	0.0560849	0.00777733	0.00954404	0.104029	0.0132963	0.0148938	0.0222989	0.216759	0.0286534	0.00295059	0.00456684
76	0.0879962	0.00164986	0.0658519	0.116844	0.0444021	0.00464735	0.00372589	0.0305645	0.0655658	0.161935	0.0338426	0.0870428	0.0293538	0.0773258	0.106542	0.00788688	0.0225828	0.0495409	0.000986558	0.00171354
77	0.0394552	0.00075935	0.284579	0.119492	0.000811012	0.0427854	0.0635819	0.00768755	0.0415345	0.00259351	0.00130019	0.163311	0.00101726	0.0334549	0.0813114	0.0442033	0.0619558	0.0087931	0.000641319	0.000732461
78	0.0404906	0.0012157	0.0290057	0.00311661	0.00140687	0.109945	0.00236793	0.00208695	0.0820094	0.00380108	0.00170353	0.0380185	0.0589207	0.0348814	0.0724242	0.431551	0.0779145	0.00404656	0.000848696	0.00424534
79	0.426307	0.00258337	0.000983503	0.00132963	0.000517735	0.00944843	0.00101033	0.000882547	0.00298347	0.00159728	0.000739604	0.00107604	0.00232187	0.00449435	0.00783577	0.52558	0.00830533	0.0012108	0.000283589	0.000509965
80	0.0726249	0.000271114	0.0388756	0.100691	0.000374088	0.0298196	0.0102567	0.00325497	0.282032	0.0142716	0.00184676	0.025074	0.00334335	0.124233	0.220338	0.0453669	0.0186788	0.00806555	0.0002095	0.000372555
81	0.095453	0.000776712	0.421727	0.160438	0.00122625	0.00224945	0.0331647	0.00188634	0.0211347	0.0114875	0.00171406	0.0154468	0.0011771	0.146188	0.0380226	0.00456401	0.0324355	0.00264884	0.00727542	0.00098361
82	0.0076597	0.00356802	0.000406144	0.000540852	0.0153193	0.000474473	0.000443516	0.322796	0.00333426	0.276755	0.0152977	0.00378048	0.000303275	0.00150041	0.000739623	0.00212058	0.00872452	0.335883	0.00014494	0.000207733
83	0.00805488	0.00339131	0.000510418	0.000608105	0.00913589	0.000494462	0.000525713	0.292991	0.00423982	0.223917	0.0161128	0.0053062	0.000310184	0.00199526	0.000859024	0.00193483	0.00911191	0.419975	0.000208733	0.000318014
84	0.0967641	0.000628984	0.284176	0.104693	0.000541601	0.0416181	0.0383051	0.00331498	0.0479078	0.00338385	0.000973926	0.135687	0.000738629	0.0227128	0.0774878	0.0622492	0.073231	0.00446168	0.000603564	0.000520704
85	0.0982007	0.0298824	0.00141526	0.00500349	0.0245668	0.00170181	0.00144311	0.117745	0.001966	0.361876	0.0651356	0.00192982	0.00122804	0.00523025	0.00864967	0.012846	0.0380236	0.22177	0.000440654	0.000946623
86	0.0110898	0.00527758	0.0010311	0.00191918	0.278896	0.00143981	0.00612501	0.0481515	0.00402236	0.452374	0.0524743	0.00141005	0.00064781	0.00597619	0.0033572	0.0100895	0.00745957	0.0435957	0.0191889	0.0454751
87	0.0261271	0.00147043	0.0289675	0.058601	0.0131939	0.0226395	0.00469652	0.0181508	0.0556792	0.342746	0.103038	0.0163912	0.00254978	0.0406452	0.0681698	0.0150316	0.0762259	0.100636	0.000909476	0.00413172
88	0.259979	0.000805116	0.0868496	0.083724	0.00130848	0.0499742	0.0123668	0.0014417	0.0725252	0.0200992	0.00207589	0.0349111	0.00662243	0.0377319	0.0999159	0.136779	0.0855262	0.00418699	0.000540392	0.00263642
89	0.088083	0.00166228	0.0659009	0.11886	0.0436099	0.00474657	0.00397976	0.030547	0.0653313	0.161087	0.0336189	0.0872555	0.0295613	0.0778342	0.106283	0.00863187	0.0218981	0.0483699	0.00105344	0.00168628
90	0.229168	0.0836905	0.00258078	0.00247046	0.0191419	0.00637288	0.001446	0.0753397	0.00137724	0.164136	0.0352427	0.00278762	0.00873945	0.00255995	0.00509018	0.033086	0.0584117	0.267477	0.000275947	0.000606282
91	0.179909	0.00239275	0.00385666	0.00404219	0.00244758	0.00474145	0.0220216	0.00276001	0.20168	0.00541583	0.00332757	0.187744	0.00458658	0.0558915	0.104064	0.166405	0.0235858	0.00459961	0.00125713	0.0192718
92	0.00714417	0.00151552	0.001375	0.00132863	0.00102445	0.00175931	0.00155433	0.208093	0.00379884	0.133382	0.0223604	0.00357967	0.000709789	0.00284315	0.0024714	0.00334628	0.00821327	0.594411	0.000435285	0.000654411
93	0.030572	0.00212063	0.000679366	0.000826926	0.0024106	0.00257886	0.000643175	0.48487	0.00132589	0.0337264	0.0250588	0.000853703	0.000542438	0.00108028	0.00105174	0.00679796	0.012305	0.391972	0.000216272	0.000368167
94	0.0036951	0.00106763	0.000803289	0.000901679	0.000595557	0.000788933	0.000773647	0.258174	0.00210256	0.0812456	0.0224225	0.00223945	0.000467775	0.00147193	0.00116051	0.00168766	0.006579	0.613162	0.000246208	0.000415187
95	0.382587	0.0154823	0.00370249	0.00348219	0.000695126	0.0108802	0.0021618	0.00146484	0.00942308	0.00394441	0.0018465	0.00612749	0.00702897	0.00950078	0.0103274	0.496735	0.0199827	0.0129431	0.000644028	0.001041
96	0.0134145	0.0763039	0.00178292	0.00220069	0.000938851	0.00940406	0.00156239	0.00373497	0.00220653	0.0463535	0.0184457	0.00207572	0.00118165	0.00252068	0.00265707	0.139101	0.66491	0.00969739	0.000655043	0.000853772
97	0.0220614	0.000457302	0.0148706	0.00527411	0.000613133	0.893811	0.00136725	0.00106046	0.0055497	0.00164848	0.000837741	0.0173951	0.000624132	0.00157765	0.00588742	0.0192176	0.00486259	0.00185465	0.000282826	0.000746874
98	0.0325505	0.00104821	0.0182005	0.00832056	0.000781799	0.787401	0.00316651	0.0023054	0.0122882	0.00324825	0.00198477	0.0214647	0.00557542	0.00512465	0.0129005	0.0636089	0.0136815	0.00419199	0.000714971	0.00144209
99	0.0677764	0.00499998	0.0109344	0.0121128	0.00453029	0.0100526	0.00816902	0.00779585	0.21534	0.247414	0.0465702	0.0101349	0.194445	0.016376	0.055443	0.0200734	0.0136863	0.0107725	0.00336225	0.0400107
100	0.244929	0.00288219	0.00656081	0.00666305	0.00291261	0.00840721	0.00583259	0.0042769	0.0139983	0.00644046	0.00422052	0.0269449	0.187649	0.0141093	0.0120266	0.342252	0.0959219	0.00694665	0.00174666	0.00527953
101	0.0340299	0.0014227	0.00174528	0.00268181	0.218066	0.0036179	0.0266549	0.0614584	0.0070152	0.202912	0.0755229	0.00485094	0.00314502	0.00946566	0.0151744	0.0213255	0.0233955	0.0813716	0.0773322	0.128812
102	0.108259	0.00267992	0.0197301	0.0423895	0.0036721	0.0109487	0.00708316	0.00581353	0.179516	0.0476689	0.00857062	0.0121918	0.388266	0.0679227	0.0212203	0.0358403	0.0257205	0.00664068	0.00114443	0.00472192
103	0.106105	0.00250398	0.00992633	0.0582828	0.00259854	0.0717614	0.00617003	0.00396634	0.333071	0.0477933	0.00432366	0.00970267	0.0230707	0.152075	0.0406188	0.0587843	0.058405	0.00677464	0.00173554	0.00233054
104	0.00862159	0.00367821	0.000457604	0.000492449	0.028921	0.000459243	0.000403993	0.355539	0.00285025	0.346322	0.0165132	0.00107612	0.000312263	0.000798513	0.000740951	0.00286235	0.00873049	0.220895	0.000130913	0.00019557
105	0.0153378	0.00100741	0.0195914	0.0099968	0.00122666	0.818131	0.00584052	0.00208583	0.0189543	0.00369652	0.00156563	0.0235778	0.00239823	0.00953388	0.0335282	0.022413	0.00614145	0.00341633	0.000574212	0.000983068
106	0.265392	0.00497995	0.0731321	0.113924	0.0045176	0.10875	0.0129023	0.00379683	0.0494822	0.0123619	0.00662098	0.0281668	0.0324103	0.0389471	0.0484643	0.136169	0.0394474	0.0159421	0.00154605	0.00304751
107	0.0144395	0.000635367	0.0296149	0.00142286	0.000563654	0.00131966	0.0012636	0.00657152	0.00162275	0.00705944	0.0010318	0.0464095	0.000764635	0.0016306	0.00183238	0.328694	0.552513	0.00158709	0.000360088	0.0006638
108	0.0687815	0.00303793	0.341461	0.0361493	0.00302649	0.171677	0.00612346	0.00575012	0.00812113	0.00829162	0.00487212	0.00786224	0.173201	0.0104317	0.00899242	0.120845	0.00924904	0.00809009	0.00178734	0.00224883
109	0.0105278	0.00548061	0.00222705	0.00248494	0.331155	0.00237526	0.013827	0.087554	0.0127746	0.27058	0.0245506	0.00250676	0.00134017	0.0213086	0.00358677	0.0250751	0.00733701	0.0443434	0.0184291	0.112536
110	0.476164	0.000446725	0.000885704	0.00128241	0.000439707	0.44729	0.000913163	0.000766448	0.0012756	0.00151084	0.000885674	0.0010739	0.000577313	0.00138562	0.0014664	0.0469923	0.00605376	0.00966395	0.000358568	0.000568404
111	0.00900442	0.00648068	0.00232122	0.00244895	0.271253	0.00262313	0.0503326	0.0364026	0.0060495	0.229343	0.0291892	0.00258624	0.00199964	0.00973509	0.00459379	0.012903	0.00532403	0.0253779	0.0188649	0.273167
112	0.0725131	0.00027117	0.0390427	0.100768	0.000373757	0.0298127	0.0103005	0.00325338	0.281828	0.0142511	0.00184386	0.0250691	0.00333408	0.124272	0.220331	0.0454027	0.0186545	0.008089	0.000217277	0.000372495
113	0.00862159	0.00367821	0.000457604	0.000492449	0.028921	0.000459243	0.000403993	0.355539	0.00285025	0.346322	0.0165132	0.00107612	0.000312263	0.000798513	0.000740951	0.00286235	0.00873049	0.220895	0.000130913	0.00019557
114	0.363553	0.0675642	0.00826356	0.00816246	0.00984818	0.0232835	0.00693553	0.060453	0.00764251	0.0496798	0.0161253	0.00742435	0.0210486	0.0072765	0.0104092	0.0708424	0.0409738	0.216358	0.00154351	0.00261327
115	0.072628	0.000273007	0.0387986	0.10084	0.000373656	0.0298063	0.010216	0.0032484	0.282216	0.0142816	0.00184325	0.0250203	0.00334117	0.124081	0.220374	0.0453351	0.0187047	0.0080411	0.000205751	0.000372744
116	0.0561516	0.00122553	0.0348432	0.0647964	0.00152983	0.0197838	0.0203731	0.00383964	0.253941	0.0108546	0.0146596	0.0200213	0.00377041	0.171741	0.196447	0.101448	0.0138416	0.00741724	0.00127035	0.00204473
117	0.012131	0.00537325	0.00233617	0.0027432	0.325818	0.00296193	0.0149343	0.0825078	0.0129726	0.265232	0.0252274	0.00286133	0.00173329	0.0229538	0.00457385	0.0268125	0.0080731	0.0457939	0.0199346	0.115027
118	0.00493023	0.00078178	0.0673878	0.0233113	0.00104466	0.761498	0.00162785	0.00125131	0.0234956	0.00224302	0.00153869	0.0456598	0.00119698	0.00227289	0.0102226	0.0320239	0.0155436	0.00267122	0.00054325	0.000755033
119	0.0110232	0.00304285	0.00507351	0.00637591	0.00249381	0.00564001	0.351888	0.175866	0.00687911	0.269048	0.0475095	0.00512807	0.00315226	0.00667659	0.00772659	0.0112406	0.00711842	0.0695059	0.00162822	0.00298279
120	0.130058	0.00805378	0.0309716	0.0640949	0.00225488	0.0237136	0.0111502	0.00191709	0.117122	0.0040262	0.00118199	0.115286	0.18217	0.0346168	0.0998687	0.0777269	0.0911955	0.00227102	0.00059591	0.00172501
121	0.0048294	0.00178747	0.000623606	0.000795155	0.000388778	0.000675041	0.000685612	0.253885	0.0026854	0.119448	0.0209725	0.00435284	0.000397443	0.00195175	0.00106103	0.00146099	0.00846002	0.574969	0.000215715	0.00035585
122	0.0368679	0.0012611	0.00181863	0.0223541	0.0329992	0.00226031	0.0173916	0.15502	0.0675582	0.084334	0.024655	0.0266485	0.00115713	0.00878975	0.0470869	0.0229448	0.156966	0.260602	0.0136487	0.0156361
123	0.155104	0.00212055	0.052044	0.12597	0.00319679	0.0412524	0.00642275	0.00185533	0.0752665	0.00474514	0.00342715	0.0470598	0.210282	0.0501928	0.0692761	0.0776991	0.0616503	0.011427	0.000350641	0.000657759
124	0.0128848	0.00349121	0.00519215	0.00600833	0.0292359	0.00817399	0.00482625	0.033294	0.00588858	0.107027	0.00386149	0.00589818	0.414138	0.0496136	0.0757608	0.0321311	0.149772	0.0489559	0.00127767	0.00257008
125	0.131349	0.00215321	0.0289174	0.0756693	0.002154	0.00700666	0.0604404	0.00519048	0.1245	0.0519381	0.0231219	0.00890346	0.00378121	0.0373359	0.105621	0.115494	0.116165	0.0320982	0.00246637	0.0656937
126	0.23928	0.0029987	0.00882076	0.0129702	0.00298736	0.0072744	0.00600964	0.0241759	0.0291849	0.0261154	0.00741497	0.0123699	0.475747	0.0172067	0.0124984	0.0535952	0.032504	0.0244547	0.00160379	0.00278807
127	0.476164	0.000446725	0.000885704	0.00128241	0.000439707	0.44729	0.000913163	0.000766448	0.0012756	0.00151084	0.000885674	0.0010739	0.000577313	0.00138562	0.0014664	0.0469923	0.00605376	0.00966395	0.000358568	0.000568404
128	0.0947701	0.0238858	0.00965971	0.0148383	0.040352	0.00939708	0.00786197	0.0583255	0.0189633	0.442497	0.0462099	0.00975663	0.0122393	0.0106189	0.0288679	0.0286324	0.0285388	0.100911	0.00345872	0.0102164
129	0.236616	0.158441	0.00483671	0.00441706	0.0166693	0.010584	0.00385675	0.0641268	0.00471885	0.0389678	0.0182848	0.00733309	0.01533	0.00462501	0.0059312	0.0472806	0.0901862	0.265107	0.00113762	0.00155136
130	0.0752809	0.0076597	0.0419642	0.034344	0.008036	0.198961	0.0263323	0.010586	0.0407827	0.0217898	0.0119273	0.0240698	0.167173	0.116688	0.049641	0.096168	0.0340577	0.0235348	0.00470495	0.00629806
131	0.0105178	0.00506501	0.00101201	0.00178369	0.295291	0.00124779	0.00441637	0.0535336	0.00392407	0.443981	0.0497761	0.0012729	0.000611701	0.00626112	0.00268284	0.0100758	0.00695384	0.0450476	0.0184535	0.0380924
132	0.066714	0.00243264	0.00217255	0.0165066	0.0162099	0.0020905	0.0179012	0.107676	0.0781494	0.093143	0.03068	0.0225683	0.00146945	0.0140597	0.0468883	0.0286245	0.184236	0.231618	0.0108366	0.0260222
133	0.0197528	0.00122221	0.00102095	0.00112221	0.269051	0.00127848	0.00312726	0.0625523	0.00291643	0.356447	0.0767441	0.00125378	0.00070437	0.0043783	0.00191459	0.0125475	0.0185243	0.0603948	0.0553064	0.0497416
134	0.141066	0.00107923	0.0785063	0.185356	0.00224161	0.0695308	0.00355391	0.00167888	0.0227757	0.00407456	0.0100953	0.0264093	0.152519	0.0620901	0.0547295	0.0881054	0.0562875	0.0380773	0.00062878	0.00119534
135	0.0180451	0.00612769	0.00109861	0.00275635	0.151174	0.00129634	0.00430339	0.124501	0.00277138	0.467624	0.0592877	0.0011692	0.00076591	0.0026611	0.00439848	0.00858921	0.0105259	0.0927843	0.0178471	0.0222732
136	0.330076	0.00206521	0.0018821	0.0034956	0.000765701	0.00602274	0.0022396	0.00129351	0.014137	0.00239151	0.00158259	0.00469223	0.0190792	0.0177442	0.0131527	0.532945	0.0415442	0.00280625	0.000504399	0.0015794
137	0.0171188	0.000409815	0.0139054	0.00539582	0.000396358	0.893326	0.00145669	0.00126076	0.00652605	0.00214153	0.0008868	0.0177992	0.00107729	0.0030589	0.00875656	0.018288	0.00531884	0.00198232	0.000452099	0.000443078
138	0.0266252	0.0112907	0.00173586	0.00199901	0.00357315	0.00192708	0.00166984	0.278196	0.00455327	0.197216	0.0163365	0.0336635	0.00113009	0.0105855	0.00259932	0.00425906	0.0328668	0.368005	0.000816813	0.000950987
139	0.426848	0.0026107	0.00097071	0.00129877	0.000502682	0.0096132	0.000999041	0.000884542	0.00297896	0.00157771	0.000733039	0.00110115	0.00232271	0.00440161	0.0078464	0.52519	0.0081191	0.00120805	0.000282984	0.0005107
140	0.101194	0.0382776	0.000916406	0.00581775	0.022225	0.00141555	0.00168523	0.0817427	0.00150941	0.407471	0.0539597	0.0010346	0.000610975	0.00532756	0.0109752	0.0151108	0.0429991	0.206087	0.000281909	0.00135858
141	0.00739959	0.00121643	0.205172	0.178469	0.028975	0.00373929	0.0163709	0.00265281	0.0309367	0.0323508	0.0158272	0.0165319	0.364062	0.0189943	0.0188939	0.00712556	0.0182135	0.00384082	0.00101436	0.0282141
142	0.289939	0.10181	0.00402839	0.000789239	0.0131808	0.00880646	0.00168901	0.0743303	0.00108127	0.0389775	0.0203107	0.00378075	0.0143386	0.000991987	0.00225475	0.0379686	0.0669947	0.318168	0.00022802	0.000332342
143	0.199029	0.0200623	0.0166193	0.0107561	0.00215622	0.0182303	0.00867704	0.00690407	0.0162326	0.0139387	0.00768053	0.0333015	0.0193672	0.0154289	0.015546	0.337175	0.227416	0.0243645	0.00231992	0.0047951
144	0.0707134	0.00496148	0.180125	0.0655024	0.00422743	0.031438	0.137504	0.00860821	0.118298	0.0248479	0.0105613	0.0586781	0.0134362	0.0587291	0.0785281	0.0596404	0.0377352	0.0132846	0.014248	0.00893353
145	0.0139835	0.0032243	0.00518857	0.00725754	0.0105578	0.00548058	0.00511244	0.0050484	0.429575	0.00863082	0.00442932	0.0533529	0.00368723	0.0589945	0.253186	0.0286265	0.010288	0.0137373	0.0262314	0.0534072
146	0.0233439	0.00039688	0.0124896	0.00467045	0.000478828	0.89801	0.00115357	0.000772006	0.00487448	0.00170584	0.000658136	0.0167607	0.000775134	0.00139922	0.00622752	0.01942	0.00434487	0.00168229	0.00036872	0.000468185
147	0.00842905	0.00467923	0.000482164	0.000537128	0.0196863	0.000488292	0.000504331	0.332582	0.00323432	0.306335	0.0152655	0.00407859	0.000409097	0.00155381	0.00075788	0.00239799	0.00986334	0.288329	0.000160864	0.000226336
148	0.0755138	0.0121863	0.0233478	0.00761682	0.00464051	0.0194243	0.00620829	0.00827061	0.0157716	0.0146769	0.0068405	0.0399014	0.0183608	0.0134999	0.0147243	0.345319	0.357383	0.0112991	0.00109966	0.0039154
149	0.0154472	0.00038858	0.0147729	0.0053404	0.00064654	0.900624	0.000943016	0.000651689	0.00580784	0.0017699	0.000819791	0.0181012	0.00068099	0.00158969	0.00653428	0.0185814	0.0044841	0.00179931	0.000283886	0.000733215
150	0.122059	0.0116724	0.00619838	0.00853875	0.0155206	0.00820098	0.00627001	0.0962359	0.00888626	0.117543	0.0157074	0.00692928	0.296156	0.0240619	0.032886	0.0272101	0.094736	0.0958526	0.00245985	0.002876
151	0.428669	0.0854288	0.0018635	0.00216207	0.00114513	0.0108019	0.00351473	0.0041026	0.00279791	0.0201371	0.00181696	0.00205086	0.00121435	0.00326671	0.00469314	0.27588	0.0277278	0.121335	0.000525614	0.000867675
152	0.0472366	0.00283178	0.000688048	0.00079406	0.00298238	0.00362555	0.000653031	0.591176	0.00102948	0.0206379	0.0276425	0.000787037	0.000509231	0.000907749	0.000962194	0.00979784	0.016463	0.27079	0.000174907	0.000311308
153	0.0317229	0.0114149	0.00460832	0.00787735	0.101268	0.00391531	0.010512	0.0549026	0.0105088	0.523035	0.0752713	0.00451337	0.0043857	0.00700441	0.0180313	0.0148636	0.0187386	0.0690725	0.0114006	0.0169534
154	0.04216	0.0074607	0.144896	0.0284061	0.0056034	0.0171296	0.0186811	0.00851183	0.0216687	0.0630131	0.00954701	0.175915	0.0082178	0.208954	0.0294596	0.11011	0.0752587	0.0157181	0.00376882	0.0055209
155	0.288533	0.0572029	0.00302055	0.00184038	0.0102423	0.0115793	0.00173662	0.111283	0.00209466	0.095594	0.0265162	0.0034622	0.042291	0.00225941	0.00337732	0.0317658	0.0525001	0.253556	0.000516434	0.000629783
156	0.0752762	0.0131384	0.0242932	0.00922903	0.00320423	0.0143969	0.0063416	0.0111747	0.016239	0.0180305	0.00969111	0.0360871	0.014695	0.0150784	0.016954	0.343804	0.348641	0.0158049	0.00298139	0.00493945
157	0.0240143	0.0502379	0.0114171	0.0104557	0.00458959	0.0127458	0.0103572	0.00862164	0.0122554	0.108351	0.0526464	0.276503	0.00589063	0.0156927	0.071266	0.164019	0.100949	0.0531953	0.00269146	0.00410103
158	0.0086585	0.00368109	0.000480548	0.000501967	0.0290457	0.000472222	0.000432156	0.356168	0.00283382	0.345765	0.0164805	0.00109374	0.000311061	0.000828942	0.000742738	0.00286567	0.00878084	0.220527	0.000135597	0.000195594
159	0.0128461	0.00129539	0.588864	0.0166025	0.001467	0.00382239	0.0152768	0.00188938	0.0158699	0.00459384	0.00207881	0.255096	0.00142033	0.0146421	0.0242317	0.0302943	0.00399724	0.00399842	0.000616411	0.00109733
160	0.0172329	0.00120956	0.000966496	0.00111659	0.264163	0.00117793	0.00279726	0.0561632	0.00273982	0.383988	0.0808276	0.00112517	0.000623493	0.00361017	0.00285654	0.0102322	0.0163174	0.0571826	0.0519505	0.0437196
161	0.035192	0.0210605	0.00124712	0.00785036	0.0590266	0.00150648	0.00937628	0.0382693	0.00179186	0.663407	0.0464449	0.00147727	0.000852158	0.00247745	0.0101648	0.0163403	0.0090759	0.0593529	0.000641286	0.0144458
162	0.0784414	0.00717852	0.0235816	0.0481242	0.00825446	0.101747	0.0205498	0.0140859	0.0504857	0.0282503	0.00993641	0.0282861	0.206212	0.0465559	0.172481	0.0782502	0.0479213	0.0196509	0.00425625	0.005751
163	0.0172465	0.00122103	0.000953935	0.00107749	0.266008	0.00111039	0.00274061	0.0560215	0.00251074	0.388162	0.0773033	0.00108749	0.000623555	0.00358575	0.00177248	0.0103049	0.0164195	0.0579687	0.0506479	0.0432346
164	0.221217	0.00257223	0.00937115	0.0111506	0.00279152	0.0124274	0.00635398	0.00423887	0.0184925	0.00696221	0.0048507	0.0439941	0.276987	0.0130607	0.0153342	0.240257	0.095041	0.0078974	0.00198181	0.00501813
165	0.0728988	0.000286894	0.0386204	0.100309	0.000389246	0.0296267	0.0100791	0.00320043	0.284202	0.014399	0.00185489	0.0250443	0.00339614	0.123321	0.219238	0.0457361	0.0188193	0.00800095	0.000201107	0.000376044
166	0.0136706	0.00240151	0.00847475	0.0100288	0.015287	0.00772779	0.00444198	0.00397125	0.372898	0.00807853	0.00346283	0.0739612	0.00286365	0.0347935	0.314379	0.0618009	0.0108064	0.0249185	0.00872452	0.0173088
167	0.0138598	0.00349289	0.000757807	0.00157394	0.245076	0.000906388	0.00333653	0.0441043	0.00153906	0.487009	0.0710472	0.000939693	0.000566367	0.00167455	0.00233439	0.00704389	0.0100803	0.0517158	0.0275419	0.0254007
168	0.290197	0.10027	0.00392548	0.000787155	0.013032	0.00892005	0.00164642	0.0753889	0.00109578	0.0402469	0.0204397	0.0037668	0.0159224	0.000985465	0.00224066	0.0379485	0.0666875	0.315925	0.000236699	0.000336721
169	0.068178	0.00110531	0.00204353	0.017593	0.0145261	0.00177322	0.0206076	0.103294	0.0845815	0.0897752	0.0301267	0.0239725	0.00114592	0.0171258	0.0536332	0.0281416	0.174379	0.224342	0.0116312	0.032024
170	0.234508	0.0159318	0.00263145	0.00307709	0.00446512	0.00540839	0.00272562	0.155508	0.00397177	0.0993196	0.0292349	0.00335151	0.192555	0.0034976	0.00485065	0.0210077	0.0360472	0.180323	0.000655183	0.000930507
171	0.29248	0.00113906	0.0284789	0.0133665	0.00111312	0.0536894	0.0120211	0.00205682	0.0148557	0.00889089	0.0018851	0.142668	0.0151434	0.0300539	0.00457253	0.212262	0.135123	0.0226366	0.00605878	0.00150446
172	0.0208758	0.000757624	0.0873888	0.0352422	0.000893608	0.659402	0.00618426	0.00152933	0.030218	0.0028159	0.0019601	0.0477326	0.00220373	0.00597128	0.0243421	0.043985	0.0240682	0.00307245	0.000501163	0.000856252
173	0.0145712	0.000633377	0.0297549	0.00142771	0.000559575	0.00132904	0.00125052	0.00661298	0.00163593	0.00712732	0.0010355	0.0466747	0.000703994	0.00162568	0.00183848	0.327308	0.553308	0.00158577	0.000349686	0.000667836
174	0.0897473	0.00193936	0.061076	0.119692	0.0498129	0.00512148	0.00415639	0.0286943	0.0648912	0.157823	0.0354992	0.0852488	0.0279867	0.0816864	0.103086	0.00901258	0.021308	0.0503889	0.00101202	0.00181708
175	0.017917	0.00088072	0.059807	0.0163558	0.00124074	0.757563	0.00333811	0.00142669	0.0162398	0.00366305	0.00178842	0.0308458	0.00621316	0.00589007	0.0148066	0.043537	0.0135928	0.00335883	0.000494884	0.00104087
176	0.00546743	0.00956064	0.00115925	0.00130475	0.312103	0.00184545	0.0645798	0.0018183	0.00136767	0.0182088	0.00986494	0.00196764	0.00123332	0.00203808	0.00347621	0.00281801	0.00298659	0.00643857	0.026011	0.525751
177	0.0843693	0.000441283	0.0399846	0.0966672	0.000594352	0.0305753	0.0106135	0.00360273	0.272019	0.0161786	0.00196369	0.0263924	0.00334442	0.113794	0.212267	0.0522799	0.0239103	0.00980978	0.000265997	0.000925842
178	0.0650582	0.00172904	0.03394	0.09355	0.0017327	0.0256648	0.010676	0.00630661	0.314513	0.0196341	0.00374212	0.0254028	0.00972713	0.0964965	0.186629	0.0463016	0.0398702	0.0132176	0.00149044	0.00431883
179	0.391976	0.0268678	0.0146356	0.0168753	0.00842442	0.118681	0.0107377	0.025256	0.0225986	0.0262455	0.00993926	0.0165025	0.0324048	0.0159259	0.0234221	0.120267	0.0359198	0.0732794	0.00469855	0.00534256
180	0.0857079	0.00684156	0.0498612	0.439716	0.0064631	0.027506	0.0143605	0.00767374	0.035327	0.0172656	0.0370763	0.0169985	0.00824044	0.141517	0.0442028	0.0232875	0.0140938	0.0152213	0.00323932	0.00540047
181	0.283766	0.103568	0.00395315	0.00120313	0.0164504	0.0087489	0.00187002	0.0776124	0.00172261	0.0454704	0.0217986	0.00391267	0.0147215	0.00171915	0.00282665	0.0367694	0.0638476	0.308934	0.000325332	0.000779767
182	0.0526357	0.0617927	0.0084106	0.00707054	0.00419708	0.0102271	0.00756337	0.0397731	0.00931357	0.0257838	0.138995	0.0109844	0.00624547	0.0104122	0.0119085	0.16113	0.412577	0.0148482	0.00244232	0.0036892
183	0.121773	0.0136645	0.00596734	0.00612151	0.00118909	0.013491	0.0024319	0.112049	0.10817	0.276775	0.0259815	0.00282093	0.00167159	0.00342372	0.20675	0.0307632	0.00385614	0.0610474	0.000821468	0.00123055
184	0.0230059	0.000526172	0.0136709	0.00481861	0.000451465	0.89216	0.00158796	0.000882631	0.00561127	0.0023254	0.000893676	0.0173961	0.000707332	0.00198967	0.00669997	0.0190512	0.00458834	0.00264648	0.000308851	0.000677716
185	0.0246981	0.000513731	0.0157464	0.00532069	0.000362116	0.883304	0.00285615	0.000985679	0.00677211	0.0018838	0.00100285	0.0173979	0.00120311	0.00230652	0.0079958	0.0200613	0.00464962	0.00212796	0.000295508	0.000516546
186	0.00652566	0.00101837	0.00080114	0.000873425	0.000813282	0.000968323	0.000767885	0.284226	0.00190979	0.069096	0.0228404	0.00174605	0.000487419	0.00139575	0.00113196	0.00225281	0.00721185	0.595272	0.000234674	0.000427604
187	0.0700806	0.00177433	0.413321	0.0266981	0.00181009	0.0212268	0.015531	0.00301634	0.0237249	0.0219597	0.00308563	0.153957	0.00258717	0.00819024	0.0283862	0.172729	0.0114746	0.0179939	0.00104577	0.00140709
188	0.0154642	0.0782241	0.00172979	0.00223578	0.00119882	0.00942035	0.0015688	0.00375131	0.002269	0.0472221	0.017652	0.00214653	0.00165937	0.00244043	0.00276556	0.132975	0.664458	0.0112459	0.000692424	0.000880577
189	0.0712328	0.000693552	0.322662	0.076274	0.000763296	0.0275059	0.0708799	0.00355664	0.057333	0.00270435	0.00133876	0.111699	0.000837649	0.0219735	0.104834	0.0648936	0.0547188	0.00467947	0.000748167	0.000671151
