223	20
1	0.11846	0.00536165	0.0415152	0.0283112	0.0109553	0.376423	0.00795816	0.0123066	0.0194801	0.0198771	0.010924	0.0203257	0.116746	0.0520341	0.014058	0.099815	0.0222232	0.0168405	0.00160987	0.00477607
2	0.0375203	0.00435424	0.15135	0.205402	0.00688824	0.0246114	0.0113088	0.0304607	0.0256616	0.0279536	0.104407	0.0148974	0.0702989	0.0259357	0.0144594	0.042232	0.0907385	0.093665	0.00281525	0.0150403
3	0.0379618	0.00168968	0.0487554	0.0122756	0.00157046	0.112153	0.00153887	0.00238917	0.00208747	0.00336253	0.00192321	0.0600278	0.00109151	0.00498766	0.0115394	0.497239	0.188677	0.00897761	0.000408214	0.0013451
4	0.0637669	0.00453777	0.00166495	0.00733761	0.00112475	0.0186356	0.0019143	0.199095	0.0067648	0.0645113	0.0832786	0.00201113	0.00119573	0.00229295	0.00907884	0.0313063	0.0373048	0.462012	0.000463134	0.00170354
5	0.172126	0.00113374	0.0116399	0.00530939	0.0124664	0.00345157	0.0105717	0.0534522	0.0131881	0.01501	0.0522182	0.0563024	0.00173753	0.0432456	0.0120536	0.129995	0.270812	0.13275	0.000619264	0.0019168
6	0.0594304	0.00284237	0.169856	0.236337	0.00635229	0.0514291	0.0111378	0.00877714	0.0797198	0.0101243	0.0082579	0.0341954	0.00806001	0.0411102	0.0290604	0.121431	0.0688932	0.0265774	0.000918324	0.0254899
7	0.413624	0.038876	0.00485262	0.00464056	0.00337525	0.342137	0.00332311	0.00791185	0.00424841	0.00955178	0.00482234	0.00497266	0.0024012	0.0054289	0.00440277	0.0382552	0.0186159	0.0851378	0.00109531	0.00232687
8	0.0725555	0.00192387	0.0637692	0.115874	0.00229976	0.0265356	0.00318971	0.108352	0.0343346	0.0746431	0.0231606	0.0440696	0.00185514	0.01547	0.00896717	0.0866907	0.183464	0.128329	0.000800585	0.00371623
9	0.010584	0.00206704	0.000513036	0.00168938	0.000712305	0.000960691	0.00140539	0.413728	0.000668265	0.123353	0.0224416	0.00249958	0.000310213	0.00250945	0.00357108	0.00261336	0.0116744	0.395746	0.000146342	0.00280578
10	0.130971	0.0037885	0.0242159	0.0830106	0.00153628	0.047197	0.00452464	0.0601169	0.0545427	0.116005	0.0345648	0.023695	0.00120734	0.0397092	0.0227058	0.0825529	0.13421	0.128955	0.000461287	0.00603083
11	0.0622148	0.000679618	0.00862613	0.0504429	0.00114156	0.0244506	0.0112481	0.00246907	0.252214	0.0167183	0.00990824	0.0719419	0.000671548	0.12169	0.169451	0.0993693	0.0889563	0.00311199	0.000427407	0.00426695
12	0.0291214	0.00593923	0.00476279	0.00533116	0.0392612	0.00520014	0.00782462	0.298281	0.0124336	0.222462	0.0819776	0.00559976	0.00565028	0.0070183	0.0103789	0.012145	0.0190924	0.179803	0.0340593	0.0136576
13	0.0155614	0.00257646	0.00298624	0.0184674	0.0748355	0.00455591	0.0840291	0.0161347	0.0143345	0.499882	0.0212298	0.0367027	0.00219239	0.00549258	0.0387403	0.0414428	0.0274106	0.0558902	0.00112862	0.0364068
14	0.0146417	0.00790992	0.00216022	0.0175933	0.0187461	0.00263364	0.00308646	0.168114	0.138352	0.00341933	0.00242605	0.00250405	0.0012948	0.00310872	0.0660907	0.00534617	0.125752	0.400452	0.000688579	0.0156796
15	0.101169	0.00107945	0.0127024	0.0515903	0.00174698	0.00391103	0.0116331	0.00320152	0.34037	0.00426505	0.00296766	0.155075	0.00119161	0.162085	0.0311959	0.100386	0.00893737	0.0043657	0.000596812	0.00153066
16	0.0828883	0.00122527	0.0146205	0.199582	0.0018417	0.00284466	0.00214371	0.0557514	0.00315033	0.015071	0.0027629	0.0129665	0.152528	0.0137201	0.00309987	0.0173787	0.0269349	0.389132	0.000894543	0.00146441
17	0.0531909	0.00317789	0.0594346	0.0294332	0.00805371	0.627585	0.00736229	0.00575797	0.0224639	0.00725368	0.00309722	0.0563827	0.0105934	0.0133686	0.0146797	0.0563288	0.00947492	0.00962779	0.00081373	0.00192014
18	0.0150807	0.000616314	0.662248	0.27746	0.000911706	0.00207439	0.0117846	0.00187406	0.00209571	0.00188349	0.00137613	0.00166179	0.00107199	0.00798115	0.00155419	0.0039122	0.00263936	0.00261718	0.000374186	0.000782694
19	0.0794783	0.000874336	0.00179336	0.052059	0.0427257	0.00217541	0.0437167	0.0117085	0.0917685	0.0199681	0.0190506	0.0236218	0.0904725	0.0430949	0.120442	0.0786241	0.223527	0.0245847	0.000389029	0.0299254
20	0.0356038	0.00507455	0.00104041	0.00135222	0.0225172	0.00478527	0.000851157	0.145331	0.0014357	0.00578689	0.00114476	0.00119294	0.0257357	0.00137767	0.00146151	0.0109935	0.00235094	0.721897	0.0045404	0.00552697
21	0.103811	0.00318395	0.108738	0.22903	0.000472247	0.025699	0.0150641	0.000858258	0.159912	0.00207787	0.00475441	0.0630562	0.000249377	0.0864402	0.0678505	0.0690294	0.0457542	0.00980778	0.000117536	0.00409479
22	0.111724	0.101728	0.00299365	0.011307	0.0933359	0.00945388	0.00234317	0.054444	0.00365721	0.105462	0.0147514	0.00355262	0.0015611	0.0102205	0.00336266	0.00761908	0.0253106	0.399022	0.000869725	0.0372813
23	0.033042	0.00331941	0.172674	0.215587	0.00515565	0.0514066	0.00697072	0.0468827	0.0237169	0.026993	0.01855	0.0223984	0.0112232	0.0187148	0.009458	0.0740069	0.0944288	0.151329	0.00170528	0.0124373
24	0.0104538	0.00207547	0.000499055	0.00167114	0.000950445	0.000945297	0.00136704	0.413823	0.000674044	0.124068	0.0229015	0.00249587	0.000330518	0.00250115	0.00348329	0.00257215	0.0115562	0.394647	0.000161642	0.0028232
25	0.0978898	0.00194242	0.0500325	0.151212	0.00205956	0.0272693	0.00320735	0.102155	0.0224153	0.0806902	0.0598201	0.0573293	0.00343721	0.0177429	0.00835351	0.115832	0.106139	0.0870793	0.000804292	0.00458894
26	0.0333948	0.00155636	0.0104471	0.00377324	0.00211245	0.0190064	0.00180492	0.00460993	0.00271172	0.00398568	0.00330982	0.0126971	0.00158661	0.00359795	0.00585822	0.304459	0.574685	0.00787479	0.000913935	0.00161518
27	0.0633617	0.000953834	0.401274	0.264042	0.00126671	0.0400579	0.0083939	0.00239576	0.0235198	0.00399812	0.00207317	0.0284597	0.00130254	0.054984	0.0198059	0.0437552	0.0299702	0.00816818	0.000502088	0.00171519
28	0.0563903	0.00323973	0.0192678	0.0356987	0.00666812	0.0219883	0.0211301	0.0178392	0.396413	0.03187	0.0138458	0.0362691	0.00757834	0.0694874	0.156697	0.0439064	0.0244586	0.0289019	0.00260898	0.00574111
29	0.201383	0.0232638	0.00154733	0.00305462	0.00877026	0.00291014	0.00199769	0.141221	0.0023597	0.0303203	0.0083188	0.00231438	0.00704957	0.00248851	0.00375748	0.0275989	0.0469341	0.481239	0.00124235	0.00222983
30	0.125918	0.00212327	0.0495673	0.0398295	0.0055235	0.0137532	0.00542737	0.0236533	0.00812956	0.0325826	0.0150029	0.103085	0.00277181	0.0163383	0.00800329	0.219932	0.243442	0.0796347	0.0012125	0.00407084
31	0.158198	0.00107814	0.00910936	0.00592227	0.0172316	0.00314554	0.00836828	0.0557386	0.0100901	0.0283373	0.0578723	0.0591767	0.00116137	0.0379728	0.00973688	0.115376	0.286582	0.131707	0.000618759	0.00257712
32	0.0588224	0.000539858	0.446429	0.276077	0.000876385	0.0196147	0.00654787	0.00150343	0.0121225	0.00353472	0.00112311	0.0234779	0.00117447	0.0506173	0.0161885	0.0422016	0.0301928	0.00746306	0.000296953	0.00119615
33	0.0103879	0.00338314	0.000461601	0.00128671	0.00964879	0.000678187	0.00101831	0.405247	0.0011928	0.149206	0.0396913	0.0018375	0.00115154	0.00188087	0.00320284	0.00183092	0.00906848	0.354073	0.000826115	0.00392683
34	0.0776448	0.00150096	0.00793405	0.0775968	0.0199618	0.00531232	0.0346672	0.0110632	0.0418987	0.0153858	0.0113991	0.0266452	0.276866	0.0503039	0.0714785	0.0696575	0.140617	0.031813	0.00104201	0.0272126
35	0.569898	0.0337544	0.00235191	0.00416806	0.00323379	0.0276219	0.00180264	0.0143279	0.00260663	0.0066467	0.00490522	0.00314735	0.0128731	0.00406131	0.0024192	0.222907	0.0544118	0.0262568	0.000679102	0.00192753
36	0.0374538	0.00211167	0.0453301	0.153186	0.00329142	0.006495	0.00480323	0.0661587	0.00609399	0.0459308	0.027959	0.00836932	0.23523	0.0248007	0.0060078	0.136308	0.17075	0.0148636	0.000857464	0.00399974
37	0.191321	0.0153013	0.0119283	0.0767157	0.0528334	0.0155048	0.0104043	0.0648589	0.0301428	0.0359029	0.0121586	0.0116854	0.00123018	0.0327928	0.00283453	0.0417879	0.0615108	0.251141	0.000712592	0.0792327
38	0.288453	0.00110185	0.174093	0.0844392	0.00161204	0.021389	0.0016726	0.00382773	0.00267503	0.00342141	0.0022705	0.0321024	0.00139443	0.00281035	0.00287917	0.309029	0.0596614	0.00488295	0.000567422	0.00171786
39	0.0519985	0.00355852	0.064774	0.0298504	0.00769318	0.633676	0.00791099	0.00459431	0.0207604	0.00697553	0.00288215	0.0586681	0.0090632	0.0124472	0.015295	0.0480396	0.00716873	0.0119291	0.000997788	0.00171772
40	0.0146482	0.00853967	0.00177543	0.0186632	0.0164218	0.00237021	0.00243973	0.168366	0.129176	0.00315745	0.00201521	0.00231299	0.00105887	0.00241586	0.0663845	0.00429885	0.141629	0.39671	0.000569441	0.0170482
41	0.0129667	0.00481024	0.000348484	0.000465292	0.0398194	0.000357973	0.000321385	0.388513	0.00283023	0.22694	0.0949696	0.000400968	0.0043692	0.000428019	0.00292472	0.000823489	0.00568403	0.204371	0.00315206	0.00550486
42	0.116769	0.00633739	0.0192673	0.0856859	0.00127581	0.0454187	0.00654011	0.0490466	0.0772765	0.125321	0.0360732	0.0150018	0.000972383	0.0555572	0.0271603	0.0736084	0.122527	0.128879	0.000529537	0.00675338
43	0.0772768	0.00227817	0.0837255	0.306862	0.000909286	0.0207417	0.0142607	0.00194333	0.176734	0.00203559	0.0037147	0.0425705	0.000757362	0.0843429	0.0747332	0.0604285	0.0348165	0.00815411	0.000304525	0.00341057
44	0.0078906	0.010419	0.00207376	0.00334366	0.0207826	0.00268322	0.0239522	0.605469	0.020808	0.0662487	0.00280492	0.00243141	0.00130454	0.0340714	0.025488	0.00669327	0.0420659	0.0999048	0.0199188	0.0016466
45	0.0390217	0.00818168	0.00179497	0.00354105	0.0257241	0.00272937	0.025696	0.0714185	0.0754657	0.470392	0.0178788	0.0120714	0.00113367	0.00548826	0.0406185	0.0226556	0.0372707	0.118915	0.00193533	0.0180677
46	0.0939142	0.000630864	0.377978	0.292762	0.00101016	0.014181	0.00420489	0.00183666	0.018087	0.00719728	0.00112233	0.0160833	0.00128366	0.0734271	0.012472	0.0341085	0.0377394	0.0107458	0.000307896	0.000908211
47	0.0273634	0.00189571	0.118485	0.114851	0.00341963	0.0319773	0.00393568	0.143355	0.0308261	0.0428781	0.00983755	0.0454622	0.00289841	0.00736653	0.00630694	0.0392938	0.193821	0.170891	0.00126431	0.00387182
48	0.31778	0.00473613	0.00251209	0.0028135	0.00844244	0.0027288	0.00204157	0.0941384	0.0027343	0.122893	0.00357136	0.00259416	0.00489553	0.00286658	0.0100582	0.0294742	0.0240687	0.359207	0.000755842	0.00168882
49	0.188044	0.00127962	0.105953	0.153358	0.0115707	0.0284258	0.00196446	0.00324647	0.0507141	0.033719	0.00223134	0.0310327	0.188379	0.0836618	0.0215904	0.0450437	0.0426162	0.00495088	0.000603556	0.00161652
50	0.0369094	0.00470724	0.00101006	0.00123285	0.0214629	0.00511536	0.000852755	0.144576	0.0012562	0.00610494	0.00133963	0.00117256	0.0270443	0.0013876	0.00131224	0.0115075	0.00231977	0.720664	0.00454466	0.00547972
51	0.0296145	0.000470526	0.137123	0.0562977	0.0064651	0.546291	0.0126324	0.0016553	0.0267704	0.0060999	0.00129196	0.101072	0.00210191	0.00753687	0.0206307	0.037432	0.00293507	0.00234653	0.000319383	0.00091416
52	0.231861	0.00131049	0.0765561	0.168436	0.00188266	0.0155028	0.012742	0.00395246	0.0278197	0.00387998	0.00287458	0.00325268	0.0014166	0.0561367	0.00540806	0.116132	0.251058	0.0176575	0.000593118	0.00152726
53	0.14218	0.0155901	0.00315822	0.0170801	0.00404046	0.0600987	0.00145616	0.0613808	0.00229561	0.00298216	0.033148	0.00777404	0.0226736	0.0085068	0.00833204	0.370739	0.17415	0.0625896	0.000498678	0.00132647
54	0.116436	0.00334059	0.0295072	0.0465328	0.00840329	0.0275068	0.0194426	0.0202968	0.0213376	0.0402701	0.0173923	0.0196013	0.409746	0.0302765	0.0242098	0.0507774	0.049492	0.0514378	0.00245003	0.0115428
55	0.327962	0.00745458	0.00274734	0.00304086	0.0120543	0.00237111	0.00211856	0.0906748	0.00242829	0.104858	0.00258891	0.00282699	0.00353977	0.00272146	0.0120523	0.0426323	0.0220128	0.353656	0.000667403	0.00159238
56	0.245068	0.0238153	0.00148085	0.00378792	0.00598509	0.00177898	0.00127098	0.101715	0.00153704	0.044129	0.00308375	0.00162236	0.0096593	0.00185532	0.003961	0.0274432	0.0488519	0.471568	0.000489714	0.000897391
57	0.07938	0.00135882	0.0173923	0.0481198	0.0192353	0.00697534	0.00795636	0.0296291	0.184565	0.115921	0.0533784	0.0128365	0.00932858	0.050644	0.209897	0.0455714	0.0391384	0.0573454	0.00668329	0.00464353
58	0.0564073	0.000817012	0.00940567	0.0407515	0.00120892	0.0228983	0.010684	0.00411234	0.324668	0.0163348	0.0119999	0.062355	0.00088935	0.104698	0.172721	0.0804857	0.0665963	0.00719635	0.000737757	0.00503257
59	0.015237	0.0048112	0.000374217	0.000522955	0.0409522	0.000628218	0.000862915	0.382129	0.00293371	0.230602	0.0976206	0.000394774	0.00435506	0.000501945	0.00378377	0.000907262	0.00616459	0.197143	0.00353064	0.00654507
60	0.56355	0.0278483	0.00361889	0.00405123	0.0185496	0.00501208	0.00332871	0.0886247	0.00459582	0.0443178	0.0552581	0.00482913	0.00240433	0.00451517	0.00425834	0.123983	0.00978929	0.0281194	0.000907752	0.00243801
61	0.14302	0.00035952	0.0565226	0.0986201	0.00373775	0.0530301	0.0284571	0.0106533	0.137181	0.0328164	0.0143863	0.0653353	0.00027007	0.116729	0.115171	0.0603435	0.0407328	0.0135448	0.000123312	0.00896632
62	0.496147	0.0154655	0.00486366	0.00459286	0.00388738	0.298712	0.00291878	0.00746942	0.00527799	0.00981798	0.00518087	0.00547045	0.00410982	0.00711047	0.00589084	0.0569913	0.0273655	0.0358763	0.00101898	0.00183258
63	0.02974	0.00103902	0.00258848	0.00246243	0.00171715	0.00301201	0.00154637	0.0028633	0.00256237	0.0026722	0.00174779	0.00376604	0.00101096	0.00270457	0.00279241	0.257087	0.674657	0.00409144	0.00059557	0.00134384
64	0.0942713	0.00177369	0.045211	0.0479348	0.00742935	0.27852	0.016396	0.0111493	0.140813	0.0176667	0.00957347	0.0593646	0.0118204	0.0460373	0.0997453	0.0573194	0.0293226	0.0192574	0.00139033	0.00500482
65	0.13074	0.000556603	0.00293955	0.0221615	0.0148054	0.0241449	0.0275757	0.0400036	0.115586	0.143012	0.0501198	0.0169632	0.0883769	0.0356112	0.0842246	0.0589117	0.0260853	0.100029	0.00577801	0.0123749
66	0.0352272	0.000501554	0.141352	0.0604829	0.00609035	0.520631	0.0148163	0.00177933	0.0305696	0.00684916	0.0013789	0.0997178	0.00187448	0.00799439	0.0225758	0.0411432	0.00311141	0.00250983	0.000360202	0.00103522
67	0.0223157	0.000753639	0.15782	0.044383	0.00676403	0.443178	0.0165512	0.00237579	0.0317817	0.0051526	0.00191445	0.184376	0.00244548	0.0137363	0.0271232	0.0289389	0.00365731	0.004921	0.000452395	0.0013593
68	0.048914	0.00213705	0.00560094	0.0262664	0.00168784	0.0148525	0.0247563	0.0137023	0.416207	0.0208851	0.00941498	0.0297312	0.00550674	0.0777266	0.231316	0.0331519	0.0109951	0.024	0.00113108	0.00201686
69	0.0105403	0.00205055	0.00051198	0.0016817	0.000713171	0.000968627	0.00139228	0.413901	0.00066301	0.123342	0.0224349	0.00250633	0.000309841	0.00250975	0.00354596	0.00259599	0.0116389	0.395753	0.000146276	0.00279392
70	0.0222002	0.00310362	0.00669348	0.00853604	0.00582113	0.0084501	0.00711236	0.0109957	0.00802402	0.156134	0.149595	0.00671738	0.00331387	0.00852541	0.171199	0.181399	0.220981	0.0145244	0.00226287	0.00441116
71	0.0147765	0.00125482	0.00225426	0.00633564	0.00202267	0.00486086	0.119037	0.00823024	0.350797	0.00597691	0.00325119	0.0166222	0.0262627	0.0361407	0.338476	0.0406227	0.0048439	0.016136	0.000540037	0.00155826
72	0.103822	0.00318666	0.108766	0.228877	0.000474018	0.0257015	0.0150632	0.000857862	0.15988	0.00208419	0.00476435	0.0630962	0.000249245	0.0864559	0.0678824	0.0690514	0.0457627	0.00980546	0.000117537	0.00410211
73	0.0328157	0.00161817	0.365719	0.0764547	0.00887483	0.0532802	0.0321519	0.0062708	0.027749	0.006961	0.00420496	0.248399	0.00329503	0.0413452	0.0250664	0.026384	0.0181523	0.0172678	0.0011511	0.00283924
74	0.0125429	0.00561953	0.000505984	0.000890444	0.036865	0.000603896	0.000731376	0.396806	0.00535277	0.208207	0.105742	0.000609234	0.00406801	0.000823246	0.00498775	0.00126594	0.00815014	0.198037	0.0030222	0.00516988
75	0.0811201	0.00219613	0.0168541	0.0456357	0.00291344	0.0331826	0.0168408	0.0130816	0.306958	0.0256525	0.0122293	0.0399491	0.00359104	0.0926595	0.205857	0.0460803	0.0282447	0.0211793	0.00110129	0.00467377
76	0.0553327	0.00253565	0.00301805	0.0266326	0.00160405	0.0159286	0.0135119	0.0153668	0.424999	0.0240226	0.0106981	0.0303568	0.00307109	0.0813333	0.223119	0.0299981	0.00842007	0.0268739	0.00120231	0.00197576
77	0.121749	0.00156596	0.00394394	0.00853804	0.00342806	0.00537027	0.0040929	0.143267	0.0505516	0.104469	0.0886625	0.00461212	0.00234033	0.0475846	0.0974435	0.0696935	0.158211	0.0812892	0.00096515	0.00222279
78	0.066204	0.00371307	0.00478505	0.0057995	0.00390929	0.00417746	0.00288009	0.291221	0.00851124	0.0378199	0.00851693	0.0041977	0.00170441	0.00491434	0.00669338	0.0129503	0.20691	0.321165	0.00117361	0.00275445
79	0.374775	0.0124792	0.00648723	0.00309307	0.00308991	0.167702	0.00187592	0.0177316	0.00348372	0.0261599	0.0168065	0.0101615	0.00243806	0.00375029	0.00402333	0.250928	0.0408179	0.0519179	0.000572925	0.0017062
80	0.10378	0.00318148	0.108655	0.228909	0.000473958	0.0257132	0.015072	0.000857893	0.159925	0.00208448	0.00474588	0.0630679	0.000250709	0.0864474	0.0679525	0.0690764	0.0457826	0.00979965	0.000117537	0.00410662
81	0.0544718	0.00184976	0.00615045	0.00792341	0.00396104	0.02394	0.137714	0.00660346	0.0767087	0.0066968	0.00458784	0.172789	0.00536223	0.00743624	0.37475	0.0681206	0.0103617	0.0103218	0.00118039	0.0190704
82	0.0443214	0.00274967	0.00342907	0.00461989	0.040387	0.0040004	0.00376674	0.0300562	0.00456856	0.293103	0.342575	0.0118673	0.00203501	0.00506255	0.00503007	0.0163656	0.137359	0.0377811	0.00181892	0.00910343
83	0.0982771	0.00148149	0.00372976	0.0168244	0.0193521	0.00782467	0.0213978	0.0506641	0.143016	0.185207	0.0513826	0.012259	0.0271658	0.0320713	0.0793059	0.0657276	0.0323001	0.137887	0.00756168	0.00656549
84	0.132414	0.000767571	0.0734139	0.129042	0.00304247	0.045592	0.0275228	0.00851433	0.139126	0.0271177	0.0138226	0.0643336	0.000223856	0.108794	0.105569	0.0589253	0.0381903	0.0138672	0.000128667	0.00959322
85	0.311426	0.0102086	0.0027423	0.00490186	0.0034447	0.0503137	0.00196395	0.019384	0.00300958	0.0124373	0.00628838	0.0048522	0.00494384	0.00340622	0.00336942	0.402119	0.0532899	0.0999578	0.00049406	0.00144697
86	0.0663858	0.0010357	0.00779933	0.028003	0.0206253	0.00395683	0.0116246	0.0378892	0.232158	0.129369	0.0501433	0.0197783	0.0137326	0.053849	0.0945467	0.0462463	0.0345359	0.122061	0.0193853	0.00687546
87	0.312882	0.00202798	0.00613901	0.00577832	0.0060909	0.00444397	0.00528282	0.0789612	0.0062912	0.00793306	0.0309266	0.0607684	0.00183471	0.0491684	0.00623829	0.130353	0.148414	0.133602	0.000676438	0.00218828
88	0.624605	0.0120157	0.00294738	0.00344262	0.00202638	0.0192718	0.00505905	0.00473684	0.00328858	0.0139513	0.00398812	0.00287303	0.108201	0.00440262	0.00638785	0.0278738	0.0710167	0.0809848	0.000819235	0.00210744
89	0.0367069	0.00458864	0.00987319	0.0127729	0.0106101	0.0106832	0.118059	0.135148	0.0141289	0.0238538	0.0689468	0.0117814	0.0587218	0.153968	0.0528704	0.0999284	0.103751	0.061906	0.00355482	0.00814624
90	0.17859	0.0495278	0.00684708	0.0210126	0.0647493	0.0546054	0.0096804	0.0628059	0.0100714	0.135614	0.0171309	0.00835346	0.00542683	0.0141194	0.00821854	0.0267486	0.0703086	0.198136	0.00304948	0.0550045
91	0.101983	0.00363841	0.00750301	0.00973642	0.00634714	0.00928717	0.0699517	0.0134041	0.00955972	0.057535	0.0149748	0.01431	0.00402696	0.0497377	0.00894358	0.190283	0.296863	0.0186007	0.0734073	0.0399078
92	0.137194	0.00210009	0.00507495	0.00620006	0.00482068	0.0066221	0.0275224	0.028857	0.00666954	0.165648	0.0874862	0.0443592	0.00669984	0.0753112	0.00834894	0.118129	0.205103	0.0345035	0.00581309	0.0235374
93	0.0535719	0.0172209	0.0215653	0.020747	0.0974998	0.00387431	0.0295534	0.258301	0.0042031	0.0222117	0.11584	0.0415137	0.00237049	0.05519	0.0274338	0.0272608	0.0405768	0.123968	0.0341228	0.00297504
94	0.0405227	0.00278609	0.284268	0.252214	0.00517709	0.0160089	0.00955873	0.0100063	0.129508	0.0122826	0.0154743	0.0137033	0.059516	0.0221243	0.0283961	0.0332288	0.0286947	0.025005	0.00186295	0.00966175
95	0.238641	0.0410255	0.000724593	0.00109678	0.00461449	0.000811308	0.00068928	0.106681	0.000955875	0.0165926	0.00129806	0.00111601	0.00236573	0.000920048	0.00139206	0.0324128	0.0658114	0.482131	0.000209471	0.000511348
96	0.120252	0.00254899	0.195549	0.0951479	0.00554463	0.0512746	0.0232879	0.00904037	0.0620517	0.0149767	0.00790677	0.134763	0.00665853	0.0462751	0.0783148	0.078003	0.0447275	0.0170688	0.000923203	0.00568508
97	0.0240331	0.0116317	0.0023857	0.00235627	0.0444612	0.00190803	0.00206925	0.234764	0.00349331	0.203207	0.211499	0.00275746	0.00324152	0.00264147	0.00340009	0.00570328	0.0203669	0.200448	0.0142599	0.00537263
98	0.0186219	0.00268584	0.0674725	0.0275433	0.0470268	0.11205	0.00394267	0.00678665	0.0466138	0.00878945	0.00538236	0.00610207	0.00224954	0.0269194	0.0060456	0.136871	0.458827	0.0102904	0.00136345	0.00441575
99	0.143149	0.00126978	0.0607436	0.0816727	0.0132799	0.0716688	0.0378031	0.0043519	0.0818393	0.00411537	0.00265233	0.152754	0.041535	0.00388789	0.230503	0.0310849	0.017606	0.0171895	0.000567046	0.00232557
100	0.0103732	0.00326092	0.000410728	0.0010164	0.0171144	0.000562186	0.000844705	0.399214	0.00139193	0.176507	0.052309	0.00139073	0.00202413	0.00141593	0.00280127	0.00156137	0.00772737	0.314754	0.00131216	0.00400897
101	0.0908174	0.00196473	0.0436309	0.0438047	0.00351739	0.00673671	0.0223392	0.0498154	0.0248776	0.0285873	0.0948545	0.00536306	0.00255205	0.0250311	0.00677967	0.0321483	0.0101187	0.415244	0.0696324	0.0221846
102	0.141653	0.00039824	0.0626163	0.103626	0.00380003	0.0525842	0.02911	0.0104913	0.136829	0.0326466	0.0148914	0.0657015	0.0002543	0.114319	0.111672	0.0575658	0.0382754	0.0140613	0.000135508	0.00936943
103	0.0741238	0.00281828	0.00185686	0.00838255	0.0998468	0.0313846	0.0350182	0.117153	0.00884926	0.210628	0.0464746	0.0159913	0.0155593	0.00806989	0.0214502	0.0379425	0.0615976	0.0970349	0.0111926	0.0946252
104	0.0347433	0.0078155	0.00827009	0.0159454	0.0164377	0.0115491	0.0569879	0.301682	0.0985404	0.0419295	0.0149237	0.0135744	0.00809316	0.0263886	0.108342	0.0260162	0.0452487	0.14634	0.00868096	0.00849084
105	0.103822	0.00318666	0.108766	0.228877	0.000474018	0.0257015	0.0150632	0.000857862	0.15988	0.00208419	0.00476435	0.0630962	0.000249245	0.0864559	0.0678824	0.0690514	0.0457627	0.00980546	0.000117537	0.00410211
106	0.0273423	0.000681543	0.0419663	0.00659824	0.00133191	0.0818681	0.00120206	0.00196112	0.00193547	0.00241074	0.00167813	0.0466271	0.000837457	0.0027585	0.0123848	0.494631	0.264062	0.0080548	0.000425932	0.00124297
107	0.0186041	0.00540105	0.00130821	0.00823644	0.323026	0.00160317	0.0416312	0.0965519	0.00481596	0.0590116	0.0171783	0.0236253	0.0106408	0.00161303	0.00490943	0.0202514	0.00658761	0.0530275	0.0142103	0.287766
108	0.0275388	0.00366186	0.00486983	0.00522211	0.0915187	0.00518064	0.0040861	0.0219728	0.0058676	0.197941	0.38867	0.0265168	0.00243593	0.00511246	0.00528441	0.0152094	0.150314	0.0297452	0.00202463	0.00682823
109	0.185116	0.00352385	0.0975751	0.071096	0.00700921	0.106401	0.00408766	0.00696805	0.022589	0.0178	0.00494727	0.0170369	0.222231	0.0601792	0.0129223	0.117357	0.0265011	0.0120052	0.00144946	0.00320481
110	0.045657	0.00195103	0.0022309	0.00637935	0.305541	0.0125711	0.0143652	0.170621	0.00398824	0.145803	0.0333018	0.00840477	0.00878349	0.00508352	0.00748938	0.0306932	0.0238241	0.0729586	0.00430551	0.0960484
111	0.0191268	0.003486	0.00103727	0.00147769	0.184191	0.00143783	0.00107948	0.324791	0.00311787	0.192599	0.0691464	0.00137181	0.00324148	0.00153029	0.00297173	0.00755062	0.00536826	0.146881	0.00223176	0.0273627
112	0.103714	0.0113511	0.00152387	0.00564175	0.00119356	0.0107196	0.00171098	0.182025	0.00483733	0.0639337	0.0692373	0.00170148	0.00105972	0.00213941	0.00658168	0.0336176	0.0626696	0.434746	0.000366847	0.00122949
113	0.05477	0.00146379	0.00900036	0.0319822	0.0107328	0.00933145	0.0119593	0.0209831	0.373885	0.0440631	0.0286743	0.0295131	0.00360471	0.0780501	0.161025	0.0352419	0.021706	0.0565981	0.0114368	0.0059784
114	0.443191	0.104223	0.00510219	0.00675453	0.00926373	0.0124079	0.00410535	0.0597849	0.00658275	0.0179578	0.0193742	0.00654356	0.00570071	0.0057291	0.00576982	0.116678	0.0520114	0.109294	0.00143574	0.00809123
115	0.238146	0.0432257	0.000762693	0.00109095	0.00418859	0.000786325	0.000643415	0.113436	0.000976076	0.0178082	0.00203583	0.00111234	0.00216258	0.000945619	0.00141217	0.0355142	0.0692322	0.465818	0.000206314	0.000497146
116	0.238146	0.0432257	0.000762693	0.00109095	0.00418859	0.000786325	0.000643415	0.113436	0.000976076	0.0178082	0.00203583	0.00111234	0.00216258	0.000945619	0.00141217	0.0355142	0.0692322	0.465818	0.000206314	0.000497146
117	0.139904	0.000434863	0.0633271	0.102699	0.00410652	0.0518042	0.0294463	0.0111687	0.135733	0.0326499	0.0152032	0.0652323	0.000289103	0.11647	0.110665	0.0575435	0.0383974	0.0154013	0.000145879	0.00938059
118	0.737602	0.0131809	0.00142014	0.00175173	0.00119854	0.0902144	0.00102428	0.00259775	0.0012241	0.00950984	0.00243016	0.00152635	0.00354107	0.00726068	0.00168927	0.050241	0.0529184	0.0193093	0.00030152	0.0010588
119	0.00888561	0.000567644	0.00494818	0.00135726	0.0199201	0.00555314	0.0044959	0.0749675	0.0047129	0.731487	0.049087	0.00101607	0.000503472	0.00675849	0.00282801	0.0101667	0.00218317	0.0662908	0.00030548	0.00396562
120	0.0551026	0.00261984	0.00299138	0.0265631	0.00157973	0.0159442	0.013528	0.0153922	0.426814	0.023846	0.0105771	0.0301362	0.00311179	0.0806134	0.223914	0.0293156	0.00790725	0.0269542	0.00115291	0.00193688
121	0.0154577	0.00687339	0.00145216	0.0064505	0.303528	0.00162192	0.0618309	0.0821857	0.00483502	0.0532364	0.0154885	0.029189	0.00896621	0.00171996	0.00499981	0.0155782	0.0064773	0.0539699	0.0188239	0.307315
122	0.102209	0.00387326	0.136648	0.0918642	0.0106069	0.0281693	0.0118727	0.0140574	0.103086	0.0259368	0.0136464	0.0237097	0.239548	0.0399948	0.0284893	0.0506734	0.0378065	0.0268432	0.00258638	0.00837907
123	0.131967	0.00335071	0.0295497	0.0956475	0.00165139	0.0358912	0.00354815	0.0667856	0.0605589	0.114208	0.0509937	0.0263127	0.00207137	0.0723086	0.0216521	0.0565962	0.0815024	0.127589	0.000451637	0.0173645
124	0.0136178	0.00512597	0.000359198	0.000462392	0.0412057	0.000366435	0.000323294	0.387946	0.00291752	0.22443	0.0966085	0.000385484	0.00450707	0.00044124	0.00291379	0.000842433	0.00601904	0.202925	0.0031517	0.00545095
125	0.071676	0.00177239	0.0373891	0.0506982	0.00405578	0.0253643	0.0210472	0.0119598	0.272802	0.0201167	0.0103711	0.0996023	0.00400596	0.104443	0.149665	0.0560944	0.0340475	0.0184657	0.00185998	0.00456346
126	0.205962	0.021859	0.00166629	0.012468	0.00519332	0.0560982	0.0015456	0.0664705	0.00177226	0.00348266	0.0168961	0.00506026	0.0151768	0.00492378	0.00500714	0.417549	0.104724	0.0528125	0.000385766	0.000946519
127	0.0981799	0.0707345	0.00382361	0.0272766	0.0806961	0.008243	0.00327734	0.0667713	0.0080722	0.0574539	0.010286	0.00420931	0.00153587	0.0178313	0.00329322	0.0119533	0.0388233	0.433683	0.0006739	0.0531823
128	0.0154083	0.00210468	0.0552286	0.00608056	0.00362627	0.00537757	0.41742	0.0267155	0.00651129	0.0072696	0.00517019	0.373131	0.00239896	0.0312212	0.006173	0.0105996	0.00988843	0.011754	0.00108085	0.00284075
129	0.0130016	0.00482526	0.000351859	0.000458146	0.0403369	0.000356178	0.000317142	0.388952	0.00284322	0.227831	0.0954319	0.00037491	0.00442324	0.000420153	0.00293449	0.000812989	0.00568146	0.201962	0.00316299	0.00552158
130	0.201775	0.0146544	0.0154665	0.0058995	0.00542778	0.270507	0.00245387	0.0140935	0.00470614	0.015457	0.00638591	0.041281	0.00333319	0.00641066	0.00515676	0.319304	0.0400012	0.0247179	0.000808166	0.00216032
131	0.0127906	0.005087	0.000415819	0.000523041	0.0393053	0.000471298	0.000340478	0.395694	0.00389394	0.215183	0.103598	0.000450341	0.00421489	0.000486671	0.00332246	0.000946211	0.00647778	0.198533	0.00302436	0.0052426
132	0.579695	0.0139959	0.00728635	0.00559202	0.00272246	0.147483	0.00213389	0.008236	0.00447571	0.0125666	0.00583852	0.00635365	0.00534754	0.00801581	0.0037425	0.115517	0.0425448	0.026494	0.000621005	0.00133836
133	0.172875	0.020789	0.00212737	0.00256657	0.00369533	0.00205241	0.00158525	0.118038	0.00302816	0.0191707	0.00339065	0.00261268	0.00248744	0.00271247	0.00265709	0.0205114	0.162968	0.454819	0.000313961	0.00159975
134	0.036148	0.00057762	0.13896	0.0631186	0.00611035	0.518766	0.0152082	0.00184486	0.0302998	0.00750469	0.00147422	0.0978018	0.00204571	0.00832358	0.0216837	0.0424421	0.00346289	0.00284165	0.000381859	0.00100435
135	0.0208029	0.003763	0.00158243	0.0017761	0.0190895	0.00254061	0.0020209	0.315492	0.00422744	0.274059	0.0524207	0.00173421	0.00229472	0.00255196	0.00419341	0.00497591	0.010578	0.26985	0.00136045	0.004687
136	0.0131357	0.00481133	0.000352213	0.000472342	0.042393	0.000352438	0.000317636	0.386943	0.00285814	0.227994	0.096003	0.000378357	0.0044103	0.000409237	0.00296778	0.000961758	0.00568729	0.200264	0.00326078	0.00602683
137	0.161482	0.00122004	0.00902307	0.00596902	0.0202381	0.00351032	0.00807794	0.0457798	0.00954178	0.0179413	0.0503744	0.0620872	0.00177852	0.0318543	0.00867287	0.108835	0.292755	0.158017	0.000775991	0.002067
138	0.213187	0.003564	0.00852794	0.0181156	0.0104523	0.0243521	0.0543045	0.0252106	0.0229741	0.0677859	0.0198795	0.012645	0.2712	0.0253133	0.0352535	0.0453402	0.0373667	0.0868376	0.00312265	0.0145667
139	0.182383	0.00526055	0.0159652	0.022595	0.0125217	0.0187809	0.010458	0.0895917	0.0189371	0.0251393	0.0255046	0.104645	0.00796558	0.0276253	0.0158108	0.120019	0.0925926	0.193729	0.00297897	0.00749689
140	0.0105403	0.00205055	0.00051198	0.0016817	0.000713171	0.000968627	0.00139228	0.413901	0.00066301	0.123342	0.0224349	0.00250633	0.000309841	0.00250975	0.00354596	0.00259599	0.0116389	0.395753	0.000146276	0.00279392
141	0.00964449	0.00107598	0.00254943	0.00314376	0.00204494	0.00359417	0.147986	0.00676015	0.319321	0.00326227	0.00231834	0.0203926	0.0291741	0.0296585	0.353162	0.0448387	0.00487272	0.0129757	0.00057641	0.00264831
142	0.00748638	0.00104796	0.337115	0.0143928	0.0120985	0.0457231	0.04925	0.00325759	0.0323203	0.00347381	0.00239006	0.390564	0.00131842	0.0491151	0.023575	0.00572042	0.00501551	0.0139024	0.000560395	0.00167332
143	0.345762	0.156118	0.00632067	0.00753098	0.00554458	0.0093417	0.00462428	0.0146708	0.00697254	0.010291	0.029899	0.00713834	0.00464711	0.00765491	0.00695819	0.077722	0.122773	0.146352	0.00159096	0.0280885
144	0.0537924	0.000755026	0.29486	0.273091	0.0011198	0.0808818	0.0104325	0.00253031	0.00869355	0.00382818	0.00175814	0.0467821	0.00102333	0.107459	0.0112678	0.0595067	0.032751	0.00702756	0.000596612	0.00184371
145	0.103316	0.00342656	0.109564	0.229268	0.00048433	0.025686	0.0149141	0.000892535	0.159498	0.00211351	0.00492313	0.0624969	0.000270831	0.0863963	0.0682339	0.0690874	0.0454409	0.00976435	0.000146571	0.00407722
146	0.0242745	0.00163707	0.00333267	0.00402383	0.0175191	0.00386648	0.00302331	0.0198651	0.162134	0.470444	0.112992	0.00420756	0.00223402	0.00427457	0.0539443	0.0221908	0.00788608	0.0089609	0.000866619	0.0723229
147	0.029213	0.0006433	0.0474503	0.00744113	0.000959567	0.0972883	0.00112238	0.00192992	0.00166064	0.00238284	0.00176259	0.0580766	0.000874947	0.00230049	0.0123386	0.523542	0.201081	0.00832256	0.000373996	0.00123547
148	0.0131152	0.00487021	0.000345358	0.000453079	0.0407675	0.000354691	0.000312754	0.387873	0.00287707	0.228286	0.0964225	0.000369682	0.00446627	0.000408993	0.00296128	0.000809633	0.00573252	0.200777	0.00321818	0.00557862
149	0.198338	0.00107674	0.00235079	0.0265409	0.00666907	0.087732	0.0339743	0.0588427	0.0450535	0.096275	0.0164958	0.0179543	0.0838389	0.0116623	0.0627847	0.08815	0.0560563	0.0865732	0.0123489	0.00728295
150	0.0601434	0.00150322	0.170789	0.260928	0.00249433	0.188346	0.00949657	0.00407279	0.0108953	0.00519208	0.00282984	0.0467711	0.00240811	0.115376	0.00846557	0.0596528	0.0391517	0.00804233	0.000914715	0.0025269
151	0.0131152	0.00487021	0.000345358	0.000453079	0.0407675	0.000354691	0.000312754	0.387873	0.00287707	0.228286	0.0964225	0.000369682	0.00446627	0.000408993	0.00296128	0.000809633	0.00573252	0.200777	0.00321818	0.00557862
152	0.252328	0.00797364	0.00898457	0.0315471	0.00535302	0.021515	0.00370157	0.0489153	0.00531483	0.0107179	0.0208365	0.0262009	0.00804053	0.0142784	0.00642244	0.218614	0.221858	0.0842169	0.000775799	0.00240574
153	0.0552129	0.00261065	0.0029238	0.0265373	0.0015808	0.0158951	0.0135533	0.0154447	0.426599	0.0238858	0.0105713	0.0302334	0.00309383	0.08041	0.224243	0.0293351	0.00783528	0.0269452	0.00114999	0.00193943
154	0.240566	0.00824904	0.0152026	0.121566	0.00993511	0.0492395	0.00597446	0.0111188	0.106054	0.00474149	0.00468261	0.0193286	0.00102993	0.0855168	0.0715731	0.120736	0.0965726	0.0255477	0.000553713	0.00181127
155	0.162344	0.000537853	0.0642089	0.0756825	0.00606409	0.0655441	0.0400397	0.0171754	0.108751	0.0278947	0.0123416	0.08309	0.00076978	0.082829	0.0970976	0.068709	0.0518792	0.0208813	0.000167271	0.0139934
156	0.0662893	0.000439864	0.420594	0.270351	0.000669161	0.0218999	0.0061894	0.00135792	0.0137921	0.00338683	0.000868309	0.0277223	0.000946146	0.050756	0.0217847	0.0472296	0.0363609	0.00816944	0.000271102	0.000921924
157	0.0216119	0.00286137	0.00277978	0.00263044	0.0379796	0.00440738	0.0128337	0.0665522	0.0330782	0.601543	0.0309776	0.00631134	0.00153459	0.00837074	0.0193141	0.0219638	0.0158695	0.0889817	0.0010858	0.0193136
158	0.350274	0.0103987	0.00569195	0.00482242	0.00360381	0.178348	0.00223779	0.0322792	0.00527593	0.0365023	0.0181409	0.00802074	0.00281627	0.00412392	0.00524003	0.181242	0.0708499	0.0774555	0.000841191	0.00183558
159	0.150724	0.000298287	0.058661	0.0870287	0.00471422	0.0635482	0.0367228	0.0153878	0.121671	0.0316743	0.0129405	0.070997	0.000559696	0.0974948	0.109316	0.0619692	0.045817	0.0174544	0.000140186	0.0128812
160	0.0552927	0.00260265	0.00299709	0.0264744	0.00158197	0.0158897	0.0135084	0.0154202	0.426897	0.0239321	0.0105508	0.0302668	0.00308474	0.0804151	0.223848	0.0293577	0.00789563	0.0268955	0.00115038	0.00193948
161	0.702249	0.0117036	0.00206719	0.00333677	0.00181305	0.0271133	0.00211802	0.00478657	0.0028534	0.00520733	0.00400039	0.0025772	0.00926452	0.0042346	0.00283272	0.0327036	0.094768	0.0832875	0.000911634	0.0021713
162	0.040211	0.00210382	0.0025149	0.0193808	0.0016298	0.0115329	0.0483822	0.0153519	0.404819	0.017438	0.00779787	0.0236543	0.0103368	0.0660992	0.265291	0.031365	0.00629923	0.023216	0.000972586	0.00160294
163	0.217427	0.00108691	0.183491	0.0431765	0.00208181	0.0430311	0.0230482	0.00416198	0.0232228	0.0211301	0.0115805	0.136157	0.00114021	0.0510956	0.0163133	0.104745	0.0981803	0.0157116	0.000538537	0.00268065
164	0.0133124	0.00142219	0.0112538	0.0286104	0.00306022	0.422018	0.00289091	0.00477463	0.153109	0.00539809	0.00362369	0.214555	0.00367735	0.00435127	0.059063	0.052093	0.00684456	0.00707288	0.000819598	0.00204929
165	0.0476502	0.000861844	0.018477	0.0328166	0.00135396	0.0258756	0.00755857	0.00426845	0.392023	0.0148368	0.00813045	0.055331	0.000947561	0.11211	0.145071	0.0669731	0.0541755	0.00726217	0.000779846	0.00349725
166	0.00907557	0.000542794	0.00513335	0.00137152	0.0197407	0.00588125	0.00461061	0.0712179	0.00491276	0.736656	0.0481856	0.00107113	0.000472388	0.00683859	0.00285867	0.0101132	0.00226505	0.0648688	0.000271548	0.00391234
167	0.0772712	0.00108999	0.0158355	0.00331879	0.00190836	0.0962747	0.0114565	0.00308989	0.188248	0.0337481	0.0119938	0.0126644	0.00133383	0.0424721	0.0539733	0.193132	0.225036	0.0145448	0.000605107	0.0120027
168	0.136588	0.00115282	0.00281523	0.00681338	0.00599072	0.0406128	0.0378008	0.0462427	0.0152047	0.160732	0.0946614	0.00592044	0.176696	0.0439602	0.0324139	0.116716	0.0272375	0.0355941	0.00209294	0.0107545
169	0.0670826	0.000420592	0.421098	0.270389	0.000665199	0.0215405	0.00601678	0.00129242	0.01381	0.00337281	0.000873252	0.0272721	0.000922424	0.0512598	0.0209284	0.0475823	0.0362563	0.00804891	0.000264717	0.000904503
170	0.0150807	0.000616314	0.662248	0.27746	0.000911706	0.00207439	0.0117846	0.00187406	0.00209571	0.00188349	0.00137613	0.00166179	0.00107199	0.00798115	0.00155419	0.0039122	0.00263936	0.00261718	0.000374186	0.000782694
171	0.0223009	0.00317392	0.00344125	0.00371382	0.0351565	0.00345412	0.00283659	0.0551427	0.00373274	0.292392	0.29528	0.00715818	0.00156772	0.00380679	0.00386677	0.0206665	0.139318	0.0848646	0.00236676	0.0157603
172	0.202053	0.00335037	0.0156831	0.088406	0.00414897	0.0366353	0.0098855	0.00534436	0.0842896	0.00282783	0.00979152	0.00620107	0.00125342	0.185168	0.0441307	0.128541	0.152333	0.0181539	0.000632047	0.00117151
173	0.0296543	0.000475223	0.136769	0.056099	0.00646304	0.546714	0.0126767	0.00165162	0.0268497	0.00618604	0.00128962	0.101101	0.00209859	0.00737332	0.0207144	0.0374025	0.00291013	0.00235006	0.000319547	0.000902319
174	0.331186	0.0175513	0.00827879	0.00317604	0.00398343	0.230629	0.00164466	0.0147787	0.00271148	0.018216	0.00862459	0.0139723	0.00257746	0.00445699	0.00235688	0.25029	0.0461843	0.037796	0.000354981	0.00123163
175	0.0629923	0.00395227	0.0255319	0.0249846	0.00715122	0.023492	0.0105219	0.017697	0.0198506	0.0175956	0.0138118	0.142147	0.00703344	0.0557943	0.0178144	0.247729	0.258623	0.0334925	0.00249541	0.0072894
176	0.0260196	0.00324978	0.00174757	0.00614851	0.353346	0.0030648	0.0223496	0.158913	0.00370214	0.102474	0.0245431	0.0126119	0.00682001	0.00258094	0.00407678	0.0194249	0.00783536	0.0661303	0.00746988	0.167492
177	0.0294629	0.00111839	0.00653158	0.00337047	0.00166952	0.0119365	0.00178287	0.00310634	0.00244845	0.00309985	0.00200184	0.00909547	0.00113357	0.00306257	0.00381168	0.290463	0.618681	0.00531349	0.000634163	0.00127568
178	0.00995644	0.00287258	0.000473377	0.00127355	0.00872328	0.000745298	0.000991115	0.408829	0.00113464	0.14957	0.0375548	0.00184111	0.00110123	0.00192453	0.00281139	0.00199898	0.00902059	0.354926	0.000747149	0.00350535
179	0.0297404	0.000731719	0.0440169	0.00702226	0.000908105	0.0858206	0.00116247	0.00198877	0.00175453	0.00268503	0.00175572	0.0536409	0.000882095	0.00262201	0.0113541	0.517445	0.225304	0.00949774	0.000411475	0.00125698
180	0.0837077	0.00416041	0.116493	0.126984	0.00818079	0.0355168	0.0138615	0.0159362	0.0532274	0.0193448	0.011937	0.128712	0.00515955	0.0419693	0.0327471	0.167085	0.0560796	0.0297553	0.00164791	0.0474943
181	0.0615096	0.00178128	0.0017917	0.0109664	0.122247	0.0348354	0.0336228	0.116325	0.00580216	0.14973	0.0386015	0.0239584	0.0254031	0.0104707	0.0192534	0.0533993	0.0715195	0.0921027	0.00623619	0.120443
182	0.0647043	0.00474442	0.0566158	0.0263366	0.00824542	0.589385	0.00674602	0.00679558	0.0200509	0.00780097	0.00352381	0.0525665	0.00948226	0.0132817	0.0131606	0.0875081	0.0163039	0.00996103	0.000860732	0.00192657
183	0.144633	0.0165149	0.00208995	0.0176531	0.00392819	0.0577953	0.00149403	0.065393	0.00207918	0.00265261	0.0327652	0.0068018	0.0226958	0.00877093	0.00860675	0.36859	0.170681	0.0652254	0.000424201	0.00120531
184	0.0611117	0.00176068	0.00178312	0.0113123	0.126979	0.0349568	0.0336217	0.112109	0.00580382	0.146142	0.0383381	0.0255112	0.0251627	0.010604	0.0197442	0.0525967	0.0704763	0.09289	0.00626203	0.122835
185	0.10029	0.0065315	0.028203	0.0297676	0.0375583	0.403532	0.0108559	0.0121451	0.0641531	0.0169764	0.0100527	0.028826	0.0118406	0.0578451	0.028504	0.0871614	0.0372495	0.0203873	0.00270051	0.00542044
186	0.162561	0.0133016	0.00308355	0.0207159	0.00416626	0.0560045	0.00157239	0.072471	0.00307109	0.00589862	0.0278571	0.0192571	0.0159306	0.00824047	0.00751103	0.354761	0.160522	0.0616254	0.00042291	0.00102735
187	0.171416	0.00104752	0.00234696	0.0110322	0.0133681	0.042504	0.072227	0.0345322	0.0351783	0.114828	0.0436102	0.00800309	0.159713	0.0465349	0.0506387	0.0725998	0.0330714	0.0555037	0.00320643	0.0286381
188	0.0492743	0.0042254	0.0431369	0.0276705	0.00823771	0.472675	0.00894303	0.0107014	0.0309456	0.0129878	0.00775741	0.0884125	0.106618	0.0177049	0.0205942	0.0504521	0.0177057	0.0156494	0.0016944	0.00461386
189	0.0613515	0.00400218	0.0378087	0.305118	0.00479448	0.0272212	0.00933894	0.00960676	0.0270355	0.0106902	0.00728117	0.132537	0.00318511	0.176777	0.0159805	0.0635953	0.0798249	0.0165697	0.0017732	0.00550938
190	0.246214	0.00273762	0.00389374	0.00522334	0.00330745	0.0141867	0.00333331	0.00828291	0.00458191	0.0230122	0.00433555	0.00536695	0.00228351	0.00485695	0.00491936	0.337246	0.0675273	0.255406	0.000884679	0.00240087
