202	20
1	0.161574	0.0040558	0.000112399	0.000780792	0.0476611	0.0391865	5.73282e-05	0.206305	0.00031381	0.233202	0.0311476	0.000239677	0.00118165	0.000713275	0.000245809	0.0209483	0.0267572	0.220953	0.001591	0.00297359
2	0.0582279	0.00272331	0.000239645	0.000671023	0.0349432	0.00744765	0.000117966	0.244209	0.000583251	0.284531	0.0329734	0.000540231	0.000854815	0.000537564	0.000561199	0.00332122	0.0156876	0.302459	0.00365016	0.00572215
3	0.167749	0.0035445	0.000134121	0.000772669	0.0404836	0.0391549	5.43863e-05	0.207572	0.000187501	0.239162	0.0281838	0.000167782	0.00136005	0.000718702	0.000184264	0.0190489	0.0262113	0.221642	0.00111036	0.00255782
4	0.167369	0.0035032	0.000137127	0.000772844	0.0402011	0.0388721	5.51661e-05	0.207726	0.000194363	0.240187	0.0278918	0.000166192	0.00140253	0.000722799	0.000187608	0.0187978	0.0260025	0.222204	0.00109682	0.0025103
5	0.166493	0.00368719	0.000118917	0.000789716	0.0450024	0.0398578	5.83066e-05	0.204713	0.000221778	0.236995	0.029983	0.000168863	0.00135479	0.000806158	0.000244149	0.0197885	0.0274809	0.217762	0.00147322	0.00300096
6	0.0264088	0.000328726	0.0339869	0.0345188	0.00523831	0.0182543	0.0549892	0.00315507	0.252521	0.0172282	0.00269176	0.0885725	0.0222951	0.0853037	0.231109	0.0501312	0.0358912	0.0138654	0.0057812	0.0177294
7	0.015113	0.00121024	0.00201961	0.0525937	0.0975292	0.00334844	0.0083609	0.0572753	0.0425866	0.240274	0.0163526	0.0106249	0.00195958	0.102253	0.1007	0.0093133	0.0531248	0.0503007	0.0301839	0.104877
8	0.0584019	0.000191539	0.000313172	0.00053455	0.000750551	0.910553	0.00368939	0.00118711	0.000580573	0.00122297	0.00080634	0.00263941	0.000277787	0.00155797	0.000633962	0.013851	0.000923775	0.00114947	0.000269242	0.000466614
9	0.014847	0.00222998	0.000581937	0.00354696	0.0503169	0.00555131	0.000461066	0.337802	0.00209829	0.387104	0.0331881	0.000688359	0.000404911	0.000931403	0.00207493	0.00299256	0.00771338	0.135364	0.00613056	0.00597274
10	0.00546249	0.000841506	0.824828	0.0270639	0.00276152	0.0140618	0.000900066	0.00458058	0.00257198	0.00511351	0.00316314	0.0632165	0.00110762	0.0130608	0.00217977	0.00542486	0.00401428	0.0162802	0.00126704	0.0021002
11	0.0128759	0.00201652	0.000802514	0.00354018	0.0463654	0.00500035	0.000673567	0.341923	0.00219403	0.391235	0.0344944	0.000563248	0.000450238	0.0012445	0.00194929	0.00250927	0.00716748	0.132669	0.00564887	0.00667793
12	0.0713867	0.000481188	0.0123547	0.0324899	0.0025205	0.0156759	0.0018459	0.00672247	0.205176	0.00800173	0.00265497	0.00405593	0.00118019	0.245377	0.192926	0.112187	0.0571025	0.0248948	0.00101886	0.00194733
13	0.0584019	0.000191539	0.000313172	0.00053455	0.000750551	0.910553	0.00368939	0.00118711	0.000580573	0.00122297	0.00080634	0.00263941	0.000277787	0.00155797	0.000633962	0.013851	0.000923775	0.00114947	0.000269242	0.000466614
14	0.0584019	0.000191539	0.000313172	0.00053455	0.000750551	0.910553	0.00368939	0.00118711	0.000580573	0.00122297	0.00080634	0.00263941	0.000277787	0.00155797	0.000633962	0.013851	0.000923775	0.00114947	0.000269242	0.000466614
15	0.0427197	0.000744917	0.0541614	0.0699952	0.00762616	0.0175207	0.0501897	0.00699767	0.126747	0.0225934	0.0108391	0.0603354	0.0108787	0.122009	0.165974	0.132601	0.051792	0.0151974	0.00490608	0.0261712
16	0.0406765	0.00128487	0.000222023	0.000492887	0.0356559	0.00229364	0.000157697	0.272295	0.000549188	0.208471	0.0437892	0.000554343	0.000283154	0.000599979	0.00047553	0.00362995	0.013542	0.356833	0.0063938	0.0117997
17	0.0170413	0.00156014	0.00396751	0.0350324	0.00989322	0.0083251	0.00205833	0.188328	0.0125261	0.159369	0.0281587	0.0151597	0.00114807	0.0220735	0.0234382	0.0277878	0.117908	0.320785	0.00189246	0.0035479
18	0.00590532	0.000749985	0.00131415	0.013055	0.0596375	0.00237387	0.000907409	0.0717111	0.00249638	0.43914	0.161784	0.00177546	0.000991847	0.011934	0.00223664	0.00466821	0.00365103	0.0633839	0.00114811	0.151136
19	0.0694755	0.000415368	0.0875463	0.393438	0.0017025	0.0226501	0.000428282	0.0151331	0.0426905	0.021656	0.00790168	0.0259808	0.00430181	0.131402	0.0456803	0.0559459	0.0366334	0.0149694	0.00357165	0.0184766
20	0.0457521	0.000956596	0.0316457	0.0196669	0.00370232	0.0421983	0.00874953	0.00586003	0.118809	0.0424914	0.0306634	0.233456	0.00360112	0.175139	0.110869	0.0409063	0.058679	0.00703171	0.00206839	0.0177532
21	0.0145266	0.00154462	0.00404502	0.00532104	0.00544024	0.0253199	0.0583688	0.0124984	0.0478835	0.0208836	0.00616039	0.00853111	0.00292933	0.0215568	0.71909	0.0109744	0.00958656	0.0147807	0.00299071	0.00756786
22	0.00895683	0.0048593	0.000267015	0.000475394	0.00564313	0.000724948	0.000193652	0.308238	0.000592761	0.021305	0.0104716	0.000518033	0.000228376	0.000488088	0.000504883	0.00119421	0.00575624	0.628906	0.000300948	0.000375947
23	0.00544575	0.000841506	0.824687	0.0271183	0.00275995	0.0140368	0.000900066	0.00457873	0.00257207	0.0051168	0.00316533	0.0633292	0.00110753	0.0130567	0.00217977	0.00542483	0.00401426	0.016298	0.00126704	0.0021002
24	0.230448	0.00487711	0.0217544	0.0559091	0.0104116	0.115705	0.0044077	0.0182423	0.0427857	0.018	0.0241538	0.0499829	0.0301187	0.0583578	0.0341195	0.18433	0.0590617	0.0303968	0.00185612	0.00508259
25	0.0715376	0.00105102	0.0180093	0.0292903	0.0639153	0.0270878	0.00119238	0.065761	0.0307945	0.217815	0.122409	0.0506507	0.00173044	0.0114548	0.038256	0.060822	0.0846512	0.0504529	0.00218615	0.0509326
26	0.0450415	0.00252691	0.0167761	0.00877007	0.00737782	0.557929	0.0483701	0.0130772	0.023782	0.0169488	0.0084353	0.107807	0.00362067	0.0469186	0.0165214	0.0341307	0.0135127	0.0155846	0.00455449	0.00831507
27	0.0412973	0.00158924	0.000205491	0.00111889	0.0469674	0.0046217	0.000157939	0.250688	0.000800425	0.239745	0.0426927	0.000476398	0.000281277	0.00064734	0.000663592	0.00450663	0.0146828	0.32782	0.00779279	0.0132458
28	0.203596	0.00128346	0.00679883	0.00164101	0.0106002	0.082428	0.000675976	0.00352067	0.0272754	0.0118478	0.00238893	0.00465227	0.00241453	0.00186962	0.00184593	0.407984	0.204188	0.0115064	0.000757711	0.012725
29	0.0562478	0.000426088	0.133615	0.359709	0.00187981	0.0303922	0.000894232	0.015731	0.0411758	0.0148506	0.00504398	0.0369355	0.00622827	0.120363	0.0475795	0.0572851	0.0365568	0.0142787	0.00379222	0.0170154
30	0.245685	0.00158203	0.00599162	0.00800111	0.00625979	0.00946911	0.00198914	0.0286624	0.0259467	0.0117523	0.00584222	0.00801627	0.149788	0.00837906	0.031243	0.220931	0.172234	0.0336188	0.00313061	0.0214778
31	0.0531671	0.00563699	0.0716733	0.0605775	0.00663958	0.028929	0.000540854	0.129128	0.0173483	0.122056	0.0205695	0.0804037	0.0064767	0.046481	0.0122048	0.0915824	0.100527	0.138989	0.000675703	0.00639424
32	0.0301487	0.000295947	0.0386929	0.0380541	0.0064827	0.0153963	0.0623238	0.00360349	0.235931	0.0158698	0.00309365	0.0831529	0.0164361	0.0912127	0.216908	0.066643	0.0338958	0.0124601	0.00708987	0.0223098
33	0.00246411	0.000291663	0.000469897	0.000672397	0.00358139	0.000877633	0.000276468	0.589618	0.000818147	0.198789	0.0260234	0.000773539	0.000425907	0.000891381	0.000748587	0.00315384	0.00141844	0.167735	0.000343101	0.000627826
34	0.0161075	0.00271846	0.00466909	0.0353119	0.0179444	0.00778584	0.00111713	0.218848	0.00721588	0.116844	0.0278372	0.023674	0.00124165	0.0122382	0.0341521	0.0633408	0.0744839	0.329656	0.00126229	0.00355113
35	0.00895683	0.0048593	0.000267015	0.000475394	0.00564313	0.000724948	0.000193652	0.308238	0.000592761	0.021305	0.0104716	0.000518033	0.000228376	0.000488088	0.000504883	0.00119421	0.00575624	0.628906	0.000300948	0.000375947
36	0.0629605	0.000389799	0.109976	0.350492	0.00189487	0.0312458	0.00145089	0.0135946	0.0416116	0.016453	0.0051237	0.0359528	0.00510917	0.132149	0.0484674	0.0626447	0.0428022	0.0139454	0.00414809	0.0195883
37	0.0201828	0.0026303	0.000184783	0.00385933	0.063633	0.00643938	0.000150709	0.268443	0.00155804	0.424952	0.035543	0.000289883	0.000274016	0.000375956	0.00144802	0.00183378	0.0089552	0.144848	0.0072126	0.00718703
38	0.243196	0.000672107	0.000909949	0.00166639	0.00200908	0.00206603	0.000575199	0.00321266	0.00188456	0.00415071	0.00254981	0.00167755	0.625129	0.0189844	0.00188762	0.0715784	0.011201	0.00415025	0.000800232	0.00169935
39	0.118448	0.00128268	0.0631147	0.0343096	0.0097181	0.0800455	0.0393295	0.0214163	0.0762303	0.026962	0.00637721	0.0654535	0.0150511	0.0529019	0.0789486	0.149879	0.0692598	0.0398311	0.0218487	0.029592
40	0.0644663	0.00204278	0.0382211	0.0379059	0.0331426	0.0277286	0.000881478	0.0940009	0.0295498	0.174769	0.0893976	0.0507045	0.00198421	0.0243608	0.0392219	0.0687982	0.0933523	0.0922147	0.00138337	0.0358744
41	0.0123624	0.00117259	0.000300935	0.00140726	0.0230396	0.00286509	0.000206853	0.449687	0.00085391	0.289258	0.0286291	0.000520683	0.000429797	0.000652926	0.000882714	0.00199389	0.00474171	0.176292	0.00228	0.00242376
42	0.0922065	0.000795266	0.0135379	0.0282275	0.00396973	0.103108	0.00314097	0.0170852	0.166745	0.0176123	0.00380528	0.00748355	0.00305765	0.168956	0.132078	0.144318	0.0618724	0.0265521	0.00182278	0.00362778
43	0.0772486	0.000413277	0.024236	0.0455602	0.00338993	0.0216641	0.0076662	0.00707496	0.189906	0.0108469	0.00270716	0.0105743	0.00303049	0.199388	0.168779	0.130402	0.0702957	0.020332	0.00114099	0.0053438
44	0.0854248	0.000864468	0.0410924	0.0714792	0.0136637	0.0102953	0.000972845	0.0114742	0.0227227	0.016982	0.0126928	0.0444072	0.156894	0.0629642	0.0262147	0.165086	0.242678	0.0107206	0.000929764	0.00244042
45	0.54057	0.00565319	0.000785146	0.0157628	0.01358	0.136393	0.000628104	0.00569632	0.0040225	0.00667662	0.00465574	0.00268536	0.00317391	0.00148141	0.00251722	0.199693	0.0226015	0.0129448	0.000757993	0.0197216
46	0.0253074	0.000691714	0.011353	0.0941794	0.0360822	0.00260601	0.0397723	0.00445881	0.1376	0.14732	0.0382125	0.0519881	0.00101353	0.235692	0.0754373	0.0145874	0.00370942	0.066523	0.00132664	0.0121399
47	0.00158099	0.00017884	0.00058234	0.00341857	0.00363456	0.000673106	0.000537662	0.0155624	0.00108348	0.881989	0.0545457	0.000604964	0.000290065	0.000909239	0.000946908	0.00133023	0.00407699	0.0242724	0.00321102	0.000571408
48	0.0643327	0.000561651	0.095751	0.301162	0.0027676	0.0346822	0.00501213	0.0105634	0.0470146	0.0196691	0.00513578	0.0397644	0.00511618	0.128859	0.0489419	0.0760967	0.0625031	0.0162849	0.00672693	0.0290546
49	0.0175192	0.000742084	0.00095894	0.00201561	0.0985869	0.0026727	0.000623004	0.460228	0.00195911	0.0706275	0.135905	0.00194104	0.000869315	0.00594685	0.00211984	0.01125	0.039189	0.142462	0.00114621	0.00323696
50	0.030636	0.00133161	0.00227071	0.00344507	0.00468602	0.0410523	0.00285926	0.078422	0.19507	0.00921206	0.00557783	0.0212834	0.00187207	0.0625792	0.383264	0.00818143	0.0064781	0.0857003	0.00221157	0.0538673
51	0.0158076	0.00300848	0.000205688	0.00485396	0.0736531	0.00676938	0.000156259	0.246797	0.00190446	0.457354	0.037591	0.000274004	0.000156276	0.000392733	0.00177899	0.00209866	0.00927536	0.120116	0.00906824	0.00873878
52	0.525699	0.00761459	0.000687264	0.036056	0.0295486	0.134342	0.000564511	0.00312265	0.00740587	0.00852673	0.00188161	0.00164169	0.00647959	0.00140501	0.00127	0.150329	0.0203116	0.0143571	0.000716726	0.0480404
53	0.0319606	0.000680157	0.000636425	0.00126869	0.0513188	0.00501807	0.000400699	0.494576	0.00147927	0.0563537	0.0613996	0.00125807	0.000566531	0.00300526	0.00129459	0.0170615	0.0151999	0.242095	0.00171908	0.0127076
54	0.0226615	0.000789933	0.00182272	0.0332615	0.0768556	0.00284532	0.0160126	0.0992322	0.0546321	0.113899	0.0286614	0.0187055	0.00104851	0.0330483	0.0593005	0.0164933	0.0840137	0.200112	0.0338431	0.102761
55	0.00181626	0.000246446	0.000643899	0.00410222	0.00478022	0.000707056	0.000532513	0.0170243	0.00117097	0.87096	0.0571199	0.000637125	0.000318132	0.00110111	0.000943896	0.00146284	0.00415631	0.0259348	0.00319444	0.00314714
56	0.00546249	0.000841506	0.824828	0.0270639	0.00276152	0.0140618	0.000900066	0.00458058	0.00257198	0.00511351	0.00316314	0.0632165	0.00110762	0.0130608	0.00217977	0.00542486	0.00401428	0.0162802	0.00126704	0.0021002
57	0.00984556	0.00131994	0.016937	0.00696165	0.00599478	0.00406814	0.0154169	0.125686	0.0200822	0.574966	0.0288913	0.00386936	0.00136638	0.0199381	0.0198451	0.00801095	0.0295237	0.101905	0.0018282	0.00354405
58	0.524657	0.00689762	0.000698566	0.0368109	0.0303038	0.134134	0.00058551	0.00275215	0.00779263	0.00872392	0.00199704	0.00172432	0.00619975	0.00142425	0.00130718	0.150902	0.0193292	0.0136308	0.000753717	0.0493754
59	0.0604624	0.00471305	0.0730716	0.0597408	0.00699105	0.0312621	0.000598711	0.12572	0.0185484	0.119564	0.0240505	0.0825092	0.00604635	0.0463492	0.0142962	0.0911136	0.0974947	0.130657	0.000739157	0.00607237
60	0.047656	0.00132335	0.0130106	0.033668	0.0128247	0.009334	0.00295665	0.166749	0.0634515	0.101107	0.0588343	0.0292379	0.00198914	0.0767431	0.0294906	0.0379801	0.083406	0.214644	0.00382702	0.0117675
61	0.0113684	0.00182406	0.000777003	0.00330243	0.044431	0.00418537	0.00053341	0.341996	0.00163214	0.392963	0.0389436	0.000474066	0.0002808	0.00109659	0.00172403	0.00243939	0.00699641	0.133521	0.00547023	0.0060412
62	0.0139042	0.000646054	0.0194052	0.011954	0.00382642	0.00768958	0.0186547	0.00486754	0.303673	0.0103722	0.00429508	0.127656	0.00702397	0.125133	0.258239	0.0487681	0.0146505	0.00773611	0.00310018	0.00840483
63	0.498351	0.00626035	0.0011713	0.0397752	0.0379932	0.13622	0.000755576	0.00375443	0.00725291	0.0124819	0.00257441	0.00215844	0.00577388	0.00172864	0.00152031	0.14024	0.0217141	0.0129697	0.00094114	0.0663634
64	0.0584019	0.000191539	0.000313172	0.00053455	0.000750551	0.910553	0.00368939	0.00118711	0.000580573	0.00122297	0.00080634	0.00263941	0.000277787	0.00155797	0.000633962	0.013851	0.000923775	0.00114947	0.000269242	0.000466614
65	0.694799	0.000502884	0.000793521	0.00122527	0.00162516	0.0353888	0.000327562	0.00238922	0.00134712	0.00271381	0.00713563	0.00732298	0.000594559	0.00127013	0.0072312	0.224708	0.0039906	0.0048532	0.000561778	0.00121988
66	0.00222161	0.000250981	0.000776051	0.00340068	0.00563612	0.000847084	0.000692367	0.0232778	0.00129939	0.866674	0.053903	0.000622355	0.00029973	0.00108789	0.0010707	0.0016631	0.00438301	0.0274496	0.00335425	0.00109046
67	0.241729	0.00067746	0.000898906	0.00167263	0.00199869	0.00210129	0.000545768	0.00334388	0.00199059	0.00413864	0.00255573	0.00166285	0.625276	0.0188411	0.00201997	0.0719125	0.0117316	0.00430743	0.000812196	0.00178428
68	0.100779	0.00213274	0.00020507	0.000604795	0.0490427	0.020457	0.000116682	0.216769	0.000561468	0.219598	0.0391225	0.000388498	0.000654352	0.000922818	0.000505282	0.0110753	0.0206168	0.300392	0.0056004	0.0104552
69	0.105397	0.000554893	0.0526326	0.0819199	0.0159083	0.0166615	0.00128208	0.011688	0.0308643	0.0196116	0.00781888	0.0580032	0.148245	0.0654905	0.0265848	0.1733	0.167024	0.0137424	0.000711542	0.00255936
70	0.0339409	0.000942095	0.00195596	0.0258521	0.00373559	0.00333717	0.0128158	0.00498511	0.0149672	0.018777	0.0141803	0.0958792	0.00118049	0.0533752	0.00288054	0.193473	0.393621	0.108459	0.013282	0.00236025
71	0.00895683	0.0048593	0.000267015	0.000475394	0.00564313	0.000724948	0.000193652	0.308238	0.000592761	0.021305	0.0104716	0.000518033	0.000228376	0.000488088	0.000504883	0.00119421	0.00575624	0.628906	0.000300948	0.000375947
72	0.0993066	0.00340514	0.0802615	0.0056387	0.00704581	0.0990596	0.00111758	0.00571447	0.019179	0.00698818	0.00486137	0.0601255	0.0169585	0.00451036	0.00393601	0.393751	0.173692	0.00829482	0.00182253	0.00433158
73	0.243196	0.000672107	0.000909949	0.00166639	0.00200908	0.00206603	0.000575199	0.00321266	0.00188456	0.00415071	0.00254981	0.00167755	0.625129	0.0189844	0.00188762	0.0715784	0.011201	0.00415025	0.000800232	0.00169935
74	0.0369502	0.000495876	0.000690851	0.00971062	0.00161782	0.00167779	0.000551304	0.00843937	0.0130636	0.0211244	0.00813722	0.00250541	0.00216464	0.0192259	0.00731922	0.222384	0.631182	0.0109623	0.000794912	0.00100343
75	0.0204082	0.00296912	0.000265063	0.00458014	0.0736153	0.00765858	0.00018864	0.248162	0.00186008	0.443866	0.0380095	0.000300249	0.000188003	0.000502236	0.00176172	0.00270835	0.0100462	0.125914	0.0085931	0.00840358
76	0.0584019	0.000191539	0.000313172	0.00053455	0.000750551	0.910553	0.00368939	0.00118711	0.000580573	0.00122297	0.00080634	0.00263941	0.000277787	0.00155797	0.000633962	0.013851	0.000923775	0.00114947	0.000269242	0.000466614
77	0.172603	0.000692289	0.0398388	0.0734688	0.0101487	0.0562021	0.016598	0.0104267	0.0753531	0.0299361	0.00833519	0.0481908	0.0212398	0.114118	0.0637632	0.145913	0.0628738	0.0317483	0.00330032	0.015251
78	0.279194	0.00742487	0.00126348	0.00310394	0.0306058	0.276962	0.000843718	0.0612735	0.00238751	0.0449326	0.0565005	0.00478179	0.00317512	0.00285778	0.00244849	0.105565	0.0837155	0.0289021	0.00163094	0.00243165
79	0.0157424	0.00301538	0.000195124	0.004892	0.073802	0.00677824	0.000138136	0.246881	0.0019386	0.457609	0.0375696	0.000273867	0.000158101	0.000351161	0.00178168	0.00209961	0.00920196	0.119661	0.00909816	0.00881248
80	0.0192604	0.000643211	0.00153219	0.0417589	0.0810868	0.00225133	0.013777	0.108718	0.0504954	0.168198	0.0277463	0.0160881	0.000862636	0.0563636	0.0856948	0.0103253	0.0733788	0.107295	0.0323712	0.102153
81	0.471662	0.0227123	0.00340363	0.00525073	0.00479593	0.0769506	0.000620114	0.0261983	0.00394254	0.0102317	0.00771628	0.00555773	0.00521546	0.00318557	0.00288474	0.196311	0.107503	0.0397486	0.000770319	0.00533905
82	0.230714	0.00163139	0.00137295	0.00470505	0.0489087	0.324562	0.000948417	0.0721313	0.0030427	0.0778831	0.0453559	0.00503014	0.00667912	0.00302977	0.00266116	0.0847012	0.0515025	0.027403	0.00317631	0.00456077
83	0.170968	0.0033602	0.000183659	0.00130345	0.0447021	0.0420053	8.69421e-05	0.20485	0.000274272	0.241342	0.0301173	0.000232198	0.00118721	0.00111876	0.000281454	0.0201653	0.0249044	0.207075	0.00175481	0.00408706
84	0.0384413	0.000530069	0.000458929	0.000890861	0.0383046	0.00610908	0.00032155	0.431221	0.00112312	0.0929282	0.034097	0.00104294	0.000429247	0.00100588	0.000981177	0.0140602	0.00749889	0.306313	0.00412847	0.0201151
85	0.100917	0.000918272	0.000373231	0.00180203	0.00247196	0.839451	0.00349424	0.00330504	0.000812702	0.00303556	0.00228665	0.0027885	0.000727765	0.00164191	0.000671068	0.0250381	0.00486507	0.00308206	0.00038226	0.00193497
86	0.168194	0.00373761	0.000113549	0.000796333	0.04347	0.0401538	4.83329e-05	0.205769	0.000193065	0.236173	0.0296164	0.000159714	0.00126789	0.000769052	0.000193989	0.0202063	0.0276443	0.217379	0.00126589	0.00284873
87	0.16989	0.00375563	0.000109266	0.000860625	0.0428946	0.0406041	4.81158e-05	0.206315	0.000179183	0.236407	0.0293274	0.000157721	0.00126261	0.000779731	0.000170484	0.0202702	0.0271961	0.215577	0.00124972	0.00294567
88	0.16769	0.00333584	0.000157095	0.0010048	0.0465954	0.0405954	6.50696e-05	0.201293	0.000314048	0.243626	0.0301694	0.000207599	0.00122078	0.00108753	0.000354352	0.019008	0.0259655	0.211286	0.00208909	0.00393606
89	0.00870957	0.00449223	0.000272608	0.000525223	0.00577409	0.000749845	0.000179201	0.324116	0.000563911	0.0305125	0.0118386	0.00052513	0.000230508	0.000524186	0.000521352	0.00138893	0.00555414	0.602606	0.000387702	0.00052875
90	0.0676072	0.0125968	0.000338312	0.000601109	0.198658	0.034893	0.000237611	0.119132	0.00298526	0.248662	0.0546731	0.00349536	0.000336861	0.000688305	0.00313267	0.0282493	0.0196538	0.189558	0.0135941	0.000907959
91	0.142031	0.00305808	0.000170684	0.000692396	0.0368715	0.0320455	8.67048e-05	0.219985	0.000259031	0.268126	0.0244694	0.000249348	0.00196566	0.000697927	0.000264639	0.0137495	0.0214007	0.231049	0.000880686	0.00194772
92	0.0247865	0.000516748	0.00113212	0.00358047	0.36607	0.00193304	0.00059662	0.0462266	0.00178342	0.0592201	0.0346884	0.0124063	0.000703596	0.00251194	0.00234702	0.016681	0.0171375	0.0167207	0.0325809	0.358377
93	0.144172	0.0824303	0.00371124	0.00650648	0.00869059	0.00798849	0.00215372	0.0444906	0.00719935	0.200871	0.251315	0.00645242	0.00367942	0.00714966	0.00660596	0.128178	0.0652157	0.0143493	0.00269912	0.00614182
94	0.0196573	0.00286067	0.000184364	0.0042354	0.0708437	0.0072224	0.000135382	0.25039	0.00168567	0.443566	0.0352095	0.0002716	0.000293302	0.000338783	0.00160651	0.00187273	0.00922508	0.134535	0.00804565	0.00782041
95	0.165895	0.0029264	0.000204946	0.00112174	0.0500232	0.0419637	0.000101259	0.19559	0.000551709	0.246723	0.0304904	0.000236038	0.00114306	0.00147306	0.000598026	0.018214	0.0245898	0.209691	0.0032756	0.00518882
96	0.0701765	0.000734462	0.0011485	0.00203455	0.276642	0.00191193	0.000871757	0.0788963	0.00239117	0.0646693	0.0670405	0.0287167	0.000765125	0.0169868	0.0105578	0.0123822	0.00908953	0.144325	0.0262415	0.184418
97	0.0272008	0.000582219	0.0011759	0.00542565	0.359559	0.00228828	0.000704767	0.0419334	0.002081	0.0537091	0.0288298	0.0185513	0.000786762	0.00280644	0.00277295	0.0262879	0.0158025	0.0135338	0.0308824	0.365086
98	0.0170979	0.000684659	0.0121705	0.0119631	0.00426556	0.0300154	0.069015	0.00658129	0.108304	0.0225969	0.0039305	0.0264063	0.0062885	0.0396682	0.58473	0.0196356	0.0133976	0.00962744	0.00388706	0.00973491
99	0.0750546	0.0099575	0.000405996	0.000611998	0.177994	0.0392828	0.000299375	0.118075	0.0037602	0.258365	0.0508907	0.00291383	0.000362348	0.00103756	0.00395324	0.0251023	0.0214529	0.193169	0.0153146	0.00199705
100	0.0788408	0.0029447	0.00398935	0.0360842	0.0389308	0.0388191	0.00258884	0.0144211	0.00920222	0.279541	0.108481	0.008134	0.0837815	0.03476	0.0369512	0.18125	0.0144843	0.0154721	0.00358902	0.00773481
101	0.0584019	0.000191539	0.000313172	0.00053455	0.000750551	0.910553	0.00368939	0.00118711	0.000580573	0.00122297	0.00080634	0.00263941	0.000277787	0.00155797	0.000633962	0.013851	0.000923775	0.00114947	0.000269242	0.000466614
102	0.0676904	0.0118749	0.000324937	0.000586776	0.195155	0.035186	0.000229216	0.118853	0.00304029	0.253581	0.0532843	0.00335265	0.000316192	0.000712494	0.00322125	0.0274722	0.0202132	0.190303	0.0137336	0.000870338
103	0.0385759	0.00100235	0.000220918	0.000458403	0.0411547	0.00210334	0.000191619	0.259477	0.000576119	0.18176	0.0457982	0.000541941	0.000239684	0.00062986	0.000472475	0.00479296	0.0140675	0.383834	0.00836636	0.0157367
104	0.462735	0.0322689	0.000656637	0.00116035	0.00284779	0.0760531	0.000292073	0.0347463	0.00103345	0.00889741	0.00843289	0.00336303	0.00102153	0.00143795	0.000917607	0.20739	0.100356	0.0549508	0.000530166	0.000909135
105	0.0534538	0.026309	0.0501841	0.016341	0.0237215	0.0222449	0.00067053	0.15758	0.00458933	0.0928496	0.0385629	0.0916492	0.00203983	0.0139788	0.00473543	0.0993458	0.118724	0.172494	0.000740292	0.00978552
106	0.157174	0.0044176	0.000119849	0.000749114	0.0567202	0.0400062	6.68984e-05	0.199661	0.000506283	0.237048	0.0324135	0.000408848	0.00115091	0.000721077	0.000455439	0.0214322	0.0268405	0.215181	0.00231182	0.00261497
107	0.447035	0.0349645	0.000637873	0.00123151	0.00405629	0.0767598	0.000340572	0.0336627	0.00115431	0.00871136	0.00868912	0.00507668	0.00136045	0.00173707	0.00106236	0.219143	0.0979828	0.0548618	0.000571453	0.000961805
108	0.00557074	0.000893222	0.00081646	0.00383202	0.0219987	0.00229546	0.000757179	0.0867357	0.00163736	0.750861	0.0511976	0.00057871	0.000285592	0.00134382	0.00146532	0.00171935	0.00579249	0.0517154	0.00441032	0.00609359
109	0.168897	0.00379849	0.000108144	0.000805157	0.0428811	0.0402842	4.87287e-05	0.20654	0.000167193	0.235414	0.0294957	0.000153086	0.0012625	0.000745026	0.000168064	0.0203739	0.0276567	0.217196	0.00119273	0.00281233
110	0.157638	0.00303991	0.000196634	0.000940599	0.052358	0.0393356	9.63528e-05	0.194213	0.000561741	0.241988	0.0322241	0.000270411	0.00103224	0.00123469	0.000632222	0.0178368	0.0249542	0.22194	0.00367235	0.00583489
111	0.0157584	0.00303628	0.000210545	0.0048554	0.07386	0.00678588	0.000139094	0.246819	0.00189583	0.45785	0.0375487	0.000267992	0.000156138	0.000351031	0.00177217	0.00208269	0.00920351	0.119514	0.00909169	0.00880085
112	0.0325983	0.0261228	0.0512121	0.0231775	0.019311	0.015795	0.000460356	0.14843	0.00520092	0.120552	0.0228876	0.0785013	0.00210184	0.0192279	0.0049137	0.100289	0.135587	0.175508	0.000941047	0.0171828
113	0.0469883	0.000704886	0.00131237	0.00220288	0.343402	0.00214953	0.00108688	0.0645228	0.00950479	0.0877204	0.0916602	0.0142847	0.00083647	0.00802461	0.0067408	0.00817664	0.0150163	0.0787693	0.0518439	0.165053
114	0.253426	0.000791347	0.00148306	0.0147951	0.0453404	0.271313	0.000897896	0.0557989	0.00276741	0.129163	0.0114995	0.0155716	0.0356355	0.00316212	0.00275603	0.0287608	0.0496415	0.0497239	0.0127431	0.0147299
115	0.168897	0.00379849	0.000108144	0.000805157	0.0428811	0.0402842	4.87287e-05	0.20654	0.000167193	0.235414	0.0294957	0.000153086	0.0012625	0.000745026	0.000168064	0.0203739	0.0276567	0.217196	0.00119273	0.00281233
116	0.00594131	0.000725566	0.00131334	0.0129599	0.0597866	0.00241934	0.000911458	0.0716678	0.00249378	0.439185	0.161916	0.00179454	0.00100252	0.0118689	0.00224337	0.004604	0.00365255	0.0634758	0.00115636	0.150882
117	0.121893	0.00104507	0.00136658	0.00234098	0.260075	0.00282621	0.000934883	0.078113	0.00279256	0.0491784	0.0502618	0.0215155	0.00106394	0.020537	0.00817239	0.0212358	0.00676622	0.170075	0.0149913	0.164815
118	0.11644	0.00332632	0.00639439	0.00509595	0.00616934	0.00790823	0.00286912	0.107371	0.0273287	0.0145425	0.0113579	0.00749818	0.00522038	0.00556754	0.0340269	0.167884	0.263478	0.200138	0.00308129	0.004302
119	0.00158099	0.00017884	0.00058234	0.00341857	0.00363456	0.000673106	0.000537662	0.0155624	0.00108348	0.881989	0.0545457	0.000604964	0.000290065	0.000909239	0.000946908	0.00133023	0.00407699	0.0242724	0.00321102	0.000571408
120	0.0874981	0.00294833	0.098783	0.0107648	0.00736525	0.0764239	0.00150329	0.00926817	0.0170607	0.0102444	0.00537898	0.0752597	0.0210464	0.00938687	0.00515029	0.357136	0.185044	0.0134655	0.00210398	0.00416837
121	0.00173832	0.000188179	0.000633866	0.00347883	0.00447616	0.000735283	0.000551275	0.0168052	0.00117749	0.870713	0.0585792	0.00062084	0.000283013	0.00122327	0.00100011	0.00143315	0.00416555	0.025443	0.00318282	0.0035712
122	0.243196	0.000672107	0.000909949	0.00166639	0.00200908	0.00206603	0.000575199	0.00321266	0.00188456	0.00415071	0.00254981	0.00167755	0.625129	0.0189844	0.00188762	0.0715784	0.011201	0.00415025	0.000800232	0.00169935
123	0.0584216	0.000263633	0.00076337	0.000656494	0.000911591	0.904287	0.00446737	0.0015529	0.000928291	0.0014002	0.00103011	0.00337752	0.000399911	0.00184914	0.000956838	0.0150106	0.00102234	0.00142508	0.000545565	0.00073087
124	0.00377201	0.000279715	0.000450168	0.000673671	0.00536675	0.000941432	0.000241813	0.578812	0.000794881	0.195751	0.0288037	0.000749884	0.000426707	0.000861363	0.000743683	0.00338745	0.00197975	0.174346	0.00051441	0.00110367
125	0.458284	0.0320418	0.00113481	0.00161603	0.00370161	0.0819193	0.000388297	0.0366808	0.00126379	0.014005	0.00920015	0.00421969	0.00103937	0.00152534	0.00114993	0.192236	0.102597	0.055065	0.000505041	0.00142669
126	0.0585679	0.000191539	0.000313219	0.000535776	0.000778671	0.910024	0.00368676	0.00125054	0.000581045	0.00132018	0.000853219	0.00263925	0.000295392	0.00157352	0.000634244	0.013873	0.000963968	0.0011736	0.00027396	0.000470407
127	0.0157814	0.00301283	0.000199664	0.00484595	0.0740419	0.00676026	0.000144449	0.246725	0.00192639	0.457671	0.0376721	0.000271704	0.000157504	0.000367904	0.0017796	0.00209498	0.0092014	0.119425	0.00911019	0.00881062
128	0.0038147	0.00032239	0.000451385	0.00063534	0.00504912	0.000902109	0.000249302	0.575047	0.000787859	0.196229	0.0263532	0.000754129	0.000444984	0.000858153	0.000753022	0.00330174	0.00190845	0.180366	0.000621267	0.00115134
129	0.026638	0.00329055	0.000232571	0.0039344	0.0754768	0.00876192	0.000151091	0.244104	0.00178995	0.409213	0.0396549	0.000455345	0.00023483	0.000483587	0.00163077	0.00412396	0.0114046	0.151574	0.0085239	0.00832206
130	0.179219	0.00176317	0.017687	0.00196504	0.0091168	0.0847561	0.000704044	0.00393068	0.0235504	0.0102385	0.00259981	0.0120158	0.00392671	0.00205847	0.0017967	0.406713	0.216506	0.0105253	0.000880354	0.0100461
131	0.0420841	0.00129064	0.000219083	0.000423654	0.0379138	0.0029503	0.000188785	0.276416	0.000567711	0.2014	0.0429595	0.000561736	0.000338605	0.000556862	0.000472754	0.00417525	0.0144358	0.354431	0.00637155	0.0122415
132	0.0584019	0.000191539	0.000313172	0.00053455	0.000750551	0.910553	0.00368939	0.00118711	0.000580573	0.00122297	0.00080634	0.00263941	0.000277787	0.00155797	0.000633962	0.013851	0.000923775	0.00114947	0.000269242	0.000466614
133	0.0365402	0.00125032	0.00174758	0.00485006	0.0716259	0.0038878	0.00108664	0.314263	0.00581518	0.0722809	0.160379	0.00406402	0.00120203	0.0158873	0.00384495	0.0231453	0.0594359	0.212944	0.00183142	0.00391793
134	0.400105	0.0226053	0.00284213	0.00301539	0.0124004	0.115256	0.000882987	0.0477226	0.00358621	0.0322619	0.0169807	0.00690105	0.00395769	0.00320477	0.00449514	0.163472	0.107344	0.048314	0.00169708	0.00295525
135	0.156271	0.00360816	0.000445953	0.00101434	0.0420284	0.0361981	0.000153421	0.213585	0.000452393	0.228512	0.0325916	0.000430693	0.00125327	0.00130814	0.000458513	0.019364	0.0278968	0.229	0.00163683	0.00379119
136	0.00572488	0.000843335	0.822595	0.0278903	0.00276263	0.0141584	0.000897392	0.00458245	0.00273068	0.00514645	0.00319047	0.0628992	0.00111685	0.0133535	0.00237302	0.00596323	0.00419243	0.0162553	0.00125021	0.00207407
137	0.240017	0.0256427	0.017949	0.00886685	0.0263042	0.0992127	0.000916681	0.0195589	0.00984565	0.0104255	0.022769	0.0569446	0.0141661	0.0113153	0.00489867	0.297246	0.0952319	0.0316057	0.00146147	0.0056228
138	0.0546119	0.0025036	0.00415426	0.0190642	0.247028	0.00698315	0.00310582	0.0290116	0.0078277	0.0445351	0.0119003	0.114847	0.00328962	0.00688986	0.00597487	0.10703	0.0123622	0.0152692	0.027204	0.276408
139	0.00906557	0.00487222	0.000267436	0.000480262	0.00578154	0.000764317	0.000191938	0.3111	0.000601631	0.021329	0.0105248	0.000528757	0.000234824	0.000483266	0.000518829	0.0013291	0.00576752	0.625412	0.000301285	0.0004463
140	0.0025284	0.00028908	0.00045466	0.000680258	0.00389183	0.000892461	0.000282181	0.589232	0.000834215	0.198477	0.0263724	0.000766428	0.000439478	0.000911116	0.000748197	0.00321221	0.00149881	0.167531	0.000340833	0.000617525
141	0.0332517	0.00112106	0.0014258	0.0055008	0.317777	0.00335919	0.00180062	0.0876979	0.00679546	0.0890901	0.0645308	0.0114089	0.00135553	0.00916655	0.0101398	0.00955572	0.0425255	0.0673546	0.0323843	0.203759
142	0.057593	0.00136994	0.00162652	0.0148575	0.285376	0.00373814	0.00115978	0.0371039	0.00357921	0.0543771	0.0140617	0.0647228	0.0016371	0.00459286	0.00425408	0.0845218	0.00943023	0.0177353	0.023949	0.314314
143	0.220737	0.00304788	0.0297597	0.274003	0.0121831	0.0447615	0.00290794	0.0160198	0.0263546	0.0206648	0.0107743	0.0201097	0.0166622	0.0437143	0.0218435	0.126338	0.0663104	0.022805	0.00336882	0.0176342
144	0.0151665	0.00159046	0.00518595	0.00607532	0.00514631	0.0252883	0.0707622	0.00898354	0.0530894	0.0212044	0.00559035	0.0101388	0.00344786	0.0218136	0.703648	0.0118637	0.00988899	0.0109341	0.0036849	0.00649746
145	0.0159546	0.000639084	0.000935703	0.00188129	0.0988654	0.00233867	0.000577706	0.472779	0.0021117	0.065321	0.136472	0.00179314	0.000913066	0.0059541	0.00208088	0.0109049	0.0404135	0.136259	0.000928451	0.0028767
146	0.0124316	0.000552557	0.00149104	0.00165742	0.00192634	0.00306971	0.000922061	0.0140355	0.497995	0.0110908	0.0101903	0.00682325	0.000735622	0.100648	0.310845	0.00536142	0.00290288	0.00557916	0.00102775	0.0107138
147	0.00546249	0.000841506	0.824828	0.0270639	0.00276152	0.0140618	0.000900066	0.00458058	0.00257198	0.00511351	0.00316314	0.0632165	0.00110762	0.0130608	0.00217977	0.00542486	0.00401428	0.0162802	0.00126704	0.0021002
148	0.0629314	0.00133262	0.0730868	0.448547	0.00514848	0.0233006	0.00154318	0.0177624	0.0531048	0.0205482	0.00890736	0.0252716	0.00536371	0.0896275	0.0386213	0.0524892	0.0346365	0.0170099	0.00422379	0.0165434
149	0.166551	0.000425315	0.0349608	0.0282506	0.0121655	0.0472529	0.0131551	0.0342091	0.0395183	0.0391838	0.00369646	0.047438	0.0337445	0.030119	0.0814597	0.177829	0.124779	0.0656017	0.0121992	0.00746129
150	0.689915	0.000484318	0.000735277	0.00124695	0.00156004	0.0392247	0.000311816	0.00230455	0.00134789	0.00260154	0.00733038	0.00673147	0.000620133	0.00135413	0.0065984	0.226834	0.00418528	0.00496954	0.000492465	0.00115172
151	0.0350635	0.00091287	0.000272465	0.00147883	0.0416113	0.00233827	0.000215771	0.271766	0.000737607	0.169398	0.0502122	0.000965353	0.000273317	0.00117049	0.00110401	0.0070829	0.0177049	0.375759	0.00748955	0.0144437
152	0.0563271	0.000504934	0.131471	0.370614	0.00185733	0.0276155	0.00045689	0.0179884	0.0460904	0.0146218	0.00494508	0.0341256	0.00699929	0.115789	0.0516274	0.05419	0.0315411	0.014906	0.00334099	0.014988
153	0.185405	0.000440384	0.0351361	0.0214668	0.0127011	0.0358504	0.0194315	0.0460003	0.0391567	0.0446339	0.00342769	0.0374986	0.0185831	0.0171881	0.0871414	0.183478	0.118632	0.0760616	0.0114544	0.00631235
154	0.0584019	0.000191539	0.000313172	0.00053455	0.000750551	0.910553	0.00368939	0.00118711	0.000580573	0.00122297	0.00080634	0.00263941	0.000277787	0.00155797	0.000633962	0.013851	0.000923775	0.00114947	0.000269242	0.000466614
155	0.0567177	0.0015475	0.00239778	0.0225544	0.257964	0.00506555	0.00151003	0.0277991	0.005045	0.0420046	0.00940815	0.0856043	0.00211484	0.00507015	0.00464499	0.107008	0.00978741	0.0106646	0.0312833	0.311809
156	0.0453437	0.000279534	0.0501879	0.0563982	0.00742886	0.0183017	0.0562797	0.00517287	0.188516	0.0179272	0.00410861	0.0704907	0.015059	0.104641	0.172371	0.102039	0.0412144	0.0159622	0.00518458	0.0230947
157	0.0290846	0.000287894	0.0366857	0.035926	0.0060065	0.0152629	0.0625581	0.00344292	0.241033	0.0158537	0.00302353	0.0866042	0.0167015	0.0882934	0.22441	0.0611604	0.0333238	0.0120705	0.00680441	0.0214665
158	0.586403	0.00756308	0.000612017	0.0057089	0.00509284	0.0912901	0.000322465	0.00790722	0.00232555	0.00402618	0.00511975	0.00358683	0.00147356	0.0013546	0.00347989	0.22287	0.025593	0.0182048	0.000642408	0.00642421
159	0.0124105	0.00130411	0.00222336	0.00391181	0.298468	0.00418035	0.00161552	0.0594805	0.138043	0.228737	0.0685478	0.0217604	0.00184417	0.00488565	0.0329157	0.0262627	0.00792609	0.01205	0.0471951	0.0262381
160	0.14314	0.000510206	0.0289321	0.0141194	0.00955867	0.0552085	0.0160511	0.0431702	0.0376121	0.0366294	0.00320778	0.0448934	0.0271049	0.0245817	0.120485	0.176237	0.108535	0.0796778	0.0238466	0.0064984
161	0.0371571	0.00054591	0.000696066	0.00956424	0.00161331	0.00169982	0.000528242	0.00848875	0.0130997	0.021024	0.00821248	0.00213051	0.00218469	0.0189224	0.00736291	0.222155	0.632158	0.0106392	0.000802988	0.001014
162	0.0183044	0.00059542	0.000471187	0.000952645	0.018022	0.00360666	0.000309109	0.55554	0.00103181	0.105565	0.028696	0.000979979	0.000490927	0.00116962	0.000994234	0.0118958	0.00428792	0.237816	0.000937529	0.00833346
163	0.0157527	0.00301661	0.000196187	0.00485565	0.0739014	0.00677224	0.000138631	0.246886	0.00188844	0.457674	0.037557	0.000269762	0.000157528	0.000350014	0.00177212	0.00208241	0.00920121	0.119626	0.00910979	0.008792
164	0.114705	0.0129677	0.0662412	0.016431	0.0161952	0.017879	0.001663	0.160455	0.0102028	0.0638656	0.0524377	0.0469695	0.00373393	0.0142299	0.0101959	0.105091	0.105821	0.171346	0.00209923	0.00747027
165	0.537704	0.00706979	0.000622168	0.0112295	0.00922549	0.125828	0.00036193	0.00697266	0.00329821	0.00495753	0.00446359	0.00251731	0.00214406	0.00125548	0.00258791	0.221906	0.0286796	0.0151677	0.000578963	0.0134301
166	0.0307006	0.00123324	0.0676498	0.0298956	0.007528	0.0210468	0.0985751	0.008498	0.162959	0.0166195	0.00683471	0.170201	0.01057	0.0932411	0.121515	0.0870919	0.0273341	0.0140704	0.00604462	0.0183918
167	0.168897	0.00379849	0.000108144	0.000805157	0.0428811	0.0402842	4.87287e-05	0.20654	0.000167193	0.235414	0.0294957	0.000153086	0.0012625	0.000745026	0.000168064	0.0203739	0.0276567	0.217196	0.00119273	0.00281233
168	0.126638	0.00844516	0.00782012	0.00415268	0.00668155	0.00974349	0.00187505	0.129477	0.0168143	0.0185251	0.018698	0.00942178	0.00342241	0.0050013	0.0201043	0.182117	0.248573	0.176726	0.00193406	0.00382969
169	0.0346791	0.0012145	0.00248354	0.0229545	0.00431304	0.00324404	0.0109902	0.00729339	0.0137269	0.0193401	0.0170477	0.0866936	0.00127879	0.0504462	0.00328758	0.193138	0.407959	0.105946	0.0114886	0.00247581
170	0.0157527	0.00301661	0.000196187	0.00485565	0.0739014	0.00677224	0.000138631	0.246886	0.00188844	0.457674	0.037557	0.000269762	0.000157528	0.000350014	0.00177212	0.00208241	0.00920121	0.119626	0.00910979	0.008792
171	0.00235088	0.000291237	0.00048541	0.000679908	0.00356048	0.000882712	0.000284069	0.589238	0.000818432	0.199708	0.0263547	0.000769457	0.000436376	0.000892583	0.000749261	0.00309987	0.00140882	0.167066	0.000341364	0.000581433
172	0.464732	0.0327776	0.000646397	0.00115771	0.00264848	0.0768164	0.000293106	0.0339614	0.00101857	0.00891386	0.00789501	0.00298977	0.000879971	0.00135224	0.000895459	0.206661	0.100137	0.0548273	0.0005122	0.000884695
173	0.486082	0.0299565	0.000565991	0.00273111	0.00342056	0.0868346	0.000286493	0.0310176	0.00126264	0.00912668	0.00716335	0.00270335	0.00120916	0.00135768	0.000917194	0.190852	0.0944464	0.0470767	0.000510442	0.00247844
174	0.168897	0.00379849	0.000108144	0.000805157	0.0428811	0.0402842	4.87287e-05	0.20654	0.000167193	0.235414	0.0294957	0.000153086	0.0012625	0.000745026	0.000168064	0.0203739	0.0276567	0.217196	0.00119273	0.00281233
175	0.00898771	0.0049079	0.000267008	0.000483599	0.00568449	0.00073982	0.000193982	0.308214	0.00059214	0.0212948	0.0104535	0.000512787	0.000227679	0.000487581	0.000547428	0.00120274	0.00576534	0.628756	0.000303558	0.000378032
176	0.00433249	0.000641343	0.000760525	0.00347632	0.0107401	0.00161095	0.000586181	0.0500156	0.00137593	0.819747	0.0526339	0.000684441	0.000274377	0.000970562	0.00117738	0.00168956	0.00493576	0.038653	0.00369546	0.00199911
177	0.0241514	0.000505182	0.00106343	0.00335955	0.364679	0.00192888	0.000592221	0.046329	0.00174078	0.0575144	0.0364464	0.0111536	0.000729102	0.00245941	0.00248163	0.015062	0.0178595	0.0172684	0.034419	0.360257
178	0.106377	0.000540683	0.0522892	0.0812457	0.0158568	0.0174408	0.00113804	0.0121239	0.0299347	0.0202322	0.00766952	0.0581451	0.146565	0.0649503	0.0257541	0.174583	0.16755	0.0143959	0.000738276	0.00247013
179	0.00895683	0.0048593	0.000267015	0.000475394	0.00564313	0.000724948	0.000193652	0.308238	0.000592761	0.021305	0.0104716	0.000518033	0.000228376	0.000488088	0.000504883	0.00119421	0.00575624	0.628906	0.000300948	0.000375947
180	0.0123562	0.000509863	0.00158536	0.00159663	0.00187861	0.00252906	0.00105578	0.0123068	0.502574	0.0113183	0.00987968	0.00726466	0.000745161	0.103574	0.306507	0.00555474	0.00286117	0.00477812	0.00102021	0.0101049
181	0.0626349	0.000203829	0.000364108	0.000777872	0.00109483	0.900371	0.00364581	0.0015901	0.00083101	0.00155741	0.00105707	0.00273187	0.000319858	0.00176483	0.000891297	0.0164876	0.00127135	0.00143524	0.000283795	0.000686264
182	0.0284505	0.000672674	0.00137234	0.00483347	0.37936	0.00243956	0.000733007	0.042596	0.00237161	0.054218	0.0320129	0.0174819	0.000934203	0.0030076	0.00277372	0.024031	0.0163597	0.0192718	0.0299484	0.337132
183	0.312202	0.00375892	0.000616242	0.0096548	0.0109644	0.495323	0.00226203	0.00911574	0.00284359	0.00992102	0.005274	0.0029291	0.00298297	0.00193459	0.00137322	0.0893267	0.0164878	0.0102886	0.0009599	0.011782
184	0.0349655	0.00121977	0.000238918	0.00119952	0.0482005	0.00277103	0.000186405	0.256247	0.000796655	0.226041	0.0434685	0.000487789	0.000240661	0.000625813	0.000680071	0.00414137	0.0133874	0.339933	0.00888545	0.0162839
185	0.176412	0.0127798	0.0150575	0.0121335	0.0377387	0.0312651	0.00327232	0.0526382	0.0115909	0.0568674	0.0478684	0.0612101	0.00794581	0.0152297	0.0146352	0.151634	0.178322	0.101817	0.00359611	0.00798673
186	0.00358099	0.000745867	0.00080575	0.00386485	0.0058271	0.00116453	0.000835873	0.0198718	0.00169038	0.860562	0.0567954	0.00116528	0.000395899	0.00134892	0.00135208	0.00289537	0.00665276	0.0259506	0.00320737	0.00128695
187	0.210405	0.000849634	0.00124577	0.00324197	0.0438877	0.351225	0.000967312	0.0756489	0.00218827	0.0645632	0.0692129	0.00323192	0.00459087	0.0023574	0.0021542	0.0636495	0.0674296	0.0280765	0.00213032	0.00294457
