295	20
1	0.147545	0.0137854	0.0048616	0.0438549	0.025787	0.0063227	0.0116941	0.00887328	0.0561005	0.018142	0.00539808	0.0431821	0.0022609	0.0171865	0.00834696	0.375534	0.168166	0.0176836	0.00718717	0.0180879
2	0.0199986	0.0023069	0.250402	0.146893	0.0100477	0.023183	0.0128698	0.00456987	0.0524146	0.0217738	0.00451706	0.261318	0.0171178	0.0476644	0.0160854	0.0482239	0.0374135	0.0119432	0.00143357	0.00982432
3	0.0272885	0.00203314	0.0170305	0.0108329	0.0578156	0.010773	0.0439669	0.0217123	0.236172	0.0947282	0.0431352	0.0504807	0.00236717	0.0958899	0.139231	0.0238287	0.03745	0.0189077	0.00128639	0.0650712
4	0.00487857	0.000396463	0.00133005	0.00286221	0.248082	0.000774343	0.0423194	0.0125322	0.00126328	0.0274486	0.0100456	0.00320546	0.0010313	0.00663952	0.000981331	0.0123044	0.00721726	0.0145172	0.0297437	0.572427
5	0.0116826	0.0059051	0.00115934	0.00275479	0.00581547	0.00154851	0.00692843	0.536658	0.00122247	0.152877	0.0550023	0.00170202	0.000954139	0.0110377	0.00115334	0.0492385	0.0511966	0.098223	0.000676203	0.00426498
6	0.0236774	0.00267288	0.00942252	0.22603	0.0113548	0.00519294	0.0531556	0.00877766	0.00526341	0.0548993	0.0405882	0.0130821	0.00369418	0.358094	0.0306148	0.0237813	0.0808603	0.0185004	0.00245524	0.027883
7	0.0121024	0.000695827	0.000318565	0.000917917	0.0656536	0.00158913	0.000449899	0.296254	0.000337623	0.371547	0.0510365	0.00293227	0.000770614	0.00286817	0.00124192	0.00513097	0.0117631	0.163506	0.00350797	0.00737629
8	0.161954	0.000801248	0.00148963	0.00520651	0.00767906	0.0234846	0.0211303	0.0121377	0.0150559	0.00861655	0.00216973	0.0039769	0.0316898	0.00262254	0.00113883	0.3508	0.322647	0.0168389	0.00341573	0.00714512
9	0.0119128	0.000775322	0.000297804	0.00095768	0.0571783	0.00180083	0.000388222	0.309657	0.000294275	0.354678	0.0487088	0.00321456	0.000491944	0.00306304	0.000926247	0.0056319	0.013255	0.176555	0.00248101	0.00773123
10	0.0106643	0.000309789	0.00345972	0.00163528	0.366405	0.000733938	0.0238145	0.0168972	0.00369116	0.0354364	0.010324	0.00769938	0.00123038	0.00384415	0.00216504	0.0163449	0.0163224	0.0146966	0.0284301	0.435896
11	0.0413514	0.00155022	0.00207448	0.00338562	0.00182285	0.897346	0.000655175	0.002004	0.000706092	0.000754756	0.000529162	0.0108783	0.00493459	0.00345538	0.002009	0.0144981	0.00946634	0.000597902	0.000160237	0.00181997
12	0.0130929	0.000844193	0.00142952	0.00143283	0.161537	0.00188991	0.00394605	0.163514	0.00133892	0.48547	0.0646341	0.00279375	0.011921	0.00294661	0.00762801	0.00609134	0.00607055	0.0280798	0.009899	0.0254412
13	0.0416933	0.00153845	0.00175989	0.00323952	0.00174058	0.899445	0.000572569	0.00200828	0.00057266	0.000722334	0.000463079	0.0103389	0.00483739	0.00341275	0.00185623	0.0139287	0.00934423	0.000604388	0.000162109	0.00175956
14	0.0229291	0.00179376	0.170965	0.386339	0.00754865	0.0243702	0.0127415	0.0161774	0.0498811	0.0154601	0.00434706	0.0716805	0.0118655	0.0747968	0.00774965	0.0672612	0.0257238	0.019073	0.00122996	0.00806624
15	0.188043	0.00203501	0.00352622	0.00440026	0.00525819	0.175306	0.00495863	0.00752932	0.00425707	0.0199696	0.0172644	0.0271861	0.127467	0.00508769	0.00329001	0.237696	0.0993547	0.0477592	0.00168618	0.0179258
16	0.00209946	0.000300145	0.000468679	0.000524803	0.0286186	0.000530962	0.00067957	0.112762	0.000435595	0.49102	0.310491	0.00083398	0.00126922	0.00477797	0.000501639	0.00549356	0.011574	0.0167529	0.00263145	0.00823419
17	0.00453811	0.0151342	0.00806677	0.00197043	0.113166	0.00225071	0.00369596	0.023472	0.00655887	0.0305337	0.020497	0.00316017	0.00704404	0.00289462	0.0130985	0.0213974	0.00428496	0.0109053	0.584351	0.122981
18	0.528315	0.00300208	0.00139006	0.00151852	0.0127246	0.0442758	0.00141445	0.0126921	0.00133407	0.0101716	0.0119361	0.0219201	0.00642153	0.00826959	0.00113371	0.173327	0.126787	0.0285612	0.0010527	0.00375204
19	0.103347	0.00884488	0.0128425	0.0176026	0.0186444	0.0419534	0.139281	0.00297715	0.154756	0.00379253	0.00205756	0.00304488	0.00132117	0.0332545	0.317947	0.0449352	0.0359972	0.00362434	0.000844472	0.0529326
20	0.0909026	0.00315813	0.159606	0.0396799	0.00706764	0.234491	0.00930962	0.0101309	0.029504	0.0123576	0.00686224	0.0537322	0.0245193	0.0271328	0.0318257	0.161347	0.0719777	0.01283	0.00565296	0.00791192
21	0.114141	0.00744453	0.017791	0.0622896	0.0178731	0.0499917	0.0191037	0.122243	0.0104441	0.0796524	0.0359594	0.070058	0.0101923	0.137911	0.0364367	0.0282916	0.0807429	0.0962313	0.000839527	0.00236294
22	0.190354	0.0161944	0.00718581	0.0191994	0.00455878	0.221292	0.0164818	0.0063838	0.00723977	0.00701275	0.00474544	0.0175299	0.0131175	0.00930509	0.00912497	0.386769	0.0350238	0.00997603	0.00179154	0.0167142
23	0.17414	0.00385845	0.0176495	0.021497	0.0581661	0.00607984	0.0576727	0.00978814	0.00871316	0.0118759	0.0053969	0.0157906	0.00263369	0.019982	0.00364283	0.22882	0.180452	0.112726	0.00385622	0.0572584
24	0.00780656	0.0018223	0.00333437	0.00407255	0.00537215	0.00340552	0.612144	0.00570915	0.00794502	0.00628118	0.00376919	0.0208763	0.00285336	0.213219	0.00872717	0.0111197	0.00851325	0.00653718	0.00187482	0.0646171
25	0.02323	0.000824559	0.00690146	0.00176341	0.00604831	0.00339341	0.00705042	0.00438067	0.00620066	0.0064931	0.00164817	0.0187916	0.810499	0.00281087	0.00141697	0.0480015	0.043558	0.00387375	0.000779474	0.00233442
26	0.0206818	0.00563026	0.00290949	0.00319191	0.245441	0.00657263	0.0128826	0.0354774	0.00351414	0.124645	0.152297	0.0084937	0.00245678	0.0136523	0.00299802	0.0333781	0.0412128	0.180063	0.0117812	0.0927207
27	0.00640397	0.00160626	0.00162075	0.00258696	0.217939	0.00162854	0.041644	0.0218181	0.00139081	0.054141	0.0283648	0.00617308	0.000641416	0.0080961	0.00106857	0.0205944	0.0128262	0.0203203	0.0304298	0.520706
28	0.00209773	0.000300451	0.000470187	0.000524437	0.0284315	0.000525217	0.000675212	0.11254	0.000435604	0.491368	0.310732	0.000830312	0.00127066	0.0047634	0.000496623	0.00547972	0.0115334	0.016681	0.00263057	0.00821356
29	0.0863029	0.128053	0.017551	0.00326463	0.00453557	0.117634	0.00355394	0.0570759	0.0154952	0.0660222	0.0760789	0.0392	0.00244476	0.0599993	0.017684	0.114388	0.0196918	0.140078	0.00191259	0.0290351
30	0.0908486	0.00118	0.192722	0.050607	0.00315991	0.146737	0.00356655	0.00559191	0.0317617	0.00459839	0.00239512	0.0765793	0.0213465	0.0356211	0.0102618	0.214576	0.086856	0.0133486	0.0046431	0.00359997
31	0.0722074	0.00225622	0.0118268	0.00810013	0.0051635	0.486147	0.0213261	0.00598492	0.039742	0.0233929	0.0213673	0.0604974	0.0232564	0.00985206	0.03961	0.102772	0.0498806	0.0072345	0.00250953	0.00687313
32	0.0528091	0.00125643	0.0593301	0.0361882	0.0238898	0.00593593	0.0336909	0.0141128	0.113414	0.0528952	0.0330513	0.245694	0.00172469	0.105751	0.0552979	0.112952	0.0316311	0.00464626	0.0013456	0.0143828
33	0.289126	0.00449013	0.00295543	0.00524193	0.0520709	0.0178504	0.00779807	0.00807761	0.00780395	0.0110007	0.0246853	0.0238998	0.00426575	0.00704407	0.00229295	0.32516	0.138848	0.017786	0.01184	0.0377621
34	0.0222237	0.00587347	0.0124105	0.00825899	0.143615	0.00952718	0.175083	0.0154318	0.0084906	0.0189335	0.00897797	0.186471	0.00539419	0.0517029	0.00926572	0.0379433	0.0894816	0.0498572	0.00477126	0.136287
35	0.0707414	0.0282148	0.0127594	0.010504	0.0253468	0.0757557	0.00697603	0.152417	0.0116146	0.136232	0.0868577	0.0163722	0.00965468	0.0243191	0.00899071	0.07649	0.0537941	0.17649	0.00240797	0.0140616
36	0.0514241	0.00735614	0.0041502	0.00985581	0.0767003	0.0119803	0.0111487	0.137591	0.0036323	0.22149	0.0598628	0.00419551	0.00755346	0.00643595	0.00317352	0.0259972	0.0962733	0.240445	0.00117459	0.0195601
37	0.00505406	0.000880598	0.0011257	0.00112855	0.2604	0.00163269	0.0106519	0.0593336	0.00103525	0.409712	0.089655	0.00389947	0.00226743	0.00524056	0.00188206	0.015431	0.00877313	0.0102514	0.00712617	0.10452
38	0.00530312	0.00128597	0.00105646	0.00108563	0.25883	0.00160334	0.0115327	0.0635429	0.000889208	0.40048	0.0924558	0.00335763	0.00230112	0.00584946	0.00191599	0.015328	0.00975832	0.0125219	0.00815339	0.102749
39	0.0309763	0.00143189	0.00613435	0.00308601	0.103703	0.0114231	0.0655627	0.0375341	0.201991	0.119866	0.0553695	0.0360427	0.00201036	0.0544631	0.126238	0.0166255	0.024293	0.0150768	0.00162282	0.0865501
40	0.0245922	0.00147339	0.0277615	0.00629453	0.00565313	0.014757	0.00945204	0.00468495	0.00439592	0.0181641	0.00359239	0.579808	0.00199021	0.0101033	0.00352082	0.222169	0.0398011	0.0157347	0.00135453	0.00469712
41	0.172632	0.00374912	0.00321338	0.0130097	0.0197879	0.0138728	0.0150534	0.00918004	0.0225511	0.00901193	0.00725049	0.0139176	0.0118104	0.00640909	0.00318451	0.384331	0.22619	0.0244078	0.0117974	0.0286393
42	0.024199	0.00629257	0.0571032	0.0120826	0.025766	0.0122087	0.160893	0.020882	0.0106077	0.0218822	0.0119386	0.15472	0.00842513	0.0344494	0.0507225	0.135333	0.0305471	0.0227875	0.00728814	0.191871
43	0.286878	0.00249269	0.00428703	0.00503411	0.00682696	0.173243	0.00375866	0.00634814	0.00380452	0.01176	0.010357	0.0286332	0.153985	0.00804549	0.0028599	0.209183	0.0322681	0.0382846	0.00158059	0.0103701
44	0.0373151	0.0030235	0.00462955	0.00727327	0.00983254	0.00668955	0.0387265	0.130108	0.0439855	0.103323	0.332671	0.0136766	0.00611433	0.121335	0.00857726	0.0173356	0.0419731	0.0596911	0.00454013	0.00917758
45	0.013914	0.00107269	0.000322338	0.00110284	0.0438139	0.00167112	0.000652965	0.339504	0.000367131	0.314567	0.0476544	0.00339977	0.000419328	0.0037163	0.000711757	0.00792081	0.0157526	0.193283	0.00165474	0.00849941
46	0.0575276	0.00687045	0.00960591	0.0454704	0.0150992	0.0094322	0.00764592	0.0995533	0.0702275	0.0801223	0.0145419	0.0172307	0.00693039	0.0502125	0.0123162	0.101468	0.194347	0.182623	0.00565187	0.0131232
47	0.00672894	0.000338407	0.00224709	0.00235778	0.251028	0.000716076	0.0355115	0.0160106	0.00228058	0.0319584	0.010651	0.00588924	0.000841762	0.00533037	0.00147041	0.0149415	0.0130161	0.015658	0.0320875	0.550937
48	0.0181218	0.00193237	0.00675819	0.00434183	0.0168729	0.00558673	0.110196	0.0769674	0.0949344	0.0561664	0.0322704	0.0708771	0.00325144	0.0866778	0.285661	0.017878	0.0435907	0.0464047	0.00268015	0.0188314
49	0.210386	0.0406601	0.00676238	0.0021679	0.0160975	0.00334507	0.00279241	0.0642796	0.00741643	0.0364643	0.0175748	0.0158665	0.0108015	0.0100069	0.00715562	0.178152	0.262375	0.0933093	0.000969141	0.013418
50	0.00925659	0.00384717	0.00171978	0.00271989	0.00607766	0.00227355	0.00464038	0.499943	0.00190905	0.13119	0.0339315	0.00293047	0.00161807	0.00711783	0.00189826	0.033576	0.126811	0.116898	0.000869381	0.0107723
51	0.0415862	0.00153032	0.0017689	0.00323986	0.00174107	0.898736	0.000621754	0.00200767	0.000620842	0.000738843	0.000484013	0.0104473	0.00486414	0.00339719	0.00190777	0.014314	0.00946147	0.00060591	0.000162896	0.00176415
52	0.0413134	0.00152151	0.00176366	0.00320727	0.00181792	0.896524	0.000716894	0.00200329	0.00093339	0.000964585	0.000592695	0.0110287	0.00501925	0.0034241	0.00210319	0.014693	0.00977101	0.000644148	0.000170911	0.00178745
53	0.016884	0.000465228	0.00079202	0.0046033	0.0171131	0.00666309	0.000990849	0.398207	0.00381941	0.0409641	0.0230406	0.0135926	0.00894858	0.00450344	0.00386297	0.00719945	0.0197915	0.424443	0.00037217	0.00374348
54	0.0167303	0.000889023	0.0015299	0.0017273	0.143018	0.00193694	0.00232335	0.213547	0.00156348	0.475536	0.0412138	0.00350716	0.00892131	0.0034396	0.0058888	0.00562847	0.00607015	0.0505985	0.00757029	0.00836046
55	0.0626141	0.00207285	0.228828	0.196808	0.00990823	0.0178536	0.059091	0.0114605	0.0193625	0.0140111	0.0196046	0.0702973	0.00983462	0.137103	0.0156476	0.051868	0.0316667	0.0285469	0.00159267	0.0118292
56	0.0120923	0.000712819	0.000327898	0.000944256	0.0661644	0.00158498	0.000436654	0.295963	0.000333811	0.372731	0.0501671	0.00291016	0.000876169	0.00287283	0.00131319	0.00510435	0.0116815	0.162919	0.00349475	0.00737049
57	0.0349976	0.00151986	0.00728804	0.00241582	0.510881	0.00269546	0.00839228	0.0150875	0.0349774	0.0287368	0.00882055	0.0241388	0.00263344	0.00476373	0.00347875	0.0170042	0.0375319	0.0260114	0.0149154	0.21371
58	0.0164559	0.000659114	0.000467604	0.00148023	0.0455706	0.00404704	0.000548069	0.364969	0.00115436	0.142452	0.0411477	0.00729897	0.00282888	0.00239741	0.00129917	0.0067421	0.0154462	0.337674	0.000912522	0.0064487
59	0.0248611	0.00656006	0.00161711	0.00363167	0.250045	0.00640992	0.0161417	0.106503	0.00146382	0.198505	0.100913	0.00645239	0.00261856	0.0129409	0.00184921	0.0357641	0.0441105	0.114554	0.013148	0.0519106
60	0.0667485	0.00206738	0.00703072	0.0244295	0.0490057	0.015922	0.00207623	0.0848756	0.00860225	0.272675	0.097567	0.00997899	0.0121781	0.0149688	0.00631008	0.0336868	0.156858	0.131055	0.000681782	0.00328231
61	0.0437677	0.00263046	0.00184633	0.00528083	0.0018909	0.886893	0.000906766	0.00213178	0.000940301	0.000856124	0.000587034	0.0104912	0.00478318	0.00390033	0.00216271	0.0185356	0.00957679	0.000671963	0.000192628	0.00195487
62	0.0294972	0.00323857	0.239127	0.15885	0.0141221	0.038615	0.0233159	0.00431462	0.0513373	0.0129783	0.0057004	0.144501	0.0402099	0.0498979	0.0244582	0.081019	0.0529231	0.00764693	0.0013736	0.0168734
63	0.250463	0.0261667	0.00408659	0.00619396	0.0139303	0.00586214	0.00459371	0.0670379	0.00364465	0.0314823	0.00955076	0.0122838	0.0965258	0.00535024	0.00384485	0.096179	0.0772932	0.269585	0.00171776	0.0142084
64	0.0197802	0.00076381	0.000439013	0.00219795	0.0169666	0.00530516	0.000551046	0.400619	0.00216517	0.0417995	0.0238961	0.00992946	0.00554017	0.00256628	0.00208228	0.007364	0.0208671	0.433146	0.000262138	0.00375842
65	0.040263	0.00123606	0.0347714	0.1203	0.00384434	0.0158032	0.00524161	0.00327436	0.117046	0.0408026	0.00845221	0.0664787	0.00166739	0.275015	0.0569645	0.166786	0.0315838	0.00421411	0.00122481	0.00503032
66	0.033818	0.00128597	0.0479683	0.138692	0.00744787	0.0157338	0.0108124	0.00476697	0.0813465	0.0621859	0.0149205	0.108766	0.00240978	0.229367	0.0556812	0.141605	0.0309981	0.00422905	0.00129159	0.00667398
67	0.0159538	0.00263505	0.00889709	0.00461757	0.211929	0.00313969	0.0322989	0.0331019	0.00584893	0.152631	0.0257924	0.0360182	0.00231985	0.00950552	0.00485436	0.0520932	0.0311931	0.0172868	0.0197098	0.330174
68	0.0115606	0.00350978	0.00492029	0.0213917	0.0298239	0.00300698	0.116442	0.112811	0.00426181	0.178367	0.0286462	0.0485673	0.00203672	0.138883	0.00532045	0.0586551	0.0767784	0.105327	0.0157173	0.0339739
69	0.039822	0.00501826	0.00203953	0.00781697	0.105714	0.00370193	0.0255243	0.167697	0.00126284	0.238459	0.036723	0.00210583	0.00742659	0.0056828	0.0041787	0.0169597	0.0786221	0.197086	0.00184292	0.0523154
70	0.0189016	0.000521447	0.000437979	0.00226023	0.0172683	0.00541056	0.000518949	0.404273	0.00220479	0.0416533	0.0235901	0.00982464	0.00568965	0.00254318	0.00213244	0.00694359	0.0191269	0.432653	0.000264968	0.00378105
71	0.0403602	0.00195477	0.0045083	0.00448574	0.00504076	0.86833	0.00172691	0.00275667	0.00252944	0.0019015	0.00139669	0.0186025	0.00648534	0.00413191	0.00300827	0.0173557	0.0108638	0.00160028	0.000291561	0.00266942
72	0.0194348	0.00127881	0.00671854	0.00283118	0.0998576	0.0232483	0.0537818	0.0308288	0.242933	0.101532	0.0501844	0.057896	0.00221685	0.0367514	0.131694	0.0195814	0.0354763	0.011619	0.00135283	0.0707823
73	0.0766956	0.00460635	0.00736844	0.00902001	0.111959	0.0130988	0.0124801	0.0157281	0.0100251	0.0198565	0.0103817	0.0151919	0.113756	0.0525091	0.00905172	0.178932	0.232649	0.0195422	0.0727425	0.0144063
74	0.221223	0.00520819	0.0261311	0.0315505	0.0707471	0.030422	0.023536	0.0477484	0.0172663	0.0465696	0.0842165	0.0334193	0.0457245	0.0100693	0.0242017	0.0345837	0.0428653	0.141125	0.0116541	0.0517387
75	0.0105091	0.00057295	0.000868931	0.00104934	0.104042	0.00104632	0.0018048	0.141833	0.00100548	0.514116	0.156981	0.00173596	0.00870186	0.00353036	0.00424293	0.00517365	0.00775367	0.0172057	0.00601085	0.011816
76	0.0211976	0.00743456	0.00621923	0.0073154	0.015251	0.008259	0.0641471	0.153091	0.0077184	0.0849865	0.081548	0.0141514	0.203797	0.0703175	0.00652529	0.0248628	0.0588485	0.147983	0.00366525	0.0126818
77	0.198649	0.0154794	0.00259621	0.00671154	0.010314	0.00968261	0.00287421	0.0588722	0.00387661	0.0242203	0.00369279	0.00627949	0.403749	0.00301659	0.00179505	0.108896	0.0270503	0.0992974	0.000941284	0.0120063
78	0.0226697	0.00752038	0.00164618	0.00154965	0.33981	0.00665511	0.0201676	0.0550398	0.00163252	0.15427	0.122948	0.00891453	0.00168097	0.0256062	0.00179687	0.042689	0.0216442	0.048299	0.0187817	0.0966786
79	0.00451082	0.0140481	0.00726942	0.00196998	0.0936246	0.00194861	0.00230607	0.020988	0.00858326	0.0259118	0.0148076	0.00330364	0.0067822	0.002964	0.0112275	0.0249166	0.00404453	0.00826627	0.652853	0.0896739
80	0.406715	0.00195551	0.00450889	0.00166989	0.00312833	0.0543829	0.00567017	0.00855286	0.00460345	0.00370351	0.00274882	0.0114796	0.00210228	0.00697639	0.00156026	0.419724	0.0408365	0.013207	0.000611246	0.00586398
81	0.0174816	0.00619849	0.00298473	0.00268241	0.290368	0.00536598	0.0269377	0.0535011	0.00304388	0.208411	0.115244	0.0101571	0.00109713	0.032924	0.00374719	0.0502016	0.021826	0.0378771	0.0169612	0.0929897
82	0.0416933	0.00153845	0.00175989	0.00323952	0.00174058	0.899445	0.000572569	0.00200828	0.00057266	0.000722334	0.000463079	0.0103389	0.00483739	0.00341275	0.00185623	0.0139287	0.00934423	0.000604388	0.000162109	0.00175956
83	0.0127265	0.000250464	0.00327385	0.000494957	0.688255	0.000550658	0.00252405	0.0120112	0.0032807	0.0313169	0.00767012	0.00203339	0.0023745	0.00265525	0.00183713	0.00610261	0.00679003	0.0112954	0.0201399	0.184417
84	0.00756785	0.00163526	0.00360236	0.00407104	0.00587217	0.00350074	0.616066	0.00574738	0.0082023	0.00655149	0.00375934	0.0227959	0.00286133	0.209808	0.00950763	0.0119303	0.00859677	0.00675032	0.00206193	0.0591114
85	0.0180299	0.00450715	0.00714566	0.0175514	0.0392964	0.0075321	0.115506	0.109695	0.0077308	0.161166	0.0239277	0.0755925	0.00277029	0.131908	0.0125805	0.0513985	0.0611354	0.0950228	0.014158	0.0433457
86	0.0164095	0.650654	0.0023398	0.00240407	0.0147255	0.0344847	0.00294096	0.0040341	0.00262647	0.0162084	0.00320349	0.00433777	0.013517	0.00435378	0.00222496	0.209798	0.00594302	0.00473633	0.00127195	0.0037858
87	0.00663546	0.00743617	0.00219966	0.00800723	0.00285125	0.0070804	0.0103777	0.00262653	0.109616	0.0126531	0.0037565	0.0112142	0.00119342	0.0243747	0.745593	0.0189363	0.00470748	0.00491524	0.00588658	0.00993975
88	0.00519161	0.0103911	0.00731051	0.00223132	0.0995894	0.00241068	0.00270386	0.0221103	0.00590937	0.0277622	0.0151416	0.00314198	0.00663281	0.00361568	0.0196696	0.0228291	0.00452127	0.0129604	0.559026	0.166851
89	0.0256634	0.00302451	0.254909	0.150046	0.0166569	0.0583672	0.0219681	0.00459801	0.0446613	0.013049	0.00418664	0.169045	0.0335458	0.0411689	0.0138166	0.0711091	0.0487496	0.00853107	0.00111664	0.0157876
90	0.126015	0.00305574	0.00616257	0.00548521	0.0708254	0.0536312	0.0233014	0.0440622	0.00782781	0.0533214	0.0134494	0.116853	0.00234094	0.0433746	0.025183	0.1934	0.130141	0.0453236	0.00512796	0.0311194
91	0.0050904	0.000412529	0.752459	0.0364728	0.00106948	0.0259096	0.0154528	0.00787996	0.000956952	0.00598451	0.000781803	0.0842053	0.000689592	0.00967199	0.0133401	0.0195013	0.00326225	0.00303308	0.000343041	0.0134839
92	0.012978	0.000812652	0.000342314	0.00119798	0.061081	0.00154851	0.00118332	0.305047	0.000328956	0.351748	0.0478188	0.00324278	0.000824736	0.00316618	0.00117014	0.00576354	0.0150664	0.173493	0.00254502	0.0106413
93	0.0118545	0.00156438	0.577757	0.0859661	0.00546871	0.0285185	0.0175552	0.00651422	0.0161443	0.0117765	0.00201502	0.113112	0.00935261	0.0197083	0.0131661	0.0425982	0.0184363	0.00424667	0.000482771	0.0137631
94	0.00351179	0.000564128	0.00103196	0.00365118	0.166573	0.00102682	0.0606603	0.011599	0.0010814	0.025827	0.0126556	0.00367072	0.000826236	0.00863833	0.00152841	0.0136665	0.00646769	0.0145838	0.0322683	0.630168
95	0.0648119	0.0047276	0.00971106	0.0429576	0.141448	0.0127121	0.0153205	0.0372237	0.0103124	0.157605	0.23468	0.0184255	0.00826688	0.0591995	0.0118049	0.0379647	0.049207	0.04453	0.0107904	0.0283009
96	0.108144	0.00532295	0.0686614	0.0200287	0.0280543	0.0387434	0.0102587	0.140527	0.0254926	0.12135	0.0659064	0.019749	0.0328844	0.0248129	0.0133271	0.0528112	0.0787233	0.126358	0.00444215	0.0144028
97	0.0138189	0.000557893	0.00442171	0.000803037	0.628945	0.000972042	0.00522629	0.0143493	0.00613786	0.0387071	0.00945437	0.00506459	0.00242195	0.00357937	0.00252303	0.0101366	0.0110535	0.0125904	0.0257728	0.203464
98	0.0485752	0.00799929	0.00846584	0.0648739	0.0236288	0.00862417	0.0151248	0.0243682	0.109658	0.0220206	0.00637698	0.0249604	0.00484534	0.0172685	0.0186173	0.243564	0.230663	0.0869537	0.00994602	0.0234656
99	0.038446	0.00429296	0.00191335	0.00829446	0.102321	0.00370785	0.0234788	0.171968	0.00128632	0.244039	0.0359869	0.00214494	0.00793762	0.00553188	0.00396984	0.0161172	0.0762343	0.201814	0.00133716	0.0491789
100	0.0049896	0.000393159	0.756103	0.035699	0.000984477	0.0258545	0.0154176	0.00792673	0.000668034	0.00595267	0.000771234	0.0832886	0.000527769	0.00947941	0.013209	0.0191602	0.00283572	0.0029302	0.000343505	0.0134652
101	0.01561	0.00177153	0.00842158	0.00263232	0.271909	0.00184927	0.0352288	0.0383669	0.00653738	0.097916	0.0205909	0.0292311	0.00137813	0.00506218	0.00299883	0.0420994	0.0368502	0.0193481	0.0258084	0.33639
102	0.0264505	0.00118171	0.000472318	0.00158158	0.026355	0.00772654	0.000609903	0.364397	0.0015529	0.0335348	0.0330578	0.00722225	0.00392403	0.00208018	0.00159789	0.0100471	0.013654	0.460474	0.000321655	0.00375886
103	0.0161663	0.0148517	0.0030469	0.00369922	0.0200475	0.00378837	0.0234238	0.164435	0.00250648	0.186492	0.0434707	0.00670356	0.265862	0.014286	0.00362034	0.0229856	0.039855	0.151772	0.00146407	0.0115236
104	0.0132116	0.00406286	0.00115725	0.00301588	0.0160787	0.00202024	0.00361611	0.374441	0.0013915	0.266324	0.137915	0.00181209	0.00171358	0.0120966	0.00107978	0.0324842	0.0384944	0.0831814	0.00108271	0.00482195
105	0.0167661	0.00115222	0.000573993	0.00161992	0.0549676	0.00202363	0.00207042	0.267437	0.000470379	0.330495	0.0500419	0.00287051	0.00102208	0.0041287	0.000920039	0.00833129	0.0269996	0.21643	0.00174888	0.00993062
106	0.0182912	0.00211449	0.404736	0.0310261	0.0141071	0.0196455	0.0718044	0.0395133	0.0174501	0.0223096	0.010602	0.0905017	0.00494588	0.0489149	0.0513601	0.0342853	0.0367391	0.0331843	0.00396782	0.0445013
107	0.239291	0.0253413	0.00254681	0.00720388	0.0114864	0.00684518	0.0026457	0.0589789	0.00313152	0.0289058	0.00468344	0.00514968	0.327043	0.00350184	0.00242798	0.102998	0.0383406	0.114756	0.00132376	0.0133986
108	0.481984	0.0275739	0.00280802	0.00302152	0.0500417	0.119839	0.00314955	0.00641708	0.00307306	0.00661256	0.0064562	0.0436489	0.0066667	0.0567704	0.00286564	0.127151	0.0227495	0.0221652	0.00182256	0.00518284
109	0.016931	0.00075429	0.000452455	0.00214444	0.0184041	0.00460484	0.000752914	0.415105	0.00194922	0.0720542	0.0278353	0.00857751	0.00483569	0.003077	0.00188939	0.00865255	0.0193594	0.388245	0.000311621	0.00406406
110	0.124778	0.00362009	0.0890354	0.0722972	0.00242266	0.139233	0.00468506	0.00954645	0.0556864	0.00685616	0.00243787	0.0522507	0.0849428	0.032295	0.0250334	0.210994	0.0631674	0.00628772	0.0119059	0.00252486
111	0.00920169	0.00212786	0.0264396	0.034913	0.021471	0.00396878	0.0210022	0.226504	0.00330457	0.0633281	0.00593106	0.0808306	0.161649	0.00803123	0.0414345	0.0420141	0.0911958	0.131467	0.00203407	0.0231524
112	0.0267167	0.00260084	0.00101878	0.00430223	0.100382	0.00226489	0.0144277	0.229209	0.00115903	0.29155	0.040612	0.00275138	0.0041464	0.00777625	0.00593656	0.00972669	0.0426644	0.15975	0.00280318	0.0502006
113	0.0240118	0.00298956	0.0157547	0.0698403	0.0245778	0.003009	0.0111504	0.152556	0.0196981	0.185309	0.00474896	0.0278385	0.00299402	0.0877616	0.0194442	0.040846	0.0265758	0.231107	0.0164685	0.033318
114	0.0416933	0.00153845	0.00175989	0.00323952	0.00174058	0.899445	0.000572569	0.00200828	0.00057266	0.000722334	0.000463079	0.0103389	0.00483739	0.00341275	0.00185623	0.0139287	0.00934423	0.000604388	0.000162109	0.00175956
115	0.0360125	0.00389791	0.059421	0.143736	0.0136482	0.0122461	0.025348	0.00860135	0.143399	0.016292	0.0251887	0.0798977	0.00620845	0.0879774	0.137105	0.0697174	0.091615	0.0140798	0.0021556	0.023454
116	0.218241	0.00145412	0.0027017	0.00323341	0.0362602	0.0111543	0.0340748	0.0301029	0.00175213	0.0308927	0.00271175	0.0324543	0.00298322	0.00439754	0.00154096	0.0968426	0.112248	0.312502	0.00147833	0.0629744
117	0.0126592	0.00025047	0.00330599	0.000496351	0.688701	0.000552923	0.0025193	0.0119652	0.003275	0.0312157	0.00773325	0.00202933	0.00235636	0.0026513	0.0018409	0.00610305	0.00677467	0.0112586	0.0201565	0.184155
118	0.155124	0.010505	0.0059127	0.00694821	0.0128396	0.0311869	0.00612132	0.0959533	0.00862233	0.032059	0.0115951	0.0118335	0.358384	0.00833292	0.00318422	0.0877225	0.0470716	0.0875264	0.00175454	0.0173231
119	0.0049896	0.000393159	0.756103	0.035699	0.000984477	0.0258545	0.0154176	0.00792673	0.000668034	0.00595267	0.000771234	0.0832886	0.000527769	0.00947941	0.013209	0.0191602	0.00283572	0.0029302	0.000343505	0.0134652
120	0.0126648	0.000254586	0.00341941	0.000510331	0.688258	0.000557421	0.00258217	0.0119223	0.00327543	0.0311225	0.00770317	0.00208414	0.00238417	0.00266393	0.00182832	0.00606829	0.00683877	0.0113551	0.0200851	0.184422
121	0.0402082	0.00277319	0.00415439	0.00863227	0.265751	0.0273451	0.00955327	0.0147097	0.0043457	0.125922	0.0446003	0.0440527	0.00344994	0.0310978	0.0232805	0.154564	0.116795	0.0381393	0.00532132	0.0353042
122	0.0124367	0.000849084	0.000296488	0.000998975	0.0505158	0.00158479	0.000372678	0.321251	0.000317461	0.338765	0.0478951	0.00358355	0.00029895	0.00328144	0.000769721	0.00578976	0.0146889	0.186005	0.00195513	0.00834471
123	0.108302	0.0021521	0.0474281	0.0742884	0.00354002	0.00796154	0.0169913	0.0152223	0.107748	0.0049961	0.00292625	0.100958	0.227557	0.0978729	0.00756353	0.122043	0.0304223	0.016144	0.00184413	0.0040398
124	0.0165188	0.00032673	0.00343796	0.000627202	0.651486	0.00075611	0.00438287	0.0154151	0.00345998	0.0322058	0.00863582	0.0028416	0.00448887	0.00487518	0.00178806	0.00685101	0.00721432	0.016581	0.0174161	0.200691
125	0.013581	0.00142277	0.614833	0.0635834	0.00427734	0.0272679	0.0155623	0.00860452	0.00750339	0.0085381	0.00271182	0.076994	0.00789103	0.0154508	0.0126794	0.0832253	0.0147462	0.00681752	0.00115208	0.0131585
126	0.0416933	0.00153845	0.00175989	0.00323952	0.00174058	0.899445	0.000572569	0.00200828	0.00057266	0.000722334	0.000463079	0.0103389	0.00483739	0.00341275	0.00185623	0.0139287	0.00934423	0.000604388	0.000162109	0.00175956
127	0.0127053	0.000732157	0.000355419	0.000964416	0.0670594	0.00146113	0.00045256	0.286671	0.000354153	0.389146	0.0488446	0.00272639	0.00118862	0.00276079	0.00148491	0.00494645	0.0111419	0.155896	0.00398065	0.00712822
128	0.0067654	0.0189334	0.00715114	0.00251795	0.0782222	0.00278101	0.00355419	0.0255894	0.0142466	0.0254774	0.0134289	0.004311	0.00644821	0.00428735	0.0100728	0.0295874	0.00552153	0.00930409	0.660963	0.0708367
129	0.0127698	0.00485077	0.000857796	0.00381884	0.0298123	0.00172986	0.00282723	0.41144	0.000696473	0.264095	0.0499151	0.00236088	0.00106379	0.00600088	0.000798434	0.0221829	0.0332133	0.143979	0.00133696	0.00625005
130	0.00554514	0.00053864	0.74144	0.0398017	0.00133208	0.0258301	0.0155028	0.00770524	0.00199165	0.00628557	0.000930705	0.0840886	0.00136672	0.0105323	0.013179	0.0223073	0.00433426	0.00303071	0.000410756	0.0138468
131	0.0347542	0.00473765	0.0143619	0.0168922	0.0326468	0.0117516	0.0224156	0.0309853	0.0257594	0.100612	0.295565	0.0678441	0.00650252	0.0780707	0.0630663	0.0430479	0.0374787	0.025066	0.0470319	0.0414102
132	0.0250531	0.00109931	0.0520107	0.00886146	0.00417502	0.0340444	0.0107862	0.0186022	0.00422451	0.0130097	0.002782	0.606414	0.00510935	0.0122075	0.00372363	0.152492	0.0176931	0.018591	0.00268815	0.0064319
133	0.0189351	0.00069501	0.101255	0.549225	0.00176013	0.00421857	0.0021701	0.0260929	0.0590597	0.0168601	0.0015893	0.0324462	0.00103754	0.0806131	0.00177924	0.0618593	0.00804671	0.0296501	0.000795246	0.00191205
134	0.129258	0.00730239	0.00328839	0.00604471	0.0261531	0.00637361	0.00794235	0.0872078	0.00348381	0.103266	0.0271761	0.00567187	0.33267	0.0074652	0.00331271	0.036655	0.0195372	0.131533	0.0017157	0.0539424
135	0.353484	0.00279956	0.0099987	0.00330162	0.00627482	0.0277742	0.0110915	0.00709631	0.0115681	0.004555	0.0035974	0.00941773	0.00153085	0.0113292	0.00189624	0.465708	0.0444508	0.00821572	0.00170228	0.014208
136	0.0235358	0.000629962	0.0308297	0.00138436	0.00213105	0.0138231	0.00870503	0.00234004	0.00123293	0.00777209	0.00156654	0.6549	0.00112143	0.00324477	0.00133885	0.211351	0.0148037	0.0163097	0.000650974	0.00232885
137	0.0184327	0.00312575	0.0358718	0.0823538	0.0680362	0.00768476	0.172049	0.0188778	0.00784529	0.0518516	0.042547	0.0172298	0.00493017	0.217372	0.0386705	0.0235682	0.0511062	0.121632	0.00380953	0.0130058
138	0.029849	0.00196824	0.0085107	0.0048741	0.0825411	0.010141	0.0507442	0.028588	0.173521	0.111708	0.0411169	0.0346151	0.00309374	0.0761637	0.154164	0.0238584	0.0271957	0.0340609	0.00419353	0.0990928
139	0.0049896	0.000393159	0.756103	0.035699	0.000984477	0.0258545	0.0154176	0.00792673	0.000668034	0.00595267	0.000771234	0.0832886	0.000527769	0.00947941	0.013209	0.0191602	0.00283572	0.0029302	0.000343505	0.0134652
140	0.0458905	0.00339207	0.00299638	0.00703072	0.0637468	0.00594586	0.00650443	0.0731384	0.00292177	0.219212	0.0843407	0.00396082	0.0045554	0.00618361	0.00231241	0.024266	0.0925676	0.325649	0.000974122	0.024411
141	0.0247156	0.00315569	0.00652021	0.00720026	0.0120755	0.00967946	0.545128	0.0144505	0.0538689	0.0157094	0.00759414	0.0179335	0.00406056	0.0950996	0.0871081	0.0210141	0.0209551	0.0163037	0.00251569	0.0349116
142	0.0230122	0.000635609	0.0310383	0.00142614	0.00214997	0.0135077	0.00858406	0.0023443	0.00129324	0.00782041	0.00165892	0.652958	0.00114363	0.00311388	0.00144664	0.213754	0.0148477	0.0162247	0.00069237	0.00234835
143	0.00509223	0.000388523	0.000463599	0.000608474	0.0386276	0.000788968	0.000669155	0.169275	0.000427357	0.453828	0.229282	0.00148826	0.00116438	0.00426404	0.000694017	0.00657219	0.0130087	0.0613285	0.00258849	0.00944071
144	0.0213468	0.00141808	0.0190228	0.00299909	0.348404	0.00324822	0.0237823	0.0237855	0.0131003	0.0527095	0.012871	0.0513722	0.00261568	0.00753915	0.00358947	0.0293911	0.0464621	0.0308266	0.0165657	0.28895
145	0.0416794	0.00155346	0.00177281	0.00322393	0.00180287	0.898426	0.000637244	0.00203824	0.000717437	0.000767271	0.000488599	0.0105873	0.00489964	0.00339873	0.00195671	0.0140808	0.00941756	0.000610353	0.000169209	0.00177208
146	0.0131041	0.00348557	0.00657275	0.00262758	0.247511	0.00211371	0.0403434	0.0518126	0.00503132	0.19319	0.0468698	0.0214957	0.00164213	0.00628219	0.00300744	0.0356783	0.0396952	0.0192018	0.0244148	0.235921
147	0.0777737	0.00143392	0.0271098	0.014295	0.0206746	0.0159195	0.0550061	0.0189014	0.0120752	0.115607	0.059266	0.004454	0.00198436	0.0416871	0.00236776	0.396345	0.0864364	0.0239543	0.00107053	0.0236379
148	0.0338781	0.00222705	0.0299391	0.319709	0.00775581	0.00525397	0.12425	0.00655378	0.00483297	0.0130642	0.117452	0.0314834	0.00317204	0.202781	0.00717656	0.0424596	0.0205926	0.0172696	0.00240279	0.00774705
149	0.502615	0.00393704	0.00135875	0.0013481	0.0145051	0.0445765	0.00140139	0.0148363	0.00109309	0.0130703	0.0147812	0.0197334	0.00480363	0.00968773	0.00107769	0.185955	0.127287	0.0324833	0.00117518	0.00427408
150	0.0540084	0.0030145	0.0344009	0.104922	0.00926528	0.00893739	0.0185023	0.024022	0.153033	0.0215531	0.028236	0.0567633	0.0152244	0.0783609	0.146136	0.0749721	0.126126	0.0200797	0.00321639	0.0192265
151	0.0218506	0.00425445	0.00680609	0.0116035	0.0143545	0.00709302	0.0312604	0.0142097	0.129763	0.0670216	0.0161707	0.0256791	0.00260265	0.0895676	0.463451	0.0272326	0.0196201	0.0195107	0.00452348	0.0234253
152	0.152152	0.00115726	0.00179106	0.00501179	0.0139271	0.0299186	0.0164846	0.0174707	0.012475	0.00871672	0.00305299	0.00513253	0.0700285	0.00437647	0.00148634	0.348884	0.279926	0.016665	0.00425035	0.00709356
153	0.0184768	0.008373	0.000850823	0.00115516	0.360199	0.00713962	0.0200387	0.0521469	0.000862175	0.157055	0.135731	0.00888955	0.000633475	0.0186016	0.00117829	0.0454677	0.0227066	0.0468801	0.0218607	0.0717539
154	0.0121454	0.00598398	0.000878185	0.00266185	0.0055785	0.00121406	0.00473109	0.541253	0.00101871	0.146952	0.0575651	0.00146596	0.000866823	0.010981	0.000829364	0.0445132	0.0509479	0.106014	0.000433965	0.00396556
155	0.0124243	0.000843333	0.000294944	0.00100879	0.0528286	0.00157437	0.000382561	0.313487	0.000300848	0.351997	0.0477568	0.00322368	0.000445931	0.00319758	0.000924886	0.00566122	0.0139365	0.179006	0.00232088	0.00838504
156	0.11843	0.0018242	0.00291994	0.0149976	0.00711336	0.0165533	0.0145959	0.007649	0.0127616	0.00680186	0.00219731	0.014389	0.0159641	0.00581475	0.00148403	0.455545	0.276786	0.0117724	0.0037136	0.00868653
157	0.00357665	0.00648979	0.00139442	0.007358	0.00219847	0.00755016	0.00882991	0.00232468	0.09668	0.0113326	0.00181055	0.00823389	0.00112439	0.0132394	0.789982	0.0165747	0.00363436	0.00262192	0.0064554	0.00858891
158	0.321756	0.0026012	0.00518381	0.0032432	0.00413649	0.0499962	0.00703751	0.00785853	0.00625622	0.00422817	0.00319728	0.0100319	0.00589507	0.00673346	0.00186319	0.493852	0.0466062	0.0101778	0.00115014	0.00819556
159	0.0265915	0.00274271	0.029857	0.039018	0.00559823	0.00497573	0.00657921	0.00512033	0.0059938	0.00798017	0.00316227	0.144099	0.00325036	0.0417011	0.00256233	0.308028	0.348738	0.0058886	0.00208168	0.00603224
160	0.0154972	0.000277858	0.00450598	0.000679217	0.57787	0.000613597	0.0063807	0.0172451	0.00512731	0.0366504	0.00942437	0.0073067	0.00204575	0.00226998	0.00303123	0.0134152	0.0165016	0.0130013	0.0224051	0.245752
161	0.251148	0.0133469	0.00389279	0.0118943	0.0172568	0.00435674	0.00288722	0.0418131	0.00236377	0.0401224	0.00423877	0.00637518	0.27675	0.00306911	0.00177585	0.118589	0.0252793	0.154559	0.00109195	0.019189
162	0.0396091	0.00149719	0.00176893	0.00304624	0.00180321	0.890809	0.000997014	0.00194602	0.00139747	0.00116981	0.000840791	0.0116251	0.00497828	0.00328186	0.00265079	0.0192246	0.0106494	0.000719931	0.000169132	0.00181616
163	0.0780362	0.00127835	0.0287234	0.0115756	0.0209943	0.0123214	0.0713394	0.0249746	0.00983894	0.108721	0.0553085	0.00465719	0.00215695	0.0450531	0.00199783	0.390769	0.0873339	0.0241588	0.00114807	0.019614
164	0.0419409	0.00161163	0.00176555	0.00345893	0.00174087	0.898201	0.000601177	0.00200346	0.00059276	0.000748233	0.000456333	0.0103346	0.00482248	0.00353024	0.00185359	0.0144225	0.00936178	0.000617517	0.000164132	0.00177247
165	0.069267	0.00159144	0.00426416	0.00251335	0.0186205	0.00254535	0.0631549	0.00988927	0.211137	0.0388052	0.0379073	0.0310105	0.00178623	0.16847	0.192758	0.0476318	0.0195789	0.0460941	0.00139705	0.0315788
166	0.00289346	0.00043492	0.000865083	0.00343029	0.174103	0.000854046	0.0537766	0.0117232	0.00081389	0.0261086	0.0106319	0.00279535	0.000616769	0.00790111	0.000825322	0.0129051	0.00580144	0.0145227	0.0316406	0.637357
167	0.519794	0.00295517	0.0013008	0.00143937	0.012946	0.048384	0.00130759	0.013554	0.00107282	0.0108029	0.0124494	0.0203872	0.00540786	0.00845672	0.00105064	0.174082	0.128402	0.031708	0.00102797	0.00347256
168	0.459509	0.0232974	0.00307243	0.00320118	0.051383	0.124396	0.00355884	0.00655269	0.00361037	0.00654472	0.00563122	0.0482208	0.00790559	0.0685253	0.00306935	0.136803	0.0177	0.0198055	0.00170963	0.00550328
169	0.02034	0.00179181	0.00815247	0.00787695	0.0223602	0.00635487	0.178018	0.0655076	0.101835	0.0614373	0.0285021	0.0511247	0.00376572	0.0864381	0.213716	0.0200398	0.0475833	0.0490978	0.00275986	0.0232985
170	0.00598986	0.0142236	0.00720435	0.00277609	0.0797348	0.00254966	0.00355784	0.0215631	0.00979069	0.0288887	0.0133415	0.00418858	0.00639493	0.00364272	0.00994643	0.0313718	0.0050738	0.00877469	0.669196	0.0717911
171	0.0554256	0.00206335	0.00532357	0.0422776	0.0831495	0.0126922	0.00356198	0.0432289	0.00742628	0.254693	0.0702416	0.0242417	0.00757898	0.0146093	0.00817168	0.0705934	0.192095	0.0933795	0.00186873	0.00737777
172	0.0416933	0.00153845	0.00175989	0.00323952	0.00174058	0.899445	0.000572569	0.00200828	0.00057266	0.000722334	0.000463079	0.0103389	0.00483739	0.00341275	0.00185623	0.0139287	0.00934423	0.000604388	0.000162109	0.00175956
173	0.00792999	0.00121177	0.717499	0.034321	0.00215531	0.0303765	0.0162443	0.0127412	0.00191178	0.0125249	0.00250292	0.0786454	0.00193386	0.0110398	0.0171769	0.0218534	0.00511718	0.00527811	0.000859861	0.0186768
174	0.0736419	0.00232299	0.0431091	0.00441672	0.0169253	0.0554446	0.0290867	0.127238	0.00620121	0.0467039	0.0123401	0.373801	0.00510162	0.0371964	0.0120549	0.0252293	0.0165406	0.0689143	0.0237157	0.0200156
175	0.00592095	0.0108225	0.0105044	0.00171361	0.153232	0.00186922	0.00504672	0.0207787	0.00676289	0.0326332	0.0158016	0.00418563	0.00935775	0.0030401	0.0112816	0.02106	0.00612501	0.0102115	0.522549	0.147104
176	0.0266143	0.00331712	0.257186	0.167814	0.015012	0.0395802	0.0276361	0.00432393	0.0452302	0.0128482	0.00475072	0.141978	0.0305943	0.0439648	0.0134173	0.0833484	0.0555216	0.00700357	0.000934429	0.0189247
177	0.0265973	0.00219428	0.0642864	0.0394834	0.0596905	0.0222287	0.198114	0.0256699	0.00377013	0.00796616	0.0045378	0.137308	0.0200342	0.18295	0.00696596	0.112819	0.00956058	0.00866814	0.0189803	0.0481748
178	0.00185709	0.000350544	0.000633361	0.000637261	0.017406	0.000645643	0.000777448	0.0900273	0.00045842	0.513764	0.329194	0.00101515	0.000808022	0.00509611	0.000614316	0.00472443	0.00954068	0.0126949	0.00192397	0.00783145
179	0.104176	0.0091058	0.0130502	0.0176433	0.0183705	0.0420434	0.138103	0.00291329	0.154248	0.00377268	0.00208911	0.00303464	0.00128019	0.0343946	0.316027	0.0439203	0.0357614	0.00344515	0.000848594	0.0557737
180	0.0321603	0.00173165	0.0327119	0.0154098	0.0481906	0.00287179	0.0300988	0.0178826	0.0151889	0.146745	0.058743	0.0307619	0.00285351	0.0651802	0.0491555	0.0817948	0.0839313	0.0176968	0.0614017	0.205489
181	0.138837	0.00102312	0.00147679	0.00679652	0.00720201	0.0218716	0.0153062	0.0093844	0.0117962	0.00726976	0.00243109	0.0044887	0.0223992	0.00265817	0.00113034	0.451196	0.270828	0.0126268	0.003619	0.00765968
182	0.0189493	0.000530424	0.000440323	0.0022517	0.0176796	0.00544908	0.000516837	0.403084	0.00220798	0.04135	0.0238266	0.00978636	0.00580235	0.002496	0.00212259	0.00701449	0.0188034	0.433649	0.00027082	0.00376954
183	0.11913	0.00236376	0.00486044	0.00466151	0.0064711	0.033827	0.00488305	0.223341	0.0418531	0.00942709	0.00550458	0.0249371	0.0768838	0.00691786	0.00389142	0.257742	0.0693164	0.0769867	0.00218346	0.0248181
184	0.143728	0.0100603	0.0455295	0.165199	0.00279313	0.271863	0.0125319	0.00505655	0.0255851	0.00392294	0.00241329	0.0244489	0.00673142	0.0604977	0.00424518	0.176886	0.0277452	0.00457713	0.00243058	0.00375479
185	0.0121027	0.00612518	0.000862322	0.00259272	0.00592111	0.00119212	0.00462779	0.538811	0.00097839	0.148521	0.0583312	0.00142696	0.000822593	0.0107303	0.000810894	0.0439655	0.0504491	0.107278	0.000425332	0.0040252
186	0.00209841	0.000300356	0.000470134	0.000543219	0.0286389	0.000531267	0.000695735	0.112919	0.000435459	0.490796	0.310395	0.000834773	0.00127015	0.00480043	0.000501523	0.00554788	0.0115778	0.0167859	0.00263057	0.00822671
187	0.0392363	0.00112844	0.0474065	0.128536	0.00770392	0.0181648	0.0107455	0.00492409	0.0793246	0.0607142	0.0194652	0.109001	0.00172446	0.199389	0.0546659	0.174315	0.0319927	0.00389651	0.00124401	0.0064213
188	0.0243535	0.00661618	0.00244972	0.00247154	0.34924	0.0074847	0.0179372	0.0390217	0.00269155	0.131335	0.149582	0.0106824	0.00133491	0.0164082	0.00192818	0.058264	0.0211203	0.0392952	0.0162386	0.101545
189	0.0294293	0.00281599	0.00522944	0.00509717	0.00668637	0.13851	0.0253271	0.00727296	0.00407217	0.00850039	0.00561021	0.370901	0.00323752	0.152809	0.00447802	0.202084	0.00988227	0.00928107	0.00220472	0.00657117
190	0.00209699	0.000300145	0.000468917	0.000524769	0.0285761	0.000530961	0.000679611	0.112661	0.000435572	0.491131	0.310558	0.0008347	0.00127047	0.00478593	0.000501737	0.00549034	0.0115595	0.0167363	0.00263526	0.00822226
