203	20
1	0.00461358	0.00366925	0.000431075	0.000469458	0.00314045	0.00191051	0.000456436	0.491672	0.000580038	0.0729376	0.008674	0.000540931	0.000206463	0.000510595	0.000490083	0.00151958	0.00264123	0.402511	0.000128637	0.00289721
2	0.00682124	0.00252043	0.0057509	0.00371818	0.0902327	0.00207446	0.00218299	0.0317275	0.00368152	0.626652	0.146586	0.00425609	0.000667107	0.0025564	0.00321856	0.0126056	0.0317708	0.012916	0.00295692	0.00710445
3	0.00493716	0.00361799	0.000404733	0.000425473	0.00242216	0.0019355	0.000474267	0.498034	0.000528744	0.0649883	0.0041539	0.000488798	0.000205913	0.000478483	0.000480446	0.00151865	0.00148891	0.411639	0.000108104	0.00166922
4	0.0465513	0.00522989	0.00383328	0.00692849	0.00427035	0.0147323	0.00287962	0.0876758	0.0123406	0.0210072	0.0102119	0.00484862	0.00658194	0.00670105	0.0102811	0.125405	0.529622	0.0957709	0.000659524	0.00446939
5	0.0280459	0.00457597	0.0488209	0.0172604	0.00221204	0.786599	0.00270765	0.00493889	0.0144734	0.00529594	0.00489337	0.0209389	0.00247596	0.00490044	0.00746171	0.0301836	0.00666481	0.00409565	0.000677166	0.00277817
6	0.214032	0.119179	0.00350682	0.00348809	0.00345082	0.282968	0.00675947	0.0271249	0.00440572	0.00949423	0.0135573	0.0136734	0.00128805	0.00480087	0.00314923	0.20715	0.0401194	0.0373355	0.000348269	0.00416883
7	0.260506	0.15377	0.00526327	0.00725803	0.0129749	0.0322291	0.00764553	0.051121	0.00987045	0.0450877	0.0234181	0.0150297	0.00634245	0.00797235	0.00749431	0.157469	0.111645	0.0721836	0.00147659	0.0112418
8	0.0270166	0.00632246	0.0462128	0.016424	0.00433893	0.778248	0.00354136	0.00703981	0.0147321	0.00668227	0.00549751	0.0189872	0.00452072	0.00469735	0.00668876	0.0300782	0.0079697	0.00697722	0.000514345	0.00351063
9	0.00516083	0.00116709	0.00799867	0.00168878	0.00169049	0.0119734	0.0013742	0.00541534	0.010313	0.00706848	0.00281865	0.0074645	0.00513137	0.00148132	0.00878309	0.283699	0.627863	0.00685242	0.000467014	0.00158988
10	0.0156645	0.00603993	0.00931162	0.0122856	0.141707	0.00150535	0.00255387	0.131767	0.0092585	0.403082	0.107905	0.0052517	0.00131039	0.00899407	0.0101326	0.00915007	0.0181897	0.0706836	0.0208756	0.0143327
11	0.0213266	0.00478896	0.0524663	0.0166617	0.00385652	0.782441	0.00295166	0.00639159	0.0158516	0.00622891	0.00455944	0.0213478	0.00271945	0.00451367	0.00756555	0.0290331	0.00715716	0.00550856	0.000635087	0.00399511
12	0.0173055	0.00559095	0.03156	0.0166128	0.0205761	0.00785443	0.0672342	0.00263429	0.351023	0.00712002	0.00528486	0.0547422	0.000457416	0.0640246	0.215237	0.0565858	0.0297259	0.0021886	0.000250907	0.0439912
13	0.25471	0.00281104	0.00326196	0.0631094	0.00400888	0.0291403	0.0830359	0.00819975	0.0485712	0.00855548	0.0256948	0.00465513	0.00208303	0.0855021	0.135323	0.0380364	0.148808	0.0279152	0.00110322	0.025476
14	0.0240517	0.0483279	0.00277594	0.00415793	0.192767	0.0047384	0.00342271	0.112986	0.0102925	0.347683	0.0674248	0.00475346	0.00136124	0.0126448	0.0219722	0.0111993	0.012571	0.069413	0.00396293	0.0434937
15	0.0917681	0.00127871	0.00082965	0.00230451	0.00542678	0.00581051	0.00380646	0.280378	0.00168187	0.0420608	0.0158139	0.00129076	0.000396219	0.0111268	0.00159434	0.0232515	0.115958	0.393181	0.000291042	0.00175166
16	0.0407436	0.00959303	0.00580918	0.00922899	0.000893634	0.0275829	0.031754	0.00229877	0.44347	0.0091406	0.00332609	0.0449913	0.000405395	0.0479583	0.260242	0.0292056	0.0232063	0.00165696	0.000156942	0.00833649
17	0.0373579	0.00078559	0.0251599	0.235756	0.0012683	0.0112552	0.036851	0.001946	0.270348	0.0128315	0.00611103	0.0113941	0.00536717	0.0942642	0.114202	0.0693783	0.0515656	0.0126561	0.000324855	0.00117624
18	0.00355758	0.00238172	0.000382699	0.000439022	0.00318402	0.00238705	0.000385987	0.566318	0.000492116	0.0824064	0.00550595	0.000467648	0.00020095	0.000463464	0.000391597	0.000916638	0.0015811	0.326551	0.000119517	0.00186789
19	0.0313439	0.00471188	0.00564095	0.0122365	0.00707931	0.00427133	0.00474765	0.277898	0.0566308	0.0230071	0.0131246	0.0068204	0.00208786	0.00836196	0.17185	0.0159504	0.0561154	0.266168	0.00124373	0.0307101
20	0.00355758	0.00238172	0.000382699	0.000439022	0.00318402	0.00238705	0.000385987	0.566318	0.000492116	0.0824064	0.00550595	0.000467648	0.00020095	0.000463464	0.000391597	0.000916638	0.0015811	0.326551	0.000119517	0.00186789
21	0.00178523	0.00498016	0.000621879	0.000878421	0.745687	0.00126066	0.000777038	0.0139437	0.0009642	0.0632753	0.0148368	0.000868263	0.00045804	0.00117036	0.00160355	0.00544319	0.00168087	0.00213902	0.0190364	0.11859
22	0.0561555	0.0128573	0.177564	0.0680931	0.0181512	0.0442972	0.0332882	0.0255642	0.0443665	0.0269095	0.0199	0.0806113	0.0200693	0.03075	0.0331986	0.182021	0.0778328	0.0239901	0.00421141	0.0201687
23	0.0355126	0.00811075	0.0181061	0.0387687	0.0162505	0.0127579	0.0178496	0.0720145	0.168189	0.0349621	0.0208423	0.102443	0.00385374	0.0331328	0.297784	0.0485799	0.0310554	0.0239593	0.00250809	0.0133191
24	0.0511501	0.00495346	0.169677	0.0320373	0.00524647	0.388563	0.0186252	0.0110775	0.0214779	0.00807806	0.00566936	0.138574	0.0044819	0.0167987	0.011197	0.0805334	0.0134952	0.00830793	0.000904326	0.0091518
25	0.0172973	0.00221169	0.185847	0.554053	0.00258679	0.0179952	0.0171596	0.00526026	0.0173832	0.00576577	0.00679326	0.0372866	0.0103649	0.0640486	0.0128839	0.0158917	0.0154142	0.00637032	0.00180826	0.00357838
26	0.0764886	0.00278649	0.00336597	0.0043251	0.199792	0.00521106	0.114057	0.00919193	0.0337164	0.0982042	0.0492553	0.0336703	0.00166303	0.0590769	0.00526652	0.100187	0.0511965	0.00823665	0.0409068	0.103402
27	0.087076	0.00493844	0.0122282	0.103542	0.0229968	0.0236521	0.01413	0.0336052	0.232681	0.0771506	0.0236774	0.00827415	0.0245016	0.037951	0.11179	0.0650018	0.0356511	0.0490835	0.000786743	0.0312819
28	0.0500118	0.0118378	0.0119799	0.0228829	0.0518167	0.015828	0.015567	0.0915455	0.0392424	0.271911	0.110047	0.0129231	0.0184241	0.104245	0.0284317	0.0319473	0.0364546	0.0506038	0.00505304	0.0192478
29	0.042508	0.00451244	0.00720551	0.0727296	0.0336148	0.00954518	0.00874299	0.0170091	0.128674	0.0406427	0.0153964	0.0516958	0.00550419	0.0123236	0.40832	0.0737387	0.0414173	0.0128995	0.00165936	0.0118608
30	0.00200302	0.00533403	0.000633453	0.000909292	0.744154	0.00121195	0.000825219	0.013734	0.000988683	0.0605318	0.0140201	0.000932187	0.000395414	0.00120904	0.00165572	0.00596733	0.00184391	0.00209946	0.0215326	0.120019
31	0.0121368	0.0405795	0.00680258	0.00619196	0.34535	0.00564038	0.00577692	0.0967774	0.0065892	0.158877	0.0456469	0.00731154	0.00170855	0.025992	0.0482655	0.0120478	0.0117817	0.0577411	0.00455501	0.100228
32	0.0130948	0.00456368	0.000562901	0.00457383	0.0435551	0.00107696	0.00223415	0.296216	0.0125062	0.391659	0.0622764	0.00226035	0.00221373	0.005176	0.00984725	0.00695	0.0300978	0.101479	0.00507147	0.0045855
33	0.083195	0.0131061	0.0368724	0.0197542	0.00401373	0.689289	0.00637389	0.007569	0.0169428	0.00900062	0.0122727	0.0215623	0.00420758	0.00954533	0.00770523	0.0335673	0.0101019	0.00909818	0.000695454	0.00512767
34	0.0100876	0.00213439	0.631125	0.0752356	0.00245012	0.00880695	0.0512559	0.00726266	0.00820531	0.0104167	0.00417451	0.084475	0.0031029	0.0278766	0.00740841	0.0134222	0.0309822	0.0181509	0.000909872	0.00251653
35	0.00820232	0.00800448	0.000513877	0.000697313	0.0013814	0.00099632	0.000589809	0.305765	0.000729981	0.0257489	0.00226387	0.000640262	0.000235194	0.000643458	0.000657023	0.00322318	0.00229743	0.635981	0.000147147	0.00128144
36	0.0464089	0.00995105	0.0173845	0.0344882	0.0195262	0.020041	0.0202628	0.0416689	0.188695	0.0348789	0.0211893	0.046372	0.00889809	0.0323572	0.311261	0.0457736	0.0444798	0.0360731	0.00262146	0.0176692
37	0.00200522	0.000784833	0.713211	0.0599697	0.000996502	0.0016679	0.0563871	0.00196295	0.00108699	0.00660605	0.00136936	0.0734188	0.000646938	0.0236024	0.00101013	0.0071724	0.029891	0.0169411	0.000270548	0.000999317
38	0.0467672	0.00144278	0.00280394	0.0966194	0.0453861	0.0309284	0.0116827	0.0314112	0.249673	0.0871175	0.0255347	0.00310069	0.041825	0.0150247	0.142355	0.0623651	0.00683608	0.0301958	0.000698098	0.0682327
39	0.0174975	0.00161755	0.148728	0.0396184	0.0022781	0.666434	0.0017441	0.00444032	0.0253546	0.00459323	0.00291593	0.0428812	0.000907832	0.00212288	0.0123399	0.0150256	0.00487467	0.00388982	0.000513896	0.00222273
40	0.00910661	0.00947892	0.000512969	0.000594821	0.00136244	0.000648908	0.000577482	0.229309	0.000687288	0.0145775	0.00187112	0.000630085	0.00026524	0.000602076	0.000681588	0.00384116	0.00291593	0.721159	0.000134441	0.00104394
41	0.00202184	0.000784961	0.713204	0.0600476	0.000995977	0.00165258	0.0567904	0.00191445	0.00108855	0.00652157	0.00138244	0.0733267	0.000648897	0.0234996	0.00103746	0.00719731	0.0297728	0.016848	0.000270388	0.000994609
42	0.00480338	0.0124093	0.00170469	0.00245331	0.15805	0.00282677	0.0128039	0.259277	0.00231811	0.0308537	0.00385958	0.00268715	0.000883984	0.00261191	0.00291259	0.0047294	0.0151925	0.10675	0.000532011	0.372341
43	0.00904594	0.00948197	0.000511699	0.000596892	0.00139175	0.00064803	0.000560053	0.227148	0.000687987	0.0146675	0.00188147	0.000630128	0.000266234	0.000601175	0.000671979	0.0038083	0.00295559	0.723282	0.000132314	0.00103029
44	0.00776272	0.00872255	0.00446131	0.00945483	0.190475	0.00432791	0.00930609	0.218037	0.00564686	0.0230787	0.00584401	0.00514875	0.00157387	0.00398812	0.00605286	0.00766351	0.0153653	0.247143	0.00101961	0.224929
45	0.157444	0.00618126	0.0545378	0.0133351	0.00419159	0.0451841	0.108275	0.0223623	0.0201472	0.0085204	0.00561304	0.290242	0.00231353	0.032399	0.0091577	0.178969	0.0111804	0.00747882	0.001648	0.0208194
46	0.535619	0.017854	0.00422185	0.00579055	0.0128661	0.00816051	0.00588757	0.0256699	0.0123324	0.0929288	0.0132678	0.00866549	0.00384876	0.00877356	0.00662186	0.04247	0.129937	0.0562687	0.00152125	0.00729563
47	0.518732	0.0400704	0.0101321	0.0137442	0.0131971	0.0240671	0.0102158	0.0289375	0.0168654	0.0203218	0.0180172	0.0247064	0.0103516	0.0185241	0.0112735	0.098607	0.0561641	0.0558873	0.00154597	0.00863922
48	0.471824	0.0578688	0.00782181	0.0133696	0.0082649	0.0274911	0.00924396	0.0294885	0.011523	0.0153299	0.0166884	0.0260683	0.00662039	0.0181438	0.00925209	0.169576	0.0460094	0.0473753	0.00120343	0.00683745
49	0.0133257	0.00416928	0.00542981	0.00411795	0.0778247	0.0057551	0.00308684	0.0581325	0.00469806	0.517668	0.201949	0.00416261	0.00106628	0.00317041	0.00354323	0.023047	0.0423315	0.0150474	0.00330764	0.00816675
50	0.0395827	0.0113816	0.0225198	0.0424052	0.0119574	0.020427	0.0315084	0.0254319	0.348321	0.0274259	0.0176176	0.0432408	0.00687366	0.0475558	0.182215	0.0441704	0.0355307	0.0201736	0.00199389	0.0196675
51	0.0232081	0.00727219	0.00822569	0.0103619	0.0117059	0.0121583	0.48276	0.163025	0.0129969	0.0188757	0.0157983	0.00918886	0.00360127	0.13946	0.0111658	0.0207474	0.0190512	0.0171165	0.00249245	0.0107886
52	0.0123994	0.00634771	0.000967616	0.00108653	0.00455723	0.00174262	0.00109945	0.335349	0.00104787	0.0461281	0.0104523	0.000976697	0.000313904	0.00169781	0.000864761	0.00415147	0.011875	0.555838	0.000166795	0.00293801
53	0.0537223	0.00462066	0.144192	0.0991906	0.00694671	0.0814152	0.0788719	0.0463123	0.0108967	0.0139747	0.00982636	0.0110398	0.329209	0.00788141	0.00834381	0.0256501	0.0460137	0.0133384	0.00136044	0.0071939
54	0.158937	0.00647821	0.00275238	0.0150074	0.00573916	0.00962838	0.00321527	0.191796	0.0100267	0.0473208	0.0125445	0.00348878	0.00198819	0.00743051	0.0271551	0.115365	0.247134	0.125947	0.00104538	0.0070003
55	0.19028	0.322337	0.00361056	0.00358424	0.00483432	0.0512146	0.00777639	0.0347698	0.00423681	0.0147535	0.0107441	0.0135706	0.0021204	0.0044146	0.00418174	0.211528	0.0621293	0.0472228	0.00112287	0.00556895
56	0.0246913	0.00343524	0.0772211	0.595319	0.00597643	0.0118809	0.0162845	0.0116011	0.0398888	0.016197	0.0102621	0.026642	0.0148601	0.0566461	0.0232261	0.0253933	0.02254	0.0103611	0.00211837	0.0054556
57	0.0125698	0.00477242	0.0702123	0.0551198	0.109497	0.00547438	0.0463499	0.080433	0.0711391	0.0495063	0.0216475	0.0370923	0.00342865	0.0169494	0.074259	0.0314075	0.0308067	0.0754415	0.0012294	0.202664
58	0.0384621	0.00321851	0.00577512	0.00556484	0.277335	0.00537785	0.221345	0.00803179	0.0145873	0.0271752	0.017661	0.040439	0.00175427	0.0574257	0.0109116	0.0642108	0.0344685	0.00834733	0.0106222	0.147287
59	0.0611524	0.00913514	0.0401353	0.0503552	0.0109862	0.024443	0.0207843	0.0272022	0.0552248	0.0250685	0.0372879	0.0133457	0.458546	0.0151201	0.0138238	0.0615534	0.0439693	0.0207306	0.0013139	0.00982228
60	0.00487549	0.00210089	0.039361	0.0195633	0.235152	0.00217327	0.00159502	0.0932687	0.00271876	0.178951	0.159292	0.020405	0.000735362	0.00228069	0.00234893	0.0294525	0.0725814	0.0580677	0.0235481	0.0515283
61	0.00777802	0.00154329	0.110428	0.669029	0.00222173	0.0114927	0.00763035	0.0041158	0.00737792	0.00400072	0.00884915	0.0175823	0.00142203	0.121902	0.00216234	0.00983591	0.00593905	0.00333826	0.00140471	0.00194635
62	0.685543	0.0259218	0.001115	0.00140233	0.0153371	0.00287528	0.00108722	0.0202063	0.0111415	0.011111	0.00229524	0.00617875	0.00160654	0.00625594	0.00171668	0.0589332	0.0617897	0.0837842	0.0003811	0.00131778
63	0.00712403	0.00684984	0.000517522	0.000670094	0.0153536	0.00147062	0.000694428	0.413758	0.00173404	0.142079	0.0767259	0.000873524	0.000757409	0.00117639	0.00170409	0.00337205	0.0246297	0.295815	0.000211027	0.00448311
64	0.0299943	0.00881697	0.0069649	0.00587629	0.00072483	0.0141712	0.0335109	0.00190337	0.444233	0.010215	0.00296898	0.0467244	0.000258834	0.0544341	0.270141	0.032907	0.0244049	0.00140748	0.000141554	0.0102006
65	0.0799581	0.0163811	0.0128191	0.0120926	0.0165284	0.0195066	0.00747076	0.121056	0.0153555	0.0489602	0.0217658	0.00929947	0.00809082	0.0109862	0.0150988	0.0805427	0.320345	0.16981	0.00109348	0.012839
66	0.0932389	0.0154067	0.0841028	0.0478717	0.0127645	0.0606959	0.0362332	0.0331027	0.0437627	0.0270903	0.0197967	0.256287	0.00959873	0.0333586	0.0472972	0.0983587	0.0341034	0.02499	0.00327958	0.0186602
67	0.00789178	0.00620683	0.000420268	0.000458702	0.00164135	0.00126151	0.00056155	0.366484	0.000647773	0.0365327	0.002642	0.000601868	0.00020943	0.00051424	0.000529701	0.0027158	0.00191418	0.567269	0.000123038	0.00137512
68	0.0171466	0.00186115	0.0696327	0.0352225	0.00229392	0.0143045	0.0671008	0.158299	0.00233421	0.186155	0.0986125	0.0958531	0.00127275	0.0143508	0.00264143	0.0164141	0.0637036	0.0842542	0.000583033	0.0679633
69	0.0316004	0.00466684	0.0476061	0.0170898	0.00364584	0.753099	0.00352718	0.00843344	0.016149	0.00860629	0.00746407	0.0205716	0.00423241	0.00619593	0.00788396	0.0327605	0.0141896	0.00746096	0.000825516	0.00399129
70	0.0864205	0.00591229	0.00460518	0.0047947	0.00500907	0.0938285	0.00394289	0.0174656	0.00644004	0.009639	0.0314994	0.00807874	0.0551276	0.00677561	0.0190948	0.187072	0.406201	0.0422155	0.00121186	0.00466538
71	0.0362556	0.00238204	0.182489	0.29157	0.0012851	0.0199589	0.0304647	0.00406524	0.044073	0.00532951	0.0179841	0.0864896	0.00380469	0.161111	0.0316189	0.0349984	0.0331677	0.00249283	0.00932154	0.00113804
72	0.122354	0.0156586	0.040442	0.0149007	0.00974778	0.0926774	0.0717253	0.0222538	0.0239721	0.0142791	0.0107005	0.287114	0.00604784	0.031603	0.0175066	0.16373	0.019604	0.0117696	0.00182383	0.0220896
73	0.00812883	0.00876555	0.000512221	0.000734361	0.0113534	0.000898268	0.000644305	0.2944	0.00140372	0.107273	0.0642832	0.00080847	0.00061896	0.00115894	0.00146512	0.00338668	0.0206927	0.469722	0.000149891	0.00360009
74	0.00424107	0.00241287	0.000390116	0.00044729	0.00341117	0.00240742	0.000443324	0.564523	0.000532765	0.0821264	0.00634702	0.000479076	0.000215115	0.000660917	0.000416866	0.00113896	0.00260678	0.325178	0.000124711	0.00189751
75	0.0412002	0.00464099	0.1746	0.227823	0.00099723	0.0125258	0.0389017	0.00594448	0.0847505	0.00995765	0.00452709	0.139801	0.000608058	0.0476301	0.0802114	0.0578531	0.0556945	0.00151058	0.00997913	0.000844108
76	0.68413	0.0276935	0.00082026	0.00113004	0.0120662	0.00358633	0.00111675	0.0169268	0.0095916	0.0104608	0.00208242	0.00740112	0.00123655	0.00698732	0.00133982	0.0729618	0.0641364	0.0746364	0.00036131	0.00133445
77	0.598076	0.109362	0.00153953	0.00192766	0.00254525	0.0115709	0.00229191	0.0178428	0.00228059	0.00365018	0.00355933	0.00541615	0.00231072	0.00256342	0.00201538	0.195152	0.0187779	0.0167652	0.000376276	0.00197649
78	0.0120775	0.00232419	0.000570313	0.000818833	0.0212633	0.000913317	0.00071529	0.441501	0.00958877	0.224462	0.0456457	0.00345789	0.00205863	0.000896074	0.00920586	0.0128876	0.0695559	0.136263	0.000171405	0.00562347
79	0.0203523	0.00765094	0.000567882	0.000727084	0.0024573	0.00154528	0.00120799	0.257837	0.000699669	0.0205594	0.00431787	0.000674997	0.000278945	0.00255683	0.000790058	0.00594344	0.0171776	0.653378	0.000122792	0.00115438
80	0.0372123	0.000751762	0.0253686	0.236844	0.00124631	0.0113862	0.036752	0.00195986	0.269446	0.0128039	0.00609214	0.011246	0.00545191	0.0944057	0.113451	0.0697598	0.0517364	0.012636	0.000326771	0.00112401
81	0.029273	0.0088102	0.00711409	0.00573146	0.000729133	0.0137626	0.0338968	0.0018766	0.443739	0.0100698	0.00299715	0.0469178	0.000256025	0.054334	0.270485	0.0335254	0.0245266	0.0013879	0.000142255	0.0104255
82	0.0549703	0.0510954	0.00243226	0.00141413	0.0317968	0.00524148	0.00121962	0.199204	0.00257222	0.123509	0.05914	0.00442436	0.000658512	0.0019456	0.00210087	0.0158076	0.0428037	0.381807	0.00038479	0.0174721
83	0.00367957	0.00250686	0.000386423	0.000435706	0.00316576	0.00234686	0.000384311	0.562145	0.000514295	0.0810176	0.00539955	0.000468109	0.000202913	0.000468016	0.000405792	0.000972592	0.0015823	0.331984	0.000117224	0.00181808
84	0.125951	0.137739	0.0171202	0.00307469	0.105941	0.0278729	0.00284804	0.0554822	0.00311963	0.152	0.0461583	0.0252655	0.000985742	0.00289134	0.00356648	0.0512762	0.0605	0.115321	0.000735475	0.0621511
85	0.0144356	0.00325362	0.000769311	0.00123003	0.0174771	0.00141119	0.000983746	0.41769	0.0091808	0.220482	0.0447994	0.00403381	0.00201292	0.00173353	0.00697418	0.0104994	0.0705553	0.167504	0.000177161	0.00479653
86	0.0549072	0.0164132	0.0337312	0.0161844	0.00823498	0.511704	0.00800511	0.0173257	0.0179151	0.0141011	0.0147586	0.0365001	0.0166285	0.0230801	0.0156566	0.136513	0.0327981	0.0165384	0.00156319	0.00744144
87	0.00426201	0.00113351	0.00681424	0.00157588	0.0016042	0.0103232	0.00127191	0.00638092	0.0119446	0.00767807	0.00260182	0.00667222	0.00363284	0.00144344	0.00728055	0.249423	0.666044	0.00804842	0.000323516	0.00154218
88	0.0112267	0.00197769	0.615892	0.0700845	0.0033977	0.025449	0.0499437	0.0086895	0.0088178	0.0121654	0.00606657	0.0710284	0.0071527	0.0295216	0.00661774	0.0161519	0.0307972	0.0196594	0.000977326	0.0043829
89	0.048775	0.00914193	0.0168796	0.0384358	0.0125018	0.0188411	0.0310798	0.0170383	0.355672	0.0229276	0.0152313	0.0388436	0.0223435	0.0455773	0.190686	0.0449846	0.033272	0.0177622	0.00216249	0.0178446
90	0.497199	0.0467676	0.00983706	0.0147218	0.0133385	0.0212857	0.00883981	0.0335092	0.0198837	0.0256766	0.016393	0.0222329	0.00890885	0.0159645	0.0147265	0.0970967	0.0534971	0.0693877	0.00152629	0.00920691
91	0.467323	0.115225	0.00223747	0.0031325	0.00632659	0.00712236	0.00257543	0.0334142	0.00528874	0.00976238	0.00484095	0.00408688	0.0161229	0.003934	0.00328548	0.0947626	0.0228603	0.193482	0.000864264	0.00335283
92	0.186575	0.00499535	0.0478799	0.00898164	0.00363628	0.0485406	0.0492917	0.024154	0.0211681	0.00667877	0.00466393	0.313805	0.0015429	0.0373477	0.00604162	0.193359	0.00810921	0.00623425	0.000929127	0.0260656
93	0.0623333	0.00970934	0.0411672	0.052855	0.0120587	0.0245724	0.0175955	0.0287853	0.0556122	0.0259397	0.0366327	0.0141038	0.445767	0.0155384	0.0153764	0.0634996	0.0436791	0.0232775	0.000972183	0.0105252
94	0.0939618	0.00136078	0.0008167	0.00237468	0.0054093	0.00678433	0.00390119	0.282477	0.001822	0.0313752	0.014217	0.00113312	0.00049292	0.011571	0.00183889	0.0281774	0.113793	0.396273	0.000286845	0.00193459
95	0.0544743	0.0230678	0.034538	0.0301719	0.0132149	0.181549	0.0233285	0.0262118	0.0280171	0.0256095	0.0201281	0.186166	0.0232961	0.0315998	0.0318999	0.0959371	0.125381	0.0251501	0.00357757	0.0166822
96	0.194962	0.0336886	0.00528329	0.00701873	0.0544512	0.0161407	0.00413889	0.079718	0.00898523	0.0895083	0.0211283	0.00765541	0.00332953	0.00868628	0.00738674	0.0780313	0.148067	0.215366	0.00105127	0.0154032
97	0.0287813	0.0118349	0.0201885	0.0170521	0.0930281	0.0209425	0.032876	0.0374215	0.0268632	0.0411694	0.1463	0.0182165	0.00617834	0.0185673	0.0333513	0.0353019	0.0314174	0.0357628	0.00409091	0.340656
98	0.0249572	0.00420091	0.0525861	0.0178232	0.00210047	0.785892	0.00255991	0.0065099	0.0175299	0.00459078	0.00455178	0.0198328	0.00319836	0.00510695	0.00808783	0.0253716	0.00671103	0.00573464	0.000392072	0.00226309
99	0.125259	0.00766309	0.00641524	0.00778619	0.0111159	0.0499647	0.00747321	0.115928	0.00954623	0.0724979	0.339462	0.00852797	0.00316708	0.00775904	0.00751994	0.0569588	0.139327	0.0153468	0.00127997	0.00700203
100	0.00579156	0.00122143	0.00758541	0.00173144	0.00182716	0.0157515	0.0014827	0.00533847	0.00963349	0.00679046	0.00334205	0.00755667	0.00679157	0.00152672	0.00921606	0.280166	0.625861	0.00646059	0.000343807	0.00158229
101	0.0432065	0.00873184	0.0172362	0.0431898	0.0154946	0.0259518	0.0322463	0.0175984	0.35245	0.0324171	0.0153149	0.0364017	0.0109065	0.0474593	0.18526	0.0422746	0.0331769	0.0167764	0.00208997	0.021817
102	0.265931	0.014011	0.00828974	0.0212051	0.0170852	0.0837697	0.00761617	0.0422908	0.0164913	0.169507	0.173239	0.0147698	0.00538724	0.0212236	0.0141435	0.0428498	0.0424038	0.0263472	0.00209153	0.0113472
103	0.106768	0.130718	0.00497397	0.00272549	0.0376806	0.0102789	0.00247672	0.0933436	0.00274867	0.229633	0.0825554	0.00928137	0.00132029	0.00280122	0.00310801	0.0268853	0.0909913	0.122189	0.000695552	0.0388246
104	0.458454	0.00301058	0.00968706	0.044115	0.00371203	0.130268	0.00363163	0.00731227	0.0209526	0.0107602	0.0976655	0.0279689	0.00252196	0.0538309	0.0188088	0.0891886	0.00746668	0.00641935	0.000865512	0.00336031
105	0.0145718	0.00199923	0.0998312	0.697686	0.00234813	0.00950415	0.00736134	0.00576672	0.0108075	0.00508293	0.00650229	0.021647	0.00890698	0.0728215	0.00683724	0.0111976	0.00808721	0.00521237	0.00132541	0.00250324
106	0.0286384	0.00852582	0.00694007	0.0057405	0.00105648	0.013454	0.033363	0.00209799	0.44616	0.0100318	0.00433264	0.045213	0.000287557	0.0524226	0.272579	0.0324079	0.0246877	0.00173908	0.000211256	0.0101109
107	0.0131273	0.00185118	0.00195439	0.00419957	0.016503	0.00177309	0.00175381	0.400361	0.0163612	0.26434	0.0308186	0.00946174	0.00307868	0.00135063	0.00749867	0.0112488	0.0832393	0.124456	0.000361418	0.00626121
108	0.050654	0.00964919	0.00437259	0.00372576	0.128069	0.00302292	0.00251952	0.253819	0.00356242	0.109471	0.161986	0.00453807	0.00143659	0.0029038	0.00330041	0.00976771	0.0491598	0.186535	0.00273546	0.00877067
109	0.0737031	0.00101567	0.000847049	0.0022292	0.00720437	0.0073282	0.00594681	0.336829	0.00153109	0.029978	0.0169185	0.00120311	0.000466612	0.0171383	0.00124486	0.0242067	0.102296	0.367939	0.000258908	0.0017156
110	0.336199	0.00433538	0.00497188	0.00955485	0.0062782	0.00927478	0.0381442	0.0111649	0.00874238	0.0115113	0.0105842	0.00732703	0.00289125	0.117391	0.0445491	0.23483	0.0817394	0.0130013	0.00184577	0.0456643
111	0.464171	0.00311085	0.00988703	0.0444215	0.00373808	0.129996	0.00404134	0.00732692	0.0239032	0.0102374	0.0872239	0.0316242	0.00263028	0.0544664	0.0213796	0.0839299	0.00739203	0.00614768	0.000810531	0.00356237
112	0.350779	0.00331131	0.0310869	0.0328346	0.00314675	0.0796094	0.0188276	0.0120027	0.0154208	0.0069182	0.0350345	0.189098	0.00232726	0.0635781	0.0108474	0.121719	0.00632881	0.00514947	0.000690447	0.0112897
113	0.0668313	0.00423927	0.00182913	0.00240279	0.00250787	0.00247195	0.00198525	0.174672	0.137287	0.0544923	0.0258061	0.00294036	0.00109259	0.0197817	0.188669	0.0292593	0.0987239	0.179008	0.000621025	0.00537952
114	0.0135234	0.0143691	0.00597876	0.0093209	0.204319	0.00228454	0.00291808	0.126838	0.00826176	0.359773	0.0857126	0.00431182	0.00121372	0.0111426	0.0144341	0.00752589	0.0130401	0.0788399	0.0123032	0.0238898
115	0.233597	0.154826	0.00135937	0.00124859	0.00159282	0.0416289	0.00875179	0.0457807	0.00150177	0.00747211	0.014453	0.0138549	0.000851708	0.00178188	0.00157398	0.351189	0.0557947	0.0606825	0.000479731	0.00157993
116	0.210459	0.181362	0.0022365	0.00240289	0.00561202	0.0442603	0.00433289	0.0734064	0.00283371	0.0341693	0.0102315	0.00685737	0.00233729	0.00240571	0.00300329	0.182763	0.0872597	0.139008	0.000512804	0.00454594
117	0.112637	0.00531071	0.0018396	0.00539602	0.00609991	0.0125967	0.00333222	0.219199	0.00357046	0.0315846	0.014603	0.0017901	0.000868594	0.00951113	0.004286	0.0429092	0.162492	0.357653	0.000612894	0.00370778
118	0.036563	0.00868823	0.0149375	0.0339802	0.0149321	0.0185356	0.0231167	0.0289234	0.221662	0.0302386	0.0216174	0.0464445	0.00804047	0.0357747	0.32619	0.0496715	0.0424227	0.0217269	0.00204458	0.0144896
119	0.0499013	0.0305799	0.0145165	0.0166705	0.202773	0.138528	0.0264837	0.0417765	0.0258921	0.0552983	0.0316071	0.0245174	0.0071116	0.0182578	0.0254297	0.0412733	0.0345537	0.0416539	0.00554808	0.167628
120	0.0237319	0.00610594	0.047785	0.0151118	0.00411615	0.791379	0.0045027	0.00677416	0.0143795	0.00647414	0.00483368	0.0192453	0.00191235	0.00390373	0.00625135	0.0274092	0.00657812	0.00504217	0.000437131	0.00402675
121	0.101977	0.0153292	0.0682767	0.0355341	0.0205087	0.055796	0.0383036	0.0305253	0.0483036	0.0254051	0.0224014	0.256463	0.0137213	0.033744	0.0473845	0.100076	0.0374709	0.0222197	0.00325229	0.0233083
122	0.035041	0.0127431	0.00380272	0.00733628	0.0128785	0.00666782	0.00278135	0.242825	0.0095601	0.0517676	0.019772	0.00320153	0.00183729	0.00613571	0.0102487	0.0171781	0.0290449	0.51796	0.000792829	0.00842536
123	0.0271252	0.010419	0.00190633	0.00768538	0.0912946	0.0018106	0.00348644	0.131889	0.0140389	0.465523	0.124637	0.00187831	0.00148446	0.00789041	0.0117226	0.00699269	0.00809016	0.0660233	0.00998568	0.00611787
124	0.138465	0.198097	0.010062	0.0106442	0.0162249	0.18585	0.0646133	0.020481	0.0114647	0.0224651	0.0172498	0.128979	0.00453215	0.0112078	0.0102863	0.0411896	0.0271176	0.0187585	0.00315858	0.0591534
125	0.00811854	0.0016092	0.00819896	0.00221174	0.00254394	0.013002	0.00171723	0.010375	0.0108201	0.0084181	0.00378116	0.00784257	0.00559633	0.00207632	0.00955277	0.283862	0.606637	0.0110775	0.000519165	0.00204064
126	0.0478874	0.00810543	0.0273398	0.0340285	0.0125814	0.0370267	0.0224873	0.0247342	0.0593355	0.0212807	0.0125443	0.250724	0.0119732	0.0276431	0.213193	0.127377	0.0333571	0.0138628	0.0026306	0.0118877
127	0.019331	0.00253834	0.105471	0.0271993	0.00241625	0.708525	0.00478861	0.00687746	0.0201144	0.00488227	0.0038232	0.0351046	0.00658766	0.00309798	0.00973613	0.0233169	0.00809955	0.00473152	0.000619969	0.00273912
128	0.218336	0.159263	0.00540039	0.00540043	0.00996522	0.039842	0.0113785	0.0437323	0.0116217	0.0223962	0.0194843	0.0173708	0.00591668	0.0071288	0.00891245	0.286583	0.0574849	0.058579	0.00172884	0.00947468
129	0.00758271	0.00614717	0.000479462	0.000784049	0.00283008	0.00132289	0.000617464	0.351408	0.000703655	0.0458287	0.00573791	0.000692631	0.000246809	0.000674931	0.000636223	0.00278711	0.00506895	0.564644	0.000106877	0.00170049
130	0.00358862	0.00240908	0.000385308	0.000443932	0.00316781	0.00236958	0.000389222	0.565285	0.000493329	0.0820733	0.00547459	0.000469628	0.00020606	0.000462485	0.000392547	0.000920916	0.00157367	0.32789	0.000119341	0.00188579
131	0.059226	0.00416849	0.15301	0.117417	0.00675153	0.0644411	0.0803417	0.0359196	0.014658	0.0126456	0.0103555	0.0184414	0.312854	0.0121555	0.0106487	0.0282546	0.0371921	0.0133782	0.00155248	0.00658826
132	0.0173267	0.0105896	0.000820277	0.00560237	0.071011	0.00128735	0.00517169	0.116679	0.0260903	0.562641	0.0845153	0.0012292	0.00163499	0.00615082	0.0169436	0.00682718	0.00383272	0.0475756	0.00543466	0.00863647
133	0.00226255	0.00523407	0.0007002	0.000930558	0.73808	0.00151648	0.00128352	0.0145164	0.00112212	0.0616069	0.0142446	0.00121458	0.000403792	0.00147079	0.00239753	0.0063504	0.00228338	0.00217856	0.0226891	0.119515
134	0.0438786	0.00225331	0.00249752	0.043014	0.0157579	0.00323405	0.0167682	0.223395	0.13468	0.140542	0.0447679	0.0306432	0.00135344	0.142551	0.0870638	0.00586411	0.00587424	0.0524032	0.000618432	0.00284034
135	0.00926041	0.002833	0.00051369	0.00149436	0.0240781	0.0011313	0.000709898	0.429971	0.00736926	0.243654	0.046274	0.00262373	0.00180556	0.00162591	0.00649119	0.0083257	0.0471928	0.159179	0.00132523	0.00414207
136	0.0406673	0.00315479	0.00562041	0.00464419	0.00437668	0.069109	0.00337634	0.0102074	0.00718925	0.00882851	0.0174898	0.0106084	0.0712845	0.00860902	0.02771	0.186015	0.493237	0.022811	0.000965664	0.00409576
137	0.00355758	0.00238172	0.000382699	0.000439022	0.00318402	0.00238705	0.000385987	0.566318	0.000492116	0.0824064	0.00550595	0.000467648	0.00020095	0.000463464	0.000391597	0.000916638	0.0015811	0.326551	0.000119517	0.00186789
138	0.0450388	0.0138857	0.0112891	0.010664	0.0134788	0.0178038	0.00884821	0.0351244	0.0197987	0.0290255	0.0142467	0.0113921	0.0104001	0.00965112	0.0149675	0.167207	0.520551	0.0344341	0.00174276	0.0104509
139	0.00202184	0.000784961	0.713204	0.0600476	0.000995977	0.00165258	0.0567904	0.00191445	0.00108855	0.00652157	0.00138244	0.0733267	0.000648897	0.0234996	0.00103746	0.00719731	0.0297728	0.016848	0.000270388	0.000994609
140	0.0629483	0.0048293	0.0283605	0.0505246	0.0121399	0.00300903	0.00269086	0.0233498	0.0839652	0.0180854	0.0365269	0.00522597	0.512808	0.0124248	0.0125146	0.0580785	0.0423571	0.0196949	0.000455431	0.0100107
141	0.0412002	0.00464099	0.1746	0.227823	0.00099723	0.0125258	0.0389017	0.00594448	0.0847505	0.00995765	0.00452709	0.139801	0.000608058	0.0476301	0.0802114	0.0578531	0.0556945	0.00151058	0.00997913	0.000844108
142	0.0906247	0.123249	0.0113373	0.0130874	0.0407465	0.0233417	0.0112349	0.090435	0.018119	0.117315	0.162682	0.020953	0.014794	0.0149923	0.0154696	0.0647029	0.0525213	0.0803623	0.00344339	0.0305892
143	0.00774375	0.00325494	0.00672269	0.00332049	0.00415652	0.0114564	0.00301184	0.0115526	0.0364549	0.0229322	0.00559034	0.00680705	0.00488922	0.00331986	0.00864194	0.211735	0.630748	0.0132371	0.000948775	0.00347614
144	0.0398504	0.00857614	0.020917	0.0370435	0.0156344	0.0189915	0.0232919	0.0305607	0.191995	0.0333301	0.0206443	0.0541699	0.00861576	0.0335807	0.316407	0.0478104	0.05189	0.0270886	0.00193376	0.0176693
145	0.0029323	0.00454644	0.00138961	0.00161281	0.674123	0.00230338	0.00255764	0.013893	0.00239523	0.0556489	0.0126592	0.00193521	0.000550399	0.00184019	0.00289625	0.0061625	0.00283477	0.00410589	0.0155994	0.190014
146	0.00548461	0.00189139	0.0387722	0.0189512	0.2358	0.00216379	0.00163361	0.095091	0.0026326	0.1788	0.160634	0.0203287	0.000770856	0.00209139	0.00219853	0.0284622	0.0713266	0.0595766	0.0240158	0.0493746
147	0.0215882	0.02423	0.00137742	0.00445393	0.0567845	0.00265186	0.00447307	0.144864	0.0160754	0.460417	0.129378	0.00164129	0.00162068	0.0052332	0.0116826	0.0087103	0.0158447	0.0767186	0.00376919	0.00848545
148	0.00442613	0.00127736	0.0109181	0.00182684	0.00182867	0.0103823	0.00145203	0.00444799	0.00805235	0.00624547	0.00267152	0.0104337	0.00374913	0.00176336	0.0107828	0.343962	0.56898	0.00464325	0.000418416	0.00173818
149	0.0138362	0.00470123	0.000967585	0.00399637	0.0323553	0.00172148	0.00217868	0.323206	0.0205468	0.335751	0.058189	0.004354	0.00713997	0.00487903	0.00963441	0.00931877	0.0424173	0.116397	0.00273634	0.00567291
150	0.0709161	0.00170735	0.260837	0.295897	0.00253442	0.0181819	0.0065393	0.0047293	0.0292048	0.00501811	0.00556608	0.0901583	0.075416	0.053358	0.0293568	0.0242045	0.00664766	0.0159992	0.00115933	0.00256851
151	0.0209222	0.0014154	0.210738	0.337682	0.00212308	0.0250293	0.0186896	0.00363323	0.0171643	0.00324325	0.0201078	0.0455581	0.00612502	0.243017	0.00367828	0.0185159	0.0118128	0.0040709	0.00471812	0.00175493
152	0.423058	0.12234	0.00116786	0.00122759	0.00189984	0.0323966	0.00532265	0.0261098	0.00158625	0.00449298	0.00822513	0.0111657	0.000652557	0.00258092	0.00171829	0.278424	0.0433533	0.0323935	0.000302238	0.00158247
153	0.122099	0.00398541	0.00110073	0.00281687	0.00554647	0.00900242	0.00356056	0.26341	0.00479091	0.0311757	0.0126235	0.00128007	0.000552403	0.00969535	0.00502511	0.0374045	0.116221	0.367134	0.000287163	0.0022889
154	0.0412002	0.00464099	0.1746	0.227823	0.00099723	0.0125258	0.0389017	0.00594448	0.0847505	0.00995765	0.00452709	0.139801	0.000608058	0.0476301	0.0802114	0.0578531	0.0556945	0.00151058	0.00997913	0.000844108
155	0.00753435	0.00357864	0.00188579	0.0021695	0.0668105	0.00227565	0.00249122	0.0339489	0.00612253	0.686551	0.127657	0.0019248	0.000771196	0.00299723	0.00462937	0.00982658	0.0234343	0.0110584	0.0012302	0.00310273
156	0.0111413	0.00987219	0.000536692	0.000956906	0.0188965	0.00114543	0.000871609	0.340924	0.00287294	0.167864	0.112719	0.00129132	0.000969911	0.00180644	0.00274494	0.00504507	0.0377276	0.276754	0.000248014	0.00561133
157	0.0183321	0.00672923	0.000865797	0.0117985	0.0897141	0.00132239	0.00315112	0.144585	0.0128866	0.494845	0.0899883	0.00111255	0.00149556	0.0117308	0.0135569	0.00427264	0.0023032	0.0711731	0.015211	0.00492611
158	0.00471653	0.00166229	0.0700847	0.0443827	0.0995046	0.00196029	0.100733	0.0079606	0.171758	0.010993	0.0164535	0.0399951	0.000955877	0.0485674	0.10973	0.0657559	0.040303	0.0108562	0.000495465	0.153132
159	0.368647	0.135756	0.00115004	0.00117817	0.00161904	0.0350735	0.00581663	0.0295008	0.00151554	0.00477311	0.00955187	0.0131051	0.000784487	0.002001	0.00144345	0.298905	0.0480411	0.0393845	0.00032569	0.00142797
160	0.129806	0.129198	0.0111924	0.00220381	0.095955	0.0223906	0.00228074	0.0680627	0.0022938	0.172168	0.0566932	0.0207848	0.000810245	0.00251154	0.00270348	0.0513018	0.0559028	0.112848	0.00060035	0.0602928
161	0.0193737	0.00510592	0.00714343	0.00861778	0.00774112	0.17871	0.00772069	0.0140023	0.0100226	0.0143027	0.0111885	0.107839	0.10031	0.123272	0.0497769	0.236753	0.073161	0.0153055	0.00184034	0.00781377
162	0.0253288	0.00595744	0.0482007	0.0175598	0.00506546	0.761093	0.00439138	0.00771863	0.0156592	0.00684118	0.00813354	0.0225756	0.00363327	0.00578906	0.00831055	0.0322502	0.0109033	0.00570305	0.000947165	0.00393895
163	0.0215066	0.00233924	0.204062	0.4966	0.00365179	0.0203324	0.0200069	0.0065438	0.0196811	0.00693416	0.00732901	0.0428284	0.0150705	0.0702647	0.0155457	0.0177404	0.0158414	0.00803419	0.00200354	0.00368344
164	0.0140222	0.00209173	0.000662188	0.000975725	0.0177192	0.00111557	0.000874785	0.420838	0.0118739	0.25339	0.0361239	0.00506598	0.00262125	0.0009149	0.00768767	0.011469	0.0814059	0.126283	0.000203804	0.00466116
165	0.001772	0.00503568	0.000623343	0.000876864	0.74541	0.00126094	0.000773629	0.0139996	0.000962248	0.0634883	0.0148949	0.000868805	0.000458324	0.00119213	0.00162281	0.00543482	0.00168219	0.00216731	0.0190047	0.118471
166	0.00909843	0.00947405	0.000512896	0.000594841	0.00137061	0.000648378	0.000571256	0.22883	0.000685792	0.0145647	0.00187461	0.000630753	0.000265231	0.000602171	0.000676639	0.00382867	0.00292216	0.721672	0.000134441	0.00104283
167	0.0626991	0.0039791	0.0183449	0.0422974	0.0326097	0.00883234	0.0023778	0.0556469	0.0904768	0.144761	0.0473382	0.00388129	0.20136	0.0720225	0.0554164	0.0506564	0.054804	0.0305632	0.000662522	0.02127
168	0.0273507	0.00620021	0.00578916	0.0139234	0.00937607	0.0117514	0.0143957	0.0223158	0.323227	0.0197094	0.0572359	0.0258457	0.00250686	0.021885	0.333682	0.0274002	0.0494185	0.0179809	0.0012433	0.00876209
169	0.08424	0.010848	0.00722291	0.00773991	0.0105762	0.010759	0.00690039	0.0824392	0.00970142	0.201897	0.0965661	0.00821424	0.00317881	0.00864914	0.00963047	0.309238	0.0191982	0.0997882	0.00254899	0.0106642
170	0.0626343	0.00483929	0.0293568	0.0507986	0.0120042	0.00314177	0.0029215	0.0232213	0.0840027	0.0178856	0.0365505	0.00546492	0.51125	0.0123771	0.012606	0.0589059	0.0421277	0.0195039	0.000445574	0.00996251
171	0.198674	0.0949638	0.0019777	0.00366276	0.00288689	0.0468806	0.00656961	0.0684076	0.00227707	0.0146703	0.0254338	0.0099258	0.00275955	0.00294343	0.00334125	0.326163	0.0978124	0.0869782	0.000883071	0.00278949
172	0.125346	0.117034	0.00563413	0.00256703	0.0540647	0.0112187	0.00288557	0.117358	0.0032357	0.139143	0.086338	0.0105413	0.00119832	0.00286741	0.00279697	0.0516297	0.0449451	0.166381	0.000766205	0.0540475
173	0.0297363	0.00920051	0.00690195	0.00689116	0.0012517	0.0131835	0.0321623	0.00226322	0.431528	0.0112041	0.00310435	0.0508084	0.00026289	0.0525322	0.275074	0.036438	0.0258462	0.00147421	0.000172257	0.00996474
174	0.00603757	0.010492	0.000593428	0.000848152	0.0203059	0.000912839	0.000749044	0.347158	0.00197515	0.175116	0.124837	0.00104447	0.000914075	0.00119929	0.00225732	0.00337965	0.029008	0.267012	0.000216926	0.00594462
175	0.096518	0.0101992	0.0310045	0.0866817	0.0080221	0.0453671	0.0015525	0.0635909	0.0872302	0.125425	0.0403494	0.00157891	0.0346004	0.0702292	0.0442246	0.0390835	0.108714	0.0985062	0.000494233	0.00662829
176	0.00271621	0.000830236	0.697224	0.0654358	0.00119201	0.00187399	0.0534271	0.0022984	0.00132132	0.0081462	0.00180209	0.0717796	0.000726743	0.0250375	0.00125938	0.00708755	0.0356476	0.0207444	0.000324063	0.00112577
177	0.0158166	0.00819088	0.000717928	0.00860409	0.0751577	0.00111529	0.0030746	0.159515	0.0126917	0.478776	0.0947878	0.00101678	0.00148864	0.010811	0.012142	0.00446653	0.00521886	0.0898939	0.0110394	0.0054758
178	0.658249	0.0222257	0.000957058	0.00134425	0.0152027	0.00249818	0.00110677	0.030766	0.0150722	0.0139677	0.00216682	0.00563637	0.00142467	0.00581965	0.00365126	0.0529245	0.0661327	0.0989274	0.000464802	0.00146278
179	0.0384518	0.000740292	0.0248766	0.236904	0.00124833	0.0111518	0.03729	0.00195995	0.267425	0.0130362	0.00624853	0.0114211	0.00530622	0.094553	0.113551	0.0690889	0.0525411	0.0126691	0.000318809	0.00121724
180	0.208845	0.0169123	0.00233857	0.00520225	0.00801878	0.0449992	0.0030396	0.127307	0.00499488	0.0232946	0.00952102	0.00326698	0.00216825	0.00580472	0.00539082	0.0824397	0.163583	0.278009	0.000777236	0.00408766
181	0.00583647	0.0102839	0.00059956	0.000889818	0.0201283	0.000918056	0.000734534	0.346982	0.00201071	0.17647	0.124694	0.00105102	0.00100511	0.00121633	0.00223153	0.00330953	0.0286792	0.266798	0.000222019	0.00593998
182	0.0903458	0.0242572	0.0253237	0.0536838	0.00549192	0.0598375	0.0020218	0.132015	0.113297	0.105055	0.0497047	0.00210848	0.0184138	0.0693715	0.0338139	0.0497235	0.0782764	0.0819759	0.000506507	0.00477677
183	0.00493865	0.00216328	0.0273146	0.116754	0.0263813	0.00278017	0.0126301	0.303188	0.0268831	0.0499908	0.0138599	0.0263309	0.000952835	0.00241269	0.00543653	0.0053168	0.0471545	0.261282	0.000474814	0.0637548
184	0.0688257	0.00106564	0.000932865	0.00217961	0.00651718	0.00660655	0.00521499	0.347918	0.00165158	0.0280041	0.0179494	0.00109876	0.000484554	0.0164836	0.00179049	0.0221155	0.106398	0.362365	0.000271631	0.00212789
185	0.0340854	0.0073232	0.0393664	0.0177571	0.00670019	0.62028	0.00715004	0.0117297	0.0616124	0.0132411	0.0105993	0.0262334	0.00689819	0.0113018	0.0239044	0.0630236	0.0197868	0.0104368	0.00101669	0.00755384
186	0.0229543	0.00267735	0.000881299	0.00136325	0.0211436	0.00237655	0.00111048	0.426667	0.0164636	0.203486	0.0409368	0.00378754	0.00203805	0.00292951	0.00999029	0.016387	0.077495	0.142034	0.000209784	0.00506884
187	0.0330685	0.00798982	0.0116204	0.0294025	0.00395928	0.0143357	0.0336108	0.00948983	0.395362	0.0164576	0.006035	0.0434069	0.00204511	0.0620809	0.247334	0.0376707	0.0280604	0.00581447	0.000619353	0.0116373
188	0.184426	0.00602802	0.0530708	0.144997	0.00852579	0.0680832	0.073686	0.0249655	0.0145757	0.0171327	0.0149919	0.0131554	0.24067	0.0127727	0.0120594	0.0552893	0.0292136	0.0163512	0.00174786	0.00825728
189	0.0279886	0.00882693	0.0329321	0.012118	0.00454381	0.698813	0.00491347	0.0112697	0.0147312	0.00901463	0.00780134	0.023507	0.0071744	0.00933613	0.00819154	0.072559	0.029211	0.0112008	0.000713775	0.00515359
190	0.0313139	0.00326909	0.082599	0.590229	0.00537901	0.0201436	0.0117403	0.0115379	0.0350752	0.016979	0.0127395	0.0252882	0.0130922	0.0557785	0.0204317	0.0229328	0.02044	0.0128412	0.00199952	0.00619026
