417	20
1	0.0132937	0.00510102	0.00145771	0.00340909	0.0163308	0.00218138	0.000630321	0.569071	0.000631191	0.0914568	0.0425583	0.00346438	0.0039878	0.000756341	0.00196945	0.00289456	0.0224218	0.216331	0.000475358	0.00157803
2	0.0465365	0.0828445	0.00682313	0.00280651	0.0123545	0.0343972	0.00466555	0.014817	0.00195485	0.0133458	0.00283279	0.0360201	0.00489861	0.00180729	0.00433986	0.463854	0.243508	0.00613015	0.0125453	0.00351878
3	0.0250234	0.0114624	0.00360438	0.00221614	0.0822678	0.00928097	0.000913179	0.206524	0.000398686	0.402855	0.0769624	0.000986127	0.0028091	0.0041638	0.00391818	0.00999846	0.0198708	0.125334	0.0087376	0.00267374
4	0.12712	0.0235321	0.00654045	0.0111432	0.162961	0.154886	0.0117896	0.0624718	0.0117958	0.0946649	0.0223383	0.0154563	0.00575146	0.00819975	0.0172344	0.0832172	0.0479794	0.0917798	0.00512302	0.0360155
5	0.0363776	0.00754525	0.00215889	0.00226491	0.0435965	0.0108883	0.00190437	0.310861	0.00167365	0.16139	0.0525598	0.00151674	0.00579327	0.00133178	0.00326845	0.0100801	0.0312562	0.310028	0.00298337	0.00252232
6	0.221932	0.018503	0.00153277	0.00437299	0.0666629	0.045455	0.00271159	0.0609383	0.00381816	0.0520185	0.0159196	0.00227368	0.00824598	0.00135096	0.00920777	0.129656	0.216872	0.129063	0.000481387	0.00898601
7	0.0322862	0.0166858	0.00494465	0.00266477	0.0719657	0.0095444	0.000604498	0.241636	0.000433483	0.356485	0.0472328	0.000695879	0.000739597	0.00233406	0.0029407	0.00892535	0.0124103	0.181343	0.00409083	0.00203612
8	0.0236829	0.011866	0.00382205	0.00241052	0.0810771	0.00779627	0.000867643	0.236926	0.000465482	0.397856	0.061753	0.00140783	0.00177575	0.00428107	0.00425617	0.009252	0.0146405	0.12437	0.0087612	0.0027333
9	0.0294249	0.0201151	0.00586918	0.00441328	0.0964136	0.0122185	0.00244677	0.157745	0.00134698	0.430198	0.0703705	0.00226904	0.00152305	0.00533879	0.00859913	0.0177918	0.0118737	0.105821	0.0103105	0.00591108
10	0.206641	0.037146	0.000755459	0.00750783	0.142224	0.081877	0.00379313	0.0837835	0.000999295	0.0789488	0.0178892	0.00129748	0.000751989	0.000763022	0.0017178	0.0741308	0.0764075	0.178248	0.000397504	0.00472091
11	0.227455	0.0596569	0.00251556	0.0071991	0.105774	0.0679681	0.00770658	0.0693629	0.00406105	0.0686974	0.0171495	0.00985904	0.00616014	0.00299389	0.00720875	0.108401	0.0707535	0.146547	0.00265445	0.00787547
12	0.0225949	0.0111493	0.00380118	0.00261313	0.0881557	0.00778094	0.000923863	0.210642	0.00040592	0.422038	0.0652197	0.00119457	0.00146974	0.00470755	0.00495492	0.00975074	0.0138029	0.11539	0.0106993	0.00270499
13	0.0501677	0.00132798	0.000714115	0.000880916	0.0316788	0.00965074	0.00444003	0.275885	0.00279691	0.0547763	0.0125739	0.00117961	0.00664794	0.000817584	0.00462395	0.0113102	0.0120538	0.509116	0.00792131	0.00143747
14	0.0360361	0.0196458	0.00591937	0.00281869	0.0708703	0.0101826	0.000443231	0.245895	0.000337539	0.348244	0.0419569	0.000437038	0.000269485	0.00149552	0.00238743	0.00865481	0.0110261	0.189449	0.00216908	0.00176152
15	0.10539	0.0200255	0.0234539	0.0283547	0.0306479	0.181874	0.0118504	0.0464602	0.0252723	0.0355492	0.0178672	0.0327966	0.0106826	0.0203325	0.0341427	0.152292	0.149112	0.0577495	0.00552033	0.0106264
16	0.0338586	0.00460012	0.0103314	0.0430822	0.0195538	0.0179337	0.105198	0.00970047	0.0534726	0.0413778	0.0166434	0.0164624	0.2309	0.0855773	0.146694	0.0895995	0.0241277	0.0212454	0.00292932	0.0267126
17	0.0546759	0.00773823	0.0075068	0.00950133	0.0509304	0.0163462	0.00870104	0.127765	0.020706	0.22238	0.101423	0.0198527	0.00753598	0.0370487	0.0419298	0.0661037	0.093474	0.0669408	0.00579216	0.0336488
18	0.0529749	0.00630925	0.0108368	0.00425474	0.0982839	0.0381914	0.0119564	0.0386633	0.0035137	0.383798	0.137026	0.00943821	0.00309491	0.00771088	0.0368142	0.0345697	0.0131201	0.0511669	0.00817049	0.0501059
19	0.0214968	0.00191578	0.00708306	0.0991282	0.00266294	0.0255539	0.0862171	0.00279728	0.098464	0.0309799	0.00501274	0.00439573	0.109681	0.130973	0.231019	0.0883642	0.00966704	0.030424	0.00285805	0.0113067
20	0.0461311	0.00634642	0.00237224	0.00175858	0.0474389	0.0144904	0.0014867	0.267288	0.000721846	0.209033	0.14142	0.0022802	0.0128947	0.00161639	0.00553852	0.0130162	0.0584228	0.162092	0.000857701	0.00479441
21	0.0244305	0.00291615	0.109989	0.0272095	0.00462445	0.0334746	0.0643511	0.0108215	0.0175009	0.00840486	0.00407601	0.367858	0.0278948	0.0192663	0.0205578	0.188249	0.0415332	0.0153358	0.000721629	0.0107852
22	0.0307377	0.00324249	0.0889742	0.201042	0.00795493	0.0228423	0.0647382	0.00463692	0.0632193	0.0370852	0.00812626	0.0276746	0.0585422	0.132148	0.128975	0.0705583	0.0140722	0.0215056	0.00304984	0.0108741
23	0.185742	0.0937207	0.012393	0.0110886	0.0135375	0.0344963	0.0192828	0.012506	0.00865322	0.0180565	0.00881082	0.0698572	0.0407342	0.00817476	0.017072	0.32586	0.0756722	0.019634	0.00799563	0.0167131
24	0.0205857	0.00299501	0.00648704	0.0151691	0.0070236	0.0662078	0.00274225	0.254967	0.00327656	0.0516211	0.015985	0.0132586	0.00227255	0.00272535	0.00487248	0.0719237	0.263618	0.189543	0.00112346	0.00360352
25	0.229462	0.00197723	0.00249297	0.00348588	0.0118918	0.0155702	0.00196448	0.0389989	0.0086461	0.0396812	0.0271172	0.00329134	0.0141228	0.00530973	0.0246557	0.164889	0.308397	0.0854168	0.000585326	0.0120454
26	0.281302	0.00644469	0.00570224	0.00702319	0.00926949	0.0420423	0.00925038	0.0106739	0.109103	0.0133959	0.0115784	0.0127332	0.0049722	0.00904314	0.080729	0.28134	0.0800138	0.0158368	0.00192923	0.00761677
27	0.0336561	0.0193804	0.00537241	0.00286612	0.0760628	0.00977264	0.000637714	0.232936	0.000352254	0.372014	0.0448854	0.000568805	0.000353645	0.00200342	0.00299951	0.00898926	0.0105452	0.170868	0.00391313	0.00182197
28	0.0361066	0.0197141	0.00593599	0.00283569	0.0708989	0.0101818	0.000437379	0.245924	0.000299843	0.348559	0.0420336	0.000434548	0.00025684	0.0014949	0.00237813	0.00867147	0.0110076	0.188911	0.00215303	0.00176653
29	0.0339699	0.0184946	0.00585749	0.00298791	0.0697485	0.00962867	0.000498991	0.248871	0.000314866	0.350519	0.0456537	0.000515157	0.000475481	0.00170706	0.00243244	0.00875249	0.0118885	0.182977	0.00292243	0.00178523
30	0.0600697	0.00665071	0.00840141	0.0375732	0.00953734	0.22791	0.0273009	0.00751423	0.139118	0.0122713	0.0149623	0.044703	0.0169468	0.063085	0.148566	0.0993482	0.033563	0.0213194	0.0123592	0.0088006
31	0.0342525	0.0188159	0.00515625	0.00255433	0.0797505	0.0104397	0.000575499	0.22626	0.000317266	0.375165	0.0447279	0.000453971	0.000257948	0.00217125	0.00301524	0.00960296	0.0109381	0.169102	0.0044175	0.00202648
32	0.205016	0.0417335	0.000807695	0.00754624	0.141732	0.0827154	0.00381549	0.0865392	0.000921314	0.079901	0.0168446	0.0012816	0.000857362	0.000780231	0.00167298	0.0711505	0.0749712	0.176649	0.000521532	0.00454235
33	0.259957	0.000868632	0.00126438	0.000975604	0.00422547	0.0141033	0.00113058	0.029319	0.00466924	0.0285355	0.015226	0.00132296	0.0165404	0.00110317	0.014167	0.173958	0.33528	0.0849051	0.000474578	0.0119737
34	0.122746	0.0218018	0.0120311	0.0213142	0.0333966	0.278029	0.0104957	0.0220207	0.0312217	0.0371031	0.0176287	0.0283385	0.00631941	0.0214512	0.0368175	0.183863	0.0547096	0.0361794	0.00812455	0.0164078
35	0.200955	0.037824	0.000737722	0.00811114	0.13995	0.0768783	0.00389383	0.0886526	0.000838721	0.0783404	0.0168046	0.00150833	0.000795924	0.000769335	0.00163754	0.0717745	0.0785398	0.185776	0.000402963	0.00580876
36	0.037035	0.00191186	0.000784623	0.00126028	0.0307377	0.00907403	0.00274369	0.325998	0.00240854	0.0776502	0.0347383	0.00138753	0.00731924	0.000701569	0.00352826	0.00792586	0.0230051	0.425477	0.00447645	0.00183628
37	0.0354658	0.0194996	0.00585872	0.00282997	0.0708895	0.0100362	0.000443769	0.246904	0.000298263	0.349491	0.0425189	0.000480718	0.000333894	0.00160408	0.00241679	0.00876203	0.0110899	0.186973	0.00235224	0.00175168
38	0.043236	0.00827418	0.00608351	0.0028998	0.166643	0.0208989	0.0141417	0.0561056	0.0038789	0.399267	0.0827162	0.00566578	0.00425517	0.00625139	0.0263096	0.024884	0.0076847	0.0454451	0.0123986	0.0629615
39	0.0141355	0.00816242	0.00211012	0.00235312	0.12971	0.00769438	0.00121219	0.123218	0.000473343	0.532736	0.0703038	0.00108379	0.000503887	0.00798441	0.00950398	0.0106668	0.00556324	0.0490817	0.0197593	0.00374389
40	0.0765698	0.0145086	0.00890268	0.0196077	0.00923588	0.0156155	0.0126101	0.04898	0.180875	0.0353983	0.0376085	0.0370869	0.00208573	0.0674913	0.187383	0.0894927	0.0852546	0.0423561	0.00164741	0.0272898
41	0.0401464	0.00488692	0.0463809	0.0205644	0.00694667	0.0330731	0.0694528	0.0238482	0.0164068	0.0079577	0.00522485	0.314567	0.0302908	0.0133234	0.0651993	0.229795	0.0259299	0.028626	0.00163736	0.0157417
42	0.0777032	0.0117179	0.0694479	0.0473254	0.0211759	0.0417372	0.0506056	0.022027	0.0268411	0.0555564	0.0145534	0.0559809	0.0717219	0.0296045	0.0333401	0.176556	0.119671	0.0323251	0.00242587	0.0396842
43	0.0211573	0.00209062	0.00641661	0.0912839	0.00249544	0.0270838	0.0969555	0.00291248	0.0951477	0.0311376	0.00476612	0.00413503	0.104592	0.122656	0.251051	0.083697	0.00836503	0.0307421	0.0025214	0.0107937
44	0.0299646	0.0160289	0.00538855	0.00288584	0.0577283	0.00807864	0.00041008	0.319386	0.000323685	0.296034	0.0408941	0.00100348	0.001011	0.0013028	0.00303964	0.00727083	0.0127512	0.192973	0.00184627	0.00167882
45	0.0358984	0.00627117	0.00686671	0.0024938	0.108488	0.0157978	0.00409218	0.0751821	0.00135571	0.468484	0.138835	0.00388582	0.000968097	0.00558204	0.0155018	0.0234995	0.0084338	0.0516537	0.0121612	0.0145487
46	0.0949895	0.00958661	0.0094322	0.0223312	0.0179405	0.0147379	0.0111755	0.0709129	0.0634219	0.0555855	0.0607162	0.0238552	0.00310813	0.0626924	0.119931	0.113601	0.122169	0.0879487	0.000925536	0.0349391
47	0.0347151	0.013673	0.00810757	0.0114508	0.287326	0.0159869	0.0743885	0.0339763	0.0199796	0.0652563	0.0139145	0.0193319	0.0891289	0.0218398	0.0415833	0.0649742	0.0178393	0.0378257	0.00951165	0.119191
48	0.0110778	0.00188031	0.169195	0.0185592	0.00318426	0.0369444	0.0587152	0.00633072	0.0183912	0.00488967	0.00358619	0.440633	0.0152434	0.0159222	0.0110163	0.148609	0.0171863	0.00938347	0.000906277	0.00834538
49	0.0300606	0.00306584	0.0247868	0.108645	0.00452462	0.0303116	0.072372	0.00603611	0.0842041	0.0317958	0.00652592	0.0184391	0.106232	0.116478	0.183312	0.100655	0.0300756	0.028414	0.00283639	0.0112295
50	0.0421633	0.00200127	0.259496	0.316265	0.016306	0.0189255	0.0249946	0.00442783	0.00995507	0.0270379	0.00610017	0.0640382	0.00239686	0.097386	0.0192391	0.0529383	0.0160932	0.0106608	0.000989475	0.00858509
51	0.0375709	0.0168831	0.00455455	0.00306027	0.090146	0.0118533	0.000879473	0.202852	0.000526405	0.389546	0.0507407	0.000792852	0.00058959	0.00300075	0.00449045	0.012628	0.0136372	0.147449	0.00628708	0.00251267
52	0.0902816	0.0190386	0.00414853	0.00409658	0.169061	0.0332395	0.0109619	0.108901	0.00393312	0.237186	0.0518813	0.00518813	0.00548994	0.00363758	0.00988753	0.0472243	0.0372095	0.109492	0.00749506	0.0416462
53	0.0419372	0.015348	0.0132858	0.0125252	0.22107	0.0280901	0.0389358	0.0515612	0.0218391	0.13044	0.02967	0.0276435	0.0157043	0.0196703	0.0729514	0.0710629	0.0332666	0.0406142	0.0116553	0.102728
54	0.0479798	0.00162806	0.00103274	0.0019597	0.0415774	0.0164257	0.00279466	0.27245	0.00119786	0.15143	0.178479	0.00330804	0.0168834	0.00243696	0.00752651	0.023017	0.0814748	0.141926	0.000656689	0.00581567
55	0.0490696	0.00948472	0.0231228	0.0177666	0.0424982	0.100069	0.0751295	0.0243668	0.0314519	0.0330967	0.0105887	0.0734748	0.0153164	0.0372676	0.131427	0.101051	0.0293755	0.023772	0.00750123	0.16417
56	0.0385877	0.0157222	0.00471243	0.00249722	0.070486	0.0111743	0.00142661	0.229494	0.000906547	0.331069	0.0445505	0.000798132	0.00128687	0.00201842	0.00355346	0.012402	0.0174408	0.204865	0.00393457	0.00307416
57	0.0327876	0.0114673	0.00459383	0.00435901	0.100606	0.0125429	0.00379575	0.157404	0.00236824	0.428807	0.0637631	0.00415333	0.00520882	0.00587243	0.00888137	0.0200357	0.0187802	0.0962484	0.010424	0.00790049
58	0.0509251	0.00701995	0.0134319	0.0335079	0.0162399	0.0207654	0.0615832	0.0254796	0.0382343	0.0461065	0.0254918	0.0208291	0.258382	0.0626394	0.101582	0.106923	0.0519428	0.0335128	0.00240609	0.0229982
59	0.0462684	0.00642023	0.0115993	0.028919	0.0155325	0.0178598	0.0632497	0.0259345	0.0345148	0.0482885	0.0283317	0.0187484	0.293688	0.0631739	0.0954616	0.100317	0.0442785	0.0323892	0.00316175	0.0218633
60	0.0593364	0.00980882	0.00286318	0.00300675	0.044636	0.0153918	0.00271135	0.337915	0.0017085	0.130707	0.042231	0.00348137	0.00519926	0.00165732	0.00418132	0.0204949	0.0327296	0.276225	0.00283833	0.00287765
61	0.0739175	0.0124382	0.0125527	0.0123901	0.048408	0.0365482	0.00957364	0.195362	0.0113901	0.0981626	0.0451248	0.0172011	0.00980956	0.0100781	0.0234827	0.118782	0.122175	0.120649	0.00364108	0.0183137
62	0.0206087	0.0196126	0.00347257	0.00318714	0.400862	0.00833132	0.0489194	0.0524196	0.0134874	0.0783875	0.00862565	0.0154483	0.00790626	0.00488443	0.0173969	0.0513329	0.0107659	0.0307501	0.0169628	0.186638
63	0.0250931	0.00725478	0.048898	0.013871	0.0563514	0.0352232	0.100081	0.0256227	0.0136707	0.0308306	0.00605226	0.175126	0.013834	0.0319166	0.0929391	0.0952029	0.0193503	0.0195858	0.00673557	0.182361
64	0.43781	0.0133306	0.0043283	0.00713154	0.0303712	0.0384245	0.00868538	0.0278181	0.00643682	0.0662614	0.0172525	0.00870211	0.00846022	0.00526057	0.0104556	0.162723	0.0825485	0.0508568	0.00206303	0.01108
65	0.081148	0.00674285	0.0186789	0.0502059	0.0132304	0.258553	0.0178944	0.0118089	0.061741	0.0234281	0.0191804	0.0275422	0.0193952	0.0885993	0.102332	0.101824	0.0421057	0.0281078	0.0142526	0.0132291
66	0.0193168	0.0182717	0.00616233	0.0019098	0.342103	0.00974722	0.0491483	0.0466835	0.0117466	0.0845464	0.00559677	0.0194292	0.00763776	0.00700233	0.0347539	0.0469529	0.00542548	0.0277584	0.0175766	0.238232
67	0.0641377	0.00815601	0.0222411	0.0379591	0.0156978	0.0558628	0.0335706	0.0270814	0.0585319	0.0289941	0.0286427	0.0407474	0.0269182	0.0818361	0.134773	0.164412	0.107313	0.031326	0.00562104	0.0261785
68	0.0370518	0.00565661	0.00217318	0.00274848	0.055887	0.0129331	0.00289894	0.234122	0.00427874	0.172181	0.143126	0.00268696	0.00986048	0.00211177	0.00632467	0.0185781	0.0513728	0.22813	0.00189571	0.00598203
69	0.0283177	0.0032966	0.0159842	0.100336	0.0044166	0.030382	0.0760851	0.00596146	0.100557	0.0321088	0.00654158	0.0134124	0.105316	0.118218	0.196742	0.0915601	0.0271147	0.0297837	0.0030341	0.0108311
70	0.033199	0.00483661	0.00915501	0.0433134	0.00449079	0.0651467	0.0297992	0.0100666	0.291053	0.00953177	0.0140857	0.04689	0.0166469	0.0698762	0.229258	0.0704133	0.0215805	0.0173319	0.00826325	0.00506282
71	0.0174185	0.00322361	0.0121285	0.0466621	0.00246299	0.0176451	0.0292425	0.0136131	0.367368	0.00960704	0.0109511	0.0480312	0.0197446	0.058274	0.265492	0.0471442	0.0133303	0.0109704	0.00264048	0.00405003
72	0.0209601	0.00201113	0.0067619	0.0983838	0.0026655	0.0247863	0.0881643	0.00278445	0.0974257	0.0313757	0.00448536	0.00591553	0.106633	0.132608	0.231931	0.0889776	0.00891866	0.0295838	0.0032016	0.0124263
73	0.0425306	0.0197383	0.004273	0.00505731	0.321722	0.0235437	0.0303872	0.0817147	0.0097815	0.139232	0.0183793	0.0108057	0.00588094	0.00475792	0.0114102	0.0484829	0.0194321	0.0613781	0.013224	0.128268
74	0.0234946	0.0190805	0.00597465	0.0046595	0.394022	0.00984803	0.0509791	0.0487522	0.0137287	0.0767574	0.00867509	0.0149099	0.0100342	0.0068917	0.0165865	0.0530865	0.0126694	0.0316027	0.0168773	0.18137
75	0.0244031	0.00278915	0.00978118	0.0954402	0.00278651	0.0305446	0.0777861	0.00308556	0.102346	0.0283779	0.00651314	0.00735276	0.0902136	0.146495	0.227343	0.0859534	0.00937198	0.0351485	0.00441005	0.00985932
76	0.0382896	0.0109193	0.0945603	0.0406832	0.0169394	0.0466797	0.0479158	0.0180925	0.0491241	0.0183059	0.0116914	0.276636	0.0167993	0.0244383	0.0476466	0.150182	0.0432724	0.022078	0.00325073	0.0224959
77	0.0233022	0.0181435	0.00229138	0.0025017	0.301515	0.0083702	0.0347498	0.113406	0.00937237	0.156551	0.0309226	0.00917095	0.00551528	0.00392602	0.00993841	0.0385814	0.0151242	0.0579862	0.0159268	0.142705
78	0.0462933	0.000824403	0.000846582	0.00121113	0.0380095	0.0178513	0.00251023	0.271315	0.000977122	0.149563	0.1949	0.00319583	0.0197346	0.00201697	0.00527502	0.0155085	0.0829785	0.140256	0.000505536	0.00622759
79	0.250839	0.00105817	0.00154047	0.0012681	0.00448196	0.0133272	0.00161236	0.0289914	0.00552818	0.0272114	0.019815	0.00183528	0.0211048	0.00152543	0.013316	0.172919	0.346294	0.0757177	0.000797377	0.0108164
80	0.0376071	0.010465	0.00590129	0.00464494	0.0488088	0.015345	0.00531292	0.359691	0.00360147	0.155393	0.0535484	0.0113058	0.00701312	0.00424918	0.00694282	0.0235158	0.038155	0.193257	0.00296872	0.0122731
81	0.0455749	0.00122895	0.00100784	0.00142904	0.0391287	0.0174218	0.00259446	0.268208	0.000980679	0.156405	0.189954	0.00304431	0.018608	0.0021819	0.00551436	0.0168496	0.083231	0.13989	0.000664133	0.0060835
82	0.0547459	0.00284567	0.00371048	0.00723258	0.0744636	0.0131266	0.00640986	0.114096	0.00510408	0.216827	0.170794	0.00520218	0.00483549	0.0059213	0.0297215	0.0983517	0.098948	0.0775721	0.00266773	0.00742357
83	0.014308	0.0221868	0.00160501	0.00138209	0.407911	0.00370173	0.0408501	0.0526983	0.0138541	0.0788176	0.00284177	0.0122812	0.00532805	0.00226948	0.00959156	0.0466841	0.00399479	0.0267569	0.0219955	0.230942
84	0.143317	0.0533747	0.00487731	0.0110696	0.0332985	0.284768	0.00611887	0.016211	0.013932	0.0248041	0.0118525	0.0239731	0.0065544	0.00878761	0.0161901	0.230538	0.059086	0.0288698	0.0062411	0.0161359
85	0.0601724	0.00279786	0.00116332	0.00146416	0.0332698	0.0173758	0.00424622	0.262375	0.00301381	0.0601704	0.0153024	0.00157182	0.00623392	0.001294	0.00759593	0.0129863	0.0163981	0.483743	0.0068899	0.00193554
86	0.0512182	0.00134977	0.000743623	0.000855806	0.0322019	0.0098626	0.00468148	0.27136	0.00281441	0.0545175	0.0120946	0.00116644	0.00651975	0.000855498	0.00474105	0.0116747	0.0116884	0.512146	0.00804565	0.00146278
87	0.0541479	0.00825207	0.114535	0.0709279	0.0169891	0.164813	0.0320502	0.0217441	0.0400963	0.036319	0.0120308	0.102584	0.0196203	0.0336727	0.0371731	0.107852	0.0792136	0.0249823	0.00301293	0.0199839
88	0.0654564	0.00655777	0.0474305	0.0332112	0.0153597	0.0476165	0.013364	0.119951	0.0169515	0.0382658	0.0209703	0.0312735	0.0125348	0.016763	0.0225633	0.130544	0.23889	0.111752	0.00111144	0.00943338
89	0.0335076	0.0180389	0.00600329	0.00284175	0.0739848	0.00974957	0.000665075	0.23817	0.000302325	0.359372	0.0476633	0.000443164	0.000314458	0.00195309	0.00292578	0.00986683	0.0123383	0.176432	0.00351301	0.00191497
90	0.0213604	0.00326354	0.000970523	0.00271247	0.0220159	0.00452652	0.00139382	0.485696	0.00148253	0.0755842	0.0448981	0.002915	0.00538612	0.00073929	0.00266485	0.00486989	0.0263527	0.28965	0.00170862	0.00180916
91	0.119178	0.0667818	0.00904642	0.0109187	0.0654134	0.0462466	0.0107309	0.0675922	0.00959752	0.0839599	0.0590817	0.0191991	0.0106014	0.00923257	0.021803	0.181612	0.0685823	0.119064	0.00628899	0.0150697
92	0.200422	0.0402277	0.000780014	0.00728966	0.146223	0.0759248	0.0042856	0.0841294	0.00089886	0.0764437	0.0152822	0.00155376	0.000815917	0.000822591	0.00154887	0.0812906	0.0816945	0.175228	0.000437155	0.00470172
93	0.20153	0.0407793	0.000756937	0.00713098	0.141385	0.0759552	0.00479265	0.0854544	0.000893607	0.0759436	0.01518	0.0014733	0.00083377	0.00073905	0.00149914	0.0793716	0.0818997	0.178762	0.0004157	0.00520398
94	0.0116594	0.00354757	0.000994213	0.00344435	0.0121618	0.00169022	0.000686609	0.598175	0.000592697	0.0658595	0.0413915	0.00378963	0.00444622	0.000684232	0.00194303	0.00243395	0.0238199	0.220849	0.000381021	0.00145002
95	0.0232915	0.00312402	0.00127918	0.00290786	0.0198036	0.00853709	0.0018121	0.453471	0.00148892	0.0684222	0.0358622	0.00357023	0.00489345	0.000888413	0.00285435	0.0112131	0.042029	0.310611	0.00220088	0.00173996
96	0.063209	0.0595049	0.0056001	0.00161408	0.0147366	0.0303653	0.0040348	0.011821	0.00211402	0.0125221	0.00341827	0.0224551	0.00520184	0.0018269	0.00383809	0.485776	0.244527	0.00820045	0.0161595	0.00307474
97	0.201417	0.0395062	0.00075764	0.00698288	0.149927	0.0743635	0.00398071	0.0858471	0.000828738	0.079868	0.0157283	0.00144793	0.000869079	0.00076653	0.00158683	0.0786087	0.0790743	0.173167	0.000341247	0.00493108
98	0.0258158	0.0115229	0.0038909	0.00227665	0.083634	0.00865683	0.00112424	0.220445	0.000416057	0.389497	0.0722866	0.000966379	0.00226697	0.00399231	0.00378608	0.0109849	0.0199894	0.127615	0.00805499	0.00277834
99	0.0254599	0.0133595	0.00427236	0.00270662	0.109507	0.00889614	0.00224488	0.185537	0.000894167	0.409301	0.0569125	0.00127	0.000923309	0.00669164	0.00627254	0.0119505	0.0113128	0.124199	0.0103732	0.00791658
100	0.0210288	0.00198446	0.00650003	0.099974	0.00260485	0.0265193	0.0852915	0.0023858	0.100199	0.030268	0.00496414	0.00573271	0.10791	0.132715	0.23002	0.0896543	0.00828996	0.02981	0.00321598	0.0109314
101	0.015243	0.00333242	0.0137481	0.0242295	0.00166801	0.00802338	0.013716	0.017414	0.46399	0.00383398	0.0113603	0.0580806	0.000925419	0.0328228	0.279618	0.0319876	0.0128349	0.00397318	0.00100565	0.00219271
102	0.0125103	0.00718626	0.00207802	0.00254125	0.127348	0.00715396	0.00114115	0.118559	0.000451252	0.547573	0.0727161	0.00110844	0.000477896	0.00760334	0.00957568	0.0109676	0.00524452	0.0414371	0.0208714	0.00345556
103	0.0156194	0.00652455	0.121373	0.0180556	0.00813229	0.132844	0.0573901	0.0103913	0.0990375	0.0107617	0.0075701	0.310984	0.0083301	0.0141579	0.0371137	0.0856295	0.0292774	0.012519	0.00262512	0.0116636
104	0.0206297	0.0123335	0.00355774	0.00229821	0.102456	0.00829071	0.000889477	0.179747	0.000376959	0.452354	0.0606178	0.000687677	0.000336321	0.00522298	0.00547105	0.00929806	0.00932023	0.10983	0.013507	0.00277479
105	0.0724125	0.007768	0.0938319	0.103997	0.0114067	0.0851434	0.0195663	0.0241392	0.0499656	0.0411884	0.00861299	0.0641942	0.0291034	0.0375983	0.024709	0.120831	0.16325	0.035511	0.00047769	0.00629344
106	0.0692405	0.00764056	0.0887517	0.0922551	0.0163884	0.0741962	0.0242519	0.0224359	0.046546	0.0372581	0.00939513	0.0739919	0.0349918	0.0363004	0.0253149	0.139068	0.1653	0.0277519	0.000513419	0.00840815
107	0.0236479	0.0102013	0.00305342	0.00247797	0.130168	0.0152867	0.00323399	0.109291	0.00136073	0.515266	0.065452	0.00184556	0.000983752	0.00621213	0.0105197	0.0132048	0.00708879	0.056063	0.0150315	0.00961245
108	0.0685401	0.00825277	0.0956255	0.105542	0.0120358	0.076571	0.0208524	0.0240812	0.0468958	0.0385218	0.00864701	0.0663695	0.0304659	0.0403744	0.0259779	0.126498	0.167226	0.0303148	0.000502029	0.00670569
109	0.0463436	0.00118881	0.000920849	0.00123995	0.0385003	0.0176491	0.00246487	0.270966	0.000954326	0.153849	0.191326	0.00315426	0.0193557	0.0020183	0.00529022	0.0153386	0.0813797	0.141414	0.000520837	0.00612587
110	0.0721002	0.00475299	0.00437389	0.0531218	0.00300454	0.169524	0.0131988	0.00576964	0.109097	0.00875968	0.0215273	0.024172	0.00706413	0.134235	0.177619	0.0964506	0.03048	0.041098	0.0193047	0.00434681
111	0.0418121	0.00228068	0.259102	0.299543	0.0186638	0.0203572	0.0259508	0.00518741	0.0105759	0.0276439	0.00647465	0.0652695	0.00350438	0.0905076	0.0184945	0.0614391	0.0214049	0.0119938	0.00100118	0.00879318
112	0.0136191	0.0231652	0.00173618	0.00127821	0.399372	0.00360288	0.0435411	0.0558508	0.0132238	0.0749351	0.00232592	0.0121522	0.00525876	0.00218437	0.0097839	0.0484776	0.00350523	0.0284702	0.0196701	0.237847
113	0.0215113	0.0153925	0.0026681	0.00226457	0.146518	0.01074	0.00455585	0.126192	0.00173678	0.464384	0.0557221	0.00258332	0.000954622	0.00571796	0.00892423	0.0152374	0.00709966	0.0701147	0.0153273	0.0223561
114	0.16593	0.0163558	0.0243425	0.0331485	0.0230912	0.265393	0.00986539	0.0162902	0.0315713	0.0268987	0.0131303	0.051646	0.00930991	0.0246924	0.0357011	0.124602	0.081301	0.0252344	0.00666309	0.0148335
115	0.0224721	0.0129754	0.00406035	0.00237591	0.0897385	0.0082202	0.000711289	0.199113	0.000327053	0.43609	0.0584725	0.000616625	0.000291028	0.00443594	0.00398223	0.00913914	0.0108943	0.123203	0.0106561	0.00222544
116	0.114056	0.0181998	0.0120991	0.0216853	0.029226	0.326068	0.00999147	0.020214	0.0280726	0.024817	0.0140316	0.0307315	0.00966058	0.0198275	0.0361022	0.173754	0.0574677	0.0309724	0.00657065	0.0164527
117	0.274843	0.00100657	0.00135419	0.00105941	0.00421797	0.0138762	0.00146339	0.0284208	0.00455142	0.0279642	0.0148311	0.00147252	0.0158655	0.00125005	0.0136352	0.17362	0.32467	0.0834023	0.000486056	0.0120092
118	0.02892	0.0136161	0.00446281	0.00277167	0.0640322	0.00960224	0.000859789	0.286011	0.000430138	0.313533	0.0538673	0.00128063	0.00233533	0.00247823	0.0032771	0.00959533	0.0193373	0.177011	0.00412268	0.00245571
119	0.0194119	0.00964625	0.00327931	0.00282874	0.118528	0.00856155	0.00150793	0.153401	0.000644566	0.475308	0.0711972	0.00123702	0.00111033	0.00626801	0.00870897	0.0115067	0.00986941	0.0768574	0.0156702	0.00445734
120	0.104976	0.0233315	0.0243707	0.0297442	0.0151294	0.058551	0.0348379	0.0180886	0.0548139	0.0176737	0.0130122	0.114795	0.0177338	0.0253515	0.089957	0.241784	0.0707793	0.0219844	0.00438652	0.0186995
121	0.697646	0.008788	0.00143644	0.00151224	0.00212657	0.0108854	0.0104827	0.0030451	0.00287922	0.0126125	0.00217426	0.00410109	0.00333926	0.00143677	0.00363876	0.192286	0.0300321	0.00870522	0.000845357	0.0020276
122	0.0943105	0.0114473	0.0222347	0.0302542	0.0182994	0.0474719	0.0247974	0.0296657	0.0633881	0.0352037	0.0315259	0.0444446	0.0223872	0.0367795	0.106742	0.135671	0.176099	0.0435587	0.00459433	0.0211248
123	0.0463287	0.0126488	0.144517	0.0964248	0.0840873	0.0319806	0.0268905	0.0581595	0.0178325	0.110777	0.025243	0.0466291	0.0138709	0.0369978	0.0310985	0.0712494	0.0468049	0.055648	0.00606101	0.0367507
124	0.0477375	0.0778657	0.00726958	0.00283382	0.0125198	0.0332798	0.00459006	0.0152388	0.00226615	0.0132148	0.00313646	0.0322975	0.00471237	0.00222978	0.00471183	0.46973	0.243897	0.00615267	0.012845	0.00347101
125	0.043053	0.0133731	0.00487865	0.00333881	0.0688304	0.0132984	0.0022019	0.227201	0.00294894	0.273408	0.0550318	0.00238132	0.00455123	0.0030699	0.00553327	0.0169717	0.0221307	0.227716	0.00445862	0.00562362
126	0.316996	0.0970983	0.00532374	0.00618896	0.0250514	0.0370775	0.0346034	0.0172087	0.00933493	0.022929	0.0104447	0.0325189	0.0176236	0.00643788	0.0173717	0.241347	0.0465054	0.0341228	0.00654431	0.0152714
127	0.106326	0.00425879	0.00485672	0.0075917	0.0162248	0.0397543	0.00326943	0.156886	0.00439441	0.0433718	0.0257344	0.00883005	0.00704054	0.00254693	0.0120765	0.125895	0.266734	0.156427	0.000935317	0.00684516
128	0.0688798	0.0105753	0.00975548	0.00911137	0.0576717	0.0249556	0.00534484	0.163074	0.00638462	0.243566	0.067462	0.0107017	0.0108987	0.00792061	0.0128552	0.0546057	0.10128	0.119745	0.00479229	0.0104205
129	0.123503	0.00834132	0.0078004	0.0342768	0.0153843	0.319304	0.00619248	0.00944023	0.0485207	0.0157909	0.0191146	0.0224587	0.00557329	0.0759099	0.0816331	0.112189	0.0386832	0.0290641	0.0157066	0.0111138
130	0.0346228	0.0143056	0.00434688	0.00252729	0.065511	0.0100647	0.00109621	0.253614	0.000743108	0.304561	0.0487285	0.000932426	0.00182623	0.00197249	0.00323215	0.00974533	0.0153233	0.220655	0.00401525	0.00217621
131	0.0221249	0.011833	0.00330404	0.00252799	0.117696	0.00955149	0.00239132	0.162079	0.000861615	0.457796	0.0604394	0.00149552	0.00138141	0.0052866	0.00675753	0.0118551	0.0101735	0.0892298	0.0137444	0.00947088
132	0.0158778	0.00199627	0.114717	0.0171633	0.00326724	0.0316223	0.0702385	0.00909215	0.0147068	0.00447884	0.00301746	0.418446	0.0235599	0.0183545	0.0182844	0.190569	0.0214229	0.0123171	0.000738973	0.0101285
133	0.023798	0.00270102	0.012234	0.110719	0.00314649	0.0284104	0.0779649	0.00362317	0.101064	0.0307033	0.00582683	0.00858518	0.0986255	0.137455	0.208421	0.0878749	0.0152788	0.029193	0.0043162	0.0100596
134	0.0411429	0.00336712	0.227776	0.272406	0.0155621	0.0258822	0.0264502	0.00841235	0.0201452	0.0387668	0.00771502	0.0541442	0.0138927	0.0841457	0.0428402	0.0594121	0.0322732	0.0158791	0.00159327	0.00819377
135	0.0434545	0.00317338	0.232582	0.202249	0.0131706	0.0258068	0.0454882	0.00885829	0.011829	0.0200888	0.00522018	0.106493	0.00889015	0.0636217	0.0175255	0.118656	0.0342826	0.0216398	0.000907298	0.016063
136	0.0767924	0.00809686	0.0859918	0.0839407	0.0158904	0.0620747	0.0211366	0.0258051	0.0405863	0.0367451	0.0186032	0.0601271	0.0245446	0.0445002	0.0371441	0.143458	0.169932	0.0315664	0.00108288	0.0119824
137	0.0522	0.00832181	0.0131853	0.0336069	0.0204522	0.021537	0.0612348	0.0292556	0.0355757	0.0489206	0.0275037	0.0183553	0.268994	0.062377	0.0937499	0.0955299	0.0454759	0.0369534	0.00485644	0.0219145
138	0.0138014	0.00777153	0.00198494	0.00237624	0.148136	0.00775636	0.00165739	0.10939	0.000654682	0.532019	0.0685038	0.00135098	0.000581336	0.00855666	0.0149959	0.0111635	0.00450301	0.0378246	0.0216019	0.0053705
139	0.0333085	0.0118998	0.00553109	0.00599241	0.103263	0.0142437	0.00331041	0.153335	0.00339355	0.425035	0.0655322	0.00358657	0.00478539	0.00760242	0.0101268	0.0201834	0.0186497	0.0878342	0.0129194	0.00946788
140	0.0155621	0.0199071	0.00555275	0.00172194	0.362107	0.00711029	0.0595711	0.0502527	0.0117715	0.0692744	0.00278895	0.0178635	0.00711808	0.00587593	0.0239756	0.0497025	0.00462704	0.0269643	0.0174035	0.24085
141	0.0731925	0.0213548	0.0203184	0.0196597	0.124574	0.0416803	0.0405554	0.0329052	0.0223552	0.049973	0.0139961	0.0478723	0.0154521	0.0215045	0.0494649	0.161891	0.0663978	0.0334528	0.00993413	0.133466
142	0.0261683	0.0120384	0.00364043	0.00248563	0.0848506	0.00987637	0.00106813	0.201274	0.000541861	0.410922	0.0702476	0.00128277	0.00199201	0.00413595	0.00483705	0.0107391	0.0166998	0.125539	0.00889096	0.00276931
143	0.0417763	0.00757633	0.00221181	0.00249502	0.0379293	0.011974	0.00241885	0.339052	0.00162767	0.132185	0.0371515	0.00226908	0.00473782	0.00126754	0.00471411	0.0148854	0.0318044	0.31784	0.0036482	0.00243561
144	0.0337448	0.0186324	0.00380639	0.0036131	0.309612	0.0159073	0.0275902	0.0851528	0.00970258	0.166651	0.0240895	0.0103054	0.0062906	0.00526542	0.0140579	0.0448399	0.0172239	0.0640023	0.0140606	0.125452
145	0.106837	0.0146882	0.0134078	0.0248841	0.0309169	0.332954	0.0100364	0.0307209	0.0390552	0.035925	0.0182243	0.0279753	0.00768368	0.0266405	0.0448978	0.120154	0.0478532	0.043588	0.0078192	0.0157383
146	0.0477928	0.00566015	0.122197	0.200456	0.0168115	0.0437136	0.0358526	0.0221798	0.0471861	0.0321244	0.0135379	0.0602378	0.0256745	0.0771463	0.0676739	0.091359	0.0465938	0.0284515	0.00308745	0.0122641
147	0.119866	0.0213265	0.0156483	0.0246533	0.0263297	0.298767	0.0121873	0.0162687	0.0313104	0.0241665	0.0140833	0.0349929	0.0113436	0.0236104	0.0425351	0.175179	0.0573323	0.026969	0.00687367	0.0165567
148	0.0644381	0.0103006	0.00405805	0.00524304	0.0493172	0.0290046	0.00555289	0.231108	0.0040498	0.102361	0.0383188	0.00602657	0.00586199	0.00320752	0.00921085	0.0573268	0.0831657	0.278006	0.00394619	0.00949609
149	0.0927995	0.0170522	0.00407619	0.00470328	0.0749863	0.030159	0.00327936	0.184731	0.00301341	0.214955	0.0404881	0.00379117	0.00615602	0.00256151	0.00712399	0.0352442	0.042128	0.221355	0.00258016	0.00881575
150	0.032223	0.0090705	0.0872253	0.0349749	0.0188806	0.0557559	0.0496094	0.0192888	0.0422524	0.0203368	0.0110614	0.276819	0.016457	0.0244556	0.0521828	0.144848	0.0495493	0.0216139	0.00410088	0.0292948
151	0.0423958	0.00620341	0.198471	0.143423	0.0203292	0.0348083	0.0362039	0.0232925	0.024742	0.0429503	0.0144393	0.125114	0.013032	0.0506223	0.0299962	0.0975033	0.049708	0.0260283	0.00256837	0.0181684
152	0.426225	0.0145963	0.00967043	0.0151041	0.029049	0.039592	0.00981867	0.0370733	0.00981161	0.0416512	0.014774	0.0100254	0.0110627	0.00950479	0.0148056	0.15486	0.0782187	0.0611532	0.00221701	0.0107865
153	0.219883	0.0093704	0.00479412	0.00536985	0.0296663	0.0301798	0.00341002	0.0558957	0.00762086	0.043467	0.0233565	0.00620194	0.014818	0.00356638	0.0148409	0.144832	0.262817	0.106491	0.000937324	0.0124816
154	0.674304	0.0103654	0.00120393	0.00165436	0.00299172	0.0110523	0.00928998	0.00330853	0.00441179	0.0135222	0.00231867	0.00456955	0.00404155	0.00136801	0.00498227	0.202761	0.034529	0.010016	0.000807493	0.00250251
155	0.0183045	0.00315832	0.000975605	0.00286049	0.0150384	0.00327665	0.00133521	0.534699	0.00102282	0.063609	0.0352788	0.00317488	0.00447404	0.000703508	0.0025592	0.00397539	0.0213997	0.28129	0.00157245	0.00129186
156	0.0624406	0.0246315	0.00454839	0.00419324	0.0729217	0.0213962	0.00273665	0.254718	0.00166463	0.227036	0.0384712	0.00186136	0.00224482	0.00173466	0.00326932	0.0233904	0.0276179	0.218405	0.0025041	0.00421471
157	0.0285857	0.014152	0.00417825	0.00253439	0.0813426	0.0097803	0.000870685	0.220735	0.000456224	0.383937	0.056598	0.0010176	0.00137271	0.00350397	0.00392228	0.00950218	0.0141291	0.153326	0.00722446	0.00283186
158	0.0166091	0.0205898	0.0020518	0.0014883	0.404917	0.00517031	0.0396596	0.0546397	0.0120539	0.100189	0.00925761	0.0121624	0.00598349	0.00324337	0.0111738	0.0446032	0.00455416	0.0303607	0.0188521	0.202441
159	0.0197427	0.0121064	0.0176918	0.0416309	0.0117535	0.0618187	0.0795458	0.00564556	0.127971	0.00555284	0.00595808	0.182686	0.00333918	0.0301861	0.159506	0.153632	0.0517693	0.0065813	0.00412007	0.0187635
160	0.533152	0.0046975	0.00136873	0.00113721	0.00280476	0.0106837	0.00490684	0.0121924	0.00309342	0.0181036	0.00740654	0.00272129	0.00773313	0.00117325	0.00650402	0.187995	0.154928	0.0333812	0.00097131	0.00504577
161	0.0332969	0.0172813	0.0052449	0.0027839	0.0659019	0.00934292	0.000512852	0.276025	0.0003598	0.315319	0.044387	0.000764431	0.0012124	0.00154905	0.00249199	0.0083644	0.0135836	0.197647	0.00211988	0.00181199
162	0.0292489	0.00371772	0.016155	0.109711	0.00428096	0.0379273	0.0599612	0.0059823	0.12151	0.0324991	0.00952204	0.0149191	0.0696356	0.147283	0.18065	0.0905033	0.0204167	0.0301751	0.00714546	0.00875592
163	0.0141865	0.007541	0.0374446	0.0344869	0.0058802	0.0268766	0.0332429	0.00850687	0.238856	0.0048912	0.00627681	0.184617	0.00256369	0.0188641	0.178536	0.124814	0.0552956	0.00708128	0.00169516	0.00834343
164	0.024256	0.0120084	0.00366176	0.00259411	0.101523	0.00874592	0.000991044	0.199594	0.000417386	0.417043	0.0628515	0.000894249	0.00132606	0.00483798	0.00664925	0.0097721	0.0123923	0.115082	0.0107208	0.00463922
165	0.0361066	0.0197141	0.00593599	0.00283569	0.0708989	0.0101818	0.000437379	0.245924	0.000299843	0.348559	0.0420336	0.000434548	0.00025684	0.0014949	0.00237813	0.00867147	0.0110076	0.188911	0.00215303	0.00176653
166	0.15874	0.0209842	0.00378046	0.012258	0.0432691	0.390664	0.00357376	0.0127763	0.0220935	0.0359491	0.0128431	0.0248429	0.00370219	0.00821267	0.0232898	0.130059	0.032209	0.029658	0.00391036	0.0271848
167	0.0221022	0.00459035	0.112393	0.058144	0.00492691	0.0263455	0.0400207	0.0096492	0.0422827	0.00714014	0.00382318	0.313197	0.0134155	0.0154156	0.0384501	0.200904	0.058246	0.0178866	0.000912017	0.0101553
168	0.0578857	0.022517	0.00784677	0.00667139	0.303613	0.0275472	0.0282783	0.0537677	0.0114275	0.0902995	0.0188557	0.0173302	0.0100785	0.005941	0.0178641	0.102233	0.0429816	0.0542725	0.0118542	0.108735
169	0.0172305	0.0119526	0.00270966	0.00212678	0.120255	0.010512	0.00115384	0.136182	0.000460868	0.51804	0.0590217	0.000947167	0.000474848	0.00578857	0.00762969	0.00901268	0.00589261	0.072965	0.014342	0.00330172
170	0.0436903	0.0124893	0.0217146	0.0193002	0.0650572	0.0332889	0.0573168	0.0366927	0.0229839	0.0824961	0.0221838	0.0477369	0.0284387	0.060711	0.0916156	0.106978	0.0412633	0.0325359	0.00794721	0.16556
171	0.0401289	0.0150911	0.00560791	0.0047896	0.0852217	0.0154761	0.00199181	0.199497	0.00167486	0.354366	0.054703	0.00241018	0.00255767	0.00360259	0.00548457	0.0175574	0.0186046	0.158229	0.00630403	0.0067018
172	0.0230121	0.0123615	0.00313631	0.00244205	0.146888	0.0100451	0.00475371	0.131831	0.00240899	0.451029	0.0604754	0.00240969	0.00288999	0.00564943	0.00889916	0.0165741	0.00865829	0.0727131	0.0151691	0.0186542
173	0.202417	0.0392412	0.000742224	0.0069531	0.149345	0.075323	0.004049	0.0854905	0.000831881	0.0802096	0.0157886	0.00121524	0.000801953	0.000770864	0.00150097	0.0787638	0.0786297	0.173199	0.000340741	0.00438756
174	0.256819	0.000957836	0.00125557	0.00102582	0.00417672	0.0142667	0.00117725	0.0277951	0.00475719	0.0297612	0.0158231	0.00142078	0.01702	0.00115766	0.0134055	0.174987	0.341393	0.0808683	0.000547422	0.0113847
175	0.120067	0.033074	0.023666	0.0222444	0.0259	0.0491965	0.0237166	0.0234917	0.0247601	0.0294228	0.014523	0.0635199	0.0174846	0.0175534	0.0380168	0.295412	0.11897	0.0319321	0.00809649	0.0189525
176	0.0897291	0.0699683	0.0141806	0.0112691	0.0367366	0.0455591	0.00849914	0.0357179	0.00915076	0.0353513	0.011414	0.032456	0.00811034	0.00739258	0.0166619	0.296777	0.207829	0.0456211	0.00788455	0.00969086
177	0.0549272	0.0218984	0.00527701	0.0031386	0.0786973	0.0181493	0.0007241	0.229052	0.000354622	0.318209	0.0402305	0.000494644	0.00030809	0.00138255	0.00234982	0.0147815	0.0169159	0.189241	0.00183332	0.00203511
178	0.0253258	0.0121397	0.00439866	0.00272987	0.0791147	0.00940893	0.00120109	0.245451	0.00068155	0.373238	0.0594389	0.00173888	0.00261455	0.00359494	0.00460588	0.0102916	0.018514	0.13487	0.00773167	0.00291029
179	0.104042	0.0162715	0.0120322	0.0243844	0.0311719	0.328314	0.0116743	0.0292995	0.0318285	0.0370031	0.0167129	0.0262384	0.00866141	0.030515	0.0466169	0.128181	0.0471173	0.0436689	0.00822935	0.018037
180	0.052261	0.00131283	0.000749734	0.000850465	0.0319167	0.0101061	0.00461295	0.270255	0.00284711	0.0541047	0.0119857	0.00118475	0.00644666	0.000876841	0.00488721	0.0115058	0.011659	0.513116	0.00788002	0.00144142
181	0.206286	0.0375371	0.000683602	0.00763186	0.144029	0.0787334	0.00367646	0.0851288	0.000782876	0.0793601	0.0173719	0.00114208	0.000758234	0.000711388	0.00151845	0.0726711	0.0769034	0.180029	0.00037426	0.00467097
182	0.116187	0.0154937	0.013667	0.0187076	0.0342386	0.346316	0.0108733	0.0261163	0.0278618	0.0374726	0.0169461	0.0321296	0.0060531	0.0198703	0.0369324	0.13066	0.046757	0.0400682	0.00659526	0.0170547
183	0.0508204	0.00938173	0.00673462	0.00598423	0.084108	0.0184717	0.00548348	0.13421	0.00322129	0.354824	0.112095	0.00428545	0.00475827	0.00640917	0.0158008	0.0348644	0.0345986	0.0942502	0.00685471	0.0128436
184	0.0372935	0.0191162	0.00571632	0.00280167	0.0701595	0.0105929	0.000568179	0.2456	0.000350444	0.340772	0.0415116	0.000524941	0.000452008	0.00153845	0.00241335	0.00914426	0.0113317	0.195902	0.00239893	0.00181243
185	0.251638	0.00366714	0.00221577	0.00190614	0.00486068	0.0149784	0.0019485	0.0283478	0.00564655	0.0273939	0.0171825	0.00291322	0.0211103	0.00187807	0.0143823	0.1801	0.328501	0.0793316	0.00075281	0.0112447
186	0.634723	0.0123496	0.0019	0.00247036	0.00392333	0.0146775	0.00912695	0.00443386	0.00579905	0.0144648	0.00368767	0.00628897	0.00507045	0.00196462	0.00655245	0.208644	0.0468019	0.0125124	0.00125149	0.00335735
187	0.0181542	0.0209721	0.00192777	0.00141994	0.40336	0.00443382	0.0412628	0.0509288	0.0132317	0.0780157	0.00302776	0.0120913	0.00577983	0.00245141	0.0108285	0.0454716	0.00420977	0.0278392	0.0196765	0.234917
188	0.0243838	0.00277416	0.000781143	0.00235279	0.0184762	0.00423876	0.00137582	0.470782	0.00122588	0.0716075	0.0375062	0.0026877	0.00486713	0.000687432	0.00239798	0.00418411	0.0246124	0.321284	0.00190289	0.00187211
189	0.0208713	0.00902679	0.00262365	0.0024562	0.103304	0.00841432	0.00137197	0.170938	0.000516354	0.450337	0.0840033	0.00139376	0.00247802	0.00595359	0.00728555	0.0113088	0.0157022	0.0839911	0.0142979	0.00372612
190	0.015445	0.00317951	0.0135449	0.0251982	0.0017715	0.00902434	0.0141405	0.0169914	0.459618	0.00426544	0.0114472	0.0565639	0.00173329	0.0342029	0.279142	0.0330882	0.0127255	0.00444793	0.00123074	0.00224024
191	0.139399	0.00411503	0.0151115	0.0157922	0.027468	0.0417223	0.00823851	0.023103	0.058083	0.0292141	0.0380611	0.0167725	0.0103733	0.0168577	0.0519932	0.168374	0.262945	0.0574152	0.00139733	0.0135643
192	0.0285944	0.00939203	0.00360405	0.00366808	0.0952255	0.010076	0.00180947	0.16028	0.00113705	0.425224	0.0889557	0.00237766	0.00287525	0.00612111	0.0100619	0.0241421	0.0254449	0.0844536	0.0117778	0.00477944
193	0.0773471	0.117202	0.0108289	0.0104791	0.0826944	0.0330484	0.0271389	0.0270606	0.0160631	0.0362839	0.0134412	0.0875249	0.0174137	0.0119763	0.0289647	0.185118	0.0473845	0.0273125	0.0123886	0.130329
