274	20
1	0.0973024	0.0103159	0.00234669	0.00337345	0.00180468	0.00135568	0.0184752	0.0445954	0.241492	0.132482	0.0167096	0.00677653	0.000707795	0.0468648	0.171645	0.0490204	0.0686472	0.083267	0.000514246	0.00230358
2	0.0439938	0.00161029	0.0395242	0.0566685	0.00571895	0.0067839	0.0234983	0.00862164	0.344364	0.00663195	0.00742503	0.0713354	0.0285138	0.0818428	0.171727	0.0502624	0.030932	0.0126694	0.00032327	0.00755417
3	0.0447301	0.0776609	0.0129907	0.00361198	0.108303	0.0195802	0.146298	0.00727922	0.0665723	0.0177486	0.00297711	0.155234	0.00106432	0.0132146	0.0664221	0.095166	0.033949	0.00832643	0.000664768	0.118207
4	0.0267731	0.00129368	0.00247062	0.00272796	0.291549	0.00175957	0.00316621	0.0138157	0.00362785	0.412403	0.148329	0.00342499	0.000847686	0.00321713	0.00275346	0.00406611	0.00377376	0.00981207	0.00300198	0.0611875
5	0.0475082	0.00108943	0.0802054	0.0120505	0.00711469	0.0059848	0.0420704	0.0056511	0.0488029	0.00510469	0.014983	0.371846	0.000974305	0.0570855	0.0107252	0.188629	0.0868293	0.00484908	0.00048455	0.00801177
6	0.00457231	0.00234436	0.00113688	0.00110358	0.0157305	0.000606717	0.000934913	0.337702	0.00142415	0.486463	0.0147686	0.00205898	0.00135704	0.00139301	0.00123878	0.00164246	0.00329048	0.12002	0.000344825	0.00186703
7	0.01367	0.00360528	0.00648202	0.00695909	0.00527492	0.00469588	0.455778	0.0145906	0.0116159	0.0573151	0.0125082	0.0105688	0.00227615	0.299184	0.0507127	0.0124832	0.00936436	0.0156214	0.00128227	0.00601238
8	0.082376	0.00331727	0.141718	0.239672	0.00744702	0.022899	0.023833	0.0149623	0.0983855	0.0329999	0.0152395	0.0453017	0.0164045	0.0788303	0.0391847	0.0668815	0.0399223	0.0202578	0.00214175	0.00822627
9	0.0814477	0.0332795	0.00255032	0.0199917	0.17517	0.0142165	0.140452	0.0111072	0.0104396	0.00549313	0.00691881	0.0696382	0.000581643	0.00304831	0.00958355	0.0627144	0.00466179	0.0275956	0.0147367	0.306374
10	0.015586	0.002433	0.0230109	0.0140487	0.011314	0.00297248	0.0813593	0.144392	0.010408	0.109353	0.088911	0.0236769	0.00269101	0.311317	0.0278247	0.0085469	0.0178999	0.0752457	0.00166123	0.0273485
11	0.629075	0.0337406	0.000979299	0.00268728	0.00106861	0.116264	0.00126048	0.00731593	0.00190638	0.00226577	0.00137646	0.00196536	0.00054314	0.00542682	0.00135223	0.139275	0.0216624	0.0267988	0.00028092	0.00475477
12	0.0696105	0.0047863	0.00773252	0.0297094	0.0656028	0.00664473	0.0594785	0.145812	0.0897742	0.126968	0.0614769	0.00835099	0.00325536	0.06123	0.0175674	0.0300617	0.0417223	0.116466	0.00190351	0.0518468
13	0.0512485	0.000703511	0.241033	0.316249	0.000409079	0.0304259	0.0107025	0.00271271	0.0660282	0.00503476	0.000506393	0.0533338	0.0083719	0.0819494	0.00530318	0.0702053	0.0450027	0.0085128	0.00188106	0.000385581
14	0.00307492	0.000756302	0.00107432	0.00126029	0.0113826	0.000746894	0.00114696	0.325684	0.00144055	0.570538	0.00994557	0.00211856	0.000479213	0.00145622	0.00138257	0.00190756	0.00242967	0.0615309	0.000365572	0.0012793
15	0.00861681	0.00129032	0.00165956	0.00340941	0.0780601	0.00132629	0.0112239	0.0339273	0.0246455	0.528911	0.195987	0.0110539	0.000828328	0.014515	0.0179607	0.00408127	0.0033164	0.0199279	0.0110398	0.0282195
16	0.108645	0.0240607	0.00166545	0.0272834	0.174739	0.0161041	0.157037	0.0139236	0.00567905	0.00330897	0.00833179	0.0580011	0.000641488	0.00187035	0.00449581	0.0746353	0.0026882	0.037122	0.0180903	0.261677
17	0.0179302	0.00177387	0.177065	0.0645199	0.00219793	0.313056	0.00270593	0.0049459	0.06473	0.00503636	0.0146396	0.281305	0.00117365	0.0282542	0.00331353	0.00432115	0.00441965	0.00546187	0.000800407	0.0023488
18	0.0442344	0.0501959	0.00101755	0.00135443	0.00112226	0.00624719	0.00116552	0.142378	0.00158074	0.0520871	0.00190128	0.00154696	0.000542248	0.00131028	0.00132259	0.00192132	0.0054633	0.683306	0.000276024	0.00102644
19	0.151381	0.000581341	0.0440442	0.0510154	0.000748441	0.0189225	0.00975193	0.00992992	0.0617553	0.014984	0.00119817	0.0316897	0.325463	0.0516154	0.0398537	0.110638	0.0669926	0.00853724	0.000216529	0.000681553
20	0.0120521	0.0349442	0.00342473	0.00343394	0.00306578	0.00283195	0.00337202	0.175479	0.00528576	0.0140143	0.00713572	0.00441859	0.00121659	0.00432426	0.00333429	0.0060264	0.176056	0.535985	0.000864678	0.00273425
21	0.11743	0.00359676	0.0319536	0.0760957	0.00529474	0.0129671	0.0108673	0.044045	0.0513741	0.0275542	0.00890917	0.022906	0.28045	0.124724	0.0302868	0.0754563	0.0468603	0.023566	0.00141215	0.00425055
22	0.0524157	0.000641497	0.0367507	0.0218087	0.0102005	0.00126618	0.0280192	0.0126641	0.375164	0.00200975	0.00329516	0.0694193	0.0569874	0.0751571	0.151401	0.0529746	0.0208827	0.0170427	0.000305495	0.0115949
23	0.106548	0.0333174	0.00298704	0.0223869	0.17808	0.0285015	0.139951	0.0134222	0.00995912	0.005293	0.00753289	0.0599207	0.000857427	0.00331667	0.00936222	0.0864222	0.00530877	0.033565	0.0160783	0.237189
24	0.0949722	0.0295773	0.0188154	0.0915915	0.0380476	0.0435603	0.00778502	0.118814	0.0977386	0.0696258	0.0207156	0.0202888	0.00379522	0.0405912	0.0407328	0.045375	0.0565488	0.105483	0.00127086	0.0546705
25	0.150129	0.00460524	0.00254316	0.00324828	0.0062633	0.00313761	0.00245681	0.113952	0.00375604	0.0928945	0.0783757	0.012024	0.098596	0.00309961	0.00572431	0.01253	0.0520365	0.351698	0.000707753	0.00222157
26	0.536681	0.134789	0.0015091	0.0165773	0.00623335	0.00260302	0.00613156	0.0234373	0.00213276	0.0278775	0.00944987	0.00248507	0.000845727	0.00236397	0.00153986	0.0941033	0.0306585	0.0948141	0.000493919	0.00527392
27	0.0696927	0.00136283	0.103554	0.119134	0.0201086	0.0542531	0.0253502	0.00287505	0.139603	0.0126689	0.0119029	0.0725033	0.000894068	0.0368981	0.0748495	0.17005	0.0752562	0.00533352	0.000451387	0.00325824
28	0.057113	0.000938969	0.223738	0.309153	0.000984408	0.0298146	0.0130218	0.00390434	0.0742632	0.00890194	0.0015579	0.0527659	0.00921907	0.0803413	0.0102314	0.0673206	0.0437597	0.00949338	0.00284194	0.000635395
29	0.021098	0.00610178	0.0039969	0.00102037	0.0925953	0.000760285	0.0147332	0.177231	0.0105221	0.303485	0.0847313	0.00199578	0.000391078	0.00126565	0.00127419	0.0016013	0.00584441	0.166096	0.0111959	0.0940605
30	0.0803743	0.0386992	0.00114434	0.00223361	0.00248715	0.00476564	0.00141755	0.133435	0.00243709	0.0693542	0.0202995	0.00455708	0.0112206	0.00165471	0.00365254	0.00435408	0.0150736	0.600463	0.000394453	0.00198207
31	0.00453745	0.000512113	0.000610549	0.000530985	0.00382869	0.000407638	0.000436683	0.413144	0.00254342	0.122983	0.00945466	0.00145144	0.00131629	0.00305344	0.000817796	0.000868923	0.0114662	0.418957	0.000154522	0.00292521
32	0.049599	0.00429056	0.029143	0.0587584	0.0059581	0.00895393	0.0231596	0.0146616	0.322895	0.0225972	0.0130496	0.0682346	0.0257498	0.0829242	0.149952	0.0540687	0.0381963	0.0179779	0.000363031	0.00946733
33	0.581798	0.0978391	0.00145328	0.0148004	0.00438725	0.0352617	0.00420999	0.0168714	0.00212769	0.0177894	0.00645957	0.00238948	0.000608168	0.00334168	0.00128633	0.109416	0.0270601	0.0673484	0.000430237	0.00512194
34	0.0308888	0.00296246	0.0269958	0.0395958	0.00551385	0.00962996	0.301998	0.0226782	0.0556165	0.0438441	0.0153653	0.0362747	0.00711057	0.266644	0.0507868	0.0301373	0.0221187	0.0209747	0.0016266	0.00923764
35	0.0438627	0.0489368	0.00102505	0.00133195	0.00131637	0.00619587	0.00118424	0.147885	0.0015774	0.0508656	0.00192461	0.00155379	0.000600846	0.00128763	0.00137827	0.00195676	0.00535423	0.680123	0.000276275	0.00136348
36	0.0261328	0.00828854	0.0114144	0.022153	0.0166207	0.00793741	0.334298	0.0299799	0.0215907	0.171926	0.0510204	0.0178619	0.00528832	0.13847	0.0348309	0.0246168	0.0223669	0.0309618	0.00348303	0.0207583
37	0.54513	0.016717	0.00398803	0.00807142	0.00741268	0.00966297	0.00448777	0.0216442	0.00508296	0.0203179	0.00884537	0.00653796	0.00484801	0.00426611	0.0033593	0.104409	0.142335	0.0752881	0.00085005	0.00674674
38	0.056747	0.00202352	0.00379768	0.00389337	0.00264436	0.885936	0.00270016	0.00235337	0.00445834	0.00250907	0.00189578	0.00510251	0.000447574	0.00570463	0.00195789	0.00706032	0.00286568	0.00362564	0.000811187	0.00346632
39	0.0620522	0.00187118	0.00103911	0.00138817	0.000870049	0.899166	0.00109624	0.00217973	0.00186902	0.00320501	0.00149821	0.00157287	0.000705531	0.00486386	0.00177425	0.00745743	0.00266394	0.00346769	0.000340743	0.000918383
40	0.0632257	0.0101229	0.0361755	0.064231	0.0141274	0.0155126	0.0360054	0.0322624	0.179352	0.0570641	0.0243349	0.0523752	0.0249814	0.066253	0.151854	0.0579619	0.0514409	0.0440127	0.0027231	0.015983
41	0.0522651	0.0011399	0.0233993	0.0268576	0.00209149	0.750821	0.00625774	0.00523106	0.0220247	0.00619007	0.00382113	0.0270914	0.00270443	0.0248685	0.00820846	0.019482	0.00932245	0.00530555	0.00073544	0.00218316
42	0.0208303	0.00281673	0.00445684	0.0104628	0.0145735	0.00270433	0.013326	0.0567664	0.149729	0.345876	0.139697	0.0407423	0.00226856	0.0169963	0.062242	0.0114943	0.0203305	0.0549834	0.00862558	0.0210789
43	0.0732753	0.00244498	0.00132618	0.0018867	0.000916433	0.882688	0.00137143	0.00227414	0.00243233	0.00241373	0.00161408	0.00203373	0.000440463	0.00465768	0.00177872	0.00959158	0.00365705	0.00386779	0.000336836	0.000992992
44	0.021098	0.00610178	0.0039969	0.00102037	0.0925953	0.000760285	0.0147332	0.177231	0.0105221	0.303485	0.0847313	0.00199578	0.000391078	0.00126565	0.00127419	0.0016013	0.00584441	0.166096	0.0111959	0.0940605
45	0.665554	0.0166581	0.00134049	0.00327852	0.00669231	0.00338119	0.00164513	0.0234221	0.00156762	0.0153933	0.00474668	0.00137354	0.00055922	0.00139176	0.00130307	0.0935561	0.0538081	0.0985674	0.000306703	0.00545447
46	0.108018	0.00114442	0.0866267	0.12107	0.0135999	0.0767142	0.0242667	0.00411814	0.127698	0.0112329	0.0081599	0.0576693	0.00147317	0.0267067	0.0639665	0.202738	0.0573795	0.004963	0.000434136	0.00202047
47	0.0390823	0.00414982	0.0394222	0.0803542	0.000888175	0.0123919	0.0239824	0.00230511	0.328028	0.0109034	0.018421	0.0908755	0.00165553	0.16202	0.086225	0.0483634	0.0338464	0.00346909	0.000176084	0.0134406
48	0.0137199	0.00354124	0.00343818	0.0044214	0.0521302	0.00123115	0.0166466	0.0981942	0.0284094	0.40352	0.174086	0.0104713	0.00154339	0.0141599	0.0185132	0.00509014	0.00922284	0.0740209	0.0195838	0.0480569
49	0.00307492	0.000756302	0.00107432	0.00126029	0.0113826	0.000746894	0.00114696	0.325684	0.00144055	0.570538	0.00994557	0.00211856	0.000479213	0.00145622	0.00138257	0.00190756	0.00242967	0.0615309	0.000365572	0.0012793
50	0.0196078	0.00170348	0.171756	0.0623981	0.00211908	0.305966	0.00329317	0.00509193	0.0684735	0.00532113	0.0146227	0.28259	0.00114406	0.0309289	0.00450735	0.00691035	0.00489411	0.00544013	0.000786211	0.00244631
51	0.048556	0.00446732	0.0390989	0.0667098	0.00253422	0.00858537	0.0663992	0.00437089	0.254302	0.0103599	0.0213303	0.112592	0.00199593	0.180176	0.0572547	0.0489264	0.0219082	0.00476228	0.000489343	0.0451801
52	0.0111604	0.00462809	0.00295143	0.019451	0.00502272	0.00261502	0.0186184	0.024643	0.186404	0.0789113	0.0365896	0.116748	0.00206072	0.0258965	0.192296	0.0295246	0.148758	0.0495727	0.000785071	0.0433639
53	0.00566341	0.00325083	0.0013149	0.00169012	0.0153192	0.000756582	0.00178497	0.326515	0.00225276	0.51681	0.018528	0.00262493	0.0018421	0.00186418	0.00180255	0.00195247	0.0036197	0.0886512	0.000570402	0.00318641
54	0.00592111	0.00176876	0.00260843	0.00283162	0.0456566	0.00191815	0.00258952	0.430809	0.00367867	0.0245705	0.00624484	0.00487322	0.00270328	0.00305487	0.01415	0.00397988	0.00650587	0.407199	0.00062191	0.0283148
55	0.0885763	0.0113493	0.0709476	0.0581792	0.0162299	0.0175598	0.0213584	0.0468119	0.0739989	0.050267	0.0192999	0.0692443	0.0322371	0.0371325	0.0373115	0.100041	0.166049	0.0635084	0.00322982	0.0166686
56	0.0527521	0.00198578	0.0357451	0.0209359	0.0131523	0.00170028	0.0313488	0.015062	0.3648	0.00324346	0.00391974	0.0699877	0.0558419	0.0743854	0.149091	0.0524332	0.0209805	0.0176355	0.000370938	0.0146276
57	0.0693566	0.00693805	0.0589823	0.0975838	0.00892734	0.0220757	0.0705962	0.0307365	0.119828	0.0466871	0.0226527	0.0585909	0.0189449	0.172549	0.0537732	0.0537832	0.0437286	0.0311959	0.00274425	0.0103267
58	0.0754013	0.0078462	0.0488865	0.0318101	0.0119269	0.025353	0.0207229	0.014465	0.0436464	0.0557885	0.00805827	0.123778	0.0110094	0.0226313	0.0168835	0.237868	0.209167	0.0226612	0.00101886	0.0110772
59	0.168474	0.00068328	0.0433909	0.0477271	0.000936862	0.0273248	0.0113073	0.0101727	0.0638845	0.0142296	0.00177488	0.0385155	0.274625	0.0475218	0.0350682	0.136846	0.067469	0.00906117	0.000267892	0.000719363
60	0.152497	0.000502197	0.0436331	0.0532594	0.000781571	0.0194127	0.00956831	0.0099541	0.0622986	0.0145757	0.00120927	0.030602	0.325895	0.0508132	0.0381765	0.111613	0.065689	0.00859785	0.000243773	0.000677605
61	0.139167	0.000733077	0.0613736	0.269594	0.000594729	0.0141221	0.0296654	0.015001	0.144372	0.030603	0.0120807	0.0196596	0.00244252	0.105577	0.0700069	0.0357514	0.0297448	0.0185751	0.000281691	0.000653489
62	0.0557285	0.00120162	0.0148693	0.00661369	0.000938189	0.87432	0.00161942	0.00227698	0.00453058	0.00226821	0.00147267	0.0088675	0.000632081	0.00658316	0.00186037	0.00812755	0.00384469	0.00281851	0.000335923	0.00109065
63	0.0728089	0.00870924	0.00288473	0.00606299	0.00346262	0.00222665	0.014229	0.0689898	0.250608	0.123277	0.0155131	0.00802254	0.00275588	0.0614465	0.158117	0.0557999	0.0620884	0.0783848	0.000645534	0.0039669
64	0.00935246	0.00206207	0.00385023	0.0610196	0.00451533	0.00330317	0.00443371	0.133559	0.0931062	0.168253	0.00543789	0.00683456	0.238994	0.0592663	0.0605808	0.0249288	0.00701076	0.10875	0.00119093	0.00355054
65	0.0433113	0.0528233	0.00114328	0.00140008	0.0013798	0.00623997	0.00128386	0.140064	0.0017771	0.0514013	0.00214159	0.00196936	0.000691948	0.00160969	0.00158394	0.00214017	0.00656048	0.680661	0.000345702	0.00147143
66	0.0285659	0.000911371	0.0791413	0.0138603	0.00847614	0.00287594	0.0428775	0.00294285	0.0519585	0.00319144	0.00906077	0.37558	0.000614286	0.0485255	0.0105748	0.201751	0.107199	0.00340111	0.00034992	0.00814285
67	0.0400474	0.0020099	0.0375806	0.0820066	0.00151688	0.00850428	0.0226747	0.00275499	0.318538	0.00591529	0.0123433	0.09453	0.00281435	0.122943	0.106726	0.0699561	0.0564322	0.00601815	0.00017516	0.00651312
68	0.0126612	0.0101141	0.00129998	0.00130371	0.0150776	0.00167781	0.00154171	0.276627	0.00249527	0.409228	0.018385	0.00323892	0.00150305	0.00178234	0.00174104	0.00210543	0.00420074	0.229545	0.000736438	0.00473547
69	0.0261478	0.00124916	0.00240793	0.00269675	0.295439	0.0018003	0.00277559	0.0112392	0.00322823	0.414557	0.149363	0.00345865	0.000854695	0.00321772	0.00270388	0.00395028	0.00373437	0.00749525	0.002911	0.0607703
70	0.00534869	0.00189302	0.000511342	0.000513237	0.00265259	0.000509433	0.000416643	0.417972	0.00243357	0.101899	0.00919262	0.00109935	0.000690024	0.00245517	0.000895416	0.0008438	0.0112744	0.436285	0.000139843	0.00297499
71	0.463902	0.151585	0.00204098	0.0240389	0.00642471	0.00187426	0.0116486	0.0202473	0.00312882	0.0251059	0.0147749	0.00404549	0.00135704	0.00332917	0.00209956	0.104047	0.0584925	0.0960562	0.000533901	0.00526675
72	0.109126	0.000912769	0.0933767	0.264458	0.000587453	0.0158691	0.024359	0.0113564	0.145962	0.0230827	0.00930885	0.0320054	0.00351862	0.104176	0.0598769	0.0455741	0.0381075	0.0165397	0.000523719	0.00127808
73	0.634106	0.0339973	0.00100654	0.00266347	0.00090488	0.113613	0.00122311	0.00739146	0.00157996	0.00209092	0.00132911	0.00171524	0.000543543	0.00546957	0.0012668	0.138274	0.0214806	0.0263413	0.000279313	0.00472395
74	0.0187827	0.0200984	0.00215952	0.0011014	0.0569524	0.000751908	0.00345427	0.319845	0.00282323	0.297721	0.0869407	0.00141537	0.000567317	0.00122595	0.00169543	0.00144779	0.00438588	0.156226	0.0025752	0.0198313
75	0.146075	0.00976825	0.00270307	0.00380445	0.00330125	0.00208429	0.00285085	0.13044	0.00399822	0.137553	0.117495	0.0083623	0.030065	0.00407686	0.0109976	0.00536023	0.0789206	0.298786	0.000710954	0.00264668
76	0.00897978	0.00256194	0.00386705	0.00417325	0.0246755	0.0018228	0.0104359	0.0654205	0.0240668	0.513962	0.136448	0.0399215	0.00126643	0.00909697	0.0182947	0.00669028	0.00611363	0.0795864	0.0086536	0.0339635
77	0.00166197	0.00427843	0.715636	0.0626148	0.00072026	0.0182872	0.00447482	0.00136495	0.0022555	0.00142422	0.00100117	0.0809576	0.00754779	0.0075062	0.0105749	0.0470591	0.0260686	0.00568562	0.000214784	0.000666397
78	0.123458	0.00167272	0.0373795	0.0493872	0.00575505	0.0159434	0.0107939	0.0162609	0.0693854	0.0182412	0.00526992	0.0321359	0.308833	0.0472381	0.0662181	0.0938538	0.0732021	0.0187215	0.000761425	0.00548917
79	0.255708	0.000695417	0.0234325	0.0408074	0.000949795	0.070405	0.0233796	0.00939425	0.0869899	0.0124353	0.00215826	0.0782074	0.00471734	0.0277304	0.0171649	0.274374	0.0635536	0.00679611	0.000253626	0.000847189
80	0.036555	0.00336381	0.00387436	0.00687115	0.0207456	0.00286363	0.00425128	0.235445	0.00929315	0.116858	0.0232564	0.0403058	0.120255	0.00768911	0.00747782	0.00706834	0.0176842	0.329558	0.00118343	0.00540119
81	0.114603	0.0181879	0.00216983	0.00301194	0.0101563	0.00151259	0.00222748	0.168374	0.00341471	0.18106	0.116602	0.00638364	0.0184889	0.00270253	0.013011	0.00344469	0.0521631	0.279458	0.000661807	0.0023666
82	0.0178026	0.0255734	0.00145004	0.0012051	0.0437691	0.000851066	0.00100013	0.360324	0.00121563	0.304865	0.0946286	0.0013536	0.000446236	0.00128902	0.00215514	0.00163194	0.0042281	0.134281	0.000344534	0.00158494
83	0.00361091	0.000880909	0.000544926	0.00049654	0.00356859	0.000354537	0.000411857	0.433936	0.00244386	0.103388	0.011146	0.00103163	0.000568268	0.00232856	0.000936644	0.000814109	0.011634	0.41854	0.000126414	0.00323854
84	0.642167	0.0350695	0.000887428	0.00283854	0.00153651	0.103923	0.00116635	0.00826402	0.00128563	0.00337711	0.00172438	0.00125736	0.000528257	0.0048907	0.00118158	0.125961	0.023834	0.0341824	0.00024472	0.00568126
85	0.0710019	0.219951	0.0133232	0.0160769	0.0348282	0.0113029	0.0429505	0.0270798	0.0540573	0.0281821	0.0144317	0.103508	0.00476416	0.0162315	0.0365682	0.183468	0.0467084	0.0356271	0.00321652	0.0367229
86	0.163105	0.000435698	0.0419923	0.0494913	0.000742588	0.0221608	0.0102733	0.0105414	0.0653514	0.0132703	0.00131806	0.0356597	0.292609	0.0508436	0.0365458	0.128666	0.067217	0.00890347	0.000194384	0.000678948
87	0.138042	0.000754116	0.0613327	0.271072	0.000494497	0.0136179	0.0305426	0.0152406	0.144209	0.0305063	0.0117935	0.0191839	0.00260212	0.105977	0.0702598	0.0349982	0.0296263	0.0187051	0.000283091	0.000760891
88	0.0560701	0.00173295	0.00754034	0.00548714	0.00181054	0.862807	0.00211353	0.00343924	0.00807079	0.00326336	0.00191248	0.0123905	0.000490483	0.00677193	0.00407338	0.00984264	0.00381781	0.00646399	0.000342315	0.00155952
89	0.054958	0.00129006	0.00868199	0.00255273	0.000953109	0.895742	0.00187743	0.0018262	0.00229482	0.00207962	0.00146642	0.00436108	0.000798491	0.00539421	0.00198241	0.00655541	0.00268212	0.00270198	0.000416851	0.00138496
90	0.00890497	0.00323118	0.00379357	0.00492103	0.00367642	0.00273838	0.00384048	0.048032	0.006027	0.0155497	0.330761	0.0109142	0.00173195	0.00512317	0.00453561	0.0242293	0.0534447	0.464611	0.000975431	0.00295901
91	0.00169096	0.00426551	0.715178	0.0629004	0.000720264	0.0183	0.00447667	0.0013699	0.0023148	0.0014323	0.000999779	0.0809618	0.00753965	0.00756855	0.010575	0.0470435	0.0260866	0.00569025	0.000219206	0.000666415
92	0.0248435	0.00801206	0.00472471	0.00966436	0.0208957	0.00311184	0.00702498	0.330333	0.0147297	0.201546	0.0316871	0.00905937	0.00750459	0.0136097	0.0100156	0.0101471	0.0199811	0.258095	0.00242465	0.0125892
93	0.0894689	0.00362419	0.119422	0.23259	0.00642016	0.0249057	0.0254017	0.0180946	0.113181	0.0274045	0.0130063	0.0440574	0.0183758	0.0830045	0.0416263	0.0635563	0.0392777	0.0275539	0.00163445	0.00739509
94	0.0512485	0.000703511	0.241033	0.316249	0.000409079	0.0304259	0.0107025	0.00271271	0.0660282	0.00503476	0.000506393	0.0533338	0.0083719	0.0819494	0.00530318	0.0702053	0.0450027	0.0085128	0.00188106	0.000385581
95	0.00455316	0.00179736	0.000564018	0.000525435	0.00352736	0.000537729	0.000478155	0.423255	0.00262448	0.107858	0.0102794	0.00113936	0.000711874	0.00240566	0.000885337	0.000878111	0.0118058	0.42295	0.000133846	0.00308961
96	0.560534	0.0321807	0.00643023	0.0143538	0.0056138	0.0307611	0.00568692	0.0295325	0.0151317	0.0181092	0.00830141	0.0113377	0.00683056	0.0096757	0.00784084	0.118593	0.043025	0.0701232	0.000608176	0.00533068
97	0.139273	0.000730843	0.0610644	0.271493	0.000497706	0.0135847	0.0299652	0.0149082	0.144693	0.0305277	0.0117686	0.0190722	0.00245693	0.105758	0.0700262	0.0348033	0.0295494	0.0188493	0.000283537	0.000694299
98	0.052291	0.000825812	0.201666	0.273874	0.00216638	0.0262725	0.0119707	0.00270495	0.104248	0.00568848	0.00238077	0.0620178	0.00648831	0.0807118	0.0185319	0.0794727	0.0579725	0.00820005	0.00149293	0.00102269
99	0.0145172	0.00104003	0.0910668	0.00566994	0.0186551	0.00141017	0.0333265	0.00308487	0.0372547	0.00352841	0.00484018	0.263638	0.00093011	0.0321235	0.00927576	0.220455	0.236439	0.00344643	0.000484633	0.0188135
100	0.100455	0.00272784	0.054104	0.10088	0.00699629	0.0144391	0.0114549	0.0232022	0.0662623	0.0261192	0.0070077	0.031014	0.292836	0.058026	0.0342815	0.0825956	0.0551997	0.0249488	0.00126838	0.00618134
101	0.0512485	0.000703511	0.241033	0.316249	0.000409079	0.0304259	0.0107025	0.00271271	0.0660282	0.00503476	0.000506393	0.0533338	0.0083719	0.0819494	0.00530318	0.0702053	0.0450027	0.0085128	0.00188106	0.000385581
102	0.157335	0.00558284	0.00563179	0.0129783	0.00364801	0.00290609	0.00920943	0.0243835	0.150964	0.218199	0.0331731	0.00627472	0.00171238	0.0633061	0.108272	0.100371	0.0333285	0.058309	0.00082348	0.00359183
103	0.0136153	0.0121154	0.00150794	0.00128906	0.0318215	0.000612911	0.00266403	0.355453	0.00339002	0.245757	0.0574976	0.00194262	0.00254744	0.00201084	0.00165201	0.00143058	0.0084273	0.242604	0.00135289	0.012309
104	0.0490996	0.00210064	0.0058182	0.0191666	0.0711095	0.00236906	0.0754804	0.192564	0.083731	0.133813	0.0529189	0.0066983	0.00405229	0.0480466	0.0130696	0.0238456	0.0476818	0.121791	0.00272764	0.0439159
105	0.0094313	0.0129973	0.00603357	0.0129374	0.00806356	0.00348971	0.0125635	0.0164641	0.220399	0.0299888	0.0170143	0.0872452	0.00238349	0.0318987	0.10997	0.0515111	0.276411	0.0469239	0.00129874	0.0429761
106	0.0505588	0.00319787	0.0157787	0.0823513	0.0455212	0.00336915	0.0440114	0.146336	0.0301001	0.134959	0.0565845	0.00926131	0.00554111	0.0930477	0.0269365	0.0126257	0.0732107	0.131186	0.00290939	0.0325129
107	0.0300448	0.00756174	0.013886	0.0802062	0.0641715	0.0104346	0.0110481	0.0418904	0.0942253	0.0371695	0.038162	0.064062	0.140206	0.0194293	0.0515189	0.0493866	0.0933412	0.0874958	0.00290945	0.0628509
108	0.00339339	0.000542237	0.000482523	0.000495418	0.00271404	0.000343113	0.000424455	0.436272	0.00243985	0.0969065	0.00941796	0.000947004	0.000490151	0.00229508	0.000975697	0.00082566	0.0116455	0.42598	0.000132249	0.00327771
109	0.00166197	0.00427843	0.715636	0.0626148	0.00072026	0.0182872	0.00447482	0.00136495	0.0022555	0.00142422	0.00100117	0.0809576	0.00754779	0.0075062	0.0105749	0.0470591	0.0260686	0.00568562	0.000214784	0.000666397
110	0.0330123	0.00340381	0.00371619	0.00627863	0.0220999	0.00273497	0.00382974	0.23517	0.00869745	0.134951	0.0212961	0.0384012	0.119266	0.00702207	0.00741158	0.00672198	0.0155109	0.324991	0.000927245	0.00455845
111	0.010668	0.115777	0.00590066	0.00474493	0.0313781	0.00436368	0.0426628	0.0413406	0.192038	0.0285136	0.00579164	0.07402	0.00192545	0.00907615	0.076139	0.125295	0.12146	0.0533021	0.00113698	0.0544671
112	0.0225209	0.00535473	0.577391	0.100727	0.00197599	0.0286752	0.00679299	0.00459156	0.0231031	0.0049665	0.00256561	0.079509	0.00829509	0.0241042	0.014565	0.0526902	0.0307798	0.00898966	0.000476787	0.00192542
113	0.528924	0.142901	0.00157348	0.0178302	0.00558427	0.00505664	0.00659306	0.0217212	0.00222098	0.0268388	0.00914723	0.00253331	0.000750416	0.0025761	0.00143351	0.0989741	0.0291832	0.0906462	0.000495804	0.00501605
114	0.0463591	0.003611	0.0189925	0.0434855	0.00458186	0.0172752	0.00531965	0.0309175	0.00717636	0.19375	0.00729041	0.0594689	0.0026606	0.00653681	0.00569106	0.214306	0.271236	0.056013	0.00138247	0.00394578
115	0.00808908	0.00236899	0.00385749	0.00589861	0.0120889	0.00287808	0.0121517	0.0178433	0.0201057	0.425439	0.290515	0.00876609	0.00201939	0.127808	0.0143475	0.00760927	0.00760886	0.0108729	0.00677777	0.0129559
116	0.00903625	0.0042927	0.000914573	0.000835358	0.0158824	0.000627566	0.000732272	0.361656	0.00205317	0.257456	0.0219101	0.00292384	0.00340468	0.00235077	0.00119413	0.0013467	0.00793908	0.302712	0.000213307	0.00251899
117	0.0872688	0.00758292	0.137573	0.24179	0.00922277	0.0236844	0.0185684	0.0182565	0.0961173	0.0264122	0.00864572	0.0460529	0.0187073	0.076031	0.0358299	0.0672518	0.0447168	0.025481	0.00141061	0.0093961
118	0.00689018	0.0049925	0.000761698	0.000812131	0.00552144	0.00101979	0.000647834	0.410665	0.00221142	0.0714098	0.00811684	0.00110325	0.000540975	0.00203844	0.00244403	0.00120983	0.00965084	0.464375	0.000158659	0.00543016
119	0.0510458	0.0104105	0.111362	0.0482748	0.0137833	0.048888	0.0311325	0.0137084	0.0845639	0.0248397	0.0155867	0.257537	0.00985178	0.050356	0.0307313	0.105622	0.0549268	0.0182084	0.00168554	0.0174859
120	0.117395	0.00287336	0.0471057	0.0572982	0.00877079	0.0167744	0.00997458	0.0356277	0.0610778	0.0335313	0.0098239	0.0334737	0.285439	0.047021	0.0343196	0.0808045	0.0603037	0.0515684	0.00139305	0.00542421
121	0.0173423	0.00360966	0.00307127	0.00134731	0.128268	0.000954446	0.0096982	0.121231	0.00936307	0.39197	0.102418	0.00415871	0.000478901	0.00246509	0.0033798	0.00189966	0.0044086	0.109511	0.0123702	0.0720547
122	0.0178527	0.00814426	0.00489875	0.00104438	0.0776457	0.000628266	0.0104885	0.22945	0.00761282	0.293496	0.076056	0.00195493	0.000733985	0.00139671	0.001241	0.00163327	0.00568178	0.185037	0.00793653	0.0670667
123	0.021098	0.00610178	0.0039969	0.00102037	0.0925953	0.000760285	0.0147332	0.177231	0.0105221	0.303485	0.0847313	0.00199578	0.000391078	0.00126565	0.00127419	0.0016013	0.00584441	0.166096	0.0111959	0.0940605
124	0.511609	0.15601	0.00174345	0.020008	0.00562495	0.00245096	0.00724037	0.0226348	0.00232641	0.028009	0.0102638	0.00292755	0.000925008	0.00272208	0.0016829	0.0972865	0.0295007	0.0916099	0.000525373	0.0048992
125	0.0195703	0.0267417	0.00173795	0.00119788	0.0499874	0.000860995	0.00197199	0.337572	0.00194271	0.29595	0.0990987	0.00137326	0.000439804	0.00126155	0.00214753	0.00159582	0.00472986	0.142118	0.0011336	0.00856948
126	0.0185161	0.00434085	0.579309	0.093508	0.00257363	0.0299757	0.00754364	0.00663739	0.0230408	0.00756265	0.00485418	0.0838055	0.00838063	0.0221042	0.0146328	0.0504552	0.030079	0.0104346	0.000546767	0.00169919
127	0.624467	0.0469076	0.00146377	0.00333341	0.00139303	0.107046	0.00158093	0.00803206	0.0018235	0.00390288	0.00199369	0.00182209	0.00078604	0.00741317	0.00155291	0.131963	0.0209521	0.0284796	0.000255062	0.00483161
128	0.0765397	0.00704601	0.0429628	0.0704789	0.0106788	0.0182731	0.0240927	0.0156444	0.251054	0.0276319	0.0130693	0.0671243	0.0254452	0.0722939	0.0865542	0.104921	0.0529919	0.0219079	0.000568032	0.010722
129	0.0187923	0.0278036	0.001648	0.00122633	0.0473398	0.000881394	0.00153981	0.348298	0.00159224	0.295974	0.100879	0.00138848	0.000438024	0.00126241	0.00224796	0.00161345	0.00434995	0.137436	0.000627898	0.00466156
130	0.170952	0.00179035	0.0215027	0.0268892	0.00274404	0.0928029	0.0277052	0.0204916	0.0719974	0.0282836	0.00561713	0.154316	0.00320188	0.0349219	0.0282923	0.249887	0.0468669	0.00877529	0.000590093	0.00237222
131	0.0207568	0.00614088	0.00411713	0.00109714	0.0951209	0.000884338	0.0141503	0.178645	0.0104006	0.303478	0.0832749	0.00226122	0.000463736	0.00138051	0.00138693	0.00194106	0.00572299	0.165363	0.0109343	0.0924797
132	0.0276727	0.00390086	0.496764	0.0813492	0.00356482	0.019251	0.0111423	0.00655652	0.0606801	0.00974759	0.00462101	0.0724631	0.0191098	0.0308504	0.0448831	0.0560141	0.0365189	0.0118203	0.000447462	0.00264272
133	0.00268057	0.00416836	0.707103	0.0665314	0.000788896	0.018627	0.00459944	0.00139496	0.00349975	0.00149026	0.00108239	0.0798612	0.00754866	0.00873669	0.010761	0.0480359	0.0264627	0.00570242	0.00025795	0.000666897
134	0.031857	0.000970103	0.0760524	0.0105394	0.0092979	0.00446949	0.0405081	0.0033441	0.0404119	0.00405724	0.00797416	0.360314	0.00079614	0.0415341	0.00733464	0.218044	0.128938	0.00348575	0.000368165	0.00970288
135	0.577992	0.0319734	0.00519103	0.0108202	0.00284674	0.0693208	0.00426364	0.0125768	0.0122815	0.0105416	0.00364439	0.0117947	0.00410022	0.00764304	0.00321965	0.151076	0.0330643	0.0432207	0.000366682	0.0040631
136	0.179614	0.00194471	0.0473682	0.244164	0.0180206	0.00346713	0.0045702	0.00554785	0.0865565	0.0994264	0.0496839	0.00807297	0.00163938	0.0770726	0.00706482	0.138389	0.00807785	0.0153166	0.000863572	0.0031406
137	0.00925285	0.00567541	0.00324909	0.00451706	0.504067	0.00288702	0.00988634	0.00621478	0.00511689	0.0164292	0.00452829	0.00843769	0.00129276	0.00475531	0.00413023	0.00685837	0.00600059	0.00784061	0.0190827	0.369778
138	0.0615034	0.00890861	0.0387869	0.0730541	0.0115608	0.0170847	0.0301441	0.0314933	0.195555	0.0426743	0.0188861	0.0592144	0.0217448	0.0709311	0.166104	0.0555682	0.0459363	0.0327999	0.00197161	0.0160789
139	0.0132326	0.00352169	0.00608082	0.00632247	0.0053471	0.00461255	0.468427	0.0112858	0.00899019	0.0519316	0.00902727	0.00861053	0.00225428	0.302958	0.0563987	0.0109719	0.0092717	0.01393	0.00160416	0.00522246
140	0.0472529	0.000799612	0.0314832	0.0298868	0.00741991	0.00209782	0.0259022	0.00994859	0.393808	0.00246785	0.00420245	0.0636718	0.0496205	0.0862519	0.139484	0.0574776	0.0271	0.0132249	0.000321297	0.00757807
141	0.0512485	0.000703511	0.241033	0.316249	0.000409079	0.0304259	0.0107025	0.00271271	0.0660282	0.00503476	0.000506393	0.0533338	0.0083719	0.0819494	0.00530318	0.0702053	0.0450027	0.0085128	0.00188106	0.000385581
142	0.00359277	0.000451337	0.000612793	0.000489281	0.00347665	0.000373047	0.00039207	0.424981	0.00267641	0.110844	0.00979664	0.001576	0.0015045	0.00240872	0.000854703	0.000806471	0.0128093	0.418788	0.000131386	0.00343554
143	0.120954	0.0228891	0.0017076	0.025891	0.171304	0.0142027	0.153903	0.0169066	0.00418608	0.00309658	0.0077953	0.0499549	0.000985743	0.00178928	0.00348424	0.078113	0.00276139	0.0453142	0.0221413	0.252619
144	0.0819087	0.00100425	0.215232	0.301131	0.00166523	0.0274088	0.00922645	0.00276708	0.0660627	0.00901997	0.00277767	0.0506961	0.00702522	0.0839882	0.0052004	0.0833316	0.039152	0.0100847	0.00158568	0.000732455
145	0.00446524	0.00131834	0.00194841	0.00437574	0.0196939	0.00146182	0.0175579	0.0316945	0.0453676	0.500123	0.232403	0.0141525	0.000954067	0.0208761	0.0327192	0.00483935	0.003271	0.0192665	0.0169765	0.026535
146	0.0505257	0.00320484	0.0466889	0.112258	0.00116173	0.0149059	0.0225676	0.00366086	0.276803	0.012482	0.0157105	0.0810913	0.00136929	0.145994	0.111418	0.0463057	0.0351083	0.00522022	0.000229209	0.0132947
147	0.0356131	0.00222731	0.392008	0.206212	0.00188496	0.0236504	0.00948209	0.00327037	0.0576403	0.00601699	0.00214143	0.0647594	0.00780075	0.0552013	0.0133419	0.0618026	0.041961	0.0123139	0.0011418	0.00153047
148	0.047134	0.00356961	0.0177358	0.0479698	0.0264804	0.00479417	0.0258576	0.169798	0.0601617	0.123031	0.0258829	0.0221172	0.0331617	0.0400214	0.031256	0.0238963	0.155362	0.0853404	0.0277582	0.0286723
149	0.0531693	0.000802384	0.238239	0.313522	0.000622091	0.0299289	0.0107855	0.00283521	0.0666159	0.0053779	0.000859328	0.0529251	0.0082016	0.0843973	0.00615177	0.0699486	0.044515	0.00867376	0.00196591	0.000463118
150	0.0754773	0.00717724	0.0493021	0.157429	0.0148976	0.0135614	0.0289292	0.0920782	0.131214	0.0719715	0.0163344	0.0163976	0.00759574	0.0523208	0.0526885	0.0527969	0.0677565	0.0708913	0.00393047	0.017251
151	0.00556841	0.0038377	0.597739	0.0556406	0.00164992	0.0376873	0.00809482	0.00248856	0.0111302	0.00260711	0.00347776	0.14829	0.00649611	0.0129131	0.00971996	0.0545457	0.029865	0.0058862	0.000653199	0.00171006
152	0.134644	0.00049913	0.0414969	0.0607708	0.00083253	0.0142407	0.007349	0.0116167	0.059595	0.0117127	0.00123494	0.0247842	0.363823	0.0549146	0.0323379	0.107143	0.0623542	0.00960418	0.000250875	0.000795275
153	0.134243	0.000801714	0.0613947	0.263297	0.000631988	0.0139939	0.0297302	0.0146577	0.150761	0.0301767	0.0121693	0.021628	0.00233566	0.107328	0.0705422	0.0364862	0.0305411	0.0180785	0.000269446	0.000934344
154	0.0118647	0.00333698	0.604928	0.134882	0.00061712	0.0205486	0.00586432	0.00197101	0.0146862	0.0023514	0.00111844	0.0728828	0.00737662	0.0220967	0.00972595	0.0488651	0.0291537	0.00651868	0.000547467	0.000664035
155	0.076382	0.00770473	0.0116319	0.0638495	0.0264548	0.0102377	0.0322171	0.173776	0.08039	0.126923	0.0406162	0.0244964	0.00723543	0.0373012	0.0501417	0.0217114	0.0503685	0.127769	0.00467432	0.0261189
156	0.138135	0.00073598	0.0613004	0.271532	0.000489704	0.0136394	0.0298932	0.014873	0.144789	0.0307155	0.0118631	0.0191482	0.00246284	0.105981	0.070067	0.0350456	0.0296543	0.0187403	0.000280397	0.000653711
157	0.516323	0.0304365	0.0121448	0.0223736	0.00851142	0.0604969	0.00845241	0.0181816	0.020503	0.0205161	0.00784385	0.0186098	0.010717	0.0159501	0.00986785	0.114272	0.0436416	0.0516867	0.000796052	0.0086762
158	0.256183	0.000657966	0.0237779	0.0403118	0.000799365	0.0709194	0.0235039	0.00954096	0.0864668	0.0124961	0.00218543	0.0783341	0.00485099	0.0274665	0.0171763	0.275408	0.0622496	0.00658725	0.000236181	0.000848403
159	0.0625238	0.00381454	0.0439982	0.121499	0.000768397	0.0135979	0.0237774	0.00437742	0.285767	0.0159018	0.0185915	0.0758828	0.000951156	0.15775	0.0767317	0.0440454	0.0325531	0.00587042	0.000175872	0.0114234
160	0.119989	0.023046	0.00155854	0.0256624	0.171047	0.0142697	0.15404	0.0164721	0.00411021	0.00307393	0.00770515	0.0502855	0.000735407	0.00174781	0.00343324	0.0786236	0.0026153	0.0452863	0.0218809	0.254417
161	0.0180345	0.00170967	0.178141	0.0644445	0.00215184	0.313196	0.00267576	0.00498891	0.0635687	0.00497935	0.0145014	0.281707	0.00119836	0.0282402	0.00313126	0.00434011	0.00431581	0.00548037	0.000801296	0.0023932
162	0.00790697	0.00416313	0.00180134	0.00219266	0.0192354	0.00139494	0.00298852	0.32602	0.00438609	0.456995	0.0266481	0.00356096	0.00322498	0.00280191	0.00252916	0.00239268	0.00537567	0.118801	0.00110961	0.00647229
163	0.192595	0.00247463	0.035579	0.0345176	0.00344571	0.0510139	0.0255361	0.0107712	0.0659828	0.0132518	0.00600279	0.190772	0.00518959	0.0318143	0.0153144	0.244301	0.0589567	0.00865469	0.000468801	0.00335684
164	0.0181461	0.00350396	0.0034275	0.00405196	0.405483	0.00256773	0.00674369	0.01267	0.00528683	0.184842	0.068103	0.00558035	0.000989103	0.00403796	0.00382832	0.0060991	0.00468064	0.0120688	0.0106803	0.237211
165	0.00811262	0.00631173	0.000679341	0.000781057	0.00468276	0.000969528	0.000625542	0.399642	0.00254482	0.0770534	0.008423	0.00119293	0.000562401	0.00210093	0.00189302	0.0011001	0.0108094	0.467849	0.000148977	0.00451745
166	0.292881	0.001129	0.0406458	0.0271625	0.00106791	0.0637707	0.0219978	0.0117669	0.0871898	0.010602	0.00793802	0.0835304	0.0205169	0.0353164	0.0296456	0.209259	0.0464737	0.00733686	0.0004018	0.00136827
167	0.0127225	0.00273029	0.0025144	0.00644056	0.0769304	0.00152352	0.0152432	0.0654877	0.020742	0.484264	0.180973	0.00987964	0.00133707	0.0173866	0.0152044	0.00653632	0.00472083	0.0369585	0.00910786	0.0292973
168	0.0110308	0.00335349	0.623302	0.115864	0.000588021	0.0210247	0.00542859	0.00159955	0.0143768	0.00201785	0.000849325	0.0734261	0.00748403	0.022789	0.00893901	0.0492755	0.0302869	0.00722148	0.000551382	0.000591799
169	0.0628806	0.00159367	0.00097338	0.00124909	0.000837648	0.903932	0.00107358	0.00183172	0.00151588	0.00183577	0.00130656	0.00187134	0.000392211	0.00494782	0.00146762	0.00591302	0.00239786	0.00270214	0.000332977	0.00094544
170	0.0545406	0.0221346	0.00850276	0.011569	0.0094715	0.00601943	0.00527791	0.211506	0.01447	0.0812531	0.0194765	0.0105317	0.00790325	0.00822469	0.00931605	0.0196937	0.0281786	0.462753	0.00137994	0.00779749
171	0.0480602	0.0100264	0.106782	0.0483533	0.0148064	0.0563214	0.0331096	0.0172501	0.0809191	0.0272471	0.018048	0.238348	0.0119353	0.0477501	0.0307678	0.102259	0.063893	0.0223676	0.00199096	0.019765
172	0.0505523	0.000942321	0.00443026	0.00550055	0.00114726	0.901381	0.00153456	0.00243173	0.00330014	0.00254984	0.00179372	0.00331432	0.000834561	0.00587149	0.0019338	0.00503831	0.00280118	0.00270679	0.000357938	0.0015779
173	0.505515	0.035202	0.013308	0.024683	0.011749	0.0568523	0.0084455	0.019701	0.0205219	0.0214695	0.0107446	0.0140826	0.0143275	0.0165697	0.00923313	0.102275	0.0374693	0.0661984	0.0014936	0.0101587
174	0.0539333	0.00143185	0.00828989	0.00444326	0.00214509	0.877049	0.00224076	0.00250657	0.00441991	0.00320538	0.00233117	0.0131869	0.00059257	0.00604521	0.00245735	0.00616723	0.00314566	0.00282221	0.000399979	0.00318691
175	0.0320523	0.00753153	0.00627458	0.0105501	0.046611	0.0045313	0.0126344	0.174854	0.0221754	0.395564	0.0846	0.0123731	0.00757122	0.0144046	0.0141064	0.0158598	0.0174837	0.0957936	0.00479206	0.0202375
176	0.516679	0.0328193	0.0102912	0.0222001	0.00873783	0.0614699	0.0100013	0.0224801	0.0200654	0.0201775	0.00893468	0.0116755	0.00987104	0.015379	0.0102782	0.104132	0.0371315	0.0669395	0.00106898	0.00966792
177	0.0514135	0.00873127	0.0128	0.0277387	0.0467569	0.00948536	0.0219712	0.080656	0.0383207	0.220758	0.194062	0.0220105	0.00900195	0.0387449	0.0240389	0.0263353	0.0284761	0.108398	0.00591343	0.0243867
178	0.635481	0.0341135	0.000904039	0.00252998	0.00090422	0.114021	0.00110802	0.00739533	0.00134041	0.00206175	0.00132804	0.00136449	0.000527884	0.00538349	0.00125263	0.137411	0.0213399	0.0265164	0.000278998	0.00473792
179	0.106157	0.0103259	0.0532618	0.0431347	0.0105531	0.0208199	0.0164898	0.0214143	0.0503767	0.0550418	0.0101856	0.0995344	0.0293316	0.0280416	0.022269	0.184918	0.193299	0.0307099	0.00263697	0.0114987
180	0.025728	0.006756	0.00547431	0.0085447	0.0680824	0.00289737	0.0178785	0.0942545	0.0235936	0.384052	0.179567	0.010987	0.00393146	0.0258451	0.0161687	0.0111239	0.0138891	0.064582	0.00718032	0.0294639
181	0.0203956	0.0042058	0.588993	0.0934734	0.00155737	0.0265004	0.00692367	0.00409399	0.0197183	0.00628681	0.00273343	0.0793854	0.0122054	0.0228546	0.0123006	0.0548673	0.0319811	0.00874462	0.00111104	0.00166796
182	0.0115524	0.0111435	0.00110254	0.000915903	0.0255794	0.000582814	0.00107746	0.373117	0.00196582	0.269421	0.0505455	0.00171077	0.00131488	0.00173632	0.00132615	0.00116093	0.00908753	0.231915	0.000482018	0.00426319
183	0.00590594	0.0027006	0.000626916	0.000561533	0.00519727	0.000608462	0.000726963	0.413294	0.00253924	0.111655	0.0123153	0.00166662	0.00199313	0.00238036	0.00103117	0.000900355	0.0117599	0.419453	0.00034363	0.00434094
184	0.0394317	0.00205219	0.0319971	0.0466352	0.00476269	0.0056676	0.0314269	0.0113241	0.346304	0.0058897	0.00979404	0.0883916	0.0212625	0.126101	0.10947	0.0676007	0.0311928	0.00936456	0.000431412	0.0108995
185	0.0209045	0.00516601	0.00818535	0.0482457	0.0148623	0.00617239	0.1397	0.0241102	0.0205976	0.323078	0.180642	0.0146071	0.00347822	0.0203148	0.0154092	0.0511792	0.0167189	0.0291698	0.00488196	0.052577
186	0.0691226	0.0489765	0.00742298	0.00995435	0.115326	0.0211527	0.176465	0.00676282	0.0400046	0.0101746	0.00458188	0.134191	0.00085516	0.00782102	0.0389731	0.0774169	0.0151672	0.0132342	0.00529907	0.197099
187	0.0459912	0.00360488	0.104058	0.0661459	0.00496426	0.200719	0.013736	0.00774586	0.151362	0.0113606	0.013626	0.186455	0.00612378	0.0546066	0.0391012	0.0473964	0.0247237	0.0100291	0.00115221	0.00709807
188	0.0659066	0.00182661	0.00146139	0.00185192	0.00081917	0.897101	0.00113347	0.00187895	0.00209609	0.00194948	0.00124532	0.00194952	0.000689311	0.00479395	0.0014496	0.00707459	0.00258604	0.00284614	0.000343792	0.000996887
189	0.0445047	0.0017201	0.128999	0.214924	0.0485787	0.00900676	0.00600078	0.00521654	0.0497569	0.0218302	0.0202991	0.0748016	0.00149932	0.00792289	0.0114204	0.24121	0.0712613	0.022878	0.000802934	0.0173671
190	0.159481	0.00221562	0.0383293	0.0497598	0.00457766	0.0160238	0.00894251	0.0218856	0.0538241	0.0218483	0.0102763	0.025567	0.29704	0.0448384	0.0338641	0.100967	0.0684753	0.0389402	0.000723922	0.00241956
