1209	20
1	0.0218387	0.0112682	0.000956463	0.00502971	0.0324168	0.0014861	0.00234832	0.314095	0.00385858	0.291548	0.0534586	0.00545649	0.00248685	0.00615764	0.00384502	0.0103818	0.023898	0.206132	0.000210296	0.00312772
2	0.0673538	0.0117558	0.0127282	0.0310737	0.0447369	0.00629805	0.0355081	0.0926307	0.0463249	0.16277	0.0743956	0.0395024	0.000993004	0.0689866	0.0545847	0.065119	0.0576908	0.0857115	0.00279158	0.0390444
3	0.0529111	0.00713717	0.165789	0.249601	0.010645	0.0330779	0.0224641	0.0266865	0.0485042	0.0450156	0.021435	0.0526512	0.00732789	0.0810806	0.0298138	0.0709171	0.0334661	0.0247561	0.00147834	0.0152425
4	0.0383457	0.0495918	0.0043051	0.025117	0.0367444	0.00374386	0.0205121	0.0366434	0.0557889	0.311283	0.164603	0.0283179	0.00261788	0.114144	0.0281035	0.0187589	0.0188683	0.0255755	0.00346414	0.0134718
5	0.0403719	0.0167627	0.000775848	0.00502277	0.0308078	0.0019798	0.00320308	0.28417	0.00402331	0.272452	0.056062	0.00569002	0.00364562	0.00545975	0.00339244	0.0175727	0.0331367	0.210887	0.000266686	0.00431835
6	0.0278639	0.00273448	0.33648	0.308367	0.00173909	0.032718	0.014665	0.00891711	0.034425	0.0113096	0.00288475	0.0436524	0.0142556	0.0503925	0.0251061	0.0397951	0.0260874	0.0101854	0.00113015	0.00729235
7	0.019464	0.00776047	0.00845797	0.0257209	0.00425654	0.0162643	0.017222	0.00719223	0.331906	0.0199314	0.00209787	0.0294538	0.000466845	0.0757177	0.351921	0.0334343	0.0260174	0.0109282	0.00186302	0.00992307
8	0.0497943	0.014739	0.0140942	0.0228099	0.0524232	0.0056087	0.0338368	0.115739	0.0422672	0.200173	0.0981688	0.0286804	0.00259492	0.0461551	0.047185	0.0547819	0.0473459	0.0825481	0.00225659	0.0387985
9	0.388084	0.0380669	0.00306958	0.0199455	0.00366176	0.263068	0.00586255	0.00428758	0.0262282	0.0138363	0.021046	0.0180129	0.0185351	0.0106359	0.0143171	0.098039	0.0214725	0.0260233	0.000490787	0.00531732
10	0.392617	0.0355119	0.00285362	0.0209229	0.00309707	0.270612	0.00591047	0.00347148	0.0260413	0.0130784	0.0211882	0.017125	0.0204534	0.00913057	0.0145249	0.0898354	0.0206634	0.0270408	0.000445167	0.00547754
11	0.022754	0.0105965	0.00142	0.00460258	0.0274326	0.0012783	0.0018729	0.32943	0.00338415	0.255706	0.0451501	0.00486582	0.00221644	0.00546498	0.00337239	0.0103235	0.0240743	0.243164	0.000185137	0.00270563
12	0.0673785	0.0116577	0.0126792	0.0309156	0.0448857	0.00617845	0.035288	0.0931426	0.0462121	0.163256	0.0746888	0.0393048	0.00100075	0.0690152	0.0545528	0.0648748	0.0574918	0.0858564	0.00269612	0.0389247
13	0.266698	0.0725296	0.00395999	0.00745501	0.0166726	0.0396655	0.00625628	0.0524692	0.00297192	0.0559511	0.0139224	0.0136908	0.00827826	0.00450946	0.0037767	0.196362	0.127433	0.0973567	0.000820922	0.00921997
14	0.0189903	0.00663018	0.000711994	0.00416635	0.0482331	0.00259122	0.0021442	0.235675	0.00302187	0.374698	0.100226	0.00320567	0.00405082	0.00569292	0.00414073	0.00912469	0.0169112	0.154647	0.00105228	0.00408701
15	0.182297	0.0149605	0.0444589	0.0509702	0.00947828	0.0388403	0.0279715	0.0578433	0.0479332	0.0585607	0.0232683	0.0522024	0.0108034	0.0658646	0.0457528	0.0767868	0.100864	0.0851896	0.000604206	0.00535015
16	0.019556	0.0107167	0.000971819	0.00357198	0.03923	0.0020926	0.00316488	0.237846	0.00300467	0.412773	0.0631337	0.00380979	0.00322944	0.00464193	0.00422021	0.00996273	0.0203218	0.152964	0.000624361	0.00416445
17	0.0893239	0.0226951	0.00418947	0.0120193	0.0205447	0.00408293	0.00910692	0.199361	0.0102152	0.184602	0.0539363	0.00507643	0.00484207	0.00709794	0.00687477	0.0424392	0.0663623	0.24918	0.000633899	0.00741636
18	0.0414239	0.0018817	0.244183	0.282447	0.00198661	0.0398993	0.0194068	0.0127361	0.0418979	0.0108691	0.00543988	0.0583502	0.0162927	0.0593409	0.0324249	0.0747871	0.0359039	0.0145172	0.000720323	0.00549154
19	0.12179	0.0304782	0.00255848	0.00618139	0.0123435	0.010749	0.00759114	0.166938	0.00420789	0.102768	0.0503333	0.0113847	0.00272887	0.0080826	0.00662434	0.046278	0.089697	0.30769	0.000915622	0.0106604
20	0.120937	0.0352884	0.00143999	0.00656703	0.0178647	0.0053795	0.00643668	0.177241	0.00517198	0.150911	0.0512974	0.00563545	0.00656646	0.00357569	0.00346613	0.0484189	0.0784842	0.26661	0.000470902	0.00823764
21	0.0994061	0.0298973	0.00322377	0.00978678	0.0238162	0.0055056	0.00798488	0.186001	0.00874675	0.200994	0.0692803	0.0118246	0.00698693	0.0101941	0.00768337	0.0452642	0.0641769	0.196858	0.000705704	0.0116628
22	0.0296641	0.0104691	0.0308214	0.0669165	0.0127807	0.0242161	0.0243892	0.0566	0.181022	0.0744168	0.0261051	0.0277282	0.00621397	0.108752	0.152846	0.0471652	0.0549016	0.0466224	0.000216668	0.0181533
23	0.121254	0.0133614	0.018189	0.0506328	0.00832503	0.00389317	0.0214964	0.113204	0.0393978	0.160674	0.093672	0.0449712	0.0346571	0.0499499	0.0283409	0.053081	0.0259105	0.0931448	0.00120906	0.0246364
24	0.281139	0.0520527	0.00784777	0.010621	0.0112628	0.0409949	0.0049699	0.0475909	0.0047688	0.0318572	0.0233203	0.0228461	0.0104343	0.00763948	0.00639078	0.201583	0.12774	0.0989729	0.00037319	0.00759493
25	0.67713	0.0177472	0.00147118	0.00323474	0.00116739	0.0438228	0.000738865	0.00826589	0.00191775	0.00436179	0.00191553	0.0014263	0.00476886	0.005204	0.000702963	0.147052	0.0427313	0.0341015	0.00132977	0.000910569
26	0.0451615	0.00663845	0.0355606	0.0714862	0.00790052	0.0260537	0.0407043	0.0311222	0.19261	0.0467551	0.0234585	0.0499537	0.00935087	0.0892242	0.175992	0.0572012	0.0461815	0.0308857	0.00189398	0.0118659
27	0.201697	0.029268	0.00282837	0.00427792	0.00649469	0.0108431	0.00387223	0.124114	0.00219115	0.0603121	0.0388385	0.00923919	0.00259743	0.00579346	0.00738269	0.052306	0.120996	0.306244	0.000955542	0.00974866
28	0.0101481	0.00355832	0.000929584	0.00211855	0.0966271	0.00224707	0.00202402	0.131668	0.00186669	0.536259	0.106588	0.000871614	0.00263205	0.00252371	0.00358926	0.00530156	0.00533088	0.0725375	0.00239745	0.0107812
29	0.176293	0.0240317	0.0126396	0.00618593	0.00952537	0.0230158	0.00414351	0.0698149	0.00412179	0.0403654	0.0436637	0.044934	0.0205707	0.00677311	0.0166164	0.155103	0.209147	0.125862	0.000560994	0.00663132
30	0.276053	0.0106734	0.0317567	0.0418009	0.00393389	0.0372497	0.0225739	0.0112385	0.0161849	0.0220736	0.0102919	0.0298016	0.0112148	0.0310774	0.020287	0.298129	0.0900761	0.0245576	0.000438203	0.0105875
31	0.0258205	0.00273708	0.348982	0.30725	0.00173819	0.0349375	0.0147945	0.00830606	0.0311145	0.0102964	0.00302368	0.0440486	0.015949	0.0463832	0.0222639	0.0400306	0.0245807	0.00939931	0.00108949	0.00725496
32	0.0252995	0.00668498	0.00608224	0.0119015	0.163381	0.00726271	0.0313151	0.110355	0.0136246	0.238593	0.0643941	0.0159847	0.00277458	0.0198565	0.0213603	0.0196583	0.0168933	0.0885756	0.00935587	0.126646
33	0.0385157	0.0128618	0.00140829	0.00559739	0.0322791	0.00201623	0.0034248	0.293719	0.00523428	0.2431	0.0519638	0.00472915	0.0039847	0.00557586	0.00386889	0.0152388	0.0326689	0.239102	0.000217897	0.00449266
34	0.0284533	0.00242493	0.336953	0.304851	0.00172474	0.0341193	0.0154872	0.00913654	0.0340039	0.0105992	0.00306051	0.0465277	0.0140905	0.0479083	0.0251402	0.0415516	0.0255711	0.0102052	0.00118476	0.00700734
35	0.0813949	0.0294795	0.0433331	0.0449408	0.082199	0.036834	0.04191	0.0189756	0.0794099	0.0246238	0.021469	0.0542467	0.0117012	0.0417822	0.0766361	0.129411	0.0774194	0.0307314	0.00713735	0.0663652
36	0.0161596	0.0332423	0.0512466	0.0995746	0.0208592	0.018995	0.180075	0.00829488	0.0191825	0.0276832	0.010926	0.0949211	0.00614823	0.215099	0.0399403	0.0301013	0.0282979	0.0185669	0.00280544	0.0778809
37	0.0322507	0.0121578	0.000948125	0.00431331	0.0309678	0.00176412	0.00234928	0.30501	0.00362568	0.255407	0.0527097	0.00468852	0.0030291	0.00511569	0.00333099	0.0126222	0.0285288	0.237789	0.000201229	0.0031911
38	0.0482786	0.00525468	0.0553578	0.0963219	0.00280935	0.033999	0.0306756	0.0251781	0.156179	0.0393859	0.0151798	0.0560529	0.0120752	0.123304	0.11233	0.0728851	0.0612796	0.0444039	0.00095373	0.00809618
39	0.0284352	0.0165704	0.030792	0.0360689	0.0314518	0.0327981	0.033074	0.0633624	0.102346	0.0281593	0.020947	0.0502643	0.0431031	0.0719008	0.141846	0.0856465	0.0844547	0.0666298	0.000362396	0.0317871
40	0.316444	0.0716202	0.00450923	0.00781414	0.0125256	0.0354296	0.00281088	0.0465654	0.00155004	0.0325888	0.0122877	0.0120225	0.0116338	0.00332204	0.001806	0.210649	0.112926	0.0944557	0.000371668	0.00866807
41	0.0229832	0.0391223	0.00369651	0.00811951	0.105657	0.0024858	0.0138433	0.17872	0.00442639	0.411574	0.0702007	0.00715096	0.00540679	0.00548186	0.00791651	0.01787	0.0331956	0.0350719	0.000741291	0.0263359
42	0.061476	0.00196523	0.148046	0.274423	0.00280684	0.039061	0.0219672	0.0170551	0.048938	0.0151226	0.00939536	0.0639222	0.0132177	0.0736415	0.0376493	0.0987334	0.0455832	0.0224315	0.00034319	0.00422191
43	0.0831359	0.0114353	0.0332575	0.00582343	0.0466214	0.0404234	0.0244641	0.029821	0.00593724	0.0720235	0.0187898	0.0102071	0.0025064	0.0176212	0.0137003	0.068751	0.0256405	0.0301789	0.395235	0.0644268
44	0.0146975	0.0116981	0.000592017	0.00141246	0.0200178	0.00271059	0.00377203	0.139348	0.00197085	0.626692	0.0525056	0.00199726	0.00412327	0.00312283	0.00513015	0.0102029	0.0141358	0.0825104	0.000460502	0.00289926
45	0.114743	0.019473	0.0217634	0.0462256	0.0130513	0.0266008	0.0827038	0.0428579	0.0259168	0.0613183	0.0233856	0.150324	0.0346958	0.0521739	0.0116072	0.137371	0.0243947	0.0386476	0.00206283	0.0706829
46	0.01946	0.00783796	0.00847374	0.0257327	0.00429347	0.0163397	0.0163937	0.00717069	0.333191	0.0198959	0.00208665	0.0290126	0.000439982	0.0758778	0.351438	0.0334308	0.0261666	0.0108949	0.00187901	0.00998495
47	0.0198651	0.00814655	0.00856002	0.0261267	0.00470499	0.0163144	0.0184232	0.00760983	0.329461	0.0206983	0.00242192	0.0292416	0.000669035	0.0745909	0.348645	0.0340702	0.0259607	0.0120425	0.00226262	0.0101857
48	0.0170961	0.0040179	0.00360865	0.00613427	0.173463	0.0103939	0.04414	0.0672518	0.0104725	0.256099	0.0599455	0.0129693	0.00384839	0.0251032	0.0123013	0.0158716	0.0121444	0.0637881	0.00901004	0.192341
49	0.336871	0.0527855	0.00607232	0.00860349	0.012668	0.0611639	0.00497888	0.0286893	0.00626828	0.0211366	0.0199346	0.0169738	0.0121033	0.00830674	0.0048622	0.243296	0.0857526	0.0632501	0.000813232	0.00546959
50	0.626104	0.0209089	0.0023581	0.00421238	0.0021214	0.069367	0.00169795	0.00847989	0.00556555	0.00529968	0.00522008	0.0044955	0.0048168	0.00703367	0.00220062	0.158215	0.0396206	0.0299674	0.00115912	0.00115643
51	0.12579	0.039311	0.000869112	0.0049533	0.0166912	0.00539983	0.00556453	0.185351	0.00390418	0.151868	0.0525176	0.00583386	0.00560366	0.00234963	0.00279777	0.0505629	0.0740691	0.257697	0.000483784	0.00838305
52	0.0100305	0.00440279	0.000936874	0.00168408	0.0726995	0.00204917	0.00304283	0.131955	0.00191348	0.568476	0.0986604	0.00106962	0.00285754	0.00284248	0.00382993	0.0057244	0.00671032	0.0733246	0.00159575	0.00619501
53	0.0268421	0.00854687	0.00233704	0.00385509	0.019857	0.0015263	0.00118345	0.352116	0.00272278	0.18776	0.0335792	0.00386383	0.00221459	0.00396296	0.00291902	0.0105149	0.0266049	0.307177	0.000155697	0.00226205
54	0.007791	0.00999901	0.000457359	0.000465042	0.00881918	0.00269179	0.00344582	0.110929	0.00171738	0.715877	0.0428034	0.00119121	0.00458429	0.0023986	0.00579175	0.00846538	0.0101124	0.0612377	0.000319183	0.000903665
55	0.0182092	0.00945795	0.000754654	0.00368621	0.0833974	0.00250488	0.00315666	0.199006	0.00251091	0.418559	0.0847235	0.00290432	0.00322096	0.00399393	0.00495273	0.00934099	0.0142966	0.117676	0.00248377	0.0151647
56	0.0295032	0.00273708	0.323069	0.305754	0.00178991	0.0332466	0.0148289	0.00930513	0.0351095	0.0113305	0.00332659	0.0453131	0.0155112	0.0506442	0.0250769	0.0460867	0.0285536	0.010942	0.00108536	0.00678713
57	0.0714785	0.0425361	0.0125829	0.0323874	0.0309585	0.0231304	0.0690947	0.0351663	0.0517964	0.0808321	0.0237689	0.0941549	0.0119328	0.0416064	0.0552078	0.134586	0.0713106	0.0532	0.0156743	0.0485954
58	0.0234825	0.0097853	0.00124784	0.00430903	0.0270184	0.00143701	0.00193113	0.33045	0.00335886	0.251333	0.0450704	0.00478359	0.00232497	0.00542199	0.00351457	0.0106872	0.0243971	0.24639	0.000183621	0.00287263
59	0.0224062	0.00889212	0.010265	0.00881604	0.101577	0.00883351	0.0373976	0.0531648	0.0103811	0.157365	0.041908	0.0108039	0.00337811	0.0163802	0.0251057	0.0259193	0.0229091	0.0464957	0.309329	0.0786717
60	0.0394687	0.0192188	0.0361894	0.026718	0.0362441	0.039067	0.0359697	0.0629327	0.0730154	0.016343	0.0179254	0.0569105	0.0669211	0.0558958	0.110931	0.0995493	0.0853973	0.0842754	0.000379209	0.0366477
61	0.373227	0.0346538	0.00388484	0.0171058	0.00365356	0.266474	0.0116875	0.00473881	0.0216009	0.0168046	0.0214525	0.0153527	0.0404495	0.00738672	0.0129455	0.0731007	0.0257087	0.0423268	0.00078978	0.00665605
62	0.0218344	0.00975507	0.000702441	0.00462967	0.0382	0.0015711	0.00230165	0.297736	0.00372063	0.310537	0.0610007	0.00483768	0.00237871	0.00591992	0.00367302	0.00923853	0.0221888	0.196137	0.000328626	0.00330841
63	0.0339985	0.0367197	0.00729958	0.0272671	0.0259868	0.0145229	0.0758884	0.0171471	0.110494	0.0363922	0.0149954	0.0260454	0.00307358	0.0442597	0.246494	0.0570062	0.0564797	0.0348081	0.0808037	0.0503172
64	0.110506	0.00558235	0.031273	0.0556296	0.00441892	0.00518055	0.0182826	0.145882	0.0426824	0.126732	0.0636892	0.038114	0.0216835	0.0744365	0.0307741	0.0481849	0.0412268	0.125798	0.000317374	0.00960545
65	0.0369102	0.00399197	0.00190057	0.00111909	0.00963804	0.0023914	0.000654738	0.368997	0.00198558	0.0965922	0.0225719	0.00250828	0.00211824	0.00241098	0.00292065	0.0101435	0.0330012	0.398257	0.000187936	0.00169921
66	0.00505243	0.00585388	0.0034372	0.0107169	0.00112636	0.0132203	0.0219156	0.00433519	0.0468852	0.00659885	0.00163279	0.0126205	0.00783995	0.0382985	0.794195	0.00901144	0.010017	0.00287126	0.000690511	0.00368092
67	0.0850432	0.00498799	0.0223272	0.0435566	0.0153117	0.00443597	0.0216057	0.138298	0.0384063	0.141038	0.0643398	0.0228014	0.0104988	0.052506	0.0316866	0.0491212	0.0607265	0.175738	0.00121109	0.0163599
68	0.185286	0.0144859	0.0441483	0.0502308	0.00914655	0.0403526	0.0280506	0.0559373	0.0478124	0.0569617	0.0224658	0.0516182	0.0105864	0.0650743	0.0455807	0.0838146	0.100381	0.0821804	0.000433918	0.00545322
69	0.684671	0.0170711	0.00142011	0.00318931	0.000978323	0.0426918	0.000640674	0.00804744	0.00173812	0.00437576	0.00150412	0.00111276	0.00465128	0.00505963	0.000631579	0.145136	0.041717	0.0330962	0.00134805	0.000919812
70	0.196059	0.0140089	0.0430975	0.0461411	0.009742	0.0464312	0.0277322	0.0586491	0.0447306	0.0582082	0.0222843	0.0513405	0.0104032	0.0614477	0.0416067	0.0845391	0.0949889	0.0813027	0.000956368	0.00633113
71	0.0521589	0.0109829	0.169345	0.210271	0.0135181	0.0315678	0.0211983	0.0453341	0.0514289	0.0610004	0.0294202	0.058374	0.00223344	0.0711603	0.026946	0.06293	0.0246213	0.0339017	0.00216993	0.0214378
72	0.20338	0.0441899	0.00400122	0.00821703	0.0200165	0.017599	0.00558806	0.112398	0.00599093	0.11088	0.0369957	0.0107188	0.0108004	0.0053812	0.00500987	0.113091	0.0976331	0.178051	0.000683117	0.0093756
73	0.0144423	0.00424428	0.00128325	0.00568743	0.0758269	0.00283744	0.00364759	0.1582	0.00337588	0.459487	0.117972	0.00253855	0.00421502	0.00468881	0.00527504	0.0084072	0.00989493	0.105849	0.00198385	0.0101433
74	0.129435	0.0129957	0.0297258	0.0327854	0.00870536	0.0903704	0.0317337	0.00439865	0.0728954	0.0146376	0.00975367	0.0474218	0.00865896	0.0856472	0.119509	0.201263	0.0596394	0.0234702	0.000490537	0.0164631
75	0.105492	0.0325004	0.0291901	0.0667825	0.0104427	0.038689	0.0588915	0.0236669	0.0568665	0.0512883	0.0208108	0.0657982	0.00942405	0.0593286	0.0655664	0.123333	0.08191	0.0536466	0.0132429	0.0331296
76	0.186859	0.0970736	0.0038906	0.00846964	0.0368784	0.0256614	0.00956418	0.0652758	0.0104325	0.0844423	0.0152127	0.0134186	0.00688659	0.00677675	0.012704	0.197429	0.100586	0.0926461	0.00367665	0.0221158
77	0.0128063	0.00643776	0.00145163	0.00352852	0.133121	0.00428411	0.0067428	0.124381	0.00302616	0.456535	0.100719	0.0028121	0.00277094	0.00419636	0.00615939	0.00714476	0.00690896	0.0679862	0.00481746	0.0441701
78	0.18136	0.0147072	0.0448928	0.0517523	0.00930745	0.0390595	0.0289334	0.0573202	0.0484199	0.0577441	0.0228733	0.0529207	0.0107013	0.0665024	0.0457233	0.0771301	0.100143	0.0840307	0.00072869	0.00574959
79	0.0902682	0.0422591	0.0184359	0.0592686	0.0122208	0.0357493	0.0610127	0.0186874	0.0627233	0.0529366	0.0226562	0.0618095	0.00386891	0.0533098	0.0870542	0.123701	0.0847544	0.0542636	0.0208219	0.0341982
80	0.104815	0.0275672	0.00446283	0.00510452	0.00588871	0.00856363	0.00470405	0.21553	0.00496421	0.0523382	0.0458674	0.0171188	0.00173662	0.0107656	0.0113749	0.0362984	0.110448	0.323862	0.00225773	0.00633284
81	0.0857173	0.0176694	0.0118673	0.0216385	0.0323902	0.00835655	0.0270695	0.151223	0.02559	0.178099	0.0657882	0.0218631	0.00650902	0.0350168	0.025337	0.0484159	0.0671643	0.149755	0.00154157	0.0189881
82	0.38485	0.042554	0.00853113	0.0132716	0.00607196	0.172064	0.00657859	0.0146915	0.014503	0.0139607	0.0153639	0.0157457	0.0118524	0.0110972	0.00912721	0.168522	0.0460592	0.0384325	0.00100244	0.0057215
83	0.304569	0.0642444	0.00402249	0.00608614	0.0138442	0.0598604	0.00473039	0.0376843	0.00459481	0.0284456	0.017785	0.019621	0.00867503	0.00676837	0.00244965	0.229412	0.100575	0.0797249	0.000440467	0.00646785
84	0.0192977	0.00866786	0.000764205	0.00361085	0.0450304	0.00197034	0.00248323	0.243869	0.00318914	0.397756	0.0731465	0.00358815	0.0031154	0.00481298	0.00374546	0.00865523	0.0179516	0.153742	0.000715935	0.00388712
85	0.0182062	0.0207424	0.00157866	0.00377273	0.047047	0.00269118	0.00703176	0.15345	0.00318492	0.547378	0.0592093	0.00402767	0.00428471	0.00489042	0.00799013	0.0139492	0.0220949	0.0668503	0.000534798	0.0110852
86	0.148353	0.0328894	0.00245492	0.00432512	0.00686665	0.010328	0.00432281	0.174349	0.00262048	0.0726402	0.0482454	0.0110198	0.00155118	0.00592253	0.00738927	0.0424098	0.100483	0.314538	0.00119317	0.00809857
87	0.0139248	0.00841759	0.00127941	0.00449086	0.150315	0.00353472	0.00677168	0.13608	0.00314675	0.413469	0.09792	0.00278923	0.00341504	0.00324286	0.00834066	0.00780531	0.00775653	0.0747696	0.00585661	0.0466746
88	0.0585643	0.00610805	0.0359375	0.0668078	0.00514449	0.0326761	0.0563937	0.0162103	0.142875	0.028776	0.0149897	0.0966094	0.0158133	0.0955294	0.133499	0.101332	0.0547652	0.025253	0.00315243	0.00956286
89	0.0623296	0.0042895	0.0763543	0.189333	0.00480111	0.0315702	0.0271251	0.0218763	0.0508469	0.0207608	0.0123872	0.0590274	0.0724886	0.0978806	0.0362392	0.132789	0.0646674	0.028676	0.00106929	0.00548933
90	0.0133395	0.00748903	0.000547917	0.00223375	0.0339478	0.0024691	0.00252315	0.177502	0.00211651	0.535791	0.0718984	0.00220981	0.00368642	0.00365598	0.00407116	0.0076824	0.0131161	0.112119	0.000807171	0.00279319
91	0.0106699	0.0054688	0.000657219	0.00134993	0.0561977	0.00204468	0.00223417	0.143931	0.00175932	0.569333	0.0882068	0.00102842	0.00341985	0.00307047	0.0042002	0.00621482	0.00804884	0.0870815	0.00127043	0.00381325
92	0.0347953	0.0164807	0.0277249	0.055505	0.0234794	0.0266909	0.0263245	0.0621121	0.130297	0.0638407	0.0274407	0.0364967	0.0138814	0.090443	0.146866	0.0733975	0.0689781	0.0526455	0.00104807	0.0215529
93	0.175384	0.0147717	0.0436791	0.0532743	0.00935767	0.0384518	0.0295265	0.0554689	0.0500695	0.0580233	0.0233001	0.0542081	0.0103323	0.0670879	0.0480722	0.079769	0.100261	0.0814185	0.00111926	0.00642525
94	0.0963018	0.0315894	0.000945549	0.00455749	0.0177598	0.00445153	0.00507922	0.206571	0.00399905	0.214125	0.0544309	0.00572583	0.00510249	0.00333959	0.00314232	0.041401	0.0599672	0.234215	0.000428687	0.0068674
95	0.00958946	0.00280999	0.000969553	0.00169287	0.0840512	0.00192579	0.00213869	0.133005	0.001903	0.557955	0.102663	0.000926585	0.00254587	0.00272064	0.00312737	0.00498347	0.00534546	0.073712	0.00174195	0.00619346
96	0.16739	0.0298735	0.0113032	0.00778779	0.00825349	0.0217696	0.0108497	0.0530691	0.00846848	0.0275658	0.0253466	0.0323268	0.178879	0.0173108	0.0122447	0.157445	0.129418	0.092573	0.000517573	0.00760773
97	0.086323	0.0121264	0.0455355	0.0571853	0.0114654	0.0251442	0.0226759	0.0776212	0.100477	0.0730996	0.0278623	0.0385213	0.0171858	0.0851198	0.083585	0.0582779	0.0702164	0.0913757	0.00041469	0.0157874
98	0.0105739	0.00437206	0.000787806	0.00165453	0.0645659	0.00214785	0.00242238	0.139542	0.00173732	0.564046	0.0984944	0.00110177	0.0031747	0.00304943	0.00378721	0.00616449	0.00741132	0.0785717	0.00145169	0.0049437
99	0.350982	0.0666442	0.00555365	0.00706515	0.0103112	0.0376651	0.00318476	0.043832	0.00169111	0.027129	0.0115641	0.0110557	0.0125688	0.00426022	0.00161677	0.201424	0.10194	0.0933646	0.000545839	0.00760106
100	0.151149	0.0112635	0.0228937	0.0416145	0.00636166	0.0422218	0.0565322	0.00873299	0.102255	0.0411571	0.0176987	0.0524665	0.00621987	0.0844975	0.0908191	0.159914	0.0611404	0.0297864	0.00256266	0.0107137
101	0.0184697	0.00592093	0.00321291	0.00650953	0.260407	0.00711217	0.0259448	0.0866365	0.00716242	0.211439	0.0548633	0.00907469	0.00302027	0.0116742	0.0139788	0.0108967	0.00914081	0.0649591	0.0151138	0.174463
102	0.0812829	0.0301226	0.213399	0.0142217	0.00452224	0.0145843	0.0167234	0.00835111	0.0818943	0.0422604	0.00705519	0.204803	0.0241092	0.0517056	0.025982	0.147414	0.0137463	0.00935753	0.00164796	0.0068185
103	0.310886	0.0605953	0.0062326	0.00670577	0.0105253	0.0346424	0.00274086	0.0530147	0.00124149	0.0295841	0.0152431	0.0125268	0.012071	0.0036283	0.00243441	0.194597	0.117634	0.117074	0.000347888	0.00827513
104	0.0207855	0.00456221	0.00294086	0.00545083	0.303282	0.00728112	0.0280021	0.0506556	0.00682565	0.187074	0.0440107	0.00961977	0.00423103	0.0176672	0.0109276	0.0155861	0.0103256	0.0491497	0.0132628	0.208359
105	0.0998475	0.00408738	0.0293011	0.0522314	0.00480027	0.00260168	0.0170363	0.155378	0.0427431	0.131436	0.0631273	0.0303092	0.0198324	0.0696338	0.029117	0.0449794	0.0444207	0.149328	0.000409127	0.00938009
106	0.335442	0.0225168	0.0144157	0.0231395	0.00890408	0.0234086	0.00745385	0.0193231	0.00972164	0.0193493	0.0152944	0.0228309	0.00725175	0.015767	0.00942951	0.288842	0.100812	0.0488164	0.000342271	0.00693969
107	0.0219667	0.0105651	0.000735129	0.00480539	0.0343457	0.00157694	0.00250997	0.301393	0.00393479	0.310584	0.0569225	0.00521949	0.00264369	0.00619139	0.00388881	0.00969134	0.0231734	0.196403	0.000253683	0.003197
108	0.0265317	0.00733787	0.00154083	0.00311976	0.0227815	0.00159013	0.00159586	0.345536	0.00282646	0.19735	0.0393199	0.00385177	0.00258427	0.00570993	0.00297862	0.0102473	0.0255402	0.296039	0.000105959	0.00341399
109	0.01946	0.00783796	0.00847374	0.0257327	0.00429347	0.0163397	0.0163937	0.00717069	0.333191	0.0198959	0.00208665	0.0290126	0.000439982	0.0758778	0.351438	0.0334308	0.0261666	0.0108949	0.00187901	0.00998495
110	0.0504172	0.0100044	0.169887	0.231429	0.0151551	0.0326917	0.0228876	0.0335625	0.0470272	0.0593663	0.0300896	0.050176	0.00252615	0.0785292	0.0248501	0.0607481	0.0250167	0.0292128	0.00246996	0.0239534
111	0.238354	0.0183053	0.045482	0.00813531	0.0316655	0.106485	0.027498	0.0482126	0.00985278	0.0594065	0.0122484	0.0264472	0.00583255	0.0200405	0.00785941	0.148549	0.0481617	0.0573133	0.0299896	0.050161
112	0.0271557	0.0224355	0.00692887	0.0121701	0.0835133	0.00291937	0.0152043	0.165398	0.013164	0.377657	0.0819652	0.0110122	0.00524026	0.014578	0.014653	0.0235602	0.0283683	0.0707727	0.00115345	0.0221501
113	0.108281	0.0302473	0.0250776	0.0611604	0.0113835	0.0345161	0.0541845	0.0290009	0.0586087	0.0552639	0.0248248	0.0644097	0.00454176	0.0612935	0.071548	0.111204	0.0924428	0.0604369	0.0139845	0.0275901
114	0.107848	0.0946289	0.00588839	0.0122387	0.0587899	0.0152726	0.0190578	0.0798372	0.0174388	0.172385	0.0268946	0.0233543	0.00859765	0.0132141	0.0194215	0.174497	0.0695899	0.0511759	0.00438516	0.025484
115	0.0201971	0.00881982	0.000727571	0.00445353	0.0450693	0.00159303	0.00212194	0.276098	0.00338945	0.341255	0.0683463	0.00418496	0.00247324	0.00538681	0.00362011	0.00868837	0.0195952	0.179686	0.000597428	0.00369728
116	0.300287	0.0111487	0.0172577	0.0384058	0.0108075	0.0611782	0.0113637	0.010196	0.0179569	0.0153889	0.0203002	0.0217592	0.00768042	0.0278792	0.0220202	0.294879	0.0798006	0.0236778	0.000973778	0.00703941
117	0.064366	0.0159277	0.0118423	0.0280719	0.0444402	0.00780233	0.0419733	0.0826932	0.0477255	0.147794	0.0654476	0.0584392	0.00480093	0.062412	0.0515237	0.0784747	0.0587857	0.0768096	0.00439599	0.0462739
118	0.0193849	0.0163264	0.00148897	0.00484489	0.0715609	0.0021498	0.00553354	0.229239	0.00343969	0.390255	0.0765557	0.00422028	0.00360121	0.00491037	0.00458854	0.0102799	0.0203252	0.119734	0.00104168	0.0105206
119	0.314755	0.0673261	0.00421423	0.00690477	0.012663	0.0446141	0.0031419	0.043562	0.00204396	0.0301355	0.0148089	0.0138958	0.01046	0.00385993	0.00151311	0.217345	0.109893	0.0910378	0.000267027	0.00755941
120	0.0230748	0.0103711	0.00180241	0.00693382	0.0380282	0.00194771	0.00517282	0.28879	0.00590474	0.29218	0.0584152	0.00855139	0.00269047	0.00868796	0.00641446	0.0126099	0.0234983	0.198324	0.000228952	0.00637367
121	0.0673045	0.00668568	0.0504105	0.0703888	0.00382983	0.024688	0.0248307	0.0156631	0.0626718	0.0254422	0.00979719	0.0470799	0.302128	0.0557955	0.0408307	0.101652	0.0592947	0.0241897	0.00107297	0.0062437
122	0.0642227	0.00699839	0.0497581	0.0757863	0.00616373	0.0296084	0.0363575	0.0142646	0.0588137	0.0309522	0.0103591	0.0712334	0.147378	0.0742962	0.0494729	0.168471	0.0726564	0.0244305	0.00201453	0.0067621
123	0.0629297	0.0105542	0.01207	0.0289846	0.0527887	0.00632629	0.0367749	0.0969032	0.0420303	0.171063	0.0724263	0.0376938	0.00116049	0.0642241	0.050314	0.0591953	0.0525931	0.0930483	0.0030417	0.0458783
124	0.0292863	0.0118634	0.0259979	0.0585904	0.0139369	0.0264174	0.0264256	0.0522144	0.179771	0.0648094	0.0251665	0.0313209	0.00871574	0.099748	0.179371	0.0518881	0.0585773	0.0390193	0.000530574	0.016349
125	0.0489775	0.0102374	0.172027	0.230237	0.0155762	0.0320246	0.0227993	0.0338249	0.047466	0.0622892	0.031058	0.0493148	0.00217779	0.0786837	0.0246446	0.058344	0.0235044	0.0289466	0.00258097	0.0252859
126	0.0199227	0.00807376	0.0092364	0.0269549	0.00457487	0.0171131	0.0174476	0.00831669	0.328071	0.021228	0.00289444	0.0295545	0.000739115	0.0763382	0.344953	0.0343789	0.026673	0.0116341	0.00184638	0.0100488
127	0.0111437	0.00883831	0.000619584	0.00115153	0.0181107	0.00302837	0.00290222	0.145108	0.00194146	0.625017	0.0507858	0.00182273	0.0042585	0.00298366	0.00479674	0.00823902	0.0124419	0.0947443	0.000461679	0.00160532
128	0.0111365	0.00617006	0.000846581	0.00147391	0.0569071	0.002218	0.00277042	0.138746	0.00181016	0.581952	0.0858726	0.00127891	0.00342862	0.00376924	0.00413965	0.00680954	0.00850398	0.0762218	0.00126438	0.00468063
129	0.0327618	0.00252632	0.315222	0.296453	0.00186178	0.0336502	0.0168871	0.00957455	0.0381277	0.0120784	0.00334083	0.048461	0.0132602	0.054388	0.029018	0.045979	0.0271003	0.0109409	0.00125556	0.00711226
130	0.0686898	0.0122962	0.0124535	0.0309255	0.0439731	0.00599896	0.0343577	0.093781	0.0455845	0.163054	0.0777281	0.039533	0.00155824	0.0675234	0.0534179	0.0657625	0.0567563	0.0854149	0.00275511	0.0384365
131	0.0222788	0.011903	0.00114672	0.00552918	0.031707	0.00151519	0.00249583	0.313477	0.00390757	0.291509	0.0525179	0.00558203	0.00259835	0.00610574	0.00379997	0.0111387	0.0243734	0.204934	0.000227672	0.00325393
132	0.205706	0.0651233	0.00490144	0.0141025	0.0235493	0.0199869	0.0227625	0.0278562	0.025532	0.0480528	0.0114021	0.0751225	0.00627161	0.0160619	0.0220777	0.276534	0.080192	0.0293651	0.00233182	0.0230683
133	0.067364	0.0116598	0.0126603	0.0309027	0.0449341	0.00618282	0.0353192	0.0931246	0.0462357	0.163238	0.074679	0.0392921	0.000988275	0.0689973	0.0545726	0.0648761	0.0574823	0.0858384	0.00269826	0.0389543
134	0.101958	0.0286111	0.00429302	0.00463782	0.00573804	0.00817102	0.00425072	0.223114	0.00502932	0.0475618	0.0442227	0.0179311	0.00192916	0.0106153	0.011289	0.0349176	0.111788	0.325249	0.00212124	0.00657227
135	0.0093975	0.00948824	0.000480556	0.000806954	0.01514	0.00269714	0.00317017	0.12436	0.00183115	0.674273	0.0495081	0.00132031	0.00435539	0.00266128	0.00534974	0.00830418	0.0115362	0.0734465	0.000432788	0.00144067
136	0.0569101	0.0218913	0.00974611	0.0318496	0.0308726	0.00751154	0.0356581	0.0635713	0.0509593	0.215097	0.0953249	0.0367412	0.00215628	0.099636	0.05312	0.0492566	0.0437327	0.0673471	0.0029345	0.0256836
137	0.671766	0.0185402	0.00148348	0.00325077	0.00130385	0.0445829	0.000807022	0.00881747	0.00199644	0.00497686	0.00223842	0.00176001	0.00471934	0.00521135	0.000785735	0.149504	0.0428219	0.0331238	0.00130601	0.00100408
138	0.0157882	0.00962995	0.000964235	0.00288356	0.0420614	0.002402	0.00361434	0.172705	0.00267783	0.524747	0.0695182	0.0026349	0.00369458	0.00434141	0.00507811	0.010509	0.0149418	0.106475	0.000901517	0.00443165
139	0.0460884	0.00367235	0.0303601	0.0537541	0.00624116	0.0297172	0.0847133	0.0119491	0.183408	0.0192762	0.0160858	0.0895041	0.0188799	0.0888687	0.205062	0.0635233	0.0197487	0.00983037	0.00962095	0.00969565
140	0.127914	0.0389189	0.00113811	0.00498625	0.0162561	0.0062654	0.00550049	0.181427	0.00370407	0.140481	0.0511816	0.00665278	0.00539503	0.00300738	0.0034139	0.0519583	0.0798724	0.26287	0.000635635	0.00842158
141	0.0125856	0.00794563	0.00149095	0.00314055	0.0401201	0.00256884	0.00461813	0.121238	0.00365272	0.602841	0.076652	0.00353025	0.00363166	0.00775337	0.00687901	0.0102523	0.0124423	0.0704696	0.00113563	0.00705202
142	0.137255	0.0176379	0.0313243	0.0358763	0.00573497	0.08612	0.0391518	0.0063063	0.0562772	0.0222487	0.0110562	0.0532464	0.00683694	0.0662446	0.0776668	0.214841	0.0828968	0.0288769	0.00175172	0.0186503
143	0.0443032	0.0172967	0.0228532	0.0148752	0.00564463	0.011559	0.0348383	0.0259329	0.0369584	0.0151593	0.0180012	0.0821511	0.00178454	0.0418454	0.0411154	0.235225	0.323378	0.0244563	0.000433913	0.00218807
144	0.0138912	0.00854583	0.00139664	0.00352067	0.0929335	0.00268013	0.00415806	0.144438	0.00301795	0.490813	0.105822	0.00231523	0.0035683	0.00459712	0.00480317	0.00805381	0.0103258	0.0765595	0.00247649	0.0160838
145	0.0250134	0.00330138	0.144015	0.0507621	0.00155861	0.0446415	0.088313	0.00497095	0.075509	0.00896564	0.00692234	0.305472	0.02521	0.0618881	0.022615	0.0824842	0.0295878	0.00543566	0.000522602	0.0128116
146	0.0215921	0.0122728	0.00737476	0.0121836	0.27641	0.00890006	0.0466813	0.0400314	0.0155862	0.146072	0.0277594	0.0237795	0.0356585	0.0188579	0.0294235	0.0377287	0.0185355	0.0469116	0.0109689	0.163272
147	0.0677735	0.00137264	0.0769838	0.119926	0.000918443	0.0244749	0.0301992	0.0118958	0.133329	0.025741	0.0172113	0.0672342	0.00474813	0.10639	0.110236	0.0903258	0.0840008	0.0223173	0.0012633	0.00365964
148	0.0343065	0.00330768	0.00181642	0.000954476	0.00966385	0.00220854	0.000401372	0.373876	0.00178287	0.0978143	0.0221284	0.00219555	0.00204346	0.00206737	0.00270383	0.00906588	0.029755	0.402415	0.000113749	0.00138015
149	0.0100248	0.00638164	0.005359	0.0161888	0.00237436	0.0136734	0.0240285	0.00608512	0.122316	0.0116151	0.00248184	0.0181109	0.00589236	0.0475567	0.661948	0.0179258	0.0153625	0.0057145	0.00136247	0.00559766
150	0.0289514	0.0105104	0.0299789	0.0654195	0.0129854	0.0238404	0.0244358	0.0571828	0.182012	0.0765315	0.0276101	0.0275543	0.00568127	0.109171	0.154401	0.0467542	0.0542962	0.044583	0.00022671	0.0178741
151	0.324098	0.00970233	0.0287443	0.0479428	0.00595872	0.0200329	0.0194883	0.0166378	0.0179336	0.0281572	0.0116684	0.0252127	0.00932819	0.0316204	0.0198497	0.254776	0.0863921	0.0342992	0.000532845	0.0076241
152	0.685787	0.0169343	0.00141428	0.00318471	0.000964395	0.042635	0.000633434	0.00797585	0.00173709	0.00436481	0.00144008	0.0010687	0.00461192	0.00507178	0.000628886	0.144689	0.0416484	0.0329458	0.00135093	0.000913748
153	0.274731	0.0547837	0.00394383	0.00624344	0.012864	0.0319451	0.00379714	0.074527	0.00191587	0.0439032	0.0212629	0.0115161	0.00926357	0.00434592	0.0028844	0.164558	0.108245	0.159468	0.000532733	0.00926898
154	0.0295498	0.0105219	0.0305814	0.066651	0.0124197	0.0241962	0.0246949	0.0562069	0.182493	0.0755892	0.0266065	0.0276511	0.00578423	0.109143	0.153339	0.0470897	0.0543567	0.0449986	0.000201563	0.0179261
155	0.292662	0.0746827	0.00366807	0.00725477	0.014633	0.0408961	0.00463204	0.0455001	0.00253407	0.0449525	0.0119253	0.0130584	0.00892468	0.00396857	0.00269218	0.206117	0.127146	0.0856751	0.000658385	0.00841911
156	0.27363	0.0758621	0.00364805	0.00761625	0.0162956	0.042612	0.0057478	0.0468214	0.00308841	0.0493178	0.0120468	0.0147249	0.00826553	0.00439666	0.00360243	0.209812	0.128932	0.0837907	0.000765167	0.00902376
157	0.0478524	0.00224877	0.203919	0.285022	0.00316931	0.0369058	0.0199932	0.0149043	0.0450989	0.014391	0.00742079	0.0598874	0.01332	0.0655222	0.0339956	0.0822146	0.0402529	0.0179422	0.000585107	0.0053548
158	0.0472236	0.0123121	0.00119289	0.00285019	0.0185313	0.00216656	0.00209262	0.315696	0.00294892	0.172501	0.039105	0.0034966	0.00347305	0.00339903	0.00265915	0.0180624	0.0361132	0.312894	0.000142065	0.00314051
159	0.0191172	0.00888828	0.000620391	0.00350265	0.0350171	0.00196479	0.0025224	0.250034	0.00317884	0.394182	0.0663015	0.00389841	0.00310464	0.00517056	0.00393475	0.00910616	0.0196243	0.166377	0.000446616	0.00300828
160	0.0581633	0.00169546	0.141322	0.266704	0.00239653	0.039344	0.0227584	0.0160193	0.053274	0.0134581	0.0101347	0.0669192	0.0149448	0.0745096	0.0408803	0.105564	0.0478256	0.0201102	0.000291146	0.00368532
161	0.0203347	0.00783757	0.00895563	0.0265169	0.00434311	0.0165917	0.0172053	0.00750452	0.329638	0.020153	0.00247535	0.0301304	0.000761847	0.0762699	0.347546	0.0343791	0.0263632	0.011146	0.00189687	0.00995066
162	0.0130947	0.00472768	0.00074296	0.00223824	0.0509182	0.00297046	0.00206603	0.145001	0.00196019	0.527522	0.11352	0.00110992	0.00556008	0.00393361	0.00514489	0.00790964	0.00974487	0.0965779	0.00163774	0.00362002
163	0.0176393	0.0128526	0.000771302	0.00239515	0.0374369	0.00260381	0.00395113	0.164421	0.00225946	0.540838	0.068878	0.002631	0.00395379	0.00367962	0.00529076	0.0102674	0.0166235	0.0973282	0.000664159	0.00551529
164	0.102216	0.00340579	0.0167445	0.00233009	0.00368442	0.00929658	0.00319238	0.0826697	0.00242632	0.0382124	0.0672816	0.070119	0.0220199	0.00440678	0.0227657	0.14313	0.263686	0.136897	0.000601735	0.00491424
165	0.09455	0.0104535	0.0107989	0.0230771	0.0114525	0.00632536	0.0191986	0.151582	0.0203515	0.124853	0.0504796	0.00577745	0.00321032	0.0156403	0.0155921	0.0482526	0.0884164	0.289479	0.00165374	0.00885625
166	0.676821	0.018018	0.00148874	0.00319477	0.000999374	0.0478664	0.000968562	0.00837196	0.00173398	0.00465296	0.00177964	0.00117906	0.00580102	0.0051292	0.000736673	0.142198	0.0421848	0.0344411	0.00132353	0.00111088
167	0.0352347	0.00368937	0.0018852	0.00104719	0.0096338	0.0023122	0.000432767	0.369893	0.00196726	0.0962773	0.0224644	0.00252537	0.00205701	0.00207073	0.00296871	0.00909807	0.0301154	0.404796	0.000136108	0.00139561
168	0.311497	0.0582357	0.00541585	0.00823125	0.0117088	0.0525719	0.00480337	0.0357926	0.0042635	0.0261225	0.0157855	0.0183251	0.00894214	0.00657192	0.00291348	0.24656	0.102149	0.0736291	0.000315001	0.00616588
169	0.0134318	0.00292419	0.517651	0.130722	0.00277757	0.0142227	0.020427	0.00530794	0.0149996	0.018091	0.00539082	0.162044	0.00571688	0.020341	0.0111551	0.0303334	0.0133064	0.00573142	0.000874032	0.00455176
170	0.0497094	0.0102409	0.169612	0.228987	0.0157779	0.0316086	0.0232275	0.0348422	0.0471293	0.0625816	0.0311408	0.0501552	0.00211595	0.0788094	0.0242998	0.058904	0.0234574	0.0299765	0.00260581	0.024819
171	0.158101	0.0285238	0.0249384	0.0332035	0.0167298	0.0242277	0.0314346	0.0351748	0.0192452	0.0278439	0.0144358	0.034268	0.181754	0.0509616	0.040849	0.132212	0.0398884	0.0862296	0.00154114	0.0184376
172	0.0560973	0.00151579	0.164997	0.268629	0.00223055	0.0428937	0.0221774	0.0159748	0.0463338	0.0118178	0.00808818	0.0681403	0.0150473	0.0696502	0.0376833	0.100939	0.0438797	0.0194452	0.000322764	0.00413624
173	0.034703	0.00341837	0.00182566	0.000937155	0.00976864	0.0021564	0.000438857	0.373727	0.00174708	0.097532	0.0221482	0.00222918	0.00207557	0.00210766	0.002683	0.00922188	0.030031	0.401637	0.000141511	0.00147074
174	0.0424121	0.00918882	0.013297	0.0256659	0.00553293	0.0220309	0.0262739	0.0133954	0.105984	0.0196473	0.00768823	0.0273172	0.00784285	0.0530721	0.516218	0.0457708	0.0290622	0.016915	0.00466233	0.00802294
175	0.0650711	0.0123033	0.0125356	0.0312688	0.044651	0.00587763	0.0358928	0.0897834	0.0470072	0.170461	0.075973	0.0385235	0.00111744	0.0729502	0.0542839	0.0623531	0.0549036	0.083454	0.00306228	0.0385275
176	0.0870249	0.0192519	0.00309755	0.00363214	0.00744344	0.00762278	0.00310151	0.256613	0.00382272	0.0713752	0.0381533	0.0104087	0.00195607	0.0061278	0.00737705	0.0263759	0.0821268	0.358638	0.00113547	0.00471574
177	0.00971278	0.00277905	0.000984044	0.00171623	0.0830832	0.00192952	0.00219159	0.132251	0.00192088	0.559101	0.10337	0.000923438	0.00253881	0.0028079	0.00310021	0.00502903	0.00534407	0.0735281	0.001705	0.00598398
178	0.0689633	0.00180619	0.0749448	0.11761	0.00135364	0.0243368	0.0307613	0.0124546	0.131376	0.0275943	0.0170411	0.0671697	0.00571434	0.105525	0.108342	0.0919315	0.0838443	0.023464	0.00169713	0.00407054
179	0.192955	0.061324	0.00941757	0.0432204	0.00488633	0.0187344	0.0768926	0.00767689	0.0211686	0.0664069	0.0090772	0.0955757	0.0122718	0.0204411	0.0192724	0.251595	0.0428088	0.0219024	0.00125955	0.0231136
180	0.0115957	0.00552838	0.00101681	0.00504189	0.47779	0.00380528	0.0125198	0.0279324	0.00164068	0.14049	0.0253047	0.0044741	0.00210238	0.00336349	0.00491763	0.00650889	0.00469935	0.0187111	0.0203051	0.222253
181	0.0478851	0.0188817	0.0380879	0.0459841	0.0218895	0.036143	0.0395522	0.0418927	0.0726755	0.0218102	0.0133986	0.0655037	0.0964058	0.0617817	0.0905948	0.116413	0.0785668	0.0670158	0.000705423	0.0248125
182	0.0218195	0.0288707	0.00361337	0.00758396	0.16796	0.00368295	0.0147828	0.151754	0.00501183	0.346844	0.0656562	0.00702544	0.00506183	0.00644542	0.00921672	0.0159896	0.027254	0.0435097	0.00452407	0.0633937
183	0.0340932	0.0253348	0.106994	0.111896	0.0815796	0.0159495	0.076094	0.0222097	0.0282097	0.0545334	0.0236141	0.0526654	0.0074275	0.0561446	0.0312348	0.0466179	0.0198514	0.0306505	0.00832675	0.166573
184	0.0547385	0.0149245	0.0397837	0.0417576	0.0234221	0.0379942	0.0419054	0.0412196	0.0643468	0.0223969	0.0142321	0.0599149	0.106216	0.0619245	0.085357	0.118344	0.0773289	0.0648528	0.000758336	0.0285822
185	0.00449854	0.0149516	0.00524903	0.00416932	0.141375	0.00139984	0.157903	0.00585015	0.00933445	0.0392843	0.00468646	0.0260408	0.000775651	0.0338418	0.0103079	0.0159782	0.00912917	0.00219481	0.0135287	0.499501
186	0.0367197	0.0134063	0.00384848	0.00584522	0.0373293	0.00515353	0.00672532	0.131961	0.005961	0.513803	0.0661365	0.0063999	0.00464946	0.0102176	0.00871463	0.0239371	0.0224535	0.0868306	0.00136175	0.00854607
187	0.33998	0.0562809	0.00522396	0.00780335	0.00872584	0.132735	0.00771408	0.0209717	0.0164741	0.0162152	0.0167309	0.025016	0.00640488	0.0217161	0.0080631	0.218512	0.0470611	0.0388537	0.00088962	0.00462937
188	0.0376321	0.0116681	0.0280188	0.0724209	0.0122546	0.0199881	0.0493971	0.0385746	0.11541	0.118128	0.0358006	0.0358697	0.00852062	0.162862	0.0885025	0.053365	0.0443219	0.0503075	0.00156874	0.0153892
189	0.118989	0.0265975	0.0235633	0.0373293	0.0134048	0.0197935	0.0246999	0.0316669	0.0166742	0.0340379	0.0160597	0.038444	0.246659	0.0593429	0.038591	0.126045	0.0328484	0.0805469	0.00119458	0.0135124
190	0.0371372	0.00399891	0.285521	0.278528	0.00491514	0.0326924	0.0195136	0.0154246	0.0410052	0.0226382	0.0103885	0.0491668	0.0100186	0.0593584	0.0287865	0.0469472	0.0254405	0.0148437	0.00233155	0.0113435
191	0.0493723	0.0489417	0.0157254	0.0104399	0.0507681	0.0116089	0.0650737	0.0715081	0.0291921	0.0727493	0.0263077	0.189218	0.0162014	0.0245548	0.0159675	0.145558	0.0372369	0.0329381	0.00819553	0.0784429
192	0.0245185	0.0116787	0.000778958	0.00467776	0.0327155	0.00166149	0.00254139	0.294823	0.00370783	0.312044	0.0559437	0.00505422	0.00295307	0.00570078	0.00383409	0.0109905	0.0245076	0.198369	0.000254398	0.00324466
193	0.062526	0.00429292	0.0608086	0.0948306	0.00501796	0.0318375	0.0350091	0.0142092	0.130028	0.0235845	0.0141504	0.0684929	0.0171999	0.100641	0.129173	0.0989076	0.0783457	0.0233553	0.001399	0.00619061
