395	20
1	0.0820743	0.00272326	0.0505462	0.0572317	0.0113003	0.10188	0.0171697	0.0254892	0.121092	0.0118018	0.0196173	0.0754479	0.014656	0.0457724	0.164157	0.10108	0.0545129	0.034884	0.00611088	0.00245259
2	0.645636	0.0285211	0.00211966	0.00968869	0.0051481	0.032295	0.00304656	0.00469996	0.0101821	0.00733023	0.00591273	0.00380626	0.0122926	0.00625793	0.00415066	0.0753552	0.0202016	0.116049	0.00108578	0.00622033
3	0.0593094	0.0085209	0.00157188	0.0100254	0.0131834	0.00991493	0.00425074	0.233656	0.00179326	0.161139	0.0430037	0.00193886	0.00122998	0.00414692	0.00498374	0.00995501	0.0209507	0.405245	0.00123895	0.00394185
4	0.079456	0.00298316	0.0547755	0.0635679	0.00913284	0.121538	0.0161852	0.0217567	0.108149	0.0128565	0.0167587	0.0742456	0.0156067	0.0556741	0.174851	0.09253	0.0433956	0.0285165	0.00718389	0.000837148
5	0.582418	0.0451724	0.0033571	0.00731441	0.00496603	0.031503	0.00356399	0.00634688	0.0145574	0.00768906	0.00522203	0.00625846	0.0109201	0.00530798	0.00543237	0.10405	0.0342168	0.114057	0.00112895	0.00651835
6	0.0458247	0.0108044	0.00170937	0.00677042	0.0275792	0.0102511	0.00739477	0.230683	0.00375923	0.241333	0.0335938	0.00132828	0.00216729	0.00377087	0.00663682	0.00830052	0.0214063	0.324293	0.00343262	0.00896111
7	0.026077	0.00260325	0.00814997	0.0126128	0.00433017	0.777288	0.0065379	0.00421372	0.0197124	0.00510715	0.0059241	0.0172949	0.00393348	0.0160522	0.0429084	0.0278497	0.00971517	0.00670843	0.00147951	0.00150157
8	0.019002	0.0426474	0.00172843	0.00318283	0.0125576	0.0220788	0.027193	0.00627446	0.12692	0.0707417	0.00653666	0.0126717	0.0091351	0.045768	0.496627	0.0512004	0.014669	0.00945818	0.0152941	0.00631373
9	0.0160732	0.000789702	0.000759541	0.00436453	0.0032062	0.923985	0.000980128	0.0010026	0.00133933	0.00121427	0.00382783	0.00351701	0.000602178	0.00665905	0.0126427	0.014974	0.00141718	0.00146323	0.000446474	0.0007355
10	0.00807762	0.00950485	0.00325	0.000862823	0.541757	0.00113851	0.0153373	0.0368059	0.00113325	0.126073	0.0103803	0.00512816	0.000731922	0.00212317	0.0056387	0.0184573	0.00763874	0.0269914	0.00830099	0.170669
11	0.0168821	0.00218418	0.598993	0.134624	0.00225709	0.0176111	0.021907	0.00329166	0.0100461	0.00379261	0.00166971	0.105168	0.00562458	0.00925977	0.00711984	0.0343021	0.0127909	0.00944091	0.000571457	0.00246403
12	0.0379196	0.0087009	0.00126646	0.00432613	0.0357825	0.00641435	0.00753455	0.241466	0.0070657	0.274614	0.0509243	0.00179664	0.00280052	0.00297326	0.00560111	0.0062378	0.0217693	0.262617	0.0068496	0.0133398
13	0.0700801	0.0721243	0.0176623	0.00539375	0.0244912	0.0534854	0.0283413	0.0233664	0.0350878	0.0338846	0.0133031	0.0961318	0.00099596	0.0158951	0.0523068	0.327506	0.0808618	0.0215508	0.000868293	0.0266634
14	0.0729459	0.00741589	0.16862	0.113302	0.00908054	0.134742	0.0194694	0.0121469	0.0552321	0.0131574	0.0127683	0.0675883	0.0139854	0.0435925	0.0965876	0.0908617	0.0367255	0.023068	0.0030395	0.00567134
15	0.0361042	0.00824777	0.00124199	0.00401959	0.0368032	0.0061084	0.0077902	0.242994	0.00816359	0.279301	0.0545689	0.00201692	0.00295962	0.00284248	0.00542342	0.00602925	0.0226639	0.251163	0.00751471	0.0140446
16	0.0186688	0.0384156	0.00170928	0.00534398	0.0103915	0.022786	0.0285631	0.00517997	0.131827	0.0610482	0.00699822	0.014129	0.0104255	0.0489328	0.494896	0.0535389	0.0148421	0.0091096	0.0174349	0.00575931
17	0.00559338	0.00703529	0.000651774	0.000802265	0.0584274	0.00143095	0.00591401	0.0722071	0.00109346	0.703079	0.0815257	0.00106573	0.00857998	0.000756116	0.00123162	0.00363153	0.00162435	0.0403603	0.000438751	0.00455122
18	0.0633286	0.0102006	0.0772511	0.10803	0.0173225	0.0888279	0.0304122	0.0187476	0.103767	0.0250321	0.01439	0.0543547	0.0260126	0.0633491	0.131091	0.08415	0.0446712	0.0294423	0.00427141	0.00534825
19	0.0367735	0.0476432	0.000749627	0.00102526	0.15145	0.0113847	0.141937	0.00363888	0.00139222	0.0185955	0.0013472	0.0400273	0.00738765	0.0352188	0.0242194	0.0538398	0.00728671	0.0158562	0.018564	0.381664
20	0.564127	0.0514056	0.00422366	0.00823033	0.00555963	0.0368728	0.00505996	0.0099004	0.0127814	0.0110512	0.00677123	0.00610981	0.0116175	0.00767218	0.00643452	0.0979791	0.0253934	0.120537	0.00128953	0.00698388
21	0.00309838	0.00298212	0.00116336	0.00402161	0.00137046	0.00698872	0.0073869	0.00142072	0.701359	0.00480318	0.00886788	0.00901494	0.00109562	0.0117819	0.193755	0.0212175	0.0125565	0.00502729	0.00120068	0.000888774
22	0.0770663	0.00327432	0.0597545	0.068641	0.00894313	0.127766	0.0155512	0.0215496	0.106743	0.0131617	0.0156461	0.0678677	0.0197998	0.0524987	0.167094	0.0954744	0.0442489	0.0276882	0.00643822	0.000793348
23	0.0781804	0.00586983	0.0564036	0.0665706	0.00744391	0.114359	0.0262961	0.0158041	0.089174	0.0284174	0.0126635	0.0632354	0.0551305	0.0656026	0.133021	0.111654	0.0426944	0.0206076	0.00568223	0.00118944
24	0.0216476	0.0336221	0.00503924	0.0119308	0.00862063	0.0349022	0.035487	0.00570685	0.124664	0.052128	0.012076	0.0205206	0.0219539	0.0514216	0.442052	0.0679222	0.0164047	0.00982941	0.0185173	0.00555405
25	0.0449682	0.0228151	0.0025145	0.00591026	0.0302055	0.0136104	0.00623411	0.174538	0.00537443	0.310148	0.0387742	0.0041115	0.00413829	0.00460833	0.0114743	0.0268815	0.0337488	0.248093	0.00304034	0.00881053
26	0.0474842	0.0111604	0.00178132	0.00750642	0.0243473	0.00986428	0.0065631	0.218552	0.0034998	0.239964	0.0332292	0.00117504	0.00217576	0.00317948	0.00624558	0.00997494	0.0197056	0.341649	0.00299264	0.00895067
27	0.0312751	0.0105611	0.141375	0.209766	0.028506	0.0389533	0.043745	0.0219812	0.0997741	0.0263123	0.0149153	0.0309958	0.00461645	0.0888564	0.0869866	0.0341778	0.0260335	0.0461125	0.000732425	0.0143251
28	0.04501	0.011201	0.00168659	0.00672678	0.029298	0.00961229	0.0075232	0.227319	0.00392316	0.253281	0.0329327	0.00105972	0.00228391	0.00369076	0.00682486	0.00810862	0.0212551	0.314848	0.00376783	0.0096472
29	0.0315086	0.00165051	0.474712	0.126268	0.00153578	0.049907	0.0200365	0.00220935	0.016385	0.00409086	0.00185608	0.163376	0.00528731	0.0125411	0.0149549	0.0510629	0.0140793	0.00618362	0.00058675	0.00176804
30	0.0510369	0.00756396	0.17761	0.200443	0.0114682	0.0730821	0.0281612	0.0100459	0.0638624	0.0174105	0.0120586	0.0348569	0.0170508	0.074624	0.0791034	0.0743177	0.0355806	0.022535	0.00114907	0.00803988
31	0.0220555	0.0156371	0.00460642	0.057136	0.000608437	0.0263405	0.0959119	0.000691045	0.170668	0.0306407	0.0174402	0.0532205	0.0198378	0.162899	0.247283	0.0224249	0.0229477	0.0108688	0.00661686	0.0121664
32	0.0167074	0.00131612	0.592314	0.145124	0.00120816	0.00714116	0.0245603	0.00228789	0.0128436	0.00196562	0.00131984	0.114221	0.00676903	0.00902845	0.00926323	0.0310216	0.0142312	0.00716535	0.000456405	0.00105568
33	0.0448784	0.00909625	0.00151776	0.00620173	0.0214975	0.00830296	0.00578102	0.256937	0.00309413	0.211951	0.0374644	0.00184477	0.00165724	0.00318869	0.00534551	0.00797224	0.0196515	0.344361	0.0027206	0.00653644
34	0.167041	0.0212725	0.0275242	0.0407555	0.029747	0.00495979	0.0183974	0.0574122	0.0154823	0.11106	0.0203925	0.0148037	0.0749307	0.0145004	0.0155071	0.081796	0.095486	0.15293	0.0123248	0.0236762
35	0.0372827	0.00923096	0.00137235	0.00462124	0.0369985	0.00704605	0.00793676	0.237044	0.00637844	0.277975	0.0475741	0.00157148	0.00271527	0.00307214	0.00579614	0.00657098	0.0213905	0.266093	0.00618029	0.0131503
36	0.059109	0.00448199	0.0110377	0.00424556	0.00395926	0.0153256	0.0144274	0.00975268	0.00848034	0.0128455	0.000900595	0.00497011	0.707568	0.0384999	0.0218442	0.0534253	0.0222528	0.00228128	0.00044462	0.00414763
37	0.0815538	0.0214742	0.00599564	0.00597956	0.0149628	0.0145108	0.00260564	0.14362	0.0177258	0.134337	0.0576825	0.0115518	0.0095875	0.00222164	0.0200379	0.0817669	0.198433	0.169081	0.000694415	0.00617898
38	0.0441768	0.0123395	0.00171305	0.00713621	0.0275796	0.00960106	0.00713313	0.224431	0.00375079	0.244279	0.0313971	0.00111884	0.00231611	0.00345567	0.0069242	0.00868943	0.0205748	0.329835	0.00322343	0.0103255
39	0.0794533	0.0122067	0.050911	0.0685805	0.00421617	0.0532034	0.0532888	0.00568517	0.0594215	0.0565009	0.00721042	0.0570418	0.135672	0.105344	0.0605462	0.137888	0.0390215	0.00666919	0.00454949	0.00258958
40	0.0784743	0.00319335	0.263806	0.0569932	0.00292824	0.188314	0.00563372	0.00335944	0.00537417	0.0123473	0.00265267	0.240543	0.00209153	0.0145531	0.00745083	0.0981069	0.00473025	0.00551984	0.00108768	0.00284028
41	0.0727481	0.00894889	0.00201225	0.00977166	0.0142939	0.0136715	0.00554248	0.193834	0.00225457	0.18646	0.0296049	0.00118748	0.00163641	0.0036166	0.0057122	0.011058	0.0188644	0.411995	0.00153934	0.00524859
42	0.0636599	0.00500266	0.0705678	0.101321	0.0130835	0.0962281	0.0210521	0.020904	0.114201	0.0153104	0.0160436	0.0634222	0.013334	0.0591192	0.160595	0.0806221	0.0432426	0.0335438	0.00516882	0.00357787
43	0.0378009	0.111157	0.00330201	0.0036061	0.0736039	0.01318	0.0247307	0.0962301	0.0217557	0.0358119	0.0261045	0.0299069	0.00285451	0.0367332	0.0668641	0.101903	0.0404909	0.185105	0.0484552	0.040404
44	0.021084	0.0219496	0.170226	0.10959	0.045042	0.171079	0.0623695	0.00998254	0.0132528	0.0365567	0.0102404	0.080583	0.00419725	0.0228179	0.0173674	0.0493149	0.0122964	0.0768403	0.00209643	0.0631138
45	0.0246798	0.0150368	0.00679479	0.0581525	0.000801779	0.0278337	0.0927862	0.000990156	0.167357	0.0329265	0.0175912	0.053954	0.0263197	0.160451	0.233827	0.0280229	0.0235681	0.0109016	0.00632475	0.0116809
46	0.0233763	0.0249495	0.163313	0.152214	0.0437031	0.155397	0.0536099	0.012494	0.0322596	0.0273711	0.00901479	0.0586329	0.00390433	0.0364101	0.033472	0.0394259	0.0160725	0.0629326	0.0016934	0.0497541
47	0.0780513	0.012199	0.0522056	0.0703827	0.00425555	0.050396	0.0572491	0.00543535	0.0578254	0.0596187	0.00747	0.0584611	0.134361	0.108003	0.0556145	0.136124	0.0386466	0.00642792	0.00464558	0.00262839
48	0.059384	0.00717632	0.0587685	0.0723955	0.0202843	0.0787579	0.0263116	0.0298023	0.11222	0.0250635	0.0206281	0.0561452	0.0115142	0.0461986	0.206785	0.0837228	0.0375908	0.0383743	0.00507169	0.00380523
49	0.0799182	0.0155175	0.00808761	0.00478944	0.0183196	0.0121105	0.000990124	0.150807	0.0174285	0.0900576	0.0908282	0.0160872	0.00578312	0.00103666	0.0208887	0.0963109	0.265605	0.0980464	0.000402335	0.00698476
50	0.0261539	0.016823	0.00570394	0.0159196	0.0338837	0.0106655	0.0452404	0.0666392	0.0902007	0.108548	0.0199615	0.01585	0.0238995	0.0447059	0.349923	0.0338374	0.0329585	0.0386762	0.00598911	0.0144205
51	0.0452581	0.0128411	0.00189385	0.00639185	0.0288034	0.00898456	0.00688435	0.23244	0.00438601	0.229957	0.0347652	0.00173236	0.00437117	0.00349982	0.00711624	0.0086719	0.0231501	0.325207	0.00362651	0.0100189
52	0.031702	0.064528	0.00561115	0.00714231	0.0635118	0.030864	0.0139246	0.0413392	0.0114371	0.366099	0.018491	0.0108514	0.00563619	0.0166896	0.0650764	0.0422208	0.042739	0.120786	0.00790675	0.0334432
53	0.064584	0.00922502	0.0554906	0.0471794	0.00510939	0.0246965	0.0143231	0.0188591	0.0241021	0.028443	0.00426458	0.0796004	0.147093	0.0437934	0.0101056	0.189966	0.187225	0.0234943	0.0138236	0.0086225
54	0.0128942	0.0115992	0.00262057	0.000999409	0.554524	0.00190802	0.0159839	0.0240136	0.00138904	0.0956791	0.00651136	0.00581059	0.00112976	0.00359839	0.0079521	0.0187355	0.00679014	0.0187426	0.00907535	0.200044
55	0.0767528	0.0120875	0.0523619	0.0685008	0.00484024	0.0502486	0.0600191	0.00535612	0.0576938	0.0613318	0.00836	0.0608451	0.129995	0.109567	0.0549755	0.135227	0.0381745	0.0065031	0.00449947	0.0026607
56	0.0210147	0.0146362	0.0099371	0.0698138	0.00176814	0.0246715	0.0919292	0.00158917	0.164318	0.0282663	0.0169543	0.0496952	0.0194553	0.186685	0.224605	0.0230466	0.0231175	0.0107715	0.00638626	0.0113396
57	0.0285304	0.0106921	0.00178481	0.0044029	0.0474453	0.00603882	0.00886748	0.120235	0.00813249	0.47558	0.0967551	0.00602106	0.00741922	0.00584333	0.00803742	0.0207018	0.0260662	0.103783	0.00338133	0.010282
58	0.209299	0.0597769	0.00833655	0.00970912	0.00890795	0.00748998	0.00595616	0.0444836	0.00872857	0.120521	0.0794145	0.0323151	0.0183078	0.0118218	0.0086891	0.197304	0.0577718	0.105181	0.00185462	0.00413185
59	0.0742251	0.00489992	0.10628	0.117178	0.00997896	0.119481	0.0180323	0.0194804	0.085451	0.0133274	0.0136701	0.0650962	0.0142607	0.0560805	0.124072	0.0867241	0.0380917	0.0252696	0.00462114	0.00377957
60	0.0370107	0.0403456	0.00373145	0.0296515	0.051471	0.00634355	0.15227	0.0149104	0.0563662	0.13206	0.0261378	0.0278898	0.0068357	0.106851	0.10063	0.017745	0.0139062	0.0382097	0.0167357	0.120899
61	0.0179214	0.0096674	0.00347831	0.00203017	0.300963	0.00344792	0.0142923	0.123921	0.00469962	0.220769	0.0366268	0.0048812	0.0027399	0.00226681	0.0058579	0.0175737	0.0216166	0.110317	0.00594693	0.0909838
62	0.0729327	0.0418699	0.027358	0.0180994	0.0595584	0.0390185	0.0393834	0.0245471	0.0290814	0.0311442	0.0134437	0.117435	0.0122502	0.0225051	0.0403419	0.234708	0.0703193	0.0307854	0.00670598	0.0685123
63	0.0217484	0.0155494	0.00470045	0.0577485	0.000609124	0.0260081	0.096269	0.000688523	0.169972	0.0305879	0.0174222	0.0526337	0.0201032	0.169897	0.241321	0.0224108	0.0229395	0.0107145	0.00652465	0.0121518
64	0.0334364	0.00946567	0.131682	0.202955	0.0207389	0.0471696	0.0315491	0.0178906	0.110121	0.0146388	0.0139317	0.0438688	0.00748919	0.079405	0.119918	0.045423	0.0310131	0.0260027	0.00139709	0.0119044
65	0.196592	0.0768502	0.00524314	0.00528262	0.00517509	0.00725179	0.00419735	0.0533825	0.00703595	0.129171	0.113119	0.0363573	0.00381218	0.00712188	0.0076259	0.218632	0.0349503	0.083428	0.00144639	0.00332491
66	0.074287	0.0786107	0.0164156	0.00617796	0.0227792	0.0570359	0.0264133	0.0220347	0.0322155	0.0414355	0.0143437	0.0934418	0.00199935	0.0177898	0.0476254	0.323344	0.0762656	0.0217797	0.000934662	0.0250709
67	0.0574095	0.0100475	0.00197399	0.0089386	0.0194649	0.0119996	0.00645426	0.20981	0.00259038	0.218556	0.0304869	0.00105473	0.00158409	0.00355388	0.00613267	0.0108458	0.0194881	0.371205	0.00210454	0.00629961
68	0.135612	0.0136352	0.0372604	0.0296431	0.00415727	0.0213103	0.0225431	0.0182347	0.0278731	0.0531944	0.00535539	0.0418707	0.153673	0.0461367	0.0136498	0.207584	0.136039	0.0233765	0.00345775	0.00539405
69	0.0158605	0.000796445	0.000759747	0.00433171	0.00318621	0.926146	0.000930708	0.00096267	0.00106102	0.00121344	0.00374631	0.00352229	0.000592433	0.00651676	0.0121287	0.0144903	0.00120091	0.00146077	0.000351854	0.000741437
70	0.0576834	0.00339048	0.0729372	0.0616791	0.005851	0.0614675	0.0342193	0.0127905	0.115575	0.00842125	0.0129718	0.156714	0.0112765	0.0334817	0.0988556	0.129717	0.0900913	0.0187671	0.00299435	0.0111148
71	0.0235927	0.00453151	0.000794243	0.0020953	0.0152171	0.00219756	0.00179952	0.430173	0.00277406	0.0929715	0.0572648	0.00544365	0.00106381	0.00162127	0.00217326	0.00470384	0.0213389	0.326191	0.00107969	0.00297344
72	0.0642865	0.00488517	0.0130773	0.00647434	0.00412109	0.0160031	0.015822	0.0104686	0.0102867	0.0156079	0.00152147	0.00713638	0.677314	0.0390819	0.0224261	0.0582327	0.024853	0.00388538	0.000590901	0.00392579
73	0.0918907	0.034138	0.00794637	0.00821619	0.0193891	0.0129987	0.00602404	0.1238	0.0155654	0.125152	0.0543949	0.0156063	0.0122984	0.00830956	0.0200032	0.107576	0.158522	0.165105	0.00463653	0.00842778
74	0.0172562	0.00140191	0.0038877	0.00874741	0.00372814	0.881505	0.00456593	0.00137396	0.00662381	0.00265072	0.0041193	0.00654438	0.00222224	0.012345	0.0182102	0.0167095	0.0030021	0.00236072	0.000646466	0.00209922
75	0.0367527	0.0508725	0.0111026	0.0125453	0.0687777	0.0136783	0.136722	0.0115892	0.0366113	0.10745	0.0732023	0.0460268	0.0168842	0.103315	0.0405915	0.0448822	0.0347055	0.0559671	0.00745615	0.0908672
76	0.0080604	0.00950441	0.00334751	0.00108644	0.410074	0.00152575	0.0152743	0.0613609	0.00153167	0.250174	0.0283158	0.00463397	0.00216582	0.00181741	0.00448772	0.0174023	0.00854688	0.0463665	0.00525872	0.119065
77	0.0822201	0.0630634	0.016683	0.0147956	0.0221864	0.0291246	0.0185834	0.069795	0.0319119	0.0438263	0.0246425	0.105326	0.0132247	0.0168547	0.0423573	0.202281	0.123381	0.056353	0.00532632	0.0180649
78	0.240356	0.0199717	0.0019885	0.00677994	0.012207	0.0117527	0.00471916	0.0221779	0.00879296	0.00234712	0.00156569	0.0418967	0.00267411	0.00239858	0.0165488	0.355394	0.205502	0.028347	0.000564163	0.0140165
79	0.17348	0.0605051	0.00566902	0.0057825	0.00812761	0.00795024	0.00310306	0.0737042	0.0100928	0.13335	0.106169	0.0284191	0.00640401	0.00631002	0.0105318	0.170969	0.0903035	0.094382	0.00119246	0.00355405
80	0.0217792	0.0218451	0.00184303	0.00110032	0.439846	0.00488315	0.054254	0.0146769	0.00137437	0.058901	0.00387402	0.0157376	0.00291647	0.0134902	0.0124145	0.0279625	0.00621638	0.0155775	0.0129473	0.26836
81	0.0782406	0.00303857	0.266036	0.0602651	0.00269501	0.186092	0.00570157	0.00322756	0.00527795	0.0124446	0.00284775	0.235105	0.00221959	0.0146932	0.00800899	0.0995203	0.00528024	0.00556789	0.00105682	0.00268153
82	0.00688086	0.0105053	0.00430085	0.000917823	0.505034	0.00115157	0.018842	0.0435827	0.00116264	0.155731	0.0146643	0.00612455	0.000694271	0.00210892	0.00536853	0.0220168	0.00947207	0.0344406	0.00583864	0.151163
83	0.286727	0.012974	0.0110233	0.0487744	0.0141928	0.0211136	0.00919484	0.0199259	0.0148866	0.0854497	0.0411852	0.0173333	0.0391396	0.0340637	0.00830403	0.133283	0.0903923	0.0992306	0.0026264	0.0101802
84	0.333217	0.0140126	0.0158812	0.0193016	0.00683538	0.0415618	0.0222576	0.0129389	0.0311849	0.047439	0.0181218	0.0308328	0.0537778	0.0194373	0.0120618	0.197897	0.0835753	0.0304087	0.00171239	0.00754479
85	0.143273	0.00680777	0.0537859	0.0539914	0.0116792	0.0355394	0.0271043	0.0243036	0.0738122	0.0079087	0.0112478	0.0808587	0.0231826	0.0336556	0.0239699	0.216256	0.113164	0.031854	0.00130076	0.0263048
86	0.121381	0.0174659	0.00863122	0.00792389	0.0149069	0.0139789	0.00289403	0.126282	0.0148547	0.0729283	0.0627053	0.0154894	0.00946921	0.00281033	0.0229754	0.117134	0.265973	0.0949212	0.000860482	0.00641494
87	0.0100904	0.00749914	0.00242723	0.0215939	0.00116049	0.0158944	0.0376319	0.00127074	0.51097	0.0131085	0.0113844	0.0263826	0.00725535	0.0655825	0.216249	0.0213941	0.0153318	0.00651899	0.00329429	0.00496056
88	0.0706748	0.0719432	0.0173725	0.00533956	0.0245237	0.0528792	0.0284745	0.0231572	0.0346686	0.033481	0.0132529	0.0958147	0.00146467	0.0157517	0.0518772	0.328856	0.0812273	0.0214828	0.000856594	0.0269015
89	0.0113103	0.00749061	0.00110292	0.00168067	0.0582207	0.00258102	0.00625546	0.0978784	0.00302101	0.622833	0.0739686	0.00158484	0.00757827	0.00194876	0.00418516	0.00493427	0.00552669	0.0791434	0.00130809	0.00744749
90	0.432584	0.0696382	0.0036976	0.00585556	0.00482776	0.151028	0.00388535	0.023989	0.00608514	0.00500598	0.00424946	0.00550121	0.00407185	0.00438885	0.0249946	0.189907	0.0131005	0.0299629	0.00152551	0.0157012
91	0.0174463	0.00763571	0.0029008	0.00195122	0.238665	0.00293721	0.0131608	0.156211	0.00513301	0.25339	0.0472993	0.00391969	0.00262601	0.00182943	0.00432383	0.0147291	0.0164001	0.134145	0.00615738	0.0691381
92	0.0569182	0.010214	0.290491	0.126754	0.0134899	0.042099	0.0217624	0.0304222	0.0455582	0.0211523	0.0113746	0.0516221	0.0106785	0.0352003	0.0488991	0.0817575	0.0406227	0.0501067	0.00177672	0.00910071
93	0.443293	0.051203	0.00584749	0.00708814	0.00426038	0.168829	0.00456747	0.0195339	0.00828995	0.00733172	0.00537276	0.00837587	0.00662769	0.00504734	0.0197995	0.160522	0.0215051	0.0410483	0.00121376	0.0102424
94	0.0282745	0.0885449	0.00348208	0.00553209	0.0863221	0.0111408	0.0503006	0.0792301	0.0318459	0.0306421	0.0293427	0.021687	0.00417664	0.0326624	0.0898772	0.0799902	0.0268743	0.131034	0.0653911	0.103649
95	0.00699112	0.0106272	0.00439356	0.000913989	0.506354	0.00114561	0.0187879	0.043292	0.00115825	0.153584	0.0145537	0.00629228	0.000689826	0.00214078	0.00537679	0.0223354	0.00944066	0.0344288	0.00587138	0.151622
96	0.023756	0.00503911	0.000814601	0.00197831	0.0164243	0.00234408	0.00184697	0.423414	0.00244898	0.0955262	0.0550728	0.00596319	0.000956827	0.001901	0.00237836	0.00484715	0.0197981	0.33154	0.00103351	0.00291653
97	0.0660634	0.0140336	0.0202096	0.0308828	0.0131213	0.0163689	0.0421403	0.06272	0.0738906	0.0115256	0.00648077	0.0556845	0.0395326	0.0178771	0.0309661	0.30909	0.13376	0.039073	0.00297097	0.0136093
98	0.0258053	0.0262689	0.00807587	0.00660205	0.276075	0.0127665	0.0185247	0.0310958	0.00929271	0.25497	0.0174117	0.013155	0.00493154	0.0127454	0.0443178	0.0579337	0.043511	0.0503784	0.00569388	0.0804441
99	0.0170352	0.0247158	0.00274864	0.00109288	0.450074	0.00371091	0.0374643	0.0229855	0.00142145	0.0912247	0.0069622	0.0127932	0.00218494	0.0103542	0.0108517	0.0279177	0.00819798	0.0224846	0.0101528	0.235627
100	0.0628683	0.00229905	0.0853126	0.0712982	0.00427342	0.0452538	0.0301079	0.00888226	0.0906573	0.00285385	0.0108143	0.182905	0.00506552	0.0141233	0.0493372	0.168496	0.126975	0.0169524	0.00114691	0.0203775
101	0.0233967	0.00861667	0.151761	0.239566	0.0195585	0.0318048	0.034753	0.0142418	0.110966	0.0128188	0.0130238	0.0425436	0.00687044	0.085843	0.105318	0.0352737	0.0273453	0.0216837	0.000470732	0.0141442
102	0.0117391	0.00151676	0.000739622	0.000870524	0.000940769	0.00114735	0.000876242	0.198204	0.000945271	0.00837717	0.00245132	0.00111076	0.000640496	0.000860828	0.00123153	0.00518379	0.00149206	0.760519	0.000388449	0.0007646
103	0.028082	0.00607704	0.00822742	0.0294507	0.0234268	0.0110375	0.0217724	0.0792562	0.171161	0.0819917	0.0245904	0.0189331	0.0105358	0.0278399	0.335434	0.0330597	0.0293926	0.0535809	0.00211957	0.00403143
104	0.0220421	0.0155337	0.00496377	0.0574855	0.000660433	0.0265553	0.0956777	0.000723421	0.172658	0.0308269	0.0178445	0.0541882	0.0201612	0.162346	0.243394	0.0226633	0.0226861	0.0107722	0.00646113	0.0123561
105	0.126748	0.00607282	0.266919	0.158689	0.00269941	0.0812757	0.0148202	0.00479189	0.00611617	0.00614325	0.0151794	0.0172965	0.00784	0.0324524	0.0397525	0.13059	0.0596291	0.0193493	0.0011297	0.00250534
106	0.0344634	0.00909711	0.00129355	0.00479491	0.015442	0.00576184	0.00351334	0.252288	0.00227819	0.138414	0.0299506	0.00201853	0.0014164	0.00237767	0.00424851	0.00725445	0.0151206	0.463822	0.00147978	0.00496518
107	0.0602337	0.00467774	0.0118181	0.00584785	0.00416837	0.0153383	0.0154378	0.00961718	0.00948555	0.0148344	0.00107669	0.00633893	0.6877	0.0400102	0.02219	0.0588757	0.0244255	0.00343146	0.000619168	0.00387283
108	0.120665	0.0350779	0.00475496	0.00483177	0.0223568	0.00587518	0.0317003	0.0110253	0.0209749	0.00655485	0.00267428	0.0357776	0.05975	0.0196061	0.0288753	0.434561	0.0825996	0.0305456	0.00423501	0.0375584
109	0.104172	0.0299406	0.00531803	0.00629807	0.0307911	0.00875299	0.0271148	0.0186614	0.0274424	0.0078883	0.00278042	0.0505948	0.0238873	0.0153468	0.0255539	0.439553	0.11279	0.0372776	0.00383588	0.0220009
110	0.00758034	0.0161655	0.00357014	0.00424209	0.00328577	0.0366368	0.0154507	0.00381983	0.00435635	0.00537999	0.00367013	0.00513855	0.00378169	0.00412328	0.0214905	0.0311234	0.00668925	0.0058977	0.814193	0.00340497
111	0.0131645	0.00127057	0.635025	0.142919	0.0011519	0.00566497	0.0218205	0.00282043	0.00969933	0.0019078	0.00118502	0.0957835	0.00500156	0.00865869	0.00589108	0.026152	0.0123307	0.00810237	0.000456421	0.000994367
112	0.06092	0.00432628	0.0113096	0.00502671	0.00431833	0.015037	0.0150713	0.00973002	0.00901979	0.0141952	0.00110416	0.006292	0.691604	0.0395925	0.0223095	0.0567265	0.0253186	0.00373797	0.00052518	0.00383528
113	0.202734	0.0212277	0.0237289	0.0238253	0.0158903	0.006822	0.0185749	0.0372757	0.0152981	0.0966064	0.0111748	0.0230214	0.109198	0.0244582	0.00969086	0.150515	0.108378	0.0910738	0.00352062	0.0069854
114	0.341009	0.0135595	0.0154554	0.0268776	0.00841785	0.0144386	0.013815	0.0180212	0.014475	0.0771874	0.0141569	0.0188951	0.0706947	0.018974	0.00659919	0.174301	0.0985156	0.0474225	0.00166505	0.00551973
115	0.0208506	0.00768443	0.00138741	0.00280801	0.0528332	0.00407272	0.0068951	0.168609	0.00555752	0.45378	0.0685132	0.00207435	0.00573289	0.00276376	0.00432963	0.00725695	0.0170304	0.145795	0.00442728	0.0175986
116	0.298235	0.0261006	0.00402688	0.00737382	0.0103403	0.0234355	0.00462294	0.0200896	0.00958816	0.00750143	0.00355576	0.0337582	0.00556604	0.00287414	0.0150381	0.294841	0.186043	0.0343926	0.000720265	0.0118962
117	0.0771593	0.00649891	0.0398147	0.0527006	0.009107	0.110541	0.023034	0.0182844	0.101355	0.0161071	0.0160911	0.0555734	0.0195346	0.0510105	0.179035	0.141328	0.0395491	0.0252289	0.0156012	0.00244564
118	0.010338	0.00968396	0.00365742	0.00215425	0.550554	0.00225098	0.0138331	0.0292035	0.00265871	0.117291	0.00943528	0.00519368	0.00139377	0.00325326	0.00881117	0.0172184	0.00693103	0.0220397	0.00855277	0.175545
119	0.0308469	0.00664563	0.0012231	0.00363639	0.0181685	0.00492489	0.00335125	0.347285	0.00381707	0.148942	0.0487429	0.0038239	0.00160925	0.00222712	0.0039176	0.00655266	0.0212843	0.335146	0.00211565	0.0057398
120	0.0174185	0.00558043	0.185297	0.317022	0.0114746	0.019965	0.0226445	0.0101002	0.103345	0.00855047	0.0103698	0.0336217	0.00928482	0.077676	0.0953725	0.0253733	0.0227246	0.0141571	0.000491066	0.00953112
121	0.0445834	0.00898311	0.0263349	0.0208699	0.0068282	0.0201506	0.0154586	0.030233	0.117844	0.00993644	0.00870266	0.234342	0.00551895	0.00980172	0.132733	0.120833	0.162908	0.0135173	0.00235057	0.00807126
122	0.0110286	0.00984669	0.00268195	0.00105036	0.568154	0.00154934	0.0118205	0.0242899	0.00135071	0.0924021	0.00651109	0.00474243	0.000859973	0.00245942	0.00646737	0.0161209	0.00624339	0.0182188	0.00984161	0.204361
123	0.0160105	0.000852703	0.000840924	0.00453703	0.00318457	0.922576	0.00128098	0.000969335	0.00149986	0.00138737	0.00379175	0.00376031	0.00089066	0.0070564	0.0127308	0.0146754	0.00132783	0.00148797	0.000373314	0.000765927
124	0.0980962	0.0196046	0.0191164	0.0156116	0.0152957	0.0225609	0.0120027	0.0768338	0.0282646	0.0574613	0.0426808	0.0329941	0.028549	0.0161733	0.0302774	0.148966	0.245548	0.0723534	0.00404785	0.0135621
125	0.0463919	0.0253633	0.0229915	0.0370376	0.0432531	0.0236425	0.200755	0.0184854	0.0584585	0.040806	0.0140967	0.0468349	0.0275115	0.0671194	0.0847538	0.05817	0.0252002	0.035229	0.0139115	0.109988
126	0.0246494	0.00337843	0.000790413	0.00254468	0.00584528	0.00244393	0.00102571	0.299454	0.000998541	0.051263	0.030285	0.00280044	0.000576458	0.00134182	0.00160138	0.00569524	0.0105711	0.553406	0.000373467	0.000956363
127	0.0193131	0.00352663	0.000672544	0.00155173	0.011458	0.00122099	0.000905081	0.461454	0.00203885	0.0686264	0.0605936	0.0060333	0.000678459	0.00137895	0.0015043	0.00414147	0.0194369	0.333483	0.0004147	0.00156817
128	0.07978	0.0145217	0.00674688	0.00498991	0.0165083	0.0114737	0.00130386	0.168139	0.0158794	0.0923572	0.0850045	0.0143157	0.00523328	0.00146137	0.0188642	0.0852723	0.240676	0.130518	0.000561	0.00639413
129	0.0916734	0.0199284	0.0838717	0.0798621	0.0107989	0.113874	0.0193629	0.0159974	0.035781	0.020409	0.0130471	0.0556382	0.0243874	0.0321575	0.0560845	0.237977	0.0522426	0.0226184	0.00442505	0.00986287
130	0.0424283	0.00718778	0.00121874	0.00588979	0.0152993	0.00601531	0.0033318	0.298987	0.00266481	0.15317	0.0510039	0.00308226	0.00137637	0.00286579	0.00367715	0.00746519	0.0198447	0.368512	0.00158593	0.00439354
131	0.0891258	0.00436231	0.0461649	0.0538006	0.00957053	0.12132	0.0164019	0.0220115	0.109483	0.0120423	0.0195366	0.0656721	0.0149029	0.0533851	0.165023	0.107163	0.0516338	0.0294689	0.00738833	0.00154293
132	0.0199466	0.00362663	0.000670334	0.00174556	0.0114192	0.0012934	0.000931429	0.457345	0.00203667	0.0696798	0.0614496	0.00604955	0.000701127	0.00145578	0.00156929	0.00428757	0.0195403	0.334246	0.000436949	0.00156967
133	0.0167007	0.00109927	0.00210046	0.0051475	0.00378262	0.912315	0.00155088	0.00110484	0.00195815	0.0029052	0.0039335	0.00481841	0.00105512	0.0069357	0.0128125	0.0160341	0.00182889	0.0025593	0.000390958	0.000967085
134	0.0159562	0.000912042	0.00123543	0.0045503	0.00342746	0.922444	0.00109	0.0010134	0.00123056	0.00142114	0.00380175	0.00385555	0.000634993	0.00675017	0.0125017	0.0147234	0.00128769	0.00182229	0.000362876	0.000979283
135	0.0217234	0.0147313	0.0111671	0.0674323	0.00152529	0.0261987	0.0921793	0.00151025	0.167236	0.0288971	0.0169008	0.0506192	0.0198361	0.16992	0.23358	0.0235725	0.0239563	0.0111791	0.00626777	0.0115674
136	0.020065	0.00220302	0.564598	0.158476	0.00226953	0.0176853	0.0201561	0.00396317	0.0147875	0.00421343	0.00283668	0.0865977	0.0119124	0.015294	0.0135167	0.0337085	0.014887	0.0100488	0.000609025	0.00217261
137	0.0617527	0.00950505	0.00192816	0.0107462	0.0158407	0.0118877	0.00560946	0.205931	0.00228136	0.195546	0.0342923	0.00114206	0.00141363	0.00373988	0.00600342	0.0110486	0.0204862	0.394072	0.00157878	0.00519505
138	0.0226367	0.00397562	0.000727939	0.00228392	0.0117893	0.00177656	0.00112097	0.432854	0.0022705	0.0808315	0.0607745	0.00625053	0.000800899	0.00163279	0.00171885	0.00469301	0.0196395	0.341746	0.00059722	0.00187903
139	0.0359704	0.0511342	0.00117124	0.00118211	0.147056	0.0114246	0.141338	0.00384647	0.00163823	0.0196945	0.00146713	0.0394935	0.00754401	0.0352071	0.0235349	0.0541734	0.00742057	0.0177398	0.0185573	0.380406
140	0.0637994	0.0085779	0.00159955	0.0102957	0.0109451	0.0107526	0.00389151	0.229199	0.00158292	0.151228	0.0427172	0.00193478	0.00110648	0.00368752	0.00502578	0.0111188	0.0200631	0.418289	0.000826518	0.00335883
141	0.00157379	0.000815442	0.00061996	0.00352766	0.000710908	0.00528595	0.00647713	0.000925571	0.736121	0.00115904	0.00900297	0.00824767	0.000577355	0.010144	0.178648	0.0187796	0.0121234	0.0043682	0.000307948	0.000584478
142	0.0352847	0.018008	0.0218475	0.0651685	0.0164437	0.0277025	0.0969213	0.00778833	0.112003	0.0391674	0.0158219	0.0461253	0.0324269	0.176553	0.155624	0.0465988	0.0264391	0.0204558	0.00702671	0.0325939
143	0.0710219	0.0124111	0.0491542	0.0674371	0.00538839	0.0484027	0.0648187	0.00528176	0.0653488	0.0621517	0.0108962	0.0613798	0.115935	0.115615	0.0671616	0.124415	0.0370718	0.00758715	0.00475409	0.00376843
144	0.0748279	0.0695676	0.0185193	0.00632489	0.0242111	0.0528849	0.0274745	0.0236465	0.0357641	0.0326997	0.0126977	0.0936931	0.00134948	0.0159299	0.0494936	0.328064	0.0838096	0.0221938	0.000843235	0.0260053
145	0.0991584	0.0325939	0.0273601	0.0163597	0.0172966	0.0285841	0.0181964	0.0223563	0.0234624	0.0191767	0.0124866	0.0595122	0.0222395	0.0170391	0.0306444	0.402656	0.0976236	0.0297626	0.00282178	0.0206696
146	0.0662916	0.0102266	0.0494278	0.0197587	0.00354835	0.013223	0.0115568	0.0279267	0.0281043	0.0371652	0.00328559	0.0583516	0.16439	0.0349915	0.00465467	0.227473	0.205873	0.0167168	0.00573891	0.011297
147	0.0455155	0.0115595	0.00173655	0.0068014	0.027323	0.00951246	0.00769441	0.224935	0.00402095	0.245958	0.035314	0.00121071	0.00230571	0.00359151	0.0067299	0.00854177	0.0215817	0.322599	0.00355938	0.00950916
148	0.079209	0.0124241	0.05108	0.0687598	0.00408945	0.0503644	0.0544946	0.00539606	0.0574004	0.0582402	0.0069578	0.0568721	0.139677	0.106586	0.0558905	0.13913	0.0400288	0.00619406	0.00448798	0.00271684
149	0.0288421	0.032319	0.00323125	0.0226577	0.0484166	0.00711567	0.128261	0.0232586	0.0745427	0.127171	0.0316326	0.0378924	0.00843026	0.105787	0.135767	0.018788	0.0152515	0.0304532	0.0117652	0.108417
150	0.033978	0.00572168	0.00107934	0.00351667	0.0245881	0.00412975	0.00459716	0.284057	0.00907127	0.230209	0.0769381	0.00345859	0.00353387	0.00233385	0.00369682	0.00615765	0.0257283	0.259731	0.00554425	0.0119307
151	0.0223651	0.00801999	0.156785	0.242449	0.0180601	0.0295677	0.0332593	0.0136542	0.11386	0.011623	0.013011	0.0440215	0.00749979	0.0839198	0.1064	0.0342086	0.0274827	0.0197798	0.000465759	0.0135679
152	0.021672	0.00707024	0.170264	0.245845	0.0155413	0.0271747	0.0297014	0.0126929	0.11726	0.00983052	0.0133894	0.0424695	0.00845964	0.0798946	0.107032	0.0338655	0.0292289	0.0165753	0.000451386	0.0115816
153	0.0269163	0.00532785	0.00126679	0.00224294	0.0268736	0.00348406	0.00537381	0.26226	0.016239	0.282946	0.0913802	0.00439701	0.00609343	0.00225463	0.0041206	0.00506393	0.0346383	0.189875	0.00982592	0.0194199
154	0.358367	0.0740818	0.00495325	0.00599469	0.00533924	0.190598	0.0045037	0.033249	0.00555555	0.00646218	0.00423792	0.00673883	0.00335682	0.00441999	0.0350321	0.21918	0.0107497	0.0123506	0.00183387	0.0129964
155	0.0293905	0.00160323	0.359764	0.110877	0.00165266	0.0236162	0.0294173	0.00349673	0.045721	0.00246208	0.00468053	0.168876	0.00514309	0.00891273	0.031276	0.0930208	0.0624789	0.00846496	0.000686079	0.00846083
156	0.0274124	0.0108877	0.140969	0.226396	0.0253021	0.0360399	0.0380842	0.0170828	0.104694	0.0176999	0.0146192	0.0356471	0.00557782	0.0897683	0.0998267	0.0350054	0.0266788	0.0318532	0.000482681	0.0159731
157	0.0217007	0.00715312	0.00607096	0.0216908	0.029927	0.00749275	0.0285779	0.0851517	0.173763	0.0947741	0.034863	0.0174962	0.00984293	0.0242826	0.320824	0.0263408	0.0240139	0.0574197	0.00220569	0.00640823
158	0.00842805	0.00926831	0.00312637	0.000936092	0.552571	0.00113796	0.0146099	0.0327327	0.00106918	0.121695	0.00958363	0.00497836	0.000708743	0.00223625	0.00585752	0.0176702	0.0072715	0.0245857	0.00781479	0.173718
159	0.105473	0.0431018	0.0102342	0.0093638	0.0376992	0.0130439	0.0311528	0.0480519	0.0250639	0.0521515	0.00897348	0.0385206	0.0221235	0.0300205	0.0343712	0.280107	0.0839509	0.0887087	0.0150356	0.0228528
160	0.024717	0.0136223	0.249191	0.147294	0.0219224	0.158231	0.0736673	0.0072454	0.0149712	0.0169259	0.00620658	0.104469	0.00449969	0.0173927	0.0204023	0.0409639	0.0118561	0.0340397	0.00163623	0.0307463
161	0.0262145	0.00565861	0.00125987	0.00234597	0.0268905	0.00368088	0.00542622	0.270261	0.0144067	0.274965	0.0850454	0.00409984	0.00507376	0.0022205	0.00407585	0.00505699	0.0320473	0.203883	0.008958	0.0184307
162	0.0839455	0.0185673	0.0079922	0.00750765	0.0181461	0.0127825	0.00146567	0.13479	0.0193803	0.0969458	0.0806608	0.014955	0.00674103	0.00157617	0.0220028	0.106857	0.255546	0.103142	0.000618454	0.00637832
163	0.0308675	0.0932268	0.00328297	0.00384789	0.0660494	0.0165231	0.0211275	0.10728	0.0191327	0.0370276	0.032157	0.0270009	0.002284	0.0348392	0.0706751	0.0981294	0.0383974	0.218539	0.0457724	0.033841
164	0.0232178	0.00354347	0.00146464	0.00169216	0.0183283	0.00263003	0.00330939	0.337367	0.0168313	0.206987	0.0975786	0.00644421	0.00513946	0.00160313	0.00349491	0.00761803	0.0445048	0.19505	0.0073795	0.0158166
165	0.0361506	0.0496086	0.000763352	0.00107279	0.148522	0.0113895	0.14209	0.00351833	0.00142815	0.0188805	0.00136115	0.0398225	0.00760856	0.0355692	0.0235397	0.054139	0.00722481	0.01672	0.0185202	0.382071
166	0.0436166	0.091131	0.00294753	0.00327375	0.060229	0.0113861	0.0306218	0.0869204	0.0276668	0.0288558	0.0220969	0.0233296	0.00327355	0.0355942	0.0826124	0.139789	0.0424365	0.175712	0.0480697	0.0404373
167	0.0209284	0.01813	0.00852708	0.0383838	0.00446345	0.0252633	0.0582946	0.00443246	0.250669	0.0323897	0.0130331	0.0359969	0.0142872	0.103876	0.289307	0.0338991	0.0210306	0.0111068	0.00746783	0.00851444
168	0.0181709	0.0201361	0.00376359	0.0309304	0.00423031	0.0220971	0.0591751	0.00307601	0.231048	0.0351521	0.0121869	0.0373401	0.013546	0.101129	0.331667	0.0308258	0.0191459	0.00949381	0.008455	0.00843016
169	0.0169835	0.000960087	0.00164981	0.00479294	0.00320782	0.919294	0.00100763	0.00121452	0.00150808	0.00141305	0.00377864	0.00431479	0.000731951	0.00687636	0.0127113	0.0151827	0.00163118	0.00159372	0.000398426	0.000749369
170	0.0166106	0.000816052	0.00120866	0.00488294	0.00329327	0.917733	0.00133135	0.00118426	0.00165965	0.00184513	0.00418257	0.00402607	0.000683583	0.0068294	0.0128009	0.0153111	0.001804	0.00258847	0.000444425	0.000764318
171	0.0151168	0.0309424	0.0952791	0.0574003	0.0064361	0.00917179	0.00779513	0.0669949	0.109005	0.0552148	0.0301672	0.233601	0.00542125	0.0078178	0.07014	0.0747716	0.011656	0.105471	0.00281104	0.00478701
172	0.0129706	0.0228255	0.0638721	0.00542409	0.00393319	0.034289	0.00439354	0.00626081	0.0100347	0.00549124	0.022156	0.0957929	0.0225206	0.00442218	0.0120989	0.596721	0.0464743	0.00686341	0.00152266	0.0219331
173	0.0379922	0.0447648	0.000907439	0.00113034	0.143204	0.0107546	0.163493	0.00401314	0.00186491	0.0185943	0.00170756	0.039323	0.00704706	0.0331224	0.0243565	0.0568101	0.00709464	0.0157906	0.0174386	0.370591
174	0.0923157	0.0456683	0.0247129	0.0162799	0.02156	0.0402338	0.0271895	0.0303648	0.0409191	0.0201515	0.00917895	0.0780888	0.00554148	0.0186733	0.0323779	0.340757	0.100147	0.0311391	0.00104338	0.0236577
175	0.0211711	0.00733292	0.160352	0.247809	0.0160688	0.0270688	0.0301812	0.0131325	0.119386	0.0102697	0.0133083	0.0428819	0.00847856	0.0830409	0.109063	0.0323006	0.0281897	0.01721	0.000461357	0.012293
176	0.00714009	0.0161531	0.00292808	0.00369482	0.00313156	0.035547	0.0155015	0.00374169	0.00407471	0.00525578	0.00339728	0.00450742	0.00255097	0.00367938	0.0210795	0.0305156	0.00569887	0.00571589	0.822487	0.00319999
177	0.0442431	0.0149635	0.00166643	0.00594345	0.0292979	0.00959969	0.00743225	0.221199	0.00662929	0.256314	0.034266	0.00171401	0.00336444	0.00363512	0.00977334	0.0102967	0.0275021	0.296989	0.00432341	0.0108476
178	0.0791447	0.0124647	0.0511974	0.0691266	0.00410521	0.0504389	0.0552028	0.00532152	0.0577865	0.0585678	0.00703036	0.057106	0.138697	0.107529	0.0562149	0.137941	0.0388082	0.00613566	0.00450541	0.00267618
179	0.120844	0.0237811	0.0140347	0.00815443	0.0143981	0.0152467	0.012378	0.0217527	0.0165684	0.00749502	0.00680913	0.0538556	0.0135098	0.0075111	0.0195597	0.435349	0.165519	0.0251318	0.00162857	0.0164737
180	0.0115604	0.00153765	0.000726979	0.000859548	0.000952369	0.00111599	0.000866433	0.198473	0.000946362	0.00787131	0.00256446	0.00112403	0.000648104	0.000835091	0.00120827	0.00511187	0.00149384	0.760967	0.000379623	0.00075692
181	0.0811598	0.0125254	0.0506119	0.0676838	0.00403665	0.0491436	0.0533138	0.00554129	0.056866	0.0586452	0.00719988	0.0561185	0.139565	0.106846	0.0544207	0.140926	0.0409692	0.00654455	0.00473847	0.00314444
182	0.159952	0.00625233	0.0464276	0.0577533	0.016412	0.0300231	0.0223237	0.025437	0.0820983	0.00585842	0.0176834	0.0722743	0.0109505	0.0403387	0.0200598	0.204559	0.107702	0.0413873	0.00129071	0.0312171
183	0.0583219	0.00426887	0.0108583	0.00423387	0.00391061	0.0149398	0.0142924	0.00969403	0.00844942	0.0128726	0.000882858	0.00501389	0.709086	0.0383127	0.0216893	0.053604	0.0226806	0.00233934	0.000448493	0.00410084
184	0.0142041	0.0012977	0.62102	0.14424	0.0011667	0.00675897	0.0227554	0.00264872	0.010857	0.00193007	0.0012202	0.100905	0.00535343	0.00875036	0.00702149	0.0278014	0.0127014	0.00785559	0.000462824	0.00105013
185	0.0945163	0.00858829	0.00211707	0.0111595	0.0113115	0.0194658	0.00632092	0.184857	0.00204596	0.165242	0.03017	0.00168954	0.00160077	0.00412976	0.00635239	0.0130569	0.0191384	0.411991	0.00116107	0.00508509
186	0.0230406	0.00500013	0.000884029	0.00215769	0.0155277	0.00256212	0.00185766	0.424141	0.00245318	0.0891625	0.0540122	0.005516	0.000917669	0.00181709	0.00296539	0.00546056	0.0203443	0.33822	0.00116898	0.00279072
187	0.076858	0.0170955	0.0486842	0.0606012	0.00951223	0.0513738	0.0595527	0.00724849	0.0535465	0.0624317	0.0125914	0.0671187	0.105106	0.101126	0.0539406	0.151478	0.0418278	0.0105052	0.00410398	0.00529935
188	0.0378967	0.00836691	0.00144377	0.0041473	0.0365175	0.00595705	0.00681322	0.252813	0.00723634	0.248758	0.0586909	0.00296815	0.00318975	0.0028411	0.00587787	0.00870014	0.0273781	0.262431	0.00563309	0.012341
189	0.0702246	0.0674448	0.0157051	0.0050799	0.0247342	0.0476858	0.0274302	0.0223872	0.0395694	0.0321847	0.0123524	0.0974915	0.00244248	0.015766	0.0551459	0.329096	0.0871998	0.0217967	0.00107851	0.0251851
190	0.0313125	0.0255274	0.0027398	0.00203564	0.0977908	0.0072806	0.00668263	0.0419331	0.00288038	0.558081	0.0430677	0.00401797	0.00575234	0.00986002	0.0181255	0.0358393	0.0138652	0.0746462	0.0016918	0.01687
191	0.0424889	0.0130853	0.00162217	0.00652107	0.0296553	0.00921707	0.00724916	0.225576	0.00426641	0.248271	0.0337902	0.00132144	0.00246975	0.00350506	0.0073965	0.00830207	0.0211402	0.319206	0.00375149	0.0111647
192	0.06102	0.00531614	0.0132405	0.00758641	0.00410166	0.0168204	0.0158118	0.00993511	0.0108329	0.0158311	0.00171558	0.00821281	0.666894	0.0406555	0.0225952	0.0646438	0.0260763	0.00379034	0.000776988	0.00414329
193	0.0352253	0.00783456	0.00128464	0.004565	0.0233448	0.00607787	0.00495906	0.303135	0.00423286	0.201805	0.0486768	0.00328947	0.00216546	0.00257203	0.0045935	0.00687175	0.0213682	0.307156	0.00313479	0.00770818
