215	20
1	0.138049	0.0027099	0.0156045	0.0153383	0.0259461	0.0257596	0.0160639	0.0394711	0.00655716	0.0546064	0.00733057	0.0318573	0.121242	0.00536199	0.0113561	0.233794	0.165346	0.082153	0.000475928	0.000976321
2	0.0970372	0.00284266	0.0155204	0.0166644	0.0375009	0.0217682	0.00806522	0.047541	0.00597853	0.0906247	0.0131081	0.0552665	0.109275	0.00553148	0.0116796	0.216312	0.149253	0.0941222	0.000600619	0.00130815
3	0.14072	0.00273435	0.0165468	0.0158389	0.0305524	0.0282477	0.0134951	0.0411264	0.0063575	0.0581379	0.00740994	0.0324664	0.109012	0.00536199	0.011712	0.234079	0.171139	0.0737363	0.000511431	0.000815484
4	0.0457844	0.0035386	0.00810114	0.0277298	0.0122232	0.0134102	0.105433	0.00954735	0.0503504	0.170445	0.00370805	0.0554446	0.21239	0.102709	0.0538992	0.0495652	0.0193053	0.050084	0.00220521	0.0041256
5	0.121415	0.00345664	0.0436841	0.0186268	0.0242838	0.0232799	0.00965919	0.0364845	0.00767112	0.0692846	0.00874175	0.0356311	0.139439	0.00742399	0.0250335	0.180142	0.153082	0.0905522	0.000653264	0.00145625
6	0.0271008	0.00459016	0.00850702	0.0323529	0.00823153	0.0105043	0.120751	0.0101771	0.0812215	0.136965	0.00433542	0.0533045	0.175761	0.0842509	0.11948	0.0648057	0.0228419	0.028198	0.00242361	0.00419709
7	0.0213036	0.00975022	0.0542523	0.0314529	0.0124019	0.272625	0.0238581	0.0462669	0.0414855	0.0203989	0.00820529	0.0586642	0.00709774	0.0796837	0.215333	0.031899	0.0279467	0.0190858	0.00328483	0.015004
8	0.0484589	0.0528579	0.0803659	0.0167992	0.0129932	0.0521654	0.0269735	0.0195152	0.0637362	0.0168259	0.00614908	0.214767	0.0253657	0.0220517	0.0286634	0.215592	0.0763576	0.0148039	0.00182156	0.00373758
9	0.00670904	0.00134347	0.00506262	0.00417429	0.0300371	0.00391854	0.00725152	0.285848	0.0446753	0.329429	0.081742	0.0145912	0.00215697	0.0275644	0.0120618	0.015782	0.0221488	0.0896128	0.00465732	0.0112336
10	0.0333676	0.00233071	0.0329607	0.0198693	0.0273662	0.0132238	0.00768177	0.155287	0.00957675	0.131997	0.0219103	0.00790863	0.00650187	0.0117389	0.0103408	0.0175145	0.0153772	0.463761	0.00460773	0.00667762
11	0.0484014	0.0109255	0.0298022	0.0477232	0.0130423	0.407952	0.0141321	0.0185794	0.0328687	0.0215446	0.0074575	0.0406822	0.0206861	0.0204435	0.0559523	0.102812	0.05001	0.0463383	0.00205585	0.00859011
12	0.024679	0.152674	0.0209552	0.0221793	0.0708808	0.03264	0.0212215	0.0224151	0.0296636	0.106697	0.0125365	0.02249	0.0137259	0.0351622	0.197448	0.033704	0.0243237	0.125556	0.0207101	0.0103372
13	0.0295761	0.0180841	0.0264243	0.0371922	0.0180764	0.0691544	0.0359467	0.0348149	0.134938	0.0474509	0.0165254	0.0500125	0.0242049	0.073028	0.220902	0.0505332	0.0524239	0.0354372	0.00944433	0.0158302
14	0.0285373	0.00281239	0.0186976	0.0157135	0.0276206	0.015603	0.0113224	0.290404	0.027157	0.148599	0.0377238	0.0169928	0.00833211	0.021508	0.018845	0.0306346	0.0298542	0.237182	0.00365487	0.00880614
15	0.0267992	0.0130681	0.0253527	0.0368544	0.0370566	0.0416902	0.0166916	0.0174503	0.120157	0.0226191	0.00839327	0.0648392	0.0502863	0.151229	0.0362919	0.165341	0.140414	0.0184321	0.0031701	0.00386391
16	0.00687576	0.0184185	0.0160022	0.0165489	0.115144	0.0123283	0.123769	0.00848269	0.0148975	0.0473897	0.00321527	0.0259658	0.00951936	0.0740421	0.0420559	0.0113145	0.0220552	0.011183	0.0080374	0.412756
17	0.0350624	0.0343968	0.0221656	0.0555336	0.0144942	0.143307	0.0129803	0.0676583	0.109243	0.0431365	0.00912756	0.0774061	0.0239396	0.0285417	0.0290738	0.105053	0.114878	0.0685701	0.00151712	0.00391564
18	0.0168719	0.0226918	0.0165979	0.0176369	0.0352196	0.0331208	0.0388362	0.0217547	0.0304892	0.116468	0.023794	0.0209375	0.0114438	0.0595921	0.116513	0.057473	0.0271477	0.0313197	0.269632	0.0324595
19	0.0134987	0.00593822	0.00827825	0.023748	0.00934351	0.0245297	0.00831447	0.033331	0.362612	0.0139514	0.0350936	0.0743164	0.00486569	0.0452394	0.223327	0.0377225	0.0644444	0.00763625	0.0013035	0.00250522
20	0.00273421	0.00103659	0.26971	0.337279	0.00573121	0.0568769	0.0219881	0.00285632	0.0829413	0.0269777	0.00133273	0.0458992	0.0183465	0.0407335	0.0182115	0.0223837	0.0129792	0.0301647	0.000438691	0.0013794
21	0.0692139	0.0127809	0.0166583	0.0314139	0.0160194	0.350188	0.00823653	0.0263703	0.0166852	0.0331503	0.00990401	0.0290732	0.0360568	0.0142463	0.0315821	0.138836	0.0640125	0.0879613	0.00219137	0.00541963
22	0.0653601	0.0113015	0.104551	0.0140265	0.00878414	0.0928556	0.0447559	0.0288857	0.0884178	0.00968082	0.00381603	0.174344	0.0192186	0.0177218	0.0415031	0.159586	0.101913	0.0101278	0.0010338	0.0021171
23	0.01164	0.00845446	0.155759	0.253608	0.00828319	0.102167	0.0179872	0.0127743	0.116409	0.0282192	0.00462733	0.0456175	0.0190296	0.0348677	0.0273978	0.0620445	0.0334411	0.0535977	0.00106399	0.00301182
24	0.0828439	0.00766657	0.0261269	0.0215036	0.00938957	0.027188	0.089577	0.0124375	0.062281	0.058247	0.00346548	0.0809643	0.16857	0.0365017	0.0361348	0.183225	0.066553	0.0236824	0.00131555	0.00232671
25	0.063481	0.00282649	0.0151232	0.0110624	0.0252885	0.012918	0.021525	0.188404	0.0104612	0.145612	0.0246836	0.00743772	0.00414953	0.0232233	0.0108458	0.0299225	0.0216356	0.374786	0.000934554	0.00567973
26	0.103596	0.00380593	0.0172292	0.0269001	0.0269638	0.0254023	0.00941702	0.0484575	0.0105272	0.0564959	0.00920783	0.0341804	0.0797345	0.00864955	0.014257	0.225179	0.212405	0.0845942	0.0010764	0.00192151
27	0.0174763	0.00681073	0.0126303	0.0297321	0.0105342	0.0131028	0.112719	0.0136999	0.10835	0.0943879	0.00611377	0.0607595	0.0620272	0.22598	0.0608045	0.0381544	0.0675533	0.0451293	0.00547714	0.00855728
28	0.0125014	0.0117975	0.0148597	0.0114329	0.0430876	0.0184175	0.0209565	0.0299488	0.0222492	0.205736	0.0387284	0.0173386	0.0102179	0.0270588	0.0451074	0.0676856	0.0191525	0.0301922	0.317565	0.0359669
29	0.0592819	0.0111702	0.0475558	0.0325468	0.0121737	0.0489497	0.0263678	0.0233939	0.231985	0.0211006	0.011204	0.126036	0.0279353	0.0320727	0.078805	0.103486	0.0802752	0.0194265	0.00237343	0.00386153
30	0.0801446	0.00752912	0.0242651	0.037009	0.0155582	0.319619	0.0137136	0.0243803	0.0355588	0.0307887	0.00713871	0.0483737	0.0392845	0.0149886	0.0470539	0.11301	0.0905818	0.0459265	0.00109956	0.00397631
31	0.0397971	0.0042761	0.0150524	0.0163362	0.0271057	0.0183877	0.011688	0.116881	0.0445928	0.165741	0.0680311	0.0285606	0.0211155	0.0215095	0.0247165	0.069508	0.202853	0.092043	0.00371075	0.00809457
32	0.0366541	0.00190157	0.0190681	0.0152073	0.0240264	0.0106531	0.00621186	0.187199	0.00431326	0.0758298	0.0145956	0.00514892	0.00407039	0.00687421	0.00690988	0.0150207	0.0130932	0.549138	0.000750538	0.00333411
33	0.0242038	0.005166	0.022438	0.0200438	0.0348081	0.0150378	0.0175602	0.105494	0.0358506	0.360559	0.0647399	0.0231742	0.0177061	0.0335345	0.0220204	0.0379918	0.0367361	0.0956033	0.0111159	0.0162165
34	0.0024922	0.000844372	0.296864	0.323414	0.00531449	0.0601698	0.0229137	0.00244954	0.0801207	0.0264186	0.00112352	0.0452375	0.016245	0.0328144	0.0171286	0.0232213	0.0130907	0.0287285	0.000385587	0.00102412
35	0.0151228	0.0155309	0.0141566	0.025611	0.0115934	0.033857	0.109956	0.0183801	0.0780712	0.0627997	0.00812838	0.0376522	0.0403348	0.217869	0.178741	0.0315193	0.0394145	0.0236234	0.0174899	0.0201486
36	0.0289625	0.00126536	0.0178567	0.0137112	0.0260702	0.00859208	0.00687046	0.16855	0.0112055	0.156567	0.0271301	0.00626017	0.00281659	0.0118357	0.00809847	0.0125463	0.0127558	0.47063	0.0029408	0.00533465
37	0.0304882	0.0242414	0.0227779	0.0734947	0.016266	0.0508859	0.0122285	0.0124366	0.0853132	0.0157595	0.00452869	0.0563262	0.144196	0.061774	0.0215461	0.19697	0.151919	0.0157759	0.00100992	0.00206227
38	0.111444	0.00366084	0.0270479	0.0191147	0.022335	0.0248983	0.00952281	0.0843803	0.00796355	0.0612382	0.011597	0.0247833	0.0530926	0.00970486	0.0294486	0.123626	0.10378	0.268866	0.00130858	0.00218784
39	0.0404124	0.0101856	0.0826952	0.033074	0.00925033	0.0578909	0.0286695	0.0188406	0.163592	0.011381	0.00906518	0.164667	0.021997	0.0268459	0.0773323	0.139095	0.0906538	0.0105005	0.00119683	0.00265609
40	0.0688004	0.00814841	0.0455362	0.0269932	0.018743	0.0320474	0.0150576	0.021471	0.0536018	0.0399372	0.00611913	0.0772041	0.169952	0.0233107	0.0216669	0.179742	0.152953	0.0362269	0.000779633	0.0017094
41	0.0774272	0.00816693	0.0252587	0.0267427	0.0261357	0.0363459	0.0135443	0.0303864	0.0494517	0.0391278	0.00796015	0.0574914	0.0727119	0.0226737	0.0237029	0.242561	0.190766	0.0457597	0.00153563	0.00225045
42	0.0180709	0.00429401	0.0154567	0.0178971	0.0393239	0.0112362	0.0205864	0.0996515	0.0395055	0.387877	0.0524608	0.0212213	0.0198501	0.0376385	0.0236252	0.0341598	0.0304134	0.0743599	0.0195298	0.0328419
43	0.00308285	0.0187286	0.0144467	0.0123024	0.155639	0.00413779	0.101303	0.00463992	0.00402689	0.0470245	0.00171271	0.023386	0.00206471	0.0196657	0.00648529	0.0046705	0.0117413	0.00389536	0.00108278	0.559964
44	0.0077678	0.00128202	0.00551482	0.00437359	0.0275875	0.00417737	0.00744163	0.152828	0.043815	0.400302	0.141908	0.016556	0.00202932	0.0275875	0.0122068	0.012857	0.0269275	0.0862082	0.00466341	0.0139668
45	0.0352902	0.00123933	0.0189655	0.0153714	0.02385	0.0101202	0.00508543	0.200463	0.00325357	0.0688301	0.0124745	0.00301898	0.00212127	0.00565846	0.00635341	0.0115283	0.00979443	0.562548	0.000423973	0.00360986
46	0.0187437	0.0102089	0.0482053	0.0647495	0.0135208	0.0349795	0.0209059	0.0324567	0.285997	0.0444831	0.0233761	0.0687065	0.0210268	0.0505877	0.11861	0.0566274	0.0565836	0.0217804	0.00233113	0.00612021
47	0.00420833	0.0182882	0.014983	0.0129609	0.15047	0.00694779	0.0979306	0.0080018	0.00606037	0.0501674	0.00310295	0.0235038	0.00221944	0.0210813	0.00839725	0.00682539	0.0124739	0.00958976	0.00237721	0.540411
48	0.00408679	0.00111895	0.321034	0.288419	0.00702362	0.0569904	0.0299046	0.0053207	0.0737159	0.0278319	0.00179106	0.047382	0.0161153	0.0318113	0.0164624	0.0220985	0.0144583	0.0313421	0.000470602	0.00262222
49	0.0359767	0.00627821	0.0272274	0.0879482	0.00903408	0.514044	0.0102805	0.0120857	0.0268316	0.0126576	0.00602964	0.0223708	0.0051565	0.0218486	0.105904	0.0363504	0.0167383	0.0292021	0.00220152	0.0118341
50	0.0099467	0.00248679	0.00877303	0.00800643	0.0890464	0.00700437	0.00905782	0.156957	0.0521441	0.333469	0.073286	0.0299332	0.00554494	0.0288742	0.0140431	0.0197773	0.0257779	0.0996051	0.00485849	0.0214081
51	0.0153024	0.00544719	0.334854	0.178788	0.0157803	0.0524524	0.0247686	0.0172646	0.0656995	0.0324107	0.00472613	0.0578532	0.0192877	0.0280414	0.021699	0.0383637	0.0294764	0.0436685	0.00119386	0.0129223
52	0.0805451	0.101706	0.0447425	0.0210562	0.0160797	0.0493521	0.022013	0.0222115	0.0509861	0.0272042	0.00772886	0.12896	0.0369939	0.0214619	0.026194	0.224195	0.0813008	0.0315553	0.00242557	0.00328858
53	0.0352295	0.000991472	0.0191664	0.015109	0.0236929	0.00894753	0.0050912	0.193938	0.0023418	0.0680761	0.011856	0.00268554	0.00187729	0.00501094	0.00554603	0.0102028	0.00895367	0.577682	0.000425563	0.003176
54	0.00315648	0.018473	0.0146223	0.0123854	0.154445	0.00454084	0.103876	0.00486094	0.00462542	0.0467629	0.00247172	0.0234268	0.00210441	0.0202825	0.00731794	0.00492581	0.0117867	0.00437608	0.0013448	0.554215
55	0.080927	0.0113662	0.0157614	0.032801	0.0148626	0.346996	0.00727273	0.0367696	0.0103162	0.036385	0.0130706	0.0230865	0.0283831	0.00995341	0.0311543	0.111503	0.0505041	0.132927	0.00100743	0.00495299
56	0.00795404	0.00216496	0.0068215	0.00582899	0.0368364	0.00812974	0.0116123	0.135583	0.0381326	0.474769	0.064039	0.0153612	0.00411779	0.0452501	0.0184346	0.0174625	0.0208341	0.0701071	0.0056933	0.0108681
57	0.00819608	0.00464821	0.176106	0.303921	0.0082018	0.0558491	0.0256334	0.00923848	0.0840828	0.0425754	0.00708652	0.0485614	0.029383	0.0681843	0.0286737	0.0334988	0.0234421	0.034298	0.00337518	0.00504506
58	0.0235668	0.00230159	0.0140202	0.0119895	0.0315565	0.00929578	0.00993383	0.143905	0.0273885	0.297555	0.0589364	0.0138403	0.00753906	0.0234547	0.0138504	0.0229699	0.0238614	0.251137	0.003962	0.00893593
59	0.00308401	0.0184655	0.0143672	0.0122464	0.154765	0.00422765	0.107979	0.00471449	0.00398677	0.0467833	0.00176891	0.0236292	0.00215884	0.0203437	0.0065527	0.00477709	0.0116751	0.00393446	0.00112572	0.553415
60	0.0251778	0.00903188	0.0309397	0.0248645	0.0129678	0.0489636	0.0135745	0.0149903	0.244982	0.00797668	0.0152788	0.0960133	0.0255881	0.027741	0.11754	0.149368	0.125048	0.00713127	0.00097275	0.00184972
61	0.0143415	0.00378364	0.336534	0.179196	0.0153513	0.0500743	0.0266962	0.0164612	0.0682825	0.0358131	0.00563875	0.0577162	0.0181637	0.0288795	0.0224343	0.0391711	0.0298133	0.0369764	0.00233043	0.0123434
62	0.00238718	0.000808028	0.268657	0.338575	0.00504244	0.0557189	0.0215981	0.00219028	0.0903433	0.0276052	0.00100995	0.0460055	0.0195909	0.0347742	0.0169668	0.0230964	0.0124778	0.0318706	0.000370965	0.000911172
63	0.0280697	0.0106118	0.0360326	0.0486161	0.0150392	0.273734	0.0216579	0.0261732	0.0731062	0.0251794	0.0106888	0.040691	0.00855642	0.0547859	0.207091	0.0375149	0.0357242	0.0288255	0.0043234	0.0135794
64	0.0354984	0.00140443	0.0187452	0.0147444	0.0238704	0.0112292	0.0054346	0.19167	0.00339377	0.0737633	0.0142716	0.0036306	0.00216811	0.00574275	0.00601574	0.0124144	0.0109323	0.560725	0.000728585	0.00361749
65	0.0155346	0.00406445	0.00912843	0.0127192	0.0245099	0.0125166	0.0200925	0.118695	0.061929	0.306069	0.0497643	0.022772	0.0151107	0.0739826	0.0497725	0.0710239	0.0272439	0.0901273	0.00544931	0.00949444
66	0.0692427	0.0122143	0.106032	0.0139149	0.00929844	0.0926083	0.043545	0.0240938	0.0867366	0.00905464	0.00420064	0.178407	0.0203118	0.0174517	0.0375873	0.168515	0.0936552	0.0101444	0.00104625	0.00193985
67	0.0104407	0.00245499	0.00784802	0.00562786	0.0446302	0.00622024	0.00942455	0.140757	0.0323018	0.458045	0.0626442	0.0145368	0.00378994	0.0343969	0.0144791	0.0178118	0.0212525	0.0957266	0.00492879	0.0126833
68	0.0101041	0.00430817	0.122227	0.268011	0.00801859	0.0377709	0.030317	0.0137369	0.123082	0.0692251	0.00611825	0.0463925	0.0406436	0.0877127	0.0357516	0.027629	0.0231556	0.0403761	0.00184629	0.00357284
69	0.0352517	0.000988803	0.019219	0.0151397	0.0235964	0.00893534	0.00506258	0.193713	0.00222764	0.0674438	0.0116511	0.00264538	0.0018733	0.00493743	0.00551958	0.0101653	0.00883699	0.579173	0.000432021	0.00318803
70	0.00740373	0.00233069	0.0081398	0.00690876	0.0416447	0.00587941	0.0104999	0.134912	0.0381787	0.479559	0.0642389	0.0152192	0.00304808	0.0421481	0.0170892	0.0162822	0.020865	0.0684199	0.00541299	0.0118193
71	0.126879	0.00322804	0.016843	0.0158188	0.0233809	0.0250907	0.0155498	0.0326457	0.010324	0.0610598	0.00677347	0.0363197	0.178642	0.006246	0.0115313	0.216267	0.149703	0.0621121	0.000460683	0.00112468
72	0.00454459	0.00197785	0.231343	0.30044	0.0059716	0.0568771	0.0306104	0.00344087	0.0933469	0.0289317	0.0015038	0.0590657	0.0365209	0.0450208	0.0169654	0.028709	0.0228523	0.0301538	0.000486547	0.00123809
73	0.0114326	0.00583752	0.00759676	0.0208741	0.00740309	0.0199726	0.0106528	0.0449403	0.367201	0.0219502	0.0246634	0.0600332	0.00502813	0.0790372	0.238683	0.0226881	0.0399595	0.00761494	0.00153954	0.00289186
74	0.0355495	0.000997886	0.0192038	0.015165	0.0236894	0.00891368	0.00512985	0.194146	0.00221133	0.0670215	0.0116397	0.00265113	0.00187476	0.00496066	0.00559245	0.0103033	0.00904627	0.578296	0.000432033	0.00317557
75	0.102262	0.00741584	0.088683	0.0236595	0.0195363	0.0274129	0.011006	0.0525383	0.0128754	0.0436833	0.0108444	0.0227901	0.0561599	0.0141261	0.0502057	0.090388	0.0542617	0.304769	0.00244114	0.00494114
76	0.0400002	0.0122322	0.0261282	0.0322299	0.0412954	0.0513225	0.0119146	0.0162813	0.0857284	0.0209286	0.00532109	0.0837286	0.072116	0.0358132	0.0290973	0.24842	0.162212	0.0229947	0.000746805	0.00148938
77	0.111083	0.00299234	0.0162494	0.0215779	0.0342195	0.0236155	0.00901923	0.0374709	0.00723324	0.100019	0.0090592	0.0523337	0.121873	0.00631522	0.011944	0.214527	0.147369	0.0709565	0.000686105	0.00145719
78	0.0128365	0.00976383	0.0176161	0.0252605	0.011219	0.141258	0.0560809	0.0274557	0.119154	0.0275283	0.0117565	0.0338435	0.00813758	0.125336	0.276922	0.0220831	0.0347725	0.0148151	0.00743198	0.0167283
79	0.0353253	0.000989328	0.0192065	0.0151498	0.0236026	0.00897186	0.00507426	0.193784	0.00218749	0.0670767	0.0115539	0.00264095	0.00187759	0.00490703	0.00553202	0.0101796	0.00887431	0.57949	0.000432021	0.0031451
80	0.0594084	0.0118229	0.0342141	0.028772	0.0164622	0.0453447	0.0173737	0.0167685	0.134728	0.0174486	0.0070769	0.0790113	0.0457419	0.0252988	0.0662905	0.213545	0.159137	0.0183581	0.000856465	0.00234095
81	0.0333426	0.00325254	0.106988	0.0536567	0.0254434	0.0174219	0.0104084	0.177471	0.0113019	0.0680051	0.0354063	0.0124907	0.00605552	0.0131759	0.0145457	0.0211332	0.0201655	0.358433	0.00216602	0.00913663
82	0.135984	0.00288788	0.01613	0.0156187	0.0259066	0.0247544	0.0145992	0.0391484	0.00642245	0.0557939	0.0074801	0.0324268	0.117386	0.00554369	0.0122435	0.23237	0.164731	0.08913	0.000483961	0.000958839
83	0.0227239	0.00415431	0.00780184	0.0394698	0.00641877	0.0087425	0.141394	0.00880059	0.0509934	0.125418	0.00399595	0.0688827	0.144494	0.0982272	0.119055	0.0981031	0.0196638	0.0241718	0.00276113	0.00472779
84	0.0308904	0.00802834	0.129713	0.0767628	0.0859506	0.0853813	0.0241102	0.0394184	0.0369038	0.154413	0.0133654	0.0407511	0.0218948	0.027198	0.0323887	0.0506007	0.0389747	0.0652601	0.0122674	0.0257278
85	0.235636	0.00330409	0.0169492	0.0217629	0.0228489	0.0229445	0.00822718	0.0353446	0.0079041	0.0596031	0.008647	0.0355214	0.0779589	0.00714332	0.0144298	0.168273	0.170066	0.0816623	0.000508668	0.00126496
86	0.00387075	0.00111182	0.271036	0.32095	0.00569579	0.0639246	0.0205781	0.00321551	0.0783986	0.0257463	0.0013766	0.048655	0.0165716	0.0380315	0.0269262	0.0299122	0.0132393	0.0291638	0.000486246	0.00110985
87	0.174912	0.00411042	0.0330191	0.045821	0.0231937	0.0216467	0.0098963	0.0503348	0.0107492	0.0639739	0.0218707	0.0328457	0.062182	0.010715	0.0432943	0.14981	0.175706	0.0626995	0.00108357	0.00213606
88	0.00721394	0.00126285	0.00497258	0.00443847	0.0279473	0.00394419	0.00760449	0.172029	0.0428315	0.401355	0.131843	0.0162467	0.00209184	0.028063	0.0124296	0.0131496	0.0256719	0.0785778	0.00490899	0.0134186
89	0.0354334	0.00100554	0.0191599	0.0152388	0.0234758	0.009001	0.00525853	0.193257	0.00230224	0.0680726	0.0115523	0.00267458	0.00189728	0.00504845	0.00554468	0.0102909	0.00877316	0.578416	0.000432572	0.00316581
90	0.0347926	0.0528709	0.024776	0.0385899	0.0169642	0.249026	0.0153954	0.0223388	0.0543391	0.0248219	0.00998704	0.051432	0.0325245	0.0615154	0.0458105	0.142039	0.0693247	0.0418042	0.00478467	0.0068637
91	0.0116698	0.0058577	0.00796983	0.0199703	0.00744377	0.0272892	0.0136318	0.0467257	0.340682	0.0217766	0.0233423	0.0534996	0.00466815	0.0818539	0.263352	0.020767	0.0348734	0.0085279	0.00190508	0.00419356
92	0.12183	0.0118815	0.0229649	0.0703439	0.017112	0.0348596	0.0172156	0.0180135	0.0839165	0.0321032	0.00767299	0.0525946	0.092292	0.038435	0.0275967	0.170992	0.146354	0.0302677	0.000898912	0.00265481
93	0.0362294	0.0105061	0.0804079	0.120062	0.0207476	0.0430654	0.0189804	0.0691037	0.0440547	0.0535683	0.0110915	0.0263352	0.0191159	0.0290498	0.0703493	0.0354998	0.0307119	0.271553	0.00328727	0.00628087
94	0.00934738	0.004203	0.188205	0.305447	0.00658485	0.0833969	0.0208759	0.00727721	0.0905888	0.0294285	0.00290787	0.0564598	0.0242355	0.0499439	0.0228467	0.0301921	0.0217366	0.0436435	0.000761824	0.00191703
95	0.0465614	0.00628799	0.0219786	0.0390346	0.0147755	0.0205416	0.133302	0.013973	0.0548642	0.102063	0.00517459	0.0539912	0.164632	0.0692224	0.0599634	0.0927732	0.0480774	0.0351702	0.00356578	0.0140483
96	0.00720485	0.00126457	0.00506351	0.00405174	0.0277326	0.00431376	0.00777901	0.142493	0.0580802	0.398501	0.132826	0.0203486	0.00221886	0.0331011	0.0126035	0.0132021	0.0343631	0.0774132	0.00467548	0.0127631
97	0.0225535	0.0170849	0.0273892	0.0232539	0.152438	0.0241286	0.0568239	0.0449604	0.0296316	0.0927884	0.0169823	0.0341347	0.0192559	0.0267404	0.022405	0.0450067	0.0392404	0.0538436	0.00940161	0.241937
98	0.00244004	0.00102372	0.273028	0.338301	0.00510138	0.057809	0.0214845	0.00238964	0.0863276	0.0269931	0.00103255	0.0462702	0.0178306	0.0348682	0.0167841	0.0230607	0.0134151	0.0305253	0.000340668	0.000974122
99	0.0195973	0.00855346	0.0168808	0.0558546	0.0321849	0.141122	0.012289	0.0216439	0.212395	0.017198	0.0353159	0.0477309	0.00919452	0.0344636	0.178116	0.0467611	0.086993	0.0147689	0.00212615	0.00681021
100	0.0067972	0.00232156	0.246253	0.311666	0.00623429	0.0585144	0.0210367	0.00414344	0.093623	0.0243176	0.00206387	0.050136	0.0212022	0.0338787	0.0211423	0.036655	0.0298339	0.0282975	0.000664877	0.00121843
101	0.00346467	0.00127571	0.314444	0.267525	0.00677887	0.0546785	0.0761139	0.00603915	0.0636986	0.030569	0.00152976	0.0548574	0.0150631	0.0287812	0.0140315	0.0181645	0.0146977	0.026066	0.000566531	0.00165516
102	0.0447222	0.0109281	0.0681765	0.0677014	0.0133739	0.273495	0.0222786	0.0207527	0.0600443	0.0222657	0.00702048	0.0878477	0.0219428	0.0257643	0.0575246	0.092505	0.0578547	0.0336919	0.00174986	0.0103604
103	0.0265932	0.0180564	0.025801	0.0782874	0.0150721	0.0440367	0.0149912	0.0106417	0.105135	0.0162394	0.00484663	0.0613497	0.125433	0.0678704	0.0269975	0.187509	0.154527	0.0131694	0.00109352	0.00234897
104	0.0142371	0.00662629	0.145295	0.199852	0.00851866	0.0451968	0.045359	0.00897253	0.22736	0.0364962	0.00530045	0.0493646	0.0284733	0.0427496	0.0440213	0.0327545	0.0249191	0.0288409	0.00154652	0.00411611
105	0.00250579	0.00086344	0.28488	0.32192	0.00536628	0.0555719	0.0258742	0.00272728	0.0833367	0.0268201	0.00126057	0.0554547	0.0168613	0.03328	0.0167384	0.0213528	0.0126196	0.0309352	0.000446527	0.00118536
106	0.00851409	0.00313888	0.13824	0.289724	0.00664124	0.0402892	0.0361636	0.00560703	0.0987569	0.0636913	0.00206552	0.0564241	0.0626628	0.0646057	0.0245971	0.0348879	0.0235793	0.0376286	0.000751489	0.00203145
107	0.015943	0.0143343	0.0200039	0.0172653	0.0401334	0.0211766	0.0276556	0.0291293	0.0260729	0.162205	0.0317362	0.0219701	0.0120191	0.0341613	0.0569428	0.0662009	0.0217875	0.035622	0.310179	0.0354625
108	0.0198949	0.00781792	0.0208949	0.027548	0.0123901	0.0392782	0.0118147	0.0203448	0.258055	0.0131441	0.0209292	0.0764324	0.0214911	0.0392458	0.18299	0.109752	0.105292	0.00820233	0.00154016	0.00294276
109	0.0282417	0.00901839	0.020405	0.0462673	0.014852	0.392769	0.0235496	0.0214924	0.0326982	0.0225955	0.00803518	0.0249841	0.00568779	0.0456154	0.162798	0.0346811	0.0251607	0.0287283	0.0101788	0.0422414
110	0.00792575	0.00159988	0.00620276	0.00429785	0.0274335	0.00410066	0.00761034	0.144648	0.0438345	0.400731	0.149665	0.0168726	0.00200547	0.0282004	0.0123132	0.012872	0.0275577	0.0835006	0.00503159	0.0135966
111	0.0369602	0.00137164	0.018967	0.0156665	0.0244132	0.0103732	0.00613544	0.195244	0.00382684	0.0740324	0.0135283	0.00369548	0.00308812	0.00615234	0.00678309	0.0135491	0.0127469	0.549456	0.000505432	0.00350423
112	0.013486	0.00356239	0.00933357	0.00957879	0.0322759	0.0134432	0.0130647	0.131591	0.044715	0.397748	0.0609832	0.0192705	0.00795634	0.041453	0.0492519	0.0222104	0.0249305	0.0877567	0.00612122	0.0112682
113	0.125676	0.00686824	0.0236805	0.0171859	0.0206915	0.0428355	0.0343931	0.0290948	0.0267432	0.0421256	0.00619251	0.0499181	0.110547	0.0113194	0.0150582	0.251999	0.129943	0.053105	0.00105961	0.00156267
114	0.0128874	0.00966993	0.0122576	0.0219991	0.0101432	0.0271375	0.0587825	0.0263921	0.141784	0.0812977	0.00943531	0.0348045	0.0281546	0.216339	0.206561	0.0256313	0.0346927	0.0224813	0.00891337	0.0106348
115	0.204886	0.0110974	0.0215414	0.0248338	0.019836	0.0961252	0.0106503	0.0485063	0.0157096	0.0490768	0.0129925	0.0479729	0.0398777	0.0150262	0.0222184	0.0967659	0.0797821	0.176721	0.00176567	0.00461476
116	0.0424003	0.010962	0.0299896	0.0509752	0.0165286	0.0337252	0.0337927	0.0119771	0.101761	0.0374966	0.00455466	0.0659969	0.160669	0.0496052	0.0361454	0.172401	0.115273	0.0209306	0.00196321	0.00285256
117	0.0311402	0.00130567	0.0165937	0.0139254	0.0296043	0.010839	0.00671513	0.336332	0.00660729	0.0740863	0.0232129	0.00387159	0.00253982	0.00767545	0.0063192	0.0181769	0.0150746	0.391601	0.00079162	0.0035886
118	0.00920513	0.00143522	0.0059981	0.00464824	0.0277701	0.00451939	0.00847556	0.145851	0.0419008	0.39191	0.145467	0.0157853	0.00251922	0.0271651	0.0116793	0.0133419	0.0279825	0.0959519	0.00504027	0.0133537
119	0.0317797	0.0114415	0.0804207	0.0371209	0.0139322	0.0451808	0.0219037	0.0128147	0.12433	0.00991124	0.00483093	0.125023	0.0727156	0.048544	0.0320356	0.156439	0.159771	0.00854003	0.00102316	0.00224216
120	0.0831665	0.0110806	0.0944146	0.012489	0.010666	0.0676936	0.0586974	0.0245462	0.067296	0.0153538	0.00438888	0.167593	0.0307814	0.0166891	0.0310143	0.175309	0.109749	0.0155434	0.00143536	0.0020929
121	0.00990969	0.0119839	0.0144701	0.0109738	0.0521931	0.0164987	0.0193451	0.0281929	0.0176668	0.204839	0.0378366	0.0163561	0.00684261	0.022666	0.0409708	0.0715273	0.0157247	0.0255475	0.326177	0.0502794
122	0.00333849	0.0187237	0.0144988	0.0127692	0.159963	0.00476536	0.0976538	0.00584962	0.00472529	0.0499715	0.0018162	0.0230357	0.00235733	0.0201253	0.00769906	0.00527913	0.0120445	0.00646572	0.00166698	0.547251
123	0.00391682	0.0185593	0.0146393	0.0137743	0.155339	0.00601984	0.098929	0.00596449	0.00437739	0.0467017	0.00187112	0.0233426	0.00214183	0.0203482	0.00751293	0.00495559	0.0125397	0.00640096	0.00124108	0.551425
124	0.0407963	0.0100874	0.0215864	0.0264735	0.0235451	0.0381936	0.0200225	0.165922	0.0519672	0.107589	0.0228114	0.0353559	0.0283632	0.0755168	0.0461116	0.111602	0.0667225	0.0925275	0.00593829	0.00886793
125	0.0697861	0.00790028	0.0233138	0.0275427	0.0234088	0.0347689	0.013115	0.0369638	0.0420839	0.0429869	0.0122409	0.046189	0.0668929	0.0223435	0.021631	0.187722	0.262625	0.0501173	0.00167513	0.0066925
126	0.00418436	0.0183111	0.0159874	0.0127095	0.150929	0.00485688	0.0983939	0.00614425	0.00517559	0.048796	0.00257525	0.0238954	0.00288824	0.0205024	0.00774946	0.00761622	0.014009	0.00651301	0.00469577	0.544068
127	0.00793259	0.0034572	0.179846	0.32757	0.00748671	0.055081	0.0230418	0.00916476	0.102265	0.0403248	0.00357899	0.045667	0.0288822	0.0483011	0.0223555	0.0250025	0.0184639	0.0482118	0.00132872	0.00203815
128	0.0177703	0.00953101	0.0240126	0.0567656	0.010618	0.0302424	0.0119853	0.0271752	0.35515	0.0181432	0.0230557	0.0740109	0.010003	0.0422042	0.183223	0.0361838	0.0527558	0.0120013	0.00159233	0.00357627
129	0.0191288	0.0107625	0.190526	0.0305147	0.0540787	0.0390417	0.0362295	0.0980825	0.024666	0.0780221	0.0182621	0.0356663	0.00927956	0.0273872	0.0330081	0.0270353	0.0261146	0.0839582	0.012647	0.145589
130	0.0404218	0.0043571	0.0105612	0.0273872	0.0128869	0.012813	0.107561	0.0138159	0.0496544	0.171459	0.00503892	0.0498055	0.215766	0.0809914	0.0584386	0.0624189	0.0288762	0.0398755	0.0020365	0.00583486
131	0.0595272	0.00710327	0.018931	0.0193177	0.0220497	0.0633312	0.00905304	0.167211	0.00848283	0.0613942	0.0307375	0.0103706	0.00506268	0.0109366	0.0123974	0.033828	0.0197956	0.43519	0.00126714	0.00401342
132	0.025416	0.00306392	0.0136046	0.00893165	0.0499831	0.0107243	0.0117195	0.131418	0.0264217	0.347104	0.0490936	0.0148803	0.0114425	0.0276099	0.0138289	0.0306122	0.0275005	0.177508	0.00427278	0.0148653
133	0.00519097	0.0170371	0.015393	0.012796	0.138806	0.00587194	0.0917261	0.0185462	0.00842348	0.0785343	0.0100709	0.0231653	0.0040523	0.0221454	0.00956075	0.00804355	0.0144285	0.0153823	0.0074002	0.493425
134	0.0547181	0.0030608	0.0144022	0.0118628	0.0411822	0.0133767	0.024864	0.162462	0.01941	0.178811	0.105124	0.0145022	0.0137303	0.0178222	0.0109288	0.0398741	0.0642904	0.19935	0.00182861	0.00840089
135	0.00339858	0.0189573	0.014809	0.0126768	0.154783	0.00463411	0.100057	0.00557989	0.00437633	0.0475225	0.00178787	0.0236048	0.00224185	0.0198739	0.00665588	0.00516481	0.0125194	0.00423057	0.00141434	0.555712
136	0.0258549	0.0116889	0.033216	0.0363649	0.0168229	0.0360085	0.0430607	0.0236736	0.0995622	0.0439391	0.0106555	0.0822276	0.0417627	0.193506	0.057984	0.0889944	0.110675	0.0274039	0.0052524	0.0113466
137	0.0141762	0.00348497	0.0124221	0.0190127	0.0303684	0.0150682	0.0310317	0.0931976	0.0440708	0.400856	0.048306	0.022995	0.0312444	0.0674618	0.0335861	0.0274142	0.0254137	0.0565471	0.00860803	0.0147347
138	0.0133009	0.0104236	0.0143988	0.0104474	0.0421088	0.0144436	0.0171221	0.043623	0.0210886	0.237967	0.0572113	0.016506	0.00735288	0.0237514	0.0359393	0.0737398	0.0201411	0.0344645	0.274174	0.0317961
139	0.00706154	0.00267528	0.243113	0.276319	0.00849145	0.053811	0.0249331	0.00720583	0.0792701	0.0312041	0.00234345	0.0472211	0.0218613	0.0859071	0.0229174	0.0263926	0.0227093	0.0320094	0.00170854	0.00284497
140	0.0130205	0.00390238	0.335337	0.160956	0.0187146	0.0478952	0.0272289	0.0160477	0.0577949	0.0608688	0.00802924	0.0744735	0.0205592	0.0303373	0.0193398	0.0338875	0.0245628	0.0316374	0.00237521	0.0130325
141	0.00307041	0.018647	0.0144164	0.0122839	0.155688	0.0041205	0.102447	0.0046614	0.00402368	0.0469226	0.00172873	0.0233878	0.00208581	0.0198154	0.00648489	0.00468883	0.0117089	0.0039217	0.00108278	0.558814
142	0.048702	0.0381032	0.01454	0.0667052	0.014028	0.0400021	0.0146769	0.0228296	0.331818	0.0221753	0.0163576	0.05609	0.0148323	0.0352034	0.131516	0.051554	0.0523311	0.0195329	0.00289416	0.00610846
143	0.00222404	0.000822301	0.276568	0.341877	0.00507066	0.0577734	0.0216018	0.00206217	0.0840743	0.0272272	0.00100456	0.0456463	0.0170141	0.033646	0.0168609	0.0217128	0.0128825	0.0306912	0.000354218	0.00088646
144	0.0532954	0.0112134	0.0267922	0.0422983	0.011644	0.389201	0.0125278	0.0183834	0.0367483	0.0202264	0.00799224	0.0464053	0.0237498	0.019779	0.0473424	0.119789	0.0555619	0.0499141	0.00120541	0.00593029
145	0.0261912	0.0089047	0.308153	0.0598352	0.0431685	0.0516193	0.0264026	0.0220744	0.0543863	0.03421	0.00784611	0.127825	0.0206173	0.0242639	0.0262794	0.0668213	0.049153	0.0198045	0.00398491	0.0184591
146	0.0133733	0.0115986	0.0166811	0.0131685	0.0975845	0.0109882	0.0719541	0.0547945	0.0212613	0.279229	0.0281105	0.0215408	0.0163547	0.0346864	0.0213298	0.0187	0.0202529	0.0445693	0.0166356	0.187187
147	0.013466	0.0153224	0.0155719	0.0201537	0.0342847	0.0448681	0.107002	0.0189972	0.049427	0.0455388	0.00735854	0.0289836	0.0156478	0.163901	0.182972	0.0237378	0.0578546	0.0197754	0.0158383	0.1193
148	0.00970085	0.00133611	0.00600705	0.0045402	0.0303995	0.0044003	0.00752093	0.301838	0.0370062	0.298023	0.078056	0.0134347	0.00189678	0.0247809	0.0108904	0.0157956	0.0222242	0.117019	0.00433762	0.0107938
149	0.00652822	0.00129704	0.00507446	0.00387909	0.0274528	0.00381771	0.00715655	0.148363	0.0444738	0.412118	0.142542	0.0164964	0.00199128	0.0283906	0.01222	0.0127405	0.0269576	0.0784249	0.0048474	0.0152284
150	0.0264141	0.0150157	0.0383819	0.110792	0.0149484	0.0380833	0.0278008	0.0108522	0.0820967	0.036462	0.00525054	0.050306	0.149916	0.0785713	0.0284815	0.136979	0.122047	0.0231874	0.00127724	0.00313546
151	0.00252552	0.000859512	0.283043	0.337178	0.00506644	0.0609484	0.0220527	0.0021663	0.0815919	0.0268478	0.00102027	0.0447525	0.0161729	0.0328193	0.0169553	0.0219339	0.0133121	0.0294417	0.000391961	0.000920782
152	0.13292	0.00332203	0.0358147	0.0172606	0.0520553	0.0235049	0.00955301	0.0583927	0.00732537	0.0749319	0.0087617	0.0330725	0.0767883	0.00733607	0.0142231	0.212297	0.165975	0.0634902	0.00109199	0.0018839
153	0.11904	0.00725124	0.0200972	0.0195114	0.0396817	0.050671	0.023247	0.0329285	0.0127116	0.110944	0.00946738	0.0338179	0.143604	0.0437454	0.0207751	0.114218	0.0823354	0.110578	0.00175417	0.00362091
154	0.129847	0.00286911	0.0166453	0.0172075	0.0262382	0.0271698	0.0113297	0.0334353	0.00702905	0.0871136	0.00743674	0.0407734	0.164431	0.00605017	0.0118716	0.202996	0.144202	0.0617655	0.000560917	0.00102731
155	0.225464	0.00293109	0.0172576	0.025264	0.0238024	0.0231147	0.00810611	0.0365129	0.00695239	0.0673447	0.00868904	0.0396997	0.0839597	0.00670989	0.0150441	0.166751	0.159158	0.0812256	0.000464374	0.00154945
156	0.00252715	0.000848266	0.281388	0.337482	0.00509928	0.0606822	0.0217717	0.00214911	0.0824376	0.0271172	0.00101423	0.0448745	0.0162446	0.0329923	0.0172592	0.0217222	0.0136726	0.0293991	0.000355168	0.000963406
157	0.0905044	0.0110517	0.0229886	0.0574887	0.0156505	0.0425602	0.0176371	0.071618	0.062211	0.0362236	0.0133533	0.0661824	0.0252933	0.0634438	0.160443	0.0645448	0.0967912	0.0732582	0.00319285	0.00556336
158	0.00515043	0.00207896	0.255196	0.315776	0.00582057	0.0590183	0.0211138	0.00428364	0.0971418	0.0267017	0.00198253	0.047447	0.0177638	0.034809	0.0305619	0.0269152	0.0175953	0.028853	0.000541024	0.00124983
159	0.120312	0.00309727	0.0159431	0.0171397	0.0249272	0.0252307	0.0168716	0.0316061	0.00997223	0.089305	0.00748159	0.0416824	0.17311	0.00950297	0.0131225	0.204625	0.133978	0.0600311	0.000700527	0.00136042
160	0.0462463	0.00900239	0.0379885	0.105184	0.00915764	0.489759	0.00985093	0.0114675	0.0287544	0.0156902	0.00585986	0.0235237	0.00717872	0.0181736	0.0671725	0.043078	0.0194101	0.0409991	0.00190626	0.00959729
161	0.00348299	0.00118323	0.272998	0.329838	0.0056192	0.0658289	0.0215553	0.00334567	0.0812013	0.0271022	0.00152548	0.0453595	0.017118	0.0331491	0.0189359	0.0241022	0.0153547	0.0295138	0.000465166	0.00232098
162	0.0174635	0.00348311	0.154951	0.209795	0.0353319	0.037095	0.0181853	0.0525166	0.0454083	0.0663388	0.00784213	0.0306623	0.016007	0.0258487	0.0182505	0.0229386	0.0157618	0.215974	0.00178066	0.00436599
163	0.0991668	0.00315036	0.0171935	0.0164199	0.0331709	0.0224791	0.00828091	0.0488386	0.00668482	0.0824766	0.0109689	0.0534589	0.103223	0.00590629	0.0129181	0.21191	0.151521	0.110301	0.000527098	0.00140435
164	0.00300258	0.00096724	0.287415	0.330283	0.00520874	0.0615592	0.022623	0.00311718	0.0792436	0.0266737	0.00134684	0.0449689	0.0157376	0.0326549	0.0174314	0.0221101	0.0134258	0.030203	0.000657337	0.00137083
165	0.089368	0.00845353	0.0188667	0.0197813	0.0439861	0.0812414	0.0107066	0.0359596	0.0214467	0.0516568	0.00984731	0.0411822	0.0720961	0.0132305	0.0178907	0.235321	0.140625	0.0848892	0.00116532	0.00228659
166	0.0214438	0.00475189	0.0161688	0.0169325	0.0357731	0.0132561	0.022414	0.0993362	0.0376535	0.377973	0.0534712	0.023319	0.0225374	0.0396089	0.024907	0.0396629	0.0334753	0.0845492	0.0112142	0.0215519
167	0.036258	0.00106912	0.01883	0.0147406	0.024129	0.00904481	0.0057229	0.196305	0.00329595	0.0755798	0.0134169	0.00374428	0.00331362	0.00564892	0.00614433	0.0141466	0.012056	0.552073	0.000716884	0.00376409
168	0.0538045	0.0106786	0.0320796	0.0558574	0.0159902	0.359268	0.0091722	0.0496524	0.0186575	0.0334347	0.0115776	0.0259176	0.0141354	0.0173818	0.0431922	0.0638082	0.0285745	0.148423	0.00161436	0.00677984
169	0.0226812	0.00846196	0.0215565	0.0260995	0.0127708	0.0333551	0.0111187	0.022002	0.301076	0.0195332	0.0290242	0.0894989	0.0209595	0.0327968	0.115205	0.104964	0.113827	0.0107655	0.00132695	0.00297769
170	0.014685	0.0526178	0.0159294	0.0193729	0.0223654	0.0282586	0.113228	0.0158063	0.0418562	0.0565788	0.0112077	0.0254	0.0118512	0.202901	0.152652	0.030596	0.0341919	0.0256099	0.0956673	0.029224
171	0.0308837	0.00433575	0.0761809	0.115279	0.0208877	0.0327964	0.0118504	0.113003	0.0291471	0.060185	0.0131486	0.0186649	0.0159662	0.0193531	0.0164572	0.0260089	0.020817	0.369216	0.00105565	0.0047623
172	0.00622014	0.00277841	0.196118	0.340733	0.00772302	0.0514227	0.0227981	0.00581531	0.0873706	0.0358119	0.00224936	0.0478637	0.0292928	0.0576767	0.019705	0.029006	0.0202019	0.0345004	0.000685571	0.00202753
173	0.00382858	0.0215663	0.020005	0.0125517	0.147626	0.00832626	0.100546	0.00615802	0.00455184	0.0466268	0.00202753	0.0273811	0.00243041	0.0208996	0.00996043	0.00597546	0.0130606	0.00483284	0.00134462	0.540301
174	0.112387	0.00284269	0.0172552	0.0176034	0.02488	0.0176803	0.0118839	0.143868	0.0101678	0.102287	0.022381	0.0188037	0.030159	0.012889	0.0145559	0.0752687	0.0923186	0.267903	0.000854336	0.00401266
175	0.0213934	0.00746291	0.0263734	0.0254829	0.0107067	0.0364605	0.0142344	0.0245989	0.293657	0.0141231	0.0211963	0.112099	0.0142049	0.0356006	0.147412	0.0796476	0.101382	0.00997747	0.00134584	0.00264187
176	0.00236854	0.000998747	0.286622	0.33202	0.00515754	0.0576688	0.0219671	0.00252047	0.0849897	0.0266149	0.00106354	0.0460468	0.0164017	0.0326007	0.016984	0.0218467	0.0131182	0.0295896	0.000370542	0.00105129
177	0.0279907	0.00678092	0.2459	0.10091	0.0109497	0.073854	0.0287421	0.0164267	0.0983027	0.0176538	0.00419526	0.112944	0.0199054	0.0253421	0.0311111	0.0853549	0.0743293	0.0156265	0.000778945	0.00290149
178	0.0546066	0.00820385	0.0233879	0.0790502	0.00895488	0.497424	0.00964807	0.0150644	0.0265193	0.0168143	0.00681422	0.0253686	0.0103813	0.0183349	0.0684198	0.0510391	0.0276826	0.0411308	0.00144651	0.0097088
179	0.0936265	0.0366608	0.018776	0.0220693	0.0218454	0.11846	0.0105948	0.0438233	0.0166701	0.0716043	0.0361082	0.0289955	0.0344243	0.0150184	0.0239363	0.17416	0.0608291	0.166029	0.00193665	0.00443233
180	0.0139545	0.00745204	0.011862	0.0258891	0.00931887	0.0206509	0.0386409	0.0350532	0.256692	0.0863603	0.0154101	0.0461862	0.0317746	0.119039	0.187215	0.0292733	0.0321684	0.0218391	0.0046349	0.00658508
181	0.0126861	0.00643512	0.0100593	0.0209487	0.00900102	0.0255832	0.00941109	0.0477943	0.332815	0.0240992	0.0393146	0.0604471	0.00556623	0.0533271	0.25366	0.0279157	0.0469436	0.00912873	0.00191074	0.00295337
182	0.10879	0.00322779	0.0422791	0.0191098	0.049956	0.0227056	0.00946467	0.0684786	0.00893761	0.075665	0.0109294	0.0334344	0.0713095	0.00972166	0.0146511	0.202074	0.184589	0.0612	0.00104361	0.00243215
183	0.0303913	0.00858282	0.0156389	0.0499251	0.0117024	0.461357	0.0145875	0.0179617	0.0444863	0.0147571	0.00978675	0.0245592	0.00477779	0.0344396	0.157839	0.0329859	0.02186	0.0248955	0.00563912	0.0138276
184	0.00767941	0.00176135	0.00559162	0.00516031	0.0267153	0.00564557	0.00799337	0.140437	0.0655416	0.379001	0.134485	0.0261943	0.00251622	0.0308721	0.0145687	0.0139801	0.0419678	0.0724243	0.00472126	0.0127445
185	0.0359025	0.00114374	0.0186911	0.0147525	0.0276488	0.00943863	0.00597694	0.203196	0.00337473	0.0718524	0.0133827	0.00326834	0.00253397	0.00601483	0.00564926	0.0125437	0.0109092	0.549192	0.000554418	0.00397468
186	0.0305052	0.00139541	0.0158618	0.0126272	0.0244815	0.0115859	0.0059737	0.331988	0.00750844	0.0828449	0.0223038	0.00465554	0.0029226	0.00786996	0.00641412	0.0173681	0.0143583	0.394855	0.000613451	0.00386693
187	0.00383681	0.0183034	0.0146231	0.0122129	0.149782	0.00481467	0.112244	0.0056827	0.00433494	0.0463366	0.00188769	0.0234514	0.00303346	0.0245783	0.00876363	0.00520455	0.0126282	0.00502329	0.00195119	0.541308
188	0.0178293	0.0106255	0.0225383	0.0340158	0.0176654	0.0309983	0.0389983	0.0191582	0.139065	0.0439987	0.0110522	0.0580919	0.0345583	0.222515	0.0706974	0.0835451	0.110604	0.022989	0.0045135	0.00654121
189	0.0364676	0.0010255	0.0211891	0.0165065	0.0266102	0.00885109	0.00534869	0.189186	0.00245022	0.0669734	0.0118503	0.00288644	0.00217366	0.0051581	0.00577683	0.0107478	0.00908381	0.574023	0.000435871	0.00325591
190	0.0106488	0.00301122	0.106214	0.263754	0.00666674	0.0329199	0.0430649	0.00750736	0.104371	0.0801293	0.00284857	0.049938	0.0768824	0.0781067	0.0289093	0.0329741	0.0231429	0.0453887	0.000855196	0.00266708
191	0.191666	0.00484749	0.0215546	0.022284	0.0242276	0.0263343	0.0123978	0.0363825	0.0163197	0.0554739	0.00925358	0.0429695	0.0768393	0.00851324	0.0181517	0.183861	0.179563	0.0670161	0.000765395	0.00157854
192	0.0186009	0.00814284	0.0331394	0.0458818	0.00842372	0.0284789	0.0150942	0.0232766	0.370381	0.0178014	0.0203123	0.0904618	0.0145629	0.0392104	0.133825	0.0555527	0.0618329	0.0109453	0.00121872	0.00285708
193	0.102156	0.00407119	0.0187281	0.0185082	0.0236486	0.0247876	0.0141242	0.0314932	0.0144877	0.0712862	0.00734179	0.0492766	0.194106	0.00975535	0.0131218	0.204165	0.140072	0.0571221	0.000566523	0.00118168
194	0.0584842	0.00918209	0.0257293	0.0263047	0.0257017	0.0361405	0.0143877	0.0214538	0.0651419	0.0316294	0.00631024	0.077832	0.0795503	0.0242295	0.0442006	0.253412	0.165459	0.0321149	0.000618183	0.00211777
195	0.0340299	0.00154007	0.0457446	0.0374103	0.0236092	0.0148589	0.00822648	0.155402	0.012033	0.0841258	0.0125939	0.00862969	0.00689004	0.00996012	0.00998333	0.0167196	0.0129246	0.500329	0.000831125	0.00415797
