214	20
1	0.112693	0.0040697	0.000566011	0.000489421	0.0261544	0.121069	0.00788898	0.0119795	0.0321335	0.0136316	0.00497041	0.03405	0.00170446	0.000802084	0.0193972	0.418323	0.176323	0.0119347	0.000743238	0.00107754
2	0.0664617	0.00191304	0.000701732	0.000648618	0.0100148	0.0738949	0.00350843	0.00625042	0.0150508	0.0103636	0.00749121	0.0447214	0.000979357	0.000986062	0.015884	0.506529	0.224989	0.00747882	0.000789752	0.00134396
3	0.00461665	0.00123608	0.000499934	0.000637984	0.00273266	0.0427837	0.000738566	0.0111578	0.321736	0.00407437	0.0026508	0.0285872	0.00779069	0.054155	0.408866	0.0771802	0.00989955	0.00463674	0.000658203	0.0153619
4	0.0308164	0.00230201	0.000281076	0.000259453	0.146894	0.00374216	0.000740632	0.257248	0.00822872	0.303204	0.0244624	0.000557631	0.000413954	0.000513735	0.00201606	0.0138355	0.0176518	0.114221	0.0400144	0.0325968
5	0.20518	0.0172903	0.000284165	0.000310272	0.00387894	0.626945	0.000430127	0.00846013	0.000342892	0.00616052	0.00157315	0.000897335	0.000363401	0.000406254	0.000391683	0.0692816	0.032561	0.0240711	0.000469314	0.000702297
6	0.132802	0.00299403	0.00117349	0.00104421	0.336552	0.00751419	0.047183	0.0523906	0.0119143	0.039453	0.0403185	0.00312736	0.0128243	0.00214132	0.00123526	0.0252054	0.00835983	0.0502269	0.00170416	0.221835
7	0.0100527	0.00096301	0.00016266	0.000162864	0.0183217	0.00433077	0.000281891	0.537305	0.000205512	0.105161	0.0180768	0.000266233	0.000201601	0.000280491	0.000189523	0.00200149	0.00579836	0.292675	0.000224343	0.00333933
8	0.0338763	0.00122394	0.000364845	0.000371943	0.0653605	0.0059197	0.000623265	0.0354146	0.00377153	0.52694	0.252454	0.000624857	0.00040972	0.00257397	0.00030359	0.00430082	0.0224312	0.0225946	0.00654903	0.0138912
9	0.594998	0.0159457	0.000191114	0.000289715	0.00144386	0.0538415	0.00036087	0.00843399	0.000186453	0.0115978	0.0207125	0.00607497	0.000457227	0.000326494	0.000193549	0.169899	0.0610547	0.0533647	0.000202585	0.000425431
10	0.579099	0.0144258	0.000184521	0.000124658	0.00194267	0.0491939	0.000320561	0.0104481	0.000243363	0.00993572	0.0224684	0.00555331	0.000301105	0.000298271	0.000229711	0.18089	0.0661158	0.0571389	0.000223527	0.000862064
11	0.149522	0.0169474	0.0033921	0.000407025	0.016738	0.0205066	0.00069753	0.17803	0.000360778	0.102128	0.0487435	0.00120452	0.000845729	0.000688254	0.00265263	0.0749176	0.0519487	0.32765	0.00057466	0.00204444
12	0.0879742	0.00741693	0.000224583	0.000187053	0.0013338	0.845243	0.000290316	0.00381872	0.000242075	0.00296722	0.00110152	0.0023556	0.000325789	0.000319511	0.000274465	0.0248469	0.0106669	0.00958174	0.000288418	0.000541167
13	0.378969	0.0216656	0.00134365	0.00637778	0.010687	0.0754045	0.00211642	0.0111346	0.000342603	0.0315102	0.0248296	0.0109371	0.00700814	0.00768542	0.0015908	0.307451	0.0670092	0.0287124	0.000329399	0.00489544
14	0.549427	0.0148289	0.000396646	0.000955154	0.00287795	0.0508185	0.00062429	0.0108567	0.000390795	0.0118859	0.0232151	0.00602417	0.0010453	0.0010137	0.000361812	0.196845	0.0708217	0.0559891	0.000243625	0.00137966
15	0.0319656	0.00463661	0.000400503	0.000248564	0.0113577	0.00261912	0.000420286	0.393787	0.000309167	0.0454862	0.00581713	0.000513776	0.0003579	0.00042636	0.000328812	0.00285625	0.00333082	0.49063	0.000340686	0.00416731
16	0.029135	0.00216291	0.000258864	0.000176724	0.00211753	0.934914	0.000399735	0.00196736	0.000233316	0.00203143	0.00126911	0.00374635	0.000369943	0.000382599	0.000266268	0.0127997	0.00286406	0.00403002	0.00028139	0.000593793
17	0.0543409	0.0081218	0.000199412	0.00012261	0.0804936	0.0121738	0.000295927	0.20797	0.000459136	0.458149	0.0210631	0.000299024	0.000712735	0.000336395	0.000212935	0.00609481	0.010074	0.133546	0.0028575	0.00247755
18	0.0720165	0.00592185	0.000195425	0.00016329	0.00173017	0.86945	0.000311751	0.00328897	0.000252328	0.00275749	0.0011042	0.00257007	0.000306319	0.000308821	0.000285723	0.0219783	0.00849254	0.00807452	0.000289641	0.000502363
19	0.225689	0.0360896	0.00199436	0.00567087	0.0193826	0.0410621	0.0355067	0.0389776	0.00174952	0.0287526	0.0193314	0.04655	0.00774178	0.00682547	0.00262924	0.286379	0.101815	0.0792916	0.00574201	0.0088193
20	0.0260382	0.00956265	0.000756753	0.000119168	0.0416129	0.00440581	0.000833828	0.253274	0.000219629	0.340354	0.113302	0.000683855	0.000147016	0.000759061	0.000190394	0.0113212	0.0343568	0.155995	0.00191579	0.00415288
21	0.0231766	0.00592939	0.00269348	0.00243123	0.062024	0.013273	0.00484764	0.0360169	0.00300267	0.0355953	0.0145334	0.0168819	0.00437493	0.0248205	0.002327	0.0168255	0.0157446	0.11651	0.56939	0.0296016
22	0.0046166	0.00123418	0.000499938	0.000657278	0.00273267	0.0428411	0.000744716	0.0111734	0.321772	0.00409396	0.00263874	0.0285614	0.00777021	0.0542687	0.408797	0.0770655	0.00990821	0.00463086	0.000658248	0.0153353
23	0.0134212	0.00304506	0.000429476	0.000365023	0.677021	0.00494322	0.00417217	0.0258553	0.00111694	0.13268	0.0207493	0.000972407	0.00306816	0.00207899	0.000571583	0.00455279	0.00742541	0.0251536	0.00645825	0.0659207
24	0.07426	0.00634908	0.000595761	0.000586824	0.00312059	0.00303219	0.00101142	0.0247558	0.00469664	0.0131803	0.0100864	0.00123372	0.616332	0.015597	0.00491699	0.0788845	0.0688278	0.0702738	0.000861745	0.00139714
25	0.0293159	0.00158652	0.00086928	0.000875951	0.0966443	0.015561	0.00130927	0.00630553	0.000992709	0.00788521	0.015382	0.010455	0.0013225	0.00104298	0.00100123	0.0137821	0.0506045	0.0307743	0.0121664	0.702123
26	0.0196872	0.000965347	0.000453866	0.0280924	0.00724532	0.0151822	0.00591722	0.139475	0.0640754	0.0931475	0.153587	0.0130637	0.000650535	0.044411	0.0119791	0.0167065	0.0649403	0.312806	0.000464325	0.00714954
27	0.389252	0.00179659	0.000789628	0.000906678	0.00449914	0.00428281	0.00122224	0.00791711	0.00107508	0.030842	0.038735	0.00161368	0.0010968	0.00134383	0.000866564	0.0299288	0.234536	0.246572	0.000961917	0.00176302
28	0.52895	0.0159301	0.000191987	0.000363863	0.00221855	0.138952	0.000426806	0.00835276	0.000190451	0.0103452	0.0168439	0.00596487	0.000502263	0.000521691	0.000333518	0.172623	0.0561819	0.0402581	0.000218114	0.000629587
29	0.0722004	0.000428204	0.0435569	0.103147	0.00485093	0.0300498	0.0279917	0.0381248	0.154198	0.0228418	0.0253584	0.0527776	0.000969156	0.0847986	0.0803411	0.0989072	0.0802911	0.065562	0.00112937	0.0124757
30	0.0182429	0.00185122	0.0120733	0.0234839	0.0162323	0.0539047	0.1161	0.00631532	0.00101836	0.00609551	0.00408359	0.443225	0.000880651	0.00126013	0.00079593	0.126212	0.005039	0.00764296	0.00122462	0.154317
31	0.0293702	0.00228324	0.000260434	0.000170851	0.00201322	0.935165	0.000357189	0.00199547	0.000232757	0.0020366	0.00126785	0.00370629	0.000370208	0.000383284	0.000250182	0.0122229	0.00288051	0.00415488	0.000286558	0.000592696
32	0.0290975	0.00226482	0.000258096	0.000177719	0.00200526	0.935552	0.000383317	0.00197501	0.000231651	0.00201758	0.00125097	0.003717	0.000370217	0.000382597	0.000252205	0.0122311	0.00285359	0.00409838	0.000287195	0.000593682
33	0.130502	0.00506541	0.000491752	0.000528124	0.0276382	0.632743	0.00101425	0.00623769	0.000605731	0.00584667	0.00371132	0.00170965	0.000864498	0.000821653	0.00305559	0.152383	0.013658	0.0107102	0.000763698	0.00165017
34	0.577343	0.00390844	0.000759343	0.000796416	0.0217012	0.0585869	0.00101489	0.0571278	0.00107926	0.0541164	0.00703029	0.00184999	0.0165317	0.00112935	0.000716304	0.0231448	0.0746947	0.0958817	0.000768807	0.00181903
35	0.00260015	0.00303102	0.000230417	0.000221732	0.804655	0.00113905	0.00704902	0.00208259	0.000284299	0.00819866	0.00631995	0.000532854	0.000342034	0.00373031	0.000230212	0.00152297	0.00496144	0.00879614	0.0102761	0.133796
36	0.00827699	0.0109251	0.000124866	0.000161665	0.0436274	0.00611037	0.00024691	0.328575	0.000186745	0.368797	0.0362477	0.000256383	0.000213535	0.000179607	0.000152039	0.00108025	0.00482072	0.188777	0.000307062	0.000933813
37	0.0476165	0.00764336	0.000212069	0.000128815	0.102068	0.00576619	0.000231663	0.157809	0.000236901	0.55259	0.00681244	0.000296435	0.00020181	0.000273673	0.000146681	0.00453678	0.00789612	0.102289	0.00282079	0.000423921
38	0.0342653	0.0084573	0.000725714	0.000160081	0.0287291	0.00206374	0.0011325	0.295682	0.000155422	0.214722	0.0988114	0.0012016	0.000156578	0.000211257	0.000263342	0.0188797	0.062995	0.222216	0.00388998	0.00528086
39	0.00275644	0.00298532	0.000226088	0.0002316	0.800408	0.00116662	0.00697043	0.00219756	0.000294585	0.00807356	0.00645986	0.000553744	0.000439939	0.00369415	0.000227932	0.00165645	0.00514511	0.0089619	0.0101726	0.137378
40	0.0583045	0.00932483	0.000176877	0.000123056	0.093494	0.00761921	0.000209217	0.168364	0.000204817	0.524769	0.00615327	0.00025306	0.000507031	0.000221999	0.0001203	0.00596707	0.00833467	0.112862	0.00257187	0.000419289
41	0.128906	0.00522995	0.000107821	0.00013332	0.0617067	0.0647326	0.000148249	0.209594	0.00014599	0.345265	0.0129146	0.000230548	0.0012119	0.000179463	0.000114947	0.0105803	0.010318	0.144968	0.00105717	0.00245489
42	0.0903095	0.0439823	0.000899363	0.00105776	0.296489	0.0164358	0.00132253	0.111925	0.00151026	0.226372	0.0421686	0.00178771	0.00124932	0.00159494	0.000938216	0.0684439	0.0516216	0.0369541	0.00184419	0.00309492
43	0.121725	0.0220393	0.00309328	0.000339122	0.0145625	0.0145675	0.000606964	0.180656	0.000449451	0.109337	0.0620401	0.00114709	0.000849707	0.00103	0.00262331	0.063458	0.0766906	0.322662	0.000644042	0.00147871
44	0.0609998	0.00925644	0.00017628	0.000121139	0.0939569	0.00742403	0.000228487	0.166117	0.000205216	0.524827	0.00627156	0.000260448	0.000664147	0.000229647	0.000134724	0.00610134	0.00824142	0.111812	0.00255955	0.000413388
45	0.113904	0.0181951	0.000214769	0.000197955	0.104923	0.0540407	0.00023123	0.153137	0.000245364	0.182496	0.0207062	0.000348014	0.000393554	0.000280643	0.000195283	0.0346954	0.10922	0.205844	0.000182573	0.000548168
46	0.0199129	0.00153098	0.000332991	0.000157751	0.0257199	0.00702164	0.000249308	0.474642	0.000207141	0.145357	0.0201187	0.00027681	0.000887407	0.000267504	0.000191185	0.00249492	0.00682659	0.289645	0.000588114	0.00357281
47	0.20784	0.0194783	0.000287457	0.000275538	0.00434543	0.615524	0.000424665	0.00801258	0.000352588	0.00610954	0.00216418	0.00147789	0.000468612	0.000409325	0.000343518	0.0717133	0.0320358	0.0273022	0.000729929	0.000704748
48	0.060698	0.00145698	0.000238124	0.000285438	0.0896461	0.0132068	0.000341896	0.261487	0.00172044	0.256723	0.0208404	0.000407796	0.00253121	0.00026247	0.000753171	0.00680075	0.00735053	0.236155	0.0107398	0.0283554
49	0.091274	0.00789088	0.000447322	0.000456278	0.00247923	0.00241975	0.00076713	0.0224173	0.00165293	0.012052	0.0101561	0.00105291	0.565787	0.0166492	0.00177208	0.0952189	0.0858128	0.0797977	0.000669607	0.00122716
50	0.0315764	0.0104171	0.000342303	0.000373801	0.0254033	0.0177316	0.00062957	0.246139	0.000451043	0.289537	0.0603352	0.000803479	0.000577686	0.000504929	0.000337095	0.00446724	0.0115464	0.288365	0.00117326	0.00928914
51	0.0225149	0.00488122	0.000108167	0.00015195	0.0661723	0.00533448	0.000822872	0.101957	0.00152154	0.508484	0.195962	0.000201658	0.000159591	0.00588212	0.00011169	0.00415923	0.0143378	0.0558128	0.00144029	0.00998481
52	0.0335714	0.00805697	0.000741102	0.000156675	0.0281685	0.00205988	0.00130488	0.294983	0.000165155	0.215244	0.100174	0.00138474	0.000159614	0.000242488	0.000272678	0.019097	0.0634662	0.220713	0.00429933	0.00573912
53	0.58123	0.0185822	0.000177866	0.000126948	0.00140936	0.0660462	0.000290387	0.0081756	0.000174983	0.012236	0.0221034	0.00715319	0.000257174	0.000246883	0.00013436	0.170209	0.0596602	0.051178	0.000230977	0.000376442
54	0.0568924	0.00233971	0.0347392	0.788585	0.00576658	0.00592888	0.00179993	0.00755101	0.0016527	0.00807177	0.00603901	0.00238192	0.00121591	0.0329496	0.00138888	0.0212841	0.00664078	0.0109146	0.00143112	0.0024268
55	0.0365324	0.00587409	0.0011348	0.000285955	0.0450857	0.00257103	0.00676084	0.260515	0.000513854	0.211152	0.128064	0.00784545	0.000471969	0.0017629	0.000411448	0.0221315	0.0758292	0.167334	0.0130019	0.0127206
56	0.170277	0.00718558	0.000488267	0.000336754	0.0768887	0.034047	0.000541463	0.0761876	0.000446072	0.150447	0.0999109	0.000675093	0.00276352	0.0024545	0.000365015	0.125072	0.0797128	0.147546	0.00193869	0.0227164
57	0.00884922	0.0109348	0.00015487	0.000194035	0.0425959	0.00577728	0.000285448	0.327245	0.000209781	0.375269	0.0418628	0.000285445	0.000228061	0.000240888	0.00015779	0.00129742	0.00508633	0.178037	0.000292846	0.000996342
58	0.0296054	0.00232386	0.000256659	0.000176555	0.00198842	0.934817	0.000404482	0.00198423	0.000230573	0.00203015	0.001261	0.00369258	0.000363452	0.000376563	0.00025688	0.0122733	0.00291341	0.00417103	0.000282224	0.000592372
59	0.00503981	0.00123622	0.000701784	0.00120197	0.00275468	0.0424956	0.000908426	0.0112924	0.320671	0.00407678	0.0027783	0.0286839	0.00773925	0.0545292	0.407189	0.0773931	0.0102856	0.00494565	0.000648356	0.0154289
60	0.0850452	0.011933	0.000763779	0.000621726	0.0138901	0.0238152	0.140501	0.0148669	0.167439	0.0415229	0.058455	0.0467285	0.00100135	0.000973822	0.227396	0.0769493	0.0381245	0.00652965	0.00070357	0.0427397
61	0.0616102	0.00161043	0.139711	0.0200907	0.00306463	0.0881372	0.000945748	0.00501627	0.000811499	0.0143297	0.00351424	0.312108	0.000814475	0.0198483	0.000762935	0.212628	0.077965	0.0234235	0.000801193	0.0128072
62	0.171129	0.00490733	0.000627831	0.000629132	0.00341436	0.00496841	0.00130043	0.0434769	0.00137283	0.0221907	0.00887766	0.00129848	0.438281	0.00880264	0.0014855	0.0631083	0.0805437	0.141336	0.000778541	0.00147196
63	0.0839419	0.00621649	0.00520925	0.000378328	0.0259177	0.0213523	0.000361199	0.278715	0.000323617	0.107717	0.0248205	0.000628526	0.00155335	0.000472986	0.00189871	0.0255879	0.0320113	0.37981	0.000747371	0.00233697
64	0.114533	0.000626002	0.0771395	0.0641214	0.0219174	0.119472	0.00757721	0.0277909	0.0484243	0.0380759	0.0303815	0.0521467	0.0149491	0.0533066	0.0343697	0.129947	0.0947202	0.0480358	0.00198615	0.0204801
65	0.602438	0.0162723	0.000142541	0.000106512	0.00135801	0.055924	0.000293941	0.0085507	0.000180225	0.00964221	0.0181517	0.00635365	0.000228709	0.000225889	0.000156148	0.177978	0.0583672	0.0430772	0.000198298	0.000355019
66	0.0209832	0.0011546	0.000487875	0.000422604	0.445685	0.00588374	0.00286086	0.0633886	0.00159876	0.135031	0.0517658	0.000850298	0.0103022	0.000724629	0.000508112	0.00675928	0.0162105	0.0608857	0.000479692	0.174017
67	0.0309081	0.00150956	0.000380518	0.000331515	0.481491	0.0217212	0.000781361	0.0810537	0.000686324	0.170467	0.0200243	0.000822719	0.0117781	0.000607461	0.000368661	0.0138273	0.00472578	0.123388	0.00059806	0.0345284
68	0.0513475	0.008626	0.000214967	0.000159848	0.100393	0.0107222	0.000580192	0.170228	0.00120232	0.500966	0.0214955	0.000265593	0.000308508	0.00029907	0.000158473	0.0088991	0.0141445	0.10062	0.00594258	0.0034265
69	0.0090253	0.00110057	0.000174695	0.000200093	0.0158282	0.00741351	0.000287177	0.532666	0.000209153	0.124768	0.0278685	0.000265379	0.00027746	0.000239027	0.000208133	0.00306304	0.00923735	0.264681	0.000249988	0.00223768
70	0.0340159	0.00392671	0.000235586	0.00014515	0.071156	0.00474133	0.00104939	0.0657607	0.00138362	0.537962	0.172674	0.000421256	0.000237369	0.00211041	0.000206111	0.00650598	0.0238568	0.0523127	0.00432095	0.0169773
71	0.147241	0.0439702	0.000899139	0.00168115	0.0320024	0.123413	0.00309937	0.0309362	0.00383047	0.01567	0.00920756	0.0103859	0.0226146	0.00229625	0.00336894	0.362615	0.147036	0.034911	0.00225061	0.00257092
72	0.00238973	0.00302815	0.000233375	0.000223741	0.805586	0.00114218	0.00699553	0.00194092	0.000266111	0.00772879	0.00621637	0.000529643	0.000324592	0.00374576	0.000224781	0.00148668	0.0049729	0.0087008	0.0103072	0.133957
73	0.0290255	0.00177013	0.000961332	0.000814557	0.0929606	0.0154793	0.00160642	0.00656238	0.00105619	0.00839902	0.0151315	0.0103044	0.00133752	0.00110264	0.00109552	0.01435	0.052289	0.0301681	0.0117688	0.703817
74	0.269166	0.0221891	0.0020377	0.00885617	0.0102999	0.0669927	0.00327211	0.0109353	0.000229654	0.0372478	0.0264542	0.0162693	0.0134594	0.0104507	0.00222837	0.387438	0.0798421	0.0264829	0.000266367	0.00588204
75	0.0770029	0.0296358	0.0241016	0.0233257	0.0112538	0.0148536	0.00371334	0.157764	0.00176848	0.0492453	0.035031	0.0231648	0.0604848	0.0030379	0.00186461	0.0516651	0.0793336	0.347154	0.00181606	0.00378337
76	0.0169396	0.00225226	0.000237663	0.000187434	0.0137053	0.00285348	0.000313784	0.451079	0.00025548	0.0766515	0.00972041	0.000362191	0.000263113	0.000292316	0.000196681	0.00207345	0.00395724	0.415323	0.000223914	0.00311276
77	0.109096	0.00342208	0.00120583	0.00155323	0.00742726	0.414104	0.00187305	0.0341839	0.00203982	0.0608172	0.116507	0.00293891	0.00152007	0.00207051	0.00160179	0.151432	0.0318523	0.0332097	0.0016955	0.02145
78	0.197437	0.0176433	0.000271841	0.000303334	0.0042083	0.640282	0.000383608	0.00751397	0.000351279	0.00564141	0.00177073	0.000966404	0.000346005	0.000398095	0.000398919	0.0683246	0.0286382	0.0239592	0.000422301	0.000739369
79	0.0234281	0.00642232	0.00270945	0.00240965	0.0243048	0.0136993	0.00383697	0.0557723	0.00359756	0.058064	0.0145871	0.0419706	0.00375367	0.0778843	0.00297912	0.0161605	0.0156435	0.0486532	0.499805	0.0843184
80	0.0943442	0.0530378	0.000691527	0.000550125	0.0144656	0.0430479	0.000692279	0.274789	0.000487071	0.0316618	0.0185835	0.00668334	0.000831175	0.00130177	0.000421156	0.0622003	0.155924	0.233108	0.000597008	0.00658164
81	0.0249631	0.00757984	0.000198761	7.60221e-05	0.0784489	0.00584543	0.00117906	0.133559	0.000901833	0.498467	0.131961	0.000157382	0.000143242	0.00235167	8.40552e-05	0.00677062	0.0189005	0.0761277	0.00286702	0.00941827
82	0.128295	0.0051635	0.000111662	0.000120556	0.0612948	0.0644395	0.000141516	0.210517	0.00014226	0.344284	0.0128347	0.000235003	0.00121975	0.000177582	0.000116696	0.010665	0.0103614	0.146383	0.00105924	0.00243847
83	0.0972459	0.0490675	0.00136019	0.00136106	0.161414	0.0172771	0.0225035	0.0580183	0.00140147	0.0372208	0.025655	0.0257143	0.00948755	0.00207919	0.00122196	0.130806	0.0735926	0.242324	0.0216991	0.0205499
84	0.0557469	0.0134401	0.00381665	0.000266603	0.0359696	0.00894252	0.00128393	0.248434	0.000298078	0.252581	0.133719	0.00150048	0.000601711	0.000861707	0.000314187	0.0305505	0.0627167	0.142067	0.00293023	0.00395904
85	0.150938	0.0110098	0.000177071	9.51996e-05	0.0589865	0.0540608	0.000215346	0.170505	0.000138635	0.346632	0.0212811	0.000211938	0.00160093	0.000202514	0.000180217	0.0125701	0.0102158	0.156803	0.00277546	0.00140001
86	0.140431	0.0115714	0.000249691	0.000159039	0.0592156	0.033158	0.000307241	0.210683	0.000191872	0.356923	0.025186	0.000442642	0.0056446	0.000254736	0.00021849	0.0121386	0.00815864	0.132762	0.00112068	0.00118471
87	0.0998624	0.00883712	0.000523059	0.000494541	0.0879543	0.130977	0.00961804	0.0195798	0.174898	0.100613	0.0432006	0.0252881	0.000813621	0.0165993	0.210231	0.027992	0.0115766	0.0288897	0.000664101	0.00138823
88	0.0300801	0.00209441	0.000253179	0.00019697	0.00271867	0.929546	0.000401153	0.00220795	0.000238532	0.00217825	0.00138038	0.00405303	0.000369654	0.00040174	0.000292113	0.0153402	0.00310394	0.00414485	0.00032011	0.000678564
89	0.0261033	0.00370796	0.000454187	0.000270314	0.00983953	0.00271711	0.000416555	0.364734	0.000372388	0.0509639	0.00446097	0.000588656	0.000351741	0.000504056	0.000317052	0.00289472	0.00308127	0.524624	0.000340918	0.00325792
90	0.0597901	0.000704689	0.0312308	0.109242	0.0018354	0.0247936	0.0268025	0.0311153	0.187247	0.0146155	0.0149317	0.0471856	0.000402738	0.103861	0.112319	0.100792	0.0641959	0.0614607	0.000491999	0.00698312
91	0.0392028	0.00110272	0.0835722	0.0398436	0.00229641	0.180976	0.0102545	0.00348694	0.231754	0.00430944	0.00251457	0.108847	0.0183448	0.0467364	0.106869	0.102769	0.0106136	0.00467069	0.00057191	0.00126412
92	0.0288607	0.00223734	0.000261579	0.000175284	0.00205913	0.935512	0.000402224	0.00196373	0.000232854	0.00202545	0.00127151	0.00373196	0.000370581	0.000382601	0.000252901	0.0124749	0.00279433	0.00411155	0.000286833	0.000592597
93	0.00978502	0.0018595	0.000162426	0.000180838	0.0188292	0.00523043	0.000301747	0.521809	0.000209552	0.134372	0.0226416	0.000328302	0.000502661	0.000256653	0.000285884	0.00239682	0.00719406	0.27064	0.000342905	0.00267169
94	0.0567022	0.00225295	0.0332003	0.791769	0.00559026	0.0058747	0.00167253	0.00761271	0.00151536	0.00807294	0.00595965	0.00224312	0.00122388	0.0331544	0.0012569	0.0213925	0.00622746	0.0104171	0.00141654	0.00244499
95	0.0191499	0.000561619	0.00034823	0.000216319	0.183742	0.00130051	0.000395603	0.306964	0.00985109	0.165181	0.0172087	0.000534081	0.000421914	0.000406896	0.00413763	0.00863453	0.00997035	0.163567	0.0545691	0.0528399
96	0.0283543	0.00113414	0.000315369	0.000359175	0.0527026	0.00849383	0.000945323	0.0552348	0.00574694	0.471752	0.307847	0.000838134	0.000347022	0.00445702	0.000291895	0.00310491	0.0207028	0.0239448	0.00375521	0.00967289
97	0.023613	0.00583736	0.000564213	0.000243886	0.0472753	0.00496018	0.00280334	0.12413	0.0011024	0.429193	0.219249	0.00208072	0.000298605	0.00324404	0.00024611	0.00868435	0.0315496	0.085465	0.00250582	0.00695401
98	0.0399857	0.00540075	0.00438951	0.0020712	0.013845	0.0113356	0.00310036	0.0523134	0.0383385	0.0242965	0.0133462	0.00580865	0.614099	0.0122189	0.0345601	0.0330832	0.028472	0.0553315	0.00308768	0.00491584
99	0.237259	0.0174096	0.000469295	0.00053284	0.00955032	0.100295	0.000803751	0.101002	0.000484793	0.302155	0.0279295	0.00101818	0.000736287	0.000756116	0.00048828	0.0376474	0.0493978	0.110168	0.000697575	0.00120022
100	0.0317157	0.00499388	0.000321194	0.000329194	0.0930434	0.00782212	0.001134	0.111949	0.0079621	0.468859	0.143609	0.000546024	0.000468377	0.00230795	0.00079601	0.00894842	0.0263164	0.0673956	0.00789439	0.0135877
101	0.044184	0.00175436	0.000301406	0.00031079	0.417047	0.0267443	0.000727477	0.102708	0.000613429	0.19333	0.0183391	0.000717559	0.00973307	0.000524895	0.000335062	0.0126198	0.00417794	0.139304	0.0007648	0.0257636
102	0.0636711	0.00232988	0.000601888	0.000185057	0.0474912	0.0189813	0.000260668	0.283005	0.000196926	0.24382	0.0210076	0.000343701	0.00359962	0.000210925	0.000238171	0.00554874	0.00935883	0.286515	0.00258246	0.0100519
103	0.0262031	0.0121738	0.00102148	0.000150966	0.0601375	0.00500247	0.000776967	0.166836	0.000349367	0.442833	0.167034	0.000250545	0.000197385	0.00207572	0.000157838	0.0112995	0.0205314	0.0763295	0.00080984	0.00583038
104	0.0266743	0.0119001	0.00098383	0.000136093	0.0614011	0.00504856	0.000810858	0.163946	0.000354791	0.442803	0.166503	0.000264779	0.000199189	0.00205229	0.000151149	0.0113942	0.0211967	0.0771671	0.000870944	0.00614208
105	0.00983782	0.0113624	0.000129007	0.000166294	0.0465081	0.00708558	0.000249952	0.3264	0.000174454	0.361582	0.0359615	0.000277866	0.000173209	0.000189571	0.000149103	0.00105356	0.00494122	0.192021	0.000362835	0.00137432
106	0.1244	0.0150581	0.000587798	0.0005006	0.0189594	0.147508	0.00070645	0.250013	0.000751971	0.149613	0.0301512	0.000944946	0.00069057	0.000662713	0.000554057	0.00315941	0.00397781	0.249141	0.000689965	0.0019287
107	0.00848629	0.0128756	0.000166842	0.000185687	0.0332401	0.00551107	0.000303627	0.306422	0.000269949	0.391159	0.0461499	0.000332074	0.000212666	0.000264372	0.000148669	0.00152753	0.00676181	0.184466	0.000323509	0.00119243
108	0.135374	0.0321041	0.0085114	0.000523145	0.038034	0.0285111	0.000772678	0.1501	0.000481314	0.0894881	0.0636404	0.0011864	0.00104076	0.000777448	0.00186606	0.0557428	0.0357244	0.353923	0.000640538	0.00155844
109	0.0884731	0.000498832	0.0474591	0.121691	0.00136454	0.0160433	0.0351719	0.0299659	0.16207	0.0185062	0.0145959	0.051375	0.000341976	0.0752695	0.10343	0.109179	0.0675884	0.0502763	0.000406919	0.00629331
110	0.00238973	0.00302815	0.000233375	0.000223741	0.805586	0.00114218	0.00699553	0.00194092	0.000266111	0.00772879	0.00621637	0.000529643	0.000324592	0.00374576	0.000224781	0.00148668	0.0049729	0.0087008	0.0103072	0.133957
111	0.019351	0.00494608	0.000253254	0.000284999	0.120808	0.00462339	0.00113702	0.10475	0.000687865	0.438512	0.147381	0.000458953	0.00092968	0.00217128	0.000297556	0.00544066	0.0182083	0.0665185	0.00182569	0.0614145
112	0.0107212	0.00177616	0.00060976	0.000618369	0.499691	0.0048127	0.00106139	0.0487747	0.00102373	0.36886	0.0150588	0.0013877	0.00117868	0.00109136	0.000739039	0.00506153	0.00717723	0.0241434	0.00271195	0.00350095
113	0.0696143	0.000398926	0.0408511	0.0872762	0.00786431	0.0388481	0.0252824	0.0423938	0.147782	0.028247	0.0282422	0.0541273	0.00151951	0.0778432	0.0710639	0.0993081	0.0861892	0.0745323	0.00170148	0.0169147
114	0.0582	0.00166859	0.000793766	0.000665917	0.381918	0.0177914	0.00752307	0.0755768	0.00115012	0.0983226	0.0240071	0.00813458	0.145837	0.00117811	0.00122886	0.00451044	0.0194457	0.0781629	0.0715783	0.00230649
115	0.0575644	0.00152634	0.234779	0.113148	0.00287671	0.0185625	0.0475852	0.0184486	0.110778	0.0126852	0.00976998	0.0892535	0.00100332	0.0546442	0.0826401	0.0682849	0.0357184	0.0356789	0.000847943	0.00420478
116	0.0536982	0.00168029	0.000597662	0.000588132	0.441075	0.0213338	0.00917032	0.0630133	0.000634737	0.105389	0.0224798	0.00993376	0.08678	0.000843642	0.000731613	0.00387833	0.0228045	0.0702889	0.083669	0.00141079
117	0.0876932	0.00116959	0.0541031	0.098661	0.00404737	0.0779808	0.0166158	0.00681009	0.0249245	0.0131005	0.0112854	0.0385031	0.00880185	0.0384513	0.00267367	0.438197	0.0623179	0.00779919	0.000682908	0.0061816
118	0.124337	0.000645737	0.0687617	0.0625953	0.0293165	0.0946679	0.00809835	0.0344949	0.0435367	0.0394222	0.0346534	0.0517207	0.0146638	0.0495311	0.0284245	0.135579	0.0997239	0.0544738	0.00235822	0.0229954
119	0.594777	0.0168685	0.00021711	0.000273775	0.00142128	0.0555346	0.000374465	0.00861309	0.000199453	0.0111164	0.0204873	0.00629958	0.000320153	0.000429628	0.000181857	0.17234	0.0596037	0.0502588	0.000233346	0.000449964
120	0.0237524	0.00674921	9.66401e-05	7.96808e-05	0.0643111	0.00553403	0.000957393	0.110931	0.00054812	0.529142	0.148507	0.000199211	0.000150482	0.00364847	9.72372e-05	0.00586864	0.0158989	0.0741336	0.00113377	0.00826134
121	0.122796	0.0056609	0.000693571	0.00117185	0.0267306	0.270782	0.00451368	0.00945703	0.0171876	0.0111408	0.00555059	0.0203513	0.00242575	0.00148685	0.0157894	0.353624	0.117997	0.0104815	0.00063155	0.00152766
122	0.0239183	0.00622195	0.00256999	0.00238528	0.0134786	0.0142516	0.0855913	0.0182996	0.00313196	0.202831	0.133093	0.00540992	0.00399303	0.41523	0.0029346	0.0165194	0.0155411	0.0242504	0.003343	0.00700622
123	0.574514	0.0177796	0.000212018	0.000212619	0.00167033	0.0598856	0.000376503	0.00817698	0.0002071	0.0126887	0.0242987	0.00637884	0.000318364	0.000356594	0.000196023	0.174416	0.0578209	0.0597134	0.000268239	0.000509584
124	0.0140658	0.00252847	0.000582847	0.000593505	0.506352	0.00618135	0.00103661	0.0459939	0.00109765	0.347321	0.0212848	0.00150403	0.00112231	0.00115709	0.0007971	0.00536557	0.00942406	0.024854	0.00454567	0.00419142
125	0.00238973	0.00302815	0.000233375	0.000223741	0.805586	0.00114218	0.00699553	0.00194092	0.000266111	0.00772879	0.00621637	0.000529643	0.000324592	0.00374576	0.000224781	0.00148668	0.0049729	0.0087008	0.0103072	0.133957
126	0.105657	0.00258012	0.000582364	0.000533385	0.0108353	0.0608013	0.00379804	0.00697186	0.0193737	0.0132278	0.0056227	0.0256087	0.00116721	0.000746443	0.0118268	0.530993	0.189997	0.00795151	0.00066327	0.00106262
127	0.0256575	0.00703481	0.000651288	0.00028952	0.0436029	0.00493572	0.00194331	0.153262	0.000737727	0.434651	0.178425	0.00151868	0.000248189	0.00295725	0.000280076	0.00973987	0.029598	0.0960842	0.00230095	0.00608258
128	0.200654	0.0280475	0.000473295	0.000416996	0.00891213	0.483278	0.000862064	0.0109832	0.00131783	0.00861197	0.00347741	0.00316776	0.0026174	0.000577589	0.00132418	0.163453	0.0518934	0.0273123	0.00154476	0.00107493
129	0.00961591	0.0110871	0.000210732	0.000182645	0.0280153	0.00543807	0.000285285	0.332506	0.000267267	0.340785	0.0385819	0.000331496	0.000223475	0.000228434	0.000156034	0.00215332	0.00874376	0.219426	0.000360467	0.00140205
130	0.286492	0.017822	0.000226432	0.000232101	0.00235807	0.529311	0.000334449	0.00734364	0.000302022	0.00638972	0.00538885	0.00213919	0.000295776	0.000306595	0.000359323	0.0788651	0.033645	0.0273756	0.000258006	0.000555179
131	0.150739	0.0172344	0.00114291	0.000843879	0.0706179	0.0177912	0.00124453	0.106399	0.0010613	0.156238	0.134948	0.00177621	0.0157657	0.021937	0.000689194	0.113282	0.0619831	0.0996659	0.0173908	0.00924993
132	0.205667	0.0167827	0.000296893	0.000382358	0.00425947	0.622677	0.000434853	0.00824292	0.000355518	0.00665079	0.00181025	0.000989441	0.000423471	0.000487162	0.000454234	0.0725793	0.0329882	0.0233566	0.000449331	0.000712615
133	0.0950258	0.0541514	0.000629034	0.000545343	0.0145279	0.0440369	0.000720582	0.275802	0.00052265	0.0308069	0.0180665	0.00661709	0.000817922	0.00129995	0.000408604	0.0618925	0.157579	0.22891	0.000732308	0.00690727
134	0.0336111	0.00209664	0.00118012	0.000781424	0.00861167	0.00434613	0.0211823	0.14185	0.00109213	0.218064	0.403476	0.0206341	0.0009553	0.012563	0.000898794	0.0185349	0.0312916	0.0600107	0.0143877	0.00443202
135	0.0344751	0.00850745	0.000729221	0.000159994	0.0287248	0.00205366	0.00113263	0.295551	0.000157067	0.214506	0.0987994	0.00120214	0.000168892	0.000219472	0.000265231	0.0189952	0.0630414	0.222163	0.00388157	0.00526648
136	0.174009	0.0127512	0.00163752	0.00153789	0.00935796	0.0127045	0.00216587	0.137228	0.00140606	0.02368	0.0663253	0.00332223	0.00252904	0.00343238	0.00140013	0.0541139	0.31947	0.166503	0.00169772	0.00472854
137	0.0231007	0.00183305	0.000521874	0.000384471	0.464168	0.00521188	0.00511974	0.038269	0.00189376	0.0824381	0.0335375	0.00272338	0.00670797	0.00144345	0.000579	0.00730655	0.0166225	0.044964	0.00378896	0.259386
138	0.291319	0.0111203	0.00062161	0.0016554	0.0130514	0.373498	0.00120472	0.00704157	0.000504755	0.0100211	0.00825944	0.00401377	0.00194539	0.00208477	0.00177929	0.218169	0.0320014	0.0192301	0.000625247	0.0018543
139	0.542641	0.0155887	0.000315985	0.000470811	0.00209017	0.0529795	0.000456487	0.00799759	0.000692968	0.0110967	0.0176381	0.00601375	0.000809866	0.000771357	0.000344652	0.239216	0.0590213	0.0407026	0.000292982	0.000860444
140	0.0439001	0.00260708	0.00118962	0.00124385	0.110604	0.014104	0.00374638	0.0109578	0.00187691	0.0117298	0.0160006	0.0188212	0.00232522	0.00182644	0.00117774	0.0245999	0.04171	0.0404824	0.0100925	0.641005
141	0.0355474	0.00941998	0.000920838	0.000149123	0.039021	0.00323049	0.00131922	0.249	0.000253727	0.278405	0.116009	0.00114251	0.000185159	0.000657438	0.000220243	0.0191388	0.0536239	0.180971	0.00378115	0.00700325
142	0.0200614	0.00117129	0.134889	0.0221131	0.00245587	0.137403	0.00982234	0.0042491	0.158858	0.00461932	0.00283809	0.0667812	0.128647	0.0176634	0.0785698	0.161539	0.0413189	0.00514995	0.000664953	0.00118461
143	0.12892	0.0133785	0.000525863	0.000583003	0.076925	0.0327502	0.0006813	0.080025	0.00073618	0.169971	0.199803	0.00106691	0.0132454	0.0063794	0.000466742	0.107514	0.0819673	0.0652086	0.00456351	0.0152893
144	0.0637714	0.00168141	0.137169	0.0210311	0.00357003	0.0894209	0.00125318	0.00531742	0.00147615	0.0153043	0.00419435	0.305458	0.00131319	0.0208393	0.00126029	0.208407	0.0794335	0.02546	0.000803986	0.0128365
145	0.0610422	0.0159393	0.00174126	0.000254574	0.035459	0.0105524	0.000973239	0.252162	0.000288652	0.193724	0.0842807	0.00139642	0.00048077	0.000511585	0.000423455	0.0415231	0.104461	0.188309	0.00265758	0.00382004
146	0.132257	0.0346959	0.000215768	0.00018675	0.121812	0.0654939	0.000343228	0.0792413	0.000445695	0.374582	0.0511116	0.000422068	0.00037264	0.000415759	0.000275709	0.034195	0.0250509	0.077371	0.000563885	0.000948014
147	0.0437675	0.00369572	0.000584682	0.000431047	0.0172437	0.0032689	0.000717768	0.4094	0.000442708	0.035763	0.00867092	0.000644939	0.000491563	0.000614594	0.000468777	0.00377531	0.00404103	0.458798	0.000502646	0.00667728
148	0.379301	0.0254024	0.000793179	0.0028827	0.00809309	0.0846572	0.00181286	0.0105357	0.00161092	0.0173156	0.0163459	0.00983202	0.00688698	0.00323534	0.00175075	0.324079	0.0756059	0.0271936	0.000366565	0.00229871
149	0.00793572	0.011207	0.0001316	0.000160643	0.0443208	0.00605454	0.000258204	0.325685	0.000193416	0.373288	0.0372931	0.00026022	0.000173445	0.000184146	0.000148495	0.000994251	0.0047798	0.185759	0.000289249	0.000884181
150	0.0223477	0.00732755	0.000367349	6.63209e-05	0.0575578	0.00550092	0.000819666	0.133381	0.000448247	0.503011	0.157491	0.000205842	0.000139285	0.00269081	0.000120655	0.0064197	0.0186535	0.0758734	0.000860397	0.00671787
151	0.575162	0.0154339	0.000261339	0.000542775	0.00245156	0.0527705	0.000391197	0.00966315	0.00019308	0.0118976	0.0222298	0.00608584	0.000633714	0.000657418	0.000288409	0.183395	0.0621358	0.0545834	0.000189842	0.0010338
152	0.198159	0.0182716	0.000316786	0.000362965	0.00382492	0.637877	0.000432331	0.00761123	0.000368158	0.00575778	0.00152785	0.00107578	0.00046906	0.000483046	0.000358724	0.0673254	0.0298371	0.0247768	0.000495118	0.000668369
153	0.0223429	0.00642981	0.000104378	7.89126e-05	0.0829801	0.00436998	0.000942201	0.114356	0.000519775	0.529627	0.133682	0.000184511	0.000167195	0.00286611	0.000160383	0.00492946	0.0147857	0.0722284	0.00112368	0.00812154
154	0.284372	0.018252	0.00117677	0.00112608	0.0061254	0.00598117	0.00154897	0.132188	0.00121423	0.0409955	0.299994	0.00221262	0.00126802	0.00154986	0.00105879	0.024028	0.0496812	0.122687	0.0015407	0.00299959
155	0.0396097	0.00769866	0.00106237	0.000997331	0.023916	0.00340656	0.00194087	0.294119	0.00180274	0.190941	0.12082	0.00243313	0.000552361	0.00169607	0.000723053	0.0195919	0.0720447	0.206926	0.00426985	0.0054494
156	0.0229218	0.00231893	0.000320359	0.000242019	0.180143	0.00332055	0.000597392	0.296535	0.00649558	0.197318	0.0276842	0.000644038	0.000805878	0.000451613	0.00267187	0.00893411	0.0119641	0.161827	0.0374254	0.0373799
157	0.0862643	0.00761632	0.00046424	0.000451551	0.00282465	0.00243705	0.000795268	0.0217948	0.00179563	0.012114	0.0111191	0.0011153	0.5697	0.0180511	0.00186724	0.0974963	0.0866054	0.075466	0.000725411	0.00129674
158	0.10838	0.0174601	0.000313524	0.000175783	0.0977298	0.048634	0.000344888	0.165777	0.000225052	0.18497	0.0265786	0.000394817	0.000384846	0.000278273	0.000198782	0.0339713	0.104877	0.207955	0.000446636	0.000904221
159	0.0987437	0.0117713	0.00320769	0.000376694	0.0162159	0.0144014	0.000606306	0.21445	0.000465741	0.120261	0.0469641	0.000925023	0.000875515	0.000758753	0.00551874	0.0418782	0.0530518	0.366962	0.000785976	0.00178015
160	0.113046	0.0028416	0.000878092	0.00100542	0.403156	0.00613665	0.0338567	0.0536946	0.0159867	0.0545286	0.0368135	0.0027489	0.0172286	0.00161747	0.0011393	0.032695	0.00746188	0.0459469	0.00122573	0.167992
161	0.291997	0.019048	0.00254925	0.0113875	0.00928508	0.0583489	0.00437735	0.0105817	0.000186835	0.0368156	0.0253154	0.0156608	0.0100827	0.0129036	0.00270707	0.371825	0.0816109	0.0278298	0.000204719	0.00728203
162	0.0388612	0.00541259	0.000295802	0.000182756	0.076251	0.00818675	0.000868185	0.077954	0.00203449	0.507783	0.183861	0.000516748	0.000604354	0.0024244	0.00034415	0.00725548	0.0240869	0.0479906	0.00388275	0.0112032
163	0.0342127	0.00808418	0.000810426	0.000158009	0.0280945	0.0021295	0.00127979	0.294604	0.000162255	0.216366	0.10027	0.00138612	0.000160716	0.000271632	0.000280082	0.0194046	0.0647391	0.21789	0.00420016	0.00549647
164	0.00345365	0.00312279	0.00023444	0.000225908	0.803721	0.00115545	0.00706342	0.00233817	0.00036886	0.00808782	0.00649284	0.000541993	0.000446879	0.00370271	0.000222452	0.00175405	0.00497837	0.00904676	0.0101184	0.132924
165	0.0190017	0.0009313	0.000434307	0.028738	0.00776946	0.015123	0.00632449	0.145974	0.0659213	0.0829429	0.147607	0.0132215	0.000592669	0.0466612	0.011687	0.0170648	0.065915	0.317165	0.000454317	0.0064709
166	0.160248	0.00920753	0.00100703	0.00102266	0.0285187	0.0249732	0.00385532	0.0603819	0.00106326	0.0123182	0.0264279	0.00569307	0.00156872	0.00166045	0.00114907	0.308714	0.159178	0.16676	0.00361965	0.0226336
167	0.0211146	0.00671121	0.000167541	7.07501e-05	0.0578456	0.00527452	0.000814013	0.12615	0.000508169	0.518301	0.154501	0.000210053	0.000148673	0.0028828	0.000137961	0.00544932	0.0172971	0.0746542	0.000899836	0.00686094
168	0.0864058	0.00757863	0.000458308	0.000442111	0.00279382	0.00241992	0.000788373	0.0218315	0.00175747	0.0120688	0.0110869	0.00111688	0.570039	0.0179955	0.00196701	0.0973311	0.0865004	0.0754013	0.000726597	0.00129047
169	0.0948153	0.000662319	0.0507799	0.0564967	0.0270712	0.0750163	0.0111904	0.0489194	0.0817712	0.0466589	0.0363811	0.0554848	0.00719383	0.0629834	0.0351903	0.10329	0.0995116	0.0807332	0.00419834	0.0216521
170	0.097277	0.0044384	0.00136621	0.000283945	0.0400925	0.0373885	0.000311532	0.267554	0.000280238	0.19627	0.021263	0.000423398	0.00308864	0.000317134	0.000723402	0.0105605	0.0148738	0.29211	0.00216576	0.00921154
171	0.0114048	0.00181078	0.00059319	0.000599499	0.511559	0.00487427	0.00103142	0.0445999	0.00100189	0.35655	0.0172093	0.00140196	0.00118171	0.00107849	0.000801997	0.00521484	0.00803061	0.0233685	0.0034531	0.00423434
172	0.156513	0.000730929	0.0668537	0.0919311	0.00980658	0.100767	0.0114371	0.0135639	0.0204908	0.0269499	0.0247155	0.0627947	0.0194912	0.0447374	0.00977311	0.237999	0.0673129	0.0176136	0.000701661	0.0158166
173	0.019572	0.000944565	0.000285811	0.000255683	0.198547	0.00123231	0.000407407	0.294093	0.00864895	0.16875	0.0188911	0.000599793	0.000460147	0.000394099	0.00360368	0.00921701	0.00947291	0.165536	0.0528693	0.046219
174	0.326251	0.0194107	0.00207316	0.0116443	0.0175692	0.079247	0.00318139	0.0167519	0.0004207	0.0466955	0.0252948	0.0118603	0.00780291	0.0133273	0.00222334	0.313239	0.0659091	0.0259095	0.00048815	0.0107007
175	0.114293	0.0179726	0.000199592	0.000191006	0.104668	0.0544473	0.00022976	0.152846	0.000232927	0.182174	0.0206254	0.000318105	0.000431799	0.000282343	0.000190613	0.0346756	0.108838	0.206662	0.000181713	0.000540823
176	0.13878	0.0105127	0.000144238	9.08777e-05	0.0579313	0.043323	0.000133697	0.187665	0.000114551	0.359943	0.0205994	0.000199774	0.00220651	0.000123667	9.821e-05	0.0138864	0.0105568	0.151109	0.00139309	0.00118858
177	0.0111028	0.0134933	0.000667647	0.000561797	0.746071	0.00416209	0.00621055	0.0156866	0.000960575	0.0294615	0.0119464	0.00157521	0.00162944	0.00365522	0.000648286	0.00590676	0.00795563	0.0328492	0.00859627	0.0968599
178	0.017813	0.00149052	0.000455418	0.000440834	0.431356	0.00535292	0.00291651	0.0560924	0.0014881	0.167473	0.0676859	0.00133831	0.00770075	0.0012524	0.000597844	0.00626206	0.014748	0.0498217	0.00184428	0.163871
179	0.135518	0.01011	0.000143283	9.13054e-05	0.0580129	0.0444218	0.000128835	0.19082	0.000111307	0.361364	0.0192628	0.00018947	0.00196673	0.000142156	0.000103066	0.013562	0.0106064	0.150749	0.00136378	0.00133292
180	0.148605	0.0282966	0.000417935	0.000282326	0.0940095	0.067485	0.000513757	0.081618	0.000487093	0.344692	0.071391	0.000543957	0.00149473	0.00121101	0.000400044	0.0418619	0.0383649	0.0742309	0.00108129	0.00301376
181	0.12792	0.0144312	0.000618393	0.000289249	0.096794	0.0460674	0.000357572	0.12225	0.000346294	0.197946	0.0387325	0.000479008	0.00073239	0.000677078	0.000325189	0.0515215	0.0832038	0.211471	0.000623669	0.00521311
182	0.159936	0.00956288	0.000337575	0.000339571	0.0982369	0.0404246	0.000522585	0.0717815	0.000409393	0.181428	0.0816829	0.000612668	0.00248389	0.00215647	0.000438914	0.114673	0.0743337	0.136189	0.00166286	0.022788
183	0.0245226	0.0142454	0.000617694	0.000259137	0.142875	0.00437231	0.000808774	0.264936	0.000379197	0.218147	0.073471	0.00100152	0.000761153	0.000470741	0.000366505	0.0107212	0.0336543	0.201428	0.00283076	0.00413138
184	0.652536	0.00915448	0.000335944	0.000462039	0.00652541	0.057942	0.00066145	0.0257817	0.000636472	0.020104	0.0115108	0.00377533	0.00532183	0.000873849	0.000517079	0.0891215	0.0608798	0.0521335	0.000645018	0.00108204
185	0.64469	0.0126623	0.000185322	0.000209481	0.00315507	0.0566566	0.000359464	0.0129893	0.000352791	0.0134244	0.0150908	0.00507078	0.0022684	0.0003194	0.000264798	0.126801	0.0578246	0.0468931	0.00029853	0.000483576
