224	20
1	0.0669208	0.0025641	0.00407084	0.0167614	0.18115	0.00451459	0.0109966	0.0278255	0.0338949	0.200868	0.0972906	0.005709	0.0198549	0.0191729	0.0240961	0.0216369	0.0924641	0.133428	0.00307578	0.0337046
2	0.00946769	0.00297315	0.0460226	0.0471159	0.00297026	0.00829659	0.00497569	0.0031251	0.0368986	0.00854092	0.003071	0.0856878	0.00296918	0.00366344	0.0072715	0.351767	0.365952	0.00556873	0.00105307	0.00260936
3	0.0345012	0.00208735	0.313221	0.315943	0.00833654	0.0330423	0.0181964	0.00770734	0.0355887	0.0124733	0.015952	0.0340167	0.00803676	0.0308065	0.0281845	0.0299904	0.0175345	0.0165271	0.00178075	0.0360735
4	0.0776797	0.000673992	0.207004	0.338861	0.00104844	0.0698509	0.0019564	0.00190489	0.0642857	0.00866723	0.00649284	0.00811929	0.0181331	0.0387477	0.0543111	0.0650133	0.0247609	0.00900832	0.000663149	0.00281805
5	0.0636645	0.00158389	0.061178	0.270715	0.00386549	0.00741686	0.117553	0.0102117	0.0353308	0.0230748	0.0219442	0.0101712	0.00914251	0.283418	0.0240001	0.0153627	0.0199993	0.0138901	0.00188378	0.00559462
6	0.0237666	0.00392639	0.00488405	0.00707412	0.0625783	0.00575418	0.0162962	0.155788	0.00695122	0.373393	0.0676144	0.00845507	0.00921957	0.00597777	0.0113753	0.0133191	0.0187928	0.193573	0.00222406	0.00903714
7	0.00529126	0.00434975	0.00181859	0.00199217	0.180378	0.00177884	0.0354697	0.0485668	0.0168716	0.503314	0.0766288	0.0100432	0.00627145	0.00218734	0.0429673	0.020182	0.00455739	0.0175928	0.00183881	0.0179003
8	0.0246811	0.00253712	0.00702753	0.016383	0.00515637	0.0203598	0.0814338	0.00707686	0.0761711	0.0657149	0.00837742	0.014238	0.00452184	0.0447836	0.290787	0.0692322	0.0358111	0.0105393	0.209284	0.005884
9	0.133919	0.00179667	0.00443648	0.0721367	0.0181917	0.0472186	0.0484293	0.00447815	0.0804163	0.121404	0.0219913	0.014416	0.00341703	0.0603829	0.165009	0.0999768	0.0283557	0.0073407	0.0455137	0.0211694
10	0.295761	0.0060045	0.00617163	0.0165101	0.019128	0.0264746	0.0074795	0.110629	0.00905665	0.0460751	0.0271223	0.0121398	0.0349828	0.00556301	0.0145579	0.101843	0.0322625	0.208205	0.00494757	0.0150862
11	0.0929869	0.00204389	0.0081195	0.0134795	0.00644228	0.00896789	0.0311589	0.00518795	0.0981048	0.0100973	0.00491822	0.019561	0.323804	0.0590488	0.152017	0.0432932	0.0313765	0.0691322	0.00264147	0.0176187
12	0.0377116	0.00127185	0.0224978	0.0517876	0.00128037	0.0276375	0.0389852	0.0104216	0.218473	0.0265119	0.0142876	0.0359226	0.00183349	0.0575867	0.375317	0.0282019	0.0302895	0.0134913	0.00307625	0.00341599
13	0.0313291	0.0015954	0.000675561	0.000721375	0.0112742	0.00384126	0.0020988	0.313215	0.000846396	0.0720537	0.0214806	0.00198852	0.000777103	0.000759733	0.00120731	0.00371669	0.0179356	0.513362	0.000277927	0.000844028
14	0.387828	0.0106277	0.013532	0.0197778	0.00919915	0.0253015	0.0127357	0.00991071	0.017181	0.0247849	0.0183435	0.0183134	0.0334777	0.0138704	0.0213278	0.127814	0.18915	0.037585	0.0029607	0.00627873
15	0.0266864	0.00611868	0.00644968	0.00865752	0.372142	0.00740635	0.0489546	0.0347602	0.0091564	0.128094	0.0224731	0.00949747	0.0105242	0.012304	0.027605	0.0288969	0.0151243	0.0455488	0.0161498	0.163451
16	0.00712207	0.00191767	0.00650047	0.00236766	0.0586089	0.00202174	0.014118	0.0880242	0.00427071	0.587607	0.132367	0.0058915	0.00250068	0.00355749	0.00997253	0.00704132	0.0190085	0.0406138	0.000982479	0.00550566
17	0.0190401	0.00479711	0.00454922	0.00509536	0.373916	0.00334995	0.0812203	0.0223445	0.00332609	0.0563781	0.0106933	0.00526055	0.00395469	0.0100494	0.0241959	0.0291387	0.00606928	0.0206163	0.0223265	0.293678
18	0.0138306	0.00189776	0.00821568	0.00342888	0.0392204	0.00277217	0.012634	0.110514	0.00536958	0.486662	0.184368	0.00678159	0.00364066	0.0061123	0.00887512	0.0100554	0.0401327	0.0497852	0.00106249	0.00464147
19	0.429584	0.0135794	0.00196792	0.00331418	0.00155281	0.0116014	0.0023651	0.00242754	0.00249259	0.019735	0.0154669	0.00987266	0.0322369	0.00709832	0.00376451	0.126247	0.270458	0.0437198	0.000901681	0.00161541
20	0.0125776	0.00102467	0.00224546	0.0108288	0.00144695	0.0119114	0.0306291	0.00591774	0.212735	0.0269591	0.0293578	0.0145803	0.00176175	0.0121927	0.590308	0.0109777	0.00493301	0.0116164	0.00252971	0.00546693
21	0.0669885	0.0048404	0.0238081	0.0485955	0.00807413	0.145302	0.0433844	0.00796806	0.101017	0.049986	0.00995154	0.0357252	0.00713478	0.0623278	0.190729	0.0618924	0.0289217	0.0156652	0.077051	0.0106378
22	0.0675529	0.000567741	0.102068	0.0680736	0.00905918	0.0505451	0.053302	0.0194149	0.0628227	0.0156162	0.00389752	0.10322	0.0831229	0.0528854	0.0713692	0.133835	0.0753934	0.0188635	0.00118383	0.0072061
23	0.00366964	0.00144937	0.00164864	0.00110348	0.0688302	0.00103973	0.0211937	0.209248	0.00138159	0.453265	0.0984718	0.00273423	0.00134252	0.00398848	0.00598492	0.00292634	0.00428771	0.112336	0.00041778	0.00468048
24	0.122008	0.00501771	0.0199633	0.0526227	0.012826	0.0289643	0.0203925	0.0318372	0.0181516	0.0769564	0.0142455	0.0314624	0.30069	0.0157383	0.0280853	0.0628074	0.0246906	0.10968	0.0147281	0.00913288
25	0.00549539	0.00358744	0.00152142	0.0015859	0.151809	0.0014575	0.0276748	0.0623097	0.0118045	0.542667	0.0864688	0.00728554	0.00467159	0.00213118	0.0284544	0.0133973	0.00469575	0.028097	0.00135537	0.0135308
26	0.472939	0.00185317	0.00468215	0.0566783	0.00220996	0.0745418	0.0045946	0.0175397	0.0228699	0.0227553	0.0228432	0.00901849	0.0084934	0.00708305	0.0421406	0.158391	0.0262041	0.037831	0.00377234	0.00355945
27	0.138075	0.00319802	0.034971	0.00467786	0.00142028	0.0621749	0.00324096	0.00220337	0.0173125	0.0408187	0.00208143	0.0185736	0.439142	0.00298306	0.0456449	0.128247	0.00415024	0.0346488	0.0147121	0.0017247
28	0.00441021	0.00161333	0.00136337	0.00125612	0.0817125	0.00102378	0.017674	0.15836	0.00165596	0.52458	0.0903603	0.00288002	0.00168056	0.00366309	0.00650562	0.00346552	0.00430055	0.0856399	0.000977458	0.00687844
29	0.0495598	0.00883159	0.0170689	0.0229154	0.0761165	0.0269728	0.0550859	0.0201641	0.038406	0.0666262	0.0174887	0.0254382	0.0344729	0.0283388	0.111298	0.0751224	0.0365134	0.0279101	0.204626	0.0570438
30	0.0488511	0.000913716	0.270774	0.378237	0.00200358	0.0466647	0.00862821	0.00325031	0.0512389	0.00834114	0.00811205	0.0101362	0.0113645	0.0305817	0.0408323	0.0433001	0.0172511	0.00871278	0.00107237	0.00973371
31	0.00977743	0.00124951	0.00243148	0.0256831	0.00263053	0.00717744	0.0154582	0.0147289	0.288953	0.0503385	0.0553778	0.00888305	0.00271337	0.00938838	0.468351	0.00840466	0.00511132	0.00831811	0.00169459	0.0133296
32	0.0135441	0.00399211	0.00163591	0.00163962	0.419398	0.00111881	0.0629842	0.0211148	0.00153597	0.0537499	0.0080923	0.00206049	0.00205482	0.00830718	0.0242247	0.0281658	0.0022657	0.0114311	0.0265001	0.306185
33	0.00987	0.0132365	0.0022336	0.003419	0.309414	0.00293639	0.0284147	0.0455998	0.015236	0.385833	0.0515258	0.00723852	0.00748081	0.00374001	0.0355938	0.0194108	0.00616268	0.0259418	0.00476734	0.0219449
34	0.0511477	0.0011083	0.0373039	0.0796116	0.000604372	0.0322461	0.0498691	0.0101705	0.216	0.0207505	0.00440484	0.0498275	0.000750551	0.0798831	0.287643	0.0336261	0.0311887	0.0122766	0.000857988	0.000730418
35	0.0537707	0.00164631	0.153615	0.0619227	0.0112216	0.202824	0.027804	0.00820162	0.0362714	0.0076093	0.00309236	0.0784487	0.0174339	0.0242579	0.0313524	0.186088	0.0769168	0.0110956	0.00142923	0.00499817
36	0.0386119	0.00136803	0.129583	0.101561	0.00713272	0.437672	0.0161554	0.0017614	0.0580229	0.00431983	0.0024031	0.0363732	0.00242249	0.0336006	0.0447544	0.0572098	0.0051183	0.0148897	0.00143789	0.00560254
37	0.00707364	0.00565447	0.00204772	0.0033583	0.230468	0.00273852	0.0462849	0.0251734	0.0284795	0.426978	0.0460894	0.00871761	0.00905021	0.0025089	0.0758353	0.0343896	0.00472351	0.00627527	0.00295521	0.0311987
38	0.0137685	0.00389875	0.001213	0.00134702	0.426012	0.00126144	0.060037	0.0215651	0.00149089	0.0546983	0.00812864	0.00182355	0.00205319	0.00789057	0.023629	0.0284705	0.00215408	0.0115675	0.0273153	0.301676
39	0.0399424	0.0110585	0.0506966	0.0256405	0.00966389	0.024214	0.0324116	0.0139232	0.0265813	0.0222122	0.00838002	0.145107	0.0165647	0.0207276	0.0315128	0.369173	0.121786	0.0184632	0.00302059	0.00892063
40	0.0311393	0.00159684	0.000685435	0.000726362	0.0111984	0.00376998	0.00210918	0.315478	0.000879693	0.0714725	0.0215281	0.00201146	0.000794134	0.000769465	0.00120319	0.00370656	0.0175976	0.512189	0.000300315	0.0008447
41	0.0272675	0.00690627	0.0124882	0.0166147	0.199351	0.0108662	0.148891	0.0202252	0.00917179	0.0373854	0.0109255	0.0141573	0.00600453	0.0157635	0.0290549	0.0345355	0.0158236	0.0280714	0.0137129	0.342784
42	0.0345629	0.00196851	0.000625734	0.000663101	0.0118143	0.00459907	0.0017418	0.259461	0.000826948	0.0783618	0.0226528	0.00223322	0.000754502	0.000677051	0.00109013	0.00412613	0.0217767	0.551025	0.000225771	0.000813084
43	0.0390797	0.00784519	0.0259886	0.0517644	0.0692043	0.0221628	0.199124	0.0230849	0.035816	0.058943	0.0198188	0.0316611	0.0111983	0.0502576	0.0621069	0.057041	0.0341525	0.0307246	0.0159218	0.154105
44	0.441118	0.0154824	0.00171473	0.00263978	0.00128331	0.0129552	0.00191682	0.00211413	0.00201408	0.017909	0.0145156	0.0113235	0.0384459	0.0077752	0.00309793	0.137076	0.253735	0.032859	0.000759164	0.0012648
45	0.0311856	0.00200793	0.0854068	0.0105547	0.00372255	0.00454178	0.153043	0.0320961	0.0281504	0.172272	0.0423776	0.0680589	0.0687689	0.0401522	0.0289853	0.137367	0.0558384	0.0270484	0.00417337	0.00424879
46	0.0474041	0.00467512	0.0184023	0.0700952	0.0163112	0.0214978	0.0720058	0.0186795	0.0201927	0.0844707	0.014523	0.117476	0.223946	0.0195602	0.0250479	0.0544372	0.0298959	0.0751604	0.0537605	0.0124583
47	0.0671663	0.00122449	0.156762	0.0376554	0.0184273	0.0864882	0.0283424	0.00665456	0.0174424	0.00577116	0.00249588	0.0794465	0.0155027	0.0106077	0.0199015	0.307551	0.129394	0.00578006	0.0012343	0.00215172
48	0.160792	0.00447595	0.0315466	0.00819041	0.00212143	0.0571608	0.00649082	0.00627151	0.0173753	0.0373455	0.00504984	0.0209901	0.37812	0.00598374	0.0402741	0.147157	0.015909	0.0380421	0.0139217	0.00278232
49	0.200052	0.00419097	0.00691608	0.0137641	0.00612391	0.0133941	0.00821661	0.103527	0.00777767	0.049886	0.0142708	0.00900882	0.223578	0.00731266	0.0137163	0.0357488	0.0160288	0.253141	0.00688301	0.00646428
50	0.0185756	0.00529335	0.0042164	0.0060007	0.336057	0.0042594	0.0386522	0.0480371	0.00847349	0.255556	0.0447624	0.00687222	0.00796385	0.00738583	0.0255523	0.0211611	0.00881344	0.0390829	0.0129304	0.100354
51	0.010021	0.00674525	0.00861409	0.0198913	0.107067	0.00215303	0.302806	0.00242598	0.00281952	0.0119575	0.00226942	0.00928945	0.00283852	0.0114607	0.012314	0.0188917	0.0036563	0.00862353	0.00188464	0.454271
52	0.0439621	0.00921534	0.0286819	0.056527	0.00230734	0.218041	0.0405287	0.00507716	0.142176	0.021755	0.00293772	0.0777229	0.0017742	0.054109	0.215208	0.047224	0.0194345	0.00788926	0.00290546	0.00252309
53	0.0198706	0.00107421	0.00822295	0.0249755	0.00162337	0.0152308	0.0294719	0.0082239	0.224345	0.0274915	0.0256793	0.0198097	0.00248014	0.0249404	0.516498	0.0152101	0.01334	0.0124561	0.00358136	0.00547544
54	0.0351831	0.00212815	0.018586	0.0970318	0.0297603	0.0166965	0.173409	0.0121194	0.0643155	0.0472091	0.0554348	0.0972427	0.00657205	0.0903516	0.0858509	0.0812623	0.027289	0.0155731	0.0040785	0.0399062
55	0.0320582	0.00163176	0.000836355	0.000736011	0.0114675	0.00403508	0.00233536	0.307452	0.000941993	0.0726312	0.0218316	0.00208306	0.000948972	0.00080516	0.00148847	0.00390035	0.018578	0.514822	0.000296818	0.0011197
56	0.144785	0.00341043	0.0340123	0.00510849	0.00156037	0.062513	0.00368491	0.00290225	0.0166194	0.0402853	0.00250206	0.0186844	0.425744	0.00324338	0.0453267	0.130752	0.00555416	0.0364033	0.0150217	0.0018868
57	0.0358797	0.00856377	0.0262441	0.0203462	0.00636602	0.0165375	0.0219317	0.00811149	0.0192417	0.0162283	0.00543006	0.0968415	0.0108648	0.00801921	0.0200093	0.43699	0.223082	0.0128347	0.00204123	0.00443648
58	0.0142499	0.00841359	0.00792187	0.00889876	0.00214453	0.00516026	0.00369662	0.00283491	0.00864029	0.0161377	0.00254134	0.0883288	0.0019389	0.00271894	0.0133778	0.543262	0.256747	0.00987049	0.00115002	0.00196591
59	0.00945882	0.00143608	0.0015396	0.00139531	0.0573433	0.00128915	0.0165878	0.209654	0.0032831	0.409278	0.139939	0.00354845	0.00310828	0.00822886	0.00680675	0.00498687	0.0166012	0.100113	0.000619122	0.0047829
60	0.0348136	0.0273203	0.00182027	0.00226799	0.0194964	0.0109421	0.00338684	0.193691	0.00231089	0.084222	0.0388291	0.00899209	0.00177533	0.0022389	0.00317116	0.00615901	0.0313743	0.524447	0.000798005	0.00194293
61	0.0600286	0.000815215	0.229872	0.361482	0.00140915	0.0600734	0.0105481	0.0039504	0.0539447	0.0114612	0.00758436	0.00936858	0.0133081	0.0428519	0.0421657	0.0509585	0.0217542	0.0119345	0.000785862	0.00570281
62	0.321588	0.00911158	0.0185119	0.0316113	0.0118224	0.0930368	0.0117618	0.0377599	0.0186172	0.0349442	0.0197879	0.0201571	0.0512897	0.013772	0.034688	0.0938406	0.0458756	0.10845	0.00972666	0.0136474
63	0.0465276	0.00372679	0.0711502	0.238047	0.0117465	0.0633875	0.0804309	0.0574245	0.0294463	0.0576736	0.0188839	0.034613	0.0111657	0.0615903	0.0265096	0.0281583	0.0477222	0.095308	0.00406334	0.0124243
64	0.0127842	0.000948563	0.00347277	0.0145695	0.00161894	0.0104596	0.0261196	0.00717195	0.2331	0.0280861	0.0294577	0.0137258	0.00186224	0.0166427	0.565105	0.0104462	0.00568882	0.0104269	0.00218547	0.00612719
65	0.0376525	0.00580425	0.0161139	0.033417	0.019053	0.0289896	0.0359967	0.0155385	0.15465	0.0403033	0.0230689	0.0264486	0.0198674	0.0303221	0.390626	0.0343753	0.0289567	0.0251395	0.0148752	0.0188015
66	0.0194107	0.00436369	0.00790637	0.00961972	0.0839066	0.00598477	0.0257487	0.096395	0.0127355	0.474368	0.0791606	0.0106291	0.0153961	0.00893053	0.0241696	0.0230661	0.0174204	0.0620755	0.00455518	0.0141574
67	0.0056893	0.00138462	0.00104738	0.00105893	0.0652531	0.000938724	0.0159199	0.173801	0.00178173	0.50133	0.102634	0.00303599	0.00147629	0.0037503	0.00539673	0.00327205	0.00855987	0.0987733	0.000536189	0.00436118
68	0.359508	0.00751635	0.0190202	0.0232122	0.00429805	0.0369107	0.0142032	0.0114748	0.0144833	0.0256366	0.0167957	0.0247348	0.0349825	0.00785031	0.0207447	0.245463	0.082196	0.0404967	0.00626917	0.00420385
69	0.0368597	0.00853037	0.0454405	0.0379307	0.107566	0.0217715	0.127771	0.016032	0.022941	0.0307219	0.0200833	0.119573	0.0121938	0.0578898	0.0400815	0.0893149	0.0274336	0.028568	0.00618308	0.143114
70	0.33563	0.0098324	0.0236757	0.0412912	0.0203948	0.0392689	0.0185788	0.0223455	0.0243334	0.0314574	0.0183495	0.0249766	0.0497828	0.0226984	0.0372908	0.116303	0.0869885	0.0537159	0.00651275	0.0165741
71	0.0156504	0.00302984	0.00543904	0.00577545	0.0701565	0.00352233	0.0179684	0.111514	0.00793574	0.492845	0.119721	0.00982302	0.00500704	0.00683358	0.0154531	0.0115941	0.0195683	0.067318	0.00118115	0.00966352
72	0.0698542	0.00343817	0.0153994	0.019016	0.0664578	0.0103511	0.0215022	0.0700252	0.018464	0.351753	0.12318	0.0130315	0.0108808	0.0167565	0.025495	0.03212	0.0435258	0.0671152	0.00457739	0.0170576
73	0.0526645	0.004161	0.188605	0.173939	0.00719532	0.0810636	0.0323086	0.0110918	0.0943789	0.0193321	0.0102246	0.046279	0.0154766	0.0480431	0.0849636	0.0641317	0.0338375	0.0185076	0.00292824	0.0108683
74	0.0510681	0.00350908	0.00446409	0.0256955	0.269515	0.022192	0.0454086	0.0927871	0.00708695	0.168748	0.00958449	0.00747718	0.0631498	0.0231817	0.0353784	0.0306576	0.0102067	0.0539776	0.0260992	0.0498125
75	0.187831	0.00178621	0.100505	0.0267406	0.00841042	0.0764156	0.0176783	0.00937017	0.015317	0.0172375	0.0100437	0.0612838	0.0289457	0.00502443	0.011489	0.321285	0.0785282	0.0121195	0.00742126	0.00256785
76	0.0656033	0.00748273	0.0580709	0.0488556	0.0260797	0.0428248	0.0433556	0.03715	0.0478478	0.0562707	0.0212137	0.158599	0.0392452	0.0339449	0.057789	0.112429	0.0644291	0.0444727	0.00779246	0.0265439
77	0.0863604	0.00162354	0.0559117	0.267113	0.00365006	0.00691768	0.107912	0.00984115	0.0280995	0.0200764	0.0297652	0.00808086	0.00793192	0.282167	0.0280733	0.0155027	0.0210487	0.0132237	0.00215569	0.00454518
78	0.020706	0.0022605	0.00622426	0.0124446	0.00471978	0.0165327	0.0825708	0.00757261	0.0857533	0.0630261	0.0103169	0.0123276	0.0045792	0.0365645	0.313459	0.0557769	0.0297521	0.0102981	0.219344	0.00577164
79	0.0470869	0.00515917	0.0118957	0.00980647	0.301876	0.0119714	0.0221463	0.0750589	0.00780706	0.136179	0.0353585	0.0140904	0.0109745	0.0104916	0.0158687	0.0272388	0.0297079	0.136281	0.00770691	0.0832948
80	0.0349759	0.00214967	0.000654095	0.000690765	0.0119766	0.00463916	0.00175786	0.256187	0.000854359	0.0780708	0.0228599	0.00234652	0.000767143	0.000697903	0.0011453	0.0041213	0.021843	0.553214	0.000231432	0.000816672
81	0.0288568	0.00599917	0.014791	0.0189377	0.0416213	0.0132738	0.0248299	0.15371	0.0166751	0.290005	0.0516622	0.12434	0.0136273	0.0177361	0.0300097	0.0470985	0.0312503	0.0553713	0.00593396	0.0142714
82	0.0366009	0.00320965	0.00102294	0.00112884	0.012724	0.00547209	0.00210035	0.241619	0.00108929	0.0812681	0.0237402	0.00322351	0.00143466	0.00114443	0.00183406	0.00489312	0.0220246	0.553984	0.000319768	0.00116687
83	0.0868827	0.20253	0.0238354	0.0161668	0.0193257	0.0314596	0.0183278	0.0197801	0.0167828	0.0421575	0.015298	0.0382713	0.0204685	0.0140323	0.0311618	0.252168	0.0812747	0.0450364	0.00869106	0.0163497
84	0.0519868	0.0014598	0.216303	0.336514	0.00472822	0.0528657	0.02457	0.00836641	0.0493033	0.0150457	0.0100449	0.0218044	0.0112021	0.0532555	0.0416062	0.0478534	0.0229911	0.0169239	0.0018659	0.0113104
85	0.425647	0.0135385	0.00210657	0.00279656	0.00152328	0.0122738	0.00265955	0.00215372	0.00226559	0.0176664	0.0148223	0.0113911	0.0334492	0.00698704	0.00359433	0.148291	0.261256	0.0352585	0.000778758	0.00154119
86	0.0490786	0.238871	0.0885427	0.0239573	0.015892	0.0354082	0.0237556	0.0259834	0.022297	0.0434511	0.020867	0.0342004	0.0168905	0.0190568	0.0396931	0.0893198	0.156871	0.0301963	0.00907625	0.0165919
87	0.031467	0.00160529	0.000686082	0.000720975	0.0112224	0.00384454	0.00209035	0.313647	0.000874597	0.0716598	0.02171	0.00200732	0.000795771	0.000758027	0.00119763	0.00372584	0.01786	0.512979	0.000300369	0.000847576
88	0.119616	0.00663123	0.0289656	0.0184016	0.0111773	0.0420407	0.020295	0.0116959	0.0289619	0.0403496	0.00797451	0.0292927	0.359059	0.0293401	0.0495694	0.0984152	0.0336025	0.0453936	0.0107079	0.00850977
89	0.00818517	0.00151591	0.00137421	0.00114115	0.0613538	0.00157178	0.0181602	0.225573	0.00133232	0.386033	0.0884651	0.00209444	0.00149795	0.003734	0.00506428	0.00320786	0.00651971	0.178273	0.00038283	0.00451948
90	0.0128421	0.00476255	0.00192032	0.00233031	0.361203	0.00124401	0.0804696	0.016238	0.00188573	0.0407183	0.00925657	0.00344835	0.00220075	0.0157847	0.0425318	0.0294436	0.00263753	0.00950546	0.0274181	0.334159
91	0.0668753	0.00102564	0.137704	0.0500474	0.00837377	0.120289	0.0327937	0.0113879	0.0445378	0.00955946	0.00285719	0.0962574	0.0412415	0.02408	0.0293355	0.2309	0.080032	0.00785467	0.00192788	0.0029199
92	0.0114035	0.00525765	0.00261092	0.00319641	0.255726	0.00334453	0.0274429	0.0772656	0.0107021	0.384985	0.0631279	0.00610306	0.00672612	0.00439679	0.0271548	0.0156691	0.00766995	0.0509401	0.00418859	0.0320892
93	0.013935	0.00223037	0.00636773	0.0263025	0.00430193	0.0415686	0.00855481	0.00541176	0.0644254	0.00961561	0.00510958	0.0933129	0.226301	0.00817329	0.0702889	0.18433	0.195138	0.00962369	0.00229092	0.022718
94	0.0937821	0.00170966	0.00518829	0.00415335	0.197757	0.00377233	0.00842371	0.137506	0.0046122	0.048518	0.00957643	0.0178027	0.00557594	0.00398172	0.00644258	0.0386851	0.0648945	0.207888	0.00146129	0.138269
95	0.0389874	0.00220068	0.000726237	0.000675929	0.0135709	0.00551695	0.00181402	0.2609	0.00098051	0.080416	0.0223685	0.00244663	0.000848006	0.000733241	0.00116191	0.00400657	0.0253657	0.535916	0.000226218	0.00113893
96	0.0105306	0.00672661	0.00881371	0.0204739	0.107728	0.00225207	0.30148	0.00270244	0.00387328	0.0128347	0.00261117	0.00977353	0.00328598	0.0125634	0.0129816	0.0189209	0.003996	0.00932761	0.00199001	0.447134
97	0.0586123	0.00045148	0.129008	0.0743699	0.00789257	0.0563678	0.0599298	0.0196685	0.0616575	0.0163397	0.00339529	0.119937	0.0241188	0.0530701	0.0642442	0.147607	0.0855321	0.011921	0.000374626	0.00550194
98	0.029052	0.00599536	0.00883484	0.0211006	0.0976349	0.00441051	0.278072	0.00838025	0.0071337	0.0197649	0.00670645	0.0115759	0.00549081	0.0180763	0.0184118	0.023643	0.0101121	0.0289531	0.00415102	0.392501
99	0.0025433	0.00141297	0.00129115	0.00105602	0.0719203	0.000825497	0.0170912	0.16428	0.00122074	0.533613	0.0949519	0.00248146	0.000916887	0.00345526	0.00535656	0.00230714	0.00342396	0.0867244	0.000487319	0.00464129
100	0.0427176	0.00086808	0.00230964	0.00323503	0.00235139	0.00254067	0.00320643	0.239796	0.0177818	0.0881446	0.262898	0.00881168	0.00985009	0.0140276	0.0141861	0.0306008	0.124637	0.124267	0.00109017	0.00668
101	0.0511652	0.00751378	0.0117805	0.0467876	0.00221496	0.201296	0.0465485	0.00492351	0.116745	0.0173299	0.00417245	0.139102	0.00252029	0.0489631	0.21026	0.0463012	0.0289516	0.00666519	0.00298396	0.00377545
102	0.0600677	0.00773224	0.0229224	0.0180274	0.00470373	0.0175134	0.0131703	0.00539979	0.0171389	0.0141953	0.00707346	0.0588308	0.0100757	0.0061344	0.0157613	0.396558	0.305429	0.0138565	0.00155708	0.00385193
103	0.0531468	0.00143254	0.00428589	0.0950233	0.00650138	0.00443334	0.336399	0.0197965	0.0432893	0.0554945	0.0415292	0.0302528	0.00328878	0.14555	0.0445548	0.0164619	0.0416694	0.0209566	0.00137605	0.0345581
104	0.0347804	0.0270908	0.0106132	0.00943636	0.00481129	0.00737277	0.00818884	0.00649042	0.00951191	0.0190122	0.00486558	0.0947018	0.00463091	0.00563623	0.0138668	0.526212	0.169726	0.0367808	0.00196669	0.00430516
105	0.0113888	0.00574069	0.00463909	0.00806706	0.306004	0.00153014	0.155798	0.0127074	0.00200112	0.0363357	0.00594078	0.00502266	0.00232042	0.0103194	0.0226658	0.0249298	0.00270174	0.00959142	0.0167488	0.355548
106	0.0341696	0.00193318	0.00065824	0.000657044	0.0116186	0.00440803	0.00177922	0.259877	0.000890112	0.0780067	0.0243908	0.00227278	0.000864963	0.00070251	0.00113315	0.00436419	0.0216515	0.54948	0.000233995	0.000908298
107	0.0736393	0.000759153	0.215955	0.332296	0.00186164	0.0783256	0.00283679	0.00223308	0.0571088	0.00806268	0.00835823	0.00950003	0.0156534	0.0403654	0.0492562	0.0678663	0.0217919	0.00926796	0.000812359	0.00405001
108	0.213928	0.0227347	0.00364814	0.00507191	0.00323783	0.00508272	0.00513597	0.00498613	0.00527922	0.042449	0.00465706	0.00778985	0.00385759	0.00471225	0.00695112	0.43735	0.0422207	0.175129	0.00180059	0.00397812
109	0.0912016	0.00190335	0.00523712	0.00394281	0.200802	0.00379137	0.00812026	0.136519	0.00459715	0.047186	0.00901222	0.018916	0.0054862	0.00389087	0.00667586	0.0374624	0.0633262	0.204738	0.00147779	0.145714
110	0.0896598	0.012774	0.124157	0.0358476	0.102611	0.0599354	0.0258463	0.0243999	0.0101797	0.0335583	0.0214679	0.0725508	0.025257	0.0392645	0.016786	0.0812277	0.0321837	0.0958667	0.00247851	0.093949
111	0.0504032	0.00147445	0.125218	0.259302	0.00545175	0.0289017	0.0710693	0.0353222	0.0353285	0.0592428	0.0314834	0.0289521	0.00371093	0.098394	0.0269468	0.014827	0.0520204	0.0627278	0.0019277	0.00729583
112	0.0611366	0.00049266	0.122177	0.0748954	0.00888357	0.0522556	0.0571002	0.0230368	0.0609018	0.0169025	0.00440273	0.112875	0.0448029	0.0540343	0.0651877	0.136237	0.0824973	0.0147012	0.000472038	0.00700808
113	0.0222452	0.00377558	0.0748711	0.0112553	0.00649066	0.236624	0.00969921	0.0315864	0.00998691	0.0124688	0.00657133	0.01777	0.00706349	0.00796128	0.0712105	0.335432	0.0899744	0.0364562	0.00277153	0.00578677
114	0.0897359	0.00178372	0.00770754	0.0112924	0.00657374	0.00659916	0.0343389	0.00485116	0.0928977	0.00889099	0.00434003	0.0193276	0.340406	0.0597353	0.13886	0.0442074	0.0344189	0.072249	0.00202322	0.0197605
115	0.0904621	0.0180279	0.0967412	0.014081	0.118234	0.0770794	0.0258879	0.0232492	0.00596103	0.0428669	0.0225274	0.0577307	0.0343238	0.0454075	0.0103615	0.0829428	0.0281482	0.10349	0.00252282	0.099954
116	0.307446	0.0575454	0.0121525	0.00777887	0.00351969	0.0762415	0.0067531	0.011654	0.00981581	0.0258424	0.0127413	0.0143578	0.126835	0.00709963	0.0199908	0.150683	0.0811802	0.0553555	0.00868124	0.00432562
117	0.0813322	0.00419159	0.0251025	0.0789174	0.00868563	0.0330953	0.0364754	0.0165452	0.0809605	0.113274	0.0124017	0.104528	0.0106679	0.0733855	0.200076	0.0478281	0.0342944	0.0202412	0.00680272	0.0111946
118	0.0541114	0.00119894	0.128012	0.107671	0.012847	0.298975	0.0252092	0.00837805	0.053877	0.00782218	0.00740169	0.058274	0.00683207	0.0447547	0.0484381	0.0723126	0.0271092	0.019157	0.0012361	0.0163817
119	0.0359408	0.00271785	0.0219251	0.0459435	0.00418208	0.0352512	0.0377733	0.0105316	0.19532	0.0268601	0.015874	0.0493148	0.00537727	0.0455819	0.382468	0.0317397	0.0289515	0.015315	0.00406454	0.00486754
120	0.0385551	0.00722643	0.0145562	0.0140168	0.240753	0.0148517	0.0821159	0.0363306	0.00861904	0.0804593	0.0180683	0.0149775	0.0430092	0.0181662	0.0283192	0.0358499	0.0192365	0.0483075	0.014612	0.22197
121	0.0100604	0.0187058	0.145617	0.00744439	0.00518782	0.00513372	0.0756715	0.00550238	0.0447714	0.0269944	0.00534317	0.326457	0.0382499	0.0564049	0.0605732	0.126195	0.00997182	0.00703426	0.0016739	0.023008
122	0.0510854	0.00156271	0.0346352	0.0755388	0.000587186	0.0432144	0.0514705	0.0105309	0.206626	0.020926	0.00391724	0.0540649	0.000701503	0.0764086	0.28808	0.0348181	0.0313846	0.0124856	0.00126307	0.000699524
123	0.0234587	0.00650009	0.0478471	0.0113368	0.0223204	0.00903853	0.0222756	0.0394398	0.0130989	0.389756	0.158071	0.0154616	0.011084	0.0143064	0.0205447	0.0292193	0.12843	0.0258569	0.00303172	0.00892159
124	0.180814	0.00136079	0.00297812	0.0900015	0.0248717	0.0462744	0.0393333	0.00358762	0.0703502	0.116341	0.0295957	0.0110947	0.00445413	0.0504557	0.100529	0.126208	0.035931	0.00809108	0.028686	0.0290423
125	0.0824806	0.0050658	0.0370054	0.0245625	0.00892949	0.0386911	0.0270028	0.0135133	0.0314465	0.0391724	0.00925245	0.0906369	0.316276	0.0294451	0.0458234	0.0960425	0.0413156	0.0383098	0.0130549	0.0119736
126	0.044845	0.00128002	0.102536	0.272787	0.00459373	0.0374319	0.077077	0.0414107	0.0288155	0.0735568	0.0200662	0.0316978	0.00273247	0.0870523	0.0161347	0.00901009	0.0595303	0.0819382	0.00142736	0.00607716
127	0.0376864	0.00141675	0.121237	0.308858	0.00315376	0.010941	0.112333	0.0116348	0.0578882	0.0211411	0.0164881	0.00893784	0.00364907	0.213454	0.0163407	0.010704	0.0175411	0.0198924	0.00153428	0.00516817
128	0.0237941	0.00642959	0.00383581	0.00764086	0.314299	0.00694529	0.0384144	0.0335153	0.00917737	0.209805	0.0240279	0.00727902	0.0132065	0.0100393	0.0283246	0.0269445	0.0111578	0.0273558	0.0617242	0.136084
129	0.0227847	0.00177242	0.00902406	0.0234671	0.00598381	0.0158881	0.054651	0.00862145	0.177141	0.0330386	0.0342622	0.0249255	0.00517872	0.0257511	0.468837	0.0387141	0.0170995	0.0140509	0.0111614	0.0076464
130	0.0492535	0.00525046	0.0362959	0.0603225	0.0198396	0.0393056	0.0397474	0.0199887	0.180199	0.0463535	0.0173756	0.0383667	0.0212544	0.0416231	0.212022	0.059237	0.054451	0.0314401	0.00819714	0.0194769
131	0.18308	0.009556	0.059658	0.0624101	0.0116417	0.188062	0.0183474	0.016576	0.0437871	0.0268879	0.0141627	0.0348354	0.0444813	0.0256215	0.0610853	0.099583	0.0436185	0.0323093	0.00875392	0.0155433
132	0.241472	0.00186079	0.0284199	0.0536035	0.00265912	0.0542414	0.0141394	0.00843947	0.0264842	0.0269444	0.0156978	0.043794	0.0371583	0.00955894	0.0378015	0.292271	0.0627182	0.0198892	0.0189156	0.00393237
133	0.056779	0.00434143	0.0397419	0.157649	0.0163489	0.0208462	0.0563199	0.0236497	0.0376322	0.12852	0.0251083	0.0271239	0.0161962	0.157653	0.0420043	0.0371313	0.0894547	0.0437545	0.00678786	0.0129571
134	0.053408	0.0101293	0.0157752	0.0224567	0.0800151	0.0258832	0.054523	0.0234269	0.0369191	0.0732347	0.0165246	0.0244156	0.0325764	0.0262593	0.104425	0.0624466	0.0350895	0.0335807	0.215964	0.0529468
135	0.0234766	0.00217047	0.0020683	0.00293671	0.166904	0.00225685	0.0151083	0.112428	0.00720967	0.388092	0.112737	0.00383619	0.00384649	0.00416161	0.0129207	0.00665703	0.0157867	0.0956509	0.00221125	0.0195409
136	0.125768	0.00233044	0.0576059	0.224882	0.00622115	0.027559	0.0462727	0.0124246	0.0328529	0.0264444	0.0155475	0.0238176	0.0134071	0.177868	0.0426172	0.0750232	0.0573408	0.0200581	0.00398564	0.00797321
137	0.0504885	0.000751372	0.00196778	0.00207582	0.00266949	0.00197264	0.00294986	0.231876	0.0128522	0.121214	0.23925	0.00944529	0.0135792	0.00737066	0.00769605	0.0193622	0.0912039	0.173688	0.000695039	0.00889208
138	0.0574627	0.000599102	0.130154	0.0731604	0.0076768	0.0558363	0.0601919	0.0190761	0.0610355	0.0159345	0.00323774	0.122393	0.0240711	0.0524379	0.0631468	0.150848	0.0857345	0.0113431	0.000375719	0.00528403
139	0.0360603	0.00388971	0.0182207	0.036023	0.00916782	0.0250759	0.0376701	0.0133189	0.163007	0.0391748	0.0221864	0.0260787	0.0143418	0.0332903	0.412354	0.0353486	0.0250161	0.0211734	0.0174091	0.0111933
140	0.0777508	0.000675066	0.207494	0.339684	0.000996202	0.0699099	0.00179677	0.00180911	0.0642864	0.00873419	0.00655445	0.0077692	0.0179533	0.0386194	0.0543238	0.0648443	0.0244097	0.00894231	0.000664643	0.00278317
141	0.0206295	0.00176533	0.00416818	0.00220588	0.0395346	0.00301893	0.0361862	0.237674	0.00309238	0.245022	0.0473659	0.00377734	0.00445129	0.00325284	0.00601915	0.00858955	0.0135707	0.307348	0.000814153	0.0115136
142	0.354868	0.00683363	0.0290064	0.0471803	0.00751005	0.108354	0.0135558	0.0170779	0.0297573	0.0247289	0.0168719	0.0233421	0.0300575	0.0177972	0.0456893	0.120964	0.0542595	0.0366722	0.00712527	0.00834849
143	0.0381141	0.00213649	0.000736106	0.000657411	0.0129233	0.0054687	0.00193081	0.263066	0.000842979	0.0821847	0.0227015	0.00230794	0.000767625	0.000724703	0.00124283	0.00380501	0.0249118	0.53425	0.000210426	0.00101771
144	0.0777274	0.00154113	0.107202	0.119548	0.0305486	0.0470126	0.0462679	0.0284721	0.030145	0.0143827	0.0203637	0.0853037	0.0108529	0.06811	0.0685276	0.0855087	0.0753118	0.0437792	0.000556314	0.0388382
145	0.031868	0.00163276	0.000677133	0.000724634	0.0115159	0.00395963	0.00198368	0.307911	0.000846061	0.0729255	0.021469	0.00201447	0.000769441	0.000754279	0.00116983	0.00373157	0.0184477	0.5165	0.000256099	0.000843471
146	0.0311077	0.00159004	0.000700769	0.000709359	0.0110586	0.00372775	0.00209938	0.297775	0.000864126	0.0723954	0.0217559	0.00194972	0.00078813	0.000757001	0.00116572	0.00391808	0.0178684	0.528649	0.000254068	0.000865561
147	0.278613	0.00107227	0.00282346	0.0836802	0.00363846	0.0796104	0.00535265	0.00377571	0.0679715	0.0159609	0.00599022	0.0285246	0.0153636	0.0287314	0.118183	0.14727	0.0701569	0.0224233	0.0112358	0.00962278
148	0.0487289	0.00118452	0.254386	0.359833	0.00298895	0.0486467	0.0172572	0.00553051	0.047553	0.0118025	0.00979258	0.0139167	0.0105192	0.0426784	0.0369496	0.0418136	0.0198551	0.0140556	0.0009227	0.0115851
149	0.0808283	0.000623496	0.0579253	0.0940646	0.0172129	0.0460134	0.0396959	0.0271163	0.0619915	0.0166874	0.0171571	0.0730629	0.0101436	0.0571559	0.106968	0.0876534	0.137723	0.0450598	0.000946868	0.0219698
150	0.0619091	0.000587406	0.00335532	0.057875	0.00273677	0.0120163	0.0130646	0.0361221	0.218109	0.0442936	0.0125342	0.0248797	0.00234913	0.0270659	0.152677	0.0485385	0.216452	0.055398	0.00078168	0.00925452
151	0.01514	0.0105306	0.00299008	0.00383265	0.368584	0.00216141	0.0707127	0.0262041	0.00249453	0.0519871	0.00949908	0.0043686	0.00395741	0.0111973	0.035008	0.027975	0.00397977	0.0139303	0.0238902	0.311557
152	0.0102458	0.00695086	0.00915002	0.0197222	0.107407	0.00221615	0.303384	0.002466	0.0028767	0.012288	0.00230387	0.00976686	0.0028601	0.0114242	0.012263	0.0202888	0.00407153	0.00882868	0.00190166	0.449584
153	0.0911861	0.00121672	0.0345889	0.0323626	0.0158106	0.0151863	0.0529427	0.0078127	0.0549936	0.00976001	0.00403787	0.0631964	0.300057	0.0699998	0.0610709	0.0809029	0.0587006	0.0355742	0.00172026	0.00887957
154	0.014931	0.00337388	0.00653316	0.00772101	0.00582542	0.00645918	0.00940793	0.189257	0.102873	0.196615	0.00774495	0.0110564	0.00575151	0.00781495	0.10679	0.0166688	0.039197	0.253666	0.00214467	0.0061692
155	0.02947	0.00393178	0.00418248	0.00541207	0.288369	0.00496127	0.019218	0.0912189	0.00689001	0.25509	0.0552552	0.005591	0.00780819	0.00591059	0.0148362	0.0144115	0.0184201	0.111519	0.00621659	0.0512883
156	0.0510142	0.00112207	0.0372609	0.0794552	0.000591016	0.0328452	0.0499233	0.0102288	0.215216	0.0208686	0.00430367	0.0499638	0.00074785	0.0796484	0.28796	0.033707	0.0311944	0.0123473	0.000881544	0.000721485
157	0.0510318	0.00116176	0.0391085	0.0812398	0.000609743	0.0311375	0.0499042	0.01005	0.216091	0.0205676	0.00436981	0.0496317	0.000771198	0.0813092	0.285219	0.0329631	0.0309509	0.012221	0.000818927	0.00084289
158	0.0100645	0.0131208	0.0263824	0.0224472	0.141884	0.00307442	0.281969	0.00463615	0.00351669	0.027354	0.00389537	0.0165965	0.00351649	0.0112069	0.0130611	0.0267602	0.00522362	0.00880889	0.00308587	0.373396
159	0.055534	0.221294	0.0286423	0.0283495	0.0117376	0.129265	0.0248375	0.0205815	0.0462725	0.0382092	0.014072	0.0402408	0.0226581	0.0281763	0.128873	0.0682657	0.0416027	0.0282406	0.00961456	0.0135323
160	0.0499642	0.000586014	0.0269378	0.066151	0.000852175	0.0236059	0.0377009	0.0186542	0.234436	0.0284267	0.00637936	0.0382928	0.000866244	0.0629095	0.257126	0.0350683	0.0845322	0.0242277	0.000542929	0.00274026
161	0.143699	0.00400307	0.0383169	0.0054426	0.00150239	0.0748283	0.00325041	0.00386777	0.0155702	0.0402877	0.00299746	0.022559	0.405757	0.00241529	0.044513	0.12856	0.00528267	0.0359213	0.0178249	0.00340125
162	0.0341448	0.184702	0.0159302	0.0155857	0.0539696	0.0198445	0.0197461	0.120888	0.0167048	0.198287	0.0378804	0.0191518	0.0142796	0.0135063	0.0332051	0.0394465	0.034642	0.10048	0.00688389	0.0207228
163	0.0888953	0.00242109	0.00666718	0.00441157	0.215868	0.00532078	0.00861356	0.0993755	0.00733283	0.0802517	0.0244339	0.015792	0.00611887	0.00528685	0.00987537	0.0305745	0.066041	0.191728	0.00189646	0.129095
164	0.291503	0.00567967	0.0132514	0.0145762	0.00264505	0.0427943	0.00795465	0.0517628	0.00817528	0.0421084	0.0431104	0.0196371	0.0984697	0.00421797	0.0122851	0.183901	0.0465783	0.0833344	0.0213952	0.00661968
165	0.054561	0.00104193	0.236408	0.290572	0.00460071	0.115116	0.0125331	0.00430988	0.0510026	0.00966228	0.00843463	0.0216003	0.0116541	0.036946	0.0422735	0.0547219	0.0209351	0.0132824	0.00108941	0.00925535
166	0.0580845	0.00631464	0.0877303	0.231003	0.0149221	0.0473638	0.0431849	0.0294791	0.0427068	0.045421	0.0210917	0.0354396	0.0204535	0.0572793	0.042834	0.0525237	0.0483796	0.0920388	0.00638559	0.0173645
167	0.0606576	0.00159884	0.0604821	0.246333	0.00574231	0.0119101	0.139913	0.0134527	0.0387455	0.0277333	0.0232003	0.0163679	0.00740956	0.241392	0.0293621	0.0193599	0.0258111	0.0189829	0.00222219	0.00932342
168	0.0135314	0.00550791	0.00303339	0.00347758	0.354035	0.00176888	0.0845944	0.01788	0.00265646	0.0499339	0.00973969	0.00406425	0.00333421	0.0134316	0.0405091	0.0279771	0.00314701	0.0116754	0.0239938	0.325709
169	0.00949716	0.00152383	0.00245029	0.00132509	0.0748915	0.00146029	0.0210296	0.220853	0.00165669	0.377415	0.0860617	0.00281422	0.0027053	0.00366875	0.00558881	0.00554027	0.00711988	0.164089	0.000461574	0.0098488
170	0.0749796	0.00393399	0.0138296	0.0481922	0.0075061	0.0108685	0.0683968	0.0115996	0.0163188	0.0649839	0.0140002	0.015152	0.116352	0.436346	0.0209754	0.0250807	0.0226	0.0159081	0.00443513	0.00854113
171	0.0642941	0.00964615	0.0400285	0.0546339	0.0235141	0.0255105	0.119265	0.0257295	0.0460372	0.0463163	0.0204945	0.054526	0.0229076	0.044308	0.0634696	0.108667	0.15196	0.0368265	0.0169563	0.0249089
172	0.0698907	0.00335847	0.00404001	0.00625197	0.31996	0.00561411	0.0100976	0.0180506	0.0131501	0.182663	0.0804917	0.00680088	0.00786201	0.00575367	0.025711	0.0148179	0.0398551	0.108373	0.00589562	0.0713617
173	0.00321294	0.00144256	0.00153172	0.0011332	0.0755724	0.000995544	0.0200453	0.185314	0.00139693	0.477251	0.104736	0.00263379	0.00123039	0.00388382	0.00609892	0.00264408	0.00419725	0.101422	0.000454896	0.00480468
174	0.0667898	0.00184853	0.00418769	0.00562559	0.0406163	0.00458208	0.206534	0.00527047	0.0407079	0.00849019	0.00469183	0.0976357	0.00382938	0.00567657	0.0245693	0.305867	0.143124	0.00690235	0.00171057	0.0213404
175	0.0241429	0.00428596	0.00705798	0.0111086	0.0116991	0.00829732	0.0115132	0.346573	0.0119293	0.0993133	0.0351239	0.103018	0.00798577	0.00948003	0.0173683	0.101844	0.0576436	0.117369	0.00294953	0.011298
176	0.643483	0.00339429	0.00333955	0.0256882	0.00171335	0.0290812	0.00335297	0.00797561	0.00677572	0.0128636	0.019439	0.00662822	0.0105701	0.00466528	0.0128577	0.114929	0.0684862	0.0211907	0.00151802	0.00204848
177	0.0391977	0.00356901	0.0590176	0.0991305	0.020216	0.153113	0.0328554	0.0120537	0.062917	0.0221793	0.0470285	0.166969	0.00882611	0.0623533	0.0448617	0.0480803	0.0292057	0.0282717	0.00384517	0.0563093
178	0.072817	0.00577616	0.0320631	0.0445465	0.00895753	0.0413997	0.0352428	0.0171032	0.0772607	0.0303363	0.0144431	0.0514082	0.0206376	0.0315107	0.142672	0.172762	0.152483	0.0261461	0.0124108	0.0100232
179	0.00960768	0.00267548	0.0105078	0.0115923	0.00249433	0.014828	0.00471706	0.00360617	0.0111624	0.00848823	0.00418598	0.0382175	0.00251917	0.00348969	0.00894411	0.399856	0.452668	0.00637986	0.00136004	0.00269964
180	0.0370642	0.00194772	0.000750383	0.000638737	0.0128252	0.00519117	0.0019972	0.264674	0.000842823	0.0823268	0.02228	0.00227849	0.000797744	0.000702065	0.00118366	0.00388377	0.0239934	0.535376	0.000198866	0.00104701
181	0.059253	0.00888498	0.0166367	0.0156264	0.0132069	0.014523	0.0156939	0.0885434	0.0229025	0.0746732	0.218612	0.0204399	0.0158041	0.0176824	0.02406	0.103407	0.18804	0.0626879	0.00549339	0.0138294
182	0.0142412	0.00434342	0.00197553	0.00272377	0.358562	0.00123008	0.0846424	0.0165023	0.00165156	0.0445737	0.00815154	0.00261944	0.00233725	0.0120732	0.0345385	0.0271989	0.00220163	0.0100718	0.0283328	0.342029
183	0.412731	0.0128322	0.00240012	0.00366727	0.00208075	0.010701	0.00328683	0.00304859	0.00368893	0.0192707	0.0196697	0.00987772	0.0302867	0.00738196	0.00431753	0.118491	0.277367	0.0557308	0.00116202	0.00200747
184	0.0373513	0.00337042	0.220417	0.173308	0.0251229	0.0397559	0.0229844	0.0145089	0.0236801	0.019283	0.0433075	0.132039	0.00917195	0.0348201	0.0279956	0.0383295	0.0292962	0.0340576	0.00349187	0.0677089
185	0.0475125	0.00779603	0.0161491	0.0229231	0.0689869	0.0315612	0.051384	0.0241914	0.0382133	0.0685849	0.0177434	0.0238978	0.0337201	0.0308361	0.111821	0.0706744	0.0357821	0.033663	0.215711	0.0488482
186	0.147306	0.00388664	0.0352454	0.0041781	0.00134645	0.0653595	0.00272754	0.00223192	0.0158779	0.0392961	0.00202617	0.0177972	0.429575	0.0023212	0.0442322	0.131664	0.00357335	0.0339404	0.0156973	0.00171793
187	0.0610223	0.00595964	0.0308674	0.0224288	0.0222631	0.0221075	0.145005	0.0123603	0.0337594	0.0240224	0.0112482	0.0723703	0.0167966	0.0170897	0.0314502	0.292136	0.143278	0.0165746	0.0037741	0.0154866
188	0.108935	0.00564415	0.0285531	0.0220157	0.01263	0.0404373	0.0207272	0.0181066	0.0291147	0.0444352	0.0130291	0.0336	0.343279	0.0239809	0.0481761	0.102419	0.0360533	0.047176	0.0113776	0.0103097
189	0.303574	0.00149774	0.00343247	0.0655642	0.00360532	0.0703244	0.00655629	0.00795778	0.0601671	0.020084	0.00814051	0.0232992	0.0165708	0.027062	0.115373	0.111389	0.10624	0.0337831	0.00767028	0.00770885
190	0.0599861	0.000603432	0.0042036	0.0582269	0.00288558	0.0167507	0.0133227	0.033526	0.197315	0.0383603	0.0172406	0.0269864	0.00229704	0.0263059	0.164044	0.0525076	0.231896	0.0441266	0.000853031	0.00856272
191	0.0128872	0.0044893	0.00317642	0.00296464	0.397209	0.00118076	0.0856501	0.0181356	0.00156239	0.0512777	0.00736952	0.00261403	0.00204803	0.00831774	0.0239705	0.0270117	0.00228451	0.0108239	0.0240397	0.312988
192	0.101687	0.0035121	0.0323033	0.0076009	0.00816306	0.217787	0.00831161	0.0796011	0.00759712	0.0381752	0.0365831	0.0334789	0.035475	0.0087091	0.0672648	0.0465677	0.0621424	0.0721708	0.0537812	0.0790881
193	0.26124	0.00152424	0.0027132	0.0801376	0.00401864	0.0797727	0.00617039	0.00367195	0.0718226	0.0177877	0.00557193	0.0319432	0.018144	0.0305542	0.14322	0.133603	0.0557642	0.0238976	0.0147338	0.0137089
