242	20
1	0.215952	0.026034	0.00173835	0.00093736	0.0125869	0.012782	0.00094197	0.160944	0.0022767	0.151236	0.0485366	0.00455046	0.00107395	0.00293219	0.00199843	0.0272746	0.0602711	0.260198	0.00229725	0.00543873
2	0.0235519	0.00635794	0.00117571	0.0147828	0.0165918	0.00165891	0.00117244	0.182949	0.00492101	0.512456	0.0483557	0.00116476	0.00215723	0.00750832	0.00905176	0.00544839	0.00625341	0.14403	0.00838481	0.00202873
3	0.165374	0.000380814	0.156885	0.270018	0.00214992	0.0132098	0.0133921	0.00509551	0.0894384	0.00686149	0.00067661	0.0296919	0.00266985	0.06318	0.0671564	0.0521867	0.0468342	0.0125062	0.00186264	0.000430353
4	0.0556346	0.00226829	0.00302754	0.0617168	0.0482571	0.00392667	0.0550655	0.0586687	0.0534178	0.23272	0.0392221	0.00657201	0.00093768	0.0559925	0.140482	0.035046	0.016179	0.0610029	0.0125082	0.0573549
5	0.374565	0.0389504	0.00502816	0.00139619	0.012628	0.0409977	0.00199444	0.0970888	0.00356422	0.0718563	0.0170334	0.00685129	0.0188418	0.0120835	0.00392531	0.0613082	0.0514402	0.163548	0.0072628	0.0096366
6	0.0670318	0.00492541	0.010112	0.0369195	0.0019333	0.0115849	0.0198908	0.0235241	0.306525	0.0569993	0.00468314	0.0145348	0.000774366	0.074557	0.309837	0.0140069	0.026162	0.0123453	0.000369022	0.00328448
7	0.121274	0.00782071	0.015995	0.0319001	0.0154029	0.0195396	0.0260296	0.0544056	0.1646	0.169182	0.0219886	0.0227879	0.00776103	0.0730289	0.129455	0.0203622	0.0151761	0.0676991	0.00139179	0.0142004
8	0.0774844	0.00370324	0.0595964	0.0389402	0.00433014	0.368934	0.0368037	0.0069941	0.062506	0.0094261	0.00480764	0.0808384	0.0031525	0.0329728	0.0520744	0.114656	0.0215734	0.0062063	0.0013237	0.013676
9	0.477559	0.052152	0.00809368	0.00198952	0.00807446	0.0552573	0.0015253	0.0402417	0.00213517	0.03527	0.00517171	0.00976165	0.0227038	0.0129028	0.00288196	0.0694716	0.0382692	0.131875	0.0090331	0.0156308
10	0.0606055	0.0276792	0.249454	0.120617	0.00351885	0.0170777	0.00332287	0.0166737	0.00389757	0.00629979	0.00315785	0.0417137	0.00208711	0.055286	0.0301313	0.0398904	0.296527	0.00538643	0.00115977	0.0155144
11	0.119435	0.00157664	0.145753	0.145445	0.00361529	0.125373	0.0272056	0.00418909	0.0262659	0.0367414	0.0130728	0.0294365	0.00620908	0.133582	0.0123792	0.140438	0.0209541	0.00502144	0.000965527	0.00234114
12	0.496373	0.0680192	0.00543213	0.00203665	0.0129528	0.0517345	0.00179701	0.0334342	0.00235846	0.0376428	0.00752882	0.00600024	0.00606808	0.00819722	0.0036357	0.0740259	0.0225067	0.118241	0.0165987	0.0254169
13	0.141524	0.000455317	0.153347	0.308227	0.0033132	0.0141314	0.0108823	0.00568543	0.0911438	0.00663688	0.00124261	0.0243883	0.00213391	0.0630052	0.0675931	0.0485727	0.0412849	0.0132277	0.00234386	0.000861706
14	0.121154	0.0208747	0.000479168	0.00061163	0.00737996	0.00452232	0.000432456	0.19979	0.00121118	0.153903	0.0234566	0.0069899	0.000996241	0.00316225	0.00165076	0.00566422	0.0413622	0.403265	0.0006516	0.00244232
15	0.0928669	0.00204416	0.0653204	0.0941519	0.006467	0.129449	0.0238218	0.0119841	0.0441215	0.0138688	0.00880653	0.057347	0.00694358	0.0551193	0.0421038	0.261598	0.0689973	0.0105062	0.000686647	0.00379647
16	0.0515637	0.00176874	0.0125248	0.0512958	0.0407865	0.0032048	0.0596412	0.108464	0.0168249	0.1983	0.0214718	0.0284303	0.00108074	0.0606469	0.0546778	0.0516398	0.0794599	0.108887	0.00252552	0.0468048
17	0.085057	0.000467238	0.0455725	0.0626096	0.0109033	0.154986	0.00800197	0.00520481	0.0214183	0.0118478	0.0108584	0.0429733	0.0031474	0.0196936	0.0200128	0.406248	0.0756086	0.00989916	0.00015465	0.00533489
18	0.100431	0.0199583	0.000419327	0.000488296	0.00788398	0.00409695	0.000371941	0.203422	0.00113986	0.160245	0.0232792	0.00746681	0.000919459	0.00326525	0.00155578	0.00555248	0.0394077	0.417518	0.000655364	0.00192329
19	0.0857479	0.000625679	0.0471732	0.0667136	0.0103433	0.149592	0.00910538	0.00576818	0.0238718	0.0122506	0.0104973	0.0448903	0.00344498	0.0217264	0.0217338	0.395174	0.0758395	0.0100673	0.000213702	0.00522135
20	0.126774	0.0150154	0.00812993	0.00194123	0.034944	0.0227901	0.0121007	0.181611	0.0157633	0.10145	0.0353991	0.00317082	0.00127673	0.011094	0.0222585	0.0543555	0.0487442	0.264766	0.0257586	0.012656
21	0.0673286	0.00575142	0.00685309	0.0683275	0.0462231	0.00483337	0.0660519	0.0388918	0.0674085	0.171244	0.0266788	0.00631846	0.0052763	0.0655862	0.169404	0.0559918	0.0202315	0.0400915	0.00831012	0.0591978
22	0.0224097	0.00213012	0.135785	0.063807	0.0299847	0.0416296	0.0438235	0.00379617	0.111212	0.0770193	0.117186	0.105046	0.00211674	0.135326	0.0300061	0.0101521	0.0182476	0.00485359	0.000987847	0.0444813
23	0.0366598	0.0214993	0.00657277	0.0407807	0.0143953	0.513238	0.0163232	0.00371678	0.066399	0.0270232	0.0150799	0.0421574	0.00150121	0.0679294	0.0833865	0.0261705	0.006232	0.00567479	0.00236637	0.00289397
24	0.0723087	0.00415945	0.0644131	0.216624	0.00453396	0.0102514	0.0145433	0.0238422	0.139931	0.023746	0.00754443	0.0305093	0.00597197	0.10224	0.151543	0.0441171	0.0522454	0.0233686	0.000805787	0.00730087
25	0.0239462	0.00151254	0.00170055	0.010194	0.00322652	0.00249035	0.00852867	0.194155	0.0030617	0.277731	0.0458995	0.00321746	0.0449192	0.00294774	0.0044975	0.0140537	0.0758669	0.279298	0.000868285	0.00188554
26	0.0216675	0.000675043	0.401807	0.312554	0.00180244	0.014915	0.00996178	0.00161954	0.022812	0.0123265	0.00387823	0.0516014	0.000829111	0.0614945	0.0185265	0.0320399	0.0236763	0.00319242	0.000362306	0.00425769
27	0.0982233	0.00741248	0.0498275	0.111332	0.00064954	0.0378807	0.0444847	0.0267846	0.0851828	0.0250781	0.00932517	0.0796123	0.00651738	0.0932402	0.0718645	0.142587	0.0859876	0.017228	0.00202923	0.00475274
28	0.087313	0.0114375	0.00323979	0.00225068	0.0187343	0.00691155	0.00346988	0.214362	0.00831601	0.186232	0.0355839	0.00808739	0.0057068	0.00457455	0.0158743	0.0252384	0.0463274	0.305817	0.00620747	0.00431505
29	0.095638	0.0076309	0.0477246	0.109981	0.000624238	0.036876	0.0443523	0.0275511	0.0863937	0.0255729	0.00958887	0.0793549	0.00656669	0.0939442	0.0739549	0.142665	0.0866252	0.0179425	0.00207949	0.00493372
30	0.0861263	0.0195457	0.0216056	0.117439	0.0526804	0.00603779	0.0724555	0.00481044	0.0133294	0.0524637	0.00465703	0.00505638	0.0220144	0.117845	0.149412	0.134055	0.0435662	0.00641107	0.00125126	0.0692375
31	0.0921248	0.000689844	0.0453563	0.0494386	0.0126579	0.223453	0.00763545	0.00468046	0.0197669	0.0109014	0.00991273	0.0372217	0.00279979	0.0166328	0.0187832	0.359733	0.0729555	0.0107129	0.000188377	0.00435558
32	0.0111945	0.00110618	0.000605277	0.00236611	0.0391844	0.00105008	0.000909113	0.333805	0.00125209	0.321486	0.0446987	0.000795715	0.00332853	0.00229835	0.00369144	0.00208502	0.00253726	0.211474	0.0121921	0.00393992
33	0.107762	0.00446095	0.0329066	0.0316425	0.00385623	0.0366028	0.032281	0.019781	0.0284281	0.0125943	0.00632486	0.0826191	0.00380158	0.0425056	0.136515	0.260042	0.126779	0.0159808	0.00442501	0.0106927
34	0.100223	0.0199183	0.000553341	0.000608671	0.0078491	0.00406198	0.00054694	0.201768	0.00119611	0.163642	0.0231306	0.00750748	0.00131804	0.00332112	0.00166213	0.00583653	0.0402122	0.41397	0.000681255	0.00199278
35	0.0115811	0.00131664	0.00124864	0.00351418	0.31302	0.00194228	0.000875123	0.10741	0.00106034	0.318888	0.0461711	0.000902306	0.00295696	0.00441569	0.00489485	0.00217048	0.00580844	0.06982	0.0185362	0.0834686
36	0.139691	0.00944373	0.003438	0.00316981	0.0430294	0.00858449	0.00330962	0.164898	0.00487102	0.0468335	0.00739062	0.00489963	0.0170547	0.00600833	0.00551747	0.136462	0.153084	0.225477	0.00361495	0.0132232
37	0.152749	0.0304843	0.0396438	0.0086271	0.144842	0.121511	0.0395459	0.0327058	0.00787473	0.0129841	0.0129083	0.0332407	0.00426309	0.0088513	0.00993172	0.16195	0.0398916	0.010112	0.0104735	0.11741
38	0.0757277	0.0364822	0.00241352	0.00271584	0.0238987	0.0454837	0.00219284	0.0507549	0.0030702	0.0466515	0.00801101	0.00771986	0.00188187	0.0118747	0.00422819	0.242128	0.40669	0.0207096	0.00519273	0.0021732
39	0.132512	0.00225343	0.0244511	0.010043	0.00194486	0.0199197	0.00875266	0.00386352	0.0111283	0.00500469	0.00320448	0.155427	0.0011496	0.0104573	0.0231431	0.338482	0.208866	0.0224919	0.00662113	0.0102846
40	0.0873831	0.0101731	0.248663	0.131393	0.00188759	0.0257664	0.0361696	0.00909927	0.0427843	0.0214633	0.0102754	0.0697587	0.0273146	0.0356972	0.0423562	0.110027	0.0475298	0.0326385	0.00100032	0.00862044
41	0.0221952	0.00286043	0.0121105	0.00198515	0.154214	0.00529452	0.00943343	0.0666567	0.00378401	0.490239	0.0817526	0.00570001	0.0191225	0.00384167	0.011864	0.014774	0.0317312	0.0430607	0.00303148	0.0163485
42	0.307581	0.038332	0.00242722	0.00176838	0.0253701	0.0327664	0.0014546	0.0911744	0.00284622	0.148048	0.0951245	0.0049724	0.000994901	0.0022991	0.00234348	0.0728205	0.0858117	0.0785411	0.00234384	0.00297944
43	0.0421361	0.0077606	0.000375357	0.000456077	0.0202961	0.00243237	0.00120957	0.362805	0.00057662	0.114465	0.0144729	0.00303448	0.000338221	0.00137289	0.00079938	0.00239113	0.0169012	0.406231	0.000337598	0.00160871
44	0.142023	0.00039591	0.149879	0.305589	0.00353823	0.013273	0.0111114	0.00531544	0.0940702	0.00661259	0.00114482	0.0240393	0.00213648	0.0636788	0.0694117	0.0490715	0.0420015	0.0133155	0.00253359	0.000860068
45	0.0857356	0.00850858	0.0476302	0.118383	0.00110362	0.0388279	0.0392394	0.0266146	0.0950794	0.0252187	0.0104569	0.0724687	0.00647051	0.0972074	0.0943278	0.128039	0.0784803	0.0178804	0.00288093	0.00544667
46	0.631346	0.045403	0.00174659	0.000960276	0.0061407	0.0843301	0.00107141	0.0124484	0.00120748	0.0145393	0.0108972	0.00211293	0.00347944	0.00276486	0.00234836	0.0912755	0.0241832	0.0568904	0.00278273	0.00407222
47	0.0693656	0.0343965	0.0121585	0.00377777	0.0321753	0.0121391	0.0156792	0.192971	0.0162863	0.0911371	0.0320889	0.00378958	0.0017913	0.00831696	0.0358204	0.0404032	0.039207	0.302488	0.0265182	0.02949
48	0.16736	0.000487197	0.154478	0.262032	0.00201098	0.0135969	0.0151716	0.00593077	0.085959	0.00769187	0.000992815	0.0327464	0.00300495	0.0625408	0.0665775	0.055296	0.0491551	0.0127519	0.00174453	0.000471651
49	0.21756	0.023213	0.00374153	0.00522475	0.0176141	0.0430367	0.00380545	0.0952703	0.00485567	0.133884	0.131177	0.0632888	0.0100713	0.00609646	0.00660289	0.10324	0.08316	0.0414086	0.00177554	0.00497412
50	0.526694	0.0420421	0.00164127	0.00152698	0.00959127	0.0644672	0.00143621	0.0230414	0.00166639	0.0374174	0.0179269	0.00379125	0.00266251	0.00487445	0.00328402	0.119582	0.0975375	0.0364607	0.0023356	0.00202086
51	0.0582976	0.00448129	0.00398044	0.0330546	0.00570307	0.0480311	0.00754118	0.0090255	0.295872	0.033885	0.00171424	0.0510913	0.000635202	0.0590565	0.355922	0.0201415	0.0062833	0.00376761	0.000607629	0.000908151
52	0.306963	0.0385322	0.00242174	0.00167057	0.0245808	0.0328828	0.00132274	0.0934572	0.0028964	0.14709	0.0943271	0.00497029	0.000997568	0.0022449	0.00230191	0.073295	0.0845597	0.080101	0.00240799	0.00297668
53	0.0761216	0.0341474	0.0227324	0.363783	0.00869827	0.0167559	0.0425858	0.0448403	0.0474579	0.0225217	0.00991289	0.0277297	0.00689488	0.0774806	0.0481172	0.0482537	0.0663442	0.0234091	0.00278938	0.00942393
54	0.165448	0.00037913	0.156217	0.269174	0.00214055	0.0133279	0.0136184	0.00517842	0.0892039	0.00694168	0.000703393	0.0300449	0.00267423	0.0632521	0.0672233	0.0526273	0.0471213	0.0124449	0.00185023	0.000429127
55	0.192024	0.00477941	0.0268471	0.0845238	0.00338447	0.0301747	0.0569584	0.0430306	0.0632565	0.049214	0.00794387	0.0559815	0.00678726	0.0676948	0.0455245	0.126278	0.0850669	0.0343423	0.00162767	0.0145594
56	0.653701	0.0353159	0.00139793	0.000710218	0.00583143	0.0874787	0.000598137	0.0114362	0.000774804	0.0128814	0.00963387	0.00159896	0.00338849	0.00218968	0.00183955	0.0901952	0.0252063	0.0509634	0.00189696	0.00296166
57	0.0159428	0.00290524	0.000344454	0.00041535	0.0250859	0.00181391	0.00161088	0.442706	0.00038576	0.0912391	0.0129283	0.000888377	0.000183597	0.000693365	0.000782244	0.00138305	0.00941586	0.38922	0.000104232	0.00195171
58	0.00790013	0.0123869	0.0224132	0.0138293	0.0128434	0.0230757	0.0125119	0.089878	0.179791	0.0355246	0.0027567	0.0237082	0.012365	0.0376506	0.0571066	0.142285	0.205898	0.105225	0.00089133	0.00195861
59	0.0875715	0.00963996	0.0447459	0.0953083	0.00121032	0.0361551	0.0422398	0.0319966	0.0941464	0.0242199	0.00929866	0.0787182	0.00628751	0.101226	0.0714024	0.147463	0.0876647	0.0211683	0.00219113	0.00734617
60	0.126434	0.00894316	0.00315457	0.0037857	0.0432074	0.00886202	0.00310842	0.16066	0.00452967	0.0427208	0.00596656	0.00513737	0.0184203	0.00596312	0.00517118	0.145664	0.17652	0.218203	0.00216322	0.0113855
61	0.0247037	0.000837424	0.329838	0.363139	0.0012607	0.0254072	0.00799507	0.0018258	0.0146972	0.0126123	0.0068152	0.049204	0.00132035	0.0562828	0.0222946	0.0534169	0.0211988	0.00262526	0.000403465	0.00412216
62	0.0870662	0.000744585	0.0435797	0.0584498	0.0125721	0.160429	0.00858133	0.00513465	0.0230818	0.0113347	0.0125476	0.0416765	0.00330172	0.0201841	0.0219847	0.392296	0.0813012	0.0105913	0.000194081	0.00494897
63	0.653488	0.0354086	0.00139908	0.000707908	0.00583738	0.0874841	0.000600756	0.0114597	0.000776254	0.0128837	0.00964027	0.00159732	0.00338151	0.00218974	0.00182732	0.090195	0.0252576	0.0510126	0.00190365	0.00294921
64	0.0855201	0.000473081	0.0442955	0.0587628	0.011575	0.163283	0.00874426	0.00488722	0.019914	0.0106579	0.0119048	0.0412412	0.00306681	0.0187757	0.019797	0.401098	0.0810762	0.0100929	0.000158085	0.00467593
65	0.134098	0.00468254	0.00866511	0.0124962	0.00967961	0.0173049	0.0122327	0.0170395	0.152707	0.178888	0.130364	0.0102136	0.00604599	0.0229824	0.109979	0.0937873	0.0185058	0.0499851	0.0022883	0.00805394
66	0.0474469	0.00364191	0.038103	0.244944	0.00396311	0.0158975	0.0125692	0.0203572	0.121912	0.0231874	0.0075468	0.030802	0.0376871	0.188283	0.0980127	0.0384006	0.0426124	0.0186786	0.000852578	0.00510198
67	0.0891991	0.013397	0.0369877	0.0901872	0.00167109	0.0459781	0.0369692	0.0350866	0.0661751	0.0310057	0.0250228	0.0774142	0.00638386	0.0877253	0.0791614	0.146656	0.0994695	0.0241952	0.0020413	0.00527383
68	0.0780935	0.000797032	0.128129	0.0622278	0.00269625	0.442765	0.0186552	0.00153975	0.02866	0.00227295	0.00140073	0.110983	0.00262801	0.0264681	0.0111846	0.0683132	0.00659451	0.00215679	0.000415959	0.00401964
69	0.0486772	0.00833345	0.0582817	0.00610315	0.10762	0.101029	0.0495976	0.00880714	0.00590541	0.00861109	0.0464337	0.0090144	0.00336722	0.00676116	0.00885705	0.10558	0.0127548	0.0090634	0.0607073	0.334496
70	0.015889	0.00287413	0.00035613	0.000431065	0.0247893	0.0018143	0.00160525	0.442362	0.000392051	0.091176	0.0130081	0.00110522	0.000190308	0.00069042	0.000777526	0.00150015	0.00975563	0.389249	0.000108026	0.0019254
71	0.581339	0.0225421	0.00152281	0.0057533	0.00531367	0.168863	0.00187086	0.00989329	0.00280767	0.0160693	0.0082312	0.00289767	0.00330887	0.00276178	0.0124441	0.0804052	0.0226912	0.0471427	0.00150616	0.0026361
72	0.0910692	0.00377454	0.0215269	0.0937079	0.00315686	0.00420232	0.0241078	0.0291728	0.208007	0.0651183	0.00872392	0.0092994	0.0010611	0.0906654	0.273849	0.0133013	0.0350527	0.01578	0.000381898	0.00804188
73	0.0564574	0.00557627	0.0531513	0.221945	0.00487326	0.0103362	0.0175475	0.0251665	0.129884	0.0285408	0.00949652	0.0348717	0.00677448	0.0960655	0.162128	0.050124	0.0550966	0.0222255	0.00072005	0.00901932
74	0.596736	0.0373495	0.00125089	0.00147717	0.0118478	0.0679526	0.00106643	0.0159544	0.00140389	0.0275031	0.0140865	0.00265241	0.00306047	0.00350309	0.00256915	0.103367	0.0700732	0.0347177	0.0016887	0.00173956
75	0.319896	0.00105369	0.0017138	0.0209081	0.0017597	0.399074	0.00407855	0.00770323	0.00840007	0.0326888	0.00627333	0.00821065	0.00111533	0.00477352	0.0504455	0.0626082	0.027099	0.0403583	0.000514049	0.00132579
76	0.0652235	0.0038356	0.0593688	0.283714	0.00767592	0.00762642	0.0138255	0.0208148	0.125827	0.0235788	0.00856102	0.0243683	0.00474928	0.090704	0.148087	0.0378445	0.0457535	0.0189225	0.000898625	0.00862075
77	0.0575253	0.00472159	0.00388622	0.0323526	0.00601591	0.0480814	0.00730524	0.00914219	0.29226	0.0330625	0.00156867	0.0529634	0.000665148	0.0579939	0.361987	0.0196084	0.0057776	0.00352725	0.00057914	0.000976985
78	0.56272	0.00236236	0.00304885	0.00376408	0.00365861	0.00452678	0.00306566	0.00394494	0.00374207	0.00611292	0.00377056	0.00379157	0.00223514	0.00375711	0.00500834	0.0199541	0.27963	0.0811166	0.00113544	0.00265434
79	0.100431	0.0199583	0.000419327	0.000488296	0.00788398	0.00409695	0.000371941	0.203422	0.00113986	0.160245	0.0232792	0.00746681	0.000919459	0.00326525	0.00155578	0.00555248	0.0394077	0.417518	0.000655364	0.00192329
80	0.372126	0.0122364	0.047311	0.0368832	0.00280362	0.0590341	0.0029851	0.00370669	0.0942974	0.00541605	0.0151383	0.0376258	0.00197419	0.00341069	0.152909	0.123512	0.00763822	0.0178178	0.000913843	0.00225968
81	0.0995399	0.00461803	0.00654743	0.0139141	0.00632415	0.0552228	0.0237963	0.014932	0.232206	0.0705365	0.0581306	0.00922633	0.00784779	0.0524785	0.211815	0.0484554	0.0556116	0.0228012	0.00146096	0.00453523
82	0.0298613	0.00542142	0.00160414	0.0132234	0.011509	0.00241564	0.00188008	0.129342	0.00529837	0.610554	0.0413192	0.00150382	0.00117894	0.00926528	0.00962655	0.00918971	0.00644551	0.104619	0.00372642	0.00201564
83	0.0842604	0.000894919	0.100267	0.0453724	0.00218506	0.492911	0.0201222	0.00137565	0.0329065	0.00222671	0.00130876	0.104834	0.000706895	0.0217268	0.0117624	0.0680084	0.00345697	0.00167926	0.000309482	0.00368395
84	0.309875	0.0166009	0.0081602	0.00375638	0.00315676	0.122853	0.00291635	0.00396711	0.00824456	0.0055092	0.00358226	0.00986242	0.222644	0.0326025	0.00927212	0.194472	0.0337593	0.00497234	0.00123319	0.00256105
85	0.0324976	0.00132998	0.00223161	0.00823644	0.00218654	0.0556022	0.00405241	0.0112591	0.282952	0.00804052	0.0130455	0.00297622	0.0245422	0.0797134	0.334242	0.0362764	0.059386	0.0390723	0.00078918	0.0015684
86	0.0263703	0.00129381	0.0021594	0.0108887	0.00231145	0.0515225	0.0028652	0.00693748	0.321726	0.00474415	0.00874065	0.00253236	0.0571986	0.0760009	0.275299	0.0522851	0.0656938	0.0289629	0.000749078	0.00171869
87	0.156506	0.100842	0.00217298	0.00303829	0.0643018	0.0143258	0.002407	0.0256957	0.00324718	0.0938983	0.0349296	0.00306575	0.00168096	0.00371984	0.0135945	0.0504086	0.0237493	0.247961	0.0019323	0.152524
88	0.103996	0.00697332	0.0464585	0.0923685	0.00153074	0.0333184	0.0436246	0.02769	0.0735168	0.0222311	0.0126254	0.0723589	0.0611635	0.0878755	0.065503	0.13542	0.0900515	0.016114	0.0021303	0.00505026
89	0.0955984	0.018908	0.000447304	0.000502714	0.00864957	0.00394544	0.000518537	0.216239	0.00115994	0.156238	0.0233877	0.00701131	0.00100873	0.00309528	0.00162196	0.00543584	0.0379892	0.415566	0.00074225	0.00193452
90	0.0111855	0.00099641	0.000711217	0.00222369	0.0382164	0.00134411	0.000913394	0.374036	0.00147088	0.26761	0.0386628	0.000835578	0.00324125	0.00218168	0.00525817	0.00253359	0.00307171	0.231614	0.00909303	0.00480105
91	0.0142118	0.00834503	0.00118093	0.00650854	0.611874	0.00183568	0.00494009	0.0313491	0.00153455	0.0999547	0.00831873	0.00140489	0.00236549	0.00274912	0.0124526	0.0028796	0.00246068	0.0324521	0.00929406	0.143889
92	0.0815185	0.00763465	0.299781	0.151221	0.00295822	0.0208163	0.0420783	0.00361408	0.030085	0.0205061	0.0136438	0.0585559	0.0370681	0.0115702	0.0346732	0.106729	0.0280742	0.0366717	0.000676227	0.0121251
93	0.0315642	0.00662523	0.0790721	0.197872	0.00391384	0.00611556	0.0224498	0.0126021	0.102065	0.0180883	0.012568	0.0320952	0.0259998	0.0845846	0.190738	0.0669802	0.0634347	0.0227797	0.000713762	0.019738
94	0.100352	0.0199723	0.000419677	0.000490384	0.00791697	0.00409444	0.000381135	0.203363	0.00114902	0.160257	0.023304	0.00747234	0.000920648	0.003275	0.00156472	0.00557954	0.0394146	0.41747	0.000662602	0.00193945
95	0.679772	0.0141047	0.000571528	0.000786733	0.00951674	0.102215	0.000540182	0.00333339	0.000806245	0.00966111	0.00892108	0.000776037	0.00598134	0.000898657	0.00318056	0.124357	0.011938	0.0217836	0.000287268	0.000569771
96	0.200312	0.0184665	0.00786766	0.00221866	0.00752085	0.0809417	0.012324	0.014663	0.0613071	0.0202229	0.0106265	0.0191312	0.0124626	0.0194516	0.143071	0.211325	0.107526	0.0487801	0.000545119	0.00123619
97	0.085414	0.000473134	0.044278	0.0588571	0.0115265	0.16331	0.00877951	0.00491827	0.0198991	0.0106615	0.0119318	0.0412115	0.00309229	0.0188047	0.019824	0.40105	0.081079	0.0100797	0.000159283	0.00465123
98	0.0108536	0.00146712	0.00207917	0.00240666	0.232432	0.00206369	0.00102513	0.131438	0.000852143	0.423233	0.0550504	0.000780347	0.00182477	0.00289851	0.00180844	0.00241174	0.00864814	0.0787203	0.0109615	0.029045
99	0.0121398	0.00119641	0.000541833	0.00227063	0.0435569	0.000842316	0.000841142	0.294957	0.000821625	0.359559	0.0484276	0.000739927	0.00264921	0.00256279	0.00247669	0.00167646	0.00210023	0.203456	0.0149995	0.00418451
100	0.0836505	0.000797207	0.0450078	0.0617243	0.0111311	0.151306	0.00785049	0.00502475	0.0218144	0.0126393	0.0108586	0.0453345	0.00312121	0.0200457	0.0216807	0.408741	0.073102	0.00980422	0.000214196	0.00615254
101	0.156345	0.00276267	0.0198636	0.0262929	0.00370804	0.0299993	0.0604239	0.037769	0.00961675	0.100734	0.0068838	0.0955722	0.0551607	0.0396364	0.0095996	0.181622	0.0677915	0.0385561	0.00365187	0.0540103
102	0.0106998	0.00146452	0.0020078	0.00239868	0.235571	0.00205934	0.000966372	0.130768	0.000855215	0.419129	0.0547492	0.000797307	0.00182035	0.00296801	0.00180044	0.00231748	0.0084525	0.0789923	0.0114681	0.0307144
103	0.208528	0.0124242	0.00688258	0.00129911	0.0317757	0.0252779	0.0049239	0.161616	0.0107681	0.132463	0.0473492	0.00280804	0.0012312	0.00570549	0.00875702	0.0658814	0.065521	0.186784	0.0151482	0.0048567
104	0.129929	0.00116931	0.0291205	0.054277	0.00638829	0.18567	0.0198015	0.00395897	0.010517	0.0085481	0.0244712	0.0475073	0.012982	0.0604965	0.0104885	0.337986	0.039717	0.00632347	0.000710772	0.00993699
105	0.679817	0.0142285	0.00057394	0.000786975	0.00950997	0.102027	0.000540311	0.00336512	0.000804453	0.00970697	0.0089315	0.000777271	0.00598749	0.000900959	0.00317858	0.124041	0.0119725	0.021963	0.000298403	0.000588356
106	0.157998	0.0125646	0.00427544	0.00106591	0.0265099	0.0151209	0.00392578	0.18936	0.0081981	0.145256	0.0383322	0.00453988	0.00117683	0.00461042	0.00851147	0.041767	0.0584899	0.261154	0.0123683	0.00477555
107	0.0652085	0.0141102	0.0284021	0.00725829	0.00362538	0.0243575	0.00480445	0.00441658	0.0183361	0.0329134	0.015954	0.138916	0.00228083	0.0295234	0.0388076	0.468203	0.0615681	0.0195479	0.00153142	0.0202357
108	0.115842	0.00293796	0.0041109	0.00260796	0.00520899	0.756716	0.00139687	0.00156237	0.00331311	0.00766227	0.00371077	0.00204162	0.00107223	0.00329084	0.00394644	0.0643507	0.0126886	0.00659689	0.000347287	0.000596292
109	0.0951568	0.000725164	0.0535292	0.0641754	0.0100122	0.151649	0.0102927	0.00686296	0.0228472	0.01675	0.0121438	0.0417676	0.0101767	0.0194411	0.0196794	0.381111	0.0694636	0.00913917	0.000278025	0.00479965
110	0.428711	0.00140492	0.00227643	0.00268671	0.00223417	0.0127549	0.00193469	0.00272128	0.00309267	0.00452656	0.00262547	0.166868	0.0108308	0.00299536	0.0139993	0.298042	0.0158705	0.0238142	0.000802605	0.00180912
111	0.0463704	0.00842287	0.000509969	0.00142501	0.0238182	0.00205249	0.00107359	0.2837	0.000969693	0.226482	0.031886	0.00331303	0.00291824	0.0038682	0.0020462	0.00369939	0.0191713	0.327765	0.00580986	0.00469764
112	0.0746851	0.00584174	0.0127919	0.0320011	0.0569989	0.00425079	0.0582398	0.088354	0.0118	0.104273	0.0214027	0.0126804	0.00144455	0.0849418	0.0552231	0.0423844	0.091545	0.106274	0.00517809	0.12969
113	0.0322699	0.00451353	0.0691037	0.0964646	0.0105993	0.0181373	0.0322135	0.0113526	0.143932	0.029963	0.0564338	0.0511266	0.00900743	0.134386	0.172717	0.0421777	0.0326155	0.0124156	0.00122326	0.0393476
114	0.0405339	0.00679243	0.0190495	0.0355646	0.00407274	0.142943	0.0162469	0.00546874	0.233646	0.0212948	0.0029226	0.0521691	0.000836892	0.0639734	0.305403	0.0303013	0.00767355	0.00335987	0.0059577	0.00178989
115	0.255337	0.010183	0.0093277	0.0056998	0.00537881	0.050323	0.00765777	0.00815691	0.0581597	0.0124681	0.0153591	0.0505915	0.00739042	0.011684	0.140228	0.208398	0.0976519	0.0427255	0.00115395	0.00212609
116	0.0344033	0.00102659	0.00115278	0.00160811	0.00121295	0.00707334	0.00132705	0.00167013	0.00150805	0.00239052	0.00139546	0.00170711	0.000748924	0.00203316	0.00668142	0.788642	0.136899	0.00712227	0.000426529	0.000971176
117	0.0132798	0.00125266	0.00174699	0.00287667	0.34364	0.00244409	0.00192939	0.0144486	0.00191417	0.234942	0.0345434	0.00195484	0.0140509	0.00340767	0.0116699	0.00414811	0.0039763	0.0373429	0.060021	0.210411
118	0.0136942	0.00307322	0.00561656	0.00285916	0.153655	0.00270546	0.00931065	0.0662773	0.0020219	0.525086	0.0804885	0.00141815	0.00528566	0.00256506	0.00531357	0.00502196	0.0202418	0.0595175	0.00686284	0.0289859
119	0.118671	0.0064747	0.0173833	0.0300685	0.0113506	0.0162629	0.0174337	0.0551091	0.170757	0.169248	0.0173742	0.0223291	0.00712654	0.0729575	0.124479	0.0208093	0.0165206	0.0950935	0.00104184	0.00950972
120	0.0392772	0.00126462	0.262173	0.0597569	0.00403837	0.298854	0.0202271	0.00249171	0.0273391	0.0036706	0.00217992	0.154408	0.00438177	0.0227611	0.0126926	0.0559412	0.014925	0.00314339	0.000637878	0.00983569
121	0.124904	0.0108602	0.0118584	0.0208786	0.0119826	0.00375406	0.0435494	0.00286032	0.32951	0.0143379	0.0130863	0.00318496	0.00163664	0.0401241	0.11881	0.199996	0.0144159	0.00397257	0.00085643	0.0294221
122	0.0195313	0.00773111	0.00284344	0.0281722	0.00929327	0.00373507	0.00131512	0.173319	0.0102764	0.534962	0.0595402	0.00140483	0.00455048	0.00945474	0.0255962	0.0101952	0.00430324	0.0894855	0.00268717	0.00160246
123	0.0478413	0.000836441	0.178311	0.0437821	0.00623482	0.257178	0.0260389	0.00150429	0.0874208	0.00235361	0.00148003	0.234849	0.000891958	0.0252658	0.0370479	0.0387751	0.00447551	0.00199251	0.000421881	0.00329874
124	0.0447752	0.00125997	0.0120499	0.19404	0.00184644	0.00300631	0.0112214	0.00301314	0.209442	0.00479292	0.0108798	0.0137519	0.00716394	0.31223	0.0124047	0.0397035	0.111211	0.00465514	0.000599412	0.00195402
125	0.0781166	0.000487155	0.0176935	0.125095	0.000812161	0.0021851	0.0162819	0.00766384	0.188378	0.0130065	0.0075743	0.0262303	0.0643145	0.248545	0.0930973	0.024309	0.0676574	0.0175161	0.000289874	0.000747271
126	0.0162431	0.00298045	0.000346836	0.000413383	0.0250104	0.00181383	0.00160739	0.441688	0.000387153	0.0914781	0.0128963	0.000901538	0.000182254	0.000697889	0.000780173	0.00138715	0.00951994	0.38961	0.000105102	0.00195079
127	0.0897018	0.012186	0.00503946	0.00367453	0.235113	0.0203654	0.00455995	0.0608023	0.00336621	0.363225	0.0912324	0.00347559	0.0044011	0.00461056	0.00563374	0.00834051	0.0125844	0.0441718	0.0142177	0.0132983
128	0.195731	0.00437592	0.0355521	0.0039063	0.00276947	0.0582235	0.00262444	0.0036877	0.0286596	0.00647587	0.00322171	0.040332	0.259425	0.00879266	0.0284127	0.284897	0.0242399	0.0051115	0.00109312	0.00246753
129	0.0464833	0.00222082	0.0261053	0.0554196	0.029134	0.00275108	0.0622531	0.168642	0.0226008	0.0839609	0.0207708	0.0229818	0.000913945	0.0432592	0.0558457	0.0611006	0.0894755	0.148738	0.00178929	0.055554
130	0.016159	0.000708119	0.424495	0.305942	0.0018548	0.0145874	0.0103219	0.00157035	0.0179648	0.0126271	0.00406531	0.0532391	0.000703445	0.0601115	0.0163241	0.0301332	0.0218363	0.00280779	0.000327843	0.00422055
131	0.00844272	0.00171311	0.431545	0.107672	0.0139009	0.00423298	0.0249044	0.00322922	0.0481517	0.0578936	0.00390241	0.105649	0.00177685	0.0863404	0.0692187	0.0066763	0.00515687	0.0162592	0.000758633	0.00257597
132	0.115358	0.0144909	0.0039436	0.00491897	0.0095649	0.125216	0.0037079	0.00475284	0.00560007	0.00796958	0.00439341	0.00549041	0.628843	0.00687292	0.00757173	0.0306456	0.00924108	0.00701084	0.00151553	0.00289287
133	0.0243162	0.0161492	0.0429173	0.0176997	0.189051	0.00491507	0.152828	0.00381934	0.0039482	0.268696	0.00348673	0.00395757	0.00214941	0.0170698	0.0877886	0.0362417	0.0880892	0.0186991	0.0153349	0.0028429
134	0.0176895	0.00385151	0.00843564	0.0199101	0.0187215	0.00938426	0.00178291	0.274684	0.0156648	0.342705	0.0703478	0.00270075	0.011028	0.0169928	0.0542046	0.0239862	0.00539602	0.099521	0.00101865	0.00197533
135	0.0415672	0.00131194	0.00197845	0.0263113	0.00200926	0.0121204	0.0106905	0.0540363	0.157823	0.075658	0.0694738	0.0117993	0.326555	0.00293223	0.0962082	0.0144321	0.00433545	0.0885536	0.000744638	0.00145884
136	0.0407833	0.0105962	0.0304163	0.0335377	0.00270426	0.232075	0.00753615	0.00240307	0.127838	0.0133404	0.00266771	0.0235208	0.00113086	0.0635136	0.328105	0.0464374	0.0120641	0.00314632	0.0165637	0.00162047
137	0.236504	0.00142094	0.00240326	0.0263052	0.00256019	0.453316	0.0062861	0.0166227	0.0288112	0.0213873	0.0189382	0.00478417	0.00162055	0.0128491	0.0509755	0.0433363	0.0418996	0.0277884	0.000625287	0.00156553
138	0.0504953	0.00200071	0.0067533	0.003061	0.131098	0.0165672	0.0219373	0.101217	0.0138766	0.320225	0.110576	0.0254363	0.0470571	0.0135529	0.0268909	0.0402615	0.0434102	0.0198528	0.00115086	0.00457974
139	0.319912	0.00103101	0.00174542	0.0209308	0.00172801	0.399593	0.00402659	0.00767008	0.00842266	0.0324975	0.00628845	0.00826468	0.0010939	0.00482493	0.0506464	0.0624887	0.0270025	0.0399757	0.000512405	0.00134555
140	0.0404771	0.00102862	0.00140252	0.00179096	0.00129959	0.0078129	0.00150675	0.00174663	0.00168216	0.00243501	0.00147018	0.00297588	0.000773005	0.00223935	0.00750595	0.772942	0.141479	0.00753822	0.000720117	0.00117425
141	0.199906	0.0176628	0.00704012	0.00211753	0.00831623	0.0744471	0.0125376	0.0125793	0.0680719	0.019597	0.00989375	0.0181874	0.0124182	0.0207649	0.149749	0.213549	0.105273	0.0459764	0.000588672	0.00132325
142	0.225681	0.00265587	0.00482896	0.00667531	0.00392555	0.00801725	0.00736258	0.00884445	0.00417136	0.0768541	0.0187948	0.0438397	0.244961	0.00870892	0.00603845	0.190565	0.0579835	0.0238265	0.0153907	0.0408753
143	0.019396	0.0243564	0.00528485	0.00846705	0.53796	0.0105217	0.0211493	0.0228739	0.00442576	0.0538635	0.00896015	0.00339806	0.00197748	0.00580734	0.0137695	0.0122648	0.0100349	0.0322625	0.00582918	0.197398
144	0.0180736	0.00236061	0.543622	0.0813681	0.00523534	0.0556442	0.011065	0.00354609	0.0162161	0.0183799	0.00380166	0.0905682	0.00883432	0.0325306	0.0195062	0.0600901	0.0164171	0.00759511	0.00109338	0.00405276
145	0.0899541	0.000800142	0.104672	0.0468003	0.0021097	0.483444	0.0202709	0.00140485	0.0302787	0.00201455	0.00142844	0.104169	0.000921829	0.0222541	0.010356	0.0698025	0.00370592	0.00171236	0.000317988	0.0035829
146	0.0197116	0.000814745	0.356224	0.363755	0.0012784	0.0199117	0.00807406	0.00176398	0.016033	0.0121326	0.00518642	0.0480335	0.0009887	0.0555662	0.0179844	0.0431024	0.0222377	0.00243828	0.000348904	0.00441399
147	0.0329196	0.0031965	0.00257782	0.000867741	0.00479481	0.874765	0.000673999	0.000889808	0.00204406	0.00591314	0.00237924	0.000879559	0.000544173	0.00270883	0.00110756	0.0491509	0.00996468	0.00384524	0.000253471	0.000523547
148	0.0993864	0.0198959	0.000443132	0.000551144	0.00783254	0.00405989	0.000422284	0.20284	0.0011513	0.161495	0.0235728	0.00746277	0.00120581	0.00337093	0.00157425	0.0055867	0.0395823	0.416937	0.000657738	0.00197214
149	0.27102	0.00179572	0.00323043	0.0439143	0.0162107	0.0277709	0.0152062	0.0158633	0.100247	0.0532462	0.00354161	0.00353461	0.158192	0.0164066	0.0939508	0.0477866	0.0441814	0.0393283	0.00123586	0.0433367
150	0.0116127	0.00110863	0.000554286	0.00224967	0.0422921	0.000852537	0.000816122	0.304911	0.000917041	0.353064	0.0478645	0.000769264	0.00304839	0.00245102	0.00279151	0.00179613	0.00197289	0.202441	0.0144846	0.00400238
151	0.0159428	0.00290524	0.000344454	0.00041535	0.0250859	0.00181391	0.00161088	0.442706	0.00038576	0.0912391	0.0129283	0.000888377	0.000183597	0.000693365	0.000782244	0.00138305	0.00941586	0.38922	0.000104232	0.00195171
152	0.13869	0.000437954	0.148561	0.309458	0.00353617	0.0129511	0.0109627	0.00534971	0.0960166	0.00648814	0.00121615	0.0236123	0.00205256	0.0628581	0.0702308	0.0486793	0.0419439	0.0135547	0.00242141	0.000979121
153	0.0483431	0.000764946	0.200455	0.0387931	0.00468083	0.144636	0.0238334	0.00158204	0.120046	0.00248469	0.0013687	0.286161	0.000960348	0.0282069	0.0544917	0.03575	0.00313153	0.00214732	0.000525065	0.00163796
154	0.0331016	0.00318318	0.00258286	0.000876915	0.00478474	0.874331	0.000700718	0.000902479	0.0020713	0.00594943	0.00241546	0.000875667	0.000544174	0.00273051	0.00112265	0.0491539	0.0100369	0.00385904	0.000252988	0.000524378
155	0.0250114	0.00141996	0.00205274	0.0285984	0.00226451	0.00368819	0.00198447	0.263278	0.0395971	0.00399777	0.0120686	0.00280363	0.00148026	0.0218098	0.133452	0.00519385	0.0373065	0.411507	0.000891119	0.00159491
156	0.0414358	0.00646764	0.000813189	0.00600534	0.0246738	0.00209294	0.00173853	0.154238	0.00275704	0.505431	0.0322555	0.00246868	0.00101213	0.00529728	0.00389798	0.00575136	0.0123182	0.184382	0.00379605	0.00316766
157	0.0751997	0.00103369	0.021931	0.136916	0.00143883	0.00315213	0.0137538	0.0112946	0.188845	0.0157259	0.00679377	0.0327899	0.0470843	0.228117	0.0977728	0.0289085	0.0684576	0.0188287	0.000331122	0.00162545
158	0.0143721	0.0017489	0.00204054	0.00287505	0.329445	0.00260652	0.0023692	0.0103964	0.00214706	0.232494	0.0293337	0.00221076	0.0148798	0.00342971	0.0108966	0.00469495	0.00391127	0.0343995	0.0683772	0.227372
159	0.0108621	0.00146738	0.00208355	0.00240711	0.232258	0.00206404	0.00105148	0.131382	0.000851122	0.423372	0.0550976	0.000781689	0.00183281	0.00289644	0.00180854	0.00241363	0.00867335	0.0786993	0.0109349	0.0290624
160	0.0166623	0.0184027	0.00485214	0.00398544	0.0837032	0.00589649	0.0712166	0.0333092	0.00510423	0.284713	0.208179	0.00458899	0.00407657	0.00494454	0.0069834	0.0104889	0.062467	0.101094	0.00128495	0.0680475
161	0.0272729	0.00269978	0.476058	0.0161551	0.00376886	0.118771	0.00597521	0.00461576	0.00482976	0.00656899	0.00456564	0.135121	0.0164709	0.00747009	0.00604061	0.124942	0.0260259	0.00557944	0.00150047	0.00556818
162	0.0659063	0.0564589	0.00232946	0.00247867	0.0122007	0.044969	0.00220548	0.0310888	0.00293475	0.0839979	0.0130046	0.0116288	0.0014624	0.0212986	0.00401169	0.260569	0.354133	0.017594	0.00982822	0.00190019
163	0.087309	0.00623716	0.00730809	0.049727	0.0390022	0.0109504	0.0167464	0.0077241	0.0676098	0.0444868	0.0067583	0.00708922	0.043824	0.0216915	0.139039	0.112338	0.0438042	0.0127997	0.0020404	0.273514
164	0.157561	0.00158237	0.0195616	0.00626707	0.00200713	0.0307238	0.0180571	0.00410997	0.00696482	0.00396573	0.00274956	0.113145	0.00109918	0.0155539	0.0297037	0.316566	0.216293	0.0181243	0.0138081	0.0221559
165	0.660195	0.0133645	0.00096116	0.00125772	0.00905592	0.122375	0.00068526	0.00321218	0.00105859	0.00946802	0.00847996	0.00121524	0.00583687	0.00105991	0.00380131	0.124656	0.0114085	0.020942	0.000343907	0.000622629
166	0.0698222	0.0115195	0.00410083	0.0242514	0.00626483	0.035294	0.00713092	0.00821361	0.27318	0.0336541	0.00261369	0.08891	0.00148583	0.0494625	0.352261	0.0175966	0.0069213	0.00474394	0.000981114	0.00159305
167	0.0665372	0.00463469	0.00988879	0.037897	0.00211697	0.0128853	0.0203926	0.0233134	0.305806	0.055831	0.00474321	0.0158966	0.000779272	0.0758202	0.309478	0.0138318	0.0246776	0.0117439	0.000371565	0.00335509
168	0.10101	0.00435687	0.0859592	0.0867847	0.0345844	0.0343912	0.005596	0.0344505	0.00786029	0.297323	0.207127	0.00742448	0.00351727	0.00871708	0.0097546	0.0161309	0.0365982	0.0102	0.00247271	0.00574151
169	0.07826	0.000490739	0.0177426	0.125098	0.000811207	0.0021819	0.0163872	0.0076107	0.188397	0.012998	0.00752568	0.0262729	0.0642527	0.248033	0.0930293	0.0243784	0.0679137	0.0175924	0.000289874	0.000734433
170	0.0269568	0.00234053	0.00392321	0.00421289	0.00358775	0.0198969	0.00354113	0.00394873	0.00518778	0.0210992	0.00356777	0.0494949	0.195527	0.018406	0.0061532	0.363739	0.244565	0.01987	0.00115242	0.00283013
171	0.028988	0.00197457	0.0435749	0.0037187	0.0033864	0.0058976	0.023224	0.00398398	0.00880889	0.00569174	0.0033906	0.648835	0.00285635	0.0138604	0.0146827	0.0531935	0.124897	0.00511744	0.00156747	0.00234987
172	0.269219	0.00225664	0.00236445	0.025175	0.00328971	0.448731	0.0109559	0.0174019	0.0157251	0.0205816	0.0118744	0.00597358	0.00213117	0.00854501	0.0396482	0.0426292	0.0369384	0.0337699	0.000890583	0.00189983
173	0.0673233	0.0285222	0.0064461	0.00737923	0.0524422	0.0420182	0.169664	0.00780753	0.0324705	0.0103143	0.00613697	0.336055	0.00374708	0.00790085	0.117683	0.0753172	0.0125922	0.00936357	0.00204238	0.00477431
174	0.630482	0.0159982	0.00105261	0.00158904	0.00969358	0.120561	0.00103878	0.00365594	0.00156218	0.00942676	0.00827832	0.00136652	0.00787371	0.00186906	0.00649259	0.145045	0.0124357	0.0202702	0.000514794	0.00079398
175	0.0765972	0.0025391	0.00927209	0.00310187	0.00599514	0.765669	0.00160777	0.0024271	0.00526594	0.00942587	0.00388963	0.00269846	0.000798902	0.00389825	0.00591071	0.0695032	0.0225781	0.00769102	0.000381674	0.000749123
176	0.219162	0.0286359	0.00361294	0.00268176	0.0196955	0.0197381	0.0020656	0.143915	0.00284369	0.0475539	0.00226773	0.0146659	0.101385	0.0143882	0.00375704	0.0748118	0.127946	0.165028	0.000869425	0.0049766
177	0.0938897	0.00268655	0.010345	0.00489199	0.00374317	0.0796263	0.0456686	0.00509865	0.00572466	0.00633973	0.00367709	0.0882388	0.0022405	0.0228916	0.0536126	0.302669	0.181944	0.00992791	0.0192729	0.0575118
178	0.0195738	0.00195659	0.0535423	0.00242742	0.00312045	0.00345476	0.0324716	0.00217217	0.00967671	0.00366097	0.00210278	0.744966	0.00119721	0.0157991	0.0177679	0.0444232	0.0361801	0.00303755	0.000688619	0.00178083
179	0.0106376	0.00141426	0.00183361	0.00248672	0.223862	0.00199082	0.000937094	0.139539	0.00083547	0.417928	0.0539082	0.000778874	0.00161254	0.00286546	0.00174362	0.00221512	0.00820947	0.0876622	0.0113886	0.0281524
180	0.0577655	0.00979978	0.0122156	0.0248757	0.0839997	0.00319323	0.0429132	0.0699209	0.00409571	0.0795152	0.0296803	0.00439232	0.00141899	0.0517142	0.0558926	0.0446117	0.104894	0.0792015	0.00964085	0.230259
181	0.0239462	0.00151254	0.00170055	0.010194	0.00322652	0.00249035	0.00852867	0.194155	0.0030617	0.277731	0.0458995	0.00321746	0.0449192	0.00294774	0.0044975	0.0140537	0.0758669	0.279298	0.000868285	0.00188554
182	0.0537207	0.00080026	0.120121	0.133716	0.00603997	0.216104	0.0223615	0.00224649	0.0581896	0.00431436	0.0021402	0.079299	0.0212295	0.0927811	0.0441315	0.111579	0.023353	0.00621714	0.000415957	0.00124018
183	0.0317919	0.00796263	0.0796733	0.178446	0.00280812	0.0090276	0.0208325	0.0136642	0.112232	0.0199199	0.0106122	0.042528	0.0191574	0.0859111	0.181532	0.0797472	0.0724524	0.0205111	0.000939905	0.0102504
184	0.0711437	0.00474061	0.00641585	0.00841606	0.0199065	0.700972	0.00473612	0.00530872	0.0243633	0.0130038	0.0066078	0.00704548	0.00304395	0.0103371	0.0134282	0.0439405	0.0161739	0.0361291	0.00121267	0.00307438
185	0.0101355	0.000728423	0.000980066	0.00252583	0.125714	0.00100119	0.000877984	0.22413	0.000747836	0.400746	0.0454295	0.000710975	0.00195686	0.00221876	0.00219738	0.00169896	0.00430708	0.14638	0.0118943	0.01562
186	0.0103777	0.00104412	0.000786615	0.00520723	0.169016	0.00175004	0.0012701	0.187918	0.00106492	0.369374	0.0478094	0.00100337	0.00132856	0.00310937	0.00242496	0.0022757	0.00545612	0.121705	0.0143207	0.0527581
187	0.0225694	0.00430284	0.000375455	0.000406275	0.0232682	0.00197255	0.00149542	0.41974	0.000448967	0.0965377	0.0134264	0.00159042	0.000282366	0.000910595	0.000783418	0.00175427	0.0116278	0.39654	0.000125962	0.00184291
188	0.036363	0.00547813	0.00938209	0.0166911	0.0220482	0.0111993	0.0191041	0.0979651	0.0098661	0.131079	0.0687977	0.0110188	0.00828251	0.0193163	0.0437389	0.0762993	0.285388	0.072624	0.00333776	0.0520205
189	0.0649697	0.00121475	0.170403	0.19098	0.00421425	0.148096	0.0170438	0.00314607	0.0345119	0.0161943	0.00716402	0.0469988	0.00972817	0.0850807	0.0235011	0.148223	0.0208832	0.00504321	0.000740951	0.00186191
190	0.0214018	0.00720345	0.00444381	0.00361522	0.114854	0.0044723	0.0239854	0.0153274	0.00338059	0.351767	0.173125	0.00337205	0.00423362	0.00385802	0.00542976	0.00798847	0.0716364	0.149005	0.00144217	0.0294596
191	0.0128452	0.00277978	0.00329024	0.00434743	0.0660036	0.0059549	0.00443069	0.14859	0.00493153	0.150572	0.436331	0.0382322	0.0045962	0.00524465	0.00706564	0.0546146	0.024303	0.0213878	0.00124633	0.00323314
