242	20
1	0.0988409	0.0547605	0.0264099	0.0185738	0.0173442	0.0177824	0.0177917	0.0921303	0.0218908	0.074652	0.21397	0.0237317	0.0820149	0.0241454	0.0152858	0.0931186	0.0351248	0.0602067	0.00264711	0.00957903
2	0.0704494	0.0125189	0.0441233	0.0247213	0.00379972	0.552022	0.00803246	0.00623966	0.0200128	0.0147124	0.00467524	0.0286795	0.0165386	0.0107684	0.0391596	0.0886448	0.0355377	0.0129087	0.00103204	0.00542344
3	0.0958059	0.0110351	0.106213	0.0706299	0.00894	0.095203	0.0347803	0.008152	0.0474418	0.016541	0.00590877	0.0636601	0.0940248	0.0332641	0.0511192	0.142527	0.0952816	0.00849019	0.00111706	0.00986492
4	0.0129977	0.0112862	0.0017622	0.00221397	0.529213	0.00152604	0.00624033	0.0160314	0.00191996	0.099335	0.00613961	0.00216835	0.00110699	0.00171849	0.00199359	0.00833863	0.0118923	0.0210744	0.0146755	0.248366
5	0.0738976	0.0211406	0.152026	0.166242	0.00891646	0.028802	0.0206158	0.0118311	0.0589587	0.0689821	0.0160716	0.0506138	0.0268647	0.0539704	0.0455934	0.104504	0.0518307	0.0231035	0.00473316	0.0113014
6	0.0731895	0.0115085	0.280264	0.342543	0.000983355	0.0282345	0.011433	0.00300037	0.0263415	0.0086497	0.00509541	0.0356862	0.0124114	0.0371728	0.0154502	0.0556456	0.0356122	0.00503409	0.00679868	0.00494624
7	0.104207	0.0182832	0.0562491	0.130729	0.00674064	0.0193238	0.0408312	0.00525456	0.14108	0.0249229	0.0130632	0.0488225	0.00502687	0.0950608	0.10215	0.0818081	0.0777948	0.0214552	0.000644433	0.00655219
8	0.172652	0.0181621	0.0497439	0.0389409	0.0121716	0.211825	0.0169988	0.0128838	0.0245213	0.0190361	0.00717183	0.0294954	0.137453	0.0325204	0.0319015	0.118531	0.0409944	0.0180905	0.00106916	0.0058377
9	0.0542889	0.0116331	0.0171487	0.0950926	0.0142334	0.0617372	0.00819813	0.118127	0.0935073	0.035827	0.0347457	0.0732207	0.00462044	0.0508381	0.12893	0.0356866	0.0203031	0.130345	0.0042514	0.00726517
10	0.0739881	0.0352278	0.0110782	0.0208623	0.0464696	0.0115399	0.0105934	0.10841	0.0276994	0.119477	0.126067	0.0137197	0.00919285	0.0374606	0.0534811	0.0533612	0.110856	0.119616	0.00518265	0.00571803
11	0.0676805	0.0130444	0.292888	0.393831	0.000878914	0.0205545	0.0077359	0.00311343	0.0214902	0.00758493	0.00491373	0.0275409	0.00559411	0.0389763	0.0112942	0.0397007	0.0277975	0.00354755	0.00841508	0.00341842
12	0.069103	0.0193367	0.0336393	0.0650238	0.0101107	0.0155235	0.0264182	0.0353666	0.152766	0.0604293	0.0883641	0.0293929	0.00928201	0.10231	0.136542	0.0474174	0.0426314	0.0447145	0.00514999	0.00647852
13	0.0555898	0.0356765	0.0437561	0.100209	0.0515296	0.0237834	0.108946	0.0196549	0.0144187	0.0337065	0.00699362	0.0413322	0.00215603	0.0473583	0.0299694	0.0710718	0.0879168	0.0761876	0.00110327	0.14864
14	0.0567658	0.0108259	0.0415456	0.0157078	0.00138622	0.70408	0.00191997	0.00272612	0.00953353	0.0122806	0.00207438	0.0251981	0.00503428	0.00241475	0.0193157	0.0628737	0.0123655	0.0101367	0.000625293	0.00319008
15	0.0138805	0.00416623	0.00361396	0.00124378	0.0158895	0.000928539	0.00074322	0.256143	0.00101802	0.473164	0.0468835	0.00111831	0.000582099	0.0038338	0.00634145	0.00891333	0.0159483	0.144545	0.000250113	0.000793194
16	0.0313979	0.00943629	0.0163231	0.0719509	0.0119936	0.0229876	0.0492075	0.0049671	0.138446	0.0437849	0.00561424	0.0494441	0.0189511	0.0659715	0.193016	0.105325	0.0984151	0.0567144	0.00134153	0.00471191
17	0.0125739	0.0114273	0.00172643	0.00218704	0.53098	0.00153984	0.00546008	0.0158505	0.00192853	0.0975388	0.00573746	0.00193664	0.000865811	0.00168445	0.00187766	0.00842138	0.0115314	0.0211267	0.0149197	0.250686
18	0.370603	0.0448412	0.00494262	0.00532393	0.00440701	0.341405	0.00213239	0.0112681	0.00310745	0.00622089	0.00621567	0.0167067	0.00957677	0.00309987	0.00421897	0.105898	0.0176438	0.0357129	0.0011843	0.00549198
19	0.122432	0.0301634	0.00438123	0.00784487	0.00655157	0.00409242	0.00314193	0.159672	0.0212771	0.0941774	0.0553526	0.00391832	0.00422589	0.00983524	0.0174294	0.0260661	0.0363012	0.387699	0.00157396	0.00386487
20	0.354125	0.0645037	0.00578476	0.00608114	0.00669508	0.0926055	0.001934	0.0122072	0.00448385	0.00884477	0.00559403	0.010131	0.00370384	0.00236035	0.00324431	0.330723	0.0342786	0.047623	0.000890967	0.00418666
21	0.316108	0.0434674	0.0217711	0.0095187	0.0103823	0.0401605	0.00553592	0.00509863	0.0094736	0.0166077	0.00763683	0.0204109	0.00645201	0.00485448	0.0052688	0.372078	0.0648789	0.0220173	0.000995079	0.0172831
22	0.114684	0.0304456	0.0140717	0.0250823	0.01476	0.0137278	0.0154945	0.0822793	0.0667237	0.0689957	0.145228	0.0157445	0.00856358	0.0369164	0.0353702	0.0434748	0.0419043	0.212477	0.00551626	0.00854003
23	0.127854	0.0161664	0.0531092	0.0513973	0.0121444	0.0315047	0.0172664	0.0148356	0.0320272	0.0262632	0.0124696	0.0251674	0.260519	0.127979	0.0312829	0.0726488	0.0384531	0.0398256	0.00232481	0.00676209
24	0.0970018	0.015819	0.040547	0.0201144	0.00382809	0.594039	0.00551436	0.0069915	0.0120631	0.0146207	0.00566072	0.0276739	0.010681	0.00648043	0.0208363	0.0738518	0.0215208	0.0165575	0.000984394	0.0052144
25	0.0528594	0.0171976	0.0177122	0.0339078	0.0075806	0.0118233	0.0458268	0.0284023	0.158964	0.0367826	0.0380766	0.0154536	0.00529668	0.0489497	0.324183	0.0374066	0.0415067	0.0357659	0.0348232	0.0074816
26	0.0600134	0.0160247	0.0268761	0.0443341	0.0106529	0.0252019	0.0434333	0.0243065	0.13792	0.0424721	0.0316852	0.0259434	0.0117507	0.0493682	0.302628	0.0527867	0.047478	0.0308269	0.00647519	0.00982329
27	0.0704975	0.0390949	0.0280799	0.00919529	0.0205359	0.0106105	0.0075747	0.135475	0.0306244	0.155894	0.104286	0.0131931	0.0726486	0.0159783	0.0147849	0.101287	0.0466809	0.117672	0.00173062	0.00415708
28	0.042841	0.00958459	0.197152	0.104467	0.00101565	0.0892522	0.0554541	0.00199277	0.0582062	0.0106774	0.00855664	0.100226	0.021946	0.040208	0.0440013	0.109105	0.0800927	0.00484038	0.000974407	0.0194069
29	0.0694525	0.0214275	0.0317973	0.0531275	0.0224944	0.0168395	0.0227159	0.0583961	0.07312	0.0971183	0.153736	0.0243884	0.0179532	0.0952713	0.0689924	0.051076	0.0435017	0.0615917	0.00636743	0.0106332
30	0.0723398	0.0203418	0.165574	0.258964	0.0078238	0.0327396	0.0215406	0.0150979	0.0525999	0.0229688	0.0154978	0.0405792	0.0159954	0.0559064	0.0409307	0.0679509	0.0479936	0.0282346	0.00581976	0.0111015
31	0.0710098	0.0170332	0.279309	0.130821	0.00651638	0.0537123	0.0227714	0.0130232	0.0394842	0.0234098	0.0129806	0.0719045	0.0209803	0.0357514	0.0309941	0.0903419	0.0466134	0.0182295	0.0043669	0.0107474
32	0.345741	0.0364845	0.0118575	0.00764221	0.015951	0.0430235	0.0035786	0.00814984	0.0155044	0.011547	0.00567249	0.0136308	0.00426952	0.00420144	0.00502683	0.363362	0.0578931	0.0366488	0.00117362	0.00864176
33	0.0617213	0.0359812	0.0746253	0.0488388	0.0615676	0.0278825	0.126137	0.0616768	0.0202436	0.041516	0.0181433	0.0458297	0.00977285	0.0271906	0.0258378	0.0580438	0.0514713	0.0550164	0.0038506	0.144653
34	0.0575538	0.0997543	0.00674156	0.0130927	0.00568705	0.0063521	0.0447017	0.141616	0.0095709	0.0327871	0.0311954	0.0517016	0.00299784	0.0242698	0.0291919	0.116799	0.192932	0.0991042	0.00317427	0.0307769
35	0.26944	0.0598551	0.00367495	0.00652346	0.00326342	0.00747256	0.0042615	0.109949	0.00722272	0.0577978	0.0153647	0.00635302	0.00191142	0.00454617	0.00682767	0.0564443	0.0660704	0.299203	0.000947995	0.0128713
36	0.0683532	0.0330695	0.0209994	0.0748996	0.0254204	0.00906181	0.0210511	0.105772	0.062762	0.0414487	0.075886	0.0107701	0.00204858	0.097695	0.080013	0.0431734	0.0412673	0.159987	0.0177579	0.00856414
37	0.11396	0.0108311	0.0665879	0.0550078	0.0319636	0.084464	0.0254151	0.0115398	0.0360285	0.0339075	0.00425569	0.030225	0.187947	0.0454091	0.0599911	0.133411	0.0561245	0.00864643	0.000761004	0.00352336
38	0.0262867	0.0109124	0.00481144	0.00786362	0.0891132	0.00242536	0.0207968	0.0642076	0.00432265	0.47462	0.112274	0.0116821	0.0479049	0.00722702	0.00295928	0.0102212	0.0282901	0.0585259	0.0005622	0.0149938
39	0.116094	0.00793331	0.10786	0.0885017	0.0118952	0.0539248	0.0166699	0.00753028	0.0626901	0.0257506	0.0039256	0.0314941	0.148484	0.0456909	0.0495283	0.147706	0.0567105	0.0136587	0.000805455	0.00314617
40	0.0470866	0.0123347	0.239009	0.086739	0.00158216	0.110911	0.0582485	0.00300753	0.041059	0.0139159	0.00793191	0.108296	0.0168068	0.0342266	0.0352302	0.0855311	0.0732226	0.00461136	0.000908199	0.0193418
41	0.0494404	0.077608	0.0210762	0.0462963	0.0123552	0.0226627	0.10918	0.0823763	0.0274826	0.0380612	0.067264	0.0189885	0.00647822	0.0340703	0.0289188	0.0700127	0.110267	0.102323	0.062335	0.0128038
42	0.282316	0.0358112	0.0118188	0.00780787	0.00780301	0.0800198	0.00470903	0.00515026	0.00806695	0.0211246	0.00691482	0.0335296	0.00503625	0.00375507	0.00492551	0.404824	0.0467974	0.0196501	0.00105872	0.00888103
43	0.0125739	0.0114273	0.00172643	0.00218704	0.53098	0.00153984	0.00546008	0.0158505	0.00192853	0.0975388	0.00573746	0.00193664	0.000865811	0.00168445	0.00187766	0.00842138	0.0115314	0.0211267	0.0149197	0.250686
44	0.0125739	0.0114273	0.00172643	0.00218704	0.53098	0.00153984	0.00546008	0.0158505	0.00192853	0.0975388	0.00573746	0.00193664	0.000865811	0.00168445	0.00187766	0.00842138	0.0115314	0.0211267	0.0149197	0.250686
45	0.2144	0.0154332	0.0180607	0.00789101	0.00179819	0.566285	0.00217284	0.0032462	0.00510424	0.00757803	0.00271688	0.0279163	0.0143552	0.00271686	0.00938953	0.0723954	0.0134691	0.00881941	0.000849932	0.00540234
46	0.0192718	0.00528332	0.00128906	0.00378384	0.00624059	0.00129359	0.000828841	0.312308	0.00506701	0.0990409	0.0162491	0.00132895	0.00283317	0.00247405	0.00236553	0.00360955	0.0126197	0.503157	0.000232143	0.000723407
47	0.0125739	0.0114273	0.00172643	0.00218704	0.53098	0.00153984	0.00546008	0.0158505	0.00192853	0.0975388	0.00573746	0.00193664	0.000865811	0.00168445	0.00187766	0.00842138	0.0115314	0.0211267	0.0149197	0.250686
48	0.0639242	0.0149354	0.280206	0.157463	0.00715568	0.0433133	0.0230665	0.0100932	0.0409277	0.0223149	0.0115353	0.0694616	0.0292847	0.0373945	0.0273762	0.0859146	0.0470761	0.0135755	0.00449515	0.0104859
49	0.0982817	0.0171039	0.0380418	0.01957	0.00378267	0.575597	0.00700407	0.00868788	0.0145927	0.0181758	0.005204	0.0275816	0.0131856	0.00861689	0.0214367	0.0764562	0.0236958	0.0158604	0.00128908	0.00583628
50	0.069422	0.0274817	0.0483729	0.0699284	0.029424	0.0308098	0.154771	0.0253565	0.0592159	0.0420071	0.0228856	0.0852155	0.0171341	0.047557	0.0694328	0.0674836	0.0583885	0.0387491	0.00572592	0.0306387
51	0.225136	0.0368716	0.0177124	0.01019	0.00461529	0.483613	0.00390777	0.00890834	0.00732006	0.01189	0.00591408	0.0228908	0.00929656	0.00430883	0.0117862	0.0789169	0.0179074	0.0237912	0.000870911	0.0141526
52	0.105487	0.0266921	0.047733	0.0348126	0.00717929	0.340333	0.0169126	0.0122754	0.0264826	0.0217353	0.00998673	0.0341882	0.0163814	0.0180128	0.0257994	0.120286	0.0926323	0.0281965	0.0040649	0.010809
53	0.126739	0.0162633	0.0559405	0.0408935	0.0149059	0.0734032	0.034739	0.0165849	0.0377431	0.0206947	0.00399493	0.0372418	0.16483	0.0296419	0.0505392	0.201628	0.0614733	0.0082106	0.000573486	0.00395957
54	0.0545868	0.00665607	0.0065181	0.020795	0.0990518	0.0048615	0.0419429	0.00597391	0.191567	0.0930596	0.00533091	0.0414784	0.00402474	0.0675329	0.156406	0.0842023	0.0884255	0.015895	0.00130951	0.0103817
55	0.278601	0.053117	0.00327663	0.00600173	0.00348955	0.00798005	0.00244479	0.107024	0.0070604	0.0577829	0.0153267	0.00341814	0.0019755	0.00328511	0.00602473	0.0570294	0.0549828	0.321677	0.000848314	0.0086539
56	0.355503	0.0401461	0.0109326	0.00675734	0.00921304	0.0539582	0.00295595	0.00783734	0.00869051	0.0111763	0.00504119	0.0144975	0.00386153	0.00365003	0.00368035	0.37625	0.0454893	0.0317097	0.00095686	0.0076927
57	0.109966	0.0212066	0.0623942	0.142073	0.00401862	0.0122796	0.021996	0.00364478	0.146355	0.0276594	0.0154805	0.0535215	0.000508405	0.121207	0.101616	0.0803637	0.0581895	0.0157926	0.000240749	0.00148668
58	0.0559568	0.0104515	0.0109295	0.0211726	0.147154	0.0092699	0.181001	0.0133451	0.0241517	0.117905	0.031843	0.05872	0.00472545	0.0188796	0.0475968	0.0260234	0.0228402	0.0165484	0.00202754	0.179458
59	0.367355	0.101754	0.00334351	0.0070797	0.0102328	0.109744	0.00222267	0.0437748	0.00401534	0.012372	0.0092057	0.00465799	0.00391127	0.00426641	0.00573063	0.176118	0.0298856	0.0994749	0.00201172	0.00284325
60	0.466104	0.0657127	0.00358299	0.00848246	0.00824343	0.108175	0.00157106	0.02093	0.00330781	0.00669779	0.0086328	0.00463715	0.00271448	0.00345057	0.00365935	0.184009	0.027353	0.0682857	0.00179726	0.0026535
61	0.11668	0.016031	0.0841135	0.152648	0.00326782	0.016166	0.0159762	0.0046654	0.145922	0.0192425	0.010162	0.056945	0.000530349	0.111323	0.0845696	0.0920729	0.0566071	0.0117715	0.000316276	0.000989629
62	0.0135697	0.00648227	0.0066223	0.0587823	0.00386101	0.0220566	0.35454	0.00656321	0.0581493	0.0432612	0.00583108	0.292058	0.00329111	0.0440937	0.0242213	0.0303702	0.0109765	0.00961757	0.00158331	0.00407015
63	0.0182117	0.00526243	0.00399145	0.00282097	0.0553873	0.00129668	0.00496179	0.182207	0.00175612	0.482214	0.0859663	0.00316976	0.0111685	0.00513954	0.00425985	0.0082914	0.0150361	0.104063	0.000318887	0.00447725
64	0.0291792	0.0182771	0.00674109	0.0166062	0.0676675	0.00301324	0.0217503	0.0709663	0.00741439	0.429862	0.114045	0.00997589	0.0495525	0.00916611	0.00534913	0.0176038	0.0350546	0.0771234	0.001263	0.00938889
65	0.0488805	0.00816884	0.21359	0.138878	0.000786926	0.0765149	0.0457144	0.00189419	0.0573212	0.0110783	0.00776689	0.0873494	0.0264693	0.0435277	0.039584	0.104694	0.0655417	0.004309	0.00150338	0.0164285
66	0.102839	0.0543433	0.0248534	0.0540236	0.0404143	0.0110728	0.154593	0.0321919	0.0347186	0.0112727	0.00423533	0.0558984	0.00154036	0.0333602	0.0416993	0.0830698	0.0829025	0.0991913	0.000866707	0.0769137
67	0.0170102	0.00476265	0.00400191	0.00196227	0.0365303	0.00114776	0.00247808	0.219262	0.00203199	0.464059	0.0730794	0.0021386	0.00503727	0.0047374	0.00557748	0.00914044	0.0152309	0.128942	0.000281759	0.00258782
68	0.0140172	0.0045582	0.0036396	0.00129324	0.016019	0.00113871	0.000835427	0.255507	0.00120868	0.470245	0.0473113	0.00123409	0.000502108	0.00462382	0.00686205	0.00943916	0.0164335	0.144052	0.000276279	0.000802795
69	0.110325	0.0182512	0.0700698	0.135768	0.00480817	0.0162461	0.0190035	0.00556979	0.147612	0.0262509	0.0126921	0.0565527	0.000574201	0.116849	0.0965489	0.0850011	0.0589412	0.0171175	0.000261028	0.00155772
70	0.472588	0.069481	0.00248033	0.00673661	0.0086414	0.127588	0.00159102	0.0258815	0.00274082	0.00654445	0.0101254	0.00304652	0.00291149	0.00369355	0.00419342	0.146585	0.0250984	0.0758391	0.00207664	0.00215775
71	0.0166389	0.00480488	0.00409843	0.00183131	0.0320854	0.0010385	0.00205562	0.230724	0.00138134	0.469968	0.0624292	0.00186596	0.00362984	0.00461309	0.00563424	0.00991998	0.0153319	0.129718	0.000255447	0.00197585
72	0.0858149	0.0300253	0.0100419	0.0210804	0.0108338	0.00388369	0.0968982	0.0370092	0.128904	0.0178971	0.01835	0.0175142	0.00198573	0.0386419	0.299288	0.0317787	0.0456602	0.0626423	0.00545953	0.0362904
73	0.114073	0.00685612	0.168085	0.142229	0.00166102	0.0355225	0.0145741	0.0039553	0.0936697	0.0127421	0.00438846	0.076418	0.0116292	0.0778818	0.0392551	0.131493	0.0539287	0.0059043	0.000799139	0.00493405
74	0.233658	0.0197112	0.0322117	0.0160982	0.00595353	0.353555	0.00809762	0.00706137	0.0117772	0.0128022	0.00489214	0.0264152	0.0479414	0.00804936	0.0165995	0.135455	0.0405405	0.0124148	0.00120328	0.00556245
75	0.0128053	0.0116776	0.00188753	0.0024555	0.528818	0.00166336	0.00597659	0.015944	0.00196144	0.0971926	0.00572856	0.00223105	0.000867904	0.00178287	0.00191337	0.00877743	0.0117779	0.0213752	0.0148383	0.250326
76	0.0260396	0.0103415	0.00414097	0.00748515	0.0816616	0.00195788	0.0179892	0.0661523	0.00405259	0.492941	0.119494	0.00879925	0.0444458	0.00677418	0.00244408	0.0094425	0.0243098	0.0603764	0.000560087	0.010592
77	0.109285	0.0216917	0.0613849	0.138174	0.00415847	0.0123187	0.0225217	0.00365105	0.146639	0.0285803	0.0156388	0.0531369	0.000523056	0.122795	0.102015	0.0809908	0.058204	0.016497	0.000255926	0.00153904
78	0.0604407	0.0308962	0.0178989	0.00739447	0.10722	0.00569887	0.00744621	0.108439	0.0184651	0.365113	0.0781452	0.00846082	0.0150472	0.0327378	0.0118892	0.0292566	0.047057	0.0422728	0.000917051	0.0052041
79	0.0676487	0.0234525	0.188379	0.0935046	0.0205965	0.0268331	0.0196507	0.0369884	0.042731	0.122744	0.0278117	0.0462349	0.0300162	0.03957	0.0337711	0.0750079	0.0451435	0.0405653	0.00390656	0.0154447
80	0.10328	0.0170632	0.121912	0.22128	0.002261	0.0149037	0.0125178	0.00410444	0.114237	0.0163286	0.00874362	0.0498558	0.00209164	0.0952033	0.0666785	0.0910193	0.0465148	0.00835639	0.00199213	0.0016577
81	0.370692	0.0687929	0.0033714	0.00549532	0.0076026	0.176035	0.00196985	0.0239899	0.00325225	0.00886135	0.0081746	0.00795978	0.00430665	0.0032173	0.00465253	0.202713	0.0252	0.0690246	0.00148219	0.00320646
82	0.112506	0.0180586	0.036725	0.0173024	0.00515576	0.580618	0.00448473	0.0071241	0.0127605	0.0150511	0.00529225	0.026553	0.0115265	0.00653735	0.0186781	0.0766001	0.0235025	0.0155052	0.0011564	0.00486293
83	0.019413	0.0307347	0.00997495	0.0147919	0.00235784	0.0333967	0.00221694	0.00304748	0.00341937	0.00516884	0.00281823	0.0234022	0.00136735	0.00290682	0.00320555	0.445682	0.378192	0.00795106	0.000630548	0.00932228
84	0.0669205	0.0365672	0.040523	0.0480862	0.0139241	0.037309	0.0246789	0.0265133	0.0446622	0.0359007	0.0238345	0.0398442	0.0171153	0.0296481	0.0414948	0.195208	0.210334	0.0466595	0.00520332	0.0155728
85	0.449154	0.0719136	0.00228689	0.00639519	0.0100205	0.115574	0.00174276	0.0341902	0.00301012	0.0103767	0.0096056	0.00283215	0.00245043	0.00397303	0.00421571	0.143396	0.0265559	0.0977644	0.00198869	0.00255408
86	0.0184678	0.00507885	0.000840555	0.00290085	0.00550018	0.000847383	0.000634342	0.318705	0.00368966	0.0835063	0.0145089	0.000867963	0.0021971	0.000833963	0.00140906	0.00233256	0.0119554	0.525032	0.000177913	0.000514537
87	0.398353	0.100106	0.00232292	0.0057246	0.012022	0.12078	0.00174876	0.0408979	0.00306365	0.0116526	0.00939973	0.00278319	0.00265365	0.00389629	0.00521894	0.14678	0.0296179	0.0988927	0.00201675	0.00206922
88	0.290894	0.0527878	0.00332271	0.00591812	0.00335575	0.00879561	0.00225743	0.1	0.00664749	0.0559624	0.0137984	0.00340955	0.00193541	0.00322489	0.00561801	0.0625203	0.0556355	0.314618	0.00075422	0.00854504
89	0.0186086	0.0049899	0.00409827	0.0026489	0.0595881	0.00117033	0.00477913	0.177164	0.00170934	0.482748	0.0886885	0.00322633	0.0111192	0.00514339	0.00387676	0.00811506	0.0146543	0.102924	0.00030221	0.00444519
90	0.0170792	0.00451756	0.000817526	0.00289348	0.00553287	0.000834139	0.000612404	0.320283	0.00358002	0.0811648	0.0138078	0.000861877	0.0022319	0.000800675	0.00123652	0.00213265	0.0118058	0.52918	0.000175717	0.000452057
91	0.0211197	0.0250913	0.00999327	0.0164754	0.00185574	0.0390753	0.0021237	0.00311523	0.00335095	0.00442798	0.00247313	0.0247107	0.00135584	0.00274156	0.00310565	0.443242	0.379391	0.00711388	0.000680411	0.00855769
92	0.0831983	0.00912368	0.0800517	0.0398747	0.0142754	0.0550591	0.0166552	0.0110118	0.0307127	0.0308376	0.00893935	0.0269421	0.315879	0.0296861	0.0411249	0.14972	0.0405438	0.0128106	0.000753772	0.00279967
93	0.0355577	0.00660453	0.0996879	0.0877096	0.0022931	0.0695163	0.0626897	0.00294302	0.10962	0.0102479	0.00666867	0.0696518	0.0117534	0.0465343	0.0689293	0.104426	0.172789	0.0127	0.00133275	0.0183447
94	0.458777	0.0591441	0.00374509	0.00777096	0.0160291	0.111046	0.00323174	0.0514376	0.00421718	0.011542	0.011295	0.00451076	0.0030115	0.00605345	0.00541217	0.116055	0.0254297	0.0951072	0.00313932	0.00304569
95	0.0282292	0.0109262	0.0258578	0.0551122	0.0153441	0.0260497	0.306068	0.0102645	0.0520108	0.0423072	0.00970511	0.238043	0.00684997	0.0394862	0.0274103	0.0426961	0.0241032	0.0177297	0.00214217	0.0196639
96	0.193238	0.0991371	0.00749961	0.00995962	0.00696168	0.0242547	0.00515754	0.0667027	0.0193202	0.124056	0.0229853	0.0149104	0.00659195	0.00796863	0.0162143	0.0689951	0.0648896	0.232468	0.00191805	0.00677125
97	0.103524	0.0180259	0.0423765	0.0239071	0.00449438	0.572535	0.00617317	0.00798547	0.01376	0.0153248	0.00459197	0.0281687	0.0112508	0.00733627	0.0197617	0.0750392	0.0211917	0.0177123	0.00153786	0.00530354
98	0.0657214	0.0161275	0.302087	0.141372	0.00805905	0.0536527	0.0233888	0.0121698	0.0353106	0.0196677	0.0086898	0.0744624	0.0203776	0.0337904	0.0273591	0.0824139	0.0425643	0.0173302	0.00326924	0.0121857
99	0.142189	0.0383939	0.0483317	0.0436716	0.0117466	0.0727838	0.0162812	0.0197767	0.0288701	0.0293656	0.01285	0.036441	0.030754	0.0227868	0.0229568	0.258327	0.114214	0.0343799	0.00288007	0.0130011
100	0.0563332	0.0155819	0.0332077	0.0504334	0.0124366	0.042596	0.0422825	0.021569	0.136998	0.0369617	0.0326095	0.0247075	0.0102951	0.0490309	0.292813	0.0492509	0.0450461	0.0285051	0.00656048	0.0127809
101	0.464271	0.0710842	0.00248096	0.00646632	0.00847226	0.130761	0.00166451	0.0257067	0.00267696	0.00744497	0.0113079	0.00314872	0.00274364	0.00367788	0.00470501	0.144997	0.0269861	0.0772041	0.00199057	0.00220925
102	0.0173231	0.00460925	0.000810954	0.00295858	0.00563744	0.000844406	0.000634603	0.319357	0.00357495	0.0814703	0.0140292	0.000862377	0.00225283	0.000794506	0.00126317	0.00216128	0.0119315	0.528855	0.000176783	0.000452306
103	0.0205718	0.00682567	0.00372695	0.00528486	0.0787656	0.00166007	0.0122645	0.0918822	0.00253906	0.516015	0.114326	0.00635354	0.0287514	0.00526558	0.00246238	0.00686787	0.0180208	0.0679226	0.000463301	0.0100308
104	0.240296	0.0823845	0.021349	0.0142292	0.0289487	0.0661131	0.036208	0.0141361	0.00988326	0.0750073	0.0478683	0.0561357	0.0178649	0.0123281	0.0097018	0.155424	0.0620834	0.0179221	0.00168174	0.0304345
105	0.0245408	0.0276479	0.00960309	0.0152799	0.00197372	0.037459	0.00215459	0.00314072	0.00326355	0.00468537	0.00259654	0.0232996	0.00135433	0.00273208	0.00304501	0.450502	0.369647	0.0077881	0.000721673	0.00856555
106	0.0403324	0.0134562	0.0244023	0.192328	0.0350626	0.00508734	0.0224469	0.0570472	0.0363374	0.0545767	0.0645148	0.00699413	0.00230713	0.131465	0.070353	0.0285083	0.049814	0.131498	0.00455481	0.0289136
107	0.0704494	0.0187937	0.268761	0.144907	0.00757446	0.0501564	0.0218989	0.0136375	0.0406816	0.0233667	0.0116525	0.0689477	0.0276025	0.0372286	0.0271654	0.0858735	0.0467212	0.0190808	0.00423579	0.0112658
108	0.0645195	0.0259429	0.0528692	0.0639867	0.0303902	0.0341922	0.152279	0.0236035	0.0610451	0.049236	0.0234773	0.0854185	0.0155133	0.0401431	0.0666193	0.0731003	0.0579762	0.040919	0.00493559	0.0338335
109	0.0517206	0.0113562	0.0201219	0.0460479	0.00572545	0.0167865	0.0415355	0.0183465	0.19623	0.0337249	0.0332289	0.0190966	0.004998	0.0561122	0.328291	0.0369446	0.0416987	0.0260294	0.00613181	0.00587316
110	0.100621	0.0171858	0.0654547	0.0412347	0.0157589	0.0406975	0.0176782	0.024935	0.0244022	0.0504958	0.0209275	0.0247605	0.291927	0.0549415	0.0264934	0.0958275	0.0368413	0.0399546	0.00218171	0.00768078
111	0.0522064	0.065052	0.0715356	0.0540288	0.114165	0.0554509	0.0393859	0.06931	0.00835606	0.0297446	0.0216699	0.0743963	0.0024905	0.0131287	0.0103421	0.057541	0.040506	0.0812609	0.00123748	0.138192
112	0.144476	0.0157919	0.122076	0.169901	0.00884647	0.0309016	0.0142481	0.0132204	0.0343044	0.0416652	0.00794441	0.027554	0.116445	0.0370792	0.0264197	0.102935	0.0380777	0.0384465	0.00346938	0.00619826
113	0.0563075	0.00623688	0.0266543	0.0868579	0.021727	0.111636	0.00551147	0.0695884	0.134174	0.0546028	0.0117878	0.0521331	0.00336856	0.0503832	0.142463	0.0567946	0.0289291	0.0714157	0.00153527	0.00789257
114	0.0759019	0.0205347	0.154992	0.234906	0.0105096	0.0374287	0.0231246	0.0206164	0.0504477	0.031317	0.0154988	0.0396982	0.0155572	0.0545982	0.0372035	0.0723537	0.0505425	0.0360562	0.00586435	0.0128489
115	0.0374984	0.00876483	0.00849074	0.0202072	0.00146081	0.00202243	0.0493031	0.015812	0.201119	0.0277278	0.0423565	0.00666852	0.00109015	0.0434426	0.450453	0.019822	0.0341575	0.0153718	0.00880429	0.00542688
116	0.110853	0.0208558	0.0651611	0.142444	0.00387943	0.0127344	0.0210727	0.00377598	0.147278	0.0261692	0.0146359	0.0536008	0.000511174	0.121025	0.0994472	0.082194	0.0576205	0.0151441	0.000251582	0.00134578
117	0.0615687	0.0165094	0.0327721	0.0499251	0.0110846	0.0314087	0.0459097	0.0258602	0.132651	0.0421946	0.0299532	0.0265705	0.0100254	0.054329	0.274515	0.0499655	0.0497753	0.0358631	0.00740982	0.0117093
118	0.0342457	0.00937225	0.00307782	0.00544481	0.00911659	0.00419121	0.00237167	0.285554	0.00804263	0.125305	0.0225456	0.00330764	0.00452812	0.00545786	0.0052359	0.0111242	0.018034	0.439893	0.000622024	0.00252949
119	0.0289261	0.010517	0.0162291	0.277808	0.0196447	0.00638154	0.0469717	0.0589986	0.0198293	0.0304791	0.0480735	0.00755054	0.00336799	0.119346	0.0499374	0.034965	0.0487936	0.134285	0.00314443	0.0347509
120	0.115255	0.0147498	0.0893619	0.140346	0.00391746	0.0199593	0.0145892	0.00731015	0.148519	0.020407	0.00932683	0.0584353	0.00129579	0.106202	0.0843535	0.0980029	0.0529163	0.0133141	0.000337425	0.00140163
121	0.289585	0.0480968	0.0300632	0.0359337	0.0148696	0.100066	0.0133362	0.033831	0.027652	0.0362583	0.0189795	0.0218203	0.0233359	0.0256549	0.0255048	0.120151	0.0432161	0.0789325	0.00306387	0.0096495
122	0.116636	0.0182384	0.0392026	0.0191806	0.00350058	0.565619	0.00553785	0.00693759	0.0129617	0.0141173	0.00398363	0.0273604	0.0111292	0.00713793	0.0194557	0.0826408	0.0234813	0.0168546	0.00124388	0.00478092
123	0.0834798	0.0230448	0.0374716	0.0262838	0.0136699	0.460368	0.00956099	0.0204854	0.0196699	0.0576854	0.0180113	0.0287259	0.0152	0.0137752	0.0261399	0.0764939	0.0289847	0.0304542	0.00182948	0.0086656
124	0.045556	0.0633959	0.0322627	0.00979237	0.00999279	0.00697406	0.0101154	0.0241632	0.0247296	0.0388476	0.0269396	0.101546	0.00289556	0.00865359	0.0163933	0.181488	0.265796	0.0722372	0.00132049	0.0569006
125	0.0297363	0.0084074	0.00234977	0.00579785	0.00729928	0.00354879	0.00128557	0.297641	0.00574011	0.102305	0.0182367	0.00235645	0.00361243	0.0025632	0.00416014	0.00802439	0.0152634	0.479599	0.000372415	0.00170085
126	0.0634956	0.0222951	0.0111867	0.0176432	0.049069	0.0139338	0.00813645	0.107107	0.036687	0.118573	0.150655	0.0126884	0.00710827	0.0477005	0.0665567	0.0704842	0.0869295	0.0999146	0.00564962	0.00418643
127	0.0597003	0.0172345	0.0113509	0.0164199	0.0508342	0.0506677	0.00590495	0.155669	0.0267438	0.143761	0.113802	0.0293651	0.00737471	0.0266049	0.0744773	0.0604008	0.0661827	0.0765264	0.00251875	0.00446162
128	0.0479663	0.00948931	0.158819	0.104259	0.00172856	0.0776729	0.0546782	0.00259875	0.0864399	0.0124742	0.00925762	0.0890506	0.0174852	0.053583	0.0579073	0.102966	0.0875742	0.00792241	0.000972602	0.0171551
129	0.0502695	0.0147983	0.0148582	0.0323451	0.00778013	0.00614228	0.0637123	0.0220402	0.154601	0.0348954	0.057282	0.0147659	0.00289915	0.0481238	0.356413	0.0317463	0.039851	0.028297	0.0100115	0.00916835
130	0.0170792	0.00451756	0.000817526	0.00289348	0.00553287	0.000834139	0.000612404	0.320283	0.00358002	0.0811648	0.0138078	0.000861877	0.0022319	0.000800675	0.00123652	0.00213265	0.0118058	0.52918	0.000175717	0.000452057
131	0.0682806	0.0455747	0.211035	0.25041	0.00624865	0.0270906	0.0135962	0.0270507	0.0253286	0.0164855	0.0107797	0.0817739	0.007724	0.035415	0.0177559	0.0915749	0.0337908	0.0161134	0.00575934	0.00821224
132	0.0653548	0.0142202	0.0938112	0.0518946	0.00405798	0.486187	0.0136463	0.00643558	0.021621	0.0159256	0.00556142	0.0382747	0.0176535	0.0164589	0.0251925	0.072964	0.0286251	0.0125036	0.00208386	0.00752791
133	0.0885867	0.010933	0.126291	0.0916216	0.00666374	0.0651819	0.0282042	0.00778597	0.0777629	0.0295073	0.00794112	0.0571956	0.0578523	0.0502928	0.0648722	0.130425	0.0750214	0.0135287	0.00154974	0.00878378
134	0.0350761	0.0131347	0.00483249	0.00658916	0.0259273	0.00480875	0.00423299	0.211921	0.00700336	0.336599	0.0498488	0.00459864	0.00896766	0.00986087	0.00916639	0.0153831	0.0213925	0.224482	0.000722529	0.00545224
135	0.32422	0.045428	0.0195992	0.0156929	0.00614339	0.288658	0.00513816	0.017447	0.0079398	0.0126308	0.00801748	0.0189238	0.0103443	0.0076242	0.0107127	0.122443	0.0267541	0.0449945	0.00169732	0.00559162
136	0.0661322	0.0177747	0.00938238	0.0168836	0.0110726	0.0125863	0.00768908	0.227804	0.0113257	0.105328	0.0247155	0.00664126	0.00855908	0.0121673	0.0120995	0.0305955	0.0265137	0.384687	0.00211657	0.00592501
137	0.269416	0.0430345	0.0284902	0.0267411	0.0124288	0.0778731	0.00999358	0.0192147	0.0185952	0.0235108	0.0123702	0.0236502	0.023589	0.015761	0.0164237	0.267357	0.0556646	0.043437	0.00180454	0.010645
138	0.0578358	0.0164146	0.03045	0.0492368	0.0116592	0.0429455	0.0421514	0.0230107	0.140726	0.0369484	0.0337607	0.0243088	0.0114009	0.0504019	0.284863	0.0486945	0.0479555	0.0308081	0.00641951	0.010008
139	0.355922	0.0511409	0.00899053	0.00756805	0.00767129	0.1051	0.00252707	0.0112762	0.0066262	0.010072	0.00592306	0.0135418	0.00751074	0.00358943	0.00500159	0.303929	0.0451864	0.0419538	0.00104294	0.00542697
140	0.0135762	0.0113624	0.00222042	0.00238736	0.516739	0.00158538	0.00655659	0.0172848	0.00204501	0.112801	0.00863123	0.00224736	0.00213002	0.00201103	0.00200932	0.00848713	0.0123712	0.0220155	0.0142935	0.239246
141	0.106186	0.0169839	0.0406388	0.0188523	0.00389517	0.587938	0.00495461	0.00852037	0.0140505	0.0155789	0.00414847	0.0281072	0.00965547	0.00632873	0.0209287	0.0728541	0.01807	0.0169484	0.00104397	0.00431617
142	0.0652571	0.0165964	0.282132	0.14404	0.00689835	0.053537	0.023065	0.0107882	0.0391487	0.0250528	0.0112932	0.0716529	0.0270628	0.0343958	0.0293639	0.0833792	0.0465259	0.0160678	0.00442345	0.00931999
143	0.0125739	0.0114273	0.00172643	0.00218704	0.53098	0.00153984	0.00546008	0.0158505	0.00192853	0.0975388	0.00573746	0.00193664	0.000865811	0.00168445	0.00187766	0.00842138	0.0115314	0.0211267	0.0149197	0.250686
144	0.105011	0.0117188	0.225197	0.154874	0.00317026	0.042772	0.0282237	0.00625018	0.0302939	0.0131178	0.0181345	0.0332208	0.0158211	0.0563898	0.0397587	0.0899522	0.0781708	0.0226661	0.0159673	0.00928981
145	0.0125739	0.0114273	0.00172643	0.00218704	0.53098	0.00153984	0.00546008	0.0158505	0.00192853	0.0975388	0.00573746	0.00193664	0.000865811	0.00168445	0.00187766	0.00842138	0.0115314	0.0211267	0.0149197	0.250686
146	0.0761756	0.0221493	0.0499339	0.0762737	0.0143077	0.0369469	0.0338521	0.0251491	0.154684	0.0383679	0.0293988	0.0385786	0.0134378	0.0643445	0.139797	0.0731646	0.0578125	0.0411461	0.00443599	0.0100434
147	0.10975	0.0218191	0.0620286	0.137256	0.004181	0.012671	0.0223947	0.00370009	0.145509	0.0287059	0.0149702	0.0535548	0.000584925	0.12253	0.102103	0.0810392	0.0585004	0.0169211	0.000248634	0.00153233
148	0.125106	0.0137909	0.0584208	0.0427261	0.0150705	0.0719507	0.0308686	0.0136427	0.0399203	0.0213	0.00343681	0.0348814	0.178022	0.0317222	0.0510305	0.194848	0.0611406	0.00829627	0.000602697	0.00322325
149	0.191462	0.0127454	0.0142161	0.0368037	0.00488516	0.00972483	0.00695832	0.0105336	0.010236	0.013743	0.00780551	0.00984706	0.36856	0.186264	0.00859567	0.0264183	0.0148665	0.0592559	0.00218332	0.00489553
150	0.0180199	0.113544	0.0401957	0.124893	0.0040486	0.0650079	0.0388472	0.0251246	0.0386215	0.0408461	0.00821622	0.00789725	0.00257848	0.0386474	0.00706202	0.144938	0.167329	0.0754752	0.034692	0.00401512
151	0.0717203	0.0154528	0.139351	0.194026	0.00577653	0.014038	0.0146097	0.00577123	0.0992592	0.0591126	0.0141435	0.0362936	0.00344468	0.123097	0.0692105	0.0649599	0.0428583	0.0194013	0.00276384	0.0047101
152	0.0925051	0.0784548	0.0564238	0.0856092	0.0174555	0.030703	0.03078	0.0335418	0.0577647	0.0432431	0.029207	0.0349884	0.0289083	0.114028	0.0468679	0.0839999	0.0612992	0.0502756	0.00731113	0.0166339
153	0.072559	0.0170611	0.0138859	0.0149981	0.0264383	0.0105404	0.0113899	0.061677	0.10433	0.164778	0.22985	0.0168902	0.0106174	0.0701735	0.036038	0.0358021	0.0351657	0.0576679	0.00318901	0.00694872
154	0.0380743	0.00998362	0.00268859	0.00644825	0.00725607	0.00602396	0.00186656	0.285534	0.00772617	0.10843	0.0191061	0.00313305	0.00420978	0.00489311	0.00509575	0.0108032	0.0170833	0.459465	0.00044292	0.00173601
155	0.0621703	0.0438526	0.0245215	0.028414	0.00963943	0.0281076	0.0146757	0.0224919	0.0195742	0.026147	0.0144566	0.0381373	0.00630268	0.0156572	0.0198652	0.280588	0.258223	0.064683	0.00289299	0.0195994
156	0.284486	0.0541738	0.0222749	0.0177203	0.00937262	0.0600353	0.00944378	0.018453	0.0124298	0.0158001	0.00975695	0.0145215	0.120743	0.0254304	0.0117851	0.216491	0.0366679	0.0533764	0.00149421	0.00554475
157	0.165313	0.0346736	0.0189143	0.138511	0.0109463	0.0195019	0.0246117	0.0846833	0.0213517	0.0406871	0.0264337	0.0197568	0.00784504	0.02876	0.0267887	0.0553591	0.0850885	0.172204	0.00435197	0.014219
158	0.148315	0.0173415	0.0537274	0.0423439	0.0136335	0.0496445	0.0187237	0.0165182	0.0246433	0.0286879	0.013193	0.0247476	0.272283	0.0731703	0.0270631	0.100214	0.0360329	0.0309272	0.00226715	0.00652236
159	0.0656964	0.0158417	0.320047	0.365446	0.00130422	0.0186127	0.00721941	0.00365906	0.0205361	0.00839387	0.00527023	0.0311088	0.00527197	0.0365138	0.0113517	0.0419664	0.026145	0.00424537	0.00787005	0.00349966
160	0.0437403	0.0154649	0.00932992	0.0112593	0.153494	0.011763	0.00854608	0.159429	0.0107862	0.181933	0.0428528	0.010228	0.0070961	0.0118992	0.0136675	0.0247375	0.024528	0.194681	0.00473469	0.0598307
161	0.0138423	0.00412928	0.0036653	0.00124414	0.01621	0.000926854	0.000714397	0.255943	0.0010227	0.472948	0.0474915	0.00112092	0.000482029	0.00379916	0.00626806	0.00887705	0.0156586	0.144589	0.000249458	0.000817374
162	0.0170792	0.00451756	0.000817526	0.00289348	0.00553287	0.000834139	0.000612404	0.320283	0.00358002	0.0811648	0.0138078	0.000861877	0.0022319	0.000800675	0.00123652	0.00213265	0.0118058	0.52918	0.000175717	0.000452057
163	0.0140965	0.00422427	0.00350108	0.00152401	0.0153674	0.00106319	0.000745777	0.260025	0.00208533	0.442934	0.0449363	0.00122145	0.000758289	0.00462062	0.0063094	0.00859077	0.0154963	0.171449	0.000267671	0.000783818
164	0.365647	0.0842924	0.0158007	0.0230827	0.010778	0.0948561	0.00948617	0.0303511	0.0133575	0.0234577	0.0139334	0.0148024	0.00975364	0.014018	0.014401	0.135601	0.0392749	0.0784253	0.00234442	0.00633692
165	0.179625	0.0875033	0.0352116	0.0392325	0.0113606	0.0683697	0.0180428	0.0243539	0.0187753	0.0291804	0.0155846	0.0295194	0.0143642	0.0178915	0.0159368	0.237709	0.0887448	0.0516865	0.00499038	0.0119173
166	0.0700614	0.017939	0.27412	0.150853	0.00579357	0.0560303	0.0197065	0.0141609	0.0372003	0.0230335	0.0126352	0.0661571	0.0266853	0.0365926	0.0282493	0.0827749	0.043229	0.0194037	0.00460084	0.0107737
167	0.115909	0.0183233	0.0460228	0.0284045	0.00438054	0.541373	0.00596443	0.00793497	0.0136626	0.01443	0.00449711	0.0288652	0.0102059	0.00777728	0.0189071	0.0825227	0.02525	0.018261	0.00185717	0.00545134
168	0.0170792	0.00451756	0.000817526	0.00289348	0.00553287	0.000834139	0.000612404	0.320283	0.00358002	0.0811648	0.0138078	0.000861877	0.0022319	0.000800675	0.00123652	0.00213265	0.0118058	0.52918	0.000175717	0.000452057
169	0.0128044	0.0114284	0.00180037	0.0023062	0.529291	0.00155091	0.00555302	0.0158425	0.00200318	0.0973962	0.00579738	0.00219813	0.000946624	0.00174853	0.00213379	0.00861938	0.0116176	0.0212896	0.0152661	0.250406
170	0.069561	0.0159517	0.27141	0.149735	0.00763565	0.0484079	0.0204368	0.0153115	0.0401384	0.0337043	0.0109936	0.066688	0.0269787	0.0380885	0.0285702	0.0775564	0.0428516	0.0211291	0.00390974	0.0109418
171	0.290949	0.05615	0.00934392	0.0161939	0.00764497	0.0375123	0.00829143	0.0715861	0.012305	0.0440207	0.0163307	0.0101747	0.00509969	0.00899081	0.0144199	0.0821084	0.0746163	0.222312	0.00221485	0.00973514
172	0.0505082	0.0174931	0.00823209	0.00615773	0.0717939	0.00734027	0.00713943	0.110539	0.0194863	0.276049	0.158098	0.0102984	0.0178372	0.0336972	0.0259728	0.0423236	0.0538016	0.0778466	0.00131106	0.00407356
173	0.0223599	0.0225302	0.0113817	0.0191777	0.001878	0.043707	0.00218719	0.00333599	0.00338571	0.00458426	0.00262141	0.028863	0.00156258	0.00289996	0.00326489	0.441676	0.369062	0.00704026	0.000724027	0.0077586
174	0.0552623	0.0135257	0.221884	0.084613	0.0028886	0.140483	0.0363728	0.00491021	0.04225	0.013128	0.00735877	0.111006	0.0203783	0.0301599	0.0315379	0.104933	0.0565968	0.00812473	0.00107049	0.013517
175	0.0779025	0.0106155	0.287716	0.305584	0.00141887	0.0264526	0.013955	0.00325047	0.0243026	0.0089321	0.00693031	0.0302682	0.00817521	0.0412388	0.026113	0.0532909	0.0502008	0.00700725	0.00738558	0.00926017
176	0.0675787	0.0130305	0.292933	0.393621	0.000878338	0.0206547	0.00780309	0.00310599	0.0215126	0.00758372	0.0049091	0.0275907	0.00561263	0.0389998	0.0112981	0.0397052	0.0278094	0.0035456	0.00839787	0.00342992
177	0.145068	0.0404523	0.00265068	0.00402257	0.00466167	0.00225414	0.00193262	0.182917	0.00736584	0.121417	0.027515	0.00227641	0.0024672	0.00245211	0.00630334	0.0309348	0.0336915	0.376431	0.00064193	0.00454458
178	0.336517	0.101734	0.00727132	0.00980051	0.00857437	0.130007	0.00486269	0.0228395	0.0114302	0.0293982	0.0251534	0.0138227	0.00503211	0.00760117	0.0255296	0.10066	0.0632985	0.088494	0.00231638	0.00565771
179	0.128158	0.00934765	0.138512	0.147291	0.00244584	0.0223603	0.00916295	0.00462	0.113074	0.016223	0.00559822	0.0685241	0.00617163	0.0980006	0.0492473	0.122615	0.048369	0.00800107	0.000495104	0.0017833
180	0.015747	0.0106836	0.00231998	0.00263149	0.500043	0.00179752	0.0161575	0.0172032	0.0023051	0.107564	0.00938339	0.00527156	0.00172301	0.00198874	0.00383865	0.00877296	0.014022	0.0202861	0.0134958	0.244765
181	0.0170792	0.00451756	0.000817526	0.00289348	0.00553287	0.000834139	0.000612404	0.320283	0.00358002	0.0811648	0.0138078	0.000861877	0.0022319	0.000800675	0.00123652	0.00213265	0.0118058	0.52918	0.000175717	0.000452057
182	0.0477478	0.0119501	0.00701343	0.0221943	0.001416	0.00226512	0.0611691	0.0132335	0.166588	0.0333222	0.0317197	0.00797027	0.0014084	0.0508933	0.45246	0.0241978	0.030678	0.0160103	0.0114639	0.00629864
183	0.0432371	0.00808444	0.189348	0.1016	0.00118271	0.0851299	0.0548263	0.00214048	0.0622772	0.01095	0.00968421	0.10371	0.0219629	0.0410421	0.0455201	0.113236	0.0775548	0.00546214	0.000888072	0.0221623
184	0.022506	0.0086656	0.00745717	0.0259865	0.0110315	0.00746102	0.00577974	0.168847	0.109721	0.218657	0.0568837	0.00912863	0.00459277	0.116196	0.0620432	0.0177608	0.0181967	0.123034	0.0020863	0.00396448
185	0.0215397	0.00733997	0.00375722	0.00544388	0.0805981	0.00182314	0.0129391	0.0860386	0.00286536	0.513293	0.117107	0.00670529	0.0303691	0.00560209	0.00268491	0.00749655	0.0188737	0.0652764	0.000474808	0.00977184
186	0.0936601	0.0199865	0.0588604	0.124906	0.00907777	0.0119048	0.0230941	0.00387696	0.132622	0.0518277	0.0144868	0.0478812	0.00148194	0.124641	0.111818	0.0780883	0.0623553	0.0253704	0.000260797	0.00380086
187	0.0179064	0.115687	0.037969	0.122362	0.00397297	0.065587	0.0393904	0.0270987	0.0375264	0.0413742	0.00898464	0.00768334	0.00264148	0.0386561	0.00634267	0.149562	0.160877	0.0768802	0.0358683	0.0036298
188	0.048403	0.00776211	0.200107	0.113434	0.000843001	0.0821776	0.0487885	0.00179336	0.0602266	0.0116872	0.0079554	0.0963626	0.0281532	0.0411746	0.0405937	0.113029	0.0737745	0.00444876	0.000907535	0.018378
189	0.0574429	0.00949382	0.447043	0.0530502	0.00338789	0.0169839	0.00902835	0.00783588	0.0307927	0.0119182	0.00590904	0.176748	0.00504806	0.0139821	0.0105375	0.107535	0.0181101	0.00915815	0.00127887	0.00471695
190	0.02528	0.0107031	0.00492707	0.00762229	0.0797295	0.00228312	0.0178659	0.0649108	0.00446517	0.487426	0.119355	0.00923079	0.0481761	0.00717619	0.00263993	0.0101957	0.0251435	0.0617196	0.00056696	0.0105838
191	0.041911	0.0147756	0.0104245	0.0807771	0.00484839	0.0621369	0.0285028	0.00647475	0.187394	0.0185834	0.00476427	0.0210216	0.0247534	0.0919039	0.142686	0.0773324	0.0972118	0.0800044	0.000943277	0.00355036
192	0.0489347	0.0100379	0.0962499	0.13546	0.00646852	0.00847899	0.0219901	0.0057932	0.0934711	0.134271	0.0301662	0.0477875	0.00258219	0.0568841	0.0985927	0.0891952	0.0589175	0.0390057	0.00100519	0.0147079
193	0.0170792	0.00451756	0.000817526	0.00289348	0.00553287	0.000834139	0.000612404	0.320283	0.00358002	0.0811648	0.0138078	0.000861877	0.0022319	0.000800675	0.00123652	0.00213265	0.0118058	0.52918	0.000175717	0.000452057
