287	20
1	0.190136	0.00479924	0.00884712	0.0118799	0.0421127	0.0272133	0.0102694	0.0291528	0.0121945	0.0671778	0.0220007	0.0153125	0.0474227	0.0130978	0.0169689	0.219995	0.115729	0.0802507	0.00289377	0.0625459
2	0.253912	0.00346112	0.0128563	0.0207949	0.0109074	0.0343085	0.00930512	0.0734992	0.0221934	0.0747094	0.0455738	0.0303542	0.00703677	0.02636	0.0167926	0.153652	0.0905552	0.0953286	0.00115256	0.0172461
3	0.0234768	0.0196038	0.00235329	0.00369919	0.146121	0.00359007	0.0513359	0.00845043	0.00882483	0.0964635	0.0120029	0.00398228	0.00946288	0.00408223	0.00844205	0.0262276	0.0189658	0.0210864	0.00096192	0.530867
4	0.0199267	0.0040086	0.000726262	0.00954183	0.000405889	0.0152122	0.0299147	0.00710697	0.240649	0.0143408	0.00875709	0.0291826	0.00161392	0.0892937	0.446016	0.0473782	0.0203023	0.00610384	0.00643403	0.00308478
5	0.0194685	0.00460031	0.000736791	0.0113939	0.000395663	0.0136753	0.028067	0.00694064	0.259388	0.0165959	0.00874971	0.026565	0.00174972	0.0796272	0.446851	0.040199	0.0187423	0.00687951	0.00529468	0.00407972
6	0.0805147	0.0431657	0.00737165	0.0139375	0.00428829	0.0213266	0.0850279	0.0688455	0.0455122	0.0783824	0.0780857	0.0232132	0.0263846	0.0231799	0.126664	0.13618	0.0691431	0.0265169	0.0102019	0.0320585
7	0.237908	0.00343683	0.00425572	0.0126948	0.00888949	0.0234747	0.00704296	0.0905799	0.0221789	0.106737	0.0685038	0.0170132	0.00216951	0.0396257	0.0118828	0.103426	0.086044	0.134839	0.000711449	0.0185859
8	0.443785	0.00274936	0.0142465	0.0193203	0.0073251	0.035805	0.0062557	0.00532483	0.00415544	0.024648	0.0162426	0.0035959	0.0105059	0.00756091	0.00446788	0.2083	0.0857806	0.0871876	0.00107191	0.0116712
9	0.122801	0.00188981	0.172443	0.226919	0.000407629	0.0785851	0.0191594	0.01259	0.0188197	0.01585	0.011973	0.0649532	0.00335772	0.0429829	0.0242579	0.0925305	0.0544018	0.0305086	0.000917422	0.00465214
10	0.306162	0.00558188	0.0210749	0.074607	0.00279887	0.0473648	0.00977288	0.0126675	0.025318	0.0684116	0.0205539	0.0208971	0.00568443	0.0525881	0.0322867	0.12724	0.070196	0.0908063	0.000821153	0.00516727
11	0.0595909	0.00667147	0.00140749	0.00832073	0.00478661	0.00656036	0.00261229	0.243377	0.0041452	0.250739	0.0796764	0.0081518	0.00046749	0.0171893	0.00505458	0.011167	0.0264524	0.259221	0.000394693	0.00401401
12	0.0225545	0.0169299	0.0180118	0.013413	0.00315016	0.102128	0.02595	0.0587401	0.0996679	0.0119989	0.00974927	0.307257	0.00864305	0.0440129	0.0691834	0.148937	0.0158999	0.0106274	0.00231916	0.0108262
13	0.140518	0.00176425	0.0128168	0.0180373	0.00353466	0.0443314	0.0111726	0.0169828	0.0361692	0.0482533	0.00630974	0.0853545	0.0191753	0.040858	0.0394524	0.259645	0.174286	0.0370548	0.000677168	0.00360658
14	0.0437864	0.00164441	0.287353	0.441296	0.000322249	0.0287714	0.0144477	0.00500142	0.0154255	0.00956535	0.0102442	0.0256289	0.00134128	0.0507993	0.0152031	0.0209569	0.0127233	0.0112727	0.000149396	0.00406706
15	0.0776359	0.00537259	0.0032533	0.00559722	0.172629	0.00562476	0.011617	0.0677438	0.00689758	0.208086	0.0580119	0.00513291	0.00567702	0.00582235	0.006425	0.0321687	0.0123769	0.112785	0.00967014	0.187473
16	0.123582	0.0074759	0.00844737	0.019508	0.00833075	0.0195214	0.0250274	0.0899227	0.0233412	0.14744	0.0658989	0.0474073	0.00362458	0.0449527	0.0213522	0.0910671	0.0832577	0.143935	0.00196049	0.0239473
17	0.0179733	0.00516622	0.000917416	0.0133745	0.000504723	0.0126263	0.0295997	0.00668783	0.265045	0.0205552	0.00918333	0.0232617	0.00185797	0.0670433	0.458171	0.0333157	0.01773	0.00747273	0.00440739	0.00510627
18	0.142726	0.00418044	0.00912519	0.0159619	0.00613547	0.0486042	0.0110335	0.0420554	0.02918	0.051366	0.0112436	0.0514585	0.0318623	0.0247872	0.0432224	0.270645	0.159616	0.0326983	0.00142827	0.0126706
19	0.0221926	0.0133302	0.0197755	0.0161516	0.00285965	0.0939639	0.0307002	0.0539056	0.104473	0.011391	0.00784222	0.311872	0.00838719	0.0528989	0.069658	0.144589	0.0142527	0.00887923	0.00153267	0.011345
20	0.0532225	0.00300638	0.175363	0.321427	0.00251837	0.0263195	0.0345523	0.00722727	0.0464061	0.0310289	0.0156796	0.0279062	0.00399582	0.132312	0.0448107	0.035151	0.0178698	0.0150629	0.000583547	0.00555669
21	0.0183358	0.00545093	0.000901911	0.0128987	0.000506972	0.0120846	0.02723	0.00673432	0.285769	0.0188682	0.00977097	0.0240596	0.0021093	0.0710709	0.433872	0.0351041	0.0178059	0.00803845	0.00438808	0.0050002
22	0.174838	0.00272192	0.05302	0.150369	0.00318712	0.0291866	0.0182867	0.0173562	0.0474977	0.0881993	0.0326066	0.026657	0.00720194	0.132519	0.0558954	0.05873	0.0384641	0.0589832	0.000805833	0.00347539
23	0.0631195	0.0019614	0.0404204	0.147966	0.00235693	0.0191081	0.0761478	0.00681425	0.0551054	0.0540964	0.0215675	0.0295033	0.00427779	0.325824	0.0480795	0.0582888	0.0273025	0.0139201	0.000572989	0.00356738
24	0.039653	0.00442351	0.00289609	0.0127406	0.0142328	0.00279366	0.00427215	0.0917526	0.00648024	0.463944	0.195617	0.00150472	0.0012226	0.0101213	0.0102335	0.00880058	0.0253684	0.0954397	0.00251504	0.0059881
25	0.089251	0.00779408	0.00784638	0.0165785	0.0104028	0.0180296	0.00869284	0.206351	0.0348181	0.13846	0.0848676	0.0320213	0.0026098	0.0497271	0.0175134	0.0347005	0.0349247	0.195817	0.00122222	0.00837206
26	0.136909	0.0025129	0.134455	0.175413	0.000929983	0.111198	0.0287364	0.0118534	0.0205141	0.0153594	0.0126604	0.0724163	0.00411854	0.0383988	0.0278549	0.104618	0.0590401	0.0378794	0.000933699	0.00419858
27	0.0492179	0.00482419	0.00285327	0.011609	0.0149954	0.00524365	0.00400004	0.136397	0.0068748	0.397844	0.148094	0.00520893	0.00110199	0.0131659	0.00909125	0.0126223	0.0255136	0.14035	0.00202198	0.00897157
28	0.0780855	0.00758054	0.0527698	0.0608927	0.0034756	0.0619499	0.0367307	0.0355908	0.0602432	0.0347604	0.0178618	0.200746	0.00755829	0.054777	0.0631219	0.125519	0.0535712	0.0322931	0.00218784	0.0102846
29	0.103227	0.00348103	0.0704621	0.0557351	0.00316871	0.0564201	0.0309493	0.0299135	0.0291059	0.0228686	0.0133214	0.175561	0.0058823	0.0338855	0.0302056	0.163109	0.125041	0.0391336	0.00345966	0.00506902
30	0.0233523	0.00547531	0.00200512	0.0148139	0.000769297	0.0142103	0.0296517	0.00808354	0.254987	0.0242986	0.011067	0.0271797	0.00248403	0.0695835	0.43287	0.0393049	0.0205826	0.00941452	0.0044695	0.0053971
31	0.043548	0.0140484	0.00284653	0.005463	0.157992	0.0045074	0.034736	0.0309946	0.00869724	0.154572	0.0319491	0.00467788	0.00690867	0.00616237	0.00806496	0.0302361	0.0167206	0.0552479	0.00405614	0.378571
32	0.40194	0.00260893	0.0109041	0.0174624	0.00764122	0.0311186	0.00604759	0.0279933	0.00807785	0.0428556	0.028341	0.00618981	0.00775063	0.0113861	0.00512075	0.180884	0.0891216	0.102069	0.000824105	0.0116632
33	0.0723236	0.00988468	0.00864049	0.0159924	0.00277287	0.090193	0.00725508	0.00900883	0.0347574	0.0296723	0.0208485	0.109315	0.0119241	0.0147394	0.013268	0.370766	0.14497	0.0296974	0.000925419	0.00304565
34	0.0195357	0.0204321	0.00215347	0.00342734	0.151995	0.00321221	0.0519804	0.00690652	0.00894532	0.0967742	0.0110499	0.00359134	0.00741403	0.00411421	0.00856088	0.0251717	0.0159825	0.0180331	0.00061166	0.540109
35	0.0523194	0.00588711	0.00842698	0.0324018	0.0136707	0.0071947	0.0074135	0.136281	0.0109261	0.345332	0.138429	0.0072525	0.00202763	0.0240591	0.0154595	0.0154007	0.027867	0.139632	0.00178569	0.00823391
36	0.0141648	0.00212862	0.32974	0.523305	0.000361276	0.0146006	0.00983414	0.00226058	0.0148226	0.00326863	0.00650653	0.0149687	0.000453584	0.0414738	0.0117366	0.00477604	0.00179864	0.00215467	0.000198397	0.00144626
37	0.0213605	0.00542598	0.000979965	0.0149002	0.000521013	0.0126959	0.0275998	0.00705653	0.275879	0.0200012	0.0091421	0.0245516	0.00207195	0.0686865	0.438296	0.0345809	0.0180695	0.00874904	0.00425548	0.00517672
38	0.0659548	0.00579454	0.00449368	0.0131669	0.0171129	0.00856077	0.00440991	0.184699	0.00826235	0.280295	0.100428	0.00982384	0.00144359	0.0196839	0.00930756	0.0199558	0.0286807	0.202827	0.00174672	0.0133524
39	0.0276433	0.0189966	0.00531064	0.0219445	0.00436319	0.0176812	0.0786462	0.0131579	0.184285	0.0286576	0.0166699	0.0241382	0.00408866	0.0850057	0.374514	0.0449063	0.0211576	0.011449	0.00550046	0.0118842
40	0.0969343	0.00489371	0.0592254	0.0382297	0.0500759	0.011054	0.11927	0.00824098	0.0116168	0.0522694	0.0439824	0.0887718	0.00465646	0.0592982	0.0359362	0.108821	0.0663639	0.0104186	0.0017048	0.128237
41	0.0625616	0.00677845	0.0144756	0.0371815	0.0111668	0.0153089	0.0172474	0.057771	0.067969	0.262599	0.0961153	0.0208165	0.00347074	0.0475577	0.114276	0.0420907	0.0364639	0.0706715	0.00310143	0.0123767
42	0.0814156	0.00216857	0.219426	0.344003	0.00140549	0.0385004	0.0188584	0.00949662	0.0221549	0.024931	0.0142915	0.0331345	0.00322965	0.0627239	0.0246839	0.0442226	0.025359	0.0241673	0.000286635	0.00554069
43	0.0877619	0.00300561	0.0364162	0.0973231	0.00174335	0.0377825	0.056848	0.00963713	0.0543332	0.0616379	0.0238404	0.0520214	0.00408254	0.236787	0.0535792	0.0913625	0.0576398	0.0284274	0.000673823	0.00509738
44	0.0620883	0.00166772	0.0343398	0.112938	0.00139081	0.0175288	0.101004	0.00327104	0.0607329	0.0318081	0.0158603	0.0280425	0.00284903	0.383572	0.0539343	0.0607135	0.0187243	0.0046133	0.000516438	0.00440423
45	0.0693254	0.00694569	0.052893	0.0757495	0.00374431	0.0514287	0.0410753	0.0268317	0.0680054	0.0351566	0.0185583	0.177878	0.00608769	0.097448	0.0772407	0.105318	0.0476197	0.0247853	0.00188674	0.0120226
46	0.186521	0.00232185	0.0427312	0.0592338	0.0006869	0.0830132	0.0192031	0.0131828	0.0427936	0.0382365	0.0154524	0.0862746	0.00508109	0.0487866	0.0554686	0.164335	0.0928865	0.0400198	0.000800667	0.00297072
47	0.248854	0.00269404	0.00186125	0.00729674	0.0102442	0.0200583	0.00545081	0.105927	0.0216012	0.104941	0.071628	0.0147624	0.00107469	0.0242975	0.00594085	0.112024	0.0922029	0.133254	0.000262734	0.0156254
48	0.0570602	0.00481454	0.00261635	0.0111334	0.0138206	0.00459791	0.00419363	0.126957	0.00707197	0.402894	0.155486	0.00409615	0.00131443	0.0117601	0.00920749	0.0156224	0.0284346	0.128517	0.00219549	0.00820662
49	0.150906	0.00393884	0.0336582	0.0979231	0.000994065	0.0348376	0.0154873	0.020244	0.0536597	0.117392	0.0315033	0.0386345	0.00376133	0.105279	0.0707966	0.0848297	0.0605116	0.0724074	0.000275068	0.00296047
50	0.0564555	0.00245826	0.0358192	0.132811	0.00251814	0.0188746	0.0899419	0.00540737	0.0630713	0.0472346	0.021637	0.029853	0.00383966	0.338412	0.0579222	0.0558524	0.0226293	0.00974865	0.000564147	0.00494981
51	0.0537167	0.00605326	0.00136408	0.00637315	0.00531225	0.00630576	0.00229895	0.24994	0.00360353	0.272798	0.077397	0.00782973	0.000546716	0.0148285	0.0049343	0.0106265	0.0230794	0.247816	0.000561311	0.00461491
52	0.0755632	0.00172411	0.252556	0.347019	0.000292829	0.0441306	0.0179156	0.00791897	0.0133542	0.0157495	0.0123412	0.0372486	0.00249629	0.0572146	0.0176072	0.0413674	0.0262357	0.0221636	0.00018087	0.00692066
53	0.158488	0.00444965	0.0285105	0.0734277	0.00043206	0.0360588	0.0175445	0.0202469	0.0596364	0.11285	0.0320703	0.0454476	0.00226145	0.0963596	0.0782924	0.0917114	0.0665385	0.0722204	0.000295359	0.00315776
54	0.0873674	0.001931	0.00297801	0.00570776	0.116695	0.0057349	0.00509326	0.0791995	0.00638691	0.306233	0.0868062	0.00494129	0.00558142	0.00591794	0.00580878	0.0293323	0.0159939	0.111508	0.0086765	0.108108
55	0.0196163	0.00418041	0.000708335	0.00971395	0.000396423	0.0148629	0.029345	0.00702082	0.24416	0.0146001	0.00871935	0.0285025	0.00164298	0.0878046	0.446676	0.0464082	0.0199766	0.00614281	0.00627053	0.0032517
56	0.192734	0.00187034	0.0626348	0.073981	0.000382868	0.116179	0.021548	0.0123352	0.0312748	0.0210967	0.015045	0.0962846	0.00480414	0.0366775	0.0435493	0.149461	0.0789249	0.0379193	0.000815165	0.00248278
57	0.0198788	0.00401295	0.000718734	0.00954952	0.000406424	0.0151943	0.0298974	0.00707709	0.24121	0.0143829	0.0087654	0.0290072	0.00162668	0.089224	0.445939	0.0472407	0.0202554	0.00612439	0.006399	0.0030904
58	0.0569512	0.0485911	0.0127609	0.105897	0.058305	0.0505467	0.0970167	0.0115761	0.0719546	0.0476166	0.0132043	0.0187239	0.00576705	0.155458	0.0548344	0.055614	0.0172014	0.0128245	0.00226136	0.102895
59	0.12132	0.00283488	0.0131548	0.025483	0.004035	0.0544552	0.0112554	0.0259736	0.0442897	0.0388388	0.00876413	0.0741285	0.0330849	0.0286462	0.0317972	0.261667	0.174999	0.0382315	0.000662273	0.00637823
60	0.0783614	0.00752057	0.00825176	0.0156741	0.00279255	0.0894394	0.00610446	0.00917994	0.0301092	0.0287922	0.0149177	0.095875	0.0154274	0.0163501	0.0151954	0.381777	0.149601	0.0300708	0.000803767	0.00375706
61	0.0351191	0.0121947	0.0260587	0.020275	0.00251295	0.0995629	0.0272325	0.0482824	0.100082	0.0117281	0.00889283	0.294429	0.0080669	0.0460795	0.0709988	0.144173	0.0218947	0.0109049	0.00143286	0.01008
62	0.0562816	0.00650554	0.00102946	0.00479324	0.00422094	0.00696895	0.00177929	0.276839	0.00321361	0.232453	0.0576068	0.00924081	0.000437059	0.0157742	0.00398861	0.0113673	0.0216809	0.281057	0.00021507	0.00454819
63	0.193036	0.00161933	0.0613009	0.0681609	0.000470935	0.117347	0.0225848	0.0116806	0.0308313	0.0157542	0.0134755	0.100925	0.00499833	0.0336543	0.0432308	0.158511	0.0839672	0.0347719	0.000835239	0.00284466
64	0.0840999	0.00169907	0.155047	0.283366	0.00500492	0.030146	0.0194099	0.0167799	0.0327039	0.0769482	0.0249973	0.0200302	0.0109183	0.116019	0.0345317	0.0298013	0.0190798	0.0353018	0.000394016	0.00372126
65	0.0421545	0.00495007	0.00322468	0.015493	0.0124028	0.0028266	0.00477087	0.10095	0.00714522	0.433099	0.199485	0.00132615	0.00110338	0.011722	0.0111719	0.0089373	0.0281361	0.104901	0.00218517	0.00401501
66	0.020588	0.0205463	0.00222285	0.0036689	0.152963	0.00342014	0.0512384	0.00813412	0.00936803	0.0975284	0.0120522	0.00367425	0.00757591	0.0044847	0.00852743	0.0252175	0.015838	0.0202377	0.000815416	0.531898
67	0.0874072	0.00175519	0.0616107	0.186559	0.00366236	0.0210486	0.0497005	0.0130777	0.0505136	0.0819695	0.024063	0.0192689	0.00810901	0.245959	0.0471912	0.043401	0.0218307	0.0295422	0.00046834	0.00286205
68	0.0776036	0.00150642	0.233148	0.332039	0.0003991	0.0429133	0.0241501	0.0073984	0.0180127	0.0187373	0.0140065	0.0372056	0.00314065	0.0735156	0.0207498	0.0426828	0.0251683	0.0210071	0.000171594	0.00644453
69	0.0595617	0.00249636	0.0407179	0.138609	0.00268453	0.0190908	0.0822698	0.00508894	0.0722939	0.039767	0.0182392	0.0270964	0.0044054	0.336276	0.06292	0.0538871	0.0203281	0.00823756	0.00088559	0.00514548
70	0.0432778	0.00424129	0.0026403	0.0122384	0.0201236	0.00267631	0.00400849	0.0911913	0.0067902	0.454862	0.189409	0.0013983	0.00141556	0.00970333	0.00954888	0.00947461	0.025183	0.0994691	0.00275845	0.00958963
71	0.0202015	0.00397132	0.000856214	0.00991762	0.000459698	0.0151461	0.0298317	0.0071297	0.241744	0.0143395	0.00868384	0.0299787	0.00178344	0.0883049	0.443929	0.0477143	0.0201854	0.00627967	0.00633932	0.0032047
72	0.0629252	0.00183533	0.269802	0.37624	0.00032206	0.0384544	0.0159307	0.00793827	0.0136649	0.0140973	0.0111514	0.0324597	0.00210563	0.0534684	0.0180892	0.0357195	0.0213021	0.0183354	0.000184365	0.00597494
73	0.0414805	0.00460694	0.00253221	0.0119219	0.0149107	0.00298452	0.00378286	0.106687	0.00609693	0.448176	0.176814	0.00200325	0.00126533	0.0104069	0.00910464	0.0089386	0.0247433	0.114028	0.00233313	0.00718399
74	0.0187949	0.00470704	0.000749755	0.0112214	0.000418417	0.0134135	0.0289181	0.00677076	0.255956	0.0167017	0.00858522	0.0268077	0.00179813	0.0786606	0.450953	0.0401387	0.0192304	0.00675132	0.00535064	0.00407306
75	0.160916	0.00426425	0.0306273	0.0742421	0.000450435	0.039151	0.0188004	0.0191752	0.0600941	0.107001	0.0305939	0.0477126	0.00243459	0.0927681	0.0782967	0.0947493	0.0668353	0.06831	0.000334404	0.00324276
76	0.0898774	0.00345949	0.0710646	0.216987	0.00749803	0.0230842	0.0279848	0.0310534	0.0348282	0.122738	0.0355435	0.0159302	0.0154078	0.148258	0.0597754	0.0254145	0.0193193	0.0480681	0.000859626	0.00284837
77	0.0562808	0.00650514	0.00103057	0.00479869	0.00423089	0.00697017	0.00177883	0.276685	0.00321304	0.232665	0.0577566	0.00922778	0.000436065	0.015763	0.00399758	0.011369	0.0217	0.280831	0.000217095	0.00454314
78	0.0142818	0.0021313	0.329584	0.522973	0.000360139	0.0146814	0.00985393	0.00227317	0.0148193	0.00329309	0.00652173	0.015	0.000456289	0.0414814	0.0117625	0.00483008	0.0018437	0.00219712	0.000194763	0.00146174
79	0.151788	0.00403518	0.0325166	0.0929366	0.000894391	0.0352054	0.0161953	0.0200815	0.0552213	0.11734	0.0325128	0.040047	0.00334168	0.104679	0.0713983	0.0858895	0.060645	0.0720168	0.000270037	0.00298591
80	0.113378	0.006833	0.0022802	0.0134338	0.010858	0.00850156	0.00472359	0.113207	0.0109025	0.304176	0.152159	0.00579312	0.00101204	0.0157716	0.00816111	0.0381382	0.0535031	0.128557	0.00137137	0.00724116
81	0.132747	0.00175797	0.0305431	0.0364727	0.0019966	0.0667838	0.0169301	0.016174	0.0442263	0.0297985	0.00697791	0.118599	0.00592198	0.0358931	0.0367297	0.218146	0.163829	0.0346749	0.000710175	0.00108925
82	0.0756589	0.00172412	0.252484	0.346958	0.000293423	0.0441598	0.0179436	0.00789626	0.0133831	0.0157185	0.0123486	0.0372544	0.00250043	0.0572694	0.0175102	0.0413738	0.0262403	0.0221786	0.000180867	0.0069238
83	0.0178418	0.00652657	0.00101226	0.0129747	0.000565223	0.0126104	0.0279101	0.00665969	0.280184	0.0192581	0.00899595	0.0230379	0.00203214	0.068554	0.44139	0.0345731	0.0174378	0.00763174	0.00421864	0.00658587
84	0.193654	0.00172368	0.0661483	0.0733996	0.000383196	0.119284	0.0214292	0.0128157	0.0272069	0.0143204	0.0140728	0.102828	0.00470531	0.0308721	0.0386515	0.154246	0.0833899	0.0377973	0.000997965	0.00207402
85	0.147734	0.00527543	0.0274408	0.0726598	0.000576603	0.0352348	0.0203329	0.0202924	0.0610282	0.111912	0.0347861	0.0451205	0.00245957	0.0994623	0.0897782	0.0872684	0.063297	0.0708926	0.000764418	0.00368377
86	0.24821	0.00268872	0.00221079	0.00730465	0.0130204	0.0204261	0.00590385	0.109569	0.021978	0.103896	0.0730611	0.0140001	0.00112454	0.0228889	0.00612935	0.107906	0.0883191	0.134415	0.000394808	0.0165534
87	0.0653078	0.00362151	0.0866406	0.235482	0.0144136	0.0257581	0.022753	0.0286223	0.0335423	0.148464	0.0367232	0.0132614	0.0123432	0.130696	0.048591	0.0190622	0.0158514	0.0550176	0.000953168	0.00289578
88	0.160871	0.00453131	0.0212574	0.0267636	0.0311132	0.0424441	0.00785086	0.204411	0.039826	0.0773501	0.0632536	0.0150389	0.00293493	0.020483	0.0203715	0.0350642	0.0293619	0.186928	0.00159342	0.00855186
89	0.0801582	0.00137234	0.196985	0.306375	0.00110362	0.0391328	0.0345134	0.00807769	0.0247353	0.0285656	0.01898	0.0350028	0.00437677	0.10432	0.0259678	0.0410857	0.0233401	0.0199345	0.00028047	0.00569325
90	0.029994	0.00745618	0.00522416	0.0175127	0.00125046	0.0168602	0.0278619	0.0147483	0.231757	0.0549632	0.0226173	0.0327728	0.00273232	0.0676944	0.377792	0.0378441	0.0222442	0.018119	0.00422783	0.00632843
91	0.0710099	0.0017424	0.259888	0.358058	0.000310112	0.0430977	0.0173431	0.00744171	0.0131595	0.014756	0.0118806	0.0355519	0.00225418	0.0562457	0.0169595	0.0383114	0.0243173	0.0209597	0.000181634	0.00653098
92	0.0788672	0.00876451	0.0380077	0.0672727	0.0061786	0.094694	0.0671013	0.0169299	0.072152	0.0154191	0.0128203	0.142528	0.0186098	0.0844895	0.0778433	0.13021	0.020128	0.00903555	0.00180636	0.0371421
93	0.0687542	0.00407189	0.00286104	0.0118108	0.0402296	0.00419183	0.00436081	0.096053	0.0100241	0.374621	0.168854	0.00259246	0.00234024	0.0101345	0.00873346	0.0172636	0.0296845	0.114591	0.00324477	0.0255843
94	0.139022	0.00372182	0.0464303	0.130917	0.00294631	0.0358418	0.0144454	0.0235037	0.0418576	0.125631	0.0302161	0.0274976	0.00921867	0.110722	0.0667216	0.0613037	0.0463881	0.0803361	0.000424677	0.00285407
95	0.0756589	0.00172412	0.252484	0.346958	0.000293423	0.0441598	0.0179436	0.00789626	0.0133831	0.0157185	0.0123486	0.0372544	0.00250043	0.0572694	0.0175102	0.0413738	0.0262403	0.0221786	0.000180867	0.0069238
96	0.0747302	0.00172099	0.253615	0.34975	0.00029174	0.0435279	0.0177966	0.0078276	0.0134133	0.0155535	0.0122876	0.0368619	0.00246419	0.0569444	0.0175213	0.0407561	0.0259328	0.0219327	0.000180037	0.0068926
97	0.147851	0.00381228	0.0353635	0.103681	0.00133313	0.0338484	0.0158025	0.0201723	0.0535681	0.118709	0.0329029	0.0370902	0.00398398	0.107558	0.0695531	0.0822224	0.058016	0.0713136	0.000285464	0.00293359
98	0.0142231	0.00215955	0.329476	0.523112	0.00036132	0.0146153	0.00982347	0.00227244	0.0148921	0.00329859	0.00650956	0.0149657	0.000456343	0.0415748	0.0118297	0.00479286	0.00181728	0.00217169	0.000199501	0.00144911
99	0.25891	0.00266149	0.0033612	0.00945986	0.00982687	0.0218319	0.00558303	0.0924242	0.0221464	0.0981047	0.0620377	0.0159271	0.00344789	0.0231579	0.00805789	0.12863	0.0957487	0.1221	0.000290549	0.0162927
100	0.0578644	0.00178451	0.266551	0.397704	0.000693721	0.0333919	0.0158208	0.00697011	0.0152361	0.017718	0.0116483	0.0284403	0.0024614	0.0590356	0.0167034	0.0283404	0.0177883	0.0165498	0.000163524	0.0051339
101	0.162767	0.00181937	0.0649415	0.0786214	0.000823635	0.103853	0.0393741	0.00961863	0.0420327	0.0229395	0.0192239	0.0922777	0.00751136	0.0641647	0.0588	0.134682	0.0593708	0.0267172	0.00071208	0.00974788
102	0.120569	0.00240501	0.0775204	0.113221	0.00191581	0.067997	0.0254467	0.0303071	0.0191112	0.0128122	0.0124053	0.124535	0.00405122	0.0364721	0.0337377	0.15609	0.123124	0.0257246	0.00870497	0.00385037
103	0.11648	0.00613593	0.00349964	0.0119072	0.0122712	0.0118045	0.00760554	0.119616	0.021215	0.269171	0.131309	0.0102064	0.00214672	0.0181942	0.0139925	0.0560307	0.0574739	0.118192	0.00193151	0.010816
104	0.160267	0.0049546	0.0402522	0.069433	0.000470594	0.0653158	0.0203636	0.0185542	0.0517188	0.0729501	0.0259334	0.0740015	0.00275289	0.0691146	0.0667221	0.121115	0.0756481	0.0571758	0.000535133	0.00272091
105	0.0979792	0.00232769	0.00357991	0.00593958	0.157417	0.00689967	0.0059347	0.0753321	0.00685492	0.225336	0.0660664	0.00576883	0.00714738	0.0064023	0.00608059	0.0387611	0.0148215	0.121984	0.0116812	0.133686
106	0.0176799	0.00508432	0.000823825	0.0132699	0.000516514	0.0126528	0.0295617	0.00673954	0.26215	0.0204665	0.00926058	0.0233755	0.00184166	0.0670225	0.46189	0.033247	0.0176969	0.00715097	0.00445766	0.0051122
107	0.0976083	0.00252994	0.0879187	0.175186	0.00305574	0.057641	0.0396355	0.0120628	0.0636906	0.0511313	0.0283598	0.0426789	0.0179131	0.139829	0.0485281	0.0610354	0.0369282	0.0262783	0.000787953	0.00720076
108	0.0875464	0.0026816	0.234191	0.316231	0.000350787	0.052301	0.0182734	0.00827375	0.0154288	0.0152579	0.0122559	0.0456276	0.00275437	0.0540285	0.0203361	0.053875	0.0310751	0.0231009	0.000272061	0.00613859
109	0.141935	0.0106218	0.0045374	0.0134978	0.00690868	0.0198185	0.00506424	0.171977	0.0145965	0.179391	0.0664705	0.0145693	0.00157468	0.0231075	0.0118048	0.0540904	0.0549459	0.194791	0.00106067	0.0092375
110	0.16201	0.00177759	0.112979	0.138935	0.000449328	0.10102	0.0208373	0.0117184	0.0242289	0.015519	0.0136171	0.0857883	0.00412234	0.0390913	0.0342821	0.128015	0.0679597	0.0331267	0.000822658	0.00370022
111	0.119586	0.00222047	0.0763634	0.127161	0.00160994	0.0674673	0.0538356	0.00852691	0.0592989	0.0192286	0.0165103	0.0948524	0.0135366	0.100156	0.0642962	0.108859	0.0379614	0.0153855	0.00119236	0.0119511
112	0.285859	0.0153514	0.0403063	0.0840393	0.00406057	0.0858461	0.016036	0.0116019	0.0192846	0.0296747	0.015109	0.0433859	0.00692781	0.0330032	0.0273979	0.1379	0.0602227	0.072394	0.00316474	0.00843492
113	0.375233	0.00262613	0.0110676	0.0146621	0.0102117	0.0303351	0.00613714	0.0188527	0.00667458	0.0343395	0.0217034	0.00533474	0.0206593	0.00835474	0.00679225	0.204101	0.111971	0.0868002	0.00113817	0.0230054
114	0.0499875	0.00514157	0.00294979	0.0150535	0.012513	0.00336683	0.00463216	0.104859	0.00734866	0.416731	0.190454	0.002008	0.00106553	0.0121337	0.0102284	0.0118091	0.0307672	0.112359	0.00211037	0.00448127
115	0.286612	0.0274981	0.0097402	0.0178923	0.00500055	0.0583154	0.0120792	0.0101115	0.0112746	0.0198725	0.0130906	0.0519828	0.0255655	0.057457	0.033707	0.177843	0.0264132	0.107053	0.0210035	0.0274874
116	0.0223636	0.00450197	0.00116451	0.0124292	0.000477495	0.0147428	0.0289867	0.00805964	0.247939	0.0175171	0.00922154	0.0292987	0.00186861	0.0821217	0.438854	0.0438033	0.0197867	0.00753978	0.00558857	0.0037355
117	0.0606365	0.00652239	0.0010464	0.00468244	0.00437012	0.00713546	0.00178188	0.273234	0.00367341	0.229057	0.0576773	0.00956941	0.000442213	0.0159647	0.00403236	0.0135822	0.0229359	0.278493	0.000222049	0.00494147
118	0.0752802	0.00175813	0.249415	0.347657	0.000541366	0.0424175	0.0174613	0.00830034	0.0146831	0.0182631	0.0126039	0.0355563	0.00352048	0.0589882	0.0181486	0.0403414	0.0259182	0.0222969	0.000187695	0.00666023
119	0.103568	0.00885398	0.00462969	0.0101072	0.0427612	0.0107212	0.0156751	0.0816866	0.0136749	0.282577	0.109177	0.0095077	0.0200303	0.0120728	0.0201116	0.0562155	0.0527818	0.0853027	0.00553883	0.0550081
120	0.0409406	0.00185082	0.287888	0.445276	0.000421872	0.0292744	0.0141891	0.00486816	0.015221	0.00981537	0.00946729	0.0237935	0.00145477	0.052975	0.0153637	0.0202826	0.0121491	0.0108039	0.000152819	0.00381195
121	0.020805	0.0042259	0.000945902	0.0107253	0.000438193	0.0163009	0.029546	0.00796132	0.244187	0.0154092	0.00874484	0.0302685	0.00176347	0.0867671	0.441127	0.0454304	0.0196231	0.00630379	0.00604785	0.00337966
122	0.0199267	0.0040086	0.000726262	0.00954183	0.000405889	0.0152122	0.0299147	0.00710697	0.240649	0.0143408	0.00875709	0.0291826	0.00161392	0.0892937	0.446016	0.0473782	0.0203023	0.00610384	0.00643403	0.00308478
123	0.0562816	0.00650554	0.00102946	0.00479324	0.00422094	0.00696895	0.00177929	0.276839	0.00321361	0.232453	0.0576068	0.00924081	0.000437059	0.0157742	0.00398861	0.0113673	0.0216809	0.281057	0.00021507	0.00454819
124	0.0757753	0.00172253	0.252319	0.346646	0.000293792	0.0442073	0.0179428	0.00791574	0.0133983	0.0157225	0.0123511	0.0373488	0.00250581	0.057231	0.0175418	0.0414773	0.0262954	0.0221999	0.000184769	0.00692047
125	0.137628	0.00133489	0.0165171	0.0215515	0.00212264	0.0488801	0.01284	0.0126792	0.0431965	0.0394698	0.00561415	0.102996	0.00747274	0.041984	0.0338298	0.2529	0.181671	0.0361938	0.000252493	0.000865934
126	0.0557601	0.00357816	0.00273431	0.00896093	0.0662033	0.00367609	0.00441891	0.0931662	0.00619345	0.389903	0.132092	0.00339745	0.00287695	0.00819655	0.00755505	0.0162302	0.019904	0.118033	0.0049083	0.0522122
127	0.0944935	0.0149938	0.0254115	0.121256	0.00318131	0.0255775	0.0364476	0.0307832	0.0389938	0.130787	0.0428562	0.0533171	0.00455247	0.100138	0.0849509	0.0540803	0.0485566	0.0831355	0.00113346	0.00535371
128	0.0749049	0.0017234	0.253055	0.349374	0.000331542	0.0435451	0.0178741	0.00785141	0.0135159	0.0157604	0.0123437	0.0368304	0.00249723	0.057395	0.017485	0.0405986	0.0257629	0.022079	0.000180014	0.00689162
129	0.0428432	0.00248636	0.247716	0.410567	0.0011338	0.0245012	0.0204235	0.00599256	0.022464	0.0216419	0.0125182	0.0231502	0.00260065	0.0870462	0.0216566	0.023137	0.0133545	0.0127885	0.000262391	0.00371571
130	0.0410829	0.00477236	0.00274095	0.013264	0.0123617	0.0028966	0.0042569	0.111608	0.00635887	0.435692	0.188482	0.00175609	0.001124	0.0109569	0.0101355	0.00887518	0.0262419	0.110351	0.00219756	0.00484516
131	0.193565	0.00182588	0.0670816	0.0767541	0.000356797	0.116994	0.0212564	0.0135321	0.0276925	0.0170637	0.0145955	0.10008	0.00446426	0.0326344	0.0393463	0.149032	0.0812817	0.0393549	0.00103795	0.00205136
132	0.0333398	0.0171092	0.00323054	0.00549267	0.158779	0.0045053	0.0442046	0.0201095	0.00922188	0.122385	0.0217126	0.00473057	0.00696121	0.00653569	0.00921739	0.0274785	0.0160859	0.0356894	0.00240667	0.450805
133	0.048648	0.0134851	0.00596573	0.024895	0.00977701	0.0120519	0.00879422	0.103978	0.0125542	0.353941	0.177619	0.00884907	0.00207359	0.0255668	0.0199991	0.0164253	0.037846	0.109938	0.00249002	0.00510364
134	0.0196057	0.0042211	0.000718053	0.00988007	0.000382469	0.0145892	0.0291493	0.00701407	0.248488	0.0147048	0.0086767	0.0285598	0.00166631	0.0871283	0.443918	0.0456012	0.0198621	0.00629074	0.00612308	0.00342067
135	0.0188363	0.00503668	0.000789284	0.0117607	0.000467265	0.0127522	0.0289329	0.00696899	0.27419	0.0186997	0.00914783	0.0259866	0.00249658	0.0757365	0.433976	0.0388509	0.0184924	0.00759685	0.00508429	0.0041975
136	0.0562816	0.00650554	0.00102946	0.00479324	0.00422094	0.00696895	0.00177929	0.276839	0.00321361	0.232453	0.0576068	0.00924081	0.000437059	0.0157742	0.00398861	0.0113673	0.0216809	0.281057	0.00021507	0.00454819
137	0.114398	0.00724473	0.0786577	0.142536	0.00456419	0.0522487	0.0235956	0.0428906	0.0306469	0.0379127	0.0215485	0.070642	0.00839828	0.0491597	0.0348739	0.152455	0.0769271	0.0387611	0.00339378	0.00914551
138	0.0548118	0.00728315	0.0010909	0.00505683	0.00415725	0.00704617	0.00194233	0.27401	0.00450563	0.231168	0.0604488	0.010288	0.000496018	0.0174713	0.00505935	0.0114991	0.0221005	0.276713	0.000232767	0.00461921
139	0.162157	0.00344466	0.0511662	0.0902959	0.000513915	0.058711	0.024422	0.015764	0.0500679	0.0697179	0.0239242	0.0693285	0.0034634	0.0801086	0.0623195	0.108988	0.0686569	0.0536166	0.000583403	0.00275064
140	0.0217111	0.00258993	0.322652	0.498406	0.000347404	0.0188427	0.0103839	0.00319596	0.0144252	0.00486982	0.00693138	0.0175929	0.000740497	0.0425008	0.0126797	0.00989647	0.00496984	0.00481085	0.000189641	0.00226398
141	0.0421494	0.00413033	0.00270804	0.0116012	0.0200106	0.00264593	0.00402114	0.0881377	0.00654356	0.464185	0.187868	0.00187235	0.00157589	0.00919278	0.00927008	0.009855	0.0248122	0.0962981	0.00285899	0.0102643
142	0.0521365	0.00380309	0.0292011	0.0950581	0.00217915	0.0202095	0.0967925	0.00762044	0.0719843	0.054492	0.0500236	0.0338642	0.00338643	0.289698	0.0677428	0.0694823	0.0325987	0.0115561	0.000868946	0.00730245
143	0.160118	0.00445228	0.0286821	0.0691635	0.000492919	0.0393221	0.017568	0.0204902	0.0589747	0.104904	0.0312998	0.0517577	0.00215895	0.0887426	0.0764908	0.10029	0.0711943	0.0705736	0.000299989	0.00302513
144	0.140844	0.0038109	0.0250701	0.0670914	0.000782499	0.0367061	0.0206534	0.0182233	0.0540192	0.0950262	0.0352666	0.0525459	0.00288261	0.130874	0.0612118	0.111126	0.0787683	0.0615294	0.000397289	0.0031708
145	0.0562816	0.00650554	0.00102946	0.00479324	0.00422094	0.00696895	0.00177929	0.276839	0.00321361	0.232453	0.0576068	0.00924081	0.000437059	0.0157742	0.00398861	0.0113673	0.0216809	0.281057	0.00021507	0.00454819
146	0.0196426	0.00539589	0.00104565	0.0106452	0.000605288	0.0170712	0.0306136	0.0107746	0.238241	0.0244268	0.0117187	0.0273158	0.00202166	0.0864654	0.432243	0.0424994	0.0196226	0.00736678	0.00803009	0.0042546
147	0.1034	0.00903211	0.0285927	0.0381408	0.00578754	0.0685052	0.0283058	0.0212568	0.042861	0.0324453	0.0179934	0.1367	0.0310175	0.0437983	0.0415932	0.209112	0.0930547	0.0321484	0.00289956	0.0133561
148	0.0295208	0.00203673	0.309186	0.478573	0.000350402	0.0219984	0.0120231	0.00374197	0.014592	0.00702921	0.0080884	0.0202895	0.000976158	0.0462998	0.0135198	0.0137931	0.00778547	0.00713292	0.000158521	0.00290545
149	0.0582148	0.00346697	0.00295679	0.010374	0.0652741	0.00428546	0.00445335	0.0968176	0.00642289	0.373705	0.12789	0.00399962	0.00393307	0.00909901	0.00765705	0.0179677	0.0207521	0.127951	0.00491453	0.0498651
150	0.330614	0.00245455	0.018119	0.0279231	0.00460237	0.0454937	0.0093745	0.00991077	0.0167711	0.0279611	0.0125294	0.0372722	0.00953811	0.0188934	0.0168927	0.223556	0.115671	0.0656593	0.000771592	0.00599267
151	0.440161	0.00271404	0.0142285	0.0198053	0.00721974	0.035912	0.00626929	0.00542543	0.00453565	0.0254941	0.0159627	0.0046516	0.0103302	0.00781567	0.00470601	0.208807	0.087422	0.0860567	0.00100127	0.0114823
152	0.258971	0.00327987	0.00640986	0.0113867	0.0266975	0.0210088	0.00696395	0.0732794	0.0153814	0.110257	0.0550627	0.0122339	0.00766531	0.0198438	0.00876729	0.11818	0.0835591	0.118731	0.00205793	0.0402635
153	0.0545953	0.00585752	0.00153641	0.00764392	0.0104221	0.00595165	0.00266319	0.218332	0.00464973	0.295624	0.095842	0.00711888	0.00075757	0.0141181	0.0058275	0.0121733	0.0241069	0.223901	0.00107763	0.00780087
154	0.0174601	0.00554321	0.00084197	0.013981	0.000519939	0.0126312	0.0277848	0.00638523	0.273275	0.0192559	0.00897557	0.0222835	0.00176917	0.0651667	0.457576	0.0319947	0.0171992	0.00736208	0.00410607	0.00588886
155	0.023712	0.00196186	0.318129	0.495642	0.000347817	0.0194722	0.0112844	0.00288761	0.0152978	0.00509413	0.00740882	0.0183983	0.000681541	0.0451037	0.0123916	0.00962922	0.00523182	0.00495425	0.000190379	0.00218146
156	0.0606521	0.0061857	0.00202667	0.0072891	0.00654785	0.00782906	0.00260881	0.250546	0.00668306	0.24676	0.0836856	0.00847377	0.000646096	0.0156335	0.00611054	0.0131019	0.024054	0.246035	0.000559965	0.00457197
157	0.0251324	0.00503574	0.00480164	0.0206053	0.000760315	0.0158102	0.0327059	0.00830665	0.227754	0.0200357	0.0109527	0.0298172	0.00218627	0.0951963	0.416585	0.0454707	0.0202872	0.0085769	0.00556925	0.00441034
158	0.253615	0.00265427	0.0020585	0.00704386	0.00954942	0.0213831	0.00538895	0.10089	0.0214564	0.100939	0.0728043	0.015714	0.00118776	0.023632	0.00584208	0.117699	0.0945896	0.128214	0.000279414	0.01506
159	0.0349578	0.00191186	0.243318	0.418718	0.00111098	0.0190571	0.0233333	0.00478272	0.0212501	0.0169841	0.0102849	0.0185619	0.00174724	0.126096	0.0182811	0.0193698	0.00868062	0.00873347	0.000239693	0.00258095
160	0.0609945	0.00996967	0.00282491	0.00467372	0.156164	0.00522171	0.0236903	0.0533342	0.00747562	0.176342	0.0442241	0.0043054	0.00622342	0.00521263	0.00691738	0.0296449	0.0142267	0.0786306	0.00602222	0.303902
161	0.033585	0.00208488	0.3051	0.470592	0.000335844	0.0233368	0.0121365	0.00426085	0.0143285	0.00740574	0.00816257	0.021589	0.00112739	0.0454773	0.013771	0.0158056	0.00919209	0.00830147	0.000178754	0.00322867
162	0.145847	0.00118756	0.0219603	0.0253385	0.00172351	0.0565386	0.0132173	0.0120728	0.0415235	0.0360663	0.00560198	0.103274	0.00666719	0.0385583	0.0348269	0.247102	0.170074	0.0374682	0.000277599	0.000674165
163	0.0509445	0.0056189	0.00250436	0.0137794	0.00915542	0.00427478	0.0047925	0.153995	0.00627549	0.360154	0.15512	0.00375714	0.00080527	0.0137522	0.00873552	0.00927544	0.0291927	0.162671	0.00143045	0.00376594
164	0.417627	0.00267926	0.0133357	0.0182252	0.00733023	0.0345177	0.00629372	0.012761	0.00707078	0.0297056	0.0202535	0.00734932	0.00964855	0.0096957	0.0060583	0.20587	0.0899051	0.0887756	0.000980846	0.0119168
165	0.143365	0.00115356	0.0159632	0.0206978	0.00201953	0.0483715	0.0128891	0.0128211	0.042623	0.041172	0.00550826	0.0999884	0.00757206	0.0403041	0.0346314	0.252751	0.18022	0.0369162	0.000248406	0.000784709
166	0.0197811	0.00406915	0.000722398	0.00958136	0.00041041	0.015073	0.0298091	0.0070948	0.242281	0.014496	0.0087303	0.0289162	0.00163886	0.0887939	0.445596	0.0470525	0.0202553	0.00613425	0.00637077	0.0031938
167	0.0766279	0.00433628	0.14931	0.185851	0.00250301	0.0499393	0.0387808	0.0175903	0.0307424	0.0192982	0.0148837	0.14186	0.00483471	0.0499371	0.0320131	0.095975	0.0508966	0.0212358	0.00245575	0.0109282
168	0.0436617	0.0062414	0.00299543	0.0140636	0.00983543	0.004655	0.00564916	0.131887	0.0141405	0.367569	0.172249	0.00514689	0.00109118	0.0211348	0.0163877	0.0106688	0.0297552	0.136578	0.00171593	0.00457467
169	0.0848418	0.00175241	0.0358168	0.112038	0.00201246	0.0170941	0.0992437	0.00385722	0.051534	0.0291147	0.0146704	0.0278609	0.00347001	0.367132	0.0484483	0.0706918	0.0181469	0.00617996	0.000742177	0.00535215
170	0.0752096	0.0017286	0.253243	0.347875	0.000295673	0.0439436	0.0178333	0.00788525	0.0134047	0.0155987	0.0123267	0.0370811	0.00248811	0.0570745	0.0175085	0.0412051	0.0261133	0.0220989	0.000180071	0.00690692
171	0.41172	0.00252975	0.0125015	0.0166723	0.00758149	0.0321324	0.00601984	0.0186785	0.00683645	0.0339262	0.029016	0.0077152	0.00938468	0.00932548	0.00484382	0.196992	0.0898593	0.0905619	0.000853377	0.0128502
172	0.0194262	0.00207108	0.322097	0.509806	0.000359614	0.0170622	0.01057	0.00274711	0.0147898	0.00444271	0.00695053	0.0168182	0.000611862	0.0428946	0.0121133	0.00758682	0.00375278	0.00383941	0.000184441	0.00187714
173	0.0727908	0.0016697	0.254473	0.356436	0.000291818	0.0424711	0.0174556	0.00763993	0.0137056	0.0152413	0.0120523	0.0363928	0.00239504	0.0567795	0.0175297	0.0396332	0.0250614	0.0211497	0.000185895	0.00664561
174	0.0317201	0.00899687	0.0049618	0.0164213	0.00182877	0.0208421	0.0324742	0.0151022	0.207789	0.0281476	0.016599	0.0328169	0.00363983	0.0788067	0.383937	0.0544467	0.0248898	0.0128629	0.016492	0.00722541
175	0.0196355	0.0203853	0.00227313	0.00359295	0.151628	0.00322888	0.052273	0.00713944	0.00890813	0.0971339	0.0113529	0.00388989	0.0072731	0.00438583	0.00872266	0.0250886	0.0158856	0.0179989	0.000724421	0.53848
176	0.0183409	0.00563454	0.000790565	0.0114777	0.000451809	0.0127462	0.0283326	0.00662845	0.281025	0.0171405	0.00884834	0.025132	0.00199051	0.0767779	0.430409	0.0388911	0.0186203	0.0073284	0.00485685	0.00457744
177	0.0903454	0.00582267	0.0124778	0.0199068	0.00210004	0.0848301	0.00790303	0.00892444	0.0322126	0.030211	0.0129535	0.104684	0.0113381	0.0204935	0.0181789	0.348685	0.156679	0.0296891	0.000443209	0.00212156
178	0.0201199	0.00501211	0.00152916	0.012493	0.000533189	0.0146543	0.0296552	0.00705383	0.263346	0.017033	0.00895251	0.0272545	0.00193279	0.0835012	0.428632	0.0420127	0.0189873	0.00710395	0.00542854	0.00476431
179	0.0769178	0.00371838	0.00324469	0.00586534	0.119861	0.00603543	0.00416787	0.130342	0.00555912	0.228538	0.0624849	0.00682433	0.00408419	0.00876493	0.00574223	0.0268779	0.0155842	0.184256	0.00756121	0.0935703
180	0.155861	0.00139186	0.034122	0.0418246	0.00149739	0.0659188	0.0173775	0.0129836	0.0362753	0.0314146	0.00782948	0.103705	0.00559612	0.038836	0.0340826	0.214165	0.154202	0.0410124	0.000774968	0.00113039
181	0.147703	0.00146315	0.0414294	0.0483763	0.00150306	0.0706879	0.017478	0.0147442	0.0343205	0.026752	0.00830014	0.110592	0.00543581	0.0352532	0.0350678	0.210982	0.149165	0.0380081	0.00159283	0.00114556
182	0.0600664	0.00318025	0.00255753	0.00782133	0.0770209	0.00348927	0.0043227	0.0807078	0.00654435	0.390625	0.136106	0.00318142	0.00368097	0.00671878	0.00700022	0.0171484	0.0177776	0.103355	0.00544153	0.0632554
183	0.136534	0.00135851	0.0167993	0.0221146	0.00208242	0.0490448	0.013062	0.0125339	0.0429116	0.0387162	0.00542837	0.103675	0.00737114	0.0406746	0.0330594	0.254507	0.182192	0.036789	0.000326755	0.000820026
184	0.0686328	0.00154242	0.25692	0.369586	0.000363526	0.0401294	0.0180677	0.0069932	0.0143314	0.0150694	0.0119156	0.0344335	0.00233302	0.0583088	0.0168339	0.0358643	0.0230344	0.0193555	0.000167996	0.00611656
185	0.15841	0.00430876	0.0281862	0.0677893	0.000530857	0.0394609	0.0182784	0.0194455	0.0586972	0.102442	0.0299143	0.0525139	0.00234278	0.0891233	0.074136	0.107413	0.0754813	0.0683926	0.000277823	0.00285611
186	0.415442	0.00250998	0.0130154	0.0181268	0.00734819	0.0339397	0.0061788	0.0142748	0.00687828	0.0312534	0.0219131	0.00750427	0.0097376	0.00956182	0.00562442	0.201762	0.0912229	0.0904078	0.000920981	0.0123775
187	0.141078	0.00117722	0.0176129	0.0218945	0.00188135	0.0505008	0.0128159	0.0123346	0.0425749	0.0386865	0.00492802	0.102397	0.00716429	0.0401803	0.0343485	0.253107	0.179438	0.0370053	0.00022576	0.000648448
188	0.019596	0.00537191	0.000833225	0.0136629	0.000562329	0.0119808	0.0273034	0.00698138	0.287514	0.0192255	0.00929754	0.0244454	0.0021969	0.0696367	0.431447	0.03406	0.0173843	0.00919987	0.00430321	0.00499793
189	0.0638391	0.00396716	0.0868405	0.0286512	0.0180996	0.0148205	0.168566	0.0117633	0.0155193	0.0305669	0.0252602	0.175685	0.00551543	0.059328	0.0269781	0.124401	0.0552882	0.0121565	0.00219453	0.0705598
190	0.188146	0.00177928	0.0615935	0.0699127	0.000504619	0.114091	0.0204223	0.0141222	0.0280774	0.015731	0.0137989	0.104969	0.00482842	0.0307877	0.0380938	0.158775	0.091769	0.0398185	0.000985999	0.00179347
191	0.0141648	0.00212862	0.32974	0.523305	0.000361276	0.0146006	0.00983414	0.00226058	0.0148226	0.00326863	0.00650653	0.0149687	0.000453584	0.0414738	0.0117366	0.00477604	0.00179864	0.00215467	0.000198397	0.00144626
192	0.142516	0.0013949	0.0190523	0.0257696	0.00173247	0.0492153	0.0134471	0.0128288	0.0440098	0.0433948	0.0067958	0.0972331	0.00668752	0.0439956	0.0386069	0.243194	0.169835	0.0392023	0.000229074	0.000860413
193	0.0481173	0.00577565	0.0026279	0.0130207	0.00990614	0.00387446	0.00421628	0.148162	0.00611565	0.371535	0.168096	0.00313896	0.000801258	0.0130379	0.00922941	0.00941968	0.0288102	0.148708	0.00164139	0.00376731
