461	20
1	0.102578	0.0161341	0.00182005	0.00249181	0.0241932	0.0459333	0.00306723	0.0230947	0.0137258	0.274106	0.120193	0.00799113	0.0314655	0.0356201	0.0146177	0.119601	0.0285375	0.103971	0.0288622	0.00199726
2	0.0630422	0.00715649	0.192045	0.11319	0.00442982	0.129542	0.0615412	0.00569841	0.0275811	0.00605726	0.00220267	0.0934016	0.0197033	0.050071	0.0324767	0.117162	0.0364658	0.0188791	0.00144306	0.0179111
3	0.0187314	0.0108359	0.00093889	0.00421206	0.422767	0.00101559	0.0403324	0.00277267	0.00133964	0.0499504	0.0029653	0.00640327	0.00893282	0.00975625	0.00231585	0.0178045	0.00550534	0.00741615	0.0138626	0.372142
4	0.00905554	0.00144147	0.0552656	0.0444466	0.00284685	0.0264311	0.167143	0.00282895	0.0515466	0.0139702	0.00147277	0.104981	0.0236631	0.187511	0.18179	0.0718666	0.0121302	0.0161294	0.0128026	0.012678
5	0.152476	0.00526743	0.000729245	0.00112891	0.00107887	0.0207643	0.00768395	0.0920481	0.0121818	0.0452237	0.0512436	0.0219136	0.0219203	0.00135298	0.00854881	0.172825	0.268792	0.108718	0.00308142	0.00302234
6	0.013463	0.00120339	0.000670239	0.00220672	0.0233591	0.00329625	0.000748061	0.118852	0.00172292	0.574634	0.0924521	0.000853053	0.00502687	0.00163647	0.00332367	0.00266669	0.00533445	0.143073	0.00332624	0.00215194
7	0.0202549	0.00163926	0.00659312	0.0113361	0.119887	0.00343099	0.123672	0.0298407	0.007046	0.232778	0.0103542	0.00418644	0.00416586	0.0820355	0.0448628	0.0479972	0.0329755	0.0525633	0.0030837	0.161297
8	0.0583648	0.00598406	0.00130854	0.00283615	0.0159701	0.0120508	0.00196482	0.0666929	0.0119646	0.430685	0.118809	0.00645915	0.0197951	0.023122	0.00985203	0.0244558	0.0238674	0.154463	0.010219	0.00113566
9	0.0173994	0.000787375	0.665297	0.0607913	0.00487726	0.0456507	0.0321433	0.00210656	0.00491085	0.00788958	0.0010127	0.0739904	0.0102602	0.010869	0.0105133	0.0304733	0.00810998	0.00856989	0.000548364	0.00379972
10	0.0156235	0.00115582	0.0543836	0.616335	0.00334988	0.0233455	0.0124306	0.0029914	0.0314613	0.00787768	0.00674992	0.0116964	0.0326376	0.104764	0.0231975	0.0174838	0.0129805	0.00734304	0.00125507	0.0129372
11	0.0441016	0.00237956	0.211614	0.166352	0.00180046	0.103876	0.0642305	0.0101813	0.0380442	0.00615574	0.0037861	0.0839051	0.0349128	0.0542698	0.0378031	0.0688492	0.0281016	0.0151156	0.000630467	0.0238915
12	0.0158802	0.00419781	0.0170522	0.019767	0.00518824	0.0426611	0.118383	0.0055398	0.124807	0.0198499	0.00320067	0.0344092	0.0124506	0.111042	0.396244	0.0283702	0.0177781	0.00867665	0.00433885	0.0101631
13	0.0437184	0.00290895	0.20419	0.159095	0.00173757	0.125611	0.062657	0.00860513	0.0379549	0.00551795	0.00306875	0.0849811	0.0303315	0.0565254	0.0426622	0.0769883	0.0234568	0.014182	0.00066472	0.0151426
14	0.0218317	0.00294599	0.0120202	0.0150798	0.00559106	0.0126874	0.0803381	0.0179786	0.121954	0.0340461	0.0114776	0.0152751	0.0101019	0.0836828	0.470228	0.0253547	0.025669	0.0141953	0.012183	0.00735959
15	0.0124965	0.00130124	0.000528286	0.00222679	0.0186658	0.00305744	0.000638426	0.116804	0.00138759	0.594606	0.0902944	0.000748239	0.00491831	0.00129566	0.00320132	0.00207514	0.00478955	0.137393	0.00316488	0.000407768
16	0.01414	0.00413724	0.00424136	0.0016859	0.254971	0.00259397	0.00208761	0.12723	0.00474195	0.255495	0.0302971	0.00187969	0.00125851	0.00513773	0.0061278	0.00568648	0.00776032	0.14867	0.000684517	0.121173
17	0.0285131	0.00158771	0.00166142	0.00155775	0.005973	0.00170807	0.00190634	0.240343	0.0013068	0.0953793	0.0128984	0.00259035	0.00186334	0.00109905	0.00212939	0.00286612	0.00731651	0.588616	0.000291088	0.000393752
18	0.0266084	0.00173117	0.00527837	0.00596262	0.0049913	0.893831	0.00341998	0.00714141	0.00575406	0.00297734	0.00105187	0.00493569	0.000798105	0.00378307	0.012522	0.0117716	0.00437793	0.00199648	0.000370492	0.000697178
19	0.301818	0.0221363	0.00453692	0.0140388	0.00432756	0.245088	0.00854625	0.00935714	0.00832331	0.0214384	0.0195213	0.0078465	0.00473181	0.00821505	0.0111853	0.178926	0.0964127	0.0274977	0.00346281	0.00259049
20	0.00522825	0.000910294	0.0113023	0.0189671	0.00103083	0.00329595	0.0161573	0.00529436	0.319729	0.0276598	0.00694081	0.00151641	0.00192437	0.039987	0.522391	0.00494731	0.00438757	0.00500343	0.00122881	0.00209825
21	0.0106031	0.000411088	0.752959	0.0180375	0.00597462	0.0120701	0.0325314	0.00131925	0.00111101	0.00824684	0.000765107	0.0919665	0.00714769	0.00404424	0.00708927	0.0287177	0.00622222	0.00724678	0.000390208	0.00314605
22	0.046613	0.000672487	0.00650509	0.00468712	0.10067	0.0111094	0.362131	0.0135283	0.00618273	0.0273141	0.00262403	0.0127532	0.01753	0.0374937	0.0328175	0.0420182	0.0243864	0.0478105	0.00224531	0.200908
23	0.0165528	0.0040236	0.000538006	0.00158221	0.00596829	0.000786008	0.000939894	0.318202	0.00463543	0.229035	0.00490008	0.00135968	0.00388943	0.00088103	0.00579951	0.00378921	0.00605009	0.390355	0.000242421	0.000469908
24	0.017471	0.000534207	0.00501455	0.00163213	0.185912	0.00245135	0.0022715	0.151033	0.00540662	0.278821	0.0330831	0.00214333	0.00129054	0.00613882	0.00651581	0.00309493	0.00745242	0.180937	0.000995932	0.107801
25	0.127562	0.00946709	0.00342412	0.00545723	0.0179703	0.0274864	0.00526696	0.0312048	0.0156412	0.26799	0.117434	0.0108906	0.0312702	0.0417025	0.0164481	0.0942549	0.0301666	0.122302	0.0214454	0.00261584
26	0.0512293	0.00501614	0.00133775	0.0039066	0.0235024	0.0105694	0.00254055	0.0782117	0.00733605	0.47661	0.0938692	0.00494061	0.0125095	0.0159101	0.00950634	0.0236705	0.028566	0.139608	0.00817069	0.00298914
27	0.0109139	0.0022606	0.126805	0.00972606	0.0033793	0.0116701	0.0852075	0.00299828	0.032019	0.00644837	0.0024671	0.210394	0.00780081	0.0776451	0.0858042	0.259157	0.0508229	0.00760932	0.0029463	0.0039253
28	0.0810888	0.00822132	0.00127552	0.0018144	0.0162493	0.0177851	0.00181624	0.0451861	0.0136863	0.402592	0.130299	0.00777984	0.0285666	0.0288018	0.0114956	0.0399947	0.0197491	0.126863	0.0157445	0.000989793
29	0.0552568	0.00297814	0.200091	0.207429	0.00103438	0.0754414	0.0514548	0.0202526	0.0329377	0.0237799	0.00890189	0.0723988	0.02394	0.0651231	0.0257586	0.0514319	0.0306221	0.0402234	0.000958952	0.00998583
30	0.0250068	0.00171392	0.134203	0.0714768	0.0015075	0.0499118	0.116298	0.0040854	0.03685	0.0073326	0.00181117	0.14135	0.0313071	0.143911	0.0951422	0.0868638	0.0171996	0.0133625	0.00776971	0.0128969
31	0.0353417	0.00288295	0.00173159	0.0102714	0.00642104	0.00240476	0.00474936	0.27359	0.00597023	0.150517	0.0268406	0.00233073	0.0222973	0.00681316	0.0142055	0.0104242	0.0486338	0.370124	0.00333364	0.00111695
32	0.144159	0.00401612	0.0220038	0.016555	0.0241634	0.0595594	0.040184	0.00368805	0.0124956	0.00725375	0.00339107	0.118703	0.0110342	0.0190016	0.0308513	0.311326	0.14234	0.00898728	0.00778637	0.0125006
33	0.0711411	0.000721465	0.0161054	0.0512809	0.0163814	0.0175674	0.0816185	0.0385759	0.101787	0.0538198	0.0206746	0.0326386	0.0162055	0.119498	0.113986	0.0796819	0.0975022	0.0508118	0.00541081	0.0145917
34	0.0127757	0.00444131	0.000542652	0.00116453	0.00669507	0.000876302	0.00110489	0.380564	0.00477452	0.198025	0.00778848	0.0013725	0.00364548	0.00103717	0.00523519	0.00392175	0.00751498	0.357781	0.000289393	0.000450471
35	0.0407589	0.000620254	0.00631855	0.00483736	0.107248	0.00469989	0.383105	0.0083472	0.00497589	0.0210841	0.00167554	0.00859336	0.0161572	0.0390834	0.0269917	0.0437006	0.0147674	0.043019	0.000699254	0.223317
36	0.0153696	0.00307752	0.00604296	0.00818259	0.00638631	0.0085503	0.00984972	0.0087493	0.0299293	0.0296706	0.0333036	0.00769939	0.00793607	0.0172993	0.0146411	0.0152979	0.0116317	0.0324501	0.723255	0.0106776
37	0.0941881	0.000786167	0.0180735	0.0203724	0.00471422	0.010409	0.0171645	0.00950038	0.00260111	0.0529104	0.00421508	0.0221299	0.584921	0.01924	0.00761617	0.076753	0.030717	0.0208589	0.00166623	0.00116265
38	0.16785	0.00113073	0.00306791	0.00566292	0.00231335	0.0219609	0.0108113	0.0155559	0.0044837	0.0131165	0.00198607	0.0105954	0.446611	0.00418104	0.0112419	0.210885	0.0150124	0.0506744	0.00131883	0.00154129
39	0.0363987	0.00449912	0.00295231	0.0349755	0.0040257	0.00421468	0.0231336	0.157456	0.0863825	0.0219934	0.0687538	0.00676943	0.00462915	0.0277528	0.149771	0.0225633	0.108726	0.229443	0.00304163	0.00251802
40	0.0507056	0.00270252	0.179614	0.226891	0.00116758	0.0716752	0.0452433	0.0176424	0.0443742	0.0201792	0.0104526	0.067623	0.0282617	0.0653373	0.0322842	0.0530414	0.034775	0.0365219	0.00106374	0.0104438
41	0.0243138	0.00559535	0.169018	0.145935	0.0413512	0.0146315	0.0623685	0.0475828	0.0168415	0.0598216	0.0531327	0.0185231	0.00952839	0.0255928	0.126327	0.0246092	0.0849758	0.0574933	0.00510163	0.00725628
42	0.0129408	0.951162	0.000591593	0.00376326	0.00324645	0.000735615	0.000885384	0.00367546	0.000889975	0.00135653	0.000612212	0.0068344	0.000675067	0.000972391	0.00116974	0.00316108	0.00393846	0.00257353	0.000307158	0.000508831
43	0.0151993	0.00185594	0.0043731	0.0236703	0.020775	0.00401716	0.0107074	0.174239	0.136996	0.105517	0.0265375	0.0392403	0.00511391	0.110621	0.11724	0.0292491	0.0621819	0.105986	0.00201926	0.00446167
44	0.0263091	0.0031711	0.0115529	0.00565859	0.0141811	0.00578	0.0332361	0.0470172	0.00636533	0.270701	0.151012	0.00623432	0.0052324	0.130667	0.0943679	0.011897	0.00920439	0.0529645	0.0653181	0.0491297
45	0.13567	0.00305774	0.010476	0.0217813	0.01295	0.0228603	0.0586217	0.0259331	0.102628	0.0371056	0.0303217	0.0334891	0.0141635	0.0749262	0.0950041	0.108866	0.146517	0.0468701	0.00617564	0.0125824
46	0.0197691	0.00112318	0.00516689	0.00563669	0.00486037	0.909328	0.00299575	0.00741175	0.00495003	0.00252687	0.000697896	0.00487049	0.000619487	0.00357271	0.0123931	0.00912144	0.00286681	0.00143157	0.000238859	0.000418477
47	0.00578703	0.00115583	0.00733082	0.0135727	0.00119869	0.00317425	0.0127424	0.00388057	0.345051	0.0194977	0.00533131	0.00204743	0.00268366	0.028312	0.526793	0.00669164	0.00527082	0.0065182	0.00104639	0.00191541
48	0.0211855	0.0012871	0.583023	0.0589233	0.00578897	0.0427928	0.0477521	0.003063	0.00820228	0.00706254	0.000891456	0.0957542	0.0122827	0.0182686	0.0149306	0.0477942	0.0124276	0.00867614	0.00049187	0.00940166
49	0.0342467	0.0036683	0.039102	0.0243782	0.00831896	0.0428099	0.0690251	0.008435	0.0679425	0.0212038	0.00695634	0.256957	0.0157523	0.0583627	0.107546	0.152047	0.0521267	0.0170338	0.00442092	0.00966649
50	0.0155311	0.00951264	0.000569174	0.00289887	0.45146	0.000725832	0.0350318	0.00158372	0.000885035	0.0419741	0.00265426	0.00528048	0.00594878	0.00576393	0.00128253	0.0109715	0.00430121	0.00706255	0.0128806	0.383681
51	0.0184704	0.00260552	0.00118068	0.00121832	0.00575749	0.00151833	0.00154522	0.290958	0.00231241	0.099975	0.00886914	0.00270197	0.00170245	0.0007913	0.0025116	0.0024632	0.00706531	0.547794	0.000255077	0.000304061
52	0.00960818	0.00223301	0.00578765	0.0125846	0.00138878	0.00540675	0.0162358	0.00533551	0.256847	0.0170999	0.00518377	0.003546	0.00447476	0.031125	0.58583	0.0127908	0.0112783	0.0080971	0.00248806	0.00265874
53	0.0248046	0.00198303	0.000878162	0.00222111	0.0196465	0.00338281	0.00130763	0.193532	0.00247249	0.375994	0.047653	0.00165533	0.0067625	0.00246139	0.00451841	0.00473812	0.00701986	0.295122	0.00161523	0.0022325
54	0.0160683	0.00916257	0.000687128	0.00323855	0.426711	0.000814054	0.0373752	0.00178076	0.0009309	0.0416636	0.00286521	0.00544376	0.00640633	0.00626774	0.00131146	0.0113322	0.00431081	0.00676464	0.0145789	0.402287
55	0.21371	0.00432011	0.0193273	0.0230657	0.0146181	0.0459184	0.0306955	0.0164358	0.0182778	0.0176811	0.0133232	0.147568	0.0122277	0.0244566	0.0339369	0.180016	0.133538	0.0345842	0.00564022	0.0106601
56	0.0261759	0.00110515	0.00860025	0.0217585	0.00480265	0.0169291	0.0965428	0.00488131	0.1318	0.0279067	0.00163919	0.0189172	0.0189346	0.139915	0.412716	0.0347191	0.0179135	0.00767323	0.003064	0.00400567
57	0.096243	0.00461255	0.00679974	0.0100132	0.00591354	0.0203777	0.0157127	0.0367755	0.015127	0.022497	0.0199519	0.0392705	0.0124604	0.0109413	0.0153517	0.27227	0.330641	0.0551693	0.00313158	0.00674069
58	0.0343693	0.0561617	0.0251987	0.0311594	0.01725	0.0337262	0.258019	0.0156602	0.0369612	0.0380642	0.0144118	0.0351024	0.0233637	0.14773	0.0944554	0.0445291	0.0271743	0.0282073	0.00937862	0.0290777
59	0.0389846	0.00236431	0.0033062	0.0105272	0.0170788	0.00557069	0.00700028	0.198828	0.00596011	0.175174	0.0768233	0.00393528	0.00430879	0.0155009	0.014339	0.0197971	0.0551662	0.341661	0.00172411	0.00195062
60	0.00712269	0.0173688	0.00109999	0.00178307	0.507009	0.00409032	0.00698445	0.0289242	0.00249923	0.164577	0.0171092	0.00176074	0.00150765	0.00410141	0.00534771	0.0194863	0.0131213	0.012081	0.00144722	0.182579
61	0.313215	0.00149029	0.00218847	0.00825065	0.00290903	0.00281944	0.00362713	0.084342	0.0071473	0.0402497	0.0241688	0.002525	0.0148901	0.00429436	0.0292248	0.0324796	0.130212	0.292177	0.00199523	0.00179488
62	0.0132169	0.943016	0.0010277	0.00392233	0.00328188	0.00118846	0.00267401	0.00368185	0.00115995	0.00148402	0.000674289	0.00789563	0.00140348	0.00151584	0.00151099	0.00372256	0.00473489	0.00269676	0.000673452	0.000518764
63	0.028861	0.00182626	0.00723955	0.00891624	0.00517126	0.860623	0.00539463	0.0104993	0.0100047	0.00408814	0.00156598	0.00700897	0.00132871	0.00668278	0.0159195	0.0132848	0.00613253	0.00371621	0.000581205	0.00115558
64	0.102508	0.00399091	0.00272253	0.00652109	0.00321666	0.0174943	0.00942489	0.0668316	0.0131375	0.0375367	0.0322383	0.0219486	0.0151421	0.00584892	0.012077	0.202376	0.363815	0.0752171	0.0027268	0.0052261
65	0.0580515	0.00429125	0.00722598	0.0101316	0.00536961	0.797637	0.0058331	0.00692417	0.00697554	0.00487881	0.00323545	0.00851379	0.00198667	0.0053235	0.0130663	0.0362728	0.0161778	0.00568048	0.00109189	0.00133327
66	0.499998	0.00441563	0.00613032	0.0148055	0.00220124	0.13191	0.00494698	0.00898625	0.00861166	0.00924379	0.0111096	0.0108901	0.00241415	0.0130903	0.0143059	0.102666	0.0959146	0.0535287	0.00149433	0.00333702
67	0.0148855	0.0108975	0.000626575	0.00289875	0.451195	0.000931759	0.0326326	0.0026456	0.000878509	0.0426368	0.00343514	0.00578548	0.00566677	0.00563984	0.00144573	0.0115488	0.00481607	0.00693854	0.0117313	0.382763
68	0.0105028	0.00113025	0.0754898	0.0416406	0.0021609	0.0189544	0.162675	0.00287423	0.0451063	0.0112057	0.00177106	0.133645	0.0249349	0.20017	0.11546	0.0950317	0.014764	0.0203602	0.0127596	0.00936282
69	0.078758	0.0014395	0.00529217	0.00784017	0.00354437	0.0184625	0.0144813	0.0210012	0.00780405	0.0301155	0.00558304	0.00896582	0.638955	0.0106755	0.0103284	0.0912843	0.0225414	0.0192251	0.00199683	0.00170544
70	0.0379526	0.003179	0.00388434	0.0115328	0.019496	0.00631596	0.00778629	0.205628	0.00637857	0.159042	0.0822217	0.00490374	0.00379781	0.019164	0.0166977	0.023635	0.068649	0.315739	0.00136891	0.00262746
71	0.0178246	0.868407	0.00177868	0.00516592	0.0283703	0.00492153	0.00233468	0.00492271	0.00224539	0.00702592	0.00257162	0.00710161	0.00159061	0.00283693	0.00282982	0.0120886	0.0128601	0.00499812	0.0009047	0.00922108
72	0.556129	0.00138473	0.00351582	0.0131369	0.0013228	0.0827125	0.00161028	0.010804	0.00299096	0.00692062	0.0101661	0.0101011	0.00105905	0.0128631	0.012803	0.0906187	0.114589	0.0646954	0.000426524	0.00215021
73	0.0154099	0.00964038	0.0005667	0.00288888	0.452326	0.000761468	0.0347679	0.00174767	0.000882481	0.0428073	0.0027642	0.00526802	0.0059057	0.00573906	0.00131321	0.0109356	0.0043348	0.00717588	0.0128452	0.38192
74	0.0137785	0.00547326	0.000486087	0.00118956	0.00683166	0.000913439	0.00131836	0.361372	0.005691	0.194665	0.00678598	0.0013192	0.00370252	0.000978067	0.0063054	0.0045818	0.00788986	0.376021	0.00024857	0.000449224
75	0.0446531	0.00194716	0.193716	0.141119	0.00181455	0.0849369	0.0812072	0.00851452	0.036698	0.00513328	0.00303255	0.100034	0.0374796	0.0707039	0.0514883	0.0699807	0.0282699	0.0130561	0.0016294	0.0245869
76	0.0393956	0.00263076	0.00384563	0.0128629	0.0178069	0.00614191	0.00815781	0.195862	0.00689549	0.163511	0.081938	0.00462768	0.00472124	0.0191657	0.0180773	0.0231256	0.0661848	0.320846	0.00187241	0.00233121
77	0.142417	0.00461433	0.0184258	0.025054	0.0105205	0.243257	0.0319454	0.00517529	0.0618697	0.00989243	0.00876491	0.0449086	0.00813653	0.0240412	0.0565016	0.202734	0.0735715	0.0115899	0.00719353	0.00938753
78	0.0706421	0.000283708	0.0126981	0.023872	0.0232306	0.0252941	0.122451	0.0309382	0.0736163	0.0521031	0.02154	0.0388569	0.0219172	0.0988848	0.111764	0.0830697	0.100869	0.055378	0.00803858	0.0245522
79	0.0438438	0.00182784	0.0041666	0.022682	0.0123165	0.0045401	0.00823915	0.172214	0.00820056	0.149331	0.066241	0.00459981	0.0141243	0.0186366	0.0277181	0.0227426	0.0893577	0.320636	0.00552195	0.00305929
80	0.0252407	0.00737063	0.00273251	0.0115131	0.239115	0.00790551	0.0378122	0.0628361	0.00661249	0.239599	0.0500012	0.00445539	0.00723324	0.0378647	0.0101678	0.0539012	0.0485583	0.0719454	0.00501941	0.0701168
81	0.0667538	0.000707081	0.0114383	0.0265593	0.0196073	0.0180604	0.10627	0.0254745	0.088191	0.0458206	0.0261619	0.0410411	0.0161223	0.109149	0.138278	0.086791	0.101575	0.0485028	0.00594572	0.0175498
82	0.0123157	0.00115907	0.000536821	0.0022317	0.0191739	0.00314952	0.000640827	0.118587	0.00140661	0.589415	0.0922947	0.000719006	0.00497769	0.00101523	0.00312324	0.00206211	0.00456585	0.138907	0.00330257	0.000416412
83	0.0931407	0.00403573	0.153653	0.210464	0.00258796	0.0355445	0.0212256	0.0285247	0.0248339	0.0541019	0.0165511	0.0618335	0.0392989	0.0638064	0.0133423	0.0598774	0.0397621	0.0735539	0.00117999	0.00268268
84	0.0500611	0.00555018	0.00872753	0.0187504	0.0304142	0.018461	0.00554714	0.166263	0.00572533	0.15535	0.0788638	0.0112885	0.00424966	0.0213544	0.016489	0.0389214	0.0890977	0.26444	0.00137972	0.00906689
85	0.00611205	0.000774093	0.0350638	0.734633	0.00122372	0.0194239	0.00645561	0.00165113	0.0300469	0.00333366	0.00775037	0.00393661	0.0124428	0.0973538	0.00650116	0.00499378	0.00996052	0.00313005	0.000770459	0.0144425
86	0.0338898	0.0268537	0.0628103	0.0271624	0.00762583	0.0966127	0.0291693	0.00595216	0.0426919	0.00844028	0.00478404	0.147764	0.0566738	0.0232435	0.0612929	0.312891	0.0303183	0.012556	0.00308731	0.00618032
87	0.0211377	0.00123394	0.00621401	0.00693545	0.00482394	0.902593	0.00333023	0.00740158	0.00528277	0.00253126	0.000798095	0.00516087	0.000944831	0.00376501	0.0125321	0.00981079	0.00328041	0.00142395	0.000253394	0.000546931
88	0.00596372	0.00166068	0.0125014	0.0128687	0.00120653	0.00434479	0.0261657	0.00796334	0.241364	0.0363534	0.00932492	0.00275255	0.00370402	0.0400106	0.572375	0.00653711	0.00483886	0.00426202	0.00236996	0.00343302
89	0.0930514	0.0119713	0.00596663	0.00575215	0.0177809	0.104568	0.0128836	0.024283	0.0226639	0.215656	0.104166	0.011946	0.0259692	0.0337653	0.0255612	0.115205	0.0337494	0.0828017	0.0461456	0.00611353
90	0.00436954	0.00133881	0.00743773	0.0131049	0.000997008	0.00247181	0.0101899	0.00368151	0.347948	0.0187856	0.00511299	0.00151767	0.00220097	0.0249363	0.536645	0.00575851	0.00429129	0.00634148	0.000962767	0.00190813
91	0.0336871	0.460805	0.00817946	0.0146014	0.00939647	0.0145498	0.0135428	0.0154608	0.0148809	0.0162282	0.0116826	0.0141195	0.0095027	0.0140716	0.0181292	0.193884	0.0262288	0.0990955	0.00510796	0.00684531
92	0.0697497	0.000603765	0.00294849	0.00434136	0.00214077	0.0148769	0.0119493	0.00864347	0.00412332	0.0257752	0.00147678	0.00605927	0.725714	0.00626377	0.00526377	0.0792555	0.0185549	0.010373	0.00120193	0.000685245
93	0.0150623	0.00962085	0.000558923	0.00279441	0.455346	0.000778163	0.034185	0.00211518	0.000931568	0.0427316	0.00300529	0.005086	0.00571675	0.00555026	0.00129913	0.0109087	0.00435583	0.00707397	0.0122959	0.380584
94	0.014173	0.00968089	0.000564621	0.0026223	0.421991	0.000855945	0.0309907	0.00299408	0.000826644	0.0410979	0.00410428	0.00470203	0.00528206	0.00509618	0.00136481	0.0103762	0.00477232	0.0066937	0.0106875	0.421124
95	0.370112	0.00873505	0.00219013	0.00651784	0.00792823	0.039408	0.00765807	0.0142691	0.00627675	0.0130463	0.00581642	0.00566022	0.0101044	0.00595961	0.00605498	0.319631	0.113742	0.0502428	0.00481556	0.00183134
96	0.0421514	0.00232203	0.00542999	0.00713591	0.00870698	0.852754	0.00440909	0.00767727	0.00688306	0.00361662	0.00159727	0.00624142	0.00163752	0.00408451	0.0135217	0.0189653	0.00842131	0.00280372	0.000707407	0.000933527
97	0.0390404	0.00251325	0.00383652	0.0126305	0.0192884	0.00624255	0.00736215	0.192859	0.00665563	0.16989	0.0821669	0.00493631	0.00463491	0.0183463	0.0165904	0.0234642	0.0671449	0.317897	0.00193471	0.00256579
98	0.160877	0.00528083	0.0179987	0.0169476	0.0329577	0.0440405	0.0468875	0.00385939	0.0135793	0.00822051	0.00433372	0.0781218	0.00842138	0.0273695	0.0375716	0.297597	0.141695	0.0137781	0.00590365	0.0345594
99	0.139647	0.00546537	0.00215573	0.00432904	0.00235466	0.0177478	0.00815259	0.114614	0.0125713	0.0420374	0.0427171	0.0348347	0.017605	0.00372557	0.0125541	0.178008	0.209422	0.136448	0.0120373	0.00357385
100	0.0107841	0.000404867	0.762345	0.0213011	0.0055142	0.0127715	0.0325771	0.00123956	0.0013717	0.00839165	0.000742039	0.0805311	0.00747665	0.00457294	0.00734842	0.0259796	0.00597187	0.00745342	0.000420977	0.00280162
101	0.00961297	0.0148321	0.000792484	0.00184854	0.513861	0.00249333	0.0181443	0.0129707	0.00200683	0.0821654	0.00872953	0.00296958	0.00304606	0.00405422	0.00362094	0.0148287	0.0069073	0.00732429	0.00625554	0.283536
102	0.0440127	0.00504139	0.00243768	0.00280214	0.0160322	0.0109552	0.00503671	0.0713379	0.00827304	0.435859	0.125945	0.00498875	0.0137182	0.0309491	0.0162041	0.0204677	0.013159	0.127958	0.0387857	0.00603577
103	0.170426	0.0236353	0.0154424	0.0354649	0.00654804	0.353385	0.0163347	0.00443423	0.0162795	0.0100294	0.00857814	0.0189731	0.00538449	0.0119803	0.0151836	0.196712	0.066796	0.0158535	0.00385024	0.00470861
104	0.0916321	0.000826083	0.0153958	0.0236614	0.0173271	0.0351798	0.0839288	0.0172026	0.06958	0.0333477	0.01542	0.0629372	0.0151832	0.0748019	0.127559	0.14055	0.118341	0.0366054	0.00730326	0.0132171
105	0.0326618	0.000580865	0.347833	0.367834	0.000962657	0.0486636	0.0151942	0.00294247	0.00921545	0.00362963	0.00133128	0.0448146	0.0173994	0.0261555	0.00861214	0.0427207	0.0137104	0.0118175	0.00151454	0.00240602
106	0.238096	0.00766787	0.00837037	0.0109904	0.0247786	0.0426421	0.0180969	0.00768012	0.00981319	0.012258	0.00636155	0.0321856	0.0554615	0.0110416	0.0127824	0.352295	0.10827	0.0188282	0.0166698	0.00571099
107	0.566251	0.00134326	0.00383608	0.0134267	0.00121677	0.0832677	0.00155921	0.0101455	0.0032064	0.00740765	0.0106702	0.00965031	0.00101125	0.0134076	0.0124116	0.0850357	0.11036	0.0629934	0.000382733	0.00241731
108	0.015375	0.00121617	0.00404242	0.00147668	0.136504	0.00328047	0.00154879	0.212692	0.00546268	0.254088	0.0290847	0.00282048	0.00175969	0.00479077	0.00561277	0.00319608	0.00644571	0.250034	0.000506528	0.0600635
109	0.00480728	0.020272	0.000814673	0.00117841	0.63495	0.00510312	0.00218073	0.0250024	0.0030874	0.113922	0.0132367	0.00124744	0.000816314	0.0025412	0.00420049	0.0213578	0.0108716	0.00552898	0.000440478	0.128441
110	0.02398	0.0023371	0.00613939	0.0179137	0.00448004	0.0239951	0.0534931	0.00611257	0.168742	0.0218821	0.00375567	0.0113957	0.0137308	0.0833006	0.506786	0.0210417	0.0177022	0.00804887	0.00185782	0.00330522
111	0.0295454	0.00288895	0.00281971	0.00830379	0.0184714	0.00458265	0.00607097	0.2847	0.00535777	0.158413	0.0662141	0.00348389	0.0033787	0.0124215	0.0119071	0.0174144	0.0465226	0.314578	0.00106091	0.00186589
112	0.00791606	0.00193261	0.00804672	0.013908	0.00128124	0.00506828	0.0178797	0.00563581	0.244716	0.0224405	0.00585443	0.00269629	0.00403166	0.0366467	0.594829	0.00862821	0.00757287	0.00626854	0.00213692	0.00250997
113	0.0535327	0.00399738	0.00519009	0.0160127	0.00585892	0.0179994	0.0102899	0.00542428	0.0132908	0.00839775	0.00234099	0.0224515	0.00339952	0.00710821	0.00838078	0.368442	0.42324	0.0152159	0.00236204	0.00706529
114	0.0298988	0.000287877	0.329522	0.450482	0.000720927	0.0405492	0.00816619	0.000991724	0.00677641	0.00160422	0.0010431	0.0296853	0.0149097	0.0240155	0.00517525	0.0328663	0.0107332	0.00929613	0.00194204	0.00133373
115	0.0719398	0.000505369	0.0121305	0.0242671	0.0198218	0.0232918	0.107501	0.0356628	0.0746181	0.0517087	0.0240454	0.036565	0.0256524	0.105279	0.108404	0.0839811	0.108032	0.0609088	0.00646046	0.019225
116	0.0320033	0.000273767	0.351227	0.426383	0.000697102	0.0416311	0.00816574	0.000933581	0.00551512	0.00152575	0.000675372	0.0310853	0.0147052	0.0213827	0.00539132	0.0346713	0.0108348	0.0100447	0.00218079	0.000673889
117	0.165551	0.00421502	0.0103752	0.01662	0.00613859	0.0555839	0.01601	0.0474886	0.0761084	0.0177677	0.00929708	0.0130551	0.372103	0.0174037	0.0204147	0.0837828	0.0315729	0.0263883	0.00362549	0.0064995
118	0.0706456	0.000265755	0.0135559	0.0275815	0.0191812	0.0187574	0.099817	0.0349566	0.090127	0.0541985	0.0231876	0.0374725	0.0163936	0.10685	0.111454	0.0869516	0.109381	0.0568792	0.00588444	0.0164596
119	0.0300518	0.0131262	0.00846002	0.0113981	0.439608	0.0171274	0.0284606	0.0209586	0.0422193	0.0707874	0.0143747	0.0210236	0.00903474	0.0234142	0.0315012	0.0767071	0.0377081	0.0179516	0.00384905	0.0822378
120	0.0199751	0.0019582	0.00135669	0.00133391	0.00663332	0.00167644	0.00166903	0.265349	0.00155716	0.0805142	0.010993	0.0034726	0.000941872	0.000834196	0.0017348	0.00231881	0.00684924	0.590345	0.000242478	0.000245045
121	0.16903	0.00255413	0.0328645	0.00958565	0.00274562	0.281626	0.0351688	0.00417476	0.0929046	0.00668426	0.017547	0.00755229	0.00293868	0.0244542	0.0691194	0.189148	0.0142849	0.00529833	0.0160878	0.0162304
122	0.0416591	0.000710256	0.00595498	0.00586518	0.111172	0.00432933	0.376474	0.00880753	0.00593751	0.0198373	0.00165511	0.00906544	0.0147053	0.0419409	0.0262617	0.0395854	0.015015	0.0418143	0.000645932	0.228563
123	0.108246	0.00950106	0.0016625	0.00212513	0.0265446	0.0283459	0.00319549	0.0275294	0.0182663	0.302688	0.125508	0.00859521	0.036843	0.035748	0.0218347	0.0589003	0.0210693	0.136077	0.0256253	0.00169412
124	0.0287044	0.0023554	0.00257386	0.00650492	0.0311907	0.00547793	0.00551974	0.267405	0.00479463	0.17845	0.0651935	0.00382278	0.00250146	0.0109485	0.00983431	0.0161691	0.0374056	0.315273	0.000867535	0.00500864
125	0.121875	0.000712926	0.00217771	0.00553622	0.00142298	0.0242235	0.00654922	0.0150798	0.00533412	0.0105083	0.00120664	0.00638448	0.5759	0.00205881	0.00800178	0.171292	0.0125196	0.0273566	0.000854648	0.00100553
126	0.0315151	0.000288775	0.356651	0.401183	0.000724092	0.0449994	0.00961674	0.00147801	0.00673307	0.00258136	0.000963561	0.0351737	0.0175602	0.0220789	0.00564306	0.0382822	0.0123393	0.00979195	0.00161092	0.00078626
127	0.127726	0.00330618	0.0210766	0.016407	0.024754	0.0668176	0.0423023	0.00397702	0.0167708	0.0102316	0.0038611	0.129595	0.0103507	0.0206212	0.0369178	0.299699	0.136706	0.00942215	0.00662736	0.0128306
128	0.127901	0.00303962	0.0594127	0.0382598	0.024078	0.0558087	0.0538917	0.00444416	0.0203448	0.00907085	0.00451501	0.0872952	0.00981877	0.0324312	0.0525957	0.256279	0.12412	0.0118884	0.00569407	0.0191117
129	0.0204825	0.00109519	0.546028	0.056111	0.0117543	0.0312076	0.0470347	0.00300818	0.00904399	0.00745101	0.0020289	0.111132	0.0104836	0.0175407	0.0175585	0.0733111	0.0171826	0.00839516	0.00123786	0.00791283
130	0.0360593	0.00122412	0.00295433	0.0182175	0.00557149	0.0159978	0.0782988	0.00460516	0.138696	0.0284881	0.00108933	0.0136688	0.0512554	0.101047	0.438432	0.034174	0.0192024	0.00777602	0.00137769	0.0018651
131	0.0319203	0.000372734	0.347593	0.386544	0.000680919	0.0500538	0.0143857	0.00193136	0.00867157	0.00194228	0.00093095	0.0387511	0.0192764	0.0243403	0.00798649	0.0394121	0.0127467	0.00924726	0.00143199	0.00178107
132	0.0104398	0.000410051	0.770649	0.0153172	0.00567543	0.0118064	0.0328415	0.00124539	0.00106764	0.00854138	0.000738564	0.0809196	0.00730446	0.00407493	0.00725335	0.025439	0.00565864	0.00743628	0.000380178	0.00280098
133	0.120209	0.00322884	0.0882087	0.0250456	0.0199312	0.0482083	0.0450877	0.00455138	0.0157172	0.00958561	0.00401315	0.126747	0.010396	0.0274835	0.0370396	0.266218	0.117772	0.0130926	0.0054356	0.0120301
134	0.0390512	0.00344822	0.0109482	0.0262546	0.0153764	0.0116661	0.0363483	0.110997	0.156129	0.0777801	0.0328202	0.0259586	0.0110907	0.0924471	0.104687	0.0432674	0.0688709	0.118082	0.00576904	0.00900843
135	0.0270971	0.00297356	0.00173136	0.00244287	0.0107373	0.00246624	0.00346975	0.2546	0.00253089	0.0827202	0.0334713	0.00268675	0.00149373	0.0040482	0.0045858	0.00718367	0.0176119	0.537377	0.000320444	0.000452002
136	0.012998	0.0105595	0.000631462	0.00239154	0.430465	0.00149712	0.0263877	0.00547481	0.00124396	0.0473299	0.00502111	0.00412678	0.00494677	0.00476268	0.00176502	0.0122743	0.00622855	0.00626957	0.00865752	0.406969
137	0.0156173	0.000615575	0.00536469	0.00145619	0.181342	0.00261081	0.00161273	0.175123	0.00625717	0.259228	0.0336409	0.00220013	0.0012088	0.00627911	0.00606804	0.00271999	0.00687275	0.206197	0.000676198	0.0849099
138	0.00732568	0.0176908	0.00109732	0.00148295	0.584611	0.00480928	0.00367255	0.032116	0.00343228	0.129072	0.0194404	0.00156746	0.00152162	0.00379013	0.00475691	0.0195122	0.0115141	0.0196544	0.00147911	0.131453
139	0.00489606	0.0203734	0.000816541	0.00100185	0.637385	0.00500388	0.00190441	0.0243355	0.00311056	0.112772	0.0132424	0.00126493	0.000877535	0.00220626	0.00414616	0.0208318	0.0103432	0.00523018	0.000533685	0.129724
140	0.0358357	0.005901	0.00137343	0.0126813	0.00171016	0.00711905	0.0262705	0.0171139	0.241672	0.0250074	0.0242069	0.0172766	0.00225567	0.0290483	0.297726	0.0646839	0.12956	0.034614	0.00841068	0.0175338
141	0.0129955	0.000975896	0.0557306	0.636186	0.00150569	0.0383606	0.0179858	0.00431841	0.0340706	0.00417209	0.0071234	0.0193721	0.0214703	0.0780856	0.0142601	0.015361	0.0133163	0.0063859	0.000812924	0.0175109
142	0.0384127	0.00597161	0.0011654	0.0128763	0.00119556	0.00716982	0.0263171	0.0192377	0.247714	0.0254422	0.0266354	0.0176061	0.00151798	0.0308268	0.292067	0.0630556	0.125238	0.0351727	0.00581591	0.0165616
143	0.0390549	0.0029154	0.039088	0.0348227	0.0108996	0.0276479	0.0872779	0.0220666	0.0540429	0.0364513	0.0120524	0.17156	0.020773	0.120759	0.121273	0.0751422	0.0490678	0.0558816	0.00723377	0.0119897
144	0.0167711	0.000761291	0.682853	0.0364969	0.0108151	0.0374213	0.0336737	0.00227674	0.00431568	0.00961686	0.00153813	0.0777857	0.00925173	0.00837385	0.0107205	0.0328359	0.00926253	0.00925564	0.000843105	0.00513165
145	0.0408518	0.0027674	0.00611438	0.0161457	0.0226573	0.0072844	0.00720017	0.18891	0.00594225	0.163522	0.0842537	0.0063973	0.00385554	0.0209664	0.0171152	0.0267396	0.0756702	0.297865	0.0015372	0.00420444
146	0.0209889	0.00139228	0.00520751	0.00555201	0.00488026	0.907255	0.00304993	0.00736877	0.00500822	0.00252913	0.000778593	0.0048253	0.000623881	0.00356651	0.0124015	0.00929447	0.00329906	0.00131805	0.000239404	0.000420815
147	0.0253615	0.00174698	0.00717188	0.00765214	0.00474424	0.875814	0.0054243	0.00740568	0.00657864	0.00395534	0.00144598	0.00774425	0.00152423	0.00701386	0.0139453	0.013424	0.00522175	0.00243048	0.000455425	0.000939584
148	0.00933026	0.00176363	0.0143546	0.0411723	0.00488828	0.00963909	0.14274	0.00193511	0.0333303	0.0796335	0.00224243	0.00659608	0.00534649	0.481059	0.140731	0.00540947	0.00294401	0.00390805	0.00842431	0.00455118
149	0.0180841	0.0198685	0.0105204	0.0167603	0.00751439	0.075738	0.0782505	0.00775021	0.108468	0.0195148	0.00652154	0.0322689	0.010409	0.0519913	0.464907	0.0294066	0.0186002	0.0117909	0.00482022	0.00681524
150	0.10376	0.0311215	0.00350609	0.00727205	0.00762549	0.0414962	0.0110951	0.101705	0.0395691	0.0849464	0.0854563	0.0145573	0.0160859	0.0141499	0.0294399	0.136542	0.123088	0.136866	0.0068538	0.00486366
151	0.0200713	0.00256853	0.00125569	0.00302029	0.019787	0.0043496	0.0020271	0.103382	0.00328881	0.570896	0.0876634	0.00253456	0.00669546	0.00838123	0.00662138	0.00679809	0.0108971	0.133225	0.00426537	0.0022709
152	0.0452068	0.00232694	0.00498478	0.0316728	0.0110638	0.00579813	0.0113684	0.166915	0.0161084	0.120936	0.055803	0.00769105	0.013945	0.0207086	0.0356678	0.0264048	0.0912853	0.312661	0.0150661	0.0043868
153	0.0237387	0.00350326	0.0353662	0.0322013	0.00828886	0.143525	0.0937348	0.0036453	0.0509386	0.0329225	0.00289163	0.319279	0.0079315	0.0375377	0.0395283	0.111525	0.0307619	0.00835187	0.00176881	0.0125608
154	0.0067081	0.00132555	0.00788652	0.0141148	0.00136845	0.00389678	0.0150759	0.00420385	0.329022	0.0204765	0.0056564	0.00229279	0.00336338	0.0328686	0.528677	0.00711079	0.00606302	0.00645974	0.00125428	0.00217547
155	0.0171312	0.00323382	0.00654052	0.00871235	0.00591452	0.00840802	0.0101971	0.00786475	0.0403105	0.0249205	0.0321014	0.00867859	0.0075819	0.0175145	0.0200732	0.0178787	0.0150873	0.0313369	0.706624	0.00989015
156	0.0338911	0.0019223	0.0019332	0.00921303	0.0024023	0.0137278	0.00347653	0.00568607	0.0156784	0.00848716	0.00248092	0.0168435	0.00249602	0.00361185	0.00346811	0.423105	0.426441	0.017338	0.00149969	0.00629784
157	0.0665732	0.00290737	0.00796826	0.0125468	0.00941925	0.0237366	0.0170634	0.00793267	0.0130329	0.0107584	0.00419215	0.0346112	0.00426818	0.0104762	0.0136938	0.341293	0.384632	0.0165961	0.0030097	0.0152886
158	0.0120383	0.0124914	0.000704711	0.00219353	0.530549	0.0022154	0.0249392	0.00956021	0.00173491	0.0593081	0.00614128	0.00363261	0.00408677	0.00525656	0.00258764	0.0142542	0.00639006	0.00653997	0.00782145	0.287555
159	0.0311114	0.00460119	0.00599763	0.0111766	0.0139576	0.00682244	0.00982655	0.0854803	0.0303081	0.305382	0.0496587	0.0324314	0.0105085	0.124616	0.0377752	0.025694	0.0584082	0.140696	0.00669131	0.00885776
160	0.0574021	0.00515819	0.022431	0.0333413	0.00990086	0.0291613	0.0387528	0.0165388	0.192148	0.0295419	0.0121246	0.0334889	0.11109	0.0528739	0.092003	0.142453	0.0726307	0.0346734	0.00619329	0.00809322
161	0.528481	0.00142832	0.00307186	0.00949649	0.00271296	0.0466886	0.00247099	0.0184545	0.00498295	0.0210698	0.0106389	0.0072134	0.00303626	0.00832745	0.0117334	0.094415	0.120617	0.102545	0.000670719	0.00194545
162	0.0180537	0.00161643	0.00773353	0.0189777	0.00273978	0.00966308	0.039315	0.006893	0.179275	0.0246019	0.00547401	0.0061785	0.00951504	0.0761565	0.553475	0.0148038	0.0129807	0.00704479	0.00275691	0.00274497
163	0.0124476	0.00140934	0.000513142	0.00222147	0.0177498	0.00266728	0.000655285	0.109577	0.0012344	0.619625	0.0814021	0.000710889	0.00431289	0.00101591	0.00329386	0.00219973	0.00536326	0.130304	0.00292878	0.000367989
164	0.0249836	0.00114445	0.00186358	0.00156416	0.00588805	0.0020383	0.00206927	0.237041	0.000509707	0.0414176	0.0146027	0.00332142	0.000451902	0.000925547	0.000681856	0.00199023	0.00760101	0.651393	0.000253051	0.000259245
165	0.0129399	0.949767	0.000606565	0.00443684	0.00324503	0.000747475	0.00112899	0.00366881	0.000960782	0.0013601	0.000615241	0.00686486	0.000677249	0.00125304	0.00121559	0.0031615	0.00394087	0.00258549	0.000307943	0.00051651
166	0.208375	0.00989398	0.0103861	0.013774	0.0158906	0.0369166	0.0332649	0.0101308	0.0126975	0.0112178	0.00607109	0.0404432	0.0102706	0.0175061	0.0215879	0.364174	0.139831	0.0227206	0.00630006	0.00854787
167	0.026385	0.00184497	0.00215833	0.00535879	0.0137578	0.00289963	0.00319475	0.24167	0.00257563	0.0866891	0.0292929	0.00345137	0.00165465	0.00491022	0.00475439	0.0074897	0.0203127	0.539462	0.000729655	0.00140821
168	0.0734709	0.00261481	0.0107371	0.018975	0.0101975	0.00892837	0.0221502	0.0494992	0.0099057	0.119199	0.0528572	0.0176577	0.285128	0.0746782	0.0207706	0.042201	0.0899066	0.0823338	0.00387582	0.00491304
169	0.120488	0.007975	0.0864327	0.0702247	0.00730842	0.243818	0.0408306	0.00523744	0.0258449	0.009023	0.0056044	0.0537692	0.0150183	0.0297639	0.0293913	0.15361	0.0635326	0.0177308	0.0033624	0.0110349
170	0.142028	0.000906499	0.0518807	0.0791567	0.00953168	0.01533	0.0218399	0.0223156	0.00373549	0.0782458	0.0181333	0.0517275	0.229148	0.0542435	0.0153861	0.0953464	0.052732	0.0549145	0.00093345	0.00246478
171	0.0408253	0.00207673	0.243596	0.189943	0.00136119	0.10288	0.0604755	0.00831902	0.0295043	0.00486114	0.00269472	0.0846586	0.028516	0.0512408	0.032089	0.0657055	0.0231556	0.0131501	0.000579208	0.014368
172	0.0190703	0.00104755	0.00521751	0.00563571	0.00488367	0.910563	0.00304848	0.00746814	0.00496095	0.00250151	0.000666936	0.00488502	0.000620015	0.00356548	0.012485	0.00878412	0.00265016	0.0013012	0.000236985	0.000408402
173	0.152903	0.00636384	0.00125027	0.00232478	0.00213932	0.0266612	0.00749763	0.118676	0.0130902	0.0508579	0.0583458	0.0177934	0.0204567	0.00264904	0.0142778	0.142041	0.22068	0.135605	0.00289389	0.00349345
174	0.0397244	0.00197804	0.161185	0.327333	0.00294591	0.0480421	0.0399351	0.00787908	0.0327203	0.00911449	0.00565208	0.0384793	0.0222901	0.125969	0.0387482	0.0405402	0.0190279	0.0164129	0.00127002	0.020752
175	0.0812078	0.00445037	0.0050555	0.0103806	0.00577094	0.0203966	0.013779	0.0318363	0.0152727	0.0353545	0.0181123	0.0249301	0.0100341	0.00975263	0.0143009	0.273191	0.372908	0.0434298	0.00281882	0.0070179
176	0.0397407	0.000648946	0.00599678	0.00488619	0.107691	0.00420098	0.39096	0.00777847	0.00495534	0.0189548	0.00153142	0.00830401	0.0154857	0.0383463	0.0259744	0.0416802	0.0141112	0.0421112	0.000507996	0.226135
177	0.0243549	0.0125213	0.00557411	0.00526881	0.527904	0.00518425	0.0257887	0.0147137	0.0059686	0.0611675	0.00966997	0.00821593	0.00596828	0.00907009	0.00782631	0.0215447	0.0123726	0.0141815	0.00657479	0.21613
178	0.0107542	0.000426494	0.76539	0.0169347	0.00558488	0.01276	0.0333229	0.00133753	0.00131414	0.00849132	0.000752605	0.0809441	0.00748369	0.00462406	0.0075002	0.0256747	0.0058678	0.00749975	0.000365485	0.00297101
179	0.00907867	0.00135977	0.0231986	0.36833	0.00314088	0.0123572	0.0703748	0.00200159	0.0358133	0.0367274	0.00465826	0.00387904	0.00867723	0.317017	0.0707795	0.00700626	0.00707135	0.00537257	0.00455806	0.00859841
180	0.0406143	0.00363961	0.00310578	0.00811067	0.0210915	0.00848289	0.00531092	0.141005	0.00606076	0.347681	0.0734825	0.00646942	0.00923746	0.0162249	0.0116377	0.0323045	0.0494602	0.207374	0.00384148	0.00486543
181	0.0310407	0.00222853	0.0417251	0.314341	0.009781	0.00685007	0.0110324	0.00487309	0.0392434	0.0136459	0.00492102	0.00677741	0.0200121	0.234527	0.150729	0.031454	0.031177	0.033526	0.0021091	0.0100064
182	0.0157593	0.000682595	0.705682	0.0266543	0.00543625	0.0192968	0.0362027	0.00192364	0.00439209	0.00880158	0.00109172	0.0844197	0.00881049	0.0103874	0.0128759	0.0361236	0.0093292	0.00812992	0.000506047	0.00349441
183	0.0254348	0.00132023	0.00184878	0.00154562	0.00589334	0.00199963	0.0021151	0.239602	0.00063092	0.0439512	0.0146037	0.00319813	0.000676854	0.000960893	0.000824431	0.0021519	0.00786241	0.644849	0.000250259	0.000280672
184	0.0152944	0.0107257	0.000629392	0.00254467	0.5361	0.00165565	0.0279062	0.00493665	0.00162315	0.0395436	0.00322639	0.00438332	0.0050815	0.00505399	0.00146109	0.0127945	0.00537529	0.0054972	0.00979441	0.306373
185	0.0131453	0.00113252	0.000563683	0.00246443	0.0179228	0.00324206	0.000754497	0.124182	0.00132725	0.573258	0.0897238	0.000749419	0.00486726	0.00115547	0.00328627	0.00220356	0.00463846	0.151495	0.00347133	0.000416902
186	0.0641953	0.00836709	0.00354782	0.00236099	0.0123943	0.0128947	0.00769156	0.0356446	0.0119283	0.397935	0.12968	0.00849622	0.0177455	0.0744187	0.0219609	0.0269595	0.0174059	0.110863	0.0251868	0.0103244
187	0.0111651	0.000900413	0.0544348	0.0508038	0.00186825	0.0186891	0.153259	0.00233747	0.0477482	0.0142745	0.00159072	0.120277	0.0551693	0.191897	0.130939	0.0835339	0.0157874	0.0188622	0.016681	0.00978214
188	0.137099	0.00374339	0.0176045	0.0148359	0.0234642	0.0555576	0.0345759	0.0123647	0.019682	0.0104572	0.0066943	0.092482	0.0152925	0.0187693	0.0322228	0.283873	0.188367	0.0155514	0.00675866	0.0106042
189	0.00481991	0.00174578	0.0265331	0.0268725	0.00196681	0.00608561	0.0372342	0.00798026	0.308201	0.0324721	0.0100066	0.00326214	0.00282249	0.0532313	0.452933	0.00511676	0.00645324	0.00427305	0.00364365	0.00434683
190	0.0151814	0.000659184	0.70058	0.0334869	0.00517973	0.0218325	0.0378116	0.00264536	0.0056156	0.00942163	0.00126769	0.0818974	0.0097946	0.0118917	0.0121884	0.0291776	0.00851785	0.00854924	0.000421247	0.00388088
191	0.0499441	0.00215377	0.171005	0.194048	0.00159383	0.0778724	0.053896	0.0191577	0.0493888	0.017371	0.00982475	0.0718031	0.0436979	0.061487	0.038396	0.055934	0.035942	0.0316158	0.000927559	0.0139413
