353	20
1	0.0220413	0.00676961	0.00510731	0.0213456	0.0411332	0.0129951	0.0175405	0.128774	0.0179389	0.341111	0.148964	0.011149	0.0142354	0.0149703	0.0381502	0.0299538	0.0322965	0.0646215	0.00660693	0.0242954
2	0.0511509	0.00708494	0.11239	0.0328434	0.0051994	0.194124	0.0287167	0.0272845	0.0980208	0.0131814	0.00875065	0.0775539	0.0091944	0.0172992	0.118152	0.132459	0.0380366	0.0156313	0.00211713	0.0108107
3	0.0200069	0.0241384	0.00773759	0.010966	0.332564	0.00820215	0.0426682	0.0392169	0.00964589	0.104336	0.00777645	0.0162876	0.00395923	0.0159199	0.018501	0.0231729	0.0140735	0.0286495	0.0601013	0.212076
4	0.0129773	0.00653587	0.00432751	0.0183	0.176892	0.0101471	0.0105294	0.1098	0.00993923	0.320004	0.0621121	0.00927434	0.00815692	0.0231246	0.0205588	0.0190123	0.0178584	0.0621532	0.0593232	0.0389743
5	0.037793	0.0139558	0.112107	0.0591658	0.0058372	0.0989608	0.0172838	0.00842222	0.0822089	0.00658123	0.00478402	0.1418	0.00544465	0.0133963	0.0739707	0.209157	0.077032	0.0137359	0.00106582	0.0172985
6	0.0764899	0.00334791	0.247885	0.320412	0.00450023	0.0527591	0.0269206	0.00452652	0.0303896	0.0166181	0.00168912	0.0418723	0.0123076	0.0586321	0.0165817	0.0435071	0.0202571	0.0152854	0.000450649	0.00556809
7	0.0332706	0.0438799	0.0164511	0.00967687	0.0115865	0.0335082	0.178051	0.0330846	0.0657928	0.021476	0.0171029	0.0204261	0.00661146	0.0456493	0.247019	0.0302799	0.044359	0.0486036	0.0277466	0.0654241
8	0.546631	0.00806714	0.00846794	0.00794645	0.0186397	0.0370719	0.00975676	0.0171066	0.00544259	0.0268979	0.0170564	0.0199897	0.00763758	0.0162277	0.0102761	0.120797	0.0233222	0.0743152	0.00116162	0.0231888
9	0.0213859	0.00208019	0.00333504	0.02217	0.0377415	0.0133402	0.00833749	0.145921	0.0134724	0.352394	0.16216	0.0121325	0.0140578	0.0102207	0.0152639	0.0306483	0.0397429	0.0715848	0.00444076	0.0195707
10	0.39627	0.00488962	0.039932	0.0200557	0.00731837	0.0348006	0.0251699	0.0109181	0.0199056	0.0105627	0.0141819	0.0806009	0.00928653	0.0170048	0.0296001	0.168403	0.0498328	0.0500525	0.00121025	0.0100041
11	0.028425	0.0115016	0.00653382	0.0384784	0.0355965	0.0123766	0.0316848	0.122464	0.0214602	0.268807	0.108937	0.0101156	0.00924155	0.019739	0.0779474	0.0265015	0.0342982	0.0928583	0.00757081	0.0354635
12	0.175196	0.00141213	0.0119096	0.0366794	0.00168356	0.044455	0.00979526	0.0186085	0.0246486	0.0148856	0.0111448	0.0173134	0.0816225	0.0188371	0.0368335	0.294196	0.142944	0.0403472	0.000283123	0.0172035
13	0.0216599	0.00227829	0.00266824	0.0223391	0.0388327	0.0118243	0.00904975	0.146919	0.013185	0.364375	0.156762	0.00740769	0.0176344	0.00826679	0.0133532	0.0328055	0.0344449	0.0690751	0.00449576	0.0226229
14	0.0708236	0.00566926	0.0649984	0.0639285	0.0186324	0.0149401	0.0106911	0.0529854	0.0313385	0.155662	0.0376846	0.0604275	0.0148473	0.0146676	0.0286195	0.105888	0.156556	0.079019	0.00130535	0.0113158
15	0.049973	0.00286057	0.262628	0.388607	0.00240083	0.0395751	0.0297274	0.00450801	0.0370573	0.00752438	0.000641869	0.0403332	0.002941	0.0454632	0.0152148	0.026353	0.0239847	0.0138217	0.000190441	0.00619453
16	0.0517827	0.0030724	0.250714	0.366075	0.00259541	0.0406683	0.0273359	0.00480253	0.0391386	0.0083574	0.00081801	0.0483632	0.00326103	0.0472315	0.0196549	0.038075	0.0263482	0.0153512	0.000238686	0.00611596
17	0.0417729	0.00697999	0.150925	0.0814511	0.00573607	0.16791	0.042179	0.0089937	0.0427685	0.0137217	0.00608247	0.134058	0.00925625	0.0214037	0.0647462	0.122992	0.041883	0.0171396	0.00133913	0.0186622
18	0.0456577	0.00304284	0.24587	0.400257	0.00309644	0.0385201	0.0294984	0.00522642	0.0367323	0.00795084	0.00075552	0.0378141	0.00278979	0.0443589	0.0193798	0.0315492	0.0230708	0.0144381	0.000244881	0.00974695
19	0.0933493	0.00445657	0.197124	0.280369	0.00792598	0.0474937	0.0326635	0.00572998	0.0269411	0.0402302	0.00250433	0.032545	0.0190999	0.100137	0.0191986	0.0453737	0.0186431	0.0198128	0.00107972	0.00532207
20	0.0165761	0.0123027	0.00568548	0.0268187	0.165202	0.0106152	0.0294863	0.08182	0.0109266	0.280035	0.0669458	0.0119024	0.00891389	0.0238632	0.0300438	0.0305882	0.0178195	0.0497874	0.0346785	0.0859893
21	0.223257	0.00152975	0.0132686	0.0392007	0.00202968	0.0440263	0.00966153	0.0191797	0.0243644	0.0143695	0.0125485	0.0169638	0.0807743	0.0185448	0.0389794	0.252985	0.133051	0.0389855	0.000438114	0.0158425
22	0.00971639	0.00235761	0.00252904	0.0123538	0.00199278	0.020288	0.0356978	0.00643086	0.30883	0.00353202	0.00236712	0.0111884	0.00190613	0.0374535	0.503179	0.0110953	0.011464	0.010168	0.0048511	0.0025991
23	0.381011	0.00193015	0.0112114	0.0243558	0.00455986	0.0387403	0.00887379	0.0162079	0.0169854	0.0151616	0.0135053	0.0191257	0.0770327	0.0169148	0.0270274	0.193886	0.0783702	0.0420136	0.000594876	0.0124916
24	0.0201781	0.00144976	0.00122052	0.0195335	0.0416803	0.0120653	0.00735246	0.151465	0.010221	0.373937	0.163854	0.00630016	0.0154042	0.00721083	0.00930726	0.0271827	0.0340357	0.0725411	0.00462331	0.0204382
25	0.0520459	0.00970689	0.0476917	0.140186	0.0098543	0.0156228	0.124703	0.00685152	0.0523951	0.0306214	0.00339484	0.0495362	0.00971187	0.309423	0.0572061	0.0289553	0.0264938	0.0081184	0.00146221	0.0160198
26	0.0500958	0.00269654	0.258137	0.393962	0.00259194	0.0388401	0.0294287	0.00463974	0.0362845	0.00823319	0.000580965	0.0383086	0.00282734	0.0472635	0.0153547	0.0273614	0.023299	0.0139109	0.000191061	0.00599219
27	0.0564227	0.0064566	0.0937061	0.050268	0.00814173	0.0544835	0.0213783	0.0068396	0.0505919	0.00544656	0.00550017	0.158414	0.0049286	0.01463	0.084795	0.234492	0.117016	0.0174124	0.000839943	0.00823692
28	0.109833	0.00704928	0.0539544	0.0454244	0.00824197	0.0478948	0.0464624	0.0157752	0.0422741	0.0209	0.0125126	0.085772	0.0567959	0.0325016	0.088363	0.168553	0.105924	0.0282859	0.00229747	0.0211843
29	0.0482152	0.00369309	0.00359993	0.0227456	0.0103834	0.00633024	0.00655473	0.296744	0.012252	0.0535491	0.0100341	0.00342456	0.0259573	0.00370596	0.0240247	0.0184732	0.0987411	0.342715	0.00153009	0.00732605
30	0.0220619	0.723259	0.0116739	0.00619356	0.0111853	0.0148912	0.00998926	0.00671818	0.0183596	0.0139938	0.00543603	0.0156157	0.00364552	0.006522	0.0372564	0.0276503	0.0272572	0.0181811	0.0015107	0.0185988
31	0.623103	0.00254782	0.00625162	0.00672249	0.00654824	0.0355351	0.00714	0.0107627	0.00542023	0.00909027	0.0150859	0.0237908	0.010368	0.0085602	0.00839635	0.132603	0.0242545	0.0543168	0.000754911	0.00874808
32	0.0931848	0.0183774	0.0233484	0.0281632	0.00364226	0.433609	0.0173856	0.00709221	0.0205327	0.0191753	0.0216531	0.0376122	0.0057447	0.0144357	0.10616	0.0915392	0.0167439	0.0300638	0.00128205	0.0102549
33	0.0214283	0.699359	0.0113625	0.00717119	0.0133096	0.0193622	0.0123843	0.00719641	0.0196113	0.0147963	0.00640192	0.0149638	0.00349669	0.00904591	0.0396479	0.0300918	0.0288657	0.0181279	0.00152624	0.0218509
34	0.0192661	0.00379177	0.0155242	0.00969703	0.00388294	0.0660161	0.129571	0.00870078	0.185136	0.00712858	0.00322343	0.231343	0.0059027	0.0888426	0.109824	0.0412484	0.0328003	0.00728648	0.00126128	0.0295525
35	0.170467	0.00203137	0.0300048	0.0662591	0.00345125	0.0467602	0.015163	0.0251567	0.032634	0.020482	0.0135289	0.0186633	0.0977734	0.0281545	0.0480573	0.187765	0.136565	0.0399584	0.000604684	0.0165208
36	0.0216881	0.00245463	0.00180521	0.013054	0.0238614	0.00695642	0.00541521	0.28043	0.00746141	0.200689	0.0687572	0.00428837	0.0116836	0.00466464	0.00848605	0.0140525	0.0331639	0.277115	0.00300888	0.0109639
37	0.0784791	0.0189758	0.0192926	0.022041	0.0098191	0.359157	0.0142976	0.0253039	0.0198713	0.0711036	0.0512417	0.0336891	0.00766615	0.0162418	0.0792486	0.0897406	0.0219597	0.0451025	0.00228349	0.0144856
38	0.0204504	0.0437705	0.0110632	0.017031	0.0918995	0.013988	0.167987	0.00499362	0.0180264	0.0655908	0.0235275	0.0341225	0.0157468	0.108085	0.0990894	0.105074	0.0121014	0.00794	0.00143501	0.138078
39	0.0729952	0.0107794	0.0804753	0.140778	0.0155627	0.151677	0.0297024	0.0333449	0.0278172	0.100346	0.0357865	0.0310585	0.0197987	0.0485327	0.0470509	0.0650261	0.0336254	0.0338316	0.00447624	0.017335
40	0.0351902	0.00605255	0.022579	0.0763804	0.00524614	0.0158638	0.0809022	0.0103784	0.162194	0.0254313	0.00249119	0.0634128	0.00750433	0.191403	0.18561	0.0416046	0.0294657	0.0102043	0.00299442	0.0250912
41	0.0228964	0.0347148	0.00513357	0.00365186	0.392988	0.00316885	0.0665768	0.00624558	0.00363689	0.0121464	0.00201453	0.0190324	0.00152896	0.00338939	0.0116947	0.0230623	0.0122271	0.00905767	0.0133947	0.353439
42	0.0279734	0.0083697	0.00534907	0.0207942	0.0424742	0.0136544	0.0116123	0.160184	0.0133403	0.304558	0.115762	0.0111889	0.0145701	0.0110543	0.0199857	0.0303894	0.0391542	0.120341	0.00714626	0.0220984
43	0.0793853	0.00572854	0.0513773	0.0339902	0.00751241	0.083369	0.0241161	0.0126302	0.0384337	0.0130561	0.00812676	0.105014	0.0267349	0.0149153	0.0831542	0.237248	0.136079	0.0265098	0.00135441	0.0112653
44	0.0357898	0.367308	0.0153292	0.0141091	0.013915	0.0192001	0.0176074	0.0228239	0.0166611	0.0236928	0.0102457	0.0213669	0.012381	0.012046	0.0591583	0.114025	0.0965866	0.101004	0.00176052	0.0249897
45	0.0186655	0.00276064	0.00155641	0.0185099	0.0397021	0.0132651	0.00821587	0.146326	0.0116034	0.390284	0.158509	0.00652005	0.0147704	0.00814625	0.0120556	0.0257756	0.0309706	0.0679733	0.00480299	0.0195883
46	0.0181599	0.00603667	0.162771	0.0438395	0.00616194	0.267306	0.0820865	0.00784863	0.0200132	0.0101385	0.00366628	0.161147	0.00594503	0.0114043	0.0568868	0.0728184	0.0154683	0.010497	0.00158436	0.03622
47	0.157182	0.0029535	0.0213373	0.049058	0.0025109	0.070675	0.0138597	0.034879	0.0474818	0.0142784	0.0205594	0.0344328	0.0695781	0.0298179	0.0462456	0.200714	0.12815	0.0412239	0.000795272	0.0142669
48	0.0233977	0.0535256	0.0230968	0.00913976	0.221996	0.00828932	0.0499109	0.021851	0.00904183	0.0640346	0.0100893	0.0371502	0.00776857	0.0161721	0.0269359	0.045751	0.0217872	0.0834112	0.00967112	0.25698
49	0.019089	0.021532	0.007631	0.0137916	0.292557	0.00947479	0.0372965	0.0501393	0.0131497	0.133254	0.0167005	0.0160923	0.00525255	0.0198912	0.0295996	0.0262081	0.0161973	0.0352439	0.0638042	0.173095
50	0.0405206	0.0296244	0.0499625	0.0698952	0.0483389	0.038707	0.121578	0.0252331	0.0564447	0.0491704	0.0191986	0.0608714	0.0197675	0.0701427	0.100569	0.056751	0.0398991	0.0260396	0.00685368	0.0704318
51	0.123123	0.00398158	0.0143135	0.0277922	0.00387353	0.0304723	0.016857	0.0313091	0.0236895	0.0487691	0.0132684	0.0172256	0.339574	0.0455162	0.0475153	0.11557	0.0610086	0.0240122	0.00182277	0.0103063
52	0.0546177	0.00304465	0.237304	0.353672	0.00377549	0.0357782	0.0405234	0.0045353	0.0346099	0.0126342	0.000930283	0.0454979	0.00643513	0.0689296	0.0224875	0.0343294	0.0215156	0.0126294	0.000307853	0.00644292
53	0.0227607	0.706186	0.0111218	0.00668451	0.0108443	0.0195778	0.012788	0.00634182	0.0183753	0.0154378	0.00593647	0.0156875	0.00397473	0.00940081	0.0376139	0.02868	0.0267813	0.0210304	0.00143144	0.0193454
54	0.0212363	0.0138045	0.00676982	0.0202652	0.143202	0.0100592	0.0250661	0.0966997	0.0151506	0.274004	0.0820802	0.0136963	0.00983992	0.0232912	0.0373587	0.0293806	0.0251162	0.055512	0.027395	0.0700725
55	0.0392214	0.497839	0.0105265	0.00882223	0.00863432	0.0166997	0.0221566	0.00941469	0.0531991	0.0320941	0.010288	0.0128263	0.00516451	0.014153	0.166888	0.0241788	0.020769	0.0134354	0.00255839	0.0311315
56	0.024171	0.710558	0.0105193	0.00613556	0.0104559	0.0160414	0.0116671	0.00812354	0.0176354	0.0182412	0.00698434	0.0135488	0.00412606	0.00809622	0.0379856	0.0285053	0.028607	0.0198917	0.00145911	0.0172479
57	0.0226351	0.044244	0.0619855	0.0216873	0.0340616	0.00893901	0.145514	0.00781378	0.0494976	0.0547265	0.0151936	0.0947248	0.00781635	0.0476588	0.158412	0.0633423	0.0320968	0.0154075	0.00322019	0.111023
58	0.151237	0.0131904	0.0360701	0.0380342	0.00483532	0.296011	0.0133429	0.00955384	0.0339297	0.0315396	0.0347497	0.0237383	0.0112751	0.0125012	0.0555648	0.161684	0.0230719	0.0198247	0.00164925	0.0281965
59	0.021697	0.689848	0.0144607	0.00994356	0.0166414	0.0184919	0.0134844	0.00725488	0.0192329	0.0149953	0.00670725	0.0166369	0.00467468	0.0101856	0.038501	0.0282836	0.0268468	0.0180966	0.00172396	0.022294
60	0.0242948	0.00389695	0.0813812	0.014505	0.00287138	0.309975	0.0572862	0.00788926	0.0339797	0.0166949	0.00485993	0.132279	0.00274013	0.00565943	0.138708	0.110704	0.0275919	0.0159228	0.0012005	0.00755997
61	0.0332651	0.00657734	0.0211982	0.0896612	0.00480076	0.0100102	0.0785824	0.0174989	0.146407	0.0405462	0.00432802	0.061208	0.00607525	0.198349	0.131471	0.0470352	0.0360908	0.0171964	0.0015462	0.0481534
62	0.0867102	0.0020286	0.00312332	0.00631453	0.00251807	0.0127534	0.0157418	0.0351284	0.00621181	0.0709109	0.0125691	0.0142354	0.561554	0.0616288	0.0311859	0.0558496	0.0128369	0.00436456	0.000952736	0.00338193
63	0.0236255	0.00505984	0.00516389	0.0195935	0.0401339	0.0126816	0.0126658	0.177042	0.0136025	0.293381	0.115621	0.0110293	0.0207596	0.0114876	0.0252189	0.0269764	0.036732	0.120305	0.00778677	0.0211338
64	0.0675301	0.0175939	0.0376122	0.0199688	0.0358086	0.0158095	0.0464566	0.0465621	0.0144922	0.0318104	0.014392	0.0449744	0.0107719	0.0162888	0.0850679	0.151843	0.164269	0.0904154	0.00242665	0.0859069
65	0.0487521	0.00267564	0.260485	0.394277	0.00244108	0.0393873	0.0291698	0.00462268	0.0366422	0.00762811	0.000669054	0.0394041	0.00251653	0.0454908	0.0153637	0.0261605	0.0239047	0.0139258	0.000195036	0.00628856
66	0.033414	0.0382899	0.0369961	0.0160225	0.030204	0.0115659	0.13862	0.0112165	0.0441834	0.051526	0.025472	0.0854492	0.0157777	0.0602838	0.131861	0.084203	0.0488816	0.0281308	0.00445529	0.103447
67	0.032869	0.0179826	0.106507	0.0664915	0.0164425	0.0136433	0.174126	0.00799373	0.0537566	0.0337792	0.00688152	0.124775	0.00498661	0.0766943	0.105608	0.0359052	0.0176228	0.0108717	0.00172294	0.0913396
68	0.119292	0.00225757	0.00898927	0.0197648	0.00271907	0.0249544	0.0223463	0.0269743	0.0172637	0.0519694	0.0110318	0.0149737	0.391233	0.0438067	0.0532972	0.106297	0.0612938	0.0131717	0.000951955	0.00741321
69	0.0242057	0.0344979	0.00523603	0.00393556	0.390795	0.00319958	0.0665143	0.00634384	0.00364659	0.0127974	0.002075	0.0190072	0.00157242	0.00347064	0.0119505	0.0230202	0.0125491	0.00931975	0.0134211	0.352442
70	0.040765	0.0169349	0.0232476	0.0348897	0.0278521	0.0299356	0.0971832	0.10804	0.0387679	0.116222	0.0549044	0.0336932	0.020897	0.0445387	0.0859512	0.0524418	0.0502025	0.0639571	0.00941266	0.0501634
71	0.0509244	0.00745363	0.0139183	0.0602312	0.00540713	0.0206048	0.0271052	0.0147271	0.198999	0.0137492	0.00892683	0.0182953	0.0315921	0.106455	0.286612	0.0638998	0.0399407	0.0145646	0.00460952	0.0119842
72	0.0924933	0.00585154	0.0656899	0.0688886	0.0227555	0.0115877	0.0120634	0.0516512	0.0232847	0.130561	0.0216332	0.0436411	0.0286177	0.015423	0.0328185	0.121558	0.167418	0.0691675	0.00112075	0.0137756
73	0.023346	0.71939	0.0124886	0.00908617	0.00826939	0.0164731	0.0100499	0.00625291	0.0204812	0.0131623	0.00577622	0.0145614	0.00355758	0.00750969	0.0370266	0.0289467	0.0279334	0.0186939	0.00156122	0.0154336
74	0.022694	0.0345275	0.0053301	0.00377622	0.390994	0.00324035	0.0656696	0.00755083	0.00373893	0.0151651	0.00207595	0.01888	0.00155761	0.00360084	0.0115913	0.0229849	0.0121252	0.00969953	0.0149734	0.349825
75	0.0110757	0.00290468	0.00261024	0.0139774	0.00222238	0.0200852	0.0346368	0.0073977	0.301491	0.00380375	0.00313561	0.0110044	0.00371014	0.0389483	0.497093	0.0141083	0.0133052	0.0104469	0.00494064	0.00310294
76	0.0446474	0.00342201	0.232885	0.352228	0.00293562	0.0398453	0.0282718	0.00609377	0.0605325	0.00825104	0.00151001	0.0506031	0.00390578	0.0451443	0.0328873	0.0392069	0.0259539	0.0138708	0.000363007	0.00744226
77	0.0118994	0.0237002	0.00707567	0.0240192	0.0469558	0.00489713	0.0505012	0.0600068	0.0431733	0.278975	0.112169	0.0219479	0.00309298	0.050342	0.164849	0.0326991	0.00606323	0.0214369	0.0118654	0.0243311
78	0.0239629	0.0338797	0.00542802	0.00391636	0.389487	0.00348296	0.0699391	0.00636291	0.00380688	0.0126391	0.00237222	0.0215749	0.00172754	0.00423063	0.012455	0.0229519	0.0142818	0.00928677	0.013123	0.345091
79	0.0357133	0.0233296	0.0326936	0.0283207	0.0280378	0.0516824	0.12624	0.0200881	0.0626743	0.0399969	0.0206947	0.0646236	0.0183107	0.0582411	0.152133	0.102353	0.0476767	0.0256357	0.00672572	0.0548288
80	0.077035	0.00355814	0.00689368	0.0161285	0.00879485	0.0164921	0.0160835	0.0807846	0.0142661	0.0921455	0.0266566	0.0140406	0.384399	0.044519	0.0359231	0.0625972	0.035648	0.0526433	0.00175042	0.00964121
81	0.0127415	0.00442343	0.00268014	0.0143321	0.00227789	0.0196214	0.0311578	0.00930434	0.292498	0.00365744	0.00516564	0.010077	0.00793046	0.0357715	0.490234	0.0189904	0.0198297	0.0115143	0.00440601	0.00338656
82	0.0227561	0.627156	0.0174163	0.0111795	0.01971	0.0203567	0.0204232	0.00791573	0.0180085	0.0194436	0.00865589	0.030529	0.00463798	0.0119146	0.039319	0.0358871	0.028557	0.0220299	0.00262297	0.0314808
83	0.053515	0.00528199	0.256036	0.379967	0.00303345	0.0417736	0.0296396	0.00525976	0.0353686	0.00829981	0.000947963	0.0425775	0.00404991	0.046768	0.0154428	0.0276218	0.0229567	0.0149047	0.000294666	0.00626138
84	0.0236413	0.00262339	0.00277061	0.0120959	0.0146161	0.00434045	0.00450729	0.337217	0.00724651	0.0656621	0.0159481	0.00384432	0.0133272	0.00415558	0.0120097	0.0103996	0.0407242	0.418028	0.00123953	0.00560367
85	0.0236352	0.70259	0.0127416	0.00828377	0.0151443	0.0159672	0.0124781	0.00670295	0.0168187	0.0154106	0.00598396	0.016667	0.00431485	0.00830899	0.03426	0.0293708	0.0286486	0.0191946	0.00186402	0.0216152
86	0.034619	0.0224141	0.0640534	0.0379459	0.0347769	0.0120829	0.123968	0.0056446	0.0638144	0.0639844	0.0130212	0.15552	0.00853374	0.06552	0.102644	0.0709355	0.0254827	0.0186978	0.00108678	0.0752537
87	0.0451916	0.00711945	0.0577816	0.122662	0.00893922	0.0123301	0.126301	0.00698768	0.0785071	0.0467161	0.00326017	0.0723953	0.0113928	0.24925	0.0631949	0.0363607	0.021645	0.00924002	0.00108751	0.0196387
88	0.0228751	0.0347837	0.0051978	0.00369519	0.391683	0.00322676	0.0668471	0.00624765	0.00365864	0.0124134	0.00204052	0.018985	0.00155042	0.00368729	0.0119538	0.0236219	0.0121865	0.00913464	0.0132839	0.352928
89	0.035996	0.00999424	0.00880002	0.0206128	0.0276454	0.0134998	0.0157602	0.234828	0.0172933	0.157086	0.0615895	0.0126039	0.0194419	0.0126127	0.0349519	0.029143	0.0449451	0.218077	0.00527607	0.0198441
90	0.0866071	0.00191985	0.00378461	0.00824097	0.00257085	0.0138021	0.0158618	0.0337778	0.00997261	0.0670529	0.0121109	0.0143724	0.548194	0.0626408	0.034468	0.0594002	0.0155036	0.00511767	0.00103419	0.00356812
91	0.166687	0.00263976	0.0235949	0.0577648	0.00409648	0.0386593	0.0136047	0.0395685	0.0239426	0.0300786	0.0132881	0.0170773	0.101459	0.0257095	0.0381238	0.190218	0.146408	0.0469586	0.000542035	0.0195792
92	0.0433873	0.00864999	0.114981	0.07413	0.0122093	0.0699422	0.0515977	0.0523988	0.0504877	0.0403185	0.0238317	0.135968	0.0114487	0.0382244	0.0671916	0.0829109	0.0525138	0.0296299	0.00384087	0.0363383
93	0.181673	0.00183345	0.024941	0.0574394	0.00230393	0.0647985	0.0175801	0.0190808	0.0492127	0.0130947	0.0175811	0.0181138	0.09983	0.023777	0.0671432	0.180713	0.109382	0.0305902	0.000722901	0.020189
94	0.074079	0.00729328	0.128731	0.0535097	0.00667474	0.0524957	0.0194587	0.00733794	0.057706	0.00978615	0.00714229	0.159134	0.00518698	0.0346562	0.0605019	0.200603	0.0803653	0.0259777	0.000859639	0.00850098
95	0.0484421	0.0123279	0.0797584	0.0419143	0.00655808	0.266162	0.0498094	0.0126621	0.0349835	0.0196337	0.0130958	0.121492	0.0129236	0.0253442	0.0800267	0.0949376	0.0338769	0.0197308	0.00211144	0.0242094
96	0.0159558	0.0226831	0.0120634	0.0308453	0.0472386	0.00944507	0.0996063	0.0469761	0.0305444	0.212764	0.08532	0.0300339	0.00565412	0.0648971	0.129647	0.0463983	0.0130025	0.020466	0.00901691	0.0674421
97	0.0551171	0.0129901	0.0136942	0.0308646	0.02057	0.0196255	0.0151036	0.199482	0.0192444	0.100995	0.0417125	0.0153943	0.0276932	0.0134432	0.033834	0.0603306	0.104517	0.192081	0.00342117	0.0198863
98	0.0554112	0.0096999	0.165549	0.272405	0.0104718	0.0430169	0.0636372	0.0134572	0.0384236	0.0262933	0.00897357	0.0461802	0.00998696	0.0767457	0.0404769	0.0472652	0.0333139	0.0194101	0.00167472	0.0176081
99	0.0227578	0.0347425	0.00525841	0.0037631	0.390648	0.0033205	0.0660541	0.00700268	0.00387782	0.014111	0.00216004	0.0189178	0.00154642	0.00383057	0.0121271	0.0230307	0.0121481	0.00965466	0.0143602	0.350688
100	0.0330918	0.00772216	0.0251724	0.0653445	0.0068035	0.0271689	0.0324085	0.0155107	0.207895	0.0148473	0.01103	0.0218569	0.018692	0.0639694	0.340419	0.0445364	0.0311392	0.0164474	0.00512683	0.0108177
101	0.161162	0.060591	0.0180623	0.0249677	0.018961	0.0308921	0.0202189	0.0354393	0.0158883	0.0317131	0.0161762	0.0213229	0.0253708	0.0159547	0.0413358	0.183186	0.12504	0.122279	0.00203968	0.0294003
102	0.0827748	0.0137711	0.0351361	0.0399751	0.0157253	0.0428807	0.0798172	0.0231762	0.0375053	0.0295794	0.0158862	0.0631439	0.0323274	0.036592	0.0718269	0.179645	0.128327	0.0378382	0.00414868	0.0299237
103	0.0955677	0.0075108	0.0114846	0.0218699	0.00807679	0.0260247	0.0199585	0.03623	0.0216564	0.0609131	0.0167319	0.0196365	0.375134	0.0486632	0.0460665	0.0991614	0.0483699	0.0228174	0.00172815	0.0123988
104	0.0231842	0.0346946	0.00554612	0.00402625	0.389793	0.00347781	0.0657813	0.00644657	0.00393462	0.012929	0.00217207	0.0193418	0.00164999	0.0035667	0.0121074	0.0235304	0.0124684	0.00982895	0.0135715	0.35195
105	0.0201022	0.0123148	0.00891978	0.0215266	0.132251	0.0134219	0.0243444	0.0911938	0.020299	0.273034	0.0671812	0.0150597	0.0115875	0.0270147	0.0490846	0.0254901	0.0231364	0.0549521	0.0612871	0.0477988
106	0.0273202	0.006685	0.0468058	0.0183083	0.011655	0.082819	0.0202392	0.0385302	0.0616259	0.0987004	0.0825396	0.154052	0.0123152	0.0411232	0.0463577	0.0927855	0.0607364	0.0849903	0.00233129	0.0100798
107	0.0601679	0.00907946	0.113673	0.230883	0.00962139	0.0280001	0.0668754	0.00980993	0.0510099	0.0283702	0.00590101	0.0388016	0.0135914	0.178371	0.0518012	0.0412528	0.0314776	0.0148644	0.00161245	0.0148363
108	0.0226038	0.00822776	0.00553903	0.0315019	0.00467691	0.0182566	0.0237418	0.0219547	0.250423	0.00753796	0.0120815	0.0101667	0.0239781	0.0451	0.413986	0.0394974	0.0333669	0.0170028	0.00400155	0.00635563
109	0.0543995	0.023583	0.026095	0.0310098	0.149517	0.0322474	0.0645593	0.0222496	0.0238083	0.0395489	0.0180597	0.0390148	0.0181685	0.0295751	0.0505673	0.108941	0.0505567	0.0272581	0.00711768	0.183723
110	0.0237508	0.714634	0.0127376	0.00997461	0.0105496	0.0158638	0.0110142	0.00633744	0.0166879	0.0159107	0.00554909	0.0152677	0.0035737	0.00916292	0.0339565	0.0293561	0.0281358	0.0193699	0.00154231	0.0166251
111	0.0939778	0.0116504	0.0164532	0.0386161	0.0155896	0.0275706	0.0166555	0.107845	0.02788	0.0655832	0.0256159	0.0155115	0.10259	0.0239465	0.0474769	0.10764	0.089608	0.141814	0.00294637	0.021029
112	0.106316	0.00619994	0.0231416	0.0440876	0.0297105	0.01916	0.0124098	0.0235706	0.0380022	0.0961868	0.014626	0.0254872	0.0211659	0.0142646	0.0478472	0.302351	0.12301	0.0372314	0.0015139	0.0137178
113	0.0438559	0.0250503	0.0540145	0.0736925	0.0488263	0.0445802	0.113944	0.0224512	0.0496939	0.053174	0.0237858	0.0593935	0.0178938	0.0734095	0.091735	0.065238	0.0366856	0.0238791	0.00589007	0.0728071
114	0.0571856	0.0033252	0.229674	0.37446	0.00407978	0.0395245	0.0311324	0.00503475	0.0373557	0.0128727	0.00127234	0.0373063	0.00774122	0.0634005	0.0187068	0.0326101	0.0228632	0.0148466	0.000413203	0.00619556
115	0.0286006	0.0106319	0.050841	0.00941155	0.00813761	0.0287581	0.104924	0.0645117	0.0187546	0.0704354	0.0540762	0.0702126	0.00460197	0.044856	0.158365	0.0353274	0.0737655	0.030234	0.0195094	0.114045
116	0.0551536	0.0102769	0.201758	0.261925	0.007079	0.0563388	0.0371752	0.0127322	0.0407183	0.0185382	0.00578252	0.0602304	0.0120887	0.045555	0.0395208	0.0593144	0.0374786	0.021675	0.00106074	0.015598
117	0.0305276	0.00423561	0.0755364	0.0142419	0.00294616	0.316942	0.0574524	0.00814904	0.033671	0.0157378	0.00597956	0.124387	0.00258669	0.00631689	0.144555	0.1045	0.025267	0.0186496	0.00116107	0.00715679
118	0.0922456	0.013307	0.0196536	0.0318114	0.013329	0.0316889	0.0243305	0.0416831	0.0317452	0.0216849	0.0140152	0.0342209	0.0451503	0.0206033	0.0766597	0.194307	0.187334	0.0815958	0.00172497	0.0229096
119	0.123976	0.00452944	0.0236859	0.0498756	0.00389592	0.0533134	0.0234206	0.0190067	0.102716	0.015107	0.0125258	0.0464277	0.0821719	0.0575612	0.102191	0.140873	0.0947211	0.0279291	0.0017983	0.0142739
120	0.027511	0.119887	0.0131148	0.0214027	0.0292677	0.0246604	0.0469396	0.0383408	0.0649633	0.103079	0.0728085	0.0200659	0.0171255	0.0387468	0.218744	0.0465497	0.0282005	0.0307314	0.00749211	0.0303686
121	0.0211461	0.702925	0.0111272	0.00758454	0.0111983	0.0164553	0.0105496	0.00762035	0.0200207	0.0162213	0.00601855	0.0150845	0.00409633	0.0102651	0.0375614	0.0292855	0.030085	0.0218995	0.00181555	0.0190405
122	0.030894	0.520301	0.0552552	0.0491145	0.0132612	0.0359229	0.0229959	0.0100322	0.0235283	0.0164202	0.00788666	0.0269085	0.00569591	0.020426	0.0468801	0.0382108	0.0294377	0.020336	0.0016355	0.0248574
123	0.082706	0.147099	0.0299024	0.028644	0.0119943	0.2094	0.0274727	0.0134991	0.0309209	0.0243532	0.0192136	0.0382073	0.0127667	0.0238911	0.0635615	0.13425	0.0442063	0.0338093	0.00291267	0.0211899
124	0.020478	0.725983	0.0112421	0.00685717	0.00541047	0.0179151	0.00941072	0.0063355	0.0208573	0.0143516	0.00591963	0.0167315	0.00374635	0.0086136	0.0397891	0.0273275	0.0288339	0.0165081	0.00151536	0.0121738
125	0.0509667	0.00405698	0.208438	0.339505	0.0047097	0.0369788	0.0373903	0.00699794	0.0467923	0.0133417	0.00211893	0.0383319	0.00720785	0.0830458	0.0381229	0.0338564	0.0247671	0.0138022	0.00141731	0.00815214
126	0.0208129	0.0113066	0.0100292	0.0251138	0.00613077	0.0204365	0.0365838	0.0138416	0.249592	0.0113994	0.010496	0.0184193	0.0148974	0.0496018	0.414209	0.0325089	0.025766	0.0148605	0.00525506	0.00874034
127	0.0212654	0.0015856	0.00148946	0.0202329	0.0401788	0.0121576	0.00768741	0.152663	0.0104453	0.368002	0.16169	0.00643385	0.0151131	0.00724101	0.00997668	0.026919	0.0352907	0.0760589	0.0044786	0.0210908
128	0.0562114	0.00877604	0.148744	0.287925	0.00920789	0.0347623	0.0510461	0.0112042	0.0471411	0.0245151	0.00735712	0.0355848	0.0112183	0.127335	0.0434985	0.038768	0.0271681	0.0159676	0.0018044	0.011765
129	0.094	0.0129965	0.0221547	0.0380411	0.0324476	0.0282811	0.0234959	0.088604	0.0254912	0.204729	0.0806114	0.0197837	0.0390677	0.0290943	0.0441799	0.0673264	0.0520081	0.0654319	0.0055368	0.0267193
130	0.072598	0.00538136	0.204794	0.250494	0.00753569	0.0895264	0.029759	0.00708581	0.0428847	0.0217574	0.00331337	0.0541049	0.0492782	0.0478994	0.0237673	0.0449286	0.0207956	0.0150957	0.00132384	0.00767705
131	0.0475334	0.00576493	0.227221	0.313025	0.00746698	0.0466433	0.044347	0.00948245	0.0347288	0.0134971	0.00303444	0.056777	0.00522035	0.0492597	0.0271771	0.0352795	0.0275837	0.0169959	0.00107367	0.0278886
132	0.0532995	0.0118586	0.157743	0.144212	0.00562505	0.192302	0.0411168	0.0112034	0.0342576	0.017593	0.00816031	0.0784892	0.0137133	0.0310868	0.0584549	0.0753439	0.0301836	0.0189432	0.00186374	0.0145501
133	0.0369787	0.0175937	0.0227303	0.0357956	0.0170541	0.0385518	0.0508834	0.0248547	0.143828	0.0390649	0.0223416	0.0315151	0.0216603	0.0478659	0.290962	0.0550846	0.0416219	0.0265604	0.00702603	0.0280271
134	0.0477446	0.0139863	0.0209337	0.0276604	0.00617	0.0573213	0.0244149	0.0371058	0.151462	0.00981463	0.0178908	0.0332199	0.0395442	0.0360012	0.247866	0.109204	0.0818159	0.0233846	0.00377866	0.0106813
135	0.0213301	0.00264116	0.00207812	0.0156116	0.0329249	0.00903972	0.00694566	0.222431	0.0086201	0.268592	0.0978834	0.00516588	0.0131178	0.00670299	0.010175	0.019112	0.0325083	0.204636	0.00464324	0.0158415
136	0.0220811	0.696487	0.0132077	0.00754879	0.0138233	0.0229269	0.010857	0.00810715	0.0168212	0.0170898	0.00658022	0.0159788	0.00380897	0.0081592	0.0361279	0.029979	0.0270054	0.0199264	0.00175116	0.0217332
137	0.0197234	0.00217794	0.00158508	0.0218633	0.0459244	0.0136057	0.0102418	0.141943	0.0106475	0.370255	0.159059	0.00693284	0.0160447	0.00926583	0.0142066	0.0290088	0.0323729	0.0683963	0.00546462	0.0212823
138	0.0518075	0.00322504	0.24197	0.375627	0.00337907	0.0411696	0.0289867	0.00617062	0.0372042	0.0113603	0.00162737	0.0408408	0.00504778	0.0481474	0.0198021	0.0338382	0.0259749	0.0157507	0.000662738	0.00740804
139	0.0226246	0.693329	0.0128355	0.00788805	0.0115141	0.0169182	0.0106163	0.00680097	0.021249	0.0184758	0.00748207	0.0173777	0.00448773	0.00899923	0.0402096	0.031255	0.0300351	0.0193824	0.00155759	0.0169617
140	0.0195478	0.00188673	0.00127561	0.0194686	0.0424037	0.011877	0.00829557	0.147842	0.0108256	0.376846	0.162786	0.00648133	0.0150872	0.00805692	0.0117717	0.0266145	0.0325676	0.0705703	0.0049149	0.0208813
141	0.0492619	0.00279821	0.262348	0.39027	0.00236947	0.0391009	0.02993	0.00455801	0.036967	0.00750334	0.000627122	0.039977	0.00248675	0.0455348	0.0152548	0.0261617	0.0243527	0.0138639	0.000190573	0.00644358
142	0.0738933	0.0114825	0.0218219	0.0241145	0.0359592	0.023812	0.0221921	0.0290299	0.0235338	0.0341027	0.0160393	0.0375233	0.0217479	0.0128707	0.0518381	0.241913	0.239482	0.0544817	0.0020203	0.0221416
143	0.657083	0.00258671	0.00547851	0.00401008	0.00708981	0.0335646	0.00714889	0.0101292	0.00360842	0.00892282	0.0156426	0.0233852	0.00498219	0.00801495	0.00576779	0.123533	0.0152436	0.0546171	0.0007864	0.00840522
144	0.0185244	0.00162956	0.00196805	0.00836532	0.0125418	0.00253949	0.00297253	0.369389	0.00487244	0.0502605	0.00792934	0.00267768	0.0101115	0.00256085	0.00661353	0.004987	0.0309615	0.458269	0.000746481	0.00208084
145	0.0367403	0.010466	0.00610897	0.0218008	0.0407907	0.0154344	0.0112055	0.169373	0.0120552	0.210844	0.106568	0.00870832	0.0138853	0.00808996	0.020155	0.0403162	0.0845419	0.155014	0.00499561	0.0229066
146	0.0530016	0.00287452	0.257244	0.377279	0.00292123	0.0393218	0.0317651	0.00498446	0.0362943	0.00939488	0.000752135	0.0402257	0.00354609	0.0489813	0.0164344	0.0291637	0.0252794	0.013992	0.000421503	0.00612238
147	0.141562	0.00512753	0.0208899	0.03624	0.00862831	0.0370973	0.0191837	0.035428	0.0254467	0.0235391	0.01557	0.0461699	0.0505992	0.0185893	0.0443542	0.221186	0.187236	0.0451184	0.000934341	0.0170996
148	0.040843	0.0095464	0.0582536	0.0191329	0.0198927	0.0495114	0.0444277	0.0127534	0.0893303	0.0606869	0.0327762	0.200148	0.0188202	0.0558784	0.0566762	0.105245	0.0518032	0.0555987	0.00129948	0.017376
149	0.0487083	0.00262844	0.253862	0.403538	0.00255322	0.0374902	0.0290298	0.00476538	0.0367254	0.00787635	0.000590406	0.0370887	0.00243467	0.0473564	0.0153677	0.0263202	0.0232078	0.0142541	0.000178837	0.00602454
150	0.0707747	0.478588	0.0141909	0.0171261	0.00774849	0.129065	0.0150345	0.0104442	0.0214894	0.0244196	0.0127266	0.0176127	0.00801928	0.0205219	0.0491562	0.0417936	0.0237495	0.0220956	0.00231374	0.0131294
151	0.0514069	0.0110186	0.0745297	0.18371	0.0139851	0.0234728	0.0990671	0.0103	0.0534835	0.0306856	0.00673923	0.0449217	0.011259	0.225811	0.0597333	0.0357607	0.0249449	0.0120092	0.00267479	0.0244875
152	0.0982308	0.00184868	0.00647216	0.0136416	0.00290745	0.0171804	0.0198566	0.03134	0.0111312	0.060287	0.0122687	0.0153105	0.491091	0.0572802	0.0337824	0.0819807	0.0289507	0.00958283	0.000924789	0.00593172
153	0.0229088	0.00608952	0.00456846	0.0193754	0.0509868	0.0110946	0.011949	0.160207	0.0124201	0.311242	0.113479	0.00912228	0.0130482	0.0117635	0.0218712	0.0259271	0.0345021	0.124252	0.00998117	0.0252127
154	0.0247878	0.0335621	0.021543	0.0160636	0.212432	0.0156336	0.113799	0.0165169	0.0191359	0.0371064	0.0142426	0.0399084	0.00491597	0.033541	0.0597403	0.0425026	0.0222548	0.0170664	0.0102889	0.244959
155	0.0196727	0.0190805	0.00869995	0.0236513	0.0460499	0.00664167	0.0559836	0.0714852	0.0427968	0.238263	0.11348	0.0196388	0.00447916	0.0450129	0.159578	0.0264444	0.0121012	0.0384137	0.0126658	0.0358614
156	0.0809148	0.00348162	0.231596	0.28787	0.00420228	0.0471702	0.0243122	0.00498691	0.0313329	0.0152884	0.00209146	0.0523972	0.00986265	0.0623703	0.0184955	0.0757421	0.0246198	0.0172424	0.000679923	0.00534321
157	0.0201362	0.00181817	0.00204403	0.00929962	0.0130335	0.00278707	0.00322806	0.366102	0.00518061	0.0523873	0.00861804	0.00278643	0.0109283	0.00256713	0.00794188	0.00589669	0.0346443	0.446989	0.000859374	0.00275233
158	0.0131371	0.0198203	0.007147	0.0230082	0.0451236	0.00578259	0.0441074	0.0706166	0.0441348	0.281378	0.11748	0.0194402	0.0060145	0.0471718	0.16014	0.0278743	0.00748879	0.0244671	0.0121451	0.023523
159	0.0412134	0.00650005	0.196799	0.209135	0.00585246	0.0504394	0.0393624	0.00729541	0.075962	0.0125338	0.00322555	0.098641	0.00664081	0.0378104	0.0685559	0.0731241	0.0360927	0.0129112	0.00109428	0.016811
160	0.0228045	0.0343188	0.00509634	0.00392617	0.39072	0.00326462	0.0669266	0.00639468	0.00365319	0.0141153	0.00205469	0.0191116	0.00159018	0.00397908	0.0118495	0.0237099	0.0122851	0.00911537	0.0136484	0.351436
161	0.022815	0.0347413	0.00513462	0.00365979	0.392843	0.003174	0.0667037	0.00626002	0.00362536	0.012231	0.00201209	0.0190211	0.00154966	0.00347303	0.0117252	0.0231609	0.0122278	0.00907607	0.0133878	0.353178
162	0.0442847	0.00572225	0.199786	0.260397	0.00406776	0.0730793	0.0258795	0.00866238	0.0678416	0.00911234	0.00324523	0.061494	0.00795978	0.0367262	0.0601826	0.0745746	0.0325059	0.0137918	0.00143242	0.00925468
163	0.0310595	0.00558522	0.0882144	0.0236752	0.00366551	0.254815	0.0448714	0.00827804	0.0393609	0.0132055	0.00557912	0.135087	0.00346836	0.00892701	0.118326	0.140417	0.0490287	0.0164858	0.00131531	0.00863433
164	0.0198168	0.0015867	0.00127839	0.0194152	0.0411173	0.0118998	0.0077547	0.150137	0.0105234	0.376392	0.163834	0.00637445	0.0152986	0.00754693	0.0100503	0.0267284	0.0330431	0.0719446	0.00454645	0.0207126
165	0.0175677	0.0165196	0.0882754	0.0324933	0.0343046	0.0997689	0.132716	0.0155695	0.0231723	0.0257655	0.010618	0.16682	0.00547265	0.0497158	0.0488234	0.0434124	0.0191929	0.0122528	0.00286331	0.154676
166	0.0212315	0.00609511	0.00376722	0.0209293	0.0387129	0.0130543	0.013271	0.134823	0.0161175	0.347584	0.153998	0.0110505	0.0176315	0.013564	0.0301489	0.029271	0.0331722	0.0672363	0.00582875	0.0225131
167	0.0345166	0.0187124	0.00517756	0.0264523	0.004703	0.0186514	0.0115296	0.0290437	0.179289	0.00568991	0.025642	0.00643034	0.0602807	0.0349093	0.352381	0.0834457	0.0686908	0.0235812	0.00273879	0.00813411
168	0.0257802	0.00188674	0.00186285	0.0134996	0.0211009	0.00686496	0.00509631	0.301276	0.00752437	0.179514	0.0606451	0.00397196	0.0121366	0.00416598	0.00957102	0.0132741	0.0362573	0.283539	0.00255105	0.00948238
169	0.0483868	0.00262873	0.254566	0.403635	0.00246207	0.0375183	0.0288618	0.00472349	0.0366741	0.00779149	0.000615865	0.0372978	0.0022963	0.0470223	0.0153148	0.0263742	0.0234847	0.014216	0.00017964	0.00595067
170	0.0587549	0.0081539	0.115851	0.234736	0.0104752	0.0299324	0.0577104	0.0115899	0.0535788	0.0330325	0.00761186	0.0368274	0.0123128	0.179961	0.0532958	0.03775	0.0280038	0.0146218	0.00205474	0.0137462
171	0.0514767	0.00278464	0.238879	0.395034	0.00333751	0.036377	0.0320961	0.00473869	0.0361939	0.011905	0.000744505	0.0346382	0.00483509	0.0599193	0.0162157	0.0285759	0.0222109	0.0141531	0.000237308	0.00564691
172	0.0184476	0.00162955	0.00191483	0.00831818	0.0126402	0.00250769	0.00294225	0.369788	0.00485375	0.0505544	0.00780574	0.00269234	0.0100998	0.00253947	0.00656428	0.00495094	0.0305924	0.45834	0.000736581	0.00208216
173	0.114371	0.00310364	0.0107696	0.0224019	0.00391217	0.029783	0.0147023	0.0292839	0.0232918	0.0464903	0.0129929	0.017261	0.344086	0.0418684	0.0463955	0.139555	0.0678762	0.021095	0.00121958	0.00954128
174	0.020242	0.001842	0.00144838	0.0193973	0.040053	0.0121999	0.00819397	0.150655	0.0109477	0.374282	0.161056	0.00640654	0.0147251	0.00786448	0.0129983	0.0264099	0.0333485	0.0725867	0.00486321	0.0204805
175	0.0251875	0.0142336	0.0124927	0.0229307	0.0757755	0.014323	0.0404282	0.0928479	0.0174759	0.264015	0.0947777	0.0200263	0.0124918	0.0272056	0.0447152	0.0419792	0.0307896	0.0590059	0.0115084	0.0777903
176	0.0195407	0.00478261	0.00300818	0.0209139	0.0403538	0.0120612	0.0132521	0.133836	0.0144636	0.365678	0.155145	0.00890234	0.0152638	0.0128843	0.0279047	0.0273879	0.031522	0.0664957	0.00537424	0.0212305
177	0.0360383	0.329387	0.0147962	0.0195835	0.0292304	0.0213561	0.0236059	0.0582605	0.0196323	0.0523083	0.019544	0.0171989	0.0121831	0.0169583	0.0499222	0.0535398	0.050932	0.133485	0.00352973	0.0385092
178	0.0637089	0.0051176	0.156219	0.288109	0.00625171	0.0409252	0.0378391	0.00667649	0.0666479	0.0164568	0.00272989	0.0330351	0.0153463	0.111896	0.0491116	0.0421252	0.0337897	0.0141047	0.00227892	0.00763059
179	0.0370971	0.0164192	0.0202214	0.0481537	0.0154522	0.0277781	0.056435	0.0197426	0.141925	0.0424212	0.0196322	0.0342543	0.0184752	0.114297	0.256438	0.0476837	0.0324276	0.0194146	0.00797156	0.02376
180	0.121458	0.00445706	0.0747703	0.146286	0.00715389	0.0367174	0.0433835	0.0199068	0.0289584	0.0272626	0.00902015	0.0284751	0.0664584	0.0984933	0.0353604	0.120629	0.090349	0.0283505	0.00115146	0.0113599
181	0.410851	0.00647771	0.0128848	0.0241377	0.00640418	0.058501	0.0114531	0.0209258	0.0158848	0.018633	0.0162258	0.0232359	0.0325218	0.0145849	0.0259541	0.152496	0.0729511	0.0613206	0.00116604	0.0133908
182	0.0242217	0.00365088	0.00347917	0.0200594	0.0397902	0.011696	0.0101939	0.166884	0.0130329	0.326205	0.126906	0.00793209	0.0164343	0.00953267	0.0217787	0.027337	0.0371421	0.107696	0.00637844	0.0196484
183	0.06931	0.0256293	0.068197	0.0654728	0.021915	0.0590559	0.0592308	0.0215316	0.0586482	0.0389852	0.0209554	0.127521	0.0163283	0.0456569	0.0794937	0.091763	0.0575058	0.0284993	0.00390108	0.0403998
184	0.0500927	0.00296496	0.254605	0.386566	0.00278377	0.0384419	0.0338354	0.00478385	0.0375541	0.00828138	0.000769329	0.0399957	0.00323876	0.0475329	0.016784	0.0270853	0.0233362	0.0138567	0.000227415	0.00726445
185	0.395313	0.00765704	0.0154847	0.0248569	0.0130539	0.0361461	0.0145601	0.0539878	0.0121396	0.031009	0.018928	0.0225148	0.0222765	0.0128377	0.024806	0.118047	0.0559525	0.0999851	0.00243913	0.0180048
186	0.0184307	0.0144497	0.0363323	0.0226013	0.0302679	0.0132157	0.0405647	0.0999399	0.0369957	0.151144	0.0989557	0.0284847	0.00669547	0.0351607	0.225209	0.0342111	0.0272188	0.0298312	0.0126219	0.0376694
187	0.0524903	0.00287049	0.247187	0.397827	0.00422366	0.0419143	0.0271139	0.00497323	0.0343661	0.00997953	0.000841669	0.0360113	0.00426217	0.0481345	0.0154708	0.0277842	0.0213987	0.0166402	0.000607327	0.00590387
188	0.166768	0.00961526	0.0196843	0.0576065	0.00778148	0.0800865	0.0319162	0.0338617	0.0243538	0.0257514	0.0160374	0.0182832	0.0524968	0.0223984	0.0419343	0.157445	0.114037	0.0984387	0.0023167	0.0191875
189	0.0586675	0.0100839	0.176696	0.301295	0.00875091	0.0406955	0.0355768	0.0169503	0.0408033	0.027516	0.0101429	0.0375337	0.0150389	0.0638875	0.0360721	0.0460137	0.0351093	0.0253951	0.00183403	0.0119378
190	0.0497384	0.012591	0.0257722	0.0198163	0.0118459	0.0525682	0.129701	0.0609234	0.0301705	0.031654	0.0216625	0.044271	0.017967	0.0365804	0.111665	0.102951	0.113866	0.0368443	0.00982249	0.0795891
191	0.0167219	0.0248863	0.0137057	0.0220095	0.0401109	0.00859256	0.0778813	0.0555801	0.0381082	0.21575	0.10442	0.0279532	0.00437153	0.0466499	0.174973	0.0339097	0.0172333	0.0256078	0.01171	0.0398248
192	0.029485	0.00276946	0.00742072	0.0274588	0.0325798	0.0149098	0.00854336	0.134675	0.0175716	0.323316	0.159438	0.0176307	0.0126068	0.00895248	0.013545	0.0374134	0.05829	0.0706723	0.00386936	0.0188527
193	0.175512	0.00158571	0.0127445	0.0360519	0.00205544	0.0444542	0.0107298	0.019245	0.0245516	0.0183191	0.0110423	0.0165509	0.107127	0.019545	0.040859	0.265319	0.141994	0.0370597	0.000477772	0.0147761
194	0.0565685	0.00662356	0.153544	0.290295	0.0092749	0.0316826	0.0509269	0.0078815	0.0493265	0.0218215	0.00405432	0.0354842	0.0112538	0.138718	0.0432625	0.036234	0.0268218	0.0144376	0.00147604	0.0103123
195	0.0441545	0.00661229	0.00994226	0.0238654	0.0167306	0.0116749	0.0104313	0.240999	0.0127508	0.0894929	0.033066	0.00879027	0.0235292	0.00813366	0.0281673	0.0396328	0.105997	0.267569	0.00249593	0.0159644
196	0.0371369	0.0291232	0.0244305	0.0347204	0.01374	0.0383589	0.0483107	0.0240187	0.142029	0.0425165	0.0232468	0.0318365	0.0226198	0.050953	0.287935	0.0570632	0.0378072	0.0235508	0.00682116	0.0237819
