203	20
1	0.067497	0.0122362	0.0033613	0.00522247	0.0471579	0.031158	0.0282322	0.0866439	0.00577004	0.385636	0.0713141	0.00348946	0.0021687	0.0201465	0.00836408	0.0141078	0.052013	0.146242	0.00328521	0.00595441
2	0.133055	0.000609814	0.163669	0.354056	0.00076907	0.0074048	0.0100266	0.00519892	0.101884	0.0199179	0.00359291	0.019334	0.000512434	0.0693988	0.0274154	0.0596085	0.0173108	0.00358899	0.00130084	0.00134697
3	0.0691605	0.00669463	0.0688366	0.299476	0.00863176	0.0309653	0.0237335	0.0216897	0.0564559	0.0316679	0.0162853	0.0298413	0.00925433	0.072248	0.0452871	0.0581893	0.0981696	0.0389192	0.00408984	0.0104047
4	0.0755641	0.0276847	0.00518776	0.00577204	0.089456	0.0322362	0.0118647	0.0840125	0.0100183	0.324989	0.050858	0.0046997	0.00709661	0.0106824	0.00957052	0.0304171	0.0811097	0.126402	0.0027148	0.00966338
5	0.166692	0.00104411	0.0309744	0.209166	0.024176	0.0201585	0.00205259	0.0577398	0.116176	0.0374407	0.00232993	0.0161159	0.000720082	0.108951	0.0453782	0.0185613	0.0421483	0.0639526	0.00946662	0.0267555
6	0.132809	0.00199208	0.0153608	0.122296	0.00289239	0.0882457	0.0692866	0.00495813	0.0330106	0.0977189	0.0271227	0.00526705	0.00180014	0.135495	0.0953524	0.141486	0.011668	0.00966474	0.001203	0.00237129
7	0.0218243	0.00676457	0.00324369	0.00764504	0.0806972	0.00606009	0.00695054	0.105766	0.0088795	0.498033	0.0761806	0.00336166	0.00338786	0.00835522	0.00953549	0.0103111	0.0193791	0.0670611	0.00806479	0.048499
8	0.230814	0.0797546	0.00503654	0.00798215	0.00818095	0.0249485	0.00405134	0.0798143	0.0079984	0.0661709	0.0157471	0.00466338	0.00213294	0.00728268	0.0119907	0.0676696	0.0880196	0.281694	0.00180653	0.00424263
9	0.0545518	0.00350604	0.0948292	0.229072	0.00362656	0.0279609	0.00983733	0.00686811	0.155603	0.0346318	0.0111008	0.0534993	0.000286294	0.079958	0.122302	0.0402269	0.052712	0.0154367	0.000879165	0.00311226
10	0.0684024	0.00497102	0.024802	0.00430244	0.00154396	0.00975252	0.0033272	0.00548197	0.0203109	0.00382157	0.002575	0.0367863	0.000971335	0.00388729	0.00398445	0.478453	0.317276	0.00749567	0.000572739	0.00128226
11	0.15778	0.0402925	0.0654144	0.012728	0.0160353	0.0117115	0.0118244	0.0634822	0.0199129	0.190571	0.0628998	0.00823763	0.00425285	0.0181107	0.0517544	0.060638	0.0620737	0.100029	0.00275577	0.0394964
12	0.0180306	0.000696272	0.0685782	0.0419568	0.00108917	0.717235	0.00126963	0.00195088	0.0218761	0.00263659	0.00132513	0.0483362	0.00616624	0.0134245	0.0300873	0.0148197	0.00652809	0.00260808	0.000549334	0.00083572
13	0.0160856	0.000966543	0.284054	0.0662146	0.0110604	0.00253401	0.0977705	0.00259688	0.0554808	0.0156873	0.00227696	0.188483	0.00102001	0.0694451	0.0771048	0.0397055	0.0401947	0.0273118	0.0006621	0.00134455
14	0.153032	0.000974688	0.00159669	0.00896771	0.001215	0.0492486	0.00193547	0.00252104	0.00295466	0.00472649	0.0209673	0.00191354	0.515726	0.017809	0.0168744	0.14028	0.0400987	0.0171605	0.000688476	0.00130904
15	0.248345	0.00160735	0.00667871	0.00953734	0.0024316	0.11488	0.00287436	0.0163507	0.157911	0.0111594	0.00420687	0.0202782	0.016589	0.00703059	0.0868669	0.154639	0.0889705	0.045825	0.000792419	0.00302587
16	0.0113221	0.00718589	0.00293575	0.00265165	0.262094	0.0120296	0.0127645	0.0146021	0.00271786	0.151875	0.0454498	0.00174709	0.00447664	0.0100696	0.0187298	0.0197734	0.0302459	0.0229353	0.0307601	0.335634
17	0.011749	0.00772365	0.00210667	0.00238615	0.263321	0.0125507	0.00922806	0.0157143	0.00261219	0.16139	0.045429	0.00171606	0.00418579	0.00973479	0.0164871	0.0179008	0.0243279	0.0233389	0.0310267	0.337071
18	0.0177779	0.00813742	0.000520688	0.00135402	0.0444094	0.000617201	0.00143216	0.381433	0.00506976	0.314343	0.0311626	0.00057061	0.000258615	0.00210525	0.00425578	0.00317383	0.0127004	0.164541	0.00286746	0.00326877
19	0.0867795	0.00500807	0.0541201	0.0445527	0.00662346	0.403501	0.0180447	0.0126987	0.0354926	0.0150573	0.011024	0.076583	0.00560513	0.0239519	0.0400582	0.0611478	0.0714364	0.0218659	0.00256435	0.00388507
20	0.0533727	0.00124569	0.00378097	0.0699239	0.00180763	0.0466941	0.00249776	0.0301685	0.186887	0.0174692	0.0140499	0.00496731	0.024088	0.0270973	0.0566903	0.304226	0.100681	0.041814	0.000949778	0.0115891
21	0.0320525	0.00206776	0.0606854	0.0415379	0.00768174	0.622286	0.00519328	0.0108983	0.0303482	0.0113521	0.00703664	0.0453106	0.00759142	0.0192759	0.0358343	0.0261195	0.0160311	0.0107362	0.00199675	0.00596467
22	0.0710091	0.00231891	0.0099635	0.0363411	0.00546709	0.0122665	0.0296362	0.00945636	0.211065	0.019099	0.0106138	0.022976	0.00336404	0.102051	0.328054	0.0462499	0.0468228	0.0227745	0.00217762	0.0082947
23	0.101752	0.00733056	0.00072604	0.001244	0.00275873	0.0024965	0.00310614	0.200368	0.00140546	0.115742	0.0101169	0.000908021	0.000298124	0.00125937	0.00137305	0.00257361	0.00919916	0.536135	0.000285208	0.000923148
24	0.0626671	0.022615	0.00268142	0.00320755	0.053834	0.0244809	0.0118137	0.115128	0.00544439	0.316918	0.0684874	0.00261095	0.000971055	0.00845327	0.00586892	0.0195981	0.0902652	0.178328	0.00232465	0.00430226
25	0.101364	0.00735661	0.00071815	0.00123787	0.00284319	0.00250959	0.00308088	0.201984	0.00142028	0.115427	0.0100479	0.000897367	0.000298287	0.00124779	0.00138888	0.00260263	0.00915992	0.535197	0.000287306	0.000931349
26	0.0197824	0.000738979	0.00123604	0.00189819	0.0191699	0.00196951	0.0013448	0.545636	0.00850034	0.108847	0.00310653	0.00155387	0.000561697	0.0021598	0.00228345	0.00418701	0.00480655	0.270881	0.000537775	0.000799651
27	0.0584173	0.0356479	0.000759797	0.00262431	0.0523668	0.00647669	0.00337785	0.26975	0.00815801	0.17703	0.0468395	0.00079227	0.000338513	0.00615251	0.011452	0.0164426	0.0238639	0.265125	0.00630637	0.00807967
28	0.0116525	0.000969691	0.537556	0.0363198	0.00234671	0.0168022	0.0143865	0.00342463	0.00694859	0.00504407	0.00273809	0.261323	0.000925503	0.0187029	0.00750609	0.0422862	0.0215963	0.00731632	0.000794938	0.00136011
29	0.0432716	0.019194	0.113221	0.193373	0.00960911	0.0836824	0.125397	0.00315957	0.0113742	0.0211267	0.0343047	0.0788767	0.000735835	0.0838567	0.0295095	0.022923	0.111547	0.00384053	0.0097347	0.00126265
30	0.0628612	0.00300977	0.167758	0.146209	0.0393985	0.00462139	0.00659669	0.00664266	0.0478133	0.0126301	0.00478769	0.0418499	0.130873	0.124288	0.0524242	0.0780205	0.034162	0.028709	0.00107188	0.0062726
31	0.00848144	0.00325325	0.000439902	0.000845461	0.0173205	0.00067559	0.00201	0.15898	0.00189833	0.681421	0.0314278	0.00147403	0.00108979	0.00112994	0.00285104	0.00186777	0.00579094	0.0728522	0.00533656	0.000854417
32	0.04777	0.00431704	0.0239097	0.00412	0.00145423	0.0102636	0.00287442	0.00315211	0.0209111	0.00378027	0.0022456	0.0325941	0.000752229	0.00400852	0.00428937	0.457066	0.370592	0.0041488	0.00061436	0.00113642
33	0.156868	0.00110634	0.00214952	0.00905018	0.00161618	0.0538091	0.00214405	0.00291857	0.00466363	0.00511816	0.0205598	0.00239029	0.501209	0.0175062	0.0174544	0.14022	0.0414602	0.01761	0.000657214	0.00148873
34	0.230606	0.00267584	0.00490488	0.00500367	0.00236387	0.0511736	0.0153737	0.0833139	0.0290613	0.0211417	0.00322828	0.0190101	0.00177349	0.0185862	0.0752553	0.191606	0.0765044	0.165477	0.000925692	0.0020158
35	0.071802	0.00826631	0.0241205	0.0709256	0.0669532	0.0166705	0.0169117	0.041375	0.107384	0.0555082	0.0188555	0.0233514	0.0119848	0.20562	0.0503106	0.0341316	0.0507191	0.105443	0.00520311	0.0144629
36	0.092737	0.0208638	0.00429051	0.0540326	0.0239052	0.0231911	0.0241341	0.0816977	0.0307672	0.112328	0.0331315	0.0431147	0.00202225	0.306059	0.0110599	0.0109134	0.036128	0.0835909	0.00111563	0.0049172
37	0.0541561	0.000806927	0.00434796	0.0220714	0.00566176	0.012443	0.0323988	0.0059797	0.213574	0.0160076	0.00808547	0.033071	0.000537283	0.0869228	0.395496	0.0541975	0.0237446	0.0205333	0.00238559	0.00757907
38	0.114033	0.00256551	0.106051	0.0876216	0.0314245	0.0343854	0.0815272	0.0215241	0.0190582	0.0124965	0.0262996	0.183594	0.00348577	0.0285082	0.0176595	0.171275	0.0243265	0.0292613	0.00144855	0.00345474
39	0.0058907	0.0024048	0.000427622	0.000699848	0.0130994	0.000788648	0.00233976	0.0983807	0.000983647	0.774988	0.0341278	0.00152142	0.00134326	0.000970461	0.00245678	0.00130424	0.0040724	0.0473978	0.00629288	0.000510098
40	0.127064	0.00287103	0.0565347	0.366686	0.00459001	0.0170498	0.0140416	0.00856475	0.0370587	0.0223596	0.00863034	0.0160723	0.00418217	0.102009	0.0242964	0.137722	0.0231066	0.0166469	0.00222224	0.00829143
41	0.0540085	0.00322498	0.0952527	0.224785	0.0039024	0.0292168	0.00959507	0.00624109	0.157734	0.033484	0.0108109	0.053435	0.000484292	0.080727	0.126671	0.0389399	0.052764	0.014889	0.000900767	0.00293428
42	0.0466488	0.0254452	0.0371911	0.0341422	0.00627907	0.00557934	0.00658843	0.00694928	0.121071	0.0346483	0.00624028	0.0301571	0.094091	0.0868785	0.240042	0.0441	0.133421	0.0348687	0.00199165	0.00366732
43	0.0996945	0.0075571	0.000731854	0.00130427	0.00339567	0.00254683	0.00304404	0.206397	0.0015998	0.115639	0.0105516	0.000918138	0.000302609	0.00131558	0.00143363	0.00267845	0.00918265	0.530378	0.000340412	0.000988161
44	0.0233283	0.0157868	0.00057314	0.00233246	0.0572405	0.00192855	0.00383675	0.29456	0.00591642	0.318477	0.0519472	0.00063852	0.0002671	0.00423797	0.00780982	0.0023889	0.0242043	0.172992	0.00597482	0.00555859
45	0.0349491	0.00208686	0.189642	0.0563968	0.00345407	0.442239	0.0126401	0.00595498	0.0247978	0.00834904	0.00540663	0.082444	0.00504067	0.0239934	0.0287463	0.0384504	0.0221049	0.00954421	0.00135393	0.00240661
46	0.0639208	0.00233872	0.0127545	0.0406632	0.00694594	0.016034	0.0290786	0.011973	0.197037	0.0231506	0.0126437	0.0255409	0.00619296	0.0763897	0.318165	0.0762302	0.0434108	0.0254436	0.0021142	0.00997233
47	0.113735	0.00223481	0.0973996	0.0660917	0.0257009	0.0443404	0.0522834	0.0316519	0.0156914	0.00938691	0.0397905	0.155954	0.00188097	0.0288169	0.00752634	0.200891	0.0635134	0.0392524	0.00117659	0.00268168
48	0.320161	0.0032493	0.0289245	0.0432276	0.0286816	0.0985815	0.00693196	0.00840455	0.00995204	0.0364525	0.129472	0.00702573	0.00244169	0.0862009	0.0111043	0.0895028	0.0497994	0.0107627	0.0259075	0.00321683
49	0.0986146	0.00765732	0.000722424	0.00125441	0.00345409	0.00254052	0.00305164	0.206207	0.0015846	0.118375	0.0105166	0.000947291	0.000301624	0.0012896	0.00152736	0.00285971	0.00937703	0.528396	0.000354009	0.000969731
50	0.0522456	0.0108995	0.00122783	0.00394146	0.0180402	0.00397433	0.00287697	0.381658	0.00916145	0.133179	0.0159122	0.00217635	0.000570527	0.00431299	0.00627694	0.014232	0.0147015	0.320246	0.00170469	0.00266333
51	0.0144455	0.00416765	0.000617643	0.00135651	0.0209684	0.00140342	0.00273311	0.223372	0.00389111	0.57024	0.0298661	0.00151074	0.00100737	0.0021883	0.00386105	0.00390576	0.0106013	0.0977569	0.00456126	0.00154559
52	0.074166	0.00103297	0.133396	0.343256	0.00276151	0.0100631	0.00908025	0.00395828	0.0746297	0.019836	0.00339471	0.0211356	0.00370134	0.145481	0.0407249	0.0622965	0.0174581	0.0128798	0.00310202	0.0176457
53	0.0605328	0.00972475	0.00109297	0.00240501	0.013446	0.00377441	0.00226024	0.365557	0.0066715	0.0940543	0.011229	0.00157523	0.000469511	0.00318188	0.00399947	0.0100043	0.0121001	0.394625	0.00115497	0.00214165
54	0.0472298	0.0103452	0.0147959	0.0219092	0.180344	0.0175592	0.0208776	0.0582386	0.0301478	0.153087	0.0736222	0.0143223	0.0146964	0.0317487	0.0367033	0.0380032	0.0437395	0.0623204	0.0144355	0.115875
55	0.570069	0.0156395	0.0265863	0.0107661	0.00240705	0.0544251	0.00380033	0.00374097	0.00415554	0.00536152	0.00442121	0.0163529	0.00121921	0.00475426	0.00444375	0.227933	0.019988	0.0110873	0.000731253	0.0121169
56	0.105664	0.00161131	0.0634623	0.0517704	0.0025435	0.0620828	0.013697	0.00426025	0.0622276	0.0545329	0.0283087	0.00447229	0.00140884	0.203339	0.168746	0.130671	0.0199769	0.017961	0.00122457	0.00203961
57	0.0273661	0.0043428	0.0110071	0.0397429	0.00876875	0.00855844	0.482851	0.0375947	0.0170364	0.0408164	0.00965904	0.11054	0.00365221	0.0161198	0.109722	0.0221232	0.0210507	0.0180473	0.00332924	0.00767188
58	0.213732	0.017112	0.0115078	0.0299357	0.0108162	0.0178543	0.0096245	0.1076	0.0233963	0.0625848	0.0173429	0.0122428	0.0126146	0.0232747	0.0250116	0.0809679	0.0481981	0.267425	0.00318387	0.00557527
59	0.0561326	0.000516005	0.00390809	0.0213778	0.00538292	0.0130096	0.0357067	0.00115252	0.189779	0.0183849	0.00353125	0.025382	0.000398037	0.101232	0.436927	0.0440228	0.0238863	0.00881647	0.00264971	0.00780497
60	0.0618694	0.00405096	0.016372	0.00230686	0.00130252	0.00791269	0.00163609	0.00555483	0.0141504	0.00323156	0.00177629	0.0231968	0.00066951	0.0026126	0.00269227	0.551219	0.289543	0.00808733	0.000620539	0.00119554
61	0.0727745	0.000837303	0.00257939	0.0250488	0.0177724	0.00986292	0.0560617	0.00166674	0.223271	0.0163151	0.00279888	0.0265568	0.000518275	0.057673	0.394002	0.0414094	0.0197746	0.00677539	0.00167787	0.022624
62	0.0479163	0.0042278	0.0407469	0.368147	0.00806346	0.0114478	0.0107153	0.0206839	0.0336173	0.0353035	0.00811017	0.0130357	0.00440689	0.19742	0.024174	0.0348246	0.0562012	0.0642937	0.00304949	0.013615
63	0.589311	0.018705	0.0155644	0.00914227	0.00148904	0.048988	0.00223473	0.00256024	0.00364355	0.00387977	0.00233176	0.00906646	0.000983364	0.00377041	0.00397027	0.24286	0.0220794	0.0109248	0.000648896	0.00784705
64	0.0792963	0.00108558	0.00204395	0.0397819	0.0019677	0.0133782	0.0151521	0.0487729	0.326062	0.00510578	0.0511739	0.0151449	0.00103212	0.0361242	0.168722	0.0566022	0.0458841	0.0903869	0.00056643	0.00171633
65	0.0113972	0.0048842	0.00045355	0.0012659	0.0199813	0.00136899	0.00461431	0.122043	0.00188401	0.693819	0.0401887	0.00147223	0.00120855	0.00227511	0.00493656	0.0015859	0.010777	0.0681369	0.0061392	0.00156759
66	0.113278	0.00352498	0.0718402	0.246513	0.00865402	0.0171362	0.0124796	0.0189502	0.0816853	0.0346561	0.016065	0.0262549	0.0034196	0.164668	0.0529561	0.0549828	0.0306988	0.0277738	0.00470717	0.00975594
67	0.0529551	0.00684484	0.00114408	0.0019051	0.014119	0.00281325	0.00227152	0.3968	0.00669382	0.100829	0.00994059	0.00132834	0.000549258	0.00299062	0.00370538	0.00590196	0.00904775	0.377335	0.00100584	0.0018196
68	0.0619693	0.000873274	0.0878006	0.536178	0.00164572	0.0116355	0.0112727	0.00330323	0.03651	0.0143549	0.00212765	0.0119171	0.00334008	0.084708	0.0161687	0.0547728	0.0240084	0.0230061	0.00108912	0.0133191
69	0.0653782	0.00398052	0.0057515	0.0108628	0.0192882	0.00720238	0.0468851	0.0330113	0.0222605	0.41272	0.138104	0.00453455	0.00464428	0.0371085	0.0465681	0.0341906	0.0257085	0.0407766	0.00187969	0.0391441
70	0.324468	0.0135562	0.0324627	0.055112	0.011619	0.035698	0.0149635	0.0329779	0.0391226	0.0377652	0.0199042	0.0217011	0.0147301	0.0351785	0.0323585	0.14816	0.0499011	0.0662149	0.00423586	0.00987067
71	0.0596638	0.000640689	0.00591805	0.0315782	0.00515947	0.0127494	0.0342228	0.00335669	0.178138	0.0257821	0.0167959	0.0241341	0.00058224	0.123961	0.384934	0.047448	0.0252933	0.00984918	0.0022587	0.00753493
72	0.0887774	0.00813984	0.00829638	0.00809798	0.0464321	0.0101914	0.0126391	0.0312537	0.0503041	0.299824	0.129557	0.00527617	0.00564558	0.0203107	0.0380483	0.059094	0.0503582	0.0715526	0.00203207	0.0541689
73	0.0552418	0.00305561	0.0842911	0.21868	0.00352496	0.0243518	0.0106235	0.00857434	0.152266	0.037566	0.0182196	0.0520236	0.000315957	0.0875002	0.122159	0.0454388	0.056744	0.0138415	0.0007858	0.00479651
74	0.0272888	0.00482567	0.0477318	0.0139397	0.0739635	0.00952335	0.170066	0.0133124	0.0156752	0.0325482	0.0136781	0.0116228	0.0037277	0.0154002	0.0581215	0.0246559	0.0240905	0.0183642	0.0452121	0.376253
75	0.055224	0.0013972	0.00291397	0.0909315	0.00198059	0.0029265	0.0040828	0.0158959	0.0658612	0.0945646	0.13189	0.0361006	0.000993813	0.276521	0.163862	0.0259842	0.0206255	0.00543929	0.00101789	0.00178805
76	0.130074	0.00376283	0.00715365	0.00917938	0.012475	0.00495207	0.0140149	0.0121005	0.0776132	0.29127	0.137478	0.0053943	0.00277967	0.0350953	0.0781756	0.0769457	0.0227803	0.0404779	0.00157629	0.0367017
77	0.157213	0.00142725	0.00351529	0.0096815	0.00163679	0.0655684	0.00277313	0.00585471	0.0231022	0.00762139	0.0169498	0.00518924	0.410027	0.0152545	0.0234419	0.151487	0.0696276	0.0272097	0.000700028	0.00171971
78	0.0569525	0.00224084	0.0225008	0.0420869	0.00714411	0.0143395	0.0592169	0.00732732	0.150528	0.0304053	0.0101226	0.0315833	0.00120073	0.1078	0.34596	0.0497386	0.0312946	0.0166171	0.00281399	0.0101271
79	0.025735	0.0052913	0.00339832	0.0120543	0.0180075	0.00557415	0.00760353	0.104617	0.00958021	0.527177	0.0609845	0.0215474	0.00375709	0.0160086	0.0122047	0.0241612	0.0525764	0.0791529	0.00417834	0.00639043
80	0.11893	0.00161581	0.0164959	0.0143227	0.00224966	0.0855021	0.00510303	0.058072	0.150114	0.0231941	0.00622382	0.0231735	0.00842777	0.011528	0.0801686	0.190489	0.131308	0.0687494	0.000900883	0.00343137
81	0.129649	0.00180464	0.112238	0.0760421	0.0197208	0.0463232	0.0667614	0.0258956	0.0121847	0.00688344	0.0407214	0.171423	0.00136899	0.0222704	0.00535031	0.202613	0.0193719	0.0362979	0.00096951	0.00210971
82	0.0186052	0.0026985	0.00476306	0.008534	0.129736	0.00572538	0.00686131	0.0200964	0.00977003	0.316126	0.394588	0.00619687	0.00516494	0.00877087	0.00947002	0.0128403	0.0126816	0.018414	0.00291794	0.00603897
83	0.136118	0.00134567	0.163732	0.325195	0.00349896	0.0110994	0.0148559	0.00663499	0.0663928	0.0194777	0.0155525	0.0305849	0.00221773	0.0557052	0.0209858	0.089141	0.0177094	0.0110269	0.00129815	0.00742828
84	0.0609009	0.000848697	0.00894476	0.0295941	0.00457376	0.0125975	0.0300755	0.00228787	0.181208	0.0215421	0.00891221	0.0254272	0.000654866	0.133965	0.39386	0.0426259	0.0227505	0.00951409	0.00330591	0.00641101
85	0.0284524	0.00516906	0.00469435	0.0681071	0.00830197	0.0069867	0.00857913	0.0371938	0.0412308	0.100334	0.0100698	0.0109201	0.00274184	0.435352	0.03226	0.0130265	0.0647958	0.0968571	0.00179118	0.0231368
86	0.0301676	0.00318899	0.0613834	0.0466633	0.00398728	0.630272	0.00456316	0.0114248	0.0277209	0.011919	0.00484026	0.0442031	0.00742323	0.0174013	0.033048	0.0260924	0.0150707	0.0169419	0.00108209	0.00260677
87	0.162906	0.00130718	0.00424272	0.018806	0.00280419	0.0452823	0.00294575	0.00402543	0.00619719	0.00760522	0.0265943	0.00337563	0.456427	0.0257095	0.0236116	0.138589	0.0479492	0.0180104	0.00158555	0.00202515
88	0.0299493	0.00183802	0.062613	0.0433017	0.00398054	0.653327	0.00412646	0.00583379	0.0273339	0.00877654	0.00511475	0.0448711	0.00582933	0.0187818	0.0336096	0.0217659	0.0153354	0.00907778	0.00122002	0.00331382
89	0.0756297	0.00355266	0.085969	0.361254	0.00726623	0.0253011	0.0213704	0.0106755	0.0641744	0.0264434	0.0112636	0.03423	0.0142874	0.0780271	0.0466602	0.0596096	0.0388934	0.0242042	0.00226163	0.00892675
90	0.0164675	0.00542266	0.0124435	0.017427	0.0036386	0.00544149	0.0102758	0.0068757	0.148099	0.0117755	0.0074922	0.0219354	0.00299785	0.0959347	0.0979326	0.185274	0.333528	0.0124806	0.00189662	0.00266144
91	0.0867302	0.00210965	0.0377384	0.117211	0.00498417	0.00808415	0.00824812	0.0125747	0.168082	0.0273726	0.0263439	0.0229925	0.00236263	0.262434	0.121264	0.0387117	0.0221407	0.020773	0.00488548	0.00495708
92	0.0182652	0.00526778	0.000955009	0.00179947	0.0267057	0.00137717	0.00185838	0.416182	0.00989675	0.321883	0.0230565	0.00111634	0.000567142	0.00270398	0.00461764	0.00546241	0.0158164	0.138195	0.00207951	0.00219421
93	0.0797631	0.00203855	0.147582	0.345792	0.00434573	0.0302849	0.0170634	0.00684008	0.0632459	0.0202886	0.00608713	0.0361281	0.00784094	0.0837534	0.0341309	0.0578942	0.0254322	0.016491	0.00235789	0.0126397
94	0.0431399	0.00131917	0.00266267	0.0673261	0.00200759	0.00237822	0.00949165	0.13157	0.0225723	0.134145	0.0466914	0.0187369	0.00811983	0.0337741	0.00921427	0.0874156	0.185031	0.174955	0.000930346	0.0185191
95	0.0374694	0.00259713	0.182922	0.102879	0.00692914	0.0147546	0.0453002	0.00470648	0.106136	0.0315918	0.00711695	0.104278	0.00527703	0.0860533	0.157634	0.0390014	0.0416632	0.0192313	0.00162328	0.0028355
96	0.060323	0.000580941	0.00318126	0.0238364	0.0108165	0.0116839	0.047515	0.00302082	0.221337	0.0161083	0.004719	0.0251146	0.000447335	0.0737735	0.406383	0.0427246	0.0218915	0.0100128	0.00196146	0.0145688
97	0.0715148	0.00445117	0.0187201	0.0447577	0.0144725	0.0243871	0.0315304	0.0178245	0.139967	0.0388783	0.0187382	0.025813	0.00684915	0.0887795	0.304566	0.0563593	0.0401644	0.0315791	0.00408851	0.0165591
98	0.0464689	0.00164555	0.00337642	0.017969	0.00316368	0.00322679	0.0819596	0.0472331	0.00853751	0.360753	0.0902347	0.00319173	0.00156649	0.10095	0.102313	0.0358186	0.0343411	0.0362935	0.0011426	0.0198147
99	0.0171102	0.00398694	0.000712306	0.000997354	0.0274744	0.000782468	0.000883031	0.419314	0.00512745	0.341554	0.0168701	0.000742872	0.000339665	0.00129984	0.00273773	0.00485532	0.0102292	0.142341	0.00117081	0.00147173
100	0.0612557	0.00092487	0.0243062	0.067984	0.00462466	0.0202591	0.0279187	0.00212001	0.180433	0.023427	0.00468507	0.0365777	0.000363523	0.102124	0.355783	0.0416103	0.0256876	0.00965847	0.00428279	0.00597439
101	0.0521684	0.00311896	0.10665	0.229957	0.00352415	0.0327277	0.0102703	0.00585433	0.150738	0.0335426	0.0113493	0.0562068	0.000342262	0.0744409	0.121955	0.0360313	0.050926	0.0164797	0.000916426	0.00280097
102	0.0562932	0.000514637	0.00395425	0.0216429	0.00536954	0.0126351	0.0350125	0.00127668	0.192728	0.0180248	0.00352864	0.0248944	0.000736944	0.103508	0.433505	0.042934	0.024477	0.00872902	0.00258257	0.00765297
103	0.0388953	0.0120437	0.00190434	0.00435351	0.0401103	0.00423979	0.00575772	0.286727	0.0144149	0.270752	0.0892624	0.00264885	0.00119642	0.0059709	0.00799142	0.0085162	0.0357371	0.160153	0.00424697	0.00507774
104	0.0861125	0.00077201	0.0937224	0.30365	0.00137835	0.0050852	0.00397792	0.00269206	0.140352	0.00790749	0.00184457	0.02646	0.00111472	0.198463	0.0520104	0.0528087	0.00898568	0.00468302	0.0069092	0.00107089
105	0.00783193	0.0031423	0.000395217	0.000673731	0.0176636	0.000747101	0.0020759	0.159217	0.00160729	0.690207	0.0322191	0.00124753	0.000817022	0.000943845	0.00266642	0.00163145	0.005308	0.0657551	0.00494788	0.00090222
106	0.133432	0.000608508	0.159991	0.359275	0.000743611	0.00729929	0.0102574	0.00527583	0.102325	0.0189924	0.00350807	0.018518	0.000500986	0.0704259	0.0256902	0.0603782	0.0166261	0.00348913	0.00135795	0.00130486
107	0.0613307	0.00271285	0.0994148	0.252243	0.00306498	0.0277088	0.00902167	0.00548541	0.151112	0.0296118	0.00882904	0.0483634	0.000275255	0.087709	0.108379	0.0401786	0.0469851	0.013953	0.00127134	0.00234982
108	0.0857827	0.0100319	0.000854247	0.00271511	0.0141244	0.00294596	0.00672962	0.222621	0.00423065	0.148729	0.0266762	0.0010862	0.000465076	0.00338621	0.00399105	0.00546357	0.0190878	0.436182	0.0020709	0.0028259
109	0.0754311	0.00143463	0.00241887	0.161844	0.00210171	0.00436054	0.0184836	0.0442654	0.1653	0.00591815	0.0100498	0.00470379	0.00117717	0.0565682	0.261693	0.0459728	0.0501512	0.0855473	0.000853553	0.00172535
110	0.0382163	0.016668	0.00132481	0.00768081	0.0686087	0.0037927	0.0120899	0.247356	0.00664415	0.218123	0.0547645	0.00156421	0.000641081	0.0146529	0.0122205	0.00700937	0.0336159	0.226689	0.0136698	0.0146681
111	0.109232	0.0271174	0.00610627	0.00852042	0.0709579	0.00736716	0.00559037	0.0584173	0.0575747	0.121278	0.0111714	0.0068994	0.26309	0.00992502	0.0340494	0.0163152	0.0895262	0.0908479	0.00185492	0.00415925
112	0.0267606	0.0039358	0.00322914	0.0173301	0.0031034	0.0039217	0.00444697	0.177704	0.040598	0.08386	0.0493784	0.0373597	0.00258942	0.0399163	0.042623	0.116753	0.0898358	0.250151	0.00134061	0.00516349
113	0.104464	0.0395779	0.000733454	0.0012408	0.0188004	0.0127322	0.00131778	0.253739	0.00834529	0.0774745	0.0245926	0.00084364	0.000326302	0.0038	0.0114329	0.024421	0.0173516	0.390595	0.00264578	0.00556518
114	0.591783	0.0207968	0.0141209	0.00955196	0.00134096	0.0441987	0.00196996	0.00223105	0.00257834	0.00340564	0.00197756	0.00819486	0.000770422	0.00346023	0.00316213	0.249028	0.0232591	0.0105625	0.000567018	0.00704108
115	0.014704	0.00245775	0.000606996	0.000931719	0.0234119	0.000754001	0.00109496	0.381663	0.00426822	0.409317	0.0159637	0.00091383	0.000433124	0.00107811	0.00223143	0.00420585	0.00797746	0.125435	0.00150596	0.00104596
116	0.112146	0.0341405	0.00106426	0.0024143	0.0124977	0.0093801	0.00224199	0.222133	0.00686595	0.0840098	0.022266	0.00122394	0.000414195	0.0037668	0.00925045	0.0248704	0.0237856	0.421162	0.00209225	0.00427465
117	0.028327	0.00250365	0.0641649	0.046754	0.00286366	0.651322	0.00536504	0.00692601	0.025669	0.00801684	0.00502754	0.0460104	0.00773419	0.017674	0.0314538	0.0244122	0.0140006	0.00909378	0.0010323	0.00164938
118	0.0418534	0.00733601	0.0197409	0.0303729	0.141892	0.0161531	0.0349019	0.0236354	0.0271392	0.117748	0.0392319	0.0106274	0.0104705	0.0268012	0.0454954	0.0336595	0.0392192	0.0346772	0.0219398	0.277105
119	0.0665109	0.00645041	0.0213971	0.0163986	0.00645917	0.0153575	0.00834816	0.0188339	0.0377851	0.0196858	0.010832	0.0271298	0.00860973	0.0208724	0.0196045	0.350066	0.302018	0.0368472	0.0025499	0.00424362
120	0.0562161	0.00492915	0.16074	0.0707932	0.015729	0.0682121	0.0404566	0.0192892	0.0509712	0.0297413	0.0186661	0.180378	0.00751553	0.0467327	0.0570139	0.0870022	0.0486369	0.0276679	0.00238333	0.00692571
121	0.225386	0.00605753	0.00275211	0.0331592	0.00233039	0.00815092	0.00386519	0.0716996	0.007954	0.0092652	0.00313232	0.00503319	0.00146454	0.00989408	0.0114079	0.183222	0.083773	0.328695	0.000977535	0.00177992
122	0.0329843	0.00218729	0.0635931	0.0453811	0.00318267	0.619303	0.00549711	0.00590972	0.0264004	0.00928621	0.00557208	0.0470198	0.0149795	0.0205721	0.0330633	0.0321992	0.0188008	0.0107029	0.000945198	0.00242065
123	0.0793174	0.00552719	0.0342304	0.0845071	0.0103731	0.0230406	0.0223123	0.0301412	0.194982	0.0354628	0.0209906	0.0296135	0.0060439	0.0705218	0.162213	0.0699433	0.0634555	0.0437604	0.00368729	0.00987664
124	0.116365	0.00526495	0.0283842	0.0258515	0.00456651	0.0191723	0.00947829	0.0168902	0.0291559	0.0171824	0.00834535	0.0287964	0.00990469	0.01991	0.0234593	0.500122	0.0971915	0.0314133	0.00139606	0.00715074
125	0.0763909	0.00311907	0.0122943	0.0023922	0.00125487	0.00760113	0.0016175	0.0064153	0.0127657	0.00319502	0.0017423	0.0186704	0.000588096	0.0026538	0.00280555	0.608261	0.225683	0.0107531	0.000596208	0.0012005
126	0.00709237	0.00390919	0.000424253	0.000955044	0.0177936	0.000800586	0.00244947	0.11219	0.00138312	0.736321	0.0357778	0.00145889	0.00126	0.00143756	0.00308407	0.00129891	0.00572833	0.0587518	0.00676856	0.00111458
127	0.0220218	0.00328461	0.00610726	0.0108542	0.180996	0.00726183	0.00746835	0.0098202	0.0122928	0.202389	0.444093	0.00770164	0.00527832	0.011833	0.0113836	0.0165526	0.0158795	0.0151304	0.00259305	0.00705845
128	0.0541738	0.00148643	0.0191654	0.0262092	0.00977307	0.0114351	0.0544307	0.00474031	0.209669	0.0162674	0.00565004	0.062341	0.0011079	0.0684733	0.345441	0.0536043	0.0274214	0.0144608	0.00202886	0.0121206
129	0.232685	0.0150224	0.015484	0.0184017	0.00305233	0.00286763	0.0563625	0.00398457	0.127786	0.0478668	0.00348024	0.00387834	0.0019335	0.0602154	0.203399	0.0215492	0.0836867	0.05828	0.00104089	0.0390233
130	0.00571941	0.00236121	0.000417247	0.00069928	0.0125436	0.000799989	0.00241473	0.0909345	0.000867859	0.785422	0.0344447	0.00153607	0.00141845	0.000960887	0.00247941	0.00122744	0.00391243	0.0451201	0.0062554	0.000464784
131	0.314477	0.0296857	0.0113555	0.00901555	0.00192622	0.021687	0.00242441	0.00501048	0.00826861	0.0053134	0.00246281	0.0127281	0.00123058	0.00522346	0.00473212	0.382724	0.164162	0.0131249	0.000749312	0.003699
132	0.108207	0.00343226	0.00287759	0.0287489	0.00276625	0.00518764	0.00361783	0.129491	0.0118589	0.0303159	0.0134192	0.00877925	0.00214927	0.0264825	0.0115982	0.147842	0.119951	0.337782	0.00150238	0.00398994
133	0.0119595	0.00489644	0.00234702	0.00345504	0.183612	0.0157543	0.00691515	0.00977602	0.00494753	0.218686	0.0667314	0.00227777	0.0107511	0.0220916	0.0274411	0.0305815	0.0345302	0.0325511	0.0179719	0.292723
134	0.226195	0.00454203	0.00234255	0.0484232	0.00185686	0.00395431	0.00243931	0.0788657	0.00522685	0.00649833	0.00260673	0.00261348	0.00118015	0.00942378	0.00492129	0.149783	0.083465	0.363132	0.00105668	0.00147361
135	0.0898612	0.000729795	0.0942468	0.306306	0.00119475	0.00555564	0.0041217	0.00283878	0.140647	0.00829793	0.00187805	0.0264459	0.000644776	0.191152	0.0518053	0.0518757	0.00922158	0.00487139	0.00721074	0.00109444
136	0.0111127	0.000949731	0.538514	0.037049	0.00229636	0.0159261	0.0147654	0.00328654	0.00708267	0.00519196	0.00239141	0.261028	0.00095931	0.0188223	0.00762341	0.0419691	0.0218125	0.00712232	0.000747522	0.00134956
137	0.0551695	0.00138773	0.00271976	0.0883858	0.00188674	0.00296416	0.00394844	0.0148112	0.0689048	0.0930585	0.134349	0.035097	0.00100971	0.276288	0.167391	0.0250267	0.0194909	0.00540934	0.000980614	0.00172083
138	0.0351623	0.00591954	0.0067565	0.0134102	0.026163	0.00977364	0.0111235	0.0458695	0.0164525	0.442071	0.10465	0.00702553	0.0847297	0.0167509	0.0166144	0.0203856	0.0309226	0.0898066	0.00411586	0.0122969
139	0.0476516	0.0112552	0.0148282	0.0229392	0.192804	0.0196234	0.0168473	0.058307	0.0249126	0.156103	0.0758756	0.0158362	0.0142885	0.0239579	0.0308735	0.040397	0.0407123	0.0604546	0.0146613	0.117672
140	0.143455	0.00164671	0.139391	0.0869966	0.0149296	0.0360837	0.061489	0.0183721	0.0181757	0.00741725	0.0265504	0.169308	0.00116836	0.0250857	0.00784788	0.192501	0.0175927	0.0280313	0.000880217	0.00307735
141	0.071069	0.00572169	0.0228982	0.0222339	0.00501995	0.0152395	0.0120516	0.0178848	0.0396566	0.01827	0.0096095	0.0280973	0.0167718	0.0217235	0.0231791	0.343573	0.291525	0.0302092	0.00137171	0.00389473
142	0.0209551	0.00504198	0.0060083	0.00728728	0.0207074	0.0042382	0.00891846	0.115247	0.00935929	0.614283	0.0409345	0.00752768	0.00235084	0.0111786	0.0183198	0.0120929	0.0175894	0.0653424	0.00547195	0.00714559
143	0.0699856	0.00394689	0.277361	0.0944648	0.00810917	0.0251676	0.0281974	0.0122359	0.036277	0.0185107	0.013016	0.109716	0.00754236	0.0449933	0.0321084	0.132342	0.0530387	0.0222269	0.00249563	0.00826464
144	0.102502	0.00446588	0.00654422	0.00950483	0.00588322	0.0139726	0.0696591	0.00884099	0.0122928	0.0522328	0.00975299	0.00789224	0.251504	0.0132889	0.0129549	0.0614289	0.335583	0.0156798	0.0017826	0.00423446
145	0.0780508	0.0013416	0.0027297	0.0382215	0.00216211	0.0140141	0.0141254	0.0501661	0.323087	0.00606501	0.0506324	0.0144024	0.00149234	0.0348739	0.164668	0.0541019	0.0552372	0.0918204	0.000822981	0.00198569
146	0.0479645	0.00663265	0.00289915	0.03628	0.0139297	0.00862472	0.00795782	0.118529	0.016415	0.198465	0.0653776	0.0128606	0.00497062	0.0217052	0.00825489	0.0789098	0.167126	0.1709	0.000977178	0.0112208
147	0.0818347	0.00109505	0.00727551	0.0283977	0.00789642	0.0209142	0.0332053	0.00795192	0.206921	0.0167015	0.00791341	0.0244373	0.00277758	0.0706989	0.352084	0.062925	0.0351272	0.019753	0.00192822	0.0101613
148	0.103262	0.04917	0.000804926	0.00170631	0.0240014	0.0125878	0.00166806	0.259671	0.0106761	0.0736258	0.0314461	0.000887483	0.000374107	0.00567574	0.0146008	0.0314923	0.0219625	0.343819	0.00430316	0.00826481
149	0.0251304	0.0152962	0.000632073	0.00239342	0.0575876	0.00318161	0.00424856	0.278195	0.00589358	0.321282	0.0541958	0.000917932	0.000302566	0.0044098	0.00743797	0.00337985	0.0315642	0.173062	0.00549256	0.00539627
150	0.00571941	0.00236121	0.000417247	0.00069928	0.0125436	0.000799989	0.00241473	0.0909345	0.000867859	0.785422	0.0344447	0.00153607	0.00141845	0.000960887	0.00247941	0.00122744	0.00391243	0.0451201	0.0062554	0.000464784
151	0.101705	0.00273995	0.00507407	0.00704713	0.00297591	0.00808508	0.00444864	0.0808755	0.0321184	0.00921408	0.00502753	0.00904688	0.00244043	0.00876119	0.0110894	0.542415	0.10134	0.0615542	0.00128364	0.00275848
152	0.0379306	0.00254106	0.18415	0.0672778	0.00478865	0.418644	0.0152943	0.0069835	0.0256046	0.0118536	0.00797244	0.0787169	0.00525978	0.0270573	0.028606	0.0382077	0.0229171	0.0102517	0.00220267	0.00373966
153	0.0812251	0.00794905	0.038548	0.0485777	0.0135246	0.167229	0.0222369	0.0229592	0.056728	0.033141	0.0222561	0.0358244	0.0308446	0.0337972	0.0430469	0.107413	0.180544	0.0411261	0.00513141	0.00789691
154	0.093429	0.0136607	0.00748792	0.0191421	0.0168714	0.0103941	0.00886737	0.189988	0.0157384	0.111896	0.0206624	0.00871079	0.00528877	0.017817	0.0184749	0.0473125	0.0427274	0.339109	0.00255709	0.00986477
155	0.0441954	0.00281952	0.0618322	0.0445781	0.00308374	0.617941	0.00477128	0.00619042	0.0267874	0.00925249	0.0053563	0.0455281	0.0164921	0.0185769	0.0359057	0.030988	0.014552	0.00842913	0.00101745	0.00170313
156	0.027753	0.0097064	0.00569401	0.00856485	0.155689	0.00924892	0.0106337	0.108579	0.0108461	0.287734	0.0775452	0.00672939	0.00766504	0.0130155	0.0155859	0.0178896	0.0277499	0.075779	0.0135514	0.11004
157	0.0327786	0.00320147	0.00118289	0.0018313	0.0158308	0.00214492	0.00170352	0.488592	0.00732991	0.11083	0.00522459	0.00131813	0.000504142	0.0021813	0.00220287	0.00450442	0.00638818	0.310652	0.00065257	0.000946487
158	0.0443621	0.00319051	0.0134198	0.0571991	0.00611248	0.0147207	0.0449368	0.0104393	0.0663266	0.0254948	0.0136872	0.0450333	0.00424963	0.199478	0.2106	0.152915	0.0629394	0.0170877	0.00260628	0.0052027
159	0.015723	0.00105508	0.285217	0.0678225	0.0101621	0.00297891	0.0933723	0.00268692	0.0564967	0.0154391	0.00224876	0.191137	0.000883707	0.0693983	0.0793886	0.0398416	0.0384307	0.0257122	0.00067633	0.00132849
160	0.0109152	0.00424643	0.000523527	0.00104228	0.0183499	0.00149907	0.00298193	0.124294	0.00178727	0.698041	0.0389193	0.00168704	0.00143805	0.00169655	0.00350819	0.00260368	0.00875451	0.0705368	0.00577492	0.0014001
161	0.115144	0.00356861	0.0183359	0.0346142	0.00845087	0.0348799	0.0133248	0.0129364	0.0158452	0.0234097	0.0170064	0.0058681	0.452676	0.0207125	0.0243419	0.106932	0.0604731	0.0247292	0.00162425	0.00512644
162	0.068575	0.00376805	0.00549719	0.0090392	0.00529742	0.00688096	0.201507	0.00841536	0.00997145	0.0501318	0.00650473	0.00733542	0.212601	0.01004	0.0100337	0.0279025	0.338384	0.0122072	0.00196448	0.00394333
163	0.0427168	0.0178948	0.11521	0.195145	0.00978412	0.0811026	0.123294	0.0030611	0.0118964	0.0217002	0.0343283	0.0785381	0.000635363	0.0862114	0.0298626	0.0226301	0.111721	0.00381688	0.00918888	0.0012632
164	0.0137799	0.00468448	0.00082842	0.00227686	0.0211742	0.00142636	0.00238809	0.227239	0.00362196	0.569251	0.0287557	0.0014939	0.000763287	0.00245052	0.0040162	0.00411396	0.0100804	0.0953519	0.00426801	0.002036
165	0.0199305	0.00100973	0.00137926	0.00246703	0.0168681	0.00239247	0.00160576	0.547232	0.0104251	0.0846142	0.00341021	0.00175249	0.00063867	0.00262103	0.0028542	0.00448688	0.00514402	0.289467	0.000650655	0.00105045
166	0.129362	0.00059911	0.156186	0.3653	0.00114471	0.00723608	0.0108041	0.00514072	0.0968439	0.0185576	0.00338367	0.0188149	0.00189443	0.0715409	0.0250511	0.0624727	0.0175338	0.00443601	0.00133583	0.00236309
167	0.205207	0.00489996	0.00358564	0.0035019	0.00125957	0.0131316	0.00157545	0.0105444	0.0113312	0.00322358	0.0019824	0.0096331	0.000686199	0.00304238	0.00324246	0.668407	0.0311719	0.0210378	0.000564579	0.00197241
168	0.0419431	0.0125577	0.0129272	0.0248244	0.189391	0.0171143	0.0153134	0.0609431	0.0244396	0.166886	0.0652731	0.0127594	0.0135313	0.0273856	0.026904	0.0312021	0.044408	0.0634802	0.0148749	0.133841
169	0.0607505	0.000499296	0.00276652	0.0234018	0.0117459	0.0117922	0.0493038	0.00136563	0.220148	0.0161606	0.00303059	0.0249311	0.000467767	0.0719691	0.414585	0.0422964	0.0197435	0.00653478	0.00195656	0.0165511
170	0.276926	0.00894802	0.00434064	0.00425586	0.00121701	0.020045	0.00151668	0.00689454	0.00887931	0.00318188	0.00199591	0.00833628	0.000586916	0.00294208	0.00304064	0.600372	0.0257153	0.0178384	0.000588544	0.00237855
171	0.0764372	0.00802639	0.0315797	0.0413841	0.0132018	0.0256572	0.0280331	0.0314278	0.0560975	0.0447901	0.019839	0.0317246	0.0356362	0.0353269	0.0455744	0.150274	0.261782	0.0481657	0.00431914	0.0107231
172	0.0202866	0.00549262	0.00343009	0.00632559	0.0283666	0.00442163	0.00681929	0.113628	0.00554733	0.614775	0.0458775	0.00324854	0.00318278	0.00873717	0.0076416	0.00980247	0.018436	0.0715994	0.00661454	0.0157673
173	0.109495	0.00172214	0.0938427	0.409605	0.00368494	0.0104342	0.0119206	0.00694293	0.0626014	0.0165924	0.00520961	0.0286308	0.00307199	0.0938894	0.0245947	0.0740576	0.0200075	0.0140572	0.00232882	0.00731124
174	0.0767519	0.00112135	0.0957685	0.459418	0.00606841	0.0115395	0.00988886	0.0117854	0.0345778	0.0210215	0.00266318	0.0117451	0.00408683	0.0988738	0.0177636	0.0482182	0.02616	0.038993	0.003335	0.0202203
175	0.179865	0.00527471	0.00225108	0.0342951	0.00209016	0.00520508	0.00286265	0.0964104	0.00532313	0.0080993	0.0032123	0.00305866	0.00131295	0.0121936	0.0061837	0.148911	0.0942339	0.386456	0.00113744	0.00162391
176	0.0626706	0.00133645	0.154845	0.349139	0.00350045	0.0150596	0.0159195	0.00513877	0.0129117	0.0397743	0.00362669	0.0164049	0.00721076	0.102784	0.020743	0.082238	0.0230573	0.0249841	0.000983368	0.0576719
177	0.55876	0.0248574	0.011954	0.0141847	0.00166746	0.0369077	0.00223051	0.00410594	0.00350155	0.00426431	0.00223917	0.00798299	0.000846704	0.00420214	0.00363264	0.256896	0.031276	0.0238307	0.000613024	0.00604637
178	0.00836202	0.000777169	0.532506	0.0425496	0.00338585	0.0101929	0.0321646	0.00247972	0.014734	0.00674172	0.00204354	0.205776	0.000751951	0.0326468	0.0230962	0.0388374	0.031906	0.00955759	0.000516021	0.000975121
179	0.0210593	0.0134851	0.000540736	0.00192036	0.054546	0.00144646	0.00281987	0.310041	0.00529636	0.326822	0.0468217	0.000617005	0.00026442	0.00340522	0.00638385	0.00248572	0.0206632	0.171319	0.00484562	0.00521748
180	0.0166073	0.00336154	0.000698244	0.0010233	0.0257957	0.000810687	0.000834172	0.426354	0.00505208	0.341688	0.015119	0.00075884	0.000327364	0.00118972	0.00242533	0.00477901	0.00956392	0.141387	0.000997553	0.00122714
181	0.00592544	0.00241342	0.000422779	0.000738593	0.012585	0.000899755	0.0025334	0.0909251	0.000876937	0.784689	0.034177	0.00153431	0.00141764	0.00104026	0.00248414	0.00123522	0.00397495	0.0454283	0.00623014	0.000468261
182	0.0305054	0.00446015	0.0114448	0.0572491	0.00858284	0.00998321	0.479451	0.0578337	0.0156634	0.0592594	0.0113239	0.0995785	0.0040242	0.0167017	0.0584216	0.0236828	0.0239119	0.0187919	0.00333763	0.00579252
183	0.0407374	0.00603091	0.000703286	0.00110857	0.0220439	0.00166673	0.00188892	0.337758	0.0038064	0.271425	0.0163724	0.000762103	0.000302567	0.00146433	0.00256145	0.00369466	0.010234	0.274624	0.00122242	0.00159347
184	0.101129	0.0515183	0.000870448	0.00177058	0.0232945	0.0130055	0.00164958	0.261814	0.0128529	0.071527	0.0356456	0.00135328	0.000421631	0.00641185	0.0176545	0.0356722	0.0235843	0.327693	0.00462141	0.00751012
185	0.042653	0.00283677	0.39279	0.0984829	0.00793438	0.031274	0.0237202	0.00912225	0.0350169	0.0183033	0.0078017	0.137408	0.0094743	0.0403521	0.0273106	0.0540736	0.0362647	0.0159685	0.00219741	0.00701496
186	0.116439	0.0540442	0.00192257	0.00181705	0.01998	0.0160183	0.00144532	0.244915	0.0121209	0.0688139	0.0362166	0.00160004	0.000485923	0.00594222	0.0184319	0.0416435	0.0261066	0.320918	0.00405117	0.00708781
187	0.126291	0.00214955	0.0022177	0.00272118	0.00132229	0.0069296	0.00170305	0.0139293	0.0145504	0.0033546	0.00217344	0.0107107	0.000719012	0.00314801	0.00325894	0.740009	0.0375418	0.0254129	0.000630654	0.00122667
188	0.10469	0.00127758	0.167552	0.0592963	0.0137418	0.0345727	0.0619116	0.0162814	0.0159168	0.00549317	0.0227443	0.214926	0.000942599	0.023248	0.00593911	0.203946	0.0156187	0.0295838	0.000766609	0.00155168
189	0.0478485	0.0014966	0.0963343	0.200883	0.00530704	0.0049466	0.0179046	0.0174041	0.0231701	0.0219429	0.00346312	0.00735812	0.379263	0.0242231	0.0222943	0.0849721	0.0108543	0.0093623	0.001086	0.0198854
190	0.0574529	0.0015673	0.00266308	0.0159002	0.00196871	0.00312162	0.00324378	0.17768	0.0387373	0.0423914	0.0845093	0.00410163	0.00110081	0.129338	0.154931	0.0220334	0.0981806	0.158425	0.000812738	0.00184172
191	0.0166021	0.00333775	0.000707831	0.00102421	0.0257521	0.000805752	0.000810725	0.427796	0.00509799	0.340291	0.0150127	0.00075565	0.000327836	0.00117741	0.002407	0.00478111	0.00954338	0.141576	0.000959811	0.00123393
192	0.0392205	0.00143307	0.00288297	0.090906	0.00238167	0.00285567	0.0155334	0.099275	0.0324073	0.137745	0.0492185	0.0121241	0.0148347	0.040369	0.00748329	0.0659793	0.19912	0.163545	0.000836983	0.0218478
