597	20
1	0.0973877	0.0413613	0.00283158	0.0113018	0.00556064	0.00893835	0.00632198	0.104531	0.00655101	0.350706	0.025551	0.004603	0.177559	0.00532718	0.00485288	0.0199165	0.0275856	0.0941503	0.00157045	0.00339381
2	0.0592009	0.00743939	0.0057573	0.0195349	0.0136938	0.0360036	0.0106362	0.0877723	0.0185857	0.148885	0.137151	0.0865399	0.0035069	0.0617062	0.00715704	0.079202	0.0460499	0.110516	0.0257713	0.0348909
3	0.00544582	0.00192072	0.808318	0.0339873	0.00154655	0.0169356	0.0087535	0.0012562	0.00284206	0.00177305	0.000996698	0.0669418	0.00570299	0.00229761	0.00234803	0.0161835	0.0124563	0.00194265	0.000355423	0.00799592
4	0.046446	0.0129078	0.0184105	0.00753229	0.00202608	0.0364952	0.0543061	0.0208236	0.0878206	0.101544	0.0147391	0.0693537	0.294837	0.0269458	0.0375791	0.0588305	0.0875057	0.010368	0.00486469	0.00666414
5	0.00629444	0.00104531	0.0009722	0.00094829	0.00100481	0.000988385	0.018467	0.014162	0.0921702	0.00186463	0.00601345	0.0015184	0.000600568	0.00679931	0.838288	0.00286923	0.00213905	0.00230897	0.000537581	0.00100821
6	0.00306108	0.00628677	0.000293794	0.0010346	0.0218879	0.000528874	0.00046226	0.0299311	0.00263632	0.804821	0.109699	0.000559944	0.00048323	0.00301974	0.00272596	0.00125147	0.000823982	0.00780329	0.000145668	0.00254398
7	0.0332577	0.696963	0.00475174	0.00589519	0.0193972	0.0063826	0.00565386	0.0118422	0.00712778	0.0316995	0.00873444	0.00685731	0.00462323	0.0110172	0.00927921	0.0555737	0.0558577	0.0161367	0.00270431	0.00624562
8	0.0530637	0.0174415	0.0118766	0.00259316	0.00194129	0.0103484	0.0114117	0.161318	0.0028439	0.0343773	0.0275788	0.0131112	0.342243	0.0242872	0.00250494	0.0756316	0.108838	0.0956031	0.000651681	0.00233382
9	0.0274972	0.00457641	0.00127342	0.000990384	0.000459055	0.900035	0.000448558	0.00082711	0.00130502	0.00447729	0.0017047	0.00983525	0.00310768	0.000676373	0.00388109	0.0251926	0.00563399	0.00603507	0.00160874	0.000435391
10	0.00662273	0.003063	0.0161427	0.0392901	0.014747	0.012229	0.676294	0.00398018	0.0031088	0.0289228	0.00416093	0.00639499	0.00194848	0.00953566	0.021224	0.00777414	0.023656	0.0171918	0.00127015	0.102444
11	0.0130752	0.00226927	0.0011984	0.00172703	0.669688	0.00198807	0.0487919	0.00485082	0.00219934	0.0211517	0.0131539	0.00328391	0.0177443	0.00212751	0.00282098	0.0464353	0.00386063	0.0054204	0.0182992	0.119914
12	0.0388343	0.0043105	0.00049905	0.00064742	0.000539761	0.892399	0.000526339	0.00108283	0.000722329	0.00449784	0.00137426	0.007663	0.00474386	0.000798191	0.00349843	0.024924	0.00573295	0.00628612	0.000442188	0.000477253
13	0.00615169	0.00308702	0.0162151	0.042352	0.0156173	0.0126476	0.671703	0.00394714	0.00309459	0.0287472	0.00383075	0.00497018	0.00201414	0.0089251	0.0222338	0.00723732	0.0243014	0.0183046	0.00131203	0.103308
14	0.00759889	0.00936484	0.000264024	0.00037825	0.0198043	0.000442595	0.00159615	0.542416	0.000456036	0.138883	0.0460087	0.00166377	0.00325417	0.000987787	0.000789227	0.00201967	0.0139978	0.20684	0.000300364	0.00293544
15	0.0391353	0.0100955	0.201761	0.179133	0.00465231	0.0338012	0.044162	0.00490563	0.0707206	0.0117062	0.0115841	0.0982902	0.00952812	0.0664571	0.0581078	0.0777176	0.045221	0.014402	0.00459691	0.0140225
16	0.00358811	0.00675959	0.000441228	0.00130864	0.0221702	0.000731607	0.000916403	0.0378954	0.00376118	0.790865	0.103623	0.00074536	0.00083661	0.00351745	0.00320293	0.00140766	0.00184746	0.0117925	0.000228705	0.00436176
17	0.373525	0.00483029	0.0315147	0.0341259	0.00294858	0.00405211	0.019758	0.0211259	0.00368363	0.00538307	0.00454099	0.0352685	0.0783307	0.116238	0.0208125	0.0470343	0.116087	0.0764675	0.00112458	0.0031483
18	0.037477	0.0228006	0.0163067	0.0537273	0.0133565	0.0081461	0.02313	0.113899	0.101675	0.085577	0.0697538	0.0291172	0.00165906	0.105229	0.124251	0.0274738	0.0498102	0.0930711	0.00304712	0.0204921
19	0.0614597	0.0210563	0.00982655	0.010579	0.0134792	0.00593064	0.0118859	0.0615008	0.00843937	0.201963	0.0119168	0.00823302	0.457477	0.00961627	0.00703668	0.0276392	0.0249577	0.0366264	0.00159752	0.00877906
20	0.0398335	0.0283825	0.00068972	0.000750288	0.00132569	0.00416729	0.00086526	0.157338	0.00084757	0.00594419	0.00528151	0.00119477	0.000555377	0.00239313	0.000978291	0.0058085	0.00201872	0.73689	0.00350424	0.00123093
21	0.00740373	0.00550131	0.00147019	0.00187485	0.281743	0.00252446	0.0023108	0.00958295	0.002479	0.0603167	0.0133741	0.00286068	0.00138753	0.00227885	0.00289185	0.00663388	0.00649576	0.00928229	0.00133132	0.578256
22	0.0167772	0.00841117	0.0222369	0.00756507	0.00789754	0.0088068	0.357305	0.0105476	0.0131476	0.0139223	0.0100651	0.375054	0.00555972	0.0168058	0.013169	0.06834	0.0169819	0.0121957	0.00288324	0.0123283
23	0.0509692	0.00411472	0.00130327	0.0015285	0.00297029	0.00715476	0.00524057	0.375391	0.003469	0.0463625	0.00500812	0.00236136	0.0767775	0.0287321	0.00225926	0.00677524	0.0137751	0.334661	0.0165381	0.0146089
24	0.0372016	0.019072	0.00103044	0.00102064	0.0033624	0.00148296	0.00332712	0.312829	0.00308842	0.0702653	0.0136268	0.00271371	0.00371586	0.00439975	0.00607395	0.0160115	0.105079	0.3899	0.000533884	0.0052656
25	0.0218152	0.00809907	0.0102973	0.0534763	0.0101736	0.00697558	0.0364961	0.167984	0.0630224	0.183455	0.0793022	0.011122	0.00228299	0.0692983	0.0499807	0.018947	0.0408078	0.139303	0.00364663	0.0235156
26	0.0942153	0.000885016	0.0270818	0.0742128	0.000837982	0.0361138	0.0206801	0.0184343	0.121299	0.00194635	0.0141317	0.0776087	0.00176381	0.152437	0.0783966	0.139733	0.1195	0.0135832	0.000807329	0.00633258
27	0.0209607	0.0116218	0.000218824	0.000257425	0.0127044	0.000251474	0.000952459	0.383638	0.000316529	0.236299	0.0527501	0.0050607	0.0022345	0.000690094	0.000490194	0.00370838	0.0197976	0.24226	0.000808651	0.00497959
28	0.00383587	0.0120774	0.000463126	0.00264241	0.0208486	0.00096136	0.000668495	0.0384043	0.00237438	0.77533	0.108043	0.000747408	0.000590066	0.00316067	0.0025903	0.00314767	0.00219287	0.0180132	0.000672527	0.0032373
29	0.050843	0.0179985	0.00969334	0.0315367	0.011931	0.0292087	0.10402	0.0100095	0.190588	0.0446313	0.0205381	0.0960739	0.000914843	0.120107	0.132164	0.0856794	0.0140715	0.004158	0.0042034	0.0216297
30	0.0298573	0.69752	0.00476913	0.00573709	0.031978	0.00600071	0.00554701	0.0105102	0.00656069	0.038831	0.00799062	0.00801267	0.00468212	0.00822451	0.00824872	0.0326877	0.0697432	0.0148573	0.00186825	0.00637348
31	0.079974	0.0291808	0.0015879	0.00260458	0.00132536	0.19325	0.0116095	0.00301726	0.0327053	0.0185027	0.00412914	0.0469804	0.00157739	0.00228777	0.00320173	0.541071	0.00413018	0.00305016	0.0006304	0.0191845
32	0.0412107	0.00573989	0.0037356	0.0275625	0.00237388	0.0120565	0.0287053	0.00644689	0.246392	0.0190035	0.00951761	0.0426481	0.011252	0.0629152	0.321093	0.104403	0.0347521	0.018131	0.000382986	0.00167794
33	0.0207468	0.0114715	0.000169727	0.000229891	0.0131848	0.000243909	0.000869972	0.380496	0.000285456	0.244395	0.0535035	0.00508453	0.00236768	0.000659445	0.000464185	0.00366379	0.0194372	0.236965	0.000877628	0.00488394
34	0.0042124	0.00205091	0.00171891	0.00194359	0.00265178	0.0180582	0.00172234	0.0527865	0.135021	0.525444	0.12569	0.0169642	0.00116686	0.0030555	0.0439663	0.0050475	0.0123974	0.029588	0.000762869	0.0157523
35	0.0830616	0.0166413	0.00343007	0.0445912	0.0123968	0.0269814	0.0221132	0.13254	0.0168433	0.223869	0.0884664	0.00976858	0.0076146	0.0381177	0.00318269	0.0532571	0.0512492	0.139849	0.00540612	0.0206203
36	0.262201	0.0241268	0.00105777	0.00150233	0.0015822	0.0165651	0.00148594	0.0430061	0.00174888	0.00294276	0.00181018	0.00203282	0.00104118	0.00208908	0.00183317	0.0258611	0.0448187	0.561617	0.000622369	0.00205588
37	0.00613805	0.00162562	0.0146352	0.0196686	0.0293588	0.00428597	0.124117	0.0415045	0.0453986	0.410417	0.0359923	0.00197286	0.000873639	0.0751105	0.0630483	0.0131556	0.00950577	0.0282629	0.0167976	0.0581304
38	0.0706515	0.00145791	0.0789607	0.095274	0.000393079	0.0661715	0.0256972	0.00445893	0.157481	0.00138777	0.00685779	0.108068	0.00536722	0.0979942	0.0772471	0.135779	0.0560064	0.00768694	0.00199089	0.00106952
39	0.00556008	0.00342136	0.0014177	0.00255712	0.00890506	0.00210844	0.0221182	0.537651	0.0310375	0.124586	0.0453093	0.0153005	0.00278443	0.028077	0.0452186	0.00572475	0.00631037	0.107739	0.000968809	0.00320488
40	0.00319376	0.0058106	0.000440739	0.0021545	0.0576814	0.000649893	0.000815436	0.0354442	0.00242538	0.775749	0.093933	0.00108949	0.00153298	0.00252974	0.00228068	0.00246928	0.00112935	0.00699578	0.000337015	0.00333734
41	0.0268241	0.0090149	0.0055686	0.0511304	0.00215275	0.0084091	0.0119393	0.00736809	0.311602	0.0299172	0.0106963	0.0338901	0.0145153	0.0695005	0.273065	0.0857024	0.0338677	0.0136895	0.00031905	0.000827548
42	0.050906	0.0181705	0.00956032	0.0315514	0.0117979	0.029273	0.104003	0.00985614	0.191427	0.0440807	0.0208179	0.0956392	0.000874853	0.120492	0.133139	0.0850254	0.013912	0.00404288	0.00417503	0.0212558
43	0.00410689	0.00829849	0.000380497	0.000570696	0.0158434	0.000641554	0.00231486	0.570359	0.000542222	0.0850754	0.0571213	0.00128013	0.00386893	0.00136118	0.00163712	0.00303749	0.0114831	0.229429	0.000143558	0.00250553
44	0.0216109	0.0158808	0.0257411	0.0169033	0.00487681	0.00337227	0.00475715	0.0481348	0.0628197	0.0578506	0.00347914	0.0156552	0.220471	0.00627679	0.0494167	0.235807	0.1469	0.0438877	0.0115927	0.00456659
45	0.025001	0.00945117	0.0116139	0.00469914	0.0310079	0.00278301	0.0290776	0.187242	0.0619708	0.306762	0.025779	0.0114708	0.00190016	0.00742173	0.0354744	0.0191446	0.0251463	0.131093	0.0033603	0.0696008
46	0.00314195	0.00623281	0.000289761	0.00103306	0.0220038	0.000485991	0.000434507	0.0303026	0.00265381	0.808778	0.106016	0.000536488	0.000468832	0.00274422	0.0027591	0.00121492	0.00080498	0.00737038	0.000147045	0.00258264
47	0.061728	0.0294433	0.0343094	0.0089567	0.00531265	0.362744	0.0189345	0.00814443	0.0073081	0.0783816	0.0626041	0.107644	0.00161017	0.013367	0.0423089	0.0612962	0.00926049	0.0424498	0.0149305	0.0292662
48	0.0146235	0.0185231	0.0122315	0.00170843	0.158913	0.00131838	0.00118175	0.186067	0.00147462	0.293743	0.161619	0.00160124	0.0010497	0.00636087	0.00188051	0.00381043	0.00258722	0.0686439	0.00402633	0.0586366
49	0.0375069	0.012562	0.217967	0.157572	0.00574651	0.0278795	0.03906	0.00529321	0.0592425	0.0145688	0.0111159	0.111138	0.0119433	0.0615461	0.0507932	0.084529	0.0575656	0.0168732	0.00430742	0.0127904
50	0.0365407	0.0116674	0.220489	0.170105	0.00527269	0.0333216	0.0444722	0.00424707	0.0573057	0.0121487	0.014639	0.10552	0.00826846	0.0641897	0.0500727	0.0743786	0.046886	0.0130351	0.0136193	0.0138199
51	0.00556187	0.00898009	0.00352639	0.0037076	0.145284	0.00129173	0.00126157	0.111734	0.00137544	0.435723	0.130011	0.00145551	0.00196636	0.00486841	0.00174716	0.00555857	0.00209084	0.048989	0.00124	0.0836275
52	0.0113349	0.0101029	0.000238584	0.000371837	0.020019	0.000430777	0.000871319	0.465878	0.000414524	0.21317	0.0527275	0.00280684	0.00226293	0.000683962	0.00057547	0.00236961	0.014872	0.196499	0.000555077	0.00381554
53	0.0176019	0.0123321	0.000258861	0.000447026	0.0155045	0.000514712	0.000426309	0.336906	0.000350991	0.299106	0.0713922	0.00424631	0.00157841	0.00131115	0.00106127	0.00342668	0.0181088	0.208113	0.00288462	0.00442882
54	0.0859306	0.00111521	0.0267399	0.08048	0.000945224	0.0333228	0.0205554	0.0165783	0.124242	0.0023529	0.0145101	0.0734231	0.00180377	0.161505	0.0804611	0.135992	0.120633	0.0128522	0.000827459	0.00572893
55	0.0741401	0.0832731	0.0130775	0.0171604	0.0367201	0.00708285	0.0600121	0.0707937	0.0464596	0.0488898	0.0226545	0.0486206	0.0189141	0.0311553	0.075835	0.113391	0.0807114	0.101615	0.00346207	0.0460313
56	0.00294746	0.00251897	0.00025902	0.00203953	0.0248689	0.00138236	0.000331196	0.249411	0.000398945	0.470039	0.118555	0.000437693	0.000802833	0.000551374	0.000682593	0.00132918	0.00147136	0.113726	0.000387445	0.00786071
57	0.0379097	0.0218836	0.00561678	0.00776813	0.0188476	0.00296787	0.0149338	0.0763628	0.00400747	0.165905	0.012006	0.00568652	0.516162	0.00509387	0.00352834	0.0343199	0.0192954	0.0396434	0.000993954	0.0070681
58	0.0509492	0.0263807	0.000674143	0.000820342	0.00120938	0.00532597	0.00130854	0.156839	0.000934593	0.00613877	0.00502776	0.00132425	0.000806919	0.0022716	0.00124233	0.00666742	0.00415916	0.722651	0.00351715	0.00175185
59	0.0660365	0.0315039	0.0208414	0.00713196	0.00517769	0.00410208	0.00966993	0.0289775	0.00834287	0.0257856	0.0285934	0.0088867	0.621742	0.0172411	0.00530937	0.057709	0.0290264	0.0190964	0.00104534	0.00378124
60	0.0958835	0.00511465	0.00268904	0.00208958	0.00375558	0.00149306	0.00492311	0.00591709	0.00224124	0.0103621	0.00499687	0.00258335	0.80632	0.00522725	0.0069747	0.0182212	0.00899283	0.00946317	0.000712566	0.00203871
61	0.116318	0.0553366	0.00282157	0.00359434	0.00293938	0.00370476	0.00322578	0.107677	0.00422727	0.104302	0.00481865	0.142823	0.105275	0.00544902	0.00618788	0.121559	0.0376898	0.167178	0.00115433	0.00371869
62	0.205662	0.139444	0.00341501	0.00459794	0.00416935	0.0474717	0.0269389	0.00717995	0.00555486	0.00760528	0.00617912	0.0272006	0.160767	0.0553643	0.0252031	0.159539	0.0605341	0.0082142	0.0406593	0.00430074
63	0.0346546	0.012871	0.0168278	0.0076307	0.0222477	0.00672941	0.00404669	0.201155	0.00702253	0.128226	0.107277	0.00597826	0.00270194	0.0102452	0.00621146	0.034603	0.069439	0.302441	0.00308971	0.0166025
64	0.00624201	0.00104809	0.00101897	0.000936665	0.000961259	0.000990143	0.0183321	0.014179	0.0935315	0.00186914	0.00592517	0.0015746	0.000733303	0.00679535	0.836699	0.00304835	0.00228371	0.00229683	0.000531232	0.00100354
65	0.0455756	0.0273178	0.0119334	0.0100113	0.00763068	0.00968756	0.0109398	0.120795	0.0108406	0.0378941	0.0215856	0.0155886	0.315894	0.0192038	0.00944156	0.0878643	0.15962	0.0685766	0.00256581	0.00703429
66	0.179633	0.039193	0.00214251	0.0154307	0.00331545	0.00303543	0.00267814	0.00527494	0.00352008	0.00533495	0.0114757	0.0112164	0.0072706	0.0040399	0.0365504	0.401544	0.245808	0.0190148	0.00102682	0.00249535
67	0.0392235	0.00685091	0.0442875	0.0514965	0.0110446	0.0259777	0.00959351	0.189017	0.0377838	0.0434142	0.0407845	0.0108333	0.00313213	0.0208225	0.0376247	0.0405906	0.0486315	0.305556	0.00310834	0.0302279
68	0.0846392	0.00982839	0.00424831	0.0392412	0.0189925	0.0215532	0.0107245	0.150067	0.0248158	0.121884	0.101778	0.0118879	0.00652232	0.038159	0.00350885	0.0708373	0.0771239	0.164921	0.00527654	0.0339914
69	0.0581583	0.0355195	0.0356464	0.0157228	0.0307342	0.0220171	0.0025935	0.0201945	0.042274	0.0163498	0.00407462	0.146523	0.0020367	0.0182134	0.0722571	0.192731	0.23942	0.0368552	0.00079967	0.00787888
70	0.0257438	0.00680612	0.07079	0.466909	0.00168959	0.0096848	0.0187215	0.00465833	0.0469084	0.00809943	0.00539927	0.0292449	0.00268711	0.179101	0.0218406	0.0482382	0.0255986	0.0221828	0.0016316	0.00406426
71	0.00462068	0.00131506	0.840415	0.0319095	0.00089246	0.0168941	0.00792121	0.00110112	0.00137002	0.00121525	0.000853418	0.0566884	0.00367536	0.000924699	0.00104786	0.0116739	0.00776986	0.00142257	0.000270714	0.00801917
72	0.0463804	0.00674785	0.165935	0.140834	0.00281199	0.051891	0.0384326	0.00395453	0.100622	0.00663394	0.00925548	0.115691	0.00769112	0.0725585	0.0613704	0.101168	0.0448468	0.0103737	0.00355838	0.00924418
73	0.00711127	0.00482504	0.00123299	0.00119743	0.00507302	0.0014854	0.00900463	0.216433	0.00215423	0.349099	0.0421385	0.00228505	0.00101695	0.0263288	0.0025906	0.00547618	0.0840491	0.21767	0.00527415	0.015554
74	0.0216184	0.0212303	0.00674923	0.00673444	0.0293088	0.00804626	0.0689701	0.0183351	0.00891218	0.013151	0.00871891	0.0674628	0.00605455	0.0237937	0.0105877	0.0845657	0.570773	0.0145935	0.00268261	0.00771136
75	0.0360083	0.0287517	0.0151273	0.0387519	0.0161854	0.00981407	0.0292469	0.11557	0.10574	0.0833987	0.0574142	0.0409561	0.00224703	0.108676	0.124835	0.0359877	0.0494291	0.0797988	0.00132842	0.0207326
76	0.00534616	0.00862702	0.00336643	0.00283582	0.132203	0.000785404	0.00136395	0.138882	0.00132451	0.439516	0.113012	0.00101092	0.00160458	0.00603918	0.00170484	0.00437706	0.00163107	0.052707	0.00126009	0.0824031
77	0.162683	0.00198055	0.00192137	0.0610077	0.0143513	0.0592199	0.00226241	0.0194628	0.104963	0.0342541	0.0453742	0.0247906	0.00185182	0.0739552	0.0703523	0.206004	0.0540949	0.04922	0.0085595	0.00369142
78	0.0355791	0.0106447	0.225764	0.17759	0.0042794	0.0332316	0.0447208	0.00414042	0.0573114	0.0107475	0.0140215	0.101821	0.00850248	0.0667935	0.0501478	0.0773604	0.0455111	0.0127847	0.00590742	0.0131417
79	0.0103314	0.00935031	0.000238893	0.00038416	0.0170622	0.000357451	0.00154379	0.490557	0.000434843	0.153863	0.0499277	0.0023476	0.00329627	0.00107704	0.000806451	0.00249816	0.0139189	0.237299	0.000492465	0.00421319
80	0.0210982	0.0113532	0.000177743	0.000242419	0.0123248	0.000259485	0.000810972	0.372019	0.000311442	0.251927	0.0538817	0.00546807	0.00214519	0.000707246	0.000473866	0.00369956	0.0196073	0.237791	0.000903827	0.00479739
81	0.156909	0.0154693	0.0470708	0.152169	0.00244227	0.00438761	0.101274	0.00651294	0.0349798	0.06872	0.0038265	0.0628019	0.00212374	0.100369	0.0430962	0.112988	0.0623384	0.0168645	0.0031376	0.00251868
82	0.0991233	0.0460169	0.00088917	0.000689068	0.00845332	0.00393898	0.00705312	0.168023	0.00178136	0.0543558	0.017762	0.00684472	0.001074	0.00317304	0.0101758	0.0262867	0.0998737	0.42915	0.000297139	0.0150391
83	0.268414	0.0481594	0.00677753	0.00622018	0.0270397	0.0453186	0.00382912	0.0380652	0.0264663	0.018828	0.010321	0.0447198	0.0040487	0.00973461	0.0176881	0.186166	0.166111	0.0637545	0.000834327	0.00750407
84	0.0359416	0.0280347	0.0153631	0.042088	0.0154389	0.00942995	0.0299725	0.11538	0.100098	0.0858717	0.0603935	0.0365582	0.00200253	0.10945	0.12403	0.0348287	0.0528691	0.080993	0.00142595	0.0198308
85	0.00769407	0.0263385	0.00226271	0.00312326	0.20614	0.00251106	0.00243518	0.0567238	0.00261748	0.29624	0.0745069	0.00276992	0.00247057	0.00417288	0.00337031	0.0166084	0.00442565	0.0219408	0.00128436	0.262365
86	0.0549231	0.0201931	0.00490682	0.0273688	0.00442474	0.0374071	0.0113375	0.00693156	0.39442	0.0202149	0.00787215	0.0261076	0.0315081	0.0354973	0.169686	0.0746329	0.0388306	0.0291314	0.00100466	0.00360101
87	0.634471	0.018514	0.00343993	0.000564502	0.0012186	0.090743	0.000594419	0.00714861	0.00193703	0.00103256	0.00082368	0.00366238	0.00544196	0.00355373	0.0014057	0.116188	0.0577051	0.0483275	0.000275793	0.00295268
88	0.00613365	0.00870999	0.00318649	0.00121149	0.0856567	0.000879005	0.00467678	0.222622	0.00255554	0.415433	0.0912738	0.00111054	0.0010744	0.00301297	0.00357343	0.0033957	0.00350516	0.0884577	0.00105272	0.0524782
89	0.0837242	0.0639251	0.010388	0.0180063	0.0185255	0.00575354	0.0299631	0.0947033	0.0360087	0.0583328	0.032869	0.03796	0.0211699	0.0274387	0.0700933	0.106509	0.106763	0.13485	0.00267274	0.0403445
90	0.145081	0.0344906	0.0564398	0.134049	0.00193619	0.190007	0.00796234	0.0163001	0.0117497	0.00454708	0.00331764	0.0520016	0.00909365	0.0451733	0.0102023	0.19732	0.0623882	0.0145803	0.000592637	0.00276828
91	0.0367893	0.014771	0.0177737	0.0342447	0.010964	0.0182176	0.0262037	0.052023	0.180707	0.037182	0.0225104	0.119151	0.00982836	0.0672258	0.181105	0.0680426	0.0499767	0.0386591	0.00281843	0.0118071
92	0.0307141	0.00952523	0.00953833	0.0692086	0.0150117	0.0107901	0.0251496	0.17638	0.0249925	0.195182	0.122116	0.0110113	0.00632994	0.0325524	0.0202011	0.026748	0.0418215	0.150973	0.00433447	0.0174193
93	0.0622974	0.0127691	0.0190032	0.0774639	0.00712008	0.0217129	0.00949897	0.0185354	0.199353	0.027937	0.00954079	0.0227111	0.102577	0.0261667	0.102303	0.17705	0.0494592	0.0445152	0.00474353	0.00524225
94	0.154507	0.017678	0.0622345	0.0127065	0.00438401	0.253784	0.0232354	0.0205699	0.01748	0.0859727	0.0209165	0.055814	0.00428512	0.0189993	0.0601284	0.137154	0.0165802	0.015726	0.00561273	0.012232
95	0.0313825	0.00747317	0.0245197	0.0954782	0.0161999	0.0163131	0.0161473	0.0101668	0.305006	0.0323061	0.0149758	0.0327368	0.0120424	0.0659879	0.191641	0.0594804	0.0319654	0.019265	0.00438532	0.0125276
96	0.0410491	0.00962791	0.196068	0.178987	0.00475335	0.0367183	0.0501282	0.00517454	0.0687722	0.0114495	0.0116063	0.0942709	0.00872977	0.0690263	0.0558699	0.0767023	0.0467831	0.0139208	0.00444698	0.015915
97	0.00545608	0.00602487	0.00203365	0.00184158	0.0734414	0.000945153	0.000514993	0.230223	0.000460874	0.428604	0.110695	0.000885532	0.0011161	0.0020724	0.000882626	0.00203154	0.00221061	0.0983684	0.000878047	0.0313149
98	0.0279816	0.00735556	0.00907981	0.0251923	0.00754843	0.0128883	0.0196905	0.00890473	0.245944	0.0187135	0.0119847	0.0336833	0.0157919	0.0538503	0.358881	0.0905739	0.032001	0.0154039	0.000933192	0.00359782
99	0.0490601	0.144558	0.00592282	0.00700704	0.00812349	0.240947	0.00839351	0.0127476	0.0460686	0.0475107	0.00888166	0.0100019	0.00511911	0.264556	0.0106938	0.0884428	0.0141015	0.0156801	0.00386919	0.0083147
100	0.0112334	0.00520724	0.0920075	0.00431601	0.00357284	0.0148996	0.110509	0.00562767	0.0183524	0.00763436	0.00484942	0.337183	0.00383204	0.0187523	0.0270943	0.301591	0.0201128	0.00785321	0.00144758	0.00392407
101	0.00745102	0.00667643	0.00203943	0.00242264	0.0630986	0.00170263	0.0022582	0.207001	0.00517364	0.426292	0.107367	0.00283643	0.00131528	0.00371313	0.0039469	0.00418269	0.00669264	0.10271	0.00136035	0.0417589
102	0.0340915	0.0639432	0.00869764	0.0517636	0.0110672	0.0137849	0.0100401	0.0329665	0.0128485	0.295245	0.138059	0.0122761	0.00814363	0.0183782	0.0132024	0.109195	0.112032	0.0403723	0.0051519	0.00874048
103	0.0390528	0.00442405	0.000582662	0.000870636	0.000488095	0.889694	0.000456876	0.0010637	0.00103314	0.00439005	0.00141432	0.00838286	0.00426206	0.000956442	0.00361343	0.0262516	0.00575107	0.00641869	0.000423389	0.000469733
104	0.0298454	0.01099	0.00966605	0.0239344	0.010808	0.0139927	0.0119868	0.0125015	0.495883	0.0279316	0.0167507	0.0260714	0.0177197	0.0274595	0.148829	0.045546	0.0323951	0.0236011	0.00380897	0.0102783
105	0.0335454	0.0131602	0.0355258	0.0198688	0.0166726	0.0855277	0.040136	0.0199087	0.0248525	0.0275798	0.0256907	0.0406623	0.00968192	0.0358452	0.1111	0.110856	0.110243	0.0275811	0.00702623	0.204536
106	0.116883	0.115808	0.0264245	0.0402713	0.0108375	0.123937	0.00619419	0.0308826	0.0083474	0.014007	0.00815544	0.0589379	0.00859621	0.0187261	0.0124165	0.156263	0.128666	0.10207	0.00585462	0.00672085
107	0.0129397	0.00700765	0.277821	0.0886178	0.00468416	0.0953053	0.0351748	0.00524366	0.0338768	0.00443801	0.00398886	0.274829	0.0119238	0.0131722	0.0242685	0.0525354	0.0231014	0.0054116	0.0013764	0.0242839
108	0.0134088	0.00327613	0.00125041	0.00169177	0.662312	0.00208599	0.0498793	0.00499606	0.00241093	0.0208224	0.0135157	0.00375696	0.0172044	0.00278724	0.0027959	0.048432	0.00417402	0.00564367	0.0179389	0.121617
109	0.0747165	0.045871	0.00171071	0.00735871	0.0031376	0.00732927	0.0021655	0.00503726	0.00347812	0.00433331	0.00706314	0.00937403	0.00534604	0.00337274	0.0171281	0.396242	0.388548	0.0148429	0.000654706	0.00229062
110	0.592192	0.0310566	0.00644641	0.00121209	0.000887652	0.121579	0.000832182	0.00644001	0.00170376	0.00259872	0.00175821	0.00268986	0.00504342	0.00507606	0.00269791	0.142742	0.0371893	0.0349641	0.000296194	0.0025945
111	0.00615094	0.00109167	0.00161944	0.00157428	0.00160266	0.00110992	0.0179987	0.0135032	0.107787	0.00280485	0.0069346	0.00238761	0.00105586	0.00840177	0.812966	0.00448227	0.00343411	0.00296031	0.000635695	0.0014985
112	0.200118	0.0217571	0.00199728	0.0118836	0.00294487	0.00417866	0.00289896	0.00500467	0.00444388	0.00594682	0.0284643	0.00830491	0.015576	0.00368452	0.010787	0.533878	0.12297	0.0113008	0.000815021	0.00304502
113	0.0267942	0.0178437	0.000806755	0.000747787	0.00381593	0.00281156	0.00133374	0.206951	0.00100415	0.0364838	0.0103322	0.00133597	0.00109691	0.00228002	0.0021383	0.0060554	0.00911241	0.66395	0.00213938	0.00296637
114	0.0162855	0.00800086	0.00127141	0.000940562	0.0108717	0.000918795	0.00172541	0.274835	0.00116836	0.10045	0.0224766	0.0016955	0.00192995	0.00274111	0.00328654	0.00733325	0.0215938	0.514247	0.000777411	0.00745205
115	0.126403	0.0391084	0.0121629	0.0220621	0.00681073	0.128749	0.00382066	0.0746443	0.012935	0.0139207	0.0102184	0.0186339	0.0103674	0.0165497	0.00685372	0.335122	0.096736	0.0554196	0.00137862	0.00810393
116	0.0941896	0.00481244	0.0224161	0.001681	0.00224654	0.62279	0.00218008	0.00360121	0.00278931	0.00620574	0.00346037	0.00782902	0.136176	0.0204293	0.00517928	0.0478905	0.00686343	0.00631972	0.00088515	0.00205485
117	0.00472117	0.0013599	0.844061	0.0309993	0.000794079	0.0165434	0.00739592	0.00108715	0.00108929	0.00117782	0.000821741	0.0560354	0.00373725	0.000910387	0.000830132	0.0115317	0.00767548	0.00139442	0.000277014	0.00755702
118	0.119066	0.00243074	0.00130621	0.00128343	0.00276362	0.00117286	0.00423692	0.00263277	0.00140582	0.0037367	0.00274818	0.00179487	0.816312	0.00312598	0.00553498	0.0138914	0.00568016	0.00883807	0.000554917	0.00148406
119	0.128387	0.0147359	0.0072398	0.011203	0.0819171	0.0178517	0.019424	0.0502375	0.0241153	0.0781278	0.059691	0.0788402	0.0105154	0.0207057	0.0204577	0.136232	0.109068	0.046931	0.00283587	0.0814844
120	0.00505712	0.0043166	0.00040068	0.00256961	0.026156	0.00142636	0.000378932	0.190103	0.0014007	0.559853	0.111638	0.000725166	0.000827943	0.00116271	0.00144521	0.00143908	0.00179172	0.0821362	0.00032314	0.00684877
121	0.0705809	0.00144412	0.0789286	0.0952688	0.000405055	0.0659189	0.0255802	0.00445048	0.157678	0.00143989	0.00692103	0.107797	0.00537765	0.0980342	0.0774864	0.135768	0.0561049	0.00775268	0.00204174	0.00102084
122	0.0146981	0.00994133	0.000201126	0.000288907	0.0135844	0.000293068	0.000957924	0.433665	0.00032564	0.207457	0.0538109	0.00402205	0.00243083	0.000744973	0.000655119	0.00289206	0.0178793	0.231674	0.000681455	0.00379667
123	0.035407	0.0105974	0.226638	0.177949	0.00433782	0.0332198	0.0446423	0.00414625	0.0571931	0.0106244	0.0135901	0.101993	0.00864139	0.0660504	0.0499708	0.0772762	0.0459039	0.0127788	0.00568381	0.013356
124	0.0177285	0.00338788	0.0274097	0.695094	0.00103482	0.00457798	0.00273903	0.00588029	0.00965664	0.00220454	0.00143851	0.0126366	0.00101725	0.145066	0.00199809	0.0243577	0.0307802	0.011496	0.00038017	0.00111595
125	0.0154101	0.00890716	0.000363129	0.000404583	0.0153465	0.000399304	0.000715197	0.374556	0.000578899	0.263454	0.0587594	0.00386627	0.00182484	0.000975372	0.000697768	0.00321061	0.0174879	0.227009	0.000820053	0.0052144
126	0.029249	0.00605299	0.000757777	0.00106405	0.000507733	0.887687	0.000588192	0.00123865	0.00168744	0.006097	0.00175781	0.0102035	0.00322516	0.00103894	0.00452333	0.0258275	0.00731648	0.00980272	0.000693324	0.00068157
127	0.0115981	0.00778299	0.000339793	0.00034877	0.0131951	0.000352538	0.00168153	0.432493	0.000676364	0.154211	0.0406264	0.00284879	0.00243092	0.00112306	0.00197002	0.00350838	0.0153894	0.305042	0.000482737	0.00389937
128	0.0635536	0.0176529	0.0131061	0.00720007	0.00739012	0.00896219	0.00864601	0.0263243	0.0100464	0.0260418	0.0152927	0.0100782	0.613071	0.013456	0.0119519	0.0835404	0.0368182	0.0198417	0.00171505	0.00531113
129	0.0278982	0.0072957	0.0329265	0.11096	0.0142592	0.006103	0.0108596	0.1834	0.0823103	0.0749356	0.0352413	0.0116536	0.00106843	0.0784955	0.0932737	0.013639	0.0558031	0.119502	0.0163204	0.0240551
130	0.0171397	0.00408555	0.0197035	0.0234633	0.027938	0.0128542	0.106851	0.058121	0.0390772	0.303944	0.0336047	0.00509503	0.00184102	0.0549023	0.121894	0.0351571	0.0282162	0.0211232	0.0170787	0.0679105
131	0.00478292	0.00918619	0.000375034	0.000552986	0.0171201	0.000597049	0.00226617	0.570736	0.00052882	0.089764	0.0548721	0.00128642	0.00392788	0.00123312	0.00140389	0.0026568	0.0117032	0.224099	0.000178922	0.00272996
132	0.636549	0.0179314	0.00388298	0.00164174	0.00282176	0.0742442	0.00208106	0.0097262	0.00479991	0.00410138	0.00241538	0.00608731	0.00521205	0.00569478	0.00311982	0.103614	0.0550928	0.0562694	0.000316575	0.00439825
133	0.0619523	0.023408	0.0202631	0.0294913	0.008074	0.00622757	0.0139235	0.0458491	0.170727	0.0628895	0.108653	0.0293405	0.00229558	0.140224	0.122856	0.0222913	0.0432339	0.0754103	0.00251579	0.010374
134	0.025956	0.00584831	0.00321258	0.00773614	0.00404285	0.0216794	0.00368158	0.0964297	0.0982796	0.0568651	0.0370708	0.0766237	0.0013814	0.044703	0.0457801	0.0445027	0.196327	0.223745	0.00180424	0.00433115
135	0.00306584	0.00644455	0.000286316	0.000981817	0.0210149	0.000566986	0.000425751	0.0308951	0.00266529	0.808842	0.106274	0.00053689	0.000427871	0.0026359	0.0026158	0.00112861	0.000809698	0.00774503	0.000147829	0.00249009
136	0.0408246	0.0287647	0.00728122	0.00674487	0.0102867	0.012839	0.0100376	0.046813	0.0194689	0.03506	0.0234299	0.0289382	0.010175	0.0138754	0.0302688	0.148842	0.348727	0.15802	0.00318129	0.0164216
137	0.00415908	0.00289233	0.00101553	0.00123067	0.57289	0.00129241	0.00470402	0.0653681	0.00172259	0.0797204	0.0148087	0.00193713	0.00124145	0.00299678	0.00515527	0.00528785	0.00769406	0.0712718	0.00796382	0.146648
138	0.0665154	0.0186166	0.0409909	0.0106786	0.00494252	0.0148956	0.0292585	0.0235529	0.0593315	0.094314	0.0151965	0.0311515	0.38888	0.025071	0.0231185	0.0709703	0.0555448	0.0148229	0.00390932	0.0082389
139	0.0281535	0.00277341	0.0298333	0.707133	0.00111935	0.00605713	0.00203945	0.00760348	0.00661039	0.00238827	0.0014685	0.0100273	0.000966548	0.111324	0.00353097	0.029358	0.0380088	0.0100786	0.000352517	0.00117357
140	0.00550727	0.015358	0.00183518	0.0154334	0.00245496	0.0025354	0.0153393	0.0789594	0.112939	0.0485471	0.0392125	0.00324092	0.0132331	0.0151362	0.418815	0.0175015	0.102002	0.0886927	0.000811504	0.00244586
141	0.225378	0.0335532	0.00161651	0.00151365	0.0049318	0.0166534	0.00218231	0.057271	0.00194277	0.0104971	0.0039854	0.00323459	0.00134055	0.00300944	0.00248666	0.0272567	0.0435067	0.554574	0.000903088	0.00416334
142	0.00576332	0.0171185	0.00231583	0.0024344	0.0423325	0.00287925	0.0359279	0.0186471	0.00294913	0.00519779	0.00326545	0.110325	0.00166897	0.017369	0.00353251	0.0817057	0.636319	0.00597852	0.00145364	0.00281688
143	0.022992	0.0272637	0.00218889	0.00987855	0.108424	0.0114994	0.126898	0.0443752	0.00267991	0.0463802	0.0207863	0.012506	0.00160345	0.052151	0.012179	0.0642592	0.0129271	0.0486304	0.0413377	0.33104
144	0.0136297	0.00777259	0.017834	0.0085198	0.00673591	0.00875106	0.0617921	0.00965439	0.00891418	0.0110756	0.00913482	0.714712	0.0060734	0.0141955	0.0160709	0.0420674	0.0211188	0.0133371	0.00241305	0.00619815
145	0.00556074	0.00232217	0.00151989	0.00243851	0.0109809	0.00192901	0.0253152	0.491072	0.0616912	0.177177	0.0577947	0.00785896	0.00383834	0.0223666	0.0627669	0.00611495	0.00397406	0.0517135	0.000786962	0.00277818
146	0.0372427	0.01029	0.207744	0.18207	0.00504981	0.0338436	0.0468144	0.00511396	0.0663829	0.0112123	0.0118059	0.0972221	0.00936873	0.0647145	0.0560753	0.0752582	0.044951	0.0147993	0.0046654	0.0153757
147	0.0023633	0.00117676	0.000970513	0.0370665	0.0621138	0.00120424	0.0217322	0.0106813	0.321399	0.0704952	0.0262902	0.00671572	0.000703231	0.0415743	0.288309	0.0145707	0.0113978	0.02254	0.0150591	0.043637
148	0.00299313	0.00694003	0.000295128	0.00151482	0.020153	0.000721105	0.000483912	0.0323642	0.00240788	0.797757	0.113342	0.000578429	0.000468283	0.00273577	0.00236147	0.00123668	0.00108186	0.0100733	0.000158311	0.00233387
149	0.00756556	0.00350149	0.0032246	0.00812649	0.00648485	0.00293395	0.0515147	0.0178931	0.254507	0.00674566	0.00415624	0.0144932	0.00238647	0.273026	0.225551	0.0409762	0.0664072	0.00616729	0.00111842	0.00322114
150	0.0888527	0.00114861	0.0544679	0.169097	0.000761713	0.0309525	0.0198007	0.00786467	0.141493	0.0122321	0.00988993	0.0506525	0.00343145	0.168342	0.080624	0.0799329	0.0698323	0.00608208	0.00284361	0.0016976
151	0.068331	0.086883	0.00354055	0.00474619	0.0265601	0.00496181	0.00451482	0.00707578	0.00578794	0.42095	0.00600564	0.0059058	0.00308544	0.00585886	0.118608	0.0111579	0.00939128	0.0308865	0.00164753	0.174102
152	0.0430496	0.0269813	0.000667459	0.000778217	0.00112626	0.00510707	0.00116328	0.158005	0.00088329	0.00499586	0.0049375	0.00119744	0.000823795	0.00239477	0.0010857	0.00579544	0.0021505	0.733453	0.00390757	0.00149719
153	0.0359919	0.0291107	0.0156601	0.0400451	0.0161917	0.00982998	0.0292259	0.117529	0.103455	0.0842517	0.057747	0.0389241	0.00225258	0.106728	0.124918	0.0362744	0.049048	0.0805819	0.00137413	0.0208615
154	0.0447401	0.00813084	0.0138027	0.0145312	0.00758941	0.00766052	0.00760296	0.0142895	0.0561812	0.0154212	0.00843733	0.312917	0.00300917	0.0623565	0.190958	0.0798756	0.0833456	0.0418521	0.00155409	0.0257452
155	0.0431396	0.0129991	0.0599606	0.0381996	0.00601842	0.153358	0.0174418	0.00921574	0.0298585	0.0117011	0.00863512	0.236728	0.0105194	0.0256042	0.0309177	0.177014	0.101127	0.0125897	0.0018264	0.0131472
156	0.0943371	0.0415275	0.0396955	0.0136202	0.0029307	0.00343279	0.0142457	0.0245756	0.0154401	0.0182025	0.031992	0.0146548	0.528436	0.0271367	0.0033668	0.0608888	0.0424485	0.0182904	0.000996758	0.00378167
157	0.0673397	0.00992995	0.0312155	0.0589516	0.00218507	0.301488	0.0176339	0.00967603	0.122532	0.00714466	0.0112596	0.0770095	0.00320594	0.0451642	0.0698754	0.1275	0.0267069	0.00552559	0.0012283	0.00442757
158	0.153051	0.0657003	0.0144253	0.0939279	0.014197	0.0213153	0.0143278	0.10136	0.0212543	0.0462876	0.0213394	0.023301	0.0892533	0.0255806	0.0212331	0.0600328	0.0920167	0.104118	0.00249505	0.0147827
159	0.0421736	0.0326012	0.0144927	0.0354655	0.0186671	0.010657	0.0323442	0.105877	0.102565	0.0777738	0.0524699	0.0447916	0.00393981	0.100794	0.123951	0.0455415	0.0514931	0.0799213	0.00126829	0.0232112
160	0.0220663	0.0274228	0.00220986	0.0101749	0.109289	0.0111911	0.126305	0.0439782	0.00276368	0.0460342	0.0214127	0.0127883	0.00161403	0.051884	0.0118691	0.0635898	0.0130927	0.0485249	0.0402567	0.333533
161	0.0295703	0.0104484	0.000375768	0.000448479	0.00615343	0.00101223	0.00385597	0.344547	0.00159367	0.112659	0.0258635	0.00240571	0.00632299	0.00284262	0.00334138	0.00720374	0.0353718	0.398099	0.000966972	0.00691729
162	0.0272304	0.00757397	0.0236105	0.0803561	0.0141853	0.0116904	0.0160558	0.218832	0.0536313	0.0925339	0.0437975	0.0166227	0.00108245	0.0569033	0.0550306	0.0282915	0.0748816	0.149852	0.00626495	0.0215737
163	0.00810277	0.00608102	0.000455586	0.000468191	0.012089	0.000578371	0.00189548	0.432587	0.00131433	0.100099	0.0320959	0.00139129	0.00315792	0.0018103	0.00241939	0.00381686	0.0125515	0.374888	0.000410308	0.00378839
164	0.0107448	0.00541723	0.0485193	0.0725133	0.0136169	0.0291673	0.578599	0.00718913	0.00583667	0.0260348	0.00705682	0.0110971	0.00342914	0.011184	0.0212787	0.0130793	0.0224974	0.0178641	0.00180073	0.0930739
165	0.00674888	0.0012207	0.00115861	0.0014945	0.00179343	0.00101675	0.018098	0.0142083	0.094339	0.00213729	0.00626255	0.00158918	0.000723878	0.00728997	0.830939	0.00361314	0.00263534	0.00273423	0.000658514	0.00133916
166	0.0558848	0.0250676	0.00694443	0.0102565	0.0347907	0.0335057	0.273636	0.0120929	0.0208241	0.0153086	0.0324411	0.0773933	0.00323019	0.110125	0.031069	0.132408	0.0376151	0.00745638	0.00358241	0.0763687
167	0.00288616	0.00256027	0.00027477	0.0023292	0.0245411	0.00143551	0.000322957	0.247121	0.000394048	0.475421	0.118636	0.000432888	0.000753731	0.000508712	0.000650319	0.00127943	0.00131705	0.111319	0.00028302	0.00753369
168	0.0356014	0.0286427	0.0156522	0.0407061	0.0161343	0.00983535	0.0290776	0.118237	0.103466	0.0847378	0.058067	0.0385423	0.00208909	0.107144	0.124857	0.0354771	0.0488561	0.0808833	0.00140966	0.0205842
169	0.00461257	0.00148258	0.793211	0.0340863	0.00185163	0.0169187	0.00745952	0.00138649	0.00215887	0.00155645	0.00109503	0.0768725	0.0100122	0.00178177	0.00205155	0.0161057	0.0180478	0.00179035	0.000331653	0.00718775
170	0.00587562	0.00318909	0.132313	0.0400388	0.00241478	0.63046	0.0026936	0.00426216	0.00322245	0.00528877	0.00469987	0.121496	0.00169325	0.00344145	0.016741	0.00768618	0.00558582	0.00531749	0.00113767	0.00244355
171	0.00572247	0.00156774	0.838581	0.0336199	0.00122944	0.0164986	0.00777306	0.00118786	0.00148821	0.0013598	0.000907387	0.0537851	0.00355005	0.00121977	0.00132224	0.0122682	0.0080346	0.0014539	0.000288453	0.00814209
172	0.0364697	0.0147892	0.0011222	0.00114964	0.0760503	0.00159601	0.00169335	0.176193	0.00230686	0.121206	0.0256383	0.00277655	0.0091066	0.019117	0.00369881	0.00683175	0.0185729	0.405532	0.00143976	0.0747104
173	0.00874798	0.00522179	0.000525316	0.00052013	0.00593908	0.000852913	0.00131398	0.252696	0.000747406	0.0773245	0.0131976	0.000877046	0.000510021	0.000892955	0.00278138	0.00553546	0.0115038	0.606042	0.00060865	0.00416212
174	0.00564962	0.00716718	0.0030998	0.00150848	0.084969	0.000813431	0.000552559	0.217827	0.000555599	0.421314	0.114554	0.000723593	0.00102315	0.00260391	0.00106206	0.0021729	0.00170267	0.0857513	0.00102659	0.0459232
175	0.046542	0.0299626	0.00242047	0.00261412	0.0795745	0.00212957	0.00358436	0.117346	0.0034031	0.143268	0.0407975	0.00460829	0.00420744	0.0116042	0.00619155	0.0114931	0.0249381	0.416148	0.00202258	0.0471452
176	0.0155301	0.00794777	0.0158624	0.0066931	0.0063891	0.00963093	0.0597203	0.0105424	0.00926428	0.0118864	0.00854655	0.714446	0.00649864	0.0151038	0.0181877	0.0419725	0.019247	0.0127373	0.00255764	0.00723612
177	0.00640002	0.00111981	0.001075	0.00104402	0.0013512	0.00101091	0.0183276	0.0140937	0.0938566	0.00219099	0.00600455	0.00174585	0.000674217	0.00697825	0.834271	0.00333796	0.00225692	0.00254723	0.000574693	0.00113997
178	0.0729367	0.0147743	0.0150647	0.00745947	0.00723296	0.0105099	0.012068	0.0213099	0.0081454	0.0342896	0.0162436	0.00882023	0.604342	0.0555478	0.0141166	0.0412549	0.0262352	0.0158202	0.00155152	0.0122768
179	0.0999254	0.00519502	0.00343772	0.00191938	0.00333287	0.00141354	0.00481137	0.00641765	0.0022456	0.0083233	0.00536626	0.0023939	0.805861	0.00489662	0.00641414	0.0180328	0.00830195	0.00899164	0.000612173	0.0021078
180	0.00728101	0.00829156	0.00163807	0.00142439	0.00174886	0.0105473	0.00149377	0.00198296	0.00287979	0.00251437	0.00204817	0.0142555	0.00106189	0.00178665	0.00195558	0.445564	0.482748	0.00883829	0.000404664	0.00153445
181	0.0311364	0.0165956	0.00528293	0.00552614	0.160225	0.0027298	0.00793465	0.105896	0.00425954	0.225547	0.0456763	0.00638688	0.0034916	0.010539	0.00850381	0.010816	0.0153286	0.28341	0.00261359	0.0480998
182	0.0273252	0.0142153	0.0118921	0.0277443	0.0149084	0.013762	0.504216	0.00883599	0.0202494	0.0257376	0.0109817	0.0180633	0.00469981	0.0680231	0.0558179	0.0290009	0.073279	0.0161	0.00154737	0.0535999
183	0.00316133	0.00131295	0.0119045	0.0015242	0.00166424	0.0027263	0.0148594	0.00379308	0.319239	0.00222171	0.0158514	0.00944444	0.00793529	0.0223693	0.534245	0.0186943	0.0167252	0.0107235	0.000452086	0.00115314
184	0.011777	0.00684216	0.00362725	0.0673252	0.0071802	0.00467985	0.119056	0.138964	0.00875516	0.1079	0.285732	0.00630243	0.0257063	0.0123812	0.00955176	0.0131093	0.0113206	0.151527	0.00253073	0.00573203
185	0.439938	0.0245877	0.032151	0.0259966	0.00259152	0.127871	0.00639171	0.0112967	0.0107188	0.0108274	0.00551331	0.0133503	0.0102392	0.0101745	0.0115684	0.193659	0.0329641	0.0248716	0.00115219	0.00413702
186	0.00647816	0.00439236	0.000445129	0.00230498	0.0208849	0.00115888	0.00113542	0.282051	0.0013538	0.392653	0.134027	0.00169277	0.00130328	0.00163077	0.00220978	0.00225947	0.00676667	0.129964	0.000493417	0.00679526
187	0.0162567	0.00947256	0.00463938	0.0101996	0.00677228	0.00486715	0.00666978	0.158474	0.00914539	0.215877	0.239778	0.00548674	0.00268037	0.0315746	0.0109338	0.0162303	0.0729955	0.160323	0.0062303	0.0113939
188	0.418618	0.144644	0.0041722	0.00545797	0.00475124	0.107705	0.00373825	0.00578511	0.0035677	0.0142679	0.00976811	0.00360137	0.00310767	0.017999	0.00474527	0.22295	0.00899759	0.0107418	0.00140156	0.00398007
189	0.0207503	0.00554841	0.00463106	0.00608114	0.365195	0.00911302	0.0794863	0.0155834	0.0216315	0.231355	0.0565069	0.0488839	0.00377308	0.0104245	0.0216957	0.0260457	0.0109127	0.0236624	0.00270519	0.0360144
190	0.0023633	0.00117676	0.000970513	0.0370665	0.0621138	0.00120424	0.0217322	0.0106813	0.321399	0.0704952	0.0262902	0.00671572	0.000703231	0.0415743	0.288309	0.0145707	0.0113978	0.02254	0.0150591	0.043637
191	0.237481	0.0243417	0.000982118	0.00126307	0.00180776	0.0167788	0.00171581	0.0496781	0.0015212	0.00387598	0.00198309	0.00199294	0.00112763	0.00208766	0.00174141	0.0288394	0.0447978	0.57459	0.000733152	0.00266174
