204	20
1	0.0389947	0.00178235	0.333507	0.238658	0.00759748	0.0073492	0.02402	0.00261565	0.0395533	0.010711	0.0058846	0.125616	0.0229779	0.049383	0.00868117	0.0469547	0.0210024	0.0069914	0.000317261	0.00740284
2	0.0403069	0.00168673	0.0373679	0.0597992	0.00149742	0.0359367	0.029258	0.0099184	0.0515993	0.0111749	0.00195367	0.0462345	0.377928	0.0355363	0.031536	0.153793	0.0639461	0.00904343	0.000281646	0.00120213
3	0.0458262	0.003296	0.274308	0.250587	0.00670771	0.0157584	0.0269994	0.00318609	0.0582752	0.0172201	0.00878024	0.104446	0.0158575	0.0561451	0.0154656	0.0577045	0.0237889	0.00815355	0.000435738	0.00705843
4	0.0236868	0.0140859	0.00242762	0.0313546	0.00453759	0.0185979	0.0261787	0.179328	0.0900018	0.164639	0.1686	0.0415231	0.0169949	0.00483081	0.00504198	0.0672103	0.0664544	0.0686207	0.000688021	0.00519794
5	0.0712105	0.00547408	0.0350104	0.0440093	0.00252833	0.0452627	0.0348938	0.0109233	0.0357187	0.0111342	0.00290135	0.0377855	0.365434	0.0291814	0.0227254	0.172038	0.0613654	0.0102014	0.000318691	0.00188389
6	0.0789561	0.00871504	0.0219234	0.10525	0.0278486	0.0044035	0.0190367	0.0843789	0.0180285	0.045406	0.0493862	0.0677836	0.0735445	0.0100214	0.0214118	0.129768	0.0737847	0.107729	0.000955894	0.0516687
7	0.287608	0.0425282	0.0083888	0.0115724	0.00718932	0.177448	0.01235	0.00858099	0.00596546	0.0107519	0.00422396	0.0132313	0.164702	0.0142186	0.00571788	0.168871	0.0364014	0.0174313	0.000444827	0.0023748
8	0.0781162	0.0108679	0.000924898	0.00133318	0.00625882	0.00726265	0.00580084	0.314408	0.00357984	0.142168	0.081144	0.00379483	0.0110714	0.0104354	0.0102611	0.0280502	0.0462931	0.232203	0.000285703	0.00574125
9	0.186466	0.0374933	0.00307632	0.00488214	0.0133955	0.0361635	0.0100036	0.228046	0.0117129	0.046547	0.0254135	0.0250037	0.0234237	0.012392	0.0122271	0.049693	0.0572708	0.207217	0.00127836	0.00829394
10	0.469261	0.0101544	0.00127453	0.00294956	0.00563626	0.0361445	0.00894955	0.0189783	0.0152061	0.0374907	0.00947806	0.00923769	0.00300651	0.00399305	0.00942381	0.120096	0.122734	0.112431	0.000367941	0.00318646
11	0.0183648	0.0132717	0.000496991	0.000796611	0.010394	0.0013333	0.0028947	0.52284	0.00123263	0.0713888	0.0370875	0.00127643	0.0018801	0.00193219	0.00191481	0.00939608	0.0190611	0.28041	0.000193053	0.00383467
12	0.00827404	0.0393839	0.0200826	0.16125	0.0196064	0.00294709	0.0728399	0.00665075	0.300538	0.0109433	0.0515818	0.0174326	0.00292784	0.0571345	0.170092	0.0140292	0.0282503	0.0109783	0.000810672	0.0042468
13	0.401427	0.0171011	0.00133181	0.00283444	0.00660239	0.0308838	0.00925858	0.0269175	0.0184946	0.030793	0.0111001	0.00804377	0.00161823	0.00387363	0.00761513	0.132742	0.13143	0.152446	0.000449096	0.00503689
14	0.0788754	0.0129049	0.0539572	0.131712	0.00565391	0.0426076	0.0156996	0.0168464	0.114432	0.0134721	0.0294802	0.0488468	0.00227719	0.0505252	0.0250842	0.152251	0.187404	0.0100556	0.000999172	0.00691596
15	0.0770895	0.0437303	0.00572362	0.0100214	0.012463	0.01299	0.0116871	0.0964504	0.0237045	0.0534545	0.0397211	0.0155381	0.0103245	0.0133997	0.0202667	0.0913491	0.225342	0.221061	0.00146915	0.0142144
16	0.0524796	0.00833124	0.000678493	0.00113014	0.00343752	0.00136402	0.00606029	0.335376	0.00158119	0.185806	0.11999	0.00149095	0.00693532	0.0040648	0.00397658	0.0180503	0.0417787	0.201052	0.000239253	0.00617738
17	0.106809	0.00971166	0.00329418	0.0115286	0.0637033	0.00630486	0.0600411	0.0986834	0.0268331	0.0640057	0.0472809	0.0716482	0.00389423	0.0805073	0.0698742	0.076028	0.0383486	0.128085	0.000893152	0.0325248
18	0.0191207	0.0084643	0.0084659	0.395937	0.00967672	0.18345	0.0105734	0.0456098	0.0151449	0.0186571	0.0118676	0.0122797	0.00489804	0.114661	0.0418316	0.0551775	0.0159266	0.0187723	0.00194749	0.00753885
19	0.00486144	0.001232	0.000653118	0.0012288	0.100701	0.00109608	0.00131966	0.105045	0.00412763	0.589208	0.111685	0.00129916	0.000705195	0.00455965	0.00155731	0.00417249	0.00628842	0.0536823	0.000277619	0.00629946
20	0.0149738	0.00620507	0.0564512	0.0810441	0.00956702	0.00531934	0.0769518	0.113683	0.00953568	0.0401068	0.0371657	0.0106788	0.00533532	0.0984775	0.0779501	0.129601	0.105839	0.112142	0.00108416	0.00788971
21	0.0697556	0.0122585	0.0821331	0.167458	0.00974358	0.0368989	0.0319003	0.00798735	0.120728	0.0271805	0.0151146	0.0717203	0.00363272	0.090531	0.0606191	0.0987654	0.0625477	0.0169413	0.00167042	0.0124139
22	0.00631265	0.00198246	0.000533167	0.000963083	0.0410921	0.000836411	0.00160432	0.16975	0.00149582	0.5521	0.0844858	0.00111367	0.000987702	0.00775701	0.00150178	0.00578042	0.0163388	0.101155	0.000210263	0.00399931
23	0.0103559	0.0037552	0.00651219	0.052748	0.00254956	0.000975222	0.033058	0.00263302	0.413381	0.0174582	0.0230492	0.0604686	0.00134832	0.130877	0.15594	0.0323509	0.031327	0.0133454	0.000227177	0.00764019
24	0.070379	0.0119261	0.0836907	0.163868	0.0101181	0.037772	0.0331518	0.00719892	0.122316	0.0270556	0.0150971	0.072483	0.00375298	0.0928237	0.0622376	0.0958829	0.0588399	0.0168989	0.0016806	0.0128271
25	0.538224	0.00877349	0.000813863	0.00241863	0.00491396	0.0500392	0.00941051	0.0166371	0.0134077	0.0258394	0.00686329	0.0105632	0.00116029	0.00239086	0.00814325	0.116612	0.0816666	0.0998972	0.000315774	0.00190933
26	0.14174	0.0279046	0.00144714	0.00219316	0.0123343	0.029365	0.00686732	0.26614	0.0133674	0.0491848	0.027738	0.00767715	0.00558243	0.0146855	0.00741617	0.0767439	0.0938172	0.209041	0.00045898	0.00629608
27	0.0769756	0.00612739	0.0148417	0.0923734	0.020622	0.00488545	0.0267378	0.0739443	0.0252281	0.0422183	0.0467059	0.084603	0.0555689	0.0126031	0.0316087	0.148918	0.0712582	0.111247	0.000630483	0.0529024
28	0.0616525	0.00919842	0.000641049	0.00103718	0.00407513	0.00252028	0.00551736	0.331356	0.00198901	0.175247	0.109995	0.00199221	0.00834679	0.00494079	0.00478917	0.0197563	0.0453167	0.206236	0.000217743	0.0051759
29	0.26814	0.0475311	0.00133487	0.0128405	0.0125963	0.158613	0.00282237	0.00529452	0.00402688	0.0081549	0.00399099	0.0198567	0.0184086	0.0135605	0.00267584	0.339937	0.0480669	0.0299847	0.000327493	0.00183745
30	0.0356039	0.00605954	0.000634409	0.00105772	0.00725085	0.000944707	0.00414793	0.309953	0.00118617	0.278225	0.102214	0.00112187	0.00471106	0.00527839	0.00291878	0.0125569	0.0361343	0.185275	0.000194382	0.00453225
31	0.0816993	0.0142542	0.00369491	0.021314	0.0110033	0.00311936	0.00497487	0.0211517	0.0828228	0.0324752	0.0142113	0.0458393	0.0200605	0.076517	0.1692	0.142023	0.182138	0.0570053	0.000809976	0.0156862
32	0.336417	0.051788	0.00199958	0.00997684	0.00943817	0.166899	0.00466606	0.00988398	0.00620165	0.013123	0.00743824	0.0167433	0.0118497	0.00894435	0.00555871	0.247718	0.0530214	0.0351478	0.000516485	0.00266854
33	0.427505	0.0377991	0.000643259	0.00499789	0.00677102	0.20099	0.00509985	0.0113895	0.00642608	0.0158971	0.00475068	0.00842904	0.00836067	0.00482929	0.00459	0.145869	0.0532993	0.0508796	0.000228077	0.00124556
34	0.264851	0.113204	0.00137482	0.0087239	0.00998659	0.211392	0.00425998	0.00818645	0.00372314	0.0193908	0.0060193	0.0118255	0.0152229	0.01814	0.00377105	0.220565	0.0540715	0.0224175	0.000480839	0.00239433
35	0.039408	0.00160878	0.330415	0.254705	0.00697041	0.00768444	0.0238859	0.00248457	0.038407	0.0109416	0.00593031	0.120056	0.0218269	0.0487662	0.00692035	0.0460442	0.0199515	0.0069609	0.000252791	0.0067801
36	0.0197077	0.00445109	0.000666489	0.00340641	0.0328549	0.00180562	0.00427833	0.216901	0.00677167	0.43534	0.0955301	0.0037177	0.0029995	0.00699918	0.00459115	0.0156897	0.0231898	0.116593	0.000233796	0.00427236
37	0.00707898	0.0190441	0.00109247	0.00202329	0.371843	0.00255583	0.0453079	0.0177152	0.00487102	0.0596201	0.0127103	0.00859403	0.00118393	0.00958405	0.00744531	0.0142338	0.0176079	0.025622	0.00154591	0.37032
38	0.0455439	0.032549	0.00442368	0.00700298	0.00887978	0.00691255	0.00841177	0.0798204	0.00993347	0.161134	0.218321	0.00854038	0.00557201	0.117125	0.0364448	0.0706895	0.0694108	0.100033	0.0012313	0.00802077
39	0.0111127	0.0129291	0.0102233	0.0683056	0.0105071	0.00392675	0.0592606	0.00646997	0.375351	0.0179497	0.026385	0.0459116	0.00248298	0.0962626	0.167412	0.0272014	0.0311763	0.0189829	0.000584768	0.00756448
40	0.00829716	0.0169727	0.00132956	0.00201379	0.416771	0.00215224	0.0654778	0.0176768	0.00384243	0.0476157	0.0121028	0.00748561	0.00132375	0.00887285	0.00457414	0.0137988	0.0277899	0.0223793	0.00103002	0.318494
41	0.0500869	0.0157802	0.000634839	0.00148893	0.00990734	0.00553324	0.00430075	0.404896	0.00335854	0.0674579	0.0355318	0.00334173	0.00309436	0.00384696	0.00369133	0.0198624	0.0479688	0.314585	0.000283079	0.00434966
42	0.0134504	0.00309534	0.00171827	0.00197923	0.0119966	0.00211066	0.011494	0.00424931	0.00313075	0.0140902	0.00353803	0.0395719	0.0021689	0.00261276	0.00268227	0.204147	0.668159	0.00733887	0.000543107	0.00192316
43	0.0220481	0.0137406	0.00911544	0.0124004	0.197611	0.0119697	0.0163529	0.0247812	0.189191	0.105016	0.0174867	0.0143088	0.0083096	0.0573594	0.158147	0.0313384	0.0274695	0.0308633	0.00216766	0.0503233
44	0.326893	0.0418381	0.00538341	0.00668581	0.0264177	0.0535173	0.0251468	0.0361682	0.0132789	0.0176216	0.0313451	0.0308859	0.00749824	0.00720329	0.0236611	0.165741	0.122384	0.0517333	0.000749342	0.00584805
45	0.0698115	0.0104532	0.00257928	0.00598835	0.0694198	0.00415983	0.0452696	0.126385	0.0362702	0.0768163	0.0499491	0.0995589	0.00286794	0.0799959	0.0564226	0.0531822	0.0318899	0.151833	0.000825806	0.0263218
46	0.00346851	0.00153415	0.000625292	0.00117238	0.0650576	0.00103567	0.001094	0.125476	0.00205192	0.602268	0.0884096	0.00114373	0.000924347	0.0068268	0.00160039	0.00435037	0.0100519	0.0762607	0.000317153	0.00633184
47	0.0109356	0.0164734	0.00813822	0.0587926	0.0029033	0.00181239	0.0183042	0.167571	0.0847405	0.26546	0.0307253	0.0195378	0.00149665	0.0508568	0.0890652	0.0733706	0.00517513	0.0919586	0.000613277	0.00206994
48	0.0627533	0.0101435	0.106308	0.208402	0.00852828	0.0352274	0.034265	0.00606209	0.110783	0.0254491	0.0138545	0.0760477	0.00501161	0.0838676	0.0488785	0.087421	0.0506292	0.0146674	0.00131071	0.0103902
49	0.0529932	0.0147405	0.00882062	0.0282115	0.0274228	0.0101108	0.0279419	0.123242	0.0482093	0.0809905	0.0330284	0.0907678	0.0126615	0.0432254	0.104733	0.101743	0.045283	0.123872	0.00225973	0.0197426
50	0.320474	0.0502296	0.0011316	0.00648788	0.00859415	0.32014	0.00302861	0.00608561	0.00259626	0.00960717	0.00308793	0.0103331	0.0150865	0.0071953	0.00289675	0.166767	0.0392331	0.0254491	0.000326859	0.00124941
51	0.010117	0.00410634	0.00668798	0.0567686	0.00271303	0.00101642	0.0339157	0.00271273	0.404337	0.0178519	0.0234149	0.0627471	0.00145	0.130595	0.156254	0.0319203	0.0322533	0.0133999	0.000244857	0.00749418
52	0.0103708	0.0145539	0.00714814	0.0580336	0.00304677	0.00182185	0.0216171	0.165332	0.0786389	0.263583	0.0364139	0.0175415	0.0014696	0.0497577	0.0944523	0.0694519	0.00611324	0.0976771	0.000614847	0.00236272
53	0.00829962	0.00628689	0.0014628	0.00343926	0.136963	0.00202812	0.00578525	0.0960532	0.00740439	0.522787	0.085551	0.00434214	0.00181815	0.00811208	0.00586518	0.00725611	0.0102346	0.0566286	0.000796607	0.0288853
54	0.147504	0.0167301	0.00326645	0.00837498	0.0232866	0.0324233	0.0159599	0.194118	0.01574	0.104039	0.0574885	0.0205848	0.00575849	0.0678588	0.0424975	0.0605388	0.0336511	0.115871	0.00142167	0.0328875
55	0.0698007	0.0120481	0.083698	0.165433	0.0100039	0.0375177	0.033025	0.00719447	0.122721	0.0269992	0.0151677	0.0721218	0.00371062	0.0934996	0.0619541	0.0948542	0.0586418	0.0172442	0.00165979	0.0127052
56	0.0183542	0.00856187	0.010152	0.0420257	0.00920335	0.0054277	0.0221732	0.0190959	0.354832	0.0250632	0.0172428	0.0473124	0.0048969	0.079177	0.167676	0.0320171	0.066716	0.0611193	0.000809451	0.0081441
57	0.0703142	0.0118735	0.0837804	0.163565	0.0100698	0.0378996	0.0331333	0.0071785	0.1222	0.0269857	0.0152013	0.0724696	0.00378651	0.0928025	0.0620884	0.0961193	0.0592058	0.0168481	0.00166917	0.0128099
58	0.00915111	0.00584313	0.00336214	0.00642626	0.00800345	0.00436257	0.00739298	0.046967	0.376977	0.0322478	0.00860351	0.0362085	0.00420507	0.0315956	0.17805	0.0129987	0.0765645	0.144395	0.00110394	0.00554115
59	0.00121539	0.00200848	0.000379628	0.000619509	0.0142327	0.000512886	0.00252638	0.699056	0.000774455	0.0415761	0.010397	0.000707142	0.000389871	0.000729734	0.000786643	0.00668182	0.00514812	0.208427	0.000146927	0.00368384
60	0.535095	0.0100093	0.000853064	0.0025476	0.00610455	0.0562566	0.0108885	0.015188	0.0156105	0.0213634	0.00707815	0.00975201	0.00160689	0.00288384	0.00928192	0.122383	0.0760178	0.0943677	0.000229195	0.00248354
61	0.0690463	0.0121796	0.0829102	0.166122	0.00996111	0.0372121	0.033189	0.0072101	0.124269	0.026788	0.0151881	0.071637	0.00368744	0.0938139	0.062662	0.0937994	0.058489	0.0176599	0.00164399	0.0125319
62	0.0529471	0.0234244	0.00296605	0.00525618	0.0991889	0.00455781	0.0228773	0.14484	0.0331316	0.113642	0.0429659	0.113478	0.00312498	0.102292	0.0292855	0.0286986	0.0189028	0.11444	0.000913647	0.0430671
63	0.305986	0.0564806	0.000833251	0.00674802	0.00919091	0.348125	0.00173812	0.00500523	0.00172234	0.00838191	0.0023207	0.00826905	0.0154521	0.00711029	0.00167231	0.164729	0.0352517	0.0195826	0.000320838	0.0010811
64	0.0403069	0.00168673	0.0373679	0.0597992	0.00149742	0.0359367	0.029258	0.0099184	0.0515993	0.0111749	0.00195367	0.0462345	0.377928	0.0355363	0.031536	0.153793	0.0639461	0.00904343	0.000281646	0.00120213
65	0.0163081	0.0187978	0.00196204	0.0047074	0.306112	0.00310582	0.0321725	0.0440202	0.0084299	0.160733	0.0578883	0.0103996	0.00275828	0.0116568	0.0080951	0.0162885	0.014763	0.0356783	0.00144244	0.24468
66	0.00121539	0.00200848	0.000379628	0.000619509	0.0142327	0.000512886	0.00252638	0.699056	0.000774455	0.0415761	0.010397	0.000707142	0.000389871	0.000729734	0.000786643	0.00668182	0.00514812	0.208427	0.000146927	0.00368384
67	0.0803218	0.0221211	0.00179695	0.00982464	0.0162202	0.00242775	0.00363386	0.0119791	0.0881599	0.0519105	0.0193308	0.0391165	0.0361001	0.0636051	0.194362	0.104341	0.175837	0.0528295	0.000582078	0.0254999
68	0.0372126	0.00248347	0.330306	0.224576	0.00733441	0.00728483	0.0240256	0.00273885	0.0345526	0.00985194	0.00562977	0.145872	0.0245018	0.0473508	0.00724813	0.0521142	0.0228006	0.0069183	0.0002855	0.00691294
69	0.00786398	0.014229	0.0841699	0.030589	0.00337793	0.322255	0.0673017	0.00488692	0.0485203	0.00573337	0.00670819	0.230712	0.0016288	0.00444709	0.0305054	0.0988292	0.0185902	0.00553912	0.0107707	0.00334286
70	0.0924168	0.124051	0.0204334	0.00430833	0.0313249	0.0301452	0.023627	0.0740224	0.00491622	0.0136532	0.0787307	0.00858066	0.0218706	0.0051183	0.00915595	0.164939	0.178703	0.103045	0.000859808	0.0100985
71	0.00136717	0.0020206	0.000379264	0.000617493	0.0142015	0.000519129	0.00252143	0.698397	0.000779095	0.0416803	0.0105419	0.00070781	0.000399475	0.00073652	0.000801291	0.00668872	0.00520368	0.20861	0.000146929	0.00368033
72	0.00555302	0.00212733	0.000752758	0.00161346	0.111154	0.00127581	0.00262188	0.10335	0.00404664	0.575829	0.104409	0.00150652	0.0009716	0.0051872	0.00208768	0.00481831	0.00682287	0.0538203	0.000386876	0.0116658
73	0.0349687	0.0380394	0.00126778	0.00148488	0.00634468	0.00318111	0.00236694	0.131286	0.00257184	0.0495878	0.0228056	0.00207913	0.00126647	0.00205399	0.00343325	0.0102324	0.0620094	0.622339	0.000467784	0.00221365
74	0.0618633	0.0213933	0.00637077	0.0138306	0.138336	0.0101745	0.0964045	0.0755703	0.0199573	0.0660977	0.0291645	0.0253984	0.00772526	0.0234652	0.0254698	0.0526749	0.0446085	0.231496	0.00456534	0.045434
75	0.30578	0.0538671	0.000863048	0.00678057	0.00906392	0.351801	0.00176582	0.00514233	0.00174017	0.00812136	0.00251539	0.00877562	0.0154765	0.00697216	0.00174528	0.163844	0.0348243	0.0194841	0.000336203	0.00110112
76	0.0126648	0.00492399	0.00282241	0.00390649	0.146333	0.0193722	0.0267563	0.0258333	0.109751	0.0637275	0.00621254	0.00458942	0.00251785	0.00863088	0.118655	0.0499	0.0314431	0.00927469	0.000935091	0.351751
77	0.13622	0.0321955	0.0201231	0.0310319	0.0156887	0.065912	0.0171666	0.0310638	0.0327612	0.0241646	0.0197874	0.0515341	0.0553538	0.0266647	0.0231158	0.26284	0.0945813	0.0457552	0.00106988	0.0129707
78	0.0420363	0.0350866	0.0117556	0.0338415	0.0125388	0.00771641	0.0167337	0.0150978	0.192241	0.0305563	0.0384963	0.0811719	0.0343809	0.0539155	0.183896	0.0543228	0.101742	0.0403091	0.000762618	0.0133993
79	0.0906046	0.100157	0.00523066	0.00252826	0.00817546	0.0194428	0.00711926	0.0664905	0.00441422	0.0202931	0.0482373	0.00362086	0.00592998	0.00391787	0.00503861	0.0910657	0.157797	0.342449	0.000745774	0.0167422
80	0.101763	0.0289648	0.00157038	0.00196643	0.00923861	0.0103644	0.00590117	0.186386	0.006498	0.055275	0.0349707	0.00519526	0.0035337	0.00518764	0.00546466	0.0340422	0.0682441	0.430079	0.000381035	0.00497431
81	0.0910778	0.0657893	0.00615727	0.0272469	0.110705	0.00399036	0.00731853	0.0941936	0.00759623	0.336886	0.0318597	0.00894095	0.00912309	0.0298808	0.0424798	0.012691	0.02975	0.0253315	0.000964419	0.0580183
82	0.070379	0.0119261	0.0836907	0.163868	0.0101181	0.037772	0.0331518	0.00719892	0.122316	0.0270556	0.0150971	0.072483	0.00375298	0.0928237	0.0622376	0.0958829	0.0588399	0.0168989	0.0016806	0.0128271
83	0.141266	0.0228133	0.00097712	0.00150344	0.0129309	0.0187419	0.00734459	0.275713	0.00914773	0.0721878	0.0313089	0.00732578	0.00588882	0.0102065	0.00768675	0.0543079	0.0780883	0.236181	0.000484274	0.00589588
84	0.00407453	0.00108987	0.000586594	0.00112855	0.0940752	0.000921253	0.00119748	0.10752	0.00302106	0.606524	0.100994	0.00114163	0.000604882	0.00460355	0.00136562	0.00375597	0.00633231	0.0549612	0.000258807	0.00584407
85	0.0144792	0.0225785	0.0118601	0.0675458	0.00356428	0.0021025	0.0145751	0.162128	0.100261	0.2519	0.0239843	0.0209444	0.00178549	0.0562843	0.0811554	0.0813364	0.00574587	0.0744306	0.000613168	0.00272529
86	0.0703946	0.011713	0.0826871	0.162929	0.0108011	0.037008	0.0343988	0.00720865	0.122166	0.0279307	0.0158843	0.0716284	0.00373162	0.092697	0.0626195	0.0949581	0.0588912	0.0170043	0.00165963	0.0136894
87	0.530449	0.010021	0.000868368	0.00237638	0.00684512	0.0497902	0.0133831	0.0163677	0.0150508	0.0214633	0.0077939	0.00940723	0.00161819	0.00344193	0.00893854	0.11883	0.0797892	0.100131	0.000325922	0.00310906
88	0.397793	0.00668795	0.00213461	0.00502575	0.0418795	0.0136741	0.0567829	0.0260845	0.0523674	0.0148859	0.00897513	0.00818793	0.00263238	0.0223321	0.025233	0.128987	0.0642029	0.0982409	0.000912426	0.02298
89	0.0682514	0.0122198	0.081445	0.160249	0.0102201	0.0363742	0.0346024	0.00703683	0.128707	0.0263348	0.0154526	0.0718808	0.00370531	0.0926262	0.0668975	0.0947301	0.0587549	0.0164876	0.00161504	0.0124103
90	0.0193337	0.0571203	0.00085883	0.00135735	0.00390432	0.00225299	0.00167652	0.142003	0.00179334	0.0389065	0.0142584	0.00165236	0.000964613	0.00170447	0.00229187	0.00534975	0.0220414	0.680695	0.000447096	0.00138854
91	0.00872875	0.00703475	0.00248413	0.00325553	0.350259	0.00353184	0.00999655	0.173147	0.00522093	0.124675	0.00852618	0.00522554	0.00253459	0.00526473	0.00550281	0.0281736	0.0102325	0.0716632	0.0186251	0.155918
92	0.0195211	0.0565674	0.000863033	0.00133699	0.0038439	0.00220193	0.00160553	0.1426	0.00177726	0.0383114	0.0143219	0.00165477	0.000879322	0.00167502	0.00213042	0.00513626	0.0219804	0.681951	0.000397631	0.00124542
93	0.0839396	0.0542334	0.00570577	0.0104217	0.0145964	0.011048	0.00764923	0.0217041	0.0431026	0.0545294	0.0227245	0.0270822	0.0567486	0.0352156	0.109119	0.133017	0.212591	0.0779289	0.000880435	0.0177625
94	0.0615601	0.0128767	0.0719711	0.283147	0.0080357	0.0295729	0.0292861	0.00644336	0.104261	0.0211145	0.0125992	0.0550648	0.003207	0.0894703	0.0488069	0.0762052	0.0516183	0.0239232	0.00131476	0.009522
95	0.276738	0.0667601	0.00132183	0.00843735	0.00966692	0.244996	0.00298253	0.00594826	0.00288764	0.0102953	0.00402137	0.0135114	0.0149994	0.0100682	0.00282497	0.24577	0.0563288	0.0204257	0.000341665	0.00167441
96	0.166431	0.0597933	0.0167478	0.0480335	0.0264149	0.0613891	0.0449664	0.0125035	0.0617822	0.0342588	0.0277202	0.0338682	0.00388353	0.080921	0.223666	0.0518467	0.0198332	0.0158545	0.00136714	0.00871892
97	0.055565	0.00705306	0.0256006	0.0407522	0.00292891	0.0450809	0.0237791	0.0157886	0.0272606	0.0123716	0.00379706	0.0366636	0.404078	0.0279041	0.0188815	0.167804	0.0661899	0.0156931	0.000322863	0.00248526
98	0.0618054	0.0126207	0.0866262	0.139492	0.00845456	0.0509636	0.0367997	0.00744233	0.110369	0.0215811	0.0172221	0.0987659	0.00316985	0.0736137	0.0530279	0.115286	0.0745198	0.013989	0.00207795	0.0121735
99	0.070379	0.0119261	0.0836907	0.163868	0.0101181	0.037772	0.0331518	0.00719892	0.122316	0.0270556	0.0150971	0.072483	0.00375298	0.0928237	0.0622376	0.0958829	0.0588399	0.0168989	0.0016806	0.0128271
100	0.281363	0.0294809	0.00211941	0.0491988	0.051713	0.00748422	0.0512131	0.0501585	0.0231695	0.14394	0.0472856	0.021691	0.00235441	0.0105176	0.0693468	0.0373585	0.0123658	0.0692768	0.000923514	0.0390396
101	0.00688605	0.0154255	0.0875142	0.0285554	0.0032807	0.353531	0.0630107	0.00486927	0.0440247	0.00529331	0.00674294	0.21961	0.00162537	0.00366262	0.0251569	0.0951118	0.0178841	0.00523413	0.00948739	0.0030941
102	0.00121539	0.00200848	0.000379628	0.000619509	0.0142327	0.000512886	0.00252638	0.699056	0.000774455	0.0415761	0.010397	0.000707142	0.000389871	0.000729734	0.000786643	0.00668182	0.00514812	0.208427	0.000146927	0.00368384
103	0.0402756	0.00168675	0.0373837	0.0597706	0.00150362	0.0359922	0.0294168	0.00993175	0.0516162	0.0111602	0.00194055	0.0461853	0.377743	0.0356676	0.0315187	0.153826	0.063861	0.00903554	0.000281693	0.00120349
104	0.10093	0.114475	0.00519909	0.00276245	0.00711213	0.0145045	0.00725602	0.0462542	0.00526157	0.0120628	0.044032	0.00355826	0.00636133	0.00415287	0.00504471	0.1219	0.198978	0.274903	0.000697791	0.0245545
105	0.0848043	0.025423	0.0422656	0.0834487	0.00640908	0.0215802	0.00714289	0.0503555	0.156316	0.010518	0.0415407	0.0198532	0.00275295	0.0184985	0.00830568	0.147434	0.255045	0.0120806	0.00117985	0.00504533
106	0.00245361	0.00158726	0.000748777	0.00130102	0.0422337	0.00100428	0.00128496	0.14334	0.00151138	0.586955	0.0788695	0.00124384	0.000989445	0.0110215	0.00150012	0.00475178	0.0142544	0.100655	0.000260778	0.0040336
107	0.00121539	0.00200848	0.000379628	0.000619509	0.0142327	0.000512886	0.00252638	0.699056	0.000774455	0.0415761	0.010397	0.000707142	0.000389871	0.000729734	0.000786643	0.00668182	0.00514812	0.208427	0.000146927	0.00368384
108	0.0323297	0.0618109	0.0300596	0.0434983	0.061616	0.00529766	0.00821419	0.06463	0.00847748	0.289515	0.0452066	0.0115977	0.0612846	0.0386946	0.016554	0.024047	0.0472214	0.105778	0.00179141	0.0423759
109	0.0437372	0.00710527	0.274243	0.193969	0.0101869	0.019373	0.0272604	0.00960384	0.0527122	0.0204744	0.0109606	0.105855	0.0266357	0.0524629	0.0214251	0.0632569	0.0344078	0.0152909	0.000870043	0.0101697
110	0.259064	0.0339222	0.00293508	0.00921148	0.00991418	0.0616214	0.00700995	0.00901355	0.00733752	0.00981083	0.00747419	0.0585546	0.00926378	0.00846908	0.00682703	0.393035	0.0757175	0.02763	0.000510411	0.00267811
111	0.445339	0.0486745	0.00091351	0.00897936	0.00703236	0.217843	0.00256188	0.00582812	0.00267609	0.00911744	0.00377598	0.00729313	0.0144734	0.00656484	0.00230537	0.159489	0.0316314	0.0241129	0.000224171	0.00116406
112	0.055816	0.0176232	0.00053477	0.000874612	0.00363927	0.00259364	0.00293343	0.243311	0.00122911	0.108906	0.0766452	0.00106238	0.00345729	0.00223791	0.00311135	0.0106614	0.0424284	0.420121	0.000159829	0.00265514
113	0.305444	0.0541465	0.000842081	0.00675804	0.00903874	0.353142	0.00171698	0.00503234	0.00172717	0.00809504	0.00240468	0.0084406	0.0155671	0.00700776	0.00165144	0.16352	0.0345585	0.0194797	0.000336264	0.0010908
114	0.129561	0.00858087	0.00331354	0.00665936	0.128422	0.00767415	0.0763381	0.0203011	0.0223738	0.0218158	0.0117384	0.00896364	0.00362648	0.0480867	0.0481782	0.0645844	0.102566	0.0265672	0.00150609	0.259143
115	0.113348	0.0162714	0.0013529	0.00189274	0.0366222	0.0104388	0.0245667	0.241892	0.0159344	0.0660209	0.0269686	0.0191523	0.0042952	0.0109192	0.0100404	0.0493244	0.0750868	0.260096	0.00131057	0.0144661
116	0.0432679	0.00757782	0.00086004	0.00139678	0.00662968	0.00124224	0.00512618	0.314433	0.00218449	0.196924	0.168027	0.0016574	0.00600758	0.00409929	0.00357031	0.0152003	0.0366153	0.179874	0.00021466	0.00509214
117	0.0394892	0.0015944	0.327141	0.249929	0.00723409	0.0081534	0.0245325	0.00253752	0.0402714	0.0111899	0.00611992	0.121594	0.0222494	0.0491888	0.00776206	0.0468473	0.02014	0.00680274	0.00028204	0.0069423
118	0.0101976	0.0039745	0.00659794	0.0557135	0.00262628	0.000994128	0.0336146	0.00269115	0.40725	0.0173041	0.0232213	0.0611863	0.00139708	0.130845	0.156609	0.0323543	0.0322166	0.0135462	0.000226652	0.00743351
119	0.0724879	0.019919	0.000788171	0.000967529	0.00507768	0.00507517	0.00286591	0.225376	0.00217026	0.0730785	0.0560925	0.00208786	0.00296012	0.00298466	0.0038466	0.012441	0.0447269	0.46459	0.000191899	0.0022718
120	0.0274935	0.00717613	0.224129	0.115324	0.0069441	0.020976	0.022899	0.0053404	0.0274745	0.00988595	0.00608582	0.248931	0.0145788	0.0382762	0.010599	0.144486	0.0534603	0.00886913	0.00118659	0.00588438
121	0.0272872	0.00609428	0.00269732	0.00439938	0.175724	0.00419544	0.00473176	0.129596	0.0233959	0.29245	0.215687	0.00693115	0.0030467	0.00742782	0.00623936	0.0113376	0.00991349	0.0410672	0.00113938	0.0266389
122	0.0198462	0.0562379	0.000883277	0.0014514	0.00381763	0.00220898	0.00161344	0.143563	0.00205383	0.0390654	0.0145877	0.00164336	0.000868563	0.00183614	0.00232346	0.0052883	0.022078	0.679003	0.000391141	0.00123931
123	0.00361537	0.00105131	0.000571289	0.00104281	0.0911747	0.000915016	0.00108828	0.108896	0.00287697	0.609631	0.0993378	0.00109576	0.000600884	0.00470905	0.0013298	0.00366914	0.00638533	0.0560864	0.000259222	0.00566298
124	0.048528	0.0305835	0.000705166	0.000980777	0.0110784	0.00371059	0.00382566	0.166686	0.00256635	0.0785341	0.0402266	0.00211829	0.00203249	0.00230149	0.00374002	0.0153353	0.0509748	0.531702	0.000734694	0.00363629
125	0.196201	0.0382072	0.0236004	0.0262703	0.01039	0.338324	0.0188166	0.0127686	0.0184015	0.0123665	0.00870343	0.046941	0.0246135	0.0157533	0.0137148	0.12933	0.0367668	0.02079	0.00286278	0.00517766
126	0.426129	0.0289431	0.00754613	0.0121366	0.00944086	0.116088	0.00994227	0.0167853	0.0132363	0.0204445	0.00952298	0.0149916	0.0121448	0.00985195	0.0100616	0.160181	0.0604358	0.0581809	0.000376945	0.00356003
127	0.0406058	0.00424179	0.273605	0.332012	0.00610719	0.00691626	0.0206557	0.00307916	0.039599	0.0100976	0.00569336	0.0926086	0.0167744	0.055309	0.0100052	0.0405417	0.0201236	0.0157124	0.000331827	0.00598078
128	0.37257	0.0493748	0.000784016	0.00672816	0.0078634	0.286412	0.00260818	0.00607641	0.00272722	0.0101072	0.00361069	0.00784932	0.0131609	0.00629781	0.0023726	0.153718	0.0373853	0.0288347	0.000325394	0.00119334
129	0.0480771	0.0235943	0.00107122	0.00236523	0.00800727	0.00353221	0.0039776	0.241247	0.00322129	0.10835	0.0540142	0.00236905	0.00369628	0.00373582	0.00513265	0.0158198	0.0456529	0.42145	0.000510489	0.00417567
130	0.206749	0.043303	0.00265321	0.00907587	0.0209241	0.00839267	0.0104416	0.0820783	0.00862356	0.129579	0.0777248	0.00770651	0.00334299	0.00894708	0.0141433	0.0372585	0.0538952	0.264516	0.000907787	0.00973718
131	0.0710504	0.0119754	0.0878911	0.21341	0.00920769	0.0294926	0.0293234	0.0125483	0.116743	0.0253126	0.0167716	0.0628025	0.00875571	0.076466	0.0518091	0.084457	0.0585787	0.0211946	0.00125718	0.0109534
132	0.0178426	0.0121891	0.0723766	0.0198719	0.00641446	0.03745	0.0242708	0.0088783	0.0164147	0.011404	0.00825901	0.366666	0.00527151	0.0140899	0.0119743	0.2695	0.07885	0.0110546	0.00247139	0.0047503
133	0.304992	0.0475668	0.00432336	0.0120133	0.0104765	0.313383	0.00492201	0.00878637	0.00718177	0.0116763	0.00573468	0.0119915	0.0149362	0.00986025	0.00582826	0.156188	0.0402817	0.0271531	0.000466521	0.00223794
134	0.311719	0.0503314	0.00218028	0.00817798	0.00894301	0.31614	0.00356844	0.00763693	0.00389486	0.0102659	0.00347101	0.0113201	0.0179839	0.00785728	0.00394229	0.166588	0.0396594	0.0244839	0.000358488	0.00147708
135	0.00121539	0.00200848	0.000379628	0.000619509	0.0142327	0.000512886	0.00252638	0.699056	0.000774455	0.0415761	0.010397	0.000707142	0.000389871	0.000729734	0.000786643	0.00668182	0.00514812	0.208427	0.000146927	0.00368384
136	0.00256897	0.00304901	0.000394485	0.000626688	0.013794	0.000560947	0.00253557	0.680116	0.000776735	0.042946	0.0114984	0.000727396	0.000464452	0.000803753	0.000829355	0.00678484	0.0061205	0.221646	0.000148618	0.00360824
137	0.0463065	0.0163275	0.0554837	0.0236978	0.00822748	0.0448649	0.0262993	0.0127819	0.026943	0.0158089	0.0112849	0.280658	0.019371	0.020111	0.0203669	0.263126	0.0816758	0.0169619	0.00242695	0.00727616
138	0.022811	0.00585515	0.0131577	0.057417	0.00746025	0.00550575	0.0362027	0.0210696	0.315688	0.0420579	0.0345926	0.0514226	0.00232867	0.114359	0.128701	0.0549838	0.030681	0.0405636	0.000635344	0.0145074
139	0.00739529	0.00283949	0.00040576	0.000673724	0.0120594	0.000521229	0.00274964	0.649941	0.000769544	0.0612053	0.0254361	0.000751183	0.00134761	0.00115286	0.00125276	0.00740411	0.0106684	0.209522	0.000163944	0.00374095
140	0.203336	0.0385402	0.0219173	0.0286635	0.0102983	0.336701	0.0176572	0.0120152	0.0165442	0.0147584	0.00699012	0.0451236	0.0192842	0.0157903	0.0128326	0.129468	0.0379746	0.0248976	0.00231603	0.004891
141	0.0134128	0.00240804	0.00164627	0.00189198	0.0112361	0.00197815	0.0115598	0.00413453	0.00295456	0.0131158	0.00313834	0.0384368	0.00206026	0.00247408	0.00261701	0.203754	0.673559	0.00719554	0.000544186	0.00188322
142	0.00337804	0.0217307	0.000982314	0.00150495	0.367929	0.00138797	0.0435637	0.0109465	0.00211997	0.0632169	0.0136925	0.00896437	0.00107761	0.00840485	0.00221145	0.0115593	0.0124846	0.0264754	0.000879696	0.39749
143	0.0521411	0.00800951	0.0172687	0.027554	0.00536358	0.0714047	0.0159844	0.0113692	0.020659	0.0293278	0.00506563	0.0796546	0.214208	0.0721379	0.0165657	0.207144	0.127461	0.0141858	0.000912991	0.00358261
144	0.0515726	0.00811173	0.000630098	0.00103458	0.00297724	0.00117445	0.00557081	0.337899	0.00135483	0.187142	0.119364	0.0013349	0.0070809	0.00377185	0.00378991	0.0169821	0.0425488	0.202176	0.000179809	0.00530481
145	0.414216	0.0502234	0.000877191	0.00836853	0.00750589	0.254716	0.00211851	0.00503879	0.00225075	0.00822916	0.00329902	0.00704319	0.0153417	0.00673612	0.00179903	0.158613	0.030687	0.0214719	0.000289691	0.00117501
146	0.0500751	0.0080765	0.000638137	0.00101903	0.00310219	0.00111161	0.00544688	0.33631	0.00134436	0.192167	0.119144	0.00128617	0.00684021	0.00383945	0.00367408	0.016561	0.0422531	0.201707	0.000182319	0.00522224
147	0.138691	0.0734091	0.00335366	0.00342023	0.0263443	0.0132466	0.00819348	0.231646	0.00885512	0.0875058	0.0755114	0.00673956	0.00622349	0.0111933	0.0080954	0.067434	0.066507	0.156641	0.000739543	0.00624989
148	0.420354	0.0213023	0.00531009	0.0130771	0.0088628	0.0731873	0.0118642	0.0254303	0.0185295	0.0211941	0.0105114	0.0153195	0.00910366	0.00991535	0.0109102	0.146249	0.0928237	0.0811713	0.000437406	0.00444701
149	0.0117841	0.00301809	0.00566158	0.0473142	0.00234887	0.00101357	0.0330154	0.00283949	0.427092	0.0179423	0.0214093	0.0587236	0.00127514	0.131526	0.150104	0.0335248	0.0286673	0.0136736	0.000243537	0.00882263
150	0.0101567	0.0113377	0.0665403	0.0212821	0.00437212	0.144468	0.0842025	0.00686369	0.109141	0.00843493	0.00816951	0.318171	0.00260531	0.00493384	0.0456319	0.111869	0.0219688	0.00926283	0.00621336	0.00437532
151	0.0102842	0.00674142	0.00386208	0.00537233	0.00952374	0.00512903	0.00746429	0.0441652	0.360072	0.0308792	0.00876972	0.0314577	0.00497264	0.0259158	0.184541	0.0127031	0.0768271	0.163997	0.00107725	0.00624492
152	0.0366976	0.0112951	0.0152475	0.0222342	0.0138354	0.0190239	0.0173948	0.0192998	0.0273346	0.0867408	0.0147447	0.0275459	0.309775	0.130158	0.0585165	0.108317	0.0467424	0.024815	0.0014396	0.0088417
153	0.0118933	0.00733368	0.00325721	0.00544877	0.412622	0.00439476	0.00777715	0.0209973	0.00861098	0.162207	0.00875917	0.00695261	0.00433238	0.00767776	0.00798921	0.0149772	0.0148693	0.279926	0.00218033	0.0077935
154	0.0044657	0.0225137	0.000991361	0.00171918	0.363771	0.00164104	0.0427138	0.0125588	0.00417885	0.0628172	0.014238	0.00885338	0.00118561	0.0085609	0.00475588	0.0122158	0.0133455	0.0258309	0.000897331	0.392746
155	0.119144	0.0240475	0.00129276	0.00195963	0.00920317	0.0117372	0.00555716	0.202583	0.00547318	0.0507438	0.0317298	0.00588028	0.00460275	0.00610562	0.00681864	0.0262337	0.0517985	0.429814	0.000563779	0.00471152
156	0.283795	0.0489305	0.00324211	0.019799	0.0441986	0.0117814	0.0226652	0.0454343	0.0136244	0.158467	0.0636441	0.0129882	0.00418304	0.00916816	0.0299218	0.0609775	0.0352854	0.111497	0.0011287	0.019268
157	0.520921	0.00710294	0.000870886	0.0024904	0.00569043	0.0413862	0.00992414	0.0161053	0.014675	0.0251852	0.00680651	0.00890579	0.000997871	0.00280961	0.00800655	0.120813	0.0966804	0.108048	0.000308977	0.00227208
158	0.0487264	0.0109016	0.126907	0.304712	0.0104905	0.0269694	0.0241081	0.0169716	0.0675199	0.0263321	0.0140455	0.0603364	0.0259798	0.064934	0.0325737	0.0631168	0.0384466	0.0256279	0.00145471	0.00984693
159	0.0906039	0.130621	0.0111584	0.00990459	0.0166358	0.0302215	0.0133715	0.0432992	0.0153901	0.0188151	0.0411558	0.0141447	0.0152794	0.0107518	0.0116361	0.190371	0.202559	0.117572	0.00127225	0.0152378
160	0.0118097	0.0159804	0.00152121	0.00196396	0.399261	0.00264129	0.0650803	0.0232038	0.00555646	0.0463858	0.0115049	0.00714371	0.00139031	0.00963049	0.00732374	0.015528	0.0309647	0.022236	0.00115292	0.319721
161	0.0246899	0.00916675	0.0218035	0.0598684	0.0150635	0.00981405	0.0299062	0.0211661	0.331495	0.0363733	0.0235285	0.0525026	0.0109339	0.0819429	0.121541	0.0454478	0.0480939	0.0432429	0.00103159	0.0123881
162	0.0218854	0.0172147	0.0039494	0.00698592	0.360392	0.00755411	0.037439	0.04739	0.0148674	0.100769	0.0293555	0.0136229	0.00489726	0.0160282	0.01483	0.0232515	0.0243144	0.0597642	0.00238703	0.193102
163	0.10393	0.109087	0.00498521	0.00270388	0.00741363	0.0148521	0.00743995	0.0491219	0.00530062	0.0129693	0.0462617	0.00354273	0.00578095	0.00399792	0.00452983	0.119598	0.18949	0.283524	0.000815976	0.0246547
164	0.0436132	0.0164555	0.092718	0.107871	0.017529	0.0238151	0.0348186	0.0164019	0.168753	0.0311537	0.0214038	0.0564156	0.00577682	0.0675418	0.149616	0.0635315	0.0454198	0.0248519	0.00199073	0.0103227
165	0.0185393	0.0194381	0.00270423	0.0348455	0.00464973	0.0137573	0.0262611	0.187834	0.074233	0.181361	0.172352	0.0387303	0.0120213	0.0094781	0.0124435	0.0745472	0.0482226	0.0632388	0.000730211	0.00461241
166	0.00412386	0.0190196	0.00122019	0.00158464	0.405525	0.00152285	0.0460854	0.0134348	0.002373	0.0552647	0.0127268	0.00813847	0.00120026	0.00789397	0.00240199	0.0116551	0.0153949	0.0247995	0.000929673	0.364705
167	0.0641009	0.00692648	0.0319771	0.0439547	0.00449368	0.0373704	0.0263488	0.0138633	0.0327842	0.0153837	0.00564146	0.0334715	0.417062	0.032521	0.0237329	0.136001	0.0526562	0.0179231	0.000558454	0.00322889
168	0.0215075	0.00612497	0.00112338	0.00511551	0.0298405	0.00214491	0.00469438	0.237812	0.00633701	0.396237	0.0805834	0.00355192	0.00320753	0.00825306	0.00632262	0.0140068	0.0231469	0.144298	0.000289034	0.00540317
169	0.0410594	0.0165109	0.0983896	0.0818753	0.00522265	0.0664458	0.0400138	0.00689956	0.0597428	0.0106866	0.0121484	0.221162	0.00466983	0.0321199	0.0269443	0.170059	0.0880543	0.00870614	0.00294056	0.00634987
170	0.039839	0.0057101	0.0251442	0.0412422	0.00487133	0.0368716	0.0213263	0.01148	0.0322081	0.0221128	0.00480255	0.0526668	0.300229	0.143237	0.0252247	0.157463	0.0589245	0.0129484	0.000824456	0.00287328
171	0.0706154	0.0117036	0.0826884	0.162088	0.0103564	0.0372367	0.0335923	0.00731007	0.122011	0.0277193	0.0155529	0.0717148	0.00379525	0.092891	0.0638053	0.0954207	0.0592478	0.0172602	0.00165784	0.0133339
172	0.0440737	0.0187644	0.122798	0.104245	0.0110466	0.120224	0.0591297	0.0168473	0.0693533	0.0230465	0.0401817	0.104203	0.0117241	0.0473366	0.0373017	0.0875351	0.0468798	0.0212695	0.00372241	0.0103177
173	0.00220182	0.00115925	0.000583706	0.00097821	0.0448216	0.00087735	0.00122351	0.147736	0.00134802	0.594381	0.0801512	0.00111852	0.000601867	0.0086161	0.00135779	0.00452524	0.0127812	0.0915285	0.000243645	0.00376559
174	0.0475104	0.0030421	0.0281205	0.0538378	0.00256181	0.0422144	0.0237184	0.011311	0.0349906	0.0106312	0.0028955	0.0405295	0.406148	0.0279862	0.0225219	0.159884	0.0641466	0.0159282	0.000302399	0.00172003
175	0.0215867	0.0684773	0.00339552	0.00565895	0.0413151	0.00480015	0.0336976	0.109977	0.00878059	0.110101	0.0135062	0.00938538	0.00423665	0.00876975	0.0438013	0.0815101	0.0470633	0.304046	0.0243528	0.0555386
176	0.0439543	0.00409705	0.282587	0.234781	0.0086803	0.0132301	0.0251501	0.00517882	0.0525565	0.01511	0.00874118	0.10583	0.0212087	0.0534397	0.0164362	0.058823	0.0304616	0.0111111	0.000591291	0.00803247
177	0.00345302	0.0213406	0.0011003	0.00154375	0.368031	0.00144377	0.0426619	0.0125893	0.00201738	0.0638258	0.0137116	0.00890178	0.00106558	0.00833949	0.00209393	0.0117404	0.0123977	0.0270101	0.00123116	0.395501
178	0.0926218	0.0400574	0.00554599	0.00801032	0.0148161	0.0150918	0.0126428	0.0927823	0.0237211	0.0477539	0.0381519	0.0158343	0.00822304	0.0114614	0.0176248	0.0950376	0.235231	0.211908	0.00103778	0.0124465
179	0.0873893	0.00632802	0.0274357	0.0303317	0.00273686	0.0421265	0.0307165	0.0102154	0.0215929	0.0119261	0.00314504	0.0262184	0.448408	0.0255903	0.0156506	0.152825	0.044401	0.010443	0.000475928	0.00204372
180	0.106418	0.0106832	0.024183	0.0327397	0.00569138	0.0572972	0.0348676	0.011402	0.0252377	0.0151442	0.00643035	0.0273418	0.387785	0.0386428	0.0213752	0.132926	0.0432221	0.0139927	0.000786201	0.00383296
181	0.0702842	0.0120051	0.0837943	0.163773	0.0101047	0.0377948	0.0332775	0.0072439	0.122136	0.0270291	0.0150791	0.0725626	0.00374812	0.0927191	0.0621011	0.0961769	0.0587686	0.0169023	0.00167756	0.0128215
182	0.00337874	0.0217165	0.000982315	0.00150498	0.36784	0.00139356	0.0435873	0.010953	0.0021207	0.0633792	0.0137686	0.00901174	0.00107551	0.0083821	0.00221288	0.0115766	0.0124992	0.0264579	0.000878896	0.397281
183	0.00668583	0.0024097	0.000643444	0.00128429	0.0267743	0.000852065	0.00254827	0.426097	0.00196012	0.292738	0.0525736	0.00106086	0.0012873	0.00454034	0.00245461	0.00742039	0.0125398	0.151661	0.000221924	0.00424809
184	0.0134128	0.00240804	0.00164627	0.00189198	0.0112361	0.00197815	0.0115598	0.00413453	0.00295456	0.0131158	0.00313834	0.0384368	0.00206026	0.00247408	0.00261701	0.203754	0.673559	0.00719554	0.000544186	0.00188322
185	0.100041	0.0158745	0.00906694	0.0227491	0.023578	0.0520818	0.020753	0.0638766	0.0706351	0.190721	0.132247	0.0223966	0.00814235	0.0249767	0.0261783	0.0839554	0.0337455	0.0433815	0.00187223	0.0537278
186	0.00341682	0.00121124	0.00051717	0.00112191	0.0790392	0.00104313	0.00127928	0.120522	0.00299006	0.604211	0.0948327	0.00141496	0.0006599	0.00542765	0.00138042	0.00443159	0.00830638	0.0628662	0.000195272	0.00513341
187	0.0123054	0.0035523	0.000702407	0.0012165	0.0382749	0.00156567	0.00833959	0.610083	0.00241414	0.0596042	0.0178394	0.00272221	0.00128507	0.00252814	0.002497	0.0107171	0.011892	0.200928	0.000903435	0.0106297
188	0.0353389	0.00786834	0.00466892	0.0054523	0.0107775	0.0110073	0.0113221	0.00716453	0.00645052	0.0136309	0.00572786	0.0387093	0.00793821	0.00450101	0.00384284	0.227393	0.584353	0.0111818	0.0006082	0.00206408
189	0.0402219	0.00228331	0.316264	0.246605	0.00711887	0.00976538	0.0245933	0.00279719	0.04273	0.0116804	0.00651395	0.121857	0.0208929	0.0498856	0.00960527	0.0500023	0.0226143	0.00728235	0.000344032	0.00694238
190	0.0253984	0.00656664	0.000926627	0.00163919	0.0269428	0.00195716	0.00302127	0.1969	0.00288945	0.403174	0.0800289	0.00204698	0.00254152	0.00757017	0.00281198	0.0113064	0.03486	0.184318	0.000419835	0.0046806
191	0.245378	0.0455233	0.0120608	0.0158577	0.00857466	0.330367	0.0106782	0.00757185	0.0105933	0.0101366	0.00538825	0.0315207	0.0259395	0.0105746	0.00640469	0.16237	0.0372939	0.0196717	0.00168559	0.00241012
192	0.118318	0.0212913	0.000992546	0.00147884	0.0104524	0.0186934	0.00580276	0.244649	0.00643556	0.0588472	0.0300168	0.00638823	0.00587128	0.00870177	0.0108131	0.0354414	0.0633724	0.34741	0.000361505	0.00466321
