301	20
1	0.0992464	0.0084561	0.117491	0.0848212	0.0162385	0.104973	0.0400255	0.00727888	0.0471658	0.0286226	0.00255303	0.0820266	0.0283362	0.0468214	0.0134532	0.202756	0.0484502	0.0177498	0.000751936	0.00278202
2	0.115836	0.0320689	0.0327576	0.0401331	0.00757782	0.057827	0.016022	0.0217635	0.0705971	0.0337195	0.0180435	0.0725929	0.00882133	0.0542431	0.0356434	0.205997	0.113351	0.052635	0.00303643	0.00733449
3	0.164965	0.0302828	0.0227701	0.0301264	0.0482583	0.0416923	0.0197142	0.0496478	0.0317089	0.0411748	0.0295677	0.0340014	0.0111234	0.031853	0.0275236	0.196544	0.0766893	0.0898023	0.00531684	0.0172377
4	0.00990968	0.036961	0.00279674	0.00527051	0.148182	0.0080019	0.0131315	0.0347208	0.00653336	0.0863273	0.0261628	0.00882886	0.010421	0.0235657	0.00790296	0.0264281	0.0146616	0.00840083	0.420824	0.100969
5	0.0244733	0.00103192	0.269313	0.427525	0.00340001	0.0168638	0.00965177	0.0101971	0.0231364	0.0129952	0.0158296	0.0298668	0.00390437	0.054921	0.0181414	0.0321433	0.0233898	0.0180402	0.000495977	0.00467939
6	0.0431732	0.0138915	0.00174255	0.00375067	0.0182413	0.00438161	0.00238217	0.38018	0.00443059	0.118823	0.0394534	0.00506922	0.027864	0.00797523	0.00296511	0.0152465	0.0234842	0.283148	0.0011923	0.00260608
7	0.0505726	0.00815734	0.107682	0.0349866	0.00796995	0.0847918	0.01457	0.0148144	0.073876	0.0254099	0.0289078	0.221187	0.00558179	0.0481045	0.0458898	0.121035	0.0766696	0.0192908	0.00238495	0.00811859
8	0.0770558	0.0245001	0.0598243	0.0676753	0.00903709	0.0808437	0.0686351	0.0243718	0.0583569	0.0291367	0.00537783	0.105191	0.0146959	0.0774048	0.046726	0.165362	0.0411412	0.0264655	0.00413219	0.0140668
9	0.00563273	0.00201116	0.00149775	0.0238043	0.201535	0.00236559	0.0627025	0.00363052	0.00372181	0.0166143	0.00882734	0.00833701	0.00124234	0.00616669	0.00261659	0.00793034	0.00480621	0.0118779	0.00305706	0.621622
10	0.0364706	0.00654313	0.0136059	0.0420487	0.00877361	0.014236	0.0479688	0.0129524	0.269006	0.0253948	0.0187745	0.0243564	0.00571204	0.111106	0.248618	0.0432267	0.0377185	0.0275214	0.00192743	0.00404007
11	0.0365822	0.00579597	0.0179897	0.0432406	0.00659306	0.0112806	0.0315256	0.00917884	0.309757	0.0221979	0.00856541	0.0283812	0.00203623	0.0670501	0.298471	0.0473255	0.0326966	0.0172575	0.00242524	0.00164956
12	0.199875	0.0200362	0.00886436	0.0285497	0.00905633	0.0288056	0.00749834	0.0399307	0.0250803	0.0235691	0.0213835	0.054325	0.0132953	0.0245235	0.0216755	0.142002	0.155963	0.157006	0.00329662	0.015265
13	0.159771	0.032192	0.00599404	0.0204029	0.0180302	0.0217763	0.00652864	0.117639	0.0226696	0.0472402	0.0504068	0.0162869	0.00930051	0.0263401	0.0235597	0.113104	0.128429	0.16259	0.0033471	0.0143933
14	0.0348865	0.0055301	0.0157726	0.0364078	0.00920756	0.0103053	0.0261071	0.011401	0.337028	0.0248834	0.00760082	0.0234732	0.00158669	0.0523599	0.312094	0.038086	0.0310987	0.0178495	0.00209828	0.00222332
15	0.0507201	0.0102491	0.0187971	0.0367826	0.0131694	0.0172551	0.0255031	0.0236782	0.223338	0.0751163	0.0196384	0.0317806	0.00742543	0.0558125	0.237868	0.0554325	0.0468835	0.0351748	0.00631097	0.00906462
16	0.0618427	0.0191465	0.00184753	0.00923017	0.0477485	0.00862369	0.0048217	0.215949	0.0102084	0.0906826	0.131427	0.0114431	0.00132549	0.0264675	0.00729333	0.0359182	0.108443	0.191567	0.00429035	0.0117238
17	0.015219	0.00050049	0.299822	0.475556	0.00408181	0.0174926	0.00551135	0.00733335	0.0191886	0.0102721	0.0075964	0.0271477	0.00414531	0.0352412	0.0111058	0.0275376	0.01254	0.0142873	0.000249509	0.0051725
18	0.0575087	0.00320535	0.355673	0.157216	0.00249928	0.0200962	0.0100597	0.0102089	0.0250445	0.0106769	0.0114674	0.0962159	0.0022807	0.0545362	0.0502162	0.064351	0.0468543	0.0142075	0.00522008	0.00246188
19	0.290955	0.0174371	0.0157929	0.0200882	0.0051399	0.112175	0.00865318	0.0151229	0.0194325	0.0153375	0.0191708	0.0210245	0.00985035	0.0184938	0.0126955	0.298816	0.0550978	0.0294826	0.00350357	0.0117313
20	0.0314764	0.00354415	0.00277902	0.00761995	0.112913	0.00497843	0.195241	0.0181912	0.0410416	0.046421	0.0314794	0.140778	0.00222189	0.0322662	0.00546468	0.0650592	0.00863764	0.0319374	0.00167148	0.216279
21	0.036828	0.00532043	0.0165714	0.0390737	0.00848198	0.0107693	0.0250802	0.0106676	0.326053	0.0265962	0.00775641	0.0236916	0.00169435	0.0523616	0.316262	0.0395162	0.0316706	0.0174995	0.00214297	0.001963
22	0.0777126	0.0160771	0.0051335	0.0132695	0.0384181	0.0133557	0.014063	0.0911049	0.0195795	0.275628	0.0960912	0.0220533	0.00670416	0.0591712	0.0134029	0.0371437	0.0516384	0.129025	0.00476251	0.0156656
23	0.0818886	0.0677043	0.00838347	0.0242558	0.0206723	0.0219575	0.0196768	0.086898	0.0383712	0.113187	0.0447277	0.067438	0.00617043	0.0491868	0.025483	0.109441	0.123958	0.0695934	0.00632322	0.0146836
24	0.0160695	0.00207209	0.166538	0.0192464	0.0085476	0.0586967	0.0115306	0.011087	0.0425904	0.00446634	0.00587161	0.352736	0.00174315	0.026549	0.0135914	0.162617	0.0800999	0.00524268	0.00113538	0.00956978
25	0.0121529	0.000388203	0.316115	0.479448	0.00420714	0.0182355	0.00545554	0.00684616	0.0141805	0.0090563	0.00695207	0.0282313	0.00400316	0.0302239	0.00687979	0.0289539	0.0114657	0.0114218	0.000179268	0.00560389
26	0.0157551	0.0206732	0.000753472	0.00145908	0.105676	0.00371664	0.00912957	0.102344	0.00180603	0.427011	0.131823	0.00441684	0.00178523	0.00956746	0.00154769	0.00520405	0.0211047	0.101287	0.00356226	0.0313779
27	0.0446046	0.0301421	0.00187487	0.00530501	0.0390768	0.015651	0.00513085	0.168577	0.0153419	0.164899	0.151964	0.0189227	0.00122273	0.0275466	0.0112414	0.0357629	0.0581315	0.192897	0.00603799	0.00567032
28	0.123642	0.00944714	0.0207452	0.0344935	0.00236963	0.0341714	0.0074458	0.0154989	0.110057	0.0586219	0.0305492	0.0872084	0.00577966	0.0935682	0.0414711	0.145104	0.143208	0.0343837	0.000307422	0.00192764
29	0.0192134	0.0260308	0.00116247	0.00193368	0.0997181	0.006279	0.00883771	0.098874	0.00370653	0.389729	0.151041	0.00725139	0.00168509	0.010941	0.00272961	0.0094196	0.0241404	0.105685	0.00426735	0.0273552
30	0.0330701	0.0114052	0.00145578	0.00281297	0.0296264	0.00352311	0.00319271	0.364601	0.00435493	0.148157	0.0415736	0.00395015	0.00650158	0.00695389	0.00291713	0.0175844	0.0251867	0.287609	0.00119767	0.00432687
31	0.0449609	0.00227262	0.00281732	0.0662589	0.0028686	0.00834889	0.102353	0.00600714	0.103574	0.0173003	0.0398761	0.0221597	0.0145464	0.339334	0.0742932	0.042779	0.0747641	0.0314492	0.000832528	0.00320395
32	0.0129568	0.000397721	0.314875	0.476965	0.00406977	0.0181594	0.00547165	0.00687856	0.0145113	0.00915337	0.00698808	0.0284374	0.00398752	0.030918	0.00723432	0.0294614	0.012342	0.0114534	0.000186883	0.00555221
33	0.0414694	0.00777271	0.0224535	0.0448231	0.00882314	0.0129436	0.0251192	0.0127777	0.294716	0.0255308	0.00953334	0.0293763	0.00780728	0.0540852	0.289513	0.0483202	0.036732	0.0215068	0.00257141	0.00412562
34	0.3133	0.0208063	0.00287481	0.00884792	0.00317441	0.0752461	0.00421092	0.00848218	0.00788577	0.00873992	0.0260953	0.00708666	0.0034686	0.0123949	0.00591061	0.412839	0.043935	0.0186104	0.00155656	0.0145353
35	0.0527266	0.00228594	0.243438	0.26284	0.00213724	0.0170603	0.0129824	0.0130538	0.0531685	0.0132417	0.0121931	0.0473583	0.00235255	0.0782783	0.0651835	0.0459952	0.0532777	0.017999	0.00157326	0.00285403
36	0.0171463	0.00859691	0.00104191	0.00191638	0.0420704	0.00431056	0.00519884	0.194487	0.00399373	0.429246	0.0690068	0.00451779	0.00245196	0.011252	0.00256699	0.00795105	0.0266179	0.15218	0.00126567	0.0141824
37	0.0264085	0.00187399	0.271166	0.418055	0.0055779	0.0213788	0.00926883	0.01004	0.0252522	0.0135651	0.00992438	0.0320978	0.00637104	0.0430875	0.0171572	0.0393931	0.0231545	0.0169457	0.00106303	0.00821881
38	0.0425355	0.00550823	0.0169176	0.0391926	0.00872445	0.0112548	0.0228525	0.0109756	0.325528	0.030282	0.00905331	0.0242975	0.00291842	0.0540057	0.297938	0.0400382	0.0353729	0.0184479	0.00194716	0.00220992
39	0.195627	0.00560785	0.0419691	0.0431757	0.00835525	0.112837	0.038845	0.00876939	0.0729231	0.0158486	0.0066029	0.0797633	0.0157969	0.0621972	0.0215216	0.213424	0.0277268	0.0226496	0.00155496	0.00480378
40	0.0083848	0.0029556	0.00220157	0.024296	0.192289	0.00344873	0.063068	0.00614167	0.00612861	0.0205369	0.0103837	0.0118235	0.00146355	0.00787876	0.00444379	0.0109726	0.00643631	0.0136812	0.008839	0.594626
41	0.289461	0.0228907	0.00210686	0.00764336	0.00254085	0.0647745	0.00276064	0.00493995	0.00476775	0.00563716	0.0178927	0.00421589	0.00182763	0.0125735	0.00345883	0.479108	0.0405407	0.0155071	0.00100508	0.0163478
42	0.114838	0.00941723	0.0259621	0.0426744	0.0028487	0.0302179	0.00977368	0.0129196	0.149443	0.0491531	0.026242	0.0771449	0.00532417	0.087733	0.0785384	0.118001	0.122768	0.0346131	0.000582223	0.00180556
43	0.101018	0.0200716	0.017574	0.0306512	0.00357411	0.0498871	0.0126767	0.0225079	0.118221	0.0622007	0.0467627	0.103574	0.004975	0.0922875	0.0501863	0.118545	0.106638	0.0307733	0.00148491	0.00639179
44	0.0187538	0.0172332	0.00171143	0.00391278	0.0799426	0.00541192	0.00863562	0.108123	0.0073878	0.431989	0.116167	0.00757125	0.00181568	0.0144324	0.00563335	0.0103721	0.0272774	0.104894	0.00344984	0.0252864
45	0.100787	0.0160921	0.0235808	0.045734	0.00224243	0.0327106	0.0188691	0.019779	0.105451	0.0433118	0.0213423	0.0998345	0.00503121	0.0956634	0.0679811	0.139185	0.112861	0.0428424	0.00241371	0.00428758
46	0.0835129	0.00357408	0.146891	0.20778	0.002167	0.0276871	0.0115867	0.019597	0.0607136	0.0215252	0.0169344	0.047388	0.00297176	0.101652	0.050962	0.0696955	0.0915406	0.0312698	0.000657188	0.00189449
47	0.0119553	0.0265843	0.00312409	0.00800846	0.143075	0.009001	0.0260737	0.02895	0.00850367	0.0653051	0.0247604	0.0123088	0.00721602	0.0296318	0.00906121	0.0238254	0.0135253	0.011136	0.398992	0.138963
48	0.286848	0.0230539	0.00209853	0.00819849	0.00256578	0.0603499	0.00259032	0.00640595	0.00494624	0.00644859	0.0170132	0.00395526	0.00204785	0.0115458	0.00380318	0.470123	0.0524461	0.0159225	0.000950666	0.018687
49	0.0387382	0.0064086	0.0220022	0.0445663	0.00514534	0.0119892	0.0236741	0.00673723	0.32635	0.0194365	0.00574183	0.0343986	0.000702349	0.0450111	0.309087	0.0549045	0.027945	0.0136493	0.00271552	0.000797619
50	0.0332876	0.00607358	0.0202055	0.0367359	0.0072878	0.0107543	0.0199994	0.00888562	0.392434	0.0176493	0.00539256	0.031979	0.00213096	0.0394616	0.279191	0.046223	0.0245621	0.0142473	0.0023093	0.0011902
51	0.0105244	0.0333934	0.00276867	0.00584774	0.1485	0.00868538	0.014448	0.0330916	0.00692474	0.0817887	0.025796	0.00889257	0.0098668	0.0241191	0.00846427	0.0264998	0.0145062	0.00866094	0.420679	0.106543
52	0.0385421	0.00650371	0.020495	0.0441439	0.00574995	0.0123193	0.0259671	0.00823215	0.318064	0.0223118	0.00626202	0.0323818	0.000943757	0.0487585	0.308107	0.0511791	0.0296532	0.016232	0.00273562	0.00141838
53	0.101237	0.00841144	0.118009	0.0847743	0.0159761	0.103445	0.0398794	0.0071694	0.047825	0.0281309	0.00234234	0.0818045	0.0273146	0.0466415	0.0131101	0.204614	0.0480047	0.0178871	0.000671659	0.00275197
54	0.0716016	0.0178574	0.00314142	0.0274303	0.0549874	0.00529105	0.0376243	0.103791	0.031624	0.206331	0.045454	0.036052	0.00187665	0.0581664	0.0267047	0.0680562	0.0840888	0.0893613	0.00292769	0.0276327
55	0.0283253	0.00985294	0.00152807	0.00302363	0.0199094	0.00257976	0.0021546	0.393981	0.00353447	0.126064	0.0318742	0.0027819	0.0071196	0.00577651	0.00228245	0.0149423	0.0232815	0.317444	0.000835964	0.00270866
56	0.0123772	0.000439639	0.317245	0.47574	0.00408452	0.018318	0.00561885	0.00692194	0.0141846	0.00901633	0.0070338	0.0291988	0.00398422	0.0301474	0.00741194	0.0292376	0.011881	0.011412	0.000207162	0.00553985
57	0.0387619	0.0064346	0.0219668	0.0445697	0.00513139	0.0120608	0.0237332	0.00681136	0.325551	0.0194384	0.00572636	0.0347454	0.00072537	0.0451218	0.308664	0.055293	0.0279776	0.0137388	0.00274037	0.000808475
58	0.112392	0.00840073	0.0279986	0.0324227	0.00696382	0.0300657	0.0145782	0.0200947	0.0363611	0.0671432	0.016177	0.0633973	0.115586	0.0602542	0.0187318	0.189379	0.113284	0.0573653	0.0018141	0.00759177
59	0.119922	0.00931894	0.0639964	0.108029	0.00740268	0.042358	0.0180649	0.0179959	0.0532	0.072307	0.0354689	0.0522365	0.0449574	0.0764988	0.0242051	0.134426	0.0764253	0.0346432	0.00192968	0.00661477
60	0.0820706	0.00984021	0.0750538	0.193232	0.0315258	0.0236568	0.0317112	0.021904	0.0722159	0.0319537	0.0200154	0.0326307	0.0130685	0.0584545	0.0332348	0.0559828	0.0441751	0.0341833	0.00338163	0.13171
61	0.0975069	0.00905047	0.116123	0.0807521	0.0154548	0.109894	0.0434313	0.00981468	0.047126	0.0284289	0.0043706	0.0844505	0.0244368	0.0460772	0.0159785	0.193201	0.048073	0.019663	0.00112499	0.00504189
62	0.220144	0.0245978	0.00332746	0.00794837	0.00324042	0.0436733	0.00432957	0.00614536	0.00532321	0.00752313	0.014711	0.0131657	0.0102889	0.0117318	0.00378057	0.480546	0.108758	0.0134843	0.00113218	0.0161478
63	0.0339315	0.0202107	0.0017701	0.00352201	0.0442971	0.019758	0.00475287	0.150091	0.00862316	0.296541	0.125777	0.0192829	0.00118209	0.0166378	0.00599164	0.0243166	0.0527169	0.158669	0.00465369	0.00727474
64	0.037835	0.00408495	0.00609386	0.0899016	0.00505899	0.00951712	0.0843995	0.00933994	0.131655	0.040259	0.0559556	0.0189161	0.0342369	0.29303	0.0466036	0.0471711	0.0536164	0.0245597	0.00154115	0.00622447
65	0.0558762	0.00685005	0.0221101	0.046418	0.00464037	0.0169623	0.0209065	0.0077184	0.28448	0.0260083	0.00967903	0.0448426	0.00149978	0.0552712	0.256059	0.0710672	0.0481489	0.0182139	0.00232661	0.000921391
66	0.253587	0.0171873	0.00932245	0.0176106	0.00528162	0.152431	0.00560039	0.025306	0.0180039	0.0198407	0.0304063	0.0185284	0.0261994	0.0133466	0.0181478	0.148704	0.119136	0.0799012	0.0119778	0.00948059
67	0.0098521	0.0343429	0.00246595	0.00510347	0.153896	0.0078281	0.0124007	0.0398014	0.00627522	0.119475	0.0407142	0.00841546	0.0101868	0.022143	0.00716174	0.0242269	0.0140489	0.0154305	0.369837	0.0963947
68	0.0608891	0.0417625	0.00435121	0.00983344	0.00839565	0.0613619	0.0319448	0.0811875	0.154188	0.105472	0.101647	0.0524424	0.00329581	0.0700166	0.0766908	0.023624	0.0665916	0.0143992	0.00438266	0.0275244
69	0.0395353	0.0279582	0.000988615	0.00216993	0.0784543	0.0151355	0.00585143	0.143237	0.00798872	0.237853	0.154916	0.015888	0.00101369	0.0146829	0.00562032	0.0270478	0.0483369	0.156248	0.00561547	0.0114591
70	0.0215334	0.0268685	0.000788584	0.00173845	0.10189	0.00740437	0.00826514	0.105015	0.00347317	0.374533	0.14567	0.00888501	0.00158475	0.0105645	0.00271981	0.0109413	0.0267494	0.111006	0.00454655	0.0258233
71	0.109863	0.00962534	0.0295449	0.0513338	0.00367919	0.0422997	0.00958827	0.01452	0.0928628	0.0479875	0.0270493	0.0843868	0.00952589	0.0879826	0.0417394	0.13855	0.147823	0.0490021	0.000476589	0.00215928
72	0.140959	0.012713	0.0679274	0.111023	0.00735142	0.0480379	0.0183756	0.0208214	0.0597973	0.0306671	0.0184085	0.0565432	0.0146158	0.0579911	0.032876	0.143829	0.10536	0.0440546	0.00125408	0.00739441
73	0.263693	0.018246	0.00402637	0.0128864	0.0030276	0.0410999	0.00537234	0.00788671	0.00611346	0.00957823	0.014312	0.0192787	0.0138048	0.0111454	0.00506412	0.41353	0.116799	0.0182296	0.000856652	0.0150508
74	0.0119413	0.000388184	0.317074	0.480397	0.00415547	0.0183187	0.00544625	0.00682091	0.0137685	0.00898233	0.00688822	0.0283462	0.00403386	0.0295996	0.00657267	0.0289243	0.0113352	0.0111958	0.000172908	0.0056387
75	0.0387143	0.00640869	0.0219789	0.0445257	0.00514152	0.0119778	0.0236925	0.00674617	0.326302	0.019437	0.00573915	0.0343973	0.000712066	0.0449927	0.309236	0.0548734	0.0279596	0.0136472	0.00272021	0.000798163
76	0.0329062	0.00895267	0.00616888	0.01849	0.0154723	0.00803208	0.0161777	0.0905125	0.043565	0.324653	0.0349968	0.0123447	0.00289237	0.0455253	0.0703144	0.0340384	0.0953178	0.121368	0.00178316	0.0164889
77	0.283003	0.0256267	0.00214683	0.00784488	0.00297721	0.0643648	0.00270761	0.00632497	0.00513914	0.00576293	0.0178047	0.00416911	0.00185383	0.0135621	0.00431277	0.476784	0.041688	0.0168146	0.00109881	0.0160137
78	0.057938	0.00216435	0.348044	0.183057	0.00175899	0.0164882	0.00901332	0.00918722	0.0215876	0.0092627	0.0126698	0.0889912	0.00140956	0.0560873	0.0515659	0.0600846	0.0496733	0.0145056	0.00459395	0.00191759
79	0.0135503	0.00862371	0.000883178	0.00159284	0.049238	0.00387283	0.00667708	0.14018	0.00325498	0.504091	0.0781206	0.00416897	0.00131787	0.0122699	0.00237982	0.00450023	0.0251229	0.119719	0.00135526	0.0190809
80	0.0547812	0.0112319	0.0276871	0.0499065	0.0497697	0.0253595	0.130503	0.0245009	0.0841336	0.0405754	0.0255593	0.0581324	0.0126888	0.0834841	0.0657241	0.0733095	0.0424252	0.0376462	0.00747264	0.095109
81	0.12086	0.00688371	0.00533428	0.012823	0.00894603	0.0295955	0.0256721	0.0812635	0.0252016	0.140074	0.0856542	0.0627161	0.00383258	0.104694	0.0111759	0.130512	0.114652	0.0201291	0.0024201	0.00756043
82	0.0634716	0.00192821	0.199552	0.269963	0.00134976	0.0193395	0.00960281	0.0145109	0.0534382	0.0147114	0.0119127	0.0437643	0.00186238	0.0994565	0.0561132	0.0514394	0.0644852	0.0201619	0.000825902	0.00211139
83	0.0347222	0.0150481	0.00154113	0.00375234	0.0259501	0.00437993	0.00246584	0.363392	0.00489055	0.11906	0.0676373	0.00514441	0.00611997	0.00930204	0.00312102	0.0173151	0.0331375	0.277855	0.00165497	0.00351102
84	0.0386392	0.00641492	0.0218855	0.0443203	0.00520196	0.0119245	0.023646	0.00680476	0.326903	0.019635	0.00577247	0.0340185	0.000710535	0.0450803	0.309463	0.0544551	0.0279263	0.0136778	0.00269462	0.000827016
85	0.0462767	0.0360607	0.0276379	0.0638455	0.00181157	0.0262499	0.059253	0.0386998	0.0745164	0.0221069	0.00412464	0.124809	0.00151995	0.105539	0.125267	0.127968	0.0408142	0.0485441	0.0104577	0.0144977
86	0.0174728	0.01056	0.00126115	0.00257511	0.0477619	0.00559069	0.00571489	0.172069	0.00442574	0.433526	0.0835689	0.00584316	0.00191176	0.012092	0.0032398	0.0093885	0.0295594	0.136193	0.0015925	0.0156541
87	0.0476385	0.0279523	0.00121674	0.00268446	0.0435795	0.0173676	0.00428376	0.160841	0.0118806	0.177647	0.152525	0.0211744	0.000833205	0.0203479	0.00760647	0.03488	0.0631982	0.192885	0.0067328	0.00472655
88	0.101237	0.00841144	0.118009	0.0847743	0.0159761	0.103445	0.0398794	0.0071694	0.047825	0.0281309	0.00234234	0.0818045	0.0273146	0.0466415	0.0131101	0.204614	0.0480047	0.0178871	0.000671659	0.00275197
89	0.0158323	0.000524711	0.295612	0.474645	0.00401842	0.0174261	0.0056895	0.0075481	0.0197563	0.0108488	0.00800957	0.0266695	0.0041772	0.0365131	0.0115457	0.0274572	0.0131965	0.0152105	0.000230658	0.00508914
90	0.0650434	0.0098315	0.0232233	0.0526004	0.00384593	0.0203285	0.0217087	0.0110307	0.23591	0.0310283	0.0130287	0.061097	0.0023607	0.0697863	0.197539	0.0887073	0.0644443	0.0244544	0.00232035	0.00171071
91	0.0282795	0.00977996	0.00156583	0.00340659	0.0197013	0.00249097	0.00216133	0.395264	0.00348733	0.122911	0.0319331	0.00272211	0.00708493	0.00595493	0.0022579	0.0150814	0.0243147	0.318072	0.000831691	0.00269954
92	0.0379935	0.00610177	0.019757	0.0409353	0.00652119	0.011596	0.0229271	0.0083368	0.339147	0.021041	0.00635934	0.0313976	0.00163242	0.0461561	0.303112	0.0488411	0.0294403	0.0150305	0.00242386	0.00124952
93	0.118658	0.0103871	0.0350705	0.0497431	0.0043289	0.0419137	0.0139625	0.0140853	0.0988399	0.0473485	0.0241971	0.0864815	0.00817925	0.0868361	0.0424371	0.143834	0.129378	0.0417394	0.000513307	0.00206629
94	0.00911707	0.0285872	0.00275087	0.00786801	0.15388	0.00721437	0.0205818	0.0288749	0.00628672	0.0694396	0.0227952	0.00934715	0.0081199	0.0224127	0.0077384	0.0231445	0.0125091	0.00904804	0.385831	0.164453
95	0.0352338	0.005832	0.0149155	0.0359658	0.0121787	0.0100972	0.0272373	0.0128938	0.315305	0.0295476	0.0086763	0.0215339	0.00488758	0.0612839	0.308474	0.0356676	0.0346959	0.0202823	0.00192608	0.00336613
96	0.0388301	0.00692782	0.0224499	0.04492	0.00497048	0.0128788	0.0249896	0.00761758	0.319488	0.0194257	0.00558767	0.0370183	0.000788244	0.0468251	0.303088	0.0576908	0.0279907	0.0145949	0.00286079	0.00105755
97	0.0119413	0.000388184	0.317074	0.480397	0.00415547	0.0183187	0.00544625	0.00682091	0.0137685	0.00898233	0.00688822	0.0283462	0.00403386	0.0295996	0.00657267	0.0289243	0.0113352	0.0111958	0.000172908	0.0056387
98	0.163975	0.00421136	0.00792413	0.0076955	0.00332533	0.00420659	0.03645	0.00772519	0.00698641	0.0131035	0.0176807	0.122691	0.0385559	0.0133013	0.00486345	0.298799	0.231151	0.00879161	0.00107364	0.00748981
99	0.00563273	0.00201116	0.00149775	0.0238043	0.201535	0.00236559	0.0627025	0.00363052	0.00372181	0.0166143	0.00882734	0.00833701	0.00124234	0.00616669	0.00261659	0.00793034	0.00480621	0.0118779	0.00305706	0.621622
100	0.0739618	0.00847296	0.045381	0.0594525	0.00943275	0.0629683	0.0820806	0.0121844	0.0784788	0.0296798	0.0206123	0.0689828	0.0374171	0.148827	0.0368801	0.117733	0.0729517	0.0257632	0.00138908	0.00735069
101	0.0271684	0.00965786	0.0132305	0.034275	0.0120287	0.00798449	0.027347	0.0159646	0.260917	0.0266649	0.0138227	0.0165821	0.0740612	0.0524986	0.28088	0.0293861	0.0477971	0.0376932	0.00149995	0.0105406
102	0.0909433	0.00904659	0.0165736	0.029617	0.00483373	0.0256293	0.0108721	0.0187457	0.108336	0.0560274	0.0261011	0.0634093	0.00649525	0.11208	0.0337039	0.173186	0.172167	0.034386	0.00135619	0.00649038
103	0.0399985	0.025649	0.000964464	0.00236807	0.0695456	0.0159075	0.00543734	0.160549	0.00849409	0.233627	0.145237	0.0166911	0.00105587	0.0157095	0.00598206	0.0281734	0.0512658	0.15846	0.00511474	0.00977013
104	0.0322039	0.0283307	0.000838733	0.00198376	0.0888648	0.0138469	0.00588113	0.139171	0.00639461	0.271329	0.155386	0.0138254	0.00125803	0.0134798	0.00453855	0.0216938	0.0400757	0.139911	0.0051937	0.0157928
105	0.018822	0.0446879	0.0044426	0.00944082	0.163673	0.00984214	0.0109417	0.095996	0.0122494	0.171962	0.0337775	0.0126613	0.0387078	0.0239855	0.0108264	0.0582301	0.0361947	0.0237676	0.124418	0.0953727
106	0.0315057	0.00616057	0.0182416	0.0339887	0.00827884	0.00991056	0.019858	0.0104822	0.402344	0.0177119	0.00575587	0.0298018	0.00378081	0.0396158	0.277788	0.0414845	0.0246125	0.0148181	0.00214389	0.00171665
107	0.0536724	0.00351639	0.0638173	0.178116	0.0065536	0.0181516	0.0484499	0.013913	0.0670516	0.0327457	0.0319795	0.0247952	0.0733143	0.215999	0.0361591	0.044703	0.0525092	0.0247905	0.00187367	0.00788844
108	0.206777	0.043245	0.00759436	0.0188776	0.00741688	0.0277862	0.00410009	0.0505298	0.0510611	0.0359037	0.0180792	0.0241487	0.00366174	0.0274308	0.0467896	0.181705	0.146912	0.0847477	0.00118275	0.0120516
109	0.0492239	0.0196923	0.00884327	0.02216	0.0335109	0.0128744	0.0430913	0.0267341	0.246187	0.0401111	0.0258141	0.0145674	0.00992027	0.0647037	0.265566	0.0246539	0.0294224	0.0301673	0.00200721	0.03075
110	0.0339721	0.000715534	0.269484	0.395903	0.00278776	0.0162265	0.00642568	0.00900395	0.0284594	0.0125939	0.0090456	0.0332449	0.00320668	0.0599508	0.0247405	0.0384092	0.0360236	0.0152635	0.000505999	0.00403731
111	0.0531222	0.0257311	0.00156379	0.0071218	0.0714072	0.0123288	0.012202	0.150729	0.0129638	0.224756	0.115162	0.02251	0.00114756	0.0231244	0.0139319	0.0331998	0.0646802	0.136721	0.0043775	0.0132202
112	0.0119519	0.000388503	0.317019	0.48047	0.00414993	0.0183031	0.00541195	0.00682901	0.0138399	0.00899002	0.00687527	0.0282475	0.0040308	0.0296839	0.00660471	0.0288253	0.0113222	0.0112424	0.000172186	0.00564314
113	0.0120604	0.000390432	0.316879	0.479932	0.00414899	0.0182547	0.00544394	0.00684518	0.0138732	0.00901386	0.00691159	0.0283351	0.00404587	0.0297773	0.00666024	0.0289813	0.0114265	0.0111979	0.000172956	0.00565016
114	0.101108	0.00855052	0.117591	0.0847622	0.0158477	0.103797	0.0406809	0.00724108	0.0477348	0.0283824	0.00237284	0.0815699	0.0271184	0.0468434	0.0131455	0.204041	0.0478395	0.0177429	0.000666881	0.00296344
115	0.0228041	0.0213951	0.00315353	0.0136991	0.185061	0.00858304	0.0398522	0.055956	0.0145748	0.170244	0.0478316	0.0246039	0.0108445	0.038251	0.010704	0.0315524	0.0235834	0.0410648	0.0670946	0.169147
116	0.0430569	0.00667889	0.023291	0.046304	0.00545927	0.0134611	0.0234693	0.00723674	0.315946	0.0206207	0.00671629	0.0356529	0.000993016	0.0469719	0.296435	0.0585732	0.0310553	0.0145954	0.00260582	0.000877075
117	0.034306	0.00584784	0.0164889	0.0364523	0.00834373	0.0102895	0.0235361	0.0121045	0.344074	0.0227305	0.00718453	0.0247331	0.00175463	0.0486736	0.31349	0.040397	0.0284642	0.0171682	0.00206429	0.00189716
118	0.261217	0.032172	0.00815101	0.0201979	0.00922436	0.0719415	0.00514069	0.0653572	0.0234768	0.0360827	0.0269338	0.0197633	0.018206	0.0186219	0.0234839	0.123605	0.117308	0.100597	0.00365609	0.0148648
119	0.0864426	0.00653377	0.0778777	0.143044	0.00750202	0.0271882	0.035667	0.0176711	0.0819964	0.0293923	0.0238581	0.0426886	0.0163869	0.162766	0.0603912	0.0708343	0.0673955	0.0326089	0.00267587	0.00707968
120	0.0383988	0.00639782	0.0234845	0.0459197	0.00573779	0.0120704	0.0237251	0.0080061	0.324686	0.0208229	0.00621367	0.0332611	0.00156515	0.0463961	0.302523	0.0527727	0.0290021	0.0150242	0.00260649	0.00138592
121	0.0586628	0.00405155	0.00490209	0.0576562	0.00595991	0.0154595	0.0788894	0.0165792	0.0791641	0.0329247	0.0475354	0.0256954	0.102635	0.260449	0.0414836	0.0572027	0.0735333	0.0283718	0.00165515	0.00718948
122	0.0119959	0.0333933	0.00293569	0.00615641	0.146629	0.00871894	0.0136718	0.0409556	0.00897568	0.0933369	0.0296003	0.00950463	0.0106232	0.0253683	0.00944611	0.0272848	0.0164483	0.0129894	0.400291	0.0916753
123	0.224351	0.0462211	0.00807839	0.0237387	0.0077824	0.0393496	0.00495503	0.0453547	0.0461571	0.0279267	0.0180778	0.0258886	0.00364019	0.0265924	0.0493564	0.179922	0.12476	0.0851091	0.00206718	0.0106719
124	0.0376467	0.00680261	0.0200514	0.0414548	0.00671497	0.0121484	0.0231559	0.00936047	0.330264	0.0215625	0.00680125	0.0345488	0.00457985	0.0478396	0.293184	0.0511005	0.0324555	0.016115	0.00257088	0.00164342
125	0.0291147	0.00994123	0.00586967	0.0156022	0.0464953	0.00842146	0.0539751	0.0419103	0.241415	0.0711362	0.0175566	0.00984212	0.00638437	0.0763965	0.254024	0.0170168	0.0287795	0.0405356	0.00188941	0.0236935
126	0.0156637	0.0208017	0.000744876	0.0014126	0.106272	0.00386364	0.0091287	0.100395	0.00182624	0.427845	0.132571	0.00450406	0.00178598	0.00958399	0.00157656	0.00523467	0.0210165	0.100895	0.00354881	0.0313298
127	0.127732	0.00970287	0.025545	0.0466055	0.00239126	0.0340903	0.00728366	0.0132214	0.121105	0.0518898	0.0310611	0.084601	0.00582842	0.089739	0.047744	0.126308	0.136704	0.0363946	0.000317901	0.00173496
128	0.0382895	0.00630641	0.0222259	0.0442529	0.00558359	0.0119777	0.0225424	0.00736936	0.340283	0.0199201	0.00602452	0.0335557	0.00108943	0.0452075	0.297484	0.0523069	0.0279639	0.0141695	0.00251345	0.000933864
129	0.0533368	0.0288499	0.00162842	0.00435012	0.0635125	0.0113499	0.0173906	0.102696	0.0116536	0.244647	0.134167	0.0132864	0.00169371	0.0158453	0.0105217	0.0208459	0.0453618	0.191394	0.0115443	0.0159248
130	0.0175233	0.000602905	0.289409	0.460213	0.00371569	0.0169419	0.00786906	0.00890706	0.0180951	0.0116717	0.0119642	0.0292568	0.00374823	0.0403424	0.0119157	0.0291984	0.0174144	0.0160618	0.0003119	0.00483678
131	0.2026	0.00699513	0.0487325	0.0289802	0.00446052	0.0347172	0.00701888	0.012446	0.188842	0.0309134	0.030958	0.0393101	0.00551157	0.0566849	0.0503957	0.09149	0.117889	0.0366225	0.0014629	0.0039685
132	0.295104	0.0704654	0.00180954	0.0067185	0.00453434	0.0309004	0.00217867	0.0496727	0.0220995	0.0422	0.0226021	0.00618014	0.00169348	0.00601415	0.0156358	0.147734	0.17551	0.0646779	0.0025133	0.0317565
133	0.0340314	0.00714813	0.0167521	0.0356381	0.00876521	0.0100885	0.022833	0.0111416	0.360948	0.0211923	0.00701773	0.0263554	0.00123722	0.0451297	0.304645	0.0404001	0.0266035	0.0159197	0.0019558	0.00219738
134	0.128108	0.00957879	0.0250062	0.0401606	0.00279974	0.0350676	0.00803009	0.014464	0.126044	0.0509187	0.0275714	0.081239	0.00770819	0.0893852	0.0457431	0.132974	0.134185	0.0386604	0.000344669	0.00201034
135	0.174356	0.00763872	0.0476314	0.0747886	0.00653427	0.0646036	0.0137768	0.0191302	0.0660665	0.0351382	0.0176851	0.0657266	0.00988715	0.0525947	0.0263873	0.146978	0.120198	0.0464739	0.000739382	0.00366537
136	0.00563273	0.00201116	0.00149775	0.0238043	0.201535	0.00236559	0.0627025	0.00363052	0.00372181	0.0166143	0.00882734	0.00833701	0.00124234	0.00616669	0.00261659	0.00793034	0.00480621	0.0118779	0.00305706	0.621622
137	0.00968298	0.00269238	0.00161784	0.0266343	0.187066	0.00321757	0.0889926	0.00608374	0.00899717	0.020864	0.0151042	0.0257691	0.00134369	0.0101946	0.00332673	0.0158591	0.00615276	0.0143925	0.00602776	0.545981
138	0.127052	0.00826048	0.0175469	0.0293196	0.00225633	0.0349295	0.00816114	0.0211449	0.0998193	0.0704005	0.0355351	0.0889093	0.00527521	0.0950504	0.0355416	0.145093	0.143467	0.0295059	0.0004326	0.00229887
139	0.260052	0.0306238	0.00641706	0.0332654	0.00727889	0.0335075	0.00475036	0.0526831	0.0204122	0.0261927	0.0178934	0.0314256	0.00887538	0.0174396	0.0215201	0.13768	0.136161	0.124695	0.0026015	0.0265255
140	0.210674	0.117397	0.00273763	0.0117728	0.0108272	0.0252307	0.00357229	0.0648945	0.0221029	0.0238495	0.0195821	0.00943339	0.00264872	0.0148069	0.0542058	0.178936	0.104889	0.1047	0.0052742	0.0124666
141	0.0358699	0.00536652	0.0166325	0.0388087	0.00832919	0.0105888	0.0247861	0.0105499	0.328843	0.024723	0.00747212	0.024616	0.00204411	0.0516663	0.316618	0.040439	0.031172	0.017264	0.00220316	0.00200735
142	0.130514	0.00954963	0.0258868	0.0465759	0.00237856	0.0347841	0.00724217	0.0132124	0.120228	0.051474	0.0311673	0.0840021	0.00583508	0.0887746	0.0477033	0.125692	0.136573	0.0363632	0.000317137	0.00172607
143	0.0874302	0.0255386	0.030382	0.0757036	0.00796937	0.0333224	0.0202295	0.0265169	0.104849	0.0592478	0.0261904	0.0836535	0.00839164	0.0782666	0.059145	0.111122	0.108597	0.0429583	0.00265834	0.00782813
144	0.0380168	0.00610343	0.0214751	0.0442249	0.00531816	0.0118575	0.0243081	0.00711651	0.325363	0.0199177	0.00583115	0.0334101	0.000826961	0.0457247	0.310844	0.0533019	0.0283653	0.0142218	0.00287073	0.000902314
145	0.0340381	0.0415399	0.0124225	0.0459418	0.00713754	0.0159534	0.058192	0.0900846	0.0269387	0.0264615	0.0141567	0.156927	0.00511881	0.086824	0.0306859	0.179162	0.123868	0.0301397	0.00455326	0.00985404
146	0.295409	0.0548804	0.00390523	0.0105523	0.00479664	0.0732529	0.00291825	0.0532366	0.0264178	0.0358511	0.0200058	0.00986042	0.00526348	0.00749483	0.0197858	0.145643	0.131974	0.0685155	0.00342825	0.0268086
147	0.0957467	0.0191679	0.0232855	0.0477525	0.00230226	0.0324747	0.0213093	0.0205664	0.102881	0.0424706	0.020226	0.10459	0.0044991	0.0967451	0.0739037	0.135542	0.104621	0.0442286	0.0031829	0.00450422
148	0.277365	0.00833497	0.0271198	0.0393499	0.00417083	0.128614	0.00867787	0.0244315	0.0412557	0.0290065	0.0226742	0.0428172	0.0109109	0.0236584	0.0237651	0.149165	0.092948	0.0363075	0.00352187	0.00590538
149	0.0308192	0.00167048	0.405613	0.286509	0.00310817	0.0180638	0.00681876	0.00710093	0.00979499	0.00706143	0.0087472	0.0745206	0.00268721	0.029046	0.0256791	0.0428515	0.0214276	0.0109009	0.00391427	0.00366571
150	0.170234	0.00350969	0.00968348	0.00555318	0.00218099	0.00292827	0.0164515	0.00427221	0.00439924	0.0155259	0.00924743	0.0806551	0.0643029	0.0142867	0.00315609	0.303367	0.272932	0.00757985	0.000993766	0.00874077
151	0.0482508	0.0265849	0.00112671	0.00307734	0.0431124	0.0169014	0.0043039	0.164339	0.0121738	0.172483	0.151712	0.0207504	0.000817028	0.0209803	0.00761289	0.0346647	0.0660443	0.193824	0.006245	0.00499493
152	0.170453	0.00349083	0.00964977	0.00555306	0.00219128	0.00291605	0.016801	0.00422605	0.00438069	0.0153832	0.00924264	0.0809325	0.0639087	0.0140346	0.00312795	0.303763	0.272701	0.00751243	0.00100676	0.00872546
153	0.132267	0.00417358	0.00440864	0.0462433	0.00788123	0.0264416	0.0148833	0.0411935	0.00708388	0.0736218	0.0230781	0.0332181	0.309739	0.114492	0.00636342	0.0284873	0.0696768	0.0364333	0.00174814	0.0185662
154	0.0120111	0.000395523	0.317284	0.479836	0.0041548	0.0183046	0.00540473	0.00691971	0.0138177	0.00898035	0.00686696	0.0283195	0.00402602	0.0296494	0.00660052	0.0288335	0.0114374	0.0113425	0.00017886	0.00563675
155	0.0938809	0.00410268	0.0462195	0.130992	0.00303207	0.018541	0.0371836	0.0112646	0.118147	0.0252071	0.0356499	0.0344868	0.00930964	0.201895	0.0604011	0.052372	0.086368	0.0271229	0.000867588	0.00295691
156	0.0375976	0.00641023	0.0206577	0.0434242	0.00575869	0.0118351	0.0238905	0.00788805	0.324969	0.021209	0.00637733	0.0317936	0.00267838	0.0471731	0.308968	0.0509413	0.0292464	0.0153621	0.00256297	0.00125632
157	0.0156616	0.0206328	0.000749138	0.00145617	0.106055	0.00371902	0.00927882	0.100645	0.0018205	0.429477	0.131647	0.00440694	0.00177834	0.00957507	0.00157071	0.00513292	0.020845	0.100544	0.00352645	0.0314788
158	0.0451931	0.00261054	0.00298383	0.0647959	0.00322802	0.00852342	0.102895	0.00630909	0.104652	0.017252	0.0386584	0.0228443	0.0139133	0.334294	0.0775451	0.0432638	0.0750201	0.0315879	0.000894315	0.00353598
159	0.0119413	0.000388184	0.317074	0.480397	0.00415547	0.0183187	0.00544625	0.00682091	0.0137685	0.00898233	0.00688822	0.0283462	0.00403386	0.0295996	0.00657267	0.0289243	0.0113352	0.0111958	0.000172908	0.0056387
160	0.0396438	0.00585915	0.0197202	0.0428691	0.00749147	0.0116367	0.0234584	0.00888571	0.322533	0.0268423	0.00735863	0.027046	0.0027486	0.049252	0.307701	0.0455169	0.0302945	0.0171196	0.00228083	0.0017425
161	0.0803351	0.0231504	0.00315159	0.0138715	0.0396756	0.00582838	0.0409055	0.0691052	0.0290297	0.264106	0.0471533	0.0182877	0.00228112	0.0292038	0.0366275	0.0328962	0.0793904	0.15624	0.00469416	0.0240671
162	0.0252699	0.000571069	0.272783	0.453368	0.00356708	0.0189808	0.00569641	0.0087831	0.0203861	0.0115588	0.0101538	0.0274286	0.00639988	0.0482439	0.0149915	0.0338127	0.0182482	0.0132478	0.000311232	0.00619771
163	0.0363305	0.00538869	0.0154561	0.0349306	0.0099892	0.0109152	0.0223988	0.0117014	0.357647	0.0286055	0.00792158	0.0214502	0.00188438	0.0503082	0.297997	0.0346262	0.0289072	0.0193199	0.00179799	0.00242395
164	0.279875	0.0819823	0.00176412	0.00702319	0.00570061	0.0285783	0.00221635	0.0561217	0.0248759	0.0433954	0.0192211	0.0061667	0.0017035	0.00715063	0.023042	0.153527	0.153958	0.0755472	0.00248729	0.025664
165	0.03681	0.00545739	0.0156357	0.0370131	0.00878123	0.0104631	0.0249139	0.0123816	0.330058	0.0258189	0.00906754	0.023516	0.00338714	0.055817	0.308799	0.0373708	0.0316788	0.0184501	0.00196649	0.00261419
166	0.292825	0.0708748	0.00186581	0.00697482	0.0044817	0.0310151	0.00217449	0.0504551	0.0215354	0.0416878	0.022918	0.0063064	0.00182021	0.006115	0.0155889	0.14311	0.179139	0.0654121	0.00264233	0.033058
167	0.0350761	0.00527012	0.0151824	0.0369002	0.00902032	0.010316	0.025224	0.0119614	0.333853	0.0257462	0.00785932	0.0223181	0.00151255	0.0536672	0.316134	0.036827	0.0308951	0.0179498	0.00202991	0.00225654
168	0.0164763	0.000506567	0.294098	0.47407	0.00406854	0.0177207	0.00562178	0.00765219	0.0197251	0.0105413	0.00782193	0.0270642	0.00425233	0.0376109	0.0117357	0.0275714	0.0132323	0.0148543	0.000222205	0.00515428
169	0.038021	0.00567713	0.0192651	0.0417852	0.00725417	0.0118832	0.0243284	0.00917625	0.323354	0.0254629	0.00725382	0.0270339	0.00145192	0.0503676	0.31121	0.0455167	0.0297694	0.0172827	0.00233261	0.00157422
170	0.025951	0.0087741	0.00519409	0.0188552	0.121909	0.00970739	0.0841999	0.0256241	0.0293813	0.0824388	0.0269705	0.0670574	0.00445326	0.0312787	0.0196859	0.0372504	0.0226594	0.0303173	0.0187126	0.32958
171	0.0619014	0.0031527	0.179834	0.255405	0.00158527	0.0186684	0.0113092	0.0148841	0.0671488	0.0162578	0.0118943	0.0457819	0.00199955	0.101703	0.0666409	0.0542904	0.0631246	0.02104	0.00110221	0.00227669
172	0.118974	0.0111897	0.0258998	0.0431503	0.00280528	0.0325972	0.00911298	0.0165643	0.11844	0.0525481	0.0287393	0.0827225	0.00620142	0.0931378	0.0493298	0.130849	0.133729	0.0412407	0.000512636	0.00225651
173	0.240236	0.0635048	0.00199897	0.0105201	0.0134718	0.0291409	0.00253833	0.069308	0.0233895	0.0241276	0.0209787	0.00813582	0.00213476	0.0137904	0.0469167	0.18631	0.124425	0.101933	0.00290864	0.0142309
174	0.0185477	0.00829302	0.0012748	0.00312311	0.0338559	0.0055153	0.00498559	0.191224	0.00491168	0.421973	0.0649548	0.00521708	0.00251059	0.0143706	0.00338712	0.00947312	0.0294018	0.163511	0.00136772	0.0121017
175	0.0635671	0.00190187	0.197967	0.272497	0.00123035	0.0179987	0.0093848	0.01466	0.055414	0.0142951	0.0116795	0.0430829	0.00186032	0.101939	0.0567482	0.0502428	0.0633313	0.0190847	0.000864744	0.00225118
176	0.0120655	0.000379314	0.316221	0.480489	0.00414425	0.018337	0.00544754	0.00685904	0.0140103	0.00904488	0.00688547	0.028305	0.00411745	0.0297398	0.00672102	0.0288132	0.0113001	0.0113511	0.000172907	0.00559586
177	0.012542	0.00760402	0.000945219	0.00171224	0.0454271	0.00374168	0.00603564	0.145331	0.00328997	0.51413	0.0730662	0.00384146	0.00152828	0.0117188	0.00235683	0.00438703	0.0247603	0.118805	0.00116744	0.0176103
178	0.0176744	0.00211795	0.163532	0.0202572	0.00886542	0.0601144	0.0120784	0.0104563	0.0439362	0.00485229	0.00584101	0.347309	0.00231483	0.0265445	0.0134994	0.164581	0.0798687	0.00533347	0.00112575	0.00969744
179	0.104746	0.0115808	0.02206	0.0403321	0.00255392	0.0300825	0.0116929	0.0151088	0.133438	0.0460964	0.0241719	0.091467	0.00560689	0.0896786	0.0756488	0.128152	0.124075	0.0392019	0.00112492	0.00318127
180	0.113993	0.00774095	0.102893	0.0729067	0.0139477	0.104555	0.0389783	0.00755909	0.0524942	0.025604	0.00337578	0.0863087	0.0316702	0.0535584	0.0157836	0.201356	0.0447055	0.0178755	0.000926975	0.0037668
181	0.0379175	0.0114616	0.0125659	0.0336411	0.00691893	0.00891862	0.0140512	0.0291341	0.168445	0.0215126	0.0187677	0.0298665	0.154382	0.0709114	0.205031	0.0584101	0.040112	0.0635506	0.00201932	0.0123829
182	0.00678134	0.00352429	0.00204577	0.0230151	0.194923	0.00341142	0.0615654	0.00549419	0.00570648	0.0205373	0.0105776	0.0108626	0.0019254	0.00789875	0.0038148	0.0111865	0.00677344	0.0125866	0.00786155	0.599508
183	0.0569565	0.0129572	0.00312694	0.018192	0.0399142	0.00688901	0.00436296	0.266184	0.00944069	0.0596301	0.126421	0.00809485	0.00274554	0.0291657	0.00636856	0.0304125	0.116848	0.189734	0.00333395	0.00922168
184	0.0849624	0.00915814	0.0470658	0.0859614	0.0045889	0.0291063	0.0189315	0.0128935	0.168429	0.0361414	0.015104	0.0647283	0.00619618	0.0703908	0.140356	0.099507	0.0732109	0.028008	0.00180211	0.00345837
185	0.0945713	0.0086619	0.136737	0.0916881	0.0148097	0.0981048	0.0381956	0.00693999	0.0447273	0.0259913	0.0028521	0.0876075	0.0253778	0.0448866	0.0149743	0.196905	0.0464041	0.0167286	0.000922965	0.00291434
186	0.0769929	0.0219919	0.00672903	0.0167467	0.0370799	0.0182767	0.00951131	0.133387	0.020368	0.114328	0.13165	0.0197055	0.00502606	0.0296575	0.0144601	0.0540815	0.110813	0.161248	0.00574117	0.0122059
187	0.112327	0.00842607	0.0867662	0.0743908	0.0115992	0.0792578	0.0286213	0.00904224	0.0679448	0.0333709	0.0104624	0.0824965	0.0208553	0.0602381	0.0232692	0.182762	0.0795196	0.0260342	0.000547114	0.0020688
188	0.116833	0.0100764	0.0629724	0.0711931	0.0102607	0.0650057	0.0240739	0.0116973	0.074268	0.0370033	0.0146705	0.0797688	0.014454	0.0703911	0.0292336	0.165079	0.102374	0.0381522	0.000413611	0.00207968
189	0.121406	0.0107771	0.0108005	0.0681391	0.0139351	0.01802	0.0132541	0.101638	0.0254465	0.0359314	0.0314777	0.0218422	0.0206268	0.0913935	0.0200444	0.0497343	0.0973281	0.23146	0.00315791	0.0135877
190	0.00918552	0.00802498	0.00183295	0.020497	0.19919	0.00409478	0.0596073	0.014294	0.00680911	0.0402141	0.0157427	0.0153978	0.00374772	0.0104397	0.00398177	0.01508	0.00865099	0.0162901	0.0482901	0.498629
191	0.0158008	0.000512907	0.295193	0.476032	0.0042028	0.017572	0.00560083	0.00775708	0.0191789	0.0103518	0.0077953	0.0273275	0.00422133	0.0368859	0.0112494	0.0272779	0.0127499	0.0149112	0.000221802	0.00515746
192	0.0382697	0.00626303	0.0173233	0.0415732	0.00877856	0.0135153	0.0255702	0.0131705	0.31364	0.0306818	0.0113786	0.0238415	0.00227441	0.0558154	0.299974	0.0415625	0.0299358	0.0210877	0.00210794	0.00323562
193	0.132679	0.209352	0.00649309	0.011427	0.00819146	0.0508363	0.00821606	0.026825	0.0150846	0.0214901	0.0438948	0.0123153	0.00777774	0.0149647	0.0175782	0.123848	0.149106	0.0642835	0.0646759	0.0109599
194	0.0427122	0.0181764	0.00980657	0.0309538	0.0636266	0.0182073	0.0365899	0.0519642	0.0462226	0.161608	0.0481773	0.0352537	0.0172523	0.115549	0.0345271	0.045053	0.0485984	0.0501662	0.0328745	0.0926817
