357	20
1	0.0577536	0.0159542	0.136184	0.106269	0.00593278	0.183453	0.0222749	0.0271521	0.0504918	0.0278488	0.019677	0.0506817	0.00344082	0.0533372	0.0592214	0.0746408	0.0364294	0.0315532	0.0179472	0.0197578
2	0.0130617	0.00163361	0.0020998	0.00266577	0.0312803	0.00580587	0.000884281	0.387893	0.00330794	0.155736	0.045065	0.00415555	0.00426179	0.00147438	0.00316043	0.00758821	0.0242274	0.301707	0.00227506	0.00171752
3	0.00921123	0.0110885	0.044335	0.197846	0.0132053	0.0318725	0.0368167	0.0141441	0.0976166	0.0470125	0.00495559	0.0632306	0.00361327	0.195488	0.0971524	0.0394812	0.0448038	0.0169085	0.00695025	0.0242671
4	0.0275887	0.0024089	0.0501902	0.194366	0.000908394	0.0234047	0.0174572	0.0167733	0.271999	0.0158987	0.0128152	0.0593888	0.000496092	0.0752901	0.0944855	0.0365909	0.0682829	0.0219821	0.00230167	0.00737144
5	0.0278622	0.0506155	0.0192387	0.0393209	0.089685	0.0167842	0.0354479	0.0299114	0.0304524	0.090861	0.0183521	0.0335521	0.0149523	0.0781691	0.0699542	0.101125	0.0326084	0.0274841	0.106206	0.0874173
6	0.00276357	0.00822298	0.000578503	0.00100258	0.0579525	0.000696697	0.0011652	0.0317164	0.00177345	0.785957	0.0450852	0.000962301	0.000523996	0.00490037	0.00323024	0.0126021	0.0026564	0.0260603	0.0110801	0.0010698
7	0.0272006	0.00235807	0.0552296	0.202937	0.00110929	0.0280973	0.0169606	0.0160942	0.266237	0.0149595	0.0123422	0.0603419	0.00090184	0.0720306	0.0884346	0.0371921	0.0674437	0.0209706	0.00213601	0.00702364
8	0.246624	0.0249837	0.00435195	0.00836728	0.00872049	0.0361747	0.00614477	0.0878202	0.0197598	0.0233612	0.0232975	0.0239787	0.011846	0.0215144	0.016577	0.0959212	0.212491	0.117595	0.00558569	0.00488523
9	0.0169456	0.0213731	0.00123078	0.00875771	0.209423	0.00172905	0.00202166	0.124793	0.00282729	0.327671	0.0867249	0.00478701	0.00631855	0.00898267	0.00291795	0.0114202	0.0401046	0.10135	0.00489255	0.0157297
10	0.0230617	0.00174841	0.152373	0.299635	0.00348047	0.0389376	0.0140038	0.010513	0.15873	0.00510174	0.011514	0.100026	0.00608535	0.0481128	0.0319879	0.036088	0.0313991	0.0167769	0.000799834	0.00962574
11	0.027948	0.00159218	0.143339	0.338562	0.00381572	0.0479972	0.0158354	0.0103926	0.160464	0.00426747	0.00942629	0.0591941	0.00677212	0.0545999	0.0347501	0.0278134	0.0280668	0.018726	0.000612593	0.00582475
12	0.00921578	0.000998329	0.00195364	0.00199675	0.0337273	0.00466935	0.000714539	0.427983	0.00184765	0.166346	0.0378905	0.0041921	0.00369927	0.00138896	0.00181282	0.00718472	0.017938	0.272302	0.00209086	0.00204795
13	0.0153355	0.00504426	0.00137294	0.00204836	0.0329543	0.00707844	0.00392907	0.293219	0.0230265	0.177351	0.168532	0.00272408	0.00276426	0.00590417	0.016929	0.0150693	0.0374033	0.174621	0.0106749	0.00401753
14	0.0253005	0.00199131	0.147666	0.352921	0.00390561	0.0442948	0.0144838	0.0105703	0.1567	0.00380335	0.00971318	0.0601646	0.00712113	0.0509802	0.0321496	0.0271128	0.0260596	0.0186479	0.000532288	0.00588197
15	0.293052	0.016478	0.0520328	0.0704808	0.0151699	0.0175779	0.00943555	0.0536525	0.0223021	0.0516504	0.00853042	0.0470663	0.00641813	0.0108339	0.0120137	0.0657086	0.0663679	0.170638	0.00340635	0.00718438
16	0.00622158	0.0083345	0.000875351	0.00188186	0.0624982	0.00186373	0.00158995	0.0757578	0.00430483	0.661639	0.0676006	0.00175997	0.00173329	0.00587327	0.00477484	0.0129732	0.0116683	0.0559074	0.0100079	0.0027344
17	0.0172359	0.00418662	0.0276001	0.10688	0.00101303	0.0211997	0.014367	0.0193434	0.313823	0.0127085	0.0128945	0.0444417	0.0023259	0.0778403	0.199238	0.0474923	0.0535307	0.0156481	0.0031142	0.00511662
18	0.0290728	0.00825696	0.00144858	0.00443256	0.025983	0.0111221	0.00521494	0.232069	0.0317845	0.138658	0.211623	0.00344088	0.00436489	0.00712083	0.0263259	0.0186346	0.0693652	0.154699	0.0123923	0.00399059
19	0.00837702	0.000700863	0.00186173	0.0019019	0.0314688	0.00434113	0.000616606	0.455409	0.00180109	0.157156	0.0376651	0.0043048	0.00330396	0.00108067	0.00190171	0.0064355	0.0158011	0.262355	0.00197087	0.00154641
20	0.00866142	0.0457457	0.016452	0.0112719	0.00463848	0.695096	0.0145294	0.018919	0.0126554	0.00899839	0.00451691	0.0103895	0.00284133	0.0198192	0.0690297	0.0286507	0.0101488	0.00882817	0.00356252	0.00524512
21	0.00953542	0.000980026	0.00207397	0.00210904	0.0331713	0.00479911	0.000721617	0.406205	0.00187938	0.167195	0.0378531	0.00414244	0.00375204	0.0015265	0.00193871	0.00746621	0.0179473	0.292622	0.00216801	0.00191411
22	0.00869451	0.318364	0.00816892	0.00734363	0.0184945	0.0150097	0.134835	0.0376511	0.017457	0.0490959	0.0127815	0.0171884	0.00325139	0.0230414	0.119599	0.06694	0.0120965	0.0356683	0.0283145	0.0660041
23	0.0216577	0.0364848	0.0154815	0.0144999	0.00451138	0.704595	0.011604	0.0168783	0.0148639	0.00729487	0.00572585	0.00804708	0.00435872	0.0158119	0.0651458	0.0233025	0.00932483	0.0118442	0.00384151	0.00472583
24	0.0160965	0.0098584	0.00193037	0.00452893	0.0631255	0.00497261	0.0056881	0.157392	0.0251025	0.233516	0.242441	0.00318172	0.0030788	0.0157334	0.0202513	0.0187268	0.0564209	0.0905659	0.0184008	0.00898827
25	0.273812	0.00505609	0.0187529	0.0742735	0.00465471	0.28993	0.00488549	0.0162531	0.0290333	0.00827902	0.0275751	0.00597588	0.0362924	0.00871112	0.0638572	0.0356603	0.0227574	0.0668679	0.00248488	0.00488662
26	0.0136331	0.0384102	0.015776	0.0127891	0.0042262	0.730772	0.0118793	0.0156812	0.0109471	0.00745788	0.00451434	0.00845205	0.00358966	0.0158371	0.0589726	0.0227239	0.00793998	0.00887158	0.00300331	0.00452319
27	0.0404597	0.00377011	0.00218146	0.0032419	0.0320592	0.00637008	0.00199898	0.347356	0.0080316	0.147163	0.0658959	0.0045904	0.00537406	0.00271918	0.00723568	0.0178377	0.0355079	0.260912	0.00423006	0.003065
28	0.0170371	0.0379385	0.0146692	0.0128213	0.00406863	0.730222	0.0121879	0.0159583	0.0103673	0.00717263	0.00482283	0.00687629	0.00331311	0.0153927	0.0597997	0.0210398	0.00909683	0.00975027	0.00298776	0.00447801
29	0.0174909	0.00561261	0.0238986	0.0872332	0.00270848	0.0249594	0.0145707	0.0214518	0.318502	0.0158298	0.0184252	0.0465383	0.00344322	0.0827371	0.193728	0.0523359	0.0442539	0.0171277	0.00344604	0.00570639
30	0.103693	0.022298	0.0211383	0.0301416	0.0210845	0.0284672	0.0163736	0.0406738	0.0465485	0.0415902	0.0175802	0.0391972	0.0268106	0.0248494	0.0454075	0.207447	0.195183	0.0461711	0.0094867	0.0158591
31	0.200369	0.0100935	0.0155653	0.0179313	0.0201348	0.0208356	0.0158615	0.0539524	0.0301249	0.0583258	0.0235744	0.0215633	0.0232466	0.019353	0.0264698	0.117909	0.152577	0.143943	0.00619786	0.0219725
32	0.00969656	0.00834562	0.000894223	0.0019129	0.0545829	0.00284755	0.0030774	0.1027	0.0118776	0.536422	0.125896	0.00178553	0.00155712	0.00782992	0.0109001	0.0157495	0.0234944	0.0650498	0.0115678	0.00381244
33	0.358923	0.00988276	0.00310234	0.00902487	0.0210561	0.00413551	0.00165387	0.0788534	0.00285188	0.0477438	0.0223068	0.00302895	0.0134634	0.00441217	0.00321993	0.0572746	0.0505686	0.299284	0.00448419	0.00473004
34	0.0156834	0.00207313	0.0432601	0.172969	0.00130243	0.0402101	0.0208168	0.0273536	0.251377	0.00948513	0.01395	0.0983014	0.000615334	0.060499	0.126926	0.0438989	0.0294423	0.0304471	0.00199571	0.00939393
35	0.0189131	0.00848473	0.0350439	0.098425	0.00332931	0.0756697	0.0309766	0.015162	0.236544	0.015367	0.0217288	0.0638336	0.00294767	0.0837319	0.161558	0.0687013	0.0281602	0.0144906	0.00875239	0.00818067
36	0.0195253	0.00772281	0.00136047	0.00253155	0.0266226	0.00641464	0.00729522	0.175734	0.0325097	0.285821	0.207739	0.00217407	0.0012941	0.0104579	0.0263208	0.0233723	0.0423512	0.101461	0.0149403	0.00435251
37	0.0290094	0.038288	0.0149962	0.0230039	0.120546	0.0125105	0.0366109	0.109522	0.0500906	0.146151	0.0647079	0.0237887	0.0128574	0.0334924	0.035538	0.0585679	0.0366607	0.123832	0.0122848	0.0175408
38	0.0212494	0.0123947	0.301215	0.076117	0.0108117	0.0489429	0.0677188	0.0131407	0.0455541	0.0127835	0.0111637	0.135095	0.048494	0.0291299	0.0398553	0.0737566	0.0184337	0.0155548	0.00134615	0.0172437
39	0.0275398	0.00241585	0.0501088	0.193713	0.000917928	0.0233257	0.0174846	0.0168225	0.271998	0.0159034	0.0127435	0.0592422	0.000496835	0.0753734	0.0952916	0.0366719	0.0681896	0.0220007	0.00235814	0.00740188
40	0.0451116	0.0138497	0.0124615	0.0697687	0.0222385	0.0240725	0.012362	0.185107	0.0400251	0.0619649	0.0381264	0.0163201	0.0175794	0.0582476	0.0684594	0.0421241	0.0499157	0.200737	0.00934723	0.0121809
41	0.319078	0.00890226	0.00294826	0.00848633	0.0250244	0.00365577	0.00174115	0.0896888	0.00289177	0.0479666	0.0226107	0.00315356	0.0157998	0.00422298	0.00336243	0.0588355	0.0499689	0.320565	0.00535521	0.00574224
42	0.0203971	0.00766755	0.00153813	0.00345078	0.0281184	0.00770635	0.00713856	0.204745	0.0422418	0.156343	0.260721	0.00227778	0.00141624	0.0122196	0.0330856	0.0232346	0.0557908	0.105038	0.0202238	0.00664528
43	0.363404	0.0098348	0.00315852	0.00926847	0.0208143	0.00411674	0.0016352	0.0777635	0.00283056	0.0473078	0.0221022	0.00312745	0.0132648	0.00448678	0.00320973	0.0576957	0.0505506	0.296347	0.00443323	0.00464803
44	0.120245	0.0127359	0.100137	0.0528305	0.0128829	0.0134413	0.0247947	0.0431098	0.0413671	0.0559075	0.005709	0.104956	0.00359131	0.010611	0.0175348	0.058568	0.132533	0.164421	0.00271053	0.0219145
45	0.00928999	0.000762456	0.00226705	0.00216645	0.0315441	0.00482814	0.000681228	0.401776	0.00176517	0.159616	0.0359853	0.00406067	0.00336199	0.00133337	0.00179259	0.0067752	0.0166821	0.311726	0.00199284	0.0015934
46	0.0906496	0.0119552	0.0168421	0.0217945	0.0365544	0.0359123	0.0179301	0.0316346	0.0604488	0.0604728	0.01478	0.0215699	0.0267155	0.0243522	0.0397659	0.270189	0.154009	0.0441227	0.0061346	0.0141677
47	0.0500997	0.0160782	0.0279804	0.082517	0.0230171	0.0207385	0.0374174	0.0123309	0.0379671	0.0506505	0.00756134	0.0539622	0.0780652	0.117107	0.111179	0.166891	0.0334636	0.0122874	0.0363799	0.0243063
48	0.0679168	0.0525599	0.0145066	0.0166964	0.0365367	0.0199002	0.0162337	0.0464602	0.0479858	0.019726	0.0119959	0.239295	0.00779576	0.037105	0.0401877	0.147976	0.118993	0.019001	0.00522262	0.0339052
49	0.0274543	0.0186687	0.0124374	0.0244533	0.0270297	0.0108771	0.0150693	0.0671307	0.0247591	0.164984	0.0201856	0.0155361	0.150366	0.0945092	0.0530346	0.0446395	0.0626198	0.144829	0.00745773	0.013959
50	0.0136078	0.00837	0.314658	0.112831	0.00498504	0.0119845	0.0162557	0.0217545	0.0300378	0.00901821	0.00727198	0.301234	0.00713564	0.0111624	0.0121879	0.0519155	0.0411218	0.00923052	0.00303769	0.0122006
51	0.0132362	0.0108504	0.00110256	0.00491887	0.120104	0.00321026	0.00111523	0.239432	0.00188911	0.285589	0.0718682	0.00462601	0.00851007	0.0075226	0.00213365	0.0141302	0.0345451	0.158868	0.00497055	0.0113784
52	0.0175844	0.00523335	0.00144398	0.00193526	0.0289564	0.00625893	0.00477758	0.340365	0.0224455	0.160079	0.160886	0.00299107	0.00218746	0.00607427	0.0204845	0.0161297	0.0353461	0.153907	0.00945645	0.00345857
53	0.00936027	0.00997461	0.0182836	0.0384127	0.00483701	0.0281014	0.051746	0.0108323	0.126073	0.0359312	0.00793602	0.0347615	0.00410291	0.231117	0.288769	0.0363138	0.0200353	0.0112069	0.00810347	0.0241022
54	0.0587815	0.0170594	0.152651	0.105318	0.00534439	0.191531	0.0215569	0.0158324	0.0603514	0.0253874	0.0179811	0.0602122	0.00430161	0.0444048	0.0646572	0.0731033	0.0266153	0.0180497	0.0195136	0.0173478
55	0.0100964	0.00817445	0.0576617	0.182058	0.00872858	0.0310898	0.0263144	0.0113521	0.0976831	0.0385158	0.012043	0.0404151	0.0071916	0.250355	0.0975894	0.0337274	0.0435166	0.0129701	0.0161001	0.0144174
56	0.00888383	0.00191137	0.00160927	0.002073	0.0380396	0.00426092	0.000792111	0.436839	0.00285323	0.174641	0.052789	0.00415654	0.0038571	0.00210073	0.00302462	0.00746775	0.0188213	0.230553	0.00283304	0.00249356
57	0.373316	0.0131573	0.00585388	0.0130441	0.0138321	0.0228607	0.00406989	0.0612844	0.00824443	0.0332642	0.013193	0.0133539	0.0124755	0.0111244	0.00809741	0.0984063	0.101938	0.183521	0.00417751	0.0047867
58	0.117158	0.00953607	0.064603	0.151286	0.0088566	0.13223	0.0116781	0.0806727	0.0467825	0.0237233	0.0089153	0.0318631	0.00675062	0.0349433	0.0250033	0.0731932	0.0462366	0.110473	0.00334859	0.0127469
59	0.0171031	0.0065113	0.0200543	0.0696684	0.00358473	0.0238029	0.0134254	0.0258828	0.293189	0.0178817	0.0322942	0.0459543	0.00464422	0.075356	0.217102	0.0533845	0.0434069	0.0262027	0.00477143	0.00578062
60	0.192745	0.00988765	0.0315661	0.0827916	0.0111865	0.160602	0.0128319	0.0319088	0.0609129	0.0229768	0.039234	0.0207606	0.0210126	0.0259908	0.0750912	0.0598387	0.0599437	0.0616356	0.00810503	0.0109784
61	0.0581729	0.0186749	0.138202	0.104767	0.00536171	0.204209	0.0185653	0.0162778	0.0629725	0.0260063	0.0180162	0.0556698	0.00173131	0.0444472	0.0680883	0.0770982	0.026107	0.017437	0.0218937	0.016301
62	0.00884307	0.00999362	0.0443129	0.194471	0.0134148	0.02973	0.0364146	0.0153243	0.0934808	0.0460082	0.00494749	0.0599106	0.00393265	0.189645	0.120544	0.0383646	0.0442343	0.0163389	0.0067213	0.0233679
63	0.00582928	0.00747307	0.00109373	0.00189694	0.0592247	0.00204011	0.00162878	0.1319	0.00241629	0.602352	0.0497687	0.00226373	0.00244389	0.00530836	0.00390209	0.0122843	0.0117141	0.0851073	0.00878209	0.00257073
64	0.00686165	0.161418	0.0058007	0.008295	0.0088288	0.0142618	0.10972	0.0134724	0.0519172	0.0477533	0.00623963	0.0109101	0.00302042	0.0307004	0.302767	0.0857845	0.00927743	0.0124852	0.0374881	0.0729974
65	0.0200713	0.00522723	0.043769	0.192766	0.00420341	0.0301054	0.0281561	0.0140195	0.202293	0.0265781	0.00819662	0.0644962	0.00112669	0.126155	0.10541	0.0363764	0.052347	0.0201188	0.00425973	0.0143247
66	0.0524723	0.00792684	0.0110292	0.0463616	0.0106976	0.0235582	0.00905618	0.0705172	0.122378	0.0212879	0.026415	0.0151408	0.009289	0.0552002	0.28051	0.0833658	0.0921685	0.0330122	0.0221835	0.00742992
67	0.0098701	0.00329726	0.00141205	0.00239095	0.040293	0.0040622	0.0014631	0.33514	0.00476301	0.282692	0.0664738	0.00364093	0.00394988	0.00321314	0.00426497	0.00974634	0.0210579	0.19491	0.00417169	0.00318717
68	0.0111671	0.00720852	0.00775244	0.0331338	0.00222739	0.0213058	0.0115194	0.0174187	0.331759	0.0235124	0.0396715	0.0468391	0.00408783	0.106577	0.219557	0.0643971	0.0358165	0.00936613	0.00343284	0.00325089
69	0.026129	0.00214122	0.0560357	0.203889	0.00111951	0.0276392	0.0169884	0.0156288	0.269315	0.0144326	0.0117967	0.0608608	0.000948811	0.0730306	0.0893688	0.0364565	0.0648529	0.0204524	0.00203896	0.00687503
70	0.0123922	0.00698059	0.00860105	0.0339368	0.00171593	0.029319	0.0145092	0.014641	0.321493	0.0124628	0.0237576	0.0479551	0.00570756	0.0839005	0.25336	0.0695426	0.0433671	0.00975209	0.00349199	0.0031133
71	0.0342679	0.00518594	0.00207359	0.00781246	0.0273537	0.00747208	0.00156652	0.357557	0.00747418	0.123946	0.0572233	0.0072994	0.0110758	0.00262284	0.00747442	0.0100403	0.070334	0.254477	0.00203702	0.00270667
72	0.0029497	0.0079306	0.00071667	0.00133141	0.0771833	0.000833276	0.0011447	0.0300934	0.0011606	0.77629	0.0327287	0.00165245	0.00105598	0.00382216	0.00304259	0.01191	0.00415233	0.0259785	0.0130779	0.00294557
73	0.008414	0.000731943	0.00187591	0.0018881	0.0317021	0.00435519	0.000647572	0.454164	0.00182983	0.157789	0.0375681	0.00432604	0.00332331	0.00111566	0.00189392	0.00651678	0.0158827	0.26239	0.00201671	0.0015683
74	0.0220756	0.00336745	0.00175994	0.00442975	0.0319684	0.00625141	0.00104646	0.400103	0.00468997	0.145393	0.0479172	0.00514308	0.00708827	0.00190835	0.00453991	0.00958489	0.0424085	0.255909	0.002195	0.00222026
75	0.0043793	0.0085048	0.000631825	0.00134677	0.0633324	0.00105846	0.0010409	0.0583522	0.00235072	0.719177	0.0528043	0.00127607	0.00117389	0.00522295	0.00339717	0.0119529	0.00740742	0.0442109	0.010433	0.00194702
76	0.0249645	0.0123019	0.291756	0.128511	0.00903686	0.0537554	0.0339483	0.0174324	0.0670184	0.0165662	0.00961569	0.121451	0.0189544	0.0325121	0.0341571	0.0581785	0.030673	0.0202664	0.00435131	0.0145492
77	0.0314642	0.0121602	0.265405	0.125614	0.00706198	0.109703	0.0333563	0.015025	0.0701725	0.0139513	0.00967017	0.0992663	0.0192996	0.0323954	0.0355609	0.0598944	0.021947	0.0189899	0.00634232	0.0127198
78	0.010434	0.00136443	0.00182541	0.00208215	0.0372554	0.00481821	0.000661364	0.400672	0.00184413	0.18031	0.0403097	0.00415829	0.00417902	0.00158898	0.00178767	0.00841988	0.0188216	0.274464	0.00260704	0.00239668
79	0.0384505	0.0597234	0.0535169	0.0834354	0.0154818	0.108996	0.0320673	0.0243843	0.053177	0.0407456	0.0163833	0.0406949	0.0141523	0.0500956	0.134414	0.0856391	0.0293662	0.0228404	0.0718442	0.0245912
80	0.00301209	0.00887784	0.000669297	0.00141169	0.0856914	0.000810282	0.00076885	0.03438	0.00110948	0.756837	0.0383256	0.00142599	0.000937302	0.00397555	0.00247725	0.0111034	0.00470179	0.0288023	0.0119535	0.00272923
81	0.0286434	0.00147107	0.146905	0.340949	0.00381433	0.049343	0.015347	0.0101508	0.159174	0.00382318	0.00924471	0.0587561	0.00711973	0.0530909	0.032167	0.0276275	0.0275183	0.0184844	0.000575157	0.00579566
82	0.0309782	0.00143911	0.136616	0.31919	0.00347856	0.0420903	0.0146459	0.0115644	0.171982	0.00585796	0.0107924	0.0588564	0.00605676	0.0565391	0.0381009	0.0310498	0.0347703	0.0187604	0.000843027	0.00638795
83	0.00904878	0.000890698	0.00185072	0.0019094	0.0334845	0.00475655	0.000670011	0.433128	0.00187568	0.170943	0.0375589	0.0041663	0.00368377	0.00135259	0.0016937	0.00759584	0.0172602	0.263877	0.00230012	0.0019537
84	0.0160689	0.0376191	0.0158996	0.0121162	0.00438191	0.723049	0.0120418	0.015601	0.0117138	0.00792868	0.00523769	0.00739625	0.00375332	0.0162335	0.0602215	0.0226085	0.0092521	0.0103856	0.00325051	0.00524064
85	0.00830632	0.000941334	0.00167293	0.00198057	0.0333452	0.00425992	0.000654093	0.459705	0.00203258	0.158096	0.0396511	0.00431831	0.00344122	0.00128903	0.00207216	0.0066913	0.0165755	0.25104	0.00206012	0.00186756
86	0.00817841	0.000735552	0.00169694	0.001876	0.0301191	0.00409502	0.000675318	0.474142	0.00250342	0.149759	0.0420211	0.00430465	0.0032437	0.00113748	0.00274662	0.00634525	0.0157679	0.247066	0.00202594	0.00156132
87	0.0158075	0.00602797	0.00135375	0.00435475	0.0615535	0.00493531	0.00148525	0.307075	0.00568274	0.229484	0.078594	0.00632107	0.00622788	0.00467598	0.00548756	0.0112424	0.0409027	0.198603	0.00440623	0.00578034
88	0.0144682	0.0101215	0.00093101	0.00357191	0.0803275	0.00369	0.00370453	0.166821	0.0146848	0.354452	0.144528	0.00278827	0.00367003	0.01074	0.012064	0.0156189	0.0354225	0.105396	0.00941181	0.00758787
89	0.231957	0.0190144	0.00471215	0.00911598	0.00903219	0.0347669	0.00405085	0.11243	0.0150094	0.0258792	0.0198868	0.0263498	0.0134295	0.0153537	0.0169729	0.0972253	0.228717	0.106376	0.00507916	0.00464223
90	0.129395	0.0190461	0.0129839	0.0235029	0.0185661	0.0286781	0.0117455	0.0500922	0.040484	0.036568	0.0174876	0.0332543	0.0210063	0.0203718	0.0341292	0.178767	0.246551	0.055787	0.00736181	0.0142219
91	0.0361024	0.0115417	0.0418964	0.0592274	0.0232197	0.028777	0.02224	0.020059	0.0609296	0.0362225	0.00911069	0.0321607	0.0188847	0.0975627	0.195589	0.152216	0.0663671	0.0152005	0.0501568	0.0225356
92	0.0192234	0.023123	0.183582	0.0829016	0.0202214	0.0233971	0.0453574	0.0165837	0.0413369	0.0576988	0.0141173	0.151535	0.0254574	0.0399373	0.0755526	0.109456	0.0203034	0.0306243	0.00238293	0.0172083
93	0.0253586	0.00197653	0.148121	0.353062	0.00391026	0.0444995	0.0144957	0.0105232	0.156351	0.00376014	0.00967498	0.0601612	0.00713744	0.0509918	0.0319529	0.0270779	0.0259474	0.0185892	0.000522363	0.00588654
94	0.0244261	0.00418913	0.188623	0.297597	0.00459996	0.0447756	0.0176801	0.0120858	0.132325	0.00706055	0.00897529	0.0783487	0.00844469	0.0475619	0.033396	0.0336113	0.0282101	0.0183406	0.00169939	0.00804897
95	0.149823	0.0685977	0.00855121	0.0112467	0.0193123	0.0323833	0.00979514	0.0336186	0.0175796	0.0272185	0.00664616	0.0419102	0.0628302	0.0155571	0.030031	0.324387	0.101074	0.0248811	0.00574568	0.00881131
96	0.0140053	0.0463853	0.0141265	0.0266516	0.0326101	0.00931478	0.0190129	0.0358473	0.0443965	0.27894	0.0524672	0.0214031	0.0172741	0.0595698	0.0386149	0.0911484	0.0205874	0.0453903	0.102908	0.0293466
97	0.114527	0.0131882	0.099938	0.0835168	0.0201295	0.0217721	0.0235893	0.0533968	0.052028	0.0572555	0.00578983	0.0971313	0.0064343	0.0121491	0.0302029	0.0942433	0.0867892	0.114098	0.00244554	0.0113763
98	0.00236105	0.00766357	0.000688191	0.000993023	0.0699273	0.000794103	0.000699782	0.0285476	0.0010897	0.794569	0.0317733	0.000999334	0.000972979	0.00356844	0.00255795	0.011794	0.00270502	0.0236201	0.0135194	0.00115628
99	0.00732988	0.0122002	0.00149967	0.00349351	0.122499	0.00178381	0.00216669	0.077235	0.00239311	0.597633	0.0530019	0.00325768	0.00375515	0.00695794	0.0039038	0.0158495	0.0147104	0.0531345	0.010016	0.00717961
100	0.0160632	0.00523602	0.020492	0.0802877	0.00128215	0.0222877	0.0128177	0.0145642	0.338514	0.0120195	0.0161797	0.0384975	0.00265691	0.089879	0.210717	0.0532564	0.046639	0.0122344	0.00254756	0.00382842
101	0.0306176	0.00489275	0.00187263	0.00762986	0.0283793	0.00682325	0.00153294	0.358934	0.00750654	0.131532	0.061563	0.00632786	0.0104237	0.0026454	0.00776045	0.00949802	0.0653649	0.251948	0.00215342	0.00259491
102	0.363905	0.0194843	0.00576348	0.0163192	0.00961756	0.0520064	0.00366732	0.0645153	0.00983982	0.023199	0.0136283	0.017774	0.0112596	0.0134754	0.0137268	0.0805519	0.133918	0.13866	0.00451562	0.00417209
103	0.073542	0.00943481	0.00802852	0.0721807	0.0154645	0.0185037	0.00745691	0.113922	0.115766	0.0239719	0.0744943	0.00986413	0.0163871	0.055951	0.128457	0.0594253	0.110041	0.0588271	0.0187255	0.00955605
104	0.0247434	0.00276882	0.0733548	0.246968	0.00151381	0.0282097	0.0158782	0.0144755	0.243631	0.0123211	0.012433	0.0615681	0.00195649	0.0690005	0.079129	0.0314601	0.0523736	0.0202263	0.00167785	0.00631071
105	0.00842568	0.000689235	0.0019831	0.00208672	0.0314485	0.00444518	0.000617481	0.433047	0.00192684	0.154251	0.0373486	0.00422657	0.00352346	0.00130143	0.00201339	0.00653298	0.0161802	0.286356	0.00201182	0.00158462
106	0.353038	0.00995	0.00305839	0.00894278	0.0212708	0.00380785	0.00168073	0.0812691	0.00290803	0.0483618	0.022668	0.00300983	0.0137606	0.00430554	0.00330859	0.0569583	0.0504665	0.301873	0.00451689	0.00484525
107	0.0150504	0.00196664	0.043569	0.169788	0.00120183	0.0409765	0.021229	0.02851	0.252699	0.00874967	0.0143223	0.100194	0.000660301	0.0571926	0.129938	0.0450408	0.0273948	0.0302431	0.00205669	0.00921716
108	0.0171609	0.0068072	0.0330356	0.13343	0.00135869	0.0243983	0.0143163	0.0150642	0.304887	0.012331	0.0171354	0.0500155	0.00248644	0.0841985	0.168991	0.0478451	0.0445137	0.0151579	0.00230877	0.00455844
109	0.0209038	0.222995	0.0147109	0.01175	0.127503	0.015382	0.0456379	0.0458909	0.0164132	0.125884	0.0193329	0.025522	0.00954724	0.0201602	0.0481903	0.068097	0.0243457	0.0336253	0.0151345	0.0889744
110	0.046479	0.0102557	0.102167	0.162933	0.00360575	0.135614	0.021366	0.0145585	0.152189	0.0165612	0.0139216	0.0603527	0.00221068	0.0550344	0.0790907	0.0551864	0.0296158	0.018431	0.0105608	0.0098665
111	0.00818184	0.0595249	0.0127	0.00821323	0.00605881	0.652014	0.0252962	0.0158853	0.0105321	0.0124593	0.00498416	0.0134691	0.00347591	0.0181798	0.0838733	0.0306938	0.00944752	0.00840505	0.00591753	0.0106878
112	0.0031712	0.00807007	0.000778513	0.00122917	0.071921	0.000952655	0.000989975	0.0299792	0.00129212	0.783193	0.0332616	0.00131678	0.000998698	0.00403973	0.00289315	0.0124068	0.00379591	0.0248292	0.0132189	0.00166262
113	0.0825962	0.0383136	0.0207345	0.0171021	0.0248729	0.0187794	0.018798	0.0213864	0.0224631	0.121176	0.00970078	0.0141144	0.249862	0.034728	0.0935824	0.117242	0.0445754	0.0221622	0.00969892	0.0181107
114	0.00920564	0.00309487	0.00141008	0.00230452	0.051529	0.00454459	0.00072054	0.37474	0.00186118	0.221143	0.0496998	0.00420259	0.00546684	0.00303295	0.0015517	0.0102196	0.0244495	0.222894	0.00342519	0.0045041
115	0.166893	0.0116036	0.0193827	0.0238165	0.026248	0.0272881	0.0283576	0.0329103	0.0425104	0.0726995	0.01744	0.021176	0.0345821	0.0268166	0.0459217	0.189227	0.12688	0.060007	0.00845043	0.01779
116	0.00846211	0.00109732	0.00167053	0.00209252	0.0338038	0.00437135	0.000602348	0.449842	0.00189491	0.164501	0.0397088	0.0044021	0.00379644	0.00131142	0.00192774	0.00697029	0.0175371	0.251838	0.0022109	0.0019601
117	0.309044	0.0103028	0.00303048	0.00847233	0.0247401	0.00641966	0.00182896	0.0923077	0.00309334	0.0463016	0.0216493	0.0045277	0.0152952	0.0050425	0.00369032	0.0627724	0.0608423	0.308916	0.00617361	0.00555035
118	0.268938	0.0223756	0.00252714	0.00356319	0.00480851	0.0431781	0.00229542	0.0893956	0.0088252	0.0162215	0.012785	0.028806	0.0121821	0.0155466	0.0112973	0.0961216	0.250711	0.102759	0.00465936	0.00300372
119	0.00904389	0.00147845	0.00186002	0.00212996	0.0373067	0.00465835	0.000630538	0.385732	0.00178198	0.180345	0.0418333	0.00400191	0.0044353	0.00180787	0.00173214	0.00797516	0.0196958	0.288427	0.00264696	0.00247795
120	0.276517	0.00622634	0.0165669	0.0711928	0.00476822	0.290857	0.00502484	0.0168436	0.0288761	0.00813566	0.0276853	0.0060253	0.0333237	0.00829802	0.0600939	0.0349619	0.0256605	0.0716273	0.00270964	0.00460592
121	0.0159017	0.00703414	0.0099272	0.0410423	0.00185632	0.0407642	0.0129892	0.0141394	0.305971	0.0119712	0.0263588	0.0570665	0.00444958	0.0748067	0.235444	0.0782264	0.0454242	0.009841	0.00343722	0.00334831
122	0.269204	0.0217209	0.0047021	0.00674039	0.00880615	0.0443701	0.00530841	0.0726314	0.0138283	0.0222152	0.0112067	0.0251477	0.0141778	0.015496	0.0145017	0.126897	0.221324	0.092163	0.00462881	0.00493046
123	0.0052302	0.00805784	0.000662867	0.00135961	0.0552267	0.00151367	0.00175856	0.056615	0.00526291	0.697689	0.0775116	0.00110185	0.000842188	0.00566229	0.00603478	0.0132529	0.0103465	0.0390796	0.0109827	0.00180964
124	0.0149156	0.00513891	0.0198197	0.0749248	0.00147235	0.0271576	0.0132169	0.0313266	0.276832	0.0137779	0.0141503	0.0516026	0.00347637	0.0709164	0.260785	0.0516911	0.0356275	0.0209183	0.00457178	0.00767878
125	0.0162884	0.00950586	0.122728	0.0778149	0.00431477	0.249084	0.00786574	0.0178706	0.116264	0.010749	0.00775972	0.148344	0.0121783	0.0230286	0.0240726	0.115784	0.0101967	0.00944305	0.00476941	0.0119388
126	0.139799	0.00878238	0.0254699	0.212185	0.00735964	0.0986421	0.00943002	0.0916395	0.045548	0.0145611	0.0107547	0.0105988	0.00695008	0.077568	0.0244	0.0579914	0.0254056	0.10275	0.00369079	0.0264738
127	0.0177589	0.0238046	0.00877106	0.0164983	0.0542233	0.0100341	0.011641	0.0494885	0.0211876	0.421506	0.0510299	0.0127669	0.00848283	0.0312158	0.0298327	0.0534382	0.0217909	0.0421377	0.0952243	0.0191672
128	0.0246951	0.00279265	0.0880432	0.27337	0.00199785	0.0312291	0.0154946	0.0140543	0.226347	0.00995508	0.0121587	0.0613816	0.00300299	0.0627796	0.0690293	0.0293493	0.0456348	0.0211709	0.00132693	0.00618624
129	0.0991238	0.0216789	0.110403	0.0955852	0.021531	0.0138293	0.0169793	0.0348563	0.0493878	0.0875281	0.00480741	0.132418	0.00333248	0.00994809	0.0309893	0.0639532	0.0698022	0.121281	0.0025875	0.00997858
130	0.337752	0.0110871	0.00423092	0.0115309	0.0196259	0.0101567	0.00225227	0.0985633	0.00487666	0.0493088	0.0216561	0.00639923	0.0120628	0.0066016	0.00572135	0.0588619	0.0653085	0.264983	0.00441689	0.00460327
131	0.0345102	0.0607336	0.00939737	0.00946379	0.179714	0.00707455	0.0549226	0.0441698	0.0129881	0.139872	0.00628069	0.0638201	0.00818092	0.0139315	0.0696491	0.0691772	0.0224159	0.02162	0.00563559	0.166442
132	0.225033	0.00920883	0.00404938	0.00950025	0.0327062	0.00612167	0.0049668	0.150013	0.00816655	0.0588055	0.0265715	0.00755338	0.0412108	0.00765529	0.00850243	0.042746	0.0612716	0.273709	0.00504151	0.0171677
133	0.0183189	0.0603149	0.00970838	0.0130507	0.197505	0.00629066	0.0885743	0.0366294	0.013061	0.0582926	0.00268549	0.0594964	0.00563077	0.0136517	0.0689625	0.0648261	0.0205065	0.0231291	0.0051312	0.234234
134	0.140009	0.00380894	0.0209482	0.0302666	0.0256166	0.0347021	0.0194468	0.0465377	0.0841644	0.0551676	0.0154767	0.02016	0.0271353	0.0328474	0.0524922	0.182769	0.12593	0.0685843	0.00490537	0.00903187
135	0.142273	0.187712	0.00633764	0.00705289	0.0230495	0.0556838	0.00739194	0.0409594	0.00975921	0.0120233	0.00565006	0.0368344	0.0612052	0.00877436	0.0152373	0.294624	0.0653155	0.0108477	0.00327326	0.00599595
136	0.00960649	0.00226743	0.00153746	0.00221229	0.0420636	0.0047481	0.000831416	0.391179	0.00248294	0.208904	0.0476392	0.00442219	0.00524869	0.00238765	0.00205824	0.00960366	0.0243568	0.231961	0.00317409	0.00331542
137	0.0225602	0.00255412	0.0496573	0.185058	0.00115947	0.0256241	0.017125	0.0152913	0.28793	0.0134727	0.0108536	0.0552952	0.000960776	0.0806295	0.110994	0.0352393	0.0574997	0.0195516	0.00199773	0.00654579
138	0.00226468	0.00736601	0.000691669	0.000971504	0.0687594	0.000779136	0.000699552	0.0253816	0.0010525	0.803134	0.0307526	0.000989137	0.000780767	0.0034925	0.00255046	0.0117767	0.00217376	0.0218278	0.0136369	0.000919666
139	0.136637	0.0491786	0.0150212	0.0225249	0.0263563	0.0389289	0.0159289	0.0336994	0.0317681	0.04172	0.0116168	0.0296071	0.0371413	0.0237999	0.0430405	0.287632	0.086461	0.0438321	0.0107308	0.0143754
140	0.0203329	0.0750928	0.0131082	0.0139827	0.181337	0.00878637	0.0663553	0.0390887	0.0151188	0.0716127	0.00865303	0.0488447	0.00767364	0.0177366	0.0596782	0.067909	0.0234611	0.0266045	0.0103222	0.224301
141	0.0188948	0.00651403	0.345512	0.163025	0.00513199	0.0261914	0.0211594	0.0134989	0.0589945	0.00788065	0.00561537	0.179153	0.0107179	0.019351	0.0146961	0.0502119	0.0316424	0.0102655	0.00189304	0.00965236
142	0.0192987	0.0661977	0.00898034	0.00928912	0.184648	0.00671889	0.0859809	0.0361259	0.0143811	0.0641719	0.00225803	0.0646545	0.0047598	0.0144147	0.0724741	0.0710898	0.0207184	0.0222285	0.00485324	0.226756
143	0.00349574	0.00784435	0.000644809	0.00140236	0.0603329	0.000987077	0.00103838	0.0464023	0.00226293	0.758007	0.0435344	0.0010074	0.000889548	0.00488732	0.00377235	0.0119444	0.00468594	0.0345737	0.0109428	0.00134435
144	0.0255981	0.00155317	0.139457	0.329282	0.00358717	0.0428196	0.0139188	0.0106098	0.176149	0.00489538	0.0100877	0.0589905	0.00678889	0.0534407	0.0362356	0.028503	0.0327457	0.017994	0.00073401	0.00660934
145	0.0253156	0.00199041	0.148143	0.353146	0.00391177	0.0443799	0.0144746	0.0105335	0.156393	0.00376895	0.00968856	0.0601593	0.00713896	0.0509573	0.0319743	0.0270635	0.0259495	0.0186001	0.000521378	0.00589065
146	0.0259702	0.00253994	0.143326	0.332817	0.00558263	0.0402095	0.0141725	0.0110566	0.163464	0.00875548	0.00987038	0.060774	0.0064977	0.0510356	0.0350866	0.030625	0.0318524	0.0192025	0.000825458	0.00633706
147	0.243817	0.0201416	0.00259627	0.00664389	0.014794	0.0225719	0.0022215	0.145471	0.00807244	0.051851	0.0373415	0.0128899	0.0108994	0.0083261	0.00945929	0.0546447	0.135831	0.205056	0.00408797	0.00328271
148	0.0123789	0.00623645	0.0121236	0.0458983	0.00142944	0.0221349	0.0120956	0.0144872	0.351176	0.0131172	0.0208076	0.0376549	0.00381048	0.0948039	0.238509	0.0565398	0.0400998	0.0103779	0.00316046	0.00315835
149	0.0597053	0.0223578	0.0160297	0.0309264	0.0392133	0.0171548	0.0276624	0.00874443	0.0223583	0.111356	0.00777368	0.0265695	0.0914402	0.0527127	0.1002	0.244776	0.0481042	0.0129167	0.0260411	0.0339579
150	0.0178613	0.0221398	0.00129952	0.00900032	0.216251	0.00170442	0.00227645	0.122809	0.00327029	0.319174	0.085644	0.00475377	0.00609413	0.00890399	0.00307607	0.0112049	0.041267	0.103162	0.00477544	0.0153334
151	0.00993849	0.028156	0.00282027	0.00590429	0.197868	0.00173629	0.00323741	0.0666062	0.00402167	0.493632	0.0550875	0.00428691	0.0029828	0.00632068	0.00483176	0.0135985	0.0192634	0.0558091	0.00856275	0.0153354
152	0.0167105	0.0202595	0.0106851	0.0231807	0.0429964	0.00949108	0.0179274	0.0413438	0.0274501	0.438975	0.0410021	0.018235	0.0140573	0.0638461	0.032216	0.0608526	0.0228182	0.0601045	0.0215394	0.0163094
153	0.0124934	0.0160055	0.0011187	0.00583723	0.166783	0.00182728	0.00230778	0.134221	0.00231055	0.391088	0.0810411	0.00619322	0.00660155	0.00877389	0.00339277	0.0133127	0.0331682	0.0907249	0.00641417	0.0163857
154	0.0227108	0.201366	0.00908086	0.0128651	0.0651856	0.0141237	0.0453017	0.0984582	0.0176163	0.173419	0.0429869	0.0175758	0.0130803	0.021047	0.0526139	0.0535493	0.0292142	0.0670439	0.013207	0.0295546
155	0.156565	0.188937	0.00666026	0.00854445	0.0184523	0.0686389	0.00695159	0.0330034	0.0098433	0.0113198	0.00573355	0.0278298	0.0475955	0.00993406	0.0137364	0.314287	0.0494216	0.0122908	0.0038299	0.00642471
156	0.0178139	0.0184952	0.0108272	0.0124013	0.0488459	0.0116445	0.0331354	0.129741	0.0344492	0.227355	0.124471	0.0162897	0.00838987	0.0444784	0.0449816	0.0625852	0.0269836	0.0883435	0.0251977	0.0135707
157	0.0141776	0.0172787	0.00126907	0.00680802	0.210294	0.0020549	0.00200582	0.142186	0.00458177	0.297826	0.107629	0.00469275	0.00639701	0.00973503	0.00444711	0.0126289	0.0396835	0.0946399	0.00613541	0.0155293
158	0.0181781	0.0130103	0.338604	0.0882512	0.00882139	0.0416002	0.0634892	0.0118298	0.0433797	0.0105249	0.00843349	0.155914	0.0388247	0.0239947	0.028978	0.0591422	0.0184915	0.0122735	0.0012771	0.0149822
159	0.20508	0.0211225	0.00290657	0.00723593	0.0200978	0.0278551	0.00350753	0.167823	0.0113433	0.049922	0.0453165	0.0145905	0.0106686	0.0103431	0.0124592	0.0607656	0.133254	0.187334	0.00502285	0.00335297
160	0.0744797	0.0301091	0.0206163	0.0301946	0.0358664	0.0186585	0.0268317	0.00695198	0.0160624	0.113201	0.00590377	0.0234602	0.119532	0.0416963	0.107951	0.223843	0.0393843	0.00816111	0.0244029	0.0326956
161	0.0309546	0.00664751	0.00374398	0.0157034	0.0332078	0.00711665	0.00309131	0.291718	0.0153262	0.130765	0.0599406	0.00711018	0.0336736	0.0128577	0.0130556	0.0130931	0.0878615	0.225506	0.00305386	0.00557381
162	0.0126299	0.00826345	0.0930521	0.213245	0.00982835	0.037085	0.0281076	0.0118073	0.062142	0.0378242	0.00932445	0.0358761	0.0158319	0.191822	0.0890609	0.0487064	0.0477611	0.0121315	0.0212669	0.014234
163	0.0114162	0.0134055	0.0773307	0.159688	0.0191249	0.0385373	0.0334152	0.0117146	0.0627703	0.0524465	0.00593399	0.0752915	0.00380706	0.168961	0.0843113	0.0386325	0.039624	0.0295705	0.00772698	0.0662925
164	0.0046743	0.00812003	0.000715686	0.00135169	0.0537182	0.00145275	0.00177417	0.0636114	0.00505095	0.694608	0.0732477	0.00146533	0.00120621	0.00599611	0.00546428	0.013577	0.00965027	0.0406917	0.0110603	0.00256386
165	0.0166224	0.0188626	0.00118836	0.00768275	0.192104	0.00209898	0.00216958	0.147485	0.00309492	0.311983	0.0857564	0.00454915	0.00678882	0.0091402	0.00296399	0.011834	0.0416027	0.115031	0.00521827	0.0138237
166	0.0122548	0.0102128	0.0102582	0.025967	0.00228451	0.0183576	0.0142977	0.0331067	0.218106	0.0185687	0.0122695	0.0272946	0.00841931	0.0838362	0.369535	0.0575084	0.0441295	0.0203029	0.00848445	0.00480562
167	0.0148358	0.14436	0.0217018	0.00941355	0.207289	0.0086805	0.0510107	0.0271362	0.0131118	0.0778035	0.00537498	0.034418	0.0051442	0.0150355	0.048915	0.0583922	0.0183802	0.0186153	0.0154639	0.204918
168	0.284771	0.0447665	0.00389695	0.00585162	0.0057494	0.0905543	0.0037037	0.0730467	0.00792999	0.0145912	0.0111313	0.0278956	0.00881779	0.0140604	0.0168105	0.0793475	0.179747	0.113292	0.0103778	0.00365811
169	0.0194361	0.00793519	0.001395	0.00235281	0.027163	0.00777094	0.00661264	0.201886	0.0382172	0.160417	0.268105	0.00219653	0.00111367	0.0105304	0.0304754	0.0223607	0.0557876	0.110404	0.0202064	0.00563329
170	0.00862026	0.0502759	0.0198216	0.0103198	0.00416053	0.710898	0.0140494	0.0160068	0.00876257	0.00899645	0.00449606	0.0102397	0.00243434	0.0161071	0.0650531	0.0242352	0.0088189	0.00759127	0.00411923	0.004994
171	0.0113566	0.0454596	0.0156011	0.0390928	0.0280457	0.0103868	0.0190626	0.0233187	0.0423546	0.273918	0.0426267	0.019785	0.013642	0.11373	0.0501501	0.0634932	0.0161518	0.0484465	0.0686135	0.0547647
172	0.057937	0.0189126	0.135474	0.105071	0.0055158	0.203417	0.0190331	0.0159256	0.0637393	0.0253847	0.0176299	0.0546612	0.00209028	0.0442198	0.0707559	0.0783895	0.0257168	0.0172029	0.02253	0.0163932
173	0.0130083	0.0160893	0.00102595	0.00596613	0.155946	0.0020317	0.00154511	0.153921	0.0020691	0.365158	0.0827572	0.00488511	0.0082925	0.00958227	0.00280334	0.0144163	0.0364418	0.102094	0.00699842	0.0149689
174	0.0344158	0.0337853	0.0084971	0.010535	0.191956	0.00795664	0.073587	0.0996615	0.0131078	0.0749814	0.00725688	0.0516846	0.0222814	0.014689	0.0446635	0.045328	0.0341332	0.0372684	0.00521633	0.188995
175	0.0104207	0.00284315	0.00147026	0.00193958	0.0404012	0.00560442	0.00145208	0.379911	0.00638845	0.192022	0.069841	0.00380728	0.00437073	0.00283863	0.00521906	0.0112403	0.0232211	0.227402	0.00634268	0.00326438
176	0.0260469	0.00232646	0.104788	0.297862	0.00257185	0.0365403	0.0152851	0.0129029	0.20007	0.00841537	0.0119206	0.059925	0.00423109	0.0612268	0.0574949	0.0287652	0.0407982	0.0215107	0.00115594	0.00616323
177	0.0288355	0.00142267	0.148338	0.342251	0.0038443	0.050043	0.0154206	0.0101019	0.157803	0.00362056	0.0092168	0.0586749	0.00714297	0.0526352	0.0317288	0.0274036	0.0267076	0.0185092	0.000546113	0.00575404
178	0.367205	0.0208862	0.0036527	0.00861317	0.00757249	0.0427206	0.00273215	0.0705427	0.00780128	0.0208328	0.00994257	0.0202276	0.00975962	0.0149397	0.0101651	0.0920935	0.164101	0.119473	0.00448431	0.00225386
179	0.0460312	0.00790683	0.0129192	0.0474531	0.011904	0.019787	0.0103672	0.0600584	0.12484	0.0208108	0.0217841	0.0178166	0.0100961	0.067278	0.290016	0.0865253	0.0809036	0.0283853	0.0263638	0.00875438
180	0.026485	0.00184296	0.140362	0.333515	0.00356667	0.0435853	0.0142953	0.0108045	0.170109	0.00466998	0.0104442	0.0612992	0.0064847	0.0518041	0.0374309	0.0277376	0.0297612	0.0185811	0.000664201	0.00655739
181	0.0174566	0.00453802	0.0258089	0.0854977	0.00126627	0.0192498	0.0120321	0.0185597	0.306338	0.0122433	0.0115992	0.0343336	0.00260427	0.0840942	0.242193	0.0487426	0.0502899	0.014768	0.0040899	0.00429519
182	0.0118928	0.118848	0.0126079	0.00676318	0.133606	0.0127817	0.104673	0.030852	0.0179032	0.0566804	0.00403985	0.0458906	0.00299657	0.0187985	0.0942388	0.0847222	0.0235005	0.0221068	0.00862985	0.188467
183	0.0105213	0.00189763	0.00187706	0.00258987	0.0377607	0.00499646	0.000769863	0.390057	0.00220633	0.171532	0.0422703	0.00413597	0.00497174	0.00183045	0.0022646	0.00816366	0.0238593	0.283352	0.00246452	0.00247887
184	0.0128384	0.0064999	0.0149506	0.0380421	0.00167939	0.0205248	0.0116425	0.0225035	0.279466	0.0134821	0.0126786	0.0275163	0.00483106	0.0856453	0.322568	0.0552004	0.0438287	0.0154711	0.00677877	0.00385276
185	0.0292981	0.00578239	0.00153723	0.00354057	0.0357293	0.00703419	0.00327938	0.303672	0.0168965	0.162779	0.133277	0.00383425	0.00464747	0.00507948	0.0151181	0.0148607	0.045528	0.196673	0.00767278	0.00376072
186	0.0190335	0.033481	0.0311951	0.0751563	0.0306741	0.0280022	0.0841876	0.0284237	0.071305	0.0850238	0.0154759	0.0775127	0.0102754	0.132384	0.0982642	0.0630262	0.0290092	0.0314094	0.0124759	0.0436844
187	0.023047	0.00991329	0.204496	0.0920039	0.00478748	0.182355	0.0187555	0.0145466	0.0868428	0.0117121	0.00904927	0.131363	0.0129737	0.0239686	0.0291217	0.0959107	0.0147887	0.0107245	0.00622702	0.0174129
188	0.0090981	0.00199544	0.00155371	0.00205595	0.042792	0.00510005	0.00070471	0.385772	0.00185524	0.194263	0.0448611	0.00409864	0.00537641	0.00213778	0.00164663	0.00898493	0.0211288	0.260424	0.00296063	0.00319079
189	0.0094526	0.000867048	0.00236808	0.00217817	0.0319176	0.00476507	0.000634866	0.407495	0.00191146	0.156949	0.0383558	0.0041967	0.00357222	0.00131645	0.0020297	0.00683811	0.0174665	0.303987	0.0020464	0.00165336
190	0.00639349	0.236774	0.00578444	0.00726686	0.0093715	0.0232167	0.112268	0.0209511	0.0291118	0.0532958	0.00995483	0.0155123	0.00260214	0.0322299	0.265987	0.0727798	0.00989393	0.0177406	0.0228302	0.0460361
191	0.0289235	0.00360708	0.208228	0.27542	0.00462176	0.0593347	0.0218022	0.0115688	0.124743	0.00633383	0.00892245	0.0685735	0.0101682	0.04593	0.0297825	0.0375442	0.0248886	0.019571	0.00193824	0.00809943
192	0.0535294	0.018609	0.0023653	0.0130313	0.1731	0.00363443	0.00299214	0.134863	0.0054032	0.225633	0.0804136	0.00521536	0.00935503	0.00900624	0.00530837	0.0170591	0.0533387	0.169336	0.00496249	0.0128441
193	0.354767	0.0126911	0.00748044	0.0161992	0.0264389	0.0172987	0.00601445	0.0642422	0.0116179	0.0445799	0.0189347	0.00892116	0.015278	0.0105465	0.0121008	0.0832138	0.0689868	0.209121	0.00535133	0.00621676
194	0.0448783	0.0108884	0.00529607	0.0100317	0.0440775	0.0100831	0.0228876	0.218115	0.0739457	0.151638	0.134366	0.00900444	0.00577326	0.0167551	0.0475254	0.0324059	0.0484763	0.0933919	0.0119576	0.0085028
