341	20
1	0.0571138	0.000729888	0.174202	0.0944545	0.000993687	0.00224829	0.0216371	0.00201125	0.0942117	0.017337	0.00141098	0.0698115	0.281963	0.0780347	0.0359326	0.0597983	0.00405279	0.00257588	0.00040298	0.00107826
2	0.0576899	0.0015666	0.0659242	0.122244	0.0043293	0.0366833	0.0268117	0.0390419	0.0978257	0.0383248	0.0277155	0.054591	0.0162657	0.107109	0.0729799	0.0646777	0.0728979	0.0860187	0.000945656	0.00635732
3	0.114585	0.000204248	0.220499	0.297418	0.00419832	0.0257074	0.0139954	0.000575434	0.0628346	0.00143066	0.0024648	0.0546481	0.00253954	0.0694871	0.0253494	0.0654592	0.0210395	0.0127928	9.33207e-05	0.00467887
4	0.0818592	0.00147124	0.0943971	0.0340389	0.00134609	0.0028291	0.00318304	0.0029527	0.342052	0.0033767	0.0663697	0.0439965	0.0264916	0.0789946	0.185366	0.00671037	0.018038	0.00404612	0.000668683	0.00181309
5	0.0633156	0.00487009	0.000703236	0.00215687	0.0207035	0.0126159	0.00475885	0.27479	0.00448272	0.156601	0.0997431	0.00297657	0.0121758	0.0074183	0.00438452	0.0308506	0.0760589	0.21027	0.00364767	0.00747622
6	0.0140277	0.00217109	0.00553187	0.00560561	0.00223094	0.00390398	0.00523203	0.00468152	0.420837	0.00620413	0.00444398	0.139588	0.0379515	0.0257651	0.253597	0.0492883	0.00948124	0.00637635	0.000823818	0.00225851
7	0.0741385	0.00427638	0.00226106	0.00283526	0.064173	0.00157652	0.00310695	0.319243	0.00234809	0.0111136	0.0224151	0.00262656	0.00123079	0.00240688	0.00205037	0.00351903	0.0177413	0.447239	0.00045883	0.0152397
8	0.0382335	0.00873581	0.00172036	0.00375257	0.00887513	0.00282825	0.00307303	0.16139	0.00189645	0.163825	0.0197417	0.0030005	0.00234644	0.0021401	0.00293228	0.00479565	0.0252888	0.543467	0.00057896	0.00137848
9	0.011181	0.00759083	0.00288736	0.00544985	0.0380653	0.00242866	0.00527625	0.0855254	0.00659094	0.682215	0.0758193	0.00248556	0.00418922	0.00745597	0.00410538	0.00656892	0.00723664	0.0358408	0.000803618	0.00828431
10	0.0108291	0.000504735	0.00119463	0.00149899	0.246156	0.00116671	0.00129237	0.120743	0.00162246	0.475251	0.0511344	0.0013603	0.000514674	0.00143659	0.00157326	0.0028074	0.00687248	0.0699393	0.00299076	0.00111134
11	0.0856671	0.0024381	0.126302	0.424982	0.00510537	0.018512	0.0156729	0.00895402	0.0493847	0.0115575	0.0046612	0.0271366	0.0104748	0.0716205	0.0353699	0.0422359	0.0314205	0.0179961	0.00244568	0.00806236
12	0.0473793	0.00193266	0.0499024	0.00858348	0.0025239	0.0816245	0.0291216	0.00527364	0.0122885	0.00451231	0.0169546	0.524033	0.0027996	0.00701661	0.0296095	0.146354	0.0211646	0.00569047	0.00116187	0.00207413
13	0.021485	0.00225647	0.00163053	0.00100784	0.00224857	0.00171849	0.0016423	0.493064	0.00133114	0.117942	0.0087208	0.000931112	0.0046025	0.000745898	0.00121695	0.0014465	0.00772168	0.32948	0.000149303	0.000659207
14	0.0745005	0.00203498	0.0697056	0.0148663	0.00270032	0.0315856	0.0869761	0.00617081	0.0133601	0.00714915	0.0202211	0.39561	0.00375951	0.0150433	0.0340988	0.189068	0.0223856	0.00669601	0.000764481	0.00330432
15	0.0647056	0.00037473	0.101662	0.086656	0.00941335	0.0243966	0.0289619	0.0165178	0.0776578	0.0261727	0.00955065	0.16501	0.00544531	0.104171	0.0710251	0.0979801	0.0822203	0.0153902	0.000235949	0.0124524
16	0.0393354	0.00963287	0.000609908	0.00282537	0.0101644	0.000540479	0.0022234	0.150257	0.000775167	0.0394329	0.0179614	0.00292277	0.000958294	0.000672395	0.00102224	0.00130781	0.0309092	0.687243	9.70097e-05	0.00110947
17	0.0250442	0.00201931	0.209296	0.41337	0.00366363	0.00458933	0.00707119	0.0215343	0.0588855	0.00483401	0.00405648	0.0141947	0.00239178	0.0295484	0.0493993	0.0139752	0.0692446	0.0613594	0.00122403	0.00429847
18	0.0690374	0.00213375	0.00736169	0.0282206	0.0599314	0.00726241	0.0413936	0.0471643	0.00960277	0.0941533	0.00615516	0.0632386	0.00182085	0.00862809	0.119895	0.0995201	0.173399	0.0696652	0.00184733	0.08957
19	0.0100713	0.00202232	0.00375896	0.0057813	0.00246923	0.00394626	0.263574	0.153822	0.00574123	0.150911	0.0241914	0.00524476	0.00196053	0.00569793	0.100984	0.00881351	0.00801917	0.155326	0.00101263	0.086653
20	0.102441	0.0014757	0.0325514	0.0174283	0.0018603	0.00654909	0.00317145	0.00385193	0.260965	0.00398967	0.00663181	0.0415833	0.102213	0.0195409	0.0311313	0.16371	0.192792	0.00513468	0.0007887	0.00219125
21	0.13081	0.00350595	0.0299826	0.0509698	0.000586479	0.278574	0.0253033	0.00113798	0.102256	0.00185566	0.00087489	0.0634648	0.00779427	0.0326419	0.0409006	0.144731	0.0819325	0.00170849	0.000287583	0.000681593
22	0.50982	0.0208209	0.000605911	0.000851286	0.000391368	0.0134367	0.000589755	0.000772057	0.000821949	0.000819453	0.000497038	0.000786763	0.000323013	0.00089733	0.000914387	0.42869	0.00942923	0.00902406	0.000149072	0.000359444
23	0.00147928	0.00796543	0.000632895	0.00386673	0.0133177	0.000544865	0.00682077	0.037851	0.00519041	0.794886	0.0993585	0.00080951	0.00315349	0.00529287	0.000679879	0.00159404	0.00128846	0.00309064	0.00017351	0.0120045
24	0.0627572	0.00135623	0.20272	0.133337	0.00149957	0.132169	0.00330165	0.00244728	0.0165675	0.00336036	0.00261939	0.0277752	0.127228	0.00408005	0.00467152	0.225579	0.0424575	0.00382922	0.000738223	0.00150672
25	0.11577	0.0001968	0.221313	0.299939	0.0040732	0.0253122	0.0139916	0.000399077	0.0620195	0.00128885	0.00246269	0.053743	0.00235333	0.0692183	0.0250715	0.0646118	0.0205162	0.0129447	8.68206e-05	0.00468833
26	0.107146	0.000508971	0.171691	0.539953	0.000802468	0.00383791	0.0128942	0.0014098	0.0323452	0.00190808	0.00105409	0.00623135	0.000861589	0.0789875	0.00361895	0.0181739	0.0138754	0.00280411	0.000590418	0.00130537
27	0.059482	0.014094	0.00279822	0.00609946	0.0363772	0.00740792	0.0053947	0.24728	0.00573654	0.300836	0.0543702	0.00503446	0.00472984	0.00600526	0.00722039	0.0158219	0.0286367	0.184717	0.00185569	0.00610206
28	0.0443758	0.0135081	0.0160401	0.0166454	0.00158582	0.00275687	0.0266473	0.441608	0.171705	0.0767422	0.0022973	0.00328824	0.00127007	0.0293118	0.0736122	0.00612144	0.0167729	0.0538055	0.000649515	0.00125647
29	0.1123	0.000375399	0.147477	0.386408	0.0025835	0.00931715	0.00981839	0.0018572	0.100906	0.00180039	0.002133	0.0383826	0.00808344	0.0299374	0.0630849	0.0380153	0.0318624	0.0124959	0.000234769	0.00292728
30	0.377445	0.00214064	0.00530769	0.0698308	0.0022507	0.0149763	0.0247036	0.0496681	0.137392	0.00475997	0.003139	0.00512502	0.00229478	0.0256491	0.173124	0.0539003	0.00860216	0.0358485	0.00117508	0.00266783
31	0.0440143	0.00828183	0.000752298	0.0020073	0.00329037	0.00966847	0.00202837	0.367983	0.00126796	0.286334	0.0201712	0.00123685	0.00166195	0.00126974	0.00224869	0.00368063	0.00834738	0.234191	0.000765362	0.000799189
32	0.282709	0.0389145	0.00701915	0.00395337	0.0221512	0.00265423	0.0251506	0.0768934	0.0140371	0.00905991	0.0191231	0.00411966	0.00162152	0.00360374	0.0126032	0.00992731	0.0452899	0.381602	0.000681321	0.038886
33	0.0107633	0.000750794	0.0593102	0.0309101	0.00163707	0.00394939	0.539227	0.00255435	0.0543074	0.00339429	0.00170171	0.0289827	0.00131456	0.117413	0.0809381	0.0426604	0.0140403	0.00357415	0.000349046	0.00222148
34	0.0642875	0.00734525	0.000651101	0.00228818	0.0184049	0.0128501	0.00460472	0.278996	0.00317368	0.184246	0.0869398	0.00274622	0.00828047	0.00597325	0.00442811	0.0244909	0.0560703	0.224675	0.00366889	0.00587944
35	0.0387028	0.00584493	0.000960723	0.00149802	0.001049	0.00548454	0.0012196	0.408504	0.00120045	0.171189	0.0104802	0.000790949	0.00196354	0.000744893	0.00146571	0.00160694	0.00673926	0.339902	0.000120114	0.000533312
36	0.0300334	0.00104684	0.00326192	0.00256152	0.000425837	0.929887	0.00150388	0.00126389	0.00405853	0.000987281	0.000814042	0.00551479	0.000563593	0.00199353	0.00375742	0.00757829	0.00269075	0.00137231	0.000225999	0.000459155
37	0.00328189	0.000404177	0.000618278	0.00107232	0.00510508	0.00107941	0.00406017	0.642017	0.00166548	0.228955	0.027638	0.000956366	0.00322207	0.000866989	0.00105131	0.00195056	0.00288308	0.0716742	0.000131461	0.00136675
38	0.053252	0.00628645	0.0175381	0.0235842	0.0132148	0.0150569	0.0436245	0.0130614	0.130092	0.0171133	0.0104013	0.0272013	0.00558283	0.0401171	0.497261	0.0357819	0.02588	0.0170328	0.00238547	0.0055327
39	0.15649	0.0127292	0.0319372	0.0299586	0.00423941	0.0463762	0.0136748	0.010207	0.0228524	0.0138761	0.0101145	0.0448898	0.0134645	0.0217864	0.0202066	0.418739	0.103975	0.0179292	0.0022278	0.00432628
40	0.0737373	0.00479273	0.0109117	0.0250694	0.0111073	0.00888718	0.0404902	0.009187	0.198232	0.012125	0.00942125	0.0161284	0.00493729	0.0328678	0.487218	0.0215685	0.0168243	0.0119377	0.0011278	0.00342931
41	0.00369076	0.000909418	0.00214472	0.0018801	0.00076208	0.00250681	0.00151716	0.00153394	0.00246298	0.00218348	0.00123987	0.00384585	0.00089774	0.00194755	0.00176793	0.191712	0.775793	0.00218343	0.000319905	0.000701018
42	0.00836996	0.00154869	0.0143757	0.0227641	0.018018	0.00510149	0.161733	0.00325442	0.0794451	0.00371045	0.00234159	0.132546	0.00188432	0.270597	0.164787	0.0370114	0.0362968	0.0183776	0.000604279	0.0172333
43	0.0162485	0.00256531	0.000819343	0.00148147	0.00516588	0.00328269	0.00304581	0.352143	0.00126008	0.421207	0.0281644	0.000949116	0.00254049	0.000972133	0.00152023	0.00495705	0.00678207	0.145683	0.000180935	0.00103162
44	0.00888356	0.00163538	0.0622811	0.00447224	0.0019584	0.00350077	0.00381848	0.0109702	0.00495054	0.0189781	0.00299112	0.347497	0.0168393	0.00468215	0.00513143	0.255833	0.238098	0.00487542	0.000939528	0.00166426
45	0.227195	0.000454776	0.0703388	0.295275	0.000688995	0.00825919	0.00353246	0.00110645	0.12816	0.00612149	0.000963435	0.0183035	0.0424387	0.0192738	0.102463	0.0321994	0.0313583	0.010102	0.000308711	0.00145828
46	0.138342	0.000409347	0.122775	0.353369	0.00142043	0.00816926	0.00511121	0.00140489	0.134519	0.00297825	0.00126689	0.0312237	0.017715	0.0195745	0.0849446	0.0350062	0.0307759	0.00928792	0.000249017	0.00145826
47	0.0413873	0.0109232	0.00048613	0.00298334	0.0126432	0.000508494	0.00251863	0.119594	0.000748899	0.0324769	0.0214253	0.00301144	0.000306369	0.000672752	0.000643531	0.00108203	0.032232	0.714636	0.000100936	0.00161978
48	0.00780023	0.000452453	0.000803569	0.00104644	0.239696	0.000887607	0.000873768	0.139865	0.00130385	0.47067	0.0527917	0.00106156	0.00047981	0.00105454	0.00115376	0.00240592	0.00667153	0.0674705	0.00224951	0.00126299
49	0.115791	0.00019679	0.221282	0.300003	0.00406934	0.025296	0.013979	0.000397524	0.0620623	0.00128698	0.00244662	0.053709	0.0023518	0.0691766	0.0251145	0.0645929	0.0205227	0.0129519	8.68206e-05	0.00468322
50	0.0145019	0.0074984	0.001867	0.00550923	0.0345957	0.00394644	0.00557351	0.0778043	0.00517122	0.683247	0.0842293	0.00405918	0.00245393	0.0065812	0.00313301	0.0071768	0.00799135	0.0339508	0.000688119	0.0100217
51	0.0637496	0.00593284	0.00082024	0.00317463	0.0197565	0.0120446	0.00549925	0.277132	0.00401053	0.163174	0.0923572	0.00337702	0.00950802	0.00804654	0.00668241	0.0282896	0.0671979	0.218014	0.00461175	0.00662053
52	0.415128	0.0710876	0.00369202	0.011203	0.00384731	0.230775	0.0034506	0.0189885	0.00774399	0.00461441	0.00265883	0.00364699	0.00269812	0.0042254	0.00668071	0.100282	0.0676909	0.0375137	0.000627579	0.00344568
53	0.0271902	0.00279948	0.00210429	0.00105045	0.00205021	0.0018268	0.000735596	0.45892	0.00107472	0.0800518	0.00412779	0.00104478	0.00279754	0.000688221	0.00112921	0.00133186	0.00926422	0.401274	0.000125656	0.000412707
54	0.0262631	0.000282999	0.00401853	0.00300812	0.000385986	0.93277	0.00198668	0.00104509	0.00482347	0.00118287	0.000587484	0.00698347	0.00162472	0.00176218	0.00375776	0.00570883	0.00176432	0.00148929	0.000205488	0.000350131
55	0.326075	0.152336	0.010729	0.014656	0.00762618	0.0494007	0.0136275	0.0216393	0.0154512	0.0708996	0.03493	0.0119968	0.00554194	0.014075	0.012898	0.0643959	0.105442	0.0573493	0.00242027	0.00850963
56	0.00375817	0.00704632	0.00163639	0.00232798	0.442748	0.00117872	0.0430026	0.00136755	0.00244284	0.00221155	0.00136811	0.00695046	0.000636561	0.00655516	0.00228259	0.00355638	0.00247804	0.00332854	0.00253798	0.462586
57	0.0824326	0.0521863	0.0302961	0.0150714	0.0041825	0.0201821	0.0104506	0.00859009	0.0151969	0.0115305	0.0117958	0.0398942	0.00766629	0.0122111	0.00967539	0.467697	0.178046	0.0172459	0.0014308	0.00421912
58	0.028002	0.00410603	0.0025811	0.003361	0.008851	0.00351631	0.00345578	0.477073	0.00367903	0.0912254	0.0167721	0.00222764	0.00342617	0.00337224	0.00556192	0.00580743	0.0193516	0.313162	0.000772284	0.00369558
59	0.0265566	0.000492785	0.00253083	0.00193474	0.000370358	0.941285	0.00142009	0.000714049	0.00313505	0.000762549	0.000529418	0.00425632	0.000476602	0.00147589	0.00314855	0.00745241	0.00187141	0.00103623	0.000199579	0.000351517
60	0.0263032	0.0055799	0.0120156	0.0150883	0.0048776	0.00945727	0.0104834	0.0276521	0.0158591	0.0213912	0.0104155	0.0215574	0.00649882	0.0142135	0.0149669	0.146159	0.604069	0.026864	0.00181913	0.00472939
61	0.0398464	0.00204809	0.223858	0.0578507	0.00300202	0.0255061	0.0167814	0.0071253	0.0179686	0.00872919	0.0102729	0.360511	0.0129575	0.0176931	0.0203087	0.126389	0.0347491	0.00868967	0.00239611	0.0033171
62	0.0590568	0.00440476	0.0651924	0.0912843	0.0119089	0.0302999	0.0509835	0.0148707	0.0648732	0.0202323	0.0112267	0.136418	0.0234015	0.191707	0.0705483	0.0680975	0.0492745	0.0206261	0.00262108	0.0129726
63	0.0477011	0.00998848	0.0018163	0.00618938	0.0183243	0.00418278	0.0299034	0.193734	0.00426115	0.0810676	0.0472118	0.00458842	0.00315186	0.00595788	0.0112061	0.0105664	0.0363615	0.46937	0.00137644	0.013041
64	0.0165151	0.000549736	0.743498	0.107576	0.000790577	0.00450359	0.00128598	0.00150793	0.0158435	0.0027523	0.000859319	0.0532575	0.00343582	0.0111819	0.0017187	0.0116043	0.00217873	0.0199275	0.000316706	0.000697434
65	0.0339855	0.00715341	0.00163672	0.00294179	0.038577	0.00537252	0.00428419	0.307132	0.00285858	0.302618	0.0380806	0.00268452	0.00310416	0.00326626	0.00466882	0.00954332	0.0182787	0.204881	0.00124432	0.00768924
66	0.048831	0.000874691	0.190079	0.150061	0.001585	0.0395554	0.00393988	0.0210996	0.176814	0.0226994	0.00372782	0.088014	0.0397876	0.0607187	0.0172652	0.05597	0.0630083	0.0136743	0.000476326	0.00181949
67	0.320043	0.00211169	0.0338474	0.0947136	0.0302958	0.0248632	0.0502548	0.00493752	0.0323022	0.00582329	0.00504806	0.00534972	0.00273462	0.0107668	0.0101475	0.0976289	0.124382	0.0492465	0.000870351	0.0946331
68	0.27354	0.140311	0.00905413	0.0150799	0.00841709	0.0118302	0.0095262	0.0362091	0.0127141	0.162796	0.0612956	0.00847779	0.00405299	0.0177876	0.0111324	0.0325556	0.0837685	0.0917806	0.00301478	0.006656
69	0.24386	0.00246369	0.00930091	0.115742	0.00213886	0.0574255	0.00509906	0.00661209	0.0608859	0.038906	0.0578743	0.0303321	0.00277105	0.0508494	0.101495	0.0563269	0.142613	0.0116376	0.00140368	0.00226393
70	0.0676731	0.0124104	0.00265216	0.00312018	0.012861	0.00274533	0.140169	0.013308	0.0808015	0.108612	0.0242298	0.0574154	0.00144509	0.0144133	0.349112	0.0413701	0.0386616	0.00395929	0.000637006	0.0244035
71	0.0385351	0.000756695	0.00077171	0.00178446	0.000619303	0.933125	0.00093096	0.000731945	0.00157603	0.00101572	0.000838703	0.00174071	0.000470069	0.00131176	0.00347148	0.00754518	0.00248289	0.00156426	0.000191004	0.000536728
72	0.00715668	0.000589367	0.00368437	0.00112065	0.00149262	0.00081623	0.00098433	0.656271	0.00125249	0.0125679	0.000706542	0.00116541	0.000988591	0.000976666	0.00102484	0.00164433	0.0110166	0.295893	0.00019516	0.000453278
73	0.245553	0.00196989	0.0047454	0.0055345	0.00199779	0.0511374	0.00389253	0.0186127	0.00489004	0.00476721	0.00269972	0.0156989	0.361427	0.018778	0.0173981	0.15289	0.0184663	0.0669828	0.000649045	0.00191023
74	0.053731	0.0108289	0.00121313	0.00353626	0.0145924	0.00157559	0.00300819	0.168282	0.00245434	0.0483271	0.0206888	0.00297103	0.00132777	0.00138844	0.00285102	0.00318777	0.0314412	0.625018	0.000528898	0.00304824
75	0.0162268	0.00703457	0.00874955	0.0101401	0.351571	0.00557691	0.0341477	0.0523087	0.00912516	0.11823	0.0237209	0.012017	0.00626686	0.0118721	0.0117796	0.0170112	0.0176371	0.0440087	0.00657822	0.235998
76	0.0466677	0.00314493	0.0607844	0.0247059	0.00523218	0.0432028	0.0223011	0.0116744	0.0250612	0.0166821	0.0132706	0.462199	0.00953272	0.0229686	0.0310599	0.127467	0.0535015	0.0116836	0.00277897	0.00608171
77	0.405914	0.0213	0.0089181	0.0164258	0.00459994	0.156226	0.0094578	0.00969668	0.0178679	0.0108546	0.00545344	0.0206405	0.00964387	0.011555	0.0148609	0.224701	0.0317669	0.0147126	0.000581514	0.00482315
78	0.0966877	0.00930521	0.0535537	0.0505727	0.0156552	0.0354469	0.0129657	0.0263266	0.0344249	0.0209582	0.0103437	0.0280647	0.381804	0.0370553	0.0291845	0.0734447	0.0343479	0.0443551	0.00183063	0.00367251
79	0.00319676	0.00630012	0.00126144	0.00172052	0.458879	0.00118547	0.0361526	0.00136506	0.00193218	0.00178746	0.00100487	0.00527578	0.000562978	0.00570396	0.00174472	0.002846	0.00234884	0.001851	0.000523912	0.464357
80	0.459284	0.0413794	0.00140835	0.00525058	0.00266617	0.122468	0.0019708	0.00491486	0.00490609	0.00236247	0.00148517	0.00180423	0.000671914	0.00211158	0.00424339	0.304682	0.0211627	0.014183	0.000341224	0.00270371
81	0.0430918	0.00325309	0.0621311	0.0245816	0.00552025	0.0352193	0.0245913	0.00992434	0.0333532	0.0158576	0.0129484	0.464342	0.0084967	0.0211421	0.0368753	0.124994	0.0486658	0.0148589	0.00277087	0.00738263
82	0.0223046	0.00339052	0.0131576	0.0111312	0.00221983	0.010424	0.00580221	0.00692035	0.00981919	0.00985464	0.0059388	0.0194735	0.0032242	0.00784544	0.007889	0.246168	0.601675	0.00987031	0.000526501	0.00236541
83	0.0508589	0.0086831	0.0149044	0.0224296	0.0114698	0.0101331	0.0454961	0.017238	0.124026	0.0195632	0.012608	0.0266411	0.00624859	0.0429501	0.49533	0.0303408	0.0263716	0.0236823	0.00298064	0.00804402
84	0.178372	0.0124646	0.0315289	0.0260713	0.00564301	0.0444259	0.014716	0.0113375	0.019694	0.0141773	0.0113371	0.0588475	0.0163718	0.0197378	0.0173659	0.401172	0.0912994	0.0187195	0.00118445	0.00553406
85	0.0471711	0.0111212	0.00368779	0.00748212	0.011976	0.0032637	0.00610358	0.158801	0.00628863	0.047277	0.021109	0.00716375	0.0033659	0.00500767	0.00574053	0.00937595	0.0357724	0.604138	0.00116092	0.00399393
86	0.35003	0.0197589	0.00797489	0.0119625	0.0133876	0.0252839	0.016458	0.0750493	0.0131354	0.0332299	0.0151705	0.00994991	0.0063508	0.00912952	0.0156413	0.0593499	0.0330585	0.273234	0.00184044	0.0100052
87	0.0845041	0.00369976	0.133458	0.389988	0.00467931	0.0188859	0.0192284	0.0127678	0.0486213	0.0140249	0.00800453	0.0316863	0.0110066	0.0759032	0.0330812	0.0422633	0.0343659	0.0220916	0.0039119	0.00782834
88	0.00135828	0.00684964	0.000526894	0.00299898	0.0123544	0.000492558	0.0051687	0.0357315	0.00485935	0.804481	0.100183	0.000591021	0.00266031	0.00495556	0.000601356	0.00141538	0.0011128	0.00324308	0.000148126	0.0102682
89	0.0429977	0.0106843	0.000544444	0.00328279	0.0123964	0.00070314	0.00250643	0.12716	0.000865393	0.0338838	0.0218628	0.0029633	0.00130371	0.000838882	0.00159635	0.00221886	0.0366454	0.6957	0.000115382	0.00173163
90	0.00328189	0.000404177	0.000618278	0.00107232	0.00510508	0.00107941	0.00406017	0.642017	0.00166548	0.228955	0.027638	0.000956366	0.00322207	0.000866989	0.00105131	0.00195056	0.00288308	0.0716742	0.000131461	0.00136675
91	0.402498	0.0542465	0.00211991	0.0125771	0.00604663	0.304695	0.0025228	0.00842925	0.00934821	0.00294575	0.00148116	0.00258653	0.00109559	0.00282943	0.00809754	0.116402	0.039133	0.0164613	0.000429018	0.00605598
92	0.0268223	0.00277668	0.0832896	0.410193	0.00606404	0.00809024	0.036314	0.00648727	0.0121727	0.0365633	0.00465825	0.0102509	0.00405517	0.205595	0.010544	0.0432737	0.0143563	0.010756	0.031699	0.0360382
93	0.0631743	0.00476329	0.000697959	0.00217821	0.0204856	0.012329	0.0047913	0.276288	0.00443752	0.156801	0.0996193	0.00296091	0.0119764	0.00739773	0.00448592	0.0308763	0.07514	0.210435	0.00370825	0.00745419
94	0.00956923	0.00115264	0.00243701	0.00101399	0.00210855	0.00151718	0.00137758	0.640404	0.00125407	0.0803656	0.00802399	0.000919976	0.00162654	0.000892097	0.00104046	0.00151291	0.00719944	0.236727	0.000177878	0.000679791
95	0.145738	0.0521756	0.00266198	0.00343977	0.0244689	0.00536301	0.0120682	0.0627326	0.00396633	0.199023	0.246465	0.0144601	0.00149523	0.00545739	0.00343743	0.0845244	0.0709042	0.0462339	0.0020497	0.013336
96	0.00156837	0.00647813	0.000591201	0.00287095	0.0135781	0.000645434	0.00528406	0.037464	0.00476542	0.797163	0.104147	0.000697885	0.00252516	0.00466541	0.000669077	0.00141399	0.00126291	0.00412045	0.000158866	0.00993118
97	0.135164	0.03169	0.00300027	0.00443449	0.0268733	0.00533136	0.0173588	0.0670575	0.00470306	0.195348	0.265186	0.0134782	0.00197766	0.004586	0.00429775	0.0854307	0.0831036	0.0294154	0.00120423	0.0203594
98	0.0533062	0.00837682	0.0139587	0.0258202	0.011543	0.0226616	0.0342949	0.0204957	0.123952	0.0282759	0.0120931	0.0263363	0.00866182	0.0377775	0.490793	0.0308455	0.0250467	0.0179059	0.00308872	0.00476563
99	0.00567292	0.00102658	0.0421386	0.0189359	0.00351695	0.0174307	0.0921841	0.00222212	0.147592	0.00236404	0.00163708	0.119106	0.00130122	0.157918	0.295238	0.061696	0.015184	0.00494069	0.000503925	0.00939119
100	0.0402332	0.00611577	0.00102832	0.00160786	0.00107144	0.00549332	0.00120362	0.407066	0.00116984	0.167375	0.0108965	0.000848331	0.00200636	0.00080479	0.00166238	0.0018535	0.00734484	0.341559	0.000221808	0.000438535
101	0.0387464	0.0509923	0.00568285	0.00718215	0.0925558	0.0818171	0.00565366	0.053625	0.00716048	0.00747667	0.0274458	0.00634481	0.384468	0.00826571	0.00730265	0.0619427	0.091326	0.0576468	0.00114683	0.00321791
102	0.15869	0.00154793	0.151491	0.233719	0.00355733	0.0138766	0.0104291	0.00397674	0.0438145	0.0312993	0.0194355	0.0213405	0.0182085	0.112551	0.033611	0.0666294	0.0392286	0.0309461	0.000781478	0.00486538
103	0.0372506	0.00174246	0.0042037	0.00593338	0.0171998	0.0039088	0.0471458	0.0042544	0.191215	0.0064938	0.00354794	0.00972645	0.00278454	0.0234962	0.614219	0.0101665	0.00761328	0.00506959	0.00121628	0.00281172
104	0.008531	0.00183604	0.0472472	0.00394701	0.00145554	0.00469072	0.0048083	0.0166291	0.00423108	0.0115218	0.00289366	0.482267	0.00935413	0.00382485	0.00596084	0.292157	0.0920994	0.00436037	0.000749	0.00143589
105	0.254013	0.0149408	0.00379361	0.0207781	0.00251863	0.0108526	0.0547468	0.0449688	0.0455117	0.0368015	0.0638609	0.0146424	0.00153505	0.0601689	0.0650907	0.0685262	0.10722	0.089388	0.0264698	0.0141722
106	0.191085	0.142915	0.00268349	0.00379653	0.00888809	0.00423526	0.00391304	0.0391336	0.00404034	0.242264	0.105032	0.00573197	0.00163446	0.017183	0.00384543	0.0209433	0.0566351	0.14007	0.00343091	0.00253875
107	0.00587696	0.000736128	0.0409595	0.018	0.00248424	0.00471074	0.464243	0.00197348	0.0788864	0.00217404	0.0014746	0.0477275	0.00121736	0.124818	0.143599	0.0399889	0.0127334	0.00393879	0.000372886	0.00408566
108	0.103269	0.000601289	0.0837229	0.0895424	0.00652365	0.0271562	0.0283214	0.0126118	0.0702838	0.0430057	0.00988413	0.157999	0.00574084	0.092223	0.101243	0.0783304	0.0680842	0.012827	0.000292533	0.00833733
109	0.162418	0.00729503	0.0271132	0.0432869	0.00290565	0.334568	0.0166343	0.00528307	0.0917194	0.00542486	0.00360173	0.0510973	0.00673221	0.0245534	0.035727	0.122537	0.0486731	0.00667029	0.000761756	0.00299747
110	0.0417502	0.000669158	0.0216242	0.195365	0.00238231	0.0356177	0.0161859	0.138918	0.0369886	0.0570488	0.00968143	0.0178552	0.00208117	0.0684895	0.0205906	0.033188	0.106749	0.191634	0.00128346	0.00189728
111	0.0707351	0.0145699	0.038093	0.047156	0.0383819	0.0365669	0.0408744	0.0394092	0.0403827	0.0600776	0.0289832	0.0472305	0.0154827	0.0442651	0.0449565	0.0573758	0.0531364	0.0510746	0.187324	0.0439243
112	0.0605138	0.000520419	0.114194	0.0779633	0.00782025	0.0256055	0.0254738	0.0204822	0.0829207	0.034271	0.0206144	0.15499	0.0121258	0.100614	0.0678485	0.0878966	0.0723975	0.0216777	0.000161241	0.011909
113	0.0760795	0.00562011	0.0453605	0.0633541	0.00961814	0.0381896	0.0326256	0.0190514	0.270843	0.0247473	0.0153376	0.0538045	0.0209388	0.0505748	0.126503	0.0641437	0.0461707	0.0259547	0.00256682	0.00851656
114	0.0576231	0.00252974	0.00936204	0.0948647	0.0049898	0.0324708	0.00834147	0.0934014	0.0130311	0.0904735	0.0061625	0.00945532	0.00207977	0.0386095	0.0137476	0.208882	0.223619	0.0848218	0.00204196	0.00349233
115	0.534555	0.0184023	0.00239148	0.00259754	0.00133071	0.0229852	0.00343502	0.00174232	0.00199335	0.001783	0.000840271	0.00312072	0.000644978	0.00204684	0.00303179	0.374171	0.0106075	0.013299	0.000335569	0.000686397
116	0.18075	0.00118307	0.0869356	0.0568535	0.00137806	0.0127836	0.0434345	0.0452456	0.157486	0.00302538	0.00153444	0.0645841	0.00141975	0.0237447	0.00331443	0.0673073	0.152775	0.0941784	0.000477256	0.00159
117	0.0214363	0.000677287	0.0838478	0.0332945	0.00047473	0.572697	0.0243158	0.000820924	0.0596153	0.0011193	0.000780172	0.128842	0.000475783	0.0151341	0.0246832	0.0259806	0.00353713	0.00146857	0.00021306	0.000586622
118	0.453607	0.0720714	0.00219639	0.00210634	0.00107403	0.0115925	0.00185882	0.00199208	0.00288345	0.00317231	0.00217104	0.00207615	0.00104967	0.00238511	0.00235487	0.414587	0.0121641	0.00918742	0.000553216	0.000917283
119	0.00954476	0.0304622	0.00341587	0.00484744	0.212067	0.00312387	0.211938	0.00395958	0.0197073	0.00686211	0.00393185	0.0455922	0.00165662	0.0087546	0.0216131	0.00942832	0.00708713	0.0366653	0.0637513	0.295592
120	0.0759764	0.00347357	0.121316	0.404488	0.00600874	0.0212455	0.0155917	0.0129246	0.0457075	0.0160822	0.00841921	0.029554	0.0141008	0.0783032	0.0334925	0.0442922	0.0360604	0.0214176	0.00456754	0.00697825
121	0.0461584	0.0102546	0.000518428	0.00360213	0.0111519	0.000590577	0.00233882	0.135024	0.000744957	0.0355293	0.0183012	0.0029019	0.00210982	0.000771257	0.00220158	0.00228044	0.037697	0.686139	0.000128616	0.00155603
122	0.0501563	0.00819724	0.0137337	0.0241163	0.0116752	0.0125553	0.0461312	0.0170309	0.121325	0.0204197	0.00980184	0.02754	0.00679693	0.0416885	0.50764	0.0290303	0.0236457	0.0205566	0.00233407	0.0056251
123	0.0577209	0.00327315	0.00289573	0.00458071	0.000781584	0.878214	0.00173774	0.00184626	0.0061791	0.00141621	0.000929759	0.00434182	0.00305846	0.00236508	0.00545264	0.0157158	0.0053567	0.00307325	0.000238931	0.000822562
124	0.0517886	0.0116562	0.0199026	0.0336287	0.00456383	0.0213382	0.029242	0.0194972	0.222132	0.019404	0.0145625	0.0531248	0.0113973	0.060387	0.217299	0.0832099	0.086158	0.0330616	0.00134596	0.00630023
125	0.0200327	0.0447323	0.00683701	0.0120294	0.00385096	0.00665171	0.0105494	0.0442651	0.131439	0.0142484	0.0108478	0.0719026	0.00364564	0.0251859	0.213416	0.0517429	0.210394	0.113378	0.00124636	0.00360466
126	0.0127847	0.0023358	0.00124884	0.0024708	0.0148547	0.00275111	0.00406054	0.46475	0.00465621	0.320491	0.0311294	0.00109975	0.00298552	0.00200727	0.00285833	0.00479796	0.00823935	0.11322	0.000502799	0.00275608
127	0.0431838	0.00143055	0.0022189	0.00311621	0.000821915	0.908084	0.00224309	0.00159335	0.00398999	0.00213333	0.00104964	0.00418725	0.000626512	0.00183062	0.00370134	0.0128812	0.00399917	0.00190286	0.000255089	0.000750933
128	0.0361757	0.00962818	0.00569804	0.0119749	0.0277688	0.00578285	0.0136514	0.382503	0.0543259	0.148998	0.0244098	0.00505471	0.00415456	0.0138271	0.0275063	0.0133689	0.0234196	0.16583	0.00108037	0.0248408
129	0.0104596	0.000772127	0.00401789	0.00108062	0.0014677	0.000804541	0.000925518	0.606568	0.00131156	0.0233221	0.00102487	0.00104526	0.00137924	0.000861904	0.000984617	0.00155461	0.00979082	0.332015	0.000185612	0.000428638
130	0.0413175	0.00178432	0.0208327	0.0182463	0.0020153	0.747595	0.00839359	0.00292284	0.0298312	0.00443458	0.00231888	0.0331356	0.00190435	0.0110837	0.0281752	0.0261502	0.011897	0.00564964	0.000524499	0.00178777
131	0.0287874	0.020964	0.0247844	0.024758	0.13958	0.0131536	0.123153	0.0173834	0.0234484	0.0218321	0.00950383	0.0444011	0.00565723	0.022524	0.024083	0.0283945	0.0232941	0.036381	0.0932362	0.274681
132	0.0755403	0.00444067	0.0147761	0.0167409	0.00190451	0.681084	0.00635214	0.00255276	0.0225856	0.00447222	0.00237208	0.0237429	0.00469499	0.0103319	0.0128308	0.088311	0.0205849	0.00442183	0.000255878	0.00200483
133	0.0523056	0.00156583	0.0504475	0.0048664	0.00176878	0.0284694	0.0463628	0.00446336	0.00517369	0.00378307	0.019439	0.537889	0.0019951	0.00509236	0.0453445	0.168429	0.0149091	0.00478545	0.000742817	0.00216749
134	0.0321699	0.00497678	0.00248063	0.00484847	0.00835336	0.00342072	0.00323147	0.42816	0.00222941	0.0520283	0.0190436	0.00193031	0.00469612	0.00332559	0.00526262	0.0078806	0.0380485	0.373692	0.000650977	0.00357072
135	0.0274635	0.000488968	0.00227938	0.0021832	0.000423692	0.937962	0.00142416	0.00128313	0.00357064	0.00171177	0.000557316	0.00400547	0.000437175	0.00206927	0.00345055	0.00596515	0.00281743	0.00137962	0.00016365	0.000363613
136	0.118654	0.00259343	0.00668105	0.00844547	0.00359384	0.00512934	0.00375793	0.00412417	0.0220481	0.00592966	0.0728946	0.0157134	0.00186899	0.0213818	0.004674	0.496879	0.190984	0.0120368	0.00069814	0.00191188
137	0.0697316	0.009074	0.0386709	0.123076	0.0106901	0.023521	0.0470722	0.0211328	0.0510902	0.0294429	0.0165119	0.0378803	0.0117686	0.279169	0.0725942	0.0534687	0.0510224	0.0339098	0.00338999	0.0167832
138	0.00912161	0.000778757	0.00079641	0.00107302	0.183011	0.00128541	0.00114776	0.149881	0.0012553	0.501702	0.0527373	0.00100426	0.000578656	0.00108162	0.00121392	0.0035275	0.00844606	0.0787523	0.00182284	0.000783363
139	0.0238766	0.00444308	0.00814125	0.0106653	0.00415983	0.210506	0.00886131	0.00728141	0.0125657	0.00874716	0.00538585	0.00946536	0.00415451	0.00915462	0.0108639	0.625021	0.0211531	0.010358	0.00159845	0.00359764
140	0.0364383	0.00908783	0.000770541	0.0027881	0.00997108	0.000583949	0.00276922	0.157532	0.000934288	0.0329966	0.0173071	0.00455482	0.00131377	0.000793143	0.00124931	0.00154837	0.0325076	0.685372	0.000162071	0.00131939
141	0.00171865	0.0045022	0.000586453	0.00219738	0.0104396	0.000648985	0.00416923	0.0736079	0.00365281	0.780971	0.0791402	0.000628105	0.00209845	0.00358208	0.000729582	0.00308813	0.00236104	0.0185593	0.000117619	0.00720112
142	0.464791	0.0169378	0.0225781	0.0365436	0.00627383	0.0411294	0.0152645	0.0162668	0.0232379	0.0129753	0.0102313	0.0243445	0.0123392	0.0163176	0.0236704	0.186533	0.0281734	0.0336914	0.00201394	0.00668747
143	0.0993566	0.00572917	0.103978	0.268706	0.00673045	0.0314652	0.0157934	0.012775	0.0525595	0.0193712	0.00919472	0.0391488	0.0233289	0.0625796	0.038468	0.121045	0.0509142	0.0283836	0.00352333	0.00694892
144	0.436751	0.000838198	0.00142589	0.00677895	0.00123664	0.104914	0.0270582	0.0225414	0.00907463	0.0297696	0.0113545	0.036865	0.000900541	0.0220032	0.0205363	0.238602	0.020926	0.00689264	0.000424143	0.00110652
145	0.00906101	0.000513518	0.00088509	0.00110757	0.199165	0.000824759	0.00186993	0.133099	0.00138426	0.408433	0.168087	0.00103237	0.00051798	0.00109313	0.00124012	0.00246777	0.00978743	0.0547729	0.00181238	0.00284555
146	0.0319689	0.0011677	0.00365523	0.00335538	0.000464068	0.922938	0.00188164	0.000954426	0.00528791	0.000983269	0.000777199	0.00579019	0.00127949	0.0020286	0.00403385	0.00830857	0.00278401	0.00136103	0.000233456	0.00074685
147	0.00543997	0.00361221	0.000979274	0.0026621	0.106627	0.00110069	0.00439891	0.0859233	0.00323448	0.504865	0.228995	0.00115454	0.00149297	0.00308483	0.0013435	0.00254438	0.00825845	0.0261339	0.00102524	0.00712472
148	0.00494616	0.000833014	0.0452753	0.021148	0.00332947	0.00965613	0.0997942	0.0018704	0.150289	0.00205326	0.00153549	0.120092	0.00101753	0.148846	0.286435	0.071702	0.0160711	0.00433765	0.000355482	0.0104129
149	0.0403212	0.00774655	0.00146573	0.00440873	0.0136667	0.00304864	0.00240177	0.253121	0.00236652	0.0739328	0.0200144	0.00277987	0.00219396	0.00168529	0.00264345	0.00410612	0.0276583	0.5336	0.000422821	0.00241589
150	0.0180984	0.0143552	0.00156894	0.00940437	0.126755	0.00142309	0.0128928	0.291523	0.0225672	0.154621	0.00779056	0.00187943	0.000775431	0.0155791	0.0294713	0.0171407	0.00300016	0.136883	0.000430025	0.133842
151	0.00316662	0.00624845	0.00125424	0.00173036	0.457181	0.00118035	0.0364342	0.00135983	0.00191792	0.00178449	0.000995671	0.00532244	0.000563695	0.00573489	0.00173618	0.00285083	0.00233053	0.00185994	0.00052174	0.465826
152	0.0038935	0.00915367	0.00147062	0.00208218	0.357997	0.00127744	0.0765496	0.00159081	0.00447876	0.00258521	0.00155613	0.0140881	0.000653809	0.00907319	0.00448772	0.0038716	0.00259915	0.00735341	0.00989167	0.485347
153	0.0364861	0.00153903	0.571787	0.13624	0.00341519	0.0169442	0.00684088	0.00567474	0.0298332	0.00692474	0.00382812	0.0591507	0.0187974	0.0247556	0.010882	0.0276376	0.0130165	0.0212144	0.00218773	0.00284499
154	0.0667571	0.00842458	0.00170617	0.0101059	0.00198328	0.00227747	0.00197941	0.27642	0.00242259	0.0728735	0.00577717	0.0022811	0.0247997	0.00241413	0.0219198	0.0167268	0.0969806	0.382402	0.000543983	0.00120479
155	0.0943904	0.00174448	0.0788614	0.064693	0.00207919	0.0220076	0.00449526	0.00534417	0.121233	0.00685434	0.0145199	0.102504	0.107866	0.0170275	0.040487	0.137963	0.169522	0.00561136	0.000630684	0.00216618
156	0.0321764	0.0746378	0.00241818	0.013315	0.00142992	0.00230263	0.00525712	0.0642488	0.0927138	0.0588773	0.0374577	0.00769771	0.00168911	0.147577	0.30603	0.0296584	0.0493957	0.0710182	0.000499202	0.00159917
157	0.0100326	0.00708208	0.000931566	0.00265481	0.0364525	0.00104464	0.00622453	0.054676	0.00428976	0.679584	0.151506	0.00196174	0.00230895	0.00435658	0.00102063	0.0057295	0.00779524	0.012008	0.00039202	0.00994847
158	0.220064	0.00164296	0.00321185	0.00377987	0.00181512	0.0514113	0.00333256	0.0145506	0.0045459	0.00459992	0.00227675	0.0173655	0.38256	0.0210716	0.018674	0.164573	0.019572	0.0626672	0.000784395	0.00150105
159	0.00680936	0.00840843	0.00127868	0.00479896	0.0271609	0.00109236	0.0205555	0.0719537	0.00593182	0.628716	0.172171	0.00160548	0.00255377	0.00547623	0.003202	0.0045967	0.00661413	0.00955436	0.000374688	0.017146
160	0.0658398	0.00303621	0.047134	0.0357451	0.00252551	0.45307	0.0185796	0.00358976	0.0491722	0.0061601	0.00555736	0.126828	0.0040206	0.0193267	0.025143	0.0979458	0.0287584	0.00481708	0.000781536	0.0019683
161	0.0133712	0.00187594	0.038192	0.00481375	0.00176915	0.00652121	0.00621682	0.0108663	0.00509095	0.0100854	0.0040537	0.509208	0.00832276	0.00446303	0.00958698	0.227285	0.130303	0.0056999	0.000666683	0.00160889
162	0.494311	0.0195805	0.00174702	0.00217837	0.000764065	0.0138394	0.00133549	0.00123591	0.00171936	0.00143844	0.00153937	0.00283238	0.000514121	0.00181326	0.0023305	0.421049	0.0187755	0.0122718	0.0002527	0.000471775
163	0.0510838	0.00994914	0.00719112	0.0470883	0.00102277	0.00174433	0.0676825	0.0424243	0.121186	0.01714	0.028	0.00232328	0.00103539	0.153575	0.199316	0.0554456	0.128847	0.0558216	0.000486658	0.00863717
164	0.00401671	0.0108446	0.0498084	0.00868862	0.000905899	0.0169862	0.00992686	0.00190601	0.0157681	0.0018374	0.00134746	0.0453948	0.00765673	0.00997825	0.00236505	0.567227	0.233239	0.0107576	0.000481893	0.000863886
165	0.00133034	0.00675187	0.000520206	0.00293959	0.011918	0.000493607	0.00502823	0.0352708	0.00474047	0.809017	0.0974188	0.000585218	0.0026215	0.00479811	0.000606033	0.00143189	0.000983612	0.00328705	0.000154489	0.0101029
166	0.114036	0.000200264	0.219907	0.30297	0.00418267	0.0249093	0.0144666	0.000447644	0.0622339	0.00129982	0.00258467	0.0537096	0.0024134	0.0686845	0.0253258	0.063303	0.0211128	0.0131502	0.000100997	0.00496242
167	0.10093	0.000647915	0.166715	0.564328	0.000721434	0.00195356	0.0138128	0.00158763	0.030014	0.00193446	0.00111777	0.00240169	0.000662008	0.0798606	0.00205971	0.0128019	0.0144048	0.00213442	0.000690961	0.00122041
168	0.110035	0.0471552	0.00193076	0.00328554	0.0155589	0.00747674	0.00505206	0.151261	0.00379163	0.220939	0.0771222	0.00398174	0.00386368	0.00888459	0.00446092	0.0191863	0.0442191	0.26481	0.00368107	0.00330474
169	0.00203702	0.006583	0.000473813	0.00280214	0.0165811	0.000512745	0.00512474	0.0398503	0.00458434	0.78943	0.104985	0.000647356	0.00260995	0.00464231	0.000643479	0.00188873	0.00171115	0.00467288	0.000221771	0.00999821
170	0.2122	0.0020885	0.0203626	0.0919468	0.000741579	0.194723	0.0170136	0.00135662	0.0723473	0.00309546	0.00137311	0.0725036	0.0105216	0.0399194	0.0537175	0.151037	0.0523446	0.0017974	0.000221728	0.000688871
171	0.502038	0.0245925	0.000671291	0.000898511	0.000434721	0.0129713	0.000647306	0.000822027	0.00089092	0.000846547	0.000505872	0.000884201	0.00032085	0.000992888	0.00095281	0.43191	0.00927967	0.00974957	0.000194399	0.000396198
172	0.0415243	0.000570689	0.546944	0.17032	0.00218632	0.0128316	0.0066077	0.00223473	0.0327091	0.0052844	0.00194197	0.0578091	0.0182886	0.0287013	0.0130526	0.0291784	0.0110934	0.0158642	0.000557856	0.00229959
173	0.0822398	0.00543022	0.00187163	0.00317595	0.0702698	0.00249876	0.00462665	0.280133	0.00335378	0.0245142	0.0317676	0.00275083	0.00214876	0.00326369	0.00298201	0.00615413	0.024671	0.424311	0.000666046	0.0231711
174	0.0200514	0.00258734	0.00218808	0.00121566	0.00330585	0.00106564	0.00116387	0.474833	0.00121531	0.0630571	0.00664983	0.0012005	0.0023189	0.000745267	0.000868729	0.00132182	0.010578	0.405002	0.00014028	0.0004921
175	0.00323001	0.000725669	0.00139312	0.00180397	0.000762388	0.00138462	0.00146495	0.00148911	0.00199492	0.00214246	0.00111601	0.00253284	0.000797032	0.00177432	0.00168573	0.184097	0.788455	0.00211915	0.000317803	0.00071366
176	0.00134957	0.00708952	0.000502611	0.00302096	0.0122337	0.000506617	0.00509938	0.0356495	0.00482807	0.808002	0.0969517	0.000592888	0.00262218	0.00486486	0.000622422	0.00144003	0.00101796	0.00328607	0.000147506	0.0101723
177	0.0329126	0.00448278	0.0378684	0.0240365	0.0225239	0.0111875	0.468073	0.018363	0.0488071	0.0199659	0.00733466	0.0250586	0.00535391	0.0852856	0.0694879	0.0415293	0.0232574	0.0207366	0.0031155	0.0306199
178	0.0422277	0.00774135	0.00139532	0.00461386	0.013935	0.00231554	0.0031673	0.25748	0.00388502	0.0622101	0.0205123	0.00275059	0.00311642	0.00245635	0.00441054	0.00499878	0.0296292	0.528136	0.000632087	0.00438582
179	0.0624171	0.00162158	0.201222	0.105462	0.00279367	0.0164605	0.0171703	0.00871071	0.062774	0.0176324	0.00399668	0.050197	0.270895	0.0503058	0.0299925	0.062657	0.0180358	0.0142523	0.000807177	0.0025963
180	0.122118	0.000383513	0.209394	0.281994	0.0038517	0.0308155	0.0130123	0.000789734	0.0553587	0.00286149	0.00243301	0.0508042	0.00236626	0.0707312	0.0253462	0.0847273	0.0266018	0.0119533	0.000105137	0.00435202
181	0.0110167	0.0023643	0.0418413	0.00664884	0.00295573	0.0235228	0.0249418	0.0834639	0.00668696	0.227703	0.0036134	0.104699	0.00224509	0.00564335	0.0443578	0.0493913	0.327775	0.0270383	0.00106298	0.00302832
182	0.159353	0.000686341	0.0826682	0.102787	0.000589732	0.0494294	0.00657398	0.00121817	0.001829	0.0189254	0.000929088	0.0345201	0.000704383	0.0548601	0.0192802	0.363051	0.0961478	0.00547238	0.000267286	0.000707567
183	0.0410309	0.00425268	0.0393535	0.0256517	0.00609904	0.0197453	0.0162677	0.0187136	0.028241	0.0282792	0.0111752	0.297373	0.00839857	0.02207	0.0319034	0.130079	0.241668	0.0206603	0.00219383	0.00684425
184	0.0611338	0.00807923	0.0100544	0.049015	0.00104517	0.00247694	0.0662213	0.0433783	0.148616	0.0159684	0.0341135	0.00239305	0.00115259	0.151352	0.184543	0.048854	0.114914	0.0490911	0.000589782	0.00700837
185	0.0223504	0.00165631	0.210867	0.0336877	0.00185751	0.117503	0.018503	0.00410366	0.0499737	0.033459	0.0177167	0.367445	0.00174398	0.00449243	0.00509436	0.0076166	0.0204717	0.00544255	0.0463994	0.0296159
186	0.00617157	0.001625	0.00166666	0.00224945	0.0803263	0.00155595	0.00473253	0.0999374	0.00303164	0.269813	0.477776	0.00203192	0.00113402	0.0028059	0.00217553	0.00375652	0.0154815	0.0143241	0.000547062	0.00885825
187	0.00705327	0.00109041	0.00202674	0.00300694	0.102551	0.00202454	0.00457135	0.166243	0.00318419	0.170376	0.474908	0.00250332	0.00142844	0.0028386	0.00287358	0.00479357	0.0159766	0.0200413	0.000427166	0.0120809
188	0.125924	0.00382388	0.0344435	0.0514917	0.000600095	0.28956	0.0219304	0.000962949	0.0999854	0.00169488	0.000837198	0.0711456	0.00647707	0.0328525	0.0383852	0.145457	0.0720879	0.00148096	0.000240086	0.000618779
189	0.476865	0.00113447	0.0383762	0.153944	0.00187626	0.0234594	0.0237252	0.00244368	0.0937339	0.00285098	0.00176932	0.00817577	0.0172606	0.0237782	0.0460345	0.0313277	0.0353431	0.00529538	0.000517081	0.0120892
