208	20
1	0.0891265	0.00106863	0.0459549	0.0652596	0.0081348	0.0204096	0.0321435	0.00168258	0.0854366	0.00906204	0.00144812	0.0348902	0.0134491	0.0787051	0.11142	0.194277	0.164094	0.00876172	0.00687391	0.0278024
2	0.0811902	0.0205724	0.0362552	0.12623	0.0160372	0.0343364	0.0208668	0.0207302	0.0255988	0.0379922	0.0185387	0.0339239	0.0166472	0.0313476	0.0299233	0.343299	0.0482499	0.032176	0.00780854	0.0182763
3	0.0687223	0.00520645	0.0028253	0.0098958	0.00455957	0.0210532	0.00481105	0.0218623	0.00480748	0.153918	0.0153337	0.0052498	0.596651	0.0069058	0.00583711	0.0468988	0.0096249	0.0106882	0.00156014	0.00358878
4	0.0152547	0.0106387	0.0015597	0.00157924	0.0645057	0.00176933	0.0491792	0.00224139	0.00166605	0.0214903	0.00249955	0.00783984	0.00054884	0.0109027	0.0034061	0.0042994	0.00666979	0.00338758	0.00390939	0.786652
5	0.024076	0.00438067	0.00208909	0.00513724	0.0264464	0.0033351	0.00295939	0.21609	0.00221499	0.461296	0.0289954	0.00534716	0.000917543	0.00823939	0.00350178	0.00857895	0.0166272	0.160433	0.00415337	0.0151809
6	0.00946587	0.00392787	0.00370734	0.00502514	0.00462462	0.00516479	0.00484016	0.0259307	0.0886516	0.236405	0.00402504	0.00532193	0.00234336	0.273895	0.274764	0.0098192	0.00697972	0.0281644	0.00281725	0.00412732
7	0.0513591	0.0053945	0.0436158	0.0879594	0.0155074	0.0116808	0.0326169	0.040107	0.121772	0.174047	0.0493974	0.0277748	0.00124208	0.140126	0.0867162	0.0483329	0.0270177	0.0159381	0.00701786	0.0123771
8	0.281636	0.0116294	0.0153755	0.00831481	0.0408565	0.149374	0.0719787	0.00438911	0.00705617	0.0058505	0.00267259	0.0226922	0.00302944	0.00348184	0.00809258	0.255354	0.0156787	0.0138117	0.00616776	0.0725589
9	0.579143	0.00418422	0.00456198	0.0191826	0.00221018	0.00258085	0.00524539	0.00313591	0.120662	0.0238144	0.0179262	0.00312557	0.00147733	0.0418326	0.0297664	0.11056	0.00665529	0.0201062	0.00152967	0.00229988
10	0.0075981	0.00327587	0.139288	0.0488657	0.0108555	0.0117268	0.354311	0.00131245	0.0128441	0.0197509	0.00100845	0.143845	0.000537518	0.012286	0.0229543	0.046086	0.0290065	0.00591142	0.0181621	0.110374
11	0.0320756	0.0052173	0.103107	0.0269942	0.00723442	0.0191941	0.0715586	0.00817148	0.0238283	0.0176677	0.00659478	0.218501	0.00542227	0.110214	0.0266005	0.146989	0.137457	0.0112808	0.00528592	0.0166071
12	0.046442	0.00754713	0.0097873	0.0664389	0.0116256	0.0128829	0.0128714	0.0269375	0.0597062	0.115207	0.018452	0.014617	0.419058	0.0242513	0.0627507	0.0327191	0.0226955	0.022035	0.00462138	0.00935426
13	0.00514924	0.0015297	0.00115628	0.000884298	0.000864304	0.000862826	0.000755172	0.443372	0.000756518	0.0284988	0.00164588	0.00141718	0.000335635	0.00092831	0.00072773	0.00762536	0.00684826	0.495528	0.000380864	0.000733111
14	0.0190097	0.00129304	0.5851	0.056316	0.00150111	0.0041026	0.0694651	0.0021316	0.0112854	0.00303045	0.00164081	0.162135	0.000633235	0.0400592	0.0174929	0.0139794	0.00523035	0.00245922	0.00067748	0.00245784
15	0.0123628	0.00772678	0.00438562	0.0087388	0.0325204	0.00802175	0.00892554	0.0180686	0.00511553	0.0183944	0.0199131	0.0120905	0.00590753	0.0127743	0.0064234	0.0182383	0.0123822	0.0115712	0.762826	0.013613
16	0.00324336	0.00717005	0.00133738	0.00150374	0.212584	0.00159919	0.10881	0.00208392	0.011643	0.0314752	0.0229962	0.0326911	0.00059897	0.0491096	0.0732338	0.00284822	0.0149726	0.0267434	0.105293	0.290063
17	0.0629643	0.000721938	0.000858407	0.0354997	0.00156862	0.0130332	0.0018618	0.00149061	0.00549896	0.00861816	0.0230506	0.00891075	0.759659	0.0140143	0.00362391	0.0350861	0.00737837	0.00945542	0.00058297	0.00612322
18	0.0215326	0.0119935	0.00444033	0.00659594	0.255262	0.00515431	0.0089037	0.0485973	0.00505295	0.0357509	0.0212622	0.00731257	0.00156732	0.00707254	0.00764106	0.0149143	0.00790945	0.019766	0.409519	0.0997515
19	0.00572031	0.168784	0.0349097	0.0161196	0.00267878	0.305247	0.00236618	0.0164341	0.00298175	0.00566886	0.00281457	0.0668822	0.00124957	0.00339228	0.00269424	0.322352	0.0318882	0.00395729	0.0014549	0.00240455
20	0.0532025	0.000693204	0.167983	0.336082	0.000865537	0.00849648	0.0133118	0.0123367	0.0472061	0.00897057	0.000778837	0.0374144	0.168223	0.0689629	0.0154956	0.0313352	0.0197117	0.00786844	0.000467708	0.000593171
21	0.108258	0.0072441	0.132381	0.562908	0.00427647	0.00778822	0.000699628	0.00437209	0.0131461	0.0119466	0.00760354	0.0271038	0.0168194	0.0222489	0.0150864	0.0225144	0.0229616	0.0115019	0.000478244	0.000661873
22	0.441047	0.0127272	0.00562975	0.00652577	0.00505309	0.0374434	0.00622022	0.0335543	0.00506844	0.0227861	0.0090835	0.0338176	0.00355924	0.0128368	0.00521504	0.0805725	0.191371	0.0771266	0.00295671	0.00740548
23	0.00493879	0.00162773	0.00196413	0.00232984	0.549205	0.0102681	0.00238074	0.0761738	0.00243813	0.309968	0.00260864	0.00306426	0.00106392	0.0140161	0.00287139	0.00456307	0.00382164	0.00340638	0.00145908	0.00183159
24	0.135831	0.0012705	0.0888293	0.295509	0.00187564	0.00939078	0.0108233	0.00835218	0.121211	0.015194	0.00191833	0.0222215	0.000179905	0.0899198	0.103129	0.0573122	0.0278418	0.00557449	0.000166223	0.00345016
25	0.0640727	0.00129671	0.00131389	0.0660524	0.0016333	0.0018635	0.00249187	0.0475872	0.404101	0.0796832	0.00155988	0.00979902	0.000807713	0.0125551	0.244882	0.0123465	0.0341023	0.0040424	0.000821897	0.00898746
26	0.77293	0.00783771	0.000539867	0.000660544	0.000599519	0.0488588	0.000706055	0.00653786	0.00161039	0.00535158	0.00162236	0.00116313	0.000603464	0.0008351	0.000819377	0.112727	0.010247	0.0228172	0.00292138	0.00061245
27	0.0247516	0.00102359	0.000972759	0.0380189	0.00126662	0.00419515	0.016131	0.0122232	0.39078	0.0246577	0.00365101	0.00179558	0.000561397	0.0420319	0.359684	0.0300492	0.00978507	0.0364407	0.000610451	0.00137021
28	0.0637041	0.00552222	0.0385642	0.236568	0.0101167	0.015245	0.0216591	0.015863	0.0584408	0.146323	0.024731	0.0480276	0.000641545	0.0824936	0.126475	0.0386356	0.0392129	0.0060152	0.00839928	0.0133623
29	0.00897768	0.000973579	0.497029	0.00838994	0.00121085	0.0437128	0.0148724	0.00166842	0.0217842	0.00239875	0.00116021	0.350969	0.000675078	0.0140295	0.00340575	0.0158358	0.00908245	0.00189488	0.00067741	0.00125236
30	0.0236052	0.00291491	0.00234961	0.00888902	0.0027455	0.00779924	0.0101954	0.0332477	0.351159	0.0238752	0.0358375	0.00337637	0.00166355	0.0115565	0.337078	0.0253385	0.00638783	0.107884	0.0016359	0.00246084
31	0.0332253	0.0206716	0.00297089	0.00385444	0.00402237	0.00713212	0.00445651	0.0884222	0.00373208	0.28886	0.0506286	0.00401946	0.431296	0.00363242	0.00393282	0.0134007	0.0235426	0.00720379	0.00146774	0.00352839
32	0.00573348	0.000741514	0.00116523	0.000724478	0.000685557	0.000923543	0.000761534	0.483397	0.000630623	0.073779	0.0008686	0.00138597	0.000308924	0.000835108	0.000694522	0.00755936	0.00314107	0.415707	0.000314714	0.00064335
33	0.00561997	0.00150973	0.00158492	0.00243401	0.448324	0.0117601	0.00255456	0.0731133	0.00188147	0.407417	0.00505083	0.00277979	0.000882052	0.0126618	0.00236112	0.00424986	0.00311536	0.00508694	0.00349284	0.00412037
34	0.0135236	0.00090177	0.00108834	0.00122667	0.0011264	0.00125126	0.0012346	0.250839	0.000992964	0.293241	0.00109827	0.00153157	0.000494845	0.00139056	0.00118445	0.00755107	0.00239765	0.417275	0.000612811	0.00103787
35	0.0485416	0.149147	0.133329	0.019625	0.0132213	0.0843326	0.0138146	0.0185278	0.011992	0.0277858	0.0114541	0.0392784	0.00702982	0.0146854	0.0144796	0.308542	0.0413449	0.0208975	0.00589901	0.0160719
36	0.00174027	0.000831723	0.000539061	0.000754467	0.000712895	0.000833199	0.000791183	0.564266	0.000665978	0.0196472	0.000696294	0.000880468	0.000328666	0.000884469	0.00075958	0.0116483	0.00275712	0.390018	0.000479057	0.000766817
37	0.181085	0.0131581	0.0101678	0.00799688	0.00871938	0.569031	0.00579662	0.0066869	0.0212373	0.0173112	0.00787976	0.0153874	0.00843716	0.0110843	0.00928099	0.0501079	0.0145111	0.0104996	0.0067346	0.0248871
38	0.174246	0.0610643	0.0106151	0.00927432	0.127379	0.0477128	0.0478463	0.015819	0.00696232	0.0301821	0.0127712	0.0174505	0.00209693	0.00872208	0.00829225	0.0688345	0.0190135	0.0171477	0.019923	0.294648
39	0.592098	0.0187643	0.00425285	0.00611338	0.00492042	0.0194139	0.00840995	0.0110784	0.0344685	0.0251586	0.0181693	0.00384143	0.00174401	0.0108412	0.0112717	0.145941	0.0251858	0.0455502	0.00379622	0.00898091
40	0.285235	0.00800894	0.0040465	0.00508298	0.00474226	0.0119767	0.0258606	0.00506492	0.00410217	0.0105133	0.00414773	0.00757399	0.00225636	0.0055884	0.00468524	0.402519	0.145251	0.00645487	0.052758	0.00413232
41	0.0481824	0.398053	0.0136271	0.0104888	0.00938004	0.0318368	0.0127469	0.0133079	0.00768669	0.0194306	0.00896427	0.0362756	0.0153923	0.0112355	0.0135942	0.228516	0.0786391	0.0276425	0.00399239	0.0110083
42	0.037294	0.00608457	0.0265256	0.077615	0.0073769	0.0188361	0.235364	0.00976645	0.178113	0.0250086	0.0126672	0.0294592	0.00835377	0.0394394	0.20147	0.0282538	0.0206636	0.0213956	0.00439305	0.0119199
43	0.0125975	0.00743938	0.00434266	0.00869942	0.0358294	0.00786045	0.00990951	0.0191263	0.00579411	0.0195223	0.0197058	0.012247	0.00586489	0.0138792	0.00784483	0.0177873	0.0130299	0.0116513	0.75063	0.0162388
44	0.0515024	0.441047	0.0145639	0.0166032	0.0138932	0.0168653	0.0202515	0.0189261	0.0141495	0.0365788	0.0173595	0.0326157	0.0158796	0.0164319	0.018799	0.128652	0.0690895	0.033804	0.00781766	0.0151696
45	0.02457	0.00920187	0.0541087	0.0212708	0.0122619	0.0157334	0.179161	0.0125984	0.0172108	0.0317334	0.0119937	0.250279	0.0042503	0.099911	0.018252	0.0744606	0.105122	0.0172908	0.0100526	0.0305388
46	0.0549972	0.0183941	0.00274471	0.00631376	0.0141683	0.00415508	0.0036049	0.216769	0.00727458	0.101861	0.161242	0.00452809	0.00169367	0.0207076	0.00621212	0.0210208	0.0294841	0.31554	0.002748	0.00654134
47	0.0263358	0.00796451	0.00363265	0.00483581	0.0170024	0.00456152	0.00397486	0.162839	0.00452577	0.297059	0.332243	0.0049867	0.00272491	0.0234822	0.00539222	0.011315	0.0148956	0.0544118	0.00383659	0.0139803
48	0.655203	0.00412034	0.0354783	0.0873792	0.00371118	0.00418189	0.0231098	0.00459512	0.0427002	0.0329283	0.00712934	0.00480302	0.00240883	0.0113396	0.00888622	0.0476151	0.0079825	0.0101207	0.00222448	0.0040831
49	0.03322	0.00175961	0.0302448	0.112129	0.00181803	0.0231639	0.29733	0.00250834	0.184227	0.00401423	0.00209708	0.0290831	0.00103492	0.0370168	0.197091	0.0136104	0.0134915	0.0133135	0.00100347	0.00184314
50	0.0427712	0.00260079	0.125451	0.379219	0.00774139	0.0162944	0.0136301	0.0160337	0.0759086	0.00911095	0.00697098	0.0319923	0.00484052	0.0446224	0.0601052	0.0330033	0.0758211	0.0474187	0.00308315	0.00338097
51	0.0370404	0.442027	0.00680712	0.00622244	0.00518122	0.00626761	0.0049762	0.00713066	0.00502603	0.0112746	0.005235	0.0307593	0.00227526	0.00663489	0.00649072	0.253971	0.122244	0.0331763	0.00240015	0.00485948
52	0.00773639	0.0113601	0.0013132	0.00154196	0.650607	0.00153727	0.00775647	0.0117069	0.00116368	0.017318	0.00280295	0.00319063	0.000487823	0.00321562	0.00224318	0.00488063	0.0038179	0.00786898	0.00516419	0.254287
53	0.135831	0.0012705	0.0888293	0.295509	0.00187564	0.00939078	0.0108233	0.00835218	0.121211	0.015194	0.00191833	0.0222215	0.000179905	0.0899198	0.103129	0.0573122	0.0278418	0.00557449	0.000166223	0.00345016
54	0.00497716	0.00144256	0.516315	0.00368459	0.00173571	0.0117499	0.0128473	0.00202303	0.0202852	0.00349052	0.00150002	0.320733	0.000802924	0.00516638	0.00925685	0.0746638	0.0044051	0.0023093	0.000722255	0.00188953
55	0.0564372	0.000668894	0.157902	0.337872	0.000811041	0.00847574	0.0150806	0.0116631	0.0484233	0.00966806	0.000762506	0.0364685	0.174257	0.0683546	0.0146957	0.030157	0.0184447	0.00880094	0.000465965	0.000590489
56	0.108258	0.0072441	0.132381	0.562908	0.00427647	0.00778822	0.000699628	0.00437209	0.0131461	0.0119466	0.00760354	0.0271038	0.0168194	0.0222489	0.0150864	0.0225144	0.0229616	0.0115019	0.000478244	0.000661873
57	0.0149292	0.011475	0.00188054	0.00185491	0.00237238	0.00213154	0.00181442	0.399251	0.00227353	0.017343	0.00389209	0.00249887	0.000872308	0.00304873	0.00237659	0.0146791	0.123456	0.391147	0.000952341	0.00175152
58	0.718381	0.00588957	0.000422465	0.000661702	0.000652841	0.130145	0.000604492	0.00498163	0.000838212	0.005157	0.000929206	0.00100635	0.000926134	0.00077097	0.000584072	0.0993231	0.0133407	0.0133956	0.00133185	0.000657679
59	0.135907	0.00126965	0.088808	0.295428	0.00187368	0.00941248	0.0108228	0.00836531	0.121202	0.0151927	0.00191102	0.0222231	0.000178802	0.0899748	0.103154	0.0572654	0.027817	0.00557658	0.000165672	0.00345255
60	0.0426272	0.00476116	0.00415848	0.0161147	0.0464768	0.0026383	0.0036236	0.214761	0.00413113	0.353579	0.0561269	0.00479362	0.000400999	0.016753	0.00788542	0.00561792	0.0183133	0.151483	0.00683346	0.0389214
61	0.00750152	0.00330437	0.00263873	0.00343668	0.0109536	0.0035226	0.00351336	0.179842	0.00329627	0.211154	0.439935	0.00405163	0.00185499	0.0359649	0.00377941	0.00675952	0.00570846	0.0609017	0.00171512	0.0101666
62	0.0117413	0.003288	0.0172452	0.00349668	0.00365114	0.00482831	0.021147	0.00479415	0.0042142	0.00873252	0.004042	0.67169	0.00194583	0.0309772	0.00377019	0.134856	0.0572201	0.00589121	0.00258993	0.00387891
63	0.135831	0.0012705	0.0888293	0.295509	0.00187564	0.00939078	0.0108233	0.00835218	0.121211	0.015194	0.00191833	0.0222215	0.000179905	0.0899198	0.103129	0.0573122	0.0278418	0.00557449	0.000166223	0.00345016
64	0.0177791	0.00609112	0.0857099	0.0335371	0.0131027	0.0258158	0.305367	0.00147962	0.018788	0.0265065	0.00100781	0.194159	0.000558784	0.0111127	0.0227252	0.0583035	0.0256932	0.0114414	0.0311028	0.109719
65	0.00199642	0.00977199	0.000724967	0.0010939	0.796677	0.0010322	0.00094814	0.0121662	0.000828129	0.0157292	0.00096099	0.00132629	0.000459437	0.00116532	0.00117753	0.00217515	0.00181062	0.00725673	0.000790309	0.141909
66	0.00368267	0.000659507	0.00132243	0.000817704	0.000710751	0.00077408	0.000723351	0.449954	0.000692286	0.0281114	0.000750807	0.00167322	0.000334364	0.000840446	0.000643212	0.006868	0.00286322	0.497567	0.000387216	0.000624133
67	0.15883	0.273153	0.00260103	0.00272414	0.00232829	0.00296312	0.00303042	0.0032574	0.00258206	0.0058804	0.0027785	0.170254	0.186765	0.00331157	0.00266926	0.164276	0.00475323	0.00398847	0.0013333	0.00252127
68	0.00139859	0.00057871	0.000535924	0.00072213	0.000659994	0.000699574	0.000735319	0.550916	0.000694396	0.0201782	0.000684862	0.000851829	0.000302854	0.000811824	0.000678249	0.00994425	0.00112982	0.407435	0.00038882	0.000653675
69	0.0431067	0.0100888	0.0183306	0.0308497	0.0133585	0.0181994	0.0196872	0.0261126	0.408924	0.0448111	0.0901468	0.0200821	0.0109357	0.0216727	0.0936207	0.0374832	0.0286267	0.0434404	0.00721236	0.0133111
70	0.0128762	0.00113912	0.00119244	0.00164664	0.00608081	0.00156669	0.00127574	0.264331	0.00101805	0.362978	0.0072932	0.00374576	0.000537611	0.00307173	0.00131493	0.00601015	0.0063509	0.312323	0.000867128	0.00438185
71	0.0174437	0.00346221	0.537946	0.108883	0.00474527	0.0183428	0.0259809	0.00521826	0.0222956	0.0110061	0.00367127	0.12732	0.00291302	0.0273533	0.011013	0.0280015	0.0313712	0.00767705	0.00161215	0.00374394
72	0.0268877	0.00183017	0.00190816	0.0327086	0.00173765	0.00644267	0.0152781	0.0168934	0.415629	0.026568	0.0092151	0.0036087	0.00111586	0.0289408	0.329668	0.0242117	0.0106101	0.0430141	0.000936882	0.00279453
73	0.0540938	0.00339317	0.321358	0.33848	0.00351196	0.0151234	0.0115897	0.00585608	0.0359593	0.00897031	0.00395243	0.0457725	0.0184173	0.0451918	0.0221532	0.0242369	0.0297694	0.00918841	0.00110509	0.00187716
74	0.0530458	0.0100388	0.0419521	0.274674	0.016485	0.0165477	0.0166861	0.0184977	0.0415154	0.0599165	0.0220404	0.0269666	0.017769	0.226419	0.0394725	0.0395085	0.0296782	0.0264845	0.00918256	0.0131188
75	0.0146902	0.0338495	0.00573264	0.00724367	0.00676341	0.00753639	0.134126	0.00790392	0.00720915	0.111538	0.11239	0.036443	0.00481461	0.0353448	0.425874	0.0173724	0.0122178	0.0100286	0.00329078	0.00563114
76	0.052282	0.00303975	0.00157013	0.0241104	0.00300297	0.0120121	0.00676905	0.00915396	0.00569033	0.0384632	0.0197645	0.00677253	0.745337	0.0104142	0.00552309	0.0305965	0.00819648	0.0111113	0.00109882	0.00509143
77	0.0889721	0.0536272	0.0229452	0.0183075	0.00709806	0.272921	0.0117829	0.0118802	0.0120206	0.0183787	0.00968777	0.0525814	0.0122799	0.0159325	0.00917866	0.27759	0.0756061	0.016382	0.00446222	0.00836702
78	0.0127326	0.00677547	0.00588131	0.0101019	0.0339202	0.00792411	0.00958973	0.0182963	0.00504748	0.019103	0.0187642	0.0126369	0.00604885	0.0124304	0.00632026	0.0191119	0.0122865	0.0114848	0.756861	0.0146834
79	0.0550512	0.00392386	0.0018051	0.0259957	0.0027433	0.0118131	0.00512658	0.00989979	0.00549038	0.0331344	0.0206139	0.00756763	0.742447	0.0108548	0.00518648	0.0314028	0.00810193	0.0123587	0.001125	0.00535813
80	0.0528094	0.0306067	0.00159857	0.00183104	0.00180364	0.0019236	0.00215547	0.0218103	0.00297806	0.62754	0.201886	0.00219482	0.00144531	0.00227235	0.00547238	0.00386037	0.0220392	0.0105143	0.00234998	0.00290878
81	0.00857742	0.00288535	0.00863304	0.00424017	0.00398102	0.0042928	0.0464997	0.00525751	0.00413928	0.00813088	0.00363194	0.433054	0.00140875	0.014946	0.00388859	0.24536	0.188904	0.00633799	0.00234607	0.00348553
82	0.0672809	0.030712	0.00107121	0.00276379	0.0130715	0.00134945	0.00132119	0.214811	0.00656814	0.0583539	0.0655667	0.00159509	0.000610038	0.0142092	0.00501713	0.0216332	0.0261416	0.465908	0.000813488	0.00120311
83	0.00745709	0.00631741	0.001014	0.00638157	0.694187	0.00143731	0.00118961	0.0602135	0.00110683	0.0391153	0.0346392	0.00150309	0.000548234	0.00117603	0.00134072	0.0025754	0.00219614	0.0361472	0.0718708	0.0295839
84	0.055129	0.03349	0.00153346	0.0018363	0.00181992	0.0018864	0.00215312	0.0239934	0.00229526	0.628068	0.196016	0.00224084	0.00152457	0.00225029	0.00382603	0.00404963	0.0223079	0.0113956	0.00175746	0.00242696
85	0.0866575	0.00455936	0.0294338	0.0313254	0.00488643	0.00591544	0.00553273	0.0329424	0.0283091	0.162902	0.0297584	0.0538924	0.00275969	0.00972233	0.00769186	0.155842	0.33313	0.00740423	0.00283991	0.00449535
86	0.0464332	0.0819252	0.011027	0.0147519	0.0224479	0.0154272	0.232119	0.0177762	0.0139835	0.032505	0.0194663	0.0168608	0.201725	0.016439	0.0165402	0.161787	0.022274	0.0326023	0.00688668	0.0170223
87	0.00334361	0.000790518	0.55334	0.201735	0.00195362	0.0213304	0.0148234	0.00167123	0.0318173	0.00297353	0.00140808	0.0678735	0.000615907	0.0333321	0.0031968	0.0155677	0.0399263	0.00218325	0.00101394	0.00110314
88	0.0896537	0.00203694	0.00178007	0.0380548	0.00331936	0.0116271	0.00349629	0.0036938	0.0153669	0.0115248	0.0391876	0.0282561	0.661238	0.0308184	0.00522029	0.0302195	0.00855063	0.00900585	0.00102361	0.00592602
89	0.0460594	0.00374931	0.0145628	0.0525244	0.00481353	0.0103271	0.0230968	0.0149835	0.308074	0.0349098	0.0116743	0.011886	0.00699254	0.0645612	0.255436	0.0659072	0.0257982	0.0314193	0.00325947	0.00996522
90	0.0374516	0.0112881	0.0124455	0.0205312	0.337288	0.0217613	0.0226973	0.0220382	0.0193527	0.0658515	0.0255341	0.0269599	0.00782495	0.0311188	0.091361	0.0414049	0.107442	0.0305071	0.0151843	0.0519582
91	0.0344579	0.0107403	0.00766208	0.0171852	0.0636402	0.0143661	0.10814	0.0143648	0.0117197	0.0932841	0.121764	0.016489	0.352064	0.0169897	0.0173182	0.0363859	0.0205969	0.0257591	0.00551046	0.0115624
92	0.0476095	0.00204688	0.00204665	0.0695832	0.00251458	0.0134032	0.13359	0.0141452	0.0144665	0.0576631	0.131119	0.0434854	0.0609596	0.111481	0.0837356	0.174418	0.0311202	0.00344662	0.0011193	0.00204743
93	0.00560284	0.00174895	0.00196739	0.00334661	0.0155619	0.00271114	0.00243707	0.350255	0.0023861	0.156002	0.341742	0.00327692	0.00107601	0.0173397	0.00281396	0.00477152	0.00439874	0.0669741	0.00102549	0.0145628
94	0.393952	0.0281009	0.0127945	0.00248877	0.0180806	0.0369854	0.0367176	0.0418675	0.0255003	0.0342724	0.0180465	0.00279752	0.0014695	0.0137554	0.0433377	0.153812	0.031566	0.0347804	0.012839	0.0568354
95	0.0891617	0.0104032	0.0506204	0.0626429	0.0178467	0.0169683	0.0297674	0.014591	0.0935822	0.139366	0.031655	0.0687372	0.000350161	0.0720062	0.170781	0.059456	0.0208407	0.0042505	0.0176817	0.0292913
96	0.059172	0.0148563	0.0203413	0.0211185	0.0208786	0.177647	0.0175074	0.0167375	0.0291358	0.0449311	0.0171018	0.0209472	0.00848048	0.0222386	0.256194	0.1098	0.0328209	0.0197755	0.00876918	0.0815465
97	0.351391	0.00956255	0.00177305	0.00359972	0.00280169	0.525896	0.00266716	0.00379441	0.00196711	0.00874988	0.002247	0.00285492	0.010348	0.00219063	0.00291444	0.0428179	0.00952968	0.00746544	0.000969824	0.00645941
98	0.00300493	0.00120593	0.00122371	0.00170518	0.00343638	0.00163487	0.00137963	0.651214	0.00139792	0.128165	0.116211	0.00159286	0.000707779	0.00235864	0.00161768	0.00274459	0.00228559	0.0739007	0.0008178	0.00339592
99	0.00321142	0.00778583	0.00121906	0.00140384	0.215318	0.00166189	0.10985	0.00194758	0.0096178	0.0275133	0.0201783	0.0346424	0.000595866	0.0462526	0.0741068	0.00284958	0.0165025	0.0281309	0.0987867	0.298426
100	0.0127267	0.00140084	0.530225	0.192381	0.00297378	0.0171926	0.0193943	0.00307834	0.0297991	0.00516266	0.00262624	0.0745963	0.00327279	0.030535	0.0087743	0.0176611	0.0411598	0.00399137	0.00130507	0.00174388
101	0.00559771	0.00250666	0.00212835	0.00278828	0.00252047	0.00317394	0.525744	0.00346036	0.00267847	0.0355518	0.00291913	0.00328843	0.0142636	0.336174	0.0149853	0.00537086	0.00486412	0.00396661	0.0134065	0.0146117
102	0.0137617	0.000905922	0.00101389	0.00126562	0.00115005	0.00125609	0.00122569	0.249422	0.00100221	0.300614	0.00112753	0.00141623	0.000457036	0.00141918	0.00117932	0.0074734	0.00222325	0.411407	0.000630853	0.00104908
103	0.00551473	0.0147228	0.0154614	0.0028863	0.0177218	0.664184	0.00289571	0.00322421	0.0647947	0.0173334	0.0153228	0.0274495	0.00120005	0.0171914	0.004865	0.0303076	0.00495021	0.0039429	0.0127564	0.0732749
104	0.310539	0.00988821	0.00318657	0.00436642	0.00415803	0.558821	0.00278183	0.00370976	0.00261959	0.011001	0.00217312	0.00401234	0.0094563	0.00376602	0.00399986	0.0388816	0.0112841	0.00656	0.000969195	0.00782669
105	0.00744464	0.00630097	0.00101398	0.00636413	0.694524	0.0014336	0.00118757	0.0600753	0.00110881	0.0390735	0.0346132	0.00149835	0.000548403	0.00117667	0.001333	0.00253785	0.00218014	0.0360593	0.0717824	0.0297445
106	0.245679	0.0828992	0.00246588	0.00248056	0.133544	0.00485913	0.275803	0.00344055	0.00250624	0.00571959	0.00285967	0.00342876	0.00199231	0.00326548	0.00299645	0.0994854	0.004838	0.00469874	0.00166608	0.115372
107	0.0408228	0.100716	0.0139086	0.023186	0.0150807	0.0238846	0.0314134	0.0208193	0.0393273	0.0499206	0.0252375	0.0219194	0.0124674	0.0256522	0.356814	0.111918	0.0309698	0.0264293	0.00948642	0.0200269
108	0.0215027	0.0127875	0.00249025	0.00254011	0.0656734	0.00306312	0.0382672	0.00367487	0.00165886	0.0162828	0.00253427	0.00744771	0.00100859	0.0104755	0.00302357	0.00762806	0.00705527	0.00333684	0.00404114	0.785508
109	0.0139026	0.00607888	0.00484795	0.00849385	0.166675	0.00626787	0.00896942	0.0234206	0.00643024	0.0225692	0.0387257	0.00877546	0.00238691	0.00921668	0.00885193	0.0138373	0.0103327	0.0158534	0.595606	0.0287576
110	0.050285	0.00366527	0.0351794	0.0677038	0.0334085	0.0130704	0.0454316	0.0784383	0.110111	0.184148	0.0570614	0.0262135	0.000704213	0.0577369	0.0988632	0.0403132	0.0372067	0.0407283	0.00590355	0.013827
111	0.0599172	0.00583792	0.00705057	0.000971242	0.000795785	0.0124531	0.000866734	0.457498	0.000749302	0.105092	0.00538883	0.00514423	0.00043331	0.00100288	0.00101529	0.00943398	0.0299533	0.295246	0.000445854	0.000705257
112	0.0486657	0.0173774	0.0122299	0.0223745	0.0205998	0.0230634	0.110385	0.020536	0.0161812	0.0412124	0.0238426	0.0194361	0.305528	0.0201636	0.017244	0.0618672	0.0283811	0.169112	0.00655309	0.0152472
113	0.200779	0.0980127	0.00788168	0.0108127	0.0771597	0.0128748	0.299204	0.0117432	0.0105655	0.021312	0.0109227	0.0138032	0.0102468	0.0130199	0.0130697	0.0795764	0.0182265	0.0152413	0.00562914	0.069919
114	0.0079393	0.0115023	0.000781242	0.00116494	0.685158	0.00132103	0.00593525	0.011823	0.000953797	0.0167412	0.00122768	0.00216605	0.000444327	0.00241926	0.00176332	0.00380583	0.00240321	0.0065736	0.00331749	0.23256
115	0.0774571	0.00781727	0.109078	0.478242	0.00794917	0.0138966	0.00879746	0.012845	0.0316006	0.0222626	0.0105672	0.0308482	0.0210953	0.0382892	0.0302992	0.0322311	0.0312035	0.023811	0.0073579	0.00435103
116	0.0422571	0.00649847	0.0139412	0.0372422	0.00962758	0.0141345	0.0170659	0.0235787	0.454048	0.0415716	0.0245572	0.0172468	0.00659734	0.0283505	0.149136	0.0350773	0.0253092	0.0362488	0.00925005	0.00826202
117	0.0520243	0.0127394	0.0120696	0.0203333	0.0166107	0.0120072	0.019941	0.0304507	0.0281914	0.243802	0.224962	0.0174919	0.00667556	0.0249579	0.110473	0.0292171	0.0768724	0.0300151	0.0143345	0.0168308
118	0.186798	0.00962538	0.00511305	0.0119089	0.0224653	0.00929033	0.0287421	0.0597633	0.00741907	0.310568	0.0739747	0.0106536	0.00398144	0.0221659	0.00777019	0.115649	0.052497	0.032936	0.0055447	0.0231345
119	0.0353288	0.0140523	0.0123304	0.0164934	0.0817872	0.0151781	0.0756864	0.178698	0.0137285	0.0335198	0.01826	0.0163594	0.00649441	0.0169194	0.0151424	0.151753	0.0238107	0.149503	0.00867563	0.11628
120	0.0137109	0.00480309	0.355284	0.114633	0.00555465	0.0158966	0.0177648	0.00561307	0.0427709	0.0149524	0.00549768	0.144711	0.00206192	0.0240121	0.0192616	0.0457006	0.148776	0.010486	0.00325579	0.005255
121	0.0203956	0.00743265	0.0095367	0.00963302	0.00760626	0.00917374	0.0133782	0.0102933	0.0105217	0.0198229	0.00890172	0.509524	0.00429567	0.263377	0.00930697	0.0388766	0.0228997	0.0135307	0.00414557	0.00734828
122	0.736214	0.00579855	0.000379898	0.000562582	0.00051245	0.108128	0.000553421	0.0046627	0.0007281	0.00518244	0.00091385	0.00100146	0.000574788	0.000706037	0.000578678	0.103938	0.0135364	0.0141558	0.0014106	0.000462834
123	0.0287734	0.00309176	0.00351421	0.120454	0.0426421	0.00409818	0.00414459	0.0115246	0.00434405	0.221962	0.0545459	0.0252107	0.02669	0.302613	0.0244416	0.031161	0.0279446	0.012807	0.0232275	0.0268092
124	0.0493092	0.010134	0.00441845	0.010179	0.0530933	0.00301088	0.00721564	0.155568	0.00181741	0.44081	0.0504591	0.00479218	0.00032796	0.0131302	0.00326262	0.0111196	0.0254621	0.107943	0.0101095	0.0378376
125	0.179373	0.0114992	0.00175158	0.00219088	0.00230433	0.0131722	0.00208795	0.127992	0.0017488	0.246341	0.055491	0.00223508	0.0295887	0.0131043	0.00313319	0.0825092	0.0290087	0.192546	0.00111002	0.00281283
126	0.00972877	0.00599731	0.00116025	0.00837192	0.673993	0.00163348	0.00146218	0.0539311	0.00142456	0.0361145	0.0343776	0.00172962	0.000754488	0.00162716	0.00168653	0.00289781	0.00258207	0.0345571	0.0891623	0.0368084
127	0.0509525	0.00639993	0.00535829	0.0138853	0.0413597	0.00340004	0.00485343	0.194412	0.00262781	0.369742	0.0554388	0.00563634	0.00036478	0.0162185	0.00504055	0.00703338	0.0255146	0.14524	0.00914889	0.0373729
128	0.0639537	0.00688896	0.053947	0.0762008	0.011512	0.0106207	0.0205088	0.0691881	0.0924053	0.253337	0.0365813	0.0277365	0.000638872	0.0883676	0.073577	0.0470038	0.0338957	0.01955	0.00346385	0.0106233
129	0.105331	0.00706164	0.0628258	0.22768	0.00233245	0.0117333	0.0148047	0.0068417	0.119663	0.0162893	0.0031886	0.0350303	0.000495348	0.0826715	0.208845	0.0562354	0.028993	0.00508626	0.00114485	0.00374614
130	0.00640538	0.00199382	0.218456	0.37666	0.0371368	0.00349592	0.0242139	0.00285793	0.057806	0.00606383	0.013683	0.0756322	0.00121077	0.0172605	0.0348205	0.0301231	0.0618354	0.0161211	0.012121	0.00210298
131	0.0082647	0.00463184	0.000778297	0.00479997	0.0766233	0.0130706	0.00209536	0.0307849	0.000849618	0.69854	0.0898551	0.0033682	0.00039149	0.00727622	0.00113863	0.00328171	0.0024276	0.0110248	0.00484834	0.0359491
132	0.239419	0.00229133	0.00251569	0.0303656	0.0160456	0.461403	0.00296165	0.0166799	0.00286774	0.0829108	0.00292615	0.00348597	0.00144366	0.00322008	0.0027333	0.0339325	0.0321355	0.0447481	0.00148819	0.0164258
133	0.00595813	0.00904541	0.00165341	0.002334	0.696426	0.00163115	0.00199521	0.0348305	0.00160142	0.038389	0.0027495	0.00211562	0.000768974	0.00237058	0.00170214	0.00506183	0.00338932	0.00824026	0.00389924	0.175838
134	0.0815452	0.0443695	0.00220877	0.00235855	0.199392	0.00447266	0.00356747	0.0232833	0.00191093	0.0265444	0.00255153	0.0034685	0.000888548	0.00347845	0.00198661	0.0384435	0.00526375	0.00325787	0.050971	0.500037
135	0.222076	0.0350399	0.00196678	0.00155407	0.00106565	0.0428593	0.00204262	0.00127314	0.000949249	0.00691576	0.000974758	0.0218915	0.00294776	0.00111159	0.000943396	0.60002	0.0522016	0.00152978	0.0015029	0.0011344
136	0.353783	0.0204196	0.00559516	0.00265818	0.00328773	0.0836905	0.00406325	0.00231013	0.00135715	0.00539734	0.00141888	0.0151485	0.0042293	0.0014997	0.00133194	0.432333	0.0503871	0.00503104	0.00237618	0.00368185
137	0.0232518	0.0040522	0.00394621	0.0977291	0.0193586	0.00342593	0.00455268	0.109941	0.00342464	0.345566	0.0484724	0.0071091	0.00329203	0.115508	0.00542641	0.0240047	0.0311663	0.0948403	0.0175896	0.0373431
138	0.0142429	0.00526278	0.229683	0.0401027	0.00917658	0.0122863	0.222026	0.00396214	0.0142049	0.0189105	0.00355797	0.167806	0.00191247	0.0423976	0.0214401	0.0610572	0.0346262	0.00783027	0.0136053	0.0759092
139	0.725374	0.00680637	0.000866966	0.000873715	0.00106953	0.0950423	0.00153947	0.00495869	0.00126901	0.00529138	0.00107711	0.00200816	0.00169618	0.00102929	0.000815677	0.116593	0.0148066	0.0155556	0.00195015	0.00137705
140	0.0106945	0.00114639	0.0395657	0.408169	0.00129313	0.0424954	0.0231624	0.0483391	0.0795971	0.00340599	0.0084278	0.00955347	0.000682544	0.0561985	0.0897043	0.0105933	0.0300154	0.134959	0.000732763	0.00126469
141	0.0372901	0.0116512	0.0930468	0.295285	0.0110923	0.143126	0.0176442	0.076705	0.0340489	0.0250386	0.0125705	0.0192842	0.0125715	0.0368194	0.0423804	0.0326298	0.0300042	0.0545082	0.00394026	0.0103634
142	0.0515641	0.0113251	0.0839519	0.067182	0.0244594	0.25084	0.0213144	0.0195567	0.0384713	0.0442821	0.015881	0.0280647	0.00864643	0.0856716	0.108661	0.052831	0.0286579	0.0249937	0.00906252	0.0245829
143	0.259704	0.00211968	0.0283334	0.0523672	0.0273662	0.091524	0.00337393	0.0150284	0.0857683	0.0675072	0.0031946	0.0159094	0.00119885	0.00442425	0.19568	0.0321859	0.0543935	0.0164166	0.0147669	0.0287383
144	0.0235107	0.0152161	0.000875858	0.00105688	0.0739798	0.00176074	0.0304793	0.0031253	0.0009018	0.0151168	0.000948165	0.00458612	0.000392654	0.00893418	0.000897852	0.00509574	0.00616932	0.00141733	0.0053845	0.800151
145	0.0183231	0.0122707	0.000887755	0.0010426	0.0615487	0.00156012	0.0352807	0.00202528	0.000931086	0.0140846	0.00091392	0.00508569	0.000403097	0.0088633	0.000925583	0.00330023	0.00555445	0.00137018	0.00251016	0.823119
146	0.0262519	0.00195236	0.00194415	0.00316784	0.0134627	0.00242291	0.0021772	0.119298	0.0137582	0.275709	0.0131205	0.00292084	0.00120207	0.00280604	0.0244391	0.00498782	0.282679	0.204109	0.00138596	0.00220463
147	0.00837517	0.00637808	0.00118969	0.00644221	0.652046	0.00158107	0.00225374	0.0517964	0.00125536	0.0369163	0.0315176	0.00222502	0.000612516	0.00170029	0.00187462	0.00338709	0.00298549	0.0315815	0.114946	0.0409361
148	0.024576	0.00133844	0.0592469	0.0294052	0.00146245	0.00873238	0.0153991	0.00198017	0.0577927	0.00334612	0.00148672	0.00868089	0.00795551	0.0135997	0.0467592	0.205541	0.507683	0.00270318	0.000956887	0.00135452
149	0.0191756	0.00228657	0.00221012	0.0197508	0.00219719	0.0158219	0.024565	0.0153775	0.369566	0.0177338	0.0136358	0.00319906	0.00131872	0.0226361	0.369918	0.0222159	0.00735081	0.0674591	0.00111889	0.00246264
150	0.0712807	0.0119911	0.0118424	0.100763	0.0182823	0.012246	0.00218993	0.186505	0.0827114	0.0136935	0.00207517	0.012398	0.227018	0.0347261	0.0302881	0.0421074	0.0908158	0.0459032	0.00102703	0.00213607
151	0.0790309	0.00946609	0.00141204	0.00160731	0.00924806	0.00183639	0.0559826	0.00186792	0.159476	0.0344121	0.026583	0.00206003	0.0809313	0.0407317	0.364192	0.0423092	0.0169442	0.00261788	0.0164244	0.0528668
152	0.21104	0.00479387	0.00611192	0.0192799	0.00531084	0.0199949	0.00730011	0.00717563	0.0107608	0.0211569	0.0144352	0.0112089	0.473168	0.0126235	0.0324952	0.0662198	0.0163446	0.0506587	0.00286157	0.00706024
153	0.0836491	0.00191609	0.0470971	0.0026479	0.224698	0.110399	0.0729178	0.00270973	0.0133517	0.10584	0.0146923	0.0142388	0.0120037	0.045003	0.0695376	0.0661606	0.00474217	0.0273062	0.00107584	0.0800131
154	0.00582336	0.0286437	0.00269312	0.00316315	0.00280633	0.00299083	0.00260918	0.106086	0.0453331	0.228936	0.00351133	0.00391177	0.00153652	0.00348547	0.402597	0.00680851	0.0727641	0.055355	0.0186144	0.00233193
155	0.0142926	0.00298711	0.540222	0.115668	0.00333046	0.019764	0.0259832	0.00500679	0.0251392	0.00910498	0.00472307	0.118652	0.00208668	0.0273951	0.0129002	0.0262798	0.0344018	0.00618407	0.00191988	0.00395924
156	0.00488763	0.00190695	0.339577	0.191897	0.00543933	0.00301825	0.0052671	0.00315767	0.0779007	0.014398	0.00353372	0.0663927	0.00083838	0.00648462	0.0359311	0.02801	0.201399	0.00623747	0.00215379	0.00157011
157	0.0334404	0.0106655	0.0171292	0.0180625	0.0119787	0.0189233	0.025063	0.0156859	0.120961	0.0924094	0.0163996	0.24691	0.00547499	0.0947214	0.0208146	0.0428672	0.168853	0.0192907	0.00746412	0.0128863
158	0.0537759	0.0291512	0.000802502	0.00279801	0.0122817	0.00114796	0.00117897	0.278915	0.00841752	0.0596726	0.0653815	0.00155105	0.000618739	0.0172963	0.00645489	0.0295432	0.0318843	0.397457	0.000558855	0.0011132
159	0.00453022	0.00108193	0.000934043	0.00212107	0.0177706	0.00121085	0.00121881	0.293379	0.00130848	0.533156	0.0176525	0.0100474	0.000374077	0.00796128	0.00163985	0.0023289	0.0143529	0.0725355	0.000756182	0.0156407
160	0.286493	0.0506474	0.00207843	0.00229121	0.00237217	0.00421657	0.00203962	0.00398384	0.00231657	0.0416047	0.00258404	0.00417741	0.00105415	0.00295398	0.00254316	0.0748991	0.362125	0.148314	0.00120065	0.0021043
161	0.291689	0.00890769	0.0243586	0.00935172	0.0247457	0.147423	0.0302612	0.0014846	0.00362626	0.00273104	0.00112251	0.0221407	0.00159374	0.00124107	0.00401385	0.352969	0.0188949	0.00757448	0.00365938	0.0422116
162	0.0130226	0.0350725	0.00507396	0.0343405	0.00604227	0.0333593	0.0343527	0.0345226	0.00548754	0.0654033	0.00590481	0.0621073	0.0407633	0.0650881	0.0057595	0.0576744	0.0375184	0.0368744	0.416381	0.00525103
163	0.0222675	0.00623965	0.0165293	0.010148	0.00650551	0.0184311	0.0225807	0.0105859	0.0085038	0.0169805	0.0102997	0.551111	0.00408374	0.0727971	0.0102315	0.140353	0.0497199	0.0117138	0.00427048	0.00664793
164	0.327157	0.0112344	0.000790999	0.00109622	0.000917982	0.594878	0.000851379	0.00161392	0.000881632	0.00239642	0.00100506	0.00120011	0.00970337	0.00104019	0.00108468	0.0302095	0.00625863	0.00183802	0.000487078	0.00535539
165	0.0652603	0.00644363	0.00503429	0.00562774	0.00552242	0.00527368	0.00518262	0.00927639	0.0323267	0.383468	0.298328	0.00663408	0.00259853	0.00558414	0.068681	0.0110861	0.0174032	0.0083249	0.0297015	0.0282427
166	0.249946	0.0163886	0.00201223	0.00259335	0.0140469	0.0212201	0.00269318	0.0584422	0.00244733	0.101789	0.30796	0.0028483	0.00110869	0.00329421	0.00603213	0.00559034	0.072393	0.0992598	0.0126422	0.0172933
167	0.0923372	0.00894596	0.00745249	0.00111587	0.00194126	0.0196778	0.00103003	0.493941	0.000796153	0.139974	0.0100317	0.00359783	0.000628566	0.00136495	0.00106913	0.0141994	0.0337173	0.16589	0.000767655	0.00152187
168	0.0895227	0.00105291	0.045898	0.0651962	0.00827702	0.0203861	0.0322758	0.00171808	0.08505	0.0089828	0.00145418	0.0351187	0.0131955	0.0785277	0.111037	0.194309	0.164145	0.00880664	0.0069528	0.0280943
169	0.711784	0.00593884	0.00056212	0.00067288	0.000613162	0.121897	0.000599835	0.00440254	0.000820979	0.00539109	0.000987246	0.00123257	0.000742987	0.000753854	0.000639444	0.110804	0.0160686	0.0141753	0.00131048	0.000603262
170	0.00950584	0.00999475	0.000724384	0.00667975	0.113483	0.00708115	0.00120461	0.0241991	0.000820048	0.676554	0.0559902	0.00282662	0.000307503	0.00456655	0.000924322	0.00503478	0.00558889	0.0163248	0.00273804	0.0554517
171	0.326764	0.011013	0.000798038	0.00105253	0.000931855	0.595828	0.000866198	0.00157611	0.000889207	0.00243289	0.00101121	0.0012007	0.00974849	0.00103032	0.00101992	0.0299275	0.00631489	0.0018184	0.000480015	0.00529658
172	0.0191022	0.00237517	0.00221549	0.00282897	0.391176	0.0190684	0.0155636	0.00341203	0.0148288	0.114204	0.0474654	0.0395836	0.00144638	0.0398483	0.0174068	0.0422273	0.0902632	0.0286819	0.00161739	0.106685
173	0.113772	0.0014026	0.00144916	0.00162199	0.0163757	0.00991222	0.0100389	0.0495706	0.00140344	0.589583	0.00437136	0.00181783	0.0127198	0.0238222	0.00154314	0.0926545	0.0190043	0.0465096	0.00090342	0.00152351
174	0.106483	0.00810698	0.134186	0.562081	0.00451818	0.00809	0.000736554	0.00426589	0.0125296	0.0121327	0.00742517	0.0275403	0.0172515	0.0215347	0.0145923	0.0233005	0.0224566	0.0115438	0.00048441	0.000740692
175	0.0302173	0.00235113	0.409001	0.297582	0.00409929	0.0162123	0.0113577	0.00363402	0.0320542	0.00661115	0.00369991	0.0538229	0.0115973	0.0315115	0.0126487	0.020348	0.0431656	0.00739125	0.00139463	0.00130042
176	0.0137867	0.00968737	0.00124661	0.00129123	0.0565056	0.00160442	0.0525968	0.00140571	0.00152243	0.0166486	0.00155115	0.0080331	0.000594373	0.0111597	0.00234709	0.00278373	0.00588227	0.00214573	0.00213182	0.807076
177	0.773007	0.00781448	0.00050473	0.000643887	0.00055806	0.0493397	0.000645461	0.00659019	0.00133931	0.00529501	0.00153619	0.00116866	0.000610581	0.000751149	0.000758842	0.112714	0.0103527	0.0228248	0.00295765	0.00058779
178	0.105128	0.0625851	0.0240788	0.0135481	0.250557	0.0148155	0.0383794	0.00580026	0.00234865	0.0562639	0.0277147	0.0462882	0.00101137	0.00309219	0.00273429	0.0612295	0.0397544	0.0189666	0.035273	0.190431
179	0.0422251	0.0127963	0.000847313	0.00209306	0.115834	0.00131286	0.00664277	0.0271017	0.000864365	0.573817	0.0627664	0.00119164	0.000388446	0.00265615	0.00109357	0.0233517	0.0256187	0.0454599	0.00978445	0.0441552
180	0.094875	0.00865675	0.00687762	0.000939888	0.000893934	0.02228	0.000860883	0.505634	0.000819625	0.12397	0.0086816	0.00347002	0.000406656	0.00106371	0.00102262	0.0142037	0.0335193	0.170569	0.000493095	0.000762818
181	0.0891617	0.0104032	0.0506204	0.0626429	0.0178467	0.0169683	0.0297674	0.014591	0.0935822	0.139366	0.031655	0.0687372	0.000350161	0.0720062	0.170781	0.059456	0.0208407	0.0042505	0.0176817	0.0292913
182	0.713303	0.00625335	0.000461065	0.000624914	0.000536875	0.128279	0.000578883	0.00443102	0.000792179	0.00545187	0.000954625	0.00100788	0.00070867	0.00074195	0.000604784	0.105223	0.0141703	0.0139477	0.00130499	0.000624034
183	0.122264	0.0331366	0.00698494	0.00392753	0.0799301	0.00826878	0.0273538	0.0300964	0.00388704	0.35881	0.0463163	0.0101648	0.000650668	0.00409226	0.00594105	0.0628015	0.037528	0.0421632	0.0193452	0.0963379
184	0.00251234	0.00101859	0.000765942	0.00115484	0.0154099	0.00120343	0.00122397	0.290831	0.00105441	0.556384	0.0149984	0.0101684	0.000408881	0.0061434	0.0010353	0.00225708	0.0161732	0.0670362	0.000533991	0.00968678
185	0.175147	0.00213929	0.259929	0.11673	0.0031822	0.0318996	0.0169044	0.00388862	0.00338652	0.0231663	0.0172536	0.0451937	0.00158327	0.00393734	0.0731886	0.108223	0.076519	0.0328742	0.00193764	0.00291679
186	0.251313	0.0250964	0.00404476	0.0048779	0.00834438	0.0513678	0.00440703	0.0829261	0.00320624	0.175758	0.0795821	0.00755436	0.0052201	0.0153053	0.0192935	0.0281123	0.0837059	0.117243	0.00652767	0.0261142
187	0.773974	0.0076743	0.000490894	0.000558361	0.000552819	0.0531743	0.000623812	0.00619542	0.00118563	0.00535201	0.00140977	0.00113081	0.000601122	0.00071865	0.000736653	0.110102	0.0103707	0.0218053	0.0027727	0.00057101
188	0.0180924	0.00124085	0.0464433	0.0915971	0.0169059	0.00207207	0.0035064	0.169508	0.0904799	0.157201	0.0310259	0.00927689	0.000822545	0.0506614	0.105311	0.01145	0.0243817	0.167581	0.000644785	0.00179799
189	0.135831	0.0012705	0.0888293	0.295509	0.00187564	0.00939078	0.0108233	0.00835218	0.121211	0.015194	0.00191833	0.0222215	0.000179905	0.0899198	0.103129	0.0573122	0.0278418	0.00557449	0.000166223	0.00345016
190	0.019341	0.00445898	0.000826117	0.00324803	0.0712772	0.00572961	0.00644796	0.0477762	0.000669716	0.717525	0.0274352	0.00259877	0.000317638	0.0114169	0.000869958	0.0105499	0.0074116	0.0232054	0.0161938	0.0227007
