215	20
1	0.0636986	0.000280912	0.00073772	0.0398677	0.0108763	0.0174263	0.0688272	0.0668712	0.23191	0.0229057	0.0182817	0.0291216	0.0128384	0.0779293	0.169924	0.0293174	0.0328771	0.0495378	0.000291965	0.056479
2	0.41229	0.000795303	0.0012298	0.00543397	0.00651739	0.111324	0.00171313	0.00984417	0.00145396	0.00676975	0.0199142	0.00593093	0.241938	0.00185702	0.00173444	0.0672849	0.040499	0.0524709	0.00061396	0.0103858
3	0.00425915	0.000577605	0.00140725	0.0245486	0.00164381	0.00214356	0.00147372	0.00206199	0.712268	0.00286779	0.00177279	0.0168891	0.00124331	0.0217884	0.192652	0.00396591	0.00364647	0.00299383	0.000566763	0.00122973
4	0.0413808	0.00396099	0.0326942	0.0299698	0.00712392	0.0277449	0.053831	0.017377	0.0605261	0.0234416	0.0132735	0.271337	0.0102914	0.0370977	0.0819632	0.167513	0.0846418	0.0232306	0.00290712	0.00969383
5	0.00864679	0.000563446	0.000408287	0.000556888	0.00733831	0.00347678	0.000633096	0.278329	0.000635787	0.0774369	0.0142009	0.00155361	0.00284077	0.00194892	0.00125479	0.00241855	0.00623538	0.589375	0.000288454	0.001858
6	0.0107295	0.000441538	0.000751005	0.00103812	0.0043108	0.00264089	0.000973478	0.19908	0.00113319	0.0818106	0.0361605	0.00182863	0.00216829	0.00554778	0.00489932	0.00317386	0.00538989	0.632576	0.00030488	0.00504205
7	0.00892045	0.00220504	0.000533162	0.000561121	0.289369	0.000824374	0.000638498	0.0786591	0.000595596	0.354912	0.14924	0.00161045	0.000492246	0.0027632	0.00357701	0.0040692	0.00492614	0.0583026	0.00069741	0.0371042
8	0.0234604	0.0101517	0.00193444	0.00250039	0.275023	0.00316699	0.00337286	0.0558128	0.00399851	0.348691	0.137526	0.00600733	0.00329187	0.00533851	0.00580725	0.0107819	0.0117577	0.0594548	0.00226347	0.0296595
9	0.0146227	0.000130677	0.000294675	0.000324713	0.00746713	0.00319276	0.00443023	0.413542	0.00180209	0.256658	0.0637518	0.00107404	0.00251757	0.0033629	0.00316892	0.014489	0.0138259	0.18849	0.00298227	0.00387293
10	0.0908343	0.000432637	0.00481272	0.00498071	0.000887771	0.804944	0.000815403	0.00535404	0.00303233	0.00445321	0.00145451	0.0091829	0.00148671	0.00112571	0.000866486	0.0516789	0.0100039	0.00264889	0.000311003	0.000693362
11	0.151212	0.00291474	0.178048	0.0467888	0.00925212	0.141529	0.0114013	0.00912978	0.0163993	0.0151703	0.0117775	0.0270932	0.0125213	0.0165721	0.0194346	0.250543	0.0382816	0.0256651	0.00944191	0.00682495
12	0.0757752	0.000762654	0.00452451	0.00416621	0.00086339	0.822701	0.00103695	0.00504089	0.00306275	0.00434399	0.00137619	0.00965043	0.000987148	0.00143798	0.00104105	0.0512874	0.00857953	0.00213295	0.000359029	0.000870384
13	0.010764	0.000732575	0.00125345	0.00232609	0.0788283	0.00309918	0.00818095	0.0290359	0.00635288	0.402449	0.34324	0.0212837	0.00649731	0.0101402	0.00748908	0.0137352	0.0222955	0.0177242	0.00582979	0.00874298
14	0.0845512	0.00231288	0.0402905	0.00402355	0.0113379	0.284139	0.00483017	0.00493899	0.0073464	0.0121055	0.00450636	0.0346188	0.0268451	0.00502267	0.00390389	0.423771	0.0301874	0.0113651	0.00110758	0.00279554
15	0.0158315	0.000165026	0.000337471	0.000361579	0.00659984	0.00321016	0.00434597	0.407141	0.0015713	0.2579	0.0576926	0.00140101	0.00397051	0.00487217	0.00290541	0.0138799	0.0137215	0.197737	0.00256638	0.00378924
16	0.129474	0.00110029	0.0151784	0.0142526	0.00191982	0.014511	0.0149801	0.00365668	0.00239628	0.00435642	0.00341592	0.0666249	0.128285	0.0143342	0.00245996	0.311027	0.264481	0.00461378	0.000823769	0.0021089
17	0.0600861	0.00216127	0.00164633	0.00426916	0.00188698	0.0125506	0.00258944	0.00914593	0.00552829	0.00795984	0.0283684	0.0123987	0.0238971	0.00174237	0.00135286	0.276534	0.528259	0.0144144	0.00050789	0.00470088
18	0.0161259	0.000469822	0.000339854	0.000796077	0.00617608	0.00296748	0.00301284	0.347844	0.00160378	0.180988	0.0360607	0.00283133	0.00277652	0.00491631	0.00247094	0.00916391	0.0130802	0.362528	0.00132726	0.00452163
19	0.082086	0.00176869	0.00102642	0.00365155	0.00200552	0.0123651	0.00214995	0.00770118	0.00611328	0.008653	0.0250743	0.0135057	0.0126218	0.00101646	0.00098297	0.238346	0.557653	0.016836	0.000293984	0.0061499
20	0.601968	0.00585345	0.000668754	0.00254481	0.0058524	0.0878121	0.00113557	0.00481191	0.000688279	0.0212665	0.024396	0.00172533	0.00118494	0.00735436	0.00415915	0.176914	0.0386648	0.00672897	0.00574106	0.000529458
21	0.561013	0.00173446	0.00278429	0.00135128	0.00194881	0.0786293	0.0050678	0.00642592	0.00186551	0.00378653	0.00665475	0.00543972	0.00110823	0.0019291	0.00251196	0.122691	0.182631	0.0104698	0.00077819	0.00117919
22	0.0413424	0.00469226	0.0208027	0.0358938	0.013897	0.0224387	0.0374381	0.025906	0.160802	0.062686	0.0272634	0.0416958	0.00885939	0.048737	0.291369	0.0556831	0.0462298	0.0277762	0.00581709	0.02067
23	0.0360416	0.000200789	0.047137	0.111033	0.00371406	0.0178179	0.0451971	0.00733607	0.275011	0.0243395	0.00411245	0.0734992	0.00283508	0.0726651	0.16585	0.0441753	0.0633959	0.00455686	0.000310447	0.000771626
24	0.00880454	0.00167778	0.00174743	0.00296034	0.244112	0.00420633	0.0206677	0.0228145	0.00620712	0.364038	0.125351	0.028636	0.0130842	0.017076	0.00655603	0.0176927	0.0308322	0.0183051	0.0315901	0.03364
25	0.0119272	0.00107193	0.0615734	0.0503593	0.00389337	0.00557112	0.0400011	0.0161209	0.0838476	0.0476517	0.00437536	0.0710892	0.431589	0.0108449	0.0218736	0.0117937	0.0446826	0.0354724	0.0125662	0.0336954
26	0.0270365	0.000880633	0.0361692	0.0128098	0.106647	0.00748491	0.205399	0.00288184	0.00670219	0.00677878	0.00272808	0.0774862	0.00155901	0.0197848	0.0129241	0.0400849	0.0283246	0.0551628	0.026759	0.322397
27	0.0910814	0.00230161	0.000767853	0.000660455	0.0163906	0.00889476	0.00139277	0.0699322	0.00107118	0.0669718	0.0265303	0.0159467	0.00332022	0.0031036	0.000921307	0.0861469	0.226297	0.372742	0.00031109	0.00521603
28	0.0712129	0.000315606	0.00405694	0.00436287	0.000624656	0.83179	0.000643425	0.00445419	0.00322983	0.00404497	0.000886782	0.00929998	0.000539613	0.000850403	0.000760689	0.0521446	0.0083249	0.00159514	0.000242718	0.000619597
29	0.0121691	0.000595295	0.000889606	0.00563732	0.0567935	0.0061388	0.0139397	0.0779563	0.0222906	0.492123	0.108085	0.0281811	0.0131758	0.01975	0.0241102	0.0181628	0.0351483	0.0484457	0.00402529	0.0123822
30	0.39995	0.000950345	0.00215913	0.00237403	0.00795462	0.0105852	0.0160836	0.0691031	0.00450944	0.0741711	0.00707741	0.00373838	0.0175293	0.00316766	0.00440839	0.108303	0.0315309	0.232273	0.00108291	0.00304786
31	0.00425915	0.000577605	0.00140725	0.0245486	0.00164381	0.00214356	0.00147372	0.00206199	0.712268	0.00286779	0.00177279	0.0168891	0.00124331	0.0217884	0.192652	0.00396591	0.00364647	0.00299383	0.000566763	0.00122973
32	0.0484946	0.00108295	0.000970516	0.00140001	0.00800768	0.00805436	0.00160614	0.129475	0.00131124	0.0449653	0.0203234	0.00649668	0.00263996	0.00248321	0.00134368	0.0349122	0.178498	0.504599	0.000405449	0.00293139
33	0.00929173	0.000340686	0.00202729	0.00559118	0.375964	0.00165791	0.0209157	0.00647294	0.00552822	0.026055	0.0125378	0.00327483	0.00133502	0.00635211	0.00891946	0.0171584	0.0084991	0.00873919	0.024582	0.454757
34	0.0929104	0.250485	0.00177163	0.0020143	0.00224115	0.0543329	0.00189099	0.00349665	0.00233603	0.0143813	0.00267224	0.0469	0.0047307	0.00462558	0.00227329	0.333553	0.161061	0.0156921	0.000891447	0.00173952
35	0.110471	0.00588011	0.00100567	0.000839425	0.0104401	0.0137616	0.00216522	0.0822788	0.00307925	0.0601938	0.0234949	0.0335526	0.00282228	0.00889039	0.000773695	0.0977182	0.248916	0.287034	0.000283051	0.00640028
36	0.00998757	0.00106582	0.531397	0.00404118	0.00335302	0.005763	0.00312673	0.00504611	0.00393869	0.00587645	0.00417312	0.376688	0.00280609	0.00423551	0.00419916	0.0114936	0.0105198	0.00794579	0.00122722	0.00311632
37	0.0706474	0.000285856	0.000670799	0.0385712	0.0114043	0.0165323	0.0770128	0.0573653	0.231357	0.0230959	0.019814	0.0324917	0.0102259	0.077306	0.173733	0.0310384	0.0295406	0.0343677	0.000255626	0.0642838
38	0.054417	0.000499945	0.00990175	0.029914	0.0387027	0.0165605	0.0873543	0.0480843	0.0381852	0.0991678	0.0607139	0.0247696	0.00586023	0.143997	0.0694299	0.0587622	0.0792641	0.031353	0.0235503	0.0795129
39	0.0706177	0.00181216	0.00104324	0.00101756	0.00955953	0.0105533	0.00107114	0.0638235	0.00115647	0.0372316	0.0264754	0.00997358	0.00241612	0.00225902	0.00111031	0.0564785	0.2517	0.44784	0.000392202	0.00346831
40	0.250148	0.00100183	0.00249572	0.00268083	0.016098	0.0489059	0.0024864	0.00356906	0.00246478	0.00507521	0.00354082	0.0105166	0.454135	0.00295545	0.00254921	0.0694891	0.0724973	0.0206804	0.00111109	0.027599
41	0.0942945	0.00295134	0.166615	0.348365	0.00699523	0.0778319	0.0152724	0.00784181	0.0184714	0.0144064	0.00732329	0.0259449	0.00406154	0.049202	0.0161192	0.0678418	0.0384171	0.0257885	0.00322971	0.00902723
42	0.308152	0.0228017	0.010026	0.00797244	0.00794817	0.0887832	0.00429332	0.011945	0.00598361	0.013427	0.0113711	0.0254425	0.092092	0.0081016	0.00520299	0.280433	0.0596825	0.0280254	0.00331173	0.00500496
43	0.589318	0.0104233	0.000792173	0.00226974	0.00702884	0.0823162	0.00180823	0.00448712	0.000884831	0.0169745	0.0190389	0.00476662	0.00404976	0.00662638	0.00395568	0.196932	0.0354317	0.00748047	0.0049092	0.000506458
44	0.291497	0.132505	0.00287766	0.00323928	0.0038477	0.0664876	0.00268008	0.00671369	0.00321004	0.00766017	0.00343356	0.0518306	0.029836	0.0196762	0.00342572	0.322755	0.0336696	0.0103405	0.00137492	0.00294015
45	0.156653	0.0326742	0.00308316	0.00287943	0.00305123	0.0551167	0.00193815	0.00634998	0.00356286	0.00671377	0.0125645	0.0224152	0.0263078	0.00447323	0.00134946	0.32434	0.322454	0.0106116	0.000491353	0.00297069
46	0.693459	0.00118891	0.000664472	0.001039	0.00183112	0.156931	0.0042834	0.00289842	0.00084973	0.00403282	0.00803918	0.00144317	0.000771274	0.0018032	0.00521568	0.0988743	0.00856822	0.00644498	0.000927518	0.00073473
47	0.100596	0.00392948	0.00327456	0.00381566	0.00229379	0.0300979	0.00222794	0.00962802	0.00659414	0.0108151	0.0265223	0.0147982	0.0145217	0.00175594	0.00212375	0.264918	0.47784	0.0188273	0.00119529	0.00422621
48	0.586058	0.00775191	0.00384975	0.00168226	0.00542529	0.088851	0.00414827	0.00389525	0.00227406	0.0106	0.0116019	0.00583044	0.00495059	0.00442532	0.00443319	0.210179	0.0307825	0.00915234	0.00352664	0.000581345
49	0.00887503	0.00218063	0.000537422	0.000560876	0.289127	0.00084431	0.000622171	0.08004	0.00061494	0.353119	0.149545	0.00163914	0.000495042	0.00286924	0.00367623	0.00404396	0.00495733	0.0582007	0.000706732	0.0373455
50	0.0120924	0.00141684	0.00210811	0.00508785	0.159108	0.00537826	0.0352246	0.0284737	0.0105741	0.356368	0.130993	0.0428719	0.019867	0.0309343	0.0110898	0.0257046	0.0386377	0.0209587	0.0318575	0.0312541
51	0.0562446	0.27645	0.00199243	0.00218157	0.00239537	0.0883408	0.00221952	0.00301318	0.00243899	0.00954982	0.00310697	0.0287238	0.00237033	0.00259215	0.00240224	0.269759	0.233293	0.0101157	0.000805501	0.00200513
52	0.0714541	0.000609471	0.00631811	0.00520575	0.00077258	0.821122	0.00075972	0.00490333	0.00329932	0.00451177	0.00107501	0.0102631	0.00114528	0.00119974	0.000924974	0.0526376	0.00921902	0.00316146	0.000279067	0.00113849
53	0.0882829	0.000613705	0.00133297	0.0200249	0.015698	0.0061852	0.0262203	0.179131	0.0197025	0.0887513	0.00869663	0.00188841	0.0012553	0.00872351	0.011535	0.0339688	0.0201846	0.45542	0.000419628	0.011965
54	0.0208598	0.00263659	0.012465	0.0391753	0.00505491	0.00891254	0.0197806	0.0101912	0.556399	0.0171176	0.00910015	0.0301112	0.00312038	0.0461819	0.160077	0.0190254	0.0191319	0.00909137	0.00152251	0.0100465
55	0.294463	0.011826	0.00106667	0.00108874	0.00146999	0.101811	0.00220775	0.0370507	0.00201008	0.0279114	0.025428	0.0394931	0.000894382	0.00286702	0.001161	0.117965	0.267707	0.0619681	0.000506161	0.00110416
56	0.0261584	0.00059116	0.0793863	0.0745941	0.00340302	0.0136905	0.0974152	0.00878817	0.236954	0.0187174	0.00389161	0.110272	0.0133149	0.0732283	0.143186	0.0424311	0.0409154	0.0082805	0.000920843	0.00386127
57	0.0545248	0.000287201	0.0083752	0.0404201	0.0603016	0.00697324	0.0871511	0.0420094	0.0412172	0.0870099	0.0528048	0.0196271	0.00312762	0.139922	0.0493366	0.0600491	0.0539448	0.0391	0.0272315	0.126587
58	0.0774358	0.000599646	0.161601	0.249803	0.0160004	0.0160371	0.0307189	0.0117308	0.0632805	0.0276334	0.0108711	0.0486902	0.00386864	0.101638	0.0513459	0.0694505	0.0173273	0.0123492	0.00832242	0.0212959
59	0.0880252	0.00220739	0.000871243	0.000896538	0.0166924	0.0096229	0.001689	0.0635556	0.0012122	0.0654874	0.0304271	0.0190758	0.00535678	0.00328464	0.000961795	0.0705235	0.255069	0.357641	0.000361157	0.00703964
60	0.0157733	0.000174863	0.00028185	0.000312051	0.00656893	0.00340293	0.00478648	0.410129	0.00152749	0.264627	0.0575595	0.00121994	0.00268735	0.00370755	0.00270201	0.0133009	0.0139943	0.190597	0.00289534	0.00375255
61	0.0958429	0.00332938	0.00531103	0.0042016	0.00171923	0.738711	0.000947975	0.00569308	0.00317373	0.00526596	0.00139901	0.0179371	0.00400666	0.00146073	0.00107341	0.0907033	0.0140097	0.00382128	0.000431885	0.00096106
62	0.0147272	0.000536301	0.00101846	0.00199477	0.0029192	0.00267813	0.0019703	0.127901	0.0021163	0.110999	0.0464333	0.00207764	0.0017836	0.00941214	0.00884737	0.00460477	0.00536603	0.645384	0.000400847	0.00882962
63	0.0248256	0.00250872	0.105449	0.0112432	0.001469	0.05248	0.0309091	0.00358643	0.0354238	0.0136651	0.00354872	0.233804	0.0234167	0.018514	0.0194578	0.250194	0.148864	0.0187814	0.000610197	0.00124865
64	0.458433	0.00100751	0.0593292	0.0854596	0.00188413	0.014766	0.00212985	0.0035574	0.0388589	0.0147706	0.0238297	0.0139794	0.00222512	0.0776741	0.0246448	0.0848491	0.0285787	0.0496334	0.000903543	0.0134856
65	0.0257644	0.00297386	0.162644	0.0101883	0.00502352	0.267022	0.0101517	0.00781804	0.012844	0.0104085	0.00719369	0.198931	0.0106033	0.00931602	0.00951312	0.101133	0.0721875	0.0691661	0.00191785	0.0052001
66	0.0152801	0.000833938	0.00684514	0.00253123	0.0175336	0.00325784	0.015637	0.0237388	0.229208	0.224241	0.104763	0.0279945	0.00169427	0.0345729	0.217263	0.0130979	0.010276	0.0250892	0.000901848	0.0252405
67	0.18767	0.000784192	0.0808743	0.00203859	0.00169255	0.0452218	0.00202231	0.00471349	0.0211897	0.00358093	0.0219999	0.00295234	0.00177353	0.00243356	0.0503875	0.4847	0.0140534	0.0280516	0.0418538	0.00200687
68	0.0881278	0.00153145	0.00115191	0.00105887	0.0112795	0.00967271	0.00148776	0.0629756	0.00123127	0.0418728	0.0276147	0.00967534	0.00275623	0.00255804	0.0014409	0.0596539	0.24543	0.426459	0.000519623	0.00350183
69	0.0741801	0.000505382	0.00502922	0.00474025	0.000971087	0.809466	0.000865451	0.0055432	0.00424554	0.0048231	0.00111502	0.0142622	0.00164052	0.00142258	0.0014083	0.0546919	0.0106039	0.00342529	0.000251525	0.000809219
70	0.0123285	0.00461175	0.00114552	0.00151951	0.12242	0.00220227	0.00158587	0.463272	0.00155184	0.118864	0.0131416	0.00233606	0.0012183	0.00219345	0.00148916	0.0048628	0.00406926	0.237459	0.000434869	0.00329329
71	0.0403538	0.00115077	0.00096239	0.00510232	0.0167921	0.00440862	0.00692227	0.27939	0.00522638	0.0982718	0.0175148	0.00225986	0.00236953	0.00424634	0.00458296	0.0148627	0.0150487	0.474771	0.000695309	0.00506833
72	0.0714421	0.0028789	0.00224858	0.0104751	0.00229159	0.0139724	0.00298429	0.00860139	0.00767389	0.010007	0.0220692	0.0161136	0.0169794	0.00251902	0.00218266	0.286388	0.492981	0.0228975	0.000463601	0.00483133
73	0.015854	0.00146454	0.00771646	0.00628138	0.00255012	0.00808188	0.0379044	0.0058605	0.0054988	0.00831394	0.00494915	0.33179	0.00327505	0.0321105	0.00817047	0.146291	0.358808	0.00856785	0.00119845	0.00531389
74	0.353533	0.00456057	0.00291716	0.00265389	0.00314835	0.0467897	0.00347315	0.0229239	0.00236447	0.0126936	0.0407642	0.0133961	0.00212892	0.00353406	0.00231693	0.114089	0.335242	0.0292158	0.00158064	0.00267386
75	0.035293	0.0005646	0.0425451	0.102925	0.00409233	0.0203618	0.0412248	0.00850478	0.242047	0.0230417	0.00507922	0.0722534	0.0035942	0.0680602	0.182932	0.0595797	0.0759238	0.00944376	0.000620699	0.00191298
76	0.00752819	0.00168826	0.000438759	0.000547186	0.00964639	0.00254859	0.000749629	0.323347	0.000728304	0.0889439	0.0106484	0.00164175	0.00251041	0.00171288	0.0010393	0.00205571	0.00573992	0.536517	0.000332875	0.00163527
77	0.0177326	0.00214002	0.00659949	0.0059287	0.00530252	0.00971452	0.00753459	0.00705098	0.00778663	0.0112686	0.00762168	0.145732	0.00455487	0.145909	0.00735946	0.0946675	0.493682	0.0123749	0.00206239	0.00497816
78	0.0643343	0.002228	0.166678	0.119899	0.0107527	0.0160946	0.165565	0.0103345	0.0718396	0.0349289	0.00830808	0.0820328	0.00800865	0.0729341	0.0388412	0.0710028	0.0218734	0.0126536	0.00537199	0.0163186
79	0.397796	0.00881754	0.0123945	0.003306	0.0173863	0.132043	0.00290262	0.00645118	0.00321205	0.0123726	0.0100419	0.0138987	0.0459289	0.00518568	0.00408335	0.268407	0.0346432	0.0150209	0.00277717	0.00333186
80	0.0559374	0.00224475	0.00276043	0.00501599	0.00238302	0.0121458	0.0036756	0.014264	0.0056505	0.00809886	0.0237221	0.0130319	0.0357301	0.00260766	0.00219918	0.315041	0.476785	0.0134679	0.000664429	0.00457435
81	0.0254606	0.00214249	0.0149761	0.017487	0.0375707	0.0125562	0.0251869	0.0424384	0.0213862	0.279805	0.0939012	0.0764302	0.105433	0.0559494	0.021285	0.0335935	0.0383427	0.0646755	0.00759372	0.0237869
82	0.706375	0.000792711	0.000672688	0.000835706	0.00170848	0.159394	0.00504023	0.0026488	0.000944334	0.0021764	0.00545851	0.00163791	0.000765889	0.00112923	0.00460631	0.0928378	0.0059584	0.00586149	0.00037336	0.000782863
83	0.480336	0.00041028	0.00106695	0.0059798	0.0015166	0.147513	0.00106291	0.0129386	0.00120067	0.00761058	0.0265586	0.00236401	0.13918	0.00141659	0.0013296	0.0692271	0.0318222	0.0668775	0.000533727	0.00105534
84	0.245742	0.0139671	0.00107639	0.000977589	0.00155393	0.0800264	0.00413852	0.0399762	0.0023048	0.062152	0.0313662	0.0538656	0.000799004	0.00359392	0.00110764	0.139423	0.22624	0.0900095	0.000445532	0.00123538
85	0.00874352	0.000409208	0.0012752	0.00494076	0.393039	0.00160732	0.0155234	0.00651089	0.0046247	0.0272915	0.0134001	0.00138661	0.000873413	0.00684347	0.00842122	0.0142239	0.00768043	0.00623945	0.0242972	0.452669
86	0.611826	0.00575501	0.000559596	0.00237455	0.00569535	0.0778469	0.00199969	0.00412628	0.000955191	0.0196585	0.0218483	0.00189267	0.00138839	0.0075421	0.00423678	0.180286	0.0375304	0.00862989	0.00537126	0.00047725
87	0.0126724	0.00110502	0.0227658	0.0269899	0.00335568	0.00729453	0.234294	0.0240039	0.195954	0.010281	0.00488014	0.18521	0.00590567	0.0351697	0.0807722	0.0873345	0.0148643	0.0241308	0.00144906	0.0215685
88	0.0539356	0.0328649	0.0115164	0.00221589	0.00228156	0.0245862	0.00203439	0.106628	0.0120592	0.017768	0.0134097	0.0061625	0.00170297	0.00332844	0.00212256	0.248302	0.246594	0.209498	0.000756616	0.00223273
89	0.0514252	0.00222028	0.189444	0.165468	0.00956917	0.0208339	0.0337256	0.0106651	0.129659	0.0248434	0.00926675	0.055571	0.0107556	0.0692218	0.0765374	0.0574205	0.0545631	0.0127992	0.00392958	0.0120808
90	0.0165513	0.000175855	0.000364209	0.000474657	0.00756438	0.00338414	0.00434416	0.411386	0.00191278	0.255377	0.062481	0.00130928	0.00263164	0.00353426	0.00315161	0.0160306	0.0139732	0.18867	0.00282066	0.00386319
91	0.567775	0.0171861	0.00104329	0.00199845	0.00598969	0.0780287	0.00252341	0.00402667	0.00132392	0.0142151	0.0151894	0.00808311	0.00639972	0.00630154	0.00361283	0.216912	0.0367728	0.00802354	0.00385936	0.000736216
92	0.0557082	0.000241739	0.0081987	0.0355551	0.0488467	0.0083339	0.0907804	0.0397247	0.0450694	0.0879975	0.054627	0.0176392	0.00373626	0.14682	0.0631375	0.0563737	0.0668283	0.0360265	0.029993	0.104363
93	0.0563147	0.00478074	0.0180923	0.0414483	0.0442369	0.0193711	0.0621459	0.0332906	0.0420129	0.0663074	0.0391853	0.0258973	0.0113805	0.207342	0.0454187	0.056426	0.0534131	0.0381122	0.0170128	0.117812
94	0.0127829	0.000622596	0.00140766	0.00155901	0.0694829	0.00227612	0.00167049	0.0114081	0.00144784	0.394027	0.452201	0.0068801	0.00114659	0.00279868	0.001493	0.0130914	0.0171482	0.00619145	0.000603104	0.00176145
95	0.104983	0.00113493	0.00545892	0.00528184	0.00251793	0.746068	0.00182423	0.00634939	0.00408131	0.0135652	0.00409994	0.0110325	0.00378306	0.00255618	0.00169105	0.0595836	0.0161822	0.00712332	0.00107237	0.00161131
96	0.0371193	0.130209	0.0284445	0.0261881	0.00947106	0.278486	0.0103715	0.0675881	0.0449955	0.0197138	0.0134442	0.0456297	0.0101253	0.112651	0.027692	0.0546053	0.0468999	0.0223642	0.00375163	0.0102502
97	0.0779255	0.00331328	0.00936595	0.00435226	0.00258186	0.702547	0.00190075	0.0063177	0.00555933	0.00823867	0.00365506	0.0152017	0.00351196	0.00325452	0.00277535	0.103268	0.0356091	0.00810674	0.00112807	0.00138734
98	0.0547772	0.000242763	0.00786917	0.0349578	0.0493824	0.00850004	0.0893172	0.0413931	0.0450311	0.0911578	0.0572562	0.0177133	0.00398392	0.145652	0.0626325	0.0558362	0.0667545	0.0361945	0.0296102	0.101738
99	0.0138441	0.000696749	0.000389968	0.000439969	0.00949741	0.00275013	0.00613248	0.382102	0.00133765	0.32696	0.0515434	0.00249253	0.00290035	0.00405052	0.00288783	0.0107408	0.013477	0.161573	0.00268469	0.00350001
100	0.263946	0.0106181	0.00197007	0.102356	0.00191945	0.0133646	0.00193213	0.0432185	0.0488832	0.00330296	0.0342538	0.0123829	0.0412419	0.0320455	0.0121219	0.200231	0.103164	0.0708202	0.000612558	0.00161408
101	0.00809428	0.000340313	0.31065	0.521845	0.000905418	0.00208313	0.0010729	0.0012752	0.00615496	0.012324	0.00139658	0.0394115	0.000848165	0.0722497	0.00829937	0.00710069	0.0028828	0.00176797	0.000443529	0.000854321
102	0.0124448	0.000566097	0.00162948	0.00214833	0.0516233	0.0027346	0.00225029	0.0103156	0.00243855	0.346157	0.50521	0.0077635	0.00162084	0.00351602	0.00204109	0.0129828	0.0268536	0.00494227	0.000795096	0.00196692
103	0.0701577	0.00164677	0.0011477	0.00110218	0.00937221	0.0103493	0.00113651	0.0599414	0.00122512	0.035538	0.0270574	0.00938115	0.00262078	0.00218064	0.00113201	0.0530671	0.269569	0.439474	0.000396278	0.00350427
104	0.0793249	0.000622037	0.169604	0.257085	0.0162795	0.0146788	0.0291269	0.0117816	0.0528805	0.0269157	0.0114771	0.0456063	0.00374323	0.103735	0.0469545	0.0724663	0.015571	0.0121367	0.00825893	0.0217531
105	0.217834	0.000902176	0.00198631	0.0141864	0.00200802	0.0033265	0.00207106	0.0584667	0.340957	0.00407639	0.0142415	0.0146178	0.00177415	0.013786	0.0128634	0.0506909	0.133889	0.0944117	0.000710546	0.0172011
106	0.573201	0.00683431	0.00192004	0.002403	0.00605055	0.0846867	0.00195129	0.00627069	0.00104108	0.023025	0.0213371	0.00515827	0.00280242	0.00657506	0.00381694	0.181423	0.0540528	0.0119087	0.00493878	0.000604244
107	0.0149125	0.00014996	0.000310228	0.000392329	0.00681804	0.00300345	0.00522415	0.392812	0.00141504	0.302977	0.0562242	0.00142039	0.00268461	0.00364985	0.00271595	0.0116942	0.0140056	0.173057	0.00296454	0.00356856
108	0.0368109	0.000206714	0.0483064	0.11443	0.00391928	0.0182624	0.0425959	0.00745155	0.27782	0.0247777	0.00380457	0.0712666	0.00262399	0.0721403	0.16845	0.0414231	0.0598678	0.00472797	0.000378181	0.000736052
109	0.0136351	0.000189938	0.000376473	0.000465258	0.0104653	0.00375634	0.00355364	0.40479	0.00307214	0.232281	0.0692548	0.00141914	0.0023254	0.00310871	0.00463436	0.0191952	0.0159227	0.204703	0.00232152	0.00453012
110	0.0131423	0.000588733	0.000622842	0.00244455	0.0494392	0.00441106	0.00782298	0.222103	0.00926377	0.390414	0.0892119	0.0123989	0.006811	0.0140966	0.0111701	0.0134291	0.0204769	0.119059	0.00271257	0.0103817
111	0.00682223	0.000324029	0.000773937	0.00484492	0.390731	0.00117776	0.015404	0.00552562	0.00465101	0.0248046	0.0126305	0.00117691	0.000621466	0.00515544	0.00832731	0.0142709	0.00661535	0.00327537	0.0252507	0.467617
112	0.0718663	0.00114096	0.00258474	0.00300957	0.338685	0.00386228	0.00776	0.0628735	0.00333907	0.0911503	0.00389525	0.00616497	0.0166166	0.00957857	0.0050863	0.0106738	0.029794	0.155432	0.00106336	0.175424
113	0.0966186	0.00177764	0.00257555	0.00696172	0.0230127	0.0121033	0.00944734	0.149916	0.0103699	0.268635	0.0409902	0.0111053	0.0062162	0.00993001	0.0100405	0.0370822	0.0581007	0.231913	0.00210017	0.0111039
114	0.00974539	0.00248939	0.000574501	0.000589652	0.281109	0.000979107	0.000629503	0.0649267	0.000670901	0.367018	0.163564	0.00163126	0.000512867	0.00235583	0.00311473	0.00511454	0.00557094	0.0566923	0.000743942	0.0319668
115	0.00787607	0.000319372	0.000430161	0.000645916	0.00642335	0.00295477	0.000619809	0.269383	0.000625011	0.069714	0.0121253	0.00150431	0.00320786	0.00181106	0.0012309	0.00198397	0.00610726	0.610986	0.000288446	0.00176308
116	0.0565076	0.00278569	0.0764072	0.40008	0.00796786	0.0915742	0.0163966	0.0123816	0.0177615	0.0566102	0.0169355	0.022717	0.00944214	0.0450064	0.0167189	0.0590114	0.0429176	0.0308305	0.00486022	0.0130883
117	0.0715649	0.000352317	0.00429957	0.00417551	0.000603609	0.835154	0.00061585	0.00477741	0.00303506	0.00412117	0.000865659	0.00912175	0.000495413	0.000923982	0.000725101	0.0489043	0.00786693	0.00154376	0.000232769	0.000620927
118	0.010696	0.0012987	0.00448447	0.00602997	0.00996961	0.0052826	0.0376287	0.00671261	0.260394	0.173407	0.0801297	0.0726739	0.00250845	0.0309768	0.244989	0.0276827	0.0103559	0.00844069	0.00123104	0.00510772
119	0.0380746	0.000974836	0.000851226	0.00270153	0.0107225	0.00538599	0.00494185	0.294901	0.00325807	0.145022	0.0418626	0.00433644	0.00272815	0.00510502	0.00431176	0.0217633	0.0396156	0.367166	0.00168149	0.00459551
120	0.0486064	0.00330985	0.193888	0.0910174	0.013398	0.0220711	0.0585973	0.017115	0.0606016	0.039051	0.0153642	0.0493763	0.0649125	0.0892394	0.0775063	0.057038	0.0385545	0.0264589	0.00479749	0.0290965
121	0.0544782	0.000241189	0.00781333	0.0347773	0.0494589	0.00856474	0.0890108	0.0416357	0.044871	0.0924919	0.0579459	0.0178044	0.00412176	0.145251	0.0625448	0.0556696	0.06674	0.0362026	0.0295256	0.100851
122	0.702022	0.000738485	0.000725618	0.000910067	0.00160993	0.167802	0.00490335	0.00274576	0.000963464	0.00213515	0.00553438	0.00169198	0.000802668	0.00119031	0.00471411	0.0886626	0.00578381	0.00585561	0.000349366	0.000858957
123	0.041609	0.00102553	0.0430311	0.081858	0.00773978	0.0224046	0.108343	0.0141384	0.132643	0.0426552	0.0109743	0.136756	0.010396	0.0567689	0.102455	0.0730864	0.0794904	0.0166285	0.00259454	0.0154028
124	0.0424794	0.00161543	0.0339999	0.0508643	0.00828334	0.0512443	0.106513	0.022237	0.170939	0.0260316	0.0116147	0.064313	0.0108922	0.0596388	0.132553	0.0674287	0.0817358	0.0310086	0.00299412	0.023614
125	0.0793249	0.000622037	0.169604	0.257085	0.0162795	0.0146788	0.0291269	0.0117816	0.0528805	0.0269157	0.0114771	0.0456063	0.00374323	0.103735	0.0469545	0.0724663	0.015571	0.0121367	0.00825893	0.0217531
126	0.486229	0.000386682	0.000906716	0.00664049	0.00140088	0.136224	0.00103027	0.013274	0.00121492	0.0074348	0.0289507	0.00179837	0.149116	0.00127486	0.00124567	0.0609816	0.0304212	0.0695764	0.000457398	0.00143577
127	0.0695697	0.000264454	0.000664273	0.0386277	0.0114366	0.0167009	0.0765428	0.05772	0.232233	0.0230665	0.0196035	0.0324047	0.0103455	0.0777821	0.173671	0.030753	0.0296903	0.034849	0.000257697	0.0638181
128	0.02414	0.000616134	0.0115524	0.00203421	0.014836	0.00269626	0.00273468	0.0491102	0.185226	0.263768	0.0696795	0.00411126	0.00163005	0.0356851	0.20706	0.0057584	0.0139043	0.0496981	0.000736054	0.0550237
129	0.618169	0.00189492	0.00120631	0.000987922	0.00365351	0.031388	0.0142682	0.00196885	0.00537608	0.00338695	0.00255515	0.00469276	0.00159734	0.00191892	0.00531079	0.233112	0.0478956	0.018728	0.000982212	0.000908158
130	0.0109155	0.00109599	0.00140461	0.00400123	0.120649	0.00462439	0.00969779	0.108206	0.0128189	0.45704	0.0930588	0.0236756	0.00875902	0.0129498	0.0150978	0.0132677	0.0283954	0.0561424	0.00325034	0.0149502
131	0.0604307	0.000308077	0.0938956	0.0996566	0.0190252	0.0280419	0.105888	0.0257644	0.0132391	0.0876844	0.0273139	0.0243635	0.0621223	0.05211	0.0305989	0.0800785	0.0585469	0.0425718	0.00115232	0.0872081
132	0.0082482	0.000340772	0.310899	0.521305	0.00090535	0.00208382	0.00110347	0.00127937	0.00615081	0.0123646	0.00141468	0.0394032	0.000848168	0.0722821	0.00828697	0.00713125	0.00288237	0.00176882	0.000443529	0.000858229
133	0.247232	0.0023779	0.00211438	0.00380086	0.0172112	0.0450773	0.002704	0.0487731	0.00357049	0.0891483	0.0297354	0.0133473	0.00658478	0.00376358	0.00340001	0.0536015	0.214056	0.208643	0.000433932	0.00442492
134	0.0896864	0.000446261	0.0010583	0.0177613	0.0164426	0.00603817	0.0238213	0.179163	0.0184015	0.0935469	0.00882381	0.001741	0.000967367	0.0073072	0.0115618	0.0333144	0.0184405	0.458724	0.000338197	0.0124165
135	0.0824386	0.00137161	0.00916978	0.341224	0.00362598	0.0233008	0.0259889	0.00533434	0.00563732	0.025055	0.0989524	0.00692897	0.00278004	0.153354	0.0232769	0.0996416	0.0090303	0.0430774	0.0183773	0.0214348
136	0.00787949	0.00198923	0.000662871	0.000850536	0.337959	0.00129893	0.00187893	0.0445386	0.000837798	0.363932	0.134792	0.00302202	0.00132328	0.00265174	0.0027299	0.00488217	0.00747209	0.0399278	0.00575925	0.0356137
137	0.160189	0.016389	0.236227	0.208014	0.00487169	0.00876044	0.0554483	0.00577563	0.0109004	0.00959778	0.00510199	0.0422765	0.00304187	0.0504485	0.00928991	0.14732	0.0100495	0.00785565	0.00229578	0.00614772
138	0.0368109	0.000206714	0.0483064	0.11443	0.00391928	0.0182624	0.0425959	0.00745155	0.27782	0.0247777	0.00380457	0.0712666	0.00262399	0.0721403	0.16845	0.0414231	0.0598678	0.00472797	0.000378181	0.000736052
139	0.299294	0.00198695	0.0376859	0.0087193	0.0063007	0.0236675	0.0357454	0.0108989	0.007886	0.0127754	0.0129589	0.0252218	0.0225337	0.00910417	0.00810277	0.152677	0.295272	0.0213119	0.00231589	0.00554232
140	0.00757397	0.00017952	0.000420814	0.000557843	0.0061103	0.00298499	0.000495015	0.26214	0.000553281	0.064587	0.0111282	0.00151361	0.00329709	0.00178835	0.00109771	0.00156588	0.00599007	0.626088	0.000234305	0.00169473
141	0.0793249	0.000622037	0.169604	0.257085	0.0162795	0.0146788	0.0291269	0.0117816	0.0528805	0.0269157	0.0114771	0.0456063	0.00374323	0.103735	0.0469545	0.0724663	0.015571	0.0121367	0.00825893	0.0217531
142	0.00809428	0.000340313	0.31065	0.521845	0.000905418	0.00208313	0.0010729	0.0012752	0.00615496	0.012324	0.00139658	0.0394115	0.000848165	0.0722497	0.00829937	0.00710069	0.0028828	0.00176797	0.000443529	0.000854321
143	0.195238	0.00921178	0.00374277	0.00499278	0.0042611	0.0640089	0.00399634	0.0355786	0.00584112	0.0304073	0.0228982	0.0309718	0.0068944	0.00526651	0.00486177	0.160536	0.303082	0.102747	0.00135647	0.00410733
144	0.015399	0.00189572	0.00391956	0.0061313	0.0693721	0.00884161	0.016948	0.0498339	0.0209575	0.407928	0.154204	0.0494963	0.0157986	0.0400625	0.0216713	0.022526	0.0321897	0.0362978	0.010404	0.0161225
145	0.0136784	0.000526691	0.000358223	0.000503835	0.0103056	0.00419678	0.00344675	0.408332	0.00271527	0.230248	0.0638016	0.00143988	0.00234616	0.00326839	0.00421074	0.0205184	0.0161722	0.207546	0.00215731	0.00422736
146	0.0144582	0.00016238	0.000338008	0.000359991	0.00929872	0.00354728	0.00374843	0.407865	0.00225427	0.241085	0.0658099	0.0012509	0.00243619	0.00328804	0.00416746	0.0174031	0.0148722	0.201003	0.00250466	0.00414669
147	0.166461	0.00120854	0.00158466	0.00796942	0.0133376	0.00775336	0.0140511	0.118598	0.00855092	0.084309	0.0109465	0.00580364	0.00596437	0.00479463	0.00608549	0.106954	0.0617006	0.366077	0.000671899	0.00717929
148	0.0616603	0.00215646	0.00138227	0.00408889	0.00186675	0.0127219	0.00235002	0.00844621	0.00565199	0.00822171	0.0275523	0.0113921	0.0208828	0.00124613	0.00103628	0.267906	0.541618	0.0147646	0.000318848	0.00473652
149	0.636575	0.00351918	0.000953462	0.0014722	0.00720096	0.0521503	0.00725697	0.00269549	0.00308174	0.00819335	0.0086076	0.00783962	0.00187179	0.00333794	0.00414291	0.203017	0.0335138	0.0113928	0.00234903	0.000829018
150	0.058682	0.00527409	0.28424	0.0454105	0.00866505	0.0394556	0.0229522	0.0118767	0.0256675	0.0216793	0.0108822	0.0777317	0.0288237	0.0226344	0.0201248	0.169902	0.105164	0.0265775	0.00355191	0.0107045
151	0.0450565	0.00316655	0.0976753	0.0531992	0.015696	0.0250589	0.149197	0.0208668	0.0305293	0.0575964	0.0197846	0.0400676	0.129728	0.035086	0.0243517	0.0684602	0.0502327	0.0767306	0.00448974	0.0530268
152	0.171493	0.00289043	0.0312881	0.00260568	0.0170455	0.234622	0.00200857	0.00467347	0.00325673	0.0167391	0.00450226	0.0126617	0.0139703	0.00337266	0.00243633	0.424509	0.0398326	0.00882487	0.00114815	0.00211942
153	0.0701689	0.00185062	0.0319599	0.0501601	0.0213541	0.0188676	0.105743	0.0252838	0.0626615	0.0458473	0.0270426	0.0753245	0.00737872	0.143738	0.0796884	0.0936859	0.0566399	0.0262378	0.0113708	0.0449965
154	0.00939861	0.00226451	0.000555155	0.000567135	0.279377	0.00092539	0.000640646	0.0657179	0.000606952	0.36765	0.164998	0.00163283	0.000512033	0.00239611	0.00313744	0.00496746	0.00531681	0.0562902	0.000691651	0.0323545
155	0.075498	0.00149688	0.00110042	0.00405087	0.00207578	0.0170798	0.0021704	0.0106888	0.0111397	0.0141399	0.0232261	0.024885	0.0102133	0.00140372	0.00112991	0.273688	0.495375	0.0258525	0.000360413	0.00442548
156	0.00747953	0.00158176	0.00110694	0.00123541	0.240124	0.001777	0.00109269	0.189157	0.00130958	0.27571	0.153441	0.00232153	0.000964759	0.0073513	0.00310288	0.00453538	0.00507688	0.0585382	0.000675158	0.0434186
157	0.297049	0.0149605	0.00505434	0.0034927	0.00446314	0.115655	0.00302967	0.0183114	0.00339273	0.00581154	0.00363654	0.122555	0.0417817	0.00515095	0.00302128	0.268414	0.0595003	0.0212652	0.00103738	0.00241805
158	0.0773431	0.00228687	0.00948518	0.00413404	0.00267625	0.729017	0.00130617	0.00556202	0.00445372	0.00567111	0.00162518	0.0139271	0.00448358	0.00207216	0.00156557	0.113684	0.0153186	0.00394035	0.000421212	0.00102758
159	0.034814	0.000662617	0.0472827	0.0258509	0.0510826	0.0320331	0.137184	0.0177332	0.0445658	0.0521056	0.0203363	0.0534711	0.00797796	0.0800162	0.0260005	0.0595663	0.0477653	0.0299743	0.0257276	0.205851
160	0.0640796	0.000315534	0.0853117	0.0843192	0.021581	0.0294891	0.108463	0.0246654	0.018493	0.0927334	0.0267305	0.0221046	0.0726487	0.0527191	0.025578	0.0770649	0.0586206	0.0465843	0.0007124	0.0877855
161	0.0608625	0.000326009	0.00292095	0.0425632	0.0139055	0.0171745	0.0656325	0.0647737	0.226956	0.0229253	0.0180506	0.0293465	0.0143458	0.0764526	0.18075	0.0317472	0.0319664	0.0457806	0.000393894	0.0531265
162	0.0220612	0.00364898	0.0827781	0.0302403	0.00213214	0.0780422	0.0666366	0.00437082	0.0904342	0.0117824	0.00359124	0.162243	0.0257675	0.0267511	0.0559848	0.184348	0.123431	0.0226423	0.00102377	0.00208997
163	0.0737855	0.00083434	0.0203883	0.0284482	0.00185875	0.0279602	0.0480777	0.0122792	0.0223713	0.0255399	0.0116505	0.317786	0.00402844	0.0567252	0.0311331	0.178976	0.12888	0.00701466	0.000604241	0.00165832
164	0.00815697	0.0103529	0.206614	0.0139048	0.00206179	0.0386768	0.0303098	0.0027878	0.0323928	0.00582349	0.00233592	0.139205	0.13008	0.00442024	0.00592913	0.289414	0.0575732	0.017296	0.000666272	0.00199933
165	0.00632339	0.0102622	0.000795278	0.00111296	0.0297235	0.00192436	0.00151535	0.549133	0.00121352	0.129616	0.00459217	0.00169212	0.000722282	0.00138741	0.00113255	0.00416492	0.00354068	0.249537	0.0003637	0.00124759
166	0.00697426	0.000320952	0.00077112	0.00487765	0.390713	0.00118523	0.0153956	0.00570322	0.00471945	0.025126	0.0126347	0.0012011	0.000632786	0.00510026	0.00836128	0.0143504	0.00673805	0.00341008	0.0252737	0.466511
167	0.106672	0.00225756	0.00563378	0.0381216	0.0352543	0.00918348	0.00672477	0.00887026	0.0336525	0.201917	0.0494678	0.00917832	0.0922094	0.00858041	0.00578568	0.202136	0.165033	0.0121882	0.00165008	0.0054837
168	0.168968	0.00660248	0.00159197	0.0016201	0.00289855	0.0340452	0.00429892	0.0920608	0.0100995	0.0398844	0.0177696	0.0702976	0.00155179	0.0186057	0.00181322	0.139768	0.262277	0.121537	0.000628718	0.00368096
169	0.0146819	0.000153918	0.000324623	0.000436431	0.00881417	0.00290353	0.00555256	0.370595	0.00144537	0.330003	0.0551245	0.00227566	0.00283517	0.00400659	0.00313242	0.0114711	0.0142047	0.165694	0.00272317	0.00362325
170	0.187742	0.00905291	0.00137453	0.0011556	0.00328404	0.0556545	0.00728572	0.0547934	0.00389625	0.0612605	0.0328255	0.068269	0.0015453	0.00667195	0.00129249	0.157215	0.219867	0.123751	0.000506084	0.00255643
171	0.0344494	0.00113467	0.00418673	0.00537441	0.315171	0.00377735	0.0293711	0.0290369	0.00504508	0.0633059	0.015445	0.00960627	0.00612746	0.0149914	0.00943335	0.0191998	0.0250122	0.0830543	0.0134906	0.312787
172	0.56294	0.00493308	0.000962962	0.00207687	0.00453742	0.117281	0.00129187	0.00995923	0.0008869	0.0162808	0.0231071	0.00488302	0.00240433	0.00552404	0.00333777	0.156761	0.0681162	0.00966524	0.00434196	0.000709556
173	0.154632	0.00601288	0.00225571	0.00242386	0.00382535	0.0271154	0.00468799	0.100645	0.00996522	0.0377142	0.0160601	0.0912318	0.00227166	0.0232354	0.00303764	0.130865	0.250801	0.128214	0.000688214	0.00431742
174	0.0730359	0.00107436	0.00805637	0.00409232	0.00237434	0.759868	0.000876132	0.00459112	0.00408875	0.00502516	0.00176174	0.0123555	0.00261669	0.00169689	0.00151483	0.0988203	0.0125813	0.00342031	0.000853387	0.00129654
175	0.0643342	0.000330484	0.0841784	0.0829632	0.0219004	0.0290642	0.107424	0.0248246	0.0177285	0.094103	0.0276463	0.0218401	0.074646	0.0548138	0.0253159	0.076179	0.0586673	0.0467354	0.000839759	0.0864651
176	0.624993	0.00132588	0.00119511	0.000940555	0.00344139	0.0317418	0.0140948	0.00159879	0.00565989	0.003097	0.00247056	0.00387452	0.00104059	0.0017436	0.00556396	0.225733	0.0501792	0.0195694	0.000894782	0.000842183
177	0.342328	0.000719123	0.0107855	0.0210466	0.00939112	0.110953	0.00164637	0.0465379	0.00505548	0.140739	0.057271	0.00281266	0.0140398	0.0109681	0.00491883	0.0271278	0.100184	0.0814392	0.000722932	0.0113143
178	0.0960883	0.000507053	0.00124294	0.0147692	0.0208224	0.00788969	0.0189865	0.176868	0.0147476	0.08569	0.0084789	0.00199169	0.00105396	0.0062823	0.0119932	0.0401921	0.0294258	0.452736	0.000367255	0.00986695
179	0.00824255	0.00111405	0.0549034	0.0407664	0.00290415	0.00439383	0.0346115	0.0176214	0.0675812	0.0469393	0.00393405	0.0738919	0.475157	0.00541167	0.0172983	0.00881749	0.0485101	0.0334921	0.0149386	0.0394713
180	0.0178812	0.000783454	0.0012473	0.00902305	0.0554307	0.0093129	0.0120165	0.0749596	0.0362586	0.41555	0.127922	0.0296088	0.0147087	0.0215454	0.0303045	0.0243182	0.0458851	0.0559527	0.00354707	0.0137445
181	0.128085	0.00134229	0.100845	0.333378	0.00338717	0.148414	0.00326076	0.00528911	0.0041201	0.00800142	0.00441151	0.0329987	0.00328496	0.0173275	0.00371335	0.0806183	0.065802	0.0514105	0.00142487	0.00288428
182	0.127569	0.00214275	0.00322081	0.00425834	0.018603	0.00987605	0.01702	0.0372182	0.00578276	0.0476744	0.0154625	0.0137089	0.0203709	0.00398911	0.00288025	0.212518	0.333136	0.106942	0.000727104	0.0168998
183	0.0301101	0.00188442	0.0948079	0.0451399	0.00578134	0.0198669	0.214989	0.0111387	0.156581	0.0223545	0.00572914	0.123311	0.0149854	0.0499512	0.0756953	0.0624526	0.0364395	0.0145322	0.0025884	0.0116611
184	0.178077	0.0010844	0.0723997	0.00218777	0.00604822	0.130934	0.00206276	0.00396199	0.0120483	0.00671212	0.0126409	0.00632982	0.00661312	0.0022744	0.0258015	0.465111	0.0188868	0.0238083	0.021032	0.00198656
185	0.263421	0.00158034	0.00338066	0.0032747	0.00207822	0.557486	0.00197797	0.0152445	0.00226265	0.00773033	0.00725091	0.00847168	0.00715999	0.00242452	0.00207931	0.0850296	0.0186623	0.00779828	0.00134386	0.00134236
186	0.0594109	0.00111444	0.086022	0.514137	0.00250555	0.106402	0.00297624	0.00406841	0.00295633	0.0103025	0.00324599	0.0103808	0.00222219	0.0318041	0.00294329	0.0636659	0.0592897	0.0329984	0.00103796	0.00251621
187	0.0336502	0.00309926	0.497947	0.0849936	0.00722614	0.02031	0.0132578	0.00832274	0.0165285	0.0158439	0.00834135	0.134071	0.0151184	0.0240302	0.0136267	0.0498645	0.0258587	0.0164328	0.0035294	0.00794778
188	0.133558	0.00187287	0.00232801	0.00374096	0.0465291	0.0148043	0.00798125	0.071483	0.00443567	0.0812468	0.0224013	0.014185	0.00622599	0.00692083	0.00532932	0.0631252	0.167795	0.325962	0.000636441	0.019439
189	0.486992	0.000408626	0.000913545	0.00648612	0.00129501	0.138189	0.00103121	0.013524	0.0012073	0.00749177	0.028861	0.00164577	0.146315	0.00126272	0.00124213	0.0608688	0.0306227	0.0701356	0.000480628	0.0010263
190	0.00757397	0.00017952	0.000420814	0.000557843	0.0061103	0.00298499	0.000495015	0.26214	0.000553281	0.064587	0.0111282	0.00151361	0.00329709	0.00178835	0.00109771	0.00156588	0.00599007	0.626088	0.000234305	0.00169473
