216	20
1	0.0271727	0.0325747	0.0165842	0.153451	0.0152758	0.0472797	0.0229345	0.0500758	0.123612	0.0174691	0.0131743	0.0103135	0.00213419	0.0495901	0.0650884	0.0739921	0.0978519	0.166345	0.000940668	0.0141397
2	0.0269177	0.00530412	0.000901651	0.00117359	0.0136378	0.00193991	0.000885327	0.188653	0.00130216	0.559262	0.0275284	0.0010677	0.011005	0.00123861	0.00103032	0.00346242	0.00895615	0.142439	0.000350183	0.00294536
3	0.0213008	0.000894139	0.0141117	0.00195327	0.00123973	0.0161427	0.00137874	0.00353104	0.0192309	0.00926611	0.00861601	0.0372789	0.00103563	0.00176617	0.00722201	0.0773053	0.772772	0.00288263	0.000698317	0.00137347
4	0.0669904	0.00124745	0.221581	0.361473	0.00182511	0.0217994	0.00342005	0.00314007	0.0937525	0.00398216	0.00243535	0.0242414	0.056835	0.0158317	0.0237516	0.0375975	0.0414269	0.0132512	0.00100668	0.00441159
5	0.0275444	0.0151992	0.0584354	0.303976	0.0252844	0.0161617	0.00829932	0.0241035	0.125673	0.049051	0.00969552	0.0453142	0.0076489	0.0232054	0.126672	0.0372619	0.0523336	0.0193604	0.0024918	0.0222882
6	0.167283	0.00399423	0.00286253	0.00229918	0.00769912	0.63689	0.00671216	0.00298067	0.0085425	0.00865932	0.00227661	0.00842404	0.0105058	0.00240074	0.00233525	0.0674302	0.0172813	0.0204888	0.00821288	0.0127215
7	0.0709394	0.00112224	0.0361588	0.177315	0.0049428	0.0086246	0.0175977	0.0261297	0.231981	0.0410833	0.0131177	0.0355382	0.000551976	0.0584612	0.186325	0.0230446	0.0309001	0.0208004	0.000324389	0.0150419
8	0.0219255	0.00452877	0.000877271	0.00121699	0.0133103	0.00138654	0.000888472	0.188201	0.00125647	0.574376	0.0245482	0.00113187	0.0100395	0.00122404	0.00100297	0.00240655	0.00879661	0.139161	0.000383472	0.00333829
9	0.018475	0.00112793	0.0591451	0.0130172	0.00136114	0.0138329	0.00363906	0.00270851	0.0420702	0.00745492	0.00665302	0.0636079	0.00121712	0.00444702	0.0119712	0.114218	0.629188	0.00354928	0.000695184	0.00162132
10	0.103579	0.00158952	0.00440677	0.00312661	0.0167771	0.0153326	0.0523355	0.0285241	0.0400336	0.00523882	0.00430453	0.00370779	0.23544	0.0439861	0.134256	0.143927	0.0881281	0.0427619	0.00268574	0.0298587
11	0.017578	0.00102925	0.170202	0.642255	0.00172948	0.0175698	0.00197052	0.00298446	0.0250093	0.0111043	0.00280003	0.0152001	0.00543532	0.0302396	0.00465914	0.0343343	0.0078873	0.00447369	0.000871237	0.00266642
12	0.00587279	0.0120639	0.0363112	0.00347649	0.00262178	0.00279758	0.0462759	0.0772553	0.0130992	0.321731	0.353865	0.0148043	0.00210323	0.0587676	0.00294544	0.0055637	0.00542186	0.0203537	0.000946572	0.0137231
13	0.0216582	0.00448041	0.0008901	0.00120458	0.0145553	0.0014614	0.000875495	0.192417	0.00125195	0.569768	0.0251736	0.00116469	0.00975507	0.00134451	0.000985499	0.00236623	0.00930074	0.137338	0.000495132	0.00351533
14	0.0562519	0.0170814	0.0109194	0.0404702	0.00250149	0.030773	0.00522856	0.00435833	0.26871	0.0184631	0.00878822	0.0270987	0.00464875	0.0388967	0.386607	0.0527813	0.0158994	0.00879381	0.000625872	0.00110311
15	0.101524	0.00120793	0.0463627	0.178625	0.00176198	0.0400489	0.0117866	0.00310411	0.129002	0.0124549	0.0024014	0.00280451	0.302191	0.0200331	0.0768479	0.0583074	0.00419432	0.00430159	0.000767477	0.00227351
16	0.0143662	0.00765212	0.00175427	0.00931058	0.179873	0.00520311	0.0409759	0.118853	0.00691316	0.127276	0.0341562	0.0129979	0.00145812	0.00516937	0.0055635	0.0141306	0.00954854	0.0933357	0.00737708	0.304086
17	0.00655203	0.00295043	0.344043	0.042832	0.00316276	0.103875	0.00985286	0.00418996	0.01603	0.00500748	0.00373492	0.312092	0.00267135	0.00417771	0.0367188	0.0809306	0.0105849	0.00616741	0.00138104	0.00304583
18	0.023347	0.0206808	0.000706462	0.00808802	0.0738357	0.000974681	0.00110352	0.194493	0.0175362	0.236185	0.0441515	0.000891848	0.000648724	0.00319866	0.0064838	0.0108096	0.0125927	0.260895	0.0202342	0.063144
19	0.0910639	0.0581229	0.00256193	0.0136636	0.0159659	0.205256	0.0136748	0.0939534	0.0261703	0.0543135	0.0143473	0.00383572	0.154854	0.0156249	0.0581454	0.0824116	0.0398093	0.0521234	0.00105696	0.0030442
20	0.144917	0.00391372	0.00241676	0.0021455	0.00838734	0.662055	0.00647719	0.00250615	0.00944087	0.00951575	0.00246709	0.00842236	0.0120651	0.00219145	0.00224657	0.0633679	0.0135795	0.0208039	0.00875754	0.0143235
21	0.0671622	0.0315421	0.00468339	0.00558399	0.0373786	0.0178116	0.0542459	0.0260473	0.141933	0.0602311	0.0219294	0.0661648	0.00275249	0.0375358	0.169236	0.059082	0.0334833	0.0356304	0.0054359	0.122131
22	0.0429754	0.00772285	0.0039745	0.0396053	0.0324812	0.00519321	0.0187882	0.0802314	0.0899996	0.162997	0.0245142	0.0156998	0.0499401	0.0250646	0.0833169	0.0773779	0.109384	0.124124	0.00194	0.0046695
23	0.0148376	0.00424483	0.0289075	0.0155287	0.00936026	0.00682215	0.541547	0.00789333	0.0193427	0.0102998	0.00710513	0.100415	0.00568046	0.0970259	0.0125911	0.042698	0.0248673	0.0153113	0.00493529	0.030586
24	0.137846	0.00946369	0.00670771	0.00934945	0.0971933	0.0157985	0.0178821	0.0553451	0.0143022	0.0483361	0.0131188	0.0104828	0.263819	0.0425198	0.0237856	0.0945368	0.0280966	0.0575928	0.00401345	0.0498105
25	0.0204708	0.007266	0.00238064	0.00754116	0.188797	0.0124502	0.0340971	0.0557787	0.00474441	0.152805	0.0608857	0.0295621	0.00190357	0.00430994	0.00438175	0.0185323	0.0144496	0.031804	0.00209151	0.345749
26	0.0397055	0.0173442	0.00354532	0.0201175	0.00350767	0.0184201	0.00405411	0.0226469	0.0371892	0.105127	0.243724	0.049021	0.00374698	0.0680699	0.143877	0.0870653	0.060658	0.0664461	0.00166256	0.00407233
27	0.0342169	0.000449596	0.136392	0.269066	0.000777665	0.0133844	0.00760968	0.00120966	0.182324	0.00648798	0.0105767	0.0461717	0.00446378	0.120226	0.070684	0.0664262	0.00933179	0.00522112	0.000305099	0.0146746
28	0.023083	0.0205137	0.000787361	0.00796906	0.0736205	0.00102588	0.00130861	0.197334	0.0171002	0.233116	0.0446284	0.000888697	0.000646148	0.00331049	0.00629407	0.0106109	0.0139049	0.260788	0.0195995	0.0634697
29	0.0553837	0.017758	0.0108227	0.0411425	0.00248176	0.0312268	0.00551935	0.00441458	0.266657	0.0184043	0.00875365	0.0276501	0.00451241	0.0398936	0.386413	0.0524827	0.0156544	0.00906626	0.000762741	0.00100041
30	0.0314288	0.000501705	0.138527	0.270767	0.000783672	0.0135663	0.0076872	0.00117921	0.181263	0.00673951	0.0111063	0.0461887	0.0040986	0.123003	0.0706796	0.0645196	0.00931134	0.00492734	0.000288202	0.013434
31	0.0385387	0.0042446	0.00698465	0.0167917	0.0132052	0.00587165	0.0284885	0.241793	0.0902889	0.098672	0.0111747	0.00773622	0.00642022	0.00891586	0.0574617	0.0171275	0.0436826	0.291184	0.00378293	0.00763579
32	0.0144696	0.00147311	0.00126026	0.00182469	0.120038	0.0065052	0.00117787	0.0452235	0.00181522	0.595564	0.149063	0.00166359	0.00554357	0.00882037	0.00154514	0.00306791	0.00277139	0.0179803	0.0112564	0.00893701
33	0.0238033	0.0210169	0.000799494	0.00823593	0.0739163	0.00118058	0.000989519	0.200845	0.0181074	0.228118	0.0447958	0.00102546	0.000702828	0.00344185	0.00688143	0.0113362	0.0172949	0.258219	0.019076	0.0602138
34	0.0698217	0.0249728	0.0955572	0.264154	0.00942648	0.173777	0.0017786	0.00499543	0.0123679	0.0129695	0.0290274	0.0355026	0.00336234	0.0642092	0.0130079	0.152814	0.0219135	0.00623511	0.00204513	0.00206192
35	0.0127571	0.00192956	0.00408552	0.00185887	0.0953682	0.00609411	0.0048762	0.0445145	0.00461661	0.569552	0.193095	0.00290925	0.00562201	0.0121887	0.00177091	0.00335793	0.00305448	0.0163195	0.0094077	0.00662218
36	0.0573404	0.00600792	0.0524013	0.0298068	0.00999114	0.554362	0.00892485	0.00728591	0.0349401	0.0182807	0.00885603	0.0772138	0.0077794	0.0134055	0.0205809	0.0423677	0.0222868	0.0134954	0.00637784	0.00829592
37	0.00794038	0.00198886	0.00212269	0.00406436	0.656206	0.00435442	0.00402164	0.0140961	0.00409715	0.0170945	0.00665052	0.00566764	0.00241749	0.00411748	0.0045188	0.00663243	0.0045799	0.0073708	0.0431477	0.198911
38	0.0458606	0.00214768	0.0390492	0.0962447	0.00365321	0.00408082	0.0227924	0.0245056	0.0832607	0.00624733	0.00420965	0.00955333	0.00393519	0.1594	0.00608732	0.221572	0.202694	0.0599194	0.00122273	0.00356347
39	0.0401551	0.00330796	0.108403	0.490451	0.00534091	0.0246232	0.00569178	0.0141899	0.0474565	0.0193003	0.0113438	0.018572	0.00652497	0.0813922	0.0310383	0.0434942	0.0248355	0.0139209	0.00144747	0.00851164
40	0.111587	0.0144465	0.00182934	0.00271238	0.0446788	0.0144466	0.00207713	0.212562	0.00646501	0.198201	0.144438	0.00215323	0.00844682	0.00284563	0.00261385	0.0297291	0.0185213	0.172107	0.0018657	0.00827409
41	0.113874	0.00222524	0.126189	0.142676	0.00508902	0.00704894	0.0402595	0.00528159	0.153532	0.00853589	0.00497633	0.0400562	0.0481711	0.0153202	0.0728423	0.0883063	0.0308111	0.0308534	0.00331575	0.0606371
42	0.162057	0.00631723	0.0257641	0.00420635	0.00353585	0.204252	0.0155348	0.00445146	0.00494534	0.00693824	0.00444788	0.0512731	0.00431407	0.00478406	0.00339195	0.233467	0.225765	0.0279654	0.001758	0.00483079
43	0.0334886	0.000992321	0.00132031	0.00150413	0.00125563	0.00121468	0.0012131	0.221186	0.00658413	0.0232844	0.0122126	0.00156008	0.000769005	0.00152996	0.00160549	0.00234077	0.0166069	0.664973	0.000514268	0.00584542
44	0.0606201	0.0027353	0.0606237	0.41527	0.00642863	0.0169189	0.00503074	0.0383865	0.0224857	0.0234933	0.0179639	0.00556594	0.00987793	0.128091	0.0298126	0.050972	0.0636405	0.0360581	0.00129536	0.00472997
45	0.0610866	0.00431712	0.00496771	0.0060747	0.00442789	0.0321029	0.0079365	0.00725863	0.00877786	0.0337727	0.0261259	0.180383	0.044709	0.0250682	0.00641621	0.307304	0.141855	0.0509043	0.001868	0.0446442
46	0.0721708	0.0250297	0.0960606	0.260912	0.00920298	0.175209	0.00184497	0.00517172	0.0120568	0.0125241	0.0287917	0.0344941	0.00342899	0.0643046	0.0129198	0.152967	0.0220662	0.00653418	0.00220384	0.00210794
47	0.0248206	0.00367123	0.00157246	0.00250721	0.15687	0.00698116	0.00195269	0.0669683	0.00294554	0.521777	0.114246	0.00316336	0.0051926	0.00799588	0.0020986	0.00616101	0.00542584	0.0403138	0.0101654	0.0151712
48	0.0051053	0.00119304	0.00205543	0.0046047	0.585092	0.00283278	0.00390682	0.0111562	0.00423523	0.00972314	0.00471069	0.00466569	0.00162537	0.00334618	0.00314958	0.00565415	0.00458361	0.00651785	0.131189	0.204653
49	0.045657	0.14193	0.119469	0.0205667	0.0133764	0.0171252	0.0149169	0.0831966	0.0222373	0.0260544	0.0169334	0.243377	0.0111811	0.0191091	0.0186476	0.0339293	0.0327343	0.0977818	0.00533571	0.0164414
50	0.0712589	0.0107857	0.0121483	0.0112962	0.230649	0.0936921	0.0118556	0.0198144	0.0144402	0.0384897	0.118757	0.0969132	0.00663648	0.0145124	0.0105663	0.0705594	0.0199161	0.0232214	0.00441003	0.120079
51	0.0256192	0.00210413	0.343449	0.312982	0.00406448	0.0207834	0.00944607	0.00538553	0.0346939	0.0180321	0.0153068	0.0473337	0.00745587	0.0341523	0.0216308	0.0489102	0.0255361	0.0113382	0.00153879	0.0102375
52	0.437513	0.0375369	0.00229526	0.00288266	0.00192162	0.0338027	0.0021047	0.0127115	0.00290252	0.0291973	0.0449201	0.00355007	0.0057523	0.0025437	0.0025727	0.259893	0.063309	0.0479493	0.000941239	0.00570019
53	0.0230112	0.00468373	0.00370979	0.00575935	0.0658595	0.00912238	0.00382794	0.0936342	0.00682899	0.550123	0.089352	0.00480445	0.00811997	0.0080682	0.004788	0.00851547	0.0115833	0.0745222	0.00638639	0.0173003
54	0.00792155	0.00275759	0.00153204	0.00433508	0.550465	0.00408913	0.0154244	0.0381137	0.00336201	0.0395438	0.0169136	0.00956849	0.0013052	0.00277685	0.00345129	0.00798005	0.00483235	0.0166007	0.020019	0.249008
55	0.0731136	0.00247035	0.00305179	0.0417389	0.00760704	0.00337842	0.00272354	0.18943	0.0129451	0.00952264	0.125977	0.00373064	0.00231941	0.0348811	0.00410717	0.0429933	0.175861	0.25913	0.000959176	0.00405949
56	0.0604164	0.00104749	0.00159494	0.0018573	0.00332894	0.00451208	0.00153963	0.026562	0.00234465	0.00761898	0.00181858	0.0019668	0.810388	0.00325484	0.0020824	0.0390505	0.0229878	0.00406761	0.000635345	0.00292575
57	0.046621	0.0104299	0.0333148	0.0481753	0.0417017	0.0218745	0.0608447	0.0287754	0.0443871	0.0354676	0.0223389	0.0489042	0.0109499	0.230428	0.0365295	0.0469846	0.0456435	0.0378323	0.0105534	0.138244
58	0.0556697	0.00755392	0.161291	0.0156329	0.0850978	0.0158815	0.0120851	0.0134307	0.0895564	0.0185116	0.0509936	0.133115	0.00632816	0.0912779	0.0184957	0.0916298	0.0557929	0.0168286	0.00371103	0.0571168
59	0.02355	0.00619171	0.0159856	0.0168126	0.0128942	0.0107115	0.590515	0.0153771	0.0227279	0.0174169	0.0111054	0.0475271	0.00811457	0.0683177	0.0229486	0.0321065	0.0253144	0.0208435	0.00550013	0.0260399
60	0.0606711	0.00104726	0.00171451	0.00242804	0.00331104	0.0046825	0.00160537	0.0262478	0.00283492	0.00752043	0.00182846	0.00197998	0.808236	0.00338891	0.00264539	0.0392629	0.0229226	0.00410634	0.000634219	0.00293247
61	0.344062	0.0353916	0.00430013	0.0040829	0.00308812	0.0566172	0.00408257	0.00452063	0.00486351	0.0147087	0.0238033	0.00998549	0.00758568	0.00437208	0.00403298	0.364437	0.0596949	0.0382118	0.00135992	0.0107999
62	0.0375167	0.00951185	0.0160157	0.037803	0.0077093	0.0183362	0.0221184	0.0142273	0.168111	0.0187367	0.0113688	0.0228542	0.0112403	0.0373649	0.476506	0.03816	0.0194995	0.0158236	0.00649975	0.0105962
63	0.0121112	0.00123187	0.428403	0.247703	0.00214343	0.00990597	0.00960467	0.00318965	0.0181002	0.0228367	0.0196256	0.0670173	0.00323573	0.0256327	0.0132291	0.0607744	0.0364619	0.00984487	0.000930514	0.00801866
64	0.0635198	0.00445286	0.00614811	0.0587476	0.00658667	0.007489	0.0323811	0.0609748	0.0114852	0.169932	0.175461	0.00930597	0.0336152	0.0867021	0.0107789	0.1176	0.0170749	0.0940196	0.0278623	0.0058622
65	0.0477184	0.00504251	0.00785993	0.0100822	0.0100574	0.00837609	0.148364	0.00996689	0.0637873	0.0122375	0.00922153	0.0147379	0.00908706	0.398248	0.0571614	0.0168746	0.108429	0.0139358	0.0380194	0.0107926
66	0.0273788	0.00246452	0.33039	0.312228	0.00316057	0.0257789	0.0106125	0.00574828	0.0383415	0.0172214	0.0145226	0.0494479	0.00800575	0.0367908	0.0213273	0.0493038	0.0255996	0.0118171	0.00162042	0.00824062
67	0.0522494	0.00959839	0.0124751	0.0393639	0.0158534	0.0250453	0.0195946	0.0773003	0.044573	0.0380106	0.0257322	0.0209242	0.0218227	0.0842353	0.0715276	0.128926	0.153268	0.143386	0.00320936	0.0129061
68	0.00430796	0.00109345	0.00177185	0.00264046	0.681934	0.00237276	0.00375009	0.0142006	0.00248441	0.0112085	0.00359751	0.00456152	0.00139762	0.00259236	0.00238156	0.00494034	0.00362164	0.00492374	0.0351017	0.211118
69	0.0511781	0.010043	0.00370218	0.00957492	0.152164	0.00792868	0.0899491	0.0473679	0.0562836	0.0445659	0.0148457	0.040668	0.00425158	0.0295341	0.0712198	0.0424139	0.0165726	0.0413582	0.0224294	0.243949
70	0.0228325	0.00472051	0.000871933	0.00118603	0.0130272	0.00138974	0.00088728	0.187197	0.00126203	0.57218	0.0253744	0.00107359	0.0105312	0.00123952	0.000994699	0.00233558	0.00855117	0.140817	0.0003535	0.00317562
71	0.0460789	0.000887126	0.114966	0.223216	0.000973366	0.0193625	0.00628815	0.00204676	0.207476	0.00861493	0.00680892	0.0505951	0.00444202	0.101488	0.0688169	0.103608	0.0174577	0.00449001	0.000413812	0.0119694
72	0.0195041	0.0187042	0.000971179	0.00668775	0.0864369	0.00164858	0.00348702	0.17338	0.0133983	0.29592	0.0405707	0.00178205	0.000971465	0.00673014	0.00523815	0.00856628	0.0095732	0.196799	0.022542	0.0870878
73	0.0227748	0.0200995	0.000954147	0.0135637	0.0683719	0.00112912	0.00123426	0.179821	0.0251581	0.22091	0.0512835	0.00117416	0.000718002	0.00322538	0.00831719	0.0118264	0.0139037	0.270304	0.0239538	0.0612775
74	0.0420536	0.000486162	0.127126	0.266222	0.000743675	0.0140311	0.00714806	0.0014898	0.186011	0.00635719	0.00873738	0.0465752	0.00600828	0.110607	0.0707671	0.0745201	0.0106745	0.00481874	0.000309943	0.0153126
75	0.0562616	0.0175815	0.011013	0.0415266	0.00248613	0.0317198	0.00529287	0.00428121	0.264272	0.0186847	0.00872291	0.0278951	0.00446871	0.0399645	0.38669	0.053133	0.0157637	0.0090112	0.000379233	0.000852158
76	0.0341764	0.00128413	0.00141179	0.00177737	0.00213082	0.00138289	0.00134803	0.222994	0.00823064	0.0263018	0.013118	0.00169696	0.000861772	0.00163294	0.00209523	0.00270631	0.0187454	0.65163	0.000529043	0.00594638
77	0.056867	0.0177363	0.0110334	0.0412523	0.00247197	0.0320263	0.00535513	0.00427109	0.263596	0.0185446	0.00859344	0.027799	0.00457682	0.0400143	0.386485	0.0532375	0.0158983	0.00896628	0.00037845	0.000897147
78	0.0817425	0.00143212	0.0023211	0.0419461	0.00210915	0.00272603	0.00229943	0.178262	0.0139415	0.00365174	0.130528	0.00318207	0.0020275	0.0280266	0.00349447	0.0471103	0.180601	0.271309	0.000876885	0.00241371
79	0.023692	0.00426544	0.0180377	0.0166241	0.0119884	0.0149382	0.619008	0.0125503	0.0179279	0.0122981	0.00939372	0.0489912	0.00663072	0.0716336	0.0161231	0.0294612	0.0223609	0.0158352	0.00434022	0.0239004
80	0.056555	0.00470125	0.0407404	0.529511	0.013677	0.0036194	0.00237667	0.0185557	0.0369404	0.0323373	0.0120216	0.00968281	0.00210449	0.0592875	0.066936	0.0383131	0.0538936	0.0115348	0.000795801	0.00641575
81	0.00818419	0.0251139	0.0346819	0.0718004	0.0147018	0.0286923	0.143551	0.0177907	0.128225	0.005847	0.00383904	0.068842	0.00205208	0.0584493	0.0922996	0.0897177	0.0915443	0.088291	0.00093476	0.0254424
82	0.0832428	0.00860965	0.00648027	0.00804572	0.0432742	0.52691	0.00811544	0.00826932	0.0132899	0.0494732	0.00811307	0.0393688	0.0080965	0.00777543	0.00900872	0.066269	0.0423271	0.0223483	0.0271041	0.0138787
83	0.0139693	0.00476029	0.0471466	0.148333	0.0526483	0.00723394	0.00672733	0.197446	0.0682747	0.080403	0.0274669	0.0283918	0.00519128	0.0277738	0.0411927	0.0148044	0.0392754	0.180053	0.00291218	0.00599665
84	0.293671	0.0223039	0.00909749	0.00264254	0.00186719	0.0928428	0.00778879	0.00329746	0.00308373	0.00940163	0.0144333	0.0228824	0.00391384	0.00276042	0.00243927	0.333273	0.14263	0.023531	0.000873138	0.00726756
85	0.0565324	0.00762526	0.0229343	0.108712	0.00626485	0.0176115	0.0128048	0.0140412	0.254552	0.0336937	0.0162154	0.0310094	0.00192305	0.0502243	0.280954	0.0401326	0.0213846	0.0155865	0.000347167	0.00745137
86	0.0562453	0.0169943	0.0115389	0.0445205	0.00269184	0.0314262	0.00555173	0.00469052	0.264538	0.0195254	0.00909878	0.0281384	0.00431368	0.0402509	0.381147	0.0523914	0.0161667	0.00926657	0.000365176	0.00113809
87	0.0458633	0.025616	0.00443269	0.0336721	0.012627	0.00610053	0.00949501	0.0978452	0.030172	0.212783	0.0356217	0.0707742	0.0522392	0.0320743	0.0493793	0.0628544	0.116537	0.0947326	0.0022939	0.00488721
88	0.00983953	0.00131607	0.00374023	0.000823026	0.0148585	0.00091873	0.000633586	0.312926	0.0012456	0.156943	0.0845384	0.000868824	0.00385731	0.000863123	0.000877823	0.00174588	0.00855868	0.391304	0.000301343	0.00384032
89	0.012701	0.00129266	0.00145717	0.00189901	0.0979528	0.00626247	0.00139215	0.0387095	0.00269448	0.629648	0.147672	0.00194071	0.00829442	0.00799571	0.00172075	0.00372184	0.00324668	0.0162057	0.00930291	0.00589092
90	0.037566	0.010908	0.0120979	0.0356821	0.00863986	0.0198424	0.0257168	0.0119185	0.163928	0.0186761	0.0129869	0.0207462	0.0125306	0.0396547	0.482116	0.0360317	0.0199416	0.0153833	0.00633504	0.0092983
91	0.0342347	0.00248046	0.0144126	0.00213481	0.00138398	0.0277724	0.0030974	0.00334676	0.01616	0.00850688	0.00778985	0.0415594	0.00154196	0.00196687	0.0065685	0.109884	0.709738	0.00483497	0.00080212	0.00178437
92	0.0133429	0.00361481	0.00734914	0.00849708	0.00822287	0.00682539	0.702434	0.00840593	0.0139359	0.0094257	0.0055441	0.0403197	0.00456264	0.0849173	0.0107607	0.0227133	0.0152687	0.011312	0.00417296	0.0183749
93	0.0852119	0.0050015	0.0176388	0.00488507	0.00289881	0.120591	0.00993765	0.0045456	0.0118419	0.00887255	0.00604397	0.0654192	0.00449604	0.00497936	0.006644	0.184146	0.436588	0.0148235	0.00144328	0.00399148
94	0.032366	0.00279615	0.0171575	0.00734884	0.0040882	0.0219166	0.00492064	0.0130105	0.0247452	0.0189224	0.0120902	0.0367748	0.0037667	0.00635145	0.0134591	0.0830544	0.677239	0.0139573	0.00179869	0.00423608
95	0.37841	0.0435832	0.00246113	0.00329838	0.00249573	0.067322	0.00225327	0.00461653	0.00363515	0.0136884	0.0218732	0.00435861	0.0138792	0.00341129	0.00296121	0.31521	0.0337981	0.0734043	0.0010145	0.00832527
96	0.0729714	0.0260504	0.00484119	0.00670891	0.00457033	0.00558625	0.00420533	0.161152	0.00636901	0.131388	0.00804858	0.113329	0.00811013	0.00774536	0.0073526	0.104891	0.0798054	0.240634	0.00168232	0.00455922
97	0.0384589	0.00238786	0.0206966	0.00345862	0.00153978	0.0280691	0.00405474	0.00368597	0.0158121	0.0075743	0.00700004	0.0419993	0.00154337	0.00346496	0.00643611	0.151639	0.653615	0.00573928	0.000788738	0.00203614
98	0.521064	0.0243657	0.0041899	0.00471276	0.00325234	0.0237792	0.00389331	0.0980048	0.00655247	0.031153	0.0320219	0.00523687	0.00336331	0.00466964	0.00455257	0.0591569	0.118722	0.0461068	0.00154487	0.00365827
99	0.0145878	0.00348308	0.00501294	0.00750937	0.0248645	0.00500088	0.126053	0.00778827	0.160859	0.00803395	0.00637852	0.0273373	0.0228946	0.149922	0.358315	0.0104147	0.0197949	0.00899952	0.0282185	0.004533
100	0.134318	0.0267135	0.00512058	0.00671069	0.0322992	0.00631135	0.104222	0.0747167	0.0114337	0.00911841	0.0377794	0.0549988	0.0052296	0.0684606	0.0115081	0.0601019	0.129002	0.0913902	0.0268268	0.10374
101	0.0215211	0.00309243	0.00309293	0.00209641	0.0666485	0.00531807	0.00322714	0.0965737	0.00530377	0.536618	0.139275	0.00226547	0.00576487	0.00866003	0.00176052	0.0055723	0.00548694	0.0751582	0.00625633	0.0063086
102	0.300289	0.00440344	0.00508785	0.00621308	0.0495713	0.00644566	0.127113	0.0302858	0.0290174	0.00785756	0.00680654	0.0101237	0.0335606	0.0107939	0.0296702	0.0946741	0.0481469	0.0128437	0.0236852	0.163411
103	0.13835	0.00288225	0.00325106	0.0211686	0.0313306	0.0897508	0.0184064	0.0957025	0.0409673	0.0526655	0.00446447	0.00459157	0.00344317	0.129333	0.0763997	0.0837669	0.0381071	0.142182	0.00132626	0.0219105
104	0.0179073	0.00251915	0.00261941	0.0220246	0.0037622	0.00417253	0.0127435	0.0124769	0.454832	0.00552065	0.0202136	0.00438824	0.0063269	0.0162414	0.361377	0.0128605	0.00541076	0.00548532	0.0174582	0.0116591
105	0.0657101	0.0283777	0.00321355	0.00521507	0.242039	0.0295381	0.0122494	0.046997	0.00410522	0.0775851	0.110392	0.0172643	0.00262394	0.00425802	0.00369529	0.0226417	0.00901718	0.0520343	0.00142265	0.26162
106	0.00415737	0.00105855	0.00178441	0.00233813	0.693508	0.00231633	0.00216958	0.0119413	0.00245362	0.00933888	0.00272583	0.00446689	0.00136199	0.00249254	0.00222907	0.00454743	0.00350068	0.00357436	0.0360643	0.20797
107	0.340108	0.0413937	0.00289627	0.00273522	0.00230336	0.0600273	0.00233989	0.00331877	0.00327855	0.0129448	0.023569	0.00649361	0.00763816	0.00281081	0.00305008	0.377407	0.0562975	0.038248	0.000839539	0.0123007
108	0.00955173	0.00186906	0.00345797	0.00121691	0.0163522	0.00100764	0.00097532	0.31741	0.00274336	0.169018	0.0819929	0.00104147	0.0040479	0.00119053	0.00173429	0.00230262	0.00853615	0.369708	0.000713175	0.00513084
109	0.156929	0.00509736	0.223024	0.128211	0.00433057	0.253301	0.00372196	0.0202729	0.00630969	0.00740724	0.00807091	0.00834972	0.00321526	0.044396	0.00624514	0.0676144	0.010431	0.0237884	0.0155973	0.00368645
110	0.0355429	0.00945892	0.00677875	0.027727	0.00325469	0.0169565	0.00971853	0.00782751	0.35326	0.0111001	0.012372	0.0154141	0.00935763	0.0269539	0.388152	0.0349633	0.010611	0.00655159	0.00812553	0.00587403
111	0.211629	0.082933	0.0166863	0.0145138	0.0162628	0.0189339	0.0156849	0.0546555	0.0185394	0.039028	0.0214499	0.0789364	0.012446	0.0167186	0.0163616	0.0709603	0.037283	0.235197	0.00533392	0.0164457
112	0.00407676	0.00106332	0.00179071	0.00230068	0.694865	0.00226891	0.0020487	0.0118058	0.00244991	0.00908187	0.002571	0.0043058	0.00136693	0.00249742	0.00223556	0.00449645	0.00346605	0.00345487	0.0363044	0.20755
113	0.0341304	0.00975913	0.0124015	0.0351506	0.00860729	0.0173975	0.0254235	0.0118094	0.164762	0.0189314	0.0150255	0.022415	0.0111175	0.0375361	0.486219	0.0373404	0.0202071	0.0167839	0.00621434	0.00876783
114	0.0792967	0.00932722	0.0148945	0.0148219	0.0141482	0.0144121	0.14786	0.015252	0.0222568	0.0162344	0.0119475	0.213047	0.0657355	0.0213314	0.0842823	0.0766627	0.0283943	0.064738	0.00494162	0.0804165
115	0.0167863	0.00131739	0.302555	0.465404	0.00202636	0.0152188	0.00508146	0.00325576	0.0207171	0.0167196	0.0110508	0.0284425	0.00529091	0.0294841	0.00816129	0.0372022	0.0176516	0.00733543	0.00117361	0.00512575
116	0.119762	0.00283595	0.00674041	0.0302909	0.0038738	0.00658876	0.0425268	0.0262278	0.0656476	0.0072111	0.00551154	0.102878	0.0232931	0.0429016	0.024738	0.176975	0.255056	0.0493472	0.00168996	0.00590367
117	0.0151224	0.00238534	0.00324246	0.000949586	0.0178953	0.00165459	0.000644013	0.301474	0.00128044	0.176155	0.0874044	0.000916749	0.00517851	0.000954404	0.000992858	0.00325003	0.00970505	0.365699	0.000593219	0.00450242
118	0.0243201	0.00409996	0.289884	0.0777675	0.00566067	0.0249137	0.0195442	0.006534	0.0671977	0.0127409	0.0087	0.134458	0.00465963	0.0183762	0.0234724	0.147412	0.107429	0.0117403	0.00217611	0.00891378
119	0.288044	0.00259476	0.0234828	0.00695166	0.00673623	0.00750327	0.0153598	0.0103871	0.0700027	0.00767808	0.0228607	0.00643121	0.165134	0.0495846	0.0866166	0.109925	0.040642	0.0127942	0.0231801	0.0440913
120	0.0212979	0.00117259	0.0128423	0.00284878	0.00222995	0.0147644	0.0021133	0.00533604	0.0337105	0.00975506	0.0088091	0.0329167	0.00163871	0.0027504	0.0139363	0.0667888	0.759341	0.00429789	0.00101979	0.00243012
121	0.0235887	0.00592394	0.0136225	0.0156225	0.0125043	0.0122111	0.611824	0.0143324	0.0197111	0.015848	0.0103044	0.04316	0.00624253	0.0733488	0.020379	0.0283554	0.0223601	0.0192011	0.00467326	0.0267869
122	0.091862	0.00495895	0.00873692	0.0096194	0.00878127	0.0541114	0.0397559	0.016464	0.0120684	0.485508	0.0103653	0.0436039	0.00593722	0.00980012	0.00951845	0.0656678	0.0972265	0.0159932	0.00370541	0.00631622
123	0.207612	0.0412637	0.00266656	0.00386755	0.0389623	0.0209907	0.00295864	0.155332	0.00477215	0.117313	0.0703542	0.00558626	0.0423492	0.00567542	0.00448617	0.0646337	0.0246221	0.177228	0.00121823	0.00810844
124	0.0211574	0.00155866	0.263757	0.470558	0.00272988	0.0150499	0.00626023	0.00340119	0.0320265	0.0159492	0.0106625	0.0307261	0.00651753	0.0356041	0.0133772	0.0376811	0.0170183	0.00812461	0.00106859	0.00677195
125	0.00905486	0.00244059	0.00315446	0.00493725	0.63807	0.00598018	0.0045325	0.0183213	0.00690148	0.0287991	0.010708	0.00741121	0.00227763	0.00440878	0.00678921	0.00856916	0.00669107	0.0124617	0.0310885	0.187403
126	0.0166906	0.00417797	0.0368751	0.0461176	0.0477602	0.00695209	0.205686	0.0112645	0.0132185	0.0122728	0.00994119	0.141847	0.00537102	0.101388	0.00871939	0.0211167	0.0423412	0.0159695	0.00341439	0.248877
127	0.0530565	0.00905037	0.0362451	0.0837324	0.0173781	0.0325167	0.0521214	0.026543	0.0679833	0.0289997	0.0234574	0.0314648	0.0176236	0.276632	0.0627021	0.0518461	0.0564805	0.0340837	0.0133498	0.0247337
128	0.0617625	0.016894	0.00143622	0.00331425	0.0429124	0.0065432	0.00090487	0.247077	0.00709488	0.187972	0.079539	0.0011338	0.00480765	0.00154	0.00292316	0.0154779	0.0190167	0.273413	0.00613297	0.0201039
129	0.0167958	0.00140904	0.154272	0.659031	0.00262004	0.015711	0.00197701	0.00412981	0.0205584	0.0124707	0.00381937	0.0139113	0.00245839	0.0320721	0.00805317	0.0325157	0.00960554	0.00456065	0.000843084	0.00318594
130	0.136211	0.004205	0.00940211	0.00735815	0.00996315	0.651166	0.00697217	0.00378092	0.0115606	0.0114844	0.00301628	0.011881	0.009978	0.00459488	0.00665529	0.0573284	0.0154928	0.018309	0.00855183	0.0120889
131	0.023506	0.0207393	0.00070932	0.00819962	0.073762	0.00100814	0.00108998	0.193712	0.0176324	0.235533	0.0445528	0.000895457	0.000671187	0.00318557	0.00649636	0.0108808	0.0125799	0.261643	0.0203708	0.0628326
132	0.0333473	0.00098227	0.00135382	0.00151642	0.00123254	0.00119024	0.00126493	0.22184	0.00655277	0.0228733	0.0122629	0.00163045	0.000767882	0.00152148	0.00159629	0.00234465	0.0164689	0.66482	0.000533605	0.00590029
133	0.117596	0.0185004	0.00123776	0.00205791	0.0383288	0.0156025	0.00130535	0.225666	0.00347477	0.19025	0.107282	0.0024347	0.0103596	0.00163692	0.00220938	0.0312937	0.021015	0.197004	0.00209399	0.0106517
134	0.155135	0.00588913	0.220811	0.133374	0.0044324	0.25218	0.00330874	0.0189739	0.00609742	0.00712365	0.00864477	0.00842178	0.00282271	0.0429275	0.00599208	0.0721413	0.0101306	0.0219261	0.0161161	0.00355189
135	0.0152222	0.00258324	0.0887186	0.160875	0.0150071	0.00302912	0.0165442	0.0050477	0.2236	0.0166909	0.0029644	0.0395903	0.0588086	0.0035271	0.181678	0.0242334	0.0289678	0.0481022	0.0120625	0.0527484
136	0.00526299	0.00138851	0.378973	0.0544491	0.00189602	0.144321	0.011607	0.00286546	0.0149605	0.00401432	0.00282867	0.273981	0.00181235	0.00262255	0.0380833	0.0480961	0.00538925	0.00429168	0.000976909	0.00218012
137	0.0934369	0.0130452	0.00150625	0.00175081	0.0371403	0.0109984	0.00109453	0.23361	0.00304532	0.209619	0.108511	0.00128287	0.00683111	0.00145774	0.00197655	0.0208666	0.017361	0.225862	0.00189365	0.00871111
138	0.0757181	0.0136594	0.00934694	0.0033271	0.00208678	0.0796727	0.0151838	0.00380458	0.00380942	0.00546506	0.00442627	0.133877	0.00539943	0.0050556	0.00297897	0.378452	0.238964	0.0123115	0.00106389	0.00539759
139	0.0205713	0.0164615	0.000872728	0.00600183	0.0782266	0.00148796	0.00113522	0.180515	0.0119634	0.331501	0.0438017	0.00107514	0.00170415	0.00436181	0.00472479	0.00776322	0.00964591	0.201586	0.0169188	0.0596812
140	0.0678504	0.0227323	0.0140634	0.0344831	0.00225405	0.0419703	0.0047293	0.00521828	0.24355	0.017855	0.00727239	0.0299989	0.00771611	0.0398203	0.364809	0.0625342	0.0228823	0.00828318	0.000639145	0.00133836
141	0.00741674	0.00191694	0.204252	0.0373887	0.00344528	0.00439883	0.240359	0.00457201	0.034458	0.0055927	0.00430734	0.279664	0.00284293	0.0498477	0.00434539	0.023147	0.0517241	0.0205872	0.0161587	0.00357543
142	0.0207258	0.00571569	0.00135583	0.00328123	0.0939558	0.00573574	0.00234037	0.0965984	0.00493514	0.502609	0.110427	0.00205743	0.00475028	0.00639785	0.00225893	0.00555756	0.00599952	0.0903728	0.0100638	0.0248617
143	0.0145446	0.00615403	0.0146121	0.0070477	0.00775531	0.00632383	0.0177908	0.129579	0.0739102	0.211734	0.391968	0.0103622	0.00415159	0.0231664	0.00647698	0.0121056	0.0103109	0.0415621	0.00210149	0.00834272
144	0.130969	0.00464408	0.00370149	0.00325106	0.0133482	0.617938	0.0167473	0.0047268	0.00887269	0.0124465	0.00379429	0.0121419	0.0102391	0.00374941	0.00313013	0.0679307	0.025081	0.0174349	0.0155828	0.0242714
145	0.00684527	0.014813	0.00268541	0.0163509	0.108425	0.00407408	0.00288576	0.3207	0.00487208	0.0964513	0.0519229	0.00370698	0.00201099	0.0173589	0.00370858	0.00641597	0.208327	0.099768	0.00102807	0.0276502
146	0.0156108	0.00204513	0.00118836	0.0017441	0.1223	0.00655983	0.00110847	0.051688	0.0017283	0.585949	0.142137	0.00157589	0.00486601	0.00923173	0.00146131	0.00292533	0.00255764	0.0212259	0.0121483	0.0119489
147	0.0713621	0.00108457	0.0380226	0.176104	0.00482184	0.00897707	0.0184609	0.0246601	0.232599	0.0382884	0.0124679	0.0363818	0.000898679	0.0598349	0.182461	0.0271761	0.0307533	0.019513	0.000263947	0.0158696
148	0.0880503	0.00136665	0.0430216	0.516102	0.00649795	0.00562081	0.00182654	0.0253055	0.0202263	0.0322583	0.0205778	0.00301107	0.00327318	0.0831827	0.0364164	0.0396594	0.0525224	0.0175431	0.00073761	0.00280092
149	0.0259376	0.00559214	0.00142663	0.00276229	0.198121	0.00514786	0.00218783	0.109851	0.00483888	0.392186	0.0987074	0.00206137	0.00417158	0.00578114	0.00242353	0.00640411	0.00648689	0.0852065	0.0096457	0.0310608
150	0.0578819	0.013658	0.00348785	0.00702022	0.261441	0.0322278	0.0164351	0.0346473	0.00620545	0.0959352	0.0614131	0.0217149	0.00344594	0.00555637	0.00536107	0.0452957	0.010319	0.0303922	0.00353363	0.284029
151	0.0295977	0.00047421	0.138926	0.275341	0.000829719	0.0135663	0.00916367	0.00131105	0.182592	0.00651088	0.0105117	0.0462943	0.00398827	0.125457	0.0677107	0.0605698	0.00890379	0.00483195	0.000306785	0.0131133
152	0.00948708	0.00190907	0.00342461	0.00104393	0.0175201	0.00103538	0.000609158	0.310634	0.00145733	0.165396	0.0871591	0.00083073	0.00386086	0.000979903	0.00105214	0.00210826	0.00851525	0.376904	0.000706466	0.00536721
153	0.0135037	0.00183778	0.00248246	0.0253355	0.00605785	0.00307231	0.0167308	0.0157251	0.469807	0.00548537	0.0212009	0.00398592	0.00563867	0.0194568	0.334124	0.00917092	0.00479516	0.00762186	0.0235714	0.0103965
154	0.020567	0.0171498	0.00116866	0.00774599	0.117956	0.00241265	0.00872094	0.16963	0.0139138	0.218318	0.0392452	0.0034873	0.0010767	0.00416918	0.00604305	0.0114372	0.0105563	0.215149	0.0172444	0.114008
155	0.0255909	0.007327	0.0106167	0.0207494	0.0733855	0.0105464	0.0168495	0.056889	0.24834	0.0693059	0.0161278	0.0184797	0.00723509	0.0179262	0.192445	0.0259596	0.0228278	0.0997167	0.0385567	0.0211248
156	0.105317	0.00737824	0.0140111	0.0357848	0.00764146	0.140963	0.00992897	0.0230692	0.0295159	0.0161888	0.00620487	0.009378	0.444856	0.0127121	0.025283	0.0584056	0.0239353	0.0181251	0.00312853	0.00817293
157	0.251264	0.00484205	0.0289002	0.00442991	0.00326263	0.157543	0.0214335	0.00725074	0.00542872	0.00814642	0.00507509	0.0240298	0.00295165	0.00522279	0.00425976	0.160485	0.270565	0.0296718	0.00153684	0.00370051
158	0.00523793	0.00124288	0.00200015	0.00260308	0.635366	0.00297895	0.00244713	0.0123216	0.00304679	0.0102956	0.00262386	0.0044487	0.00159103	0.0027855	0.00234789	0.00534522	0.00384996	0.00454358	0.0354671	0.259458
159	0.0216934	0.00662433	0.0075468	0.0105772	0.346119	0.0134406	0.0351811	0.0358823	0.0119471	0.0549018	0.0335626	0.053378	0.00378677	0.018437	0.00846394	0.0199797	0.0144195	0.0230865	0.0110556	0.269917
160	0.0621194	0.00259746	0.00348367	0.0067997	0.00478605	0.00863834	0.00401611	0.0272626	0.0081059	0.0113928	0.00507201	0.00495726	0.735141	0.00755234	0.00835736	0.0450441	0.0381208	0.00894522	0.00211125	0.00549697
161	0.0124766	0.00369452	0.00240271	0.0051078	0.537855	0.00595002	0.0145215	0.028624	0.00519487	0.0351524	0.017319	0.010539	0.00239552	0.00485248	0.00463716	0.0110074	0.00619714	0.0172875	0.0244737	0.250312
162	0.032611	0.0030076	0.0166352	0.00866352	0.00465947	0.0194663	0.0060931	0.0151694	0.0239788	0.0165254	0.0135812	0.0362215	0.0067367	0.00852258	0.0131187	0.0808225	0.671412	0.0169131	0.00148452	0.00437739
163	0.101922	0.00811164	0.0689319	0.290313	0.0160581	0.0265002	0.0215058	0.0203474	0.0584968	0.0238303	0.014717	0.0258422	0.0160169	0.0385525	0.0384794	0.100354	0.0321484	0.0250724	0.00528032	0.0675188
164	0.06149	0.00706522	0.00712339	0.0131297	0.0180121	0.0188301	0.00770033	0.0448756	0.0156072	0.106671	0.0190509	0.00990925	0.523633	0.0111467	0.0130877	0.0474286	0.0295298	0.0322565	0.00285653	0.0105969
165	0.138257	0.0180566	0.0270822	0.0282754	0.0114481	0.0552001	0.0192895	0.0219716	0.0309764	0.0328715	0.0248678	0.045196	0.0259816	0.0252788	0.0275671	0.303203	0.103671	0.0403699	0.00409237	0.0163441
166	0.0702622	0.0127263	0.00154946	0.00257487	0.0401452	0.00798401	0.000848658	0.237533	0.00487317	0.21101	0.093931	0.0011418	0.00580084	0.00150445	0.00229143	0.016735	0.0181852	0.251462	0.00429177	0.015149
167	0.0331952	0.00237606	0.135242	0.458921	0.00326172	0.0232862	0.00520921	0.00946396	0.0607064	0.01484	0.0119167	0.021868	0.00517497	0.0959649	0.0311133	0.0467866	0.0207113	0.0114499	0.00123746	0.00727526
168	0.140752	0.0257733	0.00179069	0.00249699	0.0357389	0.0237199	0.00217125	0.202163	0.00334625	0.158037	0.0889679	0.00499628	0.0287688	0.00260382	0.00336989	0.0445702	0.0237393	0.198992	0.00100118	0.0070018
169	0.0171545	0.00438268	0.00356461	0.0245861	0.199837	0.00687214	0.077518	0.0777781	0.0100541	0.0743343	0.039667	0.021714	0.002253	0.0106304	0.010759	0.0252532	0.0103317	0.0489244	0.00648735	0.327899
170	0.0516299	0.00695652	0.0733213	0.301373	0.00513411	0.0991044	0.00335304	0.0260111	0.00941578	0.0120185	0.0277247	0.0106605	0.0368357	0.14975	0.0424419	0.0722877	0.0365251	0.0290689	0.00216962	0.00421764
171	0.043945	0.0121006	0.0381485	0.0908128	0.0355328	0.0534404	0.0120433	0.0347802	0.185215	0.0721532	0.0219302	0.059986	0.00400235	0.0322057	0.140387	0.0527162	0.0484548	0.0448428	0.00243481	0.0148687
172	0.0346106	0.00799802	0.0697102	0.090355	0.0058113	0.309493	0.00326602	0.00879216	0.0863135	0.0735425	0.0216256	0.104502	0.00320355	0.0750387	0.0216983	0.0394491	0.0320171	0.00743245	0.00149253	0.00364831
173	0.0544837	0.0170345	0.0108925	0.0419623	0.00287228	0.0386474	0.00541167	0.0045963	0.260009	0.0187492	0.00860452	0.0273318	0.00464648	0.0416319	0.383044	0.0536227	0.0158265	0.00917287	0.000428002	0.0010331
174	0.0215111	0.0111128	0.00631017	0.0665905	0.0698689	0.0070687	0.00977062	0.0772136	0.0487377	0.12466	0.0829424	0.00878708	0.00476922	0.010024	0.0134138	0.0180155	0.0168412	0.170318	0.137282	0.0947618
175	0.00859302	0.0013364	0.00352628	0.000842866	0.0158673	0.000975405	0.000595645	0.313802	0.00104693	0.163501	0.0885901	0.00083886	0.00397711	0.000942487	0.000893617	0.001769	0.00835234	0.380405	0.000291214	0.00385361
176	0.0322843	0.00344729	0.12324	0.543763	0.00751253	0.0240457	0.00437108	0.0117417	0.0376185	0.0187005	0.00958209	0.0187587	0.0074958	0.0480629	0.0267641	0.0408202	0.021513	0.0118188	0.00168544	0.00677416
177	0.0085928	0.00139725	0.00351478	0.000863354	0.0160042	0.000956782	0.000595881	0.313256	0.00108579	0.16398	0.0884318	0.000844265	0.00399095	0.000952094	0.000905334	0.00178173	0.00835884	0.380178	0.000329926	0.00397992
178	0.106766	0.031685	0.0053384	0.00838256	0.0891293	0.432099	0.00856347	0.0173012	0.00953714	0.0697446	0.0151054	0.0161809	0.0164719	0.00734087	0.00892812	0.061844	0.0212302	0.0461482	0.00866004	0.0195435
179	0.0675983	0.0112067	0.0354509	0.0294436	0.0133184	0.347744	0.0170137	0.0181182	0.0300842	0.0249828	0.0172989	0.108642	0.0695696	0.0202687	0.0258909	0.0678755	0.0394178	0.0311539	0.00680773	0.0181141
180	0.35938	0.0419133	0.0024149	0.00272503	0.00216943	0.0574457	0.00193016	0.00361665	0.00315684	0.0138008	0.0261822	0.00376495	0.0080596	0.00256311	0.00297725	0.367649	0.0465016	0.0423142	0.00090357	0.0105319
181	0.102018	0.00475472	0.015301	0.0156574	0.0112955	0.639463	0.00681997	0.00548935	0.0201655	0.0158576	0.00553894	0.0245287	0.00889363	0.00863584	0.0127536	0.0487389	0.0168753	0.0177526	0.00758911	0.0118711
182	0.00848342	0.00132992	0.00353227	0.000843563	0.0158411	0.000950407	0.000595662	0.313915	0.00104813	0.163527	0.088526	0.00084321	0.0039818	0.000943348	0.000895631	0.00175318	0.00833087	0.380519	0.000291221	0.00384946
183	0.0184243	0.00420155	0.00199633	0.00316143	0.207021	0.00686855	0.00398708	0.0613525	0.00490099	0.457597	0.104797	0.00368818	0.00486366	0.00766417	0.00341329	0.00692155	0.00650953	0.0422387	0.0108768	0.0395172
184	0.0377347	0.0112094	0.0164988	0.0407713	0.0110471	0.0184987	0.0250606	0.0117853	0.156586	0.0191017	0.013433	0.025422	0.0107501	0.0404808	0.474161	0.0358788	0.0190707	0.0163175	0.00539339	0.0107997
185	0.0806835	0.00118409	0.0623304	0.190554	0.00190582	0.0322821	0.010721	0.00283181	0.149969	0.0109245	0.00330249	0.010717	0.258586	0.0364352	0.0745711	0.0545032	0.00660009	0.00546872	0.0009643	0.00546533
186	0.0416786	0.00320341	0.105486	0.501443	0.00565459	0.0237591	0.0064308	0.0115725	0.0468911	0.0178911	0.0118612	0.0175912	0.00577022	0.0783629	0.0288315	0.0461901	0.025327	0.0132983	0.00156888	0.00718863
187	0.0134542	0.00211888	0.00366787	0.00115164	0.0163906	0.00187056	0.00130226	0.286611	0.00381148	0.171427	0.112385	0.00143309	0.0042175	0.00187391	0.00145846	0.00379373	0.00887088	0.359541	0.000439975	0.00418098
188	0.020984	0.00562468	0.00812565	0.00969941	0.0119732	0.0443014	0.00864117	0.0933656	0.0134113	0.220566	0.0464327	0.0133397	0.00627377	0.0111971	0.00896189	0.0252642	0.422286	0.0174549	0.00321976	0.00887729
189	0.0711559	0.0011212	0.0363708	0.177295	0.00493689	0.00866595	0.0175714	0.0261262	0.231513	0.0410903	0.0131392	0.0354657	0.000558846	0.058482	0.186601	0.0230669	0.0307863	0.0207611	0.000325114	0.0149679
190	0.0604164	0.00104749	0.00159494	0.0018573	0.00332894	0.00451208	0.00153963	0.026562	0.00234465	0.00761898	0.00181858	0.0019668	0.810388	0.00325484	0.0020824	0.0390505	0.0229878	0.00406761	0.000635345	0.00292575
191	0.0155393	0.00210559	0.00118412	0.00173109	0.122508	0.00651914	0.00111489	0.051787	0.00172715	0.58557	0.141507	0.00158027	0.00485253	0.00919266	0.00142862	0.00289262	0.0025749	0.0216452	0.0122602	0.0122808
192	0.110905	0.0128766	0.00133587	0.00167775	0.0413118	0.0155034	0.00131685	0.215886	0.0019875	0.265275	0.117006	0.00157982	0.00749325	0.00213442	0.00190648	0.0234165	0.0173401	0.153312	0.00155589	0.00618046
