618	20
1	0.125983	0.00661454	0.0220525	0.13818	0.013948	0.0105148	0.0238967	0.0299174	0.213539	0.0726807	0.0105445	0.0153314	0.00122812	0.0735939	0.126929	0.0232992	0.0516025	0.0339427	0.00140895	0.00479316
2	0.00599016	0.00454247	0.000308363	0.000436144	0.0130023	0.000379696	0.0033248	0.335468	0.00357409	0.335581	0.0570556	0.00296961	0.00127116	0.00254557	0.00427106	0.00356516	0.012704	0.208716	0.00166809	0.00262632
3	0.1181	0.00516928	0.00359247	0.0143671	0.00720743	0.00416793	0.0292743	0.0903089	0.116928	0.197706	0.110988	0.00654351	0.00329037	0.0480502	0.098527	0.0125334	0.0817927	0.0468631	0.00126158	0.00332882
4	0.168883	0.0126802	0.0135357	0.0627687	0.00952875	0.0427718	0.0186662	0.00231635	0.216135	0.0290108	0.0271549	0.0173638	0.000690333	0.0604746	0.132854	0.151829	0.0254402	0.00274292	0.000349854	0.00480461
5	0.0903808	0.00487514	0.00545563	0.0209603	0.00510423	0.00567611	0.00634556	0.0115047	0.103882	0.0122105	0.0954411	0.0109756	0.00332647	0.0320421	0.378387	0.0720541	0.0910997	0.0331665	0.00242834	0.0146833
6	0.00986062	0.00745741	0.000625644	0.000679516	0.0171889	0.00115049	0.00426852	0.257371	0.00259403	0.354409	0.0548279	0.00712284	0.00211392	0.00356841	0.00368145	0.00427752	0.0157588	0.241765	0.00279499	0.00848401
7	0.0192758	0.00595601	0.0625394	0.146712	0.000840467	0.0116246	0.0125011	0.0182739	0.10758	0.0150593	0.0128846	0.0959319	0.000855542	0.107352	0.09508	0.0847069	0.13505	0.060414	0.000237217	0.00712479
8	0.0480329	0.00172156	0.0248898	0.0336595	0.0134182	0.0421086	0.0140671	0.00725049	0.310484	0.00929136	0.00952263	0.0621299	0.00903965	0.0725482	0.25715	0.0394468	0.0163668	0.0117581	0.000575117	0.0165385
9	0.0153095	0.0365664	0.0014287	0.00319049	0.0523903	0.00371163	0.00578623	0.0420627	0.00946315	0.508624	0.124004	0.0147021	0.00357777	0.00748845	0.00425241	0.0225545	0.0297091	0.0741052	0.010964	0.0301095
10	0.227358	0.283056	0.00208549	0.00310219	0.0014361	0.0317937	0.0025954	0.00509137	0.00363346	0.0236144	0.0143792	0.00603534	0.00228406	0.0151108	0.00332417	0.288406	0.0298146	0.0537725	0.000939517	0.00216786
11	0.0782002	0.00233666	0.0327276	0.0689628	0.0676376	0.0541821	0.0606837	0.02737	0.122178	0.0754611	0.0460026	0.0216748	0.000955205	0.0634859	0.109261	0.0501664	0.0418453	0.0283445	0.00711447	0.04141
12	0.0444981	0.00196195	0.0191434	0.0312255	0.01384	0.0407645	0.0161304	0.00818307	0.3154	0.0080138	0.00842654	0.0584031	0.0114251	0.0732586	0.259221	0.0379032	0.0181082	0.0148923	0.00107655	0.0181244
13	0.0613722	0.0546125	0.00260749	0.00212536	0.00667163	0.00464042	0.00199034	0.252674	0.00276382	0.0134861	0.0139027	0.00440362	0.00110558	0.00564957	0.00260621	0.00961374	0.209812	0.345945	0.000651868	0.00336515
14	0.0639573	0.0321525	0.00267178	0.00177584	0.0268348	0.0118743	0.00280409	0.316654	0.00249613	0.0885655	0.0181181	0.0110233	0.000871656	0.0174026	0.00770447	0.0169065	0.0322969	0.311179	0.0044842	0.0302269
15	0.16812	0.00401539	0.0983802	0.0586294	0.00529203	0.0726336	0.017799	0.00520975	0.0361248	0.0193551	0.0107113	0.110852	0.00161536	0.084534	0.0404361	0.204794	0.0332408	0.0229575	0.00443767	0.000862834
16	0.0682109	0.0070137	0.0736175	0.0430354	0.00302909	0.43915	0.00762426	0.00722465	0.0554725	0.00833336	0.00450287	0.0976835	0.00393474	0.0411384	0.0407923	0.0681409	0.020091	0.00722043	0.00121245	0.00257228
17	0.00632638	0.00507219	0.000276415	0.000547946	0.0064298	0.000323806	0.00308338	0.273794	0.00201991	0.39824	0.0636772	0.00421573	0.00111575	0.00216097	0.00279016	0.00323012	0.013192	0.207269	0.00314423	0.00309069
18	0.0242682	0.0965916	0.00376926	0.00581809	0.176799	0.0251156	0.0619679	0.0277817	0.0123062	0.0249281	0.00984574	0.0469977	0.0338943	0.010914	0.0251241	0.0192216	0.0728019	0.023662	0.032397	0.265796
19	0.133942	0.0096644	0.0998651	0.14675	0.00407764	0.0245863	0.0113219	0.00141068	0.103695	0.00240885	0.00158234	0.0454018	0.132437	0.109155	0.0330179	0.103755	0.0233591	0.0125759	0.000265399	0.000727802
20	0.0116516	0.00755062	0.0682614	0.0183492	0.00179776	0.616837	0.00468903	0.00735827	0.0254261	0.00377914	0.00246982	0.137762	0.000631929	0.0324988	0.0197335	0.0267086	0.00996447	0.00211469	0.000286302	0.0021295
21	0.174074	0.00172498	0.002518	0.00202529	0.0015323	0.00179153	0.00250146	0.302955	0.00252422	0.12533	0.0897608	0.00244891	0.000892274	0.00246362	0.00233597	0.0318085	0.0143041	0.236828	0.000480433	0.00170064
22	0.0389794	0.0144372	0.0356756	0.0281514	0.00231357	0.0062375	0.020486	0.00642439	0.0766233	0.00780609	0.00996703	0.00447505	0.0201151	0.0046372	0.060544	0.158586	0.48986	0.00947903	0.000716279	0.0044861
23	0.0529376	0.00506823	0.060897	0.0734336	0.030801	0.0500771	0.0555121	0.0108762	0.0537418	0.0426864	0.0243045	0.0302472	0.00510842	0.0307127	0.0749137	0.119699	0.214541	0.0172686	0.00239666	0.0447774
24	0.120091	0.0199662	0.020666	0.0411073	0.00342513	0.00471614	0.0203052	0.0861221	0.0751953	0.00674565	0.0046363	0.00912165	0.00449978	0.0830372	0.0725119	0.158903	0.163445	0.0864545	0.0161176	0.00293243
25	0.0219994	0.00545099	0.0555679	0.324797	0.002937	0.00838944	0.0101079	0.0321034	0.055408	0.0153311	0.0355605	0.0372811	0.00387284	0.209127	0.0259691	0.0502328	0.0383085	0.0610524	0.00123988	0.00526381
26	0.00576989	0.00506966	0.000273663	0.00057606	0.00695	0.000335406	0.00333998	0.258087	0.00204057	0.428772	0.0577611	0.00328872	0.00139859	0.002085	0.00219605	0.00300107	0.0122101	0.201912	0.00204991	0.00288302
27	0.0774944	0.0112572	0.389536	0.0150923	0.00659418	0.0633496	0.00828666	0.0917508	0.0192212	0.0507425	0.00925106	0.0516772	0.00705751	0.011989	0.0546028	0.039065	0.0274605	0.0571792	0.00283172	0.0055609
28	0.0211167	0.0059134	0.0649876	0.146119	0.000846154	0.0120778	0.0121017	0.0175206	0.106093	0.0148637	0.0125208	0.0988605	0.00103969	0.105193	0.0919011	0.087197	0.135744	0.0589579	0.000222136	0.00672439
29	0.0509644	0.00415703	0.00834904	0.0146261	0.131237	0.0100054	0.0523877	0.040853	0.0101026	0.19182	0.0431466	0.00452761	0.0111582	0.005189	0.0329059	0.019978	0.0117076	0.0158755	0.0544149	0.286595
30	0.527725	0.106998	0.00361433	0.0093476	0.00302406	0.021941	0.00190427	0.020948	0.00189776	0.0297241	0.0046355	0.00255916	0.0013853	0.00270506	0.00213632	0.150528	0.0728065	0.0346586	0.000373806	0.00108689
31	0.499487	0.0349547	0.00567626	0.00770249	0.00232538	0.0406881	0.0025685	0.0645931	0.00291253	0.0149874	0.0130185	0.00743031	0.00208189	0.00301135	0.00264112	0.185079	0.0718694	0.0359944	0.000475357	0.00250209
32	0.0224001	0.00350049	0.0637374	0.492631	0.00242014	0.00881093	0.00795695	0.00848662	0.0416571	0.0131523	0.00993678	0.0360575	0.00243389	0.207642	0.017862	0.0248964	0.0140043	0.0171467	0.000778279	0.00448962
33	0.0333236	0.0163913	0.00235498	0.00316694	0.00353154	0.00610252	0.00288426	0.216489	0.00391036	0.00878671	0.0302449	0.00377633	0.00158461	0.015438	0.00317828	0.00728193	0.482685	0.156206	0.00101783	0.00164588
34	0.504569	0.159567	0.0021797	0.00586342	0.00194096	0.0178396	0.00140185	0.0104136	0.00152459	0.0277439	0.00256134	0.00172359	0.00142659	0.00306544	0.00145044	0.158571	0.0648903	0.0319895	0.000329115	0.000948089
35	0.406143	0.0224371	0.0123846	0.0148272	0.00540607	0.035294	0.0132585	0.0916998	0.0128018	0.0255572	0.0209454	0.0148219	0.010878	0.0135638	0.0134388	0.175255	0.0609105	0.0442477	0.0017059	0.00442388
36	0.152974	0.00588264	0.02102	0.0252737	0.00420197	0.0693048	0.0256814	0.00625547	0.00469048	0.0196895	0.00387129	0.022813	0.00546741	0.00756852	0.00486471	0.435514	0.101891	0.0198129	0.002841	0.0603817
37	0.00588871	0.0225876	0.00124306	0.00170728	0.0292897	0.00552846	0.00497933	0.0113321	0.0193934	0.59608	0.222477	0.0075708	0.00445056	0.0122785	0.0021598	0.0171379	0.00684937	0.015445	0.00423503	0.00936678
38	0.269403	0.0054133	0.0115381	0.00470244	0.00284295	0.0454844	0.00347359	0.160832	0.00482043	0.0231292	0.0423743	0.0196524	0.00229079	0.0043582	0.00429895	0.172712	0.157552	0.0617823	0.000975605	0.00236462
39	0.0190445	0.00600228	0.063098	0.146605	0.000828523	0.0114514	0.0125532	0.0182797	0.107075	0.0148111	0.0128451	0.0965892	0.000848887	0.10657	0.0945527	0.0850496	0.135851	0.0606997	0.000227012	0.00701828
40	0.0410925	0.00764388	0.0997287	0.0850875	0.0169454	0.0225306	0.293179	0.00965626	0.0169383	0.0208462	0.0200078	0.0225876	0.00817912	0.0731496	0.0343392	0.0261276	0.0212328	0.0139908	0.00769506	0.159042
41	0.1316	0.0171988	0.0120003	0.0151175	0.0287702	0.0121935	0.0657539	0.0162592	0.0149927	0.0163424	0.009924	0.0173133	0.379196	0.0266416	0.012024	0.0597243	0.0493576	0.0254049	0.00939356	0.0807919
42	0.0500647	0.00122973	0.299857	0.360144	0.00246885	0.0470085	0.0103912	0.00379105	0.0418233	0.00698637	0.00370726	0.0356806	0.00847515	0.0530353	0.0108301	0.0335382	0.0204745	0.00722858	0.000489738	0.00277629
43	0.00752844	0.0074825	0.00318897	0.00129484	0.274288	0.00192626	0.073112	0.00441756	0.00730113	0.0144672	0.00474921	0.00624597	0.00185978	0.0108029	0.0010756	0.00607011	0.00158419	0.00976634	0.0109971	0.551842
44	0.221954	0.00413894	0.0189688	0.0317079	0.00150693	0.289971	0.0144242	0.00847309	0.00913935	0.00886613	0.00209217	0.0304979	0.00463753	0.00510068	0.00517256	0.274633	0.0410497	0.00764421	0.000631747	0.0193903
45	0.00733901	0.00922304	0.000972608	0.0043139	0.0349512	0.00243134	0.00452944	0.125763	0.00465363	0.563091	0.125404	0.00447721	0.00176668	0.00514526	0.0102535	0.0054227	0.00841639	0.0719953	0.00229666	0.00755388
46	0.694189	0.00816852	0.00293986	0.00444521	0.00734571	0.0357339	0.00367079	0.00428262	0.00282721	0.00422133	0.00320865	0.00404651	0.0102257	0.00468736	0.00223106	0.186662	0.01126	0.00474054	0.000423435	0.00469126
47	0.617047	0.00683047	0.00429242	0.00555753	0.00187632	0.135462	0.00352799	0.00327544	0.0024709	0.00258387	0.00096689	0.00495474	0.00444601	0.00314264	0.00104901	0.182658	0.0116657	0.00396981	0.000357139	0.00386574
48	0.0279102	0.00648928	0.0117503	0.0187737	0.00517573	0.00914509	0.0104587	0.0100427	0.270595	0.0126949	0.0138358	0.0171649	0.00943895	0.0474271	0.463325	0.0268067	0.0162564	0.0120602	0.00369817	0.00695087
49	0.00618424	0.00537601	0.000268255	0.000505953	0.00635172	0.000336524	0.00312427	0.275328	0.00194364	0.392023	0.0643574	0.00384489	0.00117405	0.0021715	0.00254431	0.00328146	0.0130023	0.21201	0.00304088	0.00313131
50	0.530419	0.0461171	0.0104846	0.0409563	0.0098764	0.00873637	0.00490768	0.021063	0.00226319	0.0443787	0.0109347	0.00506438	0.00129758	0.00549792	0.00529053	0.150731	0.0676564	0.0324737	0.000585639	0.00126532
51	0.0413386	0.00759226	0.0076358	0.00128315	0.0009992	0.00129331	0.00132551	0.362283	0.0016321	0.0144766	0.0276547	0.00878743	0.000744933	0.00295011	0.00140128	0.0371932	0.0535601	0.42631	0.000402995	0.00113612
52	0.111753	0.00872596	0.116552	0.121372	0.00167024	0.0404026	0.0100147	0.00767708	0.0790121	0.00695304	0.0050673	0.10534	0.00605268	0.0753851	0.0400002	0.148269	0.0923062	0.020907	0.000802633	0.00173734
53	0.0862421	0.0053452	0.0461481	0.0641099	0.0691961	0.0444306	0.0723646	0.0152688	0.058598	0.04826	0.0382871	0.0749201	0.00523066	0.0572329	0.0877551	0.083863	0.0508499	0.0219689	0.0035096	0.0664193
54	0.014794	0.00701547	0.0014107	0.00355718	0.010599	0.00237579	0.00396819	0.319966	0.00400954	0.337167	0.0510889	0.0117255	0.00131598	0.00526286	0.00527244	0.00693217	0.0166716	0.189965	0.00230861	0.00459386
55	0.0512346	0.00459415	0.0725037	0.0698117	0.0134826	0.0354182	0.345446	0.00763389	0.0180585	0.017615	0.0324718	0.016496	0.00535987	0.134153	0.0511281	0.0201422	0.0149276	0.00930725	0.00201749	0.0781986
56	0.0568743	0.00234454	0.145669	0.270547	0.00262456	0.0197063	0.0136622	0.00559478	0.117152	0.0118667	0.00511231	0.066577	0.00776932	0.0911588	0.0552621	0.0576622	0.0493303	0.016083	0.000324496	0.00467893
57	0.018971	0.00596076	0.064234	0.149012	0.000838453	0.0115609	0.0125662	0.0182505	0.106796	0.014625	0.0129828	0.0961497	0.000887006	0.106077	0.0934637	0.0847119	0.135184	0.0605629	0.000225696	0.00694046
58	0.132667	0.0262462	0.00745793	0.00852169	0.0222326	0.0151978	0.00767499	0.0404707	0.00983122	0.118308	0.0299113	0.0221444	0.0070813	0.0157298	0.00887589	0.116053	0.251965	0.14838	0.00160779	0.00964263
59	0.124651	0.0137848	0.00999973	0.00941059	0.00142291	0.130333	0.00379884	0.019368	0.0328368	0.00937383	0.00243376	0.0329735	0.319688	0.0629536	0.0224875	0.148469	0.0241204	0.0224088	0.00450851	0.004977
60	0.00560586	0.0130942	0.00072403	0.00196227	0.108888	0.00567404	0.00560861	0.0539914	0.010071	0.571008	0.136795	0.00414969	0.00125555	0.00399494	0.00178069	0.00859172	0.00625118	0.0289392	0.00579154	0.0258233
61	0.00453537	0.000608498	0.000442028	0.0021771	0.00198316	0.000293502	0.000514355	0.597776	0.000901886	0.0450054	0.0412631	0.000754554	0.000236913	0.000833838	0.00103947	0.00104455	0.00574548	0.29406	0.000101404	0.000682847
62	0.17772	0.00861137	0.0625268	0.00269665	0.000870175	0.0172894	0.00222018	0.00254535	0.00712383	0.00490249	0.00125545	0.0331682	0.00101632	0.00210764	0.00966004	0.649736	0.0116088	0.00217269	0.000288827	0.00247956
63	0.0455685	0.00038655	0.352437	0.286212	0.00197796	0.0219692	0.015833	0.00264326	0.0593578	0.00630716	0.00391957	0.0424552	0.0177255	0.0364046	0.0125512	0.0434143	0.0408188	0.00719832	0.000607338	0.00221328
64	0.0407135	0.000321071	0.288711	0.37221	0.00372514	0.0233819	0.0145282	0.00285857	0.0549809	0.00632825	0.00248428	0.0428207	0.00797922	0.0524697	0.0186434	0.0326015	0.022421	0.00653015	0.000598396	0.00569304
65	0.00883317	0.00414967	0.0023666	0.00532834	0.159386	0.00332496	0.0253104	0.156906	0.00509632	0.250133	0.0469557	0.00572324	0.00404408	0.00511874	0.0059171	0.0126137	0.13264	0.134124	0.00298417	0.0290442
66	0.0579345	0.00245523	0.00876673	0.0135033	0.115853	0.0127003	0.0625106	0.0277091	0.00813072	0.140942	0.0249491	0.00319449	0.0117478	0.00428444	0.0330972	0.0173251	0.00386089	0.0142525	0.081387	0.355396
67	0.0444246	0.000386909	0.159548	0.370687	0.00341673	0.0215853	0.0149057	0.00284623	0.101615	0.0103855	0.00277041	0.0518368	0.0031443	0.0909454	0.0443874	0.0320506	0.0300432	0.00887806	0.000232245	0.00591014
68	0.0334984	0.00874701	0.00158954	0.00109552	0.038786	0.00537245	0.00299382	0.41333	0.00682598	0.124339	0.0193379	0.00784986	0.000803641	0.0108066	0.0158795	0.00574026	0.022062	0.265239	0.00305854	0.0126441
69	0.0350719	0.00452828	0.00123871	0.00079138	0.00294765	0.00333926	0.000801753	0.187534	0.00098489	0.024336	0.0153909	0.002007	0.00322062	0.00102389	0.000931584	0.00885786	0.00827803	0.697944	0.000246861	0.000525712
70	0.0370714	0.00397799	0.00373857	0.0564194	0.00261254	0.00484751	0.0058337	0.0733112	0.0854609	0.0801041	0.21175	0.0435884	0.00130862	0.177727	0.0809098	0.0407195	0.0442676	0.0425198	0.00116972	0.00266169
71	0.0879312	0.000499178	0.0980733	0.269862	0.00265787	0.010027	0.0125536	0.00551635	0.168939	0.0234834	0.00282605	0.0523888	0.000771937	0.100703	0.0810421	0.0342809	0.0313698	0.0110912	0.00015626	0.00582665
72	0.00760538	0.00226416	0.0172347	0.00539212	0.00515163	0.00642624	0.421147	0.00366514	0.00713435	0.0170613	0.00347829	0.381721	0.00378821	0.00505022	0.0183936	0.0120624	0.0179018	0.00989699	0.00620137	0.0484242
73	0.177806	0.014858	0.0120072	0.050371	0.00623528	0.0464235	0.0166289	0.00176545	0.231205	0.0255346	0.0242898	0.0133676	0.000644412	0.0560333	0.128404	0.166349	0.0245296	0.00198323	0.000331365	0.00123342
74	0.0560855	0.000677207	0.324145	0.269049	0.0016723	0.0249787	0.0133995	0.00242259	0.0600903	0.00480974	0.00458665	0.0461471	0.019474	0.0392013	0.0144646	0.0540826	0.0535662	0.00893673	0.000463568	0.00174789
75	0.115307	0.0133284	0.004114	0.0854857	0.024549	0.00477754	0.0212929	0.052488	0.192919	0.0928085	0.00634762	0.00396717	0.00134951	0.0576931	0.194247	0.00633132	0.0742852	0.0435097	0.00189471	0.00330546
76	0.00358033	0.00184725	0.00073521	0.00249216	0.175387	0.00225476	0.00777808	0.106501	0.00389284	0.533322	0.0864574	0.00155821	0.00130856	0.00190212	0.00254397	0.003047	0.00946119	0.0283616	0.00433315	0.0232366
77	0.0130403	0.00708575	0.580324	0.0351711	0.000517669	0.0237229	0.00466386	0.00105627	0.00987143	0.0012689	0.00102627	0.292818	0.000477436	0.0127367	0.00749452	0.00193572	0.00461039	0.00130027	0.000192938	0.000685335
78	0.167848	0.00350231	0.0978215	0.071258	0.00776421	0.0867018	0.0175169	0.00596683	0.0401839	0.0197398	0.00986618	0.101132	0.00207947	0.0851612	0.0383882	0.185073	0.0323866	0.0199392	0.00567424	0.0019974
79	0.399714	0.0290405	0.00987106	0.0541968	0.00706701	0.0081907	0.0215349	0.0293902	0.00462675	0.031897	0.047292	0.019752	0.00779946	0.0232308	0.0222169	0.178244	0.0711099	0.0278145	0.00122248	0.00579003
80	0.00645093	0.000666803	0.00052696	0.00275133	0.000931826	0.000355528	0.000546687	0.621321	0.000619277	0.0341609	0.0408529	0.000769979	0.000219373	0.000841531	0.000573662	0.00154261	0.00677902	0.278795	0.000137025	0.0011581
81	0.00233328	0.000487444	0.00265914	0.00182914	0.740334	0.00124965	0.00808356	0.0132319	0.000887491	0.0490085	0.012944	0.000889393	0.000433073	0.00099564	0.00107524	0.00119721	0.00112402	0.00892599	0.0181404	0.134171
82	0.0816719	0.00682056	0.137551	0.130165	0.00231597	0.0435869	0.00872653	0.00742109	0.0560254	0.00761713	0.00464962	0.0836037	0.00739733	0.0607778	0.0237937	0.188025	0.130618	0.0147943	0.00130831	0.00313038
83	0.00235339	0.000964358	0.000779991	0.00361167	0.403923	0.00363884	0.00899983	0.00382874	0.00220259	0.00650553	0.00143455	0.00150485	0.000529685	0.00265215	0.00118493	0.00206198	0.00167591	0.00706323	0.011558	0.533526
84	0.0913383	0.0129747	0.0115171	0.0161995	0.308803	0.0108143	0.0172337	0.119037	0.01553	0.0784374	0.0361984	0.015685	0.00789692	0.0171595	0.0197695	0.032637	0.0460378	0.0647654	0.0107166	0.0672493
85	0.121178	0.0061102	0.0300151	0.0722118	0.00252538	0.5084	0.00915156	0.00983088	0.0222503	0.00864495	0.00472931	0.0207176	0.00712316	0.0221804	0.0122754	0.0836216	0.0425171	0.00853721	0.000664471	0.00731624
86	0.0224052	0.00290644	0.0070468	0.00812376	0.400191	0.00418262	0.0213098	0.0287375	0.00476297	0.117982	0.016888	0.00283038	0.00796296	0.00278161	0.0119977	0.0106954	0.0036281	0.0113085	0.0477488	0.26651
87	0.0595217	0.00581755	0.0233082	0.0344215	0.00964917	0.0142816	0.0186498	0.0285572	0.219534	0.0964108	0.0765101	0.0290608	0.00367197	0.0510141	0.230144	0.038104	0.0309485	0.0157742	0.00248815	0.0121323
88	0.037946	0.0233571	0.00919116	0.0161398	0.0751417	0.0134089	0.0214206	0.0450506	0.0157865	0.227266	0.12412	0.0198635	0.00996273	0.0163295	0.026796	0.0392974	0.120319	0.0492295	0.00799623	0.101377
89	0.00809871	0.0158385	0.000831218	0.00263007	0.0267568	0.00205217	0.00505178	0.101636	0.00488883	0.526102	0.142635	0.00535865	0.00254445	0.00490026	0.00272822	0.0069841	0.0113693	0.118223	0.00273975	0.0086313
90	0.11745	0.0526827	0.0251419	0.0751988	0.0236015	0.0090811	0.0510795	0.0523062	0.0112978	0.0216091	0.0643709	0.0345712	0.0454791	0.0572503	0.0170288	0.117683	0.0958063	0.044991	0.00321506	0.0801555
91	0.0144498	0.00524949	0.0251051	0.0174495	0.00126248	0.00364005	0.00387052	0.00554587	0.412382	0.00663607	0.00800085	0.0180019	0.0017521	0.0414458	0.376232	0.0360713	0.0115738	0.00911497	0.000836795	0.00138003
92	0.18206	0.00658502	0.0635405	0.0402277	0.00738349	0.0645507	0.0277915	0.0278268	0.0331997	0.025136	0.00816159	0.0584761	0.00609456	0.0258352	0.0468906	0.314717	0.0367334	0.0178206	0.00169363	0.0052753
93	0.0107939	0.00959395	0.00342491	0.00173463	0.19062	0.00187626	0.121048	0.00420332	0.00785705	0.0168408	0.00412708	0.00816546	0.00246927	0.013954	0.00215842	0.00869183	0.00262752	0.00816608	0.0285949	0.553052
94	0.0240693	0.0117125	0.00663238	0.0110952	0.0401538	0.010678	0.00930275	0.0528313	0.016328	0.480097	0.100228	0.0127287	0.0660306	0.0188775	0.0131383	0.0263127	0.0322088	0.0409886	0.00566463	0.0209226
95	0.00302705	0.00242421	0.000656868	0.00243643	0.147507	0.00207585	0.00898132	0.0999959	0.00335789	0.548606	0.0949765	0.00135639	0.00121739	0.00186167	0.00172838	0.00304777	0.00681658	0.0396803	0.00423162	0.0260145
96	0.00776434	0.00301045	0.00256532	0.00196047	0.000413749	0.00339394	0.00302534	0.00440654	0.423174	0.00202034	0.00196931	0.00070902	0.00298388	0.0159389	0.50222	0.0119013	0.00467104	0.00494656	0.00253538	0.000390207
97	0.00428068	0.0098343	0.000726065	0.0012399	0.0855637	0.0046971	0.00463829	0.0336657	0.00781363	0.579228	0.20432	0.00415102	0.00281333	0.00560501	0.00181499	0.00724716	0.00498214	0.0166767	0.00740863	0.0132937
98	0.00317201	0.00152241	0.000856022	0.00310186	0.220628	0.00264164	0.00827435	0.0968594	0.00404976	0.459708	0.105154	0.00158636	0.0012375	0.00177543	0.00191448	0.00359262	0.00739886	0.0254156	0.0103288	0.0407822
99	0.00419806	0.00381103	0.00145251	0.00203226	0.010446	0.0132513	0.00361933	0.0218724	0.00515397	0.271074	0.607944	0.00490089	0.00424537	0.0152399	0.00238934	0.00551474	0.00461577	0.0141172	0.00219806	0.00192375
100	0.0182916	0.00375208	0.00872965	0.0174104	0.00320063	0.00703014	0.00712934	0.00672907	0.361972	0.00721433	0.00669775	0.0115445	0.00576772	0.0358678	0.44896	0.0223227	0.0120809	0.00914711	0.00231394	0.00383934
101	0.0402764	0.0216689	0.00362534	0.00384137	0.00923725	0.00468337	0.00297463	0.307986	0.00513665	0.0469523	0.0258586	0.00707039	0.00219962	0.00894654	0.00490407	0.0177674	0.131605	0.34931	0.00166701	0.00428866
102	0.748449	0.00345201	0.000518786	0.000624729	0.00214929	0.0323291	0.00169516	0.00153766	0.000560919	0.000969832	0.000650342	0.00225874	0.00436889	0.00322413	0.000524645	0.184834	0.00638347	0.00250471	0.000262995	0.00270135
103	0.00889649	0.0135651	0.000627005	0.000729545	0.00397989	0.00112835	0.00192708	0.401568	0.00291465	0.327979	0.0398001	0.00216706	0.000808249	0.00217202	0.00241899	0.0104381	0.0113703	0.163638	0.00109035	0.00278254
104	0.399846	0.0087992	0.011333	0.0117365	0.00244457	0.355314	0.00734341	0.00487842	0.00793542	0.00507736	0.00303463	0.0101337	0.00563948	0.0136047	0.00475569	0.122516	0.0143684	0.00473578	0.000736063	0.00576834
105	0.00748984	0.00454125	0.00173689	0.00389199	0.0132935	0.000824762	0.00241475	0.414439	0.0125268	0.287205	0.0364455	0.00254675	0.00170497	0.00481545	0.00939608	0.00564614	0.0145464	0.173331	0.00116416	0.00204014
106	0.19326	0.0161226	0.0287298	0.0659428	0.011466	0.0403827	0.100743	0.0177983	0.0371243	0.0180524	0.0155372	0.0403235	0.0135392	0.0324917	0.0299309	0.242501	0.0548199	0.0176384	0.00212883	0.0214675
107	0.0116112	0.0450732	0.00430453	0.0736826	0.00317887	0.454475	0.0260618	0.0846282	0.074015	0.0562787	0.0464059	0.00600337	0.00243006	0.0507031	0.00577851	0.0107668	0.0328455	0.00729415	0.00140697	0.00305658
108	0.0060146	0.00365448	0.000455875	0.00053399	0.0136216	0.00043587	0.00398634	0.297002	0.00428332	0.362025	0.0475692	0.00314649	0.00344495	0.00258897	0.00438302	0.00308143	0.0109819	0.228174	0.0016836	0.00293352
109	0.0397752	0.000238647	0.367146	0.345302	0.00277671	0.0237573	0.0130532	0.00333658	0.0382438	0.00486078	0.00297527	0.0382243	0.0115126	0.0363276	0.00674655	0.0331162	0.0227485	0.00645647	0.000537845	0.00286493
110	0.212184	0.00805936	0.0231853	0.0362518	0.00335699	0.0646196	0.00852622	0.00312663	0.179956	0.0124523	0.010938	0.0153084	0.00139414	0.0330483	0.101751	0.266355	0.013873	0.00374064	0.000737879	0.00113514
111	0.429327	0.00288244	0.00244917	0.00342939	0.00201919	0.00301649	0.00266836	0.00403591	0.0156248	0.00463316	0.00304951	0.016954	0.00155927	0.00405723	0.00376301	0.00761143	0.00583375	0.483831	0.00116588	0.00208895
112	0.0131192	0.00188683	0.00130602	0.001966	0.0413464	0.00140968	0.00273151	0.480665	0.0199696	0.1975	0.00851378	0.0023004	0.00182202	0.00438799	0.0305012	0.00417019	0.0218316	0.162275	0.000675906	0.00162186
113	0.0502473	0.000454486	0.102168	0.350484	0.00406952	0.0174215	0.0146553	0.00323977	0.124982	0.0160605	0.00290187	0.0512378	0.00100059	0.115055	0.0700931	0.0293236	0.0300166	0.00897065	0.000119683	0.00749851
114	0.062973	0.00909955	0.00672323	0.00900922	0.100345	0.0186595	0.0166307	0.0220686	0.00943005	0.122454	0.0126604	0.0119778	0.00834346	0.013966	0.009238	0.163073	0.315113	0.0780446	0.00224039	0.00795196
115	0.0076831	0.00522808	0.00267071	0.00308811	0.312059	0.00383542	0.0422759	0.00585919	0.00540396	0.0191909	0.00427125	0.00616371	0.00219847	0.00727422	0.00324957	0.00593006	0.00373289	0.00893215	0.0166493	0.534304
116	0.00427112	0.0107052	0.200511	0.153889	0.00372457	0.0602331	0.0493061	0.00201793	0.0539958	0.00333475	0.0119041	0.284287	0.00374902	0.0527842	0.0529837	0.0288946	0.00573104	0.0052303	0.00355015	0.00889751
117	0.043706	0.0293563	0.00228734	0.00367198	0.0851273	0.00299593	0.00627288	0.0195886	0.00587205	0.42564	0.163112	0.00515315	0.00292373	0.00423812	0.0183435	0.00863656	0.024731	0.0219023	0.00288262	0.123559
118	0.0467182	0.00406881	0.015368	0.0194732	0.143242	0.00694267	0.0376198	0.024714	0.0109811	0.138218	0.0149772	0.00429798	0.0173965	0.00427126	0.0240581	0.0236249	0.0050621	0.00899522	0.056902	0.393069
119	0.0101011	0.00699883	0.00329005	0.00439002	0.510284	0.00282106	0.0263064	0.0188913	0.00535268	0.0766298	0.0404373	0.00498247	0.0105188	0.0109254	0.00505034	0.00680726	0.00655878	0.0204254	0.0151352	0.214093
120	0.00751899	0.00699326	0.000642505	0.00173901	0.00788962	0.000788307	0.00352341	0.411348	0.00637241	0.289497	0.0544794	0.00298241	0.00152636	0.00563704	0.0042999	0.00758217	0.031205	0.152821	0.00143761	0.001717
121	0.152542	0.022267	0.0283997	0.0276632	0.0233663	0.0164293	0.126582	0.0190794	0.0165006	0.0198133	0.0172413	0.0231924	0.154971	0.0814558	0.017802	0.0911648	0.0461654	0.0233342	0.00630713	0.0857231
122	0.477785	0.0228519	0.0132749	0.00756976	0.00270458	0.0357951	0.00761533	0.00639868	0.00648237	0.00785509	0.00415851	0.0175019	0.00545526	0.00828253	0.00556614	0.321128	0.0305694	0.0127786	0.000713097	0.00551452
123	0.0394098	0.019269	0.00164759	0.00272855	0.00116873	0.00489732	0.00172617	0.00294886	0.00221809	0.00766622	0.00773282	0.0137979	0.00399482	0.00199241	0.0024458	0.596254	0.281336	0.00272983	0.000531691	0.00550436
124	0.136555	0.0119363	0.0169829	0.0265661	0.00413398	0.024905	0.0137454	0.0138058	0.028746	0.00674589	0.00450494	0.0159783	0.510775	0.04859	0.0143304	0.0653917	0.0246708	0.0191271	0.00313912	0.00936998
125	0.217955	0.133543	0.0102147	0.0160772	0.00818586	0.0172229	0.0125423	0.0289708	0.0157624	0.0315663	0.0170009	0.0171706	0.00992978	0.0128433	0.0151376	0.0985494	0.257071	0.0690347	0.00197191	0.00925018
126	0.00776584	0.00861287	0.00113125	0.00361527	0.0419712	0.00347073	0.00398934	0.0989902	0.006729	0.480859	0.250059	0.00358638	0.00241305	0.00668526	0.00579298	0.00690567	0.00844703	0.0488763	0.00246875	0.00763166
127	0.0097697	0.00195516	0.00823079	0.00503669	0.626618	0.00176959	0.0108244	0.0145223	0.00283962	0.0709859	0.0126032	0.00222756	0.00436882	0.00199158	0.00504549	0.00567993	0.00266851	0.00868606	0.0223703	0.181806
128	0.0884734	0.0262504	0.0130675	0.0142638	0.0103461	0.0273258	0.0708834	0.00898882	0.00774268	0.0131415	0.00620585	0.23873	0.0112697	0.0131876	0.0100622	0.237206	0.115159	0.0184269	0.00977353	0.059496
129	0.748264	0.00347416	0.000519682	0.000629332	0.00214915	0.0323841	0.00169716	0.00154198	0.000561199	0.00097077	0.000650303	0.00225795	0.00437915	0.0032221	0.000525304	0.184893	0.0064047	0.00250501	0.000263007	0.00270842
130	0.19633	0.109389	0.00496334	0.00870824	0.0018649	0.413076	0.00791671	0.00584478	0.00758009	0.00995961	0.00493101	0.0144219	0.00515173	0.00810615	0.00591814	0.136062	0.0206699	0.0339319	0.00109053	0.00408482
131	0.0698204	0.148969	0.00506624	0.00909876	0.00861452	0.0116769	0.00654968	0.0272727	0.00908132	0.0924138	0.0329971	0.0192303	0.00519595	0.0126788	0.00859498	0.110562	0.245991	0.162986	0.00172128	0.0114791
132	0.0297313	0.0607384	0.00313283	0.00480737	0.00283973	0.00488033	0.010931	0.00688048	0.0529725	0.00798876	0.0420883	0.0591848	0.45176	0.0321926	0.0814451	0.0183322	0.0786238	0.0467813	0.00159315	0.00309587
133	0.0169382	0.00183363	0.00799062	0.0123007	0.0152867	0.0138064	0.0809027	0.00810209	0.246257	0.00587799	0.0142003	0.0729435	0.00501296	0.0942592	0.256341	0.0425117	0.0562265	0.0153211	0.00083617	0.0330514
134	0.138148	0.0125653	0.0234731	0.0503744	0.00295639	0.0998429	0.00699195	0.0136201	0.0335687	0.0228144	0.00417818	0.0366301	0.276881	0.0876612	0.017831	0.112651	0.0322866	0.018401	0.00330777	0.00581702
135	0.0201212	0.0191174	0.00746839	0.00738931	0.197293	0.0063769	0.0753516	0.0112691	0.0149361	0.0380032	0.0152824	0.0414537	0.0109426	0.0594369	0.00866646	0.0190028	0.0165168	0.0191077	0.014868	0.397396
136	0.00355316	0.00686295	0.00112362	0.00172348	0.0115731	0.00328807	0.00574573	0.00768223	0.0072047	0.617833	0.283226	0.00759488	0.00945873	0.00659304	0.00209802	0.00683899	0.00393726	0.0092306	0.00204824	0.00238372
137	0.209486	0.107089	0.0123633	0.00825392	0.00456699	0.019164	0.010971	0.00753775	0.00356799	0.0108175	0.00646694	0.0155532	0.0317553	0.0139135	0.00411921	0.459421	0.0489386	0.0137239	0.0013198	0.0109716
138	0.261442	0.0248514	0.0239496	0.0102846	0.00255591	0.0266359	0.012793	0.012675	0.0102625	0.0104912	0.00717198	0.0247562	0.0104793	0.00978722	0.00975167	0.474028	0.0453404	0.0148865	0.000840365	0.00701685
139	0.0572947	0.191066	0.0119466	0.023158	0.0165547	0.0171234	0.079922	0.0351734	0.0207914	0.0311501	0.0249749	0.0344007	0.0109429	0.0204725	0.0188245	0.0765676	0.245525	0.0569138	0.00436616	0.0228311
140	0.00203904	0.000546688	0.00201226	0.0033166	0.693483	0.00167914	0.00686356	0.00983612	0.00118757	0.0312593	0.00827346	0.000936714	0.000382041	0.0012415	0.00100018	0.00135373	0.00130965	0.00659525	0.014045	0.21264
141	0.0465428	0.0337029	0.014245	0.0194855	0.0215705	0.014807	0.0122676	0.0429318	0.0174956	0.371427	0.0692825	0.0214442	0.0069965	0.0189867	0.016963	0.159542	0.0435337	0.048651	0.00413852	0.0159863
142	0.00592739	0.00479364	0.000267984	0.000467188	0.00776688	0.00036589	0.00451128	0.248535	0.00228686	0.37222	0.0795797	0.00321138	0.0014343	0.00368591	0.00236358	0.00256784	0.0136473	0.241256	0.00204394	0.00306876
143	0.285838	0.0548038	0.0514136	0.0301745	0.0141225	0.0306053	0.0357914	0.0146716	0.00305891	0.00729358	0.0199081	0.0267972	0.0556598	0.0636352	0.0040173	0.171294	0.0796224	0.0120281	0.00309184	0.0361722
144	0.0320471	0.0207777	0.00411707	0.00677609	0.0170731	0.00738085	0.00801861	0.135446	0.0111566	0.142706	0.115721	0.0376427	0.0326568	0.0302145	0.011618	0.119494	0.117078	0.13791	0.00231552	0.00984966
145	0.0583601	0.0029319	0.00415438	0.0254116	0.0150733	0.00569053	0.0206309	0.0807638	0.191393	0.00439847	0.00553316	0.0286939	0.0485771	0.150726	0.155798	0.0908112	0.0717478	0.0335601	0.00141242	0.00433361
146	0.0711443	0.00431138	0.282598	0.368848	0.00385613	0.0315386	0.0086679	0.00434423	0.0383589	0.0126734	0.00870793	0.0315472	0.00993713	0.0376498	0.0140451	0.0449155	0.0150922	0.00876845	0.000498902	0.00249677
147	0.088181	0.0111242	0.356624	0.154354	0.00622591	0.033107	0.0155307	0.0148692	0.0325773	0.0137588	0.00933178	0.0827598	0.0127351	0.0334326	0.0191741	0.0624714	0.0293828	0.0158934	0.00212105	0.00634648
148	0.043813	0.00180058	0.292893	0.318871	0.00247166	0.0242168	0.0158243	0.00347253	0.0446426	0.00780541	0.00520933	0.0617567	0.00962391	0.0488834	0.0161325	0.0603566	0.0274777	0.00906565	0.001355	0.00432811
149	0.00591479	0.00451521	0.000392569	0.000733386	0.00800116	0.000490461	0.00236731	0.404416	0.00315127	0.301788	0.0434386	0.00222514	0.00113059	0.0018948	0.00365771	0.00439553	0.0110669	0.197485	0.0012132	0.00172306
150	0.0387807	0.000244119	0.365051	0.350175	0.00259975	0.0235591	0.0132276	0.00323706	0.0368097	0.00487607	0.00290636	0.0399449	0.011074	0.0368999	0.00664414	0.0322069	0.0217579	0.00639924	0.000683872	0.00292281
151	0.194994	0.0054076	0.0480568	0.0288425	0.00207088	0.272367	0.00798458	0.00838699	0.0181295	0.00987524	0.00313647	0.0272746	0.00648535	0.0139247	0.0116941	0.29898	0.0256102	0.00863681	0.00126887	0.00687445
152	0.0276315	0.00909112	0.00177746	0.00197176	0.0351947	0.00467182	0.00376771	0.433887	0.00533565	0.100143	0.0224287	0.00670105	0.00119901	0.00854119	0.00892932	0.00640432	0.0283259	0.281547	0.0022872	0.0101647
153	0.00229521	0.00119936	0.0012832	0.00260893	0.471289	0.00456091	0.0109075	0.0064207	0.0019609	0.020492	0.00483628	0.00156299	0.000637923	0.00255331	0.001103	0.00195151	0.00145958	0.00792033	0.0131363	0.441821
154	0.0411044	0.000310315	0.236359	0.354969	0.00313147	0.0223111	0.0158101	0.00287396	0.0791955	0.00799339	0.00259057	0.0498811	0.00623498	0.0714713	0.0307418	0.0335894	0.0284286	0.00769852	0.000410392	0.00489427
155	0.0633755	0.0399516	0.0178554	0.0227563	0.00352248	0.0079906	0.0130966	0.00793406	0.0638867	0.0107201	0.0236254	0.00589134	0.0103667	0.00809244	0.0582813	0.137359	0.484592	0.0159317	0.00132847	0.00344176
156	0.0247023	0.0162347	0.00205234	0.0034877	0.0141934	0.00462905	0.00459045	0.231838	0.00393139	0.307117	0.0493952	0.00782078	0.00167315	0.00733213	0.00469247	0.0198995	0.0192429	0.240601	0.00291895	0.0336467
157	0.0874915	0.00582142	0.0340754	0.102012	0.00828039	0.048657	0.0636514	0.0286767	0.125235	0.0184596	0.0138242	0.067791	0.00488171	0.0298457	0.0617562	0.186683	0.0791724	0.017736	0.0016994	0.0142504
158	0.0187807	0.00577817	0.0644375	0.144303	0.000830764	0.0112165	0.0124826	0.0176014	0.110619	0.0147224	0.0130178	0.0975961	0.000899591	0.105262	0.0999755	0.0841915	0.132645	0.0587096	0.000220354	0.00671038
159	0.116789	0.0991183	0.00524979	0.00510682	0.0271385	0.00951725	0.00592955	0.184934	0.00649163	0.0414378	0.013344	0.00741914	0.00303979	0.00954762	0.00560902	0.0217477	0.266091	0.164664	0.00147408	0.00535062
160	0.39247	0.0295906	0.0126154	0.0158535	0.00417988	0.0266518	0.016607	0.0627104	0.00984825	0.0217985	0.0175797	0.0149673	0.0061779	0.0107202	0.00947628	0.19885	0.104702	0.0389432	0.00144624	0.00481184
161	0.0366227	0.0366453	0.00146663	0.0062502	0.0221038	0.00347392	0.00457283	0.138073	0.064742	0.169966	0.162518	0.00540972	0.00488614	0.115428	0.0225373	0.0438944	0.0578025	0.101395	0.000775555	0.0014377
162	0.00580572	0.00418583	0.00119488	0.00218223	0.134854	0.00271988	0.00685972	0.145085	0.00504022	0.500847	0.0802348	0.00230004	0.00193194	0.0029174	0.00405503	0.00465632	0.0114606	0.0601385	0.00451288	0.0190177
163	0.0724248	0.0676959	0.0128623	0.0181804	0.00662725	0.0111243	0.0140337	0.0499836	0.0112926	0.0211371	0.0191417	0.0189429	0.0489232	0.0194207	0.0115461	0.426748	0.127173	0.0244592	0.00235946	0.0159237
164	0.0395598	0.00154747	0.0641504	0.0793281	0.00482368	0.0139154	0.012867	0.00786218	0.278508	0.0229316	0.0166415	0.0771038	0.00328127	0.0880535	0.213879	0.0367521	0.0228821	0.00858516	0.000480412	0.0068469
165	0.135376	0.0356256	0.0182518	0.0129086	0.0393799	0.0253647	0.0558651	0.0121656	0.00528198	0.0198006	0.00693455	0.0653067	0.0364214	0.0341527	0.00601526	0.222158	0.106022	0.012637	0.0307935	0.119539
166	0.422793	0.00913337	0.0120716	0.00960029	0.00383365	0.0408226	0.0128719	0.00562024	0.00269129	0.00662955	0.0040232	0.0263353	0.00739765	0.00663023	0.00317054	0.337152	0.0493769	0.010677	0.00169006	0.0274798
167	0.130416	0.0104274	0.0142116	0.0184718	0.0022963	0.483321	0.00950433	0.00686717	0.0105227	0.00799375	0.00392901	0.017588	0.007277	0.0139631	0.0104741	0.209883	0.0250781	0.00957984	0.0010053	0.00719077
168	0.0988029	0.00646782	0.0371015	0.0676306	0.00608649	0.338149	0.0155352	0.0104927	0.0553751	0.0133133	0.00826653	0.040106	0.00669409	0.0322523	0.0505866	0.15753	0.0328229	0.0119539	0.00163822	0.0091947
169	0.00715417	0.00480886	0.000357345	0.000761396	0.00850667	0.000549848	0.00248249	0.375122	0.00344446	0.312085	0.0486561	0.00273195	0.00134795	0.00224468	0.00386085	0.00434339	0.0116957	0.205768	0.00149049	0.00258889
170	0.183473	0.00617086	0.0124659	0.0192766	0.00158766	0.56999	0.0065559	0.00493486	0.0126149	0.00553402	0.00223297	0.0126892	0.00537915	0.00748074	0.00595169	0.114536	0.0167847	0.00555281	0.000611192	0.00617817
171	0.00582298	0.00439368	0.000268698	0.000387086	0.00917922	0.000299575	0.00408541	0.255686	0.00200969	0.38988	0.0631571	0.00338226	0.00190959	0.00244466	0.00205782	0.00263693	0.0115335	0.235487	0.00207742	0.00330132
172	0.255682	0.0389884	0.00295384	0.00564015	0.00203703	0.0662772	0.136675	0.00538151	0.00434586	0.00560933	0.0037622	0.116089	0.00314264	0.00574668	0.0045137	0.317459	0.00872651	0.0128902	0.000995319	0.00308359
173	0.0531222	0.0156999	0.00227466	0.00143098	0.0307503	0.0103428	0.0028139	0.339186	0.00221867	0.0885231	0.0235899	0.0133593	0.000731236	0.0133112	0.0108787	0.00912	0.0238891	0.32563	0.00645067	0.0266771
174	0.0190912	0.00560258	0.00526488	0.00802384	0.00460487	0.0102929	0.31276	0.00962493	0.00860011	0.0118133	0.00692955	0.0421367	0.00418832	0.146808	0.00893566	0.330306	0.046387	0.0112382	0.00212262	0.00526832
175	0.00716987	0.0484617	0.179047	0.0352519	0.00478223	0.065864	0.0265035	0.00370242	0.0823812	0.00503707	0.00823705	0.413522	0.00164308	0.0263317	0.0482399	0.0258657	0.00798039	0.00389107	0.000609	0.00547917
176	0.00316285	0.000534692	0.000385037	0.00523843	0.000729981	0.000441677	0.000466519	0.729003	0.000682055	0.0187883	0.0204205	0.000756177	0.000322471	0.000646495	0.000592176	0.002523	0.00875769	0.20392	0.000112086	0.00251736
177	0.0756719	0.0125621	0.0218705	0.037135	0.0139339	0.0825626	0.081544	0.0178582	0.0738624	0.0242087	0.0152966	0.0361561	0.109353	0.0432309	0.136409	0.131461	0.0342431	0.0235353	0.00586391	0.0232414
178	0.717051	0.0109553	0.000473625	0.000711038	0.00202363	0.0386298	0.00160967	0.00343711	0.00067846	0.00150457	0.000701842	0.00217314	0.00361908	0.00304747	0.000596524	0.191908	0.0132742	0.00476423	0.000238745	0.00260235
179	0.177019	0.0147189	0.0118213	0.050366	0.00625659	0.0456624	0.0165481	0.0020884	0.232499	0.025575	0.0241154	0.0135385	0.00061958	0.0563269	0.128516	0.164774	0.0256989	0.00227382	0.000330728	0.00125198
180	0.0290096	0.00696209	0.06812	0.0190399	0.00187393	0.565755	0.00429139	0.00586157	0.0221028	0.00568523	0.00297995	0.138094	0.00119534	0.0403933	0.0172167	0.0533533	0.0109374	0.00471281	0.000736066	0.00167944
181	0.0883392	0.0145325	0.00293618	0.00501698	0.00133499	0.00731214	0.0025124	0.00898219	0.0022803	0.00827473	0.0155825	0.0125823	0.00349704	0.00260112	0.00271984	0.546644	0.258511	0.00949815	0.00066528	0.0061769
182	0.0459783	0.00436494	0.0135939	0.0196592	0.13986	0.00698357	0.0390398	0.0270291	0.0100636	0.137829	0.0165918	0.00445401	0.0199613	0.00439504	0.0238023	0.0259006	0.00606809	0.0102364	0.0559083	0.388281
183	0.00645305	0.0026169	0.00198549	0.0120527	0.00297699	0.00101749	0.00148522	0.682969	0.0059678	0.0356327	0.0175968	0.00219695	0.000593425	0.00553753	0.00248291	0.00450036	0.0201983	0.188938	0.000387912	0.00441065
184	0.177742	0.0149836	0.012113	0.0498966	0.00614998	0.047019	0.0165961	0.00181411	0.230616	0.025054	0.0239182	0.0134171	0.000644946	0.0559358	0.128851	0.167264	0.0244127	0.00199985	0.000331531	0.00124079
185	0.188559	0.0040773	0.00961025	0.0270493	0.00167872	0.465703	0.0181766	0.00448047	0.00657453	0.00637057	0.00250533	0.031968	0.00330272	0.00388873	0.00449842	0.15253	0.0352914	0.00590213	0.000617537	0.027215
186	0.0262009	0.0171003	0.0112293	0.0332361	0.00445952	0.00860548	0.0103421	0.0300887	0.0179249	0.0160147	0.00991221	0.012946	0.0351497	0.00776353	0.0158796	0.312209	0.412599	0.0109734	0.00220975	0.00515637
187	0.00614514	0.0185763	0.0997378	0.0552219	0.00895451	0.129804	0.0290003	0.00308827	0.0602957	0.00444668	0.0123378	0.395954	0.000860614	0.0468955	0.0585079	0.0427057	0.0118817	0.00317766	0.000630007	0.0117788
188	0.0799956	0.0277332	0.0119816	0.0236243	0.0057666	0.500148	0.0301638	0.00694028	0.0850726	0.0140919	0.0105846	0.0159366	0.00329842	0.0239939	0.0682846	0.0617939	0.0166468	0.00827325	0.00122154	0.00444852
189	0.0109201	0.0414249	0.00526363	0.0838642	0.00333462	0.00504159	0.0886331	0.110217	0.0618098	0.02503	0.00782111	0.0694644	0.00307702	0.0468067	0.0830846	0.0594817	0.102119	0.123751	0.00109157	0.067764
190	0.173713	0.0108074	0.0179253	0.0192105	0.00632921	0.0923636	0.0227029	0.00524276	0.00577891	0.0115921	0.00372816	0.0478256	0.00674184	0.00859363	0.00626576	0.423916	0.0751665	0.0117291	0.00353584	0.0468316
191	0.0275253	0.0642421	0.0184959	0.0277373	0.0108443	0.0141891	0.076027	0.0297971	0.025941	0.0167807	0.0134365	0.266639	0.00653219	0.0237046	0.0507221	0.132789	0.0650995	0.0619924	0.00422447	0.0632806
