225	20
1	0.086679	0.00208038	0.0671439	0.013512	0.00376821	0.0482093	0.0158831	0.0291997	0.0353698	0.0235754	0.00379651	0.00888127	0.242866	0.0120415	0.137488	0.181487	0.0628863	0.0141053	0.00359364	0.00743297
2	0.0512825	0.00896262	0.0634561	0.0164823	0.0155945	0.0271665	0.124041	0.0149524	0.0231228	0.020137	0.0559264	0.167796	0.1023	0.0328347	0.0322068	0.0490519	0.0823423	0.0411685	0.00611057	0.0650648
3	0.113109	0.00311276	0.0256189	0.00731963	0.0049249	0.0462144	0.0133394	0.0123748	0.0225955	0.0116597	0.0045273	0.0220575	0.262805	0.0229231	0.051716	0.2528	0.0796983	0.0232931	0.00812136	0.0117892
4	0.0141608	0.0246248	0.00294474	0.00314727	0.319085	0.0114218	0.00370169	0.0607217	0.00364797	0.168232	0.0227697	0.0150354	0.00266807	0.00870564	0.0123572	0.0153474	0.0074592	0.0435649	0.110549	0.149855
5	0.0659188	0.00081509	0.254768	0.516808	0.00117624	0.00776763	0.00323032	0.00594534	0.0138242	0.00220555	0.00145488	0.0312624	0.00429274	0.0351141	0.0109527	0.0121031	0.00768154	0.0230663	0.000714454	0.000898546
6	0.130653	0.00195177	0.0165356	0.00396935	0.0036929	0.0311762	0.00753698	0.00742059	0.0204009	0.00871053	0.00282326	0.0304467	0.283101	0.0304444	0.0398614	0.253185	0.0798053	0.0253175	0.0127896	0.0101777
7	0.0451443	0.000857565	0.00960301	0.0239519	0.00566952	0.0321993	0.0428786	0.0154545	0.242734	0.006994	0.0194804	0.0275758	0.00456111	0.0904198	0.31552	0.0376205	0.0487535	0.00981209	0.00231617	0.0184534
8	0.0559018	0.00259741	0.00957646	0.00473334	0.0335338	0.00782801	0.0123536	0.152969	0.00517595	0.341192	0.123326	0.00225825	0.0372412	0.0116125	0.0161114	0.0250497	0.0272267	0.0916881	0.0113029	0.0283226
9	0.0975609	0.00201689	0.0331239	0.00668641	0.00272107	0.040373	0.0066881	0.0124341	0.0277399	0.0109017	0.00281021	0.0189544	0.26339	0.0248156	0.0631204	0.279676	0.0685808	0.0184904	0.00727205	0.0126438
10	0.175154	0.00569204	0.00983886	0.0065882	0.0359627	0.0150673	0.147139	0.00887291	0.00809514	0.0164091	0.0102052	0.013396	0.241354	0.0087562	0.01373	0.0963464	0.111543	0.0219789	0.00469443	0.0491764
11	0.203603	0.00756294	0.0115081	0.00998104	0.0553564	0.0169004	0.0520982	0.0430202	0.0142537	0.177452	0.0397046	0.0103963	0.0792433	0.0195544	0.081591	0.0339805	0.0308784	0.0847998	0.0122703	0.0158455
12	0.129026	0.00215737	0.0177091	0.00452948	0.00361562	0.0356597	0.00785863	0.00822829	0.0235514	0.00844214	0.00310133	0.0288775	0.293063	0.0259018	0.0393139	0.24861	0.0719954	0.0292019	0.00964834	0.00950874
13	0.113123	0.00372715	0.00935525	0.00574651	0.0208348	0.011888	0.2166	0.00730658	0.00611928	0.0109861	0.0105393	0.0168249	0.258218	0.00669983	0.00967609	0.0884335	0.1317	0.0199286	0.00400935	0.0482834
14	0.0797754	0.00163024	0.0836816	0.162125	0.00289782	0.0227801	0.0440824	0.0116313	0.12043	0.0250585	0.0224773	0.0427551	0.0104492	0.084547	0.146719	0.0512593	0.0392936	0.0332737	0.00542289	0.0097101
15	0.0530273	0.00133035	0.350375	0.336228	0.00188471	0.0303912	0.00751892	0.00525151	0.0362966	0.00533994	0.00240679	0.0423259	0.0115883	0.0316988	0.0137892	0.0249019	0.013381	0.0255227	0.00128859	0.0054535
16	0.0454494	0.00931511	0.00161907	0.00376995	0.0619246	0.0154046	0.00114223	0.34955	0.00213935	0.136487	0.0306293	0.00359693	0.00665963	0.00154552	0.00194672	0.00947501	0.0149067	0.299485	0.00302499	0.00192807
17	0.0767054	0.00364454	0.0176611	0.0137064	0.0166726	0.0375475	0.0168529	0.0338954	0.0400669	0.09418	0.0215354	0.0263849	0.154858	0.0663493	0.113376	0.0876072	0.0970545	0.0493631	0.0203161	0.0122235
18	0.0664332	0.00247774	0.00716509	0.00548752	0.0280275	0.013012	0.00936659	0.158994	0.0133789	0.323134	0.130828	0.00334125	0.0373342	0.0109572	0.0137816	0.0258782	0.0275789	0.091239	0.00950047	0.0220856
19	0.0440419	0.00473601	0.336838	0.166709	0.00295999	0.147639	0.00525793	0.00376502	0.0172973	0.0144787	0.00588993	0.0762007	0.0193056	0.0214752	0.0121272	0.0647372	0.012527	0.0179978	0.00191259	0.0241034
20	0.0424351	0.0024474	0.355748	0.177639	0.00265841	0.111915	0.00391454	0.00343696	0.0193396	0.0120644	0.00311044	0.08131	0.0122756	0.0232357	0.0182121	0.0805552	0.0141564	0.0152467	0.00170366	0.0185952
21	0.062102	0.00141143	0.00832033	0.00558486	0.0251371	0.0106571	0.010816	0.151159	0.00653818	0.305892	0.12698	0.00300031	0.0434423	0.0169699	0.0221467	0.0348699	0.0330478	0.0949925	0.0107042	0.026229
22	0.0319437	0.00115233	0.0222833	0.0402172	0.00142138	0.047639	0.00896498	0.00492552	0.222182	0.00246407	0.00728471	0.192774	0.00225018	0.0470176	0.178776	0.127887	0.0405322	0.00899234	0.00515364	0.00613872
23	0.045303	0.0006847	0.012705	0.0384701	0.00111442	0.034824	0.0224501	0.0152499	0.24459	0.00529925	0.0282267	0.0499166	0.00624333	0.117425	0.268574	0.0516998	0.0367021	0.0124443	0.00216597	0.00591042
24	0.0415428	0.000820332	0.00999397	0.0263802	0.00210967	0.0302612	0.0224032	0.0128718	0.249362	0.00742824	0.0242951	0.0341185	0.00524823	0.0868561	0.342047	0.0435837	0.0399815	0.00885369	0.00361309	0.00822919
25	0.0709823	0.00435773	0.182746	0.42287	0.00230348	0.0723902	0.00587274	0.00579409	0.015541	0.00887758	0.00504315	0.0371369	0.00866046	0.04526	0.0124119	0.0380666	0.0119325	0.0402138	0.00201838	0.00752106
26	0.0449451	0.00067249	0.0126296	0.0380187	0.00119024	0.034558	0.0219474	0.0147461	0.243537	0.00525361	0.0291018	0.0473616	0.00700091	0.115715	0.2761	0.05047	0.0362859	0.0119256	0.00260521	0.00593568
27	0.0641653	0.0010174	0.291798	0.43002	0.00185445	0.0145806	0.00700689	0.00527369	0.0310871	0.00356572	0.00178597	0.0335864	0.0100291	0.0306246	0.01158	0.017552	0.0125864	0.0286961	0.000928416	0.00226272
28	0.0333467	0.0180372	0.00164873	0.0021988	0.206474	0.0139732	0.0021629	0.0827913	0.00239905	0.356651	0.0926366	0.00329549	0.00394567	0.00428637	0.0054951	0.0127444	0.009524	0.0916342	0.024573	0.0321828
29	0.103481	0.00267857	0.0175743	0.0676204	0.0100638	0.0176844	0.0639872	0.0189013	0.0994366	0.102534	0.0495377	0.0212335	0.0103778	0.0980944	0.146247	0.0720144	0.0390411	0.0353584	0.0125447	0.0115904
30	0.47298	0.00140205	0.0311733	0.0537356	0.00289143	0.025501	0.00184964	0.0180623	0.0145174	0.00355837	0.00214734	0.0315534	0.0119756	0.0163187	0.0526428	0.162724	0.0835984	0.0103887	0.00136882	0.0016111
31	0.0224091	0.000917811	0.0026918	0.00416593	0.00159131	0.0137056	0.00728296	0.00962978	0.245957	0.0223788	0.0123606	0.00608999	0.0030974	0.0166139	0.592661	0.0119748	0.0110017	0.00406846	0.00895486	0.00244713
32	0.0785843	0.00213333	0.199708	0.445623	0.00283114	0.0191471	0.00848743	0.00822299	0.0288512	0.0108261	0.00721847	0.0323567	0.0057559	0.0501209	0.0285505	0.0241182	0.0145734	0.0280257	0.00190428	0.00296143
33	0.507148	0.00115297	0.0253013	0.0478082	0.0027831	0.0248795	0.00152103	0.0165701	0.0149783	0.00255831	0.00180188	0.0325864	0.0111655	0.0141512	0.0505417	0.149624	0.0836013	0.00953428	0.00109528	0.00119712
34	0.0612589	0.00081328	0.253506	0.524291	0.001135	0.00767659	0.00300595	0.00615688	0.0128461	0.00205945	0.00128808	0.0318711	0.00382962	0.036108	0.0111211	0.0118847	0.00726362	0.0223637	0.000686908	0.000834349
35	0.0469768	0.0113883	0.00320413	0.00275541	0.0819901	0.0161901	0.00410887	0.201076	0.00365803	0.285092	0.0864209	0.00282355	0.0142772	0.00545332	0.00786559	0.0191516	0.020034	0.160158	0.0103761	0.017
36	0.0390143	0.000883245	0.0216444	0.0344375	0.00133317	0.0362401	0.016591	0.00961499	0.247848	0.00447687	0.0170117	0.108078	0.00453746	0.0747596	0.246737	0.0787382	0.0385678	0.00931676	0.00377693	0.00639321
37	0.0203784	0.000780696	0.00136947	0.00112281	0.00138709	0.0118621	0.00575537	0.00894635	0.245551	0.0243188	0.00711929	0.00189859	0.00145578	0.00611623	0.637612	0.00779502	0.00587736	0.00283244	0.00583858	0.00198241
38	0.020354	0.000780696	0.0013696	0.00112288	0.00138713	0.0118184	0.00574718	0.00894633	0.245454	0.0243585	0.00712073	0.00189862	0.00145677	0.00609999	0.637858	0.00776541	0.00582823	0.00283182	0.00583883	0.0019635
39	0.060367	0.00109764	0.265421	0.49448	0.00146789	0.0127154	0.00356379	0.00610154	0.0147103	0.00286846	0.00164041	0.0340032	0.00545372	0.0342483	0.0107735	0.0155923	0.00911649	0.0236123	0.000766019	0.00200065
40	0.0535507	0.00087749	0.0120977	0.0456894	0.00138815	0.0319546	0.0231713	0.0142432	0.238498	0.00922967	0.0316216	0.0436149	0.00612851	0.121994	0.251548	0.0567232	0.0378085	0.0119124	0.00210654	0.00584236
41	0.0611282	0.000808709	0.253209	0.524622	0.00113985	0.00776293	0.00298834	0.00623825	0.0127866	0.00205828	0.00128702	0.0316974	0.00378041	0.0362033	0.0110869	0.0119044	0.0072784	0.0224936	0.000685349	0.000841053
42	0.0309306	0.0087631	0.000892793	0.00118509	0.0634656	0.0141207	0.000542916	0.382767	0.00150312	0.142066	0.0308898	0.00170568	0.00452483	0.000770712	0.000848367	0.00636851	0.0122702	0.291941	0.00295711	0.00148674
43	0.020852	0.000786823	0.00152042	0.001452	0.00143053	0.012115	0.00602726	0.00928461	0.246745	0.0239128	0.00725507	0.00245132	0.00150599	0.00729851	0.632073	0.00833512	0.00632639	0.00281223	0.00576106	0.00205496
44	0.0471448	0.00103365	0.0163084	0.0491408	0.00250535	0.0294782	0.0468976	0.0147245	0.200873	0.012209	0.0302043	0.0463461	0.00762511	0.124791	0.249522	0.0474338	0.03474	0.0224366	0.00321961	0.013366
45	0.020354	0.000780696	0.0013696	0.00112288	0.00138713	0.0118184	0.00574718	0.00894633	0.245454	0.0243585	0.00712073	0.00189862	0.00145677	0.00609999	0.637858	0.00776541	0.00582823	0.00283182	0.00583883	0.0019635
46	0.0627624	0.00127016	0.210702	0.461828	0.0019636	0.0181873	0.00866871	0.00698978	0.0304484	0.00732151	0.00481554	0.0343407	0.00559551	0.0485226	0.0325069	0.0214893	0.0125627	0.0249585	0.00163338	0.0034334
47	0.061268	0.000814144	0.253855	0.524206	0.00113509	0.00768794	0.00298826	0.00615996	0.0127892	0.00205252	0.00128802	0.03184	0.0038175	0.0361102	0.0110871	0.0118289	0.00722213	0.022328	0.000686907	0.000834963
48	0.506363	0.00237975	0.0231779	0.0475863	0.00353141	0.0242621	0.0020596	0.0155787	0.0179769	0.00392135	0.00296611	0.0291939	0.0123805	0.0178578	0.0462042	0.153698	0.0768544	0.0110792	0.00142466	0.00150376
49	0.0547635	0.00458827	0.00522176	0.00353339	0.0400316	0.0147528	0.00686616	0.166522	0.00421769	0.34532	0.120467	0.00143117	0.0244163	0.00743577	0.00830793	0.0212249	0.0234161	0.117711	0.00883276	0.0209401
50	0.50673	0.00114174	0.0253462	0.0474747	0.00277284	0.0249548	0.00149262	0.0165246	0.0150832	0.00255013	0.00182331	0.0322687	0.0113006	0.0142149	0.0506575	0.150184	0.0835989	0.00958637	0.00109614	0.00119909
51	0.0456458	0.000628352	0.0129847	0.039375	0.00108883	0.0346957	0.0232363	0.0152133	0.240876	0.00507835	0.0287979	0.048259	0.00630395	0.117896	0.272466	0.0512531	0.0358562	0.0122679	0.00195602	0.00612159
52	0.333937	0.0143265	0.00880878	0.0148573	0.0349589	0.0305206	0.00385744	0.0423584	0.0242242	0.0420229	0.0215125	0.0123077	0.0104594	0.0089393	0.017902	0.184775	0.141787	0.0430703	0.00408536	0.00528942
53	0.171696	0.0223284	0.0298771	0.0242333	0.0188622	0.169208	0.00909347	0.0176845	0.02082	0.0338968	0.018047	0.037592	0.0233871	0.0133017	0.0266221	0.242272	0.0585262	0.0393892	0.0062818	0.016881
54	0.0912214	0.0259849	0.00158237	0.00853022	0.0407629	0.0115356	0.000985165	0.229682	0.0017489	0.0502921	0.0126772	0.00405615	0.00928693	0.00111084	0.00153337	0.00946364	0.0300207	0.464046	0.00113693	0.00434289
55	0.020715	0.00319265	0.00584189	0.0178153	0.0442826	0.0639113	0.00412119	0.0893643	0.0500431	0.0765496	0.023857	0.0410324	0.0599188	0.0550887	0.0651269	0.0941726	0.149638	0.109405	0.00577218	0.0201516
56	0.0431717	0.00300378	0.00358495	0.00253247	0.0401527	0.014719	0.0040292	0.279643	0.00387148	0.248635	0.0916696	0.00148883	0.0210485	0.00506411	0.00557153	0.0185575	0.0249594	0.168999	0.0062833	0.0130156
57	0.0603008	0.000878693	0.252245	0.509969	0.00118838	0.0115947	0.00355867	0.00582011	0.0145651	0.00235471	0.00135267	0.0338021	0.00500687	0.0351529	0.012176	0.0150002	0.00806534	0.0246845	0.000808499	0.00147573
58	0.057749	0.00154465	0.355097	0.305012	0.00236512	0.0184302	0.0143336	0.00428565	0.0521046	0.00504631	0.00272627	0.0364646	0.0227526	0.0196485	0.00853021	0.0243471	0.0208404	0.0434785	0.00162882	0.00361531
59	0.0205424	0.000773101	0.0014184	0.00137091	0.00145638	0.012041	0.0059495	0.00893963	0.24649	0.0241233	0.00744439	0.0021629	0.00147633	0.00679783	0.633594	0.00821192	0.00633752	0.00285999	0.0058713	0.00213961
60	0.108171	0.00198584	0.0604098	0.0205984	0.00408527	0.0485612	0.0124492	0.0302872	0.0306111	0.0199075	0.0038455	0.012974	0.225668	0.013708	0.122122	0.191572	0.0669798	0.0152634	0.00366466	0.00713537
61	0.0074515	0.0420854	0.00167275	0.00196425	0.29908	0.0100982	0.00196919	0.0962565	0.00176796	0.207525	0.029129	0.00578643	0.0020774	0.00859115	0.0148783	0.00664122	0.00367903	0.0647607	0.0760754	0.118511
62	0.00672056	0.0420859	0.00178601	0.00202567	0.301469	0.00979066	0.00198125	0.0955193	0.00182881	0.203279	0.0288902	0.00584498	0.0021065	0.00870876	0.015253	0.00678583	0.00363165	0.0639104	0.0779559	0.120427
63	0.0725558	0.00814986	0.0320247	0.0204476	0.0155722	0.0299501	0.140425	0.0167562	0.0154057	0.0247474	0.0243612	0.121172	0.192004	0.0245438	0.0285144	0.0575683	0.0568364	0.0841833	0.0077286	0.0270534
64	0.0336279	0.00913716	0.00124904	0.00125313	0.0623512	0.0166348	0.0011576	0.332894	0.00164557	0.20175	0.0545876	0.00155889	0.00502559	0.00151642	0.00149725	0.00772052	0.0126233	0.246735	0.00347618	0.00355795
65	0.0277344	0.0181989	0.00365897	0.0036241	0.15819	0.0111664	0.00451022	0.172586	0.00331624	0.232685	0.0535082	0.00474477	0.0121131	0.00900219	0.0134854	0.0149024	0.0146033	0.117838	0.0572918	0.0668406
66	0.0511147	0.00513421	0.0173013	0.0236478	0.0528714	0.019021	0.129053	0.0132882	0.104986	0.0201891	0.020923	0.0325165	0.0170216	0.0545544	0.155994	0.0294221	0.0366591	0.0236557	0.00576396	0.186883
67	0.0320123	0.00627188	0.0348446	0.0159373	0.00944468	0.0213513	0.270412	0.0101737	0.0325543	0.0146227	0.0187098	0.23398	0.0236285	0.0679315	0.0330847	0.0552002	0.0311935	0.0610841	0.00597061	0.0215924
68	0.0404877	0.00375406	0.333856	0.135377	0.00364047	0.0580246	0.0206383	0.00509657	0.04534	0.0109866	0.00700869	0.141555	0.0136994	0.0263089	0.0251958	0.0672027	0.0254188	0.0186869	0.00279293	0.0149295
69	0.0494628	0.0114125	0.0016702	0.00383245	0.0702405	0.0141636	0.00125366	0.327494	0.00337413	0.118146	0.0270745	0.00464383	0.00939461	0.00229952	0.00263063	0.0112629	0.0183704	0.315229	0.00396251	0.0040821
70	0.480838	0.00160781	0.0261384	0.0392361	0.0027759	0.0304367	0.00182552	0.0150891	0.0149115	0.00363621	0.00195846	0.0313929	0.0314485	0.0135899	0.0514113	0.154171	0.0831744	0.0128022	0.0018538	0.00170231
71	0.0373015	0.00119669	0.0275112	0.0445282	0.00155983	0.0509292	0.0177216	0.00455828	0.199585	0.00356365	0.00658623	0.214697	0.00214058	0.0456438	0.150809	0.12618	0.0422667	0.00976007	0.00568261	0.00777911
72	0.0604121	0.000841679	0.266183	0.502344	0.00121129	0.011706	0.003242	0.00589962	0.0139271	0.00244937	0.00130584	0.0332413	0.0048262	0.034758	0.0110171	0.0138409	0.00770161	0.0226512	0.000725723	0.00171527
73	0.0462427	0.0100109	0.00201942	0.00374444	0.0653485	0.0159607	0.00196488	0.337544	0.00283066	0.124451	0.0299043	0.00388462	0.00880253	0.0019548	0.0025589	0.0103903	0.0220173	0.301493	0.00500367	0.00387372
74	0.126396	0.00531381	0.0252596	0.0109912	0.0213052	0.028258	0.0261521	0.0355183	0.0241708	0.109097	0.0237712	0.0165353	0.188867	0.0259587	0.109991	0.0890595	0.0543557	0.0524924	0.0135607	0.0129468
75	0.138867	0.00844626	0.00441904	0.0304713	0.0151995	0.0233035	0.00195754	0.141208	0.00869818	0.0984573	0.0186073	0.0339788	0.0189023	0.00590681	0.00337575	0.0341954	0.0514244	0.358333	0.00159421	0.00265332
76	0.0390025	0.0021871	0.0333093	0.0553116	0.00527754	0.0218294	0.12293	0.0103599	0.13602	0.0131047	0.0308271	0.0714637	0.0077051	0.122622	0.19024	0.0434672	0.0259075	0.0262185	0.00293874	0.0392777
77	0.11982	0.011489	0.00582762	0.0180664	0.0191987	0.0532286	0.00534179	0.0585955	0.0125273	0.158921	0.0226881	0.0424803	0.0146591	0.0354276	0.0150671	0.061573	0.0750426	0.257399	0.00681105	0.00583707
78	0.0603539	0.00227749	0.0187242	0.0411648	0.00662738	0.0223992	0.109008	0.0148312	0.145113	0.0237374	0.0288935	0.0411396	0.00810879	0.120398	0.229012	0.0397896	0.0352192	0.0242683	0.00542947	0.0235047
79	0.0350332	0.000624435	0.00740676	0.0189853	0.00183171	0.0291908	0.0155002	0.011086	0.255717	0.00973449	0.0175264	0.0275033	0.00359399	0.0677464	0.418201	0.0378577	0.0273704	0.0066953	0.0028962	0.00549893
80	0.0494365	0.00438771	0.00472331	0.00295871	0.0402411	0.0134185	0.0055773	0.157994	0.00469569	0.334259	0.165734	0.00181066	0.0202228	0.00619654	0.00682504	0.0194436	0.0353712	0.102739	0.00744965	0.016515
81	0.0682166	0.00647548	0.010963	0.0136976	0.0398496	0.0218796	0.0176255	0.0940744	0.013721	0.23035	0.105887	0.0123394	0.0240076	0.055532	0.037772	0.0366766	0.0390654	0.134742	0.0161435	0.0209816
82	0.0474885	0.003868	0.00859453	0.0117057	0.0477142	0.0224104	0.05047	0.0127257	0.178938	0.010972	0.0123971	0.0163429	0.0069388	0.0413981	0.243276	0.0253759	0.0535254	0.0135021	0.00439567	0.187961
83	0.068473	0.00537652	0.00975842	0.0188776	0.0782232	0.00926824	0.0227417	0.121419	0.0066705	0.237603	0.0923056	0.00445252	0.0212365	0.0281623	0.042262	0.0412681	0.0302978	0.106367	0.0328252	0.0224113
84	0.44708	0.0181404	0.00977808	0.0164401	0.0139628	0.0580695	0.00179326	0.0131395	0.00772685	0.0152295	0.0177152	0.0133181	0.00746226	0.00624228	0.0195647	0.218064	0.0845395	0.0211846	0.00521102	0.00533861
85	0.0129974	0.0261001	0.00228077	0.00217617	0.306945	0.00879839	0.00209251	0.0684129	0.00265968	0.178409	0.0259473	0.00653217	0.00262814	0.00684383	0.0111572	0.0106521	0.00512611	0.0479622	0.107344	0.164935
86	0.339747	0.0613654	0.00254498	0.00283044	0.0400161	0.0778624	0.00231861	0.00992457	0.00403216	0.0186956	0.0522034	0.00802966	0.00281564	0.00300174	0.00340977	0.22663	0.0737368	0.0334018	0.0186722	0.0187623
87	0.163499	0.0111953	0.0169436	0.00778606	0.0132554	0.0604876	0.00312653	0.0158866	0.00656162	0.0338312	0.0183846	0.0162403	0.0177319	0.00575695	0.0119217	0.437308	0.126129	0.0257025	0.00356209	0.00468963
88	0.0109308	0.0150434	0.0019187	0.00247947	0.315533	0.00707033	0.0016855	0.0381913	0.0024344	0.121901	0.0220663	0.00693904	0.00219046	0.00533474	0.00819182	0.0141619	0.00496621	0.0265914	0.226191	0.166179
89	0.0460711	0.00967755	0.00558644	0.004023	0.0721091	0.0100933	0.00766257	0.14478	0.00480203	0.341805	0.11661	0.00259717	0.023631	0.00825704	0.0103129	0.0220674	0.0234238	0.0888332	0.0194945	0.0381632
90	0.116927	0.0227739	0.00728933	0.00730725	0.070293	0.129175	0.00679667	0.0799538	0.00751834	0.268805	0.0646873	0.00919574	0.00910854	0.00839185	0.0113728	0.0336291	0.0259349	0.101167	0.00882708	0.0108473
91	0.0461459	0.0104454	0.0019155	0.00218885	0.0872093	0.0202766	0.00234819	0.210743	0.00194508	0.311116	0.0962934	0.00124337	0.00751863	0.00249609	0.00260803	0.0122652	0.012768	0.158797	0.00509826	0.00657868
92	0.149923	0.0466986	0.00214991	0.00756097	0.050421	0.0178391	0.00168601	0.155594	0.00228117	0.0555128	0.0105281	0.00458347	0.00856193	0.00145356	0.00166739	0.0388244	0.0711781	0.367838	0.0014742	0.00422374
93	0.0589217	0.021172	0.000968811	0.00106351	0.10859	0.0379503	0.00082708	0.141168	0.00112148	0.333203	0.103648	0.00138483	0.00122988	0.00124017	0.0011885	0.0111374	0.00687533	0.163788	0.00178849	0.00273286
94	0.2535	0.107188	0.00340746	0.00460004	0.0667827	0.0799488	0.00499909	0.0141938	0.00497999	0.0462031	0.0311751	0.0112782	0.00368587	0.004833	0.00466491	0.186186	0.068173	0.0787282	0.0134564	0.0120168
95	0.0427424	0.0105161	0.0055658	0.0036302	0.0787421	0.0110241	0.00747702	0.140814	0.00479203	0.337848	0.116232	0.00330879	0.0221904	0.00890618	0.0103295	0.0213795	0.0211015	0.0887498	0.0221422	0.0425091
96	0.0895878	0.0779107	0.00311113	0.0030631	0.146124	0.0455677	0.0138461	0.0109321	0.00288745	0.175162	0.00720195	0.00451184	0.00310649	0.00405083	0.00363174	0.125566	0.110817	0.155689	0.0148221	0.00241175
97	0.0109268	0.0154308	0.00189487	0.00234663	0.316732	0.00712668	0.00168788	0.0388538	0.00239701	0.121682	0.0214436	0.00678337	0.00224924	0.00538497	0.00842643	0.0135906	0.00491773	0.026969	0.224353	0.166803
98	0.0729941	0.00820928	0.0558701	0.0432286	0.0102473	0.0530627	0.0384915	0.0167274	0.0936906	0.0243669	0.0148681	0.215386	0.0203485	0.0369282	0.0718732	0.105684	0.0484607	0.0454623	0.0078675	0.0162331
99	0.0418686	0.00284452	0.00133427	0.00138402	0.13937	0.0102343	0.000672564	0.323147	0.00483849	0.101786	0.011807	0.00169712	0.0146286	0.000973637	0.00119551	0.0161789	0.00726904	0.312022	0.00578276	0.000965075
100	0.029652	0.00865362	0.000715915	0.00130492	0.0586231	0.0139642	0.000471063	0.393974	0.00134679	0.13432	0.0313976	0.00178011	0.00330352	0.000668774	0.000759937	0.00527446	0.0124969	0.297432	0.00262931	0.00123152
101	0.255714	0.117375	0.00278122	0.00441886	0.0468342	0.0586679	0.00515991	0.0167876	0.00536615	0.0438112	0.0249203	0.0104606	0.00405294	0.00483983	0.00549898	0.203434	0.0758055	0.094013	0.0106495	0.00940906
102	0.0698354	0.00967544	0.00742328	0.0073368	0.0109808	0.0149095	0.00558082	0.235999	0.00801481	0.0198027	0.0109786	0.00913171	0.00899937	0.00746167	0.00928553	0.0237225	0.350606	0.17831	0.0047094	0.00723627
103	0.164798	0.0297843	0.00312996	0.00270769	0.0197254	0.0250146	0.00261469	0.0499869	0.0054677	0.095202	0.0375177	0.00427322	0.00296805	0.00395765	0.00447652	0.188606	0.304692	0.0486549	0.00278865	0.00363367
104	0.240407	0.0389695	0.00181998	0.00217743	0.0319955	0.0563089	0.00210666	0.039131	0.00332169	0.08692	0.0236938	0.00308917	0.00160946	0.00242609	0.00214118	0.18851	0.148269	0.120955	0.0035941	0.00255352
105	0.18644	0.0513861	0.0227003	0.108747	0.00809019	0.169506	0.0189906	0.0138391	0.0226363	0.0605308	0.046708	0.083237	0.0215871	0.00990327	0.00716262	0.0377571	0.0304863	0.0823984	0.00854428	0.00934872
106	0.0516234	0.01466	0.00703203	0.0078309	0.156224	0.0164123	0.0109709	0.060407	0.00583303	0.208244	0.0725695	0.00590495	0.00914318	0.0126476	0.0190899	0.079268	0.0314455	0.0593205	0.113656	0.0577167
107	0.075992	0.0212012	0.00128338	0.00478131	0.0711244	0.0190044	0.000750273	0.294036	0.00230913	0.0845816	0.0173774	0.00319979	0.00874173	0.00103004	0.00110316	0.0128666	0.0279415	0.347909	0.00211192	0.00265494
108	0.0486069	0.000980571	0.0101342	0.025955	0.00758873	0.0331648	0.0542232	0.0190364	0.24024	0.00675677	0.0202787	0.0288407	0.00512438	0.098801	0.273871	0.0377897	0.0549112	0.0114032	0.0022147	0.0200795
109	0.0453979	0.00729187	0.0406498	0.0796228	0.00262642	0.123007	0.0129737	0.00383689	0.149184	0.00976369	0.00742539	0.198695	0.00726167	0.0258745	0.0893051	0.127255	0.0388167	0.0158607	0.00611646	0.00903542
110	0.171542	0.0414859	0.0319384	0.14247	0.00532383	0.215593	0.0247151	0.00635219	0.0285729	0.0428366	0.0378554	0.0683143	0.0285007	0.0092335	0.00615257	0.0412135	0.0313138	0.0523776	0.00599952	0.00820956
111	0.0376371	0.00332545	0.437146	0.113232	0.00647316	0.142557	0.00684213	0.00693858	0.0427082	0.0131286	0.00640494	0.0472051	0.0142389	0.0170752	0.0117047	0.0404835	0.0164867	0.0194937	0.00297691	0.0139427
112	0.0733572	0.0109702	0.00199763	0.00602087	0.106071	0.0101215	0.000993501	0.269629	0.00471899	0.0791947	0.00949377	0.00503177	0.0246436	0.00151304	0.00165696	0.0207609	0.0201077	0.347611	0.00377856	0.00232746
113	0.0219701	0.00259894	0.00697192	0.0237888	0.033269	0.0638428	0.00753554	0.0865161	0.0672748	0.0667654	0.029419	0.0401731	0.0548549	0.0641485	0.0889307	0.0938324	0.128472	0.0908942	0.00575172	0.0229903
114	0.120889	0.0129762	0.013822	0.0128423	0.0430216	0.0236941	0.00531901	0.172033	0.00579585	0.154475	0.0369988	0.0125849	0.016752	0.00838723	0.00985691	0.0404053	0.036311	0.260503	0.00669452	0.00663902
115	0.0111891	0.0183677	0.00199234	0.00235785	0.313769	0.00774879	0.00181747	0.0454242	0.00232327	0.140781	0.0230969	0.0064881	0.0022044	0.00572263	0.008721	0.0132698	0.00510093	0.0326574	0.204523	0.152445
116	0.0319119	0.0117683	0.00237096	0.0018244	0.316793	0.00860297	0.0018898	0.0253082	0.00245173	0.418675	0.0849111	0.00333005	0.00230993	0.00261823	0.00335527	0.00864529	0.0058483	0.0562563	0.00465993	0.00646926
117	0.0368547	0.0181558	0.00115389	0.00102528	0.169434	0.0140293	0.00118078	0.0572235	0.00118169	0.441691	0.143379	0.00125002	0.00180729	0.0014907	0.00170538	0.00912785	0.0063668	0.0863942	0.00269259	0.00385547
118	0.361837	0.0216151	0.00683555	0.00810245	0.0142298	0.0958644	0.00275016	0.00796641	0.00646323	0.0101301	0.0205466	0.00949004	0.00546622	0.00468857	0.00823411	0.339654	0.0487675	0.0134957	0.00671605	0.00714748
119	0.0380707	0.0128418	0.000793584	0.00199487	0.0537567	0.0143397	0.000459608	0.373568	0.00117584	0.122458	0.0277407	0.00179971	0.00382185	0.000694302	0.000799763	0.00528464	0.0159665	0.320635	0.0021511	0.00164728
120	0.0802545	0.00903772	0.00269097	0.0135754	0.0425289	0.019187	0.00147828	0.256441	0.00515436	0.129516	0.0265788	0.018937	0.0108409	0.00335764	0.00277013	0.0184327	0.0291345	0.32514	0.0025445	0.00239888
121	0.022024	0.0113156	0.00615856	0.00343851	0.266029	0.0161489	0.00648786	0.0292828	0.00989315	0.0739404	0.0163509	0.00741145	0.00346105	0.0124233	0.0146915	0.0249685	0.0115836	0.0266598	0.0801769	0.357554
122	0.0629953	0.0175098	0.00125242	0.00161966	0.114722	0.0355058	0.00119523	0.10489	0.00162316	0.349182	0.133014	0.00177552	0.00268039	0.00183382	0.00189223	0.0142502	0.00900827	0.138934	0.00265281	0.00346458
123	0.0521319	0.00902324	0.00327358	0.00226159	0.0778743	0.0159204	0.00446502	0.123208	0.00322467	0.387772	0.141684	0.00126822	0.0143457	0.00483746	0.00557709	0.0167986	0.0207333	0.0979657	0.00582255	0.0118128
124	0.254635	0.0206754	0.00162344	0.00155505	0.0271457	0.0334331	0.00122832	0.0323065	0.00440194	0.0813714	0.0363373	0.00176991	0.00156489	0.00167198	0.00201456	0.25303	0.179001	0.0611676	0.00252912	0.00253778
125	0.162068	0.0227921	0.0251619	0.030376	0.0189562	0.168266	0.0123128	0.0182646	0.0266124	0.037976	0.0197319	0.0391009	0.0221775	0.0188547	0.0277222	0.224414	0.0581927	0.0397509	0.00973471	0.0175336
126	0.105016	0.0405243	0.00173519	0.00817223	0.0473515	0.0136091	0.00111847	0.210035	0.00190214	0.0515516	0.0146449	0.00398747	0.00874238	0.00135872	0.00152516	0.0104838	0.0325532	0.436863	0.00113824	0.00768737
127	0.0926174	0.0114361	0.0142859	0.0134364	0.0323249	0.0288855	0.0254012	0.0859513	0.0147106	0.0652395	0.0202583	0.0248885	0.197256	0.0157029	0.0352987	0.0775001	0.0516699	0.16955	0.00872917	0.0148576
128	0.0649929	0.0108995	0.00363847	0.00304011	0.0614822	0.0512291	0.00400149	0.134489	0.00382432	0.355474	0.116635	0.00270994	0.0138085	0.00503265	0.0053846	0.0247099	0.0170475	0.103913	0.0060839	0.0116045
129	0.326815	0.0242925	0.00656622	0.00548824	0.0149199	0.104051	0.00291661	0.00693973	0.00516629	0.0104179	0.021327	0.0086259	0.00543406	0.00410149	0.00625366	0.370844	0.046362	0.0151573	0.00667914	0.00764268
130	0.0119179	0.0162125	0.00218137	0.00236194	0.318551	0.00790976	0.00189196	0.0406187	0.00261635	0.120658	0.0203925	0.00675818	0.00233769	0.00598165	0.00880882	0.0140569	0.0049964	0.0284676	0.197716	0.185566
131	0.00717616	0.036287	0.00166445	0.00201754	0.310486	0.0109227	0.00176079	0.0949965	0.00182583	0.175716	0.0185947	0.00636174	0.00183152	0.00992903	0.0141289	0.00761748	0.00356135	0.062217	0.0902804	0.142624
132	0.0441481	0.00822158	0.00323638	0.0021239	0.0649444	0.0138321	0.00412032	0.12613	0.00340232	0.382365	0.162203	0.00138482	0.0158454	0.00498171	0.00488911	0.0162875	0.0257582	0.0972546	0.00539278	0.0134793
133	0.0542266	0.0157015	0.00935936	0.0111282	0.207061	0.0270235	0.00902651	0.0399402	0.0119941	0.105081	0.0253193	0.0170008	0.0125235	0.0140998	0.0211984	0.0405231	0.0228082	0.0437713	0.198727	0.113487
134	0.0405191	0.00985713	0.0126093	0.00737342	0.182984	0.0241914	0.0182655	0.0259263	0.0230577	0.0535548	0.0184468	0.0116842	0.00924611	0.0176844	0.0300663	0.034602	0.0208406	0.0287355	0.0433399	0.387016
135	0.027	0.000781871	0.00399103	0.00769587	0.002861	0.0175418	0.0183292	0.0106502	0.244384	0.0178733	0.0105206	0.0096399	0.00237667	0.0296279	0.544418	0.0172027	0.0183351	0.00454738	0.00465058	0.00757333
136	0.0861723	0.00639674	0.023135	0.0139615	0.018081	0.0323088	0.0269099	0.0362175	0.033588	0.0629861	0.0209918	0.0260736	0.19764	0.0295891	0.125075	0.088902	0.0597328	0.0891194	0.00995132	0.0131678
137	0.0510196	0.0138068	0.00379362	0.00314644	0.125611	0.0183175	0.0045323	0.102873	0.00706592	0.34303	0.102853	0.00362139	0.0116793	0.00559982	0.018542	0.0223314	0.0199603	0.102633	0.0177867	0.0217965
138	0.0401837	0.0109149	0.0109132	0.00849186	0.167917	0.0306497	0.0154899	0.0285031	0.0252239	0.0544817	0.0201428	0.011981	0.0144625	0.0195572	0.0300473	0.0373677	0.026081	0.0299803	0.0388488	0.378762
139	0.0342154	0.00104619	0.0242673	0.0407856	0.00149521	0.0502149	0.0131012	0.00586382	0.205668	0.00328255	0.0101661	0.187544	0.00281476	0.0580816	0.177213	0.121193	0.0410272	0.00994753	0.00526452	0.00680844
140	0.236132	0.0345898	0.00774119	0.0137967	0.0363798	0.0613667	0.00672471	0.0974627	0.00873316	0.0795356	0.0231589	0.012008	0.018282	0.00772595	0.0119476	0.0722787	0.0508429	0.205833	0.00722655	0.00823438
141	0.280625	0.0651278	0.0028045	0.00311532	0.0532739	0.0685319	0.00332551	0.0145897	0.00442258	0.0376324	0.0569728	0.00646772	0.0029969	0.00345249	0.003333	0.213008	0.102772	0.0521019	0.0132165	0.0122302
142	0.0258213	0.000859996	0.00525793	0.00882056	0.0017439	0.0187373	0.0110759	0.00950449	0.249018	0.0195113	0.0101141	0.020492	0.00247204	0.0266955	0.537517	0.0225763	0.0152925	0.00491532	0.00520157	0.00437234
143	0.0313841	0.00128367	0.0307472	0.0426171	0.00176575	0.0534595	0.0119456	0.00228257	0.188192	0.00298974	0.00173871	0.248129	0.00181649	0.030086	0.122783	0.151952	0.0516128	0.0101005	0.0071843	0.00792984
144	0.0455271	0.000977774	0.429868	0.297889	0.00166205	0.0307929	0.00457118	0.0037194	0.0228242	0.00502093	0.00179976	0.0529118	0.0104252	0.0198473	0.00898781	0.0227399	0.0140628	0.0189184	0.00104934	0.00640471
145	0.147942	0.018894	0.0265795	0.0160297	0.0205794	0.0931801	0.00679301	0.0147826	0.0188364	0.0275808	0.0182622	0.0356314	0.0239888	0.0113938	0.0244455	0.341793	0.101024	0.0343417	0.00611279	0.0118094
146	0.322467	0.0400231	0.00319292	0.00448038	0.0168113	0.15144	0.00265385	0.0478847	0.00389597	0.106968	0.0137824	0.0068296	0.00515043	0.00353895	0.00503006	0.0845719	0.0436247	0.130808	0.00298349	0.00386401
147	0.0405936	0.0132209	0.00133918	0.00138865	0.248288	0.0116389	0.00127224	0.0356162	0.00168915	0.420452	0.119247	0.00185542	0.00166102	0.0015649	0.00211931	0.00842466	0.00546613	0.0780465	0.00290184	0.00321341
148	0.0299583	0.00126209	0.0271396	0.0422904	0.00162769	0.052638	0.00990845	0.00266233	0.201506	0.00261398	0.00294427	0.23327	0.00181542	0.0343327	0.14269	0.14586	0.0443694	0.00932329	0.00654262	0.00724546
149	0.0278064	0.00580836	0.00817376	0.00391457	0.229213	0.0196628	0.0105155	0.0168416	0.0161178	0.0436422	0.0140561	0.00688482	0.00364978	0.0140881	0.0187472	0.0283975	0.0154624	0.0205425	0.052963	0.443512
150	0.329674	0.0378993	0.00290121	0.00317331	0.011654	0.183118	0.0025216	0.0494175	0.00305734	0.0951919	0.0105111	0.00397479	0.00269637	0.00273878	0.00350737	0.104245	0.0473157	0.101057	0.002737	0.00260855
151	0.109315	0.00674199	0.0148971	0.0153995	0.0174777	0.0572845	0.019996	0.0289069	0.0221611	0.160858	0.0329648	0.0165543	0.0260927	0.0731166	0.107276	0.0372148	0.094967	0.0524042	0.0980992	0.00827256
152	0.0367263	0.0196259	0.00423552	0.00381211	0.283286	0.0163128	0.00482564	0.0779734	0.00555789	0.182745	0.0406275	0.00818962	0.0057269	0.00899802	0.0124632	0.0244325	0.0139133	0.0804152	0.0663403	0.103792
153	0.0360564	0.0189666	0.00174734	0.00178583	0.251189	0.0134454	0.00237131	0.082542	0.00234237	0.325351	0.0789378	0.00271338	0.00367822	0.00342953	0.00505035	0.0126422	0.00985007	0.107027	0.0170341	0.0238402
154	0.0413734	0.0189672	0.00103256	0.000821271	0.135576	0.0201374	0.000979273	0.0816473	0.0010663	0.412167	0.14896	0.00106321	0.00148087	0.00118196	0.00149439	0.0104291	0.00698133	0.108144	0.00283092	0.00366682
155	0.0845528	0.0893001	0.00346384	0.00328081	0.160627	0.0394683	0.0180248	0.00866003	0.00370363	0.182386	0.00633013	0.00433319	0.0034047	0.00419728	0.00432147	0.115126	0.0996968	0.147334	0.0187784	0.00301103
156	0.0243059	0.0120089	0.00566242	0.00348993	0.264267	0.0156871	0.0073234	0.0300063	0.0129041	0.076355	0.0162673	0.00722933	0.00331397	0.0117977	0.0177159	0.021918	0.0108309	0.0284876	0.0844224	0.346007
157	0.0574134	0.0194402	0.00117242	0.00116136	0.124944	0.0296103	0.00104125	0.0781288	0.00133746	0.382769	0.146102	0.00123526	0.00135286	0.00146456	0.0012875	0.0162207	0.00792044	0.122589	0.00205866	0.00275095
158	0.0439411	0.00492092	0.0012962	0.00121915	0.148491	0.0149844	0.000688136	0.283347	0.00435166	0.153731	0.0207962	0.00152492	0.0125714	0.00110902	0.00126101	0.0156762	0.00589298	0.277272	0.00535055	0.0015746
159	0.0725769	0.00744038	0.031584	0.030995	0.0170491	0.0258167	0.213246	0.0149148	0.0588024	0.0306221	0.0226278	0.0768363	0.0650289	0.0525134	0.0870666	0.0552312	0.051978	0.0450734	0.0065028	0.0340945
160	0.0335853	0.00860219	0.00110484	0.00160787	0.0705407	0.0141449	0.00108266	0.353074	0.00186786	0.162488	0.0418686	0.00197322	0.00570048	0.00141119	0.00164945	0.00898793	0.0158581	0.264312	0.00496633	0.00517399
161	0.383598	0.049342	0.00273684	0.00218989	0.00438069	0.225327	0.001923	0.0514193	0.00249074	0.10828	0.00309771	0.00328896	0.00236447	0.0027008	0.00313327	0.0420053	0.00735061	0.0998384	0.00204513	0.00248787
162	0.0446728	0.0191974	0.00327549	0.0027553	0.208547	0.0177476	0.00296087	0.0755519	0.00345547	0.285591	0.0968522	0.00415057	0.00490643	0.00622057	0.00780408	0.0238783	0.0152533	0.0879357	0.0428646	0.0463791
163	0.108476	0.0632724	0.00360383	0.00873668	0.0433163	0.0201626	0.00303301	0.153076	0.00325934	0.0560313	0.0121361	0.00660893	0.00902859	0.00426989	0.00407936	0.0293948	0.0612911	0.401635	0.00263172	0.00595778
164	0.0457481	0.0136325	0.000819335	0.00290261	0.0513082	0.017251	0.000515516	0.361347	0.00122777	0.114211	0.0275035	0.00217277	0.00428964	0.000658632	0.000727815	0.00584535	0.0163071	0.329965	0.00181357	0.0017537
165	0.00721986	0.0357586	0.00166312	0.00194824	0.310479	0.0107747	0.00174868	0.0945462	0.00184195	0.175233	0.0183685	0.00637384	0.00184847	0.00981601	0.0140465	0.00759013	0.00350519	0.0619626	0.0913528	0.143922
166	0.385151	0.0555788	0.00263632	0.00408866	0.0310803	0.066338	0.0024434	0.0106791	0.0046886	0.0197709	0.0454699	0.00693365	0.00342535	0.00362147	0.00367667	0.228229	0.0672897	0.0336159	0.0125677	0.0127153
167	0.269189	0.0222476	0.00247794	0.00245423	0.0316509	0.0350648	0.00222544	0.0297657	0.00519386	0.0763809	0.0341251	0.00261626	0.00317536	0.00213389	0.00288672	0.244873	0.168373	0.0584243	0.00363611	0.00310569
168	0.0380208	0.00911466	0.00104377	0.00231732	0.0608965	0.0145291	0.000511265	0.385212	0.00172944	0.116307	0.0264502	0.00261845	0.00592314	0.000884277	0.000932918	0.00677243	0.0136326	0.309131	0.00257859	0.00139408
169	0.341762	0.0235322	0.00649384	0.00687971	0.0159011	0.0959994	0.00257602	0.00775143	0.00521183	0.0130283	0.0220386	0.00971412	0.00811108	0.00487975	0.00779832	0.342655	0.0540668	0.0173348	0.00654619	0.00771952
170	0.0699408	0.00973184	0.00485397	0.0073528	0.0708154	0.016333	0.00612914	0.228625	0.00820164	0.104764	0.0286144	0.00956353	0.0671532	0.00772366	0.0124499	0.0318392	0.0327656	0.268884	0.00611661	0.00814248
171	0.155162	0.00435618	0.0169219	0.0067834	0.00831931	0.029171	0.0320075	0.0108936	0.0178991	0.0116807	0.00581767	0.0224553	0.276108	0.0215185	0.0373429	0.205297	0.0911478	0.0254709	0.0080142	0.0136328
172	0.0425062	0.002638	0.00149935	0.00150919	0.141815	0.01023	0.00069202	0.321395	0.00514356	0.101263	0.011121	0.00179743	0.0153428	0.000993177	0.00120953	0.0169826	0.00716243	0.310314	0.00545184	0.000934261
173	0.0446736	0.00305931	0.00160211	0.00159532	0.141103	0.0102575	0.000714542	0.318557	0.00510194	0.0971586	0.0103264	0.00187364	0.0171885	0.00107353	0.0013514	0.0178985	0.00834922	0.311704	0.00538149	0.00103081
174	0.0393405	0.00849033	0.00700212	0.00449041	0.243682	0.0181324	0.0129516	0.0204011	0.0203721	0.0537101	0.0149958	0.0074301	0.00439812	0.0121534	0.0247504	0.0249335	0.0148433	0.0230663	0.0663608	0.378496
175	0.0411131	0.0013433	0.0254823	0.0542386	0.00389596	0.0202209	0.111727	0.0113425	0.15173	0.0143363	0.0354214	0.0535994	0.00669581	0.129847	0.215891	0.0401599	0.0264752	0.0260296	0.00267219	0.0277791
176	0.0650056	0.00849196	0.023336	0.0329522	0.0216789	0.153522	0.0189278	0.0250186	0.0726421	0.0445893	0.023379	0.0481566	0.0256696	0.0940013	0.0891579	0.0743433	0.0962663	0.0462314	0.0143163	0.0223137
177	0.049977	0.00333655	0.0113995	0.0239825	0.00951757	0.0345425	0.0192979	0.0223681	0.151986	0.062658	0.0220058	0.0476173	0.0464165	0.0891372	0.212942	0.0467394	0.0738499	0.0297909	0.0334418	0.00899345
178	0.260573	0.0272636	0.00398833	0.00438796	0.0274137	0.0489955	0.00295635	0.0245966	0.00596403	0.0550596	0.0452521	0.0059752	0.00959186	0.00450407	0.00666317	0.269941	0.139188	0.0442962	0.00640155	0.00698894
179	0.0316064	0.025538	0.0012548	0.00105634	0.169489	0.0155083	0.00123491	0.0806399	0.00108586	0.393046	0.124824	0.00193139	0.00155099	0.00233186	0.00351425	0.0084916	0.00564719	0.0919533	0.0148904	0.0244049
180	0.537958	0.00436971	0.0159949	0.0261537	0.00729447	0.0217969	0.00406264	0.0137479	0.0115112	0.0084511	0.0062606	0.0209788	0.0313767	0.0111946	0.0307602	0.101977	0.123989	0.0151695	0.00269329	0.00425995
181	0.14169	0.0234366	0.0373184	0.0353242	0.0249752	0.207757	0.0145364	0.0410802	0.0297513	0.0646295	0.0242983	0.0356284	0.0265064	0.022676	0.0335757	0.0942181	0.0438443	0.0682736	0.0119254	0.018555
182	0.0373978	0.00688766	0.00106129	0.00122365	0.130193	0.0139632	0.000712111	0.313027	0.00350284	0.145531	0.0261794	0.0017829	0.0101228	0.00123424	0.00155079	0.0124948	0.00796604	0.27365	0.0065324	0.00498685
183	0.0354162	0.0155881	0.00334808	0.00268489	0.115389	0.0118695	0.0043364	0.142056	0.0025265	0.34988	0.100282	0.0020467	0.0116127	0.0054905	0.00755113	0.0144203	0.0130677	0.107583	0.0251024	0.0297478
184	0.219786	0.0024377	0.0132827	0.00898789	0.00514022	0.0262254	0.0102971	0.0074351	0.016263	0.0069432	0.00331649	0.0258865	0.238207	0.0297088	0.0302246	0.220174	0.089433	0.0288982	0.00859857	0.00875447
185	0.447848	0.0116133	0.0125774	0.0223482	0.0120885	0.0355074	0.00190696	0.0161144	0.00991205	0.0207758	0.0159206	0.0171112	0.0121921	0.00806261	0.0251082	0.192942	0.108225	0.0229276	0.00337613	0.00344279
186	0.0315213	0.00850586	0.000748822	0.000987959	0.0629681	0.0168171	0.000507687	0.377118	0.00123195	0.153631	0.0407236	0.00157788	0.00311875	0.000753063	0.000802827	0.0059093	0.0114763	0.277641	0.00259632	0.00136352
187	0.0465973	0.00344563	0.338535	0.143221	0.0034179	0.110361	0.00643401	0.00388978	0.0228138	0.0190385	0.00442407	0.0811297	0.0137503	0.0333777	0.0157859	0.0909939	0.0164524	0.0166664	0.00235137	0.0273145
188	0.0828996	0.019289	0.00256936	0.0105475	0.0426633	0.014409	0.00230739	0.207316	0.00256679	0.16344	0.0425188	0.00590536	0.0120733	0.00288029	0.00288144	0.0138541	0.0313598	0.329695	0.00366828	0.00715468
189	0.0375876	0.00965095	0.00136673	0.00117852	0.0907524	0.0185114	0.00146716	0.245209	0.00156839	0.272334	0.0920286	0.00114242	0.00524336	0.00172984	0.00153044	0.0100389	0.0112437	0.189568	0.00403366	0.00381516
190	0.028977	0.00673981	0.0740294	0.0351576	0.00595935	0.125926	0.00404514	0.00687877	0.00746468	0.00968941	0.00528575	0.0591665	0.00651422	0.00704689	0.0315756	0.494279	0.0711135	0.0113588	0.00308653	0.00570644
191	0.0312532	0.00121195	0.0375686	0.0464572	0.00166053	0.0557141	0.0116896	0.00217889	0.187796	0.00340182	0.00146528	0.243391	0.00152934	0.0304196	0.121274	0.149307	0.046462	0.0102572	0.00777421	0.00918791
192	0.0352917	0.00298155	0.0678075	0.0265193	0.00326689	0.0446632	0.049206	0.00342859	0.114083	0.00567057	0.00453766	0.297346	0.00480964	0.0444674	0.0586982	0.157791	0.0523939	0.0137267	0.0047443	0.00856725
193	0.162583	0.00643602	0.00426784	0.0293342	0.00915612	0.0348779	0.00234922	0.105834	0.0137639	0.122251	0.029454	0.0345983	0.0117835	0.00720246	0.0036498	0.026831	0.0521062	0.338725	0.0019267	0.00287014
